maxent_outputs/white_flowers_troch_bombus_environ/white_157.asc
ncols         426
nrows         180
xllcorner     -130.0
yllcorner     24.0
cellsize      0.16666666666666666
NODATA_value  -9999
[rows 27 to 53 of 180, columns 61 to 121 of 426]
6.37906E-1 6.26316E-1 7.02863E-1 7.19529E-1 6.52171E-1 6.59024E-1 7.48964E-1 7.31385E-1 6.86208E-1 7.59087E-1 7.31991E-1 7.48983E-1 7.53243E-1 7.04731E-1 7.40473E-1 7.28008E-1 7.48461E-1 7.25079E-1 7.07429E-1 7.33911E-1 6.98084E-1 7.12691E-1 7.08131E-1 6.40532E-1 6.39255E-1 6.41824E-1 5.71832E-1 6.2383E-1 6.38925E-1 6.73659E-1 6.81524E-1 6.85347E-1 6.62026E-1 6.37278E-1 5.95119E-1 5.3912E-1 5.02003E-1 4.81884E-1 4.77433E-1 4.71665E-1 4.67296E-1 4.69511E-1 4.64447E-1 4.55505E-1 4.39853E-1 4.36938E-1 4.33883E-1 4.28124E-1 4.24668E-1 4.31809E-1 4.34809E-1 4.28562E-1 4.15547E-1 4.0301E-1 3.94615E-1 3.91956E-1 3.91725E-1 3.88943E-1 3.75949E-1 3.75288E-1 3.71407E-1
6.39194E-1 6.05129E-1 6.62393E-1 7.40624E-1 6.74473E-1 6.38375E-1 6.84607E-1 7.21132E-1 6.80807E-1 7.33471E-1 7.33575E-1 7.35096E-1 7.26852E-1 7.05834E-1 7.15937E-1 7.01201E-1 7.35759E-1 7.37447E-1 7.16835E-1 6.82051E-1 6.73848E-1 6.671E-1 6.77479E-1 6.39654E-1 6.69316E-1 6.4857E-1 6.31473E-1 5.63259E-1 6.18757E-1 6.56644E-1 6.97481E-1 6.74485E-1 6.85527E-1 6.91378E-1 6.81228E-1 6.09873E-1 5.41204E-1 5.11748E-1 4.92232E-1 4.81897E-1 4.78442E-1 4.73664E-1 4.64165E-1 4.45532E-1 4.30718E-1 4.27923E-1 4.29423E-1 4.23612E-1 4.16745E-1 4.22359E-1 4.27668E-1 4.19624E-1 4.12608E-1 4.07827E-1 4.01931E-1 3.94243E-1 3.76011E-1 3.64848E-1 3.52891E-1 3.43926E-1 3.49165E-1
6.779E-1 6.15015E-1 6.35127E-1 6.60174E-1 6.13945E-1 6.07114E-1 6.36737E-1 6.67136E-1 6.54652E-1 6.93402E-1 7.24758E-1 7.23029E-1 6.96593E-1 6.74044E-1 7.04357E-1 6.91133E-1 7.32878E-1 7.18413E-1 6.88839E-1 6.3965E-1 6.51769E-1 6.31503E-1 6.31841E-1 6.46937E-1 6.48585E-1 6.46728E-1 6.58088E-1 6.01557E-1 6.28918E-1 6.76597E-1 6.78497E-1 6.69477E-1 6.54086E-1 6.76774E-1 6.83719E-1 6.71221E-1 6.14676E-1 5.60493E-1 5.21246E-1 4.95035E-1 4.83384E-1 4.77011E-1 4.56406E-1 4.30801E-1 4.05802E-1 4.18238E-1 4.17489E-1 4.19436E-1 4.2337E-1 4.31812E-1 4.33166E-1 4.31138E-1 4.30663E-1 4.2506E-1 4.14588E-1 4.06537E-1 3.86969E-1 3.58628E-1 3.43038E-1 3.37384E-1 3.38658E-1
6.88981E-1 6.13907E-1 6.03017E-1 6.00729E-1 6.00836E-1 6.25565E-1 6.42434E-1 6.3125E-1 6.83981E-1 6.73629E-1 6.75384E-1 6.65677E-1 6.53901E-1 6.84872E-1 7.12068E-1 6.99009E-1 7.21447E-1 6.8989E-1 6.92996E-1 6.87734E-1 6.36692E-1 6.45111E-1 6.58497E-1 6.8431E-1 6.32427E-1 6.26607E-1 6.68682E-1 6.41316E-1 5.77261E-1 6.70598E-1 6.79033E-1 6.88063E-1 6.32557E-1 6.57259E-1 6.69046E-1 6.69657E-1 6.65839E-1 6.45827E-1 5.59372E-1 5.32488E-1 5.04648E-1 4.82183E-1 4.59723E-1 4.41899E-1 4.29391E-1 4.31035E-1 4.34487E-1 4.26731E-1 4.30366E-1 4.52121E-1 4.55112E-1 4.60428E-1 4.74595E-1 4.41412E-1 4.14625E-1 4.00208E-1 3.93539E-1 3.78948E-1 3.70512E-1 3.77592E-1 3.71704E-1
6.8321E-1 5.95918E-1 5.62649E-1 6.00451E-1 6.52824E-1 6.43975E-1 6.45444E-1 6.23525E-1 7.17009E-1 6.76252E-1 6.16792E-1 6.4894E-1 6.78206E-1 6.83488E-1 6.70683E-1 7.1018E-1 7.01809E-1 6.74992E-1 6.8834E-1 7.02434E-1 6.39286E-1 6.04047E-1 6.29119E-1 6.44346E-1 6.39118E-1 6.40619E-1 6.49692E-1 6.54465E-1 6.46173E-1 5.86531E-1 6.72215E-1 6.92234E-1 6.70272E-1 6.16521E-1 6.42001E-1 6.34065E-1 6.32561E-1 6.61407E-1 6.09796E-1 5.69279E-1 5.14368E-1 4.83792E-1 4.65626E-1 4.48063E-1 4.33945E-1 4.3041E-1 4.30972E-1 4.20879E-1 4.13964E-1 4.06887E-1 4.06893E-1 4.19455E-1 4.2336E-1 4.15998E-1 4.08962E-1 3.98144E-1 3.88527E-1 3.86296E-1 3.8299E-1 3.8814E-1 3.90589E-1
6.28259E-1 5.6779E-1 5.69594E-1 6.13461E-1 6.21448E-1 6.37415E-1 6.18217E-1 6.59942E-1 7.06281E-1 6.65407E-1 6.38952E-1 6.19964E-1 6.53016E-1 6.77781E-1 6.71393E-1 6.59401E-1 6.80391E-1 6.65387E-1 6.91252E-1 6.67289E-1 6.20151E-1 6.47461E-1 6.44486E-1 6.32088E-1 6.47473E-1 6.39335E-1 6.49738E-1 6.62149E-1 6.43256E-1 6.3638E-1 6.59847E-1 6.29791E-1 6.74156E-1 6.56359E-1 6.40354E-1 6.49519E-1 6.44805E-1 6.28514E-1 6.48691E-1 5.96516E-1 5.23599E-1 5.06593E-1 4.85671E-1 4.79591E-1 4.70048E-1 4.54268E-1 4.48218E-1 4.23504E-1 4.11962E-1 4.01207E-1 3.918E-1 3.93109E-1 3.91567E-1 3.9109E-1 3.98104E-1 3.95746E-1 3.90721E-1 3.85987E-1 3.87116E-1 3.86178E-1 3.93486E-1
6.23666E-1 5.46809E-1 5.65306E-1 6.21251E-1 6.48817E-1 6.50098E-1 6.17732E-1 6.54083E-1 6.74926E-1 6.31796E-1 6.4427E-1 6.13544E-1 6.30027E-1 6.7318E-1 6.68965E-1 6.44472E-1 6.68328E-1 6.35168E-1 6.73425E-1 6.64841E-1 6.18921E-1 6.57227E-1 6.64671E-1 6.33531E-1 6.53618E-1 6.08909E-1 6.35749E-1 6.41082E-1 6.38537E-1 6.43707E-1 6.45784E-1 6.39745E-1 6.0492E-1 6.09809E-1 6.2457E-1 6.54692E-1 6.29162E-1 6.14803E-1 6.24932E-1 6.17793E-1 5.60686E-1 5.24141E-1 4.98087E-1 4.81627E-1 4.67103E-1 4.51015E-1 4.44165E-1 4.27854E-1 4.16979E-1 4.1155E-1 4.00921E-1 3.9894E-1 3.86323E-1 3.75621E-1 3.7994E-1 3.84031E-1 3.84458E-1 3.86131E-1 3.82011E-1 3.86806E-1 4.24628E-1
5.32776E-1 5.36352E-1 5.61471E-1 5.86377E-1 6.18807E-1 6.01612E-1 6.19329E-1 6.47799E-1 6.59654E-1 6.07043E-1 6.30269E-1 6.39794E-1 5.79778E-1 6.56373E-1 6.53182E-1 6.04544E-1 6.42065E-1 6.28803E-1 6.49919E-1 6.47298E-1 6.62551E-1 6.64118E-1 6.59186E-1 6.52562E-1 6.79352E-1 6.38464E-1 6.3566E-1 6.33866E-1 6.30632E-1 6.17358E-1 6.35304E-1 6.52539E-1 5.89937E-1 5.63795E-1 6.39855E-1 6.59633E-1 6.42715E-1 6.3822E-1 6.28048E-1 6.39688E-1 6.33249E-1 5.84866E-1 5.25259E-1 4.99088E-1 4.82543E-1 4.61173E-1 4.47337E-1 4.35395E-1 4.19073E-1 4.14794E-1 4.09685E-1 3.99383E-1 3.97692E-1 3.83337E-1 3.79594E-1 3.77655E-1 3.73839E-1 3.73221E-1 3.67823E-1 4.0437E-1 4.59809E-1
5.17743E-1 5.30871E-1 5.20838E-1 5.28596E-1 5.37262E-1 5.52262E-1 6.22109E-1 6.31786E-1 6.33512E-1 6.04162E-1 6.36472E-1 6.25087E-1 5.85147E-1 6.14509E-1 6.05144E-1 6.01318E-1 6.18421E-1 6.42044E-1 6.30328E-1 6.52825E-1 6.84083E-1 6.82952E-1 6.50445E-1 6.54114E-1 6.54458E-1 6.65605E-1 6.41715E-1 6.26265E-1 6.32865E-1 6.26025E-1 6.21128E-1 6.36159E-1 6.43474E-1 6.21483E-1 6.24931E-1 6.5876E-1 6.38342E-1 6.37525E-1 6.2282E-1 6.10646E-1 6.11433E-1 6.18202E-1 5.86645E-1 5.20236E-1 4.85066E-1 4.60148E-1 4.4126E-1 4.34185E-1 4.24035E-1 4.16195E-1 4.1309E-1 4.22268E-1 4.15238E-1 4.11605E-1 4.06383E-1 4.0031E-1 3.89009E-1 3.77357E-1 3.76226E-1 4.00355E-1 4.37555E-1
5.07353E-1 5.00202E-1 4.93299E-1 5.14489E-1 5.57029E-1 5.58596E-1 5.80116E-1 5.92043E-1 6.13969E-1 5.96963E-1 6.08146E-1 5.98706E-1 6.02932E-1 5.99857E-1 5.83484E-1 6.0343E-1 6.68593E-1 6.54531E-1 6.10178E-1 6.65522E-1 6.83025E-1 6.70157E-1 6.64704E-1 6.72132E-1 6.4272E-1 6.49053E-1 6.5901E-1 6.45822E-1 6.24885E-1 6.50709E-1 6.36279E-1 6.06559E-1 6.44971E-1 6.39339E-1 6.59057E-1 6.87974E-1 6.6858E-1 6.37088E-1 6.24786E-1 6.10984E-1 6.21544E-1 6.07589E-1 6.18529E-1 5.22882E-1 4.93365E-1 4.85402E-1 4.65862E-1 4.59719E-1 4.55447E-1 4.49819E-1 4.41808E-1 4.35809E-1 4.22108E-1 4.11479E-1 4.09081E-1 4.08813E-1 4.00168E-1 3.93431E-1 4.0004E-1 3.92931E-1 3.91819E-1
5.01822E-1 4.94727E-1 4.91308E-1 5.29806E-1 5.30772E-1 5.28566E-1 5.34169E-1 5.44494E-1 5.46152E-1 5.56831E-1 5.72016E-1 5.76246E-1 5.81965E-1 5.90466E-1 5.98143E-1 6.01176E-1 6.22009E-1 6.19349E-1 6.29807E-1 6.79406E-1 6.78506E-1 6.72992E-1 6.64821E-1 6.56686E-1 6.69834E-1 6.31414E-1 6.36792E-1 6.82529E-1 6.33421E-1 6.41974E-1 6.40513E-1 5.58328E-1 5.99408E-1 6.06053E-1 6.42924E-1 6.9198E-1 6.59033E-1 6.55775E-1 6.34549E-1 6.22504E-1 6.49674E-1 5.88599E-1 6.30591E-1 5.22569E-1 4.90393E-1 4.88053E-1 4.77045E-1 4.71885E-1 4.61788E-1 4.47207E-1 4.46246E-1 4.54155E-1 4.42184E-1 4.35253E-1 4.3455E-1 4.29051E-1 4.26715E-1 4.11904E-1 3.98722E-1 4.06061E-1 3.97007E-1
4.97285E-1 5.01167E-1 5.10708E-1 5.15764E-1 5.07108E-1 5.13614E-1 5.27204E-1 5.2642E-1 5.29483E-1 5.41523E-1 5.53892E-1 5.70137E-1 5.81432E-1 5.90755E-1 6.05561E-1 6.20167E-1 6.48666E-1 6.64084E-1 6.71452E-1 6.74795E-1 6.63754E-1 6.60642E-1 6.6301E-1 6.52591E-1 6.80412E-1 6.5626E-1 6.17759E-1 6.40836E-1 6.5436E-1 6.27288E-1 6.4701E-1 5.46887E-1 5.43447E-1 5.56041E-1 5.92387E-1 6.92494E-1 6.23595E-1 6.65371E-1 6.46558E-1 6.02362E-1 6.40297E-1 6.24671E-1 6.05308E-1 5.11689E-1 4.85349E-1 4.91938E-1 4.81817E-1 4.89973E-1 4.81452E-1 4.61859E-1 4.51668E-1 4.59613E-1 4.45937E-1 4.46399E-1 4.51267E-1 4.52106E-1 4.38242E-1 4.1557E-1 4.04778E-1 4.04079E-1 4.10666E-1
5.0084E-1 5.01091E-1 5.00394E-1 5.03855E-1 5.00107E-1 5.07066E-1 5.12761E-1 5.22812E-1 5.27462E-1 5.39062E-1 5.48847E-1 5.5692E-1 5.78813E-1 6.01897E-1 6.12421E-1 6.15738E-1 6.18813E-1 6.33488E-1 6.53283E-1 6.61459E-1 6.85049E-1 6.71567E-1 6.73596E-1 6.54166E-1 6.49272E-1 6.51936E-1 6.33476E-1 6.43387E-1 6.51915E-1 6.27253E-1 6.31585E-1 5.63322E-1 5.62431E-1 5.27946E-1 5.52137E-1 6.82118E-1 6.28352E-1 6.5079E-1 6.62239E-1 6.31177E-1 6.25001E-1 6.36359E-1 6.19611E-1 5.39431E-1 4.95069E-1 4.8099E-1 4.67905E-1 4.67971E-1 4.60603E-1 4.55782E-1 4.64512E-1 4.6451E-1 4.60253E-1 4.5449E-1 4.5078E-1 4.90271E-1 4.51185E-1 4.29434E-1 4.22964E-1 4.19846E-1 4.15478E-1
5.30945E-1 5.12587E-1 4.73912E-1 5.04275E-1 5.07387E-1 5.13364E-1 5.16388E-1 5.22583E-1 5.26213E-1 5.30147E-1 5.43436E-1 5.54682E-1 5.80277E-1 6.00058E-1 6.10938E-1 6.20312E-1 6.33767E-1 6.44272E-1 6.64282E-1 6.51891E-1 6.48173E-1 6.44817E-1 6.42711E-1 6.34409E-1 6.34308E-1 6.41188E-1 6.65424E-1 6.66002E-1 6.35345E-1 6.28656E-1 6.72988E-1 6.45038E-1 6.42042E-1 5.82502E-1 5.77399E-1 6.61946E-1 6.65321E-1 5.97219E-1 6.43264E-1 6.32889E-1 6.23917E-1 5.98874E-1 6.12342E-1 6.10951E-1 5.50062E-1 4.91425E-1 4.79029E-1 5.04234E-1 4.77409E-1 4.67931E-1 4.70105E-1 4.86074E-1 4.85736E-1 4.75216E-1 4.64937E-1 4.61313E-1 4.45612E-1 4.38173E-1 4.3433E-1 4.23115E-1 4.17764E-1
5.29133E-1 5.17138E-1 5.29303E-1 5.4493E-1 5.49086E-1 5.26026E-1 5.23423E-1 5.25062E-1 5.31345E-1 5.37657E-1 5.3809E-1 5.5312E-1 5.72945E-1 5.96816E-1 6.17612E-1 6.23977E-1 6.36576E-1 6.63943E-1 6.76496E-1 6.6819E-1 6.50836E-1 6.49395E-1 6.69713E-1 6.75311E-1 6.50696E-1 6.51934E-1 6.52792E-1 6.78445E-1 6.90187E-1 6.6677E-1 5.96049E-1 6.26228E-1 5.96782E-1 6.16106E-1 6.13968E-1 6.71246E-1 6.56128E-1 5.97742E-1 5.7645E-1 5.48077E-1 5.49784E-1 5.54958E-1 6.11466E-1 5.76236E-1 5.67238E-1 5.49299E-1 4.93956E-1 4.98455E-1 5.32203E-1 5.18107E-1 5.01244E-1 5.05229E-1 5.35004E-1 5.24885E-1 5.0679E-1 5.2771E-1 4.96115E-1 4.6926E-1 4.58408E-1 4.51232E-1 4.28398E-1
5.32155E-1 5.24465E-1 5.44632E-1 5.36861E-1 5.53674E-1 5.3844E-1 5.33267E-1 5.3261E-1 5.3871E-1 5.38487E-1 5.43804E-1 5.51849E-1 5.70397E-1 5.90741E-1 6.13054E-1 6.29318E-1 6.4227E-1 6.59429E-1 6.75143E-1 6.76553E-1 6.50234E-1 6.52974E-1 6.55317E-1 6.29682E-1 6.39733E-1 6.61005E-1 6.49142E-1 6.69928E-1 6.53671E-1 6.90237E-1 6.13693E-1 6.16197E-1 6.15904E-1 5.85435E-1 5.42382E-1 6.00001E-1 6.14498E-1 5.5604E-1 5.66865E-1 6.04202E-1 5.06396E-1 5.0826E-1 5.75747E-1 5.71615E-1 5.6743E-1 5.25301E-1 5.01397E-1 5.075E-1 5.33054E-1 5.27502E-1 4.99184E-1 4.90249E-1 5.07202E-1 5.47403E-1 5.47455E-1 5.68936E-1 5.45087E-1 4.88428E-1 4.7484E-1 4.62149E-1 4.46618E-1
5.35223E-1 5.15895E-1 5.00647E-1 5.47362E-1 5.62639E-1 5.4782E-1 5.37596E-1 5.37289E-1 5.47329E-1 5.53829E-1 5.62415E-1 5.68469E-1 5.8465E-1 5.98088E-1 6.19171E-1 6.4117E-1 6.46682E-1 6.60371E-1 6.52892E-1 6.39838E-1 6.58008E-1 6.42214E-1 6.47262E-1 6.25197E-1 6.23783E-1 6.26478E-1 6.52996E-1 6.58089E-1 6.33671E-1 6.37722E-1 6.60601E-1 6.07866E-1 6.12488E-1 6.2673E-1 5.56005E-1 6.06971E-1 5.97919E-1 5.78113E-1 5.70844E-1 5.53784E-1 5.30805E-1 5.73029E-1 5.36269E-1 5.54702E-1 5.65955E-1 5.14228E-1 4.63025E-1 4.6101E-1 4.98004E-1 5.28361E-1 5.21384E-1 4.75517E-1 4.65252E-1 4.9718E-1 5.35271E-1 5.555E-1 5.32929E-1 5.37709E-1 5.22715E-1 4.81085E-1 4.52615E-1
4.96958E-1 4.69068E-1 4.87591E-1 5.62058E-1 5.62598E-1 5.44775E-1 5.44346E-1 5.6002E-1 5.69981E-1 5.65864E-1 5.74703E-1 5.90597E-1 5.95008E-1 6.07133E-1 6.25442E-1 6.36813E-1 6.53106E-1 6.56986E-1 6.46828E-1 6.50213E-1 6.61717E-1 6.81937E-1 6.63609E-1 6.43637E-1 6.34263E-1 6.47331E-1 6.36756E-1 6.66907E-1 6.57807E-1 6.49226E-1 6.1696E-1 5.96412E-1 6.40724E-1 6.71101E-1 5.5404E-1 5.64525E-1 6.30502E-1 6.25458E-1 5.95103E-1 4.90805E-1 4.9623E-1 4.95823E-1 5.14538E-1 4.97833E-1 5.17408E-1 5.37258E-1 4.96647E-1 4.54668E-1 4.72933E-1 4.76247E-1 5.30756E-1 5.32157E-1 4.64624E-1 4.75066E-1 5.03332E-1 4.96155E-1 4.96992E-1 4.94691E-1 4.81994E-1 4.671E-1 4.51492E-1
5.27431E-1 5.05975E-1 4.82431E-1 5.4827E-1 5.85981E-1 5.54834E-1 5.59689E-1 5.72906E-1 5.70885E-1 5.86411E-1 5.96131E-1 6.07126E-1 6.25838E-1 6.3649E-1 6.28673E-1 6.13925E-1 6.17572E-1 6.15738E-1 6.24487E-1 6.67024E-1 6.70653E-1 6.69939E-1 6.68995E-1 6.50567E-1 6.60377E-1 6.92731E-1 6.78084E-1 6.69079E-1 6.61662E-1 6.41607E-1 6.63389E-1 6.29286E-1 6.46268E-1 6.08381E-1 5.5134E-1 5.943E-1 6.26242E-1 6.07348E-1 5.71656E-1 5.62952E-1 6.51069E-1 5.81698E-1 4.70178E-1 5.36048E-1 5.95539E-1 6.10693E-1 5.20477E-1 5.40463E-1 5.60186E-1 4.66372E-1 4.68792E-1 5.49394E-1 5.24967E-1 4.85182E-1 5.39357E-1 5.06421E-1 4.97173E-1 4.8139E-1 4.67851E-1 4.6137E-1 4.51898E-1
5.50677E-1 5.46108E-1 5.50019E-1 5.69801E-1 5.74817E-1 5.94538E-1 5.84672E-1 5.73269E-1 5.79221E-1 5.96727E-1 6.2533E-1 6.56987E-1 6.87945E-1 6.99597E-1 6.91095E-1 6.41121E-1 6.24612E-1 6.32649E-1 6.90255E-1 6.78763E-1 6.65098E-1 6.69274E-1 6.71589E-1 6.82029E-1 7.00199E-1 6.89307E-1 6.76647E-1 6.79863E-1 6.648E-1 6.30514E-1 6.35842E-1 6.30409E-1 6.54409E-1 6.09881E-1 5.47391E-1 6.21903E-1 6.45438E-1 5.79336E-1 5.32701E-1 5.85629E-1 6.46882E-1 5.43285E-1 4.86402E-1 5.76355E-1 5.76825E-1 5.70839E-1 5.05511E-1 5.59739E-1 5.2171E-1 4.54261E-1 4.50495E-1 5.06508E-1 5.1605E-1 5.0003E-1 4.93483E-1 5.28862E-1 5.64778E-1 5.52987E-1 5.00978E-1 4.69895E-1 4.5739E-1
5.24582E-1 5.51094E-1 5.67078E-1 5.58699E-1 5.68052E-1 5.9608E-1 5.77256E-1 5.878E-1 5.90705E-1 6.20957E-1 6.71456E-1 7.01116E-1 6.97364E-1 7.01918E-1 6.99513E-1 6.76543E-1 6.45282E-1 6.4895E-1 6.85891E-1 6.52746E-1 6.60877E-1 6.27864E-1 6.47491E-1 6.74137E-1 7.18391E-1 7.1009E-1 6.99296E-1 6.68332E-1 6.58789E-1 6.33366E-1 6.10995E-1 6.28322E-1 6.51155E-1 6.0355E-1 5.7023E-1 5.92836E-1 6.40744E-1 6.16943E-1 6.27284E-1 6.62915E-1 6.21489E-1 5.32523E-1 5.05941E-1 5.26646E-1 5.68737E-1 5.97777E-1 5.292E-1 4.65698E-1 4.73829E-1 4.45149E-1 4.52664E-1 5.00868E-1 5.03221E-1 5.31022E-1 4.94708E-1 4.93652E-1 5.92692E-1 6.12619E-1 5.06193E-1 4.71201E-1 4.61073E-1
5.78072E-1 5.90678E-1 5.77669E-1 5.80346E-1 5.96789E-1 5.81301E-1 5.85337E-1 5.97919E-1 6.12228E-1 6.41655E-1 6.92886E-1 6.95401E-1 6.84505E-1 6.82532E-1 6.52616E-1 6.74066E-1 6.84564E-1 6.58334E-1 6.19775E-1 6.63014E-1 6.31571E-1 6.24087E-1 6.6579E-1 7.10421E-1 7.35706E-1 6.9411E-1 6.85051E-1 6.95408E-1 6.79776E-1 6.42881E-1 6.24031E-1 6.37053E-1 6.6413E-1 6.3343E-1 5.5409E-1 5.36536E-1 5.91165E-1 6.36203E-1 6.35615E-1 5.59664E-1 5.25101E-1 6.11305E-1 5.45999E-1 4.96801E-1 5.45214E-1 4.9691E-1 4.82143E-1 4.81055E-1 4.6927E-1 4.43688E-1 4.50701E-1 4.60603E-1 5.00243E-1 5.53548E-1 5.00319E-1 4.78329E-1 5.32199E-1 5.60876E-1 4.94263E-1 4.63E-1 4.55994E-1
5.56766E-1 5.65463E-1 5.77117E-1 5.81287E-1 5.7785E-1 5.78738E-1 5.85365E-1 5.95865E-1 6.25435E-1 6.60091E-1 6.73729E-1 6.52263E-1 6.47823E-1 6.4544E-1 6.72248E-1 6.70007E-1 6.27734E-1 6.60492E-1 6.24629E-1 6.24793E-1 6.71668E-1 6.24267E-1 7.35167E-1 7.46974E-1 7.32145E-1 6.89324E-1 6.58641E-1 6.49714E-1 6.47346E-1 6.5108E-1 6.28336E-1 6.40107E-1 6.21299E-1 5.99842E-1 6.14204E-1 5.85043E-1 6.03368E-1 5.15024E-1 4.6413E-1 5.76938E-1 6.07386E-1 5.71556E-1 5.2813E-1 5.49732E-1 5.8209E-1 4.84702E-1 5.40192E-1 5.05419E-1 4.68141E-1 4.64413E-1 4.64804E-1 4.50336E-1 4.64421E-1 5.38641E-1 5.52219E-1 4.78546E-1 4.82379E-1 4.91438E-1 4.86579E-1 4.80829E-1 4.62261E-1
5.51323E-1 5.60646E-1 5.76905E-1 5.6626E-1 5.84373E-1 5.80824E-1 5.97383E-1 6.37186E-1 6.46774E-1 6.63067E-1 6.57716E-1 6.07652E-1 6.19622E-1 6.27284E-1 5.99648E-1 5.99558E-1 5.76447E-1 6.08972E-1 6.77611E-1 6.98699E-1 6.88881E-1 6.76687E-1 7.15281E-1 6.97522E-1 6.84681E-1 6.59315E-1 6.41947E-1 6.2813E-1 6.30997E-1 6.51093E-1 6.40928E-1 6.37273E-1 6.30466E-1 6.03259E-1 6.07891E-1 5.61266E-1 5.85124E-1 4.86172E-1 4.79646E-1 6.22955E-1 6.04631E-1 6.47499E-1 5.05852E-1 4.99996E-1 4.76396E-1 4.92842E-1 6.47096E-1 6.09006E-1 5.03218E-1 5.12057E-1 5.03395E-1 4.94077E-1 5.24618E-1 5.77108E-1 5.51109E-1 5.06643E-1 5.97611E-1 5.53424E-1 5.47475E-1 5.51737E-1 4.87548E-1
5.7941E-1 5.94E-1 6.05947E-1 6.06663E-1 6.05256E-1 6.0838E-1 6.44066E-1 6.41481E-1 6.4572E-1 6.45626E-1 6.48613E-1 6.18271E-1 6.90697E-1 7.08782E-1 6.91905E-1 5.79036E-1 5.71935E-1 6.38606E-1 6.97704E-1 6.83789E-1 7.00328E-1 6.85726E-1 6.83013E-1 6.74246E-1 6.54455E-1 6.34984E-1 6.47352E-1 6.30768E-1 6.15644E-1 6.06857E-1 6.18283E-1 6.16574E-1 6.01998E-1 5.69204E-1 5.48028E-1 5.17559E-1 6.33557E-1 5.50696E-1 5.10825E-1 5.77923E-1 5.86503E-1 6.2335E-1 4.98115E-1 4.63418E-1 4.6296E-1 4.89638E-1 5.22792E-1 5.86445E-1 5.0163E-1 5.85697E-1 6.37918E-1 6.29991E-1 6.4259E-1 6.50655E-1 5.35215E-1 5.62153E-1 6.79865E-1 6.68789E-1 6.94685E-1 5.88855E-1 5.37481E-1
6.06202E-1 6.09592E-1 6.40814E-1 6.57733E-1 6.35985E-1 6.25987E-1 6.43185E-1 6.265E-1 6.11976E-1 6.32224E-1 6.40525E-1 6.11958E-1 6.69053E-1 7.011E-1 7.10171E-1 7.12042E-1 6.67388E-1 6.77346E-1 6.67174E-1 6.85743E-1 6.74243E-1 6.76935E-1 6.62464E-1 6.52332E-1 6.36104E-1 6.32675E-1 6.47458E-1 6.40888E-1 6.20704E-1 6.37548E-1 6.29884E-1 6.0655E-1 5.61009E-1 5.79438E-1 6.17679E-1 4.95598E-1 5.28766E-1 6.21204E-1 5.41208E-1 5.5968E-1 4.87867E-1 5.15347E-1 4.84568E-1 4.68235E-1 4.9359E-1 5.58935E-1 5.10148E-1 5.55985E-1 5.00301E-1 5.94571E-1 6.32276E-1 5.9625E-1 6.63759E-1 5.78597E-1 5.98328E-1 6.46912E-1 6.43369E-1 6.44421E-1 6.6178E-1 6.5306E-1 6.84281E-1
6.3466E-1 6.33668E-1 6.56572E-1 6.50844E-1 6.25949E-1 6.04812E-1 6.38036E-1 6.58804E-1 6.54338E-1 6.81246E-1 6.3323E-1 5.49167E-1 5.87305E-1 6.46093E-1 6.69121E-1 6.72364E-1 6.48363E-1 6.29004E-1 5.79509E-1 6.37223E-1 6.08995E-1 6.06231E-1 6.34657E-1 6.57378E-1 6.27057E-1 6.25583E-1 6.69892E-1 6.47905E-1 6.14002E-1 5.94826E-1 5.80695E-1 6.51936E-1 6.17889E-1 5.78478E-1 6.02798E-1 4.88067E-1 4.54224E-1 5.3531E-1 5.80629E-1 5.36986E-1 4.8207E-1 4.96461E-1 4.97194E-1 5.07291E-1 5.1692E-1 4.97936E-1 5.1199E-1 5.73825E-1 5.67404E-1 5.83121E-1 6.39469E-1 5.74767E-1 6.039E-1 6.10008E-1 5.92887E-1 6.09662E-1 5.88238E-1 6.0843E-1 5.93298E-1 6.33699E-1 6.62072E-1
