maxent_outputs/white_flowers_troch_bombus_environ/white_106.asc
ncols         426
nrows         180
xllcorner     -130.0
yllcorner     24.0
cellsize      0.16666666666666666
NODATA_value  -9999
[rows 27 to 53 of 180, columns 305 to 365 of 426]
2.21497E-1 2.19645E-1 2.20586E-1 2.28537E-1 2.2148E-1 2.26003E-1 2.28694E-1 2.27724E-1 2.30974E-1 2.3311E-1 2.33683E-1 2.26765E-1 2.19608E-1 2.22993E-1 2.25279E-1 2.32338E-1 2.44762E-1 2.37621E-1 2.25483E-1 2.26775E-1 2.23598E-1 2.20563E-1 2.28481E-1 2.32344E-1 2.16113E-1 2.25332E-1 2.31642E-1 2.12212E-1 2.20695E-1 2.26753E-1 2.15023E-1 2.07877E-1 2.10717E-1 2.09772E-1 2.14989E-1 2.02995E-1 2.13764E-1 2.16827E-1 2.24847E-1 2.24511E-1 2.24214E-1 2.36192E-1 2.42302E-1 2.43607E-1 2.37346E-1 2.31958E-1 2.38028E-1 2.49587E-1 2.35739E-1 2.45068E-1 2.31349E-1 2.43121E-1 2.45141E-1 2.41738E-1 2.57474E-1 2.75902E-1 2.6707E-1 2.7716E-1 2.57919E-1 2.68351E-1 2.92584E-1
2.25421E-1 2.23804E-1 2.21113E-1 2.20604E-1 2.1866E-1 2.23841E-1 2.26333E-1 2.26996E-1 2.22992E-1 2.289E-1 2.3729E-1 2.36002E-1 2.30456E-1 2.23382E-1 2.25231E-1 2.25584E-1 2.31913E-1 2.20881E-1 2.16938E-1 2.16586E-1 2.09974E-1 2.15641E-1 2.21533E-1 2.19694E-1 2.1248E-1 2.28651E-1 2.20441E-1 2.16019E-1 2.16769E-1 2.19817E-1 2.19963E-1 2.12353E-1 2.17953E-1 2.11625E-1 2.11059E-1 2.12169E-1 2.14315E-1 2.20216E-1 2.27037E-1 2.35028E-1 2.32685E-1 2.41177E-1 2.48479E-1 2.50131E-1 2.42696E-1 2.3014E-1 2.42866E-1 2.59046E-1 2.42974E-1 2.35462E-1 2.29771E-1 2.32313E-1 2.42336E-1 2.39596E-1 2.58714E-1 2.71899E-1 2.66163E-1 2.76703E-1 3.01502E-1 3.42665E-1 3.43757E-1
2.40468E-1 2.36643E-1 2.26283E-1 2.22597E-1 2.23818E-1 2.34011E-1 2.35112E-1 2.32112E-1 2.32599E-1 2.41835E-1 2.43686E-1 2.478E-1 2.52459E-1 2.56717E-1 2.28176E-1 2.23958E-1 2.14505E-1 2.15334E-1 2.11802E-1 2.11006E-1 2.09386E-1 2.10457E-1 2.12746E-1 2.15801E-1 2.12113E-1 2.12771E-1 2.21495E-1 2.16013E-1 2.13281E-1 2.1068E-1 2.1289E-1 2.11732E-1 2.17443E-1 2.18497E-1 2.16124E-1 2.17497E-1 2.28119E-1 2.31468E-1 2.35857E-1 2.44634E-1 2.46889E-1 2.47853E-1 2.5635E-1 2.59259E-1 2.61945E-1 2.59228E-1 2.5476E-1 2.71901E-1 2.72301E-1 2.48309E-1 2.39404E-1 2.33208E-1 2.42037E-1 2.51308E-1 2.55382E-1 2.66385E-1 2.81164E-1 2.92449E-1 3.04874E-1 3.58106E-1 4.0746E-1
2.35497E-1 2.38368E-1 2.23833E-1 2.42257E-1 2.41417E-1 2.25256E-1 2.33846E-1 2.35951E-1 2.34678E-1 2.48657E-1 2.48003E-1 2.46697E-1 2.49559E-1 2.37039E-1 2.25955E-1 2.2154E-1 2.18063E-1 2.21211E-1 2.10434E-1 2.17886E-1 2.19615E-1 2.2189E-1 2.19188E-1 2.14987E-1 2.14211E-1 2.15171E-1 2.18201E-1 2.16139E-1 2.1975E-1 2.12915E-1 2.12862E-1 2.11298E-1 2.10905E-1 2.08377E-1 2.12936E-1 2.19314E-1 2.27449E-1 2.42982E-1 2.467E-1 2.48858E-1 2.48301E-1 2.57051E-1 2.565E-1 2.65963E-1 2.72061E-1 2.79174E-1 2.89335E-1 2.73337E-1 2.70944E-1 2.37114E-1 2.4063E-1 2.34731E-1 2.63369E-1 2.53388E-1 2.68718E-1 2.7363E-1 2.98435E-1 3.24673E-1 3.80579E-1 4.09184E-1 4.72032E-1
2.436E-1 2.56572E-1 2.30875E-1 2.31828E-1 2.33896E-1 2.34197E-1 2.47987E-1 2.49488E-1 2.48601E-1 2.4583E-1 2.48021E-1 2.46285E-1 2.60105E-1 2.70796E-1 2.33348E-1 2.21506E-1 2.19962E-1 2.19271E-1 2.21124E-1 2.21727E-1 2.35577E-1 2.27739E-1 2.23632E-1 2.31753E-1 2.3373E-1 2.31714E-1 2.44034E-1 2.50626E-1 2.24018E-1 2.2442E-1 2.10917E-1 2.13146E-1 2.08674E-1 2.01149E-1 2.09563E-1 2.10719E-1 2.26364E-1 2.46128E-1 2.68647E-1 2.73116E-1 2.69248E-1 2.99282E-1 3.14488E-1 3.0045E-1 2.96906E-1 2.84104E-1 2.98258E-1 2.96987E-1 2.92198E-1 2.56629E-1 2.47463E-1 2.43227E-1 2.48758E-1 2.45665E-1 2.74335E-1 3.01398E-1 3.44553E-1 3.9031E-1 4.31595E-1 4.70562E-1 5.08046E-1
2.61192E-1 2.72486E-1 2.77042E-1 2.64508E-1 2.46835E-1 2.4526E-1 2.50182E-1 2.34065E-1 2.41097E-1 2.5858E-1 2.44949E-1 2.51188E-1 2.88115E-1 2.49544E-1 2.32361E-1 2.39546E-1 2.3847E-1 2.27332E-1 2.31413E-1 2.43572E-1 2.45906E-1 2.39498E-1 2.27662E-1 2.51797E-1 2.6398E-1 2.64838E-1 2.75811E-1 2.7376E-1 2.55548E-1 2.31166E-1 2.32985E-1 2.21656E-1 2.15748E-1 2.03379E-1 2.06531E-1 2.10411E-1 2.11557E-1 2.39432E-1 2.5573E-1 2.81218E-1 3.02077E-1 3.75919E-1 4.50148E-1 4.46328E-1 3.67972E-1 3.23174E-1 3.24534E-1 3.10041E-1 3.28779E-1 3.32811E-1 2.99503E-1 2.72378E-1 2.64381E-1 2.69157E-1 3.08539E-1 3.47385E-1 3.67504E-1 4.23437E-1 4.9321E-1 5.18557E-1 5.38271E-1
2.91497E-1 2.82686E-1 2.88014E-1 3.00497E-1 3.06825E-1 3.06313E-1 2.95447E-1 2.70346E-1 2.68326E-1 2.57647E-1 2.63856E-1 2.86612E-1 2.90884E-1 2.57289E-1 2.44882E-1 2.52333E-1 2.47973E-1 2.3135E-1 2.23143E-1 2.25969E-1 2.28085E-1 2.4289E-1 2.55969E-1 2.70861E-1 2.79942E-1 2.45073E-1 2.52564E-1 2.65289E-1 2.56271E-1 2.62007E-1 2.52872E-1 2.31704E-1 2.27884E-1 2.17467E-1 2.09147E-1 2.17228E-1 2.24977E-1 2.43285E-1 2.55031E-1 2.61472E-1 2.85839E-1 3.19222E-1 3.59834E-1 3.87405E-1 3.47015E-1 3.52474E-1 3.69179E-1 3.76401E-1 3.8049E-1 4.07073E-1 4.17655E-1 3.91834E-1 3.75403E-1 3.43551E-1 3.53338E-1 3.98851E-1 4.26927E-1 4.72564E-1 5.32744E-1 5.37214E-1 -9999
3.04131E-1 3.04891E-1 3.09689E-1 3.22918E-1 3.39952E-1 3.34083E-1 3.29692E-1 2.93619E-1 2.91633E-1 2.9298E-1 3.18989E-1 3.06826E-1 2.77932E-1 2.59351E-1 2.52206E-1 2.38368E-1 2.39665E-1 2.36005E-1 2.42488E-1 2.32486E-1 2.44916E-1 2.47921E-1 2.49507E-1 2.63382E-1 2.64885E-1 2.43716E-1 2.40587E-1 2.5083E-1 2.45588E-1 2.43227E-1 2.44242E-1 2.36964E-1 2.27595E-1 2.20793E-1 2.22489E-1 2.27572E-1 2.42822E-1 2.82264E-1 2.76295E-1 2.77311E-1 2.86655E-1 3.1505E-1 3.16549E-1 3.31918E-1 3.3054E-1 3.43387E-1 3.61854E-1 3.74815E-1 3.81777E-1 3.88518E-1 3.82323E-1 3.77741E-1 3.80378E-1 4.29932E-1 4.75463E-1 5.11476E-1 4.84607E-1 5.23517E-1 5.25901E-1 -9999 6.00267E-1
3.11305E-1 3.23446E-1 3.10841E-1 3.03885E-1 3.0379E-1 3.08352E-1 3.27582E-1 3.47344E-1 3.167E-1 2.93631E-1 3.11482E-1 3.30934E-1 3.1997E-1 2.8906E-1 2.72648E-1 2.6322E-1 2.47729E-1 2.49225E-1 2.54045E-1 2.6333E-1 2.61621E-1 2.55525E-1 2.66598E-1 2.7445E-1 2.48736E-1 2.48122E-1 2.63786E-1 2.6304E-1 2.55201E-1 2.44507E-1 2.47475E-1 2.56162E-1 2.45209E-1 2.39768E-1 2.47719E-1 2.56135E-1 2.73729E-1 2.89154E-1 2.95598E-1 2.89741E-1 2.96353E-1 3.02638E-1 3.0024E-1 3.31728E-1 3.34134E-1 3.33789E-1 3.41981E-1 3.44131E-1 3.65946E-1 3.77408E-1 3.78724E-1 3.68954E-1 3.53946E-1 3.79546E-1 4.39028E-1 4.97566E-1 5.50061E-1 6.30412E-1 6.2333E-1 5.5721E-1 5.23102E-1
3.34079E-1 3.30268E-1 3.35332E-1 3.34791E-1 3.2838E-1 3.15732E-1 3.31498E-1 3.13517E-1 3.13992E-1 3.01603E-1 3.04271E-1 3.25828E-1 3.27495E-1 3.19885E-1 2.98207E-1 2.95181E-1 2.8741E-1 2.86921E-1 2.77726E-1 2.7622E-1 2.73121E-1 2.71165E-1 2.82059E-1 2.81156E-1 2.70755E-1 2.66044E-1 2.79725E-1 2.7495E-1 2.76056E-1 2.61792E-1 2.61728E-1 2.58991E-1 2.59036E-1 2.68012E-1 2.79032E-1 2.76296E-1 2.99484E-1 3.10687E-1 3.30361E-1 3.33785E-1 3.32253E-1 3.35467E-1 3.26429E-1 3.35941E-1 3.49974E-1 3.31292E-1 3.27969E-1 3.37555E-1 3.28796E-1 3.33784E-1 3.42647E-1 3.44479E-1 3.74985E-1 3.69079E-1 4.30591E-1 5.13339E-1 5.9701E-1 5.95357E-1 5.4741E-1 4.98345E-1 4.6826E-1
3.45887E-1 3.51314E-1 3.51666E-1 3.35617E-1 3.26068E-1 3.31882E-1 3.4478E-1 3.42241E-1 3.22131E-1 3.25249E-1 3.43828E-1 3.34677E-1 3.2793E-1 3.1512E-1 2.94077E-1 2.97623E-1 3.03882E-1 3.00819E-1 2.94676E-1 2.86918E-1 2.95941E-1 2.88744E-1 2.96595E-1 2.95132E-1 2.9172E-1 2.92849E-1 2.94333E-1 2.85746E-1 2.87729E-1 2.832E-1 2.83445E-1 2.89715E-1 2.76108E-1 2.82117E-1 3.01665E-1 3.21782E-1 3.2322E-1 3.41699E-1 3.43094E-1 3.53448E-1 3.51711E-1 3.47228E-1 3.55734E-1 3.61985E-1 3.64739E-1 3.60673E-1 3.48254E-1 3.55703E-1 3.37652E-1 3.42484E-1 3.33296E-1 3.64521E-1 4.2725E-1 4.26335E-1 4.37879E-1 5.21141E-1 6.01266E-1 5.39062E-1 5.08296E-1 4.64606E-1 4.40429E-1
3.64738E-1 3.62282E-1 3.97262E-1 3.69368E-1 3.33926E-1 3.22414E-1 3.45261E-1 3.33817E-1 3.33664E-1 3.51436E-1 3.54403E-1 3.57233E-1 3.44377E-1 3.32224E-1 3.11178E-1 3.25586E-1 3.19234E-1 3.02002E-1 3.10316E-1 3.16864E-1 3.06604E-1 3.01403E-1 3.0897E-1 3.07698E-1 3.12469E-1 3.06554E-1 2.99936E-1 2.96859E-1 3.02886E-1 3.0418E-1 3.18578E-1 3.13297E-1 2.85627E-1 2.91302E-1 3.21321E-1 3.22759E-1 3.40069E-1 3.51556E-1 3.57644E-1 3.59804E-1 3.60895E-1 3.77231E-1 3.78116E-1 3.81743E-1 3.73963E-1 3.6512E-1 3.71423E-1 3.72243E-1 3.65324E-1 3.67619E-1 3.74453E-1 4.67387E-1 4.21353E-1 4.50678E-1 4.89311E-1 5.71239E-1 5.35726E-1 5.13448E-1 4.79486E-1 4.68279E-1 4.45766E-1
3.7186E-1 3.66174E-1 3.6153E-1 3.63012E-1 3.57444E-1 3.53725E-1 3.48482E-1 3.51248E-1 3.53535E-1 3.5616E-1 3.50267E-1 3.7266E-1 3.59509E-1 3.57031E-1 3.54184E-1 3.57968E-1 3.42956E-1 3.14164E-1 3.27028E-1 3.25992E-1 3.2881E-1 3.24257E-1 3.22955E-1 3.28302E-1 3.41718E-1 3.21046E-1 3.17578E-1 3.32352E-1 3.47319E-1 3.51438E-1 2.99333E-1 3.10027E-1 2.96964E-1 3.02012E-1 3.21838E-1 3.50729E-1 3.66615E-1 3.66245E-1 3.78971E-1 3.86873E-1 3.83865E-1 3.98894E-1 4.03143E-1 4.09893E-1 3.96446E-1 3.93271E-1 4.12011E-1 4.03298E-1 3.83623E-1 3.79119E-1 4.32095E-1 5.05867E-1 5.39863E-1 5.02597E-1 5.87202E-1 5.30421E-1 4.95214E-1 4.67423E-1 4.58722E-1 4.67534E-1 4.58782E-1
3.82155E-1 3.83748E-1 3.7076E-1 3.66256E-1 3.6493E-1 3.69992E-1 3.40869E-1 3.47682E-1 3.49851E-1 3.52029E-1 3.43637E-1 3.53404E-1 3.53304E-1 3.43067E-1 3.44239E-1 3.6734E-1 3.42366E-1 3.34794E-1 3.33472E-1 3.28801E-1 3.36403E-1 3.47675E-1 3.44915E-1 3.43923E-1 3.51977E-1 3.36165E-1 3.1894E-1 3.14289E-1 3.29512E-1 3.33263E-1 3.13591E-1 3.06524E-1 3.03098E-1 3.13998E-1 3.20322E-1 3.45531E-1 3.68896E-1 3.83293E-1 3.91312E-1 3.89766E-1 4.03415E-1 4.25496E-1 4.23953E-1 4.18294E-1 4.24738E-1 4.33608E-1 4.64168E-1 4.55932E-1 4.58159E-1 4.6766E-1 5.12969E-1 5.12747E-1 -9999 5.5645E-1 5.16821E-1 4.97233E-1 4.51603E-1 4.40328E-1 4.55407E-1 4.56391E-1 4.4835E-1
4.13324E-1 4.01538E-1 3.93354E-1 3.9832E-1 3.8789E-1 3.76331E-1 3.62502E-1 3.64888E-1 3.52479E-1 3.55458E-1 3.51004E-1 3.556E-1 3.57615E-1 3.52354E-1 3.53144E-1 3.52017E-1 3.57667E-1 3.53674E-1 3.51596E-1 3.70563E-1 3.91236E-1 3.66975E-1 3.91385E-1 3.73001E-1 3.66347E-1 3.47195E-1 3.26924E-1 3.21836E-1 3.18931E-1 3.22242E-1 3.29798E-1 3.34807E-1 3.3683E-1 3.32942E-1 3.41071E-1 3.64066E-1 3.82935E-1 4.15426E-1 4.18232E-1 4.2957E-1 4.24923E-1 4.46033E-1 4.51011E-1 4.70619E-1 4.8029E-1 5.11834E-1 5.35576E-1 5.23259E-1 5.40905E-1 5.61361E-1 5.55507E-1 6.3013E-1 5.70939E-1 5.13999E-1 4.77722E-1 4.70633E-1 4.41348E-1 4.34642E-1 4.48324E-1 4.42776E-1 4.43042E-1
4.34018E-1 4.32221E-1 4.14505E-1 3.98065E-1 3.831E-1 3.64073E-1 3.65595E-1 3.90891E-1 3.69455E-1 3.56882E-1 3.47952E-1 3.59737E-1 3.47638E-1 3.49582E-1 3.61089E-1 3.71539E-1 3.73158E-1 3.91332E-1 3.92046E-1 4.1042E-1 4.20965E-1 4.16633E-1 4.09105E-1 3.82677E-1 3.86666E-1 3.66184E-1 3.50975E-1 3.35144E-1 3.27342E-1 3.37827E-1 3.3658E-1 3.41392E-1 3.46523E-1 3.64191E-1 3.76965E-1 3.97404E-1 4.19806E-1 4.52606E-1 4.59052E-1 4.61751E-1 4.5458E-1 4.69701E-1 4.86685E-1 5.02894E-1 5.33271E-1 5.42766E-1 5.57984E-1 5.69817E-1 5.87238E-1 5.68493E-1 5.2548E-1 5.33995E-1 4.98371E-1 4.84744E-1 4.74499E-1 4.59939E-1 4.40373E-1 4.41757E-1 4.38421E-1 4.34066E-1 4.27427E-1
4.39303E-1 4.29572E-1 4.1293E-1 4.0762E-1 3.93026E-1 3.75223E-1 3.78809E-1 3.79782E-1 3.85648E-1 3.65489E-1 3.7441E-1 3.78869E-1 3.65004E-1 3.72142E-1 3.78185E-1 3.87225E-1 4.13312E-1 4.21709E-1 4.24197E-1 4.55399E-1 4.73426E-1 4.17342E-1 3.96565E-1 4.08057E-1 4.14836E-1 3.84733E-1 3.68776E-1 3.56013E-1 3.57349E-1 3.5786E-1 3.61162E-1 3.82555E-1 3.9154E-1 3.7611E-1 4.04459E-1 4.12095E-1 4.53128E-1 4.72021E-1 5.00293E-1 4.67434E-1 4.70196E-1 4.90112E-1 4.96682E-1 5.21016E-1 5.32233E-1 5.45303E-1 5.64983E-1 5.80863E-1 5.38733E-1 5.07587E-1 4.91767E-1 4.85082E-1 4.7481E-1 4.69533E-1 4.77201E-1 4.63537E-1 4.50036E-1 4.40915E-1 4.3753E-1 4.35428E-1 4.18724E-1
4.36458E-1 4.36504E-1 4.17399E-1 3.95758E-1 4.12098E-1 4.05709E-1 3.89879E-1 3.91718E-1 3.86107E-1 3.78935E-1 3.78812E-1 4.05495E-1 4.02375E-1 3.97735E-1 3.96442E-1 4.07724E-1 4.26557E-1 4.36501E-1 4.37933E-1 4.34613E-1 4.34182E-1 4.24756E-1 4.22581E-1 4.28949E-1 4.33065E-1 4.11578E-1 4.06143E-1 3.93934E-1 3.81953E-1 3.85303E-1 3.92064E-1 3.87368E-1 3.88043E-1 4.04435E-1 4.2391E-1 4.68949E-1 4.91185E-1 5.19389E-1 5.37884E-1 5.02293E-1 5.06102E-1 5.38271E-1 5.45427E-1 5.52594E-1 5.51838E-1 5.38957E-1 5.46883E-1 5.36291E-1 5.11721E-1 4.75973E-1 4.78051E-1 4.64163E-1 4.57061E-1 4.78307E-1 4.72519E-1 4.68525E-1 4.57897E-1 4.40276E-1 4.33069E-1 4.2687E-1 4.213E-1
4.12068E-1 4.33357E-1 4.40537E-1 4.1494E-1 4.12098E-1 3.94662E-1 3.90635E-1 4.06099E-1 4.12083E-1 3.94635E-1 4.04552E-1 4.18419E-1 4.34068E-1 4.23691E-1 4.13325E-1 4.24326E-1 4.47866E-1 4.459E-1 4.54374E-1 4.4797E-1 4.4953E-1 4.55066E-1 4.45863E-1 4.35465E-1 4.41435E-1 4.37614E-1 4.29205E-1 4.14474E-1 3.93139E-1 4.1075E-1 4.34342E-1 4.36198E-1 4.3009E-1 4.55882E-1 4.85152E-1 5.11463E-1 5.24899E-1 5.36486E-1 5.63184E-1 5.58736E-1 5.41902E-1 5.68396E-1 5.42501E-1 5.54808E-1 5.6054E-1 5.51232E-1 5.47175E-1 5.20546E-1 4.98462E-1 4.79708E-1 4.74977E-1 4.67872E-1 4.74087E-1 4.81495E-1 4.73404E-1 4.68564E-1 4.54654E-1 4.58236E-1 4.50561E-1 4.46432E-1 4.37044E-1
4.2404E-1 4.36856E-1 4.3464E-1 4.28747E-1 4.34109E-1 4.30869E-1 4.27735E-1 4.36863E-1 4.44067E-1 4.37415E-1 4.18715E-1 4.30219E-1 4.35645E-1 4.39746E-1 4.45798E-1 4.41333E-1 4.53125E-1 4.68027E-1 4.95132E-1 4.81416E-1 4.96905E-1 4.82889E-1 4.64804E-1 4.62608E-1 4.84237E-1 4.69773E-1 4.55813E-1 4.44224E-1 4.23953E-1 4.43187E-1 4.73665E-1 4.92987E-1 4.98611E-1 5.14384E-1 5.22447E-1 5.46487E-1 5.493E-1 5.54095E-1 5.86254E-1 5.69644E-1 5.55991E-1 5.43375E-1 5.53079E-1 5.62753E-1 5.57673E-1 5.6405E-1 5.5124E-1 5.21581E-1 5.00107E-1 4.86978E-1 4.75875E-1 4.70923E-1 4.66489E-1 4.59946E-1 4.57557E-1 4.58476E-1 4.53626E-1 4.72444E-1 4.69502E-1 4.69316E-1 4.62704E-1
4.28656E-1 4.46636E-1 4.4043E-1 4.33485E-1 4.34856E-1 4.19941E-1 4.25658E-1 4.37665E-1 4.50952E-1 4.59208E-1 4.65573E-1 4.54461E-1 4.50065E-1 4.58656E-1 4.65231E-1 4.61041E-1 4.67405E-1 4.8289E-1 4.95378E-1 5.17772E-1 5.24571E-1 4.87906E-1 4.75562E-1 4.82525E-1 5.12169E-1 4.96275E-1 4.94632E-1 4.75096E-1 4.52975E-1 4.79801E-1 5.019E-1 5.27696E-1 5.44286E-1 5.36059E-1 5.28993E-1 5.50466E-1 5.95086E-1 6.09131E-1 5.84393E-1 5.75034E-1 5.55886E-1 5.44471E-1 5.53473E-1 5.58327E-1 5.61485E-1 5.54258E-1 5.41357E-1 5.08027E-1 5.08147E-1 4.93878E-1 4.8048E-1 4.72288E-1 4.44585E-1 4.30397E-1 4.49646E-1 4.50622E-1 4.58802E-1 4.63637E-1 4.72062E-1 4.57429E-1 4.57931E-1
4.52869E-1 4.45997E-1 4.44455E-1 4.50158E-1 4.40079E-1 4.42957E-1 4.3973E-1 4.43445E-1 4.54309E-1 4.63282E-1 4.70134E-1 5.11809E-1 4.74783E-1 4.81469E-1 4.84368E-1 4.78275E-1 4.80248E-1 4.89973E-1 4.96974E-1 5.16612E-1 5.26303E-1 5.11799E-1 4.94589E-1 5.01332E-1 5.43599E-1 5.14066E-1 5.23875E-1 5.26713E-1 4.98577E-1 5.17163E-1 5.47782E-1 5.66822E-1 5.60188E-1 5.35663E-1 5.60887E-1 5.97227E-1 5.94032E-1 5.85513E-1 5.82566E-1 5.98389E-1 5.84533E-1 5.7208E-1 5.63047E-1 5.57851E-1 5.41877E-1 5.34219E-1 5.34149E-1 5.13271E-1 5.02589E-1 4.98102E-1 4.8358E-1 4.6239E-1 4.45279E-1 4.40182E-1 4.58444E-1 4.68416E-1 4.76617E-1 4.81173E-1 4.76325E-1 4.75341E-1 4.69022E-1
4.63319E-1 4.57525E-1 4.62056E-1 4.68241E-1 4.72865E-1 4.47236E-1 4.3867E-1 4.46971E-1 4.7097E-1 4.67025E-1 4.7995E-1 4.86703E-1 4.84414E-1 4.89529E-1 4.99271E-1 4.902E-1 4.84544E-1 5.01777E-1 5.11881E-1 5.21904E-1 5.30793E-1 5.41759E-1 5.33989E-1 5.48914E-1 5.36559E-1 5.6011E-1 5.74758E-1 5.55248E-1 5.58223E-1 5.70448E-1 5.80435E-1 5.67995E-1 5.74209E-1 5.92833E-1 6.14514E-1 6.05407E-1 6.11738E-1 6.06213E-1 6.01947E-1 5.99454E-1 5.8874E-1 5.79117E-1 5.71268E-1 5.48544E-1 5.38246E-1 5.3862E-1 5.35486E-1 5.21531E-1 5.12787E-1 5.08531E-1 4.96733E-1 4.72781E-1 4.59111E-1 4.52153E-1 4.59288E-1 4.80161E-1 5.27432E-1 4.97858E-1 4.75855E-1 4.91069E-1 5.24896E-1
4.97762E-1 4.90538E-1 4.89728E-1 4.83397E-1 4.67126E-1 4.55488E-1 4.51172E-1 4.61026E-1 4.70871E-1 4.8503E-1 4.98931E-1 4.97221E-1 5.02251E-1 4.8924E-1 4.94528E-1 5.09621E-1 4.96034E-1 5.07122E-1 5.34368E-1 5.50747E-1 5.50299E-1 5.49803E-1 5.5852E-1 5.68365E-1 5.76602E-1 5.60177E-1 5.56692E-1 5.69228E-1 5.76359E-1 5.92417E-1 5.86061E-1 6.16242E-1 6.3967E-1 6.5334E-1 6.47388E-1 6.33265E-1 6.27366E-1 6.2722E-1 6.25952E-1 6.19827E-1 5.98719E-1 5.84667E-1 5.74261E-1 5.43768E-1 5.36863E-1 5.45051E-1 5.40822E-1 5.34755E-1 5.31265E-1 5.13418E-1 4.93279E-1 4.84079E-1 4.75765E-1 4.668E-1 4.64821E-1 4.81356E-1 5.15136E-1 5.43741E-1 4.83914E-1 4.92552E-1 5.32151E-1
5.47952E-1 5.27192E-1 5.05778E-1 4.91464E-1 4.83861E-1 4.70384E-1 4.56019E-1 4.83471E-1 4.93888E-1 4.80485E-1 4.67455E-1 4.79124E-1 5.04161E-1 5.11216E-1 5.0743E-1 5.11359E-1 5.11989E-1 5.12263E-1 5.2547E-1 5.70531E-1 5.93394E-1 5.80212E-1 5.58778E-1 5.79218E-1 5.90196E-1 5.73556E-1 5.76109E-1 5.69145E-1 5.74339E-1 6.09804E-1 6.31126E-1 6.52635E-1 6.56703E-1 6.57666E-1 6.45823E-1 6.30687E-1 6.21805E-1 6.28926E-1 6.31977E-1 6.27506E-1 6.03693E-1 5.86761E-1 5.65716E-1 5.33453E-1 5.37855E-1 5.45506E-1 5.39066E-1 5.38384E-1 5.35805E-1 5.23576E-1 5.01923E-1 4.70809E-1 4.71377E-1 4.79966E-1 4.78128E-1 5.05955E-1 4.97964E-1 5.16624E-1 5.37874E-1 5.58986E-1 5.85676E-1
5.85186E-1 5.60433E-1 5.52763E-1 5.31253E-1 5.08069E-1 4.88902E-1 4.8072E-1 4.73447E-1 4.90116E-1 4.84461E-1 4.83531E-1 4.97953E-1 4.94642E-1 5.18093E-1 5.41516E-1 5.49088E-1 5.35848E-1 5.13859E-1 5.22666E-1 5.49961E-1 5.6676E-1 5.68139E-1 5.76818E-1 5.87574E-1 5.89495E-1 5.93567E-1 6.02872E-1 5.96018E-1 6.13292E-1 6.19578E-1 6.39129E-1 6.39853E-1 6.23777E-1 6.03893E-1 5.95096E-1 6.14767E-1 6.13428E-1 6.21877E-1 6.36618E-1 6.39213E-1 6.23639E-1 6.18181E-1 5.83157E-1 5.58204E-1 5.42602E-1 5.30959E-1 5.20978E-1 5.02534E-1 4.96376E-1 4.81097E-1 4.82482E-1 4.97663E-1 5.03635E-1 5.07492E-1 5.10862E-1 5.1373E-1 5.10234E-1 5.48122E-1 5.88689E-1 5.98519E-1 6.04693E-1
5.84281E-1 5.71104E-1 5.65469E-1 5.46183E-1 5.35365E-1 5.16756E-1 5.17357E-1 5.0636E-1 5.05178E-1 5.02145E-1 5.1098E-1 5.03235E-1 5.21334E-1 5.28614E-1 5.39415E-1 5.5431E-1 5.50472E-1 5.54619E-1 5.56124E-1 5.69747E-1 5.88862E-1 5.8923E-1 5.86703E-1 5.92074E-1 6.06458E-1 6.27111E-1 6.23303E-1 6.3746E-1 6.36853E-1 6.37585E-1 6.33727E-1 6.26504E-1 6.10329E-1 5.88179E-1 5.79111E-1 5.96291E-1 6.05439E-1 6.10918E-1 6.19691E-1 6.27997E-1 6.28554E-1 6.23369E-1 5.82382E-1 5.49561E-1 5.24685E-1 5.05528E-1 4.92935E-1 4.81654E-1 4.79349E-1 4.80865E-1 4.77685E-1 4.90369E-1 4.99231E-1 5.20977E-1 5.42571E-1 5.7353E-1 5.52591E-1 5.78915E-1 5.98459E-1 6.06602E-1 6.17525E-1
