maxent_outputs/white_flowers_troch_bombus_environ/white_193.asc
ncols         426
nrows         180
xllcorner     -130.0
yllcorner     24.0
cellsize      0.16666666666666666
NODATA_value  -9999
[rows 0 to 26 of 180, columns 122 to 182 of 426]
3.70682E-1 3.67232E-1 3.65444E-1 3.42205E-1 3.32264E-1 3.54123E-1 3.6657E-1 3.66196E-1 3.48507E-1 3.41314E-1 3.31353E-1 3.29703E-1 3.33316E-1 3.31301E-1 3.30422E-1 3.27476E-1 3.33624E-1 3.36331E-1 3.46559E-1 3.51885E-1 3.511E-1 3.39219E-1 3.28334E-1 3.23958E-1 3.13239E-1 3.13511E-1 3.13513E-1 3.11754E-1 3.09671E-1 3.08265E-1 3.07955E-1 3.09213E-1 3.08183E-1 3.05063E-1 3.04071E-1 3.04827E-1 3.05088E-1 3.04162E-1 3.08162E-1 3.08892E-1 3.14118E-1 3.14332E-1 3.14407E-1 3.14092E-1 3.17185E-1 3.19822E-1 3.19979E-1 3.21941E-1 3.23565E-1 3.23251E-1 3.17377E-1 3.21404E-1 3.21282E-1 3.18058E-1 3.22868E-1 3.33555E-1 3.42805E-1 3.36159E-1 3.39592E-1 3.455E-1 3.29559E-1
3.52116E-1 3.49419E-1 3.46662E-1 3.40862E-1 3.40794E-1 3.43446E-1 3.467E-1 3.44181E-1 3.59161E-1 3.58206E-1 3.388E-1 3.34593E-1 3.27199E-1 3.38868E-1 3.44209E-1 3.28831E-1 3.26005E-1 3.27041E-1 3.41141E-1 3.45242E-1 3.4352E-1 3.32316E-1 3.28048E-1 3.22572E-1 3.18852E-1 3.19767E-1 3.17153E-1 3.08404E-1 3.10604E-1 3.09206E-1 3.11944E-1 3.14179E-1 3.1798E-1 3.22611E-1 3.1278E-1 3.05857E-1 3.08157E-1 3.10539E-1 3.11388E-1 3.15457E-1 3.19337E-1 3.15463E-1 3.14162E-1 3.11596E-1 3.15937E-1 3.22351E-1 3.24234E-1 3.21529E-1 3.16464E-1 2.99006E-1 3.06078E-1 3.22453E-1 3.29622E-1 3.28635E-1 3.27201E-1 3.31368E-1 3.46327E-1 3.41515E-1 3.31879E-1 3.32404E-1 3.2622E-1
3.2423E-1 3.23734E-1 3.23334E-1 3.25797E-1 3.41516E-1 3.4307E-1 3.51972E-1 3.46664E-1 3.49108E-1 3.51518E-1 3.49653E-1 3.29636E-1 3.24947E-1 3.31369E-1 3.42361E-1 3.3099E-1 3.24807E-1 3.22435E-1 3.24257E-1 3.32464E-1 3.32587E-1 3.3442E-1 3.28143E-1 3.21636E-1 3.08694E-1 3.12771E-1 3.09536E-1 3.11872E-1 3.11913E-1 3.11237E-1 3.08256E-1 3.1093E-1 3.10864E-1 3.0881E-1 3.10488E-1 3.1605E-1 3.20405E-1 3.21737E-1 3.11676E-1 3.16914E-1 3.16525E-1 3.21017E-1 3.14191E-1 3.20189E-1 3.3684E-1 3.3628E-1 3.24636E-1 3.20431E-1 3.23182E-1 3.19345E-1 3.22859E-1 3.26504E-1 3.27573E-1 3.29919E-1 3.30905E-1 3.32119E-1 3.39516E-1 3.37803E-1 3.33803E-1 3.26344E-1 3.22976E-1
3.34558E-1 3.31466E-1 3.18272E-1 3.24513E-1 3.24737E-1 3.32661E-1 3.33698E-1 3.32507E-1 3.36037E-1 3.36597E-1 3.45454E-1 3.35946E-1 3.36402E-1 3.30837E-1 3.3854E-1 3.30184E-1 3.24592E-1 3.22457E-1 3.22761E-1 3.2301E-1 3.21686E-1 3.19061E-1 3.11256E-1 3.09285E-1 3.03378E-1 2.98089E-1 2.93069E-1 3.01786E-1 3.06439E-1 3.12499E-1 3.12814E-1 3.12119E-1 3.19258E-1 3.1262E-1 3.14545E-1 3.1759E-1 3.0799E-1 3.16508E-1 3.18344E-1 3.19504E-1 3.20726E-1 3.23864E-1 3.32063E-1 3.53378E-1 3.63715E-1 3.38968E-1 3.20189E-1 3.16999E-1 3.18363E-1 3.22346E-1 3.23133E-1 3.22431E-1 3.31139E-1 3.40388E-1 3.44213E-1 3.48995E-1 3.50091E-1 3.51627E-1 3.33773E-1 3.2686E-1 3.26581E-1
3.45153E-1 3.42498E-1 3.2623E-1 3.22834E-1 3.20082E-1 3.18771E-1 3.22179E-1 3.30294E-1 3.4008E-1 3.33748E-1 3.36561E-1 3.42889E-1 3.43386E-1 3.43194E-1 3.45794E-1 3.45105E-1 3.3689E-1 3.24102E-1 3.22303E-1 3.23271E-1 3.25617E-1 3.1828E-1 3.1416E-1 3.12041E-1 3.06014E-1 2.99945E-1 3.02912E-1 3.06787E-1 3.1267E-1 3.20893E-1 3.21587E-1 3.2431E-1 3.2816E-1 3.17644E-1 3.06652E-1 3.07518E-1 3.13464E-1 3.19283E-1 3.25502E-1 3.28446E-1 3.3044E-1 3.3752E-1 3.34386E-1 3.45308E-1 3.51832E-1 3.2998E-1 3.16251E-1 3.15027E-1 3.19233E-1 3.2061E-1 3.2337E-1 3.28841E-1 3.25018E-1 3.26293E-1 3.36952E-1 3.44297E-1 3.56501E-1 3.55682E-1 3.43413E-1 3.38555E-1 3.38036E-1
3.49522E-1 3.54399E-1 3.41423E-1 3.39262E-1 3.32439E-1 3.24761E-1 3.14346E-1 3.34199E-1 3.28936E-1 3.28338E-1 3.28111E-1 3.34481E-1 3.41904E-1 3.52146E-1 3.62953E-1 3.62118E-1 3.39619E-1 3.2746E-1 3.29107E-1 3.28873E-1 3.33261E-1 3.30232E-1 3.2137E-1 3.14282E-1 3.10649E-1 3.07108E-1 3.04832E-1 3.06424E-1 3.07251E-1 3.11811E-1 3.16069E-1 3.1752E-1 3.25807E-1 3.22543E-1 3.11992E-1 3.11845E-1 3.13501E-1 3.28197E-1 3.4005E-1 3.4487E-1 3.40934E-1 3.33948E-1 3.37858E-1 3.39402E-1 3.3372E-1 3.23898E-1 3.16214E-1 3.16623E-1 3.26113E-1 3.33004E-1 3.33073E-1 3.47849E-1 3.51012E-1 3.49282E-1 3.52789E-1 3.49378E-1 3.48858E-1 3.47899E-1 3.43583E-1 3.28957E-1 3.33072E-1
3.77562E-1 3.61911E-1 3.63937E-1 3.56418E-1 3.38605E-1 3.31021E-1 3.22413E-1 3.12324E-1 3.09074E-1 3.13169E-1 3.12997E-1 3.18131E-1 3.31139E-1 3.39821E-1 3.46254E-1 3.52648E-1 3.32083E-1 3.28578E-1 3.31568E-1 3.32484E-1 3.35131E-1 3.36587E-1 3.28526E-1 3.20733E-1 3.23574E-1 3.20837E-1 3.22247E-1 3.16555E-1 3.10011E-1 3.07612E-1 3.11076E-1 3.23282E-1 3.31502E-1 3.35788E-1 3.27555E-1 3.27852E-1 3.2941E-1 3.26623E-1 3.27762E-1 3.25391E-1 3.25161E-1 3.30056E-1 3.29248E-1 3.25375E-1 3.23092E-1 3.18387E-1 3.20213E-1 3.2356E-1 3.39338E-1 3.47811E-1 3.46747E-1 3.45224E-1 3.66944E-1 3.66402E-1 3.4664E-1 3.55999E-1 3.61282E-1 3.62213E-1 3.52369E-1 3.42479E-1 3.31978E-1
3.59799E-1 3.68949E-1 3.65047E-1 3.51624E-1 3.49441E-1 3.4633E-1 3.5021E-1 3.25247E-1 3.20068E-1 3.17811E-1 3.15075E-1 3.15113E-1 3.15541E-1 3.22722E-1 3.29796E-1 3.29079E-1 3.25178E-1 3.23584E-1 3.29554E-1 3.34648E-1 3.34884E-1 3.27309E-1 3.29766E-1 3.31088E-1 3.29479E-1 3.28488E-1 3.30374E-1 3.29821E-1 3.2484E-1 3.21597E-1 3.27724E-1 3.39863E-1 3.49665E-1 3.50826E-1 3.44457E-1 3.35541E-1 3.2918E-1 3.26899E-1 3.2099E-1 3.12093E-1 3.11656E-1 3.22E-1 3.26234E-1 3.21254E-1 3.20764E-1 3.34467E-1 3.38071E-1 3.42886E-1 3.55716E-1 3.7086E-1 3.64469E-1 3.44963E-1 3.53264E-1 3.57E-1 3.41061E-1 3.49439E-1 3.4375E-1 3.52867E-1 3.60202E-1 3.50232E-1 3.42963E-1
3.59354E-1 3.43488E-1 3.46383E-1 3.45907E-1 3.49189E-1 3.46177E-1 3.49655E-1 3.57709E-1 3.67366E-1 3.5737E-1 3.29843E-1 3.26286E-1 3.2005E-1 3.15785E-1 3.16186E-1 3.23446E-1 3.24465E-1 3.25465E-1 3.29906E-1 3.34681E-1 3.34726E-1 3.32827E-1 3.35315E-1 3.3923E-1 3.34789E-1 3.32374E-1 3.33411E-1 3.29759E-1 3.35418E-1 3.39391E-1 3.4276E-1 3.48659E-1 3.54723E-1 3.53754E-1 3.46874E-1 3.3769E-1 3.33624E-1 3.34076E-1 3.29183E-1 3.3188E-1 3.30201E-1 3.32496E-1 3.34964E-1 3.38187E-1 3.39453E-1 3.51707E-1 3.59027E-1 3.59572E-1 3.60456E-1 3.68701E-1 3.76173E-1 3.56677E-1 3.40556E-1 3.59435E-1 3.39655E-1 3.40417E-1 3.35844E-1 3.3748E-1 3.57882E-1 3.54256E-1 3.37813E-1
3.66134E-1 3.5674E-1 3.51775E-1 3.38884E-1 3.39134E-1 3.44532E-1 3.47466E-1 3.53528E-1 3.53604E-1 3.61858E-1 3.72134E-1 3.5474E-1 3.32958E-1 3.22057E-1 3.15643E-1 3.1859E-1 3.1942E-1 3.2222E-1 3.26586E-1 3.30712E-1 3.35022E-1 3.37737E-1 3.40293E-1 3.42552E-1 3.39898E-1 3.33895E-1 3.32294E-1 3.33839E-1 3.41112E-1 3.38528E-1 3.4273E-1 3.45271E-1 3.50614E-1 3.46561E-1 3.4306E-1 3.35504E-1 3.31083E-1 3.33144E-1 3.35464E-1 3.44237E-1 3.48929E-1 3.48797E-1 3.4988E-1 3.50376E-1 3.44938E-1 3.43488E-1 3.40306E-1 3.41698E-1 3.48577E-1 3.62184E-1 3.65552E-1 3.41024E-1 3.31557E-1 3.52323E-1 3.51431E-1 3.44878E-1 3.37992E-1 3.39995E-1 3.43141E-1 3.44926E-1 3.36439E-1
3.6828E-1 3.63571E-1 3.55104E-1 3.40634E-1 3.4194E-1 3.44888E-1 3.48874E-1 3.4905E-1 3.45115E-1 3.49105E-1 3.61962E-1 3.77215E-1 3.42225E-1 3.297E-1 3.23716E-1 3.20555E-1 3.2078E-1 3.23571E-1 3.25889E-1 3.35747E-1 3.40521E-1 3.48862E-1 3.50022E-1 3.46784E-1 3.41725E-1 3.32277E-1 3.29329E-1 3.31165E-1 3.38318E-1 3.45654E-1 3.43817E-1 3.39926E-1 3.4447E-1 3.45649E-1 3.41075E-1 3.35779E-1 3.28039E-1 3.29652E-1 3.41996E-1 3.49833E-1 3.5053E-1 3.44838E-1 3.44169E-1 3.52652E-1 3.48489E-1 3.4478E-1 3.4694E-1 3.47614E-1 3.34756E-1 3.32942E-1 3.26755E-1 3.20615E-1 3.27223E-1 3.43396E-1 3.39405E-1 3.34096E-1 3.32948E-1 3.48578E-1 3.44943E-1 3.39568E-1 3.33025E-1
3.6276E-1 3.63182E-1 3.53936E-1 3.45463E-1 3.45347E-1 3.4873E-1 3.51719E-1 3.51025E-1 3.53921E-1 3.54329E-1 3.57359E-1 3.60045E-1 3.45495E-1 3.36484E-1 3.33815E-1 3.2861E-1 3.25534E-1 3.261E-1 3.25955E-1 3.37378E-1 3.41344E-1 3.42963E-1 3.45526E-1 3.40481E-1 3.3561E-1 3.29248E-1 3.24864E-1 3.28494E-1 3.33412E-1 3.38964E-1 3.41171E-1 3.42054E-1 3.4053E-1 3.40526E-1 3.40793E-1 3.37092E-1 3.27238E-1 3.27339E-1 3.31529E-1 3.39212E-1 3.42322E-1 3.32497E-1 3.31187E-1 3.28518E-1 3.32698E-1 3.33336E-1 3.41238E-1 3.31212E-1 3.11568E-1 3.01042E-1 3.09808E-1 3.23795E-1 3.5226E-1 3.56161E-1 3.38617E-1 3.32773E-1 3.36675E-1 3.44823E-1 3.43829E-1 3.33078E-1 3.33275E-1
3.49735E-1 3.52117E-1 3.45646E-1 3.43925E-1 3.40207E-1 3.45006E-1 3.49222E-1 3.56281E-1 3.66372E-1 3.7532E-1 3.63012E-1 3.50365E-1 3.40405E-1 3.37461E-1 3.36183E-1 3.30706E-1 3.28915E-1 3.29056E-1 3.2468E-1 3.36858E-1 3.41529E-1 3.41444E-1 3.42148E-1 3.4334E-1 3.42109E-1 3.27858E-1 3.20352E-1 3.2656E-1 3.29504E-1 3.36542E-1 3.38433E-1 3.53191E-1 3.49922E-1 3.57987E-1 3.52321E-1 3.37802E-1 3.38075E-1 3.31775E-1 3.29663E-1 3.38161E-1 3.39331E-1 3.37734E-1 3.26804E-1 3.21885E-1 3.19945E-1 3.27078E-1 3.27308E-1 3.2646E-1 3.19798E-1 3.19429E-1 3.43128E-1 3.67507E-1 3.73654E-1 3.72676E-1 3.51821E-1 3.40423E-1 3.25889E-1 3.28764E-1 3.35219E-1 3.28105E-1 3.18334E-1
3.39852E-1 3.43403E-1 3.44388E-1 3.3835E-1 3.42074E-1 3.39032E-1 3.35573E-1 3.33329E-1 3.47764E-1 3.55396E-1 3.46352E-1 3.37682E-1 3.41023E-1 3.40072E-1 3.31545E-1 3.32924E-1 3.29044E-1 3.29268E-1 3.31818E-1 3.53358E-1 3.60048E-1 3.55955E-1 3.49614E-1 3.39751E-1 3.34999E-1 3.33558E-1 3.16593E-1 3.26506E-1 3.31746E-1 3.34007E-1 3.32303E-1 3.49037E-1 3.52131E-1 3.51594E-1 3.52747E-1 3.53058E-1 3.53425E-1 3.52905E-1 3.44193E-1 3.35815E-1 3.27933E-1 3.21246E-1 3.09196E-1 3.15093E-1 3.21716E-1 3.26821E-1 3.21073E-1 3.46287E-1 3.50699E-1 3.57419E-1 3.59708E-1 3.55099E-1 3.59481E-1 3.64663E-1 3.46159E-1 3.29049E-1 3.25917E-1 3.26249E-1 3.2813E-1 3.32489E-1 3.21583E-1
3.44536E-1 3.44832E-1 3.39902E-1 3.43372E-1 3.41957E-1 3.39804E-1 3.51431E-1 3.51056E-1 3.39264E-1 3.35603E-1 3.25716E-1 3.20019E-1 3.23072E-1 3.31331E-1 3.33592E-1 3.33621E-1 3.37763E-1 3.31373E-1 3.35902E-1 3.39766E-1 3.4765E-1 3.52402E-1 3.48645E-1 3.43432E-1 3.33477E-1 3.23151E-1 3.15885E-1 3.18184E-1 3.24518E-1 3.28335E-1 3.34355E-1 3.44453E-1 3.48625E-1 3.53253E-1 3.57157E-1 3.60035E-1 3.58157E-1 3.52384E-1 3.47155E-1 3.3906E-1 3.38186E-1 3.36468E-1 3.31046E-1 3.19171E-1 3.15975E-1 3.10381E-1 3.07169E-1 3.22327E-1 3.42911E-1 3.41037E-1 3.43959E-1 3.50287E-1 3.48524E-1 3.59889E-1 3.5172E-1 3.15108E-1 3.27067E-1 3.15539E-1 3.15123E-1 3.2573E-1 3.2604E-1
3.53414E-1 3.52638E-1 3.42773E-1 3.47553E-1 3.55385E-1 3.51349E-1 3.45483E-1 3.38227E-1 3.42969E-1 3.35774E-1 3.16066E-1 3.10139E-1 3.1223E-1 3.29202E-1 3.38501E-1 3.36369E-1 3.44096E-1 3.45681E-1 3.42708E-1 3.38406E-1 3.38984E-1 3.42333E-1 3.32485E-1 3.36318E-1 3.35737E-1 3.19009E-1 3.11737E-1 3.09805E-1 3.21E-1 3.27047E-1 3.31749E-1 3.32522E-1 3.40388E-1 3.50098E-1 3.57773E-1 3.59016E-1 3.5999E-1 3.54262E-1 3.47769E-1 3.44091E-1 3.39223E-1 3.3405E-1 3.29523E-1 3.24274E-1 3.15808E-1 3.24362E-1 3.14289E-1 3.11011E-1 3.02687E-1 3.04188E-1 3.16607E-1 3.41343E-1 3.49389E-1 3.58935E-1 3.48247E-1 3.11564E-1 3.0845E-1 3.06498E-1 3.28021E-1 3.21662E-1 3.05358E-1
3.52545E-1 3.55298E-1 3.51543E-1 3.44882E-1 3.45533E-1 3.45666E-1 3.35734E-1 3.29071E-1 3.31282E-1 3.33196E-1 3.31007E-1 3.21522E-1 3.29227E-1 3.37983E-1 3.4265E-1 3.43153E-1 3.41878E-1 3.4135E-1 3.35664E-1 3.34058E-1 3.291E-1 3.38576E-1 3.35041E-1 3.23454E-1 3.24879E-1 3.10406E-1 3.20322E-1 3.16827E-1 3.23052E-1 3.25256E-1 3.27097E-1 3.26847E-1 3.45953E-1 3.48313E-1 3.49357E-1 3.57025E-1 3.55094E-1 3.49975E-1 3.45868E-1 3.42646E-1 3.41105E-1 3.37724E-1 3.29654E-1 3.22725E-1 3.15283E-1 3.15425E-1 3.16322E-1 3.13097E-1 3.08076E-1 3.11076E-1 3.09016E-1 3.20798E-1 3.30388E-1 3.30688E-1 3.21873E-1 3.124E-1 3.05929E-1 3.13993E-1 3.325E-1 3.45453E-1 3.18838E-1
3.43435E-1 3.4355E-1 3.42142E-1 3.45245E-1 3.49731E-1 3.42654E-1 3.279E-1 3.17E-1 3.405E-1 3.372E-1 3.4176E-1 3.45947E-1 3.41425E-1 3.37352E-1 3.37085E-1 3.36907E-1 3.35932E-1 3.4041E-1 3.38449E-1 3.27609E-1 3.25926E-1 3.3756E-1 3.37725E-1 3.21054E-1 3.15973E-1 3.09306E-1 3.20051E-1 3.2037E-1 3.29864E-1 3.31324E-1 3.27014E-1 3.25886E-1 3.32876E-1 3.36672E-1 3.38208E-1 3.46824E-1 3.47608E-1 3.47203E-1 3.4591E-1 3.41739E-1 3.41227E-1 3.36856E-1 3.29963E-1 3.25981E-1 3.16021E-1 3.13901E-1 3.17375E-1 3.17048E-1 3.13767E-1 3.15734E-1 3.1678E-1 3.25579E-1 3.27544E-1 3.18459E-1 3.19478E-1 3.20783E-1 3.18882E-1 3.20965E-1 3.27099E-1 3.34119E-1 3.26785E-1
3.41646E-1 3.43137E-1 3.41761E-1 3.40793E-1 3.42838E-1 3.40308E-1 3.37941E-1 3.288E-1 3.39244E-1 3.33267E-1 3.39165E-1 3.4858E-1 3.40939E-1 3.38597E-1 3.41093E-1 3.39646E-1 3.47598E-1 3.38486E-1 3.32613E-1 3.3506E-1 3.29304E-1 3.26007E-1 3.25737E-1 3.28188E-1 3.19018E-1 3.1646E-1 3.1862E-1 3.19604E-1 3.1987E-1 3.23737E-1 3.23528E-1 3.24316E-1 3.21602E-1 3.23092E-1 3.2825E-1 3.32765E-1 3.3827E-1 3.42773E-1 3.37546E-1 3.36385E-1 3.41954E-1 3.39251E-1 3.36421E-1 3.307E-1 3.2429E-1 3.1873E-1 3.19518E-1 3.16052E-1 3.13209E-1 3.07788E-1 3.16315E-1 3.29455E-1 3.36326E-1 3.35779E-1 3.45679E-1 3.56236E-1 3.51447E-1 3.61375E-1 3.66561E-1 3.43928E-1 3.19327E-1
3.53033E-1 3.44187E-1 3.35711E-1 3.34524E-1 3.34979E-1 3.39524E-1 3.42242E-1 3.39436E-1 3.37216E-1 3.40056E-1 3.32988E-1 3.30338E-1 3.34923E-1 3.4318E-1 3.42729E-1 3.51774E-1 3.53555E-1 3.45903E-1 3.43975E-1 3.38018E-1 3.32582E-1 3.35203E-1 3.32937E-1 3.29391E-1 3.27921E-1 3.24696E-1 3.24525E-1 3.24093E-1 3.23294E-1 3.23348E-1 3.30349E-1 3.369E-1 3.30262E-1 3.27516E-1 3.28112E-1 3.24718E-1 3.2974E-1 3.31055E-1 3.38396E-1 3.4311E-1 3.48711E-1 3.44995E-1 3.41938E-1 3.36737E-1 3.31247E-1 3.28424E-1 3.23056E-1 3.17093E-1 3.15317E-1 3.12746E-1 3.1634E-1 3.16238E-1 3.15132E-1 3.14294E-1 3.30773E-1 3.33677E-1 3.3625E-1 3.49534E-1 3.59268E-1 3.61226E-1 3.48983E-1
3.36305E-1 3.31005E-1 3.16069E-1 3.18578E-1 3.21589E-1 3.35422E-1 3.43551E-1 3.40324E-1 3.39181E-1 3.42767E-1 3.44153E-1 3.40494E-1 3.43782E-1 3.41836E-1 3.37542E-1 3.40635E-1 3.43287E-1 3.52017E-1 3.45811E-1 3.39551E-1 3.32583E-1 3.27672E-1 3.36403E-1 3.3041E-1 3.24135E-1 3.30415E-1 3.30817E-1 3.26974E-1 3.22513E-1 3.20448E-1 3.22083E-1 3.28239E-1 3.34519E-1 3.32209E-1 3.26783E-1 3.2699E-1 3.30289E-1 3.3493E-1 3.41175E-1 3.44622E-1 3.47768E-1 3.5137E-1 3.46073E-1 3.42376E-1 3.32125E-1 3.32419E-1 3.32332E-1 3.23884E-1 3.11186E-1 3.11863E-1 3.18956E-1 3.21554E-1 3.20166E-1 3.18239E-1 3.15864E-1 3.12753E-1 3.19846E-1 3.3239E-1 3.39815E-1 3.49881E-1 3.63099E-1
3.3202E-1 3.23671E-1 3.1284E-1 3.09596E-1 3.15719E-1 3.28431E-1 3.35221E-1 3.36863E-1 3.37831E-1 3.3962E-1 3.39069E-1 3.44804E-1 3.4529E-1 3.40844E-1 3.35275E-1 3.39035E-1 3.3977E-1 3.34586E-1 3.32529E-1 3.35672E-1 3.38254E-1 3.30535E-1 3.38256E-1 3.41427E-1 3.26804E-1 3.18619E-1 3.20974E-1 3.10328E-1 3.07639E-1 3.04241E-1 3.06046E-1 3.17354E-1 3.20736E-1 3.24762E-1 3.27906E-1 3.26763E-1 3.34647E-1 3.44641E-1 3.47502E-1 3.51263E-1 3.57232E-1 3.59175E-1 3.51341E-1 3.40382E-1 3.322E-1 3.32359E-1 3.33637E-1 3.28048E-1 3.20594E-1 3.1203E-1 3.16902E-1 3.24485E-1 3.30436E-1 3.25522E-1 3.13449E-1 3.07997E-1 3.20401E-1 3.26785E-1 3.31398E-1 3.35101E-1 3.49564E-1
3.25237E-1 3.14797E-1 3.10267E-1 3.1321E-1 3.1695E-1 3.25334E-1 3.33161E-1 3.40085E-1 3.3879E-1 3.45583E-1 3.52669E-1 3.54213E-1 3.57328E-1 3.50871E-1 3.44814E-1 3.44416E-1 3.43203E-1 3.37612E-1 3.27895E-1 3.25404E-1 3.327E-1 3.36625E-1 3.40894E-1 3.52953E-1 3.56907E-1 3.38961E-1 3.16023E-1 3.07214E-1 3.00586E-1 3.02916E-1 3.04567E-1 3.05873E-1 3.09641E-1 3.23531E-1 3.2725E-1 3.31156E-1 3.32912E-1 3.41758E-1 3.4547E-1 3.52049E-1 3.55287E-1 3.56383E-1 3.49756E-1 3.3962E-1 3.32226E-1 3.30664E-1 3.30115E-1 3.28613E-1 3.26771E-1 3.19989E-1 3.19743E-1 3.20583E-1 3.23885E-1 3.16071E-1 3.1084E-1 3.08003E-1 3.13769E-1 3.21349E-1 3.30827E-1 3.3611E-1 3.28671E-1
3.25592E-1 3.20382E-1 3.24703E-1 3.3104E-1 3.30485E-1 3.40541E-1 3.47691E-1 3.59326E-1 3.59448E-1 3.53932E-1 3.54581E-1 3.58571E-1 3.55463E-1 3.56279E-1 3.49516E-1 3.51167E-1 3.37355E-1 3.3174E-1 3.34906E-1 3.28375E-1 3.34463E-1 3.54924E-1 3.71115E-1 3.45745E-1 3.52612E-1 3.60805E-1 3.44121E-1 3.30712E-1 3.17816E-1 3.08554E-1 3.08464E-1 3.08571E-1 3.10251E-1 3.17073E-1 3.25287E-1 3.27601E-1 3.33951E-1 3.38436E-1 3.40773E-1 3.45441E-1 3.4433E-1 3.44041E-1 3.39774E-1 3.33548E-1 3.30643E-1 3.31212E-1 3.28546E-1 3.2679E-1 3.26073E-1 3.21597E-1 3.14507E-1 3.19772E-1 3.20232E-1 3.11519E-1 3.0588E-1 3.08003E-1 3.13046E-1 3.18932E-1 3.29507E-1 3.27066E-1 3.12695E-1
3.52821E-1 3.54145E-1 3.57282E-1 3.71403E-1 3.77766E-1 3.89311E-1 3.83162E-1 3.68375E-1 3.62624E-1 3.62183E-1 3.60035E-1 3.53276E-1 3.53807E-1 3.41526E-1 3.31379E-1 3.34422E-1 3.33657E-1 3.3775E-1 3.42252E-1 3.37593E-1 3.46389E-1 3.44449E-1 3.41137E-1 3.40675E-1 3.39831E-1 3.57159E-1 3.53746E-1 3.44273E-1 3.39563E-1 3.16142E-1 3.30228E-1 3.2722E-1 3.21763E-1 3.18544E-1 3.26781E-1 3.28009E-1 3.30395E-1 3.33984E-1 3.35116E-1 3.34427E-1 3.34122E-1 3.35872E-1 3.39397E-1 3.39529E-1 3.32992E-1 3.265E-1 3.21927E-1 3.21025E-1 3.22924E-1 3.21954E-1 3.12233E-1 3.19201E-1 3.28706E-1 3.17683E-1 3.09911E-1 3.01796E-1 3.09775E-1 3.18417E-1 3.17551E-1 3.06926E-1 2.95238E-1
3.84839E-1 3.89619E-1 3.97673E-1 4.01832E-1 4.0961E-1 4.07549E-1 3.82132E-1 3.61378E-1 3.57191E-1 3.51152E-1 3.44725E-1 3.44583E-1 3.40549E-1 3.43548E-1 3.42437E-1 3.34336E-1 3.26537E-1 3.24414E-1 3.35374E-1 3.43081E-1 3.47324E-1 3.49443E-1 3.52213E-1 3.47392E-1 3.43099E-1 3.37369E-1 3.4215E-1 3.33131E-1 3.44603E-1 3.66901E-1 3.70117E-1 3.3496E-1 3.25124E-1 3.38144E-1 3.28882E-1 3.31611E-1 3.3107E-1 3.32891E-1 3.32969E-1 3.29491E-1 3.23083E-1 3.22863E-1 3.32724E-1 3.4326E-1 3.38311E-1 3.28464E-1 3.15838E-1 3.11666E-1 3.13995E-1 3.1716E-1 3.16908E-1 3.25415E-1 3.25985E-1 3.33122E-1 3.24138E-1 3.19577E-1 3.13853E-1 3.10286E-1 3.15052E-1 3.03851E-1 2.92361E-1
3.75787E-1 3.69407E-1 3.64283E-1 3.84113E-1 4.02359E-1 3.97885E-1 3.68605E-1 3.66289E-1 3.58661E-1 3.51529E-1 3.42172E-1 3.45036E-1 3.60697E-1 3.56707E-1 3.443E-1 3.27202E-1 3.20539E-1 3.12225E-1 3.27398E-1 3.36269E-1 3.48378E-1 3.5419E-1 3.5369E-1 3.37057E-1 3.42227E-1 3.64584E-1 3.56952E-1 3.51142E-1 3.58953E-1 3.74719E-1 3.81702E-1 3.73975E-1 3.57457E-1 3.48263E-1 3.39693E-1 3.35038E-1 3.32491E-1 3.35389E-1 3.30283E-1 3.25239E-1 3.22365E-1 3.20498E-1 3.16766E-1 3.23022E-1 3.27076E-1 3.21286E-1 3.09954E-1 3.03568E-1 3.09469E-1 3.18146E-1 3.20696E-1 3.21066E-1 3.15946E-1 3.29733E-1 3.28939E-1 3.25624E-1 3.13499E-1 3.12933E-1 3.18602E-1 3.1368E-1 3.05489E-1
