maxent_outputs/white_flowers_troch_bombus_environ/white_40.asc
ncols         426
nrows         180
xllcorner     -130.0
yllcorner     24.0
cellsize      0.16666666666666666
NODATA_value  -9999
[rows 135 to 161 of 180, columns 183 to 243 of 426]
5.45628E-1 5.38016E-1 5.49514E-1 5.66955E-1 5.81229E-1 5.68841E-1 5.48814E-1 5.61169E-1 5.68588E-1 5.99727E-1 6.23087E-1 6.31075E-1 6.39357E-1 6.62512E-1 6.89287E-1 6.92752E-1 6.9273E-1 6.83516E-1 6.92883E-1 6.92932E-1 6.95753E-1 6.99941E-1 7.08778E-1 7.07526E-1 7.04814E-1 7.12056E-1 7.15686E-1 7.14905E-1 7.20334E-1 7.11041E-1 7.03056E-1 6.91585E-1 6.76443E-1 6.84011E-1 7.1773E-1 7.02245E-1 6.84096E-1 6.83419E-1 6.84032E-1 6.94034E-1 7.11852E-1 7.14447E-1 7.12354E-1 7.22771E-1 7.36594E-1 7.35413E-1 7.29438E-1 7.27009E-1 7.15373E-1 6.87247E-1 6.86098E-1 6.84424E-1 6.69815E-1 6.61666E-1 6.65836E-1 6.65546E-1 6.78961E-1 6.92843E-1 6.78236E-1 6.85592E-1 7.04004E-1
5.12474E-1 5.05132E-1 5.25155E-1 5.56692E-1 5.85363E-1 5.94331E-1 5.64445E-1 5.71988E-1 5.90507E-1 6.19954E-1 6.42895E-1 6.57547E-1 6.61396E-1 6.70205E-1 6.93874E-1 7.15362E-1 7.12066E-1 7.02514E-1 7.06796E-1 7.07521E-1 7.0325E-1 7.05623E-1 7.21566E-1 7.1756E-1 7.17147E-1 7.14611E-1 7.14976E-1 7.27164E-1 7.24512E-1 7.1074E-1 7.20312E-1 7.21902E-1 7.03128E-1 6.94214E-1 7.14642E-1 7.22052E-1 6.97696E-1 6.93538E-1 6.96799E-1 7.02089E-1 7.0958E-1 7.24517E-1 7.35163E-1 7.26966E-1 7.40672E-1 7.35824E-1 7.28972E-1 7.38181E-1 7.29445E-1 7.0045E-1 6.91164E-1 6.83982E-1 6.78434E-1 6.81109E-1 6.87012E-1 6.87977E-1 6.91796E-1 7.08278E-1 7.11818E-1 6.99689E-1 7.07221E-1
4.92701E-1 5.14122E-1 5.37064E-1 5.45918E-1 5.55954E-1 5.82559E-1 5.84646E-1 5.77651E-1 6.07676E-1 6.29982E-1 6.54357E-1 6.72603E-1 6.83124E-1 6.86854E-1 7.04682E-1 7.17939E-1 7.29614E-1 7.23907E-1 7.20226E-1 7.23335E-1 7.18598E-1 7.25469E-1 7.34803E-1 7.30434E-1 7.27807E-1 7.20735E-1 7.19225E-1 7.23917E-1 7.29262E-1 7.20144E-1 7.14153E-1 7.16595E-1 7.18479E-1 6.81826E-1 6.88134E-1 7.14059E-1 7.11678E-1 7.13184E-1 7.08559E-1 7.04321E-1 7.0593E-1 7.11378E-1 7.36242E-1 7.45944E-1 7.41669E-1 7.41233E-1 7.40424E-1 7.4031E-1 7.06473E-1 7.02274E-1 6.99325E-1 7.01772E-1 7.00802E-1 6.99588E-1 7.04947E-1 7.1175E-1 7.12246E-1 7.19697E-1 7.35934E-1 7.15036E-1 7.18911E-1
4.99602E-1 5.17733E-1 5.36983E-1 5.5123E-1 5.71066E-1 5.85796E-1 5.98009E-1 5.72921E-1 6.02168E-1 6.32338E-1 6.56608E-1 6.68839E-1 6.91218E-1 7.07541E-1 7.25223E-1 7.4048E-1 7.44016E-1 7.39772E-1 7.30733E-1 7.36489E-1 7.35159E-1 7.43229E-1 7.44026E-1 7.40197E-1 7.40065E-1 7.35672E-1 7.16288E-1 7.16367E-1 7.19553E-1 7.1798E-1 7.15453E-1 7.21025E-1 7.10651E-1 6.97628E-1 7.08233E-1 7.29392E-1 7.33586E-1 7.28312E-1 7.264E-1 7.24144E-1 7.18586E-1 7.17309E-1 7.23294E-1 7.45331E-1 7.49557E-1 7.46836E-1 7.49406E-1 7.52028E-1 7.27963E-1 7.24484E-1 7.20851E-1 7.20738E-1 7.17667E-1 7.18991E-1 7.25009E-1 7.33341E-1 7.33805E-1 7.3997E-1 7.53216E-1 7.34719E-1 7.32505E-1
5.25115E-1 5.35173E-1 5.72408E-1 6.0116E-1 6.19667E-1 6.33956E-1 6.38946E-1 6.00068E-1 6.02508E-1 6.27861E-1 6.54421E-1 6.78545E-1 7.03069E-1 7.15178E-1 7.36037E-1 7.423E-1 7.43707E-1 7.50125E-1 7.49202E-1 7.48941E-1 7.4297E-1 7.4085E-1 7.36836E-1 7.37619E-1 7.33602E-1 7.39094E-1 7.58854E-1 7.27143E-1 7.14122E-1 7.10107E-1 7.20687E-1 7.2638E-1 7.30907E-1 7.2391E-1 7.33776E-1 7.49159E-1 7.47616E-1 7.52101E-1 7.56537E-1 7.47744E-1 7.37402E-1 7.3018E-1 7.42327E-1 7.48667E-1 7.48421E-1 7.50332E-1 7.60203E-1 7.7056E-1 7.68977E-1 7.539E-1 7.4474E-1 7.46784E-1 7.40281E-1 7.40516E-1 7.41374E-1 7.48731E-1 7.55649E-1 7.6533E-1 7.70149E-1 7.63726E-1 7.59947E-1
5.34786E-1 5.5933E-1 5.78407E-1 5.99736E-1 6.12053E-1 6.29594E-1 6.56325E-1 6.56225E-1 6.38085E-1 6.43083E-1 6.66592E-1 6.91825E-1 7.07799E-1 7.24064E-1 7.32559E-1 7.37698E-1 7.46608E-1 7.54468E-1 7.54965E-1 7.50159E-1 7.47751E-1 7.35082E-1 7.39322E-1 7.40756E-1 7.31947E-1 7.34406E-1 7.45163E-1 7.4488E-1 7.34505E-1 7.31694E-1 7.37873E-1 7.42089E-1 7.51361E-1 7.46308E-1 7.59949E-1 7.63902E-1 7.69637E-1 7.74234E-1 7.73505E-1 7.7358E-1 7.70306E-1 7.68915E-1 7.76126E-1 7.68058E-1 7.6126E-1 7.70236E-1 7.74149E-1 7.77707E-1 7.82869E-1 7.8429E-1 7.77496E-1 7.71348E-1 7.63219E-1 7.63764E-1 7.67837E-1 7.67442E-1 7.70944E-1 7.80048E-1 7.86294E-1 7.87018E-1 7.88348E-1
5.10098E-1 5.1002E-1 5.32916E-1 5.37346E-1 5.76328E-1 6.11132E-1 6.09943E-1 6.44172E-1 6.72268E-1 6.82813E-1 7.01911E-1 7.07077E-1 7.21402E-1 7.28231E-1 7.3538E-1 7.45082E-1 7.52395E-1 7.56866E-1 7.55989E-1 7.45679E-1 7.37549E-1 7.36816E-1 7.43588E-1 7.6279E-1 7.43752E-1 7.40013E-1 7.52937E-1 7.65364E-1 7.64876E-1 7.53436E-1 7.58989E-1 7.64093E-1 7.70982E-1 7.69839E-1 7.88856E-1 7.90733E-1 7.95829E-1 8.00718E-1 7.98508E-1 8.0301E-1 8.03279E-1 7.92049E-1 7.931E-1 7.87536E-1 7.71608E-1 7.80719E-1 7.91373E-1 7.92134E-1 7.86578E-1 7.99189E-1 8.15288E-1 7.92568E-1 7.79996E-1 7.86458E-1 7.9428E-1 7.94429E-1 8.02856E-1 7.91702E-1 7.98428E-1 8.04039E-1 8.10482E-1
4.89036E-1 5.02488E-1 5.31797E-1 5.66314E-1 5.7906E-1 5.90781E-1 6.13083E-1 6.36341E-1 6.40106E-1 6.74947E-1 7.321E-1 7.26231E-1 7.2627E-1 7.28125E-1 7.3342E-1 7.46998E-1 7.56633E-1 7.57313E-1 7.48352E-1 7.45652E-1 7.43598E-1 7.40324E-1 7.50117E-1 7.67443E-1 7.84919E-1 7.74884E-1 7.77983E-1 7.82196E-1 7.88654E-1 7.84082E-1 7.85849E-1 7.93926E-1 8.00305E-1 7.99936E-1 8.18106E-1 8.18226E-1 8.23421E-1 8.37447E-1 8.21857E-1 8.15896E-1 8.12134E-1 8.04383E-1 8.09819E-1 8.03022E-1 7.98414E-1 8.00018E-1 8.12144E-1 8.07318E-1 8.08948E-1 8.06303E-1 8.07332E-1 8.07234E-1 8.03929E-1 8.24287E-1 8.39271E-1 8.76616E-1 8.74709E-1 8.34441E-1 8.3787E-1 8.2382E-1 8.28447E-1
5.23288E-1 5.44398E-1 5.52156E-1 5.66291E-1 5.81403E-1 5.72855E-1 5.99769E-1 6.24683E-1 6.53938E-1 6.85218E-1 7.1039E-1 7.2117E-1 7.24989E-1 7.28909E-1 7.34182E-1 7.48005E-1 7.5355E-1 7.49998E-1 7.52274E-1 7.52187E-1 7.51741E-1 7.4959E-1 7.68118E-1 7.95958E-1 8.14782E-1 8.1713E-1 8.11636E-1 8.09219E-1 8.14862E-1 8.10984E-1 8.14686E-1 8.24152E-1 8.41461E-1 8.37027E-1 8.43935E-1 8.45661E-1 8.54932E-1 8.48992E-1 8.35794E-1 8.3498E-1 8.34465E-1 8.23936E-1 8.2452E-1 8.21008E-1 8.13711E-1 8.1387E-1 8.20645E-1 8.31519E-1 8.26126E-1 8.25359E-1 8.193E-1 8.19003E-1 8.21584E-1 8.26079E-1 8.43355E-1 8.71586E-1 8.82161E-1 8.52579E-1 8.50069E-1 8.58245E-1 8.71904E-1
5.2498E-1 5.57363E-1 5.76046E-1 5.83187E-1 6.07949E-1 6.24643E-1 6.40651E-1 6.6969E-1 6.80532E-1 7.14856E-1 7.19887E-1 7.23461E-1 7.17718E-1 7.23268E-1 7.43137E-1 7.64346E-1 7.68091E-1 7.54975E-1 7.54197E-1 7.57947E-1 7.64605E-1 7.61355E-1 7.8444E-1 8.20446E-1 8.3508E-1 8.31703E-1 8.3416E-1 8.32018E-1 8.34872E-1 8.27525E-1 8.29603E-1 8.34984E-1 8.43109E-1 8.63871E-1 8.61179E-1 8.57312E-1 8.61315E-1 8.63531E-1 8.56385E-1 8.51724E-1 8.58055E-1 8.44159E-1 8.38972E-1 8.34765E-1 8.31233E-1 8.32449E-1 8.29394E-1 8.408E-1 8.41271E-1 8.45919E-1 8.35549E-1 8.27376E-1 8.29854E-1 8.46303E-1 8.39492E-1 8.47318E-1 8.6103E-1 8.50832E-1 8.59581E-1 8.68293E-1 8.7617E-1
5.61141E-1 6.01153E-1 6.22073E-1 6.14916E-1 6.04388E-1 6.38485E-1 6.61269E-1 6.81576E-1 7.0956E-1 7.232E-1 7.29122E-1 7.32404E-1 7.3042E-1 7.46207E-1 7.54087E-1 7.62373E-1 7.67021E-1 7.61932E-1 7.56875E-1 7.62147E-1 7.75277E-1 7.78253E-1 8.01825E-1 8.32316E-1 8.49521E-1 8.53289E-1 8.60475E-1 8.53645E-1 8.53197E-1 8.39604E-1 8.4268E-1 8.44884E-1 8.53283E-1 8.56546E-1 8.52103E-1 8.52509E-1 8.5937E-1 8.55696E-1 8.48228E-1 8.52999E-1 8.52604E-1 8.57411E-1 8.54691E-1 8.45482E-1 8.53397E-1 8.4663E-1 8.39144E-1 8.40746E-1 8.44855E-1 8.51938E-1 8.4755E-1 8.37909E-1 8.38539E-1 8.40774E-1 8.46992E-1 8.69934E-1 8.61519E-1 8.70152E-1 8.81002E-1 8.75628E-1 8.81345E-1
6.38409E-1 6.47937E-1 6.50022E-1 6.67983E-1 6.77425E-1 7.23558E-1 7.34469E-1 7.27903E-1 7.37417E-1 7.43701E-1 7.47113E-1 7.50977E-1 7.5946E-1 7.63726E-1 7.62993E-1 7.72612E-1 7.69453E-1 7.67755E-1 7.77668E-1 7.79764E-1 7.82233E-1 7.86855E-1 8.02344E-1 8.21399E-1 8.28559E-1 8.46739E-1 8.63708E-1 8.62748E-1 8.61557E-1 8.58872E-1 8.56073E-1 8.51137E-1 8.54041E-1 -9999 -9999 -9999 -9999 -9999 -9999 8.60859E-1 8.61412E-1 8.59124E-1 8.59863E-1 8.55761E-1 8.56893E-1 8.59814E-1 8.63023E-1 8.54676E-1 8.53194E-1 8.57625E-1 8.62239E-1 8.62562E-1 8.54307E-1 8.56269E-1 8.59656E-1 8.70192E-1 8.85423E-1 8.84842E-1 8.85343E-1 8.93172E-1 8.88434E-1
6.89141E-1 6.92876E-1 7.02823E-1 7.10121E-1 7.28655E-1 7.64989E-1 7.67088E-1 7.53123E-1 7.53164E-1 7.54275E-1 7.65749E-1 7.73377E-1 7.78121E-1 7.73763E-1 7.77805E-1 7.87373E-1 7.81573E-1 7.84144E-1 7.91603E-1 7.93378E-1 7.96067E-1 8.00281E-1 8.02307E-1 8.12124E-1 8.26083E-1 8.4065E-1 8.5674E-1 8.74235E-1 8.73499E-1 8.68606E-1 -9999 -9999 -9999 -9999 -9999 -9999 -9999 -9999 -9999 -9999 -9999 -9999 -9999 -9999 -9999 8.5936E-1 8.59708E-1 -9999 8.64551E-1 8.65317E-1 8.74427E-1 8.77436E-1 8.7844E-1 8.86324E-1 8.89342E-1 8.86252E-1 8.9563E-1 8.96726E-1 8.94953E-1 8.89834E-1 8.80271E-1
7.17566E-1 7.20879E-1 7.27678E-1 7.28364E-1 7.45546E-1 7.62087E-1 7.70589E-1 7.72903E-1 7.66737E-1 7.75152E-1 7.87292E-1 7.91859E-1 7.93639E-1 7.90456E-1 7.92549E-1 7.98655E-1 8.01538E-1 8.02938E-1 8.06035E-1 8.07466E-1 8.1421E-1 8.16832E-1 8.20126E-1 8.33925E-1 8.41817E-1 8.55158E-1 8.64398E-1 8.78834E-1 8.86483E-1 -9999 -9999 -9999 -9999 -9999 -9999 -9999 -9999 -9999 -9999 -9999 -9999 -9999 -9999 -9999 -9999 -9999 -9999 -9999 8.83462E-1 8.82175E-1 8.85173E-1 8.89848E-1 8.88746E-1 8.92989E-1 8.93596E-1 8.99052E-1 9.06385E-1 9.08647E-1 9.0567E-1 9.06548E-1 8.98644E-1
7.36009E-1 7.33323E-1 7.34837E-1 7.426E-1 7.55807E-1 7.69283E-1 7.74518E-1 7.77763E-1 7.80498E-1 7.90772E-1 7.94047E-1 7.94501E-1 7.99577E-1 8.02901E-1 8.04648E-1 8.11493E-1 8.16394E-1 8.21436E-1 8.25104E-1 8.26916E-1 8.3239E-1 8.35737E-1 8.41848E-1 8.52723E-1 8.64812E-1 8.69977E-1 8.80771E-1 -9999 -9999 -9999 -9999 -9999 -9999 -9999 -9999 -9999 -9999 -9999 -9999 -9999 -9999 -9999 -9999 -9999 -9999 -9999 -9999 -9999 -9999 -9999 -9999 8.96427E-1 9.03922E-1 9.20295E-1 9.29726E-1 9.05442E-1 9.06351E-1 -9999 -9999 -9999 8.85344E-1
7.44614E-1 7.41865E-1 7.38041E-1 7.52782E-1 7.65717E-1 7.79616E-1 7.89112E-1 7.90374E-1 7.87178E-1 7.97218E-1 8.01616E-1 8.02858E-1 8.09145E-1 8.12217E-1 8.19777E-1 8.22482E-1 8.31076E-1 8.40922E-1 8.42467E-1 8.45487E-1 8.52546E-1 8.55294E-1 8.60797E-1 8.67507E-1 8.75838E-1 8.8434E-1 -9999 -9999 -9999 -9999 -9999 -9999 -9999 -9999 -9999 -9999 -9999 -9999 -9999 -9999 -9999 -9999 -9999 -9999 -9999 -9999 -9999 -9999 -9999 -9999 -9999 -9999 -9999 -9999 -9999 -9999 -9999 -9999 -9999 -9999 8.98865E-1
7.55875E-1 7.56115E-1 7.52632E-1 7.55268E-1 7.6815E-1 7.81574E-1 7.88181E-1 7.95166E-1 7.93736E-1 7.97409E-1 8.06537E-1 8.15477E-1 8.20674E-1 8.2805E-1 8.34172E-1 8.40574E-1 8.46598E-1 8.57087E-1 8.57659E-1 8.62219E-1 8.78777E-1 8.75327E-1 8.80199E-1 8.77538E-1 -9999 -9999 -9999 -9999 -9999 -9999 -9999 -9999 -9999 -9999 -9999 -9999 -9999 -9999 -9999 -9999 -9999 -9999 -9999 -9999 -9999 -9999 -9999 -9999 -9999 -9999 -9999 -9999 -9999 -9999 -9999 -9999 -9999 -9999 -9999 -9999 -9999
7.66015E-1 7.61211E-1 7.59115E-1 7.60533E-1 7.66402E-1 7.7912E-1 7.90849E-1 8.00857E-1 8.04804E-1 8.00049E-1 8.0811E-1 8.2144E-1 8.3123E-1 8.33375E-1 8.40228E-1 8.51095E-1 8.55257E-1 8.66359E-1 8.71417E-1 8.8563E-1 8.92527E-1 8.93641E-1 8.90398E-1 -9999 -9999 -9999 -9999 -9999 -9999 -9999 -9999 -9999 -9999 -9999 -9999 -9999 -9999 -9999 -9999 -9999 -9999 -9999 -9999 -9999 -9999 -9999 -9999 -9999 -9999 -9999 -9999 -9999 -9999 -9999 -9999 -9999 -9999 -9999 -9999 -9999 -9999
7.71099E-1 7.65702E-1 7.62344E-1 7.63069E-1 7.64871E-1 7.80204E-1 7.96334E-1 8.04788E-1 8.09673E-1 8.08164E-1 8.20891E-1 8.30389E-1 8.37568E-1 8.4293E-1 8.49332E-1 8.59167E-1 8.72846E-1 8.68234E-1 8.91706E-1 9.11905E-1 -9999 -9999 -9999 -9999 -9999 -9999 -9999 -9999 -9999 -9999 -9999 -9999 -9999 -9999 -9999 -9999 -9999 -9999 -9999 -9999 -9999 -9999 -9999 -9999 -9999 -9999 -9999 -9999 -9999 -9999 -9999 -9999 -9999 -9999 -9999 -9999 -9999 -9999 -9999 -9999 -9999
7.56844E-1 7.63067E-1 7.67998E-1 7.64292E-1 7.67867E-1 7.81032E-1 7.87811E-1 7.954E-1 8.0791E-1 8.20479E-1 8.31585E-1 8.3744E-1 8.46723E-1 8.53837E-1 8.56536E-1 8.68448E-1 8.88071E-1 8.974E-1 8.9238E-1 -9999 -9999 -9999 -9999 -9999 -9999 -9999 -9999 -9999 -9999 -9999 -9999 -9999 -9999 -9999 -9999 -9999 -9999 -9999 -9999 -9999 -9999 -9999 -9999 -9999 -9999 -9999 -9999 -9999 -9999 -9999 -9999 -9999 -9999 -9999 -9999 -9999 -9999 -9999 -9999 -9999 -9999
7.56373E-1 7.66185E-1 7.70788E-1 7.71146E-1 7.74733E-1 7.73983E-1 7.68927E-1 7.87828E-1 8.05969E-1 8.2772E-1 8.39579E-1 8.51647E-1 8.55443E-1 8.69532E-1 8.89462E-1 8.98996E-1 8.98847E-1 -9999 -9999 -9999 -9999 -9999 -9999 -9999 -9999 -9999 -9999 -9999 -9999 -9999 -9999 -9999 -9999 -9999 -9999 -9999 -9999 -9999 -9999 -9999 -9999 -9999 -9999 -9999 -9999 -9999 -9999 -9999 -9999 -9999 -9999 -9999 -9999 -9999 -9999 -9999 -9999 -9999 -9999 -9999 -9999
7.62039E-1 7.73741E-1 7.77427E-1 7.75799E-1 7.6901E-1 7.61576E-1 7.66772E-1 7.89423E-1 8.12179E-1 8.32194E-1 8.43218E-1 8.59032E-1 8.70891E-1 8.82897E-1 8.93944E-1 8.99437E-1 -9999 -9999 -9999 -9999 -9999 -9999 -9999 -9999 -9999 -9999 -9999 -9999 -9999 -9999 -9999 -9999 -9999 -9999 -9999 -9999 -9999 -9999 -9999 -9999 -9999 -9999 -9999 -9999 -9999 -9999 -9999 -9999 -9999 -9999 -9999 -9999 -9999 -9999 -9999 -9999 -9999 -9999 -9999 -9999 -9999
7.70957E-1 7.7651E-1 7.78555E-1 7.76435E-1 7.64581E-1 7.58502E-1 7.75275E-1 7.98207E-1 8.25621E-1 8.41064E-1 8.51337E-1 8.6186E-1 8.80857E-1 8.90886E-1 8.99363E-1 -9999 -9999 -9999 -9999 -9999 -9999 -9999 -9999 -9999 -9999 -9999 -9999 -9999 -9999 -9999 -9999 -9999 -9999 -9999 -9999 -9999 -9999 -9999 -9999 -9999 -9999 -9999 -9999 -9999 -9999 -9999 -9999 -9999 -9999 -9999 -9999 -9999 -9999 -9999 -9999 -9999 -9999 -9999 -9999 -9999 -9999
7.9206E-1 7.79335E-1 7.8022E-1 7.63307E-1 7.58298E-1 7.71092E-1 7.84485E-1 8.05632E-1 8.26011E-1 8.39627E-1 8.55931E-1 8.61473E-1 8.68618E-1 8.8764E-1 -9999 -9999 -9999 -9999 -9999 -9999 -9999 -9999 -9999 -9999 -9999 -9999 -9999 -9999 -9999 -9999 -9999 -9999 -9999 -9999 -9999 -9999 -9999 -9999 -9999 -9999 -9999 -9999 -9999 -9999 -9999 -9999 -9999 -9999 -9999 -9999 -9999 -9999 -9999 -9999 -9999 -9999 -9999 -9999 -9999 -9999 -9999
8.00566E-1 7.92703E-1 7.89468E-1 7.63792E-1 7.75654E-1 7.88108E-1 7.98973E-1 8.13981E-1 8.26702E-1 8.39342E-1 8.53015E-1 8.6252E-1 8.73684E-1 8.82974E-1 -9999 -9999 -9999 -9999 -9999 -9999 -9999 -9999 -9999 -9999 -9999 -9999 -9999 -9999 -9999 -9999 -9999 -9999 -9999 -9999 -9999 -9999 -9999 -9999 -9999 -9999 -9999 -9999 -9999 -9999 -9999 -9999 -9999 -9999 -9999 -9999 -9999 -9999 -9999 -9999 -9999 -9999 -9999 -9999 -9999 -9999 -9999
8.06884E-1 7.98797E-1 7.94917E-1 7.81455E-1 7.92356E-1 7.99795E-1 8.08789E-1 8.22428E-1 8.33439E-1 8.39042E-1 8.5025E-1 8.62725E-1 8.77465E-1 -9999 -9999 -9999 -9999 -9999 -9999 -9999 -9999 -9999 -9999 -9999 -9999 -9999 -9999 -9999 -9999 -9999 -9999 -9999 -9999 -9999 -9999 -9999 -9999 -9999 -9999 -9999 -9999 -9999 -9999 -9999 -9999 -9999 -9999 -9999 -9999 -9999 -9999 -9999 -9999 -9999 -9999 -9999 -9999 -9999 -9999 -9999 -9999
8.11301E-1 8.03222E-1 8.07099E-1 8.00129E-1 7.99033E-1 8.09126E-1 8.18399E-1 8.26958E-1 8.35129E-1 8.39256E-1 8.49753E-1 8.70144E-1 8.85689E-1 -9999 -9999 -9999 -9999 -9999 -9999 -9999 -9999 -9999 -9999 -9999 -9999 -9999 -9999 -9999 -9999 -9999 -9999 -9999 -9999 -9999 -9999 -9999 -9999 -9999 -9999 -9999 -9999 -9999 -9999 -9999 -9999 -9999 -9999 -9999 -9999 -9999 -9999 -9999 -9999 -9999 -9999 -9999 -9999 -9999 -9999 -9999 -9999
