maxent_outputs/white_flowers_troch_bombus_environ/white_45.asc
ncols         426
nrows         180
xllcorner     -130.0
yllcorner     24.0
cellsize      0.16666666666666666
NODATA_value  -9999
[rows 27 to 53 of 180, columns 183 to 243 of 426]
3.57669E-2 3.58042E-2 3.45398E-2 3.24723E-2 2.87607E-2 2.85447E-2 3.21036E-2 3.83457E-2 3.82247E-2 3.84221E-2 3.66883E-2 3.64003E-2 3.56638E-2 3.45642E-2 3.42249E-2 3.66451E-2 3.67012E-2 3.39616E-2 3.46687E-2 3.42116E-2 3.6621E-2 3.95164E-2 3.76178E-2 3.58526E-2 3.38933E-2 3.45861E-2 3.85223E-2 4.16554E-2 4.37489E-2 4.1794E-2 4.21461E-2 4.27006E-2 4.32608E-2 4.41908E-2 4.32785E-2 4.21641E-2 3.83682E-2 3.65208E-2 3.5383E-2 3.70817E-2 3.99306E-2 3.49785E-2 3.74596E-2 3.62142E-2 2.9089E-2 2.98806E-2 3.04794E-2 2.98526E-2 2.69392E-2 2.59071E-2 2.51521E-2 2.50057E-2 2.38156E-2 2.526E-2 2.37839E-2 2.50716E-2 2.50289E-2 2.33048E-2 2.23118E-2 2.16835E-2 2.39727E-2
3.60191E-2 3.60805E-2 3.63397E-2 3.32415E-2 3.07509E-2 2.97611E-2 2.97935E-2 3.576E-2 4.07231E-2 4.05254E-2 3.85676E-2 3.68763E-2 3.62882E-2 3.6033E-2 3.48192E-2 3.77211E-2 3.7034E-2 3.44108E-2 3.44241E-2 3.38588E-2 3.34463E-2 3.57477E-2 3.72151E-2 3.63193E-2 3.56612E-2 3.65084E-2 3.72915E-2 4.57271E-2 4.74684E-2 4.42438E-2 4.18972E-2 4.35552E-2 4.49443E-2 4.35058E-2 4.31195E-2 4.25988E-2 4.23307E-2 3.74083E-2 3.71043E-2 3.9409E-2 3.4207E-2 3.22771E-2 3.29162E-2 3.31174E-2 3.18931E-2 3.22669E-2 3.44396E-2 2.95824E-2 2.78756E-2 2.75938E-2 2.75443E-2 2.36773E-2 2.23122E-2 2.18338E-2 2.07766E-2 2.36864E-2 2.16149E-2 2.15172E-2 2.04165E-2 2.18544E-2 2.30856E-2
3.56843E-2 3.55009E-2 3.50272E-2 3.13395E-2 3.04424E-2 3.26278E-2 3.29443E-2 3.47479E-2 4.24397E-2 4.16937E-2 3.96033E-2 3.93802E-2 3.87658E-2 3.8222E-2 3.60058E-2 3.84675E-2 3.8357E-2 3.77881E-2 3.64639E-2 3.45625E-2 3.44849E-2 3.22998E-2 3.42741E-2 3.41815E-2 3.68813E-2 4.63472E-2 4.94437E-2 5.01733E-2 4.87493E-2 4.53985E-2 4.987E-2 4.33572E-2 4.31816E-2 4.19749E-2 4.07814E-2 4.17091E-2 4.11106E-2 3.96155E-2 3.78441E-2 3.64612E-2 3.71828E-2 3.43733E-2 3.3498E-2 3.51373E-2 3.54089E-2 4.20396E-2 3.96166E-2 3.41012E-2 2.95834E-2 3.13716E-2 3.09221E-2 2.55793E-2 2.3461E-2 2.23938E-2 2.13371E-2 2.02231E-2 2.38055E-2 2.04542E-2 1.97456E-2 2.0148E-2 2.10171E-2
3.04488E-2 3.82566E-2 3.53648E-2 3.28898E-2 3.17869E-2 3.08822E-2 2.97987E-2 3.1799E-2 3.90257E-2 4.23428E-2 4.19115E-2 4.02786E-2 3.96219E-2 4.00408E-2 3.79588E-2 3.67359E-2 3.79237E-2 3.91156E-2 3.75736E-2 3.80272E-2 3.49628E-2 3.37631E-2 3.33047E-2 3.28922E-2 3.35188E-2 4.46689E-2 4.28697E-2 4.22571E-2 5.11375E-2 4.48925E-2 4.18519E-2 4.05425E-2 3.99582E-2 3.91485E-2 4.07443E-2 4.14315E-2 4.19664E-2 4.21329E-2 3.92333E-2 4.02001E-2 3.77114E-2 3.5251E-2 3.56423E-2 3.63002E-2 3.335E-2 3.52816E-2 3.62131E-2 3.75045E-2 4.06508E-2 3.0667E-2 2.95073E-2 2.85165E-2 3.27935E-2 3.73807E-2 3.26847E-2 2.54698E-2 2.0657E-2 1.96172E-2 1.94933E-2 2.14989E-2 2.07365E-2
3.04615E-2 3.76015E-2 3.72068E-2 3.11872E-2 3.27668E-2 3.47715E-2 2.95958E-2 3.05899E-2 3.24321E-2 3.9944E-2 4.20307E-2 4.02066E-2 4.01666E-2 4.00108E-2 3.97768E-2 3.80441E-2 3.84397E-2 3.97516E-2 3.83857E-2 3.69313E-2 3.54162E-2 3.37638E-2 3.29486E-2 3.18523E-2 3.33331E-2 3.55878E-2 3.77208E-2 3.78128E-2 3.89653E-2 3.63148E-2 3.76162E-2 3.80494E-2 3.96067E-2 3.79477E-2 3.79929E-2 4.0137E-2 4.30772E-2 4.82496E-2 4.3271E-2 4.39244E-2 4.14166E-2 4.01156E-2 3.88745E-2 3.70515E-2 3.77922E-2 3.50044E-2 3.5228E-2 3.60074E-2 3.77888E-2 3.64032E-2 3.86473E-2 3.421E-2 3.3156E-2 3.92402E-2 4.71162E-2 3.43477E-2 2.11228E-2 1.94424E-2 1.95039E-2 3.21941E-2 3.32317E-2
3.42417E-2 4.0439E-2 3.94376E-2 3.86297E-2 3.95169E-2 3.67295E-2 3.18155E-2 3.10097E-2 3.3277E-2 4.02095E-2 4.24209E-2 4.09712E-2 4.17247E-2 4.05536E-2 4.05676E-2 3.83752E-2 3.76047E-2 3.88458E-2 3.90686E-2 3.75517E-2 3.6085E-2 3.74572E-2 3.48167E-2 3.46504E-2 3.65813E-2 3.71566E-2 3.84643E-2 3.89564E-2 4.13428E-2 3.49503E-2 3.7156E-2 4.10302E-2 4.01079E-2 3.9388E-2 3.88356E-2 3.755E-2 3.94995E-2 4.46342E-2 4.71709E-2 4.69496E-2 4.6881E-2 4.3569E-2 3.89855E-2 3.69238E-2 3.87716E-2 4.30605E-2 4.11637E-2 4.07403E-2 4.42159E-2 3.83581E-2 3.42295E-2 3.00767E-2 2.87187E-2 3.73004E-2 4.75709E-2 4.11953E-2 3.0191E-2 2.83925E-2 2.84079E-2 3.18842E-2 2.96627E-2
3.69743E-2 3.96671E-2 3.95489E-2 3.41115E-2 3.61936E-2 3.68517E-2 3.45976E-2 3.41049E-2 3.4911E-2 3.84377E-2 4.07033E-2 4.13464E-2 4.12821E-2 3.93812E-2 3.99919E-2 3.71196E-2 3.70087E-2 3.93059E-2 3.73891E-2 3.71763E-2 3.64156E-2 4.0646E-2 3.53438E-2 3.60731E-2 3.7974E-2 3.64883E-2 3.90511E-2 4.02186E-2 3.9155E-2 3.70559E-2 3.7238E-2 3.99774E-2 4.13156E-2 4.15039E-2 4.12256E-2 3.75115E-2 3.99973E-2 4.12274E-2 4.23404E-2 4.55956E-2 4.45335E-2 4.62643E-2 4.57653E-2 4.44664E-2 4.49596E-2 4.18851E-2 4.22519E-2 4.35486E-2 4.15272E-2 4.18403E-2 4.36405E-2 4.03807E-2 3.59215E-2 3.78716E-2 3.45475E-2 3.75102E-2 3.09157E-2 3.27773E-2 3.63053E-2 4.11026E-2 4.51747E-2
3.8483E-2 4.60183E-2 4.82692E-2 4.38171E-2 3.84593E-2 3.76965E-2 3.78457E-2 3.80093E-2 3.57657E-2 3.59871E-2 4.00989E-2 4.2052E-2 4.26365E-2 4.17448E-2 3.9765E-2 3.70595E-2 3.73448E-2 3.95582E-2 3.95098E-2 3.83652E-2 3.84067E-2 4.20643E-2 3.5851E-2 3.61998E-2 3.65508E-2 3.72571E-2 4.03101E-2 4.14314E-2 3.68769E-2 3.63137E-2 3.50724E-2 3.96241E-2 4.05943E-2 4.0163E-2 4.04657E-2 3.95295E-2 4.00529E-2 3.96374E-2 3.96747E-2 4.00582E-2 4.07799E-2 4.24295E-2 4.43623E-2 4.40754E-2 4.46048E-2 4.61019E-2 4.60448E-2 4.36634E-2 4.12486E-2 4.29298E-2 4.56548E-2 5.22971E-2 4.64249E-2 4.81147E-2 3.68944E-2 3.85349E-2 3.80451E-2 4.24326E-2 4.05113E-2 4.32542E-2 5.12483E-2
3.829E-2 4.83057E-2 5.21221E-2 4.92477E-2 4.53415E-2 4.12872E-2 4.01358E-2 3.89956E-2 3.8153E-2 3.66169E-2 3.92203E-2 4.26857E-2 4.48244E-2 4.51525E-2 4.34455E-2 4.06501E-2 3.79634E-2 3.99856E-2 4.23278E-2 4.21931E-2 4.13131E-2 3.96958E-2 3.69137E-2 3.81165E-2 3.90312E-2 4.36256E-2 5.14714E-2 5.36647E-2 5.19572E-2 4.67829E-2 4.21343E-2 4.02134E-2 3.97592E-2 3.85855E-2 3.8439E-2 3.82434E-2 3.81774E-2 3.83809E-2 3.96053E-2 4.18364E-2 3.94961E-2 3.88924E-2 3.81959E-2 3.88129E-2 3.96934E-2 4.00916E-2 4.3735E-2 4.64413E-2 4.47498E-2 4.44264E-2 4.26409E-2 4.21485E-2 4.01291E-2 3.91156E-2 4.12512E-2 4.56665E-2 4.36202E-2 4.18834E-2 4.62897E-2 6.59525E-2 1.14861E-1
3.58494E-2 3.81194E-2 3.92425E-2 3.729E-2 4.26478E-2 3.99075E-2 4.06696E-2 3.93698E-2 3.89693E-2 3.75403E-2 3.83358E-2 4.18984E-2 4.48251E-2 4.55961E-2 4.71547E-2 4.46463E-2 4.03731E-2 4.06132E-2 4.28895E-2 4.2625E-2 4.23316E-2 4.01299E-2 3.72731E-2 3.80835E-2 3.91685E-2 5.06776E-2 5.54003E-2 5.38972E-2 4.7009E-2 4.06801E-2 3.96224E-2 3.7543E-2 3.77197E-2 3.70151E-2 3.75048E-2 3.7131E-2 3.72181E-2 3.72679E-2 3.75716E-2 3.81823E-2 3.75507E-2 3.71602E-2 3.86523E-2 4.39834E-2 3.71192E-2 3.96433E-2 4.13766E-2 4.16958E-2 4.24166E-2 4.2271E-2 3.9536E-2 3.75036E-2 3.92588E-2 3.97634E-2 3.70707E-2 3.86171E-2 4.74734E-2 6.75355E-2 1.10703E-1 1.79254E-1 2.22187E-1
3.65591E-2 3.74073E-2 3.65673E-2 3.79045E-2 3.98084E-2 3.59608E-2 3.58859E-2 3.58315E-2 3.63511E-2 3.67339E-2 3.82249E-2 4.16603E-2 4.22673E-2 4.54066E-2 4.52395E-2 4.47396E-2 4.26656E-2 4.32252E-2 4.1281E-2 4.0936E-2 4.03978E-2 3.79912E-2 3.62893E-2 3.66819E-2 3.7533E-2 4.05673E-2 4.12488E-2 4.12118E-2 4.09144E-2 4.10689E-2 3.74131E-2 3.7007E-2 3.78546E-2 3.71068E-2 3.72464E-2 3.64152E-2 3.61366E-2 3.62626E-2 3.61082E-2 3.66836E-2 3.60198E-2 3.46375E-2 3.34639E-2 3.26865E-2 3.36474E-2 3.56184E-2 3.57643E-2 3.55813E-2 3.61144E-2 3.73875E-2 3.69599E-2 3.66129E-2 4.20756E-2 6.16109E-2 8.39397E-2 1.2021E-1 1.70708E-1 2.09104E-1 2.32134E-1 2.41818E-1 2.43241E-1
3.68212E-2 3.67946E-2 3.73711E-2 3.67741E-2 3.81519E-2 3.91502E-2 3.76508E-2 3.80887E-2 3.64272E-2 3.66428E-2 4.00921E-2 4.25886E-2 4.21064E-2 4.29595E-2 4.53407E-2 4.45707E-2 4.39677E-2 4.26864E-2 4.17842E-2 4.27741E-2 4.47236E-2 3.77044E-2 3.66254E-2 3.75794E-2 3.62637E-2 3.63153E-2 3.85508E-2 4.06581E-2 4.24752E-2 4.21304E-2 3.94703E-2 3.9408E-2 4.20666E-2 4.09607E-2 3.95555E-2 4.11018E-2 3.87688E-2 3.582E-2 3.56156E-2 3.56536E-2 3.51012E-2 3.66638E-2 3.36349E-2 3.4295E-2 3.51905E-2 3.41257E-2 3.28659E-2 3.30411E-2 3.17634E-2 3.52644E-2 4.39856E-2 6.59333E-2 1.3196E-1 1.96578E-1 2.32366E-1 2.34002E-1 2.37204E-1 2.43142E-1 2.43639E-1 2.50473E-1 2.56238E-1
3.72675E-2 3.94794E-2 4.25904E-2 4.01576E-2 4.01893E-2 3.87428E-2 3.83737E-2 4.03814E-2 4.06984E-2 4.05856E-2 4.28535E-2 4.18258E-2 4.20086E-2 4.43194E-2 4.62517E-2 4.558E-2 4.42705E-2 4.46609E-2 4.44767E-2 4.08635E-2 3.95355E-2 3.87365E-2 3.90499E-2 3.83867E-2 3.6595E-2 3.80768E-2 3.88936E-2 4.0539E-2 4.06538E-2 4.61855E-2 4.21784E-2 5.03939E-2 4.40688E-2 3.78988E-2 3.77092E-2 4.14996E-2 3.70237E-2 3.6219E-2 3.7002E-2 3.78385E-2 3.68487E-2 3.76922E-2 3.82273E-2 3.49834E-2 3.43603E-2 3.37524E-2 3.38619E-2 3.28902E-2 3.67442E-2 5.32799E-2 1.24701E-1 2.14971E-1 2.42793E-1 2.43105E-1 2.41885E-1 2.45045E-1 2.4711E-1 2.51368E-1 2.57488E-1 2.62531E-1 2.69322E-1
3.9119E-2 4.29908E-2 4.35469E-2 4.1163E-2 4.22568E-2 4.32712E-2 4.08544E-2 4.14212E-2 4.19239E-2 4.31945E-2 4.39873E-2 4.21765E-2 4.16215E-2 4.35946E-2 4.54223E-2 4.5159E-2 4.49653E-2 4.57918E-2 4.46423E-2 4.34271E-2 4.01997E-2 3.89332E-2 4.08507E-2 4.11539E-2 3.78961E-2 3.82526E-2 3.88379E-2 3.82564E-2 4.05748E-2 4.52445E-2 5.14129E-2 4.76773E-2 3.80926E-2 3.81819E-2 3.82331E-2 4.0033E-2 3.7624E-2 3.64195E-2 3.72414E-2 3.59729E-2 3.66865E-2 3.65891E-2 3.63181E-2 3.60251E-2 3.6047E-2 3.74403E-2 3.78243E-2 4.46832E-2 5.87244E-2 1.36708E-1 2.40432E-1 2.45257E-1 2.34385E-1 2.30963E-1 2.40797E-1 2.52967E-1 2.59487E-1 2.68502E-1 2.70091E-1 2.74723E-1 2.79361E-1
3.57696E-2 4.10392E-2 4.40743E-2 4.2857E-2 4.10707E-2 4.28212E-2 4.34736E-2 4.50668E-2 4.40555E-2 4.47007E-2 4.96831E-2 4.45532E-2 4.50593E-2 4.61426E-2 4.48839E-2 4.55314E-2 4.50465E-2 4.48875E-2 4.48351E-2 4.16368E-2 3.97677E-2 3.87741E-2 4.33328E-2 4.28954E-2 3.89337E-2 3.8465E-2 3.96629E-2 3.94833E-2 4.12446E-2 4.87772E-2 5.79688E-2 5.23888E-2 4.10907E-2 3.90556E-2 3.6909E-2 3.68843E-2 3.7047E-2 3.67052E-2 3.66977E-2 3.79762E-2 3.88394E-2 3.7245E-2 3.68094E-2 3.97614E-2 4.2398E-2 4.36264E-2 5.31711E-2 8.68741E-2 1.84665E-1 2.48271E-1 2.43973E-1 2.14499E-1 1.85987E-1 1.85397E-1 1.80048E-1 2.48987E-1 2.6946E-1 2.74133E-1 2.75757E-1 2.76573E-1 2.75182E-1
4.2261E-2 4.22492E-2 4.49181E-2 4.60931E-2 4.74171E-2 4.50151E-2 4.53691E-2 4.54116E-2 4.66324E-2 4.88029E-2 5.43991E-2 5.16756E-2 5.17743E-2 5.11254E-2 4.96149E-2 4.92585E-2 5.00103E-2 4.79503E-2 4.56996E-2 4.41671E-2 4.16233E-2 4.02819E-2 4.33447E-2 4.38694E-2 3.94254E-2 3.88257E-2 4.03254E-2 4.14186E-2 4.24986E-2 4.43997E-2 4.52852E-2 4.53031E-2 4.23501E-2 4.11205E-2 3.72762E-2 3.68707E-2 3.7178E-2 3.85129E-2 3.89096E-2 3.86098E-2 3.8716E-2 3.88631E-2 4.1797E-2 4.86385E-2 5.47537E-2 7.77849E-2 1.47645E-1 2.28967E-1 2.32783E-1 1.75693E-1 1.35331E-1 9.92073E-2 1.12831E-1 1.40529E-1 1.79172E-1 2.38099E-1 2.55545E-1 2.63263E-1 2.4113E-1 2.20178E-1 1.91728E-1
4.36773E-2 4.68577E-2 4.80867E-2 4.88817E-2 5.04289E-2 4.84607E-2 4.8678E-2 4.67652E-2 4.76396E-2 5.09505E-2 5.40927E-2 5.56563E-2 5.31095E-2 5.27916E-2 5.23885E-2 4.83302E-2 4.85527E-2 4.95093E-2 4.71694E-2 4.64879E-2 4.71453E-2 4.67692E-2 4.37334E-2 4.00604E-2 3.77005E-2 3.84223E-2 4.05072E-2 3.92012E-2 4.08461E-2 4.21733E-2 4.34625E-2 4.6063E-2 4.82627E-2 4.31255E-2 3.93142E-2 3.8001E-2 3.93456E-2 4.63119E-2 3.92229E-2 3.91046E-2 4.08337E-2 4.21249E-2 4.47722E-2 5.19833E-2 8.17905E-2 1.26055E-1 1.1999E-1 9.85153E-2 8.25638E-2 7.39728E-2 7.28666E-2 8.64307E-2 1.23629E-1 1.75722E-1 1.9572E-1 2.15823E-1 2.06314E-1 1.52252E-1 1.05546E-1 9.83365E-2 9.22209E-2
4.55027E-2 4.61787E-2 4.68892E-2 4.94442E-2 5.38756E-2 4.99525E-2 5.09708E-2 4.98629E-2 4.84206E-2 4.88795E-2 5.32662E-2 5.5715E-2 5.49671E-2 5.41911E-2 5.18617E-2 5.20502E-2 5.12294E-2 5.12855E-2 4.96451E-2 4.79439E-2 4.66518E-2 5.02911E-2 4.77988E-2 4.38358E-2 4.13912E-2 3.89866E-2 4.04303E-2 4.21804E-2 4.25169E-2 4.20796E-2 4.37881E-2 5.50432E-2 5.47729E-2 4.51837E-2 4.08161E-2 4.01488E-2 4.06499E-2 3.99165E-2 3.91759E-2 3.92761E-2 4.13345E-2 4.52765E-2 5.13267E-2 5.90101E-2 6.39743E-2 6.60165E-2 6.90097E-2 6.81215E-2 6.93342E-2 6.11688E-2 6.76236E-2 8.51003E-2 9.52531E-2 1.1571E-1 1.32079E-1 1.133E-1 9.89408E-2 8.73472E-2 7.93587E-2 8.14735E-2 7.48538E-2
4.41213E-2 4.52294E-2 4.53709E-2 4.78809E-2 5.43853E-2 5.19388E-2 5.05088E-2 5.20847E-2 5.00321E-2 5.01121E-2 5.09976E-2 5.52212E-2 5.52712E-2 5.52575E-2 5.44861E-2 5.49265E-2 5.51974E-2 5.39524E-2 5.15352E-2 4.83325E-2 4.88105E-2 5.09327E-2 5.48053E-2 5.52351E-2 4.44213E-2 4.22037E-2 4.42602E-2 4.46691E-2 4.64414E-2 4.50617E-2 5.21521E-2 6.09698E-2 5.45027E-2 5.30111E-2 5.13297E-2 4.47615E-2 4.10368E-2 4.02348E-2 4.00589E-2 4.11133E-2 4.76769E-2 4.67903E-2 4.97596E-2 4.81085E-2 4.9493E-2 5.51736E-2 6.08173E-2 5.41892E-2 5.90047E-2 6.77204E-2 6.74859E-2 7.1134E-2 7.60755E-2 7.79447E-2 6.99373E-2 6.77389E-2 6.56498E-2 7.03366E-2 7.02987E-2 7.51099E-2 7.20985E-2
4.3457E-2 4.50044E-2 4.745E-2 4.77451E-2 5.31741E-2 5.60112E-2 5.66651E-2 5.54748E-2 5.20049E-2 5.28008E-2 5.28045E-2 5.66014E-2 5.95957E-2 5.8658E-2 5.66493E-2 5.50187E-2 5.33956E-2 5.48366E-2 5.42386E-2 5.3335E-2 5.35617E-2 5.51635E-2 5.34641E-2 5.14729E-2 4.66616E-2 4.58817E-2 4.64273E-2 4.87651E-2 5.14016E-2 5.53411E-2 5.4036E-2 5.28415E-2 4.82821E-2 4.80602E-2 7.072E-2 7.73504E-2 4.23288E-2 4.14334E-2 4.26984E-2 4.70883E-2 4.63685E-2 4.61732E-2 4.86703E-2 5.0066E-2 5.45711E-2 6.18263E-2 5.50398E-2 5.81059E-2 5.73676E-2 5.78336E-2 6.11903E-2 5.98622E-2 5.87186E-2 5.83506E-2 5.5655E-2 5.69538E-2 5.98281E-2 6.03057E-2 6.32265E-2 6.27314E-2 6.30023E-2
4.68017E-2 4.63864E-2 4.72917E-2 4.74694E-2 5.82884E-2 5.91463E-2 5.64368E-2 6.10335E-2 5.58097E-2 5.54353E-2 5.75485E-2 5.93877E-2 6.18951E-2 6.31121E-2 6.30299E-2 6.16303E-2 5.77493E-2 5.57129E-2 5.68686E-2 5.84337E-2 5.71419E-2 5.52846E-2 5.64866E-2 5.12732E-2 5.03008E-2 4.91365E-2 4.85382E-2 5.11027E-2 5.42781E-2 5.33642E-2 5.54035E-2 5.05422E-2 4.7162E-2 4.69199E-2 4.86601E-2 5.30256E-2 4.51968E-2 4.57616E-2 4.64395E-2 4.87329E-2 4.92887E-2 5.26959E-2 5.87255E-2 6.13093E-2 6.34876E-2 6.64285E-2 6.44248E-2 6.2915E-2 6.10558E-2 5.95968E-2 6.02628E-2 5.74612E-2 5.58526E-2 5.43912E-2 5.40629E-2 5.9266E-2 6.26399E-2 5.86315E-2 5.97689E-2 5.77261E-2 5.40093E-2
4.50428E-2 4.96876E-2 4.75998E-2 5.31763E-2 6.10567E-2 5.72851E-2 5.7669E-2 6.12644E-2 6.37279E-2 5.77753E-2 5.79877E-2 5.66204E-2 5.64869E-2 6.70747E-2 6.50808E-2 6.29736E-2 5.84094E-2 6.112E-2 5.66639E-2 5.75665E-2 5.72239E-2 5.62263E-2 5.29694E-2 5.33426E-2 5.69279E-2 5.2604E-2 5.62786E-2 5.51772E-2 5.72437E-2 5.51944E-2 5.68054E-2 5.66001E-2 5.15196E-2 4.72668E-2 4.6988E-2 4.80639E-2 5.1484E-2 5.20805E-2 5.14346E-2 5.26252E-2 5.8358E-2 5.97882E-2 6.58881E-2 6.95314E-2 7.16003E-2 6.60642E-2 6.04879E-2 6.17146E-2 6.3645E-2 6.86066E-2 6.33085E-2 5.84337E-2 5.65254E-2 5.64838E-2 5.82965E-2 5.57512E-2 5.73914E-2 6.08338E-2 5.75481E-2 5.86704E-2 5.46641E-2
5.02854E-2 4.98074E-2 5.25498E-2 5.93284E-2 5.83749E-2 5.78953E-2 6.00221E-2 6.60539E-2 6.82394E-2 6.4966E-2 5.74689E-2 4.95842E-2 4.88866E-2 5.24583E-2 7.01386E-2 7.0491E-2 7.04829E-2 6.56403E-2 5.87544E-2 5.75873E-2 6.07165E-2 5.80805E-2 5.72876E-2 5.50971E-2 5.63487E-2 5.37314E-2 5.3621E-2 5.86104E-2 6.0115E-2 5.85176E-2 5.85073E-2 6.08349E-2 5.69338E-2 5.43317E-2 5.3914E-2 5.31453E-2 5.56167E-2 5.67951E-2 5.83609E-2 5.75279E-2 6.13886E-2 6.04425E-2 6.25391E-2 6.36766E-2 6.00428E-2 5.87785E-2 5.95464E-2 5.92689E-2 5.9216E-2 5.59105E-2 5.63997E-2 5.54558E-2 5.61572E-2 5.54598E-2 5.74966E-2 5.3729E-2 5.21126E-2 5.53573E-2 5.34735E-2 5.58079E-2 5.33897E-2
5.22923E-2 5.31522E-2 5.81589E-2 6.0907E-2 5.96184E-2 6.03143E-2 6.12927E-2 6.4228E-2 6.18166E-2 6.30235E-2 5.56635E-2 5.3351E-2 5.10297E-2 4.4962E-2 5.70756E-2 7.34596E-2 7.27949E-2 6.77491E-2 6.37138E-2 5.94643E-2 5.83213E-2 5.87596E-2 6.01826E-2 5.83883E-2 6.23225E-2 5.50181E-2 5.46632E-2 5.77247E-2 6.02248E-2 6.01496E-2 6.38093E-2 6.42726E-2 6.31933E-2 6.1885E-2 6.12571E-2 6.11297E-2 6.11809E-2 6.25246E-2 6.17579E-2 6.53693E-2 6.52452E-2 6.11279E-2 5.7978E-2 5.91325E-2 5.70207E-2 5.66363E-2 5.61677E-2 5.77038E-2 5.79019E-2 5.72875E-2 5.94553E-2 6.10042E-2 5.7525E-2 5.33643E-2 5.37037E-2 5.14795E-2 4.97299E-2 5.14748E-2 5.49916E-2 5.50018E-2 5.60781E-2
5.92191E-2 5.94323E-2 6.14059E-2 6.30877E-2 6.32558E-2 6.49876E-2 6.47531E-2 6.384E-2 6.48679E-2 6.24683E-2 5.84526E-2 5.87035E-2 6.19977E-2 4.81971E-2 4.70652E-2 6.74263E-2 7.52268E-2 7.20067E-2 7.0683E-2 6.43372E-2 6.17177E-2 5.92692E-2 5.87318E-2 6.20083E-2 6.19096E-2 6.28662E-2 6.03333E-2 5.97114E-2 6.10438E-2 6.40637E-2 6.25112E-2 6.45263E-2 6.75544E-2 6.76199E-2 6.94545E-2 6.86281E-2 7.04E-2 6.8754E-2 6.9567E-2 7.32374E-2 6.79435E-2 6.40183E-2 6.11885E-2 5.91635E-2 5.88938E-2 5.80229E-2 5.98452E-2 5.74434E-2 5.73513E-2 6.12691E-2 6.31599E-2 6.02704E-2 5.98279E-2 5.83082E-2 5.62671E-2 5.33595E-2 5.40273E-2 5.50159E-2 5.97799E-2 5.6047E-2 5.32198E-2
6.06626E-2 6.48183E-2 6.67323E-2 6.73109E-2 6.80212E-2 6.54612E-2 6.36915E-2 6.3205E-2 6.44284E-2 6.02619E-2 5.97329E-2 6.01408E-2 5.933E-2 5.27601E-2 4.52258E-2 5.86705E-2 7.13916E-2 7.26904E-2 7.69813E-2 7.2802E-2 7.30508E-2 6.5634E-2 6.34097E-2 6.36579E-2 6.15936E-2 6.20346E-2 6.88997E-2 6.86625E-2 6.55553E-2 6.38333E-2 6.29384E-2 6.63531E-2 6.85853E-2 7.01568E-2 7.08478E-2 7.39028E-2 7.74164E-2 7.73134E-2 8.05562E-2 7.69608E-2 7.43235E-2 6.64454E-2 6.30516E-2 5.9323E-2 5.93693E-2 6.03895E-2 6.14849E-2 6.15567E-2 6.55712E-2 6.54819E-2 6.81011E-2 6.40927E-2 6.30257E-2 6.38158E-2 6.10276E-2 5.56644E-2 5.9228E-2 6.26657E-2 6.23953E-2 5.70652E-2 5.3628E-2
6.17519E-2 6.47102E-2 6.92099E-2 7.11128E-2 7.01345E-2 6.81923E-2 6.66421E-2 6.50928E-2 6.50858E-2 6.07462E-2 5.97844E-2 5.8364E-2 5.90229E-2 5.35499E-2 4.81396E-2 5.15982E-2 6.49132E-2 7.35031E-2 7.46806E-2 7.11239E-2 6.87993E-2 7.28674E-2 6.72241E-2 6.41036E-2 6.47324E-2 6.35876E-2 6.60352E-2 6.74832E-2 6.47507E-2 6.61049E-2 6.90934E-2 6.91451E-2 6.74061E-2 7.07203E-2 7.1348E-2 7.30088E-2 8.13559E-2 8.54267E-2 8.65601E-2 7.9536E-2 8.24583E-2 6.8053E-2 6.0857E-2 5.9266E-2 6.45055E-2 6.66364E-2 6.7976E-2 6.53481E-2 6.70987E-2 6.73416E-2 6.48819E-2 6.45758E-2 6.03294E-2 6.06167E-2 5.83067E-2 5.61153E-2 5.89512E-2 6.00018E-2 5.962E-2 6.27212E-2 5.66142E-2
