maxent_outputs/white_flowers_troch_bombus_environ/white_340.asc
ncols         426
nrows         180
xllcorner     -130.0
yllcorner     24.0
cellsize      0.16666666666666666
NODATA_value  -9999
[rows 54 to 80 of 180, columns 305 to 365 of 426]
6.93136E-2 6.80555E-2 6.81482E-2 6.56327E-2 6.32836E-2 6.13689E-2 6.04042E-2 5.99491E-2 5.93991E-2 5.8903E-2 5.7775E-2 5.94939E-2 5.95589E-2 6.03485E-2 6.22331E-2 6.45163E-2 6.59821E-2 6.68338E-2 6.89744E-2 7.08649E-2 7.23136E-2 7.30153E-2 7.16597E-2 7.41613E-2 7.83147E-2 7.80223E-2 7.5627E-2 7.4651E-2 7.42282E-2 7.28113E-2 6.74216E-2 6.44353E-2 6.74602E-2 6.86384E-2 7.45375E-2 8.04729E-2 7.26388E-2 6.90631E-2 6.94163E-2 6.91934E-2 6.99784E-2 6.91307E-2 6.46956E-2 6.17793E-2 5.98446E-2 5.7752E-2 5.54355E-2 5.59117E-2 5.53692E-2 5.59391E-2 5.73941E-2 6.01572E-2 6.48154E-2 6.86094E-2 7.29735E-2 7.43616E-2 7.37611E-2 7.58725E-2 7.73767E-2 7.85874E-2 7.98277E-2
7.03452E-2 6.91547E-2 7.06795E-2 6.9105E-2 6.71844E-2 6.45245E-2 6.38202E-2 6.33313E-2 6.28685E-2 6.22548E-2 6.20304E-2 6.22429E-2 6.30621E-2 6.49757E-2 6.65675E-2 6.95838E-2 7.2035E-2 7.65794E-2 7.35366E-2 7.32435E-2 7.35547E-2 7.41704E-2 7.56421E-2 7.30238E-2 7.26298E-2 7.18607E-2 7.04528E-2 6.86241E-2 6.56606E-2 6.39203E-2 6.00638E-2 5.88851E-2 6.1642E-2 6.7329E-2 8.01094E-2 8.36541E-2 6.93075E-2 6.70144E-2 6.59235E-2 6.59463E-2 6.60262E-2 6.458E-2 6.20347E-2 5.97748E-2 5.87454E-2 5.83042E-2 5.77535E-2 5.64891E-2 5.8222E-2 5.77433E-2 6.16777E-2 6.51384E-2 7.0097E-2 7.47298E-2 7.78397E-2 7.81821E-2 7.84916E-2 7.93817E-2 8.11342E-2 8.30374E-2 8.65733E-2
7.33429E-2 7.26664E-2 7.28321E-2 7.02948E-2 7.10683E-2 6.90219E-2 6.85372E-2 6.92196E-2 7.04836E-2 6.83164E-2 6.78827E-2 6.91951E-2 7.02259E-2 7.06129E-2 7.27937E-2 7.62471E-2 7.8949E-2 7.78498E-2 7.94509E-2 7.79781E-2 7.86776E-2 7.66187E-2 7.32667E-2 7.18885E-2 7.01251E-2 6.76881E-2 6.33349E-2 6.19543E-2 6.11148E-2 5.99326E-2 5.8729E-2 6.10616E-2 6.41906E-2 7.10654E-2 8.97546E-2 8.79845E-2 7.09177E-2 6.68041E-2 6.41633E-2 6.6347E-2 6.49594E-2 6.13802E-2 6.15142E-2 5.97733E-2 5.92073E-2 6.08604E-2 6.13377E-2 6.13577E-2 6.14106E-2 6.5577E-2 6.97491E-2 7.28952E-2 7.57279E-2 8.00051E-2 8.34612E-2 8.51078E-2 8.40957E-2 8.49482E-2 8.73435E-2 8.89519E-2 9.33333E-2
7.3361E-2 7.13603E-2 7.20744E-2 7.24702E-2 7.30868E-2 6.93908E-2 6.8743E-2 7.06813E-2 7.38399E-2 7.36005E-2 7.32756E-2 7.56721E-2 7.54295E-2 7.49028E-2 7.73369E-2 8.00994E-2 8.13458E-2 7.98176E-2 8.04827E-2 8.36046E-2 8.26941E-2 7.6016E-2 7.24449E-2 7.05648E-2 6.77965E-2 6.37502E-2 6.23745E-2 6.06116E-2 6.03474E-2 5.98038E-2 5.83054E-2 5.83447E-2 6.85441E-2 7.04476E-2 8.33123E-2 9.3037E-2 7.21417E-2 6.61664E-2 6.65813E-2 6.48667E-2 6.55351E-2 6.14123E-2 6.33444E-2 6.27806E-2 6.18195E-2 6.15316E-2 6.44562E-2 6.67713E-2 7.1158E-2 7.38489E-2 7.66316E-2 7.76744E-2 8.14168E-2 8.57541E-2 8.7719E-2 8.91799E-2 8.93806E-2 9.09253E-2 9.24807E-2 9.68817E-2 1.01471E-1
7.22647E-2 7.37152E-2 7.42509E-2 7.23117E-2 7.38717E-2 7.4285E-2 7.49058E-2 7.36454E-2 7.86967E-2 7.95384E-2 8.14307E-2 8.14865E-2 8.10342E-2 8.0813E-2 8.36631E-2 8.8326E-2 9.00793E-2 9.15863E-2 9.15481E-2 8.14421E-2 7.68944E-2 7.27592E-2 7.22835E-2 7.03835E-2 6.64851E-2 6.39752E-2 6.23385E-2 6.28903E-2 6.30071E-2 6.15708E-2 5.7663E-2 5.56302E-2 6.24841E-2 7.04928E-2 7.97997E-2 8.11666E-2 7.21781E-2 6.5134E-2 6.89266E-2 6.84344E-2 6.5578E-2 6.41298E-2 6.57902E-2 6.52653E-2 6.34549E-2 6.64197E-2 7.23707E-2 8.33904E-2 7.93095E-2 8.44061E-2 8.54513E-2 8.61801E-2 8.82753E-2 9.07397E-2 9.31298E-2 9.6456E-2 9.63354E-2 9.73237E-2 9.9933E-2 1.03174E-1 1.05931E-1
7.491E-2 7.78286E-2 7.49652E-2 7.64059E-2 7.96808E-2 8.17296E-2 7.83997E-2 8.10734E-2 8.60034E-2 9.07177E-2 9.00849E-2 9.29119E-2 9.02218E-2 9.72877E-2 1.08284E-1 1.23222E-1 1.06828E-1 9.57168E-2 8.64716E-2 8.10936E-2 7.6684E-2 7.43406E-2 7.41612E-2 7.03644E-2 6.5303E-2 6.36112E-2 6.36239E-2 6.39995E-2 6.24505E-2 6.0243E-2 5.66203E-2 5.58084E-2 6.17559E-2 7.07066E-2 8.10542E-2 7.74531E-2 7.25954E-2 6.54359E-2 6.95101E-2 6.74415E-2 6.62716E-2 6.59892E-2 6.80429E-2 6.68063E-2 6.91148E-2 7.44195E-2 7.85995E-2 8.69665E-2 9.19589E-2 9.29454E-2 9.2663E-2 9.39395E-2 9.57099E-2 9.83552E-2 9.97891E-2 1.01243E-1 1.03011E-1 1.05807E-1 1.0744E-1 1.0834E-1 1.11149E-1
8.88797E-2 9.3868E-2 9.55399E-2 9.85815E-2 1.04606E-1 1.15047E-1 1.25008E-1 1.29588E-1 1.36641E-1 1.32113E-1 1.13414E-1 1.06052E-1 9.87739E-2 1.16224E-1 1.38179E-1 1.33725E-1 1.24758E-1 1.07369E-1 9.50651E-2 8.64573E-2 7.78335E-2 7.63638E-2 7.45011E-2 7.11473E-2 6.68081E-2 6.58738E-2 6.58164E-2 6.62417E-2 6.40894E-2 6.31382E-2 6.25456E-2 6.23935E-2 7.08942E-2 7.33751E-2 7.99808E-2 7.78473E-2 7.54187E-2 6.87801E-2 7.30833E-2 7.20571E-2 6.96535E-2 7.17405E-2 7.18872E-2 7.15214E-2 7.45396E-2 7.9172E-2 8.70975E-2 9.65242E-2 9.85141E-2 9.63526E-2 9.56604E-2 1.06772E-1 1.01925E-1 1.00645E-1 1.03654E-1 1.0912E-1 1.15769E-1 1.1894E-1 1.16743E-1 1.22293E-1 1.40708E-1
1.32537E-1 1.50513E-1 1.54527E-1 1.59057E-1 1.58832E-1 1.61226E-1 1.61562E-1 1.61092E-1 1.58199E-1 1.53035E-1 1.49257E-1 1.4387E-1 1.43405E-1 1.49156E-1 1.48347E-1 1.46628E-1 1.42695E-1 1.15692E-1 9.52732E-2 8.35169E-2 7.56782E-2 7.46135E-2 7.93777E-2 7.72728E-2 7.24576E-2 7.01507E-2 7.05283E-2 6.74634E-2 6.57359E-2 6.57827E-2 6.70285E-2 7.37292E-2 7.73008E-2 7.52896E-2 8.33051E-2 7.89921E-2 7.70577E-2 7.08491E-2 7.46878E-2 7.6087E-2 7.6267E-2 7.66181E-2 7.45361E-2 7.59765E-2 8.02126E-2 8.51417E-2 9.118E-2 9.52104E-2 9.77575E-2 9.75093E-2 9.80547E-2 1.03695E-1 1.03365E-1 1.07596E-1 1.15916E-1 1.24343E-1 1.23361E-1 1.32298E-1 -9999 1.59962E-1 -9999
1.73077E-1 1.68746E-1 1.65637E-1 1.64276E-1 1.65171E-1 1.66775E-1 1.67683E-1 1.66103E-1 1.63993E-1 1.62485E-1 1.60338E-1 1.56179E-1 1.54143E-1 1.53581E-1 1.53681E-1 1.50802E-1 1.34503E-1 1.1772E-1 9.9832E-2 9.02445E-2 8.30607E-2 7.79587E-2 8.35654E-2 8.60466E-2 8.09202E-2 7.55187E-2 7.28838E-2 7.0231E-2 7.24552E-2 6.93385E-2 6.96053E-2 7.77651E-2 7.94078E-2 8.21561E-2 8.29806E-2 8.05516E-2 7.50879E-2 7.33907E-2 7.53369E-2 7.83561E-2 8.00775E-2 7.90891E-2 7.83171E-2 7.78907E-2 8.28359E-2 8.62463E-2 9.08682E-2 9.73356E-2 9.74573E-2 9.8857E-2 1.02186E-1 1.04766E-1 1.09261E-1 1.17916E-1 -9999 -9999 -9999 -9999 -9999 -9999 -9999
1.79448E-1 1.67908E-1 1.52729E-1 1.3735E-1 1.34989E-1 1.36199E-1 1.36549E-1 1.37666E-1 1.46232E-1 1.6022E-1 1.59987E-1 1.56236E-1 1.5622E-1 1.51158E-1 1.35421E-1 1.11598E-1 1.06627E-1 1.02471E-1 1.00694E-1 9.95211E-2 9.51599E-2 8.91663E-2 9.18568E-2 9.0811E-2 8.54426E-2 8.03493E-2 7.74144E-2 7.84529E-2 7.85236E-2 7.98055E-2 7.58647E-2 8.10595E-2 8.28257E-2 8.4247E-2 8.30494E-2 7.95332E-2 7.56342E-2 7.68735E-2 7.95696E-2 8.21832E-2 8.34487E-2 8.24328E-2 8.14418E-2 8.29451E-2 8.8702E-2 8.94715E-2 8.85198E-2 9.21142E-2 9.95967E-2 1.03652E-1 1.07121E-1 1.10918E-1 1.17273E-1 -9999 -9999 -9999 -9999 -9999 -9999 -9999 -9999
1.26845E-1 1.19355E-1 1.13491E-1 1.07614E-1 1.05238E-1 1.04058E-1 1.04466E-1 1.06586E-1 1.08976E-1 1.16114E-1 1.13056E-1 1.08704E-1 1.08336E-1 1.11133E-1 1.06935E-1 1.04223E-1 1.03755E-1 1.01929E-1 1.02903E-1 1.05692E-1 1.01366E-1 9.58225E-2 9.28471E-2 8.72597E-2 8.37162E-2 8.01128E-2 7.97737E-2 7.97387E-2 7.90557E-2 8.64278E-2 8.48332E-2 8.36315E-2 8.72076E-2 8.66556E-2 8.1633E-2 7.96109E-2 8.15044E-2 8.41323E-2 8.59282E-2 8.66044E-2 8.70266E-2 8.5819E-2 8.54871E-2 9.24367E-2 9.56563E-2 9.26693E-2 9.11011E-2 9.53134E-2 1.02283E-1 1.0686E-1 1.13467E-1 1.19262E-1 -9999 -9999 -9999 -9999 -9999 -9999 -9999 -9999 -9999
1.14416E-1 1.12705E-1 1.06576E-1 1.00437E-1 9.89067E-2 9.73385E-2 9.58512E-2 9.88863E-2 1.02984E-1 1.03816E-1 1.03399E-1 1.02105E-1 1.02731E-1 1.05143E-1 1.04623E-1 1.02476E-1 1.01126E-1 1.00875E-1 1.00072E-1 9.92879E-2 9.5559E-2 9.2864E-2 9.20516E-2 9.09736E-2 8.723E-2 8.31857E-2 8.44729E-2 8.44572E-2 8.70491E-2 9.00659E-2 8.76859E-2 8.91484E-2 9.17614E-2 8.83552E-2 8.32544E-2 8.24018E-2 8.39125E-2 8.81711E-2 9.16017E-2 9.13772E-2 8.97847E-2 8.88699E-2 9.23893E-2 9.81501E-2 1.00383E-1 9.88151E-2 9.75208E-2 1.02281E-1 1.07088E-1 1.13569E-1 1.23005E-1 1.23082E-1 -9999 -9999 -9999 -9999 -9999 -9999 -9999 -9999 -9999
1.1486E-1 1.18983E-1 1.0896E-1 9.71696E-2 9.19371E-2 9.17716E-2 9.03051E-2 9.45327E-2 9.79998E-2 9.50126E-2 9.46017E-2 9.70353E-2 9.75093E-2 1.04907E-1 1.05482E-1 9.73186E-2 9.34924E-2 9.31247E-2 9.14537E-2 8.82727E-2 8.40892E-2 8.49813E-2 8.36774E-2 8.10354E-2 7.97135E-2 8.11241E-2 8.61416E-2 8.85484E-2 8.94859E-2 9.07959E-2 8.96412E-2 9.37526E-2 9.42727E-2 9.02963E-2 8.53885E-2 8.54907E-2 8.56015E-2 9.25097E-2 9.649E-2 9.53243E-2 9.2368E-2 9.18817E-2 9.58175E-2 1.00199E-1 1.06012E-1 1.06455E-1 1.053E-1 1.09418E-1 1.14039E-1 1.21834E-1 1.25986E-1 1.67991E-1 -9999 -9999 -9999 -9999 -9999 -9999 -9999 -9999 -9999
1.43746E-1 1.18356E-1 1.00861E-1 9.1277E-2 8.23591E-2 7.94858E-2 8.26845E-2 9.25804E-2 9.11108E-2 8.78735E-2 8.87145E-2 9.31594E-2 9.1646E-2 1.07707E-1 1.10115E-1 9.1769E-2 8.89318E-2 8.64263E-2 8.59201E-2 8.32005E-2 8.01533E-2 8.20422E-2 8.08367E-2 7.84406E-2 7.63627E-2 7.99995E-2 7.70704E-2 8.23212E-2 8.53216E-2 8.7385E-2 8.88783E-2 9.72048E-2 9.70492E-2 9.04954E-2 8.50751E-2 8.83169E-2 9.07737E-2 9.63162E-2 9.97686E-2 9.97921E-2 9.72171E-2 9.38915E-2 9.56414E-2 9.91662E-2 1.11761E-1 1.14158E-1 1.16735E-1 1.20491E-1 1.27216E-1 1.28849E-1 1.34109E-1 1.44632E-1 -9999 -9999 -9999 -9999 -9999 -9999 -9999 -9999 -9999
1.1278E-1 9.67381E-2 8.48745E-2 8.0684E-2 7.67713E-2 7.28695E-2 7.82212E-2 8.39983E-2 8.56839E-2 7.60124E-2 7.88578E-2 7.99625E-2 9.28237E-2 9.80118E-2 9.20159E-2 1.0054E-1 8.88507E-2 8.63784E-2 8.51041E-2 8.41764E-2 8.21321E-2 8.37525E-2 8.22251E-2 8.02369E-2 7.82466E-2 7.85839E-2 7.38242E-2 7.51538E-2 8.16832E-2 8.19545E-2 8.43411E-2 9.46547E-2 9.77969E-2 9.1873E-2 8.64735E-2 8.87059E-2 9.14617E-2 9.59093E-2 1.03024E-1 1.04047E-1 1.01272E-1 9.75743E-2 9.57033E-2 1.03351E-1 1.16356E-1 1.20424E-1 1.25469E-1 1.30341E-1 1.32882E-1 1.34382E-1 1.3945E-1 1.45261E-1 -9999 -9999 -9999 -9999 -9999 -9999 -9999 -9999 -9999
9.09421E-2 9.02217E-2 8.28572E-2 7.55459E-2 7.19095E-2 7.21929E-2 7.56072E-2 7.25358E-2 7.54702E-2 7.07835E-2 7.45109E-2 8.20248E-2 8.47818E-2 9.04654E-2 8.42575E-2 8.99062E-2 8.94581E-2 8.70721E-2 8.81747E-2 8.85826E-2 8.77267E-2 8.60831E-2 8.45916E-2 8.27695E-2 8.09201E-2 7.67264E-2 7.40515E-2 7.39529E-2 7.87944E-2 8.05181E-2 8.9907E-2 9.47522E-2 9.98939E-2 9.38336E-2 9.05935E-2 9.2509E-2 9.29759E-2 9.91203E-2 1.04875E-1 1.08164E-1 1.07594E-1 1.07014E-1 9.99011E-2 1.0722E-1 1.20615E-1 1.2684E-1 1.30321E-1 1.34628E-1 1.39767E-1 1.41267E-1 -9999 -9999 -9999 -9999 -9999 -9999 -9999 -9999 -9999 -9999 -9999
8.45854E-2 8.08261E-2 7.92019E-2 7.59728E-2 7.28792E-2 7.23208E-2 7.38622E-2 6.89089E-2 6.9417E-2 7.41478E-2 7.50008E-2 7.9679E-2 8.07853E-2 8.38348E-2 8.45219E-2 8.43129E-2 8.79021E-2 8.96211E-2 9.00808E-2 9.15243E-2 9.00392E-2 8.82724E-2 8.60744E-2 8.26031E-2 7.89799E-2 7.73557E-2 7.43148E-2 7.64806E-2 8.09789E-2 8.22243E-2 8.84424E-2 1.07985E-1 1.0314E-1 9.49056E-2 9.43888E-2 9.65095E-2 9.9361E-2 1.07808E-1 1.1672E-1 1.19526E-1 1.16433E-1 1.14125E-1 1.11909E-1 1.17014E-1 1.26306E-1 1.30979E-1 1.33611E-1 1.39363E-1 1.44484E-1 1.49925E-1 1.53798E-1 -9999 -9999 -9999 -9999 -9999 -9999 -9999 -9999 -9999 -9999
8.62266E-2 8.59019E-2 8.14521E-2 8.03958E-2 7.77738E-2 7.30077E-2 6.98571E-2 6.98948E-2 6.65657E-2 6.96395E-2 7.50358E-2 7.96542E-2 8.28216E-2 8.57765E-2 8.93962E-2 8.74826E-2 8.97863E-2 9.0943E-2 9.28064E-2 9.25162E-2 9.00146E-2 8.82866E-2 8.69836E-2 8.603E-2 8.41179E-2 8.21542E-2 8.1464E-2 8.23718E-2 8.87606E-2 9.62794E-2 1.0195E-1 1.13974E-1 1.04661E-1 9.84967E-2 9.89494E-2 1.00632E-1 1.04635E-1 1.12814E-1 1.23472E-1 1.26117E-1 1.21735E-1 1.19651E-1 1.22582E-1 1.23423E-1 1.29541E-1 1.35104E-1 1.37052E-1 1.41618E-1 1.46003E-1 1.50293E-1 1.5753E-1 1.61569E-1 -9999 1.78157E-1 1.86778E-1 -9999 -9999 -9999 -9999 -9999 -9999
8.56667E-2 8.57517E-2 8.05069E-2 8.01084E-2 7.8577E-2 7.48936E-2 7.19352E-2 6.92732E-2 6.82104E-2 7.218E-2 7.59085E-2 7.93475E-2 8.10727E-2 7.84645E-2 8.34449E-2 8.96301E-2 8.93915E-2 8.7726E-2 8.81646E-2 8.75823E-2 8.91402E-2 8.80237E-2 8.68933E-2 9.00001E-2 8.78062E-2 8.66753E-2 8.60652E-2 8.91335E-2 9.44769E-2 1.11224E-1 1.16708E-1 1.1739E-1 1.08812E-1 1.01816E-1 1.04034E-1 1.05061E-1 1.13916E-1 1.22627E-1 1.27768E-1 1.28944E-1 1.2531E-1 1.25234E-1 1.27408E-1 1.29394E-1 1.35886E-1 1.39596E-1 1.45042E-1 1.48309E-1 1.51982E-1 1.55382E-1 1.59688E-1 1.62745E-1 -9999 -9999 1.97331E-1 2.05834E-1 -9999 -9999 -9999 -9999 -9999
8.56522E-2 8.35461E-2 7.98569E-2 7.8284E-2 7.76043E-2 7.62795E-2 7.36506E-2 7.09815E-2 7.31778E-2 7.48585E-2 7.53584E-2 7.64435E-2 7.83463E-2 7.6034E-2 8.65984E-2 9.0398E-2 9.45074E-2 9.29586E-2 9.06864E-2 8.88476E-2 8.95711E-2 8.77326E-2 8.703E-2 9.02649E-2 9.38739E-2 9.39471E-2 9.52134E-2 9.90986E-2 1.06183E-1 1.11886E-1 1.15067E-1 1.18947E-1 1.12073E-1 1.10445E-1 1.12725E-1 1.1438E-1 1.22852E-1 1.31032E-1 1.37017E-1 1.36781E-1 1.31581E-1 1.32928E-1 1.34092E-1 1.3713E-1 1.40234E-1 1.45943E-1 1.5255E-1 1.5586E-1 1.56702E-1 1.61358E-1 1.64318E-1 1.67879E-1 1.77763E-1 1.86415E-1 1.94671E-1 2.01965E-1 -9999 -9999 -9999 -9999 -9999
8.53437E-2 8.27607E-2 8.12098E-2 8.07632E-2 8.11917E-2 8.36827E-2 8.15412E-2 7.97522E-2 7.85842E-2 7.71953E-2 8.13945E-2 7.81685E-2 7.66029E-2 8.07407E-2 8.09668E-2 8.33322E-2 8.51152E-2 9.16876E-2 9.67633E-2 9.6787E-2 9.32644E-2 9.04582E-2 9.13617E-2 9.40435E-2 9.87997E-2 9.96898E-2 1.01819E-1 1.06006E-1 1.14416E-1 1.16109E-1 1.17445E-1 1.23805E-1 1.19668E-1 1.1925E-1 1.24676E-1 1.25507E-1 1.31521E-1 1.39435E-1 1.44496E-1 1.44276E-1 1.40748E-1 1.41857E-1 1.45953E-1 1.46594E-1 1.47382E-1 1.49201E-1 1.57781E-1 1.67207E-1 1.65584E-1 1.67125E-1 1.76123E-1 1.81395E-1 1.82198E-1 1.84069E-1 1.91708E-1 2.30402E-1 -9999 -9999 -9999 -9999 -9999
8.74014E-2 8.62051E-2 8.51178E-2 8.42654E-2 8.68693E-2 8.97666E-2 8.74624E-2 8.70924E-2 8.63326E-2 8.4129E-2 8.71806E-2 8.7065E-2 8.93451E-2 9.27918E-2 9.05834E-2 8.70958E-2 8.22239E-2 8.17817E-2 9.03668E-2 9.7571E-2 9.93773E-2 9.49666E-2 9.28696E-2 9.82729E-2 1.0066E-1 1.04174E-1 1.09069E-1 1.13872E-1 1.19796E-1 1.21904E-1 1.25039E-1 1.27305E-1 1.2527E-1 1.28619E-1 1.33128E-1 1.37841E-1 1.42966E-1 1.49302E-1 1.50394E-1 1.51901E-1 1.55609E-1 1.54702E-1 1.55841E-1 1.53211E-1 1.55043E-1 1.57504E-1 1.63967E-1 1.74071E-1 1.77949E-1 1.90607E-1 1.90969E-1 1.92783E-1 2.09088E-1 2.73697E-1 2.54553E-1 -9999 -9999 -9999 -9999 -9999 -9999
9.11626E-2 8.83337E-2 8.82604E-2 8.91011E-2 8.95391E-2 8.65988E-2 9.00022E-2 9.29436E-2 8.91496E-2 9.47963E-2 9.56373E-2 1.03519E-1 1.05809E-1 1.08139E-1 1.05111E-1 9.70009E-2 9.47462E-2 9.63656E-2 1.00683E-1 1.04922E-1 9.70499E-2 9.28813E-2 9.44363E-2 9.94118E-2 1.01322E-1 1.08869E-1 1.13294E-1 1.18131E-1 1.21179E-1 1.2485E-1 1.2663E-1 1.37446E-1 1.31566E-1 1.34571E-1 1.40718E-1 1.4814E-1 1.5587E-1 1.59434E-1 1.59341E-1 1.59736E-1 1.62423E-1 1.62615E-1 1.63306E-1 1.69406E-1 1.61306E-1 1.89205E-1 -9999 -9999 -9999 -9999 1.99941E-1 -9999 -9999 2.381E-1 2.29082E-1 2.31489E-1 -9999 -9999 -9999 -9999 -9999
9.57654E-2 9.41534E-2 9.3062E-2 9.03893E-2 9.34727E-2 9.38136E-2 9.52978E-2 9.15495E-2 9.95769E-2 1.06345E-1 1.03283E-1 9.8631E-2 1.0384E-1 1.14824E-1 1.1032E-1 1.07785E-1 1.0781E-1 1.09386E-1 1.07303E-1 1.00104E-1 9.78678E-2 9.73033E-2 1.00317E-1 1.11412E-1 1.15763E-1 1.16788E-1 1.18122E-1 1.21539E-1 1.26686E-1 1.36957E-1 1.40366E-1 1.47508E-1 1.40413E-1 1.47029E-1 1.53453E-1 1.57139E-1 1.71085E-1 -9999 -9999 1.74052E-1 1.78359E-1 1.82353E-1 1.85658E-1 1.88897E-1 -9999 1.91221E-1 -9999 -9999 -9999 -9999 -9999 -9999 -9999 -9999 -9999 -9999 -9999 -9999 -9999 -9999 -9999
1.01205E-1 9.96642E-2 9.72272E-2 9.83542E-2 9.76534E-2 9.35961E-2 9.31304E-2 1.0156E-1 1.05871E-1 1.02314E-1 1.01251E-1 1.04216E-1 1.15519E-1 1.17658E-1 1.17579E-1 1.13989E-1 1.09817E-1 1.07736E-1 1.04572E-1 1.04559E-1 1.07635E-1 1.10203E-1 1.13639E-1 1.19848E-1 1.24024E-1 1.24085E-1 1.24453E-1 1.3079E-1 1.40466E-1 1.49866E-1 1.59002E-1 1.58895E-1 1.56626E-1 1.65841E-1 1.721E-1 1.73453E-1 1.75652E-1 1.72971E-1 1.73807E-1 1.77067E-1 1.84649E-1 1.78172E-1 1.79914E-1 -9999 -9999 -9999 -9999 -9999 -9999 -9999 -9999 -9999 -9999 -9999 -9999 -9999 -9999 -9999 -9999 -9999 -9999
1.06369E-1 1.02447E-1 1.01511E-1 9.89834E-2 9.68536E-2 9.81976E-2 1.04797E-1 1.05429E-1 1.03143E-1 1.06577E-1 1.09397E-1 1.14739E-1 1.19025E-1 1.22468E-1 1.18823E-1 1.14937E-1 1.1011E-1 1.11687E-1 1.15046E-1 1.19054E-1 1.2036E-1 1.22071E-1 1.22143E-1 1.26603E-1 1.30215E-1 1.30042E-1 1.32252E-1 1.39404E-1 1.50393E-1 1.60627E-1 1.73867E-1 1.77536E-1 1.7601E-1 1.73294E-1 1.74655E-1 1.79512E-1 1.81777E-1 1.83638E-1 1.85017E-1 1.89015E-1 -9999 -9999 -9999 -9999 -9999 -9999 -9999 -9999 -9999 -9999 -9999 -9999 -9999 -9999 -9999 -9999 -9999 -9999 -9999 -9999 -9999
1.08757E-1 1.03716E-1 9.80965E-2 9.85508E-2 1.00241E-1 1.08286E-1 1.12693E-1 1.14332E-1 1.14403E-1 1.1759E-1 1.21312E-1 1.23835E-1 1.25647E-1 1.28113E-1 1.21421E-1 1.18695E-1 1.21134E-1 1.23878E-1 1.27515E-1 1.27903E-1 1.27013E-1 1.31387E-1 1.34935E-1 1.3469E-1 1.36294E-1 1.39912E-1 1.45E-1 1.51594E-1 1.60561E-1 1.70818E-1 1.76518E-1 1.82296E-1 1.85557E-1 1.87646E-1 1.90213E-1 2.05738E-1 2.25339E-1 -9999 -9999 -9999 -9999 -9999 -9999 -9999 -9999 -9999 -9999 -9999 -9999 -9999 -9999 -9999 -9999 -9999 -9999 -9999 -9999 -9999 -9999 -9999 -9999
