maxent_outputs/white_flowers_troch_bombus_environ/white_84.asc
ncols         426
nrows         180
xllcorner     -130.0
yllcorner     24.0
cellsize      0.16666666666666666
NODATA_value  -9999
[rows 54 to 80 of 180, columns 305 to 365 of 426]
3.55672E-1 3.39412E-1 3.39352E-1 3.21197E-1 3.17667E-1 3.11133E-1 3.15655E-1 3.1783E-1 3.17844E-1 3.20318E-1 3.16521E-1 3.31548E-1 3.36886E-1 3.45288E-1 3.52135E-1 3.59929E-1 3.64517E-1 3.63168E-1 3.75121E-1 3.81624E-1 3.83035E-1 3.80896E-1 3.73138E-1 3.87742E-1 4.18401E-1 4.21844E-1 4.13499E-1 4.08005E-1 4.00761E-1 3.81678E-1 3.46584E-1 3.36891E-1 3.78454E-1 4.0749E-1 4.34228E-1 4.56636E-1 4.29578E-1 4.00113E-1 3.82346E-1 3.43377E-1 3.49996E-1 3.50369E-1 3.20311E-1 2.93508E-1 2.80712E-1 2.81678E-1 2.80238E-1 2.47539E-1 2.76192E-1 2.75196E-1 2.81437E-1 2.58848E-1 2.95898E-1 3.3145E-1 3.74764E-1 3.8871E-1 3.78711E-1 3.84448E-1 3.84025E-1 3.86908E-1 3.92863E-1
3.65249E-1 3.57032E-1 3.66058E-1 3.56846E-1 3.52279E-1 3.42515E-1 3.42482E-1 3.42032E-1 3.43944E-1 3.43733E-1 3.42142E-1 3.44791E-1 3.55697E-1 3.66798E-1 3.71187E-1 3.81723E-1 3.88693E-1 4.1665E-1 3.9126E-1 3.86314E-1 3.91095E-1 3.99782E-1 4.15291E-1 3.99234E-1 3.99693E-1 3.98718E-1 3.90826E-1 3.70328E-1 3.30167E-1 3.17577E-1 2.99662E-1 3.04484E-1 3.37761E-1 3.8675E-1 4.49248E-1 4.66717E-1 4.07169E-1 3.86183E-1 3.58506E-1 3.32916E-1 3.33725E-1 3.2315E-1 3.04696E-1 2.91773E-1 2.93196E-1 2.96973E-1 2.56769E-1 2.76605E-1 3.04013E-1 2.88107E-1 2.77478E-1 2.92582E-1 3.41256E-1 3.65699E-1 3.80565E-1 4.036E-1 4.04031E-1 4.06964E-1 4.0765E-1 4.06414E-1 4.15392E-1
3.87723E-1 3.83641E-1 3.86874E-1 3.7335E-1 3.80011E-1 3.73941E-1 3.79327E-1 3.82801E-1 3.90316E-1 3.76914E-1 3.78463E-1 3.87412E-1 3.93395E-1 3.93456E-1 3.97679E-1 4.08988E-1 4.20316E-1 4.11834E-1 4.25413E-1 4.15053E-1 4.2736E-1 4.21999E-1 4.08731E-1 4.01157E-1 3.92912E-1 3.72584E-1 3.31193E-1 3.11067E-1 3.0273E-1 2.98141E-1 2.99282E-1 3.26467E-1 3.51373E-1 3.99073E-1 4.77339E-1 4.75798E-1 4.12024E-1 3.81389E-1 3.37532E-1 3.55209E-1 3.39235E-1 2.98246E-1 3.13806E-1 3.01112E-1 3.02999E-1 3.26429E-1 2.96106E-1 3.21135E-1 2.93197E-1 2.95885E-1 3.48405E-1 3.60312E-1 3.74881E-1 3.88936E-1 4.10323E-1 4.30451E-1 4.32669E-1 4.34899E-1 4.33866E-1 4.17772E-1 4.33039E-1
3.96967E-1 3.77627E-1 3.87612E-1 3.88054E-1 3.94244E-1 3.7918E-1 3.78837E-1 3.92674E-1 4.10282E-1 4.0457E-1 4.00571E-1 4.10712E-1 4.09775E-1 4.0503E-1 4.05144E-1 4.14182E-1 4.21421E-1 4.16851E-1 4.28594E-1 4.50096E-1 4.52373E-1 4.22153E-1 4.08514E-1 3.94575E-1 3.7273E-1 3.40164E-1 3.1907E-1 2.99818E-1 2.96103E-1 2.97911E-1 3.00129E-1 3.04157E-1 3.72126E-1 3.84068E-1 4.56579E-1 4.93872E-1 4.18856E-1 3.70631E-1 3.54975E-1 3.3341E-1 3.39454E-1 3.02747E-1 3.36795E-1 3.36715E-1 3.36532E-1 3.3454E-1 2.95321E-1 3.13233E-1 3.18749E-1 3.38094E-1 3.70945E-1 3.63729E-1 3.91997E-1 4.15021E-1 4.32004E-1 4.45568E-1 4.5507E-1 4.58624E-1 4.43193E-1 4.52741E-1 4.67345E-1
4.04986E-1 4.02422E-1 4.02889E-1 3.86926E-1 3.96762E-1 4.08824E-1 4.15851E-1 4.12442E-1 4.40917E-1 4.34222E-1 4.36958E-1 4.3084E-1 4.29804E-1 4.30178E-1 4.3847E-1 4.67671E-1 4.67908E-1 4.83365E-1 4.83266E-1 4.32976E-1 4.21388E-1 4.02291E-1 4.03371E-1 3.88797E-1 3.56208E-1 3.28359E-1 3.14169E-1 3.09184E-1 3.10295E-1 3.11901E-1 2.90362E-1 2.87829E-1 3.32709E-1 3.80597E-1 4.40717E-1 4.53736E-1 4.07856E-1 3.40008E-1 3.6563E-1 3.60346E-1 3.29793E-1 3.24654E-1 3.53957E-1 3.51274E-1 3.38827E-1 2.92855E-1 2.68696E-1 2.4499E-1 3.12338E-1 3.75868E-1 3.80027E-1 3.97962E-1 4.02505E-1 4.32442E-1 4.5195E-1 4.77126E-1 4.75797E-1 4.78E-1 4.73816E-1 4.75069E-1 4.95441E-1
4.12673E-1 4.26006E-1 4.10903E-1 4.01357E-1 4.19492E-1 4.45978E-1 4.31065E-1 4.46346E-1 4.67788E-1 4.8147E-1 4.7614E-1 4.84974E-1 4.79777E-1 5.06924E-1 5.47303E-1 5.94282E-1 5.38741E-1 4.88086E-1 4.45012E-1 4.26088E-1 4.09817E-1 4.08653E-1 4.05063E-1 3.75751E-1 3.35124E-1 3.18944E-1 3.08401E-1 3.08687E-1 3.01856E-1 2.96927E-1 2.73223E-1 2.50499E-1 3.07213E-1 3.69793E-1 4.44404E-1 4.34201E-1 3.95652E-1 3.22083E-1 3.40705E-1 3.33642E-1 3.18015E-1 3.38396E-1 3.65909E-1 3.31546E-1 3.05698E-1 2.80636E-1 2.94484E-1 3.40444E-1 3.66584E-1 4.0194E-1 4.04303E-1 4.19528E-1 4.36846E-1 4.58467E-1 4.61409E-1 4.77254E-1 4.95519E-1 5.09537E-1 5.18705E-1 5.29057E-1 5.44776E-1
4.76857E-1 4.91878E-1 4.99944E-1 5.1371E-1 5.36664E-1 5.70744E-1 5.90956E-1 5.99258E-1 6.09955E-1 6.04311E-1 5.65962E-1 5.32883E-1 5.11997E-1 5.76931E-1 6.27822E-1 6.1865E-1 5.97977E-1 5.35245E-1 4.82464E-1 4.40017E-1 3.87316E-1 3.95564E-1 3.96746E-1 3.63137E-1 3.24471E-1 3.10828E-1 3.08358E-1 3.17007E-1 3.06679E-1 3.10415E-1 3.11185E-1 3.08259E-1 3.59915E-1 3.74589E-1 4.3579E-1 4.32077E-1 4.03894E-1 3.27976E-1 3.57049E-1 3.64423E-1 3.42426E-1 3.69859E-1 3.71069E-1 3.47203E-1 3.36424E-1 3.32015E-1 3.18513E-1 3.70434E-1 3.87703E-1 3.97962E-1 4.07065E-1 4.77072E-1 4.50407E-1 4.6261E-1 4.82454E-1 5.21407E-1 5.57952E-1 5.75875E-1 5.70859E-1 6.0391E-1 6.74275E-1
5.9139E-1 6.13889E-1 6.18012E-1 6.24123E-1 6.2554E-1 6.24055E-1 6.24241E-1 6.2689E-1 6.30921E-1 6.33135E-1 6.3549E-1 6.29951E-1 6.29744E-1 6.42849E-1 6.47335E-1 6.49932E-1 6.46446E-1 5.6661E-1 4.66021E-1 3.89042E-1 3.45488E-1 3.41404E-1 4.00884E-1 3.70354E-1 3.3059E-1 3.16375E-1 3.16747E-1 3.02202E-1 2.97872E-1 3.24907E-1 3.2754E-1 3.6791E-1 3.91501E-1 3.80628E-1 4.50457E-1 4.32337E-1 4.14899E-1 3.2945E-1 3.60403E-1 3.71461E-1 3.82714E-1 3.97644E-1 3.6391E-1 3.53092E-1 3.75383E-1 3.83128E-1 3.94733E-1 3.70502E-1 3.98307E-1 4.04261E-1 4.18425E-1 4.56961E-1 4.6422E-1 4.97443E-1 5.6993E-1 5.95457E-1 5.8853E-1 6.28705E-1 -9999 7.14516E-1 -9999
6.30487E-1 6.29397E-1 6.29687E-1 6.28044E-1 6.26364E-1 6.24527E-1 6.24488E-1 6.25355E-1 6.28385E-1 6.32616E-1 6.35162E-1 6.3792E-1 6.40417E-1 6.45561E-1 6.51552E-1 6.54758E-1 6.28681E-1 5.7747E-1 4.751E-1 4.05666E-1 3.66634E-1 3.36862E-1 3.56883E-1 3.81883E-1 3.52956E-1 3.19898E-1 3.01989E-1 2.90572E-1 3.2277E-1 3.16753E-1 3.32951E-1 3.86962E-1 4.07222E-1 4.29353E-1 4.4377E-1 4.33189E-1 3.99173E-1 3.70733E-1 3.3381E-1 3.73876E-1 4.04399E-1 3.86155E-1 3.74429E-1 3.65186E-1 3.90511E-1 3.9798E-1 4.25174E-1 4.33056E-1 3.92551E-1 4.08765E-1 4.35437E-1 4.62537E-1 4.99376E-1 5.46583E-1 -9999 -9999 -9999 -9999 -9999 -9999 -9999
6.35151E-1 6.30712E-1 6.17804E-1 5.96155E-1 5.93131E-1 5.89611E-1 5.85805E-1 5.85604E-1 6.00456E-1 6.24958E-1 6.30154E-1 6.32063E-1 6.35455E-1 6.37054E-1 6.17557E-1 5.54829E-1 5.36177E-1 5.1484E-1 4.94701E-1 4.70765E-1 4.42742E-1 3.9739E-1 3.75188E-1 3.76638E-1 3.78258E-1 3.53628E-1 3.25248E-1 3.29804E-1 3.44871E-1 3.83633E-1 3.63702E-1 4.03575E-1 4.28929E-1 4.52267E-1 4.51649E-1 4.28592E-1 3.7957E-1 3.67323E-1 3.5448E-1 3.87998E-1 4.13242E-1 3.84846E-1 3.86145E-1 3.86527E-1 4.09304E-1 4.16377E-1 3.94496E-1 4.00864E-1 4.22482E-1 4.40863E-1 4.64254E-1 4.99774E-1 5.39297E-1 -9999 -9999 -9999 -9999 -9999 -9999 -9999 -9999
5.76123E-1 5.6357E-1 5.51513E-1 5.41659E-1 5.33843E-1 5.26466E-1 5.2604E-1 5.28105E-1 5.39244E-1 5.66709E-1 5.53647E-1 5.4442E-1 5.45812E-1 5.54035E-1 5.47175E-1 5.39637E-1 5.37726E-1 5.28856E-1 5.33258E-1 5.33932E-1 5.1843E-1 4.97264E-1 4.7676E-1 4.34452E-1 4.10529E-1 3.82618E-1 3.67986E-1 3.59363E-1 3.59724E-1 4.2619E-1 4.20157E-1 4.24432E-1 4.63534E-1 4.71522E-1 4.41676E-1 4.13841E-1 3.79246E-1 3.58289E-1 3.64658E-1 4.0983E-1 4.27724E-1 3.81457E-1 3.71537E-1 4.1408E-1 4.41575E-1 4.46868E-1 4.36617E-1 4.28872E-1 4.64906E-1 4.78875E-1 4.99889E-1 5.385E-1 -9999 -9999 -9999 -9999 -9999 -9999 -9999 -9999 -9999
5.55479E-1 5.4728E-1 5.35931E-1 5.2024E-1 5.15104E-1 5.04196E-1 5.00385E-1 5.0548E-1 5.17689E-1 5.28567E-1 5.26772E-1 5.25894E-1 5.33152E-1 5.42491E-1 5.47448E-1 5.39626E-1 5.34061E-1 5.32693E-1 5.33447E-1 5.22136E-1 5.02163E-1 4.8939E-1 4.84718E-1 4.80402E-1 4.60615E-1 4.38548E-1 4.44673E-1 4.24487E-1 4.32724E-1 4.56217E-1 4.43154E-1 4.63839E-1 4.89149E-1 4.76948E-1 4.47215E-1 4.17301E-1 3.69692E-1 3.46888E-1 3.93059E-1 4.13482E-1 4.32797E-1 3.89835E-1 3.7592E-1 4.15176E-1 4.37602E-1 4.52065E-1 4.63859E-1 4.77321E-1 5.02572E-1 5.29503E-1 5.57247E-1 5.64465E-1 -9999 -9999 -9999 -9999 -9999 -9999 -9999 -9999 -9999
5.56774E-1 5.70151E-1 5.50647E-1 5.07223E-1 4.86816E-1 4.84481E-1 4.78522E-1 4.94242E-1 5.05752E-1 4.98274E-1 4.99218E-1 5.09157E-1 5.1535E-1 5.41352E-1 5.46842E-1 5.19298E-1 4.97391E-1 4.92021E-1 4.83283E-1 4.62969E-1 4.27384E-1 4.41111E-1 4.35536E-1 4.21022E-1 4.19169E-1 4.25358E-1 4.57021E-1 4.70711E-1 4.6813E-1 4.73568E-1 4.64653E-1 4.92359E-1 5.01289E-1 4.83765E-1 4.59764E-1 4.39908E-1 3.41927E-1 3.44251E-1 3.79953E-1 4.44298E-1 4.39437E-1 4.28425E-1 3.89297E-1 4.14659E-1 4.45678E-1 4.71498E-1 4.84726E-1 4.98812E-1 5.25384E-1 5.51716E-1 5.668E-1 7.10306E-1 -9999 -9999 -9999 -9999 -9999 -9999 -9999 -9999 -9999
6.04752E-1 5.62253E-1 5.19477E-1 4.83058E-1 4.43474E-1 4.3037E-1 4.47017E-1 4.87797E-1 4.8546E-1 4.75184E-1 4.78321E-1 4.92581E-1 4.88243E-1 5.41609E-1 5.50192E-1 4.9064E-1 4.72369E-1 4.52471E-1 4.48934E-1 4.33088E-1 4.13547E-1 4.27126E-1 4.25173E-1 4.1624E-1 4.04326E-1 4.28212E-1 4.10148E-1 4.37539E-1 4.464E-1 4.52934E-1 4.61726E-1 5.10832E-1 5.18607E-1 4.75983E-1 4.28415E-1 4.34339E-1 3.73329E-1 3.76349E-1 3.99858E-1 4.49583E-1 4.57066E-1 4.21597E-1 4.09146E-1 4.0941E-1 4.71556E-1 4.96053E-1 5.14492E-1 5.38433E-1 5.63978E-1 5.80362E-1 6.07259E-1 6.39297E-1 -9999 -9999 -9999 -9999 -9999 -9999 -9999 -9999 -9999
5.46538E-1 5.07447E-1 4.6017E-1 4.40008E-1 4.17338E-1 3.9578E-1 4.28204E-1 4.54431E-1 4.6507E-1 4.2507E-1 4.39215E-1 4.41755E-1 4.87144E-1 5.0795E-1 4.9E-1 5.22338E-1 4.74141E-1 4.4751E-1 4.41287E-1 4.3766E-1 4.25024E-1 4.36791E-1 4.29205E-1 4.26856E-1 4.19386E-1 4.24158E-1 3.97947E-1 4.00833E-1 4.31072E-1 4.25312E-1 4.2754E-1 4.93337E-1 5.15317E-1 4.76477E-1 4.23669E-1 4.01565E-1 3.8281E-1 3.99105E-1 4.37323E-1 4.88841E-1 4.61544E-1 4.51968E-1 4.21666E-1 4.30566E-1 4.9971E-1 5.21938E-1 5.42823E-1 5.69384E-1 5.86089E-1 5.99959E-1 6.1609E-1 6.3051E-1 -9999 -9999 -9999 -9999 -9999 -9999 -9999 -9999 -9999
4.84847E-1 4.86226E-1 4.57532E-1 4.1585E-1 3.95E-1 3.94759E-1 4.12934E-1 3.9831E-1 4.20497E-1 3.97186E-1 4.14892E-1 4.47102E-1 4.55986E-1 4.81989E-1 4.56529E-1 4.84639E-1 4.78412E-1 4.53843E-1 4.53359E-1 4.5845E-1 4.55496E-1 4.45844E-1 4.40019E-1 4.34036E-1 4.31696E-1 4.12021E-1 3.97042E-1 3.87993E-1 4.1181E-1 4.08479E-1 4.60776E-1 4.87757E-1 5.16711E-1 4.79312E-1 4.34071E-1 4.16699E-1 3.88361E-1 4.06788E-1 4.46442E-1 5.14841E-1 4.8695E-1 4.96847E-1 4.5714E-1 4.63392E-1 5.19784E-1 5.38838E-1 5.60285E-1 5.77389E-1 6.11548E-1 6.2576E-1 -9999 -9999 -9999 -9999 -9999 -9999 -9999 -9999 -9999 -9999 -9999
4.61957E-1 4.43139E-1 4.32994E-1 4.14706E-1 3.97438E-1 3.93041E-1 4.01076E-1 3.76833E-1 3.81656E-1 4.09732E-1 4.13173E-1 4.32136E-1 4.35691E-1 4.51811E-1 4.58366E-1 4.56256E-1 4.66849E-1 4.66281E-1 4.63967E-1 4.68792E-1 4.62879E-1 4.52361E-1 4.46247E-1 4.28357E-1 4.12008E-1 4.05331E-1 3.89664E-1 3.89892E-1 3.89044E-1 3.85787E-1 4.19371E-1 5.40089E-1 5.24136E-1 4.69544E-1 4.47183E-1 4.30084E-1 4.09633E-1 4.47327E-1 5.13499E-1 5.51851E-1 5.33351E-1 5.11881E-1 4.89405E-1 4.87428E-1 5.29766E-1 5.47316E-1 5.7092E-1 5.86927E-1 6.22319E-1 6.43861E-1 6.50837E-1 -9999 -9999 -9999 -9999 -9999 -9999 -9999 -9999 -9999 -9999
4.68134E-1 4.60363E-1 4.40289E-1 4.3005E-1 4.16166E-1 3.92484E-1 3.75022E-1 3.73467E-1 3.54815E-1 3.73269E-1 4.06476E-1 4.25254E-1 4.41891E-1 4.55699E-1 4.73676E-1 4.68904E-1 4.72856E-1 4.73436E-1 4.76303E-1 4.71183E-1 4.59614E-1 4.55292E-1 4.45316E-1 4.38655E-1 4.25333E-1 4.1689E-1 4.05866E-1 3.77472E-1 3.9498E-1 4.37209E-1 4.84565E-1 5.59082E-1 5.17183E-1 4.81266E-1 4.57061E-1 4.49311E-1 4.39378E-1 4.74185E-1 5.50475E-1 5.7565E-1 5.44201E-1 5.12073E-1 5.17516E-1 5.1892E-1 5.30464E-1 5.55954E-1 5.73676E-1 5.9738E-1 6.16481E-1 6.37484E-1 6.59049E-1 6.8022E-1 -9999 6.68002E-1 6.72176E-1 -9999 -9999 -9999 -9999 -9999 -9999
4.60865E-1 4.57648E-1 4.18676E-1 4.154E-1 4.17112E-1 3.96714E-1 3.79633E-1 3.57597E-1 3.56738E-1 3.89252E-1 4.11349E-1 4.26548E-1 4.34728E-1 4.21824E-1 4.41523E-1 4.66565E-1 4.62561E-1 4.53029E-1 4.54207E-1 4.44101E-1 4.54756E-1 4.47003E-1 4.35013E-1 4.52658E-1 4.30444E-1 4.14639E-1 4.00871E-1 4.0498E-1 4.09539E-1 5.26287E-1 5.61349E-1 5.62803E-1 5.22393E-1 4.82006E-1 4.86799E-1 4.57799E-1 4.94437E-1 5.31484E-1 5.68944E-1 5.79289E-1 5.48769E-1 5.37868E-1 5.3805E-1 5.51695E-1 5.49935E-1 5.84179E-1 6.1539E-1 6.27278E-1 6.39232E-1 6.49624E-1 6.6378E-1 6.70197E-1 -9999 -9999 6.83733E-1 6.97519E-1 -9999 -9999 -9999 -9999 -9999
4.59507E-1 4.40608E-1 4.08572E-1 3.9297E-1 3.99856E-1 3.94429E-1 3.85786E-1 3.65882E-1 3.8612E-1 4.02339E-1 4.09769E-1 4.18028E-1 4.24872E-1 4.04617E-1 4.4978E-1 4.68611E-1 4.84583E-1 4.76332E-1 4.6565E-1 4.49304E-1 4.56487E-1 4.39361E-1 4.26256E-1 4.4291E-1 4.60365E-1 4.47205E-1 4.40617E-1 4.66446E-1 5.06051E-1 5.31706E-1 5.53131E-1 5.69869E-1 5.28255E-1 5.07798E-1 5.11205E-1 5.00345E-1 5.30314E-1 5.74723E-1 6.04335E-1 6.0417E-1 5.65778E-1 5.79043E-1 5.74062E-1 5.82404E-1 5.77789E-1 6.19508E-1 6.51184E-1 6.58779E-1 6.55942E-1 6.70748E-1 6.72295E-1 6.75142E-1 6.83774E-1 6.87375E-1 6.96045E-1 7.05656E-1 -9999 -9999 -9999 -9999 -9999
4.55606E-1 4.41245E-1 4.22866E-1 4.15319E-1 4.12511E-1 4.33703E-1 4.26491E-1 4.15094E-1 4.14915E-1 4.12479E-1 4.39394E-1 4.21816E-1 4.09948E-1 4.25373E-1 4.2158E-1 4.3301E-1 4.42093E-1 4.70118E-1 4.90249E-1 4.89152E-1 4.72498E-1 4.46452E-1 4.42451E-1 4.55049E-1 4.75707E-1 4.73978E-1 4.71658E-1 4.90221E-1 5.4046E-1 5.56722E-1 5.60892E-1 5.8844E-1 5.50964E-1 5.37206E-1 5.61237E-1 5.53971E-1 5.69929E-1 5.97377E-1 6.20353E-1 6.13097E-1 5.96704E-1 5.96894E-1 6.17252E-1 6.15332E-1 6.18236E-1 6.3239E-1 6.64386E-1 6.84264E-1 6.7584E-1 6.82586E-1 7.01059E-1 6.92674E-1 6.87167E-1 6.85714E-1 6.97936E-1 7.30333E-1 -9999 -9999 -9999 -9999 -9999
4.63936E-1 4.59592E-1 4.48544E-1 4.27116E-1 4.42891E-1 4.59146E-1 4.49387E-1 4.51158E-1 4.52437E-1 4.43874E-1 4.60907E-1 4.55625E-1 4.61733E-1 4.75298E-1 4.63651E-1 4.48518E-1 4.18047E-1 4.11912E-1 4.59764E-1 4.91591E-1 4.93811E-1 4.6225E-1 4.4752E-1 4.69294E-1 4.77364E-1 4.93922E-1 5.16055E-1 5.29944E-1 5.6413E-1 5.73962E-1 5.81403E-1 5.8776E-1 5.69062E-1 5.76333E-1 5.85072E-1 5.97921E-1 6.07858E-1 6.32895E-1 6.29972E-1 6.28027E-1 6.44268E-1 6.39583E-1 6.54142E-1 6.47994E-1 6.51538E-1 6.58261E-1 6.7711E-1 6.95174E-1 6.92005E-1 7.26166E-1 7.15279E-1 6.98298E-1 7.09838E-1 7.39738E-1 7.07041E-1 -9999 -9999 -9999 -9999 -9999 -9999
4.69301E-1 4.53282E-1 4.48462E-1 4.54538E-1 4.50504E-1 4.37653E-1 4.59824E-1 4.76401E-1 4.58492E-1 4.90378E-1 4.90133E-1 5.18223E-1 5.23101E-1 5.28113E-1 5.22498E-1 4.89328E-1 4.78734E-1 4.8612E-1 5.02443E-1 5.17103E-1 4.76919E-1 4.43465E-1 4.31535E-1 4.61468E-1 4.7847E-1 5.14223E-1 5.3373E-1 5.54439E-1 5.6207E-1 5.74066E-1 5.8108E-1 6.38532E-1 6.07437E-1 6.03002E-1 6.16139E-1 6.34892E-1 6.55623E-1 6.65794E-1 6.59992E-1 6.60901E-1 6.69142E-1 6.78475E-1 6.83757E-1 7.01237E-1 6.71777E-1 7.10513E-1 -9999 -9999 -9999 -9999 7.29657E-1 -9999 -9999 7.11287E-1 6.94974E-1 6.95834E-1 -9999 -9999 -9999 -9999 -9999
4.83169E-1 4.70488E-1 4.6633E-1 4.49082E-1 4.63488E-1 4.69919E-1 4.83429E-1 4.65173E-1 5.01525E-1 5.27467E-1 5.16489E-1 4.95137E-1 5.11864E-1 5.54092E-1 5.41457E-1 5.31733E-1 5.32648E-1 5.3556E-1 5.24632E-1 4.90206E-1 4.82344E-1 4.65496E-1 4.67422E-1 5.30161E-1 5.47248E-1 5.51347E-1 5.57267E-1 5.5936E-1 5.73398E-1 6.22021E-1 6.34683E-1 6.68749E-1 6.40257E-1 6.53144E-1 6.61402E-1 6.69199E-1 7.16326E-1 -9999 -9999 7.02891E-1 7.0969E-1 7.14639E-1 7.20043E-1 7.14915E-1 -9999 7.01365E-1 -9999 -9999 -9999 -9999 -9999 -9999 -9999 -9999 -9999 -9999 -9999 -9999 -9999 -9999 -9999
4.96609E-1 4.86022E-1 4.76902E-1 4.84074E-1 4.78106E-1 4.66541E-1 4.65355E-1 5.00131E-1 5.18845E-1 5.05415E-1 4.99456E-1 5.13726E-1 5.52409E-1 5.64592E-1 5.64313E-1 5.55746E-1 5.4014E-1 5.26282E-1 5.01773E-1 4.96984E-1 5.22125E-1 5.29459E-1 5.43829E-1 5.64386E-1 5.816E-1 5.75466E-1 5.66888E-1 5.85173E-1 6.27646E-1 6.60492E-1 6.86044E-1 6.89064E-1 6.75406E-1 6.8746E-1 6.9405E-1 6.94644E-1 6.96108E-1 6.90157E-1 6.93051E-1 6.97072E-1 7.1258E-1 7.04671E-1 7.08127E-1 -9999 -9999 -9999 -9999 -9999 -9999 -9999 -9999 -9999 -9999 -9999 -9999 -9999 -9999 -9999 -9999 -9999 -9999
5.15147E-1 4.93747E-1 4.94214E-1 4.88008E-1 4.74723E-1 4.8332E-1 5.09894E-1 5.10621E-1 5.00597E-1 5.19758E-1 5.30866E-1 5.48488E-1 5.62295E-1 5.77691E-1 5.65061E-1 5.54267E-1 5.35974E-1 5.36391E-1 5.44754E-1 5.60676E-1 5.71656E-1 5.76341E-1 5.776E-1 5.92794E-1 5.98336E-1 5.90979E-1 5.92257E-1 6.16711E-1 6.51994E-1 6.78806E-1 7.09576E-1 7.16468E-1 7.01937E-1 6.82713E-1 6.86693E-1 6.95662E-1 6.95723E-1 6.94055E-1 6.9294E-1 6.94631E-1 -9999 -9999 -9999 -9999 -9999 -9999 -9999 -9999 -9999 -9999 -9999 -9999 -9999 -9999 -9999 -9999 -9999 -9999 -9999 -9999 -9999
5.20199E-1 4.93714E-1 4.73595E-1 4.84221E-1 4.95548E-1 5.25399E-1 5.42919E-1 5.47548E-1 5.49309E-1 5.61807E-1 5.72403E-1 5.78701E-1 5.82384E-1 5.93768E-1 5.71965E-1 5.62371E-1 5.71549E-1 5.79002E-1 5.91784E-1 5.92695E-1 5.88776E-1 6.01424E-1 6.10539E-1 6.1411E-1 6.16922E-1 6.24876E-1 6.35095E-1 6.48418E-1 6.70871E-1 6.972E-1 7.09905E-1 7.20758E-1 7.09978E-1 6.97925E-1 6.99886E-1 7.20348E-1 7.44883E-1 -9999 -9999 -9999 -9999 -9999 -9999 -9999 -9999 -9999 -9999 -9999 -9999 -9999 -9999 -9999 -9999 -9999 -9999 -9999 -9999 -9999 -9999 -9999 -9999
