maxent_outputs/white_flowers_troch_bombus_environ/white_64.asc
ncols         426
nrows         180
xllcorner     -130.0
yllcorner     24.0
cellsize      0.16666666666666666
NODATA_value  -9999
[rows 81 to 107 of 180, columns 122 to 182 of 426]
3.22092E-2 2.81947E-2 3.56547E-2 3.29391E-2 3.07572E-2 3.39754E-2 3.70202E-2 3.29612E-2 3.15209E-2 3.20397E-2 2.98324E-2 3.14674E-2 3.26102E-2 3.2107E-2 2.88425E-2 2.36638E-2 1.93277E-2 2.34858E-2 1.95864E-2 1.99103E-2 2.19798E-2 2.15725E-2 1.7705E-2 1.66194E-2 3.24167E-2 5.80399E-2 9.43447E-2 1.06641E-1 1.00717E-1 1.10379E-1 1.08509E-1 1.10702E-1 1.15446E-1 1.2044E-1 1.27491E-1 1.26966E-1 1.33154E-1 1.3762E-1 1.37698E-1 1.31687E-1 1.38818E-1 1.51324E-1 1.61116E-1 1.67327E-1 1.76177E-1 1.7435E-1 1.80525E-1 1.84324E-1 1.85185E-1 1.84499E-1 1.97071E-1 2.03759E-1 2.09989E-1 2.13837E-1 2.13365E-1 2.16946E-1 2.27011E-1 2.29243E-1 2.30676E-1 2.27513E-1 2.2503E-1
2.90835E-2 3.07968E-2 3.1868E-2 3.55953E-2 3.74125E-2 3.50212E-2 2.91246E-2 3.01967E-2 3.0985E-2 3.68233E-2 3.54905E-2 3.40441E-2 3.24361E-2 3.25979E-2 2.96674E-2 2.87759E-2 2.50913E-2 2.66239E-2 1.86099E-2 1.49777E-2 1.99049E-2 2.14232E-2 1.90244E-2 1.83605E-2 2.52937E-2 5.94587E-2 1.12588E-1 1.08498E-1 1.03556E-1 1.02571E-1 1.00985E-1 1.06085E-1 1.07942E-1 1.10325E-1 1.19607E-1 1.26663E-1 1.30623E-1 1.31497E-1 1.34632E-1 1.34119E-1 1.38784E-1 1.49196E-1 1.56981E-1 1.68845E-1 1.74044E-1 1.74597E-1 1.78116E-1 1.75953E-1 1.80087E-1 1.88451E-1 2.00882E-1 2.11526E-1 2.17241E-1 2.21934E-1 2.31425E-1 2.33251E-1 2.37786E-1 2.39939E-1 2.4411E-1 2.47458E-1 2.4658E-1
2.63143E-2 3.18341E-2 3.26442E-2 3.28129E-2 3.40304E-2 3.79061E-2 3.98938E-2 3.31211E-2 3.32012E-2 3.69799E-2 2.98779E-2 2.78366E-2 2.6725E-2 2.48493E-2 2.03315E-2 1.86108E-2 1.77815E-2 1.99668E-2 1.8886E-2 1.45087E-2 1.40711E-2 1.6706E-2 1.36184E-2 1.762E-2 2.09357E-2 5.40801E-2 1.21465E-1 1.19536E-1 1.06904E-1 1.06492E-1 1.03953E-1 1.051E-1 1.08492E-1 1.12471E-1 1.21437E-1 1.228E-1 1.25832E-1 1.28738E-1 1.3018E-1 1.34179E-1 1.42981E-1 1.48249E-1 1.55244E-1 1.63736E-1 1.79234E-1 1.84718E-1 1.91375E-1 1.9399E-1 1.93668E-1 2.10678E-1 2.13467E-1 2.16139E-1 2.21779E-1 2.29661E-1 2.35966E-1 2.36441E-1 2.39235E-1 2.43582E-1 2.48221E-1 2.53132E-1 2.50874E-1
3.21986E-2 3.79546E-2 4.06637E-2 4.69028E-2 4.7852E-2 5.22624E-2 4.71378E-2 3.38458E-2 3.44413E-2 3.53028E-2 2.72946E-2 2.44118E-2 2.56833E-2 1.8593E-2 1.33948E-2 1.5652E-2 2.06104E-2 2.3067E-2 2.10723E-2 1.69841E-2 1.56363E-2 1.68232E-2 1.76161E-2 1.68525E-2 2.66966E-2 4.52296E-2 9.82919E-2 1.39972E-1 1.40463E-1 1.22444E-1 1.11373E-1 1.07478E-1 1.10783E-1 1.12958E-1 1.20527E-1 1.25167E-1 1.2979E-1 1.30745E-1 1.28534E-1 1.35828E-1 1.44225E-1 1.53291E-1 1.53256E-1 1.55893E-1 1.70119E-1 1.89452E-1 1.90429E-1 1.99663E-1 2.09105E-1 2.06236E-1 2.02506E-1 2.09677E-1 2.25447E-1 2.33305E-1 2.41183E-1 2.43148E-1 2.42672E-1 2.43775E-1 2.46517E-1 2.51349E-1 2.50891E-1
3.82375E-2 4.04944E-2 4.44495E-2 5.6409E-2 6.10152E-2 5.60879E-2 3.87146E-2 3.53608E-2 3.63218E-2 3.20389E-2 2.71448E-2 2.18887E-2 2.02941E-2 1.30059E-2 1.32952E-2 2.33196E-2 2.24659E-2 1.56473E-2 1.65584E-2 1.6818E-2 1.52099E-2 1.56001E-2 1.29368E-2 1.62106E-2 3.51539E-2 4.96343E-2 8.76929E-2 1.53259E-1 1.65649E-1 1.3034E-1 1.07919E-1 1.06537E-1 1.08904E-1 1.09233E-1 1.23438E-1 1.30649E-1 1.34403E-1 1.30078E-1 1.28454E-1 1.3542E-1 1.45056E-1 1.53054E-1 1.53806E-1 1.60356E-1 1.588E-1 1.65985E-1 1.85798E-1 1.92582E-1 1.91844E-1 2.0001E-1 2.12687E-1 2.15702E-1 2.20469E-1 2.34539E-1 2.43737E-1 2.46625E-1 2.49952E-1 2.53263E-1 2.53754E-1 2.55393E-1 2.58938E-1
5.21175E-2 5.44428E-2 5.73368E-2 5.47116E-2 5.53278E-2 4.76221E-2 3.25919E-2 3.18506E-2 2.53799E-2 2.87554E-2 3.27879E-2 4.26324E-2 3.87449E-2 2.7895E-2 2.13495E-2 2.01386E-2 2.03736E-2 1.71909E-2 1.67391E-2 1.66465E-2 1.37E-2 1.54454E-2 1.36495E-2 1.1495E-2 1.90167E-2 3.90245E-2 5.79838E-2 1.26981E-1 1.34077E-1 1.12448E-1 9.04022E-2 9.0623E-2 9.92774E-2 1.03601E-1 1.13686E-1 1.31791E-1 1.22919E-1 1.18138E-1 1.22885E-1 1.30449E-1 1.38242E-1 1.45902E-1 1.49388E-1 1.59106E-1 1.63682E-1 1.62938E-1 1.76225E-1 1.82716E-1 1.91108E-1 2.00153E-1 2.07145E-1 2.08248E-1 2.20829E-1 2.29063E-1 2.39899E-1 2.48631E-1 2.54978E-1 2.58454E-1 2.64342E-1 2.66363E-1 2.68414E-1
5.09797E-2 6.06008E-2 7.1964E-2 6.91182E-2 7.1491E-2 7.08494E-2 5.40637E-2 5.18868E-2 5.36285E-2 5.26611E-2 3.02187E-2 3.00194E-2 2.9273E-2 2.07631E-2 2.43004E-2 1.89912E-2 1.85826E-2 1.66591E-2 1.27078E-2 1.25021E-2 1.08144E-2 1.12812E-2 1.33662E-2 1.55593E-2 1.96424E-2 3.2171E-2 4.58439E-2 7.76301E-2 9.05531E-2 8.42186E-2 7.34719E-2 7.72561E-2 8.52501E-2 8.73524E-2 9.48458E-2 1.04352E-1 1.04883E-1 1.13965E-1 1.22305E-1 1.26552E-1 1.33866E-1 1.42748E-1 1.51117E-1 1.57955E-1 1.65554E-1 1.67913E-1 1.80312E-1 1.92524E-1 1.95942E-1 1.98239E-1 2.01937E-1 2.05683E-1 2.14824E-1 2.26056E-1 2.39538E-1 2.52534E-1 2.59761E-1 2.65817E-1 2.69676E-1 2.76847E-1 2.80144E-1
4.88686E-2 7.01953E-2 7.17686E-2 5.38862E-2 6.1254E-2 5.83046E-2 6.83471E-2 6.08762E-2 6.63383E-2 4.9734E-2 3.05982E-2 2.12726E-2 1.82105E-2 1.56763E-2 1.94485E-2 1.35187E-2 1.39428E-2 1.38353E-2 1.06493E-2 1.06518E-2 9.59316E-3 1.18426E-2 1.44493E-2 1.35308E-2 1.62351E-2 2.24999E-2 4.6108E-2 4.45113E-2 6.47549E-2 5.2186E-2 5.23314E-2 6.83537E-2 7.4974E-2 7.73853E-2 8.69337E-2 9.62E-2 1.05541E-1 1.12776E-1 1.20076E-1 1.26006E-1 1.31488E-1 1.39741E-1 1.50646E-1 1.59224E-1 1.66401E-1 1.72959E-1 1.80768E-1 1.9399E-1 2.00588E-1 2.02596E-1 2.04011E-1 2.05688E-1 2.2181E-1 2.32214E-1 2.4366E-1 2.55856E-1 2.60716E-1 2.65648E-1 2.70731E-1 2.75578E-1 2.79119E-1
6.78707E-2 6.48426E-2 5.18486E-2 6.62554E-2 6.78988E-2 6.48506E-2 8.08409E-2 8.58014E-2 4.77893E-2 2.57552E-2 1.91863E-2 1.3945E-2 1.62333E-2 1.70573E-2 1.43601E-2 8.8395E-3 9.18852E-3 9.8512E-3 7.93494E-3 9.85484E-3 1.10592E-2 1.22447E-2 1.21441E-2 1.27622E-2 1.62928E-2 2.18912E-2 2.49695E-2 2.58195E-2 4.23144E-2 4.86251E-2 4.85652E-2 6.42523E-2 6.71522E-2 7.14288E-2 8.23031E-2 1.00096E-1 1.17453E-1 1.28693E-1 1.22873E-1 1.21352E-1 1.2899E-1 1.35171E-1 1.45459E-1 1.56745E-1 1.64165E-1 1.76042E-1 1.99963E-1 2.1087E-1 2.21014E-1 2.2034E-1 2.11876E-1 2.16165E-1 2.32627E-1 2.42498E-1 2.45648E-1 2.54728E-1 2.63383E-1 2.74294E-1 2.79872E-1 2.82316E-1 2.82027E-1
5.65E-2 5.69219E-2 6.23605E-2 6.73434E-2 4.2074E-2 3.74268E-2 6.0865E-2 8.62221E-2 6.76651E-2 3.95623E-2 4.70878E-2 3.18315E-2 3.28794E-2 2.16033E-2 1.60393E-2 9.46606E-3 7.62278E-3 7.895E-3 7.20752E-3 7.78151E-3 1.3197E-2 1.62328E-2 1.17914E-2 1.22672E-2 1.4253E-2 1.75831E-2 1.8357E-2 1.55832E-2 4.80376E-2 8.49057E-2 7.30417E-2 8.14986E-2 7.09419E-2 8.16365E-2 1.0084E-1 1.20178E-1 1.32491E-1 1.39049E-1 1.39683E-1 1.44207E-1 1.42957E-1 1.43259E-1 1.40876E-1 1.49858E-1 1.65738E-1 1.8515E-1 2.07166E-1 2.24499E-1 2.3036E-1 2.31E-1 2.38488E-1 2.45017E-1 2.46458E-1 2.4884E-1 2.55754E-1 2.65664E-1 2.73345E-1 2.82058E-1 2.81888E-1 2.77317E-1 2.78396E-1
7.83186E-2 8.01145E-2 8.28674E-2 8.40424E-2 7.16986E-2 3.57859E-2 3.50553E-2 6.97205E-2 8.90436E-2 7.98974E-2 7.14178E-2 5.35938E-2 3.31992E-2 1.57491E-2 1.20352E-2 9.41818E-3 6.95185E-3 8.33445E-3 8.13244E-3 7.45257E-3 1.25199E-2 2.52413E-2 1.22131E-2 1.09683E-2 1.63862E-2 1.98092E-2 2.69509E-2 1.45672E-2 3.57781E-2 1.09142E-1 1.10189E-1 1.07563E-1 1.05105E-1 1.07537E-1 1.17971E-1 1.32017E-1 1.36931E-1 1.41286E-1 1.39331E-1 1.45063E-1 1.454E-1 1.41115E-1 1.3608E-1 1.45087E-1 1.63148E-1 1.8019E-1 1.89965E-1 1.99401E-1 2.08106E-1 2.19848E-1 2.32069E-1 2.50425E-1 2.62332E-1 2.69291E-1 2.73158E-1 2.80365E-1 2.8713E-1 2.86412E-1 2.84619E-1 2.80267E-1 2.80998E-1
1.0694E-1 8.52468E-2 5.02207E-2 4.9918E-2 8.1503E-2 5.64826E-2 2.91533E-2 4.47021E-2 6.01271E-2 6.55921E-2 6.04572E-2 3.7272E-2 1.94292E-2 1.16935E-2 1.0431E-2 9.21517E-3 6.19454E-3 7.21152E-3 8.93422E-3 8.30226E-3 1.12412E-2 3.05998E-2 2.27497E-2 1.53378E-2 2.06605E-2 4.64394E-2 6.86443E-2 6.13442E-2 8.79873E-2 1.14313E-1 1.24394E-1 1.18615E-1 1.16305E-1 1.15236E-1 1.2769E-1 1.43294E-1 1.43706E-1 1.49507E-1 1.39723E-1 1.32E-1 1.34745E-1 1.38094E-1 1.4537E-1 1.53351E-1 1.61569E-1 1.76203E-1 1.85172E-1 1.95312E-1 2.05957E-1 2.1404E-1 2.2727E-1 2.35342E-1 2.49393E-1 2.51132E-1 2.60681E-1 2.67084E-1 2.72898E-1 2.77192E-1 2.72391E-1 2.76631E-1 2.86965E-1
9.04982E-2 7.38055E-2 3.94286E-2 4.4361E-2 7.93474E-2 7.92561E-2 5.35328E-2 3.28541E-2 3.1277E-2 3.84002E-2 4.90409E-2 3.62432E-2 1.58028E-2 9.53049E-3 8.51115E-3 7.19989E-3 6.94486E-3 6.90787E-3 6.92846E-3 7.98636E-3 1.01537E-2 1.32377E-2 2.22888E-2 4.25396E-2 5.85899E-2 7.20661E-2 1.10375E-1 1.47805E-1 1.3817E-1 1.29195E-1 1.30653E-1 1.28639E-1 1.26887E-1 1.24455E-1 1.33596E-1 1.48304E-1 1.45594E-1 1.50622E-1 1.4692E-1 1.40072E-1 1.40985E-1 1.44481E-1 1.50107E-1 1.55186E-1 1.56518E-1 1.75091E-1 1.8608E-1 1.9414E-1 2.04582E-1 2.1591E-1 2.24278E-1 2.32821E-1 2.50789E-1 2.49379E-1 2.55195E-1 2.62805E-1 2.71579E-1 2.78329E-1 2.88808E-1 2.92831E-1 2.94314E-1
6.7925E-2 5.82092E-2 4.99725E-2 6.22178E-2 8.11726E-2 6.67428E-2 6.74684E-2 5.36465E-2 3.57397E-2 2.25247E-2 2.29565E-2 3.26388E-2 1.75407E-2 1.161E-2 9.33132E-3 8.47722E-3 7.11547E-3 6.29252E-3 8.72163E-3 1.08206E-2 1.26192E-2 1.33331E-2 1.50588E-2 1.50472E-2 2.68666E-2 3.4428E-2 3.17881E-2 8.94175E-2 1.26687E-1 1.33884E-1 1.53224E-1 1.39093E-1 1.40563E-1 1.37931E-1 1.40182E-1 1.45561E-1 1.43084E-1 1.43722E-1 1.46727E-1 1.46787E-1 1.43385E-1 1.49231E-1 1.57627E-1 1.65247E-1 1.69977E-1 1.77096E-1 1.87395E-1 1.94643E-1 2.0659E-1 2.16572E-1 2.23247E-1 2.43569E-1 2.58065E-1 2.55546E-1 2.6092E-1 2.69179E-1 2.77479E-1 2.89454E-1 2.94694E-1 3.04214E-1 3.10798E-1
7.50643E-2 5.32592E-2 4.96942E-2 4.73968E-2 7.43259E-2 6.18639E-2 5.04837E-2 4.10327E-2 3.32289E-2 2.668E-2 1.73556E-2 2.16677E-2 1.34754E-2 8.65096E-3 7.84819E-3 7.72864E-3 7.6034E-3 6.49825E-3 9.70078E-3 1.07196E-2 1.51849E-2 1.58205E-2 1.53262E-2 1.48824E-2 1.26665E-2 2.17616E-2 1.52105E-2 3.22891E-2 9.29684E-2 1.21591E-1 1.24172E-1 1.2878E-1 1.31952E-1 1.33538E-1 1.42532E-1 1.48674E-1 1.5447E-1 1.65923E-1 1.66751E-1 1.54382E-1 1.49372E-1 1.58342E-1 1.71345E-1 1.79038E-1 1.90131E-1 1.95571E-1 2.0145E-1 2.05975E-1 2.13699E-1 2.21926E-1 2.32502E-1 2.56939E-1 2.68272E-1 2.57425E-1 2.6841E-1 2.7507E-1 2.8093E-1 2.89026E-1 2.97897E-1 3.11089E-1 3.10407E-1
5.53387E-2 4.18136E-2 2.76486E-2 2.99956E-2 4.04444E-2 5.68054E-2 5.26538E-2 3.17682E-2 2.17378E-2 1.75513E-2 1.62301E-2 9.93505E-3 7.9912E-3 7.87627E-3 6.78282E-3 6.17991E-3 7.49269E-3 6.86221E-3 8.01989E-3 1.21931E-2 1.5179E-2 1.24383E-2 1.38731E-2 1.63919E-2 1.16555E-2 1.58869E-2 2.11388E-2 1.98867E-2 6.47288E-2 1.05899E-1 1.25816E-1 1.37659E-1 1.42133E-1 1.36621E-1 1.41889E-1 1.50382E-1 1.60175E-1 1.6831E-1 1.64107E-1 1.58087E-1 1.57871E-1 1.57916E-1 1.73132E-1 1.8518E-1 2.0035E-1 2.0701E-1 2.13931E-1 2.25845E-1 2.34197E-1 2.37384E-1 2.56018E-1 2.70051E-1 2.74227E-1 2.68106E-1 2.6816E-1 2.76604E-1 2.8278E-1 2.92883E-1 3.02451E-1 3.08768E-1 3.15914E-1
5.77769E-2 4.82833E-2 4.96535E-2 3.58502E-2 3.4862E-2 4.19435E-2 3.18196E-2 2.57315E-2 2.29506E-2 1.9844E-2 1.39713E-2 1.14788E-2 8.80211E-3 7.42225E-3 7.47918E-3 6.92751E-3 8.80382E-3 9.3519E-3 1.20878E-2 1.35637E-2 1.29597E-2 1.09157E-2 1.30126E-2 1.71162E-2 2.20735E-2 1.60643E-2 3.40112E-2 5.44666E-2 8.82622E-2 1.11726E-1 1.15432E-1 1.19562E-1 1.46245E-1 1.48585E-1 1.47347E-1 1.53174E-1 1.70682E-1 1.94836E-1 1.79592E-1 1.71962E-1 1.64718E-1 1.64888E-1 1.68443E-1 1.76773E-1 2.00002E-1 2.14527E-1 2.21551E-1 2.30039E-1 2.38217E-1 2.50166E-1 2.56392E-1 2.63167E-1 2.77945E-1 2.80088E-1 2.82875E-1 2.89621E-1 2.95166E-1 3.02548E-1 3.07761E-1 3.13893E-1 3.2414E-1
7.78446E-2 6.85325E-2 7.88347E-2 7.0248E-2 5.20222E-2 3.94633E-2 3.95753E-2 3.24711E-2 2.783E-2 2.46107E-2 2.44535E-2 2.00151E-2 1.10305E-2 1.19045E-2 1.31535E-2 1.1223E-2 1.02835E-2 1.4151E-2 1.27855E-2 1.34399E-2 1.27035E-2 1.07678E-2 1.29674E-2 1.60705E-2 1.71674E-2 1.08268E-2 1.18868E-2 3.21628E-2 6.87217E-2 9.7704E-2 1.08549E-1 1.31654E-1 1.34878E-1 1.37621E-1 1.4267E-1 1.73075E-1 1.98602E-1 1.97752E-1 1.86403E-1 1.85926E-1 1.61716E-1 1.62324E-1 1.74391E-1 1.87005E-1 2.07427E-1 2.28646E-1 2.38438E-1 2.44076E-1 2.5451E-1 2.65637E-1 2.6224E-1 2.63376E-1 2.76281E-1 2.83077E-1 2.93274E-1 2.87831E-1 2.93269E-1 3.06224E-1 3.10996E-1 3.14035E-1 3.19716E-1
9.51024E-2 8.59953E-2 8.19017E-2 7.76552E-2 7.70101E-2 6.03652E-2 4.52213E-2 4.07035E-2 2.9823E-2 2.14066E-2 3.41209E-2 2.23185E-2 1.95727E-2 2.03212E-2 1.8298E-2 1.44742E-2 1.90788E-2 1.44865E-2 1.02088E-2 1.24097E-2 1.47491E-2 1.16664E-2 1.3668E-2 1.64855E-2 1.7686E-2 1.75172E-2 1.307E-2 1.97455E-2 3.34415E-2 6.96318E-2 1.04009E-1 1.09881E-1 1.19461E-1 1.24147E-1 1.41727E-1 1.64631E-1 1.62359E-1 1.55451E-1 1.5156E-1 1.59553E-1 1.61294E-1 1.70865E-1 1.87878E-1 1.99485E-1 2.14757E-1 2.33086E-1 2.45161E-1 2.55952E-1 2.63058E-1 2.7043E-1 2.81251E-1 2.85046E-1 2.88E-1 2.94549E-1 3.0382E-1 3.10169E-1 3.24307E-1 3.15948E-1 3.11836E-1 3.24567E-1 3.31859E-1
9.47675E-2 9.10082E-2 9.35063E-2 8.71618E-2 7.91513E-2 6.8607E-2 5.837E-2 4.80914E-2 4.2338E-2 2.93253E-2 3.78607E-2 3.06179E-2 2.83549E-2 2.87472E-2 2.74343E-2 2.0508E-2 1.95604E-2 1.66592E-2 1.0172E-2 1.10992E-2 1.22452E-2 1.36349E-2 1.46635E-2 1.94443E-2 1.67445E-2 1.6399E-2 1.01088E-2 1.33935E-2 4.26174E-2 6.28697E-2 9.19012E-2 1.18311E-1 1.17908E-1 1.22188E-1 1.33373E-1 1.33442E-1 1.21306E-1 1.21724E-1 1.44156E-1 1.5849E-1 1.66532E-1 1.78295E-1 1.9388E-1 2.10085E-1 2.21709E-1 2.40596E-1 2.57627E-1 2.62984E-1 2.72381E-1 2.77888E-1 2.86863E-1 2.95644E-1 3.0909E-1 3.1078E-1 3.15894E-1 3.26119E-1 3.33589E-1 3.44747E-1 3.42783E-1 3.49574E-1 3.71266E-1
8.39656E-2 7.76403E-2 8.32848E-2 9.13094E-2 7.32288E-2 7.33174E-2 7.80188E-2 5.98124E-2 4.53064E-2 4.54338E-2 5.12444E-2 3.87241E-2 3.53541E-2 4.36392E-2 3.56106E-2 2.95169E-2 2.18869E-2 1.8263E-2 1.41373E-2 1.05416E-2 1.15024E-2 1.54146E-2 1.55306E-2 1.79954E-2 1.57169E-2 1.47073E-2 9.18971E-3 1.92561E-2 4.43003E-2 6.26497E-2 7.5721E-2 5.52263E-2 9.86726E-2 1.19933E-1 1.15179E-1 1.15121E-1 1.22634E-1 1.52413E-1 1.86214E-1 2.04922E-1 2.15433E-1 2.15227E-1 2.22596E-1 2.33305E-1 2.52703E-1 2.62907E-1 2.7104E-1 2.73463E-1 2.78263E-1 2.97133E-1 2.98458E-1 3.08736E-1 3.20107E-1 3.2658E-1 3.3431E-1 3.48437E-1 3.589E-1 3.75806E-1 3.87312E-1 3.89817E-1 3.95089E-1
8.10342E-2 7.93626E-2 7.67773E-2 9.21107E-2 8.63908E-2 7.44554E-2 7.36277E-2 7.28406E-2 6.48804E-2 5.71346E-2 6.16922E-2 5.75599E-2 5.57521E-2 4.85263E-2 3.85928E-2 2.96632E-2 2.33948E-2 1.77883E-2 1.71555E-2 9.80945E-3 1.05059E-2 1.29781E-2 1.494E-2 1.42492E-2 1.67802E-2 1.33473E-2 9.27196E-3 2.81142E-2 3.7537E-2 4.39921E-2 5.39476E-2 5.73675E-2 4.30563E-2 5.99495E-2 8.85514E-2 1.24105E-1 1.44018E-1 1.83007E-1 2.07207E-1 2.2702E-1 2.44708E-1 2.35759E-1 2.45059E-1 2.45617E-1 2.46821E-1 2.55008E-1 2.63201E-1 2.69052E-1 2.79902E-1 2.98639E-1 2.99301E-1 3.1226E-1 3.25587E-1 3.27347E-1 3.4011E-1 3.48243E-1 3.65418E-1 3.87326E-1 3.92185E-1 3.92253E-1 3.96272E-1
8.19174E-2 7.58772E-2 6.27539E-2 7.08802E-2 8.66944E-2 7.26661E-2 7.50003E-2 7.71126E-2 7.42608E-2 7.11879E-2 6.66641E-2 6.42132E-2 5.98917E-2 4.37366E-2 3.43932E-2 2.5991E-2 2.50109E-2 2.31502E-2 1.96744E-2 1.44181E-2 9.79513E-3 1.25216E-2 1.47575E-2 1.70639E-2 1.76016E-2 1.18924E-2 1.16154E-2 3.36024E-2 5.09337E-2 6.07853E-2 7.43276E-2 7.84719E-2 6.89889E-2 5.88699E-2 6.82011E-2 1.00455E-1 1.20976E-1 1.4897E-1 1.67875E-1 2.02907E-1 2.09736E-1 2.1417E-1 2.21401E-1 2.24787E-1 2.3596E-1 2.49702E-1 2.61256E-1 2.7422E-1 2.90781E-1 3.00768E-1 3.09823E-1 3.19033E-1 3.33764E-1 3.3864E-1 3.42349E-1 3.56269E-1 3.69403E-1 3.83413E-1 3.92784E-1 3.90941E-1 4.06386E-1
8.72828E-2 7.79483E-2 6.06334E-2 6.28029E-2 7.20001E-2 6.74784E-2 7.38462E-2 7.12478E-2 6.20298E-2 6.38853E-2 6.16355E-2 6.17742E-2 5.72707E-2 4.05994E-2 3.5323E-2 2.63196E-2 2.52982E-2 2.76685E-2 2.18944E-2 1.83355E-2 1.46384E-2 1.97498E-2 1.93204E-2 2.33626E-2 2.00253E-2 1.14576E-2 1.54349E-2 3.69571E-2 6.79815E-2 8.01263E-2 7.80424E-2 8.08022E-2 6.71322E-2 6.47369E-2 7.91647E-2 9.59472E-2 1.1858E-1 1.39622E-1 1.66802E-1 1.88984E-1 1.97676E-1 2.1497E-1 2.29076E-1 2.36855E-1 2.47938E-1 2.54967E-1 2.6991E-1 2.79803E-1 2.86264E-1 3.04128E-1 3.15495E-1 3.32046E-1 3.26265E-1 3.14984E-1 3.26393E-1 3.39972E-1 3.6009E-1 3.7326E-1 3.83548E-1 3.95499E-1 4.04284E-1
9.07892E-2 7.22807E-2 4.95619E-2 3.79192E-2 6.26448E-2 7.53011E-2 8.03981E-2 7.37097E-2 6.313E-2 6.00583E-2 4.58542E-2 4.61674E-2 4.87097E-2 3.55156E-2 3.30992E-2 2.65186E-2 2.72159E-2 3.03834E-2 2.6122E-2 2.79531E-2 2.64716E-2 3.98148E-2 3.16542E-2 3.00903E-2 3.11678E-2 1.7352E-2 1.42216E-2 2.46029E-2 7.46438E-2 8.25845E-2 8.39172E-2 8.55342E-2 8.24872E-2 9.01186E-2 9.72137E-2 1.06966E-1 1.29427E-1 1.53108E-1 1.72301E-1 1.87501E-1 1.95153E-1 2.17567E-1 2.35434E-1 2.39821E-1 2.44914E-1 2.52283E-1 2.63614E-1 2.74022E-1 2.9041E-1 3.06982E-1 3.23801E-1 3.29209E-1 3.16947E-1 3.16537E-1 3.22378E-1 3.37775E-1 3.54003E-1 3.67009E-1 3.8174E-1 3.94397E-1 4.06854E-1
8.31078E-2 5.76729E-2 3.64867E-2 2.94101E-2 4.24135E-2 7.94709E-2 8.08464E-2 7.57474E-2 6.98726E-2 6.0967E-2 4.74175E-2 3.83155E-2 3.91092E-2 3.0997E-2 2.55647E-2 2.51797E-2 2.29147E-2 2.5562E-2 4.06757E-2 4.75738E-2 5.62951E-2 5.22873E-2 4.61675E-2 3.70499E-2 2.52773E-2 1.34793E-2 2.01401E-2 3.42715E-2 6.55874E-2 8.19266E-2 8.51512E-2 9.10188E-2 8.71629E-2 9.35116E-2 1.16513E-1 1.28452E-1 1.54426E-1 1.6928E-1 1.77419E-1 1.86903E-1 2.01915E-1 2.18839E-1 2.29502E-1 2.44408E-1 2.51537E-1 2.534E-1 2.70266E-1 2.81253E-1 3.01171E-1 3.14515E-1 3.30208E-1 3.32557E-1 3.27831E-1 3.33249E-1 3.44965E-1 3.56437E-1 3.65082E-1 3.78244E-1 3.91911E-1 3.97776E-1 3.92192E-1
7.61988E-2 5.8647E-2 3.84015E-2 3.02375E-2 2.81503E-2 5.57439E-2 8.14744E-2 7.70497E-2 7.27088E-2 6.43164E-2 5.21023E-2 4.01045E-2 3.0571E-2 2.80876E-2 2.43471E-2 2.53728E-2 2.39201E-2 1.87285E-2 2.16512E-2 2.49632E-2 5.25711E-2 6.84765E-2 5.34696E-2 2.88651E-2 1.37606E-2 2.37078E-2 4.22981E-2 5.07301E-2 6.08661E-2 7.3867E-2 8.46928E-2 1.05357E-1 9.45818E-2 1.04053E-1 1.29484E-1 1.67276E-1 1.89972E-1 1.80273E-1 1.90319E-1 2.04263E-1 2.13666E-1 2.25546E-1 2.43861E-1 2.46644E-1 2.51285E-1 2.52345E-1 2.69644E-1 2.82016E-1 3.00523E-1 3.15299E-1 3.29799E-1 3.39804E-1 3.4832E-1 3.51302E-1 3.55872E-1 3.56348E-1 3.60901E-1 3.69845E-1 3.88646E-1 3.88551E-1 3.955E-1
