maxent_outputs/white_flowers_troch_bombus_environ/white_230.asc
ncols         426
nrows         180
xllcorner     -130.0
yllcorner     24.0
cellsize      0.16666666666666666
NODATA_value  -9999
[rows 0 to 26 of 180, columns 61 to 121 of 426]
6.54436E-1 6.45015E-1 6.33778E-1 5.87392E-1 5.25108E-1 5.33251E-1 5.21356E-1 5.10997E-1 4.93152E-1 4.78589E-1 4.55347E-1 4.37748E-1 4.27336E-1 4.12564E-1 3.99655E-1 3.88793E-1 3.87796E-1 3.8467E-1 3.84037E-1 3.68242E-1 3.61884E-1 3.61846E-1 3.57166E-1 3.47191E-1 3.4351E-1 3.37101E-1 3.18327E-1 2.96042E-1 2.98873E-1 3.09136E-1 3.21642E-1 3.29059E-1 3.43013E-1 3.47772E-1 3.54071E-1 3.37938E-1 3.26248E-1 3.23224E-1 3.33343E-1 3.34889E-1 3.22735E-1 3.13846E-1 3.00494E-1 3.02848E-1 3.01576E-1 2.98604E-1 3.09652E-1 3.18698E-1 3.22632E-1 3.21727E-1 3.25827E-1 3.32995E-1 3.28075E-1 3.262E-1 3.22034E-1 3.20027E-1 3.22243E-1 3.22752E-1 3.26146E-1 3.24154E-1 3.27096E-1
6.62298E-1 6.58803E-1 6.16432E-1 6.29755E-1 6.06624E-1 5.90205E-1 5.65784E-1 5.55847E-1 5.12501E-1 4.85002E-1 4.68529E-1 4.51464E-1 4.36586E-1 4.22032E-1 4.08024E-1 4.01072E-1 3.95332E-1 3.87547E-1 3.71449E-1 3.661E-1 3.55688E-1 3.34474E-1 3.32217E-1 3.25857E-1 3.20874E-1 3.22471E-1 3.24933E-1 3.11067E-1 3.1836E-1 3.27655E-1 3.39936E-1 3.44894E-1 3.52303E-1 3.48476E-1 3.54709E-1 3.50502E-1 3.24864E-1 3.25134E-1 3.21223E-1 3.21163E-1 3.19229E-1 3.17439E-1 3.18617E-1 3.09787E-1 3.11783E-1 3.11733E-1 3.08944E-1 3.20308E-1 3.2276E-1 3.28289E-1 3.30121E-1 3.27532E-1 3.2136E-1 3.25176E-1 3.23869E-1 3.16868E-1 3.09173E-1 3.09821E-1 3.11082E-1 3.12216E-1 3.16095E-1
6.92624E-1 6.84974E-1 6.68566E-1 6.50844E-1 6.52711E-1 6.44345E-1 6.35354E-1 6.19263E-1 5.92527E-1 5.45093E-1 4.84029E-1 4.59705E-1 4.49585E-1 4.40376E-1 4.15013E-1 3.99343E-1 3.9327E-1 3.86314E-1 3.71861E-1 3.57292E-1 3.41033E-1 3.39311E-1 3.36147E-1 3.36357E-1 3.30068E-1 3.30128E-1 3.27254E-1 3.21356E-1 3.20859E-1 3.31666E-1 3.44588E-1 3.46725E-1 3.4732E-1 3.42045E-1 3.41524E-1 3.39218E-1 3.37236E-1 3.35743E-1 3.33395E-1 3.33862E-1 3.33896E-1 3.31792E-1 3.28213E-1 3.1191E-1 3.14582E-1 3.16875E-1 3.11189E-1 3.29045E-1 3.36386E-1 3.31407E-1 3.23335E-1 3.24478E-1 3.30242E-1 3.20015E-1 3.20227E-1 3.16458E-1 3.08253E-1 3.08595E-1 3.04182E-1 2.99707E-1 2.93469E-1
7.09567E-1 7.08414E-1 6.81759E-1 6.73731E-1 6.74951E-1 6.48636E-1 6.33136E-1 6.31236E-1 5.74887E-1 5.68082E-1 5.39111E-1 4.84023E-1 4.50562E-1 4.28119E-1 4.22958E-1 4.1262E-1 4.011E-1 3.90694E-1 3.81635E-1 3.66554E-1 3.64086E-1 3.57353E-1 3.50496E-1 3.46911E-1 3.4741E-1 3.43046E-1 3.4252E-1 3.35661E-1 3.35234E-1 3.3186E-1 3.30476E-1 3.39629E-1 3.46075E-1 3.32976E-1 3.33678E-1 3.27706E-1 3.31818E-1 3.31957E-1 3.27479E-1 3.30238E-1 3.4086E-1 3.42755E-1 3.42982E-1 3.36563E-1 3.18738E-1 3.1796E-1 3.19288E-1 3.299E-1 3.3696E-1 3.33064E-1 3.29406E-1 3.22088E-1 3.25468E-1 3.18253E-1 3.15628E-1 3.143E-1 3.1749E-1 3.19611E-1 3.16255E-1 3.08808E-1 3.04507E-1
7.80469E-1 7.47619E-1 7.09028E-1 6.9592E-1 6.88162E-1 6.55881E-1 6.6233E-1 6.55461E-1 6.53814E-1 5.91888E-1 5.60124E-1 5.00896E-1 4.85246E-1 4.64243E-1 4.39881E-1 4.23782E-1 4.17997E-1 4.03811E-1 3.91549E-1 3.75625E-1 3.72973E-1 3.65399E-1 3.60328E-1 3.53464E-1 3.45589E-1 3.42681E-1 3.38375E-1 3.34396E-1 3.2905E-1 3.26478E-1 3.29195E-1 3.39959E-1 3.491E-1 3.43369E-1 3.37778E-1 3.38483E-1 3.36273E-1 3.34081E-1 3.28105E-1 3.19313E-1 3.26301E-1 3.39528E-1 3.44228E-1 3.40642E-1 3.35033E-1 3.29838E-1 3.30679E-1 3.23648E-1 3.34021E-1 3.38808E-1 3.29288E-1 3.326E-1 3.30525E-1 3.28041E-1 3.25191E-1 3.23884E-1 3.21652E-1 3.23067E-1 3.21721E-1 3.20632E-1 3.15852E-1
6.92041E-1 7.27917E-1 7.65251E-1 7.34849E-1 7.34784E-1 6.86448E-1 6.72991E-1 6.57585E-1 6.43358E-1 6.58306E-1 5.55533E-1 5.61019E-1 5.68863E-1 5.55839E-1 5.01517E-1 4.53383E-1 4.45225E-1 4.37264E-1 4.11641E-1 3.92512E-1 3.85105E-1 3.74677E-1 3.6833E-1 3.57485E-1 3.5243E-1 3.50279E-1 3.45787E-1 3.41346E-1 3.35768E-1 3.28931E-1 3.28296E-1 3.35517E-1 3.47422E-1 3.532E-1 3.53069E-1 3.50646E-1 3.39939E-1 3.33434E-1 3.25832E-1 3.23149E-1 3.24072E-1 3.28529E-1 3.37169E-1 3.37051E-1 3.34275E-1 3.32509E-1 3.3518E-1 3.30093E-1 3.37789E-1 3.4106E-1 3.39917E-1 3.37457E-1 3.30036E-1 3.32528E-1 3.32229E-1 3.22309E-1 3.20682E-1 3.18113E-1 3.14762E-1 3.15876E-1 3.19511E-1
7.7653E-1 7.627E-1 6.49174E-1 7.39485E-1 7.60422E-1 7.51167E-1 7.29208E-1 6.97474E-1 6.69089E-1 6.62555E-1 5.52055E-1 6.42138E-1 6.10521E-1 5.94794E-1 5.86773E-1 5.44192E-1 4.91509E-1 4.55812E-1 4.29003E-1 4.12205E-1 3.96919E-1 3.81575E-1 3.73653E-1 3.64568E-1 3.55741E-1 3.47674E-1 3.45188E-1 3.411E-1 3.40318E-1 3.23365E-1 3.26456E-1 3.32367E-1 3.50562E-1 3.60625E-1 3.51755E-1 3.3961E-1 3.39151E-1 3.44368E-1 3.37759E-1 3.29379E-1 3.30731E-1 3.35302E-1 3.42702E-1 3.37522E-1 3.34107E-1 3.33989E-1 3.36999E-1 3.30933E-1 3.26003E-1 3.36089E-1 3.36093E-1 3.33937E-1 3.33059E-1 3.27938E-1 3.2652E-1 3.278E-1 3.2418E-1 3.13257E-1 3.08808E-1 3.16978E-1 3.2244E-1
7.5032E-1 7.46265E-1 7.57104E-1 6.69877E-1 7.2799E-1 7.60808E-1 7.59142E-1 7.55941E-1 7.40936E-1 7.04106E-1 6.55791E-1 6.05851E-1 6.29101E-1 5.92363E-1 6.14912E-1 6.23234E-1 5.91456E-1 5.13295E-1 4.58078E-1 4.47489E-1 4.27739E-1 3.95332E-1 3.80455E-1 3.7297E-1 3.61367E-1 3.57108E-1 3.50651E-1 3.45588E-1 3.4127E-1 3.35057E-1 3.36675E-1 3.37846E-1 3.54175E-1 3.56238E-1 3.46664E-1 3.33588E-1 3.31644E-1 3.41281E-1 3.47314E-1 3.4233E-1 3.42399E-1 3.43285E-1 3.54966E-1 3.56886E-1 3.45603E-1 3.42993E-1 3.40455E-1 3.33285E-1 3.23392E-1 3.23698E-1 3.25502E-1 3.2639E-1 3.18991E-1 3.14941E-1 3.16427E-1 3.21185E-1 3.1946E-1 3.14418E-1 3.16003E-1 3.13409E-1 3.28264E-1
7.41738E-1 7.35451E-1 7.49444E-1 7.65247E-1 7.39977E-1 7.32322E-1 7.42324E-1 7.50336E-1 7.14421E-1 7.06743E-1 6.91612E-1 6.44142E-1 6.27248E-1 5.99067E-1 6.11572E-1 6.05756E-1 6.06248E-1 5.64004E-1 5.53078E-1 5.18409E-1 4.63299E-1 4.31137E-1 4.10053E-1 3.9676E-1 3.82345E-1 3.61493E-1 3.56053E-1 3.46758E-1 3.40932E-1 3.36487E-1 3.35188E-1 3.39041E-1 3.46778E-1 3.52275E-1 3.50623E-1 3.45563E-1 3.3528E-1 3.42053E-1 3.46088E-1 3.43674E-1 3.40997E-1 3.3805E-1 3.44647E-1 3.51365E-1 3.45824E-1 3.47667E-1 3.44401E-1 3.41839E-1 3.36671E-1 3.41236E-1 3.40576E-1 3.32165E-1 3.23096E-1 3.18771E-1 3.17369E-1 3.19148E-1 3.21582E-1 3.22129E-1 3.26405E-1 3.2426E-1 3.26246E-1
7.64921E-1 7.60213E-1 7.63597E-1 7.23619E-1 7.47653E-1 7.54952E-1 7.1744E-1 7.38923E-1 7.51403E-1 6.96149E-1 6.91312E-1 6.64588E-1 6.58815E-1 6.36424E-1 6.04036E-1 6.34399E-1 6.20569E-1 6.34281E-1 6.21014E-1 5.87379E-1 4.94409E-1 4.3626E-1 4.25616E-1 4.10969E-1 4.04222E-1 3.75884E-1 3.65023E-1 3.54052E-1 3.43641E-1 3.24639E-1 3.24455E-1 3.36639E-1 3.44101E-1 3.5542E-1 3.53374E-1 3.49666E-1 3.4057E-1 3.49599E-1 3.43667E-1 3.37673E-1 3.25911E-1 3.40301E-1 3.45707E-1 3.51546E-1 3.44799E-1 3.48493E-1 3.56109E-1 3.51401E-1 3.45865E-1 3.39276E-1 3.34525E-1 3.27929E-1 3.25328E-1 3.12405E-1 3.10955E-1 3.15759E-1 3.15878E-1 3.18063E-1 3.17608E-1 3.16246E-1 3.27795E-1
7.66418E-1 7.67795E-1 7.61187E-1 7.18006E-1 7.68779E-1 7.36029E-1 7.44543E-1 7.32387E-1 7.16625E-1 6.79473E-1 6.9402E-1 6.80947E-1 6.88064E-1 6.84164E-1 7.00751E-1 6.78323E-1 6.44275E-1 6.4889E-1 6.31429E-1 6.39952E-1 5.29037E-1 5.10713E-1 4.77719E-1 4.42041E-1 4.21444E-1 4.06254E-1 3.89293E-1 3.70312E-1 3.56034E-1 3.44308E-1 3.40881E-1 3.48707E-1 3.49435E-1 3.34951E-1 3.44626E-1 3.45628E-1 3.48646E-1 3.46986E-1 3.34938E-1 3.36378E-1 3.41831E-1 3.42008E-1 3.45259E-1 3.54927E-1 3.52054E-1 3.46528E-1 3.48547E-1 3.53242E-1 3.58795E-1 3.5192E-1 3.26581E-1 3.29804E-1 3.24337E-1 3.1991E-1 3.14613E-1 3.14729E-1 3.14804E-1 3.15767E-1 3.16148E-1 3.14523E-1 3.27061E-1
7.50137E-1 7.33164E-1 7.38057E-1 7.19883E-1 7.66722E-1 7.43229E-1 7.25944E-1 6.97286E-1 6.85881E-1 7.04815E-1 7.26591E-1 6.7664E-1 6.83129E-1 7.04193E-1 6.8959E-1 7.05748E-1 6.7369E-1 6.43664E-1 6.68523E-1 6.31755E-1 5.58219E-1 6.25319E-1 5.82108E-1 5.13736E-1 4.5652E-1 4.37566E-1 4.1521E-1 3.90987E-1 3.79488E-1 3.73651E-1 3.71464E-1 3.58293E-1 3.44255E-1 3.36292E-1 3.40172E-1 3.46768E-1 3.5296E-1 3.46633E-1 3.39182E-1 3.46464E-1 3.4917E-1 3.4924E-1 3.52958E-1 3.52821E-1 3.42273E-1 3.4552E-1 3.56313E-1 3.31152E-1 3.24638E-1 3.21879E-1 3.20683E-1 3.13904E-1 3.08234E-1 3.04402E-1 3.03449E-1 3.07763E-1 3.11214E-1 3.14162E-1 3.09212E-1 3.07532E-1 3.13504E-1
7.81739E-1 7.4128E-1 7.51882E-1 7.41713E-1 7.30963E-1 7.56619E-1 7.55986E-1 7.02677E-1 7.48818E-1 7.37105E-1 7.1319E-1 7.04618E-1 7.14235E-1 6.93567E-1 6.78453E-1 7.04211E-1 6.88366E-1 6.96154E-1 6.5585E-1 6.80161E-1 6.41207E-1 6.39722E-1 6.30576E-1 5.99828E-1 5.24644E-1 4.89999E-1 4.47415E-1 4.21099E-1 3.98103E-1 3.84411E-1 3.73898E-1 3.57246E-1 3.52016E-1 3.44101E-1 3.51798E-1 3.55086E-1 3.52415E-1 3.54604E-1 3.53426E-1 3.51278E-1 3.49468E-1 3.46047E-1 3.356E-1 3.46288E-1 3.43479E-1 3.33727E-1 3.44696E-1 3.35038E-1 3.27105E-1 3.03981E-1 2.98563E-1 3.03077E-1 2.97617E-1 2.86864E-1 2.93101E-1 2.97207E-1 2.94099E-1 3.02491E-1 3.00515E-1 2.97141E-1 3.03061E-1
7.18194E-1 7.09637E-1 7.07867E-1 7.27696E-1 7.60772E-1 7.70534E-1 7.26207E-1 7.04361E-1 7.69129E-1 7.32954E-1 7.18068E-1 7.24456E-1 6.93151E-1 6.45396E-1 6.7839E-1 6.95473E-1 6.72554E-1 6.87074E-1 6.7492E-1 7.0711E-1 6.76887E-1 6.5183E-1 6.60971E-1 6.38454E-1 6.00268E-1 5.3925E-1 4.84416E-1 4.38628E-1 4.0829E-1 3.90678E-1 3.67325E-1 3.5869E-1 3.45979E-1 3.47386E-1 3.56681E-1 3.56412E-1 3.54472E-1 3.51338E-1 3.5456E-1 3.56865E-1 3.4932E-1 3.40145E-1 3.36046E-1 3.37931E-1 3.47958E-1 3.4399E-1 3.38321E-1 3.38322E-1 3.37911E-1 2.99158E-1 2.91852E-1 2.93849E-1 2.99654E-1 2.91169E-1 2.86614E-1 3.02515E-1 2.98961E-1 2.9257E-1 2.99087E-1 2.93745E-1 2.93526E-1
6.8573E-1 6.92829E-1 7.30919E-1 6.97921E-1 7.71453E-1 7.863E-1 7.80121E-1 7.01702E-1 7.71354E-1 7.78604E-1 7.73165E-1 7.31243E-1 7.40567E-1 7.29081E-1 5.98437E-1 6.34944E-1 6.79625E-1 6.69891E-1 6.6001E-1 6.80136E-1 6.82983E-1 6.48303E-1 6.26031E-1 6.41237E-1 6.28956E-1 5.87254E-1 5.0941E-1 4.481E-1 4.18516E-1 3.96612E-1 3.82641E-1 3.69784E-1 3.55792E-1 3.50786E-1 3.60164E-1 3.55725E-1 3.4863E-1 3.45018E-1 3.46144E-1 3.4425E-1 3.35567E-1 3.30026E-1 3.29406E-1 3.28054E-1 3.46985E-1 3.6013E-1 3.54049E-1 3.31367E-1 3.3012E-1 3.12669E-1 2.94758E-1 2.97851E-1 2.93497E-1 2.93371E-1 2.89128E-1 2.92047E-1 2.89396E-1 2.90778E-1 2.94E-1 3.03279E-1 3.01689E-1
7.479E-1 7.30867E-1 6.88524E-1 7.36455E-1 7.567E-1 7.30812E-1 7.76184E-1 7.86978E-1 7.148E-1 7.93334E-1 7.72975E-1 7.46775E-1 7.46882E-1 7.36447E-1 6.96069E-1 7.11253E-1 5.87161E-1 6.87561E-1 6.78068E-1 6.7289E-1 6.68609E-1 6.66398E-1 6.36426E-1 6.24404E-1 6.17207E-1 6.16611E-1 5.91744E-1 5.18441E-1 4.42567E-1 4.07654E-1 3.86946E-1 3.76362E-1 3.64923E-1 3.63331E-1 3.64285E-1 3.62391E-1 3.52842E-1 3.44962E-1 3.4217E-1 3.42536E-1 3.32833E-1 3.29491E-1 3.31871E-1 3.30396E-1 3.23019E-1 3.39256E-1 3.42415E-1 3.27205E-1 3.17919E-1 3.13325E-1 2.90654E-1 2.96062E-1 2.94822E-1 2.98155E-1 2.85707E-1 2.88461E-1 2.88344E-1 2.86529E-1 2.84699E-1 3.0263E-1 3.09716E-1
6.91301E-1 6.77319E-1 7.2633E-1 7.74709E-1 7.11998E-1 7.01219E-1 8.00317E-1 8.05371E-1 7.65006E-1 7.1786E-1 7.80692E-1 7.49408E-1 7.33583E-1 7.42843E-1 7.0472E-1 7.17101E-1 7.01948E-1 6.02497E-1 6.9467E-1 6.75108E-1 6.6376E-1 6.58256E-1 6.46422E-1 6.34686E-1 6.18711E-1 5.82383E-1 5.70431E-1 5.56795E-1 4.62737E-1 4.21093E-1 3.94311E-1 3.77763E-1 3.65019E-1 3.64228E-1 3.61067E-1 3.54944E-1 3.58338E-1 3.46418E-1 3.41169E-1 3.40296E-1 3.35767E-1 3.41572E-1 3.44918E-1 3.54126E-1 3.50839E-1 3.29786E-1 3.21203E-1 3.05695E-1 2.87599E-1 2.78935E-1 2.72825E-1 2.77755E-1 2.95247E-1 3.00637E-1 2.84019E-1 2.86102E-1 2.86228E-1 2.79027E-1 2.88593E-1 3.01646E-1 3.12259E-1
6.8043E-1 7.37117E-1 7.01303E-1 7.67186E-1 7.30519E-1 7.34169E-1 7.78961E-1 7.77662E-1 8.03853E-1 7.12236E-1 7.65346E-1 7.49691E-1 7.59766E-1 7.17181E-1 7.15716E-1 6.95855E-1 7.06379E-1 6.92602E-1 6.07405E-1 6.39045E-1 6.49882E-1 6.51823E-1 6.36228E-1 6.2656E-1 6.1273E-1 6.05088E-1 5.66303E-1 5.41391E-1 4.75534E-1 4.4789E-1 4.11934E-1 3.87246E-1 3.6313E-1 3.55094E-1 3.47639E-1 3.45846E-1 3.42849E-1 3.40685E-1 3.42541E-1 3.46566E-1 3.4066E-1 3.39274E-1 3.34921E-1 3.4014E-1 3.39244E-1 3.3061E-1 3.07203E-1 2.82014E-1 2.69369E-1 2.67844E-1 2.58612E-1 2.58295E-1 2.63296E-1 2.73535E-1 2.86952E-1 2.85666E-1 2.89226E-1 2.84506E-1 2.8254E-1 2.93979E-1 3.0694E-1
6.51873E-1 6.55486E-1 6.45875E-1 6.73431E-1 6.99605E-1 7.36497E-1 7.34219E-1 7.72816E-1 7.84665E-1 7.71912E-1 7.40098E-1 7.71887E-1 7.50707E-1 6.94025E-1 7.31483E-1 7.01469E-1 7.07352E-1 6.78561E-1 6.8251E-1 6.19781E-1 5.83179E-1 6.67791E-1 6.28119E-1 6.20852E-1 6.07543E-1 5.80991E-1 5.75217E-1 5.82478E-1 5.31335E-1 5.00606E-1 4.29262E-1 3.89307E-1 3.76998E-1 3.53041E-1 3.38396E-1 3.27256E-1 3.2678E-1 3.35908E-1 3.45959E-1 3.45632E-1 3.49006E-1 3.41341E-1 3.45766E-1 3.36284E-1 3.33053E-1 3.27597E-1 3.134E-1 2.99689E-1 2.9572E-1 2.84431E-1 2.75165E-1 2.91343E-1 3.05905E-1 3.04199E-1 2.93322E-1 2.94155E-1 2.91512E-1 2.85394E-1 2.86602E-1 2.98518E-1 3.07528E-1
6.01676E-1 6.56511E-1 6.76003E-1 6.57814E-1 6.93758E-1 7.82063E-1 7.71661E-1 7.50617E-1 8.19182E-1 8.09977E-1 7.2894E-1 7.44957E-1 7.13786E-1 7.37627E-1 7.26963E-1 7.06379E-1 6.7022E-1 6.7463E-1 6.58741E-1 6.88164E-1 6.70853E-1 5.56023E-1 6.41228E-1 6.09207E-1 6.00015E-1 5.86743E-1 5.51479E-1 5.68471E-1 5.66132E-1 5.4E-1 4.7373E-1 4.28329E-1 3.93172E-1 3.62114E-1 3.39046E-1 3.20841E-1 3.29298E-1 3.4097E-1 3.53091E-1 3.57104E-1 3.60492E-1 3.54544E-1 3.41341E-1 3.42619E-1 3.32925E-1 3.30801E-1 3.28961E-1 3.31525E-1 3.22544E-1 3.13962E-1 3.03055E-1 3.10369E-1 3.08709E-1 3.13727E-1 3.18555E-1 3.04164E-1 2.86541E-1 2.92845E-1 2.99284E-1 3.00898E-1 3.09226E-1
6.24133E-1 6.72903E-1 6.76308E-1 6.5047E-1 6.4453E-1 7.23507E-1 7.09757E-1 7.95124E-1 7.66106E-1 8.0691E-1 7.88961E-1 6.86366E-1 7.58986E-1 7.43922E-1 7.11286E-1 7.17269E-1 6.79033E-1 6.66439E-1 6.44622E-1 6.71884E-1 6.89898E-1 6.55569E-1 5.11014E-1 6.46415E-1 5.75668E-1 5.70799E-1 5.54563E-1 5.59575E-1 5.3922E-1 5.63149E-1 5.29244E-1 4.73218E-1 4.30897E-1 3.97134E-1 3.63553E-1 3.40532E-1 3.32199E-1 3.3389E-1 3.36934E-1 3.54202E-1 3.66201E-1 3.63212E-1 3.55873E-1 3.46525E-1 3.33976E-1 3.29182E-1 3.28418E-1 3.30816E-1 3.27335E-1 3.09872E-1 2.91195E-1 2.97494E-1 3.12239E-1 3.1667E-1 3.20064E-1 2.99609E-1 2.92615E-1 2.98015E-1 3.00376E-1 3.03958E-1 3.04113E-1
6.32356E-1 6.61287E-1 6.51544E-1 6.01472E-1 6.96755E-1 7.0642E-1 7.1465E-1 7.64402E-1 7.63483E-1 7.92902E-1 7.5473E-1 6.94809E-1 7.56183E-1 7.7694E-1 7.43335E-1 7.03666E-1 6.64522E-1 6.59997E-1 6.84317E-1 6.69305E-1 6.92853E-1 6.8204E-1 6.36395E-1 5.13727E-1 6.47188E-1 5.43556E-1 6.01779E-1 5.41132E-1 5.54077E-1 5.30289E-1 5.31108E-1 4.97203E-1 4.63439E-1 4.18233E-1 3.84051E-1 3.63058E-1 3.53423E-1 3.45329E-1 3.43034E-1 3.50228E-1 3.56589E-1 3.6176E-1 3.49379E-1 3.41553E-1 3.40122E-1 3.27718E-1 3.30398E-1 3.40747E-1 3.27221E-1 3.17236E-1 3.01745E-1 3.05699E-1 3.10707E-1 3.15377E-1 3.11581E-1 3.06274E-1 3.08695E-1 3.11778E-1 3.12444E-1 3.05803E-1 3.045E-1
7.1151E-1 6.80224E-1 6.41185E-1 6.24357E-1 6.71788E-1 6.5481E-1 7.17634E-1 7.24944E-1 7.5476E-1 8.07814E-1 7.31373E-1 7.00959E-1 7.04178E-1 7.42311E-1 7.37819E-1 7.23564E-1 7.03728E-1 6.56488E-1 7.06735E-1 6.72303E-1 6.78319E-1 6.96963E-1 6.77209E-1 5.53732E-1 5.62281E-1 6.00729E-1 5.89439E-1 5.55751E-1 5.80209E-1 5.31977E-1 5.63264E-1 5.42149E-1 4.97321E-1 4.40962E-1 4.07496E-1 3.81671E-1 3.63886E-1 3.58623E-1 3.49068E-1 3.48928E-1 3.46022E-1 3.48014E-1 3.48789E-1 3.51525E-1 3.49178E-1 3.44052E-1 3.43744E-1 3.33436E-1 3.31886E-1 3.14465E-1 3.06891E-1 3.07262E-1 3.08788E-1 3.12101E-1 3.11037E-1 3.12832E-1 3.08881E-1 3.05697E-1 3.08027E-1 2.98988E-1 2.95145E-1
7.00232E-1 6.62782E-1 6.36797E-1 6.75428E-1 7.00016E-1 7.55431E-1 7.75078E-1 7.50147E-1 7.66348E-1 7.78902E-1 7.30618E-1 7.31192E-1 7.2374E-1 7.44858E-1 6.9704E-1 7.26497E-1 7.13058E-1 6.76664E-1 6.83967E-1 6.72774E-1 6.82772E-1 7.0312E-1 6.68713E-1 6.09967E-1 4.98287E-1 5.74322E-1 6.06893E-1 6.22148E-1 5.92981E-1 5.44767E-1 5.66153E-1 5.72432E-1 5.23114E-1 4.5537E-1 4.21735E-1 3.82013E-1 3.65406E-1 3.70201E-1 3.62368E-1 3.55463E-1 3.56496E-1 3.48737E-1 3.46983E-1 3.44516E-1 3.50911E-1 3.5626E-1 3.57761E-1 3.41409E-1 3.42802E-1 3.27927E-1 3.12943E-1 3.17994E-1 3.26331E-1 3.31743E-1 3.34995E-1 3.28756E-1 3.17659E-1 3.15636E-1 3.13351E-1 3.03752E-1 2.98787E-1
6.49779E-1 6.28218E-1 5.94262E-1 6.63669E-1 6.97918E-1 7.69753E-1 7.66864E-1 7.64418E-1 8.00142E-1 7.44593E-1 7.27473E-1 7.5698E-1 7.68166E-1 7.71964E-1 7.178E-1 7.32109E-1 7.29884E-1 6.74929E-1 6.92888E-1 6.75293E-1 6.76674E-1 6.78093E-1 6.9306E-1 6.36949E-1 4.75544E-1 6.34471E-1 6.51542E-1 6.29208E-1 6.2111E-1 5.71003E-1 5.8911E-1 5.84879E-1 5.1921E-1 4.68393E-1 4.24589E-1 3.88628E-1 3.63182E-1 3.69127E-1 3.70131E-1 3.65247E-1 3.60718E-1 3.55874E-1 3.55835E-1 3.60181E-1 3.57983E-1 3.57845E-1 3.59856E-1 3.48662E-1 3.47158E-1 3.35852E-1 3.43321E-1 3.51655E-1 3.50815E-1 3.47676E-1 3.51275E-1 3.41064E-1 3.43027E-1 3.41147E-1 3.33045E-1 3.28621E-1 3.25203E-1
6.1398E-1 6.25262E-1 6.70014E-1 6.71129E-1 6.76899E-1 7.39711E-1 6.85511E-1 7.68426E-1 7.77589E-1 7.29268E-1 7.39383E-1 7.81943E-1 7.82704E-1 7.3493E-1 7.09209E-1 7.40402E-1 7.32224E-1 6.83545E-1 6.81347E-1 6.84377E-1 6.71852E-1 6.88994E-1 6.74958E-1 5.84047E-1 4.75087E-1 6.25763E-1 6.68247E-1 6.39733E-1 6.39403E-1 6.1888E-1 6.04005E-1 6.13598E-1 5.74205E-1 4.79955E-1 4.20358E-1 4.01474E-1 3.70803E-1 3.72362E-1 3.73322E-1 3.70704E-1 3.66337E-1 3.73747E-1 3.7215E-1 3.7894E-1 3.74068E-1 3.76897E-1 3.7893E-1 3.68771E-1 3.64617E-1 3.64538E-1 3.59058E-1 3.47414E-1 3.35486E-1 3.41326E-1 3.52778E-1 3.52255E-1 3.54941E-1 3.55149E-1 3.5275E-1 3.47809E-1 3.39049E-1
5.79711E-1 6.32062E-1 7.0943E-1 6.60671E-1 6.34723E-1 6.56986E-1 6.94004E-1 7.60892E-1 7.23666E-1 7.22402E-1 7.42151E-1 7.66856E-1 7.30592E-1 7.0963E-1 7.1305E-1 7.07421E-1 7.04335E-1 6.99023E-1 6.86065E-1 6.93188E-1 6.77996E-1 6.61132E-1 6.39214E-1 5.65945E-1 4.97859E-1 5.07141E-1 6.33107E-1 6.23369E-1 6.3642E-1 6.34869E-1 6.29592E-1 6.23969E-1 5.84772E-1 5.12177E-1 4.51662E-1 4.19281E-1 3.98879E-1 3.83759E-1 3.80894E-1 3.84959E-1 3.87177E-1 3.93114E-1 3.91019E-1 3.76208E-1 3.64864E-1 3.65406E-1 3.69446E-1 3.647E-1 3.61555E-1 3.6484E-1 3.62195E-1 3.49183E-1 3.37498E-1 3.27662E-1 3.36222E-1 3.27394E-1 3.35655E-1 3.44706E-1 3.48711E-1 3.49238E-1 3.41551E-1
