maxent_outputs/white_flowers_troch_bombus_environ/white_169.asc
ncols         426
nrows         180
xllcorner     -130.0
yllcorner     24.0
cellsize      0.16666666666666666
NODATA_value  -9999
[rows 0 to 26 of 180, columns 244 to 304 of 426]
3.55101E-1 3.55061E-1 3.5602E-1 3.56577E-1 3.59627E-1 3.6174E-1 3.6013E-1 3.59033E-1 3.60301E-1 3.61498E-1 3.64761E-1 3.65999E-1 3.66559E-1 3.67869E-1 3.65027E-1 3.67698E-1 3.71661E-1 3.86925E-1 3.87978E-1 3.80195E-1 3.79308E-1 3.81264E-1 3.87318E-1 3.79211E-1 3.80451E-1 3.78451E-1 3.76544E-1 3.82094E-1 3.83206E-1 3.97729E-1 3.91884E-1 3.97299E-1 3.87954E-1 3.7983E-1 3.87761E-1 3.82472E-1 3.83409E-1 3.90012E-1 3.87352E-1 3.88232E-1 3.94012E-1 3.97312E-1 4.08277E-1 4.22037E-1 -9999 -9999 -9999 -9999 -9999 -9999 -9999 -9999 -9999 -9999 -9999 -9999 9.87967E-1 -9999 -9999 -9999 9.95275E-1
3.61145E-1 3.59963E-1 3.64528E-1 3.61848E-1 3.6242E-1 3.64376E-1 3.67081E-1 3.67289E-1 3.69913E-1 3.67144E-1 3.63257E-1 3.62425E-1 3.66039E-1 3.7031E-1 3.72246E-1 3.72084E-1 3.70916E-1 3.71376E-1 3.74805E-1 3.74353E-1 3.78094E-1 3.75406E-1 3.79196E-1 3.81206E-1 3.80268E-1 3.80252E-1 3.77188E-1 3.75179E-1 3.80906E-1 3.76573E-1 3.78878E-1 3.79802E-1 3.78871E-1 3.76517E-1 3.82065E-1 3.82476E-1 3.86489E-1 3.95896E-1 3.84607E-1 3.87653E-1 3.84439E-1 3.87659E-1 4.01681E-1 4.21357E-1 -9999 -9999 -9999 -9999 -9999 -9999 -9999 -9999 -9999 -9999 -9999 -9999 -9999 -9999 -9999 -9999 9.84143E-1
3.5848E-1 3.60536E-1 3.61351E-1 3.59427E-1 3.63882E-1 3.64658E-1 3.7256E-1 3.74703E-1 3.73889E-1 3.70728E-1 3.67915E-1 3.67559E-1 3.67733E-1 3.66435E-1 3.66179E-1 3.66822E-1 3.69638E-1 3.71024E-1 3.75344E-1 3.73747E-1 3.77316E-1 3.78115E-1 3.77206E-1 3.78416E-1 3.8062E-1 3.81667E-1 3.77173E-1 3.78121E-1 3.80833E-1 3.83167E-1 3.86971E-1 3.81976E-1 3.80438E-1 3.80589E-1 3.82104E-1 3.81943E-1 3.77443E-1 3.77262E-1 3.81921E-1 3.83861E-1 3.85169E-1 3.89587E-1 4.08079E-1 -9999 -9999 -9999 -9999 -9999 -9999 -9999 -9999 -9999 -9999 -9999 -9999 -9999 -9999 6.49842E-1 -9999 -9999 9.8344E-1
3.56785E-1 3.59992E-1 3.59256E-1 3.54044E-1 3.57388E-1 3.60293E-1 3.65692E-1 3.67723E-1 3.67166E-1 3.69327E-1 3.75356E-1 3.75219E-1 3.7091E-1 3.69856E-1 3.73781E-1 3.71511E-1 3.68939E-1 3.70671E-1 3.73214E-1 3.79452E-1 3.7964E-1 3.83612E-1 3.86163E-1 3.92449E-1 3.89991E-1 3.88091E-1 3.79803E-1 3.81964E-1 3.8382E-1 3.83757E-1 3.83104E-1 3.8104E-1 3.80437E-1 3.82928E-1 3.80453E-1 3.78015E-1 3.77853E-1 3.80006E-1 3.79749E-1 3.85846E-1 3.8199E-1 3.80638E-1 3.89737E-1 4.00355E-1 -9999 -9999 -9999 -9999 -9999 -9999 -9999 -9999 -9999 -9999 -9999 5.1588E-1 5.15674E-1 7.44102E-1 -9999 -9999 -9999
3.5651E-1 3.56341E-1 3.58029E-1 3.5882E-1 3.5977E-1 3.66168E-1 3.64667E-1 3.63645E-1 3.65337E-1 3.68187E-1 3.75724E-1 3.78286E-1 3.77335E-1 3.76294E-1 3.75686E-1 3.73221E-1 3.73607E-1 3.727E-1 3.76473E-1 3.76098E-1 3.78298E-1 3.83799E-1 3.88202E-1 3.93427E-1 3.83558E-1 3.86224E-1 3.80406E-1 3.81626E-1 3.80701E-1 3.81611E-1 3.7811E-1 3.76084E-1 3.7266E-1 3.75446E-1 3.7467E-1 3.76281E-1 3.74799E-1 3.80377E-1 3.76574E-1 3.78959E-1 3.78764E-1 3.85406E-1 3.82616E-1 4.32303E-1 -9999 3.9062E-1 3.89415E-1 3.97987E-1 4.08388E-1 4.13443E-1 -9999 -9999 -9999 -9999 -9999 5.13865E-1 6.4331E-1 9.22757E-1 9.82255E-1 -9999 -9999
3.60934E-1 3.63568E-1 3.59188E-1 3.70736E-1 3.67727E-1 3.65878E-1 3.69022E-1 3.67861E-1 3.72486E-1 3.75391E-1 3.83107E-1 3.86958E-1 3.87511E-1 3.83264E-1 3.79739E-1 3.8092E-1 3.72816E-1 3.74327E-1 3.75561E-1 3.76438E-1 3.79737E-1 3.8482E-1 3.88206E-1 3.83736E-1 3.83751E-1 3.81699E-1 3.85564E-1 3.83288E-1 3.80862E-1 3.78643E-1 3.76806E-1 3.7435E-1 3.74099E-1 3.72807E-1 3.70101E-1 3.69847E-1 3.70271E-1 3.71767E-1 3.78588E-1 3.79574E-1 3.80779E-1 3.87784E-1 4.0672E-1 4.24127E-1 3.76953E-1 3.73037E-1 3.7796E-1 3.81754E-1 3.86151E-1 3.87132E-1 4.01538E-1 7.06267E-1 -9999 -9999 -9999 -9999 5.46309E-1 4.97594E-1 -9999 -9999 -9999
3.72667E-1 3.75951E-1 3.6394E-1 3.63336E-1 3.69153E-1 3.71447E-1 3.76502E-1 3.76146E-1 3.82309E-1 3.84496E-1 3.86673E-1 3.96337E-1 3.91418E-1 3.84246E-1 3.83644E-1 3.8221E-1 3.75861E-1 3.75869E-1 3.77649E-1 3.79487E-1 3.79533E-1 3.80987E-1 3.77105E-1 3.8193E-1 3.81529E-1 3.83603E-1 3.81371E-1 3.81579E-1 3.83225E-1 3.7708E-1 3.7592E-1 3.73795E-1 3.71096E-1 3.77739E-1 3.73504E-1 3.69759E-1 3.70144E-1 3.7132E-1 3.77906E-1 3.77068E-1 3.80797E-1 3.85901E-1 3.91966E-1 3.87754E-1 4.01072E-1 3.94991E-1 4.03735E-1 3.9475E-1 3.95026E-1 3.91548E-1 3.91006E-1 4.12953E-1 -9999 -9999 -9999 -9999 -9999 -9999 -9999 -9999 9.95345E-1
3.61172E-1 3.64013E-1 3.62887E-1 3.64576E-1 3.70201E-1 3.70895E-1 3.72328E-1 3.73846E-1 3.7459E-1 3.81302E-1 3.83186E-1 3.87851E-1 3.83091E-1 3.83169E-1 3.80178E-1 3.78882E-1 3.78793E-1 3.80583E-1 3.83184E-1 3.83939E-1 3.82373E-1 3.7765E-1 3.77399E-1 3.82937E-1 3.82047E-1 3.81218E-1 3.8005E-1 3.83439E-1 3.82792E-1 3.77575E-1 3.72903E-1 3.69013E-1 3.67959E-1 3.6989E-1 3.66932E-1 3.68554E-1 3.70587E-1 3.6504E-1 3.65037E-1 3.69896E-1 3.77897E-1 3.77142E-1 3.7685E-1 3.80777E-1 4.05557E-1 -9999 -9999 -9999 4.19677E-1 4.09606E-1 3.98269E-1 4.10485E-1 -9999 -9999 -9999 -9999 -9999 -9999 -9999 -9999 9.90801E-1
3.6235E-1 3.644E-1 3.63833E-1 3.67005E-1 3.68901E-1 3.6926E-1 3.76208E-1 3.80632E-1 3.82901E-1 3.82805E-1 3.87094E-1 3.879E-1 3.88332E-1 3.86067E-1 3.86086E-1 3.89109E-1 3.81683E-1 3.84769E-1 3.85045E-1 3.86939E-1 3.82315E-1 3.82385E-1 3.80145E-1 3.89524E-1 3.85375E-1 3.82974E-1 3.83224E-1 3.8656E-1 3.8264E-1 3.75617E-1 3.74085E-1 3.71251E-1 3.70928E-1 3.77457E-1 3.75394E-1 3.66522E-1 3.69467E-1 3.63148E-1 3.61543E-1 3.6625E-1 3.71275E-1 3.72774E-1 3.64234E-1 3.66781E-1 3.77803E-1 3.86779E-1 3.80921E-1 -9999 -9999 -9999 -9999 -9999 -9999 -9999 -9999 -9999 -9999 -9999 7.36935E-1 -9999 9.92315E-1
3.59131E-1 3.66026E-1 3.67547E-1 3.71229E-1 3.70521E-1 3.73709E-1 3.78892E-1 3.824E-1 3.84127E-1 3.85599E-1 3.8495E-1 3.85428E-1 3.82392E-1 3.8378E-1 3.86365E-1 3.88966E-1 3.9175E-1 3.9397E-1 3.8916E-1 3.89707E-1 3.83686E-1 3.81396E-1 3.82947E-1 3.86331E-1 3.99891E-1 3.94821E-1 3.87146E-1 3.87138E-1 3.82168E-1 3.80422E-1 3.76156E-1 3.72151E-1 3.74181E-1 3.75183E-1 3.73428E-1 3.73074E-1 3.7285E-1 3.70078E-1 3.64224E-1 3.62314E-1 3.63003E-1 3.54914E-1 3.53089E-1 3.58131E-1 3.60505E-1 3.65523E-1 3.75502E-1 -9999 -9999 -9999 -9999 -9999 -9999 -9999 9.9446E-1 -9999 -9999 -9999 -9999 -9999 9.95595E-1
3.6086E-1 3.65434E-1 3.67538E-1 3.67924E-1 3.65329E-1 3.69894E-1 3.76453E-1 3.80468E-1 3.83914E-1 3.85802E-1 3.88867E-1 3.876E-1 3.85894E-1 3.86986E-1 3.91457E-1 3.91539E-1 3.89631E-1 3.89665E-1 3.93817E-1 3.92931E-1 3.8737E-1 3.88513E-1 3.89258E-1 3.8515E-1 4.05444E-1 4.12552E-1 3.9017E-1 3.8906E-1 3.81849E-1 3.75783E-1 3.74833E-1 3.72763E-1 3.72956E-1 3.72168E-1 3.74366E-1 3.74062E-1 3.69699E-1 3.66499E-1 3.62372E-1 3.63105E-1 3.59374E-1 3.57021E-1 3.52306E-1 3.53331E-1 3.64122E-1 3.66171E-1 3.74881E-1 5.84392E-1 -9999 -9999 -9999 -9999 -9999 -9999 -9999 -9999 -9999 -9999 6.30396E-1 5.23016E-1 -9999
3.66185E-1 3.67675E-1 3.66076E-1 3.68323E-1 3.72172E-1 3.75766E-1 3.76615E-1 3.78816E-1 3.76995E-1 3.79817E-1 3.84604E-1 3.8482E-1 3.8688E-1 3.92349E-1 3.94991E-1 3.94174E-1 3.93879E-1 3.9529E-1 3.92813E-1 3.8904E-1 3.902E-1 3.88517E-1 3.87609E-1 3.90101E-1 3.89807E-1 3.90159E-1 3.82803E-1 3.78956E-1 3.77148E-1 3.78918E-1 3.80529E-1 3.79334E-1 3.76267E-1 3.72565E-1 3.71839E-1 3.70016E-1 3.69672E-1 3.6501E-1 3.57751E-1 3.61935E-1 3.55962E-1 3.52608E-1 3.52006E-1 3.55413E-1 3.51053E-1 3.48274E-1 3.60225E-1 3.70612E-1 3.78224E-1 3.92484E-1 4.00691E-1 -9999 -9999 -9999 -9999 -9999 -9999 -9999 4.73014E-1 4.65135E-1 4.82764E-1
3.63321E-1 3.66305E-1 3.68308E-1 3.76551E-1 3.77939E-1 3.75971E-1 3.78131E-1 3.81764E-1 3.78004E-1 3.8159E-1 3.87819E-1 3.92122E-1 3.94866E-1 3.93842E-1 3.95478E-1 3.99177E-1 3.93563E-1 3.96515E-1 3.94059E-1 3.94125E-1 3.90687E-1 3.92525E-1 3.91928E-1 3.96297E-1 3.93128E-1 3.85845E-1 3.86081E-1 3.83175E-1 3.81504E-1 3.81214E-1 3.80292E-1 3.76627E-1 3.78932E-1 3.75962E-1 3.7507E-1 3.73017E-1 3.67575E-1 3.63189E-1 3.64167E-1 3.66089E-1 3.61719E-1 3.54703E-1 3.49512E-1 3.49323E-1 3.48244E-1 3.47283E-1 3.51584E-1 3.58899E-1 3.64847E-1 3.75417E-1 3.96689E-1 4.22537E-1 -9999 -9999 -9999 -9999 -9999 -9999 4.58952E-1 4.48969E-1 5.39095E-1
3.67926E-1 3.70367E-1 3.75135E-1 3.81135E-1 3.79301E-1 3.78046E-1 3.81748E-1 3.83841E-1 3.88397E-1 3.94403E-1 3.94789E-1 3.97259E-1 3.96099E-1 3.95667E-1 4.01068E-1 4.02912E-1 4.06022E-1 4.02931E-1 3.99521E-1 3.98938E-1 3.9784E-1 3.95253E-1 3.92143E-1 3.93515E-1 3.91334E-1 3.90277E-1 3.92396E-1 3.88565E-1 3.8849E-1 3.86398E-1 3.83884E-1 3.79401E-1 3.81999E-1 3.77687E-1 3.72875E-1 3.71661E-1 3.70371E-1 3.75066E-1 3.64577E-1 3.63522E-1 3.61012E-1 3.56424E-1 3.53022E-1 3.50994E-1 3.5178E-1 3.52209E-1 3.52971E-1 3.55402E-1 3.60292E-1 3.70694E-1 3.85171E-1 4.01348E-1 4.17801E-1 -9999 -9999 -9999 -9999 -9999 -9999 -9999 5.88084E-1
3.673E-1 3.70672E-1 3.78204E-1 3.81819E-1 3.81704E-1 3.80409E-1 3.806E-1 3.83543E-1 3.89828E-1 3.91784E-1 3.91713E-1 3.98658E-1 3.95593E-1 4.00658E-1 4.04221E-1 4.08337E-1 4.10138E-1 4.05134E-1 4.04078E-1 4.03457E-1 4.02607E-1 4.02357E-1 4.01527E-1 3.98238E-1 3.94674E-1 4.01361E-1 3.96361E-1 3.94509E-1 3.88634E-1 3.87428E-1 3.84441E-1 3.76461E-1 3.77804E-1 3.83762E-1 3.76082E-1 3.78636E-1 3.79048E-1 3.72698E-1 3.67125E-1 3.67066E-1 3.64818E-1 3.59352E-1 3.56277E-1 3.54249E-1 3.56214E-1 3.59519E-1 3.60863E-1 3.60202E-1 3.63421E-1 3.70595E-1 3.85677E-1 3.98176E-1 4.16478E-1 4.23098E-1 -9999 -9999 -9999 -9999 4.47742E-1 4.59863E-1 4.62214E-1
3.68039E-1 3.75957E-1 3.82391E-1 3.83015E-1 3.82485E-1 3.85768E-1 3.86938E-1 3.87524E-1 3.9319E-1 3.99008E-1 3.97035E-1 4.01066E-1 4.00653E-1 4.09125E-1 4.09067E-1 4.12433E-1 4.13779E-1 4.10202E-1 4.07605E-1 4.01887E-1 3.9863E-1 4.0321E-1 4.16227E-1 4.06304E-1 4.00218E-1 4.03157E-1 4.01417E-1 3.969E-1 3.90619E-1 3.9002E-1 3.91913E-1 3.85651E-1 3.8477E-1 3.84274E-1 3.81659E-1 3.79536E-1 3.74905E-1 3.71455E-1 3.69594E-1 3.651E-1 3.65021E-1 3.6169E-1 3.59346E-1 3.58753E-1 3.58312E-1 3.64073E-1 3.70457E-1 3.76116E-1 3.77432E-1 3.86147E-1 4.01672E-1 4.16925E-1 4.17034E-1 4.32391E-1 -9999 -9999 -9999 4.5153E-1 4.522E-1 4.39393E-1 4.48827E-1
3.75258E-1 3.78765E-1 3.83687E-1 3.88954E-1 3.88365E-1 3.89984E-1 3.96726E-1 3.96736E-1 4.01443E-1 4.07927E-1 4.11288E-1 4.10497E-1 4.11537E-1 4.11563E-1 4.12094E-1 4.13054E-1 4.06347E-1 4.08144E-1 4.12048E-1 4.11669E-1 4.05232E-1 4.03356E-1 4.06686E-1 4.07661E-1 4.11873E-1 4.1276E-1 4.00981E-1 3.98786E-1 3.98688E-1 3.95245E-1 3.94285E-1 3.90464E-1 3.8817E-1 3.86745E-1 3.80646E-1 3.78278E-1 3.77566E-1 3.78469E-1 3.7329E-1 3.68248E-1 3.73037E-1 3.69129E-1 3.66137E-1 3.65321E-1 3.65605E-1 3.70253E-1 3.79028E-1 3.84672E-1 3.86108E-1 3.96516E-1 4.09892E-1 4.16473E-1 4.27094E-1 4.31997E-1 4.28267E-1 4.32519E-1 4.49954E-1 4.52862E-1 4.49415E-1 4.40254E-1 4.43942E-1
3.79286E-1 3.79951E-1 3.83048E-1 3.88558E-1 3.91544E-1 3.95145E-1 3.98954E-1 4.0133E-1 4.07679E-1 4.09676E-1 4.13336E-1 4.13905E-1 4.16164E-1 4.16826E-1 4.15314E-1 4.12099E-1 4.13995E-1 4.13388E-1 4.15516E-1 4.19246E-1 4.14188E-1 4.11785E-1 4.11492E-1 4.09433E-1 4.099E-1 4.05095E-1 4.03287E-1 4.00304E-1 4.04479E-1 3.99653E-1 3.9651E-1 3.96865E-1 3.90781E-1 3.89482E-1 3.85913E-1 3.84738E-1 3.81935E-1 3.84016E-1 3.86672E-1 3.82411E-1 3.7537E-1 3.69404E-1 3.66683E-1 3.65424E-1 3.66899E-1 3.80344E-1 3.90517E-1 3.89931E-1 3.95675E-1 4.04579E-1 4.09499E-1 4.15558E-1 4.12381E-1 4.19023E-1 4.12393E-1 4.1734E-1 4.45882E-1 4.5669E-1 4.4854E-1 4.38421E-1 4.42285E-1
3.82559E-1 3.87334E-1 3.9192E-1 3.96702E-1 4.02627E-1 4.06292E-1 4.11336E-1 4.06445E-1 4.04751E-1 4.11228E-1 4.14024E-1 4.15629E-1 4.20945E-1 4.23086E-1 4.19116E-1 4.22578E-1 4.28311E-1 4.35501E-1 4.33406E-1 4.26709E-1 4.20586E-1 4.18669E-1 4.15421E-1 4.12925E-1 4.12139E-1 4.15611E-1 4.07118E-1 4.04434E-1 4.07355E-1 3.9825E-1 3.94529E-1 3.97134E-1 3.92239E-1 3.98789E-1 3.92116E-1 3.8688E-1 3.86425E-1 3.87479E-1 3.85169E-1 3.84132E-1 3.80951E-1 3.76621E-1 3.72604E-1 3.75883E-1 3.8242E-1 3.81694E-1 3.83896E-1 3.97195E-1 3.92335E-1 3.91613E-1 4.00057E-1 4.10008E-1 4.05673E-1 4.06224E-1 4.0806E-1 4.09563E-1 4.2039E-1 4.25107E-1 4.26933E-1 4.25566E-1 4.32433E-1
3.82545E-1 3.92302E-1 3.90505E-1 3.97498E-1 4.0586E-1 4.05523E-1 4.15903E-1 4.12167E-1 4.07232E-1 4.04128E-1 4.09796E-1 4.13992E-1 4.18963E-1 4.28777E-1 4.28593E-1 4.29353E-1 4.40147E-1 4.37689E-1 4.44422E-1 4.40325E-1 4.33104E-1 4.25553E-1 4.259E-1 4.18714E-1 4.20326E-1 4.23758E-1 4.20855E-1 4.18366E-1 4.13525E-1 4.05816E-1 3.98813E-1 4.01975E-1 4.0125E-1 4.01898E-1 4.00185E-1 3.98831E-1 3.96529E-1 3.93006E-1 3.91585E-1 3.88921E-1 3.87519E-1 3.86883E-1 3.85931E-1 3.83987E-1 3.8294E-1 3.80762E-1 3.80528E-1 3.8738E-1 3.86183E-1 3.82183E-1 3.93441E-1 3.94538E-1 4.0497E-1 4.10812E-1 4.17559E-1 4.22443E-1 4.16667E-1 4.16734E-1 4.15926E-1 4.21067E-1 4.29129E-1
3.86106E-1 3.93543E-1 3.97432E-1 4.01178E-1 4.11539E-1 4.15408E-1 4.22956E-1 4.1577E-1 4.09729E-1 4.17382E-1 4.25316E-1 4.30496E-1 4.20839E-1 4.31088E-1 4.27132E-1 4.27755E-1 4.40644E-1 4.41172E-1 4.39566E-1 4.39609E-1 4.35357E-1 4.26028E-1 4.23991E-1 4.28302E-1 4.23936E-1 4.19399E-1 4.15678E-1 4.20285E-1 4.20227E-1 4.09113E-1 4.05232E-1 4.05098E-1 4.03733E-1 4.06328E-1 4.04703E-1 3.99948E-1 4.00291E-1 3.9883E-1 3.96804E-1 4.0128E-1 3.99625E-1 3.91245E-1 3.86567E-1 3.86584E-1 3.89035E-1 3.87878E-1 3.89858E-1 3.94575E-1 3.99659E-1 3.97509E-1 4.00963E-1 4.04672E-1 4.10611E-1 4.15019E-1 4.25394E-1 4.30728E-1 4.26873E-1 4.23699E-1 4.19868E-1 4.23496E-1 4.27903E-1
3.91093E-1 4.03475E-1 4.0101E-1 4.06343E-1 4.10924E-1 4.1978E-1 4.19483E-1 4.25576E-1 4.22361E-1 4.27268E-1 4.19853E-1 4.2941E-1 4.37462E-1 4.40271E-1 4.41457E-1 4.4451E-1 4.44076E-1 4.42376E-1 4.35635E-1 4.38144E-1 4.38482E-1 4.31536E-1 4.22717E-1 4.24146E-1 4.2432E-1 4.25169E-1 4.26526E-1 4.24736E-1 4.28699E-1 4.21726E-1 4.10627E-1 4.09023E-1 4.1255E-1 4.16655E-1 4.12954E-1 4.1142E-1 4.1216E-1 4.09095E-1 4.06244E-1 4.10376E-1 4.07128E-1 3.9537E-1 3.93166E-1 3.93467E-1 3.90456E-1 3.96304E-1 3.94898E-1 3.982E-1 4.0088E-1 4.06391E-1 4.1172E-1 4.13995E-1 4.17552E-1 4.32439E-1 4.56263E-1 4.39338E-1 4.34521E-1 4.2656E-1 4.291E-1 4.28255E-1 4.28149E-1
3.99772E-1 4.05541E-1 4.11007E-1 4.43177E-1 4.83851E-1 4.71512E-1 4.44736E-1 4.32561E-1 4.31197E-1 4.30899E-1 4.2134E-1 4.23482E-1 4.33465E-1 4.31976E-1 4.41175E-1 4.46783E-1 4.62023E-1 4.48375E-1 4.4578E-1 4.39011E-1 4.43562E-1 4.43347E-1 4.37727E-1 4.34679E-1 4.34388E-1 4.34597E-1 4.31201E-1 4.28437E-1 4.25096E-1 4.26092E-1 4.20733E-1 4.21771E-1 4.22938E-1 4.24493E-1 4.24733E-1 4.26026E-1 4.27014E-1 4.16889E-1 4.11521E-1 4.12451E-1 4.11896E-1 4.05643E-1 4.00477E-1 4.04235E-1 3.98132E-1 4.0161E-1 4.08306E-1 4.02373E-1 4.04693E-1 4.14037E-1 4.19788E-1 4.20235E-1 4.34278E-1 4.40002E-1 4.46023E-1 4.36968E-1 4.35566E-1 4.37876E-1 4.41437E-1 4.32682E-1 4.3369E-1
4.0487E-1 4.17682E-1 4.54659E-1 5.2207E-1 5.11171E-1 5.26776E-1 5.19831E-1 4.63327E-1 4.42354E-1 4.36131E-1 4.29598E-1 4.44232E-1 4.3046E-1 4.2644E-1 4.37558E-1 4.3878E-1 4.50841E-1 4.374E-1 4.43327E-1 4.48408E-1 4.43539E-1 4.49343E-1 4.47229E-1 4.50177E-1 4.43473E-1 4.43446E-1 4.32852E-1 4.33661E-1 4.33675E-1 4.28094E-1 4.30999E-1 4.34947E-1 4.33237E-1 4.32076E-1 4.34706E-1 4.35169E-1 4.38352E-1 4.40051E-1 4.36081E-1 4.26711E-1 4.23121E-1 4.2062E-1 4.22351E-1 4.21456E-1 4.19726E-1 4.15446E-1 4.11365E-1 4.09688E-1 4.1477E-1 4.17657E-1 4.26493E-1 4.25598E-1 4.34036E-1 4.3135E-1 4.37254E-1 4.30586E-1 4.35435E-1 4.39563E-1 4.4054E-1 4.37116E-1 4.42094E-1
4.15214E-1 4.23323E-1 5.01645E-1 5.57007E-1 5.53793E-1 5.8937E-1 5.97347E-1 5.64584E-1 4.55714E-1 4.41991E-1 4.50772E-1 4.57923E-1 4.26226E-1 4.29993E-1 4.34073E-1 4.41915E-1 4.46595E-1 4.46666E-1 4.73949E-1 4.63369E-1 4.52161E-1 4.52179E-1 4.58636E-1 4.55857E-1 4.5352E-1 4.48311E-1 4.44821E-1 4.47839E-1 4.47511E-1 4.48837E-1 4.45155E-1 4.52344E-1 4.53216E-1 4.4622E-1 4.48602E-1 4.48278E-1 4.45849E-1 4.45534E-1 4.47926E-1 4.37247E-1 4.34982E-1 4.28165E-1 4.28185E-1 4.31899E-1 4.26567E-1 4.30614E-1 4.27559E-1 4.2728E-1 4.26592E-1 4.27988E-1 4.28482E-1 4.31613E-1 4.34282E-1 4.37592E-1 4.36505E-1 4.39648E-1 4.39978E-1 4.46745E-1 4.44735E-1 4.36117E-1 4.31782E-1
4.16836E-1 4.39878E-1 5.56856E-1 5.92609E-1 6.07941E-1 6.1416E-1 6.17861E-1 5.55246E-1 4.64856E-1 4.54099E-1 4.56428E-1 4.42466E-1 4.48094E-1 4.43206E-1 4.38356E-1 4.44125E-1 4.627E-1 4.33486E-1 4.54106E-1 4.8772E-1 4.63753E-1 4.55793E-1 4.53951E-1 4.62795E-1 4.56984E-1 4.53129E-1 4.52967E-1 4.5107E-1 4.50406E-1 4.51094E-1 4.58243E-1 4.59552E-1 4.57129E-1 4.51334E-1 4.51967E-1 4.5743E-1 4.54465E-1 4.49562E-1 4.50252E-1 4.46146E-1 4.39547E-1 4.41019E-1 4.39101E-1 4.38338E-1 4.24288E-1 4.11963E-1 4.11505E-1 4.20629E-1 4.27036E-1 4.36142E-1 4.43617E-1 4.4688E-1 4.51683E-1 4.40661E-1 4.45481E-1 4.46623E-1 4.44941E-1 4.52315E-1 4.44774E-1 4.38058E-1 4.28178E-1
4.15474E-1 4.25486E-1 5.29517E-1 5.71935E-1 5.76013E-1 6.01752E-1 6.09247E-1 5.0957E-1 4.61024E-1 4.61884E-1 4.5738E-1 4.51706E-1 4.54098E-1 4.5842E-1 4.7441E-1 5.09229E-1 4.83992E-1 4.72027E-1 4.57955E-1 4.64451E-1 4.57658E-1 4.55719E-1 4.63261E-1 4.60714E-1 4.55902E-1 4.52911E-1 4.51857E-1 4.56071E-1 4.64441E-1 4.54148E-1 4.55556E-1 4.52957E-1 4.58538E-1 4.60405E-1 4.61183E-1 4.61377E-1 4.5909E-1 4.60151E-1 4.58599E-1 4.53088E-1 4.4624E-1 4.47679E-1 4.51151E-1 4.4108E-1 4.21595E-1 4.22282E-1 4.20442E-1 4.28275E-1 4.37395E-1 4.50481E-1 4.53974E-1 4.54163E-1 4.36667E-1 4.48398E-1 4.49666E-1 4.48085E-1 4.50049E-1 4.41023E-1 4.31516E-1 4.31954E-1 4.3454E-1
