maxent_outputs/white_flowers_troch_bombus_environ/white_309.asc
ncols         426
nrows         180
xllcorner     -130.0
yllcorner     24.0
cellsize      0.16666666666666666
NODATA_value  -9999
[rows 108 to 134 of 180, columns 244 to 304 of 426]
5.26338E-1 5.2991E-1 5.21982E-1 5.2302E-1 5.3094E-1 5.35591E-1 5.277E-1 5.18229E-1 5.21711E-1 5.09001E-1 5.10776E-1 5.17786E-1 5.23744E-1 5.21753E-1 5.15288E-1 5.19046E-1 5.25809E-1 5.38743E-1 5.4761E-1 5.61502E-1 5.55447E-1 5.43472E-1 5.45062E-1 5.50092E-1 5.60298E-1 5.63932E-1 5.5865E-1 5.53108E-1 5.40823E-1 5.25556E-1 5.18826E-1 5.2356E-1 5.18075E-1 4.97118E-1 4.94699E-1 4.98995E-1 4.85915E-1 4.80286E-1 4.82304E-1 4.77939E-1 4.98375E-1 5.24289E-1 5.56245E-1 5.53501E-1 5.70452E-1 5.88586E-1 5.8659E-1 5.93307E-1 5.8695E-1 5.72278E-1 5.62348E-1 5.53307E-1 5.54665E-1 5.63083E-1 5.71068E-1 5.69485E-1 5.651E-1 5.66952E-1 5.64644E-1 5.70309E-1 5.76872E-1
5.26261E-1 5.30324E-1 5.37707E-1 5.3619E-1 5.31114E-1 5.26519E-1 5.3284E-1 5.22257E-1 5.18625E-1 5.11929E-1 5.14389E-1 5.18006E-1 5.29834E-1 5.38617E-1 5.32844E-1 5.39013E-1 5.48929E-1 5.534E-1 5.64895E-1 5.67833E-1 5.57316E-1 5.4448E-1 5.53333E-1 5.59673E-1 5.65239E-1 5.62095E-1 5.61536E-1 5.60221E-1 5.46947E-1 5.3066E-1 5.30419E-1 5.19046E-1 5.16665E-1 5.10977E-1 5.06895E-1 5.0674E-1 5.31785E-1 4.95298E-1 4.9785E-1 4.87924E-1 4.90829E-1 5.82419E-1 6.08758E-1 5.99227E-1 6.05533E-1 6.06495E-1 6.11924E-1 6.02462E-1 5.91445E-1 5.76893E-1 5.75601E-1 5.6313E-1 5.64624E-1 5.80722E-1 5.93529E-1 5.80959E-1 5.75854E-1 5.75655E-1 5.67418E-1 5.78922E-1 5.84082E-1
5.31958E-1 5.36871E-1 5.43605E-1 5.34752E-1 5.24841E-1 5.2497E-1 5.34475E-1 5.30294E-1 5.28843E-1 5.21903E-1 5.27891E-1 5.31271E-1 5.4085E-1 5.46572E-1 5.41733E-1 5.44112E-1 5.5011E-1 5.61754E-1 5.72841E-1 5.79354E-1 5.62939E-1 5.63098E-1 5.77602E-1 5.70591E-1 5.56822E-1 5.6232E-1 5.49133E-1 5.51582E-1 5.44814E-1 5.38829E-1 5.41362E-1 5.33799E-1 5.40176E-1 5.50426E-1 5.68672E-1 6.00841E-1 5.82734E-1 5.55642E-1 5.09381E-1 5.36505E-1 5.46546E-1 5.96927E-1 6.20217E-1 6.19736E-1 6.26411E-1 6.34786E-1 6.16908E-1 5.92399E-1 5.80021E-1 5.80835E-1 5.92171E-1 5.74553E-1 5.82773E-1 5.89406E-1 5.99967E-1 5.85361E-1 5.86509E-1 5.76412E-1 5.74657E-1 5.78726E-1 5.8914E-1
5.39167E-1 5.40728E-1 5.45839E-1 5.36099E-1 5.25299E-1 5.28501E-1 5.35935E-1 5.45127E-1 5.43046E-1 5.39479E-1 5.41341E-1 5.4553E-1 5.55537E-1 5.47874E-1 5.39702E-1 5.36783E-1 5.42347E-1 5.50151E-1 5.59673E-1 5.71137E-1 5.84425E-1 5.98729E-1 5.86384E-1 5.71993E-1 5.66179E-1 5.50569E-1 5.53026E-1 5.54966E-1 5.52088E-1 5.45159E-1 5.39201E-1 5.57288E-1 5.56208E-1 5.5302E-1 5.59886E-1 5.74077E-1 5.70462E-1 6.60538E-1 6.69073E-1 6.75875E-1 6.12695E-1 6.36065E-1 6.46141E-1 6.26842E-1 6.17532E-1 6.10229E-1 5.93718E-1 5.8873E-1 5.79653E-1 5.77405E-1 5.90798E-1 5.86783E-1 5.85526E-1 5.84185E-1 5.89883E-1 6.02511E-1 5.8975E-1 5.78845E-1 5.83602E-1 5.88451E-1 5.92139E-1
5.45675E-1 5.4112E-1 5.45096E-1 5.30491E-1 5.24081E-1 5.34206E-1 5.44165E-1 5.41264E-1 5.41445E-1 5.46695E-1 5.48581E-1 5.53511E-1 5.55283E-1 5.49341E-1 5.44008E-1 5.36041E-1 5.4056E-1 5.46351E-1 5.56653E-1 5.6581E-1 5.80701E-1 5.99582E-1 5.85363E-1 5.70323E-1 5.65808E-1 5.5773E-1 5.57892E-1 5.56969E-1 5.60108E-1 5.49844E-1 5.42442E-1 5.7338E-1 5.80853E-1 6.00317E-1 6.34618E-1 6.10766E-1 6.6277E-1 7.11841E-1 7.90273E-1 7.26299E-1 6.96825E-1 6.70265E-1 6.50564E-1 6.20802E-1 6.09594E-1 6.02462E-1 5.92839E-1 5.90099E-1 5.84725E-1 5.91143E-1 5.99409E-1 6.0177E-1 5.84796E-1 5.83734E-1 5.84814E-1 5.9051E-1 5.8577E-1 5.83515E-1 5.83154E-1 5.91422E-1 5.94987E-1
5.47216E-1 5.44982E-1 5.48275E-1 5.34613E-1 5.32677E-1 5.35514E-1 5.51068E-1 5.42833E-1 5.4614E-1 5.45786E-1 5.47729E-1 5.50423E-1 5.51166E-1 5.54224E-1 5.46832E-1 5.40268E-1 5.39841E-1 5.45479E-1 5.55346E-1 5.73346E-1 5.80654E-1 5.83473E-1 5.6692E-1 5.75706E-1 5.67433E-1 5.63053E-1 5.62542E-1 5.63423E-1 5.72625E-1 5.54719E-1 5.4819E-1 5.44151E-1 5.61993E-1 6.24234E-1 7.01887E-1 6.88669E-1 7.82705E-1 8.06249E-1 7.5576E-1 7.55907E-1 7.03007E-1 6.73783E-1 6.37566E-1 6.17623E-1 6.08856E-1 5.99135E-1 5.94639E-1 5.86898E-1 5.89027E-1 6.00866E-1 6.02624E-1 5.97176E-1 5.87913E-1 5.83865E-1 5.78255E-1 5.80293E-1 5.8305E-1 5.76194E-1 5.76609E-1 5.88039E-1 5.97599E-1
5.62194E-1 5.50318E-1 5.50699E-1 5.44361E-1 5.43998E-1 5.42093E-1 5.52982E-1 5.55496E-1 5.52682E-1 5.46256E-1 5.53346E-1 5.5447E-1 5.56516E-1 5.52822E-1 5.53972E-1 5.47791E-1 5.48636E-1 5.51686E-1 5.63504E-1 5.72845E-1 5.75296E-1 5.71724E-1 5.7548E-1 5.70724E-1 5.59682E-1 5.6551E-1 5.70059E-1 5.79636E-1 5.98445E-1 5.69205E-1 5.61836E-1 5.69587E-1 5.8821E-1 6.49769E-1 7.00698E-1 7.32864E-1 7.54807E-1 7.26035E-1 7.0389E-1 6.91326E-1 6.75834E-1 6.63365E-1 6.35507E-1 6.19028E-1 6.14695E-1 6.01816E-1 5.9409E-1 5.93286E-1 5.95226E-1 6.00928E-1 6.04562E-1 5.98237E-1 5.92497E-1 5.93085E-1 5.86102E-1 5.82064E-1 5.86076E-1 5.80707E-1 5.80787E-1 5.89337E-1 5.96416E-1
5.65746E-1 5.56697E-1 5.56439E-1 5.54867E-1 5.56654E-1 5.50026E-1 5.52929E-1 5.5421E-1 5.57562E-1 5.62573E-1 5.57239E-1 5.61033E-1 5.72119E-1 5.68908E-1 5.59365E-1 5.63029E-1 5.65667E-1 5.57152E-1 5.62821E-1 5.65137E-1 5.69308E-1 5.69821E-1 5.65604E-1 5.7006E-1 5.64505E-1 5.72733E-1 5.79041E-1 5.83611E-1 6.02428E-1 6.08663E-1 6.04416E-1 6.21266E-1 6.41914E-1 6.77645E-1 6.95652E-1 7.2884E-1 7.18174E-1 6.94466E-1 6.92738E-1 6.692E-1 6.58416E-1 6.43241E-1 6.29232E-1 6.14553E-1 6.08691E-1 6.01322E-1 5.95677E-1 5.99732E-1 6.03383E-1 6.03074E-1 6.05782E-1 6.08195E-1 6.04189E-1 6.05764E-1 6.01359E-1 5.95648E-1 5.96679E-1 5.93766E-1 5.97229E-1 5.98641E-1 6.0503E-1
5.68677E-1 5.62211E-1 5.58513E-1 5.56995E-1 5.6269E-1 5.65029E-1 5.66079E-1 5.60389E-1 5.60503E-1 5.59561E-1 5.60979E-1 5.6609E-1 5.69856E-1 5.7044E-1 5.73864E-1 5.59857E-1 5.59667E-1 5.56165E-1 5.58649E-1 5.70073E-1 5.6115E-1 5.59632E-1 5.6362E-1 5.61704E-1 5.62197E-1 5.7071E-1 5.66282E-1 5.75307E-1 6.01235E-1 6.15447E-1 6.28576E-1 6.44051E-1 6.60503E-1 6.74556E-1 6.88342E-1 7.01393E-1 6.87079E-1 6.90954E-1 6.69618E-1 6.56754E-1 6.39604E-1 6.34464E-1 6.24956E-1 6.17326E-1 6.0941E-1 6.05823E-1 6.00457E-1 6.02394E-1 6.04349E-1 6.06469E-1 6.10025E-1 6.10887E-1 6.19573E-1 6.1498E-1 6.12227E-1 6.12086E-1 6.1516E-1 6.1779E-1 6.13576E-1 6.19061E-1 6.17473E-1
5.60846E-1 5.65447E-1 5.63242E-1 5.64515E-1 5.71658E-1 5.7533E-1 5.71209E-1 5.66998E-1 5.60093E-1 5.58803E-1 5.63198E-1 5.70603E-1 5.72033E-1 5.69059E-1 5.64518E-1 5.61986E-1 5.52945E-1 5.48417E-1 5.63155E-1 5.44622E-1 5.43123E-1 5.51238E-1 5.53407E-1 5.54823E-1 5.64062E-1 5.63099E-1 5.58656E-1 5.61688E-1 5.92056E-1 6.0997E-1 6.24217E-1 6.40243E-1 6.51407E-1 6.69431E-1 6.70223E-1 6.55533E-1 6.47754E-1 6.54088E-1 6.71023E-1 6.56867E-1 6.35146E-1 6.23457E-1 6.21325E-1 6.19675E-1 6.1887E-1 6.11445E-1 6.08075E-1 6.09365E-1 6.09169E-1 6.13129E-1 6.22297E-1 6.26341E-1 6.23026E-1 6.21785E-1 6.21578E-1 6.22489E-1 6.27204E-1 6.35284E-1 6.28506E-1 6.33154E-1 6.2982E-1
5.52776E-1 5.61193E-1 5.68105E-1 5.71013E-1 5.81784E-1 5.82755E-1 5.77775E-1 5.67297E-1 5.60078E-1 5.60965E-1 5.6918E-1 5.72701E-1 5.73749E-1 5.73793E-1 5.68744E-1 5.64861E-1 5.54213E-1 5.43116E-1 5.37775E-1 5.31626E-1 5.38463E-1 5.54493E-1 5.70419E-1 5.64139E-1 5.69924E-1 5.65578E-1 5.60025E-1 5.71645E-1 5.97532E-1 6.08017E-1 6.15439E-1 6.40736E-1 6.61115E-1 6.59347E-1 6.41704E-1 6.36514E-1 6.23892E-1 6.19575E-1 6.28218E-1 6.46317E-1 6.34242E-1 6.27124E-1 6.23938E-1 6.30115E-1 6.33006E-1 6.23178E-1 6.11755E-1 6.17261E-1 6.25972E-1 6.24821E-1 6.23779E-1 6.23778E-1 6.26688E-1 6.27694E-1 6.30126E-1 6.34507E-1 6.38167E-1 6.39921E-1 6.38603E-1 6.401E-1 6.41065E-1
5.54728E-1 5.63442E-1 5.67194E-1 5.69609E-1 5.78174E-1 5.81407E-1 5.78982E-1 5.69337E-1 5.61449E-1 5.63582E-1 5.68734E-1 5.70894E-1 5.76253E-1 5.84152E-1 5.73243E-1 5.68603E-1 5.57514E-1 5.40803E-1 5.30888E-1 5.38764E-1 5.47502E-1 5.57653E-1 5.64715E-1 5.61801E-1 5.62362E-1 5.64921E-1 5.69465E-1 5.82673E-1 6.08086E-1 6.19069E-1 6.33045E-1 6.39035E-1 6.48526E-1 6.31234E-1 6.2427E-1 6.25144E-1 6.22746E-1 6.1699E-1 6.20445E-1 6.30193E-1 6.35981E-1 6.35913E-1 6.27172E-1 6.21345E-1 6.166E-1 6.20955E-1 6.25262E-1 6.46957E-1 6.51383E-1 6.41433E-1 6.36358E-1 6.32265E-1 6.36654E-1 6.33294E-1 6.35915E-1 6.31095E-1 6.33122E-1 6.29664E-1 6.40193E-1 6.51266E-1 6.52251E-1
5.60632E-1 5.6689E-1 5.71784E-1 5.73104E-1 5.78717E-1 5.80056E-1 5.79965E-1 5.72781E-1 5.6491E-1 5.67494E-1 5.713E-1 5.7703E-1 5.754E-1 5.74781E-1 5.72659E-1 5.70173E-1 5.64272E-1 5.51808E-1 5.43803E-1 5.53729E-1 5.55455E-1 5.58554E-1 5.67347E-1 5.61459E-1 5.61167E-1 5.66885E-1 5.7594E-1 5.85086E-1 6.04033E-1 6.32613E-1 6.44654E-1 6.51674E-1 6.4447E-1 6.19292E-1 6.17471E-1 6.2821E-1 6.11463E-1 6.10843E-1 6.1547E-1 6.24523E-1 6.45613E-1 6.44623E-1 6.17876E-1 6.08567E-1 6.06501E-1 6.14726E-1 6.21942E-1 6.23408E-1 6.32196E-1 6.44896E-1 6.4531E-1 6.39288E-1 6.46367E-1 6.39863E-1 6.35202E-1 6.33713E-1 6.39673E-1 6.42174E-1 6.47708E-1 6.64715E-1 6.64242E-1
5.70698E-1 5.70771E-1 5.76594E-1 5.84533E-1 5.86081E-1 5.93911E-1 5.89333E-1 5.79314E-1 5.69551E-1 5.73986E-1 5.77501E-1 5.79556E-1 5.80206E-1 5.70685E-1 5.69465E-1 5.72331E-1 5.68896E-1 5.62771E-1 5.59454E-1 5.61487E-1 5.58756E-1 5.67905E-1 5.6818E-1 5.65006E-1 5.69394E-1 5.73894E-1 5.7885E-1 5.83812E-1 6.05125E-1 6.36294E-1 6.44721E-1 6.41285E-1 6.31553E-1 6.21138E-1 6.11798E-1 6.0856E-1 6.05869E-1 6.04242E-1 6.15522E-1 6.31386E-1 6.30269E-1 6.29225E-1 6.42385E-1 6.07297E-1 6.04501E-1 6.1201E-1 6.18552E-1 6.24198E-1 6.32925E-1 6.40165E-1 6.52137E-1 6.55223E-1 6.56109E-1 6.39923E-1 6.38673E-1 6.41217E-1 6.48272E-1 6.56408E-1 6.65133E-1 6.72313E-1 6.87067E-1
5.71636E-1 5.77528E-1 5.89928E-1 6.04392E-1 6.10856E-1 6.26471E-1 6.0596E-1 5.84397E-1 5.77121E-1 5.81011E-1 5.91544E-1 5.9187E-1 5.89949E-1 5.72779E-1 5.80909E-1 6.05342E-1 5.79038E-1 5.76637E-1 5.85668E-1 5.74615E-1 5.674E-1 5.69514E-1 5.71003E-1 5.7586E-1 5.77452E-1 5.81528E-1 5.81962E-1 5.8461E-1 5.96157E-1 6.22133E-1 6.22537E-1 6.20185E-1 6.25921E-1 6.16234E-1 6.10615E-1 6.07863E-1 6.10942E-1 6.00851E-1 6.1118E-1 6.25661E-1 6.30894E-1 6.25011E-1 6.17175E-1 6.25E-1 6.14924E-1 6.20945E-1 6.23031E-1 6.3108E-1 6.42287E-1 6.49719E-1 6.55919E-1 6.51028E-1 6.57963E-1 6.81031E-1 6.6773E-1 6.53309E-1 6.5721E-1 6.67107E-1 6.78777E-1 6.92862E-1 6.98151E-1
5.82414E-1 5.86657E-1 6.04416E-1 6.20732E-1 6.1681E-1 6.29568E-1 5.98895E-1 5.83645E-1 5.85093E-1 5.94687E-1 6.14588E-1 6.02721E-1 5.82392E-1 5.74037E-1 5.91692E-1 6.08131E-1 5.8766E-1 5.86625E-1 5.94226E-1 5.88828E-1 5.80659E-1 5.75608E-1 5.8157E-1 5.76895E-1 5.81298E-1 5.82991E-1 5.86472E-1 5.89841E-1 5.94452E-1 6.03303E-1 6.06174E-1 6.09152E-1 6.14947E-1 6.13284E-1 6.07632E-1 6.11084E-1 6.21073E-1 6.07355E-1 6.07475E-1 6.18E-1 6.2361E-1 6.20472E-1 6.20844E-1 6.37613E-1 6.37823E-1 6.25524E-1 6.28598E-1 6.35375E-1 6.4921E-1 6.57741E-1 6.58697E-1 6.53405E-1 6.51587E-1 6.68478E-1 7.29351E-1 7.09307E-1 6.81842E-1 6.85838E-1 6.9753E-1 7.08755E-1 7.31324E-1
5.89308E-1 5.98658E-1 6.14866E-1 6.12409E-1 6.06985E-1 6.05793E-1 5.96243E-1 5.88256E-1 5.97144E-1 6.19155E-1 6.53165E-1 6.17357E-1 5.79159E-1 5.79133E-1 5.75371E-1 5.8349E-1 5.82173E-1 5.92663E-1 5.95999E-1 5.87611E-1 5.84632E-1 5.85209E-1 5.91047E-1 5.79692E-1 5.80561E-1 5.88632E-1 5.88578E-1 5.87058E-1 5.91849E-1 5.95648E-1 6.00817E-1 5.99556E-1 6.06291E-1 6.14202E-1 6.16811E-1 6.23813E-1 6.30283E-1 6.16607E-1 6.14558E-1 6.20165E-1 6.31328E-1 6.30292E-1 6.28104E-1 6.27475E-1 6.35103E-1 6.40662E-1 6.44775E-1 6.48154E-1 6.54935E-1 6.62345E-1 6.63359E-1 6.58404E-1 6.61298E-1 6.65896E-1 6.69054E-1 7.52487E-1 7.03175E-1 7.13348E-1 7.3209E-1 7.41144E-1 7.67118E-1
6.02246E-1 6.04602E-1 6.11605E-1 6.09068E-1 6.07343E-1 6.07144E-1 6.0594E-1 6.06117E-1 6.08572E-1 6.30735E-1 6.4793E-1 6.19233E-1 5.99482E-1 5.91324E-1 5.79394E-1 5.74244E-1 5.87789E-1 5.93766E-1 5.89972E-1 5.84718E-1 5.84107E-1 5.86397E-1 5.86454E-1 5.83983E-1 5.97373E-1 6.15492E-1 5.93654E-1 5.88951E-1 5.92628E-1 5.93322E-1 5.91361E-1 5.95072E-1 6.09198E-1 6.29064E-1 6.21997E-1 6.32039E-1 6.49045E-1 6.29168E-1 6.26209E-1 6.28797E-1 6.40199E-1 6.47456E-1 6.41247E-1 6.39496E-1 6.39639E-1 6.4898E-1 6.57555E-1 6.60505E-1 6.6459E-1 6.66926E-1 6.70167E-1 6.71773E-1 6.75396E-1 6.79312E-1 6.85972E-1 6.94173E-1 7.14031E-1 7.24349E-1 7.52078E-1 7.77082E-1 7.76232E-1
6.22428E-1 6.1707E-1 6.16011E-1 6.03759E-1 6.07204E-1 6.12996E-1 6.22316E-1 6.21835E-1 6.26406E-1 6.46698E-1 6.33203E-1 6.25905E-1 6.20019E-1 6.06212E-1 5.88222E-1 5.86727E-1 5.96486E-1 6.02758E-1 5.94725E-1 5.8683E-1 6.02863E-1 5.92389E-1 5.90193E-1 5.93895E-1 6.0948E-1 6.04145E-1 5.93842E-1 5.94944E-1 5.99391E-1 6.00302E-1 5.95053E-1 5.98328E-1 6.09606E-1 6.4244E-1 6.41224E-1 6.33923E-1 6.41557E-1 6.43493E-1 6.37744E-1 6.37249E-1 6.46E-1 6.59429E-1 6.56257E-1 6.55403E-1 6.50883E-1 6.60343E-1 6.69621E-1 6.76316E-1 6.74619E-1 6.7657E-1 6.85551E-1 6.84298E-1 6.90411E-1 7.01481E-1 7.09298E-1 7.2358E-1 7.48883E-1 7.63078E-1 7.93011E-1 -9999 -9999
6.27907E-1 6.27655E-1 6.16419E-1 6.06895E-1 6.07246E-1 6.19443E-1 6.35675E-1 6.48246E-1 6.54654E-1 6.50262E-1 6.37745E-1 6.2016E-1 6.21187E-1 6.09514E-1 6.04453E-1 6.01499E-1 6.03606E-1 6.10163E-1 6.04559E-1 6.06445E-1 6.44289E-1 6.07743E-1 5.96409E-1 5.99557E-1 6.05397E-1 6.08327E-1 5.99419E-1 5.9768E-1 6.00793E-1 6.06861E-1 6.08773E-1 6.09676E-1 6.1727E-1 6.46062E-1 6.53165E-1 6.38992E-1 6.41448E-1 6.45815E-1 6.47409E-1 6.47787E-1 6.51674E-1 6.56215E-1 6.63566E-1 6.72418E-1 6.70707E-1 6.73782E-1 6.82343E-1 6.95216E-1 6.85268E-1 6.82911E-1 6.92605E-1 7.02718E-1 7.13351E-1 7.2491E-1 7.2864E-1 7.4184E-1 7.87201E-1 7.97945E-1 -9999 -9999 -9999
6.30598E-1 6.28029E-1 6.22666E-1 6.23753E-1 6.24242E-1 6.35424E-1 6.43705E-1 6.54507E-1 6.5913E-1 6.58789E-1 6.52145E-1 6.27132E-1 6.20428E-1 6.1755E-1 6.18478E-1 6.14854E-1 6.13726E-1 6.24234E-1 6.40604E-1 6.18448E-1 6.2121E-1 6.13728E-1 6.12181E-1 6.18246E-1 6.07135E-1 6.17839E-1 6.22079E-1 6.12111E-1 6.09464E-1 6.10753E-1 6.19014E-1 6.27519E-1 6.29704E-1 6.51297E-1 6.61485E-1 6.40319E-1 6.46243E-1 6.51909E-1 6.60393E-1 6.57696E-1 6.60075E-1 6.63324E-1 6.71599E-1 6.82717E-1 6.87211E-1 6.94323E-1 6.92509E-1 6.96545E-1 7.01172E-1 6.93393E-1 7.11132E-1 7.35151E-1 7.57418E-1 7.67858E-1 7.82125E-1 7.6944E-1 8.0162E-1 -9999 -9999 -9999 -9999
6.45881E-1 6.36549E-1 6.37669E-1 6.49491E-1 6.40021E-1 6.43589E-1 6.51031E-1 6.49506E-1 6.48583E-1 6.32809E-1 6.22482E-1 6.28848E-1 6.26915E-1 6.41274E-1 6.4393E-1 6.41906E-1 6.43706E-1 6.63632E-1 6.84747E-1 6.49138E-1 6.38656E-1 6.37337E-1 6.31413E-1 6.22895E-1 6.15682E-1 6.24923E-1 6.43929E-1 6.29323E-1 6.1584E-1 6.13331E-1 6.21245E-1 6.38851E-1 6.43419E-1 6.53202E-1 6.56302E-1 6.59893E-1 6.63436E-1 6.66743E-1 6.71013E-1 6.71945E-1 6.73344E-1 6.78696E-1 6.87338E-1 7.01303E-1 7.04789E-1 7.12745E-1 7.05152E-1 7.04473E-1 7.10193E-1 7.21139E-1 7.37948E-1 7.70463E-1 7.75104E-1 8.01688E-1 8.00716E-1 -9999 -9999 -9999 -9999 -9999 -9999
6.53674E-1 6.41416E-1 6.35744E-1 6.37156E-1 6.34973E-1 6.4579E-1 6.46382E-1 6.48219E-1 6.42128E-1 6.22398E-1 6.15251E-1 6.21761E-1 6.35013E-1 6.43358E-1 6.38606E-1 6.42606E-1 6.43279E-1 6.48018E-1 6.52327E-1 6.47009E-1 6.4514E-1 6.45092E-1 6.39079E-1 6.3305E-1 6.26395E-1 6.29421E-1 6.39527E-1 6.20426E-1 6.11815E-1 6.20667E-1 6.38138E-1 6.5428E-1 6.6149E-1 6.61387E-1 6.68563E-1 6.76205E-1 6.77788E-1 6.76031E-1 6.73824E-1 6.83304E-1 6.87913E-1 6.94234E-1 7.03399E-1 7.09624E-1 7.17122E-1 7.1605E-1 7.16917E-1 7.17068E-1 7.19513E-1 7.40585E-1 7.57221E-1 7.8677E-1 7.99389E-1 8.12522E-1 -9999 -9999 -9999 -9999 -9999 -9999 -9999
6.61615E-1 6.43291E-1 6.38039E-1 6.29797E-1 6.34842E-1 6.477E-1 6.51871E-1 6.48881E-1 6.28996E-1 6.17509E-1 6.21907E-1 6.39908E-1 6.56286E-1 6.40438E-1 6.39312E-1 6.38463E-1 6.41309E-1 6.42544E-1 6.4448E-1 6.48384E-1 6.48318E-1 6.4962E-1 6.37533E-1 6.40761E-1 6.41271E-1 6.51213E-1 6.34617E-1 6.25584E-1 6.29094E-1 6.3548E-1 6.58461E-1 6.67168E-1 6.77707E-1 6.75988E-1 6.74413E-1 6.79489E-1 6.81683E-1 6.83602E-1 6.87264E-1 6.91628E-1 6.99886E-1 7.00802E-1 7.10034E-1 7.16268E-1 7.25925E-1 7.33293E-1 7.30093E-1 7.37073E-1 7.47488E-1 7.70502E-1 7.87963E-1 7.97043E-1 -9999 -9999 -9999 -9999 -9999 -9999 -9999 -9999 -9999
6.75254E-1 6.58346E-1 6.45088E-1 6.41068E-1 6.43543E-1 6.50397E-1 6.48831E-1 6.52099E-1 6.31032E-1 6.23908E-1 6.33419E-1 6.47429E-1 6.38416E-1 6.42498E-1 6.43553E-1 6.40549E-1 6.37275E-1 6.37892E-1 6.42218E-1 6.50942E-1 6.55178E-1 6.54216E-1 6.4699E-1 6.459E-1 6.52571E-1 6.69092E-1 6.39418E-1 6.40421E-1 6.50938E-1 6.65802E-1 6.73901E-1 6.81274E-1 6.91556E-1 6.86346E-1 6.8247E-1 6.8576E-1 6.91485E-1 6.90479E-1 6.92703E-1 7.03235E-1 7.11147E-1 7.11345E-1 7.22603E-1 7.32039E-1 7.33566E-1 7.3985E-1 7.57068E-1 7.61616E-1 7.78971E-1 7.99994E-1 8.18481E-1 -9999 -9999 -9999 -9999 -9999 -9999 -9999 -9999 -9999 -9999
6.95023E-1 6.89818E-1 6.64364E-1 6.56271E-1 6.58118E-1 6.53392E-1 6.6143E-1 6.60144E-1 6.41285E-1 6.35934E-1 6.49015E-1 6.55826E-1 6.50429E-1 6.44533E-1 6.47013E-1 6.49592E-1 6.53408E-1 6.55585E-1 6.61726E-1 6.69776E-1 6.73194E-1 6.69068E-1 6.61045E-1 6.55977E-1 6.65465E-1 6.90856E-1 6.57293E-1 6.67803E-1 6.7597E-1 6.82504E-1 6.85335E-1 6.90919E-1 6.91277E-1 6.88056E-1 7.00824E-1 7.0463E-1 7.11549E-1 7.05873E-1 7.0742E-1 7.05765E-1 7.06744E-1 7.15156E-1 7.12467E-1 7.23815E-1 7.53819E-1 7.4774E-1 7.56577E-1 7.84824E-1 8.10361E-1 8.1458E-1 -9999 -9999 -9999 -9999 -9999 -9999 -9999 -9999 -9999 -9999 -9999
7.12774E-1 6.98892E-1 6.77657E-1 6.68233E-1 6.71609E-1 6.68006E-1 6.71472E-1 6.80098E-1 6.71236E-1 6.58305E-1 6.72622E-1 6.64243E-1 6.56381E-1 6.50144E-1 6.5488E-1 6.64442E-1 6.68432E-1 6.71559E-1 6.8278E-1 6.95089E-1 6.95428E-1 6.83788E-1 6.77029E-1 6.74972E-1 6.72478E-1 6.88141E-1 6.78526E-1 6.8781E-1 6.92553E-1 6.93899E-1 7.00362E-1 7.0493E-1 6.97584E-1 7.02097E-1 7.16942E-1 7.21511E-1 7.22867E-1 7.11211E-1 7.07949E-1 7.10805E-1 7.16399E-1 7.25833E-1 7.29827E-1 7.32592E-1 7.43451E-1 7.68284E-1 7.68909E-1 7.98004E-1 8.34406E-1 8.33835E-1 -9999 -9999 -9999 -9999 -9999 -9999 -9999 -9999 -9999 -9999 -9999
