maxent_outputs/white_flowers_troch_bombus_environ/white_242.asc
ncols         426
nrows         180
xllcorner     -130.0
yllcorner     24.0
cellsize      0.16666666666666666
NODATA_value  -9999
[rows 108 to 134 of 180, columns 61 to 121 of 426]
4.70198E-1 4.87027E-1 4.59406E-1 4.85386E-1 4.89311E-1 4.59795E-1 4.75008E-1 4.38137E-1 4.27245E-1 3.88174E-1 4.01907E-1 4.39696E-1 4.26683E-1 4.47182E-1 4.53492E-1 4.40953E-1 4.74995E-1 4.7039E-1 4.6486E-1 4.80445E-1 4.64369E-1 4.15987E-1 4.40491E-1 4.12099E-1 4.02035E-1 4.42712E-1 4.39264E-1 4.27035E-1 4.54612E-1 4.4008E-1 4.82072E-1 4.69892E-1 4.33368E-1 4.34454E-1 4.20576E-1 4.06675E-1 4.19975E-1 4.31854E-1 4.21231E-1 4.32834E-1 3.77557E-1 3.34532E-1 3.16948E-1 3.17394E-1 3.24246E-1 3.34375E-1 3.4087E-1 3.5333E-1 3.43579E-1 3.51611E-1 3.36642E-1 3.26148E-1 3.22888E-1 3.26136E-1 3.23095E-1 3.28871E-1 3.21523E-1 3.2449E-1 3.21948E-1 3.36305E-1 3.14203E-1
4.71317E-1 4.58137E-1 4.67933E-1 4.88625E-1 4.84544E-1 4.5001E-1 4.60351E-1 4.56015E-1 4.5879E-1 4.5079E-1 4.55863E-1 4.4657E-1 3.86358E-1 4.05952E-1 4.37165E-1 4.37863E-1 4.39646E-1 4.34215E-1 4.4352E-1 4.49876E-1 4.55296E-1 4.48843E-1 4.46612E-1 4.79474E-1 4.3247E-1 4.02541E-1 4.26263E-1 4.19774E-1 4.57891E-1 4.53122E-1 5.04565E-1 4.78022E-1 4.31802E-1 4.49178E-1 4.09469E-1 4.20749E-1 3.98229E-1 4.05321E-1 4.2156E-1 4.24505E-1 3.74277E-1 3.4599E-1 3.29035E-1 3.13336E-1 3.18339E-1 3.11538E-1 3.16355E-1 3.20698E-1 3.25275E-1 3.40774E-1 3.3125E-1 3.25413E-1 3.2878E-1 3.23197E-1 3.22185E-1 3.15105E-1 3.10658E-1 3.29443E-1 3.19518E-1 3.16798E-1 3.14302E-1
4.85051E-1 4.75671E-1 4.9262E-1 4.94473E-1 4.83095E-1 4.53154E-1 4.68043E-1 4.7317E-1 4.62733E-1 4.42908E-1 4.54062E-1 4.35002E-1 4.30041E-1 4.2291E-1 4.09455E-1 4.20178E-1 4.27373E-1 4.39273E-1 4.36736E-1 4.49554E-1 4.63859E-1 4.42311E-1 4.33758E-1 4.40031E-1 4.18671E-1 4.48524E-1 4.10658E-1 4.5004E-1 4.54402E-1 4.63986E-1 5.03429E-1 5.06048E-1 4.36913E-1 4.51971E-1 4.00354E-1 3.8738E-1 4.08412E-1 3.71012E-1 3.7831E-1 3.58318E-1 3.64082E-1 3.47961E-1 3.41728E-1 3.27841E-1 3.21892E-1 3.20188E-1 3.23299E-1 3.23762E-1 3.28662E-1 3.39321E-1 3.38587E-1 3.25561E-1 3.2569E-1 3.1992E-1 3.18117E-1 3.19635E-1 3.25164E-1 3.2495E-1 3.15646E-1 3.05114E-1 3.12802E-1
4.74307E-1 4.77806E-1 4.89952E-1 4.90363E-1 5.04461E-1 4.78093E-1 4.74568E-1 4.95779E-1 4.74823E-1 4.49871E-1 4.51843E-1 4.48208E-1 4.37725E-1 4.35691E-1 4.23032E-1 4.24829E-1 4.28868E-1 4.19128E-1 4.31126E-1 4.40336E-1 4.47689E-1 4.55363E-1 4.37314E-1 4.52562E-1 4.20971E-1 4.25291E-1 4.18178E-1 4.31981E-1 4.58941E-1 4.62874E-1 4.80052E-1 5.04719E-1 4.72933E-1 4.54919E-1 4.51587E-1 3.90419E-1 4.0348E-1 3.75104E-1 3.70786E-1 3.46673E-1 3.46827E-1 3.62793E-1 3.61599E-1 3.47979E-1 3.53954E-1 3.46873E-1 3.49902E-1 3.52192E-1 3.53891E-1 3.46792E-1 3.41022E-1 3.43925E-1 3.31058E-1 3.20322E-1 3.14044E-1 3.19152E-1 3.37326E-1 3.38814E-1 3.31446E-1 3.11255E-1 3.16122E-1
4.40854E-1 4.62542E-1 4.81894E-1 4.83306E-1 5.02133E-1 4.85151E-1 4.81764E-1 4.96676E-1 4.91291E-1 4.83578E-1 4.62212E-1 4.21604E-1 4.23519E-1 4.05157E-1 4.10129E-1 4.1633E-1 3.88373E-1 4.02761E-1 4.34596E-1 4.42561E-1 4.29722E-1 4.55839E-1 4.26391E-1 4.21127E-1 4.4048E-1 4.35631E-1 4.35327E-1 4.4803E-1 4.52973E-1 4.5917E-1 4.99025E-1 5.16381E-1 5.11325E-1 4.42564E-1 4.6385E-1 4.08316E-1 4.12843E-1 4.08112E-1 3.71454E-1 3.53557E-1 3.62865E-1 3.48252E-1 3.74446E-1 3.51517E-1 3.65003E-1 3.80091E-1 3.61936E-1 3.38249E-1 3.56013E-1 3.59494E-1 3.38128E-1 3.54238E-1 3.53936E-1 3.23021E-1 3.09499E-1 3.26462E-1 3.32851E-1 3.40356E-1 3.27201E-1 3.18446E-1 3.15695E-1
4.42627E-1 4.37537E-1 4.77475E-1 4.9544E-1 4.96466E-1 4.86207E-1 4.6842E-1 4.74247E-1 4.54692E-1 4.6741E-1 4.29248E-1 4.07101E-1 4.08462E-1 4.10419E-1 4.04103E-1 3.98523E-1 4.08957E-1 4.23194E-1 4.15932E-1 4.28137E-1 4.26337E-1 4.30064E-1 4.00987E-1 4.18992E-1 4.49453E-1 4.37652E-1 4.59757E-1 4.60235E-1 4.49912E-1 4.59834E-1 4.91244E-1 4.89898E-1 5.1713E-1 4.51554E-1 4.76939E-1 4.6816E-1 4.30796E-1 4.22791E-1 4.04023E-1 3.65649E-1 3.59216E-1 3.70403E-1 3.57415E-1 3.70813E-1 3.63401E-1 3.99246E-1 3.92422E-1 3.90496E-1 3.75307E-1 3.5552E-1 3.44384E-1 3.57618E-1 3.55785E-1 3.42233E-1 3.24346E-1 3.17073E-1 3.1771E-1 3.25144E-1 3.1737E-1 3.34022E-1 3.28223E-1
4.6186E-1 4.48992E-1 4.40466E-1 4.53378E-1 4.62043E-1 4.75237E-1 4.90137E-1 4.69682E-1 4.45619E-1 4.36363E-1 4.23273E-1 4.07601E-1 4.04315E-1 4.07093E-1 4.05049E-1 3.94399E-1 4.07176E-1 4.26865E-1 4.30682E-1 4.15705E-1 4.43799E-1 4.51411E-1 4.47063E-1 4.22371E-1 4.0769E-1 4.60133E-1 4.56234E-1 4.49396E-1 4.49571E-1 4.65115E-1 4.92264E-1 4.67736E-1 5.01924E-1 4.87585E-1 4.68685E-1 4.81918E-1 4.54175E-1 4.4354E-1 4.10711E-1 4.01507E-1 3.72992E-1 3.99859E-1 3.58928E-1 3.46186E-1 3.66554E-1 3.8183E-1 4.21548E-1 4.5237E-1 4.55056E-1 3.87662E-1 3.43751E-1 3.44324E-1 3.48707E-1 3.47461E-1 3.37047E-1 3.32348E-1 3.1656E-1 3.20115E-1 3.13727E-1 3.23603E-1 3.23294E-1
4.87856E-1 4.69539E-1 4.36945E-1 4.22178E-1 3.94037E-1 4.36355E-1 4.7013E-1 4.5802E-1 4.22799E-1 4.12914E-1 4.02376E-1 3.92558E-1 3.99645E-1 4.08149E-1 4.1002E-1 4.21464E-1 4.28523E-1 4.2737E-1 4.40354E-1 4.40656E-1 4.3851E-1 4.4856E-1 4.46536E-1 4.57924E-1 4.82145E-1 4.69668E-1 4.72759E-1 4.37481E-1 4.68474E-1 4.481E-1 4.86918E-1 4.85308E-1 4.85522E-1 4.63563E-1 4.47498E-1 4.64079E-1 4.65596E-1 4.38461E-1 4.37495E-1 4.1526E-1 3.9421E-1 4.02538E-1 3.72367E-1 3.58614E-1 3.50121E-1 3.83629E-1 4.16888E-1 4.12743E-1 4.43256E-1 4.15272E-1 3.71663E-1 3.3044E-1 3.36388E-1 3.42548E-1 3.35817E-1 3.29009E-1 3.25668E-1 3.19731E-1 3.17602E-1 3.18169E-1 3.14974E-1
5.61471E-1 5.20496E-1 4.86281E-1 4.7403E-1 4.5367E-1 4.86266E-1 5.19979E-1 5.24149E-1 4.79935E-1 4.28652E-1 4.20979E-1 4.02338E-1 3.9321E-1 3.97021E-1 4.15575E-1 4.24753E-1 4.27536E-1 4.20358E-1 4.29582E-1 4.39325E-1 4.53532E-1 4.57192E-1 4.7189E-1 4.83626E-1 4.84495E-1 4.71333E-1 4.60318E-1 4.75469E-1 4.62608E-1 4.54304E-1 4.46789E-1 5.01002E-1 5.0406E-1 4.92116E-1 4.5175E-1 4.24548E-1 4.557E-1 4.57371E-1 4.50597E-1 4.47079E-1 4.44928E-1 4.25077E-1 3.90762E-1 3.90993E-1 3.78833E-1 3.78643E-1 4.15998E-1 4.0425E-1 4.16539E-1 4.20438E-1 3.71811E-1 3.4891E-1 3.48791E-1 3.3851E-1 3.36775E-1 3.33455E-1 3.15892E-1 3.1829E-1 3.20274E-1 3.25831E-1 3.25857E-1
6.49648E-1 6.1468E-1 6.0098E-1 5.56288E-1 5.68059E-1 5.70669E-1 5.40962E-1 5.29735E-1 5.05678E-1 4.5571E-1 4.1292E-1 3.93749E-1 3.81418E-1 3.76336E-1 4.00368E-1 4.08903E-1 4.03171E-1 4.06793E-1 4.19288E-1 4.22249E-1 4.48003E-1 4.60559E-1 4.79698E-1 4.8883E-1 4.80178E-1 4.4784E-1 4.52946E-1 4.70451E-1 4.71444E-1 4.59925E-1 4.69058E-1 4.57506E-1 4.85216E-1 4.96533E-1 4.85314E-1 4.57964E-1 4.59021E-1 4.63996E-1 4.60708E-1 4.58553E-1 4.53366E-1 4.16739E-1 3.98782E-1 4.01823E-1 4.19063E-1 4.0988E-1 4.02851E-1 4.29633E-1 4.36467E-1 4.33364E-1 4.15896E-1 3.95957E-1 3.76553E-1 3.54105E-1 3.42289E-1 3.35451E-1 3.35663E-1 3.31239E-1 3.27744E-1 3.37839E-1 3.42771E-1
-9999 -9999 6.56488E-1 6.71824E-1 6.59565E-1 6.28756E-1 5.71078E-1 5.80153E-1 5.92477E-1 5.4203E-1 4.90687E-1 5.01704E-1 4.66262E-1 4.34457E-1 4.89843E-1 4.61369E-1 4.17729E-1 4.00048E-1 3.98359E-1 4.33194E-1 4.30473E-1 4.33986E-1 4.33539E-1 4.5788E-1 4.72434E-1 4.52354E-1 4.37296E-1 4.58333E-1 4.54491E-1 4.90518E-1 4.95951E-1 4.7556E-1 4.9672E-1 5.0579E-1 4.97256E-1 4.70244E-1 4.69388E-1 4.59007E-1 4.34479E-1 4.34351E-1 4.28359E-1 4.34874E-1 4.3084E-1 4.07863E-1 4.27631E-1 4.44129E-1 4.3102E-1 4.41074E-1 4.71416E-1 4.56273E-1 4.17914E-1 4.13137E-1 4.16019E-1 3.92422E-1 3.69499E-1 3.68196E-1 3.6922E-1 3.63238E-1 3.52217E-1 3.52792E-1 3.53488E-1
7.4161E-1 7.36982E-1 8.58052E-1 7.60773E-1 7.24E-1 6.66292E-1 6.46074E-1 6.48586E-1 6.925E-1 6.34117E-1 5.88143E-1 5.87904E-1 5.60158E-1 5.50818E-1 5.5232E-1 5.32713E-1 5.06317E-1 4.47653E-1 4.39592E-1 4.85754E-1 4.64565E-1 4.44341E-1 4.64533E-1 4.74194E-1 4.51592E-1 4.62422E-1 4.76854E-1 4.65073E-1 4.65927E-1 4.54104E-1 4.62043E-1 4.83024E-1 4.66922E-1 4.57254E-1 4.4081E-1 4.35391E-1 4.4212E-1 4.33502E-1 4.51543E-1 4.36583E-1 4.13744E-1 4.06309E-1 4.34317E-1 4.62007E-1 4.75897E-1 4.98986E-1 4.87834E-1 4.63537E-1 4.83593E-1 4.87178E-1 4.53947E-1 4.50697E-1 4.03667E-1 3.92672E-1 3.93303E-1 3.83108E-1 3.82435E-1 3.82593E-1 3.86865E-1 3.94441E-1 3.85747E-1
7.55599E-1 7.24398E-1 -9999 -9999 -9999 -9999 -9999 -9999 7.39669E-1 6.83344E-1 6.46007E-1 6.28174E-1 5.93818E-1 5.79096E-1 5.51841E-1 5.06359E-1 4.9005E-1 4.87209E-1 4.97872E-1 5.08257E-1 5.09584E-1 5.00296E-1 4.72152E-1 4.93035E-1 4.64563E-1 4.78188E-1 4.94803E-1 4.86876E-1 5.05251E-1 4.91696E-1 4.64745E-1 4.96946E-1 4.73456E-1 4.35576E-1 4.46093E-1 4.30422E-1 4.3697E-1 4.57364E-1 4.25236E-1 4.207E-1 4.12422E-1 4.20275E-1 4.46704E-1 4.60867E-1 4.86475E-1 5.04599E-1 4.96871E-1 4.90151E-1 4.89381E-1 5.05493E-1 4.83205E-1 4.63862E-1 4.29671E-1 4.24133E-1 4.04184E-1 4.03419E-1 3.93785E-1 3.70279E-1 3.86984E-1 3.94792E-1 4.09173E-1
-9999 -9999 -9999 -9999 -9999 -9999 -9999 -9999 7.41863E-1 7.2007E-1 6.96265E-1 6.87521E-1 6.52034E-1 5.52907E-1 5.11499E-1 4.64593E-1 4.65069E-1 4.80178E-1 4.72183E-1 5.08595E-1 5.16879E-1 5.23436E-1 5.20078E-1 4.86012E-1 4.77461E-1 4.92264E-1 4.94954E-1 4.68166E-1 5.25412E-1 5.14537E-1 4.89752E-1 5.07361E-1 4.77184E-1 4.49397E-1 4.81911E-1 4.36826E-1 4.56505E-1 4.4259E-1 4.71751E-1 4.75135E-1 4.49516E-1 4.44273E-1 4.34308E-1 4.33595E-1 4.60086E-1 4.8725E-1 4.8141E-1 4.80833E-1 4.81834E-1 5.06901E-1 4.95994E-1 4.81059E-1 4.85203E-1 4.67906E-1 4.56379E-1 4.32764E-1 4.07153E-1 3.83093E-1 3.69843E-1 3.73673E-1 3.87954E-1
-9999 -9999 -9999 -9999 -9999 -9999 -9999 -9999 -9999 -9999 7.70226E-1 7.51189E-1 6.92421E-1 6.37023E-1 5.5132E-1 5.16542E-1 4.93557E-1 4.68626E-1 4.52356E-1 4.60109E-1 4.7416E-1 5.13941E-1 5.1928E-1 5.59587E-1 5.32692E-1 4.89271E-1 4.93448E-1 5.06985E-1 4.86988E-1 4.79053E-1 4.79252E-1 4.69149E-1 5.03481E-1 4.71079E-1 4.92794E-1 4.82583E-1 4.35227E-1 4.31288E-1 4.26457E-1 4.25507E-1 4.61895E-1 4.5685E-1 4.36599E-1 4.76012E-1 4.50146E-1 4.76141E-1 5.03946E-1 5.01164E-1 5.07496E-1 4.93681E-1 5.25961E-1 5.20645E-1 4.92268E-1 4.72999E-1 4.48537E-1 4.40864E-1 4.3387E-1 4.10072E-1 3.78931E-1 3.55321E-1 3.67924E-1
-9999 -9999 -9999 -9999 8.86597E-1 -9999 -9999 7.8876E-1 7.48147E-1 8.96339E-1 -9999 -9999 7.27306E-1 6.9633E-1 6.37831E-1 6.20373E-1 5.63163E-1 4.89844E-1 4.62379E-1 4.68387E-1 4.98682E-1 5.22065E-1 5.67428E-1 6.73533E-1 5.71408E-1 5.59095E-1 5.13391E-1 4.91714E-1 4.9743E-1 4.96728E-1 4.84858E-1 4.8937E-1 4.99776E-1 4.47339E-1 4.88502E-1 4.87737E-1 4.82102E-1 4.59783E-1 4.69092E-1 4.60211E-1 4.44605E-1 4.42149E-1 4.2477E-1 4.34561E-1 4.41512E-1 4.53401E-1 4.86795E-1 4.97229E-1 4.9712E-1 4.89614E-1 5.10491E-1 5.27133E-1 4.89137E-1 4.64707E-1 4.51877E-1 4.2952E-1 4.17764E-1 4.03535E-1 3.90553E-1 3.81498E-1 3.43403E-1
-9999 8.17191E-1 7.63093E-1 -9999 -9999 -9999 -9999 -9999 7.61769E-1 7.89779E-1 -9999 -9999 -9999 -9999 7.24775E-1 6.61249E-1 5.87792E-1 5.21207E-1 4.53996E-1 4.40348E-1 4.85414E-1 4.94382E-1 5.4532E-1 5.79509E-1 6.9498E-1 6.07042E-1 5.29595E-1 5.13415E-1 4.77617E-1 4.8321E-1 5.01654E-1 5.24479E-1 5.14105E-1 4.94708E-1 4.97071E-1 5.16999E-1 4.89181E-1 4.78231E-1 4.70067E-1 4.79453E-1 4.64786E-1 4.50379E-1 4.42504E-1 4.46707E-1 4.37026E-1 4.75363E-1 4.49825E-1 4.49354E-1 4.56251E-1 4.3752E-1 4.50089E-1 5.06592E-1 5.16673E-1 4.97985E-1 4.65494E-1 4.49944E-1 4.12631E-1 4.11399E-1 4.05181E-1 3.54516E-1 3.65847E-1
-9999 -9999 -9999 -9999 -9999 -9999 -9999 8.44382E-1 -9999 -9999 -9999 -9999 -9999 -9999 7.88641E-1 7.19889E-1 6.3453E-1 5.43335E-1 5.00781E-1 4.49607E-1 4.71055E-1 5.14617E-1 5.47524E-1 5.16071E-1 5.69461E-1 5.2956E-1 4.99415E-1 4.99915E-1 5.10211E-1 5.15412E-1 5.36025E-1 5.46672E-1 5.23394E-1 5.13442E-1 5.26707E-1 4.90881E-1 4.93033E-1 4.89364E-1 4.65881E-1 4.59302E-1 4.67766E-1 4.61997E-1 4.61881E-1 4.65796E-1 4.48812E-1 4.39789E-1 4.36474E-1 4.18931E-1 4.36942E-1 4.23947E-1 4.35054E-1 4.82407E-1 4.94107E-1 4.96904E-1 4.85303E-1 4.70239E-1 4.4547E-1 4.37151E-1 3.99094E-1 4.01192E-1 3.95366E-1
-9999 -9999 -9999 -9999 -9999 -9999 -9999 8.09189E-1 7.66724E-1 -9999 -9999 -9999 -9999 -9999 -9999 7.38822E-1 6.58609E-1 6.02112E-1 5.43068E-1 4.41141E-1 4.77754E-1 5.3139E-1 5.56114E-1 5.3528E-1 5.21761E-1 5.00156E-1 4.94507E-1 4.78003E-1 4.72447E-1 4.87966E-1 5.22528E-1 5.4318E-1 5.26687E-1 5.06211E-1 5.17733E-1 4.9987E-1 4.627E-1 4.55017E-1 4.39013E-1 4.48855E-1 4.50142E-1 4.31197E-1 4.34901E-1 4.5145E-1 4.70866E-1 4.44652E-1 4.42331E-1 4.15667E-1 4.20709E-1 4.05583E-1 4.28163E-1 4.52518E-1 4.6732E-1 4.64472E-1 4.52239E-1 4.64606E-1 4.43981E-1 4.46931E-1 4.05408E-1 3.74745E-1 3.91561E-1
-9999 -9999 -9999 -9999 -9999 -9999 -9999 -9999 8.03166E-1 -9999 -9999 -9999 -9999 -9999 -9999 7.84365E-1 7.1374E-1 6.45845E-1 5.70545E-1 5.01526E-1 4.76534E-1 4.95856E-1 5.51051E-1 5.59589E-1 5.24225E-1 5.07481E-1 4.95325E-1 4.77008E-1 4.68766E-1 4.86195E-1 5.16395E-1 5.05996E-1 5.33008E-1 5.50739E-1 4.99153E-1 4.60855E-1 4.68159E-1 4.4832E-1 4.5471E-1 4.42377E-1 4.24684E-1 4.24944E-1 4.54772E-1 4.61859E-1 4.71993E-1 4.35497E-1 4.67769E-1 4.17857E-1 4.05352E-1 4.0214E-1 4.424E-1 4.34335E-1 4.62415E-1 4.67533E-1 4.49816E-1 4.47033E-1 4.55482E-1 4.12333E-1 4.17562E-1 4.10509E-1 3.92685E-1
-9999 -9999 -9999 -9999 -9999 -9999 -9999 -9999 -9999 -9999 -9999 -9999 -9999 -9999 -9999 -9999 7.44393E-1 6.80729E-1 6.02038E-1 5.4482E-1 4.81349E-1 4.59146E-1 4.96191E-1 5.6784E-1 5.66142E-1 5.51274E-1 5.25847E-1 4.98534E-1 4.88951E-1 4.85202E-1 4.91758E-1 4.90556E-1 5.02812E-1 5.29572E-1 4.83403E-1 4.7935E-1 4.65132E-1 4.73809E-1 4.59716E-1 4.58075E-1 4.68917E-1 4.47595E-1 4.63892E-1 4.59291E-1 4.53614E-1 4.20867E-1 4.37788E-1 4.26256E-1 4.20405E-1 4.19095E-1 4.2754E-1 4.30715E-1 4.73446E-1 4.52136E-1 4.64105E-1 4.36623E-1 4.41978E-1 4.16339E-1 3.671E-1 3.89358E-1 3.9873E-1
-9999 -9999 -9999 -9999 -9999 -9999 -9999 -9999 -9999 -9999 -9999 -9999 -9999 -9999 -9999 8.77281E-1 7.25222E-1 6.89428E-1 6.22112E-1 5.66471E-1 5.15772E-1 4.82033E-1 4.73956E-1 5.16992E-1 5.65537E-1 5.96749E-1 5.89848E-1 5.39916E-1 5.04249E-1 4.91543E-1 5.08875E-1 4.88434E-1 4.83502E-1 5.01374E-1 4.88032E-1 4.80466E-1 4.73303E-1 4.66797E-1 4.77021E-1 4.76562E-1 4.79952E-1 4.77723E-1 4.52991E-1 4.51739E-1 4.41026E-1 4.22503E-1 4.32388E-1 4.27667E-1 4.09581E-1 4.48158E-1 4.47663E-1 4.15098E-1 4.57659E-1 4.77338E-1 4.64796E-1 4.38726E-1 3.99569E-1 4.14519E-1 3.89799E-1 3.52754E-1 3.78504E-1
-9999 -9999 -9999 -9999 -9999 -9999 -9999 -9999 -9999 -9999 -9999 -9999 -9999 -9999 -9999 -9999 7.39134E-1 7.16875E-1 6.46552E-1 5.78238E-1 5.40122E-1 5.18703E-1 4.72535E-1 5.21064E-1 5.84659E-1 5.63588E-1 6.47203E-1 5.62107E-1 5.12576E-1 5.05913E-1 5.07193E-1 4.96046E-1 4.85719E-1 4.6395E-1 5.10895E-1 4.82336E-1 5.01831E-1 4.78397E-1 4.69406E-1 4.49851E-1 4.58573E-1 4.56572E-1 4.29487E-1 4.20639E-1 3.9382E-1 4.18375E-1 4.19166E-1 4.15242E-1 4.21849E-1 4.0707E-1 4.37416E-1 4.22593E-1 4.66575E-1 4.66294E-1 4.58377E-1 4.36251E-1 3.99466E-1 3.77297E-1 3.79892E-1 3.45683E-1 3.53535E-1
-9999 -9999 -9999 -9999 -9999 -9999 -9999 -9999 -9999 -9999 -9999 -9999 -9999 -9999 -9999 -9999 -9999 7.31984E-1 6.67135E-1 6.06716E-1 5.63294E-1 5.34896E-1 5.1075E-1 4.66938E-1 6.15882E-1 5.95209E-1 6.30007E-1 6.1667E-1 5.38615E-1 5.27102E-1 5.23442E-1 5.02618E-1 5.07464E-1 5.09869E-1 4.76227E-1 5.06857E-1 5.13681E-1 4.75763E-1 4.67905E-1 4.75036E-1 4.42936E-1 4.65001E-1 4.37967E-1 4.1964E-1 3.83122E-1 4.17786E-1 4.34993E-1 4.33579E-1 4.36587E-1 4.09451E-1 4.1583E-1 3.99109E-1 4.2365E-1 4.28732E-1 4.12863E-1 4.11451E-1 3.85702E-1 3.63397E-1 3.83534E-1 3.45518E-1 3.35788E-1
-9999 -9999 -9999 -9999 -9999 -9999 -9999 -9999 -9999 -9999 -9999 -9999 -9999 -9999 -9999 -9999 -9999 7.37295E-1 7.13711E-1 6.82099E-1 6.10224E-1 5.03396E-1 5.27114E-1 4.82692E-1 5.99655E-1 6.48972E-1 6.66252E-1 6.29906E-1 6.05001E-1 6.17788E-1 6.14705E-1 5.31985E-1 5.16587E-1 5.1786E-1 4.88149E-1 4.6718E-1 4.80253E-1 5.01924E-1 4.8816E-1 4.67213E-1 4.8198E-1 4.58578E-1 4.32579E-1 4.25462E-1 4.17828E-1 3.9725E-1 3.91559E-1 4.0794E-1 4.18066E-1 4.36225E-1 3.83928E-1 4.04926E-1 4.003E-1 3.91174E-1 3.90439E-1 3.69523E-1 3.75628E-1 3.38919E-1 3.73603E-1 3.82344E-1 3.43012E-1
-9999 -9999 -9999 -9999 -9999 -9999 -9999 -9999 -9999 -9999 -9999 -9999 -9999 -9999 -9999 -9999 -9999 -9999 7.97315E-1 6.88944E-1 6.41745E-1 5.62571E-1 5.28429E-1 5.24114E-1 5.49623E-1 6.11976E-1 6.75038E-1 6.25708E-1 6.68538E-1 6.61482E-1 6.56793E-1 6.17001E-1 5.53012E-1 5.21079E-1 5.05069E-1 4.95808E-1 4.92452E-1 5.35487E-1 5.24989E-1 4.70768E-1 4.66585E-1 4.72377E-1 4.42095E-1 4.15444E-1 3.94132E-1 3.92818E-1 3.79824E-1 3.8512E-1 3.92635E-1 4.23115E-1 3.66645E-1 3.73173E-1 3.66161E-1 3.82627E-1 3.70629E-1 3.38531E-1 3.82178E-1 3.44388E-1 3.72039E-1 3.77481E-1 3.54122E-1
-9999 -9999 -9999 -9999 -9999 -9999 -9999 -9999 -9999 -9999 -9999 -9999 -9999 -9999 -9999 -9999 -9999 -9999 7.96975E-1 7.0264E-1 6.32808E-1 6.06006E-1 5.55939E-1 5.04981E-1 5.33264E-1 5.59172E-1 6.38738E-1 6.59087E-1 6.65211E-1 6.60626E-1 6.48119E-1 7.89339E-1 6.09784E-1 5.40576E-1 5.39783E-1 5.85021E-1 5.27579E-1 4.99242E-1 5.17052E-1 4.71528E-1 4.83202E-1 4.49624E-1 4.59511E-1 4.08022E-1 3.86081E-1 3.90824E-1 4.11794E-1 3.87553E-1 3.78446E-1 3.91074E-1 3.65829E-1 3.54176E-1 3.6377E-1 3.69104E-1 3.5814E-1 3.45329E-1 3.63066E-1 3.52087E-1 3.56821E-1 3.74109E-1 3.38007E-1
