maxent_outputs/white_flowers_troch_bombus_environ/white_256.asc
ncols         426
nrows         180
xllcorner     -130.0
yllcorner     24.0
cellsize      0.16666666666666666
NODATA_value  -9999
[rows 108 to 134 of 180, columns 122 to 182 of 426]
2.7322E-1 2.71827E-1 2.50287E-1 2.41887E-1 2.58753E-1 2.76908E-1 2.71172E-1 2.67686E-1 2.62911E-1 2.59884E-1 2.45588E-1 2.38341E-1 2.34467E-1 2.10251E-1 2.07467E-1 2.04964E-1 2.30823E-1 2.35858E-1 2.36748E-1 2.29409E-1 2.68273E-1 2.62465E-1 2.73627E-1 2.3956E-1 2.18411E-1 2.64701E-1 2.63233E-1 2.64714E-1 2.76836E-1 2.70107E-1 2.91007E-1 3.10219E-1 3.0115E-1 2.82177E-1 3.14642E-1 3.23434E-1 3.11703E-1 3.15489E-1 3.27212E-1 3.30614E-1 3.3343E-1 3.3765E-1 3.44262E-1 3.50724E-1 3.60093E-1 3.65607E-1 3.7038E-1 3.69042E-1 3.72863E-1 3.817E-1 3.901E-1 3.96025E-1 4.02409E-1 4.01874E-1 3.96823E-1 3.86804E-1 3.83277E-1 3.86428E-1 3.9226E-1 3.92547E-1 3.92925E-1
2.57035E-1 2.45005E-1 2.43237E-1 2.49518E-1 2.66726E-1 2.5487E-1 2.64804E-1 2.69547E-1 2.57375E-1 2.47331E-1 2.32746E-1 2.27531E-1 2.30208E-1 2.4313E-1 2.50112E-1 2.43582E-1 2.65776E-1 2.84912E-1 2.78672E-1 2.87617E-1 2.78453E-1 2.64635E-1 2.75181E-1 2.58657E-1 2.41133E-1 2.76833E-1 2.65968E-1 2.4988E-1 2.5976E-1 2.75333E-1 3.06094E-1 3.30953E-1 3.29977E-1 3.18063E-1 3.27549E-1 3.24772E-1 3.11709E-1 3.14712E-1 3.27735E-1 3.38281E-1 3.40315E-1 3.46709E-1 3.53939E-1 3.57601E-1 3.62049E-1 3.63522E-1 3.78945E-1 3.85392E-1 3.92311E-1 3.97016E-1 3.94393E-1 3.98264E-1 3.99555E-1 4.05021E-1 3.99734E-1 3.93064E-1 3.90065E-1 3.89168E-1 3.91539E-1 3.92314E-1 3.92116E-1
2.57514E-1 2.48376E-1 2.40176E-1 2.44694E-1 2.35439E-1 2.41441E-1 2.51746E-1 2.45642E-1 2.43783E-1 2.50501E-1 2.36072E-1 2.32263E-1 2.35822E-1 2.55071E-1 2.74642E-1 2.75322E-1 2.90877E-1 3.0967E-1 3.00157E-1 2.99812E-1 2.82422E-1 2.55382E-1 2.64444E-1 2.71896E-1 2.68669E-1 2.77304E-1 2.74615E-1 2.4966E-1 2.56716E-1 2.78581E-1 3.26637E-1 3.25451E-1 3.20261E-1 3.27179E-1 3.41996E-1 3.37194E-1 3.16791E-1 3.18621E-1 3.25688E-1 3.41879E-1 3.43855E-1 3.55309E-1 3.61173E-1 3.67474E-1 3.68062E-1 3.79097E-1 3.81223E-1 3.93256E-1 3.90798E-1 3.89178E-1 3.84421E-1 3.81916E-1 3.8246E-1 3.97196E-1 3.98489E-1 3.91962E-1 3.92646E-1 3.91181E-1 3.92695E-1 3.96971E-1 3.99016E-1
2.73795E-1 2.71162E-1 2.61418E-1 2.68864E-1 2.53118E-1 2.41532E-1 2.51399E-1 2.46073E-1 2.45188E-1 2.39361E-1 2.39342E-1 2.42039E-1 2.45532E-1 2.24392E-1 2.8555E-1 2.9223E-1 2.95398E-1 3.03901E-1 3.06738E-1 3.11006E-1 2.96607E-1 2.82692E-1 2.59924E-1 2.54312E-1 2.65737E-1 2.95888E-1 3.06137E-1 3.13179E-1 3.03165E-1 3.19362E-1 3.30811E-1 3.32171E-1 3.3798E-1 3.45306E-1 3.60009E-1 3.55015E-1 3.36656E-1 3.22992E-1 3.31601E-1 3.50607E-1 3.54932E-1 3.6728E-1 3.73923E-1 3.81596E-1 3.84811E-1 3.86177E-1 3.90999E-1 3.89606E-1 3.74604E-1 3.69838E-1 3.66065E-1 3.65713E-1 3.82343E-1 3.9665E-1 4.04106E-1 4.02333E-1 4.00149E-1 3.96107E-1 3.94669E-1 3.93898E-1 4.01575E-1
2.84698E-1 2.75573E-1 2.7196E-1 2.62157E-1 2.4472E-1 2.43878E-1 2.41205E-1 2.4687E-1 2.43664E-1 2.50324E-1 2.37413E-1 2.5282E-1 2.69198E-1 2.72987E-1 2.90762E-1 2.90858E-1 2.90457E-1 3.08537E-1 3.26834E-1 3.19531E-1 2.98296E-1 2.73066E-1 2.58079E-1 2.4049E-1 2.71599E-1 3.06014E-1 3.15536E-1 3.16363E-1 3.12263E-1 3.1319E-1 3.26174E-1 3.36704E-1 3.38492E-1 3.47096E-1 3.6534E-1 3.6028E-1 3.49928E-1 3.43527E-1 3.52049E-1 3.5799E-1 3.6293E-1 3.58604E-1 3.52391E-1 3.58402E-1 3.64745E-1 3.73701E-1 3.83657E-1 3.764E-1 3.60722E-1 3.5657E-1 3.61782E-1 3.64583E-1 3.79835E-1 3.96496E-1 4.03363E-1 4.11347E-1 4.10628E-1 4.04448E-1 3.95988E-1 3.97624E-1 4.04653E-1
2.84041E-1 2.78524E-1 2.7435E-1 2.55532E-1 2.54705E-1 2.56995E-1 2.44149E-1 2.22663E-1 2.35945E-1 2.47476E-1 2.60187E-1 2.65731E-1 2.81753E-1 2.87833E-1 2.87401E-1 2.98429E-1 2.87443E-1 3.18307E-1 3.41301E-1 3.25529E-1 2.85991E-1 2.69695E-1 2.60122E-1 2.39786E-1 2.77174E-1 2.94634E-1 3.04006E-1 3.09163E-1 3.24902E-1 3.30965E-1 3.27579E-1 3.31159E-1 3.35465E-1 3.47105E-1 3.59631E-1 3.65771E-1 3.67275E-1 3.63387E-1 3.6254E-1 3.62814E-1 3.61107E-1 3.4827E-1 3.48514E-1 3.51299E-1 3.44597E-1 3.46781E-1 3.53925E-1 3.60379E-1 3.56991E-1 3.56655E-1 3.63097E-1 3.7202E-1 3.82113E-1 3.93729E-1 4.08157E-1 4.16233E-1 4.18434E-1 4.1529E-1 4.13208E-1 4.1069E-1 4.09678E-1
2.93166E-1 2.80625E-1 2.72564E-1 2.60287E-1 2.54611E-1 2.4561E-1 2.38237E-1 2.17987E-1 2.1364E-1 2.38762E-1 2.66875E-1 2.62971E-1 2.76765E-1 2.835E-1 2.76339E-1 2.92857E-1 2.89665E-1 3.07194E-1 3.06247E-1 3.17947E-1 2.92457E-1 2.72866E-1 2.61101E-1 2.58136E-1 2.65062E-1 2.92804E-1 3.03262E-1 3.1248E-1 3.24918E-1 3.37587E-1 3.32485E-1 3.22959E-1 3.24457E-1 3.34993E-1 3.53877E-1 3.59039E-1 3.6422E-1 3.584E-1 3.56253E-1 3.56702E-1 3.5259E-1 3.49975E-1 3.46867E-1 3.47033E-1 3.45162E-1 3.46951E-1 3.50118E-1 3.59218E-1 3.83627E-1 3.8052E-1 3.7815E-1 3.86749E-1 3.86797E-1 4.00693E-1 4.17328E-1 4.22937E-1 4.28984E-1 4.31679E-1 4.31801E-1 4.28276E-1 4.25972E-1
2.9008E-1 2.79909E-1 2.70114E-1 2.63556E-1 2.51141E-1 2.31434E-1 2.15218E-1 2.09274E-1 2.2281E-1 2.22398E-1 2.38812E-1 2.37958E-1 2.52342E-1 2.82765E-1 2.87099E-1 2.98224E-1 2.91161E-1 3.02655E-1 3.04734E-1 3.18404E-1 2.91062E-1 2.70108E-1 2.61471E-1 2.55601E-1 2.64521E-1 2.77227E-1 2.99808E-1 3.08904E-1 3.14914E-1 3.29295E-1 3.44138E-1 3.31976E-1 3.28373E-1 3.27369E-1 3.24094E-1 3.26734E-1 3.31479E-1 3.3462E-1 3.42533E-1 3.45463E-1 3.5106E-1 3.53962E-1 3.53846E-1 3.51417E-1 3.48135E-1 3.44351E-1 3.40878E-1 3.42685E-1 3.51672E-1 3.78423E-1 3.97962E-1 3.95041E-1 4.0239E-1 4.15438E-1 4.28967E-1 4.28264E-1 4.37508E-1 4.42867E-1 4.49625E-1 4.46578E-1 4.41552E-1
2.95577E-1 2.79574E-1 2.7132E-1 2.63762E-1 2.47849E-1 2.40222E-1 2.24738E-1 2.1767E-1 2.11772E-1 2.00382E-1 2.29259E-1 2.53274E-1 2.60051E-1 2.77744E-1 2.87387E-1 2.93354E-1 2.90529E-1 2.92671E-1 3.05728E-1 3.17424E-1 2.8697E-1 2.80957E-1 2.76962E-1 2.66385E-1 2.65646E-1 2.69544E-1 2.88099E-1 3.04934E-1 3.13914E-1 3.27538E-1 3.34027E-1 3.40157E-1 3.36926E-1 3.37192E-1 3.37935E-1 3.32414E-1 3.31504E-1 3.39368E-1 3.46305E-1 3.47506E-1 3.51504E-1 3.59652E-1 3.58126E-1 3.50793E-1 3.47948E-1 3.4605E-1 3.44764E-1 3.49165E-1 3.55075E-1 3.72798E-1 3.93004E-1 4.10407E-1 4.16342E-1 4.24452E-1 4.40137E-1 4.38589E-1 4.48875E-1 4.56288E-1 4.61748E-1 4.60985E-1 4.57749E-1
2.93519E-1 2.90963E-1 2.72251E-1 2.51911E-1 2.36676E-1 2.27817E-1 2.24307E-1 2.15893E-1 2.09164E-1 2.06275E-1 2.42713E-1 2.5549E-1 2.66092E-1 2.77309E-1 2.9023E-1 3.0467E-1 2.93261E-1 2.88414E-1 3.08154E-1 3.07874E-1 2.87681E-1 2.73371E-1 2.86476E-1 2.84198E-1 2.79423E-1 2.9648E-1 2.95453E-1 3.02177E-1 3.14833E-1 3.27856E-1 3.29662E-1 3.37199E-1 3.46737E-1 3.43319E-1 3.4542E-1 3.4169E-1 3.405E-1 3.41818E-1 3.51964E-1 3.51493E-1 3.52934E-1 3.57981E-1 3.58279E-1 3.55224E-1 3.52116E-1 3.55803E-1 3.57178E-1 3.64421E-1 3.70445E-1 3.68222E-1 3.71872E-1 4.09159E-1 4.19798E-1 4.31973E-1 4.45679E-1 4.52565E-1 4.50715E-1 4.61135E-1 4.71542E-1 4.76785E-1 4.75085E-1
2.70634E-1 2.70158E-1 2.5845E-1 2.35697E-1 2.26246E-1 2.15982E-1 2.09609E-1 2.14497E-1 2.06629E-1 2.12494E-1 2.41654E-1 2.41446E-1 2.34135E-1 2.61656E-1 2.86551E-1 2.90634E-1 3.02343E-1 2.93458E-1 3.05224E-1 2.95991E-1 2.93177E-1 2.75522E-1 2.8531E-1 2.92665E-1 2.98291E-1 3.08904E-1 3.08443E-1 3.0869E-1 3.18707E-1 3.3452E-1 3.39376E-1 3.42284E-1 3.46365E-1 3.45309E-1 3.45764E-1 3.5362E-1 3.5402E-1 3.51799E-1 3.5114E-1 3.52373E-1 3.53716E-1 3.57787E-1 3.65398E-1 3.64449E-1 3.6361E-1 3.67186E-1 3.75715E-1 3.91609E-1 3.93088E-1 3.83959E-1 3.92136E-1 4.20454E-1 4.25159E-1 4.37258E-1 4.52092E-1 4.65651E-1 4.72038E-1 4.74374E-1 4.82942E-1 4.8816E-1 4.85676E-1
2.40052E-1 2.51646E-1 2.43419E-1 2.25682E-1 2.12028E-1 2.14757E-1 2.18382E-1 2.13126E-1 2.26641E-1 2.1768E-1 2.2623E-1 2.12441E-1 2.13342E-1 2.41536E-1 2.75291E-1 2.9684E-1 3.13723E-1 3.05337E-1 3.00968E-1 2.85785E-1 2.9744E-1 2.82958E-1 2.82828E-1 2.86252E-1 2.9829E-1 3.14196E-1 3.18654E-1 3.19381E-1 3.26548E-1 3.32068E-1 3.3978E-1 3.41851E-1 3.42585E-1 3.43214E-1 3.47697E-1 3.52764E-1 3.57332E-1 3.60893E-1 3.64667E-1 3.64997E-1 3.65321E-1 3.64379E-1 3.7317E-1 3.75557E-1 3.72971E-1 3.78597E-1 3.91479E-1 4.0423E-1 4.0503E-1 4.04278E-1 4.01427E-1 4.22897E-1 4.41921E-1 4.44559E-1 4.55652E-1 4.66788E-1 4.76967E-1 4.75279E-1 4.86805E-1 4.89632E-1 4.92982E-1
2.4825E-1 2.05137E-1 2.19685E-1 2.36441E-1 2.17241E-1 2.18855E-1 2.22527E-1 2.18039E-1 2.13253E-1 2.03803E-1 2.10698E-1 2.14994E-1 2.44347E-1 2.72992E-1 2.96531E-1 3.10908E-1 3.162E-1 3.06725E-1 2.92985E-1 2.95804E-1 3.00747E-1 3.00542E-1 2.9138E-1 2.95647E-1 3.02363E-1 3.03167E-1 3.1325E-1 3.24094E-1 3.29854E-1 3.32269E-1 3.38162E-1 3.42663E-1 3.40704E-1 3.45819E-1 3.45571E-1 3.53086E-1 3.5608E-1 3.57115E-1 3.58527E-1 3.58274E-1 3.59552E-1 3.66667E-1 3.78913E-1 3.82639E-1 3.82687E-1 3.89597E-1 4.02234E-1 4.09352E-1 4.10657E-1 4.15116E-1 4.20301E-1 4.32395E-1 4.48427E-1 4.5237E-1 4.62631E-1 4.74346E-1 4.79138E-1 4.8277E-1 4.85723E-1 4.86074E-1 4.94909E-1
2.67688E-1 2.41221E-1 2.33577E-1 2.45803E-1 2.4085E-1 2.49827E-1 2.34415E-1 2.27197E-1 2.04347E-1 2.13608E-1 2.22579E-1 2.30743E-1 2.50258E-1 2.90142E-1 3.01254E-1 3.07532E-1 3.06934E-1 2.97157E-1 2.95162E-1 3.17045E-1 3.2006E-1 3.15754E-1 3.14534E-1 3.15238E-1 3.10941E-1 3.14367E-1 3.20985E-1 3.26936E-1 3.35179E-1 3.38172E-1 3.40126E-1 3.38216E-1 3.42633E-1 3.44065E-1 3.38002E-1 3.4795E-1 3.51469E-1 3.51809E-1 3.55543E-1 3.59119E-1 3.64898E-1 3.7446E-1 3.91019E-1 4.01511E-1 3.99857E-1 4.05332E-1 4.12713E-1 4.17313E-1 4.19778E-1 4.25872E-1 4.42967E-1 4.47205E-1 4.61533E-1 4.64007E-1 4.70725E-1 4.66892E-1 4.73493E-1 4.85942E-1 4.88811E-1 4.97147E-1 5.0577E-1
2.97423E-1 2.93201E-1 2.91744E-1 2.79872E-1 2.8082E-1 2.56986E-1 2.22478E-1 2.07839E-1 2.14728E-1 2.14431E-1 2.03906E-1 2.4787E-1 2.70084E-1 3.12147E-1 3.12254E-1 3.08387E-1 3.05502E-1 3.02666E-1 3.00245E-1 3.34307E-1 3.36234E-1 3.35856E-1 3.36781E-1 3.14461E-1 2.95891E-1 3.15353E-1 3.296E-1 3.39199E-1 3.44899E-1 3.44953E-1 3.49031E-1 3.39782E-1 3.46693E-1 3.46544E-1 3.46893E-1 3.45674E-1 3.4916E-1 3.53574E-1 3.56129E-1 3.62795E-1 3.74455E-1 3.85734E-1 3.99057E-1 4.1063E-1 4.16535E-1 4.18032E-1 4.37016E-1 4.35798E-1 4.32971E-1 4.40899E-1 4.51222E-1 4.58561E-1 4.57838E-1 4.61878E-1 4.65344E-1 4.6807E-1 4.74218E-1 4.90476E-1 4.93574E-1 5.03058E-1 5.02411E-1
3.25628E-1 3.22142E-1 3.25732E-1 3.08502E-1 3.10033E-1 2.79173E-1 2.33202E-1 2.11131E-1 2.23837E-1 2.2585E-1 2.29575E-1 2.61648E-1 2.90542E-1 3.1671E-1 3.18545E-1 3.25182E-1 3.1322E-1 3.20512E-1 3.26469E-1 3.50725E-1 3.57457E-1 3.56921E-1 3.44524E-1 3.01802E-1 3.0513E-1 3.25045E-1 3.29831E-1 3.42126E-1 3.54375E-1 3.55276E-1 3.61676E-1 3.54268E-1 3.52175E-1 3.51601E-1 3.56439E-1 3.56745E-1 3.56344E-1 3.60993E-1 3.65862E-1 3.72668E-1 3.80156E-1 3.91267E-1 4.10255E-1 4.16801E-1 4.1721E-1 4.21625E-1 4.30699E-1 4.37907E-1 4.51071E-1 4.62127E-1 4.63668E-1 4.63241E-1 4.59725E-1 4.61941E-1 4.73968E-1 4.76577E-1 4.85241E-1 5.01259E-1 5.03567E-1 5.12227E-1 5.10135E-1
3.47459E-1 3.35538E-1 3.53069E-1 3.35925E-1 3.24635E-1 2.97129E-1 2.64073E-1 2.49319E-1 2.53992E-1 2.45005E-1 2.5299E-1 2.79431E-1 3.05246E-1 3.14205E-1 3.27506E-1 3.36053E-1 3.22903E-1 3.28536E-1 3.49143E-1 3.56945E-1 3.58117E-1 3.66331E-1 3.5003E-1 3.1085E-1 3.00063E-1 3.1303E-1 3.25638E-1 3.37193E-1 3.55636E-1 3.64652E-1 3.64189E-1 3.63079E-1 3.59756E-1 3.59839E-1 3.63722E-1 3.6028E-1 3.6177E-1 3.69751E-1 3.7895E-1 3.85645E-1 3.91692E-1 4.05213E-1 4.15052E-1 4.21916E-1 4.23314E-1 4.27737E-1 4.35042E-1 4.43864E-1 4.52195E-1 4.66119E-1 4.70256E-1 4.71162E-1 4.67749E-1 4.71265E-1 4.74245E-1 4.85304E-1 4.95605E-1 5.0768E-1 5.14513E-1 5.22624E-1 5.28196E-1
3.75661E-1 3.76418E-1 3.72647E-1 3.28949E-1 3.02638E-1 3.05973E-1 3.06251E-1 2.93394E-1 2.77473E-1 2.61709E-1 2.63389E-1 2.90037E-1 3.14131E-1 3.24656E-1 3.40141E-1 3.28188E-1 3.22878E-1 3.36528E-1 3.56128E-1 3.48162E-1 3.54209E-1 3.71697E-1 3.64194E-1 3.09375E-1 2.96428E-1 3.15249E-1 3.27675E-1 3.4157E-1 3.61799E-1 3.69459E-1 3.70307E-1 3.66654E-1 3.713E-1 3.72854E-1 3.75825E-1 3.6213E-1 3.65388E-1 3.78239E-1 3.86698E-1 3.95364E-1 4.04197E-1 4.16953E-1 4.26512E-1 4.26566E-1 4.27238E-1 4.30592E-1 4.37616E-1 4.46417E-1 4.5639E-1 4.7048E-1 4.72798E-1 4.77829E-1 4.78295E-1 4.79506E-1 4.80397E-1 4.85435E-1 4.95864E-1 5.04543E-1 5.17988E-1 5.38513E-1 5.45589E-1
4.03344E-1 3.92771E-1 3.67616E-1 3.51422E-1 3.22061E-1 3.20808E-1 3.15009E-1 3.07963E-1 2.86557E-1 2.77698E-1 2.86375E-1 3.04232E-1 3.27864E-1 3.31984E-1 3.43992E-1 3.3128E-1 3.26544E-1 3.40244E-1 3.61112E-1 3.53593E-1 3.47333E-1 3.6267E-1 3.7078E-1 3.08576E-1 3.09426E-1 3.2112E-1 3.31711E-1 3.46059E-1 3.6575E-1 3.77114E-1 3.80247E-1 3.77841E-1 3.75433E-1 3.75511E-1 3.76604E-1 3.68366E-1 3.73837E-1 3.85802E-1 3.97737E-1 4.04949E-1 4.18697E-1 4.27137E-1 4.33129E-1 4.31772E-1 4.34499E-1 4.33441E-1 4.29679E-1 4.38079E-1 4.48452E-1 4.6258E-1 4.6895E-1 4.68094E-1 4.75651E-1 4.82502E-1 4.86853E-1 4.89785E-1 4.90663E-1 4.93335E-1 5.07924E-1 5.32185E-1 5.50161E-1
3.83728E-1 3.85838E-1 3.6673E-1 3.4404E-1 3.44298E-1 3.39961E-1 3.32546E-1 3.12024E-1 3.07123E-1 3.14858E-1 3.18731E-1 3.21057E-1 3.33611E-1 3.3283E-1 3.3675E-1 3.3626E-1 3.25053E-1 3.29747E-1 3.56303E-1 3.52655E-1 3.43854E-1 3.52562E-1 3.63111E-1 3.08504E-1 3.07696E-1 3.15309E-1 3.34619E-1 3.46642E-1 3.63037E-1 3.7461E-1 3.74342E-1 3.70599E-1 3.73126E-1 3.73707E-1 3.72352E-1 3.68881E-1 3.79521E-1 3.95775E-1 4.07117E-1 4.1938E-1 4.25305E-1 4.31238E-1 4.33884E-1 4.31982E-1 4.31283E-1 4.21726E-1 4.17206E-1 4.30872E-1 4.48794E-1 4.51756E-1 4.47767E-1 4.57211E-1 4.66948E-1 4.72932E-1 4.81084E-1 4.85083E-1 4.83969E-1 4.90007E-1 4.9951E-1 5.31632E-1 5.52302E-1
3.73394E-1 3.78176E-1 3.67175E-1 3.41979E-1 3.3334E-1 3.24545E-1 3.2527E-1 3.16882E-1 3.17138E-1 3.19017E-1 3.2917E-1 3.35497E-1 3.38613E-1 3.31618E-1 3.39333E-1 3.48708E-1 3.32767E-1 3.21429E-1 3.47778E-1 3.60575E-1 3.45741E-1 3.52865E-1 3.62641E-1 3.51196E-1 3.3015E-1 3.25695E-1 3.364E-1 3.43536E-1 3.61344E-1 3.77228E-1 3.7888E-1 3.77389E-1 3.77545E-1 3.74178E-1 3.81543E-1 3.82732E-1 3.88838E-1 4.01208E-1 4.13094E-1 4.22327E-1 4.25836E-1 4.30854E-1 4.34442E-1 4.34265E-1 4.25265E-1 4.1879E-1 4.11287E-1 4.1885E-1 4.39E-1 4.43567E-1 4.42982E-1 4.4811E-1 4.55308E-1 4.61012E-1 4.66092E-1 4.75378E-1 4.84671E-1 4.92729E-1 5.10425E-1 5.42098E-1 5.61486E-1
3.71177E-1 3.62953E-1 3.63297E-1 3.56205E-1 3.2581E-1 3.27854E-1 3.35248E-1 3.32199E-1 3.31433E-1 3.30252E-1 3.28758E-1 3.55214E-1 3.50471E-1 3.3792E-1 3.38823E-1 3.35453E-1 3.42591E-1 3.4056E-1 3.56238E-1 3.55777E-1 3.49147E-1 3.60035E-1 3.58369E-1 3.45067E-1 3.46749E-1 3.46938E-1 3.54213E-1 3.54335E-1 3.51532E-1 3.73042E-1 3.80729E-1 3.91182E-1 3.86987E-1 3.82207E-1 3.88323E-1 3.89308E-1 3.91821E-1 4.01509E-1 4.13308E-1 4.15608E-1 4.22821E-1 4.3314E-1 4.38394E-1 4.36352E-1 4.3241E-1 4.22249E-1 4.21523E-1 4.21796E-1 4.25971E-1 4.2673E-1 4.37183E-1 4.38095E-1 4.43327E-1 4.47914E-1 4.55998E-1 4.68695E-1 4.85245E-1 5.04586E-1 5.24774E-1 5.53558E-1 5.67082E-1
3.69736E-1 3.71659E-1 3.60776E-1 3.64299E-1 3.36242E-1 3.46346E-1 3.3717E-1 3.40283E-1 3.36483E-1 3.42868E-1 3.42981E-1 3.49736E-1 3.55842E-1 3.47504E-1 3.3706E-1 3.32028E-1 3.31696E-1 3.52373E-1 3.63236E-1 3.59586E-1 3.48951E-1 3.54976E-1 3.52644E-1 3.45195E-1 3.45996E-1 3.53151E-1 3.65883E-1 3.71069E-1 3.63376E-1 3.69645E-1 3.79985E-1 3.87929E-1 3.80524E-1 3.80014E-1 3.88144E-1 3.87544E-1 3.95898E-1 4.04543E-1 4.08012E-1 4.11016E-1 4.16998E-1 4.25006E-1 4.34864E-1 4.37263E-1 4.34174E-1 4.26197E-1 4.22438E-1 4.35783E-1 4.47048E-1 4.38401E-1 4.36965E-1 4.36811E-1 4.37626E-1 4.4704E-1 4.58484E-1 4.62889E-1 4.76858E-1 4.95141E-1 5.24433E-1 5.46161E-1 5.61057E-1
3.52318E-1 3.5018E-1 3.53578E-1 3.53111E-1 3.43541E-1 3.45937E-1 3.42768E-1 3.3644E-1 3.39931E-1 3.46652E-1 3.45312E-1 3.4988E-1 3.78193E-1 3.57953E-1 3.51677E-1 3.50041E-1 3.38953E-1 3.4497E-1 3.54677E-1 3.51227E-1 3.49751E-1 3.60392E-1 3.48017E-1 3.43943E-1 3.56382E-1 3.61309E-1 3.65015E-1 3.67696E-1 3.65524E-1 3.67876E-1 3.83116E-1 3.6942E-1 3.6916E-1 3.73078E-1 3.82292E-1 3.84346E-1 3.91248E-1 3.95362E-1 4.00742E-1 4.07984E-1 4.14746E-1 4.23363E-1 4.31489E-1 4.393E-1 4.40536E-1 4.40879E-1 4.34392E-1 4.40261E-1 4.47206E-1 4.38789E-1 4.32632E-1 4.34594E-1 4.42731E-1 4.51813E-1 4.64741E-1 4.736E-1 4.89873E-1 4.96628E-1 5.16354E-1 5.39421E-1 5.57067E-1
3.37307E-1 3.38357E-1 3.23352E-1 3.43548E-1 3.47373E-1 3.41622E-1 3.4923E-1 3.50491E-1 3.47872E-1 3.5799E-1 3.57842E-1 3.71004E-1 3.6601E-1 3.60808E-1 3.6355E-1 3.62654E-1 3.50895E-1 3.43702E-1 3.74915E-1 3.83244E-1 3.6156E-1 3.65689E-1 3.48645E-1 3.45177E-1 3.49795E-1 3.65924E-1 3.67303E-1 3.583E-1 3.8149E-1 3.81349E-1 3.71545E-1 3.65595E-1 3.70069E-1 3.76143E-1 3.81153E-1 3.86955E-1 3.91318E-1 3.97012E-1 3.98851E-1 4.04318E-1 4.09534E-1 4.21031E-1 4.28889E-1 4.42814E-1 4.50254E-1 4.49817E-1 4.4492E-1 4.43247E-1 4.41124E-1 4.34067E-1 4.2804E-1 4.27712E-1 4.35317E-1 4.55735E-1 4.78079E-1 4.84876E-1 4.98488E-1 5.0658E-1 5.19905E-1 5.3886E-1 5.56485E-1
3.45722E-1 3.36479E-1 3.33835E-1 3.39197E-1 3.37697E-1 3.32608E-1 3.50766E-1 3.5556E-1 3.61185E-1 3.60612E-1 3.64101E-1 3.64624E-1 3.68694E-1 3.6877E-1 3.65014E-1 3.54854E-1 3.51347E-1 3.49654E-1 3.75622E-1 4.05833E-1 3.75092E-1 3.62158E-1 3.58483E-1 3.46606E-1 3.47777E-1 3.53923E-1 3.63837E-1 3.62586E-1 3.68274E-1 3.7837E-1 3.73834E-1 3.70848E-1 3.74169E-1 3.75424E-1 3.80732E-1 3.83404E-1 3.93252E-1 3.93761E-1 3.96915E-1 4.01105E-1 4.09303E-1 4.11989E-1 4.23748E-1 4.35445E-1 4.42812E-1 4.46879E-1 4.47136E-1 4.40985E-1 4.32882E-1 4.32613E-1 4.2946E-1 4.32961E-1 4.41225E-1 4.59217E-1 4.73407E-1 4.95682E-1 5.06138E-1 5.21264E-1 5.34936E-1 5.38613E-1 5.49755E-1
3.40873E-1 3.43261E-1 3.35442E-1 3.38946E-1 3.23243E-1 3.38877E-1 3.50043E-1 3.53224E-1 3.5876E-1 3.56398E-1 3.71106E-1 3.70423E-1 3.69969E-1 3.68024E-1 3.61508E-1 3.58895E-1 3.55952E-1 3.59958E-1 3.67522E-1 3.76501E-1 3.66524E-1 3.50498E-1 3.55352E-1 3.50063E-1 3.51422E-1 3.5563E-1 3.61038E-1 3.75679E-1 3.66136E-1 3.83466E-1 3.75993E-1 3.7299E-1 3.76286E-1 3.78509E-1 3.82968E-1 3.89126E-1 3.93887E-1 4.00369E-1 4.001E-1 4.03724E-1 4.11171E-1 4.14555E-1 4.18427E-1 4.27026E-1 4.38478E-1 4.43271E-1 4.4445E-1 4.40193E-1 4.36831E-1 4.35056E-1 4.34281E-1 4.41228E-1 4.55112E-1 4.67675E-1 4.77568E-1 4.89782E-1 5.00427E-1 5.15131E-1 5.25686E-1 5.4479E-1 5.53794E-1
