maxent_outputs/white_flowers_troch_bombus_environ/white_232.asc
ncols         426
nrows         180
xllcorner     -130.0
yllcorner     24.0
cellsize      0.16666666666666666
NODATA_value  -9999
[rows 0 to 26 of 180, columns 122 to 182 of 426]
3.31472E-1 3.2906E-1 3.29532E-1 3.1132E-1 3.03503E-1 3.18261E-1 3.2506E-1 3.25794E-1 3.15149E-1 3.10057E-1 3.01655E-1 2.99886E-1 3.03211E-1 3.02963E-1 3.03282E-1 3.0194E-1 3.06526E-1 3.05649E-1 3.08515E-1 3.10791E-1 3.15165E-1 3.07604E-1 2.98838E-1 2.9651E-1 2.86872E-1 2.87195E-1 2.85283E-1 2.82221E-1 2.80641E-1 2.81845E-1 2.8391E-1 2.86974E-1 2.88244E-1 2.87436E-1 2.87791E-1 2.89236E-1 2.90662E-1 2.92617E-1 2.9752E-1 2.99444E-1 3.04955E-1 3.05379E-1 3.05042E-1 3.04823E-1 3.07317E-1 3.08693E-1 3.07842E-1 3.09935E-1 3.11512E-1 3.1085E-1 3.0501E-1 3.10207E-1 3.10626E-1 3.07921E-1 3.1285E-1 3.22085E-1 3.30791E-1 3.23859E-1 3.27466E-1 3.32048E-1 3.16292E-1
3.15342E-1 3.12517E-1 3.09257E-1 3.05037E-1 3.05088E-1 3.05864E-1 3.0764E-1 3.06042E-1 3.18613E-1 3.21199E-1 3.07426E-1 3.03558E-1 2.96066E-1 3.06635E-1 3.13928E-1 3.02476E-1 3.00809E-1 3.01461E-1 3.07745E-1 3.06375E-1 3.09162E-1 3.0341E-1 2.99983E-1 2.95665E-1 2.91617E-1 2.91967E-1 2.90575E-1 2.82379E-1 2.849E-1 2.85046E-1 2.88398E-1 2.93172E-1 2.97881E-1 3.03518E-1 2.96526E-1 2.91604E-1 2.94936E-1 2.99116E-1 3.00737E-1 3.05921E-1 3.10209E-1 3.06741E-1 3.05092E-1 3.02197E-1 3.06283E-1 3.11628E-1 3.12715E-1 3.09737E-1 3.04587E-1 2.89552E-1 2.95665E-1 3.11193E-1 3.18868E-1 3.17815E-1 3.16947E-1 3.20232E-1 3.34285E-1 3.29909E-1 3.20322E-1 3.20341E-1 3.14559E-1
2.95915E-1 2.94976E-1 2.9259E-1 2.93874E-1 3.0694E-1 3.067E-1 3.13943E-1 3.07577E-1 3.08788E-1 3.09558E-1 3.13878E-1 2.99438E-1 2.95006E-1 2.99103E-1 3.10124E-1 3.04603E-1 3.00273E-1 2.97967E-1 2.99537E-1 3.04953E-1 3.04247E-1 3.07051E-1 3.01543E-1 2.95775E-1 2.85322E-1 2.86217E-1 2.83494E-1 2.85352E-1 2.86536E-1 2.88603E-1 2.87206E-1 2.90659E-1 2.92633E-1 2.92637E-1 2.9573E-1 3.03027E-1 3.08104E-1 3.09667E-1 3.00183E-1 3.07625E-1 3.08072E-1 3.12239E-1 3.05552E-1 3.08139E-1 3.16072E-1 3.2073E-1 3.12955E-1 3.08591E-1 3.10143E-1 3.06125E-1 3.09483E-1 3.14671E-1 3.16874E-1 3.2005E-1 3.20708E-1 3.22054E-1 3.28851E-1 3.26199E-1 3.22412E-1 3.15278E-1 3.1195E-1
3.07102E-1 3.0255E-1 2.92293E-1 2.95154E-1 2.96117E-1 3.01747E-1 3.00424E-1 2.98664E-1 3.00389E-1 2.98406E-1 3.05207E-1 3.01969E-1 3.05058E-1 2.9953E-1 3.04312E-1 3.02692E-1 3.00118E-1 2.98386E-1 2.98785E-1 3.00334E-1 2.99628E-1 2.98355E-1 2.91812E-1 2.88665E-1 2.83255E-1 2.77453E-1 2.72822E-1 2.80211E-1 2.84755E-1 2.91259E-1 2.93389E-1 2.94205E-1 3.01415E-1 2.97603E-1 2.99851E-1 3.02501E-1 2.96936E-1 3.03339E-1 3.06841E-1 3.09464E-1 3.11211E-1 3.13046E-1 3.09894E-1 3.11235E-1 3.16695E-1 3.17053E-1 3.07085E-1 3.03994E-1 3.04943E-1 3.09307E-1 3.09938E-1 3.10467E-1 3.20235E-1 3.29718E-1 3.33624E-1 3.37774E-1 3.38503E-1 3.39922E-1 3.22425E-1 3.16209E-1 3.15826E-1
3.1531E-1 3.13048E-1 3.01583E-1 3.0042E-1 2.9735E-1 2.95532E-1 2.97301E-1 3.00276E-1 3.03767E-1 2.98336E-1 2.98456E-1 3.01215E-1 3.038E-1 3.06648E-1 3.10466E-1 3.13363E-1 3.0872E-1 3.0142E-1 3.01067E-1 3.01944E-1 3.04332E-1 2.9959E-1 2.96752E-1 2.94145E-1 2.8806E-1 2.81733E-1 2.84254E-1 2.87471E-1 2.92429E-1 3.00924E-1 3.03425E-1 3.07484E-1 3.11748E-1 3.02874E-1 2.93732E-1 2.94661E-1 3.00738E-1 3.07053E-1 3.12669E-1 3.14478E-1 3.12211E-1 3.09584E-1 2.99847E-1 3.01442E-1 3.16392E-1 3.12309E-1 3.0225E-1 3.01614E-1 3.06196E-1 3.0922E-1 3.13191E-1 3.19025E-1 3.15269E-1 3.1627E-1 3.26716E-1 3.33756E-1 3.44912E-1 3.43511E-1 3.32337E-1 3.28036E-1 3.27813E-1
3.21366E-1 3.24497E-1 3.16973E-1 3.15863E-1 3.1223E-1 3.04782E-1 2.94868E-1 3.10582E-1 3.01198E-1 2.97144E-1 2.94439E-1 2.96623E-1 3.00095E-1 3.0757E-1 3.19203E-1 3.24098E-1 3.12498E-1 3.04548E-1 3.0719E-1 3.07934E-1 3.11718E-1 3.10538E-1 3.04542E-1 2.97528E-1 2.93865E-1 2.89974E-1 2.87925E-1 2.88954E-1 2.90047E-1 2.94374E-1 2.98503E-1 3.00931E-1 3.1037E-1 3.08812E-1 3.00196E-1 2.98584E-1 2.99464E-1 3.09506E-1 3.15331E-1 3.13508E-1 3.07895E-1 3.01404E-1 3.03845E-1 3.08786E-1 3.14039E-1 3.09592E-1 3.02818E-1 3.03756E-1 3.14496E-1 3.2128E-1 3.21547E-1 3.37195E-1 3.4036E-1 3.39138E-1 3.42533E-1 3.38725E-1 3.3808E-1 3.36746E-1 3.3276E-1 3.19345E-1 3.22789E-1
3.40016E-1 3.32527E-1 3.35066E-1 3.30737E-1 3.17715E-1 3.11424E-1 3.03575E-1 2.9401E-1 2.8914E-1 2.90546E-1 2.88396E-1 2.9024E-1 2.96293E-1 3.02099E-1 3.08557E-1 3.19781E-1 3.09102E-1 3.06924E-1 3.10559E-1 3.11838E-1 3.14198E-1 3.1639E-1 3.10651E-1 3.03637E-1 3.03009E-1 2.9971E-1 3.00847E-1 2.97923E-1 2.93018E-1 2.91392E-1 2.94475E-1 3.05141E-1 3.13219E-1 3.18678E-1 3.10924E-1 3.08216E-1 3.06943E-1 3.03025E-1 3.03638E-1 3.00527E-1 3.00007E-1 3.04662E-1 3.07537E-1 3.07485E-1 3.08918E-1 3.05012E-1 3.0699E-1 3.11853E-1 3.27635E-1 3.35944E-1 3.35371E-1 3.35404E-1 3.5585E-1 3.55757E-1 3.37423E-1 3.46036E-1 3.4959E-1 3.49735E-1 3.40538E-1 3.31779E-1 3.21256E-1
3.2811E-1 3.33465E-1 3.32174E-1 3.22529E-1 3.22693E-1 3.20115E-1 3.23832E-1 3.06778E-1 3.01576E-1 2.96483E-1 2.92375E-1 2.9156E-1 2.90233E-1 2.94829E-1 3.03036E-1 3.05946E-1 3.04417E-1 3.04324E-1 3.0842E-1 3.14171E-1 3.14807E-1 3.09908E-1 3.10443E-1 3.09597E-1 3.06692E-1 3.03786E-1 3.06277E-1 3.06784E-1 3.03497E-1 3.01758E-1 3.05797E-1 3.16081E-1 3.25656E-1 3.27375E-1 3.21222E-1 3.11438E-1 3.0664E-1 3.05556E-1 3.00424E-1 2.93191E-1 2.93809E-1 3.03154E-1 3.08918E-1 3.05308E-1 3.04606E-1 3.16201E-1 3.17807E-1 3.19604E-1 3.25457E-1 3.30423E-1 3.37638E-1 3.34199E-1 3.43658E-1 3.47039E-1 3.32169E-1 3.40182E-1 3.34517E-1 3.42542E-1 3.48053E-1 3.39074E-1 3.31831E-1
3.29553E-1 3.17254E-1 3.16043E-1 3.14321E-1 3.1742E-1 3.15851E-1 3.18225E-1 3.25402E-1 3.3291E-1 3.29418E-1 3.09255E-1 3.04453E-1 2.97629E-1 2.93161E-1 2.94728E-1 3.01965E-1 3.05104E-1 3.04256E-1 3.0843E-1 3.14232E-1 3.16006E-1 3.14691E-1 3.15352E-1 3.14987E-1 3.10385E-1 3.06804E-1 3.08947E-1 3.04921E-1 3.09727E-1 3.12744E-1 3.1578E-1 3.21294E-1 3.26617E-1 3.26736E-1 3.20229E-1 3.12005E-1 3.07651E-1 3.08748E-1 3.04996E-1 3.08458E-1 3.08952E-1 3.11536E-1 3.15229E-1 3.17792E-1 3.17101E-1 3.19566E-1 3.15907E-1 3.1332E-1 3.14515E-1 3.20235E-1 3.2977E-1 3.37529E-1 3.32425E-1 3.49914E-1 3.30633E-1 3.32004E-1 3.27073E-1 3.2864E-1 3.46892E-1 3.42843E-1 3.27372E-1
3.32055E-1 3.2524E-1 3.21256E-1 3.10333E-1 3.09135E-1 3.14007E-1 3.15067E-1 3.19203E-1 3.18319E-1 3.2426E-1 3.34038E-1 3.26409E-1 3.11539E-1 3.02786E-1 2.98471E-1 3.00523E-1 3.00061E-1 3.01741E-1 3.06609E-1 3.12264E-1 3.15762E-1 3.17141E-1 3.18233E-1 3.17696E-1 3.1366E-1 3.07316E-1 3.06447E-1 3.09307E-1 3.14703E-1 3.12119E-1 3.15399E-1 3.17744E-1 3.22298E-1 3.19165E-1 3.16483E-1 3.09662E-1 3.03292E-1 3.02234E-1 3.03867E-1 3.12203E-1 3.17432E-1 3.20102E-1 3.20991E-1 3.19702E-1 3.16946E-1 3.11574E-1 3.03842E-1 3.0324E-1 3.0822E-1 3.19377E-1 3.29287E-1 3.28514E-1 3.25328E-1 3.45001E-1 3.42199E-1 3.36537E-1 3.29224E-1 3.31362E-1 3.33533E-1 3.34512E-1 3.25863E-1
3.32497E-1 3.28576E-1 3.23005E-1 3.13739E-1 3.12101E-1 3.15064E-1 3.17972E-1 3.18029E-1 3.15439E-1 3.17195E-1 3.26149E-1 3.40876E-1 3.19197E-1 3.10323E-1 3.06467E-1 3.03554E-1 3.02572E-1 3.04782E-1 3.07953E-1 3.15929E-1 3.19533E-1 3.24554E-1 3.244E-1 3.19742E-1 3.15392E-1 3.07349E-1 3.04595E-1 3.06259E-1 3.11083E-1 3.17937E-1 3.17716E-1 3.1343E-1 3.17618E-1 3.19335E-1 3.15198E-1 3.10783E-1 3.02224E-1 2.99729E-1 3.07886E-1 3.14402E-1 3.16777E-1 3.13887E-1 3.13535E-1 3.21113E-1 3.20939E-1 3.15221E-1 3.11837E-1 3.14409E-1 3.05908E-1 3.1033E-1 3.13365E-1 3.12383E-1 3.20071E-1 3.3271E-1 3.2945E-1 3.25539E-1 3.25679E-1 3.39617E-1 3.35546E-1 3.294E-1 3.23401E-1
3.27099E-1 3.27915E-1 3.204E-1 3.14848E-1 3.14889E-1 3.18405E-1 3.20444E-1 3.20422E-1 3.23996E-1 3.2437E-1 3.2578E-1 3.31447E-1 3.23384E-1 3.16184E-1 3.14063E-1 3.1173E-1 3.08044E-1 3.09463E-1 3.08778E-1 3.1706E-1 3.20059E-1 3.19938E-1 3.21512E-1 3.16934E-1 3.11958E-1 3.04922E-1 3.0042E-1 3.04295E-1 3.08157E-1 3.13806E-1 3.16882E-1 3.17624E-1 3.16632E-1 3.16824E-1 3.16641E-1 3.12407E-1 3.0212E-1 2.99322E-1 3.01789E-1 3.06822E-1 3.12932E-1 3.06684E-1 3.05638E-1 3.03585E-1 3.08014E-1 3.10215E-1 3.13604E-1 3.08451E-1 2.94624E-1 2.8891E-1 2.97627E-1 3.11724E-1 3.34715E-1 3.3927E-1 3.25747E-1 3.21458E-1 3.28426E-1 3.3626E-1 3.34573E-1 3.24112E-1 3.25446E-1
3.14106E-1 3.19006E-1 3.14453E-1 3.1414E-1 3.10539E-1 3.15083E-1 3.18116E-1 3.23002E-1 3.30802E-1 3.38776E-1 3.33378E-1 3.26247E-1 3.20045E-1 3.17268E-1 3.16296E-1 3.11945E-1 3.10543E-1 3.12721E-1 3.07797E-1 3.17576E-1 3.21003E-1 3.21077E-1 3.21728E-1 3.2148E-1 3.18198E-1 3.04543E-1 2.9768E-1 3.03264E-1 3.07003E-1 3.13346E-1 3.15508E-1 3.28331E-1 3.24889E-1 3.32501E-1 3.27968E-1 3.14393E-1 3.13002E-1 3.0621E-1 3.03209E-1 3.09102E-1 3.10342E-1 3.12164E-1 3.04122E-1 3.00529E-1 2.9914E-1 3.07214E-1 3.08762E-1 3.06777E-1 3.015E-1 3.00696E-1 3.17883E-1 3.31682E-1 3.29352E-1 3.34529E-1 3.35635E-1 3.28313E-1 3.17281E-1 3.22028E-1 3.27754E-1 3.20379E-1 3.1214E-1
3.07946E-1 3.12537E-1 3.12573E-1 3.09023E-1 3.11893E-1 3.11984E-1 3.10004E-1 3.08293E-1 3.17809E-1 3.24959E-1 3.21579E-1 3.15934E-1 3.20524E-1 3.20608E-1 3.13393E-1 3.14337E-1 3.11466E-1 3.12972E-1 3.14333E-1 3.27927E-1 3.31549E-1 3.29E-1 3.26382E-1 3.18847E-1 3.12935E-1 3.11809E-1 2.96353E-1 3.04737E-1 3.09855E-1 3.11642E-1 3.10526E-1 3.23691E-1 3.24134E-1 3.24689E-1 3.26652E-1 3.27882E-1 3.27772E-1 3.26929E-1 3.18554E-1 3.10124E-1 3.03566E-1 2.99727E-1 2.90365E-1 2.96062E-1 3.02338E-1 3.08535E-1 3.01961E-1 3.17364E-1 3.18682E-1 3.1959E-1 3.20398E-1 3.14421E-1 3.14451E-1 3.22464E-1 3.25589E-1 3.16078E-1 3.15077E-1 3.19017E-1 3.21871E-1 3.24882E-1 3.15353E-1
3.13427E-1 3.15356E-1 3.10289E-1 3.12898E-1 3.12956E-1 3.10431E-1 3.17894E-1 3.21154E-1 3.15962E-1 3.13226E-1 3.04688E-1 2.99244E-1 3.02243E-1 3.1049E-1 3.134E-1 3.15756E-1 3.19227E-1 3.12904E-1 3.16269E-1 3.1711E-1 3.19582E-1 3.22245E-1 3.20257E-1 3.17062E-1 3.10165E-1 3.02186E-1 2.97955E-1 2.9944E-1 3.0356E-1 3.07024E-1 3.09822E-1 3.1363E-1 3.15155E-1 3.21116E-1 3.27205E-1 3.30215E-1 3.29226E-1 3.23499E-1 3.19687E-1 3.14057E-1 3.13014E-1 3.13152E-1 3.09233E-1 3.0011E-1 2.96989E-1 2.93169E-1 2.90965E-1 2.96862E-1 3.07977E-1 3.04378E-1 3.06568E-1 3.09103E-1 3.06776E-1 3.15484E-1 3.24469E-1 3.02173E-1 3.15251E-1 3.08137E-1 3.1025E-1 3.19713E-1 3.19845E-1
3.21942E-1 3.22277E-1 3.15139E-1 3.16901E-1 3.23002E-1 3.21097E-1 3.1517E-1 3.12522E-1 3.15672E-1 3.13658E-1 2.97306E-1 2.91328E-1 2.94182E-1 3.07635E-1 3.14316E-1 3.1692E-1 3.238E-1 3.22351E-1 3.19305E-1 3.17134E-1 3.14891E-1 3.16143E-1 3.08202E-1 3.08457E-1 3.09884E-1 3.00354E-1 2.94929E-1 2.92978E-1 3.01232E-1 3.04735E-1 3.05322E-1 3.02649E-1 3.09343E-1 3.17951E-1 3.23146E-1 3.25382E-1 3.26231E-1 3.20776E-1 3.15924E-1 3.15197E-1 3.14391E-1 3.10614E-1 3.07955E-1 3.03886E-1 2.95782E-1 3.01773E-1 2.9409E-1 2.91157E-1 2.78835E-1 2.77355E-1 2.86241E-1 3.04473E-1 3.08215E-1 3.15984E-1 3.20234E-1 2.98259E-1 2.99374E-1 3.00653E-1 3.21672E-1 3.15652E-1 3.01581E-1
3.23138E-1 3.23941E-1 3.23551E-1 3.17605E-1 3.1797E-1 3.18627E-1 3.09993E-1 3.048E-1 3.07967E-1 3.1274E-1 3.11322E-1 3.03545E-1 3.07383E-1 3.10694E-1 3.11806E-1 3.15975E-1 3.21598E-1 3.19363E-1 3.13032E-1 3.13058E-1 3.08322E-1 3.15058E-1 3.12598E-1 3.01032E-1 3.0172E-1 2.94395E-1 3.03654E-1 2.98747E-1 3.0356E-1 3.03988E-1 3.03106E-1 2.99773E-1 3.11475E-1 3.14858E-1 3.16077E-1 3.231E-1 3.21146E-1 3.15727E-1 3.12059E-1 3.11462E-1 3.14501E-1 3.14002E-1 3.07466E-1 3.0255E-1 2.94549E-1 2.94496E-1 2.94107E-1 2.91427E-1 2.8777E-1 2.86591E-1 2.84131E-1 2.93975E-1 3.0356E-1 3.06663E-1 3.0436E-1 3.0059E-1 2.9836E-1 3.0827E-1 3.26919E-1 3.37823E-1 3.13528E-1
3.19057E-1 3.18638E-1 3.17928E-1 3.20494E-1 3.24837E-1 3.1913E-1 3.07314E-1 2.99628E-1 3.16017E-1 3.17835E-1 3.18257E-1 3.18873E-1 3.11886E-1 3.08307E-1 3.10156E-1 3.12963E-1 3.15802E-1 3.21175E-1 3.18969E-1 3.09713E-1 3.07895E-1 3.14619E-1 3.14981E-1 3.0149E-1 2.96008E-1 2.93706E-1 3.04266E-1 3.02748E-1 3.07789E-1 3.09208E-1 3.06117E-1 3.03463E-1 3.06392E-1 3.07889E-1 3.08609E-1 3.15049E-1 3.14858E-1 3.14657E-1 3.13874E-1 3.11687E-1 3.13829E-1 3.12818E-1 3.0813E-1 3.0527E-1 2.95691E-1 2.92513E-1 2.95604E-1 2.95343E-1 2.94045E-1 2.95486E-1 2.91719E-1 2.97369E-1 3.02349E-1 2.99141E-1 3.0318E-1 3.06903E-1 3.07921E-1 3.12532E-1 3.20429E-1 3.27873E-1 3.20956E-1
3.22359E-1 3.21966E-1 3.1801E-1 3.15165E-1 3.18927E-1 3.20639E-1 3.19235E-1 3.12741E-1 3.1831E-1 3.1387E-1 3.13528E-1 3.14949E-1 3.11672E-1 3.10565E-1 3.1336E-1 3.14108E-1 3.26845E-1 3.16751E-1 3.13697E-1 3.17129E-1 3.12111E-1 3.09443E-1 3.0718E-1 3.07035E-1 3.00541E-1 2.99572E-1 3.03726E-1 3.039E-1 3.02477E-1 3.03859E-1 3.0395E-1 3.04611E-1 3.01303E-1 3.00305E-1 3.03466E-1 3.05466E-1 3.0901E-1 3.12601E-1 3.10809E-1 3.10406E-1 3.16882E-1 3.1582E-1 3.14278E-1 3.09144E-1 3.0362E-1 2.98746E-1 2.98785E-1 2.96083E-1 2.94539E-1 2.91035E-1 2.92095E-1 2.97535E-1 3.03658E-1 3.05824E-1 3.14384E-1 3.23964E-1 3.2294E-1 3.25674E-1 3.34472E-1 3.29654E-1 3.13685E-1
3.27248E-1 3.19609E-1 3.10583E-1 3.08556E-1 3.09451E-1 3.15133E-1 3.21734E-1 3.2109E-1 3.15862E-1 3.16573E-1 3.09679E-1 3.03015E-1 3.07664E-1 3.17672E-1 3.20624E-1 3.27082E-1 3.26762E-1 3.22662E-1 3.21178E-1 3.18475E-1 3.13682E-1 3.14909E-1 3.14359E-1 3.11645E-1 3.09843E-1 3.06976E-1 3.07292E-1 3.07575E-1 3.06327E-1 3.05425E-1 3.08695E-1 3.13966E-1 3.08432E-1 3.04651E-1 3.06161E-1 3.03943E-1 3.07413E-1 3.07726E-1 3.13328E-1 3.1626E-1 3.23897E-1 3.22226E-1 3.1931E-1 3.14907E-1 3.10145E-1 3.08052E-1 3.0399E-1 2.98584E-1 2.97384E-1 2.95815E-1 2.93365E-1 2.92247E-1 2.92127E-1 2.87682E-1 2.98922E-1 3.03163E-1 3.07132E-1 3.15824E-1 3.21733E-1 3.22668E-1 3.30829E-1
3.09384E-1 3.06874E-1 2.93881E-1 2.94154E-1 2.97062E-1 3.08889E-1 3.17204E-1 3.17279E-1 3.15069E-1 3.15411E-1 3.15207E-1 3.12586E-1 3.1628E-1 3.12965E-1 3.06588E-1 3.10516E-1 3.15381E-1 3.24639E-1 3.2209E-1 3.1755E-1 3.14309E-1 3.11891E-1 3.18412E-1 3.1354E-1 3.07276E-1 3.12659E-1 3.1336E-1 3.09222E-1 3.05015E-1 3.02062E-1 3.00931E-1 3.02803E-1 3.06255E-1 3.03619E-1 3.00645E-1 3.03619E-1 3.10152E-1 3.1453E-1 3.19244E-1 3.22421E-1 3.25152E-1 3.28806E-1 3.23698E-1 3.20181E-1 3.10284E-1 3.11896E-1 3.13739E-1 3.06527E-1 2.95259E-1 2.97124E-1 2.9945E-1 3.00341E-1 2.9908E-1 2.95154E-1 2.90575E-1 2.87298E-1 2.9358E-1 3.03467E-1 3.08542E-1 3.13963E-1 3.29347E-1
3.04916E-1 2.99334E-1 2.90488E-1 2.8662E-1 2.91162E-1 3.02201E-1 3.08451E-1 3.10744E-1 3.11097E-1 3.11475E-1 3.10187E-1 3.13045E-1 3.14281E-1 3.11007E-1 3.07596E-1 3.1103E-1 3.1251E-1 3.11396E-1 3.10629E-1 3.1149E-1 3.14689E-1 3.12831E-1 3.20333E-1 3.26497E-1 3.14191E-1 3.05011E-1 3.0521E-1 2.94791E-1 2.91942E-1 2.88431E-1 2.90972E-1 2.98082E-1 2.97906E-1 2.97943E-1 3.0044E-1 3.01402E-1 3.09677E-1 3.1868E-1 3.24325E-1 3.26628E-1 3.3225E-1 3.34162E-1 3.25283E-1 3.14309E-1 3.0844E-1 3.07796E-1 3.10461E-1 3.08946E-1 3.0338E-1 2.97952E-1 3.02881E-1 3.07029E-1 3.1136E-1 3.04522E-1 2.91594E-1 2.8393E-1 2.93934E-1 3.00002E-1 3.0381E-1 3.04243E-1 3.21505E-1
2.99524E-1 2.90706E-1 2.87749E-1 2.89305E-1 2.92811E-1 2.99305E-1 3.04673E-1 3.12687E-1 3.10556E-1 3.14973E-1 3.1852E-1 3.19986E-1 3.22076E-1 3.17845E-1 3.13788E-1 3.1388E-1 3.14776E-1 3.10954E-1 3.05917E-1 3.02649E-1 3.0762E-1 3.11393E-1 3.15116E-1 3.26969E-1 3.38223E-1 3.23221E-1 3.02789E-1 2.93643E-1 2.86382E-1 2.88017E-1 2.89844E-1 2.90565E-1 2.92804E-1 3.02998E-1 3.0322E-1 3.05982E-1 3.07521E-1 3.13884E-1 3.18051E-1 3.23567E-1 3.25956E-1 3.27581E-1 3.22911E-1 3.14053E-1 3.07341E-1 3.06557E-1 3.06133E-1 3.06346E-1 3.06787E-1 3.02838E-1 3.0549E-1 3.06795E-1 3.08043E-1 2.97605E-1 2.90679E-1 2.86645E-1 2.90273E-1 2.97191E-1 3.07455E-1 3.14055E-1 3.14308E-1
3.0272E-1 2.97387E-1 3.00217E-1 3.04895E-1 3.029E-1 3.0892E-1 3.1463E-1 3.21744E-1 3.21203E-1 3.17222E-1 3.17045E-1 3.17836E-1 3.16001E-1 3.2007E-1 3.16892E-1 3.20418E-1 3.12437E-1 3.07715E-1 3.11871E-1 3.06679E-1 3.11101E-1 3.29796E-1 3.44027E-1 3.22266E-1 3.27132E-1 3.35583E-1 3.24049E-1 3.14114E-1 3.02029E-1 2.94455E-1 2.94535E-1 2.94831E-1 2.95873E-1 3.00475E-1 3.05832E-1 3.06856E-1 3.10201E-1 3.13663E-1 3.15589E-1 3.18669E-1 3.15994E-1 3.1604E-1 3.1151E-1 3.07074E-1 3.03286E-1 3.044E-1 3.0472E-1 3.03903E-1 3.04228E-1 3.02453E-1 2.97671E-1 3.05999E-1 3.0803E-1 2.97094E-1 2.89248E-1 2.9103E-1 2.95332E-1 3.01057E-1 3.09799E-1 3.11123E-1 3.01896E-1
3.24772E-1 3.2547E-1 3.25781E-1 3.37045E-1 3.38366E-1 3.4288E-1 3.37547E-1 3.26255E-1 3.22206E-1 3.21201E-1 3.19979E-1 3.16236E-1 3.19924E-1 3.1581E-1 3.07532E-1 3.09444E-1 3.08476E-1 3.14298E-1 3.20501E-1 3.14782E-1 3.20539E-1 3.21102E-1 3.18984E-1 3.18434E-1 3.14661E-1 3.26616E-1 3.2113E-1 3.16682E-1 3.17525E-1 3.01979E-1 3.15488E-1 3.13066E-1 3.08111E-1 3.04202E-1 3.092E-1 3.09239E-1 3.11214E-1 3.12741E-1 3.12156E-1 3.1109E-1 3.07369E-1 3.04133E-1 3.05393E-1 3.07632E-1 3.0376E-1 2.98988E-1 2.96381E-1 2.97456E-1 3.00089E-1 3.01953E-1 2.9424E-1 3.03634E-1 3.17833E-1 3.06124E-1 2.99094E-1 2.93946E-1 3.00138E-1 3.08525E-1 3.08437E-1 2.98541E-1 2.88301E-1
3.38694E-1 3.38023E-1 3.38886E-1 3.44089E-1 3.50945E-1 3.51676E-1 3.38457E-1 3.20857E-1 3.15909E-1 3.137E-1 3.10671E-1 3.15136E-1 3.144E-1 3.18727E-1 3.17827E-1 3.08726E-1 3.01098E-1 3.01054E-1 3.13025E-1 3.19196E-1 3.22446E-1 3.25332E-1 3.27751E-1 3.25633E-1 3.20552E-1 3.14591E-1 3.13922E-1 3.02937E-1 3.14264E-1 3.39814E-1 3.47146E-1 3.20508E-1 3.13129E-1 3.22523E-1 3.13834E-1 3.14363E-1 3.12532E-1 3.13792E-1 3.12576E-1 3.08201E-1 3.02227E-1 2.9788E-1 3.01576E-1 3.09488E-1 3.0692E-1 3.01326E-1 2.90774E-1 2.88339E-1 2.92385E-1 2.97859E-1 3.00518E-1 3.11547E-1 3.16341E-1 3.22848E-1 3.14455E-1 3.09844E-1 3.03848E-1 3.01517E-1 3.05735E-1 2.98123E-1 2.87981E-1
3.20317E-1 3.17256E-1 3.13945E-1 3.2919E-1 3.46604E-1 3.49801E-1 3.27034E-1 3.21122E-1 3.15037E-1 3.11441E-1 3.07022E-1 3.07536E-1 3.23912E-1 3.26659E-1 3.18698E-1 3.0474E-1 2.97497E-1 2.91802E-1 3.05235E-1 3.12601E-1 3.21953E-1 3.27796E-1 3.29479E-1 3.18708E-1 3.2081E-1 3.34447E-1 3.28375E-1 3.21183E-1 3.28483E-1 3.45269E-1 3.56434E-1 3.52223E-1 3.38649E-1 3.32314E-1 3.2396E-1 3.19739E-1 3.15873E-1 3.17578E-1 3.12049E-1 3.06651E-1 3.02916E-1 3.00257E-1 2.96428E-1 3.01931E-1 3.05365E-1 2.98505E-1 2.87295E-1 2.81425E-1 2.89341E-1 3.00699E-1 3.05889E-1 3.09323E-1 3.07311E-1 3.20469E-1 3.20241E-1 3.16697E-1 3.03702E-1 3.01498E-1 3.06073E-1 3.04458E-1 2.98825E-1
