maxent_outputs/white_flowers_troch_bombus_environ/white_128.asc
ncols         426
nrows         180
xllcorner     -130.0
yllcorner     24.0
cellsize      0.16666666666666666
NODATA_value  -9999
[rows 0 to 26 of 180, columns 61 to 121 of 426]
5.19495E-1 5.15149E-1 5.25172E-1 5.10035E-1 4.91394E-1 4.86652E-1 4.81538E-1 4.74215E-1 4.65361E-1 4.56121E-1 4.47745E-1 4.41929E-1 4.33871E-1 4.29195E-1 4.23451E-1 4.15672E-1 4.20698E-1 4.13846E-1 4.04355E-1 3.94773E-1 3.96451E-1 3.97485E-1 3.97711E-1 3.97386E-1 3.96338E-1 3.92055E-1 3.83264E-1 3.68079E-1 3.69462E-1 3.74552E-1 3.80961E-1 3.87774E-1 4.00443E-1 4.02083E-1 4.04733E-1 3.89948E-1 3.82137E-1 3.79232E-1 3.87841E-1 3.9133E-1 3.84485E-1 3.81459E-1 3.72523E-1 3.73918E-1 3.73865E-1 3.70603E-1 3.7769E-1 3.82708E-1 3.84521E-1 3.81429E-1 3.81965E-1 3.86585E-1 3.83184E-1 3.83226E-1 3.81092E-1 3.77537E-1 3.7901E-1 3.79392E-1 3.80026E-1 3.78026E-1 3.81882E-1
5.19974E-1 5.14479E-1 5.26396E-1 5.17107E-1 5.05489E-1 5.01177E-1 4.90605E-1 4.82843E-1 4.65826E-1 4.57197E-1 4.49056E-1 4.43723E-1 4.35748E-1 4.30951E-1 4.2243E-1 4.21669E-1 4.20677E-1 4.07893E-1 4.0308E-1 4.0466E-1 4.01369E-1 3.88494E-1 3.83485E-1 3.80288E-1 3.75753E-1 3.76655E-1 3.84753E-1 3.73769E-1 3.77846E-1 3.85666E-1 3.95256E-1 3.99973E-1 4.07317E-1 4.02279E-1 4.08229E-1 4.03689E-1 3.80913E-1 3.82545E-1 3.79881E-1 3.84056E-1 3.86326E-1 3.86012E-1 3.89336E-1 3.78314E-1 3.79365E-1 3.79592E-1 3.76114E-1 3.83067E-1 3.84635E-1 3.85977E-1 3.8476E-1 3.83827E-1 3.80811E-1 3.80539E-1 3.78311E-1 3.75048E-1 3.7151E-1 3.71229E-1 3.71324E-1 3.69187E-1 3.71185E-1
5.32836E-1 5.32967E-1 5.18197E-1 5.21589E-1 4.94286E-1 4.98143E-1 4.91356E-1 4.91577E-1 4.85034E-1 4.71617E-1 4.48687E-1 4.42841E-1 4.39043E-1 4.28744E-1 4.1844E-1 4.19477E-1 4.18877E-1 4.15828E-1 4.08738E-1 3.98633E-1 3.8917E-1 3.89274E-1 3.85702E-1 3.86862E-1 3.83083E-1 3.85375E-1 3.85986E-1 3.78645E-1 3.76676E-1 3.85385E-1 3.98738E-1 4.03493E-1 4.03755E-1 3.98757E-1 3.99759E-1 3.9902E-1 3.95236E-1 3.99318E-1 3.99517E-1 3.96874E-1 3.93611E-1 3.94464E-1 3.92806E-1 3.80411E-1 3.78404E-1 3.8044E-1 3.76687E-1 3.8629E-1 3.89837E-1 3.859E-1 3.82294E-1 3.80137E-1 3.83381E-1 3.77816E-1 3.76399E-1 3.73525E-1 3.69426E-1 3.69704E-1 3.67649E-1 3.64335E-1 3.59672E-1
5.36231E-1 5.20146E-1 4.92086E-1 5.24037E-1 5.00548E-1 4.80863E-1 4.81774E-1 4.95848E-1 4.88269E-1 4.84612E-1 4.66598E-1 4.45887E-1 4.37331E-1 4.29113E-1 4.21627E-1 4.1758E-1 4.1761E-1 4.15653E-1 4.12289E-1 4.02185E-1 4.02306E-1 3.97705E-1 3.93457E-1 3.90926E-1 3.92037E-1 3.90587E-1 3.94566E-1 3.90222E-1 3.89337E-1 3.85947E-1 3.84949E-1 3.93914E-1 4.05462E-1 3.93513E-1 3.93122E-1 3.87757E-1 3.93144E-1 3.9352E-1 3.89648E-1 3.88805E-1 3.99014E-1 4.00322E-1 4.02183E-1 3.99895E-1 3.81802E-1 3.78935E-1 3.80347E-1 3.84247E-1 3.88593E-1 3.85809E-1 3.82658E-1 3.80476E-1 3.81251E-1 3.77629E-1 3.74748E-1 3.72853E-1 3.72971E-1 3.74498E-1 3.72227E-1 3.69477E-1 3.65772E-1
5.69919E-1 5.57693E-1 5.24735E-1 5.07725E-1 4.94173E-1 4.79893E-1 4.96073E-1 5.0313E-1 4.9795E-1 4.93573E-1 4.8113E-1 4.60482E-1 4.47491E-1 4.29922E-1 4.20912E-1 4.22452E-1 4.20289E-1 4.1835E-1 4.12914E-1 4.03538E-1 4.01255E-1 3.973E-1 3.9549E-1 3.93058E-1 3.90302E-1 3.89744E-1 3.87198E-1 3.87513E-1 3.82814E-1 3.84754E-1 3.87913E-1 3.94914E-1 4.02944E-1 4.00462E-1 3.97907E-1 3.97991E-1 3.95458E-1 3.9336E-1 3.87256E-1 3.79336E-1 3.84376E-1 3.94923E-1 3.99474E-1 3.98664E-1 3.91891E-1 3.87547E-1 3.87645E-1 3.7987E-1 3.86278E-1 3.90954E-1 3.82947E-1 3.85972E-1 3.82681E-1 3.82347E-1 3.81706E-1 3.78329E-1 3.75788E-1 3.76035E-1 3.7563E-1 3.76859E-1 3.73467E-1
5.69695E-1 5.77087E-1 5.61711E-1 5.54903E-1 5.30164E-1 5.12378E-1 4.93683E-1 4.90861E-1 4.91491E-1 5.08847E-1 4.88659E-1 4.83393E-1 4.74927E-1 4.60235E-1 4.3936E-1 4.2359E-1 4.22888E-1 4.1991E-1 4.12707E-1 4.05761E-1 4.01616E-1 3.95379E-1 3.93381E-1 3.9115E-1 3.94298E-1 3.94268E-1 3.94535E-1 3.94015E-1 3.91961E-1 3.85919E-1 3.86107E-1 3.91368E-1 3.97699E-1 4.00833E-1 4.05437E-1 4.03513E-1 3.98513E-1 3.93928E-1 3.8749E-1 3.85224E-1 3.84786E-1 3.85746E-1 3.90617E-1 3.91165E-1 3.87534E-1 3.85318E-1 3.87123E-1 3.82301E-1 3.86095E-1 3.89168E-1 3.87881E-1 3.86772E-1 3.80608E-1 3.81264E-1 3.83828E-1 3.78247E-1 3.76086E-1 3.73392E-1 3.71682E-1 3.71535E-1 3.76398E-1
5.51551E-1 5.73164E-1 5.53631E-1 5.73015E-1 5.54289E-1 5.62594E-1 5.51921E-1 5.30492E-1 5.21547E-1 5.20126E-1 4.90151E-1 5.04649E-1 4.87651E-1 4.75576E-1 4.64611E-1 4.49398E-1 4.28945E-1 4.18344E-1 4.1E-1 4.06544E-1 4.0007E-1 3.95972E-1 3.95216E-1 3.95476E-1 3.95089E-1 3.91166E-1 3.94993E-1 3.95973E-1 3.95972E-1 3.79857E-1 3.83155E-1 3.83927E-1 3.92568E-1 3.98519E-1 3.98371E-1 3.93233E-1 3.9364E-1 3.99422E-1 3.96405E-1 3.9018E-1 3.91062E-1 3.92204E-1 3.96663E-1 3.90613E-1 3.85547E-1 3.84121E-1 3.86202E-1 3.82088E-1 3.77576E-1 3.86525E-1 3.87171E-1 3.85847E-1 3.83168E-1 3.80501E-1 3.81004E-1 3.78675E-1 3.79215E-1 3.71712E-1 3.68066E-1 3.73981E-1 3.75196E-1
5.23161E-1 5.39507E-1 5.76372E-1 5.66204E-1 5.81443E-1 5.62698E-1 5.48617E-1 5.62884E-1 5.41882E-1 5.06648E-1 5.06605E-1 5.00044E-1 4.78464E-1 4.59937E-1 4.69702E-1 4.69951E-1 4.59681E-1 4.39779E-1 4.16431E-1 4.1021E-1 4.06197E-1 4.00048E-1 3.97943E-1 3.98212E-1 3.9394E-1 3.95051E-1 3.95354E-1 3.93468E-1 3.94228E-1 3.8856E-1 3.86916E-1 3.84005E-1 3.90787E-1 3.90478E-1 3.91971E-1 3.87643E-1 3.86179E-1 3.94842E-1 4.00799E-1 3.99122E-1 3.98238E-1 3.97439E-1 4.0407E-1 4.06167E-1 3.9684E-1 3.92639E-1 3.90235E-1 3.85574E-1 3.8041E-1 3.79168E-1 3.81675E-1 3.8321E-1 3.77102E-1 3.7489E-1 3.75701E-1 3.77622E-1 3.77064E-1 3.72409E-1 3.75195E-1 3.72286E-1 3.83017E-1
5.57204E-1 5.62807E-1 5.70809E-1 5.85165E-1 5.86474E-1 5.80422E-1 5.7035E-1 5.43782E-1 5.14635E-1 4.98189E-1 5.20374E-1 4.91614E-1 4.89346E-1 4.60969E-1 4.42834E-1 4.3542E-1 4.54581E-1 4.55482E-1 4.49179E-1 4.35174E-1 4.15868E-1 4.06023E-1 3.96142E-1 3.95913E-1 3.95025E-1 3.90897E-1 3.94793E-1 3.92866E-1 3.9272E-1 3.84766E-1 3.80902E-1 3.83403E-1 3.82308E-1 3.89779E-1 3.93707E-1 3.93906E-1 3.88297E-1 3.9331E-1 3.97017E-1 3.95356E-1 3.95785E-1 3.94634E-1 3.96258E-1 4.01207E-1 3.9613E-1 3.97587E-1 3.94884E-1 3.9284E-1 3.88826E-1 3.92177E-1 3.9244E-1 3.8877E-1 3.82459E-1 3.78519E-1 3.7712E-1 3.77162E-1 3.79442E-1 3.79725E-1 3.84562E-1 3.82845E-1 3.82879E-1
5.92684E-1 5.62031E-1 5.83047E-1 5.87028E-1 5.90714E-1 5.42563E-1 5.83673E-1 5.75643E-1 5.60689E-1 5.07432E-1 4.92746E-1 4.84088E-1 4.89017E-1 4.8158E-1 4.54924E-1 4.51355E-1 4.51538E-1 4.70762E-1 4.56448E-1 4.59873E-1 4.27333E-1 4.08093E-1 4.02952E-1 3.97239E-1 3.99181E-1 3.92796E-1 3.92087E-1 3.93352E-1 3.91775E-1 3.76862E-1 3.69786E-1 3.76709E-1 3.82718E-1 3.90362E-1 3.92659E-1 3.91902E-1 3.88805E-1 3.94027E-1 3.93433E-1 3.92479E-1 3.86151E-1 3.96648E-1 3.97465E-1 3.99822E-1 3.93871E-1 3.96879E-1 4.04048E-1 4.00843E-1 3.96185E-1 3.89295E-1 3.87697E-1 3.83588E-1 3.81187E-1 3.75085E-1 3.71131E-1 3.75012E-1 3.73532E-1 3.74362E-1 3.75055E-1 3.75459E-1 3.82121E-1
6.01273E-1 5.92529E-1 5.78586E-1 5.88393E-1 5.91419E-1 5.43901E-1 5.45972E-1 5.90605E-1 5.69329E-1 5.17773E-1 5.19902E-1 4.75227E-1 4.73506E-1 4.8372E-1 4.77266E-1 4.64394E-1 4.57243E-1 4.5161E-1 4.61497E-1 4.81747E-1 4.47806E-1 4.35447E-1 4.19149E-1 4.06903E-1 4.00047E-1 3.98517E-1 3.94952E-1 3.91362E-1 3.89964E-1 3.85489E-1 3.81456E-1 3.84074E-1 3.84702E-1 3.71879E-1 3.8172E-1 3.84935E-1 3.90235E-1 3.92E-1 3.87776E-1 3.90372E-1 3.92574E-1 3.92485E-1 3.94539E-1 3.98253E-1 3.94735E-1 3.89694E-1 3.91215E-1 3.96936E-1 4.03146E-1 3.97075E-1 3.77056E-1 3.79945E-1 3.79542E-1 3.76454E-1 3.73959E-1 3.73502E-1 3.72878E-1 3.73431E-1 3.74784E-1 3.73924E-1 3.80159E-1
6.00278E-1 5.95003E-1 5.96721E-1 5.91737E-1 6.06487E-1 5.53313E-1 5.66332E-1 5.84989E-1 5.81789E-1 5.77884E-1 5.62033E-1 5.09393E-1 4.99395E-1 4.92006E-1 4.9726E-1 4.80827E-1 4.81304E-1 4.77745E-1 4.77596E-1 4.8744E-1 4.65344E-1 4.75672E-1 4.58092E-1 4.33081E-1 4.12695E-1 4.06351E-1 3.98049E-1 3.94727E-1 3.92532E-1 3.93062E-1 3.94177E-1 3.90274E-1 3.84025E-1 3.7886E-1 3.8064E-1 3.85644E-1 3.88401E-1 3.87994E-1 3.85791E-1 3.90229E-1 3.93275E-1 3.91284E-1 3.93384E-1 3.93817E-1 3.86251E-1 3.86614E-1 3.95345E-1 3.76779E-1 3.71435E-1 3.72171E-1 3.71441E-1 3.64157E-1 3.62719E-1 3.62541E-1 3.59853E-1 3.65353E-1 3.67919E-1 3.695E-1 3.68163E-1 3.68206E-1 3.72175E-1
6.12911E-1 5.98666E-1 6.05576E-1 6.03239E-1 6.04806E-1 5.85761E-1 6.00554E-1 5.97194E-1 5.88747E-1 5.5552E-1 5.67828E-1 5.75925E-1 5.48409E-1 5.07024E-1 5.13702E-1 5.15548E-1 4.75584E-1 4.91049E-1 5.03265E-1 4.91577E-1 4.78734E-1 4.583E-1 4.66936E-1 4.64273E-1 4.36949E-1 4.24208E-1 4.08125E-1 4.03463E-1 3.96096E-1 3.93262E-1 3.89956E-1 3.85749E-1 3.86608E-1 3.82961E-1 3.8754E-1 3.89062E-1 3.86797E-1 3.89855E-1 3.90673E-1 3.90058E-1 3.89819E-1 3.86934E-1 3.77376E-1 3.87698E-1 3.85337E-1 3.7825E-1 3.86336E-1 3.7943E-1 3.74658E-1 3.58401E-1 3.52931E-1 3.54957E-1 3.52687E-1 3.4355E-1 3.49652E-1 3.57027E-1 3.54093E-1 3.57493E-1 3.57563E-1 3.56021E-1 3.61543E-1
5.98499E-1 5.93609E-1 5.95537E-1 6.03767E-1 6.16055E-1 5.88794E-1 6.05362E-1 6.00673E-1 6.04342E-1 5.60304E-1 5.4283E-1 5.24539E-1 5.63963E-1 5.47878E-1 5.46807E-1 5.28533E-1 4.95408E-1 4.73889E-1 4.85853E-1 4.91065E-1 4.7172E-1 4.51086E-1 4.74323E-1 4.68995E-1 4.59892E-1 4.39459E-1 4.20583E-1 4.06769E-1 3.96847E-1 3.92804E-1 3.85871E-1 3.84109E-1 3.792E-1 3.81124E-1 3.86826E-1 3.88175E-1 3.89076E-1 3.86794E-1 3.90406E-1 3.91675E-1 3.86813E-1 3.83711E-1 3.77592E-1 3.78444E-1 3.86879E-1 3.86355E-1 3.82071E-1 3.79972E-1 3.82133E-1 3.5506E-1 3.4833E-1 3.47983E-1 3.54784E-1 3.48086E-1 3.44272E-1 3.56481E-1 3.5767E-1 3.52473E-1 3.53967E-1 3.51281E-1 3.51423E-1
5.87424E-1 5.89128E-1 6.05217E-1 6.0159E-1 6.21255E-1 6.22484E-1 6.13832E-1 6.04515E-1 6.27203E-1 6.27798E-1 6.05659E-1 5.33577E-1 5.59647E-1 5.66041E-1 5.28758E-1 5.27765E-1 5.24802E-1 5.10429E-1 4.9212E-1 4.69029E-1 4.69533E-1 4.63555E-1 4.47688E-1 4.72092E-1 4.68422E-1 4.55456E-1 4.30421E-1 4.1082E-1 3.98545E-1 3.89989E-1 3.86759E-1 3.86627E-1 3.81328E-1 3.802E-1 3.89191E-1 3.87858E-1 3.85265E-1 3.84405E-1 3.85315E-1 3.84768E-1 3.81938E-1 3.79511E-1 3.75015E-1 3.71773E-1 3.84087E-1 3.93986E-1 3.92687E-1 3.77085E-1 3.75918E-1 3.645E-1 3.49391E-1 3.51675E-1 3.48763E-1 3.50645E-1 3.48477E-1 3.51158E-1 3.51502E-1 3.50093E-1 3.53344E-1 3.58638E-1 3.5585E-1
6.04594E-1 5.99416E-1 6.11322E-1 6.09773E-1 6.18545E-1 6.2233E-1 6.3254E-1 6.30322E-1 6.17515E-1 6.32324E-1 6.06922E-1 5.60315E-1 5.63832E-1 5.71507E-1 5.6836E-1 5.51221E-1 5.19647E-1 5.35493E-1 4.994E-1 5.09049E-1 4.84897E-1 4.81101E-1 4.73911E-1 4.41723E-1 4.60113E-1 4.60516E-1 4.52704E-1 4.31314E-1 4.05901E-1 3.93485E-1 3.87931E-1 3.86397E-1 3.83613E-1 3.83682E-1 3.87624E-1 3.91368E-1 3.86771E-1 3.8258E-1 3.8087E-1 3.83041E-1 3.79541E-1 3.78236E-1 3.80975E-1 3.77631E-1 3.69186E-1 3.78374E-1 3.83576E-1 3.77457E-1 3.68634E-1 3.65305E-1 3.46793E-1 3.49985E-1 3.52319E-1 3.54309E-1 3.45869E-1 3.47154E-1 3.48825E-1 3.47883E-1 3.47669E-1 3.59701E-1 3.62126E-1
5.8735E-1 5.99695E-1 6.17046E-1 6.27638E-1 6.13293E-1 6.39176E-1 6.4448E-1 6.17048E-1 6.07141E-1 6.1847E-1 6.19464E-1 5.76014E-1 5.92732E-1 5.744E-1 5.47218E-1 5.40616E-1 5.40789E-1 5.21818E-1 5.40903E-1 5.23963E-1 4.85643E-1 4.69831E-1 4.75022E-1 4.84536E-1 4.72565E-1 4.62255E-1 4.56156E-1 4.47287E-1 4.18236E-1 4.0691E-1 3.98118E-1 3.91824E-1 3.8207E-1 3.82771E-1 3.84939E-1 3.84254E-1 3.91184E-1 3.86467E-1 3.82013E-1 3.82281E-1 3.79763E-1 3.83265E-1 3.83618E-1 3.89212E-1 3.90561E-1 3.79884E-1 3.72472E-1 3.62947E-1 3.48581E-1 3.40538E-1 3.34552E-1 3.38097E-1 3.50238E-1 3.58617E-1 3.44456E-1 3.46825E-1 3.47539E-1 3.41225E-1 3.48665E-1 3.57994E-1 3.6518E-1
6.01512E-1 6.14461E-1 5.92846E-1 6.2341E-1 6.3271E-1 6.56567E-1 6.43963E-1 6.42172E-1 6.44725E-1 6.22671E-1 6.18201E-1 6.17288E-1 5.88955E-1 5.72306E-1 5.28591E-1 5.38311E-1 5.36525E-1 5.43127E-1 5.18865E-1 5.28271E-1 5.12297E-1 4.90138E-1 4.76153E-1 4.68556E-1 4.66198E-1 4.72498E-1 4.62257E-1 4.47078E-1 4.34136E-1 4.23299E-1 4.06819E-1 3.98113E-1 3.84888E-1 3.836E-1 3.84612E-1 3.82775E-1 3.8108E-1 3.81256E-1 3.82876E-1 3.86211E-1 3.81009E-1 3.79131E-1 3.75407E-1 3.80175E-1 3.83068E-1 3.81017E-1 3.67131E-1 3.47448E-1 3.37006E-1 3.35838E-1 3.26821E-1 3.25866E-1 3.275E-1 3.3509E-1 3.44892E-1 3.45496E-1 3.51292E-1 3.47523E-1 3.44706E-1 3.51912E-1 3.63362E-1
5.77823E-1 6.07667E-1 6.23051E-1 6.34759E-1 6.51793E-1 6.43095E-1 6.35137E-1 6.45981E-1 6.48681E-1 6.46288E-1 6.33943E-1 6.30328E-1 5.96178E-1 5.8713E-1 5.55946E-1 5.4807E-1 5.27493E-1 5.22111E-1 5.13297E-1 5.19782E-1 5.07738E-1 5.22101E-1 5.007E-1 4.8485E-1 4.58262E-1 4.33972E-1 4.53602E-1 4.51854E-1 4.42555E-1 4.26426E-1 4.07747E-1 3.96369E-1 3.94507E-1 3.81883E-1 3.7982E-1 3.75457E-1 3.72177E-1 3.76544E-1 3.84787E-1 3.84134E-1 3.86052E-1 3.81801E-1 3.86301E-1 3.82512E-1 3.8397E-1 3.82527E-1 3.73116E-1 3.6377E-1 3.60416E-1 3.52394E-1 3.44031E-1 3.56682E-1 3.67369E-1 3.63598E-1 3.55415E-1 3.56614E-1 3.58926E-1 3.53614E-1 3.53351E-1 3.62479E-1 3.66141E-1
5.65817E-1 5.80465E-1 6.02799E-1 6.29168E-1 6.4239E-1 6.3711E-1 6.4729E-1 6.49463E-1 6.53979E-1 6.35606E-1 6.27331E-1 6.45862E-1 6.24452E-1 5.98081E-1 5.74564E-1 5.63405E-1 5.41219E-1 5.10683E-1 4.95443E-1 5.0495E-1 5.2905E-1 4.96568E-1 5.19524E-1 4.97358E-1 4.7331E-1 4.53714E-1 4.28357E-1 4.39202E-1 4.47202E-1 4.39244E-1 4.20419E-1 4.14387E-1 4.02768E-1 3.87278E-1 3.78301E-1 3.72862E-1 3.75319E-1 3.81879E-1 3.90934E-1 3.92596E-1 3.95691E-1 3.94313E-1 3.86397E-1 3.89299E-1 3.86064E-1 3.85582E-1 3.85242E-1 3.86717E-1 3.82349E-1 3.77671E-1 3.68233E-1 3.72246E-1 3.68529E-1 3.67905E-1 3.72443E-1 3.63565E-1 3.52241E-1 3.55239E-1 3.63267E-1 3.61226E-1 3.65879E-1
5.51983E-1 5.73939E-1 5.95433E-1 5.97938E-1 6.09139E-1 6.34815E-1 6.50829E-1 6.42078E-1 6.37832E-1 6.36114E-1 6.26901E-1 6.37452E-1 6.19415E-1 6.07166E-1 5.92653E-1 5.69482E-1 5.51639E-1 5.31781E-1 5.08204E-1 4.96464E-1 5.21359E-1 5.3082E-1 4.8322E-1 5.15634E-1 4.84696E-1 4.68345E-1 4.43929E-1 4.33698E-1 4.33304E-1 4.41557E-1 4.39721E-1 4.321E-1 4.22175E-1 4.08481E-1 3.96391E-1 3.86428E-1 3.79304E-1 3.75972E-1 3.78475E-1 3.85042E-1 3.9566E-1 4.0252E-1 3.93697E-1 3.89612E-1 3.86157E-1 3.84383E-1 3.83217E-1 3.86579E-1 3.8384E-1 3.70591E-1 3.56569E-1 3.60718E-1 3.70518E-1 3.70678E-1 3.72377E-1 3.62165E-1 3.57385E-1 3.61655E-1 3.61479E-1 3.62816E-1 3.61902E-1
5.59643E-1 5.71589E-1 5.89941E-1 5.87558E-1 5.96785E-1 6.21884E-1 6.40767E-1 6.36467E-1 6.35233E-1 6.28888E-1 6.27802E-1 6.48839E-1 6.11595E-1 6.13354E-1 5.81025E-1 5.7232E-1 5.62099E-1 5.78136E-1 5.1463E-1 4.95074E-1 5.08979E-1 5.18298E-1 5.19651E-1 4.81363E-1 5.12974E-1 4.76679E-1 4.67222E-1 4.30408E-1 4.28836E-1 4.34145E-1 4.42607E-1 4.37168E-1 4.38402E-1 4.21204E-1 4.08202E-1 4.01976E-1 3.95929E-1 3.88231E-1 3.8314E-1 3.86182E-1 3.93387E-1 4.00461E-1 3.92757E-1 3.90852E-1 3.91725E-1 3.85017E-1 3.86137E-1 3.93015E-1 3.84208E-1 3.76037E-1 3.64794E-1 3.66245E-1 3.6804E-1 3.7042E-1 3.68849E-1 3.66952E-1 3.65932E-1 3.65839E-1 3.67166E-1 3.63435E-1 3.62989E-1
5.74065E-1 5.77603E-1 6.22046E-1 5.9845E-1 5.99938E-1 6.01522E-1 6.25807E-1 6.34763E-1 6.25834E-1 6.34228E-1 6.20622E-1 6.38551E-1 6.3035E-1 5.99773E-1 5.84995E-1 5.52714E-1 5.70208E-1 5.8803E-1 5.36456E-1 5.0128E-1 5.0902E-1 5.17052E-1 5.29072E-1 4.97267E-1 4.91768E-1 4.94564E-1 4.78693E-1 4.5761E-1 4.51442E-1 4.42323E-1 4.46441E-1 4.49012E-1 4.42144E-1 4.30972E-1 4.15293E-1 4.06105E-1 4.0299E-1 4.00769E-1 3.92699E-1 3.90231E-1 3.88404E-1 3.91292E-1 3.96301E-1 4.01137E-1 4.0084E-1 3.97201E-1 3.96504E-1 3.87824E-1 3.88533E-1 3.73667E-1 3.68211E-1 3.66991E-1 3.68132E-1 3.69926E-1 3.69106E-1 3.71301E-1 3.64783E-1 3.61448E-1 3.638E-1 3.59814E-1 3.57358E-1
5.66698E-1 5.79691E-1 6.21987E-1 5.72621E-1 5.85832E-1 6.09296E-1 6.14889E-1 6.13219E-1 6.16551E-1 6.21449E-1 6.22186E-1 6.38871E-1 6.07703E-1 5.97684E-1 6.08172E-1 5.7402E-1 5.65109E-1 5.96382E-1 5.41497E-1 5.1858E-1 5.10861E-1 5.23784E-1 5.22575E-1 5.11431E-1 4.76698E-1 4.88174E-1 4.87019E-1 4.74747E-1 4.62153E-1 4.56212E-1 4.49436E-1 4.61504E-1 4.47861E-1 4.33917E-1 4.20655E-1 4.05125E-1 4.03363E-1 4.08578E-1 4.04813E-1 3.9793E-1 3.98219E-1 3.92758E-1 3.9791E-1 3.98194E-1 4.01926E-1 4.04707E-1 4.059E-1 3.92823E-1 3.94801E-1 3.83125E-1 3.71757E-1 3.74316E-1 3.78949E-1 3.82728E-1 3.87881E-1 3.83464E-1 3.72315E-1 3.70864E-1 3.72815E-1 3.66264E-1 3.61832E-1
5.57772E-1 5.84672E-1 5.99934E-1 5.7394E-1 5.8933E-1 6.05341E-1 6.11472E-1 6.06871E-1 6.18293E-1 6.2746E-1 6.58798E-1 6.33473E-1 6.00694E-1 5.90111E-1 6.2611E-1 5.79845E-1 5.72266E-1 6.07843E-1 5.46772E-1 5.14897E-1 5.10188E-1 5.10257E-1 5.24711E-1 5.25996E-1 4.73101E-1 5.0779E-1 4.93538E-1 4.84295E-1 4.84616E-1 4.80024E-1 4.6475E-1 4.73112E-1 4.56962E-1 4.40654E-1 4.20778E-1 4.07445E-1 4.03067E-1 4.11E-1 4.11142E-1 4.08301E-1 4.04057E-1 4.023E-1 4.08882E-1 4.11268E-1 4.06717E-1 4.06496E-1 4.09071E-1 3.98596E-1 3.98756E-1 3.88071E-1 3.94243E-1 3.95483E-1 3.94101E-1 3.95012E-1 3.98422E-1 3.88767E-1 3.86995E-1 3.86876E-1 3.82939E-1 3.79681E-1 3.7867E-1
5.95578E-1 5.8383E-1 5.71511E-1 5.59983E-1 5.67444E-1 5.91875E-1 5.82263E-1 6.02753E-1 6.12488E-1 6.13517E-1 6.47433E-1 6.06084E-1 5.98535E-1 6.06574E-1 6.05217E-1 5.7521E-1 5.63299E-1 6.14585E-1 5.64504E-1 5.38569E-1 5.3932E-1 5.25268E-1 5.26068E-1 5.08098E-1 4.74387E-1 5.16079E-1 5.1181E-1 5.13829E-1 5.01507E-1 5.06562E-1 4.87687E-1 4.87806E-1 4.77995E-1 4.49222E-1 4.2086E-1 4.1148E-1 4.01006E-1 4.15276E-1 4.17887E-1 4.15962E-1 4.11675E-1 4.17102E-1 4.16389E-1 4.22619E-1 4.19539E-1 4.21368E-1 4.22456E-1 4.11824E-1 4.08793E-1 4.07493E-1 4.01614E-1 3.90504E-1 3.83916E-1 3.87568E-1 3.89021E-1 3.8489E-1 3.83702E-1 3.83513E-1 3.85038E-1 3.82926E-1 3.82822E-1
5.55344E-1 6.04672E-1 5.69142E-1 5.52465E-1 5.51374E-1 5.59908E-1 5.7998E-1 5.99795E-1 5.98748E-1 6.04504E-1 6.3732E-1 5.96838E-1 6.06333E-1 6.13102E-1 5.86807E-1 5.98847E-1 5.95679E-1 6.09821E-1 5.98301E-1 5.38397E-1 5.33187E-1 5.33134E-1 5.26145E-1 5.03626E-1 4.83253E-1 4.89007E-1 5.09558E-1 5.15819E-1 5.08209E-1 5.11242E-1 5.09946E-1 5.01569E-1 4.97747E-1 4.76828E-1 4.48195E-1 4.30845E-1 4.25742E-1 4.17085E-1 4.17797E-1 4.22867E-1 4.18867E-1 4.24415E-1 4.2265E-1 4.15444E-1 4.10349E-1 4.10594E-1 4.11908E-1 4.07289E-1 4.03712E-1 4.05365E-1 4.02025E-1 3.92294E-1 3.83581E-1 3.74845E-1 3.72605E-1 3.61321E-1 3.63048E-1 3.65108E-1 3.69251E-1 3.74548E-1 3.75731E-1
