maxent_outputs/white_flowers_troch_bombus_environ/white_258.asc
ncols         426
nrows         180
xllcorner     -130.0
yllcorner     24.0
cellsize      0.16666666666666666
NODATA_value  -9999
[rows 108 to 134 of 180, columns 244 to 304 of 426]
8.07678E-1 8.11677E-1 8.1462E-1 8.14738E-1 8.1026E-1 8.02207E-1 8.00037E-1 7.94849E-1 7.97594E-1 7.87058E-1 7.85111E-1 7.83641E-1 7.78969E-1 7.72494E-1 7.73215E-1 7.75096E-1 7.81025E-1 7.92573E-1 7.93279E-1 7.93068E-1 7.92538E-1 7.93615E-1 7.96846E-1 7.96952E-1 7.95602E-1 7.95198E-1 7.94492E-1 7.9414E-1 7.861E-1 7.73036E-1 7.63256E-1 7.64907E-1 7.68057E-1 7.66844E-1 7.70391E-1 7.71044E-1 7.6611E-1 7.55286E-1 7.50697E-1 7.35575E-1 7.43416E-1 7.50811E-1 7.56227E-1 7.59872E-1 7.75534E-1 8.00413E-1 8.00262E-1 8.0285E-1 8.01742E-1 7.96474E-1 7.95205E-1 7.95268E-1 7.97459E-1 8.0405E-1 8.01827E-1 7.91833E-1 7.83073E-1 7.87887E-1 7.82584E-1 7.91442E-1 8.076E-1
8.10592E-1 8.15325E-1 8.12956E-1 8.12351E-1 8.10484E-1 8.01779E-1 7.99366E-1 7.95473E-1 7.95609E-1 7.89515E-1 7.871E-1 7.82229E-1 7.77814E-1 7.73579E-1 7.76125E-1 7.74487E-1 7.79942E-1 7.88546E-1 7.88462E-1 7.87485E-1 7.87502E-1 7.88641E-1 7.92015E-1 7.9293E-1 7.90313E-1 7.90846E-1 7.89219E-1 7.97862E-1 7.85968E-1 7.75287E-1 7.77006E-1 7.66272E-1 7.72246E-1 7.78533E-1 7.75546E-1 7.81476E-1 7.8279E-1 7.59792E-1 7.52453E-1 7.3233E-1 7.32011E-1 7.70372E-1 7.79227E-1 7.92551E-1 8.05821E-1 8.02885E-1 8.01449E-1 8.00715E-1 7.99642E-1 7.97958E-1 7.98058E-1 7.92276E-1 7.98849E-1 8.04613E-1 8.13534E-1 8.00494E-1 7.94409E-1 7.95326E-1 7.8767E-1 7.97354E-1 8.07324E-1
8.13274E-1 8.16398E-1 8.15578E-1 8.13114E-1 8.1078E-1 7.99582E-1 7.96721E-1 7.96637E-1 8.00258E-1 7.9423E-1 7.87853E-1 7.83771E-1 7.79124E-1 7.76671E-1 7.70057E-1 7.73278E-1 7.78401E-1 7.83442E-1 7.87534E-1 7.88832E-1 7.85689E-1 7.88504E-1 7.91639E-1 7.88063E-1 7.83763E-1 7.83427E-1 7.80939E-1 7.82831E-1 7.7863E-1 7.79903E-1 7.86645E-1 7.90223E-1 8.02883E-1 8.05776E-1 8.0892E-1 8.04055E-1 7.88307E-1 7.77009E-1 7.48291E-1 7.55472E-1 7.56321E-1 7.71728E-1 7.90533E-1 8.00863E-1 8.05628E-1 8.10314E-1 8.04997E-1 7.97286E-1 7.91524E-1 7.95441E-1 8.06469E-1 7.95544E-1 8.01809E-1 8.0744E-1 8.10193E-1 7.96968E-1 7.95305E-1 7.90976E-1 7.83822E-1 7.91434E-1 7.98759E-1
8.1362E-1 8.14931E-1 8.15662E-1 8.14371E-1 8.08408E-1 8.02731E-1 8.00164E-1 8.03752E-1 8.04357E-1 7.95799E-1 7.87554E-1 7.81178E-1 7.74148E-1 7.69844E-1 7.68662E-1 7.70296E-1 7.71155E-1 7.78836E-1 7.84941E-1 7.89445E-1 7.9154E-1 7.93053E-1 7.88814E-1 7.85354E-1 7.82032E-1 7.76745E-1 7.7726E-1 7.76022E-1 7.77891E-1 7.83789E-1 7.90016E-1 8.02305E-1 8.05522E-1 8.02883E-1 7.98338E-1 7.88886E-1 7.7827E-1 8.12874E-1 8.1097E-1 8.12644E-1 7.86133E-1 7.85416E-1 8.02593E-1 8.03638E-1 8.03481E-1 8.04826E-1 7.95272E-1 7.96892E-1 7.92965E-1 7.93003E-1 8.04998E-1 8.04681E-1 8.01696E-1 8.00679E-1 7.96776E-1 7.99394E-1 7.91635E-1 7.83024E-1 7.81541E-1 7.84997E-1 7.93257E-1
8.16014E-1 8.09716E-1 8.11219E-1 8.08117E-1 8.06278E-1 8.05937E-1 8.0425E-1 8.015E-1 8.00032E-1 7.97192E-1 7.8726E-1 7.79337E-1 7.7172E-1 7.6816E-1 7.65903E-1 7.63162E-1 7.67725E-1 7.7348E-1 7.85631E-1 7.89226E-1 7.90713E-1 7.89886E-1 7.8812E-1 7.83059E-1 7.78763E-1 7.81261E-1 7.78212E-1 7.79276E-1 7.86022E-1 7.86677E-1 7.91349E-1 8.00199E-1 8.02504E-1 8.10356E-1 8.1907E-1 8.04751E-1 8.15988E-1 8.27739E-1 8.46171E-1 8.41462E-1 8.33536E-1 8.18474E-1 8.16537E-1 8.0666E-1 8.01408E-1 8.00935E-1 7.97509E-1 7.98846E-1 7.95607E-1 7.98604E-1 8.04225E-1 8.11082E-1 8.08448E-1 7.9884E-1 7.90477E-1 7.87217E-1 7.75726E-1 7.74209E-1 7.72539E-1 7.78594E-1 7.79465E-1
8.15689E-1 8.09706E-1 8.10723E-1 8.10238E-1 8.08779E-1 8.0663E-1 8.10966E-1 7.97927E-1 7.97647E-1 7.94421E-1 7.88557E-1 7.81797E-1 7.73675E-1 7.69176E-1 7.68137E-1 7.63282E-1 7.6381E-1 7.70965E-1 7.83924E-1 7.902E-1 7.88622E-1 7.87496E-1 7.85454E-1 7.8741E-1 7.86161E-1 7.84575E-1 7.81622E-1 7.84048E-1 7.9598E-1 7.86456E-1 7.84871E-1 7.78064E-1 7.87091E-1 8.13176E-1 8.34342E-1 8.28089E-1 8.49368E-1 8.55257E-1 8.61112E-1 8.64057E-1 8.44579E-1 8.28941E-1 8.1259E-1 8.05449E-1 8.05131E-1 8.03601E-1 8.03431E-1 7.99664E-1 7.9754E-1 8.04032E-1 8.0373E-1 8.07923E-1 8.08184E-1 8.04443E-1 7.87383E-1 7.75181E-1 7.61953E-1 7.51579E-1 7.48486E-1 7.59768E-1 7.71445E-1
8.1797E-1 8.10958E-1 8.10684E-1 8.11017E-1 8.10974E-1 8.06658E-1 8.08426E-1 8.06881E-1 7.99367E-1 7.96414E-1 7.93847E-1 7.87006E-1 7.78866E-1 7.73548E-1 7.7031E-1 7.6741E-1 7.70848E-1 7.73102E-1 7.80755E-1 7.86335E-1 7.86908E-1 7.85063E-1 7.82947E-1 7.81788E-1 7.82573E-1 7.83717E-1 7.88532E-1 8.00435E-1 8.03798E-1 7.88006E-1 7.83966E-1 7.83195E-1 7.9037E-1 8.17341E-1 8.34284E-1 8.43151E-1 8.48643E-1 8.49538E-1 8.46109E-1 8.38755E-1 8.27926E-1 8.21204E-1 8.04832E-1 7.99272E-1 8.02525E-1 8.00361E-1 7.96752E-1 7.96682E-1 7.97343E-1 8.00622E-1 8.06971E-1 8.08761E-1 8.14819E-1 8.09141E-1 7.92044E-1 7.74411E-1 7.59752E-1 7.32719E-1 7.3449E-1 7.40265E-1 7.52542E-1
8.16524E-1 8.10776E-1 8.09939E-1 8.10486E-1 8.11816E-1 8.07439E-1 8.02507E-1 7.99657E-1 7.99457E-1 7.98091E-1 7.97978E-1 7.9246E-1 7.90883E-1 7.83784E-1 7.73773E-1 7.71836E-1 7.72051E-1 7.73823E-1 7.79788E-1 7.84058E-1 7.86949E-1 7.81081E-1 7.78295E-1 7.82606E-1 7.79603E-1 7.85515E-1 7.93011E-1 8.04235E-1 8.04378E-1 8.04386E-1 7.94751E-1 7.93699E-1 8.07916E-1 8.28102E-1 8.37018E-1 8.4629E-1 8.45409E-1 8.35484E-1 8.36643E-1 8.21374E-1 8.16996E-1 8.11007E-1 8.00135E-1 7.91932E-1 7.92329E-1 7.94996E-1 7.93491E-1 7.95408E-1 7.99196E-1 7.99918E-1 8.10455E-1 8.14739E-1 8.12961E-1 8.09437E-1 7.94319E-1 7.80827E-1 7.69963E-1 7.55228E-1 7.49032E-1 7.41731E-1 7.50283E-1
8.17061E-1 8.12268E-1 8.09515E-1 8.10229E-1 8.08619E-1 8.0811E-1 8.06361E-1 7.96841E-1 7.93971E-1 7.86034E-1 7.88231E-1 7.87328E-1 7.83719E-1 7.81015E-1 7.80674E-1 7.74316E-1 7.70948E-1 7.70285E-1 7.74548E-1 7.87029E-1 7.80752E-1 7.7769E-1 7.71483E-1 7.71716E-1 7.69829E-1 7.77001E-1 7.70851E-1 7.85825E-1 8.02525E-1 8.05767E-1 8.05775E-1 8.09643E-1 8.12667E-1 8.13136E-1 8.17683E-1 8.32587E-1 8.30823E-1 8.26374E-1 8.17844E-1 8.16844E-1 8.08161E-1 8.04754E-1 7.96412E-1 7.90598E-1 7.89815E-1 7.89975E-1 7.92932E-1 7.95265E-1 7.9881E-1 8.03659E-1 8.04394E-1 8.03852E-1 8.05454E-1 7.9821E-1 7.96924E-1 7.91509E-1 7.85772E-1 7.7719E-1 7.65559E-1 7.57351E-1 7.55716E-1
8.1956E-1 8.16437E-1 8.12664E-1 8.11029E-1 8.11376E-1 8.09563E-1 8.03921E-1 7.9588E-1 7.91777E-1 7.86287E-1 7.8831E-1 7.89962E-1 7.83871E-1 7.81653E-1 7.75318E-1 7.74359E-1 7.69158E-1 7.69516E-1 7.81212E-1 7.73517E-1 7.72848E-1 7.71185E-1 7.64478E-1 7.58548E-1 7.65387E-1 7.6269E-1 7.63523E-1 7.69934E-1 7.87493E-1 7.92709E-1 7.98945E-1 8.03392E-1 8.05189E-1 8.06443E-1 8.15134E-1 8.18476E-1 8.10951E-1 8.13233E-1 8.1757E-1 8.11431E-1 8.0264E-1 7.9607E-1 7.90032E-1 7.85834E-1 7.88922E-1 7.94409E-1 7.99579E-1 8.04278E-1 8.02699E-1 8.07848E-1 8.10742E-1 8.05578E-1 7.98744E-1 7.95011E-1 7.96312E-1 7.97197E-1 7.93865E-1 7.87512E-1 7.70041E-1 7.63101E-1 7.6078E-1
8.21042E-1 8.19922E-1 8.14231E-1 8.08897E-1 8.09291E-1 8.08828E-1 8.05792E-1 8.00658E-1 7.94824E-1 7.94123E-1 7.94168E-1 7.92252E-1 7.86645E-1 7.83179E-1 7.79351E-1 7.78424E-1 7.71857E-1 7.65633E-1 7.66563E-1 7.64049E-1 7.65016E-1 7.70781E-1 7.72972E-1 7.62773E-1 7.63099E-1 7.61243E-1 7.64517E-1 7.76448E-1 7.86611E-1 7.87942E-1 7.91086E-1 8.05051E-1 8.1182E-1 7.99693E-1 8.02169E-1 8.05428E-1 7.99154E-1 7.91593E-1 7.94448E-1 8.02422E-1 7.97424E-1 7.93896E-1 7.8784E-1 7.90063E-1 7.97971E-1 8.01209E-1 8.09408E-1 8.13493E-1 8.18193E-1 8.20231E-1 8.12519E-1 8.0289E-1 7.97446E-1 7.93005E-1 7.90768E-1 7.95796E-1 7.97473E-1 7.79917E-1 7.62892E-1 7.60886E-1 7.63127E-1
8.20174E-1 8.18302E-1 8.13033E-1 8.02962E-1 8.02357E-1 8.05927E-1 8.05446E-1 8.06237E-1 8.00322E-1 7.9623E-1 7.95297E-1 7.91731E-1 7.91358E-1 7.91125E-1 7.83963E-1 7.80769E-1 7.74882E-1 7.65286E-1 7.59435E-1 7.60756E-1 7.62366E-1 7.65445E-1 7.67021E-1 7.63674E-1 7.62791E-1 7.64642E-1 7.7256E-1 7.81552E-1 7.96389E-1 8.02879E-1 8.08362E-1 8.04054E-1 8.00794E-1 7.91999E-1 7.93492E-1 7.95718E-1 7.94072E-1 7.88228E-1 7.8991E-1 7.95558E-1 7.99378E-1 7.94079E-1 7.93204E-1 7.9373E-1 7.97108E-1 8.02956E-1 8.15455E-1 8.29163E-1 8.24327E-1 8.11658E-1 8.08009E-1 8.03574E-1 7.99279E-1 7.95259E-1 7.88799E-1 7.85192E-1 7.73417E-1 7.4768E-1 7.55972E-1 7.65094E-1 7.68565E-1
8.15774E-1 8.13882E-1 8.07175E-1 7.99894E-1 8.02175E-1 8.05391E-1 8.06607E-1 8.09119E-1 8.00128E-1 7.92815E-1 7.94099E-1 7.94007E-1 7.87014E-1 7.82909E-1 7.77763E-1 7.77283E-1 7.76564E-1 7.70706E-1 7.59812E-1 7.61589E-1 7.63176E-1 7.63781E-1 7.68495E-1 7.65312E-1 7.6558E-1 7.75224E-1 7.7952E-1 7.8405E-1 7.94351E-1 8.11377E-1 8.15691E-1 8.11804E-1 8.0023E-1 7.90431E-1 7.90725E-1 7.94923E-1 7.90495E-1 7.88397E-1 7.88499E-1 7.94642E-1 8.02957E-1 8.0687E-1 8.02944E-1 8.03673E-1 8.03757E-1 8.07093E-1 8.16765E-1 8.11291E-1 8.05316E-1 7.99775E-1 8.01219E-1 8.00581E-1 8.01641E-1 7.92918E-1 7.89526E-1 7.88184E-1 7.83146E-1 7.68368E-1 7.6693E-1 7.77355E-1 7.77415E-1
8.11688E-1 8.06704E-1 8.03487E-1 8.02861E-1 8.04179E-1 8.10956E-1 8.10486E-1 8.07098E-1 7.97151E-1 7.91253E-1 7.93554E-1 7.91325E-1 7.82763E-1 7.74731E-1 7.74494E-1 7.73564E-1 7.76202E-1 7.68111E-1 7.6207E-1 7.60347E-1 7.55269E-1 7.66431E-1 7.6697E-1 7.63478E-1 7.72998E-1 7.82305E-1 7.81756E-1 7.83571E-1 7.9542E-1 8.10746E-1 8.1353E-1 8.08136E-1 7.98946E-1 7.93602E-1 7.87903E-1 7.85416E-1 7.87747E-1 7.91571E-1 7.93169E-1 7.96274E-1 8.01107E-1 8.08573E-1 8.22541E-1 8.10429E-1 8.0911E-1 8.13404E-1 8.11738E-1 8.09275E-1 8.05692E-1 8.05138E-1 8.06986E-1 8.06633E-1 8.03764E-1 7.91956E-1 7.91126E-1 7.93082E-1 7.9958E-1 7.93281E-1 7.88358E-1 7.83648E-1 7.82737E-1
8.04324E-1 8.04982E-1 8.04785E-1 8.1167E-1 8.14706E-1 8.24511E-1 8.17698E-1 8.09997E-1 8.00992E-1 7.94742E-1 7.95787E-1 7.95676E-1 7.92202E-1 7.83196E-1 7.82596E-1 7.88365E-1 7.72574E-1 7.68979E-1 7.7022E-1 7.61201E-1 7.56452E-1 7.60643E-1 7.64271E-1 7.71566E-1 7.75851E-1 7.81479E-1 7.84407E-1 7.8391E-1 7.89687E-1 8.00108E-1 8.02306E-1 7.98084E-1 7.96873E-1 7.91089E-1 7.82486E-1 7.81986E-1 7.89842E-1 7.95145E-1 7.94343E-1 7.99513E-1 8.06224E-1 8.11794E-1 8.1462E-1 8.18793E-1 8.15821E-1 8.2194E-1 8.15558E-1 8.11784E-1 8.14468E-1 8.11103E-1 8.09259E-1 8.01363E-1 7.97887E-1 8.03816E-1 7.97781E-1 7.91562E-1 7.89682E-1 7.86406E-1 7.8244E-1 7.81516E-1 7.74511E-1
8.08768E-1 8.06249E-1 8.0931E-1 8.13753E-1 8.1361E-1 8.24356E-1 8.16461E-1 8.1042E-1 8.05258E-1 8.04867E-1 8.08641E-1 8.07377E-1 7.98906E-1 7.95891E-1 7.96406E-1 7.95914E-1 7.80084E-1 7.72578E-1 7.73294E-1 7.64049E-1 7.63924E-1 7.63517E-1 7.7038E-1 7.72055E-1 7.8032E-1 7.85344E-1 7.84547E-1 7.82684E-1 7.85414E-1 7.94848E-1 7.94852E-1 7.93642E-1 7.92582E-1 7.86484E-1 7.78921E-1 7.81696E-1 7.9293E-1 7.93217E-1 7.94578E-1 8.01948E-1 8.07238E-1 8.13067E-1 8.15937E-1 8.21439E-1 8.23557E-1 8.18907E-1 8.1088E-1 8.03709E-1 8.06386E-1 8.06664E-1 8.01992E-1 7.96002E-1 7.90627E-1 7.95735E-1 8.14102E-1 8.0327E-1 7.90663E-1 7.8311E-1 7.78131E-1 7.75046E-1 7.79126E-1
8.10385E-1 8.16903E-1 8.17662E-1 8.11507E-1 8.10663E-1 8.108E-1 8.1073E-1 8.08228E-1 8.08332E-1 8.15623E-1 8.26924E-1 8.20588E-1 8.06198E-1 8.03773E-1 7.93436E-1 7.86568E-1 7.75687E-1 7.78292E-1 7.73552E-1 7.71626E-1 7.67211E-1 7.66441E-1 7.81058E-1 7.7969E-1 7.84875E-1 7.84382E-1 7.83175E-1 7.80514E-1 7.83147E-1 7.85653E-1 7.91702E-1 7.89081E-1 7.91269E-1 7.87937E-1 7.84853E-1 7.85356E-1 7.90773E-1 7.92589E-1 7.98182E-1 8.05013E-1 8.14695E-1 8.16932E-1 8.20321E-1 8.1409E-1 8.07626E-1 8.09158E-1 8.08328E-1 8.04736E-1 8.01551E-1 7.9779E-1 7.97056E-1 7.93083E-1 7.92072E-1 7.91299E-1 7.86016E-1 8.09613E-1 7.85166E-1 7.76846E-1 7.7816E-1 7.73446E-1 7.80511E-1
8.1868E-1 8.16621E-1 8.13598E-1 8.11651E-1 8.08422E-1 8.05662E-1 8.02294E-1 8.0287E-1 8.08665E-1 8.15991E-1 8.27872E-1 8.30303E-1 8.29822E-1 8.16046E-1 7.99824E-1 7.81235E-1 7.82858E-1 7.83723E-1 7.78968E-1 7.74758E-1 7.72179E-1 7.77494E-1 7.82902E-1 7.84544E-1 7.95921E-1 8.01635E-1 7.89134E-1 7.8298E-1 7.77635E-1 7.80885E-1 7.83868E-1 7.85116E-1 7.93542E-1 8.00845E-1 7.91293E-1 7.91588E-1 8.00184E-1 7.98844E-1 8.05106E-1 8.10714E-1 8.17806E-1 8.25795E-1 8.18251E-1 8.03907E-1 7.98071E-1 8.00537E-1 8.04211E-1 8.00756E-1 7.93225E-1 7.91122E-1 7.92732E-1 7.96322E-1 7.9418E-1 7.87133E-1 7.78823E-1 7.72053E-1 7.65257E-1 7.6116E-1 7.68107E-1 7.76732E-1 7.79755E-1
8.22314E-1 8.18146E-1 8.14775E-1 8.0976E-1 8.08462E-1 8.0554E-1 8.03281E-1 7.99904E-1 8.0702E-1 8.17348E-1 8.26246E-1 8.42635E-1 8.49832E-1 8.33287E-1 8.0593E-1 7.91925E-1 7.89078E-1 7.89963E-1 7.84875E-1 7.80111E-1 7.93296E-1 7.82713E-1 7.86313E-1 7.91759E-1 8.01345E-1 7.98163E-1 7.88314E-1 7.83546E-1 7.74986E-1 7.82375E-1 7.84226E-1 7.8885E-1 7.94498E-1 8.07552E-1 8.02989E-1 8.02893E-1 8.07968E-1 8.11018E-1 8.14516E-1 8.19339E-1 8.24962E-1 8.20782E-1 8.13294E-1 8.05676E-1 8.01242E-1 8.01441E-1 7.99124E-1 7.95537E-1 7.83473E-1 7.78519E-1 7.87568E-1 7.9458E-1 7.90973E-1 7.75689E-1 7.60042E-1 7.5024E-1 7.55911E-1 7.5789E-1 7.71076E-1 -9999 -9999
8.25218E-1 8.22195E-1 8.16006E-1 8.11989E-1 8.08521E-1 8.07062E-1 8.05229E-1 8.08723E-1 8.12133E-1 8.14644E-1 8.16719E-1 8.25768E-1 8.33218E-1 8.2309E-1 8.04738E-1 7.95263E-1 7.89869E-1 7.92899E-1 7.90124E-1 7.95075E-1 8.19205E-1 7.92691E-1 7.85993E-1 7.91653E-1 7.97624E-1 8.00643E-1 7.88323E-1 7.82397E-1 7.73497E-1 7.79166E-1 7.91929E-1 8.00705E-1 8.03575E-1 8.08091E-1 8.13058E-1 8.12523E-1 8.16007E-1 8.2018E-1 8.22215E-1 8.26214E-1 8.1976E-1 8.09822E-1 8.06939E-1 8.10227E-1 8.06231E-1 8.0664E-1 8.02037E-1 7.96676E-1 7.78742E-1 7.68783E-1 7.72484E-1 7.77844E-1 7.69235E-1 7.53632E-1 7.38534E-1 7.31152E-1 7.55262E-1 7.6289E-1 -9999 -9999 -9999
8.24337E-1 8.19634E-1 8.15073E-1 8.14712E-1 8.15064E-1 8.16019E-1 8.15512E-1 8.17626E-1 8.16497E-1 8.13426E-1 8.08495E-1 8.04733E-1 8.04791E-1 8.03705E-1 7.99123E-1 7.91662E-1 7.88814E-1 7.94623E-1 8.07772E-1 7.98537E-1 7.96604E-1 7.88935E-1 7.88625E-1 7.96275E-1 7.93622E-1 8.01664E-1 7.96602E-1 7.87373E-1 7.83462E-1 7.88556E-1 8.04672E-1 8.14736E-1 8.18646E-1 8.20814E-1 8.2276E-1 8.22377E-1 8.2632E-1 8.27548E-1 8.31052E-1 8.26695E-1 8.15711E-1 8.01583E-1 8.06529E-1 8.14238E-1 8.13437E-1 8.1376E-1 8.00722E-1 7.85046E-1 7.72051E-1 7.53816E-1 7.54767E-1 7.56039E-1 7.52054E-1 7.38036E-1 7.37922E-1 7.30263E-1 7.48879E-1 -9999 -9999 -9999 -9999
8.29347E-1 8.17292E-1 8.16602E-1 8.18864E-1 8.21873E-1 8.22669E-1 8.23703E-1 8.18721E-1 8.15102E-1 7.97945E-1 7.83371E-1 7.8958E-1 7.89598E-1 7.91135E-1 7.92228E-1 7.96585E-1 7.94343E-1 8.0678E-1 8.18897E-1 8.06254E-1 7.94293E-1 7.95298E-1 7.949E-1 7.94873E-1 7.95699E-1 7.99331E-1 8.06053E-1 7.98683E-1 7.95599E-1 8.00553E-1 8.13009E-1 8.22472E-1 8.21209E-1 8.21314E-1 8.19929E-1 8.24309E-1 8.3432E-1 8.35564E-1 8.39171E-1 8.26597E-1 8.15943E-1 8.08354E-1 8.12469E-1 8.24821E-1 8.17442E-1 8.1383E-1 7.9554E-1 7.74753E-1 7.56787E-1 7.389E-1 7.33947E-1 7.34808E-1 7.24842E-1 7.31411E-1 7.26602E-1 -9999 -9999 -9999 -9999 -9999 -9999
8.33442E-1 8.20979E-1 8.16131E-1 8.16848E-1 8.23913E-1 8.31388E-1 8.26437E-1 8.22479E-1 8.12711E-1 7.93105E-1 7.83534E-1 7.90945E-1 7.95366E-1 7.94389E-1 7.92099E-1 7.89566E-1 7.85169E-1 7.86906E-1 7.93378E-1 7.9228E-1 7.9467E-1 7.98621E-1 7.95656E-1 7.95572E-1 7.96801E-1 8.03557E-1 8.06298E-1 8.00136E-1 8.00874E-1 8.10813E-1 8.22535E-1 8.17476E-1 8.19272E-1 8.22412E-1 8.19589E-1 8.21115E-1 8.34283E-1 8.32377E-1 8.33832E-1 8.26715E-1 8.14647E-1 8.08381E-1 8.12414E-1 8.16797E-1 8.10594E-1 8.0329E-1 7.83356E-1 7.57925E-1 7.34948E-1 7.22544E-1 7.25306E-1 7.26772E-1 7.22543E-1 7.25892E-1 -9999 -9999 -9999 -9999 -9999 -9999 -9999
8.38662E-1 8.28362E-1 8.22863E-1 8.14951E-1 8.29157E-1 8.3928E-1 8.31722E-1 8.22809E-1 8.1105E-1 7.96045E-1 7.96691E-1 8.07969E-1 8.16588E-1 8.01789E-1 7.95512E-1 7.93344E-1 7.84824E-1 7.84913E-1 7.86881E-1 7.97289E-1 8.00734E-1 8.02942E-1 7.94948E-1 8.00859E-1 8.04877E-1 8.14618E-1 8.07015E-1 8.01351E-1 8.10214E-1 8.23245E-1 8.18804E-1 8.24271E-1 8.22358E-1 8.20519E-1 8.28539E-1 8.29233E-1 8.25624E-1 8.26952E-1 8.24866E-1 8.20306E-1 8.08592E-1 8.03659E-1 8.0315E-1 8.04782E-1 7.99502E-1 7.92631E-1 7.75177E-1 7.52412E-1 7.30698E-1 7.35698E-1 7.31984E-1 7.2815E-1 -9999 -9999 -9999 -9999 -9999 -9999 -9999 -9999 -9999
8.49413E-1 8.4299E-1 8.36924E-1 8.29721E-1 8.32575E-1 8.32143E-1 8.3321E-1 8.3474E-1 8.18744E-1 8.07793E-1 8.05288E-1 8.14968E-1 8.13067E-1 8.10721E-1 8.09413E-1 8.10547E-1 8.02638E-1 7.92026E-1 7.85407E-1 7.91256E-1 7.97043E-1 8.01293E-1 7.95687E-1 8.00358E-1 8.10232E-1 8.27589E-1 8.14531E-1 8.20213E-1 8.20219E-1 8.24914E-1 8.26813E-1 8.27058E-1 8.27357E-1 8.26523E-1 8.31007E-1 8.30276E-1 8.26578E-1 8.22172E-1 8.16711E-1 8.13349E-1 8.03107E-1 7.97482E-1 7.96193E-1 7.95191E-1 7.94087E-1 7.87348E-1 7.79176E-1 7.60249E-1 7.48431E-1 7.48283E-1 7.4737E-1 -9999 -9999 -9999 -9999 -9999 -9999 -9999 -9999 -9999 -9999
8.62429E-1 8.61839E-1 8.52187E-1 8.47741E-1 8.46427E-1 8.43964E-1 8.4479E-1 8.42904E-1 8.31955E-1 8.20942E-1 8.21242E-1 8.23022E-1 8.20764E-1 8.21995E-1 8.26326E-1 8.28517E-1 8.23248E-1 8.13725E-1 8.06179E-1 8.08043E-1 8.10342E-1 8.08424E-1 8.08408E-1 8.13073E-1 8.27004E-1 8.42614E-1 8.32653E-1 8.38733E-1 8.33531E-1 8.30696E-1 8.28717E-1 8.28672E-1 8.29865E-1 8.33835E-1 8.4228E-1 8.46644E-1 8.44617E-1 8.26906E-1 8.16456E-1 8.07429E-1 7.92828E-1 7.8741E-1 7.79705E-1 7.83534E-1 7.93982E-1 7.86838E-1 7.75277E-1 7.69545E-1 7.74229E-1 7.63683E-1 -9999 -9999 -9999 -9999 -9999 -9999 -9999 -9999 -9999 -9999 -9999
8.76413E-1 8.74068E-1 8.66369E-1 8.617E-1 8.5917E-1 8.59056E-1 8.6063E-1 8.61291E-1 8.54683E-1 8.42451E-1 8.3984E-1 8.41177E-1 8.38378E-1 8.38104E-1 8.41639E-1 8.4483E-1 8.40498E-1 8.35208E-1 8.3352E-1 8.30165E-1 8.28078E-1 8.28137E-1 8.36806E-1 8.47802E-1 8.49622E-1 8.5206E-1 8.45544E-1 8.51563E-1 8.45936E-1 8.39542E-1 8.32691E-1 8.33626E-1 8.35077E-1 8.45241E-1 8.58569E-1 8.601E-1 8.51046E-1 8.27743E-1 8.07067E-1 8.0097E-1 7.97233E-1 7.87092E-1 7.78617E-1 7.71255E-1 7.78492E-1 7.85157E-1 7.77027E-1 7.76802E-1 7.90321E-1 7.84896E-1 -9999 -9999 -9999 -9999 -9999 -9999 -9999 -9999 -9999 -9999 -9999
