maxent_outputs/white_flowers_troch_bombus_environ/white_130.asc
ncols         426
nrows         180
xllcorner     -130.0
yllcorner     24.0
cellsize      0.16666666666666666
NODATA_value  -9999
[rows 0 to 26 of 180, columns 183 to 243 of 426]
3.93022E-1 3.84023E-1 3.80168E-1 3.79275E-1 3.72627E-1 3.68024E-1 3.7056E-1 3.9528E-1 3.95677E-1 3.91038E-1 3.7405E-1 3.68148E-1 3.59847E-1 3.59846E-1 3.63619E-1 3.67795E-1 3.64382E-1 3.6369E-1 3.64226E-1 3.70339E-1 3.87663E-1 3.77716E-1 3.68327E-1 3.66176E-1 3.65378E-1 3.66999E-1 3.63965E-1 3.75343E-1 3.83489E-1 3.77326E-1 3.68164E-1 3.65812E-1 3.65553E-1 3.67976E-1 3.63014E-1 3.60391E-1 3.59456E-1 3.6014E-1 3.65212E-1 3.6407E-1 3.63437E-1 3.67271E-1 3.66744E-1 3.63599E-1 3.66792E-1 3.68053E-1 3.69345E-1 3.70959E-1 3.77523E-1 3.76215E-1 3.74058E-1 3.78408E-1 3.82064E-1 3.75581E-1 3.79575E-1 3.74877E-1 3.76583E-1 3.72161E-1 3.72927E-1 3.7651E-1 3.75954E-1
3.83472E-1 3.80802E-1 3.86596E-1 4.2546E-1 4.4451E-1 4.46524E-1 4.45368E-1 4.4177E-1 4.26479E-1 4.10136E-1 3.80792E-1 3.76832E-1 3.7285E-1 3.68791E-1 3.70884E-1 3.65466E-1 3.64207E-1 3.63231E-1 3.62527E-1 3.69038E-1 3.68823E-1 3.69691E-1 3.80871E-1 3.77172E-1 3.72361E-1 3.61331E-1 3.67745E-1 3.76225E-1 3.80321E-1 3.83952E-1 3.8961E-1 3.86051E-1 3.7742E-1 3.72925E-1 3.71266E-1 3.65877E-1 3.66774E-1 3.69099E-1 3.6912E-1 3.65972E-1 3.66899E-1 3.60848E-1 3.64332E-1 3.73113E-1 3.78E-1 3.76204E-1 3.73385E-1 3.69518E-1 3.71916E-1 3.78596E-1 3.75747E-1 3.7796E-1 3.76768E-1 3.72642E-1 3.78218E-1 3.83896E-1 4.10135E-1 4.14842E-1 4.01019E-1 3.8233E-1 3.81457E-1
3.75766E-1 3.78184E-1 4.04555E-1 4.4835E-1 4.50923E-1 4.48151E-1 4.5131E-1 4.52471E-1 4.52773E-1 4.48122E-1 4.08925E-1 3.82524E-1 3.78909E-1 3.69588E-1 3.68299E-1 3.66866E-1 3.65142E-1 3.67811E-1 3.72413E-1 3.80464E-1 3.73078E-1 3.66607E-1 3.69541E-1 3.70327E-1 3.74076E-1 3.65911E-1 3.68534E-1 3.67183E-1 3.64911E-1 3.61934E-1 3.63285E-1 3.61796E-1 3.64331E-1 3.6347E-1 3.68924E-1 3.69892E-1 3.70321E-1 3.70733E-1 3.70333E-1 3.66557E-1 3.66713E-1 3.65764E-1 3.62568E-1 3.6139E-1 3.62972E-1 3.63563E-1 3.66119E-1 3.6632E-1 3.71453E-1 3.72205E-1 3.78636E-1 3.74E-1 3.70122E-1 3.69695E-1 3.71901E-1 3.73294E-1 3.73121E-1 3.76571E-1 3.75739E-1 3.77716E-1 3.7798E-1
3.80076E-1 3.9108E-1 4.28423E-1 4.5507E-1 4.54176E-1 4.51173E-1 4.51346E-1 4.52128E-1 4.54856E-1 4.55522E-1 4.44724E-1 3.95126E-1 3.88355E-1 3.74283E-1 3.74933E-1 3.70821E-1 3.70563E-1 3.72646E-1 3.74019E-1 3.71399E-1 3.80477E-1 3.70295E-1 3.65568E-1 3.65761E-1 3.67212E-1 3.74408E-1 3.73009E-1 3.62689E-1 3.59531E-1 3.57903E-1 3.60751E-1 3.65889E-1 3.63954E-1 3.62227E-1 3.63186E-1 3.66506E-1 3.68346E-1 3.662E-1 3.65167E-1 3.65781E-1 3.66192E-1 3.61478E-1 3.63304E-1 3.61565E-1 3.60243E-1 3.61058E-1 3.73436E-1 3.728E-1 3.70764E-1 3.73887E-1 3.73998E-1 3.80531E-1 3.73517E-1 3.70138E-1 3.72152E-1 3.70648E-1 3.72146E-1 3.72798E-1 3.78844E-1 3.75486E-1 3.77388E-1
4.01097E-1 4.07785E-1 4.40174E-1 4.53419E-1 4.56252E-1 4.53271E-1 4.51925E-1 4.51612E-1 4.54125E-1 4.58115E-1 4.54267E-1 4.27118E-1 3.98967E-1 3.79627E-1 3.70826E-1 3.73229E-1 3.70064E-1 3.6717E-1 3.71018E-1 3.68628E-1 3.68066E-1 3.71652E-1 3.73141E-1 3.69399E-1 3.663E-1 3.67904E-1 3.67516E-1 3.68394E-1 3.66582E-1 3.63463E-1 3.64661E-1 3.65394E-1 3.61941E-1 3.63881E-1 3.68799E-1 3.75209E-1 3.67393E-1 3.62861E-1 3.60913E-1 3.63667E-1 3.63151E-1 3.64597E-1 3.66416E-1 3.65393E-1 3.66467E-1 3.68766E-1 3.64503E-1 3.65192E-1 3.69311E-1 3.67781E-1 3.69737E-1 3.73022E-1 3.699E-1 3.69854E-1 3.69064E-1 3.71715E-1 3.71472E-1 3.74203E-1 3.76203E-1 3.74441E-1 3.73616E-1
3.9862E-1 3.97205E-1 4.11461E-1 4.30659E-1 4.33335E-1 4.3468E-1 4.47744E-1 4.53137E-1 4.55118E-1 4.59512E-1 4.58437E-1 4.48237E-1 4.19036E-1 3.85657E-1 3.8053E-1 3.74015E-1 3.73565E-1 3.7058E-1 3.69434E-1 3.70769E-1 3.76002E-1 3.71924E-1 3.69693E-1 3.7417E-1 3.75781E-1 3.79811E-1 3.82169E-1 3.82963E-1 3.75234E-1 3.74231E-1 3.71828E-1 3.68497E-1 3.68539E-1 3.67725E-1 3.66671E-1 3.79851E-1 3.86159E-1 3.78636E-1 3.84337E-1 3.83173E-1 3.86777E-1 3.82129E-1 3.70644E-1 3.68591E-1 3.6882E-1 3.73097E-1 3.65093E-1 3.65696E-1 3.68973E-1 3.75118E-1 3.73979E-1 3.73582E-1 3.70129E-1 3.68297E-1 3.67233E-1 3.66948E-1 3.72244E-1 3.80232E-1 3.80204E-1 3.77216E-1 3.79559E-1
3.97544E-1 3.92858E-1 3.92338E-1 4.02105E-1 4.31688E-1 4.46076E-1 4.55373E-1 4.54066E-1 4.54238E-1 4.61777E-1 4.6154E-1 4.54402E-1 4.24705E-1 3.9718E-1 3.90969E-1 3.81179E-1 3.75685E-1 3.75437E-1 3.7613E-1 3.76037E-1 3.7811E-1 3.78827E-1 3.72855E-1 3.75952E-1 3.79266E-1 3.8346E-1 3.8084E-1 3.82154E-1 3.77733E-1 3.74536E-1 3.73794E-1 3.71782E-1 3.76525E-1 3.82899E-1 3.76072E-1 3.81678E-1 3.83572E-1 3.7708E-1 3.78531E-1 3.76949E-1 3.77814E-1 3.74628E-1 3.69923E-1 3.70015E-1 3.75182E-1 3.79795E-1 3.78823E-1 3.73354E-1 3.82258E-1 3.77381E-1 3.76095E-1 3.78751E-1 3.77072E-1 3.68958E-1 3.69194E-1 3.69201E-1 3.72274E-1 3.80571E-1 3.81352E-1 3.82313E-1 3.84216E-1
4.0109E-1 3.93411E-1 3.94891E-1 4.05053E-1 4.37523E-1 4.5477E-1 4.52853E-1 4.54825E-1 4.53947E-1 4.56052E-1 4.56761E-1 4.57473E-1 4.47221E-1 4.03477E-1 3.9123E-1 3.86542E-1 3.87848E-1 3.96859E-1 3.89009E-1 3.85085E-1 3.82112E-1 3.80312E-1 3.79426E-1 3.78259E-1 3.76385E-1 3.88036E-1 3.81244E-1 3.82342E-1 3.8201E-1 3.82253E-1 3.80408E-1 3.75614E-1 3.78296E-1 3.80973E-1 3.78355E-1 3.79969E-1 3.78611E-1 3.75372E-1 3.72546E-1 3.71905E-1 3.71067E-1 3.75931E-1 3.73513E-1 3.70135E-1 3.72505E-1 3.7284E-1 3.70433E-1 3.69946E-1 3.75919E-1 3.73669E-1 3.70787E-1 3.81365E-1 3.82875E-1 3.81631E-1 3.71598E-1 3.70343E-1 3.74525E-1 3.75761E-1 3.76763E-1 3.75856E-1 3.76939E-1
4.01395E-1 3.91821E-1 3.93192E-1 4.00023E-1 4.02141E-1 4.25543E-1 4.4882E-1 4.53117E-1 4.53023E-1 4.51549E-1 4.55054E-1 4.52643E-1 4.47521E-1 4.39091E-1 3.98316E-1 3.87276E-1 3.91463E-1 3.8569E-1 3.89654E-1 3.93247E-1 3.91661E-1 3.86116E-1 3.84269E-1 3.82888E-1 3.85275E-1 3.81521E-1 3.82286E-1 3.86415E-1 3.80359E-1 3.83008E-1 3.85919E-1 3.82792E-1 3.88825E-1 3.81861E-1 3.8021E-1 3.79044E-1 3.78334E-1 3.80637E-1 3.81359E-1 3.82203E-1 3.76522E-1 3.75955E-1 3.77118E-1 3.76377E-1 3.7268E-1 3.70166E-1 3.69566E-1 3.83189E-1 3.79449E-1 3.74426E-1 3.72338E-1 3.71359E-1 3.68075E-1 3.68087E-1 3.73882E-1 3.73489E-1 3.74205E-1 3.71581E-1 3.75251E-1 3.76818E-1 3.75078E-1
4.04695E-1 3.91412E-1 3.92099E-1 3.92373E-1 3.94235E-1 3.97614E-1 4.30869E-1 4.50134E-1 4.38847E-1 4.37099E-1 4.55712E-1 4.47758E-1 4.43028E-1 4.35942E-1 4.2044E-1 3.90859E-1 3.92955E-1 3.87747E-1 3.87546E-1 3.83758E-1 3.82832E-1 3.85025E-1 3.84323E-1 3.84021E-1 3.87689E-1 3.85184E-1 3.81638E-1 3.83299E-1 3.7924E-1 3.78262E-1 3.80821E-1 3.81326E-1 3.81207E-1 3.78319E-1 3.82252E-1 3.84506E-1 3.82794E-1 3.80555E-1 3.8046E-1 3.80005E-1 3.76635E-1 3.75655E-1 3.7684E-1 3.779E-1 3.74216E-1 3.71665E-1 3.70495E-1 3.75317E-1 3.72575E-1 3.70246E-1 3.66395E-1 3.65715E-1 3.66347E-1 3.67237E-1 3.66941E-1 3.69199E-1 3.71961E-1 3.72305E-1 3.73292E-1 3.75239E-1 3.79388E-1
3.97518E-1 3.8857E-1 3.85123E-1 3.90763E-1 3.9297E-1 3.9477E-1 3.9836E-1 4.12468E-1 4.44524E-1 4.44513E-1 4.49346E-1 4.47609E-1 4.40861E-1 4.29398E-1 4.26965E-1 3.94783E-1 3.93771E-1 3.89343E-1 3.89149E-1 3.86001E-1 3.85698E-1 3.87886E-1 3.85032E-1 3.83458E-1 3.89376E-1 3.86304E-1 3.83914E-1 3.88443E-1 3.78656E-1 3.82561E-1 3.85533E-1 3.85131E-1 3.8185E-1 3.81622E-1 3.89806E-1 3.82743E-1 3.7847E-1 3.7256E-1 3.75725E-1 3.76451E-1 3.85823E-1 3.8139E-1 3.73907E-1 3.71472E-1 3.68694E-1 3.68394E-1 3.69025E-1 3.70223E-1 3.67676E-1 3.67385E-1 3.68223E-1 3.65095E-1 3.68678E-1 3.66545E-1 3.67761E-1 3.6888E-1 3.69723E-1 3.69628E-1 3.70646E-1 3.73165E-1 3.76073E-1
3.92438E-1 3.8957E-1 3.90383E-1 3.93982E-1 3.92924E-1 3.93543E-1 3.96319E-1 4.02365E-1 4.19635E-1 4.45302E-1 4.27223E-1 4.21105E-1 4.35019E-1 4.40372E-1 4.36228E-1 4.07655E-1 3.94941E-1 3.90895E-1 3.89846E-1 3.88326E-1 3.87575E-1 3.90306E-1 3.8832E-1 3.93884E-1 4.02009E-1 3.99047E-1 3.93714E-1 3.90555E-1 3.92048E-1 3.92429E-1 3.92624E-1 3.93592E-1 3.94685E-1 3.88319E-1 3.87191E-1 3.78603E-1 3.74988E-1 3.79616E-1 3.75841E-1 3.77394E-1 3.77986E-1 3.74718E-1 3.7219E-1 3.7385E-1 3.7461E-1 3.71788E-1 3.68578E-1 3.69476E-1 3.70893E-1 3.70049E-1 3.72895E-1 3.71404E-1 3.66948E-1 3.66276E-1 3.67852E-1 3.70949E-1 3.73073E-1 3.72856E-1 3.74295E-1 3.76396E-1 3.77128E-1
3.87565E-1 3.90572E-1 3.89029E-1 3.88827E-1 3.88099E-1 3.93961E-1 3.96798E-1 3.97439E-1 4.02565E-1 4.18569E-1 4.10101E-1 4.13522E-1 4.06332E-1 4.31093E-1 4.37723E-1 4.30745E-1 4.01774E-1 3.93696E-1 3.8809E-1 3.8597E-1 3.88322E-1 3.92125E-1 3.92965E-1 3.94928E-1 4.02878E-1 3.89466E-1 3.92827E-1 3.84519E-1 3.87635E-1 3.87634E-1 3.89215E-1 3.91712E-1 3.95841E-1 3.92166E-1 3.88492E-1 3.81875E-1 3.81278E-1 3.82581E-1 3.80577E-1 3.81616E-1 3.7955E-1 3.77574E-1 3.74878E-1 3.7563E-1 3.74633E-1 3.77539E-1 3.72302E-1 3.7123E-1 3.77978E-1 3.75274E-1 3.77581E-1 3.73072E-1 3.68384E-1 3.67296E-1 3.71255E-1 3.7362E-1 3.75492E-1 3.73976E-1 3.73523E-1 3.75307E-1 3.80341E-1
3.99988E-1 3.92038E-1 3.90115E-1 3.8905E-1 3.85878E-1 3.89286E-1 3.99793E-1 3.9913E-1 3.9044E-1 3.9043E-1 4.00894E-1 4.06106E-1 4.23037E-1 4.24939E-1 4.28258E-1 4.24661E-1 4.15654E-1 3.96518E-1 3.87678E-1 3.88072E-1 3.89674E-1 3.88831E-1 3.91016E-1 3.9461E-1 3.8964E-1 3.91107E-1 3.84711E-1 3.91018E-1 3.90993E-1 3.95202E-1 3.91873E-1 3.9206E-1 3.97079E-1 3.96399E-1 3.97029E-1 3.92997E-1 3.91633E-1 3.8885E-1 3.8975E-1 3.89345E-1 3.88538E-1 3.80893E-1 3.78611E-1 3.78563E-1 3.81481E-1 3.85135E-1 3.8063E-1 3.77691E-1 3.77348E-1 3.79274E-1 3.80206E-1 3.75779E-1 3.78085E-1 3.73754E-1 3.74757E-1 3.76678E-1 3.73046E-1 3.76941E-1 3.79698E-1 3.79115E-1 3.8316E-1
3.94522E-1 3.93922E-1 3.96007E-1 3.95688E-1 3.91446E-1 3.9099E-1 3.88783E-1 3.75914E-1 3.83636E-1 3.92517E-1 4.01507E-1 4.04762E-1 4.11284E-1 4.26649E-1 4.14563E-1 3.97164E-1 4.1691E-1 4.0707E-1 3.88669E-1 3.87363E-1 3.8843E-1 3.89409E-1 3.90717E-1 3.94916E-1 3.87322E-1 3.90071E-1 3.86273E-1 3.87329E-1 3.90651E-1 3.91586E-1 3.91425E-1 3.91153E-1 3.91448E-1 3.94214E-1 3.92601E-1 3.92823E-1 3.91704E-1 3.90762E-1 3.9046E-1 3.90754E-1 3.87583E-1 3.85581E-1 3.81608E-1 3.83171E-1 3.84899E-1 3.92198E-1 3.81557E-1 3.81125E-1 3.81957E-1 3.77994E-1 3.80235E-1 3.78247E-1 3.78558E-1 3.77915E-1 3.76602E-1 3.75941E-1 3.74919E-1 3.76089E-1 3.76007E-1 3.76628E-1 3.78729E-1
3.77493E-1 3.86449E-1 3.98168E-1 3.93757E-1 3.80279E-1 3.65061E-1 3.73389E-1 3.75408E-1 3.85629E-1 3.94776E-1 3.97131E-1 3.92786E-1 3.98988E-1 4.09745E-1 3.97048E-1 4.07886E-1 4.28308E-1 4.29777E-1 3.97824E-1 3.88867E-1 3.84616E-1 3.8249E-1 3.81997E-1 3.86424E-1 3.8902E-1 3.87801E-1 3.90033E-1 3.96922E-1 3.9534E-1 3.90735E-1 3.90303E-1 3.85878E-1 3.89077E-1 3.82914E-1 3.87138E-1 3.91503E-1 3.94014E-1 3.93735E-1 3.89603E-1 3.88984E-1 3.87182E-1 3.94076E-1 4.00697E-1 3.98136E-1 3.88945E-1 3.96424E-1 3.8688E-1 3.82708E-1 3.84141E-1 3.84293E-1 3.83935E-1 3.82861E-1 3.80032E-1 3.79404E-1 3.78853E-1 3.77764E-1 3.75543E-1 3.75595E-1 3.76143E-1 3.77187E-1 3.80292E-1
3.75493E-1 3.82986E-1 3.9008E-1 3.96977E-1 3.93137E-1 3.78379E-1 3.60514E-1 3.72394E-1 3.83647E-1 3.83584E-1 3.8359E-1 3.87136E-1 3.92929E-1 3.9493E-1 3.90975E-1 4.10788E-1 4.10271E-1 4.2309E-1 4.12643E-1 3.92248E-1 3.83801E-1 3.81416E-1 3.81472E-1 3.85023E-1 3.90262E-1 3.88263E-1 3.89947E-1 3.94625E-1 3.97488E-1 3.91588E-1 3.92935E-1 3.9096E-1 3.90511E-1 3.90733E-1 3.91117E-1 3.92428E-1 4.17919E-1 4.21216E-1 4.00144E-1 3.94234E-1 3.97423E-1 3.94078E-1 3.94014E-1 3.95613E-1 3.95954E-1 3.97934E-1 3.967E-1 3.9448E-1 3.89688E-1 3.86624E-1 3.83668E-1 3.84273E-1 3.85958E-1 3.84238E-1 3.819E-1 3.82797E-1 3.79613E-1 3.77945E-1 3.7928E-1 3.83165E-1 3.8544E-1
3.79172E-1 3.80072E-1 3.89547E-1 3.95353E-1 3.9251E-1 3.84344E-1 3.71E-1 3.70974E-1 3.82665E-1 3.8513E-1 3.74939E-1 3.71906E-1 3.75167E-1 3.8143E-1 3.81067E-1 3.98435E-1 4.08837E-1 4.27174E-1 4.08591E-1 3.85254E-1 3.82898E-1 3.86499E-1 3.8385E-1 3.83258E-1 3.84806E-1 3.88033E-1 3.9403E-1 3.91709E-1 3.91229E-1 3.90189E-1 3.91673E-1 3.93956E-1 3.98441E-1 4.04261E-1 4.00747E-1 3.96241E-1 4.07336E-1 4.10931E-1 4.01174E-1 3.95115E-1 4.02965E-1 3.98764E-1 3.95508E-1 3.94836E-1 3.98189E-1 3.94272E-1 3.93728E-1 4.00957E-1 4.0031E-1 3.92009E-1 3.85645E-1 3.87786E-1 3.97186E-1 3.97612E-1 3.91861E-1 3.90355E-1 3.82581E-1 3.81603E-1 3.83377E-1 3.8639E-1 3.88358E-1
3.81779E-1 3.92642E-1 3.93641E-1 3.93235E-1 3.94988E-1 3.92218E-1 3.82561E-1 3.70443E-1 3.71505E-1 3.76041E-1 3.75887E-1 3.74352E-1 3.72353E-1 3.78177E-1 3.80215E-1 4.18528E-1 4.27141E-1 4.30789E-1 4.13802E-1 3.86262E-1 3.87334E-1 3.84881E-1 3.84845E-1 3.85884E-1 3.83576E-1 3.87377E-1 3.89283E-1 3.91302E-1 3.89833E-1 3.91641E-1 3.85018E-1 3.89791E-1 3.99474E-1 3.99021E-1 4.04734E-1 4.06299E-1 4.04569E-1 3.99888E-1 3.97628E-1 3.94859E-1 3.92084E-1 3.96022E-1 3.93932E-1 3.9534E-1 3.93715E-1 3.95996E-1 3.95938E-1 3.93908E-1 3.91747E-1 3.89934E-1 3.91815E-1 3.95753E-1 3.89056E-1 3.84998E-1 3.87934E-1 3.92759E-1 3.86424E-1 3.84963E-1 3.87577E-1 3.88832E-1 3.94212E-1
3.82802E-1 3.83179E-1 3.91112E-1 3.86984E-1 3.94216E-1 4.07857E-1 4.06823E-1 3.87494E-1 3.73355E-1 3.73675E-1 3.81285E-1 3.75235E-1 3.77017E-1 3.74735E-1 3.81552E-1 4.17218E-1 4.24986E-1 4.20709E-1 4.13414E-1 3.91775E-1 3.86954E-1 3.81562E-1 3.81138E-1 3.84085E-1 3.85614E-1 3.88897E-1 3.87541E-1 3.90915E-1 3.87747E-1 3.90692E-1 3.9552E-1 3.99112E-1 4.00425E-1 3.94247E-1 3.95569E-1 4.08355E-1 4.15115E-1 4.05729E-1 4.03559E-1 4.02314E-1 3.9813E-1 3.96651E-1 3.92165E-1 3.96629E-1 4.00281E-1 4.00554E-1 3.97799E-1 3.99805E-1 3.96989E-1 3.99404E-1 3.95144E-1 3.9413E-1 3.90776E-1 3.90876E-1 3.89318E-1 3.89133E-1 3.86736E-1 3.86652E-1 3.91096E-1 3.94225E-1 3.95331E-1
3.89089E-1 3.86427E-1 3.88457E-1 3.86798E-1 3.85522E-1 4.07757E-1 4.14638E-1 4.13336E-1 3.90444E-1 3.74977E-1 3.78749E-1 3.7375E-1 3.77261E-1 3.68393E-1 3.76017E-1 4.09547E-1 4.17767E-1 4.03643E-1 3.95427E-1 3.89796E-1 3.89538E-1 3.81853E-1 3.79631E-1 3.81717E-1 3.81867E-1 3.85003E-1 3.90171E-1 3.90629E-1 3.87351E-1 3.93484E-1 3.99895E-1 3.92677E-1 3.94663E-1 4.00523E-1 4.05036E-1 4.13833E-1 4.16145E-1 4.1354E-1 4.21487E-1 4.12449E-1 4.08268E-1 4.01223E-1 4.03006E-1 4.0004E-1 4.05915E-1 4.12188E-1 4.04755E-1 3.99439E-1 3.9583E-1 3.98656E-1 4.01855E-1 3.95596E-1 3.92402E-1 3.91394E-1 3.96509E-1 3.88803E-1 3.89225E-1 3.92118E-1 3.96364E-1 3.97006E-1 4.01031E-1
3.85578E-1 3.89071E-1 3.89316E-1 3.91952E-1 3.93659E-1 4.04712E-1 4.17468E-1 4.16014E-1 4.10563E-1 3.83433E-1 3.77901E-1 3.80083E-1 3.73864E-1 3.7076E-1 3.70762E-1 3.92585E-1 4.02545E-1 3.95381E-1 3.85264E-1 3.85779E-1 3.87987E-1 3.90782E-1 3.85819E-1 3.83976E-1 3.86961E-1 3.90268E-1 3.89104E-1 3.92633E-1 3.97223E-1 3.99585E-1 4.03244E-1 4.00043E-1 4.03241E-1 4.11328E-1 4.1546E-1 4.11585E-1 4.17086E-1 4.21924E-1 4.2238E-1 4.31187E-1 4.29323E-1 4.21268E-1 4.14534E-1 4.15132E-1 4.22978E-1 4.25018E-1 4.06265E-1 4.06155E-1 4.03328E-1 3.97856E-1 3.94043E-1 3.94533E-1 3.91923E-1 3.93748E-1 4.00233E-1 3.91202E-1 3.93081E-1 3.96916E-1 3.9864E-1 4.01294E-1 4.02299E-1
3.78874E-1 3.87678E-1 3.90524E-1 3.90712E-1 3.91387E-1 3.975E-1 4.08354E-1 4.07165E-1 3.93147E-1 3.76665E-1 3.73687E-1 3.71992E-1 3.67541E-1 3.67247E-1 3.64877E-1 3.70511E-1 3.75707E-1 3.84868E-1 3.78539E-1 3.87007E-1 3.88132E-1 3.88969E-1 3.90763E-1 3.87042E-1 3.89784E-1 3.94645E-1 3.96508E-1 4.00714E-1 3.99493E-1 3.98253E-1 4.06176E-1 4.058E-1 4.09969E-1 4.11496E-1 4.08353E-1 4.06608E-1 4.13051E-1 4.18573E-1 4.21896E-1 4.20237E-1 4.22987E-1 4.28313E-1 4.32786E-1 4.31368E-1 4.29041E-1 4.19964E-1 4.16087E-1 4.07509E-1 4.07798E-1 4.00068E-1 3.94928E-1 3.9104E-1 3.92176E-1 3.92051E-1 3.97898E-1 3.99339E-1 3.96286E-1 3.96501E-1 3.9841E-1 4.02655E-1 4.07711E-1
3.67781E-1 3.8067E-1 3.87661E-1 3.8745E-1 3.88503E-1 3.84631E-1 3.81038E-1 3.78756E-1 3.77124E-1 3.75888E-1 3.74616E-1 3.69379E-1 3.67528E-1 3.6669E-1 3.65997E-1 3.71821E-1 3.76616E-1 3.83E-1 3.87766E-1 3.92832E-1 3.90092E-1 3.87562E-1 3.90504E-1 3.90657E-1 3.90498E-1 3.9496E-1 3.94421E-1 3.98865E-1 4.0255E-1 4.03395E-1 3.977E-1 4.01912E-1 4.05845E-1 4.05129E-1 4.14394E-1 4.16693E-1 4.10091E-1 4.10063E-1 4.0885E-1 4.0469E-1 4.04823E-1 4.1018E-1 4.16234E-1 4.35413E-1 4.3318E-1 4.29573E-1 4.17388E-1 4.12318E-1 4.06054E-1 4.07549E-1 3.991E-1 3.98209E-1 4.09487E-1 4.0321E-1 4.04704E-1 4.0642E-1 4.02636E-1 3.99485E-1 4.00801E-1 4.05846E-1 4.10383E-1
3.68329E-1 3.72219E-1 3.80702E-1 3.85665E-1 3.85758E-1 3.87491E-1 3.8533E-1 3.8291E-1 3.81806E-1 3.76862E-1 3.77528E-1 3.75482E-1 3.73992E-1 3.73612E-1 3.71286E-1 3.78637E-1 3.82146E-1 3.8768E-1 3.92073E-1 3.89922E-1 3.88026E-1 3.90886E-1 3.92504E-1 3.93996E-1 3.9014E-1 3.88266E-1 3.90236E-1 3.92873E-1 3.95756E-1 4.01373E-1 3.99511E-1 4.01732E-1 4.0347E-1 4.0683E-1 4.09287E-1 4.13812E-1 4.09623E-1 4.09676E-1 4.07994E-1 4.09998E-1 4.06894E-1 4.15371E-1 4.18545E-1 4.28668E-1 4.35941E-1 4.34693E-1 4.22576E-1 4.12364E-1 4.11929E-1 4.07601E-1 4.14981E-1 4.04647E-1 4.00313E-1 3.97814E-1 4.00484E-1 4.00671E-1 4.01843E-1 4.03089E-1 4.04625E-1 4.14225E-1 4.26862E-1
3.63202E-1 3.71164E-1 3.74999E-1 3.77454E-1 3.84724E-1 3.91261E-1 3.88862E-1 3.87168E-1 3.88502E-1 3.86583E-1 3.79732E-1 3.79873E-1 3.79104E-1 3.76167E-1 3.7365E-1 3.75934E-1 3.76847E-1 3.80806E-1 3.90418E-1 3.91364E-1 3.90708E-1 3.90981E-1 3.88952E-1 3.86678E-1 3.86373E-1 3.88217E-1 3.86741E-1 3.89928E-1 3.99067E-1 4.02773E-1 4.08857E-1 4.02852E-1 4.05493E-1 4.07448E-1 4.10062E-1 4.12163E-1 4.15143E-1 4.21411E-1 4.19317E-1 4.1381E-1 4.23259E-1 4.21344E-1 4.20479E-1 4.21044E-1 4.26894E-1 4.34236E-1 4.27839E-1 4.21291E-1 4.17587E-1 4.05646E-1 3.99491E-1 4.00823E-1 4.00903E-1 4.04398E-1 4.07174E-1 4.04212E-1 4.06992E-1 4.06455E-1 4.12184E-1 4.16696E-1 4.23118E-1
3.65682E-1 3.68649E-1 3.66358E-1 3.73835E-1 3.82123E-1 3.86629E-1 3.88774E-1 3.91248E-1 3.90207E-1 3.8814E-1 3.76812E-1 3.80189E-1 3.80695E-1 3.758E-1 3.71476E-1 3.7556E-1 3.78133E-1 3.76117E-1 3.84444E-1 3.86168E-1 3.88121E-1 3.88412E-1 3.87316E-1 3.83045E-1 3.79945E-1 3.81588E-1 4.05826E-1 4.00428E-1 3.99597E-1 4.1875E-1 4.20183E-1 4.0272E-1 4.04551E-1 4.09506E-1 4.14239E-1 4.11751E-1 4.12205E-1 4.15103E-1 4.17709E-1 4.15227E-1 4.16926E-1 4.26884E-1 4.24058E-1 4.21947E-1 4.25635E-1 4.36075E-1 4.46973E-1 4.39651E-1 4.22243E-1 4.13363E-1 3.96747E-1 3.95112E-1 3.9708E-1 4.01439E-1 4.05326E-1 4.07325E-1 4.034E-1 4.07618E-1 4.13546E-1 4.16777E-1 4.21321E-1
