maxent_outputs/white_flowers_troch_bombus_environ/white_116.asc
ncols         426
nrows         180
xllcorner     -130.0
yllcorner     24.0
cellsize      0.16666666666666666
NODATA_value  -9999
[rows 27 to 53 of 180, columns 122 to 182 of 426]
2.63267E-1 2.65604E-1 2.64225E-1 2.71627E-1 2.89113E-1 2.94214E-1 2.80774E-1 2.7839E-1 2.78262E-1 2.72482E-1 2.70442E-1 2.6744E-1 2.6946E-1 2.89518E-1 2.99455E-1 2.99163E-1 2.99406E-1 2.92741E-1 2.94401E-1 2.99254E-1 3.04363E-1 3.07052E-1 3.07417E-1 3.08895E-1 3.04186E-1 3.21848E-1 2.8612E-1 2.85017E-1 3.05706E-1 3.27912E-1 3.27924E-1 3.29887E-1 3.27724E-1 3.18038E-1 3.13496E-1 3.08756E-1 3.01355E-1 2.99855E-1 2.95575E-1 2.91472E-1 2.86638E-1 2.85096E-1 2.82926E-1 2.84639E-1 2.85697E-1 2.82752E-1 2.7336E-1 2.7242E-1 2.8181E-1 2.90488E-1 2.91223E-1 2.89633E-1 2.89969E-1 2.9392E-1 3.03234E-1 3.0339E-1 2.96161E-1 2.90667E-1 2.9233E-1 2.88268E-1 2.83719E-1
2.55673E-1 2.57185E-1 2.66338E-1 2.74199E-1 2.87696E-1 2.83706E-1 2.73547E-1 2.6986E-1 2.71821E-1 2.72536E-1 2.69268E-1 2.72075E-1 2.6849E-1 2.67228E-1 2.72562E-1 2.82395E-1 2.86917E-1 2.82581E-1 2.8167E-1 2.83599E-1 2.92011E-1 2.94806E-1 2.9721E-1 3.08707E-1 3.18899E-1 2.88512E-1 2.70963E-1 2.64431E-1 2.81646E-1 2.88123E-1 3.11537E-1 3.17272E-1 3.11469E-1 3.11258E-1 3.14043E-1 3.09378E-1 3.04318E-1 3.00773E-1 2.98032E-1 2.93045E-1 2.91357E-1 2.89208E-1 2.88976E-1 2.88286E-1 2.89093E-1 2.89391E-1 2.84329E-1 2.82037E-1 2.88413E-1 2.95857E-1 2.895E-1 2.87837E-1 2.89195E-1 2.93617E-1 2.94732E-1 2.97006E-1 2.94516E-1 2.91934E-1 2.89612E-1 2.90387E-1 2.8553E-1
2.6118E-1 2.65074E-1 2.66242E-1 2.78675E-1 2.92055E-1 2.90444E-1 2.85294E-1 2.78198E-1 2.75975E-1 2.72763E-1 2.74207E-1 2.79576E-1 2.7273E-1 2.72185E-1 2.72675E-1 2.6769E-1 2.64899E-1 2.62284E-1 2.66243E-1 2.73518E-1 2.82899E-1 2.90145E-1 2.89465E-1 2.74211E-1 3.02383E-1 3.16067E-1 3.37348E-1 2.92939E-1 2.6101E-1 2.89259E-1 2.89447E-1 2.86607E-1 2.9468E-1 3.02291E-1 3.04903E-1 3.10243E-1 3.12201E-1 3.06021E-1 3.01644E-1 3.00793E-1 2.99211E-1 2.93305E-1 2.92963E-1 2.90764E-1 2.94107E-1 2.93627E-1 2.91131E-1 2.90769E-1 2.85424E-1 2.93056E-1 2.89667E-1 2.89076E-1 2.88995E-1 2.90287E-1 2.91057E-1 2.89129E-1 2.87708E-1 2.89954E-1 2.94621E-1 2.96301E-1 2.89769E-1
2.88053E-1 2.81998E-1 2.81381E-1 2.86113E-1 2.90269E-1 2.92913E-1 2.91871E-1 2.87797E-1 2.87787E-1 2.84177E-1 2.84112E-1 2.84286E-1 2.78943E-1 2.80839E-1 2.8382E-1 2.75857E-1 2.74304E-1 2.72606E-1 2.78246E-1 2.86075E-1 2.88259E-1 2.84882E-1 2.76859E-1 2.84348E-1 2.74868E-1 2.97999E-1 3.08929E-1 2.69684E-1 2.53955E-1 3.26841E-1 3.26683E-1 3.07009E-1 3.00662E-1 3.06474E-1 3.05582E-1 3.01273E-1 2.99941E-1 3.05946E-1 3.06357E-1 3.10968E-1 3.1079E-1 3.02725E-1 2.99832E-1 2.97432E-1 2.95884E-1 2.93681E-1 2.93643E-1 2.94838E-1 2.9459E-1 2.96194E-1 2.93877E-1 2.90154E-1 2.91701E-1 2.889E-1 2.8496E-1 2.79929E-1 2.80744E-1 2.8054E-1 2.83182E-1 2.95273E-1 2.9527E-1
3.16623E-1 3.12E-1 3.10414E-1 3.03508E-1 3.01469E-1 2.99829E-1 2.95663E-1 2.93929E-1 2.95658E-1 2.96176E-1 2.933E-1 2.92114E-1 2.83642E-1 2.77898E-1 2.87129E-1 2.84626E-1 2.84486E-1 2.85196E-1 2.82092E-1 2.83996E-1 2.90196E-1 2.89922E-1 2.83699E-1 2.81675E-1 2.58258E-1 2.61162E-1 2.85253E-1 2.89926E-1 2.55565E-1 2.74929E-1 2.95663E-1 3.06014E-1 3.11884E-1 3.1411E-1 3.11038E-1 3.03265E-1 2.98338E-1 3.02583E-1 3.05357E-1 3.00514E-1 2.95841E-1 2.9333E-1 2.95854E-1 2.99155E-1 2.99774E-1 2.97887E-1 2.94485E-1 2.92664E-1 2.96985E-1 2.98164E-1 3.00502E-1 2.96379E-1 2.9869E-1 2.94116E-1 2.90536E-1 2.88332E-1 2.85442E-1 2.82436E-1 2.82409E-1 2.8926E-1 2.88927E-1
3.38608E-1 3.36426E-1 3.3549E-1 3.27282E-1 3.22266E-1 3.16284E-1 3.095E-1 3.02998E-1 2.98033E-1 2.95047E-1 2.95781E-1 2.95817E-1 2.92401E-1 2.89088E-1 2.87163E-1 2.91142E-1 2.93386E-1 2.93978E-1 2.89996E-1 2.90807E-1 2.91349E-1 2.92385E-1 2.91712E-1 2.90799E-1 2.70506E-1 3.0542E-1 2.96598E-1 2.97251E-1 2.80343E-1 2.73136E-1 2.94975E-1 3.13151E-1 3.18308E-1 3.20377E-1 3.18004E-1 3.16034E-1 3.1158E-1 3.01934E-1 2.99677E-1 2.98053E-1 2.91436E-1 2.8793E-1 2.83692E-1 2.83208E-1 2.84609E-1 2.9185E-1 2.94675E-1 2.95571E-1 3.01749E-1 3.06939E-1 3.07391E-1 2.97599E-1 2.933E-1 2.98569E-1 2.94898E-1 2.94244E-1 2.89748E-1 2.89393E-1 2.88699E-1 2.9606E-1 2.94661E-1
3.40717E-1 3.4366E-1 3.46453E-1 3.46825E-1 3.38657E-1 3.30202E-1 3.18957E-1 3.16684E-1 3.115E-1 3.03189E-1 3.03436E-1 3.02152E-1 3.00445E-1 3.08425E-1 3.07041E-1 3.09782E-1 3.01536E-1 2.98163E-1 2.98104E-1 3.00654E-1 3.01484E-1 3.03494E-1 2.99403E-1 2.85943E-1 2.5741E-1 2.62723E-1 3.12854E-1 2.7904E-1 2.60085E-1 2.94097E-1 3.08725E-1 3.06763E-1 3.13521E-1 3.15689E-1 3.13291E-1 3.22927E-1 3.21261E-1 3.07407E-1 2.98682E-1 2.92397E-1 2.90928E-1 2.86599E-1 2.84101E-1 2.79441E-1 2.75811E-1 2.74511E-1 2.82676E-1 2.89831E-1 2.92876E-1 3.03551E-1 3.06594E-1 3.03097E-1 2.94673E-1 2.92439E-1 2.95918E-1 2.99743E-1 3.06777E-1 2.95482E-1 2.93336E-1 2.96802E-1 3.00514E-1
3.17563E-1 3.20577E-1 3.317E-1 3.42214E-1 3.43861E-1 3.4396E-1 3.32129E-1 3.23246E-1 3.11875E-1 3.11274E-1 3.05475E-1 3.0777E-1 3.14496E-1 3.12227E-1 3.13065E-1 3.1771E-1 3.11791E-1 3.07622E-1 3.07625E-1 3.06738E-1 3.03883E-1 3.03579E-1 3.02014E-1 2.99035E-1 2.99218E-1 3.10956E-1 3.16034E-1 3.20531E-1 3.02605E-1 3.1178E-1 3.11214E-1 3.0203E-1 3.10124E-1 3.11316E-1 3.12626E-1 3.19526E-1 3.19633E-1 3.06491E-1 2.99577E-1 2.97394E-1 2.88988E-1 2.86963E-1 2.84821E-1 2.81614E-1 2.7705E-1 2.72371E-1 2.72584E-1 2.79259E-1 2.9163E-1 3.0343E-1 3.13997E-1 3.09072E-1 2.97926E-1 2.97973E-1 3.00748E-1 2.99898E-1 3.03669E-1 3.00085E-1 2.98008E-1 3.02195E-1 3.02519E-1
3.07729E-1 3.12807E-1 3.23921E-1 3.23389E-1 3.28901E-1 3.35505E-1 3.36585E-1 3.43446E-1 3.29254E-1 3.23041E-1 3.11899E-1 3.098E-1 3.09126E-1 3.10511E-1 3.17741E-1 3.18729E-1 3.15161E-1 3.0918E-1 3.12761E-1 3.21459E-1 3.1424E-1 3.09574E-1 3.09273E-1 3.08817E-1 3.1392E-1 3.16621E-1 3.16929E-1 3.12989E-1 3.19786E-1 3.18415E-1 3.17637E-1 3.15808E-1 3.17787E-1 3.14391E-1 3.1539E-1 3.24318E-1 3.21455E-1 3.16597E-1 3.16999E-1 3.11044E-1 3.10841E-1 3.04916E-1 2.95478E-1 2.81414E-1 2.76247E-1 2.73832E-1 2.76848E-1 2.75144E-1 2.83534E-1 2.9593E-1 3.05795E-1 3.08322E-1 3.04649E-1 3.04495E-1 3.07344E-1 3.07997E-1 3.09727E-1 3.10449E-1 3.06577E-1 2.97092E-1 2.94024E-1
3.11835E-1 3.09961E-1 3.2472E-1 3.32049E-1 3.30944E-1 3.21373E-1 3.23162E-1 3.37946E-1 3.40027E-1 3.3114E-1 3.25839E-1 3.19905E-1 3.20896E-1 3.24447E-1 3.32167E-1 3.3188E-1 3.276E-1 3.28959E-1 3.52428E-1 3.57762E-1 3.22199E-1 3.13768E-1 3.03748E-1 3.00409E-1 3.03387E-1 3.14877E-1 3.08967E-1 3.17946E-1 3.26107E-1 3.26908E-1 3.20983E-1 3.12535E-1 3.1488E-1 3.14806E-1 3.21001E-1 3.09348E-1 3.0787E-1 3.03314E-1 2.94474E-1 2.92025E-1 2.89231E-1 3.00627E-1 3.05115E-1 3.11566E-1 2.96195E-1 2.80707E-1 2.83309E-1 2.84402E-1 2.83007E-1 2.83134E-1 2.94301E-1 2.96899E-1 3.01796E-1 3.0578E-1 3.08218E-1 3.0874E-1 3.01487E-1 3.05563E-1 2.97463E-1 2.91153E-1 2.9283E-1
3.31877E-1 3.32847E-1 3.35881E-1 3.38779E-1 3.44164E-1 3.29801E-1 3.20755E-1 3.2003E-1 3.27691E-1 3.20585E-1 3.28378E-1 3.27936E-1 3.30629E-1 3.50927E-1 3.41987E-1 3.50058E-1 3.57442E-1 3.61127E-1 3.52931E-1 3.35193E-1 3.2751E-1 3.07761E-1 3.04651E-1 3.01272E-1 3.11807E-1 3.17947E-1 3.10602E-1 3.1553E-1 3.26784E-1 3.24435E-1 3.17219E-1 3.15452E-1 3.10226E-1 3.21405E-1 2.93923E-1 2.99924E-1 2.97799E-1 2.9734E-1 2.95979E-1 2.94578E-1 2.91235E-1 2.93059E-1 3.06271E-1 3.13136E-1 3.1743E-1 2.84337E-1 2.83258E-1 2.83543E-1 2.83728E-1 2.86449E-1 2.89254E-1 2.83433E-1 2.76527E-1 2.87563E-1 2.97689E-1 3.02739E-1 2.97146E-1 2.91815E-1 2.89735E-1 2.90275E-1 2.8919E-1
3.342E-1 3.19373E-1 3.08411E-1 3.26166E-1 3.33394E-1 3.35041E-1 3.31971E-1 3.33193E-1 3.31605E-1 3.32929E-1 3.3276E-1 3.49873E-1 3.52428E-1 3.5123E-1 3.42616E-1 3.51298E-1 3.55145E-1 3.39739E-1 3.28162E-1 3.20235E-1 3.19976E-1 3.06195E-1 3.02639E-1 3.02844E-1 3.10491E-1 3.12275E-1 3.08719E-1 3.30779E-1 3.17975E-1 3.32006E-1 3.3118E-1 3.24288E-1 3.17416E-1 2.87815E-1 2.78819E-1 2.87784E-1 2.99532E-1 3.02925E-1 2.97257E-1 3.01247E-1 3.04688E-1 2.98948E-1 2.98521E-1 3.07927E-1 3.19842E-1 3.11547E-1 2.97928E-1 2.96675E-1 3.07269E-1 3.14635E-1 3.04999E-1 2.91619E-1 2.78803E-1 2.81395E-1 2.86353E-1 2.87235E-1 2.89541E-1 2.86099E-1 2.89283E-1 2.86778E-1 2.85688E-1
3.31553E-1 3.24173E-1 3.25072E-1 3.32039E-1 3.28822E-1 3.2476E-1 3.14645E-1 3.16972E-1 3.27058E-1 3.3698E-1 3.39831E-1 3.35151E-1 3.29741E-1 3.22929E-1 3.1311E-1 3.16704E-1 3.18478E-1 3.13755E-1 3.13501E-1 3.13587E-1 3.12186E-1 3.06421E-1 2.98713E-1 3.0154E-1 3.06091E-1 3.14147E-1 3.23281E-1 3.19194E-1 3.23884E-1 3.39291E-1 3.16936E-1 3.22336E-1 3.09432E-1 2.90809E-1 2.9295E-1 3.04498E-1 3.05742E-1 2.97918E-1 2.86003E-1 2.89887E-1 2.89212E-1 2.94137E-1 2.87898E-1 2.9102E-1 2.93132E-1 2.94391E-1 3.0293E-1 3.02506E-1 2.93838E-1 3.01362E-1 2.92338E-1 2.86185E-1 2.85901E-1 2.89978E-1 2.85626E-1 2.82327E-1 2.83805E-1 2.82627E-1 2.83954E-1 2.82753E-1 2.84758E-1
3.17349E-1 3.11107E-1 3.11454E-1 3.22885E-1 3.30726E-1 3.24379E-1 3.1365E-1 3.1978E-1 3.27248E-1 3.36789E-1 3.39897E-1 3.2424E-1 3.2056E-1 3.22671E-1 3.22402E-1 3.20475E-1 3.21422E-1 3.19125E-1 3.19135E-1 3.17622E-1 3.08995E-1 3.02729E-1 3.01426E-1 3.02532E-1 3.0907E-1 3.11303E-1 3.18397E-1 3.37021E-1 2.98442E-1 2.39951E-1 2.89538E-1 3.07904E-1 2.81553E-1 3.1038E-1 3.03871E-1 3.03835E-1 3.03213E-1 2.97103E-1 2.86423E-1 2.89661E-1 2.9251E-1 2.95707E-1 2.95063E-1 2.94303E-1 2.96796E-1 3.01202E-1 2.99832E-1 3.03073E-1 3.0567E-1 3.08429E-1 3.12288E-1 3.08188E-1 3.04145E-1 3.01248E-1 2.94463E-1 2.91016E-1 2.84882E-1 2.7883E-1 2.79992E-1 2.78164E-1 2.77324E-1
3.11212E-1 3.04757E-1 3.09185E-1 3.2061E-1 3.26484E-1 3.2365E-1 3.23166E-1 3.12141E-1 3.11737E-1 3.19517E-1 3.31339E-1 3.18895E-1 3.08558E-1 3.19543E-1 3.28948E-1 3.28147E-1 3.29586E-1 3.19512E-1 3.09755E-1 3.05508E-1 3.06415E-1 3.0369E-1 3.00506E-1 3.04099E-1 3.03984E-1 3.11909E-1 3.22275E-1 3.33166E-1 2.75996E-1 2.68438E-1 2.37447E-1 3.03892E-1 3.13551E-1 3.11276E-1 3.0593E-1 3.03961E-1 3.01852E-1 2.91124E-1 2.83422E-1 2.83722E-1 2.93157E-1 3.02228E-1 3.03636E-1 3.01629E-1 2.98772E-1 3.01295E-1 3.00049E-1 2.99187E-1 2.99592E-1 3.01648E-1 3.1044E-1 3.11323E-1 3.18643E-1 2.99741E-1 2.95939E-1 2.92777E-1 2.9065E-1 2.91067E-1 2.81014E-1 2.84562E-1 2.78658E-1
3.10288E-1 3.08641E-1 3.10294E-1 3.1413E-1 3.18358E-1 3.22621E-1 3.29955E-1 3.16376E-1 3.21333E-1 3.2616E-1 3.24365E-1 3.04599E-1 3.02769E-1 3.09404E-1 3.11056E-1 3.15337E-1 3.13231E-1 3.0691E-1 3.08812E-1 3.0968E-1 3.09287E-1 3.0737E-1 3.03646E-1 3.08847E-1 2.82741E-1 2.64933E-1 2.65589E-1 2.98668E-1 2.86509E-1 2.54227E-1 2.31742E-1 2.53545E-1 3.26787E-1 3.03598E-1 3.0107E-1 2.99887E-1 2.97729E-1 2.88904E-1 2.88359E-1 2.9059E-1 2.90379E-1 2.92587E-1 3.02775E-1 3.06789E-1 3.10556E-1 3.1048E-1 3.04656E-1 2.99031E-1 2.99273E-1 3.05115E-1 3.11492E-1 3.16895E-1 3.29E-1 3.13403E-1 3.06166E-1 3.01283E-1 2.95591E-1 2.93559E-1 2.90402E-1 2.90977E-1 2.82689E-1
2.99569E-1 2.887E-1 2.94522E-1 3.16599E-1 3.17937E-1 3.11512E-1 3.21259E-1 3.2229E-1 3.34169E-1 3.2951E-1 3.30691E-1 3.21076E-1 3.25278E-1 3.15058E-1 3.06639E-1 3.07107E-1 3.04477E-1 2.99978E-1 3.00414E-1 3.04858E-1 3.03816E-1 3.01281E-1 3.06416E-1 2.99648E-1 2.91094E-1 2.7747E-1 2.7045E-1 2.58424E-1 2.56207E-1 2.67282E-1 2.62652E-1 2.55919E-1 3.15182E-1 3.07995E-1 2.97916E-1 2.91857E-1 2.96083E-1 2.94903E-1 2.95263E-1 2.94782E-1 2.985E-1 2.95639E-1 3.0199E-1 3.11386E-1 3.08759E-1 3.00689E-1 3.02991E-1 3.03419E-1 3.1123E-1 3.08598E-1 3.18514E-1 3.27198E-1 3.30915E-1 3.37861E-1 3.17476E-1 3.07932E-1 3.0126E-1 3.04523E-1 3.01465E-1 2.97975E-1 2.90238E-1
3.16605E-1 3.16002E-1 3.19035E-1 3.20855E-1 3.17722E-1 3.08478E-1 3.1622E-1 3.30229E-1 3.37418E-1 3.35698E-1 3.35256E-1 3.3595E-1 3.28246E-1 3.18257E-1 3.07758E-1 3.07579E-1 3.06942E-1 3.04866E-1 3.07436E-1 3.10002E-1 3.03082E-1 3.04777E-1 3.08961E-1 3.04607E-1 3.07227E-1 2.965E-1 2.78529E-1 2.86448E-1 2.56923E-1 2.93248E-1 2.97304E-1 2.704E-1 2.94022E-1 2.95304E-1 2.81196E-1 2.7707E-1 2.85235E-1 2.84881E-1 2.88217E-1 2.91813E-1 2.89403E-1 2.90694E-1 2.94741E-1 3.04398E-1 3.11623E-1 3.13945E-1 3.10758E-1 3.00567E-1 2.993E-1 3.09839E-1 3.16876E-1 3.23083E-1 3.27622E-1 3.29361E-1 3.32365E-1 3.05665E-1 3.0191E-1 3.01789E-1 3.02918E-1 3.01018E-1 2.99292E-1
3.26091E-1 3.23797E-1 3.24982E-1 3.24935E-1 3.21257E-1 3.19409E-1 3.28827E-1 3.40338E-1 3.45216E-1 3.4192E-1 3.3603E-1 3.24032E-1 3.26976E-1 3.18977E-1 3.12272E-1 3.13473E-1 3.1505E-1 3.12307E-1 3.13898E-1 3.09795E-1 3.13891E-1 3.17066E-1 3.23822E-1 3.24733E-1 3.26287E-1 3.14815E-1 2.94638E-1 3.24681E-1 3.20254E-1 2.8996E-1 2.95887E-1 3.0303E-1 2.80237E-1 2.78176E-1 2.77644E-1 2.75568E-1 2.83288E-1 2.8603E-1 2.97304E-1 2.93445E-1 2.97445E-1 2.99633E-1 3.02471E-1 3.0599E-1 3.06503E-1 3.07554E-1 3.07674E-1 3.06939E-1 3.03147E-1 3.12181E-1 3.24255E-1 3.15934E-1 3.15102E-1 3.11759E-1 3.21999E-1 3.03166E-1 2.96743E-1 2.94318E-1 2.96476E-1 3.00742E-1 2.92998E-1
3.30695E-1 3.29211E-1 3.28536E-1 3.28183E-1 3.20769E-1 3.2636E-1 3.31626E-1 3.29252E-1 3.34631E-1 3.31948E-1 3.36267E-1 3.21677E-1 3.33E-1 3.40615E-1 3.52185E-1 3.41985E-1 3.39744E-1 3.34713E-1 3.28028E-1 3.26214E-1 3.31586E-1 3.33876E-1 3.32163E-1 3.22847E-1 3.0894E-1 3.07569E-1 2.94881E-1 3.01127E-1 3.23065E-1 3.04455E-1 3.19276E-1 2.9772E-1 2.85098E-1 2.83938E-1 2.75244E-1 2.67023E-1 2.86605E-1 2.91407E-1 2.94218E-1 2.96152E-1 3.04084E-1 3.04312E-1 3.07782E-1 3.0795E-1 3.0715E-1 3.07362E-1 3.04621E-1 3.06358E-1 2.99514E-1 2.94868E-1 3.08393E-1 3.13851E-1 3.17222E-1 3.12207E-1 3.21681E-1 3.08605E-1 2.98909E-1 2.91556E-1 2.91986E-1 2.93793E-1 2.95089E-1
3.24045E-1 3.26254E-1 3.25328E-1 3.19606E-1 3.13076E-1 3.05577E-1 3.27074E-1 3.22282E-1 3.25221E-1 3.26782E-1 3.31699E-1 3.36685E-1 3.41255E-1 3.31244E-1 3.33714E-1 3.20917E-1 3.30622E-1 3.30758E-1 3.30222E-1 3.22062E-1 3.23837E-1 3.25426E-1 3.19362E-1 3.25821E-1 3.20417E-1 3.14915E-1 3.0999E-1 2.99106E-1 3.13872E-1 3.16423E-1 3.14292E-1 2.67191E-1 2.73604E-1 2.89958E-1 2.81306E-1 2.74474E-1 2.72356E-1 2.78288E-1 2.8962E-1 2.99135E-1 2.99117E-1 3.08509E-1 3.17259E-1 3.14471E-1 3.05209E-1 3.06142E-1 3.01114E-1 3.02855E-1 3.00154E-1 3.00304E-1 3.08131E-1 3.12191E-1 3.16873E-1 3.23255E-1 3.38623E-1 3.06861E-1 3.05388E-1 2.9462E-1 2.88042E-1 2.90547E-1 2.92821E-1
3.22047E-1 3.2607E-1 3.22216E-1 3.10979E-1 3.12212E-1 3.18116E-1 3.37511E-1 3.40355E-1 3.4289E-1 3.40942E-1 3.39153E-1 3.47347E-1 3.42269E-1 3.36798E-1 3.24109E-1 3.13431E-1 3.35336E-1 3.31118E-1 3.29054E-1 3.21437E-1 3.31141E-1 3.31078E-1 3.22212E-1 3.20118E-1 3.23448E-1 3.22497E-1 3.27248E-1 3.21651E-1 3.11392E-1 3.22604E-1 2.8912E-1 2.85902E-1 2.80563E-1 2.74304E-1 2.73601E-1 2.81852E-1 2.86226E-1 2.91584E-1 2.92374E-1 2.9794E-1 3.01258E-1 3.02819E-1 3.08136E-1 3.11484E-1 3.07281E-1 3.08289E-1 3.12511E-1 3.12565E-1 3.01802E-1 3.05236E-1 3.11597E-1 3.08698E-1 3.07266E-1 3.07804E-1 3.28534E-1 3.33702E-1 3.08185E-1 3.0026E-1 2.95233E-1 3.00123E-1 2.98164E-1
3.36381E-1 3.26109E-1 3.16724E-1 3.16271E-1 3.26871E-1 3.42214E-1 3.45047E-1 3.3208E-1 3.28175E-1 3.35212E-1 3.24296E-1 3.28385E-1 3.26987E-1 3.27395E-1 3.22017E-1 3.1804E-1 3.28871E-1 3.19852E-1 3.27435E-1 3.26548E-1 3.35002E-1 3.34602E-1 3.32654E-1 3.20556E-1 3.24351E-1 3.19966E-1 3.27044E-1 3.19766E-1 3.20299E-1 3.24215E-1 2.96913E-1 2.88984E-1 3.10945E-1 2.93743E-1 2.86843E-1 2.87441E-1 3.01501E-1 3.01859E-1 3.0239E-1 3.09627E-1 3.01496E-1 3.05738E-1 3.12853E-1 3.2079E-1 3.17945E-1 3.11514E-1 3.07456E-1 3.05886E-1 3.04008E-1 3.06647E-1 3.17148E-1 3.21832E-1 3.18501E-1 3.19452E-1 3.20463E-1 3.28899E-1 3.23059E-1 3.13545E-1 3.05845E-1 3.12248E-1 3.09365E-1
3.22339E-1 3.22801E-1 3.28496E-1 3.32339E-1 3.44226E-1 3.36866E-1 3.2048E-1 3.14969E-1 3.27471E-1 3.36401E-1 3.32228E-1 3.29699E-1 3.26824E-1 3.21916E-1 3.23559E-1 3.1489E-1 3.10511E-1 3.14896E-1 3.22751E-1 3.32106E-1 3.14734E-1 3.09742E-1 3.16854E-1 3.12293E-1 3.13038E-1 3.1956E-1 3.28466E-1 3.28956E-1 3.1945E-1 3.21663E-1 3.16433E-1 3.18448E-1 3.00982E-1 3.08688E-1 3.10195E-1 3.08352E-1 3.03271E-1 2.96396E-1 3.05884E-1 3.16711E-1 3.11445E-1 3.13762E-1 3.22181E-1 3.27566E-1 3.24705E-1 3.21977E-1 3.15949E-1 3.13292E-1 3.13823E-1 3.17574E-1 3.20064E-1 3.22263E-1 3.28644E-1 3.29364E-1 3.34263E-1 3.41999E-1 3.20195E-1 3.17409E-1 3.16546E-1 3.19347E-1 3.15628E-1
3.19407E-1 3.17835E-1 3.15692E-1 3.23905E-1 3.41352E-1 3.23793E-1 3.15417E-1 3.19909E-1 3.39323E-1 3.56137E-1 3.52632E-1 3.3362E-1 3.32316E-1 3.22827E-1 3.26272E-1 3.30448E-1 3.19236E-1 3.1161E-1 3.1777E-1 3.19527E-1 3.1537E-1 3.12052E-1 3.07384E-1 3.11953E-1 3.19798E-1 3.22225E-1 3.21657E-1 3.26961E-1 3.30166E-1 3.34108E-1 3.18502E-1 3.29269E-1 3.15203E-1 3.07594E-1 3.119E-1 3.15263E-1 3.22113E-1 3.09895E-1 3.10129E-1 3.18444E-1 3.17617E-1 3.09621E-1 3.14178E-1 3.17729E-1 3.187E-1 3.19955E-1 3.22014E-1 3.19381E-1 3.20425E-1 3.20362E-1 3.2469E-1 3.26864E-1 3.28107E-1 3.26076E-1 3.27476E-1 3.40466E-1 3.36883E-1 3.20633E-1 3.17579E-1 3.13765E-1 3.1343E-1
3.01432E-1 3.07266E-1 3.09233E-1 3.18559E-1 3.34883E-1 3.242E-1 3.10175E-1 2.95751E-1 3.2308E-1 3.40589E-1 3.5182E-1 3.4454E-1 3.32886E-1 3.24335E-1 3.26433E-1 3.24061E-1 3.1164E-1 3.0966E-1 3.10294E-1 3.02548E-1 3.00207E-1 3.04892E-1 3.02584E-1 3.14456E-1 3.18649E-1 3.21132E-1 3.24099E-1 3.24774E-1 3.25169E-1 3.20123E-1 3.23082E-1 3.16217E-1 3.20329E-1 3.16232E-1 3.20315E-1 3.22022E-1 3.19793E-1 3.13226E-1 3.09592E-1 3.11379E-1 3.08176E-1 3.06715E-1 3.12861E-1 3.11973E-1 3.15561E-1 3.16994E-1 3.16764E-1 3.18563E-1 3.21187E-1 3.24038E-1 3.27281E-1 3.33304E-1 3.34299E-1 3.36204E-1 3.32635E-1 3.38431E-1 3.52881E-1 3.26747E-1 3.2824E-1 3.20937E-1 3.12374E-1
2.5669E-1 2.91094E-1 2.99888E-1 3.16744E-1 3.24491E-1 3.10847E-1 2.99417E-1 2.95969E-1 3.20989E-1 3.08579E-1 2.96825E-1 3.31509E-1 3.4161E-1 3.27366E-1 3.20379E-1 3.19969E-1 3.10429E-1 3.07113E-1 3.0198E-1 2.94627E-1 2.99472E-1 3.00064E-1 3.06289E-1 3.13635E-1 3.14081E-1 3.12709E-1 3.17388E-1 3.13807E-1 3.1037E-1 3.14727E-1 3.12268E-1 3.15328E-1 3.22578E-1 3.31613E-1 3.27172E-1 3.38677E-1 3.38828E-1 3.39991E-1 3.23603E-1 3.12594E-1 3.06098E-1 3.11369E-1 3.1541E-1 3.1948E-1 3.18879E-1 3.20927E-1 3.21745E-1 3.2346E-1 3.22969E-1 3.28812E-1 3.33639E-1 3.41527E-1 3.40664E-1 3.38498E-1 3.38602E-1 3.49398E-1 3.57577E-1 3.37081E-1 3.3585E-1 3.29298E-1 3.24284E-1
