maxent_outputs/white_flowers_troch_bombus_environ/white_332.asc
ncols         426
nrows         180
xllcorner     -130.0
yllcorner     24.0
cellsize      0.16666666666666666
NODATA_value  -9999
[rows 81 to 107 of 180, columns 61 to 121 of 426]
7.61965E-2 6.91011E-2 7.64532E-2 6.8268E-2 6.64604E-2 7.10584E-2 6.84529E-2 6.03086E-2 6.29325E-2 5.79954E-2 6.1575E-2 6.38703E-2 5.82358E-2 5.77437E-2 5.78168E-2 5.78996E-2 5.69059E-2 5.42636E-2 5.35901E-2 5.35358E-2 5.10873E-2 5.08945E-2 4.80398E-2 4.86672E-2 4.76298E-2 4.86687E-2 4.84513E-2 4.73149E-2 4.95102E-2 4.86986E-2 4.92877E-2 4.95188E-2 4.86586E-2 5.26967E-2 5.49746E-2 5.65008E-2 5.96488E-2 5.83526E-2 5.95436E-2 6.0989E-2 6.24352E-2 5.9556E-2 5.77826E-2 5.71097E-2 5.70715E-2 5.5173E-2 5.60914E-2 5.88689E-2 5.8227E-2 4.97524E-2 4.82368E-2 4.7734E-2 4.54166E-2 4.61264E-2 4.66493E-2 4.5744E-2 4.32751E-2 4.28826E-2 4.19853E-2 3.99165E-2 4.1164E-2
8.07335E-2 8.6827E-2 7.63134E-2 7.45576E-2 6.42243E-2 7.08259E-2 6.50955E-2 6.77067E-2 6.58007E-2 6.09795E-2 6.1551E-2 5.96037E-2 6.20434E-2 6.31157E-2 5.92493E-2 5.98786E-2 5.84681E-2 5.46101E-2 5.72543E-2 5.31777E-2 5.11314E-2 5.01055E-2 4.8284E-2 4.93503E-2 4.88851E-2 4.88978E-2 5.05602E-2 5.04071E-2 4.88885E-2 4.936E-2 4.90462E-2 5.14575E-2 5.14061E-2 5.24402E-2 5.26986E-2 5.43E-2 5.55397E-2 5.55071E-2 5.90434E-2 6.0629E-2 5.99823E-2 5.97878E-2 5.70308E-2 5.72069E-2 5.61833E-2 5.7193E-2 5.48067E-2 5.90621E-2 6.19046E-2 5.34712E-2 4.82136E-2 4.53809E-2 4.41273E-2 4.50905E-2 4.58248E-2 4.74776E-2 4.47339E-2 4.28902E-2 4.06937E-2 4.00285E-2 4.02001E-2
6.76604E-2 1.3747E-1 8.46699E-2 7.13828E-2 6.35013E-2 6.78482E-2 6.89039E-2 6.88043E-2 6.4457E-2 6.60875E-2 6.20122E-2 6.02886E-2 6.79119E-2 6.64372E-2 5.8724E-2 5.8259E-2 5.55659E-2 5.57115E-2 5.50527E-2 5.03126E-2 5.06293E-2 4.98404E-2 4.98534E-2 4.70585E-2 4.99473E-2 4.96387E-2 5.27791E-2 4.9493E-2 4.74459E-2 4.80444E-2 5.02249E-2 5.09193E-2 5.27937E-2 5.1594E-2 5.12173E-2 5.19328E-2 5.59453E-2 5.4696E-2 5.76548E-2 6.08069E-2 5.7162E-2 5.74371E-2 5.95326E-2 5.73225E-2 5.58013E-2 5.66835E-2 5.59109E-2 5.75729E-2 5.51629E-2 5.39598E-2 4.95056E-2 4.57585E-2 4.25466E-2 4.38691E-2 4.6686E-2 4.70064E-2 4.63565E-2 4.39401E-2 4.20026E-2 4.17326E-2 4.17842E-2
6.15969E-2 8.26166E-2 9.53841E-2 7.80046E-2 7.34761E-2 7.46994E-2 7.33088E-2 6.95985E-2 6.58844E-2 6.29618E-2 6.14815E-2 7.66057E-2 6.51518E-2 6.21985E-2 5.40953E-2 5.68247E-2 5.66306E-2 5.40331E-2 5.14303E-2 4.86088E-2 4.89423E-2 4.98247E-2 4.9667E-2 4.79389E-2 4.96835E-2 5.09628E-2 5.0314E-2 4.9047E-2 4.81115E-2 5.08179E-2 5.18227E-2 5.09271E-2 5.13514E-2 5.00494E-2 5.011E-2 5.11227E-2 5.42525E-2 5.43317E-2 5.89173E-2 5.99274E-2 6.06589E-2 5.76578E-2 6.03171E-2 5.80978E-2 5.45237E-2 5.438E-2 5.55302E-2 5.63011E-2 5.15987E-2 4.96843E-2 4.81075E-2 4.58477E-2 4.34263E-2 4.40548E-2 4.46983E-2 4.50998E-2 4.69343E-2 4.73322E-2 4.48452E-2 4.37523E-2 4.35284E-2
6.34074E-2 6.36956E-2 6.45385E-2 7.72521E-2 7.82056E-2 7.68734E-2 7.20453E-2 6.68773E-2 6.22645E-2 6.25829E-2 7.37058E-2 7.10487E-2 5.78739E-2 5.49534E-2 5.40777E-2 5.60626E-2 5.43024E-2 4.92179E-2 5.32342E-2 5.07644E-2 4.93394E-2 4.96424E-2 5.07144E-2 4.86807E-2 4.96465E-2 5.02459E-2 4.68885E-2 4.85918E-2 4.84197E-2 5.05227E-2 5.20224E-2 5.08942E-2 5.23163E-2 5.12285E-2 5.07065E-2 5.25233E-2 5.49286E-2 5.64495E-2 6.09134E-2 6.01804E-2 5.78943E-2 5.92781E-2 5.68987E-2 5.71201E-2 5.73279E-2 5.567E-2 5.54688E-2 5.55216E-2 5.14297E-2 4.82727E-2 4.65971E-2 4.19154E-2 4.21499E-2 4.60244E-2 4.61112E-2 4.71305E-2 4.74689E-2 4.87379E-2 4.83739E-2 4.62112E-2 4.5101E-2
7.00198E-2 6.94923E-2 7.13097E-2 7.78709E-2 7.77478E-2 7.28722E-2 6.74321E-2 6.42061E-2 6.28175E-2 5.96929E-2 6.81051E-2 5.29878E-2 5.30451E-2 5.19306E-2 5.16676E-2 5.38823E-2 5.26642E-2 5.07502E-2 5.1224E-2 5.04206E-2 4.76177E-2 4.80505E-2 5.00668E-2 4.97708E-2 5.01143E-2 5.10811E-2 4.70837E-2 4.88488E-2 4.82937E-2 4.97809E-2 4.97959E-2 5.0057E-2 5.07417E-2 5.08942E-2 5.26642E-2 5.36613E-2 5.61504E-2 5.89407E-2 6.04829E-2 5.98763E-2 6.03834E-2 5.75984E-2 5.6626E-2 5.54385E-2 5.73522E-2 5.90317E-2 5.56941E-2 5.42618E-2 4.92845E-2 5.03987E-2 4.74606E-2 4.21051E-2 4.35155E-2 4.87362E-2 4.82825E-2 4.85234E-2 4.90436E-2 4.61047E-2 5.10835E-2 4.97958E-2 4.8633E-2
6.17646E-2 6.2196E-2 7.10241E-2 7.45477E-2 7.49845E-2 6.99728E-2 6.52311E-2 6.63978E-2 6.59624E-2 6.40218E-2 6.37598E-2 5.65998E-2 4.94738E-2 5.12569E-2 5.06152E-2 5.22497E-2 4.98501E-2 5.56582E-2 5.37974E-2 4.95209E-2 5.01911E-2 4.96261E-2 5.1558E-2 5.11508E-2 5.06856E-2 4.9557E-2 4.87099E-2 4.75045E-2 4.84438E-2 4.81065E-2 4.69944E-2 4.96758E-2 4.91582E-2 4.95721E-2 5.29448E-2 5.21951E-2 5.80148E-2 5.75634E-2 5.70919E-2 5.86173E-2 6.04321E-2 5.85167E-2 5.31011E-2 5.46527E-2 5.63817E-2 5.575E-2 5.40715E-2 5.31778E-2 4.84488E-2 4.87248E-2 4.43278E-2 4.25409E-2 4.50397E-2 4.71288E-2 4.6813E-2 4.8831E-2 4.98427E-2 5.03567E-2 5.30867E-2 5.15493E-2 4.82699E-2
5.77948E-2 6.58384E-2 6.59819E-2 7.51257E-2 7.0181E-2 6.87735E-2 6.8586E-2 6.73937E-2 6.93603E-2 6.16279E-2 5.91263E-2 5.61373E-2 4.96966E-2 4.99412E-2 5.05425E-2 4.99509E-2 5.20233E-2 5.71341E-2 5.21866E-2 4.98764E-2 4.8877E-2 4.85904E-2 4.87243E-2 4.94066E-2 5.03196E-2 4.96192E-2 4.79972E-2 4.45113E-2 4.70687E-2 4.67548E-2 4.76975E-2 4.99033E-2 5.04142E-2 4.97736E-2 5.29441E-2 5.25198E-2 5.531E-2 5.91118E-2 5.74071E-2 6.03986E-2 5.85504E-2 5.38366E-2 5.32782E-2 5.37027E-2 5.40693E-2 5.43601E-2 5.26469E-2 5.29848E-2 5.22034E-2 4.63186E-2 4.22205E-2 4.38142E-2 4.70322E-2 4.41519E-2 4.65217E-2 4.86495E-2 4.90704E-2 5.17519E-2 5.28245E-2 5.21402E-2 4.69193E-2
5.99293E-2 5.40034E-2 5.81555E-2 6.96535E-2 6.51441E-2 6.8752E-2 7.1169E-2 6.89578E-2 6.37169E-2 6.25584E-2 5.92533E-2 5.79428E-2 5.01528E-2 4.75165E-2 5.00776E-2 5.01243E-2 5.64678E-2 5.55894E-2 4.817E-2 4.7774E-2 4.58337E-2 4.58153E-2 4.72249E-2 4.76252E-2 4.94862E-2 5.02026E-2 4.77913E-2 4.76981E-2 4.86395E-2 4.93202E-2 4.67109E-2 5.04595E-2 5.24985E-2 5.35056E-2 5.50766E-2 5.45667E-2 5.65626E-2 5.54545E-2 5.95168E-2 6.08069E-2 6.32279E-2 5.84862E-2 5.41219E-2 5.46048E-2 5.25391E-2 5.26207E-2 4.8781E-2 5.10341E-2 4.95929E-2 4.42023E-2 4.12211E-2 4.41684E-2 4.49983E-2 4.47826E-2 4.76282E-2 4.9E-2 5.04159E-2 5.07337E-2 5.11433E-2 5.12555E-2 5.09412E-2
5.85668E-2 5.45846E-2 5.86685E-2 6.7432E-2 6.78853E-2 6.39209E-2 7.0697E-2 6.81658E-2 6.98703E-2 6.86317E-2 6.59301E-2 6.22353E-2 5.08912E-2 4.92843E-2 4.73913E-2 4.89455E-2 5.48508E-2 5.02119E-2 4.73552E-2 4.60767E-2 4.55717E-2 4.68096E-2 4.63764E-2 4.81513E-2 5.00915E-2 5.13831E-2 4.90324E-2 5.08984E-2 5.25965E-2 5.09204E-2 4.75265E-2 5.14891E-2 5.00307E-2 4.80146E-2 5.34943E-2 5.47711E-2 5.48217E-2 5.39365E-2 5.73253E-2 5.95107E-2 6.24989E-2 5.95127E-2 5.4857E-2 5.32993E-2 5.24518E-2 4.84295E-2 4.71048E-2 5.03389E-2 4.79805E-2 4.32698E-2 4.33287E-2 4.53332E-2 4.53337E-2 4.54773E-2 4.51167E-2 4.71226E-2 5.07525E-2 4.86188E-2 4.92182E-2 4.88944E-2 4.84989E-2
4.99067E-2 4.89829E-2 6.03694E-2 6.25354E-2 6.36344E-2 6.13517E-2 7.67466E-2 6.88127E-2 5.93574E-2 6.08844E-2 6.36574E-2 5.97795E-2 5.3152E-2 4.98542E-2 4.5912E-2 4.91937E-2 5.42102E-2 4.46331E-2 4.58332E-2 4.55272E-2 4.50494E-2 4.65529E-2 4.73628E-2 4.71922E-2 5.0493E-2 5.1651E-2 5.16163E-2 5.27601E-2 5.53229E-2 5.01881E-2 4.83203E-2 5.24109E-2 5.16671E-2 5.04495E-2 5.34939E-2 5.26936E-2 5.27767E-2 5.45505E-2 5.57077E-2 5.55917E-2 5.66272E-2 5.44942E-2 5.48367E-2 5.32184E-2 4.9219E-2 4.52916E-2 4.98468E-2 4.5123E-2 4.20496E-2 4.02703E-2 4.41349E-2 4.93523E-2 4.90521E-2 4.65775E-2 4.60879E-2 5.00663E-2 4.82429E-2 4.90357E-2 5.06159E-2 4.95292E-2 4.99105E-2
4.04435E-2 4.53556E-2 5.11444E-2 4.86136E-2 4.87618E-2 5.71736E-2 5.67582E-2 7.86941E-2 6.85241E-2 6.63124E-2 5.80627E-2 5.42557E-2 5.28502E-2 5.7459E-2 5.50974E-2 5.41624E-2 4.95403E-2 4.63443E-2 4.46803E-2 4.63806E-2 4.66207E-2 4.95251E-2 4.89854E-2 5.00283E-2 5.06013E-2 4.77533E-2 4.94742E-2 5.354E-2 5.64289E-2 5.32684E-2 5.14385E-2 5.2108E-2 5.38696E-2 5.44107E-2 5.37935E-2 5.16023E-2 5.21248E-2 5.3248E-2 5.50867E-2 5.49381E-2 5.30712E-2 5.2758E-2 5.31246E-2 4.91549E-2 4.50262E-2 4.83236E-2 4.53095E-2 4.1547E-2 4.01528E-2 4.06414E-2 4.41399E-2 4.96874E-2 4.99E-2 5.2667E-2 5.13776E-2 4.81237E-2 4.76027E-2 4.79816E-2 5.13418E-2 5.13351E-2 5.15122E-2
3.95434E-2 3.74676E-2 3.99512E-2 4.06341E-2 5.07056E-2 5.19848E-2 4.63581E-2 6.18292E-2 5.85681E-2 6.09146E-2 7.0126E-2 5.36247E-2 5.85626E-2 6.16482E-2 6.17579E-2 5.58272E-2 5.07022E-2 4.85438E-2 4.57264E-2 4.80707E-2 4.73824E-2 4.95884E-2 5.10677E-2 5.23052E-2 4.79222E-2 5.02121E-2 4.9257E-2 5.45373E-2 5.57903E-2 5.40793E-2 5.46954E-2 5.15817E-2 5.31823E-2 5.14595E-2 5.21517E-2 5.0263E-2 5.26142E-2 5.28875E-2 5.46732E-2 5.42604E-2 5.3018E-2 5.1729E-2 4.74799E-2 4.57575E-2 4.15009E-2 4.55422E-2 4.29668E-2 4.16696E-2 3.9392E-2 4.2621E-2 4.39848E-2 5.01326E-2 5.27302E-2 5.36668E-2 5.2232E-2 5.03281E-2 4.92996E-2 4.87844E-2 5.31116E-2 5.55269E-2 5.7167E-2
3.70083E-2 3.55908E-2 3.74067E-2 4.27509E-2 3.93251E-2 4.15839E-2 4.2517E-2 5.03728E-2 5.70839E-2 6.24292E-2 7.24686E-2 6.52839E-2 5.80279E-2 6.44192E-2 6.56846E-2 5.91234E-2 5.6376E-2 5.10126E-2 5.02006E-2 5.10253E-2 5.06383E-2 5.00748E-2 5.36272E-2 5.24542E-2 5.16788E-2 4.83454E-2 5.31957E-2 5.71762E-2 5.86434E-2 5.81949E-2 5.94316E-2 5.41552E-2 5.11683E-2 4.85417E-2 4.89281E-2 4.84835E-2 4.86642E-2 4.87142E-2 5.2169E-2 5.27793E-2 5.24626E-2 5.28302E-2 5.02062E-2 4.67753E-2 4.11655E-2 4.59105E-2 4.41123E-2 4.05836E-2 3.7375E-2 3.9706E-2 4.21795E-2 4.98612E-2 5.33513E-2 5.26291E-2 5.18154E-2 5.10995E-2 5.41911E-2 5.04667E-2 5.22169E-2 5.78744E-2 5.6566E-2
4.27304E-2 3.68297E-2 3.54653E-2 3.73348E-2 4.52805E-2 4.80749E-2 4.34566E-2 4.89624E-2 5.4129E-2 5.5772E-2 7.01707E-2 6.94139E-2 6.55357E-2 6.65003E-2 6.00025E-2 5.83128E-2 5.85733E-2 5.58944E-2 5.42772E-2 5.31208E-2 5.00723E-2 5.15973E-2 5.40032E-2 5.36611E-2 4.71219E-2 5.27221E-2 5.52962E-2 5.72522E-2 5.83971E-2 6.17193E-2 6.19152E-2 5.58481E-2 5.35736E-2 5.09521E-2 4.84936E-2 4.66979E-2 4.9124E-2 5.14197E-2 5.28951E-2 5.09873E-2 5.11587E-2 4.858E-2 4.79196E-2 4.52335E-2 4.1972E-2 4.27239E-2 4.1064E-2 4.07868E-2 3.68645E-2 3.78006E-2 3.88501E-2 4.65059E-2 5.1997E-2 4.87452E-2 4.70833E-2 5.40026E-2 5.86977E-2 5.45069E-2 5.39269E-2 5.22478E-2 5.36932E-2
6.79017E-2 4.63287E-2 3.7811E-2 3.37368E-2 4.51679E-2 4.44648E-2 4.6058E-2 4.79013E-2 5.00521E-2 4.9436E-2 6.47596E-2 6.67876E-2 6.39455E-2 6.54465E-2 6.55378E-2 6.25891E-2 5.7869E-2 5.56781E-2 5.41736E-2 5.28045E-2 4.76357E-2 4.9785E-2 5.29799E-2 5.41725E-2 5.47239E-2 5.39556E-2 5.54239E-2 5.63175E-2 6.14487E-2 6.37256E-2 6.05517E-2 5.51738E-2 5.5424E-2 5.46621E-2 4.85651E-2 4.90003E-2 5.10538E-2 5.00466E-2 5.03412E-2 5.12462E-2 5.18429E-2 4.88688E-2 4.64293E-2 4.22589E-2 4.24709E-2 4.04617E-2 4.08235E-2 3.92816E-2 3.98362E-2 4.39569E-2 4.73333E-2 5.11575E-2 5.11433E-2 5.38023E-2 4.83562E-2 5.74658E-2 6.57676E-2 5.84386E-2 5.19623E-2 4.77124E-2 4.61347E-2
8.26134E-2 4.99958E-2 3.75821E-2 3.22081E-2 3.89882E-2 4.16542E-2 4.13135E-2 4.76828E-2 5.65125E-2 4.14168E-2 6.19084E-2 5.68273E-2 5.91983E-2 7.32846E-2 6.18779E-2 5.93064E-2 6.19773E-2 5.98759E-2 5.67984E-2 5.34205E-2 5.23154E-2 5.09599E-2 5.2248E-2 5.4656E-2 5.38749E-2 5.35028E-2 5.33305E-2 6.06351E-2 6.47347E-2 6.34108E-2 5.92366E-2 5.95196E-2 5.71802E-2 5.35546E-2 4.87941E-2 5.00319E-2 4.86236E-2 4.89019E-2 5.22059E-2 5.25629E-2 5.14002E-2 4.43008E-2 4.01256E-2 4.0337E-2 4.1748E-2 4.02561E-2 4.02096E-2 4.08906E-2 4.42637E-2 4.88716E-2 5.28769E-2 5.55287E-2 5.4744E-2 6.08914E-2 6.27452E-2 6.35102E-2 7.63574E-2 5.94568E-2 5.12532E-2 4.52039E-2 4.5082E-2
1.522E-1 5.89866E-2 3.89569E-2 4.36352E-2 4.11693E-2 3.73856E-2 3.95416E-2 5.12031E-2 7.67422E-2 3.73407E-2 4.82792E-2 5.96656E-2 6.00895E-2 5.94877E-2 5.95861E-2 6.372E-2 6.60776E-2 6.23791E-2 5.75875E-2 5.59273E-2 5.56549E-2 5.25051E-2 5.17699E-2 5.42093E-2 5.48501E-2 5.71665E-2 5.80238E-2 7.16426E-2 6.57343E-2 6.08156E-2 5.84897E-2 6.16845E-2 5.83455E-2 5.20047E-2 5.07326E-2 4.89258E-2 5.03286E-2 5.08537E-2 4.8539E-2 5.17045E-2 4.30956E-2 4.0016E-2 3.78649E-2 3.9569E-2 3.96561E-2 3.9862E-2 4.61527E-2 4.63181E-2 4.55553E-2 4.89968E-2 5.39634E-2 5.83675E-2 6.41056E-2 6.614E-2 7.51304E-2 7.71089E-2 6.59867E-2 6.04361E-2 5.27413E-2 4.72668E-2 5.00004E-2
2.306E-1 1.13602E-1 6.329E-2 6.92736E-2 4.41023E-2 3.51573E-2 3.1879E-2 6.13667E-2 8.44609E-2 4.8536E-2 4.45703E-2 6.60137E-2 5.77693E-2 5.17387E-2 6.49847E-2 6.67364E-2 7.20139E-2 6.21007E-2 5.69506E-2 5.57136E-2 5.58514E-2 5.26793E-2 5.33508E-2 5.7582E-2 5.58213E-2 6.37873E-2 6.28362E-2 7.13032E-2 7.37368E-2 6.59729E-2 5.99002E-2 7.06767E-2 6.27341E-2 5.39814E-2 6.50942E-2 6.22186E-2 6.17667E-2 5.17569E-2 4.43168E-2 6.18375E-2 4.48445E-2 4.48032E-2 4.33976E-2 4.22693E-2 4.18943E-2 4.34161E-2 4.84195E-2 4.97493E-2 5.05536E-2 5.265E-2 5.47338E-2 5.6963E-2 6.67796E-2 7.45846E-2 8.16992E-2 7.01859E-2 6.09199E-2 6.30502E-2 5.56609E-2 4.93983E-2 5.36929E-2
2.73911E-1 2.43568E-1 1.3414E-1 6.8567E-2 3.97053E-2 3.61132E-2 3.03642E-2 3.62427E-2 4.90456E-2 7.23387E-2 5.4347E-2 8.08461E-2 8.8869E-2 9.51097E-2 7.15455E-2 6.58054E-2 7.9253E-2 7.55252E-2 6.30742E-2 5.65468E-2 5.03742E-2 4.73788E-2 5.74417E-2 5.98743E-2 5.99827E-2 6.27775E-2 7.00615E-2 7.12742E-2 8.84558E-2 7.31732E-2 7.86895E-2 9.2286E-2 1.00727E-1 8.18732E-2 9.49959E-2 9.13309E-2 8.8161E-2 7.28924E-2 8.21204E-2 9.29815E-2 7.3927E-2 5.72335E-2 5.22279E-2 5.16082E-2 4.8888E-2 4.69578E-2 5.15862E-2 5.94791E-2 5.97497E-2 6.16335E-2 6.50866E-2 6.89492E-2 5.67398E-2 8.16385E-2 8.17749E-2 7.68946E-2 7.72819E-2 6.83667E-2 6.04259E-2 5.76275E-2 5.75758E-2
3.36704E-1 3.48097E-1 2.31585E-1 1.0031E-1 4.64511E-2 3.85328E-2 3.09261E-2 3.21139E-2 3.48113E-2 8.74097E-2 4.38918E-2 6.19457E-2 1.0031E-1 9.91598E-2 1.40105E-1 8.57814E-2 6.94548E-2 7.40322E-2 7.84837E-2 7.12646E-2 6.11946E-2 6.1516E-2 6.95129E-2 6.51866E-2 6.14949E-2 6.42355E-2 7.93877E-2 8.11491E-2 9.30746E-2 1.10541E-1 1.12694E-1 1.37083E-1 1.11188E-1 1.24572E-1 1.33124E-1 1.13521E-1 1.01185E-1 1.16494E-1 1.05193E-1 8.33653E-2 7.39597E-2 6.21702E-2 5.37455E-2 5.82037E-2 5.64544E-2 5.25465E-2 5.24805E-2 6.33254E-2 6.41553E-2 7.45907E-2 8.31726E-2 1.06187E-1 8.3908E-2 7.3173E-2 6.52756E-2 6.39298E-2 6.93018E-2 6.11567E-2 5.79319E-2 5.90569E-2 5.65458E-2
4.14997E-1 3.72807E-1 3.42579E-1 3.24875E-1 1.64659E-1 6.48873E-2 4.4267E-2 3.50415E-2 3.18168E-2 8.42504E-2 5.45169E-2 9.99519E-2 1.22228E-1 7.10997E-2 1.13975E-1 1.95709E-1 7.16392E-2 8.64049E-2 1.02338E-1 8.89641E-2 8.42726E-2 7.28727E-2 7.93071E-2 8.19059E-2 7.33496E-2 8.81063E-2 8.88371E-2 8.34174E-2 8.65034E-2 1.40934E-1 1.41735E-1 1.51965E-1 1.06733E-1 1.6808E-1 1.67601E-1 1.62203E-1 1.04216E-1 9.72243E-2 9.50561E-2 7.44972E-2 6.55158E-2 6.19675E-2 6.24489E-2 6.37493E-2 5.86459E-2 5.32102E-2 4.90149E-2 5.03193E-2 5.38154E-2 7.88478E-2 7.49862E-2 7.65017E-2 7.37844E-2 6.35811E-2 5.26363E-2 5.44169E-2 5.85575E-2 6.00734E-2 5.94806E-2 5.66064E-2 5.39763E-2
5.03937E-1 4.31848E-1 4.41512E-1 3.44265E-1 2.00213E-1 6.81254E-2 4.59608E-2 3.93161E-2 3.04067E-2 6.3636E-2 9.03219E-2 9.01412E-2 2.75976E-1 1.11518E-1 8.51966E-2 5.06027E-1 3.33325E-1 1.47871E-1 1.34365E-1 1.32299E-1 1.23978E-1 1.06713E-1 9.62045E-2 8.60733E-2 8.52456E-2 9.83756E-2 9.71901E-2 6.71275E-2 7.09768E-2 1.60108E-1 1.97749E-1 1.96398E-1 1.91284E-1 2.22008E-1 1.89252E-1 1.14832E-1 7.17934E-2 6.45877E-2 7.50836E-2 7.09914E-2 6.16881E-2 6.03478E-2 6.09937E-2 6.18706E-2 5.39519E-2 4.40367E-2 4.73263E-2 5.10443E-2 6.25665E-2 6.57972E-2 5.51906E-2 5.77784E-2 5.71887E-2 5.72822E-2 5.47239E-2 4.64369E-2 5.15095E-2 5.58254E-2 5.68326E-2 5.44582E-2 5.2665E-2
4.19934E-1 4.38425E-1 4.79081E-1 4.44334E-1 3.23277E-1 1.81643E-1 5.7668E-2 3.21265E-2 2.91545E-2 3.45829E-2 8.86756E-2 7.40548E-2 9.28368E-2 9.91624E-2 1.02759E-1 3.59345E-1 3.76158E-1 5.87649E-1 2.01159E-1 1.52033E-1 1.53316E-1 1.41107E-1 1.2204E-1 8.94138E-2 1.00871E-1 1.09976E-1 1.07293E-1 5.65723E-2 6.60355E-2 1.5723E-1 2.02865E-1 2.32992E-1 2.51055E-1 2.26657E-1 1.0515E-1 1.19449E-1 9.37074E-2 6.20364E-2 6.56492E-2 6.38008E-2 6.17399E-2 5.93709E-2 6.36408E-2 6.5388E-2 4.54862E-2 3.89192E-2 4.19719E-2 6.05766E-2 6.22582E-2 5.02054E-2 4.82068E-2 4.96998E-2 4.99348E-2 4.94332E-2 4.88429E-2 4.6627E-2 4.7263E-2 4.76923E-2 5.29065E-2 5.41032E-2 5.20347E-2
4.43248E-1 4.71665E-1 4.44088E-1 4.51214E-1 4.43952E-1 3.48956E-1 9.52866E-2 3.25377E-2 3.31289E-2 3.06572E-2 5.30707E-2 1.19958E-1 7.6148E-2 1.01477E-1 2.32213E-1 1.06572E-1 1.2968E-1 6.48013E-1 3.58551E-1 1.52962E-1 1.70181E-1 1.71381E-1 1.49081E-1 6.69835E-2 5.47573E-2 6.61197E-2 1.19392E-1 1.19625E-1 1.11272E-1 1.90693E-1 1.93147E-1 2.15401E-1 2.89685E-1 2.30002E-1 1.81428E-1 1.98026E-1 8.81482E-2 5.66228E-2 6.04443E-2 5.57296E-2 5.82479E-2 5.86987E-2 6.25717E-2 8.29631E-2 5.49178E-2 3.8845E-2 3.83375E-2 5.71878E-2 5.09494E-2 4.90575E-2 5.12246E-2 4.9795E-2 4.87911E-2 5.0793E-2 4.97224E-2 4.86266E-2 4.62792E-2 4.33881E-2 4.36714E-2 4.66114E-2 5.14098E-2
4.40967E-1 4.39802E-1 4.47068E-1 4.66848E-1 4.36457E-1 3.12779E-1 1.35556E-1 4.35742E-2 4.11756E-2 3.40257E-2 4.8183E-2 9.38577E-2 6.47734E-2 9.24233E-2 2.10066E-1 1.80532E-1 7.72044E-2 5.71055E-1 4.1112E-1 1.55272E-1 1.9895E-1 1.85822E-1 1.55335E-1 1.13039E-1 5.34261E-2 4.97775E-2 1.05758E-1 2.29509E-1 2.60727E-1 2.31227E-1 2.22461E-1 2.55764E-1 3.36455E-1 1.8346E-1 2.15326E-1 2.24836E-1 8.09232E-2 5.26393E-2 6.8229E-2 8.10226E-2 7.89485E-2 8.87131E-2 8.12594E-2 6.75884E-2 7.71334E-2 5.63712E-2 4.0511E-2 5.51179E-2 5.51984E-2 5.47687E-2 5.54047E-2 5.345E-2 5.24271E-2 5.32233E-2 5.1143E-2 4.85697E-2 4.50952E-2 4.50105E-2 4.37671E-2 4.30865E-2 4.9187E-2
4.70116E-1 4.48605E-1 4.28985E-1 4.24177E-1 4.29581E-1 4.21198E-1 2.37961E-1 6.34691E-2 5.18095E-2 3.77191E-2 4.84184E-2 1.18324E-1 9.52904E-2 7.26531E-2 1.45476E-1 3.16138E-1 7.85943E-2 4.14251E-1 5.61512E-1 1.32708E-1 1.817E-1 2.16641E-1 1.54277E-1 1.33337E-1 1.12567E-1 8.18804E-2 1.29943E-1 2.40311E-1 3.09765E-1 3.0491E-1 4.43249E-1 3.32511E-1 4.09509E-1 3.11336E-1 2.84558E-1 1.66421E-1 8.85058E-2 6.09671E-2 7.46417E-2 1.12764E-1 6.15515E-2 5.54263E-2 5.38609E-2 5.83225E-2 4.87887E-2 6.21008E-2 6.59564E-2 6.98561E-2 5.98704E-2 6.202E-2 6.41038E-2 5.9138E-2 5.55079E-2 5.4372E-2 5.07851E-2 4.77936E-2 4.68984E-2 4.48566E-2 4.43446E-2 4.58621E-2 4.91238E-2
