maxent_outputs/white_flowers_troch_bombus_environ/white_8.asc
ncols         426
nrows         180
xllcorner     -130.0
yllcorner     24.0
cellsize      0.16666666666666666
NODATA_value  -9999
[rows 0 to 26 of 180, columns 244 to 304 of 426]
1.92627E-2 1.92725E-2 1.96045E-2 1.94336E-2 1.98992E-2 2.02792E-2 2.01909E-2 2.01433E-2 2.0422E-2 2.10398E-2 2.16386E-2 2.14324E-2 2.12475E-2 2.14528E-2 2.15671E-2 2.14865E-2 2.2066E-2 2.35022E-2 2.3433E-2 2.22047E-2 2.17332E-2 2.18329E-2 2.29461E-2 2.1918E-2 2.1675E-2 2.15473E-2 2.14546E-2 2.14907E-2 2.16207E-2 2.42996E-2 2.27373E-2 2.37954E-2 2.24075E-2 2.1353E-2 2.27002E-2 2.24231E-2 2.26875E-2 2.38177E-2 2.44068E-2 2.47267E-2 2.47863E-2 2.41084E-2 2.55544E-2 2.72123E-2 -9999 -9999 -9999 -9999 -9999 -9999 -9999 -9999 -9999 -9999 -9999 -9999 9.80554E-1 -9999 -9999 -9999 9.9918E-1
2.01777E-2 1.97389E-2 2.0186E-2 1.96718E-2 1.98183E-2 1.97052E-2 2.01418E-2 1.99122E-2 2.04425E-2 2.02956E-2 2.02001E-2 2.01887E-2 2.0663E-2 2.10996E-2 2.10791E-2 2.14843E-2 2.18756E-2 2.15141E-2 2.15753E-2 2.15965E-2 2.14433E-2 2.19084E-2 2.23202E-2 2.20768E-2 2.17651E-2 2.20078E-2 2.17614E-2 2.14164E-2 2.14225E-2 2.1327E-2 2.1529E-2 2.18558E-2 2.19468E-2 2.15768E-2 2.24272E-2 2.2756E-2 2.35553E-2 2.5641E-2 2.44677E-2 2.48408E-2 2.44141E-2 2.38533E-2 2.4758E-2 2.69639E-2 -9999 -9999 -9999 -9999 -9999 -9999 -9999 -9999 -9999 -9999 -9999 -9999 -9999 -9999 -9999 -9999 8.56745E-1
1.89126E-2 1.95994E-2 1.98281E-2 1.99355E-2 2.07441E-2 2.06358E-2 2.16633E-2 2.15785E-2 2.16554E-2 2.03135E-2 1.99779E-2 1.98594E-2 2.00945E-2 2.02068E-2 2.03694E-2 2.08146E-2 2.13758E-2 2.16624E-2 2.19307E-2 2.19159E-2 2.15822E-2 2.16231E-2 2.17539E-2 2.18967E-2 2.17494E-2 2.17005E-2 2.11227E-2 2.15182E-2 2.17011E-2 2.19799E-2 2.27337E-2 2.25942E-2 2.24554E-2 2.28488E-2 2.29611E-2 2.2953E-2 2.30043E-2 2.30124E-2 2.3933E-2 2.43055E-2 2.4271E-2 2.40792E-2 2.56319E-2 -9999 -9999 -9999 -9999 -9999 -9999 -9999 -9999 -9999 -9999 -9999 -9999 -9999 -9999 5.26296E-2 -9999 -9999 9.27184E-1
1.93614E-2 1.97539E-2 1.8874E-2 1.88146E-2 1.86253E-2 1.82913E-2 1.92514E-2 1.99633E-2 1.96533E-2 1.96435E-2 2.048E-2 1.99964E-2 1.97149E-2 1.9726E-2 2.05614E-2 2.04495E-2 2.04903E-2 2.06114E-2 2.12442E-2 2.1791E-2 2.15901E-2 2.19047E-2 2.26948E-2 2.37584E-2 2.30422E-2 2.20925E-2 2.16327E-2 2.17596E-2 2.19023E-2 2.18062E-2 2.19117E-2 2.21649E-2 2.25631E-2 2.29716E-2 2.28854E-2 2.27743E-2 2.31277E-2 2.37E-2 2.41953E-2 2.46614E-2 2.46992E-2 2.43931E-2 2.49581E-2 2.62094E-2 -9999 -9999 -9999 -9999 -9999 -9999 -9999 -9999 -9999 -9999 -9999 3.56362E-2 3.56715E-2 6.56099E-2 -9999 -9999 -9999
1.83569E-2 1.84415E-2 1.85333E-2 1.86246E-2 1.77413E-2 1.87079E-2 1.86825E-2 1.87055E-2 1.87801E-2 1.90085E-2 1.95855E-2 1.95417E-2 1.98118E-2 1.99341E-2 1.97979E-2 1.97186E-2 2.00287E-2 2.0389E-2 2.07458E-2 2.0738E-2 2.13393E-2 2.16175E-2 2.30145E-2 2.41695E-2 2.21605E-2 2.22384E-2 2.17356E-2 2.15741E-2 2.17451E-2 2.16401E-2 2.08406E-2 2.13576E-2 2.153E-2 2.2164E-2 2.23884E-2 2.28118E-2 2.33479E-2 2.47029E-2 2.38511E-2 2.45713E-2 2.49317E-2 2.55588E-2 2.47889E-2 3.05949E-2 -9999 2.58508E-2 2.55421E-2 2.56419E-2 2.66594E-2 2.72191E-2 -9999 -9999 -9999 -9999 -9999 3.62718E-2 5.03677E-2 1.49767E-1 9.20483E-1 -9999 -9999
1.91457E-2 1.93868E-2 1.86164E-2 2.0031E-2 1.88754E-2 1.88449E-2 1.95097E-2 1.94456E-2 1.96413E-2 1.98462E-2 2.0694E-2 2.16779E-2 2.07822E-2 1.98675E-2 1.9571E-2 1.98599E-2 1.96028E-2 1.96345E-2 2.02182E-2 2.06751E-2 2.08655E-2 2.12247E-2 2.18759E-2 2.18419E-2 2.20781E-2 2.13045E-2 2.173E-2 2.13505E-2 2.13395E-2 2.13101E-2 2.131E-2 2.15407E-2 2.13015E-2 2.19349E-2 2.23273E-2 2.24258E-2 2.31753E-2 2.29753E-2 2.37233E-2 2.40328E-2 2.46374E-2 2.59983E-2 2.95051E-2 3.17545E-2 2.48994E-2 2.37252E-2 2.41076E-2 2.37792E-2 2.46045E-2 2.48138E-2 2.66402E-2 5.65262E-2 -9999 -9999 -9999 -9999 4.01369E-2 3.45957E-2 -9999 -9999 -9999
2.23064E-2 2.24827E-2 1.958E-2 1.9139E-2 1.99405E-2 1.93167E-2 2.02034E-2 2.00892E-2 2.09509E-2 2.13006E-2 2.08895E-2 2.44334E-2 2.26342E-2 2.03319E-2 1.99865E-2 2.00833E-2 1.96243E-2 1.95581E-2 2.01085E-2 2.04604E-2 2.06484E-2 2.07617E-2 2.03788E-2 2.07971E-2 2.10379E-2 2.12468E-2 2.08816E-2 2.09617E-2 2.1099E-2 2.10636E-2 2.12743E-2 2.18766E-2 2.20927E-2 2.27136E-2 2.26317E-2 2.27192E-2 2.33565E-2 2.29926E-2 2.34796E-2 2.35347E-2 2.44662E-2 2.5694E-2 2.70494E-2 2.74638E-2 2.62464E-2 2.58828E-2 2.6377E-2 2.73971E-2 2.74609E-2 2.66927E-2 2.62046E-2 2.81817E-2 -9999 -9999 -9999 -9999 -9999 -9999 -9999 -9999 9.99238E-1
1.8603E-2 1.86582E-2 1.91494E-2 1.9294E-2 1.98797E-2 1.89476E-2 1.88039E-2 1.92136E-2 1.9144E-2 1.94128E-2 2.02621E-2 2.08747E-2 2.01302E-2 1.96256E-2 1.94102E-2 1.94413E-2 1.94644E-2 1.97301E-2 2.02472E-2 2.02346E-2 2.02913E-2 2.01185E-2 1.99551E-2 2.03626E-2 2.07116E-2 2.0634E-2 2.03417E-2 2.05565E-2 2.09308E-2 2.09178E-2 2.08776E-2 2.09333E-2 2.14815E-2 2.19776E-2 2.2245E-2 2.30615E-2 2.34847E-2 2.24304E-2 2.28757E-2 2.34076E-2 2.37787E-2 2.44463E-2 2.46782E-2 2.58697E-2 2.76285E-2 -9999 -9999 -9999 3.02373E-2 2.92219E-2 2.78543E-2 2.8475E-2 -9999 -9999 -9999 -9999 -9999 -9999 -9999 -9999 9.86414E-1
1.74437E-2 1.73982E-2 1.75062E-2 1.79395E-2 1.78478E-2 1.77922E-2 1.86927E-2 1.93902E-2 2.10056E-2 2.0071E-2 2.04356E-2 2.02963E-2 2.02414E-2 1.92106E-2 1.93147E-2 1.99728E-2 1.93511E-2 1.95378E-2 1.97588E-2 2.01464E-2 1.99267E-2 2.00905E-2 1.99029E-2 2.06232E-2 2.0041E-2 2.06896E-2 2.04015E-2 2.0356E-2 2.06223E-2 2.07772E-2 2.10823E-2 2.11296E-2 2.14289E-2 2.25031E-2 2.28416E-2 2.24142E-2 2.33842E-2 2.29842E-2 2.32219E-2 2.3579E-2 2.37218E-2 2.38197E-2 2.32735E-2 2.37026E-2 2.44307E-2 2.54178E-2 2.66217E-2 -9999 -9999 -9999 -9999 -9999 -9999 -9999 -9999 -9999 -9999 -9999 6.00763E-2 -9999 9.92654E-1
1.72746E-2 1.78333E-2 1.80571E-2 1.87736E-2 1.82004E-2 1.83758E-2 1.8435E-2 1.90632E-2 1.91145E-2 1.9502E-2 1.91842E-2 1.94783E-2 1.88491E-2 1.89619E-2 1.89712E-2 1.95586E-2 2.02931E-2 2.0617E-2 1.98647E-2 2.00005E-2 1.95342E-2 1.94522E-2 1.95977E-2 1.97161E-2 2.23253E-2 2.05842E-2 1.99067E-2 2.04697E-2 2.02309E-2 2.06026E-2 2.09565E-2 2.09798E-2 2.19733E-2 2.24349E-2 2.2681E-2 2.32299E-2 2.3598E-2 2.36276E-2 2.36189E-2 2.3335E-2 2.33454E-2 2.295E-2 2.2977E-2 2.30893E-2 2.36553E-2 2.46786E-2 2.61454E-2 -9999 -9999 -9999 -9999 -9999 -9999 -9999 9.99175E-1 -9999 -9999 -9999 -9999 -9999 9.99281E-1
1.75608E-2 1.81058E-2 1.82787E-2 1.89649E-2 1.84956E-2 1.9318E-2 1.9763E-2 1.98957E-2 2.15116E-2 2.00215E-2 1.99323E-2 1.98183E-2 1.95055E-2 1.93015E-2 1.93119E-2 1.9372E-2 1.93503E-2 1.95211E-2 1.99816E-2 1.9799E-2 1.9378E-2 1.97083E-2 1.96585E-2 1.93793E-2 2.37285E-2 2.38869E-2 1.98138E-2 1.99677E-2 2.00894E-2 2.04857E-2 2.06505E-2 2.09002E-2 2.15263E-2 2.14807E-2 2.26167E-2 2.31744E-2 2.30185E-2 2.36997E-2 2.32604E-2 2.35538E-2 2.36775E-2 2.37918E-2 2.31198E-2 2.25473E-2 2.42606E-2 2.52347E-2 2.6947E-2 5.28904E-2 -9999 -9999 -9999 -9999 -9999 -9999 -9999 -9999 -9999 -9999 6.01919E-2 3.76647E-2 -9999
1.78447E-2 1.79422E-2 1.76246E-2 1.81766E-2 1.88113E-2 1.94469E-2 1.90197E-2 1.87616E-2 1.8504E-2 1.82615E-2 1.88276E-2 1.92061E-2 1.96546E-2 1.95349E-2 1.93748E-2 1.94939E-2 1.92608E-2 1.96813E-2 1.96106E-2 1.93039E-2 1.93309E-2 1.8944E-2 1.92221E-2 1.95045E-2 1.95022E-2 1.96596E-2 1.97132E-2 1.97168E-2 2.00623E-2 2.05406E-2 2.09093E-2 2.11281E-2 2.12608E-2 2.154E-2 2.1979E-2 2.27834E-2 2.31372E-2 2.28882E-2 2.24199E-2 2.34754E-2 2.28928E-2 2.25793E-2 2.26088E-2 2.27702E-2 2.2831E-2 2.29464E-2 2.42158E-2 2.58543E-2 2.61988E-2 2.79605E-2 2.97891E-2 -9999 -9999 -9999 -9999 -9999 -9999 -9999 3.65805E-2 3.46885E-2 3.53632E-2
1.72529E-2 1.74924E-2 1.76507E-2 1.82435E-2 1.86553E-2 1.76722E-2 1.85814E-2 1.83132E-2 1.78688E-2 1.79654E-2 1.80037E-2 1.82742E-2 1.85961E-2 1.87042E-2 1.90988E-2 1.96556E-2 1.89965E-2 1.95084E-2 1.97187E-2 1.98162E-2 1.95139E-2 1.94464E-2 1.92312E-2 1.99676E-2 2.02277E-2 1.97923E-2 2.02114E-2 2.01879E-2 2.03572E-2 2.06504E-2 2.08969E-2 2.08261E-2 2.13007E-2 2.16724E-2 2.21745E-2 2.24547E-2 2.23066E-2 2.20201E-2 2.26077E-2 2.31286E-2 2.29964E-2 2.23411E-2 2.24384E-2 2.23227E-2 2.25935E-2 2.27254E-2 2.31137E-2 2.38828E-2 2.43315E-2 2.53812E-2 2.73043E-2 2.90035E-2 -9999 -9999 -9999 -9999 -9999 -9999 3.58735E-2 3.1752E-2 3.89371E-2
1.73324E-2 1.71442E-2 1.75708E-2 1.75326E-2 1.81526E-2 1.78265E-2 1.80156E-2 1.84801E-2 1.79589E-2 1.80573E-2 1.78362E-2 1.78034E-2 1.8258E-2 1.85833E-2 1.90675E-2 1.93392E-2 1.97862E-2 2.00471E-2 1.99635E-2 2.01981E-2 1.99216E-2 1.99369E-2 1.95288E-2 1.96499E-2 1.97282E-2 1.97967E-2 1.97954E-2 1.97994E-2 2.05216E-2 2.08839E-2 2.14E-2 2.12124E-2 2.16529E-2 2.17885E-2 2.1828E-2 2.17211E-2 2.20282E-2 2.34007E-2 2.22439E-2 2.22486E-2 2.22981E-2 2.1971E-2 2.23073E-2 2.22774E-2 2.28328E-2 2.32455E-2 2.32612E-2 2.31865E-2 2.36356E-2 2.48609E-2 2.56428E-2 2.67486E-2 2.85398E-2 -9999 -9999 -9999 -9999 -9999 -9999 -9999 4.93043E-2
1.68534E-2 1.71224E-2 1.78705E-2 1.86057E-2 1.93307E-2 1.86374E-2 1.83768E-2 1.88793E-2 1.95764E-2 1.91227E-2 1.81256E-2 1.82621E-2 1.82635E-2 1.86451E-2 1.88568E-2 1.96884E-2 2.02007E-2 1.9777E-2 1.97992E-2 2.04567E-2 2.0229E-2 2.019E-2 2.07242E-2 2.0127E-2 1.97444E-2 2.05578E-2 1.95632E-2 1.97399E-2 1.98547E-2 2.0637E-2 2.09513E-2 2.07905E-2 2.13274E-2 2.18572E-2 2.15029E-2 2.23486E-2 2.28288E-2 2.21861E-2 2.17574E-2 2.22296E-2 2.22997E-2 2.21591E-2 2.22989E-2 2.21908E-2 2.23715E-2 2.33345E-2 2.33977E-2 2.34404E-2 2.42964E-2 2.53094E-2 2.57633E-2 2.68163E-2 2.89397E-2 3.16267E-2 -9999 -9999 -9999 -9999 3.91865E-2 3.63704E-2 3.61277E-2
1.72474E-2 1.76707E-2 1.83988E-2 1.81254E-2 1.85489E-2 1.91422E-2 1.90906E-2 1.88984E-2 1.99036E-2 2.0118E-2 1.89296E-2 1.91069E-2 1.98429E-2 2.06491E-2 1.96787E-2 2.02933E-2 2.0558E-2 2.04936E-2 2.03524E-2 2.00722E-2 1.98023E-2 1.97982E-2 2.21577E-2 2.03039E-2 1.99821E-2 2.04501E-2 1.99378E-2 2.01638E-2 2.03348E-2 2.11232E-2 2.19939E-2 2.1538E-2 2.16955E-2 2.22541E-2 2.20807E-2 2.2001E-2 2.13827E-2 2.12668E-2 2.14374E-2 2.10579E-2 2.14201E-2 2.13114E-2 2.15315E-2 2.13587E-2 2.17412E-2 2.3066E-2 2.34988E-2 2.44234E-2 2.54081E-2 2.60117E-2 2.81291E-2 3.05512E-2 3.06996E-2 3.20226E-2 -9999 -9999 -9999 3.5065E-2 3.4493E-2 3.43069E-2 3.7216E-2
1.77048E-2 1.82965E-2 1.82736E-2 1.83042E-2 1.91632E-2 1.86556E-2 1.95613E-2 2.0016E-2 1.93965E-2 2.02385E-2 2.10809E-2 2.15562E-2 2.10794E-2 2.07226E-2 2.05194E-2 2.02284E-2 1.98519E-2 2.02004E-2 2.06418E-2 2.07385E-2 2.01053E-2 1.98875E-2 1.99308E-2 1.96687E-2 1.99331E-2 2.10306E-2 2.04225E-2 2.03452E-2 2.08478E-2 2.15511E-2 2.21015E-2 2.20807E-2 2.19984E-2 2.1761E-2 2.17605E-2 2.15869E-2 2.11971E-2 2.10426E-2 2.09585E-2 2.07175E-2 2.18713E-2 2.15191E-2 2.11608E-2 2.13225E-2 2.18789E-2 2.27782E-2 2.4091E-2 2.53051E-2 2.57484E-2 2.6986E-2 2.93184E-2 3.09337E-2 3.28692E-2 3.11004E-2 2.9946E-2 3.0639E-2 3.31633E-2 3.40959E-2 3.36543E-2 3.51666E-2 3.49239E-2
1.7466E-2 1.76139E-2 1.79929E-2 1.84579E-2 1.84962E-2 1.84623E-2 1.91981E-2 1.95899E-2 2.01594E-2 2.00257E-2 1.9923E-2 1.9971E-2 1.99438E-2 1.96038E-2 1.97498E-2 1.94682E-2 1.97629E-2 2.00384E-2 2.04254E-2 2.0817E-2 2.04247E-2 2.0215E-2 2.03829E-2 2.00863E-2 2.02738E-2 2.03136E-2 2.07584E-2 2.11395E-2 2.23616E-2 2.18379E-2 2.19591E-2 2.21003E-2 2.13961E-2 2.16451E-2 2.14567E-2 2.16111E-2 2.12957E-2 2.14689E-2 2.2366E-2 2.19555E-2 2.10843E-2 2.07374E-2 2.05604E-2 2.08913E-2 2.2062E-2 2.41601E-2 2.58883E-2 2.58452E-2 2.68361E-2 2.87393E-2 3.03784E-2 3.1096E-2 2.96571E-2 2.87035E-2 2.77767E-2 2.87496E-2 3.26778E-2 3.57985E-2 3.46423E-2 3.50473E-2 3.62833E-2
1.80127E-2 1.83017E-2 1.85048E-2 1.86164E-2 1.90879E-2 1.92714E-2 1.9308E-2 1.91927E-2 2.01877E-2 2.01953E-2 1.98227E-2 1.95164E-2 2.03678E-2 2.02765E-2 1.88944E-2 1.9473E-2 2.01497E-2 2.11452E-2 2.18237E-2 2.12978E-2 2.11946E-2 2.09417E-2 2.08706E-2 2.05083E-2 2.09221E-2 2.21824E-2 2.16059E-2 2.14325E-2 2.30193E-2 2.15534E-2 2.09483E-2 2.1807E-2 2.13692E-2 2.29971E-2 2.16083E-2 2.06863E-2 2.03787E-2 2.05119E-2 2.04234E-2 2.06643E-2 2.12588E-2 2.1131E-2 2.12168E-2 2.22649E-2 2.43516E-2 2.48713E-2 2.48496E-2 2.70359E-2 2.74608E-2 2.75298E-2 2.82441E-2 2.90013E-2 2.8464E-2 2.84482E-2 2.88729E-2 2.95818E-2 3.13644E-2 3.30974E-2 3.36636E-2 3.24155E-2 3.25432E-2
1.83498E-2 1.93899E-2 1.77166E-2 1.80903E-2 1.92343E-2 1.91633E-2 2.09194E-2 2.01244E-2 1.96836E-2 1.90678E-2 1.92685E-2 1.89519E-2 1.99095E-2 2.18984E-2 2.06032E-2 2.04397E-2 2.16706E-2 2.05772E-2 2.24835E-2 2.33903E-2 2.26373E-2 2.10136E-2 2.1434E-2 2.08517E-2 2.14832E-2 2.2358E-2 2.26576E-2 2.24863E-2 2.22843E-2 2.22449E-2 2.13063E-2 2.20123E-2 2.18108E-2 2.1906E-2 2.14016E-2 2.0545E-2 2.01792E-2 1.97694E-2 1.98361E-2 2.05288E-2 2.15639E-2 2.25585E-2 2.27115E-2 2.3726E-2 2.42723E-2 2.42648E-2 2.461E-2 2.60835E-2 2.59261E-2 2.53354E-2 2.64832E-2 2.58106E-2 2.65341E-2 2.67856E-2 2.74151E-2 2.88657E-2 2.91773E-2 2.99251E-2 3.05557E-2 3.12156E-2 3.19262E-2
1.80489E-2 1.79205E-2 1.80347E-2 1.79856E-2 1.88393E-2 1.88827E-2 2.01739E-2 1.93478E-2 1.90279E-2 1.9379E-2 2.02903E-2 2.22393E-2 1.93057E-2 1.9483E-2 1.94768E-2 1.98349E-2 2.12341E-2 2.06022E-2 2.09101E-2 2.19399E-2 2.1688E-2 2.08379E-2 2.06966E-2 2.15129E-2 2.10719E-2 2.05951E-2 2.06742E-2 2.12347E-2 2.32752E-2 2.2461E-2 2.19501E-2 2.19141E-2 2.09448E-2 2.12852E-2 2.09438E-2 1.9868E-2 1.97495E-2 1.9848E-2 2.01499E-2 2.1882E-2 2.35916E-2 2.30032E-2 2.30242E-2 2.38591E-2 2.45687E-2 2.47484E-2 2.57953E-2 2.66202E-2 2.71789E-2 2.64024E-2 2.64642E-2 2.53811E-2 2.41106E-2 2.34844E-2 2.40883E-2 2.54682E-2 2.57761E-2 2.6301E-2 2.6696E-2 2.89136E-2 3.03291E-2
1.78352E-2 1.90846E-2 1.86335E-2 1.85909E-2 1.88037E-2 1.92189E-2 1.89833E-2 1.90548E-2 1.94042E-2 1.97718E-2 1.94102E-2 2.15305E-2 2.22236E-2 2.17255E-2 2.14737E-2 2.1232E-2 2.06325E-2 2.00739E-2 1.95978E-2 2.09866E-2 2.18774E-2 2.18129E-2 2.07933E-2 2.04676E-2 2.02134E-2 2.09426E-2 2.16131E-2 2.22278E-2 2.36988E-2 2.40501E-2 2.23617E-2 2.17608E-2 2.15433E-2 2.17163E-2 2.08691E-2 2.0485E-2 2.07971E-2 2.09063E-2 2.17901E-2 2.38042E-2 2.47275E-2 2.34704E-2 2.37793E-2 2.36074E-2 2.39427E-2 2.55822E-2 2.59135E-2 2.6005E-2 2.49408E-2 2.47944E-2 2.46017E-2 2.32426E-2 2.24933E-2 2.39489E-2 2.93333E-2 2.52819E-2 2.49741E-2 2.43022E-2 2.52854E-2 2.60132E-2 2.73151E-2
1.80831E-2 1.85934E-2 1.99178E-2 2.27043E-2 2.63376E-2 2.49122E-2 2.2456E-2 1.99393E-2 2.01061E-2 1.95253E-2 1.88343E-2 1.98088E-2 2.05126E-2 1.99982E-2 2.14887E-2 2.18165E-2 2.25751E-2 2.03457E-2 2.04628E-2 2.02906E-2 2.13795E-2 2.26638E-2 2.3004E-2 2.22525E-2 2.23552E-2 2.23137E-2 2.25729E-2 2.30835E-2 2.27193E-2 2.37401E-2 2.34433E-2 2.30671E-2 2.2645E-2 2.18526E-2 2.1563E-2 2.17948E-2 2.3285E-2 2.25766E-2 2.2591E-2 2.32238E-2 2.45112E-2 2.41407E-2 2.31454E-2 2.48957E-2 2.41483E-2 2.474E-2 2.63534E-2 2.43929E-2 2.2831E-2 2.3038E-2 2.32292E-2 2.2497E-2 2.37088E-2 2.45985E-2 2.60806E-2 2.39639E-2 2.41027E-2 2.48822E-2 2.55178E-2 2.52859E-2 2.52206E-2
1.97004E-2 2.10796E-2 2.45763E-2 3.40795E-2 3.00013E-2 3.2189E-2 3.19659E-2 2.42079E-2 2.07202E-2 2.02563E-2 1.99072E-2 2.36133E-2 2.03342E-2 2.03114E-2 2.21784E-2 2.04149E-2 2.12915E-2 1.93123E-2 2.04065E-2 2.08806E-2 2.01722E-2 2.20865E-2 2.35486E-2 2.51327E-2 2.46013E-2 2.39025E-2 2.26976E-2 2.33728E-2 2.41951E-2 2.36985E-2 2.40388E-2 2.43616E-2 2.28558E-2 2.20138E-2 2.20276E-2 2.21255E-2 2.41229E-2 2.46085E-2 2.43898E-2 2.38992E-2 2.4102E-2 2.53712E-2 2.50573E-2 2.56513E-2 2.52147E-2 2.44703E-2 2.40816E-2 2.263E-2 2.31284E-2 2.24307E-2 2.26355E-2 2.22667E-2 2.32907E-2 2.1949E-2 2.24839E-2 2.19384E-2 2.27847E-2 2.43503E-2 2.47864E-2 2.47495E-2 2.57299E-2
2.15525E-2 2.27003E-2 3.12646E-2 4.10438E-2 3.89744E-2 5.02439E-2 5.32454E-2 4.27082E-2 2.28243E-2 1.99605E-2 2.23863E-2 2.53283E-2 2.07571E-2 2.05552E-2 2.16154E-2 2.15365E-2 2.0414E-2 2.08819E-2 2.61192E-2 2.25738E-2 2.08579E-2 2.10331E-2 2.24197E-2 2.28306E-2 2.2776E-2 2.16961E-2 2.23261E-2 2.36047E-2 2.4554E-2 2.46565E-2 2.26531E-2 2.31537E-2 2.24107E-2 2.14121E-2 2.23525E-2 2.25657E-2 2.29085E-2 2.29274E-2 2.35286E-2 2.33238E-2 2.38652E-2 2.34141E-2 2.39971E-2 2.49937E-2 2.32593E-2 2.26012E-2 2.41902E-2 2.36735E-2 2.3177E-2 2.28704E-2 2.22029E-2 2.19936E-2 2.19931E-2 2.2268E-2 2.19206E-2 2.21328E-2 2.20858E-2 2.42248E-2 2.53298E-2 2.4342E-2 2.39453E-2
2.07571E-2 2.44983E-2 4.22348E-2 4.85758E-2 5.22981E-2 5.59442E-2 5.80817E-2 3.82575E-2 2.23822E-2 2.11007E-2 2.30211E-2 2.14675E-2 2.23311E-2 2.23554E-2 2.34188E-2 2.1276E-2 2.36515E-2 1.90448E-2 2.054E-2 2.58111E-2 2.2329E-2 2.1843E-2 2.23867E-2 2.30452E-2 2.18912E-2 2.15646E-2 2.15325E-2 2.15895E-2 2.20771E-2 2.17858E-2 2.24649E-2 2.31734E-2 2.27125E-2 2.12887E-2 2.1486E-2 2.29011E-2 2.20521E-2 2.1065E-2 2.15761E-2 2.29195E-2 2.29305E-2 2.38796E-2 2.42783E-2 2.43981E-2 2.25587E-2 2.11009E-2 2.16356E-2 2.24371E-2 2.22159E-2 2.26317E-2 2.30554E-2 2.28681E-2 2.29639E-2 2.16112E-2 2.24074E-2 2.25843E-2 2.23277E-2 2.36107E-2 2.37021E-2 2.38235E-2 2.29771E-2
1.94842E-2 2.14152E-2 3.47854E-2 4.16021E-2 4.21333E-2 4.78659E-2 5.2398E-2 2.77823E-2 1.89698E-2 1.85833E-2 1.86844E-2 1.98368E-2 2.00892E-2 2.23243E-2 2.52948E-2 2.86294E-2 2.46853E-2 2.3205E-2 1.98247E-2 2.07064E-2 2.05709E-2 2.14694E-2 2.28601E-2 2.14766E-2 1.98311E-2 2.01139E-2 2.0734E-2 2.13558E-2 2.21369E-2 2.16348E-2 2.15471E-2 2.16472E-2 2.20797E-2 2.21633E-2 2.2078E-2 2.17942E-2 2.1432E-2 2.17852E-2 2.28248E-2 2.32798E-2 2.36187E-2 2.4565E-2 2.45898E-2 2.31689E-2 2.07709E-2 2.14692E-2 2.18078E-2 2.32675E-2 2.27453E-2 2.31416E-2 2.35433E-2 2.32901E-2 2.10898E-2 2.23124E-2 2.26312E-2 2.27638E-2 2.32894E-2 2.27207E-2 2.21855E-2 2.27277E-2 2.31214E-2
