maxent_outputs/white_flowers_troch_bombus_environ/white_185.asc
ncols         426
nrows         180
xllcorner     -130.0
yllcorner     24.0
cellsize      0.16666666666666666
NODATA_value  -9999
[rows 81 to 107 of 180, columns 183 to 243 of 426]
3.60841E-1 3.61557E-1 3.60907E-1 3.63167E-1 3.63603E-1 3.61824E-1 3.65068E-1 3.75489E-1 3.83239E-1 3.87235E-1 3.85688E-1 3.83612E-1 3.92865E-1 4.01567E-1 3.97039E-1 3.91027E-1 4.04766E-1 4.22857E-1 4.35883E-1 4.3675E-1 4.35913E-1 4.33358E-1 4.41203E-1 4.53059E-1 4.6342E-1 4.6865E-1 4.73938E-1 4.84917E-1 4.93838E-1 4.93311E-1 4.99725E-1 5.05157E-1 5.02292E-1 5.0499E-1 5.00857E-1 5.15388E-1 5.2866E-1 5.4292E-1 5.41676E-1 5.43571E-1 5.44412E-1 5.36138E-1 5.21027E-1 5.0424E-1 5.03713E-1 5.13386E-1 5.14207E-1 5.13846E-1 5.31073E-1 5.33479E-1 5.34893E-1 5.43465E-1 5.54106E-1 5.48794E-1 5.56358E-1 5.59482E-1 5.67075E-1 5.69998E-1 5.497E-1 5.48635E-1 5.52106E-1
3.60494E-1 3.61546E-1 3.65194E-1 3.63285E-1 3.62656E-1 3.64564E-1 3.72243E-1 3.85123E-1 3.94179E-1 3.9403E-1 3.87301E-1 3.88971E-1 3.99368E-1 4.12218E-1 4.07028E-1 4.01299E-1 4.02181E-1 4.24061E-1 4.45494E-1 4.48516E-1 4.40195E-1 4.44878E-1 4.51394E-1 4.62612E-1 4.69266E-1 4.72378E-1 4.75534E-1 4.85397E-1 4.94173E-1 4.9149E-1 4.88064E-1 4.97098E-1 4.94169E-1 4.96593E-1 4.92329E-1 5.08327E-1 5.36052E-1 5.6589E-1 5.86055E-1 5.68377E-1 5.57756E-1 5.52575E-1 5.31262E-1 5.16537E-1 5.1274E-1 5.20836E-1 5.25149E-1 5.1562E-1 5.21466E-1 5.3049E-1 5.33371E-1 5.37823E-1 5.42086E-1 5.48078E-1 5.59837E-1 5.6566E-1 5.56949E-1 5.52718E-1 5.45975E-1 5.39914E-1 5.39718E-1
3.61389E-1 3.65602E-1 3.60606E-1 3.63326E-1 3.6209E-1 3.66527E-1 3.71086E-1 3.83751E-1 3.95906E-1 4.00515E-1 4.00663E-1 4.01943E-1 4.10884E-1 4.21588E-1 4.18983E-1 4.14354E-1 4.14692E-1 4.23788E-1 4.37792E-1 4.45222E-1 4.48353E-1 4.59334E-1 4.62412E-1 4.6531E-1 4.72212E-1 4.75697E-1 4.76353E-1 4.77936E-1 4.85242E-1 4.84845E-1 4.78285E-1 4.84041E-1 4.94448E-1 5.01147E-1 5.07488E-1 5.15821E-1 5.39887E-1 5.68396E-1 5.84003E-1 5.70782E-1 5.6078E-1 5.5994E-1 5.37092E-1 5.2989E-1 5.27857E-1 5.16437E-1 5.22447E-1 5.21774E-1 5.2153E-1 5.40399E-1 5.40558E-1 5.42354E-1 5.38191E-1 5.37849E-1 5.42866E-1 5.48029E-1 5.43283E-1 5.45646E-1 5.41112E-1 5.38873E-1 5.38206E-1
3.66991E-1 3.66635E-1 3.62772E-1 3.641E-1 3.70782E-1 3.76899E-1 3.85486E-1 3.9448E-1 4.05809E-1 4.0254E-1 4.12284E-1 4.18116E-1 4.17822E-1 4.21144E-1 4.2322E-1 4.20634E-1 4.1825E-1 4.10424E-1 4.19923E-1 4.28031E-1 4.32095E-1 4.52014E-1 4.63935E-1 4.65921E-1 4.74403E-1 4.79477E-1 4.87602E-1 4.8469E-1 4.7991E-1 4.69364E-1 4.6829E-1 4.7848E-1 4.95287E-1 4.96935E-1 5.11178E-1 5.17936E-1 5.34825E-1 5.52051E-1 5.58002E-1 5.58493E-1 5.53705E-1 5.50922E-1 5.46427E-1 5.39865E-1 5.29845E-1 5.12882E-1 5.26688E-1 5.34808E-1 5.37718E-1 5.51369E-1 5.48449E-1 5.46116E-1 5.40384E-1 5.33162E-1 5.22606E-1 5.31567E-1 5.35735E-1 5.39833E-1 5.45724E-1 5.40931E-1 5.39552E-1
3.55281E-1 3.5232E-1 3.52003E-1 3.52471E-1 3.61312E-1 3.71702E-1 3.7792E-1 3.9612E-1 3.99866E-1 3.99229E-1 4.05104E-1 4.11358E-1 4.11848E-1 4.07225E-1 4.0588E-1 4.05019E-1 4.03105E-1 4.03558E-1 4.0067E-1 4.09044E-1 4.25071E-1 4.38886E-1 4.49065E-1 4.55845E-1 4.67863E-1 4.7594E-1 4.82619E-1 4.78381E-1 4.81581E-1 4.73893E-1 4.75486E-1 4.80192E-1 4.92052E-1 4.94846E-1 4.98388E-1 4.9824E-1 5.13332E-1 5.29954E-1 5.36359E-1 5.43201E-1 5.40304E-1 5.45849E-1 5.46579E-1 5.39708E-1 5.40209E-1 5.37408E-1 5.43804E-1 5.50992E-1 5.51452E-1 5.44773E-1 5.47698E-1 5.50922E-1 5.37018E-1 5.22682E-1 5.22843E-1 5.25088E-1 5.29502E-1 5.36174E-1 5.42952E-1 5.51407E-1 5.51216E-1
3.54305E-1 3.56638E-1 3.59083E-1 3.57809E-1 3.59916E-1 3.64355E-1 3.68698E-1 3.78835E-1 3.85014E-1 3.94578E-1 3.9796E-1 3.9829E-1 3.93027E-1 3.89237E-1 3.92418E-1 3.90639E-1 3.94001E-1 3.91965E-1 4.02867E-1 4.05076E-1 4.11192E-1 4.27009E-1 4.34486E-1 4.41738E-1 4.60538E-1 4.76682E-1 4.79108E-1 4.89091E-1 4.84215E-1 4.83636E-1 4.82959E-1 4.92859E-1 4.93713E-1 5.04753E-1 5.07474E-1 5.26179E-1 5.26236E-1 5.25502E-1 5.23673E-1 5.25639E-1 5.20235E-1 5.34947E-1 5.37422E-1 5.34978E-1 5.37542E-1 5.46165E-1 5.53972E-1 5.54572E-1 5.51951E-1 5.50766E-1 5.42064E-1 5.48854E-1 5.41297E-1 5.26059E-1 5.24964E-1 5.29616E-1 5.37088E-1 5.42092E-1 5.4547E-1 5.52744E-1 5.64426E-1
3.54807E-1 3.5982E-1 3.65797E-1 3.65005E-1 3.62783E-1 3.64569E-1 3.77062E-1 3.79703E-1 3.80979E-1 3.85554E-1 3.88297E-1 3.97242E-1 4.03381E-1 3.94448E-1 3.94175E-1 3.91655E-1 3.88206E-1 4.03264E-1 4.01909E-1 4.00877E-1 4.03673E-1 4.11436E-1 4.2652E-1 4.34439E-1 4.51681E-1 4.76435E-1 4.92927E-1 4.95031E-1 4.82233E-1 4.86622E-1 4.95491E-1 5.05327E-1 5.09065E-1 5.15278E-1 5.21026E-1 5.22769E-1 5.23986E-1 5.14563E-1 5.07493E-1 5.09487E-1 5.14859E-1 5.21201E-1 5.27749E-1 5.28019E-1 5.31935E-1 5.38587E-1 5.43157E-1 5.41309E-1 5.4679E-1 5.51894E-1 5.48256E-1 5.42809E-1 5.53267E-1 5.3924E-1 5.29929E-1 5.32171E-1 5.43817E-1 5.51258E-1 5.58186E-1 5.59063E-1 5.64238E-1
3.75983E-1 3.79689E-1 3.82694E-1 3.86219E-1 3.80675E-1 3.77524E-1 3.77164E-1 3.798E-1 3.88451E-1 3.86551E-1 3.68539E-1 3.79257E-1 4.02288E-1 3.95967E-1 4.00109E-1 4.00089E-1 4.01075E-1 4.05259E-1 3.99438E-1 3.91906E-1 3.97169E-1 4.04148E-1 4.27662E-1 4.38558E-1 4.53749E-1 4.73986E-1 4.94876E-1 4.96407E-1 4.8468E-1 4.95484E-1 4.99722E-1 5.03907E-1 5.1335E-1 5.13313E-1 5.14886E-1 5.23098E-1 5.16671E-1 5.12885E-1 5.09875E-1 5.09718E-1 5.18304E-1 5.22314E-1 5.26364E-1 5.23686E-1 5.23441E-1 5.20147E-1 5.24436E-1 5.32652E-1 5.42297E-1 5.45258E-1 5.55916E-1 5.53782E-1 5.5497E-1 5.57823E-1 5.51837E-1 5.47853E-1 5.56784E-1 5.67366E-1 5.67358E-1 5.72718E-1 5.77816E-1
3.75883E-1 3.86776E-1 3.86085E-1 3.81845E-1 3.79529E-1 3.74392E-1 3.71982E-1 3.74114E-1 3.83399E-1 3.76013E-1 3.61838E-1 3.75451E-1 3.97634E-1 3.876E-1 3.83272E-1 3.93927E-1 4.02065E-1 4.1371E-1 4.15043E-1 4.09416E-1 4.12334E-1 4.17995E-1 4.33129E-1 4.48147E-1 4.57203E-1 4.63914E-1 4.82822E-1 4.95466E-1 4.98423E-1 5.01333E-1 5.09749E-1 5.14845E-1 5.14963E-1 5.27769E-1 5.23116E-1 5.25004E-1 5.22459E-1 5.19586E-1 5.14636E-1 5.14912E-1 5.15393E-1 5.1444E-1 5.20571E-1 5.24779E-1 5.22957E-1 5.19879E-1 5.23406E-1 5.3343E-1 5.39528E-1 5.40043E-1 5.42422E-1 5.5711E-1 5.62755E-1 5.78524E-1 5.82682E-1 5.75478E-1 5.72135E-1 5.7236E-1 5.7752E-1 5.7556E-1 5.79468E-1
3.70097E-1 3.77163E-1 3.91307E-1 3.91783E-1 3.91483E-1 3.89176E-1 3.78011E-1 3.75239E-1 3.77078E-1 3.79118E-1 3.7481E-1 3.87478E-1 3.84361E-1 3.75485E-1 3.74582E-1 3.79169E-1 3.98089E-1 4.16851E-1 4.25001E-1 4.3492E-1 4.47398E-1 4.39802E-1 4.41263E-1 4.45094E-1 4.52778E-1 4.64321E-1 4.69914E-1 4.87662E-1 5.04942E-1 5.07132E-1 5.13125E-1 5.24309E-1 5.3453E-1 5.3092E-1 5.34268E-1 5.3191E-1 5.32911E-1 5.33746E-1 5.29416E-1 5.22642E-1 5.21217E-1 5.13505E-1 5.1312E-1 5.21089E-1 5.27731E-1 5.26083E-1 5.29574E-1 5.36013E-1 5.49227E-1 5.48339E-1 5.44614E-1 5.4545E-1 5.57531E-1 5.78438E-1 5.84463E-1 5.87706E-1 5.80895E-1 5.77125E-1 5.73654E-1 5.73806E-1 5.77257E-1
3.67477E-1 3.71756E-1 3.85773E-1 3.97836E-1 3.97888E-1 3.93043E-1 3.83766E-1 3.67331E-1 3.84173E-1 3.97924E-1 3.90885E-1 3.92705E-1 3.85249E-1 3.81454E-1 3.8005E-1 3.84072E-1 3.9557E-1 4.12135E-1 4.2524E-1 4.42611E-1 4.37638E-1 4.30018E-1 4.3124E-1 4.38657E-1 4.52606E-1 4.64511E-1 4.66303E-1 4.68228E-1 4.78141E-1 4.86424E-1 4.95489E-1 5.08294E-1 5.23583E-1 5.33318E-1 5.35406E-1 5.41004E-1 5.44952E-1 5.45492E-1 5.3695E-1 5.31756E-1 5.21667E-1 5.07587E-1 5.09183E-1 5.24727E-1 5.29273E-1 5.27286E-1 5.33833E-1 5.43332E-1 5.48734E-1 5.57204E-1 5.57569E-1 5.61344E-1 5.64025E-1 5.73948E-1 5.89437E-1 5.95301E-1 5.8409E-1 5.87166E-1 5.76622E-1 5.7929E-1 5.79256E-1
3.63762E-1 3.69394E-1 3.77823E-1 3.88205E-1 3.94935E-1 4.00963E-1 3.96837E-1 3.93495E-1 4.03421E-1 4.01632E-1 3.9935E-1 3.99751E-1 4.0052E-1 3.96594E-1 3.88615E-1 3.89544E-1 3.92736E-1 4.08588E-1 4.14835E-1 4.15959E-1 4.12053E-1 4.15715E-1 4.23165E-1 4.3176E-1 4.51115E-1 4.60941E-1 4.55006E-1 4.41206E-1 4.59916E-1 4.73251E-1 4.80979E-1 5.01337E-1 5.20642E-1 5.33116E-1 5.46444E-1 5.46816E-1 5.46965E-1 5.53975E-1 5.47176E-1 5.42311E-1 5.31221E-1 5.12539E-1 5.13824E-1 5.23063E-1 5.2585E-1 5.26966E-1 5.40176E-1 5.41879E-1 5.61314E-1 5.52329E-1 5.55836E-1 5.63819E-1 5.70078E-1 5.80866E-1 5.97728E-1 5.96077E-1 5.91738E-1 5.82716E-1 5.73018E-1 5.78333E-1 5.88279E-1
3.6239E-1 3.6994E-1 3.75019E-1 3.7771E-1 3.86014E-1 3.88787E-1 3.9522E-1 4.06783E-1 4.10555E-1 4.07803E-1 4.09895E-1 4.12338E-1 4.20769E-1 4.13552E-1 3.99754E-1 3.99266E-1 3.99478E-1 4.02353E-1 4.02098E-1 3.8775E-1 3.88126E-1 3.96631E-1 4.09845E-1 4.25573E-1 4.4517E-1 4.57103E-1 4.52708E-1 4.4655E-1 4.54129E-1 4.74675E-1 4.88174E-1 5.06194E-1 5.25302E-1 5.36506E-1 5.44894E-1 5.42758E-1 5.43509E-1 5.45267E-1 5.51167E-1 5.56347E-1 5.47381E-1 5.37455E-1 5.34884E-1 5.32305E-1 5.349E-1 5.39028E-1 5.42762E-1 5.56418E-1 5.69283E-1 5.71566E-1 5.76395E-1 5.70654E-1 5.73496E-1 5.88155E-1 5.97265E-1 6.03001E-1 6.02444E-1 5.86579E-1 5.81439E-1 5.89893E-1 5.95881E-1
3.6794E-1 3.7184E-1 3.80539E-1 3.81351E-1 3.88804E-1 3.94538E-1 3.99235E-1 4.03437E-1 4.06124E-1 4.09947E-1 4.12814E-1 4.1838E-1 4.21356E-1 4.20142E-1 4.06741E-1 4.02379E-1 4.02188E-1 4.06819E-1 4.05687E-1 3.92577E-1 3.94012E-1 3.98629E-1 4.09813E-1 4.2946E-1 4.46041E-1 4.65528E-1 4.69205E-1 4.67554E-1 4.75307E-1 4.86028E-1 4.97579E-1 5.23473E-1 5.41763E-1 5.42352E-1 5.50344E-1 5.54419E-1 5.53998E-1 5.37328E-1 5.4404E-1 5.58042E-1 5.68644E-1 5.58006E-1 5.50717E-1 5.47541E-1 5.55549E-1 5.56566E-1 5.68814E-1 5.72274E-1 5.7152E-1 5.82955E-1 5.93178E-1 5.88358E-1 5.87504E-1 5.87653E-1 5.99751E-1 6.1549E-1 6.1835E-1 6.06493E-1 5.99841E-1 6.04875E-1 6.03492E-1
3.78571E-1 3.8234E-1 3.87136E-1 3.91136E-1 3.94349E-1 3.99225E-1 4.02978E-1 4.07187E-1 4.0754E-1 4.14442E-1 4.12508E-1 4.15039E-1 4.17928E-1 4.21489E-1 4.12891E-1 4.09594E-1 4.05131E-1 4.05629E-1 4.14342E-1 4.1066E-1 4.14895E-1 4.26642E-1 4.30793E-1 4.41599E-1 4.56643E-1 4.72319E-1 4.77971E-1 4.88636E-1 4.95157E-1 5.00527E-1 5.09826E-1 5.30475E-1 5.45312E-1 5.50644E-1 5.61137E-1 5.56682E-1 5.5077E-1 5.49283E-1 5.54892E-1 5.69294E-1 5.82282E-1 5.79691E-1 5.7394E-1 5.7078E-1 5.84182E-1 5.75926E-1 5.89661E-1 5.88241E-1 5.87457E-1 5.88853E-1 6.05322E-1 6.12725E-1 6.04253E-1 6.03966E-1 6.20292E-1 6.2493E-1 6.21249E-1 6.1391E-1 6.14761E-1 6.12884E-1 6.08679E-1
3.8641E-1 3.87299E-1 3.91951E-1 3.97553E-1 4.00436E-1 4.05366E-1 4.06113E-1 4.08901E-1 4.08196E-1 4.13172E-1 4.14202E-1 4.17046E-1 4.18835E-1 4.21631E-1 4.1504E-1 4.16886E-1 4.16431E-1 4.20211E-1 4.13644E-1 4.21526E-1 4.29347E-1 4.49201E-1 4.67171E-1 4.65015E-1 4.71665E-1 4.83426E-1 4.94125E-1 4.99146E-1 5.06422E-1 5.13753E-1 5.28047E-1 5.42665E-1 5.47778E-1 5.54191E-1 5.62613E-1 5.62228E-1 5.62507E-1 5.60195E-1 5.65911E-1 5.81376E-1 5.93763E-1 5.98337E-1 5.93217E-1 5.91303E-1 5.92637E-1 5.9815E-1 6.10272E-1 6.04886E-1 6.00194E-1 6.02625E-1 6.17588E-1 6.34242E-1 6.28013E-1 6.24513E-1 6.36104E-1 6.42554E-1 6.25903E-1 6.23497E-1 6.25455E-1 6.27828E-1 6.14288E-1
3.8393E-1 3.80774E-1 3.9066E-1 3.98006E-1 4.07404E-1 4.11181E-1 4.14837E-1 4.16731E-1 4.15228E-1 4.1706E-1 4.21109E-1 4.23482E-1 4.2826E-1 4.3314E-1 4.24574E-1 4.29132E-1 4.31147E-1 4.43109E-1 4.36946E-1 4.41919E-1 4.49532E-1 4.61199E-1 4.74394E-1 4.77788E-1 4.84989E-1 4.94751E-1 5.06411E-1 5.08646E-1 5.1952E-1 5.33267E-1 5.51298E-1 5.60462E-1 5.62407E-1 5.65101E-1 5.77246E-1 5.81729E-1 5.75794E-1 5.76046E-1 5.88793E-1 5.98656E-1 6.18841E-1 6.18827E-1 6.06151E-1 6.10827E-1 6.09155E-1 6.20594E-1 6.24285E-1 6.22577E-1 6.22863E-1 6.32621E-1 6.41059E-1 6.4779E-1 6.42183E-1 6.53051E-1 6.49422E-1 6.54684E-1 6.40333E-1 6.23042E-1 6.23817E-1 6.32642E-1 6.35914E-1
3.83289E-1 3.78338E-1 3.91071E-1 4.02443E-1 4.13102E-1 4.15104E-1 4.16688E-1 4.19533E-1 4.22086E-1 4.18423E-1 4.22679E-1 4.29015E-1 4.31697E-1 4.38737E-1 4.36095E-1 4.41076E-1 4.5149E-1 4.65716E-1 4.65449E-1 4.67803E-1 4.71777E-1 4.77038E-1 4.87001E-1 4.94438E-1 5.02979E-1 5.10391E-1 5.19418E-1 5.2507E-1 5.36377E-1 5.49581E-1 5.71674E-1 5.87528E-1 5.89818E-1 5.89494E-1 6.04403E-1 5.9692E-1 5.96415E-1 5.9903E-1 6.02395E-1 6.15895E-1 6.30719E-1 6.23272E-1 6.22907E-1 6.28968E-1 6.29295E-1 6.29979E-1 6.3341E-1 6.35535E-1 6.39634E-1 6.52231E-1 6.56607E-1 6.5504E-1 6.72517E-1 6.61443E-1 6.49571E-1 6.49839E-1 6.49116E-1 6.36279E-1 6.28538E-1 6.37914E-1 6.43464E-1
3.8948E-1 3.92118E-1 3.94032E-1 4.01E-1 4.07051E-1 4.14571E-1 4.21422E-1 4.23394E-1 4.28573E-1 4.24685E-1 4.36678E-1 4.37877E-1 4.40674E-1 4.40993E-1 4.45622E-1 4.57117E-1 4.67997E-1 4.73429E-1 4.55417E-1 4.50299E-1 4.59459E-1 4.68046E-1 4.81215E-1 5.05528E-1 5.22134E-1 5.23898E-1 5.25703E-1 5.38537E-1 5.55888E-1 5.67472E-1 5.82353E-1 6.00719E-1 6.03245E-1 6.07773E-1 6.04132E-1 6.05435E-1 6.18E-1 6.2982E-1 6.27048E-1 6.25831E-1 6.27219E-1 6.29079E-1 6.27954E-1 6.41716E-1 6.4079E-1 6.33954E-1 6.31498E-1 6.32358E-1 6.47548E-1 6.61298E-1 6.60055E-1 6.54129E-1 6.49057E-1 6.56182E-1 6.5113E-1 6.49617E-1 6.4889E-1 6.48047E-1 6.31872E-1 6.36211E-1 6.29268E-1
3.9037E-1 4.03515E-1 4.00231E-1 4.07904E-1 4.07918E-1 4.08352E-1 4.15197E-1 4.23534E-1 4.31659E-1 4.34485E-1 4.41503E-1 4.47038E-1 4.44312E-1 4.48665E-1 4.56274E-1 4.75556E-1 4.72829E-1 4.68246E-1 4.51142E-1 4.51934E-1 4.59795E-1 4.7481E-1 4.90699E-1 5.04559E-1 5.20649E-1 5.22989E-1 5.26324E-1 5.42312E-1 5.67347E-1 5.78636E-1 5.86305E-1 5.98464E-1 6.07728E-1 6.13E-1 6.08705E-1 6.12808E-1 6.3251E-1 6.50956E-1 6.4362E-1 6.44593E-1 6.40543E-1 6.30397E-1 6.37871E-1 6.51071E-1 6.4206E-1 6.37139E-1 6.30534E-1 6.33285E-1 6.47034E-1 6.57723E-1 6.62325E-1 6.51565E-1 6.36976E-1 6.27468E-1 6.21633E-1 6.21818E-1 6.35002E-1 6.37238E-1 6.30025E-1 6.19476E-1 6.33791E-1
3.82141E-1 4.00036E-1 4.0358E-1 4.00526E-1 4.09005E-1 4.10206E-1 4.16932E-1 4.16319E-1 4.25938E-1 4.3439E-1 4.41725E-1 4.4842E-1 4.57256E-1 4.66285E-1 4.76579E-1 4.81528E-1 4.76692E-1 4.73781E-1 4.67053E-1 4.64677E-1 4.7235E-1 4.90959E-1 5.11446E-1 5.19002E-1 5.29513E-1 5.3599E-1 5.3947E-1 5.5303E-1 5.77537E-1 6.01783E-1 6.08849E-1 6.11041E-1 6.05173E-1 6.03549E-1 6.13919E-1 6.2932E-1 6.40969E-1 6.48059E-1 6.47847E-1 6.51192E-1 6.45134E-1 6.34994E-1 6.45504E-1 6.48635E-1 6.50262E-1 6.4089E-1 6.3211E-1 6.36419E-1 6.48411E-1 6.56409E-1 6.54813E-1 6.4272E-1 6.22552E-1 6.13984E-1 6.13573E-1 6.12082E-1 6.10846E-1 6.11958E-1 6.14323E-1 6.10914E-1 6.14502E-1
3.75242E-1 3.95866E-1 4.08923E-1 4.11054E-1 4.04077E-1 4.03424E-1 4.05431E-1 4.11843E-1 4.17789E-1 4.2095E-1 4.35135E-1 4.49255E-1 4.59846E-1 4.77085E-1 4.93525E-1 4.95707E-1 4.80629E-1 4.81568E-1 4.82403E-1 4.94892E-1 5.08659E-1 5.22578E-1 5.34678E-1 5.40102E-1 5.48635E-1 5.52871E-1 5.58372E-1 5.74782E-1 5.91072E-1 6.17546E-1 6.26601E-1 6.32138E-1 6.19869E-1 6.18117E-1 6.3654E-1 6.45351E-1 6.57321E-1 6.50829E-1 6.45862E-1 6.37158E-1 6.22737E-1 6.23396E-1 6.24724E-1 6.32434E-1 6.38884E-1 6.39922E-1 6.40214E-1 6.41269E-1 6.50369E-1 6.57377E-1 6.53666E-1 6.41886E-1 6.27144E-1 6.11732E-1 6.03064E-1 6.07029E-1 5.95306E-1 6.15304E-1 6.13609E-1 6.08463E-1 6.1211E-1
3.76777E-1 3.89489E-1 3.89781E-1 3.96106E-1 3.93892E-1 4.01824E-1 4.02349E-1 4.12348E-1 4.13189E-1 4.18756E-1 4.28379E-1 4.45825E-1 4.59052E-1 4.71763E-1 4.89397E-1 5.01225E-1 4.91758E-1 4.90323E-1 5.02926E-1 5.20746E-1 5.3665E-1 5.40971E-1 5.35398E-1 5.26863E-1 5.41706E-1 5.56622E-1 5.71829E-1 5.87363E-1 6.10224E-1 6.25795E-1 6.39194E-1 6.443E-1 6.45481E-1 6.47259E-1 6.53086E-1 6.60278E-1 6.62992E-1 6.43207E-1 6.27967E-1 6.25465E-1 6.22428E-1 6.1194E-1 6.21211E-1 6.24205E-1 6.35223E-1 6.47609E-1 6.4826E-1 6.46431E-1 6.43756E-1 6.51243E-1 6.48008E-1 6.39317E-1 6.23177E-1 6.09459E-1 6.00727E-1 5.91879E-1 5.95556E-1 6.02217E-1 6.17578E-1 6.18981E-1 6.25682E-1
3.8995E-1 3.98656E-1 3.90473E-1 3.76796E-1 3.91038E-1 3.98092E-1 4.11254E-1 4.15079E-1 4.17791E-1 4.21648E-1 4.30004E-1 4.43072E-1 4.578E-1 4.6532E-1 4.76995E-1 4.86999E-1 4.88859E-1 5.02682E-1 5.18904E-1 5.28076E-1 5.36161E-1 5.36055E-1 5.38814E-1 5.52247E-1 5.58393E-1 5.71946E-1 5.90917E-1 6.21335E-1 6.2341E-1 6.27449E-1 6.42882E-1 6.52042E-1 6.55783E-1 6.67324E-1 6.64323E-1 6.60317E-1 6.66538E-1 6.46264E-1 6.24581E-1 6.25098E-1 6.11173E-1 6.16169E-1 6.13633E-1 6.09102E-1 6.2653E-1 6.3992E-1 6.47601E-1 6.31159E-1 6.3144E-1 6.21248E-1 6.26652E-1 6.12813E-1 6.09445E-1 6.07976E-1 6.07549E-1 6.03421E-1 5.98515E-1 6.08013E-1 6.25811E-1 6.2997E-1 6.49147E-1
3.87536E-1 3.77439E-1 3.82072E-1 3.79472E-1 3.83507E-1 3.97154E-1 4.094E-1 4.1624E-1 4.19327E-1 4.29444E-1 4.32642E-1 4.43118E-1 4.52194E-1 4.54477E-1 4.67071E-1 4.78475E-1 4.88826E-1 4.95414E-1 5.03331E-1 5.24211E-1 5.27131E-1 5.22541E-1 5.42436E-1 5.71253E-1 5.79669E-1 5.82851E-1 6.17955E-1 6.33545E-1 6.35018E-1 6.37415E-1 6.53239E-1 6.54235E-1 6.65178E-1 6.94283E-1 6.77794E-1 6.47869E-1 6.37712E-1 6.32245E-1 6.10897E-1 6.08855E-1 6.31069E-1 6.30945E-1 6.15387E-1 6.27653E-1 6.19073E-1 6.2951E-1 6.33894E-1 6.21088E-1 6.2977E-1 6.20923E-1 6.05955E-1 5.99655E-1 6.14652E-1 6.3188E-1 6.24317E-1 6.23562E-1 6.13659E-1 6.27863E-1 6.4375E-1 6.57415E-1 6.75253E-1
3.91652E-1 3.77243E-1 3.68172E-1 3.8015E-1 3.91553E-1 4.07967E-1 4.04286E-1 4.08712E-1 4.18337E-1 4.19807E-1 4.25338E-1 4.35484E-1 4.47864E-1 4.52396E-1 4.60381E-1 4.68798E-1 4.81891E-1 4.99256E-1 5.20244E-1 5.23618E-1 5.11955E-1 4.98872E-1 5.20228E-1 5.48079E-1 5.76495E-1 6.0319E-1 6.27369E-1 6.33802E-1 6.32916E-1 6.36128E-1 6.43043E-1 6.4801E-1 6.70435E-1 6.75403E-1 6.68512E-1 6.5877E-1 6.51101E-1 6.35984E-1 6.06503E-1 6.00628E-1 6.05147E-1 6.05298E-1 6.0841E-1 6.31544E-1 6.30225E-1 6.29229E-1 6.40522E-1 6.40736E-1 6.36053E-1 6.21887E-1 6.10892E-1 6.13109E-1 6.29736E-1 6.46241E-1 6.3982E-1 6.28637E-1 6.29051E-1 6.45001E-1 6.63384E-1 6.79348E-1 6.83641E-1
3.80094E-1 3.78101E-1 3.67112E-1 3.69003E-1 3.94608E-1 4.06667E-1 4.03543E-1 4.00076E-1 4.0925E-1 4.20525E-1 4.26579E-1 4.30616E-1 4.38501E-1 4.49019E-1 4.53001E-1 4.57292E-1 4.65973E-1 4.80688E-1 5.00257E-1 5.07428E-1 4.98818E-1 4.97703E-1 5.13965E-1 5.32573E-1 5.66674E-1 5.99232E-1 6.17786E-1 6.25891E-1 6.25278E-1 6.23944E-1 6.39595E-1 6.52034E-1 6.61976E-1 6.62273E-1 6.67959E-1 6.57408E-1 6.64235E-1 6.36959E-1 5.99061E-1 5.98144E-1 6.01274E-1 6.12585E-1 6.42537E-1 6.49341E-1 6.36756E-1 6.41727E-1 6.35649E-1 6.30457E-1 6.33763E-1 6.32017E-1 6.28716E-1 6.3106E-1 6.47593E-1 6.54905E-1 6.4157E-1 6.37481E-1 6.46742E-1 6.62082E-1 6.68309E-1 6.87126E-1 6.85935E-1
