maxent_outputs/white_flowers_troch_bombus_environ/white_235.asc
ncols         426
nrows         180
xllcorner     -130.0
yllcorner     24.0
cellsize      0.16666666666666666
NODATA_value  -9999
[rows 81 to 107 of 180, columns 183 to 243 of 426]
3.36796E-1 3.36918E-1 3.37299E-1 3.39646E-1 3.41618E-1 3.43216E-1 3.48868E-1 3.57562E-1 3.63952E-1 3.69523E-1 3.71532E-1 3.71604E-1 3.80518E-1 3.86661E-1 3.84701E-1 3.83552E-1 3.9267E-1 4.0922E-1 4.23626E-1 4.31712E-1 4.32911E-1 4.33053E-1 4.38921E-1 4.50103E-1 4.5555E-1 4.60416E-1 4.67777E-1 4.72676E-1 4.76748E-1 4.783E-1 4.85733E-1 4.91152E-1 4.89205E-1 4.93046E-1 4.94771E-1 5.15358E-1 5.35228E-1 5.59039E-1 5.5537E-1 5.48767E-1 5.47983E-1 5.34032E-1 5.19509E-1 5.06688E-1 5.07748E-1 5.18606E-1 5.2464E-1 5.27177E-1 5.41528E-1 5.45096E-1 5.51621E-1 5.61158E-1 5.68177E-1 5.64305E-1 5.73204E-1 5.81655E-1 5.91421E-1 5.96774E-1 5.8038E-1 5.79028E-1 5.7824E-1
3.39381E-1 3.39592E-1 3.40807E-1 3.4018E-1 3.42302E-1 3.45793E-1 3.54612E-1 3.66767E-1 3.77E-1 3.78307E-1 3.76407E-1 3.81811E-1 3.90195E-1 3.99819E-1 3.95684E-1 3.93365E-1 3.96576E-1 4.11074E-1 4.29506E-1 4.38555E-1 4.36585E-1 4.40848E-1 4.49744E-1 4.5987E-1 4.66209E-1 4.65588E-1 4.70266E-1 4.75036E-1 4.79557E-1 4.81008E-1 4.8306E-1 4.90648E-1 4.88066E-1 4.90076E-1 4.92379E-1 5.16035E-1 5.58811E-1 6.07693E-1 6.36802E-1 5.96543E-1 5.72815E-1 5.53836E-1 5.31372E-1 5.20671E-1 5.20254E-1 5.30884E-1 5.37026E-1 5.33234E-1 5.40247E-1 5.48332E-1 5.51407E-1 5.56948E-1 5.62467E-1 5.68008E-1 5.78707E-1 5.88182E-1 5.87225E-1 5.83645E-1 5.7787E-1 5.71496E-1 5.70497E-1
3.44167E-1 3.47355E-1 3.41132E-1 3.43315E-1 3.46384E-1 3.51583E-1 3.57742E-1 3.68981E-1 3.81036E-1 3.85498E-1 3.87809E-1 3.93082E-1 4.01619E-1 4.11398E-1 4.10665E-1 4.04744E-1 4.06312E-1 4.14409E-1 4.22368E-1 4.32843E-1 4.42866E-1 4.55343E-1 4.60453E-1 4.62723E-1 4.71556E-1 4.73965E-1 4.71766E-1 4.72101E-1 4.79236E-1 4.77489E-1 4.75775E-1 4.82391E-1 4.91985E-1 4.96341E-1 5.07736E-1 5.27587E-1 5.6536E-1 6.14006E-1 6.39255E-1 6.04864E-1 5.79704E-1 5.64021E-1 5.41125E-1 5.35451E-1 5.37215E-1 5.31669E-1 5.42046E-1 5.44901E-1 5.46392E-1 5.57545E-1 5.54627E-1 5.58654E-1 5.58977E-1 5.61371E-1 5.68703E-1 5.74811E-1 5.72821E-1 5.77288E-1 5.74345E-1 5.73355E-1 5.73408E-1
3.47607E-1 3.4698E-1 3.44593E-1 3.45101E-1 3.51606E-1 3.60881E-1 3.69048E-1 3.7795E-1 3.8917E-1 3.8927E-1 3.96995E-1 4.04319E-1 4.05187E-1 4.09464E-1 4.13022E-1 4.13255E-1 4.10945E-1 4.03935E-1 4.09486E-1 4.17754E-1 4.28605E-1 4.45625E-1 4.57065E-1 4.63703E-1 4.69928E-1 4.76461E-1 4.8426E-1 4.82066E-1 4.79202E-1 4.70854E-1 4.68327E-1 4.78534E-1 4.91515E-1 4.97223E-1 5.10364E-1 5.26085E-1 5.51418E-1 5.76438E-1 5.83384E-1 5.80707E-1 5.69488E-1 5.58682E-1 5.51722E-1 5.46856E-1 5.42825E-1 5.3378E-1 5.50456E-1 5.61245E-1 5.6256E-1 5.64195E-1 5.61549E-1 5.63279E-1 5.60094E-1 5.61098E-1 5.52649E-1 5.56675E-1 5.62854E-1 5.70418E-1 5.80331E-1 5.80963E-1 5.80012E-1
3.43716E-1 3.41132E-1 3.41763E-1 3.43608E-1 3.49554E-1 3.60207E-1 3.66716E-1 3.80546E-1 3.86748E-1 3.8944E-1 3.95144E-1 4.01683E-1 4.01064E-1 3.97961E-1 3.97939E-1 3.98987E-1 3.97899E-1 3.98082E-1 3.98977E-1 4.06164E-1 4.20929E-1 4.33538E-1 4.45806E-1 4.54513E-1 4.6541E-1 4.72897E-1 4.78229E-1 4.81719E-1 4.84439E-1 4.783E-1 4.75466E-1 4.82727E-1 4.90704E-1 4.96297E-1 5.02856E-1 5.06046E-1 5.24657E-1 5.42152E-1 5.47639E-1 5.574E-1 5.55331E-1 5.54521E-1 5.52664E-1 5.51573E-1 5.54277E-1 5.57446E-1 5.67928E-1 5.77324E-1 5.78238E-1 5.69012E-1 5.66076E-1 5.68826E-1 5.61684E-1 5.54685E-1 5.50267E-1 5.48941E-1 5.56992E-1 5.69009E-1 5.82217E-1 5.92873E-1 5.95768E-1
3.43497E-1 3.47163E-1 3.50039E-1 3.50508E-1 3.54193E-1 3.59107E-1 3.64881E-1 3.74647E-1 3.80133E-1 3.90511E-1 3.93969E-1 3.94471E-1 3.91039E-1 3.86156E-1 3.88779E-1 3.86481E-1 3.88111E-1 3.91329E-1 3.9802E-1 4.01374E-1 4.08503E-1 4.25415E-1 4.37336E-1 4.4684E-1 4.60465E-1 4.7482E-1 4.81694E-1 4.8784E-1 4.87983E-1 4.91438E-1 4.88388E-1 4.96032E-1 4.98036E-1 5.08277E-1 5.12845E-1 5.26559E-1 5.33108E-1 5.37548E-1 5.39442E-1 5.42178E-1 5.4228E-1 5.52531E-1 5.55265E-1 5.53286E-1 5.56787E-1 5.69972E-1 5.78292E-1 5.82918E-1 5.80437E-1 5.80634E-1 5.73025E-1 5.72362E-1 5.68137E-1 5.59642E-1 5.56365E-1 5.57819E-1 5.68781E-1 5.78623E-1 5.87485E-1 5.99064E-1 6.1097E-1
3.44917E-1 3.52921E-1 3.58594E-1 3.60192E-1 3.58154E-1 3.62674E-1 3.75401E-1 3.79978E-1 3.83962E-1 3.87153E-1 3.86797E-1 3.92765E-1 3.9854E-1 3.9431E-1 3.92503E-1 3.87578E-1 3.87325E-1 3.98689E-1 3.98859E-1 3.99635E-1 4.05282E-1 4.14579E-1 4.30536E-1 4.41169E-1 4.55764E-1 4.74766E-1 4.91068E-1 4.97621E-1 4.89393E-1 4.96892E-1 5.05258E-1 5.11475E-1 5.17393E-1 5.24415E-1 5.3088E-1 5.33956E-1 5.36061E-1 5.32906E-1 5.30924E-1 5.3435E-1 5.42297E-1 5.47513E-1 5.49758E-1 5.51514E-1 5.54141E-1 5.63709E-1 5.70327E-1 5.70791E-1 5.7749E-1 5.82211E-1 5.82131E-1 5.78523E-1 5.83154E-1 5.75053E-1 5.65084E-1 5.6894E-1 5.80697E-1 5.9136E-1 6.02127E-1 6.07457E-1 6.14138E-1
3.58828E-1 3.65096E-1 3.71178E-1 3.74765E-1 3.72147E-1 3.71803E-1 3.7506E-1 3.80864E-1 3.90325E-1 3.8861E-1 3.78225E-1 3.83121E-1 4.00777E-1 3.96862E-1 3.97933E-1 3.97473E-1 3.99302E-1 4.08087E-1 4.04023E-1 3.99508E-1 4.04311E-1 4.1465E-1 4.33137E-1 4.4658E-1 4.60688E-1 4.73799E-1 4.94002E-1 4.99679E-1 4.95479E-1 5.04549E-1 5.12191E-1 5.19419E-1 5.27678E-1 5.34445E-1 5.36399E-1 5.39435E-1 5.37585E-1 5.33624E-1 5.31393E-1 5.36601E-1 5.42309E-1 5.46323E-1 5.49838E-1 5.46915E-1 5.46938E-1 5.4813E-1 5.54715E-1 5.63546E-1 5.7388E-1 5.78538E-1 5.87138E-1 5.87785E-1 5.91574E-1 5.93407E-1 5.89577E-1 5.88956E-1 5.99358E-1 6.11365E-1 6.14854E-1 6.21505E-1 6.27381E-1
3.62041E-1 3.73027E-1 3.77495E-1 3.75568E-1 3.75983E-1 3.74807E-1 3.73671E-1 3.78623E-1 3.8692E-1 3.8397E-1 3.75221E-1 3.86923E-1 4.01378E-1 3.92511E-1 3.87483E-1 3.97105E-1 4.06131E-1 4.15221E-1 4.16168E-1 4.14692E-1 4.20773E-1 4.30413E-1 4.44032E-1 4.58078E-1 4.67822E-1 4.73254E-1 4.92327E-1 5.0275E-1 5.07702E-1 5.1352E-1 5.19705E-1 5.2632E-1 5.32027E-1 5.43121E-1 5.43144E-1 5.4625E-1 5.44782E-1 5.43123E-1 5.37843E-1 5.40918E-1 5.40674E-1 5.40756E-1 5.46219E-1 5.50719E-1 5.47231E-1 5.48717E-1 5.53471E-1 5.64087E-1 5.74748E-1 5.7636E-1 5.81687E-1 5.93297E-1 6.0387E-1 6.1514E-1 6.18658E-1 6.15344E-1 6.15577E-1 6.20115E-1 6.26287E-1 6.28081E-1 6.30238E-1
3.58158E-1 3.66404E-1 3.815E-1 3.85995E-1 3.87911E-1 3.86883E-1 3.77696E-1 3.75989E-1 3.80631E-1 3.84734E-1 3.85982E-1 3.99444E-1 3.97277E-1 3.8784E-1 3.88624E-1 3.87836E-1 4.00419E-1 4.1198E-1 4.21934E-1 4.33668E-1 4.45215E-1 4.4454E-1 4.48245E-1 4.53778E-1 4.66022E-1 4.78188E-1 4.84819E-1 4.99478E-1 5.12143E-1 5.17905E-1 5.21553E-1 5.30544E-1 5.44068E-1 5.45182E-1 5.51994E-1 5.52407E-1 5.53245E-1 5.51808E-1 5.49832E-1 5.44195E-1 5.4227E-1 5.3866E-1 5.43201E-1 5.49655E-1 5.55393E-1 5.55726E-1 5.60354E-1 5.7076E-1 5.79965E-1 5.82508E-1 5.84E-1 5.91898E-1 6.05951E-1 6.25203E-1 6.32084E-1 6.36393E-1 6.32924E-1 6.31226E-1 6.27092E-1 6.2716E-1 6.29857E-1
3.58999E-1 3.64966E-1 3.78918E-1 3.91086E-1 3.90879E-1 3.87156E-1 3.81632E-1 3.69021E-1 3.82492E-1 3.95688E-1 3.98337E-1 4.05271E-1 3.97966E-1 3.94348E-1 3.9215E-1 3.9221E-1 3.94567E-1 4.08967E-1 4.2215E-1 4.36258E-1 4.39623E-1 4.36052E-1 4.38698E-1 4.46654E-1 4.63733E-1 4.77929E-1 4.80503E-1 4.81734E-1 4.90798E-1 5.00627E-1 5.08844E-1 5.21616E-1 5.37239E-1 5.50748E-1 5.53655E-1 5.59887E-1 5.60169E-1 5.58948E-1 5.54355E-1 5.46781E-1 5.37378E-1 5.28191E-1 5.3663E-1 5.54902E-1 5.59944E-1 5.60512E-1 5.67255E-1 5.78389E-1 5.87489E-1 5.92256E-1 5.96396E-1 6.04031E-1 6.12975E-1 6.26384E-1 6.42401E-1 6.50218E-1 6.44164E-1 6.43255E-1 6.35047E-1 6.34358E-1 6.32052E-1
3.55752E-1 3.60573E-1 3.70844E-1 3.79989E-1 3.86248E-1 3.8972E-1 3.87779E-1 3.8722E-1 3.9671E-1 3.96181E-1 4.02157E-1 4.06728E-1 4.09616E-1 4.04671E-1 3.94688E-1 3.93203E-1 3.9339E-1 4.07111E-1 4.17647E-1 4.19318E-1 4.20078E-1 4.26145E-1 4.31701E-1 4.42893E-1 4.647E-1 4.7793E-1 4.7362E-1 4.63778E-1 4.78917E-1 4.92685E-1 5.03039E-1 5.19105E-1 5.37756E-1 5.50288E-1 5.61847E-1 5.62246E-1 5.61415E-1 5.64696E-1 5.61181E-1 5.58324E-1 5.47145E-1 5.30156E-1 5.38904E-1 5.55356E-1 5.62276E-1 5.63142E-1 5.7202E-1 5.79066E-1 5.96786E-1 5.97273E-1 6.04931E-1 6.13465E-1 6.23199E-1 6.3591E-1 6.53454E-1 6.55037E-1 6.51604E-1 6.45975E-1 6.36932E-1 6.38629E-1 6.43723E-1
3.546E-1 3.62849E-1 3.69443E-1 3.74761E-1 3.81697E-1 3.82867E-1 3.89938E-1 4.00527E-1 4.03632E-1 4.02107E-1 4.08378E-1 4.1346E-1 4.24511E-1 4.22959E-1 4.03076E-1 4.00195E-1 4.0498E-1 4.08805E-1 4.09153E-1 3.99498E-1 4.01434E-1 4.1102E-1 4.21691E-1 4.37422E-1 4.58847E-1 4.7369E-1 4.72514E-1 4.70022E-1 4.77601E-1 4.97568E-1 5.13142E-1 5.28633E-1 5.44583E-1 5.57345E-1 5.65532E-1 5.64324E-1 5.61676E-1 5.61617E-1 5.63894E-1 5.70362E-1 5.66375E-1 5.58174E-1 5.60749E-1 5.65467E-1 5.68974E-1 5.71213E-1 5.77476E-1 5.90307E-1 6.03693E-1 6.12596E-1 6.22004E-1 6.25192E-1 6.33433E-1 6.44712E-1 6.55281E-1 6.62398E-1 6.59407E-1 6.52905E-1 6.49916E-1 6.52878E-1 6.53975E-1
3.59716E-1 3.66331E-1 3.78E-1 3.78495E-1 3.84526E-1 3.89157E-1 3.94798E-1 4.00231E-1 4.03491E-1 4.07072E-1 4.13221E-1 4.19725E-1 4.24181E-1 4.27017E-1 4.11724E-1 4.06177E-1 4.0912E-1 4.12244E-1 4.09989E-1 4.02151E-1 4.07842E-1 4.14192E-1 4.23643E-1 4.42445E-1 4.62177E-1 4.79211E-1 4.87298E-1 4.88926E-1 5.01594E-1 5.15042E-1 5.24718E-1 5.43679E-1 5.612E-1 5.63856E-1 5.72014E-1 5.77212E-1 5.80045E-1 5.61185E-1 5.66194E-1 5.78071E-1 5.92028E-1 5.83281E-1 5.80123E-1 5.80315E-1 5.8412E-1 5.89072E-1 5.98021E-1 6.02553E-1 6.09608E-1 6.21849E-1 6.36671E-1 6.40624E-1 6.43306E-1 6.4643E-1 6.58525E-1 6.69489E-1 6.72009E-1 6.69077E-1 6.66478E-1 6.68279E-1 6.66753E-1
3.69418E-1 3.75923E-1 3.82469E-1 3.87348E-1 3.90405E-1 3.95522E-1 3.98598E-1 4.03478E-1 4.06034E-1 4.11298E-1 4.12036E-1 4.15702E-1 4.18837E-1 4.23646E-1 4.17018E-1 4.12727E-1 4.08579E-1 4.09662E-1 4.15125E-1 4.21271E-1 4.29591E-1 4.37549E-1 4.44333E-1 4.55726E-1 4.71954E-1 4.89802E-1 4.9794E-1 5.09668E-1 5.19369E-1 5.27988E-1 5.36573E-1 5.54613E-1 5.66772E-1 5.7125E-1 5.80398E-1 5.78284E-1 5.72831E-1 5.68919E-1 5.73276E-1 5.87928E-1 6.04323E-1 6.04333E-1 5.99258E-1 6.00484E-1 6.09367E-1 6.10166E-1 6.2097E-1 6.20891E-1 6.21716E-1 6.27668E-1 6.47919E-1 6.55645E-1 6.55112E-1 6.59943E-1 6.72482E-1 6.79541E-1 6.77305E-1 6.74512E-1 6.79467E-1 6.80351E-1 6.81473E-1
3.75351E-1 3.77395E-1 3.84873E-1 3.91308E-1 3.95241E-1 4.00386E-1 4.03607E-1 4.06444E-1 4.07987E-1 4.11927E-1 4.16317E-1 4.19129E-1 4.22099E-1 4.26386E-1 4.2298E-1 4.22187E-1 4.21427E-1 4.22743E-1 4.23085E-1 4.32271E-1 4.43273E-1 4.61106E-1 4.78159E-1 4.80158E-1 4.89658E-1 5.01185E-1 5.11447E-1 5.21502E-1 5.30777E-1 5.42018E-1 5.54355E-1 5.65351E-1 5.69831E-1 5.73612E-1 5.81799E-1 5.78933E-1 5.80022E-1 5.78769E-1 5.84097E-1 5.97161E-1 6.08795E-1 6.17804E-1 6.1874E-1 6.22364E-1 6.26241E-1 6.35701E-1 6.43633E-1 6.39098E-1 6.36468E-1 6.4177E-1 6.55776E-1 6.70753E-1 6.70241E-1 6.72447E-1 6.80065E-1 6.90075E-1 6.81907E-1 6.85826E-1 6.89861E-1 6.95647E-1 6.93822E-1
3.72756E-1 3.724E-1 3.82355E-1 3.91203E-1 4.00676E-1 4.06788E-1 4.10948E-1 4.14775E-1 4.14582E-1 4.19321E-1 4.237E-1 4.29424E-1 4.38575E-1 4.42149E-1 4.34755E-1 4.3892E-1 4.37626E-1 4.42855E-1 4.45523E-1 4.54408E-1 4.61664E-1 4.75705E-1 4.92939E-1 4.9363E-1 5.02764E-1 5.1719E-1 5.26688E-1 5.31971E-1 5.44422E-1 5.59712E-1 5.75497E-1 5.81665E-1 5.836E-1 5.83102E-1 5.93983E-1 5.93989E-1 5.92406E-1 5.91898E-1 6.01984E-1 6.14532E-1 6.30417E-1 6.33368E-1 6.34326E-1 6.41256E-1 6.4312E-1 6.52239E-1 6.53709E-1 6.51945E-1 6.52792E-1 6.62423E-1 6.73853E-1 6.80123E-1 6.8146E-1 6.90503E-1 6.91428E-1 6.98679E-1 6.94297E-1 6.86637E-1 6.95558E-1 7.09635E-1 7.1764E-1
3.71399E-1 3.71747E-1 3.84561E-1 3.94958E-1 4.07568E-1 4.12363E-1 4.14779E-1 4.18373E-1 4.23489E-1 4.22687E-1 4.31494E-1 4.39309E-1 4.47418E-1 4.51299E-1 4.48391E-1 4.51001E-1 4.57814E-1 4.65817E-1 4.73243E-1 4.79253E-1 4.85373E-1 4.94979E-1 5.0987E-1 5.14558E-1 5.21041E-1 5.35616E-1 5.4096E-1 5.44216E-1 5.57109E-1 5.73522E-1 5.93851E-1 6.06842E-1 6.08967E-1 6.07824E-1 6.21538E-1 6.13694E-1 6.1084E-1 6.14728E-1 6.17089E-1 6.29409E-1 6.41465E-1 6.40872E-1 6.47048E-1 6.54754E-1 6.5797E-1 6.57122E-1 6.57692E-1 6.59702E-1 6.65484E-1 6.77283E-1 6.85952E-1 6.91721E-1 7.02037E-1 7.01016E-1 6.99727E-1 7.02763E-1 7.0607E-1 7.05365E-1 7.05518E-1 7.20134E-1 7.29892E-1
3.82299E-1 3.86954E-1 3.92843E-1 4.00776E-1 4.07509E-1 4.1508E-1 4.22332E-1 4.26256E-1 4.32482E-1 4.31915E-1 4.43815E-1 4.49121E-1 4.56504E-1 4.56009E-1 4.60755E-1 4.68193E-1 4.75111E-1 4.7743E-1 4.67926E-1 4.70464E-1 4.79867E-1 4.90344E-1 5.06243E-1 5.31213E-1 5.45226E-1 5.45163E-1 5.46685E-1 5.58823E-1 5.75264E-1 5.87884E-1 6.01995E-1 6.22017E-1 6.22491E-1 6.27144E-1 6.2459E-1 6.24694E-1 6.34948E-1 6.45109E-1 6.40644E-1 6.43651E-1 6.45135E-1 6.46056E-1 6.52862E-1 6.62932E-1 6.62349E-1 6.59993E-1 6.57729E-1 6.61839E-1 6.77906E-1 6.91156E-1 6.95931E-1 6.98997E-1 7.00766E-1 7.10214E-1 7.12356E-1 7.12622E-1 7.18791E-1 7.26206E-1 7.20415E-1 7.24482E-1 7.27463E-1
3.91005E-1 4.01926E-1 3.99588E-1 4.06655E-1 4.13264E-1 4.19707E-1 4.26418E-1 4.3428E-1 4.41841E-1 4.47995E-1 4.55691E-1 4.63371E-1 4.6087E-1 4.6617E-1 4.71871E-1 4.87439E-1 4.82533E-1 4.80476E-1 4.70998E-1 4.73629E-1 4.84284E-1 5.017E-1 5.19064E-1 5.332E-1 5.46245E-1 5.4593E-1 5.48828E-1 5.63346E-1 5.89407E-1 6.00422E-1 6.0837E-1 6.19879E-1 6.23725E-1 6.25362E-1 6.27107E-1 6.3311E-1 6.52038E-1 6.63039E-1 6.55401E-1 6.55973E-1 6.516E-1 6.47347E-1 6.6002E-1 6.71626E-1 6.69373E-1 6.62914E-1 6.55097E-1 6.62782E-1 6.84047E-1 6.99476E-1 7.05919E-1 7.04843E-1 7.01286E-1 7.02066E-1 7.01302E-1 7.06874E-1 7.20036E-1 7.29306E-1 7.26249E-1 7.21522E-1 7.33489E-1
3.88327E-1 4.02272E-1 4.05692E-1 4.05914E-1 4.15348E-1 4.24418E-1 4.36229E-1 4.36478E-1 4.45041E-1 4.54036E-1 4.63365E-1 4.71365E-1 4.76646E-1 4.81457E-1 4.89563E-1 4.94619E-1 4.87351E-1 4.89109E-1 4.9091E-1 4.92914E-1 5.03695E-1 5.22185E-1 5.40473E-1 5.51263E-1 5.55444E-1 5.59535E-1 5.65459E-1 5.78015E-1 6.02158E-1 6.20772E-1 6.26977E-1 6.29274E-1 6.20309E-1 6.17639E-1 6.2589E-1 6.4295E-1 6.59419E-1 6.62869E-1 6.58532E-1 6.57689E-1 6.53063E-1 6.4999E-1 6.6512E-1 6.74726E-1 6.76414E-1 6.69283E-1 6.63599E-1 6.71612E-1 6.91031E-1 7.04796E-1 7.11961E-1 7.06684E-1 7.00947E-1 6.99807E-1 7.05062E-1 7.08877E-1 7.15207E-1 7.17397E-1 7.22224E-1 7.16926E-1 7.21466E-1
3.85167E-1 3.99563E-1 4.10184E-1 4.16382E-1 4.17845E-1 4.23989E-1 4.33625E-1 4.38476E-1 4.42046E-1 4.46246E-1 4.58801E-1 4.72637E-1 4.81098E-1 4.9312E-1 5.02879E-1 5.06827E-1 4.95973E-1 4.93425E-1 5.0505E-1 5.23238E-1 5.40701E-1 5.55655E-1 5.65225E-1 5.74708E-1 5.78817E-1 5.79718E-1 5.88608E-1 6.03484E-1 6.18964E-1 6.38013E-1 6.47048E-1 6.46879E-1 6.31697E-1 6.24588E-1 6.42298E-1 6.57134E-1 6.73054E-1 6.66642E-1 6.62926E-1 6.55552E-1 6.4576E-1 6.48204E-1 6.59078E-1 6.68914E-1 6.76734E-1 6.78209E-1 6.83071E-1 6.86303E-1 7.01019E-1 7.14314E-1 7.20683E-1 7.18829E-1 7.09518E-1 7.06534E-1 7.01356E-1 7.0939E-1 7.00129E-1 7.15594E-1 7.18292E-1 7.12605E-1 7.19864E-1
3.87992E-1 3.99137E-1 4.01344E-1 4.06675E-1 4.11762E-1 4.24303E-1 4.31746E-1 4.40533E-1 4.41957E-1 4.46874E-1 4.57195E-1 4.70388E-1 4.83266E-1 4.93042E-1 5.05456E-1 5.18911E-1 5.12725E-1 5.09542E-1 5.2688E-1 5.49102E-1 5.68006E-1 5.77176E-1 5.72201E-1 5.71827E-1 5.82369E-1 5.95766E-1 6.09211E-1 6.19056E-1 6.40538E-1 6.51091E-1 6.58834E-1 6.61511E-1 6.57608E-1 6.55299E-1 6.6622E-1 6.7968E-1 6.80563E-1 6.69267E-1 6.60329E-1 6.56757E-1 6.51876E-1 6.4759E-1 6.60365E-1 6.69019E-1 6.80862E-1 6.9295E-1 7.01353E-1 7.04705E-1 7.07245E-1 7.20972E-1 7.26395E-1 7.29401E-1 7.22459E-1 7.15929E-1 7.07793E-1 6.97672E-1 7.0191E-1 7.08996E-1 7.24538E-1 7.25302E-1 7.36425E-1
3.95337E-1 4.02858E-1 4.02008E-1 3.96364E-1 4.08082E-1 4.20378E-1 4.3359E-1 4.39095E-1 4.44091E-1 4.51541E-1 4.59419E-1 4.69911E-1 4.82781E-1 4.9072E-1 5.02749E-1 5.12944E-1 5.17947E-1 5.27178E-1 5.45459E-1 5.60258E-1 5.70319E-1 5.77304E-1 5.80023E-1 5.98801E-1 6.01317E-1 6.14725E-1 6.31778E-1 6.54459E-1 6.55812E-1 6.58112E-1 6.69156E-1 6.74933E-1 6.75795E-1 6.82826E-1 6.89107E-1 6.92179E-1 6.97595E-1 6.78816E-1 6.65473E-1 6.65425E-1 6.56781E-1 6.64024E-1 6.64212E-1 6.68254E-1 6.82045E-1 6.96881E-1 7.10276E-1 7.02682E-1 7.08144E-1 7.11008E-1 7.21662E-1 7.21535E-1 7.24888E-1 7.27731E-1 7.20925E-1 7.09899E-1 7.02474E-1 7.16951E-1 7.3419E-1 7.42063E-1 7.57855E-1
3.93305E-1 3.86387E-1 3.93819E-1 3.96745E-1 4.05623E-1 4.20062E-1 4.32551E-1 4.38452E-1 4.45396E-1 4.57498E-1 4.61763E-1 4.72189E-1 4.79696E-1 4.84142E-1 4.97192E-1 5.09454E-1 5.21791E-1 5.29486E-1 5.36852E-1 5.58471E-1 5.6667E-1 5.66133E-1 5.89408E-1 6.15042E-1 6.22452E-1 6.27579E-1 6.54388E-1 6.64497E-1 6.64911E-1 6.63949E-1 6.77448E-1 6.78534E-1 6.88183E-1 7.17825E-1 7.07411E-1 6.82612E-1 6.69216E-1 6.69852E-1 6.57344E-1 6.60411E-1 6.80666E-1 6.88806E-1 6.76277E-1 6.93491E-1 6.8592E-1 6.96996E-1 7.09652E-1 7.07199E-1 7.15684E-1 7.20421E-1 7.1966E-1 7.21992E-1 7.38267E-1 7.52618E-1 7.41003E-1 7.31127E-1 7.20348E-1 7.35742E-1 7.49316E-1 7.62225E-1 7.77428E-1
3.91864E-1 3.85045E-1 3.81719E-1 3.94259E-1 4.06076E-1 4.23815E-1 4.29036E-1 4.37737E-1 4.47025E-1 4.4965E-1 4.57384E-1 4.6635E-1 4.77093E-1 4.81682E-1 4.92948E-1 5.02958E-1 5.17383E-1 5.3651E-1 5.56961E-1 5.59503E-1 5.52644E-1 5.50133E-1 5.72331E-1 5.99002E-1 6.23978E-1 6.50176E-1 6.64572E-1 6.66766E-1 6.65876E-1 6.67754E-1 6.70357E-1 6.76566E-1 6.97383E-1 7.06038E-1 6.987E-1 6.89869E-1 6.806E-1 6.71909E-1 6.56391E-1 6.52614E-1 6.62354E-1 6.70742E-1 6.79914E-1 7.01749E-1 7.01223E-1 7.02314E-1 7.17964E-1 7.26886E-1 7.31444E-1 7.30141E-1 7.31189E-1 7.32789E-1 7.50436E-1 7.60529E-1 7.50536E-1 7.3932E-1 7.37106E-1 7.50242E-1 7.63806E-1 7.78495E-1 7.84473E-1
3.83468E-1 3.82362E-1 3.78876E-1 3.83799E-1 4.05164E-1 4.19147E-1 4.27826E-1 4.30748E-1 4.39909E-1 4.51229E-1 4.58557E-1 4.65649E-1 4.72453E-1 4.83064E-1 4.88131E-1 4.95281E-1 5.04346E-1 5.21911E-1 5.39591E-1 5.4606E-1 5.43294E-1 5.49436E-1 5.688E-1 5.91416E-1 6.20864E-1 6.52025E-1 6.62829E-1 6.668E-1 6.65702E-1 6.63095E-1 6.74228E-1 6.83941E-1 6.94249E-1 6.96317E-1 6.976E-1 6.89762E-1 6.86383E-1 6.72266E-1 6.52449E-1 6.53591E-1 6.58291E-1 6.73792E-1 7.03217E-1 7.12263E-1 7.13202E-1 7.18723E-1 7.187E-1 7.22018E-1 7.36064E-1 7.43254E-1 7.48005E-1 7.4582E-1 7.58952E-1 7.64524E-1 7.5329E-1 7.48374E-1 7.5335E-1 7.63364E-1 7.69263E-1 7.8642E-1 7.85267E-1
