maxent_outputs/white_flowers_troch_bombus_environ/white_257.asc
ncols         426
nrows         180
xllcorner     -130.0
yllcorner     24.0
cellsize      0.16666666666666666
NODATA_value  -9999
[rows 135 to 161 of 180, columns 183 to 243 of 426]
5.65024E-1 5.76949E-1 5.86574E-1 5.93446E-1 6.03247E-1 6.03506E-1 6.00345E-1 6.01819E-1 6.12376E-1 6.2157E-1 6.40158E-1 6.50163E-1 6.57983E-1 6.67801E-1 6.7201E-1 6.71777E-1 6.80288E-1 6.99349E-1 7.36891E-1 7.58137E-1 7.83395E-1 8.035E-1 8.12288E-1 8.21456E-1 8.21464E-1 8.27151E-1 8.27614E-1 8.23717E-1 8.29045E-1 8.34537E-1 8.4424E-1 8.43363E-1 8.3827E-1 8.43207E-1 8.65776E-1 8.54917E-1 8.43448E-1 8.42932E-1 8.48553E-1 8.56744E-1 8.75151E-1 8.85547E-1 8.94812E-1 8.91813E-1 8.94162E-1 8.95359E-1 8.98219E-1 9.05992E-1 9.03496E-1 8.91429E-1 8.85182E-1 8.85088E-1 8.83229E-1 8.84778E-1 8.87188E-1 8.84193E-1 8.8437E-1 8.85811E-1 8.86406E-1 8.86532E-1 8.87817E-1
5.67132E-1 5.72123E-1 5.79021E-1 5.89286E-1 5.90583E-1 5.91347E-1 5.923E-1 5.93504E-1 6.00091E-1 6.09306E-1 6.26423E-1 6.55715E-1 6.69069E-1 6.7532E-1 6.80026E-1 6.89256E-1 6.94212E-1 7.19674E-1 7.43578E-1 7.65558E-1 7.86331E-1 7.98623E-1 8.118E-1 8.20933E-1 8.24857E-1 8.27412E-1 8.27542E-1 8.2987E-1 8.30199E-1 8.33101E-1 8.56848E-1 8.70715E-1 8.56632E-1 8.51874E-1 8.62314E-1 8.66517E-1 8.50228E-1 8.45603E-1 8.51211E-1 8.63604E-1 8.82274E-1 9.01665E-1 9.06356E-1 8.98295E-1 8.95841E-1 8.98911E-1 9.04289E-1 9.12529E-1 9.15643E-1 9.0287E-1 8.97943E-1 8.90388E-1 8.92341E-1 8.97785E-1 9.02336E-1 8.99599E-1 8.98528E-1 9.02865E-1 9.02631E-1 9.00242E-1 9.007E-1
5.63317E-1 5.6633E-1 5.78278E-1 5.84315E-1 5.85245E-1 5.81636E-1 5.83913E-1 5.88716E-1 5.90892E-1 5.92892E-1 6.10967E-1 6.59716E-1 6.78124E-1 6.85824E-1 6.92115E-1 6.99028E-1 7.1481E-1 7.41127E-1 7.57078E-1 7.73918E-1 7.84329E-1 7.97704E-1 8.09246E-1 8.17566E-1 8.21726E-1 8.2592E-1 8.31683E-1 8.3027E-1 8.35568E-1 8.40088E-1 8.43436E-1 8.59742E-1 8.77666E-1 8.63061E-1 8.58621E-1 8.57029E-1 8.52953E-1 8.57309E-1 8.69161E-1 8.73964E-1 8.8431E-1 9.03287E-1 9.11527E-1 9.13679E-1 9.06438E-1 9.05892E-1 9.08874E-1 9.18818E-1 9.19206E-1 9.14073E-1 9.10034E-1 9.04034E-1 9.08487E-1 9.11475E-1 9.14639E-1 9.11087E-1 9.13117E-1 9.12733E-1 9.12872E-1 9.08547E-1 9.07083E-1
5.64189E-1 5.71842E-1 5.74321E-1 5.75401E-1 5.6992E-1 5.72021E-1 5.8282E-1 5.81469E-1 5.89216E-1 6.0675E-1 6.38482E-1 6.64414E-1 6.81183E-1 6.91263E-1 7.04276E-1 7.13437E-1 7.31125E-1 7.49856E-1 7.62709E-1 7.77618E-1 7.865E-1 7.94406E-1 8.10283E-1 8.19729E-1 8.30174E-1 8.407E-1 8.29953E-1 8.32494E-1 8.40831E-1 8.42429E-1 8.47357E-1 8.50849E-1 8.6572E-1 8.73148E-1 8.68748E-1 8.6832E-1 8.6897E-1 8.69874E-1 8.78606E-1 8.83657E-1 8.92721E-1 9.07254E-1 9.16539E-1 9.23284E-1 9.23083E-1 9.1904E-1 9.17341E-1 9.24707E-1 9.26004E-1 9.26814E-1 9.22426E-1 9.20584E-1 9.23483E-1 9.24266E-1 9.24868E-1 9.227E-1 9.24195E-1 9.23071E-1 9.20936E-1 9.15657E-1 9.14345E-1
5.6336E-1 5.70099E-1 5.69072E-1 5.6711E-1 5.67008E-1 5.68401E-1 5.88547E-1 5.83531E-1 5.92383E-1 6.18366E-1 6.58299E-1 6.78174E-1 6.9445E-1 6.98918E-1 7.06838E-1 7.23394E-1 7.35018E-1 7.48938E-1 7.71046E-1 7.81632E-1 7.93815E-1 8.02705E-1 8.0941E-1 8.20279E-1 8.27328E-1 8.46699E-1 8.69735E-1 8.43169E-1 8.46265E-1 8.49824E-1 8.56678E-1 8.61006E-1 8.77423E-1 8.87757E-1 8.86826E-1 8.89151E-1 8.9152E-1 8.91294E-1 8.99901E-1 9.04294E-1 9.10556E-1 9.18509E-1 9.2841E-1 9.3261E-1 9.31721E-1 9.30069E-1 9.31375E-1 9.34433E-1 9.36305E-1 9.33148E-1 9.31546E-1 9.3428E-1 9.30766E-1 9.31098E-1 9.30918E-1 9.31006E-1 9.29875E-1 9.27663E-1 9.26191E-1 9.2293E-1 9.20258E-1
5.74894E-1 5.8321E-1 5.85976E-1 5.86126E-1 5.81637E-1 5.8284E-1 5.88606E-1 5.96402E-1 6.16783E-1 6.31933E-1 6.60064E-1 6.74876E-1 6.9203E-1 6.98884E-1 7.0814E-1 7.16979E-1 7.32659E-1 7.51605E-1 7.76489E-1 7.90936E-1 8.02298E-1 8.03295E-1 8.16956E-1 8.31204E-1 8.32984E-1 8.43914E-1 8.5945E-1 8.5735E-1 8.65504E-1 8.69739E-1 8.7669E-1 8.86958E-1 8.97868E-1 9.06183E-1 9.10022E-1 9.10575E-1 9.13241E-1 9.15179E-1 9.18978E-1 9.25693E-1 9.33512E-1 9.3786E-1 9.43795E-1 9.40705E-1 9.35618E-1 9.39424E-1 9.43033E-1 9.42144E-1 9.42187E-1 9.4251E-1 9.38697E-1 9.32842E-1 9.27178E-1 9.27487E-1 9.3021E-1 9.28594E-1 9.26994E-1 9.28241E-1 9.27456E-1 9.27041E-1 9.29505E-1
5.81616E-1 5.91291E-1 5.98508E-1 5.98906E-1 5.99185E-1 5.98885E-1 5.9511E-1 6.01937E-1 6.29418E-1 6.50763E-1 6.64499E-1 6.69671E-1 6.88803E-1 7.0228E-1 7.06161E-1 7.1369E-1 7.29429E-1 7.57318E-1 7.77361E-1 7.98578E-1 8.00751E-1 8.13933E-1 8.29597E-1 8.60396E-1 8.50159E-1 8.58458E-1 8.69223E-1 8.84731E-1 8.946E-1 8.91747E-1 8.96729E-1 9.01314E-1 9.1076E-1 9.14691E-1 9.2784E-1 9.29382E-1 9.33026E-1 9.35194E-1 9.37959E-1 9.44795E-1 9.49354E-1 9.49383E-1 9.5136E-1 9.47979E-1 9.39518E-1 9.43445E-1 9.46228E-1 9.42915E-1 9.38507E-1 9.43401E-1 9.47823E-1 9.34739E-1 9.22145E-1 9.23517E-1 9.32632E-1 9.32129E-1 9.32932E-1 9.25715E-1 9.29071E-1 9.33791E-1 9.4097E-1
5.86218E-1 5.9754E-1 6.0699E-1 6.09182E-1 6.13335E-1 6.18475E-1 6.17252E-1 6.24251E-1 6.30149E-1 6.44773E-1 6.65641E-1 6.77163E-1 6.89594E-1 7.01911E-1 7.03976E-1 7.13024E-1 7.37135E-1 7.69088E-1 7.82806E-1 7.97562E-1 8.01532E-1 8.19892E-1 8.42515E-1 8.58937E-1 8.75731E-1 8.80559E-1 8.99709E-1 9.04399E-1 9.08997E-1 9.06695E-1 9.12058E-1 9.17788E-1 9.25062E-1 9.25606E-1 9.36298E-1 9.39982E-1 9.42752E-1 9.52619E-1 9.47569E-1 9.49586E-1 9.53209E-1 9.52937E-1 9.50304E-1 9.45828E-1 9.42362E-1 9.40028E-1 9.42879E-1 9.40086E-1 9.4037E-1 9.40326E-1 9.3973E-1 9.37155E-1 9.35406E-1 9.46481E-1 9.55212E-1 9.7658E-1 9.75128E-1 9.47919E-1 9.47863E-1 9.43924E-1 9.51005E-1
5.99533E-1 6.10431E-1 6.23695E-1 6.28499E-1 6.35189E-1 6.46426E-1 6.44597E-1 6.43613E-1 6.4688E-1 6.48075E-1 6.55655E-1 6.72207E-1 6.88255E-1 7.04063E-1 7.09245E-1 7.23001E-1 7.42566E-1 7.62199E-1 7.84116E-1 7.98796E-1 8.07671E-1 8.13521E-1 8.46043E-1 8.79073E-1 8.95893E-1 9.02569E-1 9.01302E-1 9.09025E-1 9.15654E-1 9.18894E-1 9.25077E-1 9.33397E-1 9.49364E-1 9.4651E-1 9.48864E-1 9.50467E-1 9.57308E-1 9.52702E-1 9.47664E-1 9.54831E-1 9.56951E-1 9.50949E-1 9.45106E-1 9.37413E-1 9.30476E-1 9.26425E-1 9.30417E-1 9.41029E-1 9.41084E-1 9.42461E-1 9.41299E-1 9.42681E-1 9.44743E-1 9.48175E-1 9.56489E-1 9.71824E-1 9.75938E-1 9.57601E-1 9.54886E-1 9.61294E-1 9.70229E-1
6.09615E-1 6.2479E-1 6.31344E-1 6.45501E-1 6.501E-1 6.62033E-1 6.74582E-1 6.74326E-1 6.64078E-1 6.59673E-1 6.60599E-1 6.69484E-1 6.89596E-1 7.03759E-1 7.21173E-1 7.48913E-1 7.62797E-1 7.67611E-1 7.88228E-1 8.01998E-1 8.15948E-1 8.23151E-1 8.49554E-1 8.91331E-1 9.04618E-1 8.97232E-1 9.01166E-1 9.06136E-1 9.19517E-1 9.20522E-1 9.2526E-1 9.33803E-1 9.39756E-1 9.56274E-1 9.58011E-1 9.55558E-1 9.53977E-1 9.59345E-1 9.55519E-1 9.55555E-1 9.62254E-1 9.47773E-1 9.37236E-1 9.26725E-1 9.18857E-1 9.16171E-1 9.1686E-1 9.38537E-1 9.41623E-1 9.45663E-1 9.41299E-1 9.40229E-1 9.4412E-1 9.53872E-1 9.47862E-1 9.51874E-1 9.59888E-1 9.52761E-1 9.56053E-1 9.62596E-1 9.6938E-1
6.28497E-1 6.28967E-1 6.30974E-1 6.57126E-1 6.71843E-1 6.7648E-1 6.89257E-1 6.84845E-1 6.68274E-1 6.6666E-1 6.64528E-1 6.69872E-1 6.92758E-1 7.12759E-1 7.24243E-1 7.39246E-1 7.56369E-1 7.70429E-1 7.82931E-1 8.06401E-1 8.2816E-1 8.38322E-1 8.63583E-1 8.97882E-1 9.11537E-1 9.06608E-1 9.22324E-1 9.18043E-1 9.21047E-1 9.06827E-1 9.18378E-1 9.24056E-1 9.36713E-1 9.43886E-1 9.44542E-1 9.47937E-1 9.48727E-1 9.45532E-1 9.41014E-1 9.45155E-1 9.43568E-1 9.44716E-1 9.34278E-1 9.10897E-1 9.18033E-1 9.17208E-1 9.18079E-1 9.24351E-1 9.33199E-1 9.36902E-1 9.36806E-1 9.35064E-1 9.37326E-1 9.38276E-1 9.42536E-1 9.602E-1 9.53562E-1 9.62296E-1 9.67761E-1 9.65727E-1 9.69662E-1
6.40496E-1 6.36025E-1 6.46985E-1 6.71305E-1 6.81794E-1 6.9538E-1 6.93466E-1 6.86656E-1 6.85765E-1 6.92394E-1 6.94407E-1 6.92431E-1 7.05238E-1 7.25821E-1 7.27204E-1 7.39179E-1 7.61522E-1 7.73139E-1 7.98948E-1 8.23515E-1 8.33206E-1 8.37592E-1 8.52579E-1 8.78365E-1 8.89955E-1 9.03219E-1 9.24851E-1 9.17231E-1 9.07302E-1 9.11024E-1 9.16678E-1 9.20144E-1 9.27581E-1 -9999 -9999 -9999 -9999 -9999 -9999 9.42751E-1 9.40283E-1 9.32097E-1 9.25453E-1 9.1173E-1 9.11787E-1 9.20544E-1 9.28658E-1 9.27834E-1 9.23383E-1 9.27647E-1 9.31332E-1 9.35282E-1 9.27586E-1 9.34933E-1 9.42342E-1 9.53964E-1 9.66625E-1 9.68271E-1 9.70539E-1 9.75699E-1 9.74023E-1
6.44441E-1 6.32797E-1 6.45202E-1 6.70897E-1 6.89955E-1 7.07144E-1 7.02561E-1 6.98296E-1 7.05149E-1 7.21196E-1 7.28143E-1 7.26445E-1 7.34324E-1 7.4231E-1 7.46211E-1 7.6444E-1 7.72342E-1 7.92364E-1 8.14082E-1 8.32852E-1 8.29709E-1 8.27643E-1 8.37919E-1 8.62864E-1 8.79907E-1 8.78866E-1 8.92383E-1 9.1002E-1 9.07362E-1 9.14678E-1 -9999 -9999 -9999 -9999 -9999 -9999 -9999 -9999 -9999 -9999 -9999 -9999 -9999 -9999 -9999 9.21301E-1 9.22635E-1 -9999 9.40359E-1 9.26055E-1 9.34072E-1 9.38654E-1 9.42562E-1 9.55183E-1 9.60754E-1 9.6091E-1 9.70892E-1 9.74554E-1 9.74431E-1 9.69993E-1 9.60869E-1
6.58257E-1 6.48552E-1 6.56431E-1 6.75486E-1 6.85025E-1 6.95404E-1 7.03744E-1 7.13046E-1 7.16847E-1 7.25425E-1 7.25792E-1 7.36057E-1 7.47974E-1 7.59779E-1 7.66551E-1 7.77358E-1 7.92219E-1 8.08193E-1 8.32314E-1 8.36736E-1 8.34285E-1 8.16931E-1 8.4254E-1 8.82833E-1 8.92213E-1 8.91281E-1 8.84966E-1 9.03442E-1 9.09623E-1 -9999 -9999 -9999 -9999 -9999 -9999 -9999 -9999 -9999 -9999 -9999 -9999 -9999 -9999 -9999 -9999 -9999 -9999 -9999 9.49187E-1 9.43006E-1 9.45872E-1 9.53022E-1 9.51859E-1 9.58743E-1 9.64676E-1 9.69244E-1 9.7716E-1 9.84804E-1 9.78635E-1 9.7695E-1 9.70498E-1
6.60634E-1 6.54843E-1 6.59745E-1 6.67479E-1 6.81084E-1 6.9091E-1 6.9515E-1 7.10044E-1 7.01113E-1 7.05663E-1 7.09154E-1 7.15287E-1 7.24682E-1 7.38854E-1 7.59364E-1 7.75104E-1 7.87413E-1 8.07295E-1 8.3277E-1 8.5119E-1 8.41586E-1 8.27863E-1 8.53605E-1 8.8981E-1 9.06074E-1 9.02062E-1 9.11266E-1 -9999 -9999 -9999 -9999 -9999 -9999 -9999 -9999 -9999 -9999 -9999 -9999 -9999 -9999 -9999 -9999 -9999 -9999 -9999 -9999 -9999 -9999 -9999 -9999 9.58965E-1 9.66005E-1 9.80471E-1 9.89093E-1 9.74484E-1 9.76197E-1 -9999 -9999 -9999 9.60859E-1
6.64454E-1 6.61702E-1 6.59837E-1 6.63981E-1 6.73461E-1 6.81639E-1 7.03818E-1 6.9956E-1 6.91937E-1 6.98708E-1 7.07666E-1 7.17969E-1 7.25973E-1 7.31929E-1 7.4005E-1 7.46885E-1 7.60697E-1 7.90042E-1 8.20549E-1 8.41048E-1 8.36568E-1 8.28442E-1 8.49103E-1 8.75677E-1 8.90045E-1 9.03756E-1 -9999 -9999 -9999 -9999 -9999 -9999 -9999 -9999 -9999 -9999 -9999 -9999 -9999 -9999 -9999 -9999 -9999 -9999 -9999 -9999 -9999 -9999 -9999 -9999 -9999 -9999 -9999 -9999 -9999 -9999 -9999 -9999 -9999 -9999 9.65856E-1
6.74053E-1 6.65731E-1 6.62828E-1 6.65631E-1 6.71769E-1 6.8478E-1 6.85988E-1 6.98912E-1 6.9986E-1 7.10659E-1 7.2627E-1 7.38481E-1 7.45447E-1 7.40573E-1 7.42484E-1 7.43397E-1 7.50642E-1 7.7866E-1 7.99366E-1 8.22355E-1 8.36377E-1 8.18676E-1 8.43931E-1 8.54686E-1 -9999 -9999 -9999 -9999 -9999 -9999 -9999 -9999 -9999 -9999 -9999 -9999 -9999 -9999 -9999 -9999 -9999 -9999 -9999 -9999 -9999 -9999 -9999 -9999 -9999 -9999 -9999 -9999 -9999 -9999 -9999 -9999 -9999 -9999 -9999 -9999 -9999
6.83488E-1 6.60918E-1 6.57905E-1 6.59066E-1 6.60732E-1 6.71378E-1 6.86375E-1 7.02179E-1 7.13125E-1 7.24505E-1 7.50558E-1 7.57436E-1 7.47477E-1 7.27121E-1 7.30913E-1 7.41367E-1 7.46141E-1 7.73101E-1 7.93475E-1 8.27588E-1 8.28619E-1 8.31508E-1 8.45338E-1 -9999 -9999 -9999 -9999 -9999 -9999 -9999 -9999 -9999 -9999 -9999 -9999 -9999 -9999 -9999 -9999 -9999 -9999 -9999 -9999 -9999 -9999 -9999 -9999 -9999 -9999 -9999 -9999 -9999 -9999 -9999 -9999 -9999 -9999 -9999 -9999 -9999 -9999
6.71914E-1 6.33592E-1 6.32869E-1 6.4092E-1 6.46265E-1 6.60838E-1 6.80429E-1 7.03862E-1 7.18377E-1 7.35989E-1 7.65012E-1 7.60615E-1 7.28952E-1 7.02419E-1 7.0708E-1 7.32534E-1 7.62001E-1 7.60769E-1 8.03472E-1 8.54219E-1 -9999 -9999 -9999 -9999 -9999 -9999 -9999 -9999 -9999 -9999 -9999 -9999 -9999 -9999 -9999 -9999 -9999 -9999 -9999 -9999 -9999 -9999 -9999 -9999 -9999 -9999 -9999 -9999 -9999 -9999 -9999 -9999 -9999 -9999 -9999 -9999 -9999 -9999 -9999 -9999 -9999
6.69185E-1 6.43835E-1 6.35491E-1 6.34839E-1 6.36382E-1 6.53218E-1 6.69191E-1 6.84838E-1 7.0879E-1 7.35208E-1 7.49357E-1 7.42517E-1 7.08731E-1 6.78983E-1 6.90527E-1 7.26825E-1 7.60352E-1 7.93932E-1 7.90031E-1 -9999 -9999 -9999 -9999 -9999 -9999 -9999 -9999 -9999 -9999 -9999 -9999 -9999 -9999 -9999 -9999 -9999 -9999 -9999 -9999 -9999 -9999 -9999 -9999 -9999 -9999 -9999 -9999 -9999 -9999 -9999 -9999 -9999 -9999 -9999 -9999 -9999 -9999 -9999 -9999 -9999 -9999
6.62509E-1 6.51912E-1 6.34522E-1 6.26957E-1 6.32403E-1 6.39544E-1 6.44326E-1 6.61699E-1 6.9182E-1 7.33262E-1 7.38064E-1 7.38005E-1 7.10196E-1 7.00083E-1 7.19866E-1 7.42594E-1 7.58488E-1 -9999 -9999 -9999 -9999 -9999 -9999 -9999 -9999 -9999 -9999 -9999 -9999 -9999 -9999 -9999 -9999 -9999 -9999 -9999 -9999 -9999 -9999 -9999 -9999 -9999 -9999 -9999 -9999 -9999 -9999 -9999 -9999 -9999 -9999 -9999 -9999 -9999 -9999 -9999 -9999 -9999 -9999 -9999 -9999
6.56707E-1 6.47982E-1 6.33434E-1 6.18574E-1 6.16943E-1 6.16551E-1 6.20637E-1 6.50783E-1 6.85096E-1 7.16297E-1 7.32116E-1 7.48398E-1 7.30009E-1 7.11671E-1 7.14709E-1 7.24364E-1 -9999 -9999 -9999 -9999 -9999 -9999 -9999 -9999 -9999 -9999 -9999 -9999 -9999 -9999 -9999 -9999 -9999 -9999 -9999 -9999 -9999 -9999 -9999 -9999 -9999 -9999 -9999 -9999 -9999 -9999 -9999 -9999 -9999 -9999 -9999 -9999 -9999 -9999 -9999 -9999 -9999 -9999 -9999 -9999 -9999
6.54167E-1 6.46402E-1 6.3377E-1 6.18528E-1 6.02587E-1 5.91673E-1 6.01599E-1 6.39395E-1 6.90022E-1 7.09668E-1 7.17977E-1 7.31851E-1 7.43273E-1 7.14689E-1 7.22228E-1 -9999 -9999 -9999 -9999 -9999 -9999 -9999 -9999 -9999 -9999 -9999 -9999 -9999 -9999 -9999 -9999 -9999 -9999 -9999 -9999 -9999 -9999 -9999 -9999 -9999 -9999 -9999 -9999 -9999 -9999 -9999 -9999 -9999 -9999 -9999 -9999 -9999 -9999 -9999 -9999 -9999 -9999 -9999 -9999 -9999 -9999
6.67971E-1 6.45457E-1 6.34233E-1 6.08457E-1 5.93736E-1 5.8576E-1 5.85315E-1 6.31245E-1 6.7984E-1 7.05746E-1 7.10132E-1 6.95237E-1 6.71374E-1 6.92627E-1 -9999 -9999 -9999 -9999 -9999 -9999 -9999 -9999 -9999 -9999 -9999 -9999 -9999 -9999 -9999 -9999 -9999 -9999 -9999 -9999 -9999 -9999 -9999 -9999 -9999 -9999 -9999 -9999 -9999 -9999 -9999 -9999 -9999 -9999 -9999 -9999 -9999 -9999 -9999 -9999 -9999 -9999 -9999 -9999 -9999 -9999 -9999
6.77041E-1 6.53786E-1 6.36377E-1 6.04455E-1 5.93575E-1 5.93604E-1 6.09805E-1 6.43898E-1 6.78597E-1 6.97082E-1 6.98237E-1 6.80246E-1 6.6066E-1 6.73141E-1 -9999 -9999 -9999 -9999 -9999 -9999 -9999 -9999 -9999 -9999 -9999 -9999 -9999 -9999 -9999 -9999 -9999 -9999 -9999 -9999 -9999 -9999 -9999 -9999 -9999 -9999 -9999 -9999 -9999 -9999 -9999 -9999 -9999 -9999 -9999 -9999 -9999 -9999 -9999 -9999 -9999 -9999 -9999 -9999 -9999 -9999 -9999
6.80992E-1 6.54203E-1 6.35727E-1 6.08488E-1 5.99298E-1 6.05562E-1 6.26828E-1 6.57433E-1 6.90967E-1 6.86467E-1 6.77649E-1 6.71582E-1 6.65866E-1 -9999 -9999 -9999 -9999 -9999 -9999 -9999 -9999 -9999 -9999 -9999 -9999 -9999 -9999 -9999 -9999 -9999 -9999 -9999 -9999 -9999 -9999 -9999 -9999 -9999 -9999 -9999 -9999 -9999 -9999 -9999 -9999 -9999 -9999 -9999 -9999 -9999 -9999 -9999 -9999 -9999 -9999 -9999 -9999 -9999 -9999 -9999 -9999
6.67359E-1 6.38768E-1 6.29137E-1 6.15825E-1 6.01337E-1 6.11795E-1 6.3146E-1 6.68391E-1 6.79035E-1 6.69131E-1 6.5967E-1 6.59292E-1 6.68232E-1 -9999 -9999 -9999 -9999 -9999 -9999 -9999 -9999 -9999 -9999 -9999 -9999 -9999 -9999 -9999 -9999 -9999 -9999 -9999 -9999 -9999 -9999 -9999 -9999 -9999 -9999 -9999 -9999 -9999 -9999 -9999 -9999 -9999 -9999 -9999 -9999 -9999 -9999 -9999 -9999 -9999 -9999 -9999 -9999 -9999 -9999 -9999 -9999
