maxent_outputs/white_flowers_troch_bombus_environ/white_126.asc
ncols         426
nrows         180
xllcorner     -130.0
yllcorner     24.0
cellsize      0.16666666666666666
NODATA_value  -9999
[rows 0 to 26 of 180, columns 183 to 243 of 426]
3.64199E-1 3.54587E-1 3.513E-1 3.5055E-1 3.44137E-1 3.39889E-1 3.42373E-1 3.67614E-1 3.68383E-1 3.6372E-1 3.47135E-1 3.4118E-1 3.3274E-1 3.32178E-1 3.35949E-1 3.39683E-1 3.36282E-1 3.35236E-1 3.35691E-1 3.41586E-1 3.58507E-1 3.48586E-1 3.39353E-1 3.37551E-1 3.36633E-1 3.38237E-1 3.35476E-1 3.46635E-1 3.5464E-1 3.48409E-1 3.39419E-1 3.3696E-1 3.36888E-1 3.39101E-1 3.34149E-1 3.31345E-1 3.3033E-1 3.30801E-1 3.35554E-1 3.34438E-1 3.33842E-1 3.37459E-1 3.36826E-1 3.33597E-1 3.37019E-1 3.37978E-1 3.39175E-1 3.40594E-1 3.47161E-1 3.45729E-1 3.43556E-1 3.48222E-1 3.51506E-1 3.45255E-1 3.49187E-1 3.44536E-1 3.45973E-1 3.41547E-1 3.42165E-1 3.45589E-1 3.44977E-1
3.54279E-1 3.5161E-1 3.57579E-1 3.97203E-1 4.16539E-1 4.19014E-1 4.18132E-1 4.15019E-1 3.9939E-1 3.83047E-1 3.53533E-1 3.49618E-1 3.45082E-1 3.40996E-1 3.43136E-1 3.37306E-1 3.35843E-1 3.34755E-1 3.33879E-1 3.40233E-1 3.39976E-1 3.40621E-1 3.51472E-1 3.47827E-1 3.43343E-1 3.32648E-1 3.39041E-1 3.47348E-1 3.51379E-1 3.55114E-1 3.6104E-1 3.57351E-1 3.48417E-1 3.43965E-1 3.4204E-1 3.36827E-1 3.37691E-1 3.39833E-1 3.39636E-1 3.36493E-1 3.37305E-1 3.31359E-1 3.34654E-1 3.43322E-1 3.48007E-1 3.46073E-1 3.43183E-1 3.39243E-1 3.4159E-1 3.48128E-1 3.45184E-1 3.47685E-1 3.4648E-1 3.42305E-1 3.47749E-1 3.53359E-1 3.79735E-1 3.84576E-1 3.70507E-1 3.51807E-1 3.50956E-1
3.46944E-1 3.49307E-1 3.75744E-1 4.20619E-1 4.23109E-1 4.20506E-1 4.24192E-1 4.25517E-1 4.26378E-1 4.21722E-1 3.81644E-1 3.54958E-1 3.51529E-1 3.41785E-1 3.40277E-1 3.38748E-1 3.36941E-1 3.39305E-1 3.43611E-1 3.51405E-1 3.44044E-1 3.37448E-1 3.40034E-1 3.40978E-1 3.44862E-1 3.36807E-1 3.39666E-1 3.3826E-1 3.36155E-1 3.33215E-1 3.34553E-1 3.33008E-1 3.35626E-1 3.34392E-1 3.3969E-1 3.40647E-1 3.40699E-1 3.41366E-1 3.40815E-1 3.3703E-1 3.37024E-1 3.35968E-1 3.32819E-1 3.31389E-1 3.32948E-1 3.33696E-1 3.36136E-1 3.36407E-1 3.41506E-1 3.42123E-1 3.48521E-1 3.43756E-1 3.39981E-1 3.39226E-1 3.41278E-1 3.42994E-1 3.42806E-1 3.46103E-1 3.45189E-1 3.46914E-1 3.47078E-1
3.51289E-1 3.62181E-1 4.00185E-1 4.27138E-1 4.2627E-1 4.23302E-1 4.23959E-1 4.24782E-1 4.27955E-1 4.29257E-1 4.18459E-1 3.67367E-1 3.60728E-1 3.46534E-1 3.47038E-1 3.42374E-1 3.4233E-1 3.44117E-1 3.452E-1 3.42517E-1 3.51286E-1 3.41145E-1 3.36405E-1 3.36435E-1 3.3775E-1 3.4476E-1 3.4343E-1 3.33433E-1 3.30535E-1 3.29204E-1 3.31957E-1 3.37041E-1 3.34996E-1 3.33206E-1 3.33866E-1 3.37103E-1 3.38901E-1 3.36604E-1 3.35509E-1 3.3619E-1 3.36551E-1 3.3188E-1 3.33282E-1 3.31641E-1 3.30214E-1 3.31084E-1 3.43458E-1 3.42503E-1 3.40668E-1 3.43698E-1 3.43839E-1 3.50438E-1 3.43413E-1 3.39848E-1 3.41706E-1 3.40157E-1 3.41462E-1 3.42082E-1 3.47994E-1 3.44597E-1 3.46706E-1
3.72572E-1 3.79718E-1 4.12119E-1 4.25531E-1 4.28023E-1 4.25582E-1 4.24335E-1 4.2454E-1 4.27308E-1 4.31472E-1 4.27779E-1 4.00153E-1 3.71386E-1 3.51294E-1 3.42458E-1 3.44846E-1 3.41615E-1 3.3862E-1 3.42103E-1 3.39968E-1 3.39164E-1 3.42411E-1 3.43812E-1 3.39903E-1 3.36665E-1 3.38412E-1 3.37661E-1 3.38971E-1 3.3745E-1 3.34424E-1 3.35562E-1 3.3633E-1 3.32898E-1 3.34737E-1 3.39493E-1 3.45577E-1 3.37884E-1 3.3362E-1 3.31293E-1 3.33864E-1 3.33759E-1 3.34946E-1 3.36637E-1 3.35637E-1 3.36619E-1 3.38752E-1 3.34322E-1 3.35006E-1 3.3907E-1 3.37815E-1 3.39305E-1 3.42923E-1 3.39682E-1 3.39437E-1 3.38689E-1 3.41174E-1 3.40922E-1 3.43616E-1 3.45463E-1 3.43766E-1 3.42996E-1
3.70361E-1 3.68939E-1 3.83056E-1 4.02669E-1 4.04847E-1 4.06393E-1 4.20377E-1 4.25856E-1 4.27786E-1 4.32601E-1 4.31656E-1 4.21492E-1 3.9163E-1 3.5741E-1 3.52241E-1 3.45544E-1 3.44991E-1 3.42079E-1 3.4056E-1 3.41776E-1 3.47036E-1 3.42686E-1 3.40307E-1 3.44682E-1 3.46001E-1 3.4985E-1 3.52251E-1 3.53117E-1 3.45535E-1 3.44721E-1 3.42502E-1 3.39128E-1 3.38999E-1 3.38409E-1 3.37407E-1 3.50212E-1 3.56475E-1 3.48982E-1 3.54739E-1 3.53501E-1 3.56978E-1 3.52237E-1 3.40735E-1 3.38715E-1 3.38775E-1 3.43345E-1 3.35268E-1 3.3563E-1 3.39044E-1 3.44844E-1 3.4369E-1 3.43279E-1 3.39895E-1 3.38016E-1 3.37055E-1 3.36469E-1 3.4175E-1 3.49668E-1 3.49777E-1 3.46619E-1 3.49034E-1
3.69131E-1 3.64127E-1 3.63534E-1 3.73457E-1 4.03501E-1 4.18048E-1 4.27786E-1 4.26984E-1 4.27185E-1 4.3482E-1 4.34862E-1 4.27806E-1 3.96964E-1 3.68883E-1 3.6264E-1 3.52616E-1 3.47016E-1 3.46791E-1 3.47414E-1 3.46944E-1 3.4904E-1 3.49536E-1 3.43536E-1 3.46502E-1 3.49456E-1 3.53681E-1 3.50888E-1 3.52201E-1 3.47819E-1 3.44784E-1 3.43853E-1 3.42315E-1 3.46696E-1 3.53004E-1 3.46326E-1 3.5207E-1 3.54031E-1 3.47374E-1 3.48875E-1 3.47308E-1 3.48083E-1 3.44776E-1 3.39916E-1 3.40178E-1 3.45419E-1 3.4996E-1 3.4887E-1 3.43389E-1 3.52111E-1 3.4721E-1 3.45974E-1 3.48521E-1 3.47059E-1 3.38734E-1 3.38779E-1 3.3886E-1 3.41837E-1 3.50171E-1 3.51041E-1 3.51957E-1 3.54024E-1
3.73325E-1 3.64895E-1 3.66199E-1 3.76562E-1 4.09623E-1 4.26972E-1 4.25212E-1 4.27261E-1 4.26631E-1 4.28748E-1 4.29577E-1 4.30553E-1 4.20252E-1 3.752E-1 3.62608E-1 3.57935E-1 3.59417E-1 3.68271E-1 3.60379E-1 3.56346E-1 3.52957E-1 3.51235E-1 3.4999E-1 3.48634E-1 3.47028E-1 3.58254E-1 3.51379E-1 3.52223E-1 3.51933E-1 3.52146E-1 3.50183E-1 3.45822E-1 3.48189E-1 3.51007E-1 3.48437E-1 3.49993E-1 3.48756E-1 3.45478E-1 3.42534E-1 3.41788E-1 3.41305E-1 3.45968E-1 3.43619E-1 3.40242E-1 3.4241E-1 3.42687E-1 3.40256E-1 3.39748E-1 3.45784E-1 3.43419E-1 3.40815E-1 3.51327E-1 3.52861E-1 3.51438E-1 3.41314E-1 3.40071E-1 3.4426E-1 3.45268E-1 3.46087E-1 3.455E-1 3.46358E-1
3.73667E-1 3.64001E-1 3.64799E-1 3.71611E-1 3.73641E-1 3.97581E-1 4.21202E-1 4.2546E-1 4.25524E-1 4.24156E-1 4.27835E-1 4.25576E-1 4.20275E-1 4.11659E-1 3.70101E-1 3.58797E-1 3.62743E-1 3.57012E-1 3.61292E-1 3.64523E-1 3.62572E-1 3.57015E-1 3.5496E-1 3.5323E-1 3.55729E-1 3.51932E-1 3.52362E-1 3.56204E-1 3.50195E-1 3.527E-1 3.55788E-1 3.52799E-1 3.58782E-1 3.51711E-1 3.50101E-1 3.4881E-1 3.48539E-1 3.50788E-1 3.5138E-1 3.52032E-1 3.4647E-1 3.45935E-1 3.47151E-1 3.46248E-1 3.42298E-1 3.40002E-1 3.39496E-1 3.53133E-1 3.49214E-1 3.44051E-1 3.41939E-1 3.41066E-1 3.37842E-1 3.37826E-1 3.43718E-1 3.43329E-1 3.43827E-1 3.41071E-1 3.44815E-1 3.46145E-1 3.44405E-1
3.77028E-1 3.63599E-1 3.6386E-1 3.64181E-1 3.66005E-1 3.69078E-1 4.0287E-1 4.22294E-1 4.1077E-1 4.08841E-1 4.28304E-1 4.20468E-1 4.15422E-1 4.08321E-1 3.9242E-1 3.62496E-1 3.64194E-1 3.58982E-1 3.58746E-1 3.54759E-1 3.53942E-1 3.55905E-1 3.54983E-1 3.54595E-1 3.58109E-1 3.55532E-1 3.51813E-1 3.53279E-1 3.4913E-1 3.48112E-1 3.50765E-1 3.51236E-1 3.50957E-1 3.48041E-1 3.5196E-1 3.54526E-1 3.52626E-1 3.50431E-1 3.50499E-1 3.49924E-1 3.46435E-1 3.45744E-1 3.4684E-1 3.47841E-1 3.44014E-1 3.41357E-1 3.4029E-1 3.4505E-1 3.42036E-1 3.39648E-1 3.36231E-1 3.35349E-1 3.35974E-1 3.3688E-1 3.36641E-1 3.38915E-1 3.41721E-1 3.41822E-1 3.42607E-1 3.44425E-1 3.48679E-1
3.69916E-1 3.60747E-1 3.5733E-1 3.63173E-1 3.64899E-1 3.66501E-1 3.69914E-1 3.8421E-1 4.16555E-1 4.16314E-1 4.21564E-1 4.19933E-1 4.1336E-1 4.01239E-1 3.98697E-1 3.66134E-1 3.65198E-1 3.6074E-1 3.6063E-1 3.57277E-1 3.56974E-1 3.58818E-1 3.55654E-1 3.54166E-1 3.59974E-1 3.56757E-1 3.54169E-1 3.58457E-1 3.48686E-1 3.52952E-1 3.55726E-1 3.55018E-1 3.51588E-1 3.51108E-1 3.59447E-1 3.52423E-1 3.48197E-1 3.42374E-1 3.45427E-1 3.46381E-1 3.55633E-1 3.51201E-1 3.43568E-1 3.41105E-1 3.38606E-1 3.38246E-1 3.38782E-1 3.39826E-1 3.37195E-1 3.36804E-1 3.3781E-1 3.34873E-1 3.38057E-1 3.36262E-1 3.37259E-1 3.38531E-1 3.39385E-1 3.39268E-1 3.40156E-1 3.42454E-1 3.4539E-1
3.65017E-1 3.6208E-1 3.62912E-1 3.66302E-1 3.65362E-1 3.65915E-1 3.68548E-1 3.74242E-1 3.91467E-1 4.17558E-1 3.9868E-1 3.9263E-1 4.06633E-1 4.12617E-1 4.08439E-1 3.79051E-1 3.66385E-1 3.62505E-1 3.61399E-1 3.59522E-1 3.58645E-1 3.61275E-1 3.594E-1 3.64845E-1 3.72844E-1 3.69706E-1 3.64089E-1 3.6097E-1 3.62283E-1 3.62861E-1 3.62876E-1 3.63744E-1 3.64557E-1 3.58249E-1 3.57079E-1 3.48237E-1 3.44545E-1 3.49344E-1 3.45691E-1 3.47053E-1 3.47744E-1 3.44439E-1 3.41773E-1 3.43369E-1 3.44127E-1 3.41373E-1 3.38095E-1 3.39024E-1 3.40544E-1 3.39683E-1 3.4244E-1 3.40914E-1 3.36448E-1 3.35898E-1 3.374E-1 3.404E-1 3.42462E-1 3.42355E-1 3.43686E-1 3.45762E-1 3.46731E-1
3.60476E-1 3.63449E-1 3.61922E-1 3.61681E-1 3.60835E-1 3.66529E-1 3.69302E-1 3.69164E-1 3.74446E-1 3.90354E-1 3.8139E-1 3.8497E-1 3.77658E-1 4.02879E-1 4.10146E-1 4.02858E-1 3.73279E-1 3.65399E-1 3.59732E-1 3.57163E-1 3.59766E-1 3.63381E-1 3.64111E-1 3.66029E-1 3.73834E-1 3.60304E-1 3.63585E-1 3.55331E-1 3.58298E-1 3.58162E-1 3.59608E-1 3.61909E-1 3.65902E-1 3.62026E-1 3.58361E-1 3.51409E-1 3.51152E-1 3.52479E-1 3.50307E-1 3.51351E-1 3.4943E-1 3.47433E-1 3.44578E-1 3.44792E-1 3.43971E-1 3.46871E-1 3.41495E-1 3.40488E-1 3.47364E-1 3.44695E-1 3.4713E-1 3.42517E-1 3.37995E-1 3.36656E-1 3.40584E-1 3.42997E-1 3.44827E-1 3.43257E-1 3.43145E-1 3.44882E-1 3.49815E-1
3.73358E-1 3.65106E-1 3.63199E-1 3.6199E-1 3.58765E-1 3.62139E-1 3.72943E-1 3.71813E-1 3.62565E-1 3.62233E-1 3.7269E-1 3.77751E-1 3.94754E-1 3.96869E-1 4.00609E-1 3.96523E-1 3.87762E-1 3.68217E-1 3.59458E-1 3.59907E-1 3.61265E-1 3.60421E-1 3.62493E-1 3.66103E-1 3.6089E-1 3.62413E-1 3.55854E-1 3.61837E-1 3.61836E-1 3.65862E-1 3.62307E-1 3.62299E-1 3.67259E-1 3.66599E-1 3.6717E-1 3.62826E-1 3.61565E-1 3.58893E-1 3.59672E-1 3.59458E-1 3.58373E-1 3.50582E-1 3.4796E-1 3.48E-1 3.51086E-1 3.54988E-1 3.50266E-1 3.47377E-1 3.46952E-1 3.48929E-1 3.50097E-1 3.45493E-1 3.47861E-1 3.43213E-1 3.44241E-1 3.46173E-1 3.42342E-1 3.46437E-1 3.49321E-1 3.48548E-1 3.52835E-1
3.68018E-1 3.67516E-1 3.69971E-1 3.69431E-1 3.65007E-1 3.64774E-1 3.6197E-1 3.48626E-1 3.56209E-1 3.64758E-1 3.73487E-1 3.76439E-1 3.82986E-1 3.98684E-1 3.86236E-1 3.68993E-1 3.89031E-1 3.78983E-1 3.60654E-1 3.59375E-1 3.60412E-1 3.61376E-1 3.62627E-1 3.66589E-1 3.58931E-1 3.61427E-1 3.57544E-1 3.58333E-1 3.61481E-1 3.62453E-1 3.62051E-1 3.61544E-1 3.62012E-1 3.64402E-1 3.62708E-1 3.62981E-1 3.61513E-1 3.60816E-1 3.60362E-1 3.60453E-1 3.57564E-1 3.55478E-1 3.51275E-1 3.52655E-1 3.54495E-1 3.61934E-1 3.51104E-1 3.5108E-1 3.51662E-1 3.47757E-1 3.49981E-1 3.48097E-1 3.48322E-1 3.4773E-1 3.46501E-1 3.45394E-1 3.44726E-1 3.4574E-1 3.45522E-1 3.46426E-1 3.48443E-1
3.5118E-1 3.59728E-1 3.72103E-1 3.67779E-1 3.54199E-1 3.38757E-1 3.4682E-1 3.4849E-1 3.58665E-1 3.6778E-1 3.69919E-1 3.65041E-1 3.71164E-1 3.81802E-1 3.68898E-1 3.79685E-1 4.00444E-1 4.02067E-1 3.69931E-1 3.60722E-1 3.56621E-1 3.549E-1 3.54313E-1 3.58432E-1 3.60755E-1 3.59385E-1 3.61232E-1 3.67991E-1 3.66737E-1 3.61882E-1 3.6118E-1 3.56567E-1 3.59699E-1 3.53309E-1 3.57448E-1 3.6152E-1 3.63954E-1 3.63593E-1 3.59636E-1 3.58804E-1 3.56967E-1 3.63923E-1 3.70416E-1 3.67592E-1 3.5852E-1 3.66177E-1 3.56867E-1 3.52776E-1 3.54317E-1 3.5433E-1 3.5414E-1 3.52544E-1 3.49646E-1 3.49107E-1 3.48585E-1 3.47569E-1 3.45186E-1 3.45434E-1 3.45856E-1 3.47256E-1 3.5044E-1
3.48878E-1 3.56384E-1 3.63846E-1 3.71224E-1 3.67402E-1 3.52603E-1 3.34246E-1 3.45739E-1 3.57141E-1 3.56737E-1 3.56261E-1 3.59718E-1 3.65359E-1 3.67367E-1 3.63068E-1 3.83409E-1 3.82886E-1 3.95928E-1 3.85481E-1 3.64799E-1 3.56394E-1 3.53977E-1 3.54138E-1 3.5742E-1 3.62447E-1 3.60158E-1 3.61739E-1 3.66088E-1 3.68768E-1 3.63033E-1 3.64E-1 3.61773E-1 3.61233E-1 3.61323E-1 3.61266E-1 3.62608E-1 3.87968E-1 3.91546E-1 3.70341E-1 3.64357E-1 3.67604E-1 3.64095E-1 3.63829E-1 3.65595E-1 3.65924E-1 3.67922E-1 3.66801E-1 3.64377E-1 3.59742E-1 3.56606E-1 3.53532E-1 3.54194E-1 3.55959E-1 3.54127E-1 3.51804E-1 3.52764E-1 3.49663E-1 3.48354E-1 3.49605E-1 3.53482E-1 3.55598E-1
3.52663E-1 3.53657E-1 3.63207E-1 3.69599E-1 3.67091E-1 3.58739E-1 3.45095E-1 3.44705E-1 3.56201E-1 3.58675E-1 3.48066E-1 3.45146E-1 3.48183E-1 3.53972E-1 3.53281E-1 3.70781E-1 3.82011E-1 4.0051E-1 3.81788E-1 3.58139E-1 3.56066E-1 3.59515E-1 3.57043E-1 3.56136E-1 3.57434E-1 3.60189E-1 3.65999E-1 3.63513E-1 3.62685E-1 3.61696E-1 3.62905E-1 3.65027E-1 3.69352E-1 3.75046E-1 3.71565E-1 3.66647E-1 3.777E-1 3.81545E-1 3.71576E-1 3.65736E-1 3.73464E-1 3.69029E-1 3.6575E-1 3.64899E-1 3.68067E-1 3.63869E-1 3.6347E-1 3.71029E-1 3.70336E-1 3.62171E-1 3.55585E-1 3.57926E-1 3.67483E-1 3.67939E-1 3.62292E-1 3.60645E-1 3.53066E-1 3.52084E-1 3.5409E-1 3.5679E-1 3.58462E-1
3.55174E-1 3.66021E-1 3.6737E-1 3.67329E-1 3.69603E-1 3.66689E-1 3.56994E-1 3.44617E-1 3.45454E-1 3.49828E-1 3.49586E-1 3.47775E-1 3.45593E-1 3.51048E-1 3.52684E-1 3.91786E-1 4.00623E-1 4.04664E-1 3.87483E-1 3.59707E-1 3.61041E-1 3.5827E-1 3.58148E-1 3.58909E-1 3.56086E-1 3.60063E-1 3.61518E-1 3.63125E-1 3.61412E-1 3.63054E-1 3.5622E-1 3.60707E-1 3.70461E-1 3.69746E-1 3.75611E-1 3.77103E-1 3.75391E-1 3.7068E-1 3.68748E-1 3.65824E-1 3.62786E-1 3.66323E-1 3.64049E-1 3.6514E-1 3.63371E-1 3.66028E-1 3.65801E-1 3.63545E-1 3.61675E-1 3.59926E-1 3.62122E-1 3.66254E-1 3.59565E-1 3.55608E-1 3.58642E-1 3.63427E-1 3.57111E-1 3.55492E-1 3.58405E-1 3.5973E-1 3.6468E-1
3.56806E-1 3.57016E-1 3.64827E-1 3.61049E-1 3.68836E-1 3.82681E-1 3.81601E-1 3.61757E-1 3.47611E-1 3.48147E-1 3.55448E-1 3.48945E-1 3.5068E-1 3.47903E-1 3.54683E-1 3.90819E-1 3.99056E-1 3.94688E-1 3.87308E-1 3.65627E-1 3.61001E-1 3.5512E-1 3.54639E-1 3.57405E-1 3.58442E-1 3.6135E-1 3.59987E-1 3.62952E-1 3.59453E-1 3.626E-1 3.66935E-1 3.70688E-1 3.71804E-1 3.65691E-1 3.66675E-1 3.7966E-1 3.86259E-1 3.77298E-1 3.74874E-1 3.73677E-1 3.68912E-1 3.67233E-1 3.62311E-1 3.66948E-1 3.70527E-1 3.70802E-1 3.67858E-1 3.69748E-1 3.67083E-1 3.69885E-1 3.65669E-1 3.64993E-1 3.61656E-1 3.61893E-1 3.60372E-1 3.59988E-1 3.57679E-1 3.57489E-1 3.62316E-1 3.65257E-1 3.66367E-1
3.6301E-1 3.60567E-1 3.62483E-1 3.60949E-1 3.59893E-1 3.82311E-1 3.89431E-1 3.88169E-1 3.64996E-1 3.4967E-1 3.52813E-1 3.47742E-1 3.50935E-1 3.42034E-1 3.49445E-1 3.83588E-1 3.91817E-1 3.77185E-1 3.69301E-1 3.63935E-1 3.6373E-1 3.56273E-1 3.53444E-1 3.54953E-1 3.5461E-1 3.57618E-1 3.62433E-1 3.62938E-1 3.59144E-1 3.6497E-1 3.71679E-1 3.64214E-1 3.66107E-1 3.72116E-1 3.76657E-1 3.85232E-1 3.87837E-1 3.855E-1 3.93356E-1 3.83918E-1 3.79631E-1 3.72291E-1 3.73779E-1 3.70603E-1 3.76416E-1 3.8233E-1 3.75022E-1 3.69521E-1 3.66473E-1 3.69282E-1 3.72328E-1 3.66614E-1 3.63505E-1 3.62552E-1 3.67522E-1 3.59821E-1 3.60301E-1 3.63243E-1 3.67374E-1 3.68286E-1 3.72241E-1
3.59595E-1 3.63514E-1 3.6377E-1 3.66615E-1 3.68154E-1 3.79111E-1 3.92224E-1 3.9074E-1 3.85557E-1 3.58024E-1 3.52523E-1 3.54542E-1 3.47665E-1 3.44263E-1 3.44046E-1 3.66341E-1 3.76522E-1 3.68764E-1 3.58479E-1 3.5932E-1 3.61853E-1 3.64986E-1 3.59607E-1 3.57117E-1 3.59795E-1 3.6306E-1 3.61428E-1 3.64815E-1 3.69439E-1 3.71626E-1 3.75379E-1 3.71797E-1 3.75052E-1 3.83486E-1 3.87456E-1 3.83106E-1 3.88863E-1 3.93766E-1 3.93957E-1 4.03429E-1 4.01273E-1 3.92656E-1 3.8557E-1 3.85992E-1 3.93725E-1 3.95547E-1 3.76872E-1 3.76937E-1 3.74023E-1 3.68982E-1 3.65093E-1 3.65608E-1 3.6318E-1 3.65055E-1 3.71618E-1 3.62597E-1 3.64461E-1 3.67994E-1 3.69699E-1 3.7244E-1 3.73757E-1
3.52909E-1 3.62383E-1 3.65205E-1 3.65361E-1 3.65803E-1 3.71941E-1 3.82962E-1 3.82152E-1 3.68043E-1 3.51481E-1 3.48371E-1 3.46421E-1 3.41533E-1 3.40604E-1 3.38021E-1 3.43737E-1 3.48906E-1 3.57673E-1 3.51322E-1 3.60326E-1 3.61667E-1 3.62693E-1 3.64157E-1 3.6021E-1 3.62496E-1 3.67193E-1 3.69379E-1 3.7323E-1 3.71713E-1 3.70507E-1 3.78833E-1 3.77966E-1 3.82493E-1 3.83879E-1 3.80318E-1 3.78584E-1 3.84965E-1 3.90685E-1 3.93777E-1 3.91887E-1 3.9484E-1 3.99934E-1 4.04126E-1 4.02221E-1 3.99527E-1 3.90674E-1 3.87067E-1 3.7888E-1 3.7879E-1 3.71479E-1 3.66372E-1 3.62379E-1 3.63766E-1 3.63497E-1 3.69289E-1 3.70824E-1 3.67706E-1 3.67661E-1 3.69574E-1 3.7397E-1 3.7918E-1
3.42548E-1 3.55908E-1 3.6301E-1 3.62771E-1 3.6346E-1 3.59203E-1 3.55402E-1 3.53168E-1 3.51773E-1 3.50577E-1 3.49489E-1 3.43995E-1 3.41729E-1 3.40737E-1 3.39595E-1 3.45009E-1 3.49186E-1 3.55282E-1 3.60062E-1 3.65837E-1 3.63541E-1 3.6111E-1 3.63619E-1 3.63334E-1 3.63004E-1 3.67467E-1 3.67135E-1 3.71498E-1 3.74828E-1 3.75792E-1 3.69763E-1 3.741E-1 3.78212E-1 3.77421E-1 3.86637E-1 3.89099E-1 3.82526E-1 3.82246E-1 3.80712E-1 3.76622E-1 3.76577E-1 3.81629E-1 3.87516E-1 4.06562E-1 4.04122E-1 4.00853E-1 3.88675E-1 3.83926E-1 3.774E-1 3.79279E-1 3.70849E-1 3.70131E-1 3.81322E-1 3.74971E-1 3.76218E-1 3.78078E-1 3.7413E-1 3.70441E-1 3.71807E-1 3.76875E-1 3.8148E-1
3.44268E-1 3.48138E-1 3.56249E-1 3.60986E-1 3.60873E-1 3.61855E-1 3.59596E-1 3.57358E-1 3.56259E-1 3.51176E-1 3.52267E-1 3.50346E-1 3.48415E-1 3.47882E-1 3.45715E-1 3.51981E-1 3.55212E-1 3.60369E-1 3.65021E-1 3.636E-1 3.61716E-1 3.64291E-1 3.65408E-1 3.66276E-1 3.62494E-1 3.60738E-1 3.62656E-1 3.65568E-1 3.68281E-1 3.73848E-1 3.71856E-1 3.74049E-1 3.75683E-1 3.79099E-1 3.81384E-1 3.86024E-1 3.81846E-1 3.82105E-1 3.8031E-1 3.8209E-1 3.79104E-1 3.87198E-1 3.89943E-1 4.00228E-1 4.0744E-1 4.05907E-1 3.93927E-1 3.83776E-1 3.83597E-1 3.79798E-1 3.87358E-1 3.76908E-1 3.72267E-1 3.69552E-1 3.72146E-1 3.72165E-1 3.73272E-1 3.74452E-1 3.75693E-1 3.85408E-1 3.98528E-1
3.39695E-1 3.4759E-1 3.51142E-1 3.53271E-1 3.59522E-1 3.65774E-1 3.63724E-1 3.61938E-1 3.63372E-1 3.60884E-1 3.54484E-1 3.54746E-1 3.53767E-1 3.50746E-1 3.4792E-1 3.49729E-1 3.5044E-1 3.54329E-1 3.64253E-1 3.65256E-1 3.64468E-1 3.64498E-1 3.62181E-1 3.59009E-1 3.5883E-1 3.60759E-1 3.59346E-1 3.624E-1 3.71765E-1 3.75343E-1 3.8151E-1 3.75578E-1 3.77987E-1 3.79896E-1 3.82392E-1 3.84773E-1 3.87756E-1 3.93886E-1 3.92148E-1 3.86077E-1 3.95734E-1 3.93342E-1 3.92101E-1 3.92541E-1 3.9813E-1 4.05578E-1 3.9927E-1 3.9274E-1 3.89553E-1 3.77829E-1 3.7212E-1 3.73321E-1 3.73178E-1 3.76502E-1 3.79328E-1 3.75956E-1 3.78292E-1 3.775E-1 3.83503E-1 3.87768E-1 3.94483E-1
3.42151E-1 3.45055E-1 3.42271E-1 3.49245E-1 3.56746E-1 3.60775E-1 3.63645E-1 3.66149E-1 3.65631E-1 3.64171E-1 3.52671E-1 3.55772E-1 3.55755E-1 3.50405E-1 3.45766E-1 3.49225E-1 3.51845E-1 3.50284E-1 3.59174E-1 3.60977E-1 3.62459E-1 3.62333E-1 3.60534E-1 3.5613E-1 3.52889E-1 3.54585E-1 3.78721E-1 3.73372E-1 3.72284E-1 3.91501E-1 3.92912E-1 3.75545E-1 3.76997E-1 3.82084E-1 3.86721E-1 3.84308E-1 3.84703E-1 3.87563E-1 3.90467E-1 3.87556E-1 3.89133E-1 3.9924E-1 3.96019E-1 3.93385E-1 3.96978E-1 4.0744E-1 4.18808E-1 4.11561E-1 3.93999E-1 3.85346E-1 3.69411E-1 3.67812E-1 3.6951E-1 3.73401E-1 3.77024E-1 3.78657E-1 3.74528E-1 3.78683E-1 3.84574E-1 3.88167E-1 3.92466E-1
