maxent_outputs/white_flowers_troch_bombus_environ/white_244.asc
ncols         426
nrows         180
xllcorner     -130.0
yllcorner     24.0
cellsize      0.16666666666666666
NODATA_value  -9999
[rows 27 to 53 of 180, columns 244 to 304 of 426]
3.4081E-1 3.42649E-1 3.69614E-1 4.11418E-1 4.45716E-1 4.75632E-1 4.60865E-1 4.08206E-1 3.92257E-1 3.84696E-1 3.74839E-1 3.83678E-1 3.84353E-1 3.78019E-1 4.25713E-1 3.85081E-1 3.85355E-1 3.87552E-1 3.92137E-1 3.84155E-1 3.69199E-1 3.70733E-1 3.80541E-1 3.75558E-1 3.75286E-1 3.96588E-1 3.84826E-1 3.82356E-1 3.824E-1 3.78356E-1 3.79737E-1 3.83187E-1 3.87601E-1 3.89558E-1 3.95755E-1 3.95319E-1 3.90074E-1 3.91011E-1 3.86525E-1 3.82263E-1 3.80917E-1 3.80524E-1 3.84923E-1 3.82079E-1 3.65431E-1 3.59492E-1 3.58226E-1 3.66152E-1 3.77309E-1 3.83025E-1 3.77552E-1 3.80674E-1 3.84738E-1 3.78068E-1 3.77743E-1 3.69815E-1 3.56813E-1 3.49399E-1 3.47673E-1 3.41677E-1 3.36527E-1
3.47794E-1 3.59043E-1 3.73977E-1 3.68146E-1 3.74416E-1 4.00475E-1 4.01895E-1 3.99902E-1 3.98372E-1 3.8637E-1 3.69077E-1 3.93786E-1 3.8047E-1 3.95193E-1 3.77999E-1 3.75715E-1 3.91442E-1 4.11372E-1 4.01096E-1 3.92931E-1 3.8135E-1 3.60674E-1 3.70667E-1 3.85152E-1 3.89334E-1 3.92069E-1 3.84533E-1 3.83781E-1 3.86288E-1 3.81282E-1 3.82485E-1 3.89469E-1 3.84616E-1 3.90489E-1 3.92883E-1 3.96362E-1 3.95854E-1 3.90434E-1 3.78981E-1 3.77437E-1 3.80463E-1 3.78741E-1 3.79168E-1 3.82857E-1 3.79053E-1 3.78369E-1 3.76568E-1 3.78437E-1 3.94608E-1 3.89826E-1 3.82125E-1 3.80859E-1 3.80611E-1 3.70148E-1 3.74629E-1 3.72215E-1 3.582E-1 3.53326E-1 3.59415E-1 3.43726E-1 3.46918E-1
3.48143E-1 3.60014E-1 3.75467E-1 3.75798E-1 3.79012E-1 3.91394E-1 4.20172E-1 4.15242E-1 3.98696E-1 3.99976E-1 4.12489E-1 4.1717E-1 3.99166E-1 4.02701E-1 3.76731E-1 3.85049E-1 4.26048E-1 4.39997E-1 4.29227E-1 4.11519E-1 3.74394E-1 3.73281E-1 3.78297E-1 3.99229E-1 4.08257E-1 4.02124E-1 3.92095E-1 3.96642E-1 3.91558E-1 3.9368E-1 3.97626E-1 3.9322E-1 3.92192E-1 3.94769E-1 3.92127E-1 4.02065E-1 4.00717E-1 4.04941E-1 3.96528E-1 3.90842E-1 3.97888E-1 3.83359E-1 3.79422E-1 3.82226E-1 3.81065E-1 3.88367E-1 3.88896E-1 3.89512E-1 3.90745E-1 3.91458E-1 3.83353E-1 3.79499E-1 3.72854E-1 3.769E-1 3.78228E-1 3.76222E-1 3.70019E-1 3.68218E-1 3.71432E-1 3.50806E-1 3.49726E-1
3.50015E-1 3.54821E-1 3.76169E-1 3.86586E-1 3.88125E-1 4.00087E-1 4.43943E-1 4.91083E-1 4.89098E-1 5.13678E-1 4.96416E-1 4.61813E-1 4.42933E-1 4.36124E-1 4.50911E-1 4.26658E-1 4.37739E-1 4.55667E-1 4.48765E-1 4.35123E-1 4.07659E-1 4.06766E-1 4.04454E-1 3.99457E-1 3.98444E-1 3.86699E-1 4.00817E-1 4.01027E-1 3.934E-1 4.22684E-1 3.98312E-1 3.96386E-1 3.97729E-1 3.93331E-1 3.99362E-1 4.14116E-1 4.0093E-1 3.92439E-1 3.94525E-1 3.92804E-1 3.88935E-1 3.92235E-1 3.81232E-1 3.77168E-1 3.81257E-1 3.88648E-1 3.90829E-1 3.91054E-1 3.87376E-1 3.87188E-1 3.82936E-1 3.79075E-1 3.70666E-1 3.76872E-1 3.79973E-1 4.1224E-1 4.08992E-1 3.83136E-1 3.78157E-1 3.59421E-1 3.52653E-1
3.59223E-1 3.61332E-1 3.81078E-1 3.93248E-1 4.15176E-1 4.62913E-1 4.28755E-1 4.78688E-1 5.29523E-1 5.802E-1 6.30617E-1 6.47234E-1 6.0152E-1 5.60226E-1 5.80302E-1 5.87913E-1 5.66499E-1 5.61391E-1 4.69802E-1 4.26879E-1 4.10223E-1 4.20432E-1 4.32104E-1 3.98172E-1 3.89883E-1 4.02213E-1 4.05027E-1 4.09252E-1 3.93604E-1 4.03855E-1 4.03465E-1 4.07715E-1 4.06366E-1 3.96171E-1 4.04306E-1 4.05597E-1 4.04704E-1 3.94745E-1 3.88085E-1 3.90497E-1 3.76504E-1 3.79522E-1 3.81912E-1 3.84548E-1 3.83211E-1 3.81454E-1 3.8819E-1 3.92684E-1 3.91495E-1 3.91282E-1 3.88941E-1 3.79287E-1 3.80549E-1 3.90301E-1 3.98243E-1 4.25882E-1 4.31585E-1 4.02644E-1 4.17764E-1 3.76509E-1 3.67063E-1
3.80383E-1 4.07234E-1 4.58997E-1 4.62678E-1 4.93557E-1 5.11439E-1 6.10102E-1 6.80101E-1 7.20042E-1 7.3247E-1 7.36499E-1 7.40734E-1 7.33758E-1 7.26448E-1 7.18292E-1 7.23649E-1 7.18039E-1 7.03595E-1 5.48067E-1 4.37674E-1 4.23701E-1 4.10715E-1 4.03768E-1 4.00832E-1 4.03038E-1 4.17183E-1 4.04374E-1 3.98918E-1 4.15765E-1 4.01177E-1 4.12198E-1 3.9484E-1 4.02991E-1 4.04305E-1 4.03837E-1 4.01535E-1 3.99015E-1 3.93873E-1 3.90975E-1 3.86624E-1 3.8351E-1 3.7416E-1 3.79285E-1 3.81235E-1 3.89769E-1 3.92886E-1 4.02057E-1 3.98712E-1 3.93956E-1 3.92329E-1 4.04274E-1 3.94039E-1 3.85977E-1 3.90897E-1 3.94532E-1 3.93937E-1 4.14263E-1 4.18009E-1 4.23051E-1 4.07138E-1 3.93229E-1
4.20639E-1 5.53742E-1 5.72569E-1 5.29939E-1 6.00851E-1 6.7546E-1 7.15564E-1 7.23327E-1 7.34461E-1 7.37237E-1 7.40488E-1 7.48636E-1 7.4898E-1 7.3657E-1 7.37967E-1 7.41799E-1 7.32572E-1 7.11354E-1 6.47379E-1 4.77765E-1 4.42372E-1 4.31998E-1 4.17145E-1 4.16997E-1 4.19343E-1 4.19713E-1 4.10294E-1 4.15377E-1 4.12132E-1 4.18423E-1 4.31406E-1 4.26596E-1 4.23007E-1 4.41953E-1 4.28757E-1 4.13168E-1 4.10031E-1 3.93188E-1 3.96505E-1 3.87116E-1 3.78261E-1 3.72233E-1 3.81594E-1 3.83659E-1 3.95119E-1 4.03668E-1 4.0086E-1 4.04194E-1 4.01647E-1 4.09478E-1 4.14074E-1 4.06163E-1 4.04513E-1 4.10233E-1 4.05519E-1 4.05006E-1 4.20684E-1 4.11939E-1 4.12976E-1 4.11834E-1 4.19328E-1
5.07608E-1 5.79436E-1 6.47388E-1 6.80934E-1 6.97973E-1 6.98173E-1 7.22141E-1 7.29053E-1 7.35808E-1 7.43263E-1 7.50275E-1 7.53744E-1 7.51249E-1 7.49694E-1 7.44543E-1 7.47964E-1 7.40402E-1 7.29735E-1 7.02376E-1 5.41844E-1 4.58269E-1 4.4611E-1 4.37171E-1 4.25087E-1 4.22559E-1 4.27924E-1 4.264E-1 4.3531E-1 4.3476E-1 4.31303E-1 4.51768E-1 4.54522E-1 4.35536E-1 4.219E-1 4.14502E-1 4.10564E-1 4.1766E-1 3.9765E-1 3.88682E-1 3.88632E-1 3.90684E-1 3.80522E-1 3.86284E-1 3.87572E-1 3.93583E-1 4.02051E-1 3.9839E-1 4.06152E-1 4.08114E-1 4.11871E-1 4.10561E-1 4.09946E-1 4.243E-1 4.22848E-1 4.36169E-1 4.35614E-1 4.33305E-1 4.24289E-1 4.27676E-1 4.32933E-1 4.19022E-1
6.476E-1 6.78007E-1 6.31202E-1 6.08558E-1 6.10119E-1 6.78163E-1 7.14675E-1 7.3505E-1 7.44038E-1 7.54222E-1 7.62498E-1 7.69333E-1 7.62784E-1 7.58731E-1 7.59626E-1 7.53093E-1 7.47215E-1 7.42645E-1 7.28714E-1 6.73839E-1 5.57808E-1 4.80969E-1 4.63377E-1 4.65623E-1 4.54724E-1 4.57826E-1 4.67604E-1 4.548E-1 4.61986E-1 4.74617E-1 4.6157E-1 4.58281E-1 4.53138E-1 4.32665E-1 4.29329E-1 4.30802E-1 4.29924E-1 4.19196E-1 3.97688E-1 4.03756E-1 4.05919E-1 4.04194E-1 4.16037E-1 3.98901E-1 3.99064E-1 3.92393E-1 3.98973E-1 4.08468E-1 4.05862E-1 4.14471E-1 4.20163E-1 4.25639E-1 4.33316E-1 4.28953E-1 4.37107E-1 4.48029E-1 4.3995E-1 4.3973E-1 4.39926E-1 4.32173E-1 4.26756E-1
6.58314E-1 5.85577E-1 6.26598E-1 6.76347E-1 6.98318E-1 7.13375E-1 7.26649E-1 7.3633E-1 7.52277E-1 7.65709E-1 7.69382E-1 7.70884E-1 7.68981E-1 7.67825E-1 7.68664E-1 7.63015E-1 7.62886E-1 7.5481E-1 7.43563E-1 7.27815E-1 7.09713E-1 6.57471E-1 6.27326E-1 6.28754E-1 6.58635E-1 6.84068E-1 6.29306E-1 5.23748E-1 5.07502E-1 4.94371E-1 4.86874E-1 4.64218E-1 4.74808E-1 4.57137E-1 4.46021E-1 4.34314E-1 4.3357E-1 4.12293E-1 4.08336E-1 4.14681E-1 4.11814E-1 4.11837E-1 4.00822E-1 4.00612E-1 4.06407E-1 4.0136E-1 4.16296E-1 4.2079E-1 4.22955E-1 4.27101E-1 4.28566E-1 4.33286E-1 4.29011E-1 4.25578E-1 4.37124E-1 4.39409E-1 4.3183E-1 4.41401E-1 4.38731E-1 4.35912E-1 4.37688E-1
6.88624E-1 6.81492E-1 7.09716E-1 7.1506E-1 7.21562E-1 7.31174E-1 7.3484E-1 7.46546E-1 7.61904E-1 7.63279E-1 7.63537E-1 7.64023E-1 7.7063E-1 7.70162E-1 7.72349E-1 7.65818E-1 7.58008E-1 7.57669E-1 7.51808E-1 7.43132E-1 6.69459E-1 6.1713E-1 6.67124E-1 7.31262E-1 7.3344E-1 7.42179E-1 6.06958E-1 5.50015E-1 5.3346E-1 5.26791E-1 5.2705E-1 5.07233E-1 4.83847E-1 4.60479E-1 4.62748E-1 4.31468E-1 4.17038E-1 4.0669E-1 4.20211E-1 4.27468E-1 4.23417E-1 4.09579E-1 4.2668E-1 4.35499E-1 4.18455E-1 4.09209E-1 4.19194E-1 4.25507E-1 4.20104E-1 4.31882E-1 4.34662E-1 4.29203E-1 4.29977E-1 4.31736E-1 4.39484E-1 4.37465E-1 4.26708E-1 4.27164E-1 4.37458E-1 4.28692E-1 4.39836E-1
6.96627E-1 7.08552E-1 7.12559E-1 7.2505E-1 7.37088E-1 7.34734E-1 7.38335E-1 7.2374E-1 7.13241E-1 7.29473E-1 7.43687E-1 7.53655E-1 7.60463E-1 7.65844E-1 7.68331E-1 7.63967E-1 7.60792E-1 7.60667E-1 7.61552E-1 7.51583E-1 7.41404E-1 7.33944E-1 7.40726E-1 7.48429E-1 7.49958E-1 7.53983E-1 6.24555E-1 5.90944E-1 5.61882E-1 5.5358E-1 5.3526E-1 5.30352E-1 5.01351E-1 4.89223E-1 4.78404E-1 4.48987E-1 4.40514E-1 4.32296E-1 4.2826E-1 4.30203E-1 4.339E-1 4.21876E-1 4.26378E-1 4.20186E-1 4.23547E-1 4.20829E-1 4.15382E-1 4.20201E-1 4.19033E-1 4.23978E-1 4.39702E-1 4.42518E-1 4.39983E-1 4.45259E-1 4.50919E-1 4.46534E-1 4.39894E-1 4.3724E-1 4.53057E-1 4.43548E-1 4.64765E-1
7.00348E-1 7.10596E-1 7.06685E-1 7.16114E-1 7.15626E-1 6.82391E-1 6.26822E-1 6.10465E-1 6.25395E-1 6.37929E-1 6.83445E-1 7.15317E-1 7.41705E-1 7.57108E-1 7.62627E-1 7.63056E-1 7.61194E-1 7.62096E-1 7.58919E-1 7.53888E-1 7.52761E-1 7.42588E-1 7.58779E-1 7.6718E-1 7.73315E-1 7.71485E-1 7.59277E-1 6.93031E-1 6.10903E-1 5.63037E-1 5.46235E-1 5.38242E-1 5.19176E-1 5.14641E-1 4.99868E-1 4.84379E-1 4.66784E-1 4.6707E-1 4.65436E-1 4.68266E-1 4.64116E-1 4.41919E-1 4.25286E-1 4.27534E-1 4.27614E-1 4.22656E-1 4.17896E-1 4.1073E-1 4.06767E-1 4.19996E-1 4.32415E-1 4.57129E-1 4.58517E-1 4.61626E-1 4.62637E-1 4.64816E-1 4.67135E-1 4.64892E-1 4.8852E-1 4.51449E-1 4.61117E-1
7.00808E-1 7.01342E-1 6.91686E-1 6.73564E-1 6.04114E-1 5.54674E-1 5.83734E-1 6.34336E-1 6.73925E-1 6.83891E-1 6.8153E-1 6.86125E-1 7.02901E-1 7.2999E-1 7.4917E-1 7.56979E-1 7.57058E-1 7.55722E-1 7.5214E-1 7.49583E-1 7.52677E-1 7.58313E-1 7.64996E-1 7.70299E-1 7.78026E-1 7.81353E-1 7.86694E-1 7.42072E-1 6.37325E-1 5.6971E-1 5.64432E-1 5.378E-1 5.31099E-1 5.24325E-1 5.1873E-1 5.08321E-1 4.9678E-1 4.85776E-1 4.76888E-1 4.76276E-1 4.79555E-1 4.61791E-1 4.61988E-1 4.44572E-1 4.40738E-1 4.25248E-1 4.36701E-1 4.17213E-1 4.26365E-1 4.4389E-1 4.42801E-1 4.54313E-1 4.64048E-1 4.65043E-1 4.83141E-1 4.79824E-1 4.87489E-1 4.83459E-1 4.92086E-1 4.8975E-1 4.82236E-1
6.76188E-1 6.65122E-1 6.24186E-1 5.79279E-1 5.58592E-1 5.73565E-1 6.47277E-1 6.80128E-1 6.81649E-1 6.78202E-1 6.79555E-1 6.81856E-1 6.94156E-1 7.08942E-1 7.34869E-1 7.4526E-1 7.45779E-1 7.44015E-1 7.41845E-1 7.40017E-1 7.40896E-1 7.55225E-1 7.65622E-1 7.71388E-1 7.78407E-1 7.81874E-1 7.84491E-1 7.00185E-1 6.04128E-1 5.85347E-1 5.767E-1 5.57388E-1 5.5641E-1 5.51148E-1 5.35105E-1 5.17819E-1 5.09688E-1 4.95279E-1 4.81191E-1 4.75997E-1 4.8765E-1 4.74821E-1 4.56644E-1 4.59262E-1 4.58188E-1 4.40978E-1 4.49455E-1 4.45152E-1 4.48946E-1 4.52419E-1 4.39177E-1 4.48332E-1 4.62628E-1 4.68602E-1 4.90388E-1 5.12706E-1 4.97407E-1 5.01579E-1 5.02524E-1 5.21543E-1 5.20679E-1
5.71374E-1 5.44749E-1 5.3199E-1 5.28177E-1 5.2733E-1 5.80325E-1 6.08861E-1 5.97631E-1 6.01381E-1 6.3414E-1 6.63329E-1 6.82302E-1 6.86422E-1 6.92953E-1 7.08447E-1 7.19999E-1 7.24065E-1 7.23045E-1 7.20692E-1 7.14467E-1 7.18722E-1 7.33661E-1 7.44213E-1 7.47569E-1 7.53921E-1 7.58058E-1 7.68448E-1 7.39614E-1 6.8056E-1 6.35468E-1 6.04484E-1 5.80081E-1 5.71877E-1 5.56737E-1 5.50453E-1 5.28726E-1 5.27003E-1 5.19462E-1 5.012E-1 4.89348E-1 4.9803E-1 4.94731E-1 4.75956E-1 4.80169E-1 4.85206E-1 4.69985E-1 4.63307E-1 4.5002E-1 4.54883E-1 4.52474E-1 4.57557E-1 4.66829E-1 4.7578E-1 4.86452E-1 5.12772E-1 5.35844E-1 5.18887E-1 5.10584E-1 5.12875E-1 5.18644E-1 5.41081E-1
5.0459E-1 4.79752E-1 4.78457E-1 4.9322E-1 5.03636E-1 5.2075E-1 5.18055E-1 5.17174E-1 5.19843E-1 5.43761E-1 5.77854E-1 6.6625E-1 6.7547E-1 6.80023E-1 6.93725E-1 7.03234E-1 7.05561E-1 7.0227E-1 6.89832E-1 6.66709E-1 6.41834E-1 6.52152E-1 6.85824E-1 6.52491E-1 6.34722E-1 6.2863E-1 7.12482E-1 7.39904E-1 7.12847E-1 6.28304E-1 5.86406E-1 5.86662E-1 5.80388E-1 5.6342E-1 5.49442E-1 5.31766E-1 5.21385E-1 5.16401E-1 5.06671E-1 5.18232E-1 5.07518E-1 5.05651E-1 5.1893E-1 5.10381E-1 5.01575E-1 4.93208E-1 4.83191E-1 4.71882E-1 4.69925E-1 4.58822E-1 4.6224E-1 5.43313E-1 5.11266E-1 5.1894E-1 5.15913E-1 5.22191E-1 5.31547E-1 5.21765E-1 5.10124E-1 5.08862E-1 5.16328E-1
4.66045E-1 4.56863E-1 4.4101E-1 4.55049E-1 4.54554E-1 4.60223E-1 4.65586E-1 4.72784E-1 4.78353E-1 4.98868E-1 5.23744E-1 5.72861E-1 6.51793E-1 6.40349E-1 6.59402E-1 6.78776E-1 6.81767E-1 6.51514E-1 5.87394E-1 5.51425E-1 5.46624E-1 5.38347E-1 5.29276E-1 5.34219E-1 5.44003E-1 5.62261E-1 6.80741E-1 7.10181E-1 6.71886E-1 5.72641E-1 5.63168E-1 5.7597E-1 5.82119E-1 5.66903E-1 5.53804E-1 5.49762E-1 5.33342E-1 5.33381E-1 5.27371E-1 5.28864E-1 5.2209E-1 5.32982E-1 5.33466E-1 5.37726E-1 5.19797E-1 5.06404E-1 5.00205E-1 5.06695E-1 4.93795E-1 4.59227E-1 4.39204E-1 4.7844E-1 5.1477E-1 5.3133E-1 5.36915E-1 5.33477E-1 5.23912E-1 5.24785E-1 5.16941E-1 5.14478E-1 5.09043E-1
4.54952E-1 4.40657E-1 4.28619E-1 4.27774E-1 4.33519E-1 4.35127E-1 4.51334E-1 4.54191E-1 4.55773E-1 4.70914E-1 4.83091E-1 4.9029E-1 5.13821E-1 5.25928E-1 5.46673E-1 5.79871E-1 5.93644E-1 5.73319E-1 5.47111E-1 5.15293E-1 5.04391E-1 5.25787E-1 5.11561E-1 5.1657E-1 5.36585E-1 5.41264E-1 5.66256E-1 5.64331E-1 5.49988E-1 5.25772E-1 5.39867E-1 5.6194E-1 5.68535E-1 5.57219E-1 5.44015E-1 5.4928E-1 5.38273E-1 5.38043E-1 5.46204E-1 5.28739E-1 5.41695E-1 5.54813E-1 5.4014E-1 5.45043E-1 5.3057E-1 5.15116E-1 5.0575E-1 5.18738E-1 5.26379E-1 5.01268E-1 4.69514E-1 5.05621E-1 5.31058E-1 5.45011E-1 5.50745E-1 5.53975E-1 5.4438E-1 5.29366E-1 5.07299E-1 5.00943E-1 4.96941E-1
4.257E-1 4.21513E-1 4.26792E-1 4.21812E-1 4.19352E-1 4.23347E-1 4.3696E-1 4.45069E-1 4.60128E-1 4.72939E-1 4.81508E-1 4.72135E-1 4.91546E-1 4.95807E-1 4.89038E-1 5.15488E-1 5.55418E-1 5.57554E-1 5.25882E-1 5.16396E-1 5.39661E-1 5.53739E-1 5.38657E-1 5.24281E-1 5.43819E-1 5.37713E-1 5.17057E-1 5.11927E-1 4.82192E-1 4.89098E-1 5.17621E-1 5.51763E-1 5.57136E-1 6.05347E-1 6.1865E-1 5.99274E-1 5.60873E-1 5.268E-1 5.33595E-1 5.71443E-1 5.60264E-1 5.70636E-1 5.56852E-1 5.46654E-1 5.48635E-1 5.36868E-1 5.31735E-1 5.55726E-1 5.67181E-1 5.34528E-1 5.2362E-1 5.38522E-1 5.51978E-1 5.66452E-1 5.67815E-1 5.77939E-1 5.80579E-1 5.81744E-1 5.6669E-1 5.0968E-1 4.72506E-1
3.84757E-1 3.97034E-1 4.08081E-1 4.1574E-1 4.10023E-1 4.22913E-1 4.23994E-1 4.36054E-1 4.54597E-1 4.59669E-1 4.75274E-1 4.73466E-1 4.85831E-1 4.98448E-1 5.04346E-1 5.22055E-1 5.41154E-1 5.48435E-1 5.39787E-1 5.41146E-1 5.5569E-1 5.64286E-1 5.65857E-1 5.86804E-1 5.73537E-1 5.51262E-1 5.32532E-1 5.26636E-1 5.23064E-1 4.99901E-1 4.97393E-1 5.17677E-1 5.45117E-1 5.64437E-1 5.90179E-1 6.47698E-1 6.48442E-1 6.27332E-1 6.26345E-1 6.45719E-1 6.57237E-1 6.52602E-1 6.29642E-1 6.07766E-1 5.81692E-1 5.73316E-1 5.73709E-1 5.67224E-1 5.65852E-1 5.54899E-1 5.53563E-1 5.5422E-1 5.71794E-1 5.7756E-1 5.77279E-1 5.72118E-1 5.58885E-1 5.49328E-1 5.28563E-1 4.89878E-1 4.7216E-1
3.75119E-1 3.86911E-1 4.08281E-1 4.18865E-1 4.21679E-1 4.25532E-1 4.23636E-1 4.33015E-1 4.51969E-1 4.58533E-1 4.67174E-1 4.73332E-1 4.82868E-1 4.98541E-1 5.07395E-1 5.32742E-1 5.47646E-1 5.38599E-1 5.9378E-1 6.24815E-1 6.19931E-1 6.33131E-1 6.39793E-1 6.32024E-1 6.20668E-1 6.12735E-1 5.70395E-1 5.46502E-1 5.66852E-1 5.89411E-1 6.01644E-1 6.05488E-1 6.01736E-1 5.98083E-1 5.9455E-1 5.90357E-1 5.96355E-1 5.91022E-1 5.70414E-1 6.02484E-1 5.97144E-1 5.94328E-1 6.0369E-1 6.12306E-1 5.74453E-1 6.36863E-1 6.68369E-1 6.89534E-1 6.68818E-1 6.46989E-1 6.38809E-1 5.83351E-1 5.86415E-1 5.98196E-1 5.91817E-1 5.84557E-1 5.7435E-1 5.59025E-1 5.38559E-1 5.18861E-1 5.23159E-1
3.75129E-1 3.86908E-1 4.11144E-1 4.10425E-1 4.12903E-1 4.17813E-1 4.2479E-1 4.29438E-1 4.42506E-1 4.5733E-1 4.60784E-1 4.75577E-1 4.85357E-1 5.22461E-1 5.45883E-1 5.72085E-1 5.64689E-1 6.29385E-1 6.62133E-1 6.75009E-1 6.72926E-1 6.52185E-1 5.88316E-1 5.96151E-1 6.32311E-1 6.05791E-1 5.60417E-1 5.37977E-1 5.31376E-1 5.4619E-1 6.18327E-1 6.33856E-1 6.45325E-1 6.6113E-1 6.80539E-1 6.85132E-1 6.88661E-1 6.77702E-1 6.75693E-1 6.78481E-1 6.6713E-1 6.17648E-1 6.09283E-1 5.9185E-1 6.16512E-1 6.24179E-1 6.93006E-1 7.48468E-1 7.51379E-1 7.52898E-1 7.59625E-1 7.39586E-1 6.20721E-1 6.12692E-1 6.22388E-1 6.11017E-1 5.92411E-1 5.7896E-1 5.63472E-1 5.48809E-1 5.46722E-1
3.8437E-1 3.86731E-1 4.00125E-1 4.15245E-1 4.14138E-1 4.21395E-1 4.26373E-1 4.34079E-1 4.54108E-1 4.71399E-1 4.75087E-1 4.95724E-1 5.50901E-1 6.17045E-1 6.23448E-1 6.05578E-1 6.2185E-1 6.67421E-1 6.66575E-1 6.6238E-1 6.57138E-1 6.51183E-1 6.06602E-1 6.40675E-1 6.43195E-1 5.80416E-1 5.32626E-1 5.20951E-1 5.0962E-1 5.074E-1 5.28169E-1 5.88507E-1 6.38991E-1 6.65781E-1 6.78305E-1 6.89322E-1 6.9764E-1 7.02488E-1 7.1086E-1 7.18054E-1 7.30212E-1 7.39942E-1 7.19044E-1 6.6564E-1 6.59432E-1 6.82417E-1 7.58931E-1 7.59551E-1 7.66028E-1 7.74313E-1 7.79202E-1 7.79192E-1 7.30158E-1 6.40283E-1 6.25108E-1 6.27309E-1 6.09303E-1 6.0813E-1 5.91421E-1 5.68642E-1 5.75366E-1
3.84934E-1 3.91734E-1 4.00446E-1 4.08407E-1 4.23556E-1 4.2537E-1 4.27118E-1 4.41478E-1 4.5817E-1 4.86676E-1 4.89712E-1 5.21076E-1 6.07687E-1 6.24299E-1 5.9182E-1 6.23321E-1 6.54928E-1 6.60314E-1 6.57575E-1 6.53104E-1 6.44726E-1 6.42715E-1 6.48261E-1 6.50069E-1 6.39879E-1 5.81556E-1 5.31E-1 5.21701E-1 5.21495E-1 5.11382E-1 5.18936E-1 5.28707E-1 5.3761E-1 5.7674E-1 6.43537E-1 6.82192E-1 6.92522E-1 7.01223E-1 7.10821E-1 7.16511E-1 7.2705E-1 7.40559E-1 7.50325E-1 7.4819E-1 7.56297E-1 7.42305E-1 7.68098E-1 7.72752E-1 7.77359E-1 7.89252E-1 7.94738E-1 7.92464E-1 7.86189E-1 7.07012E-1 6.2172E-1 6.2431E-1 6.1745E-1 6.31063E-1 6.15747E-1 6.00837E-1 5.94354E-1
3.80131E-1 3.77598E-1 4.02266E-1 4.11743E-1 4.23931E-1 4.3447E-1 4.44159E-1 4.54875E-1 4.78978E-1 5.02808E-1 5.19463E-1 5.907E-1 6.12526E-1 5.74087E-1 6.09894E-1 6.35966E-1 6.5146E-1 6.55134E-1 6.50028E-1 6.43833E-1 6.41472E-1 6.42586E-1 6.23284E-1 6.20958E-1 5.56814E-1 5.34625E-1 5.15887E-1 5.28766E-1 5.07766E-1 5.10966E-1 5.05741E-1 5.15354E-1 5.10093E-1 5.11241E-1 5.43198E-1 5.91572E-1 6.8692E-1 6.94691E-1 7.07022E-1 7.15539E-1 7.27234E-1 7.38517E-1 7.4904E-1 7.60084E-1 7.65996E-1 7.47649E-1 7.23533E-1 7.32875E-1 7.64446E-1 7.92104E-1 7.93319E-1 7.93086E-1 7.90733E-1 7.7422E-1 6.82374E-1 6.35765E-1 6.16147E-1 6.4269E-1 6.5955E-1 6.34972E-1 6.18128E-1
3.89095E-1 3.90775E-1 4.15314E-1 4.26865E-1 4.48755E-1 4.48579E-1 4.53541E-1 4.69648E-1 4.87885E-1 5.15774E-1 5.75286E-1 6.29366E-1 5.53652E-1 5.81948E-1 6.40866E-1 6.43542E-1 6.44858E-1 6.42863E-1 6.47061E-1 6.13868E-1 6.30894E-1 6.16336E-1 5.67916E-1 5.86859E-1 5.31684E-1 5.05432E-1 5.02324E-1 5.10807E-1 5.06502E-1 5.11956E-1 5.05543E-1 5.01108E-1 4.97562E-1 5.12766E-1 5.37034E-1 5.67885E-1 6.39785E-1 6.98314E-1 7.03384E-1 7.13737E-1 7.22774E-1 7.39217E-1 7.48447E-1 7.5938E-1 7.58341E-1 7.61474E-1 7.51821E-1 6.94894E-1 7.30618E-1 7.86919E-1 7.9609E-1 8.00667E-1 7.98456E-1 7.91578E-1 7.82917E-1 7.02861E-1 6.45018E-1 6.56146E-1 6.8028E-1 6.61348E-1 6.31752E-1
