maxent_outputs/white_flowers_troch_bombus_environ/white_254.asc
ncols         426
nrows         180
xllcorner     -130.0
yllcorner     24.0
cellsize      0.16666666666666666
NODATA_value  -9999
[rows 81 to 107 of 180, columns 122 to 182 of 426]
2.32206E-1 2.19689E-1 2.43313E-1 2.55436E-1 2.48225E-1 2.5651E-1 2.5923E-1 2.48696E-1 2.46909E-1 2.52699E-1 2.42856E-1 2.54459E-1 2.66278E-1 2.73717E-1 2.6128E-1 2.46337E-1 2.38248E-1 2.88776E-1 2.85214E-1 2.88013E-1 2.98281E-1 2.85962E-1 2.74851E-1 2.7817E-1 3.23186E-1 3.30855E-1 3.26104E-1 2.97262E-1 2.85003E-1 2.90494E-1 2.86659E-1 2.79329E-1 2.76492E-1 2.78764E-1 2.79943E-1 2.76704E-1 2.77127E-1 2.77124E-1 2.72912E-1 2.74778E-1 2.79038E-1 2.8636E-1 2.90367E-1 2.96767E-1 2.99607E-1 2.97654E-1 2.98897E-1 3.01826E-1 3.08151E-1 3.10813E-1 3.10204E-1 3.08641E-1 3.1578E-1 3.2115E-1 3.23597E-1 3.23974E-1 3.21254E-1 3.25517E-1 3.29127E-1 3.35431E-1 3.35361E-1
2.15295E-1 2.18992E-1 2.25188E-1 2.37597E-1 2.51251E-1 2.46758E-1 2.30336E-1 2.38705E-1 2.46865E-1 2.77172E-1 2.82049E-1 2.73444E-1 2.82752E-1 2.96068E-1 2.96298E-1 2.98649E-1 2.75076E-1 3.00939E-1 2.63864E-1 2.25565E-1 2.77329E-1 2.84767E-1 2.65548E-1 2.7312E-1 3.1556E-1 3.35384E-1 3.2807E-1 2.97167E-1 2.87114E-1 2.82529E-1 2.77069E-1 2.71288E-1 2.71074E-1 2.69826E-1 2.7382E-1 2.7774E-1 2.75298E-1 2.72776E-1 2.79776E-1 2.76959E-1 2.77906E-1 2.87693E-1 2.92292E-1 2.9826E-1 2.996E-1 3.00247E-1 2.9848E-1 2.97841E-1 2.98567E-1 3.07939E-1 3.15237E-1 3.16919E-1 3.21251E-1 3.29308E-1 3.35207E-1 3.33464E-1 3.27381E-1 3.2813E-1 3.40733E-1 3.47188E-1 3.42243E-1
2.07328E-1 2.21121E-1 2.26812E-1 2.29188E-1 2.32708E-1 2.51265E-1 2.70977E-1 2.53432E-1 2.5321E-1 2.73433E-1 2.60843E-1 2.64981E-1 2.87642E-1 2.87722E-1 2.85719E-1 2.85471E-1 2.43122E-1 2.62698E-1 2.67271E-1 2.05697E-1 2.02236E-1 2.3982E-1 2.09693E-1 2.63481E-1 2.97772E-1 3.29013E-1 3.29502E-1 3.0707E-1 2.90656E-1 2.8639E-1 2.82586E-1 2.78529E-1 2.74077E-1 2.71845E-1 2.76546E-1 2.68266E-1 2.66269E-1 2.76789E-1 2.80016E-1 2.80321E-1 2.85551E-1 2.93067E-1 2.96772E-1 2.99963E-1 3.05725E-1 3.06996E-1 3.07788E-1 3.05989E-1 3.03005E-1 3.10587E-1 3.12987E-1 3.209E-1 3.31446E-1 3.40057E-1 3.46214E-1 3.41482E-1 3.34712E-1 3.35579E-1 3.46544E-1 3.54304E-1 3.51314E-1
2.36753E-1 2.54018E-1 2.57954E-1 2.75281E-1 2.81462E-1 2.97738E-1 2.98801E-1 2.64359E-1 2.7025E-1 2.77979E-1 2.64022E-1 2.62285E-1 2.83574E-1 2.70102E-1 2.40979E-1 2.59177E-1 2.46987E-1 2.44069E-1 2.50671E-1 2.4271E-1 2.31201E-1 2.45318E-1 2.61901E-1 2.55122E-1 3.12036E-1 3.17942E-1 3.32051E-1 3.36302E-1 3.24724E-1 3.02622E-1 2.93325E-1 2.84796E-1 2.84399E-1 2.7527E-1 2.8503E-1 2.78189E-1 2.72458E-1 2.78794E-1 2.81691E-1 2.86413E-1 2.881E-1 2.95098E-1 2.95158E-1 2.93696E-1 3.01692E-1 3.09923E-1 3.12453E-1 3.11605E-1 3.11286E-1 3.0854E-1 3.07369E-1 3.15755E-1 3.29147E-1 3.37555E-1 3.43499E-1 3.41353E-1 3.39399E-1 3.37458E-1 3.42457E-1 3.4916E-1 3.52288E-1
2.64832E-1 2.71087E-1 2.80379E-1 3.01963E-1 3.16028E-1 3.11085E-1 2.90881E-1 2.78927E-1 2.77237E-1 2.69071E-1 2.67835E-1 2.63109E-1 2.60827E-1 2.28657E-1 2.38376E-1 2.55714E-1 2.50767E-1 2.25E-1 2.36577E-1 2.68562E-1 2.57749E-1 2.47752E-1 2.55814E-1 2.78735E-1 3.21486E-1 3.14044E-1 3.21049E-1 3.45914E-1 3.43217E-1 3.17229E-1 2.98172E-1 2.94533E-1 2.88096E-1 2.7993E-1 2.88247E-1 2.85157E-1 2.89572E-1 2.85961E-1 2.8203E-1 2.87247E-1 2.92186E-1 2.95887E-1 2.9524E-1 2.97589E-1 2.94283E-1 2.93385E-1 3.03257E-1 3.06416E-1 2.98936E-1 2.98019E-1 3.06048E-1 3.13036E-1 3.22756E-1 3.34191E-1 3.39427E-1 3.39583E-1 3.39008E-1 3.39287E-1 3.38848E-1 3.4424E-1 3.5164E-1
2.93942E-1 3.00295E-1 3.08963E-1 3.08091E-1 3.11675E-1 3.05586E-1 2.8332E-1 2.6713E-1 2.53226E-1 2.60187E-1 2.79359E-1 2.95816E-1 3.01669E-1 2.7942E-1 2.61926E-1 2.45248E-1 2.42476E-1 2.33113E-1 2.43701E-1 2.44368E-1 2.49144E-1 2.42379E-1 2.54408E-1 2.55967E-1 2.96627E-1 2.95636E-1 2.98872E-1 3.28075E-1 3.30007E-1 3.13563E-1 2.95121E-1 2.9148E-1 2.89273E-1 2.86046E-1 2.92439E-1 2.93198E-1 2.93068E-1 2.84809E-1 2.83301E-1 2.86171E-1 2.92064E-1 3.00025E-1 2.99508E-1 2.96543E-1 2.94367E-1 2.89353E-1 2.98223E-1 2.99268E-1 2.98043E-1 2.9704E-1 3.01102E-1 3.04751E-1 3.18095E-1 3.2507E-1 3.34032E-1 3.37246E-1 3.37467E-1 3.37332E-1 3.38846E-1 3.42201E-1 3.52017E-1
2.88561E-1 3.05613E-1 3.28523E-1 3.25904E-1 3.27369E-1 3.32864E-1 3.19031E-1 3.11362E-1 3.09849E-1 3.0377E-1 2.77515E-1 2.68498E-1 2.70449E-1 2.5488E-1 2.55528E-1 2.35378E-1 2.55936E-1 2.49536E-1 2.40633E-1 2.37786E-1 2.27186E-1 2.43467E-1 2.47103E-1 2.31676E-1 2.6606E-1 2.57398E-1 2.68477E-1 3.07564E-1 2.99271E-1 2.90956E-1 2.80372E-1 2.86563E-1 2.86616E-1 2.8432E-1 2.83531E-1 2.85689E-1 2.79467E-1 2.82483E-1 2.85836E-1 2.90935E-1 2.94522E-1 2.99331E-1 3.02725E-1 3.03795E-1 3.02803E-1 2.96685E-1 2.96681E-1 2.98041E-1 2.96763E-1 2.96871E-1 2.97467E-1 3.05016E-1 3.14957E-1 3.24114E-1 3.31236E-1 3.35632E-1 3.36927E-1 3.36738E-1 3.36434E-1 3.44403E-1 3.57464E-1
2.96862E-1 3.3211E-1 3.21597E-1 2.85316E-1 2.93489E-1 2.98739E-1 3.2272E-1 3.2647E-1 3.1392E-1 3.06908E-1 2.7391E-1 2.40238E-1 2.32722E-1 2.36502E-1 2.49286E-1 2.24301E-1 2.14639E-1 2.34399E-1 2.18319E-1 2.18921E-1 2.11368E-1 2.40134E-1 2.04514E-1 1.8196E-1 2.25694E-1 2.58887E-1 2.58174E-1 2.71949E-1 2.81687E-1 2.51243E-1 2.44942E-1 2.70169E-1 2.73064E-1 2.72922E-1 2.7176E-1 2.71912E-1 2.72871E-1 2.78272E-1 2.82385E-1 2.89398E-1 2.96861E-1 2.98989E-1 3.04106E-1 3.04902E-1 3.06068E-1 3.00951E-1 2.98959E-1 3.00929E-1 2.98914E-1 2.9743E-1 3.02627E-1 3.08299E-1 3.21174E-1 3.27868E-1 3.32331E-1 3.35619E-1 3.37629E-1 3.41129E-1 3.45337E-1 3.55224E-1 3.70583E-1
3.22641E-1 3.01482E-1 2.75023E-1 3.04448E-1 3.21215E-1 3.09383E-1 3.1927E-1 3.30558E-1 2.99658E-1 2.58533E-1 2.46114E-1 2.25286E-1 2.27012E-1 2.18689E-1 2.2427E-1 1.97518E-1 2.02841E-1 2.07677E-1 1.9574E-1 2.15724E-1 2.11516E-1 2.20372E-1 1.67659E-1 1.60917E-1 1.97481E-1 2.10061E-1 2.17294E-1 2.29315E-1 2.61274E-1 2.48612E-1 2.44218E-1 2.60098E-1 2.61863E-1 2.63072E-1 2.68256E-1 2.72986E-1 2.76673E-1 2.76671E-1 2.82062E-1 2.85249E-1 2.91833E-1 2.93249E-1 2.96484E-1 3.00505E-1 3.01494E-1 2.98723E-1 3.03549E-1 3.04024E-1 3.04881E-1 3.07487E-1 3.09251E-1 3.17483E-1 3.28783E-1 3.34845E-1 3.3277E-1 3.36912E-1 3.43575E-1 3.50627E-1 3.58339E-1 3.68385E-1 3.68203E-1
2.77045E-1 2.74874E-1 2.84622E-1 3.23815E-1 2.83534E-1 2.77301E-1 3.10988E-1 3.18177E-1 3.1916E-1 2.86729E-1 2.97774E-1 2.68443E-1 2.72668E-1 2.39773E-1 2.19048E-1 1.93241E-1 1.74877E-1 1.9079E-1 1.74254E-1 1.99521E-1 2.28075E-1 2.23481E-1 1.7259E-1 1.584E-1 1.77682E-1 1.93668E-1 1.95856E-1 2.17963E-1 2.72887E-1 2.85497E-1 2.65639E-1 2.66167E-1 2.59322E-1 2.64636E-1 2.70475E-1 2.79434E-1 2.81707E-1 2.8348E-1 2.80765E-1 2.85768E-1 2.86546E-1 2.85553E-1 2.90004E-1 2.96462E-1 3.01765E-1 3.05679E-1 3.14274E-1 3.11608E-1 3.14387E-1 3.1598E-1 3.20478E-1 3.29698E-1 3.3751E-1 3.39976E-1 3.38705E-1 3.4278E-1 3.53014E-1 3.6161E-1 3.71504E-1 3.68263E-1 3.67061E-1
3.03357E-1 3.11205E-1 3.24407E-1 3.38933E-1 3.37506E-1 2.80926E-1 2.6653E-1 3.21692E-1 3.19171E-1 3.103E-1 3.08296E-1 2.98761E-1 2.68323E-1 2.22935E-1 2.12327E-1 1.89579E-1 1.57099E-1 1.80848E-1 1.90507E-1 1.95678E-1 2.23893E-1 2.20963E-1 1.8829E-1 1.71474E-1 1.97556E-1 1.98515E-1 2.17504E-1 2.22523E-1 2.72843E-1 2.98011E-1 2.85756E-1 2.82473E-1 2.78597E-1 2.73987E-1 2.74317E-1 2.7552E-1 2.83515E-1 2.84934E-1 2.807E-1 2.82524E-1 2.78992E-1 2.75908E-1 2.84614E-1 2.94789E-1 2.99964E-1 3.06314E-1 3.10319E-1 3.14463E-1 3.14955E-1 3.20304E-1 3.28591E-1 3.40269E-1 3.49013E-1 3.54799E-1 3.55065E-1 3.60182E-1 3.69357E-1 3.73168E-1 3.77173E-1 3.74322E-1 3.72485E-1
3.30943E-1 3.29327E-1 3.11123E-1 3.02613E-1 3.4694E-1 3.22251E-1 2.69354E-1 2.97375E-1 3.12317E-1 3.05925E-1 3.0384E-1 2.7274E-1 2.20815E-1 2.00787E-1 1.92323E-1 1.77224E-1 1.31433E-1 1.5403E-1 1.84262E-1 1.96666E-1 2.23019E-1 2.37922E-1 2.31095E-1 2.11444E-1 2.18715E-1 2.61528E-1 2.89926E-1 2.96232E-1 3.07119E-1 2.96722E-1 2.91675E-1 2.87564E-1 2.85457E-1 2.80456E-1 2.79487E-1 2.77324E-1 2.83665E-1 2.83682E-1 2.76694E-1 2.73447E-1 2.77152E-1 2.79011E-1 2.80269E-1 2.92108E-1 3.00216E-1 3.06236E-1 3.13017E-1 3.15955E-1 3.19423E-1 3.21096E-1 3.3017E-1 3.41589E-1 3.54476E-1 3.54431E-1 3.575E-1 3.62943E-1 3.64585E-1 3.65645E-1 3.63467E-1 3.61534E-1 3.6115E-1
3.2707E-1 3.21688E-1 3.04177E-1 2.99027E-1 3.38842E-1 3.34302E-1 3.16103E-1 2.83469E-1 2.80331E-1 2.80857E-1 2.92107E-1 2.65945E-1 2.01478E-1 1.68162E-1 1.52469E-1 1.37443E-1 1.34559E-1 1.3194E-1 1.41803E-1 1.66985E-1 2.15722E-1 2.09414E-1 2.45846E-1 2.66238E-1 2.82896E-1 2.9517E-1 3.23208E-1 3.28585E-1 3.15464E-1 3.0345E-1 2.96698E-1 2.93164E-1 2.91095E-1 2.83562E-1 2.81957E-1 2.79372E-1 2.8009E-1 2.77509E-1 2.77848E-1 2.76483E-1 2.7746E-1 2.80546E-1 2.81142E-1 2.86829E-1 2.985E-1 3.0813E-1 3.12387E-1 3.16669E-1 3.21779E-1 3.26108E-1 3.32974E-1 3.43201E-1 3.54013E-1 3.5517E-1 3.55808E-1 3.60172E-1 3.6332E-1 3.66661E-1 3.66575E-1 3.64936E-1 3.63042E-1
3.09839E-1 2.98149E-1 3.00553E-1 3.23376E-1 3.3871E-1 3.21543E-1 3.16671E-1 3.1116E-1 2.87661E-1 2.53331E-1 2.44983E-1 2.62967E-1 2.33198E-1 2.08793E-1 1.67599E-1 1.57669E-1 1.62595E-1 1.37735E-1 1.85958E-1 1.95988E-1 2.09779E-1 2.08983E-1 1.82391E-1 2.29747E-1 2.27351E-1 2.3392E-1 2.46287E-1 3.04676E-1 3.08572E-1 3.05592E-1 3.11501E-1 2.979E-1 2.94702E-1 2.90115E-1 2.83359E-1 2.80527E-1 2.80349E-1 2.80152E-1 2.82531E-1 2.84784E-1 2.8187E-1 2.85343E-1 2.8665E-1 2.90006E-1 3.01481E-1 3.07929E-1 3.15215E-1 3.18509E-1 3.27128E-1 3.33548E-1 3.3861E-1 3.47349E-1 3.54893E-1 3.55643E-1 3.55035E-1 3.56585E-1 3.62825E-1 3.70479E-1 3.79619E-1 3.76768E-1 3.73406E-1
3.26034E-1 2.98668E-1 2.99619E-1 2.99616E-1 3.29937E-1 3.10669E-1 3.00535E-1 2.91375E-1 2.77567E-1 2.60999E-1 2.34629E-1 2.48759E-1 2.32976E-1 2.05083E-1 1.83824E-1 1.74317E-1 1.8798E-1 1.5716E-1 1.86141E-1 1.83365E-1 1.97738E-1 1.88234E-1 1.71183E-1 2.10465E-1 2.21095E-1 2.13075E-1 2.15267E-1 2.7812E-1 3.04885E-1 3.03524E-1 2.96471E-1 2.94501E-1 2.94074E-1 2.84927E-1 2.91096E-1 2.90802E-1 2.89273E-1 2.92546E-1 2.9732E-1 2.91164E-1 2.8413E-1 2.90475E-1 2.96452E-1 3.01348E-1 3.10719E-1 3.17249E-1 3.23524E-1 3.25908E-1 3.28741E-1 3.35977E-1 3.43675E-1 3.51562E-1 3.54865E-1 3.51066E-1 3.52322E-1 3.55954E-1 3.60085E-1 3.71919E-1 3.84041E-1 3.84133E-1 3.83927E-1
3.27269E-1 3.00784E-1 2.49456E-1 2.56132E-1 2.9324E-1 3.15176E-1 3.1302E-1 2.83368E-1 2.61932E-1 2.52521E-1 2.43961E-1 2.12423E-1 1.91648E-1 2.02402E-1 1.77691E-1 1.75509E-1 1.93079E-1 1.8881E-1 2.08366E-1 2.14996E-1 1.93478E-1 1.62178E-1 1.60911E-1 1.75177E-1 2.1817E-1 2.17651E-1 2.20026E-1 2.54595E-1 2.95643E-1 2.98885E-1 3.08806E-1 3.17244E-1 3.1407E-1 2.9496E-1 2.9336E-1 2.89919E-1 2.9618E-1 3.05996E-1 2.99469E-1 2.97704E-1 2.97181E-1 2.98852E-1 3.0273E-1 3.13109E-1 3.17293E-1 3.22748E-1 3.32644E-1 3.3561E-1 3.36561E-1 3.40144E-1 3.52149E-1 3.55913E-1 3.56342E-1 3.50904E-1 3.50306E-1 3.55573E-1 3.62583E-1 3.75473E-1 3.84922E-1 3.87871E-1 3.88863E-1
3.3714E-1 3.1919E-1 3.06287E-1 2.67881E-1 2.69068E-1 3.06605E-1 2.82929E-1 2.66091E-1 2.68524E-1 2.73876E-1 2.48433E-1 2.24349E-1 2.05373E-1 1.89827E-1 1.77265E-1 1.58383E-1 1.85136E-1 1.95426E-1 2.05158E-1 1.94026E-1 1.79159E-1 1.6684E-1 1.67595E-1 1.71252E-1 2.04342E-1 2.31711E-1 2.55522E-1 2.81924E-1 3.12407E-1 3.13393E-1 3.12045E-1 3.18732E-1 3.28572E-1 3.18233E-1 3.07691E-1 3.08281E-1 3.14716E-1 3.26257E-1 3.15854E-1 3.09135E-1 3.10732E-1 3.10806E-1 3.12246E-1 3.1289E-1 3.20765E-1 3.26929E-1 3.33712E-1 3.36143E-1 3.38146E-1 3.41585E-1 3.48954E-1 3.51798E-1 3.54563E-1 3.5432E-1 3.56161E-1 3.61518E-1 3.68434E-1 3.79249E-1 3.84924E-1 3.84517E-1 3.88219E-1
3.33038E-1 3.21065E-1 3.32282E-1 3.28581E-1 3.05012E-1 2.86547E-1 3.06018E-1 2.89696E-1 2.89456E-1 2.90821E-1 2.86913E-1 2.66043E-1 2.29342E-1 2.363E-1 2.29882E-1 2.29209E-1 2.28063E-1 2.42371E-1 2.32767E-1 2.13078E-1 1.77905E-1 1.60501E-1 1.61821E-1 1.6861E-1 2.06822E-1 2.20238E-1 2.04383E-1 2.58657E-1 2.93315E-1 3.15586E-1 3.12842E-1 3.26819E-1 3.17413E-1 3.20226E-1 3.1373E-1 3.30099E-1 3.40733E-1 3.46279E-1 3.35215E-1 3.31845E-1 3.113E-1 3.08409E-1 3.11632E-1 3.14703E-1 3.24901E-1 3.30078E-1 3.41385E-1 3.42962E-1 3.4246E-1 3.45655E-1 3.47447E-1 3.47492E-1 3.51934E-1 3.57213E-1 3.62061E-1 3.62318E-1 3.6843E-1 3.77997E-1 3.81405E-1 3.78321E-1 3.80935E-1
3.27649E-1 3.18525E-1 3.13926E-1 3.19731E-1 3.3289E-1 3.22767E-1 3.01244E-1 2.98435E-1 2.8333E-1 2.84456E-1 3.03636E-1 2.62114E-1 2.53603E-1 2.64569E-1 2.32774E-1 2.22962E-1 2.51113E-1 2.47204E-1 2.32763E-1 2.47277E-1 2.11171E-1 1.67135E-1 1.65593E-1 1.70727E-1 1.84474E-1 1.96902E-1 2.19613E-1 2.52843E-1 2.79668E-1 3.00711E-1 3.11679E-1 3.02771E-1 3.0717E-1 3.01701E-1 3.05173E-1 3.28122E-1 3.33308E-1 3.31269E-1 3.1601E-1 3.17423E-1 3.1257E-1 3.18885E-1 3.24342E-1 3.25061E-1 3.30146E-1 3.379E-1 3.43527E-1 3.46209E-1 3.4962E-1 3.5126E-1 3.55727E-1 3.5828E-1 3.6094E-1 3.62916E-1 3.69664E-1 3.75137E-1 3.78519E-1 3.83775E-1 3.85391E-1 3.84665E-1 3.87492E-1
3.14188E-1 3.1391E-1 3.17689E-1 3.19508E-1 3.29875E-1 3.39382E-1 3.25613E-1 3.10532E-1 3.03176E-1 2.73764E-1 2.869E-1 2.66174E-1 2.57071E-1 2.67538E-1 2.62002E-1 2.21524E-1 2.29278E-1 2.55975E-1 2.31764E-1 2.26315E-1 1.93007E-1 1.7742E-1 1.78663E-1 1.9354E-1 1.83586E-1 1.94672E-1 2.17515E-1 2.38282E-1 2.84496E-1 2.92097E-1 3.15332E-1 3.11381E-1 2.99806E-1 2.98726E-1 3.07016E-1 3.12138E-1 3.03572E-1 2.99411E-1 3.1004E-1 3.13419E-1 3.15279E-1 3.22992E-1 3.28836E-1 3.33073E-1 3.34463E-1 3.41087E-1 3.4847E-1 3.50514E-1 3.51474E-1 3.52422E-1 3.54857E-1 3.66376E-1 3.74265E-1 3.76946E-1 3.79307E-1 3.84973E-1 3.87945E-1 3.98504E-1 3.96431E-1 3.94833E-1 3.99524E-1
3.09779E-1 3.07246E-1 3.14559E-1 3.16628E-1 2.97775E-1 3.05051E-1 3.36077E-1 3.16071E-1 2.92265E-1 2.8871E-1 3.01124E-1 2.71485E-1 2.58051E-1 2.84447E-1 2.66274E-1 2.51346E-1 2.32013E-1 2.43056E-1 2.55147E-1 2.17658E-1 2.01807E-1 1.94013E-1 1.8591E-1 1.92186E-1 1.81804E-1 1.91548E-1 2.16164E-1 2.48991E-1 2.83185E-1 2.89238E-1 3.01265E-1 2.85794E-1 3.01546E-1 3.04375E-1 3.03516E-1 3.04405E-1 3.20226E-1 3.23608E-1 3.32697E-1 3.38751E-1 3.35918E-1 3.33379E-1 3.37286E-1 3.45477E-1 3.49316E-1 3.53121E-1 3.61564E-1 3.61149E-1 3.59057E-1 3.60366E-1 3.6036E-1 3.72906E-1 3.81943E-1 3.88088E-1 3.93406E-1 3.98936E-1 4.06207E-1 4.10242E-1 4.04158E-1 4.02943E-1 4.05851E-1
3.11017E-1 3.19252E-1 3.22698E-1 3.36106E-1 3.07951E-1 2.93732E-1 3.03321E-1 3.18014E-1 3.07332E-1 2.94556E-1 3.04302E-1 2.97791E-1 2.98041E-1 2.80749E-1 2.64001E-1 2.49868E-1 2.31244E-1 2.18025E-1 2.22591E-1 2.12008E-1 2.0638E-1 1.9425E-1 1.86976E-1 1.77997E-1 1.97082E-1 2.24496E-1 2.20159E-1 2.61209E-1 2.68982E-1 2.76301E-1 2.8504E-1 2.68707E-1 2.55436E-1 2.71763E-1 3.02291E-1 3.26313E-1 3.2367E-1 3.3384E-1 3.4237E-1 3.45621E-1 3.46966E-1 3.48157E-1 3.54732E-1 3.55749E-1 3.57795E-1 3.6315E-1 3.68556E-1 3.6267E-1 3.60663E-1 3.63921E-1 3.66451E-1 3.75127E-1 3.86589E-1 3.87866E-1 3.94051E-1 4.04634E-1 4.1306E-1 4.2149E-1 4.14122E-1 4.08282E-1 4.06522E-1
3.13594E-1 3.18953E-1 3.33795E-1 3.30509E-1 3.11555E-1 2.88194E-1 2.92557E-1 3.0011E-1 3.05863E-1 3.05825E-1 3.02873E-1 2.96424E-1 2.96464E-1 2.61607E-1 2.50842E-1 2.30347E-1 2.42355E-1 2.32752E-1 2.10618E-1 2.35614E-1 2.04131E-1 2.01812E-1 1.89555E-1 1.94631E-1 2.18688E-1 2.35578E-1 2.19096E-1 2.6755E-1 2.76635E-1 2.81753E-1 2.84928E-1 2.6248E-1 2.63804E-1 2.57406E-1 2.7654E-1 3.02573E-1 3.07053E-1 3.19622E-1 3.29322E-1 3.3997E-1 3.44102E-1 3.48368E-1 3.50167E-1 3.5322E-1 3.56344E-1 3.60774E-1 3.62181E-1 3.60997E-1 3.64265E-1 3.67959E-1 3.74108E-1 3.80783E-1 3.85936E-1 3.92351E-1 3.93195E-1 4.02159E-1 4.12172E-1 4.19347E-1 4.17403E-1 4.14188E-1 4.11175E-1
3.04522E-1 3.12607E-1 3.26994E-1 3.0704E-1 3.04358E-1 2.8076E-1 2.86651E-1 2.94087E-1 2.95127E-1 2.93988E-1 2.94438E-1 2.93161E-1 2.86228E-1 2.52917E-1 2.48851E-1 2.21442E-1 2.29086E-1 2.3032E-1 2.04788E-1 2.29351E-1 2.36323E-1 2.36288E-1 2.07465E-1 2.10284E-1 2.37556E-1 2.42891E-1 2.23966E-1 2.79063E-1 2.9113E-1 2.81058E-1 2.60638E-1 2.67997E-1 2.6955E-1 2.68918E-1 2.73606E-1 2.90299E-1 3.04258E-1 3.19136E-1 3.36216E-1 3.41943E-1 3.41716E-1 3.48152E-1 3.52256E-1 3.63354E-1 3.64141E-1 3.67895E-1 3.6686E-1 3.63087E-1 3.61794E-1 3.68583E-1 3.81157E-1 3.87853E-1 3.88382E-1 3.83008E-1 3.80513E-1 3.91469E-1 4.04609E-1 4.1273E-1 4.18668E-1 4.18107E-1 4.16485E-1
3.05652E-1 3.07724E-1 2.97424E-1 3.09484E-1 3.14723E-1 2.93116E-1 2.90031E-1 2.89351E-1 2.86763E-1 2.84474E-1 2.70617E-1 2.68964E-1 2.71457E-1 2.37528E-1 2.37107E-1 2.25862E-1 2.39907E-1 2.50867E-1 2.2421E-1 2.45513E-1 2.61429E-1 2.66004E-1 2.3622E-1 2.1992E-1 2.37908E-1 2.43484E-1 2.18939E-1 2.61958E-1 2.83253E-1 2.70313E-1 2.5955E-1 2.6338E-1 2.70422E-1 2.8044E-1 2.83009E-1 2.94689E-1 3.09644E-1 3.23885E-1 3.3301E-1 3.42293E-1 3.45354E-1 3.51229E-1 3.5626E-1 3.63735E-1 3.66685E-1 3.68818E-1 3.64896E-1 3.66702E-1 3.72308E-1 3.77357E-1 3.85538E-1 3.92856E-1 3.83767E-1 3.78916E-1 3.70503E-1 3.78855E-1 3.9123E-1 3.99978E-1 4.15814E-1 4.21613E-1 4.173E-1
3.03154E-1 2.96683E-1 2.76562E-1 2.74508E-1 2.95887E-1 2.9875E-1 2.85969E-1 2.87054E-1 2.83315E-1 2.75474E-1 2.69565E-1 2.53634E-1 2.52765E-1 2.24382E-1 2.13338E-1 2.15892E-1 2.20682E-1 2.53364E-1 2.55554E-1 2.63732E-1 2.72716E-1 2.65424E-1 2.60302E-1 2.56731E-1 2.52144E-1 2.35665E-1 2.42487E-1 2.64387E-1 2.84921E-1 2.82402E-1 2.6775E-1 2.67006E-1 2.66067E-1 2.76992E-1 2.9343E-1 2.99398E-1 3.16991E-1 3.28555E-1 3.33461E-1 3.39226E-1 3.40247E-1 3.44502E-1 3.52458E-1 3.6194E-1 3.68203E-1 3.68262E-1 3.70044E-1 3.74097E-1 3.79875E-1 3.83632E-1 3.91723E-1 3.92302E-1 3.88763E-1 3.8565E-1 3.82509E-1 3.78352E-1 3.81194E-1 3.96856E-1 4.11953E-1 4.20716E-1 4.14992E-1
2.92535E-1 3.00277E-1 2.79545E-1 2.54191E-1 2.71402E-1 2.93615E-1 2.88703E-1 2.88376E-1 2.86105E-1 2.80874E-1 2.6826E-1 2.51011E-1 2.28896E-1 2.21848E-1 2.10383E-1 2.15814E-1 2.44795E-1 2.52325E-1 2.52225E-1 2.63567E-1 2.77808E-1 2.78642E-1 2.80521E-1 2.50889E-1 2.39992E-1 2.54015E-1 2.76039E-1 2.67269E-1 2.70538E-1 2.74825E-1 2.78976E-1 2.9668E-1 2.81286E-1 2.85907E-1 3.03405E-1 3.26477E-1 3.29971E-1 3.28242E-1 3.35968E-1 3.32796E-1 3.42548E-1 3.47097E-1 3.50978E-1 3.57475E-1 3.67383E-1 3.74654E-1 3.73805E-1 3.81012E-1 3.82698E-1 3.84996E-1 3.86917E-1 3.94995E-1 3.96657E-1 3.95681E-1 3.91676E-1 3.84145E-1 3.85569E-1 3.93898E-1 4.03411E-1 4.0726E-1 4.05067E-1
