maxent_outputs/white_flowers_troch_bombus_environ/white_26.asc
ncols         426
nrows         180
xllcorner     -130.0
yllcorner     24.0
cellsize      0.16666666666666666
NODATA_value  -9999
[rows 135 to 161 of 180, columns 122 to 182 of 426]
1.18443E-1 1.24482E-1 1.29697E-1 9.95921E-2 5.66192E-2 6.32156E-2 9.0183E-2 8.71465E-2 1.04497E-1 1.11071E-1 1.10804E-1 1.14507E-1 1.28966E-1 1.18373E-1 1.13956E-1 1.10208E-1 9.84061E-2 9.24509E-2 8.83373E-2 7.97356E-2 9.80145E-2 1.11727E-1 9.22921E-2 8.42946E-2 6.90909E-2 7.37203E-2 7.84671E-2 7.17919E-2 8.46575E-2 1.24795E-1 9.89214E-2 1.08124E-1 1.33351E-1 1.62713E-1 1.80992E-1 2.02538E-1 2.18195E-1 2.19731E-1 2.22361E-1 2.26876E-1 2.33715E-1 2.52155E-1 2.7523E-1 3.06923E-1 2.98405E-1 2.80238E-1 2.74011E-1 2.73404E-1 2.72477E-1 2.79465E-1 2.93692E-1 3.14833E-1 3.35003E-1 3.56112E-1 3.83634E-1 4.01695E-1 3.95178E-1 3.95084E-1 4.02953E-1 4.13582E-1 4.36718E-1
1.37185E-1 1.4269E-1 1.77356E-1 1.32367E-1 7.94994E-2 5.70083E-2 9.22578E-2 8.86518E-2 9.87101E-2 1.13858E-1 1.08581E-1 9.45161E-2 1.31701E-1 1.38891E-1 1.30983E-1 1.23642E-1 1.0596E-1 9.81841E-2 8.57427E-2 7.15252E-2 7.45922E-2 9.40849E-2 1.1444E-1 1.08192E-1 9.7261E-2 7.9821E-2 7.9531E-2 6.94801E-2 8.33213E-2 1.32359E-1 1.20466E-1 1.12189E-1 1.47719E-1 1.68357E-1 1.92858E-1 2.15049E-1 2.30056E-1 2.21148E-1 2.18012E-1 2.29303E-1 2.37942E-1 2.70322E-1 2.95843E-1 3.2855E-1 3.09715E-1 3.06676E-1 3.02268E-1 2.88264E-1 2.82305E-1 2.87175E-1 2.90681E-1 2.98017E-1 3.19981E-1 3.57647E-1 3.80801E-1 3.82851E-1 3.71394E-1 3.83683E-1 3.67852E-1 3.78735E-1 4.06727E-1
1.56289E-1 1.97877E-1 2.12862E-1 1.04485E-1 5.12962E-2 7.95998E-2 9.2248E-2 9.92332E-2 1.11232E-1 1.1628E-1 1.123E-1 9.28729E-2 1.26263E-1 1.45907E-1 1.45125E-1 1.35111E-1 1.15578E-1 1.06908E-1 9.95145E-2 8.8491E-2 7.80432E-2 7.77E-2 7.72654E-2 1.16512E-1 1.3343E-1 1.04206E-1 9.78957E-2 9.77817E-2 1.15947E-1 1.39286E-1 1.33992E-1 1.07403E-1 1.27791E-1 1.48316E-1 1.91747E-1 2.14702E-1 2.28717E-1 2.16196E-1 2.16495E-1 2.25977E-1 2.39565E-1 2.72167E-1 3.11225E-1 3.41306E-1 3.62586E-1 3.41852E-1 2.98887E-1 2.93406E-1 2.73348E-1 2.84261E-1 2.77937E-1 2.95249E-1 3.08954E-1 3.35836E-1 3.49399E-1 3.52007E-1 3.45401E-1 3.55122E-1 3.53636E-1 3.64588E-1 3.83332E-1
1.50383E-1 1.64063E-1 2.49311E-1 1.15523E-1 8.68314E-2 9.6385E-2 9.43722E-2 9.62349E-2 1.07746E-1 1.13505E-1 1.07403E-1 7.60124E-2 1.0716E-1 1.41549E-1 1.42396E-1 1.36796E-1 1.21193E-1 1.13418E-1 1.20304E-1 1.1279E-1 9.69497E-2 7.99324E-2 7.3953E-2 8.75949E-2 1.30691E-1 1.60577E-1 1.55067E-1 1.08435E-1 1.24052E-1 1.4124E-1 1.34623E-1 1.20654E-1 9.66098E-2 1.08357E-1 1.84814E-1 2.11128E-1 2.20344E-1 2.07491E-1 2.11315E-1 2.16293E-1 2.43904E-1 2.68787E-1 2.9787E-1 3.36312E-1 3.56834E-1 3.49662E-1 3.69271E-1 3.23228E-1 3.08592E-1 3.136E-1 2.91682E-1 2.96578E-1 3.09359E-1 3.16888E-1 3.42205E-1 3.54025E-1 3.6299E-1 3.74853E-1 3.82E-1 3.86864E-1 3.9349E-1
1.39247E-1 2.24623E-1 2.26371E-1 2.20107E-1 1.05832E-1 9.22298E-2 9.26034E-2 9.55717E-2 9.18979E-2 9.69224E-2 9.97516E-2 7.36376E-2 9.55988E-2 1.18965E-1 1.28921E-1 1.3871E-1 1.05275E-1 1.19669E-1 1.19054E-1 1.156E-1 1.09144E-1 9.21351E-2 8.58796E-2 8.1443E-2 7.75249E-2 1.29978E-1 1.94145E-1 2.11615E-1 1.66642E-1 1.29136E-1 1.133E-1 1.21399E-1 8.14024E-2 7.52841E-2 1.09894E-1 1.40689E-1 1.78976E-1 1.95484E-1 1.99824E-1 2.07975E-1 2.11604E-1 2.41923E-1 2.72111E-1 2.72806E-1 2.90306E-1 3.21082E-1 3.69693E-1 3.83597E-1 3.51481E-1 3.44813E-1 3.31369E-1 3.32436E-1 3.56368E-1 3.59178E-1 3.56042E-1 3.67034E-1 3.80483E-1 3.82381E-1 3.73952E-1 3.79997E-1 4.09125E-1
1.36514E-1 3.03515E-1 1.53829E-1 1.30316E-1 1.89308E-1 9.40575E-2 4.75967E-2 6.46867E-2 7.58192E-2 8.59968E-2 9.50322E-2 7.03319E-2 8.32579E-2 1.22467E-1 1.22799E-1 1.2371E-1 1.3466E-1 1.25552E-1 1.25466E-1 1.30174E-1 1.16075E-1 1.08445E-1 1.05451E-1 1.10201E-1 9.75014E-2 1.03954E-1 1.60279E-1 1.82001E-1 2.1585E-1 1.61676E-1 9.78827E-2 9.93982E-2 8.99287E-2 7.45768E-2 1.00829E-1 1.27941E-1 1.53583E-1 1.92244E-1 1.89908E-1 1.83456E-1 1.90185E-1 2.21358E-1 2.48358E-1 2.83399E-1 3.22051E-1 3.51867E-1 3.7026E-1 3.96525E-1 3.80462E-1 3.67969E-1 3.57756E-1 3.81705E-1 3.99012E-1 3.99348E-1 3.98263E-1 3.81338E-1 3.88182E-1 3.98233E-1 4.04044E-1 4.15724E-1 4.50313E-1
1.71635E-1 3.61093E-1 2.48525E-1 1.13665E-1 2.26778E-1 1.29505E-1 4.8469E-2 3.48629E-2 4.90164E-2 7.57316E-2 9.39068E-2 8.36433E-2 1.01611E-1 1.28674E-1 1.25942E-1 1.21251E-1 1.21933E-1 1.20401E-1 1.28847E-1 1.22539E-1 1.08637E-1 1.04919E-1 9.66541E-2 1.18698E-1 1.27455E-1 1.23776E-1 1.58509E-1 1.60836E-1 1.9938E-1 2.11232E-1 9.89614E-2 9.13157E-2 1.04132E-1 9.07229E-2 9.85355E-2 1.29922E-1 1.54246E-1 1.6309E-1 1.38521E-1 1.31372E-1 1.6215E-1 2.03477E-1 2.38263E-1 2.88681E-1 3.33382E-1 3.67313E-1 3.9977E-1 4.27274E-1 4.1077E-1 4.05762E-1 4.10387E-1 4.19273E-1 4.49057E-1 4.42949E-1 4.26072E-1 4.17226E-1 4.18929E-1 4.15223E-1 4.18767E-1 4.20958E-1 4.08488E-1
1.85441E-1 3.5347E-1 3.2764E-1 1.61246E-1 2.07034E-1 1.03433E-1 3.47224E-2 2.52931E-2 3.70339E-2 6.66147E-2 7.87943E-2 9.27517E-2 1.13216E-1 1.27558E-1 1.21638E-1 1.10399E-1 1.22407E-1 1.18867E-1 1.10493E-1 1.02207E-1 9.16798E-2 9.6019E-2 1.05299E-1 1.28334E-1 1.36488E-1 1.28133E-1 1.65754E-1 1.63817E-1 1.65411E-1 2.33057E-1 1.70959E-1 9.3675E-2 9.714E-2 1.07101E-1 1.08436E-1 1.07043E-1 1.14334E-1 1.42041E-1 1.57515E-1 1.63614E-1 1.65496E-1 2.05072E-1 2.68227E-1 3.20216E-1 3.75939E-1 4.14789E-1 4.27893E-1 4.41356E-1 4.49664E-1 4.39238E-1 4.69276E-1 4.86627E-1 4.96229E-1 4.78628E-1 4.45281E-1 4.29798E-1 4.2813E-1 4.22307E-1 4.21621E-1 4.04083E-1 4.06683E-1
2.10612E-1 3.87682E-1 4.2645E-1 1.73129E-1 1.04384E-1 8.91569E-2 5.33201E-2 3.07603E-2 2.67705E-2 4.53819E-2 4.60475E-2 8.94266E-2 1.07112E-1 1.12094E-1 1.21385E-1 1.06951E-1 1.1861E-1 9.20418E-2 7.53202E-2 8.46782E-2 9.08325E-2 1.06808E-1 1.22048E-1 1.3401E-1 1.52328E-1 1.32156E-1 1.51818E-1 1.65519E-1 1.53867E-1 2.43682E-1 2.00297E-1 1.00957E-1 1.00834E-1 1.31611E-1 1.26177E-1 1.17339E-1 1.40685E-1 1.92789E-1 2.26067E-1 2.28276E-1 2.3125E-1 2.88642E-1 3.61387E-1 4.15305E-1 4.37397E-1 4.51922E-1 4.70698E-1 4.53069E-1 4.97301E-1 5.05502E-1 5.23909E-1 5.4942E-1 5.40417E-1 5.33453E-1 4.97075E-1 4.56556E-1 4.30602E-1 4.20963E-1 4.11199E-1 3.98741E-1 4.05576E-1
2.84341E-1 3.73063E-1 4.15672E-1 2.69041E-1 1.27136E-1 6.73677E-2 6.68077E-2 2.32639E-2 1.64586E-2 3.64704E-2 3.15186E-2 3.25313E-2 9.54525E-2 9.39716E-2 9.42839E-2 1.08027E-1 1.04689E-1 1.07514E-1 8.06581E-2 6.69887E-2 8.5928E-2 9.98531E-2 1.18549E-1 1.41153E-1 1.5218E-1 1.14608E-1 1.00813E-1 1.34734E-1 1.36074E-1 2.28601E-1 2.48957E-1 1.34882E-1 1.38999E-1 1.71043E-1 1.77487E-1 1.87191E-1 1.84812E-1 2.05063E-1 2.81981E-1 2.55975E-1 3.09645E-1 3.6573E-1 4.52592E-1 5.17736E-1 5.45516E-1 5.12879E-1 5.17887E-1 5.20885E-1 5.40771E-1 5.84751E-1 5.90955E-1 6.20509E-1 6.19277E-1 5.82546E-1 5.1979E-1 4.9752E-1 4.50383E-1 4.69745E-1 4.61438E-1 4.37337E-1 4.0615E-1
4.26941E-1 3.57149E-1 4.95092E-1 3.58953E-1 2.73503E-1 6.52388E-2 5.64086E-2 2.88867E-2 1.80886E-2 2.70765E-2 2.9434E-2 2.31606E-2 3.62333E-2 7.74374E-2 4.90615E-2 8.21948E-2 6.79484E-2 9.20034E-2 7.85186E-2 6.26036E-2 8.67313E-2 1.07082E-1 1.24836E-1 1.49885E-1 1.5263E-1 1.0971E-1 8.9555E-2 1.37989E-1 1.76747E-1 2.064E-1 3.35643E-1 2.85757E-1 2.26191E-1 2.32612E-1 2.04657E-1 2.16657E-1 2.12569E-1 2.30628E-1 3.03143E-1 3.92886E-1 4.0589E-1 4.46216E-1 5.20097E-1 5.33164E-1 5.42093E-1 5.77728E-1 5.74315E-1 5.85247E-1 5.95032E-1 6.36078E-1 6.37136E-1 6.45892E-1 6.60632E-1 6.18287E-1 5.74344E-1 5.41152E-1 4.99678E-1 5.4984E-1 5.05054E-1 5.12534E-1 4.95942E-1
4.81338E-1 3.97915E-1 4.68936E-1 4.20472E-1 3.71113E-1 2.51363E-1 7.61402E-2 2.59057E-2 2.99128E-2 1.8155E-2 1.75239E-2 2.14265E-2 2.06756E-2 5.89438E-2 3.4582E-2 6.40998E-2 3.68391E-2 4.05633E-2 6.94411E-2 8.21141E-2 9.85801E-2 1.32894E-1 1.57972E-1 1.66642E-1 1.52225E-1 1.00637E-1 1.07893E-1 1.71919E-1 2.60052E-1 2.51409E-1 3.23705E-1 3.69496E-1 3.72165E-1 2.64222E-1 1.8061E-1 2.24704E-1 2.7313E-1 2.74273E-1 3.47361E-1 3.78826E-1 4.84205E-1 5.33015E-1 4.0508E-1 4.17367E-1 4.79791E-1 5.19598E-1 5.32275E-1 5.63559E-1 5.81731E-1 6.38541E-1 6.85323E-1 6.90051E-1 7.04265E-1 6.86349E-1 6.62552E-1 5.97059E-1 5.79185E-1 5.83159E-1 5.68981E-1 5.61045E-1 5.65567E-1
5.16679E-1 3.66124E-1 5.30774E-1 4.91823E-1 4.90033E-1 3.2364E-1 1.15213E-1 7.19951E-2 3.96014E-2 2.0075E-2 1.893E-2 1.77492E-2 1.77064E-2 5.44607E-2 3.74354E-2 5.00796E-2 3.95573E-2 2.75166E-2 4.42638E-2 9.5473E-2 1.12686E-1 1.57553E-1 1.81433E-1 1.8755E-1 1.54905E-1 1.05053E-1 1.22507E-1 1.82392E-1 2.6823E-1 2.05351E-1 2.40718E-1 3.29504E-1 3.74169E-1 3.15408E-1 2.30932E-1 2.53219E-1 3.67888E-1 3.08735E-1 3.18645E-1 3.58079E-1 3.92807E-1 5.42424E-1 3.78094E-1 3.77321E-1 3.57739E-1 4.44222E-1 5.25456E-1 5.48033E-1 5.75993E-1 6.25239E-1 6.69313E-1 6.9712E-1 7.30821E-1 7.15946E-1 6.92313E-1 6.71726E-1 6.37944E-1 6.42498E-1 6.27704E-1 6.2892E-1 6.39528E-1
5.86945E-1 4.71528E-1 5.573E-1 4.15398E-1 4.18543E-1 2.31865E-1 1.938E-1 5.86718E-2 3.43262E-2 2.24995E-2 1.83649E-2 1.87002E-2 1.72066E-2 5.02968E-2 3.88617E-2 4.84745E-2 4.70456E-2 3.6384E-2 3.16228E-2 8.07438E-2 1.08348E-1 1.48848E-1 1.92047E-1 1.82416E-1 1.63686E-1 1.3841E-1 1.72596E-1 2.39245E-1 2.33695E-1 1.80516E-1 1.53597E-1 2.55158E-1 2.6623E-1 2.12054E-1 3.37714E-1 4.43955E-1 4.78525E-1 3.51353E-1 2.18405E-1 5.08848E-1 4.95532E-1 2.48224E-1 2.70455E-1 3.3254E-1 3.03731E-1 3.48141E-1 4.5895E-1 5.19587E-1 5.64242E-1 5.98319E-1 6.33189E-1 6.89218E-1 7.26745E-1 7.28475E-1 7.01798E-1 6.97208E-1 6.91052E-1 6.81561E-1 6.81912E-1 6.65303E-1 6.65181E-1
5.5016E-1 6.08862E-1 5.78596E-1 3.83815E-1 2.64472E-1 3.7297E-1 1.95032E-1 7.2437E-2 5.78345E-2 2.67083E-2 2.91291E-2 2.36504E-2 2.98856E-2 5.00772E-2 3.32417E-2 3.9835E-2 4.0516E-2 3.68869E-2 3.32283E-2 8.49866E-2 1.08402E-1 1.2597E-1 1.91759E-1 1.72291E-1 1.54847E-1 1.41195E-1 2.0527E-1 2.38088E-1 1.80079E-1 1.6674E-1 1.74074E-1 1.9581E-1 1.47907E-1 1.23092E-1 2.56081E-1 4.14567E-1 3.82146E-1 5.11275E-1 5.03108E-1 5.23767E-1 4.91226E-1 2.12377E-1 1.26108E-1 2.71649E-1 2.08965E-1 1.42688E-1 3.28403E-1 4.78173E-1 5.42452E-1 5.92165E-1 6.29583E-1 6.71839E-1 7.04602E-1 7.12478E-1 7.09428E-1 7.15546E-1 7.33824E-1 7.31533E-1 7.19967E-1 7.04992E-1 6.96935E-1
6.10283E-1 4.93964E-1 4.99308E-1 4.09983E-1 2.37964E-1 3.7789E-1 1.83863E-1 1.01492E-1 3.47464E-2 3.95631E-2 3.42228E-2 3.32111E-2 3.62136E-2 4.75835E-2 3.20272E-2 3.36676E-2 3.13599E-2 2.89733E-2 2.60815E-2 6.52086E-2 1.16452E-1 1.32489E-1 2.1107E-1 1.8818E-1 1.90361E-1 2.09091E-1 2.22067E-1 1.83895E-1 1.81084E-1 1.77367E-1 1.78709E-1 1.63587E-1 1.11836E-1 1.161E-1 1.99133E-1 2.59002E-1 3.59104E-1 4.73549E-1 5.38358E-1 3.69158E-1 3.74127E-1 3.19449E-1 1.15136E-1 1.80839E-1 1.80014E-1 1.6691E-1 2.93995E-1 3.44517E-1 4.79244E-1 5.55326E-1 6.08383E-1 6.44861E-1 6.79336E-1 7.11531E-1 7.23975E-1 7.35758E-1 7.52916E-1 7.64659E-1 7.55636E-1 7.45368E-1 7.3041E-1
7.66045E-1 4.65282E-1 3.96294E-1 3.58975E-1 1.69751E-1 2.45192E-1 1.24153E-1 8.33092E-2 2.42287E-2 5.29881E-2 4.75128E-2 3.32411E-2 3.3307E-2 2.7998E-2 3.89726E-2 4.52915E-2 4.53788E-2 3.27488E-2 3.11883E-2 4.91224E-2 1.04215E-1 1.79293E-1 2.10808E-1 2.23185E-1 2.33268E-1 2.19625E-1 1.62239E-1 1.39955E-1 1.82743E-1 1.90235E-1 1.87077E-1 1.71312E-1 1.41569E-1 1.2199E-1 1.47335E-1 1.49381E-1 2.14871E-1 3.77211E-1 4.27372E-1 3.96346E-1 3.14197E-1 2.55367E-1 1.85105E-1 2.04761E-1 2.69552E-1 2.25511E-1 3.56452E-1 3.94488E-1 4.38102E-1 5.46904E-1 5.9858E-1 6.27156E-1 6.62604E-1 6.93009E-1 7.31376E-1 7.43568E-1 7.67974E-1 7.78679E-1 7.87513E-1 7.76879E-1 7.57844E-1
8.41079E-1 6.31129E-1 3.52495E-1 3.41331E-1 1.52761E-1 1.93059E-1 8.24879E-2 7.55846E-2 2.75465E-2 2.57829E-2 4.25808E-2 2.91511E-2 3.21878E-2 3.68234E-2 2.96392E-2 3.18218E-2 4.59322E-2 4.76605E-2 5.39012E-2 4.40585E-2 9.03576E-2 1.53622E-1 1.32734E-1 2.0408E-1 2.3706E-1 2.38716E-1 1.60105E-1 1.39105E-1 1.53808E-1 1.62425E-1 1.49343E-1 1.5558E-1 1.55165E-1 1.50989E-1 1.46003E-1 1.34865E-1 1.32491E-1 2.4362E-1 3.47939E-1 3.58818E-1 3.43575E-1 2.65308E-1 1.28431E-1 1.37184E-1 1.81453E-1 3.917E-1 4.59967E-1 4.64199E-1 4.41571E-1 4.68524E-1 5.57353E-1 6.07348E-1 6.51712E-1 6.79414E-1 7.09638E-1 7.49258E-1 7.60237E-1 7.73992E-1 7.86725E-1 7.7919E-1 7.69444E-1
8.51068E-1 6.98975E-1 6.09045E-1 2.69255E-1 1.18719E-1 1.73582E-1 1.12117E-1 6.82191E-2 3.63617E-2 2.34818E-2 2.9692E-2 3.51306E-2 2.72804E-2 3.48257E-2 3.20009E-2 2.86478E-2 3.92254E-2 4.86326E-2 5.25196E-2 8.56545E-2 8.74619E-2 7.66863E-2 1.45916E-1 2.05422E-1 2.43682E-1 2.51658E-1 2.14753E-1 1.85779E-1 1.3837E-1 1.27097E-1 1.28823E-1 1.46862E-1 1.44537E-1 1.63736E-1 1.73757E-1 1.52497E-1 1.75558E-1 2.30804E-1 2.76576E-1 2.19401E-1 3.25205E-1 3.22042E-1 1.34711E-1 1.39365E-1 1.50194E-1 2.08324E-1 4.37934E-1 5.05377E-1 5.21184E-1 4.98423E-1 5.32488E-1 5.94911E-1 6.2789E-1 6.6689E-1 6.98779E-1 7.35948E-1 7.57959E-1 7.59625E-1 7.67675E-1 7.72088E-1 7.58604E-1
8.34698E-1 8.02075E-1 7.31831E-1 2.2862E-1 1.76642E-1 1.30873E-1 2.46166E-1 1.33576E-1 3.30552E-2 2.15954E-2 2.23426E-2 1.99349E-2 1.90243E-2 3.09246E-2 2.51941E-2 2.98264E-2 3.4237E-2 6.02435E-2 8.51374E-2 9.04171E-2 1.19342E-1 1.01884E-1 1.63941E-1 1.96858E-1 2.58729E-1 2.71579E-1 2.62807E-1 2.0422E-1 2.14872E-1 1.42635E-1 1.40038E-1 1.52E-1 1.4718E-1 1.5864E-1 1.82615E-1 1.64743E-1 1.69599E-1 1.93395E-1 2.61666E-1 1.20221E-1 2.49326E-1 2.43359E-1 2.09757E-1 1.38504E-1 1.79809E-1 2.08704E-1 4.05111E-1 5.12634E-1 5.56714E-1 5.76515E-1 5.8201E-1 5.9679E-1 6.19304E-1 6.57593E-1 6.95504E-1 7.37595E-1 7.53792E-1 7.54533E-1 7.61222E-1 7.60714E-1 7.38607E-1
8.45277E-1 7.94383E-1 7.14369E-1 3.32045E-1 2.63452E-1 4.21742E-1 4.14201E-1 3.77735E-1 7.12022E-2 2.91026E-2 2.08936E-2 1.7464E-2 1.71934E-2 2.07955E-2 2.30966E-2 2.87544E-2 3.24501E-2 5.88185E-2 7.39845E-2 1.00994E-1 1.39356E-1 1.36643E-1 1.76252E-1 2.47594E-1 2.63828E-1 2.53238E-1 2.63518E-1 2.30422E-1 2.19462E-1 1.90601E-1 1.94565E-1 1.87695E-1 1.9746E-1 2.11517E-1 2.1502E-1 1.9831E-1 2.02229E-1 2.27084E-1 2.88444E-1 1.71759E-1 1.617E-1 1.92847E-1 1.92021E-1 1.83006E-1 1.99978E-1 3.07654E-1 4.65011E-1 5.74962E-1 6.08595E-1 6.46948E-1 6.61002E-1 6.50888E-1 6.33746E-1 6.71072E-1 7.1569E-1 7.32167E-1 7.53557E-1 7.60222E-1 7.64103E-1 7.54829E-1 7.28933E-1
8.36401E-1 7.75979E-1 7.23397E-1 5.56047E-1 4.64302E-1 7.23952E-1 4.43956E-1 3.94529E-1 1.18946E-1 7.40327E-2 3.4988E-2 1.93397E-2 1.77938E-2 1.65533E-2 2.4436E-2 3.79041E-2 3.84346E-2 8.69727E-2 8.60519E-2 1.13592E-1 1.43896E-1 1.81768E-1 2.18806E-1 2.13733E-1 2.13121E-1 2.27683E-1 2.59111E-1 2.43714E-1 2.22694E-1 2.05533E-1 1.96653E-1 1.85349E-1 1.41686E-1 2.07933E-1 2.17412E-1 1.92394E-1 2.10986E-1 2.79396E-1 3.30595E-1 2.94609E-1 2.60997E-1 1.78623E-1 2.16803E-1 1.85203E-1 1.90367E-1 2.70738E-1 2.47793E-1 5.04402E-1 6.60605E-1 7.20799E-1 7.39486E-1 7.18229E-1 6.98656E-1 6.84152E-1 7.32387E-1 7.43781E-1 7.53813E-1 7.60797E-1 7.65387E-1 7.52472E-1 7.45368E-1
8.26949E-1 7.88512E-1 7.85429E-1 7.37046E-1 7.26312E-1 7.14865E-1 2.18552E-1 2.64125E-1 1.85317E-1 1.42197E-1 5.51905E-2 2.51459E-2 2.43849E-2 2.37641E-2 3.00218E-2 4.37501E-2 2.73108E-2 5.71635E-2 8.38378E-2 8.3073E-2 1.47007E-1 1.53445E-1 1.55157E-1 1.8642E-1 1.98422E-1 1.90875E-1 2.29845E-1 2.44961E-1 1.96736E-1 2.0489E-1 1.79494E-1 1.78339E-1 1.44814E-1 1.84333E-1 2.04101E-1 2.32676E-1 2.23475E-1 2.93281E-1 3.11511E-1 3.07886E-1 3.09007E-1 1.6221E-1 1.87971E-1 2.3225E-1 1.86646E-1 2.37499E-1 3.37322E-1 4.49209E-1 5.21151E-1 6.78606E-1 7.44721E-1 7.44142E-1 7.33196E-1 7.34435E-1 7.50446E-1 7.52947E-1 7.7094E-1 7.70378E-1 7.69233E-1 7.70345E-1 7.6569E-1
8.44042E-1 8.25778E-1 8.28444E-1 7.91769E-1 8.53129E-1 6.82878E-1 5.38089E-1 6.90874E-1 2.08402E-1 7.47127E-2 7.05825E-2 7.62085E-2 3.54389E-2 3.3173E-2 4.20353E-2 4.5039E-2 5.2568E-2 8.07774E-2 9.6336E-2 9.49181E-2 1.26196E-1 1.30946E-1 2.06654E-1 2.34128E-1 2.56742E-1 2.59089E-1 2.0712E-1 2.18997E-1 2.12515E-1 2.0995E-1 1.42443E-1 1.5979E-1 2.04882E-1 2.19668E-1 1.99393E-1 2.74113E-1 2.53393E-1 2.68909E-1 2.87623E-1 2.88334E-1 3.07539E-1 1.36508E-1 1.3309E-1 2.38139E-1 2.03767E-1 2.40981E-1 3.65685E-1 5.53463E-1 6.09441E-1 7.05056E-1 7.43764E-1 7.5363E-1 7.48167E-1 7.44364E-1 7.49052E-1 7.64405E-1 7.68831E-1 7.70966E-1 7.66392E-1 7.79527E-1 7.98413E-1
8.57124E-1 8.47674E-1 8.5148E-1 8.63186E-1 8.87051E-1 8.3851E-1 7.25618E-1 7.46677E-1 4.32168E-1 1.91432E-1 8.81047E-2 1.44326E-1 7.55831E-2 5.25525E-2 3.61367E-2 3.04244E-2 4.47129E-2 8.95674E-2 6.71398E-2 1.3188E-1 1.84192E-1 2.00113E-1 2.07866E-1 1.91923E-1 2.00333E-1 2.131E-1 1.87653E-1 1.90483E-1 2.12467E-1 1.71904E-1 1.63297E-1 1.48033E-1 2.16915E-1 2.02746E-1 2.95822E-1 2.87971E-1 2.98386E-1 3.23857E-1 3.2656E-1 3.09721E-1 3.127E-1 1.8978E-1 1.06223E-1 2.63975E-1 3.21795E-1 3.02377E-1 2.56513E-1 5.38678E-1 6.88539E-1 7.11179E-1 7.46131E-1 7.56454E-1 7.55158E-1 7.58439E-1 7.56628E-1 7.78354E-1 7.77296E-1 7.83045E-1 7.69421E-1 7.75909E-1 7.9989E-1
8.60546E-1 8.60793E-1 8.71115E-1 8.75271E-1 8.95777E-1 8.06214E-1 4.84469E-1 7.33092E-1 3.78889E-1 1.49469E-1 4.03277E-1 1.81499E-1 6.73788E-2 4.4359E-2 4.48039E-2 3.70926E-2 4.01223E-2 6.32289E-2 4.20283E-2 1.3213E-1 1.57219E-1 1.41317E-1 1.72808E-1 1.20772E-1 1.27067E-1 1.50147E-1 1.81852E-1 1.7713E-1 1.84624E-1 1.79956E-1 1.44374E-1 1.72589E-1 1.89348E-1 1.29091E-1 2.88597E-1 2.3621E-1 3.25764E-1 3.49316E-1 3.3466E-1 3.57804E-1 3.48727E-1 2.37411E-1 1.4573E-1 2.87047E-1 3.98968E-1 2.48372E-1 2.65544E-1 5.82949E-1 7.17404E-1 7.4709E-1 7.62146E-1 7.36797E-1 7.29963E-1 7.59841E-1 7.85119E-1 7.90939E-1 7.88116E-1 7.92495E-1 7.96558E-1 7.9673E-1 7.9931E-1
8.48683E-1 8.58178E-1 8.75757E-1 8.78226E-1 8.90301E-1 8.61563E-1 7.32131E-1 8.03974E-1 6.51457E-1 3.98598E-1 5.94205E-1 5.95469E-1 1.59719E-1 6.73978E-2 3.57213E-2 3.44142E-2 3.53129E-2 4.35091E-2 4.28531E-2 1.22216E-1 1.37177E-1 9.57021E-2 1.27242E-1 1.1104E-1 1.18554E-1 1.36366E-1 1.75157E-1 1.80908E-1 1.83125E-1 1.74566E-1 1.56184E-1 1.99608E-1 1.88303E-1 2.53158E-1 3.29379E-1 3.64955E-1 3.85868E-1 3.63008E-1 3.14639E-1 3.52484E-1 3.2949E-1 2.52676E-1 1.33248E-1 1.39241E-1 3.0477E-1 3.86629E-1 3.88755E-1 6.36877E-1 7.188E-1 7.39577E-1 7.6644E-1 6.78324E-1 6.47343E-1 7.17875E-1 7.8974E-1 7.7844E-1 7.8422E-1 8.00437E-1 8.0639E-1 8.04093E-1 8.06285E-1
