maxent_outputs/white_flowers_troch_bombus_environ/white_125.asc
ncols         426
nrows         180
xllcorner     -130.0
yllcorner     24.0
cellsize      0.16666666666666666
NODATA_value  -9999
[rows 54 to 80 of 180, columns 244 to 304 of 426]
4.6679E-1 4.70536E-1 4.91064E-1 4.9489E-1 5.09416E-1 5.07929E-1 5.14785E-1 5.35102E-1 5.50246E-1 6.22183E-1 6.35172E-1 6.22611E-1 5.9631E-1 6.7598E-1 6.79143E-1 6.81856E-1 6.81197E-1 6.82158E-1 6.85966E-1 6.6126E-1 6.26331E-1 6.05848E-1 6.01343E-1 5.94585E-1 5.82152E-1 5.42701E-1 5.33593E-1 5.47152E-1 5.38947E-1 5.34724E-1 5.36655E-1 5.46351E-1 5.50915E-1 5.66054E-1 5.79832E-1 6.16397E-1 6.91152E-1 7.15341E-1 7.22095E-1 7.30201E-1 7.36528E-1 7.4549E-1 7.51172E-1 7.56682E-1 7.59636E-1 7.61709E-1 7.67889E-1 7.36343E-1 6.98647E-1 7.21102E-1 7.48587E-1 7.82309E-1 7.8623E-1 7.86928E-1 7.59084E-1 7.44382E-1 7.0062E-1 6.78631E-1 6.63524E-1 6.6506E-1 6.41413E-1
4.82268E-1 4.89325E-1 4.92297E-1 4.97198E-1 5.061E-1 5.16951E-1 5.24202E-1 5.42822E-1 5.86721E-1 6.22122E-1 5.83188E-1 5.83663E-1 6.54444E-1 6.83337E-1 6.85829E-1 6.83511E-1 6.84422E-1 6.87498E-1 6.85786E-1 6.34647E-1 5.93818E-1 5.78714E-1 5.78313E-1 5.68562E-1 5.5285E-1 5.28377E-1 5.32847E-1 5.37955E-1 5.25952E-1 5.26388E-1 5.25059E-1 5.26632E-1 5.3792E-1 5.59932E-1 5.8922E-1 5.95853E-1 6.524E-1 7.18513E-1 7.2619E-1 7.34082E-1 7.42393E-1 7.50061E-1 7.53149E-1 7.56505E-1 7.59835E-1 7.66603E-1 7.71573E-1 7.65756E-1 7.08231E-1 7.09767E-1 7.37265E-1 7.56319E-1 7.70369E-1 7.9134E-1 7.72813E-1 7.12849E-1 6.81762E-1 6.74475E-1 6.54505E-1 6.56655E-1 6.52097E-1
4.87074E-1 5.02171E-1 5.00723E-1 5.07885E-1 5.21194E-1 5.20023E-1 5.21821E-1 5.43021E-1 5.70964E-1 5.6356E-1 5.80374E-1 6.28086E-1 6.84321E-1 6.9046E-1 6.866E-1 6.84606E-1 6.82165E-1 6.85699E-1 6.67734E-1 6.05588E-1 5.85137E-1 5.69048E-1 5.45229E-1 5.43556E-1 5.32355E-1 5.33656E-1 5.2672E-1 5.32342E-1 5.27405E-1 5.28215E-1 5.19936E-1 5.26011E-1 5.47718E-1 5.6249E-1 5.7824E-1 5.97299E-1 6.72523E-1 7.18266E-1 7.2709E-1 7.35628E-1 7.44911E-1 7.51646E-1 7.58453E-1 7.61813E-1 7.65999E-1 7.68242E-1 7.70158E-1 7.55425E-1 7.0112E-1 6.94679E-1 7.00948E-1 6.93329E-1 6.93219E-1 7.37516E-1 7.60799E-1 7.51125E-1 6.66873E-1 6.51634E-1 6.46237E-1 6.7982E-1 6.86449E-1
4.90084E-1 5.04112E-1 5.09113E-1 5.10986E-1 5.17134E-1 5.19032E-1 5.20923E-1 5.30306E-1 5.37994E-1 5.60054E-1 5.8683E-1 6.71302E-1 6.89316E-1 6.90011E-1 6.89609E-1 6.86691E-1 6.87375E-1 6.89562E-1 6.48473E-1 5.87641E-1 5.74576E-1 5.62011E-1 5.54913E-1 5.32146E-1 5.27276E-1 5.25244E-1 5.28511E-1 5.53464E-1 5.31517E-1 5.26653E-1 5.25613E-1 5.38242E-1 5.51408E-1 5.61779E-1 5.81981E-1 6.05715E-1 6.7344E-1 7.1846E-1 7.28874E-1 7.37618E-1 7.45153E-1 7.56441E-1 7.6356E-1 7.69051E-1 7.74071E-1 7.78255E-1 7.59539E-1 6.96334E-1 6.79684E-1 6.83805E-1 6.94872E-1 6.84496E-1 6.70931E-1 6.78446E-1 6.91368E-1 6.74225E-1 6.5685E-1 6.37234E-1 6.54573E-1 7.10991E-1 6.99232E-1
4.94561E-1 5.09111E-1 5.14718E-1 5.11535E-1 5.14154E-1 5.29991E-1 5.3223E-1 5.32025E-1 5.50903E-1 5.68748E-1 5.89452E-1 6.81265E-1 6.92144E-1 6.96543E-1 6.92825E-1 6.91335E-1 6.90895E-1 6.80446E-1 6.19264E-1 5.95079E-1 5.83793E-1 5.66651E-1 5.40397E-1 5.25849E-1 5.20662E-1 5.13922E-1 5.26066E-1 5.38491E-1 5.32787E-1 5.29029E-1 5.3119E-1 5.40816E-1 5.48773E-1 5.64231E-1 5.94059E-1 6.55882E-1 6.98722E-1 7.16219E-1 7.26717E-1 7.36458E-1 7.45751E-1 7.55876E-1 7.67743E-1 7.74133E-1 7.79363E-1 7.71068E-1 7.22743E-1 6.72154E-1 6.7754E-1 6.84082E-1 6.99319E-1 6.98254E-1 6.77589E-1 6.7036E-1 6.65163E-1 6.65303E-1 6.51068E-1 6.358E-1 6.49054E-1 6.64872E-1 6.50506E-1
4.99236E-1 5.13615E-1 5.24258E-1 5.23737E-1 5.1911E-1 5.60616E-1 5.38641E-1 5.42745E-1 5.5499E-1 5.72848E-1 6.33082E-1 6.92486E-1 6.98961E-1 6.99169E-1 6.96457E-1 6.93968E-1 6.87662E-1 6.39609E-1 5.97158E-1 5.91622E-1 5.81244E-1 5.65194E-1 5.50421E-1 5.30315E-1 5.27194E-1 5.26076E-1 5.34009E-1 5.41008E-1 5.40246E-1 5.39876E-1 5.44292E-1 5.48705E-1 5.58106E-1 5.78371E-1 6.25186E-1 6.83323E-1 6.89816E-1 6.83536E-1 6.8039E-1 7.13336E-1 7.47519E-1 7.56775E-1 7.68671E-1 7.78331E-1 7.73578E-1 7.49928E-1 6.94065E-1 6.77995E-1 6.83937E-1 6.95386E-1 6.87784E-1 6.76761E-1 6.70766E-1 6.57505E-1 6.3988E-1 6.4261E-1 6.4615E-1 6.34826E-1 6.35431E-1 6.39368E-1 6.40312E-1
5.05032E-1 5.1541E-1 5.17653E-1 5.18314E-1 5.15008E-1 5.48291E-1 5.3955E-1 5.48582E-1 5.63568E-1 6.02385E-1 6.8914E-1 6.94832E-1 6.9624E-1 6.95428E-1 6.95969E-1 6.93549E-1 6.92788E-1 6.32104E-1 5.9647E-1 5.92826E-1 5.82435E-1 5.72648E-1 5.58742E-1 5.48056E-1 5.43291E-1 5.50005E-1 5.53122E-1 5.50048E-1 5.51667E-1 5.54476E-1 5.59958E-1 5.62044E-1 5.75152E-1 6.32167E-1 6.47713E-1 6.33235E-1 6.06101E-1 6.11436E-1 6.24728E-1 6.47593E-1 7.28788E-1 7.55298E-1 7.66585E-1 7.76537E-1 7.78919E-1 7.42853E-1 6.98495E-1 6.80814E-1 6.86012E-1 6.94853E-1 6.82993E-1 6.67148E-1 6.52409E-1 6.33244E-1 6.16238E-1 6.31618E-1 6.45492E-1 6.42851E-1 6.43349E-1 6.51539E-1 6.52834E-1
5.14748E-1 5.20502E-1 5.10443E-1 5.13565E-1 5.2002E-1 5.20036E-1 5.32905E-1 5.46682E-1 5.55647E-1 5.88605E-1 6.85808E-1 6.94425E-1 6.93623E-1 6.97165E-1 6.95361E-1 6.97339E-1 6.84929E-1 6.25936E-1 5.93591E-1 5.88675E-1 5.90949E-1 5.81272E-1 5.76248E-1 5.69189E-1 5.64151E-1 5.54789E-1 5.58684E-1 5.55754E-1 5.61916E-1 5.69032E-1 5.69499E-1 5.65106E-1 5.90555E-1 6.40023E-1 6.19321E-1 5.74548E-1 5.73722E-1 5.9646E-1 6.1199E-1 6.28198E-1 6.95954E-1 7.48479E-1 7.63683E-1 7.75364E-1 7.78992E-1 7.47948E-1 7.03351E-1 6.80003E-1 6.85219E-1 6.87809E-1 6.75582E-1 6.6541E-1 6.45294E-1 6.29251E-1 6.24879E-1 6.38366E-1 6.56611E-1 6.49818E-1 6.62713E-1 6.74947E-1 6.813E-1
5.18327E-1 5.17237E-1 5.1263E-1 5.0895E-1 5.16835E-1 5.14123E-1 5.26676E-1 5.41603E-1 5.5466E-1 6.2417E-1 6.90825E-1 6.96341E-1 6.9774E-1 6.97261E-1 6.96537E-1 6.97002E-1 6.73771E-1 6.06389E-1 5.886E-1 5.88223E-1 5.90567E-1 5.86433E-1 5.89304E-1 5.79543E-1 5.71382E-1 5.67327E-1 5.69903E-1 5.6894E-1 5.76441E-1 5.77712E-1 5.69104E-1 5.59813E-1 5.68952E-1 5.69331E-1 5.5794E-1 5.48226E-1 5.64946E-1 5.89535E-1 6.036E-1 6.14007E-1 6.78466E-1 7.43475E-1 7.57015E-1 7.68991E-1 7.72912E-1 7.54119E-1 7.04427E-1 6.88528E-1 6.8508E-1 6.78227E-1 6.60643E-1 6.58855E-1 6.57638E-1 6.48131E-1 6.48123E-1 6.56122E-1 6.70922E-1 6.72682E-1 7.03579E-1 7.47824E-1 7.61216E-1
5.13219E-1 5.19497E-1 5.21384E-1 5.1139E-1 5.13923E-1 5.16977E-1 5.24871E-1 5.38382E-1 5.64316E-1 6.75624E-1 6.93057E-1 6.94921E-1 6.97798E-1 6.97399E-1 6.96447E-1 6.96497E-1 6.95134E-1 6.42364E-1 6.09444E-1 5.98178E-1 5.89508E-1 5.93553E-1 5.94019E-1 5.75704E-1 5.69403E-1 5.68451E-1 5.75621E-1 5.70875E-1 5.66988E-1 5.54395E-1 5.59141E-1 5.6479E-1 5.66417E-1 5.53596E-1 5.5133E-1 5.59829E-1 5.6989E-1 5.81245E-1 5.88241E-1 6.03457E-1 6.39779E-1 7.34142E-1 7.52964E-1 7.62598E-1 7.68729E-1 7.385E-1 6.76792E-1 6.7042E-1 6.77223E-1 6.77996E-1 6.67412E-1 6.61031E-1 6.51054E-1 6.45682E-1 6.49734E-1 6.72432E-1 6.88516E-1 7.14589E-1 7.77959E-1 7.82248E-1 7.78972E-1
5.05301E-1 5.16209E-1 5.28189E-1 5.26593E-1 5.2676E-1 5.29723E-1 5.31162E-1 5.44518E-1 5.81351E-1 6.91788E-1 6.98125E-1 6.99983E-1 7.00595E-1 6.98347E-1 6.98719E-1 6.99581E-1 6.97896E-1 6.75143E-1 6.24505E-1 6.01255E-1 5.8702E-1 5.83987E-1 5.84605E-1 5.84518E-1 5.78599E-1 5.77256E-1 5.7574E-1 5.70969E-1 5.65801E-1 5.64639E-1 5.67466E-1 5.66687E-1 5.66522E-1 5.62529E-1 5.59668E-1 5.63415E-1 5.70426E-1 5.80083E-1 5.89979E-1 6.03764E-1 6.3137E-1 7.30506E-1 7.49678E-1 7.47622E-1 7.19531E-1 6.90409E-1 6.80948E-1 6.7578E-1 6.80509E-1 6.82742E-1 6.7614E-1 6.71827E-1 6.60507E-1 6.45111E-1 6.48237E-1 6.75027E-1 7.00475E-1 7.26728E-1 7.53309E-1 7.58045E-1 7.4529E-1
5.07168E-1 5.16428E-1 5.24582E-1 5.24921E-1 5.29167E-1 5.39662E-1 5.46765E-1 5.65361E-1 5.80121E-1 6.99367E-1 7.06309E-1 7.07187E-1 7.05953E-1 7.02793E-1 6.99907E-1 6.98143E-1 6.97085E-1 6.9355E-1 6.46285E-1 6.09437E-1 5.9354E-1 5.93961E-1 5.99264E-1 5.94664E-1 5.9002E-1 5.86716E-1 5.80865E-1 5.78404E-1 5.7352E-1 5.7108E-1 5.67921E-1 5.69687E-1 5.70243E-1 5.76433E-1 5.74109E-1 5.80174E-1 5.88117E-1 5.92918E-1 5.97339E-1 6.10597E-1 6.30519E-1 6.94496E-1 7.18698E-1 6.85012E-1 6.75425E-1 6.87998E-1 6.97385E-1 6.9124E-1 6.93481E-1 6.92117E-1 6.8444E-1 6.79942E-1 6.77591E-1 6.69261E-1 6.61277E-1 6.76443E-1 6.89856E-1 6.90267E-1 6.94818E-1 6.99043E-1 6.99826E-1
5.15266E-1 5.2061E-1 5.25546E-1 5.23738E-1 5.31884E-1 5.38589E-1 5.51272E-1 5.69874E-1 5.84275E-1 6.91927E-1 7.0913E-1 7.10683E-1 7.10978E-1 7.10009E-1 7.06611E-1 7.0277E-1 7.01406E-1 6.97302E-1 6.70494E-1 6.13642E-1 6.07269E-1 6.11734E-1 6.08295E-1 6.05432E-1 5.96219E-1 5.91861E-1 5.91126E-1 5.84181E-1 5.81356E-1 5.82957E-1 5.82392E-1 5.83467E-1 5.82435E-1 5.91497E-1 5.93659E-1 5.94694E-1 5.96187E-1 6.07383E-1 6.15301E-1 6.24157E-1 6.40289E-1 6.5077E-1 6.50358E-1 6.6199E-1 6.73031E-1 6.86541E-1 6.93516E-1 6.9742E-1 6.98667E-1 6.92407E-1 6.87677E-1 6.85212E-1 6.81199E-1 6.83842E-1 6.87218E-1 6.89336E-1 6.93318E-1 7.01345E-1 7.05365E-1 7.07961E-1 7.04545E-1
5.15821E-1 5.22118E-1 5.24501E-1 5.29063E-1 5.36979E-1 5.42634E-1 5.52869E-1 5.66108E-1 5.84398E-1 6.59293E-1 7.10829E-1 7.15716E-1 7.14832E-1 7.13786E-1 7.11158E-1 7.09665E-1 7.05926E-1 7.04406E-1 6.82071E-1 6.20472E-1 6.12368E-1 6.16232E-1 6.10171E-1 6.05525E-1 5.93477E-1 5.93048E-1 5.9079E-1 5.90253E-1 5.94979E-1 5.97219E-1 5.9443E-1 5.90514E-1 5.96758E-1 6.05746E-1 6.0382E-1 6.05185E-1 6.05352E-1 6.23865E-1 6.37038E-1 6.43216E-1 6.54844E-1 6.54447E-1 6.50849E-1 6.59995E-1 6.73132E-1 6.87511E-1 6.94952E-1 6.97699E-1 6.9899E-1 6.97648E-1 6.97186E-1 6.94867E-1 6.9168E-1 7.01049E-1 7.32285E-1 7.56997E-1 7.61534E-1 7.71692E-1 7.70976E-1 7.64855E-1 7.582E-1
5.19827E-1 5.25461E-1 5.27407E-1 5.34565E-1 5.45133E-1 5.56589E-1 5.55326E-1 5.74654E-1 5.87786E-1 6.82332E-1 7.15304E-1 7.20575E-1 7.19653E-1 7.18434E-1 7.14257E-1 7.12569E-1 7.1123E-1 7.07958E-1 6.72348E-1 6.32194E-1 6.37556E-1 6.2816E-1 6.16037E-1 6.20904E-1 6.03282E-1 5.9591E-1 5.92923E-1 5.88635E-1 5.91577E-1 5.87361E-1 5.87878E-1 5.95948E-1 6.04718E-1 6.08966E-1 6.15686E-1 6.21736E-1 6.228E-1 6.39952E-1 6.55939E-1 6.96275E-1 6.93978E-1 6.66824E-1 6.51753E-1 6.59206E-1 6.75883E-1 6.86948E-1 7.02983E-1 7.47052E-1 7.66952E-1 7.66799E-1 7.61788E-1 7.50633E-1 7.31829E-1 7.37811E-1 7.56817E-1 7.65976E-1 7.79847E-1 7.77185E-1 7.71962E-1 7.61882E-1 7.3483E-1
5.27715E-1 5.35482E-1 5.34995E-1 5.39441E-1 5.44566E-1 5.57387E-1 5.66116E-1 5.83025E-1 5.89512E-1 6.77306E-1 7.20085E-1 7.26402E-1 7.25372E-1 7.23345E-1 7.21596E-1 7.19193E-1 7.16297E-1 7.09387E-1 6.53706E-1 6.28224E-1 6.3252E-1 6.29584E-1 6.20548E-1 6.17897E-1 6.1243E-1 6.09871E-1 6.04938E-1 5.9573E-1 5.92757E-1 5.84914E-1 5.92147E-1 6.06933E-1 6.18901E-1 6.2823E-1 6.25906E-1 6.28327E-1 6.45083E-1 6.58022E-1 6.75266E-1 7.31927E-1 7.23712E-1 6.86355E-1 6.65043E-1 6.72786E-1 6.87033E-1 7.16248E-1 7.71836E-1 7.86231E-1 7.82748E-1 7.82534E-1 7.80479E-1 7.81863E-1 7.83928E-1 7.83356E-1 7.84156E-1 7.78878E-1 7.79843E-1 7.70005E-1 7.48139E-1 7.03133E-1 6.75869E-1
5.30906E-1 5.35586E-1 5.36498E-1 5.41451E-1 5.44972E-1 5.53102E-1 5.69175E-1 5.77682E-1 5.94824E-1 6.73841E-1 7.19206E-1 7.27521E-1 7.30626E-1 7.28789E-1 7.26466E-1 7.24855E-1 7.18293E-1 6.80736E-1 6.34416E-1 6.25777E-1 6.25352E-1 6.23156E-1 6.21417E-1 6.23542E-1 6.2127E-1 6.20804E-1 6.08827E-1 5.98672E-1 5.94571E-1 5.93066E-1 5.98666E-1 6.03677E-1 6.1901E-1 6.36448E-1 6.40152E-1 6.4024E-1 6.52622E-1 6.7003E-1 6.67314E-1 6.7283E-1 6.77262E-1 6.74346E-1 6.81589E-1 7.22814E-1 7.54763E-1 7.83682E-1 7.8509E-1 7.83538E-1 7.80429E-1 7.80409E-1 7.80124E-1 7.82948E-1 7.81938E-1 7.79462E-1 7.78288E-1 7.68521E-1 7.40346E-1 7.0227E-1 6.89104E-1 6.8469E-1 6.72727E-1
5.36207E-1 5.35944E-1 5.40771E-1 5.437E-1 5.45836E-1 5.53206E-1 5.6996E-1 5.78459E-1 5.85417E-1 6.20081E-1 7.02601E-1 7.28274E-1 7.34414E-1 7.32618E-1 7.32083E-1 7.28479E-1 7.02008E-1 6.3578E-1 6.28223E-1 6.26535E-1 6.26466E-1 6.30546E-1 6.27006E-1 6.25694E-1 6.25723E-1 6.22543E-1 6.12293E-1 6.02327E-1 5.95236E-1 5.97163E-1 6.04959E-1 6.14567E-1 6.19714E-1 6.25942E-1 6.36279E-1 6.47179E-1 6.632E-1 6.8138E-1 6.71599E-1 6.82401E-1 6.8962E-1 7.23685E-1 7.64538E-1 7.78796E-1 7.8185E-1 7.82105E-1 7.8201E-1 7.80306E-1 7.7904E-1 7.7853E-1 7.79199E-1 7.80965E-1 7.78665E-1 7.61704E-1 7.29236E-1 6.99466E-1 6.9257E-1 6.90619E-1 6.86237E-1 6.90102E-1 6.70309E-1
5.37408E-1 5.39291E-1 5.43208E-1 5.45291E-1 5.51163E-1 5.61966E-1 5.76307E-1 5.83667E-1 5.93876E-1 6.06817E-1 6.76265E-1 7.19145E-1 7.24798E-1 7.28023E-1 7.27455E-1 7.23287E-1 6.68893E-1 6.46124E-1 6.41274E-1 6.41626E-1 6.42483E-1 6.36041E-1 6.21218E-1 6.25652E-1 6.24931E-1 6.20869E-1 6.1881E-1 6.07931E-1 6.02301E-1 6.00672E-1 6.08215E-1 6.13289E-1 6.16525E-1 6.21988E-1 6.31604E-1 6.44113E-1 6.95245E-1 7.33846E-1 7.22255E-1 7.42092E-1 7.44318E-1 7.68373E-1 7.74933E-1 7.7727E-1 7.79995E-1 7.80181E-1 7.77896E-1 7.75307E-1 7.7605E-1 7.73781E-1 7.59047E-1 7.36374E-1 7.11931E-1 7.07663E-1 6.94806E-1 6.88491E-1 6.88724E-1 6.8651E-1 6.82369E-1 6.78074E-1 6.64707E-1
5.38188E-1 5.42103E-1 5.4703E-1 5.51592E-1 5.61958E-1 5.72139E-1 5.7989E-1 5.95807E-1 6.12622E-1 6.11471E-1 6.26961E-1 6.75558E-1 7.03821E-1 6.90592E-1 6.70665E-1 6.55658E-1 6.41277E-1 6.38309E-1 6.45286E-1 6.42716E-1 6.3492E-1 6.29578E-1 6.24793E-1 6.27116E-1 6.25906E-1 6.24035E-1 6.19238E-1 6.13595E-1 6.12342E-1 6.10333E-1 6.09577E-1 6.08247E-1 6.11369E-1 6.21086E-1 6.33261E-1 6.55321E-1 6.99373E-1 7.27569E-1 7.31935E-1 7.3009E-1 7.45915E-1 7.58454E-1 7.65815E-1 7.7001E-1 7.72079E-1 7.74671E-1 7.7212E-1 7.43217E-1 7.28386E-1 7.17041E-1 6.99901E-1 6.87861E-1 6.79922E-1 6.79702E-1 6.80066E-1 6.78509E-1 6.81162E-1 6.76457E-1 6.7398E-1 6.70728E-1 6.64136E-1
5.42307E-1 5.46421E-1 5.52537E-1 5.61912E-1 5.69894E-1 5.74519E-1 5.84427E-1 5.96282E-1 5.96165E-1 6.04925E-1 6.1224E-1 6.13094E-1 6.16853E-1 6.21039E-1 6.19967E-1 6.21937E-1 6.27917E-1 6.28266E-1 6.36128E-1 6.32643E-1 6.25108E-1 6.2077E-1 6.20398E-1 6.27067E-1 6.25317E-1 6.20091E-1 6.16536E-1 6.16612E-1 6.18605E-1 6.15836E-1 6.13328E-1 6.09356E-1 6.14683E-1 6.23005E-1 6.26698E-1 6.21595E-1 6.32043E-1 6.61887E-1 6.90844E-1 6.88314E-1 7.31424E-1 7.41556E-1 7.48283E-1 7.46362E-1 7.50767E-1 7.56107E-1 7.32361E-1 7.10755E-1 7.09906E-1 6.94539E-1 6.84152E-1 6.72357E-1 6.67933E-1 6.691E-1 6.66946E-1 6.67738E-1 6.66647E-1 6.64774E-1 6.68168E-1 6.6712E-1 6.63213E-1
5.54721E-1 5.5719E-1 5.61734E-1 5.73689E-1 5.76125E-1 5.86413E-1 6.04895E-1 5.92987E-1 5.81744E-1 5.85864E-1 5.98136E-1 6.08074E-1 6.02583E-1 5.98075E-1 5.98876E-1 6.06253E-1 6.10792E-1 6.17964E-1 6.2117E-1 6.20969E-1 6.18635E-1 6.24774E-1 6.2325E-1 6.21346E-1 6.18829E-1 6.11733E-1 6.12141E-1 6.1627E-1 6.15475E-1 6.19339E-1 6.19146E-1 6.20374E-1 6.17353E-1 6.16402E-1 6.1693E-1 6.21837E-1 6.23401E-1 6.31972E-1 6.41075E-1 6.45689E-1 6.75107E-1 6.87008E-1 6.78897E-1 6.80173E-1 6.91709E-1 6.95319E-1 6.99125E-1 7.00151E-1 6.97922E-1 6.83481E-1 6.73433E-1 6.69497E-1 6.54027E-1 6.48843E-1 6.49524E-1 6.54577E-1 6.61344E-1 6.60532E-1 6.65027E-1 6.58537E-1 6.56893E-1
5.74531E-1 5.73843E-1 5.787E-1 5.82293E-1 5.94724E-1 5.91976E-1 6.07404E-1 5.94324E-1 5.85447E-1 5.85279E-1 5.96829E-1 6.08388E-1 5.9949E-1 5.893E-1 5.95783E-1 6.03459E-1 6.1234E-1 6.18324E-1 6.18157E-1 6.21477E-1 6.23582E-1 6.26982E-1 6.22211E-1 6.1875E-1 6.15524E-1 6.16024E-1 6.13326E-1 6.13028E-1 6.1779E-1 6.21193E-1 6.19144E-1 6.19554E-1 6.14727E-1 6.15857E-1 6.18385E-1 6.1987E-1 6.21668E-1 6.26115E-1 6.25602E-1 6.25885E-1 6.37208E-1 6.42681E-1 6.50304E-1 6.60699E-1 6.73683E-1 6.78303E-1 6.87508E-1 6.82787E-1 6.82921E-1 6.77308E-1 6.62822E-1 6.53211E-1 6.50874E-1 6.48925E-1 6.43038E-1 6.42325E-1 6.51725E-1 6.5861E-1 6.52621E-1 6.53574E-1 6.58906E-1
5.82882E-1 5.82566E-1 5.89784E-1 5.86359E-1 5.82577E-1 5.88176E-1 5.89693E-1 5.90729E-1 5.94194E-1 5.98745E-1 6.01734E-1 6.03916E-1 5.9786E-1 5.91167E-1 5.94015E-1 5.98068E-1 6.08555E-1 6.1583E-1 6.22093E-1 6.26985E-1 6.29064E-1 6.26282E-1 6.21974E-1 6.18232E-1 6.20974E-1 6.21292E-1 6.12172E-1 6.13944E-1 6.16195E-1 6.21929E-1 6.29359E-1 6.24653E-1 6.2456E-1 6.26026E-1 6.25739E-1 6.22249E-1 6.25624E-1 6.28632E-1 6.27612E-1 6.30545E-1 6.35567E-1 6.41662E-1 6.48857E-1 6.54492E-1 6.58958E-1 6.59236E-1 6.6704E-1 6.65062E-1 6.62595E-1 6.63448E-1 6.54942E-1 6.46834E-1 6.47269E-1 6.46512E-1 6.41978E-1 6.41973E-1 6.46063E-1 6.54509E-1 6.57325E-1 6.55902E-1 6.6155E-1
5.82714E-1 5.79177E-1 5.87659E-1 5.89834E-1 5.84487E-1 5.84841E-1 5.84959E-1 5.89023E-1 5.99959E-1 6.03083E-1 6.01631E-1 5.9806E-1 5.98205E-1 6.00025E-1 6.01781E-1 6.09818E-1 6.15064E-1 6.23634E-1 6.272E-1 6.28779E-1 6.32879E-1 6.30985E-1 6.26783E-1 6.2199E-1 6.20244E-1 6.19876E-1 6.19819E-1 6.22141E-1 6.21676E-1 6.25992E-1 6.31735E-1 6.31459E-1 6.33041E-1 6.29353E-1 6.28456E-1 6.26412E-1 6.3142E-1 6.2971E-1 6.2716E-1 6.33669E-1 6.41171E-1 6.47119E-1 6.46354E-1 6.49038E-1 6.50506E-1 6.4641E-1 6.5028E-1 6.46418E-1 6.4598E-1 6.50277E-1 6.46671E-1 6.42009E-1 6.4205E-1 6.44885E-1 6.47096E-1 6.53406E-1 6.51382E-1 6.5581E-1 6.64061E-1 6.72172E-1 6.74868E-1
5.84939E-1 5.85647E-1 5.84938E-1 5.87712E-1 5.90171E-1 5.87312E-1 5.85643E-1 5.9321E-1 6.03842E-1 6.10099E-1 6.04733E-1 5.98342E-1 5.99354E-1 6.01872E-1 6.07101E-1 6.20458E-1 6.27917E-1 6.32273E-1 6.27131E-1 6.23203E-1 6.28316E-1 6.27581E-1 6.3195E-1 6.25585E-1 6.22616E-1 6.2119E-1 6.22759E-1 6.27058E-1 6.30142E-1 6.28849E-1 6.32304E-1 6.39092E-1 6.34398E-1 6.26333E-1 6.26028E-1 6.22475E-1 6.23133E-1 6.26768E-1 6.28857E-1 6.40686E-1 6.47262E-1 6.53008E-1 6.51286E-1 6.47719E-1 6.48534E-1 6.42293E-1 6.38646E-1 6.44768E-1 6.46865E-1 6.47392E-1 6.45246E-1 6.45427E-1 6.49447E-1 6.54237E-1 6.53334E-1 6.56783E-1 6.63138E-1 6.63217E-1 6.65012E-1 6.68964E-1 6.77938E-1
5.93139E-1 5.92361E-1 5.93185E-1 5.88764E-1 5.91736E-1 5.90045E-1 5.88611E-1 5.95927E-1 6.00498E-1 6.02462E-1 6.03769E-1 6.00629E-1 6.01288E-1 6.04139E-1 6.1358E-1 6.28836E-1 6.32529E-1 6.34152E-1 6.23744E-1 6.18608E-1 6.22765E-1 6.20381E-1 6.2256E-1 6.28297E-1 6.2397E-1 6.24384E-1 6.25298E-1 6.2991E-1 6.39189E-1 6.33364E-1 6.29144E-1 6.28761E-1 6.2671E-1 6.22935E-1 6.23291E-1 6.25267E-1 6.25536E-1 6.25799E-1 6.27828E-1 6.38594E-1 6.46588E-1 6.53478E-1 6.58233E-1 6.54369E-1 6.49358E-1 6.43086E-1 6.40483E-1 6.48278E-1 6.55031E-1 6.5013E-1 6.49108E-1 6.54417E-1 6.58212E-1 6.62626E-1 6.6365E-1 6.68498E-1 6.73556E-1 6.7372E-1 6.69253E-1 6.70001E-1 6.79073E-1
