maxent_outputs/white_flowers_troch_bombus_environ/white_49.asc
ncols         426
nrows         180
xllcorner     -130.0
yllcorner     24.0
cellsize      0.16666666666666666
NODATA_value  -9999
[rows 54 to 80 of 180, columns 61 to 121 of 426]
1.43745E-1 1.28634E-1 1.6145E-1 1.6088E-1 1.35687E-1 1.10937E-1 9.15413E-2 7.71377E-2 6.3297E-2 4.43589E-2 6.51432E-2 7.34298E-2 9.6963E-2 1.06053E-1 8.68128E-2 7.84661E-2 8.24086E-2 1.12494E-1 8.64953E-2 6.13801E-2 6.95567E-2 5.74097E-2 4.05892E-2 3.09819E-2 5.31156E-2 3.73154E-2 2.93609E-2 2.71376E-2 3.02565E-2 2.98073E-2 3.90665E-2 2.95871E-2 2.94594E-2 2.54727E-2 2.79225E-2 3.01012E-2 2.21891E-2 2.17656E-2 2.25634E-2 2.15945E-2 2.98852E-2 3.00899E-2 2.74868E-2 1.62004E-2 2.33769E-2 1.92173E-2 1.82934E-2 1.42527E-2 1.67766E-2 2.2757E-2 1.28942E-2 1.25326E-2 1.24326E-2 1.03254E-2 1.27617E-2 1.19519E-2 1.19613E-2 1.1838E-2 1.12192E-2 9.56015E-3 1.46908E-2
1.52472E-1 1.6893E-1 1.6256E-1 1.21634E-1 1.19889E-1 1.18251E-1 8.6107E-2 5.55961E-2 6.95513E-2 6.91383E-2 6.04133E-2 8.05151E-2 8.7205E-2 9.13266E-2 8.78827E-2 1.10455E-1 1.24794E-1 1.00581E-1 5.35647E-2 6.87985E-2 6.79307E-2 4.77937E-2 3.75296E-2 4.03135E-2 3.62739E-2 3.01945E-2 2.73941E-2 2.84479E-2 3.34051E-2 3.63045E-2 3.17468E-2 2.70742E-2 2.71493E-2 2.0982E-2 2.46422E-2 2.21906E-2 1.92375E-2 1.98614E-2 2.19754E-2 1.79269E-2 2.07131E-2 1.79638E-2 2.23539E-2 1.87287E-2 1.50364E-2 1.44253E-2 1.32509E-2 1.15025E-2 1.28645E-2 1.49024E-2 1.26967E-2 1.419E-2 1.27082E-2 1.09094E-2 1.11364E-2 1.03265E-2 1.13773E-2 1.0228E-2 1.10754E-2 9.52783E-3 1.40853E-2
1.20919E-1 1.55121E-1 1.18641E-1 1.01051E-1 1.0196E-1 9.7756E-2 1.00682E-1 8.2995E-2 7.1234E-2 6.71691E-2 6.13801E-2 7.33339E-2 6.56843E-2 7.3896E-2 9.77143E-2 8.6721E-2 1.01583E-1 6.95791E-2 8.04285E-2 6.51843E-2 6.59868E-2 5.49387E-2 4.25147E-2 4.18476E-2 3.68135E-2 2.88792E-2 2.68722E-2 2.7377E-2 2.72137E-2 2.58355E-2 2.5118E-2 2.40329E-2 2.37076E-2 2.79598E-2 2.48507E-2 2.55332E-2 2.02812E-2 1.74622E-2 1.93291E-2 1.83571E-2 1.62805E-2 1.42199E-2 1.51622E-2 1.77839E-2 1.3465E-2 1.22139E-2 1.26825E-2 1.39502E-2 1.3813E-2 1.32894E-2 1.54211E-2 1.46394E-2 1.20966E-2 1.20002E-2 1.25895E-2 1.15011E-2 1.04548E-2 8.9189E-3 1.01242E-2 1.21961E-2 1.31698E-2
9.1115E-2 1.38122E-1 1.33923E-1 1.3603E-1 1.39335E-1 1.21338E-1 1.13988E-1 1.05128E-1 5.81077E-2 5.72239E-2 5.98197E-2 6.43397E-2 6.58053E-2 6.52464E-2 8.09244E-2 1.2513E-1 9.68779E-2 9.33191E-2 9.15099E-2 6.49586E-2 6.62499E-2 5.94891E-2 3.72614E-2 4.56689E-2 4.3607E-2 2.92526E-2 2.43204E-2 2.29077E-2 2.12085E-2 1.97122E-2 2.07618E-2 2.00287E-2 2.14314E-2 2.90313E-2 2.94204E-2 1.9571E-2 2.08559E-2 1.85006E-2 1.77854E-2 1.69606E-2 1.41132E-2 1.6067E-2 1.60872E-2 1.42563E-2 1.4683E-2 1.6768E-2 1.59623E-2 1.42472E-2 1.37624E-2 1.52187E-2 1.8353E-2 1.79807E-2 1.10186E-2 1.03541E-2 1.16983E-2 1.04783E-2 9.96557E-3 1.00468E-2 1.20013E-2 1.64964E-2 1.95452E-2
7.33815E-2 9.71808E-2 1.07773E-1 8.5039E-2 6.68601E-2 8.34653E-2 5.94484E-2 5.21496E-2 5.34279E-2 5.55215E-2 6.26624E-2 6.53498E-2 6.53841E-2 8.83935E-2 1.03403E-1 1.38305E-1 1.37464E-1 1.35601E-1 1.32056E-1 8.92006E-2 7.45069E-2 6.54276E-2 5.19606E-2 6.22516E-2 3.94894E-2 3.5818E-2 2.67831E-2 2.9236E-2 2.16565E-2 1.8995E-2 2.26435E-2 2.3972E-2 2.22968E-2 2.1491E-2 1.87435E-2 1.75431E-2 1.75318E-2 1.67143E-2 1.71998E-2 1.65392E-2 1.494E-2 1.63371E-2 1.81983E-2 1.97923E-2 2.2619E-2 2.15952E-2 1.88197E-2 1.52751E-2 1.54196E-2 1.89168E-2 2.04302E-2 2.08756E-2 1.75309E-2 1.60804E-2 1.29666E-2 9.65521E-3 1.02126E-2 8.81062E-3 8.84262E-3 8.19944E-3 1.10369E-2
7.81515E-2 7.27625E-2 8.6322E-2 7.39319E-2 5.78378E-2 5.35625E-2 6.95648E-2 5.45149E-2 5.68519E-2 6.4056E-2 6.54817E-2 7.25582E-2 8.37211E-2 8.94943E-2 1.19097E-1 1.29732E-1 1.31373E-1 1.39866E-1 1.30909E-1 1.28682E-1 1.00429E-1 8.5177E-2 6.76204E-2 6.60504E-2 5.24113E-2 4.8155E-2 3.68662E-2 3.1335E-2 2.23875E-2 2.11341E-2 1.89627E-2 1.56128E-2 2.10254E-2 2.08328E-2 1.81147E-2 1.77925E-2 1.75534E-2 1.59256E-2 1.75359E-2 2.14989E-2 2.10642E-2 2.1933E-2 2.70017E-2 2.36308E-2 2.2713E-2 2.17812E-2 2.22969E-2 2.05275E-2 2.00606E-2 1.9256E-2 2.42705E-2 2.24211E-2 2.49783E-2 1.96823E-2 1.37013E-2 1.1394E-2 1.02799E-2 8.50359E-3 8.78899E-3 7.70318E-3 8.84977E-3
6.34506E-2 5.74315E-2 6.42842E-2 6.27575E-2 6.39139E-2 6.04765E-2 6.78937E-2 7.1204E-2 7.12177E-2 7.59729E-2 7.88013E-2 8.01377E-2 1.00998E-1 1.13898E-1 1.2135E-1 1.22935E-1 1.37822E-1 1.45162E-1 1.32562E-1 1.38565E-1 1.27879E-1 1.02058E-1 6.91741E-2 5.45409E-2 4.94031E-2 4.38204E-2 3.61885E-2 3.04374E-2 2.06666E-2 1.78746E-2 1.86599E-2 1.60496E-2 1.58143E-2 1.78055E-2 1.82246E-2 1.71611E-2 1.88671E-2 2.13151E-2 2.09831E-2 2.53411E-2 2.93519E-2 2.90456E-2 2.9082E-2 2.31234E-2 2.25691E-2 2.17179E-2 2.3006E-2 2.35009E-2 2.50168E-2 2.38468E-2 2.21658E-2 1.67358E-2 1.91029E-2 1.87744E-2 1.57175E-2 1.3481E-2 1.24758E-2 1.16536E-2 1.05572E-2 8.49333E-3 9.10288E-3
5.41136E-2 5.29687E-2 5.3022E-2 5.67388E-2 5.92809E-2 7.11067E-2 7.28151E-2 7.23406E-2 7.84727E-2 8.51472E-2 1.07388E-1 1.01237E-1 1.10895E-1 1.03469E-1 1.0762E-1 1.19326E-1 1.53693E-1 1.50601E-1 1.40344E-1 1.31548E-1 1.35381E-1 1.2073E-1 7.32446E-2 6.50992E-2 5.61839E-2 5.4756E-2 4.56073E-2 3.56904E-2 2.57389E-2 2.00219E-2 1.96899E-2 2.10832E-2 2.45217E-2 2.0259E-2 1.62386E-2 1.61035E-2 1.71443E-2 1.96921E-2 2.0997E-2 2.47982E-2 2.76129E-2 2.59016E-2 2.83582E-2 2.85952E-2 2.44232E-2 2.40804E-2 2.57627E-2 2.56406E-2 2.53004E-2 2.58161E-2 2.26279E-2 1.76529E-2 1.45209E-2 1.55623E-2 1.36968E-2 1.13904E-2 1.34111E-2 1.35212E-2 8.84328E-3 1.24368E-2 1.23193E-2
7.06119E-2 7.23608E-2 6.61673E-2 6.47473E-2 7.45656E-2 6.67429E-2 6.94463E-2 7.62442E-2 7.58536E-2 1.07829E-1 9.46418E-2 7.4054E-2 7.83032E-2 8.26377E-2 1.182E-1 1.23336E-1 1.37217E-1 1.51931E-1 1.52788E-1 1.45319E-1 1.35654E-1 1.51231E-1 1.146E-1 7.77701E-2 6.77135E-2 4.69368E-2 3.86616E-2 4.62427E-2 3.21302E-2 2.80217E-2 2.40502E-2 2.54345E-2 2.52185E-2 2.30695E-2 2.33092E-2 2.02742E-2 1.87143E-2 2.00446E-2 2.08831E-2 2.24161E-2 2.81453E-2 2.85174E-2 2.92935E-2 2.82436E-2 2.78455E-2 2.67428E-2 2.81995E-2 3.1106E-2 3.28901E-2 2.83566E-2 2.56022E-2 2.32704E-2 1.80986E-2 1.52746E-2 1.20375E-2 1.16409E-2 1.3212E-2 1.23772E-2 1.10384E-2 1.35761E-2 1.59856E-2
8.01556E-2 8.48075E-2 8.59166E-2 8.43405E-2 8.45309E-2 8.46346E-2 9.54823E-2 8.7713E-2 8.55031E-2 9.44201E-2 8.06685E-2 7.47085E-2 7.24833E-2 7.79153E-2 1.25408E-1 1.2155E-1 9.00819E-2 8.79094E-2 1.35007E-1 1.34373E-1 1.12878E-1 1.08706E-1 1.00547E-1 9.42193E-2 7.20185E-2 5.34653E-2 4.64593E-2 3.49657E-2 3.00153E-2 2.66945E-2 2.44614E-2 2.58602E-2 2.70146E-2 2.45383E-2 2.56934E-2 2.27924E-2 2.89316E-2 2.88056E-2 3.10221E-2 2.52368E-2 2.7664E-2 3.36321E-2 3.3828E-2 3.20451E-2 3.62211E-2 3.72159E-2 3.66385E-2 3.33588E-2 2.69564E-2 2.28035E-2 2.53022E-2 2.51521E-2 1.80162E-2 1.78037E-2 1.50032E-2 1.36705E-2 9.14703E-3 8.82334E-3 9.7731E-3 8.45261E-3 7.48113E-3
8.47797E-2 8.83129E-2 9.55935E-2 1.00844E-1 1.03521E-1 9.92628E-2 1.05895E-1 9.2274E-2 9.06488E-2 8.6525E-2 7.1584E-2 7.12222E-2 7.88492E-2 1.02156E-1 1.07384E-1 7.80026E-2 7.65212E-2 6.73632E-2 9.17546E-2 1.35704E-1 1.28109E-1 1.09806E-1 1.04113E-1 1.08658E-1 1.06462E-1 8.2981E-2 4.93865E-2 3.43478E-2 3.183E-2 3.06683E-2 2.8231E-2 2.88843E-2 3.68796E-2 3.77169E-2 3.86585E-2 3.65333E-2 4.1824E-2 4.00173E-2 4.05404E-2 3.24018E-2 3.10407E-2 3.90843E-2 3.90887E-2 3.57022E-2 4.04594E-2 4.17048E-2 3.74407E-2 3.09728E-2 2.11724E-2 1.74836E-2 2.04831E-2 2.21305E-2 2.43083E-2 1.82645E-2 1.89617E-2 1.74547E-2 1.33677E-2 1.23085E-2 1.14211E-2 8.80171E-3 7.12517E-3
8.20772E-2 7.53396E-2 7.979E-2 8.06843E-2 9.28486E-2 9.74643E-2 1.02764E-1 9.18154E-2 8.36586E-2 8.24779E-2 8.17039E-2 7.98793E-2 1.09553E-1 8.20383E-2 7.32296E-2 6.62578E-2 6.60777E-2 6.02229E-2 5.32657E-2 1.03954E-1 1.35692E-1 1.41665E-1 1.3023E-1 1.1834E-1 1.15384E-1 1.11546E-1 1.09033E-1 9.7665E-2 8.74761E-2 8.11348E-2 6.92786E-2 6.46246E-2 5.66807E-2 4.61423E-2 4.66676E-2 4.88166E-2 4.95249E-2 5.19014E-2 4.83085E-2 4.18393E-2 4.03547E-2 4.26142E-2 4.18269E-2 4.58207E-2 4.29887E-2 3.98018E-2 3.05425E-2 2.18704E-2 1.81315E-2 1.39164E-2 1.61977E-2 2.06432E-2 2.05177E-2 1.78409E-2 1.73772E-2 1.32617E-2 1.41708E-2 1.07285E-2 8.70989E-3 1.21042E-2 8.81594E-3
8.18826E-2 8.58821E-2 7.717E-2 7.71471E-2 8.11599E-2 9.17678E-2 8.88964E-2 7.66445E-2 6.87466E-2 8.69329E-2 7.94065E-2 9.2674E-2 1.09384E-1 8.9506E-2 8.00245E-2 7.02906E-2 6.96508E-2 6.75441E-2 5.75374E-2 6.39365E-2 1.06579E-1 1.27419E-1 1.44466E-1 1.55167E-1 1.42531E-1 1.29055E-1 1.24546E-1 1.28486E-1 1.09075E-1 9.19246E-2 7.99126E-2 7.30672E-2 6.45632E-2 5.85544E-2 6.08354E-2 5.77907E-2 5.41955E-2 5.31088E-2 5.09681E-2 4.97796E-2 4.03886E-2 4.33282E-2 6.23741E-2 5.65113E-2 4.33492E-2 3.31157E-2 2.69524E-2 1.98485E-2 1.71984E-2 1.55411E-2 1.49585E-2 1.81879E-2 1.99111E-2 1.47279E-2 1.75274E-2 1.27497E-2 1.54253E-2 8.53751E-3 8.33611E-3 8.73436E-3 1.11256E-2
1.02115E-1 9.4974E-2 8.11517E-2 8.54528E-2 8.22856E-2 8.55989E-2 6.75671E-2 4.51888E-2 9.02719E-2 9.9271E-2 9.69299E-2 9.93568E-2 8.7101E-2 8.62187E-2 7.87424E-2 6.89807E-2 6.62733E-2 5.95895E-2 5.77951E-2 5.38148E-2 5.0896E-2 7.75474E-2 1.16307E-1 1.22078E-1 1.14446E-1 9.99983E-2 1.00589E-1 1.04384E-1 9.18117E-2 1.00368E-1 9.48605E-2 8.36546E-2 7.22363E-2 6.39284E-2 6.01597E-2 5.34355E-2 5.15421E-2 5.40705E-2 5.21047E-2 5.73554E-2 4.66588E-2 4.64824E-2 4.23645E-2 4.03495E-2 3.47356E-2 3.26884E-2 2.87754E-2 2.01102E-2 1.95379E-2 1.55261E-2 1.53635E-2 1.96528E-2 1.72289E-2 1.33213E-2 1.50792E-2 1.24413E-2 1.40803E-2 1.13924E-2 9.91311E-3 9.17462E-3 8.82275E-3
9.11538E-2 8.50673E-2 8.57341E-2 9.03317E-2 8.16701E-2 8.01239E-2 6.12787E-2 6.24326E-2 9.1524E-2 9.12302E-2 8.63245E-2 8.5551E-2 8.81646E-2 8.39542E-2 7.50866E-2 7.04794E-2 6.81685E-2 6.14258E-2 5.50815E-2 4.88714E-2 3.91671E-2 4.58375E-2 6.85496E-2 8.56759E-2 8.90374E-2 9.00043E-2 8.66625E-2 8.5652E-2 9.08115E-2 8.88259E-2 9.07207E-2 9.04857E-2 8.45253E-2 7.59155E-2 6.7374E-2 6.38611E-2 7.0194E-2 6.64788E-2 5.49418E-2 5.27146E-2 4.90986E-2 4.61448E-2 3.84524E-2 3.54267E-2 2.71231E-2 2.94695E-2 2.85446E-2 2.69779E-2 2.25433E-2 2.35877E-2 2.02308E-2 2.0815E-2 1.67984E-2 1.79E-2 1.2102E-2 1.25755E-2 1.41752E-2 1.0889E-2 8.5729E-3 8.35371E-3 8.59984E-3
6.67039E-2 6.90848E-2 8.4296E-2 8.80202E-2 8.7724E-2 8.67897E-2 6.94707E-2 9.59874E-2 8.87555E-2 8.66474E-2 8.15534E-2 8.28886E-2 8.36339E-2 8.04236E-2 7.59392E-2 7.5566E-2 6.82099E-2 6.39738E-2 5.75802E-2 5.73335E-2 5.17238E-2 4.47448E-2 4.74257E-2 6.80219E-2 8.15483E-2 8.667E-2 7.86675E-2 7.58022E-2 7.97784E-2 7.8989E-2 7.51082E-2 7.08678E-2 7.26781E-2 6.87347E-2 6.91221E-2 6.70617E-2 6.55747E-2 5.35439E-2 5.32772E-2 5.20111E-2 4.0333E-2 3.73445E-2 3.41974E-2 2.95654E-2 2.42277E-2 3.00603E-2 3.08166E-2 2.8026E-2 2.59435E-2 2.54603E-2 1.89659E-2 1.84838E-2 1.48182E-2 1.41723E-2 1.53769E-2 1.41301E-2 1.36761E-2 1.32648E-2 1.03594E-2 9.9462E-3 8.26852E-3
9.21501E-2 6.54689E-2 6.99815E-2 7.76528E-2 8.36541E-2 7.73019E-2 8.18233E-2 1.00374E-1 9.17974E-2 8.2446E-2 6.79262E-2 7.22264E-2 7.30362E-2 6.7737E-2 6.8388E-2 6.95564E-2 5.95062E-2 6.25842E-2 5.75762E-2 5.93292E-2 5.75213E-2 5.06539E-2 4.63929E-2 5.41869E-2 7.70983E-2 7.84756E-2 6.07334E-2 5.71297E-2 5.05909E-2 5.54648E-2 6.5678E-2 6.31373E-2 4.17466E-2 3.50047E-2 3.89928E-2 6.29308E-2 4.23258E-2 3.69558E-2 5.18716E-2 5.15062E-2 3.35423E-2 2.93243E-2 3.14866E-2 3.24575E-2 3.18776E-2 2.98793E-2 2.89684E-2 3.01204E-2 2.90758E-2 2.45838E-2 1.97947E-2 1.72237E-2 1.04255E-2 1.40167E-2 1.54264E-2 1.46547E-2 1.3807E-2 1.41392E-2 1.34984E-2 1.25156E-2 1.0889E-2
8.6472E-2 6.9636E-2 6.4286E-2 6.02492E-2 6.87016E-2 7.99558E-2 7.66593E-2 8.77911E-2 8.19965E-2 5.36569E-2 5.96638E-2 6.49935E-2 7.54653E-2 6.19781E-2 5.79506E-2 6.03037E-2 6.00797E-2 6.36348E-2 6.11165E-2 5.6458E-2 5.80176E-2 5.74956E-2 4.93253E-2 4.87009E-2 6.05506E-2 5.84154E-2 5.41827E-2 4.77834E-2 4.14755E-2 3.47367E-2 6.07785E-2 4.15193E-2 3.21884E-2 2.7337E-2 3.71436E-2 4.06554E-2 3.37383E-2 4.71897E-2 4.87795E-2 4.70763E-2 3.28545E-2 3.58233E-2 3.52994E-2 3.15813E-2 2.863E-2 3.31163E-2 2.95076E-2 3.30577E-2 3.09192E-2 2.25226E-2 2.81269E-2 2.77847E-2 1.37234E-2 1.12945E-2 1.28161E-2 1.3638E-2 1.39609E-2 1.40501E-2 1.4006E-2 1.42103E-2 1.35997E-2
6.78008E-2 6.50679E-2 5.84937E-2 6.45953E-2 7.29832E-2 9.16577E-2 9.35542E-2 8.75134E-2 6.61107E-2 6.62343E-2 6.02617E-2 7.03594E-2 7.52971E-2 6.57039E-2 5.9456E-2 6.03981E-2 6.50066E-2 6.32815E-2 6.26822E-2 6.01645E-2 5.57126E-2 5.66258E-2 4.79685E-2 3.56901E-2 4.50265E-2 4.73677E-2 3.80394E-2 3.3319E-2 3.13365E-2 3.0753E-2 5.37686E-2 4.51009E-2 3.29117E-2 3.51646E-2 3.78039E-2 3.17164E-2 3.14143E-2 3.63922E-2 2.77889E-2 3.26991E-2 4.19488E-2 3.81308E-2 3.85675E-2 3.28419E-2 3.10537E-2 3.43814E-2 3.45158E-2 3.47957E-2 2.83926E-2 2.34685E-2 3.03114E-2 2.64795E-2 1.57281E-2 1.25089E-2 1.42607E-2 1.37918E-2 1.38096E-2 1.34507E-2 1.35162E-2 1.4072E-2 1.52216E-2
5.68298E-2 5.87104E-2 5.81401E-2 6.06612E-2 7.29098E-2 8.57785E-2 7.11152E-2 7.76228E-2 7.64409E-2 7.22829E-2 6.62485E-2 7.39977E-2 7.45917E-2 5.43325E-2 5.07143E-2 5.7549E-2 6.06268E-2 5.91095E-2 5.77124E-2 5.77546E-2 5.65332E-2 5.31887E-2 3.96874E-2 3.56988E-2 2.9093E-2 3.25369E-2 2.67425E-2 2.8443E-2 3.33012E-2 3.72082E-2 4.35056E-2 3.68596E-2 3.48782E-2 3.46769E-2 3.329E-2 3.37663E-2 2.99318E-2 3.57904E-2 3.71604E-2 3.96514E-2 6.09003E-2 6.12564E-2 7.12183E-2 4.25875E-2 3.7664E-2 4.07186E-2 3.9686E-2 3.83136E-2 3.08481E-2 2.52199E-2 2.05326E-2 1.68088E-2 1.61708E-2 1.53597E-2 1.46303E-2 1.51559E-2 1.51596E-2 1.40274E-2 1.40696E-2 1.41439E-2 1.44637E-2
6.10478E-2 5.78394E-2 5.74314E-2 5.49785E-2 5.49492E-2 6.88225E-2 7.84146E-2 8.88848E-2 8.88643E-2 8.50589E-2 7.95871E-2 8.27789E-2 7.18815E-2 6.1629E-2 6.72082E-2 6.01352E-2 6.06377E-2 5.84219E-2 5.63705E-2 5.38381E-2 5.42664E-2 5.12139E-2 3.66433E-2 2.92002E-2 2.73531E-2 2.80086E-2 2.70515E-2 3.05061E-2 3.05617E-2 3.71565E-2 3.57275E-2 3.58664E-2 3.54378E-2 3.35777E-2 3.40281E-2 3.89686E-2 3.61126E-2 4.64493E-2 5.32844E-2 5.97818E-2 8.85506E-2 1.34831E-1 1.05667E-1 5.70924E-2 6.29519E-2 6.56235E-2 4.93456E-2 3.28874E-2 2.84919E-2 2.28264E-2 1.88904E-2 1.64988E-2 1.52064E-2 1.51853E-2 1.61867E-2 1.72976E-2 1.68849E-2 1.58592E-2 1.56913E-2 1.66864E-2 1.74251E-2
6.41277E-2 6.29209E-2 6.68697E-2 7.60046E-2 8.01529E-2 8.16902E-2 1.04501E-1 9.40104E-2 8.54894E-2 8.57533E-2 8.47603E-2 8.27098E-2 6.91349E-2 7.14592E-2 7.45771E-2 6.97618E-2 6.72631E-2 6.05856E-2 5.63124E-2 5.42597E-2 4.8618E-2 4.46837E-2 3.50006E-2 3.19117E-2 3.32987E-2 3.35486E-2 2.97132E-2 3.43216E-2 3.07548E-2 3.18736E-2 3.44339E-2 3.42659E-2 3.29623E-2 3.60198E-2 4.34534E-2 5.56729E-2 6.95939E-2 7.75266E-2 8.20945E-2 7.64362E-2 8.32072E-2 1.41228E-1 1.47177E-1 1.09766E-1 7.37507E-2 8.28813E-2 7.71188E-2 2.69241E-2 2.35605E-2 1.92516E-2 1.89252E-2 1.73768E-2 1.50099E-2 1.56033E-2 1.73492E-2 1.82924E-2 1.8503E-2 1.79359E-2 1.67115E-2 1.91918E-2 2.00473E-2
6.42335E-2 6.30525E-2 7.00091E-2 9.94556E-2 1.01854E-1 1.07171E-1 9.79378E-2 9.06794E-2 7.72457E-2 8.89785E-2 8.64709E-2 8.95518E-2 7.85973E-2 7.53798E-2 7.40552E-2 6.89589E-2 6.97735E-2 5.29969E-2 5.20482E-2 4.74011E-2 4.50194E-2 4.0593E-2 3.7264E-2 3.43287E-2 3.18351E-2 3.60967E-2 3.71054E-2 3.33963E-2 2.96767E-2 3.25294E-2 3.19386E-2 3.22523E-2 3.13793E-2 4.10323E-2 3.85948E-2 5.92262E-2 6.92535E-2 8.85938E-2 9.73043E-2 8.85473E-2 9.67111E-2 1.25114E-1 1.49117E-1 1.53242E-1 1.08457E-1 1.21588E-1 6.55005E-2 4.75921E-2 2.73163E-2 2.06945E-2 1.92822E-2 1.58389E-2 1.4873E-2 1.48059E-2 1.5825E-2 1.7256E-2 1.74239E-2 1.8954E-2 1.6506E-2 1.96068E-2 2.03791E-2
9.37985E-2 6.54127E-2 8.27154E-2 9.41001E-2 1.2467E-1 1.10485E-1 9.45598E-2 8.87182E-2 9.03054E-2 9.08445E-2 8.92076E-2 8.83236E-2 8.35483E-2 7.83695E-2 7.8617E-2 7.41804E-2 7.09848E-2 7.16326E-2 5.35988E-2 4.92654E-2 4.91008E-2 4.26364E-2 3.94695E-2 3.42055E-2 3.64089E-2 4.10958E-2 3.5441E-2 3.09391E-2 3.12397E-2 3.56214E-2 3.44912E-2 3.21555E-2 3.20655E-2 4.30766E-2 4.58584E-2 9.77992E-2 9.2593E-2 1.15295E-1 1.142E-1 1.17063E-1 8.82615E-2 7.87552E-2 1.20898E-1 1.59568E-1 1.77759E-1 1.48872E-1 9.23768E-2 5.51011E-2 2.78389E-2 2.39995E-2 2.1009E-2 1.90345E-2 1.65469E-2 1.47397E-2 1.54844E-2 1.68639E-2 1.52689E-2 1.55208E-2 1.62289E-2 1.84866E-2 2.06129E-2
9.82493E-2 8.15006E-2 1.06674E-1 1.3018E-1 1.07175E-1 1.03988E-1 1.00614E-1 9.27154E-2 9.23598E-2 8.50173E-2 9.19432E-2 8.98713E-2 8.38765E-2 6.69439E-2 8.29634E-2 7.73478E-2 7.05424E-2 7.17181E-2 5.21564E-2 5.13588E-2 5.62031E-2 4.16845E-2 3.99491E-2 3.71058E-2 4.36887E-2 3.97776E-2 3.28425E-2 3.22306E-2 2.67932E-2 3.71502E-2 3.65596E-2 3.46776E-2 3.3098E-2 5.47124E-2 7.23762E-2 7.91499E-2 9.34376E-2 1.23329E-1 1.3695E-1 1.0853E-1 8.14956E-2 6.90539E-2 9.3183E-2 1.31734E-1 1.69761E-1 1.48364E-1 1.01333E-1 7.78111E-2 2.73501E-2 2.3397E-2 2.2098E-2 2.08865E-2 1.93661E-2 1.66531E-2 1.61318E-2 1.56553E-2 1.40748E-2 1.35803E-2 1.39382E-2 1.36508E-2 1.5944E-2
1.0019E-1 1.07639E-1 1.04425E-1 1.17725E-1 1.03844E-1 1.05195E-1 1.02099E-1 8.47323E-2 9.20082E-2 9.34895E-2 9.3313E-2 8.11138E-2 8.19122E-2 6.86672E-2 7.84017E-2 7.66867E-2 7.43722E-2 7.08798E-2 5.6142E-2 5.73612E-2 4.95637E-2 4.33368E-2 4.14221E-2 4.05227E-2 4.06431E-2 3.56051E-2 3.24008E-2 2.91294E-2 3.67608E-2 3.7854E-2 3.43147E-2 3.47646E-2 3.12646E-2 4.85974E-2 7.5052E-2 9.72838E-2 1.07315E-1 1.17001E-1 1.16736E-1 1.04273E-1 7.93608E-2 7.65764E-2 9.05577E-2 1.14841E-1 1.27902E-1 1.51412E-1 8.98552E-2 9.4408E-2 4.04301E-2 2.34769E-2 2.02831E-2 2.1012E-2 2.08937E-2 1.51334E-2 1.08712E-2 8.77791E-3 7.09669E-3 9.90685E-3 1.01863E-2 1.06465E-2 1.22522E-2
1.58024E-1 1.4181E-1 1.37818E-1 1.10765E-1 1.02268E-1 9.29643E-2 8.92591E-2 9.51722E-2 9.4268E-2 7.9204E-2 8.10648E-2 8.092E-2 7.57179E-2 7.36758E-2 7.32864E-2 7.96205E-2 7.80192E-2 6.82101E-2 6.53719E-2 6.19095E-2 5.06407E-2 4.60979E-2 4.03338E-2 3.84095E-2 3.71177E-2 3.48685E-2 2.39736E-2 3.22699E-2 3.7387E-2 3.70993E-2 3.40694E-2 3.70749E-2 3.12067E-2 4.47661E-2 7.28701E-2 8.90983E-2 9.80267E-2 9.96209E-2 9.06519E-2 8.42321E-2 7.74973E-2 7.17739E-2 7.47064E-2 6.16486E-2 7.523E-2 5.34869E-2 5.51123E-2 8.31321E-2 3.40381E-2 2.14834E-2 2.06635E-2 1.92867E-2 2.07049E-2 1.76E-2 1.59627E-2 1.75905E-2 1.7795E-2 1.56019E-2 1.68302E-2 1.62973E-2 1.50121E-2
