maxent_outputs/white_flowers_troch_bombus_environ/white_300.asc
ncols         426
nrows         180
xllcorner     -130.0
yllcorner     24.0
cellsize      0.16666666666666666
NODATA_value  -9999
[rows 81 to 107 of 180, columns 183 to 243 of 426]
1.39745E-1 1.38083E-1 1.39278E-1 1.38991E-1 1.40372E-1 1.46822E-1 1.54105E-1 1.55961E-1 1.57071E-1 1.61225E-1 1.67114E-1 1.68286E-1 1.7106E-1 1.70056E-1 1.7205E-1 1.77654E-1 1.74068E-1 1.79556E-1 1.88651E-1 2.01628E-1 2.03813E-1 2.06572E-1 2.07386E-1 2.12969E-1 2.06667E-1 2.06431E-1 2.13325E-1 2.08255E-1 2.04967E-1 2.10285E-1 2.15873E-1 2.18995E-1 2.21086E-1 2.24585E-1 2.33575E-1 2.51465E-1 2.68159E-1 2.90454E-1 2.86096E-1 2.72484E-1 2.69255E-1 2.53152E-1 2.44393E-1 2.4068E-1 2.41873E-1 2.50204E-1 2.62032E-1 2.68468E-1 2.77171E-1 2.70828E-1 2.7897E-1 2.87474E-1 2.86185E-1 2.81165E-1 2.8902E-1 3.01233E-1 3.08214E-1 3.14942E-1 3.01215E-1 3.00619E-1 2.9541E-1
1.45816E-1 1.42972E-1 1.39128E-1 1.39734E-1 1.43797E-1 1.47445E-1 1.54688E-1 1.60785E-1 1.68608E-1 1.71217E-1 1.7623E-1 1.83071E-1 1.83585E-1 1.83264E-1 1.81032E-1 1.8448E-1 1.88232E-1 1.85002E-1 1.90133E-1 2.02726E-1 2.08478E-1 2.08173E-1 2.14771E-1 2.22041E-1 2.23764E-1 2.14426E-1 2.19783E-1 2.14906E-1 2.11927E-1 2.17945E-1 2.27627E-1 2.30506E-1 2.30915E-1 2.31434E-1 2.41113E-1 2.62266E-1 3.02549E-1 3.55028E-1 3.87659E-1 3.30396E-1 3.00167E-1 2.71515E-1 2.55639E-1 2.54667E-1 2.58545E-1 2.68128E-1 2.7399E-1 2.81887E-1 2.86912E-1 2.85673E-1 2.85095E-1 2.91225E-1 2.96493E-1 2.98065E-1 3.0158E-1 3.08884E-1 3.12691E-1 3.09121E-1 3.08086E-1 3.01967E-1 3.00683E-1
1.55924E-1 1.55881E-1 1.46766E-1 1.46644E-1 1.53143E-1 1.57369E-1 1.63452E-1 1.67177E-1 1.74142E-1 1.7603E-1 1.81092E-1 1.90072E-1 1.92738E-1 1.97306E-1 1.98117E-1 1.91066E-1 1.92719E-1 1.95432E-1 1.90578E-1 1.9941E-1 2.12719E-1 2.18817E-1 2.23551E-1 2.2374E-1 2.33635E-1 2.33585E-1 2.25708E-1 2.23778E-1 2.27031E-1 2.24028E-1 2.30715E-1 2.35507E-1 2.38412E-1 2.37621E-1 2.50453E-1 2.73287E-1 3.10445E-1 3.63972E-1 3.95093E-1 3.44758E-1 3.1037E-1 2.85109E-1 2.68004E-1 2.67669E-1 2.73754E-1 2.78926E-1 2.90337E-1 2.96244E-1 2.995E-1 2.93124E-1 2.86133E-1 2.92638E-1 2.98229E-1 3.0301E-1 3.10616E-1 3.14777E-1 3.09874E-1 3.14059E-1 3.13917E-1 3.13769E-1 3.14265E-1
1.53556E-1 1.50587E-1 1.49542E-1 1.47481E-1 1.50905E-1 1.60404E-1 1.65296E-1 1.71E-1 1.79937E-1 1.85307E-1 1.86698E-1 1.92206E-1 1.93529E-1 1.96972E-1 1.99548E-1 2.0192E-1 1.9819E-1 1.95101E-1 1.92226E-1 1.97785E-1 2.12278E-1 2.16195E-1 2.19345E-1 2.28776E-1 2.28658E-1 2.36504E-1 2.42436E-1 2.41816E-1 2.40591E-1 2.3683E-1 2.33003E-1 2.36913E-1 2.38424E-1 2.45494E-1 2.53004E-1 2.71396E-1 2.92983E-1 3.15691E-1 3.21456E-1 3.1716E-1 3.03838E-1 2.8695E-1 2.79085E-1 2.78216E-1 2.84812E-1 2.92479E-1 3.03555E-1 3.09644E-1 3.08903E-1 2.92655E-1 2.92445E-1 3.01864E-1 3.01938E-1 3.12726E-1 3.05282E-1 3.006E-1 3.0576E-1 3.13344E-1 3.26167E-1 3.31249E-1 3.26109E-1
1.6219E-1 1.58289E-1 1.57275E-1 1.59366E-1 1.59716E-1 1.66171E-1 1.71487E-1 1.74958E-1 1.82336E-1 1.90922E-1 1.95862E-1 1.98492E-1 1.96344E-1 1.95822E-1 1.96056E-1 1.98468E-1 1.97858E-1 1.96995E-1 2.02864E-1 2.05405E-1 2.10737E-1 2.14987E-1 2.23158E-1 2.2948E-1 2.33256E-1 2.36486E-1 2.39193E-1 2.54332E-1 2.53298E-1 2.48978E-1 2.40713E-1 2.45575E-1 2.42078E-1 2.47873E-1 2.56747E-1 2.63648E-1 2.77578E-1 2.88409E-1 2.87984E-1 2.98024E-1 2.97451E-1 2.88482E-1 2.85574E-1 2.90671E-1 2.93878E-1 3.03759E-1 3.14316E-1 3.19364E-1 3.20092E-1 3.12063E-1 3.06394E-1 3.09127E-1 3.12449E-1 3.15561E-1 3.07329E-1 3.00297E-1 3.08395E-1 3.20528E-1 3.34525E-1 3.44536E-1 3.46559E-1
1.66131E-1 1.67422E-1 1.67361E-1 1.6879E-1 1.7328E-1 1.77078E-1 1.83145E-1 1.88848E-1 1.92408E-1 2.01188E-1 2.05036E-1 2.05397E-1 2.05422E-1 1.99757E-1 1.98762E-1 1.95828E-1 1.92832E-1 2.0388E-1 2.0072E-1 2.03796E-1 2.10075E-1 2.1973E-1 2.32444E-1 2.39585E-1 2.387E-1 2.44226E-1 2.56493E-1 2.56018E-1 2.60865E-1 2.65946E-1 2.60035E-1 2.58017E-1 2.57897E-1 2.60148E-1 2.64516E-1 2.6838E-1 2.78645E-1 2.90454E-1 2.95302E-1 2.97205E-1 3.02221E-1 3.06879E-1 3.06719E-1 3.03339E-1 3.04162E-1 3.17538E-1 3.24143E-1 3.30257E-1 3.27707E-1 3.33234E-1 3.3016E-1 3.22519E-1 3.21704E-1 3.24896E-1 3.20042E-1 3.17232E-1 3.25874E-1 3.34517E-1 3.44952E-1 3.56021E-1 3.62525E-1
1.70507E-1 1.76282E-1 1.77047E-1 1.81076E-1 1.79714E-1 1.86622E-1 1.9844E-1 2.01838E-1 2.09056E-1 2.10716E-1 2.06951E-1 2.06434E-1 2.06651E-1 2.11249E-1 2.06406E-1 1.9789E-1 2.04403E-1 2.0822E-1 2.06815E-1 2.09647E-1 2.183E-1 2.24339E-1 2.34861E-1 2.42897E-1 2.47344E-1 2.48902E-1 2.60722E-1 2.6988E-1 2.70799E-1 2.79571E-1 2.78054E-1 2.7417E-1 2.77852E-1 2.79583E-1 2.82352E-1 2.87227E-1 2.90952E-1 2.99005E-1 3.04358E-1 3.07326E-1 3.14351E-1 3.17605E-1 3.13028E-1 3.13832E-1 3.10745E-1 3.20699E-1 3.29455E-1 3.3051E-1 3.36973E-1 3.41725E-1 3.45905E-1 3.44384E-1 3.41332E-1 3.40368E-1 3.32888E-1 3.36449E-1 3.42742E-1 3.51482E-1 3.59388E-1 3.65511E-1 3.69848E-1
1.70454E-1 1.76094E-1 1.83188E-1 1.84578E-1 1.86114E-1 1.89543E-1 1.96927E-1 2.05072E-1 2.12535E-1 2.14411E-1 2.21368E-1 2.13991E-1 2.14577E-1 2.14782E-1 2.09841E-1 2.11512E-1 2.10129E-1 2.24093E-1 2.23321E-1 2.27002E-1 2.29148E-1 2.38347E-1 2.41768E-1 2.52376E-1 2.64289E-1 2.56556E-1 2.67237E-1 2.75076E-1 2.84811E-1 2.85018E-1 2.87331E-1 2.91452E-1 2.92867E-1 3.02229E-1 3.02692E-1 2.99406E-1 3.06394E-1 3.06154E-1 3.06881E-1 3.16891E-1 3.17364E-1 3.20193E-1 3.2212E-1 3.16204E-1 3.14194E-1 3.20204E-1 3.26609E-1 3.32003E-1 3.39874E-1 3.45954E-1 3.49939E-1 3.50961E-1 3.57023E-1 3.54373E-1 3.50412E-1 3.52039E-1 3.60942E-1 3.69454E-1 3.74746E-1 3.78364E-1 3.80004E-1
1.7925E-1 1.84871E-1 1.93192E-1 1.95278E-1 1.98265E-1 2.03377E-1 2.04671E-1 2.12091E-1 2.15969E-1 2.22029E-1 2.28518E-1 2.31098E-1 2.25746E-1 2.19952E-1 2.1411E-1 2.20928E-1 2.24446E-1 2.24554E-1 2.25734E-1 2.32193E-1 2.40851E-1 2.53485E-1 2.59205E-1 2.65888E-1 2.7608E-1 2.75939E-1 2.84464E-1 2.86601E-1 2.94262E-1 2.97445E-1 2.91334E-1 2.91197E-1 2.97692E-1 3.00745E-1 3.04953E-1 3.09927E-1 3.13101E-1 3.17798E-1 3.15592E-1 3.2449E-1 3.22222E-1 3.23611E-1 3.28195E-1 3.30992E-1 3.23392E-1 3.28981E-1 3.31539E-1 3.37944E-1 3.49446E-1 3.52654E-1 3.58809E-1 3.64091E-1 3.75226E-1 3.74954E-1 3.68392E-1 3.67714E-1 3.75033E-1 3.82311E-1 3.86861E-1 3.8827E-1 3.8693E-1
1.80253E-1 1.86751E-1 1.96347E-1 2.04664E-1 2.09809E-1 2.14102E-1 2.08951E-1 2.08845E-1 2.13702E-1 2.19114E-1 2.31895E-1 2.42368E-1 2.3898E-1 2.3159E-1 2.30678E-1 2.21909E-1 2.18928E-1 2.13391E-1 2.21587E-1 2.34083E-1 2.39086E-1 2.5079E-1 2.577E-1 2.63601E-1 2.78849E-1 2.85026E-1 2.90169E-1 2.94726E-1 2.92188E-1 2.98851E-1 2.9236E-1 2.89655E-1 2.96955E-1 2.98866E-1 3.06509E-1 3.1318E-1 3.17049E-1 3.15811E-1 3.22312E-1 3.22602E-1 3.21499E-1 3.2885E-1 3.38036E-1 3.37562E-1 3.38093E-1 3.38825E-1 3.45734E-1 3.56062E-1 3.558E-1 3.62198E-1 3.67737E-1 3.7596E-1 3.84583E-1 3.96839E-1 3.9811E-1 3.99793E-1 3.98569E-1 3.98271E-1 3.93715E-1 3.90297E-1 3.88727E-1
1.86211E-1 1.92807E-1 2.02252E-1 2.0926E-1 2.08657E-1 2.09254E-1 2.09938E-1 2.07296E-1 2.08969E-1 2.14876E-1 2.33568E-1 2.46217E-1 2.39508E-1 2.35674E-1 2.31587E-1 2.24527E-1 2.11286E-1 2.15026E-1 2.23562E-1 2.29477E-1 2.43579E-1 2.48093E-1 2.52557E-1 2.61031E-1 2.73597E-1 2.86691E-1 2.89156E-1 2.91502E-1 2.91328E-1 2.96058E-1 2.94264E-1 2.95511E-1 2.99298E-1 3.05944E-1 3.08686E-1 3.20387E-1 3.16582E-1 3.16344E-1 3.2459E-1 3.22344E-1 3.19847E-1 3.24206E-1 3.38779E-1 3.5065E-1 3.50279E-1 3.53614E-1 3.58175E-1 3.67281E-1 3.75005E-1 3.78667E-1 3.86228E-1 3.90177E-1 3.97763E-1 4.0587E-1 4.18134E-1 4.25137E-1 4.20585E-1 4.13278E-1 4.07684E-1 3.98472E-1 3.90212E-1
1.87202E-1 1.89525E-1 1.98972E-1 2.02593E-1 2.06894E-1 2.05486E-1 2.03963E-1 2.06554E-1 2.11642E-1 2.14611E-1 2.30694E-1 2.39847E-1 2.44059E-1 2.38277E-1 2.26371E-1 2.21449E-1 2.18372E-1 2.216E-1 2.33482E-1 2.35402E-1 2.43983E-1 2.50303E-1 2.51263E-1 2.62833E-1 2.80034E-1 2.91566E-1 2.95188E-1 2.97524E-1 2.98898E-1 3.02799E-1 3.06692E-1 3.03734E-1 3.07453E-1 3.10216E-1 3.15716E-1 3.19539E-1 3.18666E-1 3.20505E-1 3.30379E-1 3.38343E-1 3.30615E-1 3.26565E-1 3.41736E-1 3.5379E-1 3.61122E-1 3.63216E-1 3.65363E-1 3.72937E-1 3.81427E-1 3.88624E-1 3.98479E-1 4.08426E-1 4.2093E-1 4.25701E-1 4.35475E-1 4.35152E-1 4.30648E-1 4.29628E-1 4.18333E-1 4.09887E-1 4.03804E-1
1.8998E-1 1.96686E-1 2.02874E-1 2.11643E-1 2.18148E-1 2.15151E-1 2.1524E-1 2.18506E-1 2.18684E-1 2.19242E-1 2.29415E-1 2.36692E-1 2.45903E-1 2.51586E-1 2.32764E-1 2.25024E-1 2.37368E-1 2.41431E-1 2.41174E-1 2.42797E-1 2.44379E-1 2.49863E-1 2.51972E-1 2.61441E-1 2.77609E-1 2.92645E-1 3.00523E-1 3.03611E-1 3.06616E-1 3.13487E-1 3.19263E-1 3.18191E-1 3.18613E-1 3.27144E-1 3.30638E-1 3.32572E-1 3.29667E-1 3.32297E-1 3.38719E-1 3.48427E-1 3.51165E-1 3.48199E-1 3.5598E-1 3.65017E-1 3.66618E-1 3.66418E-1 3.74909E-1 3.81634E-1 3.87546E-1 4.00245E-1 4.09547E-1 4.20281E-1 4.35289E-1 4.39507E-1 4.43425E-1 4.40054E-1 4.33046E-1 4.3743E-1 4.3509E-1 4.26638E-1 4.16402E-1
1.95186E-1 2.03692E-1 2.17624E-1 2.19164E-1 2.22045E-1 2.22485E-1 2.25406E-1 2.284E-1 2.29894E-1 2.31412E-1 2.37791E-1 2.42222E-1 2.45979E-1 2.51941E-1 2.40691E-1 2.38418E-1 2.4687E-1 2.46672E-1 2.42683E-1 2.4468E-1 2.5109E-1 2.54623E-1 2.60845E-1 2.68652E-1 2.85726E-1 2.96876E-1 3.08175E-1 3.1317E-1 3.27478E-1 3.34635E-1 3.30543E-1 3.2783E-1 3.3136E-1 3.3292E-1 3.42502E-1 3.55435E-1 3.65128E-1 3.48778E-1 3.55911E-1 3.6606E-1 3.79761E-1 3.74945E-1 3.74752E-1 3.7437E-1 3.72239E-1 3.79048E-1 3.85057E-1 3.87913E-1 3.98038E-1 4.04367E-1 4.21744E-1 4.3403E-1 4.38839E-1 4.4273E-1 4.43771E-1 4.41762E-1 4.347E-1 4.41747E-1 4.45006E-1 4.39541E-1 4.37436E-1
2.01597E-1 2.12032E-1 2.2199E-1 2.26852E-1 2.30085E-1 2.32169E-1 2.31326E-1 2.3106E-1 2.35068E-1 2.3895E-1 2.40915E-1 2.43438E-1 2.4374E-1 2.47739E-1 2.46557E-1 2.43957E-1 2.43788E-1 2.46678E-1 2.43848E-1 2.581E-1 2.64465E-1 2.6108E-1 2.69085E-1 2.79706E-1 2.94678E-1 3.10728E-1 3.18865E-1 3.26253E-1 3.31914E-1 3.41196E-1 3.41113E-1 3.452E-1 3.43242E-1 3.44224E-1 3.50699E-1 3.56908E-1 3.55474E-1 3.50878E-1 3.5491E-1 3.67351E-1 3.83557E-1 3.85526E-1 3.81383E-1 3.86981E-1 3.89842E-1 3.97261E-1 4.04833E-1 4.03331E-1 4.04554E-1 4.11009E-1 4.30612E-1 4.37274E-1 4.43043E-1 4.50875E-1 4.51342E-1 4.51007E-1 4.43043E-1 4.42059E-1 4.4995E-1 4.54863E-1 4.6576E-1
2.04751E-1 2.10209E-1 2.21005E-1 2.2778E-1 2.32878E-1 2.3441E-1 2.38129E-1 2.38313E-1 2.41059E-1 2.42746E-1 2.50238E-1 2.51329E-1 2.54009E-1 2.57251E-1 2.6042E-1 2.56981E-1 2.61469E-1 2.5577E-1 2.64E-1 2.6649E-1 2.71383E-1 2.77105E-1 2.87929E-1 2.98962E-1 3.13299E-1 3.18644E-1 3.23683E-1 3.35661E-1 3.38898E-1 3.48713E-1 3.53471E-1 3.51451E-1 3.51361E-1 3.50763E-1 3.56641E-1 3.5188E-1 3.54334E-1 3.57952E-1 3.61687E-1 3.69392E-1 3.76731E-1 3.85646E-1 3.95715E-1 4.06221E-1 4.12443E-1 4.22035E-1 4.21493E-1 4.17267E-1 4.17541E-1 4.21153E-1 4.31005E-1 4.41836E-1 4.45554E-1 4.46664E-1 4.43114E-1 4.51914E-1 4.49099E-1 4.57816E-1 4.61944E-1 4.72191E-1 4.84696E-1
2.0465E-1 2.10019E-1 2.1731E-1 2.26936E-1 2.33085E-1 2.39167E-1 2.42943E-1 2.47981E-1 2.49238E-1 2.59455E-1 2.60451E-1 2.66404E-1 2.82714E-1 2.81289E-1 2.75716E-1 2.77805E-1 2.72826E-1 2.6589E-1 2.77648E-1 2.83447E-1 2.81022E-1 2.9004E-1 3.10599E-1 3.12478E-1 3.24831E-1 3.3882E-1 3.39362E-1 3.43169E-1 3.5205E-1 3.59032E-1 3.63173E-1 3.60815E-1 3.62249E-1 3.56859E-1 3.64166E-1 3.58073E-1 3.63736E-1 3.6402E-1 3.69405E-1 3.83253E-1 3.86261E-1 3.89916E-1 4.09117E-1 4.19972E-1 4.25171E-1 4.27357E-1 4.23323E-1 4.23095E-1 4.26218E-1 4.31582E-1 4.41126E-1 4.44441E-1 4.45695E-1 4.51932E-1 4.48019E-1 4.55643E-1 4.60206E-1 4.61202E-1 4.76691E-1 4.99648E-1 5.19295E-1
2.02979E-1 2.12727E-1 2.22705E-1 2.26908E-1 2.3696E-1 2.44113E-1 2.45904E-1 2.5159E-1 2.58918E-1 2.63278E-1 2.75295E-1 2.82195E-1 2.95574E-1 2.9569E-1 2.90608E-1 2.883E-1 2.86122E-1 2.81742E-1 2.94165E-1 2.98414E-1 3.00259E-1 3.10546E-1 3.28176E-1 3.32211E-1 3.35911E-1 3.54518E-1 3.5001E-1 3.481E-1 3.57755E-1 3.68023E-1 3.7138E-1 3.73763E-1 3.76643E-1 3.74022E-1 3.8885E-1 3.77207E-1 3.7114E-1 3.79593E-1 3.83615E-1 3.93104E-1 3.93983E-1 4.00427E-1 4.13064E-1 4.2244E-1 4.26465E-1 4.20616E-1 4.18963E-1 4.22281E-1 4.3109E-1 4.39757E-1 4.48202E-1 4.55362E-1 4.5869E-1 4.61264E-1 4.63739E-1 4.69458E-1 4.7401E-1 4.83599E-1 4.88939E-1 5.1695E-1 5.40656E-1
2.21143E-1 2.27117E-1 2.38713E-1 2.45277E-1 2.46844E-1 2.50838E-1 2.54337E-1 2.61642E-1 2.69815E-1 2.75576E-1 2.81133E-1 2.88397E-1 3.00951E-1 3.01196E-1 3.03408E-1 3.01711E-1 3.00703E-1 2.98333E-1 3.0352E-1 3.12411E-1 3.16769E-1 3.23835E-1 3.37043E-1 3.53212E-1 3.59321E-1 3.56046E-1 3.56956E-1 3.61506E-1 3.69724E-1 3.75904E-1 3.77403E-1 3.88474E-1 3.85793E-1 3.88193E-1 3.89474E-1 3.87626E-1 3.93982E-1 4.01981E-1 4.00976E-1 4.12755E-1 4.12682E-1 4.09836E-1 4.19067E-1 4.22102E-1 4.17922E-1 4.19948E-1 4.22916E-1 4.33349E-1 4.44581E-1 4.54298E-1 4.57896E-1 4.64001E-1 4.70577E-1 4.80671E-1 4.90038E-1 4.89046E-1 5.01123E-1 5.13801E-1 5.19198E-1 5.34689E-1 5.56674E-1
2.4429E-1 2.45659E-1 2.44742E-1 2.50872E-1 2.63593E-1 2.72837E-1 2.75491E-1 2.81118E-1 2.85342E-1 2.91855E-1 2.99033E-1 3.05738E-1 3.0418E-1 3.07791E-1 3.11889E-1 3.16901E-1 3.11298E-1 3.1492E-1 3.18781E-1 3.2265E-1 3.33344E-1 3.44513E-1 3.5601E-1 3.61015E-1 3.67559E-1 3.63247E-1 3.68536E-1 3.7252E-1 3.8319E-1 3.87335E-1 3.91323E-1 3.92639E-1 3.86026E-1 3.83762E-1 3.92054E-1 3.96156E-1 4.11989E-1 4.12024E-1 4.14205E-1 4.18053E-1 4.14738E-1 4.14054E-1 4.23363E-1 4.26206E-1 4.27829E-1 4.22568E-1 4.23568E-1 4.35012E-1 4.53177E-1 4.67996E-1 4.68684E-1 4.72105E-1 4.85622E-1 4.99956E-1 5.03688E-1 5.14459E-1 5.2442E-1 5.3861E-1 5.40429E-1 5.54338E-1 5.71951E-1
2.54113E-1 2.5594E-1 2.57652E-1 2.62068E-1 2.67398E-1 2.80605E-1 2.93695E-1 2.95717E-1 2.98412E-1 3.04035E-1 3.14129E-1 3.21744E-1 3.20047E-1 3.16543E-1 3.20094E-1 3.26159E-1 3.17715E-1 3.28806E-1 3.41374E-1 3.5004E-1 3.59565E-1 3.66569E-1 3.71973E-1 3.82414E-1 3.76285E-1 3.76006E-1 3.84835E-1 3.88231E-1 3.99635E-1 4.05308E-1 4.03064E-1 4.00515E-1 3.9016E-1 3.84071E-1 3.84758E-1 3.94207E-1 4.12842E-1 4.14627E-1 4.13403E-1 4.16199E-1 4.16686E-1 4.18066E-1 4.29778E-1 4.41127E-1 4.44194E-1 4.43005E-1 4.39374E-1 4.46996E-1 4.64242E-1 4.79007E-1 4.85919E-1 4.91201E-1 5.02581E-1 5.16029E-1 5.29511E-1 5.39191E-1 5.49697E-1 5.4542E-1 5.52485E-1 5.51348E-1 5.62708E-1
2.60587E-1 2.61853E-1 2.66282E-1 2.76174E-1 2.8731E-1 2.95554E-1 3.08632E-1 3.11131E-1 3.04754E-1 3.09094E-1 3.16636E-1 3.27203E-1 3.29346E-1 3.28787E-1 3.23788E-1 3.35825E-1 3.35641E-1 3.30846E-1 3.5278E-1 3.7346E-1 3.88088E-1 3.95701E-1 3.92866E-1 4.02903E-1 3.9932E-1 3.96036E-1 4.04374E-1 4.12369E-1 4.18277E-1 4.20704E-1 4.22921E-1 4.12263E-1 3.9756E-1 3.8489E-1 3.9334E-1 4.07681E-1 4.24462E-1 4.26795E-1 4.30727E-1 4.30925E-1 4.26522E-1 4.30915E-1 4.45841E-1 4.51824E-1 4.62148E-1 4.63478E-1 4.65801E-1 4.65128E-1 4.82136E-1 4.96319E-1 5.08006E-1 5.19267E-1 5.219E-1 5.35099E-1 5.38152E-1 5.50604E-1 5.33453E-1 5.41956E-1 5.47149E-1 5.40179E-1 5.5477E-1
2.68223E-1 2.76294E-1 2.80121E-1 2.8282E-1 2.94451E-1 3.05728E-1 3.13883E-1 3.22883E-1 3.16534E-1 3.16563E-1 3.25863E-1 3.32265E-1 3.40791E-1 3.43657E-1 3.44689E-1 3.67722E-1 3.66144E-1 3.57705E-1 3.72435E-1 3.9138E-1 4.07741E-1 4.14959E-1 4.11625E-1 4.26372E-1 4.22925E-1 4.24308E-1 4.28887E-1 4.28382E-1 4.44807E-1 4.3854E-1 4.34996E-1 4.30211E-1 4.17603E-1 4.10563E-1 4.23244E-1 4.41752E-1 4.43E-1 4.43962E-1 4.45073E-1 4.45922E-1 4.44987E-1 4.47773E-1 4.58412E-1 4.62429E-1 4.75289E-1 4.80423E-1 4.88032E-1 4.93445E-1 5.00515E-1 5.17475E-1 5.32664E-1 5.4746E-1 5.57546E-1 5.61546E-1 5.55807E-1 5.40737E-1 5.41565E-1 5.47433E-1 5.62693E-1 5.59345E-1 5.78473E-1
2.71598E-1 2.75792E-1 2.87263E-1 2.97511E-1 2.9848E-1 3.0868E-1 3.11003E-1 3.15129E-1 3.17544E-1 3.27635E-1 3.33199E-1 3.41377E-1 3.47133E-1 3.55106E-1 3.66227E-1 3.77528E-1 3.8478E-1 3.82747E-1 3.94499E-1 4.092E-1 4.19333E-1 4.25954E-1 4.24558E-1 4.55201E-1 4.42454E-1 4.44438E-1 4.55184E-1 4.69341E-1 4.61998E-1 4.53573E-1 4.5575E-1 4.54151E-1 4.50329E-1 4.48034E-1 4.61619E-1 4.75315E-1 4.84826E-1 4.68559E-1 4.67181E-1 4.75285E-1 4.72413E-1 4.79463E-1 4.75933E-1 4.8445E-1 4.9031E-1 4.99733E-1 5.07982E-1 5.09998E-1 5.21938E-1 5.33913E-1 5.56525E-1 5.7363E-1 5.86323E-1 5.96776E-1 5.81739E-1 5.55768E-1 5.41301E-1 5.59824E-1 5.78396E-1 5.9351E-1 6.05724E-1
2.75078E-1 2.76481E-1 2.88293E-1 3.00537E-1 3.10946E-1 3.15596E-1 3.22101E-1 3.22063E-1 3.27461E-1 3.412E-1 3.43753E-1 3.53384E-1 3.55486E-1 3.62578E-1 3.76867E-1 3.89627E-1 4.00196E-1 4.08307E-1 4.11193E-1 4.23107E-1 4.33474E-1 4.27219E-1 4.40646E-1 4.54158E-1 4.55098E-1 4.58075E-1 4.77496E-1 4.7972E-1 4.71055E-1 4.59332E-1 4.67179E-1 4.66456E-1 4.70743E-1 5.0126E-1 4.94782E-1 4.76117E-1 4.67164E-1 4.80278E-1 4.81999E-1 4.90062E-1 5.10435E-1 5.25114E-1 5.06243E-1 5.27717E-1 5.0604E-1 5.15253E-1 5.25064E-1 5.35119E-1 5.50367E-1 5.67777E-1 5.84948E-1 5.9947E-1 6.20686E-1 6.33567E-1 6.10732E-1 5.79461E-1 5.6418E-1 5.79026E-1 5.90036E-1 6.04133E-1 6.21955E-1
2.68294E-1 2.78077E-1 2.86113E-1 2.99297E-1 3.07603E-1 3.14531E-1 3.24014E-1 3.38649E-1 3.42424E-1 3.42667E-1 3.5015E-1 3.58971E-1 3.672E-1 3.72478E-1 3.85061E-1 3.96595E-1 4.09173E-1 4.21509E-1 4.37936E-1 4.36719E-1 4.30305E-1 4.37543E-1 4.45933E-1 4.54456E-1 4.60923E-1 4.81248E-1 4.90451E-1 4.84762E-1 4.82539E-1 4.78206E-1 4.72038E-1 4.72465E-1 4.93019E-1 5.04762E-1 5.01718E-1 4.99273E-1 4.9726E-1 5.01673E-1 4.99537E-1 4.94067E-1 5.01185E-1 5.08277E-1 5.1724E-1 5.36146E-1 5.2719E-1 5.27116E-1 5.40791E-1 5.5789E-1 5.7421E-1 5.92345E-1 6.12411E-1 6.14196E-1 6.37683E-1 6.31232E-1 6.10166E-1 5.94416E-1 5.88802E-1 5.93616E-1 5.96801E-1 6.13738E-1 6.18988E-1
2.72783E-1 2.75412E-1 2.8474E-1 2.95633E-1 3.07274E-1 3.22901E-1 3.33717E-1 3.38232E-1 3.49124E-1 3.55427E-1 3.60599E-1 3.71528E-1 3.75989E-1 3.91075E-1 3.95545E-1 4.0554E-1 4.11509E-1 4.25362E-1 4.34527E-1 4.35425E-1 4.33544E-1 4.42076E-1 4.50217E-1 4.64681E-1 4.72905E-1 5.01438E-1 5.01506E-1 4.99432E-1 4.97592E-1 4.91316E-1 4.92243E-1 4.92666E-1 5.01873E-1 5.09517E-1 5.09842E-1 5.15932E-1 5.1139E-1 5.17035E-1 5.12017E-1 5.0586E-1 5.0426E-1 5.16356E-1 5.39578E-1 5.36899E-1 5.41613E-1 5.43659E-1 5.49788E-1 5.62825E-1 5.86009E-1 6.09812E-1 6.32079E-1 6.20284E-1 6.26412E-1 6.2968E-1 6.16806E-1 6.11928E-1 6.09395E-1 6.05204E-1 6.0963E-1 6.26853E-1 6.28379E-1
