maxent_outputs/white_flowers_troch_bombus_environ/white_20.asc
ncols         426
nrows         180
xllcorner     -130.0
yllcorner     24.0
cellsize      0.16666666666666666
NODATA_value  -9999
[rows 81 to 107 of 180, columns 183 to 243 of 426]
7.79287E-2 8.15023E-2 8.3128E-2 8.31405E-2 8.55557E-2 9.0108E-2 9.36252E-2 9.84235E-2 1.0233E-1 1.02127E-1 1.01926E-1 1.00942E-1 1.0152E-1 1.07425E-1 1.11815E-1 1.10231E-1 1.06742E-1 1.06466E-1 1.10913E-1 1.10094E-1 1.08393E-1 1.13126E-1 1.20417E-1 1.26403E-1 1.21132E-1 1.14966E-1 1.16568E-1 1.13295E-1 1.17356E-1 1.23015E-1 1.26618E-1 1.24133E-1 1.24313E-1 1.25439E-1 1.26913E-1 1.18911E-1 1.05287E-1 9.72081E-2 9.85398E-2 1.0831E-1 1.18548E-1 1.17177E-1 1.19369E-1 1.21524E-1 1.22492E-1 1.2571E-1 1.27497E-1 1.34849E-1 1.42617E-1 1.23011E-1 1.20113E-1 1.22654E-1 1.22899E-1 1.16707E-1 1.18744E-1 1.20664E-1 1.22433E-1 1.27323E-1 1.12869E-1 1.07261E-1 1.04659E-1
8.39178E-2 8.30206E-2 8.46669E-2 8.68766E-2 8.78842E-2 8.8438E-2 9.14881E-2 9.63304E-2 1.02684E-1 1.07401E-1 1.06313E-1 1.0458E-1 1.08973E-1 1.1238E-1 1.11676E-1 1.12214E-1 1.1229E-1 1.12112E-1 1.10505E-1 1.14199E-1 1.16903E-1 1.17573E-1 1.19812E-1 1.28193E-1 1.32047E-1 1.22997E-1 1.24017E-1 1.20952E-1 1.25592E-1 1.26636E-1 1.29853E-1 1.26161E-1 1.29369E-1 1.26662E-1 1.29652E-1 1.20293E-1 1.01982E-1 8.72608E-2 8.11029E-2 9.13009E-2 1.12555E-1 1.19586E-1 1.20531E-1 1.24559E-1 1.27969E-1 1.31477E-1 1.32239E-1 1.37989E-1 1.37343E-1 1.28116E-1 1.21483E-1 1.26524E-1 1.30325E-1 1.24071E-1 1.26638E-1 1.27235E-1 1.25576E-1 1.19619E-1 1.15764E-1 1.12223E-1 1.08758E-1
9.34663E-2 9.58552E-2 9.40429E-2 9.55002E-2 9.44119E-2 9.61073E-2 9.87456E-2 1.026E-1 1.03939E-1 1.06414E-1 1.09225E-1 1.10215E-1 1.12888E-1 1.17928E-1 1.19264E-1 1.17994E-1 1.19996E-1 1.22603E-1 1.17751E-1 1.2147E-1 1.2528E-1 1.27211E-1 1.28495E-1 1.31822E-1 1.37763E-1 1.39083E-1 1.32384E-1 1.31277E-1 1.29937E-1 1.26791E-1 1.28064E-1 1.33604E-1 1.37066E-1 1.32153E-1 1.30291E-1 1.24025E-1 1.07574E-1 9.17413E-2 8.48896E-2 9.34032E-2 1.12052E-1 1.22711E-1 1.22253E-1 1.26047E-1 1.30176E-1 1.30106E-1 1.31467E-1 1.34342E-1 1.39602E-1 1.29601E-1 1.27581E-1 1.27452E-1 1.3313E-1 1.31479E-1 1.38268E-1 1.41673E-1 1.27965E-1 1.23321E-1 1.20943E-1 1.1648E-1 1.15039E-1
8.94423E-2 8.86296E-2 8.95077E-2 9.27774E-2 9.23665E-2 9.12023E-2 9.78291E-2 1.0498E-1 1.14478E-1 1.21262E-1 1.19994E-1 1.17193E-1 1.19048E-1 1.23526E-1 1.27514E-1 1.2839E-1 1.24881E-1 1.24845E-1 1.18029E-1 1.25194E-1 1.30837E-1 1.21905E-1 1.25347E-1 1.32519E-1 1.34109E-1 1.44172E-1 1.44615E-1 1.43458E-1 1.36703E-1 1.29373E-1 1.31708E-1 1.3507E-1 1.35205E-1 1.40039E-1 1.37264E-1 1.35506E-1 1.24874E-1 1.15823E-1 1.11136E-1 1.12419E-1 1.22E-1 1.26457E-1 1.28021E-1 1.31391E-1 1.30371E-1 1.32623E-1 1.32551E-1 1.35167E-1 1.41422E-1 1.34123E-1 1.32939E-1 1.34914E-1 1.35586E-1 1.41783E-1 1.34481E-1 1.28056E-1 1.24444E-1 1.22397E-1 1.25998E-1 1.20184E-1 1.12844E-1
9.25851E-2 9.54898E-2 9.47062E-2 9.65768E-2 9.79107E-2 9.85214E-2 1.01697E-1 1.07317E-1 1.15455E-1 1.26093E-1 1.28662E-1 1.28174E-1 1.27043E-1 1.27961E-1 1.29983E-1 1.33238E-1 1.35081E-1 1.30991E-1 1.29583E-1 1.28943E-1 1.28526E-1 1.26638E-1 1.30356E-1 1.31295E-1 1.36097E-1 1.41279E-1 1.43382E-1 1.53485E-1 1.45644E-1 1.36496E-1 1.3441E-1 1.32498E-1 1.34227E-1 1.35835E-1 1.42331E-1 1.45822E-1 1.43224E-1 1.42805E-1 1.37229E-1 1.30396E-1 1.32232E-1 1.3459E-1 1.36804E-1 1.33117E-1 1.33961E-1 1.31946E-1 1.32162E-1 1.30471E-1 1.37301E-1 1.41906E-1 1.3884E-1 1.33279E-1 1.38432E-1 1.43603E-1 1.3501E-1 1.34841E-1 1.28257E-1 1.24209E-1 1.22604E-1 1.25832E-1 1.1911E-1
9.59944E-2 9.81471E-2 9.85565E-2 1.00817E-1 1.05522E-1 1.07721E-1 1.11263E-1 1.13559E-1 1.19449E-1 1.23324E-1 1.30557E-1 1.34478E-1 1.37036E-1 1.38683E-1 1.32431E-1 1.33051E-1 1.33894E-1 1.38331E-1 1.31794E-1 1.3179E-1 1.33936E-1 1.3044E-1 1.38293E-1 1.40603E-1 1.39763E-1 1.46195E-1 1.62196E-1 1.5246E-1 1.50501E-1 1.43009E-1 1.37485E-1 1.34334E-1 1.34387E-1 1.3749E-1 1.44291E-1 1.47509E-1 1.46744E-1 1.55083E-1 1.42664E-1 1.40794E-1 1.36977E-1 1.40756E-1 1.33157E-1 1.34127E-1 1.33068E-1 1.34091E-1 1.35684E-1 1.34373E-1 1.36269E-1 1.46435E-1 1.49593E-1 1.37946E-1 1.38004E-1 1.43798E-1 1.38286E-1 1.35989E-1 1.31432E-1 1.25246E-1 1.22377E-1 1.21137E-1 1.21891E-1
1.03922E-1 9.98479E-2 1.01202E-1 1.02838E-1 1.09132E-1 1.12816E-1 1.20527E-1 1.18887E-1 1.21962E-1 1.26823E-1 1.27119E-1 1.29475E-1 1.37516E-1 1.44815E-1 1.4242E-1 1.3827E-1 1.4534E-1 1.41163E-1 1.35234E-1 1.41187E-1 1.3915E-1 1.38345E-1 1.42913E-1 1.46849E-1 1.47322E-1 1.4935E-1 1.63574E-1 1.68417E-1 1.60634E-1 1.54133E-1 1.45135E-1 1.4055E-1 1.38483E-1 1.41231E-1 1.45707E-1 1.46724E-1 1.50862E-1 1.5333E-1 1.4746E-1 1.45402E-1 1.40377E-1 1.3784E-1 1.32048E-1 1.32462E-1 1.33894E-1 1.37896E-1 1.404E-1 1.32817E-1 1.35022E-1 1.34854E-1 1.47208E-1 1.54221E-1 1.48224E-1 1.49802E-1 1.42689E-1 1.40788E-1 1.34202E-1 1.29472E-1 1.2402E-1 1.19029E-1 1.17839E-1
1.04356E-1 1.01289E-1 1.00242E-1 1.03148E-1 1.07531E-1 1.08941E-1 1.12507E-1 1.20929E-1 1.28153E-1 1.29438E-1 1.33471E-1 1.33927E-1 1.39091E-1 1.42313E-1 1.49411E-1 1.5163E-1 1.42216E-1 1.48454E-1 1.49443E-1 1.55597E-1 1.51905E-1 1.48591E-1 1.50517E-1 1.50602E-1 1.62299E-1 1.5527E-1 1.68148E-1 1.71635E-1 1.65965E-1 1.55555E-1 1.52093E-1 1.51153E-1 1.45555E-1 1.44527E-1 1.44821E-1 1.52064E-1 1.53673E-1 1.53179E-1 1.47055E-1 1.53332E-1 1.46796E-1 1.44297E-1 1.40778E-1 1.34667E-1 1.32479E-1 1.33566E-1 1.31939E-1 1.33122E-1 1.36117E-1 1.38133E-1 1.39664E-1 1.49016E-1 1.57589E-1 1.54961E-1 1.4527E-1 1.43063E-1 1.39114E-1 1.33604E-1 1.2635E-1 1.24214E-1 1.20943E-1
1.05826E-1 1.07742E-1 1.08232E-1 1.14369E-1 1.15018E-1 1.18028E-1 1.21589E-1 1.24592E-1 1.28328E-1 1.33255E-1 1.35986E-1 1.38611E-1 1.43229E-1 1.42589E-1 1.45171E-1 1.51853E-1 1.46519E-1 1.41535E-1 1.42937E-1 1.49966E-1 1.54908E-1 1.57511E-1 1.62665E-1 1.64852E-1 1.6816E-1 1.65931E-1 1.69311E-1 1.70685E-1 1.71135E-1 1.67957E-1 1.59396E-1 1.51947E-1 1.47155E-1 1.42093E-1 1.40094E-1 1.42517E-1 1.46223E-1 1.50069E-1 1.54729E-1 1.60453E-1 1.58907E-1 1.57031E-1 1.54866E-1 1.42625E-1 1.35493E-1 1.35075E-1 1.35719E-1 1.38083E-1 1.39456E-1 1.46006E-1 1.51209E-1 1.47321E-1 1.62551E-1 1.6132E-1 1.47532E-1 1.42501E-1 1.38104E-1 1.32541E-1 1.30617E-1 1.27303E-1 1.26603E-1
1.0187E-1 1.0542E-1 1.10563E-1 1.17162E-1 1.20004E-1 1.27822E-1 1.26635E-1 1.23632E-1 1.28223E-1 1.36E-1 1.41737E-1 1.47799E-1 1.46819E-1 1.4543E-1 1.36769E-1 1.42018E-1 1.38978E-1 1.32714E-1 1.36227E-1 1.42451E-1 1.41664E-1 1.50719E-1 1.60299E-1 1.61904E-1 1.63907E-1 1.69448E-1 1.69767E-1 1.65627E-1 1.60676E-1 1.60702E-1 1.54484E-1 1.50781E-1 1.43107E-1 1.39278E-1 1.40177E-1 1.48705E-1 1.53864E-1 1.56662E-1 1.62978E-1 1.66058E-1 1.70318E-1 1.71201E-1 1.667E-1 1.49764E-1 1.42557E-1 1.4365E-1 1.50007E-1 1.5182E-1 1.45049E-1 1.47297E-1 1.51634E-1 1.57036E-1 1.60883E-1 1.66988E-1 1.62457E-1 1.56686E-1 1.48899E-1 1.41549E-1 1.36591E-1 1.34526E-1 1.33361E-1
1.06231E-1 1.11154E-1 1.17368E-1 1.19799E-1 1.22856E-1 1.26956E-1 1.26311E-1 1.25011E-1 1.29551E-1 1.39723E-1 1.46027E-1 1.44666E-1 1.42378E-1 1.39676E-1 1.31635E-1 1.33016E-1 1.34125E-1 1.36749E-1 1.35729E-1 1.37672E-1 1.42735E-1 1.50891E-1 1.57082E-1 1.60591E-1 1.57489E-1 1.61311E-1 1.59032E-1 1.64286E-1 1.55899E-1 1.52794E-1 1.50008E-1 1.50621E-1 1.47291E-1 1.40408E-1 1.4385E-1 1.49342E-1 1.51612E-1 1.5798E-1 1.65785E-1 1.71564E-1 1.70771E-1 1.76998E-1 1.80682E-1 1.63086E-1 1.54966E-1 1.59154E-1 1.63745E-1 1.64632E-1 1.64855E-1 1.6049E-1 1.56854E-1 1.5455E-1 1.59084E-1 1.6246E-1 1.61226E-1 1.6174E-1 1.59336E-1 1.47539E-1 1.42995E-1 1.41694E-1 1.42026E-1
1.07477E-1 1.13212E-1 1.14185E-1 1.19241E-1 1.25993E-1 1.32024E-1 1.27561E-1 1.28779E-1 1.39267E-1 1.51161E-1 1.48834E-1 1.45113E-1 1.41905E-1 1.35544E-1 1.36176E-1 1.33651E-1 1.3943E-1 1.41713E-1 1.46134E-1 1.47606E-1 1.4839E-1 1.51016E-1 1.59394E-1 1.64255E-1 1.64069E-1 1.66691E-1 1.6593E-1 1.66047E-1 1.59636E-1 1.54609E-1 1.57862E-1 1.53386E-1 1.50408E-1 1.46155E-1 1.43845E-1 1.48003E-1 1.47134E-1 1.55896E-1 1.66692E-1 1.75103E-1 1.72734E-1 1.83356E-1 1.80152E-1 1.74292E-1 1.68287E-1 1.70645E-1 1.68934E-1 1.7189E-1 1.61856E-1 1.63214E-1 1.65277E-1 1.6539E-1 1.63664E-1 1.60134E-1 1.64124E-1 1.66793E-1 1.60784E-1 1.495E-1 1.47307E-1 1.47631E-1 1.49644E-1
1.10255E-1 1.13974E-1 1.17796E-1 1.23721E-1 1.38513E-1 1.42985E-1 1.3785E-1 1.37375E-1 1.39746E-1 1.45026E-1 1.49726E-1 1.43403E-1 1.36111E-1 1.34265E-1 1.5176E-1 1.46552E-1 1.47625E-1 1.53333E-1 1.56554E-1 1.5819E-1 1.5437E-1 1.50709E-1 1.5502E-1 1.5528E-1 1.62406E-1 1.68591E-1 1.71195E-1 1.69973E-1 1.6979E-1 1.61493E-1 1.58738E-1 1.57039E-1 1.57094E-1 1.59726E-1 1.55149E-1 1.57383E-1 1.53827E-1 1.57102E-1 1.63503E-1 1.71868E-1 1.73212E-1 1.76603E-1 1.79737E-1 1.78039E-1 1.72719E-1 1.71523E-1 1.71378E-1 1.69886E-1 1.58863E-1 1.58907E-1 1.61632E-1 1.59011E-1 1.59234E-1 1.60207E-1 1.65792E-1 1.65355E-1 1.54903E-1 1.54939E-1 1.54391E-1 1.531E-1 1.49543E-1
1.14815E-1 1.15048E-1 1.19554E-1 1.30286E-1 1.39849E-1 1.48211E-1 1.48265E-1 1.49408E-1 1.48051E-1 1.53998E-1 1.52817E-1 1.49137E-1 1.41787E-1 1.38231E-1 1.50731E-1 1.5891E-1 1.56104E-1 1.56743E-1 1.56293E-1 1.59031E-1 1.53911E-1 1.53861E-1 1.63538E-1 1.58921E-1 1.66442E-1 1.73175E-1 1.72584E-1 1.73354E-1 1.7744E-1 1.71769E-1 1.66467E-1 1.61517E-1 1.57614E-1 1.59811E-1 1.68331E-1 1.74143E-1 1.79055E-1 1.71491E-1 1.80124E-1 1.88E-1 1.99475E-1 1.92911E-1 1.86613E-1 1.80401E-1 1.68666E-1 1.70383E-1 1.65146E-1 1.58967E-1 1.57126E-1 1.54952E-1 1.59294E-1 1.57806E-1 1.53838E-1 1.57869E-1 1.69257E-1 1.65691E-1 1.58822E-1 1.64259E-1 1.54921E-1 1.4849E-1 1.47563E-1
1.15844E-1 1.22593E-1 1.28351E-1 1.34155E-1 1.45158E-1 1.49114E-1 1.53264E-1 1.51548E-1 1.54708E-1 1.64062E-1 1.63709E-1 1.64273E-1 1.59403E-1 1.5239E-1 1.55688E-1 1.5604E-1 1.58094E-1 1.55373E-1 1.55175E-1 1.57666E-1 1.59433E-1 1.57144E-1 1.63273E-1 1.70696E-1 1.71185E-1 1.66077E-1 1.69949E-1 1.72703E-1 1.74664E-1 1.72081E-1 1.72868E-1 1.78212E-1 1.74398E-1 1.71908E-1 1.74702E-1 1.73448E-1 1.72217E-1 1.6843E-1 1.74202E-1 1.88607E-1 1.97152E-1 1.89658E-1 1.75526E-1 1.67805E-1 1.61643E-1 1.6739E-1 1.559E-1 1.52942E-1 1.53534E-1 1.55334E-1 1.52617E-1 1.48298E-1 1.49959E-1 1.51546E-1 1.58563E-1 1.73206E-1 1.67172E-1 1.61306E-1 1.49964E-1 1.49237E-1 1.49378E-1
1.20667E-1 1.27342E-1 1.31624E-1 1.39891E-1 1.47397E-1 1.52576E-1 1.53537E-1 1.5972E-1 1.60791E-1 1.68254E-1 1.66396E-1 1.72341E-1 1.70868E-1 1.61593E-1 1.6486E-1 1.64874E-1 1.72835E-1 1.65014E-1 1.70392E-1 1.71357E-1 1.69298E-1 1.66477E-1 1.70121E-1 1.77874E-1 1.83814E-1 1.74109E-1 1.74112E-1 1.77627E-1 1.77818E-1 1.75897E-1 1.82954E-1 1.78809E-1 1.75403E-1 1.77965E-1 1.8157E-1 1.72971E-1 1.65826E-1 1.70965E-1 1.70311E-1 1.79753E-1 1.7937E-1 1.70735E-1 1.6615E-1 1.63595E-1 1.65077E-1 1.62188E-1 1.50762E-1 1.52144E-1 1.5171E-1 1.49279E-1 1.49379E-1 1.4224E-1 1.41978E-1 1.48065E-1 1.42453E-1 1.5543E-1 1.60731E-1 1.68802E-1 1.59642E-1 1.49516E-1 1.46191E-1
1.21215E-1 1.26736E-1 1.3374E-1 1.39405E-1 1.4797E-1 1.50714E-1 1.59648E-1 1.6337E-1 1.69616E-1 1.7847E-1 1.75346E-1 1.70147E-1 1.77853E-1 1.7268E-1 1.72765E-1 1.73152E-1 1.68979E-1 1.66495E-1 1.76304E-1 1.80726E-1 1.75232E-1 1.77404E-1 1.76387E-1 1.87988E-1 1.93882E-1 1.7997E-1 1.76853E-1 1.79798E-1 1.78731E-1 1.82321E-1 1.79803E-1 1.75316E-1 1.72678E-1 1.77971E-1 1.81853E-1 1.71238E-1 1.69015E-1 1.69485E-1 1.66146E-1 1.74472E-1 1.65436E-1 1.60655E-1 1.63641E-1 1.59464E-1 1.59838E-1 1.52662E-1 1.4663E-1 1.45115E-1 1.47915E-1 1.44811E-1 1.40831E-1 1.36927E-1 1.36615E-1 1.35343E-1 1.36634E-1 1.3719E-1 1.49095E-1 1.49502E-1 1.50869E-1 1.57997E-1 1.57582E-1
1.19442E-1 1.23021E-1 1.33419E-1 1.39042E-1 1.44539E-1 1.48864E-1 1.55934E-1 1.66878E-1 1.70296E-1 1.78671E-1 1.80335E-1 1.76604E-1 1.74761E-1 1.80349E-1 1.80051E-1 1.81324E-1 1.70562E-1 1.64833E-1 1.76344E-1 1.80772E-1 1.80793E-1 1.8394E-1 1.85196E-1 1.90864E-1 1.95832E-1 1.89226E-1 1.89566E-1 1.84687E-1 1.8405E-1 1.84267E-1 1.73371E-1 1.69306E-1 1.68619E-1 1.67749E-1 1.86747E-1 1.72043E-1 1.62088E-1 1.61957E-1 1.64505E-1 1.62894E-1 1.51899E-1 1.53859E-1 1.55201E-1 1.49811E-1 1.47544E-1 1.40583E-1 1.36577E-1 1.39345E-1 1.4079E-1 1.41995E-1 1.39154E-1 1.38793E-1 1.29922E-1 1.33E-1 1.36886E-1 1.30003E-1 1.31361E-1 1.33868E-1 1.38946E-1 1.49841E-1 1.53212E-1
1.25589E-1 1.30329E-1 1.43127E-1 1.51956E-1 1.49649E-1 1.5058E-1 1.50642E-1 1.61786E-1 1.73337E-1 1.82809E-1 1.8225E-1 1.80381E-1 1.7895E-1 1.87386E-1 1.85936E-1 1.84919E-1 1.75652E-1 1.75445E-1 1.83048E-1 1.89119E-1 1.92822E-1 1.90847E-1 1.94877E-1 1.95724E-1 1.90322E-1 1.97299E-1 2.04736E-1 1.98063E-1 1.95602E-1 1.89093E-1 1.77364E-1 1.69658E-1 1.62631E-1 1.60728E-1 1.66756E-1 1.60391E-1 1.63505E-1 1.59593E-1 1.55045E-1 1.49044E-1 1.48193E-1 1.45608E-1 1.44625E-1 1.38821E-1 1.3473E-1 1.38377E-1 1.41123E-1 1.55973E-1 1.52843E-1 1.45383E-1 1.38585E-1 1.40244E-1 1.36918E-1 1.33926E-1 1.34576E-1 1.30922E-1 1.2743E-1 1.31252E-1 1.34224E-1 1.40806E-1 1.54331E-1
1.43253E-1 1.3569E-1 1.47459E-1 1.56277E-1 1.60543E-1 1.63656E-1 1.6231E-1 1.71291E-1 1.77539E-1 1.77878E-1 1.88126E-1 1.84813E-1 1.82714E-1 1.85532E-1 1.95934E-1 1.93337E-1 1.87909E-1 1.88005E-1 1.95931E-1 1.97549E-1 2.029E-1 2.05936E-1 2.10454E-1 2.04971E-1 2.05752E-1 2.08692E-1 2.20056E-1 2.12913E-1 2.00821E-1 1.99223E-1 1.88902E-1 1.7405E-1 1.64068E-1 1.56993E-1 1.56646E-1 1.51858E-1 1.49724E-1 1.51743E-1 1.503E-1 1.43398E-1 1.40164E-1 1.43351E-1 1.41273E-1 1.29064E-1 1.31001E-1 1.31259E-1 1.4083E-1 1.49479E-1 1.61077E-1 1.5617E-1 1.42947E-1 1.39543E-1 1.38703E-1 1.39422E-1 1.33419E-1 1.28781E-1 1.27389E-1 1.32419E-1 1.41058E-1 1.47405E-1 1.54495E-1
1.55094E-1 1.52742E-1 1.67275E-1 1.75481E-1 1.7196E-1 1.71898E-1 1.68593E-1 1.75684E-1 1.70641E-1 1.77049E-1 1.8237E-1 1.88514E-1 1.93723E-1 1.96923E-1 2.07891E-1 2.06985E-1 1.96417E-1 2.05428E-1 2.16532E-1 2.09326E-1 2.13535E-1 2.15217E-1 2.14138E-1 2.20531E-1 2.1588E-1 2.14776E-1 2.2367E-1 2.14584E-1 2.12462E-1 2.07578E-1 1.86999E-1 1.74902E-1 1.68674E-1 1.58189E-1 1.49216E-1 1.42367E-1 1.46296E-1 1.53312E-1 1.50561E-1 1.50489E-1 1.50039E-1 1.55114E-1 1.45973E-1 1.37779E-1 1.38122E-1 1.37224E-1 1.45687E-1 1.50678E-1 1.52359E-1 1.49272E-1 1.51789E-1 1.37341E-1 1.3603E-1 1.3215E-1 1.3761E-1 1.31741E-1 1.3557E-1 1.32075E-1 1.36749E-1 1.39277E-1 1.51504E-1
1.61388E-1 1.65908E-1 1.68491E-1 1.81825E-1 1.88532E-1 1.83851E-1 1.73119E-1 1.81668E-1 1.74729E-1 1.83543E-1 1.90182E-1 1.94996E-1 2.0721E-1 2.15986E-1 2.164E-1 2.23899E-1 2.14615E-1 2.1144E-1 2.16698E-1 2.29016E-1 2.34294E-1 2.3688E-1 2.22433E-1 2.28737E-1 2.21359E-1 2.17525E-1 2.19064E-1 2.27422E-1 2.16332E-1 1.96628E-1 1.81625E-1 1.74041E-1 1.69146E-1 1.57831E-1 1.503E-1 1.52499E-1 1.63118E-1 1.64168E-1 1.71607E-1 1.71195E-1 1.64817E-1 1.6889E-1 1.67903E-1 1.60072E-1 1.55254E-1 1.40567E-1 1.41215E-1 1.45538E-1 1.44747E-1 1.42476E-1 1.41751E-1 1.39491E-1 1.27723E-1 1.34213E-1 1.42967E-1 1.49042E-1 1.35617E-1 1.39815E-1 1.47273E-1 1.45531E-1 1.45187E-1
1.66309E-1 1.81786E-1 1.86835E-1 1.84109E-1 1.88377E-1 1.8389E-1 1.78056E-1 1.98207E-1 1.84451E-1 1.91689E-1 1.98414E-1 2.13436E-1 2.1922E-1 2.3099E-1 2.3711E-1 2.45849E-1 2.3649E-1 2.22788E-1 2.30707E-1 2.35105E-1 2.41842E-1 2.4622E-1 2.32597E-1 2.38206E-1 2.25481E-1 2.21972E-1 2.24798E-1 2.27038E-1 2.27675E-1 1.99212E-1 1.83756E-1 1.75091E-1 1.63856E-1 1.51795E-1 1.58928E-1 1.73001E-1 1.73625E-1 1.79894E-1 1.85075E-1 1.83319E-1 1.78196E-1 1.74314E-1 1.73266E-1 1.68447E-1 1.59735E-1 1.42629E-1 1.41007E-1 1.44401E-1 1.41575E-1 1.42223E-1 1.35135E-1 1.38663E-1 1.30172E-1 1.36625E-1 1.48913E-1 1.52411E-1 1.47043E-1 1.48046E-1 1.55014E-1 1.5186E-1 1.48831E-1
1.62402E-1 1.68644E-1 1.86093E-1 1.97252E-1 1.92217E-1 1.91931E-1 1.91207E-1 1.85684E-1 1.82426E-1 1.8867E-1 2.01869E-1 2.21929E-1 2.3121E-1 2.39132E-1 2.47729E-1 2.51886E-1 2.54313E-1 2.45958E-1 2.4622E-1 2.45816E-1 2.4543E-1 2.52241E-1 2.43858E-1 2.5827E-1 2.32884E-1 2.29277E-1 2.37292E-1 2.5301E-1 2.37893E-1 2.08113E-1 1.99761E-1 1.85436E-1 1.67878E-1 1.52379E-1 1.69517E-1 1.87054E-1 1.9544E-1 1.90763E-1 1.95913E-1 1.93692E-1 1.94097E-1 1.93727E-1 1.74649E-1 1.76103E-1 1.56701E-1 1.45481E-1 1.43949E-1 1.45651E-1 1.39023E-1 1.41212E-1 1.38373E-1 1.35902E-1 1.36913E-1 1.46394E-1 1.60539E-1 1.6235E-1 1.57275E-1 1.56772E-1 1.62114E-1 1.56854E-1 1.61253E-1
1.63075E-1 1.73228E-1 1.81229E-1 2.0147E-1 2.08877E-1 2.07084E-1 2.11411E-1 2.01317E-1 1.94044E-1 1.94214E-1 2.04894E-1 2.19243E-1 2.36305E-1 2.42393E-1 2.52479E-1 2.59259E-1 2.63067E-1 2.67819E-1 2.66395E-1 2.70978E-1 2.6317E-1 2.57151E-1 2.50615E-1 2.51466E-1 2.41615E-1 2.48444E-1 2.68738E-1 2.50733E-1 2.22272E-1 2.0026E-1 1.8926E-1 1.809E-1 1.73718E-1 1.8448E-1 1.71015E-1 1.69527E-1 1.6531E-1 1.69822E-1 1.79492E-1 2.01645E-1 2.14982E-1 2.20845E-1 1.82398E-1 2.05643E-1 1.65375E-1 1.52786E-1 1.54412E-1 1.5642E-1 1.48089E-1 1.45673E-1 1.43141E-1 1.41099E-1 1.54836E-1 1.63248E-1 1.63364E-1 1.60696E-1 1.67119E-1 1.67478E-1 1.70988E-1 1.71398E-1 1.75783E-1
1.616E-1 1.75417E-1 1.8468E-1 1.9429E-1 2.04487E-1 2.13749E-1 2.16887E-1 2.18659E-1 2.12195E-1 2.11438E-1 2.19971E-1 2.27314E-1 2.33302E-1 2.47111E-1 2.54161E-1 2.57046E-1 2.61968E-1 2.6983E-1 2.8854E-1 2.83975E-1 2.66029E-1 2.63441E-1 2.51762E-1 2.50678E-1 2.46273E-1 2.61989E-1 2.54918E-1 2.25692E-1 2.16402E-1 2.04509E-1 1.8725E-1 1.7976E-1 1.82596E-1 1.76551E-1 1.61715E-1 1.65136E-1 1.60678E-1 1.57675E-1 1.67591E-1 1.80467E-1 1.82839E-1 1.90056E-1 1.87081E-1 2.0148E-1 1.7431E-1 1.61066E-1 1.62361E-1 1.62179E-1 1.6111E-1 1.56737E-1 1.53853E-1 1.70758E-1 1.75323E-1 1.73283E-1 1.67439E-1 1.72425E-1 1.79093E-1 1.81329E-1 1.82214E-1 1.84886E-1 1.67229E-1
1.71458E-1 1.84024E-1 1.86136E-1 1.96258E-1 2.081E-1 2.29628E-1 2.24147E-1 2.23448E-1 2.33676E-1 2.35414E-1 2.38766E-1 2.4413E-1 2.46876E-1 2.61855E-1 2.70969E-1 2.72611E-1 2.80476E-1 2.78405E-1 2.84409E-1 2.83397E-1 2.74451E-1 2.58905E-1 2.45106E-1 2.53206E-1 2.55742E-1 2.60049E-1 2.35779E-1 2.22766E-1 2.2213E-1 2.05801E-1 1.96471E-1 1.86716E-1 1.78808E-1 1.67247E-1 1.62761E-1 1.60612E-1 1.51316E-1 1.57503E-1 1.7519E-1 1.76623E-1 1.84509E-1 1.95276E-1 1.97076E-1 1.90725E-1 1.90118E-1 1.72955E-1 1.66171E-1 1.70272E-1 1.69529E-1 1.65377E-1 1.79791E-1 1.86608E-1 1.89675E-1 1.73117E-1 1.84613E-1 1.90328E-1 1.96038E-1 1.96503E-1 1.9298E-1 1.93992E-1 1.82982E-1
