maxent_outputs/white_flowers_troch_bombus_environ/white_327.asc
ncols         426
nrows         180
xllcorner     -130.0
yllcorner     24.0
cellsize      0.16666666666666666
NODATA_value  -9999
[rows 27 to 53 of 180, columns 244 to 304 of 426]
4.03685E-2 4.09808E-2 4.24507E-2 4.47349E-2 4.74534E-2 5.05516E-2 4.81857E-2 4.19646E-2 3.88073E-2 3.81159E-2 3.84572E-2 3.96711E-2 4.08533E-2 4.01893E-2 4.50788E-2 4.29385E-2 4.54505E-2 4.71852E-2 4.82369E-2 4.85499E-2 4.69305E-2 4.65157E-2 4.79918E-2 4.6598E-2 4.65609E-2 4.9826E-2 4.77454E-2 4.82133E-2 4.8471E-2 4.79345E-2 4.82743E-2 4.83401E-2 4.90135E-2 4.91175E-2 5.01964E-2 5.03709E-2 4.96876E-2 4.93723E-2 4.80224E-2 4.72169E-2 4.63666E-2 4.66392E-2 4.93343E-2 5.07883E-2 4.88049E-2 4.84154E-2 4.78781E-2 4.90078E-2 4.9218E-2 4.88433E-2 4.83065E-2 4.72516E-2 4.72194E-2 4.47756E-2 4.41236E-2 4.27049E-2 4.18896E-2 4.12043E-2 4.13098E-2 4.0187E-2 3.91376E-2
3.96847E-2 4.04709E-2 4.32454E-2 4.20131E-2 4.14941E-2 4.38123E-2 4.28727E-2 4.10444E-2 3.9431E-2 3.8522E-2 3.82769E-2 4.05625E-2 4.05924E-2 4.25688E-2 4.22662E-2 4.43105E-2 4.6706E-2 5.01407E-2 4.94713E-2 4.92989E-2 4.70235E-2 4.55245E-2 4.55896E-2 4.6608E-2 4.70861E-2 4.7818E-2 4.60271E-2 4.67343E-2 4.72488E-2 4.68499E-2 4.7439E-2 4.79849E-2 4.79704E-2 4.89741E-2 4.97957E-2 5.0599E-2 4.95405E-2 4.85712E-2 4.71094E-2 4.67534E-2 4.63442E-2 4.68064E-2 4.79696E-2 4.99735E-2 4.99365E-2 4.99897E-2 4.9697E-2 5.00952E-2 5.09572E-2 5.19368E-2 4.99159E-2 4.80231E-2 4.62033E-2 4.46098E-2 4.43681E-2 4.40999E-2 4.33051E-2 4.25268E-2 4.21397E-2 4.07824E-2 4.03728E-2
3.86885E-2 3.94113E-2 4.2319E-2 4.28485E-2 4.27114E-2 4.31453E-2 4.78452E-2 4.59062E-2 4.09869E-2 4.11866E-2 4.19158E-2 4.33348E-2 4.31546E-2 4.53759E-2 4.51238E-2 4.71316E-2 5.13025E-2 5.36935E-2 5.23977E-2 5.05539E-2 4.63837E-2 4.58528E-2 4.59173E-2 4.74665E-2 4.87415E-2 4.82902E-2 4.66077E-2 4.822E-2 4.83049E-2 4.8354E-2 4.9279E-2 4.8227E-2 4.81322E-2 4.93006E-2 4.93139E-2 5.08089E-2 5.01153E-2 5.04734E-2 4.88006E-2 4.79226E-2 4.83807E-2 4.78658E-2 4.80921E-2 4.92144E-2 4.90469E-2 4.95524E-2 5.03643E-2 5.03461E-2 5.10149E-2 5.26624E-2 5.00908E-2 4.81681E-2 4.61775E-2 4.56829E-2 4.51748E-2 4.49527E-2 4.44538E-2 4.3702E-2 4.35186E-2 4.16732E-2 4.14626E-2
3.74314E-2 3.78471E-2 4.01123E-2 4.2787E-2 4.39516E-2 4.54224E-2 5.21281E-2 5.82807E-2 5.38968E-2 5.91894E-2 5.47089E-2 5.00649E-2 4.87659E-2 5.03226E-2 5.28388E-2 5.21697E-2 5.44044E-2 5.60161E-2 5.5136E-2 5.15977E-2 4.85733E-2 4.79254E-2 4.72644E-2 4.73293E-2 4.66082E-2 4.60034E-2 4.78175E-2 4.7874E-2 4.74669E-2 5.3537E-2 4.99869E-2 4.912E-2 4.91265E-2 4.93628E-2 5.02903E-2 5.19454E-2 5.0368E-2 4.92059E-2 4.94039E-2 4.86422E-2 4.81883E-2 4.90874E-2 4.82923E-2 4.82485E-2 4.79884E-2 4.85545E-2 4.98485E-2 4.94379E-2 4.98317E-2 5.01229E-2 4.91855E-2 4.76487E-2 4.57646E-2 4.67992E-2 4.68599E-2 5.21629E-2 5.26037E-2 4.64816E-2 4.51743E-2 4.33653E-2 4.23513E-2
3.82869E-2 3.78494E-2 3.92421E-2 4.19086E-2 4.8571E-2 5.93757E-2 5.05418E-2 5.61213E-2 6.65737E-2 7.86641E-2 9.36065E-2 9.97355E-2 8.61063E-2 7.9074E-2 8.45635E-2 8.66172E-2 7.55622E-2 7.38685E-2 5.59558E-2 5.08457E-2 4.9542E-2 4.86546E-2 5.08296E-2 4.79123E-2 4.55909E-2 4.63752E-2 4.72534E-2 4.85612E-2 4.7772E-2 5.0117E-2 5.03099E-2 4.94704E-2 4.99105E-2 4.97705E-2 5.08067E-2 5.04597E-2 5.01902E-2 4.96888E-2 4.84168E-2 4.86609E-2 4.78004E-2 4.79814E-2 4.83994E-2 4.7978E-2 4.80231E-2 4.83565E-2 4.83688E-2 4.85667E-2 4.89183E-2 4.89806E-2 4.83601E-2 4.67793E-2 4.69022E-2 4.86953E-2 4.99878E-2 5.58242E-2 5.81133E-2 5.07742E-2 5.54099E-2 4.69215E-2 4.48367E-2
4.26715E-2 4.59529E-2 5.32035E-2 5.52662E-2 6.19845E-2 6.37675E-2 9.12298E-2 1.37754E-1 1.73348E-1 1.82182E-1 1.82468E-1 1.82797E-1 1.80779E-1 1.73141E-1 1.68552E-1 1.76884E-1 1.75546E-1 1.74839E-1 7.87027E-2 5.24649E-2 5.09033E-2 4.96118E-2 4.82115E-2 4.77004E-2 4.73796E-2 4.80573E-2 4.76249E-2 4.8835E-2 5.02775E-2 4.94575E-2 5.16083E-2 4.99693E-2 5.10994E-2 5.16282E-2 5.13338E-2 5.13712E-2 5.02728E-2 4.92854E-2 4.88902E-2 4.7839E-2 4.75686E-2 4.75335E-2 4.81187E-2 4.87383E-2 4.92059E-2 4.91857E-2 4.98942E-2 4.85746E-2 4.88845E-2 4.97647E-2 5.17334E-2 4.91883E-2 4.89559E-2 5.02124E-2 5.04988E-2 5.10934E-2 5.32054E-2 5.39378E-2 5.44235E-2 5.07982E-2 4.85814E-2
5.47255E-2 8.38245E-2 8.55499E-2 6.95116E-2 8.81178E-2 1.28427E-1 1.69123E-1 1.75141E-1 1.79617E-1 1.8202E-1 1.83391E-1 1.87824E-1 1.86629E-1 1.86579E-1 1.88087E-1 1.86697E-1 1.826E-1 1.89516E-1 1.347E-1 5.82023E-2 5.26502E-2 5.03003E-2 4.91644E-2 4.8903E-2 4.98668E-2 4.96011E-2 4.94947E-2 5.01215E-2 5.10455E-2 5.17435E-2 5.51651E-2 5.49822E-2 5.39735E-2 5.67073E-2 5.46582E-2 5.29238E-2 5.12202E-2 4.95761E-2 4.97225E-2 4.85015E-2 4.8023E-2 4.72729E-2 4.76833E-2 4.88968E-2 4.97118E-2 5.02264E-2 5.06485E-2 5.20364E-2 5.15036E-2 5.21176E-2 5.36431E-2 5.1423E-2 5.1441E-2 5.27473E-2 5.30506E-2 5.32884E-2 5.4233E-2 5.28186E-2 5.21979E-2 5.12823E-2 5.26237E-2
6.6618E-2 8.80306E-2 1.17712E-1 1.43933E-1 1.54836E-1 1.49141E-1 1.6797E-1 1.7917E-1 1.79501E-1 1.83128E-1 1.88433E-1 1.92264E-1 1.90839E-1 1.91434E-1 1.93178E-1 1.93173E-1 1.90775E-1 1.94534E-1 1.93426E-1 7.23904E-2 5.44847E-2 5.32462E-2 5.30659E-2 5.20609E-2 5.294E-2 5.27197E-2 5.25476E-2 5.44291E-2 5.51733E-2 5.52797E-2 5.839E-2 5.97068E-2 5.74096E-2 5.5697E-2 5.42052E-2 5.23978E-2 5.22797E-2 5.03205E-2 4.93236E-2 4.87919E-2 4.96043E-2 4.82313E-2 4.81254E-2 4.89994E-2 4.97231E-2 5.03065E-2 5.11751E-2 5.26221E-2 5.30721E-2 5.25894E-2 5.29697E-2 5.25414E-2 5.49708E-2 5.47241E-2 5.75014E-2 5.92465E-2 5.78135E-2 5.56847E-2 5.50797E-2 5.50634E-2 5.20958E-2
1.18966E-1 1.42946E-1 1.12864E-1 1.003E-1 9.8868E-2 1.42716E-1 1.73589E-1 1.78066E-1 1.82177E-1 1.88665E-1 1.94105E-1 1.99523E-1 1.98454E-1 1.98751E-1 2.01275E-1 1.99644E-1 2.00729E-1 1.98253E-1 2.00285E-1 1.47237E-1 7.40819E-2 6.03184E-2 5.79134E-2 5.73358E-2 5.86253E-2 5.8062E-2 5.89824E-2 6.00335E-2 6.15639E-2 6.20807E-2 6.02081E-2 6.09898E-2 6.05433E-2 5.69511E-2 5.51505E-2 5.43196E-2 5.37506E-2 5.25643E-2 5.0447E-2 5.05993E-2 4.99118E-2 5.06031E-2 5.14436E-2 4.98622E-2 5.08086E-2 5.05413E-2 5.20783E-2 5.25245E-2 5.28613E-2 5.30693E-2 5.42134E-2 5.58278E-2 5.73298E-2 5.64091E-2 5.84571E-2 6.17587E-2 6.12849E-2 5.82711E-2 5.7356E-2 5.51665E-2 5.4305E-2
1.27271E-1 8.59093E-2 9.92612E-2 1.34337E-1 1.60335E-1 1.73266E-1 1.7667E-1 1.77488E-1 1.8322E-1 1.90802E-1 1.96683E-1 1.98765E-1 1.97708E-1 2.02117E-1 2.47411E-1 2.47401E-1 2.47601E-1 2.43295E-1 2.43213E-1 2.39037E-1 1.85917E-1 1.23144E-1 1.07233E-1 1.04014E-1 1.17933E-1 1.32317E-1 9.77443E-2 7.01526E-2 7.06206E-2 6.83113E-2 6.485E-2 6.30395E-2 6.31539E-2 6.07488E-2 5.75296E-2 5.51717E-2 5.51908E-2 5.17502E-2 5.14914E-2 5.15934E-2 5.08143E-2 5.06334E-2 5.02535E-2 4.98568E-2 5.09099E-2 5.13879E-2 5.32339E-2 5.41903E-2 5.42058E-2 5.48042E-2 5.51098E-2 5.68283E-2 5.85472E-2 5.70205E-2 5.90627E-2 5.91686E-2 5.80691E-2 5.80353E-2 5.63136E-2 5.49023E-2 5.50449E-2
1.58054E-1 1.42102E-1 1.65702E-1 1.67631E-1 1.68195E-1 1.76355E-1 1.78929E-1 1.82819E-1 1.87907E-1 1.88933E-1 1.92011E-1 1.93967E-1 2.03613E-1 2.08463E-1 2.53263E-1 2.51077E-1 2.48531E-1 2.50704E-1 2.46992E-1 2.43047E-1 1.31516E-1 1.02117E-1 1.30897E-1 1.94319E-1 1.88023E-1 1.85657E-1 8.61887E-2 7.49273E-2 7.58029E-2 7.34913E-2 7.18448E-2 6.82445E-2 6.53032E-2 6.17742E-2 6.0852E-2 5.6542E-2 5.4904E-2 5.31049E-2 5.28886E-2 5.31321E-2 5.29261E-2 5.13073E-2 5.26736E-2 5.30112E-2 5.2138E-2 5.21677E-2 5.36917E-2 5.5299E-2 5.41222E-2 5.57831E-2 5.67008E-2 5.64497E-2 5.80789E-2 5.96056E-2 5.94182E-2 5.87128E-2 5.73014E-2 5.6325E-2 5.65081E-2 5.42614E-2 5.48088E-2
1.66591E-1 1.68014E-1 1.69093E-1 1.68247E-1 1.75196E-1 1.74598E-1 1.80809E-1 1.6624E-1 1.59972E-1 1.71739E-1 1.79751E-1 1.91199E-1 2.03705E-1 2.069E-1 2.50173E-1 2.51248E-1 2.53672E-1 2.51562E-1 2.47597E-1 2.43543E-1 1.97417E-1 1.87104E-1 1.96469E-1 1.92983E-1 1.91072E-1 1.79575E-1 8.90056E-2 8.38235E-2 8.25331E-2 7.84852E-2 7.41896E-2 7.25724E-2 6.7904E-2 6.625E-2 6.33065E-2 5.89256E-2 5.66493E-2 5.50946E-2 5.41191E-2 5.33176E-2 5.32854E-2 5.27522E-2 5.35096E-2 5.27302E-2 5.29996E-2 5.32442E-2 5.30073E-2 5.38428E-2 5.496E-2 5.52944E-2 5.66308E-2 5.81829E-2 5.7445E-2 5.82779E-2 5.98508E-2 5.94976E-2 5.90494E-2 5.8398E-2 5.98585E-2 5.83423E-2 6.17178E-2
1.74379E-1 1.7403E-1 1.61406E-1 1.62812E-1 1.63336E-1 1.36898E-1 1.01716E-1 9.92885E-2 1.07366E-1 1.19294E-1 1.4951E-1 1.7489E-1 2.00924E-1 2.07393E-1 2.45729E-1 2.53653E-1 2.56285E-1 2.58989E-1 2.54226E-1 2.51743E-1 1.98418E-1 1.8028E-1 1.99897E-1 1.99479E-1 1.97777E-1 1.93811E-1 1.6389E-1 1.17304E-1 8.68844E-2 7.85374E-2 7.73655E-2 7.63121E-2 7.18623E-2 6.99231E-2 6.62458E-2 6.26956E-2 6.06268E-2 6.07656E-2 5.73581E-2 5.58167E-2 5.58335E-2 5.43452E-2 5.36757E-2 5.35677E-2 5.32034E-2 5.3487E-2 5.30183E-2 5.33854E-2 5.34849E-2 5.39698E-2 5.57477E-2 5.77979E-2 5.91299E-2 6.09946E-2 6.21238E-2 6.30066E-2 6.10466E-2 6.03907E-2 6.57848E-2 5.9409E-2 6.24967E-2
1.7559E-1 1.70115E-1 1.53838E-1 1.36987E-1 1.05453E-1 8.98117E-2 9.21951E-2 1.1188E-1 1.47197E-1 1.73692E-1 1.72608E-1 1.70588E-1 1.76994E-1 1.90406E-1 2.44434E-1 2.53316E-1 2.53407E-1 2.57836E-1 2.57383E-1 2.51597E-1 2.05139E-1 2.02133E-1 2.05524E-1 2.01984E-1 2.01727E-1 2.00388E-1 1.89904E-1 1.58182E-1 9.66452E-2 8.25396E-2 8.01035E-2 7.53905E-2 7.26682E-2 7.10525E-2 7.0616E-2 6.7766E-2 6.5371E-2 6.27637E-2 5.96514E-2 5.79664E-2 5.81503E-2 5.79998E-2 6.01125E-2 5.67686E-2 5.51676E-2 5.38371E-2 5.46581E-2 5.37393E-2 5.47543E-2 5.76174E-2 5.70679E-2 5.98375E-2 6.07286E-2 6.12811E-2 6.64456E-2 6.4113E-2 6.29665E-2 6.22356E-2 6.36469E-2 6.74285E-2 6.61516E-2
1.57496E-1 1.37201E-1 1.10916E-1 9.20472E-2 9.15407E-2 9.4677E-2 1.21252E-1 1.55576E-1 1.6902E-1 1.74475E-1 1.74371E-1 1.71122E-1 1.72546E-1 1.82852E-1 2.43398E-1 2.53319E-1 2.52004E-1 2.52805E-1 2.61145E-1 2.56526E-1 2.072E-1 2.11102E-1 2.09297E-1 2.04754E-1 2.04808E-1 2.00444E-1 1.9149E-1 1.22117E-1 8.81957E-2 8.6613E-2 8.38039E-2 7.99443E-2 7.92868E-2 7.7196E-2 7.40749E-2 7.05615E-2 6.80332E-2 6.43846E-2 6.0919E-2 5.88307E-2 6.03967E-2 5.88388E-2 5.68619E-2 5.73655E-2 5.7089E-2 5.548E-2 5.67019E-2 5.7772E-2 5.82497E-2 5.86385E-2 5.86865E-2 6.08329E-2 6.33123E-2 6.47256E-2 6.70921E-2 7.03078E-2 6.62408E-2 6.66074E-2 6.72664E-2 7.31302E-2 7.36007E-2
9.39511E-2 8.58699E-2 8.04512E-2 7.95364E-2 8.59061E-2 9.81307E-2 1.07158E-1 1.03182E-1 1.0897E-1 1.35798E-1 1.69178E-1 1.79157E-1 1.7786E-1 1.82021E-1 1.94785E-1 2.05929E-1 2.01699E-1 1.96795E-1 2.07462E-1 2.07851E-1 2.06437E-1 2.10691E-1 2.09849E-1 2.00006E-1 1.9421E-1 1.89596E-1 1.84738E-1 1.43408E-1 1.11275E-1 9.86888E-2 8.798E-2 8.46713E-2 8.34599E-2 8.1187E-2 7.80758E-2 7.40216E-2 7.34006E-2 7.18758E-2 6.71877E-2 6.2214E-2 6.20171E-2 6.16593E-2 5.83422E-2 5.96751E-2 6.20323E-2 6.01481E-2 5.97886E-2 5.84742E-2 5.89102E-2 5.98771E-2 6.1606E-2 6.46926E-2 6.77084E-2 6.85792E-2 7.09744E-2 7.50424E-2 7.0544E-2 6.81922E-2 6.88784E-2 7.13042E-2 7.8189E-2
7.39113E-2 6.96574E-2 6.84081E-2 7.45421E-2 7.86773E-2 8.13395E-2 7.3902E-2 7.03659E-2 7.35189E-2 8.57848E-2 1.03554E-1 1.79093E-1 1.86578E-1 1.85889E-1 1.89692E-1 1.95439E-1 1.94321E-1 1.94318E-1 1.90443E-1 1.75261E-1 1.48736E-1 1.48899E-1 1.69879E-1 1.30658E-1 1.11412E-1 1.04876E-1 1.44214E-1 1.62033E-1 1.28902E-1 1.00209E-1 9.12457E-2 8.89014E-2 9.02959E-2 8.38837E-2 7.83694E-2 7.53258E-2 7.21809E-2 7.12441E-2 6.79431E-2 6.89258E-2 6.54242E-2 6.40005E-2 6.57924E-2 6.51149E-2 6.46489E-2 6.4177E-2 6.324E-2 6.21687E-2 6.28784E-2 6.25474E-2 6.49322E-2 8.41763E-2 7.46041E-2 7.47117E-2 7.28519E-2 7.27594E-2 7.40808E-2 7.25234E-2 7.02174E-2 6.86925E-2 7.11561E-2
6.31661E-2 6.46144E-2 6.10444E-2 6.32496E-2 6.14238E-2 5.81422E-2 5.72572E-2 5.81664E-2 6.04526E-2 6.94477E-2 7.98131E-2 1.04461E-1 1.72815E-1 1.64007E-1 1.75792E-1 1.74205E-1 1.64012E-1 1.36968E-1 1.02153E-1 8.80862E-2 8.77154E-2 8.68943E-2 8.43553E-2 8.37807E-2 8.51666E-2 9.21614E-2 1.38362E-1 1.54785E-1 1.21903E-1 8.69138E-2 8.73695E-2 9.3466E-2 9.29743E-2 8.57049E-2 8.11585E-2 8.02392E-2 7.55018E-2 7.70205E-2 7.34632E-2 7.41708E-2 7.05786E-2 7.16218E-2 7.09332E-2 7.15088E-2 7.05909E-2 6.95872E-2 6.85907E-2 7.04554E-2 6.94882E-2 6.62253E-2 6.57584E-2 7.31097E-2 7.71282E-2 7.85161E-2 7.94313E-2 7.83538E-2 7.55811E-2 7.28309E-2 7.12777E-2 6.97201E-2 6.89985E-2
6.04449E-2 5.85869E-2 5.68796E-2 5.43974E-2 5.30105E-2 5.19201E-2 5.43068E-2 5.52772E-2 5.69341E-2 6.27532E-2 7.03558E-2 7.43585E-2 8.54147E-2 8.7863E-2 9.59526E-2 1.00601E-1 9.87188E-2 9.30468E-2 8.65542E-2 8.07064E-2 7.93195E-2 8.28808E-2 8.02963E-2 8.04846E-2 8.41743E-2 8.53553E-2 9.07869E-2 9.23382E-2 9.08473E-2 8.18765E-2 8.5447E-2 9.17484E-2 9.11414E-2 8.72428E-2 8.15633E-2 8.11615E-2 8.05846E-2 7.99821E-2 8.13545E-2 7.62369E-2 7.89114E-2 8.10751E-2 7.53187E-2 7.45884E-2 7.45193E-2 7.32937E-2 7.30421E-2 7.62285E-2 7.7644E-2 7.51789E-2 7.25222E-2 7.82352E-2 8.26166E-2 8.32258E-2 8.45386E-2 8.51868E-2 8.29279E-2 7.82337E-2 7.17964E-2 6.88974E-2 6.64156E-2
5.35185E-2 5.27963E-2 5.40439E-2 5.36018E-2 5.17242E-2 5.20826E-2 5.50287E-2 5.72868E-2 5.99578E-2 6.51909E-2 6.88772E-2 6.88749E-2 7.41464E-2 7.83216E-2 7.94378E-2 8.26669E-2 8.97704E-2 9.07844E-2 8.40914E-2 8.18902E-2 8.73399E-2 9.79542E-2 8.65904E-2 8.3694E-2 8.83716E-2 8.62515E-2 8.22377E-2 8.27998E-2 7.71761E-2 7.82956E-2 8.50802E-2 9.14562E-2 9.08249E-2 1.02953E-1 1.05878E-1 1.01491E-1 9.43862E-2 8.79124E-2 8.64728E-2 8.93638E-2 8.53383E-2 8.72972E-2 8.38705E-2 8.1297E-2 8.20743E-2 8.13511E-2 8.11572E-2 8.62584E-2 8.88822E-2 8.19984E-2 8.16305E-2 8.44238E-2 8.76359E-2 9.06879E-2 9.16006E-2 9.30541E-2 9.30479E-2 9.18891E-2 9.13259E-2 7.708E-2 6.67492E-2
4.87409E-2 5.03591E-2 5.10134E-2 5.20621E-2 4.99577E-2 5.32272E-2 5.54501E-2 5.75937E-2 6.29297E-2 6.62316E-2 6.87013E-2 6.92743E-2 7.36743E-2 7.91339E-2 8.23012E-2 8.50145E-2 8.78121E-2 9.04304E-2 8.91547E-2 8.89679E-2 9.14669E-2 9.71219E-2 9.96013E-2 1.10273E-1 1.03686E-1 9.62088E-2 9.20338E-2 9.20479E-2 9.23813E-2 8.50853E-2 8.30189E-2 8.72347E-2 9.77789E-2 1.02669E-1 1.08477E-1 1.41313E-1 1.4723E-1 1.36944E-1 1.32475E-1 1.35233E-1 1.31746E-1 1.22279E-1 1.1149E-1 1.01961E-1 9.26923E-2 9.15679E-2 9.25552E-2 9.03299E-2 9.06832E-2 9.03049E-2 9.0467E-2 9.19019E-2 9.49992E-2 9.60021E-2 9.57708E-2 9.30334E-2 8.86338E-2 8.51332E-2 7.86367E-2 6.97385E-2 6.3081E-2
4.77935E-2 4.91318E-2 5.14922E-2 5.30507E-2 5.35373E-2 5.55647E-2 5.6901E-2 5.96338E-2 6.45172E-2 6.6691E-2 6.87268E-2 7.09569E-2 7.44162E-2 8.02938E-2 8.3433E-2 8.77659E-2 9.24621E-2 8.82102E-2 1.15395E-1 1.32618E-1 1.30025E-1 1.44788E-1 1.61155E-1 1.55872E-1 1.4633E-1 1.4015E-1 1.16042E-1 1.04723E-1 1.1765E-1 1.33868E-1 1.40537E-1 1.46909E-1 1.483E-1 1.30126E-1 1.19913E-1 1.12365E-1 1.16639E-1 1.13839E-1 1.02691E-1 1.14854E-1 1.0691E-1 1.00509E-1 1.00982E-1 1.07714E-1 9.45213E-2 1.15065E-1 1.28464E-1 1.45479E-1 1.29999E-1 1.18367E-1 1.14579E-1 1.01639E-1 1.01839E-1 1.02823E-1 1.01245E-1 9.88751E-2 9.52192E-2 8.76579E-2 7.93983E-2 7.30315E-2 7.035E-2
4.712E-2 4.83697E-2 5.08208E-2 5.18203E-2 5.25997E-2 5.35124E-2 5.62557E-2 6.0017E-2 6.47886E-2 6.79834E-2 6.82189E-2 7.28764E-2 7.77841E-2 9.4214E-2 1.02559E-1 1.10799E-1 1.0519E-1 1.36656E-1 1.84014E-1 2.07991E-1 2.05153E-1 1.74544E-1 1.22917E-1 1.2834E-1 1.59689E-1 1.41024E-1 1.12452E-1 1.03406E-1 1.02843E-1 1.11959E-1 1.7336E-1 2.02359E-1 2.16161E-1 2.23855E-1 2.24837E-1 2.14702E-1 2.08158E-1 1.81616E-1 1.60235E-1 1.62093E-1 1.39761E-1 1.06851E-1 1.02895E-1 1.01502E-1 1.07591E-1 1.0904E-1 1.36707E-1 1.92004E-1 1.8956E-1 1.83954E-1 1.81268E-1 1.61248E-1 1.11374E-1 1.10034E-1 1.10191E-1 1.07434E-1 1.0142E-1 9.38057E-2 8.73786E-2 8.25157E-2 7.96509E-2
4.9073E-2 4.85617E-2 4.92911E-2 5.2068E-2 5.2573E-2 5.47726E-2 5.73134E-2 6.09869E-2 6.6551E-2 7.03055E-2 7.14289E-2 7.87058E-2 1.01831E-1 1.40089E-1 1.45022E-1 1.33851E-1 1.46509E-1 2.02586E-1 2.06206E-1 2.05857E-1 1.92759E-1 1.80779E-1 1.31442E-1 1.59579E-1 1.69033E-1 1.18016E-1 9.72574E-2 9.61558E-2 9.61603E-2 9.66978E-2 1.00227E-1 1.33849E-1 1.80529E-1 2.06788E-1 2.13066E-1 2.1458E-1 2.18896E-1 2.17532E-1 2.04728E-1 2.18282E-1 2.1876E-1 2.08652E-1 1.73535E-1 1.33025E-1 1.26458E-1 1.29165E-1 1.92822E-1 1.89626E-1 1.94635E-1 1.91952E-1 1.90371E-1 1.8749E-1 1.53673E-1 1.19395E-1 1.16886E-1 1.15544E-1 1.08054E-1 1.03579E-1 9.69719E-2 9.21923E-2 9.11728E-2
4.91727E-2 5.01255E-2 5.103E-2 5.16393E-2 5.49526E-2 5.78117E-2 6.01376E-2 6.36377E-2 6.8825E-2 7.28712E-2 7.5009E-2 8.65648E-2 1.29485E-1 1.48057E-1 1.26548E-1 1.49435E-1 1.8537E-1 1.99198E-1 1.96448E-1 1.92145E-1 1.69213E-1 1.65283E-1 1.77778E-1 1.73938E-1 1.55623E-1 1.22169E-1 1.01124E-1 9.84086E-2 1.00401E-1 9.22853E-2 9.67778E-2 9.63139E-2 1.00143E-1 1.22775E-1 1.54406E-1 1.86687E-1 2.00626E-1 2.00904E-1 2.02984E-1 1.99607E-1 2.03035E-1 2.05818E-1 2.06242E-1 2.00647E-1 1.86681E-1 1.67082E-1 1.97721E-1 1.97577E-1 1.96529E-1 1.96109E-1 1.95343E-1 1.91825E-1 1.86011E-1 1.46359E-1 1.1646E-1 1.18278E-1 1.12767E-1 1.09616E-1 1.04178E-1 1.01377E-1 1.0176E-1
4.90782E-2 4.85913E-2 5.09184E-2 5.42599E-2 5.91406E-2 6.3109E-2 6.6265E-2 6.84934E-2 7.27259E-2 7.83184E-2 8.56873E-2 1.13085E-1 1.32272E-1 1.15316E-1 1.42787E-1 1.74892E-1 1.81721E-1 1.85353E-1 1.81257E-1 1.7E-1 1.6797E-1 1.67351E-1 1.46547E-1 1.41164E-1 1.10256E-1 1.05089E-1 9.62678E-2 9.0428E-2 8.81187E-2 8.92794E-2 8.80086E-2 8.92183E-2 8.97268E-2 9.29448E-2 1.02415E-1 1.21051E-1 1.71941E-1 1.87708E-1 1.86614E-1 1.86849E-1 1.89E-1 1.91595E-1 1.9236E-1 1.93283E-1 1.93358E-1 1.77741E-1 1.5528E-1 1.57038E-1 1.79065E-1 1.91541E-1 1.89317E-1 1.88148E-1 1.87401E-1 1.81022E-1 1.39112E-1 1.24323E-1 1.14198E-1 1.18751E-1 1.15869E-1 1.10943E-1 1.07449E-1
5.0932E-2 5.15084E-2 5.70382E-2 6.11862E-2 6.77394E-2 6.74675E-2 6.85479E-2 7.20417E-2 7.56928E-2 8.58927E-2 1.09776E-1 1.34035E-1 1.03634E-1 1.20309E-1 1.68232E-1 1.71424E-1 1.70237E-1 1.68725E-1 1.65531E-1 1.35314E-1 1.42991E-1 1.39414E-1 1.17764E-1 1.30624E-1 1.04713E-1 9.63302E-2 8.58622E-2 7.95372E-2 8.29406E-2 8.3647E-2 8.55208E-2 8.78001E-2 8.97941E-2 9.48172E-2 1.01939E-1 1.13437E-1 1.38843E-1 1.7317E-1 1.77777E-1 1.75064E-1 1.76332E-1 1.79473E-1 1.81856E-1 1.83613E-1 1.84088E-1 1.8537E-1 1.71233E-1 1.37624E-1 1.53389E-1 1.8317E-1 1.84821E-1 1.86931E-1 1.86523E-1 1.84515E-1 1.82268E-1 1.46469E-1 1.24927E-1 1.23127E-1 1.25745E-1 1.16794E-1 1.08388E-1
