maxent_outputs/white_flowers_troch_bombus_environ/white_322.asc
ncols         426
nrows         180
xllcorner     -130.0
yllcorner     24.0
cellsize      0.16666666666666666
NODATA_value  -9999
[rows 54 to 80 of 180, columns 122 to 182 of 426]
2.29407E-2 1.87311E-2 4.71688E-2 5.07465E-2 4.91956E-2 4.16586E-2 4.27598E-2 4.52039E-2 5.2223E-2 4.09782E-2 2.33277E-2 2.64829E-2 3.64946E-2 4.44647E-2 5.30125E-2 5.28858E-2 5.46757E-2 5.45707E-2 5.53736E-2 5.61166E-2 5.37875E-2 5.65851E-2 5.58922E-2 5.36644E-2 5.35662E-2 5.83146E-2 5.70318E-2 5.30368E-2 5.49311E-2 5.78757E-2 6.05226E-2 6.47326E-2 6.81509E-2 7.10845E-2 7.43628E-2 7.5548E-2 7.87705E-2 7.94361E-2 7.50348E-2 6.83506E-2 6.48774E-2 6.05013E-2 5.90418E-2 6.12999E-2 6.2781E-2 6.27073E-2 6.22451E-2 6.1752E-2 6.24113E-2 6.48382E-2 6.80334E-2 7.10906E-2 7.2663E-2 7.40215E-2 7.27534E-2 7.66351E-2 6.32057E-2 6.04656E-2 5.83961E-2 5.77528E-2 5.63546E-2
2.78254E-2 3.09017E-2 4.54115E-2 5.19144E-2 4.8119E-2 4.57873E-2 4.38837E-2 4.33375E-2 4.78514E-2 4.91161E-2 3.20763E-2 2.02545E-2 2.12836E-2 2.55831E-2 4.30656E-2 5.19396E-2 5.28968E-2 5.19482E-2 5.01833E-2 5.19661E-2 5.55663E-2 5.6676E-2 5.45604E-2 5.25327E-2 5.18378E-2 5.61815E-2 5.48807E-2 5.13464E-2 5.30869E-2 5.37779E-2 5.60721E-2 5.95412E-2 6.91482E-2 7.44908E-2 7.84487E-2 8.30018E-2 8.86392E-2 9.48922E-2 7.99555E-2 7.12133E-2 6.65141E-2 6.66282E-2 6.70144E-2 6.73952E-2 6.66506E-2 6.79106E-2 7.00308E-2 7.11026E-2 6.87167E-2 7.24308E-2 7.51772E-2 7.76708E-2 8.13623E-2 8.73089E-2 9.20314E-2 7.04685E-2 6.69822E-2 6.4635E-2 6.22732E-2 6.03072E-2 5.97503E-2
2.22634E-2 2.75643E-2 3.31686E-2 4.77397E-2 4.49954E-2 4.38415E-2 4.18998E-2 3.93909E-2 4.0376E-2 4.39584E-2 4.42404E-2 4.00888E-2 2.4795E-2 1.76022E-2 2.29811E-2 3.31552E-2 4.76836E-2 4.90685E-2 4.78712E-2 5.17468E-2 5.36493E-2 5.68292E-2 5.34728E-2 5.19971E-2 5.3868E-2 5.41401E-2 5.29145E-2 4.84418E-2 4.7871E-2 4.88778E-2 4.93073E-2 4.92826E-2 5.95575E-2 7.0206E-2 7.68327E-2 7.87044E-2 8.76021E-2 9.45366E-2 8.89316E-2 8.16424E-2 7.67957E-2 6.962E-2 6.94547E-2 7.39949E-2 7.58561E-2 7.78174E-2 7.83783E-2 8.04389E-2 7.89613E-2 7.69122E-2 7.42007E-2 7.39327E-2 7.52133E-2 7.62924E-2 9.74822E-2 7.68177E-2 6.98874E-2 6.83737E-2 6.70862E-2 6.46898E-2 6.25321E-2
2.70824E-2 3.32675E-2 4.07192E-2 4.43461E-2 4.51045E-2 4.29068E-2 4.15263E-2 4.08045E-2 4.12868E-2 4.12223E-2 4.14668E-2 4.47005E-2 3.4199E-2 1.96623E-2 1.41826E-2 1.72141E-2 3.5498E-2 4.69481E-2 4.96829E-2 5.19083E-2 5.33516E-2 5.45599E-2 5.0589E-2 4.95014E-2 5.28335E-2 5.05718E-2 5.11951E-2 4.69721E-2 4.55615E-2 4.73272E-2 4.47251E-2 4.07072E-2 4.75434E-2 5.00531E-2 5.32123E-2 6.15565E-2 7.21734E-2 8.15069E-2 8.70397E-2 8.92533E-2 8.77229E-2 8.16398E-2 8.09703E-2 8.34036E-2 8.37796E-2 8.38841E-2 7.79179E-2 7.41276E-2 7.45692E-2 7.22298E-2 7.06928E-2 7.34683E-2 7.29575E-2 7.62684E-2 8.57374E-2 8.76646E-2 7.53373E-2 7.15631E-2 6.92836E-2 6.47478E-2 6.13813E-2
2.55879E-2 2.5882E-2 2.12972E-2 2.65087E-2 3.35329E-2 3.76473E-2 3.99698E-2 4.17546E-2 4.19645E-2 4.18925E-2 4.1423E-2 4.27291E-2 4.50914E-2 3.09392E-2 1.78738E-2 1.55265E-2 2.70914E-2 4.43122E-2 4.84831E-2 5.06134E-2 5.20686E-2 5.34124E-2 4.82191E-2 4.60352E-2 4.66429E-2 4.80146E-2 4.79815E-2 4.77145E-2 4.68475E-2 4.55516E-2 4.41748E-2 4.1069E-2 3.92436E-2 3.4504E-2 3.37313E-2 3.9139E-2 5.05384E-2 6.91464E-2 8.04445E-2 8.41098E-2 8.62858E-2 8.45947E-2 8.20872E-2 8.19622E-2 8.05531E-2 7.4583E-2 7.05531E-2 7.15289E-2 7.26981E-2 7.35587E-2 7.41581E-2 7.90306E-2 8.13318E-2 8.34007E-2 8.28079E-2 7.98227E-2 7.85981E-2 7.86093E-2 7.82685E-2 7.17435E-2 6.92653E-2
1.96634E-2 1.93785E-2 2.2497E-2 2.6612E-2 2.94415E-2 3.49108E-2 3.80851E-2 4.00767E-2 3.97458E-2 4.09526E-2 4.10781E-2 4.16222E-2 4.28023E-2 4.02487E-2 2.69186E-2 2.0052E-2 2.64009E-2 4.59236E-2 4.85186E-2 4.82196E-2 5.13433E-2 5.26003E-2 4.81827E-2 4.44246E-2 4.60148E-2 4.86147E-2 4.79299E-2 4.76397E-2 4.49458E-2 4.55285E-2 4.63889E-2 4.55169E-2 3.87302E-2 3.23385E-2 2.8557E-2 3.90961E-2 4.96392E-2 6.2996E-2 7.81863E-2 8.03647E-2 8.12436E-2 8.10689E-2 8.09529E-2 8.38122E-2 7.44572E-2 7.29977E-2 7.61287E-2 7.7269E-2 7.84183E-2 7.91045E-2 7.97869E-2 8.24863E-2 8.32903E-2 8.29512E-2 7.72823E-2 7.33104E-2 7.42019E-2 7.40208E-2 7.81368E-2 7.97673E-2 8.24268E-2
1.52065E-2 1.39052E-2 1.60783E-2 2.275E-2 2.43964E-2 2.94482E-2 3.70081E-2 3.94101E-2 4.2069E-2 4.07952E-2 4.06038E-2 4.18296E-2 4.33059E-2 4.05589E-2 3.46197E-2 2.26355E-2 2.96177E-2 4.46134E-2 4.66327E-2 4.73678E-2 5.06928E-2 5.18183E-2 4.84334E-2 4.46443E-2 4.59429E-2 4.75851E-2 4.53695E-2 4.5609E-2 4.54895E-2 4.67819E-2 4.96018E-2 5.11492E-2 4.93087E-2 4.22077E-2 2.96803E-2 3.13051E-2 4.59242E-2 6.19561E-2 7.39865E-2 7.77399E-2 7.96766E-2 8.03668E-2 8.19118E-2 8.19217E-2 8.06496E-2 7.72788E-2 7.67761E-2 7.83302E-2 8.01885E-2 7.99831E-2 8.0324E-2 8.07788E-2 8.02994E-2 7.8244E-2 7.78651E-2 7.82336E-2 7.9866E-2 7.91944E-2 7.77627E-2 7.68714E-2 7.24909E-2
2.00983E-2 1.76409E-2 1.51183E-2 1.92618E-2 2.36767E-2 3.14363E-2 3.60236E-2 3.98036E-2 4.07968E-2 3.9785E-2 4.18161E-2 4.19933E-2 4.23941E-2 4.0864E-2 3.38598E-2 2.50733E-2 3.71969E-2 4.60722E-2 4.71738E-2 4.87856E-2 5.26079E-2 4.97727E-2 4.38057E-2 4.46717E-2 4.4239E-2 4.63817E-2 4.88479E-2 4.89223E-2 4.88285E-2 4.98803E-2 5.07042E-2 5.20157E-2 5.35024E-2 5.09043E-2 3.99177E-2 3.89002E-2 4.50059E-2 6.06621E-2 7.44185E-2 7.50779E-2 7.67832E-2 8.04078E-2 7.948E-2 7.99148E-2 8.23515E-2 8.35514E-2 8.76599E-2 8.70796E-2 8.56313E-2 8.48171E-2 8.45889E-2 8.05592E-2 8.28997E-2 8.6105E-2 8.73885E-2 8.57587E-2 8.45103E-2 8.42721E-2 8.34443E-2 8.6198E-2 8.55991E-2
2.27024E-2 2.26434E-2 1.94285E-2 2.17904E-2 2.54004E-2 2.42409E-2 2.67486E-2 3.58543E-2 3.80609E-2 3.68414E-2 3.67255E-2 3.54064E-2 3.47995E-2 3.36964E-2 2.60387E-2 2.47465E-2 3.78132E-2 4.40933E-2 4.64301E-2 4.92181E-2 4.69422E-2 4.64016E-2 4.35243E-2 4.25076E-2 4.57148E-2 4.72811E-2 4.99042E-2 5.11083E-2 5.20526E-2 5.22064E-2 5.35154E-2 5.48986E-2 5.54443E-2 5.61133E-2 5.20694E-2 4.82638E-2 5.16097E-2 6.91431E-2 7.40102E-2 7.70515E-2 7.76784E-2 7.81849E-2 7.87863E-2 8.04171E-2 8.4022E-2 8.26385E-2 8.52394E-2 8.8488E-2 8.5631E-2 8.41301E-2 8.4885E-2 8.40751E-2 8.6789E-2 9.08396E-2 8.7167E-2 8.69954E-2 8.90418E-2 8.92753E-2 8.78888E-2 8.67876E-2 8.80417E-2
1.96395E-2 2.90873E-2 3.64757E-2 3.7592E-2 3.65198E-2 3.39731E-2 3.39477E-2 3.44757E-2 3.4928E-2 3.37641E-2 3.02062E-2 3.1206E-2 2.97208E-2 2.42094E-2 2.1266E-2 2.95735E-2 3.68599E-2 4.204E-2 4.14981E-2 4.37505E-2 4.39502E-2 3.9016E-2 4.17638E-2 4.51589E-2 4.94324E-2 5.0373E-2 5.27322E-2 5.2541E-2 5.33396E-2 5.50715E-2 5.7873E-2 5.73336E-2 5.77333E-2 5.7677E-2 5.86661E-2 5.73824E-2 6.14345E-2 7.27244E-2 7.45617E-2 7.38297E-2 7.36265E-2 7.25437E-2 7.4674E-2 7.67168E-2 7.54921E-2 7.34662E-2 7.7082E-2 7.91393E-2 7.56332E-2 7.91479E-2 7.90425E-2 8.16049E-2 8.67543E-2 8.74387E-2 8.03226E-2 8.52973E-2 8.73826E-2 8.77839E-2 8.76442E-2 8.50371E-2 8.62329E-2
1.35911E-2 1.80337E-2 2.68056E-2 3.58391E-2 3.57547E-2 3.4657E-2 3.43169E-2 3.43417E-2 3.56059E-2 3.54202E-2 3.46437E-2 3.37495E-2 3.21221E-2 3.02783E-2 3.00026E-2 3.49779E-2 3.93587E-2 4.10971E-2 3.97156E-2 4.03655E-2 4.13775E-2 3.93552E-2 3.95284E-2 4.48606E-2 5.0371E-2 5.2517E-2 5.18168E-2 5.12149E-2 5.47409E-2 5.76449E-2 5.8609E-2 5.78719E-2 5.69475E-2 5.74825E-2 6.03994E-2 6.18158E-2 6.53147E-2 6.72718E-2 6.72216E-2 7.10429E-2 7.30816E-2 7.33254E-2 7.38702E-2 7.24316E-2 6.524E-2 6.48325E-2 6.61923E-2 7.14676E-2 7.17434E-2 6.9326E-2 6.994E-2 7.75621E-2 8.35284E-2 7.60862E-2 7.5365E-2 7.68374E-2 7.91443E-2 7.83529E-2 7.98428E-2 8.01702E-2 8.22456E-2
1.34393E-2 1.51873E-2 1.9098E-2 2.761E-2 3.27648E-2 3.37162E-2 3.34429E-2 3.39744E-2 3.44727E-2 3.4479E-2 3.44361E-2 3.33255E-2 3.3288E-2 3.18478E-2 3.25051E-2 3.49345E-2 3.64966E-2 3.7272E-2 3.81844E-2 3.84182E-2 3.86328E-2 3.73893E-2 3.88041E-2 4.1543E-2 4.65211E-2 5.13058E-2 5.45545E-2 5.5296E-2 5.43227E-2 5.55987E-2 5.57662E-2 5.74348E-2 5.51874E-2 5.89967E-2 6.07483E-2 6.19302E-2 6.1056E-2 6.10056E-2 6.44724E-2 6.87754E-2 7.05685E-2 7.07603E-2 6.65648E-2 6.53313E-2 6.37209E-2 6.43495E-2 6.45344E-2 6.80926E-2 7.14213E-2 7.14653E-2 7.20189E-2 7.40381E-2 7.07181E-2 7.07823E-2 7.26272E-2 7.58341E-2 7.87508E-2 8.10175E-2 8.24112E-2 8.19466E-2 8.20967E-2
1.56563E-2 1.34826E-2 1.45455E-2 2.07486E-2 2.91633E-2 3.29333E-2 3.37793E-2 3.36321E-2 3.36193E-2 3.37638E-2 3.402E-2 3.36687E-2 3.23075E-2 2.99946E-2 3.35524E-2 3.3847E-2 3.41966E-2 3.66082E-2 4.00791E-2 4.38227E-2 4.68766E-2 4.44719E-2 4.44537E-2 4.66232E-2 4.74938E-2 4.65805E-2 4.83151E-2 5.05458E-2 4.86799E-2 4.92918E-2 4.91456E-2 5.12809E-2 5.22689E-2 5.61245E-2 6.18248E-2 6.13048E-2 6.11532E-2 6.31317E-2 6.72233E-2 6.94701E-2 6.89776E-2 6.67063E-2 6.43201E-2 6.10065E-2 6.18124E-2 6.29839E-2 6.48082E-2 6.60857E-2 6.86137E-2 6.98855E-2 6.94748E-2 7.06562E-2 7.27804E-2 7.3954E-2 7.60036E-2 7.90806E-2 8.00841E-2 8.20311E-2 8.27425E-2 8.4796E-2 8.81686E-2
1.76426E-2 1.649E-2 1.42438E-2 1.50323E-2 2.13625E-2 2.95298E-2 3.26194E-2 3.26814E-2 3.30197E-2 2.75771E-2 2.73742E-2 2.95376E-2 2.65326E-2 2.41588E-2 2.67051E-2 2.99054E-2 3.19257E-2 3.5684E-2 4.01918E-2 3.63454E-2 3.44943E-2 4.14217E-2 3.85223E-2 4.07729E-2 4.5848E-2 4.97596E-2 4.59059E-2 4.62131E-2 4.42216E-2 4.21244E-2 4.31587E-2 4.59472E-2 4.45528E-2 4.4473E-2 5.02106E-2 5.50929E-2 5.89547E-2 6.99451E-2 7.16185E-2 6.99323E-2 6.59402E-2 6.07663E-2 5.90776E-2 6.01525E-2 6.24315E-2 6.2804E-2 6.25286E-2 6.46202E-2 6.77706E-2 7.02683E-2 7.16392E-2 7.24523E-2 7.51355E-2 7.67481E-2 7.66308E-2 7.69907E-2 8.05183E-2 8.61126E-2 9.18999E-2 9.15892E-2 9.24115E-2
1.77804E-2 1.77606E-2 1.85029E-2 1.71016E-2 1.73285E-2 2.18821E-2 2.64234E-2 2.94373E-2 2.72386E-2 2.61764E-2 2.78371E-2 2.85059E-2 2.84527E-2 2.83455E-2 3.07915E-2 3.22899E-2 3.09809E-2 3.58557E-2 3.85021E-2 3.43468E-2 2.57917E-2 2.54999E-2 2.71674E-2 3.10271E-2 4.24155E-2 4.98568E-2 4.69117E-2 4.90212E-2 4.82333E-2 4.3527E-2 4.35172E-2 5.06896E-2 4.62868E-2 4.60409E-2 4.6119E-2 4.81828E-2 5.43372E-2 6.06769E-2 5.97593E-2 5.87593E-2 5.93511E-2 6.12652E-2 6.01886E-2 6.00703E-2 6.03045E-2 6.00046E-2 6.05875E-2 6.34421E-2 6.56916E-2 6.8058E-2 7.07392E-2 7.26858E-2 7.49729E-2 7.36642E-2 7.40734E-2 7.66039E-2 7.92662E-2 8.2604E-2 8.5789E-2 8.87487E-2 8.47543E-2
1.81675E-2 1.8317E-2 1.87172E-2 1.8709E-2 1.8947E-2 2.02326E-2 2.13626E-2 2.3266E-2 2.47604E-2 2.55241E-2 2.65138E-2 2.73631E-2 2.90631E-2 3.20096E-2 3.23505E-2 3.22414E-2 3.37198E-2 3.13953E-2 2.88743E-2 3.04473E-2 2.37725E-2 2.16802E-2 2.08808E-2 2.38852E-2 3.11771E-2 3.85348E-2 4.61729E-2 5.11639E-2 5.16955E-2 4.82641E-2 5.16797E-2 5.34222E-2 5.04129E-2 4.8864E-2 4.91928E-2 4.95769E-2 5.16766E-2 5.38654E-2 5.67113E-2 5.93961E-2 6.18559E-2 6.1765E-2 6.02885E-2 5.79611E-2 5.75065E-2 5.88065E-2 6.00909E-2 6.32141E-2 6.52044E-2 6.7002E-2 6.938E-2 7.18878E-2 7.35318E-2 7.16946E-2 7.44226E-2 7.41302E-2 7.59475E-2 7.86365E-2 7.97086E-2 8.13045E-2 8.10126E-2
1.88253E-2 1.91711E-2 1.89744E-2 1.96857E-2 2.03349E-2 2.2798E-2 2.40499E-2 2.41109E-2 2.41692E-2 2.33167E-2 2.14392E-2 1.98581E-2 2.4142E-2 2.69021E-2 2.48051E-2 2.83497E-2 3.25376E-2 2.91969E-2 2.54657E-2 2.71799E-2 2.7681E-2 2.66013E-2 2.41864E-2 2.29638E-2 2.42074E-2 3.09906E-2 4.73894E-2 5.86883E-2 5.88119E-2 6.27513E-2 6.42232E-2 6.16369E-2 5.88229E-2 5.52897E-2 5.05131E-2 4.90753E-2 5.09092E-2 5.32176E-2 5.64013E-2 6.0465E-2 6.38645E-2 6.31599E-2 6.18689E-2 6.0045E-2 5.71482E-2 5.78149E-2 5.99114E-2 6.09021E-2 6.32349E-2 6.59943E-2 6.81728E-2 7.04739E-2 7.21018E-2 7.37039E-2 7.5458E-2 7.43209E-2 7.47628E-2 7.72446E-2 7.85283E-2 7.92023E-2 7.94369E-2
2.15215E-2 2.06153E-2 2.09083E-2 2.16532E-2 2.1286E-2 2.35044E-2 2.37161E-2 2.38584E-2 2.45518E-2 2.51835E-2 2.46218E-2 2.44732E-2 2.56188E-2 2.82908E-2 2.83166E-2 2.72407E-2 2.97087E-2 2.81224E-2 2.66935E-2 2.81498E-2 2.90694E-2 3.00322E-2 2.76586E-2 2.53188E-2 2.58731E-2 2.87366E-2 4.95284E-2 6.22023E-2 6.25766E-2 6.04874E-2 6.42857E-2 6.56894E-2 6.2401E-2 6.03338E-2 5.79767E-2 5.55198E-2 5.42474E-2 5.62332E-2 5.85613E-2 6.19561E-2 6.42172E-2 6.45851E-2 6.23204E-2 6.09346E-2 5.81996E-2 5.83937E-2 6.13792E-2 6.29898E-2 6.69869E-2 6.98239E-2 7.1858E-2 7.27946E-2 7.2712E-2 7.2621E-2 7.42738E-2 7.63542E-2 7.69238E-2 7.73104E-2 7.90779E-2 8.06264E-2 8.096E-2
2.35211E-2 2.22022E-2 2.30345E-2 2.27286E-2 2.36052E-2 2.46124E-2 2.45835E-2 2.55137E-2 2.49342E-2 2.44046E-2 2.5144E-2 2.59431E-2 2.74352E-2 2.77343E-2 2.97912E-2 3.03909E-2 3.20216E-2 3.051E-2 2.87846E-2 2.95042E-2 3.21947E-2 3.13261E-2 2.97471E-2 2.74422E-2 2.69646E-2 3.20539E-2 4.78789E-2 5.33008E-2 5.70201E-2 5.71835E-2 6.55542E-2 6.57078E-2 6.39743E-2 6.45118E-2 6.32897E-2 6.42742E-2 6.36936E-2 6.14307E-2 6.13055E-2 6.27953E-2 6.46305E-2 6.45506E-2 6.25917E-2 6.20345E-2 6.04095E-2 6.17003E-2 6.46329E-2 6.74914E-2 7.09243E-2 7.30069E-2 7.37795E-2 7.38147E-2 7.29375E-2 7.40229E-2 7.61717E-2 7.92179E-2 7.97078E-2 7.89701E-2 7.94065E-2 7.94317E-2 8.10291E-2
2.38366E-2 2.17719E-2 2.54148E-2 2.60459E-2 2.53946E-2 2.58539E-2 2.44318E-2 2.41759E-2 2.5463E-2 2.38672E-2 2.33255E-2 2.38486E-2 2.57741E-2 2.64541E-2 2.83421E-2 3.1334E-2 3.13134E-2 2.84646E-2 2.78952E-2 2.8905E-2 3.13731E-2 3.05419E-2 2.95093E-2 2.80609E-2 2.67429E-2 3.06778E-2 3.81927E-2 4.10504E-2 5.09309E-2 5.27801E-2 5.37329E-2 6.13617E-2 6.52901E-2 6.3702E-2 5.98637E-2 6.64118E-2 7.1088E-2 7.0084E-2 6.75163E-2 6.58335E-2 6.51092E-2 6.50436E-2 6.47601E-2 6.39843E-2 6.38865E-2 6.60926E-2 6.96818E-2 7.41306E-2 7.69049E-2 7.64058E-2 7.38638E-2 7.1574E-2 7.11241E-2 7.34753E-2 7.59385E-2 7.85236E-2 7.98343E-2 7.79975E-2 7.92355E-2 8.14381E-2 8.19632E-2
2.61228E-2 2.45304E-2 2.72989E-2 2.80752E-2 2.662E-2 2.69034E-2 2.53451E-2 2.39024E-2 2.36074E-2 2.43582E-2 2.41782E-2 2.40394E-2 2.42446E-2 2.32832E-2 2.67885E-2 2.92166E-2 3.00892E-2 2.72401E-2 2.4402E-2 2.44755E-2 2.51294E-2 2.86264E-2 2.91537E-2 2.76334E-2 2.55255E-2 2.44148E-2 3.48707E-2 4.13331E-2 4.574E-2 4.88279E-2 5.16456E-2 5.58697E-2 5.90893E-2 5.77617E-2 5.81739E-2 6.05164E-2 6.27673E-2 6.63936E-2 6.98551E-2 6.93435E-2 6.84488E-2 6.81922E-2 6.60541E-2 6.68635E-2 6.80922E-2 7.02724E-2 7.45129E-2 7.9922E-2 8.11541E-2 7.79116E-2 7.51119E-2 7.27624E-2 7.1174E-2 7.33307E-2 7.63529E-2 7.63039E-2 7.71659E-2 7.74411E-2 7.89925E-2 8.29652E-2 8.50721E-2
2.70889E-2 2.71767E-2 2.59833E-2 2.47841E-2 2.64387E-2 2.42229E-2 2.41182E-2 2.36618E-2 2.40173E-2 2.49637E-2 2.65672E-2 2.67E-2 2.5541E-2 2.30019E-2 2.32993E-2 2.473E-2 2.69394E-2 2.69064E-2 2.36621E-2 1.99055E-2 1.71247E-2 2.47953E-2 2.96429E-2 2.74707E-2 2.57119E-2 2.25317E-2 3.12244E-2 3.65432E-2 4.04308E-2 4.3389E-2 4.58663E-2 4.98789E-2 5.06896E-2 5.09141E-2 5.23677E-2 5.33219E-2 5.61028E-2 5.96635E-2 6.05831E-2 6.34865E-2 6.52579E-2 6.69416E-2 7.02239E-2 7.13852E-2 7.40281E-2 7.43496E-2 7.72718E-2 8.06881E-2 8.11905E-2 7.82073E-2 7.79164E-2 7.76133E-2 7.55258E-2 7.51783E-2 7.47936E-2 7.49467E-2 7.72775E-2 7.88047E-2 7.98587E-2 8.32913E-2 8.67029E-2
3.01337E-2 2.57976E-2 2.3975E-2 2.32293E-2 2.51463E-2 2.3093E-2 2.32623E-2 2.53618E-2 2.64641E-2 2.65818E-2 2.70845E-2 2.85152E-2 2.84691E-2 2.39097E-2 2.33961E-2 2.29911E-2 2.51301E-2 2.6463E-2 2.51474E-2 2.16069E-2 1.9607E-2 2.53906E-2 3.10023E-2 2.93368E-2 2.64484E-2 2.1731E-2 2.80621E-2 3.55272E-2 3.94678E-2 4.25381E-2 4.52036E-2 4.8366E-2 5.02193E-2 5.13074E-2 5.26665E-2 5.44333E-2 5.61714E-2 5.74735E-2 5.9399E-2 6.1326E-2 6.36902E-2 6.59966E-2 6.82019E-2 6.93723E-2 7.18859E-2 7.60255E-2 7.95225E-2 8.17262E-2 8.04714E-2 7.91322E-2 7.94641E-2 8.0331E-2 7.90984E-2 7.79062E-2 7.60189E-2 7.57426E-2 7.47151E-2 7.81066E-2 8.35105E-2 8.63211E-2 8.68169E-2
3.23481E-2 2.68202E-2 2.32835E-2 2.26352E-2 2.25979E-2 2.43962E-2 2.48604E-2 2.62492E-2 2.70754E-2 2.78443E-2 2.86728E-2 2.90513E-2 2.91395E-2 2.67518E-2 2.5356E-2 2.45401E-2 2.25917E-2 2.46292E-2 2.55573E-2 2.50403E-2 2.38934E-2 2.45032E-2 2.92043E-2 2.97483E-2 2.58682E-2 2.47377E-2 2.7965E-2 3.58338E-2 4.26752E-2 4.44444E-2 4.70375E-2 4.86908E-2 4.99193E-2 4.85244E-2 4.98157E-2 5.2116E-2 5.50154E-2 5.78476E-2 6.16005E-2 6.15985E-2 6.36701E-2 6.78762E-2 7.0985E-2 7.2418E-2 7.36031E-2 7.49282E-2 7.61287E-2 7.73512E-2 7.8083E-2 7.79255E-2 7.75305E-2 7.92424E-2 7.9097E-2 8.24631E-2 8.3569E-2 8.21361E-2 7.99056E-2 7.99757E-2 8.0817E-2 8.47796E-2 8.94716E-2
2.94748E-2 2.83582E-2 2.89393E-2 2.87977E-2 2.40435E-2 2.6358E-2 2.77552E-2 2.62979E-2 2.75506E-2 3.00607E-2 3.04016E-2 3.0621E-2 3.0655E-2 2.86853E-2 2.57503E-2 2.53002E-2 2.46598E-2 2.07228E-2 2.4479E-2 2.59999E-2 2.49027E-2 2.30441E-2 2.43601E-2 2.24477E-2 2.66386E-2 3.43954E-2 3.97618E-2 4.88079E-2 4.91712E-2 5.00053E-2 5.1326E-2 5.13069E-2 4.89957E-2 4.73222E-2 5.04059E-2 5.40463E-2 6.06788E-2 6.21565E-2 6.25593E-2 6.48796E-2 6.81956E-2 7.15647E-2 7.40084E-2 7.43894E-2 7.407E-2 7.33111E-2 7.51123E-2 7.64648E-2 7.76644E-2 7.64468E-2 7.62264E-2 7.76158E-2 7.7147E-2 7.80463E-2 8.33626E-2 8.67679E-2 8.75261E-2 8.74755E-2 8.75537E-2 8.78021E-2 8.86718E-2
1.9289E-2 2.01188E-2 2.22023E-2 2.77078E-2 3.30154E-2 3.22807E-2 2.89186E-2 2.74972E-2 2.90651E-2 3.04534E-2 2.97861E-2 2.9685E-2 3.00208E-2 2.72727E-2 2.65868E-2 2.51409E-2 2.7045E-2 2.18927E-2 2.36689E-2 2.82834E-2 2.79551E-2 2.29713E-2 2.12531E-2 1.98508E-2 2.7654E-2 3.73761E-2 4.86429E-2 5.44498E-2 5.20234E-2 5.34401E-2 5.3882E-2 5.34365E-2 5.12785E-2 5.06873E-2 5.4211E-2 5.72594E-2 5.92832E-2 6.11324E-2 6.39405E-2 6.72844E-2 6.8263E-2 6.78867E-2 6.76094E-2 7.04429E-2 7.30675E-2 7.41831E-2 7.65027E-2 7.7681E-2 7.93379E-2 7.7394E-2 7.73724E-2 7.99151E-2 8.08983E-2 8.35775E-2 8.51584E-2 8.4328E-2 8.39376E-2 8.71993E-2 9.11506E-2 9.44486E-2 9.48528E-2
2.73641E-2 2.92495E-2 2.76619E-2 2.94694E-2 3.18371E-2 2.99105E-2 2.99126E-2 3.09031E-2 2.99358E-2 3.01353E-2 3.05443E-2 3.07213E-2 3.12952E-2 3.12844E-2 3.08763E-2 2.94116E-2 2.80547E-2 2.17693E-2 2.49101E-2 2.6917E-2 2.56723E-2 2.27999E-2 1.86534E-2 1.78186E-2 2.07705E-2 3.0362E-2 4.54664E-2 5.6555E-2 5.30494E-2 5.46435E-2 5.54289E-2 5.51587E-2 5.42275E-2 5.25582E-2 5.30265E-2 5.46026E-2 5.74371E-2 6.13144E-2 6.37497E-2 6.25768E-2 6.29752E-2 6.59698E-2 6.82773E-2 7.26283E-2 7.48784E-2 7.52735E-2 7.59225E-2 7.81386E-2 8.0206E-2 8.0046E-2 7.92354E-2 8.25627E-2 8.51863E-2 8.60499E-2 8.84657E-2 8.83911E-2 8.75652E-2 8.90742E-2 9.11731E-2 9.24901E-2 9.39839E-2
