maxent_outputs/white_flowers_troch_bombus_environ/white_88.asc
ncols         426
nrows         180
xllcorner     -130.0
yllcorner     24.0
cellsize      0.16666666666666666
NODATA_value  -9999
[rows 27 to 53 of 180, columns 122 to 182 of 426]
1.42201E-1 1.36633E-1 1.29795E-1 1.31324E-1 1.48807E-1 1.6389E-1 1.5501E-1 1.57021E-1 1.65427E-1 1.61208E-1 1.59472E-1 1.53371E-1 1.49824E-1 1.69379E-1 1.85824E-1 1.8992E-1 1.93161E-1 1.92764E-1 1.93411E-1 1.95329E-1 2.01235E-1 2.00283E-1 2.03517E-1 2.09824E-1 2.17034E-1 2.30741E-1 2.21827E-1 2.11506E-1 2.04271E-1 2.03966E-1 1.99127E-1 1.99636E-1 2.00093E-1 1.95144E-1 1.84808E-1 1.8141E-1 1.75716E-1 1.70554E-1 1.66854E-1 1.64116E-1 1.62741E-1 1.58662E-1 1.55353E-1 1.54263E-1 1.5491E-1 1.55516E-1 1.51466E-1 1.56336E-1 1.59102E-1 1.61325E-1 1.64831E-1 1.67061E-1 1.70856E-1 1.73292E-1 1.73526E-1 1.6859E-1 1.66686E-1 1.62764E-1 1.66441E-1 1.67447E-1 1.69413E-1
1.2769E-1 1.29163E-1 1.34191E-1 1.4315E-1 1.58206E-1 1.62528E-1 1.5823E-1 1.56206E-1 1.58308E-1 1.60342E-1 1.58992E-1 1.64378E-1 1.55806E-1 1.49424E-1 1.53923E-1 1.71076E-1 1.8025E-1 1.7123E-1 1.67873E-1 1.676E-1 1.80263E-1 1.89193E-1 1.9969E-1 2.09718E-1 2.18941E-1 2.12639E-1 2.04613E-1 2.07844E-1 2.14085E-1 2.07573E-1 2.01681E-1 1.92537E-1 1.8339E-1 1.85596E-1 1.93717E-1 1.84546E-1 1.79165E-1 1.78583E-1 1.75401E-1 1.72117E-1 1.68823E-1 1.67885E-1 1.67251E-1 1.64972E-1 1.65272E-1 1.65054E-1 1.62698E-1 1.60918E-1 1.61346E-1 1.62095E-1 1.61E-1 1.64535E-1 1.67723E-1 1.66602E-1 1.62837E-1 1.6555E-1 1.67429E-1 1.59959E-1 1.57988E-1 1.6256E-1 1.66753E-1
1.36347E-1 1.45755E-1 1.4192E-1 1.56196E-1 1.67419E-1 1.78094E-1 1.76679E-1 1.71281E-1 1.69528E-1 1.67912E-1 1.67088E-1 1.72293E-1 1.64335E-1 1.60901E-1 1.57461E-1 1.53432E-1 1.52759E-1 1.52376E-1 1.55032E-1 1.6525E-1 1.71478E-1 1.8803E-1 1.96902E-1 1.98556E-1 2.18358E-1 2.37309E-1 2.54739E-1 2.31092E-1 2.07232E-1 2.17151E-1 2.01549E-1 1.87234E-1 1.88112E-1 1.80173E-1 1.78924E-1 1.85624E-1 1.90268E-1 1.82751E-1 1.79182E-1 1.83978E-1 1.85907E-1 1.78888E-1 1.73481E-1 1.72029E-1 1.72848E-1 1.71748E-1 1.72331E-1 1.72599E-1 1.66209E-1 1.68582E-1 1.64996E-1 1.66817E-1 1.67411E-1 1.63959E-1 1.6082E-1 1.57811E-1 1.55438E-1 1.56861E-1 1.61408E-1 1.62644E-1 1.64078E-1
1.73166E-1 1.66374E-1 1.66783E-1 1.68706E-1 1.698E-1 1.83781E-1 1.91763E-1 1.92417E-1 1.94998E-1 1.88008E-1 1.85094E-1 1.85148E-1 1.81958E-1 1.74023E-1 1.81725E-1 1.687E-1 1.65759E-1 1.59992E-1 1.63396E-1 1.75127E-1 1.83485E-1 1.85348E-1 1.83252E-1 2.0511E-1 2.25272E-1 2.54738E-1 2.383E-1 2.066E-1 2.06406E-1 2.37321E-1 2.20112E-1 2.03138E-1 2.02551E-1 1.93526E-1 1.80741E-1 1.75826E-1 1.7453E-1 1.81679E-1 1.84216E-1 1.88701E-1 1.92292E-1 1.86634E-1 1.81608E-1 1.78446E-1 1.77621E-1 1.77238E-1 1.80167E-1 1.80248E-1 1.7823E-1 1.77291E-1 1.75932E-1 1.74173E-1 1.7353E-1 1.6586E-1 1.60748E-1 1.53056E-1 1.48979E-1 1.48753E-1 1.49689E-1 1.64756E-1 1.6697E-1
2.15162E-1 2.15703E-1 2.11183E-1 1.97662E-1 1.96754E-1 1.93313E-1 1.96991E-1 2.00182E-1 2.09151E-1 2.1396E-1 2.02215E-1 2.04345E-1 1.93858E-1 1.74507E-1 1.9257E-1 1.8594E-1 1.81932E-1 1.7333E-1 1.64332E-1 1.69903E-1 1.83094E-1 1.88757E-1 1.98189E-1 1.99468E-1 1.99387E-1 2.26232E-1 2.38785E-1 2.17792E-1 1.96466E-1 2.07408E-1 2.13489E-1 2.03527E-1 2.06043E-1 2.05639E-1 1.86869E-1 1.78849E-1 1.73006E-1 1.75621E-1 1.7331E-1 1.6981E-1 1.66685E-1 1.68515E-1 1.73924E-1 1.80074E-1 1.82471E-1 1.86135E-1 1.84566E-1 1.87514E-1 1.8885E-1 1.87339E-1 1.89291E-1 1.83389E-1 1.81324E-1 1.74572E-1 1.69059E-1 1.66549E-1 1.63201E-1 1.60481E-1 1.58762E-1 1.62734E-1 1.60325E-1
2.46129E-1 2.47094E-1 2.45573E-1 2.37781E-1 2.3189E-1 2.24885E-1 2.1894E-1 2.0908E-1 2.08489E-1 2.07708E-1 2.20864E-1 2.28969E-1 2.15457E-1 1.99872E-1 1.94331E-1 1.96089E-1 1.99978E-1 1.87143E-1 1.79582E-1 1.86436E-1 1.90862E-1 1.95797E-1 1.95455E-1 2.04843E-1 2.07525E-1 2.37052E-1 2.35061E-1 2.29382E-1 2.13542E-1 2.06725E-1 2.19321E-1 2.20844E-1 2.16256E-1 2.1266E-1 1.99951E-1 1.9607E-1 1.8647E-1 1.72406E-1 1.65974E-1 1.66854E-1 1.6529E-1 1.64954E-1 1.63983E-1 1.6598E-1 1.69697E-1 1.77892E-1 1.82445E-1 1.87049E-1 2.00665E-1 2.02245E-1 2.00914E-1 1.93539E-1 1.86012E-1 1.86822E-1 1.82576E-1 1.74594E-1 1.69861E-1 1.65719E-1 1.6582E-1 1.77845E-1 1.7223E-1
2.44755E-1 2.47894E-1 2.54607E-1 2.54564E-1 2.46198E-1 2.42003E-1 2.33041E-1 2.29296E-1 2.20489E-1 2.15756E-1 2.31541E-1 2.29447E-1 2.26463E-1 2.33063E-1 2.26774E-1 2.18628E-1 2.13094E-1 2.10077E-1 1.99536E-1 2.06815E-1 2.0194E-1 2.02594E-1 2.00041E-1 2.01201E-1 1.93615E-1 2.03135E-1 2.26768E-1 2.20101E-1 2.09692E-1 2.2142E-1 2.36973E-1 2.29722E-1 2.17997E-1 2.0989E-1 2.00578E-1 2.06318E-1 1.99101E-1 1.77923E-1 1.67853E-1 1.63128E-1 1.65889E-1 1.67564E-1 1.66396E-1 1.6911E-1 1.68365E-1 1.66202E-1 1.7333E-1 1.79042E-1 1.88602E-1 1.98783E-1 2.08168E-1 2.00985E-1 1.95827E-1 1.85246E-1 1.8359E-1 1.83932E-1 1.9358E-1 1.77475E-1 1.73948E-1 1.77648E-1 1.79872E-1
2.03766E-1 2.05875E-1 2.2582E-1 2.41781E-1 2.56185E-1 2.62441E-1 2.5596E-1 2.4585E-1 2.37138E-1 2.37037E-1 2.32754E-1 2.28147E-1 2.49761E-1 2.36724E-1 2.41384E-1 2.36852E-1 2.33919E-1 2.2641E-1 2.21844E-1 2.18991E-1 2.09185E-1 2.13618E-1 2.08854E-1 2.13378E-1 2.19102E-1 2.33396E-1 2.35468E-1 2.4276E-1 2.4309E-1 2.36043E-1 2.25943E-1 2.23183E-1 2.16201E-1 2.09473E-1 2.06125E-1 2.06463E-1 2.06842E-1 1.8461E-1 1.75442E-1 1.79072E-1 1.69223E-1 1.73166E-1 1.68921E-1 1.73915E-1 1.72749E-1 1.71678E-1 1.71996E-1 1.73953E-1 1.79959E-1 1.92103E-1 2.04734E-1 2.10245E-1 2.03321E-1 1.97569E-1 1.93355E-1 1.87836E-1 1.87536E-1 1.87571E-1 1.85443E-1 1.91625E-1 1.92885E-1
2.01342E-1 2.04827E-1 2.33426E-1 2.4445E-1 2.50903E-1 2.50241E-1 2.53596E-1 2.69985E-1 2.60481E-1 2.53143E-1 2.47526E-1 2.39456E-1 2.43891E-1 2.39022E-1 2.48501E-1 2.54155E-1 2.4979E-1 2.43096E-1 2.39072E-1 2.48691E-1 2.3888E-1 2.34876E-1 2.35732E-1 2.42022E-1 2.52435E-1 2.5328E-1 2.56745E-1 2.54609E-1 2.46264E-1 2.39988E-1 2.35493E-1 2.35753E-1 2.395E-1 2.2616E-1 2.21013E-1 2.3218E-1 2.27425E-1 2.17176E-1 2.21794E-1 2.15958E-1 2.11558E-1 2.08496E-1 1.99047E-1 1.82907E-1 1.8099E-1 1.78093E-1 1.78083E-1 1.77795E-1 1.80195E-1 1.8636E-1 1.9322E-1 2.05718E-1 2.11357E-1 2.11786E-1 2.09176E-1 2.03799E-1 2.00952E-1 1.99657E-1 1.96111E-1 1.90192E-1 1.82504E-1
2.295E-1 2.24707E-1 2.50643E-1 2.66061E-1 2.53539E-1 2.24957E-1 2.29482E-1 2.64086E-1 2.75776E-1 2.63163E-1 2.59272E-1 2.55935E-1 2.5487E-1 2.55519E-1 2.527E-1 2.69016E-1 2.68271E-1 2.65639E-1 2.93907E-1 2.997E-1 2.49212E-1 2.43731E-1 2.38717E-1 2.31354E-1 2.29304E-1 2.37178E-1 2.37944E-1 2.41329E-1 2.45432E-1 2.51033E-1 2.4601E-1 2.42027E-1 2.42743E-1 2.42022E-1 2.46954E-1 2.22514E-1 2.20554E-1 2.13744E-1 2.09454E-1 1.99047E-1 1.90789E-1 2.15045E-1 2.21689E-1 2.3313E-1 2.0968E-1 1.82288E-1 1.83124E-1 1.8206E-1 1.82645E-1 1.87431E-1 1.93329E-1 1.94877E-1 2.01352E-1 2.09679E-1 2.13432E-1 2.10004E-1 2.04153E-1 2.06714E-1 1.96789E-1 1.88101E-1 1.90712E-1
2.63521E-1 2.61433E-1 2.65025E-1 2.71519E-1 2.8551E-1 2.72543E-1 2.66694E-1 2.67436E-1 2.70823E-1 2.63723E-1 2.67683E-1 2.69314E-1 2.56806E-1 2.70252E-1 2.61262E-1 2.76217E-1 2.9094E-1 2.99235E-1 2.87246E-1 2.65345E-1 2.59783E-1 2.37608E-1 2.4435E-1 2.34941E-1 2.37741E-1 2.46423E-1 2.46219E-1 2.50545E-1 2.57689E-1 2.55864E-1 2.51967E-1 2.48092E-1 2.47853E-1 2.64705E-1 2.32181E-1 2.25608E-1 2.16316E-1 2.15136E-1 2.18305E-1 2.17243E-1 2.06914E-1 2.14195E-1 2.2908E-1 2.35643E-1 2.46706E-1 1.93471E-1 1.8884E-1 1.857E-1 1.8778E-1 1.94001E-1 1.95272E-1 1.91554E-1 1.84412E-1 1.95063E-1 2.03879E-1 2.08472E-1 2.05917E-1 2.01921E-1 1.9648E-1 1.92272E-1 1.90864E-1
2.75302E-1 2.51396E-1 2.34738E-1 2.63E-1 2.83578E-1 2.83687E-1 2.81799E-1 2.82001E-1 2.78962E-1 2.76885E-1 2.75475E-1 2.82988E-1 2.77057E-1 2.7341E-1 2.60596E-1 2.70113E-1 2.76626E-1 2.59464E-1 2.53086E-1 2.57982E-1 2.5999E-1 2.38673E-1 2.30225E-1 2.31061E-1 2.34951E-1 2.425E-1 2.44731E-1 2.61544E-1 2.59775E-1 2.63624E-1 2.58808E-1 2.6325E-1 2.71725E-1 2.44225E-1 2.24889E-1 2.21806E-1 2.31062E-1 2.36655E-1 2.27328E-1 2.33371E-1 2.30987E-1 2.33277E-1 2.28787E-1 2.38896E-1 2.51582E-1 2.35607E-1 2.13229E-1 2.14301E-1 2.27215E-1 2.37012E-1 2.2518E-1 2.12218E-1 1.95339E-1 1.91615E-1 1.94292E-1 2.01074E-1 2.01382E-1 1.95624E-1 1.97925E-1 1.92925E-1 1.90043E-1
2.72959E-1 2.599E-1 2.59412E-1 2.78046E-1 2.77018E-1 2.7689E-1 2.70572E-1 2.71677E-1 2.74078E-1 2.82857E-1 2.8635E-1 2.68291E-1 2.529E-1 2.33964E-1 2.35502E-1 2.37531E-1 2.40229E-1 2.42056E-1 2.46954E-1 2.57836E-1 2.53389E-1 2.41864E-1 2.27507E-1 2.32149E-1 2.37393E-1 2.39876E-1 2.40949E-1 2.50467E-1 2.76033E-1 2.80695E-1 2.67465E-1 2.88516E-1 2.71799E-1 2.37754E-1 2.26231E-1 2.38206E-1 2.43553E-1 2.318E-1 2.12191E-1 2.17542E-1 2.14006E-1 2.29841E-1 2.19447E-1 2.22917E-1 2.23312E-1 2.15541E-1 2.23083E-1 2.27714E-1 2.1333E-1 2.25349E-1 2.10384E-1 2.04836E-1 2.04796E-1 2.05015E-1 1.98525E-1 1.95735E-1 1.99497E-1 1.96494E-1 1.96824E-1 1.93457E-1 1.93106E-1
2.49121E-1 2.35261E-1 2.26233E-1 2.45909E-1 2.76276E-1 2.8233E-1 2.6994E-1 2.72809E-1 2.78069E-1 2.85812E-1 2.88893E-1 2.59439E-1 2.43791E-1 2.37177E-1 2.41047E-1 2.41499E-1 2.45637E-1 2.48223E-1 2.49028E-1 2.53371E-1 2.49418E-1 2.40899E-1 2.32403E-1 2.32862E-1 2.33133E-1 2.29293E-1 2.38059E-1 2.544E-1 2.62462E-1 2.1142E-1 2.79137E-1 2.83922E-1 2.47211E-1 2.53259E-1 2.44954E-1 2.47483E-1 2.49185E-1 2.32901E-1 2.11174E-1 2.17736E-1 2.24457E-1 2.3007E-1 2.27553E-1 2.26309E-1 2.28889E-1 2.32139E-1 2.32976E-1 2.35317E-1 2.30115E-1 2.27778E-1 2.33079E-1 2.30618E-1 2.20838E-1 2.0486E-1 2.01088E-1 2.02008E-1 1.94588E-1 1.88449E-1 1.91148E-1 1.89561E-1 1.86651E-1
2.38248E-1 2.21293E-1 2.15622E-1 2.51299E-1 2.69741E-1 2.7932E-1 2.81426E-1 2.70912E-1 2.66358E-1 2.72475E-1 2.85611E-1 2.57514E-1 2.36055E-1 2.34718E-1 2.46594E-1 2.48293E-1 2.45874E-1 2.39295E-1 2.3928E-1 2.42856E-1 2.47227E-1 2.3838E-1 2.2908E-1 2.25941E-1 2.22693E-1 2.29262E-1 2.37275E-1 2.44537E-1 2.3712E-1 2.67376E-1 2.20961E-1 2.69152E-1 2.58431E-1 2.51225E-1 2.43381E-1 2.44958E-1 2.4936E-1 2.30612E-1 2.1118E-1 2.13549E-1 2.22155E-1 2.34912E-1 2.42794E-1 2.33941E-1 2.3077E-1 2.32021E-1 2.29378E-1 2.21453E-1 2.18728E-1 2.16276E-1 2.23642E-1 2.24404E-1 2.28374E-1 1.9887E-1 1.96534E-1 1.94173E-1 1.95995E-1 2.05099E-1 1.96239E-1 2.0337E-1 1.9209E-1
2.13762E-1 2.03069E-1 2.02935E-1 2.18822E-1 2.40977E-1 2.52242E-1 2.80025E-1 2.76278E-1 2.82188E-1 2.86903E-1 2.83379E-1 2.48598E-1 2.33675E-1 2.29408E-1 2.27697E-1 2.27634E-1 2.28941E-1 2.29972E-1 2.36366E-1 2.41249E-1 2.42661E-1 2.39462E-1 2.27522E-1 2.34647E-1 2.24348E-1 2.19565E-1 2.1986E-1 2.55307E-1 2.69751E-1 2.38163E-1 2.04188E-1 2.25895E-1 2.58377E-1 2.42884E-1 2.38732E-1 2.45507E-1 2.52038E-1 2.39018E-1 2.22657E-1 2.24439E-1 2.23271E-1 2.26517E-1 2.35438E-1 2.35502E-1 2.40721E-1 2.39799E-1 2.32593E-1 2.22787E-1 2.20544E-1 2.22312E-1 2.24316E-1 2.32143E-1 2.42823E-1 2.14809E-1 2.07076E-1 2.06714E-1 2.00489E-1 2.01813E-1 1.99584E-1 2.06932E-1 1.93204E-1
1.7996E-1 1.55888E-1 1.61237E-1 2.12063E-1 2.37469E-1 2.42456E-1 2.61295E-1 2.70774E-1 2.86233E-1 2.90673E-1 2.93403E-1 2.74745E-1 2.59979E-1 2.45051E-1 2.38355E-1 2.33492E-1 2.28847E-1 2.2396E-1 2.24697E-1 2.30392E-1 2.33396E-1 2.26161E-1 2.33096E-1 2.38555E-1 2.4704E-1 2.44141E-1 2.30722E-1 2.23832E-1 2.17229E-1 2.3185E-1 2.28372E-1 2.17732E-1 2.43385E-1 2.37499E-1 2.4124E-1 2.4192E-1 2.54553E-1 2.402E-1 2.27779E-1 2.26654E-1 2.31821E-1 2.30429E-1 2.33299E-1 2.39902E-1 2.37884E-1 2.30691E-1 2.32353E-1 2.31942E-1 2.36971E-1 2.2962E-1 2.36546E-1 2.44106E-1 2.45947E-1 2.51217E-1 2.20071E-1 2.11726E-1 2.10505E-1 2.1604E-1 2.13283E-1 2.09256E-1 2.01931E-1
2.26887E-1 2.19294E-1 2.24438E-1 2.41273E-1 2.52353E-1 2.51175E-1 2.57203E-1 2.73468E-1 2.89582E-1 2.94906E-1 2.94336E-1 2.87791E-1 2.69367E-1 2.5028E-1 2.42149E-1 2.45683E-1 2.41732E-1 2.38272E-1 2.39849E-1 2.42826E-1 2.39967E-1 2.42436E-1 2.48555E-1 2.54253E-1 2.60848E-1 2.54109E-1 2.37019E-1 2.33734E-1 2.16822E-1 2.42666E-1 2.45098E-1 2.24252E-1 2.29944E-1 2.28084E-1 2.32405E-1 2.36791E-1 2.42981E-1 2.36396E-1 2.23893E-1 2.26619E-1 2.24324E-1 2.20773E-1 2.2174E-1 2.30319E-1 2.39969E-1 2.47217E-1 2.45265E-1 2.34138E-1 2.32197E-1 2.3914E-1 2.42159E-1 2.40431E-1 2.42487E-1 2.35181E-1 2.47424E-1 2.08106E-1 2.04815E-1 2.05616E-1 2.07226E-1 2.01609E-1 2.09212E-1
2.52549E-1 2.51682E-1 2.54129E-1 2.5698E-1 2.63765E-1 2.6883E-1 2.74751E-1 2.83065E-1 2.92105E-1 2.90968E-1 2.83335E-1 2.71071E-1 2.73778E-1 2.6339E-1 2.52942E-1 2.54038E-1 2.59258E-1 2.52364E-1 2.55668E-1 2.50013E-1 2.57533E-1 2.63826E-1 2.72434E-1 2.71198E-1 2.65612E-1 2.70241E-1 2.5445E-1 2.5926E-1 2.65166E-1 2.45206E-1 2.39269E-1 2.42432E-1 2.27818E-1 2.29049E-1 2.38444E-1 2.26358E-1 2.34236E-1 2.32336E-1 2.32864E-1 2.28365E-1 2.33456E-1 2.3359E-1 2.31576E-1 2.31456E-1 2.37604E-1 2.39884E-1 2.45138E-1 2.4129E-1 2.32127E-1 2.4302E-1 2.58034E-1 2.4402E-1 2.38734E-1 2.3533E-1 2.41845E-1 2.04204E-1 1.9392E-1 1.92979E-1 1.97462E-1 2.03536E-1 2.01309E-1
2.55008E-1 2.55137E-1 2.60509E-1 2.64744E-1 2.65078E-1 2.65118E-1 2.59744E-1 2.5424E-1 2.66563E-1 2.71117E-1 2.82695E-1 2.6728E-1 2.78706E-1 2.87681E-1 3.05439E-1 2.91912E-1 2.88514E-1 2.81694E-1 2.74775E-1 2.74068E-1 2.7963E-1 2.7641E-1 2.78866E-1 2.70371E-1 2.50927E-1 2.5505E-1 2.49434E-1 2.45173E-1 2.56008E-1 2.50217E-1 2.53276E-1 2.48155E-1 2.41747E-1 2.38755E-1 2.33489E-1 2.18339E-1 2.26242E-1 2.30777E-1 2.31387E-1 2.31432E-1 2.38021E-1 2.39161E-1 2.38198E-1 2.39136E-1 2.42265E-1 2.45251E-1 2.43613E-1 2.49209E-1 2.39124E-1 2.32428E-1 2.47444E-1 2.49905E-1 2.5238E-1 2.44216E-1 2.53322E-1 2.30004E-1 2.09532E-1 1.98492E-1 1.98112E-1 1.96425E-1 2.01669E-1
2.33517E-1 2.4511E-1 2.46954E-1 2.47268E-1 2.50937E-1 2.38657E-1 2.62637E-1 2.62229E-1 2.67516E-1 2.74944E-1 2.77526E-1 2.80914E-1 2.79792E-1 2.60865E-1 2.57138E-1 2.49443E-1 2.58698E-1 2.74347E-1 2.76891E-1 2.69537E-1 2.59048E-1 2.6767E-1 2.71327E-1 2.80202E-1 2.75351E-1 2.70103E-1 2.67314E-1 2.53137E-1 2.49036E-1 2.53608E-1 2.5279E-1 2.2162E-1 2.35416E-1 2.49874E-1 2.38865E-1 2.23846E-1 2.24671E-1 2.31279E-1 2.35001E-1 2.38235E-1 2.32364E-1 2.38996E-1 2.46321E-1 2.47716E-1 2.43344E-1 2.46477E-1 2.39764E-1 2.43414E-1 2.44526E-1 2.51228E-1 2.50574E-1 2.44645E-1 2.46015E-1 2.62911E-1 2.80742E-1 2.36345E-1 2.30464E-1 2.19282E-1 2.01348E-1 2.00339E-1 2.0272E-1
2.23768E-1 2.43289E-1 2.56595E-1 2.47586E-1 2.47928E-1 2.54742E-1 2.81705E-1 2.86511E-1 2.86841E-1 2.79514E-1 2.73343E-1 2.82611E-1 2.81633E-1 2.61725E-1 2.43993E-1 2.32793E-1 2.54734E-1 2.68512E-1 2.74132E-1 2.67009E-1 2.71047E-1 2.77322E-1 2.71113E-1 2.68421E-1 2.80168E-1 2.79275E-1 2.77721E-1 2.74587E-1 2.59101E-1 2.60309E-1 2.38679E-1 2.49646E-1 2.4954E-1 2.45376E-1 2.34973E-1 2.31659E-1 2.43363E-1 2.51482E-1 2.4497E-1 2.42734E-1 2.44699E-1 2.42373E-1 2.44378E-1 2.46778E-1 2.46322E-1 2.47431E-1 2.46821E-1 2.53531E-1 2.49235E-1 2.48686E-1 2.48852E-1 2.41882E-1 2.34695E-1 2.37939E-1 2.69867E-1 2.7521E-1 2.47453E-1 2.36316E-1 2.17267E-1 2.16377E-1 2.11608E-1
2.64437E-1 2.57188E-1 2.42788E-1 2.51948E-1 2.69803E-1 2.95967E-1 2.96046E-1 2.70544E-1 2.59684E-1 2.71359E-1 2.64551E-1 2.74044E-1 2.58911E-1 2.4789E-1 2.41143E-1 2.28872E-1 2.36139E-1 2.54408E-1 2.66824E-1 2.65763E-1 2.74578E-1 2.72518E-1 2.80353E-1 2.74864E-1 2.69382E-1 2.69869E-1 2.77382E-1 2.78346E-1 2.77943E-1 2.66007E-1 2.39593E-1 2.36706E-1 2.56445E-1 2.57109E-1 2.49065E-1 2.40437E-1 2.55668E-1 2.55525E-1 2.51946E-1 2.56343E-1 2.45774E-1 2.45403E-1 2.51118E-1 2.62694E-1 2.64341E-1 2.60463E-1 2.58933E-1 2.57402E-1 2.61331E-1 2.64483E-1 2.70077E-1 2.73788E-1 2.62826E-1 2.63601E-1 2.64316E-1 2.74455E-1 2.59939E-1 2.52079E-1 2.39072E-1 2.38498E-1 2.29923E-1
2.45628E-1 2.5098E-1 2.56475E-1 2.65934E-1 2.91868E-1 2.83331E-1 2.47481E-1 2.47843E-1 2.57514E-1 2.87892E-1 2.87017E-1 2.80982E-1 2.54362E-1 2.48934E-1 2.36248E-1 2.27032E-1 2.27088E-1 2.35427E-1 2.39725E-1 2.70316E-1 2.54403E-1 2.40631E-1 2.48787E-1 2.59629E-1 2.54842E-1 2.66771E-1 2.80575E-1 2.80914E-1 2.68048E-1 2.50607E-1 2.44273E-1 2.51344E-1 2.42542E-1 2.58885E-1 2.61583E-1 2.63388E-1 2.57278E-1 2.4865E-1 2.53984E-1 2.68957E-1 2.57726E-1 2.51542E-1 2.60591E-1 2.64507E-1 2.57976E-1 2.57383E-1 2.5892E-1 2.63957E-1 2.65928E-1 2.67229E-1 2.67515E-1 2.70706E-1 2.77677E-1 2.76841E-1 2.88814E-1 2.93612E-1 2.60611E-1 2.60029E-1 2.50398E-1 2.50862E-1 2.46959E-1
2.22336E-1 2.23093E-1 2.17283E-1 2.35128E-1 2.76206E-1 2.49284E-1 2.32342E-1 2.29404E-1 2.61785E-1 3.06219E-1 3.15379E-1 2.7482E-1 2.48641E-1 2.41331E-1 2.34817E-1 2.4146E-1 2.26699E-1 2.19595E-1 2.45725E-1 2.65725E-1 2.54073E-1 2.52483E-1 2.34311E-1 2.44937E-1 2.66537E-1 2.7017E-1 2.68548E-1 2.68482E-1 2.74383E-1 2.71333E-1 2.55205E-1 2.62281E-1 2.60374E-1 2.50191E-1 2.54353E-1 2.65976E-1 2.77372E-1 2.56585E-1 2.51503E-1 2.73376E-1 2.72209E-1 2.57592E-1 2.54153E-1 2.55148E-1 2.52966E-1 2.55476E-1 2.5659E-1 2.58835E-1 2.60757E-1 2.63523E-1 2.67063E-1 2.71118E-1 2.71686E-1 2.75495E-1 2.82585E-1 2.96339E-1 2.82892E-1 2.51765E-1 2.42266E-1 2.41379E-1 2.45352E-1
1.49326E-1 1.69807E-1 1.92887E-1 2.19608E-1 2.51483E-1 2.35138E-1 1.84339E-1 1.57931E-1 2.01174E-1 2.18969E-1 2.69471E-1 2.68097E-1 2.36463E-1 2.32589E-1 2.3395E-1 2.22231E-1 2.16158E-1 2.3684E-1 2.43607E-1 2.33983E-1 2.28821E-1 2.39899E-1 2.26909E-1 2.53272E-1 2.62452E-1 2.63314E-1 2.69243E-1 2.65465E-1 2.57527E-1 2.54733E-1 2.59428E-1 2.58102E-1 2.63209E-1 2.51179E-1 2.5899E-1 2.70268E-1 2.66751E-1 2.56932E-1 2.54008E-1 2.66445E-1 2.65614E-1 2.59578E-1 2.62797E-1 2.60065E-1 2.62557E-1 2.63482E-1 2.63687E-1 2.67969E-1 2.71544E-1 2.74947E-1 2.78231E-1 2.88342E-1 2.94434E-1 2.92615E-1 2.87552E-1 2.93394E-1 3.04926E-1 2.60587E-1 2.59446E-1 2.53214E-1 2.50347E-1
6.55291E-2 9.60028E-2 1.56795E-1 2.18315E-1 2.25189E-1 2.06449E-1 1.8075E-1 1.61979E-1 2.09562E-1 1.79645E-1 1.25573E-1 1.93241E-1 2.31983E-1 2.26926E-1 2.18858E-1 2.15908E-1 2.31102E-1 2.36914E-1 2.29046E-1 2.23933E-1 2.26239E-1 2.28716E-1 2.38595E-1 2.51797E-1 2.45521E-1 2.51282E-1 2.59077E-1 2.44227E-1 2.38195E-1 2.48352E-1 2.53069E-1 2.56883E-1 2.6415E-1 2.73668E-1 2.75041E-1 2.86969E-1 2.89421E-1 2.83661E-1 2.68749E-1 2.64684E-1 2.61801E-1 2.65461E-1 2.70376E-1 2.7602E-1 2.71557E-1 2.69737E-1 2.67406E-1 2.69643E-1 2.70884E-1 2.7781E-1 2.83081E-1 2.91838E-1 2.87086E-1 2.82923E-1 2.93935E-1 3.10678E-1 3.07043E-1 2.65681E-1 2.57923E-1 2.56152E-1 2.58739E-1
