maxent_outputs/white_flowers_troch_bombus_environ/white_122.asc
ncols         426
nrows         180
xllcorner     -130.0
yllcorner     24.0
cellsize      0.16666666666666666
NODATA_value  -9999
[rows 135 to 161 of 180, columns 183 to 243 of 426]
6.00357E-1 6.1136E-1 6.18607E-1 6.25207E-1 6.36902E-1 6.39618E-1 6.3588E-1 6.37041E-1 6.48051E-1 6.56872E-1 6.73007E-1 6.80014E-1 6.86228E-1 6.96802E-1 7.01595E-1 7.04802E-1 7.09834E-1 7.20151E-1 7.43857E-1 7.5413E-1 7.68905E-1 7.82594E-1 7.88144E-1 7.95106E-1 7.9486E-1 8.00493E-1 8.00746E-1 7.98397E-1 8.0347E-1 8.07149E-1 8.14525E-1 8.13939E-1 8.10146E-1 8.16975E-1 8.38126E-1 8.31648E-1 8.2402E-1 8.2497E-1 8.29706E-1 8.35457E-1 8.4983E-1 8.5825E-1 8.66305E-1 8.63251E-1 8.64536E-1 8.65073E-1 8.68068E-1 8.75584E-1 8.74937E-1 8.65318E-1 8.58546E-1 8.56319E-1 8.53432E-1 8.53824E-1 8.55502E-1 8.54016E-1 8.55565E-1 8.57018E-1 8.57484E-1 8.57233E-1 8.57816E-1
6.00498E-1 6.0523E-1 6.1178E-1 6.2163E-1 6.26613E-1 6.32185E-1 6.34143E-1 6.34988E-1 6.42449E-1 6.53105E-1 6.68586E-1 6.91186E-1 6.97804E-1 7.01674E-1 7.0833E-1 7.18066E-1 7.2124E-1 7.36433E-1 7.48746E-1 7.60681E-1 7.73893E-1 7.81463E-1 7.89238E-1 7.9543E-1 7.97667E-1 8.00491E-1 8.00757E-1 8.04124E-1 8.04827E-1 8.06645E-1 8.2555E-1 8.37078E-1 8.2688E-1 8.25099E-1 8.36016E-1 8.40887E-1 8.29889E-1 8.27295E-1 8.32096E-1 8.41571E-1 8.56448E-1 8.71747E-1 8.74982E-1 8.6854E-1 8.65114E-1 8.68567E-1 8.74374E-1 8.80882E-1 8.84104E-1 8.73207E-1 8.67198E-1 8.58502E-1 8.5925E-1 8.63736E-1 8.67052E-1 8.65472E-1 8.65127E-1 8.69847E-1 8.70086E-1 8.68408E-1 8.68629E-1
5.95091E-1 5.99145E-1 6.12251E-1 6.2174E-1 6.25951E-1 6.27406E-1 6.33151E-1 6.35487E-1 6.39708E-1 6.46544E-1 6.59717E-1 6.95415E-1 7.04539E-1 7.094E-1 7.16702E-1 7.23282E-1 7.34843E-1 7.49825E-1 7.58723E-1 7.68923E-1 7.7398E-1 7.81266E-1 7.88496E-1 7.9404E-1 7.97374E-1 8.00144E-1 8.04543E-1 8.05091E-1 8.09955E-1 8.13561E-1 8.16109E-1 8.29935E-1 8.4434E-1 8.34157E-1 8.32982E-1 8.3341E-1 8.31958E-1 8.35601E-1 8.45352E-1 8.49756E-1 8.59014E-1 8.74926E-1 8.79946E-1 8.8032E-1 8.74212E-1 8.7429E-1 8.7688E-1 8.85324E-1 8.86946E-1 8.81671E-1 8.76448E-1 8.69222E-1 8.72728E-1 8.75005E-1 8.77426E-1 8.74058E-1 8.76206E-1 8.77072E-1 8.77175E-1 8.74213E-1 8.73029E-1
5.9652E-1 6.05485E-1 6.11714E-1 6.162E-1 6.14773E-1 6.23033E-1 6.37801E-1 6.36221E-1 6.41877E-1 6.56055E-1 6.79199E-1 6.93725E-1 7.05277E-1 7.15978E-1 7.26764E-1 7.34539E-1 7.46093E-1 7.56512E-1 7.63594E-1 7.71926E-1 7.76113E-1 7.80962E-1 7.91258E-1 7.97184E-1 8.04373E-1 8.12982E-1 8.05056E-1 8.08496E-1 8.15167E-1 8.16826E-1 8.2057E-1 8.23658E-1 8.3481E-1 8.42004E-1 8.40491E-1 8.41616E-1 8.43068E-1 8.44509E-1 8.51907E-1 8.56887E-1 8.65852E-1 8.79228E-1 8.86536E-1 8.89732E-1 8.887E-1 8.85093E-1 8.82842E-1 8.89122E-1 8.91606E-1 8.92003E-1 8.87326E-1 8.85093E-1 8.87053E-1 8.87826E-1 8.86724E-1 8.83098E-1 8.85138E-1 8.84799E-1 8.82086E-1 8.78979E-1 8.78125E-1
5.98428E-1 6.04299E-1 6.07929E-1 6.11576E-1 6.16078E-1 6.23718E-1 6.46551E-1 6.43278E-1 6.48762E-1 6.65678E-1 6.9295E-1 7.03188E-1 7.17323E-1 7.23152E-1 7.3077E-1 7.43843E-1 7.51286E-1 7.57533E-1 7.69889E-1 7.75191E-1 7.82235E-1 7.88176E-1 7.92394E-1 7.99692E-1 8.05185E-1 8.1933E-1 8.37117E-1 8.17606E-1 8.2083E-1 8.23647E-1 8.28484E-1 8.32185E-1 8.44238E-1 8.53022E-1 8.53996E-1 8.56415E-1 8.58755E-1 8.59055E-1 8.66311E-1 8.71869E-1 8.79422E-1 8.88142E-1 8.95471E-1 8.98555E-1 8.97847E-1 8.95459E-1 8.9492E-1 8.96359E-1 8.97738E-1 8.95901E-1 8.94976E-1 8.97043E-1 8.94214E-1 8.95636E-1 8.9398E-1 8.90563E-1 8.88981E-1 8.86024E-1 8.84123E-1 8.82674E-1 8.81673E-1
6.11129E-1 6.2258E-1 6.28262E-1 6.34342E-1 6.35669E-1 6.42202E-1 6.48087E-1 6.54676E-1 6.71873E-1 6.80361E-1 6.96838E-1 7.04428E-1 7.16142E-1 7.22801E-1 7.33772E-1 7.41472E-1 7.50936E-1 7.59536E-1 7.73364E-1 7.814E-1 7.8859E-1 7.88739E-1 8.00036E-1 8.09386E-1 8.09586E-1 8.18064E-1 8.30425E-1 8.28386E-1 8.35374E-1 8.38932E-1 8.44271E-1 8.51701E-1 8.60136E-1 8.67587E-1 8.71263E-1 8.72174E-1 8.74074E-1 8.75649E-1 8.79853E-1 8.8707E-1 8.95611E-1 9.00342E-1 9.04664E-1 9.03521E-1 8.99374E-1 9.01725E-1 9.0447E-1 9.02841E-1 9.01954E-1 9.01794E-1 8.99207E-1 8.94265E-1 8.89978E-1 8.90402E-1 8.91672E-1 8.88909E-1 8.8644E-1 8.85711E-1 8.84023E-1 8.84578E-1 8.87852E-1
6.17102E-1 6.27966E-1 6.38465E-1 6.45364E-1 6.52575E-1 6.55096E-1 6.5121E-1 6.57472E-1 6.80537E-1 6.99547E-1 7.07039E-1 7.0415E-1 7.15548E-1 7.2813E-1 7.32951E-1 7.3877E-1 7.47466E-1 7.63266E-1 7.72892E-1 7.84316E-1 7.84986E-1 7.9554E-1 8.06876E-1 8.29193E-1 8.21322E-1 8.28672E-1 8.37874E-1 8.48366E-1 8.5649E-1 8.55557E-1 8.59367E-1 8.62765E-1 8.69975E-1 8.73768E-1 8.83961E-1 8.85242E-1 8.87855E-1 8.89417E-1 8.92853E-1 8.99619E-1 9.04765E-1 9.06766E-1 9.08356E-1 9.06281E-1 9.01502E-1 9.041E-1 9.04702E-1 9.01393E-1 8.97811E-1 9.00616E-1 9.02202E-1 8.93952E-1 8.84338E-1 8.84936E-1 8.91413E-1 8.90521E-1 8.89861E-1 8.83385E-1 8.85287E-1 8.89237E-1 8.96005E-1
6.17827E-1 6.30064E-1 6.43307E-1 6.52334E-1 6.59609E-1 6.65443E-1 6.65182E-1 6.71377E-1 6.78785E-1 6.92308E-1 7.10198E-1 7.12629E-1 7.18883E-1 7.29523E-1 7.30374E-1 7.36415E-1 7.51706E-1 7.7233E-1 7.7473E-1 7.82585E-1 7.86457E-1 8.00297E-1 8.1598E-1 8.2713E-1 8.38209E-1 8.43506E-1 8.58278E-1 8.62747E-1 8.66543E-1 8.65763E-1 8.70071E-1 8.74018E-1 8.79561E-1 8.80963E-1 8.88601E-1 8.91643E-1 8.92898E-1 8.99275E-1 8.97578E-1 9.00907E-1 9.05815E-1 9.06834E-1 9.03124E-1 9.0037E-1 8.98459E-1 8.96515E-1 8.9758E-1 8.96527E-1 8.96772E-1 8.97161E-1 8.96433E-1 8.94106E-1 8.9332E-1 9.00692E-1 9.06253E-1 9.20921E-1 9.19506E-1 8.99268E-1 8.98428E-1 8.96947E-1 9.03462E-1
6.34356E-1 6.47467E-1 6.60373E-1 6.67687E-1 6.76249E-1 6.84836E-1 6.81879E-1 6.84085E-1 6.91469E-1 6.92841E-1 6.96858E-1 7.10109E-1 7.1829E-1 7.28799E-1 7.31105E-1 7.41654E-1 7.53902E-1 7.6325E-1 7.75477E-1 7.84711E-1 7.91028E-1 7.95838E-1 8.18064E-1 8.39007E-1 8.5004E-1 8.56749E-1 8.58569E-1 8.64344E-1 8.69998E-1 8.73256E-1 8.77476E-1 8.82866E-1 8.94737E-1 8.94133E-1 8.95459E-1 8.96897E-1 9.00982E-1 8.97214E-1 8.95091E-1 9.02235E-1 9.04964E-1 9.00922E-1 8.95527E-1 8.89787E-1 8.85199E-1 8.82122E-1 8.8477E-1 8.93719E-1 8.95313E-1 8.96703E-1 8.96149E-1 8.97599E-1 8.99184E-1 9.01318E-1 9.06565E-1 9.16788E-1 9.18992E-1 9.05466E-1 9.03666E-1 9.08503E-1 9.15162E-1
6.44151E-1 6.61078E-1 6.67022E-1 6.79779E-1 6.84056E-1 6.93138E-1 7.03419E-1 7.09336E-1 7.04939E-1 7.01826E-1 7.00026E-1 7.07058E-1 7.20374E-1 7.28354E-1 7.39616E-1 7.57577E-1 7.67124E-1 7.67804E-1 7.8094E-1 7.88868E-1 7.97112E-1 8.01784E-1 8.19601E-1 8.46092E-1 8.54725E-1 8.54132E-1 8.59156E-1 8.62072E-1 8.71631E-1 8.72411E-1 8.75679E-1 8.82624E-1 8.87221E-1 8.98385E-1 9.00935E-1 8.99326E-1 8.9744E-1 9.01345E-1 8.99067E-1 9.0008E-1 9.05438E-1 8.94674E-1 8.86788E-1 8.79282E-1 8.74068E-1 8.72306E-1 8.73937E-1 8.90883E-1 8.94662E-1 8.97137E-1 8.94839E-1 8.95444E-1 8.98903E-1 9.04796E-1 8.99973E-1 9.01865E-1 9.05847E-1 9.01807E-1 9.03458E-1 9.08147E-1 9.12995E-1
6.65439E-1 6.66754E-1 6.69633E-1 6.92986E-1 7.02063E-1 7.06202E-1 7.17424E-1 7.1889E-1 7.08026E-1 7.04394E-1 7.03551E-1 7.08862E-1 7.23412E-1 7.37223E-1 7.46094E-1 7.53086E-1 7.62906E-1 7.71646E-1 7.78609E-1 7.91343E-1 8.05956E-1 8.12408E-1 8.28496E-1 8.51068E-1 8.60756E-1 8.60308E-1 8.71449E-1 8.6863E-1 8.71475E-1 8.6287E-1 8.70787E-1 8.75243E-1 8.84553E-1 8.89941E-1 8.90676E-1 8.93324E-1 8.93364E-1 8.91214E-1 8.88248E-1 8.91132E-1 8.90137E-1 8.90842E-1 8.83548E-1 8.68253E-1 8.72168E-1 8.73358E-1 8.75401E-1 8.81215E-1 8.87807E-1 8.90358E-1 8.91031E-1 8.91245E-1 8.93023E-1 8.92967E-1 8.95244E-1 9.0655E-1 9.01612E-1 9.07729E-1 9.10765E-1 9.09168E-1 9.11851E-1
6.80988E-1 6.79875E-1 6.89078E-1 7.08676E-1 7.16067E-1 7.28476E-1 7.28179E-1 7.22034E-1 7.19266E-1 7.23652E-1 7.26953E-1 7.25044E-1 7.33232E-1 7.4831E-1 7.49947E-1 7.57304E-1 7.70003E-1 7.76192E-1 7.89873E-1 8.04392E-1 8.09703E-1 8.12443E-1 8.22659E-1 8.40183E-1 8.50205E-1 8.60038E-1 8.72271E-1 8.68765E-1 8.63443E-1 8.65962E-1 8.70076E-1 8.73088E-1 8.78425E-1 -9999 -9999 -9999 -9999 -9999 -9999 8.8892E-1 8.86951E-1 8.81624E-1 8.77445E-1 8.68678E-1 8.6906E-1 8.7424E-1 8.80515E-1 8.82451E-1 8.80153E-1 8.83143E-1 8.85345E-1 8.88662E-1 8.84255E-1 8.88663E-1 8.9335E-1 9.00915E-1 9.0895E-1 9.1027E-1 9.11884E-1 9.15184E-1 9.14613E-1
6.83908E-1 6.79629E-1 6.89327E-1 7.06128E-1 7.21142E-1 7.36515E-1 7.34519E-1 7.28907E-1 7.31476E-1 7.43634E-1 7.46173E-1 7.44212E-1 7.50486E-1 7.57503E-1 7.61345E-1 7.74089E-1 7.79506E-1 7.89428E-1 7.99764E-1 8.10425E-1 8.08889E-1 8.0948E-1 8.15426E-1 8.33655E-1 8.4608E-1 8.47477E-1 8.5447E-1 8.63169E-1 8.64288E-1 8.68984E-1 -9999 -9999 -9999 -9999 -9999 -9999 -9999 -9999 -9999 -9999 -9999 -9999 -9999 -9999 -9999 8.75425E-1 8.76467E-1 -9999 8.91199E-1 8.81134E-1 8.85483E-1 8.8897E-1 8.91838E-1 8.99865E-1 9.03398E-1 9.03183E-1 9.10115E-1 9.13491E-1 9.13004E-1 9.09061E-1 9.02278E-1
6.93518E-1 6.92591E-1 6.98462E-1 7.10034E-1 7.17523E-1 7.27505E-1 7.34101E-1 7.38387E-1 7.36715E-1 7.43811E-1 7.47187E-1 7.53079E-1 7.59335E-1 7.67196E-1 7.735E-1 7.82652E-1 7.91938E-1 7.99703E-1 8.11708E-1 8.13037E-1 8.14311E-1 8.08039E-1 8.22976E-1 8.47622E-1 8.54155E-1 8.54546E-1 8.51182E-1 8.61832E-1 8.64226E-1 -9999 -9999 -9999 -9999 -9999 -9999 -9999 -9999 -9999 -9999 -9999 -9999 -9999 -9999 -9999 -9999 -9999 -9999 -9999 8.94753E-1 8.89578E-1 8.91799E-1 8.96923E-1 8.96346E-1 9.00945E-1 9.05423E-1 9.07451E-1 9.13393E-1 9.21964E-1 9.14562E-1 9.12135E-1 9.0701E-1
6.9617E-1 6.95357E-1 6.99698E-1 7.03814E-1 7.14989E-1 7.22708E-1 7.25506E-1 7.31554E-1 7.27378E-1 7.33498E-1 7.39767E-1 7.43599E-1 7.48939E-1 7.58776E-1 7.72131E-1 7.82784E-1 7.91386E-1 8.01962E-1 8.14333E-1 8.23972E-1 8.21933E-1 8.1686E-1 8.32076E-1 8.5276E-1 8.62194E-1 8.61081E-1 8.69486E-1 -9999 -9999 -9999 -9999 -9999 -9999 -9999 -9999 -9999 -9999 -9999 -9999 -9999 -9999 -9999 -9999 -9999 -9999 -9999 -9999 -9999 -9999 -9999 -9999 9.00008E-1 9.04148E-1 9.1386E-1 9.23377E-1 9.10206E-1 9.11817E-1 -9999 -9999 -9999 9.00564E-1
6.98898E-1 6.98247E-1 6.96288E-1 7.00326E-1 7.08864E-1 7.16451E-1 7.30154E-1 7.28938E-1 7.25623E-1 7.31509E-1 7.39163E-1 7.47232E-1 7.52151E-1 7.57684E-1 7.65328E-1 7.71882E-1 7.79976E-1 7.96325E-1 8.11727E-1 8.2266E-1 8.22188E-1 8.19316E-1 8.31671E-1 8.46077E-1 8.53158E-1 8.61766E-1 -9999 -9999 -9999 -9999 -9999 -9999 -9999 -9999 -9999 -9999 -9999 -9999 -9999 -9999 -9999 -9999 -9999 -9999 -9999 -9999 -9999 -9999 -9999 -9999 -9999 -9999 -9999 -9999 -9999 -9999 -9999 -9999 -9999 -9999 9.02224E-1
7.03024E-1 6.98803E-1 6.96737E-1 6.98726E-1 7.0467E-1 7.15849E-1 7.18749E-1 7.29135E-1 7.31099E-1 7.40313E-1 7.51314E-1 7.59713E-1 7.65152E-1 7.66603E-1 7.72208E-1 7.73579E-1 7.78236E-1 7.95182E-1 8.04401E-1 8.15825E-1 8.26066E-1 8.1824E-1 8.32295E-1 8.36685E-1 -9999 -9999 -9999 -9999 -9999 -9999 -9999 -9999 -9999 -9999 -9999 -9999 -9999 -9999 -9999 -9999 -9999 -9999 -9999 -9999 -9999 -9999 -9999 -9999 -9999 -9999 -9999 -9999 -9999 -9999 -9999 -9999 -9999 -9999 -9999 -9999 -9999
7.06525E-1 6.9316E-1 6.90633E-1 6.91651E-1 6.93317E-1 7.0606E-1 7.19969E-1 7.3304E-1 7.40041E-1 7.49802E-1 7.65599E-1 7.71536E-1 7.68172E-1 7.61509E-1 7.69114E-1 7.77856E-1 7.78701E-1 7.94036E-1 8.07256E-1 8.26355E-1 8.26476E-1 8.31217E-1 8.38882E-1 -9999 -9999 -9999 -9999 -9999 -9999 -9999 -9999 -9999 -9999 -9999 -9999 -9999 -9999 -9999 -9999 -9999 -9999 -9999 -9999 -9999 -9999 -9999 -9999 -9999 -9999 -9999 -9999 -9999 -9999 -9999 -9999 -9999 -9999 -9999 -9999 -9999 -9999
6.98195E-1 6.76336E-1 6.73381E-1 6.76822E-1 6.82683E-1 6.98378E-1 7.16617E-1 7.351E-1 7.43612E-1 7.56002E-1 7.73111E-1 7.75339E-1 7.63407E-1 7.54389E-1 7.60871E-1 7.7525E-1 7.94994E-1 7.90384E-1 8.16776E-1 8.43228E-1 -9999 -9999 -9999 -9999 -9999 -9999 -9999 -9999 -9999 -9999 -9999 -9999 -9999 -9999 -9999 -9999 -9999 -9999 -9999 -9999 -9999 -9999 -9999 -9999 -9999 -9999 -9999 -9999 -9999 -9999 -9999 -9999 -9999 -9999 -9999 -9999 -9999 -9999 -9999 -9999 -9999
6.93206E-1 6.80671E-1 6.76699E-1 6.75748E-1 6.78487E-1 6.94942E-1 7.09677E-1 7.22825E-1 7.39552E-1 7.57354E-1 7.64831E-1 7.67618E-1 7.55864E-1 7.47778E-1 7.57115E-1 7.78045E-1 7.9961E-1 8.17757E-1 8.12911E-1 -9999 -9999 -9999 -9999 -9999 -9999 -9999 -9999 -9999 -9999 -9999 -9999 -9999 -9999 -9999 -9999 -9999 -9999 -9999 -9999 -9999 -9999 -9999 -9999 -9999 -9999 -9999 -9999 -9999 -9999 -9999 -9999 -9999 -9999 -9999 -9999 -9999 -9999 -9999 -9999 -9999 -9999
6.89963E-1 6.8434E-1 6.75416E-1 6.72994E-1 6.79192E-1 6.88906E-1 6.95439E-1 7.09668E-1 7.30936E-1 7.60091E-1 7.60688E-1 7.6563E-1 7.59334E-1 7.58799E-1 7.79538E-1 7.93507E-1 8.00822E-1 -9999 -9999 -9999 -9999 -9999 -9999 -9999 -9999 -9999 -9999 -9999 -9999 -9999 -9999 -9999 -9999 -9999 -9999 -9999 -9999 -9999 -9999 -9999 -9999 -9999 -9999 -9999 -9999 -9999 -9999 -9999 -9999 -9999 -9999 -9999 -9999 -9999 -9999 -9999 -9999 -9999 -9999 -9999 -9999
6.88252E-1 6.84085E-1 6.7659E-1 6.69341E-1 6.72326E-1 6.75167E-1 6.81375E-1 7.05322E-1 7.28637E-1 7.47367E-1 7.59314E-1 7.74757E-1 7.72402E-1 7.6853E-1 7.79076E-1 7.8718E-1 -9999 -9999 -9999 -9999 -9999 -9999 -9999 -9999 -9999 -9999 -9999 -9999 -9999 -9999 -9999 -9999 -9999 -9999 -9999 -9999 -9999 -9999 -9999 -9999 -9999 -9999 -9999 -9999 -9999 -9999 -9999 -9999 -9999 -9999 -9999 -9999 -9999 -9999 -9999 -9999 -9999 -9999 -9999 -9999 -9999
6.89143E-1 6.84913E-1 6.79351E-1 6.72975E-1 6.66053E-1 6.62031E-1 6.72245E-1 6.9987E-1 7.32525E-1 7.44653E-1 7.53639E-1 7.66591E-1 7.80098E-1 7.80544E-1 7.886E-1 -9999 -9999 -9999 -9999 -9999 -9999 -9999 -9999 -9999 -9999 -9999 -9999 -9999 -9999 -9999 -9999 -9999 -9999 -9999 -9999 -9999 -9999 -9999 -9999 -9999 -9999 -9999 -9999 -9999 -9999 -9999 -9999 -9999 -9999 -9999 -9999 -9999 -9999 -9999 -9999 -9999 -9999 -9999 -9999 -9999 -9999
6.9888E-1 6.86646E-1 6.83329E-1 6.71386E-1 6.62714E-1 6.61724E-1 6.65396E-1 6.97679E-1 7.29824E-1 7.47217E-1 7.52711E-1 7.52755E-1 7.5011E-1 7.71631E-1 -9999 -9999 -9999 -9999 -9999 -9999 -9999 -9999 -9999 -9999 -9999 -9999 -9999 -9999 -9999 -9999 -9999 -9999 -9999 -9999 -9999 -9999 -9999 -9999 -9999 -9999 -9999 -9999 -9999 -9999 -9999 -9999 -9999 -9999 -9999 -9999 -9999 -9999 -9999 -9999 -9999 -9999 -9999 -9999 -9999 -9999 -9999
7.0341E-1 6.917E-1 6.87392E-1 6.68308E-1 6.65406E-1 6.69084E-1 6.82152E-1 7.05418E-1 7.28859E-1 7.4366E-1 7.49548E-1 7.49557E-1 7.48114E-1 7.63552E-1 -9999 -9999 -9999 -9999 -9999 -9999 -9999 -9999 -9999 -9999 -9999 -9999 -9999 -9999 -9999 -9999 -9999 -9999 -9999 -9999 -9999 -9999 -9999 -9999 -9999 -9999 -9999 -9999 -9999 -9999 -9999 -9999 -9999 -9999 -9999 -9999 -9999 -9999 -9999 -9999 -9999 -9999 -9999 -9999 -9999 -9999 -9999
7.05104E-1 6.92986E-1 6.87496E-1 6.73699E-1 6.69034E-1 6.75283E-1 6.89946E-1 7.10915E-1 7.35141E-1 7.38192E-1 7.41335E-1 7.47394E-1 7.54364E-1 -9999 -9999 -9999 -9999 -9999 -9999 -9999 -9999 -9999 -9999 -9999 -9999 -9999 -9999 -9999 -9999 -9999 -9999 -9999 -9999 -9999 -9999 -9999 -9999 -9999 -9999 -9999 -9999 -9999 -9999 -9999 -9999 -9999 -9999 -9999 -9999 -9999 -9999 -9999 -9999 -9999 -9999 -9999 -9999 -9999 -9999 -9999 -9999
6.98729E-1 6.82006E-1 6.82204E-1 6.80371E-1 6.7128E-1 6.79017E-1 6.93472E-1 7.198E-1 7.279E-1 7.28742E-1 7.31379E-1 7.4057E-1 7.56437E-1 -9999 -9999 -9999 -9999 -9999 -9999 -9999 -9999 -9999 -9999 -9999 -9999 -9999 -9999 -9999 -9999 -9999 -9999 -9999 -9999 -9999 -9999 -9999 -9999 -9999 -9999 -9999 -9999 -9999 -9999 -9999 -9999 -9999 -9999 -9999 -9999 -9999 -9999 -9999 -9999 -9999 -9999 -9999 -9999 -9999 -9999 -9999 -9999
