maxent_outputs/white_flowers_troch_bombus_environ/white_67.asc
ncols         426
nrows         180
xllcorner     -130.0
yllcorner     24.0
cellsize      0.16666666666666666
NODATA_value  -9999
[rows 81 to 107 of 180, columns 122 to 182 of 426]
3.61491E-2 3.20387E-2 3.99884E-2 3.61406E-2 3.38789E-2 3.71773E-2 4.08101E-2 3.66693E-2 3.49332E-2 3.54411E-2 3.31613E-2 3.48827E-2 3.60543E-2 3.54201E-2 3.19445E-2 2.64205E-2 2.17632E-2 2.59676E-2 2.18073E-2 2.22132E-2 2.42901E-2 2.37692E-2 1.93536E-2 1.81413E-2 3.55012E-2 6.2632E-2 1.00826E-1 1.1327E-1 1.07278E-1 1.17131E-1 1.15107E-1 1.16425E-1 1.20603E-1 1.25481E-1 1.31911E-1 1.314E-1 1.37592E-1 1.42371E-1 1.42257E-1 1.36716E-1 1.43876E-1 1.56332E-1 1.65773E-1 1.72373E-1 1.81012E-1 1.79201E-1 1.8498E-1 1.88516E-1 1.90065E-1 1.90074E-1 2.02262E-1 2.08112E-1 2.14147E-1 2.17977E-1 2.17643E-1 2.21171E-1 2.30495E-1 2.33104E-1 2.35092E-1 2.32825E-1 2.30824E-1
3.30145E-2 3.47422E-2 3.58096E-2 3.96529E-2 4.12379E-2 3.88687E-2 3.26799E-2 3.38194E-2 3.45313E-2 4.03365E-2 3.88868E-2 3.75005E-2 3.56155E-2 3.57748E-2 3.26126E-2 3.1737E-2 2.78342E-2 2.92714E-2 2.06378E-2 1.679E-2 2.20583E-2 2.35463E-2 2.10259E-2 2.00552E-2 2.77814E-2 6.42857E-2 1.19451E-1 1.15063E-1 1.10129E-1 1.08973E-1 1.07134E-1 1.11662E-1 1.13438E-1 1.15594E-1 1.2462E-1 1.31656E-1 1.35353E-1 1.36026E-1 1.39493E-1 1.38899E-1 1.43562E-1 1.54322E-1 1.62103E-1 1.738E-1 1.78924E-1 1.79561E-1 1.82724E-1 1.80969E-1 1.8496E-1 1.93714E-1 2.05934E-1 2.16163E-1 2.21552E-1 2.26268E-1 2.35328E-1 2.36947E-1 2.41237E-1 2.43806E-1 2.48651E-1 2.52119E-1 2.5105E-1
3.00791E-2 3.59905E-2 3.67714E-2 3.67711E-2 3.80661E-2 4.22681E-2 4.38514E-2 3.68181E-2 3.70361E-2 4.09936E-2 3.32774E-2 3.0876E-2 2.93934E-2 2.72034E-2 2.22552E-2 2.03565E-2 1.98407E-2 2.21361E-2 2.09128E-2 1.63225E-2 1.57962E-2 1.86089E-2 1.52474E-2 1.94288E-2 2.29283E-2 5.86402E-2 1.28593E-1 1.26234E-1 1.13214E-1 1.12546E-1 1.10048E-1 1.11065E-1 1.13909E-1 1.17567E-1 1.26361E-1 1.2729E-1 1.30027E-1 1.33365E-1 1.3496E-1 1.39007E-1 1.47832E-1 1.53727E-1 1.61028E-1 1.69413E-1 1.84181E-1 1.89623E-1 1.95923E-1 1.98463E-1 1.98474E-1 2.14925E-1 2.17674E-1 2.2079E-1 2.26529E-1 2.34153E-1 2.40279E-1 2.40831E-1 2.43493E-1 2.48061E-1 2.53204E-1 2.58124E-1 2.55697E-1
3.66198E-2 4.28873E-2 4.56055E-2 5.18934E-2 5.27631E-2 5.76134E-2 5.11484E-2 3.76621E-2 3.84189E-2 3.89087E-2 3.03595E-2 2.71885E-2 2.83771E-2 2.03642E-2 1.4573E-2 1.72459E-2 2.29924E-2 2.56656E-2 2.34824E-2 1.89778E-2 1.74562E-2 1.86405E-2 1.93682E-2 1.84784E-2 2.9303E-2 4.91334E-2 1.04869E-1 1.47224E-1 1.46921E-1 1.28234E-1 1.17262E-1 1.13253E-1 1.16569E-1 1.18128E-1 1.25808E-1 1.29833E-1 1.33783E-1 1.35037E-1 1.33124E-1 1.40749E-1 1.49101E-1 1.58485E-1 1.59012E-1 1.61704E-1 1.75839E-1 1.94591E-1 1.95807E-1 2.04513E-1 2.13463E-1 2.11098E-1 2.07887E-1 2.15042E-1 2.29985E-1 2.37674E-1 2.45252E-1 2.47262E-1 2.47175E-1 2.48691E-1 2.51717E-1 2.56618E-1 2.56261E-1
4.31284E-2 4.54138E-2 4.94736E-2 6.17497E-2 6.62515E-2 6.09582E-2 4.24257E-2 3.89164E-2 4.00215E-2 3.53272E-2 3.00509E-2 2.43819E-2 2.25375E-2 1.41785E-2 1.4679E-2 2.60293E-2 2.50452E-2 1.75718E-2 1.84849E-2 1.84559E-2 1.6674E-2 1.71935E-2 1.41248E-2 1.78193E-2 3.83407E-2 5.34422E-2 9.30925E-2 1.60016E-1 1.7124E-1 1.3592E-1 1.13628E-1 1.12442E-1 1.14818E-1 1.14714E-1 1.28603E-1 1.35129E-1 1.38886E-1 1.34415E-1 1.32703E-1 1.40036E-1 1.50005E-1 1.58188E-1 1.59362E-1 1.6636E-1 1.65135E-1 1.7178E-1 1.91067E-1 1.97558E-1 1.96314E-1 2.04638E-1 2.17398E-1 2.20536E-1 2.25421E-1 2.38976E-1 2.478E-1 2.50449E-1 2.53775E-1 2.57455E-1 2.58411E-1 2.60329E-1 2.63892E-1
5.70351E-2 5.93387E-2 6.23844E-2 5.89737E-2 5.98867E-2 5.20219E-2 3.59707E-2 3.51449E-2 2.81056E-2 3.17756E-2 3.63496E-2 4.78984E-2 4.3719E-2 3.11517E-2 2.38687E-2 2.26315E-2 2.28273E-2 1.9214E-2 1.84718E-2 1.83583E-2 1.49662E-2 1.70124E-2 1.49412E-2 1.26586E-2 2.09418E-2 4.23149E-2 6.21858E-2 1.33564E-1 1.40251E-1 1.18264E-1 9.61407E-2 9.65275E-2 1.05112E-1 1.09213E-1 1.19176E-1 1.36297E-1 1.27749E-1 1.22658E-1 1.27404E-1 1.35188E-1 1.43372E-1 1.51758E-1 1.55598E-1 1.6517E-1 1.69923E-1 1.69162E-1 1.81908E-1 1.88036E-1 1.95958E-1 2.04552E-1 2.11308E-1 2.12719E-1 2.25377E-1 2.33561E-1 2.44144E-1 2.52447E-1 2.58665E-1 2.62338E-1 2.68121E-1 2.70193E-1 2.72636E-1
5.49594E-2 6.49462E-2 7.71105E-2 7.55855E-2 7.88303E-2 7.79629E-2 5.90134E-2 5.70876E-2 5.94428E-2 5.83604E-2 3.33882E-2 3.3348E-2 3.27301E-2 2.30885E-2 2.74246E-2 2.1368E-2 2.0532E-2 1.83593E-2 1.38417E-2 1.36557E-2 1.18278E-2 1.23065E-2 1.46297E-2 1.70596E-2 2.16263E-2 3.5152E-2 4.94922E-2 8.27595E-2 9.59525E-2 8.9255E-2 7.82748E-2 8.26608E-2 9.08077E-2 9.29919E-2 1.00182E-1 1.09106E-1 1.09093E-1 1.18245E-1 1.2668E-1 1.31557E-1 1.39337E-1 1.48632E-1 1.57387E-1 1.6432E-1 1.71719E-1 1.73758E-1 1.85399E-1 1.96902E-1 2.00171E-1 2.02543E-1 2.06235E-1 2.10369E-1 2.19634E-1 2.30791E-1 2.43754E-1 2.56026E-1 2.63043E-1 2.68917E-1 2.72615E-1 2.79508E-1 2.8356E-1
5.28391E-2 7.71142E-2 7.99593E-2 6.08117E-2 6.8609E-2 6.58272E-2 7.59055E-2 6.73935E-2 7.35898E-2 5.54051E-2 3.42848E-2 2.36382E-2 2.02173E-2 1.73832E-2 2.17232E-2 1.50014E-2 1.56383E-2 1.51826E-2 1.1581E-2 1.1681E-2 1.04923E-2 1.29883E-2 1.57461E-2 1.47388E-2 1.77663E-2 2.46507E-2 4.94739E-2 4.79023E-2 6.91532E-2 5.59502E-2 5.59461E-2 7.28822E-2 7.99058E-2 8.25205E-2 9.18377E-2 1.00807E-1 1.0974E-1 1.16964E-1 1.24356E-1 1.31001E-1 1.37002E-1 1.45464E-1 1.56523E-1 1.6508E-1 1.72278E-1 1.78557E-1 1.85981E-1 1.98615E-1 2.04735E-1 2.06611E-1 2.0863E-1 2.10813E-1 2.26543E-1 2.36624E-1 2.47612E-1 2.59163E-1 2.64237E-1 2.69367E-1 2.74237E-1 2.78685E-1 2.82709E-1
7.47861E-2 7.25988E-2 5.87862E-2 7.42181E-2 7.5215E-2 7.14735E-2 8.94504E-2 9.48407E-2 5.22045E-2 2.81891E-2 2.09387E-2 1.52674E-2 1.79677E-2 1.91657E-2 1.58208E-2 9.58078E-3 9.9482E-3 1.07186E-2 8.54219E-3 1.07575E-2 1.21982E-2 1.34756E-2 1.32499E-2 1.38109E-2 1.76879E-2 2.3799E-2 2.71412E-2 2.82023E-2 4.5638E-2 5.19087E-2 5.18208E-2 6.81767E-2 7.15376E-2 7.59893E-2 8.70194E-2 1.04652E-1 1.21554E-1 1.32387E-1 1.27301E-1 1.26239E-1 1.34149E-1 1.40394E-1 1.5059E-1 1.61965E-1 1.6964E-1 1.80939E-1 2.03898E-1 2.14436E-1 2.2401E-1 2.23868E-1 2.16547E-1 2.21037E-1 2.36977E-1 2.46437E-1 2.4951E-1 2.58217E-1 2.67051E-1 2.77862E-1 2.8372E-1 2.85821E-1 2.85567E-1
6.34943E-2 6.40521E-2 7.00692E-2 7.42936E-2 4.59887E-2 4.08563E-2 6.62537E-2 9.43606E-2 7.37931E-2 4.31046E-2 5.21174E-2 3.51477E-2 3.65515E-2 2.41484E-2 1.77907E-2 1.03515E-2 8.38364E-3 8.6369E-3 7.92912E-3 8.49277E-3 1.44978E-2 1.78664E-2 1.2972E-2 1.32777E-2 1.55552E-2 1.92205E-2 2.00183E-2 1.7223E-2 5.17246E-2 8.93352E-2 7.68663E-2 8.54113E-2 7.50003E-2 8.59834E-2 1.04943E-1 1.241E-1 1.36223E-1 1.42905E-1 1.43636E-1 1.48089E-1 1.47124E-1 1.47782E-1 1.45941E-1 1.55257E-1 1.71052E-1 1.8985E-1 2.11642E-1 2.27924E-1 2.33618E-1 2.34452E-1 2.41841E-1 2.48574E-1 2.50469E-1 2.53011E-1 2.59327E-1 2.68609E-1 2.76634E-1 2.85391E-1 2.85954E-1 2.81545E-1 2.82686E-1
8.66864E-2 8.85955E-2 9.12514E-2 9.2327E-2 7.80678E-2 3.90673E-2 3.83497E-2 7.58923E-2 9.67763E-2 8.78979E-2 7.88371E-2 5.95923E-2 3.70532E-2 1.72859E-2 1.3249E-2 1.04446E-2 7.77471E-3 9.26436E-3 8.96004E-3 8.18839E-3 1.37325E-2 2.75764E-2 1.34922E-2 1.20064E-2 1.78874E-2 2.15076E-2 2.90857E-2 1.60524E-2 3.89689E-2 1.14416E-1 1.14442E-1 1.11752E-1 1.08829E-1 1.11269E-1 1.21875E-1 1.35663E-1 1.40825E-1 1.45664E-1 1.43732E-1 1.49353E-1 1.49373E-1 1.45519E-1 1.41526E-1 1.50618E-1 1.68287E-1 1.85002E-1 1.95096E-1 2.04623E-1 2.12744E-1 2.24037E-1 2.36393E-1 2.54332E-1 2.66019E-1 2.73171E-1 2.76774E-1 2.83568E-1 2.90284E-1 2.89917E-1 2.88508E-1 2.84577E-1 2.85664E-1
1.17037E-1 9.32331E-2 5.42008E-2 5.42393E-2 8.95435E-2 6.18669E-2 3.1979E-2 4.91217E-2 6.60764E-2 7.2441E-2 6.72933E-2 4.121E-2 2.17175E-2 1.29752E-2 1.16385E-2 1.03097E-2 7.06715E-3 8.08514E-3 9.92029E-3 9.15831E-3 1.23866E-2 3.35262E-2 2.49812E-2 1.69604E-2 2.26391E-2 5.00738E-2 7.34576E-2 6.57541E-2 9.3404E-2 1.1973E-1 1.29253E-1 1.23582E-1 1.20942E-1 1.19923E-1 1.32193E-1 1.472E-1 1.4813E-1 1.53958E-1 1.44028E-1 1.36758E-1 1.39773E-1 1.43254E-1 1.50256E-1 1.58263E-1 1.66571E-1 1.81034E-1 1.90313E-1 2.0031E-1 2.10677E-1 2.18538E-1 2.31612E-1 2.40109E-1 2.54098E-1 2.56007E-1 2.65347E-1 2.71686E-1 2.77393E-1 2.81605E-1 2.76981E-1 2.8103E-1 2.91079E-1
9.92277E-2 8.12038E-2 4.26559E-2 4.85966E-2 8.72283E-2 8.72563E-2 5.88868E-2 3.6207E-2 3.44026E-2 4.24514E-2 5.45834E-2 4.03022E-2 1.75786E-2 1.0706E-2 9.62257E-3 8.13993E-3 7.74315E-3 7.73213E-3 7.78456E-3 8.93593E-3 1.12319E-2 1.48008E-2 2.46199E-2 4.62573E-2 6.2901E-2 7.69688E-2 1.16837E-1 1.54117E-1 1.44214E-1 1.35029E-1 1.36217E-1 1.34107E-1 1.32198E-1 1.29469E-1 1.38655E-1 1.52732E-1 1.50423E-1 1.54924E-1 1.51422E-1 1.44853E-1 1.45771E-1 1.49657E-1 1.55038E-1 1.60152E-1 1.62034E-1 1.79864E-1 1.90795E-1 1.98918E-1 2.09293E-1 2.20344E-1 2.28978E-1 2.37966E-1 2.55231E-1 2.54711E-1 2.60367E-1 2.679E-1 2.76404E-1 2.83276E-1 2.93008E-1 2.96491E-1 2.98115E-1
7.50836E-2 6.45925E-2 5.54361E-2 6.85422E-2 8.90733E-2 7.36826E-2 7.46239E-2 5.9651E-2 3.95756E-2 2.49596E-2 2.55069E-2 3.62714E-2 1.92964E-2 1.27935E-2 1.03749E-2 9.41989E-3 7.89309E-3 7.01432E-3 9.71922E-3 1.19948E-2 1.39817E-2 1.48505E-2 1.66737E-2 1.66721E-2 2.95659E-2 3.74021E-2 3.46631E-2 9.54693E-2 1.33077E-1 1.40286E-1 1.58943E-1 1.44705E-1 1.46053E-1 1.43385E-1 1.45464E-1 1.50416E-1 1.48424E-1 1.4925E-1 1.52225E-1 1.52228E-1 1.49025E-1 1.54852E-1 1.62703E-1 1.70013E-1 1.75082E-1 1.82076E-1 1.92332E-1 1.99689E-1 2.11556E-1 2.21442E-1 2.28492E-1 2.48162E-1 2.61884E-1 2.60505E-1 2.65894E-1 2.73711E-1 2.82218E-1 2.93875E-1 2.99452E-1 3.07785E-1 3.13421E-1
8.27176E-2 5.92128E-2 5.52594E-2 5.26992E-2 8.15271E-2 6.83122E-2 5.60715E-2 4.56229E-2 3.69624E-2 2.95352E-2 1.92155E-2 2.39656E-2 1.47377E-2 9.47995E-3 8.72221E-3 8.58328E-3 8.43724E-3 7.24282E-3 1.08128E-2 1.1958E-2 1.69254E-2 1.77396E-2 1.70901E-2 1.65251E-2 1.41168E-2 2.40583E-2 1.69273E-2 3.56711E-2 9.91463E-2 1.27762E-1 1.30206E-1 1.34852E-1 1.38202E-1 1.39384E-1 1.48376E-1 1.54164E-1 1.59736E-1 1.70838E-1 1.72077E-1 1.60528E-1 1.55519E-1 1.64181E-1 1.76662E-1 1.8415E-1 1.94975E-1 2.00308E-1 2.064E-1 2.11193E-1 2.1863E-1 2.27051E-1 2.37835E-1 2.60829E-1 2.71536E-1 2.62002E-1 2.72725E-1 2.79435E-1 2.85214E-1 2.93578E-1 3.02659E-1 3.14506E-1 3.14192E-1
6.05618E-2 4.61551E-2 3.13357E-2 3.387E-2 4.51006E-2 6.24482E-2 5.83217E-2 3.53799E-2 2.40533E-2 1.94257E-2 1.79221E-2 1.08211E-2 8.67247E-3 8.63138E-3 7.54749E-3 6.84863E-3 8.28265E-3 7.64302E-3 8.97771E-3 1.36551E-2 1.70265E-2 1.40462E-2 1.55013E-2 1.82416E-2 1.30212E-2 1.77775E-2 2.33883E-2 2.21868E-2 7.01275E-2 1.11971E-1 1.31822E-1 1.43857E-1 1.48654E-1 1.42621E-1 1.47723E-1 1.55563E-1 1.65324E-1 1.74105E-1 1.7E-1 1.64595E-1 1.64515E-1 1.64596E-1 1.7881E-1 1.9086E-1 2.05029E-1 2.11422E-1 2.18891E-1 2.30784E-1 2.38508E-1 2.41929E-1 2.59882E-1 2.73017E-1 2.77536E-1 2.71935E-1 2.72554E-1 2.80783E-1 2.87227E-1 2.97387E-1 3.06876E-1 3.12818E-1 3.19449E-1
6.39111E-2 5.36114E-2 5.5555E-2 4.03829E-2 3.9283E-2 4.6699E-2 3.54387E-2 2.87627E-2 2.5367E-2 2.18102E-2 1.53275E-2 1.25533E-2 9.60743E-3 8.16682E-3 8.31301E-3 7.733E-3 9.83518E-3 1.04839E-2 1.35725E-2 1.52793E-2 1.47579E-2 1.2537E-2 1.47308E-2 1.89324E-2 2.42741E-2 1.80922E-2 3.75864E-2 5.93591E-2 9.47175E-2 1.18505E-1 1.2173E-1 1.25978E-1 1.52814E-1 1.54974E-1 1.53387E-1 1.59036E-1 1.76431E-1 2.00183E-1 1.85426E-1 1.77898E-1 1.71455E-1 1.71453E-1 1.74942E-1 1.82859E-1 2.04883E-1 2.18514E-1 2.25721E-1 2.34306E-1 2.42208E-1 2.53858E-1 2.60525E-1 2.67142E-1 2.80687E-1 2.82956E-1 2.86112E-1 2.93319E-1 2.98982E-1 3.06276E-1 3.11559E-1 3.17284E-1 3.26915E-1
8.61674E-2 7.61685E-2 8.72359E-2 7.77827E-2 5.79841E-2 4.43435E-2 4.43314E-2 3.63209E-2 3.08278E-2 2.70635E-2 2.69984E-2 2.21614E-2 1.20946E-2 1.30813E-2 1.44984E-2 1.24045E-2 1.13893E-2 1.57431E-2 1.42807E-2 1.50849E-2 1.43814E-2 1.22908E-2 1.45768E-2 1.78349E-2 1.91284E-2 1.21935E-2 1.35429E-2 3.57941E-2 7.44303E-2 1.04404E-1 1.14782E-1 1.38043E-1 1.40964E-1 1.43907E-1 1.48568E-1 1.78777E-1 2.04097E-1 2.04041E-1 1.92799E-1 1.92186E-1 1.67885E-1 1.68382E-1 1.79982E-1 1.92136E-1 2.11817E-1 2.31788E-1 2.41952E-1 2.47562E-1 2.57305E-1 2.68208E-1 2.6595E-1 2.67253E-1 2.79338E-1 2.85939E-1 2.95923E-1 2.91577E-1 2.97167E-1 3.09331E-1 3.14302E-1 3.17335E-1 3.23235E-1
1.042E-1 9.46806E-2 9.04459E-2 8.5926E-2 8.501E-2 6.69662E-2 5.09216E-2 4.55512E-2 3.33705E-2 2.35415E-2 3.7741E-2 2.50569E-2 2.19712E-2 2.26007E-2 2.05707E-2 1.62356E-2 2.11738E-2 1.6055E-2 1.1376E-2 1.39045E-2 1.65897E-2 1.32844E-2 1.53325E-2 1.82637E-2 1.97038E-2 1.95724E-2 1.48261E-2 2.23425E-2 3.70695E-2 7.51526E-2 1.10311E-1 1.16033E-1 1.25902E-1 1.30137E-1 1.47344E-1 1.70437E-1 1.6865E-1 1.62308E-1 1.57743E-1 1.65557E-1 1.67325E-1 1.77389E-1 1.93863E-1 2.04656E-1 2.19225E-1 2.36872E-1 2.48457E-1 2.58746E-1 2.65771E-1 2.73505E-1 2.84283E-1 2.88591E-1 2.91257E-1 2.97232E-1 3.0624E-1 3.12446E-1 3.25375E-1 3.18619E-1 3.15848E-1 3.28204E-1 3.35448E-1
1.03645E-1 1.00052E-1 1.02764E-1 9.59799E-2 8.71968E-2 7.55594E-2 6.46621E-2 5.34573E-2 4.72585E-2 3.30264E-2 4.25549E-2 3.46566E-2 3.21128E-2 3.22761E-2 3.08191E-2 2.31283E-2 2.20735E-2 1.84916E-2 1.13295E-2 1.25281E-2 1.38103E-2 1.53923E-2 1.6525E-2 2.1604E-2 1.87284E-2 1.83617E-2 1.14842E-2 1.51839E-2 4.6871E-2 6.79954E-2 9.82053E-2 1.24722E-1 1.2416E-1 1.28276E-1 1.39486E-1 1.39771E-1 1.27298E-1 1.27512E-1 1.49879E-1 1.64E-1 1.72243E-1 1.84481E-1 1.99691E-1 2.15039E-1 2.26297E-1 2.44095E-1 2.6038E-1 2.65809E-1 2.75033E-1 2.8062E-1 2.89553E-1 2.98926E-1 3.12187E-1 3.13502E-1 3.18033E-1 3.28035E-1 3.35043E-1 3.46597E-1 3.45474E-1 3.52628E-1 3.72812E-1
9.2324E-2 8.57875E-2 9.158E-2 1.00257E-1 8.09532E-2 8.08201E-2 8.56648E-2 6.62228E-2 5.06901E-2 5.08909E-2 5.71234E-2 4.33623E-2 3.97907E-2 4.8596E-2 3.98366E-2 3.31791E-2 2.46303E-2 2.05531E-2 1.57913E-2 1.18447E-2 1.30164E-2 1.73454E-2 1.74827E-2 2.01668E-2 1.76877E-2 1.64583E-2 1.04404E-2 2.16986E-2 4.87542E-2 6.7946E-2 8.1782E-2 6.01108E-2 1.04731E-1 1.26243E-1 1.21431E-1 1.21376E-1 1.29294E-1 1.58065E-1 1.91041E-1 2.09633E-1 2.19265E-1 2.19255E-1 2.26833E-1 2.3768E-1 2.55978E-1 2.65848E-1 2.74509E-1 2.76826E-1 2.81371E-1 2.98737E-1 3.0078E-1 3.11304E-1 3.22665E-1 3.29602E-1 3.3711E-1 3.50306E-1 3.6005E-1 3.76109E-1 3.8623E-1 3.89561E-1 3.95396E-1
8.924E-2 8.74016E-2 8.45669E-2 1.00895E-1 9.47601E-2 8.18423E-2 8.09271E-2 8.0205E-2 7.18433E-2 6.34926E-2 6.83446E-2 6.34765E-2 6.17468E-2 5.39626E-2 4.29341E-2 3.32964E-2 2.63675E-2 2.00653E-2 1.93301E-2 1.10871E-2 1.1977E-2 1.46641E-2 1.68809E-2 1.61592E-2 1.89168E-2 1.51183E-2 1.06536E-2 3.13878E-2 4.14684E-2 4.8411E-2 5.89579E-2 6.20645E-2 4.69895E-2 6.48193E-2 9.46608E-2 1.31328E-1 1.50678E-1 1.88466E-1 2.12158E-1 2.31367E-1 2.47912E-1 2.40318E-1 2.49908E-1 2.50643E-1 2.51831E-1 2.59733E-1 2.67784E-1 2.73454E-1 2.83461E-1 3.01088E-1 3.02859E-1 3.15363E-1 3.28283E-1 3.3039E-1 3.42424E-1 3.50977E-1 3.67073E-1 3.87342E-1 3.9195E-1 3.9317E-1 3.97493E-1
8.99201E-2 8.36649E-2 6.96784E-2 7.81893E-2 9.4808E-2 7.988E-2 8.24168E-2 8.4728E-2 8.17872E-2 7.86072E-2 7.37379E-2 7.08871E-2 6.61112E-2 4.85801E-2 3.82751E-2 2.91661E-2 2.81446E-2 2.60856E-2 2.21813E-2 1.63102E-2 1.11901E-2 1.42606E-2 1.67152E-2 1.92856E-2 1.99224E-2 1.35718E-2 1.32842E-2 3.73104E-2 5.56025E-2 6.5908E-2 7.9962E-2 8.34124E-2 7.37563E-2 6.33919E-2 7.34564E-2 1.06843E-1 1.2761E-1 1.55391E-1 1.74503E-1 2.0837E-1 2.15644E-1 2.20747E-1 2.27035E-1 2.30307E-1 2.41271E-1 2.54788E-1 2.6605E-1 2.78762E-1 2.94889E-1 3.04705E-1 3.13805E-1 3.22659E-1 3.36371E-1 3.41578E-1 3.45141E-1 3.58292E-1 3.70952E-1 3.83939E-1 3.92778E-1 3.92697E-1 4.07489E-1
9.48115E-2 8.56697E-2 6.76395E-2 6.96481E-2 7.92003E-2 7.4179E-2 8.08972E-2 7.82754E-2 6.86338E-2 7.05865E-2 6.82039E-2 6.81351E-2 6.31988E-2 4.51952E-2 3.92909E-2 2.94487E-2 2.84498E-2 3.10389E-2 2.45399E-2 2.06754E-2 1.67273E-2 2.24523E-2 2.18126E-2 2.62221E-2 2.26082E-2 1.30669E-2 1.74829E-2 4.11076E-2 7.36268E-2 8.6046E-2 8.34996E-2 8.62737E-2 7.19429E-2 6.97313E-2 8.4422E-2 1.01925E-1 1.25043E-1 1.46693E-1 1.74152E-1 1.96073E-1 2.04416E-1 2.20881E-1 2.34106E-1 2.42919E-1 2.53205E-1 2.61154E-1 2.752E-1 2.84524E-1 2.90808E-1 3.08133E-1 3.20101E-1 3.35401E-1 3.29807E-1 3.18973E-1 3.293E-1 3.42728E-1 3.62437E-1 3.74437E-1 3.84474E-1 3.95889E-1 4.04626E-1
9.82938E-2 7.96237E-2 5.5416E-2 4.23523E-2 6.93275E-2 8.2222E-2 8.73939E-2 8.04632E-2 6.92444E-2 6.60549E-2 5.10853E-2 5.13812E-2 5.39218E-2 3.96739E-2 3.68994E-2 2.97524E-2 3.06095E-2 3.41907E-2 2.92853E-2 3.13635E-2 2.99197E-2 4.43937E-2 3.53845E-2 3.35109E-2 3.46949E-2 1.97752E-2 1.61757E-2 2.77046E-2 8.05428E-2 8.84629E-2 8.94295E-2 9.09373E-2 8.77524E-2 9.57511E-2 1.0282E-1 1.13101E-1 1.36047E-1 1.60023E-1 1.79318E-1 1.94847E-1 2.02781E-1 2.241E-1 2.41095E-1 2.4647E-1 2.5148E-1 2.58854E-1 2.69181E-1 2.79588E-1 2.95691E-1 3.11227E-1 3.26973E-1 3.32889E-1 3.20172E-1 3.19421E-1 3.24358E-1 3.39651E-1 3.55642E-1 3.67876E-1 3.82094E-1 3.94558E-1 4.06054E-1
9.05262E-2 6.39441E-2 4.11035E-2 3.31605E-2 4.71999E-2 8.64632E-2 8.75231E-2 8.23529E-2 7.61173E-2 6.67177E-2 5.26341E-2 4.28567E-2 4.34485E-2 3.46509E-2 2.87608E-2 2.82642E-2 2.59196E-2 2.8995E-2 4.53753E-2 5.29909E-2 6.22064E-2 5.79979E-2 5.1378E-2 4.12896E-2 2.84869E-2 1.54086E-2 2.27317E-2 3.81186E-2 7.12926E-2 8.83459E-2 9.10979E-2 9.67212E-2 9.25236E-2 9.92176E-2 1.22645E-1 1.34516E-1 1.60349E-1 1.75991E-1 1.8459E-1 1.93982E-1 2.07867E-1 2.24438E-1 2.35425E-1 2.50399E-1 2.57969E-1 2.60173E-1 2.75908E-1 2.86877E-1 3.0543E-1 3.18226E-1 3.34136E-1 3.35176E-1 3.30556E-1 3.35401E-1 3.46002E-1 3.56974E-1 3.65131E-1 3.78341E-1 3.91377E-1 3.97337E-1 3.93276E-1
8.31017E-2 6.50065E-2 4.30838E-2 3.40013E-2 3.15908E-2 6.15267E-2 8.81979E-2 8.36149E-2 7.89961E-2 7.02478E-2 5.73872E-2 4.46833E-2 3.43522E-2 3.15207E-2 2.7474E-2 2.85183E-2 2.70223E-2 2.13651E-2 2.45642E-2 2.82223E-2 5.81656E-2 7.52122E-2 5.9432E-2 3.23716E-2 1.57252E-2 2.68066E-2 4.68616E-2 5.54577E-2 6.61616E-2 7.993E-2 9.10101E-2 1.12202E-1 1.00639E-1 1.10284E-1 1.36045E-1 1.74112E-1 1.95646E-1 1.87013E-1 1.97438E-1 2.09431E-1 2.19155E-1 2.31122E-1 2.4853E-1 2.51695E-1 2.5711E-1 2.59889E-1 2.75734E-1 2.87953E-1 3.05391E-1 3.20071E-1 3.33118E-1 3.42539E-1 3.502E-1 3.527E-1 3.56837E-1 3.57379E-1 3.6191E-1 3.70885E-1 3.88639E-1 3.88574E-1 3.95396E-1
