maxent_outputs/white_flowers_troch_bombus_environ/white_307.asc
ncols         426
nrows         180
xllcorner     -130.0
yllcorner     24.0
cellsize      0.16666666666666666
NODATA_value  -9999
[rows 81 to 107 of 180, columns 183 to 243 of 426]
1.20795E-1 1.19949E-1 1.21316E-1 1.2118E-1 1.22953E-1 1.29356E-1 1.36156E-1 1.38155E-1 1.39448E-1 1.43124E-1 1.48522E-1 1.49781E-1 1.52148E-1 1.51867E-1 1.54574E-1 1.5968E-1 1.55727E-1 1.60144E-1 1.68629E-1 1.80221E-1 1.82086E-1 1.85532E-1 1.87176E-1 1.92752E-1 1.86256E-1 1.85155E-1 1.91377E-1 1.86021E-1 1.83446E-1 1.88918E-1 1.9425E-1 1.96456E-1 1.98253E-1 2.01532E-1 2.09878E-1 2.24205E-1 2.36848E-1 2.5557E-1 2.51783E-1 2.40959E-1 2.39777E-1 2.25566E-1 2.18694E-1 2.16377E-1 2.17757E-1 2.25332E-1 2.35869E-1 2.42615E-1 2.50713E-1 2.42858E-1 2.49728E-1 2.57165E-1 2.55895E-1 2.51099E-1 2.58041E-1 2.68931E-1 2.75347E-1 2.81884E-1 2.69101E-1 2.67675E-1 2.62536E-1
1.26819E-1 1.24398E-1 1.21285E-1 1.22331E-1 1.26231E-1 1.29573E-1 1.36106E-1 1.41722E-1 1.49224E-1 1.52337E-1 1.57076E-1 1.63061E-1 1.63956E-1 1.63853E-1 1.62117E-1 1.65536E-1 1.69042E-1 1.6547E-1 1.69202E-1 1.81032E-1 1.87104E-1 1.8704E-1 1.93279E-1 2.00469E-1 2.02585E-1 1.93148E-1 1.97933E-1 1.92919E-1 1.9078E-1 1.96426E-1 2.05497E-1 2.07113E-1 2.07957E-1 2.07947E-1 2.17208E-1 2.34213E-1 2.6677E-1 3.11337E-1 3.39499E-1 2.89615E-1 2.65817E-1 2.41631E-1 2.28407E-1 2.28571E-1 2.3267E-1 2.41455E-1 2.46639E-1 2.54458E-1 2.5866E-1 2.56344E-1 2.54956E-1 2.60813E-1 2.65852E-1 2.66195E-1 2.69584E-1 2.76278E-1 2.80128E-1 2.7647E-1 2.74991E-1 2.69424E-1 2.67729E-1
1.36728E-1 1.37E-1 1.29339E-1 1.29455E-1 1.35323E-1 1.39214E-1 1.44856E-1 1.48371E-1 1.54316E-1 1.56283E-1 1.61225E-1 1.69383E-1 1.72049E-1 1.76524E-1 1.77717E-1 1.716E-1 1.73472E-1 1.76033E-1 1.70619E-1 1.79004E-1 1.91624E-1 1.97385E-1 2.01858E-1 2.02523E-1 2.11883E-1 2.12012E-1 2.04202E-1 2.02314E-1 2.04844E-1 2.01691E-1 2.07897E-1 2.12885E-1 2.15872E-1 2.14205E-1 2.2516E-1 2.44507E-1 2.74504E-1 3.19747E-1 3.4648E-1 3.02603E-1 2.74714E-1 2.53648E-1 2.39406E-1 2.39754E-1 2.45793E-1 2.50512E-1 2.60616E-1 2.66278E-1 2.69909E-1 2.6266E-1 2.56304E-1 2.61758E-1 2.67646E-1 2.71535E-1 2.79102E-1 2.83228E-1 2.77678E-1 2.80722E-1 2.80402E-1 2.79776E-1 2.80035E-1
1.33949E-1 1.31534E-1 1.31127E-1 1.29861E-1 1.32641E-1 1.40833E-1 1.45816E-1 1.51596E-1 1.60311E-1 1.66199E-1 1.67035E-1 1.71519E-1 1.73105E-1 1.76833E-1 1.79893E-1 1.8241E-1 1.7889E-1 1.76495E-1 1.7264E-1 1.78425E-1 1.92286E-1 1.93889E-1 1.97172E-1 2.06792E-1 2.06761E-1 2.15043E-1 2.20025E-1 2.19399E-1 2.17561E-1 2.13541E-1 2.1059E-1 2.14478E-1 2.15415E-1 2.22594E-1 2.28253E-1 2.4432E-1 2.61675E-1 2.80187E-1 2.84464E-1 2.80687E-1 2.70303E-1 2.56181E-1 2.49625E-1 2.4955E-1 2.5527E-1 2.62444E-1 2.72027E-1 2.77942E-1 2.78142E-1 2.62689E-1 2.62232E-1 2.70463E-1 2.70864E-1 2.81372E-1 2.74485E-1 2.69294E-1 2.73263E-1 2.79669E-1 2.91129E-1 2.95015E-1 2.90073E-1
1.4254E-1 1.39983E-1 1.39286E-1 1.41499E-1 1.41573E-1 1.47164E-1 1.52098E-1 1.5525E-1 1.62894E-1 1.71984E-1 1.765E-1 1.78828E-1 1.76797E-1 1.76796E-1 1.77599E-1 1.80414E-1 1.80406E-1 1.79145E-1 1.84366E-1 1.86292E-1 1.90589E-1 1.93733E-1 2.0145E-1 2.07163E-1 2.11036E-1 2.14549E-1 2.16988E-1 2.31983E-1 2.29858E-1 2.25026E-1 2.17329E-1 2.2143E-1 2.18522E-1 2.23975E-1 2.32712E-1 2.39359E-1 2.50945E-1 2.60044E-1 2.58909E-1 2.66441E-1 2.66347E-1 2.5874E-1 2.56323E-1 2.60534E-1 2.63575E-1 2.7192E-1 2.81118E-1 2.85468E-1 2.87138E-1 2.80889E-1 2.7501E-1 2.76212E-1 2.80302E-1 2.84276E-1 2.75754E-1 2.69751E-1 2.75788E-1 2.85839E-1 2.97932E-1 3.06875E-1 3.08076E-1
1.46252E-1 1.47959E-1 1.4814E-1 1.49976E-1 1.54595E-1 1.58217E-1 1.64009E-1 1.6906E-1 1.72827E-1 1.80799E-1 1.85142E-1 1.86184E-1 1.8694E-1 1.82435E-1 1.80732E-1 1.78454E-1 1.76035E-1 1.86664E-1 1.82584E-1 1.85371E-1 1.91054E-1 1.98697E-1 2.11047E-1 2.17686E-1 2.16336E-1 2.21826E-1 2.3507E-1 2.32656E-1 2.36936E-1 2.40404E-1 2.3434E-1 2.32045E-1 2.32185E-1 2.34637E-1 2.39638E-1 2.42834E-1 2.5199E-1 2.63528E-1 2.65911E-1 2.6732E-1 2.71449E-1 2.75344E-1 2.74155E-1 2.71671E-1 2.72398E-1 2.84068E-1 2.89779E-1 2.95058E-1 2.93277E-1 2.99229E-1 2.97169E-1 2.8836E-1 2.88043E-1 2.91996E-1 2.86967E-1 2.84033E-1 2.90924E-1 2.97814E-1 3.06656E-1 3.16144E-1 3.21827E-1
1.51012E-1 1.55761E-1 1.56658E-1 1.60667E-1 1.60589E-1 1.67286E-1 1.78139E-1 1.81083E-1 1.87935E-1 1.89905E-1 1.86502E-1 1.86117E-1 1.87631E-1 1.93264E-1 1.88814E-1 1.81012E-1 1.88052E-1 1.901E-1 1.88387E-1 1.91986E-1 1.99211E-1 2.04321E-1 2.13868E-1 2.21581E-1 2.25099E-1 2.26194E-1 2.38258E-1 2.47174E-1 2.47116E-1 2.53596E-1 2.51009E-1 2.46776E-1 2.49814E-1 2.51956E-1 2.55175E-1 2.59464E-1 2.63252E-1 2.70751E-1 2.74616E-1 2.76936E-1 2.82243E-1 2.84393E-1 2.79397E-1 2.80347E-1 2.7806E-1 2.87121E-1 2.94761E-1 2.94781E-1 3.00505E-1 3.04219E-1 3.09774E-1 3.09764E-1 3.05902E-1 3.05846E-1 2.98506E-1 3.01319E-1 3.05673E-1 3.12652E-1 3.19054E-1 3.2402E-1 3.2775E-1
1.49792E-1 1.54498E-1 1.60744E-1 1.62429E-1 1.64889E-1 1.68447E-1 1.75644E-1 1.84127E-1 1.91522E-1 1.93363E-1 2.01019E-1 1.94292E-1 1.94864E-1 1.95973E-1 1.92711E-1 1.94469E-1 1.92249E-1 2.05457E-1 2.05275E-1 2.09691E-1 2.10863E-1 2.18378E-1 2.20908E-1 2.30083E-1 2.41605E-1 2.33531E-1 2.44441E-1 2.52041E-1 2.59862E-1 2.58245E-1 2.60168E-1 2.63848E-1 2.64076E-1 2.7241E-1 2.7292E-1 2.70858E-1 2.77157E-1 2.76714E-1 2.76345E-1 2.86058E-1 2.85195E-1 2.87133E-1 2.88098E-1 2.82409E-1 2.80517E-1 2.85994E-1 2.91241E-1 2.95998E-1 3.03009E-1 3.08383E-1 3.11727E-1 3.14365E-1 3.20778E-1 3.18277E-1 3.13872E-1 3.1519E-1 3.22102E-1 3.28632E-1 3.32391E-1 3.35431E-1 3.36706E-1
1.57582E-1 1.62647E-1 1.70511E-1 1.73601E-1 1.76713E-1 1.82068E-1 1.8393E-1 1.90971E-1 1.94622E-1 2.01133E-1 2.07841E-1 2.10155E-1 2.05386E-1 2.00878E-1 1.96583E-1 2.03215E-1 2.05549E-1 2.04631E-1 2.05777E-1 2.1276E-1 2.21125E-1 2.32444E-1 2.37875E-1 2.43659E-1 2.52655E-1 2.52142E-1 2.59885E-1 2.6172E-1 2.68291E-1 2.70854E-1 2.64438E-1 2.63477E-1 2.68758E-1 2.704E-1 2.74047E-1 2.78564E-1 2.81713E-1 2.86065E-1 2.84893E-1 2.93196E-1 2.91119E-1 2.92036E-1 2.95293E-1 2.95694E-1 2.88301E-1 2.93225E-1 2.95632E-1 3.01418E-1 3.11538E-1 3.15191E-1 3.2129E-1 3.24847E-1 3.36658E-1 3.36233E-1 3.2927E-1 3.2838E-1 3.33816E-1 3.39438E-1 3.43121E-1 3.44379E-1 3.43126E-1
1.58094E-1 1.64256E-1 1.73201E-1 1.81791E-1 1.86875E-1 1.91798E-1 1.8784E-1 1.87566E-1 1.92787E-1 1.98837E-1 2.11109E-1 2.20842E-1 2.18218E-1 2.12019E-1 2.10469E-1 2.03361E-1 1.99581E-1 1.93133E-1 2.00761E-1 2.12249E-1 2.16208E-1 2.28185E-1 2.35741E-1 2.41122E-1 2.54558E-1 2.60757E-1 2.65163E-1 2.67982E-1 2.64832E-1 2.70729E-1 2.64313E-1 2.61462E-1 2.66847E-1 2.68485E-1 2.75331E-1 2.82263E-1 2.8607E-1 2.85179E-1 2.91521E-1 2.9224E-1 2.91944E-1 2.98224E-1 3.05346E-1 3.02331E-1 3.0164E-1 3.02614E-1 3.09191E-1 3.18319E-1 3.16968E-1 3.22814E-1 3.28481E-1 3.36708E-1 3.44613E-1 3.55446E-1 3.5617E-1 3.57019E-1 3.55273E-1 3.54287E-1 3.49923E-1 3.4702E-1 3.45689E-1
1.64118E-1 1.70661E-1 1.79446E-1 1.85731E-1 1.85768E-1 1.87084E-1 1.88299E-1 1.86714E-1 1.88259E-1 1.9465E-1 2.12586E-1 2.23663E-1 2.17994E-1 2.14667E-1 2.10146E-1 2.04065E-1 1.9198E-1 1.95223E-1 2.02196E-1 2.06986E-1 2.20566E-1 2.26148E-1 2.31037E-1 2.38645E-1 2.49018E-1 2.60703E-1 2.62497E-1 2.65139E-1 2.63698E-1 2.67343E-1 2.65525E-1 2.66921E-1 2.69846E-1 2.74961E-1 2.77825E-1 2.88063E-1 2.84922E-1 2.85434E-1 2.9354E-1 2.92191E-1 2.89985E-1 2.94832E-1 3.07758E-1 3.1498E-1 3.13626E-1 3.17123E-1 3.21572E-1 3.29301E-1 3.36046E-1 3.38031E-1 3.43974E-1 3.47473E-1 3.54966E-1 3.62537E-1 3.7252E-1 3.78448E-1 3.7482E-1 3.67507E-1 3.62497E-1 3.54865E-1 3.4816E-1
1.65119E-1 1.6786E-1 1.7619E-1 1.79841E-1 1.84385E-1 1.83764E-1 1.82402E-1 1.85329E-1 1.91065E-1 1.95506E-1 2.09923E-1 2.17706E-1 2.21137E-1 2.15388E-1 2.05615E-1 2.00887E-1 1.98709E-1 2.01499E-1 2.12728E-1 2.14715E-1 2.22588E-1 2.28598E-1 2.30542E-1 2.41184E-1 2.5564E-1 2.6603E-1 2.68965E-1 2.71223E-1 2.71022E-1 2.73602E-1 2.7774E-1 2.74478E-1 2.77343E-1 2.7922E-1 2.83237E-1 2.86836E-1 2.85838E-1 2.88206E-1 2.9801E-1 3.05804E-1 2.99148E-1 2.97504E-1 3.09907E-1 3.19549E-1 3.24902E-1 3.26832E-1 3.28054E-1 3.3516E-1 3.40704E-1 3.47513E-1 3.56094E-1 3.6414E-1 3.7417E-1 3.7819E-1 3.87029E-1 3.87418E-1 3.8323E-1 3.81219E-1 3.71936E-1 3.65193E-1 3.60458E-1
1.67749E-1 1.74031E-1 1.80091E-1 1.88698E-1 1.9603E-1 1.94027E-1 1.93678E-1 1.96351E-1 1.96874E-1 1.98451E-1 2.08403E-1 2.14031E-1 2.21023E-1 2.26338E-1 2.12715E-1 2.05317E-1 2.16323E-1 2.20739E-1 2.21218E-1 2.23612E-1 2.24678E-1 2.28834E-1 2.30896E-1 2.38714E-1 2.53435E-1 2.67135E-1 2.74264E-1 2.76976E-1 2.79422E-1 2.83767E-1 2.88482E-1 2.87412E-1 2.87731E-1 2.95362E-1 2.9759E-1 2.9948E-1 2.9608E-1 2.98392E-1 3.0399E-1 3.13356E-1 3.16334E-1 3.14566E-1 3.21758E-1 3.29359E-1 3.29931E-1 3.29446E-1 3.36488E-1 3.41796E-1 3.45281E-1 3.56144E-1 3.64568E-1 3.73452E-1 3.85731E-1 3.89362E-1 3.93661E-1 3.91508E-1 3.84706E-1 3.88448E-1 3.8657E-1 3.79655E-1 3.71037E-1
1.72544E-1 1.8015E-1 1.9284E-1 1.95758E-1 1.99364E-1 2.0089E-1 2.03667E-1 2.06713E-1 2.08003E-1 2.10278E-1 2.16093E-1 2.19523E-1 2.21831E-1 2.269E-1 2.19355E-1 2.18601E-1 2.25609E-1 2.25386E-1 2.21993E-1 2.24979E-1 2.30188E-1 2.33408E-1 2.39766E-1 2.45383E-1 2.61051E-1 2.70988E-1 2.80635E-1 2.85175E-1 2.97939E-1 3.03242E-1 2.992E-1 2.95872E-1 2.98433E-1 3.00317E-1 3.09326E-1 3.20576E-1 3.29363E-1 3.14535E-1 3.21398E-1 3.30752E-1 3.44336E-1 3.39365E-1 3.3852E-1 3.37583E-1 3.33739E-1 3.39849E-1 3.43672E-1 3.45204E-1 3.53868E-1 3.59039E-1 3.74098E-1 3.84367E-1 3.88038E-1 3.91902E-1 3.94601E-1 3.92877E-1 3.86852E-1 3.93306E-1 3.94885E-1 3.8991E-1 3.88046E-1
1.77836E-1 1.87916E-1 1.97277E-1 2.02377E-1 2.06726E-1 2.09232E-1 2.09255E-1 2.0917E-1 2.13475E-1 2.17924E-1 2.20086E-1 2.22599E-1 2.22329E-1 2.24873E-1 2.24765E-1 2.2257E-1 2.22821E-1 2.24888E-1 2.22184E-1 2.35913E-1 2.42143E-1 2.38655E-1 2.46624E-1 2.56569E-1 2.69035E-1 2.81617E-1 2.89195E-1 2.95837E-1 3.01228E-1 3.08671E-1 3.08818E-1 3.12935E-1 3.10811E-1 3.11207E-1 3.16797E-1 3.21624E-1 3.2018E-1 3.15547E-1 3.19603E-1 3.32168E-1 3.47256E-1 3.47834E-1 3.42324E-1 3.46029E-1 3.4705E-1 3.54679E-1 3.58991E-1 3.57468E-1 3.58568E-1 3.64511E-1 3.80573E-1 3.85594E-1 3.90992E-1 3.97874E-1 3.99367E-1 4.01268E-1 3.94503E-1 3.93317E-1 3.98709E-1 4.02622E-1 4.11225E-1
1.80862E-1 1.86512E-1 1.96508E-1 2.03543E-1 2.09155E-1 2.11447E-1 2.15252E-1 2.16544E-1 2.19506E-1 2.2199E-1 2.28585E-1 2.30494E-1 2.3283E-1 2.34465E-1 2.38144E-1 2.35007E-1 2.39898E-1 2.33679E-1 2.42412E-1 2.44967E-1 2.4931E-1 2.53505E-1 2.62995E-1 2.73656E-1 2.86612E-1 2.89532E-1 2.93685E-1 3.04578E-1 3.07625E-1 3.15738E-1 3.20539E-1 3.18171E-1 3.17612E-1 3.17283E-1 3.2263E-1 3.17143E-1 3.18087E-1 3.21801E-1 3.24774E-1 3.32415E-1 3.38441E-1 3.45041E-1 3.52982E-1 3.61539E-1 3.66936E-1 3.74721E-1 3.72638E-1 3.69323E-1 3.69427E-1 3.72397E-1 3.80542E-1 3.88504E-1 3.91945E-1 3.94199E-1 3.90847E-1 3.99927E-1 3.98572E-1 4.06607E-1 4.09237E-1 4.16716E-1 4.26531E-1
1.80812E-1 1.86482E-1 1.9358E-1 2.02702E-1 2.0924E-1 2.1526E-1 2.19953E-1 2.25166E-1 2.27498E-1 2.37835E-1 2.38391E-1 2.43206E-1 2.58556E-1 2.56555E-1 2.52275E-1 2.54125E-1 2.48951E-1 2.41911E-1 2.54532E-1 2.60705E-1 2.58022E-1 2.66261E-1 2.8343E-1 2.86397E-1 2.97617E-1 3.07423E-1 3.07321E-1 3.11307E-1 3.18591E-1 3.25147E-1 3.28143E-1 3.25405E-1 3.2615E-1 3.22286E-1 3.28782E-1 3.21732E-1 3.26341E-1 3.26529E-1 3.30256E-1 3.43204E-1 3.44269E-1 3.46979E-1 3.64172E-1 3.72554E-1 3.77068E-1 3.77861E-1 3.73675E-1 3.73112E-1 3.75862E-1 3.79952E-1 3.87711E-1 3.89962E-1 3.91832E-1 3.96668E-1 3.94399E-1 4.00937E-1 4.06337E-1 4.07485E-1 4.20413E-1 4.39379E-1 4.54957E-1
1.7907E-1 1.88466E-1 1.98303E-1 2.02609E-1 2.12255E-1 2.19427E-1 2.22304E-1 2.28863E-1 2.35964E-1 2.41386E-1 2.52442E-1 2.57886E-1 2.69487E-1 2.70097E-1 2.65969E-1 2.64057E-1 2.60155E-1 2.54829E-1 2.68159E-1 2.73031E-1 2.75019E-1 2.84577E-1 2.99783E-1 3.03606E-1 3.072E-1 3.22095E-1 3.18288E-1 3.158E-1 3.23807E-1 3.32684E-1 3.34088E-1 3.35373E-1 3.37513E-1 3.35176E-1 3.50012E-1 3.38255E-1 3.31589E-1 3.38507E-1 3.42018E-1 3.49527E-1 3.4869E-1 3.55024E-1 3.66216E-1 3.73275E-1 3.7658E-1 3.70782E-1 3.68512E-1 3.71518E-1 3.78972E-1 3.86233E-1 3.93361E-1 4.00005E-1 4.01055E-1 4.04612E-1 4.07926E-1 4.1214E-1 4.16348E-1 4.24881E-1 4.29876E-1 4.52881E-1 4.71855E-1
1.95667E-1 2.01669E-1 2.13877E-1 2.2092E-1 2.22223E-1 2.25849E-1 2.29009E-1 2.37133E-1 2.45863E-1 2.52634E-1 2.5739E-1 2.6385E-1 2.74696E-1 2.76161E-1 2.77907E-1 2.75925E-1 2.73132E-1 2.70762E-1 2.77513E-1 2.86864E-1 2.91121E-1 2.96872E-1 3.08622E-1 3.22108E-1 3.26115E-1 3.24406E-1 3.26272E-1 3.29031E-1 3.35417E-1 3.39724E-1 3.39468E-1 3.47833E-1 3.44442E-1 3.46206E-1 3.48058E-1 3.4553E-1 3.51067E-1 3.56957E-1 3.55061E-1 3.64094E-1 3.63995E-1 3.6128E-1 3.6983E-1 3.71267E-1 3.67433E-1 3.70016E-1 3.72545E-1 3.83213E-1 3.92353E-1 3.99498E-1 4.02421E-1 4.08328E-1 4.13736E-1 4.21918E-1 4.2975E-1 4.28831E-1 4.38793E-1 4.49629E-1 4.54181E-1 4.66703E-1 4.84313E-1
2.18687E-1 2.18366E-1 2.19595E-1 2.25962E-1 2.38449E-1 2.47818E-1 2.4993E-1 2.55941E-1 2.604E-1 2.66487E-1 2.7419E-1 2.7967E-1 2.78163E-1 2.81874E-1 2.86668E-1 2.9001E-1 2.84241E-1 2.87609E-1 2.93062E-1 2.96769E-1 3.06635E-1 3.16513E-1 3.26724E-1 3.30156E-1 3.35405E-1 3.32177E-1 3.38093E-1 3.40271E-1 3.4765E-1 3.50905E-1 3.52696E-1 3.51808E-1 3.44555E-1 3.41184E-1 3.48486E-1 3.51519E-1 3.64322E-1 3.64103E-1 3.65119E-1 3.67008E-1 3.63623E-1 3.64318E-1 3.72682E-1 3.73524E-1 3.75997E-1 3.71273E-1 3.7267E-1 3.83757E-1 4.01162E-1 4.13185E-1 4.12788E-1 4.15823E-1 4.26603E-1 4.38133E-1 4.4084E-1 4.49396E-1 4.57672E-1 4.69341E-1 4.71101E-1 4.82127E-1 4.96623E-1
2.29531E-1 2.30038E-1 2.33642E-1 2.39194E-1 2.43475E-1 2.55967E-1 2.67236E-1 2.70186E-1 2.71611E-1 2.77444E-1 2.8693E-1 2.94406E-1 2.93457E-1 2.90678E-1 2.95148E-1 3.00046E-1 2.91115E-1 3.02259E-1 3.15335E-1 3.2165E-1 3.30314E-1 3.36374E-1 3.40592E-1 3.50296E-1 3.44261E-1 3.43726E-1 3.52385E-1 3.53846E-1 3.63067E-1 3.66742E-1 3.61947E-1 3.58171E-1 3.483E-1 3.41619E-1 3.40744E-1 3.48112E-1 3.64817E-1 3.66872E-1 3.64607E-1 3.65979E-1 3.66261E-1 3.69071E-1 3.78246E-1 3.87372E-1 3.89836E-1 3.88663E-1 3.87052E-1 3.94414E-1 4.09691E-1 4.21924E-1 4.28354E-1 4.31382E-1 4.40432E-1 4.50827E-1 4.6167E-1 4.69256E-1 4.77634E-1 4.7449E-1 4.80419E-1 4.79689E-1 4.89024E-1
2.36464E-1 2.37051E-1 2.40704E-1 2.51788E-1 2.63608E-1 2.71088E-1 2.81539E-1 2.84713E-1 2.78303E-1 2.83432E-1 2.90507E-1 2.99963E-1 3.03496E-1 3.03917E-1 2.99227E-1 3.10461E-1 3.09335E-1 3.04488E-1 3.24665E-1 3.43951E-1 3.57008E-1 3.63714E-1 3.59276E-1 3.6868E-1 3.64463E-1 3.60994E-1 3.68258E-1 3.75881E-1 3.79225E-1 3.78057E-1 3.77826E-1 3.67585E-1 3.54254E-1 3.41401E-1 3.47409E-1 3.606E-1 3.76628E-1 3.7828E-1 3.82387E-1 3.82299E-1 3.78149E-1 3.82453E-1 3.95408E-1 3.99654E-1 4.07503E-1 4.06867E-1 4.09511E-1 4.09795E-1 4.24107E-1 4.36025E-1 4.45846E-1 4.546E-1 4.56019E-1 4.6655E-1 4.6885E-1 4.78824E-1 4.64986E-1 4.72275E-1 4.76636E-1 4.71227E-1 4.82882E-1
2.43678E-1 2.52401E-1 2.56688E-1 2.58475E-1 2.70141E-1 2.79709E-1 2.86796E-1 2.97108E-1 2.90082E-1 2.91317E-1 3.00106E-1 3.07129E-1 3.151E-1 3.1902E-1 3.20357E-1 3.40941E-1 3.38393E-1 3.29259E-1 3.43125E-1 3.59695E-1 3.7447E-1 3.81311E-1 3.76576E-1 3.89496E-1 3.8481E-1 3.85558E-1 3.89659E-1 3.89295E-1 4.02793E-1 3.93581E-1 3.88096E-1 3.82836E-1 3.70408E-1 3.62236E-1 3.74503E-1 3.92487E-1 3.93304E-1 3.95412E-1 3.97231E-1 3.97411E-1 3.95536E-1 3.97581E-1 4.06503E-1 4.09814E-1 4.19246E-1 4.21956E-1 4.28899E-1 4.33871E-1 4.39524E-1 4.53666E-1 4.65667E-1 4.77476E-1 4.85111E-1 4.88042E-1 4.8348E-1 4.71521E-1 4.72155E-1 4.76946E-1 4.89535E-1 4.86947E-1 5.02101E-1
2.44589E-1 2.48923E-1 2.62594E-1 2.74233E-1 2.73957E-1 2.83304E-1 2.85366E-1 2.88288E-1 2.90311E-1 3.0019E-1 3.06775E-1 3.16196E-1 3.22231E-1 3.30086E-1 3.40662E-1 3.50689E-1 3.57312E-1 3.54025E-1 3.63883E-1 3.76269E-1 3.84687E-1 3.91397E-1 3.89048E-1 4.16064E-1 4.0198E-1 4.03365E-1 4.13289E-1 4.26984E-1 4.18765E-1 4.07614E-1 4.07985E-1 4.04471E-1 3.98626E-1 3.94292E-1 4.08921E-1 4.22869E-1 4.31586E-1 4.17404E-1 4.16997E-1 4.22929E-1 4.20715E-1 4.26514E-1 4.21519E-1 4.28806E-1 4.31578E-1 4.3864E-1 4.45992E-1 4.47602E-1 4.56922E-1 4.66752E-1 4.8473E-1 4.98001E-1 5.0801E-1 5.16378E-1 5.04934E-1 4.84662E-1 4.7297E-1 4.87672E-1 5.02782E-1 5.14537E-1 5.2468E-1
2.47471E-1 2.50936E-1 2.62689E-1 2.77116E-1 2.87748E-1 2.91461E-1 2.97597E-1 2.96069E-1 3.00102E-1 3.11818E-1 3.15771E-1 3.25939E-1 3.30285E-1 3.37331E-1 3.5071E-1 3.62233E-1 3.71732E-1 3.79164E-1 3.81284E-1 3.91761E-1 3.99169E-1 3.93171E-1 4.03416E-1 4.14446E-1 4.13875E-1 4.17483E-1 4.36374E-1 4.35303E-1 4.24001E-1 4.11095E-1 4.15812E-1 4.13923E-1 4.16569E-1 4.43529E-1 4.36792E-1 4.21302E-1 4.12667E-1 4.23972E-1 4.26637E-1 4.36121E-1 4.54304E-1 4.66846E-1 4.47075E-1 4.66903E-1 4.45665E-1 4.52172E-1 4.60747E-1 4.68612E-1 4.8035E-1 4.94139E-1 5.07397E-1 5.18808E-1 5.36195E-1 5.47256E-1 5.29066E-1 5.04396E-1 4.92246E-1 5.04212E-1 5.13327E-1 5.24611E-1 5.39118E-1
2.40544E-1 2.52418E-1 2.61728E-1 2.74363E-1 2.83109E-1 2.90667E-1 3.00498E-1 3.13447E-1 3.15594E-1 3.16017E-1 3.23838E-1 3.32068E-1 3.39637E-1 3.46202E-1 3.57952E-1 3.67985E-1 3.79162E-1 3.90743E-1 4.06912E-1 4.05085E-1 3.97248E-1 4.02699E-1 4.07657E-1 4.14452E-1 4.19443E-1 4.38541E-1 4.44901E-1 4.35957E-1 4.32682E-1 4.27293E-1 4.19531E-1 4.19093E-1 4.36272E-1 4.45519E-1 4.40799E-1 4.38912E-1 4.3596E-1 4.39146E-1 4.39204E-1 4.36423E-1 4.42889E-1 4.49784E-1 4.56835E-1 4.73633E-1 4.63976E-1 4.62846E-1 4.74342E-1 4.88009E-1 5.00775E-1 5.14555E-1 5.3016E-1 5.32147E-1 5.51686E-1 5.46925E-1 5.2989E-1 5.17307E-1 5.13157E-1 5.17485E-1 5.20389E-1 5.34072E-1 5.3722E-1
2.46424E-1 2.51011E-1 2.60711E-1 2.71973E-1 2.82719E-1 2.99437E-1 3.09684E-1 3.14292E-1 3.24793E-1 3.30366E-1 3.35439E-1 3.45579E-1 3.49613E-1 3.64246E-1 3.69472E-1 3.78086E-1 3.84298E-1 3.95539E-1 4.03753E-1 4.04209E-1 4.01361E-1 4.05832E-1 4.10316E-1 4.23284E-1 4.30582E-1 4.54474E-1 4.51161E-1 4.47582E-1 4.4589E-1 4.38323E-1 4.37677E-1 4.36699E-1 4.43284E-1 4.48078E-1 4.47349E-1 4.51583E-1 4.45139E-1 4.51185E-1 4.50047E-1 4.45636E-1 4.45566E-1 4.56874E-1 4.76144E-1 4.73723E-1 4.77449E-1 4.77934E-1 4.82284E-1 4.92761E-1 5.11084E-1 5.29661E-1 5.47908E-1 5.39068E-1 5.44762E-1 5.46794E-1 5.36777E-1 5.33079E-1 5.31705E-1 5.28791E-1 5.31946E-1 5.45977E-1 5.46354E-1
