maxent_outputs/white_flowers_troch_bombus_environ/white_243.asc
ncols         426
nrows         180
xllcorner     -130.0
yllcorner     24.0
cellsize      0.16666666666666666
NODATA_value  -9999
[rows 0 to 26 of 180, columns 305 to 365 of 426]
3.65871E-1 3.30659E-1 3.21578E-1 3.02495E-1 2.83489E-1 2.77123E-1 2.73252E-1 2.74531E-1 2.79258E-1 2.84967E-1 2.87403E-1 2.86648E-1 2.8931E-1 3.03061E-1 3.16894E-1 3.45522E-1 3.44352E-1 3.16644E-1 3.02269E-1 3.01512E-1 3.18474E-1 3.53427E-1 3.66059E-1 3.63802E-1 3.44685E-1 3.14692E-1 3.14181E-1 3.20137E-1 3.27846E-1 3.04535E-1 2.98243E-1 3.12679E-1 2.92165E-1 3.13582E-1 3.60956E-1 3.4746E-1 3.3874E-1 3.00865E-1 2.86199E-1 2.89506E-1 2.80131E-1 2.85256E-1 2.85933E-1 2.91229E-1 2.83371E-1 2.80957E-1 2.84029E-1 2.8922E-1 2.83784E-1 2.82626E-1 2.87327E-1 2.87785E-1 2.85692E-1 2.93186E-1 2.96463E-1 2.91737E-1 3.01683E-1 2.94051E-1 2.86743E-1 2.90608E-1 2.98187E-1
3.86977E-1 3.39922E-1 3.37784E-1 3.18866E-1 3.07684E-1 2.97292E-1 2.94258E-1 2.98993E-1 2.95213E-1 3.13179E-1 3.61445E-1 3.83735E-1 3.77659E-1 3.8369E-1 3.68498E-1 3.27427E-1 3.28171E-1 3.211E-1 3.26338E-1 3.53428E-1 3.6659E-1 3.78175E-1 3.86709E-1 3.76802E-1 3.67221E-1 3.67993E-1 3.38175E-1 3.19359E-1 3.12402E-1 3.13671E-1 3.09764E-1 3.06095E-1 2.9662E-1 2.93027E-1 2.91675E-1 2.93762E-1 2.8812E-1 2.84842E-1 2.85754E-1 2.82923E-1 2.80183E-1 2.8654E-1 2.81017E-1 2.80461E-1 2.83294E-1 2.8052E-1 2.8265E-1 2.85319E-1 2.82558E-1 2.80782E-1 2.78906E-1 2.87267E-1 2.9203E-1 2.95423E-1 2.89937E-1 2.86267E-1 2.84121E-1 2.86261E-1 2.86583E-1 2.91586E-1 2.93915E-1
4.40366E-1 3.4448E-1 3.21811E-1 3.00634E-1 2.98365E-1 2.91516E-1 2.92772E-1 2.97899E-1 2.93696E-1 2.97566E-1 3.52107E-1 3.62097E-1 3.66439E-1 3.55837E-1 3.41721E-1 3.47812E-1 3.33632E-1 3.14494E-1 2.99617E-1 3.17476E-1 3.59593E-1 3.40811E-1 3.3133E-1 3.16544E-1 3.09256E-1 3.19319E-1 3.12368E-1 3.15815E-1 3.13298E-1 3.10861E-1 2.99402E-1 2.93067E-1 2.93318E-1 2.95807E-1 2.92028E-1 2.87661E-1 2.85005E-1 2.83418E-1 2.8503E-1 2.86257E-1 2.86039E-1 2.84635E-1 2.86348E-1 2.9376E-1 2.90636E-1 2.7889E-1 2.78038E-1 2.79346E-1 2.89333E-1 2.862E-1 2.80143E-1 2.85106E-1 2.81441E-1 2.86536E-1 2.92102E-1 2.85955E-1 2.85179E-1 2.89535E-1 2.88157E-1 2.92027E-1 2.90493E-1
3.81209E-1 3.52447E-1 3.2582E-1 3.06019E-1 2.95648E-1 2.88225E-1 3.03918E-1 3.10081E-1 2.89019E-1 2.91579E-1 3.01484E-1 2.97568E-1 3.01839E-1 3.0583E-1 3.15577E-1 3.29494E-1 3.09216E-1 2.9887E-1 3.02249E-1 3.21717E-1 3.22882E-1 3.1054E-1 3.0876E-1 2.99045E-1 3.01093E-1 3.0612E-1 3.06222E-1 3.08911E-1 3.05379E-1 3.02753E-1 3.10651E-1 3.03544E-1 2.95452E-1 2.94568E-1 2.90112E-1 2.9582E-1 2.96159E-1 3.05547E-1 2.88326E-1 2.85378E-1 2.93199E-1 2.91071E-1 2.84413E-1 2.90556E-1 2.84966E-1 2.79449E-1 2.78537E-1 2.76277E-1 2.78724E-1 2.81849E-1 2.7899E-1 2.80051E-1 2.83152E-1 2.82273E-1 2.86047E-1 2.86926E-1 2.87527E-1 2.88509E-1 2.89834E-1 2.89622E-1 3.00317E-1
6.30969E-1 3.58336E-1 3.24045E-1 3.07145E-1 2.90333E-1 2.79168E-1 2.78334E-1 2.92281E-1 2.87014E-1 2.96292E-1 2.90602E-1 2.8576E-1 2.98883E-1 3.16177E-1 3.39849E-1 3.1475E-1 3.08657E-1 3.08974E-1 3.07189E-1 3.05753E-1 3.05857E-1 3.05881E-1 3.10775E-1 3.088E-1 3.08163E-1 3.1461E-1 3.24885E-1 3.07998E-1 3.07118E-1 3.04799E-1 3.00357E-1 3.01862E-1 3.04372E-1 3.00694E-1 2.97025E-1 2.95461E-1 2.96074E-1 2.97344E-1 2.88589E-1 2.88875E-1 2.90393E-1 2.87834E-1 2.84658E-1 2.84738E-1 2.83328E-1 2.81936E-1 2.79381E-1 2.7714E-1 2.78971E-1 2.8735E-1 2.82637E-1 2.79137E-1 2.82481E-1 2.83238E-1 2.86526E-1 2.90367E-1 2.95489E-1 2.94593E-1 2.95115E-1 3.01254E-1 3.00025E-1
6.41824E-1 3.70381E-1 3.33726E-1 3.08848E-1 2.98748E-1 2.95346E-1 2.79791E-1 2.82622E-1 2.85808E-1 2.85833E-1 2.85884E-1 2.91741E-1 2.93262E-1 3.23807E-1 3.23567E-1 3.14638E-1 3.06362E-1 3.07664E-1 3.07124E-1 3.06908E-1 3.08573E-1 3.09219E-1 3.12103E-1 3.14134E-1 3.0989E-1 3.12056E-1 3.11318E-1 3.11716E-1 3.10719E-1 3.08865E-1 3.03415E-1 3.03926E-1 3.02359E-1 2.99435E-1 2.96703E-1 2.99562E-1 2.96437E-1 2.93966E-1 2.95325E-1 2.97647E-1 2.91831E-1 2.90064E-1 2.87506E-1 2.8526E-1 2.86181E-1 2.89097E-1 2.86816E-1 2.88603E-1 3.00007E-1 2.96891E-1 2.87695E-1 2.83112E-1 2.82971E-1 2.88745E-1 2.90085E-1 3.02326E-1 2.96924E-1 2.92997E-1 2.95295E-1 2.96373E-1 3.04189E-1
9.253E-1 4.53814E-1 3.59876E-1 3.23554E-1 2.89414E-1 2.83934E-1 2.82025E-1 2.84378E-1 2.86778E-1 2.91964E-1 2.99323E-1 2.93864E-1 3.09846E-1 3.19921E-1 3.24787E-1 3.13977E-1 3.15162E-1 3.18833E-1 3.17986E-1 3.11908E-1 3.11852E-1 3.14085E-1 3.15145E-1 3.16163E-1 3.12212E-1 3.08681E-1 3.1232E-1 3.10563E-1 3.09581E-1 3.09514E-1 3.05113E-1 3.05813E-1 3.08123E-1 3.09374E-1 3.07176E-1 3.05505E-1 3.02284E-1 3.02467E-1 3.00125E-1 2.95742E-1 2.9729E-1 2.96921E-1 3.00821E-1 2.982E-1 2.93674E-1 3.01056E-1 2.92422E-1 2.85387E-1 2.89819E-1 2.88763E-1 3.01863E-1 3.18053E-1 2.96721E-1 2.9613E-1 2.9871E-1 2.98296E-1 2.95506E-1 2.98698E-1 3.01334E-1 2.98144E-1 3.09497E-1
9.79938E-1 5.3508E-1 3.6791E-1 3.19477E-1 2.9959E-1 2.91195E-1 2.85205E-1 2.87394E-1 2.89128E-1 3.24913E-1 3.1738E-1 3.08414E-1 3.11003E-1 3.1247E-1 3.21518E-1 3.26598E-1 3.25701E-1 3.25704E-1 3.26678E-1 3.14268E-1 3.13769E-1 3.15404E-1 3.19348E-1 3.22181E-1 3.19867E-1 3.21108E-1 3.2019E-1 3.18252E-1 3.15133E-1 3.15799E-1 3.1368E-1 3.13668E-1 3.1243E-1 3.11859E-1 3.08528E-1 3.09044E-1 3.0609E-1 3.04405E-1 3.01005E-1 2.99082E-1 2.9831E-1 2.9599E-1 2.99535E-1 2.98296E-1 2.98008E-1 2.95107E-1 2.88815E-1 2.90901E-1 2.88165E-1 2.94186E-1 3.05057E-1 3.08504E-1 2.97262E-1 2.91485E-1 2.92435E-1 2.94127E-1 2.95907E-1 2.97101E-1 2.98959E-1 3.05125E-1 3.08759E-1
9.7275E-1 9.76312E-1 3.94071E-1 3.50676E-1 3.19326E-1 3.0796E-1 3.03637E-1 2.95415E-1 2.99748E-1 3.02806E-1 3.03059E-1 3.0671E-1 3.11392E-1 3.07717E-1 3.07855E-1 3.40833E-1 3.38494E-1 3.50018E-1 3.34654E-1 3.21967E-1 3.19292E-1 3.25316E-1 3.26427E-1 3.28622E-1 3.27804E-1 3.30578E-1 3.30692E-1 3.26748E-1 3.21083E-1 3.23112E-1 3.24829E-1 3.20321E-1 3.12935E-1 3.12557E-1 3.16965E-1 3.15016E-1 3.13636E-1 3.16198E-1 3.14751E-1 3.06616E-1 2.99962E-1 2.99861E-1 3.00351E-1 2.99046E-1 2.95934E-1 2.95063E-1 2.93339E-1 2.8862E-1 2.89706E-1 2.88172E-1 2.91366E-1 2.90268E-1 2.92694E-1 2.96973E-1 2.94124E-1 2.94818E-1 2.9521E-1 2.97602E-1 3.00107E-1 3.06381E-1 3.06064E-1
9.80292E-1 -9999 4.81462E-1 3.79875E-1 3.39761E-1 3.20718E-1 3.14697E-1 3.06687E-1 3.12367E-1 3.15579E-1 3.17746E-1 3.07841E-1 3.12667E-1 3.13817E-1 3.28666E-1 3.46866E-1 3.45081E-1 3.34661E-1 3.22715E-1 3.20431E-1 3.2113E-1 3.2754E-1 3.27318E-1 3.28177E-1 3.30585E-1 3.31594E-1 3.28463E-1 3.28597E-1 3.31836E-1 3.34922E-1 3.33408E-1 3.24195E-1 3.18474E-1 3.21889E-1 3.22302E-1 3.22829E-1 3.20231E-1 3.16234E-1 3.15019E-1 3.11379E-1 3.10295E-1 3.06367E-1 3.0559E-1 3.05174E-1 3.04669E-1 3.03052E-1 2.98821E-1 2.97444E-1 2.96811E-1 3.08698E-1 3.02356E-1 3.04819E-1 3.04108E-1 3.05293E-1 3.00453E-1 2.98625E-1 3.00856E-1 3.04075E-1 3.05515E-1 3.11097E-1 3.21005E-1
9.81025E-1 -9999 -9999 3.74996E-1 3.4465E-1 3.20066E-1 3.1097E-1 3.13899E-1 3.20737E-1 3.20279E-1 3.13744E-1 3.14038E-1 3.10138E-1 3.12334E-1 3.16264E-1 3.30232E-1 3.26521E-1 3.2073E-1 3.2037E-1 3.22307E-1 3.28063E-1 3.34161E-1 3.38406E-1 3.36731E-1 3.31687E-1 3.31457E-1 3.39508E-1 3.37207E-1 3.31327E-1 3.31706E-1 3.25512E-1 3.25187E-1 3.30306E-1 3.27747E-1 3.24703E-1 3.21907E-1 3.19953E-1 3.20162E-1 3.18718E-1 3.18477E-1 3.15152E-1 3.18815E-1 3.1734E-1 3.19082E-1 3.13605E-1 3.08235E-1 3.07028E-1 3.08759E-1 3.01388E-1 2.97189E-1 2.98415E-1 3.03662E-1 3.00866E-1 2.99302E-1 2.99659E-1 3.02221E-1 3.04291E-1 3.09924E-1 3.09509E-1 3.20111E-1 3.26059E-1
4.02686E-1 6.81258E-1 4.02959E-1 3.50931E-1 3.32119E-1 3.27831E-1 3.20131E-1 3.26274E-1 3.24809E-1 3.1759E-1 3.15637E-1 3.11345E-1 3.20975E-1 3.20421E-1 3.19689E-1 3.17321E-1 3.16499E-1 3.19448E-1 3.29922E-1 3.31232E-1 3.39519E-1 3.3077E-1 3.2894E-1 3.32819E-1 3.3565E-1 3.42365E-1 3.409E-1 3.36002E-1 3.36594E-1 3.33831E-1 3.33716E-1 3.31381E-1 3.30697E-1 3.29809E-1 3.29055E-1 3.30324E-1 3.27963E-1 3.2616E-1 3.25672E-1 3.28416E-1 3.27033E-1 3.26186E-1 3.27379E-1 3.25998E-1 3.07862E-1 3.05075E-1 2.98944E-1 2.9864E-1 2.95641E-1 2.96952E-1 2.98817E-1 2.99476E-1 3.02635E-1 2.99474E-1 3.0613E-1 3.06177E-1 3.15795E-1 3.181E-1 3.2055E-1 3.2207E-1 3.28648E-1
9.75106E-1 3.91818E-1 3.56284E-1 3.41372E-1 3.31384E-1 3.28647E-1 3.24612E-1 3.22845E-1 3.19177E-1 3.166E-1 3.20307E-1 3.13792E-1 3.15254E-1 3.20005E-1 3.15872E-1 3.17889E-1 3.19121E-1 3.16243E-1 3.22924E-1 3.35378E-1 3.383E-1 3.38469E-1 3.39731E-1 3.42989E-1 3.40057E-1 3.41232E-1 3.42273E-1 3.42636E-1 3.38394E-1 3.36896E-1 3.33097E-1 3.34973E-1 3.33824E-1 3.35515E-1 3.34811E-1 3.33482E-1 3.32556E-1 3.33386E-1 3.45104E-1 3.40793E-1 3.37102E-1 3.36158E-1 3.25266E-1 3.14742E-1 3.10449E-1 3.04922E-1 2.98726E-1 3.01857E-1 2.98536E-1 2.96731E-1 3.09626E-1 3.09133E-1 3.09529E-1 3.12447E-1 3.05019E-1 3.15716E-1 3.18711E-1 3.15363E-1 3.25365E-1 3.26078E-1 3.36267E-1
5.46135E-1 3.62207E-1 3.53225E-1 3.42781E-1 3.39255E-1 3.29034E-1 3.28732E-1 3.30371E-1 3.26912E-1 3.25257E-1 3.22416E-1 3.19598E-1 3.3004E-1 3.28505E-1 3.25008E-1 3.25978E-1 3.24448E-1 3.22587E-1 3.22334E-1 3.31357E-1 3.34341E-1 3.36203E-1 3.38839E-1 3.48448E-1 3.51919E-1 3.44928E-1 3.45489E-1 3.4411E-1 3.42915E-1 3.40934E-1 3.41558E-1 3.44599E-1 3.48378E-1 3.45025E-1 3.37659E-1 3.3869E-1 3.42324E-1 3.49664E-1 3.64195E-1 3.54008E-1 3.46392E-1 3.371E-1 3.23594E-1 3.14347E-1 3.08847E-1 3.0876E-1 3.05371E-1 3.01064E-1 2.99352E-1 2.96714E-1 2.96374E-1 3.03692E-1 3.05612E-1 3.18558E-1 3.51233E-1 3.15653E-1 3.19735E-1 3.23435E-1 3.30311E-1 3.37252E-1 3.48657E-1
4.66116E-1 3.64953E-1 3.64032E-1 3.42768E-1 3.42492E-1 3.35337E-1 3.33057E-1 3.3617E-1 3.35676E-1 3.33136E-1 3.32306E-1 3.35479E-1 3.36241E-1 3.36036E-1 3.32513E-1 3.30822E-1 3.3308E-1 3.29651E-1 3.32844E-1 3.42461E-1 3.32962E-1 3.3793E-1 3.41368E-1 3.47008E-1 3.49715E-1 3.49232E-1 3.50949E-1 3.49874E-1 3.51148E-1 3.48902E-1 3.50395E-1 3.50901E-1 3.49385E-1 3.43661E-1 3.45515E-1 3.38235E-1 3.44633E-1 3.56728E-1 3.49645E-1 3.43731E-1 3.33039E-1 3.2592E-1 3.21485E-1 3.20999E-1 3.15702E-1 3.08283E-1 3.06561E-1 3.03105E-1 3.05041E-1 3.06588E-1 3.07857E-1 3.13767E-1 3.13155E-1 3.13441E-1 3.33454E-1 3.14744E-1 3.1797E-1 3.2712E-1 3.29942E-1 3.4466E-1 4.08726E-1
3.58317E-1 4.08656E-1 3.62162E-1 3.58263E-1 3.52402E-1 3.48751E-1 3.48099E-1 3.44908E-1 3.46716E-1 3.35634E-1 3.4114E-1 3.40757E-1 3.35895E-1 3.41626E-1 3.45247E-1 3.34586E-1 3.37268E-1 3.37766E-1 3.37819E-1 3.41688E-1 3.43232E-1 3.43883E-1 3.48497E-1 3.62924E-1 3.65059E-1 3.63703E-1 3.5975E-1 3.5779E-1 3.57472E-1 3.58069E-1 3.55224E-1 3.55835E-1 3.60541E-1 3.49827E-1 3.52019E-1 3.44772E-1 3.65695E-1 3.60731E-1 3.45507E-1 3.4304E-1 3.33137E-1 3.32788E-1 3.33629E-1 3.29618E-1 3.23304E-1 3.1914E-1 3.17519E-1 3.04709E-1 3.06732E-1 3.0519E-1 3.1038E-1 3.21869E-1 3.23046E-1 3.15587E-1 3.14512E-1 3.18683E-1 3.2142E-1 3.29313E-1 3.36559E-1 3.5165E-1 4.09606E-1
3.56521E-1 3.67241E-1 3.62366E-1 3.59464E-1 3.5898E-1 3.56664E-1 3.52267E-1 3.46727E-1 3.48239E-1 3.59444E-1 3.52266E-1 3.49384E-1 3.48772E-1 3.49266E-1 3.4118E-1 3.41626E-1 3.46222E-1 3.45707E-1 3.45571E-1 3.4927E-1 3.48458E-1 3.51242E-1 3.53711E-1 3.60206E-1 3.59657E-1 3.545E-1 3.60004E-1 3.64863E-1 3.68879E-1 3.62808E-1 3.60152E-1 3.55359E-1 3.61905E-1 3.55131E-1 3.91319E-1 4.56122E-1 4.42046E-1 4.04704E-1 3.74733E-1 3.47582E-1 3.40986E-1 3.39652E-1 3.34093E-1 3.40789E-1 3.33622E-1 3.21842E-1 3.15554E-1 3.12302E-1 3.08471E-1 3.10761E-1 3.12E-1 3.19062E-1 3.34332E-1 3.34959E-1 3.20625E-1 3.24013E-1 3.29939E-1 3.32839E-1 3.39199E-1 3.4753E-1 3.85519E-1
3.51731E-1 3.5284E-1 3.60504E-1 3.57535E-1 3.55129E-1 3.54119E-1 3.46576E-1 3.48867E-1 3.5805E-1 3.61404E-1 3.51579E-1 3.48812E-1 3.52778E-1 3.51165E-1 3.42759E-1 3.47614E-1 3.52673E-1 3.53561E-1 3.45819E-1 3.49613E-1 3.4458E-1 3.4882E-1 3.62581E-1 3.5387E-1 3.51407E-1 3.57005E-1 3.58732E-1 3.60845E-1 3.63497E-1 3.64421E-1 3.65349E-1 3.68451E-1 3.77529E-1 4.3788E-1 4.87234E-1 4.28691E-1 4.01277E-1 3.85674E-1 3.63938E-1 3.53477E-1 3.49027E-1 3.46381E-1 3.40288E-1 3.40467E-1 3.29426E-1 3.23958E-1 3.14436E-1 3.15994E-1 3.14984E-1 3.13976E-1 3.11165E-1 3.16919E-1 3.25349E-1 3.33306E-1 3.29665E-1 3.29624E-1 3.32055E-1 3.38465E-1 3.50111E-1 3.44583E-1 3.49991E-1
3.45119E-1 3.44808E-1 3.47441E-1 3.50165E-1 3.53068E-1 3.56699E-1 3.58921E-1 3.65382E-1 3.71207E-1 3.64147E-1 3.63735E-1 3.6453E-1 3.74123E-1 3.80651E-1 3.63304E-1 3.58371E-1 3.54795E-1 3.6347E-1 3.5863E-1 3.48959E-1 3.48307E-1 3.49915E-1 3.53766E-1 3.60642E-1 3.57681E-1 3.60727E-1 3.61728E-1 3.75728E-1 3.7239E-1 3.71585E-1 3.68924E-1 3.90459E-1 4.97717E-1 4.9136E-1 4.17786E-1 3.92969E-1 3.628E-1 3.57057E-1 3.62188E-1 3.70196E-1 3.57234E-1 3.42372E-1 3.36369E-1 3.3371E-1 3.29401E-1 3.21195E-1 3.16153E-1 3.1144E-1 3.1341E-1 3.21029E-1 3.16862E-1 3.14775E-1 3.30448E-1 3.33264E-1 3.32149E-1 3.40855E-1 3.43341E-1 3.4553E-1 3.48549E-1 3.50538E-1 3.50131E-1
3.37525E-1 3.39007E-1 3.41274E-1 3.4521E-1 3.4995E-1 3.55249E-1 3.5893E-1 3.65221E-1 3.61657E-1 3.58369E-1 3.63283E-1 3.62818E-1 3.68864E-1 3.73957E-1 3.60379E-1 3.59121E-1 3.64745E-1 3.56031E-1 3.46812E-1 3.46909E-1 3.44227E-1 3.47071E-1 3.46826E-1 3.56745E-1 3.59559E-1 3.64645E-1 3.6886E-1 3.76289E-1 3.70643E-1 3.74918E-1 3.80441E-1 4.60544E-1 4.86155E-1 4.005E-1 3.82076E-1 3.72706E-1 3.64623E-1 3.59947E-1 3.59892E-1 3.52986E-1 3.46167E-1 3.37175E-1 3.34133E-1 3.3024E-1 3.24878E-1 3.19704E-1 3.22391E-1 3.19456E-1 3.16964E-1 3.41788E-1 3.44286E-1 3.32684E-1 3.28236E-1 3.45243E-1 3.41222E-1 3.47205E-1 3.44914E-1 3.45295E-1 3.48602E-1 3.48511E-1 3.56314E-1
3.39866E-1 3.41167E-1 3.4012E-1 3.49586E-1 3.54124E-1 3.59225E-1 3.61973E-1 3.62698E-1 3.64301E-1 3.59707E-1 3.59837E-1 3.59642E-1 3.64015E-1 3.58505E-1 3.62686E-1 3.67798E-1 3.60847E-1 3.48495E-1 3.50868E-1 3.54257E-1 3.49321E-1 3.51281E-1 3.56768E-1 3.60334E-1 3.56693E-1 3.66086E-1 3.66077E-1 3.72239E-1 3.76864E-1 3.75922E-1 3.86014E-1 4.69102E-1 4.00437E-1 3.78889E-1 3.79403E-1 3.7597E-1 3.68865E-1 3.63329E-1 3.63278E-1 3.53735E-1 3.45734E-1 3.44147E-1 3.35989E-1 3.29044E-1 3.27878E-1 3.19174E-1 3.16521E-1 3.19198E-1 3.18018E-1 3.27547E-1 3.50485E-1 3.40332E-1 3.26457E-1 3.30573E-1 3.36271E-1 3.50543E-1 3.58652E-1 3.49226E-1 3.52067E-1 3.59262E-1 3.54703E-1
3.37309E-1 3.37366E-1 3.36685E-1 3.46959E-1 3.5482E-1 3.59189E-1 3.61496E-1 3.62161E-1 3.66987E-1 3.58438E-1 3.54923E-1 3.63343E-1 3.63071E-1 3.6516E-1 3.60191E-1 3.52757E-1 3.52492E-1 3.50977E-1 3.5161E-1 3.50988E-1 3.46414E-1 3.45179E-1 3.53128E-1 3.61284E-1 3.58267E-1 3.71584E-1 3.69416E-1 3.73699E-1 3.7691E-1 3.81542E-1 3.86796E-1 4.12853E-1 3.96482E-1 3.79546E-1 3.73051E-1 3.7189E-1 3.70389E-1 3.68622E-1 3.63662E-1 3.55062E-1 3.46853E-1 3.44353E-1 3.4009E-1 3.39339E-1 3.38455E-1 3.27889E-1 3.19009E-1 3.17732E-1 3.16578E-1 3.21923E-1 3.25415E-1 3.24289E-1 3.33505E-1 3.37228E-1 3.34554E-1 3.45377E-1 3.55291E-1 3.53144E-1 3.57551E-1 3.88634E-1 3.67297E-1
3.38001E-1 3.40102E-1 3.42476E-1 3.48861E-1 3.50328E-1 3.57468E-1 3.5674E-1 3.58279E-1 3.61847E-1 3.64077E-1 3.71808E-1 3.60764E-1 3.59769E-1 3.68459E-1 3.63964E-1 3.50659E-1 3.50893E-1 3.49332E-1 3.44827E-1 3.46465E-1 3.4524E-1 3.47272E-1 3.47521E-1 3.57149E-1 3.54082E-1 3.60765E-1 3.62212E-1 3.65666E-1 3.68786E-1 3.7462E-1 3.83225E-1 4.0562E-1 3.89178E-1 3.79954E-1 3.76192E-1 3.7218E-1 3.69619E-1 3.72214E-1 3.60569E-1 3.54153E-1 3.52285E-1 3.44244E-1 3.38105E-1 3.36257E-1 3.38803E-1 3.31405E-1 3.26116E-1 3.49863E-1 3.251E-1 3.26706E-1 3.24693E-1 3.27086E-1 3.26448E-1 3.40338E-1 3.45661E-1 3.49598E-1 3.56085E-1 3.58017E-1 3.75906E-1 4.2592E-1 4.03454E-1
3.42066E-1 3.43102E-1 3.43535E-1 3.48933E-1 3.50289E-1 3.52492E-1 3.53664E-1 3.59891E-1 3.64028E-1 3.62146E-1 3.70122E-1 3.61772E-1 3.58184E-1 3.6519E-1 3.57612E-1 3.49878E-1 3.47372E-1 3.46028E-1 3.41347E-1 3.4215E-1 3.42324E-1 3.45855E-1 3.51117E-1 3.51301E-1 3.53319E-1 3.5061E-1 3.54755E-1 3.62597E-1 3.70261E-1 3.72966E-1 3.96888E-1 3.93083E-1 3.81658E-1 3.837E-1 3.7495E-1 3.71429E-1 3.70523E-1 3.66277E-1 3.6235E-1 3.5775E-1 3.52647E-1 3.47944E-1 3.37564E-1 3.39536E-1 3.3392E-1 3.30396E-1 3.25618E-1 3.70649E-1 3.35756E-1 3.30895E-1 3.30476E-1 3.36628E-1 3.3718E-1 3.49175E-1 3.60311E-1 3.53991E-1 3.57928E-1 3.71185E-1 3.77624E-1 3.96951E-1 4.64679E-1
3.33299E-1 3.36827E-1 3.38047E-1 3.42289E-1 3.47665E-1 3.56525E-1 3.66881E-1 3.60882E-1 3.74566E-1 3.73771E-1 3.71479E-1 3.69889E-1 3.58639E-1 3.57503E-1 3.57038E-1 3.5913E-1 3.44204E-1 3.41526E-1 3.4493E-1 3.42686E-1 3.41528E-1 3.53247E-1 3.49668E-1 3.49699E-1 3.50525E-1 3.60299E-1 3.58565E-1 3.61523E-1 3.67059E-1 4.00447E-1 4.03668E-1 3.77154E-1 3.7927E-1 3.7455E-1 3.74413E-1 3.70939E-1 3.69417E-1 3.65679E-1 3.64161E-1 3.60565E-1 3.58504E-1 3.56725E-1 3.43622E-1 3.41231E-1 3.3943E-1 3.36891E-1 3.30986E-1 3.60269E-1 3.43271E-1 3.50992E-1 3.47295E-1 3.41854E-1 3.61742E-1 3.68195E-1 3.65001E-1 3.60855E-1 3.70056E-1 3.76354E-1 3.88494E-1 4.06282E-1 4.74573E-1
3.30627E-1 3.35488E-1 3.37511E-1 3.39998E-1 3.39158E-1 3.44967E-1 3.51909E-1 3.61377E-1 3.66369E-1 3.70757E-1 3.6662E-1 3.69843E-1 3.58301E-1 3.63309E-1 3.75772E-1 3.43823E-1 3.42433E-1 3.40415E-1 3.46189E-1 3.43026E-1 3.42935E-1 3.43443E-1 3.45842E-1 3.48612E-1 3.43244E-1 3.4934E-1 3.59391E-1 3.61152E-1 3.66428E-1 3.88874E-1 3.75289E-1 3.72526E-1 3.73375E-1 3.74465E-1 3.73355E-1 3.75902E-1 3.69762E-1 3.69582E-1 3.6435E-1 3.60947E-1 3.60699E-1 3.59485E-1 3.53788E-1 3.49055E-1 3.41758E-1 3.42597E-1 3.44107E-1 3.46633E-1 3.54245E-1 3.54342E-1 3.49527E-1 3.57572E-1 3.83028E-1 4.00203E-1 3.87931E-1 3.79282E-1 3.80112E-1 4.04164E-1 4.06265E-1 4.19563E-1 4.36986E-1
3.38041E-1 3.33272E-1 3.35112E-1 3.36888E-1 3.39085E-1 3.40206E-1 3.486E-1 3.59313E-1 3.60889E-1 3.57553E-1 3.59449E-1 3.53798E-1 3.50781E-1 3.49372E-1 3.42239E-1 3.52431E-1 3.71457E-1 3.40862E-1 3.42307E-1 3.5178E-1 3.50104E-1 3.47743E-1 3.47112E-1 3.48377E-1 3.48692E-1 3.52145E-1 3.53783E-1 3.64622E-1 3.71831E-1 3.65565E-1 3.65671E-1 3.66846E-1 3.64958E-1 3.70506E-1 3.73661E-1 3.70461E-1 3.71915E-1 3.65105E-1 3.63611E-1 3.61639E-1 3.61738E-1 3.58107E-1 3.61194E-1 3.59204E-1 3.55214E-1 3.53964E-1 3.565E-1 3.60401E-1 3.60107E-1 3.65708E-1 3.71344E-1 3.92779E-1 4.56641E-1 4.12348E-1 4.32296E-1 4.05153E-1 3.94821E-1 4.13193E-1 4.10449E-1 4.32892E-1 4.51139E-1
