maxent_outputs/white_flowers_troch_bombus_environ/white_91.asc
ncols         426
nrows         180
xllcorner     -130.0
yllcorner     24.0
cellsize      0.16666666666666666
NODATA_value  -9999
[rows 0 to 26 of 180, columns 305 to 365 of 426]
1.60356E-1 1.33889E-1 1.25291E-1 1.16183E-1 1.06726E-1 1.04133E-1 1.04245E-1 1.09026E-1 1.14978E-1 1.20304E-1 1.20302E-1 1.18041E-1 1.18935E-1 1.28526E-1 1.4315E-1 1.7446E-1 1.76776E-1 1.47258E-1 1.32211E-1 1.24057E-1 1.38382E-1 1.60024E-1 1.69229E-1 1.64569E-1 1.44262E-1 1.16954E-1 1.15959E-1 1.21666E-1 1.28625E-1 1.05304E-1 9.67428E-2 1.04922E-1 9.17077E-2 1.04179E-1 1.39626E-1 1.28022E-1 1.20396E-1 8.94466E-2 8.05723E-2 8.22982E-2 7.49097E-2 7.49377E-2 7.70881E-2 8.10632E-2 7.7036E-2 7.48075E-2 7.34293E-2 7.53758E-2 7.23243E-2 7.12151E-2 7.22782E-2 7.17515E-2 6.98202E-2 7.50901E-2 7.48052E-2 7.26174E-2 7.95943E-2 7.25901E-2 6.7025E-2 6.97661E-2 7.28583E-2
1.77283E-1 1.39185E-1 1.40731E-1 1.29574E-1 1.25072E-1 1.21839E-1 1.26896E-1 1.31433E-1 1.33563E-1 1.50305E-1 1.89751E-1 2.10886E-1 2.13467E-1 2.13046E-1 1.97168E-1 1.61558E-1 1.60917E-1 1.49456E-1 1.45129E-1 1.56357E-1 1.66546E-1 1.80112E-1 1.88623E-1 1.73541E-1 1.5856E-1 1.59062E-1 1.36391E-1 1.19617E-1 1.108E-1 1.12868E-1 1.07974E-1 1.04519E-1 9.72893E-2 9.18994E-2 8.79619E-2 8.72918E-2 8.41926E-2 8.28104E-2 8.19972E-2 8.07116E-2 7.71231E-2 7.79393E-2 7.71554E-2 7.69702E-2 7.6967E-2 7.62419E-2 7.5659E-2 7.71895E-2 7.33069E-2 7.317E-2 6.99458E-2 7.33788E-2 7.47259E-2 7.53062E-2 7.28402E-2 6.93605E-2 6.68346E-2 6.85579E-2 6.78804E-2 6.94405E-2 7.07097E-2
2.39809E-1 1.45603E-1 1.28182E-1 1.17714E-1 1.18608E-1 1.18065E-1 1.23314E-1 1.29516E-1 1.26875E-1 1.3112E-1 1.80592E-1 1.91663E-1 1.96454E-1 1.86354E-1 1.74613E-1 1.84363E-1 1.69439E-1 1.46537E-1 1.26278E-1 1.36208E-1 1.6795E-1 1.48484E-1 1.38624E-1 1.23501E-1 1.17355E-1 1.23893E-1 1.18078E-1 1.14078E-1 1.09964E-1 1.05156E-1 9.61251E-2 8.99725E-2 9.01117E-2 8.96531E-2 8.79644E-2 8.26971E-2 8.16856E-2 8.19738E-2 8.13017E-2 7.835E-2 7.90017E-2 7.78849E-2 7.86977E-2 8.24941E-2 8.24855E-2 7.30701E-2 7.33179E-2 7.41135E-2 7.88868E-2 7.57262E-2 7.13769E-2 7.17329E-2 6.74769E-2 6.94103E-2 7.34498E-2 6.89794E-2 6.80334E-2 6.88423E-2 6.87115E-2 6.88588E-2 6.86347E-2
1.78229E-1 1.5172E-1 1.35273E-1 1.25332E-1 1.19688E-1 1.18186E-1 1.32452E-1 1.39702E-1 1.25451E-1 1.28948E-1 1.37745E-1 1.29785E-1 1.35072E-1 1.40246E-1 1.50811E-1 1.6549E-1 1.43812E-1 1.3284E-1 1.29615E-1 1.42954E-1 1.37456E-1 1.18442E-1 1.15781E-1 1.05602E-1 1.06778E-1 1.04772E-1 1.08956E-1 1.09938E-1 1.0303E-1 9.82596E-2 1.04454E-1 9.86547E-2 9.03276E-2 8.85886E-2 8.43307E-2 8.62109E-2 8.68945E-2 9.18225E-2 8.04434E-2 7.65343E-2 8.19822E-2 7.93214E-2 7.5821E-2 8.11353E-2 7.83953E-2 7.38897E-2 7.17224E-2 7.12543E-2 7.46804E-2 7.66163E-2 7.1126E-2 6.91916E-2 6.92042E-2 6.84718E-2 6.93084E-2 6.90699E-2 6.85553E-2 6.79917E-2 6.73268E-2 6.77E-2 7.3438E-2
4.3341E-1 1.60134E-1 1.39084E-1 1.2988E-1 1.19962E-1 1.14209E-1 1.14818E-1 1.26671E-1 1.25232E-1 1.34188E-1 1.27357E-1 1.20869E-1 1.33106E-1 1.48942E-1 1.74612E-1 1.5006E-1 1.40883E-1 1.36224E-1 1.29136E-1 1.22976E-1 1.16074E-1 1.13794E-1 1.17983E-1 1.11655E-1 1.08426E-1 1.06505E-1 1.19766E-1 1.04076E-1 1.00575E-1 9.79121E-2 9.52731E-2 9.29882E-2 9.15884E-2 9.05459E-2 8.85375E-2 8.73604E-2 8.6563E-2 8.54709E-2 8.0538E-2 7.99533E-2 7.87382E-2 7.51579E-2 7.58786E-2 7.55969E-2 7.48614E-2 7.45572E-2 7.27685E-2 7.0705E-2 7.26806E-2 7.81388E-2 7.20331E-2 7.00375E-2 6.78427E-2 6.76382E-2 6.63163E-2 6.63316E-2 6.88252E-2 6.90967E-2 6.93027E-2 7.31136E-2 7.25704E-2
4.64473E-1 1.75421E-1 1.53564E-1 1.35133E-1 1.29982E-1 1.28024E-1 1.16259E-1 1.21213E-1 1.22658E-1 1.21875E-1 1.22867E-1 1.23573E-1 1.23474E-1 1.49448E-1 1.53239E-1 1.42536E-1 1.32759E-1 1.27637E-1 1.23144E-1 1.24626E-1 1.17817E-1 1.1348E-1 1.13803E-1 1.10915E-1 1.05102E-1 1.02734E-1 1.06476E-1 1.03565E-1 1.041E-1 1.02637E-1 9.61472E-2 9.68692E-2 9.7526E-2 9.14157E-2 9.04105E-2 8.84852E-2 8.6144E-2 8.4702E-2 8.41314E-2 8.25209E-2 8.01892E-2 7.75475E-2 7.51797E-2 7.59291E-2 7.47113E-2 7.29032E-2 7.34855E-2 7.62185E-2 8.35457E-2 8.33723E-2 7.56514E-2 7.0839E-2 6.82617E-2 6.81942E-2 6.64204E-2 6.77241E-2 6.37579E-2 6.09109E-2 6.40179E-2 6.84132E-2 7.03821E-2
4.83079E-1 2.59245E-1 1.72698E-1 1.5073E-1 1.28765E-1 1.23442E-1 1.23883E-1 1.24684E-1 1.22802E-1 1.30241E-1 1.32898E-1 1.24932E-1 1.34303E-1 1.45993E-1 1.54024E-1 1.42991E-1 1.39783E-1 1.36411E-1 1.34672E-1 1.26443E-1 1.19865E-1 1.18147E-1 1.15187E-1 1.0943E-1 1.04211E-1 9.87438E-2 1.03646E-1 1.03562E-1 9.97325E-2 9.77895E-2 9.42296E-2 9.50619E-2 9.90295E-2 9.92776E-2 9.4018E-2 8.92349E-2 8.6047E-2 8.48398E-2 8.2952E-2 8.08883E-2 7.87353E-2 7.68412E-2 7.81114E-2 7.66619E-2 7.20334E-2 7.63466E-2 7.45025E-2 7.38874E-2 7.66771E-2 7.61145E-2 8.31032E-2 9.19541E-2 7.36283E-2 7.20824E-2 6.97787E-2 6.91004E-2 6.5609E-2 6.71901E-2 6.87056E-2 6.55417E-2 7.07324E-2
4.94376E-1 3.66455E-1 1.82868E-1 1.51981E-1 1.38562E-1 1.32439E-1 1.27272E-1 1.2599E-1 1.3068E-1 1.6082E-1 1.49763E-1 1.38726E-1 1.3754E-1 1.38971E-1 1.47363E-1 1.50162E-1 1.43266E-1 1.42347E-1 1.44012E-1 1.24517E-1 1.22116E-1 1.21652E-1 1.20063E-1 1.16206E-1 1.09591E-1 1.05183E-1 1.07857E-1 1.07864E-1 1.00483E-1 1.00087E-1 9.65928E-2 9.79662E-2 9.96056E-2 9.78107E-2 9.29733E-2 9.00483E-2 8.55063E-2 8.27985E-2 8.06792E-2 8.00597E-2 7.94561E-2 7.97221E-2 7.95418E-2 7.86256E-2 7.69227E-2 7.59744E-2 7.45628E-2 7.38342E-2 7.24836E-2 7.6744E-2 8.22572E-2 8.40763E-2 7.45516E-2 7.09727E-2 6.901E-2 6.99141E-2 6.90892E-2 6.8952E-2 6.64728E-2 7.01865E-2 7.11587E-2
4.86664E-1 4.91514E-1 2.11286E-1 1.77525E-1 1.59105E-1 1.46973E-1 1.43188E-1 1.35331E-1 1.37244E-1 1.38752E-1 1.34036E-1 1.33314E-1 1.38598E-1 1.33103E-1 1.34912E-1 1.71448E-1 1.60773E-1 1.71593E-1 1.55245E-1 1.32965E-1 1.2713E-1 1.26096E-1 1.21558E-1 1.19657E-1 1.14636E-1 1.11593E-1 1.15075E-1 1.11821E-1 1.03447E-1 1.02882E-1 1.04563E-1 9.91879E-2 9.35605E-2 9.35075E-2 9.45364E-2 9.03031E-2 8.76856E-2 8.86735E-2 8.63888E-2 8.26094E-2 8.35968E-2 8.45903E-2 8.36624E-2 8.194E-2 7.85319E-2 7.78741E-2 7.47354E-2 7.42904E-2 7.31879E-2 7.27774E-2 7.54946E-2 7.50439E-2 7.45326E-2 7.1731E-2 7.20408E-2 7.51285E-2 7.53639E-2 7.23631E-2 6.81476E-2 6.86479E-2 7.00282E-2
4.93527E-1 -9999 3.07531E-1 2.17015E-1 1.84051E-1 1.66959E-1 1.59118E-1 1.47173E-1 1.49158E-1 1.52449E-1 1.53332E-1 1.3907E-1 1.47328E-1 1.40963E-1 1.53187E-1 1.69987E-1 1.66905E-1 1.51598E-1 1.31219E-1 1.24575E-1 1.20726E-1 1.20933E-1 1.20426E-1 1.20252E-1 1.18712E-1 1.15169E-1 1.11895E-1 1.12949E-1 1.11706E-1 1.09796E-1 1.11096E-1 1.0384E-1 9.67683E-2 9.61939E-2 9.68006E-2 9.5227E-2 9.20508E-2 8.87287E-2 8.79367E-2 8.76311E-2 8.49872E-2 8.4498E-2 8.56693E-2 8.58038E-2 8.4246E-2 8.36875E-2 7.91424E-2 7.64617E-2 7.24869E-2 7.42547E-2 6.99651E-2 6.54952E-2 6.82297E-2 6.95862E-2 7.60422E-2 7.63265E-2 7.82703E-2 7.41356E-2 7.05508E-2 7.44898E-2 7.58152E-2
4.94003E-1 -9999 -9999 2.09714E-1 1.94151E-1 1.75406E-1 1.61881E-1 1.61232E-1 1.65748E-1 1.619E-1 1.53722E-1 1.48063E-1 1.4074E-1 1.39656E-1 1.41122E-1 1.53584E-1 1.48729E-1 1.35889E-1 1.32544E-1 1.29564E-1 1.26891E-1 1.25778E-1 1.28824E-1 1.29053E-1 1.2129E-1 1.19462E-1 1.21307E-1 1.19506E-1 1.14163E-1 1.13469E-1 1.10002E-1 1.05233E-1 1.03843E-1 1.00195E-1 9.86818E-2 9.88366E-2 9.61798E-2 9.5325E-2 9.20243E-2 8.90565E-2 8.70574E-2 8.30657E-2 8.22663E-2 7.84405E-2 7.79058E-2 7.43861E-2 6.92111E-2 7.22329E-2 6.54595E-2 6.16464E-2 5.91628E-2 6.25379E-2 6.77552E-2 7.00538E-2 7.08159E-2 7.19259E-2 7.55531E-2 7.99059E-2 7.52504E-2 8.04007E-2 8.30619E-2
2.25292E-1 5.15628E-1 2.63199E-1 2.02484E-1 1.90556E-1 1.81682E-1 1.6961E-1 1.72647E-1 1.66372E-1 1.54984E-1 1.49003E-1 1.41317E-1 1.45262E-1 1.43974E-1 1.4259E-1 1.39174E-1 1.3363E-1 1.30335E-1 1.37674E-1 1.44574E-1 1.37802E-1 1.28943E-1 1.22167E-1 1.19838E-1 1.19368E-1 1.24579E-1 1.22676E-1 1.16867E-1 1.14453E-1 1.11075E-1 1.09529E-1 1.0742E-1 1.0834E-1 1.05354E-1 1.03459E-1 1.01837E-1 1.01194E-1 9.80029E-2 9.58611E-2 9.02746E-2 8.4601E-2 7.65062E-2 7.14927E-2 7.25037E-2 7.35767E-2 6.77918E-2 6.50677E-2 6.32142E-2 6.45483E-2 6.41266E-2 6.28894E-2 6.55021E-2 7.11151E-2 7.40262E-2 7.02701E-2 6.93897E-2 7.4678E-2 8.10026E-2 8.87871E-2 8.49176E-2 8.7919E-2
4.93435E-1 2.41516E-1 2.14417E-1 2.01297E-1 1.87958E-1 1.79292E-1 1.74629E-1 1.66519E-1 1.53487E-1 1.49777E-1 1.50272E-1 1.41116E-1 1.40295E-1 1.41509E-1 1.40402E-1 1.38976E-1 1.35142E-1 1.28009E-1 1.26967E-1 1.32545E-1 1.288E-1 1.2786E-1 1.28956E-1 1.29752E-1 1.23921E-1 1.20622E-1 1.17969E-1 1.1624E-1 1.15105E-1 1.14751E-1 1.10829E-1 1.1057E-1 1.09112E-1 1.08828E-1 1.07145E-1 1.04793E-1 1.03374E-1 1.01211E-1 9.15709E-2 8.3975E-2 7.69057E-2 7.13396E-2 6.98347E-2 7.76868E-2 7.58126E-2 7.2024E-2 6.8524E-2 7.08184E-2 7.23792E-2 6.89511E-2 7.38086E-2 7.71983E-2 8.24087E-2 8.33545E-2 7.93502E-2 7.94197E-2 8.48254E-2 8.10538E-2 9.31842E-2 9.30713E-2 9.67408E-2
3.9427E-1 2.18336E-1 2.16889E-1 2.03027E-1 1.9317E-1 1.78953E-1 1.73718E-1 1.73713E-1 1.61785E-1 1.56657E-1 1.495E-1 1.46495E-1 1.57992E-1 1.53838E-1 1.43068E-1 1.39509E-1 1.3728E-1 1.32593E-1 1.26605E-1 1.27166E-1 1.27774E-1 1.24934E-1 1.25503E-1 1.33072E-1 1.30026E-1 1.21091E-1 1.17191E-1 1.15801E-1 1.15339E-1 1.11797E-1 1.12516E-1 1.18785E-1 1.15898E-1 1.13138E-1 1.06599E-1 1.05165E-1 1.01964E-1 8.95788E-2 8.7446E-2 8.10025E-2 7.83279E-2 7.77806E-2 7.88753E-2 8.28283E-2 8.30074E-2 8.05739E-2 7.83844E-2 8.02353E-2 7.50044E-2 7.59691E-2 7.46211E-2 8.07308E-2 8.48895E-2 9.41715E-2 1.14189E-1 8.48565E-2 8.87019E-2 8.22115E-2 9.22847E-2 1.02543E-1 1.05384E-1
3.42866E-1 2.27164E-1 2.34866E-1 1.99617E-1 1.95026E-1 1.81365E-1 1.75875E-1 1.8105E-1 1.70729E-1 1.62012E-1 1.58645E-1 1.59302E-1 1.60532E-1 1.56642E-1 1.4787E-1 1.44882E-1 1.44965E-1 1.39496E-1 1.34348E-1 1.35584E-1 1.24549E-1 1.27436E-1 1.29492E-1 1.29771E-1 1.27252E-1 1.24982E-1 1.2554E-1 1.23755E-1 1.21004E-1 1.17341E-1 1.18068E-1 1.19014E-1 1.13664E-1 1.08397E-1 1.05034E-1 1.02548E-1 9.45875E-2 9.28386E-2 9.29345E-2 8.63464E-2 8.61835E-2 9.13472E-2 8.81931E-2 8.49745E-2 8.46014E-2 8.59213E-2 8.90498E-2 8.55841E-2 8.32328E-2 7.70036E-2 8.1197E-2 8.31182E-2 8.35429E-2 8.80349E-2 1.0237E-1 8.96149E-2 8.93882E-2 8.94992E-2 9.46984E-2 1.08098E-1 1.61403E-1
2.29657E-1 2.82952E-1 2.38531E-1 2.18827E-1 2.07681E-1 1.98228E-1 1.95638E-1 1.89874E-1 1.79469E-1 1.62896E-1 1.63683E-1 1.62621E-1 1.58471E-1 1.59404E-1 1.63488E-1 1.45379E-1 1.45293E-1 1.4073E-1 1.36922E-1 1.37029E-1 1.36226E-1 1.3317E-1 1.33132E-1 1.38222E-1 1.41407E-1 1.39998E-1 1.35357E-1 1.31132E-1 1.27204E-1 1.2757E-1 1.23226E-1 1.21698E-1 1.18541E-1 1.09012E-1 1.07742E-1 1.05649E-1 1.11259E-1 1.09927E-1 1.00836E-1 9.57964E-2 9.35023E-2 9.71377E-2 9.22508E-2 8.89546E-2 8.58742E-2 8.64926E-2 9.33185E-2 9.06842E-2 8.94041E-2 8.90054E-2 8.67798E-2 8.61828E-2 8.44145E-2 9.14567E-2 9.1351E-2 9.43299E-2 9.67491E-2 9.59337E-2 9.78342E-2 1.12683E-1 1.59901E-1
2.26894E-1 2.45216E-1 2.33238E-1 2.12333E-1 2.10075E-1 2.0155E-1 1.88073E-1 1.76652E-1 1.72792E-1 1.82153E-1 1.74325E-1 1.67459E-1 1.70939E-1 1.66854E-1 1.51847E-1 1.45582E-1 1.48202E-1 1.47239E-1 1.40991E-1 1.35158E-1 1.33818E-1 1.37627E-1 1.36538E-1 1.3825E-1 1.34536E-1 1.28189E-1 1.30813E-1 1.33006E-1 1.32664E-1 1.24517E-1 1.22835E-1 1.18162E-1 1.17111E-1 1.11173E-1 1.36336E-1 1.91852E-1 1.82239E-1 1.46303E-1 1.20232E-1 1.01633E-1 1.0002E-1 1.00858E-1 9.53266E-2 9.3901E-2 9.34179E-2 9.10065E-2 9.59843E-2 9.29565E-2 9.28728E-2 9.56894E-2 9.2409E-2 8.59656E-2 8.30689E-2 9.32503E-2 8.57949E-2 8.85891E-2 1.00141E-1 9.97556E-2 1.00244E-1 1.07053E-1 1.35654E-1
2.21725E-1 2.1576E-1 2.23346E-1 2.10082E-1 2.08104E-1 1.97675E-1 1.78964E-1 1.75699E-1 1.78796E-1 1.80952E-1 1.69475E-1 1.67053E-1 1.68002E-1 1.67269E-1 1.54586E-1 1.54612E-1 1.5533E-1 1.52865E-1 1.42422E-1 1.41371E-1 1.34757E-1 1.38328E-1 1.4576E-1 1.33533E-1 1.25223E-1 1.27911E-1 1.28023E-1 1.28461E-1 1.27209E-1 1.22432E-1 1.22893E-1 1.25075E-1 1.2676E-1 1.71693E-1 2.23652E-1 1.65955E-1 1.42775E-1 1.2671E-1 1.03172E-1 9.55448E-2 9.48964E-2 9.43302E-2 8.93079E-2 9.24737E-2 9.45123E-2 9.64922E-2 9.96597E-2 9.67987E-2 9.52335E-2 9.22851E-2 9.27421E-2 9.64198E-2 8.72729E-2 8.97433E-2 8.89262E-2 8.35073E-2 8.9734E-2 1.00059E-1 1.03288E-1 1.02239E-1 1.03986E-1
2.06588E-1 2.00746E-1 1.99703E-1 2.00369E-1 2.03531E-1 1.98064E-1 1.94841E-1 1.92824E-1 1.88473E-1 1.77237E-1 1.81533E-1 1.80799E-1 1.94612E-1 1.97535E-1 1.80519E-1 1.65745E-1 1.59142E-1 1.64807E-1 1.55719E-1 1.39629E-1 1.36206E-1 1.33329E-1 1.3207E-1 1.28895E-1 1.25777E-1 1.30588E-1 1.25398E-1 1.32225E-1 1.26206E-1 1.25188E-1 1.21689E-1 1.36388E-1 2.29257E-1 2.18203E-1 1.53623E-1 1.33023E-1 1.08744E-1 1.02126E-1 1.01728E-1 1.01992E-1 9.75312E-2 8.96692E-2 9.0478E-2 8.96536E-2 9.30325E-2 9.41337E-2 1.00168E-1 1.00451E-1 9.94841E-2 1.00407E-1 9.59809E-2 9.83035E-2 9.79851E-2 1.03891E-1 9.29659E-2 8.62449E-2 7.66132E-2 9.57031E-2 1.04885E-1 1.09756E-1 1.03311E-1
1.91619E-1 1.92865E-1 1.87874E-1 1.89224E-1 1.91875E-1 1.9116E-1 1.892E-1 1.89557E-1 1.80246E-1 1.71426E-1 1.75475E-1 1.75909E-1 1.81531E-1 1.85136E-1 1.70406E-1 1.65625E-1 1.69068E-1 1.59187E-1 1.46776E-1 1.39845E-1 1.35404E-1 1.33032E-1 1.31006E-1 1.33427E-1 1.29811E-1 1.26554E-1 1.26425E-1 1.26557E-1 1.2073E-1 1.24356E-1 1.23359E-1 1.80021E-1 2.09855E-1 1.36242E-1 1.17393E-1 1.06349E-1 1.0045E-1 9.65913E-2 9.69659E-2 9.69793E-2 9.36247E-2 9.16167E-2 9.3861E-2 9.2246E-2 9.74405E-2 9.66301E-2 1.04061E-1 1.09025E-1 1.0467E-1 1.22115E-1 1.23257E-1 1.09595E-1 1.02496E-1 1.09935E-1 9.43422E-2 8.72091E-2 8.88205E-2 1.00132E-1 1.08528E-1 1.19592E-1 1.15947E-1
1.93446E-1 1.91749E-1 1.79507E-1 1.88403E-1 1.89864E-1 1.87669E-1 1.84519E-1 1.82024E-1 1.80705E-1 1.6968E-1 1.67759E-1 1.67852E-1 1.71047E-1 1.66708E-1 1.67963E-1 1.73522E-1 1.65691E-1 1.53223E-1 1.4996E-1 1.4453E-1 1.3778E-1 1.37871E-1 1.34659E-1 1.33748E-1 1.26675E-1 1.24961E-1 1.23576E-1 1.20923E-1 1.18066E-1 1.15989E-1 1.233E-1 1.91023E-1 1.37137E-1 1.19532E-1 1.1221E-1 1.05922E-1 1.02821E-1 9.89109E-2 9.59136E-2 9.89516E-2 9.70836E-2 1.00449E-1 1.01215E-1 9.44508E-2 1.00234E-1 9.61075E-2 9.47E-2 1.04466E-1 9.55704E-2 1.03966E-1 1.23955E-1 1.14566E-1 1.04849E-1 1.05796E-1 9.53245E-2 9.14176E-2 9.89889E-2 1.07021E-1 1.09753E-1 1.29938E-1 1.17623E-1
1.82575E-1 1.82088E-1 1.74022E-1 1.79693E-1 1.84084E-1 1.82329E-1 1.81568E-1 1.79664E-1 1.8007E-1 1.68036E-1 1.66341E-1 1.72047E-1 1.71327E-1 1.68078E-1 1.67163E-1 1.59159E-1 1.57417E-1 1.54515E-1 1.4776E-1 1.48279E-1 1.35815E-1 1.34632E-1 1.34677E-1 1.37947E-1 1.32233E-1 1.39226E-1 1.29397E-1 1.25921E-1 1.20557E-1 1.14704E-1 1.23138E-1 1.47159E-1 1.31576E-1 1.14812E-1 1.09998E-1 1.06017E-1 1.04077E-1 1.03622E-1 1.03869E-1 1.0404E-1 1.0116E-1 1.0498E-1 1.0566E-1 9.5E-2 9.99944E-2 9.42992E-2 1.02421E-1 1.06172E-1 9.79872E-2 9.90436E-2 1.02313E-1 1.0483E-1 1.02983E-1 1.06473E-1 1.00336E-1 9.29804E-2 1.00486E-1 1.0903E-1 1.21256E-1 1.50085E-1 1.1387E-1
1.73693E-1 1.75518E-1 1.73036E-1 1.76819E-1 1.74998E-1 1.77983E-1 1.73748E-1 1.73025E-1 1.72601E-1 1.75247E-1 1.85742E-1 1.73294E-1 1.70237E-1 1.76219E-1 1.71615E-1 1.59778E-1 1.55571E-1 1.4913E-1 1.43412E-1 1.45802E-1 1.40396E-1 1.38964E-1 1.35556E-1 1.35791E-1 1.30479E-1 1.31807E-1 1.28564E-1 1.26286E-1 1.20164E-1 1.19714E-1 1.20778E-1 1.35775E-1 1.23042E-1 1.15983E-1 1.11761E-1 1.09248E-1 1.06893E-1 1.0898E-1 1.08564E-1 1.06966E-1 1.04707E-1 1.08075E-1 1.06045E-1 1.01222E-1 9.74446E-2 1.01684E-1 1.06794E-1 1.30462E-1 1.09613E-1 1.08722E-1 1.05542E-1 9.68569E-2 9.00849E-2 1.01782E-1 1.06204E-1 1.08216E-1 1.13071E-1 1.19568E-1 1.35532E-1 1.72732E-1 1.39781E-1
1.74141E-1 1.75691E-1 1.721E-1 1.75786E-1 1.74269E-1 1.74059E-1 1.71217E-1 1.7091E-1 1.75953E-1 1.72128E-1 1.79198E-1 1.74022E-1 1.70927E-1 1.75612E-1 1.68963E-1 1.60683E-1 1.57382E-1 1.55864E-1 1.49443E-1 1.48005E-1 1.44386E-1 1.40812E-1 1.41896E-1 1.36636E-1 1.36768E-1 1.28917E-1 1.26925E-1 1.30205E-1 1.29623E-1 1.25149E-1 1.32752E-1 1.24482E-1 1.15678E-1 1.17711E-1 1.1472E-1 1.15731E-1 1.13181E-1 1.10195E-1 1.14738E-1 1.05752E-1 9.64532E-2 1.03407E-1 1.03921E-1 1.13343E-1 1.04161E-1 1.04407E-1 1.03946E-1 1.51599E-1 1.26521E-1 1.27289E-1 1.15575E-1 1.12019E-1 1.03515E-1 1.04259E-1 1.17277E-1 1.18168E-1 1.17228E-1 1.24967E-1 1.28585E-1 1.34858E-1 1.91918E-1
1.64613E-1 1.69532E-1 1.69784E-1 1.69868E-1 1.70785E-1 1.77279E-1 1.82848E-1 1.67946E-1 1.79802E-1 1.82675E-1 1.81389E-1 1.80363E-1 1.70705E-1 1.68273E-1 1.73982E-1 1.73475E-1 1.58443E-1 1.57625E-1 1.55035E-1 1.49839E-1 1.47186E-1 1.54491E-1 1.45363E-1 1.44163E-1 1.41477E-1 1.46266E-1 1.37749E-1 1.34121E-1 1.32135E-1 1.46399E-1 1.42882E-1 1.19141E-1 1.19559E-1 1.19091E-1 1.1938E-1 1.19697E-1 1.14034E-1 1.13948E-1 1.17987E-1 1.10649E-1 1.06346E-1 1.09175E-1 1.14235E-1 1.22353E-1 1.21614E-1 1.16688E-1 1.15994E-1 1.44753E-1 1.34318E-1 1.3394E-1 1.33401E-1 1.24342E-1 1.30655E-1 1.29088E-1 1.27432E-1 1.24878E-1 1.21033E-1 1.23873E-1 1.29583E-1 1.37252E-1 1.87318E-1
1.61393E-1 1.64352E-1 1.65155E-1 1.66463E-1 1.6642E-1 1.67623E-1 1.65613E-1 1.66772E-1 1.6893E-1 1.76494E-1 1.73123E-1 1.80652E-1 1.71857E-1 1.82452E-1 2.01175E-1 1.6182E-1 1.59993E-1 1.59166E-1 1.56767E-1 1.55679E-1 1.51257E-1 1.48811E-1 1.4728E-1 1.45825E-1 1.4028E-1 1.41873E-1 1.41694E-1 1.36954E-1 1.36393E-1 1.43854E-1 1.25645E-1 1.22662E-1 1.20366E-1 1.2606E-1 1.23028E-1 1.20247E-1 1.13814E-1 1.13766E-1 1.21334E-1 1.20134E-1 1.21368E-1 1.26741E-1 1.27925E-1 1.31214E-1 1.2447E-1 1.30841E-1 1.38134E-1 1.44101E-1 1.49369E-1 1.48725E-1 1.35054E-1 1.35654E-1 1.50467E-1 1.60544E-1 1.4699E-1 1.33422E-1 1.29869E-1 1.43032E-1 1.39193E-1 1.40654E-1 1.50342E-1
1.62571E-1 1.6327E-1 1.63301E-1 1.65458E-1 1.67069E-1 1.64397E-1 1.64036E-1 1.66273E-1 1.65629E-1 1.65181E-1 1.67033E-1 1.6416E-1 1.56101E-1 1.56113E-1 1.61792E-1 1.75336E-1 1.98662E-1 1.6143E-1 1.61287E-1 1.70295E-1 1.63244E-1 1.55381E-1 1.48135E-1 1.46651E-1 1.47264E-1 1.49493E-1 1.42319E-1 1.44688E-1 1.4346E-1 1.30348E-1 1.27982E-1 1.2465E-1 1.22905E-1 1.26378E-1 1.31507E-1 1.1834E-1 1.11517E-1 1.20474E-1 1.25944E-1 1.2996E-1 1.35153E-1 1.47205E-1 1.45706E-1 1.52303E-1 1.39378E-1 1.44568E-1 1.47716E-1 1.57985E-1 1.55267E-1 1.45494E-1 1.49606E-1 1.64619E-1 2.13185E-1 1.60284E-1 1.81058E-1 1.46413E-1 1.3597E-1 1.51033E-1 1.4401E-1 1.49273E-1 1.58524E-1
