maxent_outputs/white_flowers_troch_bombus_environ/white_245.asc
ncols         426
nrows         180
xllcorner     -130.0
yllcorner     24.0
cellsize      0.16666666666666666
NODATA_value  -9999
[rows 108 to 134 of 180, columns 244 to 304 of 426]
7.96457E-1 8.0169E-1 8.03535E-1 8.04949E-1 8.02173E-1 7.94997E-1 7.92029E-1 7.86805E-1 7.93046E-1 7.78762E-1 7.79264E-1 7.79648E-1 7.77386E-1 7.71824E-1 7.69798E-1 7.72899E-1 7.77901E-1 7.8961E-1 7.93209E-1 7.99209E-1 8.00117E-1 7.98307E-1 8.02393E-1 8.0595E-1 8.11536E-1 8.12874E-1 8.11053E-1 8.06955E-1 7.93125E-1 7.75578E-1 7.66931E-1 7.71978E-1 7.7304E-1 7.66111E-1 7.70488E-1 7.77226E-1 7.74937E-1 7.67619E-1 7.73124E-1 7.6349E-1 7.84076E-1 7.91091E-1 7.93423E-1 7.97237E-1 8.14448E-1 8.17056E-1 8.10451E-1 8.15062E-1 8.09849E-1 8.00421E-1 7.96216E-1 7.93803E-1 7.95917E-1 8.02934E-1 8.02848E-1 7.95698E-1 7.86723E-1 7.91754E-1 7.84815E-1 7.93015E-1 8.08608E-1
7.99777E-1 8.06084E-1 8.06529E-1 8.06694E-1 8.03632E-1 7.94196E-1 7.94136E-1 7.88432E-1 7.89912E-1 7.83379E-1 7.81805E-1 7.78083E-1 7.75434E-1 7.74258E-1 7.75193E-1 7.76128E-1 7.81867E-1 7.89193E-1 7.93701E-1 7.96026E-1 7.94794E-1 7.93781E-1 8.00768E-1 8.07034E-1 8.07396E-1 8.06629E-1 8.05716E-1 8.08255E-1 7.93741E-1 7.79309E-1 7.82554E-1 7.69711E-1 7.77054E-1 7.89946E-1 7.91962E-1 8.02118E-1 8.25673E-1 7.98041E-1 7.97379E-1 7.6218E-1 7.52813E-1 8.19589E-1 8.36715E-1 8.18475E-1 8.23252E-1 8.14587E-1 8.1513E-1 8.11247E-1 8.07729E-1 8.01352E-1 8.01538E-1 7.91941E-1 7.97831E-1 8.06327E-1 8.16758E-1 8.03393E-1 7.96396E-1 7.98872E-1 7.88677E-1 8.0036E-1 8.09319E-1
8.04999E-1 8.09167E-1 8.11628E-1 8.08443E-1 8.02971E-1 7.93125E-1 7.91935E-1 7.92455E-1 7.97529E-1 7.91344E-1 7.88306E-1 7.84565E-1 7.79408E-1 7.77751E-1 7.70659E-1 7.74177E-1 7.80471E-1 7.88918E-1 7.97042E-1 7.99543E-1 7.93902E-1 8.00511E-1 8.11515E-1 8.0752E-1 7.9798E-1 8.01911E-1 7.89508E-1 7.89804E-1 7.84964E-1 7.85905E-1 7.93991E-1 7.97812E-1 8.23719E-1 8.37414E-1 8.538E-1 8.59831E-1 8.40446E-1 8.25399E-1 7.86212E-1 7.89357E-1 7.85507E-1 8.08698E-1 8.23898E-1 8.20716E-1 8.22586E-1 8.33011E-1 8.22099E-1 8.06213E-1 7.96429E-1 8.01161E-1 8.12941E-1 7.97564E-1 8.04716E-1 8.11167E-1 8.15385E-1 8.00376E-1 8.00131E-1 7.93819E-1 7.83796E-1 7.92138E-1 7.99052E-1
8.08043E-1 8.09917E-1 8.12307E-1 8.1017E-1 8.02358E-1 7.9774E-1 7.96662E-1 8.02464E-1 8.04983E-1 7.96573E-1 7.90394E-1 7.8642E-1 7.81714E-1 7.76157E-1 7.73856E-1 7.75501E-1 7.77074E-1 7.85434E-1 7.94808E-1 8.00134E-1 8.06691E-1 8.15643E-1 8.10271E-1 8.04151E-1 8.01625E-1 7.88072E-1 7.84594E-1 7.83438E-1 7.8441E-1 7.916E-1 7.98768E-1 8.289E-1 8.31445E-1 8.28376E-1 8.23613E-1 8.20278E-1 8.13764E-1 8.61065E-1 8.59601E-1 8.54464E-1 8.14817E-1 8.16371E-1 8.30187E-1 8.16491E-1 8.14741E-1 8.17171E-1 8.03212E-1 8.04344E-1 7.9856E-1 7.96265E-1 8.10325E-1 8.0787E-1 8.04438E-1 8.0281E-1 8.00442E-1 8.05144E-1 7.97507E-1 7.85961E-1 7.84167E-1 7.86238E-1 7.95965E-1
8.12654E-1 8.0645E-1 8.07569E-1 8.03252E-1 8.02518E-1 8.02958E-1 8.03213E-1 8.00613E-1 8.00105E-1 8.01195E-1 7.92193E-1 7.86034E-1 7.80185E-1 7.74109E-1 7.72968E-1 7.69822E-1 7.74146E-1 7.80899E-1 7.9638E-1 7.99919E-1 8.07566E-1 8.13044E-1 8.08644E-1 8.00459E-1 7.9626E-1 7.91239E-1 7.86442E-1 7.85895E-1 7.9599E-1 8.00552E-1 8.10812E-1 8.34343E-1 8.35872E-1 8.42773E-1 8.55584E-1 8.33332E-1 8.52647E-1 8.65231E-1 8.88113E-1 8.72713E-1 8.64262E-1 8.49111E-1 8.40334E-1 8.1804E-1 8.10962E-1 8.09056E-1 8.04267E-1 8.06717E-1 8.03078E-1 8.04126E-1 8.11041E-1 8.18104E-1 8.10262E-1 8.0057E-1 7.91399E-1 7.89711E-1 7.78795E-1 7.80753E-1 7.78047E-1 7.83514E-1 7.82255E-1
8.1244E-1 8.07287E-1 8.08211E-1 8.05928E-1 8.06572E-1 8.04609E-1 8.12302E-1 7.9905E-1 8.00873E-1 7.99415E-1 7.91822E-1 7.86996E-1 7.79982E-1 7.7693E-1 7.73619E-1 7.69839E-1 7.71156E-1 7.7888E-1 7.94128E-1 8.07855E-1 8.07395E-1 8.04682E-1 7.96637E-1 8.06572E-1 7.99195E-1 7.9572E-1 7.90352E-1 7.91918E-1 8.1387E-1 8.05533E-1 8.04502E-1 7.98137E-1 8.10089E-1 8.4521E-1 8.73813E-1 8.60081E-1 8.87951E-1 8.93602E-1 8.94308E-1 8.95994E-1 8.70479E-1 8.50077E-1 8.27988E-1 8.16915E-1 8.14735E-1 8.11588E-1 8.10035E-1 8.04976E-1 8.03355E-1 8.09871E-1 8.09498E-1 8.13365E-1 8.10724E-1 8.0521E-1 7.87543E-1 7.7523E-1 7.64914E-1 7.57383E-1 7.54207E-1 7.65782E-1 7.76528E-1
8.1712E-1 8.09263E-1 8.09535E-1 8.09398E-1 8.10058E-1 8.06382E-1 8.10449E-1 8.10446E-1 8.0288E-1 7.97795E-1 7.98386E-1 7.91911E-1 7.85419E-1 7.79876E-1 7.79119E-1 7.76059E-1 7.7803E-1 7.84227E-1 7.97754E-1 8.05049E-1 8.00397E-1 7.95302E-1 8.00931E-1 7.98482E-1 7.91435E-1 7.93637E-1 7.95951E-1 8.11792E-1 8.347E-1 8.0919E-1 8.03097E-1 8.067E-1 8.16601E-1 8.49549E-1 8.66893E-1 8.75091E-1 8.8166E-1 8.78478E-1 8.67373E-1 8.59466E-1 8.46148E-1 8.388E-1 8.1854E-1 8.09829E-1 8.12438E-1 8.06953E-1 8.01215E-1 8.00323E-1 8.02041E-1 8.05292E-1 8.11208E-1 8.12283E-1 8.18011E-1 8.11852E-1 7.92556E-1 7.77887E-1 7.64016E-1 7.39986E-1 7.42257E-1 7.46833E-1 7.57519E-1
8.16344E-1 8.10438E-1 8.10714E-1 8.11327E-1 8.12856E-1 8.07558E-1 8.04201E-1 8.02117E-1 8.0266E-1 8.02664E-1 8.01284E-1 7.97292E-1 7.99384E-1 7.92937E-1 7.81693E-1 7.81443E-1 7.85087E-1 7.84643E-1 7.9476E-1 7.95577E-1 7.9675E-1 7.97594E-1 7.94976E-1 8.0072E-1 7.90838E-1 7.98293E-1 8.00892E-1 8.15764E-1 8.25426E-1 8.28239E-1 8.21506E-1 8.24502E-1 8.40179E-1 8.6006E-1 8.64903E-1 8.7581E-1 8.70373E-1 8.55802E-1 8.53969E-1 8.37112E-1 8.31594E-1 8.24347E-1 8.11919E-1 8.00556E-1 7.99716E-1 8.00207E-1 7.98094E-1 7.98776E-1 8.03422E-1 8.03117E-1 8.13342E-1 8.18322E-1 8.16637E-1 8.13196E-1 7.97374E-1 7.82084E-1 7.71421E-1 7.58898E-1 7.53826E-1 7.48224E-1 7.56178E-1
8.1755E-1 8.12515E-1 8.09377E-1 8.10836E-1 8.09645E-1 8.0933E-1 8.09736E-1 8.00359E-1 7.99463E-1 7.93709E-1 7.93715E-1 7.93725E-1 7.9177E-1 7.90504E-1 7.90242E-1 7.8206E-1 7.8135E-1 7.7932E-1 7.85075E-1 7.9783E-1 7.95193E-1 7.93619E-1 7.91304E-1 7.88365E-1 7.81244E-1 7.90633E-1 7.7823E-1 7.94567E-1 8.19656E-1 8.28736E-1 8.32812E-1 8.33985E-1 8.36094E-1 8.38226E-1 8.41156E-1 8.55688E-1 8.476E-1 8.4239E-1 8.31352E-1 8.29023E-1 8.18879E-1 8.15206E-1 8.05504E-1 7.98967E-1 7.95876E-1 7.94337E-1 7.95475E-1 7.97055E-1 8.01982E-1 8.06028E-1 8.0703E-1 8.08543E-1 8.10055E-1 8.01129E-1 8.00267E-1 7.93491E-1 7.8673E-1 7.78148E-1 7.68441E-1 7.62055E-1 7.61334E-1
8.18478E-1 8.16282E-1 8.14102E-1 8.10607E-1 8.12978E-1 8.11137E-1 8.06436E-1 8.01185E-1 7.98432E-1 7.9609E-1 7.98909E-1 7.98779E-1 7.93139E-1 7.89212E-1 7.8364E-1 7.84606E-1 7.81761E-1 7.80947E-1 7.94516E-1 7.85728E-1 7.85529E-1 7.85686E-1 7.79634E-1 7.682E-1 7.77472E-1 7.72107E-1 7.73139E-1 7.791E-1 8.05778E-1 8.12825E-1 8.19643E-1 8.2197E-1 8.24848E-1 8.27284E-1 8.34008E-1 8.32345E-1 8.22695E-1 8.26275E-1 8.29949E-1 8.21793E-1 8.11585E-1 8.04231E-1 7.96882E-1 7.92194E-1 7.9472E-1 7.98498E-1 8.01736E-1 8.05299E-1 8.04094E-1 8.09251E-1 8.12397E-1 8.08616E-1 8.01803E-1 7.97397E-1 7.988E-1 7.98855E-1 7.94624E-1 7.88663E-1 7.72727E-1 7.67276E-1 7.66437E-1
8.1943E-1 8.20198E-1 8.15795E-1 8.09526E-1 8.12217E-1 8.10909E-1 8.08121E-1 8.05299E-1 8.01597E-1 8.027E-1 8.04902E-1 8.01784E-1 7.96656E-1 7.95023E-1 7.92358E-1 7.90651E-1 7.83691E-1 7.76287E-1 7.79385E-1 7.7661E-1 7.75762E-1 7.83915E-1 7.84574E-1 7.74053E-1 7.74074E-1 7.7126E-1 7.74517E-1 7.89614E-1 8.04021E-1 8.03713E-1 8.07286E-1 8.24793E-1 8.32739E-1 8.16595E-1 8.14954E-1 8.16704E-1 8.0855E-1 8.01618E-1 8.03377E-1 8.10448E-1 8.04266E-1 7.99641E-1 7.93738E-1 7.95007E-1 8.0236E-1 8.03842E-1 8.11682E-1 8.15008E-1 8.1843E-1 8.21049E-1 8.14668E-1 8.04125E-1 7.98224E-1 7.95369E-1 7.92372E-1 7.96931E-1 7.98587E-1 7.83031E-1 7.6733E-1 7.66446E-1 7.69831E-1
8.18307E-1 8.18199E-1 8.14431E-1 8.03239E-1 8.03423E-1 8.07699E-1 8.07691E-1 8.09223E-1 8.04601E-1 8.02736E-1 8.03139E-1 7.99945E-1 7.99786E-1 8.01512E-1 7.93164E-1 7.88662E-1 7.84851E-1 7.76046E-1 7.71995E-1 7.71623E-1 7.72381E-1 7.74093E-1 7.77534E-1 7.76535E-1 7.75801E-1 7.76279E-1 7.82954E-1 7.93963E-1 8.11985E-1 8.18468E-1 8.24823E-1 8.20392E-1 8.17357E-1 8.04379E-1 8.03511E-1 8.05755E-1 8.03271E-1 7.95344E-1 7.96479E-1 8.00834E-1 8.04032E-1 7.98216E-1 7.97178E-1 7.97419E-1 7.99723E-1 8.04527E-1 8.16979E-1 8.32135E-1 8.27228E-1 8.11822E-1 8.09677E-1 8.04637E-1 7.99361E-1 7.9762E-1 7.90248E-1 7.87149E-1 7.77436E-1 7.54437E-1 7.62678E-1 7.71954E-1 7.76238E-1
8.1409E-1 8.13654E-1 8.08548E-1 8.00222E-1 8.02862E-1 8.0688E-1 8.08151E-1 8.11277E-1 8.03447E-1 7.97955E-1 8.00395E-1 7.99959E-1 7.93256E-1 7.89307E-1 7.84157E-1 7.84398E-1 7.85397E-1 7.85179E-1 7.71283E-1 7.70822E-1 7.72715E-1 7.762E-1 7.83773E-1 7.8278E-1 7.8122E-1 7.91182E-1 7.94668E-1 7.96988E-1 8.09915E-1 8.26894E-1 8.31175E-1 8.26583E-1 8.1421E-1 8.01412E-1 7.99968E-1 8.03769E-1 7.98229E-1 7.95187E-1 7.92813E-1 7.98105E-1 8.06351E-1 8.10085E-1 8.04693E-1 8.04367E-1 8.0455E-1 8.09257E-1 8.18976E-1 8.13875E-1 8.07201E-1 7.99584E-1 8.0053E-1 8.01444E-1 8.0252E-1 7.95235E-1 7.91108E-1 7.90201E-1 7.86903E-1 7.74285E-1 7.73629E-1 7.84328E-1 7.85508E-1
8.12359E-1 8.08109E-1 8.04321E-1 8.03524E-1 8.04982E-1 8.12526E-1 8.12299E-1 8.09574E-1 8.00559E-1 7.96159E-1 7.99726E-1 7.96494E-1 7.87943E-1 7.79354E-1 7.80768E-1 7.80398E-1 7.90186E-1 7.8009E-1 7.71782E-1 7.69899E-1 7.66258E-1 7.82903E-1 7.86317E-1 7.79855E-1 7.9016E-1 7.99604E-1 7.97113E-1 7.97354E-1 8.07803E-1 8.25469E-1 8.27803E-1 8.20331E-1 8.08991E-1 8.02845E-1 7.95479E-1 7.91716E-1 7.93544E-1 7.97682E-1 7.97994E-1 8.00252E-1 8.03978E-1 8.10518E-1 8.2526E-1 8.09636E-1 8.10098E-1 8.14715E-1 8.12634E-1 8.10057E-1 8.07331E-1 8.0766E-1 8.08699E-1 8.08016E-1 8.05179E-1 7.94239E-1 7.92955E-1 7.95121E-1 8.01782E-1 7.97635E-1 7.94275E-1 7.91125E-1 7.92182E-1
8.06804E-1 8.07301E-1 8.05702E-1 8.13089E-1 8.16193E-1 8.27922E-1 8.19662E-1 8.1193E-1 8.04656E-1 7.98673E-1 8.01287E-1 8.02099E-1 7.97924E-1 7.88672E-1 7.92058E-1 8.02959E-1 7.8512E-1 7.80537E-1 7.80652E-1 7.71244E-1 7.70588E-1 7.78161E-1 7.80782E-1 7.89159E-1 7.92309E-1 7.97048E-1 7.98734E-1 7.94312E-1 8.00741E-1 8.1298E-1 8.12085E-1 8.05879E-1 8.04793E-1 7.98815E-1 7.89432E-1 7.8731E-1 7.95388E-1 8.00828E-1 7.9868E-1 8.02821E-1 8.08581E-1 8.13442E-1 8.13543E-1 8.17576E-1 8.15155E-1 8.21674E-1 8.15509E-1 8.12189E-1 8.1545E-1 8.12325E-1 8.11491E-1 8.03833E-1 8.0052E-1 8.0843E-1 8.02637E-1 7.95847E-1 7.94509E-1 7.92922E-1 7.9013E-1 7.90852E-1 7.86621E-1
8.12112E-1 8.09035E-1 8.11349E-1 8.16798E-1 8.14896E-1 8.26141E-1 8.17932E-1 8.11981E-1 8.08357E-1 8.0827E-1 8.14168E-1 8.13424E-1 8.04689E-1 8.02011E-1 8.08466E-1 8.10531E-1 7.93197E-1 7.80994E-1 7.83651E-1 7.76622E-1 7.83959E-1 7.85311E-1 7.87854E-1 7.87714E-1 7.96918E-1 7.98026E-1 7.95478E-1 7.95561E-1 7.96698E-1 8.04327E-1 8.04523E-1 8.01708E-1 7.99139E-1 7.93453E-1 7.84669E-1 7.86925E-1 7.98392E-1 7.97103E-1 7.98741E-1 8.05021E-1 8.09295E-1 8.13565E-1 8.16586E-1 8.20886E-1 8.19843E-1 8.17949E-1 8.10725E-1 8.04916E-1 8.07641E-1 8.08466E-1 8.04607E-1 7.98895E-1 7.94314E-1 8.01457E-1 8.23924E-1 8.12821E-1 7.9879E-1 7.92038E-1 7.87134E-1 7.87657E-1 7.94607E-1
8.14613E-1 8.21226E-1 8.21223E-1 8.13062E-1 8.11819E-1 8.11353E-1 8.11849E-1 8.09467E-1 8.10465E-1 8.193E-1 8.32453E-1 8.26471E-1 8.11953E-1 8.10512E-1 8.01201E-1 7.98144E-1 7.85012E-1 7.87716E-1 7.83781E-1 7.89473E-1 7.87516E-1 7.84515E-1 7.9699E-1 7.96152E-1 7.98696E-1 7.94841E-1 7.93552E-1 7.92506E-1 7.93133E-1 7.95074E-1 8.02131E-1 7.96352E-1 7.96994E-1 7.94016E-1 7.90648E-1 7.89261E-1 7.94075E-1 7.9592E-1 8.00881E-1 8.05904E-1 8.15292E-1 8.17304E-1 8.18774E-1 8.12223E-1 8.05273E-1 8.0747E-1 8.09542E-1 8.05839E-1 8.03868E-1 8.0092E-1 8.00712E-1 7.97949E-1 7.97296E-1 7.9782E-1 7.94643E-1 8.22823E-1 7.96842E-1 7.89493E-1 7.90488E-1 7.89524E-1 7.97958E-1
8.23267E-1 8.22051E-1 8.18898E-1 8.13473E-1 8.09141E-1 8.07027E-1 8.03624E-1 8.0492E-1 8.10935E-1 8.19248E-1 8.31003E-1 8.33253E-1 8.32793E-1 8.20394E-1 8.06909E-1 7.91433E-1 7.93154E-1 7.95124E-1 7.94904E-1 7.91486E-1 7.86785E-1 7.93163E-1 7.95161E-1 7.96619E-1 8.07361E-1 8.14337E-1 7.9967E-1 7.94395E-1 7.87549E-1 7.9117E-1 7.9359E-1 7.93626E-1 7.99125E-1 8.05112E-1 7.96245E-1 7.95502E-1 8.0168E-1 8.00505E-1 8.05636E-1 8.11523E-1 8.17052E-1 8.23899E-1 8.17534E-1 8.03562E-1 7.98335E-1 8.00599E-1 8.04817E-1 8.03619E-1 7.97331E-1 7.95528E-1 7.98231E-1 8.02502E-1 8.01093E-1 7.96037E-1 7.89333E-1 7.83759E-1 7.79228E-1 7.7597E-1 7.83656E-1 7.93344E-1 7.96472E-1
8.27383E-1 8.22742E-1 8.19698E-1 8.1453E-1 8.1047E-1 8.07083E-1 8.05061E-1 8.02242E-1 8.10438E-1 8.20294E-1 8.29291E-1 8.46203E-1 8.51214E-1 8.36624E-1 8.12686E-1 8.02638E-1 8.00143E-1 8.01599E-1 7.98624E-1 7.95176E-1 8.07361E-1 7.96537E-1 7.98716E-1 8.04114E-1 8.11796E-1 8.07922E-1 7.99483E-1 7.97445E-1 7.87996E-1 7.93817E-1 7.92601E-1 7.95971E-1 7.98681E-1 8.12216E-1 8.06995E-1 8.05327E-1 8.08023E-1 8.09948E-1 8.14159E-1 8.19805E-1 8.23356E-1 8.18639E-1 8.12068E-1 8.04991E-1 8.02529E-1 8.02733E-1 8.00309E-1 7.99195E-1 7.89348E-1 7.86008E-1 7.9531E-1 8.02316E-1 7.99226E-1 7.87069E-1 7.74364E-1 7.66215E-1 7.72515E-1 7.752E-1 7.87269E-1 -9999 -9999
8.30638E-1 8.28414E-1 8.2261E-1 8.16777E-1 8.12068E-1 8.09085E-1 8.0823E-1 8.11316E-1 8.15282E-1 8.17646E-1 8.20054E-1 8.29269E-1 8.35641E-1 8.27754E-1 8.11481E-1 8.04338E-1 8.01371E-1 8.0331E-1 8.01593E-1 8.09491E-1 8.34403E-1 8.0743E-1 7.99808E-1 8.05472E-1 8.07978E-1 8.09917E-1 7.99986E-1 7.94443E-1 7.83633E-1 7.86214E-1 7.95608E-1 8.03301E-1 8.05613E-1 8.09969E-1 8.13462E-1 8.13734E-1 8.16278E-1 8.19207E-1 8.20168E-1 8.24725E-1 8.18709E-1 8.10068E-1 8.07213E-1 8.10655E-1 8.06875E-1 8.09388E-1 8.05036E-1 8.01161E-1 7.86103E-1 7.78439E-1 7.83374E-1 7.88542E-1 7.81987E-1 7.69607E-1 7.56503E-1 7.51054E-1 7.73079E-1 7.8039E-1 -9999 -9999 -9999
8.29849E-1 8.26374E-1 8.21657E-1 8.21155E-1 8.19529E-1 8.20041E-1 8.18359E-1 8.21123E-1 8.19136E-1 8.15978E-1 8.1239E-1 8.09431E-1 8.08564E-1 8.09372E-1 8.06263E-1 7.99674E-1 7.98343E-1 8.0503E-1 8.15206E-1 8.08511E-1 8.07541E-1 8.00662E-1 8.01497E-1 8.10502E-1 8.04968E-1 8.10156E-1 8.05996E-1 7.95966E-1 7.90774E-1 7.95858E-1 8.08324E-1 8.14286E-1 8.19835E-1 8.22209E-1 8.21883E-1 8.21529E-1 8.26227E-1 8.26021E-1 8.27764E-1 8.24532E-1 8.14815E-1 8.02587E-1 8.08009E-1 8.15918E-1 8.15863E-1 8.15699E-1 8.04987E-1 7.91864E-1 7.81249E-1 7.6704E-1 7.69322E-1 7.72192E-1 7.69369E-1 7.57191E-1 7.58834E-1 7.51692E-1 7.68738E-1 -9999 -9999 -9999 -9999
8.3506E-1 8.23182E-1 8.23339E-1 8.26578E-1 8.29326E-1 8.27688E-1 8.27949E-1 8.21203E-1 8.17747E-1 8.01962E-1 7.89076E-1 7.95587E-1 7.94966E-1 7.97164E-1 7.9827E-1 8.03467E-1 8.0111E-1 8.14138E-1 8.26713E-1 8.13841E-1 8.02164E-1 8.04568E-1 8.04645E-1 8.05208E-1 8.03408E-1 8.05578E-1 8.12302E-1 8.05497E-1 8.03522E-1 8.05949E-1 8.14266E-1 8.21886E-1 8.22012E-1 8.21978E-1 8.18928E-1 8.23284E-1 8.32667E-1 8.32848E-1 8.35028E-1 8.23484E-1 8.15705E-1 8.08851E-1 8.12709E-1 8.24896E-1 8.19426E-1 8.16559E-1 7.99798E-1 7.83334E-1 7.69098E-1 7.55958E-1 7.53339E-1 7.5586E-1 7.47059E-1 7.53413E-1 7.4898E-1 -9999 -9999 -9999 -9999 -9999 -9999
8.39429E-1 8.26946E-1 8.21905E-1 8.24329E-1 8.31339E-1 8.37214E-1 8.29881E-1 8.25405E-1 8.16412E-1 7.98907E-1 7.9013E-1 7.97193E-1 8.01224E-1 8.00762E-1 8.00998E-1 7.97178E-1 7.93821E-1 7.94677E-1 8.01582E-1 8.00993E-1 8.02541E-1 8.07083E-1 8.06206E-1 8.04496E-1 8.02974E-1 8.08618E-1 8.11131E-1 8.06418E-1 8.06522E-1 8.1493E-1 8.25057E-1 8.19395E-1 8.20991E-1 8.2355E-1 8.19666E-1 8.19086E-1 8.32367E-1 8.30137E-1 8.30659E-1 8.24115E-1 8.13897E-1 8.09712E-1 8.12208E-1 8.1792E-1 8.12398E-1 8.06205E-1 7.89422E-1 7.69307E-1 7.51195E-1 7.4314E-1 7.46801E-1 7.49788E-1 7.46328E-1 7.49086E-1 -9999 -9999 -9999 -9999 -9999 -9999 -9999
8.44109E-1 8.34809E-1 8.28319E-1 8.20532E-1 8.35007E-1 8.4566E-1 8.36351E-1 8.26205E-1 8.1643E-1 8.04136E-1 8.02895E-1 8.13406E-1 8.22671E-1 8.10179E-1 8.03974E-1 8.03324E-1 7.95622E-1 7.96248E-1 7.99121E-1 8.08744E-1 8.11824E-1 8.13778E-1 8.07195E-1 8.09435E-1 8.1042E-1 8.19193E-1 8.12736E-1 8.08504E-1 8.15068E-1 8.2639E-1 8.23912E-1 8.27205E-1 8.24253E-1 8.23213E-1 8.29215E-1 8.268E-1 8.23981E-1 8.26066E-1 8.2306E-1 8.18685E-1 8.09116E-1 8.04951E-1 8.04338E-1 8.07029E-1 8.03579E-1 7.98077E-1 7.834E-1 7.66152E-1 7.48657E-1 7.53737E-1 7.53367E-1 7.51393E-1 -9999 -9999 -9999 -9999 -9999 -9999 -9999 -9999 -9999
8.53926E-1 8.47669E-1 8.42233E-1 8.3371E-1 8.37417E-1 8.36703E-1 8.36724E-1 8.38655E-1 8.24709E-1 8.18052E-1 8.12881E-1 8.20222E-1 8.20913E-1 8.1897E-1 8.18787E-1 8.218E-1 8.15995E-1 8.06079E-1 7.9974E-1 8.03899E-1 8.08124E-1 8.12172E-1 8.07261E-1 8.1175E-1 8.1777E-1 8.335E-1 8.19654E-1 8.24955E-1 8.25894E-1 8.29527E-1 8.29941E-1 8.30014E-1 8.30008E-1 8.29489E-1 8.33165E-1 8.3114E-1 8.25349E-1 8.22249E-1 8.16597E-1 8.13619E-1 8.0568E-1 8.00227E-1 7.9911E-1 7.98312E-1 7.97858E-1 7.93781E-1 7.87752E-1 7.7352E-1 7.65258E-1 7.66215E-1 7.66282E-1 -9999 -9999 -9999 -9999 -9999 -9999 -9999 -9999 -9999 -9999
8.65062E-1 8.64139E-1 8.55463E-1 8.51003E-1 8.49888E-1 8.48396E-1 8.47648E-1 8.45577E-1 8.37144E-1 8.30522E-1 8.30284E-1 8.30554E-1 8.27916E-1 8.32309E-1 8.35946E-1 8.37953E-1 8.32703E-1 8.2418E-1 8.16764E-1 8.17246E-1 8.19807E-1 8.17506E-1 8.18541E-1 8.22184E-1 8.34244E-1 8.47576E-1 8.37219E-1 8.43177E-1 8.37501E-1 8.34504E-1 8.31651E-1 8.31607E-1 8.32352E-1 8.3721E-1 8.44254E-1 8.46974E-1 8.44505E-1 8.28208E-1 8.19238E-1 8.12473E-1 7.99089E-1 7.93664E-1 7.86433E-1 7.90607E-1 7.99349E-1 7.93571E-1 7.84369E-1 7.81881E-1 7.86707E-1 7.79194E-1 -9999 -9999 -9999 -9999 -9999 -9999 -9999 -9999 -9999 -9999 -9999
8.77785E-1 8.75365E-1 8.68416E-1 8.64267E-1 8.60888E-1 8.61609E-1 8.62286E-1 8.62917E-1 8.58436E-1 8.48633E-1 8.44984E-1 8.47275E-1 8.46737E-1 8.48196E-1 8.50302E-1 8.52246E-1 8.47982E-1 8.42694E-1 8.40207E-1 8.35022E-1 8.32834E-1 8.34439E-1 8.41829E-1 8.51594E-1 8.54039E-1 8.55521E-1 8.49378E-1 8.54022E-1 8.48167E-1 8.419E-1 8.35574E-1 8.36156E-1 8.38578E-1 8.4783E-1 8.58413E-1 8.58923E-1 8.50932E-1 8.30565E-1 8.12992E-1 8.0816E-1 8.04186E-1 7.94829E-1 7.86098E-1 7.80556E-1 7.87226E-1 7.94298E-1 7.86739E-1 7.88245E-1 7.9999E-1 7.96876E-1 -9999 -9999 -9999 -9999 -9999 -9999 -9999 -9999 -9999 -9999 -9999
