maxent_outputs/white_flowers_troch_bombus_environ/white_140.asc
ncols         426
nrows         180
xllcorner     -130.0
yllcorner     24.0
cellsize      0.16666666666666666
NODATA_value  -9999
[rows 54 to 80 of 180, columns 122 to 182 of 426]
4.93708E-1 4.98542E-1 4.30264E-1 3.91793E-1 4.00847E-1 3.80288E-1 3.65731E-1 3.68382E-1 3.82493E-1 4.21333E-1 4.69213E-1 4.8403E-1 4.861E-1 4.56113E-1 4.03826E-1 3.90282E-1 3.74562E-1 3.91274E-1 3.97852E-1 3.90943E-1 3.82986E-1 3.80203E-1 3.76409E-1 3.80111E-1 3.842E-1 3.85089E-1 3.84391E-1 3.79064E-1 3.81322E-1 3.84189E-1 3.98434E-1 4.03063E-1 4.10695E-1 4.08779E-1 4.11679E-1 4.19348E-1 4.38183E-1 4.41856E-1 4.27287E-1 3.9704E-1 3.77906E-1 3.66899E-1 3.63994E-1 3.70955E-1 3.71705E-1 3.74567E-1 3.75348E-1 3.77413E-1 3.80525E-1 3.85177E-1 3.89274E-1 3.88623E-1 3.85292E-1 3.9055E-1 3.89344E-1 4.0536E-1 3.84943E-1 3.86618E-1 3.84326E-1 3.79784E-1 3.78897E-1
4.93016E-1 4.7338E-1 4.37097E-1 4.25265E-1 4.11846E-1 3.93584E-1 3.72905E-1 3.73162E-1 3.81541E-1 3.91055E-1 4.3775E-1 4.76492E-1 4.88433E-1 4.92571E-1 4.65117E-1 4.00324E-1 3.86005E-1 3.88335E-1 3.98277E-1 3.9183E-1 3.79648E-1 3.78114E-1 3.80809E-1 3.76541E-1 3.75951E-1 3.7878E-1 3.80139E-1 3.79277E-1 3.83693E-1 3.94017E-1 3.93675E-1 4.08805E-1 4.14739E-1 4.14378E-1 4.17893E-1 4.3481E-1 4.50341E-1 4.76593E-1 4.37463E-1 4.07468E-1 3.88074E-1 3.87175E-1 3.78612E-1 3.73672E-1 3.73647E-1 3.74989E-1 3.80939E-1 3.80376E-1 3.78724E-1 3.83953E-1 3.85725E-1 3.92805E-1 4.01248E-1 4.17694E-1 4.32437E-1 3.91753E-1 3.85401E-1 3.85386E-1 3.83701E-1 3.79996E-1 3.80993E-1
5.0838E-1 4.8519E-1 4.54999E-1 4.251E-1 4.08428E-1 4.00186E-1 3.78648E-1 3.70609E-1 3.61087E-1 3.65677E-1 3.78767E-1 4.13672E-1 4.55752E-1 4.81496E-1 4.9777E-1 4.70958E-1 4.47129E-1 3.97462E-1 3.89418E-1 3.84784E-1 3.86687E-1 3.80811E-1 3.77386E-1 3.78905E-1 3.76725E-1 3.85051E-1 3.79924E-1 3.81225E-1 3.77124E-1 3.79739E-1 3.97178E-1 4.25011E-1 4.09491E-1 4.11672E-1 4.16422E-1 4.24782E-1 4.49748E-1 4.67317E-1 4.46695E-1 4.17029E-1 3.98978E-1 3.89209E-1 3.89334E-1 3.92242E-1 3.92056E-1 3.91929E-1 3.91997E-1 3.92752E-1 3.88407E-1 3.90559E-1 3.97254E-1 3.93762E-1 3.92871E-1 3.96591E-1 4.31277E-1 3.94737E-1 3.84449E-1 3.85092E-1 3.81839E-1 3.83201E-1 3.89875E-1
4.87824E-1 4.51538E-1 4.42798E-1 4.24015E-1 4.08186E-1 3.93276E-1 3.86142E-1 3.75343E-1 3.60496E-1 3.53486E-1 3.5927E-1 3.91268E-1 4.27777E-1 4.65631E-1 4.94803E-1 5.05068E-1 4.66606E-1 3.98863E-1 3.9159E-1 3.83198E-1 3.81195E-1 3.81492E-1 3.80132E-1 3.75751E-1 3.79061E-1 3.79574E-1 3.85804E-1 3.75833E-1 3.73107E-1 3.78091E-1 3.89922E-1 3.92559E-1 3.8877E-1 4.35826E-1 4.46485E-1 4.44538E-1 4.45778E-1 4.32625E-1 4.32124E-1 4.22508E-1 4.12393E-1 3.95789E-1 3.90194E-1 3.92793E-1 3.97035E-1 4.00152E-1 3.96399E-1 3.93032E-1 3.88775E-1 3.92399E-1 3.95761E-1 3.86084E-1 3.86736E-1 3.8911E-1 4.03944E-1 4.04401E-1 3.86866E-1 3.84873E-1 3.82268E-1 3.84817E-1 3.92488E-1
4.99563E-1 4.83175E-1 4.86524E-1 4.10898E-1 3.89453E-1 3.86844E-1 3.84135E-1 3.76408E-1 3.68609E-1 3.57541E-1 3.51863E-1 3.64028E-1 3.91792E-1 4.29995E-1 4.6928E-1 4.91111E-1 4.64406E-1 4.08153E-1 3.87424E-1 3.80405E-1 3.82988E-1 3.7772E-1 3.75434E-1 3.77761E-1 3.80684E-1 3.80246E-1 3.84786E-1 3.7754E-1 3.76789E-1 3.71215E-1 3.72209E-1 3.762E-1 4.00511E-1 4.20102E-1 4.34164E-1 4.38213E-1 4.33502E-1 4.33143E-1 4.1762E-1 4.18232E-1 4.15081E-1 4.06393E-1 3.99721E-1 3.92833E-1 4.03284E-1 3.96473E-1 3.92557E-1 3.89081E-1 3.90361E-1 3.89597E-1 3.86081E-1 3.88746E-1 3.91749E-1 3.92299E-1 3.92998E-1 3.92109E-1 3.93844E-1 3.98445E-1 3.99682E-1 3.95333E-1 3.99472E-1
4.98788E-1 4.96003E-1 4.55428E-1 4.0294E-1 3.94983E-1 3.85494E-1 3.78763E-1 3.7006E-1 3.53894E-1 3.52578E-1 3.50808E-1 3.58322E-1 3.66837E-1 3.88604E-1 4.35183E-1 4.57597E-1 4.54369E-1 3.98002E-1 3.78948E-1 3.78803E-1 3.7971E-1 3.81165E-1 3.78478E-1 3.81116E-1 3.77749E-1 3.78931E-1 3.84824E-1 3.81833E-1 3.80578E-1 3.81163E-1 3.76838E-1 3.88046E-1 4.03014E-1 4.11847E-1 4.25721E-1 4.31837E-1 4.2979E-1 4.31444E-1 4.13212E-1 4.10144E-1 4.11799E-1 4.0809E-1 4.02753E-1 3.98103E-1 3.96962E-1 3.90418E-1 3.9097E-1 3.87436E-1 3.8612E-1 3.84028E-1 3.8748E-1 3.90411E-1 3.93868E-1 3.95455E-1 3.94444E-1 3.92859E-1 3.9656E-1 3.942E-1 4.01859E-1 4.06841E-1 4.1866E-1
5.08704E-1 5.01888E-1 5.01201E-1 4.56454E-1 4.16776E-1 3.92799E-1 3.78331E-1 3.74934E-1 3.6873E-1 3.5478E-1 3.48541E-1 3.57394E-1 3.73582E-1 3.63762E-1 3.98907E-1 4.30799E-1 4.41722E-1 3.98923E-1 3.82856E-1 3.7498E-1 3.75264E-1 3.85756E-1 3.87538E-1 3.84167E-1 3.7887E-1 3.80741E-1 3.83644E-1 3.86663E-1 3.80161E-1 3.81705E-1 3.79091E-1 3.83441E-1 4.09353E-1 4.16781E-1 4.09261E-1 4.23364E-1 4.3206E-1 4.37816E-1 4.1399E-1 4.02959E-1 4.00258E-1 3.92609E-1 3.93639E-1 3.97779E-1 4.05398E-1 3.89626E-1 3.84836E-1 3.85236E-1 3.89887E-1 3.92628E-1 3.93151E-1 3.94294E-1 3.94538E-1 3.99212E-1 4.02219E-1 4.03785E-1 4.0411E-1 4.02825E-1 4.00439E-1 4.0142E-1 3.99972E-1
4.82129E-1 4.81457E-1 4.92165E-1 4.83836E-1 4.15065E-1 3.81157E-1 3.74954E-1 3.67341E-1 3.56053E-1 3.56351E-1 3.5918E-1 3.61866E-1 3.74453E-1 3.69206E-1 3.94237E-1 4.26545E-1 4.14262E-1 3.89789E-1 3.76924E-1 3.76831E-1 3.82078E-1 3.84207E-1 3.87291E-1 3.87806E-1 3.81143E-1 3.82423E-1 3.84157E-1 3.80645E-1 3.76594E-1 3.75399E-1 3.7561E-1 3.78432E-1 3.84327E-1 4.0271E-1 4.04186E-1 4.21714E-1 4.2677E-1 4.2841E-1 4.05879E-1 3.96497E-1 3.90805E-1 3.91047E-1 4.0004E-1 3.96455E-1 3.88965E-1 3.91907E-1 3.99672E-1 3.92608E-1 3.92861E-1 3.93354E-1 3.94104E-1 3.94126E-1 3.94469E-1 4.0133E-1 4.08044E-1 4.04076E-1 4.02105E-1 4.03109E-1 4.07182E-1 4.11911E-1 4.14168E-1
4.31165E-1 4.15574E-1 4.54378E-1 4.28516E-1 4.02068E-1 4.0754E-1 3.98281E-1 3.80512E-1 3.76516E-1 3.85267E-1 3.8515E-1 3.8999E-1 3.89824E-1 3.98014E-1 4.1467E-1 4.28617E-1 3.99034E-1 3.81786E-1 3.80489E-1 3.81461E-1 3.86542E-1 3.89843E-1 3.83754E-1 3.81428E-1 3.80606E-1 3.78786E-1 3.85528E-1 3.89674E-1 3.77083E-1 3.70673E-1 3.74185E-1 3.81492E-1 3.80824E-1 3.89856E-1 4.00999E-1 4.10219E-1 4.21957E-1 4.17664E-1 4.00635E-1 3.92041E-1 3.91522E-1 3.96988E-1 3.89755E-1 3.84119E-1 3.93841E-1 3.99666E-1 4.02821E-1 4.03844E-1 4.0187E-1 3.96781E-1 3.98199E-1 3.96458E-1 3.97995E-1 4.1044E-1 4.12983E-1 4.08646E-1 4.09918E-1 4.12361E-1 4.13761E-1 4.19033E-1 4.20417E-1
4.86483E-1 4.28327E-1 4.22721E-1 4.11884E-1 3.98531E-1 3.75271E-1 3.6769E-1 3.6692E-1 3.75224E-1 3.86992E-1 3.92681E-1 3.70105E-1 3.79627E-1 4.01662E-1 4.26358E-1 4.13753E-1 3.94242E-1 3.84073E-1 3.77094E-1 3.81365E-1 3.77044E-1 3.85899E-1 3.83824E-1 3.82332E-1 3.83842E-1 3.8119E-1 3.82839E-1 3.82146E-1 3.83313E-1 3.8531E-1 3.84212E-1 3.80662E-1 3.79474E-1 3.81608E-1 3.89374E-1 4.00957E-1 4.0698E-1 4.06185E-1 3.95261E-1 3.88822E-1 3.84246E-1 3.78414E-1 3.75162E-1 3.88628E-1 3.94195E-1 3.96278E-1 3.97571E-1 3.94435E-1 3.95496E-1 3.92642E-1 3.96781E-1 3.99752E-1 4.0347E-1 4.15342E-1 4.11701E-1 4.13931E-1 4.14521E-1 4.19955E-1 4.21685E-1 4.23321E-1 4.25401E-1
5.239E-1 4.82401E-1 4.15295E-1 3.94827E-1 3.78611E-1 3.65537E-1 3.62912E-1 3.50784E-1 3.47677E-1 3.51884E-1 3.57918E-1 3.64677E-1 3.68939E-1 3.76855E-1 3.86889E-1 3.9206E-1 3.84828E-1 3.80159E-1 3.77146E-1 3.79757E-1 3.8132E-1 3.83737E-1 3.89208E-1 3.87603E-1 3.87849E-1 3.85848E-1 3.80244E-1 3.81506E-1 3.83657E-1 3.82679E-1 3.80451E-1 3.78721E-1 3.82468E-1 3.87492E-1 3.83064E-1 3.86709E-1 3.88795E-1 3.91118E-1 3.87592E-1 3.85342E-1 3.78239E-1 3.80397E-1 3.91615E-1 3.90158E-1 3.85698E-1 3.85676E-1 3.86045E-1 3.93177E-1 3.87993E-1 3.84257E-1 3.93745E-1 4.03E-1 4.12515E-1 4.09718E-1 4.0541E-1 4.06046E-1 4.14055E-1 4.17152E-1 4.19976E-1 4.24605E-1 4.25606E-1
5.30911E-1 4.88884E-1 4.80977E-1 3.98776E-1 3.68291E-1 3.5825E-1 3.50489E-1 3.47188E-1 3.48793E-1 3.52267E-1 3.57694E-1 3.69376E-1 3.78613E-1 3.82445E-1 3.82573E-1 3.81013E-1 3.76173E-1 3.7587E-1 3.72601E-1 3.77784E-1 3.79689E-1 3.79902E-1 3.87753E-1 3.87733E-1 3.90002E-1 3.92509E-1 3.88576E-1 3.85098E-1 3.81358E-1 3.83635E-1 3.80503E-1 3.84347E-1 3.87793E-1 3.86001E-1 3.851E-1 3.82271E-1 3.79164E-1 3.86064E-1 3.85317E-1 3.86847E-1 3.8241E-1 3.85727E-1 3.83969E-1 3.82774E-1 3.80923E-1 3.83684E-1 3.84669E-1 3.90039E-1 3.94402E-1 3.94335E-1 3.94821E-1 3.99042E-1 4.0004E-1 4.0184E-1 4.03008E-1 4.08335E-1 4.11334E-1 4.16056E-1 4.19824E-1 4.24708E-1 4.24171E-1
4.51079E-1 4.90419E-1 4.94592E-1 4.67102E-1 3.86781E-1 3.53338E-1 3.48728E-1 3.48494E-1 3.53674E-1 3.6464E-1 3.69871E-1 3.78207E-1 3.86821E-1 3.95158E-1 3.88786E-1 3.83801E-1 3.83013E-1 3.79189E-1 3.81838E-1 3.87729E-1 3.89736E-1 3.81559E-1 3.80473E-1 3.84083E-1 3.80718E-1 3.84851E-1 3.86953E-1 3.89533E-1 3.87816E-1 3.86688E-1 3.90026E-1 3.90306E-1 3.90781E-1 3.87435E-1 3.82115E-1 3.76693E-1 3.82146E-1 3.865E-1 3.84001E-1 3.78964E-1 3.77929E-1 3.88666E-1 3.88641E-1 3.87074E-1 3.85445E-1 3.84376E-1 3.89131E-1 3.89686E-1 3.93504E-1 3.96857E-1 3.97672E-1 4.02572E-1 4.03007E-1 4.03482E-1 4.04037E-1 4.10306E-1 4.16243E-1 4.21755E-1 4.24983E-1 4.2819E-1 4.29238E-1
3.73845E-1 4.40314E-1 4.76774E-1 4.87914E-1 4.6662E-1 3.89187E-1 3.59526E-1 3.61529E-1 3.69475E-1 3.76494E-1 3.75808E-1 3.78797E-1 3.76361E-1 3.82561E-1 3.94987E-1 3.92058E-1 3.88197E-1 3.84857E-1 3.83518E-1 4.00029E-1 4.19E-1 3.98544E-1 4.03822E-1 3.98589E-1 3.93517E-1 3.86063E-1 3.77621E-1 3.7792E-1 3.76626E-1 3.80545E-1 3.95115E-1 3.881E-1 3.79216E-1 3.75677E-1 3.79848E-1 3.83548E-1 3.88888E-1 3.93323E-1 3.9476E-1 3.96045E-1 4.00932E-1 3.90478E-1 3.85026E-1 3.83528E-1 3.82294E-1 3.83491E-1 3.85139E-1 3.90395E-1 3.96006E-1 4.0063E-1 4.01704E-1 3.99814E-1 4.03324E-1 4.04428E-1 4.03921E-1 4.12348E-1 4.18529E-1 4.2367E-1 4.34429E-1 4.3501E-1 4.35231E-1
3.54245E-1 3.66085E-1 4.17311E-1 4.47972E-1 4.71397E-1 4.38336E-1 3.92834E-1 3.80221E-1 3.71629E-1 3.6507E-1 3.72403E-1 3.72281E-1 3.71476E-1 3.75605E-1 3.81054E-1 3.78896E-1 3.73251E-1 3.88898E-1 3.83703E-1 3.88165E-1 4.08644E-1 4.20428E-1 4.34306E-1 4.1804E-1 4.06012E-1 3.94767E-1 3.84822E-1 3.83566E-1 3.79507E-1 3.81111E-1 3.95289E-1 3.88072E-1 3.76633E-1 3.6856E-1 3.63961E-1 3.68282E-1 3.78937E-1 3.86277E-1 3.87257E-1 3.87595E-1 3.86093E-1 3.85864E-1 3.82716E-1 3.86028E-1 3.85841E-1 3.87192E-1 3.90275E-1 3.95889E-1 3.99885E-1 4.03133E-1 4.06968E-1 4.07289E-1 4.106E-1 4.04654E-1 4.06231E-1 4.12412E-1 4.15716E-1 4.23073E-1 4.25405E-1 4.29257E-1 4.23401E-1
3.47405E-1 3.48316E-1 3.57057E-1 3.69385E-1 3.87877E-1 3.94946E-1 3.89468E-1 3.86821E-1 3.74402E-1 3.80225E-1 3.87135E-1 3.9466E-1 3.85919E-1 3.81041E-1 3.84847E-1 3.81755E-1 3.89224E-1 3.93878E-1 3.99806E-1 4.02127E-1 3.90321E-1 3.84297E-1 4.18035E-1 4.3691E-1 4.34398E-1 4.12993E-1 4.05888E-1 3.95203E-1 3.93368E-1 3.8713E-1 3.87755E-1 3.76061E-1 3.70322E-1 3.67633E-1 3.64159E-1 3.6488E-1 3.6907E-1 3.70651E-1 3.74716E-1 3.77821E-1 3.80899E-1 3.79632E-1 3.83896E-1 3.8273E-1 3.87854E-1 3.90604E-1 3.92439E-1 3.9641E-1 4.0006E-1 4.01235E-1 4.0473E-1 4.0597E-1 4.0692E-1 4.03648E-1 4.0852E-1 4.07627E-1 4.1138E-1 4.1778E-1 4.24964E-1 4.27444E-1 4.22451E-1
3.41154E-1 3.4601E-1 3.41707E-1 3.53904E-1 3.7357E-1 3.88073E-1 3.78725E-1 3.74099E-1 3.7541E-1 3.68935E-1 3.66668E-1 3.73017E-1 4.01505E-1 3.8735E-1 4.09258E-1 3.96582E-1 3.95616E-1 4.01589E-1 4.26646E-1 4.13164E-1 3.95499E-1 3.87527E-1 3.85037E-1 4.02491E-1 4.27461E-1 4.27821E-1 4.11237E-1 4.01467E-1 3.96175E-1 3.99675E-1 3.95787E-1 3.88446E-1 3.78974E-1 3.72156E-1 3.6981E-1 3.72249E-1 3.73942E-1 3.69859E-1 3.69197E-1 3.75314E-1 3.8106E-1 3.78316E-1 3.80866E-1 3.81242E-1 3.83926E-1 3.86955E-1 3.87876E-1 3.90113E-1 3.95142E-1 3.9987E-1 4.00879E-1 4.03832E-1 4.06205E-1 4.05032E-1 4.06797E-1 4.02412E-1 4.03197E-1 4.12656E-1 4.17439E-1 4.20126E-1 4.19043E-1
3.55059E-1 3.58036E-1 3.58984E-1 3.852E-1 3.88342E-1 3.81335E-1 3.65572E-1 3.63066E-1 3.61281E-1 3.61916E-1 3.65227E-1 3.71631E-1 3.80618E-1 3.79698E-1 3.80278E-1 3.93577E-1 3.94271E-1 3.96412E-1 4.208E-1 4.10529E-1 4.12246E-1 3.99503E-1 3.9242E-1 3.94635E-1 4.10374E-1 4.159E-1 4.15631E-1 4.05354E-1 4.03149E-1 4.04495E-1 4.02192E-1 3.91254E-1 3.8388E-1 3.7751E-1 3.73079E-1 3.72945E-1 3.76951E-1 3.77501E-1 3.73275E-1 3.74117E-1 3.77648E-1 3.7971E-1 3.80428E-1 3.77351E-1 3.80616E-1 3.85828E-1 3.90258E-1 3.90548E-1 3.99411E-1 4.06294E-1 4.07573E-1 4.05118E-1 4.02444E-1 4.01809E-1 4.06165E-1 4.06297E-1 4.02175E-1 4.05288E-1 4.13982E-1 4.1732E-1 4.13198E-1
3.608E-1 3.62367E-1 3.72699E-1 3.81173E-1 3.88122E-1 3.75997E-1 3.69202E-1 3.64869E-1 3.67805E-1 3.71806E-1 3.80089E-1 3.86761E-1 3.86486E-1 3.92054E-1 3.99292E-1 4.00525E-1 3.92304E-1 3.90109E-1 4.00941E-1 4.06768E-1 4.10121E-1 4.08618E-1 3.99796E-1 3.96388E-1 4.07124E-1 4.13093E-1 4.13706E-1 4.06964E-1 4.06213E-1 4.02839E-1 3.98749E-1 3.90912E-1 3.85111E-1 3.81322E-1 3.78517E-1 3.81388E-1 3.80118E-1 3.81536E-1 3.84566E-1 3.86687E-1 3.85279E-1 3.80696E-1 3.78029E-1 3.7591E-1 3.81155E-1 3.88299E-1 3.96955E-1 4.02203E-1 4.11393E-1 4.13034E-1 4.12071E-1 4.06179E-1 4.0228E-1 4.01825E-1 4.0738E-1 4.13372E-1 4.13964E-1 4.12162E-1 4.12145E-1 4.09592E-1 4.09902E-1
3.64396E-1 3.66337E-1 3.77115E-1 3.80913E-1 3.87932E-1 3.83245E-1 3.83432E-1 3.73234E-1 3.76664E-1 3.73173E-1 3.84115E-1 3.94421E-1 3.9514E-1 3.98587E-1 4.11048E-1 4.02027E-1 3.97181E-1 3.95544E-1 4.18033E-1 4.32978E-1 4.30103E-1 4.25994E-1 4.11894E-1 4.00061E-1 4.00525E-1 4.10778E-1 4.12238E-1 4.12673E-1 4.06964E-1 4.01058E-1 3.98241E-1 3.97777E-1 3.97182E-1 3.93143E-1 3.86892E-1 4.00172E-1 3.98943E-1 3.92263E-1 3.83527E-1 3.84524E-1 3.86862E-1 3.84712E-1 3.77738E-1 3.74268E-1 3.79069E-1 3.91186E-1 4.05859E-1 4.19509E-1 4.26371E-1 4.19006E-1 4.10089E-1 4.03595E-1 3.98384E-1 4.00039E-1 4.05357E-1 4.12068E-1 4.14832E-1 4.10165E-1 4.09729E-1 4.10372E-1 4.10433E-1
3.69847E-1 3.77449E-1 3.81103E-1 3.77642E-1 3.81019E-1 3.87451E-1 3.84213E-1 3.81699E-1 3.86945E-1 3.83885E-1 3.79197E-1 3.93158E-1 4.01804E-1 4.29014E-1 4.17163E-1 4.08399E-1 4.00921E-1 3.90091E-1 4.46394E-1 4.50629E-1 4.77373E-1 4.46733E-1 4.17186E-1 4.00751E-1 3.99226E-1 4.19921E-1 4.2023E-1 4.14622E-1 4.09696E-1 4.03425E-1 4.00575E-1 3.98403E-1 3.95045E-1 3.93141E-1 3.95E-1 3.93993E-1 3.95682E-1 3.96113E-1 3.95708E-1 3.88052E-1 3.79757E-1 3.81201E-1 3.81443E-1 3.81058E-1 3.83865E-1 3.94163E-1 4.12589E-1 4.333E-1 4.35619E-1 4.19837E-1 4.05741E-1 3.9527E-1 3.8725E-1 3.94097E-1 4.01765E-1 4.0545E-1 4.0922E-1 4.07901E-1 4.05343E-1 4.08587E-1 4.11046E-1
3.71124E-1 3.78441E-1 3.8607E-1 4.01343E-1 3.90005E-1 3.88435E-1 3.95757E-1 3.82849E-1 3.84074E-1 3.84759E-1 3.82796E-1 3.90873E-1 3.96874E-1 4.26128E-1 4.3222E-1 4.28255E-1 4.08148E-1 4.03156E-1 4.50192E-1 5.05101E-1 5.19657E-1 4.8149E-1 4.29684E-1 4.07744E-1 3.97546E-1 4.19817E-1 4.21954E-1 4.15111E-1 4.10765E-1 4.03253E-1 3.99097E-1 4.03657E-1 4.02716E-1 3.98676E-1 3.92005E-1 3.90411E-1 3.93068E-1 3.95753E-1 3.92915E-1 3.91054E-1 3.87955E-1 3.87921E-1 3.84383E-1 3.82656E-1 3.85466E-1 3.92568E-1 4.04415E-1 4.18248E-1 4.19761E-1 4.12058E-1 4.0364E-1 3.93323E-1 3.89842E-1 3.9261E-1 3.96394E-1 4.00887E-1 4.05796E-1 4.03939E-1 4.05312E-1 4.03681E-1 4.08746E-1
3.82381E-1 3.81847E-1 3.96029E-1 3.99542E-1 3.95419E-1 3.93301E-1 3.97178E-1 3.86798E-1 3.83032E-1 3.81966E-1 3.94296E-1 3.91731E-1 4.0085E-1 4.1709E-1 4.45162E-1 5.11432E-1 4.64041E-1 4.2488E-1 4.3269E-1 4.88073E-1 5.1582E-1 4.74361E-1 4.46219E-1 4.19632E-1 4.07866E-1 4.3001E-1 4.25463E-1 4.11804E-1 4.11121E-1 4.04781E-1 4.00221E-1 4.01263E-1 3.97693E-1 3.91957E-1 3.90393E-1 3.9192E-1 3.90401E-1 3.87701E-1 3.86822E-1 3.82661E-1 3.84495E-1 3.85723E-1 3.86843E-1 3.834E-1 3.83671E-1 3.88783E-1 3.98009E-1 4.04561E-1 3.94931E-1 3.96446E-1 3.9509E-1 3.92066E-1 3.90907E-1 3.94433E-1 3.96538E-1 3.9765E-1 4.00941E-1 4.05534E-1 4.05175E-1 4.03862E-1 4.06096E-1
4.00708E-1 3.93604E-1 4.086E-1 4.04827E-1 4.11737E-1 3.92754E-1 3.92443E-1 3.88607E-1 3.90641E-1 3.91235E-1 3.85596E-1 3.90395E-1 3.95576E-1 4.10875E-1 4.43938E-1 4.75062E-1 5.08249E-1 5.0966E-1 4.80506E-1 4.59815E-1 5.06461E-1 4.87826E-1 4.4633E-1 4.33386E-1 4.31119E-1 4.27146E-1 4.25806E-1 4.21222E-1 4.17402E-1 4.1192E-1 4.05943E-1 3.99413E-1 3.97009E-1 3.90722E-1 3.92197E-1 3.91576E-1 3.90608E-1 3.90129E-1 3.88624E-1 3.85558E-1 3.85737E-1 3.90931E-1 3.90357E-1 3.83668E-1 3.78999E-1 3.81551E-1 3.8162E-1 3.80777E-1 3.84147E-1 3.86864E-1 3.87862E-1 3.93572E-1 3.93654E-1 4.02481E-1 4.05483E-1 4.00898E-1 4.01332E-1 4.01858E-1 4.0381E-1 4.0276E-1 4.03109E-1
4.31092E-1 4.19743E-1 4.11915E-1 4.11079E-1 4.18055E-1 4.0099E-1 3.91079E-1 3.90894E-1 3.90004E-1 3.84467E-1 3.9205E-1 3.95189E-1 3.98375E-1 4.49276E-1 4.49954E-1 4.665E-1 4.97661E-1 5.16816E-1 5.19643E-1 4.69544E-1 4.77169E-1 5.08453E-1 4.6735E-1 4.89473E-1 4.78686E-1 4.48192E-1 4.31468E-1 4.28885E-1 4.14569E-1 4.10732E-1 4.05127E-1 3.94063E-1 3.85903E-1 3.88329E-1 3.90917E-1 3.93246E-1 3.90529E-1 3.84367E-1 3.88387E-1 3.86863E-1 3.88046E-1 3.87825E-1 3.86347E-1 3.83504E-1 3.80216E-1 3.80718E-1 3.8256E-1 3.83253E-1 3.85105E-1 3.87634E-1 3.87981E-1 3.92319E-1 3.95134E-1 3.98952E-1 4.09793E-1 4.12939E-1 4.0724E-1 4.02276E-1 4.00964E-1 4.03752E-1 4.05233E-1
4.64087E-1 4.23845E-1 4.06348E-1 4.21565E-1 4.0717E-1 3.98532E-1 3.97714E-1 3.75056E-1 3.81864E-1 3.87721E-1 3.97841E-1 4.05957E-1 4.04749E-1 4.69745E-1 4.88273E-1 4.92175E-1 4.74508E-1 4.88498E-1 5.05861E-1 4.54947E-1 4.44786E-1 4.62377E-1 5.19549E-1 5.11641E-1 4.79422E-1 4.5625E-1 4.36544E-1 4.16267E-1 4.04004E-1 3.95546E-1 3.9481E-1 3.91565E-1 3.81813E-1 3.85131E-1 3.83292E-1 3.81791E-1 3.75552E-1 3.73281E-1 3.75646E-1 3.78772E-1 3.84231E-1 3.8526E-1 3.83422E-1 3.82156E-1 3.81461E-1 3.7951E-1 3.82872E-1 3.86203E-1 3.88114E-1 3.86683E-1 3.91514E-1 3.9595E-1 3.96313E-1 4.01171E-1 4.01129E-1 4.02841E-1 4.0201E-1 4.03722E-1 4.07649E-1 4.10905E-1 4.11649E-1
3.98338E-1 3.7057E-1 3.73285E-1 3.98307E-1 4.21161E-1 4.10185E-1 4.0365E-1 3.8688E-1 3.78837E-1 3.805E-1 3.87111E-1 3.92159E-1 3.94446E-1 3.95475E-1 4.15178E-1 4.52383E-1 4.28096E-1 4.94804E-1 5.00408E-1 4.57779E-1 4.48433E-1 4.64545E-1 5.05975E-1 5.18752E-1 5.08077E-1 4.92654E-1 4.52945E-1 4.08928E-1 3.95462E-1 3.93219E-1 3.90968E-1 3.82721E-1 3.83532E-1 3.80293E-1 3.76663E-1 3.74162E-1 3.73174E-1 3.70207E-1 3.70364E-1 3.76755E-1 3.79709E-1 3.80579E-1 3.80784E-1 3.84362E-1 3.84709E-1 3.84268E-1 3.83657E-1 3.86767E-1 3.92297E-1 3.91912E-1 3.93268E-1 3.98318E-1 3.98009E-1 4.03605E-1 4.03918E-1 3.96986E-1 3.95258E-1 3.97822E-1 4.07766E-1 4.1395E-1 4.1429E-1
