maxent_outputs/white_flowers_troch_bombus_environ/white_350.asc
ncols         426
nrows         180
xllcorner     -130.0
yllcorner     24.0
cellsize      0.16666666666666666
NODATA_value  -9999
[rows 27 to 53 of 180, columns 61 to 121 of 426]
5.08745E-2 8.0247E-2 4.20956E-2 3.98761E-2 4.33801E-2 4.61965E-2 4.19741E-2 4.52054E-2 5.07088E-2 4.46767E-2 7.5002E-2 5.57463E-2 4.84542E-2 6.43884E-2 4.99542E-2 4.42044E-2 3.61065E-2 3.88882E-2 6.87679E-2 3.12927E-2 3.34463E-2 3.2448E-2 3.27621E-2 3.42607E-2 3.59458E-2 3.51903E-2 3.96398E-2 3.49819E-2 3.12933E-2 2.84509E-2 2.64619E-2 2.79151E-2 3.4352E-2 3.80737E-2 3.80781E-2 3.48184E-2 3.30744E-2 3.33854E-2 3.51653E-2 3.41813E-2 3.39638E-2 3.56326E-2 3.54667E-2 3.59359E-2 3.48441E-2 3.48047E-2 3.33939E-2 3.19767E-2 3.06622E-2 3.03028E-2 3.00086E-2 2.90569E-2 2.81186E-2 2.67329E-2 2.41795E-2 2.17132E-2 1.98263E-2 1.96381E-2 1.93833E-2 1.95896E-2 1.94204E-2
5.52025E-2 7.41269E-2 4.58983E-2 3.99591E-2 4.60835E-2 4.88988E-2 4.49434E-2 4.5015E-2 5.71393E-2 5.09206E-2 4.522E-2 4.56007E-2 6.02096E-2 6.10806E-2 4.76123E-2 4.8145E-2 3.67931E-2 3.60744E-2 5.25858E-2 4.7906E-2 3.79225E-2 3.51237E-2 3.24783E-2 3.3518E-2 3.20268E-2 3.20236E-2 4.10821E-2 4.32725E-2 3.70475E-2 3.02295E-2 2.70596E-2 2.74657E-2 2.85355E-2 3.09591E-2 3.16597E-2 3.55799E-2 3.49185E-2 3.48763E-2 3.3893E-2 3.40928E-2 3.28856E-2 3.24016E-2 3.09436E-2 3.0187E-2 3.01821E-2 3.19425E-2 3.30618E-2 3.18754E-2 3.02027E-2 2.92166E-2 2.8921E-2 2.84289E-2 2.80157E-2 2.73687E-2 2.57532E-2 2.28543E-2 2.02489E-2 1.93066E-2 1.87433E-2 1.75664E-2 1.72852E-2
6.22353E-2 7.02676E-2 6.41125E-2 4.05675E-2 4.2035E-2 4.73769E-2 4.87041E-2 4.99435E-2 5.85523E-2 7.08751E-2 4.94737E-2 5.32486E-2 6.29638E-2 6.74096E-2 5.37218E-2 5.55875E-2 3.7906E-2 3.6215E-2 3.94358E-2 6.7569E-2 4.97251E-2 3.87384E-2 3.69919E-2 3.25973E-2 3.35143E-2 3.46566E-2 3.38231E-2 4.89393E-2 4.41127E-2 2.9703E-2 2.70426E-2 3.00652E-2 3.01482E-2 2.71589E-2 2.78516E-2 3.51202E-2 3.62372E-2 3.40138E-2 3.24738E-2 3.23913E-2 3.13325E-2 2.99074E-2 2.95549E-2 2.90991E-2 2.73696E-2 2.83675E-2 3.04981E-2 2.9933E-2 3.13124E-2 3.26621E-2 3.31329E-2 3.12851E-2 3.00144E-2 2.83583E-2 2.61065E-2 2.59122E-2 2.45805E-2 2.10081E-2 1.83527E-2 1.74436E-2 1.72914E-2
5.20314E-2 7.27374E-2 8.39403E-2 4.03865E-2 3.62687E-2 4.66952E-2 5.17411E-2 5.47293E-2 4.90376E-2 6.46667E-2 6.15019E-2 6.87744E-2 7.10157E-2 6.16932E-2 5.62629E-2 5.33702E-2 4.22923E-2 4.26841E-2 3.55536E-2 4.66809E-2 6.52947E-2 4.62028E-2 3.62591E-2 3.30297E-2 3.81095E-2 3.558E-2 3.23944E-2 4.83459E-2 4.99328E-2 3.52769E-2 2.88046E-2 2.93432E-2 3.39082E-2 2.91484E-2 2.63553E-2 2.8213E-2 2.89739E-2 3.13523E-2 3.3153E-2 3.12717E-2 3.04636E-2 2.98972E-2 3.02225E-2 2.96948E-2 2.77738E-2 2.79563E-2 2.90841E-2 3.19526E-2 2.90291E-2 2.69309E-2 2.86278E-2 2.78698E-2 2.92933E-2 3.1416E-2 2.78609E-2 2.60687E-2 2.61281E-2 2.4661E-2 2.27818E-2 2.2269E-2 2.20859E-2
5.07732E-2 6.78667E-2 8.12674E-2 4.66717E-2 4.25605E-2 4.32897E-2 4.81327E-2 4.72909E-2 4.47237E-2 6.00064E-2 7.63984E-2 6.74926E-2 5.78767E-2 5.73832E-2 6.31376E-2 4.90693E-2 4.85245E-2 5.8268E-2 4.13721E-2 3.58459E-2 6.46276E-2 6.37806E-2 4.9218E-2 4.17147E-2 3.86658E-2 3.34379E-2 3.59246E-2 4.24448E-2 3.79003E-2 4.29943E-2 3.16748E-2 2.80844E-2 3.08476E-2 3.49648E-2 3.16087E-2 2.58287E-2 2.55505E-2 2.96553E-2 3.34729E-2 3.20665E-2 3.06538E-2 3.1312E-2 3.13383E-2 3.20075E-2 3.10564E-2 2.93504E-2 3.26738E-2 3.29473E-2 2.82522E-2 2.73543E-2 2.654E-2 2.50236E-2 2.63547E-2 2.75153E-2 2.73765E-2 2.6554E-2 2.54627E-2 2.58856E-2 2.59935E-2 2.48983E-2 2.55171E-2
5.3924E-2 6.74656E-2 6.48523E-2 4.74742E-2 4.92309E-2 4.8352E-2 5.21801E-2 4.6406E-2 4.8624E-2 6.34961E-2 8.08686E-2 6.98356E-2 6.00125E-2 5.51742E-2 6.06329E-2 5.87129E-2 5.5462E-2 7.22471E-2 4.65915E-2 4.18026E-2 6.4645E-2 4.42952E-2 4.99224E-2 5.67288E-2 3.64786E-2 4.17392E-2 3.63613E-2 5.17256E-2 3.55852E-2 3.68102E-2 3.73184E-2 3.87807E-2 3.23703E-2 3.15839E-2 3.79915E-2 4.35589E-2 2.79946E-2 2.51223E-2 2.61879E-2 3.34464E-2 3.22574E-2 3.49654E-2 3.63447E-2 3.77127E-2 3.95705E-2 3.89876E-2 4.02763E-2 3.37841E-2 3.05226E-2 2.86848E-2 2.75502E-2 2.60958E-2 2.58513E-2 2.53166E-2 2.51679E-2 2.57639E-2 2.57709E-2 2.5996E-2 2.60371E-2 2.66431E-2 2.71849E-2
5.78027E-2 7.94576E-2 6.9682E-2 5.03015E-2 4.75027E-2 5.49866E-2 5.70602E-2 4.63836E-2 5.71573E-2 8.4343E-2 6.54744E-2 6.97965E-2 6.51917E-2 5.56425E-2 5.76384E-2 6.35496E-2 6.0467E-2 6.60412E-2 5.05306E-2 5.55456E-2 6.84285E-2 4.61614E-2 3.77276E-2 5.98279E-2 4.24621E-2 5.63773E-2 5.05784E-2 5.14978E-2 3.73387E-2 3.54306E-2 3.26462E-2 4.15666E-2 4.58722E-2 4.28636E-2 4.34633E-2 3.71276E-2 3.31868E-2 2.65567E-2 2.40909E-2 3.33208E-2 3.39168E-2 3.61187E-2 3.84636E-2 3.91549E-2 3.9217E-2 3.80443E-2 3.8256E-2 3.50047E-2 3.34095E-2 3.16865E-2 2.91134E-2 2.81E-2 2.67707E-2 2.6361E-2 2.59427E-2 2.56943E-2 2.57104E-2 2.59897E-2 2.6064E-2 2.77483E-2 2.91722E-2
7.23023E-2 6.82497E-2 7.03398E-2 6.56877E-2 6.33223E-2 6.4054E-2 6.4368E-2 5.88713E-2 6.37283E-2 7.79115E-2 6.92596E-2 6.16326E-2 7.03098E-2 6.0478E-2 6.38796E-2 6.65772E-2 6.75346E-2 6.93892E-2 6.4947E-2 7.64918E-2 8.76151E-2 6.02473E-2 3.91863E-2 5.13539E-2 3.6599E-2 4.50702E-2 4.60749E-2 4.70777E-2 4.25376E-2 3.96272E-2 3.11907E-2 3.89857E-2 4.55855E-2 4.63865E-2 4.01894E-2 3.58076E-2 3.13914E-2 3.13337E-2 2.79995E-2 2.77905E-2 3.06917E-2 3.49075E-2 3.76195E-2 4.03474E-2 3.87414E-2 3.63545E-2 3.59169E-2 3.39364E-2 3.20459E-2 2.97733E-2 2.95392E-2 2.91412E-2 2.94074E-2 2.80362E-2 2.79608E-2 2.77935E-2 2.65463E-2 2.63086E-2 2.59462E-2 2.73831E-2 2.71885E-2
7.23728E-2 7.35126E-2 6.61804E-2 6.89187E-2 6.87939E-2 6.70588E-2 7.25817E-2 7.30438E-2 7.97602E-2 8.76587E-2 6.3837E-2 6.63588E-2 6.97212E-2 6.65573E-2 6.87827E-2 6.84213E-2 6.83708E-2 6.73659E-2 7.12048E-2 7.50826E-2 8.90461E-2 6.63693E-2 5.94762E-2 5.60229E-2 4.77706E-2 3.56307E-2 4.74471E-2 4.4463E-2 4.32392E-2 3.98387E-2 4.04508E-2 4.13188E-2 4.41067E-2 5.31424E-2 5.82814E-2 3.74298E-2 3.21271E-2 2.97959E-2 2.66246E-2 2.62834E-2 2.53507E-2 2.59866E-2 3.24409E-2 3.72268E-2 3.64024E-2 3.43839E-2 3.44009E-2 3.40677E-2 3.32852E-2 3.21096E-2 3.13869E-2 3.27134E-2 3.23354E-2 3.19639E-2 3.29939E-2 3.27811E-2 3.01777E-2 2.92673E-2 2.79819E-2 2.59504E-2 2.56159E-2
5.28022E-2 5.87385E-2 5.50147E-2 5.75838E-2 8.01905E-2 7.15789E-2 8.24486E-2 7.99446E-2 8.72525E-2 8.43426E-2 7.68198E-2 7.69068E-2 8.32252E-2 7.51398E-2 7.50923E-2 7.41785E-2 6.63554E-2 7.17489E-2 6.9303E-2 7.06868E-2 6.28543E-2 5.45211E-2 5.11372E-2 4.83872E-2 5.82122E-2 4.76575E-2 4.49947E-2 4.26974E-2 4.22136E-2 3.64072E-2 4.18078E-2 4.31822E-2 4.46536E-2 5.52904E-2 7.40556E-2 4.57716E-2 3.35606E-2 2.92828E-2 3.07914E-2 2.52842E-2 2.41755E-2 2.36655E-2 2.84723E-2 3.57465E-2 3.89678E-2 4.201E-2 4.02635E-2 4.22013E-2 4.14421E-2 4.03663E-2 3.8557E-2 3.87411E-2 3.61812E-2 3.47908E-2 3.54686E-2 3.73932E-2 3.46409E-2 3.22747E-2 3.37144E-2 3.0586E-2 2.79412E-2
5.26135E-2 5.67162E-2 5.49182E-2 6.77281E-2 6.37494E-2 6.27579E-2 6.10899E-2 5.85114E-2 6.51841E-2 6.72966E-2 7.10843E-2 7.03419E-2 7.10374E-2 8.29035E-2 9.18988E-2 8.16119E-2 8.17522E-2 8.00507E-2 8.18982E-2 6.81236E-2 5.93981E-2 5.80115E-2 5.62713E-2 5.33547E-2 4.7796E-2 5.49374E-2 4.79632E-2 3.74814E-2 4.58022E-2 3.81471E-2 4.28989E-2 4.85467E-2 4.88957E-2 5.61824E-2 6.91289E-2 4.08651E-2 3.76011E-2 2.50478E-2 2.89238E-2 2.39116E-2 2.48553E-2 2.75841E-2 2.57166E-2 3.5134E-2 3.9151E-2 4.33104E-2 4.33969E-2 4.03646E-2 4.00023E-2 3.62913E-2 3.54881E-2 3.81472E-2 3.97321E-2 4.01389E-2 4.00713E-2 3.85918E-2 3.65988E-2 3.5523E-2 3.46821E-2 3.56985E-2 3.32268E-2
6.02003E-2 6.12281E-2 7.61075E-2 8.36875E-2 7.01849E-2 7.12598E-2 6.81482E-2 6.50859E-2 6.28757E-2 6.2332E-2 6.29145E-2 6.50974E-2 7.14924E-2 7.7263E-2 9.01826E-2 8.62565E-2 7.90041E-2 8.1223E-2 9.65419E-2 8.24547E-2 7.62048E-2 7.22077E-2 6.28868E-2 5.59102E-2 4.3428E-2 4.68197E-2 5.25277E-2 4.95385E-2 4.65944E-2 4.84499E-2 4.56938E-2 5.15019E-2 4.96261E-2 5.33756E-2 5.0679E-2 3.04934E-2 3.99346E-2 2.53091E-2 2.67924E-2 2.59457E-2 2.44424E-2 2.98646E-2 3.15741E-2 3.65574E-2 3.89153E-2 3.99519E-2 4.20738E-2 4.33447E-2 4.16363E-2 4.20864E-2 4.01409E-2 4.07975E-2 4.06482E-2 3.98573E-2 3.65814E-2 3.4787E-2 3.62403E-2 3.70087E-2 3.51193E-2 3.50331E-2 3.37229E-2
7.2567E-2 7.42945E-2 9.94283E-2 8.92128E-2 8.8284E-2 8.2965E-2 8.03278E-2 7.51432E-2 6.96213E-2 6.83893E-2 7.20087E-2 7.29477E-2 8.11241E-2 8.67636E-2 8.20452E-2 8.00042E-2 7.47043E-2 7.63026E-2 8.67778E-2 7.81276E-2 5.91989E-2 5.894E-2 5.03151E-2 4.64707E-2 4.09106E-2 4.05717E-2 4.30311E-2 4.40603E-2 4.54601E-2 5.45026E-2 5.08707E-2 5.18503E-2 5.06621E-2 5.33479E-2 5.14309E-2 2.90326E-2 3.27123E-2 3.28358E-2 2.58012E-2 2.73123E-2 2.71652E-2 2.63648E-2 2.8935E-2 3.4572E-2 3.73721E-2 3.79669E-2 3.84338E-2 3.89659E-2 4.05996E-2 4.1162E-2 4.04985E-2 3.94231E-2 3.7964E-2 3.76102E-2 3.14622E-2 2.79337E-2 3.1109E-2 3.43801E-2 3.59977E-2 3.46445E-2 3.39636E-2
9.45581E-2 1.02714E-1 9.5462E-2 9.55123E-2 8.76706E-2 8.07946E-2 8.01354E-2 7.75472E-2 7.57972E-2 7.85733E-2 8.38109E-2 8.72346E-2 8.93928E-2 9.44738E-2 8.90079E-2 8.32581E-2 8.15575E-2 7.7302E-2 7.09319E-2 7.23079E-2 6.47946E-2 5.95274E-2 5.58175E-2 5.04488E-2 4.43926E-2 4.33643E-2 4.15887E-2 4.53242E-2 4.93794E-2 4.92985E-2 4.29723E-2 3.99768E-2 4.31441E-2 4.89122E-2 4.86531E-2 3.69309E-2 2.96256E-2 3.15775E-2 2.99297E-2 2.57328E-2 2.51414E-2 2.30401E-2 2.37035E-2 2.83025E-2 3.28043E-2 3.6997E-2 3.87451E-2 3.68004E-2 4.1045E-2 4.04402E-2 3.9452E-2 3.5408E-2 3.32868E-2 3.35338E-2 3.19096E-2 3.14905E-2 3.23725E-2 3.27944E-2 3.26202E-2 3.31181E-2 3.34702E-2
1.04914E-1 1.05016E-1 1.22548E-1 1.22106E-1 1.10328E-1 9.61554E-2 8.85546E-2 8.34082E-2 8.2641E-2 8.91128E-2 9.35218E-2 9.58899E-2 9.95975E-2 9.86205E-2 9.37951E-2 8.55669E-2 8.33166E-2 8.28911E-2 7.46835E-2 6.65161E-2 6.42056E-2 5.57821E-2 4.71033E-2 3.98481E-2 4.01021E-2 3.96345E-2 4.15981E-2 3.73036E-2 3.77194E-2 4.46054E-2 4.77312E-2 4.19965E-2 4.39506E-2 4.09333E-2 4.18152E-2 3.08671E-2 3.12723E-2 3.01862E-2 3.20428E-2 2.97926E-2 2.69941E-2 2.45373E-2 2.49827E-2 2.74994E-2 2.86221E-2 3.36717E-2 3.94522E-2 4.21723E-2 3.40871E-2 3.49229E-2 3.32859E-2 3.31007E-2 2.73296E-2 2.79277E-2 2.64246E-2 2.49223E-2 2.90011E-2 3.13159E-2 3.24538E-2 3.28328E-2 3.25538E-2
1.19974E-1 1.24315E-1 1.32904E-1 1.39852E-1 1.17456E-1 1.02814E-1 9.63062E-2 9.4298E-2 9.27949E-2 9.98096E-2 1.03956E-1 1.09276E-1 1.05582E-1 1.03776E-1 1.00302E-1 9.17807E-2 8.55248E-2 8.43256E-2 8.00171E-2 7.14279E-2 6.45438E-2 5.94974E-2 5.04593E-2 5.92814E-2 5.53088E-2 4.70995E-2 4.42676E-2 3.81713E-2 3.62255E-2 3.5454E-2 4.37576E-2 3.99932E-2 4.02052E-2 4.25668E-2 4.5718E-2 3.98608E-2 3.5227E-2 3.54633E-2 3.48566E-2 3.15892E-2 2.67364E-2 2.68028E-2 3.13184E-2 3.00027E-2 2.85361E-2 2.90312E-2 3.28431E-2 3.33522E-2 2.62602E-2 2.56318E-2 2.5439E-2 2.77176E-2 2.39081E-2 2.2115E-2 2.13413E-2 2.16096E-2 2.42039E-2 2.78973E-2 3.0401E-2 3.17802E-2 3.18095E-2
1.38645E-1 1.43406E-1 1.34165E-1 1.37107E-1 1.35151E-1 1.18488E-1 1.14516E-1 1.06572E-1 1.12758E-1 1.25558E-1 1.24413E-1 1.20741E-1 1.23009E-1 1.23975E-1 1.16809E-1 9.51081E-2 8.69123E-2 7.7412E-2 7.36248E-2 7.11579E-2 7.06349E-2 6.71795E-2 6.58741E-2 6.51554E-2 4.61168E-2 4.82656E-2 4.70649E-2 4.13376E-2 3.84574E-2 3.37726E-2 3.33468E-2 3.63945E-2 3.65191E-2 3.74603E-2 4.42859E-2 3.67899E-2 3.75681E-2 3.45771E-2 3.18633E-2 3.02821E-2 2.83037E-2 2.83849E-2 2.69375E-2 2.48831E-2 2.77281E-2 2.90179E-2 3.01148E-2 3.24314E-2 2.92388E-2 2.48774E-2 2.45979E-2 2.54049E-2 2.46984E-2 2.26456E-2 2.23589E-2 2.18329E-2 2.2344E-2 2.31855E-2 2.53362E-2 2.87368E-2 2.89662E-2
1.41321E-1 1.38749E-1 1.45439E-1 1.589E-1 1.50948E-1 1.3628E-1 1.26989E-1 1.39571E-1 1.49541E-1 1.6253E-1 1.59278E-1 1.55145E-1 1.53383E-1 1.28651E-1 1.12367E-1 1.04705E-1 8.58203E-2 8.02279E-2 9.60801E-2 9.94631E-2 7.81108E-2 1.05641E-1 7.62293E-2 5.8586E-2 4.59381E-2 4.4864E-2 4.70606E-2 3.76011E-2 3.79371E-2 3.63856E-2 3.46309E-2 2.95527E-2 2.84098E-2 2.93304E-2 4.64974E-2 3.71804E-2 3.22452E-2 3.25762E-2 3.06289E-2 2.89649E-2 2.9337E-2 2.77101E-2 2.68018E-2 2.49791E-2 2.41378E-2 2.81992E-2 3.07134E-2 3.07558E-2 3.05454E-2 3.19387E-2 2.57027E-2 2.44565E-2 2.51478E-2 2.46073E-2 2.40943E-2 2.39258E-2 2.51106E-2 2.59454E-2 2.75033E-2 2.94368E-2 3.02609E-2
9.60072E-2 1.19268E-1 1.47774E-1 1.73024E-1 1.75676E-1 1.55264E-1 1.51652E-1 1.6043E-1 1.31537E-1 1.23827E-1 1.35658E-1 1.30087E-1 1.15905E-1 9.13059E-2 8.71079E-2 1.2321E-1 1.28657E-1 1.25412E-1 1.23142E-1 8.96236E-2 8.69801E-2 9.20668E-2 8.03735E-2 5.62068E-2 5.21178E-2 4.68516E-2 4.68925E-2 4.40501E-2 4.09877E-2 3.85114E-2 3.30339E-2 3.30868E-2 2.76417E-2 3.5178E-2 4.66866E-2 3.32597E-2 2.92724E-2 2.86339E-2 2.62645E-2 2.75201E-2 2.70132E-2 2.66848E-2 2.62216E-2 2.46258E-2 2.59817E-2 2.58164E-2 2.75744E-2 2.68845E-2 2.5034E-2 3.17748E-2 2.98287E-2 2.45551E-2 2.44626E-2 2.49008E-2 2.37649E-2 2.44204E-2 2.71571E-2 2.99198E-2 3.10478E-2 3.1726E-2 3.29102E-2
1.42856E-1 1.41631E-1 1.65269E-1 1.9606E-1 2.01281E-1 1.97884E-1 1.69594E-1 1.54321E-1 1.46464E-1 1.46393E-1 1.40581E-1 1.1482E-1 7.87378E-2 6.29378E-2 7.21809E-2 9.01532E-2 1.00511E-1 1.07178E-1 7.53979E-2 6.16598E-2 6.49773E-2 7.2398E-2 9.00187E-2 7.32604E-2 6.46823E-2 5.91324E-2 5.44632E-2 3.61305E-2 3.23061E-2 4.09121E-2 3.59797E-2 2.76806E-2 2.63918E-2 3.55985E-2 4.30735E-2 2.99191E-2 2.67912E-2 2.67822E-2 2.35441E-2 2.44538E-2 2.53946E-2 2.65373E-2 2.80808E-2 2.48852E-2 2.523E-2 2.59685E-2 2.68868E-2 2.54794E-2 2.55635E-2 3.03541E-2 3.16285E-2 2.60562E-2 2.53532E-2 2.52652E-2 2.47911E-2 2.37588E-2 2.34952E-2 2.54466E-2 2.9013E-2 2.98098E-2 3.15713E-2
1.44178E-1 1.45357E-1 1.32233E-1 1.32546E-1 1.49046E-1 2.07044E-1 1.86776E-1 1.89286E-1 1.73207E-1 1.66897E-1 1.23122E-1 6.56458E-2 5.44467E-2 6.05075E-2 6.54164E-2 8.55011E-2 9.27149E-2 1.05131E-1 5.90497E-2 6.11631E-2 6.12431E-2 7.08896E-2 8.1066E-2 9.74672E-2 7.76473E-2 6.83162E-2 5.61229E-2 4.71116E-2 4.55848E-2 4.58746E-2 3.50358E-2 2.86934E-2 2.61914E-2 3.79021E-2 3.35771E-2 2.57842E-2 2.53601E-2 2.77088E-2 2.56576E-2 2.39074E-2 2.23202E-2 2.53823E-2 2.69613E-2 2.43369E-2 2.29761E-2 2.51532E-2 2.64369E-2 2.89618E-2 2.93305E-2 3.15528E-2 3.13741E-2 2.70557E-2 2.6663E-2 2.53636E-2 2.57424E-2 2.5777E-2 2.18567E-2 2.25143E-2 2.79088E-2 2.90748E-2 2.88084E-2
2.02599E-1 2.18091E-1 2.03785E-1 1.98507E-1 1.94148E-1 1.51921E-1 1.33637E-1 1.5189E-1 1.67954E-1 1.39072E-1 8.36212E-2 5.32522E-2 6.2704E-2 8.31151E-2 8.02146E-2 6.68766E-2 7.67512E-2 8.4182E-2 1.01576E-1 6.76547E-2 7.66368E-2 7.02723E-2 7.04475E-2 7.08351E-2 5.19769E-2 4.34992E-2 4.29296E-2 4.87509E-2 3.30277E-2 3.64329E-2 3.95528E-2 2.92591E-2 2.49097E-2 3.20175E-2 3.3439E-2 2.59593E-2 2.60329E-2 2.31999E-2 2.22531E-2 1.99976E-2 1.83469E-2 2.19025E-2 2.52148E-2 2.31013E-2 2.49449E-2 2.86431E-2 3.15712E-2 3.17608E-2 3.01135E-2 3.14508E-2 3.07624E-2 2.87505E-2 2.74364E-2 2.51506E-2 2.6451E-2 2.67442E-2 2.58252E-2 2.60236E-2 3.19919E-2 3.53278E-2 3.31736E-2
2.00949E-1 1.9401E-1 1.9193E-1 1.97221E-1 1.80587E-1 1.53829E-1 1.36282E-1 1.34917E-1 1.15283E-1 8.99531E-2 5.71272E-2 6.10804E-2 6.30813E-2 5.59915E-2 6.02915E-2 5.75489E-2 4.94279E-2 4.88937E-2 1.02121E-1 9.15737E-2 7.27219E-2 8.57796E-2 5.21869E-2 5.85168E-2 4.77691E-2 4.14354E-2 3.78314E-2 3.2363E-2 2.89053E-2 2.75534E-2 3.40129E-2 2.93738E-2 2.83839E-2 2.91403E-2 2.46296E-2 2.3173E-2 2.04487E-2 1.71885E-2 1.55615E-2 1.97703E-2 2.27461E-2 2.20139E-2 2.43791E-2 2.20342E-2 2.35767E-2 3.16116E-2 2.94823E-2 2.83671E-2 3.11025E-2 3.23248E-2 3.10235E-2 2.96669E-2 2.94733E-2 2.73568E-2 2.67306E-2 3.01797E-2 3.28557E-2 3.52788E-2 3.5291E-2 3.62801E-2 3.64408E-2
1.57704E-1 1.55759E-1 1.56669E-1 1.42223E-1 1.31408E-1 1.38173E-1 1.49658E-1 1.08804E-1 8.48716E-2 7.29729E-2 5.99228E-2 6.77176E-2 5.86921E-2 5.70586E-2 5.08314E-2 4.4877E-2 4.11322E-2 5.72421E-2 7.00436E-2 7.11488E-2 7.57319E-2 7.74119E-2 4.44714E-2 3.0047E-2 2.88514E-2 2.71856E-2 2.92059E-2 3.26493E-2 3.04104E-2 2.69506E-2 2.58882E-2 2.41167E-2 2.53146E-2 2.64461E-2 2.2922E-2 2.41089E-2 2.15581E-2 1.6349E-2 1.5878E-2 2.02299E-2 1.99155E-2 2.0292E-2 2.52976E-2 2.51611E-2 2.70474E-2 2.83805E-2 2.08332E-2 2.40618E-2 2.86736E-2 3.06941E-2 2.84537E-2 2.79019E-2 2.83941E-2 2.72299E-2 2.69248E-2 3.07885E-2 2.64951E-2 2.84235E-2 2.86525E-2 2.933E-2 3.19953E-2
1.32938E-1 1.20775E-1 1.05954E-1 1.00096E-1 1.0209E-1 1.06188E-1 1.028E-1 7.70525E-2 6.32812E-2 6.73787E-2 6.85967E-2 7.43718E-2 5.54584E-2 4.89719E-2 4.6847E-2 4.64746E-2 4.26237E-2 5.59037E-2 5.99226E-2 6.17228E-2 5.58509E-2 6.33287E-2 5.1269E-2 3.67615E-2 3.72658E-2 4.32092E-2 3.51503E-2 2.49766E-2 2.6197E-2 3.33854E-2 2.93668E-2 2.53065E-2 2.34524E-2 2.77582E-2 2.65117E-2 2.54153E-2 2.08644E-2 1.94288E-2 1.64596E-2 1.8262E-2 1.83789E-2 2.05597E-2 2.61784E-2 2.8058E-2 2.87034E-2 2.77476E-2 2.54407E-2 2.18124E-2 2.90456E-2 2.73043E-2 2.39702E-2 2.57702E-2 2.32509E-2 2.23301E-2 2.8746E-2 2.75994E-2 2.107E-2 2.30811E-2 2.19035E-2 2.6659E-2 3.01774E-2
9.68117E-2 8.73213E-2 7.60635E-2 6.32669E-2 6.1611E-2 5.68635E-2 5.22901E-2 5.11245E-2 5.19267E-2 5.35844E-2 5.84913E-2 6.81625E-2 5.68423E-2 3.76821E-2 2.89759E-2 3.06626E-2 3.57468E-2 4.7153E-2 5.78082E-2 3.06449E-2 4.24837E-2 3.33309E-2 2.53594E-2 2.32706E-2 2.32424E-2 2.86933E-2 2.58354E-2 2.2372E-2 2.4164E-2 2.30432E-2 2.519E-2 2.73409E-2 2.67163E-2 2.42602E-2 2.17702E-2 2.57483E-2 2.02597E-2 1.99586E-2 1.72839E-2 1.67597E-2 1.80717E-2 2.13263E-2 2.68561E-2 2.76656E-2 2.47197E-2 2.23457E-2 2.55184E-2 2.10143E-2 2.85057E-2 2.66209E-2 1.98071E-2 2.05867E-2 2.0243E-2 2.64304E-2 2.56884E-2 2.19189E-2 1.86581E-2 1.79447E-2 1.66201E-2 1.76681E-2 1.77075E-2
6.18283E-2 5.56354E-2 5.84905E-2 5.31174E-2 5.14079E-2 5.58105E-2 5.26867E-2 4.45689E-2 4.98719E-2 4.05473E-2 4.32679E-2 4.56923E-2 5.0705E-2 4.34192E-2 3.05419E-2 2.61452E-2 2.865E-2 4.31037E-2 5.24635E-2 3.08971E-2 3.30116E-2 3.0274E-2 2.32214E-2 2.21702E-2 2.83223E-2 2.79718E-2 2.21056E-2 2.20378E-2 2.42442E-2 2.5093E-2 2.77846E-2 2.11046E-2 2.20016E-2 2.38133E-2 2.14E-2 2.38689E-2 2.12191E-2 1.83067E-2 1.86247E-2 1.96546E-2 2.12695E-2 2.34986E-2 2.41148E-2 2.47789E-2 2.01229E-2 2.07601E-2 2.27496E-2 1.87717E-2 2.53835E-2 2.63709E-2 1.81523E-2 1.75297E-2 1.77784E-2 1.89393E-2 2.33318E-2 1.76981E-2 1.60585E-2 1.52012E-2 1.5418E-2 1.5243E-2 1.52951E-2
