maxent_outputs/white_flowers_troch_bombus_environ/white_0.asc
ncols         426
nrows         180
xllcorner     -130.0
yllcorner     24.0
cellsize      0.16666666666666666
NODATA_value  -9999
[rows 27 to 53 of 180, columns 305 to 365 of 426]
2.55577E-2 2.52981E-2 2.53068E-2 2.61212E-2 2.51282E-2 2.5534E-2 2.56355E-2 2.56252E-2 2.57377E-2 2.60944E-2 2.61126E-2 2.50703E-2 2.39257E-2 2.4328E-2 2.47417E-2 2.59313E-2 2.77253E-2 2.70252E-2 2.52124E-2 2.52875E-2 2.46654E-2 2.41864E-2 2.49972E-2 2.55674E-2 2.36434E-2 2.43762E-2 2.5133E-2 2.28133E-2 2.34948E-2 2.40884E-2 2.28134E-2 2.19694E-2 2.23283E-2 2.18595E-2 2.27554E-2 2.04981E-2 2.22166E-2 2.24861E-2 2.40044E-2 2.41635E-2 2.37759E-2 2.63615E-2 2.74348E-2 2.71462E-2 2.51315E-2 2.42148E-2 2.49689E-2 2.70805E-2 2.37944E-2 2.45715E-2 2.31321E-2 2.44993E-2 2.45597E-2 2.46762E-2 2.74528E-2 2.86423E-2 2.87411E-2 3.22439E-2 2.88224E-2 2.99524E-2 3.33193E-2
2.5036E-2 2.49296E-2 2.50979E-2 2.4915E-2 2.45895E-2 2.49096E-2 2.52395E-2 2.49015E-2 2.4593E-2 2.52016E-2 2.6282E-2 2.62361E-2 2.56305E-2 2.4685E-2 2.49262E-2 2.4701E-2 2.53582E-2 2.42566E-2 2.3519E-2 2.31171E-2 2.24016E-2 2.30205E-2 2.36855E-2 2.34944E-2 2.27008E-2 2.41807E-2 2.30517E-2 2.24018E-2 2.29813E-2 2.3307E-2 2.3309E-2 2.23109E-2 2.30263E-2 2.23065E-2 2.22298E-2 2.21384E-2 2.25994E-2 2.35667E-2 2.47138E-2 2.5991E-2 2.57032E-2 2.70833E-2 2.78348E-2 2.7151E-2 2.54923E-2 2.26308E-2 2.48013E-2 2.72269E-2 2.44184E-2 2.30736E-2 2.21707E-2 2.26835E-2 2.40796E-2 2.39341E-2 2.72439E-2 2.88746E-2 2.74057E-2 2.97033E-2 3.25468E-2 3.89877E-2 3.89717E-2
2.68285E-2 2.63907E-2 2.51762E-2 2.45069E-2 2.46142E-2 2.54961E-2 2.57E-2 2.50177E-2 2.49875E-2 2.61698E-2 2.6637E-2 2.71594E-2 2.81244E-2 2.86183E-2 2.48316E-2 2.39299E-2 2.29065E-2 2.32189E-2 2.27081E-2 2.24955E-2 2.23057E-2 2.22986E-2 2.2541E-2 2.28768E-2 2.21683E-2 2.16303E-2 2.2549E-2 2.22164E-2 2.20751E-2 2.19132E-2 2.22841E-2 2.22152E-2 2.27856E-2 2.27096E-2 2.23052E-2 2.30947E-2 2.49094E-2 2.54927E-2 2.62366E-2 2.75687E-2 2.82384E-2 2.80404E-2 2.83771E-2 2.80529E-2 2.82374E-2 2.75108E-2 2.54056E-2 2.77692E-2 2.84313E-2 2.41049E-2 2.26065E-2 2.2225E-2 2.35804E-2 2.48923E-2 2.50997E-2 2.67919E-2 2.89299E-2 2.98633E-2 3.1532E-2 3.85935E-2 4.66262E-2
2.61421E-2 2.60288E-2 2.45496E-2 2.64304E-2 2.60152E-2 2.45748E-2 2.51587E-2 2.51143E-2 2.49359E-2 2.67094E-2 2.68713E-2 2.67534E-2 2.72857E-2 2.52606E-2 2.38703E-2 2.32532E-2 2.28804E-2 2.31332E-2 2.1898E-2 2.288E-2 2.32701E-2 2.3535E-2 2.30826E-2 2.23976E-2 2.17378E-2 2.18588E-2 2.22074E-2 2.19138E-2 2.23579E-2 2.15684E-2 2.13874E-2 2.13428E-2 2.08886E-2 2.03473E-2 2.16503E-2 2.2837E-2 2.43804E-2 2.68363E-2 2.77357E-2 2.91319E-2 2.96867E-2 2.99031E-2 2.94432E-2 2.97788E-2 3.027E-2 3.04388E-2 3.06708E-2 2.7098E-2 2.72615E-2 2.08457E-2 2.13059E-2 2.08922E-2 2.42006E-2 2.38205E-2 2.56808E-2 2.64555E-2 3.11238E-2 3.43369E-2 4.07498E-2 4.43507E-2 5.63092E-2
2.65072E-2 2.78802E-2 2.47087E-2 2.46007E-2 2.49366E-2 2.51739E-2 2.64187E-2 2.67721E-2 2.66211E-2 2.66667E-2 2.66369E-2 2.61656E-2 2.77129E-2 2.87107E-2 2.39545E-2 2.26176E-2 2.24198E-2 2.25927E-2 2.27141E-2 2.31305E-2 2.49268E-2 2.39659E-2 2.33161E-2 2.3621E-2 2.39898E-2 2.37545E-2 2.50545E-2 2.581E-2 2.26615E-2 2.1832E-2 2.08395E-2 2.16504E-2 2.04297E-2 1.87209E-2 1.98556E-2 2.02816E-2 2.24996E-2 2.56093E-2 3.03489E-2 3.2782E-2 3.29332E-2 3.59696E-2 3.68137E-2 3.41852E-2 3.33262E-2 3.16043E-2 3.25488E-2 3.08128E-2 2.92233E-2 2.20414E-2 2.12768E-2 2.13047E-2 2.15202E-2 2.12626E-2 2.51424E-2 2.88861E-2 3.57003E-2 4.13272E-2 4.78695E-2 5.40793E-2 6.16952E-2
2.70459E-2 2.80289E-2 2.88215E-2 2.77307E-2 2.62338E-2 2.59083E-2 2.65077E-2 2.46673E-2 2.56403E-2 2.83058E-2 2.60687E-2 2.64175E-2 3.04949E-2 2.58883E-2 2.35393E-2 2.45003E-2 2.48004E-2 2.35093E-2 2.42463E-2 2.57707E-2 2.59805E-2 2.52678E-2 2.36759E-2 2.60349E-2 2.70616E-2 2.73014E-2 2.80378E-2 2.78892E-2 2.60939E-2 2.24766E-2 2.3261E-2 2.24833E-2 2.09061E-2 1.8982E-2 1.96679E-2 2.03918E-2 2.02028E-2 2.36722E-2 2.64593E-2 3.12973E-2 3.55109E-2 4.60261E-2 5.78093E-2 5.7043E-2 4.42939E-2 3.6467E-2 3.62109E-2 3.36311E-2 3.53705E-2 3.35767E-2 2.72853E-2 2.3208E-2 2.21939E-2 2.29685E-2 2.82473E-2 3.33657E-2 3.55906E-2 4.35894E-2 5.62675E-2 6.15679E-2 6.6687E-2
3.04107E-2 2.90514E-2 2.88089E-2 3.10899E-2 3.24226E-2 3.26821E-2 3.15235E-2 2.83832E-2 2.83519E-2 2.72578E-2 2.77169E-2 2.97518E-2 3.0079E-2 2.59495E-2 2.44608E-2 2.59586E-2 2.57152E-2 2.40392E-2 2.31873E-2 2.35866E-2 2.39786E-2 2.55564E-2 2.67651E-2 2.78818E-2 2.89345E-2 2.49579E-2 2.56064E-2 2.69342E-2 2.58751E-2 2.67108E-2 2.60241E-2 2.33308E-2 2.19436E-2 2.06223E-2 1.9961E-2 2.11501E-2 2.19514E-2 2.44326E-2 2.57077E-2 2.69009E-2 3.02196E-2 3.45747E-2 4.106E-2 4.52275E-2 3.90289E-2 3.89124E-2 4.13064E-2 4.22827E-2 4.21076E-2 4.60949E-2 4.73041E-2 4.19852E-2 3.88831E-2 3.28682E-2 3.41598E-2 4.044E-2 4.43061E-2 5.10361E-2 6.1713E-2 6.5265E-2 -9999
3.12423E-2 3.21566E-2 3.20145E-2 3.36563E-2 3.63907E-2 3.57028E-2 3.51012E-2 3.08003E-2 3.0517E-2 3.09439E-2 3.33604E-2 3.14541E-2 2.87628E-2 2.70445E-2 2.63697E-2 2.48324E-2 2.49716E-2 2.44148E-2 2.48337E-2 2.36705E-2 2.51603E-2 2.54246E-2 2.54956E-2 2.69272E-2 2.71581E-2 2.45717E-2 2.39403E-2 2.50143E-2 2.44838E-2 2.4016E-2 2.41035E-2 2.4112E-2 2.22122E-2 2.15073E-2 2.19812E-2 2.25787E-2 2.41355E-2 2.94629E-2 2.77262E-2 2.78431E-2 2.86913E-2 3.24019E-2 3.15973E-2 3.31849E-2 3.31117E-2 3.42109E-2 3.64039E-2 3.77683E-2 3.89576E-2 4.08142E-2 4.01871E-2 3.86921E-2 3.81398E-2 4.76025E-2 5.60865E-2 6.24426E-2 5.4069E-2 6.05302E-2 6.08509E-2 -9999 8.82291E-2
3.18719E-2 3.39186E-2 3.21953E-2 3.11843E-2 3.14926E-2 3.25655E-2 3.47421E-2 3.64457E-2 3.28907E-2 3.04144E-2 3.24615E-2 3.48934E-2 3.31399E-2 3.01764E-2 2.7596E-2 2.69384E-2 2.48554E-2 2.45774E-2 2.54218E-2 2.68423E-2 2.65445E-2 2.57889E-2 2.70903E-2 2.78699E-2 2.45838E-2 2.38278E-2 2.53179E-2 2.55581E-2 2.50498E-2 2.36386E-2 2.43676E-2 2.65019E-2 2.51442E-2 2.37465E-2 2.51019E-2 2.66998E-2 2.8895E-2 3.05775E-2 3.07426E-2 2.90075E-2 2.88455E-2 2.96503E-2 2.80634E-2 3.16724E-2 3.13245E-2 2.99234E-2 2.95857E-2 2.9003E-2 3.19134E-2 3.34591E-2 3.44411E-2 3.43285E-2 3.10668E-2 3.59117E-2 4.6958E-2 5.78503E-2 7.02655E-2 8.95423E-2 8.86686E-2 7.04501E-2 6.22538E-2
3.51755E-2 3.40408E-2 3.46336E-2 3.44998E-2 3.46622E-2 3.32136E-2 3.51438E-2 3.3194E-2 3.30315E-2 3.15273E-2 3.18543E-2 3.42437E-2 3.33248E-2 3.21647E-2 3.03755E-2 3.00239E-2 2.9227E-2 2.92135E-2 2.78478E-2 2.77993E-2 2.77263E-2 2.7456E-2 2.82537E-2 2.7603E-2 2.57925E-2 2.49447E-2 2.71577E-2 2.6643E-2 2.67549E-2 2.5844E-2 2.66093E-2 2.72154E-2 2.71132E-2 2.76305E-2 2.96347E-2 2.93441E-2 3.2166E-2 3.32414E-2 3.54282E-2 3.43635E-2 3.29728E-2 3.26765E-2 3.06973E-2 3.00272E-2 3.1005E-2 2.63687E-2 2.49162E-2 2.49919E-2 2.30249E-2 2.47143E-2 2.67027E-2 2.74597E-2 3.44104E-2 3.39922E-2 4.55823E-2 6.25002E-2 8.09714E-2 8.29488E-2 6.84295E-2 5.47539E-2 5.09051E-2
3.53191E-2 3.60122E-2 3.55667E-2 3.39961E-2 3.36204E-2 3.41312E-2 3.5592E-2 3.54609E-2 3.37046E-2 3.39088E-2 3.55933E-2 3.41504E-2 3.33384E-2 3.17949E-2 3.00529E-2 3.05898E-2 3.13053E-2 3.08286E-2 2.94863E-2 2.83486E-2 2.93089E-2 2.88243E-2 2.91878E-2 2.81781E-2 2.71233E-2 2.74515E-2 2.77122E-2 2.67944E-2 2.71096E-2 2.7437E-2 2.81834E-2 2.98425E-2 2.78849E-2 2.94552E-2 3.19931E-2 3.46282E-2 3.42512E-2 3.60096E-2 3.59963E-2 3.63627E-2 3.46735E-2 3.28122E-2 3.253E-2 3.24675E-2 3.02749E-2 2.71354E-2 2.46344E-2 2.47952E-2 2.26282E-2 2.3747E-2 2.38173E-2 2.92669E-2 4.9276E-2 4.65929E-2 4.66741E-2 6.56051E-2 8.48165E-2 6.67187E-2 5.53168E-2 4.57206E-2 4.37672E-2
3.68522E-2 3.6398E-2 4.08952E-2 3.81189E-2 3.38147E-2 3.24136E-2 3.49458E-2 3.3907E-2 3.38431E-2 3.52204E-2 3.56026E-2 3.57086E-2 3.4373E-2 3.33109E-2 3.12745E-2 3.28199E-2 3.15123E-2 2.90264E-2 3.00429E-2 3.04214E-2 2.95423E-2 2.94064E-2 3.01031E-2 2.97954E-2 3.01783E-2 2.92233E-2 2.80044E-2 2.7684E-2 2.88045E-2 2.98646E-2 3.19126E-2 3.19576E-2 2.87276E-2 2.97557E-2 3.41195E-2 3.40225E-2 3.54886E-2 3.62243E-2 3.73609E-2 3.52152E-2 3.50059E-2 3.65171E-2 3.38057E-2 3.27768E-2 2.84653E-2 2.5867E-2 2.52289E-2 2.43494E-2 2.36329E-2 2.46923E-2 2.69979E-2 5.07859E-2 4.59992E-2 5.23633E-2 6.49528E-2 7.58579E-2 6.57093E-2 5.53741E-2 4.44799E-2 4.48735E-2 4.47204E-2
3.67396E-2 3.52036E-2 3.48548E-2 3.54417E-2 3.52132E-2 3.47559E-2 3.44367E-2 3.4575E-2 3.4768E-2 3.50661E-2 3.44767E-2 3.65607E-2 3.46837E-2 3.48767E-2 3.43741E-2 3.53696E-2 3.26513E-2 2.99357E-2 3.1537E-2 3.1159E-2 3.09033E-2 3.0879E-2 3.10063E-2 3.0729E-2 3.21701E-2 3.00884E-2 2.94513E-2 3.14814E-2 3.3379E-2 3.43341E-2 2.91556E-2 3.10875E-2 2.97737E-2 2.98695E-2 3.26975E-2 3.55413E-2 3.82409E-2 3.78851E-2 4.02288E-2 3.89184E-2 3.75582E-2 3.74699E-2 3.57769E-2 3.34634E-2 2.96535E-2 2.84459E-2 2.91073E-2 2.63781E-2 2.39488E-2 2.39741E-2 3.13718E-2 5.55894E-2 6.80699E-2 6.62424E-2 8.17552E-2 6.52256E-2 5.45468E-2 4.48657E-2 4.32355E-2 4.6112E-2 4.90805E-2
3.70762E-2 3.71338E-2 3.54449E-2 3.4721E-2 3.51242E-2 3.55841E-2 3.30581E-2 3.34196E-2 3.33133E-2 3.34325E-2 3.23406E-2 3.33509E-2 3.31423E-2 3.23064E-2 3.26596E-2 3.62802E-2 3.23378E-2 3.08227E-2 3.1043E-2 3.08285E-2 3.11425E-2 3.25905E-2 3.22741E-2 3.18218E-2 3.23513E-2 3.16481E-2 3.05129E-2 2.94829E-2 3.09172E-2 3.18688E-2 2.97084E-2 3.01006E-2 2.98711E-2 3.04173E-2 3.08455E-2 3.27671E-2 3.64492E-2 3.99205E-2 3.95473E-2 3.74915E-2 3.88082E-2 4.01295E-2 3.60748E-2 3.27547E-2 3.17246E-2 3.07882E-2 3.40474E-2 3.10427E-2 3.14928E-2 3.29349E-2 4.51059E-2 4.94574E-2 -9999 7.37942E-2 6.19259E-2 5.61334E-2 4.43523E-2 4.21505E-2 4.50514E-2 4.62324E-2 4.74016E-2
4.0766E-2 3.85514E-2 3.76806E-2 3.91192E-2 3.75667E-2 3.63112E-2 3.49985E-2 3.5126E-2 3.31459E-2 3.24165E-2 3.20884E-2 3.25551E-2 3.24835E-2 3.18486E-2 3.2244E-2 3.24658E-2 3.30252E-2 3.16647E-2 3.16574E-2 3.43346E-2 3.78414E-2 3.55288E-2 3.71481E-2 3.4796E-2 3.39724E-2 3.22756E-2 3.03278E-2 2.93642E-2 2.84164E-2 2.89593E-2 3.03176E-2 3.18177E-2 3.21181E-2 3.09127E-2 3.11875E-2 3.3841E-2 3.5888E-2 4.22597E-2 4.17431E-2 4.32908E-2 4.03346E-2 4.23412E-2 3.96381E-2 3.99021E-2 3.81288E-2 4.22141E-2 4.60549E-2 4.13678E-2 4.58116E-2 5.63061E-2 5.96615E-2 1.03657E-1 7.44354E-2 5.8117E-2 4.86155E-2 4.75636E-2 4.33419E-2 4.30016E-2 4.57997E-2 4.45829E-2 4.69504E-2
4.361E-2 4.55083E-2 4.18414E-2 3.92165E-2 3.65436E-2 3.4351E-2 3.40537E-2 3.71364E-2 3.34494E-2 3.13047E-2 3.02417E-2 3.21272E-2 3.0872E-2 3.04111E-2 3.17634E-2 3.42276E-2 3.36367E-2 3.53967E-2 3.62156E-2 3.99985E-2 4.27545E-2 4.09415E-2 3.86286E-2 3.56688E-2 3.52682E-2 3.26765E-2 3.12273E-2 2.95944E-2 2.82707E-2 3.0526E-2 3.07577E-2 3.173E-2 3.16095E-2 3.37603E-2 3.49582E-2 3.62395E-2 4.02277E-2 4.5995E-2 4.61957E-2 4.62271E-2 4.4758E-2 4.69145E-2 4.73815E-2 4.80027E-2 5.07377E-2 5.31016E-2 5.74965E-2 5.76857E-2 6.57634E-2 6.83291E-2 6.38062E-2 6.42811E-2 5.3516E-2 4.88348E-2 4.62303E-2 4.52133E-2 4.55452E-2 4.58865E-2 4.4424E-2 4.39965E-2 4.29395E-2
4.31589E-2 4.44083E-2 4.04988E-2 3.93046E-2 3.71012E-2 3.50358E-2 3.50914E-2 3.46059E-2 3.51196E-2 3.20688E-2 3.24614E-2 3.34735E-2 3.16938E-2 3.25272E-2 3.3928E-2 3.48685E-2 3.96252E-2 4.11828E-2 4.14442E-2 4.804E-2 4.95753E-2 3.82852E-2 3.63558E-2 3.73893E-2 3.86984E-2 3.33882E-2 3.24142E-2 3.05656E-2 3.00811E-2 3.08837E-2 3.25096E-2 3.60555E-2 3.60382E-2 3.26572E-2 3.63784E-2 3.64918E-2 4.30187E-2 4.50546E-2 5.10696E-2 4.70448E-2 4.83582E-2 5.10333E-2 5.31345E-2 5.56728E-2 5.62311E-2 5.87127E-2 6.37889E-2 6.57211E-2 6.11136E-2 5.78953E-2 5.33289E-2 5.10923E-2 4.57745E-2 4.33528E-2 4.56666E-2 4.47026E-2 4.59189E-2 4.53038E-2 4.51681E-2 4.53501E-2 3.99975E-2
4.18847E-2 4.47984E-2 4.09598E-2 3.67166E-2 3.94356E-2 3.84791E-2 3.60938E-2 3.57577E-2 3.44671E-2 3.28534E-2 3.32075E-2 3.70777E-2 3.64904E-2 3.53932E-2 3.52942E-2 3.78853E-2 4.12829E-2 4.39479E-2 4.37432E-2 4.27406E-2 4.16883E-2 3.89996E-2 3.90299E-2 3.8843E-2 4.07667E-2 3.67598E-2 3.69329E-2 3.39763E-2 3.27683E-2 3.30612E-2 3.34233E-2 3.27172E-2 3.24769E-2 3.40625E-2 3.66069E-2 4.31043E-2 4.60216E-2 5.11106E-2 5.48911E-2 5.17031E-2 5.30953E-2 5.97146E-2 6.2315E-2 6.12504E-2 6.04402E-2 5.79229E-2 5.97276E-2 5.92807E-2 5.62683E-2 5.00733E-2 4.97799E-2 4.27866E-2 3.92662E-2 4.52366E-2 4.53134E-2 4.65913E-2 4.687E-2 4.43203E-2 4.3827E-2 4.26803E-2 4.1963E-2
3.7694E-2 4.25111E-2 4.49686E-2 3.88256E-2 3.83745E-2 3.63729E-2 3.56863E-2 3.76789E-2 3.74337E-2 3.46506E-2 3.66894E-2 3.9257E-2 4.32301E-2 4.08828E-2 3.79622E-2 3.98457E-2 4.41662E-2 4.44378E-2 4.62878E-2 4.52106E-2 4.50735E-2 4.45986E-2 4.24885E-2 3.96059E-2 4.14141E-2 4.1482E-2 4.06705E-2 3.50823E-2 3.11624E-2 3.33225E-2 3.62569E-2 3.67616E-2 3.53917E-2 3.96211E-2 4.5505E-2 4.95789E-2 5.12302E-2 5.39895E-2 5.91877E-2 6.11336E-2 5.97952E-2 6.31661E-2 5.69015E-2 5.81226E-2 5.97113E-2 5.77157E-2 5.7196E-2 5.39312E-2 5.14726E-2 4.95758E-2 4.75663E-2 4.58518E-2 4.4317E-2 4.59221E-2 4.58334E-2 4.6425E-2 4.44638E-2 4.74723E-2 4.72987E-2 4.67262E-2 4.40245E-2
4.12621E-2 4.24711E-2 4.17714E-2 4.11568E-2 4.24885E-2 4.29523E-2 4.26193E-2 4.31482E-2 4.31445E-2 4.05302E-2 3.75443E-2 4.00877E-2 4.21555E-2 4.2526E-2 4.31365E-2 4.18519E-2 4.44126E-2 4.68488E-2 5.07139E-2 4.87608E-2 5.12453E-2 4.91563E-2 4.43721E-2 4.33995E-2 4.6421E-2 4.37891E-2 4.30183E-2 3.93164E-2 3.51177E-2 3.57858E-2 3.97794E-2 4.19206E-2 4.43429E-2 4.88359E-2 5.03907E-2 5.41653E-2 5.66024E-2 5.82436E-2 6.70286E-2 6.45243E-2 5.88006E-2 5.74623E-2 5.83341E-2 5.89629E-2 5.57118E-2 5.52526E-2 5.35361E-2 4.87983E-2 4.64278E-2 5.25982E-2 5.11616E-2 4.83328E-2 4.61352E-2 4.4539E-2 4.22528E-2 4.41644E-2 4.34173E-2 4.96265E-2 5.00151E-2 4.98465E-2 4.74576E-2
4.02127E-2 4.23793E-2 4.07284E-2 3.95478E-2 4.08551E-2 3.88999E-2 4.03644E-2 4.30641E-2 4.51599E-2 4.64919E-2 4.70747E-2 4.42613E-2 4.42836E-2 4.50803E-2 4.59131E-2 4.44958E-2 4.54081E-2 4.74927E-2 4.95294E-2 5.31477E-2 5.58075E-2 4.8591E-2 4.57957E-2 4.62126E-2 4.98523E-2 4.70977E-2 4.57931E-2 4.41877E-2 3.94521E-2 4.11514E-2 4.31704E-2 4.85288E-2 5.41166E-2 5.42877E-2 5.4726E-2 5.88348E-2 7.0618E-2 7.26379E-2 6.58243E-2 6.11279E-2 5.90031E-2 5.78015E-2 5.77643E-2 5.59813E-2 5.15743E-2 5.19067E-2 5.06856E-2 4.63378E-2 5.01383E-2 5.11528E-2 5.11358E-2 4.99556E-2 4.49111E-2 3.91332E-2 4.14662E-2 4.12572E-2 4.47176E-2 4.67798E-2 4.92669E-2 4.63022E-2 4.4992E-2
4.19436E-2 4.0375E-2 4.03212E-2 4.13156E-2 4.05014E-2 4.16851E-2 4.22016E-2 4.29262E-2 4.48403E-2 4.645E-2 4.73718E-2 5.24716E-2 4.71536E-2 4.84512E-2 4.87311E-2 4.67657E-2 4.74932E-2 4.81695E-2 4.93331E-2 5.1488E-2 5.30638E-2 5.09793E-2 4.67382E-2 4.67795E-2 5.43831E-2 4.83361E-2 4.9554E-2 5.0821E-2 4.44941E-2 4.71258E-2 5.1927E-2 5.75527E-2 5.92288E-2 5.63715E-2 6.24124E-2 7.11868E-2 6.90088E-2 6.4254E-2 6.29115E-2 6.77966E-2 6.50472E-2 6.20912E-2 5.95449E-2 5.52736E-2 5.0912E-2 4.99633E-2 5.40562E-2 5.51175E-2 5.38881E-2 5.01495E-2 5.09534E-2 4.90812E-2 4.67444E-2 4.16953E-2 4.47995E-2 4.68113E-2 4.90122E-2 4.89873E-2 4.70926E-2 4.92679E-2 4.48935E-2
4.05512E-2 3.98951E-2 4.06963E-2 4.17303E-2 4.27756E-2 4.03349E-2 4.00962E-2 4.14166E-2 4.60801E-2 4.51353E-2 4.72706E-2 4.84114E-2 4.85504E-2 4.94138E-2 5.10867E-2 4.88144E-2 4.7925E-2 4.92297E-2 5.04331E-2 5.1403E-2 5.24818E-2 5.41265E-2 5.17013E-2 5.30754E-2 5.11357E-2 5.3233E-2 5.64714E-2 5.32481E-2 5.34862E-2 5.66688E-2 6.19109E-2 6.13859E-2 6.3918E-2 6.93721E-2 7.25571E-2 7.01896E-2 6.87744E-2 6.75957E-2 6.54632E-2 6.47134E-2 6.39712E-2 6.25965E-2 6.14827E-2 5.59369E-2 5.42619E-2 5.40236E-2 5.7057E-2 5.48669E-2 5.24027E-2 4.78341E-2 4.92785E-2 4.69811E-2 4.27623E-2 4.24043E-2 4.49121E-2 4.79245E-2 5.69026E-2 4.97994E-2 4.4225E-2 4.7979E-2 5.57139E-2
4.35668E-2 4.08265E-2 4.13613E-2 4.14604E-2 4.05834E-2 3.95085E-2 4.01933E-2 4.20425E-2 4.39587E-2 4.74237E-2 4.94795E-2 4.92516E-2 5.03169E-2 4.89363E-2 4.98457E-2 5.29222E-2 5.1436E-2 5.29142E-2 5.49808E-2 5.55922E-2 5.63196E-2 5.63896E-2 5.81553E-2 6.01344E-2 6.08187E-2 5.94849E-2 5.96117E-2 6.11395E-2 6.33228E-2 6.62046E-2 6.40359E-2 7.15877E-2 7.48767E-2 7.65346E-2 7.77346E-2 7.50555E-2 7.31661E-2 7.082E-2 6.96033E-2 6.79382E-2 6.29468E-2 6.15896E-2 6.20148E-2 5.83568E-2 5.6181E-2 5.7802E-2 5.55618E-2 5.16556E-2 4.84335E-2 4.87022E-2 4.55381E-2 4.57789E-2 4.69454E-2 4.6782E-2 4.39902E-2 4.59284E-2 5.13207E-2 5.75153E-2 4.25765E-2 4.32134E-2 5.17478E-2
5.04336E-2 4.52535E-2 4.30133E-2 4.11524E-2 4.15414E-2 4.09288E-2 4.00935E-2 4.4731E-2 4.65602E-2 4.48524E-2 4.20184E-2 4.34625E-2 4.88673E-2 5.08268E-2 5.16297E-2 5.34161E-2 5.60044E-2 5.65367E-2 5.69322E-2 6.37912E-2 6.70883E-2 6.39679E-2 5.93126E-2 6.08368E-2 6.23217E-2 6.03468E-2 6.08348E-2 6.11674E-2 6.30818E-2 6.86647E-2 7.58971E-2 8.18747E-2 8.05518E-2 8.06117E-2 7.93601E-2 7.64309E-2 7.35076E-2 7.14188E-2 7.02404E-2 6.65282E-2 6.11989E-2 5.84991E-2 6.17762E-2 6.00247E-2 5.96867E-2 5.82071E-2 5.19634E-2 4.85882E-2 4.35913E-2 4.68396E-2 4.56571E-2 3.61035E-2 4.01403E-2 4.52686E-2 4.44362E-2 5.04421E-2 4.60829E-2 4.92674E-2 5.33276E-2 5.69149E-2 6.27667E-2
5.71313E-2 5.25288E-2 5.17817E-2 4.74663E-2 4.39502E-2 4.21828E-2 4.19943E-2 4.24159E-2 4.55818E-2 4.58262E-2 4.50109E-2 4.73035E-2 4.6948E-2 5.21853E-2 5.7939E-2 6.07509E-2 6.04804E-2 5.72327E-2 5.74862E-2 6.11005E-2 6.27374E-2 6.27258E-2 6.21397E-2 6.21413E-2 6.18665E-2 6.24401E-2 6.55543E-2 6.57838E-2 6.87743E-2 6.9547E-2 7.80654E-2 7.8525E-2 7.55337E-2 7.38746E-2 7.30292E-2 7.57778E-2 7.36101E-2 7.22363E-2 7.13853E-2 6.57321E-2 5.97895E-2 6.31539E-2 6.3672E-2 6.12031E-2 5.6023E-2 5.22795E-2 4.70572E-2 4.07469E-2 3.80499E-2 3.50612E-2 3.59165E-2 4.39018E-2 4.7973E-2 5.10691E-2 4.98954E-2 4.92155E-2 4.78001E-2 5.50186E-2 6.49283E-2 6.76676E-2 6.9037E-2
5.76685E-2 5.58786E-2 5.43349E-2 5.01142E-2 4.78337E-2 4.52049E-2 4.71069E-2 4.61194E-2 4.85162E-2 4.74503E-2 4.87309E-2 4.77245E-2 5.17671E-2 5.421E-2 5.65425E-2 5.9942E-2 6.23623E-2 6.45121E-2 6.4322E-2 6.62504E-2 7.00601E-2 6.79962E-2 6.44178E-2 6.34511E-2 6.68494E-2 7.16819E-2 7.27251E-2 7.61554E-2 7.90816E-2 7.82256E-2 7.72671E-2 7.61799E-2 7.64752E-2 7.48412E-2 7.4153E-2 7.87936E-2 8.05946E-2 7.20755E-2 6.62598E-2 6.14659E-2 6.23006E-2 6.50298E-2 5.86993E-2 5.14238E-2 4.82321E-2 4.66317E-2 4.49179E-2 4.17287E-2 3.87836E-2 4.06698E-2 3.86188E-2 4.03153E-2 4.06165E-2 4.73448E-2 5.34533E-2 6.01393E-2 5.46138E-2 6.14636E-2 6.76611E-2 6.81637E-2 7.18866E-2
