maxent_outputs/white_flowers_troch_bombus_environ/white_291.asc
ncols         426
nrows         180
xllcorner     -130.0
yllcorner     24.0
cellsize      0.16666666666666666
NODATA_value  -9999
[rows 0 to 26 of 180, columns 183 to 243 of 426]
1.12797E-1 1.0535E-1 1.06223E-1 1.07641E-1 1.05237E-1 1.03873E-1 1.05124E-1 1.19182E-1 1.21185E-1 1.18406E-1 1.11129E-1 1.08216E-1 1.03028E-1 1.00854E-1 1.0287E-1 1.03059E-1 1.01988E-1 1.00042E-1 9.96028E-2 1.01718E-1 1.08269E-1 1.03893E-1 1.00085E-1 1.00683E-1 9.96275E-2 9.98807E-2 9.94843E-2 1.03083E-1 1.06413E-1 1.02664E-1 9.94146E-2 9.78419E-2 9.85256E-2 9.91597E-2 9.6616E-2 9.45147E-2 9.37998E-2 9.3515E-2 9.51267E-2 9.4764E-2 9.44735E-2 9.54557E-2 9.47748E-2 9.2846E-2 9.57298E-2 9.4953E-2 9.53749E-2 9.58041E-2 9.93268E-2 9.78845E-2 9.67547E-2 1.00421E-1 1.01133E-1 9.82344E-2 1.00217E-1 9.7583E-2 9.72715E-2 9.47208E-2 9.45276E-2 9.57716E-2 9.49759E-2
1.06754E-1 1.05051E-1 1.09056E-1 1.34603E-1 1.45995E-1 1.48715E-1 1.49886E-1 1.49941E-1 1.39604E-1 1.30168E-1 1.13054E-1 1.11877E-1 1.07506E-1 1.0479E-1 1.06376E-1 1.02323E-1 1.00759E-1 9.95406E-2 9.85352E-2 1.01062E-1 1.00892E-1 1.00366E-1 1.0417E-1 1.02645E-1 1.01377E-1 9.73635E-2 1.00524E-1 1.02981E-1 1.04636E-1 1.06756E-1 1.10805E-1 1.08472E-1 1.0319E-1 1.01016E-1 9.93098E-2 9.76441E-2 9.79867E-2 9.84172E-2 9.74493E-2 9.60059E-2 9.61026E-2 9.32304E-2 9.4388E-2 9.8598E-2 1.00931E-1 9.9638E-2 9.78042E-2 9.51024E-2 9.63295E-2 9.92524E-2 9.74443E-2 9.96336E-2 9.87938E-2 9.63051E-2 9.9091E-2 1.01738E-1 1.15041E-1 1.18086E-1 1.10467E-1 1.00347E-1 9.99234E-2
1.03898E-1 1.05237E-1 1.20107E-1 1.49546E-1 1.50389E-1 1.49398E-1 1.54007E-1 1.55194E-1 1.58026E-1 1.55671E-1 1.29457E-1 1.13396E-1 1.12414E-1 1.05886E-1 1.04098E-1 1.02962E-1 1.01324E-1 1.01412E-1 1.02489E-1 1.05211E-1 1.01912E-1 9.8464E-2 9.8539E-2 1.00107E-1 1.01966E-1 9.83093E-2 1.00284E-1 9.92186E-2 9.88785E-2 9.72925E-2 9.81025E-2 9.69815E-2 9.84068E-2 9.64831E-2 9.81925E-2 9.89522E-2 9.77289E-2 9.87984E-2 9.84439E-2 9.64354E-2 9.61482E-2 9.51026E-2 9.31046E-2 9.15621E-2 9.24677E-2 9.3433E-2 9.43122E-2 9.45384E-2 9.71881E-2 9.70969E-2 1.00705E-1 9.79151E-2 9.59683E-2 9.42593E-2 9.4931E-2 9.68056E-2 9.62483E-2 9.78979E-2 9.68679E-2 9.68242E-2 9.63404E-2
1.0708E-1 1.12623E-1 1.3573E-1 1.5273E-1 1.51996E-1 1.504E-1 1.52033E-1 1.52515E-1 1.56215E-1 1.60161E-1 1.55691E-1 1.19507E-1 1.16851E-1 1.08663E-1 1.0803E-1 1.03605E-1 1.04212E-1 1.04133E-1 1.03479E-1 1.02E-1 1.05347E-1 1.00298E-1 9.80759E-2 9.81997E-2 9.79927E-2 1.00477E-1 9.96044E-2 9.62753E-2 9.58051E-2 9.5766E-2 9.66085E-2 9.91451E-2 9.74962E-2 9.62173E-2 9.54646E-2 9.65295E-2 9.74487E-2 9.58823E-2 9.51374E-2 9.5747E-2 9.59563E-2 9.34173E-2 9.25074E-2 9.17836E-2 9.09542E-2 9.13543E-2 9.81213E-2 9.66574E-2 9.6343E-2 9.79543E-2 9.83426E-2 1.02291E-1 9.80898E-2 9.54723E-2 9.60123E-2 9.4651E-2 9.46949E-2 9.48314E-2 9.76084E-2 9.50445E-2 9.67346E-2
1.20793E-1 1.26307E-1 1.44221E-1 1.51901E-1 1.51975E-1 1.52914E-1 1.53044E-1 1.54973E-1 1.56739E-1 1.59693E-1 1.58723E-1 1.41898E-1 1.2242E-1 1.08641E-1 1.03433E-1 1.05383E-1 1.03592E-1 1.01398E-1 1.01823E-1 1.01755E-1 1.00502E-1 1.00821E-1 1.01338E-1 9.89936E-2 9.68008E-2 9.82102E-2 9.6661E-2 9.87536E-2 9.89666E-2 9.77216E-2 9.78045E-2 9.79364E-2 9.63902E-2 9.69127E-2 9.87481E-2 1.00462E-1 9.69975E-2 9.53452E-2 9.30045E-2 9.37983E-2 9.51054E-2 9.50391E-2 9.52929E-2 9.48146E-2 9.4978E-2 9.56073E-2 9.23558E-2 9.29167E-2 9.49188E-2 9.5342E-2 9.48647E-2 9.76352E-2 9.56184E-2 9.45487E-2 9.42291E-2 9.52471E-2 9.48766E-2 9.62698E-2 9.66375E-2 9.52595E-2 9.5008E-2
1.20281E-1 1.19178E-1 1.2638E-1 1.38869E-1 1.38356E-1 1.39983E-1 1.5166E-1 1.5587E-1 1.55786E-1 1.59046E-1 1.59722E-1 1.55723E-1 1.34968E-1 1.11863E-1 1.08896E-1 1.0521E-1 1.04838E-1 1.03413E-1 1.01542E-1 1.01312E-1 1.04161E-1 1.00779E-1 9.92247E-2 1.01044E-1 1.01129E-1 1.02205E-1 1.036E-1 1.04145E-1 1.00956E-1 1.0083E-1 1.00553E-1 9.87863E-2 9.80283E-2 9.82237E-2 9.76051E-2 1.02923E-1 1.05846E-1 1.02098E-1 1.05466E-1 1.04954E-1 1.06494E-1 1.03477E-1 9.71289E-2 9.63682E-2 9.58586E-2 9.91377E-2 9.4161E-2 9.36907E-2 9.60853E-2 9.82175E-2 9.76822E-2 9.76421E-2 9.58056E-2 9.40528E-2 9.3696E-2 9.25745E-2 9.51036E-2 9.94316E-2 9.97632E-2 9.75028E-2 9.89812E-2
1.18686E-1 1.14362E-1 1.13408E-1 1.20057E-1 1.38039E-1 1.47066E-1 1.54506E-1 1.56504E-1 1.57062E-1 1.60356E-1 1.6191E-1 1.59104E-1 1.36519E-1 1.18099E-1 1.1483E-1 1.08781E-1 1.05188E-1 1.05338E-1 1.05521E-1 1.03823E-1 1.05099E-1 1.0415E-1 1.00898E-1 1.0194E-1 1.02387E-1 1.04537E-1 1.02951E-1 1.03614E-1 1.01547E-1 1.00445E-1 9.95232E-2 1.00001E-1 1.00839E-1 1.03488E-1 1.002E-1 1.03605E-1 1.04897E-1 1.01104E-1 1.02341E-1 1.01824E-1 1.02119E-1 9.97985E-2 9.6507E-2 9.75083E-2 1.00676E-1 1.02686E-1 1.01911E-1 9.85486E-2 1.02618E-1 9.97535E-2 9.94667E-2 1.00619E-1 1.00262E-1 9.45596E-2 9.36592E-2 9.37731E-2 9.48706E-2 1.00042E-1 1.00725E-1 1.01025E-1 1.03111E-1
1.22861E-1 1.15248E-1 1.15556E-1 1.22211E-1 1.4264E-1 1.53602E-1 1.53216E-1 1.55028E-1 1.56114E-1 1.56993E-1 1.57792E-1 1.59129E-1 1.52573E-1 1.22126E-1 1.13836E-1 1.11285E-1 1.12371E-1 1.16774E-1 1.1244E-1 1.09715E-1 1.06515E-1 1.05702E-1 1.03916E-1 1.02446E-1 1.02515E-1 1.06445E-1 1.03268E-1 1.03089E-1 1.03186E-1 1.03001E-1 1.01425E-1 1.00446E-1 1.00732E-1 1.02135E-1 1.014E-1 1.01671E-1 1.01483E-1 9.97737E-2 9.78755E-2 9.70998E-2 9.82075E-2 1.004E-1 9.8926E-2 9.69437E-2 9.74106E-2 9.74059E-2 9.57916E-2 9.53586E-2 9.90437E-2 9.78231E-2 9.7328E-2 1.02552E-1 1.03382E-1 1.02123E-1 9.5556E-2 9.50201E-2 9.73293E-2 9.68682E-2 9.64306E-2 9.72027E-2 9.64889E-2
1.23405E-1 1.17847E-1 1.16697E-1 1.19907E-1 1.20482E-1 1.35624E-1 1.50963E-1 1.53793E-1 1.54653E-1 1.53729E-1 1.56963E-1 1.564E-1 1.52404E-1 1.46271E-1 1.19488E-1 1.12007E-1 1.13604E-1 1.10504E-1 1.13618E-1 1.14224E-1 1.12035E-1 1.08996E-1 1.06939E-1 1.05041E-1 1.0679E-1 1.04857E-1 1.03855E-1 1.04735E-1 1.01976E-1 1.02539E-1 1.04587E-1 1.03389E-1 1.05375E-1 1.02246E-1 1.01876E-1 1.00506E-1 1.01703E-1 1.02818E-1 1.02712E-1 1.02078E-1 9.94377E-2 9.99043E-2 1.00795E-1 9.95395E-2 9.67143E-2 9.6124E-2 9.56665E-2 1.03649E-1 1.00661E-1 9.74806E-2 9.60367E-2 9.61298E-2 9.47094E-2 9.45159E-2 9.80241E-2 9.76875E-2 9.68446E-2 9.46658E-2 9.63344E-2 9.57228E-2 9.46052E-2
1.25656E-1 1.17942E-1 1.16677E-1 1.16479E-1 1.17072E-1 1.17577E-1 1.38212E-1 1.50509E-1 1.4317E-1 1.39912E-1 1.55187E-1 1.51938E-1 1.48245E-1 1.4336E-1 1.32025E-1 1.14738E-1 1.14223E-1 1.11355E-1 1.11038E-1 1.08512E-1 1.08501E-1 1.08538E-1 1.07288E-1 1.06809E-1 1.08402E-1 1.06789E-1 1.04163E-1 1.03888E-1 1.01711E-1 1.00903E-1 1.02483E-1 1.02335E-1 1.01461E-1 1.00031E-1 1.02325E-1 1.04456E-1 1.02979E-1 1.02072E-1 1.02706E-1 1.01583E-1 9.9519E-2 9.98318E-2 1.00259E-1 1.00779E-1 9.81402E-2 9.65529E-2 9.57762E-2 9.82631E-2 9.52621E-2 9.40265E-2 9.37958E-2 9.26412E-2 9.33669E-2 9.38707E-2 9.34191E-2 9.48428E-2 9.61268E-2 9.46156E-2 9.40886E-2 9.41669E-2 9.72625E-2
1.2175E-1 1.16157E-1 1.14636E-1 1.18219E-1 1.17408E-1 1.17277E-1 1.18404E-1 1.26589E-1 1.4654E-1 1.45336E-1 1.49489E-1 1.48986E-1 1.45963E-1 1.36399E-1 1.33986E-1 1.15372E-1 1.15193E-1 1.12934E-1 1.13211E-1 1.11001E-1 1.10577E-1 1.0997E-1 1.07573E-1 1.06836E-1 1.09666E-1 1.08059E-1 1.05885E-1 1.07199E-1 1.01942E-1 1.05001E-1 1.05893E-1 1.04556E-1 1.02062E-1 1.00607E-1 1.0476E-1 1.02121E-1 1.00125E-1 9.75169E-2 9.88747E-2 9.98867E-2 1.04306E-1 1.01874E-1 9.73066E-2 9.60848E-2 9.55892E-2 9.48416E-2 9.44077E-2 9.45973E-2 9.2691E-2 9.2224E-2 9.38034E-2 9.24934E-2 9.30391E-2 9.26264E-2 9.25687E-2 9.35853E-2 9.46284E-2 9.45548E-2 9.37361E-2 9.37372E-2 9.54534E-2
1.20407E-1 1.18446E-1 1.19261E-1 1.20163E-1 1.1959E-1 1.1903E-1 1.19796E-1 1.21169E-1 1.30532E-1 1.48128E-1 1.33949E-1 1.3013E-1 1.38063E-1 1.44337E-1 1.41774E-1 1.22113E-1 1.15997E-1 1.1451E-1 1.13897E-1 1.11957E-1 1.10857E-1 1.1166E-1 1.10922E-1 1.13262E-1 1.16655E-1 1.14676E-1 1.11041E-1 1.09428E-1 1.097E-1 1.10318E-1 1.09779E-1 1.09826E-1 1.09439E-1 1.06319E-1 1.05241E-1 9.95246E-2 9.75331E-2 1.00539E-1 9.91701E-2 9.94126E-2 1.00035E-1 9.8088E-2 9.6007E-2 9.63187E-2 9.71463E-2 9.55767E-2 9.36265E-2 9.39844E-2 9.52507E-2 9.44087E-2 9.56803E-2 9.43527E-2 9.19737E-2 9.20613E-2 9.24349E-2 9.37779E-2 9.45372E-2 9.51831E-2 9.50987E-2 9.6075E-2 9.72076E-2
1.19881E-1 1.21328E-1 1.19798E-1 1.19123E-1 1.17819E-1 1.19897E-1 1.21167E-1 1.18355E-1 1.21713E-1 1.30083E-1 1.23527E-1 1.25933E-1 1.21409E-1 1.36844E-1 1.43797E-1 1.38135E-1 1.19521E-1 1.16344E-1 1.13766E-1 1.10613E-1 1.12527E-1 1.13839E-1 1.13937E-1 1.14488E-1 1.17918E-1 1.10269E-1 1.11573E-1 1.07751E-1 1.08993E-1 1.08227E-1 1.08734E-1 1.0921E-1 1.10759E-1 1.08083E-1 1.06006E-1 1.01091E-1 1.02167E-1 1.03076E-1 1.01638E-1 1.02454E-1 1.01541E-1 1.00417E-1 9.79862E-2 9.62323E-2 9.66738E-2 9.83195E-2 9.47294E-2 9.40549E-2 9.85414E-2 9.69407E-2 9.88706E-2 9.58592E-2 9.38184E-2 9.1944E-2 9.3462E-2 9.46963E-2 9.59349E-2 9.46459E-2 9.54339E-2 9.591E-2 9.86155E-2
1.29491E-1 1.23342E-1 1.21635E-1 1.20216E-1 1.17192E-1 1.18529E-1 1.25299E-1 1.23065E-1 1.15748E-1 1.14429E-1 1.20057E-1 1.22481E-1 1.32617E-1 1.34922E-1 1.38834E-1 1.33827E-1 1.29979E-1 1.18248E-1 1.14551E-1 1.1467E-1 1.14647E-1 1.13661E-1 1.13952E-1 1.15525E-1 1.11942E-1 1.12624E-1 1.08767E-1 1.10608E-1 1.10692E-1 1.12295E-1 1.09644E-1 1.09357E-1 1.11666E-1 1.1144E-1 1.11565E-1 1.08101E-1 1.0812E-1 1.07253E-1 1.07575E-1 1.0778E-1 1.06433E-1 1.01755E-1 9.86798E-2 9.90794E-2 1.01955E-1 1.04894E-1 1.01431E-1 9.97268E-2 9.93763E-2 1.00315E-1 1.01922E-1 9.90984E-2 1.00528E-1 9.63336E-2 9.62231E-2 9.71606E-2 9.42628E-2 9.70266E-2 9.91532E-2 9.75285E-2 1.00699E-1
1.26352E-1 1.2652E-1 1.29502E-1 1.28371E-1 1.23549E-1 1.24687E-1 1.19242E-1 1.103E-1 1.13259E-1 1.16945E-1 1.21096E-1 1.22229E-1 1.25646E-1 1.36671E-1 1.28293E-1 1.19407E-1 1.30618E-1 1.25222E-1 1.16254E-1 1.15455E-1 1.15397E-1 1.15206E-1 1.14942E-1 1.15831E-1 1.11516E-1 1.12028E-1 1.099E-1 1.09514E-1 1.10444E-1 1.10955E-1 1.10065E-1 1.09372E-1 1.09861E-1 1.09911E-1 1.08946E-1 1.08925E-1 1.07415E-1 1.08067E-1 1.07505E-1 1.06891E-1 1.0627E-1 1.04843E-1 1.01848E-1 1.02366E-1 1.0449E-1 1.08902E-1 1.02097E-1 1.03244E-1 1.02999E-1 1.00549E-1 1.0176E-1 1.01155E-1 1.00491E-1 9.9838E-2 9.90737E-2 9.69475E-2 9.7321E-2 9.716E-2 9.61638E-2 9.72879E-2 9.80137E-2
1.17589E-1 1.20718E-1 1.31041E-1 1.28739E-1 1.20123E-1 1.0999E-1 1.11504E-1 1.10817E-1 1.16834E-1 1.21626E-1 1.22779E-1 1.17659E-1 1.20872E-1 1.26858E-1 1.19264E-1 1.2509E-1 1.37457E-1 1.39563E-1 1.21446E-1 1.15398E-1 1.12959E-1 1.12677E-1 1.11646E-1 1.12422E-1 1.12495E-1 1.11366E-1 1.11402E-1 1.14604E-1 1.15269E-1 1.12001E-1 1.10448E-1 1.07575E-1 1.08865E-1 1.04761E-1 1.06737E-1 1.0792E-1 1.09252E-1 1.09106E-1 1.07466E-1 1.06461E-1 1.05539E-1 1.09857E-1 1.12842E-1 1.10755E-1 1.06821E-1 1.11643E-1 1.07458E-1 1.05284E-1 1.06377E-1 1.05921E-1 1.06161E-1 1.0337E-1 1.00922E-1 1.00624E-1 9.97072E-2 9.91627E-2 9.70536E-2 9.72765E-2 9.74835E-2 9.89598E-2 1.01138E-1
1.14846E-1 1.19443E-1 1.2536E-1 1.31884E-1 1.29656E-1 1.2068E-1 1.072E-1 1.11091E-1 1.17691E-1 1.16408E-1 1.14158E-1 1.15494E-1 1.1823E-1 1.20623E-1 1.16654E-1 1.30386E-1 1.30138E-1 1.38566E-1 1.32547E-1 1.19322E-1 1.14634E-1 1.12724E-1 1.12727E-1 1.13129E-1 1.15036E-1 1.13047E-1 1.13802E-1 1.15517E-1 1.16199E-1 1.13479E-1 1.12547E-1 1.10523E-1 1.09982E-1 1.09633E-1 1.08116E-1 1.08898E-1 1.21185E-1 1.24718E-1 1.13604E-1 1.10749E-1 1.12603E-1 1.10663E-1 1.10354E-1 1.12164E-1 1.12674E-1 1.13699E-1 1.13746E-1 1.11693E-1 1.09185E-1 1.07241E-1 1.04951E-1 1.05249E-1 1.06327E-1 1.04111E-1 1.02418E-1 1.02958E-1 1.01604E-1 1.01841E-1 1.02286E-1 1.04216E-1 1.04041E-1
1.17628E-1 1.19124E-1 1.24333E-1 1.30889E-1 1.3089E-1 1.24694E-1 1.15169E-1 1.12073E-1 1.18013E-1 1.19195E-1 1.11144E-1 1.1045E-1 1.11344E-1 1.13522E-1 1.11882E-1 1.22698E-1 1.32238E-1 1.42741E-1 1.31776E-1 1.16703E-1 1.16032E-1 1.16788E-1 1.15807E-1 1.14293E-1 1.13992E-1 1.13839E-1 1.16682E-1 1.15093E-1 1.13725E-1 1.1329E-1 1.12477E-1 1.12815E-1 1.14465E-1 1.1713E-1 1.1541E-1 1.11939E-1 1.17387E-1 1.20762E-1 1.15395E-1 1.13223E-1 1.16748E-1 1.14169E-1 1.12513E-1 1.1184E-1 1.13237E-1 1.10623E-1 1.10972E-1 1.16199E-1 1.15352E-1 1.11291E-1 1.06166E-1 1.07819E-1 1.13864E-1 1.1387E-1 1.10793E-1 1.0872E-1 1.05515E-1 1.04993E-1 1.06498E-1 1.06452E-1 1.05869E-1
1.19692E-1 1.25011E-1 1.27194E-1 1.28626E-1 1.32377E-1 1.2943E-1 1.22513E-1 1.14995E-1 1.14226E-1 1.15185E-1 1.14821E-1 1.12777E-1 1.10878E-1 1.12311E-1 1.12392E-1 1.36621E-1 1.4328E-1 1.47494E-1 1.37385E-1 1.19762E-1 1.21722E-1 1.18027E-1 1.16284E-1 1.15916E-1 1.13012E-1 1.15938E-1 1.15093E-1 1.14597E-1 1.12913E-1 1.13432E-1 1.08636E-1 1.10028E-1 1.15236E-1 1.14194E-1 1.1807E-1 1.19008E-1 1.18436E-1 1.15884E-1 1.16152E-1 1.14306E-1 1.12067E-1 1.12988E-1 1.11105E-1 1.10904E-1 1.09788E-1 1.12931E-1 1.12414E-1 1.10397E-1 1.10978E-1 1.09973E-1 1.11921E-1 1.14673E-1 1.10836E-1 1.08814E-1 1.1047E-1 1.1248E-1 1.08663E-1 1.07176E-1 1.09866E-1 1.10375E-1 1.11027E-1
1.22453E-1 1.22563E-1 1.25845E-1 1.24606E-1 1.3101E-1 1.39251E-1 1.38301E-1 1.25212E-1 1.18381E-1 1.18134E-1 1.20751E-1 1.1443E-1 1.14932E-1 1.12065E-1 1.15517E-1 1.373E-1 1.4447E-1 1.42168E-1 1.38284E-1 1.25255E-1 1.24072E-1 1.18504E-1 1.16291E-1 1.16053E-1 1.14937E-1 1.15699E-1 1.15014E-1 1.15454E-1 1.12512E-1 1.14758E-1 1.15626E-1 1.17597E-1 1.1784E-1 1.14664E-1 1.14094E-1 1.22131E-1 1.25641E-1 1.22244E-1 1.20079E-1 1.19916E-1 1.16023E-1 1.14587E-1 1.09921E-1 1.13227E-1 1.15996E-1 1.16528E-1 1.14485E-1 1.15549E-1 1.15038E-1 1.17403E-1 1.15562E-1 1.15895E-1 1.13691E-1 1.13983E-1 1.12777E-1 1.11673E-1 1.10337E-1 1.09692E-1 1.13427E-1 1.1426E-1 1.14435E-1
1.24327E-1 1.24993E-1 1.25478E-1 1.2534E-1 1.25078E-1 1.37899E-1 1.42461E-1 1.41594E-1 1.29278E-1 1.21619E-1 1.19967E-1 1.1577E-1 1.15577E-1 1.09577E-1 1.12314E-1 1.34607E-1 1.3987E-1 1.31092E-1 1.27613E-1 1.25969E-1 1.25812E-1 1.22898E-1 1.18043E-1 1.15528E-1 1.12663E-1 1.13904E-1 1.15966E-1 1.16609E-1 1.12636E-1 1.1496E-1 1.19554E-1 1.14242E-1 1.14906E-1 1.18653E-1 1.21354E-1 1.25412E-1 1.28246E-1 1.28134E-1 1.32127E-1 1.25752E-1 1.23616E-1 1.18828E-1 1.18924E-1 1.1674E-1 1.19743E-1 1.22062E-1 1.18888E-1 1.15774E-1 1.16126E-1 1.18114E-1 1.18972E-1 1.17972E-1 1.15962E-1 1.15169E-1 1.1694E-1 1.12065E-1 1.12465E-1 1.14003E-1 1.15732E-1 1.17102E-1 1.18566E-1
1.22177E-1 1.27211E-1 1.27571E-1 1.30438E-1 1.30688E-1 1.35867E-1 1.43733E-1 1.43043E-1 1.41238E-1 1.25141E-1 1.21462E-1 1.21538E-1 1.13982E-1 1.0982E-1 1.08408E-1 1.24804E-1 1.31974E-1 1.2531E-1 1.17762E-1 1.19359E-1 1.22849E-1 1.26878E-1 1.20621E-1 1.16615E-1 1.17374E-1 1.18764E-1 1.15741E-1 1.17526E-1 1.20671E-1 1.21245E-1 1.23488E-1 1.19768E-1 1.21659E-1 1.27959E-1 1.29025E-1 1.24801E-1 1.29105E-1 1.32275E-1 1.31572E-1 1.39418E-1 1.36719E-1 1.30645E-1 1.26081E-1 1.26185E-1 1.29824E-1 1.3E-1 1.20619E-1 1.22178E-1 1.20771E-1 1.20068E-1 1.17808E-1 1.17817E-1 1.16458E-1 1.16812E-1 1.1975E-1 1.15111E-1 1.15838E-1 1.168E-1 1.1724E-1 1.1891E-1 1.20384E-1
1.18901E-1 1.26972E-1 1.29051E-1 1.29156E-1 1.28878E-1 1.32077E-1 1.38795E-1 1.39945E-1 1.32099E-1 1.21756E-1 1.18833E-1 1.16181E-1 1.10661E-1 1.07521E-1 1.05032E-1 1.09368E-1 1.12227E-1 1.15397E-1 1.11857E-1 1.18702E-1 1.20267E-1 1.22307E-1 1.22038E-1 1.19248E-1 1.1899E-1 1.21352E-1 1.23993E-1 1.24697E-1 1.22925E-1 1.21662E-1 1.2843E-1 1.25815E-1 1.29637E-1 1.29149E-1 1.25995E-1 1.2448E-1 1.27606E-1 1.31555E-1 1.32503E-1 1.30437E-1 1.32985E-1 1.34851E-1 1.36557E-1 1.34659E-1 1.32139E-1 1.27505E-1 1.26823E-1 1.25316E-1 1.24833E-1 1.22899E-1 1.20205E-1 1.17665E-1 1.18432E-1 1.16745E-1 1.1895E-1 1.19817E-1 1.17761E-1 1.16529E-1 1.17372E-1 1.20192E-1 1.2311E-1
1.14979E-1 1.24375E-1 1.29815E-1 1.29962E-1 1.28262E-1 1.24137E-1 1.21609E-1 1.20661E-1 1.20822E-1 1.19887E-1 1.19193E-1 1.14146E-1 1.11009E-1 1.10064E-1 1.08133E-1 1.10118E-1 1.09811E-1 1.12596E-1 1.15392E-1 1.2132E-1 1.20958E-1 1.20974E-1 1.21385E-1 1.18906E-1 1.17922E-1 1.21286E-1 1.21585E-1 1.24491E-1 1.25121E-1 1.25919E-1 1.20871E-1 1.235E-1 1.27022E-1 1.25112E-1 1.30622E-1 1.32278E-1 1.28127E-1 1.26751E-1 1.24949E-1 1.22707E-1 1.22538E-1 1.23959E-1 1.26883E-1 1.37345E-1 1.36458E-1 1.34753E-1 1.29082E-1 1.28378E-1 1.25192E-1 1.28284E-1 1.23421E-1 1.23125E-1 1.28573E-1 1.24682E-1 1.23492E-1 1.2464E-1 1.21065E-1 1.16394E-1 1.1706E-1 1.19966E-1 1.23098E-1
1.2111E-1 1.23029E-1 1.26303E-1 1.28628E-1 1.27669E-1 1.25781E-1 1.24547E-1 1.24659E-1 1.23129E-1 1.18945E-1 1.2052E-1 1.19049E-1 1.16347E-1 1.17322E-1 1.18181E-1 1.15154E-1 1.15309E-1 1.17525E-1 1.20933E-1 1.23026E-1 1.21703E-1 1.21855E-1 1.21616E-1 1.1959E-1 1.17185E-1 1.16535E-1 1.1778E-1 1.20626E-1 1.22427E-1 1.26279E-1 1.23829E-1 1.24454E-1 1.24184E-1 1.26155E-1 1.26909E-1 1.29488E-1 1.27184E-1 1.27602E-1 1.2624E-1 1.26312E-1 1.2469E-1 1.28107E-1 1.28368E-1 1.35364E-1 1.40111E-1 1.37739E-1 1.32443E-1 1.27335E-1 1.29117E-1 1.29623E-1 1.3458E-1 1.28664E-1 1.23813E-1 1.21072E-1 1.21444E-1 1.20126E-1 1.1987E-1 1.20193E-1 1.1923E-1 1.24844E-1 1.34701E-1
1.2254E-1 1.26114E-1 1.26512E-1 1.26377E-1 1.25679E-1 1.28519E-1 1.29802E-1 1.28883E-1 1.3036E-1 1.25444E-1 1.21942E-1 1.21955E-1 1.20941E-1 1.19379E-1 1.17299E-1 1.15309E-1 1.14586E-1 1.1646E-1 1.2364E-1 1.25079E-1 1.23984E-1 1.22499E-1 1.20626E-1 1.15708E-1 1.15394E-1 1.17142E-1 1.1691E-1 1.18324E-1 1.24524E-1 1.26812E-1 1.30249E-1 1.27587E-1 1.27252E-1 1.27768E-1 1.28572E-1 1.30398E-1 1.32173E-1 1.34731E-1 1.34803E-1 1.28443E-1 1.35459E-1 1.32684E-1 1.30355E-1 1.30036E-1 1.33104E-1 1.39014E-1 1.35685E-1 1.31924E-1 1.32913E-1 1.2764E-1 1.26097E-1 1.26621E-1 1.24621E-1 1.2558E-1 1.26535E-1 1.22581E-1 1.21612E-1 1.20457E-1 1.24707E-1 1.26014E-1 1.31436E-1
1.22668E-1 1.23998E-1 1.20264E-1 1.22352E-1 1.22254E-1 1.22948E-1 1.2938E-1 1.32304E-1 1.33796E-1 1.33683E-1 1.25157E-1 1.25733E-1 1.24381E-1 1.19382E-1 1.14973E-1 1.14776E-1 1.16968E-1 1.16996E-1 1.23622E-1 1.25541E-1 1.25027E-1 1.23468E-1 1.19876E-1 1.16913E-1 1.1449E-1 1.15555E-1 1.26635E-1 1.25998E-1 1.24861E-1 1.33547E-1 1.35473E-1 1.28364E-1 1.2621E-1 1.29593E-1 1.31688E-1 1.29484E-1 1.28999E-1 1.30742E-1 1.33015E-1 1.29419E-1 1.30104E-1 1.37442E-1 1.33503E-1 1.30581E-1 1.32631E-1 1.39763E-1 1.48649E-1 1.45267E-1 1.34392E-1 1.30248E-1 1.2338E-1 1.22097E-1 1.21778E-1 1.22145E-1 1.22596E-1 1.21218E-1 1.18487E-1 1.20276E-1 1.2406E-1 1.27409E-1 1.29221E-1
