maxent_outputs/white_flowers_troch_bombus_environ/white_47.asc
ncols         426
nrows         180
xllcorner     -130.0
yllcorner     24.0
cellsize      0.16666666666666666
NODATA_value  -9999
[rows 27 to 53 of 180, columns 61 to 121 of 426]
8.17098E-2 1.43203E-1 6.38096E-2 5.65733E-2 6.27461E-2 6.91364E-2 5.79637E-2 6.48101E-2 7.87102E-2 6.61189E-2 1.39154E-1 9.44762E-2 7.53392E-2 1.1851E-1 8.17023E-2 6.49282E-2 4.81446E-2 5.30908E-2 1.27461E-1 3.93204E-2 3.98861E-2 3.8683E-2 3.87765E-2 3.96833E-2 4.44045E-2 4.18587E-2 5.49894E-2 4.20935E-2 3.49283E-2 2.89429E-2 2.47639E-2 2.69696E-2 4.15534E-2 5.65483E-2 6.31426E-2 5.91168E-2 5.51934E-2 5.68641E-2 6.16841E-2 5.99972E-2 5.97323E-2 6.34055E-2 6.41251E-2 6.76511E-2 6.60468E-2 6.6734E-2 6.32146E-2 5.94241E-2 5.5826E-2 5.37116E-2 5.23611E-2 5.0822E-2 5.02601E-2 4.90341E-2 4.19741E-2 3.53396E-2 2.97469E-2 2.89966E-2 2.99267E-2 3.0665E-2 2.97597E-2
8.90324E-2 1.32378E-1 7.17601E-2 5.73682E-2 7.19898E-2 7.73098E-2 6.7143E-2 6.67632E-2 9.68185E-2 8.37337E-2 6.97193E-2 7.07216E-2 1.06594E-1 1.07943E-1 7.39546E-2 7.55017E-2 5.17596E-2 4.93902E-2 8.71182E-2 7.51801E-2 5.0766E-2 4.44427E-2 3.86977E-2 3.92872E-2 3.64923E-2 3.5509E-2 5.73496E-2 6.42681E-2 4.94177E-2 3.27649E-2 2.64556E-2 2.52998E-2 2.79375E-2 3.5479E-2 4.01275E-2 5.35596E-2 5.83272E-2 6.0571E-2 5.80982E-2 5.96613E-2 5.82714E-2 5.77386E-2 5.6742E-2 5.69724E-2 5.68645E-2 6.01392E-2 6.22113E-2 5.81776E-2 5.45249E-2 5.16583E-2 4.93444E-2 4.97752E-2 4.9011E-2 4.85929E-2 4.52163E-2 3.76368E-2 3.02682E-2 2.82913E-2 2.92276E-2 2.57812E-2 2.44292E-2
1.06404E-1 1.22475E-1 1.09769E-1 5.95511E-2 6.05458E-2 7.43349E-2 7.68513E-2 7.9147E-2 9.92326E-2 1.27399E-1 8.07509E-2 8.91286E-2 1.1081E-1 1.25587E-1 9.20447E-2 9.58886E-2 5.63326E-2 4.97937E-2 5.66992E-2 1.29456E-1 8.02511E-2 5.36601E-2 4.86258E-2 3.86333E-2 4.04136E-2 4.32755E-2 4.16117E-2 7.88194E-2 6.47898E-2 3.25279E-2 2.77677E-2 3.07196E-2 3.10698E-2 2.58706E-2 2.87337E-2 4.61784E-2 5.50042E-2 5.65126E-2 5.39654E-2 5.41141E-2 5.49989E-2 5.1801E-2 5.24402E-2 5.37878E-2 5.18776E-2 5.22461E-2 5.7353E-2 5.41609E-2 5.67257E-2 6.02263E-2 6.20749E-2 5.74426E-2 5.38465E-2 4.88808E-2 4.20247E-2 4.25289E-2 4.37141E-2 3.4012E-2 2.66292E-2 2.50212E-2 2.47204E-2
8.76874E-2 1.24547E-1 1.49273E-1 5.76714E-2 4.67245E-2 7.22264E-2 8.2896E-2 8.95236E-2 7.8308E-2 1.1308E-1 1.06646E-1 1.23637E-1 1.34234E-1 1.08905E-1 9.84165E-2 9.29636E-2 6.68141E-2 6.57423E-2 4.89409E-2 7.81339E-2 1.23507E-1 7.48391E-2 5.13837E-2 4.34353E-2 5.16155E-2 4.47647E-2 3.85741E-2 7.41876E-2 8.44792E-2 4.50312E-2 3.07443E-2 3.0667E-2 4.01549E-2 3.05652E-2 2.47494E-2 2.97705E-2 3.59689E-2 4.48624E-2 5.34135E-2 5.01425E-2 4.98599E-2 4.99373E-2 5.27956E-2 5.44864E-2 5.0975E-2 4.91592E-2 5.09454E-2 6.02441E-2 5.18524E-2 4.67865E-2 4.96338E-2 4.71501E-2 5.15747E-2 5.80552E-2 4.95203E-2 4.43464E-2 4.61785E-2 4.3833E-2 3.89236E-2 3.61164E-2 3.5912E-2
8.47138E-2 1.18887E-1 1.53941E-1 7.33785E-2 6.51246E-2 6.50298E-2 7.47014E-2 7.22142E-2 7.09026E-2 1.03293E-1 1.46249E-1 1.19517E-1 9.86403E-2 9.97269E-2 1.13871E-1 8.40495E-2 8.23744E-2 1.05825E-1 6.60079E-2 5.36744E-2 1.23489E-1 1.27028E-1 8.48096E-2 6.61998E-2 5.65976E-2 4.22766E-2 4.78112E-2 6.21105E-2 5.02456E-2 6.50726E-2 3.68559E-2 2.85576E-2 3.34233E-2 4.39922E-2 3.53587E-2 2.41046E-2 2.59936E-2 3.92213E-2 5.12308E-2 5.03212E-2 4.88782E-2 5.34868E-2 5.53896E-2 5.94064E-2 5.92532E-2 5.41848E-2 6.078E-2 6.48471E-2 5.24807E-2 5.15683E-2 4.83417E-2 4.16798E-2 4.3791E-2 4.68455E-2 4.6725E-2 4.48018E-2 4.36573E-2 4.50619E-2 4.65958E-2 4.35132E-2 4.46628E-2
9.05142E-2 1.22087E-1 1.17103E-1 7.58827E-2 7.9692E-2 7.83065E-2 8.44247E-2 7.29783E-2 8.06145E-2 1.0998E-1 1.51137E-1 1.29223E-1 1.03293E-1 9.37984E-2 1.0903E-1 1.05021E-1 9.99519E-2 1.4049E-1 8.10293E-2 6.80536E-2 1.29481E-1 7.43707E-2 8.84129E-2 1.05429E-1 5.32366E-2 6.3756E-2 4.95254E-2 8.36814E-2 4.55967E-2 4.7028E-2 4.93529E-2 5.33988E-2 3.70809E-2 3.40528E-2 5.01574E-2 6.52544E-2 3.14837E-2 2.76196E-2 3.22272E-2 5.06623E-2 4.94761E-2 5.91949E-2 6.55643E-2 6.82705E-2 7.44609E-2 7.77451E-2 8.12719E-2 6.6244E-2 5.91617E-2 5.47189E-2 5.28501E-2 4.85944E-2 4.60992E-2 4.49349E-2 4.16618E-2 4.26469E-2 4.33109E-2 4.51597E-2 4.48811E-2 4.68995E-2 4.73544E-2
1.01246E-1 1.55975E-1 1.30932E-1 8.28529E-2 7.79785E-2 9.3619E-2 9.62076E-2 7.39172E-2 9.72035E-2 1.53483E-1 1.1227E-1 1.30615E-1 1.16694E-1 9.62715E-2 1.01652E-1 1.16871E-1 1.13686E-1 1.31828E-1 9.0503E-2 1.0292E-1 1.43449E-1 8.03375E-2 6.09259E-2 1.14301E-1 6.9984E-2 1.0205E-1 8.34708E-2 8.37889E-2 5.05613E-2 4.55019E-2 3.70269E-2 5.99563E-2 7.3142E-2 6.34804E-2 6.36811E-2 4.89499E-2 4.0485E-2 2.90098E-2 2.62878E-2 4.84687E-2 5.24862E-2 6.09534E-2 6.91831E-2 7.19159E-2 7.21782E-2 7.15841E-2 7.42814E-2 6.73141E-2 6.53257E-2 6.07339E-2 5.27828E-2 4.84992E-2 4.80889E-2 5.059E-2 4.78878E-2 4.5275E-2 4.5413E-2 4.51259E-2 4.6256E-2 5.11665E-2 5.09832E-2
1.44187E-1 1.32522E-1 1.30756E-1 1.16946E-1 1.10184E-1 1.10632E-1 1.10589E-1 9.77465E-2 1.07547E-1 1.42654E-1 1.19715E-1 1.07419E-1 1.3581E-1 1.07978E-1 1.17221E-1 1.31108E-1 1.29379E-1 1.38837E-1 1.25838E-1 1.57932E-1 1.75875E-1 1.1545E-1 6.55498E-2 9.34004E-2 5.84683E-2 7.35952E-2 7.50116E-2 7.49657E-2 6.49996E-2 5.64846E-2 3.50251E-2 5.3422E-2 7.21775E-2 7.44179E-2 5.68495E-2 4.57921E-2 3.73341E-2 3.77513E-2 3.12086E-2 3.42752E-2 4.40054E-2 5.64714E-2 6.53586E-2 7.43399E-2 6.98044E-2 6.63549E-2 6.74985E-2 6.41081E-2 6.22271E-2 5.51987E-2 5.3353E-2 5.17942E-2 5.18218E-2 5.0823E-2 5.27379E-2 5.35188E-2 5.06283E-2 4.8938E-2 4.63888E-2 4.8672E-2 4.78872E-2
1.37535E-1 1.3883E-1 1.24588E-1 1.30186E-1 1.28171E-1 1.22652E-1 1.2158E-1 1.21704E-1 1.36363E-1 1.60051E-1 1.08821E-1 1.17665E-1 1.32127E-1 1.20358E-1 1.29561E-1 1.33084E-1 1.34411E-1 1.29207E-1 1.43198E-1 1.47848E-1 1.7571E-1 1.2998E-1 1.11995E-1 1.03151E-1 8.4794E-2 5.54034E-2 7.81402E-2 7.2465E-2 6.85813E-2 5.84158E-2 6.03568E-2 6.26172E-2 6.81738E-2 8.69958E-2 1.01974E-1 5.28035E-2 3.73318E-2 3.37431E-2 2.74209E-2 2.90044E-2 3.02383E-2 3.40769E-2 5.20911E-2 6.557E-2 6.50767E-2 6.1697E-2 6.47533E-2 6.49445E-2 6.41803E-2 6.29183E-2 6.0164E-2 6.21498E-2 6.23359E-2 6.19683E-2 6.68256E-2 6.82138E-2 6.03697E-2 5.70572E-2 5.20467E-2 4.46933E-2 4.42012E-2
9.28483E-2 1.08184E-1 1.02445E-1 1.03295E-1 1.4781E-1 1.26963E-1 1.47563E-1 1.39861E-1 1.50694E-1 1.48455E-1 1.34609E-1 1.40274E-1 1.54182E-1 1.39745E-1 1.45164E-1 1.43279E-1 1.24755E-1 1.34945E-1 1.40696E-1 1.35236E-1 1.1929E-1 1.00111E-1 9.27927E-2 8.73943E-2 1.074E-1 8.29086E-2 7.52451E-2 6.81031E-2 6.62468E-2 5.10246E-2 6.20996E-2 6.49937E-2 7.01343E-2 9.14281E-2 1.43811E-1 7.33748E-2 4.27524E-2 3.33982E-2 3.7051E-2 2.58108E-2 2.79628E-2 2.90729E-2 4.24872E-2 6.07052E-2 6.97758E-2 7.54739E-2 7.76396E-2 8.47651E-2 8.39788E-2 8.25586E-2 7.87741E-2 8.21389E-2 7.61742E-2 7.23941E-2 7.5423E-2 8.15128E-2 7.21055E-2 6.51015E-2 6.86261E-2 6.02866E-2 5.26363E-2
9.37826E-2 1.05023E-1 1.03401E-1 1.21351E-1 1.15856E-1 1.14494E-1 1.10022E-1 1.02601E-1 1.16578E-1 1.20437E-1 1.2689E-1 1.2623E-1 1.29859E-1 1.56168E-1 1.78272E-1 1.57246E-1 1.57129E-1 1.57785E-1 1.62054E-1 1.31052E-1 1.11537E-1 1.09486E-1 1.05924E-1 9.89417E-2 8.64694E-2 1.00729E-1 8.36869E-2 5.97687E-2 7.42787E-2 5.50297E-2 6.34765E-2 8.01944E-2 7.85895E-2 9.39032E-2 1.27229E-1 6.26153E-2 5.3622E-2 2.65802E-2 3.25373E-2 2.45758E-2 2.95461E-2 3.7568E-2 3.60421E-2 5.83114E-2 6.86196E-2 7.92973E-2 8.02078E-2 7.68001E-2 8.0936E-2 7.47235E-2 7.04922E-2 7.59102E-2 8.27636E-2 8.40341E-2 8.37287E-2 8.11902E-2 7.64636E-2 7.68019E-2 7.64482E-2 7.57633E-2 6.86587E-2
1.11697E-1 1.12916E-1 1.43105E-1 1.60918E-1 1.32282E-1 1.33732E-1 1.23869E-1 1.19142E-1 1.15486E-1 1.13326E-1 1.12418E-1 1.15037E-1 1.2953E-1 1.41085E-1 1.69936E-1 1.61022E-1 1.45472E-1 1.50822E-1 1.82637E-1 1.5985E-1 1.49307E-1 1.42803E-1 1.23786E-1 1.07525E-1 7.74509E-2 8.52607E-2 9.52656E-2 8.68153E-2 7.62625E-2 7.81478E-2 7.15739E-2 9.01122E-2 8.32802E-2 9.13223E-2 8.46559E-2 3.89926E-2 5.96849E-2 2.82315E-2 2.87502E-2 2.64455E-2 2.85814E-2 4.12415E-2 4.76122E-2 6.06759E-2 6.93548E-2 7.10963E-2 7.54521E-2 7.72258E-2 7.43219E-2 8.38722E-2 8.31928E-2 8.22746E-2 8.22529E-2 8.20151E-2 7.27102E-2 6.61162E-2 7.16459E-2 7.97335E-2 7.70275E-2 7.49499E-2 6.888E-2
1.39008E-1 1.36769E-1 1.96746E-1 1.71053E-1 1.78003E-1 1.63187E-1 1.56249E-1 1.41165E-1 1.2984E-1 1.24865E-1 1.3116E-1 1.32857E-1 1.5054E-1 1.59685E-1 1.4834E-1 1.43855E-1 1.35971E-1 1.41152E-1 1.63644E-1 1.49273E-1 1.13309E-1 1.14049E-1 9.45254E-2 8.51736E-2 7.16615E-2 7.04988E-2 7.29701E-2 7.2781E-2 7.45479E-2 9.40878E-2 8.59057E-2 8.92024E-2 8.38198E-2 9.41876E-2 8.89563E-2 3.81973E-2 4.41103E-2 4.4179E-2 2.93841E-2 3.055E-2 3.16683E-2 3.3524E-2 4.0509E-2 5.49087E-2 6.48435E-2 6.76437E-2 6.93724E-2 6.84148E-2 7.57141E-2 7.94886E-2 7.68212E-2 7.50229E-2 7.32423E-2 7.60494E-2 6.17288E-2 4.72273E-2 5.87884E-2 6.73498E-2 7.43601E-2 7.32183E-2 7.17818E-2
1.66916E-1 1.86644E-1 1.8796E-1 1.82285E-1 1.66058E-1 1.50787E-1 1.52359E-1 1.46493E-1 1.43661E-1 1.48617E-1 1.57126E-1 1.65828E-1 1.65696E-1 1.73279E-1 1.61413E-1 1.48845E-1 1.49002E-1 1.41871E-1 1.32802E-1 1.37628E-1 1.2602E-1 1.15713E-1 1.08144E-1 9.61559E-2 7.98999E-2 7.65262E-2 7.07015E-2 7.6105E-2 8.20804E-2 8.18963E-2 6.65764E-2 5.93448E-2 6.61751E-2 8.02264E-2 8.0738E-2 5.57286E-2 3.76606E-2 3.96124E-2 3.72771E-2 2.85444E-2 2.84567E-2 2.5197E-2 2.8662E-2 3.93799E-2 5.11574E-2 6.50465E-2 7.13919E-2 6.42785E-2 7.27504E-2 7.44531E-2 7.4709E-2 6.48486E-2 6.02041E-2 6.3349E-2 6.14024E-2 5.98234E-2 6.37159E-2 6.54662E-2 6.50291E-2 6.93672E-2 7.08128E-2
1.88313E-1 1.91103E-1 2.19364E-1 2.12356E-1 1.92513E-1 1.79246E-1 1.66811E-1 1.58677E-1 1.57781E-1 1.71649E-1 1.79935E-1 1.84557E-1 1.87514E-1 1.84245E-1 1.71308E-1 1.53725E-1 1.51814E-1 1.53047E-1 1.39632E-1 1.27871E-1 1.25598E-1 1.08525E-1 8.71028E-2 6.91405E-2 6.89386E-2 6.73149E-2 7.00532E-2 5.73092E-2 5.69726E-2 7.02525E-2 7.77837E-2 6.45842E-2 7.01436E-2 6.10952E-2 6.37889E-2 4.14394E-2 3.95022E-2 3.54099E-2 3.92953E-2 3.45081E-2 3.03324E-2 2.65585E-2 3.15434E-2 3.84573E-2 4.0257E-2 5.19949E-2 6.97588E-2 7.50309E-2 5.51001E-2 5.93784E-2 5.59996E-2 5.78436E-2 4.20138E-2 4.40527E-2 4.21427E-2 3.83158E-2 5.01531E-2 5.86766E-2 6.22561E-2 6.4099E-2 6.7765E-2
2.19328E-1 2.26459E-1 2.35144E-1 2.5228E-1 2.04822E-1 1.85014E-1 1.78316E-1 1.78575E-1 1.77186E-1 1.91E-1 1.98309E-1 2.06133E-1 1.97012E-1 1.90882E-1 1.83246E-1 1.65142E-1 1.53847E-1 1.55741E-1 1.50444E-1 1.35148E-1 1.2606E-1 1.17763E-1 9.66856E-2 1.19743E-1 1.08501E-1 8.4786E-2 7.52315E-2 6.01469E-2 5.17264E-2 5.01701E-2 6.95147E-2 6.13115E-2 6.20313E-2 6.72066E-2 7.58235E-2 5.98823E-2 4.80332E-2 4.96943E-2 4.66387E-2 4.04988E-2 3.10179E-2 3.12926E-2 4.33765E-2 4.26968E-2 4.1353E-2 4.30206E-2 5.10081E-2 5.06007E-2 3.78917E-2 3.93749E-2 3.76679E-2 4.33855E-2 3.61305E-2 3.26128E-2 2.98915E-2 3.09096E-2 3.58184E-2 4.79562E-2 5.41235E-2 5.9057E-2 6.19422E-2
2.56819E-1 2.75448E-1 2.63775E-1 2.40929E-1 2.34568E-1 2.12764E-1 2.12433E-1 2.00815E-1 2.10095E-1 2.34182E-1 2.30424E-1 2.21553E-1 2.24676E-1 2.27655E-1 2.15091E-1 1.68822E-1 1.54797E-1 1.40801E-1 1.36898E-1 1.33243E-1 1.35616E-1 1.34687E-1 1.33331E-1 1.3154E-1 8.49134E-2 8.7398E-2 8.18289E-2 6.53223E-2 5.47899E-2 4.42998E-2 4.68294E-2 5.32283E-2 5.35956E-2 5.71868E-2 7.25592E-2 5.24486E-2 5.27181E-2 4.86265E-2 4.28656E-2 4.12126E-2 3.77469E-2 3.85163E-2 3.53924E-2 3.26909E-2 3.88825E-2 4.30145E-2 4.86544E-2 5.25073E-2 4.28703E-2 3.59545E-2 3.53174E-2 3.81657E-2 3.80542E-2 3.4574E-2 3.31799E-2 3.18284E-2 3.244E-2 3.43817E-2 3.97727E-2 5.03062E-2 5.16387E-2
2.83889E-1 2.93116E-1 2.97105E-1 2.71977E-1 2.63108E-1 2.48935E-1 2.33399E-1 2.50965E-1 2.68432E-1 3.00518E-1 2.91688E-1 2.80042E-1 2.80019E-1 2.35693E-1 2.00311E-1 1.89711E-1 1.51996E-1 1.42688E-1 1.80856E-1 1.91303E-1 1.4878E-1 2.07335E-1 1.50878E-1 1.1395E-1 8.25905E-2 7.59517E-2 8.01962E-2 5.63475E-2 5.60029E-2 5.2909E-2 4.8301E-2 3.5953E-2 3.56839E-2 3.96594E-2 7.71478E-2 5.4656E-2 4.32282E-2 4.53405E-2 4.26223E-2 4.06727E-2 4.15411E-2 3.77536E-2 3.68827E-2 3.23518E-2 3.20117E-2 3.95783E-2 4.51768E-2 4.97571E-2 4.49526E-2 4.72545E-2 3.64157E-2 3.50171E-2 3.77498E-2 3.69569E-2 3.74476E-2 3.73293E-2 3.82776E-2 4.02339E-2 4.46212E-2 5.09735E-2 5.48231E-2
1.81882E-1 2.37049E-1 3.06773E-1 3.09059E-1 2.90991E-1 2.76736E-1 2.70557E-1 2.79787E-1 2.37079E-1 2.22915E-1 2.45405E-1 2.34692E-1 2.05765E-1 1.61002E-1 1.5442E-1 2.39144E-1 2.50748E-1 2.46746E-1 2.44233E-1 1.67934E-1 1.64778E-1 1.77996E-1 1.5412E-1 1.02571E-1 9.46458E-2 8.10455E-2 7.89135E-2 6.91676E-2 6.27619E-2 5.79975E-2 4.67664E-2 4.66633E-2 3.59562E-2 5.22334E-2 7.44281E-2 4.75804E-2 3.9575E-2 3.92177E-2 3.44951E-2 3.78279E-2 3.84223E-2 3.72643E-2 3.73994E-2 3.39009E-2 3.83265E-2 3.7386E-2 3.87524E-2 3.77251E-2 3.61575E-2 4.67231E-2 4.38045E-2 3.51697E-2 3.57078E-2 3.5645E-2 3.52185E-2 3.58089E-2 4.08856E-2 4.95401E-2 5.40397E-2 5.50963E-2 6.02089E-2
2.55841E-1 2.56207E-1 2.92405E-1 3.31085E-1 3.33707E-1 3.19152E-1 2.84696E-1 2.73472E-1 2.65031E-1 2.60599E-1 2.46975E-1 1.99176E-1 1.35752E-1 1.0884E-1 1.24334E-1 1.6352E-1 1.87803E-1 2.05317E-1 1.34438E-1 1.14004E-1 1.22293E-1 1.38076E-1 1.72793E-1 1.33997E-1 1.17269E-1 1.06741E-1 9.51869E-2 5.51127E-2 4.50918E-2 6.33939E-2 5.27122E-2 3.33167E-2 3.25438E-2 5.15802E-2 6.65222E-2 4.1378E-2 3.66341E-2 3.58511E-2 2.8702E-2 3.22393E-2 3.61982E-2 3.82143E-2 4.28556E-2 3.56669E-2 3.70405E-2 3.76738E-2 3.99436E-2 3.76555E-2 3.73209E-2 4.94901E-2 5.31152E-2 3.84664E-2 3.83825E-2 3.72919E-2 3.64393E-2 3.53691E-2 3.38386E-2 3.82088E-2 4.71916E-2 5.07611E-2 5.63751E-2
2.75416E-1 2.57273E-1 2.2688E-1 2.31157E-1 2.58282E-1 3.31366E-1 3.22365E-1 3.29979E-1 3.08566E-1 2.94847E-1 2.12236E-1 1.1103E-1 9.15925E-2 1.0412E-1 1.12296E-1 1.51823E-1 1.69296E-1 2.01539E-1 1.02993E-1 1.12502E-1 1.14292E-1 1.38737E-1 1.56914E-1 1.87077E-1 1.42307E-1 1.26566E-1 9.83114E-2 7.80733E-2 7.27196E-2 7.26364E-2 4.82875E-2 3.5044E-2 3.11264E-2 5.69713E-2 4.71169E-2 3.19944E-2 3.39093E-2 3.99652E-2 3.57373E-2 3.26799E-2 2.82703E-2 3.50068E-2 4.01989E-2 3.53534E-2 3.16165E-2 3.68389E-2 3.90055E-2 4.75504E-2 4.74846E-2 5.47964E-2 5.28658E-2 3.8503E-2 3.94595E-2 3.85129E-2 3.79809E-2 3.81013E-2 2.83955E-2 2.91865E-2 4.4351E-2 4.79833E-2 4.88895E-2
3.30537E-1 3.40787E-1 3.27941E-1 3.2353E-1 3.12063E-1 2.63644E-1 2.33721E-1 2.69036E-1 2.95716E-1 2.45966E-1 1.41009E-1 9.07776E-2 1.04948E-1 1.42667E-1 1.38325E-1 1.13844E-1 1.32607E-1 1.52652E-1 2.03497E-1 1.17652E-1 1.40328E-1 1.29591E-1 1.28832E-1 1.21845E-1 8.95749E-2 7.04916E-2 6.87834E-2 8.00345E-2 4.84307E-2 5.22974E-2 5.79615E-2 3.78242E-2 2.91474E-2 4.45382E-2 4.77893E-2 3.27607E-2 3.50179E-2 2.98911E-2 2.80704E-2 2.21064E-2 1.88832E-2 2.70208E-2 3.63711E-2 3.2613E-2 3.58509E-2 4.31291E-2 5.14029E-2 5.00843E-2 4.90309E-2 5.43929E-2 5.12039E-2 4.61059E-2 4.13014E-2 3.62023E-2 3.8672E-2 3.86494E-2 3.73261E-2 3.68016E-2 5.27045E-2 6.55281E-2 6.16283E-2
3.41758E-1 3.31456E-1 3.18595E-1 3.25071E-1 3.12147E-1 2.71398E-1 2.46152E-1 2.41448E-1 1.98533E-1 1.54679E-1 9.80616E-2 1.03527E-1 1.10236E-1 9.84074E-2 1.06784E-1 1.00923E-1 8.42176E-2 8.66585E-2 1.99131E-1 1.75305E-1 1.28012E-1 1.66336E-1 8.52988E-2 9.68291E-2 8.00359E-2 6.68244E-2 5.49366E-2 4.56399E-2 3.85295E-2 3.41038E-2 4.72526E-2 3.85073E-2 3.66875E-2 3.84568E-2 2.97847E-2 2.64375E-2 2.2496E-2 1.6515E-2 1.46752E-2 2.21924E-2 2.99036E-2 2.84581E-2 3.49144E-2 3.02503E-2 3.2537E-2 4.75453E-2 4.18641E-2 4.133E-2 5.04598E-2 5.46902E-2 5.20804E-2 4.97547E-2 4.62064E-2 4.15509E-2 3.88208E-2 4.85029E-2 5.54066E-2 5.99219E-2 6.06403E-2 6.34886E-2 6.78726E-2
2.82781E-1 2.76367E-1 2.73291E-1 2.53524E-1 2.31936E-1 2.47046E-1 2.64228E-1 1.85957E-1 1.46419E-1 1.28455E-1 1.00054E-1 1.19419E-1 1.00641E-1 9.83566E-2 8.81091E-2 7.89987E-2 7.11482E-2 1.04702E-1 1.20808E-1 1.23748E-1 1.32489E-1 1.40305E-1 7.5802E-2 4.72196E-2 4.34913E-2 3.83742E-2 4.12466E-2 4.73969E-2 4.15149E-2 3.29487E-2 3.06957E-2 2.68234E-2 3.04287E-2 3.35727E-2 2.59114E-2 2.85439E-2 2.50642E-2 1.54365E-2 1.55135E-2 2.49141E-2 2.45722E-2 2.45649E-2 3.88906E-2 3.81455E-2 4.24601E-2 4.26423E-2 2.47233E-2 3.24242E-2 4.15438E-2 4.65758E-2 4.36807E-2 4.20402E-2 4.32848E-2 3.78012E-2 3.81062E-2 4.75887E-2 3.40804E-2 4.16971E-2 4.35206E-2 4.6505E-2 5.72642E-2
2.32561E-1 2.0975E-1 1.85628E-1 1.74367E-1 1.78384E-1 1.8748E-1 1.76015E-1 1.32288E-1 1.14574E-1 1.18625E-1 1.16807E-1 1.29402E-1 9.08679E-2 7.88789E-2 7.88805E-2 8.30456E-2 7.61266E-2 9.79666E-2 1.03145E-1 1.09528E-1 9.31296E-2 1.11338E-1 8.86953E-2 5.78939E-2 6.05778E-2 7.16521E-2 5.19333E-2 3.11369E-2 3.27054E-2 4.68415E-2 3.80591E-2 2.86921E-2 2.53325E-2 3.53983E-2 3.27634E-2 3.02427E-2 2.41417E-2 2.28682E-2 1.63487E-2 2.12119E-2 2.1567E-2 2.59963E-2 4.06977E-2 4.61972E-2 4.62538E-2 4.21649E-2 3.68446E-2 2.7414E-2 4.36586E-2 3.67263E-2 2.79115E-2 3.17454E-2 2.3525E-2 2.14068E-2 4.1519E-2 3.73278E-2 1.92834E-2 2.3375E-2 2.0565E-2 3.61654E-2 4.90389E-2
1.67949E-1 1.50002E-1 1.25911E-1 1.01807E-1 1.02829E-1 9.72765E-2 9.41041E-2 9.72939E-2 9.24225E-2 9.06887E-2 9.67248E-2 1.12788E-1 9.4865E-2 5.79947E-2 4.44457E-2 4.71921E-2 5.71496E-2 7.94098E-2 1.02453E-1 4.57428E-2 6.83983E-2 4.96422E-2 3.38821E-2 2.86707E-2 2.83453E-2 4.05744E-2 3.32593E-2 2.49464E-2 2.80415E-2 2.50367E-2 2.95563E-2 3.34956E-2 3.13692E-2 2.85621E-2 2.60069E-2 3.31429E-2 2.1961E-2 2.40718E-2 1.94276E-2 1.79036E-2 2.06293E-2 2.89262E-2 4.11309E-2 4.34839E-2 3.6033E-2 2.98061E-2 3.71276E-2 2.49138E-2 4.31152E-2 3.38119E-2 1.69887E-2 1.77433E-2 1.64746E-2 3.16205E-2 2.80669E-2 2.04424E-2 1.43046E-2 1.36999E-2 1.22145E-2 1.34099E-2 1.51228E-2
1.00938E-1 8.90952E-2 9.71214E-2 9.10953E-2 8.88439E-2 9.78627E-2 9.65458E-2 7.81889E-2 8.5478E-2 6.1949E-2 6.80511E-2 7.35501E-2 8.70246E-2 6.90027E-2 4.51028E-2 3.68441E-2 4.1392E-2 7.06321E-2 9.62991E-2 4.83525E-2 5.37065E-2 4.48019E-2 2.98446E-2 2.74628E-2 3.95435E-2 3.94605E-2 2.56148E-2 2.4382E-2 2.87895E-2 2.92307E-2 3.48758E-2 2.18124E-2 2.4449E-2 2.9298E-2 2.53672E-2 2.94652E-2 2.38417E-2 1.90313E-2 2.14947E-2 2.38204E-2 2.82069E-2 3.42206E-2 3.483E-2 3.67036E-2 2.54932E-2 2.69433E-2 3.10026E-2 1.92124E-2 3.25647E-2 3.0354E-2 1.46208E-2 1.3157E-2 1.30423E-2 1.42306E-2 2.14817E-2 1.24585E-2 1.0275E-2 8.82313E-3 9.01952E-3 9.43887E-3 1.12753E-2
