maxent_outputs/white_flowers_troch_bombus_environ/white_121.asc
ncols         426
nrows         180
xllcorner     -130.0
yllcorner     24.0
cellsize      0.16666666666666666
NODATA_value  -9999
[rows 135 to 161 of 180, columns 183 to 243 of 426]
6.00393E-1 6.11179E-1 6.19075E-1 6.26323E-1 6.37313E-1 6.38549E-1 6.3311E-1 6.33907E-1 6.4408E-1 6.52924E-1 6.68843E-1 6.76562E-1 6.83026E-1 6.93215E-1 6.97897E-1 6.99987E-1 7.05719E-1 7.18001E-1 7.4659E-1 7.60428E-1 7.76677E-1 7.90969E-1 7.97516E-1 8.04425E-1 8.03933E-1 8.08902E-1 8.088E-1 8.05022E-1 8.08266E-1 8.11794E-1 8.19019E-1 8.18028E-1 8.13535E-1 8.17748E-1 8.35207E-1 8.25807E-1 8.16401E-1 8.14872E-1 8.18496E-1 8.26055E-1 8.3942E-1 8.49071E-1 8.58298E-1 8.57545E-1 8.59163E-1 8.60569E-1 8.63245E-1 8.70501E-1 8.69225E-1 8.62011E-1 8.57905E-1 8.58651E-1 8.57484E-1 8.58573E-1 8.60637E-1 8.57851E-1 8.57801E-1 8.59384E-1 8.59315E-1 8.59282E-1 8.59896E-1
6.00447E-1 6.04818E-1 6.11783E-1 6.22247E-1 6.27729E-1 6.31213E-1 6.30643E-1 6.3114E-1 6.38473E-1 6.4945E-1 6.65053E-1 6.88359E-1 6.96079E-1 6.99739E-1 7.04865E-1 7.14103E-1 7.18103E-1 7.34571E-1 7.50632E-1 7.65817E-1 7.78684E-1 7.85355E-1 7.95582E-1 8.02081E-1 8.04504E-1 8.05517E-1 8.04059E-1 8.06211E-1 8.06455E-1 8.08857E-1 8.28102E-1 8.38952E-1 8.28015E-1 8.24349E-1 8.31922E-1 8.33737E-1 8.20808E-1 8.16192E-1 8.20236E-1 8.29932E-1 8.43905E-1 8.60809E-1 8.66047E-1 8.61703E-1 8.59203E-1 8.60641E-1 8.66158E-1 8.74938E-1 8.8092E-1 8.72962E-1 8.69685E-1 8.64284E-1 8.65754E-1 8.70015E-1 8.73537E-1 8.71256E-1 8.70495E-1 8.74108E-1 8.73425E-1 8.70853E-1 8.70594E-1
5.9481E-1 5.99697E-1 6.12912E-1 6.2111E-1 6.24246E-1 6.2477E-1 6.28934E-1 6.30599E-1 6.35133E-1 6.42706E-1 6.58447E-1 6.95593E-1 7.05288E-1 7.09158E-1 7.14714E-1 7.2085E-1 7.33734E-1 7.48832E-1 7.60281E-1 7.72218E-1 7.77308E-1 7.83785E-1 7.91026E-1 7.96951E-1 7.99562E-1 8.00645E-1 8.03964E-1 8.04362E-1 8.09557E-1 8.141E-1 8.1763E-1 8.30826E-1 8.43671E-1 8.31716E-1 8.28275E-1 8.26814E-1 8.22284E-1 8.24389E-1 8.33028E-1 8.36574E-1 8.45954E-1 8.6232E-1 8.70482E-1 8.73078E-1 8.66852E-1 8.6418E-1 8.69055E-1 8.80405E-1 8.85619E-1 8.83467E-1 8.80425E-1 8.75727E-1 8.79569E-1 8.82429E-1 8.84969E-1 8.81438E-1 8.83477E-1 8.83306E-1 8.82438E-1 8.77967E-1 8.76619E-1
5.9621E-1 6.05897E-1 6.11349E-1 6.14945E-1 6.13173E-1 6.19099E-1 6.31681E-1 6.28128E-1 6.34663E-1 6.51219E-1 6.77217E-1 6.94716E-1 7.06953E-1 7.15248E-1 7.25813E-1 7.34051E-1 7.45233E-1 7.56748E-1 7.65473E-1 7.74597E-1 7.78424E-1 7.82388E-1 7.92281E-1 7.96743E-1 8.02259E-1 8.0982E-1 8.01764E-1 8.05645E-1 8.13325E-1 8.15815E-1 8.20849E-1 8.24603E-1 8.34474E-1 8.39252E-1 8.36008E-1 8.34618E-1 8.34326E-1 8.33521E-1 8.40832E-1 8.45448E-1 8.52874E-1 8.65288E-1 8.74889E-1 8.81459E-1 8.8001E-1 8.75497E-1 8.75504E-1 8.84328E-1 8.9002E-1 8.9318E-1 8.89453E-1 8.88371E-1 8.92538E-1 8.93888E-1 8.94257E-1 8.92315E-1 8.94203E-1 8.92981E-1 8.89246E-1 8.83468E-1 8.8297E-1
5.98523E-1 6.05212E-1 6.084E-1 6.11434E-1 6.15349E-1 6.20536E-1 6.40598E-1 6.33126E-1 6.38617E-1 6.57527E-1 6.88023E-1 7.0341E-1 7.18401E-1 7.2245E-1 7.30236E-1 7.43605E-1 7.51209E-1 7.59329E-1 7.72088E-1 7.78026E-1 7.84037E-1 7.89342E-1 7.93409E-1 7.99662E-1 8.02521E-1 8.14037E-1 8.31683E-1 8.13521E-1 8.17412E-1 8.2141E-1 8.27815E-1 8.32489E-1 8.44335E-1 8.50864E-1 8.48836E-1 8.49181E-1 8.5116E-1 8.52575E-1 8.59195E-1 8.63151E-1 8.68769E-1 8.7544E-1 8.81334E-1 8.86866E-1 8.86568E-1 8.86201E-1 8.87765E-1 8.91613E-1 8.95215E-1 8.95681E-1 8.96112E-1 8.99477E-1 8.97822E-1 8.98707E-1 8.98596E-1 8.9928E-1 8.98488E-1 8.96406E-1 8.93986E-1 8.89966E-1 8.8799E-1
6.10948E-1 6.21705E-1 6.27753E-1 6.31803E-1 6.31456E-1 6.35936E-1 6.41513E-1 6.46898E-1 6.6224E-1 6.7092E-1 6.89738E-1 7.01493E-1 7.15994E-1 7.22982E-1 7.33803E-1 7.41705E-1 7.52709E-1 7.62754E-1 7.76503E-1 7.84332E-1 7.90946E-1 7.89473E-1 7.98675E-1 8.06721E-1 8.04935E-1 8.11406E-1 8.2502E-1 8.24384E-1 8.31098E-1 8.35253E-1 8.41345E-1 8.49859E-1 8.57516E-1 8.63566E-1 8.65636E-1 8.67322E-1 8.71012E-1 8.73336E-1 8.76019E-1 8.81589E-1 8.87809E-1 8.90047E-1 8.92678E-1 8.91888E-1 8.8806E-1 8.92197E-1 8.97331E-1 8.98342E-1 8.99246E-1 9.00056E-1 8.98717E-1 8.95507E-1 8.92881E-1 8.93666E-1 8.95974E-1 8.95206E-1 8.93702E-1 8.952E-1 8.94915E-1 8.94466E-1 8.96568E-1
6.15282E-1 6.25838E-1 6.36148E-1 6.40144E-1 6.45723E-1 6.47851E-1 6.42767E-1 6.48978E-1 6.72568E-1 6.90185E-1 6.98844E-1 6.97918E-1 7.12673E-1 7.26744E-1 7.33496E-1 7.40083E-1 7.50735E-1 7.67557E-1 7.78626E-1 7.89699E-1 7.88272E-1 7.95458E-1 8.03814E-1 8.23669E-1 8.1585E-1 8.20534E-1 8.31923E-1 8.43657E-1 8.51533E-1 8.49927E-1 8.5345E-1 8.56487E-1 8.63111E-1 8.69179E-1 8.81228E-1 8.84172E-1 8.87743E-1 8.88513E-1 8.9078E-1 8.96263E-1 8.99649E-1 8.99222E-1 8.99683E-1 8.97229E-1 8.90949E-1 8.94783E-1 8.97241E-1 8.94786E-1 8.93206E-1 8.96791E-1 8.9976E-1 8.93775E-1 8.87045E-1 8.89216E-1 8.95584E-1 8.94841E-1 8.95063E-1 8.9138E-1 8.94898E-1 8.99408E-1 9.05661E-1
6.1595E-1 6.28824E-1 6.41304E-1 6.48755E-1 6.54214E-1 6.59165E-1 6.58022E-1 6.63607E-1 6.69416E-1 6.82887E-1 7.01331E-1 7.05172E-1 7.13904E-1 7.26376E-1 7.30673E-1 7.3824E-1 7.55021E-1 7.77222E-1 7.82157E-1 7.89359E-1 7.89406E-1 7.99299E-1 8.1178E-1 8.24625E-1 8.36011E-1 8.38964E-1 8.50926E-1 8.5467E-1 8.58419E-1 8.57823E-1 8.62044E-1 8.67129E-1 8.74127E-1 8.77705E-1 8.86793E-1 8.9072E-1 8.92357E-1 8.97768E-1 8.95953E-1 8.98664E-1 9.01739E-1 9.01345E-1 8.95524E-1 8.91119E-1 8.88533E-1 8.8645E-1 8.88345E-1 8.88444E-1 8.90224E-1 8.92161E-1 8.92769E-1 8.92919E-1 8.94194E-1 9.0269E-1 9.08728E-1 9.23613E-1 9.23009E-1 9.04676E-1 9.04614E-1 9.05051E-1 9.11867E-1
6.32674E-1 6.45723E-1 6.58191E-1 6.64616E-1 6.71759E-1 6.78716E-1 6.75517E-1 6.7656E-1 6.81601E-1 6.82539E-1 6.8845E-1 7.02959E-1 7.13961E-1 7.2582E-1 7.29451E-1 7.41666E-1 7.54679E-1 7.66261E-1 7.81585E-1 7.90431E-1 7.93957E-1 7.94451E-1 8.165E-1 8.3926E-1 8.50662E-1 8.54743E-1 8.53338E-1 8.57514E-1 8.63514E-1 8.6793E-1 8.71884E-1 8.77939E-1 8.91575E-1 8.91689E-1 8.93269E-1 8.95226E-1 8.99987E-1 8.96064E-1 8.93347E-1 8.99573E-1 9.01446E-1 8.95565E-1 8.88185E-1 8.80689E-1 8.74658E-1 8.70651E-1 8.73579E-1 8.84181E-1 8.87582E-1 8.8982E-1 8.91071E-1 8.9481E-1 8.9854E-1 9.02918E-1 9.09418E-1 9.20466E-1 9.23259E-1 9.10313E-1 9.0787E-1 9.12746E-1 9.18655E-1
6.42347E-1 6.59501E-1 6.65411E-1 6.7768E-1 6.81482E-1 6.89844E-1 6.99245E-1 7.02886E-1 6.95773E-1 6.9445E-1 6.93597E-1 7.02469E-1 7.17306E-1 7.26095E-1 7.37482E-1 7.55697E-1 7.64987E-1 7.66512E-1 7.81119E-1 7.90355E-1 7.97917E-1 8.0283E-1 8.20579E-1 8.48289E-1 8.56393E-1 8.52553E-1 8.55548E-1 8.57678E-1 8.6761E-1 8.7014E-1 8.72447E-1 8.79259E-1 8.85811E-1 8.97315E-1 8.99373E-1 8.96972E-1 8.94715E-1 8.99117E-1 8.96501E-1 8.96549E-1 9.00614E-1 8.88093E-1 8.78166E-1 8.67676E-1 8.61018E-1 8.58386E-1 8.61451E-1 8.82021E-1 8.87299E-1 8.89869E-1 8.88602E-1 8.91014E-1 8.96811E-1 9.04127E-1 9.01765E-1 9.05989E-1 9.10663E-1 9.05988E-1 9.06285E-1 9.10646E-1 9.14845E-1
6.63734E-1 6.65313E-1 6.67756E-1 6.90205E-1 6.99234E-1 7.02658E-1 7.12776E-1 7.12053E-1 6.99073E-1 6.97912E-1 6.99056E-1 7.05679E-1 7.2217E-1 7.36146E-1 7.43392E-1 7.48509E-1 7.57175E-1 7.6474E-1 7.74416E-1 7.91128E-1 8.09162E-1 8.16048E-1 8.3163E-1 8.5397E-1 8.62373E-1 8.58776E-1 8.69405E-1 8.66952E-1 8.6874E-1 8.60582E-1 8.68413E-1 8.73055E-1 8.83089E-1 8.89288E-1 8.90144E-1 8.91309E-1 8.90347E-1 8.88742E-1 8.85722E-1 8.87394E-1 8.84515E-1 8.83088E-1 8.73257E-1 8.54996E-1 8.58303E-1 8.59337E-1 8.62962E-1 8.71481E-1 8.79649E-1 8.82386E-1 8.83575E-1 8.86459E-1 8.89979E-1 8.91614E-1 8.94891E-1 9.06937E-1 9.03519E-1 9.0948E-1 9.11767E-1 9.10137E-1 9.1251E-1
6.79657E-1 6.76936E-1 6.85406E-1 7.05972E-1 7.13E-1 7.25116E-1 7.22926E-1 7.15387E-1 7.13478E-1 7.1874E-1 7.24018E-1 7.2343E-1 7.32178E-1 7.46587E-1 7.45798E-1 7.5074E-1 7.62086E-1 7.70392E-1 7.86782E-1 8.04416E-1 8.12422E-1 8.16064E-1 8.26E-1 8.43046E-1 8.51983E-1 8.59265E-1 8.70656E-1 8.65646E-1 8.59743E-1 8.62118E-1 8.66313E-1 8.70478E-1 8.77073E-1 -9999 -9999 -9999 -9999 -9999 -9999 8.84831E-1 8.81242E-1 8.74533E-1 8.67914E-1 8.56591E-1 8.56027E-1 8.60245E-1 8.68173E-1 8.72139E-1 8.70341E-1 8.74082E-1 8.77334E-1 8.82899E-1 8.81371E-1 8.86419E-1 8.92142E-1 9.0036E-1 9.08285E-1 9.09578E-1 9.112E-1 9.14464E-1 9.14607E-1
6.84212E-1 6.7566E-1 6.84586E-1 7.04571E-1 7.19717E-1 7.33741E-1 7.31615E-1 7.27206E-1 7.30446E-1 7.42384E-1 7.45565E-1 7.43997E-1 7.50179E-1 7.54077E-1 7.55708E-1 7.66101E-1 7.73152E-1 7.85205E-1 7.97457E-1 8.10125E-1 8.09806E-1 8.11123E-1 8.1708E-1 8.33646E-1 8.45103E-1 8.44037E-1 8.4904E-1 8.57608E-1 8.59401E-1 8.64145E-1 -9999 -9999 -9999 -9999 -9999 -9999 -9999 -9999 -9999 -9999 -9999 -9999 -9999 -9999 -9999 8.62049E-1 8.63272E-1 -9999 8.81997E-1 8.72093E-1 8.77717E-1 8.82839E-1 8.87234E-1 8.96322E-1 9.00517E-1 9.00902E-1 9.07873E-1 9.11978E-1 9.1128E-1 9.0657E-1 8.98535E-1
6.94981E-1 6.89911E-1 6.95446E-1 7.10482E-1 7.18996E-1 7.28636E-1 7.35999E-1 7.41702E-1 7.41294E-1 7.47409E-1 7.48623E-1 7.54215E-1 7.60071E-1 7.67445E-1 7.71421E-1 7.80008E-1 7.89623E-1 7.98393E-1 8.11208E-1 8.11993E-1 8.12586E-1 8.06928E-1 8.22093E-1 8.45494E-1 8.50707E-1 8.48914E-1 8.44644E-1 8.55837E-1 8.5916E-1 -9999 -9999 -9999 -9999 -9999 -9999 -9999 -9999 -9999 -9999 -9999 -9999 -9999 -9999 -9999 -9999 -9999 -9999 -9999 8.85427E-1 8.80612E-1 8.84459E-1 8.9053E-1 8.91383E-1 8.96573E-1 9.0209E-1 9.04164E-1 9.10633E-1 9.20735E-1 9.11819E-1 9.08445E-1 9.02619E-1
6.99951E-1 6.96765E-1 7.01047E-1 7.0669E-1 7.18982E-1 7.27626E-1 7.30915E-1 7.39318E-1 7.33503E-1 7.3802E-1 7.42439E-1 7.45979E-1 7.49686E-1 7.58698E-1 7.7215E-1 7.83846E-1 7.92307E-1 8.01327E-1 8.12196E-1 8.2114E-1 8.18507E-1 8.13833E-1 8.28647E-1 8.49023E-1 8.58474E-1 8.56356E-1 8.65903E-1 -9999 -9999 -9999 -9999 -9999 -9999 -9999 -9999 -9999 -9999 -9999 -9999 -9999 -9999 -9999 -9999 -9999 -9999 -9999 -9999 -9999 -9999 -9999 -9999 8.9438E-1 8.99051E-1 9.10477E-1 9.21992E-1 9.06834E-1 9.08723E-1 -9999 -9999 -9999 8.95033E-1
7.05114E-1 7.03892E-1 7.01547E-1 7.06204E-1 7.14466E-1 7.23357E-1 7.38264E-1 7.35621E-1 7.30927E-1 7.35861E-1 7.44435E-1 7.51477E-1 7.55499E-1 7.59316E-1 7.66787E-1 7.72383E-1 7.80026E-1 7.95129E-1 8.08621E-1 8.1875E-1 8.17862E-1 8.15245E-1 8.27509E-1 8.42074E-1 8.48703E-1 8.58576E-1 -9999 -9999 -9999 -9999 -9999 -9999 -9999 -9999 -9999 -9999 -9999 -9999 -9999 -9999 -9999 -9999 -9999 -9999 -9999 -9999 -9999 -9999 -9999 -9999 -9999 -9999 -9999 -9999 -9999 -9999 -9999 -9999 -9999 -9999 8.97315E-1
7.11056E-1 7.0764E-1 7.04865E-1 7.07165E-1 7.1347E-1 7.24558E-1 7.26488E-1 7.35054E-1 7.35799E-1 7.44361E-1 7.56253E-1 7.65387E-1 7.70503E-1 7.70216E-1 7.73507E-1 7.74531E-1 7.77871E-1 7.93777E-1 8.011E-1 8.11004E-1 8.22213E-1 8.13991E-1 8.28752E-1 8.33096E-1 -9999 -9999 -9999 -9999 -9999 -9999 -9999 -9999 -9999 -9999 -9999 -9999 -9999 -9999 -9999 -9999 -9999 -9999 -9999 -9999 -9999 -9999 -9999 -9999 -9999 -9999 -9999 -9999 -9999 -9999 -9999 -9999 -9999 -9999 -9999 -9999 -9999
7.17189E-1 7.03828E-1 7.00848E-1 7.011E-1 7.02054E-1 7.13705E-1 7.26457E-1 7.38114E-1 7.44215E-1 7.53025E-1 7.68551E-1 7.7528E-1 7.72249E-1 7.64264E-1 7.69534E-1 7.77486E-1 7.78139E-1 7.9293E-1 8.05036E-1 8.22973E-1 8.2299E-1 8.28369E-1 8.35981E-1 -9999 -9999 -9999 -9999 -9999 -9999 -9999 -9999 -9999 -9999 -9999 -9999 -9999 -9999 -9999 -9999 -9999 -9999 -9999 -9999 -9999 -9999 -9999 -9999 -9999 -9999 -9999 -9999 -9999 -9999 -9999 -9999 -9999 -9999 -9999 -9999 -9999 -9999
7.08282E-1 6.85143E-1 6.82151E-1 6.85267E-1 6.89707E-1 7.04464E-1 7.21777E-1 7.3957E-1 7.46838E-1 7.57325E-1 7.74387E-1 7.76748E-1 7.63094E-1 7.52851E-1 7.58178E-1 7.73924E-1 7.95097E-1 7.89288E-1 8.16101E-1 8.43419E-1 -9999 -9999 -9999 -9999 -9999 -9999 -9999 -9999 -9999 -9999 -9999 -9999 -9999 -9999 -9999 -9999 -9999 -9999 -9999 -9999 -9999 -9999 -9999 -9999 -9999 -9999 -9999 -9999 -9999 -9999 -9999 -9999 -9999 -9999 -9999 -9999 -9999 -9999 -9999 -9999 -9999
7.00767E-1 6.87082E-1 6.82314E-1 6.8073E-1 6.83637E-1 6.99758E-1 7.12887E-1 7.24937E-1 7.40618E-1 7.58205E-1 7.64607E-1 7.65909E-1 7.5176E-1 7.42129E-1 7.52193E-1 7.75356E-1 7.99127E-1 8.18119E-1 8.11429E-1 -9999 -9999 -9999 -9999 -9999 -9999 -9999 -9999 -9999 -9999 -9999 -9999 -9999 -9999 -9999 -9999 -9999 -9999 -9999 -9999 -9999 -9999 -9999 -9999 -9999 -9999 -9999 -9999 -9999 -9999 -9999 -9999 -9999 -9999 -9999 -9999 -9999 -9999 -9999 -9999 -9999 -9999
6.96165E-1 6.89666E-1 6.78758E-1 6.76323E-1 6.81938E-1 6.90785E-1 6.9521E-1 7.09367E-1 7.30824E-1 7.60073E-1 7.59683E-1 7.61927E-1 7.54208E-1 7.52173E-1 7.73459E-1 7.90502E-1 7.99243E-1 -9999 -9999 -9999 -9999 -9999 -9999 -9999 -9999 -9999 -9999 -9999 -9999 -9999 -9999 -9999 -9999 -9999 -9999 -9999 -9999 -9999 -9999 -9999 -9999 -9999 -9999 -9999 -9999 -9999 -9999 -9999 -9999 -9999 -9999 -9999 -9999 -9999 -9999 -9999 -9999 -9999 -9999 -9999 -9999
6.93622E-1 6.88686E-1 6.78786E-1 6.70908E-1 6.72492E-1 6.73724E-1 6.79407E-1 7.03138E-1 7.27739E-1 7.46855E-1 7.58008E-1 7.71495E-1 7.67534E-1 7.62173E-1 7.73825E-1 7.82731E-1 -9999 -9999 -9999 -9999 -9999 -9999 -9999 -9999 -9999 -9999 -9999 -9999 -9999 -9999 -9999 -9999 -9999 -9999 -9999 -9999 -9999 -9999 -9999 -9999 -9999 -9999 -9999 -9999 -9999 -9999 -9999 -9999 -9999 -9999 -9999 -9999 -9999 -9999 -9999 -9999 -9999 -9999 -9999 -9999 -9999
6.94606E-1 6.89022E-1 6.82083E-1 6.73862E-1 6.64505E-1 6.5861E-1 6.68847E-1 6.97343E-1 7.31851E-1 7.45016E-1 7.54003E-1 7.64412E-1 7.76353E-1 7.76271E-1 7.83965E-1 -9999 -9999 -9999 -9999 -9999 -9999 -9999 -9999 -9999 -9999 -9999 -9999 -9999 -9999 -9999 -9999 -9999 -9999 -9999 -9999 -9999 -9999 -9999 -9999 -9999 -9999 -9999 -9999 -9999 -9999 -9999 -9999 -9999 -9999 -9999 -9999 -9999 -9999 -9999 -9999 -9999 -9999 -9999 -9999 -9999 -9999
7.07375E-1 6.91319E-1 6.8556E-1 6.69565E-1 6.60072E-1 6.58123E-1 6.61439E-1 6.95674E-1 7.3048E-1 7.50898E-1 7.56009E-1 7.52019E-1 7.45672E-1 7.67776E-1 -9999 -9999 -9999 -9999 -9999 -9999 -9999 -9999 -9999 -9999 -9999 -9999 -9999 -9999 -9999 -9999 -9999 -9999 -9999 -9999 -9999 -9999 -9999 -9999 -9999 -9999 -9999 -9999 -9999 -9999 -9999 -9999 -9999 -9999 -9999 -9999 -9999 -9999 -9999 -9999 -9999 -9999 -9999 -9999 -9999 -9999 -9999
7.11814E-1 6.97781E-1 6.89635E-1 6.66747E-1 6.63547E-1 6.67133E-1 6.81068E-1 7.06034E-1 7.32649E-1 7.49256E-1 7.54898E-1 7.50761E-1 7.45365E-1 7.60347E-1 -9999 -9999 -9999 -9999 -9999 -9999 -9999 -9999 -9999 -9999 -9999 -9999 -9999 -9999 -9999 -9999 -9999 -9999 -9999 -9999 -9999 -9999 -9999 -9999 -9999 -9999 -9999 -9999 -9999 -9999 -9999 -9999 -9999 -9999 -9999 -9999 -9999 -9999 -9999 -9999 -9999 -9999 -9999 -9999 -9999 -9999 -9999
7.1291E-1 6.97641E-1 6.89331E-1 6.7261E-1 6.67653E-1 6.7481E-1 6.9109E-1 7.14197E-1 7.4069E-1 7.4411E-1 7.46087E-1 7.49319E-1 7.53396E-1 -9999 -9999 -9999 -9999 -9999 -9999 -9999 -9999 -9999 -9999 -9999 -9999 -9999 -9999 -9999 -9999 -9999 -9999 -9999 -9999 -9999 -9999 -9999 -9999 -9999 -9999 -9999 -9999 -9999 -9999 -9999 -9999 -9999 -9999 -9999 -9999 -9999 -9999 -9999 -9999 -9999 -9999 -9999 -9999 -9999 -9999 -9999 -9999
7.05284E-1 6.84292E-1 6.83468E-1 6.79349E-1 6.7055E-1 6.78973E-1 6.95448E-1 7.24082E-1 7.3321E-1 7.33501E-1 7.34172E-1 7.40779E-1 7.55673E-1 -9999 -9999 -9999 -9999 -9999 -9999 -9999 -9999 -9999 -9999 -9999 -9999 -9999 -9999 -9999 -9999 -9999 -9999 -9999 -9999 -9999 -9999 -9999 -9999 -9999 -9999 -9999 -9999 -9999 -9999 -9999 -9999 -9999 -9999 -9999 -9999 -9999 -9999 -9999 -9999 -9999 -9999 -9999 -9999 -9999 -9999 -9999 -9999
