maxent_outputs/white_flowers_troch_bombus_environ/white_181.asc
ncols         426
nrows         180
xllcorner     -130.0
yllcorner     24.0
cellsize      0.16666666666666666
NODATA_value  -9999
[rows 0 to 26 of 180, columns 183 to 243 of 426]
3.57344E-1 3.49788E-1 3.39559E-1 3.36032E-1 3.27629E-1 3.21339E-1 3.24268E-1 3.49681E-1 3.4848E-1 3.43107E-1 3.2196E-1 3.16283E-1 3.08198E-1 3.10992E-1 3.15295E-1 3.22273E-1 3.19069E-1 3.20226E-1 3.21048E-1 3.28834E-1 3.49949E-1 3.39002E-1 3.27922E-1 3.24208E-1 3.23165E-1 3.24744E-1 3.19252E-1 3.31493E-1 3.40882E-1 3.34471E-1 3.24673E-1 3.23294E-1 3.21659E-1 3.24596E-1 3.19718E-1 3.1884E-1 3.1819E-1 3.20286E-1 3.27643E-1 3.25805E-1 3.24267E-1 3.28761E-1 3.28465E-1 3.27396E-1 3.29383E-1 3.32631E-1 3.34235E-1 3.37277E-1 3.43706E-1 3.4275E-1 3.39291E-1 3.41982E-1 3.47262E-1 3.38899E-1 3.42881E-1 3.37022E-1 3.40192E-1 3.34839E-1 3.36645E-1 3.40258E-1 3.40109E-1
3.47808E-1 3.43018E-1 3.45847E-1 3.88525E-1 4.12118E-1 4.12878E-1 4.10398E-1 4.03708E-1 3.85608E-1 3.65047E-1 3.30937E-1 3.26617E-1 3.25017E-1 3.20923E-1 3.23649E-1 3.1984E-1 3.19664E-1 3.19583E-1 3.20304E-1 3.28518E-1 3.28637E-1 3.30453E-1 3.4373E-1 3.39359E-1 3.32264E-1 3.18536E-1 3.23711E-1 3.33195E-1 3.37762E-1 3.41238E-1 3.4635E-1 3.42792E-1 3.34733E-1 3.30481E-1 3.30174E-1 3.24589E-1 3.26364E-1 3.30162E-1 3.31515E-1 3.28938E-1 3.29897E-1 3.22049E-1 3.26903E-1 3.36463E-1 3.42987E-1 3.41725E-1 3.3868E-1 3.3466E-1 3.37588E-1 3.45318E-1 3.41542E-1 3.42637E-1 3.40426E-1 3.35423E-1 3.4118E-1 3.47796E-1 3.77621E-1 3.82983E-1 3.6766E-1 3.45655E-1 3.44905E-1
3.37145E-1 3.3727E-1 3.65185E-1 4.15617E-1 4.19676E-1 4.156E-1 4.1753E-1 4.18242E-1 4.16196E-1 4.10082E-1 3.65002E-1 3.34565E-1 3.30289E-1 3.21845E-1 3.21849E-1 3.20974E-1 3.19971E-1 3.25039E-1 3.31976E-1 3.42957E-1 3.35472E-1 3.28899E-1 3.33096E-1 3.33213E-1 3.36065E-1 3.25719E-1 3.26956E-1 3.25958E-1 3.22214E-1 3.1836E-1 3.18553E-1 3.17306E-1 3.19932E-1 3.23121E-1 3.3094E-1 3.30539E-1 3.33442E-1 3.33625E-1 3.33838E-1 3.29922E-1 3.31728E-1 3.30736E-1 3.26141E-1 3.25542E-1 3.284E-1 3.28165E-1 3.31248E-1 3.30824E-1 3.35295E-1 3.36402E-1 3.4325E-1 3.39171E-1 3.35478E-1 3.35071E-1 3.36708E-1 3.36828E-1 3.36793E-1 3.40389E-1 3.40135E-1 3.43808E-1 3.44568E-1
3.40795E-1 3.51441E-1 3.91551E-1 4.25301E-1 4.24313E-1 4.2036E-1 4.18379E-1 4.19164E-1 4.20722E-1 4.189E-1 4.05268E-1 3.49771E-1 3.41533E-1 3.26808E-1 3.28859E-1 3.26854E-1 3.26412E-1 3.30543E-1 3.34499E-1 3.32528E-1 3.44875E-1 3.33217E-1 3.28307E-1 3.29652E-1 3.31822E-1 3.40008E-1 3.36435E-1 3.24078E-1 3.20061E-1 3.17467E-1 3.19597E-1 3.23949E-1 3.22805E-1 3.22883E-1 3.26067E-1 3.29303E-1 3.31443E-1 3.31373E-1 3.309E-1 3.31921E-1 3.32942E-1 3.2735E-1 3.29342E-1 3.27052E-1 3.27405E-1 3.2667E-1 3.39462E-1 3.40359E-1 3.36429E-1 3.39356E-1 3.38818E-1 3.46112E-1 3.38511E-1 3.36193E-1 3.37986E-1 3.37233E-1 3.40451E-1 3.4029E-1 3.45657E-1 3.41571E-1 3.41871E-1
3.63307E-1 3.65909E-1 4.05842E-1 4.22626E-1 4.28118E-1 4.2211E-1 4.2012E-1 4.17523E-1 4.19369E-1 4.23696E-1 4.1798E-1 3.85531E-1 3.53756E-1 3.34675E-1 3.2533E-1 3.29196E-1 3.26833E-1 3.24603E-1 3.3129E-1 3.2823E-1 3.2962E-1 3.3608E-1 3.38595E-1 3.3538E-1 3.32289E-1 3.33692E-1 3.34615E-1 3.33424E-1 3.29876E-1 3.25807E-1 3.26531E-1 3.27304E-1 3.22824E-1 3.2462E-1 3.31126E-1 3.39617E-1 3.31057E-1 3.25707E-1 3.25285E-1 3.30466E-1 3.27645E-1 3.29018E-1 3.31288E-1 3.29304E-1 3.30769E-1 3.33954E-1 3.32362E-1 3.32952E-1 3.36446E-1 3.32564E-1 3.3643E-1 3.38299E-1 3.36898E-1 3.38896E-1 3.3737E-1 3.40065E-1 3.37958E-1 3.40112E-1 3.43334E-1 3.42346E-1 3.39729E-1
3.58699E-1 3.5512E-1 3.71392E-1 3.93491E-1 3.99671E-1 4.00864E-1 4.13184E-1 4.20374E-1 4.22847E-1 4.26292E-1 4.2451E-1 4.11509E-1 3.77067E-1 3.40824E-1 3.35997E-1 3.29715E-1 3.31093E-1 3.28109E-1 3.29202E-1 3.31726E-1 3.38303E-1 3.35585E-1 3.34598E-1 3.39754E-1 3.43357E-1 3.48787E-1 3.51327E-1 3.51955E-1 3.42532E-1 3.40044E-1 3.35733E-1 3.31975E-1 3.32962E-1 3.30101E-1 3.29516E-1 3.45237E-1 3.52504E-1 3.43785E-1 3.50306E-1 3.49048E-1 3.53703E-1 3.48815E-1 3.35664E-1 3.3285E-1 3.34823E-1 3.38724E-1 3.30564E-1 3.33418E-1 3.36389E-1 3.44436E-1 3.42782E-1 3.41651E-1 3.39288E-1 3.38435E-1 3.36067E-1 3.3531E-1 3.38177E-1 3.46966E-1 3.4646E-1 3.44436E-1 3.45479E-1
3.59185E-1 3.5485E-1 3.52468E-1 3.61511E-1 3.9584E-1 4.13484E-1 4.23607E-1 4.20076E-1 4.20362E-1 4.29304E-1 4.2794E-1 4.18318E-1 3.85194E-1 3.54603E-1 3.48234E-1 3.38384E-1 3.33122E-1 3.33504E-1 3.35418E-1 3.37874E-1 3.41281E-1 3.43825E-1 3.37639E-1 3.42167E-1 3.47559E-1 3.52841E-1 3.51719E-1 3.532E-1 3.47487E-1 3.43001E-1 3.43931E-1 3.38768E-1 3.44101E-1 3.51039E-1 3.43131E-1 3.4807E-1 3.49654E-1 3.44007E-1 3.4407E-1 3.4261E-1 3.43848E-1 3.41736E-1 3.37761E-1 3.36412E-1 3.40682E-1 3.46444E-1 3.45796E-1 3.39701E-1 3.50767E-1 3.46783E-1 3.45227E-1 3.48511E-1 3.46026E-1 3.38371E-1 3.39311E-1 3.37575E-1 3.38931E-1 3.46684E-1 3.46875E-1 3.4771E-1 3.48375E-1
3.59741E-1 3.53726E-1 3.54972E-1 3.64937E-1 4.0076E-1 4.23668E-1 4.20595E-1 4.23065E-1 4.20979E-1 4.23589E-1 4.2395E-1 4.23444E-1 4.1012E-1 3.617E-1 3.49588E-1 3.44464E-1 3.45266E-1 3.56465E-1 3.4859E-1 3.45595E-1 3.45014E-1 3.43462E-1 3.45662E-1 3.45955E-1 3.42843E-1 3.59249E-1 3.52561E-1 3.5531E-1 3.54523E-1 3.5451E-1 3.52166E-1 3.45488E-1 3.49133E-1 3.52109E-1 3.49086E-1 3.50881E-1 3.47252E-1 3.44204E-1 3.41531E-1 3.41496E-1 3.38114E-1 3.43967E-1 3.4218E-1 3.38469E-1 3.40827E-1 3.41994E-1 3.40122E-1 3.40338E-1 3.45188E-1 3.45248E-1 3.40564E-1 3.50383E-1 3.52142E-1 3.51404E-1 3.39715E-1 3.37258E-1 3.40129E-1 3.43012E-1 3.45416E-1 3.4282E-1 3.44698E-1
3.59019E-1 3.48616E-1 3.52453E-1 3.59673E-1 3.60432E-1 3.86274E-1 4.14816E-1 4.20965E-1 4.20203E-1 4.17529E-1 4.21698E-1 4.17888E-1 4.11878E-1 4.01842E-1 3.55316E-1 3.43812E-1 3.5076E-1 3.44562E-1 3.4855E-1 3.55095E-1 3.55643E-1 3.50102E-1 3.49779E-1 3.51159E-1 3.53973E-1 3.5105E-1 3.54232E-1 3.60868E-1 3.53991E-1 3.57689E-1 3.59985E-1 3.56302E-1 3.6206E-1 3.54823E-1 3.52897E-1 3.52401E-1 3.48844E-1 3.50904E-1 3.52686E-1 3.54585E-1 3.48268E-1 3.45938E-1 3.47431E-1 3.47657E-1 3.44958E-1 3.42138E-1 3.41371E-1 3.57376E-1 3.54628E-1 3.49109E-1 3.46763E-1 3.43189E-1 3.39069E-1 3.38747E-1 3.43044E-1 3.40144E-1 3.41336E-1 3.41569E-1 3.46176E-1 3.48191E-1 3.46488E-1
3.62959E-1 3.4868E-1 3.51143E-1 3.5019E-1 3.50358E-1 3.55334E-1 3.92517E-1 4.17342E-1 4.03765E-1 4.01476E-1 4.22603E-1 4.11924E-1 4.07271E-1 3.98035E-1 3.80305E-1 3.46722E-1 3.51822E-1 3.46525E-1 3.47651E-1 3.45498E-1 3.45148E-1 3.49441E-1 3.50283E-1 3.51585E-1 3.57407E-1 3.55393E-1 3.52936E-1 3.56678E-1 3.53657E-1 3.53285E-1 3.55843E-1 3.56436E-1 3.56368E-1 3.53517E-1 3.58642E-1 3.59136E-1 3.58249E-1 3.54769E-1 3.53194E-1 3.53267E-1 3.51394E-1 3.49201E-1 3.51142E-1 3.52789E-1 3.49284E-1 3.4715E-1 3.45838E-1 3.51362E-1 3.49704E-1 3.48791E-1 3.41725E-1 3.40914E-1 3.40318E-1 3.39978E-1 3.38178E-1 3.38641E-1 3.41651E-1 3.43192E-1 3.44522E-1 3.46912E-1 3.5025E-1
3.54415E-1 3.46112E-1 3.4202E-1 3.46039E-1 3.48784E-1 3.51023E-1 3.5535E-1 3.71248E-1 4.10104E-1 4.10994E-1 4.15503E-1 4.12751E-1 4.03418E-1 3.91178E-1 3.88804E-1 3.51624E-1 3.50747E-1 3.46545E-1 3.47139E-1 3.4597E-1 3.4672E-1 3.5202E-1 3.51567E-1 3.50663E-1 3.58209E-1 3.56418E-1 3.55268E-1 3.62686E-1 3.52071E-1 3.54487E-1 3.5858E-1 3.60177E-1 3.57909E-1 3.6026E-1 3.68991E-1 3.61235E-1 3.56443E-1 3.48595E-1 3.52446E-1 3.52357E-1 3.64328E-1 3.59193E-1 3.5192E-1 3.49383E-1 3.44371E-1 3.46149E-1 3.47898E-1 3.49728E-1 3.4673E-1 3.4515E-1 3.43341E-1 3.38191E-1 3.43263E-1 3.39197E-1 3.40395E-1 3.39426E-1 3.3966E-1 3.3923E-1 3.3963E-1 3.42782E-1 3.4538E-1
3.46936E-1 3.45251E-1 3.46463E-1 3.50999E-1 3.47461E-1 3.4771E-1 3.50839E-1 3.59161E-1 3.78535E-1 4.09896E-1 3.9038E-1 3.82068E-1 3.98911E-1 4.02912E-1 3.97691E-1 3.66221E-1 3.51276E-1 3.46339E-1 3.46791E-1 3.48291E-1 3.49985E-1 3.546E-1 3.52459E-1 3.60946E-1 3.71983E-1 3.6999E-1 3.66276E-1 3.61785E-1 3.64919E-1 3.64698E-1 3.66073E-1 3.67317E-1 3.70943E-1 3.64397E-1 3.64281E-1 3.57826E-1 3.53841E-1 3.5804E-1 3.527E-1 3.55814E-1 3.56426E-1 3.54032E-1 3.51782E-1 3.54161E-1 3.56514E-1 3.53135E-1 3.49058E-1 3.48586E-1 3.48058E-1 3.45502E-1 3.48894E-1 3.47879E-1 3.43529E-1 3.40548E-1 3.4245E-1 3.45429E-1 3.47828E-1 3.4455E-1 3.4545E-1 3.47832E-1 3.47086E-1
3.38752E-1 3.42981E-1 3.42083E-1 3.42192E-1 3.41209E-1 3.47939E-1 3.50985E-1 3.54213E-1 3.58781E-1 3.77702E-1 3.69732E-1 3.73107E-1 3.65199E-1 3.92476E-1 3.98086E-1 3.90171E-1 3.57341E-1 3.47809E-1 3.43141E-1 3.44525E-1 3.47979E-1 3.54888E-1 3.57624E-1 3.60727E-1 3.7125E-1 3.56861E-1 3.61781E-1 3.53512E-1 3.59137E-1 3.60896E-1 3.63684E-1 3.66807E-1 3.70951E-1 3.68776E-1 3.65579E-1 3.59882E-1 3.57518E-1 3.59481E-1 3.58703E-1 3.60292E-1 3.57427E-1 3.55933E-1 3.5466E-1 3.60452E-1 3.58354E-1 3.61142E-1 3.5622E-1 3.5434E-1 3.60382E-1 3.55409E-1 3.55466E-1 3.50146E-1 3.44133E-1 3.44993E-1 3.51239E-1 3.51028E-1 3.50943E-1 3.48816E-1 3.45509E-1 3.4711E-1 3.52216E-1
3.5062E-1 3.42673E-1 3.40768E-1 3.40367E-1 3.36781E-1 3.40376E-1 3.51441E-1 3.53046E-1 3.45304E-1 3.46206E-1 3.56302E-1 3.6323E-1 3.82973E-1 3.83791E-1 3.8586E-1 3.83147E-1 3.70651E-1 3.50463E-1 3.41232E-1 3.43119E-1 3.48221E-1 3.48638E-1 3.5307E-1 3.58358E-1 3.54392E-1 3.56077E-1 3.51318E-1 3.613E-1 3.62773E-1 3.70038E-1 3.68207E-1 3.69333E-1 3.72891E-1 3.71084E-1 3.726E-1 3.7048E-1 3.69692E-1 3.65932E-1 3.6743E-1 3.6655E-1 3.68355E-1 3.61525E-1 3.62838E-1 3.62657E-1 3.64737E-1 3.66493E-1 3.61796E-1 3.5862E-1 3.58156E-1 3.59612E-1 3.57873E-1 3.53417E-1 3.54679E-1 3.49346E-1 3.50061E-1 3.5153E-1 3.48348E-1 3.49817E-1 3.51973E-1 3.52874E-1 3.57499E-1
3.43578E-1 3.42147E-1 3.43082E-1 3.4385E-1 3.40031E-1 3.37855E-1 3.39354E-1 3.3E-1 3.38246E-1 3.47123E-1 3.56986E-1 3.60995E-1 3.6854E-1 3.85105E-1 3.72021E-1 3.5055E-1 3.71718E-1 3.61725E-1 3.41034E-1 3.40902E-1 3.44128E-1 3.46413E-1 3.49623E-1 3.56926E-1 3.49734E-1 3.55811E-1 3.53645E-1 3.57206E-1 3.62998E-1 3.64248E-1 3.6655E-1 3.68009E-1 3.66731E-1 3.72864E-1 3.72598E-1 3.73843E-1 3.74715E-1 3.73594E-1 3.72677E-1 3.73096E-1 3.6783E-1 3.67205E-1 3.65911E-1 3.68255E-1 3.68839E-1 3.75397E-1 3.64736E-1 3.60742E-1 3.62066E-1 3.56129E-1 3.58121E-1 3.54001E-1 3.53879E-1 3.52888E-1 3.50788E-1 3.50894E-1 3.46559E-1 3.48383E-1 3.50885E-1 3.50788E-1 3.52065E-1
3.22873E-1 3.34957E-1 3.4554E-1 3.40055E-1 3.25575E-1 3.0904E-1 3.21477E-1 3.27758E-1 3.38428E-1 3.47108E-1 3.48434E-1 3.43934E-1 3.5131E-1 3.64247E-1 3.50228E-1 3.62693E-1 3.85678E-1 3.87515E-1 3.50698E-1 3.42754E-1 3.38536E-1 3.3582E-1 3.3708E-1 3.44822E-1 3.50695E-1 3.51637E-1 3.58382E-1 3.67205E-1 3.64622E-1 3.61911E-1 3.64005E-1 3.6241E-1 3.66519E-1 3.6085E-1 3.65482E-1 3.73279E-1 3.78077E-1 3.79186E-1 3.74566E-1 3.7402E-1 3.71236E-1 3.78542E-1 3.86222E-1 3.84896E-1 3.73412E-1 3.79734E-1 3.67619E-1 3.61962E-1 3.63565E-1 3.63007E-1 3.60668E-1 3.61529E-1 3.57911E-1 3.56342E-1 3.54633E-1 3.52323E-1 3.50735E-1 3.50572E-1 3.52309E-1 3.51377E-1 3.5289E-1
3.22671E-1 3.30987E-1 3.36836E-1 3.42753E-1 3.38339E-1 3.2172E-1 3.04788E-1 3.22055E-1 3.34071E-1 3.34498E-1 3.33762E-1 3.36025E-1 3.43979E-1 3.46479E-1 3.41671E-1 3.62362E-1 3.62375E-1 3.77603E-1 3.65305E-1 3.42841E-1 3.3413E-1 3.33249E-1 3.3445E-1 3.41451E-1 3.50139E-1 3.50356E-1 3.54215E-1 3.62424E-1 3.66689E-1 3.59656E-1 3.65189E-1 3.65825E-1 3.67922E-1 3.66507E-1 3.68039E-1 3.73665E-1 4.0642E-1 4.09089E-1 3.8402E-1 3.77644E-1 3.80006E-1 3.78361E-1 3.78853E-1 3.79133E-1 3.79609E-1 3.81641E-1 3.78512E-1 3.76592E-1 3.69853E-1 3.65843E-1 3.63324E-1 3.62569E-1 3.63628E-1 3.61506E-1 3.58294E-1 3.58709E-1 3.53716E-1 3.5071E-1 3.51529E-1 3.54384E-1 3.5963E-1
3.27244E-1 3.28368E-1 3.36946E-1 3.4088E-1 3.36338E-1 3.27769E-1 3.142E-1 3.17596E-1 3.33048E-1 3.35745E-1 3.23242E-1 3.17643E-1 3.21748E-1 3.30594E-1 3.29315E-1 3.48628E-1 3.58106E-1 3.79567E-1 3.57733E-1 3.32246E-1 3.29791E-1 3.35712E-1 3.33263E-1 3.36839E-1 3.41287E-1 3.48789E-1 3.58169E-1 3.57584E-1 3.60526E-1 3.59746E-1 3.641E-1 3.67427E-1 3.74395E-1 3.80458E-1 3.74955E-1 3.73333E-1 3.90697E-1 3.94444E-1 3.8311E-1 3.75338E-1 3.85934E-1 3.81993E-1 3.78033E-1 3.79269E-1 3.84827E-1 3.8116E-1 3.78131E-1 3.82951E-1 3.82258E-1 3.71036E-1 3.63461E-1 3.64704E-1 3.7517E-1 3.7582E-1 3.67932E-1 3.66688E-1 3.5623E-1 3.55066E-1 3.5537E-1 3.59987E-1 3.64696E-1
3.32992E-1 3.46752E-1 3.43567E-1 3.39492E-1 3.38851E-1 3.36632E-1 3.25847E-1 3.13841E-1 3.17138E-1 3.24018E-1 3.23548E-1 3.21319E-1 3.17772E-1 3.23908E-1 3.27471E-1 3.68724E-1 3.78829E-1 3.81985E-1 3.61998E-1 3.30955E-1 3.33174E-1 3.33442E-1 3.35231E-1 3.38559E-1 3.40172E-1 3.45499E-1 3.52591E-1 3.57563E-1 3.57908E-1 3.63276E-1 3.57999E-1 3.65742E-1 3.76362E-1 3.77524E-1 3.81414E-1 3.82575E-1 3.81861E-1 3.76811E-1 3.72223E-1 3.71151E-1 3.69312E-1 3.76549E-1 3.77233E-1 3.81204E-1 3.80191E-1 3.79779E-1 3.79349E-1 3.77937E-1 3.71939E-1 3.69529E-1 3.69787E-1 3.73751E-1 3.6652E-1 3.60256E-1 3.63143E-1 3.69044E-1 3.61504E-1 3.60012E-1 3.6113E-1 3.61604E-1 3.69416E-1
3.32088E-1 3.34018E-1 3.4187E-1 3.33865E-1 3.38546E-1 3.53413E-1 3.5236E-1 3.32042E-1 3.16534E-1 3.16672E-1 3.27485E-1 3.22245E-1 3.2317E-1 3.21292E-1 3.27215E-1 3.65386E-1 3.73525E-1 3.68934E-1 3.60301E-1 3.36046E-1 3.3164E-1 3.29794E-1 3.31308E-1 3.36527E-1 3.41817E-1 3.47854E-1 3.48955E-1 3.56688E-1 3.5621E-1 3.60411E-1 3.67905E-1 3.71961E-1 3.73078E-1 3.6606E-1 3.68337E-1 3.81682E-1 3.90627E-1 3.78599E-1 3.78626E-1 3.78792E-1 3.78325E-1 3.77751E-1 3.76805E-1 3.8165E-1 3.84601E-1 3.83189E-1 3.78769E-1 3.81499E-1 3.77498E-1 3.79721E-1 3.74704E-1 3.72033E-1 3.6773E-1 3.66716E-1 3.65158E-1 3.66296E-1 3.62409E-1 3.6215E-1 3.63744E-1 3.67068E-1 3.67711E-1
3.4356E-1 3.35824E-1 3.37334E-1 3.33584E-1 3.30887E-1 3.53957E-1 3.61522E-1 3.59792E-1 3.33977E-1 3.16478E-1 3.23643E-1 3.18782E-1 3.23627E-1 3.1205E-1 3.18504E-1 3.53531E-1 3.6405E-1 3.51459E-1 3.39578E-1 3.31806E-1 3.32848E-1 3.25774E-1 3.27098E-1 3.33496E-1 3.37367E-1 3.43292E-1 3.5256E-1 3.54596E-1 3.54911E-1 3.6456E-1 3.69159E-1 3.62482E-1 3.67552E-1 3.70575E-1 3.74319E-1 3.86209E-1 3.89677E-1 3.8579E-1 3.97109E-1 3.88581E-1 3.84656E-1 3.80492E-1 3.83929E-1 3.79672E-1 3.86123E-1 3.9419E-1 3.85116E-1 3.82154E-1 3.76511E-1 3.79419E-1 3.83968E-1 3.7489E-1 3.71082E-1 3.69969E-1 3.75282E-1 3.65862E-1 3.65034E-1 3.66773E-1 3.70779E-1 3.70219E-1 3.74106E-1
3.42505E-1 3.388E-1 3.36126E-1 3.36787E-1 3.39991E-1 3.50619E-1 3.64639E-1 3.63388E-1 3.55635E-1 3.25897E-1 3.19854E-1 3.23075E-1 3.18913E-1 3.14324E-1 3.12213E-1 3.34371E-1 3.45697E-1 3.40918E-1 3.30716E-1 3.29792E-1 3.32088E-1 3.36094E-1 3.32835E-1 3.35857E-1 3.42032E-1 3.46908E-1 3.50771E-1 3.55317E-1 3.61097E-1 3.65423E-1 3.69499E-1 3.67626E-1 3.73602E-1 3.79216E-1 3.8478E-1 3.84044E-1 3.91871E-1 3.96928E-1 4.00002E-1 4.07068E-1 4.06032E-1 3.99762E-1 3.9365E-1 3.9436E-1 4.04301E-1 4.07841E-1 3.84865E-1 3.86452E-1 3.84477E-1 3.7609E-1 3.72533E-1 3.72836E-1 3.71165E-1 3.72337E-1 3.78807E-1 3.67308E-1 3.68608E-1 3.74637E-1 3.76647E-1 3.77075E-1 3.76399E-1
3.33964E-1 3.37963E-1 3.37157E-1 3.34848E-1 3.36663E-1 3.41248E-1 3.53796E-1 3.512E-1 3.3502E-1 3.16216E-1 3.13943E-1 3.12303E-1 3.08612E-1 3.08616E-1 3.051E-1 3.10575E-1 3.16878E-1 3.30539E-1 3.22256E-1 3.32821E-1 3.34361E-1 3.35123E-1 3.40283E-1 3.38703E-1 3.46607E-1 3.53506E-1 3.54243E-1 3.61858E-1 3.62695E-1 3.61654E-1 3.68067E-1 3.71491E-1 3.74163E-1 3.76539E-1 3.76118E-1 3.76733E-1 3.87232E-1 3.93265E-1 3.98269E-1 3.98221E-1 3.99133E-1 4.06613E-1 4.13924E-1 4.14397E-1 4.14136E-1 4.00923E-1 3.94526E-1 3.8372E-1 3.86688E-1 3.7661E-1 3.71932E-1 3.70171E-1 3.71962E-1 3.71224E-1 3.76997E-1 3.77996E-1 3.74974E-1 3.76582E-1 3.78726E-1 3.80271E-1 3.84895E-1
3.2052E-1 3.32236E-1 3.32992E-1 3.29734E-1 3.29831E-1 3.25352E-1 3.21797E-1 3.19128E-1 3.16274E-1 3.14005E-1 3.11184E-1 3.05583E-1 3.05197E-1 3.0434E-1 3.04146E-1 3.12531E-1 3.20583E-1 3.30294E-1 3.35885E-1 3.43183E-1 3.37748E-1 3.34774E-1 3.41119E-1 3.44444E-1 3.47002E-1 3.53864E-1 3.52955E-1 3.57998E-1 3.65355E-1 3.67393E-1 3.64323E-1 3.67366E-1 3.72243E-1 3.73968E-1 3.84125E-1 3.84369E-1 3.77312E-1 3.83514E-1 3.83764E-1 3.7902E-1 3.81488E-1 3.87758E-1 3.96134E-1 4.18533E-1 4.17015E-1 4.09951E-1 3.96066E-1 3.899E-1 3.85046E-1 3.84861E-1 3.76431E-1 3.7656E-1 3.90175E-1 3.83209E-1 3.86251E-1 3.88264E-1 3.84814E-1 3.85514E-1 3.8628E-1 3.91098E-1 3.92178E-1
3.16147E-1 3.19983E-1 3.28848E-1 3.32341E-1 3.30161E-1 3.33363E-1 3.30462E-1 3.25928E-1 3.22374E-1 3.15671E-1 3.13761E-1 3.10492E-1 3.1076E-1 3.10945E-1 3.06379E-1 3.19385E-1 3.24654E-1 3.35056E-1 3.40542E-1 3.36748E-1 3.35164E-1 3.39174E-1 3.45541E-1 3.51704E-1 3.4812E-1 3.46923E-1 3.50571E-1 3.5222E-1 3.57263E-1 3.61925E-1 3.62016E-1 3.68055E-1 3.73658E-1 3.80102E-1 3.84199E-1 3.86383E-1 3.77513E-1 3.76982E-1 3.7701E-1 3.79405E-1 3.7775E-1 3.91308E-1 3.97073E-1 4.09076E-1 4.19913E-1 4.19248E-1 4.03163E-1 3.92438E-1 3.91927E-1 3.84513E-1 3.94833E-1 3.83255E-1 3.80647E-1 3.7815E-1 3.8194E-1 3.82398E-1 3.87166E-1 3.88871E-1 3.91629E-1 3.98905E-1 4.04523E-1
3.05265E-1 3.144E-1 3.19522E-1 3.23321E-1 3.35007E-1 3.40963E-1 3.35224E-1 3.32609E-1 3.30446E-1 3.27625E-1 3.16066E-1 3.14999E-1 3.15222E-1 3.12114E-1 3.0979E-1 3.14083E-1 3.16375E-1 3.23456E-1 3.35487E-1 3.37979E-1 3.38679E-1 3.39688E-1 3.40092E-1 3.43198E-1 3.43646E-1 3.46017E-1 3.46285E-1 3.50796E-1 3.59512E-1 3.63036E-1 3.71265E-1 3.65776E-1 3.72345E-1 3.79127E-1 3.82844E-1 3.81796E-1 3.84188E-1 3.91399E-1 3.86556E-1 3.83508E-1 3.95628E-1 3.98417E-1 3.99343E-1 4.03767E-1 4.12417E-1 4.22844E-1 4.12984E-1 4.0428E-1 3.97268E-1 3.83743E-1 3.76044E-1 3.79103E-1 3.81116E-1 3.875E-1 3.90012E-1 3.87704E-1 3.9388E-1 3.94078E-1 3.98535E-1 4.01758E-1 4.02232E-1
3.06841E-1 3.10933E-1 3.10689E-1 3.23578E-1 3.39955E-1 3.46729E-1 3.36995E-1 3.36773E-1 3.30984E-1 3.22699E-1 3.08025E-1 3.12474E-1 3.15518E-1 3.11388E-1 3.0703E-1 3.14806E-1 3.18773E-1 3.16424E-1 3.2656E-1 3.30965E-1 3.36586E-1 3.37638E-1 3.39497E-1 3.35436E-1 3.32509E-1 3.34227E-1 3.64031E-1 3.58922E-1 3.58983E-1 3.80903E-1 3.8322E-1 3.63648E-1 3.69213E-1 3.75801E-1 3.82808E-1 3.81481E-1 3.82671E-1 3.84724E-1 3.86362E-1 3.85345E-1 3.91386E-1 4.01646E-1 4.00659E-1 4.04008E-1 4.12453E-1 4.26616E-1 4.39521E-1 4.29654E-1 4.06101E-1 3.93363E-1 3.7132E-1 3.71489E-1 3.76308E-1 3.85202E-1 3.91257E-1 3.96349E-1 3.91462E-1 3.95381E-1 4.01406E-1 4.01428E-1 4.05771E-1
