maxent_outputs/white_flowers_troch_bombus_environ/white_34.asc
ncols         426
nrows         180
xllcorner     -130.0
yllcorner     24.0
cellsize      0.16666666666666666
NODATA_value  -9999
[rows 54 to 80 of 180, columns 122 to 182 of 426]
6.05268E-3 4.5606E-3 2.9071E-2 3.19607E-2 3.081E-2 2.26885E-2 2.31583E-2 2.4957E-2 3.20343E-2 2.00507E-2 7.13064E-3 8.95425E-3 1.71084E-2 2.33982E-2 3.06307E-2 3.21102E-2 3.64368E-2 3.72094E-2 3.64651E-2 3.78854E-2 3.42413E-2 3.98978E-2 4.13044E-2 3.94168E-2 4.01291E-2 4.69635E-2 4.52234E-2 3.8209E-2 4.05757E-2 4.55087E-2 4.94E-2 5.55718E-2 6.19549E-2 6.71532E-2 6.91294E-2 6.23751E-2 5.70525E-2 5.19163E-2 5.39984E-2 5.55943E-2 5.61773E-2 5.15801E-2 5.10165E-2 5.58793E-2 5.78469E-2 5.64847E-2 5.57094E-2 5.39713E-2 5.5947E-2 6.0546E-2 6.48187E-2 6.9186E-2 7.12531E-2 7.22447E-2 6.99588E-2 7.29803E-2 5.24901E-2 4.74353E-2 4.6209E-2 4.57565E-2 4.35834E-2
8.30036E-3 1.24241E-2 2.72311E-2 3.67282E-2 3.2056E-2 2.86699E-2 2.47878E-2 2.32921E-2 2.67301E-2 2.74226E-2 1.27346E-2 5.11787E-3 5.43044E-3 8.33489E-3 2.39395E-2 3.21609E-2 3.47468E-2 3.39193E-2 3.02255E-2 3.22691E-2 3.75511E-2 4.15965E-2 3.96013E-2 3.71771E-2 3.69892E-2 4.27413E-2 4.06053E-2 3.58589E-2 3.717E-2 3.75283E-2 3.99551E-2 4.67746E-2 6.2846E-2 7.27277E-2 7.55927E-2 7.14332E-2 6.08526E-2 4.97178E-2 4.75911E-2 5.17797E-2 5.3835E-2 6.17636E-2 6.52488E-2 6.69962E-2 6.41991E-2 6.61777E-2 6.96666E-2 6.95117E-2 6.55697E-2 7.11043E-2 7.50609E-2 7.86571E-2 8.28181E-2 9.12192E-2 9.83066E-2 6.48135E-2 5.7282E-2 5.3787E-2 5.17021E-2 4.80789E-2 4.59193E-2
6.26622E-3 1.01575E-2 1.55601E-2 3.31307E-2 2.83469E-2 2.61004E-2 2.21727E-2 1.88736E-2 1.89585E-2 2.1758E-2 2.16497E-2 1.77944E-2 7.63896E-3 4.15054E-3 7.5584E-3 1.67667E-2 3.22665E-2 3.00739E-2 2.73504E-2 3.23364E-2 3.63512E-2 4.11039E-2 3.78309E-2 3.68412E-2 3.91321E-2 3.95275E-2 3.7563E-2 3.15179E-2 2.97716E-2 3.03107E-2 3.13119E-2 3.42567E-2 4.67973E-2 6.33844E-2 7.38494E-2 7.19579E-2 7.23336E-2 6.96462E-2 7.10323E-2 7.16113E-2 7.23722E-2 6.68459E-2 6.94552E-2 7.94378E-2 8.0774E-2 8.34081E-2 8.34105E-2 8.60359E-2 8.29808E-2 7.77333E-2 7.22021E-2 7.21549E-2 7.32708E-2 7.38908E-2 1.0996E-1 7.5134E-2 6.28805E-2 5.97519E-2 5.86227E-2 5.40509E-2 5.07525E-2
9.33756E-3 1.48222E-2 2.36433E-2 2.9092E-2 3.04029E-2 2.61973E-2 2.25892E-2 2.11649E-2 2.09015E-2 1.96032E-2 1.95181E-2 2.20375E-2 1.32839E-2 5.20039E-3 3.15031E-3 4.7967E-3 1.98859E-2 2.87374E-2 3.21449E-2 3.46515E-2 3.74528E-2 3.92544E-2 3.49395E-2 3.31538E-2 3.74731E-2 3.48848E-2 3.48563E-2 2.92656E-2 2.66896E-2 2.84355E-2 2.65735E-2 2.229E-2 2.87497E-2 3.47654E-2 3.81514E-2 4.7888E-2 6.43537E-2 7.91371E-2 8.55706E-2 9.22209E-2 9.59024E-2 8.81745E-2 8.78736E-2 9.22658E-2 9.33695E-2 9.15378E-2 8.1015E-2 7.53313E-2 7.53751E-2 6.9625E-2 6.67263E-2 7.27678E-2 7.11202E-2 7.62147E-2 9.20621E-2 9.47306E-2 6.97098E-2 6.35438E-2 6.14212E-2 5.37032E-2 4.90847E-2
8.84808E-3 9.91094E-3 7.39329E-3 1.0451E-2 1.72816E-2 2.08224E-2 2.18756E-2 2.22299E-2 2.13985E-2 2.10582E-2 1.93934E-2 2.04514E-2 2.31028E-2 1.22524E-2 4.75055E-3 3.89049E-3 1.2023E-2 2.73298E-2 3.20815E-2 3.45583E-2 3.66687E-2 3.90428E-2 3.23962E-2 2.92593E-2 2.96882E-2 3.13317E-2 3.10294E-2 3.09376E-2 2.94449E-2 2.77908E-2 2.53668E-2 2.18614E-2 2.12636E-2 1.82117E-2 1.7368E-2 2.21314E-2 3.5195E-2 6.68292E-2 8.61589E-2 9.17398E-2 9.59726E-2 9.41417E-2 9.05792E-2 8.90557E-2 8.76784E-2 7.52664E-2 6.67468E-2 6.93412E-2 7.29937E-2 7.4203E-2 7.48845E-2 8.32457E-2 8.61998E-2 8.80254E-2 8.54887E-2 7.77674E-2 7.41492E-2 7.35581E-2 7.43614E-2 6.38512E-2 6.15387E-2
5.31755E-3 5.74636E-3 8.14537E-3 1.14709E-2 1.36852E-2 1.83105E-2 1.98174E-2 2.0152E-2 1.90533E-2 1.97093E-2 1.94995E-2 1.98861E-2 2.03461E-2 1.86407E-2 1.00048E-2 6.32013E-3 1.12698E-2 3.07505E-2 3.22594E-2 3.16167E-2 3.55098E-2 3.73375E-2 3.27791E-2 2.79356E-2 2.95791E-2 3.32391E-2 3.22227E-2 3.18885E-2 2.84112E-2 2.89873E-2 2.92272E-2 2.79633E-2 2.13028E-2 1.61467E-2 1.3346E-2 2.3058E-2 3.68112E-2 6.04787E-2 8.82274E-2 8.8204E-2 8.85049E-2 8.87625E-2 8.95164E-2 9.31161E-2 7.74947E-2 7.30195E-2 7.83579E-2 7.932E-2 8.36184E-2 8.35449E-2 8.27947E-2 8.72133E-2 8.65976E-2 8.57569E-2 7.34195E-2 6.59684E-2 6.70442E-2 6.57496E-2 7.40602E-2 7.75445E-2 8.15581E-2
2.9504E-3 2.40838E-3 3.91268E-3 9.65107E-3 1.02235E-2 1.29206E-2 1.83132E-2 1.97401E-2 2.08087E-2 1.88392E-2 1.85567E-2 1.94859E-2 2.12927E-2 1.75903E-2 1.46999E-2 8.06153E-3 1.35489E-2 2.82754E-2 2.94967E-2 2.86932E-2 3.26184E-2 3.60603E-2 3.1985E-2 2.83354E-2 3.0421E-2 3.23512E-2 2.99338E-2 2.96801E-2 3.06614E-2 3.19687E-2 3.38985E-2 3.5378E-2 3.31596E-2 2.53999E-2 1.40948E-2 1.6183E-2 3.4459E-2 6.01023E-2 8.19543E-2 8.56021E-2 8.68533E-2 8.69707E-2 8.86179E-2 9.14823E-2 8.98639E-2 8.22354E-2 7.9123E-2 8.2259E-2 8.68488E-2 8.45579E-2 8.38521E-2 8.49751E-2 8.23512E-2 7.65418E-2 7.44876E-2 7.54031E-2 7.74391E-2 7.73367E-2 7.59437E-2 7.36834E-2 6.64045E-2
6.61956E-3 5.06483E-3 3.49118E-3 6.68313E-3 9.21897E-3 1.40846E-2 1.70867E-2 1.95472E-2 1.88227E-2 1.79002E-2 2.00903E-2 2.01019E-2 2.0878E-2 1.87237E-2 1.44783E-2 9.78454E-3 1.93099E-2 2.85827E-2 2.93198E-2 3.05974E-2 3.54446E-2 3.23391E-2 2.66699E-2 2.84047E-2 2.8092E-2 3.15237E-2 3.49755E-2 3.50347E-2 3.57839E-2 3.68057E-2 3.62361E-2 3.72503E-2 3.84969E-2 3.59125E-2 2.34566E-2 2.48566E-2 3.47798E-2 5.90491E-2 8.03204E-2 8.02961E-2 7.96661E-2 8.68158E-2 8.5966E-2 8.75914E-2 9.07738E-2 9.23089E-2 9.94106E-2 9.94391E-2 9.89558E-2 9.54591E-2 9.41062E-2 8.63157E-2 8.94155E-2 9.26833E-2 9.19802E-2 8.81046E-2 8.75172E-2 8.68321E-2 8.41234E-2 8.91764E-2 8.79424E-2
8.1826E-3 8.21255E-3 6.40823E-3 7.72431E-3 1.00795E-2 9.02852E-3 1.03614E-2 1.64254E-2 1.72792E-2 1.68462E-2 1.66831E-2 1.58851E-2 1.51911E-2 1.46803E-2 1.00758E-2 9.15112E-3 1.88082E-2 2.42046E-2 2.69155E-2 2.94619E-2 2.83683E-2 2.84725E-2 2.56821E-2 2.54795E-2 2.95105E-2 3.20008E-2 3.69595E-2 3.91212E-2 4.08746E-2 3.96936E-2 4.12253E-2 4.21721E-2 4.15548E-2 4.26547E-2 3.85867E-2 3.54512E-2 4.25553E-2 7.05907E-2 7.65567E-2 7.97559E-2 8.24193E-2 8.38807E-2 8.45457E-2 8.73181E-2 9.47046E-2 9.21442E-2 9.56331E-2 1.03991E-1 9.90811E-2 9.60224E-2 9.66328E-2 9.492E-2 9.94194E-2 1.03798E-1 9.39242E-2 9.26568E-2 9.59997E-2 9.61233E-2 9.26648E-2 8.84042E-2 9.12872E-2
6.26385E-3 1.42077E-2 2.19802E-2 2.3002E-2 2.10235E-2 1.71071E-2 1.62563E-2 1.45143E-2 1.45401E-2 1.44286E-2 1.17911E-2 1.17338E-2 1.09011E-2 8.16528E-3 6.93138E-3 1.21305E-2 1.76434E-2 2.21178E-2 2.06058E-2 2.29744E-2 2.27967E-2 1.93125E-2 2.35863E-2 2.80325E-2 3.28378E-2 3.51101E-2 3.93737E-2 3.96337E-2 4.12005E-2 4.44091E-2 4.80309E-2 4.65344E-2 4.62222E-2 4.47878E-2 4.73256E-2 4.64739E-2 5.47443E-2 7.23452E-2 7.38737E-2 7.29441E-2 7.36315E-2 7.22078E-2 7.64195E-2 8.19312E-2 8.03071E-2 7.68434E-2 8.27146E-2 8.69586E-2 8.09684E-2 8.67025E-2 8.6079E-2 9.13275E-2 1.00479E-1 9.75258E-2 8.44466E-2 9.04769E-2 9.32717E-2 9.25332E-2 9.0022E-2 8.59008E-2 8.67299E-2
2.6236E-3 5.2069E-3 1.18272E-2 1.89564E-2 1.86179E-2 1.72278E-2 1.60501E-2 1.50751E-2 1.51428E-2 1.47989E-2 1.44082E-2 1.32752E-2 1.22553E-2 1.10974E-2 1.15516E-2 1.60826E-2 1.94896E-2 1.99657E-2 1.77829E-2 1.85847E-2 2.01373E-2 1.91879E-2 2.05298E-2 2.69308E-2 3.47335E-2 3.76275E-2 3.72712E-2 3.73473E-2 4.25119E-2 4.7187E-2 4.82259E-2 4.75321E-2 4.48721E-2 4.58475E-2 4.99575E-2 5.07856E-2 5.6889E-2 5.9528E-2 5.98171E-2 6.58484E-2 7.09289E-2 7.31785E-2 7.61176E-2 7.48943E-2 6.31314E-2 6.20409E-2 6.44201E-2 7.20909E-2 7.47346E-2 7.06253E-2 7.03425E-2 8.46956E-2 9.45857E-2 8.02396E-2 7.67148E-2 7.83375E-2 7.91672E-2 7.66215E-2 7.72235E-2 7.64435E-2 7.8981E-2
2.53448E-3 3.33235E-3 6.11354E-3 1.13177E-2 1.43373E-2 1.53865E-2 1.4352E-2 1.43257E-2 1.42932E-2 1.45811E-2 1.45237E-2 1.38713E-2 1.34661E-2 1.2428E-2 1.30234E-2 1.49029E-2 1.54891E-2 1.59585E-2 1.60954E-2 1.61125E-2 1.72296E-2 1.69095E-2 1.94247E-2 2.29674E-2 2.88733E-2 3.53176E-2 4.06808E-2 4.18095E-2 4.02813E-2 4.33721E-2 4.35384E-2 4.56213E-2 4.18959E-2 4.69941E-2 5.00491E-2 5.13608E-2 4.98136E-2 4.76416E-2 5.36426E-2 5.96568E-2 6.38056E-2 6.66535E-2 6.15592E-2 6.05187E-2 5.87756E-2 6.00967E-2 5.99841E-2 6.60149E-2 7.17409E-2 7.26616E-2 7.30547E-2 7.57032E-2 7.12004E-2 7.12034E-2 7.33406E-2 7.591E-2 7.80911E-2 8.14677E-2 8.43377E-2 8.19177E-2 8.01046E-2
3.38327E-3 2.31093E-3 2.96923E-3 6.67478E-3 1.15264E-2 1.31445E-2 1.38944E-2 1.3686E-2 1.38131E-2 1.38818E-2 1.43007E-2 1.38291E-2 1.30948E-2 1.19946E-2 1.47703E-2 1.45755E-2 1.4383E-2 1.53402E-2 1.73027E-2 2.11688E-2 2.51773E-2 2.35254E-2 2.3717E-2 2.73706E-2 2.90791E-2 2.83944E-2 3.19736E-2 3.51989E-2 3.24605E-2 3.24893E-2 3.18994E-2 3.56164E-2 3.75868E-2 4.26982E-2 5.20638E-2 5.04125E-2 5.01062E-2 5.05774E-2 5.73206E-2 6.22114E-2 6.13393E-2 5.9855E-2 5.78516E-2 5.42112E-2 5.61656E-2 5.7419E-2 5.9563E-2 6.14205E-2 6.55749E-2 6.78977E-2 6.7362E-2 6.88867E-2 7.26889E-2 7.57241E-2 7.74955E-2 8.21058E-2 8.2461E-2 8.37293E-2 8.49022E-2 8.80727E-2 9.13522E-2
3.94816E-3 3.91621E-3 2.67387E-3 3.09135E-3 6.72846E-3 1.07146E-2 1.21755E-2 1.25242E-2 1.3117E-2 9.52736E-3 9.63603E-3 1.09088E-2 9.25428E-3 7.71558E-3 9.58582E-3 1.19897E-2 1.29426E-2 1.46841E-2 1.76153E-2 1.52897E-2 1.55607E-2 2.04636E-2 1.90216E-2 2.14385E-2 2.78018E-2 3.24774E-2 2.76068E-2 2.84858E-2 2.58489E-2 2.33332E-2 2.41665E-2 2.69361E-2 2.62087E-2 2.76838E-2 3.61183E-2 4.23491E-2 4.83998E-2 6.25976E-2 6.4511E-2 6.24041E-2 5.88727E-2 5.14784E-2 5.04917E-2 5.26341E-2 5.61459E-2 5.55888E-2 5.41745E-2 5.77089E-2 6.18041E-2 6.59995E-2 6.81214E-2 7.10141E-2 7.56968E-2 7.92469E-2 7.9108E-2 7.84016E-2 8.25021E-2 9.25578E-2 1.0223E-1 1.011E-1 1.01565E-1
3.61869E-3 3.69855E-3 4.64051E-3 3.8274E-3 4.05725E-3 6.42756E-3 8.18315E-3 1.0486E-2 8.94108E-3 8.21194E-3 9.44773E-3 9.99128E-3 9.77524E-3 1.01312E-2 1.15991E-2 1.27082E-2 1.10096E-2 1.52347E-2 1.6019E-2 1.28864E-2 8.63921E-3 9.6178E-3 1.18723E-2 1.39109E-2 2.49913E-2 3.37824E-2 2.91563E-2 3.11828E-2 3.05781E-2 2.53326E-2 2.6024E-2 3.47973E-2 2.95279E-2 2.93333E-2 3.09925E-2 3.27663E-2 4.11386E-2 4.98374E-2 4.90134E-2 4.8402E-2 4.88258E-2 5.39674E-2 5.14965E-2 5.02506E-2 5.02627E-2 4.9638E-2 5.06477E-2 5.40612E-2 5.79223E-2 6.19663E-2 6.6918E-2 7.01247E-2 7.44897E-2 7.41401E-2 7.47113E-2 7.69269E-2 8.1268E-2 8.4121E-2 8.94577E-2 9.46356E-2 8.58242E-2
3.73888E-3 3.68718E-3 3.81474E-3 3.639E-3 4.02546E-3 4.83269E-3 4.95291E-3 6.23318E-3 7.39232E-3 7.98081E-3 8.63438E-3 9.43632E-3 1.02527E-2 1.20928E-2 1.24191E-2 1.20898E-2 1.31654E-2 1.12107E-2 9.806E-3 1.07579E-2 6.79163E-3 5.86863E-3 6.79704E-3 9.73254E-3 1.52981E-2 2.11968E-2 3.01407E-2 3.59765E-2 3.59909E-2 3.1811E-2 3.76187E-2 4.00916E-2 3.52769E-2 3.39581E-2 3.3884E-2 3.43035E-2 3.61311E-2 3.83469E-2 4.29032E-2 4.82761E-2 5.1177E-2 5.34787E-2 5.11052E-2 4.7357E-2 4.63733E-2 4.82602E-2 5.08329E-2 5.48148E-2 5.84184E-2 6.01422E-2 6.40685E-2 6.86035E-2 7.1683E-2 6.93696E-2 7.36827E-2 7.26383E-2 7.35782E-2 7.61227E-2 7.66795E-2 7.96483E-2 7.92412E-2
3.80823E-3 3.95095E-3 3.71181E-3 3.89E-3 4.2379E-3 5.51803E-3 6.24833E-3 6.92621E-3 7.15546E-3 6.7207E-3 5.76396E-3 4.86097E-3 7.38576E-3 8.64994E-3 7.93375E-3 9.33313E-3 1.15219E-2 9.57326E-3 8.23859E-3 8.52704E-3 8.96707E-3 8.61617E-3 7.57901E-3 7.55792E-3 9.65083E-3 1.47119E-2 3.19333E-2 4.69256E-2 4.84062E-2 5.39374E-2 5.67695E-2 5.24724E-2 4.81764E-2 4.17691E-2 3.55924E-2 3.26915E-2 3.46343E-2 3.72169E-2 4.2647E-2 4.92049E-2 5.51281E-2 5.45146E-2 5.37022E-2 5.10696E-2 4.63729E-2 4.68238E-2 5.10971E-2 5.16677E-2 5.37118E-2 5.69374E-2 5.95196E-2 6.54066E-2 6.72998E-2 7.10068E-2 7.36475E-2 7.17839E-2 7.06443E-2 7.43496E-2 7.35162E-2 7.44821E-2 7.44242E-2
5.44216E-3 4.68559E-3 4.83081E-3 5.45252E-3 5.09542E-3 6.06361E-3 6.15704E-3 6.66328E-3 7.36019E-3 7.73489E-3 7.49017E-3 7.32125E-3 8.13884E-3 9.3157E-3 9.21026E-3 8.48026E-3 9.37953E-3 8.42077E-3 8.37817E-3 8.72048E-3 9.75248E-3 1.09679E-2 9.5152E-3 8.638E-3 9.48616E-3 1.16939E-2 3.32146E-2 5.15153E-2 5.28411E-2 4.97572E-2 5.48891E-2 5.7358E-2 5.21536E-2 4.7923E-2 4.40823E-2 4.08841E-2 3.79566E-2 4.04779E-2 4.40818E-2 5.09265E-2 5.58675E-2 5.62369E-2 5.38428E-2 5.2257E-2 4.78639E-2 4.65109E-2 5.1404E-2 5.34182E-2 5.71068E-2 5.986E-2 6.34326E-2 6.57898E-2 6.67498E-2 6.77112E-2 7.01681E-2 7.24884E-2 7.34296E-2 7.33903E-2 7.55472E-2 7.78138E-2 7.76429E-2
6.48329E-3 5.61932E-3 6.09515E-3 5.94538E-3 6.47976E-3 6.89049E-3 6.84716E-3 7.51868E-3 7.35227E-3 7.34733E-3 7.98875E-3 8.42156E-3 8.82115E-3 8.70205E-3 9.98254E-3 1.00751E-2 1.07637E-2 9.43385E-3 8.52225E-3 9.24096E-3 1.128E-2 1.14531E-2 1.09886E-2 9.89815E-3 1.00404E-2 1.39584E-2 3.01277E-2 3.75042E-2 4.21854E-2 4.2711E-2 5.49256E-2 5.65774E-2 5.48752E-2 5.42321E-2 5.09812E-2 5.23746E-2 5.0705E-2 4.7283E-2 4.8264E-2 5.26077E-2 5.68339E-2 5.62728E-2 5.43187E-2 5.39071E-2 4.95571E-2 4.98087E-2 5.16259E-2 5.51555E-2 5.76252E-2 5.9747E-2 6.26999E-2 6.51062E-2 6.69011E-2 6.83644E-2 7.18302E-2 7.59471E-2 7.69784E-2 7.63193E-2 7.61963E-2 7.58429E-2 7.8431E-2
6.59617E-3 5.49614E-3 7.65754E-3 7.95544E-3 7.61596E-3 7.9285E-3 7.22325E-3 7.05461E-3 7.72043E-3 7.07714E-3 6.90405E-3 6.67001E-3 7.57793E-3 8.05932E-3 9.3143E-3 1.08776E-2 1.09403E-2 8.58108E-3 8.22208E-3 8.862E-3 1.0465E-2 1.06983E-2 1.05737E-2 1.02342E-2 9.58104E-3 1.24876E-2 1.93453E-2 2.23287E-2 3.23027E-2 3.52777E-2 3.80582E-2 5.01007E-2 5.47297E-2 5.16453E-2 4.65919E-2 5.67764E-2 6.18984E-2 6.05905E-2 5.65131E-2 5.5196E-2 5.57441E-2 5.7211E-2 5.79568E-2 5.68505E-2 5.32203E-2 5.16566E-2 5.09243E-2 5.12443E-2 5.38658E-2 5.90515E-2 6.07916E-2 6.27516E-2 6.58737E-2 6.98818E-2 7.36933E-2 7.64816E-2 7.68443E-2 7.48425E-2 7.67131E-2 8.04057E-2 8.08623E-2
7.80535E-3 7.09188E-3 8.74994E-3 9.08489E-3 8.06765E-3 8.91049E-3 7.82045E-3 6.79984E-3 6.62384E-3 7.37176E-3 7.04339E-3 6.78726E-3 6.51598E-3 6.04612E-3 7.96952E-3 9.54716E-3 1.03128E-2 7.70287E-3 6.72178E-3 7.06827E-3 7.95438E-3 9.92788E-3 1.07495E-2 9.86851E-3 8.63516E-3 8.52545E-3 1.62884E-2 2.23722E-2 2.70162E-2 3.06925E-2 3.42782E-2 4.07703E-2 4.36363E-2 4.21926E-2 4.4315E-2 4.72532E-2 5.00566E-2 5.57296E-2 6.03002E-2 5.90089E-2 5.8267E-2 6.09364E-2 5.79001E-2 5.88962E-2 5.76577E-2 5.45748E-2 5.232E-2 5.15155E-2 5.34144E-2 5.80877E-2 6.34899E-2 6.61967E-2 6.81649E-2 7.1734E-2 7.48918E-2 7.4217E-2 7.54201E-2 7.61017E-2 7.87819E-2 8.59511E-2 8.84717E-2
8.55702E-3 8.30913E-3 7.99271E-3 7.37595E-3 8.19793E-3 6.71737E-3 6.82773E-3 6.27705E-3 6.5046E-3 7.07727E-3 7.85748E-3 8.01156E-3 6.79835E-3 5.54622E-3 5.6646E-3 6.20337E-3 7.6141E-3 7.58453E-3 5.96148E-3 4.69351E-3 3.64426E-3 7.82567E-3 1.07269E-2 9.78279E-3 8.97816E-3 7.28037E-3 1.35217E-2 1.83396E-2 2.11603E-2 2.41368E-2 2.76933E-2 3.28502E-2 3.34252E-2 3.37829E-2 3.6833E-2 3.87284E-2 4.2696E-2 4.76116E-2 4.87499E-2 5.23875E-2 5.40174E-2 5.73921E-2 6.10778E-2 6.31007E-2 6.47354E-2 6.199E-2 5.92601E-2 5.71526E-2 5.82309E-2 6.27419E-2 7.04589E-2 7.55465E-2 7.51629E-2 7.45469E-2 7.38477E-2 7.39472E-2 7.75398E-2 7.89413E-2 8.1037E-2 8.72134E-2 9.18451E-2
9.5902E-3 7.35754E-3 6.61796E-3 6.00885E-3 7.23925E-3 5.88126E-3 5.83775E-3 6.95204E-3 7.42229E-3 7.37698E-3 7.53617E-3 7.80423E-3 7.61559E-3 5.12649E-3 5.3586E-3 5.48422E-3 5.934E-3 6.76273E-3 5.75026E-3 4.70716E-3 4.15646E-3 7.19565E-3 1.12077E-2 1.13336E-2 9.912E-3 7.06998E-3 1.13322E-2 1.71529E-2 2.08927E-2 2.38893E-2 2.74993E-2 3.19185E-2 3.42855E-2 3.56054E-2 3.77895E-2 4.06223E-2 4.35841E-2 4.54634E-2 4.83247E-2 5.07202E-2 5.29905E-2 5.63565E-2 5.93828E-2 6.00148E-2 6.38089E-2 6.82566E-2 7.06311E-2 7.09997E-2 7.06794E-2 7.21057E-2 7.67635E-2 7.99763E-2 8.08089E-2 7.71389E-2 7.38129E-2 7.41372E-2 7.29715E-2 7.88257E-2 8.8539E-2 9.35228E-2 9.41476E-2
1.16798E-2 7.89557E-3 6.24778E-3 5.46645E-3 5.68267E-3 6.39489E-3 6.62891E-3 7.15911E-3 7.33075E-3 7.2229E-3 7.30422E-3 7.16052E-3 7.05603E-3 5.65917E-3 5.34192E-3 5.13846E-3 4.48073E-3 5.16839E-3 5.12408E-3 4.5758E-3 4.89389E-3 5.74018E-3 8.81801E-3 1.11778E-2 9.62183E-3 8.94684E-3 1.13428E-2 1.77134E-2 2.42891E-2 2.68372E-2 3.02101E-2 3.30502E-2 3.47438E-2 3.35988E-2 3.48803E-2 3.87729E-2 4.2423E-2 4.69897E-2 5.16767E-2 5.18003E-2 5.37937E-2 5.87086E-2 6.29129E-2 6.56833E-2 6.78341E-2 6.96239E-2 7.17593E-2 7.4566E-2 7.50934E-2 7.6196E-2 7.72895E-2 7.88151E-2 7.88118E-2 8.41536E-2 8.6871E-2 8.50206E-2 8.15345E-2 8.18649E-2 8.2844E-2 9.00404E-2 9.91251E-2
1.03737E-2 9.04454E-3 9.17985E-3 8.5136E-3 6.03138E-3 7.30068E-3 7.51538E-3 6.53772E-3 6.93376E-3 7.61385E-3 7.41924E-3 7.24156E-3 6.97968E-3 6.37995E-3 4.69191E-3 4.41217E-3 4.35199E-3 3.05198E-3 3.85269E-3 3.28354E-3 3.44928E-3 4.40279E-3 5.32467E-3 5.96825E-3 1.04814E-2 1.65959E-2 2.08995E-2 3.04019E-2 3.11416E-2 3.28588E-2 3.47081E-2 3.58585E-2 3.30748E-2 3.15508E-2 3.606E-2 4.09559E-2 4.89128E-2 5.17046E-2 5.25241E-2 5.48042E-2 5.82741E-2 6.31534E-2 6.57572E-2 6.72576E-2 6.91331E-2 6.85137E-2 7.15278E-2 7.21432E-2 7.24484E-2 7.20881E-2 7.49512E-2 7.60348E-2 7.51515E-2 7.58596E-2 8.45497E-2 9.10541E-2 9.26085E-2 9.50691E-2 9.51135E-2 9.49593E-2 9.84069E-2
4.56158E-3 4.33161E-3 4.96514E-3 7.84849E-3 1.05997E-2 9.61507E-3 7.4507E-3 6.18932E-3 6.73054E-3 7.14864E-3 6.40113E-3 6.24846E-3 5.86138E-3 5.43244E-3 4.96597E-3 4.07356E-3 4.08783E-3 2.72503E-3 2.92131E-3 2.5368E-3 2.37295E-3 2.71225E-3 4.04294E-3 4.20005E-3 1.05218E-2 1.84308E-2 3.0064E-2 3.55619E-2 3.33309E-2 3.57449E-2 3.7187E-2 3.67202E-2 3.48992E-2 3.53627E-2 4.03949E-2 4.47564E-2 4.72254E-2 4.94546E-2 5.24518E-2 5.71159E-2 5.77749E-2 5.74454E-2 5.76012E-2 6.09992E-2 6.75074E-2 7.09668E-2 7.47301E-2 7.31189E-2 7.49129E-2 7.39715E-2 7.58262E-2 7.9967E-2 8.02691E-2 8.53684E-2 8.89339E-2 8.77324E-2 8.59646E-2 9.23043E-2 1.01153E-1 1.0859E-1 1.09318E-1
6.95478E-3 6.93404E-3 6.09528E-3 7.92127E-3 9.76799E-3 8.33863E-3 8.05118E-3 7.69335E-3 6.47039E-3 6.22173E-3 5.75923E-3 5.39827E-3 5.20363E-3 4.89054E-3 4.63898E-3 4.51985E-3 3.21402E-3 2.60716E-3 2.99719E-3 2.54243E-3 2.31551E-3 2.6218E-3 2.63006E-3 2.89874E-3 4.84992E-3 1.30256E-2 2.63377E-2 3.7122E-2 3.27214E-2 3.55576E-2 3.72298E-2 3.74309E-2 3.79482E-2 3.72884E-2 3.85195E-2 4.09005E-2 4.42861E-2 4.89502E-2 5.17086E-2 4.98835E-2 5.0652E-2 5.51117E-2 5.82317E-2 6.54295E-2 6.96636E-2 7.14216E-2 7.29637E-2 7.39892E-2 7.56241E-2 7.50796E-2 7.69343E-2 8.3281E-2 8.82258E-2 8.77502E-2 9.3704E-2 9.40502E-2 9.36423E-2 9.68361E-2 9.84546E-2 1.01772E-1 1.05086E-1
