maxent_outputs/white_flowers_troch_bombus_environ/white_308.asc
ncols         426
nrows         180
xllcorner     -130.0
yllcorner     24.0
cellsize      0.16666666666666666
NODATA_value  -9999
[rows 81 to 107 of 180, columns 122 to 182 of 426]
4.42562E-2 4.3722E-2 4.72129E-2 3.72417E-2 3.65866E-2 3.82641E-2 4.29235E-2 4.20539E-2 4.15374E-2 4.35113E-2 4.50775E-2 4.87291E-2 5.0785E-2 5.1634E-2 4.93228E-2 4.51989E-2 4.22397E-2 4.30898E-2 3.55692E-2 3.6611E-2 3.40844E-2 3.21534E-2 2.43627E-2 2.15035E-2 3.34461E-2 4.52753E-2 6.61452E-2 7.13617E-2 6.92067E-2 7.2898E-2 7.1346E-2 6.79755E-2 6.72449E-2 6.96426E-2 6.91996E-2 6.87205E-2 7.28465E-2 7.56224E-2 7.48816E-2 7.42079E-2 7.76818E-2 8.40389E-2 8.79456E-2 9.3283E-2 9.76847E-2 9.61777E-2 9.82103E-2 9.93598E-2 1.02981E-1 1.04497E-1 1.10293E-1 1.08907E-1 1.13832E-1 1.16662E-1 1.17021E-1 1.168E-1 1.18966E-1 1.21262E-1 1.23835E-1 1.23301E-1 1.21947E-1
4.63418E-2 4.67971E-2 4.51046E-2 4.54597E-2 4.30409E-2 4.34893E-2 4.14072E-2 4.17556E-2 4.27496E-2 4.34151E-2 4.50499E-2 4.90983E-2 4.79543E-2 4.82298E-2 4.5435E-2 4.61562E-2 4.15151E-2 3.90546E-2 3.25165E-2 2.83838E-2 3.15718E-2 2.91848E-2 2.85714E-2 2.44424E-2 2.88853E-2 4.90705E-2 7.65793E-2 7.27572E-2 7.13761E-2 6.86798E-2 6.6812E-2 6.61432E-2 6.61813E-2 6.57244E-2 6.95613E-2 7.29836E-2 7.33134E-2 7.13469E-2 7.35814E-2 7.27095E-2 7.52886E-2 8.2994E-2 8.77984E-2 9.39495E-2 9.65411E-2 9.71769E-2 9.75276E-2 9.8054E-2 9.99386E-2 1.04554E-1 1.10304E-1 1.14824E-1 1.18002E-1 1.22821E-1 1.27782E-1 1.2574E-1 1.25166E-1 1.28097E-1 1.34722E-1 1.36583E-1 1.32673E-1
4.54186E-2 4.90542E-2 4.7022E-2 4.53142E-2 4.55198E-2 4.75832E-2 4.48842E-2 4.23155E-2 4.3613E-2 4.72818E-2 4.4137E-2 4.23284E-2 3.72394E-2 3.51296E-2 2.9942E-2 2.8044E-2 2.93414E-2 3.06159E-2 3.01074E-2 2.4921E-2 2.52071E-2 2.73895E-2 2.54228E-2 2.46095E-2 2.46954E-2 4.62903E-2 8.01057E-2 7.96041E-2 7.18699E-2 6.91413E-2 6.7796E-2 6.74422E-2 6.58605E-2 6.59065E-2 6.97083E-2 6.82317E-2 6.83704E-2 6.98188E-2 7.10211E-2 7.30636E-2 7.75578E-2 8.33253E-2 8.86464E-2 9.37666E-2 9.91741E-2 1.01979E-1 1.04528E-1 1.06412E-1 1.07472E-1 1.14264E-1 1.14077E-1 1.18624E-1 1.22194E-1 1.26524E-1 1.29944E-1 1.29936E-1 1.30537E-1 1.34347E-1 1.39423E-1 1.42784E-1 1.36821E-1
5.04568E-2 5.48911E-2 5.44372E-2 5.53892E-2 5.32213E-2 5.71495E-2 4.72963E-2 4.5242E-2 4.55198E-2 4.30678E-2 3.97714E-2 3.77624E-2 3.60167E-2 2.62075E-2 2.07832E-2 2.53736E-2 3.16677E-2 3.2601E-2 3.13917E-2 2.78568E-2 2.61912E-2 2.4937E-2 2.28919E-2 2.2587E-2 2.96221E-2 4.0678E-2 6.63252E-2 8.92417E-2 8.77221E-2 7.57006E-2 6.87521E-2 6.61536E-2 6.79572E-2 6.66669E-2 7.02893E-2 6.98472E-2 7.03276E-2 7.03284E-2 6.91865E-2 7.53215E-2 7.90835E-2 8.56215E-2 8.71124E-2 8.79228E-2 9.63553E-2 1.05039E-1 1.07657E-1 1.10963E-1 1.15156E-1 1.13783E-1 1.11597E-1 1.17203E-1 1.22923E-1 1.2739E-1 1.31442E-1 1.32404E-1 1.3305E-1 1.36052E-1 1.39715E-1 1.42454E-1 1.3898E-1
5.30105E-2 5.34327E-2 5.46651E-2 5.9094E-2 5.99642E-2 5.61216E-2 4.28554E-2 4.26967E-2 4.48743E-2 3.98047E-2 3.62104E-2 3.13021E-2 2.80297E-2 1.91163E-2 2.14721E-2 3.52333E-2 3.3102E-2 2.65166E-2 2.67692E-2 2.25736E-2 2.03814E-2 2.16781E-2 1.72513E-2 2.03219E-2 3.51248E-2 3.939E-2 5.45485E-2 9.24E-2 9.67328E-2 7.6996E-2 6.67315E-2 6.61878E-2 6.80086E-2 6.57684E-2 7.14037E-2 7.22064E-2 7.38878E-2 7.06616E-2 6.89057E-2 7.37662E-2 8.06733E-2 8.51169E-2 8.64584E-2 9.22625E-2 9.19362E-2 9.37618E-2 1.04498E-1 1.07814E-1 1.04426E-1 1.08297E-1 1.16297E-1 1.18364E-1 1.21557E-1 1.28958E-1 1.33053E-1 1.33598E-1 1.35778E-1 1.40517E-1 1.41839E-1 1.43248E-1 1.43306E-1
5.6907E-2 5.57872E-2 5.73581E-2 5.1237E-2 5.46257E-2 5.03457E-2 4.00352E-2 4.02582E-2 3.34317E-2 3.60214E-2 4.24574E-2 6.30962E-2 6.20989E-2 4.23117E-2 3.23009E-2 3.17034E-2 3.07682E-2 2.76553E-2 2.60097E-2 2.33136E-2 1.79455E-2 2.01935E-2 1.74926E-2 1.57149E-2 2.20042E-2 3.14609E-2 3.77742E-2 7.89503E-2 8.08898E-2 6.71666E-2 5.63137E-2 5.8717E-2 6.153E-2 6.32729E-2 6.75921E-2 7.23615E-2 6.9311E-2 6.58622E-2 6.82667E-2 7.26407E-2 7.77689E-2 8.38402E-2 8.66401E-2 9.24543E-2 9.47597E-2 9.39844E-2 1.00657E-1 1.03253E-1 1.05016E-1 1.06512E-1 1.09875E-1 1.11265E-1 1.20644E-1 1.25367E-1 1.30687E-1 1.34242E-1 1.39205E-1 1.42481E-1 1.46777E-1 1.45778E-1 1.46347E-1
5.07889E-2 5.57108E-2 6.42212E-2 7.16056E-2 7.80329E-2 7.71379E-2 5.70139E-2 6.06596E-2 6.76284E-2 6.59921E-2 3.74734E-2 3.96363E-2 4.23371E-2 2.6939E-2 4.07131E-2 3.22471E-2 2.85031E-2 2.53404E-2 1.81722E-2 1.70576E-2 1.49983E-2 1.51671E-2 1.70052E-2 1.91653E-2 2.11538E-2 2.46602E-2 3.10668E-2 4.90668E-2 5.66156E-2 5.18897E-2 4.54408E-2 4.96873E-2 5.45058E-2 5.61434E-2 5.90152E-2 6.0704E-2 5.86475E-2 6.31496E-2 6.61947E-2 7.01449E-2 7.6495E-2 8.21155E-2 8.76563E-2 9.15934E-2 9.46923E-2 9.5447E-2 1.00635E-1 1.05306E-1 1.0502E-1 1.05769E-1 1.07192E-1 1.10558E-1 1.17882E-1 1.25481E-1 1.30923E-1 1.36076E-1 1.3933E-1 1.43468E-1 1.45877E-1 1.47975E-1 1.5042E-1
4.84254E-2 7.19292E-2 8.21981E-2 7.21606E-2 7.72881E-2 7.72922E-2 8.0289E-2 7.07991E-2 7.85185E-2 6.25173E-2 4.21582E-2 2.73722E-2 2.2822E-2 1.90695E-2 2.71961E-2 2.20691E-2 2.62615E-2 2.0454E-2 1.54184E-2 1.54976E-2 1.40263E-2 1.56543E-2 1.64845E-2 1.37038E-2 1.67592E-2 2.03955E-2 2.99409E-2 2.95099E-2 4.11471E-2 3.46838E-2 3.38728E-2 4.2581E-2 4.67971E-2 4.92463E-2 5.29912E-2 5.76919E-2 6.0038E-2 6.23885E-2 6.47564E-2 6.99014E-2 7.41696E-2 7.89603E-2 8.58905E-2 9.09097E-2 9.48378E-2 9.763E-2 9.95422E-2 1.06241E-1 1.08063E-1 1.07486E-1 1.09897E-1 1.12642E-1 1.22306E-1 1.26646E-1 1.31044E-1 1.35069E-1 1.38744E-1 1.44196E-1 1.47124E-1 1.46549E-1 1.48924E-1
6.84087E-2 7.48548E-2 7.05266E-2 7.92241E-2 7.43682E-2 7.15576E-2 8.85248E-2 9.19433E-2 5.1185E-2 3.04253E-2 2.18387E-2 1.69778E-2 1.98204E-2 2.61034E-2 2.05101E-2 1.28932E-2 1.3076E-2 1.44269E-2 1.18033E-2 1.45712E-2 1.65766E-2 1.65498E-2 1.27492E-2 1.20309E-2 1.49949E-2 1.73183E-2 1.88725E-2 2.01902E-2 2.88035E-2 3.05506E-2 3.0019E-2 3.8301E-2 4.14155E-2 4.44491E-2 5.01071E-2 5.81409E-2 6.6102E-2 7.03038E-2 6.72684E-2 6.74995E-2 7.22302E-2 7.53439E-2 8.03264E-2 8.62183E-2 9.18916E-2 9.54256E-2 1.05987E-1 1.11606E-1 1.14586E-1 1.16354E-1 1.14521E-1 1.17415E-1 1.27209E-1 1.3131E-1 1.29947E-1 1.32514E-1 1.38685E-1 1.49208E-1 1.55782E-1 1.5303E-1 1.50535E-1
6.76365E-2 7.16119E-2 7.62872E-2 6.91397E-2 4.48609E-2 4.10723E-2 6.05949E-2 8.52371E-2 6.66754E-2 4.0943E-2 5.42702E-2 3.82866E-2 4.36141E-2 3.1972E-2 2.4192E-2 1.46094E-2 1.29506E-2 1.25512E-2 1.30144E-2 1.26592E-2 1.89191E-2 1.85735E-2 1.25518E-2 1.16673E-2 1.33297E-2 1.52798E-2 1.53827E-2 1.52454E-2 3.11382E-2 4.75352E-2 4.06168E-2 4.49872E-2 4.17595E-2 4.74331E-2 5.5882E-2 6.58324E-2 7.17789E-2 7.67318E-2 7.56884E-2 7.69898E-2 7.73031E-2 7.71692E-2 7.71361E-2 8.36095E-2 9.11321E-2 1.00436E-1 1.12042E-1 1.17E-1 1.21038E-1 1.22891E-1 1.27633E-1 1.33333E-1 1.36423E-1 1.35655E-1 1.3556E-1 1.38478E-1 1.44975E-1 1.53923E-1 1.57724E-1 1.51617E-1 1.51112E-1
8.04863E-2 8.1861E-2 8.24809E-2 8.17776E-2 6.57196E-2 3.76796E-2 3.95914E-2 6.53806E-2 8.26439E-2 7.95755E-2 7.71364E-2 6.46902E-2 4.50338E-2 2.1605E-2 1.73298E-2 1.54497E-2 1.39228E-2 1.47259E-2 1.34355E-2 1.24763E-2 1.84718E-2 2.23758E-2 1.39439E-2 1.2485E-2 1.46617E-2 1.62636E-2 1.97482E-2 1.40996E-2 2.63934E-2 6.1714E-2 5.9698E-2 5.89707E-2 5.52332E-2 5.66448E-2 6.43799E-2 7.07162E-2 7.47044E-2 8.01392E-2 7.78851E-2 8.01729E-2 7.78403E-2 7.76042E-2 7.73587E-2 8.11414E-2 9.00237E-2 9.88916E-2 1.05425E-1 1.09977E-1 1.12946E-1 1.1863E-1 1.28296E-1 1.39374E-1 1.45427E-1 1.51331E-1 1.49954E-1 1.52215E-1 1.56785E-1 1.57308E-1 1.56811E-1 1.52594E-1 1.52374E-1
9.79126E-2 7.67926E-2 4.21955E-2 4.58005E-2 7.7525E-2 5.46251E-2 3.28084E-2 4.72947E-2 5.99039E-2 6.7234E-2 6.60781E-2 4.25746E-2 2.79444E-2 1.78312E-2 1.7123E-2 1.61367E-2 1.50162E-2 1.4695E-2 1.53326E-2 1.3872E-2 1.75082E-2 2.79301E-2 2.14149E-2 1.63062E-2 1.84015E-2 3.1946E-2 4.50426E-2 3.90086E-2 5.34932E-2 6.66652E-2 7.15399E-2 6.95174E-2 6.61164E-2 6.66583E-2 7.27305E-2 7.89257E-2 8.1641E-2 8.49674E-2 7.83228E-2 7.61457E-2 7.7368E-2 7.84016E-2 8.20048E-2 8.52098E-2 8.83873E-2 9.62013E-2 1.02924E-1 1.09169E-1 1.13691E-1 1.17494E-1 1.25514E-1 1.31642E-1 1.41897E-1 1.42505E-1 1.47701E-1 1.50506E-1 1.52965E-1 1.55964E-1 1.51041E-1 1.51333E-1 1.56137E-1
8.27006E-2 6.82883E-2 3.33443E-2 4.16745E-2 7.302E-2 7.52494E-2 5.27061E-2 3.6391E-2 3.49309E-2 4.30739E-2 5.26687E-2 4.30847E-2 2.35202E-2 1.78315E-2 1.67175E-2 1.432E-2 1.36534E-2 1.35958E-2 1.48217E-2 1.54866E-2 1.64637E-2 1.7977E-2 2.37821E-2 3.32672E-2 4.05656E-2 4.74559E-2 7.09156E-2 8.91226E-2 8.25662E-2 7.77014E-2 7.87003E-2 7.80318E-2 7.6214E-2 7.36773E-2 7.86028E-2 8.5227E-2 8.54192E-2 8.60656E-2 8.36833E-2 8.03101E-2 7.85981E-2 8.18689E-2 8.50293E-2 8.63435E-2 8.83232E-2 9.61399E-2 1.02816E-1 1.07303E-1 1.137E-1 1.18747E-1 1.23167E-1 1.3081E-1 1.41403E-1 1.43869E-1 1.44866E-1 1.49206E-1 1.54125E-1 1.59335E-1 1.64136E-1 1.61465E-1 1.60155E-1
6.57718E-2 5.87163E-2 4.94915E-2 5.70361E-2 7.28485E-2 6.39296E-2 6.77358E-2 5.78905E-2 4.14323E-2 2.85315E-2 3.10849E-2 3.94326E-2 2.23447E-2 1.59841E-2 1.59547E-2 1.4631E-2 1.23873E-2 1.26875E-2 1.49764E-2 1.73648E-2 1.90344E-2 1.82715E-2 1.73838E-2 1.87795E-2 2.43547E-2 2.76471E-2 2.54636E-2 5.95208E-2 7.95843E-2 8.41224E-2 9.21342E-2 8.48817E-2 8.54036E-2 8.34071E-2 8.37178E-2 8.58493E-2 8.66364E-2 8.8399E-2 8.90751E-2 8.65166E-2 8.32792E-2 8.56235E-2 8.81793E-2 9.21296E-2 9.53845E-2 9.73331E-2 1.0389E-1 1.08409E-1 1.15431E-1 1.20398E-1 1.23877E-1 1.35987E-1 1.43058E-1 1.45885E-1 1.48981E-1 1.50834E-1 1.58493E-1 1.66708E-1 1.72669E-1 1.71269E-1 1.68922E-1
6.91483E-2 5.30156E-2 4.95412E-2 4.74808E-2 6.60876E-2 5.98907E-2 5.29131E-2 4.56078E-2 3.94334E-2 3.2809E-2 2.28598E-2 2.70507E-2 1.63591E-2 1.17298E-2 1.25431E-2 1.26775E-2 1.19539E-2 1.2082E-2 1.59936E-2 1.72841E-2 1.92424E-2 1.91458E-2 1.84602E-2 1.78267E-2 1.65977E-2 2.1122E-2 1.63188E-2 2.77372E-2 6.16236E-2 7.60231E-2 7.82382E-2 8.23856E-2 8.50474E-2 8.44166E-2 8.85392E-2 8.97033E-2 9.20214E-2 9.69572E-2 9.77353E-2 9.33194E-2 8.83223E-2 9.18579E-2 9.78787E-2 1.00015E-1 1.05272E-1 1.06366E-1 1.11374E-1 1.16611E-1 1.19486E-1 1.23876E-1 1.29057E-1 1.41196E-1 1.48027E-1 1.42556E-1 1.48348E-1 1.54377E-1 1.5784E-1 1.65508E-1 1.72645E-1 1.73543E-1 1.71015E-1
4.65094E-2 3.79793E-2 3.38926E-2 3.5541E-2 4.11419E-2 5.12962E-2 5.06855E-2 3.52022E-2 2.49352E-2 2.10971E-2 1.9682E-2 1.22041E-2 1.00131E-2 1.04345E-2 1.08492E-2 1.00019E-2 1.12481E-2 1.10349E-2 1.3048E-2 1.91867E-2 1.88667E-2 1.66352E-2 1.74785E-2 1.8918E-2 1.56429E-2 1.86012E-2 2.02138E-2 1.9995E-2 4.62115E-2 6.70515E-2 7.82428E-2 8.54632E-2 9.04339E-2 8.64215E-2 8.88387E-2 9.03306E-2 9.54913E-2 1.00477E-1 9.8081E-2 9.73377E-2 9.43071E-2 9.37292E-2 9.79467E-2 1.04896E-1 1.08818E-1 1.13042E-1 1.19143E-1 1.28529E-1 1.29012E-1 1.30018E-1 1.38449E-1 1.4615E-1 1.5016E-1 1.46107E-1 1.47546E-1 1.52358E-1 1.57819E-1 1.65563E-1 1.703E-1 1.70333E-1 1.702E-1
5.17051E-2 4.41424E-2 4.95876E-2 3.88247E-2 3.81033E-2 4.11187E-2 3.23532E-2 2.90123E-2 2.3942E-2 2.02375E-2 1.54918E-2 1.34236E-2 1.08E-2 1.03406E-2 1.15677E-2 1.17003E-2 1.38091E-2 1.44359E-2 1.88545E-2 1.93121E-2 1.77917E-2 1.67808E-2 1.77806E-2 1.91504E-2 2.16918E-2 1.89642E-2 2.98568E-2 4.13764E-2 6.03547E-2 7.17004E-2 7.24364E-2 7.46939E-2 9.10918E-2 9.25272E-2 9.16875E-2 9.30073E-2 1.01241E-1 1.14369E-1 1.06578E-1 1.00857E-1 9.95488E-2 9.65938E-2 9.79943E-2 1.00618E-1 1.10616E-1 1.16141E-1 1.21626E-1 1.27323E-1 1.31174E-1 1.35969E-1 1.41528E-1 1.43932E-1 1.49514E-1 1.49638E-1 1.51858E-1 1.58191E-1 1.62684E-1 1.66628E-1 1.6864E-1 1.67869E-1 1.70619E-1
7.23597E-2 6.44768E-2 7.12311E-2 6.30241E-2 5.03691E-2 4.16895E-2 3.91244E-2 3.38112E-2 2.68453E-2 2.30423E-2 2.39438E-2 2.12677E-2 1.25848E-2 1.32114E-2 1.53997E-2 1.33779E-2 1.24721E-2 1.71755E-2 1.72313E-2 2.1059E-2 1.79987E-2 1.60653E-2 1.72403E-2 1.88924E-2 2.04683E-2 1.56992E-2 1.6049E-2 2.90418E-2 4.9753E-2 6.46819E-2 6.88403E-2 8.07691E-2 8.20181E-2 8.49866E-2 8.72029E-2 1.02711E-1 1.16517E-1 1.17304E-1 1.09686E-1 1.08455E-1 9.51571E-2 9.4735E-2 9.83586E-2 1.03683E-1 1.13074E-1 1.21579E-1 1.2936E-1 1.32628E-1 1.38054E-1 1.43656E-1 1.43622E-1 1.42859E-1 1.47624E-1 1.50266E-1 1.56943E-1 1.55529E-1 1.60487E-1 1.65632E-1 1.67303E-1 1.64916E-1 1.67912E-1
8.3679E-2 7.86641E-2 7.62877E-2 7.29247E-2 6.87101E-2 5.5019E-2 4.78867E-2 3.99053E-2 3.04347E-2 1.93861E-2 3.14328E-2 2.56327E-2 2.24885E-2 2.1649E-2 2.30603E-2 1.88092E-2 2.13569E-2 1.63909E-2 1.36256E-2 1.76489E-2 2.30814E-2 1.74643E-2 1.77363E-2 1.89157E-2 2.01169E-2 1.97432E-2 1.72956E-2 2.25824E-2 2.92361E-2 4.88597E-2 6.60247E-2 6.95224E-2 7.61881E-2 7.66292E-2 8.50393E-2 9.6184E-2 9.49237E-2 9.21832E-2 8.74216E-2 9.10003E-2 9.21228E-2 9.94359E-2 1.07624E-1 1.10488E-1 1.1574E-1 1.26047E-1 1.32029E-1 1.37995E-1 1.41783E-1 1.47404E-1 1.53716E-1 1.57439E-1 1.57566E-1 1.58811E-1 1.65233E-1 1.68183E-1 1.74648E-1 1.70471E-1 1.68913E-1 1.74324E-1 1.77076E-1
8.39131E-2 8.24337E-2 8.51836E-2 8.025E-2 6.97219E-2 5.8359E-2 5.16408E-2 4.33793E-2 4.00755E-2 3.20008E-2 3.93517E-2 3.51507E-2 3.39232E-2 3.16048E-2 3.17639E-2 2.75572E-2 2.66689E-2 1.85848E-2 1.3713E-2 1.74661E-2 2.09187E-2 1.89216E-2 1.89052E-2 2.14884E-2 1.99734E-2 1.93865E-2 1.49601E-2 1.75563E-2 3.38142E-2 4.41319E-2 6.03884E-2 7.27217E-2 7.44948E-2 7.52873E-2 8.01633E-2 7.9527E-2 7.06643E-2 6.98721E-2 7.99996E-2 8.66249E-2 9.2305E-2 9.96389E-2 1.07554E-1 1.14797E-1 1.21068E-1 1.28762E-1 1.38482E-1 1.4063E-1 1.46184E-1 1.48765E-1 1.54699E-1 1.62841E-1 1.72E-1 1.71433E-1 1.72646E-1 1.78386E-1 1.81231E-1 1.90454E-1 1.88406E-1 1.92551E-1 2.04309E-1
7.63597E-2 7.30488E-2 7.46011E-2 8.28829E-2 7.12105E-2 6.80749E-2 6.58502E-2 5.39168E-2 4.55646E-2 4.57185E-2 4.93822E-2 4.12825E-2 4.08338E-2 4.46428E-2 3.88346E-2 3.60965E-2 2.90264E-2 2.42389E-2 1.79748E-2 1.67893E-2 2.09453E-2 2.20383E-2 2.02963E-2 2.21959E-2 2.00421E-2 1.82647E-2 1.48068E-2 2.16623E-2 3.54156E-2 4.5101E-2 5.23034E-2 3.95187E-2 6.19711E-2 7.25961E-2 6.87721E-2 6.81229E-2 7.15628E-2 8.26129E-2 9.88757E-2 1.09926E-1 1.11874E-1 1.13032E-1 1.18876E-1 1.26212E-1 1.34732E-1 1.41522E-1 1.49377E-1 1.49402E-1 1.51831E-1 1.60676E-1 1.63194E-1 1.71228E-1 1.78628E-1 1.84111E-1 1.89138E-1 1.96318E-1 2.01733E-1 2.12107E-1 2.14213E-1 2.17147E-1 2.21142E-1
7.53904E-2 7.1103E-2 6.8279E-2 7.9642E-2 7.94494E-2 6.94803E-2 6.66135E-2 6.50059E-2 6.07935E-2 5.56538E-2 5.78641E-2 5.22264E-2 5.32789E-2 4.99505E-2 4.10155E-2 3.54358E-2 3.1269E-2 2.5969E-2 2.55572E-2 1.7006E-2 1.91416E-2 2.09041E-2 2.11058E-2 2.02422E-2 2.28409E-2 1.98428E-2 1.62372E-2 2.8014E-2 3.17795E-2 3.495E-2 3.97386E-2 3.95957E-2 3.12115E-2 4.01089E-2 5.49641E-2 7.43344E-2 8.12884E-2 9.87198E-2 1.10996E-1 1.20805E-1 1.28481E-1 1.28035E-1 1.35445E-1 1.34938E-1 1.36404E-1 1.41985E-1 1.46238E-1 1.50237E-1 1.54327E-1 1.65716E-1 1.68632E-1 1.76491E-1 1.84157E-1 1.85698E-1 1.91238E-1 1.98796E-1 2.10171E-1 2.21506E-1 2.23897E-1 2.23829E-1 2.23873E-1
7.4038E-2 6.80226E-2 5.53698E-2 6.07961E-2 7.66527E-2 6.9119E-2 7.06793E-2 7.1837E-2 6.95847E-2 6.73329E-2 6.42981E-2 6.11722E-2 5.66758E-2 4.69009E-2 3.82719E-2 3.29834E-2 3.29034E-2 3.18627E-2 3.09128E-2 2.23973E-2 1.80166E-2 2.19538E-2 2.18465E-2 2.37156E-2 2.4747E-2 1.98669E-2 1.80954E-2 3.15832E-2 3.82694E-2 4.17866E-2 4.9351E-2 4.90795E-2 4.35784E-2 3.87444E-2 4.34032E-2 5.82175E-2 6.80364E-2 8.13065E-2 9.20493E-2 1.09339E-1 1.14554E-1 1.21226E-1 1.21526E-1 1.22363E-1 1.30045E-1 1.3852E-1 1.45428E-1 1.52995E-1 1.63494E-1 1.71714E-1 1.78201E-1 1.83223E-1 1.89726E-1 1.93033E-1 1.94994E-1 2.02126E-1 2.12271E-1 2.20264E-1 2.26556E-1 2.28286E-1 2.36332E-1
7.29562E-2 6.92264E-2 5.59015E-2 5.84208E-2 6.54005E-2 6.36052E-2 6.8186E-2 6.58915E-2 6.08604E-2 6.21505E-2 6.1739E-2 6.06198E-2 5.64728E-2 4.65777E-2 3.99879E-2 3.41043E-2 3.45311E-2 3.85378E-2 3.40749E-2 2.7413E-2 2.29661E-2 2.92011E-2 2.60143E-2 2.91037E-2 2.70338E-2 1.98499E-2 2.13055E-2 3.44365E-2 4.71286E-2 5.15168E-2 5.01211E-2 5.11334E-2 4.25384E-2 4.18302E-2 4.74255E-2 5.45424E-2 6.53047E-2 7.86657E-2 9.4065E-2 1.06232E-1 1.11192E-1 1.17805E-1 1.23935E-1 1.32741E-1 1.37461E-1 1.45761E-1 1.53533E-1 1.57035E-1 1.60021E-1 1.72352E-1 1.84132E-1 1.91089E-1 1.84992E-1 1.78068E-1 1.82104E-1 1.90355E-1 2.05859E-1 2.14311E-1 2.23536E-1 2.31719E-1 2.38136E-1
7.37958E-2 6.46691E-2 4.75887E-2 3.37351E-2 5.59468E-2 6.73093E-2 6.99009E-2 6.59569E-2 5.82071E-2 5.78898E-2 5.07776E-2 5.18617E-2 4.95733E-2 4.22945E-2 3.88756E-2 3.51617E-2 3.71094E-2 4.04629E-2 3.71374E-2 3.90013E-2 3.54908E-2 4.31321E-2 3.56939E-2 3.37902E-2 3.51106E-2 2.44574E-2 1.99303E-2 2.66891E-2 5.00019E-2 5.35356E-2 5.29162E-2 5.27699E-2 4.97082E-2 5.26563E-2 5.48635E-2 5.99826E-2 7.13461E-2 8.46827E-2 9.60402E-2 1.07989E-1 1.1458E-1 1.22432E-1 1.32297E-1 1.37032E-1 1.41295E-1 1.46914E-1 1.50415E-1 1.55511E-1 1.65932E-1 1.74197E-1 1.84528E-1 1.88471E-1 1.75893E-1 1.74142E-1 1.74857E-1 1.84371E-1 1.96139E-1 2.07098E-1 2.22559E-1 2.36434E-1 2.41181E-1
7.0452E-2 5.30365E-2 3.78082E-2 2.98466E-2 3.83756E-2 6.82764E-2 6.96982E-2 6.81238E-2 6.41352E-2 5.90199E-2 5.10084E-2 4.28949E-2 3.93361E-2 3.69914E-2 3.29805E-2 3.37637E-2 3.32047E-2 3.67939E-2 4.65174E-2 4.72838E-2 5.21784E-2 5.06099E-2 4.62217E-2 4.02858E-2 3.11288E-2 2.10631E-2 2.40095E-2 3.18488E-2 4.57947E-2 5.44498E-2 5.48324E-2 5.62993E-2 5.21517E-2 5.49729E-2 6.58068E-2 6.95358E-2 8.17002E-2 9.31605E-2 1.00124E-1 1.06902E-1 1.13276E-1 1.20946E-1 1.27495E-1 1.37555E-1 1.45903E-1 1.48484E-1 1.56312E-1 1.62207E-1 1.70813E-1 1.77183E-1 1.89514E-1 1.86474E-1 1.82156E-1 1.83406E-1 1.87153E-1 1.95067E-1 1.99426E-1 2.13026E-1 2.28574E-1 2.38846E-1 2.35901E-1
6.49875E-2 5.33543E-2 3.81599E-2 3.1926E-2 2.76945E-2 5.04091E-2 6.93292E-2 6.77549E-2 6.52878E-2 6.11933E-2 5.43292E-2 4.52183E-2 3.77664E-2 3.35333E-2 3.12943E-2 3.24263E-2 3.32149E-2 2.65931E-2 3.06135E-2 3.37181E-2 5.2743E-2 6.17886E-2 5.23919E-2 3.30406E-2 2.24781E-2 2.85461E-2 3.74783E-2 3.95543E-2 4.37874E-2 5.05896E-2 5.5352E-2 6.48283E-2 5.77896E-2 6.21322E-2 7.26591E-2 9.33468E-2 1.01515E-1 9.95536E-2 1.07582E-1 1.10505E-1 1.18786E-1 1.25398E-1 1.3287E-1 1.35132E-1 1.41995E-1 1.51262E-1 1.55767E-1 1.63135E-1 1.70119E-1 1.80292E-1 1.85877E-1 1.91113E-1 1.95392E-1 1.94152E-1 1.95813E-1 1.95513E-1 1.98777E-1 2.06621E-1 2.22751E-1 2.24209E-1 2.30124E-1
