maxent_outputs/white_flowers_troch_bombus_environ/white_30.asc
ncols         426
nrows         180
xllcorner     -130.0
yllcorner     24.0
cellsize      0.16666666666666666
NODATA_value  -9999
[rows 81 to 107 of 180, columns 61 to 121 of 426]
7.71237E-2 5.68739E-2 7.36638E-2 5.36838E-2 5.2689E-2 6.06183E-2 5.5073E-2 3.93666E-2 4.56399E-2 3.5563E-2 4.26188E-2 4.75954E-2 3.29123E-2 3.2672E-2 3.45748E-2 3.63161E-2 3.50422E-2 2.59586E-2 2.45717E-2 2.83174E-2 2.32911E-2 2.02179E-2 1.70765E-2 1.4978E-2 1.61529E-2 1.3958E-2 1.36483E-2 1.507E-2 1.57752E-2 1.53713E-2 1.56847E-2 1.49689E-2 1.38628E-2 1.67546E-2 2.96467E-2 3.6012E-2 4.10526E-2 3.84118E-2 3.71839E-2 3.65267E-2 3.44621E-2 2.70549E-2 2.33322E-2 1.39829E-2 1.9281E-2 1.16571E-2 1.61317E-2 2.44805E-2 1.8769E-2 9.63978E-3 8.88133E-3 6.62394E-3 5.27611E-3 6.06521E-3 7.02222E-3 7.46065E-3 6.80626E-3 6.81504E-3 7.30261E-3 6.5494E-3 6.45481E-3
8.38829E-2 9.40648E-2 6.91712E-2 6.67058E-2 4.56793E-2 6.26547E-2 4.75534E-2 5.34458E-2 5.27743E-2 4.06909E-2 4.20911E-2 4.02533E-2 4.10088E-2 4.29654E-2 3.52071E-2 3.51227E-2 3.57662E-2 2.54513E-2 3.32797E-2 2.63336E-2 2.02175E-2 1.96454E-2 1.6374E-2 1.56305E-2 1.57712E-2 1.23076E-2 1.7538E-2 1.53615E-2 1.32078E-2 1.28136E-2 1.499E-2 1.53402E-2 1.59801E-2 1.74678E-2 2.23014E-2 2.62429E-2 3.30282E-2 3.30214E-2 3.57425E-2 3.49578E-2 3.39625E-2 2.97104E-2 2.26801E-2 1.70341E-2 1.67271E-2 1.77794E-2 1.66889E-2 2.36778E-2 3.58747E-2 1.30237E-2 8.7627E-3 5.69349E-3 5.1018E-3 6.85655E-3 8.24984E-3 1.08039E-2 8.9242E-3 7.44324E-3 6.70152E-3 5.95779E-3 5.84272E-3
5.73383E-2 1.88017E-1 8.64239E-2 5.8355E-2 4.3617E-2 5.58348E-2 5.34453E-2 5.93373E-2 5.04656E-2 5.2378E-2 4.40154E-2 3.8019E-2 5.48149E-2 5.03769E-2 3.42321E-2 3.3557E-2 2.84695E-2 2.90684E-2 2.64514E-2 1.95295E-2 1.93313E-2 1.79046E-2 1.58106E-2 1.35065E-2 1.66367E-2 1.39466E-2 1.88831E-2 1.31402E-2 1.15524E-2 9.24269E-3 1.47033E-2 1.4555E-2 1.41414E-2 1.63004E-2 1.87472E-2 1.81125E-2 2.84552E-2 3.14319E-2 3.34946E-2 3.28064E-2 2.71576E-2 2.62176E-2 2.40691E-2 1.77247E-2 1.65118E-2 1.69009E-2 1.7513E-2 2.57824E-2 1.97048E-2 1.51049E-2 1.01798E-2 6.16766E-3 4.50899E-3 6.05994E-3 9.50629E-3 1.00359E-2 8.97245E-3 7.07469E-3 6.82866E-3 6.77743E-3 6.46111E-3
4.45119E-2 8.7088E-2 1.11576E-1 7.11219E-2 6.19497E-2 6.55258E-2 6.55936E-2 6.06137E-2 5.35362E-2 4.79682E-2 4.1395E-2 7.39209E-2 5.06875E-2 4.18838E-2 2.65456E-2 2.97721E-2 3.02888E-2 2.41426E-2 2.03856E-2 1.60644E-2 1.47187E-2 1.54757E-2 1.6637E-2 1.36136E-2 1.49121E-2 1.46962E-2 1.42534E-2 1.28568E-2 1.13476E-2 1.41076E-2 1.65191E-2 1.16896E-2 1.16222E-2 1.63831E-2 1.60592E-2 1.10428E-2 2.7773E-2 2.95573E-2 3.46906E-2 3.22973E-2 2.87237E-2 2.38932E-2 2.3751E-2 1.93897E-2 1.29963E-2 1.37003E-2 1.53074E-2 1.95775E-2 1.19288E-2 9.73865E-3 8.98638E-3 7.02221E-3 4.36978E-3 4.97937E-3 6.01316E-3 6.78843E-3 8.13831E-3 8.18831E-3 7.66134E-3 8.23536E-3 7.75909E-3
4.82283E-2 4.61368E-2 4.56241E-2 6.77107E-2 7.03241E-2 6.85921E-2 6.28575E-2 5.5145E-2 4.68222E-2 4.42329E-2 6.9057E-2 6.24919E-2 3.28743E-2 2.7209E-2 2.55174E-2 2.68846E-2 2.48391E-2 1.5358E-2 2.2943E-2 1.60703E-2 1.39481E-2 1.44164E-2 1.6114E-2 1.35828E-2 1.46259E-2 1.41099E-2 1.06179E-2 1.15888E-2 1.10348E-2 1.15768E-2 1.65101E-2 1.24003E-2 1.76603E-2 1.48787E-2 1.19476E-2 1.41753E-2 2.74046E-2 2.67897E-2 3.09217E-2 2.95606E-2 2.26795E-2 2.2982E-2 2.31509E-2 2.0783E-2 1.9776E-2 1.70164E-2 1.49959E-2 1.57447E-2 1.10893E-2 8.10121E-3 6.87781E-3 3.97064E-3 3.95E-3 7.42298E-3 6.86466E-3 6.78558E-3 7.5752E-3 9.40022E-3 1.09496E-2 1.03783E-2 7.61741E-3
6.15991E-2 5.62497E-2 5.68127E-2 6.77661E-2 6.83574E-2 6.18543E-2 5.48977E-2 4.96529E-2 4.61117E-2 3.60859E-2 5.58907E-2 2.31142E-2 2.39792E-2 2.22121E-2 1.95873E-2 2.39557E-2 2.0613E-2 1.66194E-2 1.57527E-2 1.5469E-2 1.1303E-2 1.19388E-2 1.3468E-2 1.28386E-2 1.41755E-2 1.45496E-2 9.81588E-3 1.05295E-2 1.0375E-2 1.28809E-2 1.45095E-2 1.09804E-2 1.82475E-2 1.37472E-2 1.78322E-2 2.51034E-2 2.56016E-2 2.89159E-2 3.10309E-2 2.65798E-2 2.46474E-2 2.46445E-2 2.35672E-2 2.01039E-2 2.05978E-2 2.20493E-2 1.70674E-2 1.41203E-2 9.9476E-3 1.03825E-2 8.16952E-3 3.58598E-3 5.54802E-3 1.09784E-2 1.12523E-2 1.05289E-2 9.55023E-3 5.27181E-3 1.27727E-2 9.54071E-3 7.54929E-3
4.62552E-2 4.22195E-2 5.46406E-2 6.06249E-2 6.33585E-2 5.69337E-2 5.26799E-2 5.34712E-2 4.78894E-2 4.5237E-2 4.35927E-2 2.94496E-2 1.68809E-2 1.83409E-2 1.69398E-2 2.07418E-2 1.49249E-2 2.3972E-2 2.00926E-2 1.28445E-2 1.17437E-2 1.18454E-2 1.22976E-2 1.29475E-2 1.37719E-2 1.12505E-2 9.40436E-3 9.00153E-3 8.70523E-3 1.17624E-2 1.15989E-2 8.11898E-3 1.86989E-2 9.05185E-3 1.99008E-2 2.27957E-2 2.76008E-2 2.95016E-2 2.70651E-2 2.23519E-2 2.6368E-2 2.54133E-2 1.97166E-2 2.01043E-2 2.03861E-2 1.75505E-2 1.55724E-2 1.4377E-2 9.24661E-3 9.11662E-3 4.99173E-3 4.10084E-3 7.31544E-3 9.98435E-3 9.36336E-3 1.28506E-2 1.36889E-2 1.15267E-2 1.68541E-2 1.09592E-2 6.01624E-3
3.96627E-2 5.02334E-2 4.75642E-2 6.29403E-2 5.30395E-2 5.04936E-2 5.46586E-2 5.21262E-2 5.45729E-2 4.07292E-2 3.41197E-2 2.78859E-2 1.58726E-2 1.60548E-2 1.60953E-2 1.51679E-2 1.61878E-2 2.46461E-2 1.57986E-2 1.18126E-2 1.05679E-2 1.15615E-2 1.16379E-2 1.10726E-2 1.15469E-2 1.00613E-2 6.88757E-3 6.7377E-3 8.72928E-3 9.65329E-3 8.11081E-3 8.44592E-3 1.83112E-2 7.91889E-3 1.73747E-2 2.27377E-2 2.21221E-2 2.98312E-2 2.36413E-2 2.69931E-2 2.64551E-2 2.12046E-2 1.89347E-2 1.95886E-2 1.73461E-2 1.57643E-2 1.43909E-2 1.54777E-2 1.29624E-2 6.98722E-3 3.44675E-3 5.58932E-3 1.12477E-2 8.67334E-3 1.03467E-2 1.23539E-2 1.49469E-2 1.74688E-2 2.02444E-2 1.39335E-2 5.59653E-3
4.2616E-2 2.92974E-2 3.2889E-2 5.33707E-2 4.53827E-2 5.11167E-2 5.51261E-2 5.14355E-2 3.98653E-2 3.86705E-2 3.27082E-2 2.93887E-2 1.62957E-2 1.15359E-2 1.38679E-2 1.26824E-2 2.44402E-2 1.87237E-2 9.20415E-3 1.06306E-2 8.05184E-3 9.29108E-3 1.14858E-2 1.07787E-2 1.34188E-2 1.23347E-2 7.24351E-3 8.95592E-3 1.11361E-2 8.65877E-3 7.77558E-3 1.27745E-2 1.56548E-2 1.6019E-2 2.45193E-2 2.4693E-2 2.64135E-2 2.12135E-2 2.79929E-2 3.19073E-2 3.72985E-2 2.52661E-2 1.96608E-2 1.85224E-2 1.51395E-2 1.51714E-2 1.07804E-2 1.3392E-2 1.20913E-2 5.53513E-3 3.40194E-3 7.71215E-3 1.02909E-2 9.43489E-3 1.22488E-2 1.38678E-2 1.82787E-2 1.80496E-2 1.85894E-2 1.55547E-2 1.29203E-2
4.02785E-2 2.91732E-2 3.31646E-2 4.79455E-2 4.88553E-2 4.09166E-2 5.40969E-2 4.89736E-2 5.29605E-2 5.26324E-2 4.59336E-2 3.96272E-2 1.73777E-2 1.41312E-2 8.98368E-3 1.12909E-2 2.32123E-2 1.24559E-2 1.02745E-2 7.93946E-3 9.53474E-3 1.08247E-2 1.13658E-2 1.15619E-2 1.42179E-2 1.52419E-2 8.59659E-3 1.223E-2 1.5527E-2 1.07041E-2 7.69923E-3 1.29004E-2 1.38003E-2 7.93703E-3 2.03891E-2 2.14286E-2 2.40053E-2 2.0104E-2 2.72446E-2 3.1442E-2 3.65086E-2 2.54112E-2 1.94421E-2 1.70303E-2 1.70831E-2 1.05054E-2 9.60403E-3 1.37724E-2 1.02655E-2 6.35475E-3 5.70511E-3 1.13964E-2 1.08548E-2 1.00589E-2 1.01098E-2 1.14946E-2 1.88741E-2 1.51456E-2 1.61856E-2 1.48799E-2 1.34767E-2
2.75152E-2 2.17313E-2 3.53312E-2 3.90928E-2 4.11084E-2 3.59104E-2 6.78034E-2 4.9068E-2 3.18843E-2 3.58103E-2 4.14389E-2 3.34791E-2 2.20178E-2 1.49734E-2 8.23145E-3 1.15427E-2 2.17013E-2 6.77125E-3 9.69213E-3 6.67149E-3 9.86478E-3 1.16778E-2 1.22111E-2 1.13324E-2 1.52305E-2 1.71892E-2 1.53457E-2 1.53098E-2 1.82572E-2 1.10363E-2 9.1377E-3 1.50037E-2 1.49885E-2 1.1549E-2 2.03109E-2 1.86532E-2 1.7996E-2 2.05872E-2 2.47879E-2 2.61993E-2 2.57098E-2 2.0106E-2 1.94921E-2 1.79857E-2 1.31786E-2 7.7791E-3 1.41726E-2 8.41143E-3 4.66716E-3 3.51428E-3 8.32435E-3 1.58523E-2 1.47622E-2 1.21973E-2 1.08617E-2 1.6335E-2 1.46101E-2 1.53755E-2 1.8245E-2 1.54581E-2 1.58247E-2
1.50863E-2 1.84005E-2 2.28891E-2 1.83599E-2 1.76332E-2 3.03434E-2 2.90126E-2 6.53307E-2 4.68484E-2 4.21302E-2 2.84435E-2 2.46815E-2 2.22688E-2 2.90182E-2 2.42678E-2 2.33254E-2 1.57374E-2 1.08324E-2 8.42814E-3 1.20215E-2 1.2943E-2 1.55042E-2 1.51664E-2 1.45666E-2 1.69936E-2 1.41817E-2 1.17629E-2 1.69093E-2 2.02034E-2 1.53319E-2 1.40866E-2 1.43991E-2 1.77761E-2 1.78784E-2 1.79984E-2 1.47594E-2 1.85922E-2 1.8748E-2 2.46861E-2 2.13546E-2 1.86445E-2 1.75466E-2 1.71929E-2 1.27299E-2 8.68786E-3 1.25052E-2 7.90018E-3 4.64465E-3 3.56618E-3 3.87077E-3 8.02394E-3 1.54041E-2 1.56811E-2 2.0717E-2 1.94214E-2 1.30908E-2 1.23852E-2 1.27815E-2 1.92892E-2 1.8424E-2 1.78593E-2
1.47802E-2 8.90483E-3 9.95466E-3 9.07733E-3 2.1014E-2 2.33195E-2 1.46732E-2 3.57993E-2 3.07117E-2 3.28764E-2 4.91951E-2 2.10734E-2 3.1093E-2 3.6993E-2 3.79353E-2 2.68669E-2 1.88591E-2 1.47854E-2 1.03653E-2 1.57668E-2 1.38561E-2 1.68696E-2 1.63346E-2 1.82117E-2 1.36573E-2 1.43324E-2 1.26755E-2 1.94383E-2 2.08433E-2 1.80729E-2 1.87892E-2 1.56473E-2 1.75124E-2 1.58235E-2 1.68994E-2 1.44154E-2 1.82776E-2 1.8204E-2 2.29031E-2 1.97858E-2 1.87926E-2 1.65811E-2 1.12539E-2 9.62836E-3 4.71618E-3 1.02178E-2 6.05359E-3 5.32971E-3 4.61891E-3 6.14483E-3 7.26288E-3 1.65944E-2 2.11447E-2 2.20735E-2 1.97272E-2 1.63767E-2 1.49965E-2 1.45496E-2 2.07404E-2 2.45986E-2 2.71599E-2
1.16108E-2 7.06957E-3 7.58708E-3 1.21867E-2 7.06697E-3 8.8813E-3 9.49493E-3 2.00059E-2 2.77226E-2 3.43757E-2 5.22668E-2 3.83803E-2 2.99113E-2 4.14307E-2 4.52836E-2 3.02556E-2 2.76135E-2 1.83049E-2 1.80413E-2 1.99116E-2 1.78438E-2 1.74087E-2 2.00779E-2 1.80307E-2 1.6914E-2 1.21073E-2 1.81195E-2 2.36115E-2 2.61857E-2 2.55462E-2 2.72522E-2 2.05642E-2 1.61202E-2 1.36482E-2 1.35532E-2 1.24802E-2 1.42728E-2 1.3763E-2 1.94764E-2 1.88819E-2 1.73879E-2 1.85525E-2 1.48189E-2 1.12913E-2 5.20774E-3 1.10559E-2 8.44571E-3 4.7212E-3 2.97768E-3 4.43181E-3 7.10198E-3 1.61662E-2 2.19475E-2 1.95042E-2 1.86994E-2 1.84502E-2 2.34215E-2 1.68195E-2 2.02065E-2 3.01607E-2 2.76111E-2
2.21484E-2 9.59323E-3 6.1229E-3 7.08002E-3 1.46444E-2 1.72348E-2 1.00913E-2 1.68972E-2 2.31871E-2 2.58738E-2 4.69992E-2 4.79508E-2 3.91542E-2 4.59108E-2 3.5783E-2 3.13829E-2 3.25654E-2 2.76244E-2 2.45342E-2 2.17181E-2 1.6519E-2 1.75789E-2 2.11276E-2 1.99496E-2 1.16476E-2 1.87756E-2 2.2398E-2 2.5789E-2 2.70472E-2 3.3043E-2 3.28526E-2 2.3751E-2 2.0447E-2 1.74875E-2 1.40381E-2 1.17302E-2 1.47789E-2 1.84156E-2 2.07997E-2 1.6842E-2 1.68505E-2 1.305E-2 1.20815E-2 9.75744E-3 6.75072E-3 7.38679E-3 5.57177E-3 5.24977E-3 1.78957E-3 2.43392E-3 3.25357E-3 1.07894E-2 1.84196E-2 1.35889E-2 1.18316E-2 2.20753E-2 3.13216E-2 2.29927E-2 2.28708E-2 2.06291E-2 2.28193E-2
7.53842E-2 2.5945E-2 1.01163E-2 5.00317E-3 1.66618E-2 1.28296E-2 1.20681E-2 1.46684E-2 1.74887E-2 1.73937E-2 3.83861E-2 4.25131E-2 3.97272E-2 4.29366E-2 4.30476E-2 4.00716E-2 3.23915E-2 2.74886E-2 2.51323E-2 2.08398E-2 1.39171E-2 1.53615E-2 2.03918E-2 2.11009E-2 2.17836E-2 2.06499E-2 2.34013E-2 2.52043E-2 3.20417E-2 3.71346E-2 3.10566E-2 2.49091E-2 2.53283E-2 2.3474E-2 1.5423E-2 1.63351E-2 1.83203E-2 1.66517E-2 1.66616E-2 1.65054E-2 1.64925E-2 1.33788E-2 1.02945E-2 6.8704E-3 7.08278E-3 4.98823E-3 5.32958E-3 4.09795E-3 5.13868E-3 9.8732E-3 1.26193E-2 1.70299E-2 1.7156E-2 2.20783E-2 1.35422E-2 2.80043E-2 4.46975E-2 2.99578E-2 1.98067E-2 1.30697E-2 1.16029E-2
1.12848E-1 3.62414E-2 1.06695E-2 4.20698E-3 9.55564E-3 1.05464E-2 8.50254E-3 1.49976E-2 2.67328E-2 8.54499E-3 3.69204E-2 2.635E-2 2.9915E-2 5.89862E-2 3.5572E-2 3.25368E-2 3.63905E-2 3.19865E-2 2.76126E-2 2.17164E-2 1.94801E-2 1.74733E-2 1.95427E-2 2.36942E-2 2.27E-2 2.09677E-2 2.14717E-2 3.40128E-2 4.02254E-2 3.64257E-2 3.06941E-2 3.15406E-2 2.84294E-2 2.32104E-2 1.76368E-2 1.93377E-2 1.64002E-2 1.69087E-2 1.95309E-2 1.92275E-2 1.71247E-2 8.90435E-3 5.17069E-3 5.10024E-3 6.66332E-3 4.96372E-3 5.61491E-3 6.1451E-3 1.18469E-2 1.65822E-2 2.12073E-2 2.45831E-2 2.35319E-2 3.35329E-2 3.5303E-2 3.81905E-2 6.3963E-2 3.10403E-2 1.81838E-2 1.00897E-2 1.03915E-2
2.71617E-1 5.7403E-2 1.45554E-2 2.06148E-2 1.46972E-2 8.04363E-3 8.68816E-3 2.06203E-2 6.31617E-2 5.82675E-3 1.70508E-2 3.26853E-2 3.17097E-2 2.99499E-2 3.07161E-2 3.87118E-2 4.27896E-2 3.6833E-2 2.79447E-2 2.53816E-2 2.44354E-2 2.00613E-2 1.91385E-2 2.47221E-2 2.56134E-2 2.75172E-2 2.98836E-2 5.45082E-2 4.29895E-2 3.29714E-2 3.03385E-2 3.61794E-2 3.10014E-2 2.25115E-2 2.04328E-2 1.89049E-2 2.01109E-2 2.0125E-2 1.66884E-2 2.00443E-2 8.9147E-3 5.71722E-3 3.79606E-3 5.15754E-3 5.54788E-3 5.54593E-3 1.30705E-2 1.31955E-2 1.1865E-2 1.67744E-2 2.31847E-2 2.86922E-2 3.90035E-2 4.27329E-2 6.0197E-2 6.48527E-2 4.22833E-2 3.25691E-2 2.10163E-2 1.30065E-2 1.7824E-2
4.13583E-1 1.87256E-1 6.9376E-2 7.77312E-2 2.16536E-2 7.29416E-3 3.73563E-3 4.00504E-2 8.04681E-2 1.84734E-2 1.33994E-2 4.43439E-2 2.92777E-2 1.99125E-2 3.98625E-2 4.23235E-2 5.29387E-2 3.55807E-2 2.76403E-2 2.56251E-2 2.55844E-2 2.17992E-2 2.30953E-2 3.07933E-2 2.66242E-2 4.13205E-2 3.89852E-2 5.51292E-2 5.61337E-2 4.22112E-2 3.29614E-2 5.24216E-2 3.8833E-2 2.60559E-2 4.48994E-2 3.96561E-2 3.94753E-2 2.2151E-2 1.15332E-2 3.67782E-2 1.19625E-2 1.09577E-2 9.83217E-3 8.88186E-3 8.28371E-3 9.97215E-3 1.65683E-2 1.7751E-2 1.85087E-2 2.19406E-2 2.47137E-2 2.76552E-2 4.39632E-2 5.8015E-2 7.32696E-2 5.15214E-2 3.36978E-2 3.73747E-2 2.5902E-2 1.62703E-2 2.40887E-2
4.55513E-1 4.3276E-1 2.34821E-1 7.90315E-2 1.69024E-2 9.67911E-3 2.94095E-3 7.36291E-3 2.14563E-2 5.69206E-2 2.59065E-2 7.19977E-2 8.53011E-2 9.62625E-2 5.07803E-2 4.17403E-2 6.86091E-2 6.09481E-2 3.88095E-2 2.85383E-2 1.85616E-2 1.58816E-2 3.14336E-2 3.4636E-2 3.56139E-2 3.95991E-2 5.28233E-2 5.37542E-2 8.70942E-2 5.44116E-2 6.50869E-2 9.16785E-2 1.08437E-1 7.24589E-2 9.98556E-2 9.19897E-2 8.99582E-2 5.81917E-2 7.62807E-2 9.4187E-2 5.64095E-2 2.96233E-2 2.09069E-2 2.02526E-2 1.64143E-2 1.46592E-2 2.11754E-2 3.21445E-2 3.29452E-2 3.63575E-2 4.12454E-2 4.88858E-2 2.81199E-2 7.27346E-2 7.27719E-2 6.36178E-2 6.45792E-2 4.84677E-2 3.4396E-2 2.99695E-2 3.06232E-2
4.8489E-1 5.13522E-1 4.10672E-1 1.56969E-1 3.19299E-2 1.56323E-2 4.19149E-3 4.41893E-3 6.23605E-3 8.69096E-2 1.38324E-2 3.88873E-2 1.08481E-1 1.06723E-1 1.79737E-1 7.83286E-2 5.05289E-2 5.95026E-2 6.85513E-2 5.40495E-2 3.63384E-2 3.64402E-2 5.24352E-2 4.33476E-2 3.7681E-2 4.22638E-2 7.00709E-2 7.31302E-2 9.55985E-2 1.2685E-1 1.30871E-1 1.80086E-1 1.30575E-1 1.56329E-1 1.76037E-1 1.32833E-1 1.11621E-1 1.48089E-1 1.23061E-1 7.31915E-2 5.43745E-2 3.59702E-2 2.28633E-2 2.98248E-2 2.74092E-2 2.1472E-2 2.14726E-2 3.8658E-2 4.01986E-2 5.95134E-2 7.76402E-2 1.21429E-1 7.69431E-2 5.68436E-2 4.21712E-2 3.84664E-2 4.85185E-2 3.50656E-2 2.91502E-2 3.16035E-2 2.8688E-2
5.07173E-1 5.05128E-1 5.16168E-1 5.11956E-1 2.86858E-1 6.78624E-2 2.465E-2 8.96064E-3 4.67319E-3 8.17373E-2 2.90955E-2 1.08495E-1 1.46127E-1 5.45018E-2 1.35913E-1 2.78613E-1 5.39629E-2 8.25353E-2 1.15604E-1 8.83675E-2 7.88304E-2 5.71094E-2 7.23024E-2 7.66711E-2 5.83738E-2 8.67864E-2 8.8477E-2 7.84706E-2 8.31494E-2 1.91798E-1 1.87867E-1 2.06348E-1 1.17786E-1 2.38636E-1 2.44661E-1 2.3236E-1 1.17486E-1 1.03505E-1 9.67115E-2 5.60797E-2 3.87825E-2 3.3504E-2 3.45553E-2 3.6616E-2 2.93629E-2 2.27732E-2 1.79117E-2 1.79467E-2 2.30288E-2 6.73781E-2 6.14872E-2 6.37671E-2 5.74162E-2 3.92619E-2 2.21171E-2 2.42132E-2 3.00288E-2 3.19341E-2 3.17338E-2 2.80275E-2 2.46054E-2
5.52648E-1 5.21673E-1 5.46689E-1 5.17458E-1 3.53601E-1 8.49423E-2 3.24352E-2 1.63191E-2 4.26497E-3 4.55943E-2 9.03949E-2 9.26895E-2 4.1354E-1 1.29522E-1 8.03579E-2 6.34882E-1 4.75615E-1 1.96359E-1 1.79374E-1 1.75851E-1 1.60131E-1 1.25883E-1 1.06051E-1 8.54463E-2 8.32408E-2 1.08241E-1 1.03104E-1 4.66482E-2 5.39602E-2 2.25669E-1 2.91558E-1 2.95355E-1 2.82323E-1 3.34658E-1 2.81483E-1 1.33125E-1 5.45358E-2 3.97706E-2 5.7003E-2 4.78072E-2 3.12516E-2 3.02308E-2 3.07388E-2 3.43386E-2 2.31311E-2 1.13984E-2 1.55818E-2 1.87589E-2 3.75381E-2 4.26518E-2 2.57489E-2 2.91958E-2 2.8037E-2 2.85022E-2 2.57509E-2 1.39772E-2 2.14299E-2 2.56763E-2 2.61744E-2 2.3423E-2 2.12711E-2
4.96555E-1 5.16604E-1 5.46619E-1 5.54527E-1 5.00963E-1 3.11088E-1 5.67869E-2 7.57761E-3 3.94419E-3 7.52148E-3 9.0958E-2 6.14171E-2 9.42233E-2 1.045E-1 1.1049E-1 5.11949E-1 5.32483E-1 7.05425E-1 2.90087E-1 2.16977E-1 2.20755E-1 1.97513E-1 1.57672E-1 9.18965E-2 1.13449E-1 1.30963E-1 1.24456E-1 2.90454E-2 4.38052E-2 2.17133E-1 3.04419E-1 3.53308E-1 3.82899E-1 3.38779E-1 1.11644E-1 1.42883E-1 9.20057E-2 3.49511E-2 3.95736E-2 3.55117E-2 3.15553E-2 2.89222E-2 3.66258E-2 4.18776E-2 1.33287E-2 6.45403E-3 9.35484E-3 3.30325E-2 3.75908E-2 1.84575E-2 1.58506E-2 1.71027E-2 1.71225E-2 1.71662E-2 1.63552E-2 1.35531E-2 1.46884E-2 1.52871E-2 2.12294E-2 2.19114E-2 1.8954E-2
4.97613E-1 5.20507E-1 5.15118E-1 5.27788E-1 5.4766E-1 5.16635E-1 1.36207E-1 8.72696E-3 8.45636E-3 4.87028E-3 3.16474E-2 1.52352E-1 6.41907E-2 1.09626E-1 3.39205E-1 1.18815E-1 1.60879E-1 7.34986E-1 5.03937E-1 2.10562E-1 2.53044E-1 2.53961E-1 2.04369E-1 4.71626E-2 2.78514E-2 4.69597E-2 1.4779E-1 1.42642E-1 1.25816E-1 2.79832E-1 2.84986E-1 3.16517E-1 4.34363E-1 3.44705E-1 2.62688E-1 2.90896E-1 8.19181E-2 2.69739E-2 3.21879E-2 2.39124E-2 2.79003E-2 2.92163E-2 3.59089E-2 7.3692E-2 2.68108E-2 6.52268E-3 6.16046E-3 2.98674E-2 1.91992E-2 1.67194E-2 2.02421E-2 1.78291E-2 1.64326E-2 1.87824E-2 1.75919E-2 1.67097E-2 1.35483E-2 1.04391E-2 1.11356E-2 1.41913E-2 1.93401E-2
5.01391E-1 5.00299E-1 5.057E-1 5.26247E-1 5.29639E-1 4.77719E-1 2.15821E-1 2.8148E-2 2.06897E-2 8.94956E-3 2.48171E-2 1.008E-1 4.62239E-2 9.44028E-2 3.04986E-1 2.52692E-1 6.55641E-2 6.86798E-1 5.599E-1 2.1126E-1 2.98807E-1 2.719E-1 2.23024E-1 1.34345E-1 2.55688E-2 2.17002E-2 1.16885E-1 3.37957E-1 3.91268E-1 3.46085E-1 3.28603E-1 3.82467E-1 4.87187E-1 2.57695E-1 3.17095E-1 3.37483E-1 6.84299E-2 2.25789E-2 4.65225E-2 6.81534E-2 6.23212E-2 8.26667E-2 7.04344E-2 4.52707E-2 6.45575E-2 2.96441E-2 8.8774E-3 2.84341E-2 2.64554E-2 2.55017E-2 2.67465E-2 2.3506E-2 2.1689E-2 2.28326E-2 1.9652E-2 1.59552E-2 1.24516E-2 1.231E-2 1.11058E-2 1.0252E-2 1.72489E-2
5.10937E-1 5.04575E-1 4.94775E-1 4.97398E-1 5.1521E-1 5.4687E-1 3.80742E-1 6.83047E-2 3.83669E-2 1.40014E-2 2.69573E-2 1.48334E-1 1.00506E-1 5.96527E-2 1.91851E-1 4.64922E-1 6.90169E-2 5.6312E-1 6.90077E-1 1.66241E-1 2.5815E-1 3.22154E-1 2.15026E-1 1.7887E-1 1.31318E-1 7.2034E-2 1.62699E-1 3.53149E-1 4.55482E-1 4.50053E-1 5.84531E-1 4.75563E-1 5.58611E-1 4.56765E-1 4.25587E-1 2.34441E-1 8.47651E-2 3.58716E-2 5.97692E-2 1.28706E-1 3.49321E-2 2.49279E-2 2.16382E-2 2.95158E-2 1.73028E-2 3.88517E-2 4.6057E-2 5.24484E-2 3.4882E-2 3.74931E-2 3.9726E-2 3.23167E-2 2.61952E-2 2.4169E-2 1.87421E-2 1.56488E-2 1.36568E-2 1.17747E-2 1.15446E-2 1.24218E-2 1.583E-2
