maxent_outputs/white_flowers_troch_bombus_environ/white_117.asc
ncols         426
nrows         180
xllcorner     -130.0
yllcorner     24.0
cellsize      0.16666666666666666
NODATA_value  -9999
[rows 27 to 53 of 180, columns 244 to 304 of 426]
3.52211E-1 3.61765E-1 3.91049E-1 4.36631E-1 4.71537E-1 5.04759E-1 4.86799E-1 4.22956E-1 4.00631E-1 3.91414E-1 3.83183E-1 3.94667E-1 3.94764E-1 3.8788E-1 4.3817E-1 3.89847E-1 3.89124E-1 3.8894E-1 3.94422E-1 3.87783E-1 3.76842E-1 3.79686E-1 3.86155E-1 3.81363E-1 3.80753E-1 4.01142E-1 3.89229E-1 3.85261E-1 3.84441E-1 3.8289E-1 3.84643E-1 3.88083E-1 3.9144E-1 3.93681E-1 4.02484E-1 4.02822E-1 3.9687E-1 3.99797E-1 3.98319E-1 3.95001E-1 3.97825E-1 3.98754E-1 3.98109E-1 3.91972E-1 3.773E-1 3.71526E-1 3.70984E-1 3.77208E-1 3.87897E-1 3.91124E-1 3.83475E-1 3.89287E-1 3.95534E-1 3.89017E-1 3.8686E-1 3.82442E-1 3.71393E-1 3.66633E-1 3.6562E-1 3.61035E-1 3.56628E-1
3.57377E-1 3.73018E-1 3.96948E-1 3.91729E-1 3.92998E-1 4.21128E-1 4.22447E-1 4.1306E-1 4.03675E-1 3.91738E-1 3.7464E-1 4.01988E-1 3.88374E-1 4.05453E-1 3.85326E-1 3.82916E-1 3.95034E-1 4.14698E-1 4.06231E-1 4.03177E-1 3.91513E-1 3.69996E-1 3.78534E-1 3.91883E-1 3.93436E-1 3.94165E-1 3.88012E-1 3.88025E-1 3.91394E-1 3.87849E-1 3.88358E-1 3.93882E-1 3.86969E-1 3.94905E-1 4.00012E-1 4.03336E-1 4.02536E-1 3.98766E-1 3.88902E-1 3.89444E-1 3.96968E-1 3.93642E-1 3.91294E-1 3.95056E-1 3.91056E-1 3.90009E-1 3.87464E-1 3.87062E-1 4.03831E-1 3.96824E-1 3.901E-1 3.89053E-1 3.89298E-1 3.78072E-1 3.80071E-1 3.80917E-1 3.69806E-1 3.66838E-1 3.74871E-1 3.60419E-1 3.66297E-1
3.57545E-1 3.74551E-1 3.93516E-1 3.98586E-1 4.04528E-1 4.14105E-1 4.51199E-1 4.44561E-1 4.09044E-1 4.06529E-1 4.17971E-1 4.21165E-1 4.0133E-1 4.09988E-1 3.85277E-1 3.94259E-1 4.35859E-1 4.50296E-1 4.39553E-1 4.26159E-1 3.85821E-1 3.86882E-1 3.89348E-1 4.06178E-1 4.10333E-1 4.05172E-1 3.98245E-1 4.02497E-1 3.9908E-1 3.99738E-1 4.02903E-1 3.98585E-1 3.96738E-1 3.98179E-1 3.96049E-1 4.09207E-1 4.09893E-1 4.15223E-1 4.08542E-1 4.05167E-1 4.128E-1 3.95959E-1 3.91307E-1 3.95285E-1 3.92515E-1 3.99459E-1 3.99083E-1 3.97253E-1 3.97081E-1 3.96149E-1 3.92181E-1 3.87541E-1 3.80952E-1 3.86303E-1 3.9E-1 3.87514E-1 3.79601E-1 3.79784E-1 3.86282E-1 3.66016E-1 3.69375E-1
3.6371E-1 3.67962E-1 3.92373E-1 4.10514E-1 4.18182E-1 4.32013E-1 4.83796E-1 5.31967E-1 5.25573E-1 5.44175E-1 5.15415E-1 4.74537E-1 4.46894E-1 4.48014E-1 4.5925E-1 4.37923E-1 4.47638E-1 4.67464E-1 4.63459E-1 4.47108E-1 4.24658E-1 4.21194E-1 4.17372E-1 4.08661E-1 4.05483E-1 3.93758E-1 4.06313E-1 4.0684E-1 4.00642E-1 4.28044E-1 4.02427E-1 4.01119E-1 3.99859E-1 3.95328E-1 4.03493E-1 4.22909E-1 4.0968E-1 4.02277E-1 4.06055E-1 4.04584E-1 4.00243E-1 4.02756E-1 3.92662E-1 3.87982E-1 3.91241E-1 3.98891E-1 4.01667E-1 4.01689E-1 3.9584E-1 3.96909E-1 3.93077E-1 3.90586E-1 3.8241E-1 3.88821E-1 3.92689E-1 4.2288E-1 4.17693E-1 3.97164E-1 3.95254E-1 3.7693E-1 3.72041E-1
3.74618E-1 3.76983E-1 3.93595E-1 4.10479E-1 4.52513E-1 5.03085E-1 4.60699E-1 5.11834E-1 5.58325E-1 6.06456E-1 6.50278E-1 6.57427E-1 6.12592E-1 5.79093E-1 5.89673E-1 5.93973E-1 5.749E-1 5.68015E-1 4.90083E-1 4.46089E-1 4.29272E-1 4.37814E-1 4.45824E-1 4.06431E-1 3.94799E-1 4.04077E-1 4.06243E-1 4.14501E-1 4.00677E-1 4.09006E-1 4.06891E-1 4.09362E-1 4.0743E-1 4.02166E-1 4.13105E-1 4.16391E-1 4.11799E-1 4.01723E-1 3.98579E-1 4.00805E-1 3.8707E-1 3.89151E-1 3.93911E-1 3.97223E-1 3.93535E-1 3.90635E-1 4.00585E-1 4.05938E-1 4.01985E-1 4.01001E-1 4.00426E-1 3.93139E-1 3.95882E-1 4.03531E-1 4.10923E-1 4.3441E-1 4.37176E-1 4.15364E-1 4.27663E-1 3.93522E-1 3.87366E-1
3.9942E-1 4.2464E-1 4.87718E-1 4.95558E-1 5.38893E-1 5.52858E-1 6.33785E-1 6.70609E-1 6.83791E-1 6.89213E-1 6.86879E-1 6.88705E-1 6.83782E-1 6.72723E-1 6.6438E-1 6.66507E-1 6.58158E-1 6.45665E-1 5.60058E-1 4.61679E-1 4.43742E-1 4.25159E-1 4.14386E-1 4.06946E-1 4.05589E-1 4.15955E-1 4.0534E-1 4.02154E-1 4.19179E-1 4.04224E-1 4.14967E-1 3.94443E-1 4.00243E-1 4.07824E-1 4.11192E-1 4.09246E-1 4.06524E-1 4.01751E-1 4.01598E-1 3.98475E-1 3.92845E-1 3.85589E-1 3.9285E-1 3.93113E-1 3.99901E-1 4.03359E-1 4.14807E-1 4.13928E-1 4.07877E-1 4.04803E-1 4.15287E-1 4.07193E-1 3.99614E-1 4.00946E-1 4.01678E-1 3.9886E-1 4.24536E-1 4.27608E-1 4.3439E-1 4.22237E-1 4.11008E-1
4.66488E-1 5.95177E-1 6.05322E-1 5.67822E-1 6.32048E-1 6.7578E-1 6.85227E-1 6.85175E-1 6.88942E-1 6.87565E-1 6.87533E-1 6.91511E-1 6.90746E-1 6.77977E-1 6.74803E-1 6.80432E-1 6.73773E-1 6.55159E-1 6.21416E-1 4.96935E-1 4.5539E-1 4.36906E-1 4.19512E-1 4.12317E-1 4.18217E-1 4.20086E-1 4.07869E-1 4.15839E-1 4.19511E-1 4.21647E-1 4.32865E-1 4.27215E-1 4.22433E-1 4.46026E-1 4.34846E-1 4.19542E-1 4.17271E-1 4.00877E-1 4.0692E-1 3.93729E-1 3.86852E-1 3.8433E-1 3.90028E-1 3.96302E-1 4.05272E-1 4.13031E-1 4.09079E-1 4.15933E-1 4.12274E-1 4.21808E-1 4.24399E-1 4.18653E-1 4.15508E-1 4.16964E-1 4.11465E-1 4.08505E-1 4.25288E-1 4.20822E-1 4.25853E-1 4.27854E-1 4.3507E-1
5.52691E-1 6.13653E-1 6.58677E-1 6.72863E-1 6.77265E-1 6.75507E-1 6.84063E-1 6.82806E-1 6.84538E-1 6.87525E-1 6.89214E-1 6.9143E-1 6.87843E-1 6.86033E-1 6.79758E-1 6.83437E-1 6.80655E-1 6.69769E-1 6.43678E-1 5.47645E-1 4.60939E-1 4.46433E-1 4.35307E-1 4.19929E-1 4.17839E-1 4.26524E-1 4.23461E-1 4.38408E-1 4.3631E-1 4.30832E-1 4.54351E-1 4.54598E-1 4.34824E-1 4.23044E-1 4.17648E-1 4.13074E-1 4.21213E-1 4.04967E-1 3.96839E-1 3.97438E-1 4.00472E-1 3.92003E-1 3.96617E-1 3.98985E-1 4.02695E-1 4.0927E-1 4.06053E-1 4.1175E-1 4.14525E-1 4.2108E-1 4.21172E-1 4.16143E-1 4.28557E-1 4.24057E-1 4.36367E-1 4.34206E-1 4.33829E-1 4.29919E-1 4.3603E-1 4.46556E-1 4.35184E-1
6.62717E-1 6.71771E-1 6.40048E-1 6.20359E-1 6.22381E-1 6.52842E-1 6.6885E-1 6.81837E-1 6.89098E-1 6.93553E-1 6.97118E-1 7.00983E-1 6.9657E-1 6.92631E-1 6.9128E-1 6.86351E-1 6.82977E-1 6.82482E-1 6.69086E-1 6.38776E-1 5.7027E-1 4.93289E-1 4.65833E-1 4.60248E-1 4.53812E-1 4.5376E-1 4.68504E-1 4.60226E-1 4.60256E-1 4.7274E-1 4.55962E-1 4.5164E-1 4.44082E-1 4.25995E-1 4.27594E-1 4.28811E-1 4.31035E-1 4.26194E-1 4.02956E-1 4.09438E-1 4.12136E-1 4.13566E-1 4.26379E-1 4.0485E-1 4.04531E-1 3.98844E-1 4.03251E-1 4.13163E-1 4.09989E-1 4.18409E-1 4.26672E-1 4.29604E-1 4.32555E-1 4.32251E-1 4.38815E-1 4.47514E-1 4.3927E-1 4.47446E-1 4.50119E-1 4.46791E-1 4.44973E-1
6.61161E-1 6.10431E-1 6.41702E-1 6.62547E-1 6.60204E-1 6.6218E-1 6.71183E-1 6.78988E-1 6.92533E-1 7.00004E-1 7.01229E-1 7.02724E-1 7.01956E-1 6.98018E-1 7.09372E-1 7.04668E-1 7.04616E-1 7.02768E-1 6.94916E-1 6.807E-1 6.52633E-1 6.3272E-1 6.10105E-1 6.13632E-1 6.38882E-1 6.47412E-1 6.20789E-1 5.29881E-1 5.01886E-1 4.83038E-1 4.71039E-1 4.49592E-1 4.60297E-1 4.44824E-1 4.36095E-1 4.29932E-1 4.32013E-1 4.18403E-1 4.11854E-1 4.18519E-1 4.18283E-1 4.20539E-1 4.07289E-1 4.0502E-1 4.10048E-1 4.06876E-1 4.22461E-1 4.27109E-1 4.28482E-1 4.30679E-1 4.30351E-1 4.34615E-1 4.31849E-1 4.3205E-1 4.43026E-1 4.4688E-1 4.46264E-1 4.54855E-1 4.55843E-1 4.51525E-1 4.56589E-1
6.69772E-1 6.68677E-1 6.74156E-1 6.72793E-1 6.73366E-1 6.74756E-1 6.7439E-1 6.84278E-1 6.95291E-1 6.98039E-1 6.97597E-1 7.00956E-1 7.01532E-1 6.98698E-1 7.12564E-1 7.07951E-1 7.01969E-1 7.03741E-1 6.99521E-1 6.90542E-1 6.43606E-1 6.12773E-1 6.41596E-1 6.6233E-1 6.62589E-1 6.67938E-1 6.01681E-1 5.39607E-1 5.18679E-1 5.01524E-1 5.02172E-1 4.88522E-1 4.66317E-1 4.47182E-1 4.52019E-1 4.26796E-1 4.15763E-1 4.09573E-1 4.26458E-1 4.3304E-1 4.30069E-1 4.17505E-1 4.33812E-1 4.40897E-1 4.23178E-1 4.16265E-1 4.26965E-1 4.32226E-1 4.26852E-1 4.36333E-1 4.40151E-1 4.34803E-1 4.34215E-1 4.37565E-1 4.48037E-1 4.49776E-1 4.4522E-1 4.5385E-1 4.64408E-1 4.4895E-1 4.60657E-1
6.67468E-1 6.73795E-1 6.71895E-1 6.76088E-1 6.78427E-1 6.79033E-1 6.75508E-1 6.71207E-1 6.67682E-1 6.7614E-1 6.87827E-1 6.9039E-1 6.91667E-1 6.96443E-1 7.09134E-1 7.07811E-1 7.03719E-1 7.04332E-1 7.06723E-1 6.98913E-1 6.79496E-1 6.73769E-1 6.71086E-1 6.76853E-1 6.7313E-1 6.80974E-1 6.1771E-1 5.74467E-1 5.4532E-1 5.28756E-1 5.07732E-1 5.06046E-1 4.85711E-1 4.75986E-1 4.66926E-1 4.41525E-1 4.36246E-1 4.31681E-1 4.29357E-1 4.31246E-1 4.37328E-1 4.28611E-1 4.32723E-1 4.2611E-1 4.30184E-1 4.29163E-1 4.25081E-1 4.28811E-1 4.24376E-1 4.30103E-1 4.45016E-1 4.45339E-1 4.41303E-1 4.4478E-1 4.57853E-1 4.59863E-1 4.56872E-1 4.63629E-1 4.84546E-1 4.71145E-1 4.81748E-1
6.64886E-1 6.70339E-1 6.68099E-1 6.69171E-1 6.66781E-1 6.5563E-1 6.21031E-1 6.09501E-1 6.21514E-1 6.25264E-1 6.45878E-1 6.63978E-1 6.74819E-1 6.88298E-1 7.06865E-1 7.07059E-1 7.04174E-1 7.03434E-1 7.02372E-1 6.98812E-1 6.90226E-1 6.87894E-1 6.87149E-1 6.93779E-1 6.93901E-1 6.90514E-1 7.00207E-1 6.69171E-1 5.93404E-1 5.41186E-1 5.2278E-1 5.17672E-1 5.0438E-1 4.98237E-1 4.84548E-1 4.7213E-1 4.60001E-1 4.62595E-1 4.63298E-1 4.6293E-1 4.65455E-1 4.47203E-1 4.30355E-1 4.34057E-1 4.34446E-1 4.29065E-1 4.24741E-1 4.16949E-1 4.13239E-1 4.27174E-1 4.373E-1 4.5213E-1 4.52788E-1 4.57954E-1 4.67606E-1 4.73758E-1 4.8051E-1 4.82657E-1 5.16745E-1 4.81834E-1 4.79844E-1
6.63694E-1 6.63031E-1 6.59582E-1 6.48169E-1 6.04354E-1 5.60845E-1 5.98075E-1 6.35825E-1 6.4E-1 6.31891E-1 6.31157E-1 6.42377E-1 6.55569E-1 6.74229E-1 6.99265E-1 7.02712E-1 7.02616E-1 6.99084E-1 6.95541E-1 6.95778E-1 6.90716E-1 6.93449E-1 6.94628E-1 6.9722E-1 6.97496E-1 6.98527E-1 7.07383E-1 6.92105E-1 6.23605E-1 5.48932E-1 5.43165E-1 5.24685E-1 5.15908E-1 5.03412E-1 4.9613E-1 4.89599E-1 4.83904E-1 4.801E-1 4.74947E-1 4.72204E-1 4.75343E-1 4.62591E-1 4.63469E-1 4.50061E-1 4.46868E-1 4.29662E-1 4.41357E-1 4.24736E-1 4.33959E-1 4.4566E-1 4.45975E-1 4.52298E-1 4.606E-1 4.64707E-1 4.90823E-1 4.86358E-1 4.93067E-1 4.932E-1 5.04726E-1 5.13642E-1 4.95643E-1
6.55945E-1 6.57259E-1 6.25888E-1 5.79812E-1 5.65721E-1 5.91033E-1 6.39841E-1 6.43848E-1 6.37444E-1 6.30969E-1 6.34798E-1 6.41625E-1 6.55644E-1 6.63381E-1 6.87747E-1 6.93284E-1 6.93908E-1 6.91024E-1 6.87046E-1 6.87403E-1 6.78334E-1 6.90337E-1 6.96742E-1 6.97448E-1 6.99278E-1 7.00133E-1 7.08546E-1 6.72311E-1 5.85492E-1 5.73821E-1 5.63749E-1 5.42957E-1 5.35385E-1 5.24138E-1 5.09607E-1 5.01984E-1 5.00013E-1 4.91651E-1 4.83164E-1 4.79557E-1 4.84042E-1 4.72836E-1 4.61805E-1 4.63822E-1 4.65126E-1 4.44948E-1 4.53461E-1 4.47782E-1 4.50382E-1 4.54615E-1 4.45484E-1 4.5486E-1 4.71275E-1 4.79086E-1 4.98443E-1 5.20989E-1 5.05227E-1 5.10004E-1 5.11161E-1 5.34563E-1 5.27045E-1
6.02745E-1 5.7085E-1 5.44577E-1 5.39197E-1 5.48991E-1 6.02946E-1 6.2085E-1 6.15481E-1 6.10837E-1 6.23133E-1 6.27781E-1 6.40218E-1 6.4935E-1 6.51342E-1 6.58395E-1 6.59673E-1 6.66598E-1 6.68389E-1 6.59934E-1 6.5552E-1 6.60261E-1 6.70772E-1 6.79477E-1 6.81642E-1 6.83164E-1 6.88435E-1 7.02455E-1 7.03918E-1 6.76003E-1 6.36257E-1 5.8842E-1 5.59415E-1 5.54753E-1 5.29674E-1 5.26264E-1 5.18938E-1 5.16656E-1 5.10783E-1 4.98367E-1 4.92136E-1 4.95842E-1 4.88636E-1 4.75029E-1 4.8223E-1 4.85799E-1 4.74579E-1 4.65689E-1 4.55303E-1 4.58033E-1 4.58373E-1 4.67575E-1 4.78328E-1 4.84724E-1 4.98351E-1 5.16846E-1 5.41868E-1 5.25824E-1 5.19244E-1 5.22023E-1 5.26583E-1 5.49991E-1
5.41098E-1 5.13051E-1 5.05159E-1 5.2541E-1 5.32825E-1 5.44084E-1 5.26443E-1 5.21964E-1 5.27483E-1 5.54814E-1 5.96994E-1 6.31403E-1 6.35358E-1 6.41109E-1 6.51011E-1 6.51376E-1 6.54197E-1 6.50373E-1 6.42916E-1 6.29594E-1 6.23084E-1 6.33875E-1 6.51549E-1 6.42999E-1 6.36744E-1 6.39697E-1 6.85681E-1 6.94279E-1 6.95494E-1 6.29658E-1 5.80285E-1 5.75103E-1 5.60515E-1 5.48103E-1 5.36779E-1 5.26627E-1 5.1494E-1 5.10245E-1 5.04902E-1 5.1773E-1 5.02813E-1 5.02973E-1 5.13166E-1 5.07819E-1 5.00859E-1 4.99014E-1 4.86667E-1 4.79427E-1 4.76957E-1 4.71845E-1 4.79148E-1 5.49861E-1 5.22077E-1 5.31805E-1 5.26686E-1 5.30277E-1 5.40341E-1 5.31547E-1 5.20571E-1 5.21134E-1 5.26255E-1
5.02358E-1 4.94675E-1 4.7507E-1 4.8804E-1 4.81755E-1 4.77815E-1 4.76771E-1 4.8476E-1 4.87843E-1 5.06654E-1 5.34315E-1 5.94605E-1 6.26986E-1 6.20456E-1 6.29131E-1 6.4198E-1 6.46982E-1 6.33629E-1 5.96493E-1 5.73035E-1 5.69429E-1 5.65982E-1 5.59144E-1 5.62678E-1 5.69222E-1 5.84618E-1 6.66124E-1 6.7846E-1 6.59647E-1 5.84234E-1 5.73232E-1 5.75038E-1 5.78157E-1 5.62056E-1 5.47973E-1 5.48284E-1 5.30332E-1 5.36417E-1 5.3269E-1 5.30202E-1 5.25735E-1 5.30321E-1 5.34021E-1 5.40355E-1 5.26675E-1 5.14847E-1 5.0622E-1 5.1962E-1 5.15863E-1 4.83798E-1 4.63475E-1 4.95019E-1 5.28426E-1 5.45E-1 5.48967E-1 5.46356E-1 5.37234E-1 5.38085E-1 5.2743E-1 5.23062E-1 5.22266E-1
4.86346E-1 4.70715E-1 4.59663E-1 4.59075E-1 4.63325E-1 4.61753E-1 4.71677E-1 4.76576E-1 4.79237E-1 4.90807E-1 5.02263E-1 5.16901E-1 5.46421E-1 5.54333E-1 5.74407E-1 5.96513E-1 6.06061E-1 5.88818E-1 5.70594E-1 5.45692E-1 5.36253E-1 5.56985E-1 5.47357E-1 5.53563E-1 5.68927E-1 5.69227E-1 5.88092E-1 5.83728E-1 5.76319E-1 5.60041E-1 5.72025E-1 5.83087E-1 5.84003E-1 5.76077E-1 5.63555E-1 5.692E-1 5.6147E-1 5.56969E-1 5.60584E-1 5.40946E-1 5.49712E-1 5.59489E-1 5.50512E-1 5.57506E-1 5.46872E-1 5.32114E-1 5.26474E-1 5.36795E-1 5.4574E-1 5.26648E-1 4.98388E-1 5.28218E-1 5.47821E-1 5.62478E-1 5.66244E-1 5.68409E-1 5.60973E-1 5.48583E-1 5.24836E-1 5.13589E-1 5.1851E-1
4.51113E-1 4.49281E-1 4.53853E-1 4.53542E-1 4.54985E-1 4.57825E-1 4.68173E-1 4.74048E-1 4.88825E-1 5.00426E-1 5.10283E-1 5.04851E-1 5.19415E-1 5.23908E-1 5.23129E-1 5.46196E-1 5.80594E-1 5.85482E-1 5.60823E-1 5.55352E-1 5.792E-1 5.81796E-1 5.76382E-1 5.62241E-1 5.77055E-1 5.6626E-1 5.44938E-1 5.45608E-1 5.22059E-1 5.28547E-1 5.5353E-1 5.80029E-1 5.79089E-1 6.24833E-1 6.37729E-1 6.21992E-1 5.89328E-1 5.56597E-1 5.64509E-1 5.94807E-1 5.84801E-1 5.93077E-1 5.80756E-1 5.73399E-1 5.75282E-1 5.63829E-1 5.57843E-1 5.75833E-1 5.83401E-1 5.50756E-1 5.4555E-1 5.58717E-1 5.6932E-1 5.82355E-1 5.84694E-1 5.93811E-1 5.96732E-1 5.99963E-1 5.86358E-1 5.42622E-1 5.11199E-1
4.18505E-1 4.27196E-1 4.39877E-1 4.50444E-1 4.49423E-1 4.642E-1 4.63728E-1 4.72321E-1 4.90056E-1 4.95318E-1 5.11099E-1 5.13133E-1 5.22749E-1 5.34292E-1 5.45164E-1 5.59172E-1 5.75487E-1 5.84484E-1 5.7761E-1 5.81443E-1 5.94702E-1 5.98372E-1 6.05446E-1 6.21315E-1 6.04867E-1 5.80702E-1 5.63647E-1 5.58643E-1 5.55697E-1 5.36527E-1 5.3788E-1 5.57447E-1 5.7553E-1 5.9145E-1 6.16229E-1 6.55602E-1 6.50361E-1 6.34319E-1 6.35879E-1 6.49449E-1 6.61003E-1 6.58222E-1 6.42598E-1 6.2693E-1 6.05345E-1 6.00461E-1 5.95293E-1 5.83686E-1 5.82153E-1 5.70045E-1 5.7027E-1 5.72645E-1 5.86824E-1 5.90943E-1 5.92362E-1 5.87712E-1 5.76326E-1 5.69752E-1 5.52155E-1 5.23405E-1 5.07491E-1
4.15679E-1 4.23667E-1 4.41743E-1 4.54082E-1 4.60272E-1 4.67527E-1 4.67928E-1 4.78285E-1 4.9595E-1 5.02143E-1 5.1019E-1 5.19014E-1 5.29792E-1 5.45857E-1 5.58592E-1 5.80419E-1 5.89883E-1 5.81821E-1 6.2275E-1 6.43128E-1 6.39655E-1 6.47089E-1 6.48283E-1 6.49707E-1 6.42336E-1 6.32845E-1 5.95612E-1 5.78126E-1 5.89607E-1 6.0393E-1 6.13242E-1 6.12456E-1 6.07998E-1 6.13137E-1 6.16775E-1 6.14331E-1 6.2001E-1 6.11468E-1 5.96429E-1 6.20428E-1 6.21997E-1 6.14588E-1 6.26789E-1 6.21921E-1 5.97931E-1 6.4691E-1 6.63623E-1 6.68035E-1 6.57787E-1 6.45672E-1 6.41094E-1 5.97073E-1 5.98157E-1 6.06361E-1 5.99099E-1 5.92325E-1 5.83496E-1 5.70162E-1 5.48943E-1 5.34442E-1 5.32872E-1
4.18202E-1 4.27916E-1 4.48254E-1 4.49597E-1 4.55454E-1 4.61221E-1 4.72701E-1 4.79318E-1 4.9559E-1 5.08324E-1 5.13502E-1 5.28186E-1 5.39292E-1 5.71784E-1 5.89341E-1 6.15226E-1 6.07865E-1 6.5327E-1 6.61836E-1 6.58598E-1 6.55876E-1 6.5026E-1 6.15579E-1 6.25649E-1 6.48177E-1 6.25474E-1 5.93303E-1 5.74872E-1 5.68232E-1 5.78801E-1 6.18376E-1 6.21385E-1 6.2517E-1 6.36795E-1 6.53074E-1 6.6162E-1 6.66773E-1 6.6264E-1 6.67442E-1 6.7007E-1 6.69029E-1 6.37384E-1 6.31007E-1 6.07351E-1 6.24897E-1 6.34749E-1 6.80544E-1 6.9197E-1 6.9372E-1 6.96751E-1 7.01163E-1 6.96725E-1 6.27649E-1 6.18809E-1 6.24475E-1 6.12352E-1 5.94277E-1 5.81505E-1 5.66985E-1 5.55713E-1 5.48626E-1
4.28613E-1 4.28987E-1 4.42681E-1 4.56794E-1 4.59307E-1 4.67692E-1 4.78744E-1 4.90566E-1 5.13012E-1 5.29617E-1 5.32339E-1 5.52887E-1 6.01472E-1 6.55335E-1 6.62087E-1 6.45607E-1 6.49489E-1 6.66844E-1 6.59655E-1 6.53069E-1 6.52037E-1 6.53443E-1 6.31449E-1 6.56154E-1 6.56071E-1 6.01649E-1 5.65318E-1 5.6149E-1 5.51126E-1 5.51335E-1 5.68016E-1 6.12585E-1 6.37656E-1 6.49709E-1 6.59341E-1 6.6727E-1 6.71368E-1 6.73403E-1 6.83914E-1 6.84204E-1 6.91374E-1 7.0051E-1 6.92715E-1 6.61764E-1 6.57125E-1 6.74303E-1 7.00678E-1 6.98904E-1 7.01321E-1 7.0706E-1 7.11248E-1 7.12456E-1 6.94645E-1 6.40637E-1 6.22506E-1 6.21619E-1 6.07926E-1 6.06042E-1 5.90804E-1 5.70594E-1 5.71665E-1
4.2876E-1 4.37492E-1 4.45944E-1 4.52862E-1 4.70159E-1 4.76533E-1 4.85337E-1 5.0265E-1 5.21885E-1 5.49365E-1 5.51284E-1 5.7904E-1 6.52597E-1 6.6243E-1 6.37448E-1 6.56409E-1 6.70779E-1 6.63096E-1 6.56916E-1 6.5305E-1 6.51698E-1 6.51557E-1 6.54767E-1 6.59472E-1 6.56533E-1 6.09021E-1 5.65322E-1 5.63081E-1 5.62101E-1 5.53297E-1 5.59085E-1 5.67996E-1 5.73486E-1 6.0332E-1 6.54744E-1 6.75968E-1 6.78405E-1 6.82505E-1 6.8735E-1 6.90362E-1 6.93704E-1 7.01097E-1 7.07203E-1 7.01195E-1 7.1002E-1 7.05133E-1 7.09245E-1 7.10438E-1 7.0948E-1 7.19639E-1 7.24547E-1 7.25779E-1 7.26672E-1 6.84203E-1 6.26392E-1 6.23567E-1 6.16925E-1 6.27893E-1 6.08581E-1 5.95058E-1 5.85922E-1
4.29702E-1 4.26173E-1 4.48421E-1 4.62381E-1 4.76925E-1 4.9122E-1 5.03767E-1 5.1926E-1 5.4432E-1 5.65149E-1 5.77383E-1 6.38703E-1 6.54302E-1 6.22934E-1 6.49013E-1 6.62644E-1 6.69778E-1 6.6713E-1 6.60467E-1 6.56734E-1 6.55374E-1 6.57615E-1 6.4802E-1 6.45695E-1 5.90292E-1 5.7323E-1 5.56122E-1 5.62025E-1 5.46547E-1 5.4823E-1 5.46208E-1 5.54602E-1 5.50055E-1 5.50585E-1 5.78575E-1 6.19644E-1 6.89189E-1 6.87251E-1 6.93592E-1 6.97556E-1 7.03244E-1 7.06237E-1 7.12535E-1 7.18188E-1 7.18202E-1 7.09645E-1 6.97855E-1 7.04259E-1 7.17587E-1 7.31271E-1 7.32853E-1 7.34169E-1 7.34612E-1 7.26473E-1 6.70435E-1 6.35638E-1 6.22182E-1 6.38856E-1 6.52563E-1 6.25868E-1 6.11067E-1
4.42707E-1 4.44077E-1 4.68992E-1 4.8184E-1 5.06075E-1 5.11166E-1 5.15887E-1 5.34193E-1 5.52849E-1 5.74833E-1 6.25573E-1 6.69817E-1 6.03455E-1 6.29986E-1 6.72546E-1 6.7137E-1 6.69603E-1 6.62941E-1 6.64945E-1 6.39832E-1 6.58927E-1 6.41387E-1 6.04243E-1 6.19893E-1 5.7064E-1 5.47595E-1 5.37215E-1 5.40823E-1 5.39551E-1 5.46359E-1 5.43576E-1 5.39558E-1 5.39432E-1 5.52376E-1 5.74361E-1 6.01778E-1 6.61701E-1 6.99992E-1 6.99583E-1 7.05261E-1 7.09283E-1 7.17261E-1 7.20756E-1 7.26102E-1 7.20578E-1 7.2347E-1 7.25084E-1 6.8348E-1 7.08913E-1 7.38605E-1 7.43502E-1 7.46614E-1 7.45845E-1 7.43493E-1 7.37407E-1 6.8602E-1 6.453E-1 6.53222E-1 6.74561E-1 6.57704E-1 6.2737E-1
