maxent_outputs/white_flowers_troch_bombus_environ/white_72.asc
ncols         426
nrows         180
xllcorner     -130.0
yllcorner     24.0
cellsize      0.16666666666666666
NODATA_value  -9999
[rows 0 to 26 of 180, columns 183 to 243 of 426]
6.15221E-2 5.47309E-2 5.58466E-2 6.02629E-2 5.87959E-2 5.58804E-2 5.7525E-2 7.0097E-2 7.25808E-2 6.97003E-2 6.19894E-2 6.24946E-2 5.71656E-2 5.60547E-2 5.82889E-2 5.69231E-2 5.81216E-2 5.74783E-2 5.64783E-2 5.76667E-2 6.22805E-2 5.97063E-2 5.76046E-2 5.93639E-2 5.92721E-2 5.89196E-2 6.03214E-2 6.004E-2 6.36116E-2 5.94488E-2 5.86011E-2 5.82871E-2 5.74822E-2 5.93736E-2 5.77004E-2 5.6279E-2 5.58321E-2 5.63798E-2 5.79171E-2 5.80276E-2 5.80586E-2 5.82899E-2 5.7848E-2 5.65746E-2 6.01225E-2 5.84662E-2 5.9749E-2 6.1317E-2 6.50838E-2 6.32181E-2 6.1814E-2 6.53709E-2 6.7898E-2 6.25778E-2 6.50004E-2 6.18504E-2 6.0948E-2 5.73453E-2 5.72174E-2 5.82221E-2 5.66735E-2
5.64281E-2 5.45334E-2 5.88031E-2 9.20724E-2 1.06975E-1 1.08373E-1 1.11991E-1 1.11857E-1 9.81946E-2 8.38976E-2 6.35224E-2 6.40743E-2 6.0652E-2 5.77715E-2 6.03894E-2 5.85219E-2 5.6651E-2 5.55901E-2 5.50506E-2 5.75308E-2 5.77883E-2 5.64142E-2 5.78362E-2 5.79293E-2 5.80744E-2 5.70035E-2 5.99379E-2 5.93623E-2 6.14414E-2 6.42512E-2 6.81163E-2 6.56531E-2 5.98658E-2 5.82561E-2 5.84096E-2 5.83002E-2 5.89095E-2 5.95115E-2 5.82649E-2 5.78386E-2 5.81033E-2 5.56094E-2 5.6733E-2 6.15296E-2 6.58621E-2 6.47575E-2 6.28885E-2 5.97035E-2 6.14424E-2 6.47159E-2 6.2569E-2 6.39582E-2 6.25015E-2 5.97864E-2 6.2694E-2 6.63001E-2 8.0477E-2 8.30486E-2 7.68082E-2 6.22065E-2 6.2615E-2
5.45207E-2 5.4832E-2 7.15987E-2 1.11965E-1 1.12653E-1 1.11336E-1 1.17499E-1 1.19295E-1 1.22026E-1 1.20334E-1 8.65731E-2 6.52852E-2 6.56582E-2 6.12458E-2 5.8963E-2 5.78984E-2 5.60002E-2 5.58878E-2 5.63348E-2 5.89377E-2 5.72324E-2 5.46553E-2 5.38291E-2 5.72083E-2 5.88493E-2 5.66731E-2 5.7416E-2 5.86654E-2 5.96959E-2 5.82793E-2 5.93092E-2 5.85202E-2 5.75708E-2 5.79438E-2 5.76391E-2 5.89381E-2 5.87178E-2 5.9247E-2 6.01747E-2 5.90974E-2 5.98198E-2 5.83809E-2 5.53829E-2 5.37945E-2 5.62156E-2 5.66359E-2 5.76973E-2 5.82529E-2 6.10574E-2 6.11986E-2 6.64341E-2 6.38362E-2 5.98047E-2 5.78547E-2 5.86818E-2 5.97263E-2 5.88188E-2 6.08768E-2 5.93023E-2 5.88991E-2 5.78208E-2
5.81419E-2 6.49058E-2 9.20983E-2 1.17271E-1 1.14147E-1 1.13245E-1 1.13287E-1 1.14612E-1 1.19822E-1 1.24887E-1 1.22645E-1 7.30332E-2 7.21298E-2 6.39262E-2 6.23055E-2 5.85038E-2 5.89254E-2 5.87637E-2 5.7761E-2 5.75945E-2 6.05302E-2 5.6502E-2 5.57631E-2 5.71828E-2 5.61469E-2 5.74151E-2 5.66298E-2 5.66852E-2 5.86825E-2 5.76933E-2 5.78002E-2 6.00722E-2 5.79742E-2 5.76209E-2 5.6664E-2 5.6665E-2 5.80493E-2 5.73071E-2 5.68669E-2 5.87936E-2 5.86705E-2 5.63706E-2 5.49244E-2 5.29618E-2 5.32643E-2 5.34111E-2 6.15235E-2 6.02901E-2 6.07829E-2 6.31598E-2 6.44011E-2 6.97965E-2 6.28388E-2 5.92171E-2 5.98968E-2 5.84003E-2 5.86315E-2 5.83875E-2 6.06485E-2 5.66721E-2 5.85003E-2
7.7862E-2 8.35384E-2 1.0777E-1 1.15096E-1 1.15456E-1 1.16653E-1 1.18936E-1 1.20275E-1 1.21152E-1 1.24198E-1 1.24481E-1 1.04388E-1 7.58181E-2 6.1913E-2 5.61082E-2 6.0602E-2 6.01501E-2 5.8027E-2 5.806E-2 5.77814E-2 5.73158E-2 5.70584E-2 5.86905E-2 5.70115E-2 5.50787E-2 5.57058E-2 5.5656E-2 5.77784E-2 5.97208E-2 5.9347E-2 5.89087E-2 5.87847E-2 5.85509E-2 5.86897E-2 6.0232E-2 6.08379E-2 5.80678E-2 5.55075E-2 5.43922E-2 5.59586E-2 5.73914E-2 5.74569E-2 5.70185E-2 5.6962E-2 5.70855E-2 5.79429E-2 5.46924E-2 5.67746E-2 5.8855E-2 5.8802E-2 5.99056E-2 6.14282E-2 5.9963E-2 5.89614E-2 5.91815E-2 6.01197E-2 5.88046E-2 6.04967E-2 6.07335E-2 5.66591E-2 5.60246E-2
7.73539E-2 7.37646E-2 8.13384E-2 9.79552E-2 9.67047E-2 9.92721E-2 1.14979E-1 1.23353E-1 1.22093E-1 1.23718E-1 1.25863E-1 1.24238E-1 9.42971E-2 6.33755E-2 6.08923E-2 5.90815E-2 5.97965E-2 5.97399E-2 5.82203E-2 5.75098E-2 5.96901E-2 5.64152E-2 5.54726E-2 5.6903E-2 5.78289E-2 5.87246E-2 5.92184E-2 6.02363E-2 5.8414E-2 5.88799E-2 6.00822E-2 5.90918E-2 5.86565E-2 5.90438E-2 5.80364E-2 6.31076E-2 6.59072E-2 6.29228E-2 6.61448E-2 6.62649E-2 6.85625E-2 6.55237E-2 5.83013E-2 5.86977E-2 5.84226E-2 6.18702E-2 5.61657E-2 5.62501E-2 6.00881E-2 6.22431E-2 6.27855E-2 6.30873E-2 5.96568E-2 5.71527E-2 5.69767E-2 5.67186E-2 5.83994E-2 6.37186E-2 6.30752E-2 6.03666E-2 6.19716E-2
7.56213E-2 6.86471E-2 6.61034E-2 7.42371E-2 9.49382E-2 1.07752E-1 1.18778E-1 1.22132E-1 1.23779E-1 1.24432E-1 1.26899E-1 1.25784E-1 9.71382E-2 7.12455E-2 6.89901E-2 6.33511E-2 6.03364E-2 5.9964E-2 6.12878E-2 5.98251E-2 6.06122E-2 5.92781E-2 5.65954E-2 5.75589E-2 5.80707E-2 5.91906E-2 5.87112E-2 6.01824E-2 5.89697E-2 5.84151E-2 5.8832E-2 5.89476E-2 5.9595E-2 6.20617E-2 5.87942E-2 6.08513E-2 6.36269E-2 6.0376E-2 6.21379E-2 6.27597E-2 6.44268E-2 6.16347E-2 5.83294E-2 5.93944E-2 6.4068E-2 6.61433E-2 6.59069E-2 6.1792E-2 6.6572E-2 6.42921E-2 6.51376E-2 6.6927E-2 6.50915E-2 5.77676E-2 5.57788E-2 5.59323E-2 5.61691E-2 6.28476E-2 6.37873E-2 6.42408E-2 6.76688E-2
7.93675E-2 6.99978E-2 6.98276E-2 7.69214E-2 1.0116E-1 1.17262E-1 1.17856E-1 1.21293E-1 1.24447E-1 1.24768E-1 1.25231E-1 1.26447E-1 1.17609E-1 7.89386E-2 6.86489E-2 6.69494E-2 6.69091E-2 7.26018E-2 6.72969E-2 6.54534E-2 6.20892E-2 6.05121E-2 5.91641E-2 5.82103E-2 5.73243E-2 6.02381E-2 5.8671E-2 5.91536E-2 6.0301E-2 6.01666E-2 5.8546E-2 5.71661E-2 5.91918E-2 5.92938E-2 5.99697E-2 5.98271E-2 6.03994E-2 5.92183E-2 5.7984E-2 5.78457E-2 6.04397E-2 6.33884E-2 6.0571E-2 5.87073E-2 5.88397E-2 5.91296E-2 5.76484E-2 5.77937E-2 6.26328E-2 6.33118E-2 6.24095E-2 6.74051E-2 6.8736E-2 6.78303E-2 5.78393E-2 5.79403E-2 6.05022E-2 5.96222E-2 5.86889E-2 5.87322E-2 5.79687E-2
8.06167E-2 7.46291E-2 7.41297E-2 7.60311E-2 7.429E-2 9.18989E-2 1.1465E-1 1.19391E-1 1.20693E-1 1.18704E-1 1.24322E-1 1.24551E-1 1.20877E-1 1.11706E-1 7.49325E-2 6.57911E-2 6.95205E-2 6.59683E-2 6.92614E-2 7.0302E-2 6.83522E-2 6.43538E-2 6.2187E-2 6.02032E-2 6.13651E-2 6.07928E-2 5.94801E-2 5.99289E-2 5.8529E-2 5.89879E-2 6.05073E-2 5.97938E-2 5.97376E-2 5.90241E-2 6.04291E-2 5.90212E-2 5.97164E-2 6.13814E-2 6.20822E-2 6.03836E-2 5.81864E-2 6.02527E-2 6.25416E-2 6.16766E-2 5.86211E-2 5.79513E-2 5.71036E-2 6.85046E-2 6.48253E-2 6.15268E-2 6.00684E-2 6.02208E-2 5.96358E-2 5.90712E-2 6.30043E-2 6.18464E-2 6.04603E-2 5.8732E-2 5.86595E-2 5.63804E-2 5.48932E-2
8.33503E-2 7.51391E-2 7.46081E-2 7.26706E-2 7.15736E-2 7.00047E-2 9.36619E-2 1.12555E-1 1.02358E-1 9.40515E-2 1.19448E-1 1.17572E-1 1.15074E-1 1.0631E-1 8.87603E-2 6.92491E-2 7.01788E-2 6.69719E-2 6.61164E-2 6.50443E-2 6.42709E-2 6.36895E-2 6.24448E-2 6.09229E-2 6.3735E-2 6.29677E-2 5.9927E-2 5.94695E-2 5.90314E-2 5.87308E-2 5.97459E-2 5.88207E-2 5.76993E-2 5.74136E-2 6.1098E-2 6.23395E-2 6.12722E-2 6.12141E-2 6.29845E-2 6.14215E-2 5.99253E-2 5.93317E-2 6.04167E-2 6.24869E-2 6.00124E-2 5.88364E-2 5.82055E-2 6.17722E-2 5.66332E-2 5.71571E-2 5.73264E-2 5.74531E-2 5.91237E-2 6.00654E-2 5.86915E-2 6.02877E-2 6.01063E-2 5.65296E-2 5.50134E-2 5.39545E-2 5.8356E-2
7.94074E-2 7.5237E-2 7.34574E-2 7.456E-2 7.35206E-2 7.11842E-2 7.09444E-2 7.86416E-2 1.07401E-1 1.04749E-1 1.10505E-1 1.10663E-1 1.07212E-1 9.42744E-2 8.99734E-2 6.82789E-2 6.92252E-2 6.752E-2 6.77037E-2 6.62208E-2 6.59567E-2 6.44482E-2 6.21805E-2 6.07043E-2 6.43369E-2 6.44749E-2 6.26792E-2 6.40579E-2 5.94421E-2 6.14522E-2 6.33399E-2 6.12815E-2 5.88595E-2 5.72021E-2 5.95252E-2 5.94096E-2 5.85032E-2 5.68225E-2 5.9282E-2 5.87612E-2 6.39948E-2 6.10902E-2 5.68237E-2 5.67346E-2 5.56218E-2 5.57619E-2 5.55333E-2 5.6288E-2 5.40495E-2 5.32309E-2 5.60376E-2 5.41271E-2 5.59166E-2 5.44512E-2 5.61959E-2 5.58137E-2 5.8476E-2 5.87959E-2 5.52296E-2 5.32542E-2 5.56147E-2
7.89141E-2 7.69872E-2 7.83742E-2 7.81047E-2 7.59719E-2 7.29716E-2 7.34268E-2 7.25126E-2 8.2629E-2 1.09156E-1 8.83816E-2 8.19553E-2 9.36116E-2 1.0505E-1 1.02292E-1 7.62521E-2 6.99092E-2 6.8465E-2 6.92582E-2 6.73256E-2 6.60689E-2 6.65216E-2 6.42882E-2 6.70141E-2 7.01231E-2 6.96703E-2 6.73596E-2 6.57533E-2 6.69548E-2 6.6233E-2 6.57559E-2 6.63658E-2 6.64939E-2 6.29344E-2 6.18853E-2 5.63586E-2 5.54809E-2 5.74324E-2 5.70945E-2 5.80033E-2 5.88466E-2 5.76792E-2 5.54869E-2 5.39759E-2 5.73471E-2 5.64376E-2 5.4106E-2 5.4453E-2 5.66742E-2 5.51897E-2 5.68876E-2 5.53072E-2 5.35388E-2 5.40797E-2 5.48176E-2 5.635E-2 5.77282E-2 5.82494E-2 5.68618E-2 5.74396E-2 5.74505E-2
8.0237E-2 8.24246E-2 7.91596E-2 7.68422E-2 7.42539E-2 7.47458E-2 7.62084E-2 7.26816E-2 7.35938E-2 8.27939E-2 7.52808E-2 7.60681E-2 7.13077E-2 9.17692E-2 1.03459E-1 9.61337E-2 7.29438E-2 6.9331E-2 6.76966E-2 6.52516E-2 6.59023E-2 6.70042E-2 6.79329E-2 6.86063E-2 7.24479E-2 6.51108E-2 6.63886E-2 6.49412E-2 6.59513E-2 6.57105E-2 6.68167E-2 6.69098E-2 6.81732E-2 6.55668E-2 6.24175E-2 5.72305E-2 5.84122E-2 6.08466E-2 6.03672E-2 6.21559E-2 5.99223E-2 5.90178E-2 5.6279E-2 5.45439E-2 5.69227E-2 5.93191E-2 5.51644E-2 5.50015E-2 6.1918E-2 5.97096E-2 6.21652E-2 5.8811E-2 5.7466E-2 5.52229E-2 5.71845E-2 5.84419E-2 5.98645E-2 5.75939E-2 5.66397E-2 5.58422E-2 5.92148E-2
9.22542E-2 8.49185E-2 8.14607E-2 7.86113E-2 7.24505E-2 7.28842E-2 7.96291E-2 7.70669E-2 6.79593E-2 6.52963E-2 6.94811E-2 7.15013E-2 8.4672E-2 9.01059E-2 9.67572E-2 9.05132E-2 8.52649E-2 7.28317E-2 6.98454E-2 6.9582E-2 6.95336E-2 6.82703E-2 6.79777E-2 7.00102E-2 6.70459E-2 6.7719E-2 6.5159E-2 6.73674E-2 6.67934E-2 6.94952E-2 6.78357E-2 6.84275E-2 6.97475E-2 6.75887E-2 6.85972E-2 6.52381E-2 6.53762E-2 6.60244E-2 6.73079E-2 6.57203E-2 6.48839E-2 6.0665E-2 5.7016E-2 5.69759E-2 6.22611E-2 6.63252E-2 6.24622E-2 6.15725E-2 6.12894E-2 6.25506E-2 6.55413E-2 6.32909E-2 6.53795E-2 6.08158E-2 6.03305E-2 6.13672E-2 5.71759E-2 5.83312E-2 6.15428E-2 5.76202E-2 6.02555E-2
8.75604E-2 8.70271E-2 9.11089E-2 8.91244E-2 7.99647E-2 8.19181E-2 7.37923E-2 6.45773E-2 6.52804E-2 6.851E-2 7.17973E-2 7.22259E-2 7.43324E-2 9.08189E-2 8.25611E-2 7.30808E-2 8.63005E-2 8.20472E-2 7.20042E-2 7.08917E-2 6.99078E-2 6.923E-2 6.80548E-2 6.86188E-2 6.55359E-2 6.68712E-2 6.72498E-2 6.81757E-2 6.91066E-2 6.82029E-2 6.79499E-2 6.84477E-2 6.72312E-2 6.76739E-2 6.83507E-2 6.65129E-2 6.54462E-2 6.57871E-2 6.54034E-2 6.45903E-2 6.25541E-2 6.21378E-2 6.01797E-2 6.11287E-2 6.56805E-2 7.13782E-2 6.33781E-2 6.42479E-2 6.59551E-2 6.22209E-2 6.45709E-2 6.54291E-2 6.39324E-2 6.36154E-2 6.30853E-2 6.20998E-2 5.99977E-2 5.86577E-2 5.69763E-2 5.69073E-2 5.69098E-2
7.63166E-2 8.0668E-2 9.34159E-2 9.03394E-2 7.9019E-2 6.75852E-2 6.52843E-2 6.47983E-2 7.10784E-2 7.38919E-2 7.55335E-2 6.62774E-2 6.86475E-2 7.95933E-2 7.07882E-2 7.85758E-2 9.44363E-2 9.73846E-2 7.43806E-2 7.00596E-2 6.71403E-2 6.56008E-2 6.45488E-2 6.47301E-2 6.53396E-2 6.56831E-2 6.75459E-2 7.15716E-2 7.27953E-2 7.06153E-2 6.92466E-2 6.82969E-2 6.83173E-2 6.42923E-2 6.6856E-2 6.55046E-2 6.78174E-2 6.75072E-2 6.43324E-2 6.33893E-2 6.24521E-2 6.87164E-2 7.16989E-2 6.95918E-2 6.81427E-2 7.40039E-2 6.90825E-2 6.73559E-2 6.95625E-2 6.86823E-2 6.99263E-2 6.82047E-2 6.4946E-2 6.53755E-2 6.35336E-2 6.31152E-2 5.98716E-2 5.80534E-2 5.88284E-2 5.84302E-2 6.0719E-2
7.19508E-2 7.9252E-2 8.57963E-2 9.45327E-2 9.30469E-2 8.14315E-2 6.44803E-2 6.53834E-2 7.2558E-2 7.0983E-2 6.50098E-2 6.28308E-2 6.59559E-2 7.33453E-2 6.82314E-2 8.69755E-2 8.60109E-2 9.73089E-2 8.9647E-2 7.19964E-2 6.75161E-2 6.60719E-2 6.57202E-2 6.62795E-2 6.8654E-2 6.74779E-2 7.04866E-2 7.42683E-2 7.47344E-2 7.13715E-2 7.12689E-2 7.04475E-2 6.96419E-2 6.85417E-2 6.601E-2 6.64418E-2 7.78206E-2 8.184E-2 7.03545E-2 6.83323E-2 7.0676E-2 7.05111E-2 7.07795E-2 7.19518E-2 7.37257E-2 7.58899E-2 7.75694E-2 7.50664E-2 7.18126E-2 7.04453E-2 6.80448E-2 6.87168E-2 7.0365E-2 6.68559E-2 6.51789E-2 6.61011E-2 6.46597E-2 6.34241E-2 6.3881E-2 6.48021E-2 6.13138E-2
7.32027E-2 7.79762E-2 8.18998E-2 9.12186E-2 9.31557E-2 8.53596E-2 7.37537E-2 6.60366E-2 7.51125E-2 7.4871E-2 6.36184E-2 6.29113E-2 6.26685E-2 6.65722E-2 6.43518E-2 7.90636E-2 9.16654E-2 1.03671E-1 8.93387E-2 6.92374E-2 6.67169E-2 6.72546E-2 6.70347E-2 6.72887E-2 6.772E-2 6.8037E-2 7.30334E-2 7.32837E-2 7.38459E-2 7.27843E-2 7.17011E-2 7.21638E-2 7.22561E-2 7.61727E-2 7.18463E-2 6.88697E-2 7.34627E-2 7.71329E-2 7.22059E-2 6.97296E-2 7.3426E-2 7.1706E-2 7.11569E-2 7.13977E-2 7.3845E-2 7.23554E-2 7.356E-2 7.78915E-2 7.71554E-2 7.26725E-2 6.49067E-2 6.78748E-2 7.66343E-2 7.7149E-2 7.38485E-2 7.01676E-2 6.82487E-2 6.77112E-2 6.73405E-2 6.53443E-2 6.39626E-2
7.78118E-2 8.16955E-2 8.37582E-2 8.62806E-2 9.42769E-2 8.95954E-2 7.92005E-2 7.16366E-2 7.11783E-2 6.95186E-2 6.98087E-2 6.93872E-2 6.70365E-2 6.51673E-2 6.62681E-2 9.5656E-2 1.07517E-1 1.11783E-1 9.8951E-2 7.1494E-2 7.56331E-2 7.1034E-2 6.63173E-2 6.8337E-2 6.74919E-2 7.13645E-2 7.18714E-2 7.17807E-2 7.1104E-2 7.19354E-2 6.72288E-2 6.90925E-2 7.33313E-2 7.29058E-2 7.54281E-2 7.4373E-2 7.24155E-2 7.15882E-2 7.08446E-2 7.00559E-2 6.8387E-2 6.92515E-2 6.83909E-2 6.94447E-2 6.91888E-2 7.26028E-2 7.18931E-2 6.93377E-2 7.22339E-2 7.1386E-2 7.14359E-2 7.57965E-2 7.27622E-2 7.04977E-2 7.27424E-2 7.43359E-2 6.96712E-2 6.84067E-2 6.98187E-2 6.92175E-2 6.77576E-2
7.73657E-2 7.8967E-2 8.0173E-2 7.86394E-2 8.75804E-2 9.88288E-2 9.85791E-2 8.37601E-2 7.89466E-2 7.57052E-2 7.76891E-2 7.03839E-2 7.13702E-2 6.99757E-2 7.27787E-2 9.94625E-2 1.08303E-1 1.05393E-1 1.00543E-1 8.00087E-2 8.11455E-2 7.39892E-2 6.93985E-2 6.79228E-2 6.79229E-2 7.11498E-2 7.17917E-2 7.36143E-2 7.18185E-2 7.50472E-2 7.60134E-2 7.65568E-2 7.65231E-2 7.19868E-2 7.10857E-2 7.85666E-2 8.05558E-2 7.7098E-2 7.56955E-2 7.47099E-2 7.41804E-2 7.0665E-2 6.52211E-2 7.1027E-2 7.6311E-2 7.76827E-2 7.49866E-2 7.73738E-2 7.56674E-2 7.86647E-2 7.90461E-2 7.75531E-2 7.47442E-2 7.5501E-2 7.40286E-2 7.2531E-2 7.08266E-2 6.94652E-2 7.14762E-2 7.10128E-2 7.02725E-2
7.61404E-2 7.70725E-2 7.62167E-2 7.80853E-2 7.96432E-2 9.46372E-2 1.01403E-1 9.96554E-2 8.91291E-2 8.29839E-2 7.93864E-2 7.35913E-2 7.44164E-2 6.61786E-2 6.80508E-2 9.70035E-2 1.03783E-1 9.45894E-2 8.65646E-2 8.21231E-2 7.9514E-2 7.85994E-2 7.49178E-2 7.02967E-2 6.74157E-2 6.91024E-2 7.49587E-2 7.55811E-2 7.1913E-2 7.55104E-2 7.98139E-2 7.37517E-2 7.37629E-2 7.64154E-2 7.73106E-2 8.16733E-2 8.16969E-2 8.13881E-2 8.62743E-2 7.93997E-2 7.85638E-2 7.54788E-2 7.74355E-2 7.50813E-2 7.87029E-2 8.03163E-2 7.59513E-2 7.53068E-2 7.62734E-2 7.95519E-2 7.87071E-2 7.8646E-2 7.68185E-2 7.59049E-2 7.65875E-2 7.11573E-2 7.10437E-2 7.19699E-2 7.2416E-2 7.18623E-2 7.26414E-2
7.25974E-2 7.77481E-2 7.70307E-2 8.15696E-2 8.46533E-2 9.09567E-2 1.01419E-1 1.0219E-1 1.00832E-1 8.43514E-2 8.02994E-2 8.18574E-2 7.19677E-2 6.64472E-2 6.4646E-2 8.91775E-2 9.75954E-2 8.63354E-2 7.17107E-2 7.11699E-2 7.61793E-2 8.44376E-2 7.4359E-2 7.19436E-2 7.63613E-2 7.73546E-2 7.48515E-2 7.92251E-2 8.26061E-2 8.36342E-2 8.48135E-2 7.99642E-2 8.25794E-2 8.9737E-2 8.75316E-2 8.20901E-2 8.67575E-2 8.80938E-2 8.7204E-2 9.63953E-2 9.21281E-2 8.67447E-2 8.34574E-2 8.47648E-2 8.79877E-2 8.54244E-2 7.77594E-2 8.08579E-2 8.10027E-2 8.07739E-2 7.90269E-2 7.82951E-2 7.51713E-2 7.40223E-2 7.58216E-2 7.2376E-2 7.24965E-2 7.31336E-2 7.27223E-2 7.29067E-2 7.27058E-2
6.91447E-2 7.58706E-2 7.77613E-2 7.94267E-2 8.23907E-2 8.8701E-2 9.96767E-2 1.00813E-1 9.21783E-2 7.99368E-2 7.70671E-2 7.40436E-2 6.68042E-2 6.4151E-2 6.22148E-2 6.89963E-2 6.96267E-2 7.03815E-2 6.37364E-2 7.21916E-2 7.33299E-2 7.77242E-2 7.89998E-2 7.8609E-2 8.09927E-2 8.57661E-2 8.93738E-2 9.02869E-2 8.87032E-2 8.44413E-2 9.36505E-2 8.98215E-2 9.42583E-2 9.04181E-2 8.7787E-2 8.45216E-2 8.66098E-2 8.92758E-2 9.04631E-2 8.72897E-2 9.1005E-2 9.30367E-2 9.26712E-2 9.21261E-2 8.97127E-2 8.30095E-2 8.10405E-2 8.2654E-2 8.33554E-2 8.17769E-2 8.05536E-2 7.79677E-2 7.64331E-2 7.21919E-2 7.33084E-2 7.39265E-2 7.23971E-2 7.0397E-2 7.08737E-2 7.24167E-2 7.25931E-2
6.37555E-2 7.1892E-2 7.84368E-2 8.02004E-2 7.81189E-2 7.57414E-2 7.64404E-2 7.72408E-2 7.66804E-2 7.53771E-2 7.3482E-2 6.64835E-2 6.24094E-2 6.27744E-2 6.36122E-2 6.88349E-2 6.56942E-2 6.6442E-2 6.75856E-2 7.87496E-2 7.6572E-2 7.86317E-2 8.32106E-2 7.9273E-2 7.90733E-2 8.67859E-2 8.46935E-2 8.99043E-2 9.12464E-2 9.20366E-2 8.52258E-2 8.6119E-2 9.16197E-2 8.69297E-2 9.48798E-2 9.4234E-2 8.67213E-2 8.69585E-2 8.56488E-2 8.06512E-2 8.2481E-2 8.2096E-2 8.34314E-2 9.2657E-2 9.45665E-2 8.9533E-2 8.36347E-2 8.40397E-2 8.27231E-2 8.51126E-2 8.05361E-2 7.77781E-2 8.17477E-2 7.87898E-2 7.54681E-2 7.80428E-2 7.28529E-2 6.60515E-2 6.61108E-2 6.88693E-2 7.15345E-2
7.03377E-2 7.25728E-2 7.63333E-2 7.93618E-2 7.85203E-2 7.89272E-2 8.12424E-2 8.35306E-2 7.79514E-2 7.34366E-2 7.40973E-2 7.18094E-2 6.76397E-2 7.37309E-2 8.21049E-2 7.47245E-2 7.18996E-2 7.54046E-2 7.82449E-2 8.24786E-2 8.08904E-2 7.93987E-2 8.38227E-2 8.25033E-2 8.06045E-2 8.07893E-2 8.28513E-2 8.48654E-2 8.92594E-2 9.57454E-2 8.94003E-2 8.93293E-2 8.77313E-2 9.05651E-2 9.3096E-2 9.19308E-2 8.74832E-2 8.63613E-2 8.64145E-2 8.49281E-2 8.20458E-2 8.75907E-2 8.54057E-2 9.05485E-2 9.65089E-2 9.30264E-2 8.67054E-2 7.96149E-2 8.15528E-2 8.46709E-2 9.09219E-2 8.4432E-2 7.7119E-2 7.34095E-2 7.22571E-2 6.96146E-2 6.762E-2 6.82791E-2 6.54395E-2 6.99662E-2 7.98517E-2
7.72937E-2 8.10619E-2 8.11005E-2 8.05781E-2 7.88746E-2 8.06454E-2 8.50474E-2 8.56454E-2 8.59307E-2 7.80829E-2 7.46769E-2 7.43412E-2 7.30405E-2 7.36888E-2 7.72934E-2 7.26287E-2 7.0386E-2 7.34852E-2 8.28054E-2 8.61926E-2 8.4431E-2 8.06429E-2 8.16073E-2 7.96069E-2 7.8488E-2 8.20647E-2 8.33173E-2 8.46201E-2 8.97407E-2 9.33824E-2 9.59113E-2 9.45483E-2 9.21734E-2 9.3999E-2 9.56793E-2 9.44337E-2 9.68148E-2 9.83361E-2 9.69363E-2 8.59239E-2 9.67134E-2 9.1334E-2 8.55553E-2 8.24062E-2 8.54894E-2 9.12378E-2 8.49396E-2 7.95191E-2 8.28531E-2 7.88681E-2 7.80667E-2 7.86419E-2 7.46901E-2 7.63012E-2 7.64273E-2 6.99859E-2 6.76707E-2 6.69434E-2 6.87825E-2 7.0282E-2 7.5687E-2
7.60933E-2 7.92581E-2 7.67133E-2 7.8416E-2 7.38256E-2 7.50211E-2 8.41095E-2 8.68935E-2 8.52236E-2 8.22969E-2 7.74323E-2 7.71372E-2 7.57104E-2 7.33336E-2 7.14811E-2 7.1986E-2 7.46835E-2 7.53858E-2 8.18235E-2 8.55344E-2 8.45738E-2 8.39005E-2 8.13006E-2 7.96949E-2 7.84734E-2 7.95162E-2 8.68698E-2 9.1964E-2 9.01079E-2 9.25078E-2 9.90117E-2 9.75332E-2 9.1952E-2 9.66104E-2 9.82371E-2 9.29609E-2 9.11925E-2 9.32371E-2 9.33219E-2 8.77391E-2 8.80429E-2 9.76048E-2 8.70522E-2 8.10551E-2 8.13477E-2 8.74406E-2 9.66491E-2 9.24902E-2 8.08614E-2 8.06424E-2 7.13582E-2 6.96892E-2 6.94007E-2 6.94375E-2 6.89139E-2 6.65174E-2 6.32759E-2 6.37486E-2 6.89109E-2 6.98848E-2 7.09864E-2
