maxent_outputs/white_flowers_troch_bombus_environ/white_265.asc
ncols         426
nrows         180
xllcorner     -130.0
yllcorner     24.0
cellsize      0.16666666666666666
NODATA_value  -9999
[rows 108 to 134 of 180, columns 244 to 304 of 426]
8.26547E-1 8.30257E-1 8.31981E-1 8.31322E-1 8.29215E-1 8.24692E-1 8.21887E-1 8.16151E-1 8.15758E-1 8.08419E-1 8.03861E-1 8.0243E-1 7.97902E-1 7.91383E-1 7.92272E-1 7.92925E-1 8.00795E-1 8.13967E-1 8.1413E-1 8.10607E-1 8.06383E-1 8.06943E-1 8.08167E-1 8.04985E-1 7.95389E-1 7.93841E-1 7.92599E-1 7.9613E-1 7.96788E-1 7.85827E-1 7.72783E-1 7.70302E-1 7.7279E-1 7.71768E-1 7.71653E-1 7.65001E-1 7.52937E-1 7.38496E-1 7.24651E-1 7.06623E-1 7.02834E-1 7.13465E-1 7.2772E-1 7.30726E-1 7.46978E-1 7.99219E-1 8.07063E-1 8.08432E-1 8.11256E-1 8.08365E-1 8.07326E-1 8.0643E-1 8.07112E-1 8.12163E-1 8.09934E-1 7.9911E-1 7.92644E-1 7.96871E-1 7.95811E-1 8.03954E-1 8.16258E-1
8.26652E-1 8.30511E-1 8.29286E-1 8.28164E-1 8.26619E-1 8.20382E-1 8.19087E-1 8.163E-1 8.14224E-1 8.08118E-1 8.05668E-1 8.01633E-1 8.00681E-1 7.96709E-1 7.98262E-1 7.95638E-1 8.0246E-1 8.11873E-1 8.10161E-1 8.06108E-1 8.03874E-1 8.03039E-1 8.03623E-1 7.98353E-1 7.92768E-1 7.94868E-1 7.92741E-1 8.09078E-1 7.99081E-1 7.88856E-1 7.85766E-1 7.76295E-1 7.77327E-1 7.7218E-1 7.62706E-1 7.59403E-1 7.38338E-1 7.19838E-1 7.0657E-1 7.0594E-1 7.14488E-1 7.30326E-1 7.30992E-1 7.84749E-1 8.07744E-1 8.12721E-1 8.10615E-1 8.10986E-1 8.09952E-1 8.0981E-1 8.08262E-1 8.04471E-1 8.0861E-1 8.12314E-1 8.19363E-1 8.08653E-1 8.03384E-1 8.03302E-1 8.01049E-1 8.08287E-1 8.15973E-1
8.25873E-1 8.29798E-1 8.28379E-1 8.25714E-1 8.25256E-1 8.16596E-1 8.17113E-1 8.16179E-1 8.17038E-1 8.10614E-1 8.03622E-1 8.01249E-1 8.02288E-1 8.01485E-1 7.96191E-1 7.98595E-1 8.02369E-1 8.05379E-1 8.06625E-1 8.0767E-1 8.03616E-1 8.00411E-1 7.94829E-1 7.89674E-1 7.91996E-1 7.87258E-1 7.96543E-1 8.00724E-1 7.95564E-1 7.9329E-1 7.95694E-1 7.9445E-1 7.86276E-1 7.727E-1 7.57906E-1 7.45449E-1 7.37752E-1 7.30172E-1 7.14148E-1 7.30552E-1 7.39888E-1 7.52839E-1 7.77761E-1 8.05229E-1 8.14122E-1 8.11406E-1 8.09894E-1 8.07218E-1 8.03752E-1 8.04923E-1 8.11902E-1 8.05615E-1 8.09821E-1 8.13645E-1 8.15441E-1 8.06613E-1 8.03753E-1 8.0143E-1 8.00427E-1 8.05391E-1 8.11596E-1
8.2423E-1 8.25551E-1 8.27594E-1 8.25816E-1 8.21542E-1 8.18394E-1 8.18172E-1 8.21948E-1 8.20443E-1 8.1348E-1 8.05604E-1 7.99229E-1 7.94805E-1 7.91305E-1 7.89404E-1 7.8946E-1 7.91047E-1 7.97823E-1 8.01491E-1 8.06618E-1 8.05285E-1 7.97899E-1 7.92613E-1 7.91715E-1 7.8696E-1 7.90994E-1 7.96725E-1 7.96447E-1 7.97561E-1 7.96549E-1 7.9645E-1 7.832E-1 7.84131E-1 7.80958E-1 7.81107E-1 7.69131E-1 7.55358E-1 7.71642E-1 7.71416E-1 7.86698E-1 7.78426E-1 7.80822E-1 8.02788E-1 8.177E-1 8.17167E-1 8.14441E-1 8.07645E-1 8.06493E-1 8.02186E-1 8.02739E-1 8.09524E-1 8.10688E-1 8.09243E-1 8.09955E-1 8.07582E-1 8.0792E-1 8.00896E-1 7.96589E-1 7.96596E-1 8.0065E-1 8.05055E-1
8.25508E-1 8.20706E-1 8.24418E-1 8.21027E-1 8.1711E-1 8.19964E-1 8.20156E-1 8.18906E-1 8.17526E-1 8.12425E-1 8.05228E-1 7.99076E-1 7.92363E-1 7.91186E-1 7.86906E-1 7.83088E-1 7.87598E-1 7.92425E-1 8.00223E-1 8.05634E-1 8.02095E-1 7.96673E-1 7.9493E-1 7.92636E-1 7.88417E-1 7.97087E-1 7.97043E-1 7.99112E-1 8.00379E-1 7.9171E-1 7.82939E-1 7.73257E-1 7.76462E-1 7.86043E-1 7.9153E-1 7.93656E-1 7.97789E-1 8.11039E-1 8.2801E-1 8.37719E-1 8.27781E-1 8.14552E-1 8.18709E-1 8.1978E-1 8.15899E-1 8.14126E-1 8.09456E-1 8.06723E-1 8.01557E-1 8.04255E-1 8.06445E-1 8.1173E-1 8.13301E-1 8.08001E-1 8.03742E-1 7.99636E-1 7.91011E-1 7.87331E-1 7.87462E-1 7.92655E-1 7.95319E-1
8.26892E-1 8.22395E-1 8.24719E-1 8.2353E-1 8.19684E-1 8.19912E-1 8.23158E-1 8.14259E-1 8.12704E-1 8.08556E-1 8.07309E-1 8.0114E-1 7.94663E-1 7.91E-1 7.90729E-1 7.84554E-1 7.83929E-1 7.90012E-1 7.99015E-1 7.98609E-1 7.98304E-1 8.00748E-1 8.02289E-1 7.95851E-1 7.98947E-1 7.98999E-1 7.99667E-1 8.02191E-1 7.99824E-1 7.84859E-1 7.80179E-1 7.74684E-1 7.80514E-1 7.97081E-1 8.08564E-1 8.21728E-1 8.3916E-1 8.49275E-1 8.59372E-1 8.62291E-1 8.48149E-1 8.35324E-1 8.22372E-1 8.17135E-1 8.16972E-1 8.14716E-1 8.12821E-1 8.08607E-1 8.0551E-1 8.09201E-1 8.07467E-1 8.10341E-1 8.12704E-1 8.11323E-1 7.99139E-1 7.90363E-1 7.79532E-1 7.71183E-1 7.69376E-1 7.7796E-1 7.877E-1
8.31376E-1 8.25315E-1 8.2445E-1 8.23982E-1 8.22961E-1 8.19686E-1 8.21388E-1 8.1979E-1 8.14488E-1 8.13302E-1 8.09129E-1 8.05079E-1 7.98752E-1 7.94598E-1 7.90494E-1 7.87091E-1 7.91059E-1 7.89129E-1 7.90498E-1 7.94326E-1 8.02819E-1 8.04828E-1 7.94415E-1 7.93837E-1 7.99766E-1 8.00601E-1 8.0722E-1 8.12601E-1 7.90523E-1 7.86144E-1 7.8404E-1 7.80206E-1 7.85352E-1 8.08849E-1 8.28731E-1 8.4558E-1 8.54896E-1 8.54713E-1 8.50798E-1 8.45385E-1 8.38129E-1 8.2963E-1 8.15595E-1 8.11523E-1 8.12901E-1 8.1194E-1 8.08909E-1 8.07923E-1 8.07153E-1 8.08612E-1 8.12727E-1 8.1352E-1 8.1692E-1 8.13121E-1 8.01736E-1 7.86119E-1 7.76536E-1 7.56914E-1 7.58293E-1 7.64333E-1 7.74682E-1
8.31244E-1 8.25254E-1 8.23438E-1 8.23665E-1 8.24879E-1 8.21996E-1 8.18026E-1 8.15591E-1 8.15102E-1 8.12663E-1 8.12586E-1 8.08526E-1 8.05818E-1 8.00961E-1 7.94521E-1 7.92329E-1 7.88488E-1 7.90421E-1 7.91519E-1 7.99378E-1 8.04479E-1 7.92817E-1 7.89724E-1 7.9185E-1 7.96507E-1 7.99954E-1 8.10385E-1 8.14859E-1 8.07588E-1 8.04815E-1 7.90498E-1 7.87069E-1 8.00522E-1 8.2363E-1 8.4209E-1 8.53059E-1 8.53633E-1 8.44984E-1 8.42963E-1 8.31809E-1 8.28074E-1 8.20875E-1 8.11671E-1 8.05892E-1 8.05807E-1 8.07179E-1 8.04896E-1 8.06764E-1 8.09097E-1 8.09636E-1 8.15736E-1 8.17869E-1 8.16595E-1 8.13699E-1 8.02168E-1 7.9345E-1 7.85865E-1 7.74225E-1 7.69321E-1 7.64407E-1 7.72218E-1
8.30845E-1 8.26444E-1 8.24416E-1 8.23901E-1 8.23411E-1 8.23993E-1 8.21256E-1 8.144E-1 8.10186E-1 8.01636E-1 8.05252E-1 8.04892E-1 8.01901E-1 7.98607E-1 7.98857E-1 7.93714E-1 7.88558E-1 7.88675E-1 7.9093E-1 8.01511E-1 7.9175E-1 7.8761E-1 7.80307E-1 7.83987E-1 7.88617E-1 7.92403E-1 7.92241E-1 8.02639E-1 8.12052E-1 8.0955E-1 8.05429E-1 8.17158E-1 8.24761E-1 8.25648E-1 8.32936E-1 8.43441E-1 8.40877E-1 8.37272E-1 8.28958E-1 8.26069E-1 8.19776E-1 8.15991E-1 8.09229E-1 8.04286E-1 8.03474E-1 8.03747E-1 8.04937E-1 8.06407E-1 8.08259E-1 8.11481E-1 8.10722E-1 8.09969E-1 8.12625E-1 8.07056E-1 8.04597E-1 8.00965E-1 7.97662E-1 7.91477E-1 7.82081E-1 7.76945E-1 7.75495E-1
8.31931E-1 8.2854E-1 8.23906E-1 8.25029E-1 8.25326E-1 8.26157E-1 8.22187E-1 8.13307E-1 8.07287E-1 7.99289E-1 8.00952E-1 8.05675E-1 8.01506E-1 8.01191E-1 7.95182E-1 7.91934E-1 7.83127E-1 7.82199E-1 7.89904E-1 7.82934E-1 7.8217E-1 7.82167E-1 7.78191E-1 7.80623E-1 7.84314E-1 7.84394E-1 7.82077E-1 7.86466E-1 7.97478E-1 8.03969E-1 8.10465E-1 8.19069E-1 8.19988E-1 8.22106E-1 8.28298E-1 8.30493E-1 8.24698E-1 8.23794E-1 8.25976E-1 8.21326E-1 8.14247E-1 8.08864E-1 8.04431E-1 8.01147E-1 8.03661E-1 8.06675E-1 8.08969E-1 8.11709E-1 8.10137E-1 8.13568E-1 8.15315E-1 8.11753E-1 8.0806E-1 8.04649E-1 8.05056E-1 8.05146E-1 8.02872E-1 7.9813E-1 7.86091E-1 7.81087E-1 7.7882E-1
8.30331E-1 8.28347E-1 8.24466E-1 8.21366E-1 8.23109E-1 8.26182E-1 8.24998E-1 8.17321E-1 8.0928E-1 8.06845E-1 8.06834E-1 8.07254E-1 8.03149E-1 7.98927E-1 7.93958E-1 7.93005E-1 7.85742E-1 7.78199E-1 7.73946E-1 7.70958E-1 7.76556E-1 7.83395E-1 7.89336E-1 7.82497E-1 7.84259E-1 7.82068E-1 7.80658E-1 7.86747E-1 7.96703E-1 8.02358E-1 8.05588E-1 8.14582E-1 8.1885E-1 8.15383E-1 8.16832E-1 8.17893E-1 8.12053E-1 8.04603E-1 8.07442E-1 8.1427E-1 8.10192E-1 8.07875E-1 8.02788E-1 8.05084E-1 8.11055E-1 8.13093E-1 8.15171E-1 8.16866E-1 8.20542E-1 8.21932E-1 8.15724E-1 8.09552E-1 8.0644E-1 8.02851E-1 8.01332E-1 8.04551E-1 8.04477E-1 7.90946E-1 7.79128E-1 7.78911E-1 7.79843E-1
8.27809E-1 8.26224E-1 8.22878E-1 8.16859E-1 8.18543E-1 8.22924E-1 8.24888E-1 8.23194E-1 8.16351E-1 8.11307E-1 8.10279E-1 8.07826E-1 8.0802E-1 8.0718E-1 8.01268E-1 7.99228E-1 7.89606E-1 7.76881E-1 7.67094E-1 7.71467E-1 7.76424E-1 7.8363E-1 7.84733E-1 7.79325E-1 7.78113E-1 7.80549E-1 7.86065E-1 7.90725E-1 8.01271E-1 8.08601E-1 8.14688E-1 8.13621E-1 8.12706E-1 8.06735E-1 8.07498E-1 8.08227E-1 8.06143E-1 8.01021E-1 8.02666E-1 8.08305E-1 8.11258E-1 8.0935E-1 8.07262E-1 8.06943E-1 8.08604E-1 8.1342E-1 8.20045E-1 8.26434E-1 8.22618E-1 8.15499E-1 8.11835E-1 8.09541E-1 8.07804E-1 8.03936E-1 7.99661E-1 7.95103E-1 7.84541E-1 7.65053E-1 7.72457E-1 7.80566E-1 7.82576E-1
8.24039E-1 8.22588E-1 8.18473E-1 8.14739E-1 8.17209E-1 8.21735E-1 8.25731E-1 8.26502E-1 8.17798E-1 8.11187E-1 8.11712E-1 8.12445E-1 8.06702E-1 8.03118E-1 7.99281E-1 7.97086E-1 7.92778E-1 7.79429E-1 7.71729E-1 7.7552E-1 7.77598E-1 7.7736E-1 7.80294E-1 7.74571E-1 7.75588E-1 7.82136E-1 7.86885E-1 7.92298E-1 7.961E-1 8.10367E-1 8.16931E-1 8.17341E-1 8.11172E-1 8.02593E-1 8.02902E-1 8.05442E-1 8.00246E-1 7.98972E-1 8.01271E-1 8.07469E-1 8.14565E-1 8.16608E-1 8.12899E-1 8.11842E-1 8.10764E-1 8.13295E-1 8.19876E-1 8.14609E-1 8.10009E-1 8.07539E-1 8.08424E-1 8.06897E-1 8.08184E-1 8.00502E-1 7.98392E-1 7.95957E-1 7.90759E-1 7.79595E-1 7.79774E-1 7.88089E-1 7.87648E-1
8.20418E-1 8.1711E-1 8.16615E-1 8.17477E-1 8.19146E-1 8.25727E-1 8.28377E-1 8.25225E-1 8.16455E-1 8.11974E-1 8.12889E-1 8.11836E-1 8.05417E-1 7.97843E-1 7.94763E-1 7.93468E-1 7.87798E-1 7.82134E-1 7.78216E-1 7.76249E-1 7.70317E-1 7.75559E-1 7.7454E-1 7.75173E-1 7.80357E-1 7.85927E-1 7.87335E-1 7.88867E-1 7.98414E-1 8.08194E-1 8.1332E-1 8.13301E-1 8.09076E-1 8.03878E-1 7.99187E-1 7.96548E-1 7.96433E-1 7.98415E-1 8.02909E-1 8.08629E-1 8.12201E-1 8.16004E-1 8.23026E-1 8.14969E-1 8.11959E-1 8.15888E-1 8.15373E-1 8.13179E-1 8.10085E-1 8.08598E-1 8.10426E-1 8.09497E-1 8.06654E-1 7.97772E-1 7.97265E-1 7.98094E-1 8.03124E-1 7.98056E-1 7.95088E-1 7.91891E-1 7.90928E-1
8.15164E-1 8.16798E-1 8.19306E-1 8.2523E-1 8.28007E-1 8.34539E-1 8.34133E-1 8.27078E-1 8.19167E-1 8.15725E-1 8.16448E-1 8.15481E-1 8.11825E-1 8.02054E-1 7.96951E-1 7.97832E-1 7.87259E-1 7.85125E-1 7.86584E-1 7.78608E-1 7.69463E-1 7.70384E-1 7.76011E-1 7.808E-1 7.84126E-1 7.87397E-1 7.89033E-1 7.91301E-1 7.9519E-1 8.01797E-1 8.0688E-1 8.0656E-1 8.0566E-1 8.00415E-1 7.93213E-1 7.92064E-1 7.95208E-1 7.98037E-1 8.01082E-1 8.08451E-1 8.13869E-1 8.16948E-1 8.18337E-1 8.19221E-1 8.16155E-1 8.21263E-1 8.16782E-1 8.13963E-1 8.15485E-1 8.12565E-1 8.10826E-1 8.03624E-1 7.99774E-1 8.02107E-1 7.97951E-1 7.94313E-1 7.94102E-1 7.92145E-1 7.90419E-1 7.90098E-1 7.83542E-1
8.20151E-1 8.19849E-1 8.23628E-1 8.27097E-1 8.27873E-1 8.35662E-1 8.30165E-1 8.25218E-1 8.21945E-1 8.233E-1 8.25364E-1 8.23033E-1 8.13161E-1 8.0811E-1 8.02713E-1 8.01008E-1 7.91861E-1 7.90495E-1 7.90389E-1 7.82463E-1 7.74566E-1 7.7208E-1 7.81349E-1 7.82553E-1 7.8659E-1 7.91837E-1 7.91775E-1 7.87753E-1 7.90866E-1 7.99635E-1 7.99426E-1 7.99482E-1 7.9973E-1 7.95155E-1 7.88911E-1 7.90499E-1 7.96734E-1 7.97043E-1 7.98312E-1 8.07193E-1 8.12287E-1 8.16153E-1 8.1667E-1 8.1938E-1 8.22435E-1 8.17937E-1 8.11915E-1 8.0613E-1 8.08337E-1 8.0828E-1 8.0423E-1 7.98294E-1 7.92543E-1 7.94426E-1 8.05458E-1 7.98686E-1 7.9238E-1 7.88427E-1 7.87149E-1 7.82668E-1 7.83628E-1
8.227E-1 8.27413E-1 8.29463E-1 8.24696E-1 8.21999E-1 8.22102E-1 8.21176E-1 8.21668E-1 8.24224E-1 8.30033E-1 8.35536E-1 8.28672E-1 8.14205E-1 8.11919E-1 8.02544E-1 7.94747E-1 7.90166E-1 7.93001E-1 7.9041E-1 7.82858E-1 7.78353E-1 7.80145E-1 7.90202E-1 7.85601E-1 7.89832E-1 7.92674E-1 7.908E-1 7.86173E-1 7.89743E-1 7.91913E-1 7.94355E-1 7.94049E-1 7.96565E-1 7.94215E-1 7.922E-1 7.94137E-1 7.97631E-1 7.97078E-1 8.00565E-1 8.07453E-1 8.16326E-1 8.16633E-1 8.19163E-1 8.13937E-1 8.09765E-1 8.10661E-1 8.08488E-1 8.05973E-1 8.03161E-1 8.00478E-1 7.98204E-1 7.92959E-1 7.92336E-1 7.9192E-1 7.87672E-1 8.01584E-1 7.86241E-1 7.81972E-1 7.84977E-1 7.79083E-1 7.83282E-1
8.29587E-1 8.26648E-1 8.24681E-1 8.23716E-1 8.20261E-1 8.16402E-1 8.14435E-1 8.17287E-1 8.23271E-1 8.29317E-1 8.36821E-1 8.36841E-1 8.33869E-1 8.22617E-1 8.06701E-1 7.8975E-1 7.93112E-1 7.94131E-1 7.87703E-1 7.83749E-1 7.8408E-1 7.87072E-1 7.92252E-1 7.91443E-1 7.99217E-1 8.02391E-1 7.93977E-1 7.87658E-1 7.85565E-1 7.8637E-1 7.86411E-1 7.87207E-1 7.96116E-1 8.03968E-1 7.96416E-1 7.98028E-1 8.0636E-1 8.02708E-1 8.05276E-1 8.08718E-1 8.16163E-1 8.23009E-1 8.16422E-1 8.059E-1 8.0109E-1 8.02641E-1 8.05148E-1 8.01156E-1 7.95379E-1 7.93632E-1 7.93184E-1 7.94731E-1 7.9366E-1 7.88432E-1 7.83172E-1 7.77883E-1 7.72145E-1 7.70798E-1 7.75936E-1 7.814E-1 7.83554E-1
8.32992E-1 8.29061E-1 8.24796E-1 8.19336E-1 8.19849E-1 8.17609E-1 8.16664E-1 8.15372E-1 8.20686E-1 8.29069E-1 8.35328E-1 8.43718E-1 8.48404E-1 8.33906E-1 8.10439E-1 7.98119E-1 7.97182E-1 7.97689E-1 7.91949E-1 7.86265E-1 7.96075E-1 7.89283E-1 7.9315E-1 7.96308E-1 8.03935E-1 8.00505E-1 7.91061E-1 7.85259E-1 7.80567E-1 7.84727E-1 7.85193E-1 7.88622E-1 7.95552E-1 8.05252E-1 8.03079E-1 8.04031E-1 8.08847E-1 8.10151E-1 8.10512E-1 8.12783E-1 8.19141E-1 8.1862E-1 8.12936E-1 8.06844E-1 8.02096E-1 8.02406E-1 8.00826E-1 7.96963E-1 7.86825E-1 7.82321E-1 7.88697E-1 7.93499E-1 7.91552E-1 7.80594E-1 7.68883E-1 7.60396E-1 7.64885E-1 7.67174E-1 7.77855E-1 -9999 -9999
8.31862E-1 8.29053E-1 8.23967E-1 8.20123E-1 8.17715E-1 8.19596E-1 8.18572E-1 8.21733E-1 8.2389E-1 8.26098E-1 8.27552E-1 8.30891E-1 8.34088E-1 8.24257E-1 8.09336E-1 8.01545E-1 7.9649E-1 7.9862E-1 7.94887E-1 7.95753E-1 8.11761E-1 7.94373E-1 7.91197E-1 7.94537E-1 7.99869E-1 7.99999E-1 7.87485E-1 7.83465E-1 7.80123E-1 7.84529E-1 7.92872E-1 7.97956E-1 8.01212E-1 8.0554E-1 8.10337E-1 8.08355E-1 8.10299E-1 8.13687E-1 8.15943E-1 8.18011E-1 8.1325E-1 8.06281E-1 8.05813E-1 8.08692E-1 8.0559E-1 8.0442E-1 8.00959E-1 7.96396E-1 7.82966E-1 7.74652E-1 7.76819E-1 7.8139E-1 7.74999E-1 7.63146E-1 7.52486E-1 7.46223E-1 7.65011E-1 7.71011E-1 -9999 -9999 -9999
8.3181E-1 8.27554E-1 8.23316E-1 8.22025E-1 8.23373E-1 8.25712E-1 8.26936E-1 8.28122E-1 8.26529E-1 8.22976E-1 8.17411E-1 8.12145E-1 8.11707E-1 8.08713E-1 8.04243E-1 7.98316E-1 7.94954E-1 7.9708E-1 8.07703E-1 7.9883E-1 7.98238E-1 7.9259E-1 7.9178E-1 7.96127E-1 7.93887E-1 7.97719E-1 7.91172E-1 7.85651E-1 7.85133E-1 7.87958E-1 7.98998E-1 8.07568E-1 8.09281E-1 8.11729E-1 8.16159E-1 8.15537E-1 8.16204E-1 8.18423E-1 8.22472E-1 8.17745E-1 8.09344E-1 7.98433E-1 8.03572E-1 8.11087E-1 8.09168E-1 8.09547E-1 7.98262E-1 7.86367E-1 7.77241E-1 7.62681E-1 7.6306E-1 7.64025E-1 7.62055E-1 7.52209E-1 7.51571E-1 7.45888E-1 7.60233E-1 -9999 -9999 -9999 -9999
8.36044E-1 8.2584E-1 8.24732E-1 8.25134E-1 8.27795E-1 8.30589E-1 8.32529E-1 8.2867E-1 8.24698E-1 8.09573E-1 7.95814E-1 7.9843E-1 7.97593E-1 7.97672E-1 7.98329E-1 8.01075E-1 7.98957E-1 8.05838E-1 8.12451E-1 8.05181E-1 7.97394E-1 7.97932E-1 7.96949E-1 7.95278E-1 7.94669E-1 7.94851E-1 7.9772E-1 7.91963E-1 7.89176E-1 7.93179E-1 8.0313E-1 8.10392E-1 8.08312E-1 8.10972E-1 8.13002E-1 8.17197E-1 8.24385E-1 8.26237E-1 8.28824E-1 8.18134E-1 8.08567E-1 8.03787E-1 8.09234E-1 8.19703E-1 8.12403E-1 8.09024E-1 7.95579E-1 7.79108E-1 7.65215E-1 7.50814E-1 7.47277E-1 7.48329E-1 7.41613E-1 7.47317E-1 7.44181E-1 -9999 -9999 -9999 -9999 -9999 -9999
8.3825E-1 8.27348E-1 8.23269E-1 8.23118E-1 8.29375E-1 8.36393E-1 8.33852E-1 8.29528E-1 8.19954E-1 8.02645E-1 7.93527E-1 7.97388E-1 8.00053E-1 7.98525E-1 7.94647E-1 7.93957E-1 7.90147E-1 7.91155E-1 7.94453E-1 7.94522E-1 7.98023E-1 8.00665E-1 7.96165E-1 7.95066E-1 7.94895E-1 7.97341E-1 7.98207E-1 7.91432E-1 7.9142E-1 7.98047E-1 8.06476E-1 8.03481E-1 8.04824E-1 8.09431E-1 8.113E-1 8.16351E-1 8.26382E-1 8.24284E-1 8.2371E-1 8.1662E-1 8.07142E-1 8.03866E-1 8.10063E-1 8.12951E-1 8.07981E-1 8.0209E-1 7.86422E-1 7.65898E-1 7.47968E-1 7.384E-1 7.40715E-1 7.42484E-1 7.40016E-1 7.43367E-1 -9999 -9999 -9999 -9999 -9999 -9999 -9999
8.4123E-1 8.30427E-1 8.25889E-1 8.18893E-1 8.32287E-1 8.41127E-1 8.3553E-1 8.2753E-1 8.15753E-1 8.00854E-1 8.00869E-1 8.08609E-1 8.13246E-1 8.00419E-1 7.96113E-1 7.93303E-1 7.86905E-1 7.87233E-1 7.88431E-1 7.97747E-1 8.01258E-1 8.03343E-1 7.93914E-1 7.976E-1 8.00553E-1 8.05989E-1 7.97429E-1 7.89942E-1 7.9774E-1 8.06703E-1 8.01482E-1 8.07342E-1 8.06459E-1 8.04884E-1 8.15213E-1 8.20198E-1 8.18923E-1 8.18658E-1 8.16171E-1 8.11136E-1 8.02547E-1 8.00992E-1 8.0255E-1 8.03501E-1 7.98863E-1 7.93428E-1 7.79846E-1 7.6129E-1 7.4477E-1 7.49545E-1 7.4637E-1 7.43525E-1 -9999 -9999 -9999 -9999 -9999 -9999 -9999 -9999 -9999
8.47853E-1 8.41436E-1 8.35219E-1 8.29961E-1 8.33112E-1 8.35126E-1 8.35671E-1 8.34784E-1 8.19943E-1 8.06243E-1 8.05179E-1 8.12905E-1 8.08427E-1 8.06558E-1 8.04055E-1 8.03014E-1 7.95757E-1 7.90201E-1 7.8685E-1 7.93677E-1 7.99061E-1 8.01869E-1 7.94169E-1 7.94213E-1 8.02225E-1 8.14847E-1 8.0406E-1 8.0636E-1 8.05595E-1 8.09548E-1 8.10945E-1 8.10669E-1 8.10264E-1 8.09397E-1 8.14814E-1 8.16267E-1 8.16746E-1 8.13236E-1 8.09705E-1 8.06825E-1 7.98861E-1 7.96182E-1 7.96497E-1 7.96864E-1 7.96124E-1 7.89505E-1 7.82639E-1 7.67808E-1 7.58631E-1 7.59437E-1 7.59661E-1 -9999 -9999 -9999 -9999 -9999 -9999 -9999 -9999 -9999 -9999
8.5731E-1 8.55565E-1 8.47469E-1 8.43474E-1 8.4319E-1 8.41671E-1 8.43147E-1 8.41082E-1 8.30058E-1 8.17668E-1 8.16533E-1 8.17105E-1 8.15148E-1 8.12922E-1 8.16486E-1 8.18157E-1 8.14618E-1 8.08497E-1 8.04822E-1 8.07767E-1 8.09361E-1 8.06569E-1 8.03237E-1 8.04494E-1 8.14667E-1 8.27197E-1 8.18292E-1 8.22196E-1 8.19113E-1 8.17471E-1 8.15746E-1 8.14525E-1 8.14875E-1 8.15777E-1 8.23432E-1 8.28975E-1 8.28577E-1 8.15543E-1 8.08151E-1 8.00262E-1 7.89616E-1 7.87193E-1 7.83016E-1 7.86204E-1 7.95124E-1 7.89329E-1 7.80463E-1 7.75551E-1 7.80273E-1 7.71985E-1 -9999 -9999 -9999 -9999 -9999 -9999 -9999 -9999 -9999 -9999 -9999
8.6724E-1 8.64737E-1 8.58075E-1 8.53598E-1 8.52432E-1 8.5253E-1 8.54041E-1 8.53997E-1 8.47516E-1 8.36591E-1 8.33286E-1 8.32205E-1 8.27722E-1 8.25364E-1 8.28649E-1 8.32974E-1 8.3038E-1 8.27099E-1 8.27589E-1 8.26825E-1 8.2466E-1 8.21887E-1 8.26593E-1 8.33361E-1 8.3367E-1 8.3586E-1 8.30252E-1 8.34265E-1 8.30061E-1 8.25644E-1 8.21E-1 8.21289E-1 8.19786E-1 8.27118E-1 8.39129E-1 8.41445E-1 8.34286E-1 8.15665E-1 7.99725E-1 7.94934E-1 7.9268E-1 7.86471E-1 7.82584E-1 7.76816E-1 7.82481E-1 7.87434E-1 7.82177E-1 7.8179E-1 7.93968E-1 7.89205E-1 -9999 -9999 -9999 -9999 -9999 -9999 -9999 -9999 -9999 -9999 -9999
