maxent_outputs/white_flowers_troch_bombus_environ/white_80.asc
ncols         426
nrows         180
xllcorner     -130.0
yllcorner     24.0
cellsize      0.16666666666666666
NODATA_value  -9999
[rows 81 to 107 of 180, columns 122 to 182 of 426]
1.12627E-1 1.09269E-1 1.21264E-1 1.03576E-1 1.00434E-1 1.03983E-1 1.14005E-1 1.09734E-1 1.04814E-1 1.04792E-1 1.02025E-1 1.04785E-1 1.05662E-1 1.02638E-1 9.70605E-2 8.78621E-2 7.96209E-2 8.20291E-2 7.5849E-2 7.81859E-2 7.98434E-2 7.73135E-2 6.39637E-2 6.08282E-2 9.85587E-2 1.36379E-1 1.85008E-1 1.976E-1 1.92001E-1 2.01108E-1 1.98464E-1 1.95134E-1 1.94833E-1 1.97341E-1 1.98854E-1 1.98137E-1 2.0255E-1 2.07836E-1 2.06113E-1 2.02758E-1 2.08698E-1 2.18967E-1 2.253E-1 2.32918E-1 2.38697E-1 2.37615E-1 2.40926E-1 2.4319E-1 2.47911E-1 2.51601E-1 2.59112E-1 2.60647E-1 2.64886E-1 2.68685E-1 2.69326E-1 2.73025E-1 2.78007E-1 2.82544E-1 2.86687E-1 2.89895E-1 2.90284E-1
1.11042E-1 1.12705E-1 1.14363E-1 1.18849E-1 1.16644E-1 1.14688E-1 1.06047E-1 1.07617E-1 1.06972E-1 1.09825E-1 1.06862E-1 1.06872E-1 1.00643E-1 9.96215E-2 9.38203E-2 9.33907E-2 8.82104E-2 8.71621E-2 7.15401E-2 6.59563E-2 7.5576E-2 7.63175E-2 7.16161E-2 6.57623E-2 8.48523E-2 1.40782E-1 2.03934E-1 1.99422E-1 1.94771E-1 1.92944E-1 1.90053E-1 1.90158E-1 1.90766E-1 1.90552E-1 1.95773E-1 2.01018E-1 2.02348E-1 2.01602E-1 2.05627E-1 2.04115E-1 2.08052E-1 2.18735E-1 2.25051E-1 2.34564E-1 2.38304E-1 2.39353E-1 2.40527E-1 2.40995E-1 2.43318E-1 2.53145E-1 2.63085E-1 2.70062E-1 2.73709E-1 2.77851E-1 2.84225E-1 2.85735E-1 2.88273E-1 2.91671E-1 2.994E-1 3.04164E-1 3.0309E-1
1.08173E-1 1.17473E-1 1.18367E-1 1.16381E-1 1.1778E-1 1.24639E-1 1.20694E-1 1.1167E-1 1.13061E-1 1.17447E-1 1.03103E-1 9.54879E-2 8.79466E-2 8.09187E-2 7.07312E-2 6.65893E-2 7.14943E-2 7.50744E-2 7.18915E-2 6.53602E-2 6.35697E-2 6.87842E-2 6.105E-2 6.77524E-2 7.35628E-2 1.34687E-1 2.15056E-1 2.09949E-1 1.97396E-1 1.9484E-1 1.92644E-1 1.91937E-1 1.90938E-1 1.9146E-1 1.97467E-1 1.95477E-1 1.95476E-1 2.00425E-1 2.01287E-1 2.04993E-1 2.12881E-1 2.20905E-1 2.28522E-1 2.35257E-1 2.44749E-1 2.49241E-1 2.53341E-1 2.54274E-1 2.54737E-1 2.66348E-1 2.69391E-1 2.73903E-1 2.80858E-1 2.86988E-1 2.92135E-1 2.92576E-1 2.93324E-1 2.97794E-1 3.0584E-1 3.11125E-1 3.10161E-1
1.23055E-1 1.33523E-1 1.35628E-1 1.40359E-1 1.40394E-1 1.47949E-1 1.27389E-1 1.14472E-1 1.16702E-1 1.10908E-1 9.59664E-2 8.87993E-2 8.73808E-2 6.67469E-2 5.18418E-2 6.14779E-2 7.96577E-2 8.51353E-2 8.0588E-2 6.99487E-2 6.64763E-2 6.74378E-2 6.70647E-2 6.41546E-2 8.86694E-2 1.19959E-1 1.92475E-1 2.32349E-1 2.26454E-1 2.06176E-1 1.98158E-1 1.93365E-1 1.95421E-1 1.91709E-1 1.98681E-1 1.98369E-1 1.96772E-1 1.99404E-1 1.98937E-1 2.07094E-1 2.13892E-1 2.23561E-1 2.27291E-1 2.30242E-1 2.4151E-1 2.54853E-1 2.5671E-1 2.61355E-1 2.65143E-1 2.64309E-1 2.6458E-1 2.71121E-1 2.82207E-1 2.89059E-1 2.95041E-1 2.96951E-1 2.98302E-1 3.00323E-1 3.04205E-1 3.10003E-1 3.1258E-1
1.34473E-1 1.36756E-1 1.41038E-1 1.52673E-1 1.54007E-1 1.45266E-1 1.17225E-1 1.11833E-1 1.13857E-1 1.04592E-1 9.39331E-2 8.26701E-2 7.68739E-2 5.12539E-2 5.5213E-2 8.68973E-2 8.48514E-2 6.83027E-2 6.89354E-2 6.43872E-2 5.99251E-2 6.26194E-2 5.27605E-2 6.40194E-2 1.03153E-1 1.2307E-1 1.7478E-1 2.39662E-1 2.41355E-1 2.12391E-1 1.94115E-1 1.93539E-1 1.94404E-1 1.90962E-1 1.9981E-1 2.01089E-1 2.04279E-1 1.98867E-1 1.96285E-1 2.05098E-1 2.15144E-1 2.23658E-1 2.27269E-1 2.34845E-1 2.35449E-1 2.38434E-1 2.51834E-1 2.55388E-1 2.50156E-1 2.57135E-1 2.68461E-1 2.72867E-1 2.7896E-1 2.89605E-1 2.96482E-1 2.97988E-1 3.00908E-1 3.04747E-1 3.07514E-1 3.11521E-1 3.1738E-1
1.44888E-1 1.4743E-1 1.5167E-1 1.3935E-1 1.41718E-1 1.33248E-1 1.07908E-1 1.06139E-1 9.18104E-2 9.8588E-2 1.08328E-1 1.38516E-1 1.318E-1 9.88197E-2 8.19675E-2 8.13965E-2 8.11338E-2 7.12012E-2 6.53081E-2 6.46844E-2 5.48687E-2 6.11113E-2 5.57663E-2 5.13393E-2 7.15798E-2 1.07344E-1 1.37096E-1 2.16255E-1 2.19351E-1 2.00125E-1 1.81259E-1 1.81457E-1 1.86899E-1 1.87775E-1 1.94432E-1 2.02355E-1 1.9608E-1 1.89426E-1 1.93619E-1 2.02035E-1 2.11409E-1 2.22598E-1 2.27967E-1 2.3415E-1 2.38605E-1 2.37762E-1 2.44937E-1 2.47498E-1 2.51967E-1 2.56957E-1 2.61511E-1 2.64594E-1 2.7667E-1 2.84407E-1 2.93826E-1 2.99709E-1 3.037E-1 3.0762E-1 3.12261E-1 3.16278E-1 3.22486E-1
1.32964E-1 1.45933E-1 1.63862E-1 1.75717E-1 1.86649E-1 1.83298E-1 1.45369E-1 1.46107E-1 1.54965E-1 1.51694E-1 1.00144E-1 1.02637E-1 1.04106E-1 7.7703E-2 9.54296E-2 7.91492E-2 7.06892E-2 6.43969E-2 5.10189E-2 5.09108E-2 4.6907E-2 4.79239E-2 5.44685E-2 6.03905E-2 7.18096E-2 9.8234E-2 1.19836E-1 1.64265E-1 1.7892E-1 1.69964E-1 1.5853E-1 1.66938E-1 1.73577E-1 1.75062E-1 1.77641E-1 1.79649E-1 1.75316E-1 1.83917E-1 1.92623E-1 2.0195E-1 2.11483E-1 2.21789E-1 2.31173E-1 2.36846E-1 2.40944E-1 2.3945E-1 2.44446E-1 2.49785E-1 2.52215E-1 2.54832E-1 2.58086E-1 2.64144E-1 2.73045E-1 2.82798E-1 2.92759E-1 3.01107E-1 3.06811E-1 3.10858E-1 3.13802E-1 3.21515E-1 3.30699E-1
1.31406E-1 1.81682E-1 1.96852E-1 1.72683E-1 1.80424E-1 1.80414E-1 1.87689E-1 1.70134E-1 1.81232E-1 1.51394E-1 1.10237E-1 8.04164E-2 7.08331E-2 6.28311E-2 7.60339E-2 5.71985E-2 6.24562E-2 5.55124E-2 4.46034E-2 4.63582E-2 4.31916E-2 5.0304E-2 5.52771E-2 5.32354E-2 6.11981E-2 7.64439E-2 1.16663E-1 1.13954E-1 1.45522E-1 1.28547E-1 1.2653E-1 1.49945E-1 1.59025E-1 1.62029E-1 1.66383E-1 1.70277E-1 1.75565E-1 1.82134E-1 1.89816E-1 2.01049E-1 2.10564E-1 2.18648E-1 2.28121E-1 2.34528E-1 2.40038E-1 2.42637E-1 2.46474E-1 2.53203E-1 2.56018E-1 2.57408E-1 2.62622E-1 2.67491E-1 2.7965E-1 2.88123E-1 2.96381E-1 3.04453E-1 3.09568E-1 3.14502E-1 3.19039E-1 3.24893E-1 3.33462E-1
1.80923E-1 1.89286E-1 1.72881E-1 1.92383E-1 1.8603E-1 1.74605E-1 2.05911E-1 2.14707E-1 1.337E-1 8.63234E-2 6.78812E-2 5.48268E-2 6.38568E-2 7.25109E-2 5.74752E-2 3.859E-2 3.97181E-2 4.25103E-2 3.50063E-2 4.31053E-2 4.8809E-2 5.12666E-2 4.89733E-2 4.89207E-2 5.88646E-2 7.29112E-2 8.01764E-2 8.33363E-2 1.11068E-1 1.18184E-1 1.17724E-1 1.3957E-1 1.46169E-1 1.50418E-1 1.59865E-1 1.72919E-1 1.84312E-1 1.92218E-1 1.93842E-1 1.96128E-1 2.05149E-1 2.11002E-1 2.18816E-1 2.28977E-1 2.35988E-1 2.42266E-1 2.56196E-1 2.63039E-1 2.69261E-1 2.71973E-1 2.7098E-1 2.77101E-1 2.8837E-1 2.95747E-1 2.99093E-1 3.06032E-1 3.14473E-1 3.22428E-1 3.28995E-1 3.33631E-1 3.35553E-1
1.76477E-1 1.78299E-1 1.88384E-1 1.82557E-1 1.25289E-1 1.13916E-1 1.56798E-1 2.05605E-1 1.70374E-1 1.15006E-1 1.41384E-1 1.04762E-1 1.10116E-1 8.31929E-2 6.46384E-2 4.21902E-2 3.78262E-2 3.75191E-2 3.59977E-2 3.68006E-2 5.35746E-2 6.20248E-2 4.96564E-2 4.74893E-2 5.48889E-2 6.38597E-2 6.53936E-2 6.19542E-2 1.20357E-1 1.62949E-1 1.46921E-1 1.55281E-1 1.45913E-1 1.57019E-1 1.71171E-1 1.86114E-1 1.95681E-1 2.02578E-1 2.05089E-1 2.09191E-1 2.10694E-1 2.13755E-1 2.1541E-1 2.24576E-1 2.37865E-1 2.49698E-1 2.67042E-1 2.76491E-1 2.80554E-1 2.82215E-1 2.88234E-1 2.95423E-1 2.99487E-1 3.03652E-1 3.07569E-1 3.14023E-1 3.22899E-1 3.30071E-1 3.34231E-1 3.33366E-1 3.35492E-1
2.04969E-1 2.07874E-1 2.07751E-1 2.06784E-1 1.76755E-1 1.1016E-1 1.09694E-1 1.71343E-1 2.02586E-1 1.99484E-1 1.87637E-1 1.59117E-1 1.14721E-1 6.0622E-2 5.11784E-2 4.4969E-2 3.85887E-2 4.20574E-2 3.9413E-2 3.68612E-2 5.11763E-2 8.22396E-2 5.19689E-2 4.65788E-2 6.06415E-2 6.76058E-2 8.13104E-2 5.85613E-2 1.02148E-1 1.9194E-1 1.84367E-1 1.81426E-1 1.74389E-1 1.75937E-1 1.8555E-1 1.95629E-1 2.01264E-1 2.08405E-1 2.08011E-1 2.12814E-1 2.11957E-1 2.1099E-1 2.14414E-1 2.22877E-1 2.35039E-1 2.47053E-1 2.56796E-1 2.65444E-1 2.694E-1 2.77642E-1 2.88486E-1 3.02512E-1 3.13084E-1 3.20075E-1 3.23722E-1 3.28906E-1 3.35181E-1 3.37032E-1 3.39029E-1 3.38894E-1 3.41987E-1
2.41442E-1 2.05878E-1 1.31898E-1 1.35711E-1 2.02117E-1 1.53823E-1 9.74039E-2 1.31447E-1 1.61894E-1 1.76958E-1 1.73879E-1 1.18732E-1 7.90987E-2 5.26133E-2 4.97056E-2 4.62408E-2 3.83292E-2 3.96882E-2 4.36408E-2 4.03115E-2 4.87514E-2 9.51865E-2 7.76341E-2 6.11489E-2 7.21466E-2 1.18018E-1 1.49905E-1 1.38879E-1 1.72642E-1 1.98611E-1 2.02676E-1 1.9868E-1 1.92583E-1 1.90886E-1 1.99442E-1 2.07933E-1 2.1091E-1 2.17177E-1 2.0776E-1 2.04913E-1 2.10081E-1 2.14964E-1 2.18933E-1 2.26206E-1 2.34336E-1 2.45544E-1 2.55086E-1 2.62082E-1 2.69633E-1 2.74928E-1 2.85416E-1 2.95831E-1 3.07823E-1 3.10483E-1 3.1728E-1 3.23267E-1 3.28192E-1 3.31693E-1 3.29973E-1 3.33614E-1 3.41338E-1
2.17679E-1 1.919E-1 1.1259E-1 1.30183E-1 1.99878E-1 2.01154E-1 1.50709E-1 1.07407E-1 1.02589E-1 1.22044E-1 1.50314E-1 1.20399E-1 6.65986E-2 4.87629E-2 4.61943E-2 4.09367E-2 3.73998E-2 3.79233E-2 3.85194E-2 4.14503E-2 4.63711E-2 5.81088E-2 7.84025E-2 1.14659E-1 1.35103E-1 1.5305E-1 2.00864E-1 2.33421E-1 2.23921E-1 2.15308E-1 2.14977E-1 2.12965E-1 2.08307E-1 2.02921E-1 2.10365E-1 2.17532E-1 2.17143E-1 2.19205E-1 2.17947E-1 2.13427E-1 2.1586E-1 2.21677E-1 2.2404E-1 2.2894E-1 2.33995E-1 2.45372E-1 2.53916E-1 2.6138E-1 2.69493E-1 2.77703E-1 2.87272E-1 2.97384E-1 3.08683E-1 3.1141E-1 3.16004E-1 3.22279E-1 3.28432E-1 3.35369E-1 3.40867E-1 3.43337E-1 3.45972E-1
1.85917E-1 1.7044E-1 1.52338E-1 1.7027E-1 2.00661E-1 1.80767E-1 1.83309E-1 1.59318E-1 1.17426E-1 8.59354E-2 8.76959E-2 1.11296E-1 6.76214E-2 5.07828E-2 4.52472E-2 4.20492E-2 3.76382E-2 3.51071E-2 4.39794E-2 4.94571E-2 5.44817E-2 5.78824E-2 6.19352E-2 6.11377E-2 8.91595E-2 1.0017E-1 9.58122E-2 1.8059E-1 2.17813E-1 2.24498E-1 2.35958E-1 2.23252E-1 2.23073E-1 2.18945E-1 2.19266E-1 2.20159E-1 2.21682E-1 2.23924E-1 2.26281E-1 2.26356E-1 2.25675E-1 2.30211E-1 2.32758E-1 2.37189E-1 2.43564E-1 2.49831E-1 2.57589E-1 2.64252E-1 2.74064E-1 2.82387E-1 2.90923E-1 3.03948E-1 3.12433E-1 3.15209E-1 3.19201E-1 3.24667E-1 3.32856E-1 3.41892E-1 3.48467E-1 3.52335E-1 3.55242E-1
1.95409E-1 1.61244E-1 1.53436E-1 1.4747E-1 1.87352E-1 1.71687E-1 1.5354E-1 1.32921E-1 1.14747E-1 9.67609E-2 7.17296E-2 8.16761E-2 5.59189E-2 4.18153E-2 4.13421E-2 4.00664E-2 4.01856E-2 3.64645E-2 4.71745E-2 5.04656E-2 6.39164E-2 6.81958E-2 6.52727E-2 6.28768E-2 5.62414E-2 8.01142E-2 6.41833E-2 1.02474E-1 1.86125E-1 2.12496E-1 2.14408E-1 2.19116E-1 2.23027E-1 2.19945E-1 2.26199E-1 2.28612E-1 2.32137E-1 2.39945E-1 2.44594E-1 2.39439E-1 2.35799E-1 2.40325E-1 2.46246E-1 2.52503E-1 2.60375E-1 2.66015E-1 2.72234E-1 2.75837E-1 2.80457E-1 2.88895E-1 2.99938E-1 3.11821E-1 3.17581E-1 3.15545E-1 3.23338E-1 3.28536E-1 3.33775E-1 3.42345E-1 3.52194E-1 3.59085E-1 3.61384E-1
1.51445E-1 1.30597E-1 1.12924E-1 1.16296E-1 1.34415E-1 1.57903E-1 1.56172E-1 1.13169E-1 8.43955E-2 7.27121E-2 6.79293E-2 4.5312E-2 3.84641E-2 3.99724E-2 3.8211E-2 3.57649E-2 3.99124E-2 3.92189E-2 4.4097E-2 5.63246E-2 6.62847E-2 6.01801E-2 6.18319E-2 6.82242E-2 5.42963E-2 6.78129E-2 7.91012E-2 7.76213E-2 1.55024E-1 1.99035E-1 2.14215E-1 2.2585E-1 2.33702E-1 2.24977E-1 2.27548E-1 2.29255E-1 2.37287E-1 2.49356E-1 2.47533E-1 2.46266E-1 2.47495E-1 2.46915E-1 2.52071E-1 2.61914E-1 2.69523E-1 2.73587E-1 2.83169E-1 2.91213E-1 2.95793E-1 3.00165E-1 3.13107E-1 3.18766E-1 3.23506E-1 3.21079E-1 3.23277E-1 3.29296E-1 3.36441E-1 3.46644E-1 3.56279E-1 3.61543E-1 3.67012E-1
1.65806E-1 1.4918E-1 1.57474E-1 1.30019E-1 1.28272E-1 1.37506E-1 1.14441E-1 1.00793E-1 8.7209E-2 7.59468E-2 5.94919E-2 5.11257E-2 4.25686E-2 3.91907E-2 4.0463E-2 3.83345E-2 4.57843E-2 4.87077E-2 5.75422E-2 6.31313E-2 6.44344E-2 5.94586E-2 6.29702E-2 6.85589E-2 7.94573E-2 7.02425E-2 1.08546E-1 1.41983E-1 1.86342E-1 2.1063E-1 2.09001E-1 2.13387E-1 2.36822E-1 2.38086E-1 2.34278E-1 2.37395E-1 2.50754E-1 2.67194E-1 2.58771E-1 2.53261E-1 2.5231E-1 2.51538E-1 2.53581E-1 2.57815E-1 2.69428E-1 2.77118E-1 2.85001E-1 2.92128E-1 2.97209E-1 3.06167E-1 3.13177E-1 3.18411E-1 3.24136E-1 3.27132E-1 3.31391E-1 3.39042E-1 3.44792E-1 3.52634E-1 3.58912E-1 3.63837E-1 3.71767E-1
2.05594E-1 1.92675E-1 2.06648E-1 1.90318E-1 1.59384E-1 1.38848E-1 1.38316E-1 1.18791E-1 1.01067E-1 8.86971E-2 8.98877E-2 7.94913E-2 5.09393E-2 5.39655E-2 5.76857E-2 5.35472E-2 5.14012E-2 6.37105E-2 5.99302E-2 6.16329E-2 6.20072E-2 5.72117E-2 6.04958E-2 6.65272E-2 7.06594E-2 5.37797E-2 6.10095E-2 1.08923E-1 1.63861E-1 1.97298E-1 2.02537E-1 2.22845E-1 2.24174E-1 2.28086E-1 2.28814E-1 2.51358E-1 2.70302E-1 2.74622E-1 2.66842E-1 2.65036E-1 2.4488E-1 2.44818E-1 2.5211E-1 2.59485E-1 2.72701E-1 2.84303E-1 2.95819E-1 3.0076E-1 3.04785E-1 3.13202E-1 3.16363E-1 3.18323E-1 3.25137E-1 3.30647E-1 3.3807E-1 3.39318E-1 3.44777E-1 3.53536E-1 3.59685E-1 3.63808E-1 3.7059E-1
2.2526E-1 2.15679E-1 2.11647E-1 2.0508E-1 2.00392E-1 1.74062E-1 1.54099E-1 1.40615E-1 1.12429E-1 8.15278E-2 1.14046E-1 9.25305E-2 8.37574E-2 8.09335E-2 7.76795E-2 6.70193E-2 7.61954E-2 6.43953E-2 5.26911E-2 6.00502E-2 6.62478E-2 5.98329E-2 6.18333E-2 6.67095E-2 7.26313E-2 7.32485E-2 6.39428E-2 8.30816E-2 1.08749E-1 1.60558E-1 1.98882E-1 2.04534E-1 2.14807E-1 2.14853E-1 2.26095E-1 2.44798E-1 2.45513E-1 2.43886E-1 2.36176E-1 2.4169E-1 2.4355E-1 2.55362E-1 2.65697E-1 2.70631E-1 2.80402E-1 2.92254E-1 3.00803E-1 3.07287E-1 3.13304E-1 3.2065E-1 3.29526E-1 3.35228E-1 3.36254E-1 3.39604E-1 3.45963E-1 3.52109E-1 3.59307E-1 3.61403E-1 3.64941E-1 3.7449E-1 3.81781E-1
2.22634E-1 2.23527E-1 2.27309E-1 2.18143E-1 2.04188E-1 1.83537E-1 1.70455E-1 1.52454E-1 1.41416E-1 1.14543E-1 1.34336E-1 1.20521E-1 1.13785E-1 1.08503E-1 1.03972E-1 8.72156E-2 8.42346E-2 7.13527E-2 5.26358E-2 5.75187E-2 5.96639E-2 6.44002E-2 6.65387E-2 7.62726E-2 7.17341E-2 7.11231E-2 5.41339E-2 6.43864E-2 1.24153E-1 1.50282E-1 1.85959E-1 2.12623E-1 2.11273E-1 2.13755E-1 2.21858E-1 2.22958E-1 2.09697E-1 2.08712E-1 2.26867E-1 2.37614E-1 2.46001E-1 2.59913E-1 2.70592E-1 2.7878E-1 2.86539E-1 2.97641E-1 3.08438E-1 3.14501E-1 3.21058E-1 3.25679E-1 3.32234E-1 3.4401E-1 3.54878E-1 3.54584E-1 3.56447E-1 3.65803E-1 3.71163E-1 3.83803E-1 3.86494E-1 3.93999E-1 4.06113E-1
2.10834E-1 2.05312E-1 2.11733E-1 2.22704E-1 1.97904E-1 1.94625E-1 1.9855E-1 1.71972E-1 1.50134E-1 1.51327E-1 1.5889E-1 1.33848E-1 1.285E-1 1.39113E-1 1.23199E-1 1.10442E-1 9.03395E-2 8.01388E-2 6.61902E-2 5.45535E-2 5.83985E-2 6.90599E-2 6.9807E-2 7.62105E-2 7.11057E-2 6.59835E-2 5.07667E-2 8.06307E-2 1.28211E-1 1.51863E-1 1.69186E-1 1.40808E-1 1.89489E-1 2.11548E-1 2.07128E-1 2.06488E-1 2.15255E-1 2.32303E-1 2.55083E-1 2.70722E-1 2.75696E-1 2.7707E-1 2.84912E-1 2.96104E-1 3.07132E-1 3.14268E-1 3.24391E-1 3.26501E-1 3.27795E-1 3.34354E-1 3.39447E-1 3.50808E-1 3.61853E-1 3.70745E-1 3.76551E-1 3.8558E-1 3.92366E-1 4.03594E-1 4.08302E-1 4.13703E-1 4.2123E-1
2.07432E-1 2.06683E-1 2.02055E-1 2.21377E-1 2.13356E-1 1.9338E-1 1.91624E-1 1.91292E-1 1.81721E-1 1.69896E-1 1.75879E-1 1.63288E-1 1.62072E-1 1.4976E-1 1.2659E-1 1.09744E-1 9.52635E-2 7.97914E-2 7.68614E-2 5.36158E-2 5.7296E-2 6.3142E-2 6.98364E-2 6.95375E-2 7.47672E-2 6.47186E-2 5.37126E-2 1.00603E-1 1.16598E-1 1.26607E-1 1.40146E-1 1.41026E-1 1.20123E-1 1.44925E-1 1.80913E-1 2.1963E-1 2.32765E-1 2.56784E-1 2.74378E-1 2.88403E-1 2.96905E-1 2.98992E-1 3.09159E-1 3.12314E-1 3.12853E-1 3.18012E-1 3.25046E-1 3.27549E-1 3.31454E-1 3.39772E-1 3.47185E-1 3.56639E-1 3.67319E-1 3.70811E-1 3.79774E-1 3.89687E-1 3.99262E-1 4.12769E-1 4.14828E-1 4.19597E-1 4.26021E-1
2.06803E-1 2.01092E-1 1.80926E-1 1.90192E-1 2.10299E-1 1.90159E-1 1.92806E-1 1.95926E-1 1.92872E-1 1.90535E-1 1.84365E-1 1.77733E-1 1.68179E-1 1.38926E-1 1.168E-1 1.00716E-1 9.83247E-2 9.37672E-2 8.36128E-2 6.949E-2 5.5476E-2 6.38399E-2 6.99101E-2 7.6965E-2 7.85029E-2 6.12325E-2 6.15271E-2 1.10673E-1 1.35932E-1 1.4799E-1 1.63175E-1 1.62125E-1 1.52056E-1 1.41302E-1 1.57289E-1 1.95636E-1 2.14951E-1 2.36512E-1 2.54193E-1 2.74768E-1 2.84831E-1 2.93021E-1 2.94892E-1 2.98537E-1 3.06093E-1 3.16322E-1 3.24135E-1 3.32958E-1 3.44177E-1 3.50684E-1 3.59362E-1 3.65907E-1 3.74039E-1 3.80599E-1 3.83006E-1 3.92971E-1 4.02289E-1 4.10847E-1 4.15766E-1 4.21139E-1 4.32149E-1
2.05452E-1 2.00991E-1 1.80067E-1 1.78724E-1 1.88679E-1 1.80379E-1 1.88383E-1 1.85936E-1 1.73608E-1 1.76897E-1 1.73916E-1 1.7076E-1 1.61274E-1 1.32572E-1 1.18155E-1 9.93001E-2 9.75437E-2 1.01626E-1 8.70089E-2 8.01362E-2 7.25374E-2 8.53713E-2 8.26135E-2 9.26801E-2 8.41796E-2 5.9329E-2 7.11655E-2 1.17916E-1 1.60274E-1 1.73351E-1 1.67223E-1 1.69161E-1 1.50451E-1 1.50941E-1 1.66165E-1 1.88319E-1 2.11766E-1 2.33427E-1 2.58508E-1 2.75317E-1 2.7991E-1 2.90891E-1 2.97815E-1 3.1171E-1 3.16058E-1 3.26473E-1 3.33094E-1 3.38305E-1 3.43184E-1 3.55127E-1 3.67919E-1 3.76754E-1 3.73536E-1 3.6461E-1 3.68342E-1 3.80774E-1 3.96896E-1 4.03265E-1 4.11602E-1 4.19003E-1 4.25705E-1
2.07841E-1 1.92584E-1 1.58831E-1 1.28545E-1 1.754E-1 1.86939E-1 1.91901E-1 1.84377E-1 1.69429E-1 1.6538E-1 1.44987E-1 1.44834E-1 1.45191E-1 1.2231E-1 1.14418E-1 1.00364E-1 1.01963E-1 1.09586E-1 9.7908E-2 1.03034E-1 1.02425E-1 1.26978E-1 1.11351E-1 1.0661E-1 1.0756E-1 7.82433E-2 6.82716E-2 9.3985E-2 1.69275E-1 1.75498E-1 1.7256E-1 1.72882E-1 1.69163E-1 1.79315E-1 1.85267E-1 1.9822E-1 2.21613E-1 2.43893E-1 2.60633E-1 2.75028E-1 2.83219E-1 2.97026E-1 3.05673E-1 3.16681E-1 3.20312E-1 3.25472E-1 3.29141E-1 3.38893E-1 3.51379E-1 3.59795E-1 3.67937E-1 3.76699E-1 3.63565E-1 3.60679E-1 3.59886E-1 3.73733E-1 3.8756E-1 3.95621E-1 4.05977E-1 4.15202E-1 4.22034E-1
2.00696E-1 1.68957E-1 1.31632E-1 1.12727E-1 1.35716E-1 1.8965E-1 1.87403E-1 1.82568E-1 1.74364E-1 1.62222E-1 1.45362E-1 1.30091E-1 1.26965E-1 1.11365E-1 1.00327E-1 9.69322E-2 9.34579E-2 1.0143E-1 1.30171E-1 1.4626E-1 1.58082E-1 1.53535E-1 1.42529E-1 1.20677E-1 9.55565E-2 6.63779E-2 8.2586E-2 1.11429E-1 1.59337E-1 1.80667E-1 1.78613E-1 1.80459E-1 1.74548E-1 1.83077E-1 2.05757E-1 2.16092E-1 2.36551E-1 2.55539E-1 2.65889E-1 2.73023E-1 2.7768E-1 2.91045E-1 3.02837E-1 3.16026E-1 3.23848E-1 3.27104E-1 3.34495E-1 3.4474E-1 3.55111E-1 3.6434E-1 3.78712E-1 3.73982E-1 3.70614E-1 3.72647E-1 3.78059E-1 3.83888E-1 3.89914E-1 4.02252E-1 4.10857E-1 4.15288E-1 4.15713E-1
1.90274E-1 1.70055E-1 1.32295E-1 1.13608E-1 1.06614E-1 1.56799E-1 1.87729E-1 1.82343E-1 1.75654E-1 1.65661E-1 1.49221E-1 1.31523E-1 1.13111E-1 1.05604E-1 9.83511E-2 9.83766E-2 9.61834E-2 8.48532E-2 9.15354E-2 9.87887E-2 1.49994E-1 1.75774E-1 1.55627E-1 1.03849E-1 6.72023E-2 9.22781E-2 1.26041E-1 1.36697E-1 1.51963E-1 1.71124E-1 1.82087E-1 2.02934E-1 1.88346E-1 1.97445E-1 2.21423E-1 2.54006E-1 2.65377E-1 2.65218E-1 2.76831E-1 2.74936E-1 2.84914E-1 2.95249E-1 3.0544E-1 3.11463E-1 3.20912E-1 3.30662E-1 3.37767E-1 3.48209E-1 3.5953E-1 3.70777E-1 3.74412E-1 3.81071E-1 3.84066E-1 3.85691E-1 3.87916E-1 3.8767E-1 3.90597E-1 3.98676E-1 4.10218E-1 4.10072E-1 4.13908E-1
