maxent_outputs/white_flowers_troch_bombus_environ/white_55.asc
ncols         426
nrows         180
xllcorner     -130.0
yllcorner     24.0
cellsize      0.16666666666666666
NODATA_value  -9999
[rows 0 to 26 of 180, columns 305 to 365 of 426]
4.51862E-2 3.72028E-2 3.52444E-2 3.14591E-2 3.06195E-2 3.02159E-2 3.12029E-2 3.30305E-2 3.45751E-2 3.53852E-2 3.55341E-2 3.4781E-2 3.51357E-2 3.90227E-2 4.49653E-2 6.15795E-2 6.53627E-2 5.0466E-2 4.52013E-2 4.04762E-2 4.55917E-2 5.66607E-2 6.29188E-2 6.01437E-2 5.26997E-2 3.80018E-2 3.75026E-2 4.02163E-2 4.51276E-2 3.50168E-2 3.10995E-2 3.42995E-2 2.91972E-2 3.26067E-2 5.16978E-2 4.66008E-2 4.33903E-2 2.93247E-2 2.68026E-2 2.80739E-2 2.56194E-2 2.44988E-2 2.60778E-2 2.85922E-2 2.73072E-2 2.45967E-2 2.34521E-2 2.46416E-2 2.35518E-2 2.35253E-2 2.46462E-2 2.49521E-2 2.41381E-2 2.71014E-2 2.73381E-2 2.57734E-2 3.18944E-2 2.84876E-2 2.53885E-2 2.68753E-2 2.91911E-2
4.85836E-2 3.62367E-2 3.7533E-2 3.3497E-2 3.20854E-2 3.17147E-2 3.46319E-2 3.63064E-2 3.73802E-2 4.58749E-2 6.22489E-2 8.08508E-2 8.03967E-2 8.74462E-2 7.69086E-2 5.80617E-2 5.8072E-2 4.86636E-2 4.60459E-2 4.84142E-2 5.93923E-2 7.34099E-2 8.03712E-2 6.52301E-2 5.80568E-2 5.79967E-2 4.81153E-2 3.98312E-2 3.62626E-2 3.63615E-2 3.39141E-2 3.34985E-2 3.04997E-2 2.86964E-2 2.81377E-2 2.84322E-2 2.70248E-2 2.70456E-2 2.76498E-2 2.7249E-2 2.52748E-2 2.60149E-2 2.60467E-2 2.69385E-2 2.67361E-2 2.57314E-2 2.50204E-2 2.59213E-2 2.37226E-2 2.44148E-2 2.34427E-2 2.54328E-2 2.58952E-2 2.66948E-2 2.58816E-2 2.45541E-2 2.38476E-2 2.48317E-2 2.47514E-2 2.63305E-2 2.76781E-2
7.32934E-2 3.95157E-2 3.27999E-2 3.10238E-2 3.19593E-2 3.25243E-2 3.54622E-2 3.63717E-2 3.56713E-2 3.60092E-2 5.95822E-2 6.9274E-2 7.40316E-2 6.95572E-2 6.31242E-2 7.40522E-2 6.56808E-2 5.29419E-2 4.31094E-2 4.80461E-2 6.6027E-2 5.61189E-2 5.13578E-2 4.31385E-2 3.99907E-2 4.21513E-2 4.02425E-2 3.78401E-2 3.51586E-2 3.49972E-2 3.12512E-2 2.84926E-2 2.92143E-2 2.92375E-2 2.95233E-2 2.69073E-2 2.6171E-2 2.59892E-2 2.6107E-2 2.57514E-2 2.55478E-2 2.5811E-2 2.57758E-2 2.79141E-2 2.79055E-2 2.44193E-2 2.43146E-2 2.45913E-2 2.58916E-2 2.55696E-2 2.34628E-2 2.35628E-2 2.24972E-2 2.38066E-2 2.58777E-2 2.47842E-2 2.43807E-2 2.4892E-2 2.54953E-2 2.63627E-2 2.65844E-2
5.08975E-2 3.97825E-2 3.40759E-2 3.19328E-2 3.20514E-2 3.27036E-2 3.64742E-2 3.82667E-2 3.57113E-2 3.65002E-2 3.78946E-2 3.62589E-2 3.88948E-2 4.37869E-2 5.0242E-2 6.19433E-2 5.03033E-2 4.49396E-2 4.38488E-2 5.12938E-2 4.91252E-2 4.00576E-2 3.99102E-2 3.48021E-2 3.54263E-2 3.44727E-2 3.64076E-2 3.68663E-2 3.29303E-2 3.19227E-2 3.36978E-2 3.24706E-2 2.8672E-2 2.90681E-2 2.75682E-2 2.78407E-2 2.80334E-2 3.11364E-2 2.6714E-2 2.5541E-2 2.7401E-2 2.64708E-2 2.45639E-2 2.72381E-2 2.63033E-2 2.41439E-2 2.45797E-2 2.37501E-2 2.50808E-2 2.64722E-2 2.29833E-2 2.21597E-2 2.26703E-2 2.30988E-2 2.4184E-2 2.53861E-2 2.49698E-2 2.55658E-2 2.59753E-2 2.60015E-2 2.88121E-2
1.4948E-1 4.21103E-2 3.57414E-2 3.36301E-2 3.30843E-2 3.19439E-2 3.24634E-2 3.53362E-2 3.60043E-2 3.77703E-2 3.63357E-2 3.44693E-2 3.78288E-2 4.63761E-2 6.25457E-2 4.9226E-2 4.46152E-2 4.19743E-2 3.99797E-2 3.91659E-2 3.61473E-2 3.56891E-2 3.93149E-2 3.55099E-2 3.51574E-2 3.46389E-2 4.038E-2 3.24163E-2 3.14906E-2 3.05641E-2 3.01017E-2 2.99251E-2 2.95368E-2 2.93765E-2 2.88508E-2 2.77803E-2 2.77152E-2 2.71501E-2 2.62616E-2 2.6506E-2 2.57385E-2 2.40137E-2 2.48409E-2 2.49705E-2 2.4131E-2 2.42845E-2 2.41114E-2 2.36045E-2 2.37907E-2 2.66132E-2 2.26841E-2 2.31939E-2 2.31596E-2 2.30629E-2 2.35348E-2 2.3253E-2 2.46871E-2 2.55479E-2 2.63142E-2 2.88287E-2 2.84233E-2
1.54924E-1 4.61598E-2 3.94877E-2 3.46505E-2 3.47073E-2 3.48091E-2 3.21557E-2 3.43128E-2 3.49472E-2 3.50159E-2 3.57455E-2 3.57189E-2 3.51263E-2 4.56506E-2 5.06484E-2 4.37388E-2 3.94306E-2 3.75584E-2 3.67092E-2 3.83955E-2 3.74565E-2 3.57436E-2 3.61305E-2 3.49413E-2 3.28745E-2 3.13216E-2 3.30033E-2 3.1923E-2 3.24623E-2 3.14761E-2 2.90659E-2 2.97362E-2 2.98769E-2 2.81241E-2 2.81052E-2 2.7766E-2 2.69864E-2 2.62261E-2 2.65977E-2 2.65114E-2 2.59376E-2 2.50012E-2 2.48482E-2 2.52048E-2 2.40624E-2 2.27157E-2 2.37784E-2 2.45116E-2 2.71085E-2 2.81607E-2 2.51361E-2 2.35131E-2 2.2741E-2 2.27278E-2 2.34376E-2 2.36832E-2 2.23804E-2 2.15518E-2 2.29594E-2 2.54388E-2 2.70818E-2
4.42748E-1 6.79003E-2 4.2228E-2 3.77287E-2 3.37587E-2 3.34547E-2 3.38916E-2 3.45273E-2 3.42555E-2 3.60303E-2 3.70365E-2 3.61015E-2 3.77446E-2 4.50531E-2 4.89433E-2 4.35769E-2 4.21252E-2 4.10123E-2 4.17907E-2 3.79541E-2 3.64165E-2 3.70853E-2 3.58682E-2 3.31068E-2 3.12309E-2 3.01123E-2 3.1498E-2 3.20937E-2 3.15274E-2 3.04277E-2 2.86807E-2 2.95087E-2 3.08633E-2 3.08856E-2 2.95336E-2 2.81484E-2 2.74935E-2 2.66291E-2 2.65959E-2 2.64598E-2 2.61904E-2 2.44375E-2 2.47669E-2 2.44056E-2 2.23002E-2 2.36542E-2 2.26826E-2 2.38453E-2 2.44585E-2 2.42513E-2 2.8658E-2 3.41295E-2 2.40197E-2 2.38566E-2 2.3769E-2 2.49317E-2 2.34582E-2 2.41505E-2 2.43477E-2 2.30655E-2 2.62881E-2
6.54041E-1 1.07175E-1 4.48912E-2 3.89542E-2 3.54538E-2 3.42254E-2 3.35981E-2 3.42638E-2 3.56544E-2 4.46254E-2 4.19308E-2 3.78433E-2 3.83644E-2 4.02118E-2 4.41593E-2 4.76375E-2 4.40919E-2 4.44209E-2 4.62272E-2 3.69945E-2 3.73443E-2 3.73443E-2 3.74416E-2 3.61456E-2 3.35493E-2 3.2941E-2 3.37317E-2 3.41309E-2 3.07085E-2 3.05485E-2 2.95335E-2 3.10292E-2 3.2165E-2 3.13121E-2 2.97492E-2 2.90458E-2 2.77992E-2 2.69235E-2 2.61662E-2 2.59401E-2 2.59925E-2 2.59754E-2 2.53786E-2 2.41826E-2 2.32912E-2 2.37222E-2 2.33191E-2 2.31549E-2 2.21435E-2 2.43519E-2 2.6729E-2 2.89027E-2 2.45624E-2 2.3134E-2 2.24791E-2 2.46567E-2 2.39723E-2 2.45702E-2 2.36689E-2 2.51519E-2 2.64316E-2
5.94966E-1 6.5392E-1 4.98783E-2 4.32358E-2 4.31824E-2 3.86503E-2 3.7463E-2 3.54272E-2 3.74593E-2 3.72924E-2 3.64076E-2 3.63329E-2 3.90122E-2 3.64977E-2 3.7063E-2 5.86159E-2 5.31164E-2 6.29499E-2 5.28053E-2 4.04927E-2 3.85135E-2 4.09241E-2 3.93558E-2 3.81999E-2 3.62556E-2 3.52762E-2 3.68342E-2 3.52459E-2 3.29591E-2 3.25554E-2 3.27345E-2 3.07658E-2 2.846E-2 2.93821E-2 3.05749E-2 2.98827E-2 2.87521E-2 2.91601E-2 2.83397E-2 2.64924E-2 2.78703E-2 2.8649E-2 2.81119E-2 2.61826E-2 2.47569E-2 2.37069E-2 2.23915E-2 2.26195E-2 2.31629E-2 2.22105E-2 2.46095E-2 2.49609E-2 2.39662E-2 2.33199E-2 2.37272E-2 2.49953E-2 2.53799E-2 2.53459E-2 2.37656E-2 2.44094E-2 2.53875E-2
6.54985E-1 -9999 9.13403E-2 5.9683E-2 5.0219E-2 4.70437E-2 4.55874E-2 3.9833E-2 4.06715E-2 4.30937E-2 4.43877E-2 3.79201E-2 4.20547E-2 3.99894E-2 4.56944E-2 5.74883E-2 5.53557E-2 4.84476E-2 3.9374E-2 3.68039E-2 3.59793E-2 3.68114E-2 3.719E-2 3.7705E-2 3.67716E-2 3.56948E-2 3.47825E-2 3.48297E-2 3.50848E-2 3.43514E-2 3.4577E-2 3.18708E-2 2.97857E-2 3.05857E-2 3.08561E-2 3.12024E-2 3.05332E-2 2.89473E-2 2.8389E-2 2.8184E-2 2.79636E-2 2.78221E-2 2.85198E-2 2.88108E-2 2.70042E-2 2.67331E-2 2.50868E-2 2.32671E-2 2.16122E-2 2.27124E-2 2.20489E-2 2.12888E-2 2.19749E-2 2.24831E-2 2.51227E-2 2.50298E-2 2.5605E-2 2.44396E-2 2.44535E-2 2.70668E-2 2.78131E-2
6.54691E-1 -9999 -9999 5.61647E-2 5.67571E-2 4.94782E-2 4.32688E-2 4.37753E-2 4.70948E-2 4.60103E-2 4.40788E-2 4.15045E-2 3.88991E-2 3.9358E-2 3.9947E-2 4.72947E-2 4.56474E-2 3.99711E-2 3.89743E-2 3.82976E-2 3.76178E-2 3.85316E-2 4.02336E-2 4.01257E-2 3.7785E-2 3.67826E-2 3.80614E-2 3.748E-2 3.48157E-2 3.53199E-2 3.35408E-2 3.24837E-2 3.28209E-2 3.15355E-2 3.24074E-2 3.3097E-2 3.19095E-2 3.12648E-2 3.04459E-2 2.95925E-2 2.92327E-2 2.6752E-2 2.5974E-2 2.44743E-2 2.4273E-2 2.34853E-2 2.09258E-2 2.19945E-2 2.0239E-2 1.89535E-2 1.84644E-2 2.03924E-2 2.13653E-2 2.22414E-2 2.21376E-2 2.28643E-2 2.34979E-2 2.54067E-2 2.50772E-2 2.78903E-2 3.02519E-2
5.97947E-2 1.77128E-1 9.02721E-2 5.95876E-2 5.69546E-2 5.27817E-2 4.75913E-2 5.02149E-2 4.72752E-2 4.32785E-2 4.27984E-2 4.09648E-2 4.39487E-2 4.28673E-2 4.21109E-2 4.11735E-2 3.84906E-2 3.73768E-2 4.34728E-2 4.87039E-2 4.51075E-2 3.99383E-2 3.65841E-2 3.56944E-2 3.60144E-2 3.88954E-2 3.81199E-2 3.60269E-2 3.49215E-2 3.33874E-2 3.37005E-2 3.3003E-2 3.40632E-2 3.32933E-2 3.313E-2 3.29003E-2 3.40098E-2 3.30652E-2 3.26012E-2 3.07638E-2 2.89535E-2 2.44855E-2 2.3383E-2 2.31786E-2 2.41094E-2 2.10726E-2 1.92469E-2 1.87966E-2 1.96512E-2 1.91979E-2 1.88078E-2 1.99545E-2 2.1642E-2 2.17284E-2 2.15874E-2 2.17362E-2 2.39132E-2 2.62633E-2 2.85049E-2 2.83205E-2 2.98957E-2
6.54609E-1 7.33376E-2 6.95613E-2 6.13811E-2 5.44156E-2 5.01892E-2 4.83134E-2 4.55016E-2 4.15655E-2 4.04713E-2 4.12296E-2 3.91128E-2 3.90783E-2 3.91922E-2 3.96409E-2 3.99123E-2 3.80218E-2 3.69713E-2 3.68374E-2 4.06283E-2 4.03657E-2 3.94129E-2 4.01609E-2 3.94242E-2 3.80853E-2 3.71495E-2 3.66907E-2 3.57656E-2 3.50407E-2 3.52652E-2 3.3232E-2 3.39802E-2 3.35677E-2 3.44066E-2 3.38983E-2 3.38798E-2 3.44686E-2 3.38646E-2 3.0447E-2 2.81557E-2 2.5313E-2 2.40846E-2 2.31569E-2 2.59861E-2 2.41785E-2 2.22779E-2 1.98386E-2 2.07639E-2 2.25206E-2 1.9587E-2 2.24674E-2 2.42375E-2 2.44408E-2 2.54498E-2 2.46182E-2 2.49439E-2 2.75581E-2 2.65897E-2 2.97559E-2 3.0766E-2 3.24664E-2
1.17767E-1 6.82177E-2 7.03632E-2 5.98233E-2 5.55104E-2 4.94199E-2 4.69878E-2 4.9731E-2 4.65369E-2 4.38402E-2 4.07875E-2 4.06346E-2 4.66242E-2 4.41756E-2 3.97378E-2 3.81939E-2 3.76939E-2 3.87747E-2 3.73999E-2 3.89807E-2 3.85772E-2 3.79012E-2 3.76731E-2 4.07412E-2 3.99152E-2 3.66354E-2 3.52674E-2 3.50338E-2 3.52767E-2 3.4074E-2 3.37603E-2 3.68402E-2 3.63953E-2 3.57766E-2 3.41802E-2 3.35148E-2 3.26584E-2 2.91268E-2 3.09965E-2 2.83376E-2 2.61915E-2 2.48938E-2 2.58935E-2 2.59774E-2 2.58502E-2 2.47089E-2 2.292E-2 2.4354E-2 2.23136E-2 2.42988E-2 2.35158E-2 2.35061E-2 2.48014E-2 2.97309E-2 4.22273E-2 2.62995E-2 2.81924E-2 2.74123E-2 3.08442E-2 3.42154E-2 3.7771E-2
1.12805E-1 7.63683E-2 8.39703E-2 5.58912E-2 5.33029E-2 4.86728E-2 4.75606E-2 5.33189E-2 4.8981E-2 4.43519E-2 4.38757E-2 4.57945E-2 4.70083E-2 4.41039E-2 4.11235E-2 4.06026E-2 4.13319E-2 3.94534E-2 3.86185E-2 4.05247E-2 3.75629E-2 3.81423E-2 3.90761E-2 3.96603E-2 3.83806E-2 3.77535E-2 3.73247E-2 3.70126E-2 3.62063E-2 3.5049E-2 3.50982E-2 3.60533E-2 3.50767E-2 3.41579E-2 3.28587E-2 3.20671E-2 2.89697E-2 2.96424E-2 2.96328E-2 2.71957E-2 2.82516E-2 3.1053E-2 2.9138E-2 2.66841E-2 2.64665E-2 2.77943E-2 2.82647E-2 2.64576E-2 2.50793E-2 2.31179E-2 2.32594E-2 2.39663E-2 2.46592E-2 2.68154E-2 3.4713E-2 2.92509E-2 2.89488E-2 2.97419E-2 3.15085E-2 3.72759E-2 6.06344E-2
7.34621E-2 9.77694E-2 7.95738E-2 6.26485E-2 5.82582E-2 5.58123E-2 5.56583E-2 5.55759E-2 5.09628E-2 4.49072E-2 4.58043E-2 4.68091E-2 4.51788E-2 4.56309E-2 4.85081E-2 4.12866E-2 4.26421E-2 4.04162E-2 3.94968E-2 4.11033E-2 4.21552E-2 4.23047E-2 4.21457E-2 4.36731E-2 4.42074E-2 4.36862E-2 4.16273E-2 3.90654E-2 3.77853E-2 3.73006E-2 3.59247E-2 3.59685E-2 3.47875E-2 3.3681E-2 3.25373E-2 3.21775E-2 3.38681E-2 3.43749E-2 3.17692E-2 3.06782E-2 3.10712E-2 3.18438E-2 2.84279E-2 2.654E-2 2.64425E-2 2.52649E-2 2.83377E-2 2.73453E-2 2.76812E-2 2.7283E-2 2.59067E-2 2.504E-2 2.5175E-2 2.80821E-2 2.88453E-2 3.05327E-2 3.14933E-2 3.28011E-2 3.3256E-2 3.79493E-2 6.13031E-2
7.19782E-2 8.49679E-2 7.61591E-2 5.90902E-2 5.9116E-2 5.84608E-2 5.38719E-2 4.8257E-2 5.13891E-2 5.66358E-2 5.20325E-2 4.90775E-2 5.0645E-2 4.94213E-2 4.21612E-2 4.05302E-2 4.32388E-2 4.35024E-2 4.12274E-2 4.09771E-2 4.13317E-2 4.35455E-2 4.33305E-2 4.29023E-2 4.12908E-2 3.83782E-2 3.93024E-2 4.02403E-2 3.9613E-2 3.66316E-2 3.63219E-2 3.45388E-2 3.36663E-2 3.29128E-2 4.12552E-2 6.88925E-2 6.67456E-2 5.04997E-2 3.86263E-2 3.17039E-2 3.21053E-2 3.2504E-2 2.95279E-2 2.83744E-2 2.71281E-2 2.60751E-2 2.83462E-2 2.67881E-2 2.80482E-2 2.88933E-2 2.57346E-2 2.44742E-2 2.59845E-2 2.93275E-2 2.59085E-2 2.78829E-2 3.34713E-2 3.29355E-2 3.41201E-2 3.63494E-2 4.68234E-2
6.99968E-2 6.36979E-2 6.66916E-2 5.9519E-2 6.2883E-2 6.01463E-2 5.11179E-2 5.07914E-2 5.28908E-2 5.72445E-2 5.04037E-2 4.92014E-2 5.05965E-2 4.85918E-2 4.27671E-2 4.39662E-2 4.62473E-2 4.50812E-2 4.09598E-2 4.23563E-2 4.05239E-2 4.23046E-2 4.57572E-2 4.01646E-2 3.75351E-2 3.78578E-2 3.81591E-2 3.81741E-2 3.79433E-2 3.72042E-2 3.6774E-2 3.66258E-2 3.4672E-2 5.36577E-2 9.16426E-2 6.06739E-2 4.76752E-2 4.10577E-2 3.11335E-2 2.933E-2 2.96876E-2 2.94745E-2 2.73525E-2 2.75226E-2 2.82436E-2 2.9258E-2 2.97774E-2 2.74626E-2 2.68622E-2 2.61761E-2 2.54247E-2 2.73971E-2 2.58402E-2 2.83694E-2 2.75967E-2 2.6637E-2 3.0294E-2 3.35281E-2 3.6567E-2 3.45476E-2 3.54581E-2
6.21585E-2 5.68982E-2 5.74124E-2 5.77683E-2 6.30821E-2 6.28951E-2 6.24013E-2 6.15402E-2 6.06934E-2 5.57638E-2 5.5386E-2 5.68974E-2 6.27151E-2 6.59297E-2 5.62762E-2 4.89444E-2 4.66687E-2 4.92732E-2 4.69461E-2 4.15964E-2 4.09818E-2 4.03865E-2 4.07836E-2 3.95127E-2 3.80752E-2 3.88121E-2 3.70719E-2 4.04539E-2 3.86159E-2 3.83026E-2 3.57699E-2 3.9182E-2 8.50869E-2 8.49687E-2 5.24766E-2 4.38749E-2 3.19588E-2 3.10775E-2 3.14821E-2 3.26609E-2 3.01009E-2 2.83733E-2 2.77278E-2 2.69265E-2 2.72114E-2 2.85303E-2 2.89045E-2 2.72905E-2 2.6934E-2 2.65771E-2 2.58079E-2 2.70988E-2 2.90578E-2 3.17367E-2 2.88189E-2 2.86195E-2 2.57607E-2 3.17553E-2 3.44078E-2 3.63768E-2 3.48735E-2
5.396E-2 5.56276E-2 5.46901E-2 5.7605E-2 5.90169E-2 6.06233E-2 5.97246E-2 5.95009E-2 5.51574E-2 5.07948E-2 5.18418E-2 5.29892E-2 5.51158E-2 5.85172E-2 4.99851E-2 4.80234E-2 5.09526E-2 4.76628E-2 4.27557E-2 4.09665E-2 3.92267E-2 3.93736E-2 3.93743E-2 4.05039E-2 3.85282E-2 3.73687E-2 3.84513E-2 3.89176E-2 3.73887E-2 3.80322E-2 3.63231E-2 5.2078E-2 7.42612E-2 4.31453E-2 3.56552E-2 3.23551E-2 3.07285E-2 2.94952E-2 3.06717E-2 3.09185E-2 2.95184E-2 2.87982E-2 2.88265E-2 2.77896E-2 2.92527E-2 2.86271E-2 3.01927E-2 3.01366E-2 2.85779E-2 3.43909E-2 3.70743E-2 3.08006E-2 2.86572E-2 3.33377E-2 2.93859E-2 2.98758E-2 2.9319E-2 3.26224E-2 3.53157E-2 3.89487E-2 3.73464E-2
5.44422E-2 5.50123E-2 4.95983E-2 5.74379E-2 5.81471E-2 5.82346E-2 5.67354E-2 5.60436E-2 5.51595E-2 4.96164E-2 4.76212E-2 4.79588E-2 4.95427E-2 4.75827E-2 4.80509E-2 5.12126E-2 4.92431E-2 4.41389E-2 4.43517E-2 4.35759E-2 4.04349E-2 4.11588E-2 4.06546E-2 4.16243E-2 3.81901E-2 3.7687E-2 3.83404E-2 3.67393E-2 3.60727E-2 3.47472E-2 3.51493E-2 5.9836E-2 4.13052E-2 3.58257E-2 3.51537E-2 3.34856E-2 3.18163E-2 3.10024E-2 3.07688E-2 3.18707E-2 3.04999E-2 3.11316E-2 3.11033E-2 2.88568E-2 3.02115E-2 2.88956E-2 2.76652E-2 2.96471E-2 2.63047E-2 2.8034E-2 3.65754E-2 3.35367E-2 2.99687E-2 3.17863E-2 2.99604E-2 3.15065E-2 3.62144E-2 3.53722E-2 3.59305E-2 4.08695E-2 3.59619E-2
5.11115E-2 5.06775E-2 4.83471E-2 5.24063E-2 5.50281E-2 5.38116E-2 5.33979E-2 5.39974E-2 5.29249E-2 4.72635E-2 4.60053E-2 4.89649E-2 4.85597E-2 4.78231E-2 4.74015E-2 4.39536E-2 4.44016E-2 4.31793E-2 4.32424E-2 4.39116E-2 3.89723E-2 3.91945E-2 4.07232E-2 4.21898E-2 3.9681E-2 4.27929E-2 3.89534E-2 3.86114E-2 3.67613E-2 3.5247E-2 3.57596E-2 4.43022E-2 3.89082E-2 3.50865E-2 3.47386E-2 3.33304E-2 3.26883E-2 3.26054E-2 3.35504E-2 3.41164E-2 3.1412E-2 3.24269E-2 3.2403E-2 2.82848E-2 2.94223E-2 2.73242E-2 2.95189E-2 3.02013E-2 2.73635E-2 2.76834E-2 2.88268E-2 2.99297E-2 2.94437E-2 3.20549E-2 2.9914E-2 3.02258E-2 3.49017E-2 3.64975E-2 4.07754E-2 4.81234E-2 3.71036E-2
4.95396E-2 4.9131E-2 4.9022E-2 5.11299E-2 4.89998E-2 5.12391E-2 4.98728E-2 4.96252E-2 4.83964E-2 4.95377E-2 5.53835E-2 4.85422E-2 4.68072E-2 5.07418E-2 4.92151E-2 4.37472E-2 4.28642E-2 4.09015E-2 3.97967E-2 4.16355E-2 3.98485E-2 4.05788E-2 3.93695E-2 4.02799E-2 3.9279E-2 3.85476E-2 3.83845E-2 3.78853E-2 3.70061E-2 3.66401E-2 3.55193E-2 3.94793E-2 3.60603E-2 3.52286E-2 3.44433E-2 3.40243E-2 3.36249E-2 3.39502E-2 3.39418E-2 3.32787E-2 3.3735E-2 3.38355E-2 3.2113E-2 3.04331E-2 2.87079E-2 2.95318E-2 3.11325E-2 3.57353E-2 3.14099E-2 3.13659E-2 2.98815E-2 2.8385E-2 2.67609E-2 3.07216E-2 3.27983E-2 3.53795E-2 4.21808E-2 4.58771E-2 4.61979E-2 5.59306E-2 4.56328E-2
4.96657E-2 4.97334E-2 4.73889E-2 4.87247E-2 4.83233E-2 4.85701E-2 4.71728E-2 4.72171E-2 4.8447E-2 4.6586E-2 5.08933E-2 4.7719E-2 4.66901E-2 5.05168E-2 4.62967E-2 4.36756E-2 4.21522E-2 4.23407E-2 4.09701E-2 4.09798E-2 4.03362E-2 3.99659E-2 4.09407E-2 3.89153E-2 3.93819E-2 3.76034E-2 3.76223E-2 3.92144E-2 4.00022E-2 3.83432E-2 4.01146E-2 3.8313E-2 3.57378E-2 3.62038E-2 3.60182E-2 3.63471E-2 3.63491E-2 3.59786E-2 3.66033E-2 3.35152E-2 3.12195E-2 3.23781E-2 3.10225E-2 3.39311E-2 3.10232E-2 3.11518E-2 3.18652E-2 4.35268E-2 3.48768E-2 3.64091E-2 3.32048E-2 3.49489E-2 3.20156E-2 3.26642E-2 3.86719E-2 3.95665E-2 4.25055E-2 4.87005E-2 4.79083E-2 4.81202E-2 6.31158E-2
4.49554E-2 4.54328E-2 4.55556E-2 4.58054E-2 4.55262E-2 4.81772E-2 5.23698E-2 4.61462E-2 4.95804E-2 5.11431E-2 5.069E-2 5.02518E-2 4.50103E-2 4.43999E-2 4.63456E-2 4.7196E-2 4.17285E-2 4.25118E-2 4.24648E-2 4.12838E-2 4.09904E-2 4.46099E-2 4.13382E-2 4.13614E-2 4.07151E-2 4.39954E-2 4.07062E-2 4.0889E-2 4.18292E-2 4.53323E-2 4.38929E-2 3.75547E-2 3.68895E-2 3.76073E-2 3.75631E-2 3.74815E-2 3.65689E-2 3.69196E-2 3.74589E-2 3.43809E-2 3.27971E-2 3.36744E-2 3.41806E-2 3.63318E-2 3.56423E-2 3.50395E-2 3.51288E-2 4.27621E-2 3.90781E-2 3.95874E-2 4.03013E-2 4.01096E-2 4.16286E-2 4.3064E-2 4.38547E-2 4.51411E-2 4.41671E-2 4.74412E-2 5.0575E-2 5.14086E-2 6.7219E-2
4.38299E-2 4.42798E-2 4.40834E-2 4.41378E-2 4.44265E-2 4.53355E-2 4.48235E-2 4.4887E-2 4.53622E-2 4.60051E-2 4.47939E-2 4.9207E-2 4.50964E-2 4.90794E-2 6.13866E-2 4.13238E-2 4.20259E-2 4.28605E-2 4.18619E-2 4.22942E-2 4.07955E-2 4.06536E-2 4.09928E-2 4.08696E-2 3.97231E-2 4.02933E-2 4.18443E-2 4.20342E-2 4.18678E-2 4.38494E-2 3.94459E-2 3.8976E-2 3.8908E-2 4.00555E-2 3.87472E-2 3.87221E-2 3.58514E-2 3.57118E-2 3.71817E-2 3.66005E-2 3.72632E-2 3.82179E-2 3.79938E-2 3.84786E-2 3.65127E-2 3.91008E-2 4.15676E-2 4.34997E-2 4.48903E-2 4.68866E-2 4.50893E-2 4.51734E-2 5.00722E-2 5.26274E-2 5.1869E-2 4.80352E-2 4.82082E-2 5.22366E-2 5.71588E-2 5.73285E-2 6.26238E-2
4.37309E-2 4.32592E-2 4.33354E-2 4.33872E-2 4.32812E-2 4.27603E-2 4.30686E-2 4.39919E-2 4.4064E-2 4.34777E-2 4.23313E-2 4.16753E-2 3.99752E-2 4.01538E-2 4.1307E-2 4.64124E-2 5.80304E-2 4.31766E-2 4.26722E-2 4.75339E-2 4.49659E-2 4.29361E-2 4.05626E-2 4.06029E-2 4.20538E-2 4.35564E-2 4.15721E-2 4.38994E-2 4.43387E-2 4.09847E-2 4.03492E-2 4.02509E-2 3.86832E-2 4.12696E-2 4.23727E-2 3.80538E-2 3.56428E-2 3.70855E-2 3.88677E-2 3.86154E-2 3.94238E-2 4.21501E-2 4.29369E-2 4.47794E-2 4.11397E-2 4.32684E-2 4.44081E-2 4.79585E-2 4.92835E-2 4.66275E-2 4.99473E-2 5.55858E-2 7.78312E-2 5.69444E-2 6.99106E-2 5.35914E-2 5.4216E-2 5.9987E-2 6.53747E-2 6.54239E-2 7.05215E-2
