maxent_outputs/white_flowers_troch_bombus_environ/white_16.asc
ncols         426
nrows         180
xllcorner     -130.0
yllcorner     24.0
cellsize      0.16666666666666666
NODATA_value  -9999
[rows 81 to 107 of 180, columns 61 to 121 of 426]
6.10154E-2 4.70549E-2 5.90471E-2 4.37596E-2 4.21806E-2 4.87867E-2 4.42737E-2 3.22225E-2 3.66875E-2 2.92858E-2 3.42297E-2 3.7624E-2 2.67327E-2 2.6345E-2 2.76868E-2 2.88007E-2 2.78077E-2 2.1358E-2 2.0268E-2 2.27993E-2 1.88433E-2 1.65153E-2 1.41574E-2 1.25728E-2 1.33683E-2 1.1772E-2 1.17221E-2 1.27591E-2 1.32327E-2 1.31051E-2 1.33163E-2 1.26795E-2 1.17133E-2 1.39976E-2 2.37606E-2 2.86477E-2 3.25339E-2 3.04377E-2 2.90571E-2 2.81242E-2 2.63926E-2 2.07652E-2 1.76188E-2 1.12408E-2 1.46079E-2 9.64306E-3 1.2576E-2 1.83319E-2 1.44833E-2 8.31502E-3 7.54378E-3 6.19476E-3 5.19012E-3 5.74828E-3 6.44862E-3 6.87491E-3 6.27001E-3 6.22902E-3 6.5633E-3 5.94305E-3 5.78725E-3
6.71121E-2 7.62037E-2 5.61839E-2 5.35334E-2 3.70105E-2 4.92632E-2 3.8648E-2 4.309E-2 4.19932E-2 3.29774E-2 3.41224E-2 3.16833E-2 3.28182E-2 3.42389E-2 2.81822E-2 2.80229E-2 2.83956E-2 2.08133E-2 2.67041E-2 2.13242E-2 1.67411E-2 1.60826E-2 1.35379E-2 1.29094E-2 1.28614E-2 1.04918E-2 1.44752E-2 1.28872E-2 1.1318E-2 1.1073E-2 1.26847E-2 1.28865E-2 1.33479E-2 1.44752E-2 1.82042E-2 2.10965E-2 2.62517E-2 2.60929E-2 2.77606E-2 2.67228E-2 2.6086E-2 2.26429E-2 1.72989E-2 1.33368E-2 1.29333E-2 1.36856E-2 1.29358E-2 1.80081E-2 2.7534E-2 1.07393E-2 7.66245E-3 5.41189E-3 4.90232E-3 6.27424E-3 7.33088E-3 9.37217E-3 7.81167E-3 6.57413E-3 5.98387E-3 5.33982E-3 5.20564E-3
4.72784E-2 1.67013E-1 7.08981E-2 4.70196E-2 3.5237E-2 4.39064E-2 4.30623E-2 4.68984E-2 4.03449E-2 4.13159E-2 3.46266E-2 3.03354E-2 4.25123E-2 3.90325E-2 2.74272E-2 2.65306E-2 2.28678E-2 2.33362E-2 2.14231E-2 1.61276E-2 1.57856E-2 1.45599E-2 1.3024E-2 1.12776E-2 1.35834E-2 1.18012E-2 1.54013E-2 1.11324E-2 9.87865E-3 8.14402E-3 1.23938E-2 1.21491E-2 1.18294E-2 1.34489E-2 1.53218E-2 1.48547E-2 2.25153E-2 2.4766E-2 2.59528E-2 2.48757E-2 2.07176E-2 1.99553E-2 1.82943E-2 1.39474E-2 1.29915E-2 1.31366E-2 1.35552E-2 1.97045E-2 1.51358E-2 1.18901E-2 8.55993E-3 5.68112E-3 4.39813E-3 5.71263E-3 8.42523E-3 8.78732E-3 7.81403E-3 6.19967E-3 5.97956E-3 5.872E-3 5.57229E-3
3.68259E-2 7.10483E-2 9.15379E-2 5.68091E-2 4.92414E-2 5.18486E-2 5.15702E-2 4.77994E-2 4.20356E-2 3.79056E-2 3.40395E-2 5.80173E-2 3.8735E-2 3.29065E-2 2.11108E-2 2.36647E-2 2.41601E-2 1.94438E-2 1.65586E-2 1.33453E-2 1.23787E-2 1.30192E-2 1.37509E-2 1.13238E-2 1.24306E-2 1.22056E-2 1.18956E-2 1.08709E-2 9.68707E-3 1.19596E-2 1.36654E-2 1.00381E-2 9.97523E-3 1.35365E-2 1.32884E-2 9.51261E-3 2.2255E-2 2.30991E-2 2.66492E-2 2.44321E-2 2.16726E-2 1.80767E-2 1.81901E-2 1.51389E-2 1.05711E-2 1.0944E-2 1.20642E-2 1.48166E-2 9.96441E-3 8.27502E-3 7.79254E-3 6.37909E-3 4.20009E-3 4.72745E-3 5.58911E-3 6.21128E-3 7.20735E-3 7.06205E-3 6.56118E-3 6.91294E-3 6.50755E-3
3.89849E-2 3.73798E-2 3.712E-2 5.37774E-2 5.56618E-2 5.35824E-2 4.88311E-2 4.31274E-2 3.67548E-2 3.55897E-2 5.40678E-2 4.86776E-2 2.68687E-2 2.19004E-2 2.05615E-2 2.16777E-2 2.00611E-2 1.30574E-2 1.85317E-2 1.33641E-2 1.16334E-2 1.20212E-2 1.31492E-2 1.12295E-2 1.21738E-2 1.18709E-2 9.0038E-3 9.89846E-3 9.44802E-3 9.97275E-3 1.36798E-2 1.0618E-2 1.45641E-2 1.25297E-2 1.02507E-2 1.20545E-2 2.14705E-2 2.04498E-2 2.35363E-2 2.20461E-2 1.72734E-2 1.73951E-2 1.76444E-2 1.57354E-2 1.5055E-2 1.30811E-2 1.17057E-2 1.20263E-2 9.23424E-3 7.01208E-3 6.1336E-3 3.96146E-3 3.87812E-3 6.65898E-3 6.1524E-3 6.05034E-3 6.68823E-3 7.99298E-3 9.06698E-3 8.51753E-3 6.35329E-3
4.98145E-2 4.58159E-2 4.56884E-2 5.25793E-2 5.28103E-2 4.75546E-2 4.28274E-2 3.88888E-2 3.64621E-2 2.97585E-2 4.3415E-2 1.96077E-2 1.96079E-2 1.81838E-2 1.6243E-2 1.93221E-2 1.67651E-2 1.37798E-2 1.31253E-2 1.27633E-2 9.45726E-3 9.95551E-3 1.11287E-2 1.06869E-2 1.18065E-2 1.20085E-2 8.34471E-3 9.08128E-3 8.83977E-3 1.09735E-2 1.2262E-2 9.53334E-3 1.50113E-2 1.15499E-2 1.4682E-2 1.98804E-2 2.0042E-2 2.20325E-2 2.32623E-2 1.97541E-2 1.85124E-2 1.86894E-2 1.78872E-2 1.52529E-2 1.53772E-2 1.66544E-2 1.30119E-2 1.08922E-2 8.48814E-3 8.39879E-3 7.02337E-3 3.63782E-3 5.24714E-3 9.14072E-3 9.20964E-3 8.62569E-3 8.03054E-3 4.77931E-3 1.04408E-2 7.88189E-3 6.29871E-3
3.74722E-2 3.43997E-2 4.35836E-2 4.73027E-2 4.90452E-2 4.4088E-2 4.15263E-2 4.19306E-2 3.84671E-2 3.63091E-2 3.52321E-2 2.42682E-2 1.44689E-2 1.53532E-2 1.39834E-2 1.67684E-2 1.25829E-2 1.91837E-2 1.6205E-2 1.07747E-2 9.93703E-3 9.8144E-3 1.04059E-2 1.08606E-2 1.13313E-2 9.38838E-3 8.15281E-3 7.82028E-3 7.67835E-3 1.01735E-2 1.00727E-2 7.31222E-3 1.554E-2 7.93918E-3 1.61931E-2 1.79768E-2 2.14305E-2 2.22759E-2 2.0643E-2 1.72505E-2 1.96014E-2 1.90399E-2 1.52538E-2 1.53705E-2 1.52519E-2 1.38326E-2 1.20245E-2 1.12706E-2 7.94894E-3 7.46016E-3 4.73558E-3 4.04128E-3 6.6348E-3 8.33585E-3 7.72266E-3 1.03378E-2 1.08539E-2 9.50891E-3 1.33668E-2 8.92321E-3 5.15354E-3
3.24387E-2 4.02558E-2 3.81695E-2 4.91586E-2 4.11499E-2 3.91913E-2 4.26124E-2 4.08362E-2 4.28522E-2 3.21314E-2 2.76166E-2 2.27075E-2 1.35976E-2 1.34758E-2 1.35697E-2 1.27497E-2 1.3573E-2 1.94502E-2 1.30551E-2 1.00178E-2 9.14076E-3 9.84057E-3 9.86725E-3 9.20114E-3 9.65947E-3 8.60505E-3 6.20926E-3 6.01145E-3 7.72241E-3 8.50836E-3 7.24257E-3 7.55801E-3 1.51164E-2 7.08729E-3 1.44236E-2 1.78779E-2 1.75164E-2 2.26902E-2 1.83218E-2 2.03554E-2 1.98302E-2 1.62486E-2 1.45639E-2 1.49653E-2 1.30599E-2 1.2517E-2 1.15402E-2 1.22571E-2 1.03588E-2 6.22163E-3 3.46971E-3 5.1664E-3 9.47624E-3 7.29766E-3 8.57149E-3 1.00929E-2 1.17546E-2 1.36545E-2 1.56189E-2 1.10958E-2 4.89154E-3
3.42914E-2 2.41151E-2 2.70453E-2 4.18574E-2 3.51368E-2 3.95262E-2 4.27217E-2 3.98224E-2 3.19698E-2 3.09239E-2 2.64448E-2 2.36993E-2 1.36724E-2 1.00892E-2 1.17709E-2 1.09529E-2 1.94278E-2 1.52007E-2 8.10514E-3 9.12413E-3 7.29056E-3 8.35654E-3 9.81829E-3 9.3035E-3 1.11254E-2 1.022E-2 6.49109E-3 7.8207E-3 9.41494E-3 7.60779E-3 6.88187E-3 1.08277E-2 1.29416E-2 1.32741E-2 1.92907E-2 1.93815E-2 2.07668E-2 1.68714E-2 2.1614E-2 2.42E-2 2.80621E-2 1.90719E-2 1.49419E-2 1.3917E-2 1.14709E-2 1.18657E-2 9.24471E-3 1.07649E-2 9.77166E-3 5.19189E-3 3.4166E-3 6.90746E-3 8.59659E-3 7.81464E-3 9.95973E-3 1.11469E-2 1.42522E-2 1.38882E-2 1.41787E-2 1.21558E-2 1.03279E-2
3.22311E-2 2.37808E-2 2.67603E-2 3.76636E-2 3.79787E-2 3.31195E-2 4.10954E-2 3.80396E-2 4.10616E-2 4.0302E-2 3.58446E-2 3.13578E-2 1.46696E-2 1.20982E-2 7.99159E-3 9.81555E-3 1.84965E-2 1.06827E-2 8.93151E-3 7.16097E-3 8.44921E-3 9.57527E-3 9.8674E-3 9.8409E-3 1.16516E-2 1.22398E-2 7.59131E-3 1.02097E-2 1.249E-2 9.09684E-3 6.81243E-3 1.08216E-2 1.14788E-2 7.23966E-3 1.63115E-2 1.69751E-2 1.88835E-2 1.61156E-2 2.12446E-2 2.39016E-2 2.80173E-2 1.9436E-2 1.46736E-2 1.28534E-2 1.30276E-2 9.01617E-3 8.43468E-3 1.10756E-2 8.69569E-3 5.8496E-3 5.25156E-3 9.64221E-3 8.97559E-3 8.35942E-3 8.4546E-3 9.39703E-3 1.45414E-2 1.15598E-2 1.22353E-2 1.13015E-2 1.02834E-2
2.26882E-2 1.82162E-2 2.81784E-2 3.10702E-2 3.27026E-2 2.93E-2 5.41787E-2 3.91556E-2 2.56436E-2 2.85642E-2 3.23426E-2 2.67996E-2 1.81872E-2 1.2866E-2 7.51148E-3 1.00764E-2 1.76496E-2 6.34738E-3 8.52731E-3 6.19325E-3 8.69776E-3 1.02259E-2 1.04494E-2 9.61771E-3 1.25526E-2 1.34945E-2 1.24229E-2 1.24217E-2 1.43494E-2 9.39893E-3 7.98155E-3 1.22267E-2 1.216E-2 9.80921E-3 1.61879E-2 1.49194E-2 1.44145E-2 1.63235E-2 1.90976E-2 2.00875E-2 1.97523E-2 1.5481E-2 1.49419E-2 1.38816E-2 1.08784E-2 6.95273E-3 1.15279E-2 7.35052E-3 4.45785E-3 3.56057E-3 7.39224E-3 1.27469E-2 1.16912E-2 1.0045E-2 8.9793E-3 1.28952E-2 1.12403E-2 1.16761E-2 1.36508E-2 1.17015E-2 1.18687E-2
1.34723E-2 1.57883E-2 1.90743E-2 1.58896E-2 1.53661E-2 2.50846E-2 2.41984E-2 4.95078E-2 3.69848E-2 3.30966E-2 2.32105E-2 2.02493E-2 1.84135E-2 2.36124E-2 2.01739E-2 1.9084E-2 1.34127E-2 9.53655E-3 7.52797E-3 1.05304E-2 1.1246E-2 1.2958E-2 1.25164E-2 1.20372E-2 1.34995E-2 1.13465E-2 9.89353E-3 1.35284E-2 1.56561E-2 1.26013E-2 1.16561E-2 1.16024E-2 1.43513E-2 1.41818E-2 1.42699E-2 1.21758E-2 1.45457E-2 1.50356E-2 1.90753E-2 1.69765E-2 1.45295E-2 1.36063E-2 1.36279E-2 1.06112E-2 7.68614E-3 1.04505E-2 6.99931E-3 4.44565E-3 3.5582E-3 3.80378E-3 7.06792E-3 1.21219E-2 1.23021E-2 1.59516E-2 1.49236E-2 1.02068E-2 9.66334E-3 9.89882E-3 1.45382E-2 1.39412E-2 1.35003E-2
1.33745E-2 8.43553E-3 9.13591E-3 8.48477E-3 1.79791E-2 1.96946E-2 1.31446E-2 2.8664E-2 2.51552E-2 2.64733E-2 3.82635E-2 1.76001E-2 2.49491E-2 2.93622E-2 2.9708E-2 2.16219E-2 1.5751E-2 1.26314E-2 9.23064E-3 1.32931E-2 1.19452E-2 1.36259E-2 1.32203E-2 1.4399E-2 1.08799E-2 1.14511E-2 1.06702E-2 1.5175E-2 1.61046E-2 1.45363E-2 1.5037E-2 1.25881E-2 1.41667E-2 1.30403E-2 1.35331E-2 1.20248E-2 1.44334E-2 1.47656E-2 1.77417E-2 1.56813E-2 1.46633E-2 1.31071E-2 9.57102E-3 8.38645E-3 4.65791E-3 8.87027E-3 5.57496E-3 4.93681E-3 4.4027E-3 5.5694E-3 6.51661E-3 1.30694E-2 1.59748E-2 1.64631E-2 1.47156E-2 1.24055E-2 1.15777E-2 1.13181E-2 1.55061E-2 1.81847E-2 1.96821E-2
1.07247E-2 6.87916E-3 7.28031E-3 1.08847E-2 6.72775E-3 8.21914E-3 8.67522E-3 1.70569E-2 2.27308E-2 2.76601E-2 3.99535E-2 3.01782E-2 2.38695E-2 3.26607E-2 3.50794E-2 2.44101E-2 2.23309E-2 1.53203E-2 1.50908E-2 1.62542E-2 1.47983E-2 1.38931E-2 1.58613E-2 1.39649E-2 1.33584E-2 1.02389E-2 1.44125E-2 1.81194E-2 2.00765E-2 2.00095E-2 2.11516E-2 1.63559E-2 1.32421E-2 1.13945E-2 1.13022E-2 1.05137E-2 1.18066E-2 1.15375E-2 1.5647E-2 1.47359E-2 1.34204E-2 1.46504E-2 1.19645E-2 9.58823E-3 5.07502E-3 9.45011E-3 7.48591E-3 4.44586E-3 2.97606E-3 4.20242E-3 6.4173E-3 1.29877E-2 1.64686E-2 1.46293E-2 1.41544E-2 1.3917E-2 1.76953E-2 1.30721E-2 1.54077E-2 2.22186E-2 2.016E-2
1.93817E-2 9.07094E-3 6.11607E-3 6.91168E-3 1.26763E-2 1.44982E-2 8.94023E-3 1.43298E-2 1.88766E-2 2.10409E-2 3.62965E-2 3.62895E-2 3.0608E-2 3.59226E-2 2.84687E-2 2.51761E-2 2.5849E-2 2.22188E-2 1.98362E-2 1.75039E-2 1.37814E-2 1.41585E-2 1.64821E-2 1.56677E-2 1.0053E-2 1.5013E-2 1.72479E-2 1.97422E-2 2.1062E-2 2.5082E-2 2.46781E-2 1.87557E-2 1.61184E-2 1.42331E-2 1.17061E-2 9.86297E-3 1.22987E-2 1.48564E-2 1.63015E-2 1.31323E-2 1.34124E-2 1.07079E-2 1.0026E-2 8.44039E-3 6.14693E-3 6.68416E-3 5.20969E-3 4.893E-3 1.92471E-3 2.56993E-3 3.31889E-3 9.07859E-3 1.41132E-2 1.08112E-2 9.87734E-3 1.65056E-2 2.31748E-2 1.742E-2 1.73456E-2 1.57574E-2 1.74233E-2
6.27959E-2 2.25476E-2 9.57834E-3 5.16165E-3 1.43899E-2 1.11651E-2 1.03294E-2 1.2265E-2 1.47689E-2 1.49555E-2 2.95714E-2 3.27859E-2 3.08258E-2 3.37343E-2 3.38685E-2 3.14221E-2 2.55375E-2 2.16304E-2 1.98632E-2 1.69383E-2 1.19651E-2 1.25904E-2 1.62117E-2 1.66424E-2 1.69465E-2 1.63361E-2 1.82893E-2 1.92367E-2 2.46632E-2 2.79938E-2 2.29038E-2 1.99024E-2 1.96245E-2 1.83363E-2 1.28376E-2 1.34823E-2 1.45233E-2 1.31106E-2 1.30117E-2 1.27775E-2 1.27603E-2 1.06618E-2 8.52536E-3 6.24518E-3 6.24916E-3 4.72547E-3 4.97881E-3 4.01029E-3 4.92678E-3 8.61469E-3 1.03811E-2 1.33141E-2 1.33183E-2 1.68758E-2 1.10014E-2 2.09019E-2 3.25936E-2 2.22009E-2 1.54425E-2 1.06072E-2 9.67515E-3
9.62602E-2 3.08436E-2 9.99555E-3 4.42794E-3 8.98175E-3 9.3651E-3 7.64697E-3 1.27091E-2 2.169E-2 8.10688E-3 2.87468E-2 2.16907E-2 2.43437E-2 4.46115E-2 2.80371E-2 2.5743E-2 2.83791E-2 2.50717E-2 2.17383E-2 1.70851E-2 1.57564E-2 1.42922E-2 1.54847E-2 1.85949E-2 1.74829E-2 1.66127E-2 1.71047E-2 2.58589E-2 2.98622E-2 2.74476E-2 2.27165E-2 2.41767E-2 2.1337E-2 1.83282E-2 1.43415E-2 1.54965E-2 1.30308E-2 1.33447E-2 1.53659E-2 1.48774E-2 1.3331E-2 7.78291E-3 4.95948E-3 4.80914E-3 5.99709E-3 4.66947E-3 5.17713E-3 5.71529E-3 1.01727E-2 1.32557E-2 1.6272E-2 1.8438E-2 1.79083E-2 2.46543E-2 2.54233E-2 2.81712E-2 4.65291E-2 2.29904E-2 1.42801E-2 8.53494E-3 8.79775E-3
2.5084E-1 4.97383E-2 1.33173E-2 1.82279E-2 1.33656E-2 7.7654E-3 7.87185E-3 1.66806E-2 4.76849E-2 5.78373E-3 1.46779E-2 2.60092E-2 2.52163E-2 2.35466E-2 2.42595E-2 2.99014E-2 3.28062E-2 2.81253E-2 2.20243E-2 1.97506E-2 1.89483E-2 1.59211E-2 1.54172E-2 1.94163E-2 2.02914E-2 2.14942E-2 2.36645E-2 4.02607E-2 3.20874E-2 2.44147E-2 2.34142E-2 2.74308E-2 2.36445E-2 1.78067E-2 1.62262E-2 1.52554E-2 1.59219E-2 1.59431E-2 1.36051E-2 1.57942E-2 7.82279E-3 5.40228E-3 3.80858E-3 4.8343E-3 5.15363E-3 5.18813E-3 1.08491E-2 1.09681E-2 1.00595E-2 1.36264E-2 1.76291E-2 2.10546E-2 2.86268E-2 3.17132E-2 4.23651E-2 4.67376E-2 3.09869E-2 2.43474E-2 1.61645E-2 1.04958E-2 1.41552E-2
3.90527E-1 1.6893E-1 5.82854E-2 6.34435E-2 1.89211E-2 7.26534E-3 4.04646E-3 3.11579E-2 6.00136E-2 1.57054E-2 1.19183E-2 3.46972E-2 2.36E-2 1.66917E-2 3.06999E-2 3.1993E-2 4.00124E-2 2.7334E-2 2.14919E-2 1.98224E-2 1.99596E-2 1.73837E-2 1.87273E-2 2.36826E-2 2.14094E-2 3.12374E-2 2.96225E-2 4.10484E-2 4.16647E-2 3.09178E-2 2.56263E-2 3.94731E-2 2.98599E-2 2.05442E-2 3.4068E-2 3.0403E-2 2.99992E-2 1.75978E-2 9.97307E-3 2.74338E-2 1.01767E-2 9.23805E-3 8.58315E-3 7.79939E-3 7.36121E-3 8.72981E-3 1.34367E-2 1.4072E-2 1.44563E-2 1.7071E-2 1.91621E-2 2.10594E-2 3.16039E-2 4.19628E-2 5.30738E-2 3.70673E-2 2.50488E-2 2.76218E-2 1.95694E-2 1.27675E-2 1.82498E-2
4.21046E-1 4.11698E-1 2.1289E-1 6.86682E-2 1.54354E-2 9.32548E-3 3.27475E-3 7.16443E-3 1.77623E-2 4.39528E-2 2.11332E-2 5.54146E-2 6.51804E-2 7.3349E-2 3.93886E-2 3.24056E-2 5.02279E-2 4.55031E-2 3.00378E-2 2.24167E-2 1.51587E-2 1.33939E-2 2.48342E-2 2.6073E-2 2.68727E-2 3.0193E-2 3.88286E-2 4.03017E-2 6.26304E-2 4.01489E-2 4.84874E-2 6.71192E-2 7.96422E-2 5.29489E-2 7.21576E-2 6.71927E-2 6.59509E-2 4.28202E-2 5.61607E-2 6.68996E-2 4.05605E-2 2.26896E-2 1.62616E-2 1.58981E-2 1.31259E-2 1.19756E-2 1.65756E-2 2.40089E-2 2.45777E-2 2.69168E-2 3.01551E-2 3.57691E-2 2.15583E-2 5.2501E-2 5.28103E-2 4.6487E-2 4.65556E-2 3.5465E-2 2.5843E-2 2.24047E-2 2.25801E-2
4.44518E-1 4.83748E-1 3.85337E-1 1.39687E-1 2.80515E-2 1.45061E-2 4.47241E-3 4.6735E-3 6.24522E-3 6.58423E-2 1.20949E-2 3.09565E-2 8.11192E-2 8.19277E-2 1.4108E-1 5.97558E-2 3.8644E-2 4.3341E-2 5.0643E-2 4.09659E-2 2.84725E-2 2.81321E-2 3.88977E-2 3.25176E-2 2.86049E-2 3.27027E-2 5.1481E-2 5.18729E-2 7.05197E-2 9.31078E-2 9.5727E-2 1.35079E-1 9.62376E-2 1.14213E-1 1.29596E-1 9.83497E-2 8.1063E-2 1.04507E-1 8.58117E-2 5.13692E-2 3.84546E-2 2.69525E-2 1.75514E-2 2.23102E-2 2.05073E-2 1.64417E-2 1.64671E-2 2.79461E-2 2.88031E-2 4.23321E-2 5.57886E-2 9.18143E-2 5.68487E-2 4.29043E-2 3.11471E-2 2.85235E-2 3.55994E-2 2.58284E-2 2.17361E-2 2.29611E-2 2.11856E-2
4.73047E-1 4.6694E-1 4.83919E-1 4.93209E-1 2.61605E-1 5.85988E-2 2.20746E-2 8.79836E-3 4.92238E-3 6.20825E-2 2.41489E-2 8.45985E-2 1.1341E-1 4.31913E-2 1.06115E-1 2.33961E-1 4.28575E-2 6.22086E-2 8.79583E-2 6.66748E-2 6.03941E-2 4.39595E-2 5.38332E-2 5.6136E-2 4.4292E-2 6.49099E-2 6.50905E-2 5.66968E-2 6.24711E-2 1.42441E-1 1.41277E-1 1.56806E-1 8.89959E-2 1.8107E-1 1.82811E-1 1.73701E-1 8.7328E-2 7.38364E-2 6.77638E-2 3.9084E-2 2.72767E-2 2.40328E-2 2.52824E-2 2.5866E-2 2.1231E-2 1.74747E-2 1.42842E-2 1.38968E-2 1.75151E-2 4.78807E-2 4.36673E-2 4.58248E-2 4.19256E-2 2.92654E-2 1.7013E-2 1.86048E-2 2.28236E-2 2.36498E-2 2.37034E-2 2.07474E-2 1.83764E-2
5.32406E-1 4.92844E-1 5.20195E-1 4.8712E-1 3.24596E-1 7.31038E-2 2.85239E-2 1.48873E-2 4.58545E-3 3.60485E-2 6.86516E-2 7.38405E-2 3.5007E-1 9.97916E-2 6.33985E-2 6.17762E-1 4.30928E-1 1.56317E-1 1.35969E-1 1.32333E-1 1.20534E-1 9.53803E-2 7.96888E-2 6.26397E-2 6.23152E-2 7.99665E-2 7.59933E-2 3.58219E-2 4.14318E-2 1.72281E-1 2.27299E-1 2.2542E-1 2.15099E-1 2.63806E-1 2.16849E-1 9.96273E-2 4.07842E-2 2.90576E-2 4.01131E-2 3.35773E-2 2.19395E-2 2.15793E-2 2.15268E-2 2.45977E-2 1.76256E-2 9.7161E-3 1.26711E-2 1.44588E-2 2.74585E-2 3.0992E-2 1.93012E-2 2.15634E-2 2.07733E-2 2.13164E-2 1.99276E-2 1.13007E-2 1.69567E-2 1.93313E-2 1.93899E-2 1.74089E-2 1.59003E-2
4.65943E-1 4.91149E-1 5.27623E-1 5.32241E-1 4.7258E-1 2.85257E-1 4.95743E-2 7.57818E-3 4.26848E-3 7.36912E-3 6.89464E-2 4.851E-2 7.46494E-2 8.15039E-2 8.66382E-2 4.65562E-1 4.87566E-1 7.06273E-1 2.42317E-1 1.65788E-1 1.67736E-1 1.52318E-1 1.21244E-1 6.96231E-2 8.40344E-2 9.59805E-2 9.28964E-2 2.33897E-2 3.36365E-2 1.66038E-1 2.36296E-1 2.82987E-1 3.08281E-1 2.71305E-1 8.39017E-2 1.05011E-1 6.60679E-2 2.55469E-2 2.82208E-2 2.56064E-2 2.25901E-2 2.07582E-2 2.61312E-2 3.03076E-2 1.09898E-2 5.98011E-3 8.13389E-3 2.38285E-2 2.74802E-2 1.43461E-2 1.24012E-2 1.32037E-2 1.31595E-2 1.33553E-2 1.27513E-2 1.07695E-2 1.17572E-2 1.22035E-2 1.60097E-2 1.62604E-2 1.41542E-2
4.66782E-1 4.97568E-1 4.8534E-1 4.99552E-1 5.22414E-1 4.96249E-1 1.22465E-1 8.53666E-3 8.17983E-3 4.94913E-3 2.63284E-2 1.16421E-1 4.9541E-2 8.43334E-2 2.85403E-1 9.47987E-2 1.29105E-1 7.47515E-1 4.71992E-1 1.70824E-1 1.9585E-1 2.01272E-1 1.63128E-1 3.76388E-2 2.26426E-2 3.65409E-2 1.10344E-1 1.08042E-1 9.54563E-2 2.18443E-1 2.21484E-1 2.55081E-1 3.64653E-1 2.77007E-1 2.01775E-1 2.25661E-1 6.01792E-2 2.02168E-2 2.34054E-2 1.78927E-2 2.0673E-2 2.14279E-2 2.59558E-2 5.23266E-2 2.06821E-2 6.08857E-3 5.7655E-3 2.22833E-2 1.46722E-2 1.2986E-2 1.54557E-2 1.37125E-2 1.2741E-2 1.43073E-2 1.36426E-2 1.31089E-2 1.07595E-2 8.58633E-3 9.16718E-3 1.13466E-2 1.46385E-2
4.71547E-1 4.67013E-1 4.71663E-1 4.997E-1 5.0187E-1 4.49478E-1 1.95934E-1 2.51109E-2 1.8043E-2 8.45675E-3 2.0972E-2 7.71304E-2 3.66982E-2 7.27241E-2 2.55225E-1 2.0694E-1 5.38902E-2 6.88657E-1 5.39786E-1 1.68759E-1 2.38967E-1 2.23053E-1 1.73795E-1 1.02445E-1 2.1198E-2 1.84627E-2 9.06844E-2 2.79594E-1 3.2836E-1 2.80021E-1 2.69021E-1 3.17538E-1 4.25693E-1 2.02896E-1 2.57912E-1 2.66482E-1 5.00705E-2 1.71964E-2 3.37674E-2 4.86072E-2 4.40032E-2 5.83949E-2 4.98153E-2 3.28481E-2 4.68103E-2 2.29863E-2 7.9752E-3 2.20856E-2 1.98121E-2 1.91047E-2 1.99516E-2 1.77053E-2 1.63742E-2 1.71313E-2 1.49778E-2 1.23743E-2 9.97585E-3 9.90528E-3 9.10717E-3 8.43337E-3 1.33202E-2
4.81128E-1 4.72214E-1 4.61005E-1 4.64192E-1 4.85425E-1 5.24496E-1 3.58582E-1 6.03816E-2 3.20999E-2 1.25473E-2 2.29181E-2 1.17455E-1 7.88033E-2 4.66373E-2 1.59485E-1 4.08364E-1 5.77159E-2 5.34628E-1 6.91065E-1 1.33343E-1 2.09708E-1 2.67842E-1 1.6731E-1 1.3167E-1 9.77585E-2 5.59133E-2 1.26851E-1 2.95724E-1 3.99944E-1 3.91895E-1 5.53745E-1 4.28892E-1 5.17747E-1 3.99306E-1 3.62843E-1 1.81901E-1 6.14911E-2 2.67921E-2 4.37292E-2 9.35803E-2 2.58627E-2 1.8544E-2 1.60998E-2 2.1523E-2 1.35496E-2 2.86751E-2 3.41216E-2 3.85962E-2 2.61169E-2 2.7366E-2 2.82976E-2 2.36507E-2 1.95155E-2 1.80308E-2 1.42357E-2 1.21554E-2 1.06484E-2 9.37484E-3 9.23457E-3 9.79338E-3 1.20519E-2
