maxent_outputs/white_flowers_troch_bombus_environ/white_29.asc
ncols         426
nrows         180
xllcorner     -130.0
yllcorner     24.0
cellsize      0.16666666666666666
NODATA_value  -9999
[rows 27 to 53 of 180, columns 305 to 365 of 426]
2.1256E-2 2.1275E-2 2.14318E-2 2.2334E-2 2.12724E-2 2.14225E-2 2.11466E-2 2.0729E-2 2.08213E-2 2.14419E-2 2.17099E-2 2.08533E-2 1.98214E-2 2.04355E-2 2.08822E-2 2.25308E-2 2.47374E-2 2.34728E-2 2.09093E-2 2.07504E-2 1.95959E-2 1.90157E-2 1.94919E-2 2.00517E-2 1.78624E-2 1.82906E-2 1.86812E-2 1.59235E-2 1.64412E-2 1.67754E-2 1.55648E-2 1.46376E-2 1.48088E-2 1.43817E-2 1.48562E-2 1.2644E-2 1.4387E-2 1.46809E-2 1.57901E-2 1.62754E-2 1.61812E-2 1.88636E-2 2.00611E-2 2.00287E-2 1.79369E-2 1.71597E-2 1.816E-2 2.05689E-2 1.65513E-2 1.7219E-2 1.55844E-2 1.70515E-2 1.70625E-2 1.70709E-2 2.00931E-2 2.04652E-2 2.10596E-2 2.56031E-2 2.14816E-2 2.14366E-2 2.43125E-2
2.06136E-2 2.0711E-2 2.11523E-2 2.09221E-2 2.02499E-2 2.04813E-2 2.05677E-2 2.01246E-2 1.96658E-2 2.05103E-2 2.2137E-2 2.21286E-2 2.20438E-2 2.10797E-2 2.15696E-2 2.0819E-2 2.14667E-2 1.97835E-2 1.88265E-2 1.82068E-2 1.72133E-2 1.7629E-2 1.82992E-2 1.77835E-2 1.68992E-2 1.81302E-2 1.68317E-2 1.58242E-2 1.61578E-2 1.63212E-2 1.63454E-2 1.52796E-2 1.57124E-2 1.48292E-2 1.44769E-2 1.44907E-2 1.49145E-2 1.59354E-2 1.70738E-2 1.83834E-2 1.79133E-2 1.94556E-2 2.06603E-2 1.99851E-2 1.82646E-2 1.54181E-2 1.78148E-2 2.06621E-2 1.71824E-2 1.57348E-2 1.44959E-2 1.50438E-2 1.61658E-2 1.61759E-2 1.99624E-2 2.10475E-2 1.92699E-2 2.15E-2 2.43333E-2 3.08384E-2 3.05351E-2
2.29094E-2 2.22961E-2 2.10789E-2 2.01608E-2 2.00407E-2 2.09323E-2 2.09312E-2 1.98874E-2 1.98926E-2 2.14579E-2 2.24484E-2 2.35745E-2 2.55954E-2 2.70223E-2 2.14869E-2 2.0085E-2 1.86088E-2 1.86562E-2 1.79612E-2 1.7518E-2 1.7091E-2 1.69718E-2 1.70646E-2 1.72736E-2 1.64549E-2 1.56819E-2 1.6407E-2 1.57703E-2 1.53954E-2 1.50223E-2 1.5496E-2 1.51404E-2 1.55774E-2 1.53313E-2 1.48632E-2 1.57848E-2 1.76637E-2 1.85425E-2 1.89236E-2 2.00425E-2 2.04892E-2 2.06231E-2 2.11524E-2 2.12192E-2 2.13655E-2 2.04959E-2 1.83592E-2 2.08337E-2 2.16808E-2 1.71512E-2 1.54123E-2 1.4588E-2 1.58935E-2 1.68898E-2 1.67674E-2 1.85445E-2 2.07588E-2 2.12951E-2 2.26583E-2 2.98894E-2 3.86012E-2
2.19017E-2 2.19063E-2 2.03107E-2 2.25922E-2 2.17397E-2 1.96732E-2 2.00706E-2 1.98908E-2 1.98119E-2 2.20268E-2 2.2426E-2 2.23974E-2 2.36436E-2 2.15953E-2 1.9695E-2 1.89176E-2 1.82503E-2 1.84892E-2 1.7044E-2 1.78651E-2 1.82627E-2 1.83819E-2 1.76116E-2 1.68044E-2 1.57933E-2 1.57992E-2 1.58949E-2 1.54486E-2 1.58231E-2 1.5049E-2 1.47832E-2 1.45036E-2 1.40293E-2 1.34125E-2 1.47131E-2 1.6063E-2 1.77117E-2 2.06211E-2 2.14305E-2 2.15977E-2 2.21289E-2 2.29471E-2 2.30277E-2 2.36467E-2 2.37703E-2 2.44418E-2 2.456E-2 2.04244E-2 2.01492E-2 1.32085E-2 1.38421E-2 1.32298E-2 1.64994E-2 1.58408E-2 1.7331E-2 1.8271E-2 2.36869E-2 2.67517E-2 3.27606E-2 3.64291E-2 5.11387E-2
2.1807E-2 2.37807E-2 2.01128E-2 1.98982E-2 1.99104E-2 1.98896E-2 2.0993E-2 2.17298E-2 2.17895E-2 2.16264E-2 2.13606E-2 2.07135E-2 2.32825E-2 2.48797E-2 1.90601E-2 1.77604E-2 1.75638E-2 1.7648E-2 1.78226E-2 1.82789E-2 2.01118E-2 1.87798E-2 1.78583E-2 1.79856E-2 1.81952E-2 1.76828E-2 1.87788E-2 1.94888E-2 1.61763E-2 1.55449E-2 1.43411E-2 1.50978E-2 1.36502E-2 1.20693E-2 1.31521E-2 1.36501E-2 1.60338E-2 1.97557E-2 2.57129E-2 2.74985E-2 2.67385E-2 3.16434E-2 3.36724E-2 2.90965E-2 2.79777E-2 2.47346E-2 2.54126E-2 2.39966E-2 2.20039E-2 1.43766E-2 1.34307E-2 1.34703E-2 1.37644E-2 1.32241E-2 1.73073E-2 2.05745E-2 2.79684E-2 3.40796E-2 4.13422E-2 4.82067E-2 5.74913E-2
2.17469E-2 2.29696E-2 2.44271E-2 2.27659E-2 2.03648E-2 2.00559E-2 2.07826E-2 1.87843E-2 2.05464E-2 2.3924E-2 2.01319E-2 2.01096E-2 2.54598E-2 2.01356E-2 1.81181E-2 1.97315E-2 2.02946E-2 1.86081E-2 1.94633E-2 2.14816E-2 2.13846E-2 2.0258E-2 1.83351E-2 2.0769E-2 2.15328E-2 2.15595E-2 2.20285E-2 2.17535E-2 1.96195E-2 1.60724E-2 1.72583E-2 1.61598E-2 1.44704E-2 1.23335E-2 1.29192E-2 1.36028E-2 1.35597E-2 1.72353E-2 2.06841E-2 2.61659E-2 3.05723E-2 4.72321E-2 6.81356E-2 6.65185E-2 4.35314E-2 3.01556E-2 2.93428E-2 2.59981E-2 2.82986E-2 2.66167E-2 1.98897E-2 1.54722E-2 1.41281E-2 1.47624E-2 2.00048E-2 2.48273E-2 2.69142E-2 3.56511E-2 5.23459E-2 5.86305E-2 6.48258E-2
2.61581E-2 2.3808E-2 2.2675E-2 2.59193E-2 2.74908E-2 2.81255E-2 2.67362E-2 2.35001E-2 2.39513E-2 2.21048E-2 2.13757E-2 2.24391E-2 2.37914E-2 1.97798E-2 1.89813E-2 2.11741E-2 2.10907E-2 1.89144E-2 1.80274E-2 1.8429E-2 1.90491E-2 2.07071E-2 2.18911E-2 2.29272E-2 2.38143E-2 1.88305E-2 1.92431E-2 2.03796E-2 1.96874E-2 2.12127E-2 2.07496E-2 1.74217E-2 1.59066E-2 1.40816E-2 1.32289E-2 1.461E-2 1.54767E-2 1.81519E-2 1.90659E-2 2.02456E-2 2.39421E-2 2.92808E-2 3.84507E-2 4.45457E-2 3.48476E-2 3.36975E-2 3.63971E-2 3.74521E-2 3.672E-2 4.29515E-2 4.48674E-2 3.72137E-2 3.26351E-2 2.41882E-2 2.55909E-2 3.25909E-2 3.65279E-2 4.40824E-2 5.84219E-2 6.41119E-2 -9999
2.7174E-2 2.88742E-2 2.71768E-2 2.89116E-2 3.30138E-2 3.14717E-2 3.09388E-2 2.55399E-2 2.55457E-2 2.59891E-2 2.8013E-2 2.4506E-2 2.14827E-2 2.02946E-2 2.06941E-2 1.96173E-2 2.02758E-2 1.94472E-2 1.98858E-2 1.83929E-2 2.02069E-2 2.04476E-2 2.02431E-2 2.17195E-2 2.1509E-2 1.83587E-2 1.73306E-2 1.84829E-2 1.8002E-2 1.80057E-2 1.88152E-2 1.88553E-2 1.65414E-2 1.52954E-2 1.54754E-2 1.61685E-2 1.75758E-2 2.35393E-2 2.09369E-2 2.07807E-2 2.13825E-2 2.57387E-2 2.47401E-2 2.68053E-2 2.7087E-2 2.839E-2 3.06297E-2 3.14017E-2 3.19089E-2 3.51823E-2 3.42713E-2 3.21534E-2 3.0751E-2 4.22572E-2 5.49603E-2 6.32814E-2 4.77565E-2 5.63137E-2 5.60057E-2 -9999 9.75219E-2
2.74637E-2 3.05111E-2 2.74823E-2 2.55204E-2 2.56627E-2 2.69388E-2 2.9615E-2 3.17359E-2 2.77005E-2 2.41791E-2 2.64684E-2 2.89083E-2 2.69882E-2 2.40493E-2 2.2059E-2 2.1801E-2 1.9731E-2 1.93685E-2 2.01608E-2 2.20769E-2 2.14824E-2 2.07465E-2 2.22254E-2 2.23434E-2 1.7938E-2 1.70722E-2 1.85839E-2 1.87474E-2 1.84154E-2 1.74703E-2 1.90362E-2 2.20806E-2 2.03654E-2 1.80487E-2 1.94897E-2 2.05157E-2 2.27318E-2 2.43785E-2 2.42453E-2 2.19148E-2 2.12586E-2 2.18149E-2 1.99097E-2 2.44767E-2 2.4264E-2 2.30981E-2 2.27264E-2 2.12907E-2 2.33274E-2 2.44597E-2 2.56635E-2 2.56779E-2 2.20925E-2 2.85466E-2 4.24455E-2 5.59063E-2 7.30291E-2 1.00838E-1 1.0135E-1 6.89674E-2 5.75287E-2
3.21525E-2 2.98318E-2 2.96204E-2 2.88688E-2 2.92524E-2 2.78613E-2 2.91275E-2 2.71427E-2 2.70616E-2 2.51214E-2 2.52405E-2 2.84227E-2 2.7368E-2 2.61631E-2 2.46324E-2 2.47353E-2 2.39563E-2 2.40543E-2 2.25522E-2 2.25562E-2 2.24201E-2 2.21196E-2 2.27259E-2 2.16556E-2 1.90708E-2 1.80153E-2 2.04426E-2 1.97807E-2 1.99147E-2 1.94669E-2 2.12966E-2 2.29584E-2 2.38165E-2 2.35218E-2 2.46248E-2 2.35067E-2 2.63814E-2 2.72633E-2 2.94538E-2 2.78177E-2 2.61734E-2 2.52646E-2 2.25837E-2 2.17828E-2 2.32667E-2 1.80917E-2 1.64385E-2 1.56619E-2 1.30992E-2 1.4604E-2 1.68083E-2 1.80711E-2 2.69169E-2 2.66526E-2 4.07492E-2 6.2864E-2 8.7878E-2 9.14207E-2 6.72971E-2 4.73233E-2 4.37397E-2
3.13476E-2 3.16151E-2 2.96959E-2 2.77672E-2 2.87887E-2 2.98443E-2 2.99311E-2 2.916E-2 2.74187E-2 2.75269E-2 2.92977E-2 2.80196E-2 2.69535E-2 2.53072E-2 2.38029E-2 2.45219E-2 2.56612E-2 2.51443E-2 2.38148E-2 2.25507E-2 2.33603E-2 2.29362E-2 2.32371E-2 2.15274E-2 2.00522E-2 2.027E-2 2.06448E-2 1.96875E-2 1.99787E-2 2.06984E-2 2.23652E-2 2.51793E-2 2.35704E-2 2.51114E-2 2.72684E-2 2.93706E-2 2.84749E-2 3.01494E-2 2.99645E-2 3.01054E-2 2.75368E-2 2.5055E-2 2.45726E-2 2.43106E-2 2.13943E-2 1.74383E-2 1.43343E-2 1.39713E-2 1.172E-2 1.27307E-2 1.32251E-2 1.96892E-2 4.93665E-2 4.41636E-2 4.30553E-2 6.8616E-2 9.47982E-2 6.376E-2 4.73791E-2 3.61729E-2 3.54806E-2
3.22929E-2 3.0997E-2 3.66512E-2 3.22316E-2 2.77722E-2 2.70771E-2 2.93066E-2 2.72095E-2 2.69125E-2 2.82042E-2 2.877E-2 2.90374E-2 2.77619E-2 2.67654E-2 2.47336E-2 2.63515E-2 2.49812E-2 2.2478E-2 2.34875E-2 2.38899E-2 2.31504E-2 2.29065E-2 2.34542E-2 2.28515E-2 2.30224E-2 2.18521E-2 2.05531E-2 2.02316E-2 2.14803E-2 2.25956E-2 2.49674E-2 2.61309E-2 2.32184E-2 2.44947E-2 2.9171E-2 2.84519E-2 2.96977E-2 3.00334E-2 3.1117E-2 2.81937E-2 2.73788E-2 2.90535E-2 2.54361E-2 2.36807E-2 1.83348E-2 1.47117E-2 1.3637E-2 1.25716E-2 1.19078E-2 1.28831E-2 1.52528E-2 4.62557E-2 4.30421E-2 5.29854E-2 7.79084E-2 8.4457E-2 6.49061E-2 4.67884E-2 3.40274E-2 3.60514E-2 3.77924E-2
3.14048E-2 2.86106E-2 2.80189E-2 2.81431E-2 2.80032E-2 2.82814E-2 2.77364E-2 2.7227E-2 2.74186E-2 2.76148E-2 2.7148E-2 2.95911E-2 2.74221E-2 2.80103E-2 2.72742E-2 2.89284E-2 2.56009E-2 2.27313E-2 2.47827E-2 2.43653E-2 2.40551E-2 2.39177E-2 2.37825E-2 2.29981E-2 2.44882E-2 2.23608E-2 2.18504E-2 2.39991E-2 2.644E-2 2.75254E-2 2.23639E-2 2.48026E-2 2.37759E-2 2.38201E-2 2.70556E-2 3.03429E-2 3.37617E-2 3.25773E-2 3.53465E-2 3.26494E-2 3.05425E-2 2.9845E-2 2.72099E-2 2.36146E-2 1.85448E-2 1.63408E-2 1.68468E-2 1.38068E-2 1.1888E-2 1.20378E-2 1.88E-2 5.03718E-2 7.28636E-2 7.41969E-2 9.80829E-2 6.84696E-2 5.11196E-2 3.68069E-2 3.53232E-2 3.95209E-2 4.55885E-2
3.09233E-2 3.10471E-2 2.82951E-2 2.71245E-2 2.73616E-2 2.81941E-2 2.56773E-2 2.56677E-2 2.54422E-2 2.572E-2 2.44734E-2 2.57558E-2 2.54134E-2 2.46615E-2 2.50932E-2 3.00601E-2 2.46622E-2 2.29014E-2 2.35647E-2 2.35628E-2 2.37506E-2 2.53876E-2 2.43945E-2 2.37055E-2 2.41013E-2 2.37699E-2 2.30293E-2 2.19954E-2 2.37013E-2 2.49156E-2 2.29457E-2 2.40177E-2 2.40086E-2 2.45725E-2 2.49057E-2 2.66789E-2 3.08539E-2 3.55138E-2 3.38691E-2 3.04199E-2 3.18345E-2 3.29911E-2 2.70942E-2 2.22353E-2 1.99469E-2 1.80054E-2 2.10446E-2 1.77301E-2 1.76687E-2 1.95458E-2 3.33529E-2 3.99199E-2 -9999 8.62588E-2 6.49504E-2 5.54879E-2 3.89232E-2 3.63719E-2 3.98973E-2 4.22864E-2 4.48875E-2
3.5694E-2 3.23836E-2 3.10438E-2 3.283E-2 3.05148E-2 2.8813E-2 2.71966E-2 2.73606E-2 2.5124E-2 2.42709E-2 2.38666E-2 2.42983E-2 2.4311E-2 2.37647E-2 2.42529E-2 2.46558E-2 2.55081E-2 2.3531E-2 2.37052E-2 2.67482E-2 3.15142E-2 2.86532E-2 3.03005E-2 2.69703E-2 2.60243E-2 2.45519E-2 2.27028E-2 2.18631E-2 2.10304E-2 2.20815E-2 2.38407E-2 2.60488E-2 2.6296E-2 2.49403E-2 2.49746E-2 2.79342E-2 2.99303E-2 3.84167E-2 3.64365E-2 3.80486E-2 3.36816E-2 3.58157E-2 3.15035E-2 3.06322E-2 2.68667E-2 3.02103E-2 3.39705E-2 2.79547E-2 3.27632E-2 4.98006E-2 5.66289E-2 1.45044E-1 8.87449E-2 5.88183E-2 4.32968E-2 4.27288E-2 3.90003E-2 3.94821E-2 4.31247E-2 4.14837E-2 4.59569E-2
4.04593E-2 4.43432E-2 3.83448E-2 3.36285E-2 2.96435E-2 2.66445E-2 2.63123E-2 2.96958E-2 2.53079E-2 2.28547E-2 2.17767E-2 2.41206E-2 2.25626E-2 2.19368E-2 2.37709E-2 2.7061E-2 2.61386E-2 2.82515E-2 2.88599E-2 3.41986E-2 3.84618E-2 3.56014E-2 3.2053E-2 2.82084E-2 2.79714E-2 2.48407E-2 2.34783E-2 2.19607E-2 2.08766E-2 2.37059E-2 2.45008E-2 2.62242E-2 2.58852E-2 2.83253E-2 2.96797E-2 3.06938E-2 3.56896E-2 4.30105E-2 4.15925E-2 4.14117E-2 4.01135E-2 4.35086E-2 4.35125E-2 4.25988E-2 4.45856E-2 4.68251E-2 5.37259E-2 5.41076E-2 6.7805E-2 8.14573E-2 7.70209E-2 7.24483E-2 5.1811E-2 4.35681E-2 3.98225E-2 4.04793E-2 4.47275E-2 4.51808E-2 4.29748E-2 4.2365E-2 4.08585E-2
4.10925E-2 4.34711E-2 3.63732E-2 3.36452E-2 3.04951E-2 2.79913E-2 2.76713E-2 2.68736E-2 2.75124E-2 2.38282E-2 2.44077E-2 2.57362E-2 2.3752E-2 2.46812E-2 2.65287E-2 2.77998E-2 3.43029E-2 3.67159E-2 3.65711E-2 4.68589E-2 4.84385E-2 3.21604E-2 2.88355E-2 3.02887E-2 3.23146E-2 2.56626E-2 2.49044E-2 2.29936E-2 2.22907E-2 2.36526E-2 2.63171E-2 3.17851E-2 3.09915E-2 2.66123E-2 3.09309E-2 3.05146E-2 3.87816E-2 4.00353E-2 4.77361E-2 4.31134E-2 4.61977E-2 5.02924E-2 5.37556E-2 5.59828E-2 5.56148E-2 5.82326E-2 6.66276E-2 7.23074E-2 6.52253E-2 6.31713E-2 5.54415E-2 4.93934E-2 3.96843E-2 3.60648E-2 3.92577E-2 3.99578E-2 4.49413E-2 4.54623E-2 4.55108E-2 4.57867E-2 3.72832E-2
3.97566E-2 4.50243E-2 3.74237E-2 3.08059E-2 3.3874E-2 3.23881E-2 2.91588E-2 2.85809E-2 2.70877E-2 2.50739E-2 2.56154E-2 3.07093E-2 3.01209E-2 2.84294E-2 2.86592E-2 3.24194E-2 3.66531E-2 4.09089E-2 4.02589E-2 3.84836E-2 3.68024E-2 3.25415E-2 3.24479E-2 3.20102E-2 3.50805E-2 2.9653E-2 3.05529E-2 2.66241E-2 2.50745E-2 2.51059E-2 2.61394E-2 2.57393E-2 2.5774E-2 2.74068E-2 3.08163E-2 3.88407E-2 4.19802E-2 4.75507E-2 5.07802E-2 4.88601E-2 5.37767E-2 6.24685E-2 6.59244E-2 6.297E-2 6.23754E-2 5.76322E-2 6.00449E-2 6.08302E-2 5.84006E-2 5.23356E-2 5.16039E-2 3.73961E-2 3.1325E-2 3.88098E-2 3.94531E-2 4.32917E-2 4.65092E-2 4.38145E-2 4.33279E-2 4.19103E-2 4.14011E-2
3.50555E-2 4.19167E-2 4.51544E-2 3.43212E-2 3.29618E-2 3.02603E-2 2.9329E-2 3.20091E-2 3.13463E-2 2.77065E-2 3.08475E-2 3.45849E-2 4.05564E-2 3.73239E-2 3.23357E-2 3.46696E-2 4.09652E-2 4.14743E-2 4.39742E-2 4.21075E-2 4.18227E-2 4.02277E-2 3.68304E-2 3.30579E-2 3.54544E-2 3.63879E-2 3.65296E-2 2.81918E-2 2.33238E-2 2.48736E-2 2.76209E-2 2.84617E-2 2.79105E-2 3.36376E-2 4.25086E-2 4.808E-2 4.8947E-2 5.06012E-2 5.70491E-2 6.27361E-2 6.56341E-2 7.02891E-2 5.68036E-2 5.77041E-2 6.10976E-2 5.73402E-2 5.61665E-2 5.34558E-2 5.24531E-2 5.22197E-2 4.80711E-2 4.41505E-2 3.95394E-2 4.15992E-2 4.20347E-2 4.43988E-2 4.31418E-2 4.87204E-2 4.9493E-2 4.86383E-2 4.47146E-2
4.31906E-2 4.25983E-2 4.01032E-2 3.9456E-2 4.06735E-2 4.07257E-2 4.04041E-2 4.06593E-2 4.02003E-2 3.70165E-2 3.30512E-2 3.62261E-2 3.93492E-2 3.974E-2 4.01289E-2 3.79659E-2 4.11197E-2 4.43036E-2 4.859E-2 4.58723E-2 4.8915E-2 4.58675E-2 3.88124E-2 3.75937E-2 4.15206E-2 3.92684E-2 3.94421E-2 3.41094E-2 2.77568E-2 2.61186E-2 2.94738E-2 3.33773E-2 3.79371E-2 4.58628E-2 4.85862E-2 5.38241E-2 5.63013E-2 5.81318E-2 7.24928E-2 7.2073E-2 6.56714E-2 6.41813E-2 6.20411E-2 6.06613E-2 5.39574E-2 5.17609E-2 4.96209E-2 4.466E-2 4.2544E-2 5.70126E-2 5.64576E-2 5.00584E-2 4.59226E-2 4.33551E-2 3.90274E-2 4.24768E-2 4.21355E-2 5.30009E-2 5.38962E-2 5.38486E-2 4.98013E-2
4.1428E-2 4.24256E-2 3.85505E-2 3.57719E-2 3.81832E-2 3.48885E-2 3.71129E-2 4.10309E-2 4.43385E-2 4.65768E-2 4.84534E-2 4.34001E-2 4.31935E-2 4.30068E-2 4.36446E-2 4.13893E-2 4.25986E-2 4.44678E-2 4.54072E-2 5.04123E-2 5.43062E-2 4.34044E-2 4.02724E-2 4.10347E-2 4.60421E-2 4.29441E-2 4.14932E-2 4.01049E-2 3.29969E-2 3.17382E-2 3.44504E-2 4.30747E-2 5.37703E-2 5.52038E-2 5.62605E-2 6.19855E-2 8.14866E-2 8.44912E-2 7.31124E-2 6.50425E-2 6.59498E-2 6.52722E-2 6.17534E-2 5.65094E-2 4.62832E-2 4.59968E-2 4.47414E-2 4.07746E-2 4.84035E-2 5.29472E-2 5.54832E-2 5.47525E-2 4.76604E-2 3.76015E-2 3.93598E-2 3.87976E-2 4.45796E-2 4.81062E-2 5.28701E-2 4.83315E-2 4.62522E-2
4.22568E-2 3.85009E-2 3.75649E-2 3.81189E-2 3.74302E-2 3.96262E-2 4.04389E-2 4.12253E-2 4.44911E-2 4.75606E-2 4.8691E-2 5.53995E-2 4.66635E-2 4.75911E-2 4.74735E-2 4.49898E-2 4.58827E-2 4.55834E-2 4.5828E-2 4.783E-2 4.96726E-2 4.64967E-2 4.0554E-2 4.07801E-2 5.23977E-2 4.39949E-2 4.61431E-2 4.80753E-2 3.77972E-2 4.05256E-2 4.82221E-2 5.77396E-2 6.33059E-2 6.09108E-2 6.92981E-2 8.23016E-2 7.78261E-2 7.13896E-2 6.99045E-2 7.60138E-2 7.35153E-2 6.92414E-2 6.46804E-2 5.52646E-2 4.70139E-2 4.46294E-2 5.20371E-2 5.64309E-2 5.61249E-2 4.98896E-2 5.32339E-2 5.3589E-2 5.16915E-2 4.20047E-2 4.58012E-2 4.82995E-2 5.16251E-2 5.1106E-2 4.86704E-2 5.32727E-2 4.57643E-2
3.75051E-2 3.59759E-2 3.66812E-2 3.78805E-2 3.95001E-2 3.68778E-2 3.68192E-2 3.91984E-2 4.64762E-2 4.52824E-2 4.83704E-2 4.91887E-2 4.86432E-2 4.87476E-2 5.09658E-2 4.80157E-2 4.74588E-2 4.80113E-2 4.81201E-2 4.85027E-2 4.91677E-2 5.11973E-2 4.69526E-2 4.87549E-2 4.65913E-2 4.97379E-2 5.56155E-2 5.09541E-2 5.06227E-2 5.46312E-2 6.43446E-2 6.54816E-2 7.16717E-2 8.21764E-2 8.44605E-2 8.04473E-2 7.79589E-2 7.73866E-2 7.28115E-2 6.94645E-2 6.955E-2 6.88147E-2 6.82705E-2 5.937E-2 5.55931E-2 5.41293E-2 5.91308E-2 5.63358E-2 5.2914E-2 4.50943E-2 4.83988E-2 4.75378E-2 4.21095E-2 4.20191E-2 4.58503E-2 4.95811E-2 6.29407E-2 5.17217E-2 4.32147E-2 4.95137E-2 6.17531E-2
3.93932E-2 3.49231E-2 3.55263E-2 3.61702E-2 3.60212E-2 3.50132E-2 3.68649E-2 4.00453E-2 4.29103E-2 4.84267E-2 5.12327E-2 5.0911E-2 5.16113E-2 4.8716E-2 4.95097E-2 5.3987E-2 5.37969E-2 5.54623E-2 5.61279E-2 5.48002E-2 5.58314E-2 5.64857E-2 5.88581E-2 6.17638E-2 6.27842E-2 6.18885E-2 6.3343E-2 6.50617E-2 6.98229E-2 7.35411E-2 6.86516E-2 8.31221E-2 9.01779E-2 9.42049E-2 9.37923E-2 8.92623E-2 8.69361E-2 8.26437E-2 7.82437E-2 7.44244E-2 6.66272E-2 6.69384E-2 7.07751E-2 6.74637E-2 6.18451E-2 6.26263E-2 5.70509E-2 4.9733E-2 4.41633E-2 4.65954E-2 4.27877E-2 4.45459E-2 4.77072E-2 4.85311E-2 4.35283E-2 4.55147E-2 5.27636E-2 6.21099E-2 3.97124E-2 4.02292E-2 5.27399E-2
4.72268E-2 4.002E-2 3.73874E-2 3.54666E-2 3.65376E-2 3.67723E-2 3.65439E-2 4.36855E-2 4.67595E-2 4.45124E-2 4.00559E-2 4.21281E-2 4.99739E-2 5.24648E-2 5.34112E-2 5.70649E-2 6.3728E-2 6.46577E-2 6.2645E-2 7.09624E-2 7.76121E-2 7.31906E-2 6.23814E-2 6.2914E-2 6.53796E-2 6.22556E-2 6.30879E-2 6.48983E-2 6.88091E-2 7.79112E-2 9.07919E-2 1.0207E-1 1.01E-1 1.02061E-1 9.9312E-2 9.52427E-2 8.97601E-2 8.37991E-2 8.02713E-2 7.16211E-2 6.29533E-2 6.14532E-2 7.3182E-2 7.64114E-2 7.11689E-2 6.41816E-2 5.12885E-2 4.44243E-2 3.67207E-2 4.31112E-2 4.32166E-2 3.02511E-2 3.66698E-2 4.47248E-2 4.31486E-2 5.22246E-2 4.4717E-2 4.83388E-2 5.37488E-2 5.87849E-2 6.76505E-2
5.70843E-2 5.07561E-2 5.02628E-2 4.35007E-2 3.92912E-2 3.80148E-2 3.86121E-2 4.02699E-2 4.5304E-2 4.65208E-2 4.53321E-2 4.87319E-2 4.85855E-2 5.72498E-2 6.58538E-2 7.07309E-2 7.09113E-2 6.70374E-2 6.7192E-2 6.98073E-2 6.99157E-2 6.85002E-2 6.594E-2 6.57384E-2 6.58263E-2 6.4813E-2 7.00098E-2 7.16846E-2 7.69884E-2 8.02571E-2 9.67271E-2 9.84441E-2 9.44501E-2 9.49528E-2 9.63242E-2 1.00588E-1 9.4594E-2 8.84957E-2 8.37694E-2 7.02106E-2 5.97094E-2 6.74551E-2 7.50382E-2 7.31181E-2 6.29233E-2 5.49234E-2 4.59105E-2 3.61921E-2 3.20443E-2 2.84396E-2 2.95782E-2 4.11375E-2 4.7709E-2 5.33366E-2 5.104E-2 4.94764E-2 4.65618E-2 5.65041E-2 7.06907E-2 7.41856E-2 7.61419E-2
5.94657E-2 5.67662E-2 5.3953E-2 4.77831E-2 4.47684E-2 4.21501E-2 4.57593E-2 4.54919E-2 5.04046E-2 4.91086E-2 5.1362E-2 5.0293E-2 5.69683E-2 6.16895E-2 6.52999E-2 6.94281E-2 7.40871E-2 7.84752E-2 7.83199E-2 7.87265E-2 8.22095E-2 7.66094E-2 7.05549E-2 6.92314E-2 7.39422E-2 8.13511E-2 8.62158E-2 9.21076E-2 9.84815E-2 9.6907E-2 9.67202E-2 9.72951E-2 1.01828E-1 1.05345E-1 1.08653E-1 1.16233E-1 1.16038E-1 9.37398E-2 7.75983E-2 6.60258E-2 6.58227E-2 7.09379E-2 6.42111E-2 5.36434E-2 4.95167E-2 4.79908E-2 4.59432E-2 4.11836E-2 3.55369E-2 3.80967E-2 3.45261E-2 3.61251E-2 3.63613E-2 4.62505E-2 5.57812E-2 6.60478E-2 5.63971E-2 6.59256E-2 7.50514E-2 7.38941E-2 8.03026E-2
