maxent_outputs/white_flowers_troch_bombus_environ/white_287.asc
ncols         426
nrows         180
xllcorner     -130.0
yllcorner     24.0
cellsize      0.16666666666666666
NODATA_value  -9999
[rows 54 to 80 of 180, columns 305 to 365 of 426]
3.79719E-1 3.70102E-1 3.73131E-1 3.6114E-1 3.4928E-1 3.37233E-1 3.31625E-1 3.27057E-1 3.23141E-1 3.19362E-1 3.10079E-1 3.22013E-1 3.20562E-1 3.20024E-1 3.31882E-1 3.5008E-1 3.60521E-1 3.66228E-1 3.81373E-1 3.92136E-1 4.05019E-1 4.11387E-1 3.97512E-1 4.14209E-1 4.41215E-1 4.36044E-1 4.16814E-1 4.11863E-1 4.00444E-1 3.84272E-1 3.45675E-1 3.27645E-1 3.40499E-1 3.28995E-1 3.27456E-1 3.63557E-1 3.51733E-1 3.45758E-1 3.50771E-1 3.49645E-1 3.64947E-1 3.5947E-1 3.32126E-1 3.11761E-1 2.98898E-1 2.8863E-1 2.78463E-1 2.7474E-1 2.8281E-1 2.88551E-1 2.99748E-1 3.05617E-1 3.36145E-1 3.64042E-1 3.95281E-1 4.03988E-1 4.00914E-1 4.15492E-1 4.24309E-1 4.32819E-1 4.44553E-1
3.85337E-1 3.78161E-1 3.91884E-1 3.84777E-1 3.74405E-1 3.57468E-1 3.50424E-1 3.46329E-1 3.42293E-1 3.3706E-1 3.34741E-1 3.35416E-1 3.38341E-1 3.46382E-1 3.55524E-1 3.78175E-1 3.97007E-1 4.27242E-1 4.08825E-1 4.04762E-1 4.06111E-1 4.07149E-1 4.10529E-1 3.91136E-1 3.86823E-1 3.78901E-1 3.70221E-1 3.555E-1 3.32343E-1 3.1898E-1 3.02031E-1 2.98075E-1 3.11132E-1 3.25712E-1 3.57588E-1 3.79112E-1 3.33005E-1 3.2911E-1 3.30542E-1 3.35378E-1 3.38231E-1 3.25966E-1 3.12276E-1 3.01629E-1 2.96048E-1 2.94604E-1 2.82572E-1 2.85961E-1 2.99709E-1 2.98239E-1 3.16556E-1 3.34838E-1 3.70201E-1 4.00755E-1 4.19937E-1 4.27655E-1 4.27135E-1 4.3285E-1 4.48723E-1 4.58311E-1 4.78424E-1
4.03393E-1 4.01435E-1 4.04261E-1 3.89485E-1 3.94216E-1 3.80052E-1 3.75959E-1 3.77738E-1 3.83869E-1 3.69886E-1 3.67255E-1 3.74412E-1 3.75632E-1 3.76794E-1 3.93079E-1 4.20212E-1 4.43865E-1 4.36441E-1 4.43731E-1 4.29857E-1 4.29874E-1 4.12543E-1 3.83963E-1 3.71126E-1 3.56392E-1 3.4622E-1 3.20748E-1 3.12562E-1 3.08405E-1 3.01119E-1 2.96055E-1 3.09116E-1 3.19056E-1 3.49009E-1 4.20629E-1 4.0321E-1 3.39315E-1 3.25653E-1 3.18803E-1 3.33689E-1 3.29061E-1 3.05762E-1 3.0974E-1 2.96824E-1 2.96461E-1 3.05529E-1 3.08283E-1 3.14711E-1 3.13553E-1 3.36744E-1 3.65752E-1 3.78984E-1 3.98695E-1 4.30044E-1 4.56275E-1 4.64739E-1 4.57339E-1 4.5787E-1 4.80853E-1 4.84801E-1 5.12079E-1
4.01345E-1 3.89707E-1 3.94852E-1 3.97423E-1 4.0061E-1 3.77292E-1 3.70478E-1 3.80103E-1 3.96059E-1 3.9649E-1 3.97905E-1 4.13455E-1 4.08318E-1 4.04069E-1 4.2432E-1 4.47689E-1 4.56046E-1 4.44902E-1 4.4536E-1 4.60864E-1 4.50189E-1 4.03485E-1 3.72837E-1 3.59509E-1 3.42978E-1 3.22262E-1 3.14121E-1 3.05934E-1 3.03646E-1 3.0049E-1 2.92144E-1 2.93545E-1 3.40712E-1 3.4889E-1 4.09305E-1 4.3184E-1 3.42411E-1 3.20669E-1 3.29919E-1 3.23942E-1 3.30577E-1 3.05291E-1 3.16173E-1 3.09356E-1 3.05982E-1 3.04293E-1 3.21613E-1 3.43569E-1 3.64196E-1 3.82349E-1 4.00899E-1 4.02516E-1 4.31234E-1 4.62067E-1 4.77783E-1 4.87423E-1 4.86479E-1 4.99309E-1 5.05219E-1 5.30253E-1 5.56706E-1
3.87751E-1 4.02053E-1 4.0427E-1 3.92273E-1 4.02897E-1 4.01534E-1 3.98592E-1 3.8977E-1 4.17403E-1 4.29925E-1 4.46971E-1 4.50614E-1 4.48503E-1 4.45232E-1 4.63915E-1 4.90301E-1 5.03632E-1 5.08066E-1 5.05083E-1 4.42692E-1 4.10257E-1 3.82823E-1 3.70297E-1 3.57174E-1 3.33383E-1 3.203E-1 3.1413E-1 3.17782E-1 3.17729E-1 3.11071E-1 2.87427E-1 2.79326E-1 3.15007E-1 3.5731E-1 3.99426E-1 3.95528E-1 3.4555E-1 3.17603E-1 3.4235E-1 3.41816E-1 3.23307E-1 3.24068E-1 3.28309E-1 3.23407E-1 3.13246E-1 3.23712E-1 3.47614E-1 3.75848E-1 3.98989E-1 4.43003E-1 4.47902E-1 4.56443E-1 4.68257E-1 4.92479E-1 5.10194E-1 5.29915E-1 5.27223E-1 5.40398E-1 5.52106E-1 5.6544E-1 5.76811E-1
3.99763E-1 4.1755E-1 3.98023E-1 4.1152E-1 4.33453E-1 4.31251E-1 4.08681E-1 4.24199E-1 4.51877E-1 4.85979E-1 4.93566E-1 5.1617E-1 4.93979E-1 5.37554E-1 5.87185E-1 6.44026E-1 5.88181E-1 5.29368E-1 4.73493E-1 4.32689E-1 4.00344E-1 3.89841E-1 3.84209E-1 3.58572E-1 3.26568E-1 3.1786E-1 3.17953E-1 3.23535E-1 3.1484E-1 3.02347E-1 2.80173E-1 2.69106E-1 3.07009E-1 3.50167E-1 4.07965E-1 3.77258E-1 3.50558E-1 3.22095E-1 3.44743E-1 3.36108E-1 3.26998E-1 3.37202E-1 3.45218E-1 3.33248E-1 3.44136E-1 3.60063E-1 3.86748E-1 4.39949E-1 4.70425E-1 4.91939E-1 4.91488E-1 5.04414E-1 5.18558E-1 5.35671E-1 5.46417E-1 5.6038E-1 5.75136E-1 5.91832E-1 5.96713E-1 5.99488E-1 6.11463E-1
4.60294E-1 4.92391E-1 4.95924E-1 5.27293E-1 5.56656E-1 5.85814E-1 5.98359E-1 6.09035E-1 6.30451E-1 6.38054E-1 6.04101E-1 5.80237E-1 5.32474E-1 6.19743E-1 6.88972E-1 6.85901E-1 6.65184E-1 5.91408E-1 5.17134E-1 4.56339E-1 4.05643E-1 3.96073E-1 3.84651E-1 3.60045E-1 3.31231E-1 3.25111E-1 3.29287E-1 3.34807E-1 3.24538E-1 3.19017E-1 3.15341E-1 3.1264E-1 3.52777E-1 3.62469E-1 3.99153E-1 3.82059E-1 3.69449E-1 3.39671E-1 3.65984E-1 3.61366E-1 3.51612E-1 3.68003E-1 3.69129E-1 3.67176E-1 3.81286E-1 4.01086E-1 4.28767E-1 4.84999E-1 5.00997E-1 4.97784E-1 5.00184E-1 5.81377E-1 5.50852E-1 5.50256E-1 5.72285E-1 6.00368E-1 6.38472E-1 6.58304E-1 6.48098E-1 6.83623E-1 7.57995E-1
6.02756E-1 6.55959E-1 6.62794E-1 6.73406E-1 6.7558E-1 6.65758E-1 6.59154E-1 6.58794E-1 6.68272E-1 6.76907E-1 6.91089E-1 6.93547E-1 6.91705E-1 7.1431E-1 7.23768E-1 7.26543E-1 7.17733E-1 6.28455E-1 5.12254E-1 4.37689E-1 3.88051E-1 3.74465E-1 4.10196E-1 3.93973E-1 3.6397E-1 3.47761E-1 3.51593E-1 3.35707E-1 3.28267E-1 3.33743E-1 3.39585E-1 3.6892E-1 3.86524E-1 3.756E-1 4.18894E-1 3.90298E-1 3.80911E-1 3.46349E-1 3.76587E-1 3.87235E-1 3.90402E-1 3.95265E-1 3.85624E-1 3.93799E-1 4.22105E-1 4.48935E-1 4.79276E-1 4.7883E-1 5.01977E-1 5.03221E-1 5.11997E-1 5.56936E-1 5.52109E-1 5.82434E-1 6.55603E-1 6.77117E-1 6.68669E-1 7.11873E-1 -9999 8.05906E-1 -9999
6.8439E-1 6.81409E-1 6.7818E-1 6.77567E-1 6.6837E-1 6.58563E-1 6.54615E-1 6.53619E-1 6.64449E-1 6.79455E-1 6.8947E-1 7.00845E-1 7.08317E-1 7.18873E-1 7.25293E-1 7.25459E-1 6.91113E-1 6.31994E-1 5.36363E-1 4.73713E-1 4.27321E-1 3.89967E-1 4.18029E-1 4.37198E-1 4.09725E-1 3.74282E-1 3.56894E-1 3.4282E-1 3.64878E-1 3.49345E-1 3.5323E-1 3.93979E-1 4.00137E-1 4.17281E-1 4.15663E-1 3.98843E-1 3.70659E-1 3.64982E-1 3.76133E-1 4.0079E-1 4.13681E-1 4.06335E-1 4.05018E-1 4.02179E-1 4.38196E-1 4.56067E-1 4.83774E-1 5.20282E-1 4.99804E-1 5.08478E-1 5.32767E-1 5.59701E-1 5.82397E-1 6.2564E-1 -9999 -9999 -9999 -9999 -9999 -9999 -9999
6.88745E-1 6.78507E-1 6.54803E-1 6.16812E-1 6.0241E-1 5.86732E-1 5.75476E-1 5.73088E-1 6.04906E-1 6.54087E-1 6.69351E-1 6.74568E-1 6.7853E-1 6.77146E-1 6.54334E-1 5.84626E-1 5.61517E-1 5.44401E-1 5.38879E-1 5.27388E-1 4.9783E-1 4.57038E-1 4.62958E-1 4.5762E-1 4.3454E-1 4.05215E-1 3.82786E-1 3.86391E-1 3.93576E-1 4.08203E-1 3.84189E-1 4.08421E-1 4.16501E-1 4.22223E-1 4.13681E-1 3.95503E-1 3.81232E-1 3.90015E-1 4.01201E-1 4.19722E-1 4.31893E-1 4.251E-1 4.20118E-1 4.2687E-1 4.67524E-1 4.69941E-1 4.59245E-1 4.80769E-1 5.18248E-1 5.39737E-1 5.58978E-1 5.93985E-1 6.30338E-1 -9999 -9999 -9999 -9999 -9999 -9999 -9999 -9999
5.84784E-1 5.72473E-1 5.5201E-1 5.25625E-1 5.0217E-1 4.81563E-1 4.67827E-1 4.67312E-1 4.96729E-1 5.38979E-1 5.34025E-1 5.21846E-1 5.18116E-1 5.39088E-1 5.3407E-1 5.31443E-1 5.34415E-1 5.27186E-1 5.34112E-1 5.54313E-1 5.26872E-1 4.92061E-1 4.71762E-1 4.46468E-1 4.26819E-1 4.11736E-1 4.06595E-1 4.02006E-1 4.00399E-1 4.41E-1 4.29714E-1 4.21726E-1 4.37579E-1 4.2926E-1 4.0005E-1 3.98936E-1 4.10399E-1 4.23332E-1 4.3334E-1 4.47392E-1 4.52537E-1 4.41936E-1 4.34272E-1 4.81721E-1 5.04407E-1 4.83655E-1 4.74868E-1 4.96298E-1 5.36746E-1 5.57362E-1 6.03159E-1 6.36229E-1 -9999 -9999 -9999 -9999 -9999 -9999 -9999 -9999 -9999
5.44987E-1 5.44077E-1 5.21934E-1 4.9551E-1 4.77504E-1 4.51158E-1 4.32371E-1 4.3943E-1 4.60992E-1 4.76739E-1 4.80054E-1 4.7944E-1 4.83674E-1 4.9914E-1 5.08179E-1 5.01286E-1 4.98696E-1 4.97876E-1 4.90429E-1 4.97567E-1 4.7857E-1 4.59853E-1 4.55312E-1 4.47599E-1 4.36764E-1 4.18527E-1 4.26485E-1 4.33053E-1 4.42698E-1 4.57578E-1 4.41838E-1 4.49592E-1 4.58799E-1 4.3474E-1 4.06812E-1 4.15659E-1 4.20589E-1 4.42139E-1 4.66925E-1 4.72639E-1 4.64245E-1 4.57429E-1 4.70376E-1 5.08356E-1 5.21711E-1 5.13206E-1 5.04854E-1 5.32324E-1 5.6103E-1 5.96411E-1 6.46351E-1 6.51855E-1 -9999 -9999 -9999 -9999 -9999 -9999 -9999 -9999 -9999
5.30399E-1 5.541E-1 5.23964E-1 4.80479E-1 4.53822E-1 4.33137E-1 4.14076E-1 4.19891E-1 4.31524E-1 4.23322E-1 4.29368E-1 4.44063E-1 4.5074E-1 4.84468E-1 4.93379E-1 4.62142E-1 4.52739E-1 4.60302E-1 4.57381E-1 4.44175E-1 4.22524E-1 4.21922E-1 4.17546E-1 4.08273E-1 3.98725E-1 4.02844E-1 4.23932E-1 4.41067E-1 4.48557E-1 4.54329E-1 4.50933E-1 4.67656E-1 4.66152E-1 4.41849E-1 4.18728E-1 4.30365E-1 4.25042E-1 4.57358E-1 4.7971E-1 4.93238E-1 4.77743E-1 4.79001E-1 4.89662E-1 5.13841E-1 5.45021E-1 5.49852E-1 5.40996E-1 5.68794E-1 5.96401E-1 6.36527E-1 6.57146E-1 8.12327E-1 -9999 -9999 -9999 -9999 -9999 -9999 -9999 -9999 -9999
5.9389E-1 5.37757E-1 4.84325E-1 4.54559E-1 4.09738E-1 3.91002E-1 3.87653E-1 4.05788E-1 3.9765E-1 3.93513E-1 4.08525E-1 4.20644E-1 4.20533E-1 4.84214E-1 4.98991E-1 4.36842E-1 4.36318E-1 4.37379E-1 4.36951E-1 4.23298E-1 4.05796E-1 4.10314E-1 4.04502E-1 3.93032E-1 3.82316E-1 3.9707E-1 3.86133E-1 4.07665E-1 4.23603E-1 4.35983E-1 4.42796E-1 4.74783E-1 4.71706E-1 4.43054E-1 4.2682E-1 4.49672E-1 4.52548E-1 4.81203E-1 5.01716E-1 5.1523E-1 5.01634E-1 4.9171E-1 4.96875E-1 5.07352E-1 5.73054E-1 5.89402E-1 6.00997E-1 6.21538E-1 6.57659E-1 6.65653E-1 6.85532E-1 7.24273E-1 -9999 -9999 -9999 -9999 -9999 -9999 -9999 -9999 -9999
4.99745E-1 4.55604E-1 4.17255E-1 3.98571E-1 3.76495E-1 3.55393E-1 3.68528E-1 3.81867E-1 3.78991E-1 3.50682E-1 3.66801E-1 3.75421E-1 4.15476E-1 4.38774E-1 4.33334E-1 4.71226E-1 4.38108E-1 4.32955E-1 4.33E-1 4.29805E-1 4.16554E-1 4.17467E-1 4.08229E-1 3.96912E-1 3.86525E-1 3.89131E-1 3.67354E-1 3.7497E-1 4.06315E-1 4.09388E-1 4.21589E-1 4.65618E-1 4.76758E-1 4.5551E-1 4.35667E-1 4.48612E-1 4.58152E-1 4.87043E-1 5.28462E-1 5.3476E-1 5.24365E-1 5.09908E-1 4.98119E-1 5.25745E-1 5.92452E-1 6.16154E-1 6.39978E-1 6.62879E-1 6.77134E-1 6.79976E-1 6.9696E-1 7.12625E-1 -9999 -9999 -9999 -9999 -9999 -9999 -9999 -9999 -9999
4.27094E-1 4.28639E-1 4.04815E-1 3.71407E-1 3.49898E-1 3.47687E-1 3.55827E-1 3.44843E-1 3.5027E-1 3.31716E-1 3.46634E-1 3.7881E-1 3.87588E-1 4.13505E-1 4.02302E-1 4.32539E-1 4.38614E-1 4.3944E-1 4.46118E-1 4.487E-1 4.43432E-1 4.29606E-1 4.20893E-1 4.0881E-1 3.97132E-1 3.77303E-1 3.64062E-1 3.6645E-1 3.91594E-1 4.0467E-1 4.48359E-1 4.72142E-1 4.88495E-1 4.66073E-1 4.57615E-1 4.63918E-1 4.68478E-1 5.04012E-1 5.39791E-1 5.55785E-1 5.60462E-1 5.59925E-1 5.23427E-1 5.52882E-1 6.11785E-1 6.41061E-1 6.57646E-1 6.81078E-1 6.99727E-1 7.05597E-1 -9999 -9999 -9999 -9999 -9999 -9999 -9999 -9999 -9999 -9999 -9999
4.07742E-1 3.93189E-1 3.87706E-1 3.69676E-1 3.53121E-1 3.4312E-1 3.4818E-1 3.27245E-1 3.3092E-1 3.49595E-1 3.51309E-1 3.69972E-1 3.79339E-1 3.91093E-1 4.00753E-1 4.0979E-1 4.32929E-1 4.45879E-1 4.51507E-1 4.58637E-1 4.48924E-1 4.40801E-1 4.28684E-1 4.12054E-1 3.91132E-1 3.78888E-1 3.65969E-1 3.79154E-1 4.05232E-1 4.12027E-1 4.46369E-1 5.24676E-1 5.05454E-1 4.75162E-1 4.76512E-1 4.89545E-1 5.03316E-1 5.52668E-1 5.93608E-1 6.0016E-1 5.93766E-1 5.84597E-1 5.69831E-1 5.88278E-1 6.32548E-1 6.59615E-1 6.71908E-1 7.00843E-1 7.15422E-1 7.2828E-1 7.38112E-1 -9999 -9999 -9999 -9999 -9999 -9999 -9999 -9999 -9999 -9999
4.12661E-1 4.14063E-1 3.96784E-1 3.87353E-1 3.63599E-1 3.46178E-1 3.32073E-1 3.32077E-1 3.19439E-1 3.316E-1 3.51581E-1 3.70919E-1 3.85617E-1 3.98685E-1 4.16059E-1 4.20233E-1 4.36805E-1 4.44538E-1 4.58057E-1 4.55384E-1 4.46632E-1 4.4327E-1 4.38679E-1 4.30432E-1 4.16634E-1 4.03459E-1 4.00406E-1 4.08322E-1 4.4202E-1 4.75681E-1 5.06857E-1 5.46234E-1 5.11249E-1 4.90409E-1 4.95795E-1 5.09309E-1 5.34389E-1 5.77893E-1 6.22649E-1 6.2788E-1 6.17758E-1 6.09491E-1 6.19705E-1 6.22245E-1 6.51712E-1 6.80036E-1 6.83725E-1 7.04887E-1 7.20818E-1 7.29164E-1 7.47397E-1 7.63869E-1 -9999 7.63274E-1 7.73428E-1 -9999 -9999 -9999 -9999 -9999 -9999
4.09266E-1 4.1543E-1 3.93512E-1 3.8838E-1 3.75858E-1 3.53921E-1 3.40438E-1 3.32526E-1 3.26645E-1 3.41507E-1 3.55003E-1 3.66286E-1 3.78154E-1 3.72382E-1 3.97571E-1 4.2553E-1 4.31656E-1 4.32267E-1 4.38959E-1 4.3735E-1 4.45466E-1 4.44317E-1 4.40254E-1 4.56016E-1 4.39115E-1 4.28626E-1 4.26376E-1 4.43198E-1 4.64861E-1 5.46204E-1 5.5596E-1 5.56688E-1 5.27586E-1 5.00369E-1 5.18849E-1 5.30249E-1 5.77834E-1 6.20891E-1 6.43186E-1 6.48953E-1 6.30839E-1 6.30864E-1 6.39361E-1 6.49379E-1 6.74804E-1 6.90915E-1 7.06312E-1 7.28692E-1 7.43559E-1 7.50616E-1 7.50345E-1 7.53153E-1 -9999 -9999 7.97199E-1 8.18092E-1 -9999 -9999 -9999 -9999 -9999
4.09346E-1 4.06219E-1 3.89891E-1 3.79972E-1 3.72767E-1 3.64849E-1 3.49281E-1 3.37765E-1 3.5047E-1 3.54194E-1 3.53297E-1 3.55065E-1 3.68834E-1 3.62222E-1 4.08343E-1 4.31356E-1 4.52248E-1 4.48365E-1 4.42793E-1 4.35458E-1 4.43805E-1 4.39398E-1 4.37752E-1 4.55593E-1 4.71522E-1 4.65356E-1 4.69204E-1 4.85543E-1 5.16273E-1 5.35E-1 5.37628E-1 5.56294E-1 5.33484E-1 5.40881E-1 5.57694E-1 5.70311E-1 6.0882E-1 6.49652E-1 6.73218E-1 6.77661E-1 6.5508E-1 6.62732E-1 6.67565E-1 6.82067E-1 6.86169E-1 7.05051E-1 7.22329E-1 7.47844E-1 7.53634E-1 7.63051E-1 7.59787E-1 7.6246E-1 7.78311E-1 7.91139E-1 8.0775E-1 8.21639E-1 -9999 -9999 -9999 -9999 -9999
4.12623E-1 4.02079E-1 3.93551E-1 3.90101E-1 3.91039E-1 3.96164E-1 3.84511E-1 3.78842E-1 3.73214E-1 3.66262E-1 3.80392E-1 3.66405E-1 3.63786E-1 3.85063E-1 3.923E-1 4.06936E-1 4.12594E-1 4.42236E-1 4.66818E-1 4.67226E-1 4.55542E-1 4.44365E-1 4.55781E-1 4.70698E-1 4.97418E-1 5.01171E-1 5.06391E-1 5.19263E-1 5.4469E-1 5.41263E-1 5.43216E-1 5.76862E-1 5.61912E-1 5.72939E-1 6.04466E-1 6.12907E-1 6.37692E-1 6.76908E-1 6.99791E-1 7.07291E-1 6.94415E-1 6.977E-1 7.14943E-1 7.15601E-1 7.09524E-1 7.04924E-1 7.31062E-1 7.62262E-1 7.60899E-1 7.66902E-1 7.88432E-1 7.85091E-1 7.8216E-1 7.8548E-1 8.02753E-1 8.55366E-1 -9999 -9999 -9999 -9999 -9999
4.20557E-1 4.15669E-1 4.06552E-1 3.98576E-1 4.13021E-1 4.22711E-1 4.10223E-1 4.0763E-1 4.06013E-1 3.97614E-1 4.08617E-1 4.07947E-1 4.19044E-1 4.38839E-1 4.36414E-1 4.21879E-1 3.99715E-1 3.98636E-1 4.41451E-1 4.67662E-1 4.68841E-1 4.57463E-1 4.61145E-1 4.9357E-1 5.05612E-1 5.19948E-1 5.37987E-1 5.46607E-1 5.58908E-1 5.63298E-1 5.77897E-1 5.93483E-1 5.8932E-1 6.07161E-1 6.32356E-1 6.57307E-1 6.87693E-1 7.17444E-1 7.25987E-1 7.35789E-1 7.52038E-1 7.48438E-1 7.44828E-1 7.29936E-1 7.2719E-1 7.23655E-1 7.42432E-1 7.72361E-1 7.79714E-1 8.09514E-1 8.00596E-1 7.87187E-1 8.07075E-1 8.58578E-1 8.27813E-1 -9999 -9999 -9999 -9999 -9999 -9999
4.36648E-1 4.22888E-1 4.19621E-1 4.26705E-1 4.30317E-1 4.14417E-1 4.24279E-1 4.34141E-1 4.17123E-1 4.42073E-1 4.47853E-1 4.80335E-1 4.89345E-1 5.05466E-1 4.92649E-1 4.55976E-1 4.49264E-1 4.56522E-1 4.76981E-1 4.86095E-1 4.62247E-1 4.59374E-1 4.69459E-1 4.96522E-1 5.05468E-1 5.36407E-1 5.4754E-1 5.62103E-1 5.69968E-1 5.81397E-1 5.88105E-1 6.368E-1 6.12721E-1 6.31132E-1 6.65091E-1 6.97046E-1 7.30415E-1 7.55196E-1 7.63518E-1 7.65686E-1 7.7277E-1 7.70174E-1 7.62697E-1 7.7405E-1 7.42598E-1 7.82429E-1 -9999 -9999 -9999 -9999 8.10902E-1 -9999 -9999 8.15553E-1 7.92206E-1 7.95194E-1 -9999 -9999 -9999 -9999 -9999
4.53877E-1 4.47884E-1 4.4087E-1 4.35646E-1 4.44039E-1 4.43393E-1 4.49505E-1 4.31654E-1 4.65291E-1 4.87968E-1 4.77134E-1 4.63198E-1 4.86076E-1 5.32175E-1 5.07969E-1 4.94625E-1 4.90624E-1 5.02304E-1 5.01487E-1 4.73551E-1 4.75323E-1 4.74749E-1 4.9051E-1 5.33936E-1 5.54714E-1 5.60065E-1 5.61975E-1 5.76693E-1 5.98128E-1 6.31814E-1 6.36253E-1 6.70945E-1 6.53271E-1 6.82032E-1 7.06195E-1 7.2372E-1 7.85143E-1 -9999 -9999 7.86868E-1 7.97506E-1 7.94496E-1 7.94395E-1 7.92408E-1 -9999 7.77721E-1 -9999 -9999 -9999 -9999 -9999 -9999 -9999 -9999 -9999 -9999 -9999 -9999 -9999 -9999 -9999
4.80139E-1 4.73233E-1 4.65226E-1 4.68921E-1 4.66885E-1 4.45316E-1 4.46305E-1 4.76357E-1 4.89973E-1 4.73064E-1 4.71835E-1 4.86085E-1 5.37616E-1 5.42197E-1 5.35367E-1 5.15057E-1 4.97863E-1 4.99747E-1 4.9273E-1 4.93006E-1 5.11339E-1 5.20446E-1 5.29835E-1 5.59548E-1 5.79811E-1 5.84115E-1 5.86147E-1 6.08577E-1 6.41653E-1 6.66182E-1 6.90919E-1 7.05506E-1 7.03645E-1 7.45024E-1 7.65424E-1 7.68466E-1 7.71478E-1 7.75308E-1 7.62512E-1 7.54319E-1 7.92992E-1 7.7468E-1 7.78959E-1 -9999 -9999 -9999 -9999 -9999 -9999 -9999 -9999 -9999 -9999 -9999 -9999 -9999 -9999 -9999 -9999 -9999 -9999
4.98601E-1 4.84279E-1 4.82435E-1 4.73066E-1 4.64541E-1 4.72072E-1 4.95518E-1 4.95008E-1 4.83577E-1 4.93966E-1 5.07046E-1 5.29824E-1 5.51841E-1 5.61813E-1 5.44856E-1 5.24609E-1 5.0572E-1 5.14228E-1 5.38676E-1 5.5564E-1 5.50247E-1 5.47205E-1 5.55276E-1 5.74811E-1 6.00228E-1 6.03513E-1 6.07821E-1 6.31391E-1 6.62293E-1 6.93766E-1 7.30236E-1 7.47446E-1 7.56178E-1 7.18785E-1 7.41645E-1 7.66609E-1 7.74425E-1 7.70993E-1 7.55678E-1 7.38987E-1 -9999 -9999 -9999 -9999 -9999 -9999 -9999 -9999 -9999 -9999 -9999 -9999 -9999 -9999 -9999 -9999 -9999 -9999 -9999 -9999 -9999
5.08893E-1 4.90801E-1 4.66041E-1 4.70472E-1 4.78157E-1 5.09381E-1 5.22448E-1 5.30871E-1 5.26666E-1 5.35493E-1 5.50183E-1 5.65528E-1 5.79152E-1 5.85729E-1 5.58343E-1 5.48364E-1 5.53193E-1 5.67634E-1 5.83267E-1 5.82253E-1 5.72345E-1 5.82211E-1 6.03021E-1 6.06887E-1 6.14764E-1 6.2566E-1 6.3577E-1 6.54836E-1 6.8073E-1 7.16004E-1 7.42008E-1 7.66273E-1 7.6466E-1 7.39085E-1 7.52463E-1 7.91898E-1 8.26661E-1 -9999 -9999 -9999 -9999 -9999 -9999 -9999 -9999 -9999 -9999 -9999 -9999 -9999 -9999 -9999 -9999 -9999 -9999 -9999 -9999 -9999 -9999 -9999 -9999
