maxent_outputs/white_flowers_troch_bombus_environ/white_259.asc
ncols         426
nrows         180
xllcorner     -130.0
yllcorner     24.0
cellsize      0.16666666666666666
NODATA_value  -9999
[rows 135 to 161 of 180, columns 122 to 182 of 426]
3.30116E-1 3.45291E-1 3.39552E-1 3.47402E-1 3.17407E-1 3.32917E-1 3.38348E-1 3.4551E-1 3.49612E-1 3.46196E-1 3.57746E-1 3.65623E-1 3.63482E-1 3.575E-1 3.61092E-1 3.5954E-1 3.54599E-1 3.57503E-1 3.59676E-1 3.53607E-1 3.56514E-1 3.51041E-1 3.46209E-1 3.56275E-1 3.51779E-1 3.4755E-1 3.51743E-1 3.56687E-1 3.75919E-1 3.6552E-1 3.74352E-1 3.70955E-1 3.71877E-1 3.72292E-1 3.75937E-1 3.84931E-1 3.89998E-1 3.97663E-1 4.03301E-1 4.02703E-1 4.06496E-1 4.08066E-1 4.17123E-1 4.28767E-1 4.35979E-1 4.36589E-1 4.3684E-1 4.38291E-1 4.41216E-1 4.39313E-1 4.40248E-1 4.52161E-1 4.60009E-1 4.69196E-1 4.78541E-1 4.89733E-1 5.01374E-1 5.11179E-1 5.20666E-1 5.38274E-1 5.57579E-1
3.34335E-1 3.48417E-1 3.54762E-1 3.5821E-1 3.44808E-1 3.41189E-1 3.37461E-1 3.43038E-1 3.47627E-1 3.49218E-1 3.5124E-1 3.57431E-1 3.70695E-1 3.70049E-1 3.75703E-1 3.68308E-1 3.60335E-1 3.53953E-1 3.54871E-1 3.44428E-1 3.55214E-1 3.54537E-1 3.65571E-1 3.62178E-1 3.63264E-1 3.56836E-1 3.53603E-1 3.56903E-1 3.7203E-1 3.80014E-1 3.75081E-1 3.77948E-1 3.79937E-1 3.78339E-1 3.78971E-1 3.82616E-1 3.83884E-1 3.94831E-1 3.99517E-1 4.04035E-1 4.0895E-1 4.0812E-1 4.17558E-1 4.28958E-1 4.36932E-1 4.40166E-1 4.44061E-1 4.45109E-1 4.45646E-1 4.46673E-1 4.50685E-1 4.57765E-1 4.7422E-1 4.84851E-1 4.93552E-1 4.98241E-1 5.12625E-1 5.1892E-1 5.25325E-1 5.36086E-1 5.47778E-1
3.31971E-1 3.51261E-1 3.57478E-1 3.4957E-1 3.34899E-1 3.45043E-1 3.44346E-1 3.42996E-1 3.47896E-1 3.48908E-1 3.50124E-1 3.59442E-1 3.73248E-1 3.77312E-1 3.78859E-1 3.79925E-1 3.65935E-1 3.64134E-1 3.69347E-1 3.61231E-1 3.5774E-1 3.47492E-1 3.67953E-1 3.71824E-1 3.75473E-1 3.70464E-1 3.60522E-1 3.65357E-1 3.85351E-1 3.79036E-1 3.71625E-1 3.73079E-1 3.79447E-1 3.85927E-1 3.82619E-1 3.79572E-1 3.78711E-1 3.86353E-1 3.94708E-1 4.03201E-1 4.09321E-1 4.13976E-1 4.21131E-1 4.28072E-1 4.39052E-1 4.43681E-1 4.42407E-1 4.41784E-1 4.42657E-1 4.45071E-1 4.50264E-1 4.58997E-1 4.77149E-1 4.8931E-1 4.99283E-1 5.07909E-1 5.16265E-1 5.21943E-1 5.2895E-1 5.41338E-1 5.49102E-1
3.22248E-1 3.42376E-1 3.65826E-1 3.5251E-1 3.47427E-1 3.3422E-1 3.3265E-1 3.37006E-1 3.47187E-1 3.559E-1 3.60824E-1 3.57396E-1 3.69013E-1 3.72167E-1 3.72589E-1 3.75935E-1 3.62275E-1 3.66697E-1 3.80552E-1 3.70396E-1 3.64878E-1 3.59394E-1 3.53349E-1 3.68161E-1 3.78862E-1 3.88801E-1 3.82891E-1 3.8199E-1 3.75647E-1 3.77645E-1 3.75347E-1 3.79511E-1 3.83661E-1 3.93535E-1 3.91798E-1 3.87881E-1 3.86557E-1 3.8973E-1 3.94768E-1 4.02158E-1 4.07439E-1 4.12442E-1 4.19683E-1 4.23968E-1 4.31309E-1 4.41162E-1 4.50174E-1 4.45966E-1 4.44181E-1 4.45626E-1 4.51071E-1 4.59427E-1 4.728E-1 4.85821E-1 5.05827E-1 5.18609E-1 5.26282E-1 5.35668E-1 5.40282E-1 5.42623E-1 5.49836E-1
3.20454E-1 3.50867E-1 3.61366E-1 3.59865E-1 3.52163E-1 3.4264E-1 3.46379E-1 3.44868E-1 3.46714E-1 3.4944E-1 3.46679E-1 3.53267E-1 3.60884E-1 3.59158E-1 3.58688E-1 3.65782E-1 3.512E-1 3.69155E-1 3.65332E-1 3.65657E-1 3.7146E-1 3.61608E-1 3.5533E-1 3.62005E-1 3.68893E-1 3.82995E-1 3.91494E-1 3.95165E-1 3.90307E-1 3.73621E-1 3.69984E-1 3.82834E-1 3.77397E-1 3.78191E-1 3.99775E-1 4.02044E-1 3.9634E-1 3.91507E-1 3.92671E-1 4.00098E-1 4.06641E-1 4.11184E-1 4.14502E-1 4.14623E-1 4.19817E-1 4.3137E-1 4.46099E-1 4.56543E-1 4.5263E-1 4.52074E-1 4.55486E-1 4.65531E-1 4.81509E-1 4.96976E-1 5.11856E-1 5.32105E-1 5.44891E-1 5.49006E-1 5.44512E-1 5.471E-1 5.49329E-1
3.28379E-1 3.56601E-1 3.55211E-1 3.5412E-1 3.55896E-1 3.51185E-1 3.40853E-1 3.44228E-1 3.41038E-1 3.42657E-1 3.45157E-1 3.56874E-1 3.60999E-1 3.53598E-1 3.48781E-1 3.58447E-1 3.60482E-1 3.60662E-1 3.61147E-1 3.71566E-1 3.77069E-1 3.76898E-1 3.71225E-1 3.71992E-1 3.67153E-1 3.70199E-1 3.81313E-1 3.84803E-1 3.97281E-1 3.88246E-1 3.60946E-1 3.70147E-1 3.80535E-1 3.76956E-1 3.85737E-1 4.01241E-1 3.98497E-1 3.94612E-1 3.97516E-1 4.03499E-1 4.08452E-1 4.09267E-1 4.11297E-1 4.16853E-1 4.24231E-1 4.36711E-1 4.48566E-1 4.56906E-1 4.56329E-1 4.58058E-1 4.63688E-1 4.75517E-1 4.9468E-1 5.10809E-1 5.30506E-1 5.43218E-1 5.53197E-1 5.46479E-1 5.45285E-1 5.46421E-1 5.55786E-1
3.36191E-1 3.56176E-1 3.53957E-1 3.54516E-1 3.49788E-1 3.55975E-1 3.42621E-1 3.26637E-1 3.38496E-1 3.44729E-1 3.41241E-1 3.52774E-1 3.55354E-1 3.49419E-1 3.45861E-1 3.46631E-1 3.58831E-1 3.55654E-1 3.52396E-1 3.52798E-1 3.66227E-1 3.70843E-1 3.73455E-1 3.7225E-1 3.73587E-1 3.69934E-1 3.75738E-1 3.74044E-1 3.93209E-1 3.99174E-1 3.73826E-1 3.6348E-1 3.78108E-1 3.76216E-1 3.88445E-1 4.01759E-1 3.92839E-1 4.01448E-1 4.08556E-1 4.05051E-1 4.04916E-1 4.12065E-1 4.1792E-1 4.24702E-1 4.30244E-1 4.41796E-1 4.53282E-1 4.60814E-1 4.60014E-1 4.63411E-1 4.71159E-1 4.85297E-1 5.04875E-1 5.25695E-1 5.47636E-1 5.61346E-1 5.59976E-1 5.53917E-1 5.51819E-1 5.52948E-1 5.62213E-1
3.35188E-1 3.47787E-1 3.55347E-1 3.50675E-1 3.50672E-1 3.52313E-1 3.26726E-1 3.0676E-1 3.23635E-1 3.40043E-1 3.44461E-1 3.51144E-1 3.44191E-1 3.46442E-1 3.47796E-1 3.53465E-1 3.59624E-1 3.55217E-1 3.29286E-1 3.20286E-1 3.37026E-1 3.54168E-1 3.64664E-1 3.70664E-1 3.68393E-1 3.73552E-1 3.76775E-1 3.73819E-1 3.87928E-1 3.96781E-1 3.91911E-1 3.71984E-1 3.70951E-1 3.72836E-1 3.82876E-1 3.98272E-1 4.03451E-1 4.03189E-1 3.92823E-1 3.96505E-1 4.09057E-1 4.14692E-1 4.24411E-1 4.33792E-1 4.46514E-1 4.56041E-1 4.6259E-1 4.66272E-1 4.67257E-1 4.72241E-1 4.83977E-1 5.01027E-1 5.18951E-1 5.37682E-1 5.5612E-1 5.67363E-1 5.6747E-1 5.65872E-1 5.62719E-1 5.60501E-1 5.6603E-1
3.28844E-1 3.406E-1 3.52861E-1 3.42844E-1 3.46673E-1 3.45739E-1 3.30053E-1 3.12609E-1 3.06559E-1 3.29807E-1 3.36439E-1 3.51717E-1 3.40957E-1 3.47045E-1 3.51057E-1 3.57642E-1 3.664E-1 3.5672E-1 3.36565E-1 3.15239E-1 3.14363E-1 3.48946E-1 3.53054E-1 3.60797E-1 3.68643E-1 3.71769E-1 3.77529E-1 3.69152E-1 3.79073E-1 4.00464E-1 3.97039E-1 3.79385E-1 3.77862E-1 3.86521E-1 3.91299E-1 4.01492E-1 4.02812E-1 4.05987E-1 4.08704E-1 4.16863E-1 4.25712E-1 4.35322E-1 4.44935E-1 4.59295E-1 4.65313E-1 4.69657E-1 4.79428E-1 4.7582E-1 4.81976E-1 4.92584E-1 5.02504E-1 5.19986E-1 5.34659E-1 5.49742E-1 5.68661E-1 5.77093E-1 5.78752E-1 5.80291E-1 5.83612E-1 5.77869E-1 5.73264E-1
3.15078E-1 3.28926E-1 3.40729E-1 3.40641E-1 3.44643E-1 3.39988E-1 3.3209E-1 2.99688E-1 2.88826E-1 3.21228E-1 3.16886E-1 3.16128E-1 3.43768E-1 3.52439E-1 3.52081E-1 3.66361E-1 3.61524E-1 3.52657E-1 3.40846E-1 3.21082E-1 3.30497E-1 3.34387E-1 3.45862E-1 3.55609E-1 3.68155E-1 3.67668E-1 3.66704E-1 3.68928E-1 3.74647E-1 4.001E-1 4.08011E-1 3.9418E-1 3.90383E-1 3.99564E-1 4.06981E-1 4.07894E-1 4.0581E-1 4.14491E-1 4.28762E-1 4.36006E-1 4.45745E-1 4.5566E-1 4.66688E-1 4.83051E-1 4.91218E-1 4.91226E-1 4.97252E-1 5.01154E-1 5.10102E-1 5.19727E-1 5.26386E-1 5.43297E-1 5.57472E-1 5.66091E-1 5.7484E-1 5.89252E-1 5.95142E-1 6.05417E-1 6.04083E-1 5.98215E-1 5.89637E-1
3.02056E-1 3.14046E-1 3.31432E-1 3.30693E-1 3.37964E-1 3.39128E-1 3.27002E-1 3.02157E-1 2.83261E-1 3.06936E-1 3.05268E-1 2.94528E-1 3.28678E-1 3.47862E-1 3.42312E-1 3.56539E-1 3.48298E-1 3.50034E-1 3.45245E-1 3.30397E-1 3.35219E-1 3.29183E-1 3.46675E-1 3.58126E-1 3.63096E-1 3.64146E-1 3.4967E-1 3.72125E-1 3.798E-1 3.94532E-1 4.16448E-1 4.24863E-1 4.18794E-1 4.15543E-1 4.14364E-1 4.0844E-1 4.12931E-1 4.26349E-1 4.44776E-1 4.57373E-1 4.67291E-1 4.81302E-1 4.94501E-1 4.99565E-1 5.02163E-1 5.08624E-1 5.16443E-1 5.27142E-1 5.40337E-1 5.54877E-1 5.53842E-1 5.5966E-1 5.74609E-1 5.78689E-1 5.90139E-1 6.06359E-1 6.12315E-1 6.27751E-1 6.25721E-1 6.24496E-1 6.20989E-1
3.06356E-1 3.05275E-1 3.2207E-1 3.23594E-1 3.2872E-1 3.37779E-1 3.32674E-1 2.92776E-1 2.9616E-1 2.85931E-1 2.85124E-1 2.86105E-1 3.05495E-1 3.41335E-1 3.31435E-1 3.43787E-1 3.32603E-1 3.36692E-1 3.42666E-1 3.4211E-1 3.37035E-1 3.38519E-1 3.52464E-1 3.65511E-1 3.61151E-1 3.59523E-1 3.57207E-1 3.7572E-1 3.898E-1 3.98834E-1 4.09703E-1 4.37371E-1 4.47054E-1 4.34844E-1 4.16418E-1 4.22616E-1 4.32627E-1 4.42427E-1 4.5973E-1 4.70503E-1 4.92078E-1 5.04993E-1 4.94796E-1 4.98155E-1 5.06531E-1 5.04701E-1 5.13332E-1 5.29392E-1 5.4428E-1 5.62114E-1 5.8523E-1 5.86107E-1 5.97675E-1 6.01174E-1 6.17393E-1 6.22982E-1 6.27531E-1 6.42982E-1 6.41215E-1 6.43595E-1 6.40452E-1
3.11793E-1 3.05772E-1 3.20881E-1 3.22637E-1 3.26401E-1 3.28659E-1 3.27725E-1 3.21291E-1 3.09499E-1 2.74866E-1 2.69231E-1 2.69288E-1 2.94214E-1 3.34044E-1 3.30222E-1 3.29985E-1 3.19827E-1 3.21481E-1 3.37233E-1 3.49116E-1 3.43124E-1 3.5282E-1 3.62635E-1 3.72137E-1 3.6914E-1 3.64402E-1 3.68065E-1 3.78767E-1 3.96532E-1 3.99897E-1 4.08217E-1 4.34749E-1 4.50057E-1 4.48869E-1 4.30426E-1 4.39315E-1 4.53625E-1 4.62356E-1 4.69967E-1 4.80042E-1 4.95486E-1 5.14231E-1 4.97164E-1 5.0334E-1 4.99843E-1 5.17403E-1 5.18731E-1 5.29067E-1 5.39741E-1 5.55963E-1 5.70573E-1 5.91736E-1 6.03864E-1 6.15373E-1 6.29892E-1 6.26428E-1 6.30786E-1 6.52152E-1 6.57583E-1 6.48403E-1 6.49741E-1
3.19745E-1 3.0849E-1 3.23356E-1 3.11052E-1 3.17208E-1 3.2049E-1 3.17E-1 3.07762E-1 3.00575E-1 2.76569E-1 2.73737E-1 2.73552E-1 2.97778E-1 3.27616E-1 3.2646E-1 3.20565E-1 3.16501E-1 3.13449E-1 3.25681E-1 3.45379E-1 3.41565E-1 3.61558E-1 3.66448E-1 3.72008E-1 3.72649E-1 3.71805E-1 3.84345E-1 3.98377E-1 4.00938E-1 3.95254E-1 3.9237E-1 4.12452E-1 4.23563E-1 4.24483E-1 4.46599E-1 4.58247E-1 4.69203E-1 4.77736E-1 4.62863E-1 5.1224E-1 5.21177E-1 4.77717E-1 4.79211E-1 4.88725E-1 4.79336E-1 4.82624E-1 5.05565E-1 5.25644E-1 5.31105E-1 5.3817E-1 5.43918E-1 5.62326E-1 5.94827E-1 6.10991E-1 6.28169E-1 6.27927E-1 6.39197E-1 6.57399E-1 6.58534E-1 6.5842E-1 6.55451E-1
3.14875E-1 3.2196E-1 3.2335E-1 3.04637E-1 3.07218E-1 3.11343E-1 3.15807E-1 3.08712E-1 2.99843E-1 2.78165E-1 2.87762E-1 2.9088E-1 3.07704E-1 3.23423E-1 3.25843E-1 3.22098E-1 3.19522E-1 3.13107E-1 3.23357E-1 3.41951E-1 3.42067E-1 3.57791E-1 3.7333E-1 3.77668E-1 3.74311E-1 3.78505E-1 3.95043E-1 3.96567E-1 3.89491E-1 3.83285E-1 3.88058E-1 4.01188E-1 4.02492E-1 3.97994E-1 4.30131E-1 4.56512E-1 4.68233E-1 5.01316E-1 5.12586E-1 5.22004E-1 5.15339E-1 4.67897E-1 4.44955E-1 4.75066E-1 4.59855E-1 4.4975E-1 4.76927E-1 5.10503E-1 5.14739E-1 5.24054E-1 5.21709E-1 5.33105E-1 5.61167E-1 5.96687E-1 6.2589E-1 6.31935E-1 6.53202E-1 6.702E-1 6.63807E-1 6.60289E-1 6.61417E-1
3.13579E-1 3.00325E-1 3.00419E-1 2.98145E-1 3.01034E-1 3.03164E-1 3.1165E-1 3.0403E-1 2.81851E-1 2.91463E-1 2.85903E-1 2.89419E-1 3.10135E-1 3.21853E-1 3.28815E-1 3.26878E-1 3.2014E-1 3.03119E-1 3.12496E-1 3.35829E-1 3.45939E-1 3.60732E-1 3.86816E-1 3.81495E-1 3.8424E-1 3.88901E-1 3.97388E-1 3.86313E-1 3.85265E-1 3.83855E-1 3.89935E-1 3.99394E-1 3.94862E-1 3.94591E-1 4.21537E-1 4.43435E-1 4.70431E-1 5.01014E-1 5.15018E-1 4.91972E-1 4.93712E-1 4.87977E-1 4.41105E-1 4.55555E-1 4.52405E-1 4.51171E-1 4.78214E-1 4.88716E-1 4.94223E-1 4.95685E-1 4.99738E-1 5.06945E-1 5.39745E-1 5.81718E-1 6.25943E-1 6.34739E-1 6.54677E-1 6.61927E-1 6.62642E-1 6.66104E-1 6.68199E-1
3.25846E-1 2.95684E-1 2.93354E-1 2.933E-1 2.93599E-1 2.9823E-1 2.99076E-1 2.93716E-1 2.73641E-1 2.85582E-1 2.90929E-1 2.91026E-1 3.02798E-1 3.16858E-1 3.29501E-1 3.22708E-1 3.256E-1 3.21602E-1 3.17017E-1 3.27773E-1 3.45335E-1 3.66388E-1 3.82304E-1 3.8822E-1 3.92052E-1 3.91566E-1 3.82043E-1 3.78836E-1 3.87714E-1 3.90435E-1 3.9228E-1 3.98961E-1 4.03392E-1 3.95505E-1 4.04741E-1 4.20647E-1 4.46831E-1 4.80693E-1 4.91914E-1 4.94947E-1 4.79392E-1 4.67781E-1 4.59505E-1 4.62773E-1 4.78604E-1 4.67815E-1 4.85407E-1 4.80277E-1 4.77252E-1 4.74733E-1 4.7443E-1 4.88711E-1 5.21545E-1 5.63643E-1 6.2482E-1 6.38609E-1 6.60145E-1 6.63054E-1 6.73798E-1 6.77959E-1 6.8361E-1
3.39241E-1 3.00725E-1 2.95003E-1 2.94374E-1 2.9074E-1 2.92188E-1 2.87973E-1 2.8072E-1 2.74618E-1 2.74131E-1 2.90291E-1 2.99638E-1 2.98707E-1 3.12664E-1 3.15303E-1 3.26775E-1 3.21235E-1 3.30456E-1 3.2416E-1 3.23514E-1 3.40497E-1 3.59867E-1 3.60705E-1 3.85417E-1 3.8672E-1 3.85805E-1 3.83657E-1 3.7719E-1 3.79323E-1 3.85412E-1 3.85078E-1 3.86215E-1 3.9646E-1 4.04035E-1 4.06027E-1 4.11346E-1 4.23847E-1 4.5487E-1 4.68289E-1 4.80798E-1 4.85035E-1 4.71253E-1 4.40947E-1 4.40011E-1 4.5717E-1 4.88244E-1 4.83735E-1 4.71146E-1 4.58163E-1 4.44577E-1 4.3985E-1 4.67819E-1 4.9839E-1 5.36284E-1 5.87149E-1 6.21283E-1 6.37201E-1 6.62629E-1 6.74014E-1 6.90935E-1 6.98805E-1
3.51118E-1 3.064E-1 3.01448E-1 2.97586E-1 2.84543E-1 2.86965E-1 2.83865E-1 2.84896E-1 2.81759E-1 2.78507E-1 2.90888E-1 3.02171E-1 3.02834E-1 3.10045E-1 3.09449E-1 3.16095E-1 3.17697E-1 3.25345E-1 3.25203E-1 3.34185E-1 3.35805E-1 3.40786E-1 3.60945E-1 3.80882E-1 3.88755E-1 3.89439E-1 3.89871E-1 3.89642E-1 3.79857E-1 3.72042E-1 3.71112E-1 3.80777E-1 3.91653E-1 4.07764E-1 4.15604E-1 4.16203E-1 4.28212E-1 4.40574E-1 4.55557E-1 4.57674E-1 4.87801E-1 4.86881E-1 4.41951E-1 4.40821E-1 4.46825E-1 4.68575E-1 4.76043E-1 4.59517E-1 4.49136E-1 4.3167E-1 4.19009E-1 4.50266E-1 4.77987E-1 5.07675E-1 5.39988E-1 5.68968E-1 6.03389E-1 6.38048E-1 6.69601E-1 6.93088E-1 7.03966E-1
3.49291E-1 3.30302E-1 3.13714E-1 3.00602E-1 3.00157E-1 2.97401E-1 3.05673E-1 3.11086E-1 2.89424E-1 2.86373E-1 2.92341E-1 2.99118E-1 3.01766E-1 3.10298E-1 3.12774E-1 3.05221E-1 3.09969E-1 3.33091E-1 3.32268E-1 3.32829E-1 3.37688E-1 3.44457E-1 3.59892E-1 3.78857E-1 3.95043E-1 3.91945E-1 4.00984E-1 3.93101E-1 3.95215E-1 3.81581E-1 3.76526E-1 3.81302E-1 3.98108E-1 4.0769E-1 4.18251E-1 4.18793E-1 4.27549E-1 4.36628E-1 4.63274E-1 4.29257E-1 4.71459E-1 4.71214E-1 4.6265E-1 4.4144E-1 4.57166E-1 4.65832E-1 4.69647E-1 4.61661E-1 4.58116E-1 4.56502E-1 4.48749E-1 4.54861E-1 4.73964E-1 4.94005E-1 5.15221E-1 5.39167E-1 5.76636E-1 6.14586E-1 6.5254E-1 6.8571E-1 6.92072E-1
3.63586E-1 3.30946E-1 3.1547E-1 3.06829E-1 3.07234E-1 3.14511E-1 3.1974E-1 3.27467E-1 3.20794E-1 3.01829E-1 2.99946E-1 2.92436E-1 2.944E-1 3.05851E-1 3.05099E-1 3.0752E-1 3.06879E-1 3.31601E-1 3.33891E-1 3.32936E-1 3.3772E-1 3.45179E-1 3.61622E-1 3.89918E-1 3.95934E-1 3.92276E-1 4.00983E-1 3.98652E-1 4.03952E-1 3.97447E-1 3.92921E-1 3.96548E-1 4.00041E-1 4.14854E-1 4.21108E-1 4.27575E-1 4.37809E-1 4.47524E-1 4.7514E-1 4.43961E-1 4.42075E-1 4.54465E-1 4.57659E-1 4.58448E-1 4.63544E-1 4.73042E-1 4.73807E-1 4.70995E-1 4.83223E-1 5.053E-1 5.03214E-1 4.97314E-1 4.85337E-1 4.94755E-1 5.13219E-1 5.34777E-1 5.73352E-1 6.01297E-1 6.3177E-1 6.55193E-1 6.6969E-1
3.5524E-1 3.25036E-1 3.13891E-1 3.0838E-1 3.14025E-1 3.20474E-1 3.2436E-1 3.32242E-1 3.36843E-1 3.39016E-1 3.27738E-1 2.98686E-1 2.94672E-1 2.98752E-1 3.12037E-1 3.07935E-1 3.21603E-1 3.29277E-1 3.3056E-1 3.33928E-1 3.38448E-1 3.45599E-1 3.70129E-1 3.8317E-1 3.86572E-1 3.92507E-1 3.98922E-1 4.02624E-1 4.06366E-1 4.03213E-1 4.01259E-1 4.0032E-1 3.91354E-1 4.07945E-1 4.19996E-1 4.20695E-1 4.37069E-1 4.63992E-1 4.84886E-1 4.77066E-1 4.69283E-1 4.48175E-1 4.62913E-1 4.57606E-1 4.60409E-1 4.63974E-1 4.66842E-1 4.83756E-1 5.10953E-1 5.46593E-1 5.50209E-1 5.39459E-1 5.29973E-1 5.15732E-1 5.35634E-1 5.51115E-1 5.75673E-1 5.94505E-1 6.14055E-1 6.3294E-1 6.53069E-1
3.50629E-1 3.30182E-1 3.10615E-1 3.14115E-1 3.14831E-1 3.2006E-1 3.26242E-1 3.29237E-1 3.38398E-1 3.41632E-1 3.39154E-1 3.14937E-1 3.09424E-1 3.12128E-1 3.20244E-1 3.17104E-1 3.2051E-1 3.33188E-1 3.30195E-1 3.33631E-1 3.41613E-1 3.47141E-1 3.58222E-1 3.73578E-1 3.84443E-1 3.87156E-1 3.97514E-1 4.01411E-1 3.98133E-1 4.02689E-1 4.00073E-1 3.96211E-1 3.86587E-1 4.01006E-1 4.14584E-1 4.30257E-1 4.33645E-1 4.70218E-1 4.78929E-1 4.80523E-1 4.82165E-1 4.42787E-1 4.52811E-1 4.69074E-1 4.59828E-1 4.65421E-1 4.6931E-1 4.76984E-1 4.88897E-1 5.32016E-1 5.54347E-1 5.58391E-1 5.61681E-1 5.63547E-1 5.68289E-1 5.72829E-1 5.91025E-1 6.0493E-1 6.08857E-1 6.31509E-1 6.52086E-1
3.64004E-1 3.34358E-1 3.21384E-1 3.17075E-1 3.21254E-1 3.1859E-1 3.19886E-1 3.26308E-1 3.38839E-1 3.44925E-1 3.44277E-1 3.46879E-1 3.34322E-1 3.25225E-1 3.27744E-1 3.23887E-1 3.27307E-1 3.38402E-1 3.41075E-1 3.37286E-1 3.43312E-1 3.47291E-1 3.72407E-1 3.87111E-1 3.9837E-1 4.01401E-1 3.94323E-1 3.9918E-1 4.03124E-1 4.04935E-1 3.89716E-1 3.88246E-1 4.00607E-1 4.08622E-1 4.11983E-1 4.37486E-1 4.37962E-1 4.60155E-1 4.74369E-1 4.74573E-1 4.79257E-1 4.39544E-1 4.38667E-1 4.69635E-1 4.64818E-1 4.67764E-1 4.78024E-1 4.89827E-1 5.06359E-1 5.38414E-1 5.5478E-1 5.66016E-1 5.72306E-1 5.8E-1 5.8171E-1 5.80642E-1 6.00685E-1 6.29023E-1 6.50514E-1 6.65579E-1 6.74917E-1
3.91677E-1 3.56314E-1 3.44028E-1 3.50123E-1 3.39975E-1 3.2278E-1 3.17589E-1 3.21935E-1 3.29778E-1 3.39155E-1 3.49102E-1 3.51209E-1 3.47854E-1 3.37406E-1 3.26969E-1 3.21487E-1 3.28451E-1 3.36875E-1 3.41732E-1 3.47804E-1 3.56316E-1 3.65334E-1 3.75607E-1 3.81053E-1 3.84291E-1 3.93109E-1 3.86069E-1 3.91719E-1 4.04433E-1 3.97339E-1 3.93294E-1 3.91375E-1 4.08408E-1 4.07284E-1 4.29452E-1 4.3279E-1 4.41611E-1 4.79277E-1 4.81551E-1 4.82377E-1 4.84985E-1 4.55832E-1 4.32271E-1 4.767E-1 4.85945E-1 4.75995E-1 4.71817E-1 4.98354E-1 5.19136E-1 5.37894E-1 5.58718E-1 5.64147E-1 5.65404E-1 5.72674E-1 5.72789E-1 5.69883E-1 5.98257E-1 6.51377E-1 6.7038E-1 6.66677E-1 6.88155E-1
4.31723E-1 4.07768E-1 3.91981E-1 4.01244E-1 3.76026E-1 3.24669E-1 3.22609E-1 3.20107E-1 3.28758E-1 3.44425E-1 3.45148E-1 3.51017E-1 3.56345E-1 3.4001E-1 3.25777E-1 3.22184E-1 3.28826E-1 3.31695E-1 3.35883E-1 3.46437E-1 3.52367E-1 3.55958E-1 3.65065E-1 3.58482E-1 3.65138E-1 3.75237E-1 3.83033E-1 3.8513E-1 3.93442E-1 3.98459E-1 3.88139E-1 3.95075E-1 4.04793E-1 3.96425E-1 4.29235E-1 4.22378E-1 4.4409E-1 4.85255E-1 4.90984E-1 4.9273E-1 4.93379E-1 4.6971E-1 4.43651E-1 4.83105E-1 4.96822E-1 4.76054E-1 4.78402E-1 5.10166E-1 5.3054E-1 5.44394E-1 5.55955E-1 5.4996E-1 5.38273E-1 5.343E-1 5.34024E-1 5.32271E-1 5.82417E-1 6.51007E-1 6.87426E-1 6.80486E-1 6.92157E-1
4.50958E-1 4.33453E-1 4.17381E-1 3.92257E-1 3.74521E-1 3.34946E-1 3.25376E-1 3.24226E-1 3.25049E-1 3.3719E-1 3.41499E-1 3.44767E-1 3.55185E-1 3.45444E-1 3.30761E-1 3.27633E-1 3.26433E-1 3.24057E-1 3.34172E-1 3.4021E-1 3.42763E-1 3.43057E-1 3.54509E-1 3.55725E-1 3.5995E-1 3.70066E-1 3.83606E-1 3.86125E-1 3.91269E-1 3.91923E-1 3.92664E-1 4.03585E-1 4.07318E-1 4.21336E-1 4.45584E-1 4.5928E-1 4.82843E-1 4.94727E-1 4.84262E-1 4.96206E-1 4.90957E-1 4.73856E-1 4.45688E-1 4.49858E-1 4.93946E-1 5.04743E-1 5.02206E-1 5.32396E-1 5.40337E-1 5.45071E-1 5.48593E-1 5.27983E-1 5.11087E-1 5.04844E-1 5.0873E-1 5.03585E-1 5.56281E-1 6.32162E-1 6.75355E-1 6.90835E-1 6.93255E-1
