maxent_outputs/white_flowers_troch_bombus_environ/white_66.asc
ncols         426
nrows         180
xllcorner     -130.0
yllcorner     24.0
cellsize      0.16666666666666666
NODATA_value  -9999
[rows 54 to 80 of 180, columns 244 to 304 of 426]
1.22686E-1 1.25449E-1 1.5267E-1 1.63841E-1 1.79575E-1 1.71207E-1 1.72705E-1 1.93034E-1 2.14343E-1 2.98805E-1 3.07566E-1 2.9595E-1 2.67113E-1 3.52513E-1 3.64581E-1 3.67567E-1 3.70027E-1 3.71639E-1 3.70072E-1 3.43001E-1 3.18669E-1 2.97855E-1 2.9696E-1 2.9909E-1 2.85282E-1 2.3101E-1 1.97343E-1 2.03525E-1 2.00341E-1 1.98268E-1 2.08892E-1 2.27524E-1 2.33262E-1 2.49788E-1 2.63326E-1 3.01633E-1 3.61967E-1 3.82245E-1 3.91056E-1 3.98385E-1 4.0372E-1 4.09152E-1 4.14753E-1 4.20151E-1 4.24739E-1 4.26746E-1 4.32402E-1 3.98955E-1 3.5004E-1 3.78537E-1 4.09281E-1 4.4592E-1 4.49254E-1 4.505E-1 4.24427E-1 4.01966E-1 3.49981E-1 3.07122E-1 2.73499E-1 2.81202E-1 2.50648E-1
1.43911E-1 1.49941E-1 1.57798E-1 1.58185E-1 1.74767E-1 1.80542E-1 1.84653E-1 2.0857E-1 2.74837E-1 3.11292E-1 2.58332E-1 2.54266E-1 3.27703E-1 3.6872E-1 3.72494E-1 3.72557E-1 3.73379E-1 3.77296E-1 3.72128E-1 3.26466E-1 2.83345E-1 2.80543E-1 2.83766E-1 2.73753E-1 2.51178E-1 2.14112E-1 2.11435E-1 2.05342E-1 1.98753E-1 2.02909E-1 1.99996E-1 2.04209E-1 2.17073E-1 2.4107E-1 2.72974E-1 2.67338E-1 3.26455E-1 3.90287E-1 3.96726E-1 4.03413E-1 4.11218E-1 4.16397E-1 4.20068E-1 4.22072E-1 4.24612E-1 4.33429E-1 4.392E-1 4.3031E-1 3.72686E-1 3.61615E-1 3.86833E-1 4.15384E-1 4.32391E-1 4.55707E-1 4.35658E-1 3.65426E-1 3.2633E-1 3.13026E-1 2.72955E-1 2.7593E-1 2.74996E-1
1.52226E-1 1.67376E-1 1.69644E-1 1.77472E-1 1.88532E-1 1.85285E-1 1.91823E-1 2.35535E-1 2.72143E-1 2.40994E-1 2.55852E-1 3.06947E-1 3.75204E-1 3.7933E-1 3.77676E-1 3.73704E-1 3.7384E-1 3.7854E-1 3.61696E-1 2.94972E-1 2.8597E-1 2.62797E-1 2.44358E-1 2.42545E-1 2.27934E-1 2.27951E-1 2.08695E-1 2.13507E-1 2.07249E-1 2.04984E-1 2.005E-1 1.99909E-1 2.24428E-1 2.45596E-1 2.59529E-1 2.73047E-1 3.50011E-1 3.91846E-1 3.99817E-1 4.08369E-1 4.1732E-1 4.23374E-1 4.29269E-1 4.3235E-1 4.35554E-1 4.38224E-1 4.41178E-1 4.19293E-1 3.52128E-1 3.34962E-1 3.43105E-1 3.33303E-1 3.45184E-1 3.93319E-1 4.25026E-1 4.2046E-1 3.10684E-1 2.80347E-1 2.71796E-1 3.21992E-1 3.36046E-1
1.63585E-1 1.80277E-1 1.86046E-1 1.95406E-1 1.98549E-1 2.00064E-1 2.14924E-1 2.28589E-1 2.23122E-1 2.35062E-1 2.61173E-1 3.57727E-1 3.86214E-1 3.84644E-1 3.82882E-1 3.77069E-1 3.78527E-1 3.7912E-1 3.4553E-1 2.82968E-1 2.76404E-1 2.58937E-1 2.51461E-1 2.28459E-1 2.20188E-1 2.18224E-1 2.19444E-1 2.4372E-1 2.17149E-1 2.05473E-1 1.98568E-1 2.13544E-1 2.32767E-1 2.53762E-1 2.71639E-1 2.89442E-1 3.56161E-1 3.96367E-1 4.086E-1 4.15158E-1 4.21928E-1 4.313E-1 4.3833E-1 4.43207E-1 4.46549E-1 4.51474E-1 4.28277E-1 3.53312E-1 3.21855E-1 3.10033E-1 3.20812E-1 3.21439E-1 3.15345E-1 3.06875E-1 3.2843E-1 3.22891E-1 3.08844E-1 2.92358E-1 3.04667E-1 3.55657E-1 3.58261E-1
1.72148E-1 1.91238E-1 2.00854E-1 2.0236E-1 2.03026E-1 2.31155E-1 2.31017E-1 2.19824E-1 2.21539E-1 2.52283E-1 2.72666E-1 3.72746E-1 3.93413E-1 3.93865E-1 3.89288E-1 3.84689E-1 3.83927E-1 3.74806E-1 3.24783E-1 2.9296E-1 2.85286E-1 2.67025E-1 2.36348E-1 2.17351E-1 2.11921E-1 2.04316E-1 2.16977E-1 2.2932E-1 2.1997E-1 2.15451E-1 2.18192E-1 2.28201E-1 2.36205E-1 2.55034E-1 2.88208E-1 3.50247E-1 3.88413E-1 4.06542E-1 4.16916E-1 4.23024E-1 4.29746E-1 4.37308E-1 4.47486E-1 4.52599E-1 4.53008E-1 4.45544E-1 3.92995E-1 3.24071E-1 3.27371E-1 3.13663E-1 3.27594E-1 3.12983E-1 2.8702E-1 2.72004E-1 2.77394E-1 3.06661E-1 3.0432E-1 2.87677E-1 3.0698E-1 3.32408E-1 3.12565E-1
1.84804E-1 1.98825E-1 2.23117E-1 2.35336E-1 2.24669E-1 2.84335E-1 2.26064E-1 2.23482E-1 2.33877E-1 2.67033E-1 3.27526E-1 3.93577E-1 4.00573E-1 3.99742E-1 3.96329E-1 3.93834E-1 3.85468E-1 3.48405E-1 2.93048E-1 2.85335E-1 2.77875E-1 2.63882E-1 2.5321E-1 2.29829E-1 2.22048E-1 2.20195E-1 2.22862E-1 2.30797E-1 2.35729E-1 2.38765E-1 2.42774E-1 2.45719E-1 2.57184E-1 2.87997E-1 3.33672E-1 3.9334E-1 3.93395E-1 3.84448E-1 3.78358E-1 4.05985E-1 4.38769E-1 4.4505E-1 4.55608E-1 4.63308E-1 4.49083E-1 4.29511E-1 3.59841E-1 3.33088E-1 3.31992E-1 3.33123E-1 3.19359E-1 2.84315E-1 2.6981E-1 2.56903E-1 2.50978E-1 2.74505E-1 2.98173E-1 2.88803E-1 3.00413E-1 3.057E-1 2.9797E-1
1.96154E-1 2.04749E-1 2.04878E-1 2.07345E-1 2.16278E-1 2.77308E-1 2.25133E-1 2.25494E-1 2.42569E-1 2.91233E-1 3.91124E-1 4.00948E-1 4.02621E-1 4.01382E-1 4.00278E-1 3.98209E-1 3.90296E-1 3.43286E-1 2.97371E-1 2.91313E-1 2.85037E-1 2.73568E-1 2.53305E-1 2.51779E-1 2.48639E-1 2.53554E-1 2.51268E-1 2.43449E-1 2.50776E-1 2.60875E-1 2.67349E-1 2.70057E-1 3.04894E-1 3.73765E-1 3.79795E-1 3.75219E-1 3.25265E-1 3.14847E-1 3.1719E-1 3.41087E-1 4.2844E-1 4.51059E-1 4.59769E-1 4.67842E-1 4.60204E-1 4.27001E-1 3.7276E-1 3.39937E-1 3.30998E-1 3.23123E-1 3.13733E-1 2.94349E-1 2.64994E-1 2.5608E-1 2.41973E-1 2.64914E-1 2.90407E-1 3.06482E-1 3.1559E-1 3.31185E-1 3.37532E-1
2.11293E-1 2.15222E-1 1.92089E-1 1.93197E-1 2.05661E-1 2.22548E-1 2.12125E-1 2.27363E-1 2.53706E-1 2.9387E-1 3.91186E-1 4.0549E-1 4.06583E-1 4.0836E-1 4.05484E-1 4.04587E-1 3.89147E-1 3.38627E-1 2.96279E-1 2.83988E-1 2.9364E-1 2.79957E-1 2.65911E-1 2.67004E-1 2.63461E-1 2.50592E-1 2.55248E-1 2.57562E-1 2.67515E-1 2.77883E-1 2.81908E-1 2.88541E-1 3.33901E-1 3.88837E-1 3.70861E-1 3.10755E-1 2.87463E-1 2.98508E-1 3.08089E-1 3.24306E-1 3.99173E-1 4.51984E-1 4.63654E-1 4.7315E-1 4.67812E-1 4.37364E-1 3.82185E-1 3.37339E-1 3.29347E-1 3.21071E-1 3.06516E-1 2.97132E-1 2.72956E-1 2.68673E-1 2.65251E-1 2.79511E-1 3.17958E-1 3.35294E-1 3.6351E-1 3.82446E-1 4.00299E-1
2.04975E-1 1.97289E-1 1.9728E-1 1.95414E-1 2.08887E-1 2.01267E-1 2.16546E-1 2.33528E-1 2.5219E-1 3.26707E-1 4.03546E-1 4.11534E-1 4.14126E-1 4.13513E-1 4.10505E-1 4.09739E-1 3.84825E-1 3.16001E-1 2.93711E-1 2.90611E-1 2.904E-1 2.80756E-1 2.821E-1 2.7351E-1 2.68488E-1 2.64699E-1 2.70853E-1 2.74226E-1 2.85561E-1 3.00222E-1 3.00054E-1 2.86679E-1 3.06159E-1 3.0835E-1 2.93359E-1 2.78008E-1 2.83716E-1 2.97081E-1 3.08491E-1 3.16711E-1 3.86526E-1 4.49228E-1 4.61743E-1 4.71786E-1 4.70457E-1 4.48523E-1 3.82789E-1 3.44866E-1 3.28378E-1 3.16703E-1 3.00476E-1 2.98011E-1 3.01132E-1 2.99369E-1 3.07977E-1 3.14079E-1 3.51324E-1 3.76291E-1 4.19312E-1 4.55099E-1 4.70044E-1
1.9413E-1 1.99905E-1 2.09474E-1 2.01073E-1 2.11997E-1 2.0698E-1 2.2532E-1 2.40409E-1 2.70316E-1 3.87946E-1 4.1335E-1 4.16469E-1 4.17513E-1 4.15355E-1 4.13423E-1 4.13122E-1 4.06124E-1 3.65552E-1 3.30095E-1 3.11649E-1 3.00841E-1 2.99707E-1 2.91896E-1 2.75019E-1 2.70076E-1 2.70312E-1 2.79058E-1 2.81002E-1 2.8266E-1 2.745E-1 2.84687E-1 3.03347E-1 3.10365E-1 2.85899E-1 2.85754E-1 2.93056E-1 2.93131E-1 3.00499E-1 3.05078E-1 3.17946E-1 3.53515E-1 4.44879E-1 4.61263E-1 4.68918E-1 4.74117E-1 4.45097E-1 3.65913E-1 3.39649E-1 3.3153E-1 3.24374E-1 3.16281E-1 3.09113E-1 3.05719E-1 3.22515E-1 3.39348E-1 3.57132E-1 3.81265E-1 4.38715E-1 4.87684E-1 4.93665E-1 4.92932E-1
1.89142E-1 1.98396E-1 2.12959E-1 2.15877E-1 2.18477E-1 2.18326E-1 2.28405E-1 2.45236E-1 2.9741E-1 4.11727E-1 4.21935E-1 4.23873E-1 4.2411E-1 4.205E-1 4.1868E-1 4.18001E-1 4.14729E-1 3.90172E-1 3.5987E-1 3.22699E-1 2.95586E-1 2.90701E-1 2.86536E-1 2.86058E-1 2.86126E-1 2.86147E-1 2.84449E-1 2.84264E-1 2.8181E-1 2.88597E-1 3.00979E-1 3.02691E-1 3.03238E-1 2.99535E-1 2.94372E-1 2.91431E-1 3.00147E-1 3.04045E-1 3.11227E-1 3.22471E-1 3.4966E-1 4.45991E-1 4.62777E-1 4.61638E-1 4.3389E-1 3.95882E-1 3.73835E-1 3.56795E-1 3.49184E-1 3.42422E-1 3.36763E-1 3.38036E-1 3.36836E-1 3.35257E-1 3.5354E-1 3.77261E-1 4.21355E-1 4.58837E-1 4.83791E-1 4.88365E-1 4.78501E-1
2.01157E-1 1.98861E-1 2.1415E-1 2.19902E-1 2.2563E-1 2.41028E-1 2.46686E-1 2.75736E-1 3.14367E-1 4.20828E-1 4.32318E-1 4.33064E-1 4.31915E-1 4.27441E-1 4.2366E-1 4.20371E-1 4.1901E-1 4.11027E-1 3.7766E-1 3.35454E-1 3.11149E-1 3.08359E-1 3.18226E-1 3.01725E-1 3.00645E-1 3.00215E-1 2.96956E-1 2.9872E-1 2.98244E-1 2.9406E-1 2.91279E-1 2.94384E-1 2.94966E-1 3.08726E-1 3.06805E-1 3.15689E-1 3.14817E-1 3.14954E-1 3.16634E-1 3.31483E-1 3.5131E-1 4.22795E-1 4.40875E-1 3.99311E-1 3.75052E-1 3.84102E-1 3.85786E-1 3.74932E-1 3.7972E-1 3.71901E-1 3.61717E-1 3.59528E-1 3.59426E-1 3.57373E-1 3.69516E-1 3.87747E-1 3.98401E-1 4.06472E-1 4.17595E-1 4.2889E-1 4.40601E-1
2.02849E-1 2.0334E-1 2.21341E-1 2.24498E-1 2.28468E-1 2.39414E-1 2.56222E-1 2.82237E-1 3.09403E-1 4.12596E-1 4.36533E-1 4.40869E-1 4.39727E-1 4.37979E-1 4.33652E-1 4.29136E-1 4.27771E-1 4.18755E-1 3.87535E-1 3.40138E-1 3.26099E-1 3.39036E-1 3.33359E-1 3.23291E-1 3.16688E-1 3.11886E-1 3.11124E-1 3.03208E-1 3.04273E-1 3.0822E-1 3.05859E-1 3.07461E-1 2.99415E-1 3.16372E-1 3.18843E-1 3.16966E-1 3.1854E-1 3.27963E-1 3.34482E-1 3.4838E-1 3.74111E-1 3.94087E-1 3.7361E-1 3.76141E-1 3.7707E-1 3.85708E-1 3.84344E-1 3.91083E-1 3.89256E-1 3.74633E-1 3.70608E-1 3.70503E-1 3.64325E-1 3.67092E-1 3.82414E-1 3.92078E-1 4.02445E-1 4.22602E-1 4.29074E-1 4.34107E-1 4.40561E-1
1.97736E-1 2.09391E-1 2.12452E-1 2.17957E-1 2.28815E-1 2.36159E-1 2.62181E-1 2.76854E-1 2.96507E-1 3.767E-1 4.39381E-1 4.47747E-1 4.47091E-1 4.45053E-1 4.42098E-1 4.38457E-1 4.33994E-1 4.28935E-1 3.97426E-1 3.41502E-1 3.26217E-1 3.25885E-1 3.19756E-1 3.2328E-1 3.18781E-1 3.13859E-1 3.08578E-1 3.08538E-1 3.211E-1 3.20159E-1 3.12647E-1 3.09504E-1 3.21428E-1 3.31237E-1 3.34692E-1 3.37207E-1 3.38097E-1 3.56622E-1 3.6865E-1 3.82082E-1 3.97358E-1 3.94154E-1 3.81187E-1 3.78149E-1 3.79711E-1 3.88769E-1 3.94464E-1 3.92287E-1 3.92427E-1 3.89488E-1 3.87658E-1 3.86506E-1 3.82444E-1 3.97422E-1 4.50379E-1 4.84716E-1 4.91375E-1 5.02864E-1 5.03507E-1 4.98042E-1 4.91606E-1
2.17416E-1 2.24608E-1 2.19225E-1 2.18173E-1 2.41912E-1 2.58499E-1 2.67618E-1 2.86627E-1 3.01021E-1 4.04541E-1 4.48562E-1 4.55438E-1 4.53889E-1 4.5036E-1 4.4748E-1 4.44151E-1 4.41984E-1 4.34669E-1 3.95761E-1 3.4776E-1 3.41475E-1 3.33909E-1 3.29641E-1 3.32383E-1 3.22385E-1 3.1767E-1 3.09513E-1 3.07795E-1 3.11082E-1 3.06677E-1 3.06114E-1 3.16336E-1 3.29505E-1 3.38177E-1 3.50792E-1 3.65485E-1 3.70826E-1 3.90764E-1 4.04553E-1 4.45591E-1 4.3898E-1 3.99816E-1 3.78572E-1 3.80409E-1 3.8705E-1 3.96012E-1 4.07939E-1 4.63721E-1 4.88908E-1 4.88955E-1 4.83483E-1 4.71017E-1 4.46492E-1 4.62686E-1 4.89795E-1 4.98159E-1 5.13284E-1 5.12413E-1 5.09678E-1 5.01404E-1 4.80015E-1
2.3117E-1 2.41078E-1 2.33585E-1 2.27064E-1 2.37627E-1 2.59306E-1 2.83915E-1 3.01821E-1 3.14533E-1 4.09693E-1 4.5545E-1 4.62224E-1 4.61416E-1 4.5801E-1 4.54894E-1 4.52198E-1 4.47493E-1 4.33673E-1 3.85185E-1 3.49639E-1 3.44894E-1 3.41857E-1 3.33168E-1 3.31995E-1 3.26017E-1 3.25766E-1 3.19667E-1 3.11685E-1 3.0977E-1 3.10471E-1 3.19472E-1 3.36013E-1 3.53149E-1 3.58941E-1 3.58941E-1 3.80301E-1 4.04351E-1 4.1905E-1 4.31444E-1 4.81869E-1 4.74786E-1 4.27545E-1 3.85776E-1 3.92525E-1 4.01479E-1 4.31892E-1 4.98626E-1 5.15386E-1 5.11714E-1 5.10666E-1 5.07675E-1 5.09476E-1 5.11536E-1 5.13342E-1 5.17135E-1 5.13733E-1 5.16237E-1 5.08873E-1 4.91343E-1 4.48431E-1 3.98828E-1
2.35237E-1 2.54416E-1 2.49112E-1 2.45416E-1 2.52062E-1 2.5924E-1 2.80104E-1 2.95379E-1 3.22918E-1 4.12165E-1 4.58168E-1 4.65482E-1 4.67634E-1 4.64058E-1 4.60895E-1 4.5954E-1 4.44619E-1 4.05482E-1 3.65472E-1 3.45152E-1 3.43031E-1 3.37511E-1 3.44438E-1 3.3753E-1 3.29908E-1 3.27425E-1 3.1721E-1 3.147E-1 3.21388E-1 3.26245E-1 3.27967E-1 3.28476E-1 3.42739E-1 3.66047E-1 3.81353E-1 3.94659E-1 4.11796E-1 4.2476E-1 4.1117E-1 4.08234E-1 4.13871E-1 4.08138E-1 4.11097E-1 4.57959E-1 4.9365E-1 5.18361E-1 5.19781E-1 5.17336E-1 5.14329E-1 5.13279E-1 5.10758E-1 5.12613E-1 5.12295E-1 5.13166E-1 5.15111E-1 5.10313E-1 4.80336E-1 4.25569E-1 3.81496E-1 3.75146E-1 3.40073E-1
2.48887E-1 2.41608E-1 2.4168E-1 2.42486E-1 2.39083E-1 2.5458E-1 2.78154E-1 3.03065E-1 3.34284E-1 3.58908E-1 4.42494E-1 4.67295E-1 4.74493E-1 4.72802E-1 4.72736E-1 4.64054E-1 4.3325E-1 3.69373E-1 3.54019E-1 3.44986E-1 3.42479E-1 3.38774E-1 3.40222E-1 3.35133E-1 3.33335E-1 3.29964E-1 3.21885E-1 3.16351E-1 3.16466E-1 3.2521E-1 3.30378E-1 3.44255E-1 3.48964E-1 3.55448E-1 3.74446E-1 3.93092E-1 4.19922E-1 4.35575E-1 4.18476E-1 4.28463E-1 4.32075E-1 4.70944E-1 5.15053E-1 5.27251E-1 5.26413E-1 5.22931E-1 5.21521E-1 5.1863E-1 5.15941E-1 5.14487E-1 5.13584E-1 5.14533E-1 5.1509E-1 5.00108E-1 4.65987E-1 4.25959E-1 3.82636E-1 3.4833E-1 3.38407E-1 3.64852E-1 3.55914E-1
2.45583E-1 2.41847E-1 2.3707E-1 2.43524E-1 2.47174E-1 2.67131E-1 2.87938E-1 3.11118E-1 3.39774E-1 3.53278E-1 4.09932E-1 4.57527E-1 4.64745E-1 4.69007E-1 4.67212E-1 4.57018E-1 3.98586E-1 3.68686E-1 3.62759E-1 3.56092E-1 3.45914E-1 3.44878E-1 3.39199E-1 3.41372E-1 3.37453E-1 3.32324E-1 3.29437E-1 3.22434E-1 3.18579E-1 3.19828E-1 3.31647E-1 3.43067E-1 3.49348E-1 3.57694E-1 3.747E-1 3.97015E-1 4.62993E-1 4.97277E-1 4.83254E-1 5.03713E-1 5.03915E-1 5.26112E-1 5.30054E-1 5.29101E-1 5.27814E-1 5.25771E-1 5.23868E-1 5.18185E-1 5.17003E-1 5.15146E-1 4.97509E-1 4.67994E-1 4.3135E-1 4.27423E-1 3.93031E-1 3.75796E-1 3.69528E-1 3.49043E-1 3.44848E-1 3.42691E-1 3.34401E-1
2.44052E-1 2.38784E-1 2.3904E-1 2.48106E-1 2.62997E-1 2.8323E-1 2.93642E-1 3.16547E-1 3.39271E-1 3.50327E-1 3.62845E-1 4.13052E-1 4.43036E-1 4.30448E-1 4.09834E-1 3.89911E-1 3.6269E-1 3.5579E-1 3.76937E-1 3.74265E-1 3.58889E-1 3.51747E-1 3.44514E-1 3.41438E-1 3.36998E-1 3.36926E-1 3.30523E-1 3.25778E-1 3.32267E-1 3.32546E-1 3.35365E-1 3.38723E-1 3.45539E-1 3.67624E-1 3.92115E-1 4.24143E-1 4.7325E-1 4.97371E-1 5.00293E-1 4.96229E-1 5.14158E-1 5.24404E-1 5.24228E-1 5.25474E-1 5.25445E-1 5.25084E-1 5.23054E-1 4.98546E-1 4.76893E-1 4.41953E-1 4.11657E-1 3.86648E-1 3.73656E-1 3.76481E-1 3.67212E-1 3.65777E-1 3.58517E-1 3.50283E-1 3.38469E-1 3.42937E-1 3.28957E-1
2.47618E-1 2.49979E-1 2.56068E-1 2.67591E-1 2.84338E-1 2.84191E-1 2.97801E-1 3.23512E-1 3.1565E-1 3.35024E-1 3.49232E-1 3.50079E-1 3.542E-1 3.55037E-1 3.42877E-1 3.39991E-1 3.4437E-1 3.51035E-1 3.66695E-1 3.56395E-1 3.57533E-1 3.50119E-1 3.42319E-1 3.45346E-1 3.40422E-1 3.33812E-1 3.34732E-1 3.34122E-1 3.41906E-1 3.42716E-1 3.36663E-1 3.37606E-1 3.52158E-1 3.81694E-1 3.93401E-1 3.81156E-1 3.9265E-1 4.35399E-1 4.7112E-1 4.66304E-1 5.07015E-1 5.13036E-1 5.14544E-1 5.11364E-1 5.12188E-1 5.16869E-1 4.94889E-1 4.50097E-1 4.19632E-1 3.89811E-1 3.92255E-1 3.72627E-1 3.71848E-1 3.74874E-1 3.59387E-1 3.55716E-1 3.46607E-1 3.47596E-1 3.47027E-1 3.46084E-1 3.30823E-1
2.69672E-1 2.77623E-1 2.78393E-1 2.95549E-1 2.88737E-1 3.07001E-1 3.36154E-1 3.22551E-1 2.98269E-1 3.0586E-1 3.1933E-1 3.30319E-1 3.28991E-1 3.25316E-1 3.215E-1 3.32789E-1 3.36857E-1 3.50893E-1 3.50495E-1 3.47042E-1 3.43663E-1 3.54259E-1 3.47921E-1 3.43887E-1 3.38547E-1 3.34997E-1 3.36919E-1 3.43392E-1 3.46759E-1 3.54685E-1 3.44526E-1 3.538E-1 3.62381E-1 3.69859E-1 3.75563E-1 3.82234E-1 3.84124E-1 4.01202E-1 4.17324E-1 4.24749E-1 4.54022E-1 4.61584E-1 4.49735E-1 4.48909E-1 4.54793E-1 4.53264E-1 4.47799E-1 4.3229E-1 4.08246E-1 3.90342E-1 3.93338E-1 3.88872E-1 3.69387E-1 3.61301E-1 3.48484E-1 3.49655E-1 3.66005E-1 3.67075E-1 3.57456E-1 3.45037E-1 3.31598E-1
3.0318E-1 2.97615E-1 3.02875E-1 3.00576E-1 3.18389E-1 3.14037E-1 3.45207E-1 3.28105E-1 3.11506E-1 3.11684E-1 3.21185E-1 3.2817E-1 3.2865E-1 3.23579E-1 3.30443E-1 3.36626E-1 3.50337E-1 3.55443E-1 3.48642E-1 3.52382E-1 3.53864E-1 3.58383E-1 3.50437E-1 3.49409E-1 3.47394E-1 3.53612E-1 3.50604E-1 3.49682E-1 3.57807E-1 3.65615E-1 3.55946E-1 3.572E-1 3.63202E-1 3.67134E-1 3.77096E-1 3.78652E-1 3.76705E-1 3.85124E-1 3.82325E-1 3.83322E-1 3.94747E-1 3.93219E-1 4.00305E-1 4.09391E-1 4.1661E-1 4.09609E-1 4.29289E-1 4.1895E-1 4.01645E-1 4.04588E-1 3.96636E-1 3.89114E-1 3.80099E-1 3.72303E-1 3.52792E-1 3.47648E-1 3.55878E-1 3.67667E-1 3.53137E-1 3.54285E-1 3.48319E-1
3.09502E-1 2.96521E-1 3.02889E-1 3.09443E-1 2.97656E-1 3.08468E-1 3.12404E-1 3.15946E-1 3.25003E-1 3.28835E-1 3.31686E-1 3.33668E-1 3.3283E-1 3.32411E-1 3.34522E-1 3.34647E-1 3.49483E-1 3.51276E-1 3.53043E-1 3.57758E-1 3.60819E-1 3.59869E-1 3.58992E-1 3.58384E-1 3.7223E-1 3.76679E-1 3.57163E-1 3.55604E-1 3.62961E-1 3.76189E-1 3.8082E-1 3.78215E-1 3.7745E-1 3.84339E-1 3.86043E-1 3.74159E-1 3.80249E-1 3.8515E-1 3.80581E-1 3.8385E-1 3.7761E-1 3.8381E-1 3.87175E-1 3.95663E-1 3.90098E-1 3.92261E-1 4.17602E-1 4.0767E-1 3.97457E-1 4.02456E-1 3.9668E-1 3.9216E-1 3.90022E-1 3.84521E-1 3.65199E-1 3.5979E-1 3.6335E-1 3.73476E-1 3.78767E-1 3.64289E-1 3.62861E-1
3.06665E-1 3.01084E-1 3.10288E-1 3.18144E-1 3.11545E-1 3.07357E-1 3.05999E-1 3.12944E-1 3.25176E-1 3.33609E-1 3.33108E-1 3.3703E-1 3.41624E-1 3.44526E-1 3.46399E-1 3.51743E-1 3.55211E-1 3.58803E-1 3.61463E-1 3.65381E-1 3.72824E-1 3.6886E-1 3.71051E-1 3.70774E-1 3.68924E-1 3.70253E-1 3.69489E-1 3.72429E-1 3.72732E-1 3.79137E-1 3.88122E-1 3.87241E-1 3.87658E-1 3.83527E-1 3.86386E-1 3.83198E-1 3.87647E-1 3.81251E-1 3.72801E-1 3.70215E-1 3.7347E-1 3.77826E-1 3.80865E-1 3.85343E-1 3.90344E-1 3.89532E-1 4.02762E-1 3.95681E-1 3.87126E-1 3.98672E-1 3.87914E-1 3.85966E-1 3.84893E-1 3.92047E-1 3.87373E-1 3.836E-1 3.81748E-1 3.83387E-1 3.92084E-1 3.95722E-1 3.85669E-1
3.13856E-1 3.21837E-1 3.17271E-1 3.1837E-1 3.22146E-1 3.18752E-1 3.14231E-1 3.23532E-1 3.35543E-1 3.46055E-1 3.41247E-1 3.36124E-1 3.3709E-1 3.44166E-1 3.55263E-1 3.69208E-1 3.73666E-1 3.81177E-1 3.83173E-1 3.8185E-1 3.83092E-1 3.78125E-1 3.83115E-1 3.75113E-1 3.74351E-1 3.7752E-1 3.82837E-1 3.8585E-1 3.86829E-1 3.84465E-1 3.93948E-1 4.0051E-1 3.8658E-1 3.74699E-1 3.83181E-1 3.83621E-1 3.83019E-1 3.76585E-1 3.73295E-1 3.74067E-1 3.73532E-1 3.84888E-1 3.85543E-1 3.95288E-1 3.97688E-1 3.86433E-1 3.98225E-1 4.03323E-1 3.97705E-1 3.98662E-1 3.93954E-1 3.98176E-1 4.0704E-1 4.12899E-1 4.16839E-1 4.09851E-1 4.03897E-1 4.016E-1 4.10064E-1 3.99983E-1 4.09416E-1
3.3554E-1 3.33365E-1 3.32474E-1 3.24894E-1 3.26138E-1 3.22149E-1 3.21355E-1 3.29875E-1 3.37925E-1 3.42097E-1 3.42503E-1 3.41201E-1 3.45217E-1 3.53696E-1 3.65471E-1 3.85315E-1 3.86265E-1 3.85726E-1 3.79834E-1 3.79802E-1 3.80394E-1 3.79228E-1 3.78031E-1 3.75544E-1 3.73634E-1 3.80382E-1 3.86954E-1 3.85856E-1 4.02101E-1 4.02173E-1 3.93013E-1 3.86786E-1 3.7786E-1 3.68596E-1 3.74703E-1 3.82752E-1 3.84527E-1 3.80656E-1 3.75946E-1 3.66998E-1 3.73678E-1 3.80386E-1 3.95991E-1 3.9902E-1 4.04073E-1 3.94641E-1 4.06134E-1 4.18748E-1 4.19927E-1 4.12778E-1 4.10691E-1 4.20321E-1 4.30217E-1 4.3297E-1 4.41978E-1 4.36582E-1 4.39437E-1 4.3663E-1 4.23079E-1 4.19557E-1 4.23563E-1
