maxent_outputs/white_flowers_troch_bombus_environ/white_37.asc
ncols         426
nrows         180
xllcorner     -130.0
yllcorner     24.0
cellsize      0.16666666666666666
NODATA_value  -9999
[rows 108 to 134 of 180, columns 61 to 121 of 426]
5.8024E-1 5.79534E-1 5.48353E-1 5.66903E-1 5.77465E-1 5.23721E-1 4.00148E-1 9.27976E-2 6.11785E-2 2.50185E-2 3.15384E-2 1.8102E-1 3.11446E-1 1.77279E-1 1.7638E-1 4.5611E-1 1.98236E-1 4.52844E-1 7.14263E-1 5.77558E-1 3.73772E-1 4.23349E-1 2.94031E-1 2.21693E-1 1.94614E-1 1.24901E-1 1.29477E-1 2.41994E-1 3.03313E-1 4.2256E-1 5.42055E-1 4.54296E-1 3.76952E-1 3.12396E-1 2.13679E-1 6.85455E-2 1.67371E-1 1.481E-1 8.54329E-2 8.99723E-2 1.58357E-2 1.4014E-2 1.52194E-2 1.75313E-2 1.69391E-2 1.16412E-2 7.57962E-3 7.75808E-3 1.07298E-2 2.74375E-2 5.52158E-2 3.77591E-2 2.18028E-2 1.88123E-2 1.82438E-2 1.71239E-2 1.48117E-2 1.26537E-2 9.45329E-3 8.44778E-3 1.22812E-2
5.93721E-1 5.75631E-1 5.70367E-1 5.87914E-1 5.74275E-1 5.03076E-1 3.4165E-1 1.26675E-1 2.38071E-1 1.39067E-1 1.22603E-1 2.1621E-1 3.14516E-1 3.12082E-1 3.68827E-1 3.76501E-1 3.76156E-1 3.81531E-1 3.98601E-1 6.42699E-1 6.44937E-1 5.77592E-1 3.99066E-1 1.78404E-1 2.0841E-1 2.1744E-1 1.99402E-1 2.2805E-1 3.41926E-1 3.44964E-1 5.74121E-1 4.67533E-1 2.92888E-1 2.03395E-1 2.01084E-1 9.91827E-2 8.14537E-2 1.49596E-1 1.68699E-1 7.55254E-2 2.05776E-2 1.59101E-2 1.78119E-2 1.79835E-2 1.76951E-2 1.35587E-2 1.08688E-2 8.22857E-3 1.03405E-2 2.86896E-2 4.51211E-2 4.92814E-2 3.31222E-2 2.51581E-2 2.13046E-2 1.88889E-2 1.59689E-2 1.35428E-2 9.44959E-3 9.2132E-3 9.38387E-3
6.13875E-1 6.03979E-1 5.96411E-1 5.95846E-1 5.80589E-1 5.17743E-1 3.47479E-1 2.45663E-1 2.24174E-1 1.76547E-1 1.16097E-1 2.41081E-1 3.37092E-1 3.124E-1 3.88802E-1 3.25322E-1 3.48476E-1 2.34701E-1 2.99788E-1 4.0653E-1 4.29895E-1 5.50698E-1 4.98608E-1 2.85584E-1 1.96434E-1 1.48648E-1 2.44036E-1 1.62621E-1 1.60939E-1 2.61982E-1 5.89108E-1 5.43743E-1 2.77669E-1 2.00923E-1 2.18663E-1 1.87026E-1 8.18974E-2 6.24913E-2 7.03786E-2 3.45226E-2 2.70539E-2 1.74223E-2 1.49663E-2 1.93775E-2 1.8151E-2 1.57527E-2 1.27384E-2 9.32036E-3 1.21056E-2 2.11759E-2 3.65673E-2 4.71974E-2 3.67764E-2 3.14883E-2 2.74243E-2 2.36128E-2 2.00119E-2 1.52511E-2 1.19846E-2 1.12859E-2 1.0743E-2
5.70817E-1 6.14705E-1 6.10835E-1 6.06517E-1 6.4001E-1 6.19415E-1 4.97018E-1 2.48536E-1 1.36477E-1 1.16395E-1 1.96709E-1 3.30282E-1 3.05558E-1 2.55768E-1 2.81322E-1 2.22726E-1 2.28081E-1 2.20702E-1 2.27629E-1 2.53801E-1 2.93341E-1 4.59679E-1 5.19916E-1 2.56954E-1 1.60845E-1 1.12188E-1 2.05048E-1 1.97456E-1 1.63839E-1 2.90566E-1 5.51933E-1 6.47707E-1 3.1314E-1 1.95179E-1 1.73668E-1 1.87223E-1 1.42208E-1 7.84461E-2 4.36432E-2 3.0392E-2 3.2283E-2 2.95047E-2 2.18214E-2 2.38473E-2 2.17122E-2 1.63485E-2 1.08633E-2 6.5564E-3 4.79761E-3 8.54541E-3 1.96308E-2 4.06398E-2 4.23262E-2 3.31586E-2 2.97294E-2 2.60195E-2 2.0907E-2 1.59675E-2 1.74427E-2 1.45454E-2 1.27167E-2
3.71321E-1 5.34253E-1 6.26247E-1 6.27208E-1 6.30111E-1 6.32636E-1 5.9256E-1 3.61543E-1 2.55163E-1 1.80595E-1 3.40534E-1 3.80113E-1 2.62809E-1 2.52004E-1 2.49589E-1 2.03402E-1 2.05959E-1 1.91804E-1 2.68138E-1 3.78868E-1 4.48109E-1 4.42083E-1 5.34454E-1 4.01534E-1 1.86124E-1 1.20767E-1 1.34474E-1 1.24191E-1 1.75178E-1 3.94968E-1 3.84857E-1 6.90727E-1 4.25254E-1 2.86351E-1 2.32803E-1 1.64313E-1 1.24501E-1 9.9541E-2 4.76903E-2 3.51072E-2 3.08473E-2 3.62599E-2 3.79925E-2 3.62366E-2 2.91892E-2 1.56141E-2 1.11312E-2 7.06314E-3 5.74281E-3 8.8867E-3 1.46143E-2 2.75647E-2 3.90421E-2 3.68433E-2 3.0557E-2 2.80045E-2 2.31288E-2 2.44503E-2 2.19353E-2 1.96716E-2 1.71296E-2
3.80215E-1 3.77321E-1 5.90693E-1 6.39232E-1 6.34483E-1 6.33773E-1 5.29782E-1 1.80206E-1 1.47743E-1 2.51944E-1 3.4724E-1 3.20848E-1 3.03928E-1 2.85412E-1 2.96469E-1 2.84825E-1 2.3292E-1 2.5569E-1 3.93451E-1 3.64522E-1 4.46965E-1 5.26489E-1 5.17307E-1 4.46882E-1 3.00709E-1 2.83241E-1 1.36638E-1 1.94906E-1 2.45539E-1 4.32076E-1 5.55163E-1 7.22012E-1 5.30906E-1 3.74471E-1 3.47938E-1 1.05032E-1 1.57161E-1 1.5864E-1 8.23216E-2 4.87436E-2 3.29781E-2 3.23523E-2 4.68125E-2 4.31419E-2 3.98119E-2 3.03384E-2 1.91335E-2 1.67339E-2 1.06202E-2 9.05579E-3 1.14565E-2 2.2014E-2 3.05995E-2 3.52985E-2 3.36653E-2 3.02127E-2 2.62808E-2 2.57757E-2 2.27379E-2 2.39329E-2 2.17719E-2
3.92514E-1 3.82851E-1 2.99626E-1 2.71251E-1 2.57682E-1 4.1321E-1 3.37395E-1 2.17226E-1 2.7463E-1 3.61744E-1 3.52402E-1 3.30863E-1 2.95186E-1 2.52227E-1 2.82658E-1 2.9469E-1 3.04657E-1 3.58331E-1 4.25157E-1 4.18549E-1 3.63501E-1 4.88204E-1 4.39867E-1 4.26917E-1 3.50809E-1 2.47491E-1 3.38302E-1 3.77515E-1 3.87077E-1 4.86293E-1 6.79199E-1 7.00909E-1 6.41579E-1 4.75409E-1 4.09903E-1 1.45229E-1 2.12381E-1 2.43023E-1 9.19534E-2 5.20025E-2 3.47564E-2 3.74642E-2 4.74585E-2 5.48501E-2 6.31476E-2 7.80932E-2 8.67384E-2 7.59298E-2 4.98618E-2 1.30263E-2 7.30689E-3 1.26374E-2 2.27802E-2 2.79966E-2 3.16669E-2 3.23137E-2 2.959E-2 2.90862E-2 2.52977E-2 2.40172E-2 2.19962E-2
3.26131E-1 2.47631E-1 2.53512E-1 1.28153E-1 6.12994E-2 1.45442E-1 3.56748E-1 3.20758E-1 3.80823E-1 3.83223E-1 3.28768E-1 2.91029E-1 2.34119E-1 2.15146E-1 2.55273E-1 2.71656E-1 2.51991E-1 2.19286E-1 2.26899E-1 3.25183E-1 4.12095E-1 4.58946E-1 4.98024E-1 4.41201E-1 3.32141E-1 3.56838E-1 4.90657E-1 5.10013E-1 4.21226E-1 4.88799E-1 5.77083E-1 7.13286E-1 7.1487E-1 5.94254E-1 4.50403E-1 2.47646E-1 2.3823E-1 3.50551E-1 1.48407E-1 1.32771E-1 5.67038E-2 5.71709E-2 5.25431E-2 5.30626E-2 5.6035E-2 5.22566E-2 8.76549E-2 1.42552E-1 1.04676E-1 2.91868E-2 9.73683E-3 9.00414E-3 1.42438E-2 1.95204E-2 2.31755E-2 2.36731E-2 2.26443E-2 2.19785E-2 2.43087E-2 2.36537E-2 2.14939E-2
5.91389E-1 5.28796E-1 3.00614E-1 2.54803E-1 2.07566E-1 3.05475E-1 5.66004E-1 5.89843E-1 4.40088E-1 3.01704E-1 3.16622E-1 2.71131E-1 2.22634E-1 2.14784E-1 2.38381E-1 2.40965E-1 2.05503E-1 2.22686E-1 2.09647E-1 2.53767E-1 3.24753E-1 3.41045E-1 5.898E-1 7.18784E-1 7.09302E-1 6.7262E-1 6.47973E-1 4.61459E-1 4.07488E-1 5.5058E-1 5.50951E-1 6.03158E-1 7.33058E-1 5.53536E-1 4.45609E-1 3.43202E-1 3.14785E-1 4.54318E-1 3.35518E-1 2.45221E-1 2.02859E-1 1.5779E-1 7.16083E-2 5.19446E-2 5.3912E-2 6.32149E-2 7.02156E-2 1.40752E-1 1.34477E-1 3.87485E-2 1.3794E-2 9.82649E-3 1.17734E-2 1.30099E-2 1.54881E-2 1.78293E-2 1.69828E-2 1.90131E-2 2.30058E-2 2.35211E-2 2.45757E-2
7.63418E-1 6.63553E-1 6.60289E-1 6.72424E-1 6.46322E-1 6.71991E-1 6.69508E-1 6.79042E-1 6.18515E-1 3.3205E-1 1.79872E-1 1.20223E-1 9.04076E-2 1.14974E-1 1.73368E-1 2.19783E-1 1.62473E-1 1.96626E-1 2.2561E-1 2.75812E-1 3.55979E-1 3.78706E-1 4.52307E-1 6.20665E-1 7.10706E-1 7.05413E-1 6.85003E-1 5.67528E-1 5.86826E-1 5.89265E-1 6.10316E-1 6.40346E-1 7.03184E-1 7.15377E-1 6.03849E-1 5.37289E-1 4.66169E-1 5.09701E-1 3.65899E-1 3.8667E-1 3.50084E-1 1.62713E-1 1.12771E-1 7.89439E-2 4.42658E-2 8.93884E-2 1.24358E-1 9.44409E-2 1.44028E-1 5.85274E-2 2.58138E-2 2.02745E-2 1.19069E-2 9.44882E-3 1.04952E-2 1.2769E-2 1.51316E-2 1.94194E-2 2.2924E-2 2.06167E-2 1.96681E-2
-9999 -9999 8.24203E-1 8.39887E-1 7.96786E-1 7.5352E-1 6.98061E-1 7.1987E-1 7.37003E-1 6.5936E-1 4.51569E-1 4.46902E-1 2.91934E-1 1.23457E-1 3.99632E-1 2.83604E-1 9.22254E-2 3.57823E-2 3.73909E-2 1.25701E-1 2.33345E-1 3.42867E-1 4.49711E-1 5.4035E-1 5.4506E-1 5.75619E-1 6.52702E-1 6.76746E-1 6.98142E-1 6.39208E-1 6.1464E-1 6.71137E-1 6.46967E-1 7.29911E-1 7.04275E-1 6.51321E-1 6.12975E-1 5.74452E-1 5.03351E-1 4.11816E-1 3.05216E-1 2.20539E-1 1.28782E-1 1.31939E-1 8.8811E-2 1.51406E-1 2.03879E-1 1.19981E-1 2.01807E-1 1.27128E-1 8.25056E-2 6.1487E-2 5.2812E-2 2.22082E-2 1.4887E-2 1.4967E-2 1.74329E-2 1.66975E-2 1.7797E-2 1.45108E-2 1.14911E-2
8.31639E-1 8.37518E-1 9.94799E-1 9.30783E-1 8.73133E-1 7.49736E-1 7.48371E-1 7.45144E-1 8.57466E-1 8.17219E-1 7.70896E-1 7.51526E-1 7.07984E-1 7.06939E-1 7.09005E-1 6.89997E-1 4.94831E-1 6.7162E-2 5.83332E-2 2.88334E-1 2.49148E-1 2.23655E-1 2.98027E-1 4.66483E-1 5.52411E-1 5.56207E-1 5.72356E-1 6.41355E-1 6.86238E-1 6.8204E-1 6.87629E-1 7.18688E-1 7.04402E-1 6.9151E-1 6.03775E-1 5.38924E-1 5.19313E-1 4.45275E-1 3.99257E-1 4.11408E-1 3.25607E-1 2.87584E-1 3.17701E-1 2.57037E-1 2.57111E-1 3.02145E-1 3.54365E-1 1.55766E-1 3.16822E-1 1.77848E-1 1.12967E-1 1.39779E-1 5.74239E-2 4.08364E-2 3.85402E-2 3.18992E-2 3.42319E-2 3.27977E-2 2.38417E-2 1.59503E-2 8.3065E-3
8.89951E-1 8.10991E-1 -9999 -9999 -9999 -9999 -9999 -9999 9.43709E-1 8.73266E-1 8.33626E-1 7.90721E-1 7.26847E-1 7.224E-1 7.11761E-1 6.3737E-1 5.79636E-1 4.38428E-1 4.15916E-1 6.51396E-1 6.46148E-1 4.21446E-1 2.28281E-1 4.34565E-1 5.40043E-1 6.1993E-1 6.90989E-1 7.26652E-1 7.02408E-1 7.11136E-1 6.91537E-1 7.39663E-1 7.00982E-1 6.51888E-1 6.36847E-1 5.80424E-1 5.04012E-1 4.43914E-1 4.12527E-1 3.80842E-1 3.60527E-1 3.41274E-1 4.21151E-1 4.08706E-1 4.6458E-1 5.69218E-1 4.72071E-1 2.86572E-1 3.0957E-1 2.946E-1 1.5436E-1 2.04474E-1 6.35543E-2 5.5775E-2 6.51506E-2 6.03561E-2 5.08153E-2 4.64905E-2 3.33473E-2 2.85932E-2 9.5737E-3
-9999 -9999 -9999 -9999 -9999 -9999 -9999 -9999 9.06473E-1 9.09989E-1 8.7852E-1 8.57644E-1 7.78301E-1 6.50697E-1 6.45164E-1 5.9174E-1 5.62498E-1 5.32492E-1 1.54091E-1 3.59692E-1 7.38566E-1 7.94576E-1 6.70046E-1 3.80208E-1 3.99297E-1 5.34117E-1 7.45276E-1 7.62789E-1 7.74896E-1 7.84387E-1 7.56594E-1 7.5235E-1 7.24226E-1 6.8476E-1 6.55849E-1 6.04756E-1 5.76557E-1 4.94052E-1 4.90934E-1 4.93495E-1 4.50035E-1 4.78406E-1 4.96427E-1 5.05239E-1 5.74974E-1 6.24197E-1 5.81134E-1 4.6989E-1 4.47849E-1 4.51212E-1 1.92604E-1 2.92916E-1 2.63872E-1 1.43647E-1 2.15906E-1 1.00266E-1 6.51971E-2 5.8354E-2 4.09215E-2 2.71188E-2 1.45941E-2
-9999 -9999 -9999 -9999 -9999 -9999 -9999 -9999 -9999 -9999 9.54931E-1 9.28817E-1 8.12644E-1 7.38253E-1 6.4599E-1 6.58811E-1 6.34423E-1 4.6325E-1 2.26042E-1 1.69085E-1 2.27446E-1 7.23401E-1 7.93631E-1 8.04976E-1 6.89603E-1 6.20516E-1 5.12036E-1 6.95458E-1 7.79452E-1 7.79578E-1 7.58694E-1 7.24172E-1 7.51172E-1 6.82885E-1 6.20845E-1 6.08868E-1 5.82502E-1 5.47531E-1 5.21002E-1 5.24566E-1 5.81556E-1 5.8905E-1 5.78593E-1 5.56205E-1 6.21198E-1 6.67081E-1 6.76531E-1 6.44281E-1 5.91831E-1 5.4633E-1 4.78767E-1 3.17274E-1 2.71612E-1 2.77265E-1 1.35581E-1 1.22535E-1 8.57475E-2 5.86081E-2 3.97903E-2 2.90951E-2 2.05021E-2
-9999 -9999 -9999 -9999 9.98185E-1 -9999 -9999 9.32887E-1 8.64515E-1 9.98994E-1 -9999 -9999 8.61888E-1 8.05776E-1 7.2566E-1 7.25808E-1 6.89415E-1 4.53754E-1 2.76531E-1 2.46636E-1 4.88038E-1 5.46568E-1 7.94438E-1 8.49356E-1 8.29406E-1 7.74768E-1 6.65351E-1 6.1096E-1 7.23206E-1 7.72921E-1 7.69841E-1 7.6733E-1 7.46756E-1 6.36172E-1 5.75941E-1 5.26325E-1 6.17949E-1 5.93369E-1 5.94604E-1 6.1586E-1 5.9736E-1 6.37408E-1 6.05835E-1 5.85356E-1 6.17958E-1 6.48241E-1 6.85353E-1 6.85973E-1 6.47944E-1 5.71963E-1 4.81558E-1 3.31324E-1 1.82285E-1 1.7143E-1 1.89264E-1 2.18889E-1 2.00375E-1 1.06637E-1 5.90264E-2 3.16702E-2 2.25142E-2
-9999 9.18849E-1 8.33364E-1 -9999 -9999 -9999 -9999 -9999 8.9358E-1 9.17081E-1 -9999 -9999 -9999 -9999 8.48477E-1 7.64782E-1 7.02241E-1 5.87373E-1 3.49319E-1 2.29677E-1 5.70626E-1 7.73407E-1 8.18328E-1 8.21194E-1 8.46611E-1 8.34346E-1 8.16059E-1 7.28436E-1 6.93081E-1 7.51708E-1 7.96949E-1 7.84554E-1 7.41132E-1 6.74707E-1 6.73241E-1 6.78115E-1 6.61949E-1 6.80577E-1 6.67106E-1 6.62117E-1 6.76661E-1 6.6152E-1 6.60405E-1 6.45785E-1 6.12994E-1 6.10924E-1 6.35488E-1 6.17972E-1 5.8647E-1 5.13317E-1 5.02859E-1 5.04033E-1 3.47036E-1 2.11644E-1 1.45297E-1 2.03601E-1 2.51928E-1 2.04861E-1 1.23494E-1 4.68896E-2 3.68047E-2
-9999 -9999 -9999 -9999 -9999 -9999 -9999 9.86894E-1 -9999 -9999 -9999 -9999 -9999 -9999 9.4569E-1 8.45303E-1 7.50538E-1 6.87738E-1 5.44301E-1 3.07043E-1 4.53134E-1 6.1102E-1 8.13531E-1 8.11818E-1 8.17762E-1 7.97593E-1 7.70198E-1 8.00389E-1 7.87578E-1 7.61132E-1 8.05426E-1 8.29311E-1 8.08115E-1 7.45284E-1 7.09633E-1 7.48511E-1 7.37521E-1 7.4047E-1 7.14861E-1 7.07441E-1 7.23848E-1 6.90717E-1 6.96686E-1 6.64011E-1 6.02431E-1 5.73791E-1 5.84283E-1 5.42584E-1 5.53252E-1 5.17869E-1 5.08438E-1 5.3985E-1 4.55711E-1 4.29267E-1 3.79152E-1 2.74608E-1 1.72894E-1 1.26794E-1 2.06298E-1 1.42291E-1 7.89285E-2
-9999 -9999 -9999 -9999 -9999 -9999 -9999 9.43127E-1 8.53342E-1 -9999 -9999 -9999 -9999 -9999 -9999 8.81353E-1 7.74377E-1 7.32453E-1 6.63468E-1 2.6418E-1 3.43081E-1 7.01904E-1 7.98862E-1 8.10886E-1 8.08602E-1 7.6795E-1 7.5528E-1 7.7575E-1 7.84684E-1 7.86634E-1 7.87412E-1 8.27899E-1 8.20547E-1 7.86389E-1 7.68257E-1 7.7291E-1 7.40422E-1 7.20345E-1 7.0132E-1 7.07388E-1 6.97239E-1 6.34893E-1 6.75246E-1 6.65692E-1 5.99312E-1 5.54733E-1 5.64765E-1 5.06009E-1 5.23654E-1 4.8394E-1 4.81462E-1 4.50117E-1 3.27292E-1 2.54409E-1 3.75544E-1 2.58536E-1 1.69913E-1 1.0385E-1 1.58487E-1 1.80558E-1 1.78018E-1
-9999 -9999 -9999 -9999 -9999 -9999 -9999 -9999 9.55795E-1 -9999 -9999 -9999 -9999 -9999 -9999 9.45747E-1 8.50574E-1 7.53404E-1 6.78288E-1 4.44523E-1 2.69116E-1 4.09865E-1 7.24626E-1 8.16788E-1 7.95805E-1 7.70875E-1 7.51768E-1 7.57244E-1 7.72586E-1 7.94092E-1 8.07233E-1 7.85579E-1 8.06762E-1 8.22361E-1 7.69239E-1 7.16529E-1 7.35751E-1 7.27485E-1 7.19777E-1 6.97114E-1 6.70922E-1 6.50874E-1 6.74564E-1 6.17919E-1 5.08126E-1 4.8013E-1 5.39011E-1 5.1984E-1 4.94262E-1 4.63199E-1 4.98192E-1 4.22296E-1 3.39275E-1 2.25558E-1 2.78233E-1 2.75778E-1 1.25364E-1 1.18249E-1 7.80302E-2 4.86057E-2 1.48992E-1
-9999 -9999 -9999 -9999 -9999 -9999 -9999 -9999 -9999 -9999 -9999 -9999 -9999 -9999 -9999 -9999 8.93922E-1 7.79303E-1 7.14919E-1 5.96962E-1 3.61525E-1 2.74597E-1 3.51677E-1 7.67481E-1 8.16465E-1 8.10994E-1 8.02338E-1 7.59382E-1 7.42302E-1 7.30304E-1 7.39547E-1 7.64688E-1 7.92476E-1 7.71539E-1 7.48166E-1 7.29548E-1 7.22548E-1 7.33224E-1 7.23477E-1 7.10245E-1 7.04336E-1 6.58642E-1 6.22856E-1 5.31453E-1 4.45333E-1 4.32248E-1 5.00762E-1 5.19066E-1 5.1741E-1 4.86396E-1 4.81273E-1 4.34821E-1 3.3883E-1 2.43586E-1 1.6212E-1 2.66358E-1 1.58826E-1 7.75125E-2 8.4676E-2 6.55508E-2 8.82709E-2
-9999 -9999 -9999 -9999 -9999 -9999 -9999 -9999 -9999 -9999 -9999 -9999 -9999 -9999 -9999 9.98373E-1 8.46259E-1 7.77782E-1 7.23066E-1 6.74282E-1 4.83428E-1 2.6887E-1 1.77109E-1 3.22885E-1 7.99307E-1 8.15315E-1 7.92432E-1 7.75312E-1 7.17702E-1 7.20305E-1 7.90203E-1 7.80778E-1 7.68405E-1 7.36466E-1 6.87931E-1 6.78367E-1 6.98183E-1 7.00692E-1 7.12857E-1 7.12687E-1 6.88288E-1 6.44934E-1 5.75279E-1 4.58982E-1 4.2666E-1 4.34184E-1 4.96111E-1 4.90896E-1 4.76171E-1 4.81404E-1 4.80358E-1 4.2751E-1 4.24591E-1 2.96016E-1 7.59648E-2 2.0495E-1 2.06638E-1 1.17032E-1 8.0727E-2 8.83008E-2 9.05701E-2
-9999 -9999 -9999 -9999 -9999 -9999 -9999 -9999 -9999 -9999 -9999 -9999 -9999 -9999 -9999 -9999 8.68014E-1 8.0728E-1 7.15713E-1 6.78461E-1 5.6858E-1 2.89718E-1 1.50124E-1 2.61442E-1 7.74656E-1 7.85019E-1 8.153E-1 7.79988E-1 7.31569E-1 7.37177E-1 7.80717E-1 7.84175E-1 7.69682E-1 7.15789E-1 7.33909E-1 6.61312E-1 6.90354E-1 6.77451E-1 6.95639E-1 6.69621E-1 6.5079E-1 5.95278E-1 5.20385E-1 4.42836E-1 4.00346E-1 4.22366E-1 4.50016E-1 4.59951E-1 4.62673E-1 4.14748E-1 4.43753E-1 4.10415E-1 4.52014E-1 4.84949E-1 3.69564E-1 1.2835E-1 1.8966E-1 1.46692E-1 9.65378E-2 9.96413E-2 9.5171E-2
-9999 -9999 -9999 -9999 -9999 -9999 -9999 -9999 -9999 -9999 -9999 -9999 -9999 -9999 -9999 -9999 -9999 8.31402E-1 7.5086E-1 7.0635E-1 6.1618E-1 4.07732E-1 2.22152E-1 1.23405E-1 7.08922E-1 7.63932E-1 7.99642E-1 7.95484E-1 7.7724E-1 7.78107E-1 7.92957E-1 7.88834E-1 7.96822E-1 7.85142E-1 7.47047E-1 7.55639E-1 7.36852E-1 6.96978E-1 7.03876E-1 6.99589E-1 6.30496E-1 6.08768E-1 4.80947E-1 4.29268E-1 4.0153E-1 4.3461E-1 4.52685E-1 3.98944E-1 3.66119E-1 3.45834E-1 3.77928E-1 3.28429E-1 3.50234E-1 3.70833E-1 3.07333E-1 2.00566E-1 1.8413E-1 1.72996E-1 1.16094E-1 1.06088E-1 9.07226E-2
-9999 -9999 -9999 -9999 -9999 -9999 -9999 -9999 -9999 -9999 -9999 -9999 -9999 -9999 -9999 -9999 -9999 8.76872E-1 8.06646E-1 7.58229E-1 6.68762E-1 5.37457E-1 3.26546E-1 1.36806E-1 5.64305E-1 7.62691E-1 8.0764E-1 8.17781E-1 8.24049E-1 8.16669E-1 8.15256E-1 8.02807E-1 7.9868E-1 8.05006E-1 7.74747E-1 7.46435E-1 7.54363E-1 7.34736E-1 7.17887E-1 7.05675E-1 6.96399E-1 6.34974E-1 5.4738E-1 4.89764E-1 4.77262E-1 4.43505E-1 4.13074E-1 3.93564E-1 3.39828E-1 2.42564E-1 2.95166E-1 2.19484E-1 2.77753E-1 3.08935E-1 2.24248E-1 1.87607E-1 1.44078E-1 1.63127E-1 1.17407E-1 1.09103E-1 1.04745E-1
-9999 -9999 -9999 -9999 -9999 -9999 -9999 -9999 -9999 -9999 -9999 -9999 -9999 -9999 -9999 -9999 -9999 -9999 9.51247E-1 7.8919E-1 6.9918E-1 5.68547E-1 3.91398E-1 2.21259E-1 2.46078E-1 7.0293E-1 7.93254E-1 8.07497E-1 8.50828E-1 8.47673E-1 8.39366E-1 8.28541E-1 8.09517E-1 8.04991E-1 7.93122E-1 7.78183E-1 7.76548E-1 7.86319E-1 7.67914E-1 7.24214E-1 6.86126E-1 6.33542E-1 5.33798E-1 5.11288E-1 4.67841E-1 4.49099E-1 3.99155E-1 3.71033E-1 3.31516E-1 2.28175E-1 2.57686E-1 2.27029E-1 2.63953E-1 1.81131E-1 1.06772E-1 1.11186E-1 1.23543E-1 1.57174E-1 1.3902E-1 1.09328E-1 1.2259E-1
-9999 -9999 -9999 -9999 -9999 -9999 -9999 -9999 -9999 -9999 -9999 -9999 -9999 -9999 -9999 -9999 -9999 -9999 9.48786E-1 7.5343E-1 7.09448E-1 6.24984E-1 3.82577E-1 3.39165E-1 3.26429E-1 3.60641E-1 7.44436E-1 8.12178E-1 8.48018E-1 8.54439E-1 8.35621E-1 9.13885E-1 8.31749E-1 8.07629E-1 8.03706E-1 8.12086E-1 7.89119E-1 7.73632E-1 7.98252E-1 7.41414E-1 7.19782E-1 6.44097E-1 5.85905E-1 4.6624E-1 4.28627E-1 4.16122E-1 3.78819E-1 3.17179E-1 3.09656E-1 2.41146E-1 2.19979E-1 2.00531E-1 2.34819E-1 1.93251E-1 1.52228E-1 9.45472E-2 1.15445E-1 1.50262E-1 1.37588E-1 1.21775E-1 1.2496E-1
