maxent_outputs/white_flowers_troch_bombus_environ/white_76.asc
ncols         426
nrows         180
xllcorner     -130.0
yllcorner     24.0
cellsize      0.16666666666666666
NODATA_value  -9999
[rows 108 to 134 of 180, columns 183 to 243 of 426]
4.39768E-1 4.4904E-1 4.6065E-1 4.67329E-1 4.80901E-1 4.94131E-1 5.10977E-1 5.25457E-1 5.37136E-1 5.47992E-1 5.56273E-1 5.63419E-1 5.74058E-1 5.7888E-1 5.83312E-1 5.83677E-1 5.84036E-1 5.8772E-1 5.94275E-1 6.03699E-1 6.13631E-1 6.21013E-1 6.29277E-1 6.44454E-1 6.60633E-1 6.7013E-1 6.66825E-1 6.63867E-1 6.56987E-1 6.50868E-1 6.47057E-1 6.46075E-1 6.40122E-1 6.38336E-1 6.29802E-1 6.18265E-1 6.12808E-1 6.15851E-1 6.24889E-1 6.31446E-1 6.37718E-1 6.37083E-1 6.51596E-1 6.70918E-1 6.82628E-1 6.83445E-1 6.80545E-1 6.82217E-1 6.8826E-1 6.99244E-1 6.99554E-1 7.0261E-1 7.02263E-1 7.03136E-1 7.08455E-1 7.06481E-1 7.13623E-1 7.18975E-1 7.21238E-1 7.23387E-1 7.21827E-1
4.53282E-1 4.62575E-1 4.71435E-1 4.77187E-1 4.90134E-1 5.02627E-1 5.13122E-1 5.22592E-1 5.33971E-1 5.44009E-1 5.54522E-1 5.67418E-1 5.77331E-1 5.81867E-1 5.87844E-1 5.9027E-1 5.91784E-1 5.94794E-1 5.98041E-1 6.09067E-1 6.20813E-1 6.27827E-1 6.34757E-1 6.48457E-1 6.58938E-1 6.71536E-1 6.68853E-1 6.66086E-1 6.53212E-1 6.52941E-1 6.52458E-1 6.51611E-1 6.469E-1 6.40863E-1 6.4419E-1 6.35611E-1 6.28587E-1 6.32683E-1 6.27526E-1 6.3036E-1 6.34887E-1 6.49157E-1 6.63157E-1 6.71581E-1 6.80843E-1 6.88072E-1 6.96213E-1 7.00594E-1 7.06143E-1 7.09176E-1 7.1153E-1 7.1198E-1 7.10427E-1 7.08874E-1 7.12762E-1 7.13947E-1 7.17373E-1 7.28295E-1 7.30716E-1 7.26438E-1 7.27419E-1
4.73107E-1 4.8664E-1 4.89741E-1 4.96746E-1 5.00726E-1 5.09841E-1 5.17738E-1 5.23385E-1 5.26033E-1 5.36786E-1 5.53349E-1 5.71407E-1 5.80384E-1 5.8757E-1 5.93995E-1 5.99925E-1 6.03618E-1 6.06774E-1 6.10498E-1 6.20536E-1 6.31001E-1 6.36096E-1 6.40357E-1 6.47022E-1 6.56936E-1 6.73692E-1 6.72873E-1 6.6485E-1 6.61495E-1 6.62605E-1 6.68347E-1 6.67617E-1 6.72823E-1 6.80328E-1 6.67721E-1 6.62018E-1 6.58996E-1 6.59725E-1 6.59976E-1 6.59618E-1 6.59462E-1 6.75312E-1 6.92274E-1 7.0348E-1 7.04696E-1 6.97792E-1 6.97866E-1 7.06655E-1 7.18623E-1 7.15277E-1 7.23225E-1 7.22867E-1 7.20811E-1 7.19155E-1 7.20807E-1 7.22562E-1 7.26085E-1 7.38843E-1 7.38783E-1 7.37606E-1 7.35528E-1
4.77629E-1 4.92727E-1 5.02754E-1 5.08139E-1 5.06047E-1 5.09501E-1 5.16526E-1 5.26597E-1 5.35716E-1 5.47961E-1 5.59666E-1 5.74035E-1 5.84051E-1 5.91489E-1 5.99703E-1 6.077E-1 6.11642E-1 6.16093E-1 6.22991E-1 6.26847E-1 6.33221E-1 6.37726E-1 6.46211E-1 6.53181E-1 6.59656E-1 6.72248E-1 6.77745E-1 6.80422E-1 6.76104E-1 6.7664E-1 6.85772E-1 6.86492E-1 6.87405E-1 6.91539E-1 6.92887E-1 6.90268E-1 6.86534E-1 6.82226E-1 6.85973E-1 6.88795E-1 6.90872E-1 6.95567E-1 7.01958E-1 7.07029E-1 7.12301E-1 7.1473E-1 7.18258E-1 7.1987E-1 7.28296E-1 7.31191E-1 7.30811E-1 7.26987E-1 7.28156E-1 7.28471E-1 7.30374E-1 7.35709E-1 7.4063E-1 7.35238E-1 7.3997E-1 7.41426E-1 7.41642E-1
4.88425E-1 4.99102E-1 5.0678E-1 5.12377E-1 5.12206E-1 5.11736E-1 5.24287E-1 5.36734E-1 5.47937E-1 5.62259E-1 5.72869E-1 5.85434E-1 5.94739E-1 6.02799E-1 6.08123E-1 6.16439E-1 6.23516E-1 6.30279E-1 6.36385E-1 6.38989E-1 6.38833E-1 6.39241E-1 6.47187E-1 6.6098E-1 6.63407E-1 6.72474E-1 6.76552E-1 6.77434E-1 6.80991E-1 6.86601E-1 6.89166E-1 6.86145E-1 6.87543E-1 6.92102E-1 6.91878E-1 6.84647E-1 6.873E-1 6.93959E-1 6.99142E-1 7.02797E-1 7.06624E-1 7.17816E-1 7.26643E-1 7.26136E-1 7.24129E-1 7.25565E-1 7.31525E-1 7.33847E-1 7.37103E-1 7.3754E-1 7.35009E-1 7.34998E-1 7.3402E-1 7.35606E-1 7.39179E-1 7.4402E-1 7.4858E-1 7.45782E-1 7.44597E-1 7.44386E-1 7.42965E-1
5.03024E-1 5.1042E-1 5.15585E-1 5.19852E-1 5.19673E-1 5.20677E-1 5.31245E-1 5.47482E-1 5.60478E-1 5.74651E-1 5.83959E-1 5.93778E-1 6.0343E-1 6.07379E-1 6.14864E-1 6.22281E-1 6.32892E-1 6.4122E-1 6.47711E-1 6.47464E-1 6.44482E-1 6.4623E-1 6.54187E-1 6.6072E-1 6.62768E-1 6.68321E-1 6.72014E-1 6.73364E-1 6.77682E-1 6.91038E-1 6.85531E-1 6.85134E-1 6.84113E-1 6.87237E-1 6.90121E-1 6.92127E-1 6.9287E-1 6.96659E-1 7.03262E-1 7.03627E-1 7.16564E-1 7.34834E-1 7.38562E-1 7.35625E-1 7.3993E-1 7.42994E-1 7.43814E-1 7.45758E-1 7.44839E-1 7.39953E-1 7.38864E-1 7.37115E-1 7.33888E-1 7.40507E-1 7.47969E-1 7.53285E-1 7.59891E-1 7.60905E-1 7.53003E-1 7.50476E-1 7.4738E-1
5.20988E-1 5.26104E-1 5.28013E-1 5.32285E-1 5.3048E-1 5.28914E-1 5.39911E-1 5.49973E-1 5.6182E-1 5.76219E-1 5.90038E-1 5.99755E-1 6.09399E-1 6.12778E-1 6.19245E-1 6.26133E-1 6.35403E-1 6.45529E-1 6.50487E-1 6.50738E-1 6.50836E-1 6.55935E-1 6.5987E-1 6.64882E-1 6.67705E-1 6.68808E-1 6.74501E-1 6.73401E-1 6.79499E-1 6.84134E-1 6.81981E-1 6.81455E-1 6.79088E-1 6.82046E-1 6.92762E-1 6.98539E-1 7.00769E-1 7.05277E-1 7.12353E-1 7.18225E-1 7.30056E-1 7.45209E-1 7.45898E-1 7.42465E-1 7.4775E-1 7.55022E-1 7.55202E-1 7.51425E-1 7.48641E-1 7.43675E-1 7.41832E-1 7.42382E-1 7.41688E-1 7.45688E-1 7.52405E-1 7.60418E-1 7.6006E-1 7.59139E-1 7.58151E-1 7.57547E-1 7.49467E-1
5.30755E-1 5.35389E-1 5.4319E-1 5.43363E-1 5.40015E-1 5.46942E-1 5.59807E-1 5.62955E-1 5.67779E-1 5.7476E-1 5.90341E-1 6.01847E-1 6.10119E-1 6.16378E-1 6.22229E-1 6.23567E-1 6.35485E-1 6.45047E-1 6.52545E-1 6.56603E-1 6.57491E-1 6.6184E-1 6.63718E-1 6.65917E-1 6.71453E-1 6.69696E-1 6.71604E-1 6.72182E-1 6.71755E-1 6.77577E-1 6.82249E-1 6.90951E-1 6.90211E-1 6.94486E-1 7.01328E-1 7.0442E-1 7.12104E-1 7.19376E-1 7.30086E-1 7.38903E-1 7.46237E-1 7.53108E-1 7.57302E-1 7.60455E-1 7.60958E-1 7.6362E-1 7.60884E-1 7.57141E-1 7.56627E-1 7.54438E-1 7.52951E-1 7.53959E-1 7.56512E-1 7.58467E-1 7.57868E-1 7.61934E-1 7.69722E-1 7.66705E-1 7.62385E-1 7.57089E-1 7.53092E-1
5.47108E-1 5.4996E-1 5.55494E-1 5.57135E-1 5.62975E-1 5.70901E-1 5.80303E-1 5.81001E-1 5.84398E-1 5.86963E-1 5.98743E-1 6.06771E-1 6.15214E-1 6.23954E-1 6.28071E-1 6.22132E-1 6.27124E-1 6.43826E-1 6.57435E-1 6.64145E-1 6.66891E-1 6.63472E-1 6.66548E-1 6.66809E-1 6.72754E-1 6.74081E-1 6.73315E-1 6.69059E-1 6.70651E-1 6.76906E-1 6.90973E-1 7.08521E-1 7.10554E-1 7.12999E-1 7.18996E-1 7.18432E-1 7.34376E-1 7.46403E-1 7.47257E-1 7.58705E-1 7.64301E-1 7.68066E-1 7.66912E-1 7.68068E-1 7.70814E-1 7.70761E-1 7.73848E-1 7.67438E-1 7.65405E-1 7.65263E-1 7.66645E-1 7.66821E-1 7.68939E-1 7.71386E-1 7.67406E-1 7.66035E-1 7.66247E-1 7.66228E-1 7.63564E-1 7.62755E-1 7.62251E-1
5.65932E-1 5.6869E-1 5.65075E-1 5.72734E-1 5.79491E-1 5.85832E-1 5.94477E-1 5.95415E-1 5.99342E-1 6.04077E-1 6.10634E-1 6.16529E-1 6.19991E-1 6.24173E-1 6.36574E-1 6.34372E-1 6.38823E-1 6.48412E-1 6.65245E-1 6.69296E-1 6.73812E-1 6.74366E-1 6.75316E-1 6.78022E-1 6.816E-1 6.79451E-1 6.79046E-1 6.76953E-1 6.78376E-1 6.8771E-1 6.97917E-1 7.12684E-1 7.15409E-1 7.22979E-1 7.29977E-1 7.29332E-1 7.34513E-1 7.41637E-1 7.52743E-1 7.61311E-1 7.69868E-1 7.72511E-1 7.77158E-1 7.7748E-1 7.81938E-1 7.81537E-1 7.80803E-1 7.77819E-1 7.7206E-1 7.6888E-1 7.70553E-1 7.73147E-1 7.79143E-1 7.82702E-1 7.81134E-1 7.77656E-1 7.72669E-1 7.68934E-1 7.73651E-1 7.68912E-1 7.65616E-1
5.7801E-1 5.84117E-1 5.84515E-1 5.88859E-1 5.92768E-1 5.99084E-1 6.05979E-1 6.09833E-1 6.12603E-1 6.16917E-1 6.24114E-1 6.28419E-1 6.32522E-1 6.46348E-1 6.59159E-1 6.62056E-1 6.67619E-1 6.73505E-1 6.72918E-1 6.76593E-1 6.79572E-1 6.86722E-1 6.88306E-1 6.92812E-1 6.91887E-1 6.88072E-1 6.90695E-1 6.93777E-1 6.94284E-1 6.93596E-1 6.99733E-1 7.16573E-1 7.25854E-1 7.35239E-1 7.44289E-1 7.42767E-1 7.48459E-1 7.49552E-1 7.54404E-1 7.6041E-1 7.67445E-1 7.75252E-1 7.82292E-1 7.80191E-1 7.83107E-1 7.86722E-1 7.84884E-1 7.82285E-1 7.80096E-1 7.76196E-1 7.76573E-1 7.80782E-1 7.81622E-1 7.87193E-1 7.85743E-1 7.87444E-1 7.79158E-1 7.73038E-1 7.71048E-1 7.70283E-1 7.69752E-1
5.88374E-1 5.94135E-1 5.96831E-1 6.014E-1 6.05672E-1 6.12916E-1 6.17728E-1 6.23366E-1 6.27469E-1 6.30944E-1 6.36567E-1 6.43858E-1 6.47343E-1 6.60216E-1 6.69747E-1 6.70657E-1 6.79013E-1 6.83943E-1 6.7938E-1 6.80821E-1 6.82606E-1 6.88142E-1 6.95546E-1 7.07771E-1 7.10846E-1 6.98211E-1 7.02169E-1 7.05779E-1 7.02477E-1 7.0281E-1 7.1637E-1 7.24984E-1 7.39073E-1 7.51238E-1 7.57761E-1 7.57569E-1 7.58515E-1 7.58763E-1 7.59929E-1 7.62125E-1 7.67937E-1 7.75223E-1 7.83573E-1 7.8368E-1 7.83493E-1 7.86421E-1 7.89399E-1 7.88938E-1 7.87994E-1 7.8355E-1 7.83117E-1 7.85385E-1 7.90615E-1 7.92276E-1 7.89353E-1 7.90824E-1 7.8388E-1 7.76759E-1 7.75072E-1 7.72279E-1 7.73586E-1
5.9421E-1 6.00747E-1 6.03762E-1 6.07768E-1 6.16438E-1 6.26215E-1 6.27313E-1 6.3219E-1 6.36673E-1 6.4293E-1 6.48145E-1 6.5786E-1 6.61568E-1 6.7077E-1 6.74872E-1 6.80003E-1 6.82798E-1 6.84734E-1 6.77366E-1 6.83155E-1 6.86884E-1 6.9266E-1 7.01815E-1 7.13149E-1 7.17399E-1 7.13721E-1 7.14988E-1 7.18368E-1 7.18089E-1 7.24671E-1 7.35144E-1 7.4071E-1 7.46893E-1 7.60694E-1 7.65271E-1 7.71654E-1 7.76912E-1 7.76498E-1 7.67897E-1 7.7124E-1 7.75257E-1 7.81748E-1 7.852E-1 7.87194E-1 7.85534E-1 7.81553E-1 7.85869E-1 7.91704E-1 7.93272E-1 7.92139E-1 7.89336E-1 7.91558E-1 7.96105E-1 7.96923E-1 7.96499E-1 7.94369E-1 7.87492E-1 7.77652E-1 7.81101E-1 7.76181E-1 7.74724E-1
6.03863E-1 6.05871E-1 6.04309E-1 6.06993E-1 6.14168E-1 6.27728E-1 6.3194E-1 6.39112E-1 6.41434E-1 6.48167E-1 6.55882E-1 6.60517E-1 6.67223E-1 6.73696E-1 6.7966E-1 6.79347E-1 6.78344E-1 6.79477E-1 6.81671E-1 6.87123E-1 6.91302E-1 6.97405E-1 7.02296E-1 7.11975E-1 7.20049E-1 7.22503E-1 7.27762E-1 7.32508E-1 7.37998E-1 7.40631E-1 7.4585E-1 7.48345E-1 7.58998E-1 7.6728E-1 7.70713E-1 7.82092E-1 7.86047E-1 7.88757E-1 7.84884E-1 7.83095E-1 7.85515E-1 7.84802E-1 7.86156E-1 7.84508E-1 7.83427E-1 7.81025E-1 7.8142E-1 7.90579E-1 7.9487E-1 7.95629E-1 7.95083E-1 8.00292E-1 8.02032E-1 8.03905E-1 8.05507E-1 8.0247E-1 7.95095E-1 7.81756E-1 7.83603E-1 7.78104E-1 7.75677E-1
6.02793E-1 6.01344E-1 6.03331E-1 6.1276E-1 6.22361E-1 6.29683E-1 6.31498E-1 6.36642E-1 6.42443E-1 6.50379E-1 6.5518E-1 6.65507E-1 6.69192E-1 6.72174E-1 6.766E-1 6.74127E-1 6.74442E-1 6.77082E-1 6.82063E-1 6.88916E-1 6.95802E-1 6.99623E-1 7.08084E-1 7.17481E-1 7.26447E-1 7.36647E-1 7.46295E-1 7.49865E-1 7.51817E-1 7.57674E-1 7.61787E-1 7.60332E-1 7.60526E-1 7.65876E-1 7.78108E-1 7.88464E-1 7.91304E-1 7.91944E-1 7.91637E-1 7.92273E-1 7.89726E-1 7.8536E-1 7.85465E-1 7.84707E-1 7.84231E-1 7.84221E-1 7.82907E-1 7.91935E-1 7.98744E-1 8.02585E-1 8.02766E-1 8.06977E-1 8.07043E-1 8.12159E-1 8.15179E-1 8.0929E-1 8.01647E-1 7.86735E-1 7.77945E-1 7.71622E-1 7.70396E-1
6.11254E-1 6.07095E-1 6.07605E-1 6.12139E-1 6.18889E-1 6.24588E-1 6.30472E-1 6.37047E-1 6.43445E-1 6.49251E-1 6.59456E-1 6.68549E-1 6.71212E-1 6.74168E-1 6.78689E-1 6.73687E-1 6.73781E-1 6.78715E-1 6.84874E-1 6.93872E-1 7.02927E-1 7.09855E-1 7.17617E-1 7.2751E-1 7.37385E-1 7.46683E-1 7.54699E-1 7.60907E-1 7.65505E-1 7.73058E-1 7.75405E-1 7.72832E-1 7.72196E-1 7.7104E-1 7.85806E-1 7.96205E-1 7.93358E-1 7.92316E-1 7.94721E-1 7.89699E-1 7.91627E-1 7.91893E-1 7.88822E-1 7.8822E-1 7.89551E-1 7.9078E-1 7.9268E-1 7.99248E-1 8.04928E-1 8.09498E-1 8.09494E-1 8.11179E-1 8.10562E-1 8.16381E-1 8.16904E-1 8.1267E-1 8.01354E-1 7.87862E-1 7.79907E-1 7.75615E-1 7.73149E-1
6.14022E-1 6.0906E-1 6.16817E-1 6.23476E-1 6.23502E-1 6.27824E-1 6.33995E-1 6.40478E-1 6.47711E-1 6.57135E-1 6.62394E-1 6.69977E-1 6.74543E-1 6.79017E-1 6.84921E-1 6.80164E-1 6.82643E-1 6.86894E-1 6.91776E-1 7.032E-1 7.14899E-1 7.20397E-1 7.29086E-1 7.36038E-1 7.42214E-1 7.5235E-1 7.5997E-1 7.67989E-1 7.77088E-1 7.84019E-1 7.87278E-1 7.89883E-1 7.85631E-1 7.84792E-1 7.94611E-1 7.99053E-1 7.99786E-1 8.01093E-1 7.96701E-1 7.88284E-1 7.84842E-1 7.96377E-1 7.93423E-1 7.97136E-1 7.99921E-1 7.99971E-1 8.0287E-1 8.03735E-1 8.08141E-1 8.1245E-1 8.14266E-1 8.14245E-1 8.14871E-1 8.16289E-1 8.15727E-1 8.12923E-1 7.955E-1 7.88288E-1 7.86331E-1 7.80759E-1 7.77797E-1
6.30759E-1 6.26247E-1 6.30323E-1 6.37447E-1 6.38483E-1 6.4018E-1 6.43936E-1 6.4936E-1 6.54E-1 6.58704E-1 6.66672E-1 6.77198E-1 6.81155E-1 6.86136E-1 6.9188E-1 6.97903E-1 6.99594E-1 6.96786E-1 6.99089E-1 7.12212E-1 7.25804E-1 7.27315E-1 7.31397E-1 7.39932E-1 7.4336E-1 7.50166E-1 7.63872E-1 7.73348E-1 7.85554E-1 7.91784E-1 7.92282E-1 7.89999E-1 7.91304E-1 7.94723E-1 8.01377E-1 8.00685E-1 8.01269E-1 8.02998E-1 8.00641E-1 7.93847E-1 7.88097E-1 7.92645E-1 7.98136E-1 8.02708E-1 8.10206E-1 8.06368E-1 8.09856E-1 8.12537E-1 8.10899E-1 8.1304E-1 8.17219E-1 8.15763E-1 8.15732E-1 8.17828E-1 8.2015E-1 8.12778E-1 7.96383E-1 7.92297E-1 7.90972E-1 7.8672E-1 7.81583E-1
6.41995E-1 6.46335E-1 6.49921E-1 6.49796E-1 6.50478E-1 6.55766E-1 6.6339E-1 6.67007E-1 6.65346E-1 6.64278E-1 6.70734E-1 6.86273E-1 6.93033E-1 6.97868E-1 7.00978E-1 7.16013E-1 7.18988E-1 7.13567E-1 7.08705E-1 7.20173E-1 7.31168E-1 7.35359E-1 7.32327E-1 7.42476E-1 7.44741E-1 7.49913E-1 7.61702E-1 7.76947E-1 7.94391E-1 7.98411E-1 7.98238E-1 8.02976E-1 8.03055E-1 8.05572E-1 8.05137E-1 8.03957E-1 8.09579E-1 8.09509E-1 8.09642E-1 8.06989E-1 7.98748E-1 7.97166E-1 8.02279E-1 8.06887E-1 8.16105E-1 8.15357E-1 8.19374E-1 8.22542E-1 8.15328E-1 8.19613E-1 8.18747E-1 8.16667E-1 8.15926E-1 8.20752E-1 8.23662E-1 8.11234E-1 8.00672E-1 7.98226E-1 7.94682E-1 7.90725E-1 7.86379E-1
6.44448E-1 6.51114E-1 6.57413E-1 6.58979E-1 6.5554E-1 6.5807E-1 6.69644E-1 6.76743E-1 6.75596E-1 6.7325E-1 6.76257E-1 6.84488E-1 7.05534E-1 7.08409E-1 7.12054E-1 7.22242E-1 7.28709E-1 7.21759E-1 7.23668E-1 7.28945E-1 7.37061E-1 7.40777E-1 7.37569E-1 7.45063E-1 7.48739E-1 7.56606E-1 7.71426E-1 7.8816E-1 8.0016E-1 8.1197E-1 8.09513E-1 8.11847E-1 8.2035E-1 8.20657E-1 8.17993E-1 8.142E-1 8.13634E-1 8.1248E-1 8.12356E-1 8.11813E-1 8.04747E-1 8.05479E-1 8.16713E-1 8.13569E-1 8.19125E-1 8.23931E-1 8.25978E-1 8.24744E-1 8.21276E-1 8.2538E-1 8.22859E-1 8.215E-1 8.1894E-1 8.2306E-1 8.18139E-1 8.11903E-1 8.10038E-1 8.0208E-1 7.99037E-1 7.96325E-1 7.91111E-1
6.52765E-1 6.61719E-1 6.63837E-1 6.59728E-1 6.51112E-1 6.57767E-1 6.72486E-1 6.77499E-1 6.7369E-1 6.73306E-1 6.71401E-1 6.73694E-1 6.87839E-1 6.96728E-1 7.09089E-1 7.17003E-1 7.20621E-1 7.268E-1 7.3344E-1 7.37937E-1 7.44058E-1 7.45827E-1 7.4596E-1 7.5365E-1 7.62266E-1 7.68478E-1 7.80223E-1 7.95466E-1 8.09101E-1 8.11921E-1 8.16379E-1 8.16716E-1 8.1683E-1 8.21223E-1 8.2592E-1 8.15669E-1 8.10971E-1 8.1477E-1 8.11465E-1 8.10324E-1 8.07938E-1 8.12145E-1 8.20355E-1 8.26683E-1 8.26335E-1 8.28836E-1 8.27361E-1 8.25068E-1 8.26601E-1 8.28305E-1 8.24489E-1 8.24543E-1 8.23528E-1 8.18942E-1 8.16821E-1 8.16381E-1 8.15818E-1 8.11253E-1 8.04574E-1 8.00839E-1 7.97915E-1
6.51514E-1 6.68854E-1 6.62277E-1 6.50388E-1 6.46508E-1 6.55887E-1 6.64749E-1 6.64391E-1 6.65618E-1 6.63367E-1 6.6849E-1 6.67786E-1 6.77346E-1 6.8874E-1 7.04574E-1 7.14487E-1 7.18767E-1 7.27383E-1 7.38844E-1 7.48043E-1 7.5333E-1 7.51656E-1 7.54846E-1 7.62619E-1 7.74453E-1 7.82342E-1 7.87909E-1 7.98926E-1 8.11523E-1 8.15885E-1 8.1648E-1 8.13044E-1 8.11299E-1 8.15204E-1 8.21502E-1 8.08605E-1 8.09938E-1 8.09995E-1 8.1268E-1 8.13896E-1 8.12604E-1 8.17281E-1 8.25058E-1 8.30559E-1 8.31419E-1 8.38402E-1 8.33744E-1 8.29984E-1 8.32035E-1 8.31624E-1 8.28344E-1 8.28005E-1 8.19562E-1 8.20808E-1 8.18885E-1 8.22306E-1 8.28551E-1 8.10889E-1 8.08128E-1 8.08914E-1 8.05446E-1
6.50674E-1 6.57589E-1 6.52774E-1 6.48659E-1 6.51376E-1 6.53516E-1 6.51838E-1 6.53593E-1 6.62011E-1 6.63786E-1 6.67578E-1 6.70527E-1 6.79562E-1 6.91106E-1 7.02938E-1 7.09976E-1 7.16238E-1 7.27286E-1 7.416E-1 7.52754E-1 7.62531E-1 7.6325E-1 7.68338E-1 7.76216E-1 7.88261E-1 7.91235E-1 7.94685E-1 7.97749E-1 8.04905E-1 8.15749E-1 8.12446E-1 8.11163E-1 8.05442E-1 8.03002E-1 8.00942E-1 8.04433E-1 8.06896E-1 8.05991E-1 8.13195E-1 8.19971E-1 8.28069E-1 8.31211E-1 8.34161E-1 8.35175E-1 8.44302E-1 8.47827E-1 8.42243E-1 8.39273E-1 8.37603E-1 8.33454E-1 8.32607E-1 8.28627E-1 8.23992E-1 8.24076E-1 8.23774E-1 8.28295E-1 8.24739E-1 8.16513E-1 8.11668E-1 8.1361E-1 8.11745E-1
6.52102E-1 6.56545E-1 6.56145E-1 6.51917E-1 6.57931E-1 6.62996E-1 6.62438E-1 6.64543E-1 6.67783E-1 6.70154E-1 6.71219E-1 6.80612E-1 6.91499E-1 6.99741E-1 7.06227E-1 7.08542E-1 7.10324E-1 7.28727E-1 7.5082E-1 7.62176E-1 7.67595E-1 7.73543E-1 7.79433E-1 7.84658E-1 7.93274E-1 7.94225E-1 7.96247E-1 7.98198E-1 8.02158E-1 8.04628E-1 8.09338E-1 8.08345E-1 8.02503E-1 7.96526E-1 7.93806E-1 7.9878E-1 8.06867E-1 8.08689E-1 8.13706E-1 8.28277E-1 8.36196E-1 8.36899E-1 8.38671E-1 8.40389E-1 8.4721E-1 8.53258E-1 8.50834E-1 8.47642E-1 8.44789E-1 8.41518E-1 8.37792E-1 8.3071E-1 8.30312E-1 8.29995E-1 8.30396E-1 8.31965E-1 8.27063E-1 8.21612E-1 8.2116E-1 8.20302E-1 8.17032E-1
6.53693E-1 6.62092E-1 6.63548E-1 6.58708E-1 6.63938E-1 6.7257E-1 6.74796E-1 6.75421E-1 6.78628E-1 6.83226E-1 6.8547E-1 6.93865E-1 7.0821E-1 7.12817E-1 7.14694E-1 7.13833E-1 7.15144E-1 7.33739E-1 7.56972E-1 7.67813E-1 7.7468E-1 7.81022E-1 7.85748E-1 7.88698E-1 7.93377E-1 7.99072E-1 7.99221E-1 8.00613E-1 8.01259E-1 8.01843E-1 8.03898E-1 8.03771E-1 8.02662E-1 8.03819E-1 7.94715E-1 8.00583E-1 8.09111E-1 8.18898E-1 8.27292E-1 8.31534E-1 8.36034E-1 8.42577E-1 8.44657E-1 8.47251E-1 8.47141E-1 8.55875E-1 8.63415E-1 8.59016E-1 8.53399E-1 8.48822E-1 8.40536E-1 8.3818E-1 8.37424E-1 8.38582E-1 8.38973E-1 8.38291E-1 8.37721E-1 8.33146E-1 8.28028E-1 8.2558E-1 8.25106E-1
6.50811E-1 6.61167E-1 6.64648E-1 6.69076E-1 6.70256E-1 6.7767E-1 6.81924E-1 6.83857E-1 6.86052E-1 6.93015E-1 7.00896E-1 7.08813E-1 7.14408E-1 7.22972E-1 7.2538E-1 7.23458E-1 7.288E-1 7.46605E-1 7.64016E-1 7.7374E-1 7.80024E-1 7.89563E-1 7.95007E-1 7.9748E-1 7.99577E-1 8.02364E-1 8.04279E-1 8.05027E-1 8.04619E-1 8.05177E-1 8.05793E-1 8.05285E-1 8.05756E-1 8.09794E-1 8.14914E-1 8.0798E-1 8.15605E-1 8.19683E-1 8.2928E-1 8.31596E-1 8.35474E-1 8.4683E-1 8.52817E-1 8.51351E-1 8.54419E-1 8.58977E-1 8.70638E-1 8.69455E-1 8.66923E-1 8.55966E-1 8.45009E-1 8.41969E-1 8.41637E-1 8.43227E-1 8.45671E-1 8.46076E-1 8.46631E-1 8.38925E-1 8.36311E-1 8.37071E-1 8.38377E-1
6.61901E-1 6.64392E-1 6.70121E-1 6.77123E-1 6.82094E-1 6.83576E-1 6.78064E-1 6.83872E-1 6.90155E-1 6.99017E-1 7.06018E-1 7.12195E-1 7.21605E-1 7.34989E-1 7.38987E-1 7.34742E-1 7.39864E-1 7.53527E-1 7.6854E-1 7.79876E-1 7.88829E-1 7.96331E-1 8.03505E-1 8.04424E-1 8.06003E-1 8.09475E-1 8.11123E-1 8.09053E-1 8.11218E-1 8.11223E-1 8.11284E-1 8.11008E-1 8.08502E-1 8.14982E-1 8.35971E-1 8.22619E-1 8.18686E-1 8.20081E-1 8.27848E-1 8.41122E-1 8.50286E-1 8.56358E-1 8.61046E-1 8.62026E-1 8.68313E-1 8.71355E-1 8.7708E-1 8.7978E-1 8.76017E-1 8.59218E-1 8.50432E-1 8.48847E-1 8.52007E-1 8.52684E-1 8.55554E-1 8.56642E-1 8.57505E-1 8.54078E-1 8.52826E-1 8.54642E-1 8.53865E-1
