maxent_outputs/white_flowers_troch_bombus_environ/white_207.asc
ncols         426
nrows         180
xllcorner     -130.0
yllcorner     24.0
cellsize      0.16666666666666666
NODATA_value  -9999
[rows 54 to 80 of 180, columns 122 to 182 of 426]
6.84426E-1 7.1905E-1 4.60284E-1 3.77296E-1 3.97143E-1 3.7252E-1 3.422E-1 3.42781E-1 3.57144E-1 4.55696E-1 6.21556E-1 6.36177E-1 5.93416E-1 5.12109E-1 3.94458E-1 3.68703E-1 3.37374E-1 3.65569E-1 3.77669E-1 3.64727E-1 3.5622E-1 3.44347E-1 3.37553E-1 3.47669E-1 3.54518E-1 3.47677E-1 3.46866E-1 3.47238E-1 3.47581E-1 3.45999E-1 3.67451E-1 3.68954E-1 3.74001E-1 3.63623E-1 3.62157E-1 3.75069E-1 4.05965E-1 4.13021E-1 3.90641E-1 3.4721E-1 3.20718E-1 3.07342E-1 3.04694E-1 3.10494E-1 3.08303E-1 3.10872E-1 3.11598E-1 3.15141E-1 3.17582E-1 3.20868E-1 3.22495E-1 3.16851E-1 3.10605E-1 3.16632E-1 3.1667E-1 3.38897E-1 3.1938E-1 3.24655E-1 3.22495E-1 3.16898E-1 3.17221E-1
6.60202E-1 5.99562E-1 4.79028E-1 4.37765E-1 4.15978E-1 3.85088E-1 3.50841E-1 3.53936E-1 3.6243E-1 3.77944E-1 5.13847E-1 6.58251E-1 6.76773E-1 6.56794E-1 5.30805E-1 3.88039E-1 3.59237E-1 3.64608E-1 3.86698E-1 3.73532E-1 3.45467E-1 3.39532E-1 3.48919E-1 3.45906E-1 3.44279E-1 3.42536E-1 3.45941E-1 3.506E-1 3.56295E-1 3.77514E-1 3.72147E-1 3.92461E-1 3.84498E-1 3.69321E-1 3.68079E-1 3.91511E-1 4.1375E-1 4.57598E-1 4.05989E-1 3.63071E-1 3.36045E-1 3.33183E-1 3.19129E-1 3.0819E-1 3.06343E-1 3.05544E-1 3.11094E-1 3.09061E-1 3.08446E-1 3.09619E-1 3.07719E-1 3.15984E-1 3.27314E-1 3.48748E-1 3.67518E-1 3.23948E-1 3.17674E-1 3.1939E-1 3.17875E-1 3.14237E-1 3.15889E-1
7.15647E-1 6.37758E-1 5.5015E-1 4.4529E-1 4.18346E-1 4.03622E-1 3.66828E-1 3.5666E-1 3.3765E-1 3.40541E-1 3.63513E-1 4.42003E-1 5.85506E-1 6.86026E-1 6.78982E-1 5.6914E-1 4.80225E-1 3.86947E-1 3.75101E-1 3.60266E-1 3.61539E-1 3.47089E-1 3.48648E-1 3.53477E-1 3.45473E-1 3.58425E-1 3.4885E-1 3.60117E-1 3.55435E-1 3.60478E-1 3.93928E-1 4.46501E-1 3.95047E-1 3.77881E-1 3.74665E-1 3.86017E-1 4.16289E-1 4.34475E-1 4.02982E-1 3.61911E-1 3.37986E-1 3.31298E-1 3.33016E-1 3.3048E-1 3.25982E-1 3.2194E-1 3.21014E-1 3.20204E-1 3.14471E-1 3.16712E-1 3.27318E-1 3.23192E-1 3.21432E-1 3.27214E-1 3.61201E-1 3.22723E-1 3.14307E-1 3.15891E-1 3.10826E-1 3.14928E-1 3.24497E-1
6.44637E-1 5.44282E-1 5.00716E-1 4.51399E-1 4.15974E-1 3.91961E-1 3.82765E-1 3.62007E-1 3.33994E-1 3.22809E-1 3.32144E-1 3.87422E-1 4.89283E-1 6.34941E-1 7.36412E-1 7.29226E-1 5.53178E-1 3.94983E-1 3.75061E-1 3.57687E-1 3.51886E-1 3.52057E-1 3.58477E-1 3.53741E-1 3.53387E-1 3.55448E-1 3.64114E-1 3.53326E-1 3.51496E-1 3.5884E-1 3.89566E-1 4.04833E-1 3.82963E-1 4.63423E-1 4.7629E-1 4.57546E-1 4.36756E-1 3.92965E-1 3.80291E-1 3.6133E-1 3.45992E-1 3.25827E-1 3.19317E-1 3.20803E-1 3.25362E-1 3.29595E-1 3.29581E-1 3.28089E-1 3.21335E-1 3.27363E-1 3.30978E-1 3.12112E-1 3.14285E-1 3.15242E-1 3.29469E-1 3.28192E-1 3.1498E-1 3.14433E-1 3.10341E-1 3.18347E-1 3.31418E-1
6.71437E-1 6.36121E-1 6.62933E-1 4.78679E-1 4.07776E-1 3.92389E-1 3.83453E-1 3.65033E-1 3.50762E-1 3.29178E-1 3.21238E-1 3.40739E-1 3.88893E-1 5.00144E-1 6.52747E-1 7.16849E-1 5.84305E-1 4.1887E-1 3.7006E-1 3.5449E-1 3.57556E-1 3.46107E-1 3.53718E-1 3.62696E-1 3.66558E-1 3.61236E-1 3.66825E-1 3.52102E-1 3.53295E-1 3.46614E-1 3.5437E-1 3.70172E-1 4.18481E-1 4.66848E-1 5.00922E-1 4.96246E-1 4.59567E-1 4.1458E-1 3.64989E-1 3.60062E-1 3.52067E-1 3.39956E-1 3.31774E-1 3.21133E-1 3.39868E-1 3.34072E-1 3.32675E-1 3.25193E-1 3.23093E-1 3.19361E-1 3.12623E-1 3.11138E-1 3.13892E-1 3.13799E-1 3.15753E-1 3.18057E-1 3.22157E-1 3.27654E-1 3.26511E-1 3.26449E-1 3.34243E-1
7.04014E-1 6.94472E-1 5.8797E-1 4.57975E-1 4.3306E-1 3.9885E-1 3.79338E-1 3.59377E-1 3.29735E-1 3.2487E-1 3.21426E-1 3.34251E-1 3.49385E-1 3.94228E-1 5.26875E-1 6.092E-1 5.67043E-1 3.95186E-1 3.56685E-1 3.5651E-1 3.53092E-1 3.54535E-1 3.57806E-1 3.695E-1 3.60205E-1 3.54589E-1 3.65226E-1 3.59134E-1 3.635E-1 3.6206E-1 3.52087E-1 3.77167E-1 4.20325E-1 4.54585E-1 4.98525E-1 4.79567E-1 4.50602E-1 4.22909E-1 3.64262E-1 3.52673E-1 3.53065E-1 3.46703E-1 3.37809E-1 3.27633E-1 3.3458E-1 3.26661E-1 3.22625E-1 3.15215E-1 3.1005E-1 3.06936E-1 3.1188E-1 3.13443E-1 3.18022E-1 3.19723E-1 3.26211E-1 3.26628E-1 3.30618E-1 3.25934E-1 3.30373E-1 3.34148E-1 3.49545E-1
7.61602E-1 7.63787E-1 7.33014E-1 5.82307E-1 4.94795E-1 4.31E-1 3.84569E-1 3.73651E-1 3.57283E-1 3.33031E-1 3.21249E-1 3.35153E-1 3.62115E-1 3.51088E-1 4.29143E-1 5.30313E-1 5.28844E-1 4.02924E-1 3.70295E-1 3.56665E-1 3.50952E-1 3.65814E-1 3.74788E-1 3.74423E-1 3.60413E-1 3.60309E-1 3.68665E-1 3.75281E-1 3.61516E-1 3.60385E-1 3.49377E-1 3.5315E-1 4.05734E-1 4.38593E-1 4.58033E-1 4.84027E-1 4.58244E-1 4.36431E-1 3.7037E-1 3.45201E-1 3.37745E-1 3.24802E-1 3.24739E-1 3.2948E-1 3.41495E-1 3.19879E-1 3.13269E-1 3.12517E-1 3.1703E-1 3.22465E-1 3.23107E-1 3.22601E-1 3.23137E-1 3.31961E-1 3.36325E-1 3.36113E-1 3.34786E-1 3.30638E-1 3.26353E-1 3.28331E-1 3.31344E-1
6.5435E-1 6.73471E-1 7.22267E-1 6.63198E-1 4.95892E-1 4.03684E-1 3.80952E-1 3.59713E-1 3.38182E-1 3.39303E-1 3.39371E-1 3.4376E-1 3.65859E-1 3.60717E-1 4.21577E-1 5.12133E-1 4.5364E-1 3.85246E-1 3.60346E-1 3.57535E-1 3.61033E-1 3.70125E-1 3.85329E-1 3.82074E-1 3.70921E-1 3.66406E-1 3.64234E-1 3.56923E-1 3.47623E-1 3.43022E-1 3.41885E-1 3.41868E-1 3.48422E-1 3.87837E-1 4.173E-1 4.53703E-1 4.44962E-1 4.18543E-1 3.56188E-1 3.38326E-1 3.2821E-1 3.22908E-1 3.3674E-1 3.30144E-1 3.1625E-1 3.18798E-1 3.27782E-1 3.16705E-1 3.17238E-1 3.2005E-1 3.21373E-1 3.23977E-1 3.21022E-1 3.25696E-1 3.32864E-1 3.29072E-1 3.26481E-1 3.2744E-1 3.32244E-1 3.35407E-1 3.38359E-1
5.30976E-1 5.0009E-1 6.0096E-1 5.34504E-1 4.63119E-1 4.80929E-1 4.52565E-1 3.93707E-1 3.82757E-1 4.00028E-1 4.00348E-1 4.10436E-1 4.12806E-1 4.31242E-1 4.87125E-1 5.23895E-1 4.24643E-1 3.78566E-1 3.72258E-1 3.702E-1 3.81907E-1 3.88125E-1 3.81527E-1 3.76554E-1 3.67635E-1 3.60448E-1 3.65716E-1 3.70291E-1 3.4341E-1 3.32245E-1 3.34183E-1 3.4336E-1 3.38867E-1 3.54037E-1 3.80392E-1 4.05122E-1 4.20043E-1 3.83205E-1 3.47854E-1 3.30698E-1 3.28175E-1 3.35233E-1 3.23955E-1 3.13532E-1 3.24783E-1 3.36267E-1 3.39026E-1 3.35532E-1 3.35642E-1 3.28356E-1 3.29875E-1 3.27222E-1 3.23889E-1 3.35657E-1 3.45221E-1 3.3849E-1 3.37169E-1 3.3816E-1 3.39824E-1 3.48037E-1 3.47574E-1
6.68172E-1 4.98479E-1 4.66376E-1 4.43477E-1 4.20311E-1 3.82509E-1 3.6815E-1 3.70004E-1 3.86551E-1 4.11072E-1 4.32945E-1 3.84343E-1 4.06946E-1 4.684E-1 5.34088E-1 4.77947E-1 4.18687E-1 3.8826E-1 3.77417E-1 3.80733E-1 3.72956E-1 4.00422E-1 3.86868E-1 3.75606E-1 3.70044E-1 3.61236E-1 3.58275E-1 3.5434E-1 3.54391E-1 3.53811E-1 3.44707E-1 3.36706E-1 3.33041E-1 3.37402E-1 3.4886E-1 3.71733E-1 3.76444E-1 3.59668E-1 3.38185E-1 3.2987E-1 3.22763E-1 3.12307E-1 3.06303E-1 3.25462E-1 3.36107E-1 3.41071E-1 3.39907E-1 3.32255E-1 3.37163E-1 3.29147E-1 3.35139E-1 3.34583E-1 3.33501E-1 3.48559E-1 3.50396E-1 3.49744E-1 3.47106E-1 3.53973E-1 3.54717E-1 3.57347E-1 3.58327E-1
7.97151E-1 6.73194E-1 4.80498E-1 4.1769E-1 3.85066E-1 3.61778E-1 3.59118E-1 3.37465E-1 3.30674E-1 3.39096E-1 3.5175E-1 3.67999E-1 3.80101E-1 4.01615E-1 4.21981E-1 4.18938E-1 3.96519E-1 3.86323E-1 3.84027E-1 3.87257E-1 3.87573E-1 3.95685E-1 4.05004E-1 3.88937E-1 3.77136E-1 3.68151E-1 3.56798E-1 3.57694E-1 3.54266E-1 3.46604E-1 3.39689E-1 3.34599E-1 3.41301E-1 3.49583E-1 3.36534E-1 3.4114E-1 3.38868E-1 3.42074E-1 3.36099E-1 3.2909E-1 3.14281E-1 3.16489E-1 3.34968E-1 3.337E-1 3.34229E-1 3.3499E-1 3.34361E-1 3.40057E-1 3.28545E-1 3.24692E-1 3.40227E-1 3.44883E-1 3.50491E-1 3.50941E-1 3.45542E-1 3.44581E-1 3.55193E-1 3.5986E-1 3.62044E-1 3.67378E-1 3.65814E-1
8.12409E-1 7.15182E-1 6.60679E-1 4.47581E-1 3.75805E-1 3.52575E-1 3.40062E-1 3.33287E-1 3.35875E-1 3.41717E-1 3.52513E-1 3.76694E-1 3.97111E-1 4.0869E-1 4.08018E-1 3.99438E-1 3.88701E-1 3.87086E-1 3.79343E-1 3.9035E-1 3.91935E-1 3.94748E-1 4.04205E-1 3.96843E-1 3.90178E-1 3.84521E-1 3.69882E-1 3.60102E-1 3.52989E-1 3.53948E-1 3.47482E-1 3.48831E-1 3.57818E-1 3.48748E-1 3.43187E-1 3.34329E-1 3.28994E-1 3.4394E-1 3.38067E-1 3.36334E-1 3.26508E-1 3.30307E-1 3.32045E-1 3.3147E-1 3.29944E-1 3.33004E-1 3.34036E-1 3.38152E-1 3.40178E-1 3.38802E-1 3.37827E-1 3.40609E-1 3.43213E-1 3.44903E-1 3.44297E-1 3.49695E-1 3.51388E-1 3.54753E-1 3.57129E-1 3.64326E-1 3.64665E-1
6.28403E-1 7.41192E-1 7.34902E-1 6.2636E-1 4.22002E-1 3.50141E-1 3.38377E-1 3.38295E-1 3.48001E-1 3.69041E-1 3.78167E-1 3.96367E-1 4.16863E-1 4.38143E-1 4.16156E-1 4.06613E-1 4.06635E-1 3.9521E-1 3.93984E-1 3.96514E-1 3.94093E-1 3.82014E-1 3.80446E-1 3.8138E-1 3.70758E-1 3.79898E-1 3.77936E-1 3.76558E-1 3.75745E-1 3.72139E-1 3.78285E-1 3.72911E-1 3.70291E-1 3.5831E-1 3.39454E-1 3.29142E-1 3.38083E-1 3.43813E-1 3.33904E-1 3.23255E-1 3.216E-1 3.40545E-1 3.43481E-1 3.44601E-1 3.40345E-1 3.36961E-1 3.41343E-1 3.39761E-1 3.41541E-1 3.43899E-1 3.45185E-1 3.50083E-1 3.46574E-1 3.44146E-1 3.43249E-1 3.49048E-1 3.56667E-1 3.64364E-1 3.67316E-1 3.67707E-1 3.66023E-1
4.36276E-1 5.95475E-1 7.03319E-1 7.20258E-1 6.25341E-1 4.31082E-1 3.65284E-1 3.68E-1 3.81493E-1 4.09374E-1 4.07196E-1 4.08372E-1 4.10313E-1 4.33267E-1 4.51576E-1 4.3443E-1 4.22744E-1 4.0968E-1 3.96788E-1 4.39366E-1 4.80011E-1 4.23084E-1 4.40015E-1 4.24132E-1 3.98828E-1 3.75788E-1 3.66249E-1 3.6385E-1 3.64633E-1 3.75305E-1 4.01413E-1 3.80377E-1 3.67063E-1 3.6087E-1 3.58424E-1 3.56402E-1 3.59374E-1 3.48859E-1 3.46936E-1 3.51531E-1 3.63076E-1 3.51402E-1 3.41787E-1 3.38515E-1 3.34682E-1 3.35782E-1 3.38426E-1 3.43122E-1 3.47952E-1 3.50562E-1 3.48851E-1 3.43475E-1 3.45779E-1 3.4642E-1 3.45468E-1 3.56467E-1 3.61875E-1 3.62962E-1 3.72184E-1 3.73202E-1 3.72431E-1
3.95201E-1 4.20389E-1 5.30136E-1 6.15458E-1 6.67431E-1 5.62315E-1 4.5059E-1 4.1314E-1 4.01369E-1 3.9067E-1 4.01072E-1 3.98802E-1 3.99867E-1 4.07576E-1 4.13576E-1 4.04679E-1 3.98223E-1 4.16024E-1 4.01814E-1 4.2311E-1 4.87236E-1 5.09148E-1 5.31742E-1 4.87657E-1 4.32192E-1 3.9275E-1 3.78523E-1 3.70062E-1 3.62252E-1 3.73733E-1 4.01004E-1 3.72213E-1 3.59107E-1 3.46781E-1 3.37448E-1 3.4404E-1 3.519E-1 3.54003E-1 3.57151E-1 3.55794E-1 3.50234E-1 3.4227E-1 3.36836E-1 3.44573E-1 3.45015E-1 3.47682E-1 3.50269E-1 3.54748E-1 3.57222E-1 3.58397E-1 3.59617E-1 3.57644E-1 3.59937E-1 3.52619E-1 3.53284E-1 3.57906E-1 3.59451E-1 3.67456E-1 3.66486E-1 3.68414E-1 3.62817E-1
3.77203E-1 3.79235E-1 3.98257E-1 4.2944E-1 4.67115E-1 4.74784E-1 4.64813E-1 4.48454E-1 4.14765E-1 4.24688E-1 4.35854E-1 4.49872E-1 4.28818E-1 4.12241E-1 4.18446E-1 4.13279E-1 4.24621E-1 4.4168E-1 4.59934E-1 4.6091E-1 4.54841E-1 4.48429E-1 5.19742E-1 5.46819E-1 5.1895E-1 4.56018E-1 4.20113E-1 3.8684E-1 3.79659E-1 3.75964E-1 3.69419E-1 3.445E-1 3.40495E-1 3.39565E-1 3.33735E-1 3.34578E-1 3.38888E-1 3.3918E-1 3.41333E-1 3.41465E-1 3.40854E-1 3.33325E-1 3.41436E-1 3.43246E-1 3.52434E-1 3.54233E-1 3.55042E-1 3.56642E-1 3.58038E-1 3.57348E-1 3.58742E-1 3.57146E-1 3.55835E-1 3.51843E-1 3.56232E-1 3.54177E-1 3.58993E-1 3.66495E-1 3.74573E-1 3.74432E-1 3.66699E-1
3.62327E-1 3.71268E-1 3.64854E-1 3.91596E-1 4.32908E-1 4.5558E-1 4.30186E-1 4.14359E-1 4.15661E-1 4.04532E-1 4.05709E-1 4.27358E-1 4.74965E-1 4.37191E-1 4.89824E-1 4.54363E-1 4.43913E-1 4.64553E-1 5.2651E-1 4.93484E-1 4.51816E-1 4.35028E-1 4.36515E-1 4.79338E-1 5.24331E-1 5.06608E-1 4.30012E-1 3.86198E-1 3.71895E-1 3.71845E-1 3.62302E-1 3.55586E-1 3.41744E-1 3.37112E-1 3.41495E-1 3.50775E-1 3.50071E-1 3.40226E-1 3.33536E-1 3.38445E-1 3.40424E-1 3.34088E-1 3.37437E-1 3.38743E-1 3.46745E-1 3.50678E-1 3.47296E-1 3.49889E-1 3.54624E-1 3.57501E-1 3.56573E-1 3.56471E-1 3.58124E-1 3.53941E-1 3.52803E-1 3.47068E-1 3.48799E-1 3.59998E-1 3.64929E-1 3.67161E-1 3.65114E-1
3.78776E-1 3.91559E-1 3.93017E-1 4.47634E-1 4.5964E-1 4.37193E-1 4.01562E-1 3.91667E-1 3.82889E-1 3.82492E-1 3.9143E-1 4.06674E-1 4.2171E-1 4.15465E-1 4.1647E-1 4.50157E-1 4.47659E-1 4.57738E-1 5.09751E-1 4.84614E-1 4.82033E-1 4.47718E-1 4.40593E-1 4.51608E-1 4.85586E-1 4.89639E-1 4.33713E-1 3.87886E-1 3.81749E-1 3.87826E-1 3.78027E-1 3.55817E-1 3.44728E-1 3.37744E-1 3.35473E-1 3.39548E-1 3.50701E-1 3.48766E-1 3.37148E-1 3.32334E-1 3.33848E-1 3.36757E-1 3.38659E-1 3.33755E-1 3.41658E-1 3.49692E-1 3.51703E-1 3.49657E-1 3.59058E-1 3.65299E-1 3.63686E-1 3.58521E-1 3.53157E-1 3.50693E-1 3.54535E-1 3.52368E-1 3.45534E-1 3.48677E-1 3.58258E-1 3.60795E-1 3.55174E-1
3.85006E-1 3.9396E-1 4.14839E-1 4.34966E-1 4.48097E-1 4.19408E-1 4.04844E-1 3.91567E-1 3.96882E-1 4.04884E-1 4.194E-1 4.31836E-1 4.30162E-1 4.43131E-1 4.53394E-1 4.55896E-1 4.35855E-1 4.37199E-1 4.64082E-1 4.70462E-1 4.65687E-1 4.61769E-1 4.47177E-1 4.46815E-1 4.72562E-1 4.72788E-1 4.34491E-1 4.09019E-1 4.02149E-1 3.95286E-1 3.74446E-1 3.57981E-1 3.47543E-1 3.39923E-1 3.37374E-1 3.39546E-1 3.39005E-1 3.45782E-1 3.52648E-1 3.52493E-1 3.46273E-1 3.38713E-1 3.35785E-1 3.31949E-1 3.41375E-1 3.51037E-1 3.61622E-1 3.64782E-1 3.74758E-1 3.75031E-1 3.71597E-1 3.60574E-1 3.53856E-1 3.5138E-1 3.5557E-1 3.59637E-1 3.58392E-1 3.55785E-1 3.54411E-1 3.51448E-1 3.50636E-1
3.92564E-1 4.03532E-1 4.14241E-1 4.215E-1 4.38912E-1 4.28241E-1 4.33392E-1 4.12312E-1 4.13605E-1 4.07874E-1 4.31569E-1 4.58304E-1 4.53842E-1 4.58421E-1 4.7968E-1 4.53382E-1 4.44035E-1 4.51854E-1 5.02053E-1 5.28452E-1 5.12597E-1 5.02059E-1 4.73818E-1 4.52432E-1 4.58864E-1 4.71086E-1 4.52587E-1 4.48562E-1 4.19732E-1 4.04723E-1 3.95189E-1 3.78423E-1 3.70609E-1 3.65556E-1 3.58217E-1 3.70791E-1 3.62191E-1 3.50496E-1 3.38517E-1 3.42637E-1 3.49204E-1 3.45109E-1 3.33025E-1 3.28632E-1 3.36225E-1 3.53104E-1 3.7333E-1 3.9124E-1 3.97448E-1 3.82853E-1 3.69456E-1 3.59793E-1 3.50998E-1 3.49946E-1 3.52664E-1 3.57682E-1 3.59611E-1 3.53704E-1 3.52355E-1 3.52472E-1 3.52986E-1
3.97209E-1 4.17102E-1 4.16615E-1 4.08452E-1 4.21363E-1 4.30414E-1 4.30755E-1 4.31493E-1 4.4238E-1 4.29072E-1 4.18925E-1 4.51873E-1 4.7467E-1 5.39728E-1 4.99327E-1 4.72989E-1 4.54166E-1 4.44934E-1 5.75929E-1 5.82388E-1 6.31296E-1 5.50934E-1 4.8296E-1 4.53939E-1 4.59126E-1 5.07691E-1 4.77614E-1 4.51316E-1 4.31694E-1 4.13722E-1 4.03236E-1 3.89729E-1 3.78217E-1 3.74852E-1 3.75362E-1 3.68885E-1 3.67969E-1 3.6352E-1 3.5646E-1 3.43537E-1 3.31027E-1 3.33816E-1 3.37618E-1 3.36231E-1 3.39591E-1 3.54819E-1 3.80731E-1 4.08108E-1 4.08679E-1 3.83629E-1 3.60599E-1 3.45527E-1 3.3434E-1 3.40346E-1 3.4688E-1 3.496E-1 3.53888E-1 3.52929E-1 3.47599E-1 3.49764E-1 3.51441E-1
3.95929E-1 4.12601E-1 4.30092E-1 4.67139E-1 4.38634E-1 4.45556E-1 4.60923E-1 4.35825E-1 4.36481E-1 4.31404E-1 4.21629E-1 4.37968E-1 4.59288E-1 5.37279E-1 5.49942E-1 5.37447E-1 4.8382E-1 4.72614E-1 5.88312E-1 7.24181E-1 7.68763E-1 6.39898E-1 5.10158E-1 4.67435E-1 4.52193E-1 5.14523E-1 4.89236E-1 4.59808E-1 4.44009E-1 4.23497E-1 4.08955E-1 4.09183E-1 4.05296E-1 3.96008E-1 3.7945E-1 3.7237E-1 3.71481E-1 3.70429E-1 3.64586E-1 3.5928E-1 3.52713E-1 3.47886E-1 3.37982E-1 3.33651E-1 3.35476E-1 3.46367E-1 3.63451E-1 3.82488E-1 3.84104E-1 3.70035E-1 3.53674E-1 3.36765E-1 3.33294E-1 3.35994E-1 3.38669E-1 3.43645E-1 3.49039E-1 3.46836E-1 3.48647E-1 3.42756E-1 3.4739E-1
4.15341E-1 4.24438E-1 4.59317E-1 4.73435E-1 4.55099E-1 4.60171E-1 4.70496E-1 4.37914E-1 4.25983E-1 4.2223E-1 4.48276E-1 4.40045E-1 4.60772E-1 5.17962E-1 5.79248E-1 7.24608E-1 6.15615E-1 5.2143E-1 5.46431E-1 6.84748E-1 7.49559E-1 6.26784E-1 5.42572E-1 4.85563E-1 4.68135E-1 5.37771E-1 5.04947E-1 4.55882E-1 4.43926E-1 4.25788E-1 4.10825E-1 4.04865E-1 3.93039E-1 3.7958E-1 3.73847E-1 3.7139E-1 3.64948E-1 3.58086E-1 3.54452E-1 3.46742E-1 3.46748E-1 3.44883E-1 3.43167E-1 3.38622E-1 3.35691E-1 3.38997E-1 3.502E-1 3.59807E-1 3.42324E-1 3.43256E-1 3.38464E-1 3.31776E-1 3.29495E-1 3.35075E-1 3.38172E-1 3.39226E-1 3.45379E-1 3.4945E-1 3.44688E-1 3.40792E-1 3.43222E-1
4.43229E-1 4.45978E-1 4.89505E-1 4.87804E-1 5.0235E-1 4.5279E-1 4.49646E-1 4.38765E-1 4.41281E-1 4.42182E-1 4.28173E-1 4.38847E-1 4.49754E-1 4.95061E-1 5.74916E-1 6.48957E-1 7.3017E-1 7.20359E-1 6.55138E-1 6.14178E-1 7.12347E-1 6.65389E-1 5.55232E-1 5.15145E-1 5.21207E-1 5.17424E-1 5.0414E-1 4.72944E-1 4.497E-1 4.32833E-1 4.15568E-1 3.9804E-1 3.89314E-1 3.7895E-1 3.80282E-1 3.73692E-1 3.67851E-1 3.62555E-1 3.55758E-1 3.4991E-1 3.48225E-1 3.51934E-1 3.47752E-1 3.36184E-1 3.27557E-1 3.28365E-1 3.26787E-1 3.23607E-1 3.26224E-1 3.28452E-1 3.28244E-1 3.35592E-1 3.33883E-1 3.42104E-1 3.44357E-1 3.37582E-1 3.4042E-1 3.4173E-1 3.45555E-1 3.41136E-1 3.37288E-1
5.13173E-1 4.95091E-1 4.75036E-1 4.76779E-1 5.11697E-1 4.6239E-1 4.383E-1 4.44954E-1 4.40151E-1 4.22587E-1 4.39839E-1 4.47401E-1 4.55518E-1 5.75085E-1 5.95151E-1 6.36583E-1 7.06464E-1 7.69214E-1 7.51893E-1 6.5378E-1 6.68654E-1 7.23782E-1 6.26778E-1 6.75125E-1 6.23096E-1 5.30091E-1 4.84648E-1 4.5948E-1 4.30016E-1 4.20233E-1 4.06844E-1 3.83144E-1 3.70859E-1 3.78755E-1 3.78281E-1 3.76273E-1 3.61832E-1 3.47966E-1 3.5617E-1 3.50858E-1 3.49271E-1 3.44114E-1 3.40996E-1 3.37342E-1 3.30715E-1 3.30307E-1 3.29025E-1 3.27877E-1 3.28624E-1 3.32443E-1 3.30181E-1 3.35048E-1 3.37631E-1 3.41251E-1 3.54651E-1 3.55533E-1 3.44039E-1 3.34917E-1 3.33746E-1 3.38753E-1 3.39617E-1
6.31882E-1 5.4274E-1 4.94846E-1 5.03724E-1 4.54287E-1 4.42097E-1 4.51709E-1 4.10946E-1 4.21251E-1 4.30913E-1 4.58736E-1 4.76914E-1 4.76378E-1 6.32948E-1 6.77384E-1 6.98213E-1 6.56713E-1 7.19928E-1 7.44193E-1 6.354E-1 6.15689E-1 6.52504E-1 7.55585E-1 7.4179E-1 6.25749E-1 5.41528E-1 4.73837E-1 4.25182E-1 4.055E-1 3.86988E-1 3.83416E-1 3.76299E-1 3.59989E-1 3.66514E-1 3.58495E-1 3.50575E-1 3.37094E-1 3.32115E-1 3.324E-1 3.33813E-1 3.44162E-1 3.47381E-1 3.43645E-1 3.39152E-1 3.33161E-1 3.26921E-1 3.27894E-1 3.31113E-1 3.31249E-1 3.28179E-1 3.35188E-1 3.37727E-1 3.37462E-1 3.40868E-1 3.38518E-1 3.4135E-1 3.42058E-1 3.42308E-1 3.41872E-1 3.41413E-1 3.40894E-1
4.59765E-1 3.99532E-1 4.1016E-1 4.50872E-1 4.89369E-1 4.73656E-1 4.6079E-1 4.25931E-1 4.17525E-1 4.20903E-1 4.39157E-1 4.53643E-1 4.59144E-1 4.6423E-1 5.11262E-1 5.98437E-1 5.61779E-1 7.34142E-1 7.25123E-1 6.40446E-1 6.25294E-1 6.59295E-1 7.62073E-1 7.78058E-1 7.30739E-1 6.41402E-1 5.14128E-1 4.07759E-1 3.89289E-1 3.82624E-1 3.75113E-1 3.58779E-1 3.59192E-1 3.54747E-1 3.48563E-1 3.41533E-1 3.36875E-1 3.27517E-1 3.25096E-1 3.40278E-1 3.45165E-1 3.42145E-1 3.39341E-1 3.38945E-1 3.36805E-1 3.33657E-1 3.29852E-1 3.30274E-1 3.3541E-1 3.34703E-1 3.35729E-1 3.41021E-1 3.36365E-1 3.43648E-1 3.39304E-1 3.28587E-1 3.27212E-1 3.2962E-1 3.42475E-1 3.48772E-1 3.47399E-1
