maxent_outputs/white_flowers_troch_bombus_environ/white_250.asc
ncols         426
nrows         180
xllcorner     -130.0
yllcorner     24.0
cellsize      0.16666666666666666
NODATA_value  -9999
[rows 27 to 53 of 180, columns 122 to 182 of 426]
2.34517E-1 2.34341E-1 2.31576E-1 2.39856E-1 2.59413E-1 2.61143E-1 2.43924E-1 2.42482E-1 2.40059E-1 2.327E-1 2.28254E-1 2.23961E-1 2.272E-1 2.48882E-1 2.57879E-1 2.53217E-1 2.50943E-1 2.44076E-1 2.48144E-1 2.54551E-1 2.6087E-1 2.62687E-1 2.61921E-1 2.63535E-1 2.55742E-1 2.72558E-1 2.43166E-1 2.41375E-1 2.60956E-1 2.82212E-1 2.84615E-1 2.8783E-1 2.85227E-1 2.75125E-1 2.65795E-1 2.61241E-1 2.57745E-1 2.57658E-1 2.52744E-1 2.48478E-1 2.42361E-1 2.4037E-1 2.37287E-1 2.39107E-1 2.40814E-1 2.38038E-1 2.30313E-1 2.30645E-1 2.38468E-1 2.45912E-1 2.47904E-1 2.45822E-1 2.45677E-1 2.50183E-1 2.59953E-1 2.59901E-1 2.51524E-1 2.46676E-1 2.4747E-1 2.44273E-1 2.42802E-1
2.191E-1 2.22995E-1 2.30204E-1 2.38015E-1 2.52336E-1 2.47048E-1 2.35217E-1 2.2917E-1 2.29646E-1 2.30272E-1 2.25177E-1 2.26406E-1 2.22479E-1 2.23958E-1 2.29411E-1 2.41079E-1 2.43986E-1 2.41669E-1 2.42445E-1 2.46128E-1 2.5541E-1 2.55385E-1 2.55589E-1 2.66055E-1 2.72264E-1 2.43049E-1 2.25813E-1 2.24099E-1 2.47092E-1 2.51871E-1 2.68636E-1 2.70944E-1 2.66209E-1 2.65282E-1 2.66566E-1 2.59865E-1 2.56842E-1 2.54925E-1 2.53758E-1 2.48467E-1 2.47643E-1 2.44591E-1 2.44281E-1 2.42112E-1 2.4398E-1 2.43414E-1 2.39262E-1 2.38019E-1 2.43292E-1 2.51347E-1 2.45145E-1 2.4047E-1 2.4014E-1 2.44359E-1 2.47162E-1 2.51056E-1 2.51291E-1 2.46507E-1 2.43353E-1 2.44441E-1 2.4375E-1
2.2058E-1 2.26449E-1 2.26161E-1 2.38634E-1 2.54626E-1 2.53081E-1 2.45677E-1 2.36703E-1 2.33788E-1 2.28513E-1 2.28731E-1 2.32336E-1 2.24582E-1 2.22568E-1 2.25783E-1 2.21066E-1 2.18212E-1 2.16537E-1 2.21748E-1 2.31836E-1 2.43474E-1 2.50365E-1 2.46149E-1 2.28429E-1 2.516E-1 2.68652E-1 2.90694E-1 2.51985E-1 2.24032E-1 2.45292E-1 2.4062E-1 2.39244E-1 2.45774E-1 2.51748E-1 2.53757E-1 2.58727E-1 2.61509E-1 2.54713E-1 2.52992E-1 2.54554E-1 2.53794E-1 2.49016E-1 2.47665E-1 2.4532E-1 2.47139E-1 2.4716E-1 2.44119E-1 2.42251E-1 2.3726E-1 2.46206E-1 2.42548E-1 2.39647E-1 2.37114E-1 2.38012E-1 2.41585E-1 2.46549E-1 2.49244E-1 2.53843E-1 2.53044E-1 2.49883E-1 2.43684E-1
2.43323E-1 2.35184E-1 2.35422E-1 2.41587E-1 2.52797E-1 2.5964E-1 2.58101E-1 2.51791E-1 2.49903E-1 2.42672E-1 2.37898E-1 2.36662E-1 2.30224E-1 2.33727E-1 2.36793E-1 2.26667E-1 2.22331E-1 2.20985E-1 2.28738E-1 2.44169E-1 2.44905E-1 2.41364E-1 2.29552E-1 2.35433E-1 2.30755E-1 2.56533E-1 2.66513E-1 2.23353E-1 2.1231E-1 2.73538E-1 2.68165E-1 2.53233E-1 2.49272E-1 2.52711E-1 2.49887E-1 2.50336E-1 2.50202E-1 2.54321E-1 2.53505E-1 2.60697E-1 2.61666E-1 2.55387E-1 2.53711E-1 2.5017E-1 2.47225E-1 2.46451E-1 2.44588E-1 2.4436E-1 2.42221E-1 2.44172E-1 2.43542E-1 2.3811E-1 2.3863E-1 2.35349E-1 2.34003E-1 2.38647E-1 2.42679E-1 2.43001E-1 2.45207E-1 2.54102E-1 2.47683E-1
2.73409E-1 2.68445E-1 2.6352E-1 2.5939E-1 2.63286E-1 2.65527E-1 2.63683E-1 2.60642E-1 2.60462E-1 2.58038E-1 2.50516E-1 2.45298E-1 2.33677E-1 2.28607E-1 2.3724E-1 2.32872E-1 2.31181E-1 2.3252E-1 2.32129E-1 2.3781E-1 2.46635E-1 2.41364E-1 2.34071E-1 2.29925E-1 2.08687E-1 2.15484E-1 2.51778E-1 2.44169E-1 2.09635E-1 2.2493E-1 2.39324E-1 2.46792E-1 2.54615E-1 2.57638E-1 2.52912E-1 2.5135E-1 2.47409E-1 2.50324E-1 2.54997E-1 2.54452E-1 2.50748E-1 2.48434E-1 2.49332E-1 2.51053E-1 2.49134E-1 2.49044E-1 2.45315E-1 2.42482E-1 2.44878E-1 2.44922E-1 2.48192E-1 2.42761E-1 2.42701E-1 2.38865E-1 2.36307E-1 2.35479E-1 2.35177E-1 2.3574E-1 2.36029E-1 2.42293E-1 2.4121E-1
2.91401E-1 2.90904E-1 2.89062E-1 2.82537E-1 2.77993E-1 2.73041E-1 2.68314E-1 2.63278E-1 2.58005E-1 2.53151E-1 2.53828E-1 2.51208E-1 2.39719E-1 2.35177E-1 2.33942E-1 2.39425E-1 2.4309E-1 2.45057E-1 2.39282E-1 2.39942E-1 2.42622E-1 2.42144E-1 2.38226E-1 2.36265E-1 2.19419E-1 2.50425E-1 2.48551E-1 2.51588E-1 2.33663E-1 2.23658E-1 2.40015E-1 2.5152E-1 2.57285E-1 2.60793E-1 2.60826E-1 2.61423E-1 2.57332E-1 2.49258E-1 2.48628E-1 2.50983E-1 2.4501E-1 2.41585E-1 2.37311E-1 2.39114E-1 2.40624E-1 2.43943E-1 2.4339E-1 2.42894E-1 2.48481E-1 2.52348E-1 2.52607E-1 2.45402E-1 2.40773E-1 2.44783E-1 2.44036E-1 2.41365E-1 2.37902E-1 2.37055E-1 2.38905E-1 2.49062E-1 2.4569E-1
3.12298E-1 3.1356E-1 3.11963E-1 3.08557E-1 2.95621E-1 2.85229E-1 2.73181E-1 2.70217E-1 2.62628E-1 2.56365E-1 2.59254E-1 2.51649E-1 2.48894E-1 2.58445E-1 2.5359E-1 2.53036E-1 2.47986E-1 2.48115E-1 2.47107E-1 2.50117E-1 2.4921E-1 2.49871E-1 2.43051E-1 2.32845E-1 2.0982E-1 2.14495E-1 2.51591E-1 2.29365E-1 2.1375E-1 2.37021E-1 2.50022E-1 2.52834E-1 2.54454E-1 2.59046E-1 2.6098E-1 2.6741E-1 2.63691E-1 2.52338E-1 2.46031E-1 2.42359E-1 2.42346E-1 2.3808E-1 2.35684E-1 2.3279E-1 2.3142E-1 2.31211E-1 2.35793E-1 2.35234E-1 2.36495E-1 2.4779E-1 2.52794E-1 2.49454E-1 2.42294E-1 2.39085E-1 2.43903E-1 2.49828E-1 2.56989E-1 2.4377E-1 2.40542E-1 2.45494E-1 2.49708E-1
3.10238E-1 3.12053E-1 3.16019E-1 3.24129E-1 3.11694E-1 3.04405E-1 2.92046E-1 2.81526E-1 2.71834E-1 2.69275E-1 2.61216E-1 2.61664E-1 2.68746E-1 2.67319E-1 2.67243E-1 2.67798E-1 2.60592E-1 2.53211E-1 2.53588E-1 2.5283E-1 2.49295E-1 2.49969E-1 2.46395E-1 2.42837E-1 2.43823E-1 2.52808E-1 2.55346E-1 2.56962E-1 2.47885E-1 2.50379E-1 2.50258E-1 2.47868E-1 2.53362E-1 2.56525E-1 2.60035E-1 2.63376E-1 2.61639E-1 2.51106E-1 2.46022E-1 2.43009E-1 2.35832E-1 2.34066E-1 2.33713E-1 2.31651E-1 2.2953E-1 2.26937E-1 2.27132E-1 2.31433E-1 2.36292E-1 2.47121E-1 2.5791E-1 2.55358E-1 2.44454E-1 2.44813E-1 2.47183E-1 2.48592E-1 2.50264E-1 2.4731E-1 2.44453E-1 2.50126E-1 2.5261E-1
2.95602E-1 3.01158E-1 3.02175E-1 2.97694E-1 2.95145E-1 2.97547E-1 3.08526E-1 3.08143E-1 2.90152E-1 2.82469E-1 2.71018E-1 2.66581E-1 2.656E-1 2.67021E-1 2.75065E-1 2.74883E-1 2.69198E-1 2.61915E-1 2.59601E-1 2.63208E-1 2.56209E-1 2.51696E-1 2.50563E-1 2.50869E-1 2.5716E-1 2.57417E-1 2.5789E-1 2.55021E-1 2.57065E-1 2.55453E-1 2.52741E-1 2.55128E-1 2.58919E-1 2.551E-1 2.56949E-1 2.68E-1 2.65673E-1 2.63073E-1 2.63075E-1 2.57064E-1 2.58005E-1 2.5068E-1 2.43344E-1 2.30892E-1 2.27358E-1 2.24516E-1 2.28971E-1 2.2678E-1 2.34193E-1 2.45661E-1 2.51314E-1 2.52077E-1 2.50295E-1 2.51427E-1 2.54126E-1 2.5405E-1 2.54882E-1 2.53754E-1 2.51097E-1 2.43664E-1 2.41218E-1
2.79005E-1 2.79201E-1 2.9552E-1 2.99854E-1 2.9472E-1 2.91113E-1 3.16047E-1 3.17317E-1 3.02559E-1 2.89157E-1 2.81874E-1 2.7716E-1 2.79136E-1 2.82328E-1 2.87686E-1 2.9007E-1 2.83505E-1 2.81134E-1 2.98899E-1 3.03105E-1 2.71291E-1 2.62882E-1 2.5033E-1 2.45155E-1 2.43993E-1 2.54727E-1 2.48046E-1 2.57344E-1 2.64474E-1 2.671E-1 2.62331E-1 2.58398E-1 2.5927E-1 2.56062E-1 2.62487E-1 2.51132E-1 2.50658E-1 2.48663E-1 2.4123E-1 2.3847E-1 2.37172E-1 2.47747E-1 2.51514E-1 2.58133E-1 2.45061E-1 2.28585E-1 2.31377E-1 2.32577E-1 2.33185E-1 2.37716E-1 2.46916E-1 2.46729E-1 2.49096E-1 2.50965E-1 2.53665E-1 2.53093E-1 2.46848E-1 2.49596E-1 2.4125E-1 2.35957E-1 2.37973E-1
2.87779E-1 2.93659E-1 2.96965E-1 2.95639E-1 2.99473E-1 2.92709E-1 2.89674E-1 2.9251E-1 2.91542E-1 2.81394E-1 2.85403E-1 2.83115E-1 2.86307E-1 2.99939E-1 2.95196E-1 3.00596E-1 3.05689E-1 3.07282E-1 2.98855E-1 2.8242E-1 2.72084E-1 2.58099E-1 2.54377E-1 2.48246E-1 2.55039E-1 2.60755E-1 2.52287E-1 2.59695E-1 2.68602E-1 2.70675E-1 2.66523E-1 2.60571E-1 2.53993E-1 2.6343E-1 2.37055E-1 2.42971E-1 2.42925E-1 2.43082E-1 2.42377E-1 2.40968E-1 2.39498E-1 2.42506E-1 2.54151E-1 2.58553E-1 2.65094E-1 2.31324E-1 2.30283E-1 2.30586E-1 2.31535E-1 2.35726E-1 2.38425E-1 2.34927E-1 2.29147E-1 2.39942E-1 2.47649E-1 2.46974E-1 2.42E-1 2.35351E-1 2.33112E-1 2.33567E-1 2.32937E-1
2.98896E-1 2.88218E-1 2.73889E-1 2.89123E-1 2.94305E-1 2.92492E-1 2.89855E-1 2.89096E-1 2.8695E-1 2.86765E-1 2.85085E-1 2.96953E-1 3.03758E-1 3.02307E-1 2.94595E-1 3.00409E-1 3.01712E-1 2.90185E-1 2.79234E-1 2.74137E-1 2.69112E-1 2.55209E-1 2.51233E-1 2.50458E-1 2.55239E-1 2.53222E-1 2.50983E-1 2.76609E-1 2.75898E-1 2.79254E-1 2.7161E-1 2.64264E-1 2.5955E-1 2.32707E-1 2.2268E-1 2.32397E-1 2.43374E-1 2.49297E-1 2.45384E-1 2.48752E-1 2.53196E-1 2.49597E-1 2.48452E-1 2.54927E-1 2.67153E-1 2.58327E-1 2.42914E-1 2.42057E-1 2.52795E-1 2.60538E-1 2.52659E-1 2.41188E-1 2.28954E-1 2.30421E-1 2.35775E-1 2.36313E-1 2.36266E-1 2.31903E-1 2.3282E-1 2.30334E-1 2.29292E-1
3.05166E-1 3.02362E-1 3.01017E-1 3.02602E-1 2.96911E-1 2.92794E-1 2.82174E-1 2.82046E-1 2.86385E-1 2.9071E-1 2.89832E-1 2.86572E-1 2.83076E-1 2.7874E-1 2.72822E-1 2.76268E-1 2.77222E-1 2.70602E-1 2.68084E-1 2.69048E-1 2.6549E-1 2.57241E-1 2.47241E-1 2.47946E-1 2.49944E-1 2.56471E-1 2.67009E-1 2.72681E-1 2.87942E-1 2.88974E-1 2.59096E-1 2.65236E-1 2.5287E-1 2.34482E-1 2.35809E-1 2.4777E-1 2.49862E-1 2.44799E-1 2.36704E-1 2.3932E-1 2.42582E-1 2.4663E-1 2.42174E-1 2.44161E-1 2.45193E-1 2.42729E-1 2.47976E-1 2.47978E-1 2.38948E-1 2.43707E-1 2.36288E-1 2.32464E-1 2.32765E-1 2.37073E-1 2.33669E-1 2.31028E-1 2.34744E-1 2.32933E-1 2.32339E-1 2.28223E-1 2.28337E-1
3.03154E-1 3.03308E-1 3.08111E-1 3.14832E-1 3.03919E-1 2.96341E-1 2.84395E-1 2.84821E-1 2.88644E-1 2.93151E-1 2.91704E-1 2.80744E-1 2.78779E-1 2.80035E-1 2.77722E-1 2.7659E-1 2.77109E-1 2.73815E-1 2.73913E-1 2.72425E-1 2.62423E-1 2.55002E-1 2.51663E-1 2.49996E-1 2.54438E-1 2.61027E-1 2.67639E-1 2.79115E-1 2.5603E-1 1.89901E-1 2.45676E-1 2.5819E-1 2.33086E-1 2.5388E-1 2.49335E-1 2.49293E-1 2.49535E-1 2.45745E-1 2.3701E-1 2.40256E-1 2.43161E-1 2.46086E-1 2.46694E-1 2.46694E-1 2.47924E-1 2.5028E-1 2.46831E-1 2.48259E-1 2.49696E-1 2.5147E-1 2.5604E-1 2.51935E-1 2.47786E-1 2.44659E-1 2.39958E-1 2.39684E-1 2.32892E-1 2.26825E-1 2.28293E-1 2.25047E-1 2.23382E-1
2.96837E-1 2.92629E-1 3.10486E-1 3.0533E-1 2.98859E-1 2.94706E-1 2.9497E-1 2.81566E-1 2.77903E-1 2.80105E-1 2.86327E-1 2.76708E-1 2.68256E-1 2.7916E-1 2.86681E-1 2.85647E-1 2.86924E-1 2.74774E-1 2.65825E-1 2.6172E-1 2.59083E-1 2.56177E-1 2.52201E-1 2.56082E-1 2.55661E-1 2.62627E-1 2.6554E-1 2.70847E-1 2.24152E-1 2.33041E-1 1.9783E-1 2.58107E-1 2.62317E-1 2.62722E-1 2.53663E-1 2.49478E-1 2.47773E-1 2.39893E-1 2.34753E-1 2.3674E-1 2.4447E-1 2.52265E-1 2.54638E-1 2.49866E-1 2.45941E-1 2.4779E-1 2.47361E-1 2.47147E-1 2.47857E-1 2.49947E-1 2.59223E-1 2.58933E-1 2.59871E-1 2.45007E-1 2.41995E-1 2.39669E-1 2.36578E-1 2.38715E-1 2.2915E-1 2.32197E-1 2.235E-1
3.07155E-1 3.12172E-1 3.12275E-1 3.14501E-1 3.10784E-1 3.02846E-1 3.00923E-1 2.87546E-1 2.90869E-1 2.91882E-1 2.83561E-1 2.65385E-1 2.64416E-1 2.69574E-1 2.7214E-1 2.75951E-1 2.70601E-1 2.64749E-1 2.6485E-1 2.65673E-1 2.62706E-1 2.59437E-1 2.55855E-1 2.61531E-1 2.35842E-1 2.17836E-1 2.15243E-1 2.46028E-1 2.42065E-1 2.1667E-1 1.83211E-1 2.13641E-1 2.7691E-1 2.59641E-1 2.54266E-1 2.48938E-1 2.4587E-1 2.39788E-1 2.41028E-1 2.4293E-1 2.43294E-1 2.44909E-1 2.54199E-1 2.594E-1 2.61928E-1 2.61155E-1 2.54172E-1 2.48439E-1 2.48382E-1 2.54531E-1 2.60798E-1 2.63969E-1 2.71883E-1 2.58491E-1 2.49869E-1 2.46282E-1 2.40866E-1 2.39173E-1 2.36452E-1 2.37247E-1 2.26256E-1
3.12469E-1 3.19757E-1 3.21727E-1 3.21835E-1 3.0797E-1 2.91499E-1 2.97293E-1 2.96927E-1 3.04432E-1 2.96051E-1 2.94999E-1 2.82877E-1 2.85445E-1 2.73531E-1 2.65779E-1 2.67158E-1 2.6342E-1 2.56E-1 2.58376E-1 2.61539E-1 2.59586E-1 2.55139E-1 2.59615E-1 2.53294E-1 2.44186E-1 2.28689E-1 2.18927E-1 2.10861E-1 2.05441E-1 2.17789E-1 2.17538E-1 2.13514E-1 2.7138E-1 2.62579E-1 2.54124E-1 2.44404E-1 2.45906E-1 2.45096E-1 2.47199E-1 2.47088E-1 2.51217E-1 2.50915E-1 2.55316E-1 2.62415E-1 2.59749E-1 2.52725E-1 2.53572E-1 2.52111E-1 2.58249E-1 2.55561E-1 2.65229E-1 2.72927E-1 2.75734E-1 2.82006E-1 2.60061E-1 2.49457E-1 2.43137E-1 2.48908E-1 2.46412E-1 2.44678E-1 2.36674E-1
3.07167E-1 3.09156E-1 3.11433E-1 3.07799E-1 2.99716E-1 2.87313E-1 2.92158E-1 3.01628E-1 3.07463E-1 3.04035E-1 3.02533E-1 3.02992E-1 2.92833E-1 2.75436E-1 2.64689E-1 2.65563E-1 2.65992E-1 2.61184E-1 2.6582E-1 2.68673E-1 2.60216E-1 2.60574E-1 2.63072E-1 2.55352E-1 2.56742E-1 2.46026E-1 2.27657E-1 2.32741E-1 2.08359E-1 2.4067E-1 2.53592E-1 2.31192E-1 2.53105E-1 2.53425E-1 2.36692E-1 2.30059E-1 2.38301E-1 2.37643E-1 2.41945E-1 2.46456E-1 2.44613E-1 2.46224E-1 2.49745E-1 2.57801E-1 2.64077E-1 2.65429E-1 2.59698E-1 2.46955E-1 2.45282E-1 2.56119E-1 2.62812E-1 2.68849E-1 2.71984E-1 2.74172E-1 2.74935E-1 2.4649E-1 2.41279E-1 2.43296E-1 2.47237E-1 2.46845E-1 2.45602E-1
3.12917E-1 3.07267E-1 3.05619E-1 3.04669E-1 2.99723E-1 2.95173E-1 3.00414E-1 3.13136E-1 3.20795E-1 3.17728E-1 3.08666E-1 2.92657E-1 2.92479E-1 2.79356E-1 2.69326E-1 2.72193E-1 2.74095E-1 2.71006E-1 2.71699E-1 2.68414E-1 2.72813E-1 2.73095E-1 2.75728E-1 2.75573E-1 2.8054E-1 2.71094E-1 2.46853E-1 2.73877E-1 2.7191E-1 2.39993E-1 2.48863E-1 2.59475E-1 2.42955E-1 2.36565E-1 2.31189E-1 2.2954E-1 2.37732E-1 2.38978E-1 2.52171E-1 2.48641E-1 2.52162E-1 2.5369E-1 2.55502E-1 2.57693E-1 2.60539E-1 2.59452E-1 2.58955E-1 2.53498E-1 2.47838E-1 2.59806E-1 2.70516E-1 2.60702E-1 2.59789E-1 2.55859E-1 2.64702E-1 2.43068E-1 2.35671E-1 2.35165E-1 2.39232E-1 2.45794E-1 2.40422E-1
3.14832E-1 3.11139E-1 3.08014E-1 3.03851E-1 2.93024E-1 2.99396E-1 3.07555E-1 3.09163E-1 3.15182E-1 3.08471E-1 3.07873E-1 2.88004E-1 2.96004E-1 2.97352E-1 3.13536E-1 3.00781E-1 2.97423E-1 2.92149E-1 2.85251E-1 2.82074E-1 2.87673E-1 2.88769E-1 2.86177E-1 2.71952E-1 2.58467E-1 2.60576E-1 2.44947E-1 2.51945E-1 2.71113E-1 2.5358E-1 2.70571E-1 2.58853E-1 2.47888E-1 2.38247E-1 2.27247E-1 2.22975E-1 2.42247E-1 2.47744E-1 2.49653E-1 2.49841E-1 2.56228E-1 2.5893E-1 2.61694E-1 2.63776E-1 2.62833E-1 2.59845E-1 2.54477E-1 2.53551E-1 2.4493E-1 2.40859E-1 2.56131E-1 2.57638E-1 2.61E-1 2.56326E-1 2.64939E-1 2.50523E-1 2.38554E-1 2.30854E-1 2.33042E-1 2.37288E-1 2.39033E-1
3.14241E-1 3.14338E-1 3.10142E-1 3.0273E-1 2.92506E-1 2.8337E-1 3.02628E-1 2.93011E-1 2.97256E-1 2.96379E-1 2.96893E-1 2.98399E-1 2.95011E-1 2.8361E-1 2.95173E-1 2.80583E-1 2.96377E-1 2.95937E-1 2.98703E-1 2.85682E-1 2.84846E-1 2.86151E-1 2.7687E-1 2.8342E-1 2.75843E-1 2.71213E-1 2.6626E-1 2.5107E-1 2.60629E-1 2.65251E-1 2.67579E-1 2.32031E-1 2.38494E-1 2.46981E-1 2.34403E-1 2.29328E-1 2.32767E-1 2.37118E-1 2.4563E-1 2.52767E-1 2.5177E-1 2.62317E-1 2.69874E-1 2.67703E-1 2.57009E-1 2.57135E-1 2.47891E-1 2.5002E-1 2.46755E-1 2.45744E-1 2.52037E-1 2.57535E-1 2.63048E-1 2.67094E-1 2.81557E-1 2.50245E-1 2.49524E-1 2.3544E-1 2.28091E-1 2.33111E-1 2.36615E-1
3.20439E-1 3.19821E-1 3.073E-1 2.9237E-1 2.91823E-1 2.976E-1 3.12048E-1 3.08813E-1 3.0958E-1 3.07022E-1 3.0273E-1 3.17472E-1 2.97394E-1 2.96229E-1 2.82663E-1 2.73785E-1 3.0373E-1 3.02083E-1 2.99801E-1 2.8609E-1 2.94149E-1 2.91557E-1 2.81828E-1 2.81369E-1 2.85955E-1 2.85022E-1 2.89245E-1 2.77513E-1 2.63255E-1 2.80255E-1 2.54929E-1 2.63345E-1 2.54595E-1 2.41877E-1 2.32723E-1 2.3807E-1 2.46256E-1 2.51395E-1 2.49504E-1 2.50187E-1 2.54217E-1 2.54689E-1 2.59282E-1 2.6188E-1 2.59247E-1 2.60174E-1 2.61369E-1 2.59036E-1 2.49588E-1 2.51583E-1 2.56819E-1 2.54623E-1 2.52267E-1 2.53396E-1 2.73692E-1 2.77017E-1 2.51891E-1 2.4178E-1 2.35612E-1 2.40118E-1 2.38319E-1
3.22449E-1 3.09314E-1 3.03317E-1 2.9793E-1 3.04639E-1 3.16114E-1 3.17332E-1 3.03836E-1 3.0067E-1 3.114E-1 2.91237E-1 2.94691E-1 2.81687E-1 2.87724E-1 2.85567E-1 2.83015E-1 3.0112E-1 2.91705E-1 2.97257E-1 2.93894E-1 2.99464E-1 3.04153E-1 3.1139E-1 2.8908E-1 2.90977E-1 2.83723E-1 2.92394E-1 2.81376E-1 2.82377E-1 2.85012E-1 2.64839E-1 2.58335E-1 2.75901E-1 2.62268E-1 2.51919E-1 2.48407E-1 2.61863E-1 2.59341E-1 2.56578E-1 2.63075E-1 2.55042E-1 2.58892E-1 2.6545E-1 2.69311E-1 2.67203E-1 2.59493E-1 2.55555E-1 2.5431E-1 2.51687E-1 2.53785E-1 2.61567E-1 2.66259E-1 2.6327E-1 2.64615E-1 2.6399E-1 2.72393E-1 2.65711E-1 2.54132E-1 2.46776E-1 2.5262E-1 2.50545E-1
3.16676E-1 3.04489E-1 3.04315E-1 3.07323E-1 3.15883E-1 3.10421E-1 3.00498E-1 2.88401E-1 3.02645E-1 3.11562E-1 3.0891E-1 2.97149E-1 2.87732E-1 2.86373E-1 2.89744E-1 2.84851E-1 2.78034E-1 2.84957E-1 3.03232E-1 3.11249E-1 2.81074E-1 2.80456E-1 2.95792E-1 2.89077E-1 2.82343E-1 2.87203E-1 2.94873E-1 2.93731E-1 2.82824E-1 2.82139E-1 2.79378E-1 2.84253E-1 2.73E-1 2.77129E-1 2.72811E-1 2.71252E-1 2.62329E-1 2.51938E-1 2.61841E-1 2.74973E-1 2.66495E-1 2.66358E-1 2.72476E-1 2.77214E-1 2.72661E-1 2.6813E-1 2.60847E-1 2.59459E-1 2.5866E-1 2.61773E-1 2.64996E-1 2.66539E-1 2.71691E-1 2.72958E-1 2.77103E-1 2.84296E-1 2.62491E-1 2.59033E-1 2.56726E-1 2.59952E-1 2.56372E-1
3.21202E-1 3.04625E-1 2.95636E-1 2.99339E-1 3.1198E-1 3.01939E-1 2.9559E-1 3.00819E-1 3.20082E-1 3.40039E-1 3.33146E-1 2.98419E-1 2.98529E-1 2.88294E-1 2.99873E-1 3.16255E-1 3.01187E-1 2.88869E-1 2.93999E-1 2.95242E-1 2.92091E-1 2.8389E-1 2.84692E-1 2.87191E-1 2.95553E-1 2.91665E-1 2.91343E-1 2.94233E-1 2.98537E-1 3.01307E-1 2.84663E-1 2.97752E-1 2.87788E-1 2.73089E-1 2.79755E-1 2.84861E-1 2.87381E-1 2.68895E-1 2.68333E-1 2.82634E-1 2.78438E-1 2.65529E-1 2.66973E-1 2.6878E-1 2.68018E-1 2.67138E-1 2.6745E-1 2.65412E-1 2.65879E-1 2.64636E-1 2.69139E-1 2.70844E-1 2.7051E-1 2.69788E-1 2.7109E-1 2.82058E-1 2.77988E-1 2.60577E-1 2.58517E-1 2.55365E-1 2.56569E-1
3.54987E-1 3.29548E-1 3.07051E-1 2.91169E-1 3.00148E-1 3.12183E-1 3.26709E-1 3.23942E-1 3.08013E-1 3.20638E-1 3.47791E-1 3.1951E-1 3.02461E-1 2.92599E-1 3.02779E-1 3.21947E-1 2.9324E-1 2.8485E-1 2.81702E-1 2.78506E-1 2.77789E-1 2.79557E-1 2.78936E-1 2.86924E-1 2.90935E-1 2.92156E-1 2.94365E-1 2.96095E-1 2.95762E-1 2.89776E-1 2.92266E-1 2.86912E-1 2.89735E-1 2.80852E-1 2.86927E-1 2.9127E-1 2.85294E-1 2.73446E-1 2.6957E-1 2.71114E-1 2.6694E-1 2.62203E-1 2.654E-1 2.62321E-1 2.63425E-1 2.63616E-1 2.63392E-1 2.63809E-1 2.66475E-1 2.68467E-1 2.70859E-1 2.75741E-1 2.76161E-1 2.78001E-1 2.76131E-1 2.81595E-1 2.92923E-1 2.68931E-1 2.70396E-1 2.61113E-1 2.54448E-1
3.76348E-1 3.68826E-1 3.26613E-1 2.85738E-1 2.9412E-1 2.83126E-1 2.89111E-1 3.05297E-1 3.09022E-1 3.04583E-1 3.40556E-1 3.38189E-1 3.24492E-1 3.03354E-1 2.99164E-1 3.06139E-1 2.86173E-1 2.81098E-1 2.79754E-1 2.68992E-1 2.783E-1 2.78133E-1 2.81286E-1 2.85753E-1 2.84927E-1 2.80779E-1 2.88126E-1 2.8643E-1 2.81066E-1 2.84136E-1 2.84792E-1 2.86869E-1 2.93793E-1 3.02555E-1 3.0058E-1 3.1548E-1 3.16266E-1 3.11824E-1 2.89564E-1 2.73817E-1 2.63393E-1 2.66504E-1 2.69567E-1 2.73504E-1 2.70036E-1 2.67961E-1 2.66736E-1 2.6924E-1 2.69217E-1 2.74294E-1 2.78932E-1 2.8676E-1 2.86475E-1 2.84953E-1 2.83574E-1 2.91745E-1 2.96574E-1 2.77768E-1 2.76176E-1 2.69583E-1 2.64797E-1
