maxent_outputs/white_flowers_troch_bombus_environ/white_152.asc
ncols         426
nrows         180
xllcorner     -130.0
yllcorner     24.0
cellsize      0.16666666666666666
NODATA_value  -9999
[rows 108 to 134 of 180, columns 61 to 121 of 426]
4.94052E-1 5.134E-1 4.83664E-1 5.12878E-1 5.16487E-1 4.86092E-1 5.40986E-1 5.54094E-1 5.4031E-1 5.06592E-1 5.12581E-1 5.01671E-1 4.58851E-1 5.03034E-1 5.10238E-1 4.57154E-1 5.3148E-1 4.91962E-1 4.55837E-1 4.88572E-1 4.91237E-1 4.27643E-1 4.68553E-1 4.44373E-1 4.34859E-1 4.96848E-1 4.95544E-1 4.61518E-1 4.84749E-1 4.53353E-1 4.89929E-1 4.84625E-1 4.51356E-1 4.60394E-1 4.60932E-1 4.75572E-1 4.65391E-1 4.81456E-1 4.84815E-1 4.94811E-1 4.74381E-1 4.19851E-1 3.96078E-1 3.94731E-1 4.03368E-1 4.23634E-1 4.43312E-1 4.61604E-1 4.39906E-1 4.27346E-1 3.92161E-1 3.89136E-1 3.98219E-1 4.02793E-1 3.99894E-1 4.0871E-1 4.02703E-1 4.07948E-1 4.11565E-1 4.32249E-1 3.95032E-1
4.95384E-1 4.796E-1 4.91772E-1 5.1537E-1 5.12347E-1 4.76996E-1 5.2939E-1 5.6531E-1 5.35021E-1 5.37125E-1 5.41035E-1 5.04765E-1 4.12769E-1 4.34134E-1 4.63097E-1 4.62502E-1 4.6424E-1 4.5656E-1 4.64962E-1 4.47093E-1 4.51441E-1 4.50357E-1 4.6415E-1 5.34118E-1 4.70696E-1 4.338E-1 4.67945E-1 4.54583E-1 4.82719E-1 4.76775E-1 5.11427E-1 4.92818E-1 4.59108E-1 4.95676E-1 4.46536E-1 4.82275E-1 4.61862E-1 4.53986E-1 4.67254E-1 4.92208E-1 4.6514E-1 4.32747E-1 4.10127E-1 3.90316E-1 3.95651E-1 3.93773E-1 4.04459E-1 4.15352E-1 4.1728E-1 4.13893E-1 3.91184E-1 3.83232E-1 3.95979E-1 3.95048E-1 3.95781E-1 3.88954E-1 3.86801E-1 4.12889E-1 4.08742E-1 4.0487E-1 4.00762E-1
5.1247E-1 5.00352E-1 5.21949E-1 5.23796E-1 5.09855E-1 4.79976E-1 5.34831E-1 5.5826E-1 5.41201E-1 5.14388E-1 5.3885E-1 4.82974E-1 4.61741E-1 4.53613E-1 4.30393E-1 4.47066E-1 4.52726E-1 4.79966E-1 4.67516E-1 4.69514E-1 4.83384E-1 4.46393E-1 4.39727E-1 4.70125E-1 4.56159E-1 5.02772E-1 4.4328E-1 5.0306E-1 5.10088E-1 5.01479E-1 5.10794E-1 5.18418E-1 4.6842E-1 4.99865E-1 4.3579E-1 4.23015E-1 4.74443E-1 4.37E-1 4.4188E-1 4.33256E-1 4.43087E-1 4.34413E-1 4.29981E-1 4.06335E-1 4.00959E-1 4.02279E-1 4.09034E-1 4.17759E-1 4.18742E-1 4.17847E-1 4.02013E-1 3.82893E-1 3.89007E-1 3.86577E-1 3.87366E-1 3.90435E-1 4.00272E-1 4.06068E-1 3.96994E-1 3.85331E-1 3.95258E-1
5.1121E-1 5.03063E-1 5.16292E-1 5.16414E-1 5.26018E-1 4.99623E-1 5.16856E-1 5.80008E-1 5.71216E-1 5.37307E-1 5.13015E-1 4.89155E-1 4.75634E-1 4.77763E-1 4.57612E-1 4.66592E-1 4.6907E-1 4.57926E-1 4.70627E-1 4.78368E-1 4.79068E-1 4.68874E-1 4.42469E-1 4.86574E-1 4.65791E-1 4.81729E-1 4.55695E-1 4.73461E-1 5.12303E-1 4.96152E-1 4.87058E-1 5.04439E-1 5.07278E-1 5.0247E-1 5.05698E-1 4.27427E-1 4.55396E-1 4.37475E-1 4.4657E-1 4.2335E-1 4.2114E-1 4.41896E-1 4.46698E-1 4.26902E-1 4.3541E-1 4.33849E-1 4.46804E-1 4.65344E-1 4.76808E-1 4.53259E-1 4.18844E-1 4.03676E-1 3.90981E-1 3.85311E-1 3.80546E-1 3.88692E-1 4.13902E-1 4.20777E-1 4.09867E-1 3.881E-1 3.95109E-1
5.01833E-1 5.01868E-1 5.06179E-1 5.05716E-1 5.26511E-1 5.09425E-1 5.15767E-1 5.63479E-1 5.68497E-1 5.63204E-1 5.07603E-1 4.51508E-1 4.63824E-1 4.42594E-1 4.46897E-1 4.60792E-1 4.25601E-1 4.43015E-1 4.69772E-1 4.65567E-1 4.40948E-1 4.71734E-1 4.27014E-1 4.33723E-1 4.82542E-1 4.90742E-1 4.91363E-1 5.09598E-1 5.01887E-1 4.8111E-1 5.28898E-1 5.12304E-1 5.39618E-1 4.71992E-1 5.0753E-1 4.52988E-1 4.68593E-1 4.69276E-1 4.45723E-1 4.30995E-1 4.44856E-1 4.21343E-1 4.49615E-1 4.21279E-1 4.42026E-1 4.79502E-1 4.66726E-1 4.46434E-1 4.74155E-1 4.70325E-1 4.2611E-1 4.26499E-1 4.19261E-1 3.85753E-1 3.74179E-1 3.9543E-1 4.07822E-1 4.15583E-1 4.00102E-1 3.92597E-1 3.90621E-1
5.06704E-1 4.96247E-1 5.12027E-1 5.22097E-1 5.23865E-1 5.14396E-1 5.11526E-1 5.61227E-1 5.41115E-1 5.27396E-1 4.67135E-1 4.41016E-1 4.42511E-1 4.46615E-1 4.3419E-1 4.27418E-1 4.46151E-1 4.57397E-1 4.34123E-1 4.49613E-1 4.37489E-1 4.33857E-1 4.02307E-1 4.28088E-1 4.78908E-1 4.6723E-1 5.17088E-1 5.08012E-1 4.86426E-1 4.78424E-1 5.00903E-1 4.79089E-1 5.35932E-1 4.73613E-1 5.08E-1 5.44935E-1 4.84655E-1 4.73325E-1 4.71492E-1 4.38671E-1 4.38521E-1 4.54115E-1 4.25705E-1 4.43699E-1 4.34995E-1 4.87216E-1 4.92439E-1 4.93319E-1 4.85051E-1 4.64553E-1 4.4314E-1 4.39595E-1 4.27945E-1 4.08127E-1 3.88531E-1 3.83578E-1 3.86105E-1 3.95228E-1 3.87391E-1 4.05607E-1 4.0092E-1
5.34068E-1 5.14873E-1 5.11538E-1 5.29921E-1 5.4367E-1 5.36242E-1 5.61951E-1 5.49534E-1 5.03353E-1 4.79738E-1 4.61644E-1 4.42597E-1 4.40991E-1 4.46223E-1 4.38131E-1 4.23175E-1 4.3502E-1 4.5187E-1 4.495E-1 4.30742E-1 4.67995E-1 4.62347E-1 4.62456E-1 4.3621E-1 4.27291E-1 5.02001E-1 4.84239E-1 4.71004E-1 4.71064E-1 4.78112E-1 4.89118E-1 4.56502E-1 5.03713E-1 5.0671E-1 4.89847E-1 5.50405E-1 5.01923E-1 4.82935E-1 4.76575E-1 4.80878E-1 4.55052E-1 4.9225E-1 4.31227E-1 4.09412E-1 4.28234E-1 4.3816E-1 4.81131E-1 5.18306E-1 5.36597E-1 4.96263E-1 4.5478E-1 4.39142E-1 4.27713E-1 4.20459E-1 4.05879E-1 3.99717E-1 3.84297E-1 3.87798E-1 3.82341E-1 3.93065E-1 3.94054E-1
5.85263E-1 5.69149E-1 5.23041E-1 5.18449E-1 4.97808E-1 5.26938E-1 5.38916E-1 5.26326E-1 4.75798E-1 4.55138E-1 4.42089E-1 4.31579E-1 4.43285E-1 4.5444E-1 4.48153E-1 4.58262E-1 4.69776E-1 4.72179E-1 4.88948E-1 4.74098E-1 4.58529E-1 4.63667E-1 4.57618E-1 4.75728E-1 5.16378E-1 4.98766E-1 4.89309E-1 4.46816E-1 4.9101E-1 4.58108E-1 4.93971E-1 4.76939E-1 4.76946E-1 4.63193E-1 4.59958E-1 5.05229E-1 5.11862E-1 4.61767E-1 4.93887E-1 4.71062E-1 4.69943E-1 4.84297E-1 4.48543E-1 4.2873E-1 4.15203E-1 4.54094E-1 4.79797E-1 4.53809E-1 4.96076E-1 5.03646E-1 4.83815E-1 4.3225E-1 4.2592E-1 4.2541E-1 4.13668E-1 4.04776E-1 4.01841E-1 3.93824E-1 3.88214E-1 3.87466E-1 3.86098E-1
6.39597E-1 6.01571E-1 5.8272E-1 5.70123E-1 5.44371E-1 5.69349E-1 5.8174E-1 5.82252E-1 5.43837E-1 4.85764E-1 4.67527E-1 4.47324E-1 4.40375E-1 4.44731E-1 4.5842E-1 4.70116E-1 4.80342E-1 4.67167E-1 4.80261E-1 4.84362E-1 4.87379E-1 4.8642E-1 4.77145E-1 4.77684E-1 4.78305E-1 4.67172E-1 4.57272E-1 4.96101E-1 4.8591E-1 4.61051E-1 4.50359E-1 5.06778E-1 4.93757E-1 5.04404E-1 4.66408E-1 4.44133E-1 4.86326E-1 4.73482E-1 4.79298E-1 4.88199E-1 4.931E-1 4.78112E-1 4.62481E-1 4.74072E-1 4.54971E-1 4.45448E-1 4.83983E-1 4.48764E-1 4.63233E-1 5.01544E-1 4.74516E-1 4.56209E-1 4.52794E-1 4.3549E-1 4.26099E-1 4.17873E-1 3.95643E-1 3.97197E-1 3.95643E-1 3.99119E-1 3.9759E-1
7.07953E-1 6.82947E-1 6.70773E-1 6.18271E-1 6.33522E-1 6.27973E-1 5.92434E-1 5.74649E-1 5.56732E-1 5.20921E-1 4.89059E-1 4.78139E-1 4.70106E-1 4.50584E-1 4.60985E-1 4.61906E-1 4.68817E-1 4.62924E-1 4.68568E-1 4.59038E-1 4.77006E-1 4.86512E-1 5.01903E-1 4.97161E-1 4.75894E-1 4.37642E-1 4.4428E-1 4.7921E-1 4.77841E-1 4.63888E-1 4.70879E-1 4.53258E-1 4.76761E-1 4.88009E-1 4.87609E-1 4.63491E-1 4.72851E-1 4.74505E-1 4.87688E-1 4.83272E-1 4.83276E-1 4.68859E-1 4.58928E-1 4.7167E-1 5.13813E-1 4.75445E-1 4.50728E-1 4.90343E-1 4.84922E-1 5.08504E-1 5.15249E-1 4.99012E-1 4.88577E-1 4.65442E-1 4.46226E-1 4.29445E-1 4.23173E-1 4.13186E-1 4.05484E-1 4.17485E-1 4.23755E-1
-9999 -9999 7.11993E-1 7.20279E-1 7.03377E-1 6.74485E-1 6.19647E-1 6.2274E-1 6.31588E-1 5.98048E-1 5.63037E-1 5.76484E-1 5.49863E-1 5.3393E-1 5.53312E-1 5.37391E-1 5.21157E-1 5.19835E-1 5.12464E-1 5.1064E-1 4.73368E-1 4.58767E-1 4.51072E-1 4.69314E-1 4.84449E-1 4.58131E-1 4.32387E-1 4.52808E-1 4.45465E-1 4.93789E-1 5.02569E-1 4.70333E-1 4.95406E-1 4.96372E-1 4.88028E-1 4.65052E-1 4.69064E-1 4.62918E-1 4.3839E-1 4.49934E-1 4.56693E-1 4.77265E-1 4.93644E-1 4.6387E-1 5.01391E-1 5.01548E-1 4.69359E-1 4.9741E-1 5.14105E-1 5.11937E-1 4.80652E-1 4.85224E-1 4.9691E-1 4.90443E-1 4.72296E-1 4.67805E-1 4.62606E-1 4.55798E-1 4.40361E-1 4.44171E-1 4.50826E-1
7.89963E-1 7.86139E-1 8.74316E-1 7.91717E-1 7.63215E-1 7.18428E-1 6.96015E-1 6.96667E-1 7.28023E-1 6.66434E-1 6.22349E-1 6.23121E-1 6.02336E-1 5.88624E-1 5.84863E-1 5.65459E-1 5.60234E-1 5.61496E-1 5.52298E-1 5.42126E-1 5.16416E-1 4.92596E-1 5.04892E-1 4.93198E-1 4.58922E-1 4.71116E-1 4.8711E-1 4.64385E-1 4.60542E-1 4.47477E-1 4.54379E-1 4.73433E-1 4.55052E-1 4.4639E-1 4.37245E-1 4.38067E-1 4.48272E-1 4.42956E-1 4.72112E-1 4.52532E-1 4.34095E-1 4.33188E-1 4.61639E-1 5.03176E-1 5.18142E-1 5.37445E-1 5.14449E-1 5.14159E-1 5.08359E-1 5.34016E-1 5.13444E-1 5.01617E-1 4.79787E-1 4.7477E-1 4.76211E-1 4.68132E-1 4.64316E-1 4.65347E-1 4.78732E-1 4.94814E-1 5.00855E-1
7.96933E-1 7.75061E-1 -9999 -9999 -9999 -9999 -9999 -9999 7.64878E-1 7.08051E-1 6.74232E-1 6.62291E-1 6.35452E-1 6.15739E-1 5.87064E-1 5.45477E-1 5.28872E-1 5.37508E-1 5.51889E-1 5.23856E-1 5.19019E-1 5.35048E-1 5.22663E-1 5.19067E-1 4.75493E-1 4.82501E-1 4.92592E-1 4.78112E-1 5.03521E-1 4.86223E-1 4.58407E-1 4.86146E-1 4.64936E-1 4.30723E-1 4.42683E-1 4.30045E-1 4.43958E-1 4.71746E-1 4.36129E-1 4.36623E-1 4.29323E-1 4.42324E-1 4.65863E-1 4.82206E-1 5.04168E-1 5.11681E-1 5.08767E-1 5.20692E-1 5.15361E-1 5.33914E-1 5.34957E-1 5.01662E-1 5.0654E-1 5.06237E-1 4.75893E-1 4.78057E-1 4.69812E-1 4.41929E-1 4.68738E-1 4.82538E-1 5.28283E-1
-9999 -9999 -9999 -9999 -9999 -9999 -9999 -9999 7.75428E-1 7.46655E-1 7.24794E-1 7.13496E-1 6.89326E-1 6.12391E-1 5.57443E-1 4.99344E-1 4.9931E-1 5.19915E-1 5.62619E-1 5.69138E-1 5.17527E-1 5.10073E-1 5.26971E-1 5.18022E-1 5.04426E-1 5.08907E-1 4.85825E-1 4.52697E-1 5.15056E-1 5.01168E-1 4.76052E-1 4.95562E-1 4.67129E-1 4.42473E-1 4.79959E-1 4.34879E-1 4.57918E-1 4.50074E-1 4.84117E-1 4.87026E-1 4.63606E-1 4.53943E-1 4.42202E-1 4.39881E-1 4.6167E-1 4.84792E-1 4.81075E-1 4.90887E-1 4.93576E-1 5.19004E-1 5.42638E-1 5.09347E-1 5.19371E-1 5.25257E-1 4.96034E-1 4.96763E-1 4.80079E-1 4.53039E-1 4.42835E-1 4.55961E-1 4.92772E-1
-9999 -9999 -9999 -9999 -9999 -9999 -9999 -9999 -9999 -9999 7.94066E-1 7.79278E-1 7.2719E-1 6.77453E-1 6.08847E-1 5.5667E-1 5.28176E-1 5.15733E-1 5.22281E-1 5.36287E-1 5.43424E-1 5.17193E-1 5.04073E-1 5.48129E-1 5.347E-1 4.93951E-1 5.11871E-1 5.06647E-1 4.70158E-1 4.62089E-1 4.64416E-1 4.59008E-1 4.93726E-1 4.66224E-1 4.95967E-1 4.85889E-1 4.34739E-1 4.32336E-1 4.28035E-1 4.2622E-1 4.63334E-1 4.57128E-1 4.36465E-1 4.84713E-1 4.48762E-1 4.71461E-1 4.98184E-1 5.00167E-1 5.08229E-1 4.98022E-1 5.3922E-1 5.51146E-1 5.27568E-1 5.04785E-1 5.03587E-1 4.9691E-1 5.00646E-1 4.82325E-1 4.55281E-1 4.34435E-1 4.57946E-1
-9999 -9999 -9999 -9999 8.91186E-1 -9999 -9999 8.19188E-1 7.8476E-1 8.96697E-1 -9999 -9999 7.57634E-1 7.3103E-1 6.78977E-1 6.57151E-1 6.03605E-1 5.5292E-1 5.30742E-1 5.36617E-1 5.365E-1 5.54438E-1 5.59663E-1 6.59491E-1 5.50578E-1 5.51496E-1 5.15697E-1 4.98354E-1 4.90884E-1 4.82496E-1 4.69365E-1 4.75323E-1 4.90668E-1 4.44607E-1 4.99061E-1 5.00385E-1 4.84359E-1 4.60331E-1 4.70558E-1 4.59108E-1 4.42882E-1 4.36723E-1 4.21453E-1 4.33537E-1 4.39268E-1 4.50834E-1 4.81356E-1 4.92957E-1 4.95003E-1 4.92527E-1 5.23948E-1 5.59861E-1 5.41634E-1 5.14447E-1 4.95311E-1 4.64909E-1 4.54463E-1 4.55829E-1 4.55485E-1 4.65087E-1 4.25201E-1
-9999 8.36945E-1 7.89391E-1 -9999 -9999 -9999 -9999 -9999 7.96072E-1 8.19871E-1 -9999 -9999 -9999 -9999 7.54186E-1 6.939E-1 6.28212E-1 5.75882E-1 5.19601E-1 5.14162E-1 5.12723E-1 4.86835E-1 5.30912E-1 5.61187E-1 6.81074E-1 5.90793E-1 5.10154E-1 5.08421E-1 4.73893E-1 4.71452E-1 4.83825E-1 5.11248E-1 5.07142E-1 4.94147E-1 4.9527E-1 5.17632E-1 4.87574E-1 4.71368E-1 4.63125E-1 4.74928E-1 4.5687E-1 4.43357E-1 4.36575E-1 4.41536E-1 4.33514E-1 4.78768E-1 4.47267E-1 4.4662E-1 4.58032E-1 4.42556E-1 4.55171E-1 5.17303E-1 5.47257E-1 5.46383E-1 5.22735E-1 4.91182E-1 4.41012E-1 4.46507E-1 4.5349E-1 4.19215E-1 4.3929E-1
-9999 -9999 -9999 -9999 -9999 -9999 -9999 8.56034E-1 -9999 -9999 -9999 -9999 -9999 -9999 8.07291E-1 7.49782E-1 6.69421E-1 5.83183E-1 5.54351E-1 5.23547E-1 5.1182E-1 5.38424E-1 5.33711E-1 4.9774E-1 5.51706E-1 5.15813E-1 4.84202E-1 4.81622E-1 4.97187E-1 5.05895E-1 5.20475E-1 5.26379E-1 5.04612E-1 5.04443E-1 5.25417E-1 4.79249E-1 4.82427E-1 4.77617E-1 4.52747E-1 4.46935E-1 4.54504E-1 4.53798E-1 4.54114E-1 4.61281E-1 4.49638E-1 4.40351E-1 4.36768E-1 4.21162E-1 4.39775E-1 4.28373E-1 4.40066E-1 4.88154E-1 5.10677E-1 5.16902E-1 5.11103E-1 5.04485E-1 4.92421E-1 4.92849E-1 4.32656E-1 4.44082E-1 4.53923E-1
-9999 -9999 -9999 -9999 -9999 -9999 -9999 8.31894E-1 7.99352E-1 -9999 -9999 -9999 -9999 -9999 -9999 7.66221E-1 6.90915E-1 6.37402E-1 5.88902E-1 5.24478E-1 5.41671E-1 5.4614E-1 5.49847E-1 5.21505E-1 5.04275E-1 4.83403E-1 4.81493E-1 4.60969E-1 4.55408E-1 4.73038E-1 5.0878E-1 5.22832E-1 5.05806E-1 4.89682E-1 5.06538E-1 4.85495E-1 4.48484E-1 4.41766E-1 4.265E-1 4.36093E-1 4.38555E-1 4.25933E-1 4.27335E-1 4.46977E-1 4.76584E-1 4.49556E-1 4.45858E-1 4.22417E-1 4.25754E-1 4.1283E-1 4.3425E-1 4.64096E-1 4.92093E-1 4.99604E-1 4.71641E-1 4.99479E-1 4.91242E-1 5.10711E-1 4.4881E-1 4.07903E-1 4.27811E-1
-9999 -9999 -9999 -9999 -9999 -9999 -9999 -9999 8.19417E-1 -9999 -9999 -9999 -9999 -9999 -9999 8.02513E-1 7.36845E-1 6.76811E-1 6.19954E-1 5.71237E-1 5.53968E-1 5.44262E-1 5.62221E-1 5.49034E-1 5.11615E-1 4.9543E-1 4.83223E-1 4.62552E-1 4.52118E-1 4.69071E-1 4.96956E-1 4.86712E-1 5.14021E-1 5.31852E-1 4.84893E-1 4.50651E-1 4.56498E-1 4.34509E-1 4.41549E-1 4.30817E-1 4.15349E-1 4.1799E-1 4.50485E-1 4.63417E-1 4.86944E-1 4.47934E-1 4.79506E-1 4.2315E-1 4.11118E-1 4.09814E-1 4.51172E-1 4.45867E-1 4.85955E-1 5.06152E-1 4.79698E-1 4.77704E-1 5.14028E-1 4.65054E-1 4.84064E-1 4.9274E-1 4.35733E-1
-9999 -9999 -9999 -9999 -9999 -9999 -9999 -9999 -9999 -9999 -9999 -9999 -9999 -9999 -9999 -9999 7.64701E-1 7.09316E-1 6.40983E-1 5.95996E-1 5.38764E-1 5.16019E-1 5.48216E-1 5.76246E-1 5.56055E-1 5.3688E-1 5.09157E-1 4.84924E-1 4.77097E-1 4.73708E-1 4.78285E-1 4.76273E-1 4.87038E-1 5.19475E-1 4.72331E-1 4.69789E-1 4.54548E-1 4.61645E-1 4.4687E-1 4.47125E-1 4.60328E-1 4.42956E-1 4.64965E-1 4.71002E-1 4.7308E-1 4.36783E-1 4.49657E-1 4.34462E-1 4.27703E-1 4.28754E-1 4.35544E-1 4.4242E-1 4.99747E-1 4.85296E-1 5.14819E-1 4.67709E-1 4.9023E-1 4.84076E-1 4.20881E-1 4.5627E-1 4.60232E-1
-9999 -9999 -9999 -9999 -9999 -9999 -9999 -9999 -9999 -9999 -9999 -9999 -9999 -9999 -9999 8.80903E-1 7.534E-1 7.21432E-1 6.58135E-1 6.03836E-1 5.67425E-1 5.4953E-1 5.52781E-1 5.80497E-1 5.60749E-1 5.90833E-1 5.86688E-1 5.28637E-1 4.96667E-1 4.81835E-1 4.91896E-1 4.71555E-1 4.69222E-1 4.93647E-1 4.83977E-1 4.77552E-1 4.66942E-1 4.59184E-1 4.68274E-1 4.68504E-1 4.75538E-1 4.79141E-1 4.57671E-1 4.68271E-1 4.59955E-1 4.39572E-1 4.46062E-1 4.38661E-1 4.19906E-1 4.5989E-1 4.59315E-1 4.26352E-1 4.73893E-1 5.13767E-1 5.45857E-1 4.82928E-1 4.37184E-1 4.72619E-1 4.53579E-1 4.05642E-1 4.33201E-1
-9999 -9999 -9999 -9999 -9999 -9999 -9999 -9999 -9999 -9999 -9999 -9999 -9999 -9999 -9999 -9999 7.65402E-1 7.49451E-1 6.91684E-1 6.20506E-1 5.89689E-1 5.97647E-1 5.61255E-1 5.99694E-1 5.93734E-1 5.60669E-1 6.46846E-1 5.55316E-1 5.06546E-1 4.95156E-1 4.8999E-1 4.78671E-1 4.70753E-1 4.55713E-1 5.04763E-1 4.81429E-1 4.99189E-1 4.73189E-1 4.63149E-1 4.43326E-1 4.56231E-1 4.59876E-1 4.36623E-1 4.34583E-1 4.10018E-1 4.38017E-1 4.36125E-1 4.29429E-1 4.36869E-1 4.21687E-1 4.53968E-1 4.381E-1 4.85569E-1 4.82217E-1 4.85049E-1 5.00258E-1 4.47323E-1 4.26185E-1 4.3812E-1 3.96758E-1 4.05942E-1
-9999 -9999 -9999 -9999 -9999 -9999 -9999 -9999 -9999 -9999 -9999 -9999 -9999 -9999 -9999 -9999 -9999 7.63754E-1 7.02906E-1 6.476E-1 6.13547E-1 6.01029E-1 5.94875E-1 5.6284E-1 6.5716E-1 6.06695E-1 6.29025E-1 6.16442E-1 5.31405E-1 5.16396E-1 5.06288E-1 4.8697E-1 4.91956E-1 4.97923E-1 4.67015E-1 4.99339E-1 5.06736E-1 4.67495E-1 4.58756E-1 4.69814E-1 4.41886E-1 4.69399E-1 4.5242E-1 4.36664E-1 3.98949E-1 4.36171E-1 4.54571E-1 4.58797E-1 4.65131E-1 4.36093E-1 4.40608E-1 4.24024E-1 4.47224E-1 4.49355E-1 4.41826E-1 4.61349E-1 4.37725E-1 4.11438E-1 4.41477E-1 3.97241E-1 3.86157E-1
-9999 -9999 -9999 -9999 -9999 -9999 -9999 -9999 -9999 -9999 -9999 -9999 -9999 -9999 -9999 -9999 -9999 7.66148E-1 7.4764E-1 7.1897E-1 6.62807E-1 5.54118E-1 5.95901E-1 5.78112E-1 6.59098E-1 6.72835E-1 6.70417E-1 6.23477E-1 5.93616E-1 6.05434E-1 6.01317E-1 5.18332E-1 5.01911E-1 5.02683E-1 4.75634E-1 4.57967E-1 4.70195E-1 4.92537E-1 4.78704E-1 4.56245E-1 4.80552E-1 4.62891E-1 4.41125E-1 4.39811E-1 4.31872E-1 4.12701E-1 4.096E-1 4.29227E-1 4.45973E-1 4.85475E-1 4.17539E-1 4.52E-1 4.39791E-1 4.20965E-1 4.35832E-1 4.18329E-1 4.32271E-1 3.86104E-1 4.28544E-1 4.43473E-1 3.93368E-1
-9999 -9999 -9999 -9999 -9999 -9999 -9999 -9999 -9999 -9999 -9999 -9999 -9999 -9999 -9999 -9999 -9999 -9999 8.21637E-1 7.22162E-1 6.89005E-1 6.20199E-1 5.92567E-1 6.02708E-1 6.26454E-1 6.49136E-1 6.89262E-1 6.22877E-1 6.57154E-1 6.45137E-1 6.41587E-1 6.04188E-1 5.41141E-1 5.0668E-1 4.91338E-1 4.83338E-1 4.7969E-1 5.27312E-1 5.15137E-1 4.59378E-1 4.63587E-1 4.79472E-1 4.55855E-1 4.27209E-1 4.0824E-1 4.07977E-1 3.99605E-1 4.07385E-1 4.20033E-1 4.73195E-1 4.05007E-1 4.14868E-1 4.03586E-1 4.35308E-1 4.37048E-1 3.95776E-1 4.43549E-1 3.91054E-1 4.22532E-1 4.35522E-1 4.05774E-1
-9999 -9999 -9999 -9999 -9999 -9999 -9999 -9999 -9999 -9999 -9999 -9999 -9999 -9999 -9999 -9999 -9999 -9999 8.24523E-1 7.41264E-1 6.73318E-1 6.63531E-1 6.27613E-1 5.67306E-1 5.95249E-1 6.21917E-1 6.64834E-1 6.64025E-1 6.54171E-1 6.43068E-1 6.33214E-1 7.71991E-1 5.97315E-1 5.26773E-1 5.25547E-1 5.73038E-1 5.14387E-1 4.87385E-1 5.02183E-1 4.60435E-1 4.79182E-1 4.50238E-1 4.69584E-1 4.24226E-1 4.03772E-1 4.09644E-1 4.38166E-1 4.17036E-1 4.07734E-1 4.34937E-1 4.11031E-1 4.00517E-1 4.10419E-1 4.23388E-1 4.17103E-1 4.08944E-1 4.23608E-1 4.01122E-1 4.0596E-1 4.29727E-1 3.86133E-1
