maxent_outputs/white_flowers_troch_bombus_environ/white_326.asc
ncols         426
nrows         180
xllcorner     -130.0
yllcorner     24.0
cellsize      0.16666666666666666
NODATA_value  -9999
[rows 54 to 80 of 180, columns 244 to 304 of 426]
5.89979E-2 5.97706E-2 6.75731E-2 7.11834E-2 7.63847E-2 7.4368E-2 7.52641E-2 8.20844E-2 8.90746E-2 1.24553E-1 1.31352E-1 1.24056E-1 1.11034E-1 1.73347E-1 1.81156E-1 1.80396E-1 1.78979E-1 1.75856E-1 1.72596E-1 1.48261E-1 1.31169E-1 1.21188E-1 1.22142E-1 1.22464E-1 1.15011E-1 9.26694E-2 8.26043E-2 8.41504E-2 8.30885E-2 8.24259E-2 8.59399E-2 9.25682E-2 9.48282E-2 1.00639E-1 1.05566E-1 1.23118E-1 1.66866E-1 1.84586E-1 1.87327E-1 1.8872E-1 1.88204E-1 1.89716E-1 1.89673E-1 1.91064E-1 1.92495E-1 1.95992E-1 2.00507E-1 1.70831E-1 1.41843E-1 1.53805E-1 1.7231E-1 1.96769E-1 1.97547E-1 1.98631E-1 1.79917E-1 1.66464E-1 1.40982E-1 1.28179E-1 1.19884E-1 1.20811E-1 1.11112E-1
6.53525E-2 6.73516E-2 6.99874E-2 7.13244E-2 7.59901E-2 7.73687E-2 7.9192E-2 8.72999E-2 1.11855E-1 1.30067E-1 1.04232E-1 1.03836E-1 1.48263E-1 1.83906E-1 1.83376E-1 1.80142E-1 1.76295E-1 1.75454E-1 1.66786E-1 1.33536E-1 1.13862E-1 1.11598E-1 1.14658E-1 1.09638E-1 1.00328E-1 8.72136E-2 8.59423E-2 8.46626E-2 8.20692E-2 8.34535E-2 8.30779E-2 8.48016E-2 8.91722E-2 9.72127E-2 1.1004E-1 1.08111E-1 1.38451E-1 1.89555E-1 1.8981E-1 1.90863E-1 1.92655E-1 1.92163E-1 1.91821E-1 1.89711E-1 1.90365E-1 1.97236E-1 2.04328E-1 1.96009E-1 1.50025E-1 1.47224E-1 1.58646E-1 1.73488E-1 1.85967E-1 2.03724E-1 1.88135E-1 1.46495E-1 1.31266E-1 1.27205E-1 1.17676E-1 1.19927E-1 1.17788E-1
6.83846E-2 7.34027E-2 7.42143E-2 7.70232E-2 8.0721E-2 7.98354E-2 8.14779E-2 9.56241E-2 1.08985E-1 9.75363E-2 1.03675E-1 1.30442E-1 1.8553E-1 1.87948E-1 1.83263E-1 1.77238E-1 1.74805E-1 1.74536E-1 1.53258E-1 1.19025E-1 1.13317E-1 1.05215E-1 9.77769E-2 9.72368E-2 9.18282E-2 9.12395E-2 8.55529E-2 8.66024E-2 8.45997E-2 8.42322E-2 8.29509E-2 8.36838E-2 9.16051E-2 9.87457E-2 1.0467E-1 1.10616E-1 1.53706E-1 1.90827E-1 1.92304E-1 1.92436E-1 1.9512E-1 1.95648E-1 1.95751E-1 1.94304E-1 1.94638E-1 1.97963E-1 2.03669E-1 1.89836E-1 1.42161E-1 1.38081E-1 1.4025E-1 1.3764E-1 1.40483E-1 1.60315E-1 1.80163E-1 1.79279E-1 1.24537E-1 1.15622E-1 1.14141E-1 1.2998E-1 1.33951E-1
7.21134E-2 7.72204E-2 7.92601E-2 8.21393E-2 8.3592E-2 8.38874E-2 8.777E-2 9.32769E-2 9.12881E-2 9.61616E-2 1.0688E-1 1.68513E-1 1.93823E-1 1.90323E-1 1.85042E-1 1.7912E-1 1.77391E-1 1.77056E-1 1.44121E-1 1.13223E-1 1.09134E-1 1.02955E-1 1.0023E-1 9.1901E-2 8.87667E-2 8.74495E-2 8.82483E-2 9.65794E-2 8.75783E-2 8.45636E-2 8.27369E-2 8.81412E-2 9.44458E-2 1.01937E-1 1.09296E-1 1.17774E-1 1.58176E-1 1.9375E-1 1.97394E-1 1.96066E-1 1.95073E-1 1.97869E-1 1.99357E-1 1.99282E-1 1.98547E-1 2.03221E-1 1.87595E-1 1.43665E-1 1.34051E-1 1.32254E-1 1.36259E-1 1.32321E-1 1.28678E-1 1.26353E-1 1.3394E-1 1.30164E-1 1.24E-1 1.17399E-1 1.21731E-1 1.44694E-1 1.42302E-1
7.49278E-2 8.08593E-2 8.3824E-2 8.40624E-2 8.462E-2 9.3553E-2 9.37895E-2 9.0758E-2 9.26756E-2 1.02699E-1 1.1174E-1 1.79958E-1 2.00627E-1 1.95954E-1 1.89847E-1 1.84631E-1 1.82822E-1 1.70884E-1 1.30757E-1 1.17483E-1 1.12857E-1 1.04735E-1 9.30495E-2 8.74885E-2 8.61235E-2 8.37476E-2 8.7771E-2 9.17035E-2 8.83965E-2 8.73796E-2 8.93231E-2 9.32361E-2 9.58436E-2 1.03151E-1 1.17497E-1 1.54558E-1 1.8695E-1 2.00765E-1 2.02746E-1 2.01447E-1 1.98966E-1 2.00666E-1 2.03169E-1 2.02441E-1 2.00848E-1 1.97431E-1 1.59748E-1 1.37997E-1 1.39723E-1 1.35929E-1 1.36912E-1 1.33591E-1 1.2333E-1 1.16238E-1 1.19977E-1 1.24314E-1 1.22334E-1 1.15574E-1 1.21591E-1 1.29823E-1 1.21877E-1
7.88651E-2 8.35787E-2 9.0548E-2 9.35794E-2 9.1186E-2 1.13071E-1 9.19497E-2 9.28927E-2 9.63651E-2 1.07855E-1 1.43234E-1 2.01061E-1 2.07204E-1 2.01255E-1 1.95714E-1 1.91919E-1 1.82419E-1 1.44315E-1 1.18009E-1 1.14749E-1 1.10267E-1 1.0417E-1 9.86734E-2 9.08521E-2 8.90966E-2 8.92719E-2 9.03507E-2 9.24522E-2 9.41359E-2 9.63615E-2 9.80362E-2 9.93419E-2 1.0377E-1 1.16138E-1 1.44331E-1 1.94593E-1 1.89047E-1 1.73765E-1 1.62026E-1 1.78734E-1 2.02988E-1 2.04701E-1 2.07616E-1 2.08736E-1 2.00151E-1 1.80136E-1 1.46883E-1 1.42059E-1 1.43404E-1 1.40603E-1 1.33647E-1 1.25147E-1 1.22574E-1 1.17369E-1 1.07554E-1 1.1177E-1 1.19329E-1 1.16348E-1 1.19217E-1 1.20016E-1 1.17173E-1
8.29799E-2 8.5823E-2 8.59381E-2 8.63875E-2 8.87191E-2 1.09275E-1 9.25373E-2 9.37425E-2 9.9829E-2 1.21567E-1 1.99603E-1 2.08355E-1 2.07285E-1 2.03475E-1 2.00701E-1 1.97001E-1 1.86016E-1 1.41518E-1 1.19308E-1 1.16536E-1 1.11974E-1 1.07316E-1 9.94836E-2 9.81764E-2 9.75955E-2 9.97883E-2 9.9036E-2 9.76192E-2 1.00676E-1 1.04666E-1 1.07259E-1 1.08403E-1 1.21439E-1 1.70648E-1 1.81006E-1 1.69301E-1 1.32605E-1 1.26801E-1 1.27378E-1 1.36557E-1 1.88819E-1 2.08383E-1 2.11476E-1 2.12213E-1 2.04783E-1 1.7647E-1 1.51308E-1 1.4289E-1 1.40953E-1 1.36658E-1 1.30442E-1 1.24162E-1 1.15325E-1 1.06789E-1 1.01068E-1 1.08137E-1 1.1577E-1 1.21104E-1 1.236E-1 1.29361E-1 1.32157E-1
8.77343E-2 8.91042E-2 8.25332E-2 8.30242E-2 8.69686E-2 9.11342E-2 8.8806E-2 9.41252E-2 1.02744E-1 1.19816E-1 2.01697E-1 2.11696E-1 2.09267E-1 2.08143E-1 2.03572E-1 2.01729E-1 1.83941E-1 1.38333E-1 1.18339E-1 1.13265E-1 1.15757E-1 1.09527E-1 1.04532E-1 1.04449E-1 1.0328E-1 9.96949E-2 1.01696E-1 1.02694E-1 1.07106E-1 1.12052E-1 1.13986E-1 1.152E-1 1.37706E-1 1.85261E-1 1.68844E-1 1.26186E-1 1.1667E-1 1.20717E-1 1.23373E-1 1.29097E-1 1.67807E-1 2.10741E-1 2.1476E-1 2.18147E-1 2.10061E-1 1.80772E-1 1.54129E-1 1.41617E-1 1.3873E-1 1.33931E-1 1.27041E-1 1.22629E-1 1.1372E-1 1.08871E-1 1.07223E-1 1.12057E-1 1.24819E-1 1.3191E-1 1.44642E-1 1.5303E-1 1.60958E-1
8.64285E-2 8.47911E-2 8.46889E-2 8.41938E-2 8.75911E-2 8.49728E-2 8.97175E-2 9.61293E-2 1.03063E-1 1.42357E-1 2.15525E-1 2.17286E-1 2.15821E-1 2.1184E-1 2.06968E-1 2.05399E-1 1.76021E-1 1.27073E-1 1.17163E-1 1.15745E-1 1.15222E-1 1.11262E-1 1.11109E-1 1.07477E-1 1.05493E-1 1.04382E-1 1.07347E-1 1.09423E-1 1.14712E-1 1.20328E-1 1.20528E-1 1.14831E-1 1.23177E-1 1.25281E-1 1.18741E-1 1.12422E-1 1.14644E-1 1.2064E-1 1.23867E-1 1.26257E-1 1.62875E-1 2.13874E-1 2.16874E-1 2.18687E-1 2.12164E-1 1.8855E-1 1.54275E-1 1.45692E-1 1.40937E-1 1.33798E-1 1.22382E-1 1.20773E-1 1.21019E-1 1.19701E-1 1.21769E-1 1.23806E-1 1.37443E-1 1.48437E-1 1.7693E-1 2.21183E-1 2.44379E-1
8.39876E-2 8.57028E-2 8.87125E-2 8.6054E-2 8.86042E-2 8.66953E-2 9.18812E-2 9.82231E-2 1.10119E-1 2.00257E-1 2.25916E-1 2.21793E-1 2.18392E-1 2.12427E-1 2.08501E-1 2.09934E-1 2.01936E-1 1.55171E-1 1.33473E-1 1.24696E-1 1.19443E-1 1.19197E-1 1.16161E-1 1.08618E-1 1.06467E-1 1.06526E-1 1.10477E-1 1.11313E-1 1.12047E-1 1.09552E-1 1.14224E-1 1.21865E-1 1.24912E-1 1.15289E-1 1.14298E-1 1.17945E-1 1.18248E-1 1.21187E-1 1.22633E-1 1.2685E-1 1.42836E-1 2.1267E-1 2.19389E-1 2.18428E-1 2.16495E-1 1.86044E-1 1.46534E-1 1.42697E-1 1.42544E-1 1.36311E-1 1.28147E-1 1.24264E-1 1.22863E-1 1.27001E-1 1.31869E-1 1.39019E-1 1.4864E-1 1.81399E-1 2.6378E-1 2.86445E-1 2.89102E-1
8.26287E-2 8.55385E-2 9.0265E-2 9.06456E-2 9.09674E-2 9.08957E-2 9.33063E-2 1.00067E-1 1.21596E-1 2.2458E-1 2.29422E-1 2.23983E-1 2.2019E-1 2.1643E-1 2.14919E-1 2.12533E-1 2.10782E-1 1.82563E-1 1.48777E-1 1.30581E-1 1.19266E-1 1.16239E-1 1.14425E-1 1.13755E-1 1.13112E-1 1.1259E-1 1.13005E-1 1.12964E-1 1.12424E-1 1.15483E-1 1.20438E-1 1.2141E-1 1.21518E-1 1.19475E-1 1.16343E-1 1.15994E-1 1.19614E-1 1.21389E-1 1.24632E-1 1.28402E-1 1.39889E-1 2.13701E-1 2.21522E-1 2.09574E-1 1.79189E-1 1.57227E-1 1.49206E-1 1.45627E-1 1.44298E-1 1.39172E-1 1.34503E-1 1.33323E-1 1.31868E-1 1.30561E-1 1.37491E-1 1.47292E-1 1.66303E-1 1.9357E-1 2.23509E-1 2.42855E-1 2.39806E-1
8.55316E-2 8.61479E-2 9.06381E-2 9.19911E-2 9.34145E-2 9.78802E-2 9.98295E-2 1.1099E-1 1.26446E-1 2.24762E-1 2.31918E-1 2.27999E-1 2.26351E-1 2.21668E-1 2.18247E-1 2.15489E-1 2.1552E-1 2.08418E-1 1.68075E-1 1.37727E-1 1.25318E-1 1.23051E-1 1.26824E-1 1.20281E-1 1.19109E-1 1.18415E-1 1.17522E-1 1.18972E-1 1.19232E-1 1.17971E-1 1.16689E-1 1.17817E-1 1.1824E-1 1.23812E-1 1.22217E-1 1.25204E-1 1.25702E-1 1.25281E-1 1.25449E-1 1.31337E-1 1.39774E-1 1.82083E-1 1.92777E-1 1.59504E-1 1.48569E-1 1.52222E-1 1.53888E-1 1.49955E-1 1.50236E-1 1.46393E-1 1.42213E-1 1.40501E-1 1.40766E-1 1.39905E-1 1.44955E-1 1.5195E-1 1.55903E-1 1.59157E-1 1.64173E-1 1.70337E-1 1.78303E-1
8.70311E-2 8.76691E-2 9.24557E-2 9.30145E-2 9.45607E-2 9.73093E-2 1.02965E-1 1.12331E-1 1.22909E-1 2.04215E-1 2.30154E-1 2.31395E-1 2.30167E-1 2.28845E-1 2.24508E-1 2.23183E-1 2.22497E-1 2.17136E-1 1.82674E-1 1.39515E-1 1.32038E-1 1.35581E-1 1.3305E-1 1.28742E-1 1.2503E-1 1.22725E-1 1.23426E-1 1.20972E-1 1.21501E-1 1.22746E-1 1.21866E-1 1.22448E-1 1.20228E-1 1.27075E-1 1.26952E-1 1.24825E-1 1.24942E-1 1.28739E-1 1.31645E-1 1.36892E-1 1.47615E-1 1.55426E-1 1.47244E-1 1.48222E-1 1.4907E-1 1.52623E-1 1.53408E-1 1.54515E-1 1.53947E-1 1.48075E-1 1.4598E-1 1.45499E-1 1.43824E-1 1.45191E-1 1.501E-1 1.54058E-1 1.58459E-1 1.67921E-1 1.72133E-1 1.75829E-1 1.81501E-1
8.61711E-2 8.93582E-2 8.99701E-2 9.15808E-2 9.48174E-2 9.73554E-2 1.05023E-1 1.09978E-1 1.17731E-1 1.63689E-1 2.27204E-1 2.36904E-1 2.33372E-1 2.343E-1 2.31484E-1 2.27625E-1 2.2646E-1 2.22135E-1 1.8859E-1 1.39504E-1 1.30318E-1 1.29803E-1 1.27145E-1 1.28473E-1 1.25481E-1 1.23454E-1 1.22041E-1 1.22687E-1 1.27811E-1 1.27267E-1 1.23647E-1 1.22617E-1 1.26832E-1 1.30069E-1 1.30201E-1 1.31277E-1 1.31837E-1 1.39735E-1 1.45704E-1 1.50366E-1 1.56672E-1 1.55488E-1 1.50143E-1 1.49237E-1 1.50513E-1 1.54058E-1 1.56074E-1 1.55514E-1 1.55748E-1 1.54471E-1 1.5374E-1 1.52879E-1 1.51179E-1 1.56681E-1 1.86284E-1 2.17866E-1 2.30251E-1 2.51206E-1 2.56445E-1 2.5178E-1 2.49483E-1
9.10165E-2 9.35096E-2 9.22559E-2 9.21543E-2 9.83121E-2 1.03864E-1 1.0651E-1 1.13524E-1 1.19864E-1 1.86161E-1 2.32136E-1 2.40291E-1 2.38333E-1 2.34067E-1 2.31165E-1 2.27558E-1 2.29387E-1 2.25688E-1 1.77962E-1 1.42083E-1 1.37749E-1 1.32585E-1 1.30693E-1 1.33237E-1 1.27932E-1 1.25168E-1 1.22692E-1 1.21894E-1 1.23311E-1 1.21606E-1 1.21395E-1 1.24865E-1 1.29294E-1 1.3179E-1 1.36273E-1 1.4371E-1 1.46619E-1 1.56072E-1 1.62125E-1 1.89003E-1 1.82134E-1 1.59395E-1 1.50097E-1 1.50729E-1 1.53714E-1 1.56486E-1 1.62866E-1 2.00058E-1 2.27278E-1 2.2758E-1 2.18585E-1 2.04953E-1 1.84644E-1 1.94392E-1 2.19369E-1 2.34324E-1 2.62635E-1 2.66465E-1 2.6699E-1 2.54692E-1 2.22235E-1
9.53596E-2 9.89622E-2 9.6148E-2 9.48529E-2 9.73748E-2 1.03743E-1 1.11652E-1 1.19733E-1 1.24836E-1 1.90198E-1 2.37312E-1 2.41614E-1 2.40736E-1 2.36794E-1 2.33137E-1 2.30659E-1 2.26422E-1 2.15762E-1 1.64096E-1 1.40031E-1 1.36965E-1 1.35726E-1 1.32262E-1 1.31781E-1 1.29427E-1 1.29189E-1 1.2651E-1 1.23403E-1 1.23022E-1 1.22426E-1 1.25467E-1 1.3122E-1 1.37349E-1 1.39344E-1 1.39034E-1 1.49814E-1 1.61803E-1 1.67714E-1 1.74986E-1 2.19645E-1 2.07582E-1 1.71785E-1 1.53943E-1 1.55903E-1 1.59323E-1 1.77279E-1 2.38257E-1 2.68573E-1 2.64103E-1 2.58554E-1 2.53872E-1 2.52684E-1 2.50532E-1 2.54641E-1 2.59817E-1 2.56366E-1 2.61787E-1 2.53987E-1 2.28085E-1 1.79169E-1 1.51083E-1
9.69641E-2 1.02932E-1 1.00876E-1 1.00535E-1 1.0188E-1 1.0419E-1 1.12642E-1 1.18031E-1 1.30357E-1 1.87975E-1 2.3443E-1 2.43082E-1 2.41773E-1 2.37545E-1 2.33894E-1 2.29361E-1 2.15061E-1 1.78648E-1 1.46791E-1 1.37332E-1 1.35918E-1 1.33527E-1 1.36094E-1 1.33936E-1 1.31016E-1 1.30043E-1 1.25965E-1 1.24134E-1 1.26132E-1 1.28168E-1 1.2821E-1 1.2794E-1 1.33371E-1 1.42533E-1 1.4891E-1 1.55681E-1 1.64102E-1 1.70251E-1 1.63847E-1 1.62736E-1 1.64269E-1 1.61621E-1 1.63791E-1 1.92321E-1 2.27074E-1 2.68735E-1 2.75773E-1 2.7244E-1 2.68512E-1 2.62397E-1 2.58448E-1 2.56758E-1 2.53044E-1 2.52581E-1 2.55013E-1 2.42259E-1 2.06048E-1 1.65742E-1 1.47553E-1 1.43853E-1 1.33459E-1
1.01485E-1 9.96239E-2 1.00179E-1 1.00433E-1 9.99555E-2 1.0377E-1 1.13097E-1 1.21553E-1 1.32482E-1 1.45295E-1 2.09337E-1 2.37905E-1 2.42265E-1 2.4032E-1 2.36752E-1 2.26925E-1 1.9251E-1 1.46694E-1 1.39527E-1 1.36234E-1 1.34993E-1 1.34457E-1 1.35324E-1 1.33455E-1 1.32481E-1 1.30686E-1 1.27012E-1 1.24061E-1 1.23079E-1 1.26226E-1 1.29099E-1 1.33508E-1 1.35782E-1 1.39255E-1 1.46985E-1 1.55355E-1 1.68317E-1 1.78027E-1 1.67834E-1 1.70123E-1 1.71811E-1 1.973E-1 2.44569E-1 2.6884E-1 2.72261E-1 2.75973E-1 2.78987E-1 2.74683E-1 2.70384E-1 2.67724E-1 2.6189E-1 2.57895E-1 2.51494E-1 2.2946E-1 1.93674E-1 1.66647E-1 1.4958E-1 1.40901E-1 1.37621E-1 1.42116E-1 1.38307E-1
1.01259E-1 1.00493E-1 9.91611E-2 1.01222E-1 1.02596E-1 1.08706E-1 1.16802E-1 1.24918E-1 1.34332E-1 1.4023E-1 1.76347E-1 2.21116E-1 2.28722E-1 2.30042E-1 2.25333E-1 2.1206E-1 1.61663E-1 1.46332E-1 1.43074E-1 1.41072E-1 1.38253E-1 1.37642E-1 1.35645E-1 1.35844E-1 1.33675E-1 1.3115E-1 1.29298E-1 1.25414E-1 1.23799E-1 1.2445E-1 1.29446E-1 1.33937E-1 1.37031E-1 1.40761E-1 1.47645E-1 1.57627E-1 1.99988E-1 2.43458E-1 2.22256E-1 2.34143E-1 2.26293E-1 2.53671E-1 2.65096E-1 2.69419E-1 2.73034E-1 2.75797E-1 2.77512E-1 2.76888E-1 2.73501E-1 2.60052E-1 2.31795E-1 1.99952E-1 1.73616E-1 1.68549E-1 1.53511E-1 1.46797E-1 1.45527E-1 1.40725E-1 1.38832E-1 1.37674E-1 1.33926E-1
1.01678E-1 1.0046E-1 1.00498E-1 1.03908E-1 1.08949E-1 1.15535E-1 1.19722E-1 1.27965E-1 1.36222E-1 1.39776E-1 1.46837E-1 1.79167E-1 2.06262E-1 1.90918E-1 1.71017E-1 1.56439E-1 1.44042E-1 1.4166E-1 1.484E-1 1.47057E-1 1.42094E-1 1.39488E-1 1.36562E-1 1.35501E-1 1.33441E-1 1.32663E-1 1.29459E-1 1.27469E-1 1.29353E-1 1.30086E-1 1.319E-1 1.33115E-1 1.36279E-1 1.44814E-1 1.55604E-1 1.72931E-1 2.14363E-1 2.42151E-1 2.39583E-1 2.30975E-1 2.44573E-1 2.58631E-1 2.57789E-1 2.61664E-1 2.63768E-1 2.68126E-1 2.68311E-1 2.33618E-1 2.07139E-1 1.78531E-1 1.63607E-1 1.5298E-1 1.47331E-1 1.47399E-1 1.44895E-1 1.4463E-1 1.43042E-1 1.4019E-1 1.36431E-1 1.37117E-1 1.33276E-1
1.02863E-1 1.04197E-1 1.07341E-1 1.11439E-1 1.16067E-1 1.16726E-1 1.22381E-1 1.30941E-1 1.27196E-1 1.34408E-1 1.40092E-1 1.41158E-1 1.43151E-1 1.42205E-1 1.36955E-1 1.35839E-1 1.38005E-1 1.40059E-1 1.444E-1 1.4174E-1 1.41245E-1 1.38164E-1 1.35103E-1 1.36275E-1 1.34244E-1 1.31245E-1 1.30943E-1 1.31071E-1 1.33624E-1 1.34583E-1 1.33551E-1 1.33908E-1 1.39417E-1 1.50456E-1 1.55802E-1 1.50547E-1 1.56202E-1 1.80884E-1 2.09831E-1 2.034E-1 2.50156E-1 2.48773E-1 2.48367E-1 2.37252E-1 2.39286E-1 2.44514E-1 2.1498E-1 1.80676E-1 1.63875E-1 1.52019E-1 1.53807E-1 1.46783E-1 1.45513E-1 1.4624E-1 1.42128E-1 1.41789E-1 1.39585E-1 1.38715E-1 1.38469E-1 1.38116E-1 1.34925E-1
1.11394E-1 1.14084E-1 1.15531E-1 1.20681E-1 1.1867E-1 1.25567E-1 1.36525E-1 1.2965E-1 1.21303E-1 1.23355E-1 1.2824E-1 1.32572E-1 1.32087E-1 1.30408E-1 1.29397E-1 1.33107E-1 1.34819E-1 1.38636E-1 1.38666E-1 1.37919E-1 1.36921E-1 1.40299E-1 1.37459E-1 1.357E-1 1.33513E-1 1.32053E-1 1.32702E-1 1.34745E-1 1.36251E-1 1.3936E-1 1.36948E-1 1.40233E-1 1.42921E-1 1.45756E-1 1.47626E-1 1.50462E-1 1.51403E-1 1.59402E-1 1.67252E-1 1.71104E-1 1.92063E-1 1.93702E-1 1.8179E-1 1.79943E-1 1.8291E-1 1.81852E-1 1.78389E-1 1.68964E-1 1.59021E-1 1.52107E-1 1.54628E-1 1.5245E-1 1.44403E-1 1.41171E-1 1.37754E-1 1.391E-1 1.44615E-1 1.44394E-1 1.42166E-1 1.39051E-1 1.36796E-1
1.23582E-1 1.21916E-1 1.238E-1 1.23401E-1 1.30225E-1 1.28469E-1 1.39942E-1 1.32006E-1 1.25746E-1 1.25239E-1 1.28538E-1 1.31764E-1 1.31889E-1 1.30203E-1 1.32627E-1 1.34692E-1 1.38598E-1 1.4039E-1 1.381E-1 1.39618E-1 1.40175E-1 1.41469E-1 1.38125E-1 1.37306E-1 1.36703E-1 1.39163E-1 1.37916E-1 1.37795E-1 1.40767E-1 1.43589E-1 1.40892E-1 1.41346E-1 1.42474E-1 1.44368E-1 1.48143E-1 1.48253E-1 1.48096E-1 1.516E-1 1.49796E-1 1.50497E-1 1.55363E-1 1.53761E-1 1.56634E-1 1.61013E-1 1.64268E-1 1.60778E-1 1.68561E-1 1.63116E-1 1.56409E-1 1.56875E-1 1.55357E-1 1.52873E-1 1.48047E-1 1.46495E-1 1.39467E-1 1.3817E-1 1.41467E-1 1.4532E-1 1.41368E-1 1.42593E-1 1.42372E-1
1.25624E-1 1.22264E-1 1.25138E-1 1.26526E-1 1.22865E-1 1.26663E-1 1.27994E-1 1.28374E-1 1.30748E-1 1.32175E-1 1.32786E-1 1.33372E-1 1.32858E-1 1.32419E-1 1.33235E-1 1.33412E-1 1.38159E-1 1.38868E-1 1.39825E-1 1.41468E-1 1.42114E-1 1.4142E-1 1.40689E-1 1.40522E-1 1.4498E-1 1.47511E-1 1.40789E-1 1.40553E-1 1.4241E-1 1.47146E-1 1.49686E-1 1.48084E-1 1.47534E-1 1.50015E-1 1.50583E-1 1.46534E-1 1.4891E-1 1.49818E-1 1.47616E-1 1.49308E-1 1.47367E-1 1.49361E-1 1.51148E-1 1.54554E-1 1.52655E-1 1.53331E-1 1.63281E-1 1.59314E-1 1.54759E-1 1.56438E-1 1.54528E-1 1.53327E-1 1.52186E-1 1.50059E-1 1.43934E-1 1.42364E-1 1.43327E-1 1.46895E-1 1.49145E-1 1.46073E-1 1.48096E-1
1.2483E-1 1.23578E-1 1.27203E-1 1.2982E-1 1.27611E-1 1.26315E-1 1.26007E-1 1.27891E-1 1.31688E-1 1.33943E-1 1.33311E-1 1.339E-1 1.35474E-1 1.36773E-1 1.37802E-1 1.3982E-1 1.40746E-1 1.42017E-1 1.43055E-1 1.44194E-1 1.46705E-1 1.44871E-1 1.45181E-1 1.45145E-1 1.44615E-1 1.45191E-1 1.45172E-1 1.4642E-1 1.46784E-1 1.49005E-1 1.52514E-1 1.52252E-1 1.52061E-1 1.498E-1 1.50263E-1 1.49319E-1 1.51296E-1 1.48112E-1 1.44738E-1 1.4448E-1 1.45462E-1 1.46897E-1 1.4784E-1 1.49714E-1 1.51475E-1 1.51847E-1 1.57101E-1 1.54635E-1 1.51085E-1 1.54331E-1 1.50402E-1 1.49653E-1 1.49544E-1 1.52584E-1 1.51117E-1 1.50031E-1 1.49577E-1 1.49908E-1 1.53973E-1 1.56704E-1 1.55554E-1
1.27235E-1 1.2976E-1 1.28868E-1 1.29668E-1 1.31442E-1 1.30255E-1 1.28982E-1 1.32043E-1 1.35577E-1 1.38416E-1 1.36279E-1 1.34234E-1 1.34681E-1 1.37152E-1 1.41065E-1 1.46417E-1 1.47895E-1 1.50451E-1 1.50712E-1 1.49862E-1 1.4995E-1 1.47758E-1 1.49301E-1 1.46427E-1 1.46277E-1 1.47269E-1 1.4942E-1 1.50898E-1 1.51528E-1 1.51037E-1 1.54673E-1 1.57044E-1 1.51159E-1 1.47152E-1 1.49262E-1 1.49574E-1 1.49412E-1 1.46865E-1 1.45356E-1 1.45258E-1 1.453E-1 1.4945E-1 1.49887E-1 1.52959E-1 1.54491E-1 1.50679E-1 1.54918E-1 1.57882E-1 1.55127E-1 1.54447E-1 1.52764E-1 1.54517E-1 1.57803E-1 1.59899E-1 1.61795E-1 1.59308E-1 1.57563E-1 1.56749E-1 1.60056E-1 1.5814E-1 1.62371E-1
1.34323E-1 1.33773E-1 1.34128E-1 1.31883E-1 1.32345E-1 1.30917E-1 1.3066E-1 1.33884E-1 1.36327E-1 1.37366E-1 1.36971E-1 1.35905E-1 1.37206E-1 1.40318E-1 1.45023E-1 1.52807E-1 1.52766E-1 1.52322E-1 1.49504E-1 1.48673E-1 1.48641E-1 1.47927E-1 1.47562E-1 1.47106E-1 1.46192E-1 1.48705E-1 1.50943E-1 1.5138E-1 1.57087E-1 1.57507E-1 1.53543E-1 1.51009E-1 1.47908E-1 1.45678E-1 1.47193E-1 1.49669E-1 1.50319E-1 1.48094E-1 1.46575E-1 1.43653E-1 1.46114E-1 1.49038E-1 1.54379E-1 1.55109E-1 1.57118E-1 1.53374E-1 1.58029E-1 1.62941E-1 1.62914E-1 1.58892E-1 1.58979E-1 1.63211E-1 1.67122E-1 1.68283E-1 1.72099E-1 1.69769E-1 1.70987E-1 1.7029E-1 1.64857E-1 1.64096E-1 1.67658E-1
