maxent_outputs/white_flowers_troch_bombus_environ/white_173.asc
ncols         426
nrows         180
xllcorner     -130.0
yllcorner     24.0
cellsize      0.16666666666666666
NODATA_value  -9999
[rows 81 to 107 of 180, columns 61 to 121 of 426]
4.36924E-1 5.42311E-1 4.69565E-1 5.24409E-1 4.62576E-1 4.82763E-1 4.74803E-1 5.05818E-1 4.69007E-1 5.18288E-1 4.8646E-1 4.595E-1 5.24107E-1 5.10138E-1 4.82112E-1 4.49166E-1 4.38807E-1 5.48719E-1 5.45006E-1 4.3916E-1 4.47348E-1 5.02548E-1 4.78349E-1 5.41848E-1 4.60339E-1 5.61079E-1 5.89558E-1 4.91741E-1 4.97296E-1 5.07219E-1 4.85283E-1 4.7068E-1 4.30076E-1 5.16375E-1 4.1508E-1 3.89793E-1 3.99671E-1 3.96426E-1 3.90886E-1 3.97192E-1 4.24113E-1 4.45296E-1 4.00503E-1 5.90618E-1 4.49957E-1 6.38077E-1 5.2997E-1 4.83026E-1 5.60968E-1 6.10449E-1 5.18223E-1 6.65982E-1 6.85903E-1 6.37911E-1 5.84459E-1 5.81416E-1 4.87083E-1 4.64868E-1 4.23827E-1 4.00585E-1 3.94647E-1
4.75693E-1 5.10378E-1 5.19179E-1 4.91691E-1 5.0857E-1 4.30901E-1 5.02349E-1 4.82712E-1 4.43319E-1 4.97613E-1 5.04205E-1 4.33351E-1 5.06835E-1 5.08282E-1 5.10703E-1 5.12502E-1 4.73419E-1 5.43087E-1 4.89398E-1 4.72336E-1 5.42914E-1 4.76529E-1 4.79077E-1 5.1527E-1 4.53905E-1 5.9066E-1 5.13842E-1 5.45594E-1 5.43637E-1 5.85448E-1 4.6238E-1 5.02053E-1 4.74972E-1 4.85533E-1 4.51581E-1 4.29211E-1 3.95123E-1 3.89847E-1 3.93228E-1 3.88837E-1 3.95336E-1 4.08726E-1 4.00761E-1 4.96612E-1 4.27809E-1 4.64226E-1 4.40254E-1 5.14258E-1 5.33917E-1 6.08162E-1 5.84959E-1 6.30477E-1 6.30557E-1 5.51321E-1 4.97318E-1 4.85099E-1 4.41437E-1 4.09765E-1 3.70783E-1 3.44391E-1 3.35958E-1
5.5419E-1 6.72788E-1 5.34173E-1 5.12624E-1 4.99349E-1 4.34008E-1 5.00283E-1 4.26672E-1 4.47843E-1 4.33589E-1 4.32754E-1 4.87302E-1 4.43575E-1 4.50575E-1 4.94592E-1 4.66887E-1 4.95899E-1 4.89129E-1 5.2995E-1 5.07428E-1 4.90439E-1 4.60017E-1 5.18808E-1 4.69971E-1 4.91176E-1 5.79295E-1 5.24198E-1 5.34628E-1 4.78142E-1 5.63696E-1 4.85891E-1 4.64638E-1 5.1237E-1 4.62422E-1 4.38684E-1 4.70327E-1 4.25454E-1 3.86703E-1 3.95995E-1 3.96004E-1 3.70387E-1 3.77619E-1 4.32202E-1 5.01166E-1 4.60098E-1 4.72714E-1 4.65501E-1 4.70075E-1 4.71605E-1 5.29793E-1 5.38165E-1 5.89332E-1 6.27164E-1 6.17503E-1 5.48569E-1 5.15208E-1 4.54661E-1 4.05208E-1 3.76018E-1 3.38071E-1 3.21246E-1
5.44557E-1 5.44939E-1 5.28504E-1 4.99407E-1 4.8431E-1 4.64283E-1 4.3312E-1 4.19681E-1 4.03789E-1 4.20035E-1 5.31956E-1 4.5439E-1 4.06934E-1 4.65648E-1 4.39655E-1 4.8272E-1 4.83226E-1 4.95751E-1 4.76008E-1 4.7976E-1 5.42304E-1 5.611E-1 5.03512E-1 4.69783E-1 5.40604E-1 5.56548E-1 5.24186E-1 5.14019E-1 4.80796E-1 5.3787E-1 4.62377E-1 5.4109E-1 5.57119E-1 4.32607E-1 4.48102E-1 5.89532E-1 4.27234E-1 3.81671E-1 3.97926E-1 3.94765E-1 4.19482E-1 3.87419E-1 4.73649E-1 4.98219E-1 5.40351E-1 5.00505E-1 5.16986E-1 4.33048E-1 5.94078E-1 5.67335E-1 5.66704E-1 5.74857E-1 5.54142E-1 5.83505E-1 5.89335E-1 5.90217E-1 5.52213E-1 4.76923E-1 4.33035E-1 3.64931E-1 3.55863E-1
4.91586E-1 5.14399E-1 5.32567E-1 4.99388E-1 4.80007E-1 4.43612E-1 4.07225E-1 3.95014E-1 3.89487E-1 4.67401E-1 4.30883E-1 4.28779E-1 5.23923E-1 4.73641E-1 4.78053E-1 5.17412E-1 5.0381E-1 5.78586E-1 4.83486E-1 5.31463E-1 5.01436E-1 5.11945E-1 4.7777E-1 4.73929E-1 5.12539E-1 5.50533E-1 4.48268E-1 5.13369E-1 4.96719E-1 5.61244E-1 4.73356E-1 5.42917E-1 4.72997E-1 5.29242E-1 5.83126E-1 6.10274E-1 3.9717E-1 3.93521E-1 4.3873E-1 3.93476E-1 4.32228E-1 4.33747E-1 3.94769E-1 3.98812E-1 4.2701E-1 4.3456E-1 4.87813E-1 4.53247E-1 5.77724E-1 5.51026E-1 5.53321E-1 6.13897E-1 5.7149E-1 5.3673E-1 5.18722E-1 5.35405E-1 5.65041E-1 5.12678E-1 4.60025E-1 4.07405E-1 4.02747E-1
4.87809E-1 5.23193E-1 5.18211E-1 4.64029E-1 4.46297E-1 4.08191E-1 4.02677E-1 4.00027E-1 4.24322E-1 5.19192E-1 4.12566E-1 5.64445E-1 4.56055E-1 4.61041E-1 5.19193E-1 4.78037E-1 4.98976E-1 5.21169E-1 5.50349E-1 4.84746E-1 4.2801E-1 4.42576E-1 4.86197E-1 5.12093E-1 5.04422E-1 4.95589E-1 4.43349E-1 5.23182E-1 4.43461E-1 5.10102E-1 4.86046E-1 5.63454E-1 4.39752E-1 5.02387E-1 5.05587E-1 4.10904E-1 4.41433E-1 4.23307E-1 4.04263E-1 4.01719E-1 4.44032E-1 3.99119E-1 3.78592E-1 3.70384E-1 3.86783E-1 4.61497E-1 4.28993E-1 4.48011E-1 5.8376E-1 4.66509E-1 5.12671E-1 6.44189E-1 5.9959E-1 4.66771E-1 4.29261E-1 4.29722E-1 5.1946E-1 5.93109E-1 4.98469E-1 4.89186E-1 4.57895E-1
4.94973E-1 5.24477E-1 5.02899E-1 4.68989E-1 4.43743E-1 4.13133E-1 4.20909E-1 4.11416E-1 4.69191E-1 4.54479E-1 4.80681E-1 4.98898E-1 5.39026E-1 5.05837E-1 4.70293E-1 4.50009E-1 5.46221E-1 4.8045E-1 4.82595E-1 4.97957E-1 5.28759E-1 4.48034E-1 5.70285E-1 5.38037E-1 4.73067E-1 4.64775E-1 5.20299E-1 4.68202E-1 5.29957E-1 5.05163E-1 4.93325E-1 6.23842E-1 4.42459E-1 5.91473E-1 4.85598E-1 3.90425E-1 4.60008E-1 3.8828E-1 4.09322E-1 4.95913E-1 4.21997E-1 3.87614E-1 3.60775E-1 3.76817E-1 3.8355E-1 5.26624E-1 4.27293E-1 4.58694E-1 5.65755E-1 4.34616E-1 6.25008E-1 6.46203E-1 5.84908E-1 4.37924E-1 3.95288E-1 4.13103E-1 4.15778E-1 5.34334E-1 4.97286E-1 5.21022E-1 5.0151E-1
5.0216E-1 4.85441E-1 4.97701E-1 4.57547E-1 4.40803E-1 4.40401E-1 4.23704E-1 4.2556E-1 4.36911E-1 4.12192E-1 4.58916E-1 4.60198E-1 5.32749E-1 4.74907E-1 5.17202E-1 5.17523E-1 5.64817E-1 4.55571E-1 5.14903E-1 5.17305E-1 5.44536E-1 4.98419E-1 4.86434E-1 4.37452E-1 4.86446E-1 5.21983E-1 5.58005E-1 4.29862E-1 5.10802E-1 5.00616E-1 5.49109E-1 6.30927E-1 4.6143E-1 6.52023E-1 5.54243E-1 3.93988E-1 4.83722E-1 4.29351E-1 4.74535E-1 4.56976E-1 4.01084E-1 3.68845E-1 3.66317E-1 3.71989E-1 3.85592E-1 5.30136E-1 4.98274E-1 4.66393E-1 4.73459E-1 5.60243E-1 6.44627E-1 5.52838E-1 4.71614E-1 3.86116E-1 4.26081E-1 4.50359E-1 3.84894E-1 4.35443E-1 4.29062E-1 5.20526E-1 5.54993E-1
4.66163E-1 5.13963E-1 5.32482E-1 4.54777E-1 4.21192E-1 4.26875E-1 4.31676E-1 4.22416E-1 4.77632E-1 4.63282E-1 4.63228E-1 4.61776E-1 4.59222E-1 5.35443E-1 5.11041E-1 5.90394E-1 4.52694E-1 5.20842E-1 5.6403E-1 4.84926E-1 5.81829E-1 5.80071E-1 4.71275E-1 5.18134E-1 4.66422E-1 4.68884E-1 5.5775E-1 5.06235E-1 4.61722E-1 5.69481E-1 4.81556E-1 5.3684E-1 5.20162E-1 5.59561E-1 4.29377E-1 4.21193E-1 4.62939E-1 5.0562E-1 4.73684E-1 4.37254E-1 4.22304E-1 4.08167E-1 3.72927E-1 3.7126E-1 3.71324E-1 4.59605E-1 5.82623E-1 4.59609E-1 4.41024E-1 6.20794E-1 6.17113E-1 5.38027E-1 4.06631E-1 3.78517E-1 4.21503E-1 4.35046E-1 4.01826E-1 3.88171E-1 3.79822E-1 4.67768E-1 5.15719E-1
4.5377E-1 4.99092E-1 4.97325E-1 4.60077E-1 4.4451E-1 5.01235E-1 4.04863E-1 4.30933E-1 4.32232E-1 3.9814E-1 4.29499E-1 4.40864E-1 4.95907E-1 5.13592E-1 5.53829E-1 5.47908E-1 4.37212E-1 5.57047E-1 5.03566E-1 5.56915E-1 5.13923E-1 5.64568E-1 4.99478E-1 4.89258E-1 4.53995E-1 4.38268E-1 6.03391E-1 4.9745E-1 4.50399E-1 5.45673E-1 5.29326E-1 5.36389E-1 4.79007E-1 6.94685E-1 4.67241E-1 4.68275E-1 4.43077E-1 4.94207E-1 4.56164E-1 4.22452E-1 4.63539E-1 4.74529E-1 3.84074E-1 3.78071E-1 4.03606E-1 6.01861E-1 6.00321E-1 4.38298E-1 5.03723E-1 5.56631E-1 5.42362E-1 4.52569E-1 4.09952E-1 4.23393E-1 4.37978E-1 4.40693E-1 3.78425E-1 3.26808E-1 3.3106E-1 3.51652E-1 3.6345E-1
5.03831E-1 5.20013E-1 4.82095E-1 4.69147E-1 4.69229E-1 5.12034E-1 5.37039E-1 4.95681E-1 4.72162E-1 4.6261E-1 4.33629E-1 4.63594E-1 4.71251E-1 5.4003E-1 5.86698E-1 5.79254E-1 4.87849E-1 6.334E-1 4.95112E-1 6.16709E-1 4.89732E-1 5.36614E-1 4.88653E-1 4.5753E-1 4.8801E-1 3.93114E-1 4.68881E-1 4.83927E-1 4.40551E-1 5.53996E-1 5.69543E-1 4.86883E-1 4.52873E-1 5.85726E-1 4.59625E-1 4.61028E-1 4.74715E-1 4.73383E-1 4.1042E-1 3.92415E-1 4.22305E-1 4.14743E-1 4.2709E-1 4.31574E-1 5.17266E-1 5.86877E-1 4.65069E-1 4.94089E-1 5.62629E-1 6.08245E-1 5.23682E-1 4.3114E-1 4.04978E-1 4.45103E-1 4.44296E-1 4.31811E-1 3.36507E-1 3.30821E-1 3.39483E-1 3.53634E-1 3.58263E-1
5.6569E-1 5.27738E-1 5.08418E-1 5.37582E-1 5.49931E-1 5.08621E-1 5.64939E-1 4.42551E-1 4.81276E-1 4.71615E-1 5.01739E-1 4.71807E-1 4.69685E-1 4.90631E-1 5.28138E-1 4.89561E-1 5.26663E-1 5.29439E-1 4.97226E-1 5.3766E-1 5.21168E-1 4.88839E-1 4.38574E-1 4.71419E-1 3.96009E-1 3.61005E-1 5.21324E-1 4.72306E-1 4.30884E-1 5.55467E-1 5.34802E-1 4.52589E-1 5.10365E-1 4.60969E-1 4.50682E-1 5.35047E-1 3.99787E-1 4.86521E-1 4.01991E-1 4.85336E-1 4.15167E-1 4.04539E-1 4.74704E-1 5.26539E-1 5.58872E-1 5.08482E-1 5.71021E-1 5.68619E-1 6.13659E-1 5.90401E-1 5.14192E-1 4.13608E-1 4.16757E-1 4.1505E-1 3.97332E-1 3.59843E-1 3.52477E-1 3.49716E-1 3.70008E-1 3.95192E-1 4.11235E-1
5.96514E-1 6.0004E-1 5.4523E-1 5.70435E-1 5.15702E-1 4.89598E-1 5.69735E-1 4.92987E-1 5.02589E-1 4.92138E-1 4.69622E-1 5.16643E-1 4.69373E-1 4.64367E-1 4.36131E-1 4.65111E-1 4.8866E-1 5.11032E-1 5.60393E-1 4.73631E-1 5.24608E-1 4.00874E-1 4.29249E-1 4.10006E-1 3.44669E-1 4.02231E-1 5.5014E-1 4.25617E-1 4.1435E-1 5.13197E-1 5.19429E-1 4.61752E-1 5.23988E-1 5.43179E-1 4.58428E-1 5.46639E-1 4.28906E-1 5.13363E-1 4.03725E-1 4.74781E-1 4.2092E-1 4.32112E-1 5.25432E-1 5.37854E-1 6.98748E-1 5.29895E-1 5.76232E-1 4.87944E-1 4.96219E-1 4.92487E-1 5.59415E-1 4.32519E-1 3.91724E-1 3.69457E-1 3.43124E-1 3.50678E-1 3.85618E-1 3.97303E-1 3.89537E-1 4.03551E-1 3.94431E-1
5.74209E-1 5.71649E-1 5.76891E-1 4.8836E-1 5.26451E-1 5.12616E-1 5.09903E-1 5.09837E-1 5.04651E-1 5.11853E-1 4.54976E-1 4.84799E-1 4.58995E-1 4.61549E-1 4.17412E-1 4.94931E-1 4.69217E-1 5.00571E-1 4.82634E-1 4.35994E-1 4.81441E-1 3.76185E-1 4.1746E-1 3.63806E-1 3.9744E-1 5.39931E-1 4.6698E-1 4.24126E-1 4.45248E-1 5.06633E-1 5.02696E-1 5.10136E-1 5.62018E-1 5.42085E-1 5.32844E-1 5.50817E-1 4.86583E-1 5.3684E-1 4.70115E-1 4.12171E-1 3.78833E-1 4.59296E-1 4.47757E-1 4.93726E-1 6.68283E-1 4.80659E-1 5.09319E-1 4.93395E-1 4.84287E-1 5.02479E-1 5.15882E-1 4.63826E-1 3.8826E-1 3.76498E-1 3.76423E-1 3.62119E-1 4.10685E-1 4.46511E-1 4.31289E-1 4.1125E-1 3.95822E-1
5.79342E-1 5.95783E-1 6.05378E-1 5.78436E-1 5.04555E-1 4.68275E-1 4.69699E-1 4.8623E-1 4.7452E-1 4.84586E-1 4.63045E-1 4.11413E-1 4.71378E-1 4.42305E-1 4.51018E-1 4.71699E-1 4.46389E-1 4.60958E-1 4.61702E-1 4.3635E-1 4.83928E-1 4.27742E-1 3.90412E-1 4.12523E-1 5.66917E-1 4.76159E-1 4.09818E-1 4.29184E-1 4.93885E-1 4.60407E-1 4.52701E-1 5.2126E-1 4.83592E-1 5.29477E-1 5.37643E-1 4.93454E-1 5.28937E-1 4.79659E-1 4.23845E-1 3.84854E-1 4.47549E-1 4.67519E-1 4.7591E-1 4.9028E-1 4.97824E-1 5.24094E-1 5.24797E-1 4.96786E-1 5.41306E-1 6.32114E-1 6.46866E-1 4.99487E-1 4.14462E-1 4.45216E-1 5.37991E-1 3.93617E-1 4.11725E-1 4.45502E-1 4.40442E-1 4.40571E-1 4.60598E-1
5.88267E-1 6.14925E-1 6.03786E-1 6.26984E-1 5.24249E-1 5.02328E-1 4.615E-1 4.46762E-1 5.16797E-1 5.36901E-1 4.3408E-1 4.43514E-1 4.34907E-1 4.66247E-1 4.66181E-1 4.40967E-1 4.19763E-1 4.08026E-1 4.04913E-1 4.68953E-1 5.33132E-1 4.38543E-1 4.21643E-1 4.34919E-1 4.24829E-1 4.55059E-1 4.46231E-1 4.14077E-1 5.04836E-1 4.64012E-1 4.13698E-1 5.58284E-1 4.6986E-1 4.77253E-1 5.5433E-1 5.09279E-1 4.24658E-1 3.88824E-1 3.81336E-1 3.82465E-1 3.99287E-1 4.22835E-1 4.45541E-1 5.32975E-1 4.07202E-1 5.54791E-1 4.89659E-1 5.68121E-1 5.83047E-1 5.26192E-1 4.73635E-1 4.4667E-1 4.36568E-1 4.40892E-1 5.06574E-1 4.25658E-1 4.13228E-1 4.29983E-1 4.86317E-1 5.22071E-1 5.50829E-1
5.79905E-1 5.82261E-1 5.99693E-1 6.34625E-1 5.82513E-1 5.05772E-1 4.96566E-1 5.02701E-1 5.23084E-1 6.34679E-1 4.30355E-1 5.24525E-1 5.18597E-1 4.08436E-1 4.69964E-1 4.62156E-1 4.46775E-1 4.50826E-1 4.36966E-1 4.03006E-1 4.55001E-1 4.60154E-1 4.10531E-1 4.23813E-1 3.67403E-1 4.57168E-1 4.83461E-1 4.45977E-1 4.38134E-1 4.72035E-1 4.12808E-1 4.94926E-1 4.2048E-1 5.0239E-1 4.95027E-1 4.53376E-1 3.95213E-1 3.92781E-1 4.60292E-1 4.2823E-1 4.21063E-1 5.71856E-1 6.45075E-1 5.494E-1 4.42134E-1 4.87037E-1 4.48047E-1 5.7508E-1 4.89364E-1 4.38803E-1 4.24796E-1 4.16304E-1 4.44235E-1 4.15514E-1 3.95972E-1 4.37454E-1 4.32802E-1 4.37854E-1 5.09557E-1 5.66707E-1 5.70712E-1
5.66208E-1 6.18428E-1 6.21819E-1 6.11877E-1 6.17804E-1 5.9347E-1 5.01451E-1 4.63374E-1 4.19689E-1 6.41019E-1 5.31434E-1 4.76645E-1 4.84368E-1 4.65781E-1 4.73098E-1 4.42651E-1 4.34006E-1 4.18676E-1 4.62129E-1 4.11601E-1 3.96711E-1 4.1982E-1 4.49202E-1 4.20009E-1 4.46409E-1 4.70982E-1 5.17245E-1 4.40842E-1 4.48116E-1 4.31802E-1 5.11E-1 4.90693E-1 4.81016E-1 4.97077E-1 4.91052E-1 4.96303E-1 4.61027E-1 4.81916E-1 5.27982E-1 5.01976E-1 5.70989E-1 6.33589E-1 6.51481E-1 5.34406E-1 5.14578E-1 5.4016E-1 4.58859E-1 4.7287E-1 5.09888E-1 4.77099E-1 4.2031E-1 4.01239E-1 4.25665E-1 4.50709E-1 3.80471E-1 4.14508E-1 4.35198E-1 4.64523E-1 4.80219E-1 5.24622E-1 5.2986E-1
5.1117E-1 5.80009E-1 5.70714E-1 5.38892E-1 6.04631E-1 6.32647E-1 6.58401E-1 4.53978E-1 3.94055E-1 5.30116E-1 5.66161E-1 4.69663E-1 4.97964E-1 5.38463E-1 4.52407E-1 4.28688E-1 4.39506E-1 4.40768E-1 4.29108E-1 3.96371E-1 4.14603E-1 4.25305E-1 4.90286E-1 4.18941E-1 5.15818E-1 4.2627E-1 4.54577E-1 4.47822E-1 4.67667E-1 4.37463E-1 5.35689E-1 5.07416E-1 5.30458E-1 5.22427E-1 4.9738E-1 5.11206E-1 4.91764E-1 5.32456E-1 6.17176E-1 4.98602E-1 5.79465E-1 5.46228E-1 5.91784E-1 5.58644E-1 5.66018E-1 5.51859E-1 4.74848E-1 4.5137E-1 4.35891E-1 4.57948E-1 4.73143E-1 4.55065E-1 3.99796E-1 4.25628E-1 4.27221E-1 4.00171E-1 4.42959E-1 4.45934E-1 4.591E-1 4.93135E-1 4.46573E-1
4.76363E-1 4.9842E-1 5.45885E-1 5.90735E-1 6.23649E-1 6.17592E-1 6.40647E-1 5.95277E-1 4.87233E-1 4.57071E-1 4.98475E-1 4.58059E-1 4.58686E-1 4.53314E-1 4.88931E-1 4.72165E-1 3.8695E-1 4.22676E-1 4.58356E-1 4.4811E-1 4.71375E-1 4.98739E-1 4.61932E-1 3.87618E-1 3.97506E-1 4.44811E-1 4.15428E-1 4.65365E-1 4.19454E-1 4.68252E-1 4.95134E-1 4.63953E-1 4.62867E-1 4.67439E-1 4.37136E-1 4.60671E-1 4.52021E-1 4.76166E-1 4.87586E-1 4.51146E-1 4.83562E-1 5.30386E-1 5.04379E-1 5.07176E-1 4.96636E-1 4.99139E-1 4.66012E-1 4.44044E-1 4.37507E-1 4.31795E-1 4.25116E-1 4.3406E-1 4.69728E-1 4.19916E-1 4.27695E-1 4.3522E-1 4.10081E-1 4.26366E-1 4.60866E-1 4.3944E-1 4.02865E-1
4.59763E-1 4.75473E-1 4.90484E-1 5.65089E-1 6.10466E-1 5.98068E-1 6.35512E-1 6.67455E-1 5.84978E-1 4.26906E-1 5.34066E-1 4.89796E-1 4.19689E-1 4.54697E-1 4.4306E-1 4.57543E-1 4.51903E-1 3.79364E-1 4.06602E-1 4.41989E-1 4.73154E-1 4.46306E-1 3.95343E-1 4.13345E-1 4.24077E-1 4.84352E-1 4.26614E-1 3.891E-1 4.5413E-1 4.46026E-1 4.4296E-1 4.34882E-1 4.44557E-1 4.2457E-1 4.1572E-1 4.59539E-1 4.42772E-1 3.72399E-1 3.88481E-1 4.43504E-1 4.69623E-1 5.1688E-1 5.0448E-1 4.84496E-1 4.65501E-1 4.65463E-1 4.53875E-1 4.11282E-1 3.97466E-1 4.0282E-1 4.21804E-1 4.82363E-1 4.55626E-1 4.81596E-1 4.41184E-1 4.54892E-1 4.3987E-1 4.16339E-1 4.35427E-1 3.81041E-1 3.9613E-1
4.58983E-1 4.35059E-1 4.54765E-1 4.7112E-1 5.08823E-1 5.72611E-1 6.05195E-1 6.24874E-1 6.51128E-1 4.34652E-1 5.50184E-1 4.74288E-1 4.52839E-1 5.0349E-1 4.6422E-1 4.65687E-1 5.30574E-1 4.42413E-1 4.37749E-1 4.3992E-1 4.61384E-1 4.7494E-1 4.04822E-1 3.9455E-1 4.62086E-1 4.42318E-1 4.24561E-1 4.06011E-1 4.74153E-1 4.03385E-1 4.361E-1 4.39637E-1 4.99786E-1 4.16156E-1 3.90559E-1 4.03113E-1 4.74781E-1 4.27751E-1 4.27757E-1 4.30478E-1 4.38413E-1 4.53187E-1 4.80599E-1 4.19418E-1 4.27807E-1 4.82236E-1 4.99959E-1 4.44188E-1 4.44371E-1 4.06348E-1 3.96378E-1 4.11447E-1 4.36026E-1 4.52742E-1 4.59061E-1 4.80052E-1 4.90829E-1 4.34879E-1 4.53493E-1 4.03719E-1 4.02947E-1
4.65047E-1 4.37818E-1 4.49324E-1 4.45506E-1 4.83701E-1 5.43046E-1 5.71589E-1 6.02485E-1 6.95164E-1 4.99862E-1 4.41911E-1 5.11265E-1 3.7368E-1 4.4988E-1 5.01375E-1 3.74559E-1 4.18739E-1 4.54589E-1 3.9905E-1 3.91313E-1 3.98419E-1 4.17295E-1 4.12343E-1 3.96818E-1 4.32571E-1 4.12866E-1 4.26039E-1 5.03529E-1 5.13752E-1 4.09124E-1 4.02498E-1 3.72979E-1 3.93423E-1 3.93095E-1 3.98022E-1 4.86667E-1 5.23287E-1 4.8331E-1 4.46502E-1 4.47635E-1 4.13768E-1 4.28667E-1 3.86078E-1 4.26995E-1 4.87566E-1 5.84252E-1 5.14043E-1 4.52543E-1 4.36735E-1 4.25013E-1 4.16725E-1 4.12174E-1 4.14062E-1 4.32838E-1 4.88913E-1 5.04057E-1 5.20919E-1 4.48723E-1 4.17507E-1 3.95832E-1 3.91597E-1
4.3787E-1 4.37716E-1 4.52086E-1 4.49937E-1 4.50313E-1 5.10682E-1 5.72281E-1 6.35373E-1 6.69106E-1 6.89725E-1 4.39401E-1 5.18677E-1 5.11999E-1 4.93163E-1 4.94948E-1 3.84756E-1 3.76708E-1 3.58021E-1 4.47424E-1 3.72574E-1 3.65567E-1 3.96344E-1 4.22578E-1 4.41144E-1 4.09254E-1 3.96997E-1 4.2491E-1 5.83792E-1 5.20769E-1 4.1965E-1 3.76915E-1 3.81445E-1 3.74155E-1 4.11085E-1 5.19177E-1 4.57951E-1 4.71065E-1 4.80363E-1 4.53225E-1 4.77823E-1 4.46706E-1 4.28289E-1 4.36108E-1 4.60161E-1 5.34689E-1 6.10492E-1 5.38319E-1 4.07612E-1 4.3E-1 4.45813E-1 4.19102E-1 4.1476E-1 4.14025E-1 4.46032E-1 4.38922E-1 4.58423E-1 5.00796E-1 5.08009E-1 4.29947E-1 4.0907E-1 3.93638E-1
4.56295E-1 4.59714E-1 4.56922E-1 4.62555E-1 4.58014E-1 4.63133E-1 5.80286E-1 6.46805E-1 6.22485E-1 6.19505E-1 5.5588E-1 4.20525E-1 4.90349E-1 4.679E-1 4.25989E-1 5.07227E-1 4.96356E-1 3.5504E-1 4.47747E-1 4.58082E-1 3.66986E-1 3.89758E-1 4.50015E-1 5.58614E-1 5.56207E-1 5.01319E-1 4.17098E-1 4.59924E-1 4.81519E-1 3.97033E-1 3.89187E-1 4.20575E-1 3.89384E-1 4.0478E-1 4.13727E-1 4.14794E-1 5.06111E-1 4.97293E-1 4.62862E-1 4.98545E-1 5.02263E-1 4.75666E-1 4.61225E-1 4.64541E-1 5.35009E-1 6.15453E-1 5.80587E-1 4.53945E-1 4.20707E-1 4.33664E-1 4.10073E-1 4.08741E-1 4.15523E-1 4.11734E-1 4.40074E-1 4.59032E-1 4.43564E-1 4.80956E-1 4.95347E-1 4.90686E-1 4.22596E-1
4.4419E-1 4.59188E-1 4.74882E-1 4.78228E-1 4.65556E-1 4.72273E-1 5.70866E-1 6.08414E-1 5.59518E-1 5.92231E-1 5.64149E-1 4.57827E-1 5.24984E-1 4.75442E-1 4.42124E-1 4.5838E-1 5.85039E-1 3.98518E-1 4.49732E-1 4.50278E-1 3.82187E-1 4.30791E-1 3.97718E-1 4.56035E-1 6.25459E-1 6.35288E-1 4.97881E-1 4.26782E-1 3.99215E-1 3.98116E-1 4.29206E-1 4.09549E-1 4.17592E-1 4.50026E-1 4.41996E-1 3.9704E-1 5.05269E-1 4.72843E-1 4.85352E-1 4.75713E-1 4.73039E-1 4.67521E-1 4.53248E-1 4.8788E-1 4.89443E-1 5.53514E-1 5.97774E-1 5.19592E-1 4.28343E-1 4.20856E-1 4.05942E-1 3.99475E-1 3.97134E-1 4.04254E-1 4.24184E-1 4.29942E-1 4.41095E-1 4.59224E-1 4.8543E-1 4.81199E-1 4.3519E-1
4.67159E-1 4.60579E-1 4.60476E-1 4.65847E-1 4.67244E-1 4.56636E-1 5.35667E-1 6.0815E-1 5.48928E-1 5.65076E-1 5.67511E-1 4.68068E-1 5.07222E-1 5.1279E-1 5.07407E-1 3.80044E-1 6.05102E-1 4.23319E-1 4.14826E-1 4.99494E-1 4.48562E-1 4.23038E-1 4.20053E-1 3.79772E-1 4.48906E-1 5.40985E-1 4.72539E-1 4.30789E-1 4.12059E-1 4.16496E-1 4.67814E-1 4.65753E-1 4.43853E-1 4.34694E-1 4.18424E-1 4.4098E-1 4.69443E-1 4.86743E-1 4.78008E-1 4.70617E-1 5.02309E-1 4.63962E-1 4.32787E-1 4.35772E-1 4.71674E-1 4.82281E-1 4.88822E-1 4.74964E-1 4.63179E-1 4.05722E-1 3.75235E-1 3.83006E-1 3.95939E-1 3.94123E-1 4.04746E-1 4.16852E-1 4.10539E-1 4.24649E-1 4.30781E-1 4.31991E-1 4.03108E-1
