maxent_outputs/white_flowers_troch_bombus_environ/white_33.asc
ncols         426
nrows         180
xllcorner     -130.0
yllcorner     24.0
cellsize      0.16666666666666666
NODATA_value  -9999
[rows 27 to 53 of 180, columns 61 to 121 of 426]
7.39826E-2 1.40595E-1 4.79629E-2 4.04103E-2 5.12785E-2 5.41066E-2 3.76198E-2 4.57335E-2 6.02428E-2 4.26883E-2 1.13814E-1 6.68436E-2 5.00607E-2 9.21324E-2 5.5259E-2 4.35121E-2 2.83589E-2 3.45243E-2 1.03146E-1 2.26162E-2 2.63218E-2 2.45656E-2 2.48595E-2 2.97402E-2 3.30258E-2 3.05508E-2 4.48705E-2 3.06408E-2 2.4158E-2 1.75298E-2 1.39977E-2 1.47165E-2 2.43062E-2 3.41973E-2 4.16912E-2 4.30057E-2 4.24138E-2 4.48116E-2 5.01835E-2 4.90895E-2 4.91649E-2 5.38133E-2 5.44727E-2 5.62918E-2 5.4065E-2 5.46748E-2 5.08825E-2 4.68367E-2 4.28262E-2 4.12892E-2 4.01185E-2 3.82793E-2 3.73189E-2 3.48821E-2 2.87137E-2 2.30585E-2 1.89613E-2 1.89814E-2 1.87317E-2 1.92358E-2 1.87637E-2
8.2671E-2 1.29601E-1 5.86757E-2 3.95248E-2 5.76779E-2 6.45318E-2 5.05668E-2 4.71667E-2 7.83847E-2 6.03481E-2 4.84581E-2 4.89036E-2 8.02241E-2 8.45736E-2 5.30136E-2 5.47206E-2 3.30814E-2 3.15001E-2 6.52053E-2 5.79157E-2 3.73949E-2 3.2385E-2 2.74524E-2 2.98808E-2 2.53392E-2 2.51455E-2 4.42028E-2 5.49043E-2 3.49568E-2 2.08705E-2 1.44587E-2 1.45273E-2 1.49518E-2 1.86363E-2 2.1065E-2 3.22929E-2 4.00525E-2 4.52312E-2 4.51393E-2 4.76186E-2 4.6708E-2 4.66981E-2 4.44967E-2 4.38605E-2 4.36987E-2 4.83459E-2 5.08536E-2 4.71584E-2 4.20608E-2 3.87976E-2 3.72774E-2 3.71109E-2 3.62053E-2 3.58281E-2 3.19531E-2 2.53369E-2 1.98259E-2 1.83787E-2 1.84048E-2 1.62248E-2 1.59357E-2
9.5713E-2 1.17486E-1 1.01879E-1 4.64582E-2 5.0854E-2 6.37418E-2 6.40301E-2 6.42949E-2 8.48028E-2 1.11358E-1 5.89003E-2 6.69974E-2 9.07521E-2 1.04007E-1 6.85728E-2 7.36573E-2 3.69232E-2 3.41594E-2 4.13859E-2 1.1049E-1 6.51713E-2 4.21915E-2 3.79497E-2 2.85188E-2 2.91024E-2 3.072E-2 2.86316E-2 6.55408E-2 4.75501E-2 1.9611E-2 1.49911E-2 1.88409E-2 1.84943E-2 1.33636E-2 1.42806E-2 2.48892E-2 3.35063E-2 3.80205E-2 3.84904E-2 4.15938E-2 4.25594E-2 4.02607E-2 4.13619E-2 4.12377E-2 3.81215E-2 4.02932E-2 4.58343E-2 4.38929E-2 4.45962E-2 4.56756E-2 4.72504E-2 4.31444E-2 4.04416E-2 3.67818E-2 3.11179E-2 3.08644E-2 2.91036E-2 2.24754E-2 1.78645E-2 1.70823E-2 1.70689E-2
7.21738E-2 1.22713E-1 1.49706E-1 4.96436E-2 3.91634E-2 6.1781E-2 7.1841E-2 7.85999E-2 6.2461E-2 1.00027E-1 9.22595E-2 1.09405E-1 1.16417E-1 9.04261E-2 7.51724E-2 7.09025E-2 4.67215E-2 4.96093E-2 3.59594E-2 5.98249E-2 1.06404E-1 6.07056E-2 3.85929E-2 3.08427E-2 3.91149E-2 3.33889E-2 2.59007E-2 5.88426E-2 6.95788E-2 2.86286E-2 1.8209E-2 1.76623E-2 2.62942E-2 1.67177E-2 1.19827E-2 1.50914E-2 1.96111E-2 2.67587E-2 3.72733E-2 3.60217E-2 3.74808E-2 3.88413E-2 4.19099E-2 4.16912E-2 3.86649E-2 3.92677E-2 4.15378E-2 4.85815E-2 4.02854E-2 3.46256E-2 3.7207E-2 3.5795E-2 3.86787E-2 4.46342E-2 3.70731E-2 3.30594E-2 3.35749E-2 3.13229E-2 2.76892E-2 2.70423E-2 2.67237E-2
7.05037E-2 1.14229E-1 1.49311E-1 6.44429E-2 5.17251E-2 5.35206E-2 6.39698E-2 6.21508E-2 5.25803E-2 8.8974E-2 1.34396E-1 1.08363E-1 8.31373E-2 8.19973E-2 9.63872E-2 6.30699E-2 6.21772E-2 8.63472E-2 4.96248E-2 3.8986E-2 1.08173E-1 1.09787E-1 7.16988E-2 5.15616E-2 4.3797E-2 3.04948E-2 3.35753E-2 4.5041E-2 3.49577E-2 5.24731E-2 2.30554E-2 1.60708E-2 2.02229E-2 2.91998E-2 2.0535E-2 1.18778E-2 1.41088E-2 2.30872E-2 3.44368E-2 3.49492E-2 3.50762E-2 3.98927E-2 4.25165E-2 4.60898E-2 4.53637E-2 4.19711E-2 4.89138E-2 5.03426E-2 3.89331E-2 3.66623E-2 3.38403E-2 3.04918E-2 3.28264E-2 3.60809E-2 3.67765E-2 3.44275E-2 3.32672E-2 3.43894E-2 3.49321E-2 3.27736E-2 3.41367E-2
8.10766E-2 1.15821E-1 1.09481E-1 6.57108E-2 6.90006E-2 6.58347E-2 7.6199E-2 5.98973E-2 6.27058E-2 9.82383E-2 1.41096E-1 1.16926E-1 9.10157E-2 7.81844E-2 9.21415E-2 8.90818E-2 8.08091E-2 1.22388E-1 6.2336E-2 5.24283E-2 1.11882E-1 6.09206E-2 7.37761E-2 8.91243E-2 4.06388E-2 4.90173E-2 3.5737E-2 6.49562E-2 3.12593E-2 3.29874E-2 3.32084E-2 3.75725E-2 2.28814E-2 2.10921E-2 3.28197E-2 4.18967E-2 1.6225E-2 1.54078E-2 1.89689E-2 3.46864E-2 3.5447E-2 4.45851E-2 5.06983E-2 5.56952E-2 6.1643E-2 6.22094E-2 6.63888E-2 5.12969E-2 4.42118E-2 3.95946E-2 3.74054E-2 3.43473E-2 3.34104E-2 3.30627E-2 3.27944E-2 3.35415E-2 3.38703E-2 3.48546E-2 3.46224E-2 3.6062E-2 3.64385E-2
9.12274E-2 1.48271E-1 1.20927E-1 7.28218E-2 6.5319E-2 8.22426E-2 8.79077E-2 6.16323E-2 8.4119E-2 1.49761E-1 1.04242E-1 1.18901E-1 1.05939E-1 8.10494E-2 8.65436E-2 1.0324E-1 9.55854E-2 1.1218E-1 7.30305E-2 8.51856E-2 1.21333E-1 6.55455E-2 4.72211E-2 9.62967E-2 5.4716E-2 8.43847E-2 6.62903E-2 6.64105E-2 3.54221E-2 3.0949E-2 2.53196E-2 4.29912E-2 5.7691E-2 4.55589E-2 4.44312E-2 3.13417E-2 2.52854E-2 1.59841E-2 1.47989E-2 3.30631E-2 3.66302E-2 4.40579E-2 5.27875E-2 5.73047E-2 6.04413E-2 5.92176E-2 6.01214E-2 5.31308E-2 5.00142E-2 4.61599E-2 3.95342E-2 3.77297E-2 3.55778E-2 3.56475E-2 3.45736E-2 3.39761E-2 3.35406E-2 3.41637E-2 3.46332E-2 3.80549E-2 3.91837E-2
1.34142E-1 1.21409E-1 1.23028E-1 1.09948E-1 1.03116E-1 1.05932E-1 1.05363E-1 9.04122E-2 1.00789E-1 1.38331E-1 1.13862E-1 9.73488E-2 1.26011E-1 9.51952E-2 1.04552E-1 1.16303E-1 1.15115E-1 1.21833E-1 1.08188E-1 1.36267E-1 1.59155E-1 9.78422E-2 5.19488E-2 7.79874E-2 4.38287E-2 5.99242E-2 5.92179E-2 5.81722E-2 4.7801E-2 3.97032E-2 2.40424E-2 3.74579E-2 5.86404E-2 6.12859E-2 3.7848E-2 3.01075E-2 2.29113E-2 2.35118E-2 1.90331E-2 2.11589E-2 2.85706E-2 4.04519E-2 4.9527E-2 5.84315E-2 5.76448E-2 5.51015E-2 5.41657E-2 5.04075E-2 4.62333E-2 4.08527E-2 4.00908E-2 3.90783E-2 4.03135E-2 3.79812E-2 3.80372E-2 3.82433E-2 3.5342E-2 3.48658E-2 3.3398E-2 3.50418E-2 3.38738E-2
1.35682E-1 1.34204E-1 1.17922E-1 1.23257E-1 1.21596E-1 1.14861E-1 1.20757E-1 1.21856E-1 1.38008E-1 1.59276E-1 1.01989E-1 1.1124E-1 1.23841E-1 1.12516E-1 1.20161E-1 1.20137E-1 1.1941E-1 1.14769E-1 1.25486E-1 1.32028E-1 1.5862E-1 1.11034E-1 9.71377E-2 8.83047E-2 6.90503E-2 4.18106E-2 6.44197E-2 5.60147E-2 5.15756E-2 4.26166E-2 4.27092E-2 4.35181E-2 4.77391E-2 7.01462E-2 8.01234E-2 3.43259E-2 2.50334E-2 2.1156E-2 1.67098E-2 1.79526E-2 1.89103E-2 2.1959E-2 3.67733E-2 5.00176E-2 5.01995E-2 4.83467E-2 5.04084E-2 5.00264E-2 4.82212E-2 4.62649E-2 4.44217E-2 4.64102E-2 4.62204E-2 4.5242E-2 4.82386E-2 4.8552E-2 4.20936E-2 4.07291E-2 3.71148E-2 3.13654E-2 3.01969E-2
8.76704E-2 1.03261E-1 9.50051E-2 9.71188E-2 1.45436E-1 1.24821E-1 1.46028E-1 1.39941E-1 1.53707E-1 1.49935E-1 1.33712E-1 1.38061E-1 1.49945E-1 1.32882E-1 1.36049E-1 1.31932E-1 1.10422E-1 1.23865E-1 1.22652E-1 1.21301E-1 1.04006E-1 8.60988E-2 7.89218E-2 7.29794E-2 9.40113E-2 6.83179E-2 6.1675E-2 5.43156E-2 5.04126E-2 3.68171E-2 4.51601E-2 4.72618E-2 4.88693E-2 7.02795E-2 1.1537E-1 5.12601E-2 2.84534E-2 2.16775E-2 2.38892E-2 1.53446E-2 1.67247E-2 1.78733E-2 2.82311E-2 4.5849E-2 5.53629E-2 6.33959E-2 6.27478E-2 6.72309E-2 6.54587E-2 6.38449E-2 5.96299E-2 6.04819E-2 5.44901E-2 5.18006E-2 5.33484E-2 5.8229E-2 5.17151E-2 4.66111E-2 5.04366E-2 4.24187E-2 3.62445E-2
8.87758E-2 9.89728E-2 9.56673E-2 1.2022E-1 1.10656E-1 1.08915E-1 1.04215E-1 9.72486E-2 1.12604E-1 1.16605E-1 1.24813E-1 1.23388E-1 1.23878E-1 1.49738E-1 1.67887E-1 1.46138E-1 1.46173E-1 1.43029E-1 1.46315E-1 1.15144E-1 9.68185E-2 9.49346E-2 9.18493E-2 8.63664E-2 7.30674E-2 8.76977E-2 6.8879E-2 4.43547E-2 5.92318E-2 4.10204E-2 4.79875E-2 6.15801E-2 5.99218E-2 7.51212E-2 1.0494E-1 4.28244E-2 3.63202E-2 1.59587E-2 2.08327E-2 1.40952E-2 1.74621E-2 2.39663E-2 2.24305E-2 4.34342E-2 5.43737E-2 6.50906E-2 6.77434E-2 6.21287E-2 6.21102E-2 5.43999E-2 5.11882E-2 5.67804E-2 6.17631E-2 6.26413E-2 6.25772E-2 5.92346E-2 5.52233E-2 5.47561E-2 5.32691E-2 5.48358E-2 4.89159E-2
1.07482E-1 1.08939E-1 1.41532E-1 1.58212E-1 1.28819E-1 1.3047E-1 1.21621E-1 1.14426E-1 1.09107E-1 1.08124E-1 1.08446E-1 1.11279E-1 1.24746E-1 1.35776E-1 1.62175E-1 1.52305E-1 1.35962E-1 1.41553E-1 1.7228E-1 1.45966E-1 1.34677E-1 1.26588E-1 1.07651E-1 9.43608E-2 6.35169E-2 7.05626E-2 8.05782E-2 7.0058E-2 6.09074E-2 6.22286E-2 5.47616E-2 7.11336E-2 6.44787E-2 7.53587E-2 6.42987E-2 2.4745E-2 4.2357E-2 1.6711E-2 1.80084E-2 1.65231E-2 1.67684E-2 2.71693E-2 3.24428E-2 4.55405E-2 5.38354E-2 5.72704E-2 6.30772E-2 6.64709E-2 6.32033E-2 6.4902E-2 6.13946E-2 6.16098E-2 6.23777E-2 6.08995E-2 5.21465E-2 4.77025E-2 5.26536E-2 5.77336E-2 5.40569E-2 5.36415E-2 4.99223E-2
1.35133E-1 1.38258E-1 1.93231E-1 1.71159E-1 1.70604E-1 1.57731E-1 1.51191E-1 1.37933E-1 1.25471E-1 1.21526E-1 1.27993E-1 1.29081E-1 1.44985E-1 1.55081E-1 1.44067E-1 1.39791E-1 1.29137E-1 1.324E-1 1.54582E-1 1.37393E-1 9.75433E-2 9.86201E-2 8.01217E-2 7.31989E-2 6.04892E-2 5.8125E-2 6.03511E-2 5.94895E-2 5.90141E-2 7.54159E-2 6.55103E-2 6.97404E-2 6.58514E-2 7.8699E-2 7.23523E-2 2.31E-2 3.03244E-2 2.92651E-2 1.75506E-2 1.90557E-2 1.95261E-2 2.09684E-2 2.65489E-2 3.92795E-2 4.95391E-2 5.28767E-2 5.52985E-2 5.62076E-2 6.10325E-2 6.27513E-2 5.99952E-2 5.69878E-2 5.45792E-2 5.45275E-2 4.03911E-2 3.08982E-2 3.96519E-2 4.85605E-2 5.52231E-2 5.27839E-2 5.11468E-2
1.76331E-1 1.94691E-1 1.87472E-1 1.8513E-1 1.67364E-1 1.51645E-1 1.50427E-1 1.43785E-1 1.39426E-1 1.44484E-1 1.53714E-1 1.59497E-1 1.60925E-1 1.69421E-1 1.57812E-1 1.4519E-1 1.41563E-1 1.33342E-1 1.20932E-1 1.26197E-1 1.11931E-1 1.00914E-1 9.40387E-2 8.31077E-2 6.80901E-2 6.34484E-2 5.6434E-2 6.18562E-2 6.68521E-2 6.44043E-2 5.07175E-2 4.42872E-2 4.93684E-2 6.31172E-2 6.17751E-2 3.68322E-2 2.4442E-2 2.77193E-2 2.3722E-2 1.70488E-2 1.75268E-2 1.55152E-2 1.77732E-2 2.606E-2 3.62173E-2 4.8637E-2 5.49131E-2 4.97078E-2 6.01986E-2 5.92107E-2 5.68376E-2 4.72109E-2 4.23206E-2 4.37408E-2 4.04562E-2 3.979E-2 4.33765E-2 4.57901E-2 4.64579E-2 4.86782E-2 4.96537E-2
1.99152E-1 2.00485E-1 2.28856E-1 2.25076E-1 2.05188E-1 1.82616E-1 1.66462E-1 1.55643E-1 1.53612E-1 1.66038E-1 1.74681E-1 1.78174E-1 1.83018E-1 1.78419E-1 1.66433E-1 1.4956E-1 1.44337E-1 1.42959E-1 1.26895E-1 1.1292E-1 1.10266E-1 9.28074E-2 7.23895E-2 5.53118E-2 5.59567E-2 5.384E-2 5.61061E-2 4.41231E-2 4.3086E-2 5.49396E-2 6.15307E-2 4.8599E-2 5.56325E-2 4.58788E-2 4.69051E-2 2.66635E-2 2.6073E-2 2.4422E-2 2.79033E-2 2.44691E-2 2.06733E-2 1.70861E-2 1.97653E-2 2.4458E-2 2.74154E-2 3.89442E-2 5.46356E-2 6.20014E-2 4.263E-2 4.45822E-2 4.16429E-2 4.18188E-2 2.88444E-2 3.05615E-2 2.79853E-2 2.53108E-2 3.37063E-2 4.02735E-2 4.44798E-2 4.53821E-2 4.61416E-2
2.25492E-1 2.33477E-1 2.44067E-1 2.57378E-1 2.16494E-1 1.92268E-1 1.80024E-1 1.76277E-1 1.73427E-1 1.87323E-1 1.94342E-1 2.03639E-1 1.94624E-1 1.88099E-1 1.79501E-1 1.61057E-1 1.47584E-1 1.45234E-1 1.36869E-1 1.21043E-1 1.10731E-1 1.00843E-1 8.02506E-2 1.01294E-1 9.05029E-2 6.84968E-2 6.0371E-2 4.56329E-2 3.98483E-2 3.69347E-2 5.39214E-2 4.56144E-2 4.70097E-2 5.35328E-2 6.10423E-2 4.29862E-2 3.37531E-2 3.50264E-2 3.41295E-2 2.81791E-2 2.22641E-2 2.1058E-2 2.86131E-2 2.80041E-2 2.74536E-2 2.93855E-2 3.92148E-2 4.0756E-2 2.6116E-2 2.58928E-2 2.5486E-2 3.07489E-2 2.35528E-2 1.99743E-2 1.84158E-2 1.86432E-2 2.3665E-2 3.21218E-2 3.8154E-2 4.20742E-2 4.30852E-2
2.56407E-1 2.69704E-1 2.57797E-1 2.49935E-1 2.45001E-1 2.2018E-1 2.14359E-1 1.99985E-1 2.09871E-1 2.32326E-1 2.28942E-1 2.21402E-1 2.23633E-1 2.24157E-1 2.08412E-1 1.65213E-1 1.48821E-1 1.29087E-1 1.2294E-1 1.18874E-1 1.20375E-1 1.17448E-1 1.14553E-1 1.14571E-1 6.92019E-2 7.16541E-2 6.51839E-2 5.07359E-2 4.32954E-2 3.36747E-2 3.37769E-2 4.10161E-2 4.10604E-2 4.16869E-2 5.69624E-2 3.77587E-2 3.96482E-2 3.44635E-2 3.01766E-2 2.8541E-2 2.56943E-2 2.59624E-2 2.3424E-2 2.09104E-2 2.65454E-2 3.00893E-2 3.45642E-2 4.04816E-2 3.25786E-2 2.41982E-2 2.37085E-2 2.65326E-2 2.52955E-2 2.17289E-2 2.04804E-2 1.94102E-2 2.07622E-2 2.21604E-2 2.61908E-2 3.45743E-2 3.53039E-2
2.72108E-1 2.75864E-1 2.84239E-1 2.80658E-1 2.71004E-1 2.5203E-1 2.3547E-1 2.5333E-1 2.68327E-1 2.9296E-1 2.85792E-1 2.76212E-1 2.73838E-1 2.2952E-1 1.96781E-1 1.8186E-1 1.44367E-1 1.3265E-1 1.65916E-1 1.73701E-1 1.3122E-1 1.89065E-1 1.32368E-1 9.63874E-2 6.68004E-2 6.08877E-2 6.47322E-2 4.25711E-2 4.1651E-2 3.8165E-2 3.70749E-2 2.79032E-2 2.45264E-2 2.62628E-2 6.15063E-2 3.97919E-2 3.14839E-2 3.29701E-2 3.03288E-2 2.92816E-2 3.03405E-2 2.7309E-2 2.54367E-2 2.21589E-2 2.13949E-2 2.8627E-2 3.46122E-2 3.75509E-2 3.55968E-2 3.88007E-2 2.54912E-2 2.33303E-2 2.61266E-2 2.49664E-2 2.37415E-2 2.40246E-2 2.61903E-2 2.76065E-2 3.1121E-2 3.53608E-2 3.82636E-2
1.77241E-1 2.26945E-1 2.89723E-1 3.08905E-1 2.9968E-1 2.80409E-1 2.73276E-1 2.83111E-1 2.39011E-1 2.23353E-1 2.42684E-1 2.31265E-1 2.01972E-1 1.53685E-1 1.45994E-1 2.19349E-1 2.30631E-1 2.25841E-1 2.21728E-1 1.49666E-1 1.45496E-1 1.57679E-1 1.34995E-1 8.61203E-2 7.6564E-2 6.22591E-2 6.11099E-2 5.34281E-2 4.67857E-2 4.22969E-2 3.20726E-2 3.38114E-2 2.36818E-2 3.76627E-2 6.04412E-2 3.31614E-2 2.77901E-2 2.75494E-2 2.44068E-2 2.74515E-2 2.52852E-2 2.59647E-2 2.72967E-2 2.24685E-2 2.48856E-2 2.46811E-2 2.89919E-2 2.75193E-2 2.36895E-2 3.89374E-2 3.5032E-2 2.3167E-2 2.33819E-2 2.49573E-2 2.22013E-2 2.37681E-2 2.96187E-2 3.63079E-2 3.91756E-2 4.05705E-2 4.35727E-2
2.59091E-1 2.57377E-1 2.93581E-1 3.32448E-1 3.37054E-1 3.26583E-1 2.93165E-1 2.76141E-1 2.65236E-1 2.61633E-1 2.46229E-1 1.97321E-1 1.2892E-1 9.68199E-2 1.12435E-1 1.48853E-1 1.71203E-1 1.84228E-1 1.1748E-1 9.25259E-2 9.97304E-2 1.13945E-1 1.50285E-1 1.15487E-1 9.75281E-2 8.69798E-2 7.55919E-2 3.85362E-2 3.10405E-2 4.67356E-2 3.74848E-2 2.2721E-2 2.10558E-2 3.71985E-2 5.17885E-2 2.85103E-2 2.40089E-2 2.51004E-2 2.01649E-2 2.18541E-2 2.29451E-2 2.61803E-2 3.08155E-2 2.33794E-2 2.44046E-2 2.58714E-2 2.8357E-2 2.45891E-2 2.53241E-2 3.67742E-2 3.98155E-2 2.58073E-2 2.47505E-2 2.49557E-2 2.4447E-2 2.15208E-2 2.08196E-2 2.39055E-2 3.29993E-2 3.59426E-2 3.95567E-2
2.68846E-1 2.62536E-1 2.3662E-1 2.38408E-1 2.64187E-1 3.36722E-1 3.22185E-1 3.27687E-1 3.06817E-1 2.91094E-1 2.09584E-1 1.04155E-1 8.16229E-2 9.09758E-2 9.92206E-2 1.37312E-1 1.51848E-1 1.76292E-1 8.42399E-2 9.03524E-2 9.0771E-2 1.11662E-1 1.3128E-1 1.64579E-1 1.20732E-1 1.04129E-1 7.75069E-2 5.86539E-2 5.52686E-2 5.58121E-2 3.5201E-2 2.37478E-2 2.0458E-2 4.1759E-2 3.35876E-2 2.20198E-2 2.20142E-2 2.74139E-2 2.39072E-2 2.05139E-2 1.84786E-2 2.49172E-2 2.82093E-2 2.36449E-2 2.03959E-2 2.42249E-2 2.68855E-2 3.38325E-2 3.37684E-2 4.02954E-2 3.93115E-2 2.76084E-2 2.65745E-2 2.34768E-2 2.50812E-2 2.51374E-2 1.60848E-2 1.7061E-2 2.98438E-2 3.37719E-2 3.27956E-2
3.34861E-1 3.46599E-1 3.34546E-1 3.2969E-1 3.19968E-1 2.6664E-1 2.36764E-1 2.67568E-1 2.92333E-1 2.40733E-1 1.39297E-1 8.13367E-2 9.7957E-2 1.36004E-1 1.28164E-1 9.9601E-2 1.1639E-1 1.32672E-1 1.71523E-1 1.00087E-1 1.19954E-1 1.07163E-1 1.06289E-1 1.04383E-1 6.81494E-2 5.18566E-2 5.02505E-2 6.13576E-2 3.21104E-2 3.68152E-2 4.24933E-2 2.47552E-2 1.81296E-2 3.04923E-2 3.3475E-2 2.25558E-2 2.42407E-2 1.9407E-2 1.83992E-2 1.54634E-2 1.34131E-2 1.83573E-2 2.52343E-2 2.16428E-2 2.50025E-2 3.26365E-2 3.82148E-2 3.83992E-2 3.5896E-2 4.01261E-2 3.8192E-2 3.22003E-2 2.73519E-2 2.18097E-2 2.53649E-2 2.72312E-2 2.31527E-2 2.31452E-2 3.75635E-2 4.68082E-2 4.19153E-2
3.40277E-1 3.30726E-1 3.22661E-1 3.28417E-1 3.11218E-1 2.70715E-1 2.44037E-1 2.40452E-1 2.00812E-1 1.5464E-1 9.14752E-2 9.89959E-2 1.00835E-1 8.46933E-2 9.00641E-2 8.34765E-2 6.55912E-2 6.54777E-2 1.72046E-1 1.5042E-1 1.07603E-1 1.38494E-1 6.74453E-2 7.9105E-2 5.98439E-2 4.8059E-2 4.01951E-2 3.09345E-2 2.46714E-2 2.18544E-2 3.19457E-2 2.41312E-2 2.36055E-2 2.60876E-2 1.97062E-2 1.81507E-2 1.47048E-2 1.08735E-2 9.5518E-3 1.50699E-2 2.01194E-2 1.95999E-2 2.38024E-2 1.95167E-2 2.13641E-2 3.87848E-2 3.23851E-2 3.0967E-2 3.82347E-2 4.08672E-2 3.77964E-2 3.49348E-2 3.2973E-2 2.52005E-2 2.29852E-2 3.35775E-2 3.9392E-2 4.38689E-2 4.42883E-2 4.64921E-2 4.83102E-2
2.80803E-1 2.76231E-1 2.73102E-1 2.5128E-1 2.30324E-1 2.44273E-1 2.6244E-1 1.86886E-1 1.46698E-1 1.23926E-1 9.67028E-2 1.13145E-1 9.00324E-2 8.39727E-2 6.99661E-2 5.89783E-2 4.97999E-2 7.98329E-2 1.01616E-1 1.03724E-1 1.13456E-1 1.1744E-1 5.48327E-2 2.94E-2 2.66633E-2 2.3338E-2 2.66253E-2 3.19685E-2 2.67936E-2 2.07863E-2 1.8802E-2 1.6064E-2 1.87357E-2 2.21321E-2 1.70187E-2 2.02218E-2 1.69408E-2 1.01758E-2 9.95386E-3 1.58589E-2 1.58181E-2 1.56431E-2 2.69477E-2 2.54156E-2 2.99637E-2 3.15745E-2 1.41928E-2 2.02419E-2 3.09557E-2 3.36536E-2 2.86929E-2 2.70344E-2 2.64659E-2 2.22314E-2 2.3068E-2 3.31505E-2 2.03607E-2 2.56756E-2 2.65068E-2 2.80481E-2 3.58723E-2
2.34214E-1 2.10728E-1 1.82418E-1 1.70777E-1 1.74905E-1 1.83009E-1 1.73384E-1 1.2958E-1 1.07839E-1 1.13854E-1 1.1193E-1 1.22165E-1 8.07868E-2 6.65357E-2 6.14189E-2 6.34397E-2 5.28687E-2 7.58844E-2 8.35908E-2 8.77404E-2 7.56136E-2 8.93695E-2 6.83319E-2 3.99221E-2 4.09549E-2 5.18064E-2 3.61612E-2 1.9231E-2 1.98986E-2 3.10121E-2 2.42579E-2 1.7734E-2 1.57936E-2 2.37411E-2 2.29575E-2 2.19407E-2 1.51872E-2 1.49141E-2 1.06527E-2 1.30841E-2 1.33819E-2 1.62622E-2 2.84947E-2 3.30854E-2 3.44171E-2 3.11657E-2 2.47089E-2 1.59181E-2 3.10871E-2 2.24112E-2 1.46328E-2 1.71872E-2 1.21488E-2 1.06663E-2 2.52959E-2 2.25081E-2 9.15941E-3 1.22851E-2 1.08836E-2 2.00944E-2 2.89658E-2
1.66044E-1 1.47073E-1 1.22359E-1 9.71729E-2 9.56117E-2 8.77901E-2 8.20478E-2 8.24382E-2 8.25762E-2 8.33292E-2 8.97012E-2 1.05836E-1 8.19689E-2 4.51668E-2 2.97927E-2 3.21473E-2 4.08287E-2 6.23885E-2 8.34099E-2 3.08371E-2 5.20555E-2 3.54566E-2 2.15682E-2 1.77498E-2 1.71299E-2 2.57745E-2 2.06262E-2 1.49224E-2 1.66882E-2 1.45336E-2 1.73815E-2 2.02637E-2 1.99722E-2 1.8096E-2 1.58402E-2 2.33923E-2 1.45139E-2 1.4722E-2 1.21526E-2 1.10527E-2 1.37593E-2 1.90557E-2 2.95943E-2 3.19118E-2 2.53627E-2 1.86398E-2 2.53321E-2 1.42932E-2 2.87229E-2 1.8387E-2 7.63957E-3 8.59247E-3 7.82498E-3 1.73395E-2 1.46656E-2 1.01572E-2 6.6392E-3 6.31107E-3 5.19235E-3 6.37626E-3 7.28483E-3
9.52955E-2 8.26761E-2 8.86275E-2 7.88224E-2 7.61547E-2 8.58055E-2 8.12335E-2 6.46323E-2 7.51026E-2 5.33208E-2 5.8551E-2 6.01194E-2 6.94581E-2 5.54808E-2 3.21534E-2 2.39957E-2 2.83365E-2 5.66067E-2 7.61138E-2 3.33951E-2 3.7863E-2 3.20491E-2 1.89738E-2 1.65405E-2 2.59319E-2 2.49227E-2 1.52309E-2 1.43443E-2 1.71739E-2 1.73869E-2 2.08228E-2 1.19532E-2 1.40446E-2 1.85754E-2 1.53571E-2 2.00374E-2 1.66873E-2 1.21109E-2 1.31638E-2 1.55869E-2 1.88342E-2 2.27308E-2 2.41098E-2 2.52616E-2 1.62647E-2 1.73234E-2 1.98326E-2 1.02296E-2 1.82995E-2 1.57258E-2 6.18176E-3 5.66765E-3 5.77829E-3 6.69133E-3 1.09211E-2 5.61963E-3 4.52661E-3 3.93176E-3 4.05711E-3 4.01661E-3 4.79392E-3
