maxent_outputs/white_flowers_troch_bombus_environ/white_223.asc
ncols         426
nrows         180
xllcorner     -130.0
yllcorner     24.0
cellsize      0.16666666666666666
NODATA_value  -9999
[rows 135 to 161 of 180, columns 183 to 243 of 426]
5.22524E-1 5.39266E-1 5.45099E-1 5.49452E-1 5.63328E-1 5.74177E-1 5.73734E-1 5.68401E-1 5.80432E-1 5.81397E-1 5.97625E-1 6.04297E-1 6.09004E-1 6.17158E-1 6.1389E-1 6.19326E-1 6.27032E-1 6.4517E-1 6.77099E-1 6.9344E-1 7.15388E-1 7.35314E-1 7.39631E-1 7.53943E-1 7.56844E-1 7.65041E-1 7.62387E-1 7.58391E-1 7.66892E-1 7.74099E-1 7.87698E-1 7.89885E-1 7.87032E-1 7.97248E-1 8.2403E-1 8.15997E-1 8.07745E-1 8.0964E-1 8.147E-1 8.2033E-1 8.36143E-1 8.46673E-1 8.60304E-1 8.54673E-1 8.55249E-1 8.55324E-1 8.59776E-1 8.70899E-1 8.73256E-1 8.64145E-1 8.56208E-1 8.55407E-1 8.55686E-1 8.58193E-1 8.59421E-1 8.57085E-1 8.55587E-1 8.54357E-1 8.58809E-1 8.57543E-1 8.54991E-1
5.36369E-1 5.43873E-1 5.4535E-1 5.48417E-1 5.47604E-1 5.53983E-1 5.68263E-1 5.63312E-1 5.66783E-1 5.70967E-1 5.87018E-1 6.14575E-1 6.20404E-1 6.22792E-1 6.24056E-1 6.31834E-1 6.3832E-1 6.66159E-1 6.81736E-1 6.99673E-1 7.24223E-1 7.33594E-1 7.38947E-1 7.5232E-1 7.57652E-1 7.64212E-1 7.64455E-1 7.65818E-1 7.68262E-1 7.73825E-1 8.01738E-1 8.20447E-1 8.06965E-1 8.07256E-1 8.20773E-1 8.26101E-1 8.15079E-1 8.11997E-1 8.17365E-1 8.28364E-1 8.46699E-1 8.6499E-1 8.67946E-1 8.61037E-1 8.54612E-1 8.59361E-1 8.68065E-1 8.77968E-1 8.85331E-1 8.74998E-1 8.70452E-1 8.61367E-1 8.63704E-1 8.69573E-1 8.7321E-1 8.70431E-1 8.69689E-1 8.72063E-1 8.71507E-1 8.71591E-1 8.71122E-1
5.35185E-1 5.32942E-1 5.4361E-1 5.56155E-1 5.6036E-1 5.54014E-1 5.61361E-1 5.64218E-1 5.57331E-1 5.61383E-1 5.71361E-1 6.1448E-1 6.2247E-1 6.27589E-1 6.33639E-1 6.39039E-1 6.52709E-1 6.80838E-1 6.95521E-1 7.09714E-1 7.20817E-1 7.28842E-1 7.3568E-1 7.46789E-1 7.53572E-1 7.61001E-1 7.70042E-1 7.69197E-1 7.74671E-1 7.81953E-1 7.8726E-1 8.09126E-1 8.31362E-1 8.24108E-1 8.21717E-1 8.15215E-1 8.14354E-1 8.20366E-1 8.35685E-1 8.39723E-1 8.49385E-1 8.70194E-1 8.74634E-1 8.75492E-1 8.67144E-1 8.66221E-1 8.71388E-1 8.85964E-1 8.94777E-1 8.88809E-1 8.83463E-1 8.73609E-1 8.79137E-1 8.82783E-1 8.85506E-1 8.7975E-1 8.8325E-1 8.82434E-1 8.78648E-1 8.78827E-1 8.76614E-1
5.3571E-1 5.43621E-1 5.47348E-1 5.49905E-1 5.41501E-1 5.48814E-1 5.64088E-1 5.71278E-1 5.6654E-1 5.74553E-1 5.99295E-1 6.13921E-1 6.20276E-1 6.31081E-1 6.42435E-1 6.49608E-1 6.66462E-1 6.85488E-1 7.01293E-1 7.1041E-1 7.18018E-1 7.23394E-1 7.39242E-1 7.49731E-1 7.61807E-1 7.7746E-1 7.69998E-1 7.7792E-1 7.88747E-1 7.91023E-1 7.96642E-1 7.97746E-1 8.17318E-1 8.3172E-1 8.27786E-1 8.24771E-1 8.27032E-1 8.30083E-1 8.40325E-1 8.457E-1 8.56458E-1 8.72802E-1 8.83401E-1 8.87855E-1 8.85787E-1 8.80669E-1 8.78601E-1 8.90313E-1 8.98452E-1 9.00454E-1 8.95139E-1 8.92306E-1 8.95968E-1 8.9682E-1 8.95671E-1 8.90039E-1 8.93472E-1 8.91531E-1 8.8493E-1 8.83583E-1 8.82829E-1
5.32557E-1 5.36334E-1 5.29324E-1 5.25344E-1 5.2506E-1 5.31407E-1 5.60931E-1 5.74639E-1 5.79652E-1 5.91442E-1 6.21869E-1 6.27209E-1 6.36546E-1 6.40855E-1 6.45571E-1 6.6627E-1 6.77368E-1 6.82237E-1 7.04695E-1 7.12166E-1 7.25689E-1 7.37167E-1 7.45644E-1 7.58335E-1 7.69195E-1 7.89576E-1 8.1343E-1 7.89457E-1 7.98729E-1 8.03613E-1 8.08228E-1 8.11856E-1 8.27986E-1 8.43313E-1 8.42042E-1 8.43392E-1 8.48871E-1 8.48515E-1 8.57862E-1 8.64576E-1 8.73798E-1 8.84044E-1 8.91977E-1 8.97339E-1 8.96479E-1 8.9495E-1 8.95305E-1 8.98646E-1 9.02443E-1 9.02259E-1 9.02031E-1 9.05648E-1 9.02319E-1 9.03203E-1 9.01929E-1 8.98738E-1 8.95811E-1 8.90549E-1 8.87364E-1 8.86501E-1 8.85279E-1
5.47998E-1 5.56671E-1 5.58602E-1 5.62204E-1 5.59538E-1 5.63827E-1 5.57604E-1 5.67094E-1 6.00765E-1 6.1095E-1 6.24579E-1 6.24417E-1 6.34456E-1 6.38367E-1 6.54139E-1 6.65217E-1 6.77342E-1 6.8491E-1 7.0597E-1 7.20898E-1 7.34143E-1 7.40557E-1 7.59585E-1 7.74381E-1 7.77601E-1 7.90121E-1 8.06383E-1 8.01275E-1 8.15687E-1 8.20992E-1 8.27047E-1 8.3783E-1 8.48995E-1 8.60838E-1 8.64438E-1 8.66694E-1 8.69506E-1 8.71512E-1 8.76639E-1 8.85355E-1 8.95534E-1 9.00234E-1 9.04867E-1 9.03489E-1 8.98131E-1 9.02298E-1 9.089E-1 9.07465E-1 9.06739E-1 9.07765E-1 9.04571E-1 8.982E-1 8.92582E-1 8.92898E-1 8.95171E-1 8.9222E-1 8.89357E-1 8.87637E-1 8.84759E-1 8.86654E-1 8.91419E-1
5.67074E-1 5.8487E-1 5.93773E-1 6.04747E-1 6.01814E-1 5.91492E-1 5.85035E-1 5.7886E-1 5.9812E-1 6.24126E-1 6.31522E-1 6.20158E-1 6.30332E-1 6.47678E-1 6.51133E-1 6.56904E-1 6.6805E-1 6.90487E-1 7.03841E-1 7.25038E-1 7.28542E-1 7.5106E-1 7.68202E-1 8.01115E-1 7.92963E-1 8.04794E-1 8.16954E-1 8.29419E-1 8.42156E-1 8.4196E-1 8.46485E-1 8.50835E-1 8.60813E-1 8.67265E-1 8.82381E-1 8.85141E-1 8.88636E-1 8.89989E-1 8.94579E-1 9.03434E-1 9.09428E-1 9.1124E-1 9.12857E-1 9.09214E-1 9.00895E-1 9.04937E-1 9.0862E-1 9.04302E-1 8.99813E-1 9.03348E-1 9.05097E-1 8.95274E-1 8.82186E-1 8.83012E-1 8.92649E-1 8.91428E-1 8.90499E-1 8.81874E-1 8.84864E-1 8.90613E-1 9.00773E-1
5.77506E-1 5.91501E-1 6.02001E-1 6.04692E-1 6.09219E-1 6.1253E-1 6.04044E-1 6.02409E-1 6.1301E-1 6.19139E-1 6.23497E-1 6.23714E-1 6.32818E-1 6.50842E-1 6.49319E-1 6.52883E-1 6.72669E-1 7.06282E-1 7.10929E-1 7.22653E-1 7.2953E-1 7.57919E-1 7.81956E-1 7.95866E-1 8.10697E-1 8.21443E-1 8.44209E-1 8.49813E-1 8.53865E-1 8.53354E-1 8.59907E-1 8.65092E-1 8.73303E-1 8.76197E-1 8.87456E-1 8.92186E-1 8.9375E-1 9.02922E-1 9.00629E-1 9.05296E-1 9.11513E-1 9.12673E-1 9.05583E-1 9.00216E-1 8.96333E-1 8.93689E-1 8.96059E-1 8.96065E-1 8.96857E-1 8.97308E-1 8.96655E-1 8.93873E-1 8.93829E-1 9.04955E-1 9.13239E-1 9.349E-1 9.33286E-1 9.03327E-1 9.02038E-1 9.00917E-1 9.10992E-1
5.93954E-1 6.05573E-1 6.21534E-1 6.28586E-1 6.35831E-1 6.49657E-1 6.33122E-1 6.2761E-1 6.2908E-1 6.16868E-1 6.09942E-1 6.23706E-1 6.31816E-1 6.47476E-1 6.49348E-1 6.61651E-1 6.81479E-1 6.95692E-1 7.1173E-1 7.24705E-1 7.34702E-1 7.46433E-1 7.80034E-1 8.09471E-1 8.2446E-1 8.35953E-1 8.39609E-1 8.47978E-1 8.55973E-1 8.62667E-1 8.68626E-1 8.7598E-1 8.93933E-1 8.94126E-1 8.95192E-1 8.9779E-1 9.04379E-1 8.98682E-1 8.95389E-1 9.06552E-1 9.09842E-1 9.02908E-1 8.93192E-1 8.83509E-1 8.76241E-1 8.71647E-1 8.75412E-1 8.89983E-1 8.93137E-1 8.95185E-1 8.9457E-1 8.97632E-1 9.01151E-1 9.05302E-1 9.13098E-1 9.27834E-1 9.31042E-1 9.11316E-1 9.09285E-1 9.16836E-1 9.26741E-1
6.08144E-1 6.21809E-1 6.21019E-1 6.37296E-1 6.34335E-1 6.40944E-1 6.4984E-1 6.48953E-1 6.39811E-1 6.18497E-1 6.10184E-1 6.17282E-1 6.39825E-1 6.49554E-1 6.59254E-1 6.81775E-1 6.98239E-1 7.01876E-1 7.22047E-1 7.3081E-1 7.40931E-1 7.50702E-1 7.76473E-1 8.15132E-1 8.27514E-1 8.27807E-1 8.36095E-1 8.41082E-1 8.56747E-1 8.59062E-1 8.63864E-1 8.75184E-1 8.81783E-1 8.98443E-1 9.03764E-1 9.00842E-1 8.97069E-1 9.04309E-1 9.00547E-1 9.01736E-1 9.09826E-1 8.91359E-1 8.78002E-1 8.6539E-1 8.57448E-1 8.54789E-1 8.58025E-1 8.84259E-1 8.90774E-1 8.94368E-1 8.91277E-1 8.93171E-1 8.99139E-1 9.08439E-1 9.01784E-1 9.0477E-1 9.09336E-1 9.04975E-1 9.07065E-1 9.14719E-1 9.22407E-1
6.27384E-1 6.12379E-1 6.07143E-1 6.47413E-1 6.64679E-1 6.57541E-1 6.65844E-1 6.60251E-1 6.29634E-1 6.15625E-1 6.09334E-1 6.15456E-1 6.39246E-1 6.54983E-1 6.67906E-1 6.77507E-1 6.91866E-1 7.06396E-1 7.17986E-1 7.33682E-1 7.52283E-1 7.63075E-1 7.86267E-1 8.20451E-1 8.34229E-1 8.32598E-1 8.51782E-1 8.48154E-1 8.53232E-1 8.4055E-1 8.54003E-1 8.61384E-1 8.76781E-1 8.85907E-1 8.87385E-1 8.91186E-1 8.90236E-1 8.87138E-1 8.82621E-1 8.86642E-1 8.84234E-1 8.84295E-1 8.71547E-1 8.47051E-1 8.52129E-1 8.55497E-1 8.60025E-1 8.69168E-1 8.79172E-1 8.82847E-1 8.84462E-1 8.85581E-1 8.88281E-1 8.88942E-1 8.92479E-1 9.10188E-1 9.02952E-1 9.12595E-1 9.17216E-1 9.15354E-1 9.19694E-1
6.21325E-1 6.14994E-1 6.27521E-1 6.50306E-1 6.60342E-1 6.64527E-1 6.58062E-1 6.45943E-1 6.34853E-1 6.37281E-1 6.39331E-1 6.32566E-1 6.43043E-1 6.65833E-1 6.71979E-1 6.81085E-1 7.03373E-1 7.12013E-1 7.28843E-1 7.50782E-1 7.57082E-1 7.60434E-1 7.75204E-1 8.02599E-1 8.19574E-1 8.33598E-1 8.52532E-1 8.46679E-1 8.36979E-1 8.42411E-1 8.50626E-1 8.56895E-1 8.6601E-1 -9999 -9999 -9999 -9999 -9999 -9999 8.81875E-1 8.78098E-1 8.68792E-1 8.61183E-1 8.46676E-1 8.47088E-1 8.55051E-1 8.65102E-1 8.69801E-1 8.66467E-1 8.70573E-1 8.73593E-1 8.79162E-1 8.73272E-1 8.80402E-1 8.88053E-1 8.99905E-1 9.1285E-1 9.15126E-1 9.18214E-1 9.23874E-1 9.23561E-1
5.99844E-1 5.93106E-1 6.03365E-1 6.26137E-1 6.43211E-1 6.55737E-1 6.50338E-1 6.42604E-1 6.44953E-1 6.65972E-1 6.62623E-1 6.54684E-1 6.62339E-1 6.78589E-1 6.8485E-1 7.03316E-1 7.12704E-1 7.27334E-1 7.41141E-1 7.57991E-1 7.53047E-1 7.52701E-1 7.62699E-1 7.94014E-1 8.13355E-1 8.12776E-1 8.21869E-1 8.33593E-1 8.35918E-1 8.46397E-1 -9999 -9999 -9999 -9999 -9999 -9999 -9999 -9999 -9999 -9999 -9999 -9999 -9999 -9999 -9999 8.57091E-1 8.58877E-1 -9999 8.83083E-1 8.66403E-1 8.72142E-1 8.77822E-1 8.82879E-1 8.9596E-1 9.01923E-1 9.02158E-1 9.13694E-1 9.19735E-1 9.19478E-1 9.13203E-1 9.02441E-1
6.00143E-1 5.99367E-1 6.05473E-1 6.22349E-1 6.26407E-1 6.35955E-1 6.41884E-1 6.47063E-1 6.45588E-1 6.54132E-1 6.54215E-1 6.61005E-1 6.71303E-1 6.86812E-1 6.97376E-1 7.09933E-1 7.24872E-1 7.37101E-1 7.56804E-1 7.58873E-1 7.59373E-1 7.47014E-1 7.733E-1 8.14657E-1 8.24712E-1 8.22184E-1 8.13501E-1 8.29848E-1 8.32817E-1 -9999 -9999 -9999 -9999 -9999 -9999 -9999 -9999 -9999 -9999 -9999 -9999 -9999 -9999 -9999 -9999 -9999 -9999 -9999 8.87292E-1 8.78086E-1 8.81518E-1 8.89956E-1 8.89399E-1 8.96997E-1 9.05199E-1 9.08461E-1 9.18528E-1 9.33791E-1 9.21295E-1 9.17176E-1 9.08754E-1
5.93577E-1 5.92491E-1 5.99042E-1 6.02579E-1 6.15197E-1 6.21967E-1 6.23546E-1 6.30031E-1 6.22119E-1 6.28643E-1 6.39797E-1 6.47292E-1 6.52605E-1 6.66289E-1 6.89057E-1 7.02931E-1 7.15892E-1 7.33962E-1 7.56129E-1 7.73471E-1 7.68381E-1 7.58505E-1 7.84828E-1 8.20035E-1 8.33988E-1 8.30012E-1 8.43167E-1 -9999 -9999 -9999 -9999 -9999 -9999 -9999 -9999 -9999 -9999 -9999 -9999 -9999 -9999 -9999 -9999 -9999 -9999 -9999 -9999 -9999 -9999 -9999 -9999 8.94922E-1 9.01322E-1 9.17044E-1 9.33337E-1 9.12702E-1 9.15592E-1 -9999 -9999 -9999 8.99128E-1
5.92897E-1 5.9003E-1 5.89278E-1 5.90041E-1 6.00109E-1 6.05364E-1 6.20307E-1 6.17746E-1 6.1608E-1 6.22022E-1 6.31891E-1 6.47521E-1 6.52153E-1 6.5938E-1 6.6864E-1 6.7872E-1 6.90133E-1 7.16769E-1 7.45863E-1 7.65745E-1 7.62966E-1 7.5679E-1 7.78272E-1 8.03099E-1 8.13754E-1 8.26874E-1 -9999 -9999 -9999 -9999 -9999 -9999 -9999 -9999 -9999 -9999 -9999 -9999 -9999 -9999 -9999 -9999 -9999 -9999 -9999 -9999 -9999 -9999 -9999 -9999 -9999 -9999 -9999 -9999 -9999 -9999 -9999 -9999 -9999 -9999 9.00483E-1
5.93006E-1 5.84258E-1 5.81867E-1 5.83781E-1 5.87623E-1 6.00034E-1 5.99412E-1 6.15089E-1 6.22517E-1 6.38674E-1 6.5026E-1 6.60162E-1 6.68726E-1 6.66713E-1 6.73085E-1 6.73677E-1 6.80841E-1 7.08053E-1 7.26555E-1 7.47147E-1 7.60194E-1 7.47045E-1 7.71216E-1 7.8072E-1 -9999 -9999 -9999 -9999 -9999 -9999 -9999 -9999 -9999 -9999 -9999 -9999 -9999 -9999 -9999 -9999 -9999 -9999 -9999 -9999 -9999 -9999 -9999 -9999 -9999 -9999 -9999 -9999 -9999 -9999 -9999 -9999 -9999 -9999 -9999 -9999 -9999
5.90912E-1 5.72528E-1 5.67721E-1 5.67463E-1 5.68427E-1 5.82177E-1 5.99753E-1 6.16323E-1 6.2994E-1 6.52483E-1 6.75048E-1 6.78759E-1 6.68423E-1 6.55447E-1 6.65923E-1 6.76113E-1 6.77521E-1 7.01077E-1 7.24435E-1 7.56816E-1 7.5497E-1 7.63219E-1 7.78866E-1 -9999 -9999 -9999 -9999 -9999 -9999 -9999 -9999 -9999 -9999 -9999 -9999 -9999 -9999 -9999 -9999 -9999 -9999 -9999 -9999 -9999 -9999 -9999 -9999 -9999 -9999 -9999 -9999 -9999 -9999 -9999 -9999 -9999 -9999 -9999 -9999 -9999 -9999
5.7466E-1 5.44861E-1 5.41122E-1 5.44437E-1 5.5125E-1 5.69237E-1 5.9083E-1 6.17092E-1 6.30922E-1 6.58411E-1 6.82747E-1 6.81128E-1 6.57383E-1 6.40452E-1 6.49204E-1 6.69092E-1 6.98241E-1 6.9264E-1 7.33906E-1 7.79123E-1 -9999 -9999 -9999 -9999 -9999 -9999 -9999 -9999 -9999 -9999 -9999 -9999 -9999 -9999 -9999 -9999 -9999 -9999 -9999 -9999 -9999 -9999 -9999 -9999 -9999 -9999 -9999 -9999 -9999 -9999 -9999 -9999 -9999 -9999 -9999 -9999 -9999 -9999 -9999 -9999 -9999
5.73447E-1 5.51816E-1 5.42078E-1 5.43441E-1 5.4395E-1 5.62873E-1 5.85788E-1 6.06327E-1 6.26622E-1 6.51468E-1 6.63243E-1 6.64584E-1 6.41766E-1 6.25463E-1 6.39246E-1 6.69739E-1 7.01257E-1 7.32233E-1 7.25846E-1 -9999 -9999 -9999 -9999 -9999 -9999 -9999 -9999 -9999 -9999 -9999 -9999 -9999 -9999 -9999 -9999 -9999 -9999 -9999 -9999 -9999 -9999 -9999 -9999 -9999 -9999 -9999 -9999 -9999 -9999 -9999 -9999 -9999 -9999 -9999 -9999 -9999 -9999 -9999 -9999 -9999 -9999
5.70987E-1 5.55922E-1 5.39996E-1 5.34781E-1 5.43441E-1 5.61854E-1 5.77466E-1 5.90453E-1 6.1491E-1 6.519E-1 6.51134E-1 6.56026E-1 6.43041E-1 6.37369E-1 6.65866E-1 6.87038E-1 7.00256E-1 -9999 -9999 -9999 -9999 -9999 -9999 -9999 -9999 -9999 -9999 -9999 -9999 -9999 -9999 -9999 -9999 -9999 -9999 -9999 -9999 -9999 -9999 -9999 -9999 -9999 -9999 -9999 -9999 -9999 -9999 -9999 -9999 -9999 -9999 -9999 -9999 -9999 -9999 -9999 -9999 -9999 -9999 -9999 -9999
5.67447E-1 5.53781E-1 5.42114E-1 5.31911E-1 5.41653E-1 5.51694E-1 5.59326E-1 5.84982E-1 6.09377E-1 6.3002E-1 6.4429E-1 6.65803E-1 6.58664E-1 6.48116E-1 6.62241E-1 6.75524E-1 -9999 -9999 -9999 -9999 -9999 -9999 -9999 -9999 -9999 -9999 -9999 -9999 -9999 -9999 -9999 -9999 -9999 -9999 -9999 -9999 -9999 -9999 -9999 -9999 -9999 -9999 -9999 -9999 -9999 -9999 -9999 -9999 -9999 -9999 -9999 -9999 -9999 -9999 -9999 -9999 -9999 -9999 -9999 -9999 -9999
5.66219E-1 5.55842E-1 5.47223E-1 5.40585E-1 5.38167E-1 5.36899E-1 5.42572E-1 5.71378E-1 6.09131E-1 6.20961E-1 6.3054E-1 6.49468E-1 6.65538E-1 6.62915E-1 6.76763E-1 -9999 -9999 -9999 -9999 -9999 -9999 -9999 -9999 -9999 -9999 -9999 -9999 -9999 -9999 -9999 -9999 -9999 -9999 -9999 -9999 -9999 -9999 -9999 -9999 -9999 -9999 -9999 -9999 -9999 -9999 -9999 -9999 -9999 -9999 -9999 -9999 -9999 -9999 -9999 -9999 -9999 -9999 -9999 -9999 -9999 -9999
5.69648E-1 5.59579E-1 5.55869E-1 5.50971E-1 5.40664E-1 5.31543E-1 5.28049E-1 5.63308E-1 6.01103E-1 6.21065E-1 6.23781E-1 6.23035E-1 6.17377E-1 6.47345E-1 -9999 -9999 -9999 -9999 -9999 -9999 -9999 -9999 -9999 -9999 -9999 -9999 -9999 -9999 -9999 -9999 -9999 -9999 -9999 -9999 -9999 -9999 -9999 -9999 -9999 -9999 -9999 -9999 -9999 -9999 -9999 -9999 -9999 -9999 -9999 -9999 -9999 -9999 -9999 -9999 -9999 -9999 -9999 -9999 -9999 -9999 -9999
5.72699E-1 5.59231E-1 5.59283E-1 5.49084E-1 5.38516E-1 5.34751E-1 5.44625E-1 5.69413E-1 5.96397E-1 6.12601E-1 6.16538E-1 6.14633E-1 6.11005E-1 6.33567E-1 -9999 -9999 -9999 -9999 -9999 -9999 -9999 -9999 -9999 -9999 -9999 -9999 -9999 -9999 -9999 -9999 -9999 -9999 -9999 -9999 -9999 -9999 -9999 -9999 -9999 -9999 -9999 -9999 -9999 -9999 -9999 -9999 -9999 -9999 -9999 -9999 -9999 -9999 -9999 -9999 -9999 -9999 -9999 -9999 -9999 -9999 -9999
5.70371E-1 5.58641E-1 5.5711E-1 5.51053E-1 5.3816E-1 5.3853E-1 5.51827E-1 5.72831E-1 6.01942E-1 6.02811E-1 6.03023E-1 6.0968E-1 6.17992E-1 -9999 -9999 -9999 -9999 -9999 -9999 -9999 -9999 -9999 -9999 -9999 -9999 -9999 -9999 -9999 -9999 -9999 -9999 -9999 -9999 -9999 -9999 -9999 -9999 -9999 -9999 -9999 -9999 -9999 -9999 -9999 -9999 -9999 -9999 -9999 -9999 -9999 -9999 -9999 -9999 -9999 -9999 -9999 -9999 -9999 -9999 -9999 -9999
5.59386E-1 5.42689E-1 5.42543E-1 5.50212E-1 5.3794E-1 5.40248E-1 5.53298E-1 5.83643E-1 5.9025E-1 5.88088E-1 5.88845E-1 5.97654E-1 6.18418E-1 -9999 -9999 -9999 -9999 -9999 -9999 -9999 -9999 -9999 -9999 -9999 -9999 -9999 -9999 -9999 -9999 -9999 -9999 -9999 -9999 -9999 -9999 -9999 -9999 -9999 -9999 -9999 -9999 -9999 -9999 -9999 -9999 -9999 -9999 -9999 -9999 -9999 -9999 -9999 -9999 -9999 -9999 -9999 -9999 -9999 -9999 -9999 -9999
