maxent_outputs/white_flowers_troch_bombus_environ/white_283.asc
ncols         426
nrows         180
xllcorner     -130.0
yllcorner     24.0
cellsize      0.16666666666666666
NODATA_value  -9999
[rows 0 to 26 of 180, columns 0 to 60 of 426]
5.49999E-1 4.83204E-1 4.66209E-1 4.46899E-1 4.39586E-1 4.60492E-1 4.78861E-1 4.94898E-1 4.63304E-1 4.26805E-1 3.78462E-1 3.18679E-1 3.03865E-1 3.12385E-1 3.36344E-1 3.33606E-1 3.37654E-1 3.28654E-1 3.25831E-1 3.14836E-1 3.08079E-1 3.09518E-1 2.98125E-1 2.82116E-1 2.70712E-1 2.66809E-1 2.74395E-1 2.69192E-1 2.64675E-1 2.6913E-1 2.56006E-1 2.55777E-1 2.55315E-1 2.50066E-1 2.49511E-1 2.50572E-1 2.42806E-1 2.46412E-1 2.65234E-1 2.66266E-1 2.79537E-1 2.80213E-1 2.93933E-1 3.07417E-1 2.99228E-1 2.96805E-1 3.08316E-1 3.07255E-1 3.13948E-1 3.24423E-1 3.26987E-1 3.09785E-1 2.86097E-1 2.8526E-1 2.81602E-1 2.74921E-1 2.53827E-1 2.32922E-1 2.41111E-1 2.39642E-1 2.38382E-1
6.08048E-1 5.494E-1 4.93219E-1 4.79997E-1 4.77193E-1 4.99147E-1 5.24232E-1 5.00035E-1 4.33769E-1 4.30886E-1 3.90096E-1 3.38899E-1 3.10999E-1 2.91909E-1 3.14538E-1 3.2153E-1 3.27319E-1 3.44067E-1 3.345E-1 3.35467E-1 3.2788E-1 2.98067E-1 3.01878E-1 3.06676E-1 2.93457E-1 2.67364E-1 2.66653E-1 2.59867E-1 2.62425E-1 2.519E-1 2.38939E-1 2.44374E-1 2.59419E-1 2.53072E-1 2.42583E-1 2.38471E-1 2.40725E-1 2.4202E-1 2.51536E-1 2.57146E-1 2.67567E-1 2.78826E-1 2.83999E-1 3.08647E-1 2.96361E-1 2.88712E-1 3.00311E-1 3.00404E-1 3.06945E-1 3.15435E-1 2.95761E-1 3.05019E-1 3.14603E-1 3.17483E-1 3.21296E-1 2.91045E-1 2.70021E-1 2.66437E-1 2.6239E-1 2.54128E-1 2.45713E-1
6.89039E-1 6.03566E-1 5.76285E-1 5.19844E-1 5.40628E-1 5.01913E-1 5.14222E-1 4.98129E-1 4.25081E-1 4.13211E-1 3.80593E-1 3.70823E-1 3.73208E-1 3.12814E-1 3.03454E-1 3.04014E-1 3.25024E-1 3.37733E-1 3.50439E-1 3.45797E-1 3.14636E-1 3.03484E-1 2.99459E-1 2.90929E-1 2.77008E-1 2.69352E-1 2.58485E-1 2.62065E-1 2.62221E-1 2.46327E-1 2.52079E-1 2.48603E-1 2.38894E-1 2.3148E-1 2.41745E-1 2.2585E-1 2.22792E-1 2.3044E-1 2.43581E-1 2.50298E-1 2.56689E-1 2.68877E-1 2.71706E-1 3.03601E-1 2.97074E-1 2.76967E-1 2.78886E-1 2.95547E-1 2.96344E-1 3.01426E-1 3.02549E-1 2.94735E-1 2.88809E-1 2.89073E-1 2.93811E-1 3.0298E-1 3.03426E-1 2.70008E-1 2.56655E-1 2.4833E-1 2.45757E-1
7.55515E-1 6.81111E-1 6.43669E-1 6.40195E-1 6.53249E-1 5.56249E-1 5.50077E-1 5.02177E-1 4.91996E-1 4.51838E-1 4.17628E-1 4.15041E-1 3.56067E-1 3.39007E-1 3.06141E-1 3.10166E-1 3.30217E-1 3.73233E-1 3.93646E-1 3.5191E-1 3.16545E-1 2.85871E-1 2.8355E-1 2.81063E-1 2.80208E-1 2.67622E-1 2.72519E-1 2.77238E-1 2.78248E-1 2.70484E-1 2.54726E-1 2.48086E-1 2.45589E-1 2.30529E-1 2.36169E-1 2.40644E-1 2.35751E-1 2.37932E-1 2.39256E-1 2.42425E-1 2.39492E-1 2.58929E-1 2.69747E-1 2.94714E-1 3.00471E-1 2.82987E-1 2.74468E-1 2.77694E-1 2.88941E-1 2.94703E-1 3.00778E-1 3.02221E-1 2.94302E-1 2.81204E-1 2.81304E-1 2.85802E-1 2.99501E-1 3.04274E-1 2.89296E-1 2.53535E-1 2.42096E-1
7.82131E-1 7.96628E-1 7.40494E-1 7.36624E-1 6.93135E-1 6.62502E-1 5.94042E-1 5.39875E-1 4.83052E-1 4.46336E-1 3.95985E-1 3.99539E-1 4.10177E-1 3.96552E-1 3.51304E-1 3.43687E-1 3.44992E-1 3.49168E-1 3.64547E-1 3.66041E-1 3.57703E-1 3.39263E-1 3.05574E-1 2.95018E-1 2.87222E-1 2.75798E-1 2.70193E-1 2.69465E-1 2.61777E-1 2.54549E-1 2.52896E-1 2.42806E-1 2.46166E-1 2.26632E-1 2.26644E-1 2.33423E-1 2.44863E-1 2.38222E-1 2.34348E-1 2.43932E-1 2.3933E-1 2.49247E-1 2.7271E-1 2.81935E-1 2.81802E-1 2.91398E-1 2.75361E-1 2.88177E-1 2.90803E-1 2.95574E-1 3.0048E-1 3.1416E-1 3.1607E-1 3.02966E-1 2.91397E-1 2.76464E-1 2.63017E-1 2.59102E-1 2.75717E-1 2.91243E-1 2.81081E-1
8.54432E-1 8.63481E-1 8.45568E-1 7.61506E-1 7.26587E-1 6.70151E-1 6.09986E-1 5.58526E-1 5.90038E-1 5.31356E-1 4.29477E-1 4.04142E-1 4.10823E-1 4.19033E-1 3.94681E-1 3.61683E-1 3.49473E-1 3.83098E-1 3.32917E-1 3.48514E-1 3.17303E-1 3.18974E-1 3.13155E-1 2.95182E-1 2.91371E-1 2.8454E-1 2.69935E-1 2.6657E-1 2.57528E-1 2.45434E-1 2.51746E-1 2.45466E-1 2.45206E-1 2.43069E-1 2.24661E-1 2.22153E-1 2.38172E-1 2.27289E-1 2.35841E-1 2.33477E-1 2.31206E-1 2.39783E-1 2.44709E-1 2.69219E-1 2.88535E-1 2.91104E-1 2.94627E-1 2.89092E-1 2.88619E-1 2.89517E-1 2.95368E-1 3.0153E-1 3.14614E-1 3.08212E-1 2.85842E-1 2.86447E-1 2.57891E-1 2.44556E-1 2.60455E-1 2.62498E-1 2.76701E-1
-9999 9.1742E-1 8.72728E-1 8.37057E-1 8.0326E-1 7.48113E-1 6.78827E-1 6.43892E-1 6.38866E-1 6.08076E-1 5.17695E-1 5.10494E-1 4.34615E-1 4.0522E-1 3.71376E-1 3.54953E-1 3.4035E-1 4.26077E-1 3.4627E-1 3.92032E-1 3.312E-1 3.34158E-1 3.36607E-1 3.07343E-1 2.89065E-1 2.82232E-1 2.68881E-1 2.61312E-1 2.53774E-1 2.47151E-1 2.44863E-1 2.43716E-1 2.4202E-1 2.45417E-1 2.38783E-1 2.31363E-1 2.29089E-1 2.32144E-1 2.33794E-1 2.24182E-1 2.3024E-1 2.36268E-1 2.3513E-1 2.55319E-1 2.78327E-1 2.99921E-1 2.99233E-1 2.91218E-1 2.86171E-1 2.84812E-1 2.94894E-1 2.99318E-1 3.14138E-1 3.13324E-1 3.01593E-1 2.88107E-1 2.7661E-1 2.59073E-1 2.39386E-1 2.30281E-1 2.6315E-1
-9999 -9999 -9999 9.01407E-1 8.20553E-1 8.02809E-1 7.51004E-1 7.18366E-1 6.91972E-1 7.41607E-1 7.03212E-1 6.19505E-1 5.2834E-1 4.3045E-1 3.78586E-1 3.78101E-1 3.69542E-1 4.13207E-1 4.68294E-1 3.83801E-1 3.60622E-1 3.55499E-1 3.48469E-1 3.12146E-1 2.88046E-1 2.75572E-1 2.71816E-1 2.5789E-1 2.54174E-1 2.51489E-1 2.47937E-1 2.3608E-1 2.2696E-1 2.29397E-1 2.36553E-1 2.26348E-1 2.28153E-1 2.31249E-1 2.31223E-1 2.2361E-1 2.20415E-1 2.24768E-1 2.27812E-1 2.43065E-1 2.73252E-1 2.87882E-1 2.84592E-1 2.92235E-1 2.80239E-1 2.86922E-1 2.86653E-1 3.01021E-1 3.09377E-1 3.15369E-1 3.12587E-1 3.15009E-1 2.87884E-1 2.87582E-1 2.44955E-1 2.41302E-1 2.45669E-1
-9999 -9999 -9999 9.45306E-1 8.68291E-1 8.33041E-1 8.27872E-1 8.36114E-1 7.59118E-1 7.80058E-1 7.7665E-1 7.37676E-1 6.48196E-1 5.12392E-1 4.77039E-1 4.2859E-1 4.79172E-1 4.67496E-1 3.8487E-1 3.60449E-1 3.5448E-1 3.36292E-1 3.15829E-1 2.86807E-1 2.66922E-1 2.60507E-1 2.59659E-1 2.39902E-1 2.39458E-1 2.38213E-1 2.3868E-1 2.39509E-1 2.29672E-1 2.19709E-1 2.19254E-1 2.09182E-1 2.18875E-1 2.20466E-1 2.04119E-1 2.04069E-1 2.06129E-1 2.18504E-1 2.13388E-1 2.32629E-1 2.66484E-1 2.82726E-1 2.70388E-1 2.75094E-1 2.88636E-1 2.93576E-1 3.03399E-1 3.11629E-1 3.17844E-1 3.35398E-1 3.28987E-1 3.16289E-1 3.17372E-1 3.07243E-1 2.94026E-1 2.54297E-1 2.37701E-1
-9999 -9999 -9999 -9999 -9999 9.20061E-1 8.86703E-1 8.76211E-1 8.35465E-1 8.5649E-1 8.52772E-1 8.13303E-1 7.33837E-1 6.23296E-1 5.40218E-1 5.39901E-1 5.5725E-1 4.528E-1 4.35752E-1 4.61968E-1 4.2859E-1 3.79068E-1 3.48613E-1 3.32315E-1 3.02263E-1 2.91603E-1 2.76798E-1 2.51687E-1 2.34395E-1 2.29596E-1 2.32392E-1 2.41293E-1 2.28945E-1 2.06353E-1 2.03212E-1 1.86325E-1 1.91508E-1 2.00687E-1 1.92938E-1 1.99753E-1 2.05759E-1 2.11334E-1 2.12809E-1 2.14983E-1 2.34378E-1 2.64067E-1 2.7187E-1 2.61363E-1 2.69428E-1 2.85823E-1 2.88945E-1 2.99033E-1 3.12554E-1 3.18074E-1 3.27138E-1 3.17905E-1 2.98051E-1 2.96541E-1 2.99747E-1 2.87774E-1 2.82595E-1
-9999 -9999 -9999 -9999 -9999 -9999 -9999 8.94344E-1 8.85571E-1 9.04397E-1 8.98324E-1 8.91677E-1 8.01507E-1 7.12291E-1 6.22183E-1 5.64758E-1 5.26758E-1 4.65704E-1 5.03727E-1 3.73875E-1 3.54842E-1 3.39496E-1 2.96921E-1 3.08641E-1 2.88013E-1 2.97551E-1 2.6462E-1 2.67328E-1 2.54839E-1 2.29915E-1 2.37425E-1 2.49068E-1 2.40793E-1 2.15929E-1 1.95983E-1 1.93166E-1 1.86337E-1 1.83874E-1 2.01169E-1 1.85041E-1 1.93356E-1 2.1559E-1 2.05399E-1 2.09792E-1 2.18994E-1 2.46013E-1 2.78629E-1 2.70485E-1 2.65148E-1 2.62353E-1 2.64927E-1 2.80945E-1 2.97745E-1 3.03714E-1 3.07141E-1 3.14538E-1 3.02382E-1 3.00384E-1 3.20285E-1 2.94303E-1 2.91758E-1
-9999 -9999 -9999 -9999 -9999 -9999 -9999 -9999 9.39205E-1 9.19273E-1 9.17025E-1 8.86316E-1 8.5186E-1 7.26013E-1 6.67592E-1 5.69089E-1 5.12257E-1 4.26139E-1 3.79178E-1 4.68666E-1 4.62005E-1 3.44499E-1 2.74122E-1 2.75786E-1 2.95234E-1 2.84528E-1 2.69273E-1 2.70873E-1 2.68007E-1 2.47809E-1 2.383E-1 2.44279E-1 2.449E-1 2.19797E-1 2.05503E-1 2.16829E-1 1.97389E-1 1.90094E-1 1.9789E-1 1.92814E-1 2.0337E-1 2.16567E-1 2.17904E-1 2.17904E-1 2.43742E-1 2.39843E-1 2.81778E-1 2.78134E-1 2.71093E-1 2.62238E-1 2.53033E-1 2.74453E-1 2.88454E-1 2.97935E-1 2.98939E-1 3.10393E-1 3.08428E-1 3.08638E-1 3.15381E-1 3.12775E-1 2.92108E-1
-9999 -9999 -9999 -9999 -9999 -9999 -9999 -9999 -9999 9.35826E-1 9.12457E-1 8.5519E-1 8.46247E-1 7.54043E-1 6.26905E-1 5.43493E-1 5.50159E-1 4.37083E-1 3.72658E-1 4.51042E-1 4.10286E-1 3.51408E-1 3.32175E-1 2.73523E-1 2.62648E-1 2.94674E-1 2.67576E-1 2.64412E-1 2.69677E-1 2.63085E-1 2.56582E-1 2.54978E-1 2.39254E-1 2.47209E-1 2.52967E-1 2.32115E-1 2.09141E-1 2.10766E-1 1.9747E-1 2.00116E-1 2.12061E-1 2.19801E-1 2.2654E-1 2.24463E-1 2.46701E-1 2.42471E-1 2.70698E-1 2.54604E-1 2.67963E-1 2.66414E-1 2.64536E-1 2.7204E-1 2.88463E-1 2.85718E-1 3.00443E-1 3.14381E-1 3.16279E-1 3.21947E-1 3.20837E-1 3.34819E-1 2.99116E-1
-9999 -9999 -9999 -9999 -9999 -9999 -9999 -9999 -9999 -9999 9.1254E-1 8.45226E-1 7.79211E-1 7.11024E-1 6.57418E-1 6.65096E-1 5.91227E-1 5.29616E-1 4.46677E-1 4.41699E-1 4.88371E-1 3.70871E-1 3.26892E-1 3.07499E-1 2.69227E-1 2.86321E-1 3.10949E-1 2.83083E-1 2.64913E-1 2.58651E-1 2.65508E-1 2.73559E-1 2.69932E-1 2.76619E-1 2.71579E-1 2.55865E-1 2.43766E-1 2.32562E-1 2.35963E-1 2.3222E-1 2.25364E-1 2.18993E-1 2.13503E-1 2.27743E-1 2.54167E-1 2.8329E-1 2.60994E-1 2.59331E-1 2.54136E-1 2.5942E-1 2.66993E-1 2.58656E-1 2.62253E-1 2.66047E-1 2.87298E-1 2.95132E-1 3.03549E-1 3.03115E-1 3.01661E-1 3.20841E-1 3.03133E-1
-9999 -9999 -9999 -9999 -9999 -9999 -9999 -9999 -9999 -9999 -9999 7.70224E-1 7.19821E-1 7.49038E-1 7.2969E-1 6.49464E-1 5.64356E-1 5.07956E-1 4.63858E-1 4.56319E-1 4.30245E-1 3.589E-1 3.31428E-1 2.7531E-1 2.57673E-1 2.82057E-1 3.39208E-1 2.85335E-1 2.61584E-1 2.68237E-1 2.76264E-1 2.66677E-1 2.59517E-1 3.05409E-1 2.83031E-1 2.77418E-1 2.70637E-1 2.64979E-1 2.59293E-1 2.60956E-1 2.53618E-1 2.41254E-1 2.54106E-1 2.52456E-1 2.55901E-1 2.81589E-1 2.72521E-1 2.6766E-1 2.44107E-1 2.40449E-1 2.54511E-1 2.61483E-1 2.58385E-1 2.6722E-1 2.66962E-1 2.7869E-1 3.00179E-1 3.03264E-1 3.0516E-1 3.39289E-1 3.22352E-1
-9999 -9999 -9999 -9999 -9999 -9999 -9999 -9999 -9999 -9999 -9999 7.79859E-1 7.54734E-1 7.86492E-1 7.26169E-1 6.77026E-1 6.41176E-1 5.9866E-1 4.74043E-1 4.02144E-1 3.87725E-1 3.64027E-1 3.16545E-1 2.58614E-1 2.81542E-1 3.48729E-1 3.29381E-1 2.58942E-1 2.44602E-1 2.60789E-1 2.92683E-1 2.79365E-1 2.77603E-1 2.88481E-1 2.75345E-1 3.04121E-1 2.66701E-1 2.65895E-1 2.71694E-1 2.65539E-1 2.61591E-1 2.6226E-1 2.66588E-1 2.58582E-1 2.75666E-1 2.88456E-1 3.00196E-1 2.72486E-1 2.51081E-1 2.3109E-1 2.35688E-1 2.37864E-1 2.46538E-1 2.66135E-1 2.65795E-1 2.69886E-1 2.78736E-1 2.89715E-1 3.08388E-1 3.2075E-1 3.07024E-1
-9999 -9999 -9999 -9999 -9999 -9999 -9999 -9999 -9999 -9999 -9999 -9999 -9999 7.93783E-1 7.55118E-1 7.41178E-1 6.90798E-1 6.25281E-1 5.04063E-1 4.62552E-1 5.10139E-1 4.10233E-1 3.98102E-1 3.64437E-1 3.15121E-1 3.86381E-1 4.16532E-1 2.90791E-1 2.57739E-1 3.18029E-1 3.61339E-1 2.80609E-1 2.52432E-1 2.58144E-1 2.58934E-1 3.37748E-1 2.77595E-1 2.63514E-1 2.71475E-1 2.62742E-1 2.54246E-1 2.55922E-1 2.67989E-1 2.69944E-1 2.77952E-1 2.86511E-1 3.0705E-1 2.91761E-1 2.79321E-1 2.60117E-1 2.38709E-1 2.37797E-1 2.48089E-1 2.61737E-1 2.66732E-1 2.67496E-1 2.80197E-1 2.85562E-1 2.89162E-1 3.24357E-1 3.20847E-1
-9999 -9999 -9999 -9999 -9999 -9999 -9999 -9999 -9999 -9999 -9999 -9999 -9999 8.0487E-1 7.67738E-1 7.55022E-1 7.09603E-1 6.93408E-1 6.65097E-1 6.47067E-1 5.51443E-1 4.90309E-1 4.40604E-1 4.71053E-1 3.58297E-1 3.85865E-1 5.65253E-1 3.20234E-1 2.65089E-1 3.78293E-1 4.33576E-1 2.95366E-1 2.19916E-1 2.57745E-1 2.71849E-1 2.86807E-1 2.69972E-1 2.61932E-1 2.59961E-1 2.58356E-1 2.59299E-1 2.55743E-1 2.68943E-1 2.75815E-1 2.7539E-1 2.7805E-1 2.96468E-1 3.20251E-1 3.06138E-1 2.92001E-1 2.7464E-1 2.62175E-1 2.67745E-1 2.72283E-1 2.68812E-1 2.6836E-1 2.84559E-1 2.92279E-1 2.886E-1 3.05621E-1 3.07825E-1
-9999 -9999 -9999 -9999 -9999 9.17451E-1 -9999 -9999 -9999 -9999 8.62156E-1 8.19967E-1 8.2499E-1 7.98478E-1 8.16337E-1 7.86385E-1 7.74133E-1 7.72835E-1 7.7546E-1 7.24128E-1 6.68516E-1 5.92776E-1 5.70415E-1 4.83467E-1 4.56897E-1 4.34759E-1 5.21835E-1 4.30597E-1 3.24863E-1 3.25272E-1 5.09679E-1 4.52591E-1 3.32389E-1 3.32162E-1 2.64881E-1 2.71751E-1 2.63944E-1 2.44604E-1 2.47911E-1 2.63186E-1 2.65637E-1 2.66407E-1 2.93453E-1 2.95395E-1 2.90506E-1 2.88531E-1 3.00766E-1 3.05429E-1 3.16913E-1 2.9203E-1 2.91741E-1 2.87434E-1 2.84995E-1 2.84097E-1 2.82169E-1 2.75625E-1 2.8442E-1 2.81372E-1 3.07526E-1 2.89581E-1 3.09228E-1
-9999 -9999 -9999 -9999 -9999 -9999 9.21795E-1 8.6111E-1 8.7241E-1 8.50045E-1 8.15824E-1 7.48767E-1 7.03949E-1 6.58656E-1 6.56512E-1 7.15754E-1 7.33145E-1 8.25907E-1 8.20366E-1 7.78704E-1 7.46888E-1 6.53516E-1 5.99609E-1 5.48502E-1 5.10173E-1 5.29192E-1 4.91022E-1 4.95567E-1 4.24005E-1 3.63526E-1 5.19922E-1 3.93818E-1 3.13316E-1 2.78654E-1 3.12264E-1 2.80793E-1 2.83511E-1 2.60389E-1 2.77292E-1 2.73088E-1 2.71149E-1 2.68474E-1 2.80277E-1 2.74589E-1 2.7596E-1 2.9915E-1 3.39851E-1 3.44618E-1 3.65493E-1 3.07538E-1 2.79124E-1 2.95859E-1 3.27106E-1 3.01509E-1 3.13038E-1 3.34748E-1 3.24473E-1 3.1633E-1 3.02839E-1 2.89306E-1 2.95519E-1
-9999 -9999 -9999 -9999 -9999 -9999 -9999 -9999 -9999 -9999 8.0244E-1 7.34217E-1 6.82884E-1 6.31682E-1 6.19747E-1 6.17948E-1 6.33253E-1 6.92171E-1 7.30091E-1 6.70982E-1 7.30071E-1 6.55896E-1 6.31241E-1 5.68854E-1 5.8072E-1 5.7918E-1 5.83282E-1 5.25547E-1 4.93121E-1 4.63083E-1 5.49157E-1 4.45067E-1 3.52674E-1 3.81258E-1 4.24235E-1 4.10465E-1 3.05051E-1 2.67574E-1 2.83279E-1 3.04969E-1 3.03693E-1 3.05961E-1 2.76722E-1 2.88841E-1 3.0272E-1 3.43881E-1 2.87009E-1 3.16925E-1 3.19746E-1 3.30432E-1 3.04338E-1 3.21696E-1 3.30853E-1 2.97651E-1 2.92247E-1 2.90466E-1 2.92224E-1 2.79703E-1 2.74828E-1 2.97529E-1 3.1126E-1
-9999 -9999 -9999 -9999 -9999 -9999 -9999 -9999 -9999 -9999 -9999 7.5836E-1 6.83038E-1 5.91293E-1 5.42262E-1 5.29816E-1 4.9545E-1 4.95186E-1 5.45315E-1 4.69607E-1 4.89003E-1 4.68003E-1 5.10857E-1 4.99449E-1 5.47173E-1 5.60216E-1 5.97918E-1 6.32203E-1 6.09049E-1 6.25872E-1 5.05198E-1 4.85906E-1 4.41806E-1 4.91408E-1 3.91233E-1 3.58588E-1 2.84305E-1 2.88559E-1 3.18968E-1 2.65639E-1 2.73542E-1 2.97926E-1 3.34037E-1 3.35391E-1 3.16395E-1 2.85681E-1 2.80077E-1 2.88046E-1 2.98331E-1 3.46855E-1 3.24879E-1 3.43123E-1 3.41486E-1 3.01371E-1 2.91419E-1 2.88923E-1 2.91738E-1 2.90376E-1 2.75651E-1 2.88563E-1 2.93686E-1
-9999 -9999 -9999 -9999 -9999 -9999 -9999 -9999 -9999 -9999 -9999 -9999 7.00926E-1 5.92935E-1 5.1641E-1 4.94274E-1 4.81708E-1 4.69551E-1 4.73691E-1 4.44363E-1 4.28067E-1 4.15944E-1 4.13199E-1 4.27105E-1 4.71414E-1 4.70925E-1 5.20541E-1 5.67632E-1 6.55507E-1 6.88501E-1 6.69007E-1 6.56136E-1 5.28714E-1 5.00792E-1 4.08645E-1 4.05932E-1 4.10333E-1 3.66993E-1 3.53852E-1 3.16511E-1 2.93046E-1 3.1671E-1 3.46937E-1 3.06212E-1 3.54001E-1 3.27353E-1 2.76717E-1 2.98415E-1 3.00179E-1 3.14747E-1 4.08053E-1 3.63546E-1 3.26281E-1 3.3549E-1 3.07195E-1 2.94172E-1 2.95361E-1 2.99328E-1 2.76996E-1 2.75667E-1 2.93239E-1
-9999 -9999 -9999 -9999 -9999 -9999 -9999 -9999 -9999 -9999 -9999 -9999 6.48235E-1 5.87021E-1 5.47878E-1 5.01594E-1 5.06161E-1 4.82733E-1 4.4716E-1 4.21248E-1 4.17422E-1 3.96525E-1 3.77694E-1 3.83446E-1 3.92422E-1 4.22408E-1 4.76054E-1 5.50955E-1 6.48581E-1 7.57252E-1 7.47014E-1 7.60487E-1 6.03134E-1 6.03445E-1 4.81221E-1 4.28458E-1 4.62367E-1 4.88609E-1 3.44528E-1 3.48318E-1 3.26385E-1 3.68757E-1 3.23877E-1 2.82975E-1 3.45972E-1 3.33009E-1 2.81217E-1 2.88903E-1 2.88509E-1 3.13786E-1 3.9239E-1 3.35529E-1 3.1237E-1 3.38452E-1 3.32047E-1 3.20262E-1 2.96262E-1 2.75597E-1 2.7993E-1 2.89438E-1 2.9189E-1
-9999 -9999 -9999 -9999 -9999 -9999 -9999 -9999 -9999 -9999 -9999 -9999 -9999 -9999 -9999 5.9222E-1 5.4302E-1 4.81032E-1 4.68852E-1 4.46253E-1 4.18428E-1 3.98713E-1 3.90991E-1 3.86402E-1 3.76272E-1 3.87336E-1 4.26523E-1 4.64944E-1 5.85211E-1 6.42612E-1 7.94386E-1 7.71391E-1 7.00512E-1 5.97291E-1 5.51442E-1 5.16687E-1 5.07524E-1 4.14342E-1 3.46785E-1 3.51145E-1 4.16157E-1 3.66859E-1 2.94283E-1 2.92957E-1 3.09995E-1 3.74915E-1 3.15116E-1 3.03169E-1 3.29389E-1 3.32034E-1 3.4131E-1 4.0376E-1 3.32634E-1 3.3682E-1 3.31301E-1 3.08045E-1 2.92943E-1 2.88848E-1 2.92097E-1 2.87756E-1 2.93262E-1
-9999 -9999 -9999 -9999 -9999 -9999 -9999 -9999 -9999 -9999 -9999 -9999 -9999 -9999 -9999 -9999 -9999 5.49614E-1 5.20383E-1 4.65043E-1 4.57437E-1 4.38847E-1 4.03774E-1 4.02716E-1 3.76395E-1 3.62333E-1 3.73529E-1 3.69506E-1 4.28326E-1 5.72333E-1 6.33421E-1 -9999 7.38108E-1 6.80999E-1 6.40188E-1 6.88828E-1 5.7756E-1 4.54905E-1 4.26546E-1 4.08523E-1 4.02292E-1 4.20119E-1 3.40472E-1 3.56598E-1 3.14517E-1 3.33947E-1 3.92032E-1 4.15092E-1 3.66049E-1 3.48173E-1 3.45134E-1 4.1969E-1 3.56753E-1 3.30981E-1 3.22858E-1 3.12225E-1 3.05496E-1 2.96577E-1 2.89867E-1 2.95604E-1 3.02091E-1
-9999 -9999 -9999 -9999 -9999 -9999 -9999 -9999 -9999 -9999 -9999 -9999 -9999 -9999 -9999 -9999 -9999 -9999 5.82959E-1 5.29055E-1 5.65292E-1 4.71666E-1 4.37844E-1 4.13078E-1 3.85316E-1 3.62634E-1 3.67313E-1 3.49092E-1 3.94298E-1 4.42651E-1 5.18706E-1 5.97717E-1 6.81034E-1 6.62376E-1 6.14441E-1 7.3095E-1 5.67356E-1 5.29304E-1 4.29287E-1 4.52325E-1 4.5417E-1 3.91724E-1 3.88063E-1 3.73115E-1 4.04729E-1 3.54213E-1 3.60234E-1 3.66199E-1 5.26063E-1 4.63736E-1 3.61609E-1 4.34989E-1 3.58555E-1 3.2993E-1 3.27869E-1 3.24907E-1 3.07566E-1 2.94785E-1 2.9618E-1 2.96577E-1 2.95266E-1
