maxent_outputs/white_flowers_troch_bombus_environ/white_336.asc
ncols         426
nrows         180
xllcorner     -130.0
yllcorner     24.0
cellsize      0.16666666666666666
NODATA_value  -9999
[rows 54 to 80 of 180, columns 61 to 121 of 426]
8.36981E-2 7.70245E-2 9.03835E-2 8.99347E-2 8.00773E-2 6.92557E-2 6.18241E-2 5.55175E-2 5.00968E-2 4.30167E-2 5.14122E-2 5.75333E-2 6.55101E-2 6.91348E-2 6.1948E-2 5.87607E-2 6.10392E-2 7.32971E-2 6.11939E-2 5.1918E-2 5.41723E-2 4.89027E-2 4.36987E-2 3.90948E-2 4.7931E-2 4.20351E-2 3.90617E-2 3.79395E-2 3.97871E-2 3.95215E-2 4.53452E-2 3.98786E-2 3.8909E-2 3.65971E-2 3.74158E-2 3.91425E-2 3.52811E-2 3.59179E-2 3.4082E-2 3.42359E-2 3.7726E-2 3.79044E-2 3.70552E-2 3.15736E-2 3.58494E-2 3.49183E-2 3.49299E-2 3.42641E-2 3.63116E-2 4.14366E-2 3.56925E-2 3.63332E-2 3.64515E-2 3.52624E-2 3.59664E-2 3.56676E-2 3.57806E-2 3.54207E-2 3.472E-2 3.35216E-2 3.65421E-2
8.71027E-2 9.35953E-2 9.04549E-2 7.34322E-2 7.28702E-2 7.13397E-2 5.80608E-2 4.74531E-2 5.1994E-2 5.24874E-2 4.98635E-2 5.79275E-2 6.11888E-2 6.38623E-2 6.23619E-2 7.05653E-2 7.7454E-2 6.72741E-2 4.76096E-2 5.48951E-2 5.63537E-2 4.50514E-2 4.24966E-2 4.29399E-2 4.13849E-2 3.8936E-2 3.77565E-2 3.87671E-2 4.15544E-2 4.35677E-2 4.12346E-2 3.84315E-2 3.83192E-2 3.57711E-2 3.8405E-2 3.62647E-2 3.33742E-2 3.44774E-2 3.53422E-2 3.24724E-2 3.35365E-2 3.24976E-2 3.5306E-2 3.4009E-2 3.24932E-2 3.26175E-2 3.30206E-2 3.19257E-2 3.2845E-2 3.52833E-2 3.56687E-2 3.79637E-2 3.76425E-2 3.6113E-2 3.52549E-2 3.49806E-2 3.51669E-2 3.43121E-2 3.47587E-2 3.38552E-2 3.59104E-2
7.38183E-2 8.68871E-2 7.23577E-2 6.47815E-2 6.47098E-2 6.3234E-2 6.4097E-2 5.72915E-2 5.28497E-2 5.26634E-2 5.12755E-2 5.51116E-2 5.35201E-2 5.6773E-2 6.55101E-2 6.1434E-2 6.71108E-2 5.40471E-2 5.99847E-2 5.64043E-2 5.65935E-2 4.89407E-2 4.4374E-2 4.37679E-2 4.15129E-2 3.82525E-2 3.72704E-2 3.80909E-2 3.80355E-2 3.76257E-2 3.79938E-2 3.72256E-2 3.66918E-2 4.07375E-2 3.87712E-2 3.88408E-2 3.5617E-2 3.28583E-2 3.32546E-2 3.3603E-2 3.22457E-2 3.07682E-2 3.20175E-2 3.34256E-2 3.18669E-2 3.20762E-2 3.24585E-2 3.23935E-2 3.22259E-2 3.35351E-2 3.6814E-2 3.76819E-2 3.68485E-2 3.66328E-2 3.70247E-2 3.61479E-2 3.53523E-2 3.45712E-2 3.44728E-2 3.56331E-2 3.56654E-2
6.20162E-2 7.98463E-2 7.7792E-2 7.94586E-2 8.10469E-2 7.27707E-2 6.83419E-2 6.49817E-2 4.9252E-2 4.94279E-2 5.10451E-2 5.2712E-2 5.4245E-2 5.39878E-2 5.94104E-2 7.67018E-2 6.54364E-2 6.48053E-2 6.42856E-2 5.57788E-2 5.63358E-2 5.15955E-2 4.17963E-2 4.53875E-2 4.42919E-2 3.86829E-2 3.61488E-2 3.59378E-2 3.52743E-2 3.48452E-2 3.53946E-2 3.54231E-2 3.60297E-2 4.06659E-2 4.08983E-2 3.50812E-2 3.63669E-2 3.46578E-2 3.33295E-2 3.24709E-2 3.17031E-2 3.27908E-2 3.25134E-2 3.26758E-2 3.35315E-2 3.50471E-2 3.44066E-2 3.29084E-2 3.27743E-2 3.50068E-2 3.88265E-2 3.99937E-2 3.56333E-2 3.56692E-2 3.68516E-2 3.63519E-2 3.55742E-2 3.54066E-2 3.57022E-2 3.74437E-2 3.83179E-2
5.60023E-2 6.36887E-2 6.72405E-2 5.84443E-2 5.23952E-2 5.77577E-2 4.93043E-2 4.67377E-2 4.69884E-2 4.83694E-2 5.11726E-2 5.3006E-2 5.32816E-2 6.29109E-2 6.8239E-2 7.98721E-2 8.15996E-2 8.19747E-2 7.9468E-2 6.32384E-2 5.80551E-2 5.48898E-2 4.77926E-2 5.25052E-2 4.23528E-2 4.14331E-2 3.76753E-2 3.8621E-2 3.5137E-2 3.46242E-2 3.66081E-2 3.80292E-2 3.75889E-2 3.7841E-2 3.62061E-2 3.48467E-2 3.43968E-2 3.38831E-2 3.42665E-2 3.43018E-2 3.28153E-2 3.41879E-2 3.49861E-2 3.61708E-2 3.78312E-2 3.74382E-2 3.69074E-2 3.47226E-2 3.52568E-2 3.76144E-2 3.99545E-2 4.10593E-2 3.92785E-2 3.82728E-2 3.60896E-2 3.50205E-2 3.52922E-2 3.44198E-2 3.40077E-2 3.27116E-2 3.35196E-2
5.8476E-2 5.56179E-2 5.99115E-2 5.47627E-2 4.91038E-2 4.80406E-2 5.25563E-2 4.79274E-2 4.86983E-2 5.18968E-2 5.24946E-2 5.60668E-2 6.0569E-2 6.23077E-2 7.37418E-2 7.70523E-2 7.85627E-2 8.28822E-2 7.90039E-2 7.75197E-2 6.69939E-2 6.21961E-2 5.47669E-2 5.49512E-2 4.78418E-2 4.65322E-2 4.22429E-2 3.96211E-2 3.59533E-2 3.53353E-2 3.5101E-2 3.40884E-2 3.73855E-2 3.75457E-2 3.58516E-2 3.59581E-2 3.54261E-2 3.38357E-2 3.44688E-2 3.67774E-2 3.63434E-2 3.6788E-2 3.94026E-2 3.89458E-2 3.87783E-2 3.86375E-2 3.93151E-2 3.87877E-2 3.94033E-2 3.97069E-2 4.26687E-2 4.24175E-2 4.33316E-2 4.06486E-2 3.71202E-2 3.55972E-2 3.50697E-2 3.38354E-2 3.37354E-2 3.1714E-2 3.1834E-2
5.25614E-2 4.95699E-2 5.16465E-2 5.11856E-2 5.14268E-2 5.04927E-2 5.25943E-2 5.48124E-2 5.45691E-2 5.68886E-2 5.74484E-2 5.77937E-2 6.72538E-2 7.20614E-2 7.44785E-2 7.51117E-2 8.14608E-2 8.37981E-2 7.97131E-2 8.29316E-2 8.02264E-2 6.91518E-2 5.6217E-2 5.03097E-2 4.76527E-2 4.5056E-2 4.28256E-2 3.98494E-2 3.55142E-2 3.42154E-2 3.49057E-2 3.4443E-2 3.45714E-2 3.55E-2 3.56152E-2 3.50855E-2 3.61025E-2 3.74842E-2 3.7398E-2 3.79384E-2 4.09435E-2 4.02835E-2 4.11725E-2 3.8829E-2 3.88908E-2 3.88933E-2 4.0084E-2 4.06893E-2 4.11636E-2 4.16334E-2 4.20681E-2 4.07175E-2 4.17662E-2 3.92434E-2 3.76535E-2 3.66311E-2 3.56972E-2 3.50749E-2 3.38988E-2 3.13565E-2 3.12079E-2
4.90539E-2 4.85554E-2 4.82837E-2 4.93724E-2 5.04081E-2 5.39007E-2 5.43387E-2 5.48174E-2 5.83597E-2 6.06478E-2 6.87423E-2 6.61657E-2 7.08097E-2 6.78431E-2 6.97119E-2 7.46847E-2 8.74041E-2 8.5995E-2 8.31106E-2 8.0381E-2 8.18893E-2 7.61261E-2 5.74216E-2 5.46162E-2 5.07782E-2 5.06422E-2 4.60897E-2 4.19226E-2 3.80789E-2 3.55149E-2 3.57018E-2 3.67587E-2 3.90401E-2 3.73505E-2 3.52077E-2 3.46747E-2 3.56321E-2 3.71679E-2 3.79497E-2 3.88392E-2 4.00697E-2 3.99924E-2 4.09742E-2 4.13467E-2 4.02496E-2 4.06249E-2 4.14881E-2 4.1853E-2 4.16944E-2 4.26595E-2 4.15828E-2 4.09638E-2 4.04609E-2 3.74099E-2 3.63788E-2 3.54403E-2 3.57549E-2 3.51469E-2 3.20148E-2 3.33978E-2 3.293E-2
5.50625E-2 5.58889E-2 5.35191E-2 5.23144E-2 5.5942E-2 5.38424E-2 5.48105E-2 5.66317E-2 5.60655E-2 6.84665E-2 6.37331E-2 5.6249E-2 5.85081E-2 6.01604E-2 7.38769E-2 7.60626E-2 8.26042E-2 8.75556E-2 8.90885E-2 8.59798E-2 8.24183E-2 8.91932E-2 7.38537E-2 6.00157E-2 5.67004E-2 4.76135E-2 4.26637E-2 4.66933E-2 4.13199E-2 3.95377E-2 3.81618E-2 3.87847E-2 3.98977E-2 3.95606E-2 3.96053E-2 3.82269E-2 3.70672E-2 3.82437E-2 3.87143E-2 3.89777E-2 4.09763E-2 4.08407E-2 4.14236E-2 4.14833E-2 4.20437E-2 4.16442E-2 4.26244E-2 4.45588E-2 4.54011E-2 4.39734E-2 4.28908E-2 4.21179E-2 4.01353E-2 3.72728E-2 3.59035E-2 3.52526E-2 3.53452E-2 3.42955E-2 3.30968E-2 3.34648E-2 3.34128E-2
5.87915E-2 6.0638E-2 6.08869E-2 5.99909E-2 5.98036E-2 5.98707E-2 6.3436E-2 6.10313E-2 6.01558E-2 6.4288E-2 5.85697E-2 5.66327E-2 5.69427E-2 5.89354E-2 7.65668E-2 7.61488E-2 6.42879E-2 6.42962E-2 8.25705E-2 8.27671E-2 7.52205E-2 7.30772E-2 6.82576E-2 6.61449E-2 5.85318E-2 5.17633E-2 4.81239E-2 4.35583E-2 4.15999E-2 4.0622E-2 4.00916E-2 4.06282E-2 4.1356E-2 4.01932E-2 4.09171E-2 3.97966E-2 4.23894E-2 4.24259E-2 4.27555E-2 4.05897E-2 4.16091E-2 4.38784E-2 4.44935E-2 4.42385E-2 4.58888E-2 4.64118E-2 4.6318E-2 4.53733E-2 4.31805E-2 4.2119E-2 4.33503E-2 4.30161E-2 3.8767E-2 3.82388E-2 3.71052E-2 3.57763E-2 3.32194E-2 3.16813E-2 3.19425E-2 3.05487E-2 2.97372E-2
6.07046E-2 6.21895E-2 6.47374E-2 6.61796E-2 6.59642E-2 6.48137E-2 6.73857E-2 6.34378E-2 6.26998E-2 6.08799E-2 5.54588E-2 5.68309E-2 5.91382E-2 6.739E-2 6.99432E-2 5.88827E-2 5.85239E-2 5.48384E-2 6.42658E-2 8.27565E-2 8.04071E-2 7.31271E-2 6.9624E-2 7.05712E-2 7.00196E-2 6.21572E-2 4.87261E-2 4.34681E-2 4.25406E-2 4.25442E-2 4.17244E-2 4.16483E-2 4.46174E-2 4.50573E-2 4.54169E-2 4.46872E-2 4.64931E-2 4.59119E-2 4.6314E-2 4.38168E-2 4.33709E-2 4.64803E-2 4.6955E-2 4.53595E-2 4.70434E-2 4.7816E-2 4.71778E-2 4.38416E-2 4.03779E-2 3.92809E-2 4.00024E-2 4.06646E-2 4.12827E-2 3.80755E-2 3.80744E-2 3.75296E-2 3.55184E-2 3.39058E-2 3.27103E-2 3.08554E-2 2.92847E-2
6.02152E-2 5.78043E-2 5.91695E-2 5.91454E-2 6.34292E-2 6.51272E-2 6.74223E-2 6.35606E-2 5.94365E-2 5.99081E-2 6.03705E-2 5.99211E-2 6.93409E-2 6.0964E-2 5.74383E-2 5.53439E-2 5.50752E-2 5.20366E-2 4.96539E-2 7.02752E-2 8.21654E-2 8.42734E-2 7.95553E-2 7.46237E-2 7.29476E-2 7.19321E-2 7.11401E-2 6.72863E-2 6.40602E-2 6.199E-2 5.80246E-2 5.60371E-2 5.24521E-2 4.83446E-2 4.84443E-2 4.96988E-2 4.94439E-2 5.09337E-2 5.01015E-2 4.72143E-2 4.71543E-2 4.82725E-2 4.78251E-2 4.89248E-2 4.86842E-2 4.80547E-2 4.46997E-2 4.1065E-2 3.93482E-2 3.74847E-2 3.83072E-2 3.97896E-2 3.98242E-2 3.82664E-2 3.73104E-2 3.55003E-2 3.53391E-2 3.24571E-2 3.07252E-2 3.20136E-2 3.00043E-2
6.02292E-2 6.12538E-2 5.77889E-2 5.78264E-2 5.89756E-2 6.29596E-2 6.22402E-2 5.69088E-2 5.41066E-2 6.19351E-2 5.93803E-2 6.45204E-2 6.93099E-2 6.37847E-2 6.03273E-2 5.68853E-2 5.64979E-2 5.49343E-2 5.09839E-2 5.4025E-2 7.07937E-2 7.78619E-2 8.48504E-2 8.91957E-2 8.47079E-2 7.97062E-2 7.77362E-2 7.92432E-2 7.28148E-2 6.66986E-2 6.21059E-2 5.94499E-2 5.61139E-2 5.29795E-2 5.35077E-2 5.22423E-2 5.13189E-2 5.18049E-2 5.11234E-2 5.11727E-2 4.8061E-2 4.8787E-2 5.45985E-2 5.32907E-2 4.98055E-2 4.5636E-2 4.28979E-2 4.06875E-2 3.94812E-2 3.83843E-2 3.79511E-2 3.87662E-2 3.97726E-2 3.7029E-2 3.74505E-2 3.49872E-2 3.46996E-2 3.05093E-2 3.01692E-2 2.97033E-2 3.04625E-2
6.71538E-2 6.46536E-2 6.02076E-2 6.16288E-2 6.0602E-2 6.0742E-2 5.37455E-2 4.55914E-2 6.30028E-2 6.64878E-2 6.60792E-2 6.70082E-2 6.34165E-2 6.33937E-2 6.04971E-2 5.64007E-2 5.49465E-2 5.18609E-2 5.13658E-2 5.02986E-2 4.98044E-2 6.01296E-2 7.44023E-2 7.7397E-2 7.50768E-2 6.92494E-2 6.9401E-2 7.08543E-2 6.6556E-2 6.92328E-2 6.72856E-2 6.29099E-2 5.8173E-2 5.53132E-2 5.3803E-2 5.16969E-2 5.08736E-2 5.19622E-2 5.25669E-2 5.52768E-2 5.12062E-2 5.15096E-2 4.95096E-2 4.87101E-2 4.64431E-2 4.61293E-2 4.42497E-2 4.15534E-2 4.11091E-2 3.88683E-2 3.87139E-2 3.95465E-2 3.89311E-2 3.66355E-2 3.65421E-2 3.42954E-2 3.37803E-2 3.1889E-2 3.07472E-2 3.00537E-2 2.94849E-2
6.34991E-2 6.07847E-2 6.23976E-2 6.38949E-2 6.11745E-2 5.86961E-2 5.18477E-2 5.24596E-2 6.42004E-2 6.47362E-2 6.32621E-2 6.31101E-2 6.40736E-2 6.26896E-2 5.90077E-2 5.68535E-2 5.58351E-2 5.29316E-2 5.04992E-2 4.86403E-2 4.54654E-2 4.78743E-2 5.6676E-2 6.34977E-2 6.53527E-2 6.48318E-2 6.27271E-2 6.29458E-2 6.48839E-2 6.48456E-2 6.57503E-2 6.53516E-2 6.33114E-2 5.98468E-2 5.69301E-2 5.59476E-2 5.82687E-2 5.7734E-2 5.47833E-2 5.38042E-2 5.307E-2 5.21106E-2 4.86488E-2 4.74361E-2 4.43256E-2 4.56901E-2 4.5469E-2 4.39101E-2 4.3137E-2 4.21584E-2 4.07805E-2 3.99008E-2 3.85653E-2 3.82141E-2 3.52103E-2 3.41642E-2 3.39374E-2 3.15041E-2 2.93887E-2 2.91402E-2 2.9449E-2
5.42782E-2 5.56678E-2 6.18421E-2 6.30336E-2 6.35005E-2 6.29112E-2 5.56669E-2 6.61198E-2 6.37819E-2 6.33817E-2 6.19387E-2 6.23209E-2 6.21498E-2 6.01076E-2 5.81674E-2 5.83241E-2 5.62055E-2 5.37396E-2 5.16781E-2 5.17453E-2 4.95977E-2 4.73371E-2 4.86071E-2 5.63457E-2 6.13858E-2 6.31921E-2 6.01777E-2 5.91098E-2 6.03681E-2 6.10376E-2 6.01476E-2 5.84165E-2 5.90518E-2 5.76319E-2 5.78498E-2 5.7822E-2 5.75051E-2 5.37252E-2 5.35681E-2 5.29695E-2 5.02381E-2 4.8898E-2 4.79964E-2 4.56609E-2 4.38497E-2 4.63882E-2 4.7192E-2 4.44291E-2 4.46382E-2 4.22947E-2 3.99085E-2 3.91386E-2 3.70093E-2 3.60351E-2 3.62084E-2 3.46299E-2 3.36859E-2 3.27106E-2 3.04198E-2 3.01446E-2 2.91454E-2
6.4225E-2 5.46483E-2 5.68818E-2 5.93854E-2 6.20303E-2 5.94104E-2 6.09532E-2 6.81005E-2 6.49864E-2 6.13588E-2 5.47974E-2 5.68244E-2 5.77545E-2 5.48462E-2 5.5455E-2 5.64359E-2 5.34093E-2 5.44644E-2 5.29082E-2 5.33956E-2 5.21072E-2 4.94571E-2 4.82383E-2 5.16108E-2 5.94937E-2 6.00718E-2 5.42789E-2 5.28796E-2 5.05105E-2 5.26612E-2 5.66424E-2 5.55683E-2 4.79154E-2 4.55034E-2 4.76859E-2 5.71088E-2 4.9643E-2 4.84348E-2 5.24268E-2 5.22132E-2 4.74255E-2 4.66846E-2 4.79974E-2 4.82514E-2 4.78843E-2 4.74085E-2 4.61393E-2 4.75694E-2 4.6282E-2 4.17054E-2 3.92779E-2 3.80659E-2 3.44421E-2 3.56016E-2 3.56287E-2 3.46437E-2 3.34198E-2 3.31785E-2 3.24549E-2 3.19062E-2 3.09892E-2
6.26793E-2 5.68756E-2 5.48126E-2 5.33346E-2 5.60924E-2 6.06878E-2 5.87199E-2 6.3226E-2 6.09477E-2 4.97535E-2 5.24547E-2 5.44661E-2 5.91294E-2 5.32236E-2 5.14554E-2 5.33676E-2 5.37937E-2 5.51405E-2 5.43929E-2 5.27867E-2 5.29133E-2 5.20573E-2 4.91009E-2 4.9258E-2 5.40912E-2 5.3651E-2 5.22126E-2 4.95388E-2 4.71269E-2 4.52094E-2 5.45185E-2 4.79971E-2 4.48737E-2 4.35552E-2 4.75775E-2 4.93627E-2 4.70988E-2 5.11994E-2 5.16378E-2 5.14145E-2 4.79687E-2 4.92153E-2 5.01955E-2 4.85034E-2 4.74148E-2 4.91328E-2 4.71554E-2 4.86575E-2 4.72184E-2 4.05346E-2 4.31914E-2 4.23514E-2 3.53041E-2 3.34242E-2 3.374E-2 3.35091E-2 3.3523E-2 3.30869E-2 3.26392E-2 3.34672E-2 3.31071E-2
5.62782E-2 5.5247E-2 5.26861E-2 5.48036E-2 5.82764E-2 6.51275E-2 6.5904E-2 6.38503E-2 5.46296E-2 5.5568E-2 5.28113E-2 5.7061E-2 5.93932E-2 5.56683E-2 5.24233E-2 5.33139E-2 5.54643E-2 5.52661E-2 5.49713E-2 5.41814E-2 5.21256E-2 5.19418E-2 4.90142E-2 4.48013E-2 4.79557E-2 4.92511E-2 4.59204E-2 4.47715E-2 4.3882E-2 4.37706E-2 5.20734E-2 4.9569E-2 4.53756E-2 4.65541E-2 4.78577E-2 4.62007E-2 4.61401E-2 4.83012E-2 4.46382E-2 4.74798E-2 5.10363E-2 5.01553E-2 5.14631E-2 4.92905E-2 4.8707E-2 5.02554E-2 4.98699E-2 4.93297E-2 4.52244E-2 4.09071E-2 4.46077E-2 4.15897E-2 3.5359E-2 3.32401E-2 3.43129E-2 3.3664E-2 3.3E-2 3.29033E-2 3.26013E-2 3.34802E-2 3.40065E-2
5.24713E-2 5.30625E-2 5.27595E-2 5.35219E-2 5.80487E-2 6.31164E-2 5.74834E-2 5.99098E-2 5.96572E-2 5.91821E-2 5.58129E-2 5.93517E-2 5.95818E-2 5.07871E-2 4.97108E-2 5.25302E-2 5.41547E-2 5.42737E-2 5.38239E-2 5.36701E-2 5.30267E-2 5.13145E-2 4.62603E-2 4.48756E-2 4.30514E-2 4.41918E-2 4.22106E-2 4.31971E-2 4.47042E-2 4.60977E-2 4.85139E-2 4.64721E-2 4.62285E-2 4.6855E-2 4.67066E-2 4.68865E-2 4.58185E-2 4.81594E-2 4.85341E-2 4.96474E-2 5.64198E-2 5.75232E-2 6.13179E-2 5.31503E-2 5.13953E-2 5.304E-2 5.22846E-2 5.06214E-2 4.62262E-2 4.22508E-2 3.98622E-2 3.69309E-2 3.51823E-2 3.47142E-2 3.43253E-2 3.45269E-2 3.40271E-2 3.30238E-2 3.31305E-2 3.36151E-2 3.42262E-2
5.41898E-2 5.30583E-2 5.29328E-2 5.19803E-2 5.16357E-2 5.69368E-2 6.01533E-2 6.42374E-2 6.45687E-2 6.36349E-2 6.16636E-2 6.24891E-2 5.78111E-2 5.38028E-2 5.6264E-2 5.41654E-2 5.45176E-2 5.39037E-2 5.3396E-2 5.25478E-2 5.28092E-2 5.12836E-2 4.55205E-2 4.31611E-2 4.22589E-2 4.2738E-2 4.22894E-2 4.34342E-2 4.40759E-2 4.63418E-2 4.6208E-2 4.64399E-2 4.64415E-2 4.67481E-2 4.69093E-2 4.90276E-2 4.80706E-2 5.20205E-2 5.43604E-2 5.63143E-2 6.43111E-2 7.84803E-2 7.06995E-2 5.81982E-2 5.96457E-2 6.06069E-2 5.55675E-2 4.86573E-2 4.58917E-2 4.22734E-2 3.94096E-2 3.67627E-2 3.54075E-2 3.52418E-2 3.54215E-2 3.57565E-2 3.55906E-2 3.52186E-2 3.49201E-2 3.57033E-2 3.61635E-2
5.55309E-2 5.51195E-2 5.66273E-2 6.01107E-2 6.11301E-2 6.14246E-2 6.91495E-2 6.59051E-2 6.31547E-2 6.369E-2 6.33463E-2 6.24582E-2 5.71231E-2 5.83544E-2 5.95927E-2 5.85504E-2 5.75017E-2 5.46802E-2 5.35072E-2 5.25215E-2 5.01231E-2 4.88429E-2 4.52946E-2 4.42294E-2 4.44971E-2 4.49178E-2 4.34023E-2 4.52647E-2 4.395E-2 4.4528E-2 4.58656E-2 4.6095E-2 4.59728E-2 4.75148E-2 5.01326E-2 5.39787E-2 5.87774E-2 6.05696E-2 6.22277E-2 6.14664E-2 6.39699E-2 8.16767E-2 8.6924E-2 7.31731E-2 6.29361E-2 6.56902E-2 6.40323E-2 4.51929E-2 4.28803E-2 4.0244E-2 3.94599E-2 3.79357E-2 3.57175E-2 3.58353E-2 3.62304E-2 3.66608E-2 3.66357E-2 3.66473E-2 3.55705E-2 3.7074E-2 3.7758E-2
5.5609E-2 5.57584E-2 5.8142E-2 6.73851E-2 6.80905E-2 6.99681E-2 6.66843E-2 6.45839E-2 6.00421E-2 6.45681E-2 6.41424E-2 6.51356E-2 6.13622E-2 6.00104E-2 6.02383E-2 5.81389E-2 5.87051E-2 5.16904E-2 5.19118E-2 5.116E-2 4.97594E-2 4.78203E-2 4.67071E-2 4.54527E-2 4.43798E-2 4.61327E-2 4.63303E-2 4.5083E-2 4.35587E-2 4.46907E-2 4.47663E-2 4.53738E-2 4.57088E-2 4.90089E-2 4.86426E-2 5.55562E-2 5.82799E-2 6.33766E-2 6.69418E-2 6.51024E-2 6.75993E-2 7.56754E-2 8.75578E-2 8.94384E-2 7.35508E-2 7.73086E-2 6.21298E-2 5.42069E-2 4.54756E-2 4.17961E-2 4.04907E-2 3.79714E-2 3.62808E-2 3.56109E-2 3.6063E-2 3.64292E-2 3.62753E-2 3.68997E-2 3.55436E-2 3.73351E-2 3.81466E-2
6.55961E-2 5.66707E-2 6.21304E-2 6.56888E-2 7.4991E-2 7.0653E-2 6.58041E-2 6.47293E-2 6.54259E-2 6.53441E-2 6.51306E-2 6.47812E-2 6.32506E-2 6.09022E-2 6.21647E-2 5.9917E-2 5.91016E-2 6.02102E-2 5.37673E-2 5.2563E-2 5.23776E-2 4.89226E-2 4.77373E-2 4.58407E-2 4.63988E-2 4.81187E-2 4.61242E-2 4.39634E-2 4.42187E-2 4.57575E-2 4.58902E-2 4.55667E-2 4.59087E-2 5.01742E-2 5.12872E-2 6.67959E-2 6.51687E-2 7.08855E-2 7.08473E-2 7.28216E-2 6.51311E-2 6.41917E-2 7.7306E-2 9.16683E-2 1.00043E-1 8.81172E-2 7.05298E-2 5.76211E-2 4.63009E-2 4.47864E-2 4.29557E-2 4.08759E-2 3.84653E-2 3.64395E-2 3.63131E-2 3.6527E-2 3.52806E-2 3.55153E-2 3.58359E-2 3.67215E-2 3.83554E-2
6.64232E-2 6.17255E-2 6.98996E-2 7.70761E-2 6.93733E-2 6.8499E-2 6.78401E-2 6.61347E-2 6.60329E-2 6.36743E-2 6.63504E-2 6.50811E-2 6.32475E-2 5.75136E-2 6.37623E-2 6.07992E-2 5.87917E-2 6.02042E-2 5.30788E-2 5.35528E-2 5.50379E-2 4.94027E-2 4.86439E-2 4.71433E-2 4.93229E-2 4.79002E-2 4.49591E-2 4.51593E-2 4.25974E-2 4.67247E-2 4.65757E-2 4.66666E-2 4.61667E-2 5.43135E-2 5.92971E-2 6.11116E-2 6.49399E-2 7.34006E-2 7.77865E-2 6.9976E-2 6.39238E-2 6.1431E-2 6.85901E-2 8.03021E-2 9.7946E-2 8.94265E-2 7.37558E-2 6.61679E-2 4.61391E-2 4.51465E-2 4.45873E-2 4.30379E-2 4.09161E-2 3.77857E-2 3.79097E-2 3.6945E-2 3.56031E-2 3.51004E-2 3.50496E-2 3.45525E-2 3.58879E-2
6.74347E-2 7.00062E-2 6.9345E-2 7.35413E-2 6.90946E-2 6.98427E-2 6.90996E-2 6.37681E-2 6.63659E-2 6.71831E-2 6.70719E-2 6.34876E-2 6.32111E-2 5.88004E-2 6.29489E-2 6.22434E-2 6.06978E-2 5.9292E-2 5.53058E-2 5.47924E-2 5.28895E-2 5.05506E-2 4.9361E-2 4.89928E-2 4.84219E-2 4.66893E-2 4.53924E-2 4.41324E-2 4.71162E-2 4.73078E-2 4.61086E-2 4.67267E-2 4.54856E-2 5.24449E-2 6.02493E-2 6.62837E-2 6.93441E-2 7.19359E-2 7.21386E-2 6.8822E-2 6.35687E-2 6.38413E-2 6.8072E-2 7.469E-2 8.11562E-2 9.0383E-2 7.04676E-2 7.22236E-2 5.31499E-2 4.52127E-2 4.42507E-2 4.31701E-2 4.16166E-2 3.808E-2 3.56085E-2 3.41822E-2 3.28103E-2 3.4409E-2 3.40413E-2 3.39445E-2 3.39627E-2
8.45682E-2 8.01107E-2 7.95371E-2 7.19302E-2 6.93798E-2 6.63885E-2 6.49705E-2 6.71591E-2 6.71838E-2 6.2564E-2 6.33678E-2 6.32751E-2 6.23324E-2 6.21506E-2 6.11846E-2 6.30406E-2 6.29715E-2 5.80827E-2 5.85096E-2 5.74548E-2 5.33622E-2 5.23831E-2 4.9981E-2 4.89627E-2 4.78987E-2 4.75418E-2 4.25804E-2 4.60303E-2 4.82983E-2 4.78976E-2 4.6966E-2 4.79828E-2 4.57093E-2 5.13864E-2 5.98235E-2 6.38169E-2 6.70017E-2 6.71819E-2 6.47782E-2 6.42617E-2 6.34455E-2 6.26543E-2 6.35508E-2 6.07176E-2 6.58289E-2 5.91122E-2 5.9551E-2 6.8768E-2 5.03896E-2 4.26122E-2 4.44769E-2 4.28599E-2 4.16613E-2 3.95441E-2 3.85819E-2 3.88465E-2 3.91466E-2 3.82556E-2 3.84648E-2 3.80682E-2 3.7316E-2
