maxent_outputs/white_flowers_troch_bombus_environ/white_144.asc
ncols         426
nrows         180
xllcorner     -130.0
yllcorner     24.0
cellsize      0.16666666666666666
NODATA_value  -9999
[rows 54 to 80 of 180, columns 122 to 182 of 426]
5.39316E-1 5.49122E-1 4.51295E-1 4.05978E-1 4.17047E-1 3.96386E-1 3.79027E-1 3.81531E-1 3.95162E-1 4.449E-1 5.11093E-1 5.24702E-1 5.19761E-1 4.81647E-1 4.18894E-1 4.04196E-1 3.85705E-1 4.04601E-1 4.12182E-1 4.04533E-1 3.96075E-1 3.91803E-1 3.8734E-1 3.91763E-1 3.96201E-1 3.95599E-1 3.95447E-1 3.91202E-1 3.92636E-1 3.95032E-1 4.10142E-1 4.1409E-1 4.21159E-1 4.1899E-1 4.22255E-1 4.30669E-1 4.51065E-1 4.5496E-1 4.38495E-1 4.05005E-1 3.83506E-1 3.7173E-1 3.68418E-1 3.75696E-1 3.76154E-1 3.79164E-1 3.79967E-1 3.82208E-1 3.85781E-1 3.9028E-1 3.93701E-1 3.92142E-1 3.87754E-1 3.92606E-1 3.90937E-1 4.05697E-1 3.87002E-1 3.89284E-1 3.87073E-1 3.82139E-1 3.81432E-1
5.34483E-1 5.096E-1 4.59832E-1 4.45687E-1 4.29138E-1 4.08291E-1 3.86519E-1 3.86779E-1 3.95421E-1 4.0656E-1 4.69702E-1 5.23044E-1 5.35394E-1 5.36659E-1 4.94209E-1 4.16219E-1 3.99523E-1 4.02829E-1 4.14899E-1 4.06685E-1 3.9226E-1 3.89852E-1 3.93411E-1 3.88954E-1 3.88203E-1 3.89593E-1 3.9158E-1 3.92053E-1 3.95893E-1 4.07414E-1 4.06596E-1 4.22418E-1 4.26723E-1 4.25424E-1 4.29245E-1 4.46854E-1 4.64559E-1 4.93411E-1 4.5051E-1 4.16597E-1 3.95075E-1 3.93559E-1 3.83461E-1 3.78065E-1 3.78083E-1 3.7917E-1 3.85136E-1 3.83955E-1 3.82739E-1 3.87644E-1 3.88609E-1 3.9525E-1 4.02342E-1 4.17806E-1 4.31442E-1 3.9304E-1 3.87176E-1 3.87574E-1 3.86E-1 3.82362E-1 3.83501E-1
5.60406E-1 5.27892E-1 4.87599E-1 4.47644E-1 4.28093E-1 4.19275E-1 3.94376E-1 3.86184E-1 3.74984E-1 3.78954E-1 3.952E-1 4.38372E-1 4.98027E-1 5.31859E-1 5.43743E-1 5.05588E-1 4.70586E-1 4.14815E-1 4.05643E-1 3.99448E-1 4.00883E-1 3.92681E-1 3.89771E-1 3.92171E-1 3.88952E-1 3.97481E-1 3.9185E-1 3.95328E-1 3.90467E-1 3.93176E-1 4.12133E-1 4.42924E-1 4.23663E-1 4.23903E-1 4.28333E-1 4.37452E-1 4.63206E-1 4.81859E-1 4.58907E-1 4.26276E-1 4.06018E-1 3.96389E-1 3.96131E-1 3.9806E-1 3.97081E-1 3.96294E-1 3.95676E-1 3.95685E-1 3.90844E-1 3.93708E-1 4.01605E-1 3.97592E-1 3.95667E-1 3.98647E-1 4.30485E-1 3.95091E-1 3.85708E-1 3.86737E-1 3.83223E-1 3.85023E-1 3.92997E-1
5.29876E-1 4.84129E-1 4.68635E-1 4.48088E-1 4.29864E-1 4.13327E-1 4.04174E-1 3.90763E-1 3.74186E-1 3.65862E-1 3.73886E-1 4.10581E-1 4.59427E-1 5.12831E-1 5.51653E-1 5.58434E-1 4.99789E-1 4.17949E-1 4.08479E-1 3.98206E-1 3.9501E-1 3.94328E-1 3.93765E-1 3.89472E-1 3.92581E-1 3.93635E-1 3.99657E-1 3.90101E-1 3.86844E-1 3.91756E-1 4.06194E-1 4.11382E-1 4.04877E-1 4.56759E-1 4.67872E-1 4.63684E-1 4.61556E-1 4.45002E-1 4.43018E-1 4.3124E-1 4.1977E-1 4.0232E-1 3.95739E-1 3.97373E-1 4.01288E-1 4.0421E-1 4.01111E-1 3.98045E-1 3.92794E-1 3.97072E-1 4.01219E-1 3.90086E-1 3.90483E-1 3.91769E-1 4.04832E-1 4.04206E-1 3.87485E-1 3.86062E-1 3.83752E-1 3.87472E-1 3.96619E-1
5.45082E-1 5.26661E-1 5.35616E-1 4.4106E-1 4.13552E-1 4.08251E-1 4.0354E-1 3.93386E-1 3.83972E-1 3.71166E-1 3.64679E-1 3.79053E-1 4.10691E-1 4.62743E-1 5.17733E-1 5.45209E-1 5.03404E-1 4.30647E-1 4.04968E-1 3.9587E-1 3.978E-1 3.9099E-1 3.89837E-1 3.93225E-1 3.96707E-1 3.95897E-1 4.00652E-1 3.92399E-1 3.91183E-1 3.84975E-1 3.86983E-1 3.93419E-1 4.21891E-1 4.46863E-1 4.61915E-1 4.64272E-1 4.55074E-1 4.48566E-1 4.2899E-1 4.28295E-1 4.23569E-1 4.13787E-1 4.06517E-1 3.98255E-1 4.09747E-1 4.02904E-1 3.99109E-1 3.9501E-1 3.96246E-1 3.95207E-1 3.91016E-1 3.92689E-1 3.94942E-1 3.94307E-1 3.94454E-1 3.93463E-1 3.9516E-1 3.99664E-1 4.0055E-1 3.97477E-1 4.02014E-1
5.50677E-1 5.49172E-1 4.97132E-1 4.3217E-1 4.2088E-1 4.08168E-1 3.99247E-1 3.86975E-1 3.68368E-1 3.66397E-1 3.63708E-1 3.73489E-1 3.82648E-1 4.08965E-1 4.7102E-1 5.01808E-1 4.92791E-1 4.18755E-1 3.95568E-1 3.95099E-1 3.94766E-1 3.9574E-1 3.93972E-1 3.98324E-1 3.94315E-1 3.95199E-1 4.01348E-1 3.97676E-1 3.96845E-1 3.97119E-1 3.91974E-1 4.05365E-1 4.25434E-1 4.38876E-1 4.55471E-1 4.57772E-1 4.52199E-1 4.48912E-1 4.25068E-1 4.20608E-1 4.21774E-1 4.17049E-1 4.10765E-1 4.0444E-1 4.04763E-1 3.9749E-1 3.97364E-1 3.92982E-1 3.91444E-1 3.88585E-1 3.91409E-1 3.93728E-1 3.96958E-1 3.98502E-1 3.97842E-1 3.96452E-1 3.99881E-1 3.96952E-1 4.03988E-1 4.08292E-1 4.19375E-1
5.67564E-1 5.61663E-1 5.57861E-1 4.96674E-1 4.48505E-1 4.18102E-1 3.98846E-1 3.93125E-1 3.84404E-1 3.68384E-1 3.61881E-1 3.72521E-1 3.90971E-1 3.80597E-1 4.23832E-1 4.6926E-1 4.76256E-1 4.20368E-1 4.00768E-1 3.90757E-1 3.8992E-1 4.01406E-1 4.04803E-1 4.02346E-1 3.96351E-1 3.97653E-1 4.01156E-1 4.03821E-1 3.96889E-1 3.98245E-1 3.94251E-1 3.98809E-1 4.29086E-1 4.40363E-1 4.37306E-1 4.51983E-1 4.5673E-1 4.56885E-1 4.27572E-1 4.13441E-1 4.09415E-1 4.0068E-1 4.01058E-1 4.05307E-1 4.13521E-1 3.96544E-1 3.91082E-1 3.91064E-1 3.95407E-1 3.97621E-1 3.97592E-1 3.98817E-1 3.99069E-1 4.04281E-1 4.07408E-1 4.08678E-1 4.08151E-1 4.0641E-1 4.03794E-1 4.04569E-1 4.03394E-1
5.30418E-1 5.33491E-1 5.4962E-1 5.34486E-1 4.48191E-1 4.05414E-1 3.95348E-1 3.84391E-1 3.70393E-1 3.71393E-1 3.7485E-1 3.78268E-1 3.93268E-1 3.87445E-1 4.18833E-1 4.61756E-1 4.40655E-1 4.0956E-1 3.93937E-1 3.92748E-1 3.9706E-1 4.00305E-1 4.06191E-1 4.06683E-1 3.99276E-1 4.00094E-1 4.01404E-1 3.96797E-1 3.9234E-1 3.90731E-1 3.90836E-1 3.93248E-1 3.99649E-1 4.21625E-1 4.2727E-1 4.4729E-1 4.5129E-1 4.47798E-1 4.18657E-1 4.06787E-1 3.99508E-1 3.98894E-1 4.08512E-1 4.04231E-1 3.95275E-1 3.98383E-1 4.05692E-1 3.98067E-1 3.98211E-1 3.97968E-1 3.98455E-1 3.99072E-1 3.98941E-1 4.05629E-1 4.12468E-1 4.07926E-1 4.05589E-1 4.06282E-1 4.10557E-1 4.14944E-1 4.172E-1
4.6695E-1 4.49458E-1 4.99576E-1 4.66561E-1 4.33179E-1 4.40079E-1 4.27728E-1 4.01104E-1 3.95487E-1 4.07096E-1 4.07684E-1 4.13722E-1 4.14022E-1 4.24111E-1 4.47215E-1 4.63834E-1 4.22717E-1 4.00867E-1 3.97853E-1 3.97848E-1 4.04017E-1 4.08194E-1 4.02791E-1 4.00602E-1 3.98797E-1 3.96041E-1 4.03015E-1 4.06865E-1 3.92326E-1 3.85075E-1 3.88841E-1 3.96744E-1 3.95467E-1 4.05336E-1 4.18718E-1 4.30515E-1 4.42574E-1 4.33995E-1 4.12672E-1 4.01479E-1 4.00509E-1 4.0596E-1 3.97619E-1 3.91092E-1 4.00858E-1 4.07215E-1 4.0991E-1 4.10318E-1 4.08153E-1 4.02481E-1 4.0364E-1 4.01857E-1 4.03015E-1 4.15703E-1 4.18377E-1 4.12997E-1 4.13601E-1 4.1607E-1 4.17481E-1 4.23297E-1 4.24386E-1
5.35966E-1 4.60396E-1 4.51678E-1 4.40019E-1 4.25183E-1 3.97958E-1 3.88657E-1 3.86861E-1 3.96006E-1 4.1077E-1 4.2013E-1 3.92787E-1 4.05211E-1 4.34591E-1 4.65282E-1 4.45426E-1 4.19322E-1 4.04551E-1 3.9611E-1 3.99738E-1 3.94586E-1 4.06956E-1 4.03507E-1 4.01001E-1 4.01504E-1 3.9821E-1 3.99433E-1 3.98426E-1 3.99428E-1 4.01233E-1 3.99395E-1 3.95541E-1 3.9377E-1 3.95704E-1 4.037E-1 4.17019E-1 4.23241E-1 4.19441E-1 4.05825E-1 3.98674E-1 3.9381E-1 3.86941E-1 3.82718E-1 3.97051E-1 4.031E-1 4.05827E-1 4.06117E-1 4.02113E-1 4.0374E-1 3.99315E-1 4.03674E-1 4.06544E-1 4.0966E-1 4.21989E-1 4.18753E-1 4.19679E-1 4.19519E-1 4.24791E-1 4.26444E-1 4.28926E-1 4.30735E-1
5.8819E-1 5.33617E-1 4.46761E-1 4.19201E-1 4.00997E-1 3.8592E-1 3.81615E-1 3.68012E-1 3.63339E-1 3.68333E-1 3.76348E-1 3.84439E-1 3.90036E-1 4.01286E-1 4.14105E-1 4.1745E-1 4.06743E-1 3.99968E-1 3.97005E-1 3.99572E-1 4.01021E-1 4.04966E-1 4.10729E-1 4.07236E-1 4.06288E-1 4.03288E-1 3.97027E-1 3.98593E-1 4.00119E-1 3.9828E-1 3.95563E-1 3.9351E-1 3.97806E-1 4.02651E-1 3.96593E-1 3.99945E-1 4.01519E-1 4.02965E-1 3.99254E-1 3.95871E-1 3.87445E-1 3.89334E-1 4.0154E-1 3.9992E-1 3.96524E-1 3.96548E-1 3.96341E-1 4.027E-1 3.96687E-1 3.92817E-1 4.03067E-1 4.11603E-1 4.20561E-1 4.18861E-1 4.13454E-1 4.13513E-1 4.21314E-1 4.24416E-1 4.26866E-1 4.31932E-1 4.32526E-1
5.95941E-1 5.45364E-1 5.30782E-1 4.28662E-1 3.90006E-1 3.77528E-1 3.68141E-1 3.64165E-1 3.65174E-1 3.69693E-1 3.76421E-1 3.90386E-1 4.01158E-1 4.06736E-1 4.0696E-1 4.03742E-1 3.97289E-1 3.96852E-1 3.92671E-1 3.9847E-1 4.00631E-1 4.01629E-1 4.09859E-1 4.08774E-1 4.10056E-1 4.11457E-1 4.06131E-1 4.01944E-1 3.97893E-1 4.00277E-1 3.96684E-1 4.00454E-1 4.04084E-1 4.01006E-1 3.99484E-1 3.95733E-1 3.92395E-1 3.99078E-1 3.97537E-1 3.9805E-1 3.92534E-1 3.95868E-1 3.9456E-1 3.93533E-1 3.91923E-1 3.94764E-1 3.95481E-1 4.00505E-1 4.04287E-1 4.04065E-1 4.0445E-1 4.08437E-1 4.10012E-1 4.11748E-1 4.12179E-1 4.16892E-1 4.18934E-1 4.23318E-1 4.27084E-1 4.32455E-1 4.31811E-1
4.99224E-1 5.48916E-1 5.53085E-1 5.13781E-1 4.13077E-1 3.7211E-1 3.66032E-1 3.65667E-1 3.71961E-1 3.84921E-1 3.91027E-1 4.00798E-1 4.12025E-1 4.23402E-1 4.1409E-1 4.07854E-1 4.06617E-1 4.00825E-1 4.02539E-1 4.07761E-1 4.0949E-1 4.012E-1 3.99836E-1 4.03303E-1 3.99298E-1 4.03965E-1 4.0612E-1 4.08177E-1 4.06867E-1 4.0558E-1 4.09258E-1 4.08678E-1 4.0848E-1 4.03463E-1 3.95955E-1 3.89629E-1 3.95528E-1 3.99397E-1 3.95864E-1 3.89481E-1 3.88228E-1 4.0033E-1 4.00837E-1 4.00113E-1 3.98138E-1 3.96217E-1 4.00822E-1 4.00901E-1 4.04494E-1 4.07805E-1 4.08561E-1 4.13582E-1 4.13394E-1 4.13374E-1 4.13095E-1 4.18999E-1 4.24802E-1 4.30096E-1 4.33379E-1 4.36196E-1 4.36313E-1
4.04835E-1 4.86789E-1 5.32785E-1 5.44319E-1 5.11494E-1 4.15169E-1 3.79439E-1 3.82019E-1 3.90919E-1 4.03545E-1 4.02439E-1 4.04811E-1 4.04223E-1 4.12507E-1 4.24822E-1 4.19692E-1 4.1385E-1 4.07645E-1 4.04144E-1 4.25192E-1 4.47006E-1 4.20867E-1 4.27701E-1 4.20877E-1 4.13915E-1 4.04103E-1 3.95944E-1 3.96504E-1 3.95888E-1 4.01142E-1 4.17106E-1 4.0821E-1 3.98161E-1 3.93909E-1 3.96229E-1 3.98915E-1 4.04108E-1 4.06083E-1 4.07122E-1 4.08974E-1 4.15446E-1 4.04977E-1 3.99354E-1 3.97041E-1 3.94566E-1 3.95453E-1 3.96969E-1 4.02274E-1 4.0775E-1 4.12247E-1 4.1295E-1 4.10514E-1 4.13426E-1 4.13836E-1 4.12913E-1 4.21871E-1 4.27611E-1 4.31765E-1 4.42418E-1 4.4265E-1 4.42475E-1
3.8209E-1 3.96215E-1 4.57696E-1 4.95674E-1 5.2202E-1 4.78029E-1 4.2185E-1 4.06286E-1 3.9772E-1 3.91285E-1 3.98922E-1 3.98098E-1 3.97231E-1 4.02202E-1 4.06647E-1 4.02906E-1 3.96885E-1 4.12432E-1 4.05104E-1 4.1279E-1 4.40758E-1 4.54063E-1 4.68629E-1 4.47492E-1 4.30022E-1 4.14659E-1 4.03773E-1 4.01481E-1 3.97312E-1 4.01524E-1 4.17594E-1 4.07484E-1 3.94921E-1 3.85126E-1 3.79754E-1 3.83733E-1 3.9398E-1 4.01111E-1 4.02338E-1 4.02981E-1 4.01092E-1 4.00438E-1 3.96605E-1 3.99466E-1 3.98916E-1 4.00276E-1 4.0353E-1 4.0917E-1 4.12943E-1 4.15776E-1 4.19291E-1 4.1881E-1 4.21572E-1 4.14821E-1 4.16108E-1 4.22719E-1 4.25544E-1 4.32295E-1 4.34939E-1 4.37818E-1 4.31818E-1
3.73835E-1 3.75155E-1 3.85532E-1 4.00432E-1 4.22021E-1 4.28875E-1 4.21292E-1 4.17405E-1 4.02341E-1 4.08769E-1 4.16379E-1 4.24952E-1 4.13064E-1 4.05476E-1 4.09894E-1 4.0638E-1 4.13263E-1 4.21258E-1 4.29634E-1 4.31493E-1 4.21467E-1 4.15255E-1 4.55505E-1 4.74092E-1 4.67029E-1 4.38733E-1 4.28545E-1 4.14859E-1 4.12226E-1 4.06714E-1 4.06784E-1 3.93281E-1 3.87064E-1 3.84056E-1 3.79402E-1 3.79922E-1 3.8393E-1 3.85053E-1 3.88966E-1 3.91654E-1 3.94669E-1 3.9356E-1 3.98001E-1 3.96567E-1 4.02366E-1 4.05123E-1 4.06679E-1 4.10294E-1 4.13737E-1 4.14323E-1 4.176E-1 4.1813E-1 4.18501E-1 4.14736E-1 4.19178E-1 4.18154E-1 4.21454E-1 4.27457E-1 4.35065E-1 4.37364E-1 4.31719E-1
3.65781E-1 3.71317E-1 3.67079E-1 3.81172E-1 4.04431E-1 4.19794E-1 4.08409E-1 4.03075E-1 4.04466E-1 3.96887E-1 3.95121E-1 4.04054E-1 4.33616E-1 4.16345E-1 4.43069E-1 4.25433E-1 4.21962E-1 4.31518E-1 4.6195E-1 4.46073E-1 4.26383E-1 4.18052E-1 4.15958E-1 4.36422E-1 4.6379E-1 4.59364E-1 4.34312E-1 4.21243E-1 4.15351E-1 4.17893E-1 4.13343E-1 4.05456E-1 3.9535E-1 3.88046E-1 3.86083E-1 3.88722E-1 3.89854E-1 3.84851E-1 3.8367E-1 3.89062E-1 3.94755E-1 3.91669E-1 3.94514E-1 3.95151E-1 3.98453E-1 4.01606E-1 4.02325E-1 4.04265E-1 4.0908E-1 4.13642E-1 4.13967E-1 4.16545E-1 4.18178E-1 4.15835E-1 4.17175E-1 4.12248E-1 4.12666E-1 4.22214E-1 4.27061E-1 4.29818E-1 4.28446E-1
3.81063E-1 3.83766E-1 3.86202E-1 4.16748E-1 4.20364E-1 4.10858E-1 3.92616E-1 3.89994E-1 3.87936E-1 3.88434E-1 3.92453E-1 3.9988E-1 4.0981E-1 4.06741E-1 4.08294E-1 4.24184E-1 4.22859E-1 4.26077E-1 4.55575E-1 4.42989E-1 4.44941E-1 4.30151E-1 4.23183E-1 4.26235E-1 4.42865E-1 4.47282E-1 4.38458E-1 4.24378E-1 4.21816E-1 4.23979E-1 4.20304E-1 4.07296E-1 3.99535E-1 3.9268E-1 3.88049E-1 3.8835E-1 3.9284E-1 3.92701E-1 3.87642E-1 3.87959E-1 3.9113E-1 3.92897E-1 3.93654E-1 3.908E-1 3.94527E-1 4.00313E-1 4.04718E-1 4.04571E-1 4.13401E-1 4.202E-1 4.20897E-1 4.17536E-1 4.14085E-1 4.12969E-1 4.17002E-1 4.16444E-1 4.11229E-1 4.14312E-1 4.23349E-1 4.26557E-1 4.21519E-1
3.86799E-1 3.89513E-1 4.01215E-1 4.11446E-1 4.18933E-1 4.03853E-1 3.95876E-1 3.91079E-1 3.94847E-1 3.99535E-1 4.08419E-1 4.15694E-1 4.14831E-1 4.21646E-1 4.30014E-1 4.31181E-1 4.20574E-1 4.18694E-1 4.32035E-1 4.38472E-1 4.41121E-1 4.39987E-1 4.30794E-1 4.27949E-1 4.3917E-1 4.43159E-1 4.37956E-1 4.28658E-1 4.2665E-1 4.22806E-1 4.15895E-1 4.06656E-1 4.00581E-1 3.96031E-1 3.92748E-1 3.95676E-1 3.94502E-1 3.96419E-1 3.99806E-1 4.01794E-1 3.99587E-1 3.93982E-1 3.90982E-1 3.8878E-1 3.94838E-1 4.02509E-1 4.11457E-1 4.16786E-1 4.26131E-1 4.27128E-1 4.25446E-1 4.18628E-1 4.13941E-1 4.1273E-1 4.18264E-1 4.24139E-1 4.2452E-1 4.22292E-1 4.21536E-1 4.1814E-1 4.17909E-1
3.90683E-1 3.94582E-1 4.0529E-1 4.09755E-1 4.18297E-1 4.12105E-1 4.12849E-1 4.00751E-1 4.04523E-1 4.01537E-1 4.14162E-1 4.25887E-1 4.25715E-1 4.3021E-1 4.44374E-1 4.32497E-1 4.27068E-1 4.26165E-1 4.52406E-1 4.6876E-1 4.64637E-1 4.6051E-1 4.44928E-1 4.32456E-1 4.32919E-1 4.42095E-1 4.40378E-1 4.40166E-1 4.29764E-1 4.22424E-1 4.18739E-1 4.16143E-1 4.14085E-1 4.09766E-1 4.03554E-1 4.16922E-1 4.14211E-1 4.065E-1 3.97362E-1 3.99022E-1 4.01745E-1 3.98836E-1 3.90585E-1 3.86446E-1 3.91872E-1 4.04953E-1 4.20591E-1 4.34709E-1 4.41628E-1 4.33182E-1 4.23422E-1 4.16309E-1 4.10089E-1 4.11038E-1 4.16419E-1 4.23286E-1 4.25767E-1 4.20528E-1 4.19252E-1 4.18919E-1 4.18544E-1
3.96132E-1 4.06619E-1 4.09274E-1 4.05018E-1 4.09688E-1 4.1719E-1 4.13347E-1 4.11245E-1 4.18007E-1 4.14262E-1 4.09039E-1 4.254E-1 4.35159E-1 4.67199E-1 4.51706E-1 4.40826E-1 4.32003E-1 4.20842E-1 4.88102E-1 4.91471E-1 5.22303E-1 4.85614E-1 4.52299E-1 4.33842E-1 4.33127E-1 4.57005E-1 4.51871E-1 4.4332E-1 4.35696E-1 4.26918E-1 4.22608E-1 4.18974E-1 4.1398E-1 4.12298E-1 4.13723E-1 4.11824E-1 4.12982E-1 4.12506E-1 4.11046E-1 4.02149E-1 3.929E-1 3.94442E-1 3.94879E-1 3.93874E-1 3.96557E-1 4.0769E-1 4.27441E-1 4.49447E-1 4.51513E-1 4.33939E-1 4.185E-1 4.07037E-1 3.97891E-1 4.04832E-1 4.12671E-1 4.16607E-1 4.20333E-1 4.18219E-1 4.14799E-1 4.17157E-1 4.18915E-1
3.98033E-1 4.06442E-1 4.16659E-1 4.35713E-1 4.20918E-1 4.19955E-1 4.28586E-1 4.13607E-1 4.14951E-1 4.15594E-1 4.12547E-1 4.21892E-1 4.30182E-1 4.6414E-1 4.7108E-1 4.66107E-1 4.41493E-1 4.35509E-1 4.92994E-1 5.5923E-1 5.79775E-1 5.28988E-1 4.66647E-1 4.42153E-1 4.3156E-1 4.591E-1 4.56188E-1 4.4665E-1 4.39443E-1 4.2936E-1 4.23435E-1 4.27301E-1 4.25725E-1 4.21234E-1 4.13297E-1 4.11055E-1 4.13059E-1 4.14725E-1 4.10903E-1 4.07541E-1 4.03242E-1 4.02675E-1 3.9721E-1 3.94615E-1 3.97186E-1 4.05255E-1 4.18091E-1 4.32691E-1 4.3388E-1 4.25506E-1 4.15807E-1 4.04112E-1 4.00317E-1 4.03164E-1 4.07251E-1 4.1205E-1 4.16491E-1 4.13616E-1 4.14876E-1 4.12285E-1 4.16453E-1
4.0866E-1 4.12181E-1 4.30291E-1 4.34904E-1 4.28492E-1 4.27054E-1 4.31564E-1 4.18331E-1 4.12885E-1 4.11803E-1 4.26215E-1 4.22358E-1 4.3375E-1 4.54226E-1 4.86743E-1 5.63908E-1 5.08346E-1 4.61553E-1 4.72539E-1 5.40171E-1 5.73391E-1 5.20944E-1 4.8524E-1 4.55753E-1 4.43634E-1 4.72231E-1 4.62238E-1 4.43529E-1 4.41144E-1 4.32192E-1 4.25726E-1 4.25655E-1 4.2072E-1 4.13838E-1 4.1146E-1 4.12737E-1 4.10462E-1 4.06787E-1 4.04825E-1 3.9915E-1 4.00391E-1 4.011E-1 4.01627E-1 3.96877E-1 3.96229E-1 4.00687E-1 4.09807E-1 4.15979E-1 4.06314E-1 4.08005E-1 4.05994E-1 4.01997E-1 4.00765E-1 4.04689E-1 4.07352E-1 4.08411E-1 4.11929E-1 4.15815E-1 4.13738E-1 4.1143E-1 4.13667E-1
4.28812E-1 4.25798E-1 4.45979E-1 4.41852E-1 4.50268E-1 4.26464E-1 4.26051E-1 4.20549E-1 4.22216E-1 4.2237E-1 4.14923E-1 4.20711E-1 4.27252E-1 4.45974E-1 4.83742E-1 5.21467E-1 5.61893E-1 5.61454E-1 5.28152E-1 5.07047E-1 5.602E-1 5.3794E-1 4.87545E-1 4.72358E-1 4.71398E-1 4.67856E-1 4.64041E-1 4.54853E-1 4.4744E-1 4.40359E-1 4.324E-1 4.23807E-1 4.20332E-1 4.13466E-1 4.14618E-1 4.13225E-1 4.11157E-1 4.09612E-1 4.0659E-1 4.0242E-1 4.01771E-1 4.06656E-1 4.05112E-1 3.96645E-1 3.90714E-1 3.93007E-1 3.92739E-1 3.91524E-1 3.95074E-1 3.97539E-1 3.98294E-1 4.03687E-1 4.03641E-1 4.12575E-1 4.15395E-1 4.10671E-1 4.11447E-1 4.11671E-1 4.13088E-1 4.10655E-1 4.09885E-1
4.65095E-1 4.54079E-1 4.45142E-1 4.44967E-1 4.57252E-1 4.35415E-1 4.22671E-1 4.24017E-1 4.21819E-1 4.13003E-1 4.22799E-1 4.27052E-1 4.30992E-1 4.90251E-1 4.92007E-1 5.11489E-1 5.48751E-1 5.75942E-1 5.7562E-1 5.20102E-1 5.29004E-1 5.64462E-1 5.16489E-1 5.41223E-1 5.24287E-1 4.85704E-1 4.65315E-1 4.58563E-1 4.42244E-1 4.37444E-1 4.30153E-1 4.17308E-1 4.08128E-1 4.11358E-1 4.13153E-1 4.14363E-1 4.09393E-1 4.0205E-1 4.0599E-1 4.03103E-1 4.03042E-1 4.01919E-1 3.9945E-1 3.95733E-1 3.91965E-1 3.92564E-1 3.94362E-1 3.94907E-1 3.96668E-1 3.99177E-1 3.98913E-1 4.03199E-1 4.06187E-1 4.10134E-1 4.20183E-1 4.22661E-1 4.16243E-1 4.10807E-1 4.09038E-1 4.11641E-1 4.12844E-1
5.15499E-1 4.66323E-1 4.44494E-1 4.58248E-1 4.37607E-1 4.28413E-1 4.30167E-1 4.03555E-1 4.11054E-1 4.17725E-1 4.31695E-1 4.41877E-1 4.39926E-1 5.15754E-1 5.36608E-1 5.42459E-1 5.20554E-1 5.4377E-1 5.62921E-1 5.03563E-1 4.93588E-1 5.14435E-1 5.78385E-1 5.69882E-1 5.25026E-1 4.93694E-1 4.66683E-1 4.41035E-1 4.28663E-1 4.18661E-1 4.17846E-1 4.13965E-1 4.03142E-1 4.06935E-1 4.03567E-1 4.00774E-1 3.93141E-1 3.89662E-1 3.90887E-1 3.93026E-1 3.98841E-1 4.00041E-1 3.97704E-1 3.95356E-1 3.94074E-1 3.91477E-1 3.94824E-1 3.98123E-1 3.99876E-1 3.98314E-1 4.02876E-1 4.06975E-1 4.06956E-1 4.11452E-1 4.10732E-1 4.12637E-1 4.11361E-1 4.12163E-1 4.15776E-1 4.18827E-1 4.19567E-1
4.31663E-1 3.97734E-1 4.02829E-1 4.30934E-1 4.56686E-1 4.45228E-1 4.36984E-1 4.15717E-1 4.06991E-1 4.09238E-1 4.18195E-1 4.24945E-1 4.27355E-1 4.27836E-1 4.51005E-1 4.94785E-1 4.67109E-1 5.52214E-1 5.55447E-1 5.07328E-1 4.98465E-1 5.16593E-1 5.67384E-1 5.82381E-1 5.64988E-1 5.38869E-1 4.86169E-1 4.3166E-1 4.17128E-1 4.14046E-1 4.11811E-1 4.03421E-1 4.04717E-1 4.01209E-1 3.96479E-1 3.92939E-1 3.90832E-1 3.86008E-1 3.84829E-1 3.92447E-1 3.95658E-1 3.95578E-1 3.94912E-1 3.98005E-1 3.97373E-1 3.96406E-1 3.95273E-1 3.98729E-1 4.04527E-1 4.03529E-1 4.04765E-1 4.09442E-1 4.08466E-1 4.14046E-1 4.13718E-1 4.05728E-1 4.03764E-1 4.06108E-1 4.16466E-1 4.22835E-1 4.22797E-1
