maxent_outputs/white_flowers_troch_bombus_environ/white_96.asc
ncols         426
nrows         180
xllcorner     -130.0
yllcorner     24.0
cellsize      0.16666666666666666
NODATA_value  -9999
[rows 0 to 26 of 180, columns 61 to 121 of 426]
2.10683E-1 2.12571E-1 2.45668E-1 2.61315E-1 2.82784E-1 2.61761E-1 2.57993E-1 2.54605E-1 2.54194E-1 2.51517E-1 2.61463E-1 2.66749E-1 2.60506E-1 2.65481E-1 2.6042E-1 2.55073E-1 2.69832E-1 2.5688E-1 2.37251E-1 2.28453E-1 2.34191E-1 2.34548E-1 2.35215E-1 2.37738E-1 2.43677E-1 2.45212E-1 2.40076E-1 2.13997E-1 2.08325E-1 2.04329E-1 2.04757E-1 2.12392E-1 2.29617E-1 2.22607E-1 2.22547E-1 2.11299E-1 2.06003E-1 1.9599E-1 2.05906E-1 2.11681E-1 2.04415E-1 2.1017E-1 2.0115E-1 2.03813E-1 2.02495E-1 1.96095E-1 2.01331E-1 2.00719E-1 1.99274E-1 1.91276E-1 1.86574E-1 1.90522E-1 1.85015E-1 1.85027E-1 1.86025E-1 1.80987E-1 1.82417E-1 1.79563E-1 1.79447E-1 1.75811E-1 1.85303E-1
2.06969E-1 2.04156E-1 2.79768E-1 2.41767E-1 2.37473E-1 2.37021E-1 2.37106E-1 2.27175E-1 2.37823E-1 2.49257E-1 2.52256E-1 2.6076E-1 2.61911E-1 2.62279E-1 2.5615E-1 2.63236E-1 2.6568E-1 2.41366E-1 2.47992E-1 2.54302E-1 2.54132E-1 2.34364E-1 2.17801E-1 2.12575E-1 2.12855E-1 2.11851E-1 2.34085E-1 2.14146E-1 2.15236E-1 2.26459E-1 2.34741E-1 2.38721E-1 2.4548E-1 2.28565E-1 2.40919E-1 2.35227E-1 2.02163E-1 2.0702E-1 2.05352E-1 2.16211E-1 2.25706E-1 2.29343E-1 2.36035E-1 2.14197E-1 2.1117E-1 2.0861E-1 1.98888E-1 2.00217E-1 1.99928E-1 1.98073E-1 1.95161E-1 1.92735E-1 1.88797E-1 1.83813E-1 1.81885E-1 1.81358E-1 1.76402E-1 1.75771E-1 1.71698E-1 1.67488E-1 1.69158E-1
2.07286E-1 2.2214E-1 2.09531E-1 2.37004E-1 1.72904E-1 1.8619E-1 1.78647E-1 1.90618E-1 2.00769E-1 2.21673E-1 2.41622E-1 2.55482E-1 2.57015E-1 2.42551E-1 2.46722E-1 2.63367E-1 2.63356E-1 2.65347E-1 2.62544E-1 2.49988E-1 2.41505E-1 2.37851E-1 2.30746E-1 2.34259E-1 2.29514E-1 2.35709E-1 2.32903E-1 2.13819E-1 2.096E-1 2.19207E-1 2.43558E-1 2.49974E-1 2.47127E-1 2.40101E-1 2.46662E-1 2.45986E-1 2.36967E-1 2.60934E-1 2.64789E-1 2.51152E-1 2.36734E-1 2.39614E-1 2.36374E-1 2.16963E-1 2.06416E-1 2.10329E-1 2.03204E-1 2.01945E-1 2.04503E-1 1.98045E-1 1.97205E-1 1.92085E-1 1.93909E-1 1.87669E-1 1.82353E-1 1.80118E-1 1.77788E-1 1.76621E-1 1.75156E-1 1.684E-1 1.61354E-1
2.07974E-1 1.75657E-1 1.45733E-1 2.23049E-1 1.69086E-1 1.52218E-1 1.63139E-1 1.95105E-1 2.30372E-1 2.2643E-1 2.23818E-1 2.47049E-1 2.61989E-1 2.61753E-1 2.49943E-1 2.48781E-1 2.56332E-1 2.60222E-1 2.63267E-1 2.52402E-1 2.56073E-1 2.50912E-1 2.4531E-1 2.42665E-1 2.43245E-1 2.4295E-1 2.48035E-1 2.38479E-1 2.36039E-1 2.25135E-1 2.1852E-1 2.34836E-1 2.59637E-1 2.38218E-1 2.36973E-1 2.24246E-1 2.37038E-1 2.45372E-1 2.42299E-1 2.28885E-1 2.42318E-1 2.4102E-1 2.44174E-1 2.44661E-1 2.11683E-1 2.06484E-1 2.05587E-1 1.99564E-1 2.00043E-1 1.99837E-1 1.98728E-1 1.98281E-1 1.93698E-1 1.87808E-1 1.85347E-1 1.83585E-1 1.80864E-1 1.8385E-1 1.80718E-1 1.76347E-1 1.69978E-1
2.21437E-1 2.25736E-1 1.8744E-1 1.63005E-1 1.51019E-1 1.45874E-1 1.67842E-1 1.84375E-1 1.76695E-1 2.26263E-1 2.3655E-1 2.65261E-1 2.50388E-1 2.2999E-1 2.30551E-1 2.4336E-1 2.45137E-1 2.56677E-1 2.56066E-1 2.50546E-1 2.48812E-1 2.45543E-1 2.45019E-1 2.44862E-1 2.40727E-1 2.41683E-1 2.34851E-1 2.36102E-1 2.24492E-1 2.32895E-1 2.35234E-1 2.4138E-1 2.48858E-1 2.51512E-1 2.49346E-1 2.45982E-1 2.45013E-1 2.41343E-1 2.30325E-1 2.15196E-1 2.15805E-1 2.28662E-1 2.34819E-1 2.36622E-1 2.27459E-1 2.20783E-1 2.16375E-1 2.01388E-1 2.02985E-1 2.10215E-1 2.02327E-1 2.06862E-1 1.97618E-1 1.9544E-1 1.94093E-1 1.8958E-1 1.87756E-1 1.86941E-1 1.86908E-1 1.83585E-1 1.749E-1
3.23682E-1 3.06469E-1 2.19157E-1 2.38907E-1 1.78948E-1 1.84016E-1 1.54547E-1 1.59813E-1 1.67624E-1 1.93388E-1 2.63666E-1 2.45932E-1 2.19979E-1 1.97658E-1 2.06884E-1 2.20769E-1 2.25564E-1 2.27963E-1 2.36065E-1 2.41945E-1 2.37861E-1 2.32949E-1 2.33858E-1 2.38075E-1 2.47896E-1 2.4769E-1 2.50634E-1 2.50404E-1 2.4794E-1 2.3979E-1 2.37881E-1 2.42009E-1 2.42261E-1 2.4589E-1 2.54539E-1 2.53994E-1 2.51667E-1 2.43871E-1 2.33602E-1 2.26518E-1 2.21425E-1 2.12884E-1 2.14686E-1 2.20334E-1 2.16656E-1 2.1292E-1 2.12984E-1 2.02761E-1 2.04403E-1 2.10045E-1 2.07315E-1 2.04614E-1 1.92033E-1 1.90715E-1 1.93357E-1 1.92166E-1 1.91095E-1 1.85811E-1 1.82925E-1 1.78109E-1 1.79238E-1
1.88566E-1 2.50574E-1 3.4245E-1 2.83684E-1 2.01672E-1 2.29472E-1 2.32748E-1 2.09104E-1 2.16701E-1 2.16968E-1 2.68635E-1 2.08077E-1 2.04993E-1 1.93389E-1 1.79777E-1 1.86565E-1 1.95792E-1 2.06674E-1 2.14804E-1 2.25266E-1 2.26765E-1 2.30181E-1 2.35164E-1 2.46043E-1 2.4876E-1 2.44763E-1 2.53345E-1 2.62427E-1 2.60025E-1 2.31432E-1 2.40373E-1 2.34976E-1 2.3366E-1 2.34156E-1 2.44252E-1 2.40587E-1 2.42632E-1 2.48843E-1 2.45659E-1 2.37441E-1 2.362E-1 2.27023E-1 2.2857E-1 2.19903E-1 2.08993E-1 2.05938E-1 2.10239E-1 2.02617E-1 1.98533E-1 2.10894E-1 2.11664E-1 2.05791E-1 1.96988E-1 1.93979E-1 1.92514E-1 1.87408E-1 1.92481E-1 1.81736E-1 1.76182E-1 1.7991E-1 1.75333E-1
1.58973E-1 1.86151E-1 2.66256E-1 3.40891E-1 3.14418E-1 2.20129E-1 1.87913E-1 2.28795E-1 1.82702E-1 1.56822E-1 1.97929E-1 2.37211E-1 1.65864E-1 1.52004E-1 1.56925E-1 1.50925E-1 1.59244E-1 1.95608E-1 2.04295E-1 2.0546E-1 2.18686E-1 2.3173E-1 2.39548E-1 2.44805E-1 2.44513E-1 2.47153E-1 2.50821E-1 2.53476E-1 2.57194E-1 2.51362E-1 2.44018E-1 2.30079E-1 2.24046E-1 2.18985E-1 2.33544E-1 2.39096E-1 2.33711E-1 2.42011E-1 2.46217E-1 2.48078E-1 2.48438E-1 2.39865E-1 2.4343E-1 2.46599E-1 2.35116E-1 2.2586E-1 2.2192E-1 2.14899E-1 2.11152E-1 2.06354E-1 2.06408E-1 2.06395E-1 1.96519E-1 1.90593E-1 1.89575E-1 1.92996E-1 1.90332E-1 1.82007E-1 1.84891E-1 1.79074E-1 1.86894E-1
2.32387E-1 2.48281E-1 2.55896E-1 2.70215E-1 3.08179E-1 2.92614E-1 2.59427E-1 1.86218E-1 1.59542E-1 1.42249E-1 1.91391E-1 1.75651E-1 1.90061E-1 1.54166E-1 1.18561E-1 1.12377E-1 1.38879E-1 1.8136E-1 1.77384E-1 1.86663E-1 2.00855E-1 2.10876E-1 2.09341E-1 2.22899E-1 2.3168E-1 2.34741E-1 2.47025E-1 2.5341E-1 2.54565E-1 2.40755E-1 2.30773E-1 2.2894E-1 2.10177E-1 2.24582E-1 2.34224E-1 2.37675E-1 2.31701E-1 2.39696E-1 2.41777E-1 2.42191E-1 2.48304E-1 2.44328E-1 2.39532E-1 2.44473E-1 2.39063E-1 2.40812E-1 2.34158E-1 2.25094E-1 2.18503E-1 2.23429E-1 2.2115E-1 2.19368E-1 2.07783E-1 1.98855E-1 1.97242E-1 1.97895E-1 1.99885E-1 1.95309E-1 2.02096E-1 1.98197E-1 1.94185E-1
2.8977E-1 2.19161E-1 2.65623E-1 3.2509E-1 3.05504E-1 1.81188E-1 3.17519E-1 2.77908E-1 2.16503E-1 1.5939E-1 1.43601E-1 1.45905E-1 1.61082E-1 1.69404E-1 1.4252E-1 1.20153E-1 1.27934E-1 1.47808E-1 1.31971E-1 1.67963E-1 1.94196E-1 2.15412E-1 2.12657E-1 2.10924E-1 2.22179E-1 2.29667E-1 2.3697E-1 2.48376E-1 2.52063E-1 2.30588E-1 2.03776E-1 2.11091E-1 2.16445E-1 2.29613E-1 2.33844E-1 2.31474E-1 2.34897E-1 2.40326E-1 2.4305E-1 2.46012E-1 2.43394E-1 2.52634E-1 2.45053E-1 2.43023E-1 2.33308E-1 2.4021E-1 2.52095E-1 2.41595E-1 2.29867E-1 2.15897E-1 2.16134E-1 2.09413E-1 2.03866E-1 2.02554E-1 1.93337E-1 1.97376E-1 1.91311E-1 1.91997E-1 1.8771E-1 1.86449E-1 1.94045E-1
3.08504E-1 2.84062E-1 2.53989E-1 3.36275E-1 2.79709E-1 1.95718E-1 1.94365E-1 3.15147E-1 2.74424E-1 1.8408E-1 1.85208E-1 1.26169E-1 1.24915E-1 1.39287E-1 1.2158E-1 1.18159E-1 1.24044E-1 1.14217E-1 1.31083E-1 1.64077E-1 2.1015E-1 2.01093E-1 1.94402E-1 1.98589E-1 2.05107E-1 2.14487E-1 2.22572E-1 2.34867E-1 2.41061E-1 2.33307E-1 2.2307E-1 2.18601E-1 2.15291E-1 1.97705E-1 2.20851E-1 2.25879E-1 2.39618E-1 2.44226E-1 2.43924E-1 2.43459E-1 2.46572E-1 2.43985E-1 2.39491E-1 2.39619E-1 2.33365E-1 2.22792E-1 2.24598E-1 2.32973E-1 2.40589E-1 2.28069E-1 1.96524E-1 2.03233E-1 2.10942E-1 2.06636E-1 2.05935E-1 2.04192E-1 2.01761E-1 1.98631E-1 1.9843E-1 1.9454E-1 2.00419E-1
3.28863E-1 3.3828E-1 3.36052E-1 3.49577E-1 3.1895E-1 2.13085E-1 2.532E-1 3.34654E-1 3.435E-1 3.02497E-1 2.40137E-1 1.7461E-1 1.54267E-1 1.34929E-1 1.49246E-1 1.23392E-1 1.39933E-1 1.48123E-1 1.37307E-1 1.80778E-1 2.15554E-1 1.69526E-1 1.73519E-1 1.86717E-1 1.96984E-1 2.00296E-1 2.05554E-1 2.22324E-1 2.2958E-1 2.33798E-1 2.32712E-1 2.31626E-1 2.27313E-1 2.22624E-1 2.24006E-1 2.32297E-1 2.30339E-1 2.32187E-1 2.33739E-1 2.34352E-1 2.40223E-1 2.39061E-1 2.37069E-1 2.3168E-1 2.19147E-1 2.17173E-1 2.31882E-1 2.04963E-1 1.94404E-1 1.9557E-1 1.91853E-1 1.80538E-1 1.86456E-1 1.92005E-1 1.86943E-1 1.9689E-1 1.99638E-1 1.99434E-1 2.00281E-1 2.03881E-1 2.06154E-1
3.10002E-1 3.33595E-1 3.32659E-1 3.44041E-1 3.51543E-1 2.65891E-1 3.01625E-1 3.56729E-1 2.70887E-1 2.04683E-1 2.5932E-1 3.129E-1 2.22857E-1 1.54581E-1 1.82344E-1 1.69435E-1 1.1987E-1 1.37556E-1 1.92155E-1 1.48007E-1 1.54133E-1 1.23123E-1 1.44206E-1 1.70142E-1 1.8423E-1 1.90112E-1 1.96774E-1 2.1453E-1 2.22745E-1 2.27414E-1 2.27456E-1 2.27466E-1 2.3102E-1 2.31094E-1 2.33818E-1 2.31847E-1 2.26392E-1 2.30086E-1 2.28022E-1 2.28046E-1 2.31406E-1 2.33965E-1 2.14995E-1 2.27339E-1 2.21593E-1 2.06981E-1 2.20854E-1 2.10774E-1 2.09659E-1 1.83026E-1 1.69902E-1 1.68919E-1 1.71711E-1 1.58375E-1 1.73227E-1 1.88844E-1 1.80555E-1 1.80129E-1 1.85894E-1 1.90711E-1 1.95511E-1
3.51019E-1 3.59686E-1 3.64851E-1 3.5799E-1 3.47052E-1 2.41809E-1 3.38916E-1 3.68688E-1 2.77096E-1 2.13128E-1 1.91487E-1 1.59554E-1 2.841E-1 3.13279E-1 2.74346E-1 2.02E-1 1.50786E-1 1.1821E-1 1.41396E-1 1.32841E-1 1.23913E-1 1.11334E-1 1.34736E-1 1.41342E-1 1.59955E-1 1.78435E-1 1.90707E-1 2.05092E-1 2.15643E-1 2.2567E-1 2.26847E-1 2.2819E-1 2.24819E-1 2.25743E-1 2.32362E-1 2.30973E-1 2.31952E-1 2.28133E-1 2.32389E-1 2.28686E-1 2.24497E-1 2.33223E-1 2.16817E-1 2.16569E-1 2.25271E-1 2.22372E-1 2.18147E-1 2.15326E-1 2.22948E-1 1.90842E-1 1.72533E-1 1.67156E-1 1.76823E-1 1.69279E-1 1.6531E-1 1.88904E-1 1.9423E-1 1.81435E-1 1.77333E-1 1.80358E-1 1.78246E-1
3.72154E-1 3.75167E-1 3.66806E-1 3.86563E-1 3.43695E-1 3.06468E-1 2.88577E-1 3.7701E-1 3.51687E-1 3.31869E-1 2.81421E-1 1.64491E-1 2.08202E-1 2.40676E-1 3.24094E-1 2.72786E-1 2.09315E-1 1.8707E-1 1.59335E-1 1.17427E-1 1.21154E-1 1.28572E-1 1.15422E-1 1.422E-1 1.52968E-1 1.66143E-1 1.87897E-1 2.02455E-1 2.0965E-1 2.16522E-1 2.24727E-1 2.31443E-1 2.3045E-1 2.30511E-1 2.43272E-1 2.39895E-1 2.34792E-1 2.3282E-1 2.32142E-1 2.319E-1 2.33788E-1 2.33899E-1 2.19043E-1 2.10935E-1 2.25178E-1 2.34668E-1 2.36596E-1 2.20166E-1 2.21014E-1 2.08674E-1 1.80343E-1 1.77554E-1 1.70237E-1 1.80397E-1 1.82157E-1 1.86338E-1 1.8877E-1 1.83251E-1 1.87418E-1 1.89173E-1 1.82123E-1
3.31569E-1 3.44103E-1 4.38317E-1 3.54557E-1 3.48293E-1 3.82929E-1 3.48508E-1 3.16466E-1 4.04193E-1 3.16364E-1 2.75936E-1 1.97394E-1 2.10031E-1 2.46991E-1 2.94968E-1 2.29842E-1 3.08204E-1 2.40161E-1 1.58854E-1 1.94924E-1 1.46713E-1 1.46225E-1 1.52826E-1 1.11214E-1 1.41396E-1 1.51519E-1 1.5526E-1 1.78684E-1 2.04058E-1 2.18785E-1 2.2582E-1 2.29127E-1 2.3249E-1 2.3544E-1 2.4179E-1 2.50755E-1 2.44169E-1 2.34875E-1 2.29851E-1 2.32354E-1 2.33994E-1 2.3653E-1 2.3721E-1 2.2821E-1 2.1295E-1 2.18899E-1 2.29735E-1 2.30404E-1 2.17616E-1 2.13853E-1 1.81949E-1 1.84402E-1 1.87498E-1 1.93464E-1 1.82598E-1 1.86744E-1 1.90884E-1 1.88239E-1 1.85143E-1 1.92376E-1 1.91079E-1
3.63969E-1 4.16421E-1 3.99627E-1 3.51112E-1 3.88881E-1 4.82594E-1 3.39017E-1 2.54738E-1 2.71822E-1 3.96329E-1 3.02514E-1 2.22918E-1 2.95276E-1 2.35958E-1 2.19584E-1 1.887E-1 2.16965E-1 3.07355E-1 2.48115E-1 2.2886E-1 1.49926E-1 1.27829E-1 1.4687E-1 1.75042E-1 1.66762E-1 1.83777E-1 1.85194E-1 1.77066E-1 2.09935E-1 2.33517E-1 2.38885E-1 2.41523E-1 2.33467E-1 2.35373E-1 2.45212E-1 2.43856E-1 2.57362E-1 2.46418E-1 2.36461E-1 2.3763E-1 2.35525E-1 2.39969E-1 2.36735E-1 2.37212E-1 2.4315E-1 2.38993E-1 2.28779E-1 2.15705E-1 1.94943E-1 1.8113E-1 1.7014E-1 1.75023E-1 1.90717E-1 2.07743E-1 1.8682E-1 1.92133E-1 1.95803E-1 1.7963E-1 1.87918E-1 1.95407E-1 1.97607E-1
4.21193E-1 3.76156E-1 3.56737E-1 3.44429E-1 4.19167E-1 5.04045E-1 3.69596E-1 3.64675E-1 3.17124E-1 4.08895E-1 3.19071E-1 3.47335E-1 2.4874E-1 2.58139E-1 1.6662E-1 2.0825E-1 2.02173E-1 2.42937E-1 2.95111E-1 2.79006E-1 2.16871E-1 1.64751E-1 1.47788E-1 1.42411E-1 1.5122E-1 1.81077E-1 2.00099E-1 1.94379E-1 2.26927E-1 2.37146E-1 2.41146E-1 2.47414E-1 2.42091E-1 2.48096E-1 2.61393E-1 2.56644E-1 2.48265E-1 2.4368E-1 2.41612E-1 2.43372E-1 2.35356E-1 2.30405E-1 2.23513E-1 2.27119E-1 2.38544E-1 2.41492E-1 2.29403E-1 2.00971E-1 1.83601E-1 1.8088E-1 1.66291E-1 1.6336E-1 1.61284E-1 1.74664E-1 1.89287E-1 1.97509E-1 2.09838E-1 1.95947E-1 1.84433E-1 1.88023E-1 2.0365E-1
3.98413E-1 4.81797E-1 5.38475E-1 5.26048E-1 5.36993E-1 4.55156E-1 4.18208E-1 3.85679E-1 3.79391E-1 3.76476E-1 4.11508E-1 3.46477E-1 2.76128E-1 3.42469E-1 2.07818E-1 2.27876E-1 1.82459E-1 2.06142E-1 1.82128E-1 2.68106E-1 2.9705E-1 2.24377E-1 2.18537E-1 1.8412E-1 1.37821E-1 1.18707E-1 1.67909E-1 1.59159E-1 1.91011E-1 1.82771E-1 2.17778E-1 2.35554E-1 2.46852E-1 2.42271E-1 2.5875E-1 2.52963E-1 2.37356E-1 2.39885E-1 2.48839E-1 2.44368E-1 2.4364E-1 2.39644E-1 2.44767E-1 2.42681E-1 2.51286E-1 2.49654E-1 2.39161E-1 2.30467E-1 2.28473E-1 2.17253E-1 2.07675E-1 2.27103E-1 2.39457E-1 2.31457E-1 2.20106E-1 2.24751E-1 2.32998E-1 2.14313E-1 2.12893E-1 2.17964E-1 2.10587E-1
4.50568E-1 3.93678E-1 4.22065E-1 5.45956E-1 5.196E-1 3.61362E-1 3.95545E-1 4.39908E-1 3.42409E-1 2.9438E-1 3.92065E-1 4.37309E-1 4.17598E-1 3.14419E-1 2.65336E-1 2.65504E-1 2.54508E-1 1.74707E-1 1.63627E-1 1.64361E-1 2.33325E-1 3.00191E-1 2.49075E-1 2.2953E-1 1.78419E-1 1.51418E-1 1.29599E-1 1.41637E-1 1.66956E-1 1.72706E-1 1.94897E-1 2.38462E-1 2.4583E-1 2.39732E-1 2.46974E-1 2.56124E-1 2.48875E-1 2.51048E-1 2.6414E-1 2.62544E-1 2.65937E-1 2.64065E-1 2.56406E-1 2.63564E-1 2.61286E-1 2.60271E-1 2.57436E-1 2.60576E-1 2.59369E-1 2.63904E-1 2.5815E-1 2.55284E-1 2.42443E-1 2.31525E-1 2.40271E-1 2.34016E-1 2.14606E-1 2.18096E-1 2.32443E-1 2.17893E-1 2.16641E-1
3.68023E-1 3.45829E-1 4.02273E-1 4.60105E-1 5.0445E-1 4.45702E-1 5.22685E-1 3.52689E-1 3.81319E-1 3.12948E-1 3.0555E-1 5.13934E-1 3.50886E-1 3.34891E-1 3.47117E-1 2.7465E-1 2.73787E-1 2.39214E-1 2.07951E-1 1.62211E-1 2.02973E-1 2.63983E-1 3.19934E-1 2.31237E-1 2.39196E-1 1.98219E-1 1.56499E-1 1.35215E-1 1.55052E-1 1.56384E-1 1.84499E-1 2.2748E-1 2.46498E-1 2.51243E-1 2.63767E-1 2.71297E-1 2.56251E-1 2.44588E-1 2.45981E-1 2.46872E-1 2.60915E-1 2.78427E-1 2.63873E-1 2.61543E-1 2.7014E-1 2.64125E-1 2.59182E-1 2.62673E-1 2.62311E-1 2.4898E-1 2.30978E-1 2.34338E-1 2.42552E-1 2.41528E-1 2.43281E-1 2.35638E-1 2.29522E-1 2.32406E-1 2.27825E-1 2.22601E-1 2.17779E-1
3.71949E-1 3.62923E-1 4.36208E-1 5.13963E-1 3.78173E-1 4.35429E-1 4.87242E-1 3.87089E-1 3.84133E-1 3.20307E-1 3.70856E-1 5.39861E-1 3.42954E-1 3.12833E-1 2.73553E-1 3.07E-1 3.24708E-1 3.7342E-1 1.8604E-1 1.63943E-1 1.71781E-1 2.04266E-1 2.52188E-1 3.09474E-1 2.23049E-1 2.61084E-1 1.6782E-1 1.4054E-1 1.33017E-1 1.65904E-1 1.88907E-1 2.10664E-1 2.45423E-1 2.59874E-1 2.70315E-1 2.83577E-1 2.82671E-1 2.70038E-1 2.56328E-1 2.56439E-1 2.69205E-1 2.80607E-1 2.69675E-1 2.75309E-1 2.77211E-1 2.7143E-1 2.67032E-1 2.74677E-1 2.63175E-1 2.55901E-1 2.47871E-1 2.47303E-1 2.42937E-1 2.44525E-1 2.47346E-1 2.44329E-1 2.39209E-1 2.28332E-1 2.29652E-1 2.27139E-1 2.26037E-1
3.01535E-1 3.5081E-1 5.65489E-1 5.20737E-1 4.30565E-1 4.73559E-1 4.33045E-1 4.48823E-1 3.75157E-1 3.20347E-1 3.88097E-1 4.85006E-1 4.57804E-1 3.40808E-1 3.01924E-1 2.34891E-1 3.0281E-1 4.10875E-1 2.18134E-1 1.69772E-1 1.86912E-1 1.89421E-1 2.33289E-1 2.95587E-1 2.73147E-1 2.312E-1 2.07069E-1 1.92084E-1 1.57304E-1 1.82711E-1 1.66718E-1 1.91173E-1 2.18339E-1 2.49845E-1 2.53965E-1 2.63108E-1 2.88231E-1 2.90841E-1 2.80931E-1 2.73774E-1 2.70708E-1 2.81373E-1 2.93081E-1 2.99001E-1 2.97214E-1 2.90347E-1 2.88214E-1 2.76454E-1 2.77851E-1 2.60295E-1 2.52709E-1 2.51006E-1 2.51916E-1 2.52251E-1 2.51859E-1 2.56233E-1 2.34259E-1 2.25612E-1 2.26704E-1 2.26938E-1 2.22369E-1
3.06029E-1 3.83042E-1 5.70515E-1 3.36184E-1 3.26725E-1 3.20689E-1 3.15804E-1 3.46749E-1 3.36795E-1 3.36987E-1 4.04852E-1 4.4882E-1 3.81422E-1 3.32435E-1 4.22777E-1 2.9411E-1 2.86133E-1 4.11168E-1 2.5502E-1 2.12396E-1 1.88281E-1 2.01005E-1 2.31901E-1 2.61401E-1 3.22085E-1 2.51571E-1 2.05868E-1 1.63722E-1 1.6516E-1 1.97102E-1 1.70433E-1 1.8878E-1 2.02816E-1 2.4117E-1 2.49617E-1 2.66348E-1 2.95519E-1 3.0513E-1 3.01451E-1 2.92611E-1 2.91431E-1 2.90422E-1 3.07659E-1 3.10388E-1 3.07896E-1 3.08365E-1 3.04558E-1 2.86169E-1 2.86748E-1 2.75219E-1 2.59097E-1 2.65229E-1 2.68357E-1 2.70976E-1 2.80988E-1 2.74231E-1 2.48336E-1 2.46712E-1 2.53025E-1 2.44657E-1 2.37498E-1
3.43342E-1 4.51937E-1 5.69084E-1 3.62504E-1 3.43742E-1 2.99899E-1 3.19574E-1 3.18888E-1 3.04458E-1 4.04859E-1 5.19855E-1 4.03567E-1 3.07803E-1 2.75068E-1 4.47332E-1 3.05628E-1 2.85703E-1 4.48217E-1 2.5985E-1 2.00674E-1 1.90737E-1 1.94216E-1 2.14383E-1 2.67546E-1 3.50015E-1 2.28416E-1 1.79819E-1 1.71405E-1 1.86131E-1 2.23322E-1 1.78193E-1 2.00574E-1 2.26576E-1 2.44963E-1 2.50341E-1 2.65362E-1 3.00266E-1 3.16411E-1 3.15158E-1 3.13462E-1 3.07943E-1 3.08827E-1 3.28808E-1 3.30731E-1 3.21822E-1 3.20219E-1 3.20322E-1 3.00901E-1 3.00122E-1 2.87021E-1 2.90675E-1 2.79855E-1 2.74371E-1 2.81407E-1 2.88734E-1 2.75659E-1 2.67149E-1 2.64699E-1 2.65575E-1 2.58758E-1 2.54676E-1
5.17838E-1 4.61918E-1 3.50046E-1 3.20522E-1 3.22602E-1 3.05076E-1 3.48114E-1 3.04386E-1 3.18142E-1 3.88018E-1 4.71465E-1 3.06658E-1 2.85893E-1 3.70344E-1 4.08171E-1 2.8239E-1 2.6079E-1 4.65663E-1 3.22924E-1 2.51918E-1 2.72415E-1 2.20005E-1 2.39771E-1 2.94428E-1 3.55401E-1 2.59814E-1 2.03732E-1 2.41664E-1 2.08471E-1 2.3806E-1 2.09921E-1 2.05421E-1 2.22106E-1 2.57725E-1 2.71034E-1 2.6171E-1 2.87446E-1 3.28539E-1 3.30454E-1 3.32317E-1 3.28103E-1 3.37559E-1 3.39181E-1 3.43988E-1 3.40325E-1 3.39887E-1 3.36415E-1 3.15875E-1 3.09247E-1 3.01945E-1 2.90185E-1 2.71284E-1 2.69841E-1 2.69858E-1 2.56128E-1 2.38046E-1 2.30876E-1 2.28768E-1 2.33134E-1 2.33747E-1 2.4182E-1
4.51705E-1 5.23528E-1 2.90938E-1 3.20609E-1 3.44981E-1 3.36442E-1 3.39029E-1 3.10262E-1 3.57377E-1 3.81108E-1 4.4392E-1 3.07092E-1 3.83196E-1 4.36908E-1 3.56963E-1 3.96464E-1 3.85598E-1 4.28049E-1 4.12497E-1 2.45588E-1 2.49736E-1 2.69488E-1 2.80352E-1 3.20071E-1 3.51662E-1 3.51209E-1 2.44523E-1 2.72894E-1 2.34749E-1 2.43973E-1 2.39622E-1 2.18161E-1 2.50115E-1 2.88418E-1 3.12309E-1 3.14072E-1 3.28233E-1 3.1951E-1 3.20355E-1 3.36877E-1 3.27062E-1 3.42967E-1 3.38577E-1 3.30135E-1 3.25965E-1 3.25862E-1 3.22281E-1 3.13711E-1 3.04516E-1 3.01024E-1 2.90057E-1 2.78646E-1 2.67138E-1 2.48999E-1 2.24238E-1 1.98641E-1 1.94148E-1 1.89408E-1 1.97256E-1 2.07551E-1 2.12736E-1
