maxent_outputs/white_flowers_troch_bombus_environ/white_174.asc
ncols         426
nrows         180
xllcorner     -130.0
yllcorner     24.0
cellsize      0.16666666666666666
NODATA_value  -9999
[rows 27 to 53 of 180, columns 183 to 243 of 426]
3.33529E-1 3.32178E-1 3.31122E-1 3.40746E-1 3.47824E-1 3.49416E-1 3.48203E-1 3.44422E-1 3.3621E-1 3.33813E-1 3.21105E-1 3.24089E-1 3.34844E-1 3.28924E-1 3.24967E-1 3.27578E-1 3.31539E-1 3.25433E-1 3.26754E-1 3.37293E-1 3.48126E-1 3.50762E-1 3.48273E-1 3.42688E-1 3.40382E-1 3.40399E-1 3.59105E-1 3.6423E-1 3.70094E-1 3.67869E-1 3.66419E-1 3.72831E-1 3.79817E-1 3.76875E-1 3.81031E-1 3.863E-1 3.87288E-1 3.90315E-1 3.9332E-1 3.98289E-1 4.10655E-1 4.06841E-1 4.13481E-1 4.21198E-1 4.20165E-1 4.28513E-1 4.30544E-1 4.26358E-1 4.10311E-1 3.89682E-1 3.82349E-1 3.79919E-1 3.85804E-1 4.04869E-1 4.062E-1 4.09048E-1 4.12639E-1 4.08946E-1 4.09196E-1 4.15348E-1 4.22053E-1
3.34915E-1 3.3606E-1 3.38807E-1 3.49628E-1 3.44876E-1 3.39102E-1 3.40669E-1 3.38953E-1 3.34016E-1 3.28898E-1 3.24867E-1 3.23798E-1 3.29305E-1 3.30109E-1 3.19899E-1 3.26664E-1 3.30316E-1 3.26547E-1 3.25724E-1 3.27672E-1 3.41074E-1 3.42895E-1 3.4375E-1 3.41039E-1 3.40178E-1 3.46944E-1 3.50692E-1 3.8045E-1 3.85117E-1 3.69222E-1 3.68903E-1 3.69058E-1 3.73577E-1 3.72472E-1 3.78259E-1 3.83666E-1 3.84797E-1 3.81274E-1 3.91613E-1 4.05698E-1 4.01739E-1 4.044E-1 4.08806E-1 4.16177E-1 4.2075E-1 4.28359E-1 4.38214E-1 4.26813E-1 4.09581E-1 3.96993E-1 3.93511E-1 3.83333E-1 3.87122E-1 3.98592E-1 4.029E-1 4.17827E-1 4.10474E-1 4.16867E-1 4.21696E-1 4.30036E-1 4.36472E-1
3.37616E-1 3.32557E-1 3.44068E-1 3.48419E-1 3.429E-1 3.38251E-1 3.38913E-1 3.39313E-1 3.40342E-1 3.24776E-1 3.16789E-1 3.18906E-1 3.17907E-1 3.20345E-1 3.19316E-1 3.19905E-1 3.22307E-1 3.24704E-1 3.23908E-1 3.22134E-1 3.2571E-1 3.29072E-1 3.31938E-1 3.32993E-1 3.37495E-1 3.72133E-1 3.94551E-1 4.01121E-1 3.91832E-1 3.78727E-1 3.85401E-1 3.64365E-1 3.59317E-1 3.60501E-1 3.66812E-1 3.7397E-1 3.79762E-1 3.81728E-1 3.86256E-1 3.92199E-1 4.00946E-1 4.05132E-1 4.06703E-1 4.1802E-1 4.30347E-1 4.58685E-1 4.48976E-1 4.32497E-1 4.15942E-1 4.1423E-1 4.09903E-1 3.93754E-1 3.95259E-1 4.05527E-1 4.0561E-1 4.06382E-1 4.20939E-1 4.16355E-1 4.22612E-1 4.29745E-1 4.29816E-1
3.45027E-1 3.397E-1 3.42085E-1 3.43329E-1 3.42418E-1 3.36396E-1 3.36986E-1 3.39587E-1 3.43281E-1 3.27579E-1 3.22594E-1 3.20774E-1 3.1945E-1 3.19126E-1 3.17733E-1 3.16205E-1 3.2054E-1 3.2573E-1 3.19487E-1 3.22528E-1 3.13246E-1 3.15427E-1 3.25324E-1 3.28899E-1 3.30752E-1 3.5792E-1 3.59457E-1 3.66373E-1 3.95367E-1 3.73889E-1 3.62625E-1 3.58714E-1 3.54916E-1 3.55605E-1 3.59747E-1 3.67422E-1 3.79813E-1 3.79001E-1 3.82298E-1 3.98116E-1 3.96018E-1 4.04043E-1 4.09083E-1 4.19688E-1 4.2022E-1 4.31073E-1 4.33985E-1 4.37213E-1 4.31708E-1 4.05281E-1 4.06306E-1 4.13509E-1 4.26234E-1 4.421E-1 4.35612E-1 4.22909E-1 4.16646E-1 4.12945E-1 4.20597E-1 4.39498E-1 4.41093E-1
3.45529E-1 3.41561E-1 3.36188E-1 3.35982E-1 3.35223E-1 3.37532E-1 3.3203E-1 3.37353E-1 3.37113E-1 3.36268E-1 3.2533E-1 3.22053E-1 3.17956E-1 3.19591E-1 3.17161E-1 3.16522E-1 3.20923E-1 3.23233E-1 3.23212E-1 3.13156E-1 3.11964E-1 3.1758E-1 3.20326E-1 3.27657E-1 3.36274E-1 3.42849E-1 3.51488E-1 3.52265E-1 3.54369E-1 3.5496E-1 3.52198E-1 3.46809E-1 3.47486E-1 3.45551E-1 3.53712E-1 3.60976E-1 3.74913E-1 4.06693E-1 3.93194E-1 4.03468E-1 3.99376E-1 4.03327E-1 4.0732E-1 4.12955E-1 4.25236E-1 4.18537E-1 4.21638E-1 4.27696E-1 4.26032E-1 4.21657E-1 4.28748E-1 4.29415E-1 4.3011E-1 4.51278E-1 4.65334E-1 4.51845E-1 4.27253E-1 4.19017E-1 4.245E-1 4.84926E-1 4.81411E-1
3.44407E-1 3.42811E-1 3.37698E-1 3.36627E-1 3.37582E-1 3.36689E-1 3.34768E-1 3.37388E-1 3.38945E-1 3.412E-1 3.31559E-1 3.22969E-1 3.16036E-1 3.16445E-1 3.18127E-1 3.14363E-1 3.23958E-1 3.22252E-1 3.23889E-1 3.24455E-1 3.25323E-1 3.34281E-1 3.35759E-1 3.40212E-1 3.43049E-1 3.50222E-1 3.5546E-1 3.58478E-1 3.63207E-1 3.52231E-1 3.49435E-1 3.49511E-1 3.44305E-1 3.40134E-1 3.45233E-1 3.50033E-1 3.60062E-1 3.82326E-1 4.00616E-1 4.19029E-1 4.19384E-1 4.05877E-1 4.04306E-1 4.09624E-1 4.25068E-1 4.34456E-1 4.26198E-1 4.32596E-1 4.35089E-1 4.21482E-1 4.19738E-1 4.10893E-1 4.14279E-1 4.46758E-1 4.83901E-1 4.64172E-1 4.47638E-1 4.4456E-1 4.52927E-1 4.58494E-1 4.65428E-1
3.44174E-1 3.41582E-1 3.3403E-1 3.20909E-1 3.27329E-1 3.32848E-1 3.33042E-1 3.36883E-1 3.41054E-1 3.39458E-1 3.30293E-1 3.23925E-1 3.19819E-1 3.20382E-1 3.22177E-1 3.22393E-1 3.30786E-1 3.25539E-1 3.24623E-1 3.30395E-1 3.29569E-1 3.40886E-1 3.39943E-1 3.4396E-1 3.48028E-1 3.49871E-1 3.54472E-1 3.56697E-1 3.55029E-1 3.49546E-1 3.48833E-1 3.50899E-1 3.50614E-1 3.52619E-1 3.53605E-1 3.53749E-1 3.6442E-1 3.72367E-1 3.84325E-1 3.94203E-1 4.01094E-1 4.15392E-1 4.09789E-1 4.14902E-1 4.26508E-1 4.19542E-1 4.25064E-1 4.26879E-1 4.23506E-1 4.20944E-1 4.22653E-1 4.19415E-1 4.27508E-1 4.51756E-1 4.48884E-1 4.6262E-1 4.55419E-1 4.73458E-1 4.70417E-1 4.55467E-1 4.56066E-1
3.44198E-1 3.4844E-1 3.43625E-1 3.31477E-1 3.28301E-1 3.29718E-1 3.39207E-1 3.42775E-1 3.42935E-1 3.3933E-1 3.30904E-1 3.28742E-1 3.25644E-1 3.27853E-1 3.2821E-1 3.28088E-1 3.34472E-1 3.28155E-1 3.26196E-1 3.2496E-1 3.32001E-1 3.44372E-1 3.39792E-1 3.41799E-1 3.46555E-1 3.53916E-1 3.55668E-1 3.53519E-1 3.47426E-1 3.47805E-1 3.47677E-1 3.56627E-1 3.60174E-1 3.62951E-1 3.62325E-1 3.64048E-1 3.73162E-1 3.79113E-1 3.86674E-1 3.93043E-1 3.98651E-1 4.02316E-1 4.01783E-1 4.08251E-1 4.13125E-1 4.25051E-1 4.24699E-1 4.29134E-1 4.34127E-1 4.31991E-1 4.34558E-1 4.56084E-1 4.39204E-1 4.62868E-1 4.53263E-1 4.72209E-1 4.76251E-1 4.78037E-1 4.66572E-1 4.68394E-1 4.87009E-1
3.35215E-1 3.47256E-1 3.55983E-1 3.50936E-1 3.42462E-1 3.32898E-1 3.39545E-1 3.42765E-1 3.46214E-1 3.45324E-1 3.41395E-1 3.33647E-1 3.34635E-1 3.33279E-1 3.36121E-1 3.31016E-1 3.29627E-1 3.29542E-1 3.29852E-1 3.32957E-1 3.29657E-1 3.34928E-1 3.41684E-1 3.48464E-1 3.5542E-1 3.66666E-1 3.8459E-1 3.8589E-1 3.78486E-1 3.71103E-1 3.6353E-1 3.65342E-1 3.65492E-1 3.65389E-1 3.69063E-1 3.69703E-1 3.75156E-1 3.79672E-1 3.87464E-1 3.97259E-1 3.9993E-1 4.03926E-1 4.07525E-1 4.02272E-1 4.06381E-1 4.10227E-1 4.19143E-1 4.30946E-1 4.31908E-1 4.34216E-1 4.33172E-1 4.36411E-1 4.46151E-1 4.60826E-1 4.72804E-1 4.96587E-1 4.95E-1 4.83334E-1 4.8883E-1 5.51337E-1 6.53513E-1
3.2205E-1 3.21604E-1 3.21116E-1 3.15267E-1 3.25741E-1 3.30009E-1 3.43613E-1 3.41326E-1 3.46169E-1 3.50428E-1 3.46211E-1 3.37081E-1 3.356E-1 3.37966E-1 3.39046E-1 3.34437E-1 3.27962E-1 3.31232E-1 3.30829E-1 3.32817E-1 3.37861E-1 3.46414E-1 3.48639E-1 3.53307E-1 3.6004E-1 3.84043E-1 3.98224E-1 3.96186E-1 3.75101E-1 3.70624E-1 3.77553E-1 3.7586E-1 3.75857E-1 3.7861E-1 3.78661E-1 3.80013E-1 3.80822E-1 3.81334E-1 3.84028E-1 3.86723E-1 3.91535E-1 4.00005E-1 4.068E-1 4.14645E-1 4.13064E-1 4.19303E-1 4.17773E-1 4.25528E-1 4.31411E-1 4.33549E-1 4.36867E-1 4.53424E-1 4.64914E-1 4.81399E-1 4.89483E-1 5.04905E-1 5.31568E-1 5.78845E-1 6.5129E-1 7.48031E-1 7.80493E-1
3.17251E-1 3.15341E-1 3.12918E-1 3.14497E-1 3.1697E-1 3.18092E-1 3.23933E-1 3.30608E-1 3.406E-1 3.50367E-1 3.48936E-1 3.42068E-1 3.39936E-1 3.41725E-1 3.40167E-1 3.31374E-1 3.29455E-1 3.28314E-1 3.28678E-1 3.31658E-1 3.39484E-1 3.45231E-1 3.49302E-1 3.54928E-1 3.57497E-1 3.63666E-1 3.63557E-1 3.63413E-1 3.6773E-1 3.72496E-1 3.77702E-1 3.81132E-1 3.8019E-1 3.8354E-1 3.87825E-1 3.84629E-1 3.8585E-1 3.83945E-1 3.88306E-1 3.85196E-1 3.85754E-1 3.91489E-1 3.97562E-1 4.0345E-1 4.10523E-1 4.11802E-1 4.21157E-1 4.29018E-1 4.3259E-1 4.33486E-1 4.46349E-1 4.63904E-1 4.79524E-1 5.19657E-1 5.58079E-1 6.22015E-1 6.96826E-1 7.48455E-1 7.69812E-1 7.60783E-1 7.59431E-1
3.13203E-1 3.13945E-1 3.13049E-1 3.11816E-1 3.14276E-1 3.2367E-1 3.27344E-1 3.32178E-1 3.37685E-1 3.49171E-1 3.48474E-1 3.44486E-1 3.36637E-1 3.35914E-1 3.36758E-1 3.31044E-1 3.25524E-1 3.24386E-1 3.26963E-1 3.34036E-1 3.41986E-1 3.42921E-1 3.44362E-1 3.5658E-1 3.57953E-1 3.62546E-1 3.64717E-1 3.64864E-1 3.70767E-1 3.77393E-1 3.79355E-1 3.78762E-1 3.78693E-1 3.84438E-1 3.84689E-1 3.89255E-1 3.87093E-1 3.83535E-1 3.84484E-1 3.88689E-1 3.90304E-1 3.96692E-1 4.03051E-1 4.0893E-1 4.10278E-1 4.1928E-1 4.27196E-1 4.32668E-1 4.38468E-1 4.52429E-1 4.72793E-1 5.11336E-1 6.01211E-1 6.80708E-1 7.08513E-1 7.12473E-1 7.17235E-1 7.32041E-1 7.42899E-1 7.54692E-1 7.64234E-1
3.14994E-1 3.176E-1 3.1832E-1 3.14348E-1 3.18211E-1 3.22585E-1 3.25195E-1 3.31055E-1 3.34078E-1 3.40336E-1 3.42128E-1 3.38696E-1 3.38972E-1 3.38316E-1 3.35531E-1 3.29825E-1 3.21172E-1 3.16564E-1 3.23117E-1 3.33893E-1 3.37003E-1 3.37108E-1 3.56763E-1 3.57205E-1 3.61252E-1 3.68619E-1 3.71015E-1 3.72425E-1 3.72628E-1 3.91742E-1 3.75641E-1 3.89053E-1 3.77495E-1 3.76437E-1 3.79592E-1 3.83323E-1 3.80068E-1 3.83922E-1 3.87376E-1 3.83104E-1 3.80768E-1 3.8704E-1 3.97432E-1 4.1299E-1 4.32243E-1 4.41418E-1 4.47146E-1 4.5177E-1 4.65653E-1 4.99243E-1 6.01634E-1 6.89004E-1 6.83845E-1 6.81388E-1 6.85786E-1 6.98311E-1 7.12012E-1 7.26589E-1 7.41685E-1 7.54668E-1 7.64542E-1
3.14431E-1 3.21173E-1 3.16321E-1 3.11421E-1 3.17578E-1 3.25817E-1 3.25825E-1 3.28243E-1 3.31479E-1 3.38352E-1 3.38004E-1 3.36141E-1 3.39032E-1 3.3795E-1 3.36332E-1 3.29313E-1 3.21045E-1 3.17375E-1 3.24221E-1 3.31691E-1 3.38703E-1 3.40921E-1 3.56291E-1 3.6319E-1 3.68396E-1 3.71696E-1 3.72937E-1 3.74954E-1 3.75099E-1 3.83273E-1 3.9119E-1 3.74195E-1 3.75057E-1 3.85897E-1 3.79962E-1 3.75512E-1 3.75879E-1 3.7971E-1 3.85482E-1 3.81423E-1 3.84864E-1 3.89505E-1 4.03242E-1 4.2439E-1 4.47187E-1 4.54347E-1 4.66554E-1 4.80583E-1 5.01607E-1 6.14706E-1 6.87738E-1 6.69975E-1 6.67049E-1 6.74961E-1 6.8231E-1 7.01184E-1 7.115E-1 7.30837E-1 7.46625E-1 7.58535E-1 7.64131E-1
3.02383E-1 3.12925E-1 3.15885E-1 3.11914E-1 3.1648E-1 3.25597E-1 3.29824E-1 3.31124E-1 3.33059E-1 3.38135E-1 3.36574E-1 3.38596E-1 3.37966E-1 3.35757E-1 3.35042E-1 3.35715E-1 3.27297E-1 3.22565E-1 3.24869E-1 3.33566E-1 3.34403E-1 3.45741E-1 3.57095E-1 3.6431E-1 3.64801E-1 3.67939E-1 3.72876E-1 3.768E-1 3.83265E-1 3.95764E-1 4.07053E-1 3.88361E-1 3.84394E-1 3.8917E-1 3.87667E-1 3.79211E-1 3.74917E-1 3.76228E-1 3.79888E-1 3.85409E-1 3.88506E-1 4.02715E-1 4.16167E-1 4.42405E-1 4.56232E-1 4.74277E-1 4.94528E-1 5.46088E-1 6.35376E-1 6.62877E-1 6.6163E-1 6.63579E-1 6.436E-1 6.4407E-1 6.49594E-1 7.09445E-1 7.20548E-1 7.36009E-1 7.46666E-1 7.53798E-1 7.55707E-1
3.10335E-1 3.09181E-1 3.17735E-1 3.18442E-1 3.23204E-1 3.2685E-1 3.26758E-1 3.29673E-1 3.32406E-1 3.31996E-1 3.37989E-1 3.38619E-1 3.43847E-1 3.42982E-1 3.39797E-1 3.35467E-1 3.34089E-1 3.30193E-1 3.36131E-1 3.45133E-1 3.43821E-1 3.49274E-1 3.53907E-1 3.60159E-1 3.64216E-1 3.61242E-1 3.62544E-1 3.68459E-1 3.73711E-1 3.86865E-1 3.84362E-1 3.85034E-1 3.94162E-1 3.90574E-1 3.88306E-1 3.742E-1 3.7261E-1 3.80913E-1 3.82219E-1 3.90387E-1 4.05285E-1 4.17071E-1 4.32511E-1 4.47168E-1 4.67948E-1 5.24728E-1 6.08606E-1 6.5857E-1 6.56873E-1 6.19993E-1 5.92227E-1 5.62048E-1 5.70701E-1 5.99923E-1 6.43971E-1 7.1343E-1 7.2187E-1 7.31383E-1 7.22323E-1 7.11049E-1 6.8264E-1
3.14669E-1 3.20537E-1 3.22518E-1 3.21663E-1 3.24161E-1 3.26044E-1 3.28711E-1 3.24548E-1 3.28145E-1 3.32052E-1 3.39468E-1 3.4591E-1 3.477E-1 3.45979E-1 3.38619E-1 3.34274E-1 3.32243E-1 3.34064E-1 3.37645E-1 3.46347E-1 3.55246E-1 3.53104E-1 3.53454E-1 3.55751E-1 3.57773E-1 3.58476E-1 3.59033E-1 3.60889E-1 3.69452E-1 3.79204E-1 3.76195E-1 3.93388E-1 3.96827E-1 3.94626E-1 3.91677E-1 3.78741E-1 3.70088E-1 3.83765E-1 3.84905E-1 3.91563E-1 4.13306E-1 4.33075E-1 4.3903E-1 4.49687E-1 5.01543E-1 5.71134E-1 5.69613E-1 5.35274E-1 5.00688E-1 5.01006E-1 5.04165E-1 5.17875E-1 5.73785E-1 6.46631E-1 6.84536E-1 7.02969E-1 6.96533E-1 6.56449E-1 6.19048E-1 5.88949E-1 5.74543E-1
3.21374E-1 3.20211E-1 3.29028E-1 3.31163E-1 3.27148E-1 3.2296E-1 3.25654E-1 3.22901E-1 3.25659E-1 3.29803E-1 3.35187E-1 3.40883E-1 3.39975E-1 3.39963E-1 3.42231E-1 3.37436E-1 3.36952E-1 3.38842E-1 3.42343E-1 3.46957E-1 3.50167E-1 3.64295E-1 3.54141E-1 3.53929E-1 3.60893E-1 3.56107E-1 3.57764E-1 3.60655E-1 3.66442E-1 3.80693E-1 3.78144E-1 3.78542E-1 3.89382E-1 3.96574E-1 3.88647E-1 3.7948E-1 3.81417E-1 3.79411E-1 3.84984E-1 3.92733E-1 4.08512E-1 4.30349E-1 4.35345E-1 4.38767E-1 4.40117E-1 4.50487E-1 4.50717E-1 4.58859E-1 4.60676E-1 4.7188E-1 4.72716E-1 4.8195E-1 5.08967E-1 5.63157E-1 5.98496E-1 5.85741E-1 5.72837E-1 5.82001E-1 5.8434E-1 5.87164E-1 5.56734E-1
3.24639E-1 3.24984E-1 3.28594E-1 3.31547E-1 3.2849E-1 3.26014E-1 3.2281E-1 3.21853E-1 3.24458E-1 3.27641E-1 3.27007E-1 3.3377E-1 3.31552E-1 3.35661E-1 3.36296E-1 3.38186E-1 3.41095E-1 3.46233E-1 3.45468E-1 3.49186E-1 3.52505E-1 3.59621E-1 3.63665E-1 3.63422E-1 3.60194E-1 3.56376E-1 3.53879E-1 3.57673E-1 3.68057E-1 3.77835E-1 3.84719E-1 3.89768E-1 3.83798E-1 3.87277E-1 3.98629E-1 3.91408E-1 3.90965E-1 3.87759E-1 3.92135E-1 3.94017E-1 4.10634E-1 4.29906E-1 4.38029E-1 4.36496E-1 4.41193E-1 4.44005E-1 4.3914E-1 4.31366E-1 4.56149E-1 4.70442E-1 4.62041E-1 4.68891E-1 4.92122E-1 5.25456E-1 5.41661E-1 5.40111E-1 5.38188E-1 5.42946E-1 5.47628E-1 5.57876E-1 5.47477E-1
3.24992E-1 3.28979E-1 3.30953E-1 3.355E-1 3.2961E-1 3.29142E-1 3.35113E-1 3.32473E-1 3.24877E-1 3.25132E-1 3.27893E-1 3.30841E-1 3.29075E-1 3.29517E-1 3.3346E-1 3.33301E-1 3.36397E-1 3.40227E-1 3.44905E-1 3.50515E-1 3.53497E-1 3.56793E-1 3.59051E-1 3.60562E-1 3.66998E-1 3.66637E-1 3.72505E-1 3.79003E-1 3.78206E-1 3.8958E-1 3.91935E-1 3.77237E-1 3.78479E-1 3.89504E-1 4.35965E-1 4.51309E-1 3.95464E-1 3.94704E-1 4.01879E-1 4.03327E-1 4.14746E-1 4.34943E-1 4.4051E-1 4.38065E-1 4.33608E-1 4.29034E-1 4.14183E-1 4.34745E-1 4.60239E-1 4.63909E-1 4.75348E-1 4.85836E-1 4.92614E-1 5.02572E-1 5.204E-1 5.31616E-1 5.1293E-1 4.98306E-1 5.00538E-1 5.07871E-1 5.11938E-1
3.29658E-1 3.24748E-1 3.30696E-1 3.39897E-1 3.33523E-1 3.34011E-1 3.39473E-1 3.40516E-1 3.27593E-1 3.22206E-1 3.25304E-1 3.28409E-1 3.31196E-1 3.33587E-1 3.40344E-1 3.31739E-1 3.33304E-1 3.36781E-1 3.38186E-1 3.44299E-1 3.51036E-1 3.56021E-1 3.60224E-1 3.62654E-1 3.65573E-1 3.68982E-1 3.75705E-1 3.84077E-1 3.91093E-1 3.86809E-1 3.81954E-1 3.72355E-1 3.70934E-1 3.79546E-1 3.9514E-1 4.04321E-1 3.97122E-1 4.06535E-1 4.06814E-1 4.13671E-1 4.22498E-1 4.311E-1 4.38443E-1 4.28753E-1 4.21587E-1 4.23124E-1 4.34945E-1 4.48867E-1 4.46857E-1 4.59182E-1 4.67393E-1 4.74756E-1 4.83369E-1 4.85938E-1 4.98051E-1 5.05579E-1 4.90049E-1 4.73974E-1 4.75191E-1 4.84088E-1 4.79059E-1
3.21824E-1 3.23948E-1 3.26527E-1 3.38543E-1 3.32268E-1 3.33159E-1 3.33497E-1 3.34704E-1 3.33101E-1 3.21949E-1 3.17089E-1 3.26037E-1 3.4248E-1 3.44457E-1 3.45366E-1 3.43746E-1 3.38352E-1 3.39088E-1 3.34901E-1 3.39547E-1 3.52452E-1 3.62455E-1 3.71425E-1 3.71497E-1 3.70807E-1 3.70722E-1 3.78025E-1 3.83511E-1 3.86855E-1 3.79127E-1 3.71419E-1 3.69103E-1 3.64358E-1 3.77096E-1 3.83233E-1 3.89161E-1 3.9733E-1 4.04687E-1 4.09153E-1 4.10365E-1 4.24743E-1 4.29029E-1 4.36771E-1 4.2909E-1 4.29392E-1 4.166E-1 4.22196E-1 4.43355E-1 4.6443E-1 4.69232E-1 4.69032E-1 4.72916E-1 4.81998E-1 4.81883E-1 4.77503E-1 4.90222E-1 4.83732E-1 4.82639E-1 4.76031E-1 4.74357E-1 4.66826E-1
3.24485E-1 3.27242E-1 3.29435E-1 3.3075E-1 3.276E-1 3.32388E-1 3.33541E-1 3.39232E-1 3.33697E-1 3.26145E-1 3.19678E-1 3.36262E-1 3.49858E-1 3.6051E-1 3.65529E-1 3.6083E-1 3.59056E-1 3.54893E-1 3.46465E-1 3.53013E-1 3.61319E-1 3.69479E-1 3.85065E-1 3.92299E-1 3.90193E-1 3.82915E-1 3.75877E-1 3.71923E-1 3.73285E-1 3.72355E-1 3.7215E-1 3.67901E-1 3.59665E-1 3.60853E-1 3.65804E-1 3.70612E-1 3.87043E-1 4.0134E-1 4.06873E-1 4.04114E-1 4.15196E-1 4.2165E-1 4.29309E-1 4.31361E-1 4.34993E-1 4.2862E-1 4.35831E-1 4.55597E-1 4.61437E-1 4.51473E-1 4.6368E-1 4.75745E-1 4.77956E-1 4.78562E-1 4.72026E-1 4.83891E-1 4.94737E-1 4.83759E-1 4.78919E-1 4.7308E-1 4.62098E-1
3.26659E-1 3.29782E-1 3.26198E-1 3.2623E-1 3.30756E-1 3.33077E-1 3.33536E-1 3.37158E-1 3.29221E-1 3.30629E-1 3.34859E-1 3.49918E-1 3.53433E-1 3.59277E-1 3.76735E-1 3.74743E-1 3.62652E-1 3.63874E-1 3.60197E-1 3.6028E-1 3.67055E-1 3.8258E-1 3.64091E-1 3.5518E-1 3.6461E-1 3.79976E-1 3.82233E-1 3.68186E-1 3.63117E-1 3.67232E-1 3.81214E-1 3.70224E-1 3.60681E-1 3.60653E-1 3.66496E-1 3.74595E-1 3.82128E-1 3.88939E-1 3.95329E-1 3.95512E-1 4.10586E-1 4.19869E-1 4.33354E-1 4.39901E-1 4.44592E-1 4.37408E-1 4.28399E-1 4.49155E-1 4.72158E-1 4.5344E-1 4.67575E-1 4.80487E-1 4.77393E-1 4.75355E-1 4.7685E-1 4.75922E-1 4.81972E-1 4.76425E-1 4.6884E-1 4.63705E-1 4.68479E-1
3.32866E-1 3.32263E-1 3.28585E-1 3.30775E-1 3.35721E-1 3.36476E-1 3.35213E-1 3.33711E-1 3.33643E-1 3.38975E-1 3.47702E-1 3.59877E-1 3.69888E-1 3.61273E-1 3.72355E-1 3.75012E-1 3.71436E-1 3.703E-1 3.68765E-1 3.65303E-1 3.77278E-1 3.5727E-1 3.27712E-1 3.20601E-1 3.36582E-1 3.70512E-1 3.83487E-1 3.64343E-1 3.59172E-1 3.67665E-1 3.70378E-1 3.68925E-1 3.71623E-1 3.75435E-1 3.80375E-1 3.88917E-1 3.91544E-1 3.89379E-1 3.93837E-1 3.98265E-1 4.05295E-1 4.1733E-1 4.20454E-1 4.29389E-1 4.32029E-1 4.27377E-1 4.21642E-1 4.49694E-1 4.63623E-1 4.54762E-1 4.58927E-1 4.65649E-1 4.73116E-1 4.74721E-1 4.75945E-1 4.74107E-1 4.82774E-1 4.78046E-1 4.71788E-1 4.71378E-1 4.74541E-1
3.31653E-1 3.38269E-1 3.37811E-1 3.41183E-1 3.43269E-1 3.40065E-1 3.3673E-1 3.32683E-1 3.3395E-1 3.50245E-1 3.56785E-1 3.61759E-1 3.64245E-1 3.64019E-1 3.67923E-1 3.76488E-1 3.6756E-1 3.65544E-1 3.69047E-1 3.69529E-1 3.76961E-1 3.53357E-1 3.23117E-1 3.10816E-1 3.31996E-1 3.71006E-1 3.80441E-1 3.67906E-1 3.59079E-1 3.54822E-1 3.58256E-1 3.72931E-1 3.89032E-1 3.9361E-1 3.97798E-1 3.97086E-1 4.01511E-1 4.01384E-1 4.0705E-1 4.06496E-1 4.09581E-1 4.08778E-1 4.15199E-1 4.24118E-1 4.38815E-1 4.33822E-1 4.28081E-1 4.24236E-1 4.42229E-1 4.60325E-1 4.5921E-1 4.60762E-1 4.74429E-1 4.87661E-1 4.81941E-1 4.71973E-1 4.81167E-1 4.87023E-1 4.77614E-1 4.63302E-1 4.65053E-1
3.37227E-1 3.51059E-1 3.61251E-1 3.51215E-1 3.48515E-1 3.42073E-1 3.39025E-1 3.32819E-1 3.35102E-1 3.47094E-1 3.56081E-1 3.56053E-1 3.57112E-1 3.52177E-1 3.55317E-1 3.7337E-1 3.77473E-1 3.69775E-1 3.69373E-1 3.68208E-1 3.67241E-1 3.72489E-1 3.50691E-1 3.38353E-1 3.51347E-1 3.85382E-1 3.58232E-1 3.54208E-1 3.54136E-1 3.5737E-1 3.64434E-1 3.76961E-1 3.9277E-1 4.03248E-1 4.07581E-1 4.13517E-1 4.14023E-1 4.09577E-1 4.19946E-1 4.17351E-1 4.17118E-1 4.09452E-1 4.1158E-1 4.22963E-1 4.2838E-1 4.32753E-1 4.40836E-1 4.24923E-1 4.14917E-1 4.3543E-1 4.49527E-1 4.56049E-1 4.61302E-1 4.72296E-1 4.70714E-1 4.70895E-1 4.76443E-1 4.78085E-1 4.7613E-1 4.75557E-1 4.77497E-1
