maxent_outputs/white_flowers_troch_bombus_environ/white_188.asc
ncols         426
nrows         180
xllcorner     -130.0
yllcorner     24.0
cellsize      0.16666666666666666
NODATA_value  -9999
[rows 0 to 26 of 180, columns 0 to 60 of 426]
9.54732E-1 9.45442E-1 9.42611E-1 9.51998E-1 9.43075E-1 9.35846E-1 9.12091E-1 8.89218E-1 8.99025E-1 9.05436E-1 9.1103E-1 9.08199E-1 8.78953E-1 8.78067E-1 8.89353E-1 8.3493E-1 8.30748E-1 7.91193E-1 7.81233E-1 8.12211E-1 7.70855E-1 7.27235E-1 7.29168E-1 7.10632E-1 6.83143E-1 6.7229E-1 6.94001E-1 6.99209E-1 7.03619E-1 7.12894E-1 6.78573E-1 6.48761E-1 6.10236E-1 5.92468E-1 5.77113E-1 5.78076E-1 5.60742E-1 5.62411E-1 5.98472E-1 6.12044E-1 6.18022E-1 6.04586E-1 6.1621E-1 6.20012E-1 6.46492E-1 7.15828E-1 7.0053E-1 7.26831E-1 7.5618E-1 7.48749E-1 7.68742E-1 7.83488E-1 7.79624E-1 7.89879E-1 7.28721E-1 7.76314E-1 7.48793E-1 8.06871E-1 7.94275E-1 8.26469E-1 8.17925E-1
9.56746E-1 9.59434E-1 9.58593E-1 9.38087E-1 9.47625E-1 9.33879E-1 9.23756E-1 9.22382E-1 9.33662E-1 9.12985E-1 9.08441E-1 9.10417E-1 8.96107E-1 8.69049E-1 8.58881E-1 8.79859E-1 8.75302E-1 8.08866E-1 7.85626E-1 7.70999E-1 8.01745E-1 8.41386E-1 7.64581E-1 7.43643E-1 7.06537E-1 6.76648E-1 6.87272E-1 6.76439E-1 6.8356E-1 6.6436E-1 6.167E-1 5.94621E-1 6.50383E-1 6.6024E-1 6.81354E-1 6.54658E-1 6.55363E-1 5.98683E-1 5.93125E-1 6.26109E-1 6.18953E-1 6.12681E-1 6.18162E-1 6.4032E-1 6.40619E-1 7.20772E-1 7.22743E-1 7.61932E-1 7.89366E-1 7.75959E-1 8.54207E-1 8.10655E-1 7.72159E-1 7.20745E-1 6.88247E-1 8.10356E-1 8.24848E-1 7.95428E-1 8.01802E-1 8.39767E-1 8.38642E-1
9.57058E-1 9.57557E-1 9.54216E-1 9.46004E-1 9.37388E-1 9.42913E-1 9.34037E-1 9.36454E-1 9.4268E-1 9.22993E-1 9.21242E-1 9.04414E-1 8.56745E-1 8.96187E-1 8.73396E-1 8.7946E-1 8.49831E-1 8.53297E-1 8.27137E-1 7.91771E-1 8.32438E-1 8.51659E-1 7.96696E-1 7.70773E-1 7.65481E-1 6.93307E-1 6.79282E-1 7.02765E-1 6.88107E-1 6.38375E-1 6.16475E-1 6.28455E-1 6.35599E-1 6.30363E-1 6.4619E-1 6.04021E-1 5.71936E-1 5.74355E-1 5.96745E-1 6.10329E-1 5.96119E-1 6.12984E-1 6.27332E-1 6.32087E-1 6.66836E-1 7.6889E-1 7.66198E-1 7.35946E-1 8.15921E-1 8.12624E-1 7.90547E-1 8.38166E-1 8.79786E-1 8.70378E-1 8.06274E-1 6.6408E-1 6.89904E-1 8.45685E-1 8.46607E-1 8.38237E-1 8.43817E-1
9.5552E-1 9.59236E-1 9.52619E-1 9.51874E-1 9.52086E-1 9.47551E-1 9.47786E-1 9.46484E-1 9.42663E-1 9.47194E-1 9.36197E-1 9.11536E-1 9.27015E-1 9.14711E-1 8.85007E-1 8.71761E-1 8.56036E-1 8.62879E-1 8.33595E-1 8.09393E-1 8.16159E-1 8.616E-1 8.20955E-1 8.0409E-1 7.41446E-1 6.92763E-1 6.96549E-1 6.97083E-1 7.04107E-1 6.80709E-1 6.3784E-1 6.86289E-1 6.64974E-1 6.13009E-1 6.31427E-1 6.21018E-1 6.14725E-1 6.06467E-1 5.87978E-1 6.034E-1 5.59833E-1 5.83457E-1 6.1609E-1 6.28722E-1 6.30139E-1 7.13697E-1 7.19425E-1 7.27974E-1 7.75775E-1 8.20068E-1 7.98616E-1 8.18767E-1 8.66992E-1 8.76719E-1 8.79335E-1 8.47807E-1 8.30992E-1 7.35701E-1 8.03904E-1 8.82562E-1 8.32045E-1
9.56569E-1 9.56379E-1 9.55288E-1 9.53406E-1 9.54531E-1 9.57148E-1 9.51993E-1 9.53081E-1 9.54361E-1 9.53578E-1 9.49181E-1 9.36489E-1 9.12719E-1 9.01269E-1 9.05983E-1 8.68935E-1 8.71968E-1 8.80939E-1 8.6201E-1 8.41913E-1 8.03219E-1 7.7906E-1 7.76452E-1 7.57839E-1 7.20399E-1 6.99597E-1 6.81748E-1 7.04516E-1 7.48596E-1 7.55526E-1 7.14005E-1 6.384E-1 6.84858E-1 6.27962E-1 6.13613E-1 6.12297E-1 6.22224E-1 5.82679E-1 5.65011E-1 6.08331E-1 5.71229E-1 5.69452E-1 5.98061E-1 6.19462E-1 6.1242E-1 6.45854E-1 6.73069E-1 7.46978E-1 7.8074E-1 8.13562E-1 8.37292E-1 7.96809E-1 8.20595E-1 8.75743E-1 8.73442E-1 8.95091E-1 9.1456E-1 9.08617E-1 8.54837E-1 7.38582E-1 8.4255E-1
9.58124E-1 9.5958E-1 9.55112E-1 9.51841E-1 9.51388E-1 9.5489E-1 9.52014E-1 9.50701E-1 9.56879E-1 9.56565E-1 9.5882E-1 9.44914E-1 9.24699E-1 9.03064E-1 8.84536E-1 8.96886E-1 8.78057E-1 8.72282E-1 8.91733E-1 8.51323E-1 8.53215E-1 8.05598E-1 7.52483E-1 7.06768E-1 7.06129E-1 6.92326E-1 6.80805E-1 7.03125E-1 7.01999E-1 6.77832E-1 7.15886E-1 6.65461E-1 6.54E-1 6.44587E-1 5.98627E-1 5.99081E-1 6.31893E-1 5.72615E-1 5.71367E-1 6.16714E-1 6.28597E-1 5.91501E-1 6.00006E-1 6.21225E-1 5.81509E-1 6.14597E-1 6.696E-1 7.13594E-1 7.80079E-1 8.20182E-1 8.49699E-1 8.61578E-1 8.41947E-1 8.60813E-1 8.93502E-1 8.8651E-1 9.07312E-1 9.16566E-1 9.03959E-1 9.15065E-1 8.29653E-1
-9999 9.61356E-1 9.55844E-1 9.52745E-1 9.50589E-1 9.51192E-1 9.53887E-1 9.5572E-1 9.55529E-1 9.61508E-1 9.60143E-1 9.51024E-1 9.46559E-1 9.29281E-1 9.31719E-1 9.14868E-1 9.00529E-1 8.61816E-1 8.94713E-1 8.42493E-1 8.53837E-1 7.95144E-1 7.39081E-1 7.21706E-1 6.98148E-1 7.11497E-1 7.03015E-1 7.19344E-1 7.23812E-1 6.9004E-1 6.93141E-1 7.03372E-1 7.07823E-1 7.13227E-1 6.63231E-1 6.36371E-1 6.13361E-1 6.23225E-1 5.77822E-1 5.79317E-1 6.39769E-1 5.95063E-1 5.8209E-1 6.2395E-1 5.93814E-1 5.93716E-1 6.50415E-1 6.90937E-1 7.26412E-1 7.72619E-1 8.48167E-1 8.79684E-1 8.36143E-1 8.68922E-1 8.76948E-1 8.95298E-1 9.02426E-1 8.98793E-1 9.19323E-1 9.13938E-1 8.86735E-1
-9999 -9999 -9999 9.58953E-1 9.49883E-1 9.51317E-1 9.51783E-1 9.55784E-1 9.55053E-1 9.53597E-1 9.61104E-1 9.60209E-1 9.52131E-1 9.49983E-1 9.32435E-1 9.22029E-1 9.151E-1 9.03036E-1 8.72931E-1 8.72983E-1 8.40858E-1 7.77902E-1 7.31257E-1 7.7085E-1 8.24948E-1 8.36157E-1 7.26818E-1 7.62094E-1 8.47241E-1 7.74847E-1 7.9017E-1 7.53873E-1 7.02593E-1 6.87726E-1 6.89883E-1 6.5306E-1 6.52867E-1 6.4402E-1 6.12295E-1 5.97224E-1 6.30369E-1 5.99606E-1 5.95863E-1 6.45239E-1 5.87033E-1 5.79678E-1 6.67842E-1 6.60104E-1 6.82091E-1 7.22701E-1 7.78557E-1 7.928E-1 8.79211E-1 8.96772E-1 8.51961E-1 8.76488E-1 9.19133E-1 8.88813E-1 8.80712E-1 8.95282E-1 8.95657E-1
-9999 -9999 -9999 9.6502E-1 9.53108E-1 9.50653E-1 9.48651E-1 9.49436E-1 9.53324E-1 9.56189E-1 9.59093E-1 9.54985E-1 9.51972E-1 9.50506E-1 9.4123E-1 9.26347E-1 9.09726E-1 9.07994E-1 8.95842E-1 8.75965E-1 8.6103E-1 8.37694E-1 8.07789E-1 8.44947E-1 8.23708E-1 8.03373E-1 7.18497E-1 6.4203E-1 6.80078E-1 6.996E-1 7.33107E-1 7.46005E-1 6.69693E-1 6.41925E-1 6.35281E-1 5.96364E-1 6.33204E-1 6.19363E-1 5.77003E-1 5.6461E-1 5.86502E-1 6.19645E-1 5.87615E-1 6.06477E-1 5.77337E-1 5.74582E-1 6.71659E-1 6.33897E-1 6.53611E-1 6.94481E-1 6.9403E-1 7.79678E-1 8.12325E-1 8.02529E-1 8.09431E-1 8.75249E-1 8.64233E-1 8.15281E-1 8.5037E-1 8.85184E-1 8.96729E-1
-9999 -9999 -9999 -9999 -9999 9.58367E-1 9.53838E-1 9.54467E-1 9.55158E-1 9.55816E-1 9.56737E-1 9.55547E-1 9.56609E-1 9.53811E-1 9.49371E-1 9.4325E-1 9.31599E-1 9.23468E-1 8.98676E-1 8.7086E-1 8.27607E-1 8.00934E-1 7.91418E-1 7.49086E-1 7.36854E-1 7.38366E-1 7.19048E-1 6.70031E-1 6.25315E-1 6.45567E-1 6.89158E-1 7.3274E-1 6.5754E-1 5.93518E-1 5.69159E-1 5.26471E-1 5.43847E-1 5.65002E-1 5.35016E-1 5.58468E-1 5.76356E-1 5.93141E-1 5.84527E-1 5.60569E-1 5.58493E-1 5.64718E-1 6.21164E-1 6.2035E-1 6.33436E-1 6.56314E-1 6.44158E-1 6.52247E-1 6.93146E-1 7.63148E-1 7.86109E-1 8.54361E-1 9.27914E-1 8.73339E-1 8.26667E-1 8.66004E-1 8.35767E-1
-9999 -9999 -9999 -9999 -9999 -9999 -9999 9.54421E-1 9.52644E-1 9.51339E-1 9.49934E-1 9.52217E-1 9.56895E-1 9.58177E-1 9.55412E-1 9.49822E-1 9.50523E-1 9.41159E-1 9.10684E-1 8.95474E-1 8.84964E-1 8.36475E-1 8.62071E-1 7.81804E-1 8.40502E-1 7.0495E-1 7.85312E-1 7.46235E-1 6.79318E-1 6.36389E-1 6.78432E-1 7.3746E-1 6.84173E-1 5.95206E-1 5.52567E-1 5.34383E-1 5.05491E-1 5.09831E-1 5.55592E-1 5.14031E-1 5.4718E-1 6.03984E-1 5.73187E-1 5.62865E-1 5.48773E-1 5.76682E-1 5.85228E-1 6.15521E-1 6.34601E-1 6.55959E-1 6.37541E-1 6.49413E-1 7.32002E-1 7.77145E-1 7.7258E-1 8.20374E-1 9.07231E-1 9.06432E-1 7.479E-1 8.8625E-1 8.76568E-1
-9999 -9999 -9999 -9999 -9999 -9999 -9999 -9999 9.57613E-1 9.52094E-1 9.5031E-1 9.49466E-1 9.55733E-1 9.62374E-1 9.60339E-1 9.59113E-1 9.47345E-1 9.34669E-1 9.14073E-1 8.99915E-1 8.65863E-1 8.6931E-1 8.58895E-1 8.4154E-1 7.68193E-1 7.93488E-1 8.08394E-1 7.94434E-1 7.72928E-1 6.54831E-1 6.392E-1 6.78778E-1 6.67416E-1 5.92561E-1 5.46629E-1 5.88847E-1 5.31846E-1 5.08352E-1 5.17642E-1 4.98841E-1 5.11594E-1 5.85088E-1 6.12566E-1 5.96024E-1 6.05279E-1 5.55132E-1 5.78477E-1 5.92023E-1 5.78332E-1 6.15856E-1 6.26139E-1 6.73288E-1 7.02676E-1 8.14947E-1 8.8408E-1 8.42643E-1 8.60663E-1 8.97525E-1 8.03424E-1 7.58494E-1 8.18259E-1
-9999 -9999 -9999 -9999 -9999 -9999 -9999 -9999 -9999 9.56229E-1 9.5083E-1 9.46875E-1 9.52927E-1 9.61712E-1 9.6336E-1 9.60699E-1 9.52713E-1 9.36782E-1 9.17041E-1 8.89651E-1 8.7848E-1 8.53669E-1 8.38289E-1 8.32027E-1 8.61627E-1 7.66616E-1 8.27036E-1 8.25903E-1 7.69362E-1 7.34164E-1 6.85216E-1 6.77628E-1 6.10116E-1 6.56502E-1 7.0779E-1 6.36666E-1 5.71364E-1 5.63566E-1 5.42713E-1 5.45491E-1 5.49169E-1 5.40155E-1 5.65707E-1 5.53823E-1 5.72885E-1 5.23986E-1 5.81714E-1 5.75252E-1 5.99261E-1 5.87298E-1 6.13793E-1 6.63654E-1 7.20907E-1 6.67811E-1 6.96342E-1 7.14912E-1 7.29514E-1 7.75547E-1 7.72332E-1 6.91359E-1 8.73832E-1
-9999 -9999 -9999 -9999 -9999 -9999 -9999 -9999 -9999 -9999 9.50083E-1 9.46379E-1 9.46501E-1 9.5168E-1 9.60888E-1 9.59976E-1 9.55812E-1 9.38336E-1 9.14012E-1 8.9702E-1 8.67862E-1 8.57445E-1 8.34222E-1 8.34042E-1 8.40348E-1 7.91458E-1 7.05922E-1 7.74227E-1 8.0872E-1 8.54242E-1 8.11798E-1 7.36026E-1 8.1766E-1 7.0959E-1 7.59628E-1 6.914E-1 6.76967E-1 6.43044E-1 6.55697E-1 6.4714E-1 6.28882E-1 5.95173E-1 5.57592E-1 5.58654E-1 6.13075E-1 5.65561E-1 5.60081E-1 5.88642E-1 5.99787E-1 6.20257E-1 6.23701E-1 5.95273E-1 6.15732E-1 6.23302E-1 6.90283E-1 7.25166E-1 7.81153E-1 8.09298E-1 8.43409E-1 7.47352E-1 8.6783E-1
-9999 -9999 -9999 -9999 -9999 -9999 -9999 -9999 -9999 -9999 -9999 9.37364E-1 9.44803E-1 9.38316E-1 9.53497E-1 9.60733E-1 9.58729E-1 9.41305E-1 9.25216E-1 9.01143E-1 8.88435E-1 8.41867E-1 8.3654E-1 8.53979E-1 8.0576E-1 7.90336E-1 7.29717E-1 8.02575E-1 8.59E-1 8.04784E-1 8.57127E-1 8.78645E-1 8.60067E-1 7.86641E-1 8.16729E-1 7.82442E-1 7.86578E-1 7.36307E-1 7.5691E-1 7.75344E-1 7.29106E-1 6.74241E-1 7.31457E-1 6.90031E-1 6.39845E-1 5.93822E-1 5.4339E-1 6.38038E-1 5.77828E-1 6.02142E-1 6.53129E-1 6.6531E-1 6.46923E-1 6.57939E-1 6.71133E-1 7.1691E-1 7.95205E-1 8.28543E-1 7.31307E-1 6.99518E-1 7.88522E-1
-9999 -9999 -9999 -9999 -9999 -9999 -9999 -9999 -9999 -9999 -9999 9.29827E-1 9.38326E-1 9.40741E-1 9.48833E-1 9.55482E-1 9.53432E-1 9.45311E-1 9.32298E-1 9.0944E-1 8.91742E-1 8.60192E-1 8.52072E-1 8.02774E-1 7.60222E-1 7.87204E-1 8.14769E-1 8.44998E-1 8.54549E-1 7.81006E-1 7.98888E-1 8.07679E-1 8.02221E-1 7.81363E-1 8.2288E-1 8.15338E-1 8.41155E-1 8.27323E-1 7.89567E-1 8.07832E-1 7.76458E-1 7.63027E-1 7.91775E-1 7.42921E-1 7.35907E-1 7.13554E-1 5.73893E-1 6.39706E-1 6.03808E-1 5.82143E-1 6.0342E-1 6.10644E-1 6.23295E-1 6.5152E-1 6.70277E-1 6.87907E-1 7.29593E-1 7.80859E-1 6.82201E-1 7.96025E-1 8.71971E-1
-9999 -9999 -9999 -9999 -9999 -9999 -9999 -9999 -9999 -9999 -9999 -9999 -9999 9.41066E-1 9.39377E-1 9.41369E-1 9.43431E-1 9.38532E-1 9.33377E-1 9.16972E-1 8.97578E-1 8.76882E-1 8.42522E-1 8.3865E-1 8.37555E-1 8.00605E-1 8.09153E-1 8.0491E-1 8.20082E-1 7.67842E-1 7.51919E-1 8.18418E-1 8.55763E-1 8.6516E-1 8.54028E-1 8.34522E-1 8.27E-1 8.40601E-1 8.04576E-1 8.97504E-1 8.84248E-1 8.46505E-1 8.50063E-1 7.95441E-1 8.34776E-1 8.23692E-1 7.06044E-1 6.45371E-1 7.44749E-1 6.87654E-1 5.98805E-1 5.85504E-1 5.97932E-1 6.21217E-1 6.50534E-1 6.92919E-1 7.50678E-1 7.77032E-1 6.88911E-1 6.99914E-1 7.15703E-1
-9999 -9999 -9999 -9999 -9999 -9999 -9999 -9999 -9999 -9999 -9999 -9999 -9999 9.41057E-1 9.38165E-1 9.32817E-1 9.35074E-1 9.30214E-1 9.23841E-1 9.1788E-1 9.08031E-1 8.87561E-1 8.74112E-1 8.46552E-1 8.41497E-1 8.25244E-1 8.33363E-1 8.357E-1 8.3835E-1 8.05013E-1 8.10277E-1 7.97767E-1 7.74597E-1 8.12135E-1 8.54436E-1 8.48861E-1 8.72893E-1 9.10231E-1 8.49253E-1 8.82609E-1 9.07343E-1 8.80351E-1 8.43136E-1 8.10234E-1 8.79045E-1 8.47189E-1 8.46987E-1 7.34124E-1 7.54704E-1 8.15001E-1 6.84369E-1 5.99283E-1 6.79983E-1 6.88896E-1 6.4427E-1 6.82843E-1 7.79594E-1 8.16411E-1 6.59006E-1 6.75969E-1 7.42621E-1
-9999 -9999 -9999 -9999 -9999 9.63117E-1 -9999 -9999 -9999 -9999 9.64212E-1 9.57742E-1 9.55066E-1 9.51414E-1 9.41951E-1 9.27002E-1 9.20563E-1 9.18438E-1 9.17435E-1 9.10827E-1 9.03723E-1 9.01905E-1 8.92007E-1 8.79322E-1 8.57761E-1 8.44414E-1 8.66523E-1 8.39876E-1 8.38857E-1 8.21782E-1 8.28293E-1 8.42037E-1 8.33674E-1 7.97427E-1 8.18763E-1 8.15613E-1 8.62296E-1 8.90884E-1 8.53353E-1 8.42527E-1 8.7771E-1 8.68927E-1 8.0985E-1 7.52939E-1 8.12783E-1 8.6062E-1 7.86691E-1 8.13448E-1 7.02031E-1 7.76469E-1 7.46061E-1 6.16625E-1 7.27023E-1 7.14965E-1 6.13157E-1 6.71166E-1 7.68768E-1 7.34119E-1 5.89062E-1 7.18685E-1 8.23024E-1
-9999 -9999 -9999 -9999 -9999 -9999 9.74441E-1 9.68431E-1 9.72178E-1 9.7032E-1 9.68069E-1 9.62391E-1 9.61857E-1 9.56734E-1 9.3234E-1 9.0493E-1 8.92866E-1 9.24013E-1 9.2223E-1 9.10659E-1 8.99635E-1 8.79041E-1 8.79893E-1 8.87255E-1 8.75001E-1 8.70261E-1 8.68041E-1 8.53816E-1 8.36902E-1 8.33688E-1 8.40322E-1 8.52189E-1 8.16089E-1 8.2671E-1 8.07947E-1 8.5206E-1 8.38408E-1 8.47174E-1 7.99598E-1 8.55066E-1 8.52728E-1 8.5667E-1 8.05685E-1 8.56094E-1 8.90791E-1 8.15101E-1 7.55602E-1 7.61212E-1 6.89074E-1 8.20533E-1 7.01585E-1 7.1051E-1 5.65948E-1 6.16759E-1 5.9572E-1 6.12575E-1 5.92849E-1 5.54636E-1 5.60991E-1 6.66001E-1 6.76488E-1
-9999 -9999 -9999 -9999 -9999 -9999 -9999 -9999 -9999 -9999 9.68367E-1 9.60715E-1 9.60538E-1 9.4751E-1 9.15895E-1 8.90933E-1 9.00089E-1 9.04238E-1 9.06236E-1 9.13359E-1 8.86871E-1 8.62384E-1 8.59068E-1 8.53844E-1 8.4819E-1 8.54474E-1 8.61844E-1 8.57173E-1 8.5102E-1 8.50875E-1 8.66871E-1 8.57653E-1 8.19132E-1 8.1547E-1 8.18434E-1 8.18017E-1 8.36739E-1 8.49939E-1 8.23419E-1 7.79415E-1 7.85472E-1 7.82898E-1 8.40837E-1 8.29431E-1 8.06389E-1 7.44348E-1 8.92576E-1 8.0798E-1 8.07725E-1 7.66707E-1 8.2164E-1 7.58136E-1 6.71022E-1 8.07673E-1 7.24427E-1 7.30828E-1 7.28737E-1 6.28798E-1 5.8102E-1 6.2278E-1 6.2732E-1
-9999 -9999 -9999 -9999 -9999 -9999 -9999 -9999 -9999 -9999 -9999 9.61023E-1 9.62344E-1 9.50179E-1 9.54648E-1 9.07307E-1 9.36933E-1 9.3231E-1 8.96121E-1 9.10828E-1 9.02915E-1 8.95261E-1 8.51302E-1 8.43716E-1 8.34082E-1 8.43985E-1 8.5462E-1 8.66454E-1 8.56871E-1 8.58887E-1 8.67323E-1 8.5209E-1 8.48525E-1 8.60104E-1 8.50779E-1 8.25597E-1 8.35408E-1 8.28971E-1 7.70058E-1 8.58393E-1 8.40241E-1 8.17061E-1 7.37515E-1 7.33899E-1 8.25552E-1 8.35818E-1 8.49009E-1 8.88595E-1 8.87239E-1 7.91881E-1 7.83262E-1 7.31609E-1 6.91509E-1 8.06363E-1 7.62181E-1 7.19309E-1 7.6259E-1 6.76021E-1 6.27391E-1 7.35257E-1 7.30813E-1
-9999 -9999 -9999 -9999 -9999 -9999 -9999 -9999 -9999 -9999 -9999 -9999 9.61208E-1 9.56255E-1 9.47608E-1 9.28354E-1 9.29731E-1 9.03308E-1 8.59052E-1 8.53303E-1 8.33332E-1 8.4148E-1 8.7027E-1 8.3738E-1 7.8899E-1 7.92796E-1 7.96428E-1 8.31102E-1 8.29603E-1 8.40334E-1 8.46504E-1 8.53507E-1 8.69244E-1 8.46909E-1 8.416E-1 8.45416E-1 8.607E-1 8.37239E-1 7.93168E-1 8.23023E-1 8.31533E-1 8.04403E-1 7.6219E-1 7.78804E-1 7.54676E-1 8.27707E-1 8.58918E-1 8.12182E-1 8.45783E-1 8.44815E-1 7.14929E-1 7.43068E-1 7.59008E-1 7.05592E-1 7.28049E-1 7.36885E-1 7.25322E-1 5.90827E-1 6.60538E-1 6.25217E-1 7.27116E-1
-9999 -9999 -9999 -9999 -9999 -9999 -9999 -9999 -9999 -9999 -9999 -9999 9.64812E-1 9.53809E-1 9.24096E-1 9.13374E-1 8.81787E-1 8.8086E-1 8.82077E-1 8.97048E-1 8.63592E-1 7.81443E-1 8.62E-1 8.22371E-1 8.19595E-1 7.64438E-1 7.43193E-1 7.70553E-1 7.98507E-1 8.42726E-1 8.33426E-1 8.50863E-1 8.4154E-1 8.30498E-1 8.52355E-1 8.54641E-1 8.38628E-1 8.46694E-1 8.51611E-1 8.03E-1 8.33618E-1 7.80803E-1 8.0628E-1 8.6373E-1 7.50445E-1 8.05751E-1 8.33849E-1 8.19053E-1 8.6534E-1 8.06982E-1 7.38389E-1 8.0826E-1 8.33263E-1 7.31461E-1 6.97743E-1 6.79245E-1 6.60047E-1 6.44707E-1 6.59963E-1 7.24583E-1 7.71548E-1
-9999 -9999 -9999 -9999 -9999 -9999 -9999 -9999 -9999 -9999 -9999 -9999 -9999 -9999 -9999 9.10213E-1 9.02076E-1 8.94338E-1 8.54227E-1 8.5891E-1 8.61E-1 8.6496E-1 8.05709E-1 8.0151E-1 8.39079E-1 8.16991E-1 7.25515E-1 7.3668E-1 7.54392E-1 7.67276E-1 8.4312E-1 8.41526E-1 8.36187E-1 8.26479E-1 8.26083E-1 8.44395E-1 8.39194E-1 8.518E-1 8.3955E-1 8.24249E-1 7.53402E-1 8.25543E-1 8.3526E-1 8.3219E-1 8.16631E-1 7.54224E-1 8E-1 7.8826E-1 7.66554E-1 7.87975E-1 7.96259E-1 7.36916E-1 8.16748E-1 7.57668E-1 7.44985E-1 7.34342E-1 6.8724E-1 7.44202E-1 7.96648E-1 8.06322E-1 7.71877E-1
-9999 -9999 -9999 -9999 -9999 -9999 -9999 -9999 -9999 -9999 -9999 -9999 -9999 -9999 -9999 -9999 -9999 8.85988E-1 8.98969E-1 8.74664E-1 8.53909E-1 8.21423E-1 8.37846E-1 7.80235E-1 8.40105E-1 8.52134E-1 7.95032E-1 8.33955E-1 8.02254E-1 7.3577E-1 7.282E-1 -9999 8.10423E-1 8.13851E-1 8.31682E-1 8.37314E-1 8.23701E-1 8.53709E-1 8.39274E-1 8.31774E-1 8.17732E-1 7.37728E-1 8.33665E-1 7.90278E-1 8.35375E-1 8.09066E-1 7.72636E-1 7.87793E-1 8.15018E-1 8.04654E-1 7.72222E-1 7.37179E-1 7.91241E-1 8.02475E-1 7.8247E-1 7.11313E-1 7.26266E-1 7.6863E-1 7.52863E-1 7.74235E-1 7.46144E-1
-9999 -9999 -9999 -9999 -9999 -9999 -9999 -9999 -9999 -9999 -9999 -9999 -9999 -9999 -9999 -9999 -9999 -9999 9.12893E-1 9.17588E-1 9.23027E-1 8.90727E-1 8.5588E-1 8.38932E-1 8.43484E-1 8.62827E-1 7.84296E-1 8.71232E-1 7.62338E-1 7.72331E-1 7.32581E-1 7.38445E-1 7.78068E-1 8.10406E-1 8.20678E-1 8.20688E-1 8.07147E-1 8.10243E-1 8.38805E-1 8.08753E-1 7.87051E-1 8.25545E-1 7.93713E-1 8.2027E-1 7.88279E-1 7.91047E-1 8.04038E-1 8.10146E-1 7.7935E-1 7.94654E-1 7.97863E-1 7.62376E-1 7.89166E-1 8.01374E-1 7.78487E-1 7.31237E-1 7.18591E-1 6.94817E-1 8.05591E-1 8.39876E-1 7.65787E-1
