maxent_outputs/white_flowers_troch_bombus_environ/white_240.asc
ncols         426
nrows         180
xllcorner     -130.0
yllcorner     24.0
cellsize      0.16666666666666666
NODATA_value  -9999
[rows 27 to 53 of 180, columns 61 to 121 of 426]
5.34275E-1 5.48043E-1 5.8811E-1 6.04882E-1 5.51404E-1 5.6481E-1 6.41858E-1 6.33514E-1 6.02679E-1 6.58652E-1 6.63487E-1 6.6307E-1 6.60686E-1 6.32059E-1 6.46697E-1 6.2928E-1 6.30142E-1 6.1365E-1 6.2779E-1 6.01521E-1 5.77123E-1 5.85459E-1 5.81264E-1 5.31901E-1 5.33303E-1 5.3736E-1 4.80884E-1 5.27588E-1 5.2997E-1 5.52799E-1 5.57471E-1 5.60045E-1 5.50056E-1 5.26778E-1 4.8337E-1 4.26026E-1 3.91235E-1 3.73634E-1 3.71296E-1 3.64663E-1 3.61686E-1 3.66023E-1 3.60374E-1 3.52323E-1 3.37902E-1 3.36387E-1 3.34868E-1 3.31924E-1 3.30259E-1 3.37557E-1 3.41241E-1 3.34983E-1 3.23255E-1 3.11567E-1 3.00519E-1 2.93819E-1 2.8907E-1 2.86462E-1 2.75842E-1 2.75571E-1 2.72422E-1
5.40649E-1 5.28263E-1 5.55702E-1 6.21892E-1 5.70312E-1 5.45301E-1 5.83815E-1 6.20289E-1 5.97959E-1 6.38147E-1 6.32608E-1 6.34891E-1 6.44564E-1 6.26733E-1 6.22848E-1 6.09949E-1 6.16623E-1 6.15977E-1 6.19574E-1 5.81942E-1 5.61267E-1 5.51158E-1 5.53329E-1 5.26217E-1 5.47363E-1 5.35341E-1 5.38749E-1 4.78039E-1 5.23909E-1 5.43529E-1 5.73537E-1 5.56168E-1 5.63107E-1 5.65718E-1 5.51555E-1 5.00102E-1 4.31363E-1 4.01146E-1 3.82711E-1 3.73075E-1 3.66839E-1 3.60852E-1 3.49413E-1 3.32602E-1 3.21606E-1 3.23439E-1 3.28369E-1 3.2676E-1 3.2263E-1 3.27757E-1 3.33086E-1 3.26669E-1 3.21273E-1 3.1628E-1 3.09525E-1 2.9898E-1 2.81247E-1 2.70475E-1 2.59612E-1 2.50373E-1 2.53398E-1
5.79193E-1 5.34092E-1 5.45883E-1 5.49746E-1 5.1499E-1 5.15746E-1 5.43585E-1 5.72191E-1 5.73519E-1 6.15947E-1 6.24879E-1 6.30796E-1 6.18247E-1 6.01849E-1 6.13713E-1 6.05235E-1 6.12918E-1 5.97773E-1 5.75987E-1 5.63765E-1 5.53945E-1 5.26266E-1 5.23464E-1 5.29173E-1 5.34341E-1 5.35874E-1 5.44457E-1 5.15775E-1 5.41212E-1 5.57033E-1 5.56755E-1 5.60305E-1 5.48983E-1 5.54652E-1 5.51643E-1 5.58593E-1 5.00604E-1 4.41483E-1 4.05472E-1 3.82447E-1 3.68416E-1 3.59417E-1 3.41655E-1 3.22351E-1 3.01634E-1 3.12084E-1 3.15647E-1 3.19178E-1 3.27829E-1 3.38508E-1 3.40893E-1 3.37359E-1 3.3514E-1 3.2938E-1 3.19906E-1 3.14993E-1 2.97322E-1 2.69695E-1 2.52758E-1 2.4595E-1 2.46141E-1
5.8011E-1 5.34182E-1 5.29844E-1 4.98779E-1 4.97191E-1 5.26785E-1 5.48537E-1 5.45655E-1 5.80696E-1 5.88297E-1 5.87651E-1 5.89086E-1 5.83568E-1 6.01087E-1 6.19592E-1 6.03425E-1 6.07887E-1 5.8192E-1 5.70417E-1 5.77015E-1 5.53557E-1 5.41641E-1 5.39531E-1 5.57232E-1 5.27998E-1 5.21926E-1 5.49772E-1 5.51776E-1 4.95102E-1 5.61983E-1 5.59555E-1 5.72352E-1 5.38417E-1 5.50166E-1 5.44016E-1 5.4505E-1 5.2914E-1 5.07517E-1 4.37001E-1 4.10896E-1 3.85341E-1 3.64865E-1 3.46494E-1 3.31939E-1 3.19524E-1 3.21271E-1 3.26594E-1 3.27225E-1 3.29475E-1 3.41147E-1 3.47692E-1 3.50528E-1 3.61055E-1 3.42504E-1 3.19592E-1 3.07747E-1 3.03325E-1 2.89704E-1 2.80689E-1 2.84326E-1 2.79798E-1
5.7146E-1 5.17544E-1 4.98413E-1 5.02891E-1 5.40826E-1 5.36727E-1 5.43899E-1 5.28435E-1 6.00421E-1 5.8292E-1 5.49213E-1 5.68122E-1 5.87139E-1 5.91259E-1 5.8738E-1 6.03807E-1 5.97571E-1 5.84621E-1 5.72987E-1 5.73822E-1 5.48511E-1 5.17788E-1 5.27751E-1 5.34835E-1 5.28365E-1 5.26964E-1 5.39834E-1 5.54249E-1 5.45421E-1 4.93623E-1 5.58937E-1 5.72125E-1 5.61224E-1 5.25182E-1 5.44003E-1 5.14662E-1 5.03154E-1 5.21107E-1 4.80075E-1 4.43104E-1 3.97178E-1 3.72455E-1 3.55624E-1 3.42165E-1 3.29628E-1 3.2429E-1 3.30762E-1 3.25361E-1 3.17087E-1 3.11762E-1 3.111E-1 3.16957E-1 3.22064E-1 3.18382E-1 3.13367E-1 3.06204E-1 2.97024E-1 2.96544E-1 2.94951E-1 2.96107E-1 2.99662E-1
5.29979E-1 4.95546E-1 4.91925E-1 5.11488E-1 5.20273E-1 5.33557E-1 5.22963E-1 5.5074E-1 5.9255E-1 5.71599E-1 5.64979E-1 5.44753E-1 5.63262E-1 5.80713E-1 5.81223E-1 5.69484E-1 5.83769E-1 5.84216E-1 5.78333E-1 5.5541E-1 5.32722E-1 5.35006E-1 5.39611E-1 5.38039E-1 5.31072E-1 5.34782E-1 5.38977E-1 5.70465E-1 5.37582E-1 5.38509E-1 5.59342E-1 5.36624E-1 5.66724E-1 5.54168E-1 5.4909E-1 5.61495E-1 5.20448E-1 4.91313E-1 5.00479E-1 4.70638E-1 4.12048E-1 3.98505E-1 3.80249E-1 3.74315E-1 3.66829E-1 3.53864E-1 3.51045E-1 3.29582E-1 3.18846E-1 3.10087E-1 3.01568E-1 2.99331E-1 2.98302E-1 2.96147E-1 3.01074E-1 3.01765E-1 2.98885E-1 2.9622E-1 2.97666E-1 2.98988E-1 3.06328E-1
5.24244E-1 4.82143E-1 4.90816E-1 5.17257E-1 5.3666E-1 5.44223E-1 5.23655E-1 5.42199E-1 5.70874E-1 5.55281E-1 5.53982E-1 5.35184E-1 5.44518E-1 5.71719E-1 5.72972E-1 5.5756E-1 5.72568E-1 5.53421E-1 5.67537E-1 5.659E-1 5.38376E-1 5.47532E-1 5.41414E-1 5.43249E-1 5.4061E-1 5.24911E-1 5.43768E-1 5.52317E-1 5.37208E-1 5.41155E-1 5.39875E-1 5.46219E-1 5.16758E-1 5.22523E-1 5.3797E-1 5.54312E-1 5.23716E-1 4.90663E-1 4.83433E-1 4.89434E-1 4.45116E-1 4.16145E-1 3.94351E-1 3.79001E-1 3.6539E-1 3.52074E-1 3.48216E-1 3.34731E-1 3.26452E-1 3.21639E-1 3.12312E-1 3.08921E-1 2.96763E-1 2.87088E-1 2.89625E-1 2.92967E-1 2.94849E-1 2.97253E-1 2.94977E-1 3.01548E-1 3.31853E-1
4.61897E-1 4.63551E-1 4.84754E-1 5.00312E-1 5.2434E-1 5.13469E-1 5.26662E-1 5.45971E-1 5.59294E-1 5.28677E-1 5.4235E-1 5.45859E-1 5.03781E-1 5.5717E-1 5.59319E-1 5.25431E-1 5.54937E-1 5.46111E-1 5.62829E-1 5.7081E-1 5.87393E-1 5.64328E-1 5.38947E-1 5.47941E-1 5.5355E-1 5.34733E-1 5.36759E-1 5.42398E-1 5.34333E-1 5.24131E-1 5.26946E-1 5.52946E-1 5.01634E-1 4.8101E-1 5.45815E-1 5.57857E-1 5.33103E-1 5.2263E-1 5.00854E-1 4.99855E-1 4.92871E-1 4.57487E-1 4.13742E-1 3.94039E-1 3.77444E-1 3.57076E-1 3.48281E-1 3.4003E-1 3.27217E-1 3.22839E-1 3.1973E-1 3.12711E-1 3.1098E-1 2.97769E-1 2.945E-1 2.92876E-1 2.88799E-1 2.87948E-1 2.83873E-1 3.12727E-1 3.49366E-1
4.46835E-1 4.60335E-1 4.48412E-1 4.57464E-1 4.65286E-1 4.76259E-1 5.34088E-1 5.41014E-1 5.46249E-1 5.28633E-1 5.39962E-1 5.32894E-1 5.05426E-1 5.27296E-1 5.22752E-1 5.20902E-1 5.34695E-1 5.53188E-1 5.48814E-1 5.69426E-1 5.99925E-1 5.83771E-1 5.56703E-1 5.56482E-1 5.4786E-1 5.42295E-1 5.41331E-1 5.27841E-1 5.3348E-1 5.26898E-1 5.2589E-1 5.40076E-1 5.4973E-1 5.36823E-1 5.48372E-1 5.58077E-1 5.35933E-1 5.22873E-1 4.97018E-1 4.79093E-1 4.69606E-1 4.6941E-1 4.5194E-1 4.06584E-1 3.79057E-1 3.5686E-1 3.4312E-1 3.3955E-1 3.33047E-1 3.2652E-1 3.24541E-1 3.33694E-1 3.2738E-1 3.24183E-1 3.2124E-1 3.16466E-1 3.05671E-1 2.95467E-1 2.9304E-1 3.06901E-1 3.31216E-1
4.24462E-1 4.24114E-1 4.15957E-1 4.36695E-1 4.80253E-1 4.81288E-1 5.06335E-1 5.13498E-1 5.33016E-1 5.18806E-1 5.22849E-1 5.14601E-1 5.24148E-1 5.20598E-1 5.09336E-1 5.2497E-1 5.68943E-1 5.64324E-1 5.31058E-1 5.72737E-1 5.82341E-1 5.67464E-1 5.58254E-1 5.5919E-1 5.51393E-1 5.44177E-1 5.46385E-1 5.35753E-1 5.23858E-1 5.38945E-1 5.38747E-1 5.18795E-1 5.51495E-1 5.5605E-1 5.8336E-1 5.92367E-1 5.61525E-1 5.22672E-1 5.11804E-1 4.79279E-1 4.75228E-1 4.58205E-1 4.69264E-1 4.0791E-1 3.88025E-1 3.83665E-1 3.6679E-1 3.65328E-1 3.63256E-1 3.59061E-1 3.53294E-1 3.49291E-1 3.37501E-1 3.28388E-1 3.27419E-1 3.29766E-1 3.19777E-1 3.09874E-1 3.16353E-1 3.08089E-1 3.03767E-1
4.16618E-1 4.15956E-1 4.11959E-1 4.51411E-1 4.52065E-1 4.51269E-1 4.5767E-1 4.64644E-1 4.67894E-1 4.78037E-1 4.91758E-1 4.94329E-1 5.01799E-1 5.16468E-1 5.30171E-1 5.2906E-1 5.44941E-1 5.44659E-1 5.54964E-1 5.83919E-1 5.78017E-1 5.7239E-1 5.6301E-1 5.52869E-1 5.5355E-1 5.33561E-1 5.32328E-1 5.54752E-1 5.32153E-1 5.33062E-1 5.40994E-1 4.82615E-1 5.14827E-1 5.25461E-1 5.65417E-1 5.86814E-1 5.5929E-1 5.22039E-1 5.15306E-1 4.83802E-1 4.98055E-1 4.54458E-1 4.74692E-1 4.08339E-1 3.87731E-1 3.87703E-1 3.79008E-1 3.72596E-1 3.6613E-1 3.53096E-1 3.5327E-1 3.62648E-1 3.55484E-1 3.51681E-1 3.50439E-1 3.43907E-1 3.38021E-1 3.24577E-1 3.14741E-1 3.2287E-1 3.14685E-1
4.16531E-1 4.19977E-1 4.35654E-1 4.45341E-1 4.35565E-1 4.41848E-1 4.52303E-1 4.50455E-1 4.52749E-1 4.6097E-1 4.71449E-1 4.86821E-1 4.99525E-1 5.11498E-1 5.31831E-1 5.43282E-1 5.62088E-1 5.76332E-1 5.92306E-1 5.8834E-1 5.79948E-1 5.78005E-1 5.67276E-1 5.49088E-1 5.55726E-1 5.3951E-1 5.19079E-1 5.35521E-1 5.45735E-1 5.33358E-1 5.46022E-1 4.71387E-1 4.66879E-1 4.7735E-1 5.11137E-1 5.67213E-1 5.3245E-1 5.27821E-1 5.17918E-1 4.79696E-1 4.89452E-1 4.85794E-1 4.68038E-1 4.04147E-1 3.84021E-1 3.8858E-1 3.82827E-1 3.90026E-1 3.84071E-1 3.71919E-1 3.62708E-1 3.70528E-1 3.60197E-1 3.58395E-1 3.56535E-1 3.53102E-1 3.44718E-1 3.27794E-1 3.18311E-1 3.18782E-1 3.22876E-1
4.24688E-1 4.25384E-1 4.35056E-1 4.36834E-1 4.35726E-1 4.40573E-1 4.43788E-1 4.50807E-1 4.52815E-1 4.62054E-1 4.72167E-1 4.7974E-1 5.01396E-1 5.22845E-1 5.31796E-1 5.35018E-1 5.37129E-1 5.51524E-1 5.74315E-1 5.75686E-1 5.77505E-1 5.68143E-1 5.60038E-1 5.3969E-1 5.2812E-1 5.27172E-1 5.18483E-1 5.29519E-1 5.41228E-1 5.38251E-1 5.39048E-1 4.83895E-1 4.81434E-1 4.50142E-1 4.70232E-1 5.49432E-1 5.18589E-1 5.37272E-1 5.20128E-1 5.01159E-1 4.89277E-1 4.87989E-1 4.7692E-1 4.24438E-1 3.91333E-1 3.79868E-1 3.69754E-1 3.7212E-1 3.69317E-1 3.67219E-1 3.74052E-1 3.73446E-1 3.67292E-1 3.60817E-1 3.47801E-1 3.69893E-1 3.46202E-1 3.3554E-1 3.31909E-1 3.27286E-1 3.24822E-1
4.5705E-1 4.42964E-1 4.13863E-1 4.39216E-1 4.40429E-1 4.44019E-1 4.46032E-1 4.51328E-1 4.54343E-1 4.59253E-1 4.71728E-1 4.84448E-1 5.07063E-1 5.25312E-1 5.32475E-1 5.39964E-1 5.5208E-1 5.59436E-1 5.72652E-1 5.64327E-1 5.55308E-1 5.48901E-1 5.41443E-1 5.26569E-1 5.19996E-1 5.23685E-1 5.40749E-1 5.47192E-1 5.34234E-1 5.32732E-1 5.58019E-1 5.31236E-1 5.31761E-1 4.91684E-1 4.89716E-1 5.47213E-1 5.37647E-1 4.89244E-1 5.18451E-1 4.94034E-1 4.81902E-1 4.5568E-1 4.6092E-1 4.6742E-1 4.29807E-1 3.89917E-1 3.79809E-1 3.95657E-1 3.82416E-1 3.76252E-1 3.77058E-1 3.83144E-1 3.79635E-1 3.70004E-1 3.58949E-1 3.55541E-1 3.44832E-1 3.3979E-1 3.36438E-1 3.28791E-1 3.26018E-1
4.59288E-1 4.4947E-1 4.6368E-1 4.7784E-1 4.792E-1 4.6073E-1 4.56489E-1 4.56073E-1 4.61706E-1 4.71132E-1 4.72305E-1 4.87119E-1 5.05273E-1 5.25167E-1 5.40475E-1 5.43251E-1 5.57132E-1 5.78832E-1 5.86063E-1 5.72503E-1 5.56965E-1 5.4661E-1 5.5204E-1 5.49129E-1 5.3104E-1 5.30093E-1 5.32982E-1 5.50128E-1 5.60561E-1 5.53532E-1 5.01938E-1 5.15882E-1 4.92612E-1 5.0822E-1 5.10749E-1 5.35793E-1 5.32291E-1 4.88506E-1 4.73567E-1 4.45884E-1 4.35539E-1 4.30467E-1 4.65072E-1 4.44147E-1 4.38227E-1 4.29447E-1 3.93485E-1 3.9677E-1 4.12507E-1 4.05435E-1 3.92493E-1 3.92038E-1 4.04066E-1 3.96548E-1 3.80518E-1 3.90807E-1 3.75961E-1 3.61424E-1 3.55335E-1 3.51351E-1 3.33754E-1
4.67481E-1 4.62231E-1 4.81212E-1 4.78312E-1 4.86746E-1 4.72555E-1 4.68825E-1 4.6724E-1 4.72724E-1 4.7522E-1 4.82082E-1 4.90953E-1 5.06308E-1 5.23306E-1 5.39133E-1 5.5258E-1 5.65407E-1 5.81817E-1 5.95155E-1 5.86564E-1 5.58254E-1 5.51931E-1 5.46881E-1 5.3691E-1 5.39747E-1 5.47883E-1 5.38793E-1 5.45914E-1 5.34602E-1 5.59642E-1 5.04836E-1 5.01485E-1 5.00261E-1 4.8055E-1 4.5495E-1 4.96941E-1 5.03822E-1 4.60615E-1 4.6569E-1 4.82792E-1 4.02393E-1 4.03495E-1 4.57536E-1 4.47779E-1 4.38187E-1 4.08437E-1 3.93963E-1 3.98455E-1 4.04009E-1 3.97925E-1 3.79675E-1 3.75422E-1 3.78821E-1 4.00501E-1 3.98449E-1 4.1272E-1 4.02112E-1 3.69835E-1 3.64694E-1 3.57876E-1 3.46481E-1
4.75123E-1 4.63331E-1 4.51071E-1 4.87367E-1 5.00854E-1 4.86296E-1 4.79101E-1 4.76473E-1 4.87389E-1 4.98371E-1 5.05838E-1 5.08619E-1 5.26693E-1 5.40806E-1 5.54894E-1 5.66353E-1 5.71378E-1 5.81192E-1 5.79062E-1 5.67569E-1 5.73109E-1 5.55022E-1 5.56926E-1 5.40913E-1 5.21563E-1 5.28017E-1 5.46956E-1 5.45077E-1 5.2478E-1 5.14623E-1 5.25931E-1 4.85604E-1 4.90056E-1 5.02669E-1 4.61777E-1 4.94247E-1 4.89513E-1 4.68205E-1 4.56044E-1 4.37913E-1 4.16633E-1 4.44788E-1 4.17494E-1 4.23416E-1 4.35747E-1 4.00749E-1 3.63679E-1 3.64843E-1 3.86241E-1 3.983E-1 3.93213E-1 3.62799E-1 3.53073E-1 3.69024E-1 3.93344E-1 4.0479E-1 3.90303E-1 3.94822E-1 3.88876E-1 3.65434E-1 3.47212E-1
4.50802E-1 4.29304E-1 4.47178E-1 5.05416E-1 5.05104E-1 4.90404E-1 4.8805E-1 5.05576E-1 5.16276E-1 5.1918E-1 5.26603E-1 5.39413E-1 5.45739E-1 5.52092E-1 5.63167E-1 5.71054E-1 5.78358E-1 5.84943E-1 5.91777E-1 5.9793E-1 5.90287E-1 6.2009E-1 5.87504E-1 5.57211E-1 5.36088E-1 5.45865E-1 5.40125E-1 5.48105E-1 5.41124E-1 5.25116E-1 4.91493E-1 4.67903E-1 4.99195E-1 5.22468E-1 4.63002E-1 4.61027E-1 4.96729E-1 4.91595E-1 4.64167E-1 3.86373E-1 3.8981E-1 3.87345E-1 3.98606E-1 3.84636E-1 3.94069E-1 4.14337E-1 3.89413E-1 3.57911E-1 3.72118E-1 3.76254E-1 4.02123E-1 4.00164E-1 3.53903E-1 3.59668E-1 3.76224E-1 3.70379E-1 3.72613E-1 3.72451E-1 3.65797E-1 3.5886E-1 3.47887E-1
4.57346E-1 4.4973E-1 4.44831E-1 5.01544E-1 5.30128E-1 5.04525E-1 5.08446E-1 5.20896E-1 5.13638E-1 5.24437E-1 5.37027E-1 5.46039E-1 5.58913E-1 5.63048E-1 5.57919E-1 5.66091E-1 5.74617E-1 5.74451E-1 5.84877E-1 6.06658E-1 6.11027E-1 6.14931E-1 6.07724E-1 5.74035E-1 5.73454E-1 5.84401E-1 5.74322E-1 5.64038E-1 5.47427E-1 5.20647E-1 5.26854E-1 4.97528E-1 4.999E-1 4.84914E-1 4.63601E-1 4.71602E-1 4.84555E-1 4.67379E-1 4.35789E-1 4.30067E-1 4.91791E-1 4.41727E-1 3.62692E-1 4.06862E-1 4.48356E-1 4.58065E-1 3.98811E-1 4.11204E-1 4.20989E-1 3.66871E-1 3.65817E-1 4.12193E-1 3.94981E-1 3.68351E-1 4.01523E-1 3.80119E-1 3.77342E-1 3.69128E-1 3.60587E-1 3.57835E-1 3.52815E-1
4.92355E-1 4.88053E-1 4.98156E-1 5.23603E-1 5.29853E-1 5.44357E-1 5.32147E-1 5.22946E-1 5.28679E-1 5.42197E-1 5.60107E-1 5.77631E-1 5.87512E-1 5.89835E-1 5.96988E-1 5.75096E-1 5.68735E-1 5.79074E-1 6.10549E-1 5.90698E-1 5.85011E-1 6.02064E-1 6.2573E-1 6.23451E-1 6.24652E-1 6.04922E-1 5.87817E-1 5.57277E-1 5.37566E-1 5.1792E-1 5.11327E-1 4.92583E-1 5.04893E-1 4.88879E-1 4.56157E-1 4.82761E-1 4.91372E-1 4.4297E-1 4.03931E-1 4.40242E-1 4.84997E-1 4.14855E-1 3.75293E-1 4.31944E-1 4.31695E-1 4.28441E-1 3.84902E-1 4.19599E-1 3.94211E-1 3.53748E-1 3.53522E-1 3.86975E-1 3.91168E-1 3.79921E-1 3.73888E-1 3.94942E-1 4.18721E-1 4.15141E-1 3.83091E-1 3.61635E-1 3.56445E-1
4.74398E-1 4.9526E-1 5.03551E-1 4.97455E-1 5.11351E-1 5.47482E-1 5.31973E-1 5.44908E-1 5.46882E-1 5.68779E-1 5.89292E-1 5.86258E-1 5.78902E-1 5.93843E-1 5.99638E-1 5.99656E-1 5.81612E-1 5.88602E-1 5.92252E-1 5.65176E-1 5.6895E-1 5.54166E-1 5.895E-1 6.3427E-1 6.5081E-1 6.31274E-1 6.05275E-1 5.70833E-1 5.5682E-1 5.31189E-1 4.94591E-1 4.94119E-1 5.02608E-1 4.87457E-1 4.56844E-1 4.54185E-1 4.83632E-1 4.6871E-1 4.71396E-1 4.93175E-1 4.59348E-1 4.04162E-1 3.86622E-1 3.94355E-1 4.21327E-1 4.45153E-1 4.00265E-1 3.57963E-1 3.65101E-1 3.47364E-1 3.53873E-1 3.84947E-1 3.85757E-1 4.01626E-1 3.77174E-1 3.7587E-1 4.37733E-1 4.53908E-1 3.86942E-1 3.63019E-1 3.55786E-1
5.30397E-1 5.42205E-1 5.3024E-1 5.33096E-1 5.45134E-1 5.2503E-1 5.23718E-1 5.41445E-1 5.60714E-1 5.74142E-1 5.87048E-1 5.71554E-1 5.77384E-1 5.94709E-1 5.76639E-1 5.86315E-1 6.01108E-1 5.8433E-1 5.61542E-1 5.75334E-1 5.57188E-1 5.47196E-1 5.86156E-1 6.32707E-1 6.28343E-1 5.86266E-1 5.75448E-1 5.89615E-1 5.50473E-1 5.2985E-1 5.14828E-1 5.03173E-1 5.10592E-1 4.99616E-1 4.43867E-1 4.14867E-1 4.48991E-1 4.737E-1 4.69276E-1 4.11052E-1 3.83269E-1 4.48848E-1 4.07879E-1 3.70463E-1 4.06486E-1 3.78283E-1 3.72226E-1 3.72237E-1 3.62125E-1 3.4635E-1 3.51587E-1 3.57674E-1 3.84976E-1 4.19006E-1 3.83105E-1 3.67553E-1 4.05661E-1 4.26284E-1 3.85347E-1 3.65494E-1 3.57879E-1
5.12884E-1 5.19983E-1 5.28922E-1 5.33804E-1 5.29703E-1 5.24942E-1 5.28929E-1 5.37618E-1 5.54965E-1 5.62004E-1 5.5389E-1 5.45665E-1 5.49526E-1 5.4602E-1 5.74117E-1 5.70296E-1 5.32768E-1 5.57085E-1 5.65113E-1 5.59936E-1 5.87436E-1 5.60038E-1 6.31369E-1 6.51044E-1 6.19267E-1 5.75656E-1 5.48268E-1 5.27524E-1 5.18323E-1 5.18934E-1 5.11559E-1 5.07122E-1 4.86494E-1 4.70051E-1 4.67886E-1 4.42531E-1 4.46088E-1 3.75764E-1 3.34569E-1 4.2135E-1 4.46753E-1 4.20052E-1 3.94054E-1 4.0449E-1 4.30149E-1 3.7362E-1 4.12398E-1 3.86196E-1 3.62956E-1 3.61854E-1 3.61624E-1 3.50565E-1 3.61874E-1 4.13739E-1 4.23694E-1 3.72738E-1 3.78231E-1 3.88413E-1 3.84087E-1 3.81119E-1 3.67191E-1
4.9963E-1 5.09024E-1 5.22849E-1 5.11076E-1 5.2238E-1 5.24919E-1 5.43396E-1 5.60677E-1 5.48229E-1 5.5231E-1 5.45478E-1 5.18708E-1 5.28195E-1 5.3713E-1 5.11858E-1 4.99935E-1 4.81662E-1 5.26335E-1 5.9045E-1 6.09496E-1 6.04787E-1 5.98573E-1 6.00172E-1 5.5711E-1 5.45578E-1 5.20773E-1 5.11684E-1 5.12332E-1 5.10435E-1 5.16939E-1 5.04525E-1 4.93654E-1 4.85863E-1 4.65972E-1 4.59024E-1 4.26682E-1 4.33984E-1 3.52597E-1 3.45243E-1 4.5309E-1 4.38708E-1 4.70645E-1 3.77053E-1 3.74573E-1 3.60857E-1 3.76461E-1 4.78688E-1 4.56905E-1 3.87219E-1 3.96874E-1 3.90069E-1 3.83169E-1 4.07981E-1 4.46501E-1 4.26252E-1 3.9592E-1 4.61044E-1 4.30399E-1 4.24196E-1 4.27804E-1 3.81529E-1
5.16595E-1 5.25621E-1 5.30186E-1 5.28417E-1 5.30066E-1 5.36776E-1 5.63405E-1 5.44066E-1 5.29316E-1 5.38221E-1 5.5013E-1 5.38777E-1 5.74924E-1 5.83767E-1 5.71534E-1 4.79068E-1 4.77841E-1 5.47882E-1 5.99281E-1 5.92526E-1 6.03522E-1 5.99006E-1 5.8354E-1 5.56836E-1 5.42328E-1 5.364E-1 5.30385E-1 4.94116E-1 4.88743E-1 4.97911E-1 4.95179E-1 4.81629E-1 4.62637E-1 4.45408E-1 4.25771E-1 4.01066E-1 4.67141E-1 4.02444E-1 3.68199E-1 4.16851E-1 4.22546E-1 4.53233E-1 3.73794E-1 3.52468E-1 3.54154E-1 3.72688E-1 3.95997E-1 4.38564E-1 3.88978E-1 4.53364E-1 4.89433E-1 4.87993E-1 4.96171E-1 5.01555E-1 4.19838E-1 4.38788E-1 5.18988E-1 5.14906E-1 5.30837E-1 4.55212E-1 4.18464E-1
5.26707E-1 5.27744E-1 5.47172E-1 5.51244E-1 5.33675E-1 5.23264E-1 5.23699E-1 5.09026E-1 5.0488E-1 5.22724E-1 5.38671E-1 5.35277E-1 5.63243E-1 5.62676E-1 5.53652E-1 5.60776E-1 5.38393E-1 5.63641E-1 5.67934E-1 5.47923E-1 5.6112E-1 5.47819E-1 5.21387E-1 5.07281E-1 4.96609E-1 5.0652E-1 5.08805E-1 4.95347E-1 4.86634E-1 4.97316E-1 4.93481E-1 4.78882E-1 4.4216E-1 4.44785E-1 4.60306E-1 3.8448E-1 3.94966E-1 4.53439E-1 3.89128E-1 4.00371E-1 3.5448E-1 3.79083E-1 3.66827E-1 3.56105E-1 3.70989E-1 4.15057E-1 3.85408E-1 4.16569E-1 3.89785E-1 4.66151E-1 4.8229E-1 4.59343E-1 5.11599E-1 4.56265E-1 4.71684E-1 5.01236E-1 4.89378E-1 4.86306E-1 4.90923E-1 4.86551E-1 5.04921E-1
5.32964E-1 5.30751E-1 5.48438E-1 5.38426E-1 5.18649E-1 5.08117E-1 5.2306E-1 5.27569E-1 5.3079E-1 5.43816E-1 5.16718E-1 4.66668E-1 4.98244E-1 5.29102E-1 5.2678E-1 5.21673E-1 5.11105E-1 5.18243E-1 4.92278E-1 5.07512E-1 4.91189E-1 4.86168E-1 4.93442E-1 5.06265E-1 4.9982E-1 4.9747E-1 5.15317E-1 4.99164E-1 4.80521E-1 4.70271E-1 4.64977E-1 4.9474E-1 4.67616E-1 4.40078E-1 4.49571E-1 3.75588E-1 3.45554E-1 3.9229E-1 4.20671E-1 3.91586E-1 3.56769E-1 3.70547E-1 3.71336E-1 3.79105E-1 3.80037E-1 3.68097E-1 3.84045E-1 4.26631E-1 4.41079E-1 4.63132E-1 4.85916E-1 4.39144E-1 4.63527E-1 4.7084E-1 4.68035E-1 4.65754E-1 4.43457E-1 4.54458E-1 4.4471E-1 4.67548E-1 4.82447E-1
