maxent_outputs/white_flowers_troch_bombus_environ/white_221.asc
ncols         426
nrows         180
xllcorner     -130.0
yllcorner     24.0
cellsize      0.16666666666666666
NODATA_value  -9999
[rows 0 to 26 of 180, columns 0 to 60 of 426]
9.39373E-1 9.27614E-1 9.22737E-1 9.27495E-1 9.17252E-1 9.11903E-1 8.91644E-1 8.72362E-1 8.74293E-1 8.73624E-1 8.69748E-1 8.55093E-1 8.22095E-1 8.20664E-1 8.33526E-1 7.83924E-1 7.80663E-1 7.45564E-1 7.33746E-1 7.51349E-1 7.11958E-1 6.74885E-1 6.71221E-1 6.51298E-1 6.29413E-1 6.20207E-1 6.38927E-1 6.39812E-1 6.4085E-1 6.50319E-1 6.2068E-1 5.99318E-1 5.72641E-1 5.58336E-1 5.47173E-1 5.47629E-1 5.32567E-1 5.35268E-1 5.68202E-1 5.78177E-1 5.87244E-1 5.79089E-1 5.93221E-1 6.00839E-1 6.20368E-1 6.73359E-1 6.68435E-1 6.89304E-1 7.15492E-1 7.13433E-1 7.30056E-1 7.37939E-1 7.30771E-1 7.38492E-1 6.86857E-1 7.20127E-1 6.89779E-1 7.20058E-1 7.13655E-1 7.35255E-1 7.24489E-1
9.45735E-1 9.44755E-1 9.40328E-1 9.21855E-1 9.27473E-1 9.15801E-1 9.08829E-1 9.02853E-1 9.05181E-1 8.84068E-1 8.71666E-1 8.6144E-1 8.3969E-1 8.0869E-1 8.0151E-1 8.22405E-1 8.18939E-1 7.65679E-1 7.40479E-1 7.24609E-1 7.44595E-1 7.65126E-1 6.9995E-1 6.84346E-1 6.52778E-1 6.24426E-1 6.31214E-1 6.19945E-1 6.26195E-1 6.08192E-1 5.69085E-1 5.56391E-1 5.99703E-1 6.04268E-1 6.1426E-1 5.94074E-1 5.95188E-1 5.55204E-1 5.56063E-1 5.82374E-1 5.8198E-1 5.82964E-1 5.90163E-1 6.16012E-1 6.1449E-1 6.73243E-1 6.82443E-1 7.15037E-1 7.40779E-1 7.33903E-1 7.91449E-1 7.59958E-1 7.30408E-1 6.89459E-1 6.64544E-1 7.49339E-1 7.55212E-1 7.29479E-1 7.30631E-1 7.55098E-1 7.46941E-1
9.50537E-1 9.47428E-1 9.42794E-1 9.32649E-1 9.24461E-1 9.25603E-1 9.18971E-1 9.1737E-1 9.14874E-1 8.93363E-1 8.84005E-1 8.62647E-1 8.18352E-1 8.39292E-1 8.1538E-1 8.21554E-1 7.97572E-1 8.01385E-1 7.78211E-1 7.45007E-1 7.66529E-1 7.7754E-1 7.26806E-1 7.02793E-1 6.93746E-1 6.35446E-1 6.21702E-1 6.39127E-1 6.27463E-1 5.8574E-1 5.73234E-1 5.78306E-1 5.79876E-1 5.7387E-1 5.90509E-1 5.52805E-1 5.29141E-1 5.34186E-1 5.5587E-1 5.68792E-1 5.60926E-1 5.77908E-1 5.90639E-1 6.07525E-1 6.3271E-1 7.05695E-1 7.07942E-1 6.93116E-1 7.5894E-1 7.59352E-1 7.43595E-1 7.82095E-1 8.16826E-1 8.07278E-1 7.53378E-1 6.36976E-1 6.52339E-1 7.71236E-1 7.66662E-1 7.54242E-1 7.54615E-1
9.5267E-1 9.52147E-1 9.44299E-1 9.43058E-1 9.44044E-1 9.32661E-1 9.33068E-1 9.29464E-1 9.2399E-1 9.2181E-1 9.05021E-1 8.78464E-1 8.8219E-1 8.65564E-1 8.30802E-1 8.1876E-1 8.06219E-1 8.1844E-1 7.95058E-1 7.6165E-1 7.56318E-1 7.82976E-1 7.42032E-1 7.24118E-1 6.75471E-1 6.34081E-1 6.38649E-1 6.39505E-1 6.44741E-1 6.24402E-1 5.85731E-1 6.17807E-1 6.01597E-1 5.59595E-1 5.74112E-1 5.68466E-1 5.62199E-1 5.56901E-1 5.4591E-1 5.57422E-1 5.27227E-1 5.52198E-1 5.79978E-1 5.9986E-1 6.07164E-1 6.64249E-1 6.70301E-1 6.80421E-1 7.2451E-1 7.63712E-1 7.49582E-1 7.68002E-1 8.08646E-1 8.1378E-1 8.15631E-1 7.87237E-1 7.71551E-1 6.89328E-1 7.43011E-1 7.96418E-1 7.48516E-1
9.54923E-1 9.54664E-1 9.49507E-1 9.47005E-1 9.45794E-1 9.46736E-1 9.38612E-1 9.37834E-1 9.34979E-1 9.30161E-1 9.18165E-1 9.03722E-1 8.80708E-1 8.66348E-1 8.61982E-1 8.26045E-1 8.26208E-1 8.31295E-1 8.14539E-1 7.95219E-1 7.56117E-1 7.29959E-1 7.14456E-1 6.93392E-1 6.6135E-1 6.40791E-1 6.25479E-1 6.41626E-1 6.71313E-1 6.70564E-1 6.39041E-1 5.7958E-1 6.15115E-1 5.65657E-1 5.5533E-1 5.55655E-1 5.681E-1 5.3973E-1 5.26358E-1 5.5876E-1 5.31411E-1 5.35639E-1 5.65197E-1 5.85312E-1 5.83793E-1 6.15166E-1 6.34061E-1 6.95697E-1 7.26891E-1 7.57028E-1 7.79083E-1 7.5212E-1 7.72637E-1 8.18965E-1 8.1312E-1 8.27041E-1 8.38232E-1 8.3024E-1 7.85955E-1 6.90638E-1 7.72702E-1
9.58649E-1 9.59208E-1 9.53553E-1 9.46256E-1 9.4365E-1 9.43339E-1 9.3969E-1 9.3739E-1 9.44337E-1 9.41491E-1 9.34187E-1 9.16808E-1 8.96842E-1 8.76305E-1 8.55422E-1 8.56723E-1 8.34194E-1 8.32423E-1 8.35631E-1 8.00239E-1 7.87969E-1 7.45638E-1 6.99054E-1 6.5747E-1 6.53607E-1 6.38882E-1 6.23819E-1 6.39062E-1 6.35338E-1 6.1158E-1 6.39757E-1 5.99318E-1 5.90985E-1 5.82084E-1 5.41921E-1 5.40176E-1 5.68205E-1 5.2455E-1 5.27384E-1 5.57839E-1 5.64941E-1 5.43137E-1 5.54038E-1 5.79864E-1 5.60152E-1 5.88234E-1 6.33921E-1 6.69086E-1 7.24401E-1 7.58689E-1 7.86296E-1 8.0053E-1 7.89745E-1 8.05404E-1 8.30172E-1 8.24625E-1 8.31482E-1 8.31774E-1 8.26488E-1 8.35337E-1 7.60957E-1
-9999 9.62077E-1 9.55432E-1 9.48989E-1 9.44793E-1 9.43403E-1 9.43668E-1 9.44113E-1 9.44237E-1 9.49468E-1 9.44613E-1 9.34492E-1 9.22573E-1 9.01147E-1 8.95545E-1 8.73832E-1 8.53505E-1 8.31584E-1 8.41551E-1 8.03695E-1 7.95467E-1 7.40728E-1 6.96832E-1 6.71476E-1 6.45123E-1 6.5147E-1 6.39714E-1 6.4883E-1 6.48846E-1 6.20206E-1 6.19017E-1 6.21162E-1 6.20044E-1 6.27044E-1 5.89479E-1 5.67559E-1 5.49768E-1 5.58094E-1 5.285E-1 5.25354E-1 5.69272E-1 5.41722E-1 5.35454E-1 5.74186E-1 5.62052E-1 5.72088E-1 6.17193E-1 6.49664E-1 6.78888E-1 7.18488E-1 7.85313E-1 8.16279E-1 7.84571E-1 8.13656E-1 8.20492E-1 8.33427E-1 8.33504E-1 8.23911E-1 8.30676E-1 8.16579E-1 8.09144E-1
-9999 -9999 -9999 9.5759E-1 9.47415E-1 9.46954E-1 9.44856E-1 9.46272E-1 9.43866E-1 9.44674E-1 9.52686E-1 9.4929E-1 9.36802E-1 9.24517E-1 8.99078E-1 8.8632E-1 8.7467E-1 8.65692E-1 8.43738E-1 8.27293E-1 7.91631E-1 7.34473E-1 6.92497E-1 7.09938E-1 7.43129E-1 7.47405E-1 6.58205E-1 6.79304E-1 7.44978E-1 6.80082E-1 6.90192E-1 6.54096E-1 6.10802E-1 5.98244E-1 6.01864E-1 5.73412E-1 5.7533E-1 5.70087E-1 5.48872E-1 5.35388E-1 5.56509E-1 5.37199E-1 5.38102E-1 5.80489E-1 5.5256E-1 5.55812E-1 6.23287E-1 6.23752E-1 6.40683E-1 6.76199E-1 7.24546E-1 7.42277E-1 8.19356E-1 8.39781E-1 8.00637E-1 8.21337E-1 8.55277E-1 8.2719E-1 8.00014E-1 8.09597E-1 8.0935E-1
-9999 -9999 -9999 9.65931E-1 9.51973E-1 9.49308E-1 9.4714E-1 9.4312E-1 9.4528E-1 9.47246E-1 9.5312E-1 9.48347E-1 9.4273E-1 9.34408E-1 9.20331E-1 8.99468E-1 8.88288E-1 8.79901E-1 8.51514E-1 8.27117E-1 8.09932E-1 7.82146E-1 7.4428E-1 7.65194E-1 7.37094E-1 7.13968E-1 6.45291E-1 5.81127E-1 6.06469E-1 6.19229E-1 6.39908E-1 6.47677E-1 5.84276E-1 5.62342E-1 5.5735E-1 5.2764E-1 5.57014E-1 5.48681E-1 5.1384E-1 5.06106E-1 5.20247E-1 5.48205E-1 5.25929E-1 5.48516E-1 5.41825E-1 5.47581E-1 6.17366E-1 5.93941E-1 6.15395E-1 6.51432E-1 6.56037E-1 7.29966E-1 7.61267E-1 7.585E-1 7.63087E-1 8.20137E-1 8.1046E-1 7.63895E-1 7.91527E-1 8.06979E-1 8.06046E-1
-9999 -9999 -9999 -9999 -9999 9.59007E-1 9.53983E-1 9.54757E-1 9.52323E-1 9.52758E-1 9.5405E-1 9.51125E-1 9.49276E-1 9.42827E-1 9.33879E-1 9.25986E-1 9.15115E-1 8.92967E-1 8.64164E-1 8.39833E-1 7.95267E-1 7.61101E-1 7.43705E-1 7.02469E-1 6.76673E-1 6.72365E-1 6.51771E-1 6.04805E-1 5.6555E-1 5.7728E-1 6.04898E-1 6.36578E-1 5.76907E-1 5.25095E-1 5.07009E-1 4.73728E-1 4.86597E-1 5.03578E-1 4.79393E-1 4.97645E-1 5.12933E-1 5.26042E-1 5.20927E-1 5.08198E-1 5.16828E-1 5.32182E-1 5.7668E-1 5.75548E-1 5.89805E-1 6.13746E-1 6.08009E-1 6.19084E-1 6.58123E-1 7.19072E-1 7.42001E-1 8.01385E-1 8.68913E-1 8.16044E-1 7.70881E-1 8.02812E-1 7.75006E-1
-9999 -9999 -9999 -9999 -9999 -9999 -9999 9.56625E-1 9.54537E-1 9.53424E-1 9.51603E-1 9.52399E-1 9.52417E-1 9.50407E-1 9.44252E-1 9.34448E-1 9.29591E-1 9.10452E-1 8.83497E-1 8.46305E-1 8.30594E-1 7.83222E-1 7.92648E-1 7.24043E-1 7.58807E-1 6.51945E-1 6.97954E-1 6.66539E-1 6.11039E-1 5.69101E-1 5.98767E-1 6.41805E-1 5.98311E-1 5.29362E-1 4.94177E-1 4.81614E-1 4.58672E-1 4.5885E-1 4.96943E-1 4.60736E-1 4.86414E-1 5.34401E-1 5.09663E-1 5.0683E-1 5.03132E-1 5.3447E-1 5.50306E-1 5.71256E-1 5.86756E-1 6.0255E-1 5.92017E-1 6.08873E-1 6.84968E-1 7.26558E-1 7.24498E-1 7.70322E-1 8.47899E-1 8.46807E-1 7.08514E-1 8.21763E-1 8.15192E-1
-9999 -9999 -9999 -9999 -9999 -9999 -9999 -9999 9.60585E-1 9.54838E-1 9.52547E-1 9.50722E-1 9.54322E-1 9.55438E-1 9.50932E-1 9.43737E-1 9.27857E-1 9.01566E-1 8.68415E-1 8.65989E-1 8.32867E-1 8.10661E-1 7.79007E-1 7.60841E-1 7.0474E-1 7.18639E-1 7.18793E-1 7.05043E-1 6.83159E-1 5.86006E-1 5.70053E-1 6.00085E-1 5.92921E-1 5.30171E-1 4.94416E-1 5.29339E-1 4.8134E-1 4.62109E-1 4.72152E-1 4.55508E-1 4.67931E-1 5.21291E-1 5.40228E-1 5.30921E-1 5.49841E-1 5.15221E-1 5.44804E-1 5.55206E-1 5.43942E-1 5.69869E-1 5.78812E-1 6.24313E-1 6.55797E-1 7.5706E-1 8.2236E-1 7.88136E-1 8.04724E-1 8.39822E-1 7.5576E-1 7.14513E-1 7.62768E-1
-9999 -9999 -9999 -9999 -9999 -9999 -9999 -9999 -9999 9.58948E-1 9.52768E-1 9.47185E-1 9.51738E-1 9.56042E-1 9.52629E-1 9.43829E-1 9.3649E-1 9.05891E-1 8.71812E-1 8.56612E-1 8.34426E-1 8.00611E-1 7.79181E-1 7.50833E-1 7.69748E-1 7.04067E-1 7.37956E-1 7.33647E-1 6.84744E-1 6.51345E-1 6.10262E-1 6.04951E-1 5.54583E-1 5.91123E-1 6.28885E-1 5.67473E-1 5.13454E-1 5.08943E-1 4.87404E-1 4.9093E-1 4.98464E-1 4.94878E-1 5.12612E-1 5.03958E-1 5.26487E-1 4.91751E-1 5.41784E-1 5.33866E-1 5.55784E-1 5.46978E-1 5.68502E-1 6.12122E-1 6.67291E-1 6.21851E-1 6.5233E-1 6.72982E-1 6.87525E-1 7.28413E-1 7.26078E-1 6.63072E-1 8.10578E-1
-9999 -9999 -9999 -9999 -9999 -9999 -9999 -9999 -9999 -9999 9.52216E-1 9.45398E-1 9.42742E-1 9.45567E-1 9.51088E-1 9.50328E-1 9.40719E-1 9.17889E-1 8.83375E-1 8.63396E-1 8.4101E-1 8.08864E-1 7.77177E-1 7.6847E-1 7.59902E-1 7.23754E-1 6.591E-1 6.99809E-1 7.1835E-1 7.53509E-1 7.14422E-1 6.55357E-1 7.19045E-1 6.39326E-1 6.7526E-1 6.21371E-1 6.03546E-1 5.74545E-1 5.85867E-1 5.76233E-1 5.60443E-1 5.32785E-1 5.03008E-1 5.0884E-1 5.57501E-1 5.31981E-1 5.19776E-1 5.4278E-1 5.51021E-1 5.6812E-1 5.73284E-1 5.49649E-1 5.67638E-1 5.76128E-1 6.38825E-1 6.73601E-1 7.2822E-1 7.55967E-1 7.87141E-1 7.07979E-1 8.06042E-1
-9999 -9999 -9999 -9999 -9999 -9999 -9999 -9999 -9999 -9999 -9999 9.35154E-1 9.38551E-1 9.34996E-1 9.47521E-1 9.48705E-1 9.40487E-1 9.17633E-1 8.94511E-1 8.69218E-1 8.50567E-1 7.94426E-1 7.80327E-1 7.71992E-1 7.21532E-1 7.18651E-1 6.8618E-1 7.25675E-1 7.61968E-1 7.18542E-1 7.59776E-1 7.77027E-1 7.57995E-1 7.10537E-1 7.21329E-1 6.96327E-1 6.96863E-1 6.5891E-1 6.68308E-1 6.81663E-1 6.433E-1 5.97691E-1 6.44703E-1 6.13895E-1 5.77242E-1 5.52308E-1 5.11523E-1 5.81605E-1 5.31098E-1 5.48675E-1 5.91472E-1 6.02581E-1 5.89819E-1 6.02632E-1 6.14215E-1 6.5776E-1 7.36551E-1 7.71527E-1 6.89346E-1 6.71494E-1 7.42022E-1
-9999 -9999 -9999 -9999 -9999 -9999 -9999 -9999 -9999 -9999 -9999 9.29324E-1 9.34548E-1 9.37872E-1 9.42455E-1 9.45245E-1 9.40531E-1 9.28436E-1 9.02084E-1 8.6827E-1 8.46418E-1 8.11311E-1 7.88349E-1 7.18847E-1 6.92982E-1 7.35492E-1 7.49772E-1 7.4739E-1 7.44107E-1 6.94905E-1 7.21469E-1 7.23422E-1 7.14955E-1 7.01189E-1 7.30978E-1 7.32655E-1 7.43015E-1 7.29631E-1 6.99248E-1 7.0953E-1 6.82314E-1 6.71859E-1 6.97863E-1 6.56837E-1 6.58397E-1 6.4286E-1 5.41071E-1 5.82331E-1 5.512E-1 5.29861E-1 5.47186E-1 5.53692E-1 5.68136E-1 5.9568E-1 6.11192E-1 6.28386E-1 6.69418E-1 7.20827E-1 6.46569E-1 7.45693E-1 8.11689E-1
-9999 -9999 -9999 -9999 -9999 -9999 -9999 -9999 -9999 -9999 -9999 -9999 -9999 9.37901E-1 9.35017E-1 9.3578E-1 9.33703E-1 9.23779E-1 9.06494E-1 8.83918E-1 8.71052E-1 8.35266E-1 8.02666E-1 7.88491E-1 7.70304E-1 7.5828E-1 7.70173E-1 7.27945E-1 7.23884E-1 7.07513E-1 7.06759E-1 7.32465E-1 7.49861E-1 7.63015E-1 7.55755E-1 7.59697E-1 7.35107E-1 7.43774E-1 7.14431E-1 7.96132E-1 7.79171E-1 7.43002E-1 7.51429E-1 7.07162E-1 7.4162E-1 7.32783E-1 6.46172E-1 5.9298E-1 6.66232E-1 6.16124E-1 5.42735E-1 5.3317E-1 5.47012E-1 5.6822E-1 5.93909E-1 6.28949E-1 6.83015E-1 7.12177E-1 6.4492E-1 6.65865E-1 6.79075E-1
-9999 -9999 -9999 -9999 -9999 -9999 -9999 -9999 -9999 -9999 -9999 -9999 -9999 9.38141E-1 9.33535E-1 9.27665E-1 9.26043E-1 9.19753E-1 9.11289E-1 9.03393E-1 8.84698E-1 8.57874E-1 8.36554E-1 8.17804E-1 7.87526E-1 7.78186E-1 8.15525E-1 7.63118E-1 7.47432E-1 7.56212E-1 7.72931E-1 7.23716E-1 6.59463E-1 7.20208E-1 7.64414E-1 7.63018E-1 7.77483E-1 8.09844E-1 7.53887E-1 7.83911E-1 8.10255E-1 7.84498E-1 7.52932E-1 7.2494E-1 7.87441E-1 7.58821E-1 7.60999E-1 6.71454E-1 6.83863E-1 7.27535E-1 6.15405E-1 5.4926E-1 6.13192E-1 6.2369E-1 5.88398E-1 6.19378E-1 7.06811E-1 7.46455E-1 6.16711E-1 6.37574E-1 6.9466E-1
-9999 -9999 -9999 -9999 -9999 9.59719E-1 -9999 -9999 -9999 -9999 9.61864E-1 9.54484E-1 9.51323E-1 9.45854E-1 9.37081E-1 9.23264E-1 9.16888E-1 9.14618E-1 9.13988E-1 9.03809E-1 8.92831E-1 8.81944E-1 8.70498E-1 8.46457E-1 8.239E-1 8.05116E-1 8.3564E-1 7.96609E-1 7.69972E-1 7.56329E-1 8.02904E-1 7.99594E-1 7.66279E-1 7.40046E-1 7.30772E-1 7.3235E-1 7.68915E-1 7.76804E-1 7.49979E-1 7.54239E-1 7.88006E-1 7.82112E-1 7.37115E-1 6.89572E-1 7.38726E-1 7.80032E-1 7.16448E-1 7.3608E-1 6.46513E-1 6.9753E-1 6.71491E-1 5.7098E-1 6.54973E-1 6.47781E-1 5.67119E-1 6.1025E-1 6.96669E-1 6.68361E-1 5.62644E-1 6.62709E-1 7.62559E-1
-9999 -9999 -9999 -9999 -9999 -9999 9.72123E-1 9.64592E-1 9.6896E-1 9.67389E-1 9.64328E-1 9.57161E-1 9.54536E-1 9.46154E-1 9.20058E-1 8.96674E-1 8.87374E-1 9.20904E-1 9.19621E-1 9.07813E-1 8.95987E-1 8.71041E-1 8.64594E-1 8.62311E-1 8.47032E-1 8.44051E-1 8.33611E-1 8.23075E-1 7.95928E-1 7.75763E-1 8.12815E-1 7.97233E-1 7.47341E-1 7.43453E-1 7.43277E-1 7.6688E-1 7.5783E-1 7.54015E-1 7.25848E-1 7.72856E-1 7.70473E-1 7.74349E-1 7.34118E-1 7.75569E-1 8.09759E-1 7.4548E-1 7.01772E-1 7.06753E-1 6.52451E-1 7.4127E-1 6.3706E-1 6.4792E-1 5.40356E-1 5.73348E-1 5.60531E-1 5.80068E-1 5.63166E-1 5.33759E-1 5.37277E-1 6.16461E-1 6.29624E-1
-9999 -9999 -9999 -9999 -9999 -9999 -9999 -9999 -9999 -9999 9.63856E-1 9.54602E-1 9.51328E-1 9.33906E-1 8.99695E-1 8.76692E-1 8.8714E-1 8.94679E-1 8.99292E-1 8.98742E-1 8.83185E-1 8.57751E-1 8.51724E-1 8.37044E-1 8.35202E-1 8.39945E-1 8.45311E-1 8.31015E-1 8.19952E-1 8.13891E-1 8.38761E-1 8.14621E-1 7.63013E-1 7.67853E-1 7.81277E-1 7.79154E-1 7.65316E-1 7.62019E-1 7.48787E-1 7.22706E-1 7.27318E-1 7.26035E-1 7.64165E-1 7.59608E-1 7.42996E-1 6.99906E-1 8.13974E-1 7.42445E-1 7.42373E-1 7.05899E-1 7.42215E-1 6.92805E-1 6.23348E-1 7.23449E-1 6.53845E-1 6.60403E-1 6.60887E-1 5.79774E-1 5.44018E-1 5.83795E-1 5.9277E-1
-9999 -9999 -9999 -9999 -9999 -9999 -9999 -9999 -9999 -9999 -9999 9.54561E-1 9.51324E-1 9.33181E-1 9.33328E-1 8.82805E-1 9.09872E-1 9.04088E-1 8.73674E-1 8.76116E-1 8.69294E-1 8.57756E-1 8.28279E-1 8.17246E-1 8.16415E-1 8.26864E-1 8.41663E-1 8.56172E-1 8.4026E-1 8.42813E-1 8.31386E-1 8.18647E-1 8.05461E-1 8.25451E-1 7.97857E-1 7.71165E-1 7.5835E-1 7.53749E-1 7.18669E-1 7.71049E-1 7.60032E-1 7.50033E-1 6.9498E-1 6.91254E-1 7.58557E-1 7.62913E-1 7.73091E-1 8.11106E-1 8.1026E-1 7.33981E-1 7.16048E-1 6.77437E-1 6.43818E-1 7.24281E-1 6.83931E-1 6.50243E-1 6.86362E-1 6.19438E-1 5.80607E-1 6.71853E-1 6.72662E-1
-9999 -9999 -9999 -9999 -9999 -9999 -9999 -9999 -9999 -9999 -9999 -9999 9.49381E-1 9.381E-1 9.23239E-1 8.99751E-1 8.98817E-1 8.7193E-1 8.32836E-1 8.22873E-1 8.01476E-1 8.04609E-1 8.25787E-1 7.99896E-1 7.66524E-1 7.69526E-1 7.81887E-1 8.13395E-1 8.23794E-1 8.34347E-1 8.34898E-1 8.39012E-1 8.37226E-1 8.18399E-1 7.98115E-1 8.01005E-1 8.12743E-1 7.82594E-1 7.45552E-1 7.58776E-1 7.60843E-1 7.45582E-1 7.18614E-1 7.2024E-1 7.13423E-1 7.64887E-1 7.80999E-1 7.4495E-1 7.72287E-1 7.73262E-1 6.80224E-1 6.91799E-1 6.90883E-1 6.52994E-1 6.61975E-1 6.64753E-1 6.58663E-1 5.55851E-1 6.04599E-1 5.81243E-1 6.67865E-1
-9999 -9999 -9999 -9999 -9999 -9999 -9999 -9999 -9999 -9999 -9999 -9999 9.50703E-1 9.34753E-1 8.98494E-1 8.84085E-1 8.54455E-1 8.51452E-1 8.47719E-1 8.55957E-1 8.22821E-1 7.50389E-1 8.11031E-1 7.76964E-1 7.75101E-1 7.35946E-1 7.28935E-1 7.61678E-1 7.95087E-1 8.42253E-1 8.33984E-1 8.48023E-1 8.24014E-1 8.18018E-1 8.19253E-1 8.1265E-1 8.05437E-1 8.1534E-1 7.88896E-1 7.52949E-1 7.71208E-1 7.38975E-1 7.47347E-1 7.85809E-1 7.09953E-1 7.4869E-1 7.60127E-1 7.49289E-1 7.88641E-1 7.42155E-1 7.00478E-1 7.42924E-1 7.52442E-1 6.7321E-1 6.46053E-1 6.27721E-1 6.09744E-1 5.92477E-1 6.04918E-1 6.60138E-1 7.03983E-1
-9999 -9999 -9999 -9999 -9999 -9999 -9999 -9999 -9999 -9999 -9999 -9999 -9999 -9999 -9999 8.8873E-1 8.77109E-1 8.64106E-1 8.27617E-1 8.25204E-1 8.19651E-1 8.18616E-1 7.6458E-1 7.56615E-1 7.83772E-1 7.66177E-1 7.00241E-1 7.16802E-1 7.48919E-1 7.65484E-1 8.43358E-1 8.40509E-1 8.30119E-1 8.10798E-1 8.06812E-1 8.17123E-1 8.0948E-1 8.05312E-1 7.79806E-1 7.69802E-1 7.28796E-1 7.721E-1 7.63275E-1 7.62194E-1 7.53934E-1 7.21976E-1 7.42413E-1 7.28252E-1 7.14728E-1 7.30849E-1 7.37951E-1 7.01597E-1 7.48967E-1 6.94595E-1 6.81936E-1 6.65855E-1 6.28772E-1 6.70022E-1 7.14682E-1 7.24596E-1 7.01099E-1
-9999 -9999 -9999 -9999 -9999 -9999 -9999 -9999 -9999 -9999 -9999 -9999 -9999 -9999 -9999 -9999 -9999 8.68661E-1 8.73544E-1 8.46254E-1 8.24366E-1 7.90552E-1 7.91826E-1 7.40005E-1 7.81274E-1 7.88179E-1 7.39259E-1 7.74729E-1 7.59433E-1 7.29487E-1 7.27041E-1 -9999 8.09258E-1 8.0827E-1 8.19962E-1 8.30094E-1 8.05315E-1 8.10993E-1 7.95776E-1 7.87408E-1 7.74316E-1 7.1356E-1 7.75914E-1 7.47614E-1 7.70511E-1 7.56606E-1 7.42049E-1 7.55726E-1 7.65361E-1 7.48963E-1 7.20068E-1 7.06534E-1 7.32504E-1 7.35325E-1 7.13156E-1 6.51978E-1 6.60726E-1 6.92495E-1 6.80126E-1 6.99179E-1 6.78398E-1
-9999 -9999 -9999 -9999 -9999 -9999 -9999 -9999 -9999 -9999 -9999 -9999 -9999 -9999 -9999 -9999 -9999 -9999 8.95769E-1 8.95075E-1 9.04052E-1 8.58215E-1 8.16322E-1 7.91569E-1 7.85886E-1 7.97295E-1 7.26633E-1 8.01527E-1 7.16092E-1 7.33932E-1 7.14698E-1 7.2832E-1 7.69983E-1 7.98433E-1 8.00019E-1 8.18096E-1 7.86459E-1 7.84158E-1 7.93835E-1 7.75704E-1 7.57257E-1 7.77722E-1 7.54231E-1 7.75335E-1 7.58812E-1 7.50245E-1 7.60642E-1 7.64626E-1 7.69825E-1 7.65212E-1 7.43539E-1 7.2995E-1 7.30904E-1 7.34916E-1 7.15447E-1 6.71323E-1 6.56052E-1 6.36738E-1 7.23241E-1 7.54801E-1 6.89628E-1
