maxent_outputs/white_flowers_troch_bombus_environ/white_215.asc
ncols         426
nrows         180
xllcorner     -130.0
yllcorner     24.0
cellsize      0.16666666666666666
NODATA_value  -9999
[rows 0 to 26 of 180, columns 183 to 243 of 426]
3.53088E-1 3.43908E-1 3.35691E-1 3.30955E-1 3.22516E-1 3.17969E-1 3.20653E-1 3.48941E-1 3.48818E-1 3.43721E-1 3.24094E-1 3.16187E-1 3.07544E-1 3.08289E-1 3.12595E-1 3.19332E-1 3.14686E-1 3.14269E-1 3.15487E-1 3.23464E-1 3.45147E-1 3.33061E-1 3.21314E-1 3.18118E-1 3.16364E-1 3.18611E-1 3.13286E-1 3.28035E-1 3.37539E-1 3.31251E-1 3.19938E-1 3.17646E-1 3.17378E-1 3.19132E-1 3.13561E-1 3.11743E-1 3.10729E-1 3.11887E-1 3.18523E-1 3.16558E-1 3.15273E-1 3.20015E-1 3.19421E-1 3.17245E-1 3.19985E-1 3.2298E-1 3.24208E-1 3.26178E-1 3.32919E-1 3.31942E-1 3.28757E-1 3.32869E-1 3.36287E-1 3.29846E-1 3.33764E-1 3.28459E-1 3.31401E-1 3.26567E-1 3.28E-1 3.31761E-1 3.31886E-1
3.42006E-1 3.3792E-1 3.41503E-1 3.80894E-1 4.01911E-1 4.04489E-1 4.01779E-1 3.97427E-1 3.81401E-1 3.64381E-1 3.32219E-1 3.2689E-1 3.23213E-1 3.19276E-1 3.21466E-1 3.15117E-1 3.14569E-1 3.14269E-1 3.14221E-1 3.22474E-1 3.22239E-1 3.24048E-1 3.38306E-1 3.33368E-1 3.26604E-1 3.12077E-1 3.18208E-1 3.29616E-1 3.34242E-1 3.37947E-1 3.44211E-1 3.40406E-1 3.31414E-1 3.26801E-1 3.24534E-1 3.18545E-1 3.20023E-1 3.23377E-1 3.24347E-1 3.20931E-1 3.21734E-1 3.14032E-1 3.18588E-1 3.28138E-1 3.33165E-1 3.31367E-1 3.28307E-1 3.24483E-1 3.27097E-1 3.3468E-1 3.30991E-1 3.33594E-1 3.31875E-1 3.2707E-1 3.32643E-1 3.38897E-1 3.69478E-1 3.75435E-1 3.58719E-1 3.3865E-1 3.37649E-1
3.32304E-1 3.33077E-1 3.59794E-1 4.05286E-1 4.08666E-1 4.05308E-1 4.07999E-1 4.08961E-1 4.08776E-1 4.03083E-1 3.6189E-1 3.33789E-1 3.29247E-1 3.18561E-1 3.18257E-1 3.17049E-1 3.16091E-1 3.20558E-1 3.27205E-1 3.37938E-1 3.29323E-1 3.21782E-1 3.25918E-1 3.2538E-1 3.29388E-1 3.1881E-1 3.21948E-1 3.19678E-1 3.15819E-1 3.12136E-1 3.12545E-1 3.11109E-1 3.15298E-1 3.15848E-1 3.24728E-1 3.24368E-1 3.25463E-1 3.26683E-1 3.25857E-1 3.21462E-1 3.22173E-1 3.21226E-1 3.17564E-1 3.16487E-1 3.18511E-1 3.19301E-1 3.22246E-1 3.22112E-1 3.26971E-1 3.27787E-1 3.34104E-1 3.29309E-1 3.26816E-1 3.25812E-1 3.2747E-1 3.29147E-1 3.29498E-1 3.32633E-1 3.3245E-1 3.35762E-1 3.36681E-1
3.35617E-1 3.45369E-1 3.84183E-1 4.12244E-1 4.12558E-1 4.08913E-1 4.09408E-1 4.10115E-1 4.11938E-1 4.11519E-1 3.97774E-1 3.47286E-1 3.38828E-1 3.23764E-1 3.25894E-1 3.22004E-1 3.22456E-1 3.25934E-1 3.29281E-1 3.26484E-1 3.3837E-1 3.26315E-1 3.2055E-1 3.20514E-1 3.231E-1 3.321E-1 3.29468E-1 3.15711E-1 3.11143E-1 3.09997E-1 3.12947E-1 3.17892E-1 3.16562E-1 3.15803E-1 3.18307E-1 3.22298E-1 3.24194E-1 3.22908E-1 3.22018E-1 3.22617E-1 3.23924E-1 3.18373E-1 3.19945E-1 3.18793E-1 3.17913E-1 3.18018E-1 3.30868E-1 3.3086E-1 3.27293E-1 3.29936E-1 3.29175E-1 3.36121E-1 3.29883E-1 3.27327E-1 3.29055E-1 3.28321E-1 3.30926E-1 3.31181E-1 3.36991E-1 3.33882E-1 3.34879E-1
3.55071E-1 3.59231E-1 3.94495E-1 4.1049E-1 4.14493E-1 4.10479E-1 4.08086E-1 4.07561E-1 4.10471E-1 4.14758E-1 4.0946E-1 3.79436E-1 3.51525E-1 3.31092E-1 3.22045E-1 3.24305E-1 3.21067E-1 3.18622E-1 3.24667E-1 3.22322E-1 3.22759E-1 3.28691E-1 3.30561E-1 3.26455E-1 3.23075E-1 3.25493E-1 3.24754E-1 3.25117E-1 3.21731E-1 3.17547E-1 3.18866E-1 3.20102E-1 3.15172E-1 3.1723E-1 3.2367E-1 3.32292E-1 3.2322E-1 3.19073E-1 3.1677E-1 3.20997E-1 3.19624E-1 3.20719E-1 3.23249E-1 3.21418E-1 3.228E-1 3.25627E-1 3.2318E-1 3.23219E-1 3.27052E-1 3.24485E-1 3.26326E-1 3.30169E-1 3.27729E-1 3.29206E-1 3.27783E-1 3.30277E-1 3.29101E-1 3.31381E-1 3.34355E-1 3.35027E-1 3.33045E-1
3.51639E-1 3.49427E-1 3.64733E-1 3.85245E-1 3.89809E-1 3.90893E-1 4.03273E-1 4.08168E-1 4.11233E-1 4.16266E-1 4.14152E-1 4.01046E-1 3.71426E-1 3.38186E-1 3.33063E-1 3.25478E-1 3.25738E-1 3.2244E-1 3.22325E-1 3.25014E-1 3.32219E-1 3.28861E-1 3.26965E-1 3.32288E-1 3.34651E-1 3.40069E-1 3.43518E-1 3.44292E-1 3.34526E-1 3.32707E-1 3.28344E-1 3.24187E-1 3.24796E-1 3.22787E-1 3.22335E-1 3.37975E-1 3.45399E-1 3.36425E-1 3.43536E-1 3.41621E-1 3.45706E-1 3.4076E-1 3.27907E-1 3.24747E-1 3.26008E-1 3.31135E-1 3.22998E-1 3.24782E-1 3.2768E-1 3.35065E-1 3.33094E-1 3.31879E-1 3.30244E-1 3.29667E-1 3.27797E-1 3.2596E-1 3.30244E-1 3.38565E-1 3.3924E-1 3.36808E-1 3.38365E-1
3.5202E-1 3.48178E-1 3.46928E-1 3.55326E-1 3.87971E-1 4.03058E-1 4.11793E-1 4.09485E-1 4.09282E-1 4.18981E-1 4.17775E-1 4.0856E-1 3.77677E-1 3.50295E-1 3.4349E-1 3.33071E-1 3.27579E-1 3.28368E-1 3.29574E-1 3.31109E-1 3.34876E-1 3.37254E-1 3.3072E-1 3.34966E-1 3.39541E-1 3.45691E-1 3.43236E-1 3.44532E-1 3.38716E-1 3.34489E-1 3.3424E-1 3.3121E-1 3.36049E-1 3.43488E-1 3.35912E-1 3.42463E-1 3.43807E-1 3.37099E-1 3.37313E-1 3.35189E-1 3.35792E-1 3.33338E-1 3.28931E-1 3.28394E-1 3.32788E-1 3.38512E-1 3.37298E-1 3.31586E-1 3.42159E-1 3.37602E-1 3.35685E-1 3.38548E-1 3.37534E-1 3.29996E-1 3.31175E-1 3.30138E-1 3.32484E-1 3.39886E-1 3.403E-1 3.41128E-1 3.41686E-1
3.55148E-1 3.47917E-1 3.49023E-1 3.58823E-1 3.92935E-1 4.11441E-1 4.08725E-1 4.10408E-1 4.08276E-1 4.10968E-1 4.11676E-1 4.12071E-1 4.00925E-1 3.55297E-1 3.43573E-1 3.38447E-1 3.40711E-1 3.50865E-1 3.43695E-1 3.40234E-1 3.38576E-1 3.3791E-1 3.38728E-1 3.38381E-1 3.36587E-1 3.52495E-1 3.44448E-1 3.46177E-1 3.4518E-1 3.45411E-1 3.43208E-1 3.38006E-1 3.40151E-1 3.4468E-1 3.40889E-1 3.43114E-1 3.39912E-1 3.36313E-1 3.33138E-1 3.32671E-1 3.29713E-1 3.34815E-1 3.34064E-1 3.30377E-1 3.3282E-1 3.33596E-1 3.31585E-1 3.31492E-1 3.36508E-1 3.34769E-1 3.31375E-1 3.42201E-1 3.43859E-1 3.42526E-1 3.32367E-1 3.29954E-1 3.33323E-1 3.35915E-1 3.38174E-1 3.37007E-1 3.38307E-1
3.54564E-1 3.44155E-1 3.45676E-1 3.53388E-1 3.55039E-1 3.80152E-1 4.04138E-1 4.08622E-1 4.0801E-1 4.06512E-1 4.09609E-1 4.06288E-1 4.00104E-1 3.91661E-1 3.49751E-1 3.38947E-1 3.44268E-1 3.39013E-1 3.44196E-1 3.49514E-1 3.48958E-1 3.44186E-1 3.43483E-1 3.43578E-1 3.47141E-1 3.43293E-1 3.45719E-1 3.51832E-1 3.44432E-1 3.48119E-1 3.51742E-1 3.48187E-1 3.55648E-1 3.46635E-1 3.43984E-1 3.43392E-1 3.41813E-1 3.4373E-1 3.44935E-1 3.46988E-1 3.40647E-1 3.37815E-1 3.38891E-1 3.3872E-1 3.35292E-1 3.33238E-1 3.33091E-1 3.47753E-1 3.447E-1 3.38969E-1 3.36757E-1 3.33779E-1 3.29433E-1 3.29358E-1 3.34394E-1 3.32494E-1 3.33886E-1 3.33133E-1 3.3926E-1 3.41995E-1 3.40441E-1
3.58263E-1 3.43863E-1 3.44556E-1 3.44774E-1 3.45921E-1 3.50617E-1 3.8625E-1 4.06514E-1 3.94535E-1 3.94615E-1 4.11853E-1 4.01783E-1 3.95878E-1 3.88853E-1 3.7385E-1 3.41825E-1 3.45563E-1 3.41011E-1 3.4257E-1 3.39128E-1 3.39418E-1 3.43358E-1 3.43558E-1 3.45204E-1 3.49852E-1 3.47339E-1 3.44478E-1 3.47935E-1 3.43649E-1 3.43013E-1 3.46642E-1 3.47661E-1 3.4773E-1 3.44252E-1 3.48544E-1 3.50994E-1 3.4937E-1 3.45876E-1 3.44503E-1 3.44777E-1 3.41881E-1 3.41313E-1 3.42703E-1 3.4362E-1 3.39791E-1 3.37008E-1 3.36205E-1 3.41311E-1 3.40004E-1 3.37771E-1 3.32018E-1 3.30153E-1 3.29343E-1 3.2937E-1 3.28721E-1 3.297E-1 3.34079E-1 3.36303E-1 3.37975E-1 3.40991E-1 3.4395E-1
3.50362E-1 3.40386E-1 3.36242E-1 3.42336E-1 3.43997E-1 3.46578E-1 3.50851E-1 3.6719E-1 4.00582E-1 4.01347E-1 4.05993E-1 4.03619E-1 3.95618E-1 3.83804E-1 3.8216E-1 3.47002E-1 3.46567E-1 3.42576E-1 3.43649E-1 3.41273E-1 3.41929E-1 3.46677E-1 3.44872E-1 3.44799E-1 3.51659E-1 3.48334E-1 3.46594E-1 3.53221E-1 3.42492E-1 3.47028E-1 3.50443E-1 3.51308E-1 3.48666E-1 3.50471E-1 3.61268E-1 3.51926E-1 3.46745E-1 3.38796E-1 3.42152E-1 3.43746E-1 3.55155E-1 3.50197E-1 3.42281E-1 3.39142E-1 3.35655E-1 3.36856E-1 3.38507E-1 3.39792E-1 3.37016E-1 3.35759E-1 3.34092E-1 3.29984E-1 3.33501E-1 3.31507E-1 3.31449E-1 3.32342E-1 3.31874E-1 3.31314E-1 3.3337E-1 3.37312E-1 3.39885E-1
3.43028E-1 3.409E-1 3.41628E-1 3.46125E-1 3.43992E-1 3.45215E-1 3.48332E-1 3.56549E-1 3.74796E-1 4.00777E-1 3.8352E-1 3.77395E-1 3.9214E-1 3.95499E-1 3.9084E-1 3.61962E-1 3.48028E-1 3.44068E-1 3.43602E-1 3.4366E-1 3.44719E-1 3.49086E-1 3.48108E-1 3.55829E-1 3.66495E-1 3.63426E-1 3.58326E-1 3.54282E-1 3.56409E-1 3.57835E-1 3.58666E-1 3.59711E-1 3.62157E-1 3.56227E-1 3.56031E-1 3.48504E-1 3.43885E-1 3.49557E-1 3.44146E-1 3.46389E-1 3.47084E-1 3.44067E-1 3.41712E-1 3.45336E-1 3.46123E-1 3.42909E-1 3.38914E-1 3.39141E-1 3.38981E-1 3.37344E-1 3.40469E-1 3.39627E-1 3.3476E-1 3.32378E-1 3.34295E-1 3.37322E-1 3.39673E-1 3.37043E-1 3.38825E-1 3.41325E-1 3.42244E-1
3.35169E-1 3.38939E-1 3.38641E-1 3.39159E-1 3.38662E-1 3.45729E-1 3.48661E-1 3.49937E-1 3.55968E-1 3.7353E-1 3.65209E-1 3.69884E-1 3.62284E-1 3.87747E-1 3.93333E-1 3.86383E-1 3.55714E-1 3.47146E-1 3.41238E-1 3.40591E-1 3.45183E-1 3.51189E-1 3.53004E-1 3.56058E-1 3.65926E-1 3.51426E-1 3.56065E-1 3.46711E-1 3.52126E-1 3.53319E-1 3.55396E-1 3.58421E-1 3.62716E-1 3.59745E-1 3.57374E-1 3.51094E-1 3.49992E-1 3.51319E-1 3.49413E-1 3.50415E-1 3.49082E-1 3.47231E-1 3.45701E-1 3.49708E-1 3.4716E-1 3.49785E-1 3.44789E-1 3.43326E-1 3.49068E-1 3.45056E-1 3.45694E-1 3.40509E-1 3.34703E-1 3.35131E-1 3.41238E-1 3.4214E-1 3.42258E-1 3.40663E-1 3.39712E-1 3.4201E-1 3.46706E-1
3.47012E-1 3.39085E-1 3.37894E-1 3.37526E-1 3.35288E-1 3.39361E-1 3.50825E-1 3.51303E-1 3.43295E-1 3.44027E-1 3.55249E-1 3.622E-1 3.79915E-1 3.80355E-1 3.8302E-1 3.80711E-1 3.70518E-1 3.49327E-1 3.39291E-1 3.41149E-1 3.45021E-1 3.45541E-1 3.49761E-1 3.549E-1 3.50128E-1 3.52145E-1 3.46093E-1 3.55145E-1 3.56968E-1 3.62956E-1 3.60113E-1 3.6028E-1 3.64766E-1 3.64291E-1 3.65316E-1 3.6234E-1 3.6172E-1 3.57674E-1 3.58406E-1 3.59146E-1 3.5964E-1 3.51988E-1 3.52508E-1 3.53042E-1 3.54369E-1 3.56805E-1 3.52011E-1 3.48848E-1 3.48193E-1 3.50102E-1 3.48893E-1 3.43699E-1 3.45374E-1 3.39866E-1 3.41507E-1 3.43276E-1 3.40115E-1 3.43716E-1 3.4583E-1 3.47231E-1 3.52725E-1
3.41312E-1 3.40229E-1 3.41551E-1 3.41897E-1 3.39494E-1 3.3757E-1 3.38445E-1 3.27389E-1 3.37148E-1 3.45875E-1 3.55935E-1 3.59844E-1 3.68276E-1 3.82617E-1 3.69796E-1 3.50388E-1 3.71876E-1 3.60036E-1 3.39367E-1 3.39114E-1 3.42345E-1 3.44894E-1 3.48393E-1 3.55105E-1 3.47281E-1 3.52034E-1 3.48429E-1 3.50702E-1 3.55881E-1 3.58166E-1 3.59255E-1 3.59375E-1 3.60096E-1 3.64874E-1 3.63517E-1 3.65877E-1 3.65271E-1 3.64923E-1 3.63815E-1 3.64055E-1 3.60537E-1 3.59097E-1 3.56331E-1 3.57859E-1 3.57636E-1 3.64644E-1 3.5389E-1 3.52172E-1 3.51809E-1 3.47073E-1 3.48907E-1 3.4499E-1 3.45569E-1 3.45038E-1 3.43471E-1 3.4209E-1 3.40544E-1 3.42571E-1 3.44771E-1 3.46299E-1 3.48068E-1
3.2252E-1 3.32882E-1 3.43633E-1 3.38654E-1 3.24782E-1 3.07922E-1 3.2151E-1 3.26551E-1 3.37421E-1 3.47483E-1 3.48891E-1 3.45932E-1 3.538E-1 3.63933E-1 3.5011E-1 3.61758E-1 3.8362E-1 3.84748E-1 3.50049E-1 3.40565E-1 3.37066E-1 3.36284E-1 3.37291E-1 3.44473E-1 3.49382E-1 3.49105E-1 3.53544E-1 3.6167E-1 3.59972E-1 3.55955E-1 3.57242E-1 3.53809E-1 3.5875E-1 3.5243E-1 3.56835E-1 3.64777E-1 3.68352E-1 3.69363E-1 3.66005E-1 3.65067E-1 3.62327E-1 3.68989E-1 3.76548E-1 3.7421E-1 3.62099E-1 3.68909E-1 3.58078E-1 3.52836E-1 3.54391E-1 3.54008E-1 3.52356E-1 3.51368E-1 3.48535E-1 3.47383E-1 3.46913E-1 3.45107E-1 3.43601E-1 3.45267E-1 3.46053E-1 3.47532E-1 3.49476E-1
3.21585E-1 3.29042E-1 3.35473E-1 3.41457E-1 3.3646E-1 3.20587E-1 3.03264E-1 3.2111E-1 3.33958E-1 3.33945E-1 3.34627E-1 3.39518E-1 3.47323E-1 3.46996E-1 3.42027E-1 3.61598E-1 3.61532E-1 3.75379E-1 3.64176E-1 3.43318E-1 3.347E-1 3.336E-1 3.35632E-1 3.41918E-1 3.49611E-1 3.4849E-1 3.50971E-1 3.57164E-1 3.61088E-1 3.55336E-1 3.59318E-1 3.58586E-1 3.60419E-1 3.59531E-1 3.60522E-1 3.65739E-1 3.98163E-1 4.01302E-1 3.76493E-1 3.69301E-1 3.72073E-1 3.68744E-1 3.68257E-1 3.69732E-1 3.69546E-1 3.71464E-1 3.68362E-1 3.66159E-1 3.60625E-1 3.56502E-1 3.53802E-1 3.5362E-1 3.55043E-1 3.53891E-1 3.51241E-1 3.51989E-1 3.47343E-1 3.46103E-1 3.47026E-1 3.50739E-1 3.57253E-1
3.25748E-1 3.26354E-1 3.36698E-1 3.40753E-1 3.35872E-1 3.27134E-1 3.13146E-1 3.17778E-1 3.31564E-1 3.35278E-1 3.23983E-1 3.19315E-1 3.23962E-1 3.30411E-1 3.28704E-1 3.46572E-1 3.56964E-1 3.77538E-1 3.57206E-1 3.33522E-1 3.32718E-1 3.38503E-1 3.36736E-1 3.38419E-1 3.41885E-1 3.47801E-1 3.55458E-1 3.53517E-1 3.54506E-1 3.545E-1 3.58307E-1 3.6147E-1 3.68737E-1 3.74468E-1 3.70652E-1 3.6707E-1 3.83963E-1 3.88121E-1 3.76138E-1 3.69428E-1 3.79542E-1 3.74353E-1 3.7004E-1 3.69996E-1 3.74253E-1 3.69279E-1 3.66855E-1 3.73886E-1 3.7335E-1 3.62953E-1 3.56534E-1 3.58269E-1 3.68068E-1 3.68829E-1 3.61791E-1 3.61247E-1 3.50739E-1 3.49547E-1 3.51945E-1 3.56828E-1 3.61195E-1
3.29453E-1 3.44485E-1 3.44032E-1 3.40458E-1 3.38639E-1 3.36168E-1 3.26842E-1 3.13897E-1 3.16614E-1 3.24544E-1 3.23919E-1 3.20793E-1 3.17615E-1 3.24423E-1 3.26032E-1 3.67179E-1 3.75339E-1 3.79267E-1 3.60462E-1 3.33501E-1 3.35081E-1 3.35183E-1 3.38712E-1 3.40565E-1 3.398E-1 3.45295E-1 3.50364E-1 3.54036E-1 3.53316E-1 3.57922E-1 3.52129E-1 3.58858E-1 3.7066E-1 3.70748E-1 3.76231E-1 3.78213E-1 3.77933E-1 3.72373E-1 3.69433E-1 3.67113E-1 3.6424E-1 3.69922E-1 3.69331E-1 3.71711E-1 3.69804E-1 3.70849E-1 3.70284E-1 3.68542E-1 3.62794E-1 3.60717E-1 3.63189E-1 3.67254E-1 3.59842E-1 3.54305E-1 3.57602E-1 3.63842E-1 3.5687E-1 3.55173E-1 3.57969E-1 3.59427E-1 3.67395E-1
3.31883E-1 3.32976E-1 3.42438E-1 3.35419E-1 3.39814E-1 3.53643E-1 3.52491E-1 3.31962E-1 3.15219E-1 3.17649E-1 3.27876E-1 3.22183E-1 3.23524E-1 3.19849E-1 3.26512E-1 3.63777E-1 3.71847E-1 3.6712E-1 3.58642E-1 3.37518E-1 3.32274E-1 3.29487E-1 3.32801E-1 3.3907E-1 3.42705E-1 3.46852E-1 3.47495E-1 3.53238E-1 3.51236E-1 3.5594E-1 3.6211E-1 3.67738E-1 3.68539E-1 3.62665E-1 3.64448E-1 3.78625E-1 3.87395E-1 3.77083E-1 3.76015E-1 3.76333E-1 3.72034E-1 3.7193E-1 3.70019E-1 3.74266E-1 3.7595E-1 3.74534E-1 3.70309E-1 3.72145E-1 3.69066E-1 3.72101E-1 3.66346E-1 3.65907E-1 3.62194E-1 3.6176E-1 3.60591E-1 3.61369E-1 3.58245E-1 3.58242E-1 3.62499E-1 3.6615E-1 3.67528E-1
3.43701E-1 3.36974E-1 3.38902E-1 3.34569E-1 3.31834E-1 3.55088E-1 3.62419E-1 3.61163E-1 3.34153E-1 3.16329E-1 3.22636E-1 3.18513E-1 3.22761E-1 3.12643E-1 3.20262E-1 3.53996E-1 3.62986E-1 3.4869E-1 3.39821E-1 3.33599E-1 3.34981E-1 3.27117E-1 3.27408E-1 3.34156E-1 3.37334E-1 3.42959E-1 3.49603E-1 3.51694E-1 3.50399E-1 3.58542E-1 3.64815E-1 3.58069E-1 3.63036E-1 3.68054E-1 3.73099E-1 3.83753E-1 3.88857E-1 3.86174E-1 3.96278E-1 3.87E-1 3.82048E-1 3.75948E-1 3.78008E-1 3.73627E-1 3.79867E-1 3.87054E-1 3.79034E-1 3.74005E-1 3.6977E-1 3.72001E-1 3.76736E-1 3.68943E-1 3.65671E-1 3.64973E-1 3.70952E-1 3.62271E-1 3.62075E-1 3.64686E-1 3.69257E-1 3.70453E-1 3.74961E-1
3.42745E-1 3.41008E-1 3.39198E-1 3.39936E-1 3.42012E-1 3.53202E-1 3.66528E-1 3.64025E-1 3.57062E-1 3.26684E-1 3.21268E-1 3.23542E-1 3.18839E-1 3.14948E-1 3.13266E-1 3.33219E-1 3.44191E-1 3.39505E-1 3.3192E-1 3.32744E-1 3.34379E-1 3.3692E-1 3.35328E-1 3.36352E-1 3.40437E-1 3.45802E-1 3.48086E-1 3.51477E-1 3.57255E-1 3.60818E-1 3.65894E-1 3.6374E-1 3.69607E-1 3.7661E-1 3.83313E-1 3.81543E-1 3.89387E-1 3.95296E-1 3.97242E-1 4.05719E-1 4.04757E-1 3.96688E-1 3.8928E-1 3.89141E-1 3.98672E-1 4.02897E-1 3.80163E-1 3.80953E-1 3.77766E-1 3.7049E-1 3.66301E-1 3.6713E-1 3.66783E-1 3.69359E-1 3.77265E-1 3.65463E-1 3.67345E-1 3.72635E-1 3.75158E-1 3.76861E-1 3.783E-1
3.34213E-1 3.41038E-1 3.4087E-1 3.38835E-1 3.39261E-1 3.43566E-1 3.54469E-1 3.52442E-1 3.36397E-1 3.1853E-1 3.16357E-1 3.14352E-1 3.10562E-1 3.09114E-1 3.053E-1 3.09942E-1 3.1742E-1 3.31016E-1 3.243E-1 3.35257E-1 3.37535E-1 3.37524E-1 3.41172E-1 3.38077E-1 3.43529E-1 3.49202E-1 3.50905E-1 3.57363E-1 3.5715E-1 3.57806E-1 3.64892E-1 3.67191E-1 3.71268E-1 3.75049E-1 3.73017E-1 3.74387E-1 3.84749E-1 3.91796E-1 3.95901E-1 3.95555E-1 3.96793E-1 4.03362E-1 4.1036E-1 4.08754E-1 4.07306E-1 3.97191E-1 3.92474E-1 3.81157E-1 3.81901E-1 3.72695E-1 3.67273E-1 3.64442E-1 3.68243E-1 3.68987E-1 3.75957E-1 3.77499E-1 3.74225E-1 3.75623E-1 3.78057E-1 3.81069E-1 3.87831E-1
3.23112E-1 3.36839E-1 3.38704E-1 3.35735E-1 3.3643E-1 3.3033E-1 3.24418E-1 3.20803E-1 3.19022E-1 3.17993E-1 3.17051E-1 3.11668E-1 3.10371E-1 3.08418E-1 3.06398E-1 3.13049E-1 3.21247E-1 3.30568E-1 3.36837E-1 3.43692E-1 3.40831E-1 3.36837E-1 3.40199E-1 3.43054E-1 3.44678E-1 3.49483E-1 3.50169E-1 3.54047E-1 3.59927E-1 3.62493E-1 3.58944E-1 3.63683E-1 3.6834E-1 3.71356E-1 3.80441E-1 3.82773E-1 3.77561E-1 3.81629E-1 3.80813E-1 3.77626E-1 3.78418E-1 3.84851E-1 3.9324E-1 4.15124E-1 4.11589E-1 4.08327E-1 3.94773E-1 3.88925E-1 3.81614E-1 3.82596E-1 3.73899E-1 3.7549E-1 3.89531E-1 3.82239E-1 3.86008E-1 3.88021E-1 3.8524E-1 3.85437E-1 3.86829E-1 3.91826E-1 3.93858E-1
3.2114E-1 3.25257E-1 3.33968E-1 3.37363E-1 3.35737E-1 3.35981E-1 3.31001E-1 3.25691E-1 3.24714E-1 3.18919E-1 3.19882E-1 3.17694E-1 3.16731E-1 3.13849E-1 3.07832E-1 3.21525E-1 3.27814E-1 3.35833E-1 3.42055E-1 3.39375E-1 3.37957E-1 3.41954E-1 3.44439E-1 3.48174E-1 3.4489E-1 3.43492E-1 3.46245E-1 3.49085E-1 3.5228E-1 3.56142E-1 3.575E-1 3.63592E-1 3.69427E-1 3.75681E-1 3.78783E-1 3.835E-1 3.76357E-1 3.77518E-1 3.76592E-1 3.79074E-1 3.78287E-1 3.89418E-1 3.94967E-1 4.07813E-1 4.17201E-1 4.16712E-1 4.02117E-1 3.92341E-1 3.91901E-1 3.84571E-1 3.94105E-1 3.82136E-1 3.79971E-1 3.77774E-1 3.82278E-1 3.83476E-1 3.88847E-1 3.90342E-1 3.93613E-1 4.02223E-1 4.096E-1
3.09952E-1 3.19491E-1 3.24593E-1 3.27974E-1 3.37666E-1 3.43607E-1 3.37661E-1 3.33944E-1 3.3292E-1 3.30748E-1 3.22399E-1 3.2282E-1 3.21756E-1 3.17202E-1 3.12503E-1 3.17876E-1 3.20804E-1 3.27434E-1 3.39767E-1 3.41079E-1 3.4152E-1 3.42983E-1 3.40884E-1 3.39801E-1 3.40821E-1 3.42564E-1 3.41846E-1 3.4586E-1 3.55811E-1 3.58574E-1 3.67398E-1 3.61888E-1 3.68733E-1 3.74791E-1 3.78109E-1 3.79882E-1 3.82311E-1 3.89569E-1 3.87002E-1 3.84242E-1 3.95057E-1 3.96888E-1 3.986E-1 4.03941E-1 4.115E-1 4.21464E-1 4.14258E-1 4.06661E-1 3.99656E-1 3.85677E-1 3.78336E-1 3.80455E-1 3.83053E-1 3.88587E-1 3.9216E-1 3.90336E-1 3.96163E-1 3.95633E-1 4.02232E-1 4.04961E-1 4.06861E-1
3.13138E-1 3.16671E-1 3.14681E-1 3.26027E-1 3.42153E-1 3.47775E-1 3.40132E-1 3.39748E-1 3.36397E-1 3.3257E-1 3.179E-1 3.22166E-1 3.22996E-1 3.16664E-1 3.11347E-1 3.17514E-1 3.21271E-1 3.20849E-1 3.33421E-1 3.37106E-1 3.41146E-1 3.408E-1 3.39738E-1 3.34535E-1 3.306E-1 3.325E-1 3.63396E-1 3.55519E-1 3.54948E-1 3.79728E-1 3.80038E-1 3.59184E-1 3.6575E-1 3.725E-1 3.79621E-1 3.80089E-1 3.816E-1 3.83567E-1 3.87233E-1 3.85999E-1 3.91226E-1 4.0092E-1 4.023E-1 4.05334E-1 4.13885E-1 4.27709E-1 4.41271E-1 4.3205E-1 4.08989E-1 3.95044E-1 3.76154E-1 3.76245E-1 3.80302E-1 3.87806E-1 3.93885E-1 3.98941E-1 3.94031E-1 3.9866E-1 4.03697E-1 4.06276E-1 4.10453E-1
