maxent_outputs/white_flowers_troch_bombus_environ/white_98.asc
ncols         426
nrows         180
xllcorner     -130.0
yllcorner     24.0
cellsize      0.16666666666666666
NODATA_value  -9999
[rows 81 to 107 of 180, columns 244 to 304 of 426]
6.58622E-1 6.5708E-1 6.54335E-1 6.52973E-1 6.50266E-1 6.51558E-1 6.51704E-1 6.52153E-1 6.57451E-1 6.6194E-1 6.63321E-1 6.60815E-1 6.6524E-1 6.6869E-1 6.72576E-1 6.76857E-1 6.7633E-1 6.70604E-1 6.64513E-1 6.63206E-1 6.6021E-1 6.57485E-1 6.57053E-1 6.56419E-1 6.51839E-1 6.51015E-1 6.50698E-1 6.51479E-1 6.54486E-1 6.52781E-1 6.52681E-1 6.50088E-1 6.52992E-1 6.44352E-1 6.46144E-1 6.51355E-1 6.58298E-1 6.58926E-1 6.5683E-1 6.46614E-1 6.50768E-1 6.59178E-1 6.67591E-1 6.74951E-1 6.76596E-1 6.68766E-1 6.71746E-1 6.80825E-1 6.79465E-1 6.68311E-1 6.66064E-1 6.70753E-1 6.86662E-1 6.75887E-1 6.74435E-1 6.90345E-1 6.97567E-1 6.86168E-1 6.70461E-1 6.78252E-1 6.7561E-1
6.65264E-1 6.65655E-1 6.66234E-1 6.69591E-1 6.64776E-1 6.66302E-1 6.6465E-1 6.64307E-1 6.67932E-1 6.78406E-1 6.79751E-1 6.82309E-1 6.81661E-1 6.7432E-1 6.72273E-1 6.72742E-1 6.73918E-1 6.69123E-1 6.62923E-1 6.65191E-1 6.64619E-1 6.64632E-1 6.65523E-1 6.63403E-1 6.52805E-1 6.47458E-1 6.45732E-1 6.4511E-1 6.50464E-1 6.5552E-1 6.61128E-1 6.57259E-1 6.57346E-1 6.50034E-1 6.48286E-1 6.58982E-1 6.66379E-1 6.72097E-1 6.70641E-1 6.55634E-1 6.56931E-1 6.67089E-1 6.77911E-1 6.85058E-1 6.90018E-1 6.87053E-1 6.8351E-1 6.7652E-1 6.7894E-1 6.74885E-1 6.73304E-1 6.82514E-1 6.88935E-1 6.75488E-1 6.73979E-1 6.77577E-1 6.88217E-1 6.87723E-1 6.81291E-1 6.71843E-1 6.63993E-1
6.7535E-1 6.77038E-1 6.8E-1 6.81387E-1 6.79024E-1 6.78781E-1 6.80091E-1 6.80955E-1 6.84871E-1 6.93628E-1 6.98202E-1 6.99774E-1 6.93465E-1 6.85269E-1 6.82408E-1 6.79306E-1 6.77205E-1 6.72191E-1 6.67443E-1 6.71667E-1 6.71855E-1 6.7427E-1 6.7169E-1 6.62639E-1 6.55923E-1 6.48277E-1 6.45354E-1 6.47609E-1 6.51115E-1 6.62228E-1 6.71556E-1 6.68135E-1 6.64096E-1 6.62214E-1 6.57004E-1 6.62845E-1 6.77016E-1 6.87231E-1 6.84891E-1 6.6893E-1 6.72003E-1 6.86322E-1 6.91144E-1 6.94403E-1 6.9318E-1 6.88849E-1 6.89495E-1 6.80449E-1 6.74925E-1 6.72555E-1 6.76586E-1 6.90989E-1 6.81463E-1 6.75816E-1 6.75979E-1 6.79745E-1 6.89538E-1 6.87663E-1 6.79344E-1 6.43281E-1 6.08344E-1
6.85292E-1 6.86262E-1 6.91405E-1 6.88416E-1 6.86881E-1 6.88001E-1 6.89833E-1 6.92263E-1 6.93002E-1 6.96602E-1 7.01411E-1 7.11816E-1 7.06891E-1 7.00104E-1 6.90237E-1 6.83698E-1 6.79846E-1 6.79895E-1 6.85039E-1 6.86584E-1 6.7942E-1 6.77141E-1 6.70537E-1 6.66633E-1 6.58726E-1 6.59405E-1 6.59795E-1 6.55173E-1 6.55698E-1 6.66664E-1 6.84669E-1 6.88544E-1 6.83705E-1 6.77987E-1 6.69286E-1 6.77371E-1 6.83776E-1 6.96653E-1 6.98068E-1 6.87418E-1 6.88301E-1 6.90944E-1 6.88295E-1 6.94533E-1 6.93522E-1 6.87957E-1 6.89187E-1 6.88035E-1 6.78071E-1 6.74351E-1 6.82973E-1 6.89191E-1 6.82132E-1 6.7986E-1 6.78948E-1 6.84135E-1 6.90422E-1 6.84803E-1 6.49185E-1 6.31011E-1 6.12615E-1
6.94298E-1 6.95696E-1 6.96835E-1 6.95028E-1 6.96531E-1 6.99179E-1 7.00984E-1 7.03956E-1 7.03424E-1 7.05181E-1 7.11508E-1 7.156E-1 7.15434E-1 7.09074E-1 6.97798E-1 6.91244E-1 6.87613E-1 6.92593E-1 7.00262E-1 6.92819E-1 6.84539E-1 6.83868E-1 6.82021E-1 6.73193E-1 6.72551E-1 6.79236E-1 6.74758E-1 6.63897E-1 6.71675E-1 6.81171E-1 6.97777E-1 6.96553E-1 6.90734E-1 6.81451E-1 6.77999E-1 6.82104E-1 6.89278E-1 6.97871E-1 7.00848E-1 6.89785E-1 6.91213E-1 6.92604E-1 6.94268E-1 6.9721E-1 6.93298E-1 6.93627E-1 6.92146E-1 6.91185E-1 6.87115E-1 6.88823E-1 6.94794E-1 6.89847E-1 6.84888E-1 6.8205E-1 6.85042E-1 6.87211E-1 6.93363E-1 6.57166E-1 6.36611E-1 6.27532E-1 5.93117E-1
7.04063E-1 7.06329E-1 7.04365E-1 7.09182E-1 7.09038E-1 7.06659E-1 7.06629E-1 7.11488E-1 7.10234E-1 7.12628E-1 7.16643E-1 7.2218E-1 7.18496E-1 7.12921E-1 7.09655E-1 7.03564E-1 7.01766E-1 7.06619E-1 7.06781E-1 6.98497E-1 6.95963E-1 6.94009E-1 6.88475E-1 6.82932E-1 6.92204E-1 6.95741E-1 6.88008E-1 6.88915E-1 6.92598E-1 7.01361E-1 7.02149E-1 7.01107E-1 6.97244E-1 6.90307E-1 6.89517E-1 6.90712E-1 6.9698E-1 7.01927E-1 7.01073E-1 6.91169E-1 6.92074E-1 6.99506E-1 7.00797E-1 7.04425E-1 7.01179E-1 7.06805E-1 7.06291E-1 7.06212E-1 7.0554E-1 7.08241E-1 7.07588E-1 6.99106E-1 6.9264E-1 6.90233E-1 6.91304E-1 6.94492E-1 6.82892E-1 6.6144E-1 6.33527E-1 6.00701E-1 5.80874E-1
7.10316E-1 7.10991E-1 7.14026E-1 7.17462E-1 7.13094E-1 7.11353E-1 7.1604E-1 7.19767E-1 7.21116E-1 7.26421E-1 7.2952E-1 7.29082E-1 7.21889E-1 7.22342E-1 7.209E-1 7.15891E-1 7.15926E-1 7.16961E-1 7.11873E-1 7.09449E-1 7.09962E-1 7.04274E-1 6.97822E-1 6.9573E-1 7.06352E-1 7.13013E-1 7.07196E-1 7.08102E-1 7.20492E-1 7.197E-1 7.14795E-1 7.10366E-1 7.02788E-1 6.91436E-1 6.95018E-1 6.99759E-1 7.03441E-1 7.06527E-1 7.05894E-1 6.99122E-1 6.9814E-1 7.00685E-1 7.05565E-1 7.12814E-1 7.11802E-1 7.13466E-1 7.181E-1 7.23521E-1 7.21116E-1 7.20704E-1 7.1415E-1 7.06292E-1 6.98619E-1 6.97173E-1 6.99732E-1 6.96967E-1 6.83236E-1 6.67054E-1 6.24931E-1 5.90374E-1 5.87128E-1
7.12476E-1 7.17298E-1 7.21318E-1 7.21242E-1 7.19996E-1 7.22234E-1 7.29202E-1 7.31416E-1 7.33063E-1 7.37397E-1 7.4217E-1 7.36644E-1 7.33449E-1 7.33121E-1 7.28022E-1 7.25368E-1 7.22245E-1 7.23514E-1 7.22524E-1 7.23359E-1 7.27819E-1 7.22511E-1 7.14507E-1 7.11259E-1 7.1409E-1 7.16151E-1 7.24164E-1 7.32698E-1 7.26442E-1 7.31138E-1 7.27265E-1 7.19379E-1 7.11711E-1 7.06087E-1 7.08028E-1 7.12595E-1 7.04399E-1 7.05528E-1 7.13224E-1 7.10932E-1 7.07632E-1 7.11439E-1 7.12311E-1 7.14519E-1 7.20611E-1 7.26553E-1 7.301E-1 7.25198E-1 7.20859E-1 7.18678E-1 7.16295E-1 7.10972E-1 7.04731E-1 7.03681E-1 7.03251E-1 6.99645E-1 6.90413E-1 6.56258E-1 6.22188E-1 5.74016E-1 5.70844E-1
7.18805E-1 7.27511E-1 7.28885E-1 7.24425E-1 7.29585E-1 7.33994E-1 7.40234E-1 7.45124E-1 7.46979E-1 7.4752E-1 7.52052E-1 7.48155E-1 7.45632E-1 7.41771E-1 7.38777E-1 7.32545E-1 7.30448E-1 7.41933E-1 7.37615E-1 7.38276E-1 7.42961E-1 7.40948E-1 7.34764E-1 7.29674E-1 7.26275E-1 7.30901E-1 7.45543E-1 7.37918E-1 7.35819E-1 7.42723E-1 7.36072E-1 7.28219E-1 7.23523E-1 7.18234E-1 7.18371E-1 7.21259E-1 7.1109E-1 7.18641E-1 7.20402E-1 7.16098E-1 7.18287E-1 7.16771E-1 7.17978E-1 7.22663E-1 7.28556E-1 7.34804E-1 7.30848E-1 7.32039E-1 7.27866E-1 7.25367E-1 7.19532E-1 7.15773E-1 7.09257E-1 7.08825E-1 7.03254E-1 6.84669E-1 6.62303E-1 6.42767E-1 5.96894E-1 5.37183E-1 5.96099E-1
7.28881E-1 7.35322E-1 7.33441E-1 7.3373E-1 7.42645E-1 7.46757E-1 7.51697E-1 7.54951E-1 7.58443E-1 7.57145E-1 7.57653E-1 7.55472E-1 7.53511E-1 7.52947E-1 7.49546E-1 7.46101E-1 7.4663E-1 7.48092E-1 7.45002E-1 7.54937E-1 7.56474E-1 7.57671E-1 7.4916E-1 7.4375E-1 7.4275E-1 7.48045E-1 7.51395E-1 7.46824E-1 7.3628E-1 7.45106E-1 7.44764E-1 7.32722E-1 7.28855E-1 7.25519E-1 7.29245E-1 7.32573E-1 7.19564E-1 7.24786E-1 7.21563E-1 7.2364E-1 7.21376E-1 7.21749E-1 7.24514E-1 7.29811E-1 7.35969E-1 7.40423E-1 7.36056E-1 7.32551E-1 7.31812E-1 7.27873E-1 7.20794E-1 7.18882E-1 7.15668E-1 7.12812E-1 6.8989E-1 6.56074E-1 6.39038E-1 6.00523E-1 5.73503E-1 5.63622E-1 6.30661E-1
7.38389E-1 7.38957E-1 7.38021E-1 7.44775E-1 7.51738E-1 7.57978E-1 7.63249E-1 7.68109E-1 7.65795E-1 7.66926E-1 7.65846E-1 7.62856E-1 7.63592E-1 7.63068E-1 7.64068E-1 7.64448E-1 7.57675E-1 7.58477E-1 7.61484E-1 7.6538E-1 7.68042E-1 7.66624E-1 7.61941E-1 7.63468E-1 7.68721E-1 7.67498E-1 7.63793E-1 7.55077E-1 7.45913E-1 7.50094E-1 7.46348E-1 7.42777E-1 7.39486E-1 7.36036E-1 7.35328E-1 7.32485E-1 7.19337E-1 7.26735E-1 7.29114E-1 7.27078E-1 7.21394E-1 7.22511E-1 7.28222E-1 7.29271E-1 7.34112E-1 7.37179E-1 7.36481E-1 7.3476E-1 7.32912E-1 7.27858E-1 7.22277E-1 7.17007E-1 7.16086E-1 7.0189E-1 6.58527E-1 6.21805E-1 6.10261E-1 5.57049E-1 5.35736E-1 5.82257E-1 6.11615E-1
7.42081E-1 7.43734E-1 7.45463E-1 7.52437E-1 7.58512E-1 7.63842E-1 7.71684E-1 7.74153E-1 7.73675E-1 7.74773E-1 7.75147E-1 7.74077E-1 7.74047E-1 7.72972E-1 7.74916E-1 7.73182E-1 7.69165E-1 7.64628E-1 7.62032E-1 7.62671E-1 7.66691E-1 7.73817E-1 7.72238E-1 7.7763E-1 7.69112E-1 7.73392E-1 7.62303E-1 7.58042E-1 7.51815E-1 7.52619E-1 7.49927E-1 7.44061E-1 7.4076E-1 7.40251E-1 7.38989E-1 7.32306E-1 7.29925E-1 7.23442E-1 7.30729E-1 7.32068E-1 7.27389E-1 7.26762E-1 7.30442E-1 7.30086E-1 7.31865E-1 7.31834E-1 7.33269E-1 7.3724E-1 7.38118E-1 7.32758E-1 7.21038E-1 7.11876E-1 6.95735E-1 6.78055E-1 6.2121E-1 5.96159E-1 5.49983E-1 5.52202E-1 5.51548E-1 5.79484E-1 5.99007E-1
7.45515E-1 7.49296E-1 7.52112E-1 7.59267E-1 7.67703E-1 7.69823E-1 7.7693E-1 7.77931E-1 7.80935E-1 7.85187E-1 7.83499E-1 7.8247E-1 7.81522E-1 7.81213E-1 7.8262E-1 7.81439E-1 7.80007E-1 7.74843E-1 7.73263E-1 7.70885E-1 7.73752E-1 7.82163E-1 7.84884E-1 7.75969E-1 7.67009E-1 7.69361E-1 7.68983E-1 7.57961E-1 7.51129E-1 7.49399E-1 7.49782E-1 7.46517E-1 7.45454E-1 7.40926E-1 7.32169E-1 7.20907E-1 7.1906E-1 7.20177E-1 7.26319E-1 7.28106E-1 7.34097E-1 7.31839E-1 7.32124E-1 7.29696E-1 7.29632E-1 7.30143E-1 7.28811E-1 7.33385E-1 7.31754E-1 7.24185E-1 7.00664E-1 6.67057E-1 6.44066E-1 6.26633E-1 5.80379E-1 5.63521E-1 5.64406E-1 5.53832E-1 5.64947E-1 5.86268E-1 5.9126E-1
7.56414E-1 7.61028E-1 7.64854E-1 7.6694E-1 7.75714E-1 7.80437E-1 7.78335E-1 7.81729E-1 7.87735E-1 7.90072E-1 7.88431E-1 7.90609E-1 7.88932E-1 7.91002E-1 7.92979E-1 7.89726E-1 7.85903E-1 7.86696E-1 7.83219E-1 7.78222E-1 7.80875E-1 7.88624E-1 7.87149E-1 7.81544E-1 7.72111E-1 7.67826E-1 7.66644E-1 7.58047E-1 7.5077E-1 7.48269E-1 7.49067E-1 7.47366E-1 7.43869E-1 7.43454E-1 7.35828E-1 7.20675E-1 7.13424E-1 7.16819E-1 7.21417E-1 7.22969E-1 7.31165E-1 7.28519E-1 7.26633E-1 7.2753E-1 7.27088E-1 7.2568E-1 7.21959E-1 7.21067E-1 7.11401E-1 7.04075E-1 6.82049E-1 6.47743E-1 6.161E-1 5.68431E-1 5.48013E-1 5.90721E-1 5.90226E-1 5.90554E-1 6.12516E-1 6.16032E-1 6.28909E-1
7.66601E-1 7.72176E-1 7.75384E-1 7.78476E-1 7.84929E-1 7.8763E-1 7.87671E-1 7.88208E-1 7.92254E-1 7.94634E-1 7.96566E-1 8.00312E-1 8.02572E-1 8.0483E-1 8.04115E-1 7.99791E-1 7.93747E-1 7.94668E-1 7.89202E-1 7.85762E-1 7.87211E-1 7.9105E-1 7.95766E-1 7.91318E-1 7.82982E-1 7.72529E-1 7.68712E-1 7.58867E-1 7.53018E-1 7.49204E-1 7.48869E-1 7.4697E-1 7.43925E-1 7.4165E-1 7.39134E-1 7.23965E-1 7.12629E-1 7.18859E-1 7.20401E-1 7.26426E-1 7.27307E-1 7.29743E-1 7.24956E-1 7.27165E-1 7.2597E-1 7.20129E-1 7.15273E-1 7.05969E-1 6.97588E-1 6.7919E-1 6.43401E-1 6.07718E-1 5.64544E-1 5.77644E-1 6.07581E-1 6.02299E-1 6.22617E-1 6.27425E-1 6.48358E-1 6.46589E-1 6.48294E-1
7.80685E-1 7.82868E-1 7.87475E-1 7.9009E-1 7.95828E-1 7.99487E-1 7.97596E-1 7.98865E-1 7.99237E-1 8.03832E-1 8.04752E-1 8.09619E-1 8.13202E-1 8.154E-1 8.13482E-1 8.05287E-1 8.00123E-1 7.95887E-1 7.91877E-1 7.86932E-1 7.85432E-1 7.99039E-1 7.94916E-1 7.94315E-1 7.87024E-1 7.78594E-1 7.72053E-1 7.68712E-1 7.58379E-1 7.55091E-1 7.54391E-1 7.52177E-1 7.43959E-1 7.32539E-1 7.21505E-1 7.20621E-1 7.13949E-1 7.12682E-1 7.18938E-1 7.25414E-1 7.25458E-1 7.27041E-1 7.21089E-1 7.28252E-1 7.24396E-1 7.14127E-1 6.97276E-1 6.77215E-1 6.61443E-1 6.62151E-1 6.09009E-1 6.00628E-1 6.07769E-1 6.21974E-1 6.16925E-1 6.29289E-1 6.42489E-1 6.70304E-1 6.65156E-1 6.83696E-1 6.76093E-1
7.88582E-1 7.91695E-1 7.9561E-1 8.00146E-1 8.09363E-1 8.09153E-1 8.05489E-1 8.03504E-1 8.05058E-1 8.09226E-1 8.12127E-1 8.14097E-1 8.17206E-1 8.18334E-1 8.15009E-1 8.06179E-1 8.02668E-1 7.99759E-1 7.96574E-1 7.92912E-1 7.94578E-1 8.00477E-1 8.02178E-1 7.95859E-1 7.91903E-1 7.84181E-1 7.77158E-1 7.73211E-1 7.68235E-1 7.61813E-1 7.5609E-1 7.55763E-1 7.36317E-1 7.24433E-1 7.20142E-1 7.15444E-1 7.0951E-1 7.09686E-1 7.17305E-1 7.2441E-1 7.21382E-1 7.23356E-1 7.23648E-1 7.15222E-1 7.16528E-1 6.99881E-1 6.75848E-1 6.57577E-1 6.34783E-1 6.19067E-1 6.30798E-1 6.19766E-1 6.31295E-1 6.19159E-1 6.25116E-1 6.5818E-1 6.69571E-1 6.91351E-1 6.87843E-1 7.10972E-1 6.84307E-1
7.90699E-1 7.95411E-1 7.99837E-1 8.05909E-1 8.07758E-1 8.06449E-1 8.06995E-1 8.08774E-1 8.12646E-1 8.1371E-1 8.13667E-1 8.14374E-1 8.124E-1 8.17072E-1 8.14321E-1 8.10532E-1 8.06588E-1 8.05686E-1 8.05336E-1 8.02808E-1 8.04267E-1 8.04946E-1 8.0294E-1 8.01901E-1 7.9383E-1 7.84727E-1 7.71598E-1 7.77204E-1 7.69884E-1 7.58493E-1 7.45282E-1 7.35985E-1 7.31221E-1 7.29232E-1 7.25333E-1 7.18219E-1 7.13493E-1 7.08315E-1 7.10481E-1 7.21657E-1 7.21551E-1 7.1794E-1 7.18623E-1 7.15518E-1 7.13696E-1 7.06596E-1 6.92502E-1 6.66187E-1 6.25564E-1 6.08231E-1 6.36642E-1 6.35176E-1 6.15701E-1 6.05792E-1 6.25777E-1 6.5996E-1 6.91876E-1 6.98104E-1 6.9944E-1 7.13429E-1 7.33786E-1
7.99914E-1 8.09951E-1 8.108E-1 8.15084E-1 8.162E-1 8.17026E-1 8.17442E-1 8.11951E-1 8.17723E-1 8.20605E-1 8.1857E-1 8.19016E-1 8.17223E-1 8.16442E-1 8.15511E-1 8.09421E-1 8.06912E-1 8.08606E-1 8.09249E-1 8.0749E-1 8.04899E-1 8.07067E-1 8.03338E-1 7.99752E-1 7.93321E-1 7.83683E-1 7.79095E-1 7.72914E-1 7.66286E-1 7.57249E-1 7.37976E-1 7.28748E-1 7.24868E-1 7.2709E-1 7.20583E-1 7.18237E-1 7.15072E-1 7.08622E-1 7.05493E-1 7.12305E-1 7.1509E-1 7.1555E-1 7.07618E-1 7.04322E-1 7.02714E-1 6.95906E-1 6.80894E-1 6.46495E-1 6.14953E-1 6.1379E-1 6.2812E-1 6.27905E-1 5.88048E-1 6.13146E-1 6.40209E-1 6.75255E-1 6.97073E-1 7.02799E-1 7.04596E-1 7.35623E-1 7.43583E-1
8.07428E-1 8.15654E-1 8.21421E-1 8.25307E-1 8.23972E-1 8.23354E-1 8.23976E-1 8.21401E-1 8.20689E-1 8.21163E-1 8.20493E-1 8.18038E-1 8.15696E-1 8.14585E-1 8.12844E-1 8.12826E-1 8.12216E-1 8.11308E-1 8.06011E-1 8.02166E-1 8.06146E-1 8.11917E-1 8.11843E-1 8.07804E-1 7.93273E-1 7.90514E-1 7.85091E-1 7.7617E-1 7.74093E-1 7.60634E-1 7.40142E-1 7.3812E-1 7.2791E-1 7.24724E-1 7.19985E-1 7.16723E-1 7.14408E-1 7.05337E-1 6.96875E-1 6.96167E-1 6.95801E-1 6.98448E-1 6.93711E-1 6.87821E-1 6.71231E-1 6.59166E-1 6.59885E-1 6.17602E-1 6.07199E-1 6.08069E-1 6.07359E-1 6.20514E-1 6.39111E-1 6.36066E-1 6.67764E-1 6.91913E-1 7.19585E-1 7.30068E-1 7.40151E-1 7.49171E-1 7.52253E-1
8.08699E-1 8.18319E-1 8.24678E-1 8.28919E-1 8.31601E-1 8.30183E-1 8.29222E-1 8.24453E-1 8.23789E-1 8.18582E-1 8.19025E-1 8.18817E-1 8.15745E-1 8.10439E-1 8.13073E-1 8.11578E-1 8.09604E-1 8.14672E-1 8.13106E-1 8.12204E-1 8.13941E-1 8.11374E-1 8.06149E-1 8.04793E-1 8.02485E-1 7.92863E-1 7.83843E-1 7.79916E-1 7.72991E-1 7.55823E-1 7.41911E-1 7.35851E-1 7.26792E-1 7.27373E-1 7.25745E-1 7.21569E-1 7.12247E-1 7.0656E-1 6.97101E-1 6.69146E-1 6.74299E-1 6.74886E-1 6.71559E-1 6.67406E-1 6.55438E-1 6.47151E-1 6.26066E-1 5.9473E-1 5.94118E-1 5.99319E-1 6.09569E-1 6.25872E-1 6.44925E-1 6.38565E-1 6.47622E-1 6.78816E-1 7.30936E-1 7.47659E-1 7.63106E-1 7.59617E-1 7.62313E-1
8.16008E-1 8.21364E-1 8.29391E-1 8.34962E-1 8.38359E-1 8.35112E-1 8.32878E-1 8.2276E-1 8.19729E-1 8.25603E-1 8.22866E-1 8.18855E-1 8.11623E-1 8.09172E-1 8.1404E-1 8.10972E-1 8.11323E-1 8.18581E-1 8.16832E-1 8.09672E-1 8.13693E-1 8.05409E-1 8.0225E-1 7.96291E-1 7.97118E-1 7.988E-1 7.86618E-1 7.70472E-1 7.66516E-1 7.54994E-1 7.47083E-1 7.40089E-1 7.35789E-1 7.30581E-1 7.17312E-1 7.08789E-1 6.99447E-1 6.71477E-1 6.47576E-1 6.65888E-1 6.3746E-1 6.63975E-1 6.70839E-1 6.59839E-1 6.44383E-1 6.35635E-1 6.43042E-1 6.18568E-1 6.13336E-1 6.09645E-1 6.21653E-1 6.26133E-1 6.1778E-1 6.27389E-1 6.57897E-1 7.25693E-1 7.41843E-1 7.49086E-1 7.54608E-1 7.56752E-1 7.62793E-1
8.24678E-1 8.2686E-1 8.37461E-1 8.3965E-1 8.40882E-1 8.38952E-1 8.33652E-1 8.26117E-1 8.17844E-1 8.24364E-1 8.26753E-1 8.21761E-1 8.13618E-1 8.06234E-1 8.08939E-1 8.06809E-1 8.06422E-1 8.10026E-1 8.09933E-1 8.11887E-1 8.13201E-1 8.05364E-1 7.99289E-1 7.99954E-1 7.90391E-1 7.80893E-1 7.6979E-1 7.67317E-1 7.65488E-1 7.55355E-1 7.50641E-1 7.46282E-1 7.43087E-1 7.28722E-1 7.206E-1 6.93871E-1 6.98197E-1 6.92921E-1 6.85221E-1 6.72162E-1 6.8644E-1 6.74421E-1 6.70542E-1 6.68225E-1 6.72992E-1 6.64356E-1 6.2734E-1 6.00702E-1 6.02184E-1 6.08793E-1 6.17888E-1 6.15154E-1 6.23459E-1 6.24093E-1 7.25966E-1 7.5188E-1 7.5284E-1 7.52698E-1 7.59162E-1 7.61716E-1 7.64356E-1
8.29844E-1 8.35034E-1 8.43185E-1 8.4221E-1 8.39945E-1 8.37341E-1 8.34749E-1 8.26571E-1 8.14963E-1 8.15467E-1 8.15202E-1 8.17642E-1 8.11667E-1 8.0659E-1 8.02928E-1 7.97935E-1 7.94964E-1 7.97427E-1 8.00942E-1 8.07367E-1 8.09408E-1 8.04333E-1 7.95526E-1 7.93025E-1 7.87315E-1 7.7969E-1 7.6294E-1 7.61481E-1 7.6481E-1 7.53568E-1 7.42913E-1 7.40487E-1 7.18303E-1 7.16697E-1 7.19585E-1 7.12647E-1 7.07898E-1 7.01371E-1 6.9782E-1 6.96267E-1 6.90847E-1 6.81867E-1 6.77065E-1 6.84023E-1 6.50173E-1 6.26743E-1 5.82923E-1 6.20128E-1 6.22658E-1 6.24579E-1 6.39191E-1 6.85296E-1 7.18903E-1 7.33577E-1 7.50659E-1 7.58253E-1 7.58283E-1 7.60985E-1 7.64075E-1 7.63936E-1 7.64578E-1
8.31088E-1 8.3903E-1 8.44672E-1 8.39631E-1 8.35337E-1 8.30408E-1 8.26206E-1 8.21369E-1 8.10656E-1 8.05667E-1 8.0575E-1 7.98522E-1 7.98219E-1 7.92557E-1 7.86192E-1 7.78093E-1 7.88901E-1 8.02998E-1 8.09005E-1 8.08731E-1 7.97306E-1 7.95981E-1 7.91843E-1 7.8362E-1 7.77621E-1 7.71899E-1 7.5909E-1 7.63344E-1 7.62239E-1 7.47153E-1 7.24902E-1 7.2918E-1 7.29922E-1 7.27564E-1 7.17285E-1 7.04871E-1 6.9571E-1 6.93776E-1 7.00837E-1 6.86396E-1 6.80006E-1 6.77474E-1 6.80237E-1 6.61875E-1 6.47376E-1 6.17887E-1 6.05405E-1 6.37256E-1 6.44753E-1 6.72055E-1 7.07483E-1 7.36458E-1 7.47386E-1 7.54571E-1 7.56259E-1 7.59744E-1 7.56718E-1 7.55054E-1 7.59737E-1 7.59586E-1 7.58021E-1
8.4113E-1 8.4447E-1 8.43785E-1 8.35157E-1 8.31695E-1 8.22627E-1 8.22321E-1 8.11173E-1 8.11161E-1 7.96747E-1 7.92967E-1 7.85474E-1 7.84403E-1 7.80747E-1 7.769E-1 7.78849E-1 7.86404E-1 7.98046E-1 8.09596E-1 8.07825E-1 8.01774E-1 7.92489E-1 7.88417E-1 7.83694E-1 7.67946E-1 7.5822E-1 7.59069E-1 7.63295E-1 7.51665E-1 7.31303E-1 7.14819E-1 7.39306E-1 7.35335E-1 7.19947E-1 7.15548E-1 7.15102E-1 6.9763E-1 7.04378E-1 6.9878E-1 6.83546E-1 6.83953E-1 6.64072E-1 6.62349E-1 6.40495E-1 6.21099E-1 6.06753E-1 6.38713E-1 6.93348E-1 7.40833E-1 7.48478E-1 7.47312E-1 7.50881E-1 7.5299E-1 7.5293E-1 7.52288E-1 7.52629E-1 7.4994E-1 7.4913E-1 7.52825E-1 7.54439E-1 7.56447E-1
8.36999E-1 8.38827E-1 8.3765E-1 8.30941E-1 8.27902E-1 8.23485E-1 8.1635E-1 8.07774E-1 8.02236E-1 7.90042E-1 7.84604E-1 7.83044E-1 7.81481E-1 7.8009E-1 7.75109E-1 7.74556E-1 7.84458E-1 7.98376E-1 7.97143E-1 8.00039E-1 7.97539E-1 7.88813E-1 7.89019E-1 7.75122E-1 7.56592E-1 7.55971E-1 7.59851E-1 7.61349E-1 7.53035E-1 7.27009E-1 7.27397E-1 7.31484E-1 7.2471E-1 7.31599E-1 7.25998E-1 7.07019E-1 6.96828E-1 6.94687E-1 6.87656E-1 6.6252E-1 6.46588E-1 6.47914E-1 6.32827E-1 5.88776E-1 5.89748E-1 6.6542E-1 7.14899E-1 7.54501E-1 7.58072E-1 7.55337E-1 7.61067E-1 7.58955E-1 7.58722E-1 7.59052E-1 7.44564E-1 7.45139E-1 7.42146E-1 7.48753E-1 7.54589E-1 7.56441E-1 7.58331E-1
