maxent_outputs/white_flowers_troch_bombus_environ/white_335.asc
ncols         426
nrows         180
xllcorner     -130.0
yllcorner     24.0
cellsize      0.16666666666666666
NODATA_value  -9999
[rows 81 to 107 of 180, columns 244 to 304 of 426]
1.0592E-1 1.05799E-1 1.05295E-1 1.04167E-1 1.04145E-1 1.05682E-1 1.05298E-1 1.05472E-1 1.06826E-1 1.075E-1 1.09737E-1 1.096E-1 1.13657E-1 1.16947E-1 1.18979E-1 1.18348E-1 1.16611E-1 1.14445E-1 1.13567E-1 1.14027E-1 1.13302E-1 1.12587E-1 1.13124E-1 1.1266E-1 1.10297E-1 1.12052E-1 1.13886E-1 1.14656E-1 1.15392E-1 1.16498E-1 1.15861E-1 1.14129E-1 1.1542E-1 1.11588E-1 1.1151E-1 1.15181E-1 1.16811E-1 1.16974E-1 1.15083E-1 1.10612E-1 1.11343E-1 1.144E-1 1.18061E-1 1.22318E-1 1.2495E-1 1.22408E-1 1.23924E-1 1.29243E-1 1.27748E-1 1.23635E-1 1.21333E-1 1.24851E-1 1.3247E-1 1.26205E-1 1.27372E-1 1.37478E-1 1.42162E-1 1.3135E-1 1.22843E-1 1.24861E-1 1.22325E-1
1.0979E-1 1.08944E-1 1.08679E-1 1.10711E-1 1.09872E-1 1.10663E-1 1.0992E-1 1.09767E-1 1.10109E-1 1.13604E-1 1.14333E-1 1.16789E-1 1.18503E-1 1.14214E-1 1.14317E-1 1.14712E-1 1.14686E-1 1.13502E-1 1.12889E-1 1.15075E-1 1.15208E-1 1.15234E-1 1.14989E-1 1.14379E-1 1.11761E-1 1.1087E-1 1.11312E-1 1.11973E-1 1.14325E-1 1.17907E-1 1.19689E-1 1.15305E-1 1.15681E-1 1.13393E-1 1.13722E-1 1.18959E-1 1.20546E-1 1.23618E-1 1.24927E-1 1.15393E-1 1.15302E-1 1.18792E-1 1.2156E-1 1.25831E-1 1.31631E-1 1.31481E-1 1.3115E-1 1.28989E-1 1.31087E-1 1.27197E-1 1.24959E-1 1.30137E-1 1.34977E-1 1.28322E-1 1.29269E-1 1.32971E-1 1.39452E-1 1.33737E-1 1.28036E-1 1.22537E-1 1.19356E-1
1.13947E-1 1.13392E-1 1.14157E-1 1.14915E-1 1.15144E-1 1.15522E-1 1.16148E-1 1.15623E-1 1.16216E-1 1.1928E-1 1.20939E-1 1.22705E-1 1.20632E-1 1.17354E-1 1.17489E-1 1.16612E-1 1.16676E-1 1.15157E-1 1.16191E-1 1.20532E-1 1.205E-1 1.19176E-1 1.17791E-1 1.14666E-1 1.13012E-1 1.10348E-1 1.10025E-1 1.13076E-1 1.16402E-1 1.20625E-1 1.25175E-1 1.2088E-1 1.18246E-1 1.20079E-1 1.16962E-1 1.20888E-1 1.25035E-1 1.32788E-1 1.33558E-1 1.22405E-1 1.22091E-1 1.27812E-1 1.30397E-1 1.33276E-1 1.33491E-1 1.33308E-1 1.36916E-1 1.34138E-1 1.31021E-1 1.28559E-1 1.28562E-1 1.37353E-1 1.31111E-1 1.28968E-1 1.30897E-1 1.33621E-1 1.39032E-1 1.34085E-1 1.27302E-1 1.12894E-1 1.03738E-1
1.17711E-1 1.17048E-1 1.18705E-1 1.1832E-1 1.18233E-1 1.19419E-1 1.19802E-1 1.19757E-1 1.18677E-1 1.19363E-1 1.21865E-1 1.28602E-1 1.26504E-1 1.23977E-1 1.20831E-1 1.19217E-1 1.18402E-1 1.20311E-1 1.26023E-1 1.2876E-1 1.24424E-1 1.21538E-1 1.17574E-1 1.17155E-1 1.14547E-1 1.16685E-1 1.16374E-1 1.16296E-1 1.18316E-1 1.2184E-1 1.3152E-1 1.33634E-1 1.28197E-1 1.24865E-1 1.19787E-1 1.25865E-1 1.3081E-1 1.38926E-1 1.41311E-1 1.33037E-1 1.30535E-1 1.30217E-1 1.30884E-1 1.35739E-1 1.37731E-1 1.3566E-1 1.37791E-1 1.39948E-1 1.32679E-1 1.29396E-1 1.33974E-1 1.39117E-1 1.3137E-1 1.3077E-1 1.32682E-1 1.357E-1 1.391E-1 1.34549E-1 1.18577E-1 1.12176E-1 1.05641E-1
1.22563E-1 1.21182E-1 1.20961E-1 1.2017E-1 1.21617E-1 1.22887E-1 1.23533E-1 1.2409E-1 1.22625E-1 1.22752E-1 1.26719E-1 1.30336E-1 1.31307E-1 1.2985E-1 1.25589E-1 1.23991E-1 1.234E-1 1.27886E-1 1.33379E-1 1.30735E-1 1.26943E-1 1.25788E-1 1.236E-1 1.2029E-1 1.20198E-1 1.23933E-1 1.22592E-1 1.19125E-1 1.24397E-1 1.29351E-1 1.38764E-1 1.37423E-1 1.33112E-1 1.26552E-1 1.24321E-1 1.28259E-1 1.34919E-1 1.41028E-1 1.42073E-1 1.3481E-1 1.35097E-1 1.33696E-1 1.33962E-1 1.3662E-1 1.37738E-1 1.38644E-1 1.39418E-1 1.39309E-1 1.36985E-1 1.36872E-1 1.40136E-1 1.38133E-1 1.34428E-1 1.33385E-1 1.35204E-1 1.3864E-1 1.44461E-1 1.24122E-1 1.15261E-1 1.13208E-1 1.0325E-1
1.26611E-1 1.25381E-1 1.23428E-1 1.25903E-1 1.27421E-1 1.26154E-1 1.25437E-1 1.28577E-1 1.26044E-1 1.27471E-1 1.29645E-1 1.36646E-1 1.35311E-1 1.33559E-1 1.33247E-1 1.30281E-1 1.29997E-1 1.34975E-1 1.35878E-1 1.30865E-1 1.31901E-1 1.31168E-1 1.28206E-1 1.25589E-1 1.27324E-1 1.3044E-1 1.27844E-1 1.28399E-1 1.32202E-1 1.38471E-1 1.40255E-1 1.40095E-1 1.3771E-1 1.32002E-1 1.31288E-1 1.33857E-1 1.38281E-1 1.4246E-1 1.42059E-1 1.35151E-1 1.3917E-1 1.40224E-1 1.40467E-1 1.41616E-1 1.40462E-1 1.44848E-1 1.46443E-1 1.47523E-1 1.45894E-1 1.46804E-1 1.48214E-1 1.44136E-1 1.40343E-1 1.39419E-1 1.40095E-1 1.4252E-1 1.36543E-1 1.25174E-1 1.15668E-1 1.06742E-1 1.0085E-1
1.29846E-1 1.28228E-1 1.29405E-1 1.30618E-1 1.28817E-1 1.29004E-1 1.30665E-1 1.33254E-1 1.3248E-1 1.36928E-1 1.39863E-1 1.40791E-1 1.38319E-1 1.38936E-1 1.38595E-1 1.37008E-1 1.39577E-1 1.42748E-1 1.39459E-1 1.37338E-1 1.38803E-1 1.37196E-1 1.34136E-1 1.31374E-1 1.36543E-1 1.39588E-1 1.36886E-1 1.38987E-1 1.46609E-1 1.45447E-1 1.44947E-1 1.4521E-1 1.40925E-1 1.32779E-1 1.34387E-1 1.37577E-1 1.38899E-1 1.4442E-1 1.44778E-1 1.4209E-1 1.41482E-1 1.41407E-1 1.45514E-1 1.48036E-1 1.48071E-1 1.4874E-1 1.52537E-1 1.59127E-1 1.55051E-1 1.53355E-1 1.49067E-1 1.47607E-1 1.44006E-1 1.43379E-1 1.44039E-1 1.42007E-1 1.33573E-1 1.26673E-1 1.15288E-1 1.05775E-1 1.04466E-1
1.31502E-1 1.33811E-1 1.34641E-1 1.34171E-1 1.3354E-1 1.34584E-1 1.37546E-1 1.38047E-1 1.39145E-1 1.40843E-1 1.45304E-1 1.42167E-1 1.42804E-1 1.42813E-1 1.42676E-1 1.43001E-1 1.43636E-1 1.47478E-1 1.47397E-1 1.46778E-1 1.47465E-1 1.44305E-1 1.4178E-1 1.40365E-1 1.4135E-1 1.41943E-1 1.47643E-1 1.55387E-1 1.52678E-1 1.54268E-1 1.51295E-1 1.4768E-1 1.42595E-1 1.39061E-1 1.39429E-1 1.43325E-1 1.43922E-1 1.44609E-1 1.49478E-1 1.48029E-1 1.45302E-1 1.45847E-1 1.48894E-1 1.50269E-1 1.53982E-1 1.58487E-1 1.632E-1 1.60518E-1 1.57408E-1 1.53887E-1 1.51314E-1 1.49887E-1 1.46638E-1 1.45761E-1 1.44316E-1 1.41306E-1 1.36271E-1 1.25682E-1 1.15931E-1 1.02288E-1 1.00809E-1
1.36694E-1 1.39663E-1 1.39388E-1 1.37369E-1 1.39851E-1 1.39944E-1 1.41691E-1 1.434E-1 1.44341E-1 1.45062E-1 1.5038E-1 1.47855E-1 1.50553E-1 1.47797E-1 1.4782E-1 1.46748E-1 1.47703E-1 1.59807E-1 1.56017E-1 1.54624E-1 1.55517E-1 1.54547E-1 1.5325E-1 1.50899E-1 1.48803E-1 1.51259E-1 1.61613E-1 1.6015E-1 1.61753E-1 1.65999E-1 1.57711E-1 1.53427E-1 1.48109E-1 1.43884E-1 1.44089E-1 1.46033E-1 1.46484E-1 1.48746E-1 1.51435E-1 1.50068E-1 1.50287E-1 1.52665E-1 1.54978E-1 1.58958E-1 1.60244E-1 1.65859E-1 1.6154E-1 1.63267E-1 1.5967E-1 1.5832E-1 1.56181E-1 1.5476E-1 1.49569E-1 1.4723E-1 1.41308E-1 1.33877E-1 1.27506E-1 1.224E-1 1.09454E-1 9.48347E-2 1.08561E-1
1.42206E-1 1.43824E-1 1.42327E-1 1.42109E-1 1.46488E-1 1.46122E-1 1.46342E-1 1.47194E-1 1.49472E-1 1.50832E-1 1.52912E-1 1.52065E-1 1.54227E-1 1.53549E-1 1.52664E-1 1.53745E-1 1.55245E-1 1.57983E-1 1.57727E-1 1.63674E-1 1.6168E-1 1.63844E-1 1.61154E-1 1.58182E-1 1.57398E-1 1.61829E-1 1.65613E-1 1.67198E-1 1.58486E-1 1.65473E-1 1.64824E-1 1.56387E-1 1.52636E-1 1.48444E-1 1.4906E-1 1.50628E-1 1.51032E-1 1.5507E-1 1.54964E-1 1.5391E-1 1.55487E-1 1.59745E-1 1.62086E-1 1.69082E-1 1.69109E-1 1.71405E-1 1.67288E-1 1.65396E-1 1.63412E-1 1.62086E-1 1.62294E-1 1.61339E-1 1.56725E-1 1.49841E-1 1.35034E-1 1.23852E-1 1.21538E-1 1.11685E-1 1.05218E-1 1.02249E-1 1.30188E-1
1.57145E-1 1.48348E-1 1.47484E-1 1.49529E-1 1.51778E-1 1.5406E-1 1.53962E-1 1.55459E-1 1.54553E-1 1.57967E-1 1.59208E-1 1.57027E-1 1.59788E-1 1.59483E-1 1.59672E-1 1.62565E-1 1.60416E-1 1.6079E-1 1.65413E-1 1.7017E-1 1.72907E-1 1.70533E-1 1.68287E-1 1.67709E-1 1.7362E-1 1.74133E-1 1.73804E-1 1.71132E-1 1.63903E-1 1.68014E-1 1.66084E-1 1.64589E-1 1.62005E-1 1.6024E-1 1.57796E-1 1.59586E-1 1.54787E-1 1.62204E-1 1.65428E-1 1.6206E-1 1.63533E-1 1.64345E-1 1.71541E-1 1.7302E-1 1.73016E-1 1.71992E-1 1.70387E-1 1.65929E-1 1.63982E-1 1.63329E-1 1.63405E-1 1.61204E-1 1.57874E-1 1.42679E-1 1.25136E-1 1.17209E-1 1.16186E-1 1.03434E-1 9.76973E-2 1.10005E-1 1.24971E-1
1.54988E-1 1.52546E-1 1.52354E-1 1.5458E-1 1.56321E-1 1.58496E-1 1.61865E-1 1.60867E-1 1.60881E-1 1.63158E-1 1.64688E-1 1.63256E-1 1.67542E-1 1.68309E-1 1.66923E-1 1.66213E-1 1.65502E-1 1.64581E-1 1.63822E-1 1.66031E-1 1.70567E-1 1.78132E-1 1.74676E-1 1.78348E-1 1.7425E-1 1.77379E-1 1.72566E-1 1.70756E-1 1.69125E-1 1.70938E-1 1.69116E-1 1.65482E-1 1.61237E-1 1.60844E-1 1.62144E-1 1.62947E-1 1.64692E-1 1.62062E-1 1.67793E-1 1.72581E-1 1.7083E-1 1.69637E-1 1.75787E-1 1.76313E-1 1.78154E-1 1.72934E-1 1.73895E-1 1.71063E-1 1.6847E-1 1.64293E-1 1.63733E-1 1.56043E-1 1.43997E-1 1.3489E-1 1.19041E-1 1.15567E-1 1.0526E-1 1.03593E-1 1.01572E-1 1.10691E-1 1.18854E-1
1.54373E-1 1.56023E-1 1.5625E-1 1.58106E-1 1.60966E-1 1.62789E-1 1.67464E-1 1.66847E-1 1.68857E-1 1.74806E-1 1.71961E-1 1.71706E-1 1.7409E-1 1.72878E-1 1.73145E-1 1.72655E-1 1.75452E-1 1.71649E-1 1.72289E-1 1.71283E-1 1.75626E-1 1.86535E-1 1.84775E-1 1.78466E-1 1.72456E-1 1.7253E-1 1.78631E-1 1.73503E-1 1.71091E-1 1.69873E-1 1.67949E-1 1.6784E-1 1.67171E-1 1.60201E-1 1.6274E-1 1.59238E-1 1.62215E-1 1.64772E-1 1.71454E-1 1.7305E-1 1.80806E-1 1.8176E-1 1.8118E-1 1.78279E-1 1.81369E-1 1.84773E-1 1.79214E-1 1.74128E-1 1.67948E-1 1.62656E-1 1.49977E-1 1.35289E-1 1.28405E-1 1.22353E-1 1.13226E-1 1.10128E-1 1.08404E-1 1.04757E-1 1.05751E-1 1.12558E-1 1.14303E-1
1.60554E-1 1.62177E-1 1.66918E-1 1.63142E-1 1.66377E-1 1.69898E-1 1.7135E-1 1.74182E-1 1.80091E-1 1.76338E-1 1.74689E-1 1.77135E-1 1.80321E-1 1.79365E-1 1.76999E-1 1.79015E-1 1.77308E-1 1.78815E-1 1.81595E-1 1.77361E-1 1.85912E-1 2.0594E-1 1.91876E-1 1.81756E-1 1.74386E-1 1.71903E-1 1.78132E-1 1.74004E-1 1.69566E-1 1.66256E-1 1.666E-1 1.65952E-1 1.65854E-1 1.68183E-1 1.68908E-1 1.64619E-1 1.62847E-1 1.68694E-1 1.74898E-1 1.76701E-1 1.82169E-1 1.82755E-1 1.81416E-1 1.79801E-1 1.78648E-1 1.79189E-1 1.77085E-1 1.70781E-1 1.63331E-1 1.57193E-1 1.43459E-1 1.29011E-1 1.20349E-1 1.11207E-1 1.07989E-1 1.15321E-1 1.14049E-1 1.14412E-1 1.22738E-1 1.25016E-1 1.33238E-1
1.72953E-1 1.70585E-1 1.78526E-1 1.6959E-1 1.72334E-1 1.73918E-1 1.77476E-1 1.80524E-1 1.85989E-1 1.83853E-1 1.86197E-1 1.86619E-1 1.86421E-1 1.86962E-1 1.86618E-1 1.86157E-1 1.8583E-1 1.8792E-1 1.87808E-1 1.83773E-1 1.94858E-1 2.0095E-1 1.92453E-1 1.8794E-1 1.83673E-1 1.79079E-1 1.78953E-1 1.73856E-1 1.70442E-1 1.68115E-1 1.67154E-1 1.66946E-1 1.65541E-1 1.71602E-1 1.77623E-1 1.74921E-1 1.66614E-1 1.72203E-1 1.76963E-1 1.83418E-1 1.86758E-1 1.82991E-1 1.80807E-1 1.82599E-1 1.76035E-1 1.72678E-1 1.67605E-1 1.59537E-1 1.58207E-1 1.46232E-1 1.29002E-1 1.19067E-1 1.10092E-1 1.13169E-1 1.20357E-1 1.18039E-1 1.25055E-1 1.28597E-1 1.40164E-1 1.42499E-1 1.43302E-1
1.81932E-1 1.81855E-1 1.80096E-1 1.76675E-1 1.79642E-1 1.82406E-1 1.84494E-1 1.92447E-1 1.92579E-1 1.95531E-1 1.99211E-1 1.95784E-1 1.93151E-1 1.9205E-1 1.94324E-1 1.93763E-1 1.93886E-1 1.85132E-1 1.81913E-1 1.87087E-1 1.949E-1 2.05087E-1 1.99822E-1 1.89145E-1 1.87779E-1 1.87753E-1 1.83068E-1 1.83041E-1 1.74519E-1 1.75159E-1 1.76235E-1 1.76533E-1 1.77891E-1 1.74473E-1 1.69174E-1 1.70781E-1 1.71967E-1 1.74158E-1 1.80854E-1 1.86324E-1 1.88726E-1 1.87589E-1 1.7882E-1 1.83174E-1 1.75572E-1 1.65273E-1 1.55333E-1 1.46176E-1 1.41599E-1 1.40358E-1 1.21445E-1 1.20247E-1 1.2311E-1 1.26975E-1 1.25342E-1 1.2879E-1 1.33761E-1 1.5106E-1 1.48034E-1 1.63796E-1 1.53845E-1
1.92826E-1 1.92531E-1 1.8528E-1 1.84879E-1 1.88533E-1 1.89744E-1 1.90906E-1 1.97944E-1 2.00466E-1 1.97258E-1 1.96407E-1 1.96469E-1 1.98255E-1 2.00018E-1 1.9503E-1 1.91815E-1 1.88696E-1 1.83741E-1 1.8363E-1 1.84333E-1 1.86232E-1 1.98529E-1 2.04728E-1 1.94574E-1 1.91137E-1 1.89069E-1 1.85749E-1 1.85255E-1 1.87457E-1 1.85752E-1 1.7898E-1 1.85742E-1 1.83077E-1 1.76523E-1 1.74199E-1 1.7311E-1 1.74476E-1 1.79031E-1 1.85161E-1 1.93148E-1 1.86811E-1 1.89502E-1 1.87143E-1 1.74644E-1 1.72997E-1 1.6032E-1 1.4806E-1 1.42686E-1 1.33968E-1 1.27085E-1 1.32179E-1 1.28866E-1 1.36035E-1 1.28608E-1 1.29495E-1 1.47467E-1 1.53119E-1 1.68713E-1 1.65609E-1 1.86752E-1 1.60418E-1
1.91366E-1 1.91699E-1 1.909E-1 1.91011E-1 1.93373E-1 1.96796E-1 1.99761E-1 2.05424E-1 2.01499E-1 2.02667E-1 2.03295E-1 2.01985E-1 1.99448E-1 1.99628E-1 1.99974E-1 1.96797E-1 1.92055E-1 1.91158E-1 1.88853E-1 1.89258E-1 1.90162E-1 1.90657E-1 2.01426E-1 1.99241E-1 1.92073E-1 1.91369E-1 1.87635E-1 1.8471E-1 1.85744E-1 1.84483E-1 1.83757E-1 1.82786E-1 1.82451E-1 1.81886E-1 1.85865E-1 1.86693E-1 1.81684E-1 1.80432E-1 1.86135E-1 1.94468E-1 1.93891E-1 1.87677E-1 1.85896E-1 1.80963E-1 1.76171E-1 1.70761E-1 1.59431E-1 1.48097E-1 1.33214E-1 1.26853E-1 1.40373E-1 1.43236E-1 1.32631E-1 1.24447E-1 1.31094E-1 1.48109E-1 1.77404E-1 1.82228E-1 1.83028E-1 1.93529E-1 2.09356E-1
1.95752E-1 1.98191E-1 2.01491E-1 2.02932E-1 2.01974E-1 2.07113E-1 2.09331E-1 2.07208E-1 2.09639E-1 2.12003E-1 2.09613E-1 2.06987E-1 2.03783E-1 2.05511E-1 2.03283E-1 1.98707E-1 1.95341E-1 1.91609E-1 1.92741E-1 1.96821E-1 1.96749E-1 1.96523E-1 1.98594E-1 1.96942E-1 1.97367E-1 1.96747E-1 1.93051E-1 1.89238E-1 1.86288E-1 1.85917E-1 1.81264E-1 1.75472E-1 1.73675E-1 1.82959E-1 1.86061E-1 1.89605E-1 1.86279E-1 1.83647E-1 1.85224E-1 1.90529E-1 1.91295E-1 1.89306E-1 1.79669E-1 1.7529E-1 1.69655E-1 1.65036E-1 1.5703E-1 1.41773E-1 1.30732E-1 1.33197E-1 1.40098E-1 1.41155E-1 1.19251E-1 1.27588E-1 1.39532E-1 1.62562E-1 1.86613E-1 1.91285E-1 1.89602E-1 2.1206E-1 2.25628E-1
2.06376E-1 2.06897E-1 2.13019E-1 2.10647E-1 2.12205E-1 2.16065E-1 2.13233E-1 2.08702E-1 2.12816E-1 2.1783E-1 2.16188E-1 2.15828E-1 2.08809E-1 2.07078E-1 2.06601E-1 2.04249E-1 2.01447E-1 2.00239E-1 2.01464E-1 2.03264E-1 2.03467E-1 2.04031E-1 2.0618E-1 2.05601E-1 2.11614E-1 2.03509E-1 2.01592E-1 1.93421E-1 1.90016E-1 1.90759E-1 1.89498E-1 1.80269E-1 1.79019E-1 1.86022E-1 1.84066E-1 1.87245E-1 1.89418E-1 1.86382E-1 1.81965E-1 1.76872E-1 1.74746E-1 1.7553E-1 1.7301E-1 1.67222E-1 1.55714E-1 1.48863E-1 1.49826E-1 1.33881E-1 1.31608E-1 1.33796E-1 1.32924E-1 1.40133E-1 1.46132E-1 1.44819E-1 1.61161E-1 1.82147E-1 2.07477E-1 2.13275E-1 2.19394E-1 2.24332E-1 2.27982E-1
2.16021E-1 2.20052E-1 2.10493E-1 2.19024E-1 2.28978E-1 2.31078E-1 2.32573E-1 2.3197E-1 2.17645E-1 2.16211E-1 2.15678E-1 2.13188E-1 2.10478E-1 2.05783E-1 2.07278E-1 2.04865E-1 2.06009E-1 2.05158E-1 2.02672E-1 2.0392E-1 2.03404E-1 2.02349E-1 2.07227E-1 2.09951E-1 2.06105E-1 2.00876E-1 2.03223E-1 2.04094E-1 2.0294E-1 1.98876E-1 1.93723E-1 1.80804E-1 1.81263E-1 1.87044E-1 1.81916E-1 1.8089E-1 1.76583E-1 1.7862E-1 1.77084E-1 1.58379E-1 1.61082E-1 1.63779E-1 1.62862E-1 1.58341E-1 1.51297E-1 1.46701E-1 1.37577E-1 1.25709E-1 1.26479E-1 1.31008E-1 1.37043E-1 1.44976E-1 1.51207E-1 1.45022E-1 1.46348E-1 1.60701E-1 2.06328E-1 2.27289E-1 2.44051E-1 2.39135E-1 2.39805E-1
2.11218E-1 2.22055E-1 2.18964E-1 2.22077E-1 2.29502E-1 2.30806E-1 2.458E-1 2.45757E-1 2.34823E-1 2.16357E-1 2.11874E-1 2.0823E-1 2.06359E-1 2.03478E-1 2.06602E-1 2.04395E-1 2.0566E-1 2.10201E-1 2.12921E-1 2.18553E-1 2.10588E-1 2.05747E-1 2.11412E-1 2.155E-1 2.18265E-1 2.26033E-1 2.25351E-1 2.12248E-1 2.13085E-1 2.03611E-1 1.9909E-1 1.88101E-1 1.89639E-1 1.85568E-1 1.72656E-1 1.68032E-1 1.66387E-1 1.55961E-1 1.46704E-1 1.56356E-1 1.44012E-1 1.60138E-1 1.6219E-1 1.54209E-1 1.47488E-1 1.44775E-1 1.4839E-1 1.38372E-1 1.36174E-1 1.38274E-1 1.45461E-1 1.45718E-1 1.373E-1 1.38799E-1 1.51891E-1 1.94663E-1 2.1162E-1 2.26545E-1 2.32669E-1 2.32001E-1 2.43855E-1
2.2007E-1 2.27019E-1 2.22879E-1 2.2425E-1 2.28023E-1 2.27937E-1 2.33569E-1 2.43419E-1 2.38822E-1 2.18115E-1 2.15116E-1 2.1147E-1 2.08482E-1 2.0667E-1 2.07951E-1 2.07246E-1 2.07944E-1 2.13062E-1 2.177E-1 2.20865E-1 2.15229E-1 2.11612E-1 2.20827E-1 2.27155E-1 2.20176E-1 2.13641E-1 2.07492E-1 2.06256E-1 2.05234E-1 1.96987E-1 1.94761E-1 1.9421E-1 1.89043E-1 1.83509E-1 1.78441E-1 1.65271E-1 1.69152E-1 1.66297E-1 1.66546E-1 1.6344E-1 1.73825E-1 1.64826E-1 1.63827E-1 1.60728E-1 1.61959E-1 1.56238E-1 1.39455E-1 1.30534E-1 1.31145E-1 1.35296E-1 1.41807E-1 1.38057E-1 1.39887E-1 1.37328E-1 1.91029E-1 2.18112E-1 2.27362E-1 2.3037E-1 2.33607E-1 2.41993E-1 2.52857E-1
2.29872E-1 2.29923E-1 2.2619E-1 2.25013E-1 2.2442E-1 2.25229E-1 2.26971E-1 2.46819E-1 2.38705E-1 2.24456E-1 2.19497E-1 2.20718E-1 2.17533E-1 2.14716E-1 2.12328E-1 2.11653E-1 2.11734E-1 2.15905E-1 2.2105E-1 2.20909E-1 2.21544E-1 2.19361E-1 2.27221E-1 2.36215E-1 2.35626E-1 2.15755E-1 2.00954E-1 1.9705E-1 1.99495E-1 1.90952E-1 1.8589E-1 1.88893E-1 1.7388E-1 1.76404E-1 1.79616E-1 1.7728E-1 1.75633E-1 1.78109E-1 1.787E-1 1.81933E-1 1.90106E-1 1.82002E-1 1.73748E-1 1.72878E-1 1.50983E-1 1.39697E-1 1.2288E-1 1.35282E-1 1.37201E-1 1.38826E-1 1.46962E-1 1.70823E-1 1.91916E-1 1.96399E-1 2.14961E-1 2.27501E-1 2.37483E-1 2.45167E-1 2.52363E-1 2.64831E-1 2.68055E-1
2.31967E-1 2.29541E-1 2.33076E-1 2.30066E-1 2.28967E-1 2.24943E-1 2.27706E-1 2.50193E-1 2.33053E-1 2.30145E-1 2.28923E-1 2.24654E-1 2.23945E-1 2.16732E-1 2.15709E-1 2.16484E-1 2.2241E-1 2.29964E-1 2.32008E-1 2.36183E-1 2.31365E-1 2.36141E-1 2.34396E-1 2.20542E-1 2.15203E-1 2.10676E-1 1.89543E-1 1.91866E-1 1.95665E-1 1.87103E-1 1.77433E-1 1.87855E-1 1.96075E-1 1.92781E-1 1.87798E-1 1.87377E-1 1.87691E-1 1.89032E-1 1.91361E-1 1.88493E-1 1.8023E-1 1.91121E-1 1.83621E-1 1.58167E-1 1.45614E-1 1.33316E-1 1.30026E-1 1.38995E-1 1.43673E-1 1.61473E-1 1.866E-1 2.10583E-1 2.18786E-1 2.22694E-1 2.34449E-1 2.42331E-1 2.52827E-1 2.58939E-1 2.61809E-1 2.70741E-1 2.77635E-1
2.37231E-1 2.38298E-1 2.36304E-1 2.32114E-1 2.30734E-1 2.28563E-1 2.30848E-1 2.38541E-1 2.40317E-1 2.23742E-1 2.24272E-1 2.21996E-1 2.27419E-1 2.282E-1 2.28088E-1 2.42516E-1 2.50208E-1 2.37755E-1 2.3686E-1 2.38875E-1 2.43766E-1 2.40352E-1 2.24767E-1 2.15152E-1 2.04414E-1 1.90129E-1 1.87376E-1 1.91887E-1 1.89192E-1 1.76083E-1 1.76566E-1 2.13281E-1 2.1132E-1 1.99037E-1 1.94093E-1 2.08001E-1 2.08007E-1 1.97353E-1 1.96055E-1 1.83952E-1 1.81169E-1 1.75015E-1 1.64373E-1 1.46108E-1 1.36838E-1 1.30262E-1 1.38944E-1 1.61777E-1 1.99019E-1 2.1254E-1 2.1712E-1 2.24638E-1 2.31532E-1 2.37091E-1 2.4536E-1 2.57651E-1 2.52204E-1 2.62226E-1 2.64878E-1 2.70127E-1 2.71026E-1
2.46356E-1 2.43368E-1 2.4069E-1 2.38024E-1 2.3619E-1 2.36461E-1 2.33075E-1 2.34042E-1 2.42306E-1 2.24417E-1 2.21249E-1 2.20957E-1 2.23603E-1 2.26578E-1 2.37889E-1 2.53376E-1 2.57684E-1 2.37844E-1 2.34095E-1 2.35545E-1 2.40736E-1 2.42961E-1 2.22906E-1 2.14217E-1 1.91876E-1 1.85056E-1 1.87361E-1 1.93301E-1 1.99386E-1 1.87699E-1 2.06696E-1 2.17164E-1 2.12668E-1 2.10669E-1 2.04642E-1 2.04506E-1 2.09804E-1 2.0202E-1 1.96878E-1 1.74244E-1 1.52499E-1 1.53048E-1 1.43434E-1 1.28399E-1 1.25193E-1 1.54237E-1 1.79074E-1 2.08185E-1 2.14574E-1 2.12854E-1 2.22538E-1 2.32123E-1 2.44661E-1 2.534E-1 2.61771E-1 2.53163E-1 2.67104E-1 2.7448E-1 2.74642E-1 2.8213E-1 2.77593E-1
