maxent_outputs/white_flowers_troch_bombus_environ/white_200.asc
ncols         426
nrows         180
xllcorner     -130.0
yllcorner     24.0
cellsize      0.16666666666666666
NODATA_value  -9999
[rows 54 to 80 of 180, columns 305 to 365 of 426]
6.73196E-1 6.65067E-1 6.70449E-1 6.63754E-1 6.67362E-1 6.65076E-1 6.56816E-1 6.44323E-1 6.40094E-1 6.41117E-1 6.32584E-1 6.34924E-1 6.30417E-1 6.21432E-1 6.19235E-1 6.09918E-1 5.93989E-1 5.8367E-1 5.96683E-1 5.9939E-1 6.06552E-1 6.13674E-1 5.96315E-1 6.17795E-1 6.4031E-1 6.33792E-1 6.19065E-1 6.15294E-1 6.08243E-1 6.15163E-1 6.21885E-1 6.29674E-1 6.0397E-1 5.48915E-1 5.18843E-1 5.54586E-1 5.68384E-1 6.09517E-1 6.42468E-1 7.29631E-1 7.03705E-1 6.4977E-1 6.60542E-1 6.87559E-1 6.78652E-1 6.50415E-1 6.34442E-1 6.94303E-1 6.40511E-1 6.4645E-1 6.64702E-1 7.12281E-1 7.0551E-1 6.92674E-1 6.7302E-1 6.59545E-1 6.52694E-1 6.47124E-1 6.42019E-1 6.35574E-1 6.43202E-1
6.61274E-1 6.61475E-1 6.71084E-1 6.67995E-1 6.6689E-1 6.60361E-1 6.51023E-1 6.42382E-1 6.41898E-1 6.36405E-1 6.278E-1 6.23835E-1 6.22184E-1 6.14524E-1 6.1266E-1 6.15651E-1 6.17181E-1 6.30132E-1 6.11003E-1 5.98834E-1 6.01346E-1 5.97655E-1 5.96096E-1 5.88152E-1 5.89729E-1 5.90416E-1 5.9172E-1 6.01962E-1 6.21638E-1 6.28134E-1 6.63177E-1 6.73933E-1 6.43321E-1 5.53153E-1 5.26447E-1 5.6279E-1 5.65332E-1 6.0488E-1 6.77458E-1 7.19493E-1 6.92039E-1 6.46161E-1 6.72023E-1 6.64328E-1 6.49194E-1 6.30798E-1 6.94928E-1 6.49747E-1 6.07931E-1 6.44973E-1 7.04605E-1 7.11194E-1 6.94243E-1 7.01488E-1 6.99598E-1 6.66665E-1 6.48352E-1 6.37553E-1 6.39471E-1 6.41089E-1 6.61983E-1
6.62681E-1 6.68223E-1 6.68588E-1 6.60583E-1 6.60997E-1 6.47967E-1 6.48673E-1 6.44003E-1 6.42291E-1 6.30963E-1 6.20516E-1 6.19283E-1 6.16088E-1 6.15252E-1 6.18657E-1 6.33575E-1 6.41768E-1 6.28114E-1 6.29896E-1 6.16464E-1 6.126E-1 5.97806E-1 5.73058E-1 5.68442E-1 5.76671E-1 6.06869E-1 6.16404E-1 6.42563E-1 6.42889E-1 6.51439E-1 6.60463E-1 6.35416E-1 5.9807E-1 5.54831E-1 5.70846E-1 5.69582E-1 5.64346E-1 6.12851E-1 6.95212E-1 6.30178E-1 6.41453E-1 6.6785E-1 6.4057E-1 6.20809E-1 6.53017E-1 5.92473E-1 6.70247E-1 6.20412E-1 6.58939E-1 7.20248E-1 6.72412E-1 6.61676E-1 6.69707E-1 6.96753E-1 6.95684E-1 6.9379E-1 6.55262E-1 6.30373E-1 6.50355E-1 6.67403E-1 6.77209E-1
6.59463E-1 6.5683E-1 6.5482E-1 6.5203E-1 6.5103E-1 6.30235E-1 6.22618E-1 6.28237E-1 6.27316E-1 6.18173E-1 6.17907E-1 6.21831E-1 6.23921E-1 6.14079E-1 6.23179E-1 6.45033E-1 6.39657E-1 6.27274E-1 6.2374E-1 6.31243E-1 6.29531E-1 5.99857E-1 5.83161E-1 5.91193E-1 6.08176E-1 6.35993E-1 6.45025E-1 6.43456E-1 6.4937E-1 6.44173E-1 6.428E-1 6.73937E-1 5.93003E-1 5.93697E-1 5.88739E-1 5.90457E-1 5.68579E-1 6.34725E-1 6.44668E-1 6.75296E-1 6.4426E-1 6.60435E-1 5.98434E-1 5.88533E-1 5.99694E-1 5.81707E-1 7.00233E-1 7.01444E-1 7.09181E-1 6.91559E-1 6.50781E-1 6.71831E-1 6.74186E-1 6.85549E-1 6.91017E-1 6.86479E-1 6.68681E-1 6.69041E-1 6.7969E-1 6.86885E-1 6.80225E-1
6.55548E-1 6.59052E-1 6.55248E-1 6.46227E-1 6.37191E-1 6.30704E-1 6.35548E-1 6.26469E-1 6.29096E-1 6.22695E-1 6.21978E-1 6.20982E-1 6.16186E-1 6.1693E-1 6.38476E-1 6.59781E-1 6.57438E-1 6.67647E-1 6.65757E-1 6.26603E-1 6.12946E-1 6.05249E-1 6.12395E-1 6.20683E-1 6.45642E-1 6.61299E-1 6.67842E-1 6.71435E-1 6.61256E-1 6.70835E-1 6.84398E-1 6.99726E-1 6.8096E-1 6.18667E-1 5.6599E-1 5.58607E-1 5.89199E-1 6.94606E-1 6.43725E-1 6.09412E-1 6.27187E-1 6.56355E-1 5.89017E-1 5.87077E-1 6.08095E-1 7.18904E-1 7.81496E-1 8.12155E-1 7.52966E-1 6.76611E-1 6.66732E-1 6.5823E-1 6.76729E-1 6.85119E-1 6.95023E-1 6.96291E-1 6.85825E-1 6.91209E-1 6.88941E-1 6.91806E-1 7.05856E-1
6.62766E-1 6.62436E-1 6.53664E-1 6.57017E-1 6.40831E-1 6.48366E-1 6.48151E-1 6.40023E-1 6.5014E-1 6.39326E-1 6.36084E-1 6.51081E-1 6.45002E-1 6.69472E-1 7.07956E-1 7.51512E-1 7.06287E-1 6.65235E-1 6.42025E-1 6.26352E-1 6.21282E-1 6.40588E-1 6.53694E-1 6.61047E-1 6.89663E-1 6.98845E-1 7.06459E-1 7.00842E-1 6.95746E-1 6.9629E-1 7.13833E-1 7.51744E-1 7.05298E-1 6.2678E-1 5.65602E-1 5.37707E-1 6.02092E-1 7.16432E-1 6.88387E-1 6.45636E-1 6.65676E-1 6.39675E-1 5.8457E-1 6.46616E-1 7.27693E-1 7.83323E-1 7.87846E-1 7.36003E-1 6.95218E-1 6.4951E-1 6.64082E-1 6.67696E-1 6.78601E-1 6.9041E-1 6.92614E-1 6.97234E-1 7.02347E-1 7.09741E-1 7.07832E-1 7.13834E-1 7.23569E-1
6.51806E-1 6.44622E-1 6.53424E-1 6.81167E-1 6.98964E-1 7.216E-1 7.37506E-1 7.45268E-1 7.54754E-1 7.48554E-1 7.11456E-1 6.83205E-1 6.63284E-1 7.26007E-1 7.72804E-1 7.69321E-1 7.52809E-1 7.0481E-1 6.73819E-1 6.77415E-1 6.98894E-1 6.67446E-1 6.55286E-1 6.91313E-1 7.25043E-1 7.30544E-1 7.35363E-1 7.30696E-1 7.30358E-1 6.97595E-1 6.76298E-1 6.82876E-1 6.33577E-1 6.23161E-1 5.62659E-1 5.43258E-1 6.06843E-1 7.28304E-1 6.91586E-1 6.34744E-1 6.66946E-1 6.45401E-1 6.3221E-1 6.72237E-1 7.09926E-1 7.32378E-1 7.62244E-1 7.16813E-1 6.85062E-1 6.6985E-1 6.68451E-1 6.90427E-1 6.81919E-1 6.82997E-1 6.91163E-1 7.02272E-1 7.33489E-1 7.56146E-1 7.53053E-1 7.83746E-1 8.45177E-1
7.23417E-1 7.51651E-1 7.55915E-1 7.64423E-1 7.69433E-1 7.68098E-1 7.67355E-1 7.70453E-1 7.75377E-1 7.7358E-1 7.75394E-1 7.68177E-1 7.68105E-1 7.82966E-1 7.8871E-1 7.94806E-1 7.9264E-1 7.28871E-1 6.85078E-1 7.2442E-1 7.49765E-1 7.37581E-1 6.88509E-1 7.24006E-1 7.57502E-1 7.55241E-1 7.63113E-1 7.73121E-1 7.70961E-1 7.12163E-1 7.0452E-1 6.50064E-1 6.295E-1 6.47634E-1 5.86828E-1 5.69633E-1 5.95452E-1 7.18851E-1 7.10597E-1 6.84428E-1 6.66715E-1 6.3595E-1 6.73591E-1 6.94558E-1 6.75451E-1 6.7744E-1 6.77444E-1 7.05391E-1 6.66575E-1 6.61942E-1 6.53505E-1 6.64356E-1 6.62181E-1 6.8546E-1 7.53085E-1 7.65943E-1 7.5864E-1 8.0202E-1 -9999 8.8383E-1 -9999
7.70984E-1 7.65046E-1 7.65785E-1 7.62476E-1 7.61231E-1 7.58579E-1 7.57943E-1 7.5984E-1 7.66982E-1 7.74789E-1 7.75463E-1 7.74681E-1 7.73786E-1 7.81119E-1 7.91122E-1 7.96455E-1 7.75365E-1 7.37194E-1 6.96184E-1 7.32073E-1 7.57952E-1 7.62812E-1 7.36879E-1 7.33395E-1 7.73986E-1 7.86436E-1 7.90847E-1 7.98381E-1 7.7561E-1 7.56081E-1 7.32204E-1 6.80815E-1 6.46052E-1 6.51069E-1 5.94573E-1 5.68671E-1 6.08025E-1 6.47841E-1 7.57544E-1 7.1835E-1 6.63976E-1 6.65451E-1 6.77117E-1 7.00484E-1 6.69218E-1 6.63029E-1 6.70059E-1 6.85449E-1 6.72573E-1 6.59062E-1 6.56729E-1 6.55827E-1 6.68436E-1 6.97988E-1 -9999 -9999 -9999 -9999 -9999 -9999 -9999
7.66446E-1 7.61775E-1 7.45215E-1 7.17133E-1 7.10874E-1 6.98324E-1 6.89968E-1 6.92627E-1 7.17858E-1 7.54283E-1 7.64744E-1 7.61533E-1 7.61533E-1 7.66834E-1 7.50625E-1 7.05418E-1 7.05047E-1 7.00409E-1 7.10237E-1 7.24726E-1 7.38572E-1 7.48513E-1 7.50784E-1 7.45082E-1 7.55539E-1 7.76708E-1 7.89155E-1 7.87912E-1 7.71745E-1 7.46795E-1 7.49614E-1 6.95983E-1 6.62497E-1 6.15196E-1 5.82068E-1 5.89927E-1 6.66943E-1 7.224E-1 7.51353E-1 7.11828E-1 6.74241E-1 6.8849E-1 6.92966E-1 6.86311E-1 6.66907E-1 6.45013E-1 6.5426E-1 6.62121E-1 6.65478E-1 6.53863E-1 6.55884E-1 6.68269E-1 6.9489E-1 -9999 -9999 -9999 -9999 -9999 -9999 -9999 -9999
6.88369E-1 6.89151E-1 6.76228E-1 6.6898E-1 6.53935E-1 6.3614E-1 6.28835E-1 6.16892E-1 6.31951E-1 6.66271E-1 6.69763E-1 6.57585E-1 6.54479E-1 6.6967E-1 6.83123E-1 6.96869E-1 7.00783E-1 6.96071E-1 7.09977E-1 7.27112E-1 7.15939E-1 6.91357E-1 6.84703E-1 7.00826E-1 7.14431E-1 7.52136E-1 7.78384E-1 7.76436E-1 7.85028E-1 7.41603E-1 7.25872E-1 7.03143E-1 6.51043E-1 5.88224E-1 5.96742E-1 6.51264E-1 7.32294E-1 7.7942E-1 7.61209E-1 7.14635E-1 6.85154E-1 7.17135E-1 7.21679E-1 6.85552E-1 6.56849E-1 6.30826E-1 6.36694E-1 6.6298E-1 6.617E-1 6.39584E-1 6.66339E-1 6.91006E-1 -9999 -9999 -9999 -9999 -9999 -9999 -9999 -9999 -9999
6.95836E-1 6.9457E-1 6.86238E-1 6.7199E-1 6.66024E-1 6.37149E-1 6.13883E-1 6.15014E-1 6.23015E-1 6.34245E-1 6.42209E-1 6.46794E-1 6.55392E-1 6.63748E-1 6.80531E-1 6.7477E-1 6.79445E-1 6.7538E-1 6.66938E-1 6.85348E-1 6.76486E-1 6.65561E-1 6.74691E-1 6.71368E-1 6.86505E-1 6.81636E-1 6.92371E-1 7.49826E-1 7.40439E-1 7.14911E-1 7.05404E-1 6.83888E-1 6.40889E-1 6.00465E-1 6.01465E-1 6.87073E-1 7.68954E-1 8.13556E-1 7.55867E-1 7.31072E-1 6.86921E-1 7.22221E-1 7.28275E-1 6.87932E-1 6.74188E-1 6.45828E-1 6.36065E-1 6.59227E-1 6.59501E-1 6.65817E-1 6.87422E-1 7.01574E-1 -9999 -9999 -9999 -9999 -9999 -9999 -9999 -9999 -9999
6.99389E-1 7.1257E-1 6.95507E-1 6.77464E-1 6.78266E-1 6.61142E-1 6.36637E-1 6.17464E-1 6.11405E-1 6.23244E-1 6.36131E-1 6.37496E-1 6.45229E-1 6.61332E-1 6.66631E-1 6.54095E-1 6.72532E-1 6.95453E-1 6.99969E-1 7.04592E-1 7.23906E-1 6.99489E-1 7.0985E-1 7.2003E-1 7.17256E-1 7.10097E-1 6.74502E-1 6.6118E-1 6.69284E-1 6.66995E-1 6.74914E-1 6.54629E-1 6.32288E-1 6.12574E-1 6.21443E-1 6.67201E-1 8.10106E-1 8.12143E-1 7.72114E-1 7.05964E-1 7.04066E-1 7.03413E-1 7.32681E-1 6.96984E-1 6.82867E-1 6.49675E-1 6.28591E-1 6.67049E-1 6.76013E-1 6.88596E-1 6.96485E-1 8.49882E-1 -9999 -9999 -9999 -9999 -9999 -9999 -9999 -9999 -9999
7.47876E-1 7.05906E-1 6.90927E-1 6.99579E-1 6.92493E-1 6.984E-1 6.5202E-1 6.03857E-1 6.13075E-1 6.51557E-1 6.75786E-1 6.42703E-1 6.29441E-1 6.52698E-1 6.67224E-1 6.63183E-1 6.91007E-1 7.24306E-1 7.24525E-1 7.28588E-1 7.3168E-1 7.01074E-1 7.17032E-1 7.08144E-1 7.14482E-1 7.14288E-1 7.27587E-1 6.9608E-1 6.82283E-1 6.80939E-1 6.73499E-1 6.33149E-1 6.21262E-1 6.40182E-1 7.09543E-1 7.20904E-1 7.82951E-1 7.8261E-1 7.579E-1 7.19309E-1 6.97807E-1 7.19595E-1 7.11461E-1 7.18551E-1 6.92653E-1 6.66308E-1 6.66451E-1 6.89084E-1 7.08295E-1 7.12912E-1 7.26392E-1 7.73552E-1 -9999 -9999 -9999 -9999 -9999 -9999 -9999 -9999 -9999
6.73153E-1 6.76597E-1 7.0321E-1 7.07648E-1 6.85623E-1 6.85591E-1 6.37572E-1 6.24937E-1 6.08721E-1 6.32572E-1 6.44415E-1 6.47939E-1 6.25045E-1 6.26406E-1 6.60707E-1 6.66651E-1 6.85799E-1 6.95967E-1 7.19811E-1 7.19735E-1 7.32999E-1 7.09785E-1 7.09165E-1 7.03726E-1 7.04604E-1 7.06846E-1 7.14764E-1 7.17836E-1 7.01317E-1 7.03807E-1 6.98684E-1 6.43268E-1 6.16583E-1 6.52822E-1 7.06895E-1 7.49197E-1 7.60417E-1 7.52956E-1 7.40609E-1 6.93007E-1 7.2556E-1 7.07825E-1 7.07473E-1 7.13366E-1 7.05073E-1 6.97858E-1 7.01521E-1 7.15194E-1 7.27454E-1 7.2768E-1 7.42016E-1 7.56578E-1 -9999 -9999 -9999 -9999 -9999 -9999 -9999 -9999 -9999
7.04339E-1 7.03457E-1 7.13828E-1 7.12186E-1 6.83558E-1 6.5911E-1 6.22136E-1 6.46895E-1 6.19167E-1 6.18631E-1 6.05213E-1 6.20439E-1 6.20341E-1 6.31361E-1 6.62871E-1 6.66653E-1 6.84199E-1 7.17749E-1 7.11197E-1 7.11699E-1 7.17286E-1 7.09689E-1 7.11468E-1 7.0757E-1 7.07127E-1 7.1343E-1 7.03526E-1 7.18891E-1 7.02514E-1 7.16412E-1 6.66092E-1 6.52815E-1 6.22248E-1 6.47228E-1 6.8972E-1 7.02524E-1 7.58285E-1 7.4254E-1 7.44522E-1 6.96214E-1 7.45347E-1 7.34018E-1 7.27591E-1 7.35862E-1 7.24648E-1 7.19095E-1 7.1318E-1 7.28017E-1 7.32053E-1 7.4523E-1 -9999 -9999 -9999 -9999 -9999 -9999 -9999 -9999 -9999 -9999 -9999
7.21192E-1 7.32082E-1 7.36042E-1 7.132E-1 6.85512E-1 6.45069E-1 6.18716E-1 6.26692E-1 6.32446E-1 6.19933E-1 6.07725E-1 6.02044E-1 6.25333E-1 6.31205E-1 6.44724E-1 6.78677E-1 6.85118E-1 6.91652E-1 7.01359E-1 7.04208E-1 7.08105E-1 7.08508E-1 7.20415E-1 7.35568E-1 7.32152E-1 7.19627E-1 7.30231E-1 7.41085E-1 7.59515E-1 7.61653E-1 7.53862E-1 6.47382E-1 6.28778E-1 6.80413E-1 7.07054E-1 7.41746E-1 7.68805E-1 7.51857E-1 7.28592E-1 7.07917E-1 7.24992E-1 7.38838E-1 7.3006E-1 7.36669E-1 7.242E-1 7.26823E-1 7.18839E-1 7.32907E-1 7.47643E-1 7.62951E-1 7.75739E-1 -9999 -9999 -9999 -9999 -9999 -9999 -9999 -9999 -9999 -9999
7.33128E-1 7.30961E-1 7.35132E-1 7.05552E-1 6.54405E-1 6.42747E-1 6.34135E-1 6.11647E-1 6.2567E-1 6.15298E-1 5.97098E-1 5.92399E-1 6.02869E-1 6.18299E-1 6.30938E-1 6.58764E-1 6.6252E-1 6.72165E-1 6.8291E-1 6.89805E-1 7.0539E-1 7.21614E-1 7.36043E-1 7.4817E-1 7.45078E-1 7.39754E-1 7.4564E-1 7.98976E-1 7.96137E-1 7.68813E-1 7.32108E-1 6.45191E-1 6.57483E-1 6.82863E-1 7.32815E-1 7.4803E-1 7.75649E-1 7.70056E-1 7.11566E-1 7.05353E-1 7.4157E-1 7.62226E-1 7.52167E-1 7.35081E-1 7.39781E-1 7.30058E-1 7.28354E-1 7.4241E-1 7.54464E-1 7.66285E-1 7.84856E-1 8.03131E-1 -9999 7.69484E-1 7.83123E-1 -9999 -9999 -9999 -9999 -9999 -9999
7.30885E-1 7.38617E-1 7.38309E-1 7.09056E-1 6.69575E-1 6.42756E-1 6.31978E-1 6.35364E-1 6.3094E-1 6.17482E-1 6.04002E-1 5.96095E-1 6.11055E-1 6.23819E-1 6.36679E-1 6.38682E-1 6.55872E-1 6.74823E-1 6.96944E-1 7.12445E-1 7.11386E-1 7.32367E-1 7.56024E-1 7.39037E-1 7.44637E-1 7.49306E-1 7.73115E-1 7.86214E-1 8.0281E-1 7.36574E-1 6.72379E-1 6.53146E-1 6.76145E-1 6.98352E-1 7.26704E-1 7.72837E-1 7.71523E-1 7.62482E-1 7.16058E-1 7.17088E-1 7.55619E-1 7.71643E-1 7.67128E-1 7.42511E-1 7.52322E-1 7.50558E-1 7.38215E-1 7.50149E-1 7.61096E-1 7.77129E-1 7.92244E-1 7.94481E-1 -9999 -9999 8.03158E-1 8.22337E-1 -9999 -9999 -9999 -9999 -9999
7.23791E-1 7.27246E-1 7.24166E-1 7.11476E-1 6.81147E-1 6.61985E-1 6.47199E-1 6.46711E-1 6.50578E-1 6.39152E-1 6.18729E-1 6.01658E-1 6.15275E-1 6.38484E-1 6.21055E-1 6.3801E-1 6.46387E-1 6.53574E-1 6.66277E-1 6.77145E-1 6.93232E-1 7.29533E-1 7.54272E-1 7.3317E-1 7.13024E-1 7.20794E-1 7.38886E-1 7.35599E-1 7.29988E-1 7.07207E-1 6.62342E-1 6.59698E-1 6.72129E-1 7.1826E-1 7.51722E-1 7.69383E-1 7.64889E-1 7.52282E-1 7.35043E-1 7.3932E-1 7.69993E-1 7.68597E-1 7.64561E-1 7.54175E-1 7.62375E-1 7.60066E-1 7.43658E-1 7.67997E-1 7.7815E-1 7.8693E-1 7.91032E-1 7.93281E-1 7.95034E-1 7.93154E-1 8.12739E-1 8.26228E-1 -9999 -9999 -9999 -9999 -9999
7.22961E-1 7.19878E-1 7.09615E-1 7.05567E-1 6.96022E-1 6.64749E-1 6.6074E-1 6.6522E-1 6.5875E-1 6.55736E-1 6.3285E-1 6.22559E-1 6.34428E-1 6.46473E-1 6.70008E-1 6.74706E-1 6.73875E-1 6.7362E-1 6.65773E-1 6.57222E-1 6.66001E-1 7.01555E-1 7.26593E-1 7.0965E-1 7.11157E-1 7.29424E-1 7.47506E-1 7.56123E-1 7.1415E-1 6.69495E-1 6.80726E-1 6.75865E-1 6.90583E-1 7.31613E-1 7.32042E-1 7.47742E-1 7.55457E-1 7.59049E-1 7.5492E-1 7.65459E-1 7.73769E-1 7.76058E-1 7.67716E-1 7.68128E-1 7.70589E-1 7.67114E-1 7.67735E-1 7.90149E-1 7.88181E-1 7.93382E-1 8.13744E-1 8.05349E-1 7.96025E-1 7.87082E-1 8.0911E-1 8.53865E-1 -9999 -9999 -9999 -9999 -9999
7.12982E-1 7.07798E-1 7.03503E-1 6.9375E-1 6.89246E-1 6.65323E-1 6.70545E-1 6.63237E-1 6.60659E-1 6.65881E-1 6.54034E-1 6.49878E-1 6.52935E-1 6.54389E-1 6.74143E-1 6.83621E-1 7.05669E-1 7.18492E-1 7.08528E-1 6.70137E-1 6.57396E-1 6.96988E-1 7.22596E-1 7.29939E-1 7.25983E-1 7.33465E-1 7.36896E-1 7.23328E-1 7.01333E-1 6.96913E-1 7.23055E-1 7.34726E-1 7.40661E-1 7.36826E-1 7.40799E-1 7.48492E-1 7.66777E-1 7.70366E-1 7.71229E-1 7.84511E-1 7.82647E-1 7.84967E-1 7.82025E-1 7.73835E-1 7.65257E-1 7.66694E-1 7.79036E-1 7.92372E-1 7.95473E-1 8.42172E-1 8.30718E-1 8.05242E-1 8.20203E-1 8.56183E-1 8.21308E-1 -9999 -9999 -9999 -9999 -9999 -9999
7.1233E-1 7.04093E-1 6.96688E-1 7.00547E-1 7.00307E-1 6.99394E-1 6.82715E-1 6.6723E-1 6.75882E-1 6.65136E-1 6.70426E-1 6.47495E-1 6.43013E-1 6.47323E-1 6.39804E-1 6.54656E-1 6.71453E-1 6.71725E-1 6.71581E-1 6.58487E-1 7.07113E-1 7.5078E-1 7.69078E-1 7.53569E-1 7.41195E-1 7.30611E-1 7.28029E-1 7.19425E-1 7.35967E-1 7.52857E-1 7.60586E-1 7.36769E-1 7.37752E-1 7.54493E-1 7.60258E-1 7.61833E-1 7.63494E-1 7.66764E-1 7.72298E-1 7.74018E-1 7.80192E-1 7.88611E-1 7.89435E-1 8.0286E-1 7.69106E-1 8.09958E-1 -9999 -9999 -9999 -9999 8.38394E-1 -9999 -9999 8.1734E-1 7.92184E-1 7.96606E-1 -9999 -9999 -9999 -9999 -9999
7.05265E-1 7.04362E-1 6.93072E-1 7.20654E-1 6.91422E-1 6.73045E-1 6.65398E-1 6.7843E-1 6.71997E-1 6.49562E-1 6.6449E-1 6.89233E-1 6.92138E-1 6.50904E-1 6.31636E-1 6.40733E-1 6.39362E-1 6.60957E-1 6.79146E-1 7.12367E-1 7.42189E-1 7.65437E-1 7.71897E-1 7.25749E-1 7.24751E-1 7.27959E-1 7.18917E-1 7.59908E-1 7.87486E-1 7.62878E-1 7.46656E-1 7.488E-1 7.55064E-1 7.55881E-1 7.53972E-1 7.55464E-1 8.00012E-1 -9999 -9999 7.92062E-1 8.02171E-1 8.10029E-1 8.15802E-1 8.14745E-1 -9999 7.91627E-1 -9999 -9999 -9999 -9999 -9999 -9999 -9999 -9999 -9999 -9999 -9999 -9999 -9999 -9999 -9999
7.16868E-1 7.18203E-1 7.22591E-1 7.04223E-1 6.96299E-1 6.87349E-1 7.0176E-1 6.81125E-1 6.54154E-1 6.72033E-1 6.87622E-1 7.04202E-1 6.72454E-1 6.51955E-1 6.54435E-1 6.54531E-1 6.6642E-1 7.05968E-1 7.32626E-1 7.42208E-1 7.426E-1 7.33643E-1 7.1421E-1 7.23746E-1 7.26618E-1 7.30611E-1 7.52016E-1 7.72495E-1 7.7071E-1 7.57313E-1 7.42715E-1 7.59527E-1 7.44248E-1 7.52794E-1 7.70983E-1 7.68548E-1 7.76229E-1 7.67831E-1 7.72134E-1 7.72648E-1 8.03402E-1 7.98264E-1 8.01791E-1 -9999 -9999 -9999 -9999 -9999 -9999 -9999 -9999 -9999 -9999 -9999 -9999 -9999 -9999 -9999 -9999 -9999 -9999
7.13756E-1 7.28821E-1 7.23054E-1 7.20998E-1 7.12646E-1 7.15949E-1 6.7929E-1 6.7001E-1 6.89757E-1 6.80439E-1 6.98204E-1 6.96099E-1 6.86762E-1 6.67243E-1 6.75104E-1 6.84997E-1 7.08483E-1 7.18707E-1 7.39771E-1 7.33753E-1 7.04179E-1 6.8203E-1 6.94226E-1 6.95542E-1 7.27592E-1 7.4345E-1 7.41086E-1 7.4034E-1 7.35826E-1 7.47599E-1 7.49678E-1 7.64135E-1 7.39467E-1 7.15883E-1 7.36792E-1 7.54043E-1 7.5685E-1 7.56333E-1 7.60275E-1 7.60053E-1 -9999 -9999 -9999 -9999 -9999 -9999 -9999 -9999 -9999 -9999 -9999 -9999 -9999 -9999 -9999 -9999 -9999 -9999 -9999 -9999 -9999
7.16189E-1 7.35828E-1 7.34752E-1 7.2797E-1 7.29544E-1 6.94366E-1 6.6888E-1 6.66669E-1 6.70222E-1 6.69088E-1 6.67555E-1 6.80862E-1 6.82166E-1 6.82436E-1 6.98052E-1 7.1395E-1 7.09314E-1 7.19448E-1 7.1352E-1 7.05814E-1 6.91718E-1 6.80276E-1 6.97118E-1 7.12812E-1 7.22978E-1 7.24531E-1 6.96603E-1 7.04247E-1 7.12999E-1 7.30187E-1 7.5623E-1 7.62081E-1 7.3004E-1 7.14005E-1 7.32776E-1 7.75688E-1 8.14455E-1 -9999 -9999 -9999 -9999 -9999 -9999 -9999 -9999 -9999 -9999 -9999 -9999 -9999 -9999 -9999 -9999 -9999 -9999 -9999 -9999 -9999 -9999 -9999 -9999
