maxent_outputs/white_flowers_troch_bombus_environ/white_224.asc
ncols         426
nrows         180
xllcorner     -130.0
yllcorner     24.0
cellsize      0.16666666666666666
NODATA_value  -9999
[rows 108 to 134 of 180, columns 61 to 121 of 426]
4.27977E-1 4.48471E-1 4.19718E-1 4.48644E-1 4.52518E-1 4.24445E-1 4.77458E-1 4.94062E-1 4.82594E-1 4.48751E-1 4.57116E-1 4.44662E-1 4.0039E-1 4.49071E-1 4.57118E-1 3.98062E-1 4.79062E-1 4.33622E-1 3.92457E-1 4.28642E-1 4.34729E-1 3.69122E-1 4.13407E-1 3.89812E-1 3.81451E-1 4.4743E-1 4.44091E-1 4.05985E-1 4.29917E-1 3.9625E-1 4.32962E-1 4.28192E-1 3.94364E-1 4.04137E-1 4.04283E-1 4.24146E-1 4.11819E-1 4.29867E-1 4.35504E-1 4.46724E-1 4.27289E-1 3.69895E-1 3.43744E-1 3.41974E-1 3.51629E-1 3.74723E-1 3.96306E-1 4.15251E-1 3.91532E-1 3.77418E-1 3.39985E-1 3.37012E-1 3.459E-1 3.51891E-1 3.48991E-1 3.58469E-1 3.52098E-1 3.5874E-1 3.626E-1 3.84272E-1 3.45157E-1
4.2845E-1 4.14341E-1 4.26342E-1 4.49134E-1 4.47891E-1 4.1556E-1 4.66023E-1 5.06328E-1 4.74829E-1 4.80016E-1 4.86528E-1 4.47423E-1 3.53149E-1 3.75673E-1 4.04906E-1 4.04261E-1 4.06063E-1 3.9812E-1 4.06552E-1 3.84847E-1 3.89964E-1 3.90375E-1 4.07602E-1 4.84388E-1 4.17517E-1 3.79025E-1 4.13312E-1 3.99303E-1 4.279E-1 4.2172E-1 4.55682E-1 4.367E-1 4.03429E-1 4.41881E-1 3.91344E-1 4.30691E-1 4.08813E-1 3.99305E-1 4.14313E-1 4.44073E-1 4.16567E-1 3.82871E-1 3.57923E-1 3.36616E-1 3.43015E-1 3.40912E-1 3.52765E-1 3.65082E-1 3.66369E-1 3.62329E-1 3.38825E-1 3.30142E-1 3.4362E-1 3.42965E-1 3.44323E-1 3.37766E-1 3.35946E-1 3.63718E-1 3.5926E-1 3.55617E-1 3.51489E-1
4.44153E-1 4.3165E-1 4.52783E-1 4.55758E-1 4.44921E-1 4.17411E-1 4.72627E-1 4.97815E-1 4.81392E-1 4.57127E-1 4.84992E-1 4.25676E-1 4.02652E-1 3.95789E-1 3.70807E-1 3.89239E-1 3.94382E-1 4.25043E-1 4.10954E-1 4.12041E-1 4.26177E-1 3.86451E-1 3.81121E-1 4.15323E-1 4.02752E-1 4.51575E-1 3.87318E-1 4.51299E-1 4.58408E-1 4.49028E-1 4.53732E-1 4.62307E-1 4.12856E-1 4.46192E-1 3.79063E-1 3.6726E-1 4.22467E-1 3.82976E-1 3.88507E-1 3.81419E-1 3.93638E-1 3.83892E-1 3.79546E-1 3.53447E-1 3.47742E-1 3.49071E-1 3.57029E-1 3.66045E-1 3.66902E-1 3.66738E-1 3.51578E-1 3.30461E-1 3.36796E-1 3.33813E-1 3.34757E-1 3.38723E-1 3.49573E-1 3.55848E-1 3.47614E-1 3.35539E-1 3.45932E-1
4.43539E-1 4.33749E-1 4.46285E-1 4.4685E-1 4.58265E-1 4.33449E-1 4.53652E-1 5.22919E-1 5.16068E-1 4.82094E-1 4.58078E-1 4.29784E-1 4.17799E-1 4.2139E-1 4.00422E-1 4.10532E-1 4.13525E-1 4.02388E-1 4.15389E-1 4.22747E-1 4.23664E-1 4.11474E-1 3.8348E-1 4.33901E-1 4.13349E-1 4.31091E-1 4.01942E-1 4.20503E-1 4.62254E-1 4.43129E-1 4.29419E-1 4.46134E-1 4.5313E-1 4.50622E-1 4.52562E-1 3.71614E-1 3.99983E-1 3.82932E-1 3.93956E-1 3.70399E-1 3.68374E-1 3.90537E-1 3.96636E-1 3.75477E-1 3.85317E-1 3.83035E-1 3.97293E-1 4.17056E-1 4.29016E-1 4.02629E-1 3.68838E-1 3.53575E-1 3.38941E-1 3.32508E-1 3.27425E-1 3.36662E-1 3.64379E-1 3.71953E-1 3.60461E-1 3.38147E-1 3.46218E-1
4.37073E-1 4.34446E-1 4.37348E-1 4.35599E-1 4.56533E-1 4.38313E-1 4.47519E-1 5.03333E-1 5.1091E-1 5.09132E-1 4.48396E-1 3.90161E-1 4.06278E-1 3.84492E-1 3.89485E-1 4.04655E-1 3.68098E-1 3.87159E-1 4.13456E-1 4.07882E-1 3.82505E-1 4.15047E-1 3.68542E-1 3.7783E-1 4.31717E-1 4.41534E-1 4.39669E-1 4.5948E-1 4.51896E-1 4.25104E-1 4.76016E-1 4.53715E-1 4.85856E-1 4.17314E-1 4.54613E-1 3.98157E-1 4.15293E-1 4.16803E-1 3.92498E-1 3.77501E-1 3.92667E-1 3.67906E-1 3.98801E-1 3.69253E-1 3.91891E-1 4.31312E-1 4.16598E-1 3.95189E-1 4.26821E-1 4.20493E-1 3.74499E-1 3.77236E-1 3.6921E-1 3.33356E-1 3.21501E-1 3.44412E-1 3.57096E-1 3.65144E-1 3.50033E-1 3.41652E-1 3.40272E-1
4.40808E-1 4.30611E-1 4.43289E-1 4.51551E-1 4.5333E-1 4.43062E-1 4.44685E-1 5.03934E-1 4.82756E-1 4.70422E-1 4.05507E-1 3.80522E-1 3.82995E-1 3.87122E-1 3.75793E-1 3.69522E-1 3.89766E-1 4.01703E-1 3.75218E-1 3.91823E-1 3.79324E-1 3.74467E-1 3.42868E-1 3.70707E-1 4.25302E-1 4.13394E-1 4.68991E-1 4.57588E-1 4.34009E-1 4.21542E-1 4.43252E-1 4.17806E-1 4.79721E-1 4.17208E-1 4.53269E-1 4.95855E-1 4.30946E-1 4.19777E-1 4.1905E-1 3.84646E-1 3.85846E-1 4.01881E-1 3.72889E-1 3.91836E-1 3.8316E-1 4.38696E-1 4.43776E-1 4.45538E-1 4.37973E-1 4.14838E-1 3.91399E-1 3.89144E-1 3.77955E-1 3.57368E-1 3.3678E-1 3.3127E-1 3.34633E-1 3.44293E-1 3.36785E-1 3.56126E-1 3.51124E-1
4.67774E-1 4.48198E-1 4.47263E-1 4.67248E-1 4.81279E-1 4.71401E-1 5.00428E-1 4.90177E-1 4.43608E-1 4.17431E-1 3.99143E-1 3.80869E-1 3.80433E-1 3.87882E-1 3.79554E-1 3.64481E-1 3.77004E-1 3.93809E-1 3.8989E-1 3.71297E-1 4.11344E-1 4.04099E-1 4.05267E-1 3.78516E-1 3.70434E-1 4.49024E-1 4.29507E-1 4.15428E-1 4.14836E-1 4.2076E-1 4.28495E-1 3.94791E-1 4.44379E-1 4.49563E-1 4.33113E-1 5.00951E-1 4.48269E-1 4.28712E-1 4.23919E-1 4.29843E-1 4.03326E-1 4.4067E-1 3.77214E-1 3.55111E-1 3.75212E-1 3.85771E-1 4.3127E-1 4.72335E-1 4.92342E-1 4.49334E-1 4.0382E-1 3.87603E-1 3.76757E-1 3.7003E-1 3.54661E-1 3.48364E-1 3.31611E-1 3.35859E-1 3.3067E-1 3.43014E-1 3.44165E-1
5.20242E-1 5.05162E-1 4.56268E-1 4.56896E-1 4.38017E-1 4.66626E-1 4.74067E-1 4.62255E-1 4.09216E-1 3.89986E-1 3.78677E-1 3.69913E-1 3.84492E-1 3.96762E-1 3.89904E-1 4.01004E-1 4.13163E-1 4.1649E-1 4.33408E-1 4.16576E-1 3.99836E-1 4.05102E-1 3.98708E-1 4.19226E-1 4.62721E-1 4.44049E-1 4.31988E-1 3.87309E-1 4.34523E-1 4.00038E-1 4.35794E-1 4.14817E-1 4.14378E-1 4.0374E-1 4.02168E-1 4.5219E-1 4.58527E-1 4.05085E-1 4.41678E-1 4.1762E-1 4.18283E-1 4.3162E-1 3.94261E-1 3.73984E-1 3.59912E-1 4.01898E-1 4.28368E-1 4.01284E-1 4.47557E-1 4.57323E-1 4.35644E-1 3.79181E-1 3.73973E-1 3.74025E-1 3.61612E-1 3.52363E-1 3.49273E-1 3.42187E-1 3.36822E-1 3.36597E-1 3.3504E-1
5.72719E-1 5.31973E-1 5.18892E-1 5.06999E-1 4.82249E-1 5.0759E-1 5.15499E-1 5.16318E-1 4.79706E-1 4.23385E-1 4.05392E-1 3.86152E-1 3.80869E-1 3.85872E-1 4.00718E-1 4.12811E-1 4.2389E-1 4.09775E-1 4.23622E-1 4.26976E-1 4.30805E-1 4.30827E-1 4.17734E-1 4.15447E-1 4.1655E-1 4.06294E-1 3.96679E-1 4.38886E-1 4.29292E-1 4.01814E-1 3.91568E-1 4.48974E-1 4.32982E-1 4.46165E-1 4.08453E-1 3.87914E-1 4.31427E-1 4.15743E-1 4.23308E-1 4.3392E-1 4.39743E-1 4.24722E-1 4.08929E-1 4.20171E-1 4.00371E-1 3.91827E-1 4.33882E-1 3.94754E-1 4.10499E-1 4.54655E-1 4.25003E-1 4.04381E-1 4.00194E-1 3.8214E-1 3.73643E-1 3.65698E-1 3.43036E-1 3.44526E-1 3.42927E-1 3.47784E-1 3.46383E-1
6.4452E-1 6.16888E-1 6.02591E-1 5.42616E-1 5.65428E-1 5.58042E-1 5.22037E-1 5.02692E-1 4.87428E-1 4.5888E-1 4.27511E-1 4.15846E-1 4.07832E-1 3.9019E-1 4.02516E-1 4.02994E-1 4.09519E-1 4.03242E-1 4.10455E-1 4.01014E-1 4.19376E-1 4.29419E-1 4.44833E-1 4.36859E-1 4.13103E-1 3.74505E-1 3.82531E-1 4.2006E-1 4.18316E-1 4.03811E-1 4.11014E-1 3.92716E-1 4.16048E-1 4.27839E-1 4.29291E-1 4.05289E-1 4.15352E-1 4.16566E-1 4.31878E-1 4.26791E-1 4.26688E-1 4.13791E-1 4.04131E-1 4.18778E-1 4.62995E-1 4.22816E-1 3.97626E-1 4.40164E-1 4.33329E-1 4.6105E-1 4.68955E-1 4.50636E-1 4.39324E-1 4.13884E-1 3.93527E-1 3.77242E-1 3.71745E-1 3.60507E-1 3.52189E-1 3.66091E-1 3.72985E-1
-9999 -9999 6.49897E-1 6.60525E-1 6.40811E-1 6.06039E-1 5.49039E-1 5.51712E-1 5.61021E-1 5.29938E-1 4.97925E-1 5.12762E-1 4.86809E-1 4.73788E-1 4.92572E-1 4.76287E-1 4.60676E-1 4.60175E-1 4.53015E-1 4.54478E-1 4.17766E-1 4.01434E-1 3.91586E-1 4.09412E-1 4.25104E-1 3.97545E-1 3.70173E-1 3.90876E-1 3.82719E-1 4.34216E-1 4.44075E-1 4.10166E-1 4.37144E-1 4.36645E-1 4.28816E-1 4.05323E-1 4.10088E-1 4.03874E-1 3.80656E-1 3.92933E-1 4.00524E-1 4.22833E-1 4.40585E-1 4.09273E-1 4.49378E-1 4.48883E-1 4.15153E-1 4.47245E-1 4.63984E-1 4.62986E-1 4.30112E-1 4.35402E-1 4.47278E-1 4.41854E-1 4.22013E-1 4.18339E-1 4.14189E-1 4.06699E-1 3.89901E-1 3.94493E-1 4.01718E-1
7.51671E-1 7.46434E-1 8.69779E-1 7.55097E-1 7.15382E-1 6.58671E-1 6.30244E-1 6.33506E-1 6.70479E-1 5.98872E-1 5.49007E-1 5.50674E-1 5.31046E-1 5.18809E-1 5.17956E-1 4.97864E-1 4.98132E-1 5.07236E-1 4.97267E-1 4.87605E-1 4.61802E-1 4.37226E-1 4.48736E-1 4.35552E-1 3.98695E-1 4.11508E-1 4.2743E-1 4.0343E-1 3.98092E-1 3.85141E-1 3.92829E-1 4.11931E-1 3.94508E-1 3.84731E-1 3.77441E-1 3.79544E-1 3.90122E-1 3.86421E-1 4.15806E-1 3.95736E-1 3.78065E-1 3.76455E-1 4.05374E-1 4.50256E-1 4.66192E-1 4.86279E-1 4.61039E-1 4.64934E-1 4.56047E-1 4.87004E-1 4.64621E-1 4.52054E-1 4.28227E-1 4.24114E-1 4.26287E-1 4.18345E-1 4.14769E-1 4.16015E-1 4.30513E-1 4.49407E-1 4.56423E-1
7.60864E-1 7.31603E-1 -9999 -9999 -9999 -9999 -9999 -9999 7.18211E-1 6.48579E-1 6.07911E-1 5.93644E-1 5.63798E-1 5.43212E-1 5.15371E-1 4.77906E-1 4.63313E-1 4.76135E-1 4.92376E-1 4.6288E-1 4.6026E-1 4.79873E-1 4.69615E-1 4.62863E-1 4.15533E-1 4.2178E-1 4.31437E-1 4.16048E-1 4.43069E-1 4.24802E-1 3.96085E-1 4.24976E-1 4.02594E-1 3.68375E-1 3.81497E-1 3.70011E-1 3.85799E-1 4.15957E-1 3.8009E-1 3.8005E-1 3.72872E-1 3.85493E-1 4.08064E-1 4.2572E-1 4.47756E-1 4.54764E-1 4.53853E-1 4.7016E-1 4.6384E-1 4.85288E-1 4.88192E-1 4.51045E-1 4.57882E-1 4.57353E-1 4.24598E-1 4.27267E-1 4.19169E-1 3.90293E-1 4.20421E-1 4.35083E-1 4.86749E-1
-9999 -9999 -9999 -9999 -9999 -9999 -9999 -9999 7.32165E-1 6.95594E-1 6.67989E-1 6.55281E-1 6.24993E-1 5.44517E-1 4.86504E-1 4.3138E-1 4.33154E-1 4.55272E-1 5.07363E-1 5.12784E-1 4.54718E-1 4.46209E-1 4.675E-1 4.6241E-1 4.47694E-1 4.50604E-1 4.22606E-1 3.88221E-1 4.54016E-1 4.38932E-1 4.13689E-1 4.34652E-1 4.04404E-1 3.7982E-1 4.20104E-1 3.74355E-1 3.9954E-1 3.92663E-1 4.28543E-1 4.31409E-1 4.06557E-1 3.96584E-1 3.83811E-1 3.81009E-1 4.026E-1 4.26335E-1 4.23605E-1 4.35332E-1 4.38154E-1 4.66509E-1 4.95603E-1 4.57592E-1 4.6899E-1 4.76905E-1 4.44749E-1 4.46991E-1 4.29415E-1 4.01005E-1 3.91714E-1 4.06817E-1 4.45682E-1
-9999 -9999 -9999 -9999 -9999 -9999 -9999 -9999 -9999 -9999 7.57982E-1 7.37216E-1 6.71338E-1 6.10635E-1 5.398E-1 4.84989E-1 4.58639E-1 4.51417E-1 4.63115E-1 4.80841E-1 4.87089E-1 4.54068E-1 4.38292E-1 4.86813E-1 4.76466E-1 4.3414E-1 4.54592E-1 4.46131E-1 4.06416E-1 3.97838E-1 4.00934E-1 3.95134E-1 4.32297E-1 4.04736E-1 4.37895E-1 4.2727E-1 3.75196E-1 3.73879E-1 3.701E-1 3.68452E-1 4.05172E-1 3.98424E-1 3.76798E-1 4.26283E-1 3.88138E-1 4.11037E-1 4.3903E-1 4.41057E-1 4.52033E-1 4.41494E-1 4.87918E-1 5.04209E-1 4.77619E-1 4.53237E-1 4.54099E-1 4.47391E-1 4.52256E-1 4.33497E-1 4.04433E-1 3.82162E-1 4.07787E-1
-9999 -9999 -9999 -9999 8.95738E-1 -9999 -9999 7.91249E-1 7.44803E-1 9.04919E-1 -9999 -9999 7.10084E-1 6.74707E-1 6.14052E-1 5.88596E-1 5.33344E-1 4.87734E-1 4.70023E-1 4.78493E-1 4.76733E-1 4.95881E-1 4.97943E-1 6.07748E-1 4.86338E-1 4.92588E-1 4.57178E-1 4.39541E-1 4.29891E-1 4.19881E-1 4.05268E-1 4.11438E-1 4.28834E-1 3.83311E-1 4.40883E-1 4.43946E-1 4.25885E-1 4.01707E-1 4.12609E-1 3.99721E-1 3.83658E-1 3.7631E-1 3.61086E-1 3.73792E-1 3.78764E-1 3.88989E-1 4.21199E-1 4.32934E-1 4.36132E-1 4.35919E-1 4.71067E-1 5.12574E-1 4.94476E-1 4.65055E-1 4.44015E-1 4.10949E-1 4.00747E-1 4.04243E-1 4.05129E-1 4.14436E-1 3.7218E-1
-9999 8.20555E-1 7.56944E-1 -9999 -9999 -9999 -9999 -9999 7.59017E-1 7.9329E-1 -9999 -9999 -9999 -9999 7.03783E-1 6.30926E-1 5.58596E-1 5.08613E-1 4.53617E-1 4.5223E-1 4.49831E-1 4.21162E-1 4.66516E-1 4.98005E-1 6.35193E-1 5.28049E-1 4.45839E-1 4.47657E-1 4.11983E-1 4.08688E-1 4.20265E-1 4.50367E-1 4.46741E-1 4.34237E-1 4.35923E-1 4.59925E-1 4.2859E-1 4.11898E-1 4.03767E-1 4.15976E-1 3.97061E-1 3.8299E-1 3.75122E-1 3.80803E-1 3.73496E-1 4.18857E-1 3.85934E-1 3.8644E-1 3.98166E-1 3.84125E-1 3.98518E-1 4.63842E-1 4.98312E-1 4.99839E-1 4.74404E-1 4.39663E-1 3.86186E-1 3.92781E-1 4.0171E-1 3.66418E-1 3.87808E-1
-9999 -9999 -9999 -9999 -9999 -9999 -9999 8.46085E-1 -9999 -9999 -9999 -9999 -9999 -9999 7.74825E-1 6.99054E-1 6.0264E-1 5.12483E-1 4.87442E-1 4.58994E-1 4.50035E-1 4.77395E-1 4.68224E-1 4.30146E-1 4.8681E-1 4.49312E-1 4.18645E-1 4.1648E-1 4.33894E-1 4.45096E-1 4.59683E-1 4.65111E-1 4.42542E-1 4.44098E-1 4.67017E-1 4.1756E-1 4.21658E-1 4.16472E-1 3.91679E-1 3.85944E-1 3.93435E-1 3.92867E-1 3.92799E-1 4.01056E-1 3.89432E-1 3.8076E-1 3.75675E-1 3.61385E-1 3.80771E-1 3.69533E-1 3.82058E-1 4.32514E-1 4.57446E-1 4.64055E-1 4.58221E-1 4.5323E-1 4.42192E-1 4.43021E-1 3.78298E-1 3.91833E-1 4.03114E-1
-9999 -9999 -9999 -9999 -9999 -9999 -9999 8.11118E-1 7.66728E-1 -9999 -9999 -9999 -9999 -9999 -9999 7.20582E-1 6.27951E-1 5.6867E-1 5.21212E-1 4.59766E-1 4.80909E-1 4.82818E-1 4.85457E-1 4.54157E-1 4.36576E-1 4.18541E-1 4.15963E-1 3.95371E-1 3.89636E-1 4.08022E-1 4.47483E-1 4.61475E-1 4.4226E-1 4.26935E-1 4.45223E-1 4.23053E-1 3.8555E-1 3.79368E-1 3.64031E-1 3.74336E-1 3.77537E-1 3.65308E-1 3.65648E-1 3.86218E-1 4.17289E-1 3.89967E-1 3.85926E-1 3.62937E-1 3.6647E-1 3.53833E-1 3.771E-1 4.08729E-1 4.40242E-1 4.48637E-1 4.17042E-1 4.48816E-1 4.40871E-1 4.63218E-1 3.95607E-1 3.53538E-1 3.74538E-1
-9999 -9999 -9999 -9999 -9999 -9999 -9999 -9999 7.95367E-1 -9999 -9999 -9999 -9999 -9999 -9999 7.69704E-1 6.84586E-1 6.13199E-1 5.53932E-1 5.0697E-1 4.94402E-1 4.85688E-1 5.00343E-1 4.80881E-1 4.42226E-1 4.28015E-1 4.18186E-1 3.97022E-1 3.86311E-1 4.02795E-1 4.33648E-1 4.25107E-1 4.51913E-1 4.69398E-1 4.21336E-1 3.86975E-1 3.92447E-1 3.71184E-1 3.78933E-1 3.68918E-1 3.53824E-1 3.57223E-1 3.89567E-1 4.04089E-1 4.299E-1 3.89325E-1 4.21355E-1 3.63826E-1 3.52039E-1 3.51523E-1 3.93922E-1 3.90391E-1 4.34063E-1 4.5683E-1 4.27168E-1 4.25407E-1 4.67164E-1 4.14103E-1 4.35042E-1 4.43498E-1 3.82126E-1
-9999 -9999 -9999 -9999 -9999 -9999 -9999 -9999 -9999 -9999 -9999 -9999 -9999 -9999 -9999 -9999 7.2011E-1 6.51713E-1 5.76875E-1 5.32809E-1 4.79004E-1 4.57952E-1 4.91061E-1 5.10918E-1 4.86648E-1 4.68976E-1 4.42515E-1 4.20282E-1 4.13214E-1 4.11115E-1 4.16353E-1 4.12125E-1 4.2177E-1 4.57939E-1 4.07862E-1 4.0627E-1 3.91225E-1 3.98815E-1 3.8429E-1 3.85319E-1 3.99696E-1 3.82373E-1 4.05923E-1 4.12972E-1 4.16349E-1 3.78489E-1 3.90784E-1 3.75162E-1 3.68496E-1 3.70168E-1 3.78114E-1 3.86567E-1 4.48668E-1 4.34898E-1 4.67374E-1 4.14843E-1 4.4111E-1 4.34606E-1 3.68064E-1 4.05154E-1 4.08491E-1
-9999 -9999 -9999 -9999 -9999 -9999 -9999 -9999 -9999 -9999 -9999 -9999 -9999 -9999 -9999 8.81665E-1 7.04205E-1 6.64994E-1 5.947E-1 5.4087E-1 5.07356E-1 4.92625E-1 4.96809E-1 5.24697E-1 4.89138E-1 5.2584E-1 5.24602E-1 4.64034E-1 4.34114E-1 4.19061E-1 4.25812E-1 4.05505E-1 4.03423E-1 4.30735E-1 4.225E-1 4.158E-1 4.04295E-1 3.96552E-1 4.06274E-1 4.07008E-1 4.15713E-1 4.20331E-1 3.99198E-1 4.11876E-1 4.03504E-1 3.81468E-1 3.86757E-1 3.79896E-1 3.60829E-1 4.03428E-1 4.02705E-1 3.69626E-1 4.19713E-1 4.6316E-1 5.02127E-1 4.31295E-1 3.83499E-1 4.21271E-1 4.01467E-1 3.51468E-1 3.80729E-1
-9999 -9999 -9999 -9999 -9999 -9999 -9999 -9999 -9999 -9999 -9999 -9999 -9999 -9999 -9999 -9999 7.18968E-1 6.98352E-1 6.34057E-1 5.57347E-1 5.28787E-1 5.42252E-1 5.06001E-1 5.45198E-1 5.23969E-1 4.89019E-1 5.8705E-1 4.87153E-1 4.41802E-1 4.31532E-1 4.2479E-1 4.12706E-1 4.05047E-1 3.90551E-1 4.42851E-1 4.20913E-1 4.396E-1 4.12998E-1 4.01511E-1 3.82279E-1 3.96407E-1 4.01136E-1 3.78332E-1 3.76958E-1 3.51891E-1 3.79536E-1 3.76889E-1 3.70498E-1 3.78017E-1 3.63904E-1 3.97052E-1 3.81989E-1 4.31107E-1 4.26558E-1 4.31323E-1 4.49843E-1 3.92134E-1 3.71252E-1 3.84723E-1 3.41658E-1 3.51635E-1
-9999 -9999 -9999 -9999 -9999 -9999 -9999 -9999 -9999 -9999 -9999 -9999 -9999 -9999 -9999 -9999 -9999 7.1575E-1 6.41376E-1 5.83291E-1 5.51666E-1 5.44331E-1 5.4168E-1 5.06583E-1 5.97503E-1 5.36736E-1 5.63008E-1 5.50058E-1 4.60876E-1 4.48479E-1 4.40149E-1 4.20078E-1 4.25073E-1 4.31084E-1 4.00728E-1 4.35844E-1 4.46424E-1 4.06955E-1 3.97699E-1 4.08658E-1 3.81648E-1 4.10163E-1 3.94687E-1 3.79001E-1 3.40434E-1 3.78062E-1 3.96495E-1 4.01816E-1 4.08551E-1 3.78625E-1 3.83085E-1 3.67695E-1 3.92435E-1 3.94882E-1 3.87353E-1 4.06579E-1 3.80374E-1 3.54364E-1 3.86757E-1 3.41579E-1 3.31613E-1
-9999 -9999 -9999 -9999 -9999 -9999 -9999 -9999 -9999 -9999 -9999 -9999 -9999 -9999 -9999 -9999 -9999 7.16911E-1 6.94468E-1 6.60438E-1 6.02935E-1 4.8801E-1 5.42211E-1 5.23978E-1 6.06011E-1 6.13446E-1 6.09297E-1 5.56136E-1 5.24576E-1 5.43783E-1 5.40869E-1 4.50505E-1 4.34523E-1 4.34902E-1 4.08295E-1 3.91053E-1 4.04742E-1 4.32563E-1 4.19263E-1 3.966E-1 4.19266E-1 4.01815E-1 3.81671E-1 3.81201E-1 3.73036E-1 3.5383E-1 3.51064E-1 3.71689E-1 3.89848E-1 4.30508E-1 3.59406E-1 3.96131E-1 3.82662E-1 3.6482E-1 3.79131E-1 3.60474E-1 3.75456E-1 3.28005E-1 3.7407E-1 3.88261E-1 3.37994E-1
-9999 -9999 -9999 -9999 -9999 -9999 -9999 -9999 -9999 -9999 -9999 -9999 -9999 -9999 -9999 -9999 -9999 -9999 7.91804E-1 6.63487E-1 6.30412E-1 5.5966E-1 5.36009E-1 5.52631E-1 5.79298E-1 5.90116E-1 6.34311E-1 5.57435E-1 5.95643E-1 5.86238E-1 5.83415E-1 5.40595E-1 4.74629E-1 4.3819E-1 4.22888E-1 4.14865E-1 4.12577E-1 4.66109E-1 4.56215E-1 3.98456E-1 4.02009E-1 4.19278E-1 3.96354E-1 3.67692E-1 3.48851E-1 3.49008E-1 3.40736E-1 3.49268E-1 3.62792E-1 4.17874E-1 3.46318E-1 3.5761E-1 3.45638E-1 3.78275E-1 3.79259E-1 3.3756E-1 3.8733E-1 3.3371E-1 3.67599E-1 3.80697E-1 3.49827E-1
-9999 -9999 -9999 -9999 -9999 -9999 -9999 -9999 -9999 -9999 -9999 -9999 -9999 -9999 -9999 -9999 -9999 -9999 7.95928E-1 6.89161E-1 6.09938E-1 6.08116E-1 5.74567E-1 5.09417E-1 5.42995E-1 5.73172E-1 6.10631E-1 6.07251E-1 5.95277E-1 5.82885E-1 5.74185E-1 7.42165E-1 5.3302E-1 4.59005E-1 4.58237E-1 5.06693E-1 4.48112E-1 4.21854E-1 4.38446E-1 3.96993E-1 4.17055E-1 3.89629E-1 4.1074E-1 3.65146E-1 3.44757E-1 3.51389E-1 3.8083E-1 3.59726E-1 3.5017E-1 3.76936E-1 3.51881E-1 3.41605E-1 3.50683E-1 3.63701E-1 3.57123E-1 3.50664E-1 3.66085E-1 3.44054E-1 3.50302E-1 3.74323E-1 3.30089E-1
