maxent_outputs/white_flowers_troch_bombus_environ/white_92.asc
ncols         426
nrows         180
xllcorner     -130.0
yllcorner     24.0
cellsize      0.16666666666666666
NODATA_value  -9999
[rows 0 to 26 of 180, columns 61 to 121 of 426]
1.78912E-1 1.81083E-1 2.17106E-1 2.34641E-1 2.57706E-1 2.36364E-1 2.33184E-1 2.28815E-1 2.28575E-1 2.25444E-1 2.35386E-1 2.40764E-1 2.3372E-1 2.39655E-1 2.35666E-1 2.30104E-1 2.45741E-1 2.32006E-1 2.10662E-1 2.02148E-1 2.09901E-1 2.10913E-1 2.13062E-1 2.18533E-1 2.24071E-1 2.24698E-1 2.21419E-1 1.97585E-1 1.93185E-1 1.89862E-1 1.90216E-1 1.98011E-1 2.15029E-1 2.08281E-1 2.07689E-1 1.95916E-1 1.91082E-1 1.81921E-1 1.91922E-1 1.98234E-1 1.91957E-1 1.97739E-1 1.89172E-1 1.91616E-1 1.9078E-1 1.84863E-1 1.89769E-1 1.88891E-1 1.87921E-1 1.79914E-1 1.74949E-1 1.7845E-1 1.73643E-1 1.74242E-1 1.75416E-1 1.70142E-1 1.71544E-1 1.68545E-1 1.67656E-1 1.64302E-1 1.73813E-1
1.75666E-1 1.72149E-1 2.48409E-1 2.09742E-1 2.06528E-1 2.08892E-1 2.09625E-1 2.00218E-1 2.10771E-1 2.22627E-1 2.25242E-1 2.33816E-1 2.34359E-1 2.35957E-1 2.29942E-1 2.3759E-1 2.40404E-1 2.14938E-1 2.229E-1 2.30545E-1 2.32295E-1 2.14918E-1 1.98431E-1 1.94418E-1 1.93552E-1 1.92125E-1 2.14463E-1 1.95679E-1 1.9702E-1 2.0904E-1 2.17493E-1 2.22051E-1 2.29414E-1 2.13065E-1 2.2545E-1 2.19951E-1 1.87793E-1 1.92556E-1 1.91261E-1 2.02692E-1 2.12322E-1 2.14863E-1 2.22184E-1 2.00689E-1 1.98215E-1 1.96482E-1 1.87575E-1 1.88808E-1 1.88975E-1 1.86373E-1 1.82846E-1 1.8118E-1 1.78233E-1 1.72666E-1 1.70534E-1 1.70793E-1 1.66681E-1 1.65459E-1 1.61207E-1 1.56509E-1 1.578E-1
1.75352E-1 1.87849E-1 1.76621E-1 2.03168E-1 1.42537E-1 1.55294E-1 1.49041E-1 1.60765E-1 1.71555E-1 1.92819E-1 2.12123E-1 2.27235E-1 2.28757E-1 2.13824E-1 2.17413E-1 2.3675E-1 2.38597E-1 2.40583E-1 2.38682E-1 2.26561E-1 2.19476E-1 2.16717E-1 2.09809E-1 2.13522E-1 2.09181E-1 2.15373E-1 2.13543E-1 1.9494E-1 1.91117E-1 2.0114E-1 2.25543E-1 2.33243E-1 2.30453E-1 2.23405E-1 2.3009E-1 2.30256E-1 2.21415E-1 2.45631E-1 2.49918E-1 2.35828E-1 2.20739E-1 2.23582E-1 2.21044E-1 2.03538E-1 1.92929E-1 1.97209E-1 1.91446E-1 1.89916E-1 1.91773E-1 1.85447E-1 1.85508E-1 1.79773E-1 1.81385E-1 1.76435E-1 1.71124E-1 1.69178E-1 1.67502E-1 1.65974E-1 1.65044E-1 1.58896E-1 1.52375E-1
1.74559E-1 1.45191E-1 1.18781E-1 1.88509E-1 1.39011E-1 1.23824E-1 1.34321E-1 1.63446E-1 1.99667E-1 1.97883E-1 1.936E-1 2.14928E-1 2.31828E-1 2.32861E-1 2.20047E-1 2.20018E-1 2.29978E-1 2.35003E-1 2.38431E-1 2.27979E-1 2.32137E-1 2.27338E-1 2.22058E-1 2.19257E-1 2.1991E-1 2.20072E-1 2.26552E-1 2.18115E-1 2.15975E-1 2.06035E-1 2.00503E-1 2.16959E-1 2.43152E-1 2.22071E-1 2.20632E-1 2.08643E-1 2.21559E-1 2.2967E-1 2.26301E-1 2.12501E-1 2.25847E-1 2.24632E-1 2.28537E-1 2.30351E-1 1.98255E-1 1.9305E-1 1.93055E-1 1.86669E-1 1.87169E-1 1.86952E-1 1.85668E-1 1.86369E-1 1.8177E-1 1.76832E-1 1.74257E-1 1.72511E-1 1.69091E-1 1.71738E-1 1.689E-1 1.65942E-1 1.59989E-1
1.85087E-1 1.89827E-1 1.55987E-1 1.35019E-1 1.21873E-1 1.17936E-1 1.38236E-1 1.5418E-1 1.47827E-1 1.94872E-1 2.05912E-1 2.33831E-1 2.18455E-1 1.97697E-1 1.99988E-1 2.15666E-1 2.1733E-1 2.29873E-1 2.29887E-1 2.24647E-1 2.22807E-1 2.19974E-1 2.19936E-1 2.20427E-1 2.17249E-1 2.18538E-1 2.12268E-1 2.14819E-1 2.03877E-1 2.13583E-1 2.16777E-1 2.2298E-1 2.3104E-1 2.34271E-1 2.3279E-1 2.29333E-1 2.28097E-1 2.24699E-1 2.13762E-1 1.98951E-1 1.99692E-1 2.12336E-1 2.18766E-1 2.21739E-1 2.12698E-1 2.06672E-1 2.02835E-1 1.883E-1 1.89709E-1 1.97132E-1 1.89182E-1 1.93603E-1 1.84652E-1 1.8309E-1 1.82464E-1 1.77296E-1 1.75111E-1 1.74121E-1 1.74351E-1 1.72248E-1 1.6462E-1
2.86292E-1 2.6648E-1 1.83182E-1 2.01855E-1 1.48265E-1 1.51798E-1 1.25427E-1 1.31055E-1 1.39018E-1 1.61991E-1 2.32226E-1 2.14112E-1 1.87363E-1 1.66062E-1 1.75416E-1 1.90175E-1 1.95577E-1 1.97986E-1 2.07541E-1 2.14301E-1 2.10664E-1 2.05946E-1 2.0711E-1 2.12459E-1 2.23792E-1 2.24037E-1 2.27734E-1 2.28635E-1 2.27061E-1 2.18953E-1 2.17514E-1 2.22147E-1 2.22718E-1 2.26028E-1 2.36324E-1 2.35249E-1 2.34124E-1 2.26844E-1 2.17094E-1 2.10405E-1 2.05759E-1 1.97516E-1 1.99407E-1 2.05245E-1 2.01663E-1 1.98248E-1 1.98712E-1 1.89155E-1 1.90255E-1 1.95747E-1 1.93057E-1 1.90968E-1 1.79275E-1 1.7767E-1 1.81059E-1 1.8022E-1 1.78512E-1 1.73396E-1 1.71088E-1 1.66606E-1 1.68782E-1
1.54687E-1 2.11099E-1 3.07325E-1 2.44242E-1 1.68622E-1 1.93155E-1 1.95416E-1 1.7545E-1 1.83275E-1 1.84494E-1 2.3719E-1 1.75058E-1 1.71086E-1 1.60394E-1 1.472E-1 1.55229E-1 1.6423E-1 1.75688E-1 1.84548E-1 1.95758E-1 1.97686E-1 2.02101E-1 2.07822E-1 2.19814E-1 2.24154E-1 2.20854E-1 2.30621E-1 2.4039E-1 2.38377E-1 2.09494E-1 2.18396E-1 2.12293E-1 2.11568E-1 2.12618E-1 2.23889E-1 2.21384E-1 2.23646E-1 2.30647E-1 2.28367E-1 2.20743E-1 2.19857E-1 2.11385E-1 2.13221E-1 2.04828E-1 1.94187E-1 1.91242E-1 1.956E-1 1.88889E-1 1.84461E-1 1.96558E-1 1.97681E-1 1.92412E-1 1.839E-1 1.81186E-1 1.80106E-1 1.74621E-1 1.80186E-1 1.70514E-1 1.65388E-1 1.69135E-1 1.63923E-1
1.29525E-1 1.55594E-1 2.2618E-1 3.05127E-1 2.74387E-1 1.83973E-1 1.55736E-1 1.92691E-1 1.53428E-1 1.27226E-1 1.65971E-1 2.0303E-1 1.34807E-1 1.23298E-1 1.27312E-1 1.22513E-1 1.30163E-1 1.63921E-1 1.72651E-1 1.7252E-1 1.85748E-1 2.02172E-1 2.11401E-1 2.17875E-1 2.18408E-1 2.22286E-1 2.27147E-1 2.29746E-1 2.34706E-1 2.28366E-1 2.20545E-1 2.06981E-1 2.01512E-1 1.97212E-1 2.12848E-1 2.19273E-1 2.14524E-1 2.23449E-1 2.28237E-1 2.30663E-1 2.30558E-1 2.22751E-1 2.26056E-1 2.30031E-1 2.19253E-1 2.10236E-1 2.06611E-1 2.00237E-1 1.97219E-1 1.92446E-1 1.93291E-1 1.93744E-1 1.84148E-1 1.78605E-1 1.77599E-1 1.80655E-1 1.78722E-1 1.70671E-1 1.73963E-1 1.68338E-1 1.7613E-1
1.94112E-1 2.09806E-1 2.16518E-1 2.30475E-1 2.66926E-1 2.52948E-1 2.20702E-1 1.54319E-1 1.30162E-1 1.13267E-1 1.60357E-1 1.45332E-1 1.57702E-1 1.25012E-1 9.11331E-2 8.57787E-2 1.10631E-1 1.48796E-1 1.45971E-1 1.54356E-1 1.68652E-1 1.79158E-1 1.77752E-1 1.91222E-1 2.01832E-1 2.08313E-1 2.22254E-1 2.29417E-1 2.3186E-1 2.16885E-1 2.06744E-1 2.05886E-1 1.87436E-1 2.02805E-1 2.1372E-1 2.17943E-1 2.12988E-1 2.20651E-1 2.23084E-1 2.23308E-1 2.29919E-1 2.272E-1 2.22066E-1 2.27392E-1 2.22563E-1 2.2437E-1 2.18199E-1 2.0985E-1 2.0371E-1 2.08295E-1 2.06614E-1 2.05858E-1 1.94692E-1 1.86001E-1 1.84875E-1 1.85246E-1 1.87618E-1 1.8342E-1 1.90177E-1 1.86666E-1 1.82762E-1
2.46981E-1 1.83632E-1 2.25514E-1 2.84232E-1 2.63407E-1 1.49765E-1 2.7825E-1 2.39034E-1 1.82302E-1 1.29968E-1 1.15166E-1 1.17531E-1 1.31108E-1 1.38037E-1 1.13579E-1 9.18206E-2 9.9379E-2 1.18514E-1 1.03701E-1 1.37251E-1 1.62417E-1 1.83526E-1 1.80743E-1 1.79542E-1 1.90611E-1 2.01388E-1 2.1026E-1 2.23454E-1 2.29028E-1 2.08105E-1 1.81018E-1 1.87998E-1 1.94224E-1 2.0706E-1 2.12777E-1 2.11216E-1 2.15419E-1 2.1935E-1 2.23461E-1 2.27625E-1 2.26069E-1 2.35288E-1 2.27267E-1 2.25618E-1 2.16554E-1 2.23321E-1 2.35351E-1 2.25789E-1 2.14727E-1 2.00765E-1 2.0136E-1 1.95384E-1 1.90079E-1 1.89801E-1 1.80755E-1 1.84839E-1 1.78857E-1 1.79143E-1 1.75585E-1 1.74951E-1 1.81659E-1
2.6431E-1 2.4178E-1 2.14875E-1 2.95089E-1 2.38329E-1 1.6261E-1 1.61209E-1 2.74696E-1 2.3727E-1 1.5363E-1 1.53468E-1 9.80889E-2 9.65374E-2 1.10236E-1 9.31279E-2 8.98138E-2 9.54855E-2 8.61864E-2 1.02904E-1 1.3282E-1 1.76791E-1 1.67858E-1 1.62374E-1 1.67692E-1 1.73836E-1 1.84187E-1 1.93459E-1 2.0687E-1 2.15675E-1 2.09997E-1 2.00215E-1 1.95679E-1 1.92889E-1 1.76058E-1 1.98775E-1 2.04738E-1 2.18693E-1 2.23203E-1 2.24417E-1 2.25236E-1 2.27471E-1 2.25468E-1 2.21643E-1 2.21426E-1 2.1525E-1 2.05178E-1 2.07038E-1 2.15656E-1 2.23711E-1 2.12083E-1 1.8185E-1 1.88143E-1 1.96244E-1 1.92122E-1 1.92188E-1 1.90976E-1 1.88544E-1 1.85414E-1 1.85458E-1 1.81958E-1 1.86723E-1
2.84546E-1 2.94487E-1 2.92244E-1 3.07239E-1 2.74381E-1 1.77309E-1 2.1413E-1 2.94923E-1 3.05283E-1 2.64154E-1 2.03746E-1 1.43443E-1 1.24371E-1 1.05373E-1 1.19679E-1 9.47406E-2 1.10755E-1 1.1918E-1 1.07924E-1 1.48301E-1 1.82485E-1 1.37067E-1 1.41459E-1 1.54724E-1 1.65509E-1 1.69331E-1 1.75012E-1 1.92803E-1 2.01008E-1 2.069E-1 2.07753E-1 2.0863E-1 2.05699E-1 2.01562E-1 2.02642E-1 2.11023E-1 2.08716E-1 2.11404E-1 2.1398E-1 2.14619E-1 2.20882E-1 2.19406E-1 2.18037E-1 2.13663E-1 2.02028E-1 1.99302E-1 2.13781E-1 1.88261E-1 1.78135E-1 1.80229E-1 1.77175E-1 1.65848E-1 1.71247E-1 1.77187E-1 1.72016E-1 1.82475E-1 1.85486E-1 1.85105E-1 1.86299E-1 1.89567E-1 1.92107E-1
2.65669E-1 2.89896E-1 2.88394E-1 2.99857E-1 3.08737E-1 2.25173E-1 2.57647E-1 3.16388E-1 2.31832E-1 1.71572E-1 2.23088E-1 2.73329E-1 1.85906E-1 1.24074E-1 1.49319E-1 1.36914E-1 9.25195E-2 1.08927E-1 1.57994E-1 1.18633E-1 1.23839E-1 9.50609E-2 1.14737E-1 1.38144E-1 1.52286E-1 1.58499E-1 1.66337E-1 1.84347E-1 1.92998E-1 1.99028E-1 2.00785E-1 2.03359E-1 2.08728E-1 2.09745E-1 2.12006E-1 2.10107E-1 2.04954E-1 2.08822E-1 2.07639E-1 2.08226E-1 2.1227E-1 2.14955E-1 1.96505E-1 2.0928E-1 2.03809E-1 1.9026E-1 2.03208E-1 1.94032E-1 1.92906E-1 1.68236E-1 1.55787E-1 1.54875E-1 1.57329E-1 1.44403E-1 1.5844E-1 1.74766E-1 1.67359E-1 1.66205E-1 1.71668E-1 1.75763E-1 1.81096E-1
3.10751E-1 3.19267E-1 3.24097E-1 3.15394E-1 3.01791E-1 2.04975E-1 2.97109E-1 3.28046E-1 2.36009E-1 1.77986E-1 1.57942E-1 1.27938E-1 2.45097E-1 2.76241E-1 2.3474E-1 1.66417E-1 1.2093E-1 9.06573E-2 1.12829E-1 1.03473E-1 9.52413E-2 8.37351E-2 1.06434E-1 1.12434E-1 1.29021E-1 1.46278E-1 1.59353E-1 1.74924E-1 1.85393E-1 1.96314E-1 2.00336E-1 2.02993E-1 2.01474E-1 2.02912E-1 2.09043E-1 2.08395E-1 2.10441E-1 2.07209E-1 2.12389E-1 2.08966E-1 2.05304E-1 2.14596E-1 1.98155E-1 1.97885E-1 2.06562E-1 2.04986E-1 2.00883E-1 1.97622E-1 2.05644E-1 1.75495E-1 1.58298E-1 1.53128E-1 1.6268E-1 1.55153E-1 1.51057E-1 1.73066E-1 1.79785E-1 1.68169E-1 1.63727E-1 1.66391E-1 1.64528E-1
3.34815E-1 3.3613E-1 3.2456E-1 3.47113E-1 2.9752E-1 2.62485E-1 2.46656E-1 3.37173E-1 3.05171E-1 2.85226E-1 2.38081E-1 1.31753E-1 1.72191E-1 2.01669E-1 2.88843E-1 2.35855E-1 1.74256E-1 1.5368E-1 1.28591E-1 8.97694E-2 9.25608E-2 9.99943E-2 8.82356E-2 1.13729E-1 1.21876E-1 1.34031E-1 1.56818E-1 1.72969E-1 1.79661E-1 1.85707E-1 1.94634E-1 2.03694E-1 2.04686E-1 2.05593E-1 2.18935E-1 2.16956E-1 2.13204E-1 2.12335E-1 2.12194E-1 2.12519E-1 2.15159E-1 2.16046E-1 2.00853E-1 1.92734E-1 2.05363E-1 2.14336E-1 2.17801E-1 2.02848E-1 2.03541E-1 1.92565E-1 1.65558E-1 1.63197E-1 1.56261E-1 1.65777E-1 1.67287E-1 1.71378E-1 1.74695E-1 1.68796E-1 1.73358E-1 1.7556E-1 1.68342E-1
2.89748E-1 3.02377E-1 4.01943E-1 3.11871E-1 3.035E-1 3.40249E-1 3.02037E-1 2.71863E-1 3.63465E-1 2.71399E-1 2.3318E-1 1.62142E-1 1.72412E-1 2.05478E-1 2.5279E-1 1.92009E-1 2.75109E-1 2.01572E-1 1.27458E-1 1.59669E-1 1.16816E-1 1.16667E-1 1.22486E-1 8.40053E-2 1.11816E-1 1.19944E-1 1.24678E-1 1.47618E-1 1.73975E-1 1.87566E-1 1.9527E-1 1.99568E-1 2.04339E-1 2.07753E-1 2.15526E-1 2.26258E-1 2.21074E-1 2.13369E-1 2.09086E-1 2.12306E-1 2.14947E-1 2.17829E-1 2.19778E-1 2.10657E-1 1.95074E-1 1.99582E-1 2.1096E-1 2.13443E-1 2.00597E-1 1.97237E-1 1.66688E-1 1.68508E-1 1.72485E-1 1.77509E-1 1.6732E-1 1.70667E-1 1.75335E-1 1.73427E-1 1.71067E-1 1.79051E-1 1.77145E-1
3.26445E-1 3.81051E-1 3.59326E-1 3.06985E-1 3.48848E-1 4.44947E-1 2.91878E-1 2.16766E-1 2.33412E-1 3.5443E-1 2.57565E-1 1.86808E-1 2.51693E-1 1.96314E-1 1.81951E-1 1.54031E-1 1.80459E-1 2.72007E-1 2.08519E-1 1.91324E-1 1.1965E-1 9.9568E-2 1.17113E-1 1.42455E-1 1.34432E-1 1.50467E-1 1.52491E-1 1.45197E-1 1.79333E-1 2.03755E-1 2.10355E-1 2.12985E-1 2.04415E-1 2.0698E-1 2.18069E-1 2.18966E-1 2.33709E-1 2.25725E-1 2.16308E-1 2.17637E-1 2.15852E-1 2.20034E-1 2.16361E-1 2.16595E-1 2.2363E-1 2.21486E-1 2.11474E-1 1.99873E-1 1.79816E-1 1.66272E-1 1.55237E-1 1.59703E-1 1.73984E-1 1.91725E-1 1.71274E-1 1.7593E-1 1.79928E-1 1.64682E-1 1.72894E-1 1.80989E-1 1.83817E-1
3.86059E-1 3.38282E-1 3.17806E-1 2.99661E-1 3.78676E-1 4.64446E-1 3.23028E-1 3.17572E-1 2.72576E-1 3.67844E-1 2.74715E-1 3.01173E-1 2.08235E-1 2.17111E-1 1.34258E-1 1.71544E-1 1.65523E-1 2.034E-1 2.59356E-1 2.42037E-1 1.81607E-1 1.33679E-1 1.18577E-1 1.13703E-1 1.21373E-1 1.48468E-1 1.66723E-1 1.61091E-1 1.97325E-1 2.07953E-1 2.1114E-1 2.18089E-1 2.13845E-1 2.2209E-1 2.38332E-1 2.32308E-1 2.24552E-1 2.21306E-1 2.2066E-1 2.22907E-1 2.15161E-1 2.10441E-1 2.03788E-1 2.07802E-1 2.19666E-1 2.24083E-1 2.14096E-1 1.86467E-1 1.69565E-1 1.66858E-1 1.52444E-1 1.49398E-1 1.46995E-1 1.59664E-1 1.73025E-1 1.80624E-1 1.9334E-1 1.81085E-1 1.6998E-1 1.7365E-1 1.90001E-1
3.6419E-1 4.49488E-1 5.08121E-1 4.93169E-1 5.02136E-1 4.14925E-1 3.76949E-1 3.39595E-1 3.32247E-1 3.31535E-1 3.68031E-1 2.98741E-1 2.33692E-1 3.00098E-1 1.71565E-1 1.89221E-1 1.48356E-1 1.69603E-1 1.49011E-1 2.3295E-1 2.63826E-1 1.8884E-1 1.83353E-1 1.51328E-1 1.09872E-1 9.17247E-2 1.35827E-1 1.2827E-1 1.58253E-1 1.52106E-1 1.87263E-1 2.06391E-1 2.18364E-1 2.15099E-1 2.3371E-1 2.29299E-1 2.13645E-1 2.1622E-1 2.26409E-1 2.23195E-1 2.23027E-1 2.19576E-1 2.24974E-1 2.24163E-1 2.33872E-1 2.33465E-1 2.24073E-1 2.15695E-1 2.13455E-1 2.02721E-1 1.92671E-1 2.11489E-1 2.23816E-1 2.15748E-1 2.0448E-1 2.08646E-1 2.18367E-1 2.01028E-1 1.98951E-1 2.04195E-1 1.97003E-1
4.20196E-1 3.59188E-1 3.87396E-1 5.14681E-1 4.8517E-1 3.20071E-1 3.52566E-1 3.98106E-1 2.94726E-1 2.51187E-1 3.49826E-1 3.94657E-1 3.7714E-1 2.70557E-1 2.24531E-1 2.24693E-1 2.16083E-1 1.43763E-1 1.32605E-1 1.32868E-1 1.96761E-1 2.67478E-1 2.13676E-1 1.94585E-1 1.46628E-1 1.2134E-1 1.02053E-1 1.12442E-1 1.34533E-1 1.41549E-1 1.65352E-1 2.07466E-1 2.16893E-1 2.12393E-1 2.20385E-1 2.31018E-1 2.23756E-1 2.2627E-1 2.40206E-1 2.39093E-1 2.4347E-1 2.43751E-1 2.36985E-1 2.44357E-1 2.44003E-1 2.43609E-1 2.414E-1 2.44104E-1 2.43507E-1 2.47997E-1 2.41397E-1 2.3782E-1 2.26149E-1 2.14811E-1 2.22834E-1 2.17648E-1 2.00246E-1 2.02476E-1 2.1726E-1 2.02471E-1 2.01086E-1
3.34695E-1 3.10713E-1 3.67189E-1 4.27797E-1 4.72752E-1 4.0759E-1 4.87128E-1 3.09248E-1 3.36707E-1 2.68851E-1 2.61662E-1 4.79948E-1 3.06366E-1 2.90969E-1 3.04704E-1 2.3391E-1 2.34016E-1 2.02604E-1 1.72525E-1 1.30575E-1 1.67252E-1 2.27011E-1 2.89708E-1 1.96077E-1 2.04216E-1 1.65578E-1 1.26896E-1 1.06944E-1 1.23936E-1 1.25112E-1 1.53561E-1 1.95872E-1 2.17719E-1 2.23479E-1 2.37369E-1 2.45398E-1 2.31565E-1 2.19571E-1 2.22004E-1 2.21329E-1 2.36296E-1 2.57164E-1 2.41617E-1 2.40893E-1 2.51612E-1 2.47032E-1 2.42346E-1 2.46206E-1 2.45626E-1 2.32389E-1 2.14744E-1 2.17934E-1 2.25943E-1 2.24232E-1 2.25597E-1 2.20471E-1 2.14488E-1 2.16838E-1 2.11561E-1 2.06246E-1 2.01494E-1
3.3922E-1 3.28495E-1 4.03596E-1 4.85929E-1 3.42598E-1 3.98759E-1 4.50666E-1 3.44373E-1 3.41701E-1 2.76396E-1 3.26761E-1 5.06432E-1 2.98306E-1 2.68718E-1 2.32602E-1 2.64912E-1 2.8466E-1 3.36587E-1 1.53161E-1 1.32009E-1 1.40223E-1 1.69123E-1 2.17274E-1 2.7864E-1 1.87951E-1 2.26622E-1 1.36368E-1 1.12111E-1 1.04269E-1 1.33482E-1 1.55953E-1 1.79199E-1 2.16736E-1 2.32359E-1 2.43953E-1 2.59E-1 2.57724E-1 2.44929E-1 2.31306E-1 2.31342E-1 2.45355E-1 2.58112E-1 2.48472E-1 2.55709E-1 2.58899E-1 2.54508E-1 2.49945E-1 2.57103E-1 2.46803E-1 2.39455E-1 2.31463E-1 2.30288E-1 2.25789E-1 2.27139E-1 2.307E-1 2.28565E-1 2.22063E-1 2.10492E-1 2.12043E-1 2.09735E-1 2.08941E-1
2.66462E-1 3.16304E-1 5.35479E-1 4.91363E-1 3.96815E-1 4.41044E-1 3.95443E-1 4.10155E-1 3.33981E-1 2.76211E-1 3.46654E-1 4.49147E-1 4.21101E-1 2.95801E-1 2.59327E-1 1.96714E-1 2.61837E-1 3.74868E-1 1.82725E-1 1.38072E-1 1.53267E-1 1.55731E-1 1.97282E-1 2.63282E-1 2.39608E-1 1.96634E-1 1.72651E-1 1.58184E-1 1.25711E-1 1.49205E-1 1.3419E-1 1.59225E-1 1.87421E-1 2.22083E-1 2.26398E-1 2.38235E-1 2.64235E-1 2.66559E-1 2.56996E-1 2.49766E-1 2.47298E-1 2.58125E-1 2.71612E-1 2.78878E-1 2.78459E-1 2.72661E-1 2.70464E-1 2.58585E-1 2.6093E-1 2.43561E-1 2.36267E-1 2.3403E-1 2.3481E-1 2.35153E-1 2.35151E-1 2.39412E-1 2.16917E-1 2.08183E-1 2.09185E-1 2.10075E-1 2.0583E-1
2.68252E-1 3.49474E-1 5.41183E-1 3.01109E-1 2.89947E-1 2.8186E-1 2.74815E-1 3.04985E-1 2.94299E-1 2.93078E-1 3.64501E-1 4.09689E-1 3.40469E-1 2.89468E-1 3.84446E-1 2.53023E-1 2.45424E-1 3.74933E-1 2.18295E-1 1.76804E-1 1.54485E-1 1.6686E-1 1.95845E-1 2.26518E-1 2.91737E-1 2.16699E-1 1.71894E-1 1.32379E-1 1.33395E-1 1.63798E-1 1.3677E-1 1.56952E-1 1.72008E-1 2.12608E-1 2.22314E-1 2.39934E-1 2.70533E-1 2.80138E-1 2.77943E-1 2.6904E-1 2.67664E-1 2.66054E-1 2.85668E-1 2.89868E-1 2.87665E-1 2.88702E-1 2.85509E-1 2.67709E-1 2.69014E-1 2.57978E-1 2.42355E-1 2.47358E-1 2.49655E-1 2.52402E-1 2.63418E-1 2.56976E-1 2.30616E-1 2.28926E-1 2.36521E-1 2.28302E-1 2.20835E-1
3.09616E-1 4.22043E-1 5.43355E-1 3.28695E-1 3.08057E-1 2.6025E-1 2.78326E-1 2.77069E-1 2.62353E-1 3.64425E-1 4.83436E-1 3.63981E-1 2.6664E-1 2.34256E-1 4.08963E-1 2.65866E-1 2.45426E-1 4.1328E-1 2.23551E-1 1.65675E-1 1.56818E-1 1.59614E-1 1.78755E-1 2.31304E-1 3.21567E-1 1.94372E-1 1.47049E-1 1.40183E-1 1.52877E-1 1.89753E-1 1.4454E-1 1.67539E-1 1.95503E-1 2.16504E-1 2.22023E-1 2.38017E-1 2.75066E-1 2.91753E-1 2.90375E-1 2.89499E-1 2.8416E-1 2.85664E-1 3.07178E-1 3.09933E-1 3.00896E-1 2.99928E-1 3.01351E-1 2.81909E-1 2.81952E-1 2.68417E-1 2.72278E-1 2.5992E-1 2.54488E-1 2.62826E-1 2.7016E-1 2.56201E-1 2.46616E-1 2.44637E-1 2.46277E-1 2.39145E-1 2.35598E-1
4.898E-1 4.32281E-1 3.16489E-1 2.85391E-1 2.86931E-1 2.66988E-1 3.1116E-1 2.64074E-1 2.78203E-1 3.49032E-1 4.35154E-1 2.65802E-1 2.46532E-1 3.30003E-1 3.70393E-1 2.42129E-1 2.2175E-1 4.30699E-1 2.86667E-1 2.14584E-1 2.33785E-1 1.8394E-1 2.02484E-1 2.59873E-1 3.27805E-1 2.25743E-1 1.68761E-1 2.05005E-1 1.73529E-1 2.03452E-1 1.75814E-1 1.7139E-1 1.89237E-1 2.2901E-1 2.40547E-1 2.33766E-1 2.59344E-1 3.05535E-1 3.0819E-1 3.09665E-1 3.05677E-1 3.15594E-1 3.17301E-1 3.21957E-1 3.18999E-1 3.19072E-1 3.16308E-1 2.95379E-1 2.89276E-1 2.82231E-1 2.70475E-1 2.51362E-1 2.50923E-1 2.50583E-1 2.34683E-1 2.16097E-1 2.08263E-1 2.05614E-1 2.10541E-1 2.11408E-1 2.21276E-1
4.22985E-1 4.94457E-1 2.57549E-1 2.84645E-1 3.10079E-1 3.00335E-1 3.01276E-1 2.71248E-1 3.18968E-1 3.43267E-1 4.09949E-1 2.67592E-1 3.44028E-1 3.99905E-1 3.18724E-1 3.57569E-1 3.48741E-1 3.92785E-1 3.79717E-1 2.08627E-1 2.12274E-1 2.31527E-1 2.42428E-1 2.8593E-1 3.22309E-1 3.21181E-1 2.08082E-1 2.34797E-1 1.97571E-1 2.07126E-1 2.04134E-1 1.84548E-1 2.18595E-1 2.6079E-1 2.84112E-1 2.85407E-1 3.01753E-1 2.93686E-1 2.9647E-1 3.13251E-1 3.01681E-1 3.18215E-1 3.14184E-1 3.06849E-1 3.0353E-1 3.03723E-1 3.00778E-1 2.92623E-1 2.8349E-1 2.80552E-1 2.69894E-1 2.58883E-1 2.47911E-1 2.29728E-1 2.03021E-1 1.76777E-1 1.70785E-1 1.6459E-1 1.72284E-1 1.83132E-1 1.90401E-1
