maxent_outputs/white_flowers_troch_bombus_environ/white_124.asc
ncols         426
nrows         180
xllcorner     -130.0
yllcorner     24.0
cellsize      0.16666666666666666
NODATA_value  -9999
[rows 0 to 26 of 180, columns 305 to 365 of 426]
4.66454E-1 4.27861E-1 4.16253E-1 3.96726E-1 3.75666E-1 3.6812E-1 3.63385E-1 3.6449E-1 3.69387E-1 3.75385E-1 3.76848E-1 3.74842E-1 3.77117E-1 3.90546E-1 4.04991E-1 4.34627E-1 4.32615E-1 4.03518E-1 3.86983E-1 3.83913E-1 4.01882E-1 4.35416E-1 4.4708E-1 4.44219E-1 4.23548E-1 3.92683E-1 3.92237E-1 3.97904E-1 4.05914E-1 3.80058E-1 3.72323E-1 3.85929E-1 3.66195E-1 3.87599E-1 4.32461E-1 4.18614E-1 4.10086E-1 3.72203E-1 3.5744E-1 3.60267E-1 3.4988E-1 3.54541E-1 3.56236E-1 3.61304E-1 3.53679E-1 3.51723E-1 3.53473E-1 3.57841E-1 3.52958E-1 3.507E-1 3.54701E-1 3.54606E-1 3.51989E-1 3.59462E-1 3.61801E-1 3.57033E-1 3.66182E-1 3.58292E-1 3.50948E-1 3.54901E-1 3.61464E-1
4.88412E-1 4.37424E-1 4.33423E-1 4.14377E-1 4.03304E-1 3.91969E-1 3.88323E-1 3.91834E-1 3.88309E-1 4.0567E-1 4.54249E-1 4.74849E-1 4.68807E-1 4.72921E-1 4.57384E-1 4.1502E-1 4.14877E-1 4.07339E-1 4.0978E-1 4.3525E-1 4.46578E-1 4.57292E-1 4.65026E-1 4.53978E-1 4.43395E-1 4.44395E-1 4.15405E-1 3.96437E-1 3.88455E-1 3.90173E-1 3.85846E-1 3.81802E-1 3.71993E-1 3.67237E-1 3.63859E-1 3.65688E-1 3.60477E-1 3.57702E-1 3.5789E-1 3.54648E-1 3.50909E-1 3.56333E-1 3.51886E-1 3.50818E-1 3.52991E-1 3.50961E-1 3.52529E-1 3.54893E-1 3.51313E-1 3.49468E-1 3.46342E-1 3.54181E-1 3.58119E-1 3.60673E-1 3.55702E-1 3.51208E-1 3.48156E-1 3.50822E-1 3.50893E-1 3.54959E-1 3.56666E-1
5.41431E-1 4.4191E-1 4.16817E-1 3.94304E-1 3.90892E-1 3.83501E-1 3.83799E-1 3.89579E-1 3.84951E-1 3.89137E-1 4.43289E-1 4.52258E-1 4.55598E-1 4.43942E-1 4.29206E-1 4.34271E-1 4.19202E-1 3.98655E-1 3.81641E-1 3.97474E-1 4.38391E-1 4.18333E-1 4.08762E-1 3.93495E-1 3.86296E-1 3.96492E-1 3.89713E-1 3.91468E-1 3.88159E-1 3.84035E-1 3.71969E-1 3.65262E-1 3.65089E-1 3.66608E-1 3.63104E-1 3.58386E-1 3.56533E-1 3.55496E-1 3.56604E-1 3.55817E-1 3.56324E-1 3.54718E-1 3.56023E-1 3.63036E-1 3.60361E-1 3.47988E-1 3.47294E-1 3.48685E-1 3.58005E-1 3.54331E-1 3.48047E-1 3.5185E-1 3.46976E-1 3.51966E-1 3.56981E-1 3.5026E-1 3.48596E-1 3.522E-1 3.51505E-1 3.53763E-1 3.5254E-1
4.80795E-1 4.49922E-1 4.21719E-1 4.00569E-1 3.88772E-1 3.79565E-1 3.95626E-1 4.01948E-1 3.79614E-1 3.82294E-1 3.92438E-1 3.85884E-1 3.90507E-1 3.93579E-1 4.02529E-1 4.15344E-1 3.9432E-1 3.82828E-1 3.84152E-1 4.02005E-1 4.01561E-1 3.86843E-1 3.84422E-1 3.74273E-1 3.75787E-1 3.79323E-1 3.81621E-1 3.8386E-1 3.78801E-1 3.74618E-1 3.82819E-1 3.76261E-1 3.66644E-1 3.64822E-1 3.59931E-1 3.64629E-1 3.65064E-1 3.73853E-1 3.57244E-1 3.53106E-1 3.61443E-1 3.59135E-1 3.5298E-1 3.59374E-1 3.54175E-1 3.48404E-1 3.45518E-1 3.44108E-1 3.47681E-1 3.50516E-1 3.4708E-1 3.47303E-1 3.4876E-1 3.47152E-1 3.49554E-1 3.49554E-1 3.49926E-1 3.50094E-1 3.50887E-1 3.50664E-1 3.61131E-1
7.09418E-1 4.55855E-1 4.19253E-1 4.00908E-1 3.82383E-1 3.70532E-1 3.6877E-1 3.82459E-1 3.76329E-1 3.86272E-1 3.79277E-1 3.72563E-1 3.86866E-1 4.03046E-1 4.25684E-1 4.00627E-1 3.93662E-1 3.92288E-1 3.88697E-1 3.85339E-1 3.8316E-1 3.8196E-1 3.86237E-1 3.83196E-1 3.81271E-1 3.85094E-1 3.96855E-1 3.80515E-1 3.78432E-1 3.7563E-1 3.71153E-1 3.71239E-1 3.72186E-1 3.69459E-1 3.66174E-1 3.65005E-1 3.64856E-1 3.65134E-1 3.56719E-1 3.56936E-1 3.57398E-1 3.54124E-1 3.52462E-1 3.52252E-1 3.50792E-1 3.49461E-1 3.46306E-1 3.44209E-1 3.46813E-1 3.54087E-1 3.50021E-1 3.45772E-1 3.46469E-1 3.45982E-1 3.4707E-1 3.4957E-1 3.55118E-1 3.54007E-1 3.54147E-1 3.60385E-1 3.59213E-1
7.18753E-1 4.68975E-1 4.30498E-1 4.031E-1 3.91713E-1 3.87145E-1 3.69669E-1 3.71484E-1 3.73627E-1 3.72869E-1 3.72425E-1 3.77204E-1 3.7852E-1 4.08795E-1 4.0775E-1 3.98426E-1 3.89645E-1 3.88611E-1 3.86863E-1 3.86511E-1 3.84439E-1 3.8353E-1 3.86376E-1 3.86056E-1 3.80584E-1 3.81885E-1 3.83109E-1 3.82473E-1 3.81768E-1 3.80697E-1 3.74224E-1 3.75067E-1 3.73876E-1 3.69342E-1 3.66977E-1 3.68136E-1 3.64959E-1 3.63016E-1 3.63531E-1 3.64762E-1 3.59303E-1 3.56779E-1 3.53139E-1 3.51543E-1 3.51698E-1 3.53708E-1 3.52258E-1 3.54516E-1 3.65608E-1 3.62757E-1 3.538E-1 3.48309E-1 3.46639E-1 3.50606E-1 3.49254E-1 3.58156E-1 3.52506E-1 3.48009E-1 3.51386E-1 3.54562E-1 3.60686E-1
8.73136E-1 5.54718E-1 4.59097E-1 4.20845E-1 3.83096E-1 3.758E-1 3.72944E-1 3.73681E-1 3.74335E-1 3.79994E-1 3.86063E-1 3.78247E-1 3.93738E-1 4.03808E-1 4.08707E-1 3.9791E-1 3.97993E-1 3.99289E-1 3.97762E-1 3.9118E-1 3.88647E-1 3.88839E-1 3.88281E-1 3.87339E-1 3.82862E-1 3.77771E-1 3.82356E-1 3.80762E-1 3.77974E-1 3.77494E-1 3.73004E-1 3.73837E-1 3.77486E-1 3.7859E-1 3.74726E-1 3.71254E-1 3.68346E-1 3.68241E-1 3.65551E-1 3.60905E-1 3.61458E-1 3.6053E-1 3.6326E-1 3.61238E-1 3.55511E-1 3.62946E-1 3.56363E-1 3.50779E-1 3.55156E-1 3.54164E-1 3.65087E-1 3.79497E-1 3.59327E-1 3.5749E-1 3.57146E-1 3.56036E-1 3.52293E-1 3.55463E-1 3.58216E-1 3.53937E-1 3.64181E-1
8.8697E-1 6.31253E-1 4.67473E-1 4.16288E-1 3.9374E-1 3.8448E-1 3.76762E-1 3.77031E-1 3.77917E-1 4.1371E-1 4.04687E-1 3.93997E-1 3.9464E-1 3.9539E-1 4.04164E-1 4.08124E-1 4.05582E-1 4.05519E-1 4.06018E-1 3.92018E-1 3.90048E-1 3.90612E-1 3.93171E-1 3.93957E-1 3.89969E-1 3.88255E-1 3.88681E-1 3.87124E-1 3.82459E-1 3.82269E-1 3.78836E-1 3.79291E-1 3.80052E-1 3.79267E-1 3.74322E-1 3.72923E-1 3.69478E-1 3.67193E-1 3.64281E-1 3.63067E-1 3.62354E-1 3.60766E-1 3.63328E-1 3.62372E-1 3.61161E-1 3.58365E-1 3.5335E-1 3.54608E-1 3.52148E-1 3.58127E-1 3.67565E-1 3.70219E-1 3.59395E-1 3.53245E-1 3.5292E-1 3.53796E-1 3.54275E-1 3.5503E-1 3.54619E-1 3.61135E-1 3.63831E-1
8.84842E-1 8.87981E-1 4.95825E-1 4.49614E-1 4.14012E-1 4.00907E-1 3.95263E-1 3.85574E-1 3.87562E-1 3.89617E-1 3.87804E-1 3.90253E-1 3.95201E-1 3.91378E-1 3.90933E-1 4.22425E-1 4.18358E-1 4.28586E-1 4.1338E-1 3.98947E-1 3.95249E-1 3.98389E-1 3.97294E-1 3.98538E-1 3.9579E-1 3.96491E-1 3.98094E-1 3.93846E-1 3.86505E-1 3.87863E-1 3.89823E-1 3.85086E-1 3.77485E-1 3.76766E-1 3.80302E-1 3.77314E-1 3.75419E-1 3.77922E-1 3.7608E-1 3.69062E-1 3.64872E-1 3.6494E-1 3.65083E-1 3.63508E-1 3.59944E-1 3.59179E-1 3.57047E-1 3.52857E-1 3.53004E-1 3.51957E-1 3.53754E-1 3.52099E-1 3.5472E-1 3.56068E-1 3.54308E-1 3.56658E-1 3.57621E-1 3.56881E-1 3.56206E-1 3.6026E-1 3.61164E-1
8.87408E-1 -9999 5.77783E-1 4.79591E-1 4.36353E-1 4.13395E-1 4.0554E-1 3.96431E-1 3.99888E-1 4.02194E-1 4.03624E-1 3.92256E-1 3.97703E-1 3.9648E-1 4.10164E-1 4.26486E-1 4.24249E-1 4.12573E-1 3.97884E-1 3.94638E-1 3.93435E-1 3.98427E-1 3.98354E-1 3.98817E-1 3.99517E-1 3.99487E-1 3.95623E-1 3.95526E-1 3.9674E-1 3.98924E-1 3.98419E-1 3.89466E-1 3.82076E-1 3.83421E-1 3.85014E-1 3.84931E-1 3.81094E-1 3.77541E-1 3.76742E-1 3.74703E-1 3.72189E-1 3.68792E-1 3.68117E-1 3.67243E-1 3.67393E-1 3.65988E-1 3.59931E-1 3.58616E-1 3.55954E-1 3.64119E-1 3.56259E-1 3.54611E-1 3.55953E-1 3.57233E-1 3.5931E-1 3.58395E-1 3.62403E-1 3.61632E-1 3.60208E-1 3.6538E-1 3.7231E-1
8.87896E-1 -9999 -9999 4.73199E-1 4.40658E-1 4.14549E-1 4.03732E-1 4.0469E-1 4.09269E-1 4.0744E-1 3.99832E-1 3.98475E-1 3.93275E-1 3.94558E-1 3.97381E-1 4.10323E-1 4.06121E-1 3.98872E-1 3.97489E-1 3.97969E-1 4.00831E-1 4.04333E-1 4.08457E-1 4.07185E-1 4.01225E-1 4.00539E-1 4.06961E-1 4.04241E-1 3.97824E-1 3.98302E-1 3.92451E-1 3.89689E-1 3.93349E-1 3.89592E-1 3.86865E-1 3.84961E-1 3.82536E-1 3.83278E-1 3.79788E-1 3.78667E-1 3.75031E-1 3.75597E-1 3.73702E-1 3.72027E-1 3.6822E-1 3.61617E-1 3.59818E-1 3.62674E-1 3.54229E-1 3.49156E-1 3.47467E-1 3.51967E-1 3.54313E-1 3.54777E-1 3.55799E-1 3.59012E-1 3.63199E-1 3.69087E-1 3.65413E-1 3.74413E-1 3.79606E-1
5.0131E-1 7.46695E-1 4.98551E-1 4.45941E-1 4.26284E-1 4.20306E-1 4.10695E-1 4.14151E-1 4.11252E-1 4.02318E-1 3.98317E-1 3.92349E-1 4.00217E-1 3.99904E-1 3.99197E-1 3.96789E-1 3.9516E-1 3.94878E-1 4.03719E-1 4.05797E-1 4.10692E-1 4.02319E-1 3.99046E-1 4.01289E-1 4.02939E-1 4.09339E-1 4.0741E-1 4.01758E-1 4.01719E-1 3.9852E-1 3.97235E-1 3.94736E-1 3.94814E-1 3.92653E-1 3.91834E-1 3.92246E-1 3.89115E-1 3.86202E-1 3.85289E-1 3.84414E-1 3.79614E-1 3.7555E-1 3.72888E-1 3.7294E-1 3.61931E-1 3.56963E-1 3.52766E-1 3.50545E-1 3.49393E-1 3.50107E-1 3.50153E-1 3.52146E-1 3.57441E-1 3.57771E-1 3.58745E-1 3.58961E-1 3.67788E-1 3.73076E-1 3.79409E-1 3.78587E-1 3.84969E-1
8.90493E-1 4.87602E-1 4.49273E-1 4.34777E-1 4.2412E-1 4.19782E-1 4.14742E-1 4.10434E-1 4.04055E-1 4.00323E-1 4.01965E-1 3.94329E-1 3.95451E-1 3.99841E-1 3.96354E-1 3.97311E-1 3.97003E-1 3.92056E-1 3.9586E-1 4.05949E-1 4.07206E-1 4.07201E-1 4.0846E-1 4.10708E-1 4.06326E-1 4.05877E-1 4.05641E-1 4.05346E-1 4.02311E-1 4.01304E-1 3.97694E-1 3.98771E-1 3.97321E-1 3.97592E-1 3.9714E-1 3.94779E-1 3.93193E-1 3.92353E-1 3.94392E-1 3.88271E-1 3.83092E-1 3.78215E-1 3.70189E-1 3.67743E-1 3.64104E-1 3.58775E-1 3.54536E-1 3.57451E-1 3.5447E-1 3.52707E-1 3.61644E-1 3.62527E-1 3.67138E-1 3.69711E-1 3.63301E-1 3.69152E-1 3.74728E-1 3.71066E-1 3.85637E-1 3.85976E-1 3.93561E-1
6.37213E-1 4.5519E-1 4.45445E-1 4.34417E-1 4.29757E-1 4.18716E-1 4.16542E-1 4.15986E-1 4.10126E-1 4.07787E-1 4.03605E-1 4.00235E-1 4.10155E-1 4.08016E-1 4.03214E-1 4.03212E-1 4.00845E-1 3.96859E-1 3.94151E-1 4.00538E-1 4.03702E-1 4.04089E-1 4.0662E-1 4.15203E-1 4.16752E-1 4.08892E-1 4.07213E-1 4.05459E-1 4.0478E-1 4.02971E-1 4.03292E-1 4.06888E-1 4.0885E-1 4.04527E-1 3.97648E-1 3.98397E-1 3.99199E-1 3.95531E-1 4.03158E-1 3.94451E-1 3.89039E-1 3.83209E-1 3.74338E-1 3.70977E-1 3.67421E-1 3.66311E-1 3.63116E-1 3.60278E-1 3.56696E-1 3.54491E-1 3.53244E-1 3.61764E-1 3.65962E-1 3.78011E-1 4.06791E-1 3.72869E-1 3.77542E-1 3.75772E-1 3.86124E-1 3.96785E-1 4.03354E-1
5.60216E-1 4.57878E-1 4.54791E-1 4.33855E-1 4.32609E-1 4.23681E-1 4.19714E-1 4.20713E-1 4.17995E-1 4.14133E-1 4.11959E-1 4.13912E-1 4.1433E-1 4.13299E-1 4.08372E-1 4.06283E-1 4.081E-1 4.04687E-1 4.046E-1 4.11625E-1 4.01116E-1 4.05418E-1 4.08689E-1 4.12501E-1 4.1313E-1 4.1239E-1 4.13953E-1 4.12411E-1 4.11994E-1 4.09566E-1 4.10429E-1 4.11179E-1 4.07697E-1 4.01001E-1 4.0149E-1 3.96462E-1 3.96335E-1 4.03651E-1 3.99702E-1 3.92992E-1 3.85039E-1 3.8223E-1 3.77482E-1 3.75179E-1 3.71566E-1 3.66606E-1 3.67319E-1 3.63148E-1 3.63144E-1 3.60517E-1 3.6462E-1 3.68989E-1 3.68736E-1 3.7161E-1 3.90244E-1 3.73517E-1 3.75938E-1 3.81778E-1 3.86668E-1 4.02121E-1 4.63977E-1
4.50011E-1 5.00566E-1 4.52954E-1 4.4867E-1 4.41608E-1 4.36201E-1 4.34145E-1 4.29041E-1 4.27632E-1 4.14897E-1 4.18525E-1 4.17491E-1 4.13184E-1 4.17261E-1 4.20457E-1 4.0843E-1 4.09914E-1 4.0967E-1 4.07898E-1 4.10294E-1 4.10783E-1 4.10487E-1 4.13031E-1 4.246E-1 4.27486E-1 4.26408E-1 4.22234E-1 4.19928E-1 4.186E-1 4.1963E-1 4.16274E-1 4.15862E-1 4.17862E-1 4.0467E-1 4.0747E-1 4.0175E-1 4.18328E-1 4.15524E-1 4.01402E-1 3.96417E-1 3.87788E-1 3.89494E-1 3.86721E-1 3.83173E-1 3.76612E-1 3.7483E-1 3.75639E-1 3.66121E-1 3.66366E-1 3.64424E-1 3.66665E-1 3.74406E-1 3.74421E-1 3.7373E-1 3.72685E-1 3.77485E-1 3.81514E-1 3.85767E-1 3.91413E-1 4.08691E-1 4.62801E-1
4.47393E-1 4.57493E-1 4.51562E-1 4.47925E-1 4.45675E-1 4.40388E-1 4.3338E-1 4.26539E-1 4.25013E-1 4.34571E-1 4.28004E-1 4.24343E-1 4.24383E-1 4.23447E-1 4.14564E-1 4.13164E-1 4.16415E-1 4.15843E-1 4.13494E-1 4.13922E-1 4.12782E-1 4.16235E-1 4.17764E-1 4.23134E-1 4.21553E-1 4.1559E-1 4.20481E-1 4.25022E-1 4.27642E-1 4.21281E-1 4.18518E-1 4.13508E-1 4.18959E-1 4.10879E-1 4.44442E-1 5.04447E-1 4.91635E-1 4.55895E-1 4.28276E-1 4.03667E-1 3.96315E-1 3.95183E-1 3.88167E-1 3.91874E-1 3.87567E-1 3.78443E-1 3.75555E-1 3.71497E-1 3.68497E-1 3.71073E-1 3.72324E-1 3.72352E-1 3.78673E-1 3.85004E-1 3.74466E-1 3.77311E-1 3.86983E-1 3.89697E-1 3.94212E-1 4.03818E-1 4.402E-1
4.41532E-1 4.4097E-1 4.48797E-1 4.44214E-1 4.39664E-1 4.34995E-1 4.25583E-1 4.25787E-1 4.328E-1 4.34539E-1 4.25067E-1 4.22598E-1 4.25826E-1 4.24962E-1 4.1596E-1 4.1861E-1 4.22574E-1 4.22213E-1 4.14474E-1 4.16126E-1 4.10186E-1 4.14185E-1 4.26376E-1 4.16945E-1 4.12387E-1 4.17569E-1 4.18816E-1 4.19849E-1 4.21703E-1 4.20346E-1 4.20654E-1 4.24293E-1 4.33499E-1 4.87856E-1 5.32422E-1 4.77109E-1 4.51402E-1 4.36067E-1 4.13619E-1 4.02612E-1 3.98172E-1 3.96091E-1 3.89304E-1 3.90984E-1 3.84197E-1 3.80532E-1 3.75882E-1 3.75178E-1 3.73899E-1 3.71765E-1 3.71588E-1 3.77297E-1 3.76142E-1 3.81481E-1 3.80464E-1 3.77003E-1 3.81153E-1 3.91774E-1 4.00487E-1 3.98293E-1 4.01984E-1
4.32153E-1 4.3107E-1 4.3237E-1 4.33685E-1 4.34806E-1 4.35187E-1 4.35406E-1 4.39535E-1 4.42304E-1 4.34787E-1 4.35428E-1 4.36075E-1 4.45778E-1 4.51364E-1 4.35384E-1 4.29142E-1 4.25044E-1 4.31694E-1 4.25753E-1 4.14177E-1 4.12799E-1 4.13276E-1 4.1511E-1 4.19107E-1 4.16109E-1 4.2041E-1 4.18888E-1 4.30078E-1 4.26045E-1 4.24494E-1 4.23043E-1 4.42984E-1 5.42179E-1 5.34505E-1 4.6535E-1 4.42354E-1 4.15015E-1 4.07742E-1 4.10444E-1 4.14534E-1 4.05982E-1 3.90595E-1 3.8734E-1 3.84525E-1 3.831E-1 3.76272E-1 3.76263E-1 3.75003E-1 3.75935E-1 3.81321E-1 3.76121E-1 3.76467E-1 3.84172E-1 3.89702E-1 3.83349E-1 3.84785E-1 3.80586E-1 3.93845E-1 4.00419E-1 4.04257E-1 4.00588E-1
4.22933E-1 4.23357E-1 4.2285E-1 4.24424E-1 4.27936E-1 4.31352E-1 4.33152E-1 4.38258E-1 4.33484E-1 4.29391E-1 4.33993E-1 4.33915E-1 4.39035E-1 4.43506E-1 4.31031E-1 4.29451E-1 4.33511E-1 4.25068E-1 4.14564E-1 4.12616E-1 4.10109E-1 4.11697E-1 4.10456E-1 4.18373E-1 4.19196E-1 4.20955E-1 4.23116E-1 4.27875E-1 4.21848E-1 4.26687E-1 4.31457E-1 5.05798E-1 5.29319E-1 4.48569E-1 4.30296E-1 4.18942E-1 4.10922E-1 4.0578E-1 4.05076E-1 4.0107E-1 3.95032E-1 3.87811E-1 3.86706E-1 3.83293E-1 3.80822E-1 3.77012E-1 3.81773E-1 3.83506E-1 3.78638E-1 4.01644E-1 4.03584E-1 3.92533E-1 3.86994E-1 3.99582E-1 3.89047E-1 3.88262E-1 3.88766E-1 3.94818E-1 4.0139E-1 4.07688E-1 4.09186E-1
4.24583E-1 4.23944E-1 4.19463E-1 4.26535E-1 4.29701E-1 4.32673E-1 4.3395E-1 4.3418E-1 4.35269E-1 4.29461E-1 4.29688E-1 4.29183E-1 4.33072E-1 4.28094E-1 4.31996E-1 4.36564E-1 4.29115E-1 4.16681E-1 4.1659E-1 4.17429E-1 4.13168E-1 4.14772E-1 4.1749E-1 4.18739E-1 4.14052E-1 4.19303E-1 4.1896E-1 4.22793E-1 4.24666E-1 4.23315E-1 4.3383E-1 5.13238E-1 4.48341E-1 4.2772E-1 4.2423E-1 4.18874E-1 4.14276E-1 4.08976E-1 4.06264E-1 4.01463E-1 3.95199E-1 3.95893E-1 3.91033E-1 3.82685E-1 3.84303E-1 3.75672E-1 3.7245E-1 3.79119E-1 3.73873E-1 3.84498E-1 4.07012E-1 3.98167E-1 3.86429E-1 3.88579E-1 3.86425E-1 3.92119E-1 4.00425E-1 3.99232E-1 4.0256E-1 4.18217E-1 4.09736E-1
4.18282E-1 4.17619E-1 4.13873E-1 4.22094E-1 4.28805E-1 4.31714E-1 4.33385E-1 4.33117E-1 4.37304E-1 4.27931E-1 4.25606E-1 4.3275E-1 4.32305E-1 4.32622E-1 4.29281E-1 4.21839E-1 4.20745E-1 4.1825E-1 4.15945E-1 4.15549E-1 4.09024E-1 4.08467E-1 4.13315E-1 4.20119E-1 4.16876E-1 4.28095E-1 4.2412E-1 4.25809E-1 4.25861E-1 4.25018E-1 4.33603E-1 4.5895E-1 4.43342E-1 4.24486E-1 4.17907E-1 4.16086E-1 4.15259E-1 4.1226E-1 4.0931E-1 4.03334E-1 3.97451E-1 3.97058E-1 3.94785E-1 3.87748E-1 3.8996E-1 3.7987E-1 3.7778E-1 3.78575E-1 3.73979E-1 3.78231E-1 3.82348E-1 3.82829E-1 3.89094E-1 3.92571E-1 3.88838E-1 3.90895E-1 3.99818E-1 4.03185E-1 4.11939E-1 4.44867E-1 4.15754E-1
4.14517E-1 4.16649E-1 4.1696E-1 4.23044E-1 4.23453E-1 4.29354E-1 4.27689E-1 4.29069E-1 4.31822E-1 4.33945E-1 4.4151E-1 4.30984E-1 4.29144E-1 4.35868E-1 4.32334E-1 4.20452E-1 4.18913E-1 4.15117E-1 4.10072E-1 4.12421E-1 4.09414E-1 4.10546E-1 4.09916E-1 4.16761E-1 4.13148E-1 4.18369E-1 4.18711E-1 4.20407E-1 4.2014E-1 4.22776E-1 4.29258E-1 4.50137E-1 4.3383E-1 4.24441E-1 4.20872E-1 4.17513E-1 4.14688E-1 4.16876E-1 4.09881E-1 4.05058E-1 4.01287E-1 3.97415E-1 3.92802E-1 3.88098E-1 3.87793E-1 3.84798E-1 3.83157E-1 4.09075E-1 3.83599E-1 3.83948E-1 3.82717E-1 3.80202E-1 3.76658E-1 3.91274E-1 3.97717E-1 4.00513E-1 4.04821E-1 4.07854E-1 4.2878E-1 4.76259E-1 4.49477E-1
4.17415E-1 4.18767E-1 4.17767E-1 4.22737E-1 4.23455E-1 4.24723E-1 4.25177E-1 4.2993E-1 4.34295E-1 4.32162E-1 4.38769E-1 4.31622E-1 4.28169E-1 4.33365E-1 4.27097E-1 4.19398E-1 4.16887E-1 4.15008E-1 4.0957E-1 4.09887E-1 4.08687E-1 4.09956E-1 4.14386E-1 4.12811E-1 4.14772E-1 4.10652E-1 4.12862E-1 4.18182E-1 4.23532E-1 4.23813E-1 4.42506E-1 4.36471E-1 4.24534E-1 4.27823E-1 4.20844E-1 4.19257E-1 4.16423E-1 4.1188E-1 4.12102E-1 4.04472E-1 3.95895E-1 3.96543E-1 3.90177E-1 3.95075E-1 3.86965E-1 3.84382E-1 3.80426E-1 4.27774E-1 3.97511E-1 3.94568E-1 3.89744E-1 3.91356E-1 3.88797E-1 3.96773E-1 4.09453E-1 4.07086E-1 4.08227E-1 4.17592E-1 4.25049E-1 4.40767E-1 5.07522E-1
4.08622E-1 4.12508E-1 4.13163E-1 4.16469E-1 4.20558E-1 4.28394E-1 4.36512E-1 4.29428E-1 4.42066E-1 4.41799E-1 4.39998E-1 4.37988E-1 4.28343E-1 4.26655E-1 4.27386E-1 4.28644E-1 4.14334E-1 4.11933E-1 4.12799E-1 4.09707E-1 4.0811E-1 4.1781E-1 4.13812E-1 4.13525E-1 4.12531E-1 4.20596E-1 4.17467E-1 4.17828E-1 4.2E-1 4.47786E-1 4.49662E-1 4.21999E-1 4.24229E-1 4.21632E-1 4.21686E-1 4.19834E-1 4.15802E-1 4.13221E-1 4.13762E-1 4.07943E-1 4.04307E-1 4.04273E-1 3.97588E-1 3.98934E-1 3.97941E-1 3.93012E-1 3.88634E-1 4.17611E-1 4.03843E-1 4.08619E-1 4.06636E-1 3.99373E-1 4.15158E-1 4.18226E-1 4.16086E-1 4.12205E-1 4.17086E-1 4.20918E-1 4.30903E-1 4.48674E-1 5.10838E-1
4.05028E-1 4.09552E-1 4.11162E-1 4.13406E-1 4.12467E-1 4.17208E-1 4.21626E-1 4.29207E-1 4.33312E-1 4.38649E-1 4.34806E-1 4.37867E-1 4.27365E-1 4.32564E-1 4.44631E-1 4.14525E-1 4.12664E-1 4.10818E-1 4.14144E-1 4.112E-1 4.10024E-1 4.10056E-1 4.11061E-1 4.12681E-1 4.07323E-1 4.11793E-1 4.18592E-1 4.18081E-1 4.21168E-1 4.39368E-1 4.2298E-1 4.19379E-1 4.19033E-1 4.23002E-1 4.21762E-1 4.22028E-1 4.15607E-1 4.14942E-1 4.14937E-1 4.12221E-1 4.1095E-1 4.12749E-1 4.09033E-1 4.07246E-1 3.99042E-1 4.01532E-1 4.05568E-1 4.08546E-1 4.15591E-1 4.15291E-1 4.06129E-1 4.11731E-1 4.33707E-1 4.4885E-1 4.3598E-1 4.25995E-1 4.25718E-1 4.46295E-1 4.45256E-1 4.56024E-1 4.71223E-1
4.10739E-1 4.07193E-1 4.08429E-1 4.10498E-1 4.12399E-1 4.1239E-1 4.1865E-1 4.27428E-1 4.28345E-1 4.25755E-1 4.27948E-1 4.22478E-1 4.16786E-1 4.14452E-1 4.12037E-1 4.22651E-1 4.40999E-1 4.11115E-1 4.12026E-1 4.20451E-1 4.1786E-1 4.14135E-1 4.11773E-1 4.12216E-1 4.12135E-1 4.15026E-1 4.14175E-1 4.22327E-1 4.26761E-1 4.1768E-1 4.1653E-1 4.15591E-1 4.14061E-1 4.19381E-1 4.24319E-1 4.17374E-1 4.13909E-1 4.14425E-1 4.15765E-1 4.15903E-1 4.17734E-1 4.20184E-1 4.21261E-1 4.21366E-1 4.12138E-1 4.13327E-1 4.15955E-1 4.222E-1 4.20352E-1 4.20771E-1 4.24732E-1 4.4362E-1 4.99079E-1 4.53865E-1 4.72563E-1 4.46304E-1 4.34397E-1 4.52527E-1 4.45305E-1 4.64357E-1 4.80994E-1
