maxent_outputs/white_flowers_troch_bombus_environ/white_266.asc
ncols         426
nrows         180
xllcorner     -130.0
yllcorner     24.0
cellsize      0.16666666666666666
NODATA_value  -9999
[rows 27 to 53 of 180, columns 244 to 304 of 426]
1.99231E-1 2.07845E-1 2.3335E-1 2.72446E-1 3.07979E-1 3.41646E-1 3.18769E-1 2.46419E-1 2.19579E-1 2.1196E-1 2.08676E-1 2.24765E-1 2.31417E-1 2.24371E-1 2.80446E-1 2.35919E-1 2.43649E-1 2.46564E-1 2.53683E-1 2.50706E-1 2.3683E-1 2.37039E-1 2.48015E-1 2.3556E-1 2.33744E-1 2.64275E-1 2.45368E-1 2.42148E-1 2.42646E-1 2.37519E-1 2.41391E-1 2.43286E-1 2.4811E-1 2.50342E-1 2.61331E-1 2.59335E-1 2.5224E-1 2.55291E-1 2.51122E-1 2.47264E-1 2.47011E-1 2.48625E-1 2.5759E-1 2.58038E-1 2.40585E-1 2.35537E-1 2.35813E-1 2.44853E-1 2.51917E-1 2.50921E-1 2.43267E-1 2.46308E-1 2.52079E-1 2.39819E-1 2.35403E-1 2.28271E-1 2.1731E-1 2.11841E-1 2.11343E-1 2.04967E-1 1.98787E-1
1.98626E-1 2.12099E-1 2.39696E-1 2.285E-1 2.24878E-1 2.5401E-1 2.49198E-1 2.33631E-1 2.22741E-1 2.11079E-1 1.99818E-1 2.31446E-1 2.22528E-1 2.43777E-1 2.27597E-1 2.31892E-1 2.49074E-1 2.76131E-1 2.66004E-1 2.62986E-1 2.48493E-1 2.27488E-1 2.32534E-1 2.4615E-1 2.48022E-1 2.50525E-1 2.35651E-1 2.38603E-1 2.42307E-1 2.37365E-1 2.38443E-1 2.45222E-1 2.39375E-1 2.4967E-1 2.5628E-1 2.60002E-1 2.56174E-1 2.51552E-1 2.39131E-1 2.39825E-1 2.46788E-1 2.4541E-1 2.47118E-1 2.56247E-1 2.54225E-1 2.54195E-1 2.51346E-1 2.51545E-1 2.65845E-1 2.62559E-1 2.51652E-1 2.472E-1 2.42705E-1 2.28256E-1 2.29252E-1 2.30077E-1 2.20096E-1 2.15281E-1 2.19839E-1 2.05485E-1 2.09567E-1
1.95729E-1 2.09028E-1 2.32359E-1 2.38578E-1 2.39461E-1 2.45924E-1 2.91925E-1 2.78621E-1 2.3139E-1 2.3261E-1 2.45341E-1 2.54871E-1 2.41232E-1 2.58043E-1 2.35441E-1 2.50335E-1 2.97651E-1 3.17613E-1 3.02238E-1 2.8335E-1 2.39884E-1 2.41429E-1 2.42375E-1 2.62282E-1 2.69965E-1 2.61962E-1 2.46312E-1 2.54989E-1 2.53816E-1 2.54335E-1 2.59177E-1 2.49762E-1 2.47137E-1 2.52586E-1 2.50898E-1 2.67581E-1 2.66815E-1 2.75238E-1 2.63519E-1 2.58592E-1 2.66934E-1 2.5107E-1 2.47612E-1 2.5444E-1 2.5217E-1 2.59135E-1 2.60971E-1 2.5592E-1 2.57829E-1 2.60931E-1 2.51047E-1 2.44761E-1 2.36021E-1 2.38224E-1 2.39908E-1 2.37255E-1 2.29056E-1 2.28384E-1 2.33866E-1 2.11845E-1 2.14463E-1
1.93498E-1 1.9755E-1 2.23794E-1 2.46734E-1 2.5733E-1 2.71379E-1 3.33841E-1 3.878E-1 3.68228E-1 3.99369E-1 3.64182E-1 3.19141E-1 2.96415E-1 3.07621E-1 3.2567E-1 3.04467E-1 3.16037E-1 3.36462E-1 3.29033E-1 3.02773E-1 2.74764E-1 2.72113E-1 2.67561E-1 2.60207E-1 2.54615E-1 2.43503E-1 2.60339E-1 2.59767E-1 2.52652E-1 3.00115E-1 2.63129E-1 2.56777E-1 2.53339E-1 2.51447E-1 2.61591E-1 2.84745E-1 2.67911E-1 2.58238E-1 2.64855E-1 2.6306E-1 2.58287E-1 2.62382E-1 2.51119E-1 2.46291E-1 2.4605E-1 2.54245E-1 2.60559E-1 2.56692E-1 2.53771E-1 2.56712E-1 2.50657E-1 2.47385E-1 2.35813E-1 2.44084E-1 2.47432E-1 2.93678E-1 2.9197E-1 2.51385E-1 2.45046E-1 2.23578E-1 2.17847E-1
2.06604E-1 2.0385E-1 2.19971E-1 2.42116E-1 3.00004E-1 3.72846E-1 3.13185E-1 3.68515E-1 4.3032E-1 4.88227E-1 5.40088E-1 5.50658E-1 5.0741E-1 4.78351E-1 5.01959E-1 5.1315E-1 4.80498E-1 4.70914E-1 3.53329E-1 3.00212E-1 2.82252E-1 2.85489E-1 3.01664E-1 2.59901E-1 2.44856E-1 2.54032E-1 2.5825E-1 2.70042E-1 2.55261E-1 2.70708E-1 2.67361E-1 2.64538E-1 2.63773E-1 2.60049E-1 2.73033E-1 2.75537E-1 2.71616E-1 2.62231E-1 2.57419E-1 2.62055E-1 2.4891E-1 2.50895E-1 2.5585E-1 2.54495E-1 2.50448E-1 2.46828E-1 2.53257E-1 2.56674E-1 2.54724E-1 2.55669E-1 2.55759E-1 2.45641E-1 2.49328E-1 2.61343E-1 2.70878E-1 3.1453E-1 3.26691E-1 2.80536E-1 3.08818E-1 2.48121E-1 2.34338E-1
2.4365E-1 2.73443E-1 3.42219E-1 3.55103E-1 4.05131E-1 4.19906E-1 5.21908E-1 5.76098E-1 6.0007E-1 6.05925E-1 6.08889E-1 6.11987E-1 6.07974E-1 6.08576E-1 6.06314E-1 6.09528E-1 6.08806E-1 5.95134E-1 4.61514E-1 3.20765E-1 3.00423E-1 2.80462E-1 2.68022E-1 2.61981E-1 2.59896E-1 2.70674E-1 2.58945E-1 2.61077E-1 2.80484E-1 2.64661E-1 2.81619E-1 2.5584E-1 2.63498E-1 2.72083E-1 2.73708E-1 2.73742E-1 2.6957E-1 2.62559E-1 2.6425E-1 2.58839E-1 2.54119E-1 2.48962E-1 2.55955E-1 2.56825E-1 2.6113E-1 2.61024E-1 2.7088E-1 2.63073E-1 2.58424E-1 2.60803E-1 2.79988E-1 2.63695E-1 2.57176E-1 2.60615E-1 2.60714E-1 2.5894E-1 2.90594E-1 2.97863E-1 3.06038E-1 2.8203E-1 2.64034E-1
3.32952E-1 4.81765E-1 4.91533E-1 4.42043E-1 5.16387E-1 5.7964E-1 5.99492E-1 6.02771E-1 6.11516E-1 6.11934E-1 6.1303E-1 6.1916E-1 6.21548E-1 6.11595E-1 6.13244E-1 6.17798E-1 6.13341E-1 5.91154E-1 5.51466E-1 3.6691E-1 3.15626E-1 2.92273E-1 2.76845E-1 2.70753E-1 2.78723E-1 2.79008E-1 2.66885E-1 2.74645E-1 2.80704E-1 2.84582E-1 3.07674E-1 3.00724E-1 2.91203E-1 3.22752E-1 3.06923E-1 2.908E-1 2.82465E-1 2.64764E-1 2.73301E-1 2.59177E-1 2.54264E-1 2.5021E-1 2.53253E-1 2.62069E-1 2.69791E-1 2.74072E-1 2.70768E-1 2.79125E-1 2.73032E-1 2.84055E-1 2.95655E-1 2.80934E-1 2.78182E-1 2.81056E-1 2.76103E-1 2.72717E-1 2.90035E-1 2.83351E-1 2.8639E-1 2.86264E-1 2.97178E-1
4.22875E-1 5.00544E-1 5.60001E-1 5.81544E-1 5.94626E-1 5.973E-1 6.11474E-1 6.09338E-1 6.15176E-1 6.1949E-1 6.23204E-1 6.23397E-1 6.22984E-1 6.21929E-1 6.17185E-1 6.20532E-1 6.14107E-1 6.04187E-1 5.85256E-1 4.42339E-1 3.261E-1 3.11672E-1 3.0283E-1 2.87151E-1 2.89301E-1 2.94526E-1 2.89572E-1 3.05283E-1 3.03787E-1 2.98696E-1 3.30207E-1 3.36663E-1 3.11927E-1 2.97829E-1 2.90661E-1 2.82455E-1 2.90189E-1 2.71869E-1 2.6297E-1 2.63488E-1 2.71543E-1 2.61753E-1 2.63211E-1 2.65138E-1 2.6835E-1 2.73084E-1 2.73158E-1 2.79983E-1 2.83548E-1 2.86447E-1 2.88217E-1 2.79811E-1 2.99663E-1 2.92674E-1 3.10534E-1 3.13041E-1 3.07544E-1 2.99746E-1 3.04379E-1 3.14104E-1 2.93018E-1
5.5868E-1 5.8189E-1 5.5099E-1 5.37068E-1 5.42545E-1 5.92371E-1 6.06667E-1 6.1983E-1 6.23219E-1 6.28958E-1 6.34044E-1 6.37203E-1 6.31687E-1 6.2828E-1 6.28425E-1 6.23376E-1 6.16775E-1 6.13571E-1 6.03854E-1 5.77357E-1 4.6364E-1 3.70977E-1 3.42082E-1 3.35495E-1 3.36218E-1 3.32571E-1 3.4567E-1 3.40076E-1 3.42296E-1 3.51652E-1 3.29727E-1 3.31526E-1 3.26001E-1 3.00489E-1 2.98212E-1 3.01903E-1 3.03669E-1 2.95598E-1 2.70368E-1 2.79227E-1 2.79353E-1 2.84814E-1 2.97861E-1 2.72285E-1 2.73789E-1 2.67205E-1 2.7388E-1 2.83923E-1 2.80467E-1 2.86251E-1 2.967E-1 3.05512E-1 3.12476E-1 3.0596E-1 3.159E-1 3.32522E-1 3.24436E-1 3.23466E-1 3.237E-1 3.12586E-1 3.07797E-1
5.70352E-1 5.0862E-1 5.52767E-1 5.92559E-1 6.04273E-1 6.11842E-1 6.19625E-1 6.25627E-1 6.34269E-1 6.42276E-1 6.42105E-1 6.4264E-1 6.41183E-1 6.38034E-1 6.61388E-1 6.56437E-1 6.56449E-1 6.50346E-1 6.41447E-1 6.33139E-1 5.99339E-1 5.71745E-1 5.44959E-1 5.45313E-1 5.77529E-1 5.96792E-1 5.55785E-1 4.24502E-1 3.97789E-1 3.70109E-1 3.49022E-1 3.25558E-1 3.42367E-1 3.26823E-1 3.12909E-1 3.04991E-1 3.10178E-1 2.85344E-1 2.80664E-1 2.86837E-1 2.849E-1 2.87634E-1 2.75631E-1 2.70641E-1 2.77188E-1 2.76894E-1 2.96475E-1 3.03358E-1 3.03083E-1 3.05266E-1 3.0397E-1 3.12364E-1 3.16136E-1 3.0977E-1 3.24478E-1 3.25162E-1 3.21262E-1 3.29255E-1 3.24149E-1 3.14381E-1 3.16695E-1
5.90745E-1 5.93474E-1 6.1282E-1 6.17847E-1 6.24558E-1 6.28638E-1 6.29735E-1 6.35614E-1 6.46418E-1 6.45958E-1 6.44433E-1 6.42453E-1 6.42785E-1 6.39508E-1 6.6452E-1 6.59459E-1 6.53352E-1 6.51884E-1 6.48811E-1 6.45015E-1 5.81237E-1 5.48071E-1 5.91676E-1 6.20569E-1 6.29655E-1 6.43584E-1 5.26408E-1 4.38891E-1 4.17288E-1 3.91735E-1 3.89107E-1 3.6864E-1 3.44524E-1 3.23119E-1 3.33225E-1 3.02479E-1 2.92327E-1 2.79131E-1 2.93254E-1 3.02096E-1 2.98836E-1 2.83795E-1 3.0351E-1 3.1011E-1 2.92576E-1 2.87043E-1 3.01191E-1 3.12336E-1 3.00736E-1 3.13666E-1 3.17957E-1 3.11743E-1 3.16599E-1 3.24101E-1 3.29849E-1 3.28982E-1 3.20297E-1 3.22054E-1 3.29454E-1 3.06586E-1 3.16495E-1
5.99759E-1 6.12022E-1 6.18401E-1 6.32221E-1 6.41371E-1 6.36137E-1 6.37641E-1 6.33406E-1 6.27773E-1 6.32719E-1 6.39131E-1 6.41271E-1 6.37491E-1 6.39162E-1 6.65217E-1 6.59731E-1 6.56125E-1 6.57356E-1 6.60628E-1 6.54113E-1 6.22892E-1 6.22554E-1 6.27854E-1 6.37839E-1 6.44789E-1 6.56677E-1 5.4504E-1 4.8922E-1 4.53328E-1 4.21922E-1 3.9307E-1 3.89173E-1 3.61833E-1 3.56791E-1 3.47327E-1 3.1524E-1 3.07236E-1 2.99238E-1 2.94992E-1 2.93844E-1 2.9977E-1 2.94509E-1 3.03252E-1 2.95013E-1 3.00271E-1 3.0141E-1 2.97521E-1 3.03387E-1 3.04224E-1 3.06E-1 3.20169E-1 3.26959E-1 3.16847E-1 3.22138E-1 3.39888E-1 3.40744E-1 3.36594E-1 3.37379E-1 3.57642E-1 3.39055E-1 3.54978E-1
6.03987E-1 6.16212E-1 6.23238E-1 6.34967E-1 6.3418E-1 6.13242E-1 5.67308E-1 5.58744E-1 5.76459E-1 5.8806E-1 6.10639E-1 6.24465E-1 6.27899E-1 6.35204E-1 6.64578E-1 6.60592E-1 6.57825E-1 6.58368E-1 6.58355E-1 6.54862E-1 6.35922E-1 6.34317E-1 6.41454E-1 6.49606E-1 6.60805E-1 6.68905E-1 6.71722E-1 6.23383E-1 5.04697E-1 4.28164E-1 4.09078E-1 4.08678E-1 3.88333E-1 3.82208E-1 3.64604E-1 3.49052E-1 3.3532E-1 3.41159E-1 3.29323E-1 3.25597E-1 3.28254E-1 3.12005E-1 2.99124E-1 3.03846E-1 3.00092E-1 2.9967E-1 2.96768E-1 2.92655E-1 2.87249E-1 2.9814E-1 3.10812E-1 3.27241E-1 3.31178E-1 3.42567E-1 3.55556E-1 3.63406E-1 3.59475E-1 3.56009E-1 4.03186E-1 3.51553E-1 3.5372E-1
6.07868E-1 6.1561E-1 6.192E-1 6.14486E-1 5.5572E-1 5.06768E-1 5.37659E-1 5.90367E-1 6.15121E-1 6.08525E-1 6.05374E-1 6.05769E-1 6.13354E-1 6.24926E-1 6.56114E-1 6.58935E-1 6.57863E-1 6.55673E-1 6.53253E-1 6.53086E-1 6.32589E-1 6.39245E-1 6.44414E-1 6.52457E-1 6.62882E-1 6.7023E-1 6.89093E-1 6.64252E-1 5.55149E-1 4.46539E-1 4.34414E-1 4.08679E-1 3.96964E-1 3.85358E-1 3.86986E-1 3.76919E-1 3.66329E-1 3.562E-1 3.42693E-1 3.35571E-1 3.4218E-1 3.36412E-1 3.48075E-1 3.26859E-1 3.15089E-1 2.98725E-1 3.129E-1 2.98192E-1 3.0747E-1 3.26123E-1 3.22132E-1 3.35954E-1 3.43181E-1 3.46341E-1 3.88019E-1 3.73162E-1 3.70614E-1 3.66675E-1 3.79433E-1 4.02927E-1 3.75955E-1
5.9585E-1 5.97931E-1 5.7178E-1 5.21621E-1 5.16759E-1 5.41601E-1 6.09387E-1 6.19581E-1 6.12162E-1 6.03693E-1 6.01277E-1 6.02312E-1 6.09284E-1 6.14077E-1 6.4918E-1 6.52224E-1 6.51431E-1 6.50367E-1 6.45171E-1 6.4513E-1 6.24228E-1 6.33934E-1 6.45482E-1 6.55886E-1 6.64548E-1 6.74272E-1 6.87456E-1 6.34397E-1 5.01559E-1 4.81723E-1 4.62857E-1 4.35983E-1 4.32318E-1 4.22459E-1 4.06926E-1 3.92543E-1 3.85073E-1 3.67984E-1 3.50167E-1 3.40429E-1 3.5315E-1 3.42514E-1 3.28738E-1 3.33675E-1 3.32199E-1 3.1247E-1 3.27838E-1 3.30071E-1 3.32813E-1 3.35886E-1 3.26238E-1 3.39988E-1 3.6193E-1 3.70686E-1 3.92092E-1 4.19186E-1 3.90378E-1 3.9329E-1 3.95053E-1 4.35013E-1 4.24381E-1
5.19491E-1 4.86948E-1 4.57793E-1 4.54876E-1 4.84307E-1 5.47698E-1 5.70938E-1 5.5853E-1 5.60242E-1 5.82714E-1 5.90701E-1 6.00544E-1 6.00454E-1 6.03897E-1 6.08092E-1 6.10943E-1 6.16766E-1 6.19255E-1 6.11635E-1 6.06169E-1 6.09678E-1 6.19955E-1 6.30064E-1 6.42012E-1 6.57442E-1 6.66273E-1 6.82455E-1 6.75355E-1 6.25542E-1 5.73386E-1 5.00705E-1 4.65846E-1 4.64049E-1 4.40689E-1 4.32953E-1 4.17112E-1 4.15317E-1 4.08105E-1 3.84784E-1 3.61337E-1 3.6414E-1 3.60824E-1 3.37727E-1 3.50488E-1 3.65487E-1 3.51266E-1 3.45805E-1 3.34183E-1 3.36903E-1 3.40487E-1 3.52552E-1 3.71811E-1 3.86131E-1 3.96952E-1 4.15819E-1 4.48379E-1 4.18785E-1 4.02149E-1 4.05567E-1 4.15697E-1 4.59712E-1
4.32458E-1 4.03082E-1 3.95268E-1 4.26135E-1 4.45551E-1 4.59089E-1 4.27708E-1 4.14241E-1 4.28134E-1 4.77705E-1 5.39977E-1 5.88013E-1 5.90498E-1 5.92818E-1 6.01649E-1 6.08389E-1 6.11863E-1 6.10386E-1 6.01617E-1 5.89877E-1 5.78732E-1 5.85731E-1 6.04639E-1 5.98262E-1 5.88217E-1 5.88662E-1 6.54433E-1 6.71753E-1 6.57358E-1 5.78622E-1 5.12155E-1 4.97876E-1 4.93019E-1 4.66701E-1 4.42799E-1 4.2663E-1 4.08735E-1 4.04347E-1 3.90079E-1 4.02242E-1 3.80477E-1 3.75939E-1 3.90753E-1 3.86033E-1 3.82721E-1 3.81874E-1 3.70056E-1 3.59809E-1 3.60976E-1 3.591E-1 3.74312E-1 4.8609E-1 4.36691E-1 4.40409E-1 4.25153E-1 4.2602E-1 4.39119E-1 4.25715E-1 4.07311E-1 4.00873E-1 4.13223E-1
3.72469E-1 3.73376E-1 3.50189E-1 3.65667E-1 3.55766E-1 3.41795E-1 3.38762E-1 3.47392E-1 3.57948E-1 4.01015E-1 4.48947E-1 5.2829E-1 5.78034E-1 5.70768E-1 5.83426E-1 6.0253E-1 6.12966E-1 5.92886E-1 5.36583E-1 4.95642E-1 4.91358E-1 4.86501E-1 4.78047E-1 4.82029E-1 4.93598E-1 5.27111E-1 6.32055E-1 6.4813E-1 6.19079E-1 5.08727E-1 5.02117E-1 5.21837E-1 5.20512E-1 4.84703E-1 4.59538E-1 4.56609E-1 4.29739E-1 4.39697E-1 4.25823E-1 4.26594E-1 4.11904E-1 4.19681E-1 4.21239E-1 4.29399E-1 4.20419E-1 4.11684E-1 4.02066E-1 4.17388E-1 4.11195E-1 3.80593E-1 3.65354E-1 4.08299E-1 4.46083E-1 4.59116E-1 4.62252E-1 4.56227E-1 4.40083E-1 4.29799E-1 4.1507E-1 4.05382E-1 4.02747E-1
3.52046E-1 3.37466E-1 3.27189E-1 3.18363E-1 3.14699E-1 3.09406E-1 3.2512E-1 3.31648E-1 3.38773E-1 3.67168E-1 3.98585E-1 4.20138E-1 4.63636E-1 4.68082E-1 4.95879E-1 5.30734E-1 5.44465E-1 5.1967E-1 4.93984E-1 4.61483E-1 4.49353E-1 4.67528E-1 4.5312E-1 4.60215E-1 4.84602E-1 4.91248E-1 5.17108E-1 5.18332E-1 5.11693E-1 4.78658E-1 4.9757E-1 5.26792E-1 5.24633E-1 5.04986E-1 4.74842E-1 4.72084E-1 4.65785E-1 4.62187E-1 4.67921E-1 4.39167E-1 4.52754E-1 4.67679E-1 4.47151E-1 4.50806E-1 4.46358E-1 4.35118E-1 4.32166E-1 4.49086E-1 4.56595E-1 4.35927E-1 4.13016E-1 4.50379E-1 4.77276E-1 4.85054E-1 4.89839E-1 4.93944E-1 4.82131E-1 4.58141E-1 4.17594E-1 3.94937E-1 3.93311E-1
3.0729E-1 3.03953E-1 3.13264E-1 3.11347E-1 3.049E-1 3.08319E-1 3.26077E-1 3.37157E-1 3.54391E-1 3.78902E-1 3.96637E-1 3.93964E-1 4.15482E-1 4.27444E-1 4.31609E-1 4.60492E-1 5.04811E-1 5.1197E-1 4.80998E-1 4.70051E-1 4.91342E-1 5.01482E-1 4.80198E-1 4.66273E-1 4.87328E-1 4.82161E-1 4.63819E-1 4.69271E-1 4.40758E-1 4.47306E-1 4.82446E-1 5.1945E-1 5.1842E-1 5.66234E-1 5.66011E-1 5.45015E-1 5.11313E-1 4.84587E-1 4.86522E-1 5.10765E-1 4.97156E-1 5.09775E-1 4.94363E-1 4.84854E-1 4.90423E-1 4.82352E-1 4.78977E-1 5.06824E-1 5.19405E-1 4.7714E-1 4.7464E-1 4.91052E-1 5.06675E-1 5.22347E-1 5.25429E-1 5.37119E-1 5.38442E-1 5.34931E-1 5.18707E-1 4.49421E-1 3.94601E-1
2.74479E-1 2.84407E-1 2.94162E-1 3.03501E-1 2.95256E-1 3.15788E-1 3.23965E-1 3.35648E-1 3.63128E-1 3.75648E-1 3.91745E-1 3.96088E-1 4.13676E-1 4.35293E-1 4.5154E-1 4.6985E-1 4.89407E-1 5.04484E-1 4.99079E-1 4.99228E-1 5.07307E-1 5.10969E-1 5.17283E-1 5.33799E-1 5.22319E-1 5.02398E-1 4.88289E-1 4.85356E-1 4.87966E-1 4.63871E-1 4.62442E-1 4.83707E-1 5.12568E-1 5.27779E-1 5.48013E-1 5.87005E-1 5.84135E-1 5.74861E-1 5.78945E-1 5.93782E-1 6.04405E-1 6.03725E-1 5.82581E-1 5.64275E-1 5.37926E-1 5.35588E-1 5.36322E-1 5.23927E-1 5.24227E-1 5.16337E-1 5.17562E-1 5.22742E-1 5.4011E-1 5.43346E-1 5.422E-1 5.30766E-1 5.09352E-1 4.93845E-1 4.60955E-1 4.11478E-1 3.78276E-1
2.70557E-1 2.7953E-1 2.964E-1 3.09503E-1 3.14835E-1 3.25085E-1 3.29958E-1 3.43004E-1 3.68495E-1 3.80018E-1 3.9085E-1 4.01568E-1 4.18608E-1 4.45423E-1 4.59533E-1 4.82593E-1 5.00696E-1 4.93657E-1 5.51953E-1 5.72764E-1 5.68601E-1 5.73847E-1 5.76881E-1 5.70504E-1 5.65623E-1 5.6159E-1 5.2837E-1 5.11011E-1 5.25819E-1 5.43332E-1 5.50525E-1 5.52099E-1 5.47864E-1 5.49398E-1 5.44734E-1 5.35891E-1 5.4322E-1 5.44981E-1 5.29923E-1 5.61034E-1 5.57648E-1 5.50323E-1 5.62528E-1 5.72545E-1 5.38969E-1 6.05334E-1 6.33182E-1 6.49264E-1 6.39788E-1 6.2623E-1 6.22666E-1 5.67208E-1 5.66875E-1 5.72958E-1 5.6219E-1 5.49402E-1 5.31937E-1 4.99618E-1 4.58359E-1 4.28549E-1 4.16552E-1
2.68056E-1 2.77701E-1 2.98302E-1 3.03094E-1 3.09625E-1 3.15506E-1 3.3036E-1 3.44872E-1 3.67686E-1 3.85654E-1 3.89049E-1 4.11749E-1 4.31138E-1 4.83354E-1 5.00659E-1 5.2392E-1 5.20734E-1 5.74451E-1 5.91938E-1 5.95957E-1 5.94439E-1 5.86155E-1 5.43915E-1 5.51062E-1 5.75252E-1 5.57362E-1 5.2173E-1 5.02339E-1 4.96921E-1 5.13139E-1 5.60623E-1 5.62205E-1 5.65727E-1 5.74147E-1 5.89513E-1 5.95224E-1 6.00599E-1 5.99732E-1 6.06404E-1 6.09392E-1 6.0973E-1 5.74417E-1 5.69554E-1 5.54087E-1 5.81451E-1 5.96984E-1 6.57491E-1 6.85104E-1 6.91233E-1 6.98327E-1 7.10495E-1 7.06616E-1 6.11053E-1 5.99268E-1 6.02762E-1 5.86283E-1 5.55399E-1 5.24611E-1 4.95209E-1 4.73094E-1 4.57133E-1
2.80753E-1 2.78917E-1 2.89478E-1 3.07917E-1 3.11281E-1 3.22563E-1 3.36745E-1 3.53828E-1 3.82264E-1 4.04475E-1 4.10127E-1 4.40742E-1 5.02809E-1 5.63266E-1 5.64599E-1 5.50482E-1 5.6457E-1 5.90476E-1 5.90453E-1 5.87576E-1 5.89155E-1 5.8783E-1 5.61261E-1 5.86235E-1 5.84127E-1 5.32914E-1 4.89591E-1 4.85588E-1 4.79583E-1 4.80418E-1 4.97168E-1 5.50073E-1 5.76488E-1 5.89152E-1 5.95107E-1 6.03277E-1 6.08675E-1 6.13854E-1 6.25578E-1 6.28292E-1 6.40007E-1 6.54489E-1 6.51013E-1 6.24494E-1 6.26485E-1 6.51402E-1 6.93689E-1 6.99279E-1 7.05178E-1 7.17583E-1 7.24948E-1 7.29518E-1 7.05138E-1 6.3475E-1 6.16414E-1 6.10751E-1 5.81359E-1 5.68005E-1 5.39226E-1 5.11613E-1 5.0737E-1
2.81776E-1 2.89309E-1 2.97721E-1 3.03824E-1 3.2356E-1 3.36371E-1 3.48857E-1 3.69443E-1 3.97213E-1 4.26011E-1 4.32147E-1 4.7423E-1 5.54966E-1 5.6635E-1 5.39439E-1 5.6387E-1 5.86015E-1 5.89304E-1 5.89983E-1 5.88463E-1 5.89343E-1 5.9013E-1 5.90375E-1 5.92563E-1 5.90865E-1 5.43237E-1 4.95108E-1 4.89734E-1 4.9439E-1 4.78106E-1 4.89534E-1 4.96107E-1 5.0496E-1 5.44246E-1 5.91181E-1 6.12045E-1 6.14803E-1 6.22628E-1 6.31358E-1 6.39241E-1 6.48746E-1 6.60844E-1 6.71247E-1 6.76618E-1 6.93809E-1 6.91454E-1 7.03364E-1 7.09734E-1 7.18454E-1 7.30603E-1 7.37848E-1 7.38399E-1 7.35922E-1 6.85516E-1 6.11786E-1 6.10183E-1 5.98097E-1 5.97517E-1 5.69866E-1 5.53167E-1 5.47553E-1
2.81161E-1 2.76643E-1 2.97938E-1 3.16434E-1 3.39106E-1 3.59695E-1 3.76143E-1 3.92935E-1 4.2184E-1 4.50899E-1 4.75625E-1 5.45942E-1 5.61926E-1 5.25636E-1 5.5592E-1 5.73899E-1 5.88523E-1 5.93035E-1 5.9256E-1 5.92483E-1 5.93687E-1 5.95013E-1 5.84181E-1 5.82033E-1 5.2987E-1 5.05567E-1 4.85461E-1 4.78452E-1 4.65996E-1 4.69275E-1 4.69051E-1 4.7794E-1 4.76385E-1 4.82411E-1 5.16183E-1 5.60152E-1 6.24928E-1 6.25913E-1 6.39491E-1 6.48283E-1 6.59228E-1 6.71284E-1 6.82562E-1 6.95811E-1 7.06783E-1 6.92294E-1 6.7957E-1 6.923E-1 7.14178E-1 7.37421E-1 7.41506E-1 7.42452E-1 7.3981E-1 7.26658E-1 6.60526E-1 6.20727E-1 6.03703E-1 6.28401E-1 6.30786E-1 5.993E-1 5.79658E-1
2.9441E-1 2.96452E-1 3.28273E-1 3.47912E-1 3.79494E-1 3.83021E-1 3.88914E-1 4.11047E-1 4.35535E-1 4.76893E-1 5.41583E-1 5.83635E-1 5.11206E-1 5.38669E-1 5.82713E-1 5.87196E-1 5.91582E-1 5.95071E-1 6.03451E-1 5.82679E-1 5.98955E-1 5.86077E-1 5.48151E-1 5.62404E-1 5.04588E-1 4.7834E-1 4.54139E-1 4.40845E-1 4.50464E-1 4.58067E-1 4.62051E-1 4.65191E-1 4.69523E-1 4.88273E-1 5.11358E-1 5.43539E-1 6.01149E-1 6.40794E-1 6.43771E-1 6.56633E-1 6.6562E-1 6.8265E-1 6.92305E-1 7.04607E-1 7.08107E-1 7.09867E-1 7.01465E-1 6.7116E-1 6.9905E-1 7.39318E-1 7.49979E-1 7.5344E-1 7.50749E-1 7.42852E-1 7.36322E-1 6.85636E-1 6.43006E-1 6.46365E-1 6.65617E-1 6.33669E-1 5.90084E-1
