maxent_outputs/white_flowers_troch_bombus_environ/white_27.asc
ncols         426
nrows         180
xllcorner     -130.0
yllcorner     24.0
cellsize      0.16666666666666666
NODATA_value  -9999
[rows 81 to 107 of 180, columns 61 to 121 of 426]
8.27034E-2 6.23083E-2 7.95163E-2 5.83257E-2 5.67365E-2 6.53972E-2 5.99161E-2 4.28047E-2 4.88236E-2 3.84604E-2 4.51617E-2 5.033E-2 3.64249E-2 3.57357E-2 3.71975E-2 3.85613E-2 3.70335E-2 2.85239E-2 2.72212E-2 3.02531E-2 2.46304E-2 2.18634E-2 1.85212E-2 1.68739E-2 1.76301E-2 1.58102E-2 1.56933E-2 1.67079E-2 1.77733E-2 1.73649E-2 1.77884E-2 1.69189E-2 1.5553E-2 1.90531E-2 3.19466E-2 3.8151E-2 4.36245E-2 4.08999E-2 3.99085E-2 3.90602E-2 3.76726E-2 2.96273E-2 2.52558E-2 1.62702E-2 2.08248E-2 1.36269E-2 1.77554E-2 2.5529E-2 2.04776E-2 1.10796E-2 9.8143E-3 8.087E-3 6.68132E-3 7.39159E-3 8.43874E-3 8.99545E-3 8.0251E-3 7.78292E-3 8.0246E-3 6.93855E-3 6.9843E-3
8.95167E-2 9.89985E-2 7.52995E-2 7.18749E-2 4.9319E-2 6.64491E-2 5.16294E-2 5.77152E-2 5.58029E-2 4.36231E-2 4.49497E-2 4.20759E-2 4.41491E-2 4.60332E-2 3.81151E-2 3.82874E-2 3.8248E-2 2.83372E-2 3.57601E-2 2.8127E-2 2.23326E-2 2.13511E-2 1.78313E-2 1.74394E-2 1.7287E-2 1.43504E-2 1.96019E-2 1.75443E-2 1.51523E-2 1.48868E-2 1.69674E-2 1.77103E-2 1.82048E-2 1.97826E-2 2.45746E-2 2.85594E-2 3.4978E-2 3.4522E-2 3.78451E-2 3.72663E-2 3.6259E-2 3.21313E-2 2.46149E-2 1.91029E-2 1.83955E-2 1.96667E-2 1.7884E-2 2.47862E-2 3.61631E-2 1.4801E-2 1.00443E-2 6.84483E-3 6.05795E-3 8.1002E-3 9.70426E-3 1.24873E-2 9.8804E-3 7.98842E-3 7.05609E-3 6.2449E-3 6.11935E-3
6.05938E-2 1.77352E-1 9.24996E-2 6.31736E-2 4.72921E-2 5.90851E-2 5.78761E-2 6.28816E-2 5.30831E-2 5.56217E-2 4.63838E-2 4.05921E-2 5.73527E-2 5.31393E-2 3.75314E-2 3.62888E-2 3.11673E-2 3.17157E-2 2.8998E-2 2.15511E-2 2.12131E-2 1.94425E-2 1.754E-2 1.4856E-2 1.83671E-2 1.59641E-2 2.12496E-2 1.5117E-2 1.3267E-2 1.09609E-2 1.68029E-2 1.67671E-2 1.65987E-2 1.85477E-2 2.07706E-2 2.02698E-2 3.05654E-2 3.26892E-2 3.49149E-2 3.51636E-2 2.90581E-2 2.80872E-2 2.63036E-2 1.99072E-2 1.83161E-2 1.86807E-2 1.89072E-2 2.61027E-2 2.02306E-2 1.62801E-2 1.13937E-2 7.23909E-3 5.32172E-3 7.22944E-3 1.11625E-2 1.16864E-2 1.02771E-2 7.76024E-3 7.23675E-3 7.15873E-3 6.75759E-3
4.82954E-2 8.77187E-2 1.14081E-1 7.61087E-2 6.67204E-2 7.04891E-2 7.01838E-2 6.45109E-2 5.69056E-2 5.02513E-2 4.43485E-2 7.66024E-2 5.18366E-2 4.43107E-2 2.85861E-2 3.26597E-2 3.3046E-2 2.67748E-2 2.25359E-2 1.78637E-2 1.66102E-2 1.74723E-2 1.83692E-2 1.50392E-2 1.66911E-2 1.66825E-2 1.62489E-2 1.47238E-2 1.3094E-2 1.64125E-2 1.89322E-2 1.38461E-2 1.38424E-2 1.85549E-2 1.80899E-2 1.30843E-2 2.95971E-2 3.08338E-2 3.65479E-2 3.44392E-2 3.11889E-2 2.56411E-2 2.62938E-2 2.17572E-2 1.49995E-2 1.53726E-2 1.7081E-2 2.05632E-2 1.34834E-2 1.10769E-2 1.02644E-2 8.19981E-3 5.23023E-3 6.05733E-3 7.25293E-3 8.12665E-3 9.63718E-3 9.47903E-3 8.37485E-3 8.67451E-3 8.11691E-3
5.14063E-2 4.93749E-2 4.95977E-2 7.27818E-2 7.57705E-2 7.43621E-2 6.74928E-2 5.89088E-2 4.96344E-2 4.71331E-2 7.19461E-2 6.51758E-2 3.56583E-2 2.96411E-2 2.81334E-2 3.01345E-2 2.7654E-2 1.78038E-2 2.55356E-2 1.84989E-2 1.59462E-2 1.64431E-2 1.793E-2 1.49865E-2 1.6323E-2 1.60659E-2 1.20025E-2 1.33301E-2 1.28051E-2 1.37234E-2 1.90334E-2 1.46632E-2 2.03722E-2 1.72113E-2 1.40376E-2 1.66868E-2 2.94159E-2 2.8624E-2 3.37195E-2 3.1817E-2 2.5033E-2 2.5213E-2 2.50039E-2 2.24865E-2 2.16234E-2 1.86049E-2 1.67299E-2 1.70032E-2 1.26677E-2 9.40442E-3 8.01633E-3 4.86368E-3 4.74721E-3 8.73119E-3 8.16563E-3 8.08627E-3 8.91563E-3 1.08543E-2 1.20644E-2 1.08926E-2 8.14E-3
6.54209E-2 6.08433E-2 6.14356E-2 7.25955E-2 7.32924E-2 6.6429E-2 5.84118E-2 5.23094E-2 4.83336E-2 3.95574E-2 5.87541E-2 2.6254E-2 2.66374E-2 2.47067E-2 2.24002E-2 2.69913E-2 2.35655E-2 1.92596E-2 1.83229E-2 1.77267E-2 1.28303E-2 1.34961E-2 1.51968E-2 1.44226E-2 1.59376E-2 1.64475E-2 1.11349E-2 1.22582E-2 1.20756E-2 1.50125E-2 1.69411E-2 1.30437E-2 2.07094E-2 1.62175E-2 2.05218E-2 2.7187E-2 2.81883E-2 3.14033E-2 3.35104E-2 2.89051E-2 2.72526E-2 2.68178E-2 2.54661E-2 2.16851E-2 2.22159E-2 2.40398E-2 1.85899E-2 1.52635E-2 1.13993E-2 1.14677E-2 9.24503E-3 4.52773E-3 6.65781E-3 1.21719E-2 1.20579E-2 1.13802E-2 1.0882E-2 6.36721E-3 1.43137E-2 1.09932E-2 8.72258E-3
4.8492E-2 4.62283E-2 5.99443E-2 6.53689E-2 6.76542E-2 6.06322E-2 5.44711E-2 5.62386E-2 5.21775E-2 4.94187E-2 4.78161E-2 3.29832E-2 1.94164E-2 2.1227E-2 1.94291E-2 2.33764E-2 1.73913E-2 2.74237E-2 2.30329E-2 1.4796E-2 1.36483E-2 1.34667E-2 1.43461E-2 1.48728E-2 1.54096E-2 1.27378E-2 1.097E-2 1.0424E-2 1.0391E-2 1.37204E-2 1.35321E-2 9.9965E-3 2.07813E-2 1.09085E-2 2.22683E-2 2.45642E-2 3.04576E-2 3.13575E-2 2.90805E-2 2.49379E-2 2.86582E-2 2.75938E-2 2.12947E-2 2.15462E-2 2.19907E-2 1.95349E-2 1.68773E-2 1.56036E-2 1.06286E-2 9.86389E-3 6.10963E-3 5.09803E-3 8.61314E-3 1.09313E-2 1.00008E-2 1.3623E-2 1.4509E-2 1.30473E-2 1.81902E-2 1.25817E-2 7.20611E-3
4.21995E-2 5.35902E-2 5.14628E-2 6.7867E-2 5.7178E-2 5.42383E-2 5.77982E-2 5.55923E-2 5.86664E-2 4.41183E-2 3.78621E-2 3.1264E-2 1.83759E-2 1.84533E-2 1.85796E-2 1.74703E-2 1.89391E-2 2.80243E-2 1.82759E-2 1.37593E-2 1.23366E-2 1.32478E-2 1.32777E-2 1.24791E-2 1.31129E-2 1.1653E-2 8.27116E-3 7.72843E-3 1.01939E-2 1.13038E-2 9.7698E-3 1.03833E-2 2.04E-2 9.72582E-3 1.99533E-2 2.45699E-2 2.46711E-2 3.21539E-2 2.60259E-2 2.95048E-2 2.84606E-2 2.272E-2 2.02083E-2 2.08883E-2 1.84485E-2 1.75652E-2 1.59682E-2 1.68272E-2 1.43441E-2 8.11324E-3 4.37059E-3 6.68227E-3 1.25607E-2 9.25777E-3 1.12242E-2 1.34824E-2 1.55246E-2 1.83232E-2 2.09049E-2 1.54113E-2 6.71591E-3
4.52732E-2 3.22996E-2 3.69728E-2 5.75928E-2 4.80227E-2 5.4994E-2 5.98209E-2 5.57962E-2 4.44041E-2 4.2779E-2 3.68556E-2 3.32272E-2 1.88734E-2 1.35778E-2 1.62347E-2 1.51071E-2 2.76409E-2 2.18742E-2 1.0944E-2 1.24202E-2 9.58082E-3 1.09406E-2 1.30717E-2 1.23154E-2 1.49137E-2 1.38552E-2 8.61801E-3 1.03657E-2 1.26089E-2 1.04179E-2 9.21888E-3 1.47712E-2 1.80659E-2 1.87234E-2 2.70156E-2 2.6967E-2 2.92537E-2 2.36634E-2 3.07279E-2 3.43999E-2 3.95668E-2 2.72395E-2 2.08642E-2 1.98161E-2 1.60532E-2 1.65003E-2 1.21686E-2 1.45492E-2 1.30281E-2 6.65809E-3 4.26292E-3 9.03825E-3 1.117E-2 1.00606E-2 1.30501E-2 1.47927E-2 1.87781E-2 1.84639E-2 1.89053E-2 1.64561E-2 1.43318E-2
4.27955E-2 3.23738E-2 3.67423E-2 5.2375E-2 5.24803E-2 4.54723E-2 5.8189E-2 5.35556E-2 5.72438E-2 5.66932E-2 5.01843E-2 4.35625E-2 2.01959E-2 1.64917E-2 1.0899E-2 1.33446E-2 2.60709E-2 1.47843E-2 1.20709E-2 9.58125E-3 1.11414E-2 1.26617E-2 1.3067E-2 1.32367E-2 1.57012E-2 1.66952E-2 1.03001E-2 1.39358E-2 1.72825E-2 1.26644E-2 9.14169E-3 1.48818E-2 1.57103E-2 9.8302E-3 2.26108E-2 2.3899E-2 2.6472E-2 2.25261E-2 2.97875E-2 3.347E-2 3.8483E-2 2.77066E-2 2.06385E-2 1.7994E-2 1.79105E-2 1.18207E-2 1.08301E-2 1.47423E-2 1.1364E-2 7.27788E-3 6.7333E-3 1.27475E-2 1.1811E-2 1.09521E-2 1.10524E-2 1.24083E-2 1.92686E-2 1.53366E-2 1.62807E-2 1.51095E-2 1.37859E-2
2.9883E-2 2.43698E-2 3.95058E-2 4.3268E-2 4.53242E-2 4.03352E-2 6.84569E-2 5.36345E-2 3.56042E-2 3.93958E-2 4.49985E-2 3.73329E-2 2.53251E-2 1.75311E-2 9.98457E-3 1.38073E-2 2.45391E-2 8.38439E-3 1.14407E-2 8.21044E-3 1.14193E-2 1.34295E-2 1.39497E-2 1.2899E-2 1.69318E-2 1.83576E-2 1.69079E-2 1.72103E-2 2.04E-2 1.28985E-2 1.07517E-2 1.69506E-2 1.6917E-2 1.35831E-2 2.24925E-2 2.08984E-2 2.02659E-2 2.2967E-2 2.69945E-2 2.79519E-2 2.7464E-2 2.15305E-2 2.09198E-2 1.91905E-2 1.42819E-2 8.83612E-3 1.51263E-2 9.31677E-3 5.52262E-3 4.37742E-3 9.6093E-3 1.73201E-2 1.57964E-2 1.34032E-2 1.19516E-2 1.72155E-2 1.48784E-2 1.56055E-2 1.83136E-2 1.58435E-2 1.61056E-2
1.76799E-2 2.05853E-2 2.57537E-2 2.1124E-2 2.03995E-2 3.41707E-2 3.18327E-2 7.02477E-2 5.20251E-2 4.69234E-2 3.23881E-2 2.79097E-2 2.54602E-2 3.27747E-2 2.7883E-2 2.63586E-2 1.81537E-2 1.27378E-2 1.00368E-2 1.38621E-2 1.47489E-2 1.74312E-2 1.70556E-2 1.65304E-2 1.8283E-2 1.49911E-2 1.32148E-2 1.88061E-2 2.24707E-2 1.76422E-2 1.60968E-2 1.61729E-2 2.01537E-2 2.03018E-2 2.03345E-2 1.69389E-2 2.03678E-2 2.09521E-2 2.66812E-2 2.36741E-2 2.01158E-2 1.87818E-2 1.89851E-2 1.41694E-2 9.72847E-3 1.36658E-2 9.05455E-3 5.43986E-3 4.31338E-3 4.69758E-3 9.23773E-3 1.65552E-2 1.67728E-2 2.16562E-2 2.00797E-2 1.36858E-2 1.29563E-2 1.33415E-2 1.97098E-2 1.90208E-2 1.85391E-2
1.76593E-2 1.11046E-2 1.17683E-2 1.10136E-2 2.43869E-2 2.69122E-2 1.72035E-2 3.96975E-2 3.49353E-2 3.73424E-2 5.41726E-2 2.43926E-2 3.478E-2 4.0839E-2 4.16857E-2 3.00296E-2 2.14438E-2 1.71566E-2 1.20694E-2 1.77636E-2 1.57521E-2 1.86241E-2 1.84873E-2 2.02588E-2 1.46428E-2 1.56557E-2 1.42687E-2 2.14985E-2 2.31466E-2 2.03712E-2 2.12617E-2 1.75228E-2 1.99685E-2 1.80409E-2 1.91584E-2 1.65661E-2 2.03002E-2 2.0529E-2 2.51145E-2 2.21061E-2 2.0425E-2 1.82038E-2 1.27515E-2 1.08218E-2 5.81346E-3 1.13086E-2 7.08632E-3 6.13675E-3 5.47332E-3 7.19668E-3 8.51037E-3 1.78321E-2 2.19703E-2 2.27795E-2 2.02947E-2 1.69332E-2 1.56729E-2 1.53072E-2 2.12783E-2 2.51696E-2 2.72705E-2
1.44716E-2 9.20986E-3 9.48183E-3 1.39651E-2 8.5927E-3 1.06784E-2 1.13338E-2 2.30691E-2 3.16894E-2 3.92138E-2 5.72296E-2 4.31971E-2 3.33353E-2 4.57199E-2 4.99871E-2 3.44645E-2 3.11119E-2 2.10604E-2 2.06575E-2 2.24771E-2 2.029E-2 1.93058E-2 2.25483E-2 1.98747E-2 1.85702E-2 1.37317E-2 2.02225E-2 2.61705E-2 2.91037E-2 2.86424E-2 3.02976E-2 2.2784E-2 1.82938E-2 1.5381E-2 1.53813E-2 1.43126E-2 1.60354E-2 1.56629E-2 2.15473E-2 2.08294E-2 1.90647E-2 2.05136E-2 1.64447E-2 1.26307E-2 6.28414E-3 1.22979E-2 9.6648E-3 5.52255E-3 3.56815E-3 5.25404E-3 8.18177E-3 1.76401E-2 2.27718E-2 2.02696E-2 1.94604E-2 1.90631E-2 2.41929E-2 1.77065E-2 2.08898E-2 3.04852E-2 2.78134E-2
2.62591E-2 1.22414E-2 8.10133E-3 8.98751E-3 1.66704E-2 1.96495E-2 1.20114E-2 1.97145E-2 2.63921E-2 2.93213E-2 5.2553E-2 5.32542E-2 4.41897E-2 5.07681E-2 3.93183E-2 3.48942E-2 3.58991E-2 3.07967E-2 2.75462E-2 2.45656E-2 1.88738E-2 1.99426E-2 2.35184E-2 2.23426E-2 1.3399E-2 2.08478E-2 2.47521E-2 2.82332E-2 2.9799E-2 3.60993E-2 3.56327E-2 2.62683E-2 2.2822E-2 1.94663E-2 1.58696E-2 1.33764E-2 1.67554E-2 2.05418E-2 2.28687E-2 1.8417E-2 1.8779E-2 1.47547E-2 1.37034E-2 1.112E-2 7.77148E-3 8.45893E-3 6.4643E-3 6.08743E-3 2.21677E-3 3.09905E-3 4.14638E-3 1.21226E-2 1.94613E-2 1.46925E-2 1.32596E-2 2.27966E-2 3.18605E-2 2.38518E-2 2.35821E-2 2.13765E-2 2.36332E-2
8.19813E-2 3.01816E-2 1.27746E-2 6.73141E-3 1.8923E-2 1.49662E-2 1.44741E-2 1.7121E-2 2.04737E-2 2.04347E-2 4.32688E-2 4.73804E-2 4.3873E-2 4.70748E-2 4.74205E-2 4.38214E-2 3.57122E-2 3.04742E-2 2.79929E-2 2.35512E-2 1.59577E-2 1.76223E-2 2.293E-2 2.37228E-2 2.41139E-2 2.30913E-2 2.60931E-2 2.74777E-2 3.50055E-2 4.01183E-2 3.31211E-2 2.72803E-2 2.75002E-2 2.56873E-2 1.71863E-2 1.81469E-2 2.0267E-2 1.84109E-2 1.83435E-2 1.82537E-2 1.83683E-2 1.48212E-2 1.15037E-2 7.9737E-3 8.06871E-3 5.90093E-3 6.28299E-3 4.89046E-3 6.05129E-3 1.1056E-2 1.38754E-2 1.82587E-2 1.82976E-2 2.32208E-2 1.49469E-2 2.89465E-2 4.48475E-2 3.05792E-2 2.08116E-2 1.42199E-2 1.28683E-2
1.24207E-1 4.14805E-2 1.35108E-2 5.78807E-3 1.18814E-2 1.25411E-2 1.01995E-2 1.74864E-2 3.05744E-2 1.06571E-2 4.06536E-2 3.05243E-2 3.41816E-2 6.35849E-2 3.94463E-2 3.59165E-2 4.01441E-2 3.56187E-2 3.06152E-2 2.42815E-2 2.22133E-2 1.99731E-2 2.19998E-2 2.64068E-2 2.49816E-2 2.34072E-2 2.37187E-2 3.63764E-2 4.24012E-2 3.93703E-2 3.24616E-2 3.39677E-2 3.00707E-2 2.51912E-2 1.91355E-2 2.09903E-2 1.79391E-2 1.84337E-2 2.16487E-2 2.13028E-2 1.88975E-2 1.02262E-2 6.19126E-3 6.02182E-3 7.71508E-3 5.8217E-3 6.53317E-3 7.14481E-3 1.31169E-2 1.77072E-2 2.23002E-2 2.56533E-2 2.47763E-2 3.4712E-2 3.64467E-2 3.93033E-2 6.34354E-2 3.19174E-2 1.932E-2 1.13449E-2 1.15563E-2
2.98449E-1 6.50208E-2 1.79988E-2 2.43408E-2 1.75465E-2 1.03156E-2 1.02807E-2 2.36859E-2 6.98125E-2 7.46407E-3 1.94355E-2 3.61017E-2 3.54559E-2 3.32321E-2 3.42009E-2 4.27358E-2 4.70806E-2 4.00733E-2 3.09032E-2 2.82599E-2 2.75581E-2 2.25571E-2 2.1644E-2 2.711E-2 2.82523E-2 3.02134E-2 3.26184E-2 5.6189E-2 4.53731E-2 3.47849E-2 3.23321E-2 3.78806E-2 3.25896E-2 2.40883E-2 2.18244E-2 2.02712E-2 2.17103E-2 2.18004E-2 1.82925E-2 2.16635E-2 1.01327E-2 6.73361E-3 4.66613E-3 5.96925E-3 6.36918E-3 6.34235E-3 1.42976E-2 1.45453E-2 1.31787E-2 1.82428E-2 2.43274E-2 2.98317E-2 4.03988E-2 4.4278E-2 6.04454E-2 6.5017E-2 4.33703E-2 3.36958E-2 2.19614E-2 1.39698E-2 1.87778E-2
4.42477E-1 2.08601E-1 7.5873E-2 8.25679E-2 2.49461E-2 9.43555E-3 5.12723E-3 4.40272E-2 8.72981E-2 2.12849E-2 1.56284E-2 4.80392E-2 3.25739E-2 2.26563E-2 4.37239E-2 4.6139E-2 5.69343E-2 3.86218E-2 3.02227E-2 2.84936E-2 2.86501E-2 2.44952E-2 2.59456E-2 3.30438E-2 2.94331E-2 4.39959E-2 4.11937E-2 5.68464E-2 5.89675E-2 4.4193E-2 3.53002E-2 5.42916E-2 4.07743E-2 2.75959E-2 4.67079E-2 4.18862E-2 4.15555E-2 2.39615E-2 1.29714E-2 3.87844E-2 1.3328E-2 1.20696E-2 1.10305E-2 9.91298E-3 9.31989E-3 1.11467E-2 1.78219E-2 1.89871E-2 1.97403E-2 2.32034E-2 2.61819E-2 2.91893E-2 4.51098E-2 5.89826E-2 7.29901E-2 5.23972E-2 3.49996E-2 3.84957E-2 2.67177E-2 1.70708E-2 2.45883E-2
4.63638E-1 4.63513E-1 2.55346E-1 8.79192E-2 2.00742E-2 1.22367E-2 4.11766E-3 9.34379E-3 2.38585E-2 6.15242E-2 2.91472E-2 7.6608E-2 8.9987E-2 1.01614E-1 5.54086E-2 4.57034E-2 7.26873E-2 6.44884E-2 4.18942E-2 3.11542E-2 2.0765E-2 1.79108E-2 3.41491E-2 3.72051E-2 3.7874E-2 4.21817E-2 5.47816E-2 5.614E-2 8.73909E-2 5.72943E-2 6.79453E-2 9.39858E-2 1.10557E-1 7.50042E-2 1.01748E-1 9.46831E-2 9.17113E-2 6.06653E-2 7.8258E-2 9.64042E-2 5.85946E-2 3.11143E-2 2.23853E-2 2.18152E-2 1.77487E-2 1.58168E-2 2.2497E-2 3.35671E-2 3.43795E-2 3.76668E-2 4.2595E-2 4.99231E-2 2.97241E-2 7.29893E-2 7.30607E-2 6.43976E-2 6.55595E-2 4.92388E-2 3.53708E-2 3.07437E-2 3.12541E-2
4.73712E-1 5.14726E-1 4.36451E-1 1.72989E-1 3.6553E-2 1.90182E-2 5.70461E-3 5.97531E-3 8.03861E-3 9.20023E-2 1.59647E-2 4.24768E-2 1.13178E-1 1.10672E-1 1.8972E-1 8.37513E-2 5.38202E-2 6.23703E-2 7.13203E-2 5.73366E-2 3.95448E-2 3.97678E-2 5.57197E-2 4.64853E-2 4.03E-2 4.49888E-2 7.22044E-2 7.41916E-2 9.63427E-2 1.28219E-1 1.32373E-1 1.82255E-1 1.32964E-1 1.58347E-1 1.77199E-1 1.37484E-1 1.14755E-1 1.48937E-1 1.23124E-1 7.60723E-2 5.65606E-2 3.8156E-2 2.43777E-2 3.14966E-2 2.88485E-2 2.26355E-2 2.25511E-2 3.99429E-2 4.12735E-2 6.01427E-2 7.62797E-2 1.16962E-1 7.7098E-2 5.85085E-2 4.32745E-2 3.9797E-2 4.9784E-2 3.6243E-2 3.0279E-2 3.25564E-2 2.94211E-2
4.88125E-1 4.92927E-1 5.1894E-1 5.32385E-1 3.0831E-1 7.52949E-2 2.84934E-2 1.13089E-2 6.24516E-3 8.67105E-2 3.25695E-2 1.13625E-1 1.53946E-1 5.84994E-2 1.40016E-1 2.86298E-1 5.7539E-2 8.58282E-2 1.18506E-1 9.18625E-2 8.33127E-2 6.0973E-2 7.65081E-2 8.0173E-2 6.15273E-2 9.01835E-2 9.10066E-2 7.99916E-2 8.52076E-2 1.90779E-1 1.88397E-1 2.07525E-1 1.21349E-1 2.39753E-1 2.40885E-1 2.3113E-1 1.20441E-1 1.06274E-1 9.87499E-2 5.8248E-2 4.02878E-2 3.47774E-2 3.6125E-2 3.78424E-2 3.04203E-2 2.3994E-2 1.89061E-2 1.90728E-2 2.43533E-2 6.79535E-2 6.13778E-2 6.41247E-2 5.8397E-2 4.05824E-2 2.31809E-2 2.53419E-2 3.12276E-2 3.32856E-2 3.28364E-2 2.8948E-2 2.52291E-2
5.3705E-1 5.0859E-1 5.36741E-1 5.23323E-1 3.75518E-1 9.21553E-2 3.59175E-2 1.88359E-2 5.7477E-3 4.93178E-2 9.59034E-2 9.75594E-2 4.19974E-1 1.33858E-1 8.46516E-2 6.45599E-1 4.89143E-1 2.02872E-1 1.82275E-1 1.79964E-1 1.6436E-1 1.31173E-1 1.11156E-1 8.87318E-2 8.63596E-2 1.11424E-1 1.06334E-1 4.92555E-2 5.63102E-2 2.27855E-1 2.90842E-1 2.93052E-1 2.79556E-1 3.31725E-1 2.81636E-1 1.37051E-1 5.64929E-2 4.13937E-2 5.88314E-2 4.97955E-2 3.26318E-2 3.1378E-2 3.18722E-2 3.53882E-2 2.4259E-2 1.24417E-2 1.66703E-2 1.99932E-2 3.86097E-2 4.4092E-2 2.71351E-2 3.04365E-2 2.93009E-2 2.98054E-2 2.6959E-2 1.49476E-2 2.25468E-2 2.69533E-2 2.76191E-2 2.47057E-2 2.22265E-2
4.80152E-1 5.0494E-1 5.37118E-1 5.49092E-1 5.12178E-1 3.29465E-1 6.24473E-2 9.53507E-3 5.21296E-3 9.32612E-3 9.46792E-2 6.50816E-2 9.93884E-2 1.08806E-1 1.15104E-1 5.23627E-1 5.46591E-1 7.24133E-1 2.98587E-1 2.22978E-1 2.26412E-1 2.01308E-1 1.61837E-1 9.55984E-2 1.17421E-1 1.33941E-1 1.27713E-1 3.13894E-2 4.62431E-2 2.20382E-1 3.06643E-1 3.56378E-1 3.79341E-1 3.39037E-1 1.15313E-1 1.45084E-1 9.37929E-2 3.63621E-2 4.13106E-2 3.73206E-2 3.32935E-2 3.0202E-2 3.75349E-2 4.25022E-2 1.43184E-2 7.42603E-3 1.0384E-2 3.42617E-2 3.84682E-2 1.97737E-2 1.70266E-2 1.83527E-2 1.83353E-2 1.83604E-2 1.7474E-2 1.44951E-2 1.56714E-2 1.63049E-2 2.23091E-2 2.30693E-2 2.00087E-2
4.75698E-1 5.04567E-1 4.95849E-1 5.10067E-1 5.37074E-1 5.29905E-1 1.46151E-1 1.05083E-2 9.97328E-3 5.92839E-3 3.4231E-2 1.54452E-1 6.72103E-2 1.13391E-1 3.49817E-1 1.23592E-1 1.65687E-1 7.51827E-1 5.23026E-1 2.1666E-1 2.57312E-1 2.59469E-1 2.09803E-1 5.01572E-2 3.01221E-2 4.95575E-2 1.50497E-1 1.45601E-1 1.28533E-1 2.8413E-1 2.90328E-1 3.23464E-1 4.31439E-1 3.47896E-1 2.64582E-1 2.91487E-1 8.37943E-2 2.81553E-2 3.34824E-2 2.54318E-2 2.91764E-2 3.01236E-2 3.6636E-2 7.23439E-2 2.7489E-2 7.61863E-3 7.14802E-3 3.037E-2 2.03365E-2 1.77823E-2 2.1413E-2 1.89708E-2 1.76006E-2 1.98995E-2 1.87134E-2 1.77717E-2 1.45651E-2 1.12401E-2 1.19321E-2 1.49369E-2 2.02748E-2
4.81115E-1 4.75657E-1 4.78911E-1 5.05925E-1 5.14317E-1 4.85547E-1 2.28129E-1 3.07552E-2 2.24458E-2 1.02409E-2 2.70883E-2 1.03563E-1 4.9343E-2 9.73947E-2 3.12758E-1 2.58925E-1 7.00287E-2 7.03896E-1 5.8244E-1 2.17414E-1 3.04998E-1 2.78355E-1 2.27733E-1 1.37158E-1 2.76623E-2 2.37472E-2 1.2088E-1 3.41664E-1 3.96397E-1 3.48895E-1 3.32681E-1 3.87143E-1 4.80243E-1 2.64225E-1 3.21799E-1 3.39266E-1 7.00423E-2 2.3745E-2 4.72871E-2 6.88892E-2 6.31842E-2 8.14101E-2 6.96275E-2 4.53563E-2 6.32121E-2 3.02601E-2 1.0048E-2 2.91603E-2 2.73854E-2 2.65843E-2 2.78074E-2 2.46657E-2 2.28347E-2 2.38404E-2 2.06171E-2 1.6921E-2 1.33477E-2 1.31321E-2 1.18809E-2 1.09779E-2 1.81512E-2
4.85407E-1 4.7941E-1 4.70612E-1 4.74606E-1 4.96491E-1 5.42718E-1 3.93335E-1 7.23835E-2 4.07439E-2 1.56229E-2 2.95493E-2 1.52802E-1 1.02807E-1 6.20258E-2 1.9941E-1 4.74184E-1 7.36683E-2 5.76857E-1 7.10021E-1 1.70001E-1 2.62994E-1 3.26276E-1 2.18997E-1 1.80336E-1 1.31523E-1 7.42403E-2 1.67032E-1 3.58726E-1 4.62994E-1 4.54261E-1 5.75301E-1 4.78655E-1 5.49525E-1 4.57778E-1 4.26397E-1 2.38698E-1 8.60174E-2 3.72281E-2 6.13004E-2 1.2826E-1 3.61142E-2 2.60271E-2 2.29901E-2 3.03503E-2 1.81302E-2 3.86178E-2 4.57149E-2 5.22256E-2 3.56079E-2 3.86581E-2 4.08324E-2 3.35862E-2 2.74957E-2 2.54754E-2 1.98516E-2 1.65776E-2 1.45289E-2 1.25718E-2 1.23068E-2 1.32005E-2 1.67957E-2
