maxent_outputs/white_flowers_troch_bombus_environ/white_324.asc
ncols         426
nrows         180
xllcorner     -130.0
yllcorner     24.0
cellsize      0.16666666666666666
NODATA_value  -9999
[rows 27 to 53 of 180, columns 244 to 304 of 426]
4.08516E-2 4.12338E-2 4.32744E-2 4.66241E-2 5.02925E-2 5.41768E-2 5.12943E-2 4.37534E-2 4.05937E-2 3.98576E-2 3.99792E-2 4.15754E-2 4.27836E-2 4.19618E-2 4.83364E-2 4.48169E-2 4.69102E-2 4.83148E-2 4.93755E-2 4.95936E-2 4.77105E-2 4.74917E-2 4.92329E-2 4.73442E-2 4.71224E-2 5.0971E-2 4.83523E-2 4.86278E-2 4.87989E-2 4.80029E-2 4.84262E-2 4.85099E-2 4.93677E-2 4.95746E-2 5.07439E-2 5.06635E-2 4.99172E-2 4.98209E-2 4.84595E-2 4.77222E-2 4.68908E-2 4.71502E-2 5.00293E-2 5.13382E-2 4.90225E-2 4.85664E-2 4.82833E-2 4.96008E-2 4.9951E-2 4.95624E-2 4.89046E-2 4.82261E-2 4.83198E-2 4.59949E-2 4.5421E-2 4.38994E-2 4.26814E-2 4.18613E-2 4.1932E-2 4.08262E-2 3.98462E-2
4.04118E-2 4.13563E-2 4.41088E-2 4.25568E-2 4.22423E-2 4.51634E-2 4.42757E-2 4.26197E-2 4.12969E-2 4.01769E-2 3.95927E-2 4.27818E-2 4.23207E-2 4.48234E-2 4.39262E-2 4.56015E-2 4.81823E-2 5.20162E-2 5.08816E-2 5.05264E-2 4.85889E-2 4.66275E-2 4.68369E-2 4.81176E-2 4.84615E-2 4.91195E-2 4.69016E-2 4.74256E-2 4.78452E-2 4.72457E-2 4.77259E-2 4.84715E-2 4.83223E-2 4.94424E-2 5.01789E-2 5.08982E-2 4.99131E-2 4.90037E-2 4.72444E-2 4.69945E-2 4.6916E-2 4.73091E-2 4.85305E-2 5.04617E-2 5.04834E-2 5.0587E-2 5.02723E-2 5.06434E-2 5.17623E-2 5.2554E-2 5.03944E-2 4.88428E-2 4.72794E-2 4.54952E-2 4.54788E-2 4.51803E-2 4.40379E-2 4.32059E-2 4.31061E-2 4.14961E-2 4.13474E-2
3.96417E-2 4.04385E-2 4.33596E-2 4.37937E-2 4.36446E-2 4.44227E-2 4.9708E-2 4.7796E-2 4.27846E-2 4.32264E-2 4.45413E-2 4.61984E-2 4.55569E-2 4.79083E-2 4.65256E-2 4.8666E-2 5.40019E-2 5.66397E-2 5.47726E-2 5.22791E-2 4.76945E-2 4.74141E-2 4.74428E-2 4.95322E-2 5.09415E-2 4.99034E-2 4.76637E-2 4.92362E-2 4.92037E-2 4.9324E-2 5.02451E-2 4.89518E-2 4.87309E-2 4.98633E-2 4.9766E-2 5.13965E-2 5.08223E-2 5.14757E-2 4.95974E-2 4.86721E-2 4.94539E-2 4.84879E-2 4.85803E-2 4.9783E-2 4.97074E-2 5.04415E-2 5.11192E-2 5.08197E-2 5.15573E-2 5.30104E-2 5.0437E-2 4.87889E-2 4.69574E-2 4.65883E-2 4.6233E-2 4.60456E-2 4.53645E-2 4.48552E-2 4.49171E-2 4.26152E-2 4.23932E-2
3.84508E-2 3.89034E-2 4.15787E-2 4.41235E-2 4.52612E-2 4.69259E-2 5.49487E-2 6.26007E-2 5.84241E-2 6.49253E-2 6.01496E-2 5.44728E-2 5.2693E-2 5.42917E-2 5.71612E-2 5.5248E-2 5.72521E-2 5.94206E-2 5.81384E-2 5.43717E-2 5.05143E-2 5.02718E-2 4.94071E-2 4.90899E-2 4.83076E-2 4.73034E-2 4.94847E-2 4.94864E-2 4.87402E-2 5.56279E-2 5.10832E-2 5.01366E-2 5.00066E-2 5.00522E-2 5.1077E-2 5.30161E-2 5.1129E-2 4.97208E-2 5.01243E-2 4.95653E-2 4.90899E-2 4.99425E-2 4.88975E-2 4.8744E-2 4.85716E-2 4.93986E-2 5.05698E-2 4.99679E-2 5.03054E-2 5.06976E-2 4.96066E-2 4.8353E-2 4.63238E-2 4.7543E-2 4.77604E-2 5.41574E-2 5.45047E-2 4.78556E-2 4.65939E-2 4.42106E-2 4.32478E-2
3.97614E-2 3.91473E-2 4.1E-2 4.37155E-2 5.0493E-2 6.25751E-2 5.30131E-2 6.0287E-2 7.27978E-2 8.73085E-2 1.05069E-1 1.129E-1 9.71224E-2 8.80384E-2 9.46647E-2 9.6603E-2 8.41868E-2 8.19507E-2 6.01691E-2 5.35712E-2 5.169E-2 5.11847E-2 5.36958E-2 4.96282E-2 4.73518E-2 4.84659E-2 4.9355E-2 5.06987E-2 4.91964E-2 5.17245E-2 5.1715E-2 5.0967E-2 5.13004E-2 5.07037E-2 5.19245E-2 5.16644E-2 5.14814E-2 5.06142E-2 4.91862E-2 4.96779E-2 4.85497E-2 4.89384E-2 4.92111E-2 4.87836E-2 4.87786E-2 4.88879E-2 4.8962E-2 4.91354E-2 4.94708E-2 4.96669E-2 4.91876E-2 4.73583E-2 4.7656E-2 4.97095E-2 5.12119E-2 5.79666E-2 6.05384E-2 5.2419E-2 5.76126E-2 4.78989E-2 4.56039E-2
4.47574E-2 4.86795E-2 5.71076E-2 5.90144E-2 6.66059E-2 6.90959E-2 1.01627E-1 1.53001E-1 1.92539E-1 2.02564E-1 2.04201E-1 2.05539E-1 2.0339E-1 1.94692E-1 1.89281E-1 1.98496E-1 1.95774E-1 1.92389E-1 8.65753E-2 5.59706E-2 5.38298E-2 5.1932E-2 5.03991E-2 4.98281E-2 4.96356E-2 5.09211E-2 4.98164E-2 5.07806E-2 5.27709E-2 5.13121E-2 5.36934E-2 5.13405E-2 5.2628E-2 5.30254E-2 5.24726E-2 5.25388E-2 5.1559E-2 5.03977E-2 5.01926E-2 4.90655E-2 4.87653E-2 4.84344E-2 4.90137E-2 4.9643E-2 5.02352E-2 5.00341E-2 5.09443E-2 4.93478E-2 4.94923E-2 5.03886E-2 5.2828E-2 4.9953E-2 4.94878E-2 5.07558E-2 5.12103E-2 5.17811E-2 5.46702E-2 5.57255E-2 5.648E-2 5.24838E-2 4.98443E-2
5.72175E-2 9.15439E-2 9.37314E-2 7.54346E-2 9.74246E-2 1.42887E-1 1.87323E-1 1.94776E-1 2.00726E-1 2.03869E-1 2.06403E-1 2.12145E-1 2.1138E-1 2.10861E-1 2.12645E-1 2.11159E-1 2.05348E-1 2.0928E-1 1.48364E-1 6.34366E-2 5.65024E-2 5.38057E-2 5.21975E-2 5.19673E-2 5.27804E-2 5.24702E-2 5.19516E-2 5.26819E-2 5.32863E-2 5.41238E-2 5.79643E-2 5.74035E-2 5.61174E-2 5.95589E-2 5.70283E-2 5.49604E-2 5.31378E-2 5.08973E-2 5.13614E-2 5.00159E-2 4.92709E-2 4.83686E-2 4.89609E-2 5.00241E-2 5.09758E-2 5.15334E-2 5.17304E-2 5.29975E-2 5.24278E-2 5.32652E-2 5.49602E-2 5.25485E-2 5.26449E-2 5.39489E-2 5.3913E-2 5.41102E-2 5.57613E-2 5.4307E-2 5.39102E-2 5.32377E-2 5.47775E-2
7.24108E-2 9.68496E-2 1.29866E-1 1.58497E-1 1.7067E-1 1.65183E-1 1.86576E-1 1.99692E-1 2.01435E-1 2.06151E-1 2.12894E-1 2.17585E-1 2.1667E-1 2.17183E-1 2.18769E-1 2.1871E-1 2.15277E-1 2.16917E-1 2.11286E-1 8.06273E-2 5.89986E-2 5.73879E-2 5.68157E-2 5.52961E-2 5.60757E-2 5.59928E-2 5.56299E-2 5.73918E-2 5.79003E-2 5.77862E-2 6.16196E-2 6.29146E-2 5.99473E-2 5.79673E-2 5.62187E-2 5.45784E-2 5.46299E-2 5.19567E-2 5.07028E-2 5.02899E-2 5.13269E-2 4.97492E-2 4.97026E-2 5.03389E-2 5.10941E-2 5.17887E-2 5.24706E-2 5.39579E-2 5.43542E-2 5.3982E-2 5.41623E-2 5.36755E-2 5.65736E-2 5.62895E-2 5.91689E-2 6.08207E-2 5.94673E-2 5.74102E-2 5.72001E-2 5.74836E-2 5.42358E-2
1.31652E-1 1.57374E-1 1.23872E-1 1.09576E-1 1.08435E-1 1.57069E-1 1.92004E-1 1.99482E-1 2.04978E-1 2.13205E-1 2.20311E-1 2.26324E-1 2.25432E-1 2.25607E-1 2.27913E-1 2.26008E-1 2.26528E-1 2.2273E-1 2.2166E-1 1.62233E-1 8.25389E-2 6.5552E-2 6.26405E-2 6.21834E-2 6.304E-2 6.25218E-2 6.36696E-2 6.36503E-2 6.50892E-2 6.59199E-2 6.34374E-2 6.42024E-2 6.37098E-2 5.95337E-2 5.77747E-2 5.7389E-2 5.66994E-2 5.49589E-2 5.21152E-2 5.26796E-2 5.20752E-2 5.26823E-2 5.39521E-2 5.16656E-2 5.24096E-2 5.18333E-2 5.34253E-2 5.42123E-2 5.43308E-2 5.47409E-2 5.58834E-2 5.76666E-2 5.94412E-2 5.80388E-2 6.00224E-2 6.33939E-2 6.28463E-2 6.02845E-2 5.97116E-2 5.73987E-2 5.64245E-2
1.39792E-1 9.41777E-2 1.09523E-1 1.47675E-1 1.76553E-1 1.91157E-1 1.96377E-1 1.99262E-1 2.06976E-1 2.16867E-1 2.23737E-1 2.26104E-1 2.25048E-1 2.29535E-1 2.69574E-1 2.69398E-1 2.69672E-1 2.64546E-1 2.6223E-1 2.54493E-1 2.04428E-1 1.37486E-1 1.20183E-1 1.17199E-1 1.32613E-1 1.48461E-1 1.09421E-1 7.59876E-2 7.50753E-2 7.19673E-2 6.84612E-2 6.56744E-2 6.68455E-2 6.40669E-2 6.08994E-2 5.84416E-2 5.84647E-2 5.41154E-2 5.37619E-2 5.39483E-2 5.30691E-2 5.29439E-2 5.21996E-2 5.15911E-2 5.28008E-2 5.3086E-2 5.54394E-2 5.65379E-2 5.64863E-2 5.70805E-2 5.73956E-2 5.9072E-2 6.03162E-2 5.85613E-2 6.08007E-2 6.07039E-2 5.92471E-2 5.99539E-2 5.84528E-2 5.72605E-2 5.73318E-2
1.72665E-1 1.565E-1 1.82379E-1 1.84894E-1 1.8645E-1 1.95803E-1 1.99512E-1 2.04832E-1 2.1231E-1 2.14474E-1 2.18029E-1 2.20113E-1 2.3073E-1 2.36147E-1 2.75691E-1 2.73396E-1 2.70746E-1 2.72075E-1 2.67359E-1 2.61474E-1 1.47044E-1 1.13691E-1 1.45639E-1 2.14934E-1 2.08678E-1 2.0565E-1 9.58814E-2 8.1051E-2 8.02604E-2 7.77685E-2 7.63549E-2 7.19976E-2 6.84598E-2 6.46937E-2 6.45251E-2 5.929E-2 5.74594E-2 5.51118E-2 5.53056E-2 5.58331E-2 5.5398E-2 5.32683E-2 5.53065E-2 5.59004E-2 5.45097E-2 5.41579E-2 5.60472E-2 5.79265E-2 5.63688E-2 5.83365E-2 5.90342E-2 5.85431E-2 6.0036E-2 6.14333E-2 6.12857E-2 6.05741E-2 5.86592E-2 5.74546E-2 5.8075E-2 5.60716E-2 5.70581E-2
1.81749E-1 1.84242E-1 1.86013E-1 1.85999E-1 1.94418E-1 1.93705E-1 2.00373E-1 1.84091E-1 1.77921E-1 1.92058E-1 2.02261E-1 2.15121E-1 2.29031E-1 2.33833E-1 2.72868E-1 2.73497E-1 2.75654E-1 2.73014E-1 2.68333E-1 2.63386E-1 2.21011E-1 2.09149E-1 2.1901E-1 2.15655E-1 2.13209E-1 1.99464E-1 9.92501E-2 9.12299E-2 8.78679E-2 8.36004E-2 7.87529E-2 7.67773E-2 7.1022E-2 6.97588E-2 6.71064E-2 6.18989E-2 5.95026E-2 5.75995E-2 5.65324E-2 5.57129E-2 5.58024E-2 5.50444E-2 5.61305E-2 5.50886E-2 5.54262E-2 5.57486E-2 5.54147E-2 5.64606E-2 5.75071E-2 5.75629E-2 5.91864E-2 6.09679E-2 5.99198E-2 6.09053E-2 6.23708E-2 6.17835E-2 6.10601E-2 5.98748E-2 6.17153E-2 6.00709E-2 6.40917E-2
1.89078E-1 1.89398E-1 1.77106E-1 1.79452E-1 1.7948E-1 1.49588E-1 1.11576E-1 1.08637E-1 1.17538E-1 1.30422E-1 1.64261E-1 1.93942E-1 2.23231E-1 2.32773E-1 2.67538E-1 2.75302E-1 2.77809E-1 2.79826E-1 2.74334E-1 2.71416E-1 2.23415E-1 2.03052E-1 2.2558E-1 2.24858E-1 2.22011E-1 2.16135E-1 1.82665E-1 1.3173E-1 9.55747E-2 8.44308E-2 8.2225E-2 8.08811E-2 7.57227E-2 7.3962E-2 7.04366E-2 6.70066E-2 6.41591E-2 6.42396E-2 6.07211E-2 5.96126E-2 5.93652E-2 5.73289E-2 5.62744E-2 5.63567E-2 5.55009E-2 5.5905E-2 5.55955E-2 5.57975E-2 5.54976E-2 5.62297E-2 5.83286E-2 6.12881E-2 6.24519E-2 6.42408E-2 6.52642E-2 6.59464E-2 6.39015E-2 6.28489E-2 6.92746E-2 6.14481E-2 6.42943E-2
1.89552E-1 1.84117E-1 1.67158E-1 1.48877E-1 1.1408E-1 9.66806E-2 9.9333E-2 1.22432E-1 1.60714E-1 1.88189E-1 1.87744E-1 1.87157E-1 1.96126E-1 2.12845E-1 2.63731E-1 2.73428E-1 2.73949E-1 2.77964E-1 2.76806E-1 2.71011E-1 2.3048E-1 2.27385E-1 2.31996E-1 2.28503E-1 2.27648E-1 2.24503E-1 2.12731E-1 1.76873E-1 1.07535E-1 8.90472E-2 8.56827E-2 7.96511E-2 7.69047E-2 7.5417E-2 7.54631E-2 7.2517E-2 6.97029E-2 6.6542E-2 6.3149E-2 6.15388E-2 6.21329E-2 6.17017E-2 6.40804E-2 6.02233E-2 5.78792E-2 5.63482E-2 5.77515E-2 5.63568E-2 5.75556E-2 6.09956E-2 6.01945E-2 6.32203E-2 6.43332E-2 6.45027E-2 7.00341E-2 6.7382E-2 6.62643E-2 6.52618E-2 6.69303E-2 7.03586E-2 6.83081E-2
1.6965E-1 1.48408E-1 1.20118E-1 9.93573E-2 9.70443E-2 1.01019E-1 1.32661E-1 1.69886E-1 1.83587E-1 1.88872E-1 1.89263E-1 1.87551E-1 1.90956E-1 2.02964E-1 2.60156E-1 2.71512E-1 2.709E-1 2.71217E-1 2.7834E-1 2.74104E-1 2.31547E-1 2.36148E-1 2.35159E-1 2.30928E-1 2.30319E-1 2.24751E-1 2.13629E-1 1.36364E-1 9.61292E-2 9.30556E-2 8.93316E-2 8.46962E-2 8.4148E-2 8.25765E-2 7.93849E-2 7.52854E-2 7.26192E-2 6.85345E-2 6.44557E-2 6.21334E-2 6.44391E-2 6.28032E-2 6.03307E-2 6.09012E-2 6.02785E-2 5.83646E-2 6.02791E-2 6.14618E-2 6.20315E-2 6.23713E-2 6.15742E-2 6.3801E-2 6.66199E-2 6.79209E-2 7.0793E-2 7.46504E-2 6.96845E-2 6.99091E-2 7.05755E-2 7.6896E-2 7.67326E-2
1.00771E-1 9.17268E-2 8.61043E-2 8.48614E-2 9.0511E-2 1.05499E-1 1.16162E-1 1.11926E-1 1.18568E-1 1.47014E-1 1.82663E-1 1.95106E-1 1.94902E-1 2.00356E-1 2.14515E-1 2.27051E-1 2.22964E-1 2.17918E-1 2.27927E-1 2.27738E-1 2.26687E-1 2.32575E-1 2.31975E-1 2.21893E-1 2.15981E-1 2.10994E-1 2.05939E-1 1.59469E-1 1.22979E-1 1.07019E-1 9.45622E-2 9.05467E-2 8.91348E-2 8.69354E-2 8.41026E-2 7.91644E-2 7.87405E-2 7.70691E-2 7.17696E-2 6.61124E-2 6.6198E-2 6.61011E-2 6.20701E-2 6.35443E-2 6.63625E-2 6.40988E-2 6.38759E-2 6.21757E-2 6.26717E-2 6.35606E-2 6.50757E-2 6.8282E-2 7.14168E-2 7.22168E-2 7.52505E-2 7.99001E-2 7.4604E-2 7.16092E-2 7.22522E-2 7.45487E-2 8.2189E-2
7.83946E-2 7.36721E-2 7.29216E-2 7.89953E-2 8.32582E-2 8.68328E-2 7.99932E-2 7.67347E-2 8.00646E-2 9.33601E-2 1.12141E-1 1.9257E-1 2.01787E-1 2.01877E-1 2.0706E-1 2.13763E-1 2.12121E-1 2.11917E-1 2.06474E-1 1.89609E-1 1.61382E-1 1.61637E-1 1.84467E-1 1.43292E-1 1.22696E-1 1.14913E-1 1.59733E-1 1.8015E-1 1.43051E-1 1.08793E-1 9.73521E-2 9.46936E-2 9.63499E-2 8.96866E-2 8.42361E-2 8.0786E-2 7.74682E-2 7.67104E-2 7.31625E-2 7.42307E-2 7.03729E-2 6.86567E-2 7.08262E-2 6.99091E-2 6.94704E-2 6.89844E-2 6.77531E-2 6.61646E-2 6.684E-2 6.63673E-2 6.87681E-2 9.1471E-2 7.93085E-2 7.88313E-2 7.64379E-2 7.64171E-2 7.81952E-2 7.6267E-2 7.35295E-2 7.19903E-2 7.48247E-2
6.68904E-2 6.8562E-2 6.50552E-2 6.77313E-2 6.54807E-2 6.26232E-2 6.19518E-2 6.30415E-2 6.55623E-2 7.52091E-2 8.65784E-2 1.13093E-1 1.85324E-1 1.76211E-1 1.89433E-1 1.88743E-1 1.78355E-1 1.4935E-1 1.11164E-1 9.58522E-2 9.54584E-2 9.40228E-2 9.0646E-2 8.99921E-2 9.17815E-2 9.92145E-2 1.53174E-1 1.71536E-1 1.35135E-1 9.36987E-2 9.32247E-2 9.95323E-2 9.92424E-2 9.14942E-2 8.69646E-2 8.63313E-2 8.15267E-2 8.30252E-2 7.91675E-2 8.01994E-2 7.61005E-2 7.74297E-2 7.64742E-2 7.70185E-2 7.60507E-2 7.50013E-2 7.36392E-2 7.53696E-2 7.35238E-2 6.96521E-2 6.86117E-2 7.64136E-2 8.13582E-2 8.25807E-2 8.33408E-2 8.21671E-2 7.93686E-2 7.67832E-2 7.52934E-2 7.37798E-2 7.27833E-2
6.4427E-2 6.26544E-2 6.10467E-2 5.83411E-2 5.6746E-2 5.56705E-2 5.85947E-2 5.95247E-2 6.09478E-2 6.73176E-2 7.5154E-2 7.93032E-2 9.12343E-2 9.48005E-2 1.03635E-1 1.09473E-1 1.07632E-1 1.0101E-1 9.34234E-2 8.61733E-2 8.44863E-2 8.91681E-2 8.59464E-2 8.60841E-2 9.05645E-2 9.21968E-2 9.903E-2 1.00429E-1 9.80306E-2 8.71549E-2 9.09122E-2 9.73856E-2 9.68431E-2 9.25308E-2 8.68099E-2 8.6701E-2 8.60193E-2 8.56309E-2 8.74151E-2 8.20701E-2 8.49603E-2 8.7312E-2 8.07404E-2 8.00334E-2 7.97264E-2 7.84984E-2 7.80372E-2 8.13998E-2 8.23696E-2 7.92515E-2 7.6181E-2 8.236E-2 8.72576E-2 8.74165E-2 8.84752E-2 8.94646E-2 8.73196E-2 8.24554E-2 7.58565E-2 7.28425E-2 7.03879E-2
5.73442E-2 5.66248E-2 5.82825E-2 5.74198E-2 5.51854E-2 5.55338E-2 5.89123E-2 6.12459E-2 6.42194E-2 6.97855E-2 7.35928E-2 7.31969E-2 7.93385E-2 8.38241E-2 8.4589E-2 8.83655E-2 9.67697E-2 9.78688E-2 8.97376E-2 8.7113E-2 9.38264E-2 1.05041E-1 9.3181E-2 8.97644E-2 9.53502E-2 9.3182E-2 8.84394E-2 8.89375E-2 8.21968E-2 8.34358E-2 9.06798E-2 9.77527E-2 9.69501E-2 1.11429E-1 1.14975E-1 1.09794E-1 1.01432E-1 9.39655E-2 9.27194E-2 9.59143E-2 9.11112E-2 9.32685E-2 8.95445E-2 8.67063E-2 8.75155E-2 8.65932E-2 8.68164E-2 9.27765E-2 9.56447E-2 8.74549E-2 8.668E-2 8.92356E-2 9.26508E-2 9.54678E-2 9.6449E-2 9.85237E-2 9.91262E-2 9.83699E-2 9.79791E-2 8.14983E-2 7.03774E-2
5.20322E-2 5.41093E-2 5.49509E-2 5.58024E-2 5.33168E-2 5.67897E-2 5.89264E-2 6.13402E-2 6.69792E-2 7.03527E-2 7.29249E-2 7.33944E-2 7.82105E-2 8.39586E-2 8.72219E-2 9.07451E-2 9.42253E-2 9.68364E-2 9.53567E-2 9.52758E-2 9.85565E-2 1.04817E-1 1.07405E-1 1.19478E-1 1.1249E-1 1.0443E-1 9.9685E-2 9.94897E-2 9.96746E-2 9.12792E-2 8.87641E-2 9.35361E-2 1.05005E-1 1.10213E-1 1.16847E-1 1.52933E-1 1.59232E-1 1.48965E-1 1.44072E-1 1.46738E-1 1.42682E-1 1.32393E-1 1.2068E-1 1.10305E-1 9.99623E-2 9.87321E-2 1.00013E-1 9.74678E-2 9.72425E-2 9.62759E-2 9.60166E-2 9.69776E-2 1.00482E-1 1.01479E-1 1.01289E-1 9.82697E-2 9.37132E-2 9.02126E-2 8.36125E-2 7.38966E-2 6.72666E-2
5.10551E-2 5.27999E-2 5.54637E-2 5.70837E-2 5.75019E-2 5.9401E-2 6.0315E-2 6.30101E-2 6.81883E-2 7.04866E-2 7.25637E-2 7.48758E-2 7.84589E-2 8.47996E-2 8.80691E-2 9.34618E-2 9.87282E-2 9.45908E-2 1.24393E-1 1.43337E-1 1.40587E-1 1.56486E-1 1.73427E-1 1.68172E-1 1.58586E-1 1.51844E-1 1.24704E-1 1.12662E-1 1.26831E-1 1.44501E-1 1.52044E-1 1.58809E-1 1.59357E-1 1.40147E-1 1.29046E-1 1.20939E-1 1.25193E-1 1.22812E-1 1.10991E-1 1.24024E-1 1.15287E-1 1.08568E-1 1.09226E-1 1.17273E-1 1.01957E-1 1.26134E-1 1.41677E-1 1.60187E-1 1.42878E-1 1.29355E-1 1.24429E-1 1.07724E-1 1.07877E-1 1.09161E-1 1.07573E-1 1.04901E-1 1.00929E-1 9.32878E-2 8.51425E-2 7.83698E-2 7.59092E-2
5.02056E-2 5.17465E-2 5.47982E-2 5.56566E-2 5.64652E-2 5.72538E-2 5.97369E-2 6.32755E-2 6.79179E-2 7.13411E-2 7.16739E-2 7.66466E-2 8.18476E-2 9.96441E-2 1.09078E-1 1.18382E-1 1.12667E-1 1.47381E-1 1.97187E-1 2.22196E-1 2.1905E-1 1.86963E-1 1.32221E-1 1.37748E-1 1.72207E-1 1.51425E-1 1.2056E-1 1.10742E-1 1.09986E-1 1.19769E-1 1.85252E-1 2.15371E-1 2.2917E-1 2.36904E-1 2.38424E-1 2.28466E-1 2.22418E-1 1.9558E-1 1.74418E-1 1.76736E-1 1.53206E-1 1.16502E-1 1.11889E-1 1.10508E-1 1.17797E-1 1.18924E-1 1.51456E-1 2.12573E-1 2.10424E-1 2.04808E-1 2.02632E-1 1.79871E-1 1.18903E-1 1.16997E-1 1.181E-1 1.15011E-1 1.08001E-1 1.00246E-1 9.37245E-2 8.88099E-2 8.60416E-2
5.24753E-2 5.19972E-2 5.30641E-2 5.61898E-2 5.65182E-2 5.85729E-2 6.07625E-2 6.42006E-2 6.97952E-2 7.37127E-2 7.49418E-2 8.28656E-2 1.08143E-1 1.50183E-1 1.55275E-1 1.43297E-1 1.56787E-1 2.15889E-1 2.20169E-1 2.20054E-1 2.07166E-1 1.945E-1 1.42336E-1 1.72497E-1 1.82691E-1 1.27695E-1 1.04675E-1 1.02948E-1 1.0263E-1 1.02825E-1 1.07464E-1 1.43699E-1 1.92698E-1 2.20158E-1 2.26773E-1 2.29024E-1 2.34037E-1 2.33288E-1 2.2095E-1 2.35926E-1 2.37118E-1 2.27599E-1 1.91415E-1 1.47488E-1 1.39895E-1 1.43388E-1 2.13192E-1 2.10573E-1 2.17056E-1 2.14868E-1 2.13603E-1 2.11173E-1 1.71593E-1 1.29504E-1 1.25859E-1 1.2415E-1 1.15608E-1 1.11053E-1 1.04143E-1 9.87335E-2 9.82335E-2
5.30076E-2 5.37911E-2 5.49236E-2 5.56669E-2 5.90009E-2 6.16832E-2 6.35082E-2 6.68105E-2 7.18871E-2 7.62979E-2 7.85891E-2 9.14426E-2 1.38337E-1 1.58012E-1 1.34868E-1 1.59235E-1 1.98262E-1 2.13342E-1 2.11128E-1 2.07146E-1 1.82775E-1 1.78495E-1 1.92958E-1 1.88998E-1 1.68989E-1 1.31925E-1 1.08609E-1 1.05162E-1 1.07016E-1 9.86842E-2 1.02967E-1 1.02721E-1 1.07171E-1 1.31578E-1 1.65799E-1 2.00732E-1 2.1593E-1 2.17416E-1 2.2081E-1 2.18027E-1 2.22054E-1 2.25589E-1 2.27093E-1 2.22447E-1 2.07518E-1 1.85867E-1 2.19828E-1 2.20501E-1 2.20578E-1 2.20583E-1 2.20367E-1 2.16794E-1 2.10338E-1 1.63801E-1 1.26931E-1 1.29313E-1 1.21548E-1 1.177E-1 1.12439E-1 1.09048E-1 1.09464E-1
5.25584E-2 5.19198E-2 5.48509E-2 5.80817E-2 6.29058E-2 6.6701E-2 6.95994E-2 7.1565E-2 7.58652E-2 8.21375E-2 9.03213E-2 1.2072E-1 1.41334E-1 1.22528E-1 1.52079E-1 1.87354E-1 1.95699E-1 2.00085E-1 1.96619E-1 1.84907E-1 1.8352E-1 1.83013E-1 1.59598E-1 1.53429E-1 1.18643E-1 1.12902E-1 1.03376E-1 9.80855E-2 9.42926E-2 9.53723E-2 9.36247E-2 9.51906E-2 9.59116E-2 9.90436E-2 1.0939E-1 1.29688E-1 1.86241E-1 2.04241E-1 2.04473E-1 2.05423E-1 2.08264E-1 2.121E-1 2.13818E-1 2.15479E-1 2.16322E-1 1.97142E-1 1.72345E-1 1.7556E-1 2.00845E-1 2.16409E-1 2.14713E-1 2.13817E-1 2.13069E-1 2.05632E-1 1.55677E-1 1.37127E-1 1.23992E-1 1.28813E-1 1.25895E-1 1.20138E-1 1.15627E-1
5.44932E-2 5.48288E-2 6.09718E-2 6.50884E-2 7.17922E-2 7.07573E-2 7.16567E-2 7.48988E-2 7.89841E-2 9.02412E-2 1.16617E-1 1.441E-1 1.10279E-1 1.28462E-1 1.81053E-1 1.8529E-1 1.84796E-1 1.84321E-1 1.81712E-1 1.47967E-1 1.57068E-1 1.5239E-1 1.27564E-1 1.41647E-1 1.12626E-1 1.03259E-1 9.26236E-2 8.62253E-2 8.89245E-2 8.97788E-2 9.14994E-2 9.38705E-2 9.55741E-2 1.01055E-1 1.08695E-1 1.21053E-1 1.50065E-1 1.89645E-1 1.95594E-1 1.93782E-1 1.95802E-1 2.00299E-1 2.03588E-1 2.06295E-1 2.07633E-1 2.08727E-1 1.9128E-1 1.524E-1 1.72256E-1 2.08185E-1 2.10951E-1 2.1388E-1 2.13506E-1 2.10981E-1 2.08327E-1 1.6466E-1 1.36566E-1 1.34064E-1 1.37765E-1 1.26943E-1 1.16859E-1
