maxent_outputs/white_flowers_troch_bombus_environ/white_288.asc
ncols         426
nrows         180
xllcorner     -130.0
yllcorner     24.0
cellsize      0.16666666666666666
NODATA_value  -9999
[rows 81 to 107 of 180, columns 122 to 182 of 426]
1.21276E-1 1.17038E-1 1.25896E-1 1.21756E-1 1.19259E-1 1.2278E-1 1.2648E-1 1.22942E-1 1.21894E-1 1.24483E-1 1.22932E-1 1.27815E-1 1.31679E-1 1.34095E-1 1.29497E-1 1.22684E-1 1.1802E-1 1.31033E-1 1.23835E-1 1.25172E-1 1.25983E-1 1.22352E-1 1.14404E-1 1.12206E-1 1.33573E-1 1.48286E-1 1.64909E-1 1.61814E-1 1.57167E-1 1.61835E-1 1.59533E-1 1.55442E-1 1.54666E-1 1.57023E-1 1.5784E-1 1.56687E-1 1.59708E-1 1.61691E-1 1.60556E-1 1.60656E-1 1.64186E-1 1.70382E-1 1.73746E-1 1.78547E-1 1.8251E-1 1.80591E-1 1.81923E-1 1.82462E-1 1.85517E-1 1.86928E-1 1.9143E-1 1.90425E-1 1.94813E-1 1.97407E-1 1.97757E-1 1.97798E-1 1.99347E-1 2.01346E-1 2.03638E-1 2.03974E-1 2.03027E-1
1.18341E-1 1.19854E-1 1.2031E-1 1.23919E-1 1.25595E-1 1.24157E-1 1.18072E-1 1.20027E-1 1.22359E-1 1.30779E-1 1.32817E-1 1.32634E-1 1.34387E-1 1.37293E-1 1.35405E-1 1.36072E-1 1.27196E-1 1.31603E-1 1.1804E-1 1.06436E-1 1.19913E-1 1.19556E-1 1.15354E-1 1.14503E-1 1.26723E-1 1.51686E-1 1.73487E-1 1.6266E-1 1.5911E-1 1.56444E-1 1.53676E-1 1.52421E-1 1.52152E-1 1.51612E-1 1.55684E-1 1.59289E-1 1.59337E-1 1.5802E-1 1.61754E-1 1.60336E-1 1.62159E-1 1.69617E-1 1.73683E-1 1.79306E-1 1.813E-1 1.81384E-1 1.8097E-1 1.80583E-1 1.81632E-1 1.86906E-1 1.92404E-1 1.95888E-1 1.98468E-1 2.02908E-1 2.07504E-1 2.05796E-1 2.04934E-1 2.07156E-1 2.13397E-1 2.15543E-1 2.12219E-1
1.15519E-1 1.22006E-1 1.22028E-1 1.21379E-1 1.22322E-1 1.28024E-1 1.30779E-1 1.23995E-1 1.24519E-1 1.31756E-1 1.26169E-1 1.26155E-1 1.27611E-1 1.2632E-1 1.21582E-1 1.19831E-1 1.11725E-1 1.17078E-1 1.17361E-1 9.9677E-2 9.93311E-2 1.0902E-1 1.01089E-1 1.1211E-1 1.19391E-1 1.47359E-1 1.76289E-1 1.70055E-1 1.60272E-1 1.57727E-1 1.56238E-1 1.5503E-1 1.53213E-1 1.52822E-1 1.57138E-1 1.54147E-1 1.53809E-1 1.57881E-1 1.59955E-1 1.61239E-1 1.65545E-1 1.70903E-1 1.75328E-1 1.79217E-1 1.84331E-1 1.86278E-1 1.87817E-1 1.88579E-1 1.8844E-1 1.95192E-1 1.95191E-1 1.99442E-1 2.03352E-1 2.07791E-1 2.11144E-1 2.10369E-1 2.09984E-1 2.12794E-1 2.17714E-1 2.21233E-1 2.16662E-1
1.26627E-1 1.34191E-1 1.34741E-1 1.4022E-1 1.39979E-1 1.46261E-1 1.4031E-1 1.28634E-1 1.29825E-1 1.30528E-1 1.24433E-1 1.22117E-1 1.25875E-1 1.1512E-1 1.04162E-1 1.12195E-1 1.14743E-1 1.15223E-1 1.15545E-1 1.10417E-1 1.06444E-1 1.08089E-1 1.09461E-1 1.08676E-1 1.27001E-1 1.40251E-1 1.66394E-1 1.85198E-1 1.81157E-1 1.67242E-1 1.60201E-1 1.56292E-1 1.57667E-1 1.54603E-1 1.59979E-1 1.57954E-1 1.57114E-1 1.58877E-1 1.58909E-1 1.64126E-1 1.67396E-1 1.7344E-1 1.74151E-1 1.74069E-1 1.81692E-1 1.89627E-1 1.91608E-1 1.93569E-1 1.96766E-1 1.95473E-1 1.93209E-1 1.97959E-1 2.04234E-1 2.08648E-1 2.12418E-1 2.12696E-1 2.12838E-1 2.14625E-1 2.17792E-1 2.2061E-1 2.18498E-1
1.35579E-1 1.37735E-1 1.41125E-1 1.50035E-1 1.54351E-1 1.4987E-1 1.34541E-1 1.3135E-1 1.32236E-1 1.26251E-1 1.23016E-1 1.17732E-1 1.14449E-1 1.00028E-1 1.04079E-1 1.19289E-1 1.16979E-1 1.05654E-1 1.08473E-1 1.10482E-1 1.05952E-1 1.05551E-1 1.02695E-1 1.103E-1 1.36043E-1 1.39523E-1 1.5467E-1 1.90545E-1 1.93303E-1 1.72424E-1 1.60039E-1 1.59046E-1 1.58884E-1 1.55198E-1 1.62078E-1 1.61841E-1 1.64083E-1 1.60877E-1 1.58693E-1 1.63256E-1 1.69393E-1 1.73278E-1 1.73723E-1 1.78438E-1 1.77268E-1 1.78092E-1 1.8763E-1 1.90573E-1 1.87273E-1 1.90152E-1 1.97095E-1 1.99099E-1 2.02688E-1 2.09746E-1 2.13452E-1 2.1379E-1 2.15207E-1 2.18587E-1 2.19453E-1 2.21047E-1 2.21941E-1
1.47149E-1 1.47835E-1 1.51348E-1 1.47192E-1 1.50155E-1 1.44557E-1 1.30549E-1 1.2664E-1 1.18217E-1 1.21521E-1 1.30695E-1 1.47566E-1 1.47368E-1 1.29496E-1 1.18145E-1 1.13903E-1 1.12916E-1 1.08378E-1 1.09726E-1 1.07124E-1 1.0176E-1 1.03536E-1 1.02315E-1 1.00121E-1 1.16261E-1 1.28041E-1 1.34238E-1 1.76131E-1 1.79006E-1 1.64668E-1 1.51499E-1 1.52238E-1 1.54259E-1 1.54716E-1 1.59853E-1 1.64071E-1 1.61682E-1 1.56778E-1 1.5808E-1 1.61834E-1 1.66835E-1 1.72866E-1 1.74628E-1 1.78465E-1 1.79718E-1 1.77867E-1 1.845E-1 1.86623E-1 1.87943E-1 1.89106E-1 1.91906E-1 1.93118E-1 2.01758E-1 2.0623E-1 2.11395E-1 2.14497E-1 2.18023E-1 2.20322E-1 2.23642E-1 2.23313E-1 2.24809E-1
1.42629E-1 1.50867E-1 1.62686E-1 1.6548E-1 1.69007E-1 1.69697E-1 1.52999E-1 1.52039E-1 1.55715E-1 1.53035E-1 1.27212E-1 1.26178E-1 1.28029E-1 1.12972E-1 1.221E-1 1.12006E-1 1.14675E-1 1.10329E-1 1.00845E-1 9.88515E-2 9.41456E-2 9.74858E-2 1.00861E-1 1.01426E-1 1.10156E-1 1.12726E-1 1.2163E-1 1.46478E-1 1.5196E-1 1.46703E-1 1.38812E-1 1.43561E-1 1.47662E-1 1.48348E-1 1.50499E-1 1.53014E-1 1.50023E-1 1.54194E-1 1.57238E-1 1.60786E-1 1.6609E-1 1.71377E-1 1.762E-1 1.7961E-1 1.8197E-1 1.81148E-1 1.84837E-1 1.88646E-1 1.88299E-1 1.88551E-1 1.89467E-1 1.92815E-1 1.99481E-1 2.06272E-1 2.11452E-1 2.15931E-1 2.18402E-1 2.21386E-1 2.23177E-1 2.25755E-1 2.28979E-1
1.42907E-1 1.67347E-1 1.70582E-1 1.53429E-1 1.58762E-1 1.59459E-1 1.68831E-1 1.62741E-1 1.64925E-1 1.51655E-1 1.28864E-1 1.10351E-1 1.04559E-1 1.01124E-1 1.11706E-1 1.01853E-1 1.03087E-1 1.02268E-1 9.33884E-2 9.35046E-2 9.0244E-2 9.79102E-2 9.31421E-2 8.47879E-2 9.73496E-2 1.08345E-1 1.19088E-1 1.21874E-1 1.34647E-1 1.22201E-1 1.20471E-1 1.34274E-1 1.38438E-1 1.40444E-1 1.43837E-1 1.47769E-1 1.49859E-1 1.53128E-1 1.55871E-1 1.60889E-1 1.65106E-1 1.69265E-1 1.75549E-1 1.79686E-1 1.82981E-1 1.83932E-1 1.84929E-1 1.90136E-1 1.90997E-1 1.90172E-1 1.92449E-1 1.94969E-1 2.0394E-1 2.08063E-1 2.11998E-1 2.15501E-1 2.18278E-1 2.22526E-1 2.25277E-1 2.26258E-1 2.29837E-1
1.62474E-1 1.60611E-1 1.49637E-1 1.6343E-1 1.65204E-1 1.60319E-1 1.74162E-1 1.80179E-1 1.44447E-1 1.18069E-1 1.07018E-1 9.70162E-2 1.0025E-1 1.03971E-1 1.00681E-1 8.63058E-2 8.74082E-2 9.0044E-2 8.45239E-2 9.20341E-2 9.39096E-2 9.59562E-2 8.05964E-2 7.83458E-2 8.98307E-2 9.51974E-2 9.85117E-2 1.02415E-1 1.18806E-1 1.18125E-1 1.16799E-1 1.28585E-1 1.31764E-1 1.34909E-1 1.41173E-1 1.49266E-1 1.56384E-1 1.594E-1 1.57973E-1 1.58509E-1 1.63004E-1 1.65456E-1 1.69948E-1 1.75461E-1 1.79791E-1 1.8211E-1 1.91161E-1 1.95022E-1 1.97258E-1 1.98374E-1 1.97058E-1 2.0009E-1 2.08947E-1 2.12725E-1 2.11504E-1 2.14002E-1 2.19114E-1 2.27529E-1 2.33192E-1 2.327E-1 2.30912E-1
1.49382E-1 1.50951E-1 1.56425E-1 1.62494E-1 1.36149E-1 1.31968E-1 1.54562E-1 1.73869E-1 1.61393E-1 1.33935E-1 1.45065E-1 1.26631E-1 1.30541E-1 1.14023E-1 1.02715E-1 8.74867E-2 8.13415E-2 8.42569E-2 8.17814E-2 8.63907E-2 1.00526E-1 9.92567E-2 8.1029E-2 7.73183E-2 8.34483E-2 8.92252E-2 8.97402E-2 9.35204E-2 1.23931E-1 1.43294E-1 1.32605E-1 1.36683E-1 1.32207E-1 1.38669E-1 1.47471E-1 1.5771E-1 1.62613E-1 1.6614E-1 1.64312E-1 1.66171E-1 1.6567E-1 1.65291E-1 1.66086E-1 1.72424E-1 1.79186E-1 1.8699E-1 1.97329E-1 2.00459E-1 2.03446E-1 2.04487E-1 2.08509E-1 2.1369E-1 2.16791E-1 2.16743E-1 2.16543E-1 2.19186E-1 2.25013E-1 2.32495E-1 2.3634E-1 2.31565E-1 2.31085E-1
1.66118E-1 1.68671E-1 1.7218E-1 1.75394E-1 1.64755E-1 1.2988E-1 1.27967E-1 1.61262E-1 1.73219E-1 1.68257E-1 1.65067E-1 1.52307E-1 1.31006E-1 1.01987E-1 9.44609E-2 8.73281E-2 7.89641E-2 8.48277E-2 8.53527E-2 8.52512E-2 9.92014E-2 1.03707E-1 8.61958E-2 8.11684E-2 8.92763E-2 9.18217E-2 1.0017E-1 9.28246E-2 1.18807E-1 1.57947E-1 1.54168E-1 1.52383E-1 1.49212E-1 1.49389E-1 1.55572E-1 1.61102E-1 1.65703E-1 1.69238E-1 1.65942E-1 1.67656E-1 1.64567E-1 1.631E-1 1.64612E-1 1.69839E-1 1.77663E-1 1.85453E-1 1.90908E-1 1.9497E-1 1.97124E-1 2.01903E-1 2.10024E-1 2.19717E-1 2.25296E-1 2.30245E-1 2.2925E-1 2.31582E-1 2.36053E-1 2.36785E-1 2.36841E-1 2.33453E-1 2.32927E-1
1.85811E-1 1.70477E-1 1.40984E-1 1.41268E-1 1.7448E-1 1.52565E-1 1.22607E-1 1.40999E-1 1.54402E-1 1.57857E-1 1.55653E-1 1.31485E-1 1.06989E-1 9.30371E-2 9.02428E-2 8.57992E-2 7.50374E-2 7.94823E-2 8.65465E-2 8.73565E-2 9.7689E-2 1.13258E-1 1.0466E-1 9.40161E-2 9.85069E-2 1.23195E-1 1.42313E-1 1.38226E-1 1.53813E-1 1.61321E-1 1.63818E-1 1.60888E-1 1.58696E-1 1.58186E-1 1.63005E-1 1.67603E-1 1.71001E-1 1.72533E-1 1.6567E-1 1.62182E-1 1.63237E-1 1.63901E-1 1.66784E-1 1.72012E-1 1.76153E-1 1.8306E-1 1.88845E-1 1.93783E-1 1.97646E-1 2.00672E-1 2.07876E-1 2.13768E-1 2.22735E-1 2.23106E-1 2.27591E-1 2.30409E-1 2.32375E-1 2.34585E-1 2.30721E-1 2.30765E-1 2.34451E-1
1.74371E-1 1.62324E-1 1.3102E-1 1.36487E-1 1.68969E-1 1.69838E-1 1.49305E-1 1.28372E-1 1.26638E-1 1.33637E-1 1.43097E-1 1.29915E-1 9.92654E-2 8.62405E-2 8.14977E-2 7.55858E-2 7.49339E-2 7.41721E-2 7.75029E-2 8.36061E-2 9.4718E-2 9.5394E-2 1.10031E-1 1.25316E-1 1.36632E-1 1.45817E-1 1.71627E-1 1.86418E-1 1.78335E-1 1.71369E-1 1.69756E-1 1.6773E-1 1.66722E-1 1.63647E-1 1.6731E-1 1.71702E-1 1.72136E-1 1.71164E-1 1.69005E-1 1.65984E-1 1.64139E-1 1.66719E-1 1.69187E-1 1.71622E-1 1.75318E-1 1.82717E-1 1.88282E-1 1.92186E-1 1.97562E-1 2.02092E-1 2.06394E-1 2.1299E-1 2.22079E-1 2.23985E-1 2.25146E-1 2.29025E-1 2.33127E-1 2.37321E-1 2.40879E-1 2.3902E-1 2.38058E-1
1.57496E-1 1.489E-1 1.42284E-1 1.53771E-1 1.69489E-1 1.58555E-1 1.59874E-1 1.51179E-1 1.3338E-1 1.14625E-1 1.15469E-1 1.26567E-1 1.04944E-1 9.24296E-2 8.4432E-2 8.07168E-2 7.88674E-2 7.48679E-2 8.6621E-2 9.21421E-2 9.69978E-2 9.5813E-2 8.95089E-2 1.00843E-1 1.07013E-1 1.1247E-1 1.12672E-1 1.5741E-1 1.73666E-1 1.75658E-1 1.82593E-1 1.73364E-1 1.73353E-1 1.7184E-1 1.70666E-1 1.71204E-1 1.71373E-1 1.72107E-1 1.72832E-1 1.71783E-1 1.68529E-1 1.7035E-1 1.72564E-1 1.7596E-1 1.80536E-1 1.83118E-1 1.89397E-1 1.93247E-1 1.99588E-1 2.04278E-1 2.07625E-1 2.17625E-1 2.23756E-1 2.25911E-1 2.28302E-1 2.3018E-1 2.36433E-1 2.43414E-1 2.48983E-1 2.48058E-1 2.46205E-1
1.63967E-1 1.44541E-1 1.4172E-1 1.40343E-1 1.6289E-1 1.53411E-1 1.44987E-1 1.37077E-1 1.28917E-1 1.20069E-1 1.05101E-1 1.12517E-1 9.74171E-2 8.56629E-2 8.2901E-2 8.12859E-2 8.25628E-2 7.76756E-2 8.8118E-2 8.93576E-2 9.46211E-2 9.23883E-2 8.81345E-2 9.57496E-2 9.61059E-2 1.00343E-1 9.47486E-2 1.2128E-1 1.59164E-1 1.69667E-1 1.69193E-1 1.70898E-1 1.72629E-1 1.70171E-1 1.74867E-1 1.75438E-1 1.76873E-1 1.80924E-1 1.81861E-1 1.77164E-1 1.72145E-1 1.75953E-1 1.81639E-1 1.84008E-1 1.89259E-1 1.90945E-1 1.958E-1 2.00293E-1 2.03054E-1 2.07535E-1 2.12568E-1 2.22778E-1 2.28159E-1 2.23476E-1 2.28083E-1 2.32927E-1 2.3599E-1 2.42974E-1 2.49807E-1 2.50992E-1 2.49305E-1
1.46994E-1 1.3299E-1 1.16727E-1 1.20226E-1 1.3348E-1 1.47335E-1 1.46124E-1 1.26093E-1 1.12166E-1 1.06214E-1 1.03102E-1 8.76539E-2 8.09173E-2 8.2912E-2 7.94033E-2 7.8087E-2 8.23798E-2 8.12717E-2 8.76038E-2 9.76488E-2 9.30711E-2 8.35913E-2 8.47327E-2 8.95517E-2 9.41088E-2 9.80074E-2 1.00862E-1 1.07086E-1 1.43805E-1 1.62179E-1 1.7331E-1 1.8032E-1 1.81724E-1 1.74009E-1 1.75421E-1 1.7573E-1 1.80839E-1 1.86863E-1 1.82906E-1 1.81833E-1 1.79953E-1 1.79837E-1 1.83846E-1 1.90754E-1 1.94106E-1 1.97438E-1 2.0358E-1 2.11216E-1 2.1186E-1 2.13221E-1 2.21424E-1 2.27739E-1 2.30627E-1 2.26596E-1 2.27468E-1 2.31687E-1 2.36451E-1 2.43742E-1 2.48591E-1 2.49269E-1 2.49515E-1
1.52163E-1 1.41627E-1 1.42882E-1 1.25748E-1 1.2545E-1 1.36134E-1 1.23173E-1 1.16304E-1 1.12147E-1 1.09077E-1 9.8387E-2 9.13928E-2 8.39727E-2 8.07759E-2 8.0102E-2 7.71573E-2 8.44364E-2 8.70389E-2 9.49777E-2 9.36087E-2 8.8331E-2 8.42965E-2 8.61293E-2 8.91986E-2 9.95185E-2 1.01035E-1 1.19045E-1 1.36501E-1 1.60657E-1 1.69933E-1 1.70112E-1 1.73273E-1 1.86784E-1 1.84648E-1 1.80947E-1 1.82366E-1 1.90254E-1 2.02423E-1 1.93888E-1 1.88297E-1 1.8746E-1 1.85512E-1 1.86514E-1 1.88191E-1 1.96752E-1 2.01355E-1 2.05796E-1 2.10681E-1 2.13978E-1 2.18118E-1 2.23299E-1 2.25608E-1 2.30384E-1 2.30353E-1 2.32039E-1 2.37173E-1 2.41251E-1 2.45601E-1 2.47844E-1 2.47393E-1 2.50124E-1
1.67821E-1 1.58863E-1 1.66668E-1 1.59823E-1 1.44161E-1 1.32152E-1 1.33501E-1 1.25226E-1 1.18848E-1 1.15381E-1 1.15669E-1 1.0855E-1 9.06365E-2 9.26568E-2 9.46057E-2 9.10522E-2 8.95287E-2 9.84734E-2 9.72931E-2 9.93342E-2 8.85269E-2 8.21835E-2 8.4376E-2 8.81745E-2 9.81919E-2 9.45612E-2 9.15482E-2 1.18499E-1 1.4687E-1 1.65045E-1 1.67825E-1 1.80246E-1 1.77936E-1 1.80172E-1 1.79873E-1 1.95508E-1 2.08363E-1 2.10247E-1 2.02029E-1 2.00383E-1 1.85279E-1 1.83839E-1 1.8697E-1 1.91241E-1 1.99797E-1 2.0676E-1 2.13825E-1 2.16353E-1 2.20239E-1 2.24768E-1 2.24799E-1 2.24348E-1 2.2878E-1 2.31528E-1 2.3695E-1 2.35563E-1 2.39864E-1 2.45052E-1 2.46783E-1 2.44745E-1 2.47373E-1
1.7546E-1 1.69258E-1 1.66078E-1 1.64566E-1 1.65294E-1 1.51708E-1 1.39666E-1 1.32421E-1 1.20931E-1 1.09836E-1 1.26642E-1 1.12094E-1 1.07082E-1 1.08518E-1 1.04072E-1 9.70483E-2 1.05285E-1 9.82945E-2 9.21123E-2 1.00601E-1 1.01432E-1 8.54008E-2 8.57379E-2 8.85873E-2 9.29545E-2 9.50648E-2 9.64455E-2 1.09442E-1 1.23239E-1 1.47888E-1 1.6515E-1 1.65022E-1 1.70797E-1 1.69758E-1 1.76555E-1 1.90982E-1 1.91766E-1 1.89247E-1 1.82113E-1 1.84914E-1 1.84158E-1 1.90183E-1 1.96826E-1 1.98656E-1 2.03258E-1 2.11684E-1 2.1656E-1 2.21087E-1 2.24451E-1 2.28817E-1 2.34047E-1 2.36984E-1 2.37559E-1 2.38649E-1 2.44207E-1 2.47017E-1 2.52183E-1 2.49769E-1 2.48651E-1 2.52674E-1 2.55141E-1
1.7242E-1 1.71109E-1 1.73961E-1 1.70368E-1 1.65319E-1 1.58446E-1 1.49361E-1 1.38991E-1 1.34243E-1 1.20384E-1 1.29838E-1 1.21602E-1 1.18666E-1 1.19194E-1 1.18261E-1 1.05959E-1 1.06607E-1 1.02512E-1 9.21062E-2 9.65602E-2 9.53671E-2 8.96917E-2 8.97331E-2 9.64244E-2 9.25265E-2 9.42145E-2 9.28663E-2 1.00388E-1 1.29563E-1 1.42095E-1 1.61936E-1 1.70046E-1 1.68044E-1 1.68313E-1 1.74487E-1 1.75564E-1 1.67059E-1 1.65419E-1 1.75955E-1 1.81356E-1 1.85232E-1 1.91888E-1 1.98253E-1 2.03805E-1 2.08161E-1 2.14546E-1 2.22353E-1 2.24179E-1 2.28383E-1 2.30539E-1 2.35173E-1 2.42472E-1 2.50141E-1 2.50072E-1 2.5124E-1 2.56125E-1 2.58559E-1 2.66824E-1 2.64997E-1 2.67847E-1 2.77548E-1
1.6579E-1 1.62743E-1 1.65849E-1 1.72247E-1 1.58791E-1 1.58359E-1 1.64603E-1 1.4985E-1 1.37032E-1 1.36647E-1 1.42484E-1 1.29085E-1 1.25684E-1 1.35144E-1 1.26125E-1 1.20197E-1 1.09696E-1 1.06811E-1 1.01951E-1 9.43061E-2 9.70765E-2 9.70259E-2 9.31712E-2 9.68887E-2 9.19698E-2 9.22271E-2 9.26358E-2 1.07803E-1 1.30959E-1 1.42314E-1 1.51858E-1 1.3641E-1 1.59906E-1 1.68972E-1 1.65928E-1 1.65775E-1 1.72539E-1 1.82355E-1 1.96388E-1 2.05031E-1 2.05257E-1 2.04776E-1 2.09074E-1 2.1503E-1 2.21388E-1 2.26136E-1 2.32718E-1 2.32608E-1 2.34067E-1 2.41025E-1 2.42374E-1 2.4977E-1 2.56232E-1 2.61021E-1 2.65516E-1 2.71587E-1 2.76678E-1 2.85122E-1 2.85992E-1 2.88058E-1 2.91616E-1
1.65732E-1 1.64666E-1 1.63452E-1 1.75601E-1 1.68004E-1 1.57265E-1 1.5796E-1 1.60312E-1 1.53864E-1 1.46892E-1 1.5097E-1 1.45318E-1 1.46022E-1 1.39247E-1 1.28126E-1 1.19896E-1 1.11973E-1 1.04053E-1 1.04777E-1 9.3672E-2 9.57042E-2 9.60352E-2 9.4659E-2 9.14229E-2 9.8428E-2 1.00733E-1 9.5175E-2 1.17789E-1 1.24252E-1 1.2943E-1 1.36763E-1 1.33469E-1 1.21694E-1 1.34304E-1 1.54989E-1 1.76478E-1 1.81264E-1 1.96687E-1 2.07176E-1 2.14358E-1 2.19614E-1 2.18039E-1 2.24082E-1 2.23007E-1 2.23731E-1 2.28053E-1 2.31581E-1 2.33406E-1 2.36333E-1 2.45019E-1 2.47012E-1 2.53706E-1 2.60755E-1 2.62014E-1 2.67191E-1 2.74405E-1 2.84055E-1 2.9392E-1 2.94726E-1 2.93822E-1 2.93758E-1
1.65626E-1 1.62884E-1 1.56965E-1 1.60925E-1 1.68127E-1 1.56091E-1 1.58381E-1 1.61376E-1 1.60965E-1 1.5888E-1 1.56003E-1 1.52486E-1 1.4933E-1 1.33322E-1 1.23742E-1 1.14133E-1 1.16362E-1 1.13553E-1 1.08178E-1 1.04814E-1 9.39627E-2 9.86941E-2 9.61041E-2 9.89338E-2 1.04941E-1 1.03036E-1 9.74284E-2 1.23183E-1 1.33022E-1 1.38123E-1 1.46452E-1 1.41199E-1 1.3677E-1 1.30276E-1 1.38728E-1 1.58092E-1 1.67071E-1 1.80058E-1 1.9004E-1 2.04857E-1 2.08487E-1 2.1298E-1 2.12308E-1 2.12478E-1 2.18173E-1 2.24935E-1 2.2992E-1 2.35548E-1 2.43664E-1 2.49864E-1 2.55148E-1 2.5951E-1 2.65089E-1 2.68522E-1 2.70067E-1 2.76632E-1 2.85584E-1 2.92657E-1 2.97163E-1 2.97938E-1 3.03907E-1
1.64068E-1 1.63146E-1 1.56043E-1 1.53384E-1 1.58673E-1 1.51118E-1 1.56026E-1 1.56227E-1 1.52209E-1 1.5301E-1 1.53186E-1 1.52353E-1 1.47823E-1 1.31776E-1 1.25468E-1 1.14079E-1 1.16012E-1 1.20074E-1 1.10751E-1 1.09738E-1 1.06113E-1 1.13633E-1 1.04427E-1 1.07793E-1 1.11545E-1 1.04868E-1 1.02612E-1 1.28741E-1 1.44945E-1 1.46807E-1 1.40878E-1 1.44188E-1 1.37178E-1 1.36068E-1 1.4232E-1 1.52244E-1 1.64423E-1 1.78123E-1 1.93236E-1 2.02606E-1 2.05041E-1 2.10287E-1 2.14495E-1 2.21974E-1 2.25153E-1 2.31867E-1 2.37033E-1 2.39217E-1 2.41161E-1 2.5081E-1 2.60805E-1 2.66801E-1 2.62297E-1 2.56187E-1 2.58833E-1 2.66557E-1 2.7976E-1 2.87204E-1 2.94975E-1 3.01125E-1 3.05759E-1
1.65483E-1 1.59029E-1 1.42618E-1 1.32113E-1 1.54086E-1 1.57997E-1 1.59149E-1 1.56069E-1 1.49863E-1 1.48748E-1 1.39752E-1 1.40282E-1 1.39739E-1 1.25298E-1 1.22525E-1 1.16501E-1 1.21178E-1 1.26758E-1 1.1845E-1 1.25061E-1 1.25233E-1 1.34029E-1 1.20382E-1 1.14645E-1 1.1984E-1 1.10261E-1 1.00163E-1 1.17101E-1 1.45725E-1 1.45904E-1 1.43048E-1 1.44317E-1 1.43748E-1 1.48627E-1 1.51112E-1 1.58136E-1 1.70556E-1 1.83767E-1 1.93872E-1 2.03595E-1 2.0773E-1 2.14062E-1 2.21348E-1 2.25583E-1 2.28176E-1 2.3227E-1 2.34275E-1 2.38727E-1 2.47094E-1 2.53609E-1 2.62117E-1 2.65926E-1 2.55119E-1 2.52979E-1 2.52306E-1 2.60598E-1 2.70852E-1 2.80111E-1 2.93808E-1 3.05128E-1 3.08031E-1
1.62513E-1 1.47432E-1 1.28951E-1 1.20599E-1 1.34315E-1 1.60842E-1 1.58691E-1 1.57474E-1 1.53762E-1 1.47801E-1 1.40022E-1 1.2977E-1 1.27174E-1 1.18113E-1 1.11994E-1 1.13445E-1 1.13716E-1 1.24003E-1 1.34354E-1 1.37316E-1 1.43921E-1 1.40338E-1 1.35141E-1 1.29556E-1 1.19954E-1 1.05344E-1 1.10387E-1 1.23929E-1 1.42683E-1 1.49613E-1 1.46422E-1 1.4769E-1 1.44453E-1 1.49505E-1 1.6246E-1 1.66743E-1 1.80654E-1 1.9107E-1 1.96522E-1 2.01563E-1 2.05465E-1 2.11611E-1 2.17336E-1 2.25837E-1 2.32074E-1 2.33504E-1 2.39472E-1 2.44704E-1 2.51837E-1 2.56976E-1 2.6703E-1 2.64723E-1 2.60739E-1 2.61239E-1 2.63518E-1 2.68485E-1 2.71987E-1 2.84126E-1 2.97778E-1 3.06733E-1 3.03499E-1
1.56194E-1 1.48702E-1 1.30326E-1 1.18857E-1 1.18179E-1 1.4547E-1 1.59717E-1 1.58298E-1 1.55816E-1 1.50968E-1 1.42153E-1 1.30786E-1 1.19688E-1 1.14739E-1 1.10012E-1 1.12456E-1 1.19192E-1 1.13571E-1 1.1837E-1 1.24424E-1 1.45667E-1 1.52577E-1 1.4565E-1 1.22003E-1 1.08224E-1 1.18191E-1 1.32733E-1 1.33182E-1 1.37883E-1 1.44548E-1 1.49661E-1 1.61512E-1 1.51972E-1 1.56858E-1 1.69868E-1 1.9109E-1 1.97996E-1 1.95521E-1 2.02364E-1 2.03072E-1 2.10066E-1 2.15385E-1 2.21221E-1 2.23533E-1 2.29325E-1 2.36611E-1 2.40005E-1 2.46445E-1 2.52111E-1 2.59768E-1 2.64057E-1 2.68771E-1 2.71869E-1 2.7078E-1 2.71364E-1 2.69969E-1 2.72449E-1 2.79196E-1 2.92238E-1 2.9381E-1 2.97753E-1
