maxent_outputs/white_flowers_troch_bombus_environ/white_347.asc
ncols         426
nrows         180
xllcorner     -130.0
yllcorner     24.0
cellsize      0.16666666666666666
NODATA_value  -9999
[rows 27 to 53 of 180, columns 244 to 304 of 426]
2.01258E-2 2.03255E-2 2.13333E-2 2.26569E-2 2.42671E-2 2.59837E-2 2.46814E-2 2.12267E-2 1.96679E-2 1.93043E-2 1.93991E-2 2.01824E-2 2.07923E-2 2.04256E-2 2.32199E-2 2.15207E-2 2.24434E-2 2.30441E-2 2.34108E-2 2.35098E-2 2.26744E-2 2.25121E-2 2.32424E-2 2.24256E-2 2.23731E-2 2.41585E-2 2.2969E-2 2.30829E-2 2.31954E-2 2.28196E-2 2.29851E-2 2.30227E-2 2.33002E-2 2.33684E-2 2.38672E-2 2.37457E-2 2.33885E-2 2.3371E-2 2.28709E-2 2.25885E-2 2.23277E-2 2.24372E-2 2.33984E-2 2.38472E-2 2.28739E-2 2.26563E-2 2.2568E-2 2.30605E-2 2.32211E-2 2.31001E-2 2.28513E-2 2.2634E-2 2.27306E-2 2.17887E-2 2.15261E-2 2.09464E-2 2.05014E-2 2.01801E-2 2.02198E-2 1.9738E-2 1.93297E-2
1.98982E-2 2.03916E-2 2.17566E-2 2.10087E-2 2.07836E-2 2.20741E-2 2.14837E-2 2.06218E-2 1.99531E-2 1.94291E-2 1.92104E-2 2.05727E-2 2.04507E-2 2.14643E-2 2.1099E-2 2.18161E-2 2.28566E-2 2.45827E-2 2.40732E-2 2.38336E-2 2.29177E-2 2.20527E-2 2.2169E-2 2.2771E-2 2.30379E-2 2.32954E-2 2.22852E-2 2.25593E-2 2.27756E-2 2.24991E-2 2.26514E-2 2.29899E-2 2.28494E-2 2.33335E-2 2.36587E-2 2.39074E-2 2.35239E-2 2.31461E-2 2.24067E-2 2.2337E-2 2.2371E-2 2.24788E-2 2.28787E-2 2.35747E-2 2.35686E-2 2.36224E-2 2.3485E-2 2.35778E-2 2.40644E-2 2.42782E-2 2.34791E-2 2.28897E-2 2.23031E-2 2.16161E-2 2.15982E-2 2.1492E-2 2.10458E-2 2.07236E-2 2.07003E-2 2.00403E-2 1.99525E-2
1.95771E-2 1.99996E-2 2.14631E-2 2.1716E-2 2.14876E-2 2.1741E-2 2.41116E-2 2.30463E-2 2.07229E-2 2.079E-2 2.13365E-2 2.2011E-2 2.16997E-2 2.27964E-2 2.21353E-2 2.30212E-2 2.51023E-2 2.63158E-2 2.55489E-2 2.45306E-2 2.25311E-2 2.23952E-2 2.24869E-2 2.34658E-2 2.41067E-2 2.37088E-2 2.27054E-2 2.33911E-2 2.3346E-2 2.34219E-2 2.37669E-2 2.31974E-2 2.31283E-2 2.35894E-2 2.35436E-2 2.42266E-2 2.39958E-2 2.43317E-2 2.35468E-2 2.31712E-2 2.34651E-2 2.30092E-2 2.29605E-2 2.33828E-2 2.33485E-2 2.36781E-2 2.39171E-2 2.37692E-2 2.40181E-2 2.45386E-2 2.35855E-2 2.29678E-2 2.22479E-2 2.21407E-2 2.19992E-2 2.19083E-2 2.16423E-2 2.14042E-2 2.14174E-2 2.04981E-2 2.0394E-2
1.9003E-2 1.92377E-2 2.0607E-2 2.19398E-2 2.23967E-2 2.30431E-2 2.65256E-2 2.97811E-2 2.75256E-2 3.04336E-2 2.82846E-2 2.56197E-2 2.46843E-2 2.53042E-2 2.6415E-2 2.55884E-2 2.64153E-2 2.73252E-2 2.68823E-2 2.54528E-2 2.38687E-2 2.37061E-2 2.34475E-2 2.33202E-2 2.29916E-2 2.25853E-2 2.34839E-2 2.35162E-2 2.31946E-2 2.63076E-2 2.41802E-2 2.37528E-2 2.36504E-2 2.36996E-2 2.41444E-2 2.50467E-2 2.4192E-2 2.36451E-2 2.38601E-2 2.36399E-2 2.34163E-2 2.37403E-2 2.32616E-2 2.3093E-2 2.30189E-2 2.33582E-2 2.38078E-2 2.3576E-2 2.36519E-2 2.37928E-2 2.34184E-2 2.29456E-2 2.21907E-2 2.26353E-2 2.26863E-2 2.56053E-2 2.58236E-2 2.26904E-2 2.21271E-2 2.11769E-2 2.07553E-2
1.9683E-2 1.94007E-2 2.0202E-2 2.16668E-2 2.50021E-2 3.05999E-2 2.58107E-2 2.87418E-2 3.44371E-2 4.07667E-2 4.83041E-2 5.14719E-2 4.43529E-2 4.02698E-2 4.25951E-2 4.31275E-2 3.76697E-2 3.67442E-2 2.77828E-2 2.52108E-2 2.44141E-2 2.424E-2 2.54857E-2 2.36895E-2 2.26857E-2 2.30991E-2 2.34324E-2 2.40076E-2 2.33861E-2 2.45144E-2 2.44849E-2 2.41353E-2 2.42129E-2 2.40487E-2 2.45521E-2 2.44876E-2 2.44525E-2 2.40844E-2 2.35524E-2 2.37302E-2 2.32137E-2 2.34151E-2 2.34961E-2 2.32882E-2 2.32158E-2 2.32345E-2 2.33285E-2 2.33981E-2 2.34872E-2 2.35657E-2 2.33744E-2 2.27241E-2 2.27961E-2 2.35422E-2 2.41381E-2 2.7296E-2 2.86433E-2 2.48415E-2 2.73172E-2 2.29234E-2 2.18934E-2
2.22585E-2 2.40816E-2 2.81311E-2 2.89815E-2 3.22747E-2 3.31437E-2 4.80838E-2 7.33433E-2 9.23721E-2 9.73288E-2 9.59558E-2 9.54635E-2 9.41811E-2 8.83826E-2 8.53968E-2 8.99058E-2 8.89525E-2 9.00092E-2 4.0516E-2 2.62701E-2 2.54544E-2 2.47668E-2 2.40755E-2 2.38591E-2 2.36582E-2 2.409E-2 2.36725E-2 2.40386E-2 2.48877E-2 2.43344E-2 2.53144E-2 2.42843E-2 2.48127E-2 2.50513E-2 2.48775E-2 2.48853E-2 2.44976E-2 2.40765E-2 2.39761E-2 2.35242E-2 2.34268E-2 2.32768E-2 2.35077E-2 2.37395E-2 2.39363E-2 2.38686E-2 2.42556E-2 2.36003E-2 2.36309E-2 2.39604E-2 2.50521E-2 2.37774E-2 2.35847E-2 2.40352E-2 2.41653E-2 2.43949E-2 2.56142E-2 2.61941E-2 2.67301E-2 2.49031E-2 2.37596E-2
2.86687E-2 4.47218E-2 4.56348E-2 3.67979E-2 4.6473E-2 6.79387E-2 9.03605E-2 9.30054E-2 9.44142E-2 9.52714E-2 9.53366E-2 9.72361E-2 9.59146E-2 9.56501E-2 9.5741E-2 9.51931E-2 9.33441E-2 9.97204E-2 7.03132E-2 2.97932E-2 2.66636E-2 2.55369E-2 2.48225E-2 2.46825E-2 2.50456E-2 2.48485E-2 2.4489E-2 2.47885E-2 2.50274E-2 2.53634E-2 2.70449E-2 2.67402E-2 2.62319E-2 2.78217E-2 2.67855E-2 2.59451E-2 2.51892E-2 2.4307E-2 2.4505E-2 2.39489E-2 2.36923E-2 2.33269E-2 2.35664E-2 2.40297E-2 2.43811E-2 2.4573E-2 2.46231E-2 2.5096E-2 2.48722E-2 2.51667E-2 2.60861E-2 2.49204E-2 2.485E-2 2.53362E-2 2.52596E-2 2.52883E-2 2.59219E-2 2.5383E-2 2.53286E-2 2.51347E-2 2.59889E-2
3.55959E-2 4.70984E-2 6.27746E-2 7.71738E-2 8.23079E-2 7.82066E-2 8.78425E-2 9.388E-2 9.28243E-2 9.43566E-2 9.66628E-2 9.89337E-2 9.73806E-2 9.76892E-2 9.85973E-2 9.87269E-2 9.82991E-2 1.01659E-1 1.02322E-1 3.77781E-2 2.78555E-2 2.71414E-2 2.68179E-2 2.62256E-2 2.64806E-2 2.63116E-2 2.60763E-2 2.67224E-2 2.68023E-2 2.6709E-2 2.8369E-2 2.90314E-2 2.77804E-2 2.70045E-2 2.6416E-2 2.57175E-2 2.57958E-2 2.48039E-2 2.43424E-2 2.42034E-2 2.46446E-2 2.39575E-2 2.39451E-2 2.41948E-2 2.44927E-2 2.47403E-2 2.49756E-2 2.55083E-2 2.56875E-2 2.55677E-2 2.56501E-2 2.54248E-2 2.66308E-2 2.62787E-2 2.73946E-2 2.79705E-2 2.73938E-2 2.66783E-2 2.67068E-2 2.70736E-2 2.56409E-2
6.38738E-2 7.65765E-2 5.98284E-2 5.26926E-2 5.11656E-2 7.36194E-2 9.02907E-2 9.13656E-2 9.36663E-2 9.66764E-2 9.91062E-2 1.02343E-1 1.01757E-1 1.01907E-1 1.03343E-1 1.02475E-1 1.03892E-1 1.0344E-1 1.05903E-1 7.65121E-2 3.82941E-2 3.06048E-2 2.935E-2 2.90732E-2 2.93098E-2 2.89512E-2 2.9356E-2 2.91827E-2 2.96239E-2 2.9855E-2 2.88914E-2 2.92776E-2 2.92763E-2 2.76299E-2 2.69362E-2 2.68869E-2 2.67795E-2 2.6064E-2 2.49627E-2 2.52475E-2 2.50465E-2 2.52773E-2 2.57802E-2 2.47839E-2 2.50796E-2 2.48496E-2 2.54263E-2 2.57077E-2 2.57117E-2 2.58912E-2 2.64082E-2 2.7141E-2 2.77633E-2 2.7108E-2 2.78435E-2 2.92422E-2 2.89899E-2 2.80033E-2 2.78816E-2 2.6962E-2 2.65739E-2
6.80452E-2 4.55059E-2 5.20169E-2 6.99885E-2 8.28073E-2 8.90602E-2 9.02572E-2 8.99032E-2 9.30432E-2 9.65829E-2 9.99519E-2 1.0133E-1 1.00778E-1 1.03317E-1 1.19893E-1 1.19962E-1 1.20057E-1 1.18376E-1 1.19349E-1 1.17424E-1 9.70837E-2 6.33008E-2 5.54938E-2 5.37017E-2 6.00574E-2 6.71956E-2 4.84748E-2 3.38583E-2 3.34426E-2 3.21497E-2 3.07183E-2 2.97422E-2 3.03718E-2 2.9516E-2 2.81929E-2 2.73026E-2 2.75181E-2 2.57153E-2 2.55873E-2 2.57835E-2 2.54364E-2 2.54329E-2 2.50468E-2 2.4828E-2 2.53071E-2 2.54538E-2 2.63323E-2 2.66937E-2 2.67063E-2 2.69131E-2 2.69999E-2 2.772E-2 2.82497E-2 2.74893E-2 2.82559E-2 2.82494E-2 2.7744E-2 2.80752E-2 2.74796E-2 2.68827E-2 2.68794E-2
8.49594E-2 7.47782E-2 8.66263E-2 8.67646E-2 8.58834E-2 8.97952E-2 9.05418E-2 9.26404E-2 9.46724E-2 9.52094E-2 9.70311E-2 9.8936E-2 1.04433E-1 1.07215E-1 1.23505E-1 1.2221E-1 1.20701E-1 1.22884E-1 1.20708E-1 1.18086E-1 6.75551E-2 5.1723E-2 6.58592E-2 9.98946E-2 9.52154E-2 9.3331E-2 4.2213E-2 3.57617E-2 3.53707E-2 3.42988E-2 3.3713E-2 3.21808E-2 3.09206E-2 2.9549E-2 2.9665E-2 2.77784E-2 2.71146E-2 2.61555E-2 2.63467E-2 2.66587E-2 2.6492E-2 2.56225E-2 2.64778E-2 2.67428E-2 2.60495E-2 2.59155E-2 2.66167E-2 2.73376E-2 2.66907E-2 2.75002E-2 2.77423E-2 2.75674E-2 2.82307E-2 2.87675E-2 2.86302E-2 2.83428E-2 2.76566E-2 2.72178E-2 2.74064E-2 2.63891E-2 2.67707E-2
8.88999E-2 8.85153E-2 8.78844E-2 8.58671E-2 8.85348E-2 8.88143E-2 9.16772E-2 8.40046E-2 8.05787E-2 8.66543E-2 9.10784E-2 9.72998E-2 1.04765E-1 1.06434E-1 1.20846E-1 1.22311E-1 1.23873E-1 1.22589E-1 1.20197E-1 1.17892E-1 1.0205E-1 9.57655E-2 1.00361E-1 9.7856E-2 9.58937E-2 9.00089E-2 4.31646E-2 3.96041E-2 3.81544E-2 3.64145E-2 3.4608E-2 3.40586E-2 3.20294E-2 3.16058E-2 3.06643E-2 2.86824E-2 2.78808E-2 2.72373E-2 2.68391E-2 2.65724E-2 2.6682E-2 2.63922E-2 2.68337E-2 2.63779E-2 2.64782E-2 2.65836E-2 2.64249E-2 2.67785E-2 2.72255E-2 2.71913E-2 2.78247E-2 2.85466E-2 2.80393E-2 2.85342E-2 2.92319E-2 2.89888E-2 2.8766E-2 2.84027E-2 2.92366E-2 2.84091E-2 2.97454E-2
9.33073E-2 9.1927E-2 8.31995E-2 8.25348E-2 8.28559E-2 7.03087E-2 5.21008E-2 5.04516E-2 5.44546E-2 6.0236E-2 7.55679E-2 8.90821E-2 1.03684E-1 1.07003E-1 1.18148E-1 1.23773E-1 1.25478E-1 1.27176E-1 1.24236E-1 1.22935E-1 1.0191E-1 9.16804E-2 1.01382E-1 1.01289E-1 9.97022E-2 9.73056E-2 8.19763E-2 5.78617E-2 4.13171E-2 3.65898E-2 3.57985E-2 3.57101E-2 3.40035E-2 3.35102E-2 3.20446E-2 3.07284E-2 2.98509E-2 3.01523E-2 2.86736E-2 2.82081E-2 2.81817E-2 2.73075E-2 2.68499E-2 2.69346E-2 2.66198E-2 2.67789E-2 2.65551E-2 2.65658E-2 2.63833E-2 2.66833E-2 2.74197E-2 2.86295E-2 2.91191E-2 2.99605E-2 3.06007E-2 3.10356E-2 3.01271E-2 2.9793E-2 3.27434E-2 2.91558E-2 3.001E-2
9.40209E-2 8.97342E-2 7.95792E-2 6.98825E-2 5.40215E-2 4.52608E-2 4.63128E-2 5.63607E-2 7.43184E-2 8.918E-2 8.84754E-2 8.77598E-2 9.07599E-2 9.78447E-2 1.18531E-1 1.23694E-1 1.23762E-1 1.26448E-1 1.26222E-1 1.2277E-1 1.06525E-1 1.04092E-1 1.05218E-1 1.0246E-1 1.01515E-1 1.0113E-1 9.49678E-2 7.89183E-2 4.66623E-2 3.84466E-2 3.74772E-2 3.54421E-2 3.45549E-2 3.39254E-2 3.41894E-2 3.31871E-2 3.22981E-2 3.11858E-2 2.97674E-2 2.91153E-2 2.94519E-2 2.93219E-2 3.04281E-2 2.86455E-2 2.76378E-2 2.69331E-2 2.74722E-2 2.68173E-2 2.72441E-2 2.86573E-2 2.83024E-2 2.95431E-2 2.99402E-2 3.00743E-2 3.26239E-2 3.14668E-2 3.09866E-2 3.06364E-2 3.13636E-2 3.30906E-2 3.16135E-2
8.45131E-2 7.23089E-2 5.72069E-2 4.703E-2 4.5552E-2 4.70471E-2 6.0608E-2 7.90385E-2 8.69105E-2 9.03275E-2 9.06321E-2 8.85635E-2 8.92075E-2 9.47844E-2 1.18475E-1 1.24178E-1 1.23304E-1 1.2363E-1 1.29447E-1 1.26554E-1 1.07756E-1 1.1024E-1 1.08128E-1 1.04029E-1 1.03696E-1 1.0092E-1 9.65912E-2 6.03997E-2 4.19191E-2 4.04255E-2 3.91465E-2 3.75288E-2 3.75759E-2 3.69823E-2 3.59345E-2 3.45841E-2 3.36876E-2 3.21152E-2 3.03941E-2 2.93921E-2 3.04934E-2 2.97819E-2 2.86516E-2 2.89123E-2 2.8658E-2 2.77917E-2 2.85383E-2 2.90987E-2 2.92526E-2 2.92698E-2 2.88623E-2 2.97966E-2 3.1037E-2 3.15292E-2 3.29047E-2 3.46853E-2 3.24521E-2 3.25988E-2 3.27729E-2 3.54322E-2 3.48615E-2
4.90729E-2 4.47917E-2 4.21135E-2 4.1172E-2 4.32823E-2 4.95456E-2 5.4683E-2 5.29785E-2 5.627E-2 7.04894E-2 8.88342E-2 9.38221E-2 9.35521E-2 9.51896E-2 1.02479E-1 1.08218E-1 1.05722E-1 1.02685E-1 1.09275E-1 1.09926E-1 1.08978E-1 1.10777E-1 1.10049E-1 1.03054E-1 9.82675E-2 9.56335E-2 9.30887E-2 7.13289E-2 5.44686E-2 4.74402E-2 4.17773E-2 3.99395E-2 3.97831E-2 3.88878E-2 3.8124E-2 3.65059E-2 3.66241E-2 3.61277E-2 3.38046E-2 3.13269E-2 3.1385E-2 3.13059E-2 2.93435E-2 3.01449E-2 3.14466E-2 3.03063E-2 3.01667E-2 2.93167E-2 2.94484E-2 2.97113E-2 3.04513E-2 3.18005E-2 3.30326E-2 3.34041E-2 3.46351E-2 3.69015E-2 3.44652E-2 3.31442E-2 3.32846E-2 3.41393E-2 3.74353E-2
3.86941E-2 3.65455E-2 3.61928E-2 3.9249E-2 4.08582E-2 4.25002E-2 3.88553E-2 3.71509E-2 3.87848E-2 4.53377E-2 5.35769E-2 9.57488E-2 9.95867E-2 9.91492E-2 1.00833E-1 1.02921E-1 1.02463E-1 1.02237E-1 1.00782E-1 9.22883E-2 7.77525E-2 7.80371E-2 8.95951E-2 6.68725E-2 5.62164E-2 5.21923E-2 7.24601E-2 8.12628E-2 6.40732E-2 4.83423E-2 4.31746E-2 4.21715E-2 4.28978E-2 4.05914E-2 3.85898E-2 3.73797E-2 3.61534E-2 3.60652E-2 3.45964E-2 3.52786E-2 3.32608E-2 3.23966E-2 3.34593E-2 3.29806E-2 3.28373E-2 3.26114E-2 3.17497E-2 3.09994E-2 3.11918E-2 3.09794E-2 3.2066E-2 4.21213E-2 3.64596E-2 3.62094E-2 3.51272E-2 3.51673E-2 3.58737E-2 3.49992E-2 3.37522E-2 3.29759E-2 3.41978E-2
3.32218E-2 3.45571E-2 3.30883E-2 3.42944E-2 3.27498E-2 3.09476E-2 3.04538E-2 3.09769E-2 3.2145E-2 3.68055E-2 4.23182E-2 5.51789E-2 9.32932E-2 8.82596E-2 9.42739E-2 9.20564E-2 8.54117E-2 7.12595E-2 5.31557E-2 4.60443E-2 4.59669E-2 4.53931E-2 4.3747E-2 4.30874E-2 4.32505E-2 4.58221E-2 6.97477E-2 7.83243E-2 6.1323E-2 4.29485E-2 4.24232E-2 4.48611E-2 4.48717E-2 4.1908E-2 4.02787E-2 4.03847E-2 3.84133E-2 3.9211E-2 3.76477E-2 3.81727E-2 3.61359E-2 3.66594E-2 3.61591E-2 3.63809E-2 3.59067E-2 3.52705E-2 3.43797E-2 3.51263E-2 3.41712E-2 3.26334E-2 3.2294E-2 3.52455E-2 3.70619E-2 3.75515E-2 3.78396E-2 3.7458E-2 3.62691E-2 3.51776E-2 3.43209E-2 3.3621E-2 3.32775E-2
3.23526E-2 3.17352E-2 3.11353E-2 2.96698E-2 2.86919E-2 2.79931E-2 2.92462E-2 2.97247E-2 3.03682E-2 3.341E-2 3.72472E-2 3.91679E-2 4.51097E-2 4.71627E-2 5.11405E-2 5.24075E-2 5.05592E-2 4.79724E-2 4.4538E-2 4.16754E-2 4.12774E-2 4.37131E-2 4.2472E-2 4.219E-2 4.34969E-2 4.36964E-2 4.64375E-2 4.69239E-2 4.55625E-2 4.08612E-2 4.23506E-2 4.47254E-2 4.44334E-2 4.27853E-2 4.06437E-2 4.1207E-2 4.09651E-2 4.08378E-2 4.17856E-2 3.91791E-2 4.03173E-2 4.12822E-2 3.79711E-2 3.77357E-2 3.7446E-2 3.67277E-2 3.63808E-2 3.75054E-2 3.77878E-2 3.69253E-2 3.56582E-2 3.76151E-2 3.93568E-2 3.94347E-2 3.98744E-2 4.04716E-2 3.97136E-2 3.76873E-2 3.4757E-2 3.33298E-2 3.25782E-2
2.89743E-2 2.87005E-2 2.95135E-2 2.93625E-2 2.82879E-2 2.8339E-2 2.99844E-2 3.11229E-2 3.25298E-2 3.51479E-2 3.69495E-2 3.65265E-2 3.97477E-2 4.20296E-2 4.22277E-2 4.32076E-2 4.64245E-2 4.67147E-2 4.31137E-2 4.21968E-2 4.5853E-2 5.25666E-2 4.63966E-2 4.47378E-2 4.70005E-2 4.52636E-2 4.25327E-2 4.21795E-2 3.8879E-2 3.95479E-2 4.28088E-2 4.57229E-2 4.53601E-2 5.20549E-2 5.46219E-2 5.26295E-2 4.87706E-2 4.4703E-2 4.41664E-2 4.59089E-2 4.31924E-2 4.39977E-2 4.21294E-2 4.06169E-2 4.0963E-2 4.04965E-2 4.02659E-2 4.2537E-2 4.35436E-2 3.99232E-2 3.95774E-2 4.04233E-2 4.15102E-2 4.25865E-2 4.30428E-2 4.42327E-2 4.48806E-2 4.49434E-2 4.53908E-2 3.85118E-2 3.37795E-2
2.64883E-2 2.7604E-2 2.80052E-2 2.8621E-2 2.75396E-2 2.94032E-2 3.04555E-2 3.16353E-2 3.43524E-2 3.6018E-2 3.72191E-2 3.7178E-2 3.952E-2 4.2281E-2 4.37057E-2 4.49792E-2 4.62306E-2 4.70786E-2 4.62503E-2 4.63067E-2 4.82105E-2 5.21322E-2 5.33758E-2 5.98333E-2 5.56615E-2 5.11604E-2 4.84704E-2 4.83568E-2 4.79687E-2 4.39781E-2 4.26726E-2 4.49941E-2 5.06153E-2 5.33187E-2 5.68133E-2 7.60759E-2 7.94032E-2 7.25394E-2 6.97023E-2 7.10578E-2 6.9007E-2 6.30061E-2 5.71375E-2 5.1704E-2 4.65979E-2 4.56147E-2 4.5906E-2 4.44642E-2 4.42357E-2 4.3593E-2 4.33361E-2 4.35239E-2 4.4633E-2 4.4756E-2 4.46646E-2 4.3708E-2 4.21365E-2 4.10204E-2 3.87149E-2 3.51374E-2 3.24299E-2
2.63055E-2 2.7104E-2 2.85873E-2 2.94365E-2 2.97844E-2 3.09874E-2 3.13744E-2 3.28964E-2 3.53779E-2 3.62183E-2 3.71561E-2 3.83396E-2 3.99546E-2 4.29032E-2 4.46723E-2 4.70416E-2 4.91927E-2 4.65337E-2 6.15207E-2 7.15776E-2 7.00728E-2 7.92852E-2 8.93135E-2 8.70291E-2 8.06906E-2 7.63476E-2 6.20843E-2 5.54179E-2 6.26521E-2 7.18866E-2 7.57942E-2 7.95191E-2 8.07287E-2 7.00241E-2 6.45604E-2 6.06223E-2 6.29383E-2 6.03194E-2 5.3694E-2 5.99548E-2 5.53161E-2 5.15754E-2 5.14257E-2 5.4804E-2 4.74447E-2 5.77233E-2 6.4264E-2 7.28817E-2 6.41638E-2 5.76225E-2 5.52385E-2 4.7872E-2 4.74542E-2 4.77145E-2 4.70086E-2 4.60851E-2 4.47353E-2 4.19053E-2 3.85587E-2 3.61288E-2 3.52129E-2
2.59885E-2 2.66775E-2 2.8155E-2 2.86252E-2 2.917E-2 2.96258E-2 3.09981E-2 3.30037E-2 3.5383E-2 3.68693E-2 3.69893E-2 3.93972E-2 4.20298E-2 5.10442E-2 5.61711E-2 6.09578E-2 5.71252E-2 7.51487E-2 1.0351E-1 1.17599E-1 1.15593E-1 9.69483E-2 6.65765E-2 7.01324E-2 8.88628E-2 7.72467E-2 6.07318E-2 5.55309E-2 5.51282E-2 6.01621E-2 9.61289E-2 1.14457E-1 1.23257E-1 1.28526E-1 1.28665E-1 1.22176E-1 1.17601E-1 9.98373E-2 8.60474E-2 8.72194E-2 7.36821E-2 5.492E-2 5.2387E-2 5.14152E-2 5.4257E-2 5.42364E-2 6.85094E-2 9.71669E-2 9.52485E-2 9.16595E-2 8.92475E-2 7.84474E-2 5.22105E-2 5.1003E-2 5.11707E-2 5.00575E-2 4.73322E-2 4.43016E-2 4.18066E-2 4.01542E-2 3.89368E-2
2.70459E-2 2.6649E-2 2.73211E-2 2.90104E-2 2.91679E-2 3.03321E-2 3.15218E-2 3.34175E-2 3.6304E-2 3.80119E-2 3.84649E-2 4.25757E-2 5.63219E-2 7.91297E-2 8.28625E-2 7.56543E-2 8.24636E-2 1.16931E-1 1.17961E-1 1.17117E-1 1.08053E-1 1.00923E-1 7.15351E-2 8.81999E-2 9.44055E-2 6.45325E-2 5.25082E-2 5.16265E-2 5.15762E-2 5.18139E-2 5.37309E-2 7.27232E-2 1.00836E-1 1.16843E-1 1.21187E-1 1.21593E-1 1.23772E-1 1.21875E-1 1.13026E-1 1.20963E-1 1.2022E-1 1.1267E-1 9.08291E-2 6.74193E-2 6.32619E-2 6.42713E-2 9.75501E-2 9.48956E-2 9.70602E-2 9.47875E-2 9.35344E-2 9.14473E-2 7.40715E-2 5.60429E-2 5.40928E-2 5.34662E-2 5.01403E-2 4.83309E-2 4.57287E-2 4.36196E-2 4.34817E-2
2.71307E-2 2.75652E-2 2.83058E-2 2.87117E-2 3.05547E-2 3.20172E-2 3.29813E-2 3.46147E-2 3.69602E-2 3.8916E-2 4.01372E-2 4.67678E-2 7.30559E-2 8.49108E-2 7.17821E-2 8.54622E-2 1.07147E-1 1.14237E-1 1.11168E-1 1.07963E-1 9.3405E-2 9.07533E-2 9.85507E-2 9.64221E-2 8.51535E-2 6.6322E-2 5.4619E-2 5.29199E-2 5.37653E-2 4.93627E-2 5.17302E-2 5.14705E-2 5.37198E-2 6.61813E-2 8.46179E-2 1.03756E-1 1.1213E-1 1.11102E-1 1.11243E-1 1.08155E-1 1.0918E-1 1.0999E-1 1.09309E-1 1.04029E-1 9.49934E-2 8.39783E-2 9.99282E-2 9.91548E-2 9.72238E-2 9.68063E-2 9.60507E-2 9.41226E-2 9.12866E-2 7.05982E-2 5.50924E-2 5.61843E-2 5.23126E-2 5.09829E-2 4.87413E-2 4.74763E-2 4.77593E-2
2.70194E-2 2.67214E-2 2.8272E-2 3.00406E-2 3.27406E-2 3.46242E-2 3.62083E-2 3.7041E-2 3.89148E-2 4.17865E-2 4.58202E-2 6.21353E-2 7.42983E-2 6.48103E-2 8.15794E-2 1.01389E-1 1.04049E-1 1.05086E-1 1.01373E-1 9.3765E-2 9.1969E-2 9.16381E-2 7.95792E-2 7.66596E-2 5.88691E-2 5.66722E-2 5.15659E-2 4.89891E-2 4.7297E-2 4.8017E-2 4.70308E-2 4.7735E-2 4.79537E-2 4.95638E-2 5.45196E-2 6.4797E-2 9.42758E-2 1.03122E-1 1.00832E-1 1.00055E-1 1.00449E-1 1.0046E-1 1.00026E-1 9.9506E-2 9.80943E-2 9.04691E-2 7.84933E-2 7.89761E-2 8.95104E-2 9.47896E-2 9.30834E-2 9.23486E-2 9.22012E-2 8.91814E-2 6.7398E-2 5.98926E-2 5.36044E-2 5.53625E-2 5.45545E-2 5.20989E-2 5.04138E-2
2.81966E-2 2.84449E-2 3.17909E-2 3.3919E-2 3.74325E-2 3.6647E-2 3.71806E-2 3.87534E-2 4.04113E-2 4.56453E-2 5.96186E-2 7.4338E-2 5.70981E-2 6.72174E-2 9.68452E-2 9.78854E-2 9.59997E-2 9.33699E-2 9.02263E-2 7.24446E-2 7.66731E-2 7.47618E-2 6.28275E-2 7.02674E-2 5.65428E-2 5.18041E-2 4.63402E-2 4.33239E-2 4.47981E-2 4.52743E-2 4.6242E-2 4.73108E-2 4.80558E-2 5.05316E-2 5.44676E-2 6.05634E-2 7.4624E-2 9.37818E-2 9.57561E-2 9.28326E-2 9.27507E-2 9.31873E-2 9.36613E-2 9.36971E-2 9.27558E-2 9.36926E-2 8.74144E-2 6.8583E-2 7.61313E-2 9.05631E-2 9.06485E-2 9.16074E-2 9.15019E-2 9.09501E-2 8.97278E-2 7.05883E-2 5.87981E-2 5.78332E-2 5.97599E-2 5.5477E-2 5.11728E-2
