maxent_outputs/white_flowers_troch_bombus_environ/white_150.asc
ncols         426
nrows         180
xllcorner     -130.0
yllcorner     24.0
cellsize      0.16666666666666666
NODATA_value  -9999
[rows 108 to 134 of 180, columns 183 to 243 of 426]
4.32944E-1 4.28576E-1 4.35936E-1 4.40385E-1 4.5053E-1 4.65124E-1 4.71632E-1 4.72521E-1 4.78951E-1 4.87586E-1 4.95381E-1 5.01097E-1 5.1139E-1 5.18075E-1 5.19949E-1 5.22299E-1 5.23022E-1 5.31943E-1 5.38435E-1 5.49506E-1 5.60782E-1 5.68164E-1 5.8498E-1 5.97198E-1 6.16844E-1 6.40099E-1 6.43426E-1 6.43246E-1 6.44164E-1 6.46771E-1 6.64083E-1 6.77601E-1 6.8648E-1 6.86514E-1 6.85563E-1 6.83736E-1 6.74043E-1 6.65375E-1 6.53468E-1 6.57629E-1 6.48085E-1 6.60035E-1 6.7898E-1 6.9165E-1 6.98192E-1 6.94489E-1 6.89455E-1 6.95303E-1 6.95321E-1 6.99308E-1 6.96634E-1 6.96715E-1 7.00398E-1 6.97358E-1 7.01468E-1 6.96686E-1 7.10333E-1 7.18491E-1 7.24422E-1 7.31702E-1 7.28666E-1
4.26378E-1 4.32134E-1 4.3573E-1 4.44187E-1 4.52672E-1 4.66847E-1 4.74509E-1 4.75678E-1 4.73223E-1 4.82579E-1 4.92927E-1 5.01019E-1 5.18009E-1 5.20085E-1 5.21405E-1 5.23394E-1 5.23593E-1 5.28094E-1 5.3211E-1 5.47494E-1 5.64196E-1 5.78707E-1 5.83713E-1 5.97835E-1 6.10903E-1 6.29693E-1 6.40305E-1 6.4122E-1 6.37427E-1 6.46194E-1 6.6084E-1 6.75277E-1 6.8448E-1 6.93987E-1 6.87148E-1 6.81494E-1 6.76572E-1 6.68877E-1 6.77214E-1 6.78332E-1 6.83737E-1 6.79162E-1 6.92584E-1 7.0358E-1 7.09476E-1 7.08734E-1 6.99263E-1 6.96799E-1 7.0335E-1 7.02876E-1 7.04462E-1 7.02535E-1 7.00416E-1 6.93057E-1 7.02868E-1 7.01957E-1 7.07689E-1 7.25196E-1 7.30783E-1 7.33311E-1 7.32282E-1
4.4253E-1 4.47399E-1 4.42084E-1 4.49571E-1 4.59174E-1 4.65363E-1 4.74339E-1 4.76127E-1 4.71545E-1 4.75638E-1 4.92178E-1 5.0888E-1 5.17806E-1 5.2465E-1 5.28713E-1 5.29472E-1 5.34027E-1 5.39219E-1 5.42872E-1 5.55148E-1 5.72395E-1 5.77313E-1 5.86498E-1 5.91584E-1 6.04482E-1 6.2671E-1 6.33788E-1 6.34151E-1 6.32559E-1 6.32692E-1 6.41615E-1 6.54503E-1 6.61149E-1 6.72145E-1 6.86222E-1 6.76395E-1 6.74398E-1 6.69253E-1 6.78849E-1 6.8592E-1 6.89905E-1 6.86439E-1 6.93538E-1 7.10949E-1 7.14618E-1 7.09278E-1 7.04209E-1 7.08497E-1 7.12092E-1 7.02896E-1 7.13605E-1 7.11709E-1 7.10328E-1 7.02181E-1 7.06877E-1 7.07676E-1 7.11901E-1 7.3325E-1 7.34827E-1 7.34774E-1 7.35597E-1
4.5172E-1 4.59294E-1 4.54338E-1 4.48801E-1 4.54975E-1 4.58453E-1 4.67262E-1 4.7781E-1 4.77095E-1 4.83739E-1 4.97724E-1 5.11971E-1 5.26185E-1 5.33698E-1 5.37757E-1 5.43444E-1 5.47169E-1 5.53145E-1 5.59971E-1 5.64953E-1 5.72304E-1 5.76305E-1 5.86021E-1 5.96964E-1 6.07227E-1 6.18624E-1 6.23508E-1 6.27371E-1 6.21806E-1 6.28341E-1 6.41763E-1 6.41814E-1 6.48947E-1 6.68091E-1 6.69505E-1 6.63584E-1 6.58281E-1 6.64527E-1 6.71999E-1 6.82481E-1 6.79251E-1 6.84985E-1 6.95323E-1 7.0635E-1 7.19117E-1 7.07761E-1 7.04854E-1 7.1533E-1 7.1799E-1 7.19204E-1 7.17298E-1 7.09813E-1 7.15379E-1 7.10816E-1 7.13084E-1 7.18396E-1 7.26544E-1 7.25248E-1 7.32932E-1 7.3591E-1 7.40701E-1
4.43644E-1 4.54558E-1 4.59681E-1 4.50228E-1 4.45639E-1 4.43347E-1 4.62325E-1 4.73217E-1 4.84186E-1 4.93808E-1 5.10633E-1 5.20818E-1 5.30863E-1 5.39801E-1 5.44697E-1 5.51409E-1 5.59981E-1 5.70503E-1 5.72915E-1 5.73145E-1 5.73792E-1 5.73784E-1 5.81211E-1 6.04332E-1 6.11882E-1 6.14905E-1 6.16535E-1 6.17851E-1 6.22918E-1 6.33725E-1 6.45353E-1 6.46444E-1 6.5342E-1 6.64106E-1 6.7709E-1 6.93102E-1 6.78373E-1 6.75716E-1 6.71992E-1 6.74695E-1 6.77861E-1 6.97573E-1 7.11154E-1 7.15262E-1 7.1938E-1 7.16818E-1 7.15451E-1 7.15262E-1 7.22992E-1 7.22404E-1 7.19377E-1 7.17457E-1 7.20153E-1 7.16816E-1 7.1902E-1 7.21262E-1 7.29708E-1 7.28902E-1 7.32728E-1 7.37444E-1 7.42533E-1
4.4297E-1 4.49992E-1 4.54666E-1 4.53165E-1 4.43242E-1 4.43769E-1 4.57372E-1 4.76714E-1 4.86727E-1 4.98328E-1 5.15503E-1 5.27053E-1 5.32882E-1 5.4099E-1 5.47095E-1 5.54238E-1 5.66544E-1 5.80057E-1 5.84961E-1 5.86262E-1 5.81849E-1 5.76539E-1 5.86546E-1 5.99983E-1 6.09775E-1 6.18478E-1 6.23468E-1 6.17648E-1 6.34312E-1 6.41422E-1 6.5534E-1 6.50431E-1 6.47867E-1 6.57992E-1 6.83149E-1 6.7798E-1 6.60998E-1 6.63046E-1 6.69192E-1 6.84341E-1 6.8451E-1 7.1369E-1 7.22169E-1 7.21271E-1 7.26516E-1 7.25807E-1 7.2409E-1 7.25411E-1 7.25907E-1 7.2102E-1 7.21392E-1 7.20711E-1 7.19389E-1 7.17855E-1 7.25105E-1 7.28582E-1 7.40046E-1 7.47639E-1 7.42196E-1 7.43972E-1 7.4618E-1
4.48206E-1 4.55963E-1 4.56168E-1 4.63246E-1 4.67004E-1 4.70013E-1 4.65267E-1 4.80821E-1 4.91518E-1 5.00057E-1 5.08385E-1 5.1951E-1 5.29046E-1 5.35293E-1 5.46275E-1 5.59188E-1 5.69865E-1 5.82286E-1 5.86031E-1 5.87054E-1 5.87704E-1 5.87974E-1 5.92632E-1 5.97575E-1 6.08926E-1 6.19383E-1 6.14412E-1 6.10881E-1 6.19416E-1 6.41882E-1 6.61155E-1 6.68635E-1 6.50268E-1 6.81211E-1 6.82636E-1 6.80574E-1 6.8628E-1 6.94574E-1 7.00406E-1 7.08583E-1 7.14923E-1 7.32396E-1 7.24589E-1 7.22661E-1 7.28162E-1 7.37381E-1 7.354E-1 7.27914E-1 7.24938E-1 7.20072E-1 7.19051E-1 7.19753E-1 7.19624E-1 7.20603E-1 7.26509E-1 7.37438E-1 7.39082E-1 7.43211E-1 7.46333E-1 7.53407E-1 7.51899E-1
4.4354E-1 4.5541E-1 4.63624E-1 4.69289E-1 4.84597E-1 4.85121E-1 4.80814E-1 4.82091E-1 4.90891E-1 5.03102E-1 5.13281E-1 5.19522E-1 5.25949E-1 5.30325E-1 5.45563E-1 5.58452E-1 5.72533E-1 5.76363E-1 5.82797E-1 5.88604E-1 5.91498E-1 5.96653E-1 5.99006E-1 6.07028E-1 6.12799E-1 6.17459E-1 6.2133E-1 6.27283E-1 6.45985E-1 6.60011E-1 6.86479E-1 6.94985E-1 6.8446E-1 6.91717E-1 7.02661E-1 7.11347E-1 7.14521E-1 7.28508E-1 7.41286E-1 7.36619E-1 7.35375E-1 7.42795E-1 7.42189E-1 7.39431E-1 7.36488E-1 7.41526E-1 7.36822E-1 7.32657E-1 7.3371E-1 7.28755E-1 7.26723E-1 7.27824E-1 7.33148E-1 7.33637E-1 7.32413E-1 7.35955E-1 7.54418E-1 7.51533E-1 7.51232E-1 7.52886E-1 7.51569E-1
4.53256E-1 4.56187E-1 4.66723E-1 4.69556E-1 4.76521E-1 4.82581E-1 4.88987E-1 4.9166E-1 4.9637E-1 5.0693E-1 5.18481E-1 5.24907E-1 5.30023E-1 5.38465E-1 5.47234E-1 5.5614E-1 5.66183E-1 5.719E-1 5.81161E-1 5.92345E-1 6.00084E-1 6.05612E-1 6.0709E-1 6.12349E-1 6.19536E-1 6.22321E-1 6.34338E-1 6.4502E-1 6.532E-1 6.75578E-1 6.849E-1 7.12255E-1 7.07515E-1 7.15755E-1 7.1547E-1 7.11562E-1 7.39784E-1 7.47833E-1 7.43505E-1 7.49239E-1 7.48229E-1 7.51373E-1 7.47082E-1 7.43931E-1 7.43918E-1 7.42038E-1 7.4912E-1 7.41853E-1 7.40263E-1 7.38707E-1 7.38556E-1 7.38077E-1 7.41203E-1 7.50499E-1 7.39091E-1 7.39423E-1 7.47911E-1 7.49809E-1 7.53237E-1 7.53989E-1 7.5006E-1
4.72678E-1 4.72379E-1 4.72957E-1 4.74577E-1 4.80846E-1 4.87577E-1 4.9633E-1 4.96661E-1 5.06534E-1 5.14552E-1 5.2299E-1 5.33092E-1 5.37949E-1 5.55771E-1 5.60871E-1 5.62094E-1 5.69755E-1 5.78578E-1 5.88673E-1 5.9556E-1 6.06974E-1 6.14856E-1 6.15971E-1 6.1716E-1 6.20709E-1 6.25112E-1 6.36413E-1 6.374E-1 6.50168E-1 6.55592E-1 6.80957E-1 7.10379E-1 7.31296E-1 7.42594E-1 7.36563E-1 7.32261E-1 7.30544E-1 7.30339E-1 7.37441E-1 7.42329E-1 7.48801E-1 7.50253E-1 7.56918E-1 7.57258E-1 7.57456E-1 7.50974E-1 7.52425E-1 7.4961E-1 7.42599E-1 7.37731E-1 7.3881E-1 7.37698E-1 7.47181E-1 7.54674E-1 7.50987E-1 7.47942E-1 7.496E-1 7.48618E-1 7.61534E-1 7.59074E-1 7.56768E-1
4.85062E-1 4.85015E-1 4.84339E-1 4.88596E-1 4.91259E-1 4.98101E-1 5.03924E-1 5.0802E-1 5.15821E-1 5.22231E-1 5.2923E-1 5.3965E-1 5.47386E-1 5.63952E-1 5.79585E-1 5.82375E-1 5.89445E-1 6.00416E-1 5.99845E-1 6.0177E-1 6.07372E-1 6.18454E-1 6.19655E-1 6.22789E-1 6.26538E-1 6.261E-1 6.34291E-1 6.45656E-1 6.60806E-1 6.69458E-1 6.73455E-1 6.8566E-1 7.05598E-1 7.24556E-1 7.39322E-1 7.32321E-1 7.34412E-1 7.33821E-1 7.32155E-1 7.30824E-1 7.46181E-1 7.49142E-1 7.58536E-1 7.57306E-1 7.56792E-1 7.52847E-1 7.50661E-1 7.51618E-1 7.4737E-1 7.40156E-1 7.40422E-1 7.42604E-1 7.47396E-1 7.51502E-1 7.5141E-1 7.55927E-1 7.49119E-1 7.49954E-1 7.52769E-1 7.5294E-1 7.52345E-1
4.90933E-1 4.95157E-1 4.98391E-1 5.01823E-1 5.05796E-1 5.13181E-1 5.1642E-1 5.22297E-1 5.27915E-1 5.33188E-1 5.39812E-1 5.50625E-1 5.65256E-1 5.80434E-1 5.91857E-1 5.92171E-1 6.01175E-1 6.11194E-1 6.04795E-1 6.07659E-1 6.11627E-1 6.16048E-1 6.25358E-1 6.44085E-1 6.49315E-1 6.34082E-1 6.38008E-1 6.46885E-1 6.49361E-1 6.51006E-1 6.62488E-1 6.7847E-1 7.06806E-1 7.32626E-1 7.41101E-1 7.45027E-1 7.40114E-1 7.34554E-1 7.27581E-1 7.32214E-1 7.45945E-1 7.54692E-1 7.58933E-1 7.58939E-1 7.57379E-1 7.5295E-1 7.52668E-1 7.5192E-1 7.53242E-1 7.46793E-1 7.46006E-1 7.46678E-1 7.49695E-1 7.52931E-1 7.49995E-1 7.5518E-1 7.52461E-1 7.51191E-1 7.52757E-1 7.49702E-1 7.52445E-1
4.94653E-1 5.01883E-1 5.0192E-1 5.03573E-1 5.12681E-1 5.25579E-1 5.26635E-1 5.32632E-1 5.36861E-1 5.44196E-1 5.51513E-1 5.68135E-1 5.75284E-1 5.87355E-1 5.89242E-1 5.96146E-1 6.03078E-1 6.11571E-1 5.9508E-1 6.01297E-1 6.05613E-1 6.16364E-1 6.29991E-1 6.47958E-1 6.53928E-1 6.49941E-1 6.53906E-1 6.61863E-1 6.61892E-1 6.6918E-1 6.80211E-1 6.92728E-1 7.12321E-1 7.34213E-1 7.4656E-1 7.55441E-1 7.56458E-1 7.53894E-1 7.41214E-1 7.4233E-1 7.50982E-1 7.62051E-1 7.62532E-1 7.61478E-1 7.58103E-1 7.52957E-1 7.52388E-1 7.51523E-1 7.52605E-1 7.5287E-1 7.52916E-1 7.47331E-1 7.50972E-1 7.51655E-1 7.53338E-1 7.5398E-1 7.51604E-1 7.46703E-1 7.55486E-1 7.50585E-1 7.47178E-1
5.02224E-1 5.09891E-1 5.02724E-1 5.03949E-1 5.07363E-1 5.22539E-1 5.27538E-1 5.39571E-1 5.41354E-1 5.48397E-1 5.67224E-1 5.84348E-1 5.92511E-1 5.91757E-1 5.93804E-1 5.90507E-1 5.90075E-1 5.9331E-1 5.90795E-1 5.98778E-1 6.09841E-1 6.22584E-1 6.33029E-1 6.49563E-1 6.61009E-1 6.6906E-1 6.75279E-1 6.78455E-1 6.85235E-1 6.91068E-1 6.99144E-1 7.07268E-1 7.2883E-1 7.44633E-1 7.53855E-1 7.66413E-1 7.618E-1 7.65625E-1 7.62177E-1 7.57678E-1 7.59438E-1 7.63033E-1 7.64486E-1 7.59628E-1 7.52758E-1 7.49227E-1 7.50598E-1 7.53102E-1 7.53149E-1 7.54623E-1 7.56482E-1 7.55021E-1 7.54132E-1 7.56392E-1 7.59894E-1 7.60067E-1 7.57153E-1 7.4609E-1 7.55501E-1 7.50519E-1 7.45551E-1
5.02872E-1 5.04113E-1 5.02875E-1 5.07671E-1 5.15235E-1 5.19161E-1 5.23284E-1 5.34413E-1 5.4232E-1 5.52467E-1 5.65367E-1 5.8695E-1 5.87404E-1 5.78582E-1 5.78401E-1 5.71737E-1 5.74432E-1 5.81956E-1 5.92895E-1 6.01476E-1 6.15317E-1 6.2503E-1 6.37824E-1 6.51369E-1 6.67314E-1 6.82575E-1 6.96759E-1 7.00756E-1 7.03735E-1 7.10882E-1 7.18159E-1 7.19352E-1 7.2461E-1 7.3404E-1 7.56578E-1 7.7224E-1 7.73363E-1 7.72893E-1 7.72334E-1 7.67577E-1 7.60097E-1 7.5717E-1 7.5886E-1 7.56635E-1 7.53933E-1 7.51164E-1 7.50318E-1 7.5501E-1 7.56349E-1 7.60385E-1 7.5612E-1 7.5683E-1 7.55107E-1 7.63394E-1 7.70778E-1 7.65053E-1 7.64348E-1 7.54325E-1 7.49709E-1 7.43214E-1 7.42505E-1
5.1175E-1 5.10702E-1 5.04145E-1 5.10179E-1 5.14731E-1 5.18132E-1 5.21364E-1 5.28913E-1 5.40139E-1 5.48702E-1 5.57446E-1 5.77167E-1 5.74898E-1 5.68366E-1 5.72461E-1 5.60531E-1 5.64748E-1 5.78827E-1 5.9295E-1 6.09312E-1 6.25383E-1 6.34347E-1 6.45027E-1 6.59601E-1 6.76309E-1 6.93409E-1 7.03354E-1 7.09064E-1 7.15952E-1 7.28047E-1 7.35584E-1 7.40661E-1 7.39901E-1 7.4041E-1 7.57743E-1 7.75472E-1 7.72597E-1 7.72722E-1 7.72384E-1 7.62986E-1 7.62507E-1 7.60972E-1 7.56644E-1 7.5651E-1 7.58915E-1 7.56573E-1 7.59418E-1 7.61466E-1 7.60314E-1 7.6542E-1 7.6372E-1 7.58079E-1 7.55334E-1 7.65102E-1 7.68136E-1 7.6733E-1 7.65775E-1 7.58299E-1 7.48819E-1 7.44586E-1 7.41287E-1
5.22319E-1 5.15313E-1 5.14135E-1 5.17719E-1 5.17109E-1 5.22284E-1 5.33914E-1 5.35929E-1 5.39723E-1 5.51392E-1 5.51605E-1 5.69542E-1 5.68972E-1 5.68019E-1 5.72967E-1 5.62579E-1 5.73988E-1 5.81938E-1 5.94424E-1 6.19113E-1 6.38388E-1 6.44976E-1 6.62778E-1 6.73533E-1 6.82954E-1 6.98893E-1 7.08471E-1 7.17376E-1 7.27112E-1 7.39376E-1 7.49194E-1 7.61374E-1 7.56221E-1 7.57282E-1 7.63648E-1 7.76284E-1 7.77965E-1 7.79042E-1 7.73151E-1 7.59942E-1 7.52618E-1 7.67273E-1 7.61886E-1 7.63823E-1 7.66875E-1 7.67405E-1 7.67991E-1 7.59709E-1 7.5733E-1 7.62211E-1 7.66057E-1 7.59189E-1 7.58922E-1 7.61684E-1 7.63698E-1 7.65834E-1 7.59091E-1 7.56559E-1 7.52013E-1 7.48829E-1 7.47907E-1
5.44634E-1 5.32305E-1 5.32245E-1 5.39492E-1 5.36299E-1 5.36325E-1 5.45991E-1 5.48341E-1 5.51922E-1 5.55362E-1 5.58359E-1 5.679E-1 5.76603E-1 5.76622E-1 5.85612E-1 5.89501E-1 5.9322E-1 5.90973E-1 6.03044E-1 6.23014E-1 6.48096E-1 6.55572E-1 6.61957E-1 6.75609E-1 6.85655E-1 6.97413E-1 7.13947E-1 7.18587E-1 7.35147E-1 7.4397E-1 7.51557E-1 7.50944E-1 7.56576E-1 7.65447E-1 7.69338E-1 7.76096E-1 7.7503E-1 7.77454E-1 7.72782E-1 7.60545E-1 7.52948E-1 7.6005E-1 7.66924E-1 7.68782E-1 7.76184E-1 7.71051E-1 7.70538E-1 7.6453E-1 7.55557E-1 7.58159E-1 7.66885E-1 7.59249E-1 7.56304E-1 7.59262E-1 7.64709E-1 7.65685E-1 7.56057E-1 7.55248E-1 7.54179E-1 7.54652E-1 7.51993E-1
5.64259E-1 5.53561E-1 5.54472E-1 5.53077E-1 5.52068E-1 5.61566E-1 5.69329E-1 5.59555E-1 5.58929E-1 5.65783E-1 5.73141E-1 5.84247E-1 5.92321E-1 5.90275E-1 5.93118E-1 6.06318E-1 6.18359E-1 6.10069E-1 6.11198E-1 6.3379E-1 6.56491E-1 6.665E-1 6.59476E-1 6.80788E-1 6.8512E-1 6.9541E-1 7.06124E-1 7.20846E-1 7.43703E-1 7.51293E-1 7.53322E-1 7.64838E-1 7.67297E-1 7.71867E-1 7.73563E-1 7.7614E-1 7.79644E-1 7.8136E-1 7.81452E-1 7.72861E-1 7.60727E-1 7.58484E-1 7.6535E-1 7.70633E-1 7.75543E-1 7.7316E-1 7.72343E-1 7.69794E-1 7.58343E-1 7.62946E-1 7.64964E-1 7.55943E-1 7.57259E-1 7.60445E-1 7.65101E-1 7.65537E-1 7.57068E-1 7.57978E-1 7.58374E-1 7.56992E-1 7.54245E-1
5.75529E-1 5.59615E-1 5.64768E-1 5.73232E-1 5.6973E-1 5.74313E-1 5.7928E-1 5.73027E-1 5.61098E-1 5.66398E-1 5.75306E-1 5.82426E-1 6.03579E-1 5.99706E-1 6.01002E-1 6.14867E-1 6.25557E-1 6.19421E-1 6.28623E-1 6.43842E-1 6.60476E-1 6.64301E-1 6.60606E-1 6.76132E-1 6.84029E-1 7.00776E-1 7.186E-1 7.37094E-1 7.51348E-1 7.70574E-1 7.65754E-1 7.72421E-1 7.87892E-1 7.8572E-1 7.82743E-1 7.8232E-1 7.79511E-1 7.81679E-1 7.79954E-1 7.7556E-1 7.63451E-1 7.62957E-1 7.78266E-1 7.71497E-1 7.74989E-1 7.77768E-1 7.74583E-1 7.69048E-1 7.62849E-1 7.65978E-1 7.68453E-1 7.60127E-1 7.60452E-1 7.62915E-1 7.69698E-1 7.61816E-1 7.6468E-1 7.59801E-1 7.63056E-1 7.61489E-1 7.55797E-1
5.8687E-1 5.74735E-1 5.78275E-1 5.78221E-1 5.78656E-1 5.77123E-1 5.74612E-1 5.7729E-1 5.61215E-1 5.56274E-1 5.62606E-1 5.65939E-1 5.78795E-1 5.82468E-1 5.95032E-1 6.14192E-1 6.12607E-1 6.24929E-1 6.38365E-1 6.52908E-1 6.62575E-1 6.68241E-1 6.69297E-1 6.80622E-1 6.94039E-1 7.04333E-1 7.22205E-1 7.45668E-1 7.64613E-1 7.69495E-1 7.77373E-1 7.78559E-1 7.79485E-1 7.84978E-1 7.82765E-1 7.75887E-1 7.70393E-1 7.75085E-1 7.72071E-1 7.70667E-1 7.63455E-1 7.67513E-1 7.76934E-1 7.82158E-1 7.75915E-1 7.80807E-1 7.73683E-1 7.67405E-1 7.67428E-1 7.65652E-1 7.68034E-1 7.63707E-1 7.6683E-1 7.66254E-1 7.64322E-1 7.66273E-1 7.6853E-1 7.73264E-1 7.66258E-1 7.64715E-1 7.6092E-1
5.88858E-1 5.93006E-1 5.91938E-1 5.78601E-1 5.70997E-1 5.761E-1 5.80539E-1 5.73062E-1 5.63557E-1 5.52918E-1 5.5203E-1 5.53405E-1 5.60528E-1 5.73999E-1 5.876E-1 6.05687E-1 6.07E-1 6.22481E-1 6.43672E-1 6.6566E-1 6.73967E-1 6.74951E-1 6.77607E-1 6.87969E-1 7.01844E-1 7.17786E-1 7.30099E-1 7.47094E-1 7.66381E-1 7.74143E-1 7.74847E-1 7.71204E-1 7.69624E-1 7.68891E-1 7.71823E-1 7.5497E-1 7.64681E-1 7.64259E-1 7.66399E-1 7.66865E-1 7.63783E-1 7.70809E-1 7.7923E-1 7.83182E-1 7.77982E-1 7.87522E-1 7.7848E-1 7.74169E-1 7.72773E-1 7.68432E-1 7.65953E-1 7.72019E-1 7.69997E-1 7.69638E-1 7.67443E-1 7.76954E-1 7.88586E-1 7.70554E-1 7.67877E-1 7.73836E-1 7.673E-1
5.84005E-1 6.01246E-1 5.89235E-1 5.72566E-1 5.70403E-1 5.654E-1 5.71249E-1 5.65306E-1 5.66899E-1 5.53842E-1 5.48171E-1 5.49938E-1 5.56532E-1 5.75606E-1 5.88905E-1 5.98971E-1 6.02151E-1 6.23197E-1 6.48715E-1 6.69514E-1 6.88205E-1 6.87375E-1 6.93224E-1 7.0082E-1 7.19143E-1 7.25337E-1 7.3576E-1 7.46167E-1 7.58003E-1 7.74664E-1 7.65077E-1 7.63906E-1 7.59102E-1 7.54153E-1 7.45486E-1 7.45283E-1 7.53749E-1 7.54235E-1 7.64748E-1 7.66845E-1 7.75356E-1 7.82732E-1 7.85445E-1 7.86236E-1 7.9016E-1 7.9362E-1 7.85976E-1 7.80187E-1 7.78224E-1 7.70177E-1 7.69922E-1 7.73523E-1 7.69021E-1 7.69814E-1 7.74585E-1 7.80103E-1 7.77726E-1 7.75656E-1 7.71393E-1 7.76026E-1 7.72838E-1
5.74389E-1 5.7786E-1 5.82142E-1 5.76937E-1 5.75225E-1 5.72147E-1 5.75534E-1 5.72813E-1 5.72203E-1 5.70569E-1 5.61109E-1 5.6245E-1 5.77691E-1 5.88844E-1 5.98392E-1 5.94724E-1 5.98008E-1 6.2418E-1 6.6168E-1 6.77571E-1 6.83732E-1 6.9758E-1 7.06966E-1 7.15499E-1 7.24297E-1 7.24576E-1 7.29297E-1 7.38971E-1 7.53696E-1 7.55183E-1 7.59657E-1 7.55396E-1 7.49032E-1 7.4304E-1 7.37681E-1 7.38079E-1 7.44582E-1 7.54039E-1 7.61171E-1 7.77358E-1 7.80906E-1 7.81683E-1 7.83951E-1 7.85898E-1 7.93924E-1 7.98357E-1 7.92499E-1 7.86029E-1 7.81603E-1 7.73911E-1 7.8156E-1 7.75909E-1 7.78215E-1 7.77878E-1 7.82743E-1 7.81828E-1 7.82562E-1 7.75491E-1 7.76186E-1 7.80641E-1 7.72559E-1
5.69919E-1 5.78097E-1 5.83231E-1 5.88803E-1 5.96024E-1 5.90134E-1 5.83206E-1 5.86389E-1 5.86333E-1 5.8864E-1 5.84724E-1 5.8919E-1 6.06098E-1 6.06709E-1 6.06284E-1 5.99136E-1 6.03842E-1 6.26219E-1 6.65473E-1 6.83495E-1 6.92075E-1 7.04521E-1 7.16113E-1 7.22169E-1 7.24646E-1 7.35585E-1 7.32077E-1 7.40525E-1 7.49835E-1 7.55667E-1 7.54383E-1 7.52119E-1 7.47943E-1 7.49467E-1 7.39376E-1 7.46322E-1 7.47158E-1 7.53337E-1 7.65927E-1 7.745E-1 7.81007E-1 7.80352E-1 7.83273E-1 7.86982E-1 7.93501E-1 8.00719E-1 8.06496E-1 7.95786E-1 7.86478E-1 7.87328E-1 7.89447E-1 7.82898E-1 7.85966E-1 7.87923E-1 7.94104E-1 7.89632E-1 7.88068E-1 7.85481E-1 7.83061E-1 7.7758E-1 7.76312E-1
5.5876E-1 5.73569E-1 5.81061E-1 5.84771E-1 6.02304E-1 6.08118E-1 6.03838E-1 5.98062E-1 5.95316E-1 6.03606E-1 6.05491E-1 6.09861E-1 6.08451E-1 6.13144E-1 6.16603E-1 6.15761E-1 6.20738E-1 6.45317E-1 6.70894E-1 6.87161E-1 6.98132E-1 7.13849E-1 7.23887E-1 7.35903E-1 7.37308E-1 7.43073E-1 7.48321E-1 7.46421E-1 7.52561E-1 7.54265E-1 7.53274E-1 7.55929E-1 7.52378E-1 7.5616E-1 7.62872E-1 7.54593E-1 7.61404E-1 7.57956E-1 7.60589E-1 7.66104E-1 7.75235E-1 7.88733E-1 7.88826E-1 7.87143E-1 7.9647E-1 7.99582E-1 8.07834E-1 8.03785E-1 8.02861E-1 7.98585E-1 7.91637E-1 7.92941E-1 7.95596E-1 8.00048E-1 7.9803E-1 7.94057E-1 7.94513E-1 7.92483E-1 7.90953E-1 7.87946E-1 7.86196E-1
5.60906E-1 5.65859E-1 5.76995E-1 5.92785E-1 6.02459E-1 6.15584E-1 6.08147E-1 6.08502E-1 6.04237E-1 6.07214E-1 6.20152E-1 6.21099E-1 6.18913E-1 6.32467E-1 6.30961E-1 6.28399E-1 6.32478E-1 6.56944E-1 6.78588E-1 6.94242E-1 7.11131E-1 7.25967E-1 7.31085E-1 7.43998E-1 7.44444E-1 7.50567E-1 7.50753E-1 7.47341E-1 7.5466E-1 7.52096E-1 7.56601E-1 7.57421E-1 7.57135E-1 7.63264E-1 7.88644E-1 7.71204E-1 7.67663E-1 7.61201E-1 7.62628E-1 7.67223E-1 7.82016E-1 7.95759E-1 7.98347E-1 7.95486E-1 8.0262E-1 8.00889E-1 8.11275E-1 8.14205E-1 8.15102E-1 8.07701E-1 8.01075E-1 8.01697E-1 8.07089E-1 8.09261E-1 8.10231E-1 8.06197E-1 7.989E-1 8.0224E-1 8.03617E-1 8.01553E-1 8.02183E-1
