maxent_outputs/red_flowers_linear/red_76.asc
ncols         426
nrows         180
xllcorner     -130.0
yllcorner     24.0
cellsize      0.16666666666666666
NODATA_value  -9999
[rows 108 to 134 of 180, columns 244 to 304 of 426]
3.57698E-1 3.56151E-1 3.43037E-1 3.44947E-1 3.41463E-1 3.4292E-1 3.43705E-1 3.54928E-1 3.73321E-1 3.54013E-1 3.56873E-1 3.59925E-1 3.61607E-1 3.62894E-1 3.5954E-1 3.66046E-1 3.64912E-1 3.62901E-1 3.66247E-1 3.74502E-1 3.70465E-1 3.67705E-1 3.73059E-1 3.67498E-1 3.41188E-1 3.41702E-1 3.37848E-1 3.46045E-1 3.89097E-1 3.90997E-1 3.98973E-1 4.14153E-1 4.13656E-1 3.78773E-1 3.87294E-1 4.02658E-1 3.72485E-1 3.57248E-1 3.40605E-1 3.37965E-1 2.97574E-1 2.94931E-1 2.97098E-1 3.08446E-1 3.37343E-1 3.81803E-1 3.82898E-1 3.73943E-1 3.69244E-1 3.67465E-1 3.78051E-1 3.87058E-1 4.03083E-1 4.0508E-1 4.09573E-1 4.25832E-1 4.30253E-1 4.30276E-1 4.28876E-1 4.30298E-1 4.39382E-1
3.72572E-1 3.70852E-1 3.73696E-1 3.7113E-1 3.60622E-1 3.54031E-1 3.66944E-1 3.65527E-1 3.62128E-1 3.61751E-1 3.63388E-1 3.67907E-1 3.67352E-1 3.6648E-1 3.5619E-1 3.71538E-1 3.72135E-1 3.66454E-1 3.73774E-1 3.7336E-1 3.61553E-1 3.65696E-1 3.72768E-1 3.65186E-1 3.50168E-1 3.56026E-1 3.5967E-1 4.07075E-1 4.04328E-1 3.94473E-1 4.07564E-1 3.96616E-1 3.98365E-1 3.77432E-1 3.71542E-1 3.50168E-1 3.15952E-1 3.07671E-1 2.92135E-1 3.3668E-1 3.34892E-1 3.05837E-1 3.03244E-1 3.73269E-1 3.88031E-1 4.03217E-1 4.0351E-1 4.07712E-1 4.06727E-1 3.94786E-1 4.04776E-1 4.03613E-1 4.12441E-1 4.2786E-1 4.35225E-1 4.30714E-1 4.50091E-1 4.47277E-1 4.34925E-1 4.44087E-1 4.54937E-1
3.95167E-1 3.85551E-1 3.99408E-1 3.98522E-1 3.74926E-1 3.77498E-1 3.87616E-1 3.90212E-1 3.82714E-1 3.71338E-1 3.74867E-1 3.75294E-1 3.71428E-1 3.72063E-1 3.78233E-1 3.78548E-1 3.77311E-1 3.77088E-1 3.81087E-1 3.71036E-1 3.67637E-1 3.76381E-1 3.62574E-1 3.48296E-1 3.70495E-1 3.68191E-1 3.93978E-1 4.08074E-1 3.88983E-1 3.89427E-1 4.12939E-1 3.98653E-1 3.59899E-1 3.21032E-1 3.00828E-1 3.1179E-1 3.0577E-1 2.96431E-1 3.01021E-1 3.36753E-1 3.78182E-1 3.50237E-1 3.66696E-1 3.97509E-1 3.99894E-1 4.01895E-1 4.14038E-1 4.18828E-1 4.25198E-1 4.17634E-1 4.32167E-1 4.22504E-1 4.31637E-1 4.4012E-1 4.58563E-1 4.51054E-1 4.63118E-1 4.5456E-1 4.53517E-1 4.60605E-1 4.72084E-1
4.19E-1 4.19198E-1 4.0484E-1 4.03496E-1 3.96193E-1 3.97465E-1 4.06633E-1 4.04825E-1 3.98884E-1 3.8216E-1 3.83428E-1 3.84727E-1 3.85715E-1 3.88997E-1 3.91173E-1 3.94649E-1 3.97296E-1 3.92979E-1 3.94666E-1 3.88702E-1 3.77714E-1 3.63685E-1 3.57132E-1 3.77078E-1 3.80581E-1 4.06982E-1 4.22061E-1 4.12236E-1 4.02833E-1 4.01977E-1 3.91586E-1 3.44008E-1 3.37742E-1 3.39712E-1 3.50579E-1 3.4506E-1 3.41181E-1 2.99717E-1 2.98649E-1 3.17994E-1 3.71456E-1 3.66912E-1 3.93897E-1 4.15669E-1 4.21612E-1 4.20695E-1 4.34442E-1 4.4112E-1 4.46733E-1 4.42171E-1 4.51171E-1 4.55869E-1 4.61266E-1 4.5318E-1 4.62489E-1 4.81558E-1 4.76133E-1 4.65656E-1 4.76807E-1 4.82925E-1 4.88269E-1
4.21731E-1 4.18893E-1 4.19821E-1 4.08904E-1 4.15716E-1 4.18225E-1 4.28575E-1 4.04441E-1 3.93784E-1 3.9376E-1 3.89756E-1 3.91053E-1 3.94031E-1 3.98511E-1 4.02576E-1 4.06902E-1 4.05654E-1 4.04424E-1 4.10524E-1 4.01006E-1 3.93987E-1 3.82737E-1 3.78501E-1 3.93997E-1 3.94462E-1 4.35247E-1 4.20408E-1 4.20665E-1 4.14682E-1 3.93936E-1 3.55093E-1 3.29161E-1 3.34868E-1 3.30307E-1 3.25929E-1 3.58326E-1 3.4044E-1 3.23048E-1 3.11141E-1 3.59915E-1 3.82657E-1 4.06937E-1 4.39508E-1 4.3687E-1 4.38922E-1 4.45976E-1 4.54299E-1 4.59454E-1 4.68401E-1 4.80122E-1 4.86066E-1 4.88833E-1 4.74441E-1 4.75549E-1 4.8252E-1 4.92666E-1 4.98137E-1 4.88449E-1 4.86283E-1 4.98964E-1 5.05962E-1
4.16977E-1 4.12417E-1 4.19219E-1 4.14796E-1 4.35222E-1 4.27705E-1 4.39209E-1 4.15495E-1 4.09213E-1 4.04928E-1 4.02906E-1 4.00147E-1 4.02148E-1 4.18661E-1 4.15604E-1 4.13259E-1 4.11781E-1 4.10234E-1 4.05064E-1 4.02689E-1 4.04872E-1 4.11918E-1 4.17453E-1 4.14553E-1 4.56711E-1 4.41083E-1 4.20925E-1 4.21294E-1 4.06102E-1 3.7839E-1 3.73911E-1 3.92906E-1 3.78426E-1 3.49023E-1 3.21955E-1 3.55762E-1 3.31565E-1 3.30875E-1 4.02588E-1 4.0712E-1 4.2882E-1 4.52033E-1 4.55573E-1 4.58241E-1 4.57058E-1 4.558E-1 4.73637E-1 4.70566E-1 4.76844E-1 4.89831E-1 5.05773E-1 4.95698E-1 4.9335E-1 4.93157E-1 4.98077E-1 5.1187E-1 5.20399E-1 5.05623E-1 5.08867E-1 5.13776E-1 5.15726E-1
4.19652E-1 4.06403E-1 4.27938E-1 4.28441E-1 4.48574E-1 4.44409E-1 4.44029E-1 4.36259E-1 4.29973E-1 4.14385E-1 4.34497E-1 4.20022E-1 4.2332E-1 4.31723E-1 4.28042E-1 4.1889E-1 4.17389E-1 4.24456E-1 4.23747E-1 4.20427E-1 4.29693E-1 4.27527E-1 4.17744E-1 4.23417E-1 4.35945E-1 4.28572E-1 4.22382E-1 4.15022E-1 3.60395E-1 3.75648E-1 3.83223E-1 3.87218E-1 3.77618E-1 3.74827E-1 3.55338E-1 3.67945E-1 3.8047E-1 4.18966E-1 4.68291E-1 4.72751E-1 4.68225E-1 4.81141E-1 4.83412E-1 4.82156E-1 4.86348E-1 4.80431E-1 4.8724E-1 4.93299E-1 4.88767E-1 5.0141E-1 5.03359E-1 4.99032E-1 5.00429E-1 5.10839E-1 5.13697E-1 5.19073E-1 5.28849E-1 5.35793E-1 5.2738E-1 5.33023E-1 5.35189E-1
4.31273E-1 4.34725E-1 4.41905E-1 4.42205E-1 4.53402E-1 4.4392E-1 4.46171E-1 4.43869E-1 4.42026E-1 4.60396E-1 4.46403E-1 4.48928E-1 4.65759E-1 4.59123E-1 4.45564E-1 4.48673E-1 4.69704E-1 4.50803E-1 4.39011E-1 4.38895E-1 4.44259E-1 4.1007E-1 4.09188E-1 4.1377E-1 4.31064E-1 4.31572E-1 4.42455E-1 4.26023E-1 3.91615E-1 3.82609E-1 3.57198E-1 3.53424E-1 3.53626E-1 3.70262E-1 3.85899E-1 4.08387E-1 4.3569E-1 4.65652E-1 4.88943E-1 4.89412E-1 4.86696E-1 4.95474E-1 4.91732E-1 4.8892E-1 4.90542E-1 4.96752E-1 4.95814E-1 5.03971E-1 5.02916E-1 5.05826E-1 5.08208E-1 5.16897E-1 5.09781E-1 5.17532E-1 5.32338E-1 5.39073E-1 5.45057E-1 5.46261E-1 5.47831E-1 5.54069E-1 5.52437E-1
4.53211E-1 4.51873E-1 4.44454E-1 4.46591E-1 4.64116E-1 4.62406E-1 4.59863E-1 4.42425E-1 4.36788E-1 4.46483E-1 4.54336E-1 4.58282E-1 4.63241E-1 4.74123E-1 4.79477E-1 4.66547E-1 4.68848E-1 4.62169E-1 4.49902E-1 4.54917E-1 4.15833E-1 4.05914E-1 4.15699E-1 4.24555E-1 4.40026E-1 4.3654E-1 4.50495E-1 4.45285E-1 4.29381E-1 3.97485E-1 3.63334E-1 3.80817E-1 3.9864E-1 4.20064E-1 4.31715E-1 4.41517E-1 4.81603E-1 4.88556E-1 4.95323E-1 5.00074E-1 4.90991E-1 4.9392E-1 4.95823E-1 4.96828E-1 5.01545E-1 5.05508E-1 5.1077E-1 5.14063E-1 5.06453E-1 5.11954E-1 5.22447E-1 5.13314E-1 5.21006E-1 5.39081E-1 5.38925E-1 5.49153E-1 5.56302E-1 5.61227E-1 5.61389E-1 5.68893E-1 5.7411E-1
4.54811E-1 4.7431E-1 4.74231E-1 4.72177E-1 4.78408E-1 4.71666E-1 4.55728E-1 4.55737E-1 4.44187E-1 4.60424E-1 4.60112E-1 4.58241E-1 4.61083E-1 4.62258E-1 4.6867E-1 4.61349E-1 4.59957E-1 4.61657E-1 4.76531E-1 4.41267E-1 4.21903E-1 4.36143E-1 4.37581E-1 4.45408E-1 4.49409E-1 4.5352E-1 4.55545E-1 4.57224E-1 4.46236E-1 4.35186E-1 4.2045E-1 4.19958E-1 4.38868E-1 4.44471E-1 4.58305E-1 4.75153E-1 4.92092E-1 4.98295E-1 5.08197E-1 5.0557E-1 5.02688E-1 4.96906E-1 5.03532E-1 5.09095E-1 5.07162E-1 5.13665E-1 5.28035E-1 5.31127E-1 5.26356E-1 5.25182E-1 5.36935E-1 5.37018E-1 5.41985E-1 5.53884E-1 5.47805E-1 5.53297E-1 5.74651E-1 5.82485E-1 5.78233E-1 5.89552E-1 5.92292E-1
4.62207E-1 4.8421E-1 4.9122E-1 4.99129E-1 4.98873E-1 4.7808E-1 4.55977E-1 4.60472E-1 4.60075E-1 4.66469E-1 4.70468E-1 4.72789E-1 4.72614E-1 4.71177E-1 4.71476E-1 4.66269E-1 4.58499E-1 4.67334E-1 4.62666E-1 4.5094E-1 4.56686E-1 4.65721E-1 4.88513E-1 4.70417E-1 4.61639E-1 4.62805E-1 4.60656E-1 4.57319E-1 4.59073E-1 4.57355E-1 4.54499E-1 4.60486E-1 4.7647E-1 4.67491E-1 4.82342E-1 4.95139E-1 4.99164E-1 4.9891E-1 5.04914E-1 5.14544E-1 5.12359E-1 5.07845E-1 5.10403E-1 5.14796E-1 5.14135E-1 5.2227E-1 5.32831E-1 5.38426E-1 5.45627E-1 5.36339E-1 5.38978E-1 5.57296E-1 5.65579E-1 5.60566E-1 5.66302E-1 5.7654E-1 5.87918E-1 5.96779E-1 6.05484E-1 6.13204E-1 6.15469E-1
4.84657E-1 4.99542E-1 4.91889E-1 5.00114E-1 5.02268E-1 4.89786E-1 4.6353E-1 4.63562E-1 4.61406E-1 4.76605E-1 4.78711E-1 4.80239E-1 4.76737E-1 4.78361E-1 4.76273E-1 4.74591E-1 4.77255E-1 4.74527E-1 4.72718E-1 4.87133E-1 4.92649E-1 4.95769E-1 4.91892E-1 4.79025E-1 4.77849E-1 4.74567E-1 4.72472E-1 4.81608E-1 4.93476E-1 4.86165E-1 4.85395E-1 4.77168E-1 4.712E-1 4.85254E-1 4.91449E-1 4.96892E-1 5.03047E-1 5.15512E-1 5.189E-1 5.17313E-1 5.18904E-1 5.14383E-1 5.16978E-1 5.15388E-1 5.22266E-1 5.31048E-1 5.43777E-1 5.69572E-1 5.74144E-1 5.66636E-1 5.65182E-1 5.67159E-1 5.74439E-1 5.70056E-1 5.85357E-1 5.86996E-1 6.01302E-1 6.10168E-1 6.20227E-1 6.32223E-1 6.31645E-1
4.94996E-1 5.07654E-1 5.01775E-1 5.05332E-1 5.09527E-1 4.92684E-1 4.70003E-1 4.62675E-1 4.66332E-1 4.84397E-1 4.80753E-1 4.87972E-1 4.88477E-1 4.84353E-1 4.81469E-1 4.82051E-1 4.87178E-1 4.83198E-1 4.92047E-1 5.12158E-1 5.06194E-1 4.93082E-1 4.87987E-1 4.80322E-1 4.81979E-1 4.73724E-1 4.75064E-1 4.77423E-1 5.03414E-1 5.26461E-1 5.19614E-1 5.06866E-1 4.82759E-1 4.8509E-1 4.92244E-1 5.12187E-1 5.11522E-1 5.16011E-1 5.22708E-1 5.21921E-1 5.26952E-1 5.32865E-1 5.23592E-1 5.28431E-1 5.34344E-1 5.35761E-1 5.42102E-1 5.50945E-1 5.70614E-1 5.83624E-1 5.87945E-1 5.83913E-1 5.83767E-1 5.9924E-1 5.96992E-1 6.00412E-1 6.20346E-1 6.32396E-1 6.3628E-1 6.51295E-1 6.57998E-1
5.06916E-1 5.05061E-1 5.10843E-1 5.17639E-1 5.12633E-1 5.10941E-1 4.85465E-1 4.79457E-1 4.75336E-1 4.84317E-1 4.75949E-1 4.86616E-1 4.97673E-1 4.9732E-1 4.98062E-1 4.99292E-1 4.80516E-1 5.01042E-1 5.08397E-1 5.11988E-1 5.17087E-1 5.00065E-1 4.85925E-1 4.78131E-1 4.76788E-1 4.76478E-1 4.83501E-1 4.88984E-1 5.10732E-1 5.46826E-1 5.35707E-1 5.11098E-1 4.93326E-1 4.96692E-1 5.03049E-1 5.14346E-1 5.2452E-1 5.25104E-1 5.26754E-1 5.21008E-1 5.23134E-1 5.38598E-1 5.64127E-1 5.38803E-1 5.3864E-1 5.47085E-1 5.59734E-1 5.72618E-1 5.84134E-1 5.94189E-1 5.98809E-1 6.06647E-1 6.10319E-1 6.09087E-1 6.12797E-1 6.19682E-1 6.32459E-1 6.49996E-1 6.59233E-1 6.66842E-1 6.8539E-1
5.0488E-1 5.06322E-1 5.17488E-1 5.21714E-1 5.28387E-1 5.43428E-1 4.90392E-1 4.85189E-1 4.83119E-1 4.85225E-1 4.92361E-1 4.8197E-1 4.97265E-1 4.98898E-1 5.24349E-1 5.46234E-1 5.10715E-1 5.11515E-1 5.30179E-1 5.27487E-1 5.20622E-1 5.11316E-1 4.97391E-1 4.87846E-1 4.83627E-1 4.94008E-1 4.9111E-1 4.92958E-1 4.9409E-1 5.26651E-1 5.14484E-1 5.05319E-1 5.14865E-1 5.10216E-1 5.20786E-1 5.32314E-1 5.47989E-1 5.34752E-1 5.39006E-1 5.3428E-1 5.39488E-1 5.42049E-1 5.49479E-1 5.67964E-1 5.61111E-1 5.67365E-1 5.78693E-1 5.90785E-1 6.01074E-1 6.12925E-1 6.15861E-1 6.22792E-1 6.32406E-1 6.64514E-1 6.55768E-1 6.50473E-1 6.57733E-1 6.68697E-1 6.81009E-1 6.92611E-1 7.16682E-1
5.0031E-1 4.97686E-1 5.19582E-1 5.27348E-1 5.27466E-1 5.35729E-1 5.01847E-1 5.0031E-1 5.02243E-1 4.92775E-1 5.14057E-1 4.92645E-1 5.00941E-1 5.16434E-1 5.51696E-1 5.64417E-1 5.23545E-1 5.34263E-1 5.30876E-1 5.2326E-1 5.04223E-1 4.94194E-1 5.05851E-1 5.01028E-1 4.9388E-1 5.04034E-1 5.09201E-1 5.09408E-1 5.0769E-1 5.06359E-1 5.11834E-1 5.22407E-1 5.33855E-1 5.28957E-1 5.38145E-1 5.45201E-1 5.63759E-1 5.49289E-1 5.47732E-1 5.42535E-1 5.46026E-1 5.51782E-1 5.57477E-1 5.92925E-1 5.90926E-1 5.81787E-1 5.95231E-1 6.06706E-1 6.17228E-1 6.27252E-1 6.2982E-1 6.37057E-1 6.40865E-1 6.63691E-1 7.35908E-1 7.2162E-1 6.86477E-1 6.93848E-1 7.0188E-1 7.29734E-1 7.66625E-1
4.9681E-1 5.0167E-1 5.14615E-1 5.29463E-1 5.40535E-1 5.43235E-1 5.35466E-1 5.13642E-1 5.09997E-1 5.20542E-1 5.69076E-1 5.43212E-1 5.21639E-1 5.34029E-1 5.4061E-1 5.49864E-1 5.49067E-1 5.50588E-1 5.49913E-1 5.18934E-1 5.07141E-1 5.12269E-1 5.21088E-1 5.11848E-1 5.13974E-1 5.27191E-1 5.24283E-1 5.18865E-1 5.18369E-1 5.20237E-1 5.27678E-1 5.34828E-1 5.44519E-1 5.53708E-1 5.56074E-1 5.64282E-1 5.70922E-1 5.62413E-1 5.6315E-1 5.65182E-1 5.64056E-1 5.74339E-1 5.77835E-1 5.84415E-1 5.93641E-1 5.99726E-1 6.07401E-1 6.28031E-1 6.37417E-1 6.42464E-1 6.50009E-1 6.53617E-1 6.62474E-1 6.68118E-1 6.76526E-1 7.70752E-1 7.18491E-1 7.34525E-1 7.50173E-1 7.76931E-1 8.1009E-1
5.03074E-1 5.18475E-1 5.20602E-1 5.28338E-1 5.47862E-1 5.61898E-1 5.60744E-1 5.40995E-1 5.26901E-1 5.452E-1 5.6453E-1 5.42644E-1 5.41383E-1 5.50327E-1 5.53665E-1 5.592E-1 5.61836E-1 5.59404E-1 5.50013E-1 5.43437E-1 5.46045E-1 5.36871E-1 5.38797E-1 5.35605E-1 5.47434E-1 5.68893E-1 5.38284E-1 5.28957E-1 5.33163E-1 5.34881E-1 5.40273E-1 5.51315E-1 5.66096E-1 5.76405E-1 5.65895E-1 5.76355E-1 5.84363E-1 5.76666E-1 5.84487E-1 5.87478E-1 5.92971E-1 5.98482E-1 5.96051E-1 6.04019E-1 6.09032E-1 6.24401E-1 6.33473E-1 6.45819E-1 6.58542E-1 6.61225E-1 6.68697E-1 6.76578E-1 6.83471E-1 6.90083E-1 7.02375E-1 7.10024E-1 7.36245E-1 7.50936E-1 7.8519E-1 8.13023E-1 8.08419E-1
5.18012E-1 5.27716E-1 5.37916E-1 5.31294E-1 5.45521E-1 5.63893E-1 5.68579E-1 5.62834E-1 5.59067E-1 5.72725E-1 5.45932E-1 5.49157E-1 5.60678E-1 5.5753E-1 5.6253E-1 5.61977E-1 5.71634E-1 5.73915E-1 5.75126E-1 5.7353E-1 5.81428E-1 5.71533E-1 5.57181E-1 5.49276E-1 5.60344E-1 5.55715E-1 5.46443E-1 5.37764E-1 5.45939E-1 5.51206E-1 5.5998E-1 5.63471E-1 5.72783E-1 6.04254E-1 5.98686E-1 5.88548E-1 6.00304E-1 6.10924E-1 6.06117E-1 6.06178E-1 6.08802E-1 6.14356E-1 6.13561E-1 6.27005E-1 6.21556E-1 6.39561E-1 6.54133E-1 6.6538E-1 6.79018E-1 6.82766E-1 6.92694E-1 6.95669E-1 7.03502E-1 7.2121E-1 7.3585E-1 7.46483E-1 7.64589E-1 7.89968E-1 8.22761E-1 -9999 -9999
5.55826E-1 5.6562E-1 5.48861E-1 5.55863E-1 5.63004E-1 5.70013E-1 5.83485E-1 5.89122E-1 5.97478E-1 5.86449E-1 5.68029E-1 5.57343E-1 5.78571E-1 5.71316E-1 5.80986E-1 5.79816E-1 5.83957E-1 5.93053E-1 6.01901E-1 5.92923E-1 6.17033E-1 5.91321E-1 5.70923E-1 5.67463E-1 5.7287E-1 5.71883E-1 5.66149E-1 5.59095E-1 5.59328E-1 5.75974E-1 5.84249E-1 5.82761E-1 5.83819E-1 6.17644E-1 6.14102E-1 6.04296E-1 6.14757E-1 6.20905E-1 6.20944E-1 6.19405E-1 6.22616E-1 6.26193E-1 6.32697E-1 6.47084E-1 6.49705E-1 6.57449E-1 6.73572E-1 6.92277E-1 6.8955E-1 6.92161E-1 7.07512E-1 7.21179E-1 7.35902E-1 7.53261E-1 7.55281E-1 7.65384E-1 7.97655E-1 8.12626E-1 -9999 -9999 -9999
5.54361E-1 5.57913E-1 5.6511E-1 5.76787E-1 5.82894E-1 5.86458E-1 5.8903E-1 5.92241E-1 6.04201E-1 6.19084E-1 6.24845E-1 6.01482E-1 5.97242E-1 5.89564E-1 5.92504E-1 5.96414E-1 6.02534E-1 6.18987E-1 6.3202E-1 6.1629E-1 6.12313E-1 6.14619E-1 6.07369E-1 6.04084E-1 5.89992E-1 6.03841E-1 6.15924E-1 6.0196E-1 5.88067E-1 5.8579E-1 5.99016E-1 6.0829E-1 6.07364E-1 6.31832E-1 6.24511E-1 5.9881E-1 6.21026E-1 6.2791E-1 6.3476E-1 6.33483E-1 6.33043E-1 6.41342E-1 6.46443E-1 6.55435E-1 6.68382E-1 6.80491E-1 6.88787E-1 7.01313E-1 7.06087E-1 7.05402E-1 7.29558E-1 7.52008E-1 7.71336E-1 7.82767E-1 7.97028E-1 7.89528E-1 8.12711E-1 -9999 -9999 -9999 -9999
5.67267E-1 5.77877E-1 5.82626E-1 6.08587E-1 5.92494E-1 5.93805E-1 5.89189E-1 5.99536E-1 6.03437E-1 6.08529E-1 6.10994E-1 6.21654E-1 6.28095E-1 6.36546E-1 6.33488E-1 6.24099E-1 6.34944E-1 6.58663E-1 6.92738E-1 6.47426E-1 6.45012E-1 6.42696E-1 6.34641E-1 6.20447E-1 6.11671E-1 6.26248E-1 6.42592E-1 6.23132E-1 5.97952E-1 5.97767E-1 6.0829E-1 6.28901E-1 6.32111E-1 6.31247E-1 6.25998E-1 6.28671E-1 6.37033E-1 6.36129E-1 6.39473E-1 6.44625E-1 6.45462E-1 6.54845E-1 6.64043E-1 6.73444E-1 6.85345E-1 6.94808E-1 6.91954E-1 7.03232E-1 7.19225E-1 7.4295E-1 7.54604E-1 7.79391E-1 7.83403E-1 8.10755E-1 8.09731E-1 -9999 -9999 -9999 -9999 -9999 -9999
5.83376E-1 5.92681E-1 5.95864E-1 5.99252E-1 5.91896E-1 5.99234E-1 6.04601E-1 6.18204E-1 6.26618E-1 6.18627E-1 6.13617E-1 6.22141E-1 6.37533E-1 6.39289E-1 6.33051E-1 6.39273E-1 6.43353E-1 6.61469E-1 6.68261E-1 6.56302E-1 6.48903E-1 6.4556E-1 6.39147E-1 6.35204E-1 6.30347E-1 6.28315E-1 6.34114E-1 6.02958E-1 5.93429E-1 6.08094E-1 6.30907E-1 6.53263E-1 6.60447E-1 6.47914E-1 6.49286E-1 6.5276E-1 6.44457E-1 6.42951E-1 6.42884E-1 6.56535E-1 6.60947E-1 6.69624E-1 6.79231E-1 6.85097E-1 6.96968E-1 6.95415E-1 7.06121E-1 7.19385E-1 7.33333E-1 7.61971E-1 7.73357E-1 7.91719E-1 8.09024E-1 8.23321E-1 -9999 -9999 -9999 -9999 -9999 -9999 -9999
5.99791E-1 6.06899E-1 6.16601E-1 6.22815E-1 6.08456E-1 6.0769E-1 6.24608E-1 6.43925E-1 6.32005E-1 6.29744E-1 6.35536E-1 6.47337E-1 6.62687E-1 6.4534E-1 6.44086E-1 6.41014E-1 6.55235E-1 6.44667E-1 6.39076E-1 6.27644E-1 6.2894E-1 6.32194E-1 6.3223E-1 6.41146E-1 6.47894E-1 6.52294E-1 6.27271E-1 6.1586E-1 6.22518E-1 6.24947E-1 6.58433E-1 6.60077E-1 6.72158E-1 6.66833E-1 6.56302E-1 6.58843E-1 6.52505E-1 6.54212E-1 6.61604E-1 6.6721E-1 6.72771E-1 6.74526E-1 6.83548E-1 6.95405E-1 7.11099E-1 7.18578E-1 7.25027E-1 7.43215E-1 7.6393E-1 7.71589E-1 7.94894E-1 8.04082E-1 -9999 -9999 -9999 -9999 -9999 -9999 -9999 -9999 -9999
6.23669E-1 6.2328E-1 6.24228E-1 6.33959E-1 6.33598E-1 6.32345E-1 6.3636E-1 6.44039E-1 6.40325E-1 6.48337E-1 6.5734E-1 6.65039E-1 6.51522E-1 6.5201E-1 6.57363E-1 6.47876E-1 6.45203E-1 6.3763E-1 6.36631E-1 6.37352E-1 6.39743E-1 6.38735E-1 6.44555E-1 6.4047E-1 6.54538E-1 6.45818E-1 6.29887E-1 6.2764E-1 6.5097E-1 6.68629E-1 6.76052E-1 6.81552E-1 6.81407E-1 6.71947E-1 6.63089E-1 6.62381E-1 6.70373E-1 6.66954E-1 6.70688E-1 6.82767E-1 6.93439E-1 6.89888E-1 7.01245E-1 7.12143E-1 7.15283E-1 7.2859E-1 7.5364E-1 7.69344E-1 7.89237E-1 7.98854E-1 8.15914E-1 -9999 -9999 -9999 -9999 -9999 -9999 -9999 -9999 -9999 -9999
6.4557E-1 6.57356E-1 6.41441E-1 6.43561E-1 6.4575E-1 6.41866E-1 6.51807E-1 6.59641E-1 6.54141E-1 6.57298E-1 6.73932E-1 6.79697E-1 6.68191E-1 6.62954E-1 6.66243E-1 6.66168E-1 6.65595E-1 6.617E-1 6.55973E-1 6.49419E-1 6.46161E-1 6.59042E-1 6.56319E-1 6.56059E-1 6.59514E-1 6.64088E-1 6.48797E-1 6.67028E-1 6.78885E-1 6.81261E-1 6.85494E-1 6.89435E-1 6.83245E-1 6.69373E-1 6.82175E-1 6.77336E-1 6.80492E-1 6.80926E-1 6.8854E-1 6.91435E-1 6.95957E-1 7.04179E-1 6.95845E-1 7.11742E-1 7.48282E-1 7.43928E-1 7.57554E-1 7.93752E-1 8.05734E-1 8.12599E-1 -9999 -9999 -9999 -9999 -9999 -9999 -9999 -9999 -9999 -9999 -9999
6.69711E-1 6.6715E-1 6.54958E-1 6.53649E-1 6.6819E-1 6.63799E-1 6.69373E-1 6.84665E-1 6.78485E-1 6.77214E-1 6.99479E-1 6.86329E-1 6.81049E-1 6.79144E-1 6.86714E-1 6.87424E-1 6.8261E-1 6.75368E-1 6.6782E-1 6.60055E-1 6.60152E-1 6.59941E-1 6.60867E-1 6.62196E-1 6.60597E-1 6.70818E-1 6.76286E-1 6.8823E-1 6.91692E-1 6.89327E-1 6.97943E-1 7.00242E-1 6.88612E-1 6.83032E-1 6.87966E-1 6.86899E-1 6.89336E-1 6.87606E-1 6.99819E-1 7.06919E-1 7.10351E-1 7.23837E-1 7.25935E-1 7.35678E-1 7.49366E-1 7.73185E-1 7.73519E-1 8.06427E-1 8.25855E-1 8.28021E-1 -9999 -9999 -9999 -9999 -9999 -9999 -9999 -9999 -9999 -9999 -9999
