maxent_outputs/red_flowers_linear/red_280.asc
ncols         426
nrows         180
xllcorner     -130.0
yllcorner     24.0
cellsize      0.16666666666666666
NODATA_value  -9999
[rows 108 to 134 of 180, columns 244 to 304 of 426]
4.50728E-1 4.57027E-1 4.4278E-1 4.44352E-1 4.60348E-1 4.71006E-1 4.59137E-1 4.44192E-1 4.44116E-1 4.31312E-1 4.36426E-1 4.49006E-1 4.59946E-1 4.56242E-1 4.39068E-1 4.48083E-1 4.63712E-1 4.84583E-1 5.08899E-1 5.38452E-1 5.27229E-1 5.00651E-1 5.06375E-1 5.20391E-1 5.43753E-1 5.49563E-1 5.37265E-1 5.2372E-1 4.92977E-1 4.56332E-1 4.32771E-1 4.30105E-1 4.20494E-1 3.91145E-1 3.80292E-1 3.781E-1 3.64438E-1 3.58603E-1 3.71661E-1 3.80403E-1 4.48499E-1 4.84273E-1 5.2198E-1 5.1918E-1 5.39511E-1 5.66733E-1 5.67323E-1 5.77951E-1 5.64383E-1 5.37423E-1 5.14572E-1 4.93424E-1 4.92148E-1 5.01848E-1 5.18458E-1 5.1428E-1 5.07739E-1 5.11326E-1 5.1E-1 5.14614E-1 5.16906E-1
4.52612E-1 4.60619E-1 4.76877E-1 4.7587E-1 4.66226E-1 4.58108E-1 4.73059E-1 4.57191E-1 4.51671E-1 4.4277E-1 4.47196E-1 4.53406E-1 4.76441E-1 4.93564E-1 4.78005E-1 4.97588E-1 5.16736E-1 5.22463E-1 5.50427E-1 5.59146E-1 5.37246E-1 5.08715E-1 5.28629E-1 5.477E-1 5.60737E-1 5.5354E-1 5.52431E-1 5.36093E-1 5.12041E-1 4.75741E-1 4.61613E-1 4.44159E-1 4.37395E-1 4.29332E-1 4.24413E-1 4.32107E-1 5.17347E-1 4.43963E-1 4.68647E-1 4.10922E-1 4.07645E-1 5.86613E-1 6.40166E-1 5.94498E-1 6.04976E-1 6.12164E-1 6.2358E-1 6.03954E-1 5.78307E-1 5.46964E-1 5.38577E-1 5.16474E-1 5.11629E-1 5.34264E-1 5.59451E-1 5.41528E-1 5.2535E-1 5.28904E-1 5.1955E-1 5.35666E-1 5.31799E-1
4.64653E-1 4.77508E-1 4.9294E-1 4.76658E-1 4.59911E-1 4.63141E-1 4.83581E-1 4.77941E-1 4.77605E-1 4.70217E-1 4.83857E-1 4.88522E-1 5.03173E-1 5.12314E-1 5.07503E-1 5.11576E-1 5.24479E-1 5.51385E-1 5.77224E-1 5.88463E-1 5.55125E-1 5.54321E-1 5.8694E-1 5.75981E-1 5.52485E-1 5.64819E-1 5.35172E-1 5.32887E-1 5.22678E-1 5.05604E-1 4.94836E-1 4.8281E-1 5.0581E-1 5.42901E-1 6.03613E-1 6.77607E-1 6.35487E-1 5.8125E-1 4.84924E-1 5.09853E-1 5.12363E-1 6.08263E-1 6.43455E-1 6.48314E-1 6.57821E-1 6.7133E-1 6.39865E-1 5.94927E-1 5.66737E-1 5.5947E-1 5.57087E-1 5.41626E-1 5.509E-1 5.5826E-1 5.68972E-1 5.55201E-1 5.53799E-1 5.3746E-1 5.3555E-1 5.35532E-1 5.39941E-1
4.81274E-1 4.84427E-1 5.03307E-1 4.87395E-1 4.69781E-1 4.80462E-1 4.94493E-1 5.1138E-1 5.10867E-1 5.14703E-1 5.19629E-1 5.26603E-1 5.46184E-1 5.31704E-1 5.16151E-1 5.11082E-1 5.23591E-1 5.39959E-1 5.63101E-1 5.84653E-1 6.07066E-1 6.34083E-1 6.12183E-1 5.88316E-1 5.79705E-1 5.43946E-1 5.41716E-1 5.49326E-1 5.43446E-1 5.23986E-1 5.07456E-1 5.52958E-1 5.54427E-1 5.52787E-1 5.60707E-1 5.91174E-1 5.89243E-1 7.39032E-1 7.47125E-1 7.44867E-1 6.47353E-1 6.88398E-1 7.04944E-1 6.62602E-1 6.47552E-1 6.35165E-1 6.04072E-1 5.90007E-1 5.65934E-1 5.53217E-1 5.56948E-1 5.57247E-1 5.57293E-1 5.6009E-1 5.70631E-1 5.75028E-1 5.64217E-1 5.47423E-1 5.48469E-1 5.48513E-1 5.51222E-1
5.02976E-1 4.96282E-1 5.06348E-1 4.86486E-1 4.76988E-1 4.99029E-1 5.15883E-1 5.20554E-1 5.25027E-1 5.39773E-1 5.42458E-1 5.49417E-1 5.54274E-1 5.4121E-1 5.33238E-1 5.17915E-1 5.2586E-1 5.40944E-1 5.60788E-1 5.79593E-1 6.11359E-1 6.47652E-1 6.19809E-1 5.93057E-1 5.84801E-1 5.5079E-1 5.56642E-1 5.54536E-1 5.60191E-1 5.41592E-1 5.29213E-1 6.0207E-1 6.18079E-1 6.46938E-1 7.02926E-1 6.61468E-1 7.43082E-1 8.05329E-1 8.93377E-1 8.36801E-1 8.04218E-1 7.68273E-1 7.26996E-1 6.62332E-1 6.42777E-1 6.24985E-1 6.016E-1 5.88953E-1 5.70263E-1 5.69045E-1 5.70674E-1 5.78095E-1 5.56715E-1 5.6071E-1 5.60707E-1 5.51134E-1 5.51841E-1 5.56608E-1 5.52984E-1 5.57874E-1 5.59395E-1
5.17721E-1 5.18993E-1 5.25918E-1 5.02477E-1 5.00519E-1 5.11178E-1 5.32509E-1 5.36096E-1 5.45998E-1 5.44476E-1 5.45892E-1 5.49604E-1 5.52696E-1 5.61045E-1 5.42148E-1 5.30439E-1 5.28154E-1 5.42178E-1 5.64149E-1 6.04863E-1 6.21058E-1 6.23861E-1 5.84824E-1 6.03166E-1 5.69514E-1 5.68598E-1 5.7227E-1 5.71851E-1 5.90369E-1 5.63129E-1 5.51613E-1 5.44261E-1 5.82682E-1 6.89826E-1 8.05134E-1 7.8954E-1 8.97225E-1 9.20688E-1 8.92194E-1 8.96556E-1 8.28742E-1 7.76199E-1 7.09341E-1 6.66044E-1 6.44829E-1 6.19941E-1 5.98507E-1 5.80195E-1 5.86451E-1 5.88644E-1 5.83918E-1 5.78388E-1 5.71447E-1 5.6053E-1 5.44183E-1 5.32051E-1 5.33712E-1 5.4121E-1 5.41192E-1 5.53756E-1 5.64077E-1
5.59502E-1 5.42323E-1 5.41761E-1 5.31004E-1 5.30034E-1 5.33164E-1 5.48779E-1 5.51393E-1 5.53776E-1 5.39447E-1 5.53214E-1 5.55972E-1 5.65335E-1 5.59786E-1 5.64877E-1 5.50948E-1 5.48758E-1 5.58646E-1 5.89857E-1 6.11378E-1 6.11975E-1 6.0039E-1 6.1333E-1 6.01077E-1 5.6915E-1 5.83301E-1 5.89713E-1 6.05633E-1 6.48631E-1 6.00927E-1 5.872E-1 5.9863E-1 6.33459E-1 7.38151E-1 8.10048E-1 8.58296E-1 8.87848E-1 8.60351E-1 8.11586E-1 8.09225E-1 7.88364E-1 7.63065E-1 7.04799E-1 6.65322E-1 6.46685E-1 6.15837E-1 5.95047E-1 5.88443E-1 5.97102E-1 6.04425E-1 6.02301E-1 5.91918E-1 5.83363E-1 5.79267E-1 5.52826E-1 5.3723E-1 5.36882E-1 5.41057E-1 5.47256E-1 5.58005E-1 5.66557E-1
5.74163E-1 5.59E-1 5.61384E-1 5.59774E-1 5.62983E-1 5.55388E-1 5.62206E-1 5.60481E-1 5.61311E-1 5.6552E-1 5.54953E-1 5.64972E-1 5.82611E-1 5.84443E-1 5.73893E-1 5.83618E-1 5.85578E-1 5.71755E-1 5.88839E-1 5.93239E-1 5.94207E-1 6.06281E-1 5.96515E-1 6.01846E-1 5.86233E-1 6.00252E-1 6.03077E-1 6.14988E-1 6.64301E-1 6.74839E-1 6.65804E-1 6.94556E-1 7.23077E-1 7.8226E-1 8.15037E-1 8.62739E-1 8.44926E-1 8.10671E-1 7.91901E-1 7.71538E-1 7.57768E-1 7.26034E-1 6.92394E-1 6.52043E-1 6.31346E-1 6.0746E-1 5.94878E-1 5.9616E-1 6.11711E-1 6.10517E-1 6.01341E-1 6.07062E-1 6.0383E-1 6.00835E-1 5.79873E-1 5.6088E-1 5.51742E-1 5.51057E-1 5.54329E-1 5.60099E-1 5.7187E-1
5.8086E-1 5.7234E-1 5.68468E-1 5.68595E-1 5.75566E-1 5.80179E-1 5.85086E-1 5.81072E-1 5.79094E-1 5.77635E-1 5.76639E-1 5.89988E-1 6.01588E-1 5.97572E-1 5.99234E-1 5.74314E-1 5.74203E-1 5.68794E-1 5.78013E-1 5.89573E-1 5.88649E-1 5.87575E-1 5.98299E-1 5.88517E-1 5.81778E-1 5.95119E-1 5.82412E-1 6.01501E-1 6.66653E-1 6.96261E-1 7.1008E-1 7.37174E-1 7.64964E-1 7.9308E-1 8.15226E-1 8.28381E-1 7.93584E-1 7.95224E-1 7.60686E-1 7.38061E-1 7.17291E-1 7.01822E-1 6.74307E-1 6.54277E-1 6.28822E-1 6.1244E-1 5.95606E-1 5.96285E-1 6.07738E-1 6.06654E-1 5.97508E-1 6.10113E-1 6.30025E-1 6.13019E-1 5.98463E-1 5.84449E-1 5.77536E-1 5.71374E-1 5.70719E-1 5.84467E-1 5.79343E-1
5.69194E-1 5.73178E-1 5.74417E-1 5.74341E-1 5.91549E-1 6.00477E-1 6.03431E-1 5.99577E-1 5.85649E-1 5.86308E-1 5.97371E-1 6.09464E-1 6.12355E-1 6.02867E-1 5.9522E-1 5.91412E-1 5.73957E-1 5.53223E-1 5.57897E-1 5.4974E-1 5.52942E-1 5.72319E-1 5.7789E-1 5.67834E-1 5.82084E-1 5.79248E-1 5.71884E-1 5.78891E-1 6.56362E-1 6.92917E-1 7.18337E-1 7.43466E-1 7.58871E-1 7.86829E-1 7.83308E-1 7.52437E-1 7.40427E-1 7.4451E-1 7.51684E-1 7.2767E-1 6.98103E-1 6.76438E-1 6.59966E-1 6.51251E-1 6.50164E-1 6.2975E-1 6.08483E-1 6.00859E-1 6.04867E-1 6.09591E-1 6.0585E-1 6.10584E-1 6.26007E-1 6.16401E-1 6.08167E-1 5.97208E-1 5.97517E-1 5.91157E-1 5.92102E-1 6.00335E-1 5.9447E-1
5.54058E-1 5.67448E-1 5.81291E-1 5.80565E-1 6.09515E-1 6.18553E-1 6.1668E-1 6.03969E-1 5.93834E-1 5.98414E-1 6.19016E-1 6.23143E-1 6.24536E-1 6.24764E-1 6.15776E-1 6.05354E-1 5.79115E-1 5.45665E-1 5.30389E-1 5.23805E-1 5.39559E-1 5.74281E-1 5.87235E-1 5.8581E-1 5.93006E-1 5.89336E-1 5.73819E-1 5.92449E-1 6.59115E-1 6.91001E-1 7.07327E-1 7.43066E-1 7.65943E-1 7.66183E-1 7.34578E-1 7.21139E-1 6.94605E-1 6.82574E-1 6.88187E-1 7.02533E-1 6.84481E-1 6.71553E-1 6.62227E-1 6.6607E-1 6.66124E-1 6.54374E-1 6.25986E-1 6.1314E-1 6.1389E-1 6.20876E-1 6.19713E-1 6.10345E-1 6.10449E-1 6.18207E-1 6.14401E-1 6.12932E-1 6.05224E-1 5.98995E-1 5.92907E-1 6.14197E-1 6.11423E-1
5.48731E-1 5.65485E-1 5.79792E-1 5.77847E-1 5.99837E-1 6.12379E-1 6.23294E-1 6.08117E-1 5.95936E-1 6.04983E-1 6.17149E-1 6.19628E-1 6.22251E-1 6.34759E-1 6.16311E-1 6.07585E-1 5.86728E-1 5.46718E-1 5.23966E-1 5.33368E-1 5.51596E-1 5.74625E-1 5.90844E-1 5.87027E-1 5.89863E-1 5.93517E-1 5.94485E-1 6.11189E-1 6.6528E-1 6.97084E-1 7.30908E-1 7.40727E-1 7.54145E-1 7.19467E-1 7.00692E-1 6.9777E-1 6.87718E-1 6.60151E-1 6.59125E-1 6.68836E-1 6.71884E-1 6.80261E-1 6.63311E-1 6.55622E-1 6.44381E-1 6.5254E-1 6.43584E-1 6.45375E-1 6.45503E-1 6.35414E-1 6.31925E-1 6.21231E-1 6.16974E-1 6.23458E-1 6.20116E-1 5.96801E-1 5.87214E-1 5.78747E-1 5.9543E-1 6.20385E-1 6.18894E-1
5.54906E-1 5.69531E-1 5.83855E-1 5.86559E-1 5.94009E-1 6.11614E-1 6.23693E-1 6.13952E-1 6.04069E-1 6.12861E-1 6.21592E-1 6.27068E-1 6.21036E-1 6.15857E-1 6.1666E-1 6.11782E-1 6.00023E-1 5.82515E-1 5.49505E-1 5.48469E-1 5.61967E-1 5.79498E-1 6.03217E-1 5.97752E-1 5.95091E-1 6.05668E-1 6.22481E-1 6.36951E-1 6.56269E-1 7.0469E-1 7.40272E-1 7.54571E-1 7.44724E-1 6.94337E-1 6.83869E-1 6.91907E-1 6.55771E-1 6.45825E-1 6.4484E-1 6.60548E-1 6.82416E-1 6.75451E-1 6.41476E-1 6.1988E-1 6.17866E-1 6.41439E-1 6.52706E-1 6.47908E-1 6.47187E-1 6.50513E-1 6.38844E-1 6.3134E-1 6.25762E-1 6.21141E-1 6.07438E-1 5.92094E-1 5.91953E-1 5.93436E-1 6.08699E-1 6.31246E-1 6.3115E-1
5.76915E-1 5.83898E-1 5.94228E-1 6.06573E-1 6.12188E-1 6.29331E-1 6.39002E-1 6.28489E-1 6.15269E-1 6.27415E-1 6.34873E-1 6.32725E-1 6.31552E-1 6.10803E-1 6.09533E-1 6.14055E-1 6.17372E-1 6.01428E-1 5.83105E-1 5.73299E-1 5.69175E-1 5.98618E-1 6.11919E-1 6.13557E-1 6.20229E-1 6.27343E-1 6.31576E-1 6.31709E-1 6.54195E-1 7.05041E-1 7.29492E-1 7.25798E-1 7.11529E-1 6.88586E-1 6.66588E-1 6.48659E-1 6.27581E-1 6.25725E-1 6.4931E-1 6.78199E-1 6.68624E-1 6.51801E-1 6.43533E-1 6.01819E-1 6.07995E-1 6.34831E-1 6.43978E-1 6.46898E-1 6.58316E-1 6.57638E-1 6.50685E-1 6.34373E-1 6.16715E-1 6.10037E-1 5.99818E-1 5.91251E-1 6.03036E-1 6.16718E-1 6.36825E-1 6.47704E-1 6.61633E-1
5.97268E-1 6.07333E-1 6.20619E-1 6.41257E-1 6.52738E-1 6.7441E-1 6.63158E-1 6.34993E-1 6.29976E-1 6.38721E-1 6.60414E-1 6.59021E-1 6.44423E-1 6.14927E-1 6.29823E-1 6.73164E-1 6.35534E-1 6.27914E-1 6.25713E-1 6.07606E-1 5.91032E-1 6.03015E-1 6.24194E-1 6.39308E-1 6.42349E-1 6.41278E-1 6.31179E-1 6.24327E-1 6.48356E-1 6.89683E-1 6.89151E-1 6.86247E-1 6.91369E-1 6.71474E-1 6.50861E-1 6.33183E-1 6.17549E-1 6.08901E-1 6.31051E-1 6.59622E-1 6.60826E-1 6.44674E-1 6.15926E-1 6.09922E-1 6.09004E-1 6.32977E-1 6.38421E-1 6.47401E-1 6.56881E-1 6.55691E-1 6.58122E-1 6.33417E-1 6.12992E-1 6.17545E-1 6.0812E-1 5.95222E-1 6.1225E-1 6.32273E-1 6.61813E-1 6.83238E-1 6.81583E-1
6.26034E-1 6.33715E-1 6.53885E-1 6.78051E-1 6.6858E-1 6.80538E-1 6.46681E-1 6.28932E-1 6.42101E-1 6.57099E-1 6.87421E-1 6.71538E-1 6.33676E-1 6.17923E-1 6.43342E-1 6.67571E-1 6.45967E-1 6.41541E-1 6.52033E-1 6.53714E-1 6.435E-1 6.44086E-1 6.52831E-1 6.45061E-1 6.50337E-1 6.38341E-1 6.31768E-1 6.34452E-1 6.42126E-1 6.57196E-1 6.62037E-1 6.59635E-1 6.55133E-1 6.53701E-1 6.31975E-1 6.29988E-1 6.27676E-1 6.08073E-1 6.12086E-1 6.41043E-1 6.51682E-1 6.39002E-1 6.2701E-1 6.30147E-1 6.11849E-1 6.22352E-1 6.28486E-1 6.37825E-1 6.46372E-1 6.52881E-1 6.44851E-1 6.20152E-1 5.94716E-1 5.95776E-1 6.39607E-1 6.34474E-1 6.29293E-1 6.5318E-1 6.89171E-1 6.91266E-1 7.02799E-1
6.53007E-1 6.59301E-1 6.76406E-1 6.58961E-1 6.43326E-1 6.35695E-1 6.16047E-1 6.24046E-1 6.52318E-1 6.87023E-1 7.29756E-1 6.80602E-1 6.2415E-1 6.2865E-1 6.18273E-1 6.31233E-1 6.3619E-1 6.53087E-1 6.69118E-1 6.66391E-1 6.71472E-1 6.73363E-1 6.63225E-1 6.46132E-1 6.37196E-1 6.40536E-1 6.37593E-1 6.34359E-1 6.40458E-1 6.46207E-1 6.47887E-1 6.33839E-1 6.32316E-1 6.38681E-1 6.41837E-1 6.48178E-1 6.48028E-1 6.24257E-1 6.15588E-1 6.24366E-1 6.51777E-1 6.41292E-1 6.26289E-1 6.12235E-1 6.08303E-1 6.12364E-1 6.27542E-1 6.3841E-1 6.45383E-1 6.47248E-1 6.22866E-1 5.97867E-1 5.99404E-1 6.0588E-1 6.13138E-1 6.67978E-1 6.4358E-1 6.793E-1 7.19259E-1 7.14951E-1 7.27876E-1
6.80727E-1 6.81238E-1 6.85553E-1 6.57159E-1 6.41704E-1 6.34327E-1 6.29573E-1 6.47883E-1 6.64824E-1 7.00669E-1 7.19302E-1 6.82993E-1 6.54644E-1 6.47016E-1 6.24356E-1 6.13714E-1 6.36168E-1 6.55392E-1 6.66946E-1 6.60179E-1 6.58997E-1 6.65835E-1 6.54352E-1 6.42646E-1 6.50532E-1 6.70093E-1 6.46745E-1 6.37959E-1 6.43894E-1 6.42318E-1 6.24106E-1 6.15207E-1 6.25771E-1 6.51127E-1 6.49979E-1 6.66335E-1 6.84639E-1 6.45339E-1 6.14272E-1 6.17834E-1 6.39352E-1 6.54556E-1 6.40869E-1 6.30984E-1 6.23623E-1 6.25771E-1 6.31476E-1 6.38812E-1 6.45317E-1 6.36339E-1 6.19851E-1 6.10902E-1 6.21002E-1 6.28556E-1 6.48845E-1 6.57623E-1 6.68305E-1 7.0208E-1 7.35195E-1 7.45484E-1 7.36747E-1
7.14509E-1 7.02376E-1 6.93259E-1 6.65482E-1 6.53752E-1 6.53729E-1 6.64852E-1 6.74872E-1 6.89686E-1 7.15051E-1 7.06887E-1 6.88855E-1 6.71169E-1 6.53029E-1 6.33096E-1 6.43625E-1 6.60482E-1 6.65145E-1 6.62476E-1 6.51356E-1 6.56743E-1 6.55068E-1 6.57354E-1 6.62054E-1 6.69115E-1 6.55671E-1 6.44663E-1 6.45493E-1 6.54085E-1 6.38368E-1 6.11997E-1 6.07488E-1 6.14275E-1 6.52218E-1 6.59858E-1 6.54645E-1 6.55696E-1 6.32054E-1 6.13596E-1 6.17706E-1 6.28821E-1 6.58561E-1 6.54084E-1 6.46656E-1 6.33517E-1 6.4254E-1 6.41851E-1 6.45544E-1 6.43242E-1 6.34432E-1 6.33931E-1 6.34402E-1 6.44258E-1 6.63411E-1 6.78159E-1 6.81655E-1 7.026E-1 7.29895E-1 7.59845E-1 -9999 -9999
7.17494E-1 7.20839E-1 7.02962E-1 6.72065E-1 6.59056E-1 6.76718E-1 7.03217E-1 7.13077E-1 7.26914E-1 7.21788E-1 7.14847E-1 6.80853E-1 6.61993E-1 6.51952E-1 6.48182E-1 6.57359E-1 6.71562E-1 6.63257E-1 6.56517E-1 6.56293E-1 6.73356E-1 6.65715E-1 6.67913E-1 6.72069E-1 6.66028E-1 6.41202E-1 6.24902E-1 6.32565E-1 6.42293E-1 6.30977E-1 6.08108E-1 5.96863E-1 6.11934E-1 6.47297E-1 6.48166E-1 6.32872E-1 6.22383E-1 6.16362E-1 6.15802E-1 6.18894E-1 6.22396E-1 6.3177E-1 6.47854E-1 6.61035E-1 6.50432E-1 6.55144E-1 6.54377E-1 6.49461E-1 6.55197E-1 6.42682E-1 6.43215E-1 6.56971E-1 6.70952E-1 6.86737E-1 6.98897E-1 7.03163E-1 7.39637E-1 7.50244E-1 -9999 -9999 -9999
7.30412E-1 7.29636E-1 7.15689E-1 7.05266E-1 6.98432E-1 7.1459E-1 7.23508E-1 7.35409E-1 7.28074E-1 7.24488E-1 7.16269E-1 6.7166E-1 6.52396E-1 6.45743E-1 6.51942E-1 6.55712E-1 6.62443E-1 6.63098E-1 6.57638E-1 6.43907E-1 6.58557E-1 6.63302E-1 6.68255E-1 6.81776E-1 6.51392E-1 6.19148E-1 6.08303E-1 6.06874E-1 6.1988E-1 6.26749E-1 6.08941E-1 5.93765E-1 6.06654E-1 6.34689E-1 6.41483E-1 6.23444E-1 6.20936E-1 6.23965E-1 6.27948E-1 6.20347E-1 6.20266E-1 6.23723E-1 6.50017E-1 6.86324E-1 6.75577E-1 6.71912E-1 6.54603E-1 6.53903E-1 6.59327E-1 6.51939E-1 6.62256E-1 6.83703E-1 7.10793E-1 7.26062E-1 7.35411E-1 7.28826E-1 7.46716E-1 -9999 -9999 -9999 -9999
7.58406E-1 7.37511E-1 7.38816E-1 7.53964E-1 7.42884E-1 7.38909E-1 7.45114E-1 7.26713E-1 7.16583E-1 6.8968E-1 6.63294E-1 6.5561E-1 6.43581E-1 6.4921E-1 6.5537E-1 6.62853E-1 6.64902E-1 6.72143E-1 6.80317E-1 6.62173E-1 6.61366E-1 6.75127E-1 6.69901E-1 6.56034E-1 6.23459E-1 5.96396E-1 5.91676E-1 5.881E-1 5.96447E-1 5.93428E-1 5.79337E-1 5.80718E-1 5.8845E-1 6.16782E-1 6.28443E-1 6.48148E-1 6.56485E-1 6.55668E-1 6.41954E-1 6.26103E-1 6.29946E-1 6.40091E-1 6.7669E-1 7.0533E-1 6.95445E-1 6.96106E-1 6.75392E-1 6.71144E-1 6.73079E-1 6.76264E-1 6.92153E-1 7.18508E-1 7.27866E-1 7.50734E-1 7.56227E-1 -9999 -9999 -9999 -9999 -9999 -9999
7.71181E-1 7.43953E-1 7.2695E-1 7.35616E-1 7.43213E-1 7.53704E-1 7.39782E-1 7.25684E-1 7.00378E-1 6.64743E-1 6.39529E-1 6.32994E-1 6.39892E-1 6.40376E-1 6.43835E-1 6.51459E-1 6.57907E-1 6.62863E-1 6.62841E-1 6.69504E-1 6.78732E-1 6.84729E-1 6.72137E-1 6.4802E-1 6.14889E-1 5.86822E-1 5.78699E-1 5.67321E-1 5.66104E-1 5.64403E-1 5.65416E-1 5.73959E-1 5.86587E-1 6.11176E-1 6.43144E-1 6.77586E-1 6.9194E-1 6.74516E-1 6.42748E-1 6.2664E-1 6.30555E-1 6.673E-1 7.01189E-1 7.1175E-1 7.08609E-1 6.97934E-1 6.87573E-1 6.78234E-1 6.79489E-1 6.94082E-1 7.11675E-1 7.32623E-1 7.46118E-1 7.61913E-1 -9999 -9999 -9999 -9999 -9999 -9999 -9999
7.78205E-1 7.4217E-1 7.20539E-1 6.965E-1 7.3268E-1 7.62676E-1 7.4875E-1 7.19607E-1 6.82281E-1 6.50061E-1 6.32672E-1 6.38393E-1 6.46091E-1 6.32312E-1 6.34616E-1 6.37879E-1 6.4758E-1 6.56644E-1 6.64565E-1 6.84839E-1 7.00303E-1 7.09129E-1 6.75828E-1 6.42277E-1 6.2188E-1 6.07347E-1 5.81297E-1 5.63592E-1 5.72268E-1 5.64269E-1 5.72292E-1 5.79679E-1 5.83909E-1 5.95509E-1 6.30305E-1 6.54161E-1 6.74149E-1 6.69267E-1 6.49827E-1 6.30671E-1 6.40554E-1 6.75029E-1 7.02073E-1 7.1519E-1 7.21298E-1 7.11228E-1 7.00239E-1 6.94813E-1 7.07021E-1 7.28431E-1 7.354E-1 7.43425E-1 -9999 -9999 -9999 -9999 -9999 -9999 -9999 -9999 -9999
7.92264E-1 7.5898E-1 7.32747E-1 7.09468E-1 7.31689E-1 7.49817E-1 7.36863E-1 7.21488E-1 6.85049E-1 6.58814E-1 6.41386E-1 6.44812E-1 6.33334E-1 6.38399E-1 6.36878E-1 6.38551E-1 6.40271E-1 6.61343E-1 6.78881E-1 7.05817E-1 7.17093E-1 7.16976E-1 6.81579E-1 6.43526E-1 6.26323E-1 6.16949E-1 5.97528E-1 5.88426E-1 6.04704E-1 6.10423E-1 6.03383E-1 6.04288E-1 5.94532E-1 6.0638E-1 6.26421E-1 6.34271E-1 6.49439E-1 6.57164E-1 6.57282E-1 6.55787E-1 6.71652E-1 6.85079E-1 7.04785E-1 7.22372E-1 7.35861E-1 7.19528E-1 7.28441E-1 7.22779E-1 7.33893E-1 7.51791E-1 7.65248E-1 -9999 -9999 -9999 -9999 -9999 -9999 -9999 -9999 -9999 -9999
8.12206E-1 7.95879E-1 7.57156E-1 7.40127E-1 7.47576E-1 7.4978E-1 7.46668E-1 7.34747E-1 7.0655E-1 6.9379E-1 6.82581E-1 6.66103E-1 6.53914E-1 6.55013E-1 6.58548E-1 6.6234E-1 6.68037E-1 6.8579E-1 7.11844E-1 7.30685E-1 7.40807E-1 7.2184E-1 6.90467E-1 6.60819E-1 6.48939E-1 6.45184E-1 6.24802E-1 6.44015E-1 6.53172E-1 6.57395E-1 6.44344E-1 6.35607E-1 6.27515E-1 6.21166E-1 6.41844E-1 6.58104E-1 6.70564E-1 6.60278E-1 6.69961E-1 6.71534E-1 6.73816E-1 6.95731E-1 7.02619E-1 7.15113E-1 7.42743E-1 7.29342E-1 7.35189E-1 7.5021E-1 7.69945E-1 7.69911E-1 -9999 -9999 -9999 -9999 -9999 -9999 -9999 -9999 -9999 -9999 -9999
8.29377E-1 8.04459E-1 7.70237E-1 7.52963E-1 7.5774E-1 7.6167E-1 7.56612E-1 7.57212E-1 7.46709E-1 7.34654E-1 7.17881E-1 6.99298E-1 6.8868E-1 6.79838E-1 6.75949E-1 6.98691E-1 7.09672E-1 7.18644E-1 7.47147E-1 7.67181E-1 7.63955E-1 7.33485E-1 7.03418E-1 6.82643E-1 6.75403E-1 6.67734E-1 6.71725E-1 6.68196E-1 6.64185E-1 6.62645E-1 6.79115E-1 6.77531E-1 6.59356E-1 6.66844E-1 6.86041E-1 6.95166E-1 6.98003E-1 6.81453E-1 6.80388E-1 6.80198E-1 6.83547E-1 7.06575E-1 7.31033E-1 7.31867E-1 7.36921E-1 7.44577E-1 7.49865E-1 7.6863E-1 7.95136E-1 7.91388E-1 -9999 -9999 -9999 -9999 -9999 -9999 -9999 -9999 -9999 -9999 -9999
