maxent_outputs/red_flowers_linear/red_126.asc
ncols         426
nrows         180
xllcorner     -130.0
yllcorner     24.0
cellsize      0.16666666666666666
NODATA_value  -9999
[rows 0 to 26 of 180, columns 305 to 365 of 426]
1.54449E-1 1.44247E-1 1.42716E-1 1.35207E-1 1.29958E-1 1.28145E-1 1.26976E-1 1.27689E-1 1.29736E-1 1.32141E-1 1.33673E-1 1.34314E-1 1.35015E-1 1.4203E-1 1.49164E-1 1.63942E-1 1.66318E-1 1.54017E-1 1.48678E-1 1.49028E-1 1.55708E-1 1.70284E-1 1.77819E-1 1.76548E-1 1.69822E-1 1.55308E-1 1.55172E-1 1.59075E-1 1.62478E-1 1.51739E-1 1.47838E-1 1.53117E-1 1.441E-1 1.51247E-1 1.7463E-1 1.68574E-1 1.63563E-1 1.44818E-1 1.39126E-1 1.40107E-1 1.35652E-1 1.35996E-1 1.35653E-1 1.38835E-1 1.36001E-1 1.3326E-1 1.33273E-1 1.35701E-1 1.33182E-1 1.33284E-1 1.3501E-1 1.36502E-1 1.36251E-1 1.39794E-1 1.4105E-1 1.39653E-1 1.45166E-1 1.4238E-1 1.38514E-1 1.39956E-1 1.43524E-1
1.62488E-1 1.47607E-1 1.50325E-1 1.41691E-1 1.36865E-1 1.3391E-1 1.3471E-1 1.37008E-1 1.35131E-1 1.44801E-1 1.6538E-1 1.79855E-1 1.79607E-1 1.84658E-1 1.76929E-1 1.59946E-1 1.61078E-1 1.56416E-1 1.58283E-1 1.67029E-1 1.76281E-1 1.85978E-1 1.92564E-1 1.86102E-1 1.80782E-1 1.82549E-1 1.68108E-1 1.59023E-1 1.5505E-1 1.54996E-1 1.53285E-1 1.51146E-1 1.47132E-1 1.44809E-1 1.44292E-1 1.43614E-1 1.40592E-1 1.38844E-1 1.39423E-1 1.38973E-1 1.37438E-1 1.38262E-1 1.35899E-1 1.3647E-1 1.37118E-1 1.3511E-1 1.35873E-1 1.36834E-1 1.34374E-1 1.34961E-1 1.34574E-1 1.37523E-1 1.40041E-1 1.41502E-1 1.3934E-1 1.38482E-1 1.38221E-1 1.3854E-1 1.38569E-1 1.41075E-1 1.4342E-1
1.91445E-1 1.51064E-1 1.43779E-1 1.36216E-1 1.36624E-1 1.34632E-1 1.36563E-1 1.37506E-1 1.36326E-1 1.37792E-1 1.6415E-1 1.71549E-1 1.76331E-1 1.7218E-1 1.67063E-1 1.73735E-1 1.6725E-1 1.57995E-1 1.50079E-1 1.58573E-1 1.79085E-1 1.70906E-1 1.66437E-1 1.59255E-1 1.56565E-1 1.61143E-1 1.57787E-1 1.58206E-1 1.5565E-1 1.55385E-1 1.50541E-1 1.4741E-1 1.4669E-1 1.47053E-1 1.45765E-1 1.43026E-1 1.403E-1 1.39307E-1 1.3946E-1 1.39766E-1 1.38909E-1 1.38239E-1 1.39115E-1 1.41676E-1 1.40793E-1 1.35019E-1 1.35147E-1 1.3546E-1 1.39102E-1 1.38162E-1 1.35274E-1 1.37306E-1 1.36591E-1 1.38596E-1 1.41744E-1 1.39869E-1 1.39894E-1 1.41515E-1 1.4032E-1 1.42591E-1 1.42706E-1
1.65651E-1 1.54901E-1 1.45703E-1 1.39122E-1 1.36237E-1 1.35281E-1 1.4159E-1 1.44692E-1 1.37754E-1 1.38661E-1 1.42262E-1 1.42093E-1 1.44486E-1 1.48339E-1 1.55042E-1 1.64648E-1 1.54625E-1 1.51006E-1 1.53003E-1 1.62243E-1 1.62551E-1 1.57198E-1 1.56805E-1 1.51563E-1 1.53459E-1 1.56041E-1 1.5545E-1 1.5662E-1 1.54667E-1 1.53809E-1 1.56557E-1 1.52185E-1 1.48447E-1 1.4858E-1 1.46186E-1 1.47553E-1 1.47865E-1 1.50801E-1 1.42936E-1 1.42187E-1 1.43864E-1 1.42439E-1 1.39217E-1 1.42066E-1 1.39615E-1 1.36559E-1 1.38314E-1 1.35958E-1 1.36134E-1 1.3823E-1 1.35601E-1 1.35179E-1 1.37984E-1 1.38731E-1 1.41226E-1 1.42898E-1 1.42131E-1 1.43047E-1 1.43742E-1 1.43617E-1 1.48291E-1
2.90917E-1 1.59139E-1 1.47989E-1 1.42687E-1 1.37766E-1 1.34132E-1 1.34176E-1 1.40166E-1 1.39604E-1 1.42534E-1 1.40401E-1 1.40049E-1 1.44611E-1 1.55487E-1 1.70154E-1 1.57024E-1 1.54023E-1 1.54729E-1 1.54305E-1 1.54424E-1 1.54295E-1 1.54965E-1 1.58884E-1 1.57453E-1 1.57864E-1 1.6149E-1 1.67164E-1 1.57552E-1 1.56542E-1 1.54756E-1 1.52978E-1 1.53217E-1 1.53714E-1 1.51727E-1 1.49949E-1 1.47973E-1 1.4834E-1 1.48048E-1 1.44152E-1 1.43435E-1 1.4357E-1 1.41643E-1 1.40942E-1 1.41288E-1 1.40305E-1 1.40115E-1 1.39584E-1 1.37149E-1 1.36625E-1 1.42398E-1 1.37561E-1 1.38284E-1 1.40682E-1 1.41896E-1 1.4344E-1 1.44829E-1 1.46551E-1 1.47158E-1 1.47933E-1 1.50344E-1 1.49814E-1
3.01208E-1 1.65496E-1 1.5304E-1 1.44286E-1 1.41888E-1 1.41677E-1 1.36585E-1 1.39495E-1 1.40778E-1 1.41104E-1 1.41756E-1 1.44473E-1 1.45268E-1 1.60703E-1 1.62733E-1 1.57459E-1 1.5316E-1 1.5467E-1 1.54754E-1 1.55509E-1 1.57267E-1 1.57724E-1 1.59068E-1 1.60926E-1 1.59319E-1 1.60746E-1 1.60188E-1 1.60118E-1 1.59796E-1 1.57744E-1 1.55109E-1 1.54417E-1 1.53703E-1 1.52292E-1 1.50167E-1 1.50962E-1 1.4875E-1 1.46748E-1 1.46979E-1 1.47513E-1 1.44891E-1 1.44602E-1 1.44939E-1 1.43788E-1 1.43531E-1 1.42023E-1 1.41759E-1 1.42693E-1 1.47374E-1 1.4667E-1 1.41569E-1 1.41243E-1 1.41023E-1 1.43138E-1 1.45861E-1 1.49202E-1 1.47296E-1 1.4582E-1 1.47509E-1 1.478E-1 1.51861E-1
5.64617E-1 1.99778E-1 1.61388E-1 1.4994E-1 1.40869E-1 1.40032E-1 1.40164E-1 1.41828E-1 1.43256E-1 1.4496E-1 1.48561E-1 1.48139E-1 1.5452E-1 1.61046E-1 1.64868E-1 1.58547E-1 1.59152E-1 1.61585E-1 1.61733E-1 1.57829E-1 1.58862E-1 1.61587E-1 1.62531E-1 1.62979E-1 1.60779E-1 1.60323E-1 1.61381E-1 1.60975E-1 1.60585E-1 1.60516E-1 1.58275E-1 1.57999E-1 1.59024E-1 1.59023E-1 1.57447E-1 1.56485E-1 1.53625E-1 1.52116E-1 1.51571E-1 1.50791E-1 1.49738E-1 1.48851E-1 1.50156E-1 1.48393E-1 1.46257E-1 1.48073E-1 1.44715E-1 1.42694E-1 1.44135E-1 1.43967E-1 1.52108E-1 1.60249E-1 1.4706E-1 1.47445E-1 1.49797E-1 1.50904E-1 1.49247E-1 1.50325E-1 1.50595E-1 1.48926E-1 1.54417E-1
6.72238E-1 2.45731E-1 1.66257E-1 1.51471E-1 1.46473E-1 1.43691E-1 1.42254E-1 1.44581E-1 1.46589E-1 1.61878E-1 1.58439E-1 1.54609E-1 1.56691E-1 1.57878E-1 1.63224E-1 1.67126E-1 1.66248E-1 1.66383E-1 1.68388E-1 1.60492E-1 1.61749E-1 1.63454E-1 1.6466E-1 1.6658E-1 1.65629E-1 1.67603E-1 1.66651E-1 1.65515E-1 1.63865E-1 1.64694E-1 1.64081E-1 1.63708E-1 1.62175E-1 1.61337E-1 1.60585E-1 1.60557E-1 1.57695E-1 1.56174E-1 1.53314E-1 1.51775E-1 1.51158E-1 1.50685E-1 1.51358E-1 1.49586E-1 1.49311E-1 1.48164E-1 1.45433E-1 1.45431E-1 1.43942E-1 1.47547E-1 1.53295E-1 1.55548E-1 1.48809E-1 1.46963E-1 1.46832E-1 1.49433E-1 1.50187E-1 1.5074E-1 1.50865E-1 1.5305E-1 1.55169E-1
6.54048E-1 6.5935E-1 1.76411E-1 1.62476E-1 1.57311E-1 1.52879E-1 1.51221E-1 1.48549E-1 1.52404E-1 1.54106E-1 1.54374E-1 1.56005E-1 1.58258E-1 1.55139E-1 1.55894E-1 1.76989E-1 1.75422E-1 1.83622E-1 1.74926E-1 1.66208E-1 1.64153E-1 1.68406E-1 1.69852E-1 1.70616E-1 1.7098E-1 1.72674E-1 1.73349E-1 1.71779E-1 1.68622E-1 1.69156E-1 1.69635E-1 1.67262E-1 1.64693E-1 1.64317E-1 1.65095E-1 1.63358E-1 1.62355E-1 1.61086E-1 1.60179E-1 1.5652E-1 1.54343E-1 1.54877E-1 1.5439E-1 1.53064E-1 1.50793E-1 1.49922E-1 1.47864E-1 1.46918E-1 1.47544E-1 1.45829E-1 1.50293E-1 1.50734E-1 1.49096E-1 1.50997E-1 1.49526E-1 1.49707E-1 1.49626E-1 1.51954E-1 1.52659E-1 1.55125E-1 1.55082E-1
6.75652E-1 -9999 2.27027E-1 1.80542E-1 1.67266E-1 1.63423E-1 1.61549E-1 1.56246E-1 1.60123E-1 1.61765E-1 1.63347E-1 1.57871E-1 1.60791E-1 1.61257E-1 1.69422E-1 1.80691E-1 1.80557E-1 1.74719E-1 1.6807E-1 1.6717E-1 1.67759E-1 1.70106E-1 1.70194E-1 1.71074E-1 1.73394E-1 1.73801E-1 1.7242E-1 1.73388E-1 1.75081E-1 1.75204E-1 1.74433E-1 1.70049E-1 1.68161E-1 1.70122E-1 1.67867E-1 1.67275E-1 1.6636E-1 1.63249E-1 1.62383E-1 1.59778E-1 1.59426E-1 1.5877E-1 1.59351E-1 1.59937E-1 1.57923E-1 1.57483E-1 1.56116E-1 1.52901E-1 1.52304E-1 1.57028E-1 1.56259E-1 1.57188E-1 1.56856E-1 1.57999E-1 1.54176E-1 1.5355E-1 1.52927E-1 1.55368E-1 1.56216E-1 1.59959E-1 1.63996E-1
6.80288E-1 -9999 -9999 1.80704E-1 1.73413E-1 1.64628E-1 1.59971E-1 1.62177E-1 1.67176E-1 1.66706E-1 1.62779E-1 1.6285E-1 1.60952E-1 1.62255E-1 1.64109E-1 1.7221E-1 1.70428E-1 1.66039E-1 1.66448E-1 1.67891E-1 1.71283E-1 1.7483E-1 1.77486E-1 1.77239E-1 1.74753E-1 1.74832E-1 1.78359E-1 1.78385E-1 1.76564E-1 1.75406E-1 1.72407E-1 1.72557E-1 1.74336E-1 1.73654E-1 1.71884E-1 1.69527E-1 1.68464E-1 1.66099E-1 1.67067E-1 1.65207E-1 1.64233E-1 1.65348E-1 1.6509E-1 1.66122E-1 1.63859E-1 1.62939E-1 1.5848E-1 1.58211E-1 1.5443E-1 1.5201E-1 1.5285E-1 1.56229E-1 1.53972E-1 1.53299E-1 1.53138E-1 1.53817E-1 1.53899E-1 1.57018E-1 1.58307E-1 1.6378E-1 1.66774E-1
1.88459E-1 3.39706E-1 2.09696E-1 1.80504E-1 1.73872E-1 1.71577E-1 1.67633E-1 1.72426E-1 1.70935E-1 1.67462E-1 1.66721E-1 1.64163E-1 1.70344E-1 1.69206E-1 1.67994E-1 1.66238E-1 1.65072E-1 1.6797E-1 1.74665E-1 1.76381E-1 1.80392E-1 1.75077E-1 1.74957E-1 1.76069E-1 1.78707E-1 1.81519E-1 1.81369E-1 1.7934E-1 1.79543E-1 1.77856E-1 1.77852E-1 1.77049E-1 1.76535E-1 1.76768E-1 1.75006E-1 1.74237E-1 1.7536E-1 1.73601E-1 1.72295E-1 1.73411E-1 1.72841E-1 1.69777E-1 1.70164E-1 1.68393E-1 1.62116E-1 1.59461E-1 1.54158E-1 1.54873E-1 1.53276E-1 1.52726E-1 1.53338E-1 1.53034E-1 1.54238E-1 1.52412E-1 1.57246E-1 1.55693E-1 1.61246E-1 1.62482E-1 1.6349E-1 1.6448E-1 1.67864E-1
6.5906E-1 1.99381E-1 1.90217E-1 1.81544E-1 1.75515E-1 1.73557E-1 1.72109E-1 1.71633E-1 1.68818E-1 1.68246E-1 1.70891E-1 1.67756E-1 1.67692E-1 1.69653E-1 1.66603E-1 1.68012E-1 1.68321E-1 1.68199E-1 1.71843E-1 1.78616E-1 1.79752E-1 1.80188E-1 1.81087E-1 1.83153E-1 1.82609E-1 1.8337E-1 1.8409E-1 1.83719E-1 1.81056E-1 1.80603E-1 1.78536E-1 1.79332E-1 1.7879E-1 1.80353E-1 1.78233E-1 1.78222E-1 1.77688E-1 1.78107E-1 1.82782E-1 1.79321E-1 1.7549E-1 1.7545E-1 1.70226E-1 1.66625E-1 1.64616E-1 1.60631E-1 1.54501E-1 1.56244E-1 1.56661E-1 1.53317E-1 1.60818E-1 1.61217E-1 1.59846E-1 1.61133E-1 1.57979E-1 1.62937E-1 1.64302E-1 1.62437E-1 1.64937E-1 1.66311E-1 1.72145E-1
2.65114E-1 1.91493E-1 1.9168E-1 1.84832E-1 1.81882E-1 1.76083E-1 1.76075E-1 1.78785E-1 1.76594E-1 1.74546E-1 1.72782E-1 1.71339E-1 1.77405E-1 1.76757E-1 1.73632E-1 1.73466E-1 1.72683E-1 1.74069E-1 1.7521E-1 1.78721E-1 1.79252E-1 1.80156E-1 1.8076E-1 1.87209E-1 1.89304E-1 1.85463E-1 1.86988E-1 1.8649E-1 1.8563E-1 1.8366E-1 1.84335E-1 1.86536E-1 1.87397E-1 1.87712E-1 1.81852E-1 1.80666E-1 1.82169E-1 1.87471E-1 1.92561E-1 1.85454E-1 1.79844E-1 1.7519E-1 1.70307E-1 1.65543E-1 1.62703E-1 1.61982E-1 1.59377E-1 1.59487E-1 1.57143E-1 1.58079E-1 1.57738E-1 1.58274E-1 1.58426E-1 1.65518E-1 1.83458E-1 1.632E-1 1.65214E-1 1.67975E-1 1.69982E-1 1.73177E-1 1.81041E-1
2.44224E-1 1.95653E-1 2.03007E-1 1.84553E-1 1.83969E-1 1.79664E-1 1.7925E-1 1.84427E-1 1.83356E-1 1.80925E-1 1.80224E-1 1.82485E-1 1.83446E-1 1.82651E-1 1.80526E-1 1.78694E-1 1.79764E-1 1.7636E-1 1.78343E-1 1.8407E-1 1.7962E-1 1.82203E-1 1.84045E-1 1.87385E-1 1.90126E-1 1.89109E-1 1.9037E-1 1.90165E-1 1.9119E-1 1.88937E-1 1.9095E-1 1.90768E-1 1.89842E-1 1.88573E-1 1.87112E-1 1.8174E-1 1.85008E-1 1.88476E-1 1.84293E-1 1.79552E-1 1.75804E-1 1.74321E-1 1.71671E-1 1.70054E-1 1.6788E-1 1.65683E-1 1.63837E-1 1.62485E-1 1.62535E-1 1.62699E-1 1.61337E-1 1.64757E-1 1.6381E-1 1.64131E-1 1.74776E-1 1.64648E-1 1.65663E-1 1.70305E-1 1.70341E-1 1.7855E-1 2.12349E-1
1.97554E-1 2.22874E-1 2.03216E-1 1.94533E-1 1.91716E-1 1.90275E-1 1.9111E-1 1.90161E-1 1.91205E-1 1.85224E-1 1.87266E-1 1.87628E-1 1.83751E-1 1.87238E-1 1.89238E-1 1.81782E-1 1.83418E-1 1.83198E-1 1.83767E-1 1.85211E-1 1.85835E-1 1.86068E-1 1.89773E-1 1.97981E-1 1.99931E-1 1.9865E-1 1.96709E-1 1.95712E-1 1.94706E-1 1.93756E-1 1.92276E-1 1.92321E-1 1.94882E-1 1.92906E-1 1.89945E-1 1.87609E-1 1.94806E-1 1.91466E-1 1.83833E-1 1.82978E-1 1.79889E-1 1.77931E-1 1.77967E-1 1.74111E-1 1.72886E-1 1.68786E-1 1.70174E-1 1.64694E-1 1.65865E-1 1.65291E-1 1.66656E-1 1.69365E-1 1.69938E-1 1.66726E-1 1.66229E-1 1.67912E-1 1.67806E-1 1.73488E-1 1.75266E-1 1.81828E-1 2.13923E-1
1.97731E-1 2.07787E-1 2.04126E-1 1.95922E-1 1.97679E-1 1.98475E-1 1.96166E-1 1.92442E-1 1.94841E-1 2.02128E-1 1.96334E-1 1.93471E-1 1.93046E-1 1.93624E-1 1.87674E-1 1.87426E-1 1.90022E-1 1.89095E-1 1.88759E-1 1.90436E-1 1.89477E-1 1.91471E-1 1.92497E-1 1.96913E-1 1.97433E-1 1.95329E-1 1.97984E-1 1.99659E-1 2.01648E-1 1.9805E-1 1.97424E-1 1.9492E-1 1.94668E-1 1.93008E-1 2.10333E-1 2.46191E-1 2.38718E-1 2.17764E-1 1.98749E-1 1.83262E-1 1.83425E-1 1.82145E-1 1.79921E-1 1.8052E-1 1.76262E-1 1.71339E-1 1.70051E-1 1.68349E-1 1.66589E-1 1.67744E-1 1.64811E-1 1.70218E-1 1.78297E-1 1.77001E-1 1.68645E-1 1.71176E-1 1.7444E-1 1.7447E-1 1.76562E-1 1.79296E-1 1.984E-1
1.95548E-1 1.95468E-1 2.00011E-1 1.97238E-1 1.99629E-1 2.00466E-1 1.94066E-1 1.96416E-1 2.02089E-1 2.05473E-1 1.97561E-1 1.95343E-1 1.96672E-1 1.95364E-1 1.89898E-1 1.92809E-1 1.94181E-1 1.95087E-1 1.89623E-1 1.91604E-1 1.89174E-1 1.91476E-1 1.98212E-1 1.93918E-1 1.93855E-1 1.9735E-1 1.97692E-1 1.99636E-1 2.00279E-1 2.01258E-1 2.03241E-1 2.02985E-1 2.02265E-1 2.34855E-1 2.69749E-1 2.33374E-1 2.1836E-1 2.07847E-1 1.93961E-1 1.88586E-1 1.86933E-1 1.84682E-1 1.80912E-1 1.80429E-1 1.76474E-1 1.75533E-1 1.70919E-1 1.70683E-1 1.69273E-1 1.68604E-1 1.65336E-1 1.68746E-1 1.73119E-1 1.78002E-1 1.74296E-1 1.75804E-1 1.77883E-1 1.79085E-1 1.84426E-1 1.80161E-1 1.8428E-1
1.91691E-1 1.91141E-1 1.93449E-1 1.96262E-1 2.01321E-1 2.0427E-1 2.06428E-1 2.0942E-1 2.12531E-1 2.07428E-1 2.07956E-1 2.06875E-1 2.12857E-1 2.1612E-1 2.04349E-1 1.99936E-1 1.9686E-1 2.02163E-1 1.99549E-1 1.93533E-1 1.92818E-1 1.92409E-1 1.94471E-1 1.9858E-1 1.98536E-1 1.99422E-1 2.0072E-1 2.0903E-1 2.07276E-1 2.08969E-1 2.04251E-1 2.14468E-1 2.74831E-1 2.71049E-1 2.30206E-1 2.15039E-1 1.96693E-1 1.93923E-1 1.95405E-1 1.99121E-1 1.89745E-1 1.83621E-1 1.79767E-1 1.78703E-1 1.76452E-1 1.75981E-1 1.71855E-1 1.67139E-1 1.67818E-1 1.70583E-1 1.6955E-1 1.68276E-1 1.77262E-1 1.77836E-1 1.77282E-1 1.81936E-1 1.83657E-1 1.82479E-1 1.84431E-1 1.84676E-1 1.86012E-1
1.87364E-1 1.89783E-1 1.92449E-1 1.9735E-1 2.01003E-1 2.04144E-1 2.06917E-1 2.09536E-1 2.07625E-1 2.03804E-1 2.06944E-1 2.05742E-1 2.09306E-1 2.12421E-1 2.02459E-1 2.00333E-1 2.04777E-1 1.98632E-1 1.93825E-1 1.93117E-1 1.90454E-1 1.90909E-1 1.91185E-1 1.95499E-1 1.97682E-1 2.00805E-1 2.05771E-1 2.10689E-1 2.08783E-1 2.09966E-1 2.10565E-1 2.4859E-1 2.67401E-1 2.20709E-1 2.09274E-1 2.03693E-1 2.00112E-1 1.97642E-1 1.96905E-1 1.91716E-1 1.87632E-1 1.82847E-1 1.80601E-1 1.78256E-1 1.76885E-1 1.74469E-1 1.75443E-1 1.71362E-1 1.7221E-1 1.8364E-1 1.85564E-1 1.77845E-1 1.7468E-1 1.85095E-1 1.8368E-1 1.86305E-1 1.83312E-1 1.8357E-1 1.85074E-1 1.8449E-1 1.90696E-1
1.8937E-1 1.91953E-1 1.92063E-1 2.00149E-1 2.03384E-1 2.06272E-1 2.07225E-1 2.07641E-1 2.08449E-1 2.04725E-1 2.04028E-1 2.04066E-1 2.06629E-1 2.02086E-1 2.03306E-1 2.07848E-1 2.03966E-1 1.96311E-1 1.97815E-1 1.98508E-1 1.94481E-1 1.95113E-1 1.9735E-1 2.00124E-1 1.97765E-1 2.04198E-1 2.05857E-1 2.08569E-1 2.12141E-1 2.1214E-1 2.15961E-1 2.5718E-1 2.22894E-1 2.10716E-1 2.11949E-1 2.09566E-1 2.03018E-1 1.99218E-1 1.99553E-1 1.94068E-1 1.89291E-1 1.87442E-1 1.82521E-1 1.79006E-1 1.78528E-1 1.75553E-1 1.7392E-1 1.74456E-1 1.73409E-1 1.76003E-1 1.89024E-1 1.83074E-1 1.75877E-1 1.79206E-1 1.82125E-1 1.89596E-1 1.93046E-1 1.87961E-1 1.89255E-1 1.90234E-1 1.89653E-1
1.89239E-1 1.90166E-1 1.91328E-1 1.9785E-1 2.03021E-1 2.0507E-1 2.0664E-1 2.07273E-1 2.09271E-1 2.04349E-1 2.01354E-1 2.06791E-1 2.06324E-1 2.07289E-1 2.04244E-1 2.00235E-1 1.99585E-1 1.98736E-1 1.98623E-1 1.98262E-1 1.952E-1 1.92618E-1 1.97317E-1 2.01884E-1 1.99144E-1 2.07046E-1 2.05091E-1 2.08109E-1 2.11388E-1 2.17489E-1 2.1809E-1 2.32357E-1 2.22827E-1 2.15638E-1 2.11187E-1 2.08728E-1 2.05356E-1 2.05605E-1 2.01507E-1 1.97121E-1 1.90552E-1 1.89308E-1 1.86306E-1 1.86365E-1 1.83542E-1 1.79363E-1 1.75013E-1 1.74109E-1 1.74183E-1 1.75921E-1 1.77027E-1 1.77446E-1 1.79647E-1 1.82059E-1 1.80095E-1 1.86134E-1 1.91887E-1 1.89991E-1 1.91896E-1 2.06099E-1 1.97341E-1
1.9108E-1 1.92415E-1 1.93851E-1 1.97577E-1 1.99314E-1 2.0345E-1 2.0413E-1 2.04213E-1 2.06179E-1 2.07674E-1 2.13873E-1 2.05949E-1 2.05386E-1 2.11817E-1 2.07936E-1 1.99118E-1 1.99599E-1 1.98689E-1 1.95256E-1 1.95319E-1 1.95626E-1 1.95416E-1 1.94245E-1 1.99054E-1 1.97349E-1 2.00808E-1 2.01209E-1 2.04243E-1 2.06766E-1 2.12923E-1 2.17899E-1 2.2935E-1 2.21048E-1 2.165E-1 2.13254E-1 2.09666E-1 2.07133E-1 2.07192E-1 1.99203E-1 1.95119E-1 1.95748E-1 1.90823E-1 1.87152E-1 1.8726E-1 1.85914E-1 1.81937E-1 1.79099E-1 1.8925E-1 1.79846E-1 1.81124E-1 1.78199E-1 1.80251E-1 1.79288E-1 1.84676E-1 1.86062E-1 1.89543E-1 1.96929E-1 1.99243E-1 2.03418E-1 2.27157E-1 2.16698E-1
1.92753E-1 1.93366E-1 1.94292E-1 1.97193E-1 1.9843E-1 2.00708E-1 2.01862E-1 2.05074E-1 2.07703E-1 2.06165E-1 2.1238E-1 2.06836E-1 2.04983E-1 2.10292E-1 2.05076E-1 1.9983E-1 1.98239E-1 1.97079E-1 1.94075E-1 1.93942E-1 1.94029E-1 1.94678E-1 1.96879E-1 1.96462E-1 1.96703E-1 1.95327E-1 1.9739E-1 2.03822E-1 2.08416E-1 2.10618E-1 2.23105E-1 2.22902E-1 2.18812E-1 2.18035E-1 2.12724E-1 2.09635E-1 2.10284E-1 2.07312E-1 2.02953E-1 2.00636E-1 1.98906E-1 1.94852E-1 1.8806E-1 1.89539E-1 1.84905E-1 1.83929E-1 1.81759E-1 2.02276E-1 1.8402E-1 1.82233E-1 1.82804E-1 1.87684E-1 1.86437E-1 1.91502E-1 1.97092E-1 1.93664E-1 1.97094E-1 2.09154E-1 2.10288E-1 2.183E-1 2.49691E-1
1.88664E-1 1.90476E-1 1.91884E-1 1.93375E-1 1.97062E-1 2.03186E-1 2.10992E-1 2.066E-1 2.1509E-1 2.15251E-1 2.1402E-1 2.13627E-1 2.05969E-1 2.05445E-1 2.05296E-1 2.05858E-1 1.96929E-1 1.94761E-1 1.97033E-1 1.95144E-1 1.94231E-1 2.01364E-1 1.97786E-1 1.96699E-1 1.98098E-1 2.02835E-1 2.01729E-1 2.04338E-1 2.08582E-1 2.2522E-1 2.26905E-1 2.1687E-1 2.16865E-1 2.13937E-1 2.13151E-1 2.10091E-1 2.09575E-1 2.06947E-1 2.05569E-1 2.03274E-1 2.01583E-1 1.99694E-1 1.93357E-1 1.91426E-1 1.88466E-1 1.88406E-1 1.84932E-1 1.98591E-1 1.90492E-1 1.95385E-1 1.93677E-1 1.92406E-1 2.00902E-1 2.04738E-1 2.02381E-1 2.01061E-1 2.04435E-1 2.10892E-1 2.18245E-1 2.21906E-1 2.57422E-1
1.88837E-1 1.90462E-1 1.91454E-1 1.92923E-1 1.93826E-1 1.97352E-1 2.02325E-1 2.08008E-1 2.11317E-1 2.12738E-1 2.10842E-1 2.14376E-1 2.07573E-1 2.11874E-1 2.21074E-1 1.97576E-1 1.96831E-1 1.9536E-1 1.98629E-1 1.96926E-1 1.96085E-1 1.95097E-1 1.97193E-1 1.98049E-1 1.94661E-1 1.9722E-1 2.02359E-1 2.04017E-1 2.0823E-1 2.18402E-1 2.14511E-1 2.15135E-1 2.15248E-1 2.14941E-1 2.12702E-1 2.13658E-1 2.09363E-1 2.09432E-1 2.06332E-1 2.03793E-1 2.04928E-1 2.01877E-1 1.9878E-1 1.96483E-1 1.92891E-1 1.93069E-1 1.92701E-1 1.94511E-1 1.98783E-1 2.00505E-1 1.99323E-1 2.03453E-1 2.16415E-1 2.24046E-1 2.18309E-1 2.13555E-1 2.13258E-1 2.25325E-1 2.30258E-1 2.33142E-1 2.43369E-1
1.92143E-1 1.90112E-1 1.91436E-1 1.92071E-1 1.9361E-1 1.94316E-1 1.99898E-1 2.06499E-1 2.08315E-1 2.06879E-1 2.07391E-1 2.04361E-1 2.04408E-1 2.04103E-1 1.98836E-1 2.05118E-1 2.17111E-1 1.96138E-1 1.97104E-1 2.03061E-1 2.0103E-1 1.99156E-1 1.98151E-1 1.9853E-1 1.9894E-1 2.0054E-1 2.01687E-1 2.06332E-1 2.11026E-1 2.08686E-1 2.10013E-1 2.1209E-1 2.11117E-1 2.13155E-1 2.13501E-1 2.10699E-1 2.12167E-1 2.07524E-1 2.06136E-1 2.05418E-1 2.05007E-1 2.01021E-1 2.02557E-1 2.0224E-1 2.02364E-1 2.00571E-1 2.01542E-1 2.03041E-1 2.0392E-1 2.07017E-1 2.12348E-1 2.23735E-1 2.59442E-1 2.35143E-1 2.48253E-1 2.29557E-1 2.27328E-1 2.36157E-1 2.40846E-1 2.48332E-1 2.56607E-1
