maxent_outputs/red_flowers_linear/red_180.asc
ncols         426
nrows         180
xllcorner     -130.0
yllcorner     24.0
cellsize      0.16666666666666666
NODATA_value  -9999
[rows 54 to 80 of 180, columns 122 to 182 of 426]
7.10409E-1 7.58869E-1 5.02273E-1 3.88333E-1 4.17378E-1 3.77405E-1 3.32796E-1 3.33968E-1 3.57802E-1 4.76426E-1 6.5544E-1 6.69537E-1 6.30496E-1 5.37695E-1 3.94698E-1 3.69448E-1 3.38259E-1 3.74124E-1 3.88116E-1 3.7632E-1 3.63757E-1 3.53448E-1 3.47636E-1 3.6086E-1 3.70307E-1 3.63018E-1 3.59775E-1 3.60395E-1 3.58865E-1 3.58388E-1 3.87662E-1 3.91552E-1 3.95906E-1 3.82782E-1 3.75757E-1 3.77374E-1 3.97123E-1 3.92298E-1 3.75932E-1 3.39965E-1 3.15124E-1 2.96095E-1 2.94382E-1 3.01953E-1 2.97146E-1 2.93953E-1 2.91879E-1 2.93214E-1 2.96698E-1 3.02064E-1 3.02267E-1 2.94892E-1 2.87992E-1 2.91809E-1 2.90035E-1 3.10672E-1 2.77048E-1 2.77011E-1 2.74095E-1 2.69263E-1 2.67248E-1
6.85872E-1 6.47101E-1 5.26802E-1 4.90592E-1 4.42828E-1 3.92056E-1 3.42614E-1 3.42672E-1 3.56961E-1 3.7823E-1 5.41707E-1 6.88962E-1 7.02546E-1 6.95346E-1 5.75662E-1 3.98045E-1 3.65592E-1 3.734E-1 3.95292E-1 3.81912E-1 3.54188E-1 3.51228E-1 3.65885E-1 3.62715E-1 3.58737E-1 3.57168E-1 3.58204E-1 3.63383E-1 3.67677E-1 3.98625E-1 3.90799E-1 4.23883E-1 4.19088E-1 3.95071E-1 3.87845E-1 3.97381E-1 3.94803E-1 4.08139E-1 3.73438E-1 3.475E-1 3.2746E-1 3.3611E-1 3.23062E-1 3.07839E-1 2.98023E-1 2.95079E-1 3.00207E-1 2.94695E-1 2.91504E-1 2.90314E-1 2.85987E-1 2.95026E-1 3.07366E-1 3.33223E-1 3.54276E-1 2.93199E-1 2.80672E-1 2.78618E-1 2.74439E-1 2.6668E-1 2.64289E-1
7.72676E-1 6.98694E-1 6.07412E-1 5.05206E-1 4.52339E-1 4.25489E-1 3.61741E-1 3.40999E-1 3.14563E-1 3.21161E-1 3.52963E-1 4.54295E-1 6.27289E-1 7.25413E-1 7.26785E-1 6.23161E-1 5.27764E-1 4.01157E-1 3.77957E-1 3.67967E-1 3.78373E-1 3.63086E-1 3.6985E-1 3.7855E-1 3.66816E-1 3.78105E-1 3.58759E-1 3.71703E-1 3.61909E-1 3.69354E-1 4.14487E-1 4.91621E-1 4.29854E-1 4.10293E-1 4.07165E-1 4.12078E-1 4.2478E-1 4.2096E-1 3.94388E-1 3.61176E-1 3.40644E-1 3.38142E-1 3.45772E-1 3.44006E-1 3.31951E-1 3.23245E-1 3.18213E-1 3.16474E-1 3.06226E-1 3.01557E-1 3.07615E-1 3.04225E-1 3.01174E-1 3.06547E-1 3.56378E-1 2.98131E-1 2.82366E-1 2.80273E-1 2.72249E-1 2.71483E-1 2.75356E-1
6.91117E-1 5.97618E-1 5.57229E-1 5.12816E-1 4.65035E-1 4.21222E-1 3.92055E-1 3.52632E-1 3.16684E-1 2.96436E-1 3.11634E-1 3.90465E-1 5.17387E-1 6.78949E-1 7.89956E-1 7.86358E-1 6.19222E-1 4.19332E-1 3.94371E-1 3.75898E-1 3.70782E-1 3.7273E-1 3.83353E-1 3.78254E-1 3.81038E-1 3.77582E-1 3.80269E-1 3.62029E-1 3.5209E-1 3.62991E-1 4.11073E-1 4.31381E-1 4.04883E-1 5.13346E-1 5.27021E-1 5.07587E-1 4.80769E-1 4.20854E-1 3.96657E-1 3.77296E-1 3.63525E-1 3.37389E-1 3.30949E-1 3.31406E-1 3.32992E-1 3.34259E-1 3.29639E-1 3.25689E-1 3.15812E-1 3.15193E-1 3.13875E-1 2.95823E-1 2.96601E-1 2.98752E-1 3.18404E-1 3.15117E-1 2.87683E-1 2.8203E-1 2.75047E-1 2.77329E-1 2.84637E-1
7.25347E-1 7.04482E-1 7.38531E-1 5.1225E-1 4.41765E-1 4.21432E-1 4.03075E-1 3.69389E-1 3.45045E-1 3.13142E-1 2.97891E-1 3.26027E-1 3.96543E-1 5.32188E-1 7.03684E-1 7.76144E-1 6.53117E-1 4.61711E-1 3.96155E-1 3.7671E-1 3.81929E-1 3.67979E-1 3.78753E-1 3.87569E-1 3.92599E-1 3.84137E-1 3.83949E-1 3.62168E-1 3.60082E-1 3.49546E-1 3.60521E-1 3.82479E-1 4.4433E-1 5.07314E-1 5.42907E-1 5.43138E-1 5.11975E-1 4.63768E-1 3.96164E-1 3.86896E-1 3.75633E-1 3.598E-1 3.4797E-1 3.29963E-1 3.5488E-1 3.37043E-1 3.29548E-1 3.21405E-1 3.18092E-1 3.11728E-1 3.02307E-1 3.01901E-1 3.03844E-1 3.01617E-1 3.00266E-1 2.96971E-1 2.97507E-1 2.99557E-1 2.9484E-1 2.90415E-1 2.96036E-1
7.55311E-1 7.60899E-1 6.46986E-1 4.97179E-1 4.68158E-1 4.33792E-1 4.03337E-1 3.62872E-1 3.18741E-1 3.1084E-1 3.02322E-1 3.24414E-1 3.43047E-1 3.99683E-1 5.68428E-1 6.65359E-1 6.33162E-1 4.38693E-1 3.82777E-1 3.78815E-1 3.75865E-1 3.7986E-1 3.85382E-1 3.96255E-1 3.86479E-1 3.80158E-1 3.86832E-1 3.74898E-1 3.77966E-1 3.7309E-1 3.57732E-1 3.92958E-1 4.4455E-1 4.88109E-1 5.38944E-1 5.27736E-1 5.11941E-1 4.85653E-1 4.10914E-1 3.84389E-1 3.80585E-1 3.69937E-1 3.57512E-1 3.41985E-1 3.45098E-1 3.31639E-1 3.2583E-1 3.13855E-1 3.08357E-1 3.03016E-1 3.05157E-1 3.06801E-1 3.09445E-1 3.08516E-1 3.10225E-1 3.02962E-1 3.05249E-1 2.95629E-1 3.01179E-1 3.02784E-1 3.18543E-1
8.00796E-1 8.03214E-1 7.93279E-1 6.51116E-1 5.39557E-1 4.59867E-1 4.08726E-1 3.88407E-1 3.59893E-1 3.19468E-1 3.05336E-1 3.27499E-1 3.67721E-1 3.45004E-1 4.46591E-1 5.77097E-1 5.90803E-1 4.48987E-1 4.02673E-1 3.77615E-1 3.721E-1 3.96212E-1 4.07179E-1 4.05792E-1 3.90472E-1 3.89222E-1 3.94616E-1 4.00319E-1 3.85373E-1 3.81215E-1 3.60925E-1 3.63757E-1 4.32856E-1 4.75484E-1 4.9212E-1 5.31335E-1 5.25248E-1 5.08452E-1 4.20768E-1 3.78308E-1 3.62802E-1 3.44002E-1 3.41455E-1 3.48766E-1 3.6154E-1 3.28469E-1 3.16696E-1 3.16755E-1 3.22267E-1 3.25254E-1 3.23052E-1 3.20604E-1 3.17871E-1 3.21961E-1 3.23366E-1 3.19413E-1 3.16401E-1 3.07467E-1 2.99346E-1 2.97969E-1 2.97112E-1
7.15352E-1 7.39623E-1 7.85329E-1 7.43726E-1 5.40729E-1 4.34564E-1 3.99784E-1 3.69357E-1 3.31653E-1 3.31012E-1 3.37578E-1 3.44308E-1 3.78194E-1 3.66361E-1 4.39996E-1 5.59035E-1 5.03931E-1 4.24839E-1 3.89299E-1 3.82226E-1 3.89717E-1 4.01256E-1 4.20374E-1 4.18012E-1 4.04996E-1 4.00096E-1 4.00055E-1 3.85754E-1 3.72913E-1 3.64832E-1 3.58696E-1 3.51028E-1 3.56985E-1 4.12221E-1 4.46613E-1 5.04149E-1 5.0726E-1 4.86159E-1 3.98555E-1 3.66694E-1 3.48816E-1 3.40807E-1 3.562E-1 3.4806E-1 3.30562E-1 3.31825E-1 3.44295E-1 3.30087E-1 3.29471E-1 3.29317E-1 3.28497E-1 3.26167E-1 3.20883E-1 3.21129E-1 3.23664E-1 3.16431E-1 3.12175E-1 3.10706E-1 3.10196E-1 3.13613E-1 3.13828E-1
5.67263E-1 5.38674E-1 6.67646E-1 5.90487E-1 5.07893E-1 5.25944E-1 4.88466E-1 4.10716E-1 3.93441E-1 4.20299E-1 4.24019E-1 4.32809E-1 4.36627E-1 4.61225E-1 5.29436E-1 5.71537E-1 4.62949E-1 4.09081E-1 4.01067E-1 4.0013E-1 4.15002E-1 4.25677E-1 4.18063E-1 4.11378E-1 4.04118E-1 3.95682E-1 4.06998E-1 4.11671E-1 3.72794E-1 3.54743E-1 3.54175E-1 3.62628E-1 3.47385E-1 3.68047E-1 4.00572E-1 4.3704E-1 4.67286E-1 4.34379E-1 3.80669E-1 3.54234E-1 3.50803E-1 3.58206E-1 3.4418E-1 3.30817E-1 3.46885E-1 3.61101E-1 3.64549E-1 3.60729E-1 3.59244E-1 3.46493E-1 3.46686E-1 3.41362E-1 3.33345E-1 3.40993E-1 3.47411E-1 3.35868E-1 3.32259E-1 3.29302E-1 3.25719E-1 3.29603E-1 3.28187E-1
7.32513E-1 5.58517E-1 5.41144E-1 5.19866E-1 4.83481E-1 4.15666E-1 3.88155E-1 3.76543E-1 3.9572E-1 4.33977E-1 4.63689E-1 3.91551E-1 4.21999E-1 5.0243E-1 5.85303E-1 5.3013E-1 4.6205E-1 4.22701E-1 4.00464E-1 4.05435E-1 3.93961E-1 4.3456E-1 4.24242E-1 4.155E-1 4.10866E-1 4.00199E-1 3.98517E-1 3.88166E-1 3.8879E-1 3.89201E-1 3.73219E-1 3.55995E-1 3.45655E-1 3.47346E-1 3.63167E-1 3.95471E-1 4.12723E-1 3.95156E-1 3.59319E-1 3.50468E-1 3.43649E-1 3.24309E-1 3.20003E-1 3.48703E-1 3.62046E-1 3.66058E-1 3.65175E-1 3.5592E-1 3.59137E-1 3.4862E-1 3.53677E-1 3.51748E-1 3.49797E-1 3.58133E-1 3.54075E-1 3.52424E-1 3.45891E-1 3.48607E-1 3.43057E-1 3.41201E-1 3.39226E-1
8.45765E-1 7.39015E-1 5.29437E-1 4.64342E-1 4.19941E-1 3.82546E-1 3.67646E-1 3.35673E-1 3.20785E-1 3.30116E-1 3.49876E-1 3.66703E-1 3.80463E-1 4.14669E-1 4.52381E-1 4.59407E-1 4.32775E-1 4.14623E-1 4.038E-1 4.08485E-1 4.14024E-1 4.29212E-1 4.45655E-1 4.34452E-1 4.28758E-1 4.15141E-1 3.96367E-1 3.96276E-1 3.93009E-1 3.83594E-1 3.7113E-1 3.57954E-1 3.60884E-1 3.70557E-1 3.52072E-1 3.55167E-1 3.54657E-1 3.59033E-1 3.52438E-1 3.47657E-1 3.30405E-1 3.32921E-1 3.61943E-1 3.60346E-1 3.5625E-1 3.56974E-1 3.56621E-1 3.63406E-1 3.47064E-1 3.39223E-1 3.58041E-1 3.66365E-1 3.69722E-1 3.59307E-1 3.47897E-1 3.44223E-1 3.52396E-1 3.51991E-1 3.50563E-1 3.52284E-1 3.48682E-1
8.58701E-1 7.71243E-1 7.32861E-1 4.88932E-1 3.96072E-1 3.6422E-1 3.41425E-1 3.30767E-1 3.28104E-1 3.39364E-1 3.55886E-1 3.84913E-1 4.11246E-1 4.26687E-1 4.31313E-1 4.22856E-1 4.08358E-1 4.08554E-1 3.95716E-1 4.10187E-1 4.17251E-1 4.26285E-1 4.4377E-1 4.40964E-1 4.40988E-1 4.38106E-1 4.21829E-1 4.05381E-1 3.90213E-1 3.9492E-1 3.84796E-1 3.81738E-1 3.85714E-1 3.75701E-1 3.68298E-1 3.515E-1 3.40876E-1 3.55885E-1 3.53659E-1 3.54057E-1 3.43368E-1 3.49604E-1 3.51607E-1 3.51828E-1 3.49991E-1 3.53266E-1 3.5179E-1 3.58298E-1 3.60253E-1 3.57792E-1 3.53728E-1 3.53417E-1 3.51199E-1 3.5065E-1 3.47273E-1 3.5042E-1 3.48132E-1 3.49227E-1 3.50058E-1 3.53792E-1 3.52871E-1
6.63927E-1 7.80446E-1 7.89566E-1 6.97352E-1 4.49374E-1 3.54633E-1 3.37286E-1 3.35114E-1 3.49747E-1 3.78604E-1 3.92511E-1 4.14657E-1 4.44637E-1 4.74967E-1 4.51692E-1 4.35451E-1 4.34396E-1 4.15709E-1 4.14303E-1 4.23548E-1 4.32739E-1 4.1766E-1 4.1719E-1 4.25385E-1 4.116E-1 4.22455E-1 4.2494E-1 4.22442E-1 4.16691E-1 4.09155E-1 4.14191E-1 4.08397E-1 4.03111E-1 3.90064E-1 3.69662E-1 3.49271E-1 3.58429E-1 3.61209E-1 3.5316E-1 3.42543E-1 3.38207E-1 3.61062E-1 3.67251E-1 3.69938E-1 3.65845E-1 3.58939E-1 3.6072E-1 3.56588E-1 3.57865E-1 3.59074E-1 3.58953E-1 3.61783E-1 3.56089E-1 3.51203E-1 3.4865E-1 3.53834E-1 3.58079E-1 3.65715E-1 3.66657E-1 3.63178E-1 3.59152E-1
4.25204E-1 6.40571E-1 7.50018E-1 7.74718E-1 6.88897E-1 4.52978E-1 3.69514E-1 3.75911E-1 3.93407E-1 4.33171E-1 4.29217E-1 4.33137E-1 4.37928E-1 4.6358E-1 4.90072E-1 4.72916E-1 4.55197E-1 4.34387E-1 4.17513E-1 4.76362E-1 5.34108E-1 4.64825E-1 4.89726E-1 4.74117E-1 4.48253E-1 4.19155E-1 4.00536E-1 3.97481E-1 3.94583E-1 4.03284E-1 4.36043E-1 4.08055E-1 3.92522E-1 3.90942E-1 3.95062E-1 3.93338E-1 4.01301E-1 3.82104E-1 3.74994E-1 3.81692E-1 3.96466E-1 3.77757E-1 3.63454E-1 3.61132E-1 3.57575E-1 3.54285E-1 3.52451E-1 3.57674E-1 3.63572E-1 3.65336E-1 3.60379E-1 3.53745E-1 3.56666E-1 3.59005E-1 3.56282E-1 3.63566E-1 3.67506E-1 3.69663E-1 3.79818E-1 3.78278E-1 3.75127E-1
3.72789E-1 4.02876E-1 5.6185E-1 6.60859E-1 7.22186E-1 6.03159E-1 4.69917E-1 4.35925E-1 4.1688E-1 4.04228E-1 4.22876E-1 4.19792E-1 4.23518E-1 4.3775E-1 4.43254E-1 4.30096E-1 4.13336E-1 4.44978E-1 4.21036E-1 4.49527E-1 5.27327E-1 5.64528E-1 6.06259E-1 5.47537E-1 4.99221E-1 4.50241E-1 4.19914E-1 4.03796E-1 3.92293E-1 4.06841E-1 4.46014E-1 4.1627E-1 3.90961E-1 3.75354E-1 3.67264E-1 3.77328E-1 3.91049E-1 3.97598E-1 4.0209E-1 3.95337E-1 3.83578E-1 3.71075E-1 3.57028E-1 3.6385E-1 3.64217E-1 3.65707E-1 3.66199E-1 3.70572E-1 3.73477E-1 3.74433E-1 3.75608E-1 3.72517E-1 3.75891E-1 3.682E-1 3.65761E-1 3.67172E-1 3.6791E-1 3.72893E-1 3.72737E-1 3.72958E-1 3.59638E-1
3.49314E-1 3.51326E-1 3.77422E-1 4.14998E-1 4.64435E-1 4.78348E-1 4.67341E-1 4.59707E-1 4.28426E-1 4.45206E-1 4.61214E-1 4.86426E-1 4.58339E-1 4.38851E-1 4.47477E-1 4.38953E-1 4.4986E-1 4.73608E-1 4.93803E-1 4.97825E-1 4.75416E-1 4.6359E-1 5.71113E-1 6.19788E-1 6.00278E-1 5.2289E-1 4.83733E-1 4.37359E-1 4.19581E-1 4.18016E-1 4.17143E-1 3.84855E-1 3.74719E-1 3.75123E-1 3.64698E-1 3.65125E-1 3.68955E-1 3.70274E-1 3.76111E-1 3.78592E-1 3.73919E-1 3.60813E-1 3.65912E-1 3.64244E-1 3.73922E-1 3.75306E-1 3.77062E-1 3.78229E-1 3.78464E-1 3.75338E-1 3.76094E-1 3.7452E-1 3.72123E-1 3.63711E-1 3.68635E-1 3.62667E-1 3.65904E-1 3.72086E-1 3.7584E-1 3.73484E-1 3.63442E-1
3.27399E-1 3.38609E-1 3.33513E-1 3.68468E-1 4.24183E-1 4.62453E-1 4.40043E-1 4.26346E-1 4.2899E-1 4.11332E-1 4.06802E-1 4.31207E-1 5.01672E-1 4.62092E-1 5.28612E-1 4.79157E-1 4.70908E-1 4.95666E-1 5.68676E-1 5.26486E-1 4.83012E-1 4.62452E-1 4.61856E-1 5.22368E-1 5.89962E-1 5.7896E-1 5.02709E-1 4.5146E-1 4.28582E-1 4.28123E-1 4.17876E-1 4.1039E-1 3.86511E-1 3.75959E-1 3.78248E-1 3.87198E-1 3.8355E-1 3.74408E-1 3.71607E-1 3.80853E-1 3.8169E-1 3.68271E-1 3.68311E-1 3.65827E-1 3.70249E-1 3.73086E-1 3.70731E-1 3.71745E-1 3.74185E-1 3.75388E-1 3.73643E-1 3.7462E-1 3.73337E-1 3.68017E-1 3.63596E-1 3.54512E-1 3.53873E-1 3.64753E-1 3.64054E-1 3.64493E-1 3.60654E-1
3.60878E-1 3.62925E-1 3.75807E-1 4.51834E-1 4.63512E-1 4.42469E-1 4.00076E-1 3.92473E-1 3.8646E-1 3.88025E-1 3.98962E-1 4.16997E-1 4.40253E-1 4.32001E-1 4.35537E-1 4.75918E-1 4.68076E-1 4.77541E-1 5.46224E-1 5.13672E-1 5.17895E-1 4.82176E-1 4.71963E-1 4.84204E-1 5.30067E-1 5.43201E-1 5.01787E-1 4.51805E-1 4.43762E-1 4.52736E-1 4.40378E-1 4.08887E-1 3.85578E-1 3.73821E-1 3.71132E-1 3.75369E-1 3.87048E-1 3.84499E-1 3.71825E-1 3.70326E-1 3.73139E-1 3.74665E-1 3.7191E-1 3.64503E-1 3.67622E-1 3.7308E-1 3.77211E-1 3.73996E-1 3.83483E-1 3.86613E-1 3.83431E-1 3.77335E-1 3.68639E-1 3.63164E-1 3.64942E-1 3.61035E-1 3.51774E-1 3.51299E-1 3.58585E-1 3.59754E-1 3.52463E-1
3.74504E-1 3.81102E-1 4.13258E-1 4.39079E-1 4.59914E-1 4.23974E-1 4.0478E-1 3.95073E-1 3.98487E-1 4.07173E-1 4.27071E-1 4.44116E-1 4.44021E-1 4.61428E-1 4.85322E-1 4.8743E-1 4.62123E-1 4.57983E-1 4.86023E-1 4.94542E-1 4.93881E-1 4.93592E-1 4.8101E-1 4.81569E-1 5.13399E-1 5.27105E-1 5.02876E-1 4.73939E-1 4.69149E-1 4.60757E-1 4.3697E-1 4.12221E-1 3.95154E-1 3.81436E-1 3.73864E-1 3.74419E-1 3.73401E-1 3.81039E-1 3.94863E-1 3.97502E-1 3.90194E-1 3.77489E-1 3.70926E-1 3.65354E-1 3.69271E-1 3.77796E-1 3.87795E-1 3.89983E-1 3.97663E-1 3.96444E-1 3.923E-1 3.79398E-1 3.71043E-1 3.65755E-1 3.67651E-1 3.69567E-1 3.65461E-1 3.59982E-1 3.54353E-1 3.49967E-1 3.49315E-1
3.83412E-1 3.93343E-1 4.20629E-1 4.33733E-1 4.55207E-1 4.42949E-1 4.46238E-1 4.165E-1 4.18672E-1 4.07547E-1 4.32293E-1 4.6474E-1 4.6269E-1 4.75155E-1 5.12619E-1 4.84777E-1 4.76127E-1 4.72873E-1 5.30498E-1 5.59231E-1 5.48378E-1 5.39279E-1 5.09138E-1 4.91011E-1 4.9784E-1 5.21372E-1 5.11188E-1 5.16433E-1 4.89529E-1 4.74244E-1 4.62243E-1 4.42935E-1 4.29084E-1 4.196E-1 4.04828E-1 4.25073E-1 4.10652E-1 3.89517E-1 3.70969E-1 3.78899E-1 3.9327E-1 3.88074E-1 3.71222E-1 3.64622E-1 3.6746E-1 3.80137E-1 3.95823E-1 4.08569E-1 4.12654E-1 4.0176E-1 3.89134E-1 3.80609E-1 3.7215E-1 3.69385E-1 3.68643E-1 3.69419E-1 3.67232E-1 3.57904E-1 3.5624E-1 3.57993E-1 3.58162E-1
3.93827E-1 4.21317E-1 4.27584E-1 4.19891E-1 4.33158E-1 4.51423E-1 4.44234E-1 4.39482E-1 4.50895E-1 4.37286E-1 4.1913E-1 4.58425E-1 4.8337E-1 5.58312E-1 5.23234E-1 5.04214E-1 4.87238E-1 4.61974E-1 6.17266E-1 6.21897E-1 6.84866E-1 5.98655E-1 5.26321E-1 4.90515E-1 4.96475E-1 5.57116E-1 5.4206E-1 5.23767E-1 5.01272E-1 4.79537E-1 4.68938E-1 4.54872E-1 4.35558E-1 4.2852E-1 4.2815E-1 4.17898E-1 4.14732E-1 4.11136E-1 3.98158E-1 3.76895E-1 3.61167E-1 3.70309E-1 3.75058E-1 3.72573E-1 3.72539E-1 3.83394E-1 4.01853E-1 4.19662E-1 4.18504E-1 3.99534E-1 3.81072E-1 3.68631E-1 3.58438E-1 3.61927E-1 3.64625E-1 3.61117E-1 3.63885E-1 3.63365E-1 3.57524E-1 3.63257E-1 3.62897E-1
3.99487E-1 4.18275E-1 4.44534E-1 4.92098E-1 4.56966E-1 4.57902E-1 4.78266E-1 4.40718E-1 4.42707E-1 4.36072E-1 4.25039E-1 4.45943E-1 4.67444E-1 5.48682E-1 5.64341E-1 5.56341E-1 5.04439E-1 4.88219E-1 6.18734E-1 7.70394E-1 8.16607E-1 6.99059E-1 5.58579E-1 5.03872E-1 4.90069E-1 5.64422E-1 5.52354E-1 5.29034E-1 5.07997E-1 4.85048E-1 4.70003E-1 4.75039E-1 4.65824E-1 4.5237E-1 4.34848E-1 4.23082E-1 4.21401E-1 4.1959E-1 4.11002E-1 4.05559E-1 3.96264E-1 3.878E-1 3.71673E-1 3.66244E-1 3.67612E-1 3.77159E-1 3.89832E-1 4.0145E-1 4.02533E-1 3.91111E-1 3.78356E-1 3.63086E-1 3.60163E-1 3.58611E-1 3.547E-1 3.56688E-1 3.61973E-1 3.60686E-1 3.645E-1 3.59183E-1 3.62356E-1
4.17844E-1 4.31843E-1 4.75351E-1 4.90863E-1 4.72553E-1 4.68813E-1 4.82774E-1 4.4667E-1 4.28655E-1 4.21179E-1 4.55282E-1 4.40799E-1 4.674E-1 5.1575E-1 5.91379E-1 7.66971E-1 6.39199E-1 5.32134E-1 5.55912E-1 7.20326E-1 7.88986E-1 6.7079E-1 5.95618E-1 5.35545E-1 5.14077E-1 5.9532E-1 5.67232E-1 5.21558E-1 5.10204E-1 4.8985E-1 4.75235E-1 4.6958E-1 4.51615E-1 4.32802E-1 4.25713E-1 4.2116E-1 4.13306E-1 4.03971E-1 3.99854E-1 3.92025E-1 3.89712E-1 3.85827E-1 3.81923E-1 3.77652E-1 3.73579E-1 3.75249E-1 3.84399E-1 3.91534E-1 3.69537E-1 3.69862E-1 3.64654E-1 3.56281E-1 3.53164E-1 3.54486E-1 3.52694E-1 3.52626E-1 3.58441E-1 3.64358E-1 3.62194E-1 3.59072E-1 3.60219E-1
4.57905E-1 4.60371E-1 5.10715E-1 5.00458E-1 5.24401E-1 4.6116E-1 4.58387E-1 4.4653E-1 4.45133E-1 4.39835E-1 4.1644E-1 4.2778E-1 4.40609E-1 4.82629E-1 5.72587E-1 6.66343E-1 7.59767E-1 7.44541E-1 6.62425E-1 6.13829E-1 7.32177E-1 6.92893E-1 5.98239E-1 5.7142E-1 5.81975E-1 5.78491E-1 5.70471E-1 5.46075E-1 5.24735E-1 5.04167E-1 4.84642E-1 4.60213E-1 4.4538E-1 4.29557E-1 4.31814E-1 4.25058E-1 4.19168E-1 4.14178E-1 4.06425E-1 3.95287E-1 3.91842E-1 3.96222E-1 3.91317E-1 3.78378E-1 3.67679E-1 3.64946E-1 3.62602E-1 3.58848E-1 3.57692E-1 3.56863E-1 3.53881E-1 3.6067E-1 3.54893E-1 3.62876E-1 3.64158E-1 3.53934E-1 3.55466E-1 3.56639E-1 3.61417E-1 3.58628E-1 3.5638E-1
5.41434E-1 5.17021E-1 4.90206E-1 4.90341E-1 5.32657E-1 4.7424E-1 4.37718E-1 4.45744E-1 4.36945E-1 4.07196E-1 4.30606E-1 4.3994E-1 4.46614E-1 5.84351E-1 5.87478E-1 6.3152E-1 7.17225E-1 7.85207E-1 7.53089E-1 6.2667E-1 6.50533E-1 7.44076E-1 6.52649E-1 7.28555E-1 7.03038E-1 6.07853E-1 5.64971E-1 5.41092E-1 5.03483E-1 4.92742E-1 4.74264E-1 4.4052E-1 4.17833E-1 4.29855E-1 4.33465E-1 4.31017E-1 4.12465E-1 3.9425E-1 4.07796E-1 3.9796E-1 3.93411E-1 3.85771E-1 3.83606E-1 3.81994E-1 3.74328E-1 3.71138E-1 3.6697E-1 3.62239E-1 3.59547E-1 3.61938E-1 3.56626E-1 3.60413E-1 3.58187E-1 3.59546E-1 3.79275E-1 3.804E-1 3.63351E-1 3.52283E-1 3.50963E-1 3.56403E-1 3.57698E-1
6.78954E-1 5.58107E-1 5.02182E-1 5.22221E-1 4.58063E-1 4.42427E-1 4.48802E-1 3.85818E-1 4.0026E-1 4.14569E-1 4.50851E-1 4.71777E-1 4.61091E-1 6.49668E-1 6.88749E-1 7.01039E-1 6.38794E-1 7.21285E-1 7.35806E-1 5.75237E-1 5.53267E-1 6.28112E-1 7.86125E-1 7.85509E-1 7.05994E-1 6.24013E-1 5.53293E-1 4.89101E-1 4.6597E-1 4.45393E-1 4.42154E-1 4.27614E-1 4.02518E-1 4.13117E-1 4.06712E-1 3.9597E-1 3.78735E-1 3.73059E-1 3.69606E-1 3.71688E-1 3.87706E-1 3.93428E-1 3.87009E-1 3.82152E-1 3.77249E-1 3.68568E-1 3.67558E-1 3.65058E-1 3.62785E-1 3.55745E-1 3.63599E-1 3.63988E-1 3.6174E-1 3.64437E-1 3.6147E-1 3.62885E-1 3.63111E-1 3.65118E-1 3.63678E-1 3.62039E-1 3.5907E-1
4.63721E-1 3.80911E-1 3.94051E-1 4.53277E-1 5.11063E-1 4.86341E-1 4.64281E-1 4.08528E-1 3.91429E-1 3.91111E-1 4.12736E-1 4.28124E-1 4.27168E-1 4.24116E-1 4.73511E-1 5.74768E-1 5.04077E-1 7.36596E-1 7.01029E-1 5.84879E-1 5.70768E-1 6.3185E-1 7.89656E-1 8.13651E-1 7.88019E-1 7.35003E-1 5.98601E-1 4.61739E-1 4.33523E-1 4.29862E-1 4.21553E-1 4.01714E-1 4.03488E-1 3.98008E-1 3.92203E-1 3.83049E-1 3.78472E-1 3.66049E-1 3.60545E-1 3.84964E-1 3.93505E-1 3.88972E-1 3.83463E-1 3.84105E-1 3.81687E-1 3.74928E-1 3.66737E-1 3.62442E-1 3.645E-1 3.60625E-1 3.61855E-1 3.71318E-1 3.64554E-1 3.6958E-1 3.62627E-1 3.48446E-1 3.47384E-1 3.50512E-1 3.63223E-1 3.67997E-1 3.6587E-1
