maxent_outputs/red_flowers_linear/red_61.asc
ncols         426
nrows         180
xllcorner     -130.0
yllcorner     24.0
cellsize      0.16666666666666666
NODATA_value  -9999
[rows 27 to 53 of 180, columns 244 to 304 of 426]
1.05831E-2 1.08218E-2 1.28598E-2 1.44604E-2 1.74002E-2 2.03923E-2 1.85758E-2 1.31185E-2 1.16285E-2 1.13422E-2 1.13451E-2 1.30768E-2 1.39686E-2 1.31653E-2 1.69913E-2 1.23232E-2 1.20793E-2 1.16241E-2 1.15953E-2 1.19289E-2 1.14058E-2 1.13411E-2 1.19526E-2 1.04697E-2 1.01973E-2 1.26471E-2 1.07567E-2 1.03082E-2 1.03918E-2 9.71903E-3 9.94828E-3 1.0019E-2 1.00131E-2 1.0205E-2 1.07439E-2 9.93927E-3 9.68994E-3 1.02703E-2 1.06193E-2 1.08569E-2 1.15319E-2 1.16831E-2 1.13231E-2 1.10407E-2 1.01933E-2 9.94956E-3 1.04966E-2 1.06865E-2 1.08529E-2 1.0683E-2 1.04124E-2 1.12486E-2 1.17344E-2 1.17086E-2 1.15521E-2 1.17271E-2 1.14515E-2 1.14951E-2 1.1565E-2 1.14938E-2 1.16549E-2
1.04786E-2 1.14667E-2 1.34014E-2 1.22455E-2 1.19126E-2 1.42613E-2 1.30064E-2 1.18102E-2 1.16942E-2 1.10033E-2 1.06697E-2 1.29373E-2 1.23872E-2 1.32334E-2 1.18223E-2 1.13244E-2 1.17317E-2 1.35179E-2 1.26588E-2 1.22374E-2 1.22879E-2 1.12023E-2 1.12631E-2 1.19272E-2 1.20408E-2 1.1707E-2 1.0032E-2 1.02032E-2 1.03259E-2 9.83412E-3 9.49727E-3 1.0073E-2 9.50353E-3 1.0033E-2 1.02802E-2 1.00297E-2 1.01807E-2 1.02749E-2 9.81165E-3 1.02642E-2 1.14067E-2 1.12097E-2 1.09937E-2 1.08262E-2 1.0991E-2 1.10751E-2 1.09285E-2 1.06116E-2 1.11836E-2 1.04807E-2 1.04594E-2 1.08571E-2 1.12016E-2 1.08539E-2 1.10616E-2 1.13975E-2 1.12028E-2 1.13422E-2 1.19703E-2 1.16088E-2 1.21823E-2
1.07446E-2 1.14906E-2 1.32989E-2 1.40996E-2 1.31665E-2 1.35758E-2 1.72314E-2 1.51935E-2 1.24101E-2 1.25272E-2 1.38092E-2 1.44726E-2 1.32736E-2 1.43772E-2 1.14427E-2 1.19988E-2 1.39436E-2 1.56698E-2 1.43571E-2 1.32586E-2 1.17346E-2 1.2291E-2 1.22034E-2 1.3635E-2 1.39686E-2 1.28827E-2 1.09664E-2 1.1183E-2 1.10893E-2 1.12868E-2 1.12016E-2 1.03114E-2 1.02311E-2 1.02103E-2 1.01798E-2 1.08904E-2 1.12055E-2 1.23129E-2 1.16884E-2 1.17114E-2 1.23133E-2 1.11864E-2 1.07126E-2 1.08228E-2 1.1055E-2 1.15894E-2 1.13322E-2 1.05248E-2 1.04289E-2 1.00264E-2 1.03412E-2 1.06593E-2 1.09099E-2 1.12385E-2 1.16443E-2 1.17164E-2 1.14469E-2 1.19216E-2 1.26354E-2 1.19528E-2 1.22195E-2
1.02552E-2 1.05658E-2 1.29678E-2 1.49637E-2 1.55055E-2 1.61121E-2 2.1542E-2 2.6774E-2 2.21971E-2 2.72508E-2 2.40635E-2 1.95695E-2 1.70631E-2 1.72542E-2 1.75876E-2 1.50271E-2 1.45592E-2 1.59471E-2 1.57121E-2 1.51322E-2 1.37519E-2 1.3961E-2 1.40015E-2 1.29776E-2 1.24379E-2 1.16168E-2 1.24009E-2 1.23816E-2 1.1741E-2 1.57926E-2 1.18071E-2 1.11655E-2 1.04823E-2 1.04902E-2 1.08942E-2 1.24151E-2 1.12502E-2 1.0988E-2 1.18686E-2 1.23254E-2 1.21116E-2 1.19876E-2 1.14325E-2 1.07926E-2 1.08621E-2 1.14939E-2 1.14479E-2 1.10108E-2 1.0788E-2 1.10121E-2 1.08524E-2 1.13217E-2 1.13203E-2 1.14903E-2 1.16782E-2 1.67392E-2 1.72833E-2 1.29511E-2 1.2832E-2 1.20329E-2 1.2151E-2
1.1915E-2 1.1284E-2 1.22045E-2 1.45769E-2 1.99132E-2 2.92733E-2 2.04337E-2 2.46468E-2 3.44284E-2 4.47788E-2 5.6573E-2 6.21043E-2 5.1104E-2 4.43205E-2 4.66017E-2 4.60396E-2 3.41307E-2 3.17903E-2 1.88955E-2 1.59468E-2 1.45126E-2 1.5011E-2 1.69265E-2 1.33336E-2 1.27823E-2 1.29788E-2 1.28578E-2 1.34575E-2 1.21352E-2 1.31319E-2 1.23761E-2 1.198E-2 1.14641E-2 1.1328E-2 1.18353E-2 1.22104E-2 1.23714E-2 1.17671E-2 1.19699E-2 1.23168E-2 1.17293E-2 1.21687E-2 1.20829E-2 1.18619E-2 1.14574E-2 1.0951E-2 1.15382E-2 1.16164E-2 1.13688E-2 1.15494E-2 1.17562E-2 1.16419E-2 1.18137E-2 1.19623E-2 1.23476E-2 1.7643E-2 2.11896E-2 1.53318E-2 1.99972E-2 1.37041E-2 1.26849E-2
1.64218E-2 1.8892E-2 2.55942E-2 2.66538E-2 3.1595E-2 3.29201E-2 5.71186E-2 9.61017E-2 1.22934E-1 1.29487E-1 1.28955E-1 1.28471E-1 1.27494E-1 1.20668E-1 1.17703E-1 1.25132E-1 1.25244E-1 1.28175E-1 4.54642E-2 1.8439E-2 1.70334E-2 1.58714E-2 1.49352E-2 1.46966E-2 1.39269E-2 1.44637E-2 1.33766E-2 1.30939E-2 1.44163E-2 1.32937E-2 1.4043E-2 1.18795E-2 1.20393E-2 1.24074E-2 1.22784E-2 1.22748E-2 1.23455E-2 1.22287E-2 1.27186E-2 1.2531E-2 1.25148E-2 1.215E-2 1.23959E-2 1.23708E-2 1.21848E-2 1.20551E-2 1.26229E-2 1.21446E-2 1.16283E-2 1.15359E-2 1.32065E-2 1.17182E-2 1.14128E-2 1.11057E-2 1.10521E-2 1.09788E-2 1.33655E-2 1.52016E-2 1.76891E-2 1.54219E-2 1.42486E-2
2.71861E-2 5.37652E-2 5.47441E-2 3.91938E-2 5.43504E-2 8.63885E-2 1.18495E-1 1.23292E-1 1.25548E-1 1.2757E-1 1.28185E-1 1.30536E-1 1.29358E-1 1.31224E-1 1.32365E-1 1.30617E-1 1.29256E-1 1.40595E-1 9.77318E-2 2.47654E-2 1.88531E-2 1.75407E-2 1.64916E-2 1.59549E-2 1.60263E-2 1.56597E-2 1.38776E-2 1.41544E-2 1.38697E-2 1.37731E-2 1.56817E-2 1.43713E-2 1.34342E-2 1.60702E-2 1.48232E-2 1.41915E-2 1.35438E-2 1.25566E-2 1.34511E-2 1.28057E-2 1.27833E-2 1.26233E-2 1.26174E-2 1.30905E-2 1.32192E-2 1.29153E-2 1.24159E-2 1.22697E-2 1.20699E-2 1.24333E-2 1.4459E-2 1.26426E-2 1.2201E-2 1.19009E-2 1.12321E-2 1.09415E-2 1.21009E-2 1.26882E-2 1.39551E-2 1.52362E-2 1.74821E-2
3.86197E-2 5.6679E-2 7.95358E-2 1.00288E-1 1.07533E-1 1.0232E-1 1.16059E-1 1.25633E-1 1.24847E-1 1.27052E-1 1.30438E-1 1.33213E-1 1.32254E-1 1.3299E-1 1.35394E-1 1.34919E-1 1.34513E-1 1.40946E-1 1.45563E-1 3.8861E-2 2.08653E-2 1.99251E-2 1.86794E-2 1.78393E-2 1.7395E-2 1.71332E-2 1.60818E-2 1.58104E-2 1.43908E-2 1.35051E-2 1.57E-2 1.65722E-2 1.44996E-2 1.37799E-2 1.388E-2 1.35892E-2 1.40306E-2 1.33051E-2 1.30623E-2 1.34372E-2 1.39658E-2 1.34784E-2 1.35905E-2 1.32437E-2 1.32783E-2 1.31462E-2 1.29112E-2 1.24694E-2 1.26675E-2 1.30469E-2 1.29517E-2 1.21876E-2 1.35201E-2 1.21372E-2 1.23903E-2 1.20985E-2 1.21639E-2 1.32182E-2 1.47937E-2 1.75441E-2 1.61095E-2
8.10328E-2 9.93829E-2 7.59528E-2 6.31675E-2 5.95823E-2 9.7776E-2 1.22955E-1 1.23348E-1 1.25564E-1 1.29459E-1 1.32611E-1 1.36257E-1 1.36408E-1 1.37382E-1 1.39539E-1 1.39431E-1 1.41493E-1 1.40606E-1 1.46324E-1 1.05631E-1 3.77661E-2 2.39899E-2 2.18953E-2 2.14023E-2 2.07608E-2 1.9775E-2 2.0298E-2 1.7812E-2 1.63005E-2 1.57451E-2 1.43508E-2 1.47675E-2 1.53325E-2 1.3918E-2 1.38321E-2 1.51459E-2 1.57915E-2 1.46245E-2 1.34904E-2 1.46034E-2 1.48017E-2 1.48316E-2 1.58062E-2 1.37627E-2 1.35822E-2 1.31768E-2 1.28989E-2 1.34288E-2 1.28112E-2 1.31415E-2 1.36058E-2 1.42367E-2 1.41592E-2 1.28686E-2 1.2581E-2 1.31777E-2 1.30997E-2 1.466E-2 1.61986E-2 1.63409E-2 1.6434E-2
8.74842E-2 5.08215E-2 6.00972E-2 9.01444E-2 1.12059E-1 1.22466E-1 1.23443E-1 1.22218E-1 1.24724E-1 1.2887E-1 1.33367E-1 1.35054E-1 1.34517E-1 1.38738E-1 1.59817E-1 1.60955E-1 1.61036E-1 1.59177E-1 1.62162E-1 1.64609E-1 1.37108E-1 8.18775E-2 6.79717E-2 6.39167E-2 7.45998E-2 8.69299E-2 5.02978E-2 2.12326E-2 1.73878E-2 1.48642E-2 1.40224E-2 1.29294E-2 1.52289E-2 1.57401E-2 1.49933E-2 1.5265E-2 1.65471E-2 1.43882E-2 1.42472E-2 1.49499E-2 1.47584E-2 1.52341E-2 1.40921E-2 1.3768E-2 1.39468E-2 1.40499E-2 1.49053E-2 1.48808E-2 1.49366E-2 1.46505E-2 1.42429E-2 1.45133E-2 1.41742E-2 1.36418E-2 1.34422E-2 1.32821E-2 1.34972E-2 1.53647E-2 1.62661E-2 1.60727E-2 1.60724E-2
1.12662E-1 9.7525E-2 1.15598E-1 1.16626E-1 1.15626E-1 1.22038E-1 1.23832E-1 1.25606E-1 1.27095E-1 1.27573E-1 1.30409E-1 1.32173E-1 1.39586E-1 1.43862E-1 1.63418E-1 1.62984E-1 1.62491E-1 1.64189E-1 1.63173E-1 1.62555E-1 8.89941E-2 5.98242E-2 8.53712E-2 1.4251E-1 1.36043E-1 1.31591E-1 3.32126E-2 1.95248E-2 1.63286E-2 1.48565E-2 1.49399E-2 1.44857E-2 1.38044E-2 1.36705E-2 1.57946E-2 1.50514E-2 1.51738E-2 1.38873E-2 1.52522E-2 1.63014E-2 1.56682E-2 1.47785E-2 1.62587E-2 1.67776E-2 1.50791E-2 1.46889E-2 1.51922E-2 1.57986E-2 1.47314E-2 1.54245E-2 1.48291E-2 1.45705E-2 1.47611E-2 1.46316E-2 1.42856E-2 1.45046E-2 1.44597E-2 1.47696E-2 1.56676E-2 1.47192E-2 1.57408E-2
1.19908E-1 1.18734E-1 1.18338E-1 1.14934E-1 1.19261E-1 1.19814E-1 1.25205E-1 1.13021E-1 1.07891E-1 1.17493E-1 1.23038E-1 1.32095E-1 1.42115E-1 1.43345E-1 1.62197E-1 1.63419E-1 1.66107E-1 1.64898E-1 1.62147E-1 1.61449E-1 1.40427E-1 1.32814E-1 1.41239E-1 1.37286E-1 1.35686E-1 1.23314E-1 3.06725E-2 2.09613E-2 1.73113E-2 1.58306E-2 1.52434E-2 1.52032E-2 1.44631E-2 1.51257E-2 1.58593E-2 1.46269E-2 1.52091E-2 1.51061E-2 1.49121E-2 1.49617E-2 1.55233E-2 1.5528E-2 1.63335E-2 1.5501E-2 1.55825E-2 1.584E-2 1.55541E-2 1.56023E-2 1.58053E-2 1.472E-2 1.49672E-2 1.5646E-2 1.41974E-2 1.50995E-2 1.61867E-2 1.61639E-2 1.6365E-2 1.65095E-2 1.86857E-2 1.74896E-2 1.70823E-2
1.27233E-1 1.24606E-1 1.11191E-1 1.09798E-1 1.1058E-1 8.87041E-2 5.26892E-2 4.87412E-2 5.76209E-2 7.08599E-2 1.00924E-1 1.23129E-1 1.43995E-1 1.4589E-1 1.60154E-1 1.65761E-1 1.68316E-1 1.70761E-1 1.68125E-1 1.67682E-1 1.38444E-1 1.2385E-1 1.401E-1 1.39362E-1 1.38026E-1 1.34877E-1 1.0549E-1 5.94099E-2 2.42916E-2 1.7089E-2 1.55852E-2 1.69709E-2 1.67317E-2 1.71308E-2 1.65885E-2 1.69508E-2 1.70642E-2 1.84751E-2 1.7336E-2 1.76919E-2 1.76472E-2 1.6783E-2 1.59557E-2 1.67008E-2 1.56688E-2 1.61577E-2 1.60608E-2 1.54084E-2 1.42889E-2 1.47036E-2 1.46946E-2 1.58747E-2 1.57759E-2 1.67904E-2 1.8717E-2 1.97814E-2 1.88487E-2 1.87248E-2 2.49899E-2 1.91632E-2 1.68209E-2
1.28898E-1 1.22332E-1 1.05288E-1 8.7498E-2 5.96497E-2 3.97169E-2 4.11645E-2 6.1673E-2 9.72993E-2 1.26919E-1 1.2625E-1 1.23806E-1 1.27199E-1 1.35509E-1 1.62774E-1 1.67679E-1 1.67501E-1 1.71425E-1 1.72278E-1 1.68314E-1 1.44257E-1 1.40856E-1 1.43555E-1 1.40254E-1 1.4019E-1 1.40062E-1 1.27622E-1 1.00467E-1 3.53495E-2 1.92099E-2 1.87151E-2 1.79913E-2 1.77581E-2 1.67019E-2 1.85743E-2 1.91572E-2 1.9563E-2 1.93907E-2 1.83304E-2 1.81544E-2 1.94799E-2 1.97315E-2 2.14199E-2 1.90772E-2 1.67733E-2 1.59663E-2 1.69703E-2 1.58271E-2 1.57901E-2 1.69948E-2 1.63352E-2 1.71005E-2 1.7162E-2 1.68035E-2 2.08778E-2 1.91411E-2 1.84081E-2 1.84712E-2 1.96647E-2 2.32625E-2 1.68818E-2
1.15086E-1 9.36588E-2 6.60926E-2 4.33088E-2 3.60141E-2 4.0652E-2 6.77371E-2 1.05593E-1 1.21613E-1 1.29029E-1 1.29168E-1 1.25023E-1 1.24321E-1 1.32271E-1 1.66452E-1 1.7158E-1 1.69952E-1 1.71001E-1 1.77985E-1 1.7436E-1 1.48447E-1 1.49441E-1 1.46515E-1 1.42167E-1 1.42291E-1 1.38801E-1 1.29474E-1 6.263E-2 2.41239E-2 2.0979E-2 1.95456E-2 1.85955E-2 1.92075E-2 1.94793E-2 2.04169E-2 2.0924E-2 2.16232E-2 2.11779E-2 1.94177E-2 1.82535E-2 2.05084E-2 2.011E-2 1.85322E-2 1.87738E-2 1.77713E-2 1.68046E-2 1.82774E-2 1.94718E-2 1.89955E-2 1.81807E-2 1.62377E-2 1.68049E-2 1.86149E-2 1.83575E-2 2.0585E-2 2.32882E-2 1.98123E-2 1.99651E-2 1.95823E-2 2.25227E-2 1.76876E-2
5.55391E-2 4.7594E-2 4.22656E-2 3.83732E-2 3.86618E-2 4.97049E-2 5.91976E-2 5.69728E-2 6.42709E-2 9.28479E-2 1.26557E-1 1.3358E-1 1.31703E-1 1.34427E-1 1.44619E-1 1.53494E-1 1.48394E-1 1.43374E-1 1.53964E-1 1.55004E-1 1.5264E-1 1.53623E-1 1.51635E-1 1.42614E-1 1.35748E-1 1.30648E-1 1.23308E-1 8.15184E-2 5.00743E-2 3.47802E-2 2.29854E-2 1.96903E-2 2.16706E-2 2.09651E-2 2.35921E-2 2.45802E-2 2.67244E-2 2.75119E-2 2.48638E-2 2.1832E-2 2.20323E-2 2.22914E-2 1.85877E-2 2.01924E-2 2.24351E-2 2.03728E-2 2.06083E-2 1.91173E-2 1.85647E-2 1.80167E-2 1.85042E-2 1.96159E-2 2.00662E-2 2.0312E-2 2.09582E-2 2.50411E-2 2.14646E-2 1.92638E-2 1.87334E-2 1.82591E-2 2.21137E-2
3.87962E-2 3.62696E-2 3.63514E-2 4.07095E-2 4.07717E-2 4.33987E-2 3.68054E-2 3.44867E-2 3.69788E-2 4.78137E-2 6.13346E-2 1.37004E-1 1.43194E-1 1.41623E-1 1.43034E-1 1.47102E-1 1.45779E-1 1.45928E-1 1.43782E-1 1.31745E-1 1.07399E-1 1.06676E-1 1.23983E-1 8.39733E-2 6.15625E-2 5.12535E-2 8.71108E-2 1.02235E-1 6.88473E-2 3.57965E-2 2.40822E-2 2.28628E-2 2.33064E-2 2.49813E-2 2.62066E-2 2.68509E-2 2.68872E-2 2.88405E-2 2.78583E-2 2.93205E-2 2.5204E-2 2.32231E-2 2.48414E-2 2.36085E-2 2.41646E-2 2.43189E-2 2.1429E-2 1.99635E-2 1.94068E-2 1.95868E-2 2.08119E-2 3.65625E-2 2.43167E-2 2.24629E-2 2.00831E-2 2.0382E-2 2.1684E-2 2.05106E-2 1.88343E-2 1.78053E-2 1.89046E-2
3.16726E-2 3.66263E-2 3.64312E-2 3.76769E-2 3.25701E-2 2.88638E-2 2.76014E-2 2.83241E-2 2.96509E-2 3.55922E-2 4.3679E-2 6.71913E-2 1.33194E-1 1.26125E-1 1.35243E-1 1.30022E-1 1.17454E-1 9.26762E-2 6.06618E-2 4.9237E-2 5.0076E-2 4.97191E-2 4.65383E-2 4.34349E-2 4.13635E-2 4.17512E-2 8.47047E-2 9.9696E-2 6.78985E-2 3.352E-2 2.93875E-2 2.93944E-2 2.95644E-2 2.85541E-2 2.99265E-2 3.34553E-2 3.264E-2 3.43408E-2 3.32637E-2 3.47788E-2 3.08663E-2 3.09025E-2 2.91106E-2 2.86804E-2 2.88392E-2 2.79914E-2 2.47436E-2 2.52254E-2 2.28935E-2 2.19385E-2 2.09167E-2 2.06114E-2 2.20652E-2 2.17593E-2 2.14467E-2 2.18925E-2 2.13502E-2 2.091E-2 1.95084E-2 1.88022E-2 1.86548E-2
3.29231E-2 3.40195E-2 3.46551E-2 3.156E-2 2.87151E-2 2.68976E-2 2.79272E-2 2.84085E-2 2.83005E-2 3.21501E-2 3.69285E-2 3.99191E-2 5.14197E-2 5.69481E-2 6.29118E-2 5.98442E-2 5.19676E-2 4.9208E-2 4.45575E-2 4.18116E-2 4.30156E-2 4.83076E-2 4.76814E-2 4.5955E-2 4.49148E-2 4.31278E-2 4.65551E-2 4.70847E-2 4.46732E-2 3.6148E-2 3.65642E-2 3.52831E-2 3.27413E-2 3.25001E-2 3.30238E-2 3.75775E-2 3.8108E-2 3.79311E-2 3.98636E-2 3.64343E-2 3.66562E-2 3.68946E-2 3.01063E-2 2.99867E-2 2.93397E-2 2.84437E-2 2.774E-2 2.70286E-2 2.52203E-2 2.5587E-2 2.49362E-2 2.30359E-2 2.36262E-2 2.2508E-2 2.2261E-2 2.43877E-2 2.54438E-2 2.44771E-2 2.17478E-2 1.92488E-2 2.08323E-2
2.97633E-2 3.00876E-2 3.16881E-2 3.20425E-2 3.0009E-2 2.9018E-2 3.13879E-2 3.26464E-2 3.43538E-2 3.74387E-2 3.9528E-2 3.77957E-2 4.45682E-2 4.92435E-2 4.8972E-2 4.63284E-2 4.76039E-2 4.77458E-2 4.28195E-2 4.27034E-2 5.08888E-2 6.55768E-2 5.45916E-2 5.20396E-2 5.46231E-2 4.98113E-2 4.36483E-2 4.19782E-2 3.59683E-2 3.69737E-2 4.13541E-2 4.27918E-2 4.00525E-2 5.43128E-2 6.20905E-2 6.02851E-2 5.52897E-2 4.63555E-2 4.46941E-2 4.62611E-2 3.9656E-2 3.98493E-2 3.65588E-2 3.36658E-2 3.37836E-2 3.29522E-2 3.2373E-2 3.35544E-2 3.35953E-2 2.77125E-2 2.76155E-2 2.55924E-2 2.47379E-2 2.43295E-2 2.51454E-2 2.9225E-2 3.38197E-2 3.72706E-2 4.31248E-2 3.38638E-2 2.89963E-2
2.72519E-2 3.04459E-2 3.06176E-2 3.14286E-2 2.99877E-2 3.28462E-2 3.38553E-2 3.5584E-2 3.88186E-2 4.12353E-2 4.22642E-2 4.10705E-2 4.49907E-2 4.9084E-2 5.06935E-2 5.10533E-2 5.12007E-2 5.11808E-2 4.96373E-2 5.04912E-2 5.4836E-2 6.37124E-2 6.60123E-2 7.71262E-2 7.00923E-2 6.22212E-2 5.72943E-2 5.73186E-2 5.58122E-2 4.81775E-2 4.48506E-2 4.84498E-2 5.89044E-2 6.35762E-2 6.89371E-2 1.0119E-1 1.0755E-1 9.74257E-2 9.14469E-2 9.2023E-2 8.64478E-2 7.4403E-2 6.4543E-2 5.37931E-2 4.33468E-2 4.05394E-2 3.9687E-2 3.4654E-2 3.32025E-2 3.14193E-2 2.95331E-2 2.73131E-2 2.62009E-2 2.48689E-2 2.48504E-2 2.53996E-2 2.62461E-2 2.74041E-2 2.88567E-2 2.90569E-2 2.82201E-2
2.89521E-2 3.04816E-2 3.33045E-2 3.38949E-2 3.45683E-2 3.68393E-2 3.60133E-2 3.86375E-2 4.15087E-2 4.14804E-2 4.22892E-2 4.43012E-2 4.60733E-2 4.99157E-2 5.29453E-2 5.60226E-2 5.83802E-2 5.22003E-2 7.80364E-2 9.43586E-2 9.22661E-2 1.07205E-1 1.22417E-1 1.1903E-1 1.10227E-1 1.04174E-1 8.26308E-2 7.07795E-2 8.43051E-2 9.93643E-2 1.05175E-1 1.11362E-1 1.13788E-1 9.48333E-2 8.51526E-2 7.85694E-2 8.22955E-2 7.67456E-2 6.37073E-2 7.36175E-2 6.3679E-2 5.44409E-2 5.25513E-2 5.81248E-2 4.36803E-2 6.13727E-2 7.17567E-2 8.71773E-2 6.88059E-2 5.38276E-2 4.63077E-2 3.07789E-2 2.73151E-2 2.61301E-2 2.56646E-2 2.54546E-2 2.54627E-2 2.56671E-2 2.43611E-2 2.50106E-2 2.49388E-2
2.88261E-2 2.96271E-2 3.17256E-2 3.19953E-2 3.32108E-2 3.35217E-2 3.50887E-2 3.84495E-2 4.15688E-2 4.26346E-2 4.28147E-2 4.6017E-2 5.0334E-2 6.473E-2 7.36523E-2 8.00595E-2 7.30791E-2 9.90871E-2 1.40944E-1 1.62197E-1 1.5987E-1 1.33633E-1 8.88027E-2 9.41244E-2 1.21976E-1 1.0622E-1 8.03359E-2 7.18738E-2 7.18876E-2 8.02461E-2 1.36692E-1 1.63009E-1 1.7424E-1 1.78991E-1 1.76871E-1 1.66797E-1 1.60633E-1 1.36623E-1 1.15107E-1 1.17001E-1 9.42065E-2 6.00268E-2 5.35194E-2 5.14091E-2 5.38208E-2 5.15899E-2 7.58987E-2 1.28615E-1 1.244E-1 1.16236E-1 1.08818E-1 8.58614E-2 3.32365E-2 2.82349E-2 2.83784E-2 2.83204E-2 2.53119E-2 2.46263E-2 2.43593E-2 2.59773E-2 2.47238E-2
3.02488E-2 2.88304E-2 3.0688E-2 3.3479E-2 3.31253E-2 3.47254E-2 3.57249E-2 3.86088E-2 4.25857E-2 4.36888E-2 4.38259E-2 5.07015E-2 7.38515E-2 1.04993E-1 1.09909E-1 1.00895E-1 1.10554E-1 1.57369E-1 1.61265E-1 1.62038E-1 1.50058E-1 1.3889E-1 9.53274E-2 1.19629E-1 1.29578E-1 8.59651E-2 6.6003E-2 6.47267E-2 6.53464E-2 6.59261E-2 6.81441E-2 9.91795E-2 1.40697E-1 1.61789E-1 1.66001E-1 1.65709E-1 1.68485E-1 1.65961E-1 1.52215E-1 1.64827E-1 1.63653E-1 1.51772E-1 1.19457E-1 8.00748E-2 6.99567E-2 6.73402E-2 1.26611E-1 1.21733E-1 1.25405E-1 1.1866E-1 1.14457E-1 1.08949E-1 7.53317E-2 3.93605E-2 3.15396E-2 2.9163E-2 2.64798E-2 2.49662E-2 2.48142E-2 2.38892E-2 2.43025E-2
3.05709E-2 3.0552E-2 3.25255E-2 3.30299E-2 3.57002E-2 3.76771E-2 3.80681E-2 3.93599E-2 4.13075E-2 4.27137E-2 4.51805E-2 5.65651E-2 9.70047E-2 1.13077E-1 9.61525E-2 1.14201E-1 1.42865E-1 1.55073E-1 1.5307E-1 1.4985E-1 1.28004E-1 1.23798E-1 1.36229E-1 1.32485E-1 1.15036E-1 8.81734E-2 6.98092E-2 6.69263E-2 6.80119E-2 5.98469E-2 6.36814E-2 6.23267E-2 6.62772E-2 8.7559E-2 1.13374E-1 1.39304E-1 1.51292E-1 1.50071E-1 1.50306E-1 1.46167E-1 1.47765E-1 1.48291E-1 1.46653E-1 1.39558E-1 1.2117E-1 1.01624E-1 1.28838E-1 1.27349E-1 1.23128E-1 1.19624E-1 1.16462E-1 1.12379E-1 1.07005E-1 7.18578E-2 4.27293E-2 4.45574E-2 2.95664E-2 2.6303E-2 2.53728E-2 2.43526E-2 2.49159E-2
3.03336E-2 2.97404E-2 3.24852E-2 3.48384E-2 3.92187E-2 4.0965E-2 4.28614E-2 4.2364E-2 4.3205E-2 4.66512E-2 5.33211E-2 7.97901E-2 9.84356E-2 8.67563E-2 1.0991E-1 1.36413E-1 1.3999E-1 1.42535E-1 1.39072E-1 1.28411E-1 1.25901E-1 1.2506E-1 1.06574E-1 1.01719E-1 7.40566E-2 7.29845E-2 6.34499E-2 5.85916E-2 5.56747E-2 5.73988E-2 5.45122E-2 5.52142E-2 5.59551E-2 5.89659E-2 6.61389E-2 8.25233E-2 1.23448E-1 1.37709E-1 1.34015E-1 1.32645E-1 1.32609E-1 1.32329E-1 1.30508E-1 1.27981E-1 1.24219E-1 1.12441E-1 9.24347E-2 9.033E-2 1.07746E-1 1.13645E-1 1.09447E-1 1.07727E-1 1.08062E-1 1.04998E-1 7.02782E-2 5.63993E-2 3.59104E-2 3.21755E-2 3.14587E-2 2.85665E-2 2.68714E-2
3.26664E-2 3.25771E-2 3.87542E-2 4.13631E-2 4.63368E-2 4.29219E-2 4.3424E-2 4.41932E-2 4.4943E-2 5.19443E-2 7.51974E-2 9.62782E-2 7.41607E-2 8.96563E-2 1.29372E-1 1.31538E-1 1.29512E-1 1.27028E-1 1.21747E-1 9.41956E-2 9.93943E-2 9.79145E-2 7.98192E-2 9.28923E-2 7.25128E-2 6.50384E-2 5.45599E-2 4.96997E-2 5.11433E-2 5.18278E-2 5.35689E-2 5.56505E-2 5.68771E-2 6.02295E-2 6.66759E-2 7.57476E-2 9.52326E-2 1.21388E-1 1.25111E-1 1.19851E-1 1.19121E-1 1.18039E-1 1.17837E-1 1.16178E-1 1.14479E-1 1.15448E-1 1.05019E-1 7.06538E-2 8.31633E-2 1.04701E-1 1.02257E-1 1.0337E-1 1.03899E-1 1.04838E-1 1.03811E-1 7.10316E-2 4.27133E-2 3.7058E-2 4.05745E-2 3.53092E-2 2.94515E-2
