maxent_outputs/red_flowers_linear/red_308.asc
ncols         426
nrows         180
xllcorner     -130.0
yllcorner     24.0
cellsize      0.16666666666666666
NODATA_value  -9999
[rows 81 to 107 of 180, columns 61 to 121 of 426]
5.36406E-2 5.72249E-2 6.15984E-2 6.07684E-2 5.59943E-2 6.27736E-2 6.07317E-2 5.46419E-2 5.4519E-2 4.98154E-2 5.45154E-2 5.82787E-2 6.09654E-2 5.84291E-2 5.46641E-2 5.12628E-2 4.80391E-2 5.15573E-2 5.14707E-2 4.29395E-2 4.14528E-2 4.63253E-2 3.87176E-2 4.2194E-2 3.68875E-2 4.09342E-2 3.79744E-2 3.31993E-2 3.72808E-2 3.42275E-2 3.39273E-2 3.32094E-2 3.15062E-2 4.09806E-2 4.45836E-2 4.24285E-2 4.44908E-2 4.30549E-2 4.59402E-2 5.12338E-2 5.75947E-2 6.00292E-2 5.7047E-2 5.70703E-2 5.42274E-2 4.91314E-2 4.87111E-2 5.28314E-2 5.33492E-2 3.32852E-2 3.11532E-2 2.84565E-2 2.48124E-2 2.84753E-2 3.19228E-2 3.18038E-2 2.70745E-2 2.61037E-2 2.47155E-2 2.14041E-2 2.42371E-2
6.20334E-2 7.0522E-2 6.65124E-2 6.6186E-2 5.88599E-2 5.8096E-2 6.03575E-2 6.19486E-2 5.39482E-2 5.63968E-2 5.66218E-2 4.98392E-2 6.32534E-2 6.56904E-2 6.19205E-2 6.50457E-2 5.69857E-2 5.62275E-2 5.46474E-2 4.41102E-2 4.84619E-2 4.30913E-2 4.00758E-2 4.59618E-2 4.22931E-2 4.39251E-2 4.4412E-2 4.32372E-2 3.71823E-2 3.88949E-2 3.33651E-2 3.99573E-2 3.8335E-2 4.12294E-2 4.24237E-2 4.43437E-2 4.2346E-2 4.2578E-2 4.88609E-2 5.36018E-2 5.23866E-2 6.00772E-2 5.6413E-2 5.65472E-2 4.94413E-2 5.34567E-2 4.39267E-2 5.37766E-2 4.32079E-2 4.33215E-2 3.16402E-2 2.52062E-2 2.58008E-2 2.94671E-2 3.20042E-2 3.36572E-2 2.87355E-2 2.54319E-2 2.13179E-2 2.00526E-2 2.07929E-2
5.5714E-2 7.38316E-2 7.47402E-2 6.82376E-2 6.02657E-2 5.97485E-2 6.76457E-2 5.75253E-2 5.28759E-2 5.76943E-2 5.33271E-2 5.92207E-2 6.38973E-2 6.5037E-2 5.84129E-2 5.71592E-2 5.6482E-2 5.47794E-2 5.71075E-2 4.56191E-2 4.75591E-2 4.37413E-2 4.73903E-2 3.77815E-2 4.75082E-2 4.47639E-2 5.17431E-2 4.15159E-2 3.5429E-2 3.58919E-2 3.7335E-2 3.96248E-2 4.33539E-2 4.22822E-2 4.06174E-2 4.32553E-2 4.89017E-2 4.30976E-2 4.91844E-2 6.01293E-2 5.29775E-2 5.50121E-2 6.42653E-2 5.77371E-2 5.10955E-2 5.46174E-2 5.11705E-2 4.64803E-2 4.10286E-2 4.51665E-2 3.55623E-2 2.81904E-2 2.45175E-2 2.96246E-2 3.49808E-2 3.53438E-2 3.23681E-2 2.85694E-2 2.60987E-2 2.53917E-2 2.47953E-2
5.37388E-2 6.75592E-2 7.69061E-2 7.91511E-2 7.35872E-2 7.34681E-2 6.53017E-2 5.78756E-2 5.30715E-2 4.92789E-2 5.70999E-2 6.43178E-2 5.64647E-2 6.04393E-2 4.87189E-2 5.97387E-2 5.68137E-2 5.43856E-2 4.72343E-2 4.05296E-2 4.48253E-2 4.50952E-2 4.36939E-2 3.8995E-2 4.64278E-2 5.02195E-2 4.5647E-2 4.14893E-2 3.70237E-2 4.21573E-2 4.15539E-2 4.0188E-2 4.16934E-2 3.94383E-2 4.0092E-2 4.30505E-2 4.35617E-2 4.62635E-2 5.51637E-2 6.22896E-2 7.09535E-2 6.02794E-2 6.89934E-2 6.23854E-2 5.23277E-2 5.14185E-2 5.53491E-2 5.44338E-2 4.28784E-2 3.73488E-2 3.46769E-2 2.9094E-2 2.453E-2 2.93962E-2 3.32076E-2 3.67055E-2 4.05856E-2 4.0685E-2 3.77928E-2 3.37303E-2 3.34426E-2
5.45981E-2 6.03119E-2 6.33281E-2 8.02699E-2 7.98173E-2 7.76258E-2 6.33753E-2 5.43263E-2 4.78784E-2 5.29353E-2 6.05226E-2 5.90628E-2 5.5314E-2 5.2405E-2 5.43062E-2 6.06086E-2 5.53989E-2 4.83686E-2 5.1652E-2 4.92561E-2 4.51818E-2 4.59208E-2 4.64809E-2 4.18443E-2 4.3331E-2 4.56205E-2 3.6315E-2 3.95434E-2 3.86869E-2 4.15894E-2 4.38926E-2 4.17519E-2 4.59976E-2 4.44054E-2 4.45659E-2 4.81394E-2 5.09246E-2 6.36519E-2 7.30536E-2 7.27062E-2 7.3071E-2 7.17942E-2 5.83195E-2 6.14342E-2 6.23958E-2 5.81976E-2 5.80451E-2 5.74373E-2 4.63302E-2 3.75245E-2 3.22127E-2 2.23127E-2 2.35212E-2 3.34378E-2 3.52591E-2 3.86421E-2 4.29718E-2 4.72299E-2 4.62091E-2 4.17174E-2 4.25293E-2
5.96484E-2 6.97644E-2 7.6382E-2 8.43292E-2 8.28526E-2 6.95536E-2 5.58876E-2 5.01479E-2 5.0367E-2 5.55123E-2 5.70677E-2 5.03783E-2 4.52439E-2 4.62471E-2 5.19008E-2 5.55941E-2 5.45236E-2 5.10561E-2 5.33467E-2 4.79398E-2 3.83027E-2 4.01703E-2 4.56367E-2 4.53427E-2 4.28746E-2 4.66187E-2 3.66172E-2 3.89173E-2 3.69033E-2 4.10669E-2 4.23099E-2 4.04475E-2 4.41669E-2 4.62904E-2 5.14081E-2 5.09864E-2 6.4084E-2 7.44258E-2 7.67646E-2 8.09714E-2 8.40004E-2 6.44521E-2 5.70686E-2 5.53187E-2 6.3717E-2 6.81474E-2 5.7422E-2 5.36186E-2 4.27374E-2 4.52606E-2 3.67039E-2 2.30352E-2 2.92525E-2 4.26054E-2 4.32749E-2 4.50854E-2 5.18581E-2 4.65321E-2 5.42847E-2 5.79927E-2 5.42633E-2
5.29044E-2 6.5616E-2 8.00633E-2 8.22833E-2 7.96342E-2 6.54675E-2 5.12632E-2 5.50695E-2 6.3876E-2 5.72973E-2 5.92484E-2 5.23888E-2 4.48084E-2 4.89107E-2 4.79944E-2 5.00943E-2 4.98845E-2 5.89292E-2 5.70756E-2 4.5965E-2 4.66517E-2 4.39814E-2 4.99565E-2 4.75284E-2 4.49545E-2 4.2492E-2 3.86683E-2 3.40549E-2 3.63487E-2 3.74997E-2 3.70977E-2 3.75928E-2 3.99261E-2 4.34568E-2 5.20455E-2 5.01713E-2 7.50799E-2 7.0349E-2 6.76953E-2 7.98497E-2 8.5561E-2 6.80981E-2 4.64747E-2 5.10202E-2 6.18407E-2 5.99407E-2 5.10711E-2 4.98274E-2 4.13219E-2 3.97926E-2 3.11334E-2 2.82373E-2 3.6468E-2 4.24277E-2 4.11886E-2 4.79644E-2 5.38363E-2 6.05439E-2 6.31647E-2 6.69493E-2 5.58392E-2
5.02664E-2 6.38118E-2 6.83027E-2 8.11628E-2 7.35911E-2 7.264E-2 6.5172E-2 6.37105E-2 6.5568E-2 5.32485E-2 5.31456E-2 5.09596E-2 4.58223E-2 4.45828E-2 4.71513E-2 4.82216E-2 5.58441E-2 6.14138E-2 5.39368E-2 4.67243E-2 4.42869E-2 4.34423E-2 4.25476E-2 4.20209E-2 4.51152E-2 4.28642E-2 3.54185E-2 2.81227E-2 3.33879E-2 3.31277E-2 3.57663E-2 3.98932E-2 4.42659E-2 4.33905E-2 5.24416E-2 5.28392E-2 6.7541E-2 7.76863E-2 7.38652E-2 8.76476E-2 7.32848E-2 5.24281E-2 4.8504E-2 5.04803E-2 5.90921E-2 5.88343E-2 4.95721E-2 4.77863E-2 5.1456E-2 3.63124E-2 2.65374E-2 3.42986E-2 4.52656E-2 3.80783E-2 4.66023E-2 5.22237E-2 5.11372E-2 6.1779E-2 6.3743E-2 7.45257E-2 5.64056E-2
5.05055E-2 5.33017E-2 6.11327E-2 7.38812E-2 6.23215E-2 7.47698E-2 7.84721E-2 7.33827E-2 6.87067E-2 6.30127E-2 5.90505E-2 5.88495E-2 4.5566E-2 4.32488E-2 4.80468E-2 5.16395E-2 5.85817E-2 6.37954E-2 4.41736E-2 4.3798E-2 3.92839E-2 3.98031E-2 4.12196E-2 4.21207E-2 4.49501E-2 4.54809E-2 3.67813E-2 3.5872E-2 3.81602E-2 4.1241E-2 3.34028E-2 4.44302E-2 5.13207E-2 5.51312E-2 5.93379E-2 5.9518E-2 7.04912E-2 6.72666E-2 7.62721E-2 7.78546E-2 7.19606E-2 6.45495E-2 5.41301E-2 5.79414E-2 5.28954E-2 5.39885E-2 4.16685E-2 4.71542E-2 4.59045E-2 3.38116E-2 2.63623E-2 3.95484E-2 4.37114E-2 4.30461E-2 5.12756E-2 5.59955E-2 5.6317E-2 5.99524E-2 6.0417E-2 7.24802E-2 7.32577E-2
4.60639E-2 5.36109E-2 5.6785E-2 7.26894E-2 7.1691E-2 7.18182E-2 7.89336E-2 7.6689E-2 7.76644E-2 7.08568E-2 7.04069E-2 6.52845E-2 4.98658E-2 4.78311E-2 4.39696E-2 4.52011E-2 5.87207E-2 5.26025E-2 4.31896E-2 4.03931E-2 3.93165E-2 4.35301E-2 4.17678E-2 4.49284E-2 4.76897E-2 5.08712E-2 4.45487E-2 4.50546E-2 4.89902E-2 4.72757E-2 3.69471E-2 4.72539E-2 4.46181E-2 4.11881E-2 5.70325E-2 6.37E-2 6.50293E-2 6.32971E-2 6.95615E-2 7.061E-2 6.76265E-2 7.27152E-2 5.9112E-2 5.7346E-2 5.34291E-2 4.47826E-2 3.96019E-2 4.6509E-2 4.31052E-2 3.20397E-2 3.57442E-2 4.71155E-2 5.06221E-2 5.08136E-2 5.04915E-2 5.55738E-2 5.71582E-2 5.25388E-2 5.62395E-2 6.1416E-2 6.27305E-2
3.84618E-2 4.08375E-2 6.09258E-2 6.5529E-2 6.91539E-2 6.734E-2 8.09079E-2 8.12423E-2 6.60859E-2 6.73929E-2 7.17251E-2 6.71789E-2 5.65342E-2 5.09338E-2 4.08862E-2 5.05236E-2 6.21766E-2 3.96005E-2 4.11704E-2 4.00437E-2 3.86118E-2 4.27574E-2 4.47863E-2 4.29238E-2 5.1731E-2 5.08259E-2 5.20454E-2 5.19394E-2 5.49792E-2 4.70664E-2 4.19257E-2 5.12676E-2 4.96759E-2 5.20169E-2 5.76382E-2 5.94392E-2 6.21514E-2 6.48292E-2 6.72801E-2 6.02163E-2 6.18202E-2 5.81291E-2 6.17495E-2 5.86599E-2 4.58802E-2 3.77523E-2 4.6865E-2 3.61989E-2 2.85057E-2 2.38598E-2 4.0791E-2 6.27062E-2 6.44526E-2 5.84901E-2 5.75044E-2 6.48674E-2 5.34564E-2 5.67013E-2 6.13713E-2 6.33671E-2 6.82176E-2
2.40945E-2 3.25917E-2 4.40631E-2 3.98421E-2 4.10955E-2 5.88487E-2 5.64711E-2 1.02825E-1 8.70285E-2 8.26703E-2 6.79445E-2 5.98196E-2 5.69283E-2 6.90349E-2 6.5674E-2 6.41883E-2 5.32357E-2 4.47624E-2 4.01021E-2 4.4871E-2 4.42281E-2 5.03924E-2 4.91831E-2 5.30798E-2 4.88624E-2 4.068E-2 4.76484E-2 5.52681E-2 6.02167E-2 5.84252E-2 5.29303E-2 5.19531E-2 5.89391E-2 6.00529E-2 6.01664E-2 5.56775E-2 5.84754E-2 6.06832E-2 6.1811E-2 6.13329E-2 5.64755E-2 5.45172E-2 5.85914E-2 4.79077E-2 3.67238E-2 4.65231E-2 4.21628E-2 2.87858E-2 2.68558E-2 2.88017E-2 4.45103E-2 7.14042E-2 7.38951E-2 7.64838E-2 7.1803E-2 5.91894E-2 5.76746E-2 5.81019E-2 6.80705E-2 7.41425E-2 7.86235E-2
2.24318E-2 2.01495E-2 2.53973E-2 2.58871E-2 4.47053E-2 5.00369E-2 4.02106E-2 7.34177E-2 7.00916E-2 7.5494E-2 9.4311E-2 6.11244E-2 7.37644E-2 8.00857E-2 8.02795E-2 7.10576E-2 5.69722E-2 5.26087E-2 4.36288E-2 4.88191E-2 4.70068E-2 4.99595E-2 5.57193E-2 5.93952E-2 4.26105E-2 4.96352E-2 5.25587E-2 5.92166E-2 5.97663E-2 5.98951E-2 6.36523E-2 5.37067E-2 6.20647E-2 5.61178E-2 5.83774E-2 5.31867E-2 5.87795E-2 5.9006E-2 6.24301E-2 6.34955E-2 5.75303E-2 5.42379E-2 4.37483E-2 3.87924E-2 2.85344E-2 4.0198E-2 3.70419E-2 3.06083E-2 2.92286E-2 3.75432E-2 4.43398E-2 7.53175E-2 8.67338E-2 8.32581E-2 7.20345E-2 6.78447E-2 6.8843E-2 6.7587E-2 7.84859E-2 8.78479E-2 9.41609E-2
1.8753E-2 1.60307E-2 2.00341E-2 2.797E-2 2.44807E-2 2.94052E-2 3.34365E-2 5.07793E-2 6.83097E-2 8.46652E-2 1.02653E-1 9.23267E-2 7.36984E-2 8.52075E-2 8.62632E-2 8.15028E-2 7.11222E-2 5.93212E-2 5.58256E-2 5.6299E-2 5.6716E-2 5.11149E-2 6.27784E-2 5.89863E-2 5.38317E-2 5.23341E-2 6.28351E-2 6.79173E-2 7.29588E-2 7.58304E-2 7.83228E-2 6.60788E-2 6.21659E-2 5.16358E-2 5.12594E-2 5.08643E-2 4.90322E-2 5.05566E-2 5.59094E-2 5.97265E-2 5.60356E-2 6.0277E-2 4.93243E-2 4.1593E-2 2.88432E-2 4.1677E-2 3.86564E-2 2.98567E-2 2.45318E-2 3.17907E-2 3.78673E-2 6.94151E-2 8.97306E-2 8.43216E-2 7.66223E-2 7.2758E-2 8.28893E-2 7.91977E-2 8.17314E-2 9.1923E-2 9.15857E-2
2.60207E-2 1.88395E-2 1.59605E-2 1.93584E-2 3.79128E-2 4.62333E-2 3.85797E-2 5.14543E-2 6.60781E-2 7.10308E-2 1.00759E-1 9.95609E-2 9.75662E-2 8.65256E-2 7.44499E-2 7.7325E-2 7.75451E-2 7.27339E-2 6.82133E-2 6.10506E-2 5.43626E-2 5.9621E-2 6.13972E-2 6.37695E-2 5.1779E-2 6.44693E-2 6.68211E-2 7.20052E-2 7.59078E-2 8.52421E-2 8.95063E-2 7.26638E-2 6.80027E-2 5.86203E-2 5.14258E-2 4.58974E-2 5.06592E-2 5.49478E-2 5.76492E-2 5.422E-2 5.80105E-2 5.11011E-2 4.87144E-2 3.95568E-2 3.17268E-2 3.45194E-2 3.04051E-2 3.0849E-2 1.9669E-2 2.30555E-2 2.73769E-2 5.67474E-2 8.45611E-2 7.38637E-2 6.63105E-2 8.64575E-2 9.73156E-2 9.26414E-2 8.65028E-2 8.06761E-2 8.10968E-2
5.32332E-2 3.37144E-2 2.04814E-2 1.56066E-2 3.84215E-2 4.0255E-2 4.5986E-2 5.18281E-2 5.83152E-2 5.5895E-2 9.38648E-2 9.58613E-2 8.6788E-2 9.0319E-2 9.08273E-2 8.62017E-2 7.29918E-2 6.95814E-2 6.61308E-2 6.5022E-2 5.11681E-2 5.65895E-2 6.14523E-2 6.80661E-2 6.931E-2 6.61126E-2 6.89521E-2 7.09483E-2 9.02004E-2 9.45667E-2 8.73988E-2 7.57661E-2 7.281E-2 6.87536E-2 5.2898E-2 4.87829E-2 5.1658E-2 4.95458E-2 5.1486E-2 5.70237E-2 6.3126E-2 5.48657E-2 4.68225E-2 3.3897E-2 3.23442E-2 3.09564E-2 2.96892E-2 2.71677E-2 2.99951E-2 4.45555E-2 5.99129E-2 8.1016E-2 8.43041E-2 9.40571E-2 7.48085E-2 9.87101E-2 1.16064E-1 1.03633E-1 8.32282E-2 6.95981E-2 5.99197E-2
5.88831E-2 3.4052E-2 2.09571E-2 1.42959E-2 2.60749E-2 3.54212E-2 3.57905E-2 5.2663E-2 7.54541E-2 3.6931E-2 7.91604E-2 7.65591E-2 8.08006E-2 1.02872E-1 8.74793E-2 8.32128E-2 8.94487E-2 8.47668E-2 7.48045E-2 6.7503E-2 6.55717E-2 5.98322E-2 6.33139E-2 6.76948E-2 5.95377E-2 6.6885E-2 6.76118E-2 8.30309E-2 9.73366E-2 9.86587E-2 8.60512E-2 8.81136E-2 7.57425E-2 6.72361E-2 5.18531E-2 5.0663E-2 4.47408E-2 4.50699E-2 5.92503E-2 6.39825E-2 6.14159E-2 4.30934E-2 3.0147E-2 2.90227E-2 3.04785E-2 2.76322E-2 2.92649E-2 3.46326E-2 4.39473E-2 6.17687E-2 8.10826E-2 9.74137E-2 1.0109E-1 1.1694E-1 1.26583E-1 1.22855E-1 1.41404E-1 1.1063E-1 8.70887E-2 6.00588E-2 5.59878E-2
8.68325E-2 4.28049E-2 2.4646E-2 3.3262E-2 3.16559E-2 2.39755E-2 3.16288E-2 6.41998E-2 1.1726E-1 3.05708E-2 4.98394E-2 8.08864E-2 8.44683E-2 8.04688E-2 8.45433E-2 9.52699E-2 9.69694E-2 8.94407E-2 8.07688E-2 7.49905E-2 7.31654E-2 6.52166E-2 6.33876E-2 6.43007E-2 6.36285E-2 7.80002E-2 8.04535E-2 1.07224E-1 1.02655E-1 9.51782E-2 8.81733E-2 8.96148E-2 8.00195E-2 6.44062E-2 5.94484E-2 5.31805E-2 5.33019E-2 5.56199E-2 5.32425E-2 6.17317E-2 3.96395E-2 3.00323E-2 2.45127E-2 2.77662E-2 2.8272E-2 2.88248E-2 4.75865E-2 5.22579E-2 5.08433E-2 6.20163E-2 8.62954E-2 1.09952E-1 1.2786E-1 1.32403E-1 1.5586E-1 1.53195E-1 1.2781E-1 1.15796E-1 9.44341E-2 7.51369E-2 7.68128E-2
1.11576E-1 6.94368E-2 4.9569E-2 6.42796E-2 3.79707E-2 2.05169E-2 1.57464E-2 8.00474E-2 1.28432E-1 6.06184E-2 4.83329E-2 9.34309E-2 7.8528E-2 6.61011E-2 9.91908E-2 1.03272E-1 1.15349E-1 9.14662E-2 7.91399E-2 7.49907E-2 7.32004E-2 6.39302E-2 6.8679E-2 7.51509E-2 7.37417E-2 8.87847E-2 9.05679E-2 1.10069E-1 1.27798E-1 1.12672E-1 9.26578E-2 1.13587E-1 9.46013E-2 7.09055E-2 9.3718E-2 8.7986E-2 8.5205E-2 6.47178E-2 4.52764E-2 9.01645E-2 4.6689E-2 4.62409E-2 4.11371E-2 3.73404E-2 3.69167E-2 3.90824E-2 5.42531E-2 6.45605E-2 7.31549E-2 8.09171E-2 8.93301E-2 9.86674E-2 1.3691E-1 1.55563E-1 1.66565E-1 1.38673E-1 1.18779E-1 1.24263E-1 1.01736E-1 8.266E-2 8.65076E-2
1.29845E-1 1.17481E-1 8.10521E-2 5.39029E-2 2.90742E-2 2.28336E-2 1.30978E-2 2.61352E-2 5.63015E-2 1.10188E-1 7.31345E-2 1.23983E-1 1.45962E-1 1.5798E-1 1.17474E-1 1.02864E-1 1.32242E-1 1.22766E-1 9.6333E-2 7.98474E-2 6.31771E-2 5.33343E-2 7.38348E-2 8.00447E-2 7.95258E-2 8.98822E-2 1.11428E-1 1.17996E-1 1.62079E-1 1.34693E-1 1.45793E-1 1.77286E-1 1.90189E-1 1.50078E-1 1.7376E-1 1.61333E-1 1.4585E-1 1.20197E-1 1.35913E-1 1.82931E-1 1.37623E-1 8.36432E-2 7.00447E-2 6.74698E-2 5.85613E-2 5.2696E-2 6.88187E-2 9.82802E-2 1.04758E-1 1.15154E-1 1.29184E-1 1.41846E-1 1.03807E-1 1.69308E-1 1.70706E-1 1.59577E-1 1.57238E-1 1.29403E-1 1.11305E-1 1.01955E-1 9.71249E-2
1.49584E-1 1.56441E-1 1.22794E-1 7.2419E-2 3.69229E-2 2.5498E-2 1.5376E-2 1.8016E-2 2.05576E-2 1.44973E-1 4.94632E-2 8.91897E-2 1.75881E-1 1.62358E-1 2.36262E-1 1.47604E-1 1.11806E-1 1.21792E-1 1.29505E-1 1.12883E-1 9.06471E-2 9.0037E-2 1.03555E-1 9.73615E-2 8.97008E-2 9.73814E-2 1.32403E-1 1.55354E-1 1.69053E-1 2.20051E-1 2.29703E-1 2.65656E-1 2.07831E-1 2.48795E-1 2.62392E-1 2.25348E-1 1.94007E-1 2.25919E-1 2.1497E-1 1.78157E-1 1.49949E-1 1.01138E-1 7.7916E-2 9.2354E-2 8.95378E-2 7.68275E-2 7.63978E-2 1.19596E-1 1.29737E-1 1.62371E-1 1.82484E-1 2.12336E-1 1.75892E-1 1.43557E-1 1.33453E-1 1.3454E-1 1.42407E-1 1.15709E-1 1.0906E-1 1.06173E-1 9.45648E-2
1.4139E-1 1.63932E-1 1.7564E-1 1.58861E-1 1.11764E-1 5.45835E-2 3.4857E-2 2.22201E-2 1.83002E-2 1.41017E-1 7.99054E-2 1.64063E-1 2.22322E-1 1.11789E-1 1.75147E-1 2.73798E-1 1.15749E-1 1.48765E-1 1.68837E-1 1.47484E-1 1.39258E-1 1.17424E-1 1.23606E-1 1.36377E-1 1.19069E-1 1.50746E-1 1.5696E-1 1.49368E-1 1.50139E-1 2.66661E-1 2.79357E-1 3.00525E-1 2.0473E-1 3.31593E-1 3.26732E-1 3.11419E-1 1.88074E-1 1.91877E-1 2.01696E-1 1.59042E-1 1.35156E-1 1.21163E-1 1.12662E-1 1.24466E-1 1.06225E-1 7.98126E-2 6.33317E-2 7.37393E-2 8.89727E-2 1.73844E-1 1.66186E-1 1.70022E-1 1.618E-1 1.32868E-1 1.01923E-1 1.07017E-1 1.20614E-1 1.20011E-1 1.17992E-1 1.01206E-1 9.102E-2
1.6818E-1 1.51453E-1 1.73531E-1 1.76738E-1 1.32235E-1 5.11719E-2 3.48314E-2 2.97459E-2 1.6684E-2 9.6468E-2 1.63689E-1 1.33775E-1 4.00842E-1 2.01833E-1 1.39977E-1 5.22188E-1 4.26859E-1 2.47863E-1 2.35594E-1 2.34502E-1 2.15154E-1 1.813E-1 1.59296E-1 1.41777E-1 1.42428E-1 1.74192E-1 1.81778E-1 1.15916E-1 1.20772E-1 2.94977E-1 3.7062E-1 3.97766E-1 3.94097E-1 4.12072E-1 3.58659E-1 2.36978E-1 1.28998E-1 1.18035E-1 1.58918E-1 1.52633E-1 1.25366E-1 1.19045E-1 1.23972E-1 1.18461E-1 8.33725E-2 4.62186E-2 5.64817E-2 7.91816E-2 1.24706E-1 1.40636E-1 1.04771E-1 1.17123E-1 1.16751E-1 1.17888E-1 1.07703E-1 8.07973E-2 9.66954E-2 1.14257E-1 1.12637E-1 1.00615E-1 9.13246E-2
1.31048E-1 1.41307E-1 1.57786E-1 1.78999E-1 1.8615E-1 1.21457E-1 4.1544E-2 1.75943E-2 1.44409E-2 2.7094E-2 1.49151E-1 1.25712E-1 1.65998E-1 1.83408E-1 1.86554E-1 4.53937E-1 4.80368E-1 6.52245E-1 3.09557E-1 2.62059E-1 2.6445E-1 2.22568E-1 1.93536E-1 1.43337E-1 1.72869E-1 1.9859E-1 1.958E-1 9.39214E-2 1.17791E-1 3.09329E-1 4.00468E-1 4.39713E-1 4.541E-1 4.31552E-1 2.24363E-1 2.69864E-1 2.07226E-1 1.16438E-1 1.32201E-1 1.29504E-1 1.25137E-1 1.16155E-1 1.25394E-1 1.2432E-1 5.16254E-2 2.98127E-2 3.90717E-2 1.22627E-1 1.28048E-1 8.31252E-2 7.70907E-2 8.59532E-2 9.13204E-2 9.43168E-2 8.97579E-2 8.32145E-2 8.56868E-2 8.81325E-2 1.05041E-1 1.09609E-1 9.76279E-2
1.28772E-1 1.36831E-1 1.45493E-1 1.54615E-1 1.78175E-1 1.98855E-1 6.76448E-2 1.93861E-2 2.22494E-2 1.96264E-2 6.67439E-2 2.14893E-1 1.46655E-1 2.03538E-1 3.90755E-1 1.91288E-1 2.27979E-1 6.79763E-1 4.74986E-1 2.30394E-1 2.72744E-1 2.54207E-1 2.38594E-1 1.07575E-1 7.85961E-2 1.05711E-1 2.20027E-1 2.40743E-1 2.37292E-1 3.76536E-1 3.95441E-1 4.15528E-1 4.83673E-1 4.36452E-1 3.90134E-1 4.33014E-1 1.90057E-1 9.73698E-2 1.15458E-1 1.01654E-1 1.10002E-1 1.11231E-1 1.23304E-1 1.83502E-1 8.36468E-2 2.83634E-2 2.70729E-2 1.01251E-1 8.34733E-2 8.1802E-2 8.91173E-2 8.72837E-2 8.75907E-2 9.75348E-2 9.28265E-2 9.07727E-2 8.10392E-2 6.82293E-2 6.84067E-2 7.96023E-2 9.79208E-2
1.38914E-1 1.3935E-1 1.41486E-1 1.49311E-1 1.63539E-1 1.9018E-1 9.33686E-2 3.14358E-2 3.52037E-2 2.44514E-2 5.45439E-2 1.71855E-1 1.10647E-1 1.80809E-1 3.35697E-1 3.24303E-1 1.26226E-1 6.03266E-1 5.1084E-1 2.77322E-1 3.29815E-1 2.85191E-1 2.52102E-1 2.06082E-1 8.34328E-2 6.6978E-2 1.97019E-1 3.92661E-1 4.52806E-1 4.31193E-1 4.21583E-1 4.81399E-1 5.42877E-1 3.905E-1 4.08223E-1 4.67499E-1 1.7088E-1 8.20219E-2 1.34787E-1 1.83602E-1 1.85334E-1 2.05604E-1 1.8353E-1 1.36505E-1 1.6038E-1 8.68519E-2 3.42551E-2 8.76727E-2 9.88436E-2 1.04975E-1 1.07238E-1 9.83873E-2 9.75229E-2 1.0609E-1 1.00546E-1 9.03101E-2 7.49722E-2 7.3772E-2 6.81276E-2 6.7678E-2 8.84069E-2
1.43924E-1 1.43878E-1 1.35099E-1 1.36234E-1 1.54096E-1 2.16998E-1 1.40784E-1 4.63805E-2 5.03481E-2 3.14984E-2 5.37957E-2 2.02966E-1 1.87255E-1 1.35654E-1 2.39358E-1 4.57884E-1 1.29888E-1 5.08111E-1 6.60433E-1 2.58222E-1 3.15005E-1 3.37779E-1 2.70751E-1 2.55356E-1 2.41205E-1 1.61527E-1 2.51813E-1 4.16819E-1 4.98402E-1 5.1215E-1 5.52054E-1 5.22749E-1 5.27804E-1 5.14922E-1 4.76894E-1 3.22802E-1 1.82424E-1 1.03202E-1 1.3721E-1 2.53569E-1 1.18179E-1 9.73487E-2 9.03498E-2 1.03786E-1 6.47731E-2 1.10353E-1 1.20818E-1 1.38036E-1 1.12966E-1 1.28465E-1 1.47679E-1 1.19505E-1 1.07685E-1 1.07841E-1 9.78612E-2 8.61194E-2 8.13337E-2 7.40547E-2 7.26971E-2 8.0464E-2 9.25645E-2
