maxent_outputs/red_flowers_linear/red_186.asc
ncols         426
nrows         180
xllcorner     -130.0
yllcorner     24.0
cellsize      0.16666666666666666
NODATA_value  -9999
[rows 108 to 134 of 180, columns 122 to 182 of 426]
4.08655E-1 4.86921E-1 5.44316E-1 4.90988E-1 5.56597E-1 5.39938E-1 4.10266E-1 4.14644E-1 4.20395E-1 4.24489E-1 4.1363E-1 4.24884E-1 4.36786E-1 3.80995E-1 3.70093E-1 3.81989E-1 4.89685E-1 6.02319E-1 6.41683E-1 6.31754E-1 5.05523E-1 4.07973E-1 5.20821E-1 7.15979E-1 7.5781E-1 6.44994E-1 5.15564E-1 4.87365E-1 5.13095E-1 4.48016E-1 4.71458E-1 4.74961E-1 4.64198E-1 4.16355E-1 4.59973E-1 4.38255E-1 4.08549E-1 4.37343E-1 4.39687E-1 4.20126E-1 4.14272E-1 4.11737E-1 4.06486E-1 4.18481E-1 4.26397E-1 4.27029E-1 4.26609E-1 4.15846E-1 4.16656E-1 4.32186E-1 4.26897E-1 4.15061E-1 4.17345E-1 4.20175E-1 4.13221E-1 3.92681E-1 3.8365E-1 3.85878E-1 3.91523E-1 3.90395E-1 3.90917E-1
4.20212E-1 4.42296E-1 5.18503E-1 4.78832E-1 5.12733E-1 4.12206E-1 4.49772E-1 4.83791E-1 4.56196E-1 4.30381E-1 4.09019E-1 4.2048E-1 4.10118E-1 4.34418E-1 4.22425E-1 4.18567E-1 5.08569E-1 5.71477E-1 6.41219E-1 5.93725E-1 4.72545E-1 4.58611E-1 5.55329E-1 7.11221E-1 7.05266E-1 6.46383E-1 5.11949E-1 4.31584E-1 4.42074E-1 4.60941E-1 5.03552E-1 5.05414E-1 4.85243E-1 4.46069E-1 4.77865E-1 4.19387E-1 3.99055E-1 4.18665E-1 4.34733E-1 4.38457E-1 4.25782E-1 4.19499E-1 4.13765E-1 4.18033E-1 4.28369E-1 4.20169E-1 4.37739E-1 4.30718E-1 4.40146E-1 4.43871E-1 4.35095E-1 4.45561E-1 4.44938E-1 4.44932E-1 4.33687E-1 4.14218E-1 4.01432E-1 3.94907E-1 3.97792E-1 3.96609E-1 3.89376E-1
4.38012E-1 4.66153E-1 4.98153E-1 4.46225E-1 4.0925E-1 4.23235E-1 4.62691E-1 4.75323E-1 5.00319E-1 4.9598E-1 4.58734E-1 4.28476E-1 4.05327E-1 4.64562E-1 4.91658E-1 4.5344E-1 4.62237E-1 4.85562E-1 5.1471E-1 4.58757E-1 4.38154E-1 4.12357E-1 4.94499E-1 5.77791E-1 6.06152E-1 5.83727E-1 5.09895E-1 4.41031E-1 4.47397E-1 4.77783E-1 5.40352E-1 4.44468E-1 4.02791E-1 4.15521E-1 4.64551E-1 4.43767E-1 3.94935E-1 4.0764E-1 4.11724E-1 4.26822E-1 4.1551E-1 4.19602E-1 4.14265E-1 4.16775E-1 4.16407E-1 4.30693E-1 4.42375E-1 4.49102E-1 4.53871E-1 4.52242E-1 4.44927E-1 4.39977E-1 4.34601E-1 4.38809E-1 4.32745E-1 4.13408E-1 4.06034E-1 4.04621E-1 4.10324E-1 4.05788E-1 3.93868E-1
4.40081E-1 4.77937E-1 4.87465E-1 4.76033E-1 4.40815E-1 4.42948E-1 5.06813E-1 5.10621E-1 5.06953E-1 4.57687E-1 4.58836E-1 4.74222E-1 4.93536E-1 5.29514E-1 5.5694E-1 4.79735E-1 4.70262E-1 4.70373E-1 4.54559E-1 4.60435E-1 4.70931E-1 4.65119E-1 4.29455E-1 4.69762E-1 5.15805E-1 5.5333E-1 5.47943E-1 5.49908E-1 4.93027E-1 4.97365E-1 4.72729E-1 4.37043E-1 4.28451E-1 4.33555E-1 4.83352E-1 4.60865E-1 4.19161E-1 4.003E-1 4.01866E-1 4.14578E-1 4.15779E-1 4.522E-1 4.61101E-1 4.62874E-1 4.58841E-1 4.41626E-1 4.47871E-1 4.5772E-1 4.48954E-1 4.37059E-1 4.29925E-1 4.2267E-1 4.35757E-1 4.33093E-1 4.24194E-1 4.12722E-1 4.08634E-1 3.94531E-1 3.95513E-1 3.99898E-1 4.06878E-1
4.46577E-1 4.32404E-1 4.35585E-1 4.48798E-1 4.47366E-1 4.5831E-1 4.57929E-1 5.44365E-1 5.59011E-1 5.29139E-1 4.1315E-1 5.04967E-1 6.67315E-1 5.82537E-1 5.12225E-1 4.57052E-1 4.34946E-1 4.6322E-1 4.76498E-1 6.15856E-1 5.34654E-1 4.78658E-1 4.43345E-1 4.38874E-1 5.15336E-1 5.52562E-1 5.21862E-1 4.85015E-1 4.47152E-1 4.50663E-1 4.55739E-1 4.49398E-1 4.62415E-1 4.8509E-1 4.88902E-1 4.47979E-1 4.36231E-1 4.25793E-1 4.40595E-1 4.37307E-1 4.50939E-1 4.61676E-1 4.42378E-1 4.46354E-1 4.47667E-1 4.54313E-1 4.71861E-1 4.59777E-1 4.27396E-1 4.17473E-1 4.23853E-1 4.22413E-1 4.40408E-1 4.4267E-1 4.37559E-1 4.34051E-1 4.14687E-1 4.05034E-1 3.95653E-1 3.94249E-1 3.97874E-1
4.1957E-1 4.30432E-1 4.55716E-1 4.38415E-1 4.28933E-1 4.58071E-1 4.59715E-1 4.28365E-1 5.10646E-1 5.54912E-1 4.93556E-1 4.81311E-1 4.94855E-1 4.82519E-1 4.61496E-1 4.52725E-1 4.05168E-1 4.55454E-1 5.04531E-1 6.05972E-1 5.28356E-1 4.54257E-1 4.45256E-1 4.37665E-1 5.30732E-1 5.25663E-1 5.0421E-1 4.72135E-1 4.85315E-1 4.75835E-1 4.51009E-1 4.52988E-1 4.58065E-1 4.70824E-1 4.85067E-1 4.78815E-1 4.66163E-1 4.65756E-1 4.56826E-1 4.57058E-1 4.77419E-1 4.43666E-1 4.38268E-1 4.35331E-1 4.13964E-1 4.15716E-1 4.26227E-1 4.33499E-1 4.22414E-1 4.17836E-1 4.23656E-1 4.22565E-1 4.2739E-1 4.25861E-1 4.24732E-1 4.18913E-1 4.21646E-1 4.11613E-1 4.10526E-1 4.08505E-1 3.98685E-1
4.54313E-1 4.68772E-1 4.48736E-1 4.20619E-1 4.33578E-1 4.62381E-1 4.64718E-1 4.26284E-1 4.35399E-1 4.7903E-1 5.02351E-1 5.13983E-1 4.80745E-1 4.44953E-1 4.03194E-1 4.19458E-1 4.04071E-1 4.21539E-1 4.3066E-1 5.74968E-1 5.674E-1 4.54738E-1 4.33341E-1 4.6959E-1 4.97845E-1 5.25316E-1 5.00063E-1 4.82286E-1 4.89512E-1 4.77086E-1 4.56882E-1 4.45929E-1 4.61465E-1 5.00146E-1 4.92878E-1 4.88639E-1 5.00393E-1 5.09451E-1 4.93254E-1 4.81482E-1 4.6113E-1 4.43554E-1 4.29112E-1 4.21453E-1 4.15589E-1 4.22617E-1 4.26386E-1 4.36905E-1 4.68238E-1 4.54265E-1 4.56046E-1 4.34964E-1 4.35161E-1 4.34528E-1 4.38376E-1 4.3279E-1 4.3033E-1 4.26845E-1 4.2235E-1 4.14961E-1 4.10915E-1
4.39313E-1 4.29097E-1 4.14308E-1 4.35991E-1 4.28501E-1 4.05341E-1 3.95738E-1 4.05726E-1 4.46057E-1 4.11484E-1 4.85635E-1 4.96851E-1 4.68038E-1 4.56461E-1 4.888E-1 4.49433E-1 3.94718E-1 4.06139E-1 4.30127E-1 6.3139E-1 5.25816E-1 4.36813E-1 4.22144E-1 4.34395E-1 4.76805E-1 4.92717E-1 5.07187E-1 4.87162E-1 4.69317E-1 4.73893E-1 4.76606E-1 4.35799E-1 4.40378E-1 4.66463E-1 4.46902E-1 4.49068E-1 4.51082E-1 4.5046E-1 4.58717E-1 4.56109E-1 4.50503E-1 4.39388E-1 4.34207E-1 4.29927E-1 4.29435E-1 4.25699E-1 4.13016E-1 4.10659E-1 4.21698E-1 4.56782E-1 4.61022E-1 4.33209E-1 4.26262E-1 4.45025E-1 4.3729E-1 4.27408E-1 4.30582E-1 4.30247E-1 4.29573E-1 4.23285E-1 4.19113E-1
4.47872E-1 4.13312E-1 4.14678E-1 4.25166E-1 4.25978E-1 4.32123E-1 3.95871E-1 4.1147E-1 4.02197E-1 3.6311E-1 4.71291E-1 5.14523E-1 4.61043E-1 4.56348E-1 4.77835E-1 4.24873E-1 3.85522E-1 3.8392E-1 4.39366E-1 6.45791E-1 5.0645E-1 4.63943E-1 4.58419E-1 4.60067E-1 4.55491E-1 4.62311E-1 4.84823E-1 4.78843E-1 4.64773E-1 4.68318E-1 4.6074E-1 4.5021E-1 4.37445E-1 4.57788E-1 4.59101E-1 4.42451E-1 4.40968E-1 4.52135E-1 4.59678E-1 4.52653E-1 4.43205E-1 4.54757E-1 4.47936E-1 4.34334E-1 4.30171E-1 4.255E-1 4.19187E-1 4.21756E-1 4.26313E-1 4.55527E-1 4.71297E-1 4.59057E-1 4.40405E-1 4.27305E-1 4.34114E-1 4.29329E-1 4.40125E-1 4.39837E-1 4.38411E-1 4.30554E-1 4.27081E-1
4.95695E-1 4.72689E-1 4.62786E-1 4.30597E-1 3.94748E-1 3.81784E-1 3.97581E-1 4.07585E-1 4.03822E-1 4.03314E-1 4.92323E-1 4.88639E-1 4.61925E-1 4.45039E-1 4.54215E-1 4.93281E-1 3.89369E-1 3.78667E-1 4.73332E-1 5.23007E-1 5.25987E-1 4.77501E-1 5.05453E-1 4.93461E-1 4.734E-1 5.23957E-1 4.84969E-1 4.77481E-1 4.81502E-1 4.7691E-1 4.56738E-1 4.53327E-1 4.47856E-1 4.40424E-1 4.47133E-1 4.44346E-1 4.41907E-1 4.43603E-1 4.59621E-1 4.52326E-1 4.46485E-1 4.47156E-1 4.39801E-1 4.36166E-1 4.34741E-1 4.41811E-1 4.39908E-1 4.46322E-1 4.49524E-1 4.43937E-1 4.46513E-1 4.77855E-1 4.58206E-1 4.52348E-1 4.58994E-1 4.52524E-1 4.5472E-1 4.50706E-1 4.50789E-1 4.48162E-1 4.47427E-1
5.29594E-1 4.78004E-1 4.64571E-1 4.39226E-1 4.24982E-1 3.96571E-1 4.04814E-1 4.26556E-1 4.12144E-1 4.44769E-1 5.41437E-1 4.89982E-1 4.44431E-1 4.92375E-1 4.87709E-1 4.33643E-1 4.07844E-1 4.16059E-1 5.09451E-1 4.90264E-1 5.19751E-1 4.60546E-1 5.02916E-1 5.66529E-1 5.50655E-1 5.35697E-1 4.98939E-1 4.65354E-1 4.61013E-1 4.72065E-1 4.58741E-1 4.4559E-1 4.3107E-1 4.44044E-1 4.63462E-1 4.74584E-1 4.5257E-1 4.41863E-1 4.4327E-1 4.42236E-1 4.37128E-1 4.36675E-1 4.42125E-1 4.43194E-1 4.48573E-1 4.53771E-1 4.63506E-1 4.8314E-1 4.7854E-1 4.59959E-1 4.69211E-1 4.89132E-1 4.62865E-1 4.59172E-1 4.62129E-1 4.60159E-1 4.638E-1 4.60754E-1 4.64471E-1 4.67707E-1 4.58989E-1
5.99676E-1 5.47219E-1 4.90758E-1 4.52558E-1 4.53768E-1 4.50257E-1 4.87583E-1 4.98265E-1 5.07768E-1 4.26375E-1 4.43624E-1 3.78352E-1 3.73277E-1 4.36797E-1 5.24683E-1 5.01086E-1 4.40077E-1 4.50591E-1 4.78187E-1 4.14248E-1 4.96368E-1 4.63094E-1 4.61236E-1 5.00396E-1 5.27028E-1 5.24567E-1 4.93308E-1 4.66014E-1 4.56279E-1 4.53945E-1 4.4087E-1 4.28831E-1 4.15073E-1 4.26438E-1 4.55399E-1 4.75547E-1 4.70897E-1 4.67393E-1 4.69129E-1 4.65248E-1 4.62614E-1 4.53605E-1 4.58398E-1 4.57143E-1 4.55126E-1 4.62123E-1 4.79935E-1 4.88375E-1 4.86769E-1 4.8006E-1 4.6948E-1 5.01883E-1 4.98282E-1 4.78279E-1 4.74773E-1 4.70899E-1 4.72078E-1 4.62581E-1 4.75006E-1 4.63001E-1 4.61491E-1
6.82586E-1 5.37363E-1 5.33772E-1 5.70953E-1 4.47369E-1 4.48163E-1 4.3937E-1 4.49689E-1 4.00408E-1 3.6997E-1 3.79234E-1 3.809E-1 5.27408E-1 5.35908E-1 5.60015E-1 5.61092E-1 4.41831E-1 4.2131E-1 3.9167E-1 4.21037E-1 5.04689E-1 4.87749E-1 4.36834E-1 4.86676E-1 5.26955E-1 4.92921E-1 4.78018E-1 4.62867E-1 4.49027E-1 4.35359E-1 4.41919E-1 4.2798E-1 4.01242E-1 4.26389E-1 4.54224E-1 4.83288E-1 4.82626E-1 4.79556E-1 4.72985E-1 4.59376E-1 4.47732E-1 4.47636E-1 4.57979E-1 4.5387E-1 4.58266E-1 4.68399E-1 4.85064E-1 4.88774E-1 4.85882E-1 4.87417E-1 4.90915E-1 5.07947E-1 5.14457E-1 4.91159E-1 4.86325E-1 4.84025E-1 4.64541E-1 4.66819E-1 4.63388E-1 4.60829E-1 4.63296E-1
5.87178E-1 5.25808E-1 5.31232E-1 5.06224E-1 4.83383E-1 4.27089E-1 4.80203E-1 4.91784E-1 3.71648E-1 4.18733E-1 4.5894E-1 4.43637E-1 4.98879E-1 5.86143E-1 4.60147E-1 4.24618E-1 3.9196E-1 3.77804E-1 3.74545E-1 4.98893E-1 5.43122E-1 4.80015E-1 4.58449E-1 5.59413E-1 5.49035E-1 5.15584E-1 4.97517E-1 4.70035E-1 4.59485E-1 4.40098E-1 4.14555E-1 3.97707E-1 4.07248E-1 4.24469E-1 4.22344E-1 4.65035E-1 4.71812E-1 4.64082E-1 4.57255E-1 4.49777E-1 4.52067E-1 4.59631E-1 4.72036E-1 4.76831E-1 4.709E-1 4.75961E-1 4.87232E-1 4.94584E-1 4.96566E-1 4.97721E-1 5.11711E-1 5.17145E-1 5.32574E-1 5.04973E-1 5.03644E-1 4.66688E-1 4.65216E-1 4.78722E-1 4.73897E-1 4.76339E-1 4.82722E-1
5.46106E-1 6.15409E-1 5.69678E-1 5.27834E-1 4.69957E-1 4.84058E-1 4.68023E-1 4.52889E-1 4.35828E-1 4.2365E-1 4.05331E-1 4.90545E-1 4.7303E-1 6.36731E-1 4.67284E-1 3.84456E-1 3.85526E-1 3.76449E-1 3.72258E-1 5.18151E-1 4.85898E-1 4.62933E-1 5.20634E-1 5.6883E-1 5.28084E-1 6.08161E-1 6.06893E-1 5.06849E-1 4.66001E-1 4.4167E-1 4.18946E-1 3.78967E-1 4.15561E-1 4.22487E-1 4.32418E-1 4.52223E-1 4.64709E-1 4.61514E-1 4.52249E-1 4.54685E-1 4.65393E-1 4.75934E-1 4.82961E-1 4.91714E-1 4.91661E-1 4.89721E-1 5.26202E-1 5.13666E-1 5.03166E-1 5.10539E-1 5.22455E-1 5.16763E-1 4.99246E-1 4.83642E-1 4.77074E-1 4.63933E-1 4.61862E-1 4.89827E-1 4.77331E-1 4.80375E-1 4.85477E-1
5.35055E-1 5.42633E-1 5.17777E-1 4.97688E-1 4.42676E-1 5.71704E-1 5.48581E-1 4.32179E-1 4.80865E-1 4.21006E-1 4.84923E-1 5.02442E-1 5.13471E-1 4.93473E-1 4.3478E-1 4.4134E-1 3.99363E-1 4.39748E-1 4.73303E-1 5.02756E-1 4.67933E-1 5.04973E-1 6.20375E-1 6.84088E-1 5.57849E-1 5.65621E-1 5.30838E-1 5.20468E-1 4.89243E-1 4.54529E-1 4.37032E-1 4.06649E-1 4.17932E-1 4.19908E-1 4.47615E-1 4.77141E-1 4.65838E-1 4.64854E-1 4.61358E-1 4.64815E-1 4.67775E-1 4.78188E-1 4.94111E-1 4.93724E-1 4.88279E-1 4.9056E-1 5.02678E-1 5.04379E-1 5.16828E-1 5.21432E-1 5.06391E-1 4.9777E-1 4.79502E-1 4.75512E-1 4.908E-1 4.77859E-1 4.81258E-1 4.99826E-1 4.88121E-1 4.99427E-1 4.99736E-1
5.41733E-1 5.24922E-1 5.07628E-1 5.12105E-1 4.82584E-1 5.67941E-1 5.81616E-1 5.0903E-1 4.40147E-1 4.34633E-1 5.65444E-1 5.30943E-1 4.94307E-1 4.37655E-1 4.29274E-1 4.58366E-1 4.46862E-1 5.55824E-1 5.67636E-1 4.54439E-1 4.51337E-1 4.96175E-1 6.01474E-1 6.34135E-1 6.13565E-1 5.67642E-1 5.3628E-1 5.22952E-1 5.08562E-1 4.76907E-1 4.4584E-1 4.21245E-1 4.20352E-1 4.2679E-1 4.51642E-1 4.86458E-1 4.78467E-1 4.7751E-1 4.78791E-1 4.78876E-1 4.79974E-1 4.92718E-1 4.95326E-1 4.96168E-1 4.96849E-1 4.98852E-1 5.0774E-1 5.12098E-1 5.11703E-1 5.25795E-1 5.06681E-1 5.01544E-1 4.86135E-1 4.85313E-1 4.87242E-1 4.94987E-1 4.99216E-1 5.1328E-1 5.13634E-1 5.22278E-1 5.20489E-1
5.49059E-1 5.45372E-1 5.12016E-1 5.17274E-1 4.54748E-1 4.28496E-1 4.44979E-1 5.05975E-1 4.83558E-1 4.8998E-1 5.93899E-1 5.59784E-1 4.99441E-1 4.37594E-1 4.55331E-1 4.38692E-1 4.34588E-1 5.47942E-1 5.09884E-1 4.13525E-1 4.31082E-1 4.91777E-1 5.88929E-1 6.56497E-1 6.1929E-1 5.86758E-1 5.52947E-1 5.29811E-1 5.21521E-1 4.88135E-1 4.60867E-1 4.28104E-1 4.28985E-1 4.53644E-1 4.84165E-1 4.90011E-1 4.78009E-1 4.84718E-1 4.88346E-1 4.91563E-1 4.94467E-1 5.04152E-1 5.05806E-1 5.02083E-1 5.01216E-1 5.00048E-1 5.08101E-1 5.13828E-1 5.26204E-1 5.35863E-1 5.16936E-1 5.23636E-1 5.18493E-1 5.15579E-1 5.09622E-1 5.09669E-1 5.14495E-1 5.20516E-1 5.22342E-1 5.37456E-1 5.45837E-1
5.19773E-1 5.19034E-1 4.55729E-1 4.70847E-1 5.13846E-1 4.93859E-1 4.0944E-1 4.784E-1 5.40095E-1 5.18312E-1 5.36769E-1 6.084E-1 5.11565E-1 4.41925E-1 4.89758E-1 4.52792E-1 4.19566E-1 5.01184E-1 5.50918E-1 4.2684E-1 4.18379E-1 4.58563E-1 5.87221E-1 6.95204E-1 6.42384E-1 5.88352E-1 5.58708E-1 5.33321E-1 5.299E-1 5.07686E-1 4.74215E-1 4.4195E-1 4.46104E-1 4.58565E-1 4.78561E-1 4.89599E-1 4.88245E-1 4.95666E-1 4.99818E-1 5.01575E-1 5.10937E-1 5.11047E-1 5.12247E-1 5.02351E-1 5.0768E-1 5.07112E-1 4.99767E-1 5.12228E-1 5.29898E-1 5.28037E-1 5.43267E-1 5.33008E-1 5.38945E-1 5.27547E-1 5.28902E-1 5.23158E-1 5.30309E-1 5.24931E-1 5.31586E-1 5.45721E-1 5.63663E-1
4.11735E-1 4.68625E-1 4.72811E-1 4.02849E-1 4.57813E-1 4.52742E-1 4.98657E-1 4.82316E-1 4.87852E-1 5.18555E-1 5.20426E-1 5.56407E-1 5.12697E-1 4.39499E-1 4.24188E-1 4.39453E-1 4.05098E-1 4.34329E-1 5.47891E-1 4.33246E-1 4.11169E-1 4.28153E-1 5.61437E-1 6.87336E-1 6.41372E-1 5.76134E-1 5.65643E-1 5.38734E-1 5.28548E-1 5.04078E-1 4.73097E-1 4.39883E-1 4.5221E-1 4.51492E-1 4.51658E-1 4.56749E-1 4.89848E-1 5.05169E-1 5.10657E-1 5.25033E-1 5.20657E-1 5.17929E-1 5.15038E-1 5.04919E-1 5.09395E-1 4.93338E-1 4.93188E-1 5.10751E-1 5.28215E-1 5.2031E-1 4.96688E-1 5.12247E-1 5.2523E-1 5.40207E-1 5.39784E-1 5.34407E-1 5.37866E-1 5.46611E-1 5.49083E-1 5.69398E-1 5.79998E-1
4.25956E-1 4.47426E-1 4.72869E-1 4.11575E-1 3.95673E-1 3.99797E-1 4.84425E-1 5.32419E-1 4.67226E-1 4.44927E-1 4.75062E-1 5.3159E-1 4.80805E-1 4.35194E-1 4.66019E-1 4.7261E-1 4.17648E-1 3.98108E-1 5.30246E-1 4.88463E-1 4.14776E-1 4.34406E-1 4.81415E-1 6.03645E-1 6.06666E-1 5.62943E-1 5.4804E-1 5.71655E-1 5.52465E-1 5.32659E-1 4.97531E-1 4.64513E-1 4.56334E-1 4.43142E-1 4.65036E-1 4.72625E-1 4.87937E-1 5.05374E-1 5.13416E-1 5.2522E-1 5.2142E-1 5.23589E-1 5.23011E-1 5.17485E-1 5.03687E-1 4.928E-1 4.82451E-1 4.90185E-1 5.17515E-1 5.14039E-1 4.97905E-1 4.9862E-1 5.07482E-1 5.33946E-1 5.49852E-1 5.55884E-1 5.59327E-1 5.55463E-1 5.62362E-1 5.83209E-1 6.04689E-1
4.60218E-1 4.00508E-1 4.27346E-1 4.87527E-1 3.7886E-1 3.88974E-1 4.69965E-1 5.07493E-1 4.67751E-1 4.42659E-1 4.2515E-1 4.9431E-1 4.61541E-1 4.39675E-1 4.68059E-1 4.48501E-1 4.48577E-1 4.42815E-1 5.53851E-1 4.5679E-1 4.31617E-1 4.66264E-1 4.92906E-1 5.0014E-1 5.03754E-1 5.31063E-1 5.1567E-1 5.59271E-1 5.75162E-1 5.58044E-1 5.42847E-1 5.4001E-1 4.83433E-1 4.59546E-1 4.72124E-1 4.91328E-1 4.9991E-1 5.03239E-1 5.16853E-1 5.11619E-1 5.21157E-1 5.35388E-1 5.44239E-1 5.32556E-1 5.22725E-1 5.07979E-1 4.98017E-1 4.84289E-1 4.93139E-1 5.04637E-1 5.07309E-1 4.92601E-1 5.0151E-1 5.20325E-1 5.54255E-1 5.72774E-1 5.97175E-1 5.93749E-1 5.96363E-1 6.08118E-1 6.23173E-1
5.74823E-1 4.66043E-1 4.16679E-1 4.64317E-1 4.03474E-1 4.45586E-1 4.05405E-1 4.43212E-1 4.40888E-1 4.46028E-1 4.32581E-1 4.41021E-1 4.54897E-1 4.28524E-1 4.2132E-1 4.22288E-1 4.14243E-1 4.51138E-1 5.5933E-1 4.68372E-1 4.31532E-1 4.58793E-1 5.03572E-1 5.07576E-1 4.76121E-1 4.73927E-1 5.08338E-1 4.75912E-1 5.75879E-1 6.04244E-1 5.77026E-1 5.61911E-1 4.78104E-1 4.46416E-1 4.74421E-1 4.90456E-1 5.07308E-1 5.00955E-1 4.99057E-1 4.95264E-1 5.08177E-1 5.285E-1 5.45145E-1 5.43017E-1 5.26042E-1 5.1103E-1 5.03256E-1 5.07597E-1 5.12158E-1 5.27752E-1 5.1649E-1 5.07727E-1 4.99838E-1 5.23595E-1 5.66539E-1 5.69099E-1 5.80154E-1 6.0139E-1 6.23214E-1 6.22826E-1 6.32675E-1
4.98742E-1 5.49427E-1 5.23384E-1 4.34584E-1 4.34923E-1 4.67788E-1 4.37066E-1 4.22275E-1 4.44681E-1 4.51334E-1 4.32472E-1 4.41723E-1 5.47538E-1 4.43355E-1 4.56579E-1 4.59021E-1 4.23228E-1 4.29186E-1 4.54461E-1 4.3705E-1 4.27348E-1 4.78942E-1 5.20531E-1 5.00314E-1 5.33344E-1 4.97677E-1 4.70306E-1 4.60526E-1 5.93831E-1 6.57536E-1 5.95588E-1 4.89221E-1 4.51458E-1 4.27603E-1 4.54479E-1 4.66878E-1 4.78437E-1 4.74899E-1 4.67293E-1 4.83165E-1 5.07311E-1 5.36002E-1 5.40002E-1 5.46594E-1 5.37961E-1 5.37357E-1 5.16161E-1 5.15141E-1 5.17061E-1 5.33372E-1 5.28842E-1 5.20462E-1 5.27066E-1 5.22804E-1 5.66419E-1 5.63871E-1 5.65975E-1 5.63926E-1 5.84318E-1 6.09763E-1 6.21801E-1
4.59263E-1 5.55251E-1 5.94898E-1 4.62953E-1 4.82178E-1 4.57218E-1 4.53474E-1 4.85608E-1 4.82369E-1 5.1482E-1 4.75622E-1 5.13793E-1 4.69304E-1 4.49188E-1 4.95319E-1 4.91729E-1 4.42992E-1 4.23696E-1 4.96711E-1 5.22081E-1 4.42176E-1 4.90549E-1 5.25665E-1 4.92586E-1 4.96033E-1 5.07752E-1 4.53021E-1 4.22293E-1 5.99366E-1 6.25385E-1 5.28012E-1 4.80919E-1 4.66542E-1 4.53822E-1 4.32132E-1 4.48321E-1 4.63E-1 4.77905E-1 4.5992E-1 4.73601E-1 4.93208E-1 5.37115E-1 5.43625E-1 5.60236E-1 5.61296E-1 5.52115E-1 5.35982E-1 5.28107E-1 5.288E-1 5.25101E-1 5.19891E-1 5.15364E-1 5.33621E-1 5.54469E-1 5.48847E-1 5.48922E-1 5.52359E-1 5.6082E-1 5.71299E-1 6.12821E-1 6.33153E-1
5.07874E-1 5.64903E-1 5.91235E-1 4.68621E-1 5.17961E-1 4.6906E-1 4.76414E-1 4.87035E-1 5.09203E-1 5.06648E-1 4.98442E-1 4.84867E-1 4.73653E-1 4.67843E-1 4.61748E-1 4.43921E-1 4.33999E-1 4.28714E-1 4.93273E-1 5.30567E-1 4.55753E-1 4.52638E-1 5.11764E-1 4.88963E-1 4.62221E-1 4.56404E-1 4.57728E-1 4.40638E-1 4.73959E-1 5.85145E-1 5.45595E-1 5.12725E-1 4.92983E-1 4.52237E-1 4.40909E-1 4.28179E-1 4.46434E-1 4.55535E-1 4.56022E-1 4.59087E-1 4.7747E-1 4.90493E-1 5.24183E-1 5.4911E-1 5.53422E-1 5.53782E-1 5.47334E-1 5.34023E-1 5.17443E-1 5.23742E-1 5.1771E-1 5.1723E-1 5.19821E-1 5.41096E-1 5.61969E-1 5.81239E-1 5.67778E-1 5.6833E-1 5.74547E-1 5.94216E-1 6.14111E-1
4.82364E-1 5.44022E-1 4.79799E-1 5.11417E-1 4.82997E-1 5.65646E-1 5.07084E-1 5.1028E-1 4.93798E-1 4.72942E-1 5.2827E-1 4.97451E-1 4.8385E-1 4.6456E-1 4.42053E-1 4.43769E-1 4.35807E-1 4.48724E-1 4.6744E-1 4.69921E-1 4.37217E-1 4.15094E-1 4.40243E-1 4.90247E-1 4.88642E-1 4.68508E-1 4.75918E-1 5.209E-1 4.59698E-1 5.65219E-1 5.79427E-1 5.19453E-1 5.0021E-1 4.74183E-1 4.66335E-1 4.55179E-1 4.39947E-1 4.53517E-1 4.55118E-1 4.5166E-1 4.61448E-1 4.73096E-1 4.91234E-1 5.12144E-1 5.50949E-1 5.5753E-1 5.49978E-1 5.32484E-1 5.24209E-1 5.22246E-1 5.15858E-1 5.31516E-1 5.45604E-1 5.45976E-1 5.42387E-1 5.62933E-1 5.5488E-1 5.62213E-1 5.72901E-1 5.96474E-1 6.04348E-1
