maxent_outputs/red_flowers_linear/red_161.asc
ncols         426
nrows         180
xllcorner     -130.0
yllcorner     24.0
cellsize      0.16666666666666666
NODATA_value  -9999
[rows 27 to 53 of 180, columns 183 to 243 of 426]
3.41868E-1 3.36455E-1 3.34783E-1 3.36913E-1 3.37914E-1 3.42473E-1 3.4299E-1 3.37753E-1 3.3232E-1 3.3234E-1 3.2644E-1 3.24283E-1 3.21975E-1 3.19425E-1 3.20632E-1 3.23625E-1 3.26355E-1 3.26591E-1 3.3019E-1 3.35402E-1 3.37649E-1 3.37E-1 3.35612E-1 3.32509E-1 3.2986E-1 3.30315E-1 3.49331E-1 3.53173E-1 3.56773E-1 3.51584E-1 3.503E-1 3.55919E-1 3.62336E-1 3.58938E-1 3.60801E-1 3.63021E-1 3.63771E-1 3.63201E-1 3.62623E-1 3.63776E-1 3.70408E-1 3.59178E-1 3.63528E-1 3.60274E-1 3.44426E-1 3.45023E-1 3.43522E-1 3.3881E-1 3.29243E-1 3.23772E-1 3.20354E-1 3.21658E-1 3.22281E-1 3.33237E-1 3.31401E-1 3.34035E-1 3.34302E-1 3.29109E-1 3.25916E-1 3.24656E-1 3.29396E-1
3.44257E-1 3.41489E-1 3.40001E-1 3.43518E-1 3.40528E-1 3.40788E-1 3.42714E-1 3.43088E-1 3.37886E-1 3.35086E-1 3.31671E-1 3.27068E-1 3.2539E-1 3.23404E-1 3.20138E-1 3.27156E-1 3.2997E-1 3.28818E-1 3.31499E-1 3.32977E-1 3.34907E-1 3.38257E-1 3.38479E-1 3.35483E-1 3.33979E-1 3.40202E-1 3.42554E-1 3.7141E-1 3.7357E-1 3.54931E-1 3.53386E-1 3.56812E-1 3.61052E-1 3.59239E-1 3.63981E-1 3.66865E-1 3.66139E-1 3.59568E-1 3.63986E-1 3.69473E-1 3.58886E-1 3.54893E-1 3.54473E-1 3.52298E-1 3.47761E-1 3.51088E-1 3.58242E-1 3.45461E-1 3.37355E-1 3.37911E-1 3.38292E-1 3.25813E-1 3.25715E-1 3.30838E-1 3.30869E-1 3.4168E-1 3.32771E-1 3.33996E-1 3.33424E-1 3.34096E-1 3.36606E-1
3.43637E-1 3.37193E-1 3.43868E-1 3.44386E-1 3.43075E-1 3.41819E-1 3.4267E-1 3.44877E-1 3.48755E-1 3.35736E-1 3.30268E-1 3.30317E-1 3.25786E-1 3.2489E-1 3.21752E-1 3.23805E-1 3.27408E-1 3.32165E-1 3.34248E-1 3.32327E-1 3.34653E-1 3.31583E-1 3.31742E-1 3.30952E-1 3.36804E-1 3.73634E-1 3.92901E-1 3.93529E-1 3.80782E-1 3.63617E-1 3.74655E-1 3.54165E-1 3.54312E-1 3.54877E-1 3.57914E-1 3.64827E-1 3.65236E-1 3.63161E-1 3.62498E-1 3.60542E-1 3.61058E-1 3.58287E-1 3.531E-1 3.57938E-1 3.61981E-1 3.85644E-1 3.75855E-1 3.5867E-1 3.46831E-1 3.53842E-1 3.54881E-1 3.40634E-1 3.3642E-1 3.40568E-1 3.36195E-1 3.31711E-1 3.46264E-1 3.32695E-1 3.31979E-1 3.31843E-1 3.30223E-1
3.45594E-1 3.41767E-1 3.43109E-1 3.43397E-1 3.42833E-1 3.38205E-1 3.34457E-1 3.40902E-1 3.51353E-1 3.39974E-1 3.38069E-1 3.33751E-1 3.28954E-1 3.25947E-1 3.24813E-1 3.21171E-1 3.28994E-1 3.37291E-1 3.33208E-1 3.3764E-1 3.24206E-1 3.19663E-1 3.226E-1 3.24572E-1 3.2711E-1 3.59111E-1 3.53118E-1 3.56678E-1 3.84266E-1 3.58813E-1 3.49643E-1 3.50847E-1 3.52914E-1 3.55401E-1 3.58346E-1 3.6047E-1 3.69858E-1 3.65432E-1 3.61284E-1 3.6939E-1 3.59806E-1 3.58952E-1 3.58785E-1 3.6118E-1 3.57162E-1 3.63002E-1 3.62561E-1 3.67307E-1 3.67887E-1 3.44712E-1 3.48326E-1 3.53432E-1 3.66725E-1 3.797E-1 3.70252E-1 3.51239E-1 3.37772E-1 3.29305E-1 3.30687E-1 3.43484E-1 3.40383E-1
3.40682E-1 3.40615E-1 3.38856E-1 3.37131E-1 3.38624E-1 3.39481E-1 3.32303E-1 3.38346E-1 3.41622E-1 3.46309E-1 3.35982E-1 3.35255E-1 3.27097E-1 3.26003E-1 3.21262E-1 3.21706E-1 3.27882E-1 3.33939E-1 3.35174E-1 3.23659E-1 3.20405E-1 3.19571E-1 3.15865E-1 3.20198E-1 3.33338E-1 3.39039E-1 3.45819E-1 3.41987E-1 3.41483E-1 3.35351E-1 3.40156E-1 3.42067E-1 3.50309E-1 3.50655E-1 3.54811E-1 3.58311E-1 3.68701E-1 3.97179E-1 3.71944E-1 3.78155E-1 3.68291E-1 3.6466E-1 3.61656E-1 3.60863E-1 3.67361E-1 3.56776E-1 3.54906E-1 3.59119E-1 3.6263E-1 3.62986E-1 3.70504E-1 3.68158E-1 3.66902E-1 3.84964E-1 4.00473E-1 3.79013E-1 3.44213E-1 3.31388E-1 3.33272E-1 3.93431E-1 3.86614E-1
3.37556E-1 3.40657E-1 3.38625E-1 3.41199E-1 3.45451E-1 3.38993E-1 3.32995E-1 3.36844E-1 3.41681E-1 3.48724E-1 3.40092E-1 3.33793E-1 3.26431E-1 3.24771E-1 3.21432E-1 3.15687E-1 3.25678E-1 3.27864E-1 3.32683E-1 3.32277E-1 3.30406E-1 3.37171E-1 3.35703E-1 3.36849E-1 3.41905E-1 3.46349E-1 3.49645E-1 3.50184E-1 3.52965E-1 3.36258E-1 3.41201E-1 3.51656E-1 3.51376E-1 3.50724E-1 3.5172E-1 3.49057E-1 3.53677E-1 3.71447E-1 3.85145E-1 3.98476E-1 3.95675E-1 3.75431E-1 3.60331E-1 3.6039E-1 3.72588E-1 3.78328E-1 3.67856E-1 3.70577E-1 3.76034E-1 3.64354E-1 3.61697E-1 3.50312E-1 3.48935E-1 3.80787E-1 4.15317E-1 3.91254E-1 3.68387E-1 3.62047E-1 3.65658E-1 3.70879E-1 3.70528E-1
3.41101E-1 3.43519E-1 3.41452E-1 3.29435E-1 3.36279E-1 3.38957E-1 3.33516E-1 3.34769E-1 3.41402E-1 3.4398E-1 3.35285E-1 3.29655E-1 3.27169E-1 3.23307E-1 3.1848E-1 3.18356E-1 3.25979E-1 3.25794E-1 3.25922E-1 3.33244E-1 3.3198E-1 3.42618E-1 3.36691E-1 3.38124E-1 3.42581E-1 3.43011E-1 3.46679E-1 3.50371E-1 3.47206E-1 3.41178E-1 3.4224E-1 3.50126E-1 3.55539E-1 3.57282E-1 3.55995E-1 3.49476E-1 3.57415E-1 3.63255E-1 3.70668E-1 3.78294E-1 3.79954E-1 3.88562E-1 3.76055E-1 3.73696E-1 3.7937E-1 3.67407E-1 3.72234E-1 3.75447E-1 3.67996E-1 3.66464E-1 3.69054E-1 3.65344E-1 3.65183E-1 3.8293E-1 3.75228E-1 3.85745E-1 3.73542E-1 3.88092E-1 3.8613E-1 3.72879E-1 3.76634E-1
3.48766E-1 3.59457E-1 3.56578E-1 3.46183E-1 3.40452E-1 3.392E-1 3.42825E-1 3.44948E-1 3.44008E-1 3.39867E-1 3.33182E-1 3.32002E-1 3.29922E-1 3.26136E-1 3.21945E-1 3.21137E-1 3.26566E-1 3.26219E-1 3.252E-1 3.22778E-1 3.28929E-1 3.4285E-1 3.3393E-1 3.33825E-1 3.37827E-1 3.43062E-1 3.47089E-1 3.45245E-1 3.3784E-1 3.3877E-1 3.37248E-1 3.49526E-1 3.54725E-1 3.57455E-1 3.58775E-1 3.583E-1 3.62863E-1 3.67452E-1 3.72402E-1 3.76498E-1 3.78848E-1 3.77467E-1 3.74397E-1 3.73302E-1 3.76291E-1 3.79627E-1 3.79015E-1 3.78946E-1 3.78544E-1 3.78768E-1 3.81756E-1 4.02535E-1 3.82683E-1 3.95089E-1 3.7742E-1 3.93195E-1 3.91954E-1 3.95322E-1 3.83864E-1 3.84604E-1 3.9875E-1
3.45652E-1 3.67187E-1 3.81314E-1 3.77588E-1 3.63792E-1 3.46833E-1 3.4732E-1 3.4674E-1 3.48425E-1 3.46142E-1 3.39222E-1 3.33834E-1 3.32203E-1 3.3016E-1 3.32365E-1 3.26735E-1 3.24814E-1 3.26149E-1 3.28094E-1 3.29793E-1 3.26394E-1 3.28042E-1 3.33501E-1 3.39751E-1 3.44687E-1 3.58462E-1 3.78205E-1 3.77139E-1 3.69508E-1 3.61023E-1 3.52933E-1 3.52848E-1 3.53444E-1 3.52107E-1 3.55883E-1 3.586E-1 3.60193E-1 3.66166E-1 3.7192E-1 3.79473E-1 3.77605E-1 3.77921E-1 3.75345E-1 3.70667E-1 3.70686E-1 3.70142E-1 3.74917E-1 3.82876E-1 3.80463E-1 3.81552E-1 3.76884E-1 3.79989E-1 3.83162E-1 3.92851E-1 3.97857E-1 4.14475E-1 4.07037E-1 3.97363E-1 4.02782E-1 4.59612E-1 5.63019E-1
3.39815E-1 3.40788E-1 3.40081E-1 3.35462E-1 3.47065E-1 3.45711E-1 3.53407E-1 3.4639E-1 3.47038E-1 3.4623E-1 3.39818E-1 3.3493E-1 3.35275E-1 3.33703E-1 3.3653E-1 3.35199E-1 3.28645E-1 3.31582E-1 3.33027E-1 3.33349E-1 3.33182E-1 3.36755E-1 3.39251E-1 3.4275E-1 3.48334E-1 3.77576E-1 3.90984E-1 3.86679E-1 3.60561E-1 3.51292E-1 3.53869E-1 3.54067E-1 3.56235E-1 3.56696E-1 3.58667E-1 3.6029E-1 3.62839E-1 3.64491E-1 3.62979E-1 3.66797E-1 3.69497E-1 3.74999E-1 3.78138E-1 3.85585E-1 3.7555E-1 3.79118E-1 3.72576E-1 3.74658E-1 3.77621E-1 3.76407E-1 3.77147E-1 3.88844E-1 3.97814E-1 4.11662E-1 4.15949E-1 4.20078E-1 4.39199E-1 4.82893E-1 5.60317E-1 6.61052E-1 6.93016E-1
3.40699E-1 3.39276E-1 3.36363E-1 3.35524E-1 3.37395E-1 3.32927E-1 3.34621E-1 3.32928E-1 3.38396E-1 3.42648E-1 3.41365E-1 3.37938E-1 3.38192E-1 3.39557E-1 3.39983E-1 3.35773E-1 3.34475E-1 3.3612E-1 3.32285E-1 3.33448E-1 3.37254E-1 3.39246E-1 3.39824E-1 3.44864E-1 3.48248E-1 3.52927E-1 3.51712E-1 3.51544E-1 3.50619E-1 3.51099E-1 3.52921E-1 3.53525E-1 3.55653E-1 3.58164E-1 3.6072E-1 3.59919E-1 3.63095E-1 3.63238E-1 3.64612E-1 3.63409E-1 3.65778E-1 3.67458E-1 3.6785E-1 3.67598E-1 3.72236E-1 3.71294E-1 3.74663E-1 3.771E-1 3.76187E-1 3.75031E-1 3.80636E-1 3.92859E-1 4.09696E-1 4.53811E-1 4.93526E-1 5.54264E-1 6.25422E-1 6.72234E-1 6.92423E-1 6.86664E-1 6.8553E-1
3.38004E-1 3.38078E-1 3.38781E-1 3.3686E-1 3.35579E-1 3.39618E-1 3.36286E-1 3.36149E-1 3.32027E-1 3.38989E-1 3.3977E-1 3.38273E-1 3.35983E-1 3.3716E-1 3.40276E-1 3.3818E-1 3.35332E-1 3.34852E-1 3.36071E-1 3.39257E-1 3.4631E-1 3.4395E-1 3.46961E-1 3.53927E-1 3.50119E-1 3.47927E-1 3.49703E-1 3.4976E-1 3.53133E-1 3.54402E-1 3.53486E-1 3.54829E-1 3.57418E-1 3.59081E-1 3.59938E-1 3.64594E-1 3.66246E-1 3.60411E-1 3.6329E-1 3.67832E-1 3.6998E-1 3.74171E-1 3.68796E-1 3.68667E-1 3.68199E-1 3.74407E-1 3.76116E-1 3.75824E-1 3.76707E-1 3.86046E-1 4.04007E-1 4.43263E-1 5.43563E-1 6.31703E-1 6.69944E-1 6.74271E-1 6.76624E-1 6.78503E-1 6.79149E-1 6.81731E-1 6.85584E-1
3.435E-1 3.45521E-1 3.48986E-1 3.41389E-1 3.39962E-1 3.37141E-1 3.34289E-1 3.35555E-1 3.34555E-1 3.38908E-1 3.39559E-1 3.3426E-1 3.37345E-1 3.3972E-1 3.42173E-1 3.39901E-1 3.35088E-1 3.3307E-1 3.38321E-1 3.40548E-1 3.42911E-1 3.42159E-1 3.5983E-1 3.55437E-1 3.51545E-1 3.5445E-1 3.52198E-1 3.53948E-1 3.52332E-1 3.70657E-1 3.54947E-1 3.77863E-1 3.60707E-1 3.53582E-1 3.54372E-1 3.64173E-1 3.61688E-1 3.63794E-1 3.66652E-1 3.63211E-1 3.57081E-1 3.6161E-1 3.64359E-1 3.68425E-1 3.81924E-1 3.84778E-1 3.83553E-1 3.84682E-1 3.94946E-1 4.26991E-1 5.44575E-1 6.45407E-1 6.60804E-1 6.58503E-1 6.57465E-1 6.62854E-1 6.66681E-1 6.7021E-1 6.76032E-1 6.78198E-1 6.83836E-1
3.46871E-1 3.55802E-1 3.48321E-1 3.37893E-1 3.40083E-1 3.42845E-1 3.37721E-1 3.36191E-1 3.36723E-1 3.42388E-1 3.39751E-1 3.35716E-1 3.37373E-1 3.3951E-1 3.41586E-1 3.39888E-1 3.3607E-1 3.34669E-1 3.40752E-1 3.43796E-1 3.47923E-1 3.4766E-1 3.60824E-1 3.64045E-1 3.61046E-1 3.57997E-1 3.56964E-1 3.54105E-1 3.53626E-1 3.58795E-1 3.7723E-1 3.65269E-1 3.56151E-1 3.57874E-1 3.57456E-1 3.6205E-1 3.59926E-1 3.61351E-1 3.65185E-1 3.58459E-1 3.58953E-1 3.59988E-1 3.64359E-1 3.76601E-1 3.89001E-1 3.93598E-1 3.98108E-1 4.10593E-1 4.30815E-1 5.60492E-1 6.58431E-1 6.49883E-1 6.3809E-1 6.34588E-1 6.41612E-1 6.51507E-1 6.58462E-1 6.68617E-1 6.73135E-1 6.7668E-1 6.80656E-1
3.31661E-1 3.4604E-1 3.50648E-1 3.40582E-1 3.36259E-1 3.40795E-1 3.42201E-1 3.41388E-1 3.41416E-1 3.44792E-1 3.43505E-1 3.40892E-1 3.37273E-1 3.34547E-1 3.3807E-1 3.42888E-1 3.38782E-1 3.359E-1 3.36998E-1 3.43441E-1 3.42652E-1 3.53177E-1 3.64852E-1 3.66515E-1 3.61019E-1 3.56512E-1 3.58028E-1 3.57718E-1 3.59635E-1 3.73084E-1 3.93002E-1 3.744E-1 3.59386E-1 3.61982E-1 3.64228E-1 3.62471E-1 3.57452E-1 3.57793E-1 3.5887E-1 3.59324E-1 3.59204E-1 3.64799E-1 3.70787E-1 3.89628E-1 3.97378E-1 4.08241E-1 4.2498E-1 4.81743E-1 5.89611E-1 6.48955E-1 6.41821E-1 6.2043E-1 5.92517E-1 5.86472E-1 5.80242E-1 6.37834E-1 6.54019E-1 6.61458E-1 6.67286E-1 6.69032E-1 6.67332E-1
3.42189E-1 3.41502E-1 3.51042E-1 3.45762E-1 3.45046E-1 3.41496E-1 3.42391E-1 3.43019E-1 3.46633E-1 3.4549E-1 3.49338E-1 3.43784E-1 3.43314E-1 3.40034E-1 3.4011E-1 3.39503E-1 3.41738E-1 3.38591E-1 3.4024E-1 3.46816E-1 3.50852E-1 3.56074E-1 3.62822E-1 3.66039E-1 3.60553E-1 3.53568E-1 3.51346E-1 3.5232E-1 3.54738E-1 3.62026E-1 3.58614E-1 3.60473E-1 3.63935E-1 3.64349E-1 3.61457E-1 3.55766E-1 3.56175E-1 3.66467E-1 3.63226E-1 3.63778E-1 3.69358E-1 3.72803E-1 3.78748E-1 3.90909E-1 4.06754E-1 4.66718E-1 5.53622E-1 6.31275E-1 6.33734E-1 5.7673E-1 5.34763E-1 4.95625E-1 5.09176E-1 5.34625E-1 5.74596E-1 6.27924E-1 6.38864E-1 6.45527E-1 6.26339E-1 6.11935E-1 5.8238E-1
3.46587E-1 3.53682E-1 3.56584E-1 3.5096E-1 3.48147E-1 3.45531E-1 3.48129E-1 3.46175E-1 3.46392E-1 3.489E-1 3.51186E-1 3.51805E-1 3.46587E-1 3.42706E-1 3.39447E-1 3.36445E-1 3.39087E-1 3.40568E-1 3.41133E-1 3.51589E-1 3.62775E-1 3.62867E-1 3.62267E-1 3.58124E-1 3.56651E-1 3.52372E-1 3.50065E-1 3.47678E-1 3.52365E-1 3.5885E-1 3.54385E-1 3.67856E-1 3.69338E-1 3.66221E-1 3.63668E-1 3.55631E-1 3.5696E-1 3.73037E-1 3.64675E-1 3.65116E-1 3.75135E-1 3.76782E-1 3.79223E-1 3.94093E-1 4.53841E-1 5.28916E-1 5.18485E-1 4.78666E-1 4.4137E-1 4.34087E-1 4.336E-1 4.52184E-1 5.12329E-1 5.83851E-1 6.02479E-1 6.16012E-1 6.00925E-1 5.5137E-1 5.01191E-1 4.77844E-1 4.66182E-1
3.50067E-1 3.5164E-1 3.59149E-1 3.59975E-1 3.53109E-1 3.46892E-1 3.48973E-1 3.47309E-1 3.47528E-1 3.4774E-1 3.49866E-1 3.51482E-1 3.44876E-1 3.40975E-1 3.42778E-1 3.39532E-1 3.40639E-1 3.4318E-1 3.45261E-1 3.52642E-1 3.58522E-1 3.73636E-1 3.6415E-1 3.59281E-1 3.62774E-1 3.53591E-1 3.52604E-1 3.51645E-1 3.53949E-1 3.63023E-1 3.58554E-1 3.62257E-1 3.66759E-1 3.67984E-1 3.60397E-1 3.57606E-1 3.61598E-1 3.60035E-1 3.61771E-1 3.63134E-1 3.68918E-1 3.74387E-1 3.81705E-1 3.92596E-1 3.97245E-1 4.02777E-1 4.04709E-1 4.0786E-1 4.05644E-1 4.08092E-1 4.08832E-1 4.24817E-1 4.44381E-1 4.91988E-1 5.16121E-1 4.87899E-1 4.68507E-1 4.67564E-1 4.66168E-1 4.67371E-1 4.47494E-1
3.53233E-1 3.55459E-1 3.59738E-1 3.62283E-1 3.57365E-1 3.49111E-1 3.46373E-1 3.50065E-1 3.48496E-1 3.48484E-1 3.46836E-1 3.49408E-1 3.42298E-1 3.40563E-1 3.44714E-1 3.46604E-1 3.46063E-1 3.48388E-1 3.49767E-1 3.53944E-1 3.60238E-1 3.68851E-1 3.75471E-1 3.74471E-1 3.66468E-1 3.60794E-1 3.54506E-1 3.53244E-1 3.57696E-1 3.62596E-1 3.73535E-1 3.78057E-1 3.65303E-1 3.66703E-1 3.75353E-1 3.71247E-1 3.6731E-1 3.63051E-1 3.65562E-1 3.64376E-1 3.75547E-1 3.77538E-1 3.87166E-1 3.89773E-1 3.93834E-1 3.98875E-1 3.95968E-1 3.8398E-1 4.03014E-1 4.16754E-1 4.0426E-1 4.09199E-1 4.2324E-1 4.42727E-1 4.42621E-1 4.35288E-1 4.30054E-1 4.43626E-1 4.51528E-1 4.59465E-1 4.53926E-1
3.54443E-1 3.59283E-1 3.62551E-1 3.64301E-1 3.55026E-1 3.50172E-1 3.53065E-1 3.53532E-1 3.48235E-1 3.48729E-1 3.50667E-1 3.52584E-1 3.47826E-1 3.44953E-1 3.46795E-1 3.45526E-1 3.43104E-1 3.46923E-1 3.54846E-1 3.59954E-1 3.63877E-1 3.70481E-1 3.71448E-1 3.70239E-1 3.75464E-1 3.71726E-1 3.71413E-1 3.70582E-1 3.67544E-1 3.76555E-1 3.72873E-1 3.59914E-1 3.61026E-1 3.72085E-1 4.24404E-1 4.38828E-1 3.68452E-1 3.65057E-1 3.70632E-1 3.70635E-1 3.73313E-1 3.81305E-1 3.90674E-1 3.94102E-1 3.96221E-1 3.9478E-1 3.7801E-1 3.94927E-1 4.12181E-1 4.12048E-1 4.16933E-1 4.20441E-1 4.22715E-1 4.24787E-1 4.30246E-1 4.33465E-1 4.24802E-1 4.23185E-1 4.3135E-1 4.36816E-1 4.40522E-1
3.65043E-1 3.57214E-1 3.60761E-1 3.63914E-1 3.56987E-1 3.50866E-1 3.49324E-1 3.57803E-1 3.47061E-1 3.48746E-1 3.52279E-1 3.54578E-1 3.52883E-1 3.536E-1 3.54643E-1 3.49789E-1 3.47425E-1 3.50359E-1 3.5583E-1 3.64255E-1 3.69487E-1 3.71943E-1 3.73436E-1 3.72801E-1 3.76983E-1 3.73477E-1 3.74211E-1 3.71874E-1 3.75138E-1 3.71015E-1 3.65887E-1 3.59702E-1 3.571E-1 3.66178E-1 3.80346E-1 3.87369E-1 3.69967E-1 3.70172E-1 3.67938E-1 3.7157E-1 3.76797E-1 3.83345E-1 3.95554E-1 3.93789E-1 3.92829E-1 3.96447E-1 4.05896E-1 4.12516E-1 4.06551E-1 4.11542E-1 4.11979E-1 4.14009E-1 4.20611E-1 4.18696E-1 4.23913E-1 4.27674E-1 4.21157E-1 4.17793E-1 4.24192E-1 4.28716E-1 4.25786E-1
3.53364E-1 3.57725E-1 3.54639E-1 3.65887E-1 3.55663E-1 3.47849E-1 3.48066E-1 3.51957E-1 3.55001E-1 3.46508E-1 3.48082E-1 3.54042E-1 3.65631E-1 3.65024E-1 3.61863E-1 3.5839E-1 3.5348E-1 3.56453E-1 3.54447E-1 3.58805E-1 3.69603E-1 3.75156E-1 3.75639E-1 3.77953E-1 3.81481E-1 3.73903E-1 3.7782E-1 3.74417E-1 3.74156E-1 3.66955E-1 3.62325E-1 3.62655E-1 3.59269E-1 3.68085E-1 3.74393E-1 3.74645E-1 3.72587E-1 3.69293E-1 3.68923E-1 3.72144E-1 3.85108E-1 3.87222E-1 3.98526E-1 3.99278E-1 4.03723E-1 3.96545E-1 3.96846E-1 4.07117E-1 4.1868E-1 4.23398E-1 4.19058E-1 4.16433E-1 4.22763E-1 4.20987E-1 4.20242E-1 4.26587E-1 4.23505E-1 4.2959E-1 4.27182E-1 4.30661E-1 4.23896E-1
3.56103E-1 3.60088E-1 3.61397E-1 3.59048E-1 3.49918E-1 3.47467E-1 3.5008E-1 3.58794E-1 3.6037E-1 3.58449E-1 3.50824E-1 3.60545E-1 3.66439E-1 3.70614E-1 3.74378E-1 3.68179E-1 3.73477E-1 3.7077E-1 3.63056E-1 3.65314E-1 3.70907E-1 3.75626E-1 3.78938E-1 3.79845E-1 3.81768E-1 3.75211E-1 3.73215E-1 3.72971E-1 3.7422E-1 3.69776E-1 3.64906E-1 3.67875E-1 3.64148E-1 3.64493E-1 3.67806E-1 3.66176E-1 3.72191E-1 3.73808E-1 3.78556E-1 3.76668E-1 3.85869E-1 3.85012E-1 3.93638E-1 3.96906E-1 3.9931E-1 3.97186E-1 4.04865E-1 4.13793E-1 4.18555E-1 4.06448E-1 4.12966E-1 4.19376E-1 4.21841E-1 4.21566E-1 4.1971E-1 4.24862E-1 4.30368E-1 4.23206E-1 4.22237E-1 4.26784E-1 4.19097E-1
3.60974E-1 3.65734E-1 3.62622E-1 3.56775E-1 3.52298E-1 3.52802E-1 3.51912E-1 3.56107E-1 3.53493E-1 3.60297E-1 3.61556E-1 3.73204E-1 3.69261E-1 3.6519E-1 3.7718E-1 3.77441E-1 3.71952E-1 3.74881E-1 3.70871E-1 3.6944E-1 3.70259E-1 3.75753E-1 3.79186E-1 3.77855E-1 3.84369E-1 3.75791E-1 3.73966E-1 3.74657E-1 3.73354E-1 3.72496E-1 3.79887E-1 3.76393E-1 3.73567E-1 3.71651E-1 3.73312E-1 3.76263E-1 3.78405E-1 3.82509E-1 3.82504E-1 3.81166E-1 3.88206E-1 3.8893E-1 3.96601E-1 4.01695E-1 4.01505E-1 3.95761E-1 3.89383E-1 4.0276E-1 4.27062E-1 4.06454E-1 4.1159E-1 4.21261E-1 4.22686E-1 4.18832E-1 4.23108E-1 4.22827E-1 4.23267E-1 4.1988E-1 4.19338E-1 4.20641E-1 4.26492E-1
3.72814E-1 3.69189E-1 3.62599E-1 3.59168E-1 3.56097E-1 3.55491E-1 3.54486E-1 3.53725E-1 3.59147E-1 3.64364E-1 3.73366E-1 3.81045E-1 3.91075E-1 3.67529E-1 3.70267E-1 3.79227E-1 3.78212E-1 3.78666E-1 3.78331E-1 3.72299E-1 3.73693E-1 3.74208E-1 3.70033E-1 3.76739E-1 3.77988E-1 3.83247E-1 3.78696E-1 3.73313E-1 3.7649E-1 3.80993E-1 3.79897E-1 3.7913E-1 3.8343E-1 3.85041E-1 3.87541E-1 3.907E-1 3.8924E-1 3.86392E-1 3.88074E-1 3.93784E-1 3.90887E-1 3.93024E-1 3.90402E-1 3.94687E-1 3.91374E-1 3.88969E-1 3.85602E-1 4.05269E-1 4.09872E-1 4.04543E-1 4.06558E-1 4.09038E-1 4.21017E-1 4.25879E-1 4.27494E-1 4.28098E-1 4.32125E-1 4.28397E-1 4.29318E-1 4.28401E-1 4.32397E-1
3.70216E-1 3.71129E-1 3.65003E-1 3.61801E-1 3.57653E-1 3.52764E-1 3.5192E-1 3.52995E-1 3.58653E-1 3.72246E-1 3.79829E-1 3.82944E-1 3.82801E-1 3.75547E-1 3.69607E-1 3.83527E-1 3.78145E-1 3.7686E-1 3.80268E-1 3.74145E-1 3.77932E-1 3.73389E-1 3.71658E-1 3.71588E-1 3.74721E-1 3.79863E-1 3.87845E-1 3.89229E-1 3.84435E-1 3.79855E-1 3.78145E-1 3.84227E-1 3.9216E-1 3.93802E-1 3.94575E-1 3.94901E-1 3.9736E-1 3.97279E-1 4.06104E-1 4.05312E-1 4.02698E-1 3.92209E-1 3.91779E-1 3.94869E-1 3.9902E-1 3.97544E-1 3.93525E-1 3.92212E-1 4.06168E-1 4.16667E-1 4.14543E-1 4.1086E-1 4.22742E-1 4.40249E-1 4.34164E-1 4.25459E-1 4.35001E-1 4.38213E-1 4.30976E-1 4.20695E-1 4.23556E-1
3.69379E-1 3.69285E-1 3.69733E-1 3.64025E-1 3.57461E-1 3.52368E-1 3.53587E-1 3.52512E-1 3.57627E-1 3.69803E-1 3.80466E-1 3.78744E-1 3.7795E-1 3.71321E-1 3.6854E-1 3.81618E-1 3.86102E-1 3.80422E-1 3.79266E-1 3.75083E-1 3.70573E-1 3.75777E-1 3.7416E-1 3.71661E-1 3.74559E-1 3.77529E-1 3.80625E-1 3.83516E-1 3.81695E-1 3.85473E-1 3.89432E-1 3.8874E-1 3.87088E-1 3.9157E-1 3.96679E-1 4.0132E-1 4.07004E-1 4.07602E-1 4.18166E-1 4.11572E-1 4.11482E-1 3.94671E-1 3.89933E-1 3.94674E-1 3.98289E-1 3.99449E-1 4.0482E-1 3.98901E-1 3.94964E-1 4.03616E-1 4.07596E-1 4.11436E-1 4.1311E-1 4.21749E-1 4.19424E-1 4.20363E-1 4.24419E-1 4.26086E-1 4.21918E-1 4.2522E-1 4.27678E-1
