maxent_outputs/red_flowers_linear/red_133.asc
ncols         426
nrows         180
xllcorner     -130.0
yllcorner     24.0
cellsize      0.16666666666666666
NODATA_value  -9999
[rows 108 to 134 of 180, columns 244 to 304 of 426]
8.10172E-1 8.15059E-1 8.16708E-1 8.18513E-1 8.14986E-1 8.07811E-1 8.06307E-1 8.02865E-1 8.08047E-1 7.96164E-1 7.97243E-1 7.97089E-1 7.94089E-1 7.88406E-1 7.8517E-1 7.88959E-1 7.93718E-1 8.02768E-1 8.07833E-1 8.13626E-1 8.14684E-1 8.12787E-1 8.18089E-1 8.22014E-1 8.28069E-1 8.29303E-1 8.27528E-1 8.23837E-1 8.10428E-1 7.94024E-1 7.85929E-1 7.89975E-1 7.9249E-1 7.86722E-1 7.91647E-1 7.98049E-1 7.95322E-1 7.87293E-1 7.89596E-1 7.82949E-1 7.99537E-1 8.04674E-1 8.05086E-1 8.09713E-1 8.24027E-1 8.28603E-1 8.23793E-1 8.26577E-1 8.21605E-1 8.13603E-1 8.10242E-1 8.08977E-1 8.12242E-1 8.17637E-1 8.16726E-1 8.10225E-1 8.02289E-1 8.06882E-1 8.0042E-1 8.07607E-1 8.23494E-1
8.16118E-1 8.21827E-1 8.21628E-1 8.22317E-1 8.19186E-1 8.09053E-1 8.10331E-1 8.0622E-1 8.07474E-1 8.02395E-1 8.00624E-1 7.96585E-1 7.92485E-1 7.90189E-1 7.88743E-1 7.92775E-1 7.97329E-1 8.02898E-1 8.08153E-1 8.10807E-1 8.09187E-1 8.08505E-1 8.16122E-1 8.24092E-1 8.25334E-1 8.24353E-1 8.24094E-1 8.24467E-1 8.1214E-1 7.98407E-1 8.00717E-1 7.89928E-1 7.97747E-1 8.08671E-1 8.10476E-1 8.19628E-1 8.41002E-1 8.12924E-1 8.13052E-1 7.83084E-1 7.74797E-1 8.30402E-1 8.46501E-1 8.29524E-1 8.33056E-1 8.28568E-1 8.28431E-1 8.25046E-1 8.21365E-1 8.15434E-1 8.15705E-1 8.0834E-1 8.14162E-1 8.20954E-1 8.31316E-1 8.18365E-1 8.13515E-1 8.15615E-1 8.05713E-1 8.16245E-1 8.25016E-1
8.23851E-1 8.26627E-1 8.29854E-1 8.27612E-1 8.21506E-1 8.11792E-1 8.10993E-1 8.12402E-1 8.17403E-1 8.12148E-1 8.08914E-1 8.03941E-1 7.95861E-1 7.92981E-1 7.87813E-1 7.9071E-1 7.96243E-1 8.04475E-1 8.13456E-1 8.14782E-1 8.09012E-1 8.15774E-1 8.27955E-1 8.25283E-1 8.17462E-1 8.22168E-1 8.10238E-1 8.09737E-1 8.05656E-1 8.06358E-1 8.1255E-1 8.1706E-1 8.41097E-1 8.54598E-1 8.71385E-1 8.80449E-1 8.60714E-1 8.43604E-1 8.05767E-1 8.08636E-1 8.05747E-1 8.24047E-1 8.36106E-1 8.34301E-1 8.35287E-1 8.44082E-1 8.35383E-1 8.23453E-1 8.15099E-1 8.16842E-1 8.24713E-1 8.14922E-1 8.21232E-1 8.26989E-1 8.30158E-1 8.17699E-1 8.17774E-1 8.12351E-1 8.02874E-1 8.1059E-1 8.16377E-1
8.29346E-1 8.30996E-1 8.32066E-1 8.31349E-1 8.24323E-1 8.19943E-1 8.18631E-1 8.22986E-1 8.25339E-1 8.18483E-1 8.11677E-1 8.06251E-1 8.00099E-1 7.95282E-1 7.94061E-1 7.96523E-1 7.97697E-1 8.04977E-1 8.14551E-1 8.18952E-1 8.23332E-1 8.33188E-1 8.28752E-1 8.23985E-1 8.22822E-1 8.09653E-1 8.05998E-1 8.05418E-1 8.0643E-1 8.12944E-1 8.18942E-1 8.46694E-1 8.50914E-1 8.50323E-1 8.45265E-1 8.42745E-1 8.3609E-1 8.79506E-1 8.76735E-1 8.70599E-1 8.3363E-1 8.34146E-1 8.43579E-1 8.31117E-1 8.31321E-1 8.33634E-1 8.22903E-1 8.2432E-1 8.19122E-1 8.15843E-1 8.25622E-1 8.26626E-1 8.24323E-1 8.22513E-1 8.19456E-1 8.21408E-1 8.16416E-1 8.05989E-1 8.03861E-1 8.05479E-1 8.14747E-1
8.34533E-1 8.28329E-1 8.29631E-1 8.26884E-1 8.27979E-1 8.27571E-1 8.26769E-1 8.24022E-1 8.23601E-1 8.25019E-1 8.13986E-1 8.05631E-1 7.99534E-1 7.93951E-1 7.94473E-1 7.92957E-1 7.96572E-1 8.03297E-1 8.17433E-1 8.19737E-1 8.27346E-1 8.33405E-1 8.29082E-1 8.22308E-1 8.1852E-1 8.12246E-1 8.08418E-1 8.08772E-1 8.17844E-1 8.22621E-1 8.31219E-1 8.55133E-1 8.59334E-1 8.66199E-1 8.78808E-1 8.57583E-1 8.75786E-1 8.8803E-1 9.10843E-1 8.9882E-1 8.88541E-1 8.698E-1 8.56878E-1 8.36679E-1 8.31241E-1 8.29944E-1 8.25745E-1 8.2716E-1 8.24108E-1 8.24938E-1 8.29655E-1 8.37239E-1 8.32736E-1 8.23425E-1 8.14427E-1 8.09945E-1 8.01455E-1 8.02331E-1 7.98953E-1 8.03912E-1 8.03338E-1
8.35097E-1 8.29901E-1 8.31474E-1 8.30768E-1 8.3399E-1 8.31228E-1 8.36097E-1 8.25041E-1 8.26911E-1 8.24086E-1 8.15206E-1 8.08423E-1 8.01377E-1 7.9984E-1 7.962E-1 7.93238E-1 7.94131E-1 8.0172E-1 8.16041E-1 8.29912E-1 8.29963E-1 8.26607E-1 8.1822E-1 8.27007E-1 8.20165E-1 8.18186E-1 8.13294E-1 8.14897E-1 8.34751E-1 8.29398E-1 8.29346E-1 8.24839E-1 8.36784E-1 8.68951E-1 8.98751E-1 8.86027E-1 9.15941E-1 9.22283E-1 9.22891E-1 9.27443E-1 8.94596E-1 8.70516E-1 8.4879E-1 8.3848E-1 8.36553E-1 8.33086E-1 8.32104E-1 8.27173E-1 8.26605E-1 8.30611E-1 8.3163E-1 8.35605E-1 8.36298E-1 8.31137E-1 8.13959E-1 8.01548E-1 7.90723E-1 7.83046E-1 7.8015E-1 7.89194E-1 7.97973E-1
8.40169E-1 8.32408E-1 8.34794E-1 8.35598E-1 8.38453E-1 8.35329E-1 8.36394E-1 8.3411E-1 8.27892E-1 8.21384E-1 8.22861E-1 8.1391E-1 8.08159E-1 8.04233E-1 8.03051E-1 7.9944E-1 8.0067E-1 8.07913E-1 8.22229E-1 8.29973E-1 8.24533E-1 8.18489E-1 8.24688E-1 8.22014E-1 8.15181E-1 8.17101E-1 8.19171E-1 8.32912E-1 8.54835E-1 8.35066E-1 8.30497E-1 8.32614E-1 8.41926E-1 8.73367E-1 8.9141E-1 9.02227E-1 9.08215E-1 9.0319E-1 8.87089E-1 8.83213E-1 8.70886E-1 8.61401E-1 8.40629E-1 8.32437E-1 8.34303E-1 8.29433E-1 8.25049E-1 8.24691E-1 8.25969E-1 8.30087E-1 8.34997E-1 8.36924E-1 8.44248E-1 8.38751E-1 8.19793E-1 8.05044E-1 7.90734E-1 7.69286E-1 7.70433E-1 7.73716E-1 7.83139E-1
8.41074E-1 8.36226E-1 8.37612E-1 8.38619E-1 8.41175E-1 8.36553E-1 8.32826E-1 8.29122E-1 8.27738E-1 8.2808E-1 8.25692E-1 8.2126E-1 8.22162E-1 8.16165E-1 8.06054E-1 8.06082E-1 8.11013E-1 8.10896E-1 8.2036E-1 8.21377E-1 8.2101E-1 8.223E-1 8.19429E-1 8.23915E-1 8.14991E-1 8.21331E-1 8.23856E-1 8.37171E-1 8.4859E-1 8.51062E-1 8.45437E-1 8.49182E-1 8.60649E-1 8.80148E-1 8.86206E-1 8.98646E-1 8.93012E-1 8.78832E-1 8.73175E-1 8.60258E-1 8.55988E-1 8.4862E-1 8.35221E-1 8.23592E-1 8.2243E-1 8.23962E-1 8.22317E-1 8.23305E-1 8.28431E-1 8.29011E-1 8.37873E-1 8.43916E-1 8.42035E-1 8.3856E-1 8.24372E-1 8.10806E-1 7.99782E-1 7.87849E-1 7.82045E-1 7.76542E-1 7.82331E-1
8.44073E-1 8.39899E-1 8.36878E-1 8.39106E-1 8.38413E-1 8.37517E-1 8.37291E-1 8.27694E-1 8.25192E-1 8.20276E-1 8.20547E-1 8.20692E-1 8.19066E-1 8.17255E-1 8.16165E-1 8.09132E-1 8.08482E-1 8.07048E-1 8.11947E-1 8.21285E-1 8.20158E-1 8.18787E-1 8.17607E-1 8.13467E-1 8.05881E-1 8.12854E-1 8.03174E-1 8.18306E-1 8.42538E-1 8.51737E-1 8.52837E-1 8.53226E-1 8.55002E-1 8.59419E-1 8.65184E-1 8.77612E-1 8.69212E-1 8.63616E-1 8.52152E-1 8.50651E-1 8.42881E-1 8.38808E-1 8.28722E-1 8.22337E-1 8.19984E-1 8.18556E-1 8.21085E-1 8.23019E-1 8.27082E-1 8.31612E-1 8.31705E-1 8.31991E-1 8.3399E-1 8.28021E-1 8.26455E-1 8.20579E-1 8.13739E-1 8.04785E-1 7.95827E-1 7.88774E-1 7.88283E-1
8.4704E-1 8.45597E-1 8.43842E-1 8.39997E-1 8.42161E-1 8.39296E-1 8.3481E-1 8.29756E-1 8.26138E-1 8.25959E-1 8.28347E-1 8.26654E-1 8.20743E-1 8.16728E-1 8.12515E-1 8.13065E-1 8.11645E-1 8.10001E-1 8.18503E-1 8.14092E-1 8.13249E-1 8.1408E-1 8.08059E-1 7.94142E-1 8.01491E-1 7.97149E-1 8.00139E-1 8.06687E-1 8.30852E-1 8.35474E-1 8.41416E-1 8.43636E-1 8.45116E-1 8.47972E-1 8.54632E-1 8.54488E-1 8.4759E-1 8.48877E-1 8.48716E-1 8.42291E-1 8.35513E-1 8.28607E-1 8.20884E-1 8.16592E-1 8.19417E-1 8.24576E-1 8.29289E-1 8.32756E-1 8.31323E-1 8.35717E-1 8.3691E-1 8.31223E-1 8.27782E-1 8.25026E-1 8.24705E-1 8.24957E-1 8.2329E-1 8.15525E-1 8.00104E-1 7.94884E-1 7.94142E-1
8.50092E-1 8.517E-1 8.46777E-1 8.40507E-1 8.42045E-1 8.39512E-1 8.35956E-1 8.35219E-1 8.32631E-1 8.34524E-1 8.36454E-1 8.32898E-1 8.27281E-1 8.25016E-1 8.22985E-1 8.20873E-1 8.13765E-1 8.08075E-1 8.11101E-1 8.09127E-1 8.07713E-1 8.13549E-1 8.10946E-1 8.01127E-1 7.98311E-1 7.98154E-1 8.02324E-1 8.14163E-1 8.26975E-1 8.2877E-1 8.32324E-1 8.44857E-1 8.49456E-1 8.36354E-1 8.38323E-1 8.41317E-1 8.34386E-1 8.26824E-1 8.27536E-1 8.32226E-1 8.28162E-1 8.24312E-1 8.1846E-1 8.19197E-1 8.25878E-1 8.31324E-1 8.41163E-1 8.42522E-1 8.45192E-1 8.47309E-1 8.40612E-1 8.32029E-1 8.26525E-1 8.22472E-1 8.19761E-1 8.24876E-1 8.27132E-1 8.11611E-1 7.96742E-1 7.96804E-1 7.99336E-1
8.50815E-1 8.50884E-1 8.45723E-1 8.34552E-1 8.34194E-1 8.37104E-1 8.36987E-1 8.39811E-1 8.35649E-1 8.35639E-1 8.35824E-1 8.31966E-1 8.29007E-1 8.28883E-1 8.22399E-1 8.18796E-1 8.17138E-1 8.10319E-1 8.08207E-1 8.07439E-1 8.06811E-1 8.06764E-1 8.08351E-1 8.0651E-1 8.06279E-1 8.06238E-1 8.11507E-1 8.20233E-1 8.36094E-1 8.42209E-1 8.48169E-1 8.42487E-1 8.37974E-1 8.28452E-1 8.28648E-1 8.30602E-1 8.28716E-1 8.21619E-1 8.22079E-1 8.24737E-1 8.27092E-1 8.22584E-1 8.22746E-1 8.24029E-1 8.28016E-1 8.34251E-1 8.46006E-1 8.5795E-1 8.52538E-1 8.39473E-1 8.37584E-1 8.33022E-1 8.27283E-1 8.25272E-1 8.19816E-1 8.17064E-1 8.08656E-1 7.87915E-1 7.94549E-1 8.0272E-1 8.06016E-1
8.46772E-1 8.46909E-1 8.39931E-1 8.32151E-1 8.3391E-1 8.37213E-1 8.3784E-1 8.41168E-1 8.34794E-1 8.31255E-1 8.32831E-1 8.31829E-1 8.24523E-1 8.19132E-1 8.14839E-1 8.15508E-1 8.17885E-1 8.20441E-1 8.07541E-1 8.05917E-1 8.07481E-1 8.09168E-1 8.14726E-1 8.15118E-1 8.14154E-1 8.22271E-1 8.24761E-1 8.26288E-1 8.36844E-1 8.51463E-1 8.552E-1 8.49153E-1 8.3613E-1 8.26311E-1 8.25393E-1 8.28864E-1 8.25543E-1 8.22481E-1 8.20122E-1 8.24594E-1 8.29374E-1 8.33695E-1 8.32573E-1 8.34278E-1 8.36044E-1 8.40257E-1 8.49836E-1 8.44795E-1 8.387E-1 8.30611E-1 8.31319E-1 8.31879E-1 8.29995E-1 8.26449E-1 8.22675E-1 8.22073E-1 8.20264E-1 8.08752E-1 8.07062E-1 8.15763E-1 8.17689E-1
8.44694E-1 8.40571E-1 8.36745E-1 8.35532E-1 8.3627E-1 8.42881E-1 8.42694E-1 8.40808E-1 8.32115E-1 8.28469E-1 8.30612E-1 8.27741E-1 8.1992E-1 8.1214E-1 8.14033E-1 8.13416E-1 8.21876E-1 8.15419E-1 8.07828E-1 8.04664E-1 8.02821E-1 8.15211E-1 8.18062E-1 8.13166E-1 8.22557E-1 8.31487E-1 8.28671E-1 8.28126E-1 8.36116E-1 8.52263E-1 8.52898E-1 8.4388E-1 8.32975E-1 8.28236E-1 8.23065E-1 8.2047E-1 8.2288E-1 8.27484E-1 8.26648E-1 8.26329E-1 8.30139E-1 8.37795E-1 8.51188E-1 8.4068E-1 8.42388E-1 8.48377E-1 8.46984E-1 8.44983E-1 8.42057E-1 8.41373E-1 8.39256E-1 8.38121E-1 8.34832E-1 8.27626E-1 8.2695E-1 8.28994E-1 8.35858E-1 8.32235E-1 8.28222E-1 8.24338E-1 8.24243E-1
8.40185E-1 8.39915E-1 8.37481E-1 8.43094E-1 8.4659E-1 8.57456E-1 8.48474E-1 8.42817E-1 8.36102E-1 8.29967E-1 8.32752E-1 8.31342E-1 8.27182E-1 8.21087E-1 8.26209E-1 8.34734E-1 8.19017E-1 8.14738E-1 8.13509E-1 8.06901E-1 8.06344E-1 8.12176E-1 8.15024E-1 8.22339E-1 8.2551E-1 8.29948E-1 8.30148E-1 8.25005E-1 8.30316E-1 8.41495E-1 8.39429E-1 8.33098E-1 8.31775E-1 8.26483E-1 8.18818E-1 8.18568E-1 8.26916E-1 8.32982E-1 8.29603E-1 8.30956E-1 8.36305E-1 8.42173E-1 8.44668E-1 8.49398E-1 8.48985E-1 8.56345E-1 8.51627E-1 8.48327E-1 8.50335E-1 8.4691E-1 8.4451E-1 8.38462E-1 8.34589E-1 8.41279E-1 8.36989E-1 8.32428E-1 8.31232E-1 8.2872E-1 8.25267E-1 8.24188E-1 8.22212E-1
8.43905E-1 8.40112E-1 8.423E-1 8.46333E-1 8.45499E-1 8.55464E-1 8.4779E-1 8.44048E-1 8.4119E-1 8.38287E-1 8.43675E-1 8.41702E-1 8.36212E-1 8.36977E-1 8.43273E-1 8.43134E-1 8.26107E-1 8.16691E-1 8.16363E-1 8.10464E-1 8.16208E-1 8.19016E-1 8.22095E-1 8.23267E-1 8.30714E-1 8.31582E-1 8.28171E-1 8.27593E-1 8.28294E-1 8.34443E-1 8.34955E-1 8.3276E-1 8.29602E-1 8.23689E-1 8.17127E-1 8.19502E-1 8.30617E-1 8.30581E-1 8.31792E-1 8.35829E-1 8.40137E-1 8.4592E-1 8.4878E-1 8.5502E-1 8.53907E-1 8.53486E-1 8.47736E-1 8.42256E-1 8.43192E-1 8.43484E-1 8.39357E-1 8.35906E-1 8.32251E-1 8.38354E-1 8.56967E-1 8.48148E-1 8.34962E-1 8.28293E-1 8.22385E-1 8.2416E-1 8.32063E-1
8.46742E-1 8.51263E-1 8.50212E-1 8.43539E-1 8.44095E-1 8.43724E-1 8.4355E-1 8.41221E-1 8.41738E-1 8.48744E-1 8.62176E-1 8.57377E-1 8.47131E-1 8.47406E-1 8.39384E-1 8.35446E-1 8.23979E-1 8.24617E-1 8.21035E-1 8.23961E-1 8.22581E-1 8.20594E-1 8.30225E-1 8.31911E-1 8.34207E-1 8.30053E-1 8.28705E-1 8.27649E-1 8.27668E-1 8.29341E-1 8.35726E-1 8.31132E-1 8.31148E-1 8.27418E-1 8.24122E-1 8.2287E-1 8.27069E-1 8.30461E-1 8.35788E-1 8.40152E-1 8.47737E-1 8.51168E-1 8.53719E-1 8.47932E-1 8.40469E-1 8.42102E-1 8.44127E-1 8.4383E-1 8.41775E-1 8.37561E-1 8.37821E-1 8.36922E-1 8.3699E-1 8.36542E-1 8.33272E-1 8.56796E-1 8.34248E-1 8.26771E-1 8.26064E-1 8.27528E-1 8.36333E-1
8.55378E-1 8.54771E-1 8.50128E-1 8.4444E-1 8.42269E-1 8.4137E-1 8.37509E-1 8.36987E-1 8.42182E-1 8.50091E-1 8.61807E-1 8.65719E-1 8.68248E-1 8.58093E-1 8.4659E-1 8.33155E-1 8.31858E-1 8.32782E-1 8.33114E-1 8.30208E-1 8.26405E-1 8.31229E-1 8.33043E-1 8.34475E-1 8.42915E-1 8.48052E-1 8.36255E-1 8.31167E-1 8.24798E-1 8.2867E-1 8.31794E-1 8.32111E-1 8.36231E-1 8.39021E-1 8.31144E-1 8.30374E-1 8.34638E-1 8.36022E-1 8.42186E-1 8.47861E-1 8.5226E-1 8.59251E-1 8.53008E-1 8.40397E-1 8.35676E-1 8.38448E-1 8.41891E-1 8.41918E-1 8.37151E-1 8.35083E-1 8.37701E-1 8.42299E-1 8.41067E-1 8.35706E-1 8.29456E-1 8.23996E-1 8.192E-1 8.15099E-1 8.21976E-1 8.31039E-1 8.33638E-1
8.58994E-1 8.55639E-1 8.52839E-1 8.47578E-1 8.43972E-1 8.41561E-1 8.38151E-1 8.35333E-1 8.42661E-1 8.51591E-1 8.60435E-1 8.77916E-1 8.8573E-1 8.71674E-1 8.51907E-1 8.42712E-1 8.39517E-1 8.39253E-1 8.38863E-1 8.37304E-1 8.45265E-1 8.36969E-1 8.38446E-1 8.42276E-1 8.47193E-1 8.44308E-1 8.37871E-1 8.34142E-1 8.25774E-1 8.31661E-1 8.33524E-1 8.3643E-1 8.37722E-1 8.48325E-1 8.43348E-1 8.42494E-1 8.45846E-1 8.48251E-1 8.52507E-1 8.5833E-1 8.60639E-1 8.54537E-1 8.48118E-1 8.43115E-1 8.39962E-1 8.41092E-1 8.39218E-1 8.37766E-1 8.31316E-1 8.28074E-1 8.35681E-1 8.43106E-1 8.39761E-1 8.27559E-1 8.15996E-1 8.08865E-1 8.12047E-1 8.14393E-1 8.24634E-1 -9999 -9999
8.64968E-1 8.63978E-1 8.57348E-1 8.52795E-1 8.48065E-1 8.44464E-1 8.42753E-1 8.441E-1 8.48636E-1 8.50179E-1 8.52977E-1 8.62468E-1 8.70382E-1 8.63553E-1 8.49905E-1 8.43964E-1 8.4174E-1 8.42587E-1 8.4363E-1 8.48684E-1 8.65826E-1 8.46656E-1 8.40536E-1 8.45172E-1 8.47272E-1 8.4737E-1 8.39272E-1 8.34078E-1 8.23531E-1 8.27286E-1 8.37682E-1 8.4505E-1 8.46112E-1 8.49524E-1 8.50769E-1 8.52666E-1 8.56491E-1 8.59317E-1 8.59975E-1 8.64164E-1 8.58093E-1 8.49007E-1 8.4525E-1 8.48727E-1 8.45613E-1 8.48217E-1 8.44983E-1 8.40815E-1 8.28201E-1 8.21475E-1 8.25599E-1 8.3032E-1 8.23776E-1 8.12041E-1 7.99294E-1 7.93859E-1 8.1089E-1 8.17359E-1 -9999 -9999 -9999
8.64608E-1 8.61636E-1 8.57763E-1 8.5703E-1 8.56246E-1 8.55677E-1 8.53502E-1 8.54478E-1 8.52273E-1 8.51002E-1 8.48847E-1 8.4625E-1 8.45918E-1 8.45718E-1 8.43219E-1 8.38928E-1 8.39456E-1 8.45944E-1 8.53931E-1 8.50058E-1 8.47705E-1 8.43683E-1 8.43772E-1 8.50704E-1 8.46327E-1 8.50828E-1 8.48604E-1 8.39351E-1 8.33487E-1 8.38591E-1 8.51394E-1 8.57393E-1 8.62105E-1 8.63637E-1 8.60006E-1 8.60106E-1 8.67111E-1 8.6694E-1 8.68114E-1 8.65333E-1 8.55202E-1 8.44044E-1 8.47569E-1 8.53798E-1 8.54663E-1 8.55046E-1 8.46286E-1 8.34385E-1 8.23278E-1 8.10715E-1 8.12872E-1 8.13733E-1 8.08878E-1 7.97054E-1 7.97949E-1 7.9274E-1 8.06073E-1 -9999 -9999 -9999 -9999
8.70039E-1 8.59263E-1 8.5921E-1 8.62988E-1 8.65463E-1 8.63749E-1 8.6241E-1 8.56261E-1 8.52472E-1 8.39691E-1 8.2909E-1 8.35086E-1 8.36192E-1 8.36474E-1 8.37097E-1 8.41215E-1 8.41118E-1 8.53471E-1 8.66773E-1 8.54567E-1 8.4527E-1 8.47221E-1 8.47274E-1 8.476E-1 8.4698E-1 8.49926E-1 8.55555E-1 8.49007E-1 8.4663E-1 8.50645E-1 8.59272E-1 8.66579E-1 8.66518E-1 8.63887E-1 8.59261E-1 8.63177E-1 8.73234E-1 8.72635E-1 8.74601E-1 8.63948E-1 8.56187E-1 8.49733E-1 8.52722E-1 8.62501E-1 8.58167E-1 8.55608E-1 8.4009E-1 8.25415E-1 8.12931E-1 8.01279E-1 7.96647E-1 7.95988E-1 7.86993E-1 7.91797E-1 7.87127E-1 -9999 -9999 -9999 -9999 -9999 -9999
8.74994E-1 8.63863E-1 8.59112E-1 8.61385E-1 8.68864E-1 8.74289E-1 8.67207E-1 8.6283E-1 8.54629E-1 8.39692E-1 8.31617E-1 8.38364E-1 8.42127E-1 8.40329E-1 8.40975E-1 8.38314E-1 8.36171E-1 8.39922E-1 8.4696E-1 8.45023E-1 8.45478E-1 8.49018E-1 8.47953E-1 8.47723E-1 8.47929E-1 8.52888E-1 8.54317E-1 8.49602E-1 8.50894E-1 8.60187E-1 8.70004E-1 8.65626E-1 8.67559E-1 8.67824E-1 8.62227E-1 8.6085E-1 8.71743E-1 8.6965E-1 8.70907E-1 8.65101E-1 8.55154E-1 8.50448E-1 8.52176E-1 8.56661E-1 8.51674E-1 8.45559E-1 8.30637E-1 8.1335E-1 7.97887E-1 7.89277E-1 7.90778E-1 7.89638E-1 7.86146E-1 7.88316E-1 -9999 -9999 -9999 -9999 -9999 -9999 -9999
8.7988E-1 8.72345E-1 8.67274E-1 8.6114E-1 8.74114E-1 8.83549E-1 8.74556E-1 8.66357E-1 8.57883E-1 8.47454E-1 8.46491E-1 8.5446E-1 8.6227E-1 8.5145E-1 8.46091E-1 8.45464E-1 8.40497E-1 8.39299E-1 8.40427E-1 8.46519E-1 8.4995E-1 8.52225E-1 8.48604E-1 8.52135E-1 8.54881E-1 8.62381E-1 8.56497E-1 8.53555E-1 8.60775E-1 8.71222E-1 8.7019E-1 8.72183E-1 8.70165E-1 8.68916E-1 8.71965E-1 8.69158E-1 8.64371E-1 8.66169E-1 8.64328E-1 8.60821E-1 8.50318E-1 8.46057E-1 8.44501E-1 8.47326E-1 8.44129E-1 8.37898E-1 8.25663E-1 8.1062E-1 7.96372E-1 7.97636E-1 7.95256E-1 7.9174E-1 -9999 -9999 -9999 -9999 -9999 -9999 -9999 -9999 -9999
8.90476E-1 8.85189E-1 8.81068E-1 8.74032E-1 8.77897E-1 8.76481E-1 8.76833E-1 8.77582E-1 8.66927E-1 8.62497E-1 8.57143E-1 8.62902E-1 8.63203E-1 8.60813E-1 8.61682E-1 8.63995E-1 8.59121E-1 8.48077E-1 8.40833E-1 8.43137E-1 8.47134E-1 8.5116E-1 8.49155E-1 8.5341E-1 8.60713E-1 8.71147E-1 8.62987E-1 8.68409E-1 8.71092E-1 8.74663E-1 8.75603E-1 8.75741E-1 8.74494E-1 8.74012E-1 8.75996E-1 8.73294E-1 8.67578E-1 8.64046E-1 8.58831E-1 8.5589E-1 8.4832E-1 8.42141E-1 8.39952E-1 8.38298E-1 8.38388E-1 8.3465E-1 8.30374E-1 8.17306E-1 8.09373E-1 8.0707E-1 8.0516E-1 -9999 -9999 -9999 -9999 -9999 -9999 -9999 -9999 -9999 -9999
9.02134E-1 9.02167E-1 8.94063E-1 8.90741E-1 8.89735E-1 8.88487E-1 8.87319E-1 8.85972E-1 8.79606E-1 8.73735E-1 8.73E-1 8.73154E-1 8.70255E-1 8.7469E-1 8.78353E-1 8.79977E-1 8.74657E-1 8.65617E-1 8.56579E-1 8.54838E-1 8.56251E-1 8.5707E-1 8.59404E-1 8.64736E-1 8.74755E-1 8.83408E-1 8.79096E-1 8.86078E-1 8.81376E-1 8.7778E-1 8.75888E-1 8.76158E-1 8.76103E-1 8.7965E-1 8.85699E-1 8.86562E-1 8.83446E-1 8.6872E-1 8.61011E-1 8.55408E-1 8.43712E-1 8.37969E-1 8.2934E-1 8.32833E-1 8.41015E-1 8.3604E-1 8.27776E-1 8.25087E-1 8.2595E-1 8.18633E-1 -9999 -9999 -9999 -9999 -9999 -9999 -9999 -9999 -9999 -9999 -9999
9.15483E-1 9.13511E-1 9.06685E-1 9.03043E-1 9.01593E-1 9.02251E-1 9.02746E-1 9.03162E-1 8.98468E-1 8.90674E-1 8.8723E-1 8.88908E-1 8.88751E-1 8.90943E-1 8.93328E-1 8.93835E-1 8.88645E-1 8.82208E-1 8.77241E-1 8.69794E-1 8.67859E-1 8.7109E-1 8.8003E-1 8.90335E-1 8.93003E-1 8.93094E-1 8.90677E-1 8.95792E-1 8.90361E-1 8.83874E-1 8.78245E-1 8.78819E-1 8.81018E-1 8.88327E-1 8.96496E-1 8.9601E-1 8.88684E-1 8.71518E-1 8.57657E-1 8.53354E-1 8.49183E-1 8.40352E-1 8.31241E-1 8.26823E-1 8.32947E-1 8.37382E-1 8.29829E-1 8.30772E-1 8.37331E-1 8.34058E-1 -9999 -9999 -9999 -9999 -9999 -9999 -9999 -9999 -9999 -9999 -9999
