maxent_outputs/red_flowers_linear/red_169.asc
ncols         426
nrows         180
xllcorner     -130.0
yllcorner     24.0
cellsize      0.16666666666666666
NODATA_value  -9999
[rows 54 to 80 of 180, columns 61 to 121 of 426]
6.26619E-1 6.53461E-1 5.94269E-1 5.9498E-1 6.35135E-1 6.59961E-1 7.22093E-1 7.08772E-1 7.11842E-1 7.72826E-1 6.79213E-1 5.01669E-1 5.06358E-1 5.16534E-1 5.72285E-1 6.0492E-1 5.13585E-1 5.15253E-1 5.78019E-1 5.54054E-1 5.73957E-1 5.68591E-1 5.94419E-1 7.01819E-1 6.5103E-1 6.94082E-1 6.95168E-1 7.24676E-1 6.93809E-1 6.95088E-1 5.89412E-1 6.65196E-1 6.7916E-1 7.24361E-1 6.47797E-1 6.12624E-1 5.82203E-1 5.04707E-1 6.71629E-1 5.71805E-1 6.21322E-1 5.92343E-1 6.20604E-1 5.865E-1 5.94315E-1 5.92556E-1 6.7534E-1 6.49969E-1 7.17853E-1 6.19355E-1 6.96015E-1 6.76443E-1 6.19949E-1 6.7076E-1 6.04533E-1 5.77471E-1 5.35713E-1 5.59845E-1 6.3843E-1 7.14009E-1 6.726E-1
6.24866E-1 6.07437E-1 6.06489E-1 6.45223E-1 6.24302E-1 6.58796E-1 6.87049E-1 7.30806E-1 6.68009E-1 6.663E-1 6.6188E-1 5.82576E-1 5.12751E-1 5.01848E-1 5.25984E-1 5.2292E-1 5.18075E-1 5.56554E-1 6.70758E-1 5.57676E-1 4.83893E-1 6.66246E-1 5.41604E-1 6.43997E-1 6.67693E-1 6.82598E-1 7.25486E-1 6.7837E-1 6.20676E-1 6.20252E-1 6.64014E-1 7.11897E-1 7.256E-1 6.14391E-1 4.98245E-1 6.55027E-1 6.53648E-1 5.36868E-1 5.86888E-1 6.1514E-1 6.72253E-1 6.43366E-1 5.44596E-1 5.25319E-1 5.58627E-1 6.09924E-1 5.88628E-1 5.58982E-1 5.68083E-1 5.46465E-1 6.12914E-1 5.8398E-1 4.93707E-1 5.82434E-1 6.02669E-1 6.39199E-1 6.30851E-1 6.61356E-1 6.23093E-1 7.05844E-1 7.23753E-1
6.39574E-1 6.27406E-1 6.87487E-1 6.65404E-1 7.02468E-1 7.05561E-1 6.98988E-1 6.58729E-1 6.29602E-1 5.75734E-1 5.6594E-1 5.93781E-1 5.72613E-1 5.3667E-1 5.00606E-1 5.85379E-1 5.63356E-1 6.223E-1 4.46174E-1 4.06232E-1 4.39843E-1 6.34982E-1 5.98876E-1 6.43568E-1 6.70062E-1 6.82566E-1 6.85712E-1 6.68536E-1 6.94112E-1 7.01912E-1 6.88177E-1 7.21097E-1 7.12204E-1 5.31031E-1 5.30974E-1 4.72372E-1 6.10905E-1 7.42905E-1 6.04984E-1 5.13495E-1 6.82138E-1 5.61255E-1 5.7621E-1 5.92926E-1 5.09396E-1 4.85721E-1 5.3254E-1 5.66945E-1 5.60796E-1 5.85572E-1 5.83642E-1 5.64702E-1 5.83344E-1 5.84823E-1 5.84767E-1 6.31069E-1 6.39016E-1 6.33963E-1 6.88774E-1 7.08658E-1 7.46772E-1
6.85794E-1 6.21262E-1 6.51466E-1 6.27835E-1 6.16305E-1 6.30278E-1 6.05544E-1 6.44191E-1 7.26201E-1 5.73167E-1 5.05907E-1 5.23851E-1 4.76669E-1 5.3603E-1 4.87484E-1 5.12318E-1 5.06859E-1 4.89658E-1 4.50103E-1 4.23734E-1 4.54319E-1 5.96299E-1 6.21598E-1 6.17002E-1 6.70967E-1 6.62989E-1 6.2972E-1 6.70752E-1 6.56793E-1 7.12621E-1 7.0549E-1 7.2242E-1 7.27218E-1 5.74454E-1 5.65429E-1 6.44069E-1 4.93489E-1 6.33015E-1 7.00542E-1 6.26471E-1 5.62779E-1 7.02114E-1 6.34942E-1 5.63102E-1 5.81212E-1 5.55787E-1 5.49305E-1 4.82898E-1 4.68637E-1 4.87497E-1 5.2161E-1 5.5061E-1 6.15767E-1 6.39703E-1 6.42783E-1 6.28665E-1 6.49969E-1 6.51041E-1 7.14497E-1 7.06911E-1 6.95924E-1
6.01198E-1 6.12849E-1 6.49446E-1 6.91524E-1 6.30805E-1 6.61085E-1 7.13048E-1 6.97045E-1 6.96597E-1 6.37785E-1 5.80954E-1 4.83156E-1 4.96702E-1 4.82855E-1 4.7607E-1 4.54271E-1 4.57349E-1 4.62746E-1 4.82289E-1 4.73058E-1 4.97744E-1 5.06138E-1 6.25141E-1 6.07634E-1 6.7328E-1 6.54451E-1 6.75964E-1 6.67224E-1 6.52163E-1 5.97147E-1 6.90282E-1 6.71155E-1 6.31499E-1 5.4699E-1 5.83155E-1 6.57707E-1 6.38947E-1 5.85293E-1 5.09904E-1 6.11746E-1 5.96208E-1 5.72418E-1 6.04228E-1 4.97762E-1 4.63405E-1 4.40053E-1 4.58176E-1 4.53173E-1 4.65771E-1 5.2599E-1 5.20086E-1 5.46722E-1 5.62111E-1 6.15974E-1 6.60592E-1 6.11449E-1 6.10796E-1 6.50558E-1 6.86741E-1 7.39452E-1 7.74016E-1
5.89617E-1 6.40265E-1 6.3726E-1 6.63952E-1 6.21981E-1 5.72019E-1 6.53766E-1 6.07483E-1 6.22975E-1 5.38416E-1 5.26011E-1 4.7715E-1 4.95496E-1 5.13305E-1 4.44092E-1 4.34491E-1 4.469E-1 4.52032E-1 4.52143E-1 4.58341E-1 5.27755E-1 5.12011E-1 6.06528E-1 5.56652E-1 6.33739E-1 6.07961E-1 6.30298E-1 6.58777E-1 7.01871E-1 6.55999E-1 6.96299E-1 7.69235E-1 6.69777E-1 6.23968E-1 6.41533E-1 4.94386E-1 7.07793E-1 7.46277E-1 5.75253E-1 5.03733E-1 6.96871E-1 5.36462E-1 5.31734E-1 4.24761E-1 4.10505E-1 4.05602E-1 4.33795E-1 4.49374E-1 4.36942E-1 4.415E-1 5.00183E-1 5.14039E-1 5.74487E-1 6.08962E-1 5.77785E-1 6.15549E-1 6.46202E-1 6.75927E-1 6.78852E-1 7.39992E-1 7.70845E-1
6.10604E-1 6.60171E-1 6.55185E-1 6.12447E-1 6.30765E-1 5.97347E-1 6.12468E-1 4.89811E-1 5.28575E-1 4.9224E-1 5.29369E-1 5.36673E-1 4.87604E-1 4.51875E-1 4.28414E-1 4.27756E-1 4.54033E-1 4.526E-1 4.43141E-1 4.66855E-1 5.10222E-1 5.0662E-1 5.94189E-1 5.69203E-1 6.48388E-1 6.07015E-1 6.05142E-1 6.36811E-1 7.09603E-1 7.05536E-1 6.77274E-1 7.49821E-1 7.59396E-1 7.2406E-1 6.47565E-1 6.34708E-1 6.24503E-1 5.59328E-1 5.7508E-1 5.97667E-1 4.99903E-1 5.78809E-1 4.12232E-1 3.8942E-1 4.02946E-1 3.93323E-1 4.07983E-1 4.20384E-1 4.4361E-1 4.68642E-1 5.03474E-1 4.83413E-1 5.56621E-1 6.9337E-1 6.91894E-1 5.66748E-1 5.76383E-1 5.98528E-1 6.95561E-1 7.85248E-1 7.35227E-1
5.94651E-1 5.64442E-1 5.82316E-1 5.43437E-1 5.44256E-1 6.25329E-1 6.08418E-1 5.14849E-1 4.71067E-1 5.06879E-1 5.10844E-1 5.40192E-1 5.13129E-1 4.96695E-1 4.74062E-1 4.73434E-1 4.67545E-1 4.62032E-1 4.60103E-1 4.58961E-1 4.7732E-1 5.36688E-1 6.20425E-1 5.3736E-1 6.19243E-1 5.74378E-1 6.24118E-1 6.48945E-1 6.75631E-1 6.78736E-1 7.1482E-1 7.02344E-1 6.33504E-1 6.89007E-1 7.70342E-1 7.19765E-1 6.70413E-1 5.44518E-1 4.78403E-1 5.69086E-1 5.2883E-1 3.95936E-1 3.80659E-1 3.90001E-1 4.09212E-1 4.05157E-1 4.25819E-1 4.54109E-1 4.80733E-1 5.40555E-1 6.09953E-1 5.30207E-1 5.02394E-1 7.22489E-1 6.24785E-1 5.05797E-1 6.06393E-1 6.70014E-1 7.22937E-1 7.32499E-1 7.45277E-1
5.55685E-1 5.36758E-1 5.32926E-1 5.35828E-1 5.15581E-1 4.88612E-1 4.84551E-1 5.17704E-1 5.56317E-1 5.2437E-1 5.23342E-1 5.198E-1 5.16276E-1 5.23169E-1 5.12848E-1 5.53741E-1 4.76612E-1 4.68857E-1 4.85906E-1 4.75236E-1 4.74538E-1 5.16435E-1 5.5165E-1 5.274E-1 5.13175E-1 5.88972E-1 6.78987E-1 6.00981E-1 6.37318E-1 6.34012E-1 6.34185E-1 6.67367E-1 5.86843E-1 5.60753E-1 5.73219E-1 6.10911E-1 6.03691E-1 5.24464E-1 4.2756E-1 4.32706E-1 4.1986E-1 3.89442E-1 4.07369E-1 4.31703E-1 4.43849E-1 4.5652E-1 4.55208E-1 4.83742E-1 5.17567E-1 5.46328E-1 5.85142E-1 6.18306E-1 6.02355E-1 6.93508E-1 4.75379E-1 5.73538E-1 6.40122E-1 6.16946E-1 6.43363E-1 6.71423E-1 6.37922E-1
5.64079E-1 5.41892E-1 5.30364E-1 5.28154E-1 5.1775E-1 5.11106E-1 5.42047E-1 5.27629E-1 5.40541E-1 5.0968E-1 5.37257E-1 5.48228E-1 5.10171E-1 5.1545E-1 5.0691E-1 5.44842E-1 5.32133E-1 5.19761E-1 4.94153E-1 4.78933E-1 4.61262E-1 4.51404E-1 4.50146E-1 4.91165E-1 5.30917E-1 5.31827E-1 5.60142E-1 5.11149E-1 5.40262E-1 5.15088E-1 4.89128E-1 4.92681E-1 4.84797E-1 4.6404E-1 5.06393E-1 4.66175E-1 4.93118E-1 4.92776E-1 4.56301E-1 4.23193E-1 4.2741E-1 4.39043E-1 4.42537E-1 4.5052E-1 4.65206E-1 4.69605E-1 4.77184E-1 5.16519E-1 5.1568E-1 5.62135E-1 5.47343E-1 5.76884E-1 6.64882E-1 5.98429E-1 5.37389E-1 6.89824E-1 6.93691E-1 6.97382E-1 6.42575E-1 6.44648E-1 8.0206E-1
5.70077E-1 5.68069E-1 5.58052E-1 5.53366E-1 5.33521E-1 5.38851E-1 5.50319E-1 5.31287E-1 5.31753E-1 5.43752E-1 5.41771E-1 4.86599E-1 5.15903E-1 5.24046E-1 5.18753E-1 5.58446E-1 5.20742E-1 5.58444E-1 5.44703E-1 4.81174E-1 4.65979E-1 4.46186E-1 4.28172E-1 4.38717E-1 4.60192E-1 5.31551E-1 5.5931E-1 5.0813E-1 4.76827E-1 4.78234E-1 4.55805E-1 4.58992E-1 4.50903E-1 4.45461E-1 4.50161E-1 4.42746E-1 4.49322E-1 4.54707E-1 4.72021E-1 4.35819E-1 4.43515E-1 4.52301E-1 4.36914E-1 4.48967E-1 4.57707E-1 4.70382E-1 5.06526E-1 5.8122E-1 5.25782E-1 5.10294E-1 5.7542E-1 6.06858E-1 5.7882E-1 6.35952E-1 5.78785E-1 6.23055E-1 5.33182E-1 6.3339E-1 6.17518E-1 6.76297E-1 8.16943E-1
5.75461E-1 5.88946E-1 5.82629E-1 5.76565E-1 5.674E-1 5.60367E-1 5.43413E-1 5.56238E-1 5.91014E-1 5.5571E-1 5.1219E-1 4.97701E-1 4.81219E-1 4.94749E-1 5.00568E-1 5.02861E-1 5.10052E-1 5.69196E-1 6.2479E-1 5.49566E-1 4.64609E-1 4.41607E-1 4.38393E-1 4.28378E-1 4.42693E-1 4.57458E-1 4.7557E-1 5.0246E-1 5.08396E-1 5.04165E-1 5.04519E-1 4.96503E-1 4.79402E-1 4.47887E-1 4.32657E-1 4.32785E-1 4.36748E-1 4.46632E-1 4.63577E-1 4.45923E-1 4.62313E-1 4.41597E-1 4.44547E-1 4.61151E-1 4.69196E-1 4.89928E-1 5.37271E-1 4.96314E-1 5.01215E-1 4.70248E-1 4.89391E-1 5.92722E-1 5.21162E-1 5.96278E-1 5.89754E-1 6.59298E-1 5.57704E-1 5.2575E-1 5.02109E-1 5.97654E-1 7.45239E-1
6.07411E-1 5.98003E-1 5.91799E-1 5.69729E-1 5.68524E-1 5.74356E-1 5.77128E-1 6.15377E-1 6.07711E-1 5.49718E-1 5.68407E-1 5.09446E-1 4.71394E-1 4.71736E-1 4.97369E-1 4.9592E-1 5.13679E-1 5.33334E-1 6.11479E-1 5.88394E-1 5.19096E-1 4.65478E-1 4.56472E-1 4.69348E-1 4.6292E-1 4.46503E-1 4.45699E-1 4.51705E-1 4.3778E-1 4.59228E-1 4.71062E-1 4.64967E-1 4.67889E-1 4.43884E-1 4.27699E-1 4.37029E-1 4.37581E-1 4.4051E-1 4.5087E-1 4.84936E-1 4.66667E-1 4.68017E-1 5.07132E-1 5.02621E-1 5.06914E-1 5.45612E-1 5.845E-1 4.88496E-1 4.88005E-1 4.70413E-1 5.00855E-1 5.5381E-1 5.32634E-1 5.29228E-1 6.1424E-1 6.66486E-1 6.01722E-1 4.76272E-1 4.50493E-1 4.50103E-1 5.49188E-1
5.92558E-1 5.78149E-1 5.74466E-1 5.53249E-1 5.4512E-1 5.80933E-1 6.38327E-1 7.33765E-1 5.49688E-1 5.62248E-1 5.42295E-1 5.01919E-1 4.514E-1 4.54347E-1 5.0637E-1 5.12861E-1 5.30954E-1 6.08433E-1 6.10485E-1 5.60092E-1 5.74106E-1 5.58852E-1 4.97002E-1 4.53258E-1 4.41403E-1 4.45374E-1 4.28082E-1 4.28462E-1 4.25122E-1 4.60287E-1 4.72261E-1 4.74963E-1 4.7664E-1 4.44443E-1 4.51587E-1 4.66355E-1 4.58252E-1 4.64162E-1 4.67606E-1 4.8208E-1 4.63721E-1 4.92258E-1 5.17149E-1 5.02116E-1 5.5715E-1 4.98192E-1 5.946E-1 4.54879E-1 4.86251E-1 4.66649E-1 4.90362E-1 5.81029E-1 5.3063E-1 5.06997E-1 6.51724E-1 6.89435E-1 5.85292E-1 4.90131E-1 4.36138E-1 4.28462E-1 4.10832E-1
6.12146E-1 6.29683E-1 5.9952E-1 5.65686E-1 5.38735E-1 5.90542E-1 6.20591E-1 6.44384E-1 5.06812E-1 5.25032E-1 4.90615E-1 4.73994E-1 4.90761E-1 4.84364E-1 5.25749E-1 5.19129E-1 5.17548E-1 5.50211E-1 5.6085E-1 5.3994E-1 5.42835E-1 5.43528E-1 5.57981E-1 5.37301E-1 4.87249E-1 4.86381E-1 4.64805E-1 4.65656E-1 4.67667E-1 4.90763E-1 5.05545E-1 4.96769E-1 4.8879E-1 4.92336E-1 4.84445E-1 4.84556E-1 4.96817E-1 5.00268E-1 4.84222E-1 4.70926E-1 5.05699E-1 5.056E-1 5.92912E-1 5.08532E-1 5.34483E-1 4.72807E-1 5.1E-1 5.61445E-1 4.85006E-1 5.49451E-1 5.45512E-1 6.02383E-1 5.56267E-1 5.82539E-1 6.53959E-1 6.96885E-1 5.91283E-1 4.67291E-1 4.00505E-1 3.9373E-1 3.92381E-1
6.76735E-1 6.31008E-1 6.19356E-1 6.20585E-1 5.78334E-1 5.61832E-1 6.17803E-1 5.16353E-1 5.1575E-1 5.02827E-1 5.22909E-1 5.44889E-1 5.49816E-1 5.56229E-1 5.47709E-1 5.37145E-1 5.36855E-1 5.95323E-1 5.34358E-1 5.2328E-1 5.34938E-1 5.2674E-1 5.54203E-1 5.5448E-1 5.40727E-1 5.24324E-1 5.11394E-1 5.17031E-1 4.96123E-1 4.95354E-1 4.99578E-1 5.10025E-1 5.23432E-1 5.33034E-1 5.20889E-1 5.0437E-1 5.21601E-1 5.54571E-1 5.29217E-1 4.96079E-1 5.70768E-1 5.54254E-1 5.63739E-1 5.15248E-1 5.02017E-1 5.19453E-1 4.82786E-1 5.78342E-1 4.76368E-1 6.32162E-1 4.79868E-1 5.65796E-1 5.12569E-1 5.25209E-1 6.43219E-1 6.49669E-1 6.38702E-1 4.9206E-1 4.15202E-1 4.14891E-1 3.87547E-1
6.29859E-1 6.15624E-1 6.09663E-1 6.18218E-1 5.99122E-1 5.918E-1 5.94737E-1 5.19621E-1 5.61128E-1 5.5399E-1 6.23126E-1 5.63897E-1 5.54295E-1 5.82148E-1 5.67783E-1 5.54216E-1 5.29593E-1 5.22154E-1 5.16638E-1 5.11683E-1 5.29055E-1 5.18478E-1 5.26217E-1 5.60184E-1 5.56374E-1 5.50736E-1 5.21162E-1 5.22937E-1 5.28005E-1 5.43817E-1 5.4861E-1 5.28087E-1 5.52335E-1 5.85814E-1 5.87975E-1 5.35999E-1 5.84448E-1 6.07462E-1 5.27211E-1 4.97913E-1 5.17286E-1 5.31529E-1 4.86661E-1 4.94501E-1 5.0106E-1 4.79254E-1 5.31606E-1 4.54264E-1 4.96668E-1 6.32862E-1 4.69403E-1 4.63473E-1 4.14134E-1 5.13462E-1 6.22048E-1 6.26659E-1 5.65181E-1 4.69716E-1 4.60641E-1 4.41519E-1 4.03253E-1
6.27157E-1 6.15273E-1 6.21645E-1 6.21027E-1 6.28205E-1 5.90774E-1 6.10679E-1 5.48449E-1 5.92984E-1 6.69644E-1 5.99149E-1 5.92976E-1 5.12212E-1 5.79197E-1 5.83588E-1 5.64107E-1 5.41493E-1 5.33264E-1 5.24048E-1 5.10999E-1 5.2334E-1 5.29292E-1 5.75314E-1 5.92971E-1 5.68417E-1 5.70569E-1 5.55719E-1 5.31064E-1 5.59174E-1 6.03874E-1 5.71755E-1 5.45414E-1 5.05529E-1 5.81143E-1 5.40828E-1 5.49453E-1 5.82557E-1 5.29575E-1 5.20672E-1 5.1109E-1 5.63798E-1 4.41948E-1 4.55061E-1 4.63146E-1 4.62315E-1 4.50148E-1 5.10237E-1 4.32942E-1 5.03368E-1 6.53669E-1 5.92033E-1 5.74084E-1 4.57368E-1 4.20069E-1 5.4528E-1 5.56958E-1 5.19701E-1 4.50151E-1 4.46783E-1 4.1066E-1 4.08139E-1
6.30148E-1 6.30593E-1 6.49552E-1 6.30429E-1 6.11706E-1 5.6167E-1 5.40729E-1 5.41231E-1 6.38022E-1 5.75236E-1 5.84129E-1 5.51293E-1 4.9703E-1 5.55199E-1 6.10121E-1 5.93969E-1 5.48718E-1 5.36273E-1 5.32347E-1 5.16427E-1 5.21568E-1 5.25346E-1 5.75789E-1 6.09858E-1 5.97419E-1 6.09091E-1 6.49903E-1 6.43834E-1 6.2478E-1 5.63424E-1 5.61749E-1 5.23003E-1 5.49849E-1 5.21396E-1 4.85593E-1 5.59747E-1 5.56418E-1 5.85458E-1 6.51214E-1 5.66285E-1 4.22338E-1 3.95605E-1 4.36274E-1 4.63291E-1 4.65768E-1 4.63792E-1 4.70864E-1 4.25399E-1 5.67026E-1 6.30093E-1 6.29343E-1 5.69318E-1 4.4847E-1 4.32448E-1 5.20502E-1 5.07957E-1 4.91091E-1 4.28377E-1 4.03487E-1 3.95783E-1 3.95561E-1
6.06834E-1 6.28183E-1 6.15485E-1 6.38671E-1 6.28749E-1 5.91917E-1 6.02353E-1 5.69907E-1 5.83098E-1 5.0242E-1 5.71834E-1 5.02782E-1 5.03056E-1 6.38966E-1 6.0946E-1 5.92363E-1 5.53227E-1 5.30585E-1 5.30479E-1 5.15825E-1 5.05844E-1 5.31602E-1 6.385E-1 5.62274E-1 5.65843E-1 6.02984E-1 6.99649E-1 6.51245E-1 5.33704E-1 5.66608E-1 5.65415E-1 5.61553E-1 5.27348E-1 5.22541E-1 5.46279E-1 5.1414E-1 5.83035E-1 5.10366E-1 4.6431E-1 4.46976E-1 4.24396E-1 4.31108E-1 4.78162E-1 4.68917E-1 4.48682E-1 4.63858E-1 4.70813E-1 4.28889E-1 5.76141E-1 5.73977E-1 5.69034E-1 4.85743E-1 4.39623E-1 4.75022E-1 4.89772E-1 4.86059E-1 4.69388E-1 4.27205E-1 4.19554E-1 4.10152E-1 4.07205E-1
5.89064E-1 6.13329E-1 6.1302E-1 6.1537E-1 6.09982E-1 6.23183E-1 6.29225E-1 5.51116E-1 4.84694E-1 4.90635E-1 5.12494E-1 4.70842E-1 5.65411E-1 6.12531E-1 5.74355E-1 5.60386E-1 5.34516E-1 5.2098E-1 5.19976E-1 5.16935E-1 5.34728E-1 5.61646E-1 5.88221E-1 6.27059E-1 5.53962E-1 5.60325E-1 5.56021E-1 5.25266E-1 5.8599E-1 5.42876E-1 5.34356E-1 5.40817E-1 4.92232E-1 5.3875E-1 5.45949E-1 4.72595E-1 5.55577E-1 4.58763E-1 4.55056E-1 4.30111E-1 4.90342E-1 5.87666E-1 5.36808E-1 4.84718E-1 4.59462E-1 4.67708E-1 4.82437E-1 4.90989E-1 5.52775E-1 5.43018E-1 6.22925E-1 4.76398E-1 4.58834E-1 5.17136E-1 5.11081E-1 4.81072E-1 4.61483E-1 4.24343E-1 4.18678E-1 4.21639E-1 4.19248E-1
6.0908E-1 6.27432E-1 5.88492E-1 5.97543E-1 6.2457E-1 6.23076E-1 4.77277E-1 4.70384E-1 5.7391E-1 4.70193E-1 4.65015E-1 4.60243E-1 5.7634E-1 5.21208E-1 5.03038E-1 4.95301E-1 5.28831E-1 5.70441E-1 5.52786E-1 5.73124E-1 6.02033E-1 5.86964E-1 5.62724E-1 5.92203E-1 5.48094E-1 5.19388E-1 5.59873E-1 5.08386E-1 5.4315E-1 5.54033E-1 5.11208E-1 4.74173E-1 5.10884E-1 5.14119E-1 4.79503E-1 4.27917E-1 4.60575E-1 4.43563E-1 4.47397E-1 4.82494E-1 5.05231E-1 6.04388E-1 6.46017E-1 5.56406E-1 5.03117E-1 4.88175E-1 5.17758E-1 5.66788E-1 6.01376E-1 5.7868E-1 6.32049E-1 5.03641E-1 4.44004E-1 5.22783E-1 5.26985E-1 4.9581E-1 4.78544E-1 4.56195E-1 4.56921E-1 4.50372E-1 4.22003E-1
6.32E-1 6.16855E-1 6.17154E-1 5.8689E-1 5.79805E-1 5.12408E-1 4.53102E-1 5.38132E-1 5.93681E-1 4.65012E-1 4.89034E-1 4.97354E-1 5.38176E-1 4.59145E-1 5.27124E-1 5.33403E-1 5.33557E-1 6.12515E-1 5.41111E-1 5.14927E-1 5.64477E-1 5.69019E-1 5.76254E-1 5.44262E-1 5.0556E-1 5.17654E-1 5.16247E-1 4.65229E-1 4.56208E-1 5.3147E-1 5.41192E-1 5.03857E-1 5.4618E-1 4.68857E-1 4.65931E-1 4.49056E-1 4.06574E-1 4.57988E-1 4.92268E-1 4.67573E-1 4.91313E-1 5.5492E-1 6.40344E-1 6.4198E-1 5.6452E-1 5.44535E-1 4.67319E-1 5.61695E-1 4.92661E-1 5.73282E-1 5.81035E-1 5.1477E-1 4.74214E-1 4.96972E-1 5.35667E-1 5.32683E-1 5.27507E-1 4.96591E-1 4.70065E-1 4.77748E-1 4.44976E-1
6.29039E-1 6.30508E-1 6.43807E-1 6.42193E-1 4.82519E-1 4.85918E-1 4.4876E-1 5.50787E-1 4.86782E-1 4.54395E-1 4.79293E-1 4.77163E-1 4.99078E-1 4.53995E-1 5.37615E-1 4.86592E-1 4.54423E-1 5.33446E-1 5.09924E-1 5.19943E-1 5.50812E-1 6.06951E-1 5.35559E-1 5.3252E-1 5.60722E-1 4.95191E-1 4.69934E-1 4.55905E-1 5.46936E-1 5.29998E-1 5.18155E-1 5.73057E-1 5.00395E-1 5.20339E-1 5.39938E-1 4.70499E-1 4.50351E-1 4.903E-1 5.03138E-1 5.05957E-1 4.57268E-1 4.51546E-1 5.56937E-1 6.40546E-1 6.7609E-1 6.16785E-1 5.32799E-1 5.60407E-1 5.06707E-1 5.4869E-1 5.50166E-1 5.40792E-1 5.36913E-1 5.30752E-1 5.89904E-1 6.50957E-1 6.29139E-1 5.94076E-1 5.50215E-1 5.22315E-1 4.71722E-1
5.91652E-1 6.308E-1 5.93687E-1 5.09496E-1 4.52094E-1 4.51492E-1 4.53309E-1 5.10679E-1 4.866E-1 4.66791E-1 4.95003E-1 4.70838E-1 5.00965E-1 5.88289E-1 5.16744E-1 4.55009E-1 4.37896E-1 4.9594E-1 4.73506E-1 4.99682E-1 5.01799E-1 5.06375E-1 5.1374E-1 5.24448E-1 5.1006E-1 4.68077E-1 4.4153E-1 5.50828E-1 6.28555E-1 4.97128E-1 4.80742E-1 5.63679E-1 4.68918E-1 4.94623E-1 4.50455E-1 4.34375E-1 4.81976E-1 4.98124E-1 5.30347E-1 4.84818E-1 4.68413E-1 4.19497E-1 4.81583E-1 5.55351E-1 6.60641E-1 6.32378E-1 5.15756E-1 5.23105E-1 6.25069E-1 5.53007E-1 5.29428E-1 5.63122E-1 6.49046E-1 6.80172E-1 7.38917E-1 7.77009E-1 7.86861E-1 7.56902E-1 7.15218E-1 6.51489E-1 5.40793E-1
6.22704E-1 5.743E-1 5.81799E-1 4.86997E-1 5.00614E-1 5.01125E-1 5.17356E-1 5.535E-1 5.12738E-1 5.09417E-1 4.76002E-1 5.50284E-1 4.81948E-1 5.95042E-1 5.33708E-1 5.30569E-1 4.86694E-1 4.92246E-1 5.28997E-1 4.5356E-1 4.65691E-1 5.22447E-1 4.48328E-1 4.84072E-1 4.72265E-1 4.6018E-1 5.64426E-1 6.15088E-1 5.53324E-1 4.77299E-1 4.76324E-1 5.04499E-1 4.46912E-1 5.57509E-1 4.52984E-1 4.64373E-1 4.66869E-1 4.69324E-1 4.85962E-1 4.58463E-1 4.16394E-1 4.78192E-1 4.57841E-1 5.17061E-1 5.576E-1 6.47366E-1 5.01379E-1 5.09663E-1 5.98562E-1 6.12348E-1 5.32973E-1 6.31668E-1 7.53566E-1 7.81637E-1 7.91956E-1 7.99533E-1 7.92595E-1 8.12726E-1 8.06926E-1 7.97644E-1 7.43278E-1
5.07076E-1 5.13232E-1 4.91877E-1 5.57333E-1 5.50913E-1 5.63175E-1 5.74546E-1 5.35467E-1 5.06088E-1 5.18877E-1 5.16184E-1 5.76651E-1 5.16504E-1 5.30197E-1 5.76787E-1 5.4171E-1 5.87123E-1 4.48163E-1 5.16759E-1 5.11834E-1 4.58978E-1 5.15507E-1 5.40808E-1 5.14017E-1 4.69938E-1 5.45945E-1 7.33275E-1 5.14258E-1 5.18716E-1 5.49153E-1 5.97678E-1 5.4584E-1 4.40534E-1 5.83324E-1 4.29441E-1 4.56917E-1 4.5213E-1 4.4202E-1 4.27173E-1 4.22441E-1 4.27994E-1 5.07647E-1 4.46888E-1 5.94308E-1 4.59932E-1 5.57675E-1 5.43872E-1 4.95706E-1 6.87293E-1 7.24022E-1 5.24187E-1 5.74657E-1 7.013E-1 7.51955E-1 7.95633E-1 7.90183E-1 7.45561E-1 6.94077E-1 6.22974E-1 5.92193E-1 5.57561E-1
