maxent_outputs/red_flowers_linear/red_230.asc
ncols         426
nrows         180
xllcorner     -130.0
yllcorner     24.0
cellsize      0.16666666666666666
NODATA_value  -9999
[rows 27 to 53 of 180, columns 61 to 121 of 426]
3.48477E-1 3.75458E-1 3.98542E-1 4.24625E-1 3.96302E-1 4.30644E-1 4.92931E-1 4.81663E-1 4.62179E-1 4.84629E-1 5.07252E-1 4.85767E-1 4.79251E-1 4.53232E-1 4.5296E-1 4.44551E-1 4.28799E-1 4.25414E-1 4.55285E-1 3.96963E-1 4.10046E-1 4.12525E-1 4.22792E-1 4.02677E-1 4.04951E-1 4.15667E-1 3.63967E-1 3.99539E-1 3.79517E-1 4.20263E-1 4.36734E-1 4.61044E-1 4.67308E-1 4.24263E-1 3.41481E-1 2.57287E-1 2.26451E-1 2.14596E-1 2.12048E-1 2.02043E-1 1.96913E-1 1.96215E-1 1.88255E-1 1.85218E-1 1.80759E-1 1.7724E-1 1.7873E-1 1.81336E-1 1.86214E-1 1.91901E-1 1.9678E-1 1.93042E-1 1.82687E-1 1.73549E-1 1.68898E-1 1.6399E-1 1.61169E-1 1.58267E-1 1.52648E-1 1.52019E-1 1.52125E-1
3.58687E-1 3.634E-1 3.76083E-1 4.37063E-1 3.94175E-1 3.95534E-1 4.32578E-1 4.61303E-1 4.38898E-1 4.52276E-1 4.37695E-1 4.35994E-1 4.62091E-1 4.45055E-1 4.31282E-1 4.25995E-1 3.9087E-1 3.96798E-1 4.33029E-1 4.05556E-1 3.82838E-1 3.74575E-1 3.75782E-1 3.75975E-1 3.95704E-1 3.98374E-1 4.01511E-1 3.56697E-1 3.91512E-1 4.08336E-1 4.43386E-1 4.51583E-1 4.67888E-1 4.62465E-1 4.35276E-1 3.70428E-1 2.77661E-1 2.37221E-1 2.2069E-1 2.08592E-1 1.93188E-1 1.84196E-1 1.74178E-1 1.6325E-1 1.62292E-1 1.63506E-1 1.68644E-1 1.73599E-1 1.79452E-1 1.86223E-1 1.93369E-1 1.86287E-1 1.85802E-1 1.7756E-1 1.75032E-1 1.68207E-1 1.6077E-1 1.53728E-1 1.414E-1 1.36114E-1 1.34638E-1
3.80093E-1 3.69322E-1 3.73543E-1 3.77946E-1 3.71247E-1 3.6746E-1 3.88838E-1 4.10237E-1 4.13967E-1 4.37029E-1 4.30545E-1 4.35037E-1 4.38759E-1 4.28091E-1 4.20954E-1 4.20788E-1 3.74637E-1 3.70266E-1 3.66903E-1 3.99638E-1 3.79597E-1 3.51963E-1 3.56617E-1 3.62184E-1 3.78402E-1 3.87963E-1 3.95477E-1 3.83112E-1 4.31514E-1 4.17811E-1 4.2292E-1 4.44077E-1 4.43483E-1 4.53318E-1 4.52298E-1 4.57001E-1 3.7343E-1 2.79367E-1 2.46698E-1 2.2016E-1 1.93947E-1 1.83567E-1 1.68826E-1 1.59818E-1 1.48673E-1 1.52834E-1 1.54478E-1 1.59998E-1 1.79483E-1 1.96071E-1 1.94868E-1 1.91942E-1 1.89874E-1 1.87075E-1 1.87433E-1 1.85145E-1 1.71015E-1 1.52128E-1 1.3845E-1 1.27057E-1 1.25299E-1
3.81071E-1 3.62939E-1 3.50727E-1 3.40449E-1 3.52638E-1 3.67461E-1 3.82379E-1 3.91045E-1 3.96898E-1 4.02101E-1 3.97071E-1 4.15251E-1 4.1358E-1 4.12743E-1 4.20037E-1 3.93068E-1 3.7226E-1 3.54963E-1 3.35393E-1 3.49818E-1 3.69687E-1 3.35532E-1 3.25727E-1 3.41453E-1 3.70913E-1 3.76424E-1 3.93303E-1 4.23797E-1 3.61861E-1 4.34126E-1 4.18527E-1 4.43779E-1 4.27095E-1 4.38384E-1 4.5327E-1 4.40415E-1 3.88854E-1 3.52159E-1 2.7657E-1 2.46729E-1 2.16914E-1 1.93701E-1 1.75161E-1 1.66176E-1 1.53686E-1 1.53939E-1 1.5807E-1 1.61619E-1 1.69817E-1 1.72557E-1 1.84288E-1 1.82862E-1 1.87878E-1 1.85198E-1 1.75578E-1 1.72117E-1 1.70517E-1 1.58876E-1 1.50096E-1 1.47039E-1 1.45473E-1
3.70133E-1 3.49556E-1 3.35161E-1 3.36447E-1 3.66288E-1 3.65797E-1 3.75834E-1 3.71531E-1 3.92108E-1 3.96402E-1 3.82789E-1 3.86557E-1 3.95401E-1 3.91249E-1 3.98049E-1 3.655E-1 3.63586E-1 3.66893E-1 3.22318E-1 3.07177E-1 3.25501E-1 3.10079E-1 3.05401E-1 3.18997E-1 3.29962E-1 3.53102E-1 3.82242E-1 4.16871E-1 4.22524E-1 3.69404E-1 4.21982E-1 4.39167E-1 4.40135E-1 4.14534E-1 4.4016E-1 4.32545E-1 3.8642E-1 3.63528E-1 3.17411E-1 2.78173E-1 2.40848E-1 2.11229E-1 1.89506E-1 1.75539E-1 1.65174E-1 1.58231E-1 1.67281E-1 1.66034E-1 1.63737E-1 1.64207E-1 1.68075E-1 1.66625E-1 1.73762E-1 1.72362E-1 1.67995E-1 1.70132E-1 1.59115E-1 1.6027E-1 1.58435E-1 1.54513E-1 1.57133E-1
3.44118E-1 3.38255E-1 3.33066E-1 3.41841E-1 3.52525E-1 3.59964E-1 3.56233E-1 3.65809E-1 3.81526E-1 3.80255E-1 3.92522E-1 3.78929E-1 3.74186E-1 3.77906E-1 3.74943E-1 3.5813E-1 3.49273E-1 3.6292E-1 3.13204E-1 3.03601E-1 3.03247E-1 2.84581E-1 2.96059E-1 3.15447E-1 3.08283E-1 3.48462E-1 3.66306E-1 4.32924E-1 4.06758E-1 4.22485E-1 4.3083E-1 4.14434E-1 4.40536E-1 4.43916E-1 4.45115E-1 4.70045E-1 4.16701E-1 3.57012E-1 3.3631E-1 3.15078E-1 2.72593E-1 2.45099E-1 2.17674E-1 2.03207E-1 1.92504E-1 1.80147E-1 1.77066E-1 1.72334E-1 1.65041E-1 1.65389E-1 1.61029E-1 1.56729E-1 1.59805E-1 1.53998E-1 1.55691E-1 1.6095E-1 1.59344E-1 1.57207E-1 1.60203E-1 1.61761E-1 1.68146E-1
3.34204E-1 3.2269E-1 3.34023E-1 3.33478E-1 3.42329E-1 3.50753E-1 3.52129E-1 3.47194E-1 3.71997E-1 3.70625E-1 3.6824E-1 3.65065E-1 3.62076E-1 3.57962E-1 3.54504E-1 3.42571E-1 3.30494E-1 3.34006E-1 3.04739E-1 3.0919E-1 3.11476E-1 2.78468E-1 2.65587E-1 3.20758E-1 3.02456E-1 3.68186E-1 3.90924E-1 4.15663E-1 3.99591E-1 4.08118E-1 4.14827E-1 4.23104E-1 3.79214E-1 4.2444E-1 4.49966E-1 4.42266E-1 4.20807E-1 3.83017E-1 3.42532E-1 3.3403E-1 3.00058E-1 2.70764E-1 2.39934E-1 2.14861E-1 1.95175E-1 1.85713E-1 1.84807E-1 1.79192E-1 1.7438E-1 1.71434E-1 1.72403E-1 1.68424E-1 1.6032E-1 1.52779E-1 1.5344E-1 1.54489E-1 1.58046E-1 1.5971E-1 1.5745E-1 1.63676E-1 1.80149E-1
3.02944E-1 3.08799E-1 3.26359E-1 3.29937E-1 3.3844E-1 3.41194E-1 3.45393E-1 3.48304E-1 3.56628E-1 3.51815E-1 3.65594E-1 3.52769E-1 3.20457E-1 3.32966E-1 3.31442E-1 3.19082E-1 3.22258E-1 3.17501E-1 3.22413E-1 3.36403E-1 3.51732E-1 2.91609E-1 2.51319E-1 2.82946E-1 2.75096E-1 3.20484E-1 3.49309E-1 3.85974E-1 3.88124E-1 4.0612E-1 3.9282E-1 4.19731E-1 3.60577E-1 3.54772E-1 4.38698E-1 4.27847E-1 4.0975E-1 4.01814E-1 3.83297E-1 3.48328E-1 3.2186E-1 2.83589E-1 2.51664E-1 2.29115E-1 2.08369E-1 1.84918E-1 1.8443E-1 1.79822E-1 1.75903E-1 1.73352E-1 1.74403E-1 1.74468E-1 1.71545E-1 1.63539E-1 1.62291E-1 1.59013E-1 1.5637E-1 1.55473E-1 1.5791E-1 1.71069E-1 1.78767E-1
2.85889E-1 3.05182E-1 2.96295E-1 3.0645E-1 3.13363E-1 3.26428E-1 3.58884E-1 3.54324E-1 3.51979E-1 3.49458E-1 3.4531E-1 3.32169E-1 3.17258E-1 3.26356E-1 3.14768E-1 3.14166E-1 3.13894E-1 3.10709E-1 3.14964E-1 3.17409E-1 3.28496E-1 2.88847E-1 2.88336E-1 2.89773E-1 2.8156E-1 2.76044E-1 3.27255E-1 3.43191E-1 3.63208E-1 3.7917E-1 3.93176E-1 4.06008E-1 4.25713E-1 4.14739E-1 4.4122E-1 4.11151E-1 4.01099E-1 3.96089E-1 3.83475E-1 3.54648E-1 3.14065E-1 2.88392E-1 2.65273E-1 2.35672E-1 2.17621E-1 1.96354E-1 1.82583E-1 1.81186E-1 1.82193E-1 1.76087E-1 1.74851E-1 1.83737E-1 1.78641E-1 1.7983E-1 1.78315E-1 1.74091E-1 1.71641E-1 1.64942E-1 1.65629E-1 1.68716E-1 1.72994E-1
2.69595E-1 2.71806E-1 2.64169E-1 2.88847E-1 3.11496E-1 3.23054E-1 3.43683E-1 3.38162E-1 3.47256E-1 3.37066E-1 3.31178E-1 3.14585E-1 3.28581E-1 3.3121E-1 3.18972E-1 3.20105E-1 3.07369E-1 3.11767E-1 3.08568E-1 3.00483E-1 2.75346E-1 2.64946E-1 2.5706E-1 2.49748E-1 2.884E-1 2.85333E-1 2.90935E-1 3.16194E-1 3.48645E-1 3.59624E-1 3.98388E-1 4.00343E-1 4.20531E-1 4.50663E-1 4.52971E-1 4.21775E-1 3.92867E-1 3.76083E-1 3.81623E-1 3.69339E-1 3.17355E-1 2.82415E-1 2.69148E-1 2.40082E-1 2.21173E-1 2.15504E-1 1.97791E-1 1.97213E-1 1.99396E-1 1.93925E-1 1.93302E-1 1.92247E-1 1.88731E-1 1.83863E-1 1.85873E-1 1.89866E-1 1.84437E-1 1.75713E-1 1.7826E-1 1.75662E-1 1.69811E-1
2.56027E-1 2.62661E-1 2.56733E-1 2.90717E-1 2.96486E-1 2.92088E-1 2.98595E-1 3.00398E-1 2.97975E-1 3.03491E-1 3.0839E-1 3.05791E-1 3.18436E-1 3.27333E-1 3.44242E-1 3.37084E-1 3.27729E-1 3.29554E-1 3.28317E-1 2.90888E-1 2.70351E-1 2.58462E-1 2.50804E-1 2.3998E-1 2.35555E-1 2.73058E-1 2.90133E-1 2.95384E-1 3.43398E-1 3.5369E-1 3.93913E-1 3.75299E-1 4.02076E-1 4.22601E-1 4.38089E-1 3.98644E-1 3.92948E-1 3.58192E-1 3.81085E-1 3.54566E-1 3.29082E-1 2.95378E-1 2.73358E-1 2.46836E-1 2.26896E-1 2.18988E-1 2.05905E-1 1.98594E-1 1.95878E-1 1.87493E-1 1.95606E-1 2.03601E-1 1.99096E-1 2.01802E-1 2.01158E-1 1.96607E-1 1.88939E-1 1.77412E-1 1.74252E-1 1.82887E-1 1.79495E-1
2.53239E-1 2.56038E-1 2.71675E-1 2.8525E-1 2.81411E-1 2.81071E-1 2.85656E-1 2.85913E-1 2.86591E-1 2.81573E-1 2.87149E-1 3.00277E-1 3.09987E-1 3.15973E-1 3.3426E-1 3.41743E-1 3.2783E-1 3.20619E-1 3.34446E-1 3.04353E-1 2.97923E-1 2.91852E-1 2.52416E-1 2.23673E-1 2.25322E-1 2.40763E-1 2.86622E-1 3.14083E-1 3.40127E-1 3.77658E-1 3.88233E-1 3.54666E-1 3.69493E-1 3.63665E-1 4.0717E-1 3.73115E-1 3.79043E-1 3.54715E-1 3.73576E-1 3.66262E-1 3.26411E-1 3.1629E-1 2.89558E-1 2.54775E-1 2.27418E-1 2.21898E-1 2.15794E-1 2.16537E-1 2.1315E-1 2.11143E-1 2.03713E-1 2.14052E-1 2.07444E-1 2.02702E-1 2.00491E-1 1.9644E-1 1.93102E-1 1.7932E-1 1.73487E-1 1.7568E-1 1.76634E-1
2.59506E-1 2.58846E-1 2.68311E-1 2.75716E-1 2.7653E-1 2.80583E-1 2.75341E-1 2.79858E-1 2.78669E-1 2.84047E-1 2.92623E-1 2.97027E-1 3.1391E-1 3.22954E-1 3.30285E-1 3.24787E-1 3.17506E-1 3.1835E-1 3.20439E-1 2.94137E-1 2.48073E-1 2.41024E-1 2.2044E-1 2.07065E-1 2.05612E-1 2.22688E-1 2.59859E-1 2.93379E-1 3.32767E-1 3.86575E-1 3.95243E-1 3.7136E-1 3.80347E-1 3.33254E-1 3.53657E-1 3.57147E-1 3.43325E-1 3.61754E-1 3.57158E-1 3.68862E-1 3.54981E-1 3.13295E-1 2.99246E-1 2.75368E-1 2.35629E-1 2.1999E-1 2.09436E-1 2.12811E-1 2.0942E-1 2.09039E-1 2.17061E-1 2.20134E-1 2.09377E-1 2.02237E-1 1.86638E-1 1.9683E-1 1.85737E-1 1.86377E-1 1.76519E-1 1.71516E-1 1.71873E-1
2.80658E-1 2.64821E-1 2.58051E-1 2.74213E-1 2.77324E-1 2.78211E-1 2.77869E-1 2.81106E-1 2.83895E-1 2.84034E-1 2.93466E-1 3.08871E-1 3.23829E-1 3.30948E-1 3.28083E-1 3.30209E-1 3.24838E-1 3.09765E-1 2.93609E-1 2.85371E-1 2.61547E-1 2.47855E-1 2.27267E-1 2.10075E-1 2.12301E-1 2.33027E-1 2.62182E-1 2.96473E-1 3.50585E-1 3.74134E-1 3.68501E-1 3.70531E-1 3.86597E-1 3.73203E-1 3.80356E-1 3.74423E-1 3.54254E-1 3.45629E-1 3.6734E-1 3.58835E-1 3.33899E-1 3.03649E-1 2.87405E-1 2.87748E-1 2.69369E-1 2.36367E-1 2.18039E-1 2.22851E-1 2.20939E-1 2.19936E-1 2.19115E-1 2.15767E-1 2.12285E-1 2.03161E-1 1.95006E-1 1.92282E-1 1.83841E-1 1.77904E-1 1.74164E-1 1.70313E-1 1.70639E-1
2.78299E-1 2.68762E-1 2.77504E-1 2.90065E-1 2.90719E-1 2.92839E-1 2.90634E-1 2.88052E-1 2.89522E-1 2.99955E-1 2.98858E-1 3.12369E-1 3.20015E-1 3.27371E-1 3.35345E-1 3.27758E-1 3.2942E-1 3.1476E-1 3.00632E-1 2.73871E-1 2.59307E-1 2.34264E-1 2.23529E-1 2.26938E-1 2.28646E-1 2.41047E-1 2.67073E-1 2.97005E-1 3.23992E-1 3.60494E-1 3.72941E-1 3.72366E-1 3.46134E-1 3.74691E-1 3.80724E-1 3.57941E-1 3.75624E-1 3.60153E-1 3.60356E-1 3.46308E-1 3.26181E-1 3.13634E-1 2.9262E-1 2.84958E-1 2.75729E-1 2.61429E-1 2.3442E-1 2.24936E-1 2.29433E-1 2.28828E-1 2.21013E-1 2.1512E-1 2.16354E-1 2.09706E-1 1.99594E-1 1.9693E-1 1.97817E-1 1.89712E-1 1.82651E-1 1.85031E-1 1.75639E-1
2.86311E-1 2.80199E-1 2.94975E-1 2.95804E-1 2.97952E-1 2.95077E-1 3.02737E-1 3.00144E-1 2.99915E-1 2.99725E-1 3.07499E-1 3.06831E-1 3.1578E-1 3.25376E-1 3.26721E-1 3.33179E-1 3.35831E-1 3.3455E-1 3.27398E-1 2.91218E-1 2.643E-1 2.39669E-1 2.28528E-1 2.44719E-1 2.48716E-1 2.62077E-1 2.84948E-1 3.0191E-1 3.28553E-1 3.48083E-1 3.59807E-1 3.54012E-1 3.45109E-1 3.32575E-1 3.27714E-1 3.74118E-1 3.72665E-1 3.58146E-1 3.57491E-1 3.50252E-1 2.94432E-1 3.07933E-1 3.29387E-1 3.0275E-1 2.7271E-1 2.5552E-1 2.38194E-1 2.35269E-1 2.27664E-1 2.14578E-1 2.11236E-1 2.07039E-1 1.96965E-1 1.98986E-1 1.997E-1 2.04005E-1 2.02529E-1 1.9114E-1 1.91473E-1 1.88731E-1 1.82705E-1
2.89104E-1 2.9152E-1 2.89495E-1 2.99482E-1 3.08213E-1 3.06227E-1 3.08723E-1 3.03766E-1 3.0858E-1 3.18936E-1 3.2084E-1 3.12553E-1 3.31958E-1 3.47699E-1 3.48837E-1 3.4575E-1 3.50118E-1 3.36413E-1 3.36313E-1 3.2692E-1 2.91438E-1 2.64114E-1 2.55903E-1 2.5506E-1 2.40934E-1 2.67693E-1 3.00985E-1 3.23577E-1 3.46892E-1 3.47159E-1 3.35592E-1 3.23968E-1 3.24929E-1 3.37382E-1 3.31722E-1 3.59785E-1 3.62109E-1 3.44488E-1 3.27996E-1 3.04542E-1 2.87178E-1 2.90255E-1 2.82653E-1 2.63898E-1 2.65441E-1 2.4989E-1 2.22945E-1 2.19982E-1 2.25712E-1 2.1691E-1 2.15366E-1 1.99032E-1 1.94227E-1 1.88239E-1 1.98214E-1 1.99534E-1 1.94482E-1 1.96934E-1 1.98893E-1 1.89165E-1 1.88671E-1
2.89626E-1 2.77602E-1 2.92253E-1 3.08462E-1 3.12349E-1 3.13904E-1 3.15191E-1 3.26469E-1 3.25142E-1 3.27308E-1 3.2778E-1 3.33306E-1 3.44355E-1 3.54027E-1 3.6506E-1 3.68456E-1 3.63129E-1 3.67105E-1 4.00085E-1 3.95991E-1 3.4156E-1 3.5215E-1 3.02552E-1 2.64792E-1 2.56461E-1 2.89189E-1 3.08492E-1 3.23458E-1 3.5032E-1 3.5516E-1 3.28454E-1 3.13213E-1 3.28981E-1 3.28872E-1 3.40962E-1 3.39029E-1 3.27881E-1 3.15627E-1 2.97352E-1 2.59427E-1 2.58252E-1 2.54516E-1 2.53019E-1 2.47294E-1 2.37344E-1 2.51265E-1 2.4029E-1 2.12207E-1 2.26048E-1 2.24334E-1 2.22127E-1 2.17753E-1 1.96937E-1 1.97803E-1 1.98607E-1 1.91299E-1 1.95673E-1 1.97284E-1 1.94595E-1 1.95213E-1 1.88033E-1
2.74173E-1 2.75437E-1 2.90601E-1 3.19085E-1 3.24128E-1 3.2234E-1 3.25722E-1 3.2802E-1 3.14918E-1 3.12778E-1 3.18885E-1 3.25219E-1 3.36515E-1 3.52882E-1 3.64956E-1 4.05639E-1 4.24598E-1 4.28636E-1 4.21906E-1 3.94508E-1 3.89138E-1 3.81624E-1 3.50184E-1 2.98297E-1 2.95381E-1 3.14424E-1 3.3422E-1 3.55508E-1 3.63029E-1 3.573E-1 3.47024E-1 3.25941E-1 3.17779E-1 3.25259E-1 3.51249E-1 3.23395E-1 2.98738E-1 2.83045E-1 2.59159E-1 2.50524E-1 2.70984E-1 2.49909E-1 2.17216E-1 2.37454E-1 2.44794E-1 2.43246E-1 2.29639E-1 2.29779E-1 2.28696E-1 2.18523E-1 2.14447E-1 2.22895E-1 2.14877E-1 2.05124E-1 2.10485E-1 2.05448E-1 2.04559E-1 1.97689E-1 1.94351E-1 1.96569E-1 1.95861E-1
2.9717E-1 2.92243E-1 3.02982E-1 3.28034E-1 3.32599E-1 3.38454E-1 3.28344E-1 3.25638E-1 3.29766E-1 3.19605E-1 3.11645E-1 3.10649E-1 3.09741E-1 3.09113E-1 3.52433E-1 3.906E-1 4.08402E-1 4.22699E-1 3.88075E-1 3.52353E-1 3.54363E-1 3.75594E-1 4.02263E-1 3.71048E-1 3.56725E-1 3.45204E-1 3.59631E-1 3.31245E-1 3.33946E-1 3.62662E-1 3.51309E-1 3.33234E-1 3.2604E-1 3.39139E-1 3.4703E-1 3.02424E-1 2.87132E-1 2.65395E-1 2.414E-1 2.47499E-1 2.60447E-1 2.38085E-1 2.19872E-1 2.34619E-1 2.30501E-1 2.2984E-1 2.17094E-1 2.2702E-1 2.17893E-1 2.0428E-1 2.04762E-1 2.21258E-1 2.16712E-1 2.11121E-1 2.05083E-1 2.13477E-1 2.20527E-1 2.26206E-1 2.06873E-1 1.95955E-1 1.99899E-1
2.89609E-1 2.96389E-1 3.00647E-1 2.98459E-1 3.11493E-1 3.34075E-1 3.34885E-1 3.43119E-1 3.39217E-1 3.32813E-1 2.97034E-1 2.78712E-1 2.81305E-1 3.20399E-1 3.43851E-1 3.92658E-1 4.11582E-1 4.20841E-1 3.6467E-1 3.60077E-1 3.55586E-1 3.7421E-1 3.97729E-1 4.22733E-1 4.0024E-1 3.7514E-1 3.68959E-1 3.64849E-1 3.72723E-1 3.78836E-1 3.5013E-1 3.42792E-1 3.29831E-1 3.39445E-1 3.22431E-1 2.83459E-1 2.7709E-1 2.61801E-1 2.55033E-1 2.6041E-1 2.45391E-1 2.26762E-1 2.21357E-1 2.13841E-1 2.25336E-1 2.31392E-1 2.21832E-1 2.02473E-1 2.10036E-1 1.97566E-1 2.02495E-1 2.23308E-1 2.23331E-1 2.27512E-1 2.15712E-1 2.1446E-1 2.45081E-1 2.52512E-1 2.12456E-1 1.9929E-1 2.00457E-1
3.20572E-1 3.26368E-1 3.20089E-1 3.2665E-1 3.3169E-1 3.22325E-1 3.09656E-1 3.21454E-1 3.3436E-1 3.08787E-1 2.69474E-1 2.56813E-1 3.02941E-1 3.51725E-1 3.84086E-1 3.78314E-1 4.02973E-1 4.04988E-1 4.16439E-1 3.82969E-1 3.92604E-1 3.8821E-1 3.95863E-1 4.12576E-1 3.61814E-1 3.48479E-1 3.53089E-1 3.70181E-1 3.33373E-1 3.62207E-1 3.71988E-1 3.41484E-1 3.3269E-1 3.33291E-1 3.15911E-1 2.70287E-1 2.59786E-1 2.58171E-1 2.49483E-1 2.28349E-1 2.11981E-1 2.36571E-1 2.18929E-1 2.04826E-1 2.13373E-1 2.10843E-1 2.14655E-1 2.17902E-1 2.04989E-1 1.9571E-1 1.97832E-1 2.08443E-1 2.28375E-1 2.44313E-1 2.26356E-1 2.12523E-1 2.38515E-1 2.47429E-1 2.20799E-1 2.08165E-1 2.06003E-1
3.1155E-1 3.17607E-1 3.1862E-1 3.18703E-1 3.26248E-1 3.1968E-1 3.20866E-1 3.16115E-1 3.02766E-1 2.52012E-1 2.37964E-1 2.68606E-1 2.98711E-1 3.13701E-1 3.4387E-1 3.50806E-1 3.47752E-1 3.32817E-1 4.14085E-1 4.0603E-1 4.01357E-1 4.07768E-1 3.72593E-1 3.94519E-1 3.57212E-1 3.40331E-1 3.42454E-1 3.2277E-1 3.23457E-1 3.35149E-1 3.62131E-1 3.52175E-1 3.33355E-1 3.15439E-1 2.91176E-1 2.74143E-1 2.56858E-1 2.21314E-1 1.91231E-1 2.29639E-1 2.3288E-1 2.17201E-1 2.1261E-1 2.09332E-1 2.25922E-1 2.12555E-1 2.32111E-1 2.19029E-1 2.03984E-1 2.02078E-1 2.02362E-1 1.998E-1 2.12594E-1 2.48587E-1 2.62759E-1 2.17979E-1 2.19626E-1 2.29985E-1 2.26962E-1 2.27394E-1 2.16435E-1
2.98578E-1 3.08351E-1 3.16372E-1 3.09658E-1 3.09579E-1 3.22623E-1 3.28938E-1 2.92635E-1 2.39655E-1 2.29269E-1 2.51159E-1 2.7917E-1 3.10432E-1 3.42685E-1 3.42884E-1 3.16773E-1 3.14686E-1 3.63241E-1 3.92628E-1 3.91553E-1 4.01771E-1 4.02955E-1 3.38078E-1 2.8419E-1 2.87362E-1 2.87188E-1 2.93396E-1 3.14006E-1 3.28793E-1 3.34623E-1 3.38563E-1 3.38413E-1 3.26899E-1 3.01769E-1 2.88505E-1 2.65905E-1 2.51419E-1 2.06909E-1 1.96053E-1 2.32771E-1 2.21506E-1 2.3788E-1 1.9596E-1 2.04441E-1 1.97873E-1 2.12016E-1 2.69502E-1 2.53129E-1 2.19854E-1 2.32678E-1 2.30864E-1 2.3333E-1 2.54485E-1 2.89673E-1 2.67245E-1 2.37791E-1 3.03505E-1 2.69847E-1 2.63067E-1 2.5934E-1 2.29772E-1
3.0357E-1 3.0269E-1 3.07169E-1 3.05078E-1 3.07282E-1 3.12584E-1 3.00031E-1 2.5599E-1 2.10433E-1 2.36902E-1 2.84659E-1 3.21273E-1 3.08122E-1 3.09465E-1 3.25979E-1 3.10907E-1 3.11364E-1 3.59612E-1 3.60406E-1 3.66083E-1 3.64145E-1 3.81076E-1 3.4709E-1 3.19612E-1 3.17001E-1 3.32657E-1 3.2312E-1 2.9241E-1 3.14636E-1 3.49195E-1 3.44065E-1 3.40908E-1 3.21547E-1 3.06742E-1 2.85518E-1 2.66514E-1 2.64946E-1 2.21202E-1 2.05033E-1 2.18835E-1 2.16245E-1 2.31682E-1 1.974E-1 1.89276E-1 1.92528E-1 2.02857E-1 2.19606E-1 2.55492E-1 2.26571E-1 2.92693E-1 3.38518E-1 3.37974E-1 3.69068E-1 3.77712E-1 2.76577E-1 2.92548E-1 3.87601E-1 3.70784E-1 3.75813E-1 3.02914E-1 2.62635E-1
3.05086E-1 3.08038E-1 3.09058E-1 2.94871E-1 2.87907E-1 2.77288E-1 2.34438E-1 2.18748E-1 2.36431E-1 2.53704E-1 2.9266E-1 3.56371E-1 3.29065E-1 2.87113E-1 2.569E-1 2.71057E-1 2.91582E-1 3.17776E-1 3.33104E-1 2.82764E-1 3.19678E-1 2.90749E-1 2.69657E-1 2.69449E-1 2.73833E-1 2.90417E-1 2.95451E-1 2.96751E-1 3.13306E-1 3.29166E-1 3.39996E-1 3.49703E-1 3.31763E-1 3.00985E-1 2.76699E-1 2.53286E-1 2.42992E-1 2.45356E-1 2.04592E-1 2.10584E-1 1.89518E-1 1.97971E-1 1.98688E-1 1.93856E-1 1.96683E-1 2.27218E-1 2.13075E-1 2.55417E-1 2.37413E-1 3.33683E-1 3.78E-1 3.62963E-1 3.96862E-1 3.41713E-1 3.74978E-1 3.80963E-1 3.76461E-1 3.63723E-1 3.63659E-1 3.57029E-1 3.37385E-1
3.00978E-1 3.02933E-1 2.96099E-1 2.83108E-1 2.81801E-1 2.87979E-1 2.53976E-1 2.35373E-1 2.47567E-1 2.58398E-1 2.7955E-1 3.22798E-1 3.32846E-1 3.09345E-1 2.67284E-1 2.58531E-1 2.66199E-1 2.88936E-1 2.90644E-1 2.55277E-1 2.57114E-1 2.56253E-1 2.4819E-1 2.59845E-1 2.79887E-1 2.82215E-1 2.87376E-1 3.00137E-1 3.07382E-1 3.26326E-1 3.41712E-1 3.35789E-1 3.14705E-1 2.82396E-1 2.72139E-1 2.47958E-1 2.24822E-1 2.31474E-1 2.2921E-1 2.09668E-1 1.96656E-1 2.00413E-1 1.98207E-1 2.00423E-1 2.01706E-1 1.99896E-1 2.14026E-1 2.75317E-1 3.05521E-1 3.70757E-1 3.71882E-1 3.45165E-1 3.59442E-1 3.74305E-1 3.9175E-1 3.70684E-1 3.50388E-1 3.55315E-1 3.52344E-1 3.60273E-1 3.33463E-1
