maxent_outputs/red_flowers_linear/red_289.asc
ncols         426
nrows         180
xllcorner     -130.0
yllcorner     24.0
cellsize      0.16666666666666666
NODATA_value  -9999
[rows 54 to 80 of 180, columns 305 to 365 of 426]
3.75381E-2 3.74046E-2 3.76768E-2 3.50718E-2 3.27823E-2 3.11057E-2 2.97206E-2 2.87471E-2 2.79976E-2 2.7541E-2 2.64382E-2 2.71795E-2 2.66616E-2 2.68919E-2 2.82736E-2 2.95241E-2 2.98463E-2 3.0396E-2 3.20864E-2 3.35121E-2 3.48788E-2 3.56578E-2 3.42302E-2 3.70729E-2 4.08792E-2 4.01175E-2 3.75251E-2 3.67248E-2 3.76723E-2 3.91387E-2 3.6877E-2 3.4837E-2 3.2977E-2 2.69623E-2 2.35009E-2 2.77525E-2 2.98578E-2 3.25411E-2 3.57263E-2 4.27642E-2 4.03058E-2 3.76852E-2 3.55336E-2 3.60087E-2 3.46688E-2 3.17593E-2 2.86458E-2 3.37007E-2 2.85256E-2 2.89261E-2 3.00611E-2 3.54638E-2 3.83556E-2 3.88744E-2 3.83193E-2 3.81278E-2 3.80128E-2 3.97527E-2 4.17444E-2 4.263E-2 4.39235E-2
3.77912E-2 3.74919E-2 3.91332E-2 3.72452E-2 3.54626E-2 3.32872E-2 3.20757E-2 3.13369E-2 3.08039E-2 2.97453E-2 2.95011E-2 2.95656E-2 2.96864E-2 3.09566E-2 3.22915E-2 3.49144E-2 3.71515E-2 4.0226E-2 3.76357E-2 3.71634E-2 3.69685E-2 3.65625E-2 3.73633E-2 3.56345E-2 3.53387E-2 3.5173E-2 3.49079E-2 3.58456E-2 3.71086E-2 3.70114E-2 3.50457E-2 3.4147E-2 3.39185E-2 3.00695E-2 2.75088E-2 2.93996E-2 3.05797E-2 3.24827E-2 3.67514E-2 3.92436E-2 3.80166E-2 3.57275E-2 3.54184E-2 3.3328E-2 3.22393E-2 3.11432E-2 3.65584E-2 3.10435E-2 2.86436E-2 3.05755E-2 3.70703E-2 4.02986E-2 4.12449E-2 4.38103E-2 4.54319E-2 4.15699E-2 4.20399E-2 4.26111E-2 4.5012E-2 4.85458E-2 5.42424E-2
4.08678E-2 4.04838E-2 4.06942E-2 3.81856E-2 3.84197E-2 3.62577E-2 3.50217E-2 3.55651E-2 3.62594E-2 3.46983E-2 3.3567E-2 3.45586E-2 3.54708E-2 3.6406E-2 3.82837E-2 4.23483E-2 4.48962E-2 4.30631E-2 4.37575E-2 4.20999E-2 4.15372E-2 3.87214E-2 3.52088E-2 3.44673E-2 3.38632E-2 3.48906E-2 3.37528E-2 3.4901E-2 3.44353E-2 3.46954E-2 3.39412E-2 3.40755E-2 3.50121E-2 3.46469E-2 3.67039E-2 3.48375E-2 3.3076E-2 3.43847E-2 3.83007E-2 3.57749E-2 3.54511E-2 3.54521E-2 3.34507E-2 3.25348E-2 3.37618E-2 3.12341E-2 3.76414E-2 3.22723E-2 3.57319E-2 4.33361E-2 4.08737E-2 4.38364E-2 4.51925E-2 4.89815E-2 4.98131E-2 5.18384E-2 4.83899E-2 4.92974E-2 5.34758E-2 5.9476E-2 6.58506E-2
4.01336E-2 3.96969E-2 3.94696E-2 3.98281E-2 4.00299E-2 3.60801E-2 3.48017E-2 3.61943E-2 3.84474E-2 3.83793E-2 3.84809E-2 4.03895E-2 4.03974E-2 4.0289E-2 4.36313E-2 4.73703E-2 4.79591E-2 4.57247E-2 4.53961E-2 4.72165E-2 4.49637E-2 3.88965E-2 3.5627E-2 3.57883E-2 3.53383E-2 3.43035E-2 3.48217E-2 3.37373E-2 3.49071E-2 3.41137E-2 3.31974E-2 3.61601E-2 3.98688E-2 4.0313E-2 4.07138E-2 4.11188E-2 3.55725E-2 3.83037E-2 3.87177E-2 3.94685E-2 3.7614E-2 3.62051E-2 3.34547E-2 3.36097E-2 3.30309E-2 3.16043E-2 4.31783E-2 4.34073E-2 4.96146E-2 5.027E-2 4.78008E-2 5.14309E-2 5.22403E-2 5.4858E-2 5.54339E-2 5.60844E-2 5.45675E-2 5.77935E-2 6.42308E-2 7.17618E-2 7.82333E-2
3.81862E-2 4.02897E-2 4.10021E-2 4.08092E-2 4.10604E-2 3.97895E-2 3.98196E-2 3.87351E-2 4.12951E-2 4.3774E-2 4.6244E-2 4.68606E-2 4.63849E-2 4.60027E-2 4.97782E-2 5.41416E-2 5.68613E-2 5.61899E-2 5.64367E-2 4.72627E-2 4.18842E-2 3.81795E-2 3.83523E-2 3.8247E-2 3.80555E-2 3.74523E-2 3.61587E-2 3.78364E-2 3.79609E-2 3.77754E-2 3.68816E-2 3.57066E-2 4.13337E-2 4.19889E-2 4.12523E-2 3.94144E-2 3.96257E-2 4.32946E-2 4.18248E-2 3.91048E-2 3.9273E-2 3.87515E-2 3.56232E-2 3.55188E-2 3.59452E-2 4.90814E-2 6.11528E-2 8.51356E-2 6.53502E-2 6.04762E-2 6.09002E-2 5.83207E-2 6.17251E-2 6.09689E-2 6.26019E-2 6.50814E-2 6.54838E-2 6.76269E-2 7.38089E-2 8.18765E-2 8.64526E-2
4.23396E-2 4.36783E-2 4.24403E-2 4.69766E-2 4.74514E-2 4.56987E-2 4.42251E-2 4.49512E-2 4.83447E-2 5.24434E-2 5.48822E-2 5.90282E-2 5.54926E-2 6.25832E-2 7.21098E-2 8.52816E-2 7.38526E-2 6.42289E-2 5.48521E-2 4.88688E-2 4.43455E-2 4.23907E-2 4.3249E-2 4.19373E-2 4.04095E-2 3.96998E-2 4.07546E-2 4.07674E-2 4.00071E-2 3.875E-2 3.79653E-2 4.24845E-2 4.42866E-2 4.6103E-2 4.35698E-2 4.0339E-2 4.38836E-2 4.52294E-2 4.78506E-2 4.24299E-2 4.36269E-2 3.90602E-2 3.69124E-2 4.35707E-2 5.19699E-2 6.43712E-2 6.78455E-2 7.15009E-2 7.39955E-2 6.77135E-2 6.88596E-2 6.94062E-2 7.02329E-2 7.2148E-2 7.40801E-2 7.48205E-2 7.60023E-2 8.07341E-2 8.31107E-2 8.35006E-2 8.68737E-2
5.11103E-2 5.79199E-2 5.55795E-2 5.78561E-2 6.13323E-2 6.49691E-2 6.67667E-2 6.87768E-2 7.36548E-2 7.67414E-2 7.49064E-2 7.22763E-2 6.46718E-2 8.02127E-2 1.00607E-1 1.0026E-1 9.59046E-2 7.92497E-2 6.73605E-2 6.08058E-2 5.3652E-2 4.82495E-2 4.51153E-2 4.59944E-2 4.47292E-2 4.50364E-2 4.47583E-2 4.47891E-2 4.38022E-2 4.13815E-2 4.00163E-2 4.1408E-2 4.75777E-2 4.94994E-2 4.59875E-2 4.25348E-2 4.73249E-2 5.05947E-2 5.1822E-2 4.50924E-2 4.57668E-2 4.48168E-2 4.44623E-2 4.906E-2 5.52161E-2 6.2357E-2 7.74346E-2 8.19663E-2 8.15136E-2 7.63044E-2 7.48185E-2 9.08376E-2 8.21215E-2 7.58042E-2 7.95751E-2 8.62467E-2 9.29555E-2 9.50095E-2 9.1435E-2 9.29102E-2 1.05408E-1
7.08822E-2 8.19093E-2 8.32591E-2 8.55624E-2 8.60795E-2 8.35062E-2 8.20579E-2 8.20369E-2 8.50497E-2 8.92086E-2 9.59468E-2 9.94349E-2 1.01274E-1 1.12427E-1 1.19366E-1 1.22546E-1 1.21235E-1 9.40841E-2 7.38886E-2 6.39778E-2 5.61881E-2 5.56001E-2 5.39935E-2 5.51184E-2 5.24637E-2 5.04834E-2 5.2454E-2 5.08367E-2 5.00397E-2 4.48619E-2 4.72845E-2 5.1554E-2 5.33832E-2 5.33209E-2 5.05255E-2 4.678E-2 4.80106E-2 5.48448E-2 5.56237E-2 5.3673E-2 5.13103E-2 4.7419E-2 5.14631E-2 5.50148E-2 5.5663E-2 6.225E-2 6.98946E-2 8.16045E-2 7.88474E-2 7.81459E-2 7.7474E-2 8.48368E-2 8.2492E-2 8.72917E-2 9.26724E-2 9.93202E-2 9.86274E-2 1.00448E-1 -9999 1.38576E-1 -9999
9.06204E-2 9.20061E-2 9.10218E-2 9.09433E-2 8.72662E-2 8.40088E-2 8.26923E-2 8.23191E-2 8.55603E-2 9.10186E-2 9.66069E-2 1.03895E-1 1.10164E-1 1.17187E-1 1.22093E-1 1.24792E-1 1.14636E-1 9.75181E-2 8.26194E-2 7.36459E-2 6.56496E-2 6.08269E-2 6.5788E-2 6.80481E-2 6.46645E-2 6.06861E-2 5.92481E-2 5.78263E-2 5.61161E-2 5.29888E-2 5.20618E-2 5.8519E-2 5.65028E-2 5.70017E-2 5.23992E-2 4.95571E-2 4.99004E-2 5.21682E-2 6.22797E-2 5.94871E-2 5.41378E-2 5.5849E-2 5.6179E-2 5.72243E-2 5.87103E-2 6.30326E-2 7.0452E-2 8.14068E-2 8.2045E-2 8.22756E-2 8.60002E-2 8.6514E-2 9.12611E-2 1.03913E-1 -9999 -9999 -9999 -9999 -9999 -9999 -9999
9.81595E-2 9.61612E-2 9.00001E-2 8.15804E-2 7.76957E-2 7.38544E-2 7.12547E-2 6.98928E-2 7.54348E-2 8.74831E-2 9.30256E-2 9.78541E-2 1.02291E-1 1.03686E-1 9.92632E-2 8.63446E-2 8.65746E-2 8.19717E-2 8.36824E-2 8.53936E-2 8.05735E-2 7.39773E-2 7.89951E-2 7.68848E-2 6.94735E-2 6.57335E-2 6.51688E-2 6.70204E-2 6.47503E-2 6.29066E-2 6.14545E-2 6.3443E-2 6.09E-2 5.5224E-2 5.13403E-2 5.14574E-2 5.64305E-2 6.13443E-2 6.60618E-2 6.29989E-2 5.93241E-2 6.31061E-2 6.22334E-2 6.36055E-2 6.74479E-2 6.6144E-2 6.80616E-2 7.30093E-2 8.52198E-2 8.94547E-2 9.47335E-2 9.69135E-2 1.03039E-1 -9999 -9999 -9999 -9999 -9999 -9999 -9999 -9999
8.18389E-2 8.03031E-2 7.76239E-2 7.12588E-2 6.69596E-2 6.41565E-2 5.97426E-2 5.81725E-2 6.42654E-2 7.18774E-2 7.09859E-2 7.0711E-2 7.13659E-2 7.50542E-2 7.5826E-2 7.67196E-2 7.84528E-2 7.68227E-2 7.77091E-2 8.37321E-2 7.8068E-2 7.1137E-2 7.15875E-2 6.71043E-2 6.36393E-2 6.16879E-2 6.5339E-2 6.61859E-2 6.79199E-2 7.02871E-2 6.80362E-2 6.52616E-2 6.06109E-2 5.33784E-2 5.31749E-2 5.84384E-2 7.00592E-2 7.70972E-2 7.62289E-2 6.77973E-2 6.43734E-2 7.1038E-2 7.41902E-2 7.70189E-2 7.54931E-2 6.77912E-2 6.66412E-2 7.75938E-2 8.58135E-2 9.24045E-2 1.04219E-1 1.10209E-1 -9999 -9999 -9999 -9999 -9999 -9999 -9999 -9999 -9999
8.43947E-2 8.60874E-2 7.91949E-2 7.05825E-2 6.67392E-2 6.31398E-2 5.8789E-2 5.74257E-2 6.26536E-2 6.81969E-2 6.72901E-2 6.59875E-2 6.67066E-2 6.9512E-2 7.03226E-2 7.13388E-2 7.32756E-2 7.53766E-2 7.36624E-2 7.35967E-2 7.1431E-2 6.92593E-2 6.9637E-2 7.00734E-2 6.51598E-2 5.93263E-2 6.00327E-2 6.74335E-2 7.06922E-2 7.06963E-2 6.85428E-2 6.58002E-2 6.21465E-2 5.64486E-2 5.58968E-2 6.54014E-2 7.76957E-2 8.64798E-2 8.23748E-2 7.69796E-2 6.89982E-2 7.5473E-2 8.55915E-2 8.78152E-2 8.84675E-2 8.10048E-2 7.61866E-2 8.34006E-2 8.84716E-2 9.86604E-2 1.17512E-1 1.12344E-1 -9999 -9999 -9999 -9999 -9999 -9999 -9999 -9999 -9999
7.85936E-2 8.89922E-2 8.74173E-2 7.42655E-2 6.73247E-2 6.43479E-2 6.08567E-2 5.93237E-2 5.92379E-2 5.91824E-2 6.13561E-2 6.30344E-2 6.33481E-2 6.67531E-2 6.84773E-2 6.87093E-2 7.13685E-2 7.43614E-2 7.46285E-2 7.24917E-2 7.29499E-2 6.92962E-2 6.83777E-2 6.5692E-2 6.30166E-2 6.36902E-2 6.26589E-2 6.26118E-2 6.51534E-2 6.6265E-2 6.65463E-2 6.61289E-2 6.33712E-2 5.90084E-2 5.75377E-2 6.45836E-2 8.58333E-2 9.60904E-2 9.64811E-2 7.84212E-2 7.41422E-2 7.35763E-2 9.17439E-2 9.32643E-2 1.00384E-1 9.65614E-2 9.17708E-2 9.79889E-2 1.02764E-1 1.15965E-1 1.20432E-1 1.69235E-1 -9999 -9999 -9999 -9999 -9999 -9999 -9999 -9999 -9999
9.15414E-2 8.50229E-2 8.19501E-2 7.26863E-2 6.43417E-2 6.25114E-2 5.99996E-2 5.84151E-2 5.72214E-2 5.76585E-2 6.24082E-2 6.11969E-2 6.2344E-2 6.81608E-2 7.08628E-2 6.79935E-2 7.12592E-2 7.31338E-2 7.23312E-2 6.98744E-2 6.76257E-2 6.6278E-2 6.57424E-2 6.11518E-2 6.02387E-2 6.34913E-2 6.22395E-2 6.35835E-2 6.5904E-2 6.77493E-2 6.70723E-2 6.92442E-2 6.76127E-2 6.54411E-2 7.05824E-2 7.45008E-2 9.17353E-2 9.91293E-2 9.89249E-2 8.75669E-2 8.06328E-2 8.06052E-2 8.5451E-2 9.53302E-2 1.11159E-1 1.11097E-1 1.15393E-1 1.20008E-1 1.32054E-1 1.27358E-1 1.30684E-1 1.35754E-1 -9999 -9999 -9999 -9999 -9999 -9999 -9999 -9999 -9999
7.93748E-2 7.41355E-2 6.86986E-2 6.49334E-2 6.04415E-2 5.82091E-2 5.69825E-2 5.95708E-2 5.66721E-2 5.40263E-2 5.53926E-2 5.69482E-2 6.30113E-2 6.24565E-2 6.75313E-2 6.91729E-2 7.06232E-2 7.29196E-2 7.28816E-2 6.95974E-2 7.00532E-2 6.90625E-2 6.81863E-2 6.37992E-2 6.18716E-2 6.21871E-2 5.85627E-2 6.16494E-2 6.62625E-2 6.78854E-2 7.01614E-2 6.8637E-2 6.84359E-2 6.82475E-2 7.37312E-2 8.42802E-2 9.13145E-2 9.4392E-2 9.89485E-2 8.96268E-2 9.12991E-2 8.26909E-2 8.45276E-2 1.01606E-1 1.20173E-1 1.2366E-1 1.33194E-1 1.41234E-1 1.42133E-1 1.3878E-1 1.37688E-1 1.40892E-1 -9999 -9999 -9999 -9999 -9999 -9999 -9999 -9999 -9999
7.58613E-2 7.3314E-2 6.69705E-2 6.24251E-2 5.73094E-2 5.64461E-2 5.63466E-2 5.7709E-2 5.53927E-2 5.25893E-2 5.25457E-2 5.85151E-2 6.04674E-2 6.0796E-2 6.50056E-2 6.77512E-2 7.21979E-2 7.55096E-2 7.48527E-2 7.41713E-2 7.26596E-2 7.20038E-2 7.11702E-2 6.87445E-2 6.68748E-2 6.34114E-2 5.97107E-2 6.35057E-2 6.61965E-2 7.08332E-2 7.04964E-2 7.25007E-2 7.17454E-2 7.19638E-2 7.83887E-2 8.63621E-2 9.37439E-2 9.85913E-2 1.04589E-1 9.43204E-2 1.02856E-1 9.72158E-2 8.90472E-2 1.06513E-1 1.28411E-1 1.40347E-1 1.44E-1 1.54381E-1 1.61086E-1 1.50704E-1 -9999 -9999 -9999 -9999 -9999 -9999 -9999 -9999 -9999 -9999 -9999
7.25956E-2 7.15225E-2 7.04526E-2 6.5332E-2 6.10933E-2 5.90943E-2 5.86988E-2 5.62578E-2 5.6326E-2 5.82234E-2 5.64744E-2 5.83331E-2 6.19692E-2 6.3202E-2 6.42439E-2 6.74505E-2 7.18852E-2 7.54634E-2 7.74521E-2 7.96622E-2 7.77904E-2 7.6243E-2 7.53165E-2 7.36347E-2 6.98744E-2 6.76219E-2 6.54032E-2 7.05721E-2 8.04269E-2 8.25514E-2 8.73166E-2 8.79618E-2 8.16115E-2 8.06039E-2 8.46303E-2 9.33561E-2 1.0412E-1 1.1158E-1 1.21487E-1 1.19484E-1 1.14598E-1 1.14717E-1 1.14298E-1 1.29913E-1 1.45969E-1 1.53058E-1 1.53909E-1 1.67729E-1 1.73839E-1 1.72687E-1 1.69675E-1 -9999 -9999 -9999 -9999 -9999 -9999 -9999 -9999 -9999 -9999
7.98602E-2 8.04399E-2 7.65848E-2 7.32716E-2 6.8825E-2 6.3236E-2 6.06547E-2 5.90849E-2 5.69563E-2 5.85349E-2 5.91362E-2 6.14306E-2 6.39003E-2 6.73298E-2 7.01934E-2 6.98903E-2 7.3129E-2 7.61164E-2 8.15666E-2 8.45997E-2 8.09572E-2 7.8054E-2 7.83717E-2 8.05308E-2 7.96384E-2 7.77256E-2 7.87105E-2 9.03601E-2 9.9353E-2 1.07465E-1 1.03511E-1 9.81703E-2 9.20621E-2 8.78562E-2 9.70539E-2 1.00074E-1 1.11328E-1 1.23853E-1 1.30641E-1 1.34686E-1 1.30389E-1 1.33546E-1 1.39509E-1 1.391E-1 1.55193E-1 1.63569E-1 1.65965E-1 1.72646E-1 1.82373E-1 1.82025E-1 1.84036E-1 1.77302E-1 -9999 1.56295E-1 1.61074E-1 -9999 -9999 -9999 -9999 -9999 -9999
8.41251E-2 8.53706E-2 8.12879E-2 7.84747E-2 7.08765E-2 6.76813E-2 6.52107E-2 6.39158E-2 6.1753E-2 6.18997E-2 6.22106E-2 6.3167E-2 6.57012E-2 6.4446E-2 7.0049E-2 7.4658E-2 7.69125E-2 7.66034E-2 7.85662E-2 8.11158E-2 8.0788E-2 8.15893E-2 8.29483E-2 8.29058E-2 8.49301E-2 8.73283E-2 9.05901E-2 9.69551E-2 1.11521E-1 1.16845E-1 1.1006E-1 1.08946E-1 1.03456E-1 9.76116E-2 1.03176E-1 1.12703E-1 1.2607E-1 1.40502E-1 1.39571E-1 1.39077E-1 1.41571E-1 1.44335E-1 1.5071E-1 1.4869E-1 1.71887E-1 1.72543E-1 1.7879E-1 1.81586E-1 1.88789E-1 1.94807E-1 1.9456E-1 1.84641E-1 -9999 -9999 1.72338E-1 1.83198E-1 -9999 -9999 -9999 -9999 -9999
8.51322E-2 8.35723E-2 8.08483E-2 7.99998E-2 7.64719E-2 7.41142E-2 6.93916E-2 6.79303E-2 6.78583E-2 6.72558E-2 6.35308E-2 6.15309E-2 6.4219E-2 6.78309E-2 7.45002E-2 7.66442E-2 7.99508E-2 7.99514E-2 7.88835E-2 8.01056E-2 8.00461E-2 8.29256E-2 8.60726E-2 8.62569E-2 8.75629E-2 9.17262E-2 9.83707E-2 1.02867E-1 1.10913E-1 1.15506E-1 1.12744E-1 1.15507E-1 1.12555E-1 1.16924E-1 1.25031E-1 1.30251E-1 1.45731E-1 1.5556E-1 1.64223E-1 1.59534E-1 1.60037E-1 1.5632E-1 1.61322E-1 1.65162E-1 1.80199E-1 1.77315E-1 1.85748E-1 1.86988E-1 1.95628E-1 1.99291E-1 1.93265E-1 1.88637E-1 1.8988E-1 1.90115E-1 1.91574E-1 1.90795E-1 -9999 -9999 -9999 -9999 -9999
8.57872E-2 8.26034E-2 8.15847E-2 8.25538E-2 8.4833E-2 8.33865E-2 7.98531E-2 7.87538E-2 7.5024E-2 7.24532E-2 7.06214E-2 6.71311E-2 6.76764E-2 7.27535E-2 7.58095E-2 7.72758E-2 7.86724E-2 8.39936E-2 8.6319E-2 8.46738E-2 8.22626E-2 8.74101E-2 9.16062E-2 9.11946E-2 9.66312E-2 1.00613E-1 1.08867E-1 1.18499E-1 1.22929E-1 1.15577E-1 1.22668E-1 1.26566E-1 1.31365E-1 1.37571E-1 1.43578E-1 1.4831E-1 1.63842E-1 1.78119E-1 1.83382E-1 1.85721E-1 1.79712E-1 1.82906E-1 1.84516E-1 1.86319E-1 1.85775E-1 1.78326E-1 1.75747E-1 1.91541E-1 1.94633E-1 2.00345E-1 2.00557E-1 1.97111E-1 1.89535E-1 1.89896E-1 1.84012E-1 1.97211E-1 -9999 -9999 -9999 -9999 -9999
8.96138E-2 8.68528E-2 8.75598E-2 9.09378E-2 9.22543E-2 9.22575E-2 9.13276E-2 8.74642E-2 8.44409E-2 8.19843E-2 8.18773E-2 8.1832E-2 8.48712E-2 8.6959E-2 8.70005E-2 8.43839E-2 8.35626E-2 8.4915E-2 8.95871E-2 8.88417E-2 9.33071E-2 9.72343E-2 9.47272E-2 1.01939E-1 1.04472E-1 1.09062E-1 1.1619E-1 1.25379E-1 1.3079E-1 1.31573E-1 1.44532E-1 1.50287E-1 1.52069E-1 1.57212E-1 1.67161E-1 1.74193E-1 1.89122E-1 1.98577E-1 2.03081E-1 2.11157E-1 2.14676E-1 2.12131E-1 2.01137E-1 1.8791E-1 1.82096E-1 1.78431E-1 1.81895E-1 1.91579E-1 1.97346E-1 1.93097E-1 1.96455E-1 1.94967E-1 1.9627E-1 2.11311E-1 1.83308E-1 -9999 -9999 -9999 -9999 -9999 -9999
9.92723E-2 9.54124E-2 9.63094E-2 9.68076E-2 9.9659E-2 9.66667E-2 9.67248E-2 9.65049E-2 9.44556E-2 9.40835E-2 9.72889E-2 1.02032E-1 1.06217E-1 1.10406E-1 1.01419E-1 9.47529E-2 9.2983E-2 9.29351E-2 9.58329E-2 1.02509E-1 1.03717E-1 1.01364E-1 1.09509E-1 1.11633E-1 1.09715E-1 1.16928E-1 1.22541E-1 1.29582E-1 1.42098E-1 1.52407E-1 1.59421E-1 1.60306E-1 1.58952E-1 1.70994E-1 1.83064E-1 1.95676E-1 2.08191E-1 2.17741E-1 2.20556E-1 2.20779E-1 2.23455E-1 2.1336E-1 2.01606E-1 1.9171E-1 1.82063E-1 1.71017E-1 -9999 -9999 -9999 -9999 1.95527E-1 -9999 -9999 1.8225E-1 1.739E-1 1.72827E-1 -9999 -9999 -9999 -9999 -9999
1.08532E-1 1.07443E-1 1.05144E-1 1.07045E-1 1.06833E-1 1.03756E-1 1.02082E-1 1.01239E-1 1.06712E-1 1.09947E-1 1.09087E-1 1.08024E-1 1.14842E-1 1.19172E-1 1.1039E-1 1.07335E-1 1.0494E-1 1.09093E-1 1.09964E-1 1.08662E-1 1.0468E-1 1.11221E-1 1.19554E-1 1.22009E-1 1.26807E-1 1.26947E-1 1.28124E-1 1.45535E-1 1.63142E-1 1.71797E-1 1.76255E-1 1.76994E-1 1.77694E-1 1.88354E-1 1.99515E-1 1.9962E-1 2.2008E-1 -9999 -9999 2.25598E-1 2.30914E-1 2.2034E-1 2.09366E-1 2.03772E-1 -9999 1.79685E-1 -9999 -9999 -9999 -9999 -9999 -9999 -9999 -9999 -9999 -9999 -9999 -9999 -9999 -9999 -9999
1.21288E-1 1.20895E-1 1.17704E-1 1.15383E-1 1.15338E-1 1.08799E-1 1.09939E-1 1.16041E-1 1.1658E-1 1.15704E-1 1.17331E-1 1.20458E-1 1.29688E-1 1.25615E-1 1.2226E-1 1.15646E-1 1.13578E-1 1.18831E-1 1.24051E-1 1.25921E-1 1.20813E-1 1.23946E-1 1.25476E-1 1.35165E-1 1.38115E-1 1.40565E-1 1.51695E-1 1.70794E-1 1.80489E-1 1.9106E-1 2.0544E-1 2.02721E-1 1.97356E-1 2.16651E-1 2.25872E-1 2.23011E-1 2.19582E-1 2.26652E-1 2.135E-1 2.02284E-1 2.26684E-1 2.12432E-1 2.0751E-1 -9999 -9999 -9999 -9999 -9999 -9999 -9999 -9999 -9999 -9999 -9999 -9999 -9999 -9999 -9999 -9999 -9999 -9999
1.32405E-1 1.30932E-1 1.25623E-1 1.20853E-1 1.1908E-1 1.19864E-1 1.21577E-1 1.23164E-1 1.24181E-1 1.23776E-1 1.2871E-1 1.35275E-1 1.38986E-1 1.35643E-1 1.32709E-1 1.28006E-1 1.27099E-1 1.32998E-1 1.3984E-1 1.42536E-1 1.34241E-1 1.34312E-1 1.35866E-1 1.41442E-1 1.52073E-1 1.59227E-1 1.66853E-1 1.79876E-1 1.94871E-1 2.17736E-1 2.34994E-1 2.3721E-1 2.38489E-1 2.06114E-1 2.14789E-1 2.17339E-1 2.1729E-1 2.18159E-1 2.04316E-1 1.89222E-1 -9999 -9999 -9999 -9999 -9999 -9999 -9999 -9999 -9999 -9999 -9999 -9999 -9999 -9999 -9999 -9999 -9999 -9999 -9999 -9999 -9999
1.43038E-1 1.40133E-1 1.30684E-1 1.25335E-1 1.25452E-1 1.27478E-1 1.26106E-1 1.2901E-1 1.29975E-1 1.32757E-1 1.37344E-1 1.43461E-1 1.48312E-1 1.4753E-1 1.43542E-1 1.43004E-1 1.42357E-1 1.48452E-1 1.52236E-1 1.51705E-1 1.48361E-1 1.49571E-1 1.58351E-1 1.58187E-1 1.63048E-1 1.72026E-1 1.78407E-1 1.93895E-1 2.10979E-1 2.28749E-1 2.40764E-1 2.49947E-1 2.45075E-1 2.14421E-1 2.09185E-1 2.16894E-1 2.26023E-1 -9999 -9999 -9999 -9999 -9999 -9999 -9999 -9999 -9999 -9999 -9999 -9999 -9999 -9999 -9999 -9999 -9999 -9999 -9999 -9999 -9999 -9999 -9999 -9999
