maxent_outputs/red_flowers_linear/red_58.asc
ncols         426
nrows         180
xllcorner     -130.0
yllcorner     24.0
cellsize      0.16666666666666666
NODATA_value  -9999
[rows 54 to 80 of 180, columns 183 to 243 of 426]
3.55254E-2 3.71066E-2 4.13476E-2 4.20625E-2 4.09104E-2 3.92398E-2 3.90482E-2 3.7432E-2 3.67795E-2 3.59121E-2 3.50599E-2 3.56607E-2 3.7121E-2 3.72617E-2 3.47368E-2 3.28654E-2 3.65796E-2 3.85948E-2 4.06171E-2 3.8911E-2 3.88323E-2 3.75115E-2 3.60752E-2 3.40004E-2 3.40619E-2 3.37343E-2 3.43933E-2 3.58748E-2 3.49498E-2 3.51425E-2 3.69198E-2 3.57714E-2 3.66577E-2 3.72177E-2 4.05064E-2 4.53409E-2 4.70541E-2 4.78881E-2 4.71736E-2 4.2428E-2 4.50369E-2 3.88041E-2 3.45497E-2 3.37058E-2 3.68088E-2 3.98404E-2 3.92626E-2 3.91451E-2 4.21536E-2 3.92707E-2 3.71969E-2 3.56157E-2 3.44892E-2 3.37534E-2 3.23792E-2 3.29708E-2 3.33601E-2 3.33092E-2 3.60632E-2 3.96416E-2 3.56184E-2
3.65612E-2 3.82696E-2 4.02329E-2 4.0414E-2 4.0622E-2 4.16503E-2 4.00196E-2 3.78304E-2 3.75032E-2 3.67481E-2 3.57318E-2 3.8473E-2 3.61786E-2 3.64485E-2 3.51513E-2 3.36001E-2 3.41947E-2 3.56335E-2 3.90606E-2 3.97065E-2 3.8372E-2 3.78271E-2 3.65399E-2 3.69569E-2 3.83784E-2 3.70762E-2 3.69112E-2 3.79265E-2 3.61795E-2 3.59823E-2 3.68454E-2 3.79355E-2 3.79422E-2 3.82104E-2 4.03985E-2 4.40447E-2 4.63501E-2 4.79311E-2 4.56491E-2 4.6768E-2 4.71001E-2 4.13399E-2 3.9743E-2 3.87099E-2 4.19776E-2 4.46524E-2 4.29408E-2 4.46957E-2 4.35658E-2 3.86851E-2 3.81597E-2 3.71025E-2 3.49384E-2 3.46119E-2 3.40921E-2 3.54253E-2 3.65557E-2 3.90524E-2 4.33443E-2 4.16594E-2 4.00759E-2
4.10345E-2 4.34927E-2 4.55202E-2 4.50786E-2 4.40731E-2 4.46617E-2 4.38992E-2 4.04915E-2 3.92755E-2 3.86166E-2 3.72298E-2 3.64615E-2 3.647E-2 3.76599E-2 3.98234E-2 3.62798E-2 3.42421E-2 3.34159E-2 3.56934E-2 3.9561E-2 4.11221E-2 4.03547E-2 3.92599E-2 3.98184E-2 3.92366E-2 3.97817E-2 4.26157E-2 4.19194E-2 3.90437E-2 3.8634E-2 3.74191E-2 3.90141E-2 3.92897E-2 4.25353E-2 4.01326E-2 4.06816E-2 4.17284E-2 4.35518E-2 4.36791E-2 4.4353E-2 4.53826E-2 4.9314E-2 5.01759E-2 4.55773E-2 4.6773E-2 4.75826E-2 4.4885E-2 4.33957E-2 4.11221E-2 3.78464E-2 3.65716E-2 3.47858E-2 3.47997E-2 3.42971E-2 3.38286E-2 3.52567E-2 3.67909E-2 3.76326E-2 3.9095E-2 4.29609E-2 4.0105E-2
4.10982E-2 4.09968E-2 4.38383E-2 4.44587E-2 4.72074E-2 4.69355E-2 4.62459E-2 4.55749E-2 4.31269E-2 4.16696E-2 3.91035E-2 3.77564E-2 3.8219E-2 3.85687E-2 3.76239E-2 3.88905E-2 3.73308E-2 3.55969E-2 3.52627E-2 3.72129E-2 3.96625E-2 4.20003E-2 4.2961E-2 4.18279E-2 4.17236E-2 4.13074E-2 4.14161E-2 4.08023E-2 4.2711E-2 4.29475E-2 4.13396E-2 4.13069E-2 4.1519E-2 4.42515E-2 3.97321E-2 4.05816E-2 4.13488E-2 4.21457E-2 4.28194E-2 4.41479E-2 4.32534E-2 4.30754E-2 4.345E-2 4.91187E-2 5.29369E-2 5.27437E-2 4.72887E-2 4.43865E-2 4.22911E-2 3.92821E-2 3.74351E-2 3.54427E-2 3.84341E-2 3.68285E-2 3.58561E-2 3.64171E-2 3.97981E-2 4.14471E-2 4.39466E-2 4.08083E-2 4.12886E-2
4.51964E-2 4.29776E-2 4.34356E-2 4.34895E-2 4.66362E-2 5.10427E-2 4.71544E-2 4.72751E-2 4.61379E-2 4.48379E-2 4.26888E-2 4.11724E-2 4.48359E-2 4.00432E-2 3.97266E-2 3.98814E-2 3.99263E-2 3.74988E-2 3.58454E-2 3.73222E-2 3.94153E-2 4.06162E-2 4.16259E-2 4.3306E-2 4.37522E-2 4.36581E-2 4.43904E-2 4.42358E-2 4.47176E-2 4.43204E-2 4.54542E-2 4.77512E-2 4.48649E-2 4.62462E-2 4.48538E-2 4.24445E-2 4.20785E-2 4.13162E-2 3.9938E-2 4.16414E-2 4.34871E-2 4.4365E-2 4.5685E-2 4.5626E-2 4.70281E-2 5.56676E-2 4.91275E-2 4.68346E-2 4.46409E-2 4.20078E-2 4.0944E-2 4.01121E-2 3.94537E-2 4.06786E-2 4.06423E-2 4.0142E-2 4.31872E-2 4.73015E-2 4.39828E-2 4.05542E-2 4.12785E-2
5.65305E-2 5.08629E-2 4.85535E-2 4.63649E-2 4.48452E-2 5.22866E-2 5.39123E-2 5.16383E-2 5.00558E-2 4.87351E-2 4.59814E-2 4.31865E-2 4.12667E-2 4.05312E-2 4.11212E-2 4.08878E-2 4.01553E-2 3.9926E-2 3.79229E-2 3.68896E-2 3.85884E-2 4.01937E-2 4.32538E-2 4.18576E-2 4.27536E-2 4.35631E-2 4.44092E-2 4.5214E-2 4.71409E-2 4.69353E-2 4.60217E-2 4.54697E-2 4.78553E-2 4.51287E-2 4.27248E-2 4.10034E-2 4.10836E-2 4.0579E-2 3.93688E-2 4.10153E-2 4.32348E-2 4.55699E-2 4.52157E-2 4.23377E-2 4.45813E-2 4.64549E-2 5.34929E-2 5.33258E-2 5.01886E-2 4.78773E-2 4.64632E-2 4.35569E-2 4.19361E-2 4.47299E-2 4.6345E-2 4.55843E-2 4.94684E-2 5.091E-2 4.5814E-2 4.46072E-2 4.6419E-2
5.80646E-2 5.71157E-2 5.40922E-2 5.09691E-2 4.99759E-2 5.31333E-2 5.85458E-2 5.6717E-2 5.42972E-2 5.21471E-2 5.05308E-2 4.61561E-2 4.23431E-2 4.10714E-2 4.27443E-2 4.39415E-2 4.31053E-2 4.22891E-2 3.89917E-2 3.91186E-2 3.92319E-2 3.93388E-2 4.18466E-2 4.19349E-2 4.29246E-2 4.25272E-2 4.42188E-2 4.42509E-2 4.63103E-2 4.76617E-2 4.75066E-2 4.58681E-2 4.7022E-2 4.54714E-2 4.41582E-2 4.3013E-2 4.22376E-2 4.09712E-2 3.93481E-2 4.01527E-2 4.16853E-2 4.37549E-2 4.43129E-2 4.33078E-2 4.292E-2 4.36751E-2 4.44444E-2 4.76181E-2 5.37559E-2 5.79284E-2 4.9991E-2 4.75073E-2 4.64055E-2 4.3782E-2 4.48134E-2 4.83688E-2 5.1193E-2 5.36496E-2 4.84072E-2 4.82976E-2 5.03675E-2
6.87838E-2 5.8542E-2 5.59214E-2 5.51623E-2 5.69037E-2 5.64039E-2 5.8752E-2 5.89966E-2 6.0342E-2 5.82406E-2 5.31519E-2 4.91025E-2 4.5136E-2 4.28869E-2 4.308E-2 4.31462E-2 4.54656E-2 4.41306E-2 4.07324E-2 4.07064E-2 4.21442E-2 4.08876E-2 4.10712E-2 4.18811E-2 4.32668E-2 4.55819E-2 4.45293E-2 4.4254E-2 4.68554E-2 4.8399E-2 4.94188E-2 4.73396E-2 4.67702E-2 4.48145E-2 4.4807E-2 4.42224E-2 4.28468E-2 4.23323E-2 4.04787E-2 4.17923E-2 4.13506E-2 4.20061E-2 4.28253E-2 4.44452E-2 4.59095E-2 4.60964E-2 4.78877E-2 5.08354E-2 4.8994E-2 6.10909E-2 5.08292E-2 4.5705E-2 4.59281E-2 4.73244E-2 4.6186E-2 4.91046E-2 5.03919E-2 5.1211E-2 5.0452E-2 5.0051E-2 5.18691E-2
7.4303E-2 6.67889E-2 6.10809E-2 6.06279E-2 5.93031E-2 5.73947E-2 5.76365E-2 5.81255E-2 6.07671E-2 6.05041E-2 5.63722E-2 5.15484E-2 4.99536E-2 4.66342E-2 4.72938E-2 4.64732E-2 4.89221E-2 5.02235E-2 4.537E-2 4.49534E-2 4.39168E-2 4.28356E-2 4.23352E-2 4.40982E-2 4.39631E-2 4.51557E-2 4.52984E-2 4.62871E-2 4.80172E-2 4.9138E-2 4.91043E-2 4.67645E-2 4.64267E-2 4.48629E-2 4.50862E-2 4.43857E-2 4.71806E-2 4.62213E-2 4.3622E-2 4.34503E-2 4.21337E-2 4.14721E-2 4.24837E-2 4.35241E-2 4.2748E-2 4.28979E-2 4.68281E-2 4.71419E-2 4.67391E-2 5.97233E-2 4.991E-2 4.50341E-2 4.73088E-2 5.03603E-2 4.94123E-2 4.86186E-2 5.00909E-2 5.03198E-2 5.1905E-2 5.1218E-2 5.15548E-2
6.93472E-2 7.87732E-2 7.72989E-2 7.00606E-2 6.3835E-2 5.98281E-2 5.8294E-2 5.67044E-2 6.0257E-2 6.10847E-2 6.01647E-2 5.37794E-2 5.09334E-2 5.05968E-2 5.04441E-2 5.0288E-2 5.0866E-2 5.24766E-2 4.94727E-2 4.8725E-2 4.69941E-2 4.40674E-2 4.38995E-2 4.44184E-2 4.50075E-2 4.86153E-2 5.21649E-2 4.74056E-2 4.99847E-2 4.92194E-2 4.76856E-2 4.69792E-2 4.70491E-2 4.54395E-2 4.4588E-2 4.59232E-2 4.64572E-2 4.68658E-2 4.58297E-2 4.69577E-2 4.57189E-2 4.54408E-2 4.42465E-2 4.22366E-2 4.32154E-2 4.73735E-2 5.2199E-2 5.41326E-2 5.14615E-2 5.62109E-2 5.26981E-2 4.79974E-2 5.0194E-2 5.08456E-2 5.19502E-2 5.11653E-2 4.94765E-2 5.05598E-2 5.0692E-2 5.15491E-2 4.90266E-2
6.65132E-2 6.89364E-2 8.09633E-2 8.71924E-2 7.52853E-2 6.78478E-2 6.57195E-2 6.43461E-2 6.14161E-2 6.62482E-2 6.43744E-2 5.95279E-2 5.43616E-2 5.62863E-2 5.54409E-2 5.34607E-2 5.31471E-2 5.51513E-2 5.29924E-2 5.27719E-2 4.85997E-2 4.67622E-2 4.60188E-2 4.7668E-2 4.97409E-2 4.99301E-2 4.91101E-2 4.92946E-2 4.94291E-2 4.70116E-2 4.75609E-2 4.84984E-2 4.91485E-2 4.62781E-2 4.5346E-2 4.71292E-2 4.8368E-2 4.89371E-2 4.8246E-2 4.77344E-2 5.00239E-2 4.8957E-2 4.74784E-2 4.65316E-2 4.70175E-2 4.90709E-2 5.31046E-2 5.01724E-2 4.7824E-2 4.89584E-2 5.85492E-2 5.16748E-2 5.45543E-2 5.52504E-2 5.3854E-2 5.36248E-2 5.27703E-2 5.35164E-2 5.23073E-2 4.90362E-2 4.71517E-2
6.99178E-2 7.06185E-2 7.63622E-2 8.35831E-2 8.65133E-2 8.4309E-2 7.57826E-2 7.15316E-2 6.56994E-2 6.78897E-2 6.8713E-2 6.61749E-2 6.21669E-2 5.59431E-2 5.73523E-2 5.74184E-2 5.40029E-2 5.45626E-2 5.67719E-2 5.28266E-2 4.96738E-2 4.923E-2 4.92438E-2 5.04105E-2 5.22469E-2 5.28484E-2 5.40517E-2 5.18654E-2 5.09329E-2 4.95773E-2 4.75819E-2 4.87904E-2 4.76061E-2 4.64168E-2 4.51927E-2 4.63611E-2 5.00389E-2 5.02841E-2 5.15273E-2 5.07747E-2 5.06811E-2 5.19233E-2 4.92205E-2 4.78849E-2 4.73275E-2 4.9701E-2 4.99008E-2 4.8953E-2 4.93856E-2 5.55411E-2 5.84138E-2 5.98213E-2 5.8153E-2 5.44378E-2 5.38919E-2 5.34952E-2 5.52423E-2 5.37949E-2 5.13897E-2 4.90323E-2 5.63481E-2
7.73583E-2 7.66611E-2 7.81847E-2 7.76094E-2 7.74021E-2 7.89286E-2 7.89071E-2 7.83405E-2 7.71368E-2 7.52772E-2 7.68862E-2 7.14548E-2 7.04436E-2 6.63662E-2 6.22427E-2 6.19636E-2 5.85383E-2 5.8813E-2 5.66803E-2 5.37117E-2 5.29838E-2 5.21207E-2 5.24673E-2 5.3976E-2 5.83686E-2 5.60162E-2 5.55141E-2 5.17146E-2 5.02743E-2 4.98235E-2 4.90033E-2 4.84562E-2 4.73109E-2 4.86228E-2 4.89517E-2 4.94793E-2 5.01403E-2 5.2613E-2 5.34593E-2 5.58859E-2 5.34476E-2 5.2557E-2 5.12001E-2 4.97753E-2 4.77926E-2 4.67486E-2 4.89276E-2 5.23151E-2 5.08109E-2 5.41696E-2 6.21373E-2 5.38787E-2 5.54623E-2 5.27351E-2 5.00967E-2 4.99177E-2 4.88727E-2 4.97542E-2 4.87515E-2 4.95362E-2 4.94036E-2
8.24019E-2 7.81486E-2 7.7015E-2 7.51035E-2 7.62395E-2 7.67404E-2 7.61777E-2 8.0901E-2 8.57298E-2 8.06121E-2 6.68513E-2 6.5223E-2 6.91733E-2 7.14077E-2 7.40385E-2 7.50547E-2 6.58165E-2 6.33666E-2 5.82732E-2 5.70753E-2 5.56496E-2 5.50685E-2 5.46247E-2 5.80721E-2 5.64822E-2 5.73505E-2 5.894E-2 5.60786E-2 5.29646E-2 5.05375E-2 4.97795E-2 4.88745E-2 4.96965E-2 5.29891E-2 5.06186E-2 5.13847E-2 5.04689E-2 5.29217E-2 5.68291E-2 5.90455E-2 5.80409E-2 5.85736E-2 5.64671E-2 5.30851E-2 5.18789E-2 4.84331E-2 4.73395E-2 5.09159E-2 5.60774E-2 5.80539E-2 6.56487E-2 6.28001E-2 6.06274E-2 5.7423E-2 5.23751E-2 5.14748E-2 5.19924E-2 5.43297E-2 5.26931E-2 5.20129E-2 5.14262E-2
7.66809E-2 7.50538E-2 7.43685E-2 7.39925E-2 7.18431E-2 7.13934E-2 7.01512E-2 7.55356E-2 7.93805E-2 7.65806E-2 6.25393E-2 5.33434E-2 6.24064E-2 7.04544E-2 6.74362E-2 6.68851E-2 7.05106E-2 6.90646E-2 6.80365E-2 6.04728E-2 5.78334E-2 5.90499E-2 6.09542E-2 5.96672E-2 5.7436E-2 5.82223E-2 6.03861E-2 5.97419E-2 5.50504E-2 5.31617E-2 5.29179E-2 5.4341E-2 5.40257E-2 5.6127E-2 5.52547E-2 5.21912E-2 5.17233E-2 5.13622E-2 5.49549E-2 5.72769E-2 5.86496E-2 6.00042E-2 6.09762E-2 5.52047E-2 5.46121E-2 5.27521E-2 5.1305E-2 5.24271E-2 5.45567E-2 5.64023E-2 5.67879E-2 6.0004E-2 6.74005E-2 6.26073E-2 5.49373E-2 5.1812E-2 5.37181E-2 5.55349E-2 5.61321E-2 5.38511E-2 5.45436E-2
7.2139E-2 7.3758E-2 7.63865E-2 7.5112E-2 7.34564E-2 7.2265E-2 7.12755E-2 7.29503E-2 7.60413E-2 7.42286E-2 6.71849E-2 6.21183E-2 6.05081E-2 6.56721E-2 6.41244E-2 6.42254E-2 6.76049E-2 7.26581E-2 7.63532E-2 6.58681E-2 6.4159E-2 6.36957E-2 6.4981E-2 6.1003E-2 6.07161E-2 5.88486E-2 6.27097E-2 6.39717E-2 6.12916E-2 6.01439E-2 5.80827E-2 5.7551E-2 6.18482E-2 5.97504E-2 5.86236E-2 5.60597E-2 5.37258E-2 5.43063E-2 5.76679E-2 5.69554E-2 5.68046E-2 5.81773E-2 6.09831E-2 6.1453E-2 5.7786E-2 5.78806E-2 5.72532E-2 5.6663E-2 5.85918E-2 5.87496E-2 5.70347E-2 5.73471E-2 5.98886E-2 6.5987E-2 6.35583E-2 5.98986E-2 5.6722E-2 5.50625E-2 5.89978E-2 5.6783E-2 5.6076E-2
6.8307E-2 7.20869E-2 7.25914E-2 7.50393E-2 7.44688E-2 7.17246E-2 7.18931E-2 7.24842E-2 7.20044E-2 7.2739E-2 7.44669E-2 7.40153E-2 6.67639E-2 6.80222E-2 6.69453E-2 6.41636E-2 6.5047E-2 6.97057E-2 8.36479E-2 7.63019E-2 7.25648E-2 7.55788E-2 7.01461E-2 6.76994E-2 6.39522E-2 6.28982E-2 6.38198E-2 6.78022E-2 6.93889E-2 6.74061E-2 6.34348E-2 5.97192E-2 5.83717E-2 6.44946E-2 5.93121E-2 6.00562E-2 5.84845E-2 5.91482E-2 5.95879E-2 5.84354E-2 5.85E-2 5.96903E-2 6.03817E-2 6.11685E-2 6.33371E-2 6.4438E-2 6.20909E-2 6.03885E-2 5.89216E-2 5.90166E-2 5.87154E-2 6.01558E-2 5.88268E-2 5.84821E-2 6.6699E-2 6.47728E-2 5.85373E-2 5.74516E-2 5.72152E-2 5.98299E-2 5.95001E-2
7.00109E-2 7.06335E-2 7.24926E-2 7.31356E-2 7.37435E-2 7.43264E-2 7.39151E-2 7.31861E-2 7.6032E-2 7.75724E-2 7.68106E-2 7.8544E-2 7.78207E-2 7.24304E-2 7.05761E-2 6.802E-2 6.86909E-2 6.98342E-2 7.76001E-2 8.33175E-2 8.04687E-2 8.34848E-2 7.61167E-2 7.22873E-2 7.02658E-2 6.64479E-2 6.25225E-2 6.75061E-2 6.90245E-2 6.86795E-2 6.46716E-2 6.27392E-2 6.0524E-2 6.81966E-2 6.46728E-2 6.64458E-2 6.48161E-2 6.35146E-2 6.31665E-2 6.41487E-2 6.26864E-2 6.19208E-2 6.42319E-2 6.34958E-2 6.50531E-2 6.53597E-2 7.16088E-2 6.58056E-2 6.14448E-2 6.23862E-2 5.95599E-2 6.17778E-2 6.35254E-2 6.41591E-2 6.34609E-2 6.21615E-2 6.31116E-2 5.5826E-2 5.61198E-2 5.85019E-2 6.34408E-2
7.49535E-2 7.62214E-2 7.75482E-2 7.60837E-2 7.17731E-2 7.30868E-2 7.34786E-2 7.52023E-2 7.60853E-2 7.53946E-2 7.56418E-2 7.77346E-2 7.90666E-2 8.05483E-2 7.48494E-2 7.56008E-2 7.52241E-2 7.18878E-2 7.32022E-2 8.22493E-2 8.32695E-2 8.4074E-2 7.94699E-2 7.84621E-2 7.59483E-2 6.84543E-2 6.60301E-2 6.63359E-2 6.93052E-2 6.80484E-2 6.69121E-2 6.87839E-2 6.96007E-2 7.20675E-2 6.99636E-2 6.9502E-2 6.97864E-2 6.6916E-2 6.70533E-2 6.46894E-2 6.31505E-2 6.58492E-2 6.95965E-2 6.91807E-2 7.00246E-2 6.98553E-2 7.18414E-2 7.5179E-2 6.7814E-2 6.2077E-2 6.09046E-2 6.46038E-2 6.38265E-2 6.33898E-2 6.24409E-2 6.05067E-2 6.4659E-2 5.86197E-2 5.97371E-2 6.0591E-2 6.79548E-2
7.65509E-2 8.29779E-2 8.38323E-2 7.91017E-2 7.61086E-2 7.40242E-2 7.60631E-2 7.70179E-2 8.08395E-2 7.86403E-2 7.95524E-2 7.7505E-2 7.79996E-2 7.72636E-2 7.81625E-2 7.62366E-2 7.78811E-2 7.74734E-2 7.62781E-2 8.34785E-2 8.61774E-2 8.53512E-2 8.18541E-2 8.05865E-2 7.72608E-2 7.40422E-2 7.10722E-2 6.90554E-2 6.87498E-2 7.11484E-2 7.26372E-2 7.26478E-2 7.41445E-2 7.40867E-2 8.0743E-2 7.74701E-2 7.11743E-2 7.3169E-2 7.25133E-2 6.99865E-2 6.50551E-2 6.58685E-2 7.01317E-2 7.30852E-2 7.80607E-2 7.80539E-2 7.82056E-2 8.11798E-2 7.39249E-2 7.03446E-2 6.75306E-2 6.79086E-2 7.32676E-2 7.23193E-2 7.11123E-2 6.99392E-2 6.67698E-2 6.4796E-2 6.51616E-2 6.50079E-2 6.58511E-2
8.11147E-2 8.1758E-2 8.15939E-2 8.23115E-2 8.04623E-2 7.68542E-2 8.10817E-2 8.53957E-2 8.46817E-2 8.46089E-2 8.39815E-2 8.48998E-2 8.32768E-2 8.41201E-2 8.33903E-2 8.19108E-2 8.13366E-2 8.18279E-2 8.10706E-2 8.28643E-2 9.25875E-2 8.76255E-2 8.26852E-2 8.07241E-2 7.93536E-2 7.9102E-2 7.4222E-2 7.40788E-2 7.12063E-2 7.24779E-2 7.6024E-2 7.95533E-2 8.07477E-2 8.30092E-2 8.82327E-2 8.73917E-2 7.46387E-2 6.68801E-2 6.87013E-2 7.24196E-2 7.44898E-2 7.66123E-2 7.60686E-2 8.15514E-2 8.52797E-2 8.25045E-2 8.32307E-2 8.39853E-2 7.70652E-2 7.70544E-2 8.18651E-2 7.91966E-2 7.84493E-2 8.41214E-2 8.45035E-2 7.94135E-2 7.14678E-2 6.87381E-2 6.85614E-2 6.76729E-2 6.64604E-2
8.28451E-2 8.42239E-2 8.29412E-2 8.36352E-2 8.64181E-2 8.62749E-2 8.7038E-2 8.82912E-2 9.1711E-2 9.20267E-2 9.33199E-2 9.40955E-2 9.85781E-2 9.63625E-2 9.35947E-2 9.24371E-2 9.26498E-2 9.17226E-2 9.12195E-2 8.70804E-2 9.01688E-2 9.91856E-2 8.69881E-2 8.34933E-2 8.40708E-2 8.01755E-2 8.10566E-2 7.79318E-2 7.42737E-2 7.34826E-2 7.62269E-2 7.65489E-2 8.0478E-2 8.4787E-2 8.55188E-2 8.28232E-2 7.35034E-2 6.16199E-2 6.16192E-2 7.49287E-2 8.08048E-2 8.62955E-2 8.77721E-2 9.03186E-2 8.98266E-2 8.72167E-2 8.69817E-2 8.82514E-2 9.0375E-2 9.06605E-2 9.17937E-2 9.08614E-2 8.9737E-2 9.02603E-2 8.3154E-2 7.77332E-2 7.49563E-2 7.25451E-2 7.13443E-2 7.13098E-2 7.3333E-2
8.46078E-2 8.66909E-2 8.7316E-2 8.97021E-2 8.89913E-2 9.04434E-2 9.2279E-2 9.29776E-2 9.24898E-2 9.24514E-2 9.45804E-2 9.62933E-2 9.34503E-2 9.17906E-2 8.97422E-2 9.22121E-2 9.60137E-2 9.56337E-2 9.51496E-2 9.46913E-2 9.73203E-2 1.04006E-1 9.24692E-2 8.76174E-2 8.71E-2 8.37369E-2 8.368E-2 8.0539E-2 7.94723E-2 8.08243E-2 7.94312E-2 8.28633E-2 8.44288E-2 8.69824E-2 8.92657E-2 8.85381E-2 7.50144E-2 5.60987E-2 4.83698E-2 7.06097E-2 8.68252E-2 9.53674E-2 9.6903E-2 9.9689E-2 9.61725E-2 9.21268E-2 8.91603E-2 8.74472E-2 9.24443E-2 9.32159E-2 9.81654E-2 8.68804E-2 8.11844E-2 8.09708E-2 7.94674E-2 7.56107E-2 7.26246E-2 7.18372E-2 7.13584E-2 7.16975E-2 8.427E-2
8.91133E-2 8.98196E-2 9.31555E-2 9.39665E-2 9.34327E-2 9.25858E-2 9.16288E-2 9.3905E-2 9.68106E-2 9.62901E-2 8.97653E-2 8.96833E-2 8.95103E-2 8.96834E-2 8.94655E-2 9.79538E-2 1.00024E-1 9.59513E-2 9.41372E-2 9.56151E-2 9.75616E-2 1.03791E-1 1.01605E-1 9.48993E-2 9.06316E-2 8.96982E-2 8.60197E-2 8.70812E-2 8.61215E-2 8.44097E-2 8.62416E-2 8.76055E-2 8.89578E-2 8.89655E-2 9.41691E-2 9.3851E-2 8.88416E-2 7.4253E-2 6.8387E-2 7.91532E-2 9.11639E-2 1.00769E-1 1.03607E-1 9.66423E-2 9.2E-2 9.03227E-2 9.29474E-2 9.02458E-2 8.95472E-2 9.09412E-2 9.65736E-2 9.3904E-2 8.37597E-2 7.83925E-2 7.83835E-2 7.60588E-2 7.58297E-2 7.35139E-2 7.40384E-2 7.2361E-2 8.65724E-2
8.97554E-2 9.236E-2 9.42082E-2 9.47762E-2 9.58131E-2 9.67546E-2 9.74008E-2 9.7599E-2 9.65797E-2 9.60737E-2 9.2522E-2 9.18048E-2 9.20671E-2 9.38433E-2 9.48249E-2 1.01178E-1 1.00915E-1 9.91046E-2 9.3993E-2 9.11387E-2 9.3856E-2 1.00642E-1 1.07103E-1 1.02144E-1 9.75701E-2 9.38507E-2 9.18296E-2 9.0959E-2 8.8308E-2 8.84397E-2 9.01525E-2 9.39067E-2 9.68007E-2 9.76298E-2 9.54686E-2 9.52956E-2 9.46968E-2 8.83487E-2 8.54207E-2 9.05995E-2 9.58422E-2 1.04101E-1 1.08409E-1 1.03778E-1 9.77363E-2 9.41265E-2 9.42374E-2 9.34316E-2 9.43222E-2 9.59168E-2 9.97215E-2 9.35144E-2 8.22919E-2 7.9873E-2 8.25952E-2 8.39167E-2 8.55231E-2 7.74741E-2 7.77517E-2 8.21999E-2 9.1572E-2
9.46284E-2 9.62319E-2 9.8635E-2 9.87542E-2 9.87842E-2 9.84043E-2 9.8696E-2 9.72995E-2 9.89163E-2 9.93281E-2 9.84407E-2 9.54251E-2 9.85643E-2 1.00608E-1 9.88283E-2 1.03286E-1 1.06768E-1 1.01874E-1 9.73664E-2 9.64324E-2 9.69299E-2 1.03823E-1 1.10088E-1 1.09897E-1 1.05579E-1 9.89982E-2 9.62816E-2 9.63883E-2 9.55262E-2 9.68684E-2 9.77431E-2 1.02722E-1 1.01621E-1 1.04244E-1 1.01989E-1 1.00402E-1 9.66745E-2 9.34764E-2 9.25466E-2 1.00122E-1 1.02345E-1 1.04695E-1 1.05324E-1 1.03483E-1 1.0303E-1 1.01423E-1 9.72025E-2 9.63791E-2 1.0062E-1 1.01703E-1 1.03057E-1 8.77707E-2 8.29572E-2 8.51413E-2 8.93548E-2 8.95575E-2 8.59842E-2 8.08832E-2 8.25863E-2 8.72031E-2 7.85643E-2
9.56407E-2 9.75513E-2 9.7739E-2 9.7934E-2 9.80363E-2 9.80926E-2 9.88804E-2 1.02353E-1 1.03589E-1 1.0478E-1 1.02212E-1 1.01203E-1 1.03005E-1 1.05699E-1 1.04896E-1 1.04711E-1 1.06781E-1 1.07229E-1 1.04547E-1 1.0347E-1 1.03203E-1 1.04412E-1 1.12439E-1 1.12106E-1 1.06918E-1 1.04663E-1 1.02611E-1 1.02513E-1 1.01666E-1 1.05405E-1 1.08535E-1 1.09129E-1 1.07846E-1 1.06857E-1 1.0844E-1 1.02473E-1 9.65361E-2 9.33414E-2 9.41095E-2 1.02425E-1 1.05673E-1 1.04145E-1 1.04697E-1 1.04714E-1 1.03708E-1 1.0395E-1 1.06056E-1 1.06376E-1 1.11431E-1 1.02449E-1 9.52571E-2 8.8016E-2 8.75596E-2 9.03998E-2 9.25686E-2 9.27258E-2 8.80491E-2 8.84439E-2 8.68303E-2 8.42327E-2 7.95247E-2
