maxent_outputs/red_flowers_linear/red_69.asc
ncols         426
nrows         180
xllcorner     -130.0
yllcorner     24.0
cellsize      0.16666666666666666
NODATA_value  -9999
[rows 27 to 53 of 180, columns 305 to 365 of 426]
1.27076E-2 1.27602E-2 1.29037E-2 1.32217E-2 1.28891E-2 1.28683E-2 1.26937E-2 1.23692E-2 1.24446E-2 1.2665E-2 1.27784E-2 1.26523E-2 1.26414E-2 1.29571E-2 1.30043E-2 1.37325E-2 1.47285E-2 1.40513E-2 1.2953E-2 1.29277E-2 1.23454E-2 1.22472E-2 1.23037E-2 1.25761E-2 1.16181E-2 1.18982E-2 1.20135E-2 1.07509E-2 1.11136E-2 1.12369E-2 1.06757E-2 1.02764E-2 1.02421E-2 1.01631E-2 1.00934E-2 9.4521E-3 1.00122E-2 1.00354E-2 1.00637E-2 1.02728E-2 1.04066E-2 1.10503E-2 1.14035E-2 1.16294E-2 1.14562E-2 1.14268E-2 1.18909E-2 1.27499E-2 1.1525E-2 1.19936E-2 1.12667E-2 1.20955E-2 1.24083E-2 1.24847E-2 1.37768E-2 1.34588E-2 1.40499E-2 1.55621E-2 1.47889E-2 1.39829E-2 1.46866E-2
1.29515E-2 1.29329E-2 1.28677E-2 1.27874E-2 1.24488E-2 1.24803E-2 1.24243E-2 1.23412E-2 1.21559E-2 1.24381E-2 1.31225E-2 1.31125E-2 1.31802E-2 1.29922E-2 1.33389E-2 1.3121E-2 1.35036E-2 1.25928E-2 1.23527E-2 1.22683E-2 1.17621E-2 1.18928E-2 1.21074E-2 1.19109E-2 1.14796E-2 1.21273E-2 1.16343E-2 1.11603E-2 1.10687E-2 1.11381E-2 1.11451E-2 1.0651E-2 1.07271E-2 1.03065E-2 1.00593E-2 1.00915E-2 1.00913E-2 1.03779E-2 1.05573E-2 1.09044E-2 1.07175E-2 1.11239E-2 1.16951E-2 1.18876E-2 1.15983E-2 1.11589E-2 1.18935E-2 1.30797E-2 1.17759E-2 1.16143E-2 1.12022E-2 1.14613E-2 1.18436E-2 1.22661E-2 1.39841E-2 1.40806E-2 1.33829E-2 1.39978E-2 1.51778E-2 1.71374E-2 1.73341E-2
1.38934E-2 1.35634E-2 1.30761E-2 1.26555E-2 1.23771E-2 1.26842E-2 1.25857E-2 1.22184E-2 1.22448E-2 1.29361E-2 1.33949E-2 1.39568E-2 1.50843E-2 1.60321E-2 1.36509E-2 1.3329E-2 1.25564E-2 1.24168E-2 1.21881E-2 1.20375E-2 1.17818E-2 1.16902E-2 1.17172E-2 1.1841E-2 1.16023E-2 1.15163E-2 1.18404E-2 1.13101E-2 1.09594E-2 1.06972E-2 1.08666E-2 1.05813E-2 1.07955E-2 1.07231E-2 1.05137E-2 1.06466E-2 1.10941E-2 1.14353E-2 1.1169E-2 1.13586E-2 1.13594E-2 1.15192E-2 1.19079E-2 1.24399E-2 1.26576E-2 1.25324E-2 1.2418E-2 1.34524E-2 1.36063E-2 1.25766E-2 1.2304E-2 1.15239E-2 1.21433E-2 1.242E-2 1.22907E-2 1.32239E-2 1.42445E-2 1.43078E-2 1.4681E-2 1.71781E-2 1.98888E-2
1.33953E-2 1.35598E-2 1.28275E-2 1.39323E-2 1.33308E-2 1.22045E-2 1.23643E-2 1.23695E-2 1.2419E-2 1.33438E-2 1.34897E-2 1.35037E-2 1.42422E-2 1.37703E-2 1.30745E-2 1.28495E-2 1.25254E-2 1.26329E-2 1.20598E-2 1.23272E-2 1.24222E-2 1.24595E-2 1.20858E-2 1.18397E-2 1.15534E-2 1.15667E-2 1.1527E-2 1.13309E-2 1.1427E-2 1.10846E-2 1.10525E-2 1.0774E-2 1.07468E-2 1.059E-2 1.08232E-2 1.12342E-2 1.17404E-2 1.25983E-2 1.24661E-2 1.17659E-2 1.17952E-2 1.21916E-2 1.23269E-2 1.29665E-2 1.31018E-2 1.40424E-2 1.45997E-2 1.37915E-2 1.31927E-2 1.11195E-2 1.20225E-2 1.12501E-2 1.31098E-2 1.25146E-2 1.29988E-2 1.38834E-2 1.61176E-2 1.7141E-2 1.84772E-2 1.98235E-2 2.41399E-2
1.34154E-2 1.4351E-2 1.2697E-2 1.27486E-2 1.25635E-2 1.23677E-2 1.29016E-2 1.33635E-2 1.35203E-2 1.32891E-2 1.31259E-2 1.28034E-2 1.42643E-2 1.52455E-2 1.29867E-2 1.25639E-2 1.25009E-2 1.23851E-2 1.25563E-2 1.26219E-2 1.34054E-2 1.27942E-2 1.23668E-2 1.27438E-2 1.26141E-2 1.23005E-2 1.27509E-2 1.30279E-2 1.16931E-2 1.18511E-2 1.10455E-2 1.11681E-2 1.07905E-2 1.03821E-2 1.08616E-2 1.09987E-2 1.20344E-2 1.36757E-2 1.50348E-2 1.44689E-2 1.35528E-2 1.58191E-2 1.65529E-2 1.46662E-2 1.46018E-2 1.319E-2 1.38084E-2 1.46044E-2 1.40988E-2 1.19862E-2 1.17393E-2 1.16748E-2 1.22552E-2 1.17694E-2 1.41017E-2 1.50619E-2 1.76338E-2 1.95651E-2 2.16686E-2 2.3085E-2 2.51066E-2
1.35822E-2 1.4253E-2 1.50834E-2 1.41699E-2 1.26855E-2 1.26649E-2 1.30507E-2 1.20753E-2 1.31303E-2 1.46688E-2 1.26469E-2 1.26032E-2 1.52518E-2 1.30135E-2 1.26181E-2 1.36769E-2 1.38426E-2 1.28477E-2 1.31984E-2 1.42886E-2 1.41773E-2 1.35718E-2 1.2733E-2 1.39551E-2 1.42656E-2 1.42292E-2 1.44484E-2 1.42873E-2 1.33038E-2 1.22367E-2 1.26026E-2 1.17455E-2 1.13689E-2 1.05328E-2 1.07234E-2 1.08685E-2 1.09688E-2 1.28523E-2 1.42647E-2 1.56533E-2 1.62089E-2 2.28954E-2 3.14246E-2 3.06233E-2 2.08822E-2 1.52664E-2 1.49125E-2 1.36203E-2 1.50498E-2 1.61044E-2 1.48372E-2 1.34498E-2 1.27766E-2 1.31199E-2 1.52701E-2 1.68895E-2 1.76637E-2 2.04594E-2 2.57524E-2 2.61358E-2 2.67845E-2
1.61454E-2 1.46097E-2 1.41759E-2 1.57507E-2 1.63445E-2 1.67582E-2 1.60723E-2 1.48967E-2 1.51628E-2 1.38571E-2 1.34269E-2 1.37421E-2 1.46939E-2 1.3288E-2 1.34052E-2 1.42936E-2 1.42034E-2 1.29214E-2 1.25839E-2 1.27175E-2 1.31118E-2 1.40071E-2 1.46252E-2 1.51506E-2 1.56109E-2 1.30671E-2 1.32386E-2 1.36166E-2 1.36327E-2 1.45791E-2 1.4339E-2 1.27588E-2 1.24283E-2 1.1466E-2 1.09556E-2 1.16918E-2 1.20958E-2 1.33464E-2 1.35291E-2 1.37644E-2 1.49262E-2 1.69795E-2 2.01727E-2 2.23345E-2 1.81001E-2 1.76462E-2 1.85716E-2 1.85877E-2 1.81529E-2 2.0466E-2 2.18887E-2 1.98248E-2 1.88629E-2 1.61567E-2 1.7013E-2 1.913E-2 2.04382E-2 2.25003E-2 2.64241E-2 2.68787E-2 -9999
1.67687E-2 1.74899E-2 1.64621E-2 1.74928E-2 1.9562E-2 1.84512E-2 1.8126E-2 1.56525E-2 1.57078E-2 1.5829E-2 1.67994E-2 1.49538E-2 1.35148E-2 1.29333E-2 1.34705E-2 1.335E-2 1.40236E-2 1.3599E-2 1.39213E-2 1.30737E-2 1.40803E-2 1.41702E-2 1.4006E-2 1.47668E-2 1.45214E-2 1.29996E-2 1.24908E-2 1.31407E-2 1.29072E-2 1.31814E-2 1.40195E-2 1.36843E-2 1.28649E-2 1.20397E-2 1.21248E-2 1.25791E-2 1.31936E-2 1.55742E-2 1.43899E-2 1.41198E-2 1.42079E-2 1.61769E-2 1.57761E-2 1.67551E-2 1.70437E-2 1.78066E-2 1.84232E-2 1.83899E-2 1.79281E-2 1.88706E-2 1.90659E-2 1.84579E-2 1.83118E-2 2.20559E-2 2.70936E-2 2.93969E-2 2.3276E-2 2.60207E-2 2.39869E-2 -9999 4.14666E-2
1.67387E-2 1.82554E-2 1.67981E-2 1.6018E-2 1.60052E-2 1.66289E-2 1.76173E-2 1.85654E-2 1.68991E-2 1.51077E-2 1.61927E-2 1.71293E-2 1.6363E-2 1.51318E-2 1.49126E-2 1.4956E-2 1.42255E-2 1.43876E-2 1.43961E-2 1.53287E-2 1.50272E-2 1.46422E-2 1.52776E-2 1.51433E-2 1.28602E-2 1.27393E-2 1.36366E-2 1.36336E-2 1.34908E-2 1.33714E-2 1.43048E-2 1.55206E-2 1.47032E-2 1.36766E-2 1.43484E-2 1.42892E-2 1.51013E-2 1.56174E-2 1.55267E-2 1.46544E-2 1.43752E-2 1.44324E-2 1.37175E-2 1.62077E-2 1.62337E-2 1.67189E-2 1.71126E-2 1.66592E-2 1.67529E-2 1.68867E-2 1.75213E-2 1.74049E-2 1.68013E-2 1.99145E-2 2.43108E-2 2.7981E-2 3.33034E-2 4.08696E-2 4.12878E-2 3.01292E-2 2.70984E-2
1.92571E-2 1.80983E-2 1.75975E-2 1.72491E-2 1.74871E-2 1.70895E-2 1.73369E-2 1.65766E-2 1.67195E-2 1.55903E-2 1.56138E-2 1.7315E-2 1.73009E-2 1.68276E-2 1.62195E-2 1.63137E-2 1.58619E-2 1.6024E-2 1.55805E-2 1.56147E-2 1.53802E-2 1.51949E-2 1.54844E-2 1.50963E-2 1.39325E-2 1.35422E-2 1.44386E-2 1.42981E-2 1.4546E-2 1.43549E-2 1.52313E-2 1.58646E-2 1.67304E-2 1.66047E-2 1.62917E-2 1.53976E-2 1.63127E-2 1.65895E-2 1.72787E-2 1.71232E-2 1.71027E-2 1.66819E-2 1.52149E-2 1.53824E-2 1.65309E-2 1.48974E-2 1.46794E-2 1.44646E-2 1.31742E-2 1.35324E-2 1.4691E-2 1.56497E-2 2.00076E-2 1.98311E-2 2.43062E-2 3.13342E-2 3.93703E-2 3.79693E-2 2.94516E-2 2.37721E-2 2.28805E-2
1.87674E-2 1.87568E-2 1.75614E-2 1.69609E-2 1.76864E-2 1.81849E-2 1.7892E-2 1.75433E-2 1.67799E-2 1.68006E-2 1.76767E-2 1.76322E-2 1.71978E-2 1.63593E-2 1.55026E-2 1.57507E-2 1.6305E-2 1.61974E-2 1.59725E-2 1.54642E-2 1.57638E-2 1.54758E-2 1.5773E-2 1.51481E-2 1.465E-2 1.46453E-2 1.50311E-2 1.47252E-2 1.49595E-2 1.51874E-2 1.60009E-2 1.71211E-2 1.68458E-2 1.70613E-2 1.74863E-2 1.77963E-2 1.74123E-2 1.79473E-2 1.77504E-2 1.82188E-2 1.75209E-2 1.68508E-2 1.68057E-2 1.69572E-2 1.62127E-2 1.49443E-2 1.35464E-2 1.33863E-2 1.2222E-2 1.26896E-2 1.2904E-2 1.7154E-2 2.85488E-2 2.64998E-2 2.66191E-2 3.33498E-2 3.99571E-2 2.86223E-2 2.40531E-2 2.09044E-2 2.10452E-2
1.90515E-2 1.8513E-2 2.09911E-2 1.86827E-2 1.71476E-2 1.72118E-2 1.7859E-2 1.68411E-2 1.67428E-2 1.72149E-2 1.75559E-2 1.78927E-2 1.73613E-2 1.68404E-2 1.59081E-2 1.66389E-2 1.62949E-2 1.55894E-2 1.58554E-2 1.60113E-2 1.58254E-2 1.55186E-2 1.5615E-2 1.52889E-2 1.53892E-2 1.50794E-2 1.49781E-2 1.5021E-2 1.55974E-2 1.58147E-2 1.67432E-2 1.73092E-2 1.65016E-2 1.69301E-2 1.81783E-2 1.75072E-2 1.79083E-2 1.80734E-2 1.80836E-2 1.79772E-2 1.77106E-2 1.84543E-2 1.76184E-2 1.69804E-2 1.51136E-2 1.33962E-2 1.30462E-2 1.25597E-2 1.23072E-2 1.26649E-2 1.3969E-2 2.6703E-2 2.55786E-2 2.99384E-2 3.67704E-2 3.61309E-2 2.98844E-2 2.38532E-2 2.0808E-2 2.16907E-2 2.22841E-2
1.88301E-2 1.74867E-2 1.74053E-2 1.72274E-2 1.72237E-2 1.76576E-2 1.72466E-2 1.69387E-2 1.70881E-2 1.70468E-2 1.6979E-2 1.81806E-2 1.71532E-2 1.73973E-2 1.70348E-2 1.80184E-2 1.6722E-2 1.54048E-2 1.62935E-2 1.61375E-2 1.62008E-2 1.5958E-2 1.56009E-2 1.55379E-2 1.62017E-2 1.54359E-2 1.55969E-2 1.65331E-2 1.77385E-2 1.80949E-2 1.59822E-2 1.68439E-2 1.65468E-2 1.6739E-2 1.75839E-2 1.90145E-2 2.02261E-2 1.99501E-2 2.02188E-2 2.00271E-2 1.89711E-2 1.89068E-2 1.81495E-2 1.72977E-2 1.53281E-2 1.40965E-2 1.46686E-2 1.31512E-2 1.24152E-2 1.26167E-2 1.68973E-2 2.86084E-2 3.63817E-2 3.70937E-2 4.32213E-2 3.22948E-2 2.72083E-2 2.27116E-2 2.27265E-2 2.34907E-2 2.56857E-2
1.8822E-2 1.90393E-2 1.76185E-2 1.7051E-2 1.71342E-2 1.76382E-2 1.64388E-2 1.64033E-2 1.63726E-2 1.64763E-2 1.60915E-2 1.65413E-2 1.63468E-2 1.59671E-2 1.61889E-2 1.8836E-2 1.60306E-2 1.52801E-2 1.56581E-2 1.56321E-2 1.59547E-2 1.65035E-2 1.5936E-2 1.58121E-2 1.61553E-2 1.59168E-2 1.56523E-2 1.55567E-2 1.66189E-2 1.71729E-2 1.65722E-2 1.68127E-2 1.6649E-2 1.70985E-2 1.71521E-2 1.82161E-2 1.91995E-2 2.03957E-2 2.03682E-2 1.87569E-2 1.9514E-2 2.03026E-2 1.87669E-2 1.71154E-2 1.59457E-2 1.50471E-2 1.66948E-2 1.51571E-2 1.50436E-2 1.71543E-2 2.30865E-2 2.57074E-2 -9999 3.9795E-2 3.36033E-2 2.98246E-2 2.45606E-2 2.42195E-2 2.47756E-2 2.4924E-2 2.65562E-2
2.12129E-2 1.9675E-2 1.89768E-2 1.98551E-2 1.86098E-2 1.76667E-2 1.68816E-2 1.70397E-2 1.61961E-2 1.60824E-2 1.5832E-2 1.59248E-2 1.60711E-2 1.58123E-2 1.60328E-2 1.62523E-2 1.6855E-2 1.55415E-2 1.56118E-2 1.6758E-2 1.89077E-2 1.72023E-2 1.85657E-2 1.72004E-2 1.68369E-2 1.64277E-2 1.57466E-2 1.581E-2 1.59648E-2 1.66393E-2 1.74632E-2 1.82327E-2 1.81419E-2 1.77683E-2 1.78522E-2 1.89166E-2 1.94664E-2 2.26143E-2 2.16979E-2 2.20441E-2 2.06112E-2 2.14091E-2 2.02687E-2 2.04711E-2 1.90883E-2 2.0022E-2 2.14921E-2 1.9944E-2 2.23358E-2 2.83274E-2 3.05236E-2 6.55361E-2 4.13079E-2 3.18113E-2 2.6339E-2 2.54262E-2 2.44343E-2 2.54621E-2 2.56009E-2 2.52279E-2 2.71942E-2
2.39977E-2 2.62014E-2 2.32294E-2 2.03671E-2 1.8319E-2 1.69095E-2 1.6987E-2 1.83988E-2 1.66549E-2 1.57657E-2 1.52289E-2 1.60523E-2 1.53697E-2 1.51427E-2 1.6354E-2 1.79089E-2 1.75594E-2 1.83613E-2 1.74974E-2 1.98917E-2 2.17625E-2 2.07421E-2 1.95834E-2 1.74392E-2 1.81342E-2 1.72204E-2 1.67528E-2 1.61603E-2 1.625E-2 1.72736E-2 1.76754E-2 1.84639E-2 1.83901E-2 1.93977E-2 1.99815E-2 2.04825E-2 2.21141E-2 2.46493E-2 2.36463E-2 2.3818E-2 2.2804E-2 2.40925E-2 2.48454E-2 2.35949E-2 2.44274E-2 2.50104E-2 2.80982E-2 2.89068E-2 3.27732E-2 3.84091E-2 3.67857E-2 3.58261E-2 2.9772E-2 2.65415E-2 2.48742E-2 2.46365E-2 2.69106E-2 2.69421E-2 2.64624E-2 2.61785E-2 2.56502E-2
2.46985E-2 2.60097E-2 2.23649E-2 2.0606E-2 1.90493E-2 1.80992E-2 1.80469E-2 1.75855E-2 1.77793E-2 1.61936E-2 1.66399E-2 1.70407E-2 1.61837E-2 1.6628E-2 1.77717E-2 1.8606E-2 2.13782E-2 2.203E-2 2.1481E-2 2.6026E-2 2.71989E-2 2.07758E-2 1.76694E-2 1.87114E-2 2.03361E-2 1.79646E-2 1.76459E-2 1.70911E-2 1.70536E-2 1.77316E-2 1.87017E-2 2.11663E-2 2.08675E-2 1.93473E-2 2.0836E-2 2.04629E-2 2.40077E-2 2.40217E-2 2.60507E-2 2.36247E-2 2.4185E-2 2.59606E-2 2.71659E-2 2.75371E-2 2.71538E-2 2.87437E-2 3.17743E-2 3.47315E-2 3.14925E-2 3.13228E-2 2.98718E-2 2.86808E-2 2.51513E-2 2.45705E-2 2.46797E-2 2.49282E-2 2.7276E-2 2.80935E-2 2.8158E-2 2.83333E-2 2.51122E-2
2.40877E-2 2.7061E-2 2.28992E-2 2.00353E-2 2.12514E-2 2.05482E-2 1.89784E-2 1.86539E-2 1.77816E-2 1.71348E-2 1.70237E-2 1.96079E-2 1.91283E-2 1.8616E-2 1.93316E-2 2.12935E-2 2.24244E-2 2.43122E-2 2.32868E-2 2.18742E-2 2.20436E-2 2.01543E-2 1.9444E-2 2.0003E-2 2.1992E-2 1.94241E-2 1.97451E-2 1.89215E-2 1.81383E-2 1.7918E-2 1.88217E-2 1.89926E-2 1.92404E-2 1.99655E-2 2.13182E-2 2.42645E-2 2.49914E-2 2.61485E-2 2.61388E-2 2.49604E-2 2.67968E-2 2.92435E-2 3.05284E-2 2.9702E-2 3.00592E-2 2.85748E-2 2.95805E-2 3.03345E-2 2.99593E-2 2.94833E-2 3.03716E-2 2.53989E-2 2.35815E-2 2.52672E-2 2.43754E-2 2.63381E-2 2.93556E-2 2.80831E-2 2.73241E-2 2.69972E-2 2.74599E-2
2.27596E-2 2.60313E-2 2.69487E-2 2.20075E-2 2.11844E-2 1.97916E-2 1.96311E-2 2.08032E-2 2.00619E-2 1.85089E-2 1.97939E-2 2.1615E-2 2.47055E-2 2.32858E-2 2.04755E-2 2.19551E-2 2.46543E-2 2.48341E-2 2.47417E-2 2.3567E-2 2.4299E-2 2.35984E-2 2.18185E-2 2.12284E-2 2.16413E-2 2.21266E-2 2.25169E-2 2.05108E-2 1.85237E-2 1.89146E-2 1.97826E-2 1.9823E-2 2.04123E-2 2.26978E-2 2.57102E-2 2.75808E-2 2.6775E-2 2.54669E-2 2.76427E-2 3.01192E-2 3.10968E-2 3.34175E-2 2.77227E-2 2.85241E-2 3.03537E-2 2.89751E-2 2.89324E-2 2.90629E-2 3.06026E-2 3.09928E-2 3.0261E-2 2.78206E-2 2.59763E-2 2.63107E-2 2.63311E-2 2.78193E-2 2.89215E-2 3.13024E-2 3.05599E-2 2.98392E-2 2.89182E-2
2.66613E-2 2.58339E-2 2.44397E-2 2.43483E-2 2.47729E-2 2.46511E-2 2.47929E-2 2.47639E-2 2.45741E-2 2.35613E-2 2.1978E-2 2.27786E-2 2.42353E-2 2.4425E-2 2.45063E-2 2.37531E-2 2.48794E-2 2.59315E-2 2.68557E-2 2.50851E-2 2.77546E-2 2.63897E-2 2.40201E-2 2.3566E-2 2.43971E-2 2.40455E-2 2.40808E-2 2.32204E-2 2.04299E-2 1.94052E-2 2.01804E-2 2.22592E-2 2.38251E-2 2.65578E-2 2.67651E-2 2.86743E-2 2.77179E-2 2.76531E-2 3.36763E-2 3.44599E-2 3.23777E-2 3.22333E-2 3.10891E-2 3.06828E-2 2.83356E-2 2.87192E-2 2.88989E-2 2.83628E-2 2.80206E-2 3.32086E-2 3.31637E-2 3.03223E-2 2.85168E-2 2.85186E-2 2.66775E-2 2.77927E-2 2.86969E-2 3.27176E-2 3.25931E-2 3.2519E-2 3.04701E-2
2.75366E-2 2.75166E-2 2.56421E-2 2.42667E-2 2.52656E-2 2.31568E-2 2.38625E-2 2.52433E-2 2.63811E-2 2.68655E-2 2.80416E-2 2.66079E-2 2.63905E-2 2.56768E-2 2.59127E-2 2.53121E-2 2.62102E-2 2.61796E-2 2.50645E-2 2.72158E-2 2.97419E-2 2.52946E-2 2.44697E-2 2.47361E-2 2.66065E-2 2.55211E-2 2.53144E-2 2.43135E-2 2.27868E-2 2.14546E-2 2.29573E-2 2.65274E-2 3.07039E-2 2.90024E-2 2.87416E-2 3.02228E-2 3.84593E-2 3.93763E-2 3.49766E-2 3.18583E-2 3.31469E-2 3.33008E-2 3.16929E-2 3.03253E-2 2.7488E-2 2.805E-2 2.75197E-2 2.64439E-2 2.99222E-2 3.15799E-2 3.29941E-2 3.28225E-2 3.12834E-2 2.75038E-2 2.73406E-2 2.74025E-2 3.00432E-2 3.03142E-2 3.20995E-2 3.02523E-2 3.06021E-2
2.86289E-2 2.65026E-2 2.58259E-2 2.58506E-2 2.547E-2 2.63707E-2 2.59069E-2 2.58837E-2 2.70225E-2 2.81767E-2 2.77623E-2 3.00433E-2 2.62037E-2 2.67564E-2 2.6809E-2 2.71591E-2 2.72651E-2 2.64245E-2 2.57502E-2 2.69309E-2 2.84664E-2 2.67234E-2 2.49797E-2 2.49721E-2 2.94001E-2 2.5648E-2 2.67919E-2 2.79438E-2 2.48895E-2 2.57985E-2 2.86639E-2 3.20637E-2 3.29303E-2 3.09613E-2 3.39924E-2 3.92846E-2 3.70808E-2 3.4528E-2 3.4386E-2 3.73769E-2 3.70677E-2 3.51661E-2 3.35953E-2 3.09615E-2 2.84863E-2 2.82248E-2 3.07609E-2 3.31992E-2 3.36461E-2 3.1604E-2 3.35616E-2 3.4144E-2 3.48597E-2 3.07743E-2 3.15994E-2 3.20061E-2 3.2447E-2 3.13736E-2 3.0763E-2 3.29209E-2 3.13898E-2
2.66424E-2 2.55444E-2 2.56749E-2 2.62654E-2 2.70611E-2 2.58624E-2 2.54411E-2 2.61699E-2 2.87188E-2 2.85338E-2 2.90586E-2 2.80679E-2 2.68032E-2 2.65825E-2 2.73643E-2 2.70515E-2 2.77937E-2 2.84664E-2 2.77168E-2 2.75662E-2 2.85382E-2 2.8437E-2 2.71515E-2 2.76167E-2 2.57959E-2 2.7812E-2 3.08319E-2 2.9593E-2 2.94461E-2 3.07257E-2 3.35756E-2 3.33371E-2 3.60844E-2 4.04135E-2 4.07158E-2 3.90161E-2 3.77061E-2 3.76268E-2 3.59959E-2 3.46206E-2 3.5745E-2 3.6171E-2 3.70582E-2 3.38738E-2 3.23525E-2 3.30739E-2 3.43377E-2 3.43935E-2 3.3466E-2 3.09926E-2 3.15779E-2 3.23238E-2 3.15809E-2 3.13601E-2 3.19356E-2 3.21414E-2 3.79384E-2 3.29751E-2 2.95396E-2 3.21209E-2 3.73702E-2
2.69907E-2 2.5156E-2 2.52645E-2 2.56297E-2 2.56016E-2 2.52086E-2 2.5958E-2 2.73345E-2 2.82994E-2 2.94248E-2 3.00141E-2 2.96564E-2 2.92013E-2 2.71225E-2 2.7408E-2 2.90174E-2 2.96922E-2 3.05953E-2 3.09338E-2 3.07459E-2 3.07567E-2 3.03474E-2 3.09836E-2 3.14907E-2 3.17661E-2 3.13324E-2 3.22389E-2 3.28713E-2 3.47741E-2 3.62731E-2 3.44332E-2 4.10345E-2 4.52814E-2 4.8317E-2 4.60797E-2 4.37329E-2 4.29401E-2 4.08548E-2 3.86786E-2 3.75135E-2 3.53548E-2 3.69792E-2 3.90857E-2 3.84186E-2 3.74613E-2 3.63812E-2 3.44781E-2 3.19541E-2 3.0356E-2 3.14611E-2 3.05837E-2 3.17721E-2 3.27725E-2 3.27016E-2 3.08508E-2 3.04731E-2 3.27286E-2 3.75202E-2 2.91078E-2 2.98571E-2 3.42204E-2
2.9979E-2 2.72608E-2 2.61158E-2 2.56613E-2 2.61144E-2 2.63235E-2 2.62535E-2 2.97725E-2 3.07806E-2 2.94746E-2 2.73169E-2 2.81192E-2 3.07069E-2 3.04881E-2 3.03011E-2 3.20018E-2 3.44914E-2 3.44301E-2 3.31362E-2 3.66395E-2 4.03926E-2 3.81634E-2 3.22998E-2 3.19534E-2 3.27203E-2 3.13678E-2 3.20294E-2 3.31232E-2 3.4895E-2 3.91705E-2 4.46038E-2 4.99837E-2 5.0695E-2 5.13467E-2 4.90267E-2 4.71713E-2 4.51445E-2 4.22024E-2 4.13861E-2 3.89257E-2 3.53435E-2 3.68687E-2 4.27213E-2 4.47246E-2 4.10563E-2 3.76653E-2 3.31563E-2 3.02249E-2 2.80328E-2 3.07267E-2 3.12345E-2 2.73976E-2 2.90798E-2 3.16235E-2 3.05956E-2 3.26859E-2 3.04425E-2 3.12121E-2 3.33747E-2 3.54339E-2 3.78093E-2
3.5052E-2 3.23105E-2 3.25649E-2 2.93175E-2 2.75475E-2 2.72003E-2 2.76268E-2 2.83474E-2 3.0144E-2 3.06001E-2 3.0027E-2 3.16298E-2 3.16167E-2 3.54776E-2 3.83309E-2 4.04035E-2 3.96561E-2 3.70362E-2 3.71217E-2 3.752E-2 3.68729E-2 3.57649E-2 3.38672E-2 3.36592E-2 3.38296E-2 3.34462E-2 3.56826E-2 3.62765E-2 3.84861E-2 4.01819E-2 4.82596E-2 4.92544E-2 4.76607E-2 4.89087E-2 4.98027E-2 5.14099E-2 4.81238E-2 4.54153E-2 4.41047E-2 3.9096E-2 3.57226E-2 3.95895E-2 4.35566E-2 4.30059E-2 3.85482E-2 3.58364E-2 3.27865E-2 2.91505E-2 2.74534E-2 2.61617E-2 2.7015E-2 3.0611E-2 3.24526E-2 3.50284E-2 3.38846E-2 3.28173E-2 3.10168E-2 3.46032E-2 3.83119E-2 3.9173E-2 3.96265E-2
3.64018E-2 3.53598E-2 3.40535E-2 3.11872E-2 3.02342E-2 2.95025E-2 3.13821E-2 3.12011E-2 3.32572E-2 3.30282E-2 3.41612E-2 3.37462E-2 3.62421E-2 3.87121E-2 3.98453E-2 4.11173E-2 4.17375E-2 4.32739E-2 4.28979E-2 4.21246E-2 4.26865E-2 3.95593E-2 3.64211E-2 3.59381E-2 3.81738E-2 4.15997E-2 4.39916E-2 4.62698E-2 4.95388E-2 4.88172E-2 4.93651E-2 5.13099E-2 5.38477E-2 5.62639E-2 5.84679E-2 6.14379E-2 6.06808E-2 5.0355E-2 4.46103E-2 4.03858E-2 3.97678E-2 4.13942E-2 3.88075E-2 3.5941E-2 3.43462E-2 3.45553E-2 3.33483E-2 3.22729E-2 2.99479E-2 3.05805E-2 2.87826E-2 2.88232E-2 2.97493E-2 3.43425E-2 3.65609E-2 3.92555E-2 3.54204E-2 3.81459E-2 4.01094E-2 3.9109E-2 4.14004E-2
