maxent_outputs/red_flowers_linear/red_216.asc
ncols         426
nrows         180
xllcorner     -130.0
yllcorner     24.0
cellsize      0.16666666666666666
NODATA_value  -9999
[rows 27 to 53 of 180, columns 61 to 121 of 426]
4.18809E-1 4.35784E-1 4.88288E-1 5.15172E-1 4.61198E-1 4.94245E-1 5.85778E-1 5.63329E-1 5.2581E-1 5.83508E-1 5.83695E-1 5.79519E-1 5.76894E-1 5.34406E-1 5.54329E-1 5.39949E-1 5.43044E-1 5.25604E-1 5.41524E-1 5.12886E-1 4.99588E-1 5.10004E-1 5.16521E-1 4.60319E-1 4.63436E-1 4.71629E-1 4.09767E-1 4.50087E-1 4.43853E-1 4.93514E-1 5.09746E-1 5.38627E-1 5.39786E-1 5.0644E-1 4.25175E-1 3.32768E-1 2.93693E-1 2.78782E-1 2.75027E-1 2.63834E-1 2.56134E-1 2.53661E-1 2.46013E-1 2.447E-1 2.39455E-1 2.34472E-1 2.33504E-1 2.32358E-1 2.34922E-1 2.39303E-1 2.42845E-1 2.38735E-1 2.27023E-1 2.1744E-1 2.12257E-1 2.07798E-1 2.05541E-1 2.01144E-1 1.9509E-1 1.94695E-1 1.94024E-1
4.25079E-1 4.17594E-1 4.51304E-1 5.36866E-1 4.71262E-1 4.57651E-1 5.07007E-1 5.44994E-1 5.07179E-1 5.44538E-1 5.32299E-1 5.32078E-1 5.50501E-1 5.26853E-1 5.19848E-1 5.1114E-1 5.0227E-1 5.08131E-1 5.27738E-1 4.89869E-1 4.65069E-1 4.53999E-1 4.60228E-1 4.40814E-1 4.72552E-1 4.61831E-1 4.56357E-1 3.99821E-1 4.48201E-1 4.75409E-1 5.22658E-1 5.16869E-1 5.44434E-1 5.54018E-1 5.35887E-1 4.52743E-1 3.53621E-1 3.09E-1 2.8683E-1 2.72752E-1 2.57342E-1 2.47754E-1 2.39428E-1 2.27397E-1 2.24056E-1 2.20985E-1 2.23305E-1 2.23069E-1 2.26665E-1 2.33263E-1 2.38796E-1 2.30549E-1 2.28385E-1 2.19995E-1 2.17596E-1 2.09988E-1 1.97455E-1 1.88444E-1 1.75809E-1 1.683E-1 1.67204E-1
4.59849E-1 4.25524E-1 4.37531E-1 4.51743E-1 4.26461E-1 4.22201E-1 4.50553E-1 4.79638E-1 4.75572E-1 5.09856E-1 5.23973E-1 5.24035E-1 5.141E-1 5.00569E-1 5.10642E-1 5.04577E-1 4.87726E-1 4.74068E-1 4.59316E-1 4.70435E-1 4.56754E-1 4.21768E-1 4.24902E-1 4.3449E-1 4.49079E-1 4.57227E-1 4.68117E-1 4.36381E-1 4.84218E-1 4.94452E-1 5.014E-1 5.04662E-1 5.0029E-1 5.29768E-1 5.44983E-1 5.43835E-1 4.603E-1 3.63829E-1 3.20208E-1 2.85758E-1 2.59928E-1 2.48761E-1 2.30655E-1 2.17754E-1 2.02956E-1 2.07581E-1 2.06393E-1 2.09003E-1 2.27441E-1 2.44879E-1 2.43122E-1 2.39742E-1 2.37551E-1 2.3238E-1 2.28625E-1 2.24369E-1 2.11148E-1 1.85299E-1 1.66908E-1 1.54628E-1 1.53511E-1
4.69975E-1 4.16913E-1 4.04541E-1 3.94375E-1 4.0182E-1 4.28895E-1 4.4563E-1 4.47784E-1 4.78227E-1 4.74899E-1 4.72019E-1 4.82686E-1 4.79283E-1 4.91265E-1 5.13384E-1 4.86638E-1 4.79756E-1 4.47849E-1 4.32216E-1 4.48842E-1 4.45991E-1 4.17313E-1 4.12941E-1 4.34955E-1 4.38066E-1 4.37372E-1 4.70983E-1 4.81673E-1 4.1249E-1 5.05862E-1 4.93943E-1 5.16062E-1 4.76652E-1 5.0215E-1 5.33028E-1 5.25916E-1 4.90541E-1 4.56285E-1 3.57509E-1 3.20987E-1 2.85208E-1 2.57527E-1 2.35172E-1 2.2505E-1 2.10335E-1 2.08312E-1 2.10918E-1 2.11543E-1 2.18688E-1 2.28778E-1 2.39349E-1 2.38483E-1 2.49713E-1 2.36472E-1 2.20057E-1 2.11811E-1 2.09783E-1 1.96177E-1 1.84957E-1 1.82067E-1 1.79421E-1
4.5916E-1 4.01288E-1 3.80556E-1 3.93653E-1 4.42801E-1 4.3507E-1 4.43199E-1 4.29399E-1 4.91996E-1 4.74296E-1 4.4034E-1 4.53019E-1 4.73117E-1 4.74525E-1 4.76077E-1 4.67989E-1 4.62788E-1 4.55381E-1 4.21475E-1 4.13667E-1 4.11127E-1 3.89632E-1 3.87324E-1 4.03876E-1 4.08551E-1 4.25417E-1 4.55135E-1 4.85425E-1 4.83205E-1 4.21702E-1 4.92854E-1 5.14731E-1 5.04031E-1 4.62842E-1 4.953E-1 5.01982E-1 4.66171E-1 4.66469E-1 4.08095E-1 3.59438E-1 3.08058E-1 2.72854E-1 2.49073E-1 2.32411E-1 2.20435E-1 2.11936E-1 2.17864E-1 2.15065E-1 2.0981E-1 2.09554E-1 2.12951E-1 2.12785E-1 2.19572E-1 2.15982E-1 2.09312E-1 2.08138E-1 1.96273E-1 1.96718E-1 1.94578E-1 1.9246E-1 1.94561E-1
4.12548E-1 3.83802E-1 3.82872E-1 4.05943E-1 4.18265E-1 4.31015E-1 4.17075E-1 4.44217E-1 4.79242E-1 4.57392E-1 4.57873E-1 4.39826E-1 4.46324E-1 4.61175E-1 4.58424E-1 4.39667E-1 4.41981E-1 4.49821E-1 4.16852E-1 3.96788E-1 3.87961E-1 3.74934E-1 3.85291E-1 3.9924E-1 3.91909E-1 4.24493E-1 4.40846E-1 5.00868E-1 4.70358E-1 4.75608E-1 4.93611E-1 4.69035E-1 5.05044E-1 4.97871E-1 4.98632E-1 5.30629E-1 4.98951E-1 4.44081E-1 4.37391E-1 3.97976E-1 3.34538E-1 3.06745E-1 2.77896E-1 2.61994E-1 2.50759E-1 2.3738E-1 2.31984E-1 2.20474E-1 2.10265E-1 2.07955E-1 2.02397E-1 1.99144E-1 2.00133E-1 1.94615E-1 1.94837E-1 1.98482E-1 1.95665E-1 1.93118E-1 1.96134E-1 1.96879E-1 2.03701E-1
4.07391E-1 3.69617E-1 3.85106E-1 4.03218E-1 4.23223E-1 4.30416E-1 4.16118E-1 4.27554E-1 4.56622E-1 4.35664E-1 4.38228E-1 4.29131E-1 4.31012E-1 4.45412E-1 4.39908E-1 4.21574E-1 4.23746E-1 4.17284E-1 4.01683E-1 4.03281E-1 3.96406E-1 3.71128E-1 3.61834E-1 4.04567E-1 3.92138E-1 4.34046E-1 4.58777E-1 4.78023E-1 4.61556E-1 4.68312E-1 4.69802E-1 4.80931E-1 4.34289E-1 4.74241E-1 5.00528E-1 5.05889E-1 4.81907E-1 4.56494E-1 4.29948E-1 4.19405E-1 3.69963E-1 3.34922E-1 3.0095E-1 2.73497E-1 2.50958E-1 2.38749E-1 2.36738E-1 2.26562E-1 2.19368E-1 2.14208E-1 2.11126E-1 2.05382E-1 1.97717E-1 1.9141E-1 1.91971E-1 1.9185E-1 1.94873E-1 1.95449E-1 1.92487E-1 2.00039E-1 2.22883E-1
3.53824E-1 3.57941E-1 3.78367E-1 3.88583E-1 4.06585E-1 4.00966E-1 4.11543E-1 4.23309E-1 4.35389E-1 4.13807E-1 4.32617E-1 4.2719E-1 3.8249E-1 4.18269E-1 4.15992E-1 3.91148E-1 4.06217E-1 4.00712E-1 4.09885E-1 4.23941E-1 4.40991E-1 3.88506E-1 3.45276E-1 3.74247E-1 3.73788E-1 3.99318E-1 4.22956E-1 4.49512E-1 4.52051E-1 4.60353E-1 4.4797E-1 4.81209E-1 4.12577E-1 3.99715E-1 4.96877E-1 4.90753E-1 4.74828E-1 4.71587E-1 4.57075E-1 4.38843E-1 4.18301E-1 3.67174E-1 3.19422E-1 2.92206E-1 2.67295E-1 2.40178E-1 2.36478E-1 2.27899E-1 2.21701E-1 2.16231E-1 2.14418E-1 2.10792E-1 2.07135E-1 1.98535E-1 1.98836E-1 1.95948E-1 1.93077E-1 1.91353E-1 1.91602E-1 2.13137E-1 2.38067E-1
3.31521E-1 3.50755E-1 3.40428E-1 3.51164E-1 3.58758E-1 3.75057E-1 4.20594E-1 4.20152E-1 4.19755E-1 4.10848E-1 4.18911E-1 4.05306E-1 3.81092E-1 3.96674E-1 3.84595E-1 3.85532E-1 3.92688E-1 3.96088E-1 3.98089E-1 4.05594E-1 4.28393E-1 3.91859E-1 3.76327E-1 3.78443E-1 3.71852E-1 3.682E-1 4.04026E-1 4.14454E-1 4.33267E-1 4.41414E-1 4.52406E-1 4.69028E-1 4.88474E-1 4.6953E-1 4.95184E-1 4.7983E-1 4.5556E-1 4.60426E-1 4.50452E-1 4.28636E-1 3.99598E-1 3.82682E-1 3.53195E-1 3.04462E-1 2.77333E-1 2.50664E-1 2.33184E-1 2.2915E-1 2.27661E-1 2.20452E-1 2.17019E-1 2.26897E-1 2.21519E-1 2.229E-1 2.21641E-1 2.17191E-1 2.11856E-1 2.01726E-1 2.01699E-1 2.11017E-1 2.27243E-1
3.13895E-1 3.13889E-1 3.06693E-1 3.31381E-1 3.65634E-1 3.7201E-1 3.95435E-1 3.93725E-1 4.09395E-1 3.95818E-1 3.96432E-1 3.81936E-1 3.95213E-1 3.96154E-1 3.81414E-1 3.89973E-1 4.02589E-1 3.99008E-1 3.85638E-1 3.93782E-1 3.74501E-1 3.58649E-1 3.50505E-1 3.46703E-1 3.70873E-1 3.71411E-1 3.79892E-1 3.97423E-1 4.18251E-1 4.32852E-1 4.60056E-1 4.49593E-1 4.84299E-1 5.06669E-1 5.23324E-1 4.98735E-1 4.60722E-1 4.39288E-1 4.44999E-1 4.3986E-1 4.06648E-1 3.73283E-1 3.68423E-1 3.08226E-1 2.81093E-1 2.71783E-1 2.53436E-1 2.51662E-1 2.52543E-1 2.4568E-1 2.42695E-1 2.4217E-1 2.35754E-1 2.28155E-1 2.30702E-1 2.34356E-1 2.26582E-1 2.18073E-1 2.21282E-1 2.17406E-1 2.11285E-1
3.02304E-1 3.06257E-1 3.01318E-1 3.37367E-1 3.43713E-1 3.38315E-1 3.4339E-1 3.46961E-1 3.46696E-1 3.54822E-1 3.64091E-1 3.64388E-1 3.78094E-1 3.88868E-1 4.07218E-1 4.01777E-1 4.01317E-1 4.03366E-1 4.05874E-1 3.8844E-1 3.66501E-1 3.53487E-1 3.4443E-1 3.30829E-1 3.32395E-1 3.56829E-1 3.73586E-1 3.93969E-1 4.1617E-1 4.24195E-1 4.56307E-1 4.14014E-1 4.51202E-1 4.71945E-1 5.0107E-1 4.8034E-1 4.60439E-1 4.36562E-1 4.46489E-1 4.32852E-1 4.27092E-1 3.77747E-1 3.76661E-1 3.13539E-1 2.83416E-1 2.75741E-1 2.59802E-1 2.54035E-1 2.51388E-1 2.40976E-1 2.47412E-1 2.56265E-1 2.50197E-1 2.5099E-1 2.51261E-1 2.47728E-1 2.41789E-1 2.28374E-1 2.21861E-1 2.28305E-1 2.21695E-1
2.99696E-1 3.03017E-1 3.19836E-1 3.33577E-1 3.24477E-1 3.25264E-1 3.30916E-1 3.31937E-1 3.33604E-1 3.32577E-1 3.40269E-1 3.56218E-1 3.70039E-1 3.77396E-1 4.00099E-1 4.11611E-1 4.09305E-1 4.08486E-1 4.24065E-1 3.99336E-1 3.88125E-1 3.80729E-1 3.46986E-1 3.15603E-1 3.2556E-1 3.36397E-1 3.67282E-1 3.98678E-1 4.22213E-1 4.4071E-1 4.56333E-1 3.96454E-1 4.08168E-1 4.07795E-1 4.56697E-1 4.58247E-1 4.3705E-1 4.39827E-1 4.44873E-1 4.25053E-1 4.21885E-1 4.06341E-1 3.79506E-1 3.15649E-1 2.84037E-1 2.7958E-1 2.69632E-1 2.71597E-1 2.6522E-1 2.63244E-1 2.56389E-1 2.67215E-1 2.57425E-1 2.56381E-1 2.59543E-1 2.56905E-1 2.49023E-1 2.31344E-1 2.23359E-1 2.22886E-1 2.23555E-1
3.08001E-1 3.04622E-1 3.18382E-1 3.21462E-1 3.23356E-1 3.26512E-1 3.22874E-1 3.26995E-1 3.26725E-1 3.33582E-1 3.44028E-1 3.50394E-1 3.74276E-1 3.89261E-1 3.96969E-1 3.92156E-1 3.87143E-1 3.93658E-1 4.02769E-1 3.83115E-1 3.49756E-1 3.38641E-1 3.18209E-1 2.98316E-1 2.95342E-1 3.15893E-1 3.46124E-1 3.78389E-1 4.15566E-1 4.50351E-1 4.59108E-1 4.16251E-1 4.23053E-1 3.76637E-1 4.02179E-1 4.48419E-1 4.10286E-1 4.34259E-1 4.4574E-1 4.41451E-1 4.34455E-1 4.07886E-1 3.91366E-1 3.43127E-1 2.93728E-1 2.75333E-1 2.61658E-1 2.61914E-1 2.5815E-1 2.57868E-1 2.67716E-1 2.72218E-1 2.6381E-1 2.60492E-1 2.50908E-1 2.69741E-1 2.49211E-1 2.39964E-1 2.27953E-1 2.2437E-1 2.2275E-1
3.30283E-1 3.1421E-1 2.98827E-1 3.19782E-1 3.21884E-1 3.22539E-1 3.25024E-1 3.28667E-1 3.32321E-1 3.33085E-1 3.4577E-1 3.63339E-1 3.82928E-1 3.95272E-1 3.95226E-1 3.98282E-1 3.99144E-1 3.8892E-1 3.82592E-1 3.71878E-1 3.51123E-1 3.37654E-1 3.17605E-1 2.99194E-1 2.99786E-1 3.23143E-1 3.5864E-1 3.8919E-1 4.23988E-1 4.40067E-1 4.50075E-1 4.43612E-1 4.58816E-1 4.26616E-1 4.32107E-1 4.55049E-1 4.34655E-1 4.01515E-1 4.42207E-1 4.39483E-1 4.15836E-1 3.81695E-1 3.77687E-1 3.77762E-1 3.39949E-1 2.92947E-1 2.73774E-1 2.84308E-1 2.72001E-1 2.70163E-1 2.72264E-1 2.75784E-1 2.748E-1 2.67426E-1 2.61057E-1 2.57203E-1 2.44023E-1 2.34655E-1 2.28933E-1 2.23565E-1 2.22263E-1
3.28568E-1 3.17393E-1 3.29862E-1 3.42441E-1 3.42657E-1 3.39005E-1 3.36866E-1 3.35952E-1 3.39184E-1 3.50409E-1 3.50436E-1 3.66809E-1 3.7819E-1 3.92074E-1 4.04786E-1 3.98243E-1 4.02501E-1 3.99894E-1 3.92003E-1 3.67838E-1 3.50189E-1 3.27085E-1 3.21598E-1 3.25363E-1 3.19182E-1 3.32286E-1 3.5774E-1 3.9039E-1 4.18711E-1 4.41014E-1 4.29222E-1 4.41786E-1 4.09461E-1 4.39013E-1 4.42919E-1 4.48239E-1 4.49703E-1 4.10461E-1 4.05015E-1 3.84531E-1 3.74763E-1 3.71043E-1 3.80312E-1 3.63117E-1 3.489E-1 3.29198E-1 2.90203E-1 2.82329E-1 2.96578E-1 2.93326E-1 2.8054E-1 2.8092E-1 2.90973E-1 2.83252E-1 2.71474E-1 2.75165E-1 2.68656E-1 2.52323E-1 2.40543E-1 2.41208E-1 2.2951E-1
3.38617E-1 3.30809E-1 3.48772E-1 3.4838E-1 3.49755E-1 3.42347E-1 3.48307E-1 3.48321E-1 3.50138E-1 3.50443E-1 3.58667E-1 3.59635E-1 3.71996E-1 3.85918E-1 3.95516E-1 4.03294E-1 4.07104E-1 4.12683E-1 4.12128E-1 3.82881E-1 3.53756E-1 3.34514E-1 3.22795E-1 3.33221E-1 3.39735E-1 3.55829E-1 3.70253E-1 3.92568E-1 4.04877E-1 4.37462E-1 4.2842E-1 4.25019E-1 4.17171E-1 3.93667E-1 3.73516E-1 4.32739E-1 4.33153E-1 4.01704E-1 4.0298E-1 4.15096E-1 3.30856E-1 3.46959E-1 3.95506E-1 3.74535E-1 3.47064E-1 3.16862E-1 2.91305E-1 2.88318E-1 2.9587E-1 2.85696E-1 2.71038E-1 2.6558E-1 2.64752E-1 2.82559E-1 2.83096E-1 2.95838E-1 2.8344E-1 2.57504E-1 2.52087E-1 2.4614E-1 2.384E-1
3.4555E-1 3.43226E-1 3.35246E-1 3.51225E-1 3.61489E-1 3.55051E-1 3.55166E-1 3.51807E-1 3.58727E-1 3.70257E-1 3.73869E-1 3.68252E-1 3.8797E-1 4.05493E-1 4.15128E-1 4.15286E-1 4.19875E-1 4.12759E-1 4.08168E-1 3.96492E-1 3.77494E-1 3.52351E-1 3.47952E-1 3.39153E-1 3.24206E-1 3.48396E-1 3.8638E-1 4.05083E-1 4.11407E-1 4.17177E-1 4.22524E-1 3.95802E-1 3.97611E-1 4.16959E-1 3.83055E-1 4.22805E-1 4.19183E-1 4.02096E-1 3.86304E-1 3.6289E-1 3.41409E-1 3.6055E-1 3.41085E-1 3.33167E-1 3.3687E-1 3.06541E-1 2.68832E-1 2.62885E-1 2.77768E-1 2.84515E-1 2.80861E-1 2.5148E-1 2.47655E-1 2.54652E-1 2.77262E-1 2.85729E-1 2.72078E-1 2.7631E-1 2.73808E-1 2.52811E-1 2.44505E-1
3.36345E-1 3.18799E-1 3.35025E-1 3.63533E-1 3.67176E-1 3.62889E-1 3.63547E-1 3.77403E-1 3.81304E-1 3.84552E-1 3.86253E-1 3.94288E-1 4.04145E-1 4.12376E-1 4.24401E-1 4.32366E-1 4.31401E-1 4.33268E-1 4.57106E-1 4.55854E-1 4.17654E-1 4.37304E-1 3.8894E-1 3.48933E-1 3.37657E-1 3.69882E-1 3.83532E-1 4.06256E-1 4.2751E-1 4.35498E-1 4.00893E-1 3.76614E-1 4.12244E-1 4.26954E-1 3.8986E-1 3.91195E-1 4.0676E-1 3.9629E-1 3.72253E-1 3.04126E-1 3.04699E-1 3.00422E-1 3.07039E-1 2.95117E-1 2.95443E-1 3.12675E-1 2.88676E-1 2.54374E-1 2.67619E-1 2.65563E-1 2.87282E-1 2.86427E-1 2.46884E-1 2.52135E-1 2.66172E-1 2.56795E-1 2.58985E-1 2.60062E-1 2.54314E-1 2.51994E-1 2.42387E-1
3.26859E-1 3.25103E-1 3.32692E-1 3.71476E-1 3.83603E-1 3.72699E-1 3.76797E-1 3.83275E-1 3.70239E-1 3.73249E-1 3.83159E-1 3.90733E-1 4.0307E-1 4.17238E-1 4.2379E-1 4.57504E-1 4.72869E-1 4.7474E-1 4.7031E-1 4.58303E-1 4.55237E-1 4.4909E-1 4.21871E-1 3.7121E-1 3.75805E-1 4.08899E-1 4.19774E-1 4.32486E-1 4.42099E-1 4.36745E-1 4.3779E-1 4.06463E-1 4.08367E-1 3.99764E-1 3.93288E-1 3.93295E-1 3.83103E-1 3.64504E-1 3.30725E-1 3.2063E-1 3.74169E-1 3.273E-1 2.61511E-1 3.02159E-1 3.3239E-1 3.35E-1 2.87598E-1 2.94896E-1 3.0566E-1 2.58366E-1 2.57217E-1 2.97132E-1 2.8271E-1 2.58702E-1 2.86795E-1 2.70053E-1 2.63969E-1 2.54865E-1 2.49982E-1 2.49214E-1 2.47493E-1
3.52119E-1 3.47394E-1 3.58283E-1 3.84868E-1 3.88313E-1 3.98003E-1 3.84767E-1 3.79846E-1 3.85656E-1 3.82369E-1 3.86601E-1 3.93089E-1 4.02265E-1 4.06334E-1 4.36998E-1 4.482E-1 4.57871E-1 4.75612E-1 4.63338E-1 4.34024E-1 4.30329E-1 4.45296E-1 4.59503E-1 4.35756E-1 4.36915E-1 4.27885E-1 4.38233E-1 4.21373E-1 4.17661E-1 4.36627E-1 4.30952E-1 4.10195E-1 4.17295E-1 4.10209E-1 3.8996E-1 3.8585E-1 3.83959E-1 3.3887E-1 2.99821E-1 3.26484E-1 3.63844E-1 3.04562E-1 2.71362E-1 3.15321E-1 3.13026E-1 3.08787E-1 2.75837E-1 3.05412E-1 2.82715E-1 2.49452E-1 2.4874E-1 2.80687E-1 2.82404E-1 2.70579E-1 2.63595E-1 2.88402E-1 3.05459E-1 3.06448E-1 2.69904E-1 2.51581E-1 2.52172E-1
3.40821E-1 3.49276E-1 3.55388E-1 3.5184E-1 3.66527E-1 3.95691E-1 3.92227E-1 4.02343E-1 3.98093E-1 4.04357E-1 3.879E-1 3.78931E-1 3.7913E-1 4.15639E-1 4.32515E-1 4.63374E-1 4.67249E-1 4.82674E-1 4.44959E-1 4.35289E-1 4.38061E-1 4.42879E-1 4.5791E-1 4.75905E-1 4.79153E-1 4.61321E-1 4.56068E-1 4.41463E-1 4.45588E-1 4.4582E-1 4.15772E-1 4.17979E-1 4.17357E-1 4.08676E-1 3.81224E-1 3.56353E-1 3.73379E-1 3.51162E-1 3.48649E-1 3.68888E-1 3.37098E-1 2.88771E-1 2.79203E-1 2.81097E-1 3.05196E-1 3.20837E-1 2.88176E-1 2.53633E-1 2.62248E-1 2.43153E-1 2.4816E-1 2.77484E-1 2.82078E-1 3.00781E-1 2.74662E-1 2.74427E-1 3.38114E-1 3.49051E-1 2.76653E-1 2.53823E-1 2.54304E-1
3.79224E-1 3.87722E-1 3.77444E-1 3.83574E-1 3.92523E-1 3.80211E-1 3.69287E-1 3.86217E-1 4.02337E-1 3.89524E-1 3.67246E-1 3.57704E-1 3.92318E-1 4.32053E-1 4.45227E-1 4.4881E-1 4.74834E-1 4.69981E-1 4.74521E-1 4.55064E-1 4.54721E-1 4.51552E-1 4.69246E-1 4.87998E-1 4.65671E-1 4.38267E-1 4.4136E-1 4.5779E-1 4.25467E-1 4.33079E-1 4.37278E-1 4.21282E-1 4.25851E-1 4.15615E-1 3.72375E-1 3.26795E-1 3.37969E-1 3.53611E-1 3.45373E-1 2.9608E-1 2.68534E-1 3.24506E-1 2.91388E-1 2.64359E-1 2.85172E-1 2.67236E-1 2.68553E-1 2.69314E-1 2.55835E-1 2.40718E-1 2.43043E-1 2.56917E-1 2.87822E-1 3.22422E-1 2.86449E-1 2.64303E-1 3.0879E-1 3.2438E-1 2.78894E-1 2.61726E-1 2.59736E-1
3.68392E-1 3.75212E-1 3.76772E-1 3.78106E-1 3.84989E-1 3.77638E-1 3.79202E-1 3.77631E-1 3.71635E-1 3.41184E-1 3.32752E-1 3.52302E-1 3.77906E-1 3.90888E-1 4.254E-1 4.31618E-1 4.14039E-1 4.14685E-1 4.71641E-1 4.646E-1 4.73767E-1 4.66699E-1 4.66242E-1 4.87763E-1 4.61354E-1 4.33366E-1 4.19702E-1 4.04445E-1 4.05258E-1 4.13536E-1 4.31559E-1 4.32979E-1 4.11711E-1 3.87135E-1 3.70909E-1 3.43856E-1 3.36547E-1 2.74687E-1 2.34261E-1 3.04207E-1 3.21885E-1 2.94213E-1 2.80009E-1 2.83805E-1 3.09684E-1 2.62437E-1 2.95617E-1 2.75664E-1 2.53443E-1 2.52434E-1 2.53599E-1 2.47988E-1 2.61369E-1 3.21674E-1 3.38523E-1 2.71912E-1 2.74929E-1 2.85731E-1 2.8275E-1 2.81933E-1 2.69127E-1
3.53911E-1 3.62872E-1 3.74043E-1 3.64395E-1 3.68914E-1 3.7878E-1 3.89018E-1 3.65558E-1 3.24928E-1 3.22616E-1 3.37882E-1 3.47733E-1 3.76508E-1 4.07271E-1 3.99893E-1 3.846E-1 3.7472E-1 4.22913E-1 4.64804E-1 4.71841E-1 4.77438E-1 4.75169E-1 4.3876E-1 3.9193E-1 3.90264E-1 3.82855E-1 3.80853E-1 3.89406E-1 4.03364E-1 4.1387E-1 4.1631E-1 4.17779E-1 4.09937E-1 3.7692E-1 3.65777E-1 3.28721E-1 3.2674E-1 2.53601E-1 2.44254E-1 3.26529E-1 3.09754E-1 3.39189E-1 2.60114E-1 2.66153E-1 2.52212E-1 2.6633E-1 3.69929E-1 3.41987E-1 2.75053E-1 2.92461E-1 2.90878E-1 2.91427E-1 3.21273E-1 3.68251E-1 3.38306E-1 2.95987E-1 3.83512E-1 3.4098E-1 3.36291E-1 3.35962E-1 2.93014E-1
3.62617E-1 3.6448E-1 3.72958E-1 3.70623E-1 3.70915E-1 3.76197E-1 3.74749E-1 3.36315E-1 3.02333E-1 3.2349E-1 3.63884E-1 3.8232E-1 4.00097E-1 4.08967E-1 4.21899E-1 3.77736E-1 3.72298E-1 4.26531E-1 4.44347E-1 4.44702E-1 4.44641E-1 4.56382E-1 4.30365E-1 4.07638E-1 4.01216E-1 4.05524E-1 4.03007E-1 3.73906E-1 3.87455E-1 4.11343E-1 4.12925E-1 4.1095E-1 3.90276E-1 3.67526E-1 3.40318E-1 3.11581E-1 3.57142E-1 2.90622E-1 2.60299E-1 2.98929E-1 2.99228E-1 3.27349E-1 2.58181E-1 2.40967E-1 2.41756E-1 2.57215E-1 2.82798E-1 3.37179E-1 2.81467E-1 3.6867E-1 4.30906E-1 4.27475E-1 4.53919E-1 4.63146E-1 3.40181E-1 3.60689E-1 4.85083E-1 4.63026E-1 4.75398E-1 3.8514E-1 3.36936E-1
3.70018E-1 3.71503E-1 3.80879E-1 3.73935E-1 3.62733E-1 3.51987E-1 3.25172E-1 3.08267E-1 3.13944E-1 3.32845E-1 3.66994E-1 4.05041E-1 4.10146E-1 3.89123E-1 3.71478E-1 3.8354E-1 3.83736E-1 4.05551E-1 4.14579E-1 3.80098E-1 4.04081E-1 3.80766E-1 3.60092E-1 3.57722E-1 3.56762E-1 3.72011E-1 3.82213E-1 3.79493E-1 3.86995E-1 4.04837E-1 4.15941E-1 4.17154E-1 3.83647E-1 3.66776E-1 3.64205E-1 2.97294E-1 2.97276E-1 3.37707E-1 2.73053E-1 2.83504E-1 2.41299E-1 2.60851E-1 2.53011E-1 2.4495E-1 2.52455E-1 3.01691E-1 2.73917E-1 3.25715E-1 2.91838E-1 4.06502E-1 4.58439E-1 4.28521E-1 4.77399E-1 4.07623E-1 4.40297E-1 4.59875E-1 4.53499E-1 4.44169E-1 4.57967E-1 4.4462E-1 4.44536E-1
3.72946E-1 3.72566E-1 3.77043E-1 3.67679E-1 3.58982E-1 3.56033E-1 3.43167E-1 3.33106E-1 3.39695E-1 3.55221E-1 3.56343E-1 3.626E-1 3.87232E-1 3.88523E-1 3.62311E-1 3.57718E-1 3.53928E-1 3.63852E-1 3.51432E-1 3.40526E-1 3.34396E-1 3.28794E-1 3.31113E-1 3.52292E-1 3.59217E-1 3.62674E-1 3.8164E-1 3.85658E-1 3.80639E-1 3.88556E-1 3.97969E-1 4.24117E-1 3.96166E-1 3.52702E-1 3.53895E-1 2.89893E-1 2.56984E-1 2.90516E-1 3.08787E-1 2.75891E-1 2.49053E-1 2.58419E-1 2.56038E-1 2.62325E-1 2.63115E-1 2.56931E-1 2.74107E-1 3.48123E-1 3.7346E-1 4.30448E-1 4.53377E-1 4.03718E-1 4.2146E-1 4.34164E-1 4.44997E-1 4.31572E-1 4.07233E-1 4.15586E-1 4.07549E-1 4.38026E-1 4.33815E-1
