maxent_outputs/red_flowers_linear/red_105.asc
ncols         426
nrows         180
xllcorner     -130.0
yllcorner     24.0
cellsize      0.16666666666666666
NODATA_value  -9999
[rows 54 to 80 of 180, columns 122 to 182 of 426]
2.21166E-1 2.19046E-1 2.23034E-1 1.80052E-1 1.90661E-1 1.67283E-1 1.52336E-1 1.58521E-1 1.78891E-1 2.0519E-1 2.16564E-1 2.27214E-1 2.45471E-1 2.28812E-1 1.92246E-1 1.91504E-1 1.89947E-1 1.98686E-1 2.07036E-1 2.107E-1 2.0306E-1 2.05863E-1 2.01172E-1 1.96609E-1 1.96029E-1 1.99515E-1 1.97925E-1 1.97367E-1 1.95091E-1 2.01955E-1 2.10648E-1 2.18273E-1 2.18474E-1 2.27978E-1 2.41428E-1 2.42686E-1 2.50646E-1 2.46814E-1 2.26729E-1 1.97889E-1 1.80013E-1 1.61641E-1 1.57622E-1 1.62413E-1 1.62154E-1 1.56045E-1 1.51975E-1 1.50513E-1 1.54617E-1 1.5983E-1 1.60496E-1 1.61595E-1 1.60221E-1 1.56932E-1 1.50958E-1 1.46404E-1 1.25785E-1 1.20629E-1 1.16442E-1 1.15225E-1 1.11608E-1
2.28939E-1 2.39774E-1 2.25714E-1 2.42144E-1 1.9033E-1 1.62265E-1 1.52939E-1 1.48305E-1 1.64225E-1 1.7827E-1 2.17929E-1 2.12364E-1 2.18368E-1 2.4838E-1 2.61373E-1 2.0339E-1 1.96469E-1 2.00118E-1 2.02182E-1 2.00892E-1 2.07996E-1 2.08125E-1 2.08699E-1 2.03779E-1 1.98315E-1 1.9873E-1 1.95362E-1 1.94654E-1 1.92838E-1 2.01643E-1 2.03707E-1 2.2226E-1 2.40615E-1 2.46267E-1 2.6074E-1 2.64601E-1 2.82378E-1 2.87865E-1 2.36707E-1 2.04085E-1 1.86155E-1 1.87943E-1 1.83548E-1 1.80875E-1 1.72323E-1 1.71485E-1 1.72561E-1 1.6965E-1 1.65195E-1 1.6806E-1 1.67678E-1 1.68012E-1 1.64419E-1 1.66776E-1 1.66757E-1 1.40369E-1 1.35892E-1 1.3018E-1 1.24007E-1 1.1814E-1 1.15657E-1
2.81936E-1 2.66561E-1 2.37167E-1 2.47553E-1 2.01168E-1 1.8807E-1 1.54543E-1 1.43841E-1 1.37637E-1 1.45888E-1 1.66759E-1 2.05283E-1 2.48441E-1 2.1798E-1 2.42739E-1 2.56061E-1 2.51907E-1 2.0798E-1 1.90585E-1 2.03253E-1 2.12403E-1 2.09145E-1 2.08294E-1 2.11859E-1 2.11036E-1 2.02394E-1 1.89238E-1 1.8801E-1 1.79874E-1 1.83182E-1 1.92014E-1 2.16608E-1 2.28479E-1 2.47979E-1 2.68369E-1 2.74183E-1 2.87897E-1 2.98663E-1 2.72937E-1 2.44165E-1 2.21528E-1 2.06895E-1 2.05769E-1 2.06594E-1 1.99262E-1 1.95478E-1 1.87508E-1 1.88148E-1 1.80058E-1 1.74002E-1 1.69248E-1 1.6807E-1 1.63794E-1 1.59883E-1 1.81146E-1 1.51319E-1 1.40435E-1 1.37805E-1 1.31743E-1 1.25069E-1 1.21451E-1
2.43865E-1 2.35274E-1 2.24476E-1 2.44573E-1 2.30833E-1 2.04078E-1 1.73135E-1 1.48739E-1 1.44678E-1 1.32998E-1 1.49117E-1 1.90646E-1 2.30645E-1 2.30152E-1 2.2695E-1 2.39205E-1 2.69805E-1 2.16886E-1 2.13662E-1 2.15123E-1 2.12482E-1 2.10735E-1 2.05708E-1 2.06788E-1 2.20164E-1 2.08824E-1 1.96717E-1 1.85435E-1 1.70703E-1 1.75389E-1 1.90722E-1 1.95309E-1 2.02025E-1 2.41578E-1 2.54647E-1 2.74314E-1 2.76982E-1 2.7258E-1 2.72816E-1 2.67787E-1 2.54894E-1 2.32269E-1 2.25485E-1 2.19013E-1 2.09595E-1 2.06228E-1 1.94226E-1 1.86926E-1 1.80901E-1 1.72425E-1 1.69605E-1 1.74895E-1 1.70143E-1 1.7075E-1 1.75066E-1 1.70668E-1 1.49396E-1 1.42016E-1 1.37723E-1 1.2965E-1 1.24222E-1
2.59498E-1 2.60793E-1 2.74694E-1 1.82953E-1 1.99311E-1 1.99887E-1 1.87638E-1 1.7044E-1 1.58827E-1 1.47804E-1 1.39349E-1 1.56385E-1 1.92226E-1 2.23961E-1 2.24866E-1 2.3049E-1 2.60357E-1 2.38993E-1 2.20316E-1 2.16711E-1 2.16539E-1 2.11134E-1 2.05268E-1 2.01859E-1 2.08022E-1 2.09406E-1 2.00518E-1 1.92478E-1 1.83205E-1 1.74079E-1 1.77254E-1 1.83928E-1 2.00089E-1 2.15777E-1 2.07784E-1 2.23495E-1 2.52457E-1 2.67681E-1 2.68285E-1 2.66391E-1 2.58386E-1 2.47326E-1 2.361E-1 2.19832E-1 2.2183E-1 1.99418E-1 1.88682E-1 1.89403E-1 1.89681E-1 1.89258E-1 1.86683E-1 1.91758E-1 1.88529E-1 1.81838E-1 1.73458E-1 1.63021E-1 1.57563E-1 1.53263E-1 1.48355E-1 1.40802E-1 1.3437E-1
2.50016E-1 2.76092E-1 2.25807E-1 1.86359E-1 1.84578E-1 2.01856E-1 1.98009E-1 1.67429E-1 1.51469E-1 1.50255E-1 1.42088E-1 1.61481E-1 1.66813E-1 1.8348E-1 2.26276E-1 2.29724E-1 2.52094E-1 2.38602E-1 2.18264E-1 2.1115E-1 2.13781E-1 2.15757E-1 2.10685E-1 2.05371E-1 2.12826E-1 2.22368E-1 2.09137E-1 1.98863E-1 1.89395E-1 1.86614E-1 1.85373E-1 1.96386E-1 1.9863E-1 2.02422E-1 1.93741E-1 2.23622E-1 2.63146E-1 2.75525E-1 2.76759E-1 2.66447E-1 2.60646E-1 2.48522E-1 2.39616E-1 2.32189E-1 2.16984E-1 2.08502E-1 2.10388E-1 2.04985E-1 2.06132E-1 2.00729E-1 1.92466E-1 1.92976E-1 1.90973E-1 1.86564E-1 1.72858E-1 1.59743E-1 1.57416E-1 1.51164E-1 1.54387E-1 1.49974E-1 1.48561E-1
2.27991E-1 2.17127E-1 2.47885E-1 2.27225E-1 1.84391E-1 1.76201E-1 1.89501E-1 1.7649E-1 1.65158E-1 1.44656E-1 1.4589E-1 1.63586E-1 1.84959E-1 1.6724E-1 1.92435E-1 2.23436E-1 2.44319E-1 2.3837E-1 2.21628E-1 2.02869E-1 2.08313E-1 2.18656E-1 2.20022E-1 2.14853E-1 2.21813E-1 2.2164E-1 2.08367E-1 2.01554E-1 2.03058E-1 2.03066E-1 2.0005E-1 2.04542E-1 2.20857E-1 2.20899E-1 1.93326E-1 2.03464E-1 2.62536E-1 2.84939E-1 2.77941E-1 2.60537E-1 2.49678E-1 2.43214E-1 2.38117E-1 2.41671E-1 2.38771E-1 2.20924E-1 2.14568E-1 2.1557E-1 2.13676E-1 2.03836E-1 1.97201E-1 1.97076E-1 1.94407E-1 1.87296E-1 1.8536E-1 1.79146E-1 1.76051E-1 1.68037E-1 1.60834E-1 1.54804E-1 1.44907E-1
2.46374E-1 2.51846E-1 2.47787E-1 2.69067E-1 1.86636E-1 1.87997E-1 1.78411E-1 1.71462E-1 1.52055E-1 1.51712E-1 1.67318E-1 1.74248E-1 1.95208E-1 1.83802E-1 1.90245E-1 2.19139E-1 2.30448E-1 2.33065E-1 2.17125E-1 2.10839E-1 2.17221E-1 2.14713E-1 2.1263E-1 2.1947E-1 2.17533E-1 2.21817E-1 2.30829E-1 2.17384E-1 2.14428E-1 2.12631E-1 2.10735E-1 2.02977E-1 2.07927E-1 2.23943E-1 2.07002E-1 2.23677E-1 2.53324E-1 2.82482E-1 2.71827E-1 2.47405E-1 2.3841E-1 2.36969E-1 2.34695E-1 2.33169E-1 2.34473E-1 2.33833E-1 2.364E-1 2.33702E-1 2.26512E-1 2.14155E-1 2.08776E-1 1.98996E-1 2.01401E-1 2.02313E-1 2.00325E-1 1.91269E-1 1.84234E-1 1.79753E-1 1.73419E-1 1.75871E-1 1.71492E-1
1.80518E-1 1.79877E-1 2.32382E-1 2.07814E-1 1.95411E-1 1.9464E-1 1.8941E-1 1.71132E-1 1.68072E-1 1.85311E-1 1.94249E-1 1.91683E-1 1.94607E-1 2.01926E-1 2.06399E-1 2.10706E-1 2.12826E-1 2.16257E-1 2.09907E-1 2.15913E-1 2.12082E-1 2.18409E-1 2.17682E-1 2.15178E-1 2.26943E-1 2.26092E-1 2.37332E-1 2.33022E-1 2.24024E-1 2.19627E-1 2.20655E-1 2.24204E-1 2.1113E-1 2.17489E-1 2.13574E-1 2.18591E-1 2.3962E-1 2.81933E-1 2.57755E-1 2.45109E-1 2.41313E-1 2.39436E-1 2.36118E-1 2.34616E-1 2.41179E-1 2.37944E-1 2.41748E-1 2.42569E-1 2.33931E-1 2.24748E-1 2.21297E-1 2.17917E-1 2.17672E-1 2.1989E-1 2.08211E-1 1.9886E-1 1.96842E-1 1.93766E-1 1.8623E-1 1.82794E-1 1.82443E-1
2.46567E-1 2.16854E-1 2.50065E-1 2.62645E-1 2.46804E-1 1.99041E-1 1.83057E-1 1.65452E-1 1.67117E-1 1.85059E-1 1.94618E-1 1.67546E-1 1.76892E-1 1.96231E-1 2.12106E-1 2.24515E-1 2.25936E-1 2.17369E-1 1.98359E-1 2.00662E-1 1.95551E-1 2.05117E-1 2.13017E-1 2.24507E-1 2.35307E-1 2.35643E-1 2.40822E-1 2.31387E-1 2.33308E-1 2.3823E-1 2.38506E-1 2.29437E-1 2.19657E-1 2.14131E-1 2.16515E-1 2.25146E-1 2.48371E-1 2.62485E-1 2.39322E-1 2.37051E-1 2.39776E-1 2.23909E-1 2.26706E-1 2.3763E-1 2.34973E-1 2.30989E-1 2.31168E-1 2.31392E-1 2.23854E-1 2.21227E-1 2.18275E-1 2.22353E-1 2.2771E-1 2.20677E-1 2.03153E-1 2.04814E-1 2.00911E-1 1.93899E-1 1.89769E-1 1.85087E-1 1.8452E-1
2.51935E-1 2.45966E-1 2.02502E-1 2.11971E-1 2.03645E-1 1.85436E-1 1.62874E-1 1.54103E-1 1.43912E-1 1.44688E-1 1.55387E-1 1.54156E-1 1.52278E-1 1.71013E-1 1.97282E-1 2.1335E-1 2.12712E-1 2.02968E-1 1.92557E-1 1.9385E-1 2.01862E-1 2.09128E-1 2.12095E-1 2.29926E-1 2.51666E-1 2.48589E-1 2.38712E-1 2.38589E-1 2.46545E-1 2.51272E-1 2.48131E-1 2.35362E-1 2.30607E-1 2.26709E-1 2.24253E-1 2.22508E-1 2.30416E-1 2.26672E-1 2.27868E-1 2.34967E-1 2.34361E-1 2.29714E-1 2.39474E-1 2.36769E-1 2.22716E-1 2.24042E-1 2.23139E-1 2.26089E-1 2.20384E-1 2.12249E-1 2.15661E-1 2.25365E-1 2.29151E-1 2.10743E-1 2.00911E-1 1.96965E-1 1.94856E-1 1.86658E-1 1.84968E-1 1.84961E-1 1.86445E-1
2.56258E-1 2.36103E-1 2.55868E-1 2.03885E-1 1.81836E-1 1.71592E-1 1.57164E-1 1.5422E-1 1.44072E-1 1.52913E-1 1.61646E-1 1.63569E-1 1.70745E-1 1.75293E-1 1.84657E-1 1.86716E-1 1.84519E-1 1.90459E-1 1.8789E-1 1.91558E-1 1.96706E-1 2.03038E-1 2.12286E-1 2.21821E-1 2.43614E-1 2.55027E-1 2.60048E-1 2.56115E-1 2.45704E-1 2.53649E-1 2.50551E-1 2.4908E-1 2.31888E-1 2.37624E-1 2.3944E-1 2.32051E-1 2.2491E-1 2.15096E-1 2.25272E-1 2.30788E-1 2.29344E-1 2.29013E-1 2.23475E-1 2.23204E-1 2.218E-1 2.22088E-1 2.16661E-1 2.22132E-1 2.24494E-1 2.23675E-1 2.20875E-1 2.18663E-1 2.077E-1 2.0454E-1 2.00586E-1 1.99774E-1 1.96192E-1 1.94889E-1 1.95189E-1 1.93402E-1 1.95298E-1
1.9037E-1 2.09838E-1 2.39689E-1 2.55687E-1 1.88267E-1 1.61737E-1 1.54033E-1 1.49763E-1 1.56272E-1 1.66918E-1 1.72939E-1 1.76172E-1 1.87536E-1 1.98151E-1 2.00006E-1 1.90619E-1 1.88668E-1 1.84437E-1 1.93598E-1 2.06246E-1 2.2836E-1 2.21566E-1 2.21838E-1 2.3391E-1 2.34059E-1 2.31214E-1 2.41557E-1 2.44734E-1 2.39015E-1 2.38781E-1 2.37789E-1 2.38787E-1 2.33273E-1 2.38002E-1 2.45465E-1 2.32056E-1 2.28789E-1 2.24746E-1 2.35789E-1 2.34885E-1 2.29719E-1 2.25431E-1 2.26631E-1 2.2651E-1 2.28675E-1 2.2282E-1 2.19868E-1 2.17178E-1 2.19729E-1 2.20038E-1 2.16539E-1 2.15368E-1 2.15611E-1 2.10949E-1 2.10863E-1 2.10893E-1 2.0427E-1 2.05206E-1 2.03489E-1 2.01147E-1 2.04166E-1
1.30363E-1 2.06149E-1 2.16848E-1 2.3136E-1 2.43938E-1 1.8288E-1 1.59931E-1 1.65035E-1 1.67685E-1 1.85331E-1 1.8037E-1 1.863E-1 1.90685E-1 1.86869E-1 1.91957E-1 1.94972E-1 1.89381E-1 1.85114E-1 1.90326E-1 2.05381E-1 2.2073E-1 2.15603E-1 2.16065E-1 2.18845E-1 2.32881E-1 2.34213E-1 2.2026E-1 2.244E-1 2.19944E-1 2.1511E-1 2.24681E-1 2.25761E-1 2.15986E-1 2.17195E-1 2.27396E-1 2.35789E-1 2.49179E-1 2.55494E-1 2.52056E-1 2.51945E-1 2.4852E-1 2.35105E-1 2.2837E-1 2.28323E-1 2.2706E-1 2.19157E-1 2.09991E-1 2.12832E-1 2.20113E-1 2.22653E-1 2.20641E-1 2.17575E-1 2.18542E-1 2.18318E-1 2.14003E-1 2.09423E-1 2.11966E-1 2.16888E-1 2.23807E-1 2.1781E-1 2.16765E-1
1.21335E-1 1.27047E-1 1.95331E-1 2.16076E-1 2.29287E-1 2.08698E-1 1.78929E-1 1.85192E-1 1.74041E-1 1.7457E-1 1.85629E-1 1.81788E-1 1.84419E-1 1.91563E-1 1.86745E-1 1.8074E-1 1.68976E-1 1.89294E-1 1.83156E-1 1.88421E-1 1.93792E-1 2.09663E-1 2.28773E-1 2.10813E-1 2.47557E-1 2.51164E-1 2.26783E-1 2.22636E-1 2.20895E-1 2.23373E-1 2.35196E-1 2.5577E-1 2.24857E-1 2.15195E-1 2.155E-1 2.1985E-1 2.36499E-1 2.59373E-1 2.57862E-1 2.49421E-1 2.44867E-1 2.42335E-1 2.28511E-1 2.18016E-1 2.15061E-1 2.11141E-1 2.09816E-1 2.16542E-1 2.19414E-1 2.21163E-1 2.24518E-1 2.22531E-1 2.24066E-1 2.1574E-1 2.11564E-1 2.16966E-1 2.17143E-1 2.15206E-1 2.23327E-1 2.20471E-1 2.08718E-1
1.16566E-1 1.19145E-1 1.28627E-1 1.39111E-1 1.52858E-1 1.58753E-1 1.56719E-1 1.66414E-1 1.69334E-1 1.77575E-1 1.84193E-1 1.96089E-1 1.84849E-1 1.81231E-1 1.85003E-1 1.80654E-1 1.77012E-1 1.91834E-1 1.92905E-1 1.98222E-1 1.73326E-1 1.62165E-1 2.0036E-1 2.22768E-1 2.39883E-1 2.30686E-1 2.47495E-1 2.4631E-1 2.35817E-1 2.38475E-1 2.55093E-1 2.56661E-1 2.40546E-1 2.34844E-1 2.25204E-1 2.23208E-1 2.25328E-1 2.30617E-1 2.39862E-1 2.4372E-1 2.45738E-1 2.41697E-1 2.30723E-1 2.17915E-1 2.16468E-1 2.18175E-1 2.19456E-1 2.25473E-1 2.2696E-1 2.27266E-1 2.29392E-1 2.30661E-1 2.29976E-1 2.17168E-1 2.18433E-1 2.13092E-1 2.1175E-1 2.11961E-1 2.08738E-1 2.09061E-1 2.0462E-1
1.09886E-1 1.14008E-1 1.17134E-1 1.28216E-1 1.48342E-1 1.66931E-1 1.72992E-1 1.74668E-1 1.74459E-1 1.62416E-1 1.49578E-1 1.51184E-1 1.76157E-1 1.83361E-1 1.95693E-1 1.77875E-1 1.83758E-1 1.91438E-1 2.00042E-1 1.9429E-1 1.99917E-1 1.96558E-1 1.83546E-1 1.93103E-1 2.13466E-1 2.23334E-1 2.56948E-1 2.86881E-1 2.81562E-1 2.84585E-1 2.91271E-1 2.8705E-1 2.72176E-1 2.5581E-1 2.37937E-1 2.28638E-1 2.26123E-1 2.35098E-1 2.49678E-1 2.56566E-1 2.60596E-1 2.49659E-1 2.40163E-1 2.33326E-1 2.21195E-1 2.19422E-1 2.26761E-1 2.25679E-1 2.2668E-1 2.31344E-1 2.33576E-1 2.34634E-1 2.28388E-1 2.2222E-1 2.20645E-1 2.13009E-1 2.09579E-1 2.09838E-1 2.07274E-1 2.06362E-1 2.03346E-1
1.3249E-1 1.15517E-1 1.3402E-1 1.59271E-1 1.556E-1 1.59317E-1 1.52865E-1 1.56989E-1 1.6444E-1 1.6807E-1 1.66725E-1 1.67633E-1 1.79489E-1 1.76192E-1 1.84773E-1 1.88551E-1 1.80334E-1 1.77798E-1 2.02514E-1 1.95348E-1 2.06818E-1 2.10389E-1 2.0124E-1 1.89643E-1 1.91169E-1 2.01585E-1 2.54503E-1 2.82586E-1 2.84371E-1 2.8796E-1 2.91775E-1 2.84618E-1 2.66282E-1 2.58895E-1 2.54291E-1 2.46793E-1 2.40308E-1 2.40259E-1 2.46942E-1 2.57561E-1 2.58846E-1 2.53065E-1 2.38878E-1 2.38334E-1 2.24267E-1 2.23409E-1 2.31649E-1 2.34405E-1 2.4434E-1 2.46336E-1 2.45266E-1 2.41586E-1 2.31849E-1 2.23638E-1 2.21063E-1 2.22033E-1 2.15727E-1 2.10815E-1 2.10998E-1 2.10659E-1 2.04956E-1
1.42664E-1 1.38775E-1 1.52571E-1 1.6022E-1 1.67014E-1 1.57019E-1 1.51233E-1 1.59503E-1 1.56345E-1 1.53545E-1 1.57527E-1 1.63262E-1 1.7023E-1 1.79093E-1 2.02563E-1 2.0366E-1 1.99052E-1 1.91151E-1 1.9101E-1 1.95663E-1 2.07046E-1 2.10489E-1 2.08894E-1 2.00532E-1 1.94309E-1 2.1248E-1 2.61288E-1 2.68637E-1 2.80389E-1 2.80375E-1 2.89347E-1 2.78539E-1 2.72986E-1 2.69979E-1 2.60892E-1 2.60167E-1 2.61155E-1 2.5394E-1 2.59098E-1 2.63147E-1 2.6218E-1 2.52885E-1 2.40629E-1 2.4003E-1 2.3236E-1 2.35016E-1 2.42891E-1 2.50706E-1 2.58162E-1 2.59034E-1 2.52371E-1 2.45355E-1 2.33053E-1 2.28108E-1 2.28086E-1 2.32605E-1 2.29673E-1 2.20074E-1 2.12801E-1 2.06596E-1 2.05936E-1
1.42265E-1 1.40335E-1 1.65449E-1 1.74759E-1 1.7844E-1 1.73466E-1 1.64598E-1 1.51584E-1 1.58329E-1 1.49848E-1 1.471E-1 1.5291E-1 1.60787E-1 1.75144E-1 2.01722E-1 2.06594E-1 2.07553E-1 1.87144E-1 1.99037E-1 2.03546E-1 2.15703E-1 2.1414E-1 2.07134E-1 2.09095E-1 2.00154E-1 2.1193E-1 2.33576E-1 2.53004E-1 2.77771E-1 2.82903E-1 2.76832E-1 2.8597E-1 2.86948E-1 2.82735E-1 2.66928E-1 2.86113E-1 2.87571E-1 2.69016E-1 2.59174E-1 2.61661E-1 2.67336E-1 2.6004E-1 2.50111E-1 2.43759E-1 2.43448E-1 2.4933E-1 2.59853E-1 2.70905E-1 2.76434E-1 2.70209E-1 2.5542E-1 2.42425E-1 2.32706E-1 2.3115E-1 2.31884E-1 2.34291E-1 2.32301E-1 2.20498E-1 2.17612E-1 2.1675E-1 2.13314E-1
1.51988E-1 1.63196E-1 1.74618E-1 1.76962E-1 1.74527E-1 1.85574E-1 1.66339E-1 1.5708E-1 1.59074E-1 1.61016E-1 1.54877E-1 1.60107E-1 1.60864E-1 1.73402E-1 1.87357E-1 2.03349E-1 2.07123E-1 1.8216E-1 2.18747E-1 2.09939E-1 2.36201E-1 2.24776E-1 2.23111E-1 2.0913E-1 2.01631E-1 2.01932E-1 2.40141E-1 2.70327E-1 2.74465E-1 2.72414E-1 2.77209E-1 2.85215E-1 2.82888E-1 2.79622E-1 2.71768E-1 2.7186E-1 2.707E-1 2.76696E-1 2.74336E-1 2.61374E-1 2.5649E-1 2.60392E-1 2.55146E-1 2.52525E-1 2.54817E-1 2.63442E-1 2.74943E-1 2.89006E-1 2.88225E-1 2.71049E-1 2.56959E-1 2.45993E-1 2.35491E-1 2.34584E-1 2.36877E-1 2.30391E-1 2.27593E-1 2.2306E-1 2.21744E-1 2.25886E-1 2.21849E-1
1.64792E-1 1.68528E-1 1.81335E-1 1.9465E-1 1.84006E-1 1.68718E-1 1.72995E-1 1.57911E-1 1.60865E-1 1.63629E-1 1.66691E-1 1.72388E-1 1.74387E-1 1.69663E-1 1.75426E-1 1.83385E-1 1.84415E-1 1.76386E-1 2.07385E-1 2.44207E-1 2.50074E-1 2.50374E-1 2.32302E-1 2.09366E-1 2.05491E-1 2.05244E-1 2.35852E-1 2.61298E-1 2.60402E-1 2.61646E-1 2.6376E-1 2.77553E-1 2.70271E-1 2.6852E-1 2.73233E-1 2.68582E-1 2.71256E-1 2.72682E-1 2.67533E-1 2.68349E-1 2.66743E-1 2.64043E-1 2.56673E-1 2.55626E-1 2.65239E-1 2.71771E-1 2.819E-1 2.88478E-1 2.85547E-1 2.69697E-1 2.61349E-1 2.56176E-1 2.48343E-1 2.41342E-1 2.33911E-1 2.30307E-1 2.27973E-1 2.27976E-1 2.29777E-1 2.3275E-1 2.28768E-1
1.60877E-1 1.72248E-1 1.83715E-1 1.82244E-1 1.82868E-1 1.66497E-1 1.7069E-1 1.71848E-1 1.64645E-1 1.63067E-1 1.74937E-1 1.7204E-1 1.83519E-1 1.6538E-1 1.86197E-1 2.52258E-1 2.13246E-1 1.81357E-1 1.90026E-1 2.43377E-1 2.52397E-1 2.37534E-1 2.44225E-1 2.34688E-1 2.19537E-1 2.18185E-1 2.29566E-1 2.56241E-1 2.66696E-1 2.6739E-1 2.70823E-1 2.75098E-1 2.69555E-1 2.67694E-1 2.6769E-1 2.70105E-1 2.71943E-1 2.70134E-1 2.68468E-1 2.69453E-1 2.70182E-1 2.70228E-1 2.69822E-1 2.69452E-1 2.70245E-1 2.74092E-1 2.73134E-1 2.66963E-1 2.703E-1 2.62893E-1 2.55809E-1 2.52703E-1 2.47424E-1 2.41723E-1 2.33887E-1 2.31141E-1 2.2628E-1 2.27732E-1 2.3105E-1 2.31556E-1 2.2931E-1
1.76985E-1 1.83521E-1 1.89182E-1 1.78589E-1 1.89155E-1 1.7364E-1 1.77073E-1 1.77107E-1 1.72478E-1 1.67701E-1 1.58055E-1 1.63583E-1 1.71813E-1 1.65363E-1 1.792E-1 2.19849E-1 2.52255E-1 2.47684E-1 2.22267E-1 2.18002E-1 2.50031E-1 2.39011E-1 2.431E-1 2.52023E-1 2.39388E-1 2.33829E-1 2.42314E-1 2.6904E-1 2.8479E-1 2.83661E-1 2.84286E-1 2.73155E-1 2.66406E-1 2.56167E-1 2.59054E-1 2.64428E-1 2.71086E-1 2.74625E-1 2.79329E-1 2.68354E-1 2.68206E-1 2.7597E-1 2.77435E-1 2.74435E-1 2.71883E-1 2.68691E-1 2.68627E-1 2.69233E-1 2.65407E-1 2.5598E-1 2.48151E-1 2.46696E-1 2.41746E-1 2.4818E-1 2.46692E-1 2.41736E-1 2.35621E-1 2.31753E-1 2.27808E-1 2.29068E-1 2.33516E-1
1.9069E-1 1.89214E-1 1.85255E-1 1.87045E-1 1.94492E-1 1.8609E-1 1.72076E-1 1.76454E-1 1.71746E-1 1.58816E-1 1.74746E-1 1.83032E-1 1.85767E-1 2.12064E-1 1.88467E-1 2.00829E-1 2.3907E-1 2.55203E-1 2.49077E-1 2.18135E-1 2.20664E-1 2.53195E-1 2.37649E-1 2.51626E-1 2.66883E-1 2.69564E-1 2.90243E-1 3.04364E-1 2.96231E-1 2.94773E-1 2.86311E-1 2.73581E-1 2.53581E-1 2.53587E-1 2.61608E-1 2.63306E-1 2.71658E-1 2.71576E-1 2.74416E-1 2.70291E-1 2.68442E-1 2.69364E-1 2.72652E-1 2.7211E-1 2.70004E-1 2.674E-1 2.69106E-1 2.69307E-1 2.68926E-1 2.59528E-1 2.48494E-1 2.49657E-1 2.42355E-1 2.43322E-1 2.51709E-1 2.52775E-1 2.47672E-1 2.43432E-1 2.39923E-1 2.3622E-1 2.32634E-1
2.34698E-1 1.80469E-1 1.73991E-1 1.95283E-1 1.78798E-1 1.76252E-1 1.74885E-1 1.43915E-1 1.551E-1 1.67232E-1 1.87647E-1 1.97263E-1 1.87938E-1 2.35362E-1 2.38634E-1 2.3154E-1 2.09768E-1 2.40139E-1 2.4661E-1 2.00482E-1 2.01903E-1 2.09245E-1 2.62279E-1 2.56288E-1 2.74827E-1 2.86133E-1 2.95632E-1 2.79677E-1 2.7783E-1 2.7906E-1 2.80816E-1 2.68623E-1 2.54944E-1 2.53981E-1 2.59933E-1 2.60674E-1 2.64009E-1 2.64138E-1 2.58985E-1 2.61913E-1 2.6734E-1 2.6747E-1 2.63023E-1 2.67035E-1 2.72972E-1 2.70491E-1 2.72624E-1 2.7036E-1 2.72503E-1 2.62974E-1 2.5486E-1 2.54101E-1 2.53134E-1 2.53284E-1 2.52765E-1 2.48537E-1 2.4505E-1 2.45549E-1 2.47186E-1 2.48026E-1 2.45717E-1
1.78634E-1 1.51549E-1 1.57433E-1 1.8242E-1 2.12595E-1 1.99587E-1 1.8683E-1 1.60559E-1 1.50964E-1 1.52973E-1 1.67202E-1 1.75406E-1 1.7266E-1 1.62291E-1 1.74352E-1 2.02772E-1 1.60623E-1 2.50351E-1 2.28637E-1 1.97542E-1 1.97823E-1 2.03891E-1 2.61382E-1 2.64182E-1 2.67999E-1 3.062E-1 2.98425E-1 2.68604E-1 2.48668E-1 2.52786E-1 2.57591E-1 2.62034E-1 2.63345E-1 2.57341E-1 2.5565E-1 2.5489E-1 2.59504E-1 2.60509E-1 2.55811E-1 2.62436E-1 2.69391E-1 2.70201E-1 2.66969E-1 2.75414E-1 2.74585E-1 2.67579E-1 2.63246E-1 2.70181E-1 2.71012E-1 2.62119E-1 2.57446E-1 2.62827E-1 2.6417E-1 2.62048E-1 2.59058E-1 2.52574E-1 2.49409E-1 2.49583E-1 2.51658E-1 2.47055E-1 2.46007E-1
