maxent_outputs/red_flowers_linear/red_46.asc
ncols         426
nrows         180
xllcorner     -130.0
yllcorner     24.0
cellsize      0.16666666666666666
NODATA_value  -9999
[rows 54 to 80 of 180, columns 244 to 304 of 426]
2.37873E-2 2.45842E-2 3.03448E-2 3.03905E-2 3.16096E-2 2.79623E-2 2.77333E-2 3.05416E-2 3.29824E-2 5.60938E-2 6.04745E-2 5.67131E-2 4.96548E-2 9.20678E-2 9.64303E-2 9.31082E-2 9.02425E-2 8.42714E-2 7.80872E-2 6.0902E-2 5.26298E-2 4.67555E-2 4.89657E-2 5.31305E-2 4.92132E-2 3.57936E-2 2.94745E-2 3.16202E-2 2.98276E-2 3.01814E-2 3.22626E-2 3.64983E-2 3.72213E-2 3.9948E-2 4.1762E-2 5.10511E-2 7.49406E-2 8.4296E-2 8.26958E-2 7.95364E-2 7.49454E-2 7.22614E-2 6.78655E-2 6.55141E-2 6.35212E-2 6.68588E-2 6.89134E-2 5.45737E-2 2.9537E-2 3.3472E-2 4.6439E-2 5.48921E-2 5.23622E-2 5.30706E-2 4.73168E-2 3.94326E-2 2.76706E-2 2.02082E-2 1.61436E-2 1.69273E-2 1.46674E-2
2.68021E-2 2.8484E-2 2.83401E-2 2.62545E-2 2.85065E-2 2.95604E-2 2.9978E-2 3.52568E-2 5.00127E-2 6.18392E-2 4.17417E-2 4.16091E-2 7.26933E-2 9.76609E-2 9.41973E-2 9.02101E-2 8.37182E-2 7.93318E-2 6.91234E-2 4.98655E-2 4.122E-2 4.20293E-2 4.58166E-2 4.57194E-2 4.03593E-2 3.3432E-2 3.28247E-2 3.13175E-2 2.98341E-2 3.09332E-2 3.10193E-2 3.19055E-2 3.41512E-2 3.85862E-2 4.6555E-2 4.19031E-2 5.71255E-2 8.60619E-2 8.19033E-2 7.85167E-2 7.53747E-2 7.03033E-2 6.74182E-2 6.17976E-2 6.05489E-2 6.41993E-2 6.96986E-2 6.57842E-2 3.60049E-2 2.64195E-2 3.57287E-2 4.25666E-2 4.98222E-2 5.71541E-2 5.18747E-2 3.32564E-2 2.48543E-2 2.25753E-2 1.71714E-2 1.60514E-2 1.64022E-2
2.81095E-2 2.98212E-2 2.9515E-2 2.89661E-2 3.15313E-2 3.08528E-2 3.36655E-2 4.28811E-2 5.06508E-2 3.92843E-2 4.16157E-2 5.9202E-2 9.72178E-2 9.66292E-2 9.15751E-2 8.49504E-2 8.14978E-2 7.73051E-2 5.96324E-2 3.98655E-2 4.10025E-2 3.99857E-2 3.71448E-2 3.96981E-2 3.77618E-2 3.71935E-2 3.28459E-2 3.37923E-2 3.25741E-2 3.2812E-2 3.15437E-2 3.12088E-2 3.64116E-2 4.08562E-2 4.20922E-2 4.21596E-2 6.63863E-2 8.65513E-2 8.31358E-2 7.77398E-2 7.51537E-2 7.11815E-2 6.66301E-2 6.16231E-2 5.88058E-2 6.21436E-2 6.82663E-2 6.59309E-2 3.34152E-2 2.36563E-2 2.47794E-2 2.19287E-2 2.43837E-2 3.58249E-2 4.90702E-2 5.40898E-2 2.66509E-2 2.15065E-2 1.87367E-2 2.40125E-2 2.58232E-2
2.81583E-2 3.10146E-2 3.16562E-2 3.29677E-2 3.39463E-2 3.39012E-2 3.83278E-2 4.28389E-2 4.02454E-2 4.05705E-2 4.35028E-2 8.50882E-2 1.0162E-1 9.72848E-2 9.08877E-2 8.55804E-2 8.19475E-2 8.00444E-2 5.78786E-2 3.87993E-2 3.98826E-2 3.91577E-2 4.19851E-2 3.8572E-2 3.74885E-2 3.62968E-2 3.56782E-2 4.28989E-2 3.54707E-2 3.31323E-2 3.10622E-2 3.32028E-2 3.84313E-2 4.46331E-2 4.66573E-2 4.79362E-2 6.93777E-2 8.84038E-2 8.5312E-2 7.8473E-2 7.21752E-2 6.89019E-2 6.55266E-2 6.13001E-2 5.62845E-2 6.03862E-2 5.59947E-2 3.1978E-2 2.28439E-2 1.92975E-2 1.8597E-2 2.05884E-2 2.09998E-2 2.06176E-2 2.13395E-2 2.59469E-2 2.76238E-2 2.5723E-2 2.88104E-2 3.48964E-2 3.58078E-2
2.97886E-2 3.19554E-2 3.36167E-2 3.43927E-2 3.49001E-2 4.11127E-2 4.17042E-2 4.26614E-2 4.19898E-2 4.51032E-2 4.65279E-2 9.15247E-2 1.06394E-1 9.90563E-2 9.37926E-2 8.88418E-2 8.65499E-2 7.76952E-2 5.16003E-2 4.49278E-2 4.3175E-2 4.26044E-2 3.91733E-2 3.64756E-2 3.56323E-2 3.3604E-2 3.61142E-2 3.86825E-2 3.64756E-2 3.43894E-2 3.53723E-2 3.68961E-2 3.84E-2 4.27822E-2 5.08363E-2 7.17629E-2 8.82917E-2 9.3759E-2 8.91928E-2 8.22597E-2 7.33432E-2 6.95022E-2 6.46293E-2 5.84997E-2 5.53329E-2 5.75484E-2 3.56168E-2 1.98305E-2 1.91354E-2 1.76276E-2 1.94737E-2 1.75186E-2 1.72432E-2 1.75282E-2 1.66248E-2 2.38338E-2 2.76345E-2 2.68867E-2 3.02418E-2 3.15743E-2 2.9805E-2
3.19052E-2 3.33786E-2 3.73684E-2 4.16345E-2 3.95869E-2 5.76278E-2 3.98836E-2 4.07762E-2 4.22658E-2 4.78361E-2 6.98075E-2 1.06909E-1 1.09653E-1 1.02472E-1 9.75809E-2 9.41531E-2 8.71117E-2 6.17952E-2 4.40913E-2 4.2748E-2 4.15607E-2 3.96756E-2 4.03398E-2 3.64982E-2 3.66293E-2 3.5896E-2 3.63887E-2 3.80096E-2 3.91968E-2 4.07072E-2 4.01079E-2 4.09297E-2 4.32673E-2 5.13753E-2 7.01897E-2 1.00167E-1 9.1302E-2 7.72837E-2 6.2829E-2 6.60268E-2 7.41393E-2 7.08017E-2 6.61044E-2 6.0199E-2 5.87617E-2 4.55311E-2 2.50524E-2 1.88318E-2 1.73766E-2 1.88953E-2 1.9666E-2 1.6504E-2 1.4362E-2 1.43115E-2 1.93826E-2 2.43995E-2 2.93264E-2 2.83647E-2 2.97974E-2 2.88749E-2 2.72723E-2
3.1964E-2 3.35947E-2 3.39125E-2 3.5938E-2 3.80107E-2 5.48221E-2 4.06681E-2 3.97481E-2 4.35316E-2 5.52858E-2 1.07204E-1 1.12309E-1 1.09896E-1 1.05894E-1 1.02492E-1 9.92216E-2 8.81007E-2 6.11919E-2 4.47596E-2 4.40556E-2 4.28263E-2 4.01717E-2 3.7291E-2 3.78028E-2 3.9384E-2 4.09185E-2 4.14331E-2 3.96552E-2 4.19568E-2 4.58569E-2 4.65574E-2 4.65086E-2 5.55502E-2 9.34817E-2 9.92412E-2 9.08614E-2 5.84379E-2 4.88616E-2 4.32579E-2 4.12671E-2 6.54294E-2 7.31316E-2 6.99607E-2 6.36193E-2 5.76786E-2 4.21137E-2 2.42773E-2 1.93043E-2 1.82226E-2 1.87508E-2 2.01564E-2 1.89307E-2 1.7688E-2 2.20745E-2 2.3743E-2 2.48263E-2 2.87554E-2 3.16207E-2 3.34107E-2 3.2684E-2 3.26001E-2
3.39875E-2 3.52148E-2 3.23977E-2 3.28171E-2 3.62704E-2 4.16329E-2 3.89527E-2 4.17704E-2 4.57095E-2 5.39457E-2 1.104E-1 1.14621E-1 1.11668E-1 1.08777E-1 1.04564E-1 1.0154E-1 8.8389E-2 5.8651E-2 4.45557E-2 4.23015E-2 4.42363E-2 3.97579E-2 3.68335E-2 3.71581E-2 3.95356E-2 3.9614E-2 4.08484E-2 4.11387E-2 4.53434E-2 4.87269E-2 5.07003E-2 5.12688E-2 6.92723E-2 1.04569E-1 9.4838E-2 6.05044E-2 5.0032E-2 4.82034E-2 4.41932E-2 4.13364E-2 5.6837E-2 7.78722E-2 7.32914E-2 6.98629E-2 6.16351E-2 4.34717E-2 2.4822E-2 1.9423E-2 1.89845E-2 2.00318E-2 2.12103E-2 2.15617E-2 2.17834E-2 2.5646E-2 2.66477E-2 2.71446E-2 3.21782E-2 3.68395E-2 4.32503E-2 4.42048E-2 4.80846E-2
3.19317E-2 3.11354E-2 3.25077E-2 3.35641E-2 3.80936E-2 3.68751E-2 4.13266E-2 4.49238E-2 4.72465E-2 7.12861E-2 1.20621E-1 1.182E-1 1.15567E-1 1.11324E-1 1.06395E-1 1.04088E-1 8.36916E-2 5.13766E-2 4.50792E-2 4.41824E-2 4.30081E-2 4.08572E-2 3.97515E-2 3.8225E-2 3.94566E-2 4.117E-2 4.24662E-2 4.50808E-2 4.89359E-2 5.38125E-2 5.49121E-2 5.06261E-2 5.6459E-2 5.9599E-2 5.62198E-2 5.18368E-2 5.12484E-2 5.28698E-2 5.00188E-2 4.6391E-2 6.10771E-2 8.45858E-2 7.88684E-2 7.30613E-2 6.47352E-2 4.89299E-2 2.55617E-2 1.91843E-2 1.77073E-2 1.94341E-2 2.44107E-2 2.47209E-2 2.6277E-2 2.76408E-2 2.87631E-2 2.88659E-2 3.42933E-2 4.23238E-2 5.94821E-2 8.34943E-2 9.68588E-2
2.9566E-2 3.11998E-2 3.34659E-2 3.43519E-2 3.84625E-2 3.80854E-2 4.28362E-2 4.62925E-2 5.24063E-2 1.12647E-1 1.28662E-1 1.22194E-1 1.17207E-1 1.10979E-1 1.0698E-1 1.08326E-1 1.01217E-1 7.07059E-2 5.61481E-2 5.05503E-2 4.6072E-2 4.61199E-2 4.43743E-2 3.91199E-2 3.93439E-2 4.04748E-2 4.33913E-2 4.41399E-2 4.42543E-2 4.54133E-2 4.86225E-2 5.59735E-2 5.80425E-2 5.07656E-2 5.09665E-2 5.66279E-2 5.65691E-2 5.6367E-2 5.41768E-2 5.14584E-2 5.31357E-2 8.74861E-2 8.36424E-2 7.63997E-2 7.00659E-2 5.12648E-2 2.90556E-2 2.08382E-2 1.80625E-2 2.00602E-2 2.47429E-2 2.67411E-2 2.71063E-2 3.10849E-2 3.30737E-2 3.12148E-2 3.51795E-2 5.38023E-2 1.03727E-1 1.20557E-1 1.24967E-1
2.84521E-2 3.0835E-2 3.35891E-2 3.45085E-2 3.78457E-2 3.90179E-2 4.1775E-2 4.49039E-2 5.73803E-2 1.27929E-1 1.2826E-1 1.20932E-1 1.16364E-1 1.13764E-1 1.12255E-1 1.0876E-1 1.07555E-1 8.8505E-2 6.57348E-2 5.46644E-2 4.75177E-2 4.51355E-2 4.4361E-2 4.35561E-2 4.43072E-2 4.2447E-2 4.28346E-2 4.36532E-2 4.43723E-2 4.79539E-2 5.31185E-2 5.33366E-2 5.37905E-2 5.26769E-2 5.0074E-2 5.37634E-2 5.70476E-2 5.66027E-2 5.63093E-2 5.30942E-2 5.20452E-2 8.88698E-2 8.58736E-2 7.41682E-2 5.27548E-2 3.65718E-2 3.02295E-2 2.41551E-2 2.18096E-2 2.38661E-2 2.62241E-2 2.93004E-2 3.18739E-2 3.50749E-2 3.98515E-2 3.5371E-2 4.17113E-2 5.51344E-2 7.34396E-2 9.07167E-2 9.65802E-2
3.1172E-2 3.09771E-2 3.40285E-2 3.55574E-2 3.84676E-2 4.24487E-2 4.3487E-2 4.92664E-2 5.73344E-2 1.23087E-1 1.25278E-1 1.20481E-1 1.1961E-1 1.16447E-1 1.14173E-1 1.1218E-1 1.12303E-1 1.06748E-1 8.26865E-2 6.01331E-2 5.07993E-2 4.92105E-2 5.14279E-2 4.77222E-2 4.6228E-2 4.42625E-2 4.4047E-2 4.74274E-2 5.02095E-2 4.90867E-2 4.84761E-2 4.91983E-2 4.93388E-2 5.3755E-2 5.3057E-2 5.91513E-2 5.93539E-2 5.66921E-2 5.31835E-2 5.31194E-2 5.02106E-2 6.85435E-2 6.87515E-2 4.43158E-2 3.47614E-2 3.26756E-2 2.95138E-2 2.78465E-2 2.96269E-2 3.0367E-2 3.08299E-2 3.26109E-2 3.5157E-2 3.90402E-2 4.44181E-2 4.2988E-2 4.00214E-2 3.89653E-2 4.12565E-2 4.83641E-2 5.62465E-2
3.17806E-2 3.19557E-2 3.53275E-2 3.72438E-2 3.90441E-2 4.07648E-2 4.27043E-2 4.77086E-2 5.10356E-2 1.04897E-1 1.21788E-1 1.20844E-1 1.1957E-1 1.18796E-1 1.15962E-1 1.16914E-1 1.16565E-1 1.14015E-1 9.2254E-2 6.07879E-2 5.42155E-2 5.43599E-2 5.32478E-2 5.09879E-2 4.83493E-2 4.49487E-2 4.61041E-2 4.69192E-2 5.03255E-2 5.14752E-2 5.08523E-2 5.12251E-2 4.89748E-2 5.38093E-2 5.44354E-2 5.43649E-2 5.5644E-2 5.31458E-2 5.05308E-2 4.90268E-2 5.08287E-2 4.88426E-2 4.01003E-2 3.70177E-2 3.48077E-2 3.26178E-2 3.00662E-2 3.24581E-2 3.21273E-2 3.22735E-2 3.29859E-2 3.39263E-2 3.44159E-2 3.66335E-2 4.03989E-2 4.2568E-2 4.35504E-2 4.77522E-2 5.12019E-2 5.49463E-2 6.38043E-2
3.01608E-2 3.42128E-2 3.4874E-2 3.67099E-2 3.71757E-2 3.78117E-2 4.38541E-2 4.56225E-2 4.6382E-2 7.41479E-2 1.17606E-1 1.23691E-1 1.19655E-1 1.21771E-1 1.20014E-1 1.1692E-1 1.1801E-1 1.14862E-1 9.35447E-2 5.91831E-2 4.86843E-2 4.73583E-2 4.6573E-2 5.03559E-2 5.02688E-2 4.68843E-2 4.6902E-2 4.83628E-2 5.16151E-2 5.1271E-2 4.76838E-2 4.83805E-2 5.00306E-2 5.14384E-2 5.28663E-2 5.39068E-2 5.37609E-2 5.35205E-2 5.20683E-2 5.19827E-2 4.98434E-2 4.40063E-2 4.15283E-2 3.82826E-2 3.68929E-2 3.60566E-2 3.56934E-2 3.55898E-2 3.60184E-2 3.6911E-2 3.7692E-2 3.72476E-2 3.72662E-2 4.00377E-2 5.57396E-2 7.58654E-2 8.59001E-2 1.00771E-1 1.0625E-1 1.05734E-1 1.08207E-1
3.35997E-2 3.68437E-2 3.67624E-2 3.57924E-2 3.8796E-2 3.99683E-2 4.3896E-2 4.67135E-2 4.88325E-2 8.88181E-2 1.18674E-1 1.23583E-1 1.21937E-1 1.1845E-1 1.17231E-1 1.14417E-1 1.17418E-1 1.16332E-1 8.44321E-2 5.77185E-2 4.96166E-2 4.51408E-2 4.70905E-2 5.25517E-2 5.16014E-2 4.96309E-2 4.74966E-2 4.80923E-2 4.85029E-2 4.76202E-2 4.62306E-2 4.71218E-2 4.89726E-2 4.82888E-2 5.02442E-2 5.60978E-2 5.60267E-2 5.57236E-2 5.40774E-2 6.98643E-2 6.25321E-2 4.65854E-2 4.11644E-2 4.05125E-2 3.87189E-2 4.07748E-2 4.38083E-2 6.43638E-2 8.11665E-2 8.17116E-2 7.50676E-2 6.75753E-2 5.59564E-2 6.19491E-2 7.59007E-2 8.64315E-2 1.06002E-1 1.11681E-1 1.15203E-1 1.09015E-1 9.08935E-2
3.75431E-2 4.05939E-2 3.86968E-2 3.6546E-2 3.64879E-2 4.05535E-2 4.59235E-2 5.12279E-2 5.27393E-2 9.37043E-2 1.20694E-1 1.21088E-1 1.20625E-1 1.17828E-1 1.15218E-1 1.13661E-1 1.10786E-1 1.04738E-1 7.35048E-2 5.22316E-2 4.69407E-2 4.57364E-2 4.65441E-2 4.9731E-2 4.90788E-2 5.01204E-2 4.81936E-2 4.89406E-2 4.97622E-2 5.00039E-2 4.91913E-2 4.89677E-2 4.99265E-2 4.65884E-2 4.51043E-2 5.04208E-2 5.62398E-2 5.59544E-2 5.72433E-2 8.31957E-2 7.36207E-2 5.07268E-2 3.97473E-2 4.17423E-2 4.26272E-2 5.34439E-2 8.75222E-2 1.07589E-1 1.0605E-1 1.01211E-1 9.85743E-2 9.62235E-2 9.28302E-2 9.67216E-2 1.00304E-1 9.99275E-2 1.04639E-1 1.03329E-1 8.9595E-2 5.98011E-2 4.25557E-2
3.93435E-2 4.29883E-2 4.15971E-2 3.99707E-2 4.00287E-2 4.19537E-2 4.706E-2 4.99514E-2 5.54858E-2 9.07199E-2 1.16864E-1 1.21371E-1 1.18233E-1 1.15267E-1 1.12772E-1 1.0818E-1 9.79652E-2 7.75492E-2 5.54762E-2 4.75262E-2 4.55148E-2 4.48761E-2 4.86073E-2 4.84954E-2 4.81033E-2 4.68793E-2 4.61803E-2 4.71552E-2 5.17599E-2 5.32014E-2 4.87808E-2 4.42201E-2 4.25901E-2 4.29559E-2 4.59058E-2 5.05259E-2 5.2703E-2 5.54988E-2 5.078E-2 4.71544E-2 4.38129E-2 4.13037E-2 4.42005E-2 6.03664E-2 8.21113E-2 1.06729E-1 1.13354E-1 1.12088E-1 1.1099E-1 1.05587E-1 1.02866E-1 9.98496E-2 9.64647E-2 9.64115E-2 9.83272E-2 8.99175E-2 6.92753E-2 4.45693E-2 3.28074E-2 3.18979E-2 2.84331E-2
4.1192E-2 4.07991E-2 4.08551E-2 3.98952E-2 3.83791E-2 4.00897E-2 4.53241E-2 4.8175E-2 5.15606E-2 5.81422E-2 9.81673E-2 1.15241E-1 1.15774E-1 1.1487E-1 1.10862E-1 1.03415E-1 8.00852E-2 5.0678E-2 4.61866E-2 4.36287E-2 4.48129E-2 4.58868E-2 4.68258E-2 4.71294E-2 4.66467E-2 4.60525E-2 4.46468E-2 4.34053E-2 4.55278E-2 4.71795E-2 4.68786E-2 4.49584E-2 4.21077E-2 4.14271E-2 4.55556E-2 5.01551E-2 5.76916E-2 6.47245E-2 5.87819E-2 5.09155E-2 4.54248E-2 5.96394E-2 8.81802E-2 1.04176E-1 1.07496E-1 1.13124E-1 1.17386E-1 1.15251E-1 1.13004E-1 1.1175E-1 1.0616E-1 1.01437E-1 9.52761E-2 8.27138E-2 6.09665E-2 4.34899E-2 3.19615E-2 2.52418E-2 2.37267E-2 2.90399E-2 2.8826E-2
4.07292E-2 4.08533E-2 4.0323E-2 4.00529E-2 3.96837E-2 4.10418E-2 4.40561E-2 4.637E-2 4.76146E-2 4.86274E-2 7.30501E-2 1.02152E-1 1.0689E-1 1.05912E-1 1.00949E-1 8.99241E-2 5.78492E-2 4.56914E-2 4.3119E-2 4.3053E-2 4.45541E-2 4.70957E-2 4.81109E-2 4.69966E-2 4.46951E-2 4.41092E-2 4.22468E-2 4.12356E-2 4.08755E-2 4.17142E-2 4.36273E-2 4.23737E-2 4.17467E-2 4.31397E-2 4.69664E-2 5.23535E-2 7.92251E-2 1.07859E-1 9.37241E-2 9.14399E-2 7.98285E-2 9.33632E-2 1.01499E-1 1.05554E-1 1.08974E-1 1.1278E-1 1.16616E-1 1.19744E-1 1.1732E-1 1.0615E-1 8.81682E-2 6.84979E-2 5.19908E-2 4.68943E-2 3.59135E-2 3.15412E-2 2.98243E-2 2.64946E-2 2.60989E-2 2.6295E-2 2.67364E-2
4.05142E-2 4.05994E-2 4.18719E-2 4.06914E-2 4.08871E-2 4.2231E-2 4.20666E-2 4.5724E-2 4.81719E-2 4.79296E-2 5.42329E-2 7.49945E-2 9.30104E-2 8.18304E-2 6.62732E-2 5.4607E-2 4.54675E-2 4.23203E-2 4.63748E-2 4.60447E-2 4.59363E-2 4.61243E-2 4.57126E-2 4.53067E-2 4.34307E-2 4.38508E-2 4.1259E-2 4.00795E-2 4.0749E-2 4.15629E-2 4.31278E-2 4.23237E-2 4.08885E-2 4.55944E-2 5.26622E-2 6.51599E-2 9.23358E-2 1.07218E-1 1.02008E-1 9.47467E-2 9.74468E-2 1.04043E-1 1.00078E-1 1.02E-1 1.03333E-1 1.07496E-1 1.10134E-1 9.39394E-2 7.67806E-2 5.67209E-2 4.81806E-2 4.13309E-2 3.82361E-2 3.68271E-2 3.1679E-2 2.98614E-2 2.87914E-2 2.80665E-2 2.75204E-2 2.79594E-2 2.7132E-2
3.96819E-2 4.08045E-2 4.31342E-2 4.28275E-2 4.33243E-2 4.20819E-2 4.24066E-2 4.8147E-2 4.5618E-2 4.86205E-2 5.18022E-2 5.26989E-2 5.47338E-2 5.19646E-2 4.64678E-2 4.1859E-2 4.05919E-2 4.16061E-2 4.41895E-2 4.33049E-2 4.63264E-2 4.45786E-2 4.28527E-2 4.37781E-2 4.30838E-2 4.15779E-2 4.14976E-2 4.02403E-2 4.11799E-2 4.23349E-2 4.25404E-2 4.17436E-2 4.35726E-2 5.03736E-2 5.43446E-2 5.25495E-2 5.6173E-2 7.26909E-2 9.09801E-2 8.49342E-2 1.1022E-1 1.02689E-1 9.92034E-2 8.84412E-2 8.89532E-2 9.19146E-2 7.59217E-2 5.50394E-2 4.20204E-2 3.66696E-2 4.19005E-2 4.00838E-2 4.04097E-2 4.05497E-2 3.36074E-2 3.05847E-2 2.85756E-2 2.95674E-2 3.01456E-2 3.02226E-2 2.68757E-2
4.30004E-2 4.44997E-2 4.49199E-2 4.56088E-2 4.25976E-2 4.60796E-2 5.05347E-2 4.74822E-2 4.31598E-2 4.55857E-2 4.68497E-2 4.81679E-2 4.83907E-2 4.64459E-2 4.26628E-2 4.1785E-2 4.1185E-2 4.30104E-2 4.19858E-2 4.27294E-2 4.21858E-2 4.61733E-2 4.3061E-2 4.37355E-2 4.28063E-2 4.40719E-2 4.36173E-2 4.27951E-2 4.27299E-2 4.42121E-2 4.36745E-2 4.56286E-2 4.65346E-2 4.86178E-2 5.12178E-2 5.31305E-2 5.22541E-2 5.75791E-2 6.36263E-2 6.50744E-2 7.61831E-2 7.21986E-2 6.10848E-2 5.56307E-2 5.40577E-2 5.34899E-2 5.08006E-2 4.56773E-2 3.93003E-2 3.83422E-2 4.57449E-2 4.72475E-2 4.35295E-2 4.1272E-2 3.52186E-2 3.19902E-2 3.24361E-2 3.297E-2 3.11498E-2 2.76663E-2 2.48209E-2
4.84787E-2 4.60164E-2 4.57978E-2 4.39673E-2 4.80178E-2 4.61256E-2 5.27466E-2 4.86134E-2 4.56064E-2 4.59193E-2 4.51301E-2 4.51937E-2 4.74999E-2 4.83995E-2 4.72485E-2 4.53833E-2 4.51503E-2 4.53308E-2 4.28311E-2 4.34469E-2 4.39433E-2 4.51878E-2 4.23394E-2 4.32187E-2 4.37519E-2 4.63181E-2 4.60012E-2 4.46925E-2 4.4647E-2 4.66691E-2 4.49761E-2 4.38053E-2 4.49614E-2 4.62334E-2 5.05474E-2 4.95163E-2 4.79436E-2 5.05787E-2 4.90639E-2 4.93959E-2 5.13379E-2 4.81734E-2 4.60077E-2 4.63394E-2 4.53581E-2 4.20189E-2 4.71932E-2 4.36205E-2 3.94172E-2 4.37041E-2 4.74151E-2 4.9865E-2 4.55171E-2 4.32053E-2 3.66639E-2 3.23605E-2 3.23014E-2 3.29079E-2 2.88711E-2 2.71695E-2 2.54131E-2
4.52282E-2 4.0223E-2 4.01049E-2 4.30157E-2 4.20374E-2 4.37138E-2 4.46733E-2 4.42997E-2 4.65648E-2 4.62226E-2 4.57242E-2 4.63306E-2 4.6801E-2 4.84786E-2 4.74975E-2 4.42332E-2 4.58227E-2 4.34616E-2 4.41421E-2 4.41337E-2 4.50425E-2 4.32123E-2 4.31225E-2 4.31311E-2 4.56373E-2 4.76502E-2 4.52297E-2 4.4332E-2 4.4283E-2 4.74617E-2 4.75333E-2 4.71544E-2 4.55191E-2 4.63716E-2 4.74598E-2 4.63155E-2 4.65394E-2 4.68042E-2 4.66232E-2 4.72882E-2 4.50374E-2 4.51117E-2 4.44205E-2 4.41194E-2 4.07519E-2 4.01922E-2 4.44489E-2 4.18083E-2 3.99364E-2 4.35388E-2 4.69298E-2 4.75495E-2 4.55089E-2 4.34906E-2 3.72558E-2 3.45532E-2 3.33405E-2 3.31456E-2 3.23562E-2 2.77771E-2 2.51241E-2
4.09578E-2 3.78467E-2 3.91243E-2 4.30252E-2 4.51213E-2 4.26529E-2 4.24442E-2 4.23759E-2 4.32897E-2 4.52835E-2 4.55613E-2 4.68403E-2 4.82382E-2 4.77349E-2 4.82124E-2 4.60176E-2 4.51051E-2 4.45561E-2 4.41019E-2 4.38528E-2 4.50554E-2 4.44482E-2 4.51321E-2 4.52705E-2 4.34897E-2 4.335E-2 4.41975E-2 4.42267E-2 4.42687E-2 4.53388E-2 4.74828E-2 4.77501E-2 4.67594E-2 4.50593E-2 4.57616E-2 4.67076E-2 4.91619E-2 4.63889E-2 4.53593E-2 4.37744E-2 4.32391E-2 4.29549E-2 4.19436E-2 4.25707E-2 4.1782E-2 4.16489E-2 4.20922E-2 3.98271E-2 3.81139E-2 4.14917E-2 4.0014E-2 4.06995E-2 4.05068E-2 4.14118E-2 4.03805E-2 3.83509E-2 3.51382E-2 3.46767E-2 3.39102E-2 3.12178E-2 2.67233E-2
4.01935E-2 4.16105E-2 4.07754E-2 4.35431E-2 4.58405E-2 4.51452E-2 4.30565E-2 4.31633E-2 4.41601E-2 4.65582E-2 4.59442E-2 4.53872E-2 4.62031E-2 4.76725E-2 4.83994E-2 4.8132E-2 4.58303E-2 4.62108E-2 4.57062E-2 4.62346E-2 4.51066E-2 4.42147E-2 4.49218E-2 4.30233E-2 4.29242E-2 4.22463E-2 4.31797E-2 4.33343E-2 4.46126E-2 4.55214E-2 4.97446E-2 5.03224E-2 4.61435E-2 4.25235E-2 4.41057E-2 4.75568E-2 4.92069E-2 4.70601E-2 4.43471E-2 4.26042E-2 4.08105E-2 4.19768E-2 4.03958E-2 4.41878E-2 4.44764E-2 4.05043E-2 4.12773E-2 4.12098E-2 3.98634E-2 4.00016E-2 3.8178E-2 4.02374E-2 4.29481E-2 4.28237E-2 4.30378E-2 4.05204E-2 3.76335E-2 3.62012E-2 3.74061E-2 3.21467E-2 2.96231E-2
4.45614E-2 4.4782E-2 4.4588E-2 4.41672E-2 4.42711E-2 4.35487E-2 4.33106E-2 4.36002E-2 4.35849E-2 4.59773E-2 4.49288E-2 4.54107E-2 4.63151E-2 4.80055E-2 4.88789E-2 4.95516E-2 4.5726E-2 4.45365E-2 4.30198E-2 4.2125E-2 4.22007E-2 4.2351E-2 4.2111E-2 4.18889E-2 4.14861E-2 4.16856E-2 4.29981E-2 4.21759E-2 4.63819E-2 5.17658E-2 4.79015E-2 4.6074E-2 4.46962E-2 4.19718E-2 4.31776E-2 4.59018E-2 4.94675E-2 4.75881E-2 4.46257E-2 3.96571E-2 3.78343E-2 3.76548E-2 3.96519E-2 4.19408E-2 4.5029E-2 4.09552E-2 4.16997E-2 4.25436E-2 4.37502E-2 4.2263E-2 4.10169E-2 4.2936E-2 4.46529E-2 4.52564E-2 4.61546E-2 4.39988E-2 4.30021E-2 4.13153E-2 3.86548E-2 3.48034E-2 3.07936E-2
