maxent_outputs/red_flowers_linear/red_170.asc
ncols         426
nrows         180
xllcorner     -130.0
yllcorner     24.0
cellsize      0.16666666666666666
NODATA_value  -9999
[rows 27 to 53 of 180, columns 244 to 304 of 426]
2.75474E-1 2.69997E-1 2.89994E-1 3.24881E-1 3.57755E-1 3.84856E-1 3.67854E-1 3.19161E-1 3.15965E-1 3.14014E-1 3.06888E-1 3.2157E-1 3.24029E-1 3.17723E-1 3.69325E-1 3.22219E-1 3.1225E-1 3.04733E-1 3.06335E-1 3.04329E-1 2.94948E-1 2.99449E-1 3.08831E-1 2.93192E-1 2.88091E-1 3.08924E-1 2.9148E-1 2.86813E-1 2.85141E-1 2.77352E-1 2.80178E-1 2.80814E-1 2.86483E-1 2.89342E-1 2.93351E-1 2.86899E-1 2.84379E-1 2.89613E-1 2.87664E-1 2.88393E-1 2.88104E-1 2.88185E-1 2.96541E-1 2.94915E-1 2.83225E-1 2.80806E-1 2.86662E-1 2.93324E-1 2.97366E-1 2.96555E-1 2.92619E-1 3.01452E-1 3.05075E-1 3.0555E-1 3.06951E-1 3.02501E-1 2.8942E-1 2.84456E-1 2.8352E-1 2.82268E-1 2.82782E-1
2.81495E-1 2.87694E-1 2.9231E-1 2.80774E-1 2.85731E-1 3.08543E-1 3.08298E-1 3.10702E-1 3.19092E-1 3.11038E-1 2.99453E-1 3.31986E-1 3.15944E-1 3.34138E-1 3.14488E-1 3.05244E-1 3.13655E-1 3.28428E-1 3.15162E-1 3.09796E-1 3.16412E-1 3.01478E-1 3.05566E-1 3.14334E-1 3.11194E-1 3.0987E-1 2.95312E-1 2.91515E-1 2.89774E-1 2.83673E-1 2.81682E-1 2.8803E-1 2.84483E-1 2.89059E-1 2.88177E-1 2.87196E-1 2.87698E-1 2.87808E-1 2.77924E-1 2.80251E-1 2.88925E-1 2.87752E-1 2.90796E-1 2.91713E-1 2.93206E-1 2.94508E-1 2.93519E-1 2.93397E-1 3.01315E-1 2.97529E-1 2.91508E-1 2.97851E-1 3.02594E-1 2.9498E-1 3.01233E-1 3.0035E-1 2.89352E-1 2.86731E-1 2.94818E-1 2.85083E-1 2.92869E-1
2.86901E-1 2.90417E-1 2.9558E-1 2.94424E-1 2.93232E-1 3.04198E-1 3.29543E-1 3.26696E-1 3.17533E-1 3.26013E-1 3.45902E-1 3.54482E-1 3.39121E-1 3.44343E-1 3.09043E-1 3.1518E-1 3.51298E-1 3.60408E-1 3.43794E-1 3.2452E-1 3.0822E-1 3.15029E-1 3.13972E-1 3.3165E-1 3.36537E-1 3.19561E-1 3.01229E-1 3.02146E-1 2.99234E-1 3.01277E-1 3.02322E-1 2.9423E-1 2.90901E-1 2.91648E-1 2.88954E-1 2.94874E-1 2.97096E-1 3.05819E-1 2.98027E-1 2.95636E-1 3.05179E-1 2.91942E-1 2.88636E-1 2.92269E-1 2.94611E-1 3.0136E-1 2.98969E-1 2.91589E-1 2.94139E-1 2.91594E-1 2.87945E-1 2.92369E-1 2.94116E-1 2.97001E-1 3.00834E-1 3.01558E-1 2.95701E-1 3.01923E-1 3.09449E-1 2.93046E-1 2.92804E-1
2.86809E-1 2.88687E-1 3.05326E-1 3.05971E-1 3.07467E-1 3.15489E-1 3.63088E-1 4.11208E-1 4.10806E-1 4.4649E-1 4.36043E-1 4.04145E-1 3.88135E-1 3.89032E-1 3.98737E-1 3.6243E-1 3.56712E-1 3.72449E-1 3.6184E-1 3.53706E-1 3.28504E-1 3.39255E-1 3.33521E-1 3.22254E-1 3.19551E-1 3.07288E-1 3.19814E-1 3.1815E-1 3.08185E-1 3.38071E-1 3.06743E-1 3.03066E-1 2.99328E-1 2.94914E-1 2.98686E-1 3.08833E-1 2.98384E-1 2.90552E-1 2.96708E-1 3.01327E-1 3.00031E-1 2.99923E-1 2.92021E-1 2.88816E-1 2.90739E-1 2.9866E-1 2.97291E-1 2.91644E-1 2.90815E-1 2.93789E-1 2.88481E-1 2.93805E-1 2.87472E-1 2.93904E-1 2.98325E-1 3.36844E-1 3.35393E-1 3.11874E-1 3.11537E-1 2.92484E-1 2.92642E-1
3.02814E-1 2.96394E-1 3.13195E-1 3.18121E-1 3.33283E-1 3.85027E-1 3.50706E-1 4.0319E-1 4.63535E-1 5.23776E-1 5.83003E-1 6.1413E-1 5.72313E-1 5.30065E-1 5.49546E-1 5.44215E-1 5.08045E-1 4.94167E-1 3.9601E-1 3.52483E-1 3.34828E-1 3.45314E-1 3.5714E-1 3.21011E-1 3.202E-1 3.30458E-1 3.31309E-1 3.33687E-1 3.1278E-1 3.20569E-1 3.14923E-1 3.16271E-1 3.13644E-1 3.01584E-1 3.07744E-1 3.09799E-1 3.11832E-1 3.01701E-1 2.96453E-1 3.03469E-1 2.94992E-1 3.00629E-1 2.97678E-1 2.96783E-1 2.95381E-1 2.8973E-1 2.91611E-1 2.91424E-1 2.91466E-1 2.95048E-1 2.9797E-1 2.89159E-1 2.94056E-1 3.03372E-1 3.10429E-1 3.43366E-1 3.55775E-1 3.24821E-1 3.47166E-1 3.01594E-1 2.92283E-1
3.2785E-1 3.50857E-1 3.93868E-1 3.92512E-1 4.23E-1 4.43115E-1 5.66702E-1 6.5982E-1 7.13278E-1 7.26657E-1 7.3817E-1 7.46299E-1 7.44672E-1 7.32664E-1 7.22363E-1 7.31413E-1 7.17148E-1 6.95626E-1 5.06326E-1 3.76144E-1 3.5825E-1 3.39952E-1 3.34923E-1 3.33018E-1 3.36056E-1 3.54126E-1 3.3407E-1 3.27981E-1 3.44744E-1 3.26143E-1 3.34624E-1 3.13162E-1 3.1841E-1 3.15631E-1 3.08872E-1 3.0965E-1 3.11524E-1 3.05915E-1 3.10813E-1 3.07568E-1 3.06483E-1 2.98339E-1 2.99272E-1 3.0024E-1 3.03869E-1 2.99274E-1 3.05493E-1 2.96535E-1 2.92192E-1 2.93797E-1 3.09355E-1 2.97057E-1 2.90609E-1 2.92528E-1 2.97057E-1 2.97066E-1 3.2029E-1 3.30392E-1 3.39767E-1 3.25261E-1 3.11045E-1
3.58039E-1 5.14969E-1 5.25532E-1 4.60563E-1 5.46818E-1 6.45055E-1 7.03181E-1 7.18223E-1 7.31217E-1 7.38405E-1 7.48689E-1 7.5928E-1 7.61189E-1 7.58658E-1 7.60741E-1 7.5847E-1 7.42742E-1 7.24522E-1 6.3854E-1 4.26222E-1 3.84137E-1 3.73326E-1 3.5976E-1 3.60317E-1 3.56741E-1 3.55478E-1 3.42785E-1 3.45949E-1 3.37723E-1 3.41792E-1 3.55761E-1 3.45307E-1 3.3693E-1 3.5765E-1 3.43685E-1 3.33767E-1 3.28966E-1 3.11513E-1 3.20733E-1 3.15702E-1 3.08286E-1 3.03204E-1 3.08381E-1 3.06259E-1 3.11141E-1 3.1243E-1 3.06818E-1 3.05166E-1 3.03308E-1 3.10041E-1 3.17704E-1 3.09024E-1 3.10679E-1 3.1186E-1 3.03794E-1 3.03024E-1 3.21583E-1 3.1958E-1 3.25347E-1 3.31803E-1 3.39953E-1
4.5683E-1 5.38193E-1 6.09284E-1 6.54123E-1 6.71867E-1 6.69758E-1 7.02694E-1 7.25883E-1 7.36957E-1 7.46668E-1 7.5931E-1 7.67254E-1 7.70159E-1 7.69662E-1 7.69473E-1 7.68403E-1 7.60701E-1 7.46339E-1 7.11558E-1 5.04336E-1 4.02849E-1 3.92549E-1 3.81229E-1 3.66751E-1 3.64145E-1 3.67946E-1 3.62014E-1 3.59475E-1 3.52679E-1 3.46656E-1 3.66964E-1 3.67845E-1 3.49075E-1 3.40701E-1 3.33556E-1 3.36161E-1 3.40972E-1 3.2053E-1 3.12706E-1 3.15667E-1 3.22692E-1 3.15862E-1 3.17555E-1 3.11736E-1 3.13381E-1 3.16746E-1 3.12747E-1 3.14892E-1 3.14283E-1 3.16652E-1 3.12267E-1 3.09648E-1 3.24533E-1 3.22712E-1 3.27981E-1 3.27215E-1 3.27775E-1 3.28103E-1 3.38186E-1 3.48007E-1 3.37405E-1
6.18854E-1 6.51015E-1 5.85325E-1 5.42696E-1 5.44116E-1 6.42059E-1 7.01873E-1 7.29683E-1 7.43346E-1 7.58624E-1 7.71901E-1 7.77414E-1 7.78887E-1 7.78371E-1 7.77472E-1 7.75495E-1 7.72898E-1 7.62741E-1 7.39947E-1 6.55392E-1 5.06485E-1 4.22958E-1 4.08144E-1 4.11113E-1 3.99779E-1 4.0022E-1 4.06431E-1 3.78403E-1 3.75448E-1 3.82135E-1 3.66519E-1 3.66666E-1 3.65524E-1 3.48909E-1 3.48751E-1 3.60644E-1 3.57915E-1 3.42201E-1 3.21169E-1 3.32979E-1 3.34852E-1 3.33395E-1 3.46251E-1 3.247E-1 3.20253E-1 3.11751E-1 3.14552E-1 3.24043E-1 3.18434E-1 3.23765E-1 3.25043E-1 3.31154E-1 3.38857E-1 3.25928E-1 3.26248E-1 3.31082E-1 3.2896E-1 3.37776E-1 3.4627E-1 3.41956E-1 3.38595E-1
6.16946E-1 5.12946E-1 5.5561E-1 6.24767E-1 6.71449E-1 6.93687E-1 7.11522E-1 7.29675E-1 7.48158E-1 7.67451E-1 7.76482E-1 7.78689E-1 7.7856E-1 7.80714E-1 7.70405E-1 7.701E-1 7.70579E-1 7.63925E-1 7.50229E-1 7.23555E-1 7.07939E-1 6.27058E-1 5.96604E-1 5.97105E-1 6.22817E-1 6.4537E-1 5.62253E-1 4.30792E-1 3.9788E-1 3.78972E-1 3.7674E-1 3.53752E-1 3.78312E-1 3.69155E-1 3.68756E-1 3.65742E-1 3.66908E-1 3.40222E-1 3.37725E-1 3.40584E-1 3.3743E-1 3.39279E-1 3.28586E-1 3.22613E-1 3.27515E-1 3.23008E-1 3.3829E-1 3.42568E-1 3.40984E-1 3.41076E-1 3.4096E-1 3.41216E-1 3.31333E-1 3.24516E-1 3.30879E-1 3.26197E-1 3.17188E-1 3.35577E-1 3.40307E-1 3.44375E-1 3.4267E-1
6.5758E-1 6.43153E-1 6.77356E-1 6.82517E-1 6.9069E-1 7.05535E-1 7.1675E-1 7.30764E-1 7.50643E-1 7.60071E-1 7.64686E-1 7.66921E-1 7.77165E-1 7.83078E-1 7.73448E-1 7.72525E-1 7.71592E-1 7.67524E-1 7.59534E-1 7.45224E-1 6.4794E-1 5.71471E-1 6.31433E-1 7.22631E-1 7.15392E-1 7.03991E-1 5.11516E-1 4.33145E-1 3.98057E-1 3.93537E-1 3.98074E-1 3.80974E-1 3.66512E-1 3.58992E-1 3.77059E-1 3.52633E-1 3.47029E-1 3.31126E-1 3.42411E-1 3.51009E-1 3.44352E-1 3.29702E-1 3.49447E-1 3.56849E-1 3.41443E-1 3.31327E-1 3.42096E-1 3.50537E-1 3.39325E-1 3.4856E-1 3.43374E-1 3.37134E-1 3.35242E-1 3.33411E-1 3.34026E-1 3.33434E-1 3.20633E-1 3.14763E-1 3.2612E-1 3.28813E-1 3.40873E-1
6.64093E-1 6.7294E-1 6.7819E-1 6.82306E-1 6.97566E-1 6.98246E-1 7.04895E-1 6.80407E-1 6.77852E-1 7.07519E-1 7.29813E-1 7.46093E-1 7.63608E-1 7.76367E-1 7.723E-1 7.71219E-1 7.71309E-1 7.66636E-1 7.59244E-1 7.5196E-1 7.50325E-1 7.33183E-1 7.38385E-1 7.3476E-1 7.25477E-1 6.9703E-1 5.14582E-1 4.56222E-1 4.15868E-1 4.10749E-1 3.99518E-1 3.91644E-1 3.66924E-1 3.74399E-1 3.80258E-1 3.58729E-1 3.55166E-1 3.45584E-1 3.42483E-1 3.41596E-1 3.45027E-1 3.39183E-1 3.48929E-1 3.41177E-1 3.43595E-1 3.45845E-1 3.42797E-1 3.48694E-1 3.47813E-1 3.40328E-1 3.48337E-1 3.55178E-1 3.46114E-1 3.50773E-1 3.50349E-1 3.44829E-1 3.38281E-1 3.2575E-1 3.38125E-1 3.32495E-1 3.49219E-1
6.6217E-1 6.65449E-1 6.56608E-1 6.63034E-1 6.58781E-1 6.02319E-1 5.25239E-1 5.12177E-1 5.35083E-1 5.63942E-1 6.38712E-1 6.95541E-1 7.39063E-1 7.6453E-1 7.63613E-1 7.67616E-1 7.68647E-1 7.65648E-1 7.58299E-1 7.54469E-1 7.58045E-1 7.34731E-1 7.61496E-1 7.57046E-1 7.43085E-1 7.20303E-1 6.71511E-1 5.91641E-1 4.80205E-1 4.25983E-1 4.05506E-1 4.00157E-1 3.84394E-1 3.87402E-1 3.8945E-1 3.91873E-1 3.73505E-1 3.73299E-1 3.68916E-1 3.79724E-1 3.72891E-1 3.58232E-1 3.47595E-1 3.53153E-1 3.39818E-1 3.43489E-1 3.47287E-1 3.42753E-1 3.31965E-1 3.3885E-1 3.47983E-1 3.7163E-1 3.6789E-1 3.67632E-1 3.67255E-1 3.64357E-1 3.60668E-1 3.50945E-1 3.83745E-1 3.41657E-1 3.36385E-1
6.53057E-1 6.46257E-1 6.233E-1 5.89077E-1 5.14506E-1 4.60565E-1 4.68903E-1 5.46214E-1 6.15334E-1 6.50575E-1 6.56673E-1 6.70149E-1 6.98614E-1 7.34076E-1 7.46543E-1 7.56766E-1 7.60028E-1 7.60163E-1 7.55834E-1 7.52313E-1 7.63348E-1 7.60786E-1 7.68777E-1 7.65422E-1 7.57056E-1 7.39214E-1 7.15089E-1 6.62614E-1 5.2256E-1 4.37925E-1 4.20563E-1 3.9401E-1 3.92378E-1 3.94042E-1 4.05032E-1 4.0315E-1 3.93691E-1 3.80758E-1 3.72927E-1 3.74336E-1 3.85549E-1 3.79011E-1 3.87212E-1 3.72435E-1 3.51749E-1 3.45364E-1 3.61491E-1 3.48044E-1 3.53153E-1 3.6941E-1 3.62581E-1 3.70415E-1 3.7584E-1 3.66785E-1 3.80823E-1 3.71254E-1 3.70583E-1 3.64112E-1 3.71349E-1 3.69906E-1 3.46556E-1
6.19577E-1 5.88398E-1 5.31906E-1 4.71477E-1 4.32392E-1 4.54083E-1 5.60883E-1 6.28617E-1 6.44566E-1 6.50324E-1 6.56858E-1 6.69608E-1 6.89E-1 7.10549E-1 7.27818E-1 7.43888E-1 7.48379E-1 7.46017E-1 7.44461E-1 7.43971E-1 7.57019E-1 7.62495E-1 7.65018E-1 7.62227E-1 7.54529E-1 7.38933E-1 7.11277E-1 5.88986E-1 4.65185E-1 4.36849E-1 4.19479E-1 4.04032E-1 4.0643E-1 4.16398E-1 4.15443E-1 4.03159E-1 4.00365E-1 3.90079E-1 3.74342E-1 3.67521E-1 3.87364E-1 3.85154E-1 3.7151E-1 3.73777E-1 3.64318E-1 3.55568E-1 3.74775E-1 3.78876E-1 3.80673E-1 3.78978E-1 3.57076E-1 3.60384E-1 3.70825E-1 3.68599E-1 3.8237E-1 3.99054E-1 3.76055E-1 3.7331E-1 3.7324E-1 3.87906E-1 3.71192E-1
4.82274E-1 4.53566E-1 4.40208E-1 4.29469E-1 4.19675E-1 4.82607E-1 5.17875E-1 5.10985E-1 5.30841E-1 5.83114E-1 6.40322E-1 6.7044E-1 6.81016E-1 6.9473E-1 7.14521E-1 7.3183E-1 7.29766E-1 7.25669E-1 7.28242E-1 7.25212E-1 7.27089E-1 7.40155E-1 7.39472E-1 7.2866E-1 7.18423E-1 7.08872E-1 6.98482E-1 6.22237E-1 5.45303E-1 4.7972E-1 4.40177E-1 4.2511E-1 4.22776E-1 4.23755E-1 4.30874E-1 4.14201E-1 4.19952E-1 4.17885E-1 4.02716E-1 3.84365E-1 3.91287E-1 3.97973E-1 3.77724E-1 3.82676E-1 3.96078E-1 3.85189E-1 3.88829E-1 3.78349E-1 3.79466E-1 3.7718E-1 3.72899E-1 3.77624E-1 3.81607E-1 3.80661E-1 3.95085E-1 4.1148E-1 3.91432E-1 3.75283E-1 3.74341E-1 3.72364E-1 3.93056E-1
4.13011E-1 3.99626E-1 4.09421E-1 4.14777E-1 4.18294E-1 4.37993E-1 4.41175E-1 4.45662E-1 4.50933E-1 4.79216E-1 5.13645E-1 6.49022E-1 6.70599E-1 6.77197E-1 6.90556E-1 7.00772E-1 6.94782E-1 6.93201E-1 6.79555E-1 6.55056E-1 6.17694E-1 6.18174E-1 6.51914E-1 5.94397E-1 5.55336E-1 5.2618E-1 6.2331E-1 6.57371E-1 5.92591E-1 4.83949E-1 4.32043E-1 4.25658E-1 4.30466E-1 4.2709E-1 4.29316E-1 4.21731E-1 4.18268E-1 4.2395E-1 4.18005E-1 4.21403E-1 4.10562E-1 4.02824E-1 4.12904E-1 4.06567E-1 4.08084E-1 4.08051E-1 3.98979E-1 3.85674E-1 3.84525E-1 3.8153E-1 3.83484E-1 4.69119E-1 4.07344E-1 3.941E-1 3.80569E-1 3.82381E-1 3.93275E-1 3.84353E-1 3.73332E-1 3.71542E-1 3.8051E-1
3.85878E-1 3.96298E-1 3.96236E-1 4.08546E-1 3.93049E-1 3.99559E-1 4.04463E-1 4.096E-1 4.15846E-1 4.33888E-1 4.60016E-1 5.19999E-1 6.3576E-1 6.26104E-1 6.47384E-1 6.50293E-1 6.36875E-1 5.94982E-1 5.19729E-1 4.88664E-1 4.90181E-1 4.79922E-1 4.61951E-1 4.56236E-1 4.61152E-1 4.68442E-1 6.13952E-1 6.45164E-1 5.82374E-1 4.52906E-1 4.3185E-1 4.36012E-1 4.38935E-1 4.29247E-1 4.30574E-1 4.39336E-1 4.37315E-1 4.38856E-1 4.32476E-1 4.40575E-1 4.26898E-1 4.33329E-1 4.26409E-1 4.25679E-1 4.25469E-1 4.2432E-1 4.13279E-1 4.10961E-1 3.90619E-1 3.75559E-1 3.61414E-1 3.74083E-1 3.95753E-1 3.93068E-1 3.90274E-1 3.88529E-1 3.86529E-1 3.8844E-1 3.88013E-1 3.87961E-1 3.81778E-1
3.90635E-1 3.93143E-1 3.96343E-1 3.88139E-1 3.80541E-1 3.79402E-1 3.94433E-1 3.93885E-1 3.87993E-1 4.04339E-1 4.13251E-1 4.21169E-1 4.53785E-1 4.80078E-1 5.00717E-1 5.14966E-1 5.066E-1 4.89133E-1 4.67232E-1 4.38778E-1 4.34413E-1 4.62017E-1 4.50229E-1 4.48294E-1 4.61171E-1 4.66051E-1 4.93429E-1 4.91082E-1 4.74231E-1 4.30536E-1 4.34276E-1 4.36133E-1 4.3315E-1 4.25411E-1 4.24081E-1 4.33962E-1 4.32765E-1 4.36259E-1 4.4583E-1 4.37687E-1 4.41685E-1 4.46135E-1 4.24482E-1 4.25322E-1 4.20544E-1 4.19905E-1 4.15369E-1 4.18258E-1 4.0749E-1 3.9343E-1 3.84001E-1 3.93791E-1 4.05833E-1 3.97051E-1 3.93041E-1 4.01197E-1 4.0351E-1 3.98307E-1 3.90603E-1 3.84803E-1 3.86228E-1
3.81908E-1 3.82178E-1 3.94863E-1 3.847E-1 3.73642E-1 3.72777E-1 3.86891E-1 3.90146E-1 3.99326E-1 4.10414E-1 4.15757E-1 4.05807E-1 4.31509E-1 4.43711E-1 4.38083E-1 4.45981E-1 4.703E-1 4.73092E-1 4.43221E-1 4.3561E-1 4.68467E-1 4.9473E-1 4.74944E-1 4.61876E-1 4.81626E-1 4.74503E-1 4.53922E-1 4.52293E-1 4.24101E-1 4.27245E-1 4.42389E-1 4.56131E-1 4.48637E-1 5.05157E-1 5.24525E-1 5.09732E-1 4.83904E-1 4.55179E-1 4.55788E-1 4.62417E-1 4.41236E-1 4.45673E-1 4.36768E-1 4.29283E-1 4.30392E-1 4.25719E-1 4.32778E-1 4.4914E-1 4.533E-1 4.23915E-1 4.16799E-1 4.10745E-1 4.1411E-1 4.1071E-1 4.12561E-1 4.27534E-1 4.42959E-1 4.54073E-1 4.64669E-1 4.1141E-1 3.86729E-1
3.65047E-1 3.8009E-1 3.85403E-1 3.81233E-1 3.69874E-1 3.78882E-1 3.78545E-1 3.87336E-1 3.98948E-1 4.03465E-1 4.07399E-1 4.04803E-1 4.19053E-1 4.31151E-1 4.37129E-1 4.52663E-1 4.64953E-1 4.66273E-1 4.61152E-1 4.64833E-1 4.83293E-1 5.03053E-1 5.09204E-1 5.43547E-1 5.29387E-1 5.1028E-1 4.95227E-1 4.91614E-1 4.88267E-1 4.59613E-1 4.47999E-1 4.6242E-1 4.91462E-1 5.02243E-1 5.19695E-1 5.94641E-1 6.05817E-1 5.95867E-1 5.83915E-1 5.82893E-1 5.69743E-1 5.48218E-1 5.26098E-1 5.02289E-1 4.73304E-1 4.68362E-1 4.71473E-1 4.5932E-1 4.48419E-1 4.37325E-1 4.28266E-1 4.18017E-1 4.2398E-1 4.2294E-1 4.23183E-1 4.1893E-1 4.16269E-1 4.16417E-1 4.1508E-1 3.97543E-1 3.96171E-1
3.64916E-1 3.77709E-1 3.88163E-1 3.90908E-1 3.90228E-1 3.89704E-1 3.7876E-1 3.81204E-1 3.92878E-1 3.96745E-1 3.99398E-1 4.04425E-1 4.11054E-1 4.27385E-1 4.35327E-1 4.60338E-1 4.73875E-1 4.67005E-1 5.38346E-1 5.77428E-1 5.73751E-1 6.01082E-1 6.20624E-1 6.17118E-1 6.09173E-1 5.9807E-1 5.39752E-1 5.15351E-1 5.51103E-1 5.84476E-1 6.00824E-1 6.10537E-1 6.03295E-1 5.71727E-1 5.48967E-1 5.33532E-1 5.3691E-1 5.36517E-1 5.1129E-1 5.34579E-1 5.12111E-1 4.9564E-1 4.96895E-1 5.21469E-1 4.74168E-1 5.47258E-1 5.82275E-1 6.083E-1 5.71745E-1 5.33638E-1 5.09757E-1 4.38542E-1 4.34218E-1 4.37887E-1 4.371E-1 4.31876E-1 4.26159E-1 4.24043E-1 4.24462E-1 4.17405E-1 4.21831E-1
3.59399E-1 3.6846E-1 3.87138E-1 3.83865E-1 3.86175E-1 3.8326E-1 3.78995E-1 3.78151E-1 3.80919E-1 3.88746E-1 3.91508E-1 4.04169E-1 4.17987E-1 4.64691E-1 4.96895E-1 5.22136E-1 5.11618E-1 5.81988E-1 6.43158E-1 6.68006E-1 6.64456E-1 6.30205E-1 5.53411E-1 5.59125E-1 6.1938E-1 5.8304E-1 5.2549E-1 5.04289E-1 5.0393E-1 5.23829E-1 6.28349E-1 6.61126E-1 6.71343E-1 6.76306E-1 6.78793E-1 6.72724E-1 6.70954E-1 6.51435E-1 6.36647E-1 6.40135E-1 6.08548E-1 5.26581E-1 5.08397E-1 5.05031E-1 5.24293E-1 5.18102E-1 5.99431E-1 6.86539E-1 6.84266E-1 6.77131E-1 6.74038E-1 6.34797E-1 4.6194E-1 4.48435E-1 4.62057E-1 4.574E-1 4.39607E-1 4.36716E-1 4.34825E-1 4.35432E-1 4.3637E-1
3.69532E-1 3.69296E-1 3.80201E-1 3.92193E-1 3.87602E-1 3.85615E-1 3.78967E-1 3.78063E-1 3.85686E-1 3.92696E-1 3.95605E-1 4.19877E-1 4.90689E-1 5.8016E-1 5.8676E-1 5.69951E-1 5.88977E-1 6.56821E-1 6.64445E-1 6.66444E-1 6.58644E-1 6.44843E-1 5.77803E-1 6.20597E-1 6.34953E-1 5.48608E-1 4.93243E-1 4.82826E-1 4.79403E-1 4.75795E-1 4.97539E-1 5.6881E-1 6.33383E-1 6.6222E-1 6.68913E-1 6.74771E-1 6.82316E-1 6.85843E-1 6.80094E-1 6.97182E-1 7.00372E-1 6.96373E-1 6.6682E-1 6.03262E-1 5.81727E-1 5.8694E-1 6.87104E-1 6.85532E-1 6.95418E-1 6.92376E-1 6.90298E-1 6.88583E-1 6.19295E-1 5.01906E-1 4.7873E-1 4.71603E-1 4.54757E-1 4.52468E-1 4.48019E-1 4.37154E-1 4.46018E-1
3.81229E-1 3.76934E-1 3.8499E-1 3.88879E-1 3.91932E-1 3.90206E-1 3.80409E-1 3.79097E-1 3.82131E-1 3.93338E-1 4.00115E-1 4.42631E-1 5.53628E-1 5.84188E-1 5.47803E-1 5.85568E-1 6.40823E-1 6.60147E-1 6.62223E-1 6.61813E-1 6.33005E-1 6.26721E-1 6.53013E-1 6.48824E-1 6.19022E-1 5.51945E-1 4.96937E-1 4.83213E-1 4.83341E-1 4.70523E-1 4.71434E-1 4.74708E-1 4.8962E-1 5.41156E-1 5.99971E-1 6.4924E-1 6.69102E-1 6.77949E-1 6.8792E-1 6.88631E-1 6.93096E-1 6.97726E-1 7.03399E-1 7.04757E-1 6.87125E-1 6.58626E-1 6.99801E-1 7.01854E-1 7.04252E-1 7.03264E-1 7.03396E-1 6.99622E-1 6.91521E-1 6.13195E-1 5.10273E-1 5.18398E-1 4.73992E-1 4.62021E-1 4.64535E-1 4.54853E-1 4.55495E-1
3.71403E-1 3.66129E-1 3.85211E-1 3.84919E-1 3.88468E-1 3.88232E-1 3.86556E-1 3.8206E-1 3.87585E-1 4.07348E-1 4.32585E-1 5.16151E-1 5.57112E-1 5.18509E-1 5.72533E-1 6.29645E-1 6.45621E-1 6.53582E-1 6.55704E-1 6.43741E-1 6.47539E-1 6.47939E-1 6.0829E-1 5.9474E-1 5.15522E-1 5.05064E-1 4.82194E-1 4.86012E-1 4.57917E-1 4.60479E-1 4.49261E-1 4.57268E-1 4.6233E-1 4.64886E-1 4.88767E-1 5.33389E-1 6.37898E-1 6.67622E-1 6.75317E-1 6.79239E-1 6.83526E-1 6.9148E-1 6.96401E-1 6.98985E-1 7.01261E-1 6.7106E-1 6.35497E-1 6.42485E-1 6.79083E-1 7.0164E-1 7.01612E-1 7.01729E-1 7.01723E-1 6.93197E-1 6.05641E-1 5.51829E-1 4.92982E-1 4.92297E-1 4.92196E-1 4.79021E-1 4.6332E-1
3.75634E-1 3.68923E-1 3.91536E-1 3.94194E-1 4.04467E-1 3.85743E-1 3.83145E-1 3.81272E-1 3.93312E-1 4.24653E-1 4.94797E-1 5.64902E-1 4.92262E-1 5.3352E-1 6.25302E-1 6.36052E-1 6.4044E-1 6.47299E-1 6.48601E-1 5.9209E-1 6.12281E-1 5.97962E-1 5.41369E-1 5.70756E-1 5.0511E-1 4.80325E-1 4.64278E-1 4.5797E-1 4.46923E-1 4.52568E-1 4.52992E-1 4.58393E-1 4.55912E-1 4.68708E-1 4.85654E-1 5.09145E-1 5.7913E-1 6.53868E-1 6.6745E-1 6.70356E-1 6.7513E-1 6.83795E-1 6.89537E-1 6.94602E-1 6.98875E-1 6.98819E-1 6.6883E-1 5.87769E-1 6.37871E-1 6.97299E-1 7.01553E-1 7.07185E-1 7.07842E-1 7.0563E-1 7.0213E-1 6.17902E-1 5.2102E-1 5.06898E-1 5.23349E-1 4.9669E-1 4.69504E-1
