maxent_outputs/red_flowers_linear/red_182.asc
ncols         426
nrows         180
xllcorner     -130.0
yllcorner     24.0
cellsize      0.16666666666666666
NODATA_value  -9999
[rows 0 to 26 of 180, columns 122 to 182 of 426]
2.79112E-1 2.73885E-1 2.71768E-1 2.43975E-1 2.33172E-1 2.57667E-1 2.75374E-1 2.76E-1 2.57425E-1 2.48767E-1 2.38271E-1 2.36428E-1 2.3877E-1 2.36029E-1 2.34356E-1 2.28816E-1 2.34993E-1 2.36852E-1 2.46641E-1 2.52625E-1 2.52743E-1 2.40519E-1 2.28994E-1 2.2622E-1 2.14724E-1 2.14603E-1 2.13455E-1 2.1065E-1 2.09156E-1 2.06256E-1 2.05146E-1 2.04373E-1 2.02588E-1 1.98051E-1 1.96451E-1 1.96505E-1 1.95937E-1 1.94811E-1 1.96927E-1 1.96848E-1 2.00406E-1 1.99928E-1 1.99797E-1 1.99629E-1 2.01063E-1 2.04135E-1 2.04289E-1 2.04819E-1 2.06347E-1 2.05951E-1 1.99772E-1 2.00624E-1 1.98798E-1 1.94249E-1 1.97494E-1 2.08358E-1 2.1623E-1 2.07873E-1 2.11566E-1 2.17097E-1 2.0086E-1
2.5916E-1 2.54179E-1 2.50451E-1 2.4229E-1 2.41461E-1 2.46862E-1 2.50326E-1 2.49928E-1 2.69384E-1 2.70158E-1 2.47916E-1 2.41069E-1 2.32759E-1 2.43032E-1 2.48401E-1 2.31533E-1 2.26017E-1 2.26027E-1 2.39682E-1 2.44975E-1 2.44487E-1 2.34187E-1 2.29905E-1 2.23629E-1 2.20367E-1 2.23475E-1 2.21003E-1 2.10964E-1 2.12226E-1 2.09612E-1 2.11022E-1 2.12256E-1 2.13372E-1 2.1751E-1 2.06355E-1 1.98524E-1 2.00041E-1 2.01329E-1 2.01618E-1 2.04657E-1 2.06261E-1 2.02713E-1 2.0062E-1 1.98976E-1 2.02107E-1 2.08011E-1 2.08642E-1 2.06792E-1 2.00643E-1 1.84179E-1 1.89872E-1 2.04147E-1 2.07693E-1 2.05629E-1 2.04263E-1 2.07771E-1 2.20459E-1 2.15982E-1 2.05235E-1 2.04908E-1 1.98588E-1
2.31558E-1 2.3012E-1 2.28486E-1 2.29909E-1 2.44909E-1 2.44351E-1 2.54298E-1 2.50829E-1 2.56664E-1 2.63111E-1 2.62065E-1 2.38134E-1 2.29714E-1 2.35284E-1 2.45915E-1 2.33172E-1 2.24631E-1 2.22207E-1 2.23157E-1 2.31103E-1 2.31985E-1 2.3295E-1 2.2871E-1 2.23528E-1 2.096E-1 2.16667E-1 2.1471E-1 2.17193E-1 2.1474E-1 2.11795E-1 2.06158E-1 2.05586E-1 2.03923E-1 2.0209E-1 2.02332E-1 2.10107E-1 2.12228E-1 2.10555E-1 2.01873E-1 2.05193E-1 2.0493E-1 2.0898E-1 2.02903E-1 2.10183E-1 2.25223E-1 2.25857E-1 2.12755E-1 2.07044E-1 2.08787E-1 2.04553E-1 2.05773E-1 2.08535E-1 2.08433E-1 2.07709E-1 2.09354E-1 2.08914E-1 2.15113E-1 2.12661E-1 2.09599E-1 2.00512E-1 1.97952E-1
2.43461E-1 2.38947E-1 2.25818E-1 2.28918E-1 2.25741E-1 2.33016E-1 2.34776E-1 2.33431E-1 2.39202E-1 2.4325E-1 2.56493E-1 2.46826E-1 2.44277E-1 2.3513E-1 2.41865E-1 2.33911E-1 2.26057E-1 2.22253E-1 2.21486E-1 2.20362E-1 2.19578E-1 2.17161E-1 2.10566E-1 2.09469E-1 2.05152E-1 2.01046E-1 1.9782E-1 2.04701E-1 2.07751E-1 2.12591E-1 2.09406E-1 2.06186E-1 2.11248E-1 2.04849E-1 2.07681E-1 2.09471E-1 1.98782E-1 2.0752E-1 2.07635E-1 2.08288E-1 2.10003E-1 2.12743E-1 2.21348E-1 2.3904E-1 2.51092E-1 2.31645E-1 2.10412E-1 2.05576E-1 2.05753E-1 2.07246E-1 2.06576E-1 2.0468E-1 2.13409E-1 2.21807E-1 2.24198E-1 2.27158E-1 2.27839E-1 2.27676E-1 2.10699E-1 2.03902E-1 2.02574E-1
2.51097E-1 2.49213E-1 2.32599E-1 2.26445E-1 2.2165E-1 2.19884E-1 2.22713E-1 2.32369E-1 2.43611E-1 2.39651E-1 2.42964E-1 2.50826E-1 2.5127E-1 2.51143E-1 2.5123E-1 2.48478E-1 2.40373E-1 2.24138E-1 2.21732E-1 2.22161E-1 2.23553E-1 2.17392E-1 2.14543E-1 2.1344E-1 2.08341E-1 2.03892E-1 2.06164E-1 2.11111E-1 2.16115E-1 2.21865E-1 2.18777E-1 2.1715E-1 2.196E-1 2.09276E-1 1.98565E-1 2.00701E-1 2.05644E-1 2.10357E-1 2.14762E-1 2.19072E-1 2.20421E-1 2.26084E-1 2.22345E-1 2.31634E-1 2.44414E-1 2.23834E-1 2.07482E-1 2.05186E-1 2.07772E-1 2.08162E-1 2.07729E-1 2.11022E-1 2.06704E-1 2.07016E-1 2.17167E-1 2.24746E-1 2.36007E-1 2.34401E-1 2.22251E-1 2.17429E-1 2.17042E-1
2.54754E-1 2.60332E-1 2.46756E-1 2.41272E-1 2.32229E-1 2.25051E-1 2.16325E-1 2.39523E-1 2.34851E-1 2.34639E-1 2.35275E-1 2.41184E-1 2.47805E-1 2.58848E-1 2.70944E-1 2.69774E-1 2.42662E-1 2.27462E-1 2.28816E-1 2.27713E-1 2.31197E-1 2.28025E-1 2.19314E-1 2.14424E-1 2.12408E-1 2.09454E-1 2.07838E-1 2.08005E-1 2.08128E-1 2.09909E-1 2.12475E-1 2.10359E-1 2.15717E-1 2.13076E-1 2.03333E-1 2.04597E-1 2.0585E-1 2.19853E-1 2.31925E-1 2.3715E-1 2.3176E-1 2.24041E-1 2.29935E-1 2.34377E-1 2.3198E-1 2.18524E-1 2.0862E-1 2.08907E-1 2.17518E-1 2.21985E-1 2.19593E-1 2.34009E-1 2.33981E-1 2.31096E-1 2.34759E-1 2.30236E-1 2.29496E-1 2.27213E-1 2.21976E-1 2.08669E-1 2.13946E-1
2.84298E-1 2.69435E-1 2.69425E-1 2.60941E-1 2.43051E-1 2.34023E-1 2.26138E-1 2.17421E-1 2.14564E-1 2.19879E-1 2.21287E-1 2.25211E-1 2.37558E-1 2.45554E-1 2.52564E-1 2.58854E-1 2.35612E-1 2.29904E-1 2.32682E-1 2.32656E-1 2.3399E-1 2.34673E-1 2.26747E-1 2.20885E-1 2.2424E-1 2.23499E-1 2.26218E-1 2.18968E-1 2.10351E-1 2.06151E-1 2.08329E-1 2.16518E-1 2.21949E-1 2.24037E-1 2.17607E-1 2.18451E-1 2.21692E-1 2.20554E-1 2.21239E-1 2.19585E-1 2.19738E-1 2.2403E-1 2.24235E-1 2.20459E-1 2.18184E-1 2.12159E-1 2.14867E-1 2.18596E-1 2.33494E-1 2.41534E-1 2.36902E-1 2.32498E-1 2.5238E-1 2.49194E-1 2.28629E-1 2.39758E-1 2.43637E-1 2.4385E-1 2.33167E-1 2.22431E-1 2.13573E-1
2.6599E-1 2.75559E-1 2.72939E-1 2.58451E-1 2.56306E-1 2.52229E-1 2.56644E-1 2.34484E-1 2.29742E-1 2.26007E-1 2.23486E-1 2.23496E-1 2.22945E-1 2.29927E-1 2.37525E-1 2.34346E-1 2.29441E-1 2.2831E-1 2.33646E-1 2.33967E-1 2.33211E-1 2.27732E-1 2.29487E-1 2.31239E-1 2.29979E-1 2.30445E-1 2.31751E-1 2.31724E-1 2.25895E-1 2.20745E-1 2.24381E-1 2.32213E-1 2.38594E-1 2.37801E-1 2.33542E-1 2.2769E-1 2.22798E-1 2.21958E-1 2.15874E-1 2.07459E-1 2.05826E-1 2.17973E-1 2.20512E-1 2.15677E-1 2.16676E-1 2.30674E-1 2.35726E-1 2.40567E-1 2.50881E-1 2.61865E-1 2.5544E-1 2.33021E-1 2.38604E-1 2.41979E-1 2.23519E-1 2.34988E-1 2.27589E-1 2.36615E-1 2.42901E-1 2.323E-1 2.24549E-1
2.73135E-1 2.54621E-1 2.55173E-1 2.53385E-1 2.5827E-1 2.53302E-1 2.55514E-1 2.66766E-1 2.78246E-1 2.70694E-1 2.43062E-1 2.37791E-1 2.30037E-1 2.25809E-1 2.24324E-1 2.29865E-1 2.30195E-1 2.31729E-1 2.34572E-1 2.36854E-1 2.35594E-1 2.33949E-1 2.36342E-1 2.40036E-1 2.35998E-1 2.3367E-1 2.36831E-1 2.33307E-1 2.34668E-1 2.36174E-1 2.39303E-1 2.41113E-1 2.44776E-1 2.43102E-1 2.38754E-1 2.32872E-1 2.30562E-1 2.32237E-1 2.2714E-1 2.30795E-1 2.28778E-1 2.29684E-1 2.31009E-1 2.3393E-1 2.34943E-1 2.47017E-1 2.51003E-1 2.49745E-1 2.51312E-1 2.57319E-1 2.6595E-1 2.43602E-1 2.25804E-1 2.45414E-1 2.24612E-1 2.27195E-1 2.21884E-1 2.23078E-1 2.41951E-1 2.38432E-1 2.22798E-1
2.84809E-1 2.75214E-1 2.67092E-1 2.49672E-1 2.49204E-1 2.52255E-1 2.53513E-1 2.5955E-1 2.60615E-1 2.6904E-1 2.82241E-1 2.68448E-1 2.45063E-1 2.33219E-1 2.24797E-1 2.27649E-1 2.30219E-1 2.30738E-1 2.33325E-1 2.34724E-1 2.36683E-1 2.39545E-1 2.41589E-1 2.43876E-1 2.42201E-1 2.36831E-1 2.35834E-1 2.3667E-1 2.41489E-1 2.36559E-1 2.38026E-1 2.38316E-1 2.42642E-1 2.38536E-1 2.36077E-1 2.31506E-1 2.29554E-1 2.31737E-1 2.34909E-1 2.43661E-1 2.47715E-1 2.46287E-1 2.46048E-1 2.45188E-1 2.38904E-1 2.36008E-1 2.32972E-1 2.34951E-1 2.42797E-1 2.57355E-1 2.61308E-1 2.30598E-1 2.16643E-1 2.38803E-1 2.38645E-1 2.34114E-1 2.26048E-1 2.27878E-1 2.32245E-1 2.32166E-1 2.22604E-1
2.88624E-1 2.83481E-1 2.7587E-1 2.57347E-1 2.5494E-1 2.55642E-1 2.56989E-1 2.561E-1 2.52101E-1 2.54836E-1 2.66934E-1 2.87625E-1 2.54201E-1 2.40621E-1 2.34142E-1 2.30777E-1 2.31491E-1 2.32742E-1 2.34303E-1 2.40933E-1 2.42927E-1 2.49814E-1 2.51081E-1 2.49958E-1 2.44587E-1 2.37463E-1 2.36728E-1 2.36213E-1 2.38783E-1 2.42706E-1 2.38738E-1 2.34658E-1 2.37386E-1 2.38232E-1 2.35572E-1 2.32036E-1 2.26523E-1 2.29142E-1 2.40796E-1 2.48349E-1 2.47443E-1 2.41393E-1 2.3706E-1 2.45107E-1 2.4053E-1 2.35322E-1 2.39422E-1 2.46288E-1 2.36487E-1 2.32873E-1 2.22578E-1 2.11419E-1 2.13324E-1 2.32236E-1 2.29425E-1 2.24451E-1 2.22143E-1 2.39691E-1 2.33732E-1 2.26945E-1 2.20455E-1
2.8793E-1 2.84395E-1 2.75033E-1 2.61603E-1 2.60862E-1 2.64687E-1 2.65302E-1 2.63665E-1 2.63991E-1 2.62403E-1 2.65401E-1 2.69956E-1 2.55465E-1 2.45833E-1 2.43783E-1 2.38491E-1 2.36433E-1 2.36658E-1 2.35801E-1 2.42345E-1 2.44778E-1 2.45122E-1 2.46477E-1 2.42787E-1 2.39054E-1 2.35745E-1 2.34103E-1 2.34674E-1 2.35239E-1 2.38001E-1 2.37901E-1 2.36781E-1 2.34667E-1 2.34463E-1 2.34896E-1 2.34062E-1 2.26586E-1 2.27579E-1 2.28659E-1 2.34609E-1 2.37116E-1 2.25639E-1 2.22462E-1 2.1909E-1 2.2249E-1 2.22292E-1 2.31335E-1 2.27488E-1 2.11968E-1 1.99647E-1 2.06651E-1 2.17339E-1 2.41834E-1 2.48852E-1 2.32111E-1 2.26461E-1 2.26815E-1 2.37447E-1 2.33918E-1 2.21138E-1 2.22539E-1
2.73152E-1 2.72952E-1 2.64806E-1 2.62309E-1 2.57135E-1 2.62671E-1 2.65182E-1 2.71504E-1 2.79841E-1 2.86835E-1 2.74066E-1 2.60552E-1 2.50152E-1 2.46371E-1 2.44859E-1 2.40621E-1 2.38603E-1 2.39043E-1 2.33601E-1 2.43932E-1 2.47639E-1 2.46793E-1 2.4539E-1 2.45706E-1 2.44387E-1 2.3617E-1 2.31763E-1 2.35136E-1 2.33694E-1 2.36874E-1 2.37632E-1 2.54287E-1 2.48348E-1 2.57073E-1 2.48291E-1 2.35244E-1 2.37626E-1 2.30439E-1 2.24641E-1 2.31495E-1 2.34903E-1 2.31652E-1 2.20015E-1 2.16254E-1 2.14101E-1 2.19645E-1 2.19814E-1 2.21666E-1 2.16416E-1 2.15325E-1 2.37535E-1 2.59546E-1 2.67188E-1 2.6877E-1 2.47333E-1 2.35545E-1 2.1742E-1 2.23156E-1 2.27073E-1 2.18103E-1 2.07476E-1
2.61757E-1 2.61438E-1 2.65031E-1 2.579E-1 2.59974E-1 2.57444E-1 2.52911E-1 2.4844E-1 2.60113E-1 2.66926E-1 2.58544E-1 2.49895E-1 2.50786E-1 2.50664E-1 2.42187E-1 2.4388E-1 2.38889E-1 2.38336E-1 2.40262E-1 2.62113E-1 2.67386E-1 2.63125E-1 2.56753E-1 2.46539E-1 2.41966E-1 2.40029E-1 2.27926E-1 2.34323E-1 2.36392E-1 2.38182E-1 2.37064E-1 2.53452E-1 2.5472E-1 2.52541E-1 2.51865E-1 2.51183E-1 2.52201E-1 2.48613E-1 2.41504E-1 2.33721E-1 2.26972E-1 2.18612E-1 2.06745E-1 2.11875E-1 2.18607E-1 2.21539E-1 2.17338E-1 2.40436E-1 2.43702E-1 2.52404E-1 2.56847E-1 2.50578E-1 2.55997E-1 2.6473E-1 2.4408E-1 2.23269E-1 2.20403E-1 2.19595E-1 2.21134E-1 2.24748E-1 2.13092E-1
2.64847E-1 2.65714E-1 2.61602E-1 2.66608E-1 2.62855E-1 2.58749E-1 2.71145E-1 2.7156E-1 2.55906E-1 2.49733E-1 2.39892E-1 2.37429E-1 2.40257E-1 2.46738E-1 2.48647E-1 2.48174E-1 2.50087E-1 2.43263E-1 2.46033E-1 2.48118E-1 2.54385E-1 2.58777E-1 2.57096E-1 2.54162E-1 2.46698E-1 2.37279E-1 2.27502E-1 2.28205E-1 2.33391E-1 2.36033E-1 2.41413E-1 2.50559E-1 2.54118E-1 2.55042E-1 2.56767E-1 2.59434E-1 2.58462E-1 2.55011E-1 2.51101E-1 2.43691E-1 2.41656E-1 2.38961E-1 2.31902E-1 2.20038E-1 2.16808E-1 2.10399E-1 2.04529E-1 2.18765E-1 2.40348E-1 2.3873E-1 2.43104E-1 2.50035E-1 2.47512E-1 2.60941E-1 2.53076E-1 2.13729E-1 2.23505E-1 2.09355E-1 2.06577E-1 2.18516E-1 2.19591E-1
2.73425E-1 2.74593E-1 2.66401E-1 2.69372E-1 2.78076E-1 2.71919E-1 2.66305E-1 2.59019E-1 2.62556E-1 2.53762E-1 2.33455E-1 2.30993E-1 2.32915E-1 2.49835E-1 2.59356E-1 2.56793E-1 2.60355E-1 2.57674E-1 2.55879E-1 2.49232E-1 2.48668E-1 2.51014E-1 2.42459E-1 2.4735E-1 2.52319E-1 2.37236E-1 2.28333E-1 2.2347E-1 2.3252E-1 2.36317E-1 2.39761E-1 2.42325E-1 2.481E-1 2.53683E-1 2.59854E-1 2.60545E-1 2.60453E-1 2.5862E-1 2.5446E-1 2.52153E-1 2.4701E-1 2.38875E-1 2.34502E-1 2.28555E-1 2.19481E-1 2.28327E-1 2.16334E-1 2.11408E-1 2.01945E-1 2.03563E-1 2.16018E-1 2.42931E-1 2.52975E-1 2.62729E-1 2.50832E-1 2.10613E-1 2.0431E-1 2.00421E-1 2.21362E-1 2.12302E-1 1.98083E-1
2.72215E-1 2.76959E-1 2.73885E-1 2.65219E-1 2.64604E-1 2.65168E-1 2.56808E-1 2.52733E-1 2.53628E-1 2.50976E-1 2.50764E-1 2.43766E-1 2.53463E-1 2.62303E-1 2.67363E-1 2.67878E-1 2.64413E-1 2.60537E-1 2.53648E-1 2.50538E-1 2.42178E-1 2.50775E-1 2.47051E-1 2.38752E-1 2.44824E-1 2.31252E-1 2.40445E-1 2.34243E-1 2.36986E-1 2.36267E-1 2.36572E-1 2.37562E-1 2.53413E-1 2.53832E-1 2.544E-1 2.58934E-1 2.58652E-1 2.5622E-1 2.54546E-1 2.52683E-1 2.49632E-1 2.44259E-1 2.35582E-1 2.28224E-1 2.20175E-1 2.19928E-1 2.2041E-1 2.16491E-1 2.107E-1 2.12838E-1 2.11052E-1 2.22972E-1 2.33597E-1 2.32426E-1 2.20711E-1 2.0864E-1 2.0181E-1 2.08071E-1 2.26525E-1 2.41211E-1 2.14425E-1
2.6401E-1 2.64031E-1 2.63914E-1 2.68783E-1 2.73469E-1 2.63921E-1 2.49723E-1 2.39218E-1 2.6331E-1 2.56998E-1 2.65603E-1 2.72951E-1 2.6774E-1 2.64151E-1 2.64639E-1 2.63445E-1 2.60484E-1 2.65618E-1 2.60892E-1 2.47177E-1 2.42748E-1 2.53922E-1 2.56229E-1 2.41389E-1 2.39708E-1 2.32211E-1 2.41353E-1 2.37506E-1 2.44235E-1 2.43585E-1 2.36697E-1 2.34929E-1 2.40305E-1 2.44949E-1 2.4612E-1 2.52901E-1 2.54203E-1 2.55791E-1 2.55289E-1 2.51862E-1 2.48618E-1 2.43006E-1 2.35578E-1 2.30597E-1 2.21711E-1 2.2132E-1 2.22892E-1 2.21088E-1 2.16589E-1 2.17676E-1 2.19153E-1 2.28909E-1 2.30279E-1 2.19607E-1 2.1829E-1 2.17151E-1 2.14817E-1 2.16946E-1 2.21793E-1 2.30339E-1 2.23853E-1
2.63768E-1 2.65823E-1 2.67168E-1 2.6878E-1 2.72684E-1 2.69349E-1 2.65812E-1 2.54496E-1 2.65974E-1 2.58396E-1 2.65985E-1 2.77532E-1 2.7179E-1 2.67246E-1 2.69808E-1 2.68771E-1 2.7824E-1 2.65385E-1 2.56878E-1 2.5778E-1 2.50393E-1 2.45912E-1 2.449E-1 2.50425E-1 2.4466E-1 2.41374E-1 2.42273E-1 2.39714E-1 2.36531E-1 2.38001E-1 2.36444E-1 2.36127E-1 2.31911E-1 2.33617E-1 2.38933E-1 2.42924E-1 2.47266E-1 2.52703E-1 2.47078E-1 2.43842E-1 2.48815E-1 2.45067E-1 2.41383E-1 2.36696E-1 2.31619E-1 2.26348E-1 2.26023E-1 2.21586E-1 2.1608E-1 2.10169E-1 2.1752E-1 2.30082E-1 2.39979E-1 2.37881E-1 2.45836E-1 2.5364E-1 2.4788E-1 2.55635E-1 2.62157E-1 2.41547E-1 2.16168E-1
2.82966E-1 2.7311E-1 2.66279E-1 2.6898E-1 2.70878E-1 2.76274E-1 2.76116E-1 2.71672E-1 2.68935E-1 2.71847E-1 2.63288E-1 2.60995E-1 2.66916E-1 2.76966E-1 2.78129E-1 2.85739E-1 2.83593E-1 2.74293E-1 2.70249E-1 2.63656E-1 2.55421E-1 2.57628E-1 2.55892E-1 2.51204E-1 2.51558E-1 2.48872E-1 2.48045E-1 2.45814E-1 2.41937E-1 2.39826E-1 2.44583E-1 2.50091E-1 2.43672E-1 2.41544E-1 2.41835E-1 2.38773E-1 2.42041E-1 2.4009E-1 2.45878E-1 2.51009E-1 2.541E-1 2.50309E-1 2.46866E-1 2.43745E-1 2.39252E-1 2.37358E-1 2.32319E-1 2.23244E-1 2.1924E-1 2.15844E-1 2.17616E-1 2.15011E-1 2.13694E-1 2.13864E-1 2.31313E-1 2.32295E-1 2.30952E-1 2.43578E-1 2.53259E-1 2.55375E-1 2.46625E-1
2.69879E-1 2.64978E-1 2.48919E-1 2.54524E-1 2.59271E-1 2.72189E-1 2.79114E-1 2.76855E-1 2.76938E-1 2.79451E-1 2.80889E-1 2.77343E-1 2.8021E-1 2.76816E-1 2.7065E-1 2.72195E-1 2.7161E-1 2.79163E-1 2.72512E-1 2.66949E-1 2.59315E-1 2.50495E-1 2.57368E-1 2.51811E-1 2.45715E-1 2.54024E-1 2.53671E-1 2.49176E-1 2.43053E-1 2.39206E-1 2.36646E-1 2.40734E-1 2.47495E-1 2.48173E-1 2.43246E-1 2.42239E-1 2.42632E-1 2.45178E-1 2.49088E-1 2.51318E-1 2.52615E-1 2.55785E-1 2.51919E-1 2.5058E-1 2.44042E-1 2.44017E-1 2.42776E-1 2.34263E-1 2.19436E-1 2.17111E-1 2.20057E-1 2.19618E-1 2.1658E-1 2.15396E-1 2.14984E-1 2.12491E-1 2.1615E-1 2.23928E-1 2.30194E-1 2.42987E-1 2.58251E-1
2.71676E-1 2.63331E-1 2.518E-1 2.48207E-1 2.55136E-1 2.67226E-1 2.73683E-1 2.7557E-1 2.77952E-1 2.78289E-1 2.76928E-1 2.82499E-1 2.83316E-1 2.77042E-1 2.6927E-1 2.71388E-1 2.70485E-1 2.63098E-1 2.59446E-1 2.62709E-1 2.66351E-1 2.55392E-1 2.6131E-1 2.65959E-1 2.49589E-1 2.42044E-1 2.45028E-1 2.33629E-1 2.28737E-1 2.24396E-1 2.25786E-1 2.32767E-1 2.34693E-1 2.3893E-1 2.41904E-1 2.40318E-1 2.46549E-1 2.54512E-1 2.54351E-1 2.55677E-1 2.57868E-1 2.59187E-1 2.55406E-1 2.50361E-1 2.45488E-1 2.44911E-1 2.45213E-1 2.4071E-1 2.32698E-1 2.20578E-1 2.21815E-1 2.22823E-1 2.24832E-1 2.22428E-1 2.14162E-1 2.10835E-1 2.17739E-1 2.20454E-1 2.22817E-1 2.26324E-1 2.44487E-1
2.65469E-1 2.55177E-1 2.51075E-1 2.55368E-1 2.58309E-1 2.66198E-1 2.75684E-1 2.81969E-1 2.8052E-1 2.86453E-1 2.93689E-1 2.94176E-1 2.95627E-1 2.8907E-1 2.8159E-1 2.80535E-1 2.77883E-1 2.70778E-1 2.58252E-1 2.5319E-1 2.58292E-1 2.5943E-1 2.62343E-1 2.7694E-1 2.87591E-1 2.68509E-1 2.44217E-1 2.32359E-1 2.24234E-1 2.23565E-1 2.23502E-1 2.21323E-1 2.23355E-1 2.35486E-1 2.40249E-1 2.43114E-1 2.4286E-1 2.49957E-1 2.52876E-1 2.56274E-1 2.58854E-1 2.59201E-1 2.5559E-1 2.4927E-1 2.45145E-1 2.43814E-1 2.43355E-1 2.42345E-1 2.39598E-1 2.33294E-1 2.29876E-1 2.25914E-1 2.23E-1 2.18059E-1 2.14904E-1 2.09767E-1 2.12363E-1 2.1705E-1 2.24126E-1 2.30893E-1 2.27416E-1
2.69792E-1 2.63271E-1 2.70248E-1 2.75916E-1 2.74653E-1 2.86329E-1 2.92326E-1 3.03318E-1 3.02425E-1 2.94821E-1 2.94519E-1 2.96637E-1 2.92972E-1 2.93319E-1 2.87209E-1 2.88288E-1 2.72024E-1 2.63469E-1 2.64406E-1 2.56441E-1 2.63125E-1 2.85423E-1 2.99845E-1 2.68139E-1 2.81072E-1 2.97576E-1 2.82619E-1 2.6694E-1 2.46809E-1 2.3198E-1 2.27799E-1 2.24821E-1 2.24721E-1 2.30341E-1 2.37582E-1 2.39169E-1 2.44546E-1 2.48272E-1 2.49648E-1 2.5299E-1 2.52486E-1 2.5242E-1 2.49529E-1 2.45242E-1 2.43499E-1 2.44342E-1 2.4202E-1 2.41158E-1 2.41537E-1 2.37233E-1 2.30483E-1 2.30206E-1 2.25924E-1 2.16245E-1 2.12657E-1 2.10918E-1 2.1358E-1 2.16694E-1 2.27064E-1 2.26245E-1 2.14697E-1
3.05213E-1 3.05144E-1 3.08129E-1 3.22237E-1 3.28706E-1 3.39701E-1 3.30528E-1 3.10848E-1 3.0481E-1 3.04037E-1 3.02459E-1 2.92693E-1 2.91555E-1 2.75327E-1 2.63367E-1 2.67816E-1 2.68915E-1 2.71813E-1 2.72923E-1 2.66088E-1 2.76191E-1 2.74005E-1 2.69469E-1 2.69093E-1 2.68957E-1 2.92775E-1 2.94611E-1 2.89226E-1 2.78812E-1 2.45198E-1 2.53538E-1 2.44469E-1 2.36971E-1 2.33242E-1 2.40603E-1 2.40331E-1 2.4136E-1 2.44988E-1 2.46743E-1 2.45759E-1 2.4698E-1 2.48688E-1 2.52739E-1 2.52726E-1 2.46336E-1 2.40807E-1 2.38301E-1 2.38094E-1 2.40496E-1 2.39886E-1 2.33787E-1 2.34427E-1 2.35827E-1 2.2505E-1 2.17295E-1 2.06757E-1 2.12778E-1 2.18357E-1 2.1736E-1 2.09921E-1 2.01979E-1
3.39717E-1 3.43313E-1 3.46615E-1 3.45739E-1 3.51001E-1 3.51606E-1 3.25442E-1 3.02423E-1 2.9998E-1 2.94225E-1 2.86869E-1 2.84372E-1 2.78024E-1 2.77345E-1 2.75633E-1 2.68354E-1 2.62206E-1 2.60311E-1 2.69884E-1 2.78262E-1 2.82921E-1 2.83022E-1 2.85261E-1 2.82554E-1 2.77869E-1 2.73638E-1 2.81183E-1 2.75984E-1 2.83027E-1 2.98103E-1 2.94818E-1 2.56326E-1 2.4377E-1 2.55135E-1 2.44747E-1 2.45806E-1 2.45063E-1 2.46053E-1 2.46173E-1 2.43756E-1 2.37089E-1 2.37566E-1 2.47879E-1 2.57501E-1 2.52582E-1 2.42962E-1 2.34906E-1 2.33447E-1 2.34276E-1 2.3575E-1 2.35545E-1 2.38825E-1 2.34304E-1 2.41043E-1 2.31714E-1 2.26695E-1 2.20642E-1 2.16155E-1 2.21733E-1 2.13155E-1 2.02804E-1
3.23305E-1 3.11527E-1 3.00869E-1 3.19368E-1 3.37038E-1 3.34465E-1 3.07314E-1 3.10249E-1 3.0395E-1 2.97247E-1 2.8601E-1 2.84539E-1 3.00956E-1 2.94929E-1 2.81412E-1 2.64767E-1 2.60146E-1 2.52661E-1 2.66906E-1 2.76255E-1 2.87692E-1 2.93722E-1 2.9515E-1 2.80527E-1 2.88328E-1 3.13143E-1 3.07498E-1 2.99549E-1 2.97668E-1 3.02014E-1 3.04459E-1 2.96747E-1 2.78532E-1 2.68066E-1 2.58814E-1 2.50769E-1 2.47906E-1 2.49722E-1 2.45832E-1 2.41224E-1 2.38293E-1 2.35587E-1 2.31836E-1 2.34981E-1 2.37999E-1 2.36396E-1 2.31596E-1 2.29083E-1 2.32281E-1 2.35965E-1 2.3641E-1 2.35358E-1 2.2775E-1 2.38524E-1 2.36863E-1 2.32583E-1 2.23613E-1 2.2213E-1 2.28401E-1 2.24984E-1 2.18277E-1
