maxent_outputs/red_flowers_linear/red_177.asc
ncols         426
nrows         180
xllcorner     -130.0
yllcorner     24.0
cellsize      0.16666666666666666
NODATA_value  -9999
[rows 54 to 80 of 180, columns 183 to 243 of 426]
2.83013E-1 2.94035E-1 2.96709E-1 2.86567E-1 2.80549E-1 2.75083E-1 2.72816E-1 2.69567E-1 2.73452E-1 2.80823E-1 2.9353E-1 2.96717E-1 2.98125E-1 2.97141E-1 2.88716E-1 2.99756E-1 3.13259E-1 3.09399E-1 3.03757E-1 3.00376E-1 2.96097E-1 2.92448E-1 2.94533E-1 2.96336E-1 2.95197E-1 2.98012E-1 2.93593E-1 2.92986E-1 2.89929E-1 2.93859E-1 3.02023E-1 3.03044E-1 3.07081E-1 3.11729E-1 3.27012E-1 3.4666E-1 3.44192E-1 3.37359E-1 3.40346E-1 3.3321E-1 3.40518E-1 3.29848E-1 3.2749E-1 3.2861E-1 3.34856E-1 3.30331E-1 3.30916E-1 3.24767E-1 3.26259E-1 3.28763E-1 3.35019E-1 3.32214E-1 3.3761E-1 3.44357E-1 3.50685E-1 3.52172E-1 3.57355E-1 3.54815E-1 3.6478E-1 3.66157E-1 3.67381E-1
2.75271E-1 2.81165E-1 2.83303E-1 2.80047E-1 2.7876E-1 2.81417E-1 2.74758E-1 2.72053E-1 2.7515E-1 2.80799E-1 2.92878E-1 3.03991E-1 2.96734E-1 2.93165E-1 2.89789E-1 2.96395E-1 3.09304E-1 3.13502E-1 3.16845E-1 3.09116E-1 3.03505E-1 3.00259E-1 2.9888E-1 3.04212E-1 3.09579E-1 3.02357E-1 2.96907E-1 2.94669E-1 2.95221E-1 3.00291E-1 3.02668E-1 3.03863E-1 3.05932E-1 3.12093E-1 3.1686E-1 3.27374E-1 3.40076E-1 3.46231E-1 3.37088E-1 3.38615E-1 3.45019E-1 3.46245E-1 3.43024E-1 3.40829E-1 3.43701E-1 3.38776E-1 3.35685E-1 3.39203E-1 3.37425E-1 3.37105E-1 3.46305E-1 3.55551E-1 3.50367E-1 3.47029E-1 3.51307E-1 3.58342E-1 3.57829E-1 3.67022E-1 3.78542E-1 3.81052E-1 3.79631E-1
2.92331E-1 2.95033E-1 2.9803E-1 2.92377E-1 2.90017E-1 2.88209E-1 2.86426E-1 2.78569E-1 2.80014E-1 2.82636E-1 2.91956E-1 3.00606E-1 3.02984E-1 2.97946E-1 3.05999E-1 2.94528E-1 3.00682E-1 3.09761E-1 3.16658E-1 3.1933E-1 3.17079E-1 3.126E-1 3.10207E-1 3.11688E-1 3.10696E-1 3.09826E-1 3.1225E-1 3.0867E-1 3.04692E-1 3.05003E-1 3.03798E-1 3.05082E-1 3.08098E-1 3.17871E-1 3.14319E-1 3.24144E-1 3.3303E-1 3.38793E-1 3.35943E-1 3.38915E-1 3.47027E-1 3.54696E-1 3.61776E-1 3.55981E-1 3.55357E-1 3.5736E-1 3.55503E-1 3.50666E-1 3.48898E-1 3.40625E-1 3.43895E-1 3.44805E-1 3.53084E-1 3.41754E-1 3.45638E-1 3.56681E-1 3.57115E-1 3.59647E-1 3.66637E-1 3.72473E-1 3.68887E-1
2.9963E-1 2.98912E-1 3.07387E-1 3.03605E-1 3.03075E-1 2.95055E-1 2.90542E-1 2.8935E-1 2.8842E-1 2.88566E-1 2.90906E-1 3.01153E-1 3.0618E-1 3.06263E-1 3.0129E-1 2.96826E-1 2.9568E-1 3.03045E-1 3.12224E-1 3.15235E-1 3.20924E-1 3.22055E-1 3.20326E-1 3.17516E-1 3.17141E-1 3.16914E-1 3.13729E-1 3.11386E-1 3.14001E-1 3.16041E-1 3.11237E-1 3.08335E-1 3.04264E-1 3.1429E-1 3.15959E-1 3.25564E-1 3.36415E-1 3.37722E-1 3.41571E-1 3.50211E-1 3.507E-1 3.47626E-1 3.47445E-1 3.57129E-1 3.62792E-1 3.69067E-1 3.63768E-1 3.62217E-1 3.4892E-1 3.43384E-1 3.44759E-1 3.4029E-1 3.50716E-1 3.54239E-1 3.54235E-1 3.53138E-1 3.60619E-1 3.63784E-1 3.68797E-1 3.58249E-1 3.63767E-1
2.90453E-1 2.88504E-1 2.94134E-1 3.02451E-1 3.09822E-1 3.05496E-1 2.95507E-1 2.955E-1 2.94076E-1 2.93609E-1 2.95181E-1 3.06218E-1 3.27468E-1 3.11474E-1 3.10251E-1 2.95997E-1 2.9567E-1 2.97289E-1 3.05519E-1 3.18113E-1 3.23519E-1 3.27073E-1 3.3034E-1 3.29406E-1 3.25658E-1 3.2243E-1 3.21504E-1 3.2015E-1 3.19737E-1 3.1761E-1 3.18782E-1 3.2246E-1 3.15532E-1 3.2184E-1 3.30894E-1 3.3156E-1 3.35043E-1 3.39274E-1 3.39428E-1 3.42673E-1 3.51841E-1 3.48766E-1 3.48669E-1 3.5042E-1 3.56064E-1 3.64374E-1 3.63632E-1 3.62597E-1 3.54435E-1 3.52275E-1 3.54213E-1 3.47475E-1 3.50692E-1 3.64688E-1 3.59309E-1 3.58462E-1 3.7086E-1 3.73214E-1 3.68255E-1 3.58943E-1 3.66161E-1
3.03878E-1 2.92998E-1 2.9271E-1 2.93348E-1 3.01425E-1 3.20823E-1 3.0696E-1 3.02006E-1 3.00918E-1 3.00406E-1 3.00954E-1 3.03777E-1 3.11921E-1 3.16302E-1 3.12331E-1 3.04635E-1 3.01332E-1 3.01205E-1 3.01694E-1 3.0917E-1 3.21584E-1 3.27979E-1 3.38481E-1 3.34165E-1 3.32115E-1 3.32389E-1 3.32917E-1 3.28545E-1 3.26296E-1 3.25622E-1 3.21537E-1 3.19751E-1 3.25889E-1 3.20795E-1 3.22439E-1 3.26404E-1 3.32313E-1 3.35812E-1 3.38553E-1 3.40272E-1 3.50297E-1 3.51105E-1 3.49506E-1 3.47984E-1 3.54731E-1 3.65837E-1 3.70909E-1 3.71923E-1 3.59058E-1 3.57772E-1 3.63627E-1 3.57981E-1 3.54401E-1 3.68666E-1 3.66941E-1 3.71079E-1 3.77833E-1 3.8152E-1 3.73936E-1 3.74388E-1 3.75189E-1
3.15717E-1 3.15422E-1 3.04439E-1 3.00982E-1 3.07645E-1 3.11672E-1 3.13231E-1 3.13057E-1 3.1111E-1 3.07977E-1 3.10062E-1 3.07601E-1 3.09843E-1 3.17021E-1 3.21068E-1 3.15972E-1 3.10964E-1 3.08789E-1 3.06789E-1 3.12625E-1 3.19258E-1 3.27505E-1 3.33872E-1 3.29183E-1 3.31235E-1 3.30075E-1 3.34895E-1 3.31312E-1 3.31641E-1 3.31829E-1 3.27401E-1 3.25351E-1 3.27105E-1 3.21715E-1 3.20755E-1 3.25078E-1 3.32076E-1 3.3277E-1 3.34796E-1 3.36519E-1 3.42819E-1 3.51776E-1 3.52839E-1 3.55844E-1 3.54696E-1 3.57889E-1 3.67629E-1 3.7995E-1 3.85776E-1 3.70566E-1 3.70314E-1 3.6441E-1 3.59097E-1 3.69857E-1 3.75166E-1 3.75735E-1 3.7896E-1 3.8673E-1 3.81002E-1 3.79077E-1 3.82969E-1
3.3621E-1 3.21438E-1 3.14262E-1 3.1339E-1 3.12843E-1 3.13862E-1 3.19297E-1 3.18698E-1 3.20134E-1 3.1879E-1 3.13099E-1 3.13282E-1 3.10838E-1 3.11597E-1 3.20037E-1 3.13943E-1 3.17312E-1 3.13349E-1 3.11779E-1 3.16651E-1 3.19541E-1 3.26906E-1 3.30764E-1 3.28474E-1 3.26512E-1 3.36779E-1 3.36637E-1 3.29135E-1 3.34592E-1 3.37499E-1 3.41351E-1 3.33568E-1 3.32082E-1 3.22946E-1 3.23657E-1 3.32644E-1 3.36997E-1 3.38587E-1 3.37722E-1 3.44853E-1 3.44613E-1 3.4663E-1 3.55603E-1 3.63136E-1 3.634E-1 3.66141E-1 3.70321E-1 3.77064E-1 3.80059E-1 3.90085E-1 3.84792E-1 3.77129E-1 3.74604E-1 3.78785E-1 3.81914E-1 3.81339E-1 3.81077E-1 3.83384E-1 3.8231E-1 3.7996E-1 3.86484E-1
3.54949E-1 3.44752E-1 3.32839E-1 3.23824E-1 3.1785E-1 3.18775E-1 3.22616E-1 3.26656E-1 3.24811E-1 3.22919E-1 3.19233E-1 3.14919E-1 3.18769E-1 3.18822E-1 3.23848E-1 3.22353E-1 3.22219E-1 3.24149E-1 3.1682E-1 3.16878E-1 3.18714E-1 3.24331E-1 3.30169E-1 3.34157E-1 3.30306E-1 3.30095E-1 3.35272E-1 3.31687E-1 3.32526E-1 3.4295E-1 3.4741E-1 3.38466E-1 3.34187E-1 3.28692E-1 3.35144E-1 3.36907E-1 3.4885E-1 3.5177E-1 3.4394E-1 3.50582E-1 3.51112E-1 3.48709E-1 3.52602E-1 3.61911E-1 3.63275E-1 3.62195E-1 3.66748E-1 3.74768E-1 3.7985E-1 4.00032E-1 3.88864E-1 3.66752E-1 3.74488E-1 3.88232E-1 3.8676E-1 3.8482E-1 3.88996E-1 3.84285E-1 3.80617E-1 3.82942E-1 3.91545E-1
3.5715E-1 3.72497E-1 3.59212E-1 3.42082E-1 3.2542E-1 3.21257E-1 3.19966E-1 3.2371E-1 3.30211E-1 3.2743E-1 3.22153E-1 3.18616E-1 3.22572E-1 3.20988E-1 3.1775E-1 3.18956E-1 3.2088E-1 3.22103E-1 3.20014E-1 3.19112E-1 3.20117E-1 3.23841E-1 3.2979E-1 3.31621E-1 3.313E-1 3.3911E-1 3.50692E-1 3.3463E-1 3.36516E-1 3.39084E-1 3.41746E-1 3.38811E-1 3.35987E-1 3.36266E-1 3.36456E-1 3.40957E-1 3.46488E-1 3.51516E-1 3.51187E-1 3.57719E-1 3.56608E-1 3.60271E-1 3.58043E-1 3.54227E-1 3.62492E-1 3.71987E-1 3.83213E-1 3.87107E-1 3.90406E-1 4.03674E-1 4.01806E-1 3.84633E-1 3.85085E-1 3.92175E-1 3.90127E-1 3.94539E-1 3.96288E-1 3.98597E-1 3.9145E-1 3.93926E-1 3.8976E-1
3.62933E-1 3.63698E-1 3.71036E-1 3.73976E-1 3.475E-1 3.35043E-1 3.33008E-1 3.29565E-1 3.40959E-1 3.41972E-1 3.31524E-1 3.25569E-1 3.29696E-1 3.30228E-1 3.19648E-1 3.16327E-1 3.20207E-1 3.25277E-1 3.23461E-1 3.25998E-1 3.25828E-1 3.29294E-1 3.30558E-1 3.34142E-1 3.34019E-1 3.34366E-1 3.38146E-1 3.41413E-1 3.42869E-1 3.39878E-1 3.40229E-1 3.38948E-1 3.38536E-1 3.40265E-1 3.40305E-1 3.43207E-1 3.47262E-1 3.51899E-1 3.55754E-1 3.56506E-1 3.61636E-1 3.64436E-1 3.64959E-1 3.65318E-1 3.69483E-1 3.75777E-1 3.85337E-1 3.84442E-1 3.85599E-1 3.96765E-1 4.06823E-1 3.93438E-1 3.95914E-1 3.91992E-1 3.93703E-1 3.87733E-1 3.89421E-1 3.94273E-1 3.83674E-1 3.89653E-1 3.82778E-1
3.66457E-1 3.65276E-1 3.65333E-1 3.69666E-1 3.71044E-1 3.62862E-1 3.51543E-1 3.44484E-1 3.46773E-1 3.43848E-1 3.44111E-1 3.38823E-1 3.31154E-1 3.29566E-1 3.24222E-1 3.20233E-1 3.2308E-1 3.21512E-1 3.265E-1 3.29455E-1 3.30015E-1 3.31088E-1 3.30689E-1 3.33361E-1 3.38521E-1 3.40261E-1 3.43824E-1 3.47666E-1 3.45007E-1 3.41037E-1 3.36358E-1 3.36269E-1 3.35693E-1 3.37593E-1 3.40776E-1 3.43104E-1 3.53476E-1 3.51796E-1 3.55071E-1 3.54816E-1 3.55288E-1 3.62222E-1 3.67235E-1 3.69134E-1 3.70897E-1 3.77435E-1 3.83098E-1 3.82335E-1 3.82003E-1 3.96518E-1 3.97375E-1 4.0073E-1 3.95586E-1 3.97081E-1 4.04149E-1 4.04195E-1 4.09228E-1 4.04587E-1 4.00365E-1 3.9109E-1 4.07958E-1
3.69187E-1 3.6591E-1 3.60111E-1 3.5491E-1 3.5421E-1 3.56391E-1 3.54005E-1 3.52198E-1 3.49991E-1 3.50936E-1 3.64857E-1 3.65402E-1 3.48336E-1 3.33819E-1 3.25481E-1 3.26116E-1 3.26826E-1 3.29313E-1 3.29457E-1 3.31346E-1 3.32609E-1 3.33467E-1 3.33374E-1 3.35976E-1 3.4394E-1 3.41453E-1 3.4404E-1 3.43034E-1 3.4247E-1 3.38435E-1 3.3494E-1 3.32142E-1 3.31609E-1 3.33802E-1 3.36845E-1 3.46015E-1 3.492E-1 3.5137E-1 3.55651E-1 3.57083E-1 3.55049E-1 3.57985E-1 3.69082E-1 3.73766E-1 3.72623E-1 3.73818E-1 3.83895E-1 3.85574E-1 3.80489E-1 3.91149E-1 3.97407E-1 3.88112E-1 3.87232E-1 3.87514E-1 3.93416E-1 4.02207E-1 4.00562E-1 3.98371E-1 3.9477E-1 3.89484E-1 3.89852E-1
3.8195E-1 3.71672E-1 3.68243E-1 3.60943E-1 3.57651E-1 3.55169E-1 3.56307E-1 3.5726E-1 3.61212E-1 3.66581E-1 3.60609E-1 3.59409E-1 3.55465E-1 3.49925E-1 3.51195E-1 3.49969E-1 3.37708E-1 3.39594E-1 3.38229E-1 3.35946E-1 3.38182E-1 3.37993E-1 3.3651E-1 3.40057E-1 3.41187E-1 3.48127E-1 3.46758E-1 3.4869E-1 3.44118E-1 3.4023E-1 3.39327E-1 3.35103E-1 3.36048E-1 3.42315E-1 3.41047E-1 3.4667E-1 3.52055E-1 3.59852E-1 3.5864E-1 3.58878E-1 3.612E-1 3.65344E-1 3.7151E-1 3.72505E-1 3.77366E-1 3.73574E-1 3.70834E-1 3.8355E-1 3.87945E-1 3.90407E-1 3.98833E-1 3.95829E-1 3.93986E-1 3.93396E-1 3.92868E-1 3.96902E-1 4.00255E-1 4.01112E-1 4.00654E-1 3.96782E-1 3.94027E-1
3.79167E-1 3.73824E-1 3.68851E-1 3.6473E-1 3.59596E-1 3.56367E-1 3.56339E-1 3.58007E-1 3.58682E-1 3.6444E-1 3.55334E-1 3.50067E-1 3.59167E-1 3.55551E-1 3.4936E-1 3.50715E-1 3.53429E-1 3.45932E-1 3.5422E-1 3.42339E-1 3.39725E-1 3.45054E-1 3.49941E-1 3.51025E-1 3.42845E-1 3.49286E-1 3.51946E-1 3.50573E-1 3.48516E-1 3.46505E-1 3.46076E-1 3.45156E-1 3.45756E-1 3.49303E-1 3.47865E-1 3.48475E-1 3.50026E-1 3.5748E-1 3.60912E-1 3.61486E-1 3.63842E-1 3.65831E-1 3.69849E-1 3.69092E-1 3.77353E-1 3.77864E-1 3.75266E-1 3.79377E-1 3.83343E-1 3.90412E-1 3.95479E-1 4.00888E-1 4.07047E-1 4.01663E-1 3.94907E-1 4.00352E-1 4.01065E-1 4.02231E-1 4.0399E-1 4.01498E-1 3.98946E-1
3.78954E-1 3.78706E-1 3.77557E-1 3.69264E-1 3.62111E-1 3.5758E-1 3.5754E-1 3.58842E-1 3.60496E-1 3.62038E-1 3.6064E-1 3.51071E-1 3.56425E-1 3.57401E-1 3.48015E-1 3.4927E-1 3.56475E-1 3.59908E-1 3.59881E-1 3.48342E-1 3.51779E-1 3.5429E-1 3.60146E-1 3.55697E-1 3.52719E-1 3.53856E-1 3.59318E-1 3.61337E-1 3.56257E-1 3.54805E-1 3.50388E-1 3.53179E-1 3.60992E-1 3.55483E-1 3.51875E-1 3.5046E-1 3.53482E-1 3.57492E-1 3.64484E-1 3.63773E-1 3.6441E-1 3.66775E-1 3.72525E-1 3.7664E-1 3.80274E-1 3.8092E-1 3.86089E-1 3.86223E-1 3.88536E-1 3.93479E-1 3.95286E-1 4.0016E-1 4.0623E-1 4.15065E-1 4.0824E-1 4.11851E-1 4.1282E-1 4.08186E-1 4.08405E-1 4.06565E-1 4.03966E-1
3.72355E-1 3.74309E-1 3.71869E-1 3.69824E-1 3.63349E-1 3.56416E-1 3.53669E-1 3.57707E-1 3.62598E-1 3.64786E-1 3.65459E-1 3.62239E-1 3.57539E-1 3.63973E-1 3.56437E-1 3.53189E-1 3.51597E-1 3.57764E-1 3.80513E-1 3.60078E-1 3.56587E-1 3.74331E-1 3.65598E-1 3.66493E-1 3.66611E-1 3.6257E-1 3.68508E-1 3.73434E-1 3.70201E-1 3.65536E-1 3.60136E-1 3.5439E-1 3.55979E-1 3.64151E-1 3.51881E-1 3.53483E-1 3.58231E-1 3.61675E-1 3.64923E-1 3.67701E-1 3.71227E-1 3.73514E-1 3.78746E-1 3.81165E-1 3.83321E-1 3.88676E-1 3.88541E-1 3.91758E-1 3.93273E-1 3.91271E-1 3.99134E-1 4.05574E-1 4.05596E-1 4.07693E-1 4.12227E-1 4.09693E-1 4.1652E-1 4.15747E-1 4.13558E-1 4.11498E-1 4.1056E-1
3.63945E-1 3.68361E-1 3.70498E-1 3.68094E-1 3.65426E-1 3.61385E-1 3.57596E-1 3.60486E-1 3.6376E-1 3.68953E-1 3.66773E-1 3.66169E-1 3.63269E-1 3.65491E-1 3.58455E-1 3.56073E-1 3.57235E-1 3.57039E-1 3.68893E-1 3.73509E-1 3.6565E-1 3.84162E-1 3.78853E-1 3.78785E-1 3.79128E-1 3.75405E-1 3.71674E-1 3.77343E-1 3.75826E-1 3.71754E-1 3.6587E-1 3.58159E-1 3.55118E-1 3.7117E-1 3.59563E-1 3.63114E-1 3.66156E-1 3.72481E-1 3.72734E-1 3.79392E-1 3.79375E-1 3.80593E-1 3.86248E-1 3.87191E-1 3.90405E-1 3.92372E-1 3.96759E-1 3.89914E-1 3.95822E-1 4.02975E-1 4.00596E-1 4.04697E-1 4.04239E-1 4.05263E-1 4.05141E-1 4.14489E-1 4.18986E-1 4.13724E-1 4.15865E-1 4.169E-1 4.20359E-1
3.70443E-1 3.7049E-1 3.7496E-1 3.68851E-1 3.64585E-1 3.63516E-1 3.61773E-1 3.6228E-1 3.69475E-1 3.68295E-1 3.66389E-1 3.66266E-1 3.62883E-1 3.64627E-1 3.6291E-1 3.62655E-1 3.63538E-1 3.6279E-1 3.67394E-1 3.78475E-1 3.75649E-1 3.90606E-1 3.87449E-1 3.89671E-1 3.8965E-1 3.836E-1 3.81094E-1 3.83073E-1 3.81445E-1 3.75251E-1 3.71436E-1 3.67768E-1 3.59354E-1 3.68514E-1 3.68541E-1 3.74325E-1 3.79647E-1 3.82223E-1 3.82446E-1 3.83919E-1 3.82421E-1 3.89881E-1 3.97188E-1 3.96589E-1 3.99201E-1 3.95779E-1 3.94305E-1 4.06709E-1 4.08355E-1 4.08078E-1 4.0488E-1 4.05616E-1 4.04855E-1 4.03443E-1 4.05772E-1 4.11E-1 4.20646E-1 4.19034E-1 4.18493E-1 4.18525E-1 4.27809E-1
3.78158E-1 3.85919E-1 3.81896E-1 3.78088E-1 3.74126E-1 3.68069E-1 3.66084E-1 3.67745E-1 3.70655E-1 3.68932E-1 3.68497E-1 3.67111E-1 3.66613E-1 3.70955E-1 3.69893E-1 3.67051E-1 3.65828E-1 3.67192E-1 3.73104E-1 3.81511E-1 3.77732E-1 3.91942E-1 3.91689E-1 3.91274E-1 3.91362E-1 3.86584E-1 3.90404E-1 3.89169E-1 3.91484E-1 3.91005E-1 3.8751E-1 3.75336E-1 3.71989E-1 3.74055E-1 3.90032E-1 3.94023E-1 3.91151E-1 3.96044E-1 3.95841E-1 3.91368E-1 3.92437E-1 3.93578E-1 3.98635E-1 4.02595E-1 4.05188E-1 4.07179E-1 4.11662E-1 4.21191E-1 4.1918E-1 4.23627E-1 4.18591E-1 4.15896E-1 4.18593E-1 4.18062E-1 4.20275E-1 4.18321E-1 4.2208E-1 4.201E-1 4.18523E-1 4.16354E-1 4.20631E-1
3.8358E-1 3.82874E-1 3.80035E-1 3.77455E-1 3.78533E-1 3.75525E-1 3.72487E-1 3.74108E-1 3.72615E-1 3.73763E-1 3.75028E-1 3.74641E-1 3.72764E-1 3.72153E-1 3.71813E-1 3.71151E-1 3.71419E-1 3.74165E-1 3.79555E-1 3.83513E-1 3.87799E-1 3.86296E-1 3.90783E-1 3.92953E-1 3.9141E-1 3.91132E-1 3.91884E-1 3.9794E-1 3.98914E-1 4.02078E-1 3.97987E-1 3.93748E-1 3.92218E-1 3.96624E-1 4.03753E-1 4.12846E-1 4.11023E-1 4.12973E-1 4.10094E-1 4.01002E-1 4.0303E-1 4.09883E-1 4.05322E-1 4.09836E-1 4.13854E-1 4.13015E-1 4.1736E-1 4.23287E-1 4.20633E-1 4.2459E-1 4.33298E-1 4.31307E-1 4.29608E-1 4.32052E-1 4.41934E-1 4.37025E-1 4.24111E-1 4.19372E-1 4.21179E-1 4.22802E-1 4.25623E-1
3.81245E-1 3.83068E-1 3.83681E-1 3.88566E-1 3.84909E-1 3.8064E-1 3.80124E-1 3.79262E-1 3.82254E-1 3.81422E-1 3.83344E-1 3.78392E-1 3.81437E-1 3.81141E-1 3.80668E-1 3.8677E-1 3.84338E-1 3.87734E-1 3.88129E-1 3.8384E-1 3.96083E-1 4.05296E-1 3.94941E-1 3.93918E-1 3.91925E-1 3.94605E-1 3.96279E-1 3.98515E-1 4.01581E-1 4.02749E-1 4.02734E-1 3.97102E-1 3.99928E-1 4.03108E-1 4.07095E-1 4.10917E-1 4.23729E-1 4.44589E-1 4.53823E-1 4.25371E-1 4.19497E-1 4.18311E-1 4.14111E-1 4.15851E-1 4.19845E-1 4.21238E-1 4.24822E-1 4.31639E-1 4.34309E-1 4.3843E-1 4.37458E-1 4.48041E-1 4.44705E-1 4.43943E-1 4.39385E-1 4.37353E-1 4.34914E-1 4.30593E-1 4.28966E-1 4.26892E-1 4.2872E-1
3.806E-1 3.80562E-1 3.86513E-1 3.91297E-1 3.84323E-1 3.78276E-1 3.7892E-1 3.82624E-1 3.79612E-1 3.80297E-1 3.8451E-1 3.86165E-1 3.85079E-1 3.86742E-1 3.89158E-1 3.89382E-1 3.82716E-1 3.78908E-1 3.86886E-1 3.9161E-1 3.96059E-1 4.09852E-1 4.01017E-1 3.93395E-1 3.93863E-1 3.98346E-1 4.017E-1 4.059E-1 4.09357E-1 4.11972E-1 4.11608E-1 4.12182E-1 4.1174E-1 4.13785E-1 4.15505E-1 4.21903E-1 4.2898E-1 4.49491E-1 4.59772E-1 4.45933E-1 4.342E-1 4.25373E-1 4.22368E-1 4.21323E-1 4.22401E-1 4.25101E-1 4.25589E-1 4.31477E-1 4.39737E-1 4.39994E-1 4.43459E-1 4.39754E-1 4.40431E-1 4.452E-1 4.44064E-1 4.42085E-1 4.41921E-1 4.42244E-1 4.37162E-1 4.36415E-1 4.45197E-1
3.76012E-1 3.78737E-1 3.802E-1 3.81468E-1 3.85193E-1 3.79198E-1 3.79693E-1 3.82606E-1 3.91418E-1 3.92577E-1 3.8591E-1 3.84753E-1 3.82594E-1 3.8237E-1 3.8367E-1 3.88432E-1 3.87091E-1 3.78922E-1 3.78846E-1 3.93357E-1 3.9776E-1 4.02772E-1 4.06611E-1 3.98147E-1 3.9752E-1 4.01361E-1 4.07895E-1 4.13287E-1 4.19527E-1 4.17267E-1 4.20744E-1 4.25666E-1 4.22326E-1 4.23281E-1 4.23931E-1 4.27054E-1 4.3366E-1 4.44684E-1 4.49767E-1 4.44077E-1 4.34295E-1 4.29533E-1 4.24639E-1 4.2155E-1 4.2317E-1 4.28616E-1 4.36597E-1 4.37454E-1 4.38725E-1 4.44135E-1 4.50253E-1 4.50536E-1 4.45398E-1 4.47271E-1 4.50426E-1 4.48898E-1 4.52605E-1 4.42136E-1 4.40594E-1 4.40892E-1 4.56862E-1
3.765E-1 3.80264E-1 3.81829E-1 3.84204E-1 3.82395E-1 3.78518E-1 3.86718E-1 3.93467E-1 3.92315E-1 3.91736E-1 3.88664E-1 3.87865E-1 3.84037E-1 3.83973E-1 3.83745E-1 3.89684E-1 3.85509E-1 3.85099E-1 3.84522E-1 3.9169E-1 3.9558E-1 4.02745E-1 4.16103E-1 4.03946E-1 4.03318E-1 4.0702E-1 4.14083E-1 4.19067E-1 4.21408E-1 4.20704E-1 4.22118E-1 4.26536E-1 4.3255E-1 4.32902E-1 4.32645E-1 4.31221E-1 4.3253E-1 4.38069E-1 4.41178E-1 4.42166E-1 4.38134E-1 4.37086E-1 4.37126E-1 4.33906E-1 4.29883E-1 4.36001E-1 4.42068E-1 4.44141E-1 4.49381E-1 4.50258E-1 4.57975E-1 4.5777E-1 4.57391E-1 4.57525E-1 4.55362E-1 4.57633E-1 4.6185E-1 4.52391E-1 4.53816E-1 4.57945E-1 4.71005E-1
3.82445E-1 3.86451E-1 3.85639E-1 3.8232E-1 3.82161E-1 3.8397E-1 3.8942E-1 3.8689E-1 3.89073E-1 3.90988E-1 3.9027E-1 3.89914E-1 3.87864E-1 3.87012E-1 3.84931E-1 3.90483E-1 3.95288E-1 4.0564E-1 3.96801E-1 3.93287E-1 3.98546E-1 4.06264E-1 4.12866E-1 4.12242E-1 4.09809E-1 4.11973E-1 4.16791E-1 4.23408E-1 4.28059E-1 4.29797E-1 4.28217E-1 4.32795E-1 4.35784E-1 4.39224E-1 4.42392E-1 4.42073E-1 4.40065E-1 4.39299E-1 4.40563E-1 4.38842E-1 4.37228E-1 4.40714E-1 4.39008E-1 4.38498E-1 4.40588E-1 4.4312E-1 4.42819E-1 4.43092E-1 4.55045E-1 4.54124E-1 4.63496E-1 4.5702E-1 4.56678E-1 4.53483E-1 4.51335E-1 4.54662E-1 4.62658E-1 4.634E-1 4.648E-1 4.70511E-1 4.68344E-1
3.82976E-1 3.82276E-1 3.83235E-1 3.8239E-1 3.80373E-1 3.80297E-1 3.82764E-1 3.87145E-1 3.8907E-1 3.90207E-1 3.90288E-1 3.91349E-1 3.89589E-1 3.90716E-1 3.89183E-1 3.91959E-1 3.99348E-1 4.0623E-1 4.08279E-1 3.99215E-1 3.9802E-1 4.06786E-1 4.12329E-1 4.16821E-1 4.15992E-1 4.16795E-1 4.20912E-1 4.2787E-1 4.32944E-1 4.35817E-1 4.38131E-1 4.40359E-1 4.42262E-1 4.44893E-1 4.46348E-1 4.50092E-1 4.53389E-1 4.52761E-1 4.49914E-1 4.51169E-1 4.52822E-1 4.48446E-1 4.45078E-1 4.40679E-1 4.40552E-1 4.45341E-1 4.51809E-1 4.54921E-1 4.6245E-1 4.59644E-1 4.61714E-1 4.61981E-1 4.58916E-1 4.55594E-1 4.58132E-1 4.67357E-1 4.73408E-1 4.75404E-1 4.68234E-1 4.71263E-1 4.6732E-1
