maxent_outputs/red_flowers_linear/red_39.asc
ncols         426
nrows         180
xllcorner     -130.0
yllcorner     24.0
cellsize      0.16666666666666666
NODATA_value  -9999
[rows 81 to 107 of 180, columns 61 to 121 of 426]
9.6491E-2 1.1E-1 1.0635E-1 1.00403E-1 8.41965E-2 9.8519E-2 9.1707E-2 7.97644E-2 7.75522E-2 7.39724E-2 7.51196E-2 7.69032E-2 7.77887E-2 7.23163E-2 6.82074E-2 6.32967E-2 5.93035E-2 6.57426E-2 6.42634E-2 5.16874E-2 4.44285E-2 4.71849E-2 3.9157E-2 4.20252E-2 3.5693E-2 4.01317E-2 4.17116E-2 3.55076E-2 3.77649E-2 3.80051E-2 3.67807E-2 3.34198E-2 2.86513E-2 4.02492E-2 5.20359E-2 5.41528E-2 5.96377E-2 5.58138E-2 5.25659E-2 5.11882E-2 5.27523E-2 4.69586E-2 3.61977E-2 3.70767E-2 3.16819E-2 3.34538E-2 3.13412E-2 3.60376E-2 3.55208E-2 2.68226E-2 2.02956E-2 2.50904E-2 2.47354E-2 2.46043E-2 2.56059E-2 2.85486E-2 2.20694E-2 1.96817E-2 1.79067E-2 1.48432E-2 1.50044E-2
1.15302E-1 1.32858E-1 1.17024E-1 1.06356E-1 8.68217E-2 8.36753E-2 9.03298E-2 9.22994E-2 7.77336E-2 7.83803E-2 8.04752E-2 6.086E-2 8.16298E-2 8.41561E-2 7.54008E-2 7.78527E-2 6.88934E-2 6.73218E-2 6.86642E-2 5.23522E-2 5.471E-2 4.40329E-2 3.8184E-2 4.13315E-2 3.48669E-2 4.07189E-2 4.36932E-2 4.25184E-2 3.69405E-2 3.98314E-2 3.38108E-2 3.82775E-2 3.6388E-2 3.98404E-2 4.57609E-2 4.83176E-2 5.08151E-2 4.88663E-2 5.1125E-2 4.88073E-2 4.84074E-2 4.68407E-2 3.64165E-2 3.4678E-2 2.75844E-2 3.13225E-2 2.60664E-2 3.77835E-2 4.7379E-2 3.28281E-2 2.46641E-2 2.12981E-2 2.03782E-2 2.30106E-2 2.4738E-2 2.86546E-2 2.10982E-2 1.62039E-2 1.336E-2 1.12447E-2 1.09146E-2
1.10362E-1 2.35692E-1 1.39642E-1 1.05097E-1 8.44498E-2 8.04985E-2 9.72574E-2 8.24902E-2 7.68063E-2 7.7547E-2 6.64965E-2 7.24756E-2 7.8437E-2 7.67791E-2 7.19005E-2 6.46245E-2 6.47714E-2 6.39845E-2 6.60793E-2 4.96584E-2 4.70163E-2 3.9416E-2 4.19696E-2 3.2362E-2 4.08276E-2 4.29657E-2 4.81012E-2 3.73889E-2 3.02913E-2 3.00303E-2 3.55393E-2 3.43841E-2 3.68381E-2 3.75097E-2 3.87207E-2 4.0553E-2 4.97697E-2 4.69533E-2 4.84646E-2 4.8597E-2 3.92394E-2 3.86098E-2 4.09542E-2 3.69451E-2 3.09437E-2 3.15874E-2 3.02328E-2 3.62589E-2 2.75955E-2 2.87826E-2 2.42493E-2 2.06777E-2 1.9038E-2 2.56376E-2 3.10366E-2 3.0169E-2 2.31037E-2 1.61017E-2 1.42803E-2 1.28245E-2 1.1364E-2
9.81734E-2 1.30257E-1 1.5008E-1 1.17391E-1 1.02567E-1 1.01579E-1 9.0976E-2 8.24438E-2 7.18029E-2 6.71272E-2 8.75055E-2 9.52134E-2 6.3568E-2 7.20397E-2 4.99567E-2 6.51142E-2 6.50641E-2 5.78735E-2 4.75664E-2 3.97446E-2 4.38684E-2 4.60597E-2 4.15092E-2 3.22179E-2 4.17856E-2 4.30309E-2 3.91945E-2 3.56998E-2 3.0123E-2 4.01996E-2 3.7931E-2 3.41452E-2 3.53165E-2 3.61616E-2 3.63626E-2 3.55607E-2 4.8444E-2 4.50205E-2 5.1989E-2 4.92495E-2 4.90381E-2 3.7159E-2 4.58349E-2 4.08379E-2 3.3162E-2 2.98558E-2 3.29735E-2 3.04116E-2 3.17614E-2 2.58655E-2 2.54478E-2 2.24613E-2 1.62413E-2 2.11537E-2 2.55398E-2 2.89195E-2 2.99433E-2 2.4259E-2 1.96644E-2 1.66262E-2 1.52709E-2
8.81954E-2 9.21371E-2 9.70786E-2 1.13173E-1 1.10554E-1 9.9794E-2 8.23179E-2 7.25926E-2 6.2266E-2 7.48782E-2 8.72083E-2 8.07753E-2 7.41213E-2 5.81026E-2 5.88345E-2 6.85269E-2 6.1703E-2 5.39661E-2 5.45102E-2 4.76122E-2 3.92212E-2 4.07276E-2 3.85167E-2 3.25039E-2 3.76611E-2 4.10248E-2 2.62294E-2 3.26443E-2 3.09288E-2 3.628E-2 4.00016E-2 3.70207E-2 4.33794E-2 4.15677E-2 3.87904E-2 4.60437E-2 4.69363E-2 4.6447E-2 5.69749E-2 4.79127E-2 4.51401E-2 4.25258E-2 3.74963E-2 3.40585E-2 3.49654E-2 3.10947E-2 3.14289E-2 2.8148E-2 3.12716E-2 2.39955E-2 2.1194E-2 1.81461E-2 1.64439E-2 2.46326E-2 2.34735E-2 2.41718E-2 2.83928E-2 2.95126E-2 2.74196E-2 2.21164E-2 1.81092E-2
1.0273E-1 1.12471E-1 1.10552E-1 1.02386E-1 9.76112E-2 8.20591E-2 7.27056E-2 6.54711E-2 6.64629E-2 8.01881E-2 7.35398E-2 6.93293E-2 5.14677E-2 5.05652E-2 5.69299E-2 5.90758E-2 5.59103E-2 5.04072E-2 5.0895E-2 4.18387E-2 2.72708E-2 2.92534E-2 3.45559E-2 3.43607E-2 3.59129E-2 3.67177E-2 2.43299E-2 3.08033E-2 2.62433E-2 3.65496E-2 3.99912E-2 3.49697E-2 4.2003E-2 3.92569E-2 4.73835E-2 4.70763E-2 5.33773E-2 5.4945E-2 5.35431E-2 4.71251E-2 4.9377E-2 4.20309E-2 3.67752E-2 3.09434E-2 3.23513E-2 4.03241E-2 2.97609E-2 2.5451E-2 3.08409E-2 2.2677E-2 2.21458E-2 1.9059E-2 2.37083E-2 2.64725E-2 2.39307E-2 2.3285E-2 3.01583E-2 2.53207E-2 3.40847E-2 2.95166E-2 2.28589E-2
8.61137E-2 9.83784E-2 1.06979E-1 9.82892E-2 9.32604E-2 7.87289E-2 7.08623E-2 7.28842E-2 8.764E-2 7.9383E-2 8.33643E-2 6.88427E-2 5.27725E-2 5.28451E-2 4.47812E-2 4.79809E-2 4.94857E-2 5.86342E-2 5.18089E-2 3.69895E-2 3.58511E-2 2.91901E-2 3.95937E-2 3.73039E-2 3.2594E-2 2.77185E-2 2.77297E-2 2.38358E-2 2.73955E-2 3.42537E-2 3.46452E-2 3.09237E-2 4.21385E-2 3.32081E-2 4.77123E-2 4.15881E-2 6.05705E-2 4.97905E-2 4.8462E-2 5.24947E-2 4.89139E-2 4.16419E-2 3.04135E-2 3.07809E-2 3.23299E-2 4.02994E-2 2.6974E-2 2.72214E-2 2.87638E-2 1.84702E-2 2.28004E-2 2.23467E-2 2.92719E-2 2.41493E-2 1.95802E-2 2.64995E-2 2.84832E-2 3.70843E-2 4.06207E-2 3.51421E-2 2.27373E-2
8.42415E-2 9.24496E-2 9.37732E-2 9.85381E-2 8.33795E-2 8.07178E-2 7.99425E-2 7.90325E-2 8.40543E-2 6.42259E-2 6.76212E-2 5.98793E-2 5.00045E-2 4.31417E-2 4.75683E-2 4.56887E-2 5.41228E-2 5.40712E-2 4.60516E-2 3.63539E-2 3.5162E-2 3.35929E-2 3.22116E-2 2.56959E-2 2.99656E-2 2.9452E-2 2.38394E-2 1.7408E-2 2.58291E-2 2.83473E-2 2.75472E-2 3.30646E-2 4.25332E-2 3.38332E-2 4.97431E-2 4.22439E-2 5.34283E-2 5.67775E-2 5.21729E-2 5.58702E-2 4.55121E-2 3.34442E-2 2.89841E-2 3.00214E-2 2.83042E-2 3.8063E-2 3.18375E-2 2.98457E-2 2.85792E-2 2.35075E-2 1.99406E-2 2.33488E-2 3.17927E-2 1.98211E-2 2.60701E-2 3.14724E-2 2.80087E-2 3.67169E-2 3.95751E-2 4.1705E-2 2.5416E-2
7.82071E-2 7.76813E-2 8.73744E-2 8.88745E-2 6.75839E-2 8.11068E-2 8.81088E-2 8.1134E-2 8.3602E-2 7.60794E-2 7.03789E-2 6.50521E-2 4.35185E-2 4.0703E-2 4.3181E-2 4.8627E-2 5.26645E-2 5.30161E-2 3.44597E-2 3.30716E-2 3.29572E-2 3.69628E-2 3.22976E-2 3.3198E-2 3.27243E-2 2.99701E-2 2.50695E-2 2.56175E-2 2.69655E-2 3.03526E-2 2.27789E-2 3.69228E-2 4.24799E-2 4.81512E-2 4.9252E-2 4.89172E-2 5.98521E-2 5.32924E-2 5.89821E-2 5.84829E-2 5.75528E-2 4.12328E-2 3.04056E-2 2.87869E-2 2.3697E-2 3.0941E-2 3.26591E-2 2.78975E-2 2.53524E-2 2.5544E-2 1.94163E-2 3.06676E-2 2.60013E-2 2.16767E-2 2.91839E-2 3.29909E-2 3.46527E-2 3.32316E-2 3.25597E-2 3.88464E-2 3.96586E-2
7.08595E-2 7.45573E-2 7.40635E-2 8.56143E-2 7.92393E-2 9.10513E-2 7.87496E-2 8.29275E-2 8.63352E-2 7.58541E-2 7.83921E-2 7.43921E-2 5.11305E-2 4.53861E-2 3.5746E-2 3.86421E-2 5.07214E-2 4.48904E-2 3.39457E-2 3.20461E-2 3.31154E-2 4.06456E-2 3.60383E-2 3.37632E-2 3.31406E-2 3.25455E-2 3.32251E-2 3.12631E-2 3.26656E-2 3.3659E-2 2.52086E-2 3.6368E-2 3.46167E-2 3.89909E-2 4.65397E-2 4.98399E-2 5.28667E-2 5.15903E-2 5.76262E-2 5.38852E-2 6.06943E-2 5.00845E-2 3.10374E-2 2.73237E-2 2.87645E-2 3.44123E-2 3.24325E-2 2.76159E-2 2.79969E-2 2.39775E-2 2.41056E-2 3.4744E-2 2.93571E-2 2.81988E-2 2.99484E-2 3.11815E-2 3.30427E-2 2.3761E-2 2.54477E-2 2.66357E-2 2.57594E-2
6.95894E-2 6.39207E-2 7.68271E-2 7.862E-2 8.21473E-2 8.57956E-2 1.12206E-1 9.95605E-2 7.1807E-2 7.44162E-2 7.48122E-2 7.33141E-2 5.89032E-2 5.14372E-2 3.62131E-2 4.5104E-2 5.68191E-2 3.59422E-2 3.34456E-2 3.25993E-2 3.24608E-2 4.01424E-2 3.70352E-2 3.1265E-2 3.97983E-2 3.07254E-2 3.54499E-2 3.61609E-2 3.56847E-2 3.53005E-2 3.17505E-2 3.64316E-2 3.44545E-2 4.07867E-2 4.58973E-2 4.52815E-2 4.64415E-2 4.98758E-2 4.86984E-2 4.43948E-2 4.55916E-2 3.60813E-2 3.6241E-2 3.46338E-2 3.31925E-2 2.86061E-2 3.11034E-2 2.43922E-2 2.0268E-2 1.98192E-2 3.20985E-2 4.17662E-2 3.57659E-2 3.71413E-2 3.36206E-2 3.85647E-2 2.44893E-2 2.49064E-2 2.85893E-2 2.78405E-2 2.86753E-2
6.34872E-2 5.74436E-2 6.25122E-2 5.9639E-2 5.90814E-2 7.74276E-2 7.73216E-2 9.96417E-2 9.66733E-2 8.68623E-2 7.47013E-2 6.36005E-2 5.94547E-2 7.47636E-2 7.38606E-2 6.35991E-2 5.2691E-2 4.04475E-2 3.14941E-2 4.33522E-2 4.32031E-2 4.34063E-2 3.84316E-2 4.01254E-2 3.22579E-2 2.48171E-2 3.34869E-2 3.81127E-2 3.85203E-2 4.55329E-2 4.07969E-2 3.26564E-2 4.59547E-2 4.13552E-2 4.18348E-2 4.39209E-2 3.82853E-2 4.77663E-2 4.6396E-2 5.03053E-2 3.55041E-2 3.18803E-2 3.94482E-2 3.589E-2 2.94397E-2 3.41385E-2 3.08437E-2 2.08491E-2 2.02849E-2 2.13508E-2 3.18584E-2 3.94073E-2 4.03253E-2 4.55844E-2 4.01793E-2 2.62167E-2 2.46956E-2 2.4564E-2 3.45825E-2 3.72679E-2 3.84945E-2
7.02953E-2 5.08311E-2 4.29884E-2 4.27041E-2 6.46323E-2 6.67592E-2 5.77397E-2 8.11939E-2 8.10828E-2 8.10217E-2 9.67295E-2 6.42474E-2 7.50513E-2 8.21845E-2 7.75187E-2 6.82448E-2 5.63553E-2 5.04915E-2 4.09585E-2 4.57368E-2 4.61764E-2 3.68377E-2 4.01423E-2 3.97575E-2 2.37886E-2 2.91069E-2 4.0694E-2 3.88446E-2 3.89279E-2 4.6063E-2 4.91679E-2 3.69832E-2 4.90113E-2 4.75298E-2 4.20671E-2 4.54328E-2 4.08428E-2 4.99143E-2 4.55735E-2 4.83215E-2 3.73894E-2 3.53009E-2 3.47199E-2 3.12746E-2 2.91685E-2 3.31917E-2 2.80464E-2 2.01873E-2 2.15E-2 2.51889E-2 3.35895E-2 4.50195E-2 4.57354E-2 4.14806E-2 3.34276E-2 3.00841E-2 3.25025E-2 3.30971E-2 3.93057E-2 4.63625E-2 4.66622E-2
6.15816E-2 4.30689E-2 4.23949E-2 3.96045E-2 3.32094E-2 3.69757E-2 3.86411E-2 6.33098E-2 7.63028E-2 8.98291E-2 9.50981E-2 8.87632E-2 7.04926E-2 8.78929E-2 8.41537E-2 8.29924E-2 7.13395E-2 5.79642E-2 5.44732E-2 5.04696E-2 5.1843E-2 3.56541E-2 4.50315E-2 3.39932E-2 3.39142E-2 4.05862E-2 4.41333E-2 4.59942E-2 5.3122E-2 6.23618E-2 6.28404E-2 5.23522E-2 5.2398E-2 4.3445E-2 4.18728E-2 4.1485E-2 3.96311E-2 4.39647E-2 4.71443E-2 3.95626E-2 3.19493E-2 4.32248E-2 3.45723E-2 3.2994E-2 2.98901E-2 3.35408E-2 3.12729E-2 2.01186E-2 1.55466E-2 2.15831E-2 2.98363E-2 4.80341E-2 4.66078E-2 3.96591E-2 3.73509E-2 3.4737E-2 4.76272E-2 4.33389E-2 4.56927E-2 5.42672E-2 4.8792E-2
9.12382E-2 5.72938E-2 4.23921E-2 4.10053E-2 4.93424E-2 5.19188E-2 3.84282E-2 5.59936E-2 6.43198E-2 7.09248E-2 9.38876E-2 8.46551E-2 9.07129E-2 8.95543E-2 7.75798E-2 7.77357E-2 7.45547E-2 7.00955E-2 6.4348E-2 5.30416E-2 4.89362E-2 4.40815E-2 4.23464E-2 4.39424E-2 4.47863E-2 4.83944E-2 4.47367E-2 5.09205E-2 6.2109E-2 6.59152E-2 6.39393E-2 6.06834E-2 5.12174E-2 5.01029E-2 4.41341E-2 3.55614E-2 4.47037E-2 4.63716E-2 4.33379E-2 3.28913E-2 4.10801E-2 3.66482E-2 3.54774E-2 3.18435E-2 2.55449E-2 2.90939E-2 2.4054E-2 2.21575E-2 1.15211E-2 1.84958E-2 2.44883E-2 3.95049E-2 4.50481E-2 4.04033E-2 4.71912E-2 4.3858E-2 5.78309E-2 5.29514E-2 5.08008E-2 4.71067E-2 5.16971E-2
1.81837E-1 1.08939E-1 5.95613E-2 4.21924E-2 5.91936E-2 4.8686E-2 4.38083E-2 4.66249E-2 6.26803E-2 6.55081E-2 7.98678E-2 8.58453E-2 7.96236E-2 9.11854E-2 9.29E-2 8.41409E-2 6.86598E-2 5.92648E-2 5.53682E-2 5.73343E-2 4.96367E-2 4.2502E-2 4.71693E-2 5.0469E-2 4.79836E-2 4.98473E-2 5.28372E-2 4.89118E-2 7.3585E-2 7.30071E-2 5.38928E-2 7.14588E-2 5.67556E-2 5.40305E-2 4.88504E-2 4.46699E-2 3.87661E-2 3.28451E-2 3.20971E-2 3.27397E-2 3.58225E-2 3.25345E-2 2.86516E-2 2.82581E-2 2.14802E-2 2.48858E-2 2.26614E-2 2.21507E-2 2.73544E-2 3.85791E-2 4.09108E-2 4.78392E-2 4.71085E-2 5.58674E-2 4.8598E-2 5.78435E-2 7.41176E-2 6.05728E-2 5.31697E-2 4.42132E-2 4.30869E-2
2.35203E-1 1.22947E-1 6.33522E-2 4.09147E-2 5.42528E-2 4.59353E-2 3.83467E-2 5.54432E-2 8.36319E-2 5.43414E-2 7.29733E-2 8.27918E-2 8.64959E-2 9.3187E-2 8.31595E-2 7.7663E-2 8.05733E-2 7.45549E-2 6.33741E-2 4.93544E-2 5.36181E-2 4.93755E-2 4.58828E-2 5.3169E-2 4.0884E-2 5.1866E-2 5.52886E-2 6.57125E-2 7.07853E-2 7.49084E-2 5.476E-2 7.10573E-2 5.1599E-2 5.76595E-2 4.61148E-2 4.35795E-2 3.29009E-2 3.29634E-2 4.51484E-2 4.20347E-2 3.83868E-2 3.57379E-2 2.91961E-2 2.35401E-2 2.27072E-2 2.0683E-2 2.17036E-2 3.08907E-2 4.10254E-2 4.4073E-2 5.05753E-2 5.58373E-2 6.12425E-2 6.78759E-2 6.53536E-2 7.65402E-2 9.69771E-2 6.49397E-2 5.52642E-2 4.22028E-2 4.10203E-2
3.71027E-1 1.87672E-1 8.51766E-2 9.77202E-2 7.89279E-2 5.32511E-2 4.02109E-2 6.48795E-2 1.11336E-1 4.77E-2 5.90697E-2 7.88501E-2 7.98853E-2 6.95846E-2 7.53208E-2 8.26989E-2 8.44315E-2 7.16473E-2 6.82633E-2 5.62452E-2 5.30914E-2 4.84561E-2 5.09462E-2 5.28668E-2 5.73298E-2 6.50568E-2 7.64804E-2 8.41242E-2 7.86642E-2 6.15778E-2 7.18106E-2 7.27741E-2 6.36124E-2 5.59186E-2 5.07332E-2 4.94729E-2 4.6323E-2 4.83461E-2 4.84389E-2 5.01639E-2 3.45705E-2 2.94185E-2 2.44088E-2 2.2033E-2 2.26423E-2 2.41544E-2 3.80322E-2 4.22707E-2 4.31949E-2 5.05693E-2 5.36099E-2 5.93517E-2 7.88353E-2 8.96103E-2 8.54041E-2 9.74862E-2 7.97362E-2 7.28806E-2 5.68393E-2 4.53119E-2 5.36879E-2
3.993E-1 3.15876E-1 1.82435E-1 1.77703E-1 1.01856E-1 5.70232E-2 4.05805E-2 9.29628E-2 1.20303E-1 7.4466E-2 6.24562E-2 9.31995E-2 7.8916E-2 6.88828E-2 8.49328E-2 8.10943E-2 9.6649E-2 7.40158E-2 6.15375E-2 5.47654E-2 5.7157E-2 5.29086E-2 6.54754E-2 6.05171E-2 7.27472E-2 7.4014E-2 7.51253E-2 9.01261E-2 9.95574E-2 7.48052E-2 8.26233E-2 9.8798E-2 8.70624E-2 6.57125E-2 8.7466E-2 8.64238E-2 8.16827E-2 6.14962E-2 4.76033E-2 7.49806E-2 4.44686E-2 3.68717E-2 3.83883E-2 3.28396E-2 3.30107E-2 3.70504E-2 4.4752E-2 4.66563E-2 4.81235E-2 5.78839E-2 6.6248E-2 6.7846E-2 7.78028E-2 9.77649E-2 1.09382E-1 8.32057E-2 7.3149E-2 7.73514E-2 6.17993E-2 4.80171E-2 5.33166E-2
3.7562E-1 4.10437E-1 3.34608E-1 2.19358E-1 9.81522E-2 6.88403E-2 3.43243E-2 5.38102E-2 6.96369E-2 1.15738E-1 8.04064E-2 1.25417E-1 1.3782E-1 1.45435E-1 1.11327E-1 9.42366E-2 9.88386E-2 9.96569E-2 8.48408E-2 6.78368E-2 5.37129E-2 5.17452E-2 7.11095E-2 6.0246E-2 6.19645E-2 7.66234E-2 8.28573E-2 9.69511E-2 1.11082E-1 9.94563E-2 1.17751E-1 1.31849E-1 1.43631E-1 1.15118E-1 1.27553E-1 1.28914E-1 1.23896E-1 1.01933E-1 1.2001E-1 1.26795E-1 9.97357E-2 7.15128E-2 5.28797E-2 5.30951E-2 4.42502E-2 4.20917E-2 5.24739E-2 6.72205E-2 7.05854E-2 7.56627E-2 8.11705E-2 9.27561E-2 7.43484E-2 1.09124E-1 1.12408E-1 1.07026E-1 1.00335E-1 8.5448E-2 7.54124E-2 6.37375E-2 5.74185E-2
3.55836E-1 4.13115E-1 3.98546E-1 2.97089E-1 1.43813E-1 9.22285E-2 4.54716E-2 4.84732E-2 4.53493E-2 1.39964E-1 6.31445E-2 9.74545E-2 1.45799E-1 1.55286E-1 2.13157E-1 1.35403E-1 9.90787E-2 8.65947E-2 1.02089E-1 9.80484E-2 8.52208E-2 7.85877E-2 8.21502E-2 7.69397E-2 7.2427E-2 9.09836E-2 1.03083E-1 9.63433E-2 1.31297E-1 1.54693E-1 1.56825E-1 1.87644E-1 1.55325E-1 1.67096E-1 1.75972E-1 1.7218E-1 1.44338E-1 1.38683E-1 1.27824E-1 1.11E-1 9.43896E-2 8.14865E-2 5.71938E-2 6.63095E-2 6.04619E-2 5.05626E-2 5.03201E-2 7.09626E-2 7.2283E-2 9.46524E-2 1.13945E-1 1.66829E-1 1.27324E-1 1.15689E-1 8.64484E-2 8.53729E-2 9.19985E-2 6.95007E-2 6.44124E-2 5.73319E-2 5.44804E-2
3.79583E-1 3.65066E-1 4.13867E-1 4.59863E-1 3.64217E-1 2.00626E-1 1.1999E-1 6.90741E-2 4.97572E-2 1.39937E-1 1.08931E-1 1.71391E-1 1.99729E-1 1.24715E-1 1.80175E-1 2.78483E-1 1.27421E-1 1.29011E-1 1.53438E-1 1.31925E-1 1.3369E-1 1.12482E-1 1.06258E-1 1.05242E-1 1.06296E-1 1.27953E-1 1.22003E-1 1.05234E-1 1.30043E-1 1.78582E-1 1.93438E-1 2.07509E-1 1.71359E-1 2.13497E-1 1.97761E-1 1.97708E-1 1.55815E-1 1.30029E-1 1.22421E-1 9.00381E-2 7.01625E-2 6.57629E-2 7.10937E-2 6.35877E-2 5.69269E-2 5.53728E-2 4.93706E-2 4.54898E-2 5.62511E-2 1.02839E-1 9.5189E-2 1.03246E-1 1.04917E-1 8.81571E-2 6.2996E-2 6.93035E-2 8.03519E-2 7.03784E-2 7.27552E-2 5.6983E-2 5.08188E-2
4.4251E-1 3.93218E-1 4.26083E-1 4.21308E-1 3.77966E-1 2.15772E-1 1.30965E-1 8.99787E-2 5.34497E-2 1.20439E-1 1.52439E-1 1.73046E-1 2.9635E-1 1.80708E-1 1.54671E-1 4.22064E-1 3.63049E-1 2.27276E-1 1.83394E-1 1.77758E-1 1.70733E-1 1.59318E-1 1.40093E-1 1.11749E-1 1.22169E-1 1.36467E-1 1.38304E-1 1.04207E-1 1.12914E-1 2.06226E-1 2.35177E-1 2.22025E-1 2.23673E-1 2.47132E-1 2.25213E-1 1.82303E-1 1.09533E-1 7.97412E-2 9.31393E-2 8.39946E-2 5.70445E-2 5.89223E-2 5.41728E-2 6.40556E-2 5.59353E-2 4.24472E-2 4.63058E-2 4.88528E-2 7.67466E-2 8.48607E-2 6.13361E-2 6.54709E-2 6.45252E-2 6.92079E-2 7.54467E-2 5.23169E-2 7.17179E-2 6.64333E-2 5.98531E-2 5.16526E-2 4.604E-2
3.71428E-1 3.91208E-1 4.2808E-1 4.36267E-1 4.18453E-1 3.60734E-1 1.72735E-1 6.39702E-2 4.70633E-2 6.70617E-2 1.45925E-1 1.44725E-1 1.84726E-1 1.80171E-1 1.858E-1 3.59381E-1 3.65798E-1 4.73453E-1 2.82085E-1 1.96614E-1 1.92737E-1 1.9037E-1 1.77945E-1 1.33359E-1 1.38479E-1 1.44154E-1 1.54568E-1 9.5177E-2 1.03758E-1 2.13147E-1 2.35955E-1 2.63553E-1 2.63039E-1 2.66937E-1 1.78768E-1 1.79045E-1 1.35874E-1 7.34015E-2 7.53661E-2 7.48515E-2 6.55475E-2 5.87164E-2 6.83251E-2 7.81949E-2 4.2656E-2 3.13383E-2 3.49422E-2 6.55629E-2 7.70403E-2 5.1896E-2 4.43843E-2 4.68418E-2 4.77956E-2 5.36625E-2 4.99925E-2 4.60672E-2 5.36315E-2 5.60725E-2 5.55059E-2 5.27909E-2 4.48386E-2
3.85019E-1 4.10441E-1 3.91553E-1 4.03808E-1 4.28368E-1 4.38872E-1 2.73635E-1 6.9501E-2 6.3048E-2 4.457E-2 1.07975E-1 1.86956E-1 1.40546E-1 1.79929E-1 3.07621E-1 2.02454E-1 2.26671E-1 5.00388E-1 4.14537E-1 2.35284E-1 2.05921E-1 2.19906E-1 2.24028E-1 1.20059E-1 8.49466E-2 1.04678E-1 1.6593E-1 1.85665E-1 1.84586E-1 2.39303E-1 2.40847E-1 2.76048E-1 2.97882E-1 2.71142E-1 2.36617E-1 2.50099E-1 1.40271E-1 6.46963E-2 6.8267E-2 6.23821E-2 6.84748E-2 6.57455E-2 7.25941E-2 1.12164E-1 6.75309E-2 3.23436E-2 2.90385E-2 6.52633E-2 4.81646E-2 4.69972E-2 5.09997E-2 4.73719E-2 4.71764E-2 5.06991E-2 5.25359E-2 5.38799E-2 4.51557E-2 4.01761E-2 4.29402E-2 4.85498E-2 5.03525E-2
3.79015E-1 3.79936E-1 3.89633E-1 4.09765E-1 4.05883E-1 3.97468E-1 3.15095E-1 1.21693E-1 8.91634E-2 5.71588E-2 9.39586E-2 1.65112E-1 1.27624E-1 1.67889E-1 2.93122E-1 2.74836E-1 1.7249E-1 4.90193E-1 4.52406E-1 2.3918E-1 2.43759E-1 2.57488E-1 2.07384E-1 1.73914E-1 9.57377E-2 8.69577E-2 1.82741E-1 2.85381E-1 3.02261E-1 2.73184E-1 2.88034E-1 3.04946E-1 3.44402E-1 2.62477E-1 2.83423E-1 2.64901E-1 1.25643E-1 5.63859E-2 9.12264E-2 1.16182E-1 1.08696E-1 1.23717E-1 1.10304E-1 8.90498E-2 1.10282E-1 7.6288E-2 3.92899E-2 7.42192E-2 6.03291E-2 6.09151E-2 6.10429E-2 5.50149E-2 5.23362E-2 5.59866E-2 5.37359E-2 4.77915E-2 4.18432E-2 4.23365E-2 4.15562E-2 3.94518E-2 4.8932E-2
3.98044E-1 3.82939E-1 3.71051E-1 3.72687E-1 3.85219E-1 4.101E-1 3.87188E-1 1.89903E-1 1.21443E-1 7.17807E-2 1.04684E-1 2.11387E-1 1.88598E-1 1.41587E-1 2.65445E-1 3.3617E-1 1.91094E-1 4.25859E-1 5.10472E-1 2.36E-1 2.61457E-1 2.78865E-1 2.13289E-1 1.68516E-1 1.69163E-1 1.52504E-1 2.1225E-1 3.02692E-1 3.48018E-1 3.42047E-1 4.36628E-1 3.88035E-1 4.00982E-1 3.50409E-1 3.20681E-1 2.34211E-1 1.32637E-1 7.92589E-2 1.06477E-1 1.69945E-1 8.25106E-2 5.96099E-2 5.08313E-2 6.01989E-2 4.47864E-2 7.78347E-2 9.03781E-2 9.94512E-2 7.88615E-2 7.60008E-2 7.40152E-2 6.52399E-2 5.95041E-2 5.72212E-2 5.01083E-2 4.5847E-2 4.00545E-2 3.77707E-2 3.81303E-2 4.00495E-2 4.33962E-2
