maxent_outputs/red_flowers_linear/red_349.asc
ncols         426
nrows         180
xllcorner     -130.0
yllcorner     24.0
cellsize      0.16666666666666666
NODATA_value  -9999
[rows 54 to 80 of 180, columns 122 to 182 of 426]
1.89949E-2 1.99412E-2 3.49878E-2 3.11488E-2 3.28816E-2 2.48802E-2 2.17011E-2 2.24664E-2 2.65431E-2 2.68424E-2 1.9788E-2 2.1809E-2 2.75887E-2 2.8083E-2 2.47179E-2 2.44672E-2 2.41734E-2 2.68632E-2 2.74658E-2 2.74228E-2 2.49625E-2 2.6088E-2 2.63373E-2 2.70736E-2 2.83015E-2 2.98726E-2 2.88183E-2 2.71692E-2 2.71572E-2 2.78966E-2 3.16489E-2 3.35812E-2 3.4601E-2 3.34708E-2 3.10441E-2 2.72509E-2 2.49814E-2 2.19509E-2 2.25773E-2 2.30729E-2 2.28317E-2 2.10229E-2 2.08475E-2 2.21394E-2 2.17844E-2 2.07441E-2 2.00651E-2 1.93092E-2 1.9612E-2 2.04597E-2 2.08606E-2 2.08061E-2 2.0641E-2 2.06729E-2 1.99729E-2 2.0989E-2 1.52391E-2 1.39045E-2 1.34401E-2 1.31588E-2 1.26414E-2
2.20079E-2 2.67224E-2 3.66242E-2 4.30689E-2 3.50039E-2 2.89123E-2 2.34581E-2 2.2564E-2 2.52939E-2 2.69802E-2 2.349E-2 1.8162E-2 1.80285E-2 2.1858E-2 3.16022E-2 2.6739E-2 2.57224E-2 2.62024E-2 2.58167E-2 2.58298E-2 2.62936E-2 2.75682E-2 2.84714E-2 2.75431E-2 2.69123E-2 2.88437E-2 2.80643E-2 2.67756E-2 2.67395E-2 3.0083E-2 3.02935E-2 3.48229E-2 3.86449E-2 3.6348E-2 3.39114E-2 3.02428E-2 2.35398E-2 1.88345E-2 1.9516E-2 2.17345E-2 2.27671E-2 2.63933E-2 2.65569E-2 2.54159E-2 2.33835E-2 2.30347E-2 2.35555E-2 2.26044E-2 2.15525E-2 2.17171E-2 2.14465E-2 2.23548E-2 2.3759E-2 2.68058E-2 2.86863E-2 1.91193E-2 1.66007E-2 1.56213E-2 1.48257E-2 1.37913E-2 1.29664E-2
2.49217E-2 2.86205E-2 3.12267E-2 4.28226E-2 3.56544E-2 3.24705E-2 2.46746E-2 2.07643E-2 1.91607E-2 2.09126E-2 2.2624E-2 2.5146E-2 2.0582E-2 1.75367E-2 2.28814E-2 2.803E-2 3.37476E-2 2.70206E-2 2.40278E-2 2.56378E-2 2.8703E-2 2.93639E-2 2.94754E-2 2.9927E-2 2.91796E-2 2.97683E-2 2.71377E-2 2.63296E-2 2.45129E-2 2.54032E-2 2.87596E-2 3.47323E-2 3.55005E-2 3.73778E-2 3.79274E-2 3.54237E-2 3.17754E-2 2.69549E-2 2.67148E-2 2.71715E-2 2.74164E-2 2.76399E-2 2.97223E-2 3.15549E-2 2.99066E-2 2.89337E-2 2.79522E-2 2.75612E-2 2.58317E-2 2.39787E-2 2.29055E-2 2.27294E-2 2.26132E-2 2.29654E-2 3.20487E-2 2.14457E-2 1.82785E-2 1.70802E-2 1.62985E-2 1.53247E-2 1.4451E-2
2.59221E-2 3.08559E-2 3.8374E-2 4.1905E-2 3.94558E-2 3.33808E-2 2.79338E-2 2.29555E-2 2.06048E-2 1.86759E-2 1.97109E-2 2.5946E-2 2.49987E-2 1.87489E-2 1.78429E-2 2.16421E-2 3.23186E-2 2.95346E-2 2.90323E-2 2.89933E-2 2.97614E-2 3.04589E-2 3.02424E-2 2.91976E-2 3.05618E-2 2.88264E-2 2.8547E-2 2.51545E-2 2.30441E-2 2.43146E-2 2.69395E-2 2.58695E-2 2.74154E-2 3.55151E-2 3.65118E-2 3.81629E-2 4.02168E-2 3.76217E-2 3.45847E-2 3.45011E-2 3.50857E-2 3.23985E-2 3.23356E-2 3.29711E-2 3.25638E-2 3.14336E-2 2.89055E-2 2.72188E-2 2.62656E-2 2.45714E-2 2.3173E-2 2.27368E-2 2.24601E-2 2.33156E-2 2.72295E-2 2.68593E-2 2.02368E-2 1.85086E-2 1.74884E-2 1.61274E-2 1.5075E-2
2.7094E-2 3.0566E-2 2.71702E-2 2.3292E-2 2.79351E-2 2.91159E-2 2.89695E-2 2.6573E-2 2.40247E-2 2.13063E-2 1.91724E-2 2.1493E-2 2.70191E-2 2.36433E-2 1.87788E-2 1.99148E-2 2.76193E-2 3.35862E-2 3.13647E-2 3.05408E-2 3.15813E-2 3.1393E-2 2.99823E-2 2.89987E-2 2.91791E-2 2.867E-2 2.79601E-2 2.60238E-2 2.50391E-2 2.35959E-2 2.35867E-2 2.35533E-2 2.53954E-2 2.55436E-2 2.61256E-2 2.99265E-2 3.54013E-2 4.22256E-2 3.92764E-2 3.84407E-2 3.78709E-2 3.60395E-2 3.43232E-2 3.24357E-2 3.43027E-2 2.95259E-2 2.66445E-2 2.61438E-2 2.61509E-2 2.54474E-2 2.45672E-2 2.5608E-2 2.60113E-2 2.59595E-2 2.51486E-2 2.31963E-2 2.20695E-2 2.14812E-2 2.05522E-2 1.86672E-2 1.82789E-2
2.22739E-2 2.39153E-2 2.52164E-2 2.4895E-2 2.57406E-2 2.87111E-2 2.80218E-2 2.5272E-2 2.15191E-2 2.12045E-2 1.99834E-2 2.19784E-2 2.29421E-2 2.42177E-2 2.26607E-2 2.06E-2 2.67686E-2 3.55591E-2 3.19551E-2 3.07475E-2 3.18358E-2 3.29528E-2 3.15726E-2 2.96531E-2 2.92807E-2 2.96233E-2 2.92872E-2 2.80656E-2 2.70836E-2 2.63545E-2 2.46081E-2 2.67273E-2 2.59392E-2 2.40177E-2 2.35762E-2 3.11779E-2 3.82419E-2 4.43203E-2 4.48947E-2 3.97101E-2 3.8562E-2 3.72707E-2 3.61555E-2 3.49477E-2 3.14259E-2 2.89914E-2 2.89899E-2 2.78142E-2 2.78992E-2 2.74526E-2 2.71167E-2 2.76446E-2 2.71488E-2 2.64221E-2 2.43372E-2 2.1873E-2 2.17796E-2 2.04843E-2 2.15779E-2 2.16234E-2 2.26029E-2
1.83346E-2 1.74946E-2 2.20829E-2 2.70691E-2 2.41363E-2 2.49801E-2 2.82885E-2 2.78616E-2 2.59646E-2 2.15294E-2 2.05466E-2 2.24701E-2 2.58026E-2 2.17629E-2 2.38669E-2 2.02782E-2 2.92843E-2 3.58024E-2 3.30465E-2 3.04523E-2 3.14746E-2 3.49353E-2 3.35762E-2 3.11923E-2 3.07092E-2 3.09869E-2 3.01097E-2 3.03517E-2 2.98312E-2 2.95704E-2 2.75654E-2 2.74398E-2 3.1927E-2 3.11456E-2 2.33632E-2 2.7499E-2 3.95723E-2 4.80218E-2 4.58715E-2 4.0498E-2 3.83725E-2 3.64973E-2 3.61508E-2 3.61148E-2 3.5942E-2 3.13051E-2 2.92117E-2 2.96793E-2 3.07443E-2 3.03511E-2 2.97447E-2 2.91542E-2 2.79077E-2 2.64239E-2 2.53923E-2 2.4855E-2 2.46569E-2 2.33209E-2 2.21695E-2 2.1375E-2 1.9933E-2
2.34683E-2 2.23096E-2 2.09859E-2 2.71219E-2 2.4439E-2 2.74574E-2 2.75955E-2 2.67623E-2 2.32084E-2 2.24515E-2 2.47201E-2 2.49693E-2 2.73873E-2 2.46354E-2 2.38127E-2 2.25264E-2 3.29114E-2 3.50121E-2 3.26639E-2 3.21389E-2 3.47257E-2 3.4467E-2 3.28538E-2 3.284E-2 3.17134E-2 3.26913E-2 3.40484E-2 3.25104E-2 3.15612E-2 3.10556E-2 2.98205E-2 2.82147E-2 2.83084E-2 3.16713E-2 2.88177E-2 3.32712E-2 3.88926E-2 4.72145E-2 4.37534E-2 3.91025E-2 3.66567E-2 3.69537E-2 3.70988E-2 3.61396E-2 3.45533E-2 3.47312E-2 3.70783E-2 3.53476E-2 3.46609E-2 3.37744E-2 3.31655E-2 3.09603E-2 3.01736E-2 2.93781E-2 2.84426E-2 2.71353E-2 2.64975E-2 2.57519E-2 2.45624E-2 2.50629E-2 2.43883E-2
2.31482E-2 2.32175E-2 2.39475E-2 2.44741E-2 2.5855E-2 2.44242E-2 2.47114E-2 2.77321E-2 2.69584E-2 2.81738E-2 2.8369E-2 2.73751E-2 2.69177E-2 2.73222E-2 2.3413E-2 2.34216E-2 3.09108E-2 3.18314E-2 3.28889E-2 3.36956E-2 3.39974E-2 3.4857E-2 3.28213E-2 3.19437E-2 3.3322E-2 3.39211E-2 3.71008E-2 3.82856E-2 3.46693E-2 3.20876E-2 3.19345E-2 3.19704E-2 2.92282E-2 3.08137E-2 3.16437E-2 3.36704E-2 3.87173E-2 4.56271E-2 4.10084E-2 3.82914E-2 3.82834E-2 3.82337E-2 3.71827E-2 3.64468E-2 3.89067E-2 3.9779E-2 4.01435E-2 4.07402E-2 3.92103E-2 3.67484E-2 3.66646E-2 3.55677E-2 3.44762E-2 3.41527E-2 3.27401E-2 3.10189E-2 3.05565E-2 2.94438E-2 2.78699E-2 2.67833E-2 2.65473E-2
2.51768E-2 3.29653E-2 4.35287E-2 4.47998E-2 3.99295E-2 3.03184E-2 2.69614E-2 2.42692E-2 2.52836E-2 2.73833E-2 2.6471E-2 2.23114E-2 2.32026E-2 2.16892E-2 2.19088E-2 2.94664E-2 3.21562E-2 3.24591E-2 2.93813E-2 3.07985E-2 2.98551E-2 3.03958E-2 3.26822E-2 3.51778E-2 3.73629E-2 3.71452E-2 3.87768E-2 3.69175E-2 3.71335E-2 3.77602E-2 3.63959E-2 3.31935E-2 3.14269E-2 3.03601E-2 3.18598E-2 3.3934E-2 3.86955E-2 4.17929E-2 3.76703E-2 3.69269E-2 3.65258E-2 3.3282E-2 3.40793E-2 3.76954E-2 3.83045E-2 3.75764E-2 3.86924E-2 3.82828E-2 3.67779E-2 3.65327E-2 3.63831E-2 3.62445E-2 3.70733E-2 3.55081E-2 3.2237E-2 3.28044E-2 3.19968E-2 3.12969E-2 2.92827E-2 2.77288E-2 2.6858E-2
1.9383E-2 2.37996E-2 2.76983E-2 3.5163E-2 3.19636E-2 2.77635E-2 2.48303E-2 2.26152E-2 2.15438E-2 2.21005E-2 2.3235E-2 2.32037E-2 2.31368E-2 2.37168E-2 2.61133E-2 3.18971E-2 3.29296E-2 3.11315E-2 2.80449E-2 2.86927E-2 3.01063E-2 3.06709E-2 3.29355E-2 3.68463E-2 4.14045E-2 4.14187E-2 3.88289E-2 3.76517E-2 3.88736E-2 3.897E-2 3.73857E-2 3.48101E-2 3.302E-2 3.36684E-2 3.24044E-2 3.21332E-2 3.33979E-2 3.45292E-2 3.40871E-2 3.57037E-2 3.51894E-2 3.5498E-2 3.914E-2 3.79846E-2 3.4335E-2 3.3576E-2 3.3962E-2 3.62357E-2 3.43952E-2 3.22985E-2 3.35809E-2 3.71966E-2 3.79456E-2 3.30278E-2 3.05723E-2 3.02579E-2 3.04903E-2 2.93137E-2 2.8488E-2 2.75834E-2 2.70183E-2
1.87175E-2 2.01654E-2 2.54622E-2 2.64773E-2 2.60102E-2 2.48386E-2 2.23983E-2 2.18587E-2 2.17869E-2 2.30739E-2 2.4217E-2 2.55197E-2 2.65336E-2 2.64185E-2 2.73281E-2 2.84816E-2 2.78338E-2 2.80397E-2 2.66437E-2 2.74524E-2 2.91441E-2 2.96806E-2 3.26865E-2 3.54183E-2 3.9521E-2 4.32112E-2 4.41011E-2 4.15864E-2 3.83027E-2 3.96148E-2 3.83097E-2 3.73705E-2 3.51876E-2 3.59835E-2 3.55231E-2 3.30568E-2 3.10542E-2 3.14043E-2 3.30759E-2 3.51126E-2 3.53667E-2 3.62038E-2 3.44506E-2 3.40662E-2 3.32392E-2 3.34524E-2 3.28128E-2 3.45996E-2 3.5322E-2 3.4596E-2 3.38906E-2 3.36111E-2 3.16517E-2 3.09936E-2 3.0743E-2 3.09942E-2 3.04322E-2 3.03881E-2 3.01778E-2 2.92162E-2 2.82618E-2
1.63063E-2 1.65436E-2 1.94352E-2 2.58912E-2 2.39266E-2 2.21928E-2 2.20237E-2 2.21187E-2 2.34905E-2 2.54549E-2 2.69074E-2 2.7763E-2 2.91091E-2 2.91264E-2 3.1376E-2 2.9951E-2 2.96146E-2 2.8694E-2 2.94125E-2 3.27523E-2 3.69138E-2 3.4901E-2 3.50012E-2 3.83528E-2 3.77944E-2 3.78715E-2 4.01679E-2 4.03464E-2 3.71776E-2 3.5737E-2 3.48256E-2 3.56525E-2 3.55174E-2 3.62863E-2 3.75776E-2 3.38987E-2 3.41918E-2 3.39692E-2 3.52417E-2 3.59517E-2 3.48178E-2 3.60579E-2 3.58461E-2 3.4853E-2 3.48433E-2 3.40956E-2 3.41247E-2 3.364E-2 3.41629E-2 3.40522E-2 3.34344E-2 3.33022E-2 3.28426E-2 3.26122E-2 3.21382E-2 3.29265E-2 3.26957E-2 3.32019E-2 3.28806E-2 3.21527E-2 3.13033E-2
1.17851E-2 1.73438E-2 1.74677E-2 1.9962E-2 2.46174E-2 2.23393E-2 2.24701E-2 2.37776E-2 2.56666E-2 2.38188E-2 2.35577E-2 2.58139E-2 2.34507E-2 2.17711E-2 2.63535E-2 2.96255E-2 2.97459E-2 2.97728E-2 3.03312E-2 3.20106E-2 3.38934E-2 3.56747E-2 3.58632E-2 3.74762E-2 4.03225E-2 4.01977E-2 3.55037E-2 3.50592E-2 3.25458E-2 3.07825E-2 3.23659E-2 3.09934E-2 2.97632E-2 3.08599E-2 3.52153E-2 3.72246E-2 4.02553E-2 4.13271E-2 3.99695E-2 4.01933E-2 4.03123E-2 3.56714E-2 3.35708E-2 3.38578E-2 3.4468E-2 3.35319E-2 3.2438E-2 3.3249E-2 3.40691E-2 3.44448E-2 3.36614E-2 3.35432E-2 3.43097E-2 3.49457E-2 3.41752E-2 3.37341E-2 3.39835E-2 3.53327E-2 3.72924E-2 3.64727E-2 3.54063E-2
1.05674E-2 1.12221E-2 1.63404E-2 1.77813E-2 2.0751E-2 2.06264E-2 2.06248E-2 2.43688E-2 2.20354E-2 2.08648E-2 2.35984E-2 2.4414E-2 2.45564E-2 2.57492E-2 2.86179E-2 2.89599E-2 2.54494E-2 3.17436E-2 3.0406E-2 2.94462E-2 2.48491E-2 2.68003E-2 3.30749E-2 3.41616E-2 4.40891E-2 4.55642E-2 3.85364E-2 3.68648E-2 3.48996E-2 3.33938E-2 3.64751E-2 3.84857E-2 3.31052E-2 3.16128E-2 3.18612E-2 3.34666E-2 3.77308E-2 4.09956E-2 4.09967E-2 3.92405E-2 3.72838E-2 3.69879E-2 3.36753E-2 3.38309E-2 3.40183E-2 3.36932E-2 3.3244E-2 3.37103E-2 3.43923E-2 3.48438E-2 3.5325E-2 3.53437E-2 3.60298E-2 3.55287E-2 3.4535E-2 3.41601E-2 3.45943E-2 3.45919E-2 3.58327E-2 3.57042E-2 3.20245E-2
1.04873E-2 1.04081E-2 1.11976E-2 1.1394E-2 1.29303E-2 1.47049E-2 1.50126E-2 1.81146E-2 1.99087E-2 2.17835E-2 2.37536E-2 2.71472E-2 2.71355E-2 2.89535E-2 2.9989E-2 2.92564E-2 3.02369E-2 2.92284E-2 2.75005E-2 2.95044E-2 2.02824E-2 1.7518E-2 2.24954E-2 2.99057E-2 4.02923E-2 4.2283E-2 4.63935E-2 4.42641E-2 4.05833E-2 3.87871E-2 4.21917E-2 3.96951E-2 3.57178E-2 3.52159E-2 3.3829E-2 3.38979E-2 3.42451E-2 3.48704E-2 3.69585E-2 3.90306E-2 3.86571E-2 3.72395E-2 3.56694E-2 3.37403E-2 3.41326E-2 3.448E-2 3.49829E-2 3.52914E-2 3.52971E-2 3.44908E-2 3.49624E-2 3.53984E-2 3.52113E-2 3.36263E-2 3.45837E-2 3.34147E-2 3.33326E-2 3.35674E-2 3.3193E-2 3.27202E-2 3.16135E-2
1.01664E-2 1.04112E-2 1.02855E-2 1.12462E-2 1.30273E-2 1.69204E-2 1.7795E-2 1.86186E-2 1.92571E-2 1.78149E-2 1.63695E-2 1.56399E-2 2.26923E-2 2.3722E-2 2.47317E-2 2.57139E-2 2.93003E-2 2.70884E-2 2.59095E-2 2.59452E-2 2.50015E-2 2.33006E-2 2.15163E-2 2.37177E-2 3.00935E-2 3.87687E-2 5.08521E-2 5.37598E-2 5.01067E-2 5.15147E-2 5.12458E-2 4.87915E-2 4.34665E-2 3.93832E-2 3.66619E-2 3.58492E-2 3.57935E-2 3.61274E-2 3.81929E-2 4.08798E-2 4.21891E-2 3.98181E-2 3.853E-2 3.63448E-2 3.44275E-2 3.46627E-2 3.51547E-2 3.44974E-2 3.42831E-2 3.41343E-2 3.38683E-2 3.49282E-2 3.45893E-2 3.47422E-2 3.40299E-2 3.2503E-2 3.17385E-2 3.26735E-2 3.1524E-2 3.12666E-2 3.08455E-2
1.3949E-2 1.22708E-2 1.32193E-2 1.63379E-2 1.62129E-2 1.7859E-2 1.70289E-2 1.78229E-2 1.86737E-2 1.94035E-2 1.96387E-2 2.00439E-2 2.19884E-2 2.37708E-2 2.40154E-2 2.46248E-2 2.58629E-2 2.43433E-2 2.5989E-2 2.60031E-2 2.82067E-2 2.80878E-2 2.5496E-2 2.44488E-2 2.80265E-2 3.26597E-2 5.14334E-2 5.64862E-2 5.50048E-2 5.42167E-2 5.47427E-2 5.05135E-2 4.39895E-2 4.07198E-2 3.89035E-2 3.81502E-2 3.78212E-2 3.84136E-2 3.85577E-2 4.10637E-2 4.25675E-2 4.21445E-2 3.98591E-2 3.81735E-2 3.56433E-2 3.48227E-2 3.64245E-2 3.58114E-2 3.63575E-2 3.59872E-2 3.58735E-2 3.53859E-2 3.44858E-2 3.37594E-2 3.35884E-2 3.29986E-2 3.20529E-2 3.12881E-2 3.14432E-2 3.15271E-2 3.10198E-2
1.63361E-2 1.52679E-2 1.69879E-2 1.72134E-2 1.93653E-2 1.92442E-2 1.86076E-2 1.99658E-2 1.98239E-2 2.01086E-2 2.17844E-2 2.30861E-2 2.36603E-2 2.43384E-2 2.86546E-2 2.87787E-2 2.82791E-2 2.576E-2 2.49691E-2 2.64204E-2 2.92331E-2 2.92524E-2 2.83183E-2 2.73345E-2 2.85919E-2 3.62817E-2 5.08669E-2 5.22169E-2 5.35611E-2 5.25847E-2 5.56078E-2 5.18478E-2 4.75666E-2 4.45472E-2 4.15449E-2 4.1293E-2 4.03922E-2 4.02617E-2 4.26059E-2 4.42307E-2 4.4667E-2 4.25206E-2 4.07652E-2 3.95998E-2 3.69091E-2 3.68603E-2 3.70384E-2 3.70664E-2 3.67849E-2 3.63484E-2 3.65208E-2 3.56805E-2 3.53055E-2 3.45585E-2 3.44649E-2 3.40835E-2 3.31623E-2 3.25468E-2 3.12913E-2 3.07626E-2 3.11391E-2
1.70824E-2 1.56751E-2 2.00414E-2 2.12908E-2 2.14846E-2 2.16845E-2 2.11354E-2 2.00362E-2 2.11499E-2 1.99373E-2 2.03172E-2 2.16187E-2 2.27971E-2 2.43464E-2 2.8481E-2 2.97089E-2 2.95502E-2 2.5366E-2 2.61968E-2 2.84593E-2 3.13616E-2 3.13423E-2 2.99969E-2 2.90523E-2 2.80418E-2 3.45868E-2 4.27078E-2 4.6708E-2 5.05494E-2 5.03138E-2 5.08246E-2 5.43649E-2 5.23656E-2 4.87564E-2 4.47617E-2 5.03148E-2 4.91989E-2 4.56443E-2 4.20949E-2 4.27521E-2 4.50799E-2 4.4707E-2 4.28041E-2 4.13793E-2 3.89764E-2 3.7526E-2 3.6323E-2 3.52194E-2 3.50904E-2 3.60325E-2 3.59161E-2 3.61346E-2 3.62932E-2 3.61988E-2 3.58203E-2 3.48589E-2 3.35951E-2 3.22764E-2 3.23227E-2 3.3207E-2 3.33483E-2
1.97422E-2 1.94364E-2 2.23074E-2 2.28226E-2 2.19329E-2 2.40921E-2 2.2387E-2 2.07573E-2 2.11302E-2 2.20199E-2 2.03614E-2 2.1637E-2 2.23932E-2 2.3294E-2 2.58931E-2 2.80446E-2 2.89905E-2 2.3781E-2 2.58596E-2 2.58371E-2 3.12267E-2 3.33304E-2 3.15867E-2 2.84036E-2 2.71457E-2 3.00732E-2 4.23562E-2 4.78095E-2 4.88438E-2 4.83889E-2 4.93416E-2 5.13325E-2 4.89432E-2 4.65256E-2 4.72978E-2 4.66541E-2 4.68835E-2 4.83891E-2 4.72768E-2 4.35478E-2 4.14437E-2 4.3676E-2 4.31569E-2 4.28353E-2 4.0975E-2 3.89066E-2 3.69374E-2 3.50097E-2 3.4698E-2 3.57506E-2 3.68009E-2 3.72127E-2 3.70616E-2 3.68452E-2 3.62555E-2 3.43645E-2 3.42834E-2 3.43025E-2 3.42737E-2 3.6261E-2 3.62691E-2
2.16516E-2 2.16465E-2 2.20883E-2 2.31135E-2 2.35595E-2 2.15051E-2 2.26828E-2 2.03219E-2 2.07645E-2 2.1488E-2 2.21125E-2 2.29449E-2 2.20134E-2 2.1036E-2 2.16726E-2 2.33896E-2 2.48426E-2 2.4165E-2 2.37513E-2 2.47956E-2 2.43741E-2 3.31572E-2 3.33422E-2 2.87258E-2 2.77328E-2 2.80942E-2 3.91296E-2 4.4225E-2 4.44211E-2 4.4721E-2 4.57948E-2 4.94804E-2 4.81128E-2 4.64149E-2 4.6428E-2 4.54371E-2 4.61277E-2 4.72394E-2 4.64479E-2 4.66386E-2 4.542E-2 4.49304E-2 4.34861E-2 4.29104E-2 4.23166E-2 4.12739E-2 3.9804E-2 3.7602E-2 3.74702E-2 3.84217E-2 3.98828E-2 3.99484E-2 3.94111E-2 3.77529E-2 3.5355E-2 3.45518E-2 3.53151E-2 3.54076E-2 3.63841E-2 3.71753E-2 3.77303E-2
2.42312E-2 2.14082E-2 2.12638E-2 2.12417E-2 2.28756E-2 2.05115E-2 2.12213E-2 2.20765E-2 2.19835E-2 2.13684E-2 2.31004E-2 2.24052E-2 2.33864E-2 1.90647E-2 2.06767E-2 2.76194E-2 2.41293E-2 2.31012E-2 2.11244E-2 2.25513E-2 2.39298E-2 2.96766E-2 3.64551E-2 3.3277E-2 3.02672E-2 2.87139E-2 3.65353E-2 4.25493E-2 4.52882E-2 4.59501E-2 4.76501E-2 4.99161E-2 4.90624E-2 4.71556E-2 4.68607E-2 4.65147E-2 4.62986E-2 4.5603E-2 4.59799E-2 4.56135E-2 4.50176E-2 4.50585E-2 4.49018E-2 4.44369E-2 4.44461E-2 4.46233E-2 4.51685E-2 4.52193E-2 4.20995E-2 4.20075E-2 4.21378E-2 4.08131E-2 4.00306E-2 3.78808E-2 3.5847E-2 3.51428E-2 3.47996E-2 3.6263E-2 3.80672E-2 3.88234E-2 3.86323E-2
2.88382E-2 2.37666E-2 2.23908E-2 2.04022E-2 2.21901E-2 2.14654E-2 2.17188E-2 2.23154E-2 2.25623E-2 2.18784E-2 2.04044E-2 2.03692E-2 2.01991E-2 1.88439E-2 1.91899E-2 2.11741E-2 2.27137E-2 2.37142E-2 2.02802E-2 1.8029E-2 2.21095E-2 2.44391E-2 3.08502E-2 3.48785E-2 3.29975E-2 3.29542E-2 3.78148E-2 4.59131E-2 5.11018E-2 5.07155E-2 5.16539E-2 5.08036E-2 4.94929E-2 4.70636E-2 4.73564E-2 4.77499E-2 4.79993E-2 4.89616E-2 4.92177E-2 4.65371E-2 4.59687E-2 4.76023E-2 4.85745E-2 4.76813E-2 4.66467E-2 4.54098E-2 4.53552E-2 4.52487E-2 4.41134E-2 4.29641E-2 4.18064E-2 4.15076E-2 3.97309E-2 3.98232E-2 3.94878E-2 3.76399E-2 3.66926E-2 3.66448E-2 3.73417E-2 3.8536E-2 3.97859E-2
2.98437E-2 2.71966E-2 2.63475E-2 2.61025E-2 2.35895E-2 2.33403E-2 2.22418E-2 2.09809E-2 2.10972E-2 2.00434E-2 2.07651E-2 2.07176E-2 1.99691E-2 2.28002E-2 1.81181E-2 1.78837E-2 1.98354E-2 1.8921E-2 1.91617E-2 1.42793E-2 1.54098E-2 2.21758E-2 2.32004E-2 2.93833E-2 4.05674E-2 4.73496E-2 5.18336E-2 5.93153E-2 5.60323E-2 5.63709E-2 5.54642E-2 5.19105E-2 4.69161E-2 4.74609E-2 5.02836E-2 5.18526E-2 5.25154E-2 5.06796E-2 5.18552E-2 4.99151E-2 4.92E-2 4.93832E-2 4.99833E-2 5.03562E-2 4.95483E-2 4.75376E-2 4.67709E-2 4.53037E-2 4.37923E-2 4.30247E-2 4.19887E-2 4.14055E-2 3.94906E-2 3.83344E-2 4.1312E-2 4.20693E-2 3.99223E-2 3.91395E-2 3.90612E-2 3.94822E-2 4.01026E-2
2.3677E-2 1.93081E-2 1.96568E-2 2.62354E-2 2.76068E-2 2.57999E-2 2.26659E-2 1.75073E-2 1.84681E-2 1.95029E-2 2.02405E-2 2.04412E-2 1.83797E-2 2.26777E-2 2.10584E-2 1.88066E-2 1.59323E-2 1.56086E-2 1.60444E-2 1.06711E-2 9.92617E-3 1.33098E-2 2.37637E-2 2.59788E-2 4.1474E-2 5.13708E-2 5.89119E-2 5.61581E-2 5.37772E-2 5.38396E-2 5.47456E-2 5.20291E-2 4.71114E-2 4.89902E-2 5.09765E-2 5.08011E-2 4.8876E-2 4.82425E-2 4.67431E-2 4.69607E-2 4.94044E-2 5.04477E-2 4.85792E-2 4.85049E-2 4.97638E-2 4.91514E-2 4.89963E-2 4.60768E-2 4.48354E-2 4.24597E-2 4.28634E-2 4.26036E-2 4.16091E-2 4.17992E-2 4.14499E-2 4.07329E-2 3.99337E-2 4.11638E-2 4.20206E-2 4.27151E-2 4.19024E-2
2.23941E-2 1.93653E-2 1.91539E-2 2.39549E-2 3.00574E-2 2.65057E-2 2.42497E-2 2.0095E-2 1.75834E-2 1.65138E-2 1.67867E-2 1.67291E-2 1.57305E-2 1.46243E-2 1.47622E-2 1.62156E-2 1.12613E-2 1.59511E-2 1.49417E-2 1.12498E-2 1.05938E-2 1.3127E-2 1.92602E-2 2.23194E-2 3.04666E-2 4.96667E-2 5.84571E-2 5.31297E-2 4.80313E-2 5.03011E-2 5.09597E-2 5.0098E-2 5.02018E-2 4.88396E-2 4.85587E-2 4.79971E-2 4.83184E-2 4.75691E-2 4.60188E-2 4.91831E-2 4.96625E-2 4.98475E-2 4.95338E-2 5.12772E-2 5.1256E-2 4.99582E-2 4.76741E-2 4.5407E-2 4.457E-2 4.30786E-2 4.25692E-2 4.50031E-2 4.44858E-2 4.3415E-2 4.31116E-2 4.12536E-2 4.08879E-2 4.14216E-2 4.18885E-2 4.23183E-2 4.22018E-2
