maxent_outputs/red_flowers_linear/red_162.asc
ncols         426
nrows         180
xllcorner     -130.0
yllcorner     24.0
cellsize      0.16666666666666666
NODATA_value  -9999
[rows 54 to 80 of 180, columns 61 to 121 of 426]
6.50817E-1 6.72637E-1 6.23553E-1 6.23147E-1 6.54547E-1 6.72925E-1 7.21665E-1 7.04473E-1 7.00872E-1 7.43094E-1 6.77929E-1 5.42521E-1 5.37095E-1 5.47968E-1 5.94409E-1 6.23578E-1 5.53109E-1 5.53681E-1 5.90724E-1 5.66874E-1 5.89044E-1 5.80195E-1 6.00251E-1 6.7498E-1 6.43679E-1 6.69134E-1 6.68467E-1 6.86115E-1 6.63154E-1 6.60976E-1 5.83668E-1 6.39729E-1 6.52071E-1 6.81309E-1 6.27524E-1 6.03996E-1 5.75281E-1 5.17567E-1 6.42749E-1 5.67436E-1 6.05719E-1 5.85119E-1 6.01854E-1 5.6797E-1 5.81826E-1 5.7808E-1 6.378E-1 6.1271E-1 6.66137E-1 5.97014E-1 6.41816E-1 6.27099E-1 5.82941E-1 6.2436E-1 5.7675E-1 5.55088E-1 5.22242E-1 5.38733E-1 6.01234E-1 6.62458E-1 6.34536E-1
6.4811E-1 6.34072E-1 6.319E-1 6.56833E-1 6.3763E-1 6.669E-1 6.82252E-1 7.13376E-1 6.64969E-1 6.64809E-1 6.60017E-1 6.03166E-1 5.37293E-1 5.30727E-1 5.49296E-1 5.52677E-1 5.55626E-1 5.78304E-1 6.57441E-1 5.75927E-1 5.17478E-1 6.52296E-1 5.5877E-1 6.34909E-1 6.4807E-1 6.54428E-1 6.87328E-1 6.46727E-1 6.06576E-1 6.06329E-1 6.3992E-1 6.75721E-1 6.87012E-1 5.97858E-1 5.14789E-1 6.28696E-1 6.24157E-1 5.38224E-1 5.77616E-1 5.94177E-1 6.37771E-1 6.15266E-1 5.45978E-1 5.28237E-1 5.47537E-1 5.85314E-1 5.65729E-1 5.41489E-1 5.47463E-1 5.33986E-1 5.80777E-1 5.66025E-1 4.83204E-1 5.54332E-1 5.7215E-1 6.00559E-1 5.93525E-1 6.18146E-1 5.88412E-1 6.54229E-1 6.70506E-1
6.53369E-1 6.43714E-1 6.91288E-1 6.69563E-1 6.9809E-1 7.00921E-1 6.94968E-1 6.6029E-1 6.3385E-1 5.92005E-1 5.8011E-1 6.04011E-1 5.87804E-1 5.57354E-1 5.29651E-1 5.96481E-1 5.83702E-1 6.22641E-1 4.85488E-1 4.55312E-1 4.81239E-1 6.29882E-1 6.12543E-1 6.37774E-1 6.52547E-1 6.54109E-1 6.51949E-1 6.43236E-1 6.61619E-1 6.66652E-1 6.55326E-1 6.79573E-1 6.7258E-1 5.39391E-1 5.36387E-1 4.94003E-1 5.93116E-1 6.87756E-1 5.86722E-1 5.1764E-1 6.39784E-1 5.46486E-1 5.62204E-1 5.76362E-1 5.10142E-1 4.8783E-1 5.24443E-1 5.52957E-1 5.49402E-1 5.64484E-1 5.63062E-1 5.45366E-1 5.57979E-1 5.54419E-1 5.54427E-1 5.89673E-1 6.07236E-1 6.01144E-1 6.40424E-1 6.53063E-1 6.86704E-1
6.88415E-1 6.41145E-1 6.61341E-1 6.43517E-1 6.343E-1 6.40228E-1 6.14252E-1 6.43869E-1 7.12858E-1 5.87086E-1 5.26977E-1 5.4446E-1 5.06154E-1 5.54861E-1 5.15538E-1 5.47922E-1 5.33833E-1 5.2275E-1 4.91967E-1 4.67911E-1 4.9064E-1 6.02762E-1 6.20249E-1 6.195E-1 6.58092E-1 6.4533E-1 6.10041E-1 6.41571E-1 6.30039E-1 6.71542E-1 6.64044E-1 6.79284E-1 6.81254E-1 5.68724E-1 5.5916E-1 6.14137E-1 5.07577E-1 6.04091E-1 6.52792E-1 5.975E-1 5.47583E-1 6.53022E-1 6.0314E-1 5.49604E-1 5.63007E-1 5.47391E-1 5.44581E-1 4.87446E-1 4.72129E-1 4.84862E-1 5.1598E-1 5.34595E-1 5.79626E-1 5.98672E-1 6.03944E-1 5.94779E-1 6.26634E-1 6.19687E-1 6.5558E-1 6.58043E-1 6.5207E-1
6.16498E-1 6.26192E-1 6.55462E-1 6.86957E-1 6.36843E-1 6.61153E-1 6.96924E-1 6.82291E-1 6.82917E-1 6.33605E-1 5.85369E-1 5.0555E-1 5.16581E-1 5.16856E-1 5.12917E-1 4.93922E-1 5.04042E-1 5.13185E-1 5.22719E-1 5.06427E-1 5.20687E-1 5.30032E-1 6.303E-1 6.22822E-1 6.54874E-1 6.41887E-1 6.50527E-1 6.39991E-1 6.26818E-1 5.83266E-1 6.556E-1 6.41271E-1 6.07449E-1 5.43834E-1 5.64438E-1 6.19587E-1 6.0482E-1 5.62725E-1 5.08439E-1 5.85567E-1 5.70909E-1 5.53783E-1 5.79484E-1 5.05188E-1 4.84543E-1 4.64738E-1 4.78117E-1 4.67821E-1 4.76268E-1 5.2564E-1 5.16893E-1 5.35113E-1 5.35111E-1 5.76572E-1 6.12515E-1 5.7999E-1 5.76696E-1 6.13303E-1 6.40644E-1 6.81264E-1 7.08724E-1
6.06685E-1 6.46592E-1 6.43021E-1 6.60973E-1 6.2675E-1 5.85453E-1 6.49654E-1 6.09832E-1 6.23214E-1 5.49971E-1 5.37802E-1 5.04512E-1 5.21831E-1 5.35781E-1 4.87676E-1 4.78573E-1 4.91996E-1 5.03658E-1 4.96937E-1 4.96592E-1 5.48091E-1 5.36853E-1 6.16443E-1 5.85698E-1 6.32228E-1 6.09036E-1 6.19633E-1 6.3361E-1 6.62674E-1 6.23806E-1 6.51243E-1 7.08678E-1 6.33593E-1 5.96774E-1 6.04657E-1 4.96382E-1 6.55449E-1 6.84757E-1 5.57052E-1 5.08481E-1 6.49076E-1 5.32756E-1 5.32309E-1 4.55693E-1 4.43552E-1 4.38374E-1 4.60731E-1 4.69487E-1 4.60586E-1 4.65901E-1 5.12348E-1 5.19125E-1 5.60842E-1 5.77807E-1 5.49049E-1 5.78047E-1 6.01567E-1 6.31426E-1 6.33839E-1 6.85643E-1 7.07192E-1
6.19427E-1 6.58174E-1 6.53605E-1 6.18738E-1 6.32667E-1 6.05944E-1 6.1501E-1 5.11986E-1 5.41679E-1 5.15945E-1 5.44478E-1 5.49019E-1 5.20071E-1 4.93807E-1 4.72806E-1 4.73025E-1 5.01758E-1 5.00862E-1 4.91759E-1 5.13572E-1 5.49878E-1 5.39454E-1 6.01214E-1 5.89542E-1 6.43457E-1 6.04693E-1 5.98547E-1 6.14066E-1 6.66883E-1 6.6031E-1 6.36346E-1 6.93055E-1 6.99837E-1 6.70962E-1 6.11653E-1 5.98362E-1 5.93103E-1 5.46508E-1 5.59403E-1 5.77322E-1 5.12314E-1 5.6885E-1 4.38119E-1 4.22928E-1 4.37499E-1 4.27167E-1 4.38529E-1 4.49768E-1 4.71967E-1 4.90812E-1 5.13624E-1 4.89952E-1 5.41709E-1 6.38845E-1 6.45161E-1 5.50039E-1 5.47932E-1 5.64069E-1 6.38122E-1 7.19148E-1 6.77474E-1
6.08036E-1 5.79265E-1 5.93992E-1 5.59725E-1 5.57921E-1 6.23984E-1 6.10744E-1 5.32066E-1 5.01572E-1 5.30899E-1 5.37738E-1 5.57666E-1 5.41613E-1 5.25535E-1 5.07574E-1 5.11357E-1 5.14262E-1 5.09871E-1 5.08695E-1 5.06463E-1 5.20052E-1 5.6437E-1 6.23378E-1 5.59012E-1 6.216E-1 5.82895E-1 6.14524E-1 6.27634E-1 6.40915E-1 6.43366E-1 6.69545E-1 6.58739E-1 6.07545E-1 6.46792E-1 7.0432E-1 6.64254E-1 6.26464E-1 5.32958E-1 4.90493E-1 5.57491E-1 5.30221E-1 4.26936E-1 4.07987E-1 4.16275E-1 4.3988E-1 4.3612E-1 4.57209E-1 4.85641E-1 5.05567E-1 5.43585E-1 5.8747E-1 5.25031E-1 5.02579E-1 6.6252E-1 5.85318E-1 4.92663E-1 5.68186E-1 6.14611E-1 6.67E-1 6.72212E-1 6.82225E-1
5.71368E-1 5.55998E-1 5.50094E-1 5.4975E-1 5.35451E-1 5.16192E-1 5.10523E-1 5.33492E-1 5.63242E-1 5.45698E-1 5.42389E-1 5.33401E-1 5.34745E-1 5.40748E-1 5.41722E-1 5.76438E-1 5.18509E-1 5.16681E-1 5.33423E-1 5.23019E-1 5.21003E-1 5.57099E-1 5.76847E-1 5.51262E-1 5.38003E-1 5.84405E-1 6.5227E-1 6.00249E-1 6.17942E-1 6.13251E-1 6.10488E-1 6.33212E-1 5.7487E-1 5.51717E-1 5.60276E-1 5.83507E-1 5.77258E-1 5.21454E-1 4.50745E-1 4.54392E-1 4.41045E-1 4.14721E-1 4.29489E-1 4.51139E-1 4.66337E-1 4.85828E-1 4.86293E-1 5.09612E-1 5.31567E-1 5.45638E-1 5.69393E-1 5.93816E-1 5.80464E-1 6.37433E-1 4.78503E-1 5.44862E-1 5.93706E-1 5.72839E-1 5.93701E-1 6.19672E-1 6.04435E-1
5.76882E-1 5.59009E-1 5.5056E-1 5.45267E-1 5.3728E-1 5.34356E-1 5.6304E-1 5.45295E-1 5.52586E-1 5.33168E-1 5.48215E-1 5.54207E-1 5.28969E-1 5.34141E-1 5.34991E-1 5.70589E-1 5.54963E-1 5.49853E-1 5.36312E-1 5.27015E-1 5.08125E-1 4.95771E-1 4.8714E-1 5.19744E-1 5.49304E-1 5.48315E-1 5.69679E-1 5.23902E-1 5.42233E-1 5.18927E-1 4.98319E-1 5.01539E-1 4.94894E-1 4.85335E-1 5.14293E-1 4.82042E-1 5.00189E-1 4.965E-1 4.68211E-1 4.43177E-1 4.4883E-1 4.58755E-1 4.62996E-1 4.73873E-1 4.87295E-1 4.95904E-1 5.04429E-1 5.27459E-1 5.1959E-1 5.51779E-1 5.40953E-1 5.63301E-1 6.2183E-1 5.73244E-1 5.29215E-1 6.31887E-1 6.36774E-1 6.40346E-1 5.95589E-1 6.00072E-1 7.31564E-1
5.8046E-1 5.79398E-1 5.7293E-1 5.69013E-1 5.50917E-1 5.57631E-1 5.66916E-1 5.48921E-1 5.4774E-1 5.55297E-1 5.48772E-1 5.11315E-1 5.33247E-1 5.43626E-1 5.43319E-1 5.66545E-1 5.37614E-1 5.61218E-1 5.62895E-1 5.21363E-1 5.09028E-1 4.85653E-1 4.66008E-1 4.75802E-1 4.90843E-1 5.49051E-1 5.61285E-1 5.1684E-1 4.92175E-1 4.94261E-1 4.76007E-1 4.76971E-1 4.7023E-1 4.67948E-1 4.72407E-1 4.7014E-1 4.70848E-1 4.70828E-1 4.86921E-1 4.55027E-1 4.62001E-1 4.70328E-1 4.62464E-1 4.80911E-1 4.88514E-1 4.98378E-1 5.23035E-1 5.69949E-1 5.19982E-1 5.0532E-1 5.54662E-1 5.8114E-1 5.64144E-1 5.97466E-1 5.58669E-1 5.88094E-1 5.17118E-1 5.89294E-1 5.74096E-1 6.20644E-1 7.42789E-1
5.84973E-1 5.95252E-1 5.89015E-1 5.82413E-1 5.75967E-1 5.72276E-1 5.59126E-1 5.67172E-1 5.89599E-1 5.64194E-1 5.31727E-1 5.20243E-1 5.04358E-1 5.17011E-1 5.19011E-1 5.2216E-1 5.26556E-1 5.64495E-1 6.1531E-1 5.71446E-1 5.04078E-1 4.85868E-1 4.80027E-1 4.67876E-1 4.80723E-1 4.93732E-1 5.056E-1 5.26993E-1 5.31703E-1 5.28206E-1 5.30198E-1 5.23646E-1 5.06439E-1 4.78827E-1 4.6194E-1 4.57073E-1 4.60886E-1 4.70915E-1 4.84355E-1 4.63196E-1 4.76495E-1 4.65566E-1 4.75098E-1 4.90599E-1 4.97832E-1 5.05988E-1 5.40473E-1 5.01527E-1 4.96713E-1 4.70006E-1 4.8412E-1 5.64752E-1 5.15293E-1 5.68406E-1 5.5839E-1 6.05539E-1 5.30411E-1 5.07851E-1 4.90414E-1 5.593E-1 6.81242E-1
6.07527E-1 5.99772E-1 5.92817E-1 5.75803E-1 5.72915E-1 5.80901E-1 5.81834E-1 6.05953E-1 5.98309E-1 5.59181E-1 5.72711E-1 5.30791E-1 4.94534E-1 4.98329E-1 5.18571E-1 5.17217E-1 5.29233E-1 5.38978E-1 5.9938E-1 5.86315E-1 5.44277E-1 4.99913E-1 4.9933E-1 5.12732E-1 5.06382E-1 4.89403E-1 4.87173E-1 4.93245E-1 4.7824E-1 5.0119E-1 5.12382E-1 5.04021E-1 5.0395E-1 4.7665E-1 4.54727E-1 4.63999E-1 4.65632E-1 4.6763E-1 4.73423E-1 5.0077E-1 4.89132E-1 4.97228E-1 5.31557E-1 5.24213E-1 5.23881E-1 5.48101E-1 5.69751E-1 4.95443E-1 4.88736E-1 4.74266E-1 4.92905E-1 5.32142E-1 5.19556E-1 5.12684E-1 5.75156E-1 6.10474E-1 5.62875E-1 4.70062E-1 4.49797E-1 4.49601E-1 5.30337E-1
5.95759E-1 5.85856E-1 5.8156E-1 5.64619E-1 5.57839E-1 5.83349E-1 6.24722E-1 6.99709E-1 5.59834E-1 5.70269E-1 5.5172E-1 5.20723E-1 4.80359E-1 4.81277E-1 5.26032E-1 5.29574E-1 5.39034E-1 5.95031E-1 5.99759E-1 5.58012E-1 5.71441E-1 5.70993E-1 5.24282E-1 4.91677E-1 4.80335E-1 4.79556E-1 4.64067E-1 4.65964E-1 4.6176E-1 5.01163E-1 5.13984E-1 5.13406E-1 5.11449E-1 4.77155E-1 4.80273E-1 4.95909E-1 4.9118E-1 4.96161E-1 4.97963E-1 5.05562E-1 4.90741E-1 5.20894E-1 5.32884E-1 5.13891E-1 5.55269E-1 5.11246E-1 5.77297E-1 4.69688E-1 4.92202E-1 4.72521E-1 4.85613E-1 5.5223E-1 5.14242E-1 4.95404E-1 5.99596E-1 6.30476E-1 5.49495E-1 4.78224E-1 4.37022E-1 4.29612E-1 4.17497E-1
6.14017E-1 6.23607E-1 6.02767E-1 5.75542E-1 5.54967E-1 5.8828E-1 6.07858E-1 6.29089E-1 5.28647E-1 5.41094E-1 5.13464E-1 4.9889E-1 5.11254E-1 5.05525E-1 5.39713E-1 5.32278E-1 5.29605E-1 5.49789E-1 5.56787E-1 5.39967E-1 5.42153E-1 5.42432E-1 5.66386E-1 5.52182E-1 5.12213E-1 5.11697E-1 4.87663E-1 4.89564E-1 4.9414E-1 5.23915E-1 5.40301E-1 5.31214E-1 5.23576E-1 5.24257E-1 5.1593E-1 5.15027E-1 5.25912E-1 5.2787E-1 5.11012E-1 5.00075E-1 5.23377E-1 5.21518E-1 5.85384E-1 5.18027E-1 5.35014E-1 4.89717E-1 5.17742E-1 5.51678E-1 4.98313E-1 5.39611E-1 5.28996E-1 5.66317E-1 5.32134E-1 5.50182E-1 5.99578E-1 6.35647E-1 5.57874E-1 4.65492E-1 4.10527E-1 4.03609E-1 3.98537E-1
6.59155E-1 6.21927E-1 6.16691E-1 6.15976E-1 5.85529E-1 5.72205E-1 6.07938E-1 5.36692E-1 5.35069E-1 5.25005E-1 5.39159E-1 5.55453E-1 5.57981E-1 5.60192E-1 5.51878E-1 5.44703E-1 5.44006E-1 5.86282E-1 5.37746E-1 5.2813E-1 5.3336E-1 5.28029E-1 5.51193E-1 5.58845E-1 5.51418E-1 5.39629E-1 5.24332E-1 5.28717E-1 5.10067E-1 5.15947E-1 5.21991E-1 5.33423E-1 5.46456E-1 5.53716E-1 5.41729E-1 5.28698E-1 5.42388E-1 5.62819E-1 5.44758E-1 5.21896E-1 5.68468E-1 5.51862E-1 5.56157E-1 5.20299E-1 5.07766E-1 5.2134E-1 4.94549E-1 5.60167E-1 4.90052E-1 5.96019E-1 4.78224E-1 5.40065E-1 5.00043E-1 5.09052E-1 5.93881E-1 5.9859E-1 5.92095E-1 4.83371E-1 4.22614E-1 4.18284E-1 3.95997E-1
6.25652E-1 6.09463E-1 6.05894E-1 6.11646E-1 5.99781E-1 5.91891E-1 5.93293E-1 5.39028E-1 5.6882E-1 5.62257E-1 6.05538E-1 5.62203E-1 5.56053E-1 5.69869E-1 5.61735E-1 5.53912E-1 5.33893E-1 5.31705E-1 5.26014E-1 5.22299E-1 5.31629E-1 5.2188E-1 5.29217E-1 5.60093E-1 5.61143E-1 5.57036E-1 5.29038E-1 5.30827E-1 5.35299E-1 5.52661E-1 5.58774E-1 5.40687E-1 5.50233E-1 5.72377E-1 5.74506E-1 5.51054E-1 5.74392E-1 5.87632E-1 5.38111E-1 5.15705E-1 5.22751E-1 5.30442E-1 4.93159E-1 5.00008E-1 5.05604E-1 4.89867E-1 5.28445E-1 4.71926E-1 5.05166E-1 5.92174E-1 4.71313E-1 4.67668E-1 4.26381E-1 5.01155E-1 5.77369E-1 5.81005E-1 5.39421E-1 4.68553E-1 4.59971E-1 4.4213E-1 4.10183E-1
6.22891E-1 6.11155E-1 6.13487E-1 6.11406E-1 6.16212E-1 5.90145E-1 6.01575E-1 5.58714E-1 5.89223E-1 6.40788E-1 5.85848E-1 5.82476E-1 5.25863E-1 5.68501E-1 5.6821E-1 5.57044E-1 5.4291E-1 5.38758E-1 5.31543E-1 5.20277E-1 5.28422E-1 5.29786E-1 5.65211E-1 5.79847E-1 5.65751E-1 5.68989E-1 5.55894E-1 5.33921E-1 5.52129E-1 5.85313E-1 5.71518E-1 5.42497E-1 5.08345E-1 5.6334E-1 5.34966E-1 5.47579E-1 5.63987E-1 5.30013E-1 5.27051E-1 5.21293E-1 5.51923E-1 4.62715E-1 4.72804E-1 4.74081E-1 4.73123E-1 4.6897E-1 5.13206E-1 4.59004E-1 5.11571E-1 6.0506E-1 5.7898E-1 5.68278E-1 4.57569E-1 4.30818E-1 5.23968E-1 5.31051E-1 5.07241E-1 4.53678E-1 4.55504E-1 4.18632E-1 4.15828E-1
6.22825E-1 6.2214E-1 6.33412E-1 6.1773E-1 6.04816E-1 5.68363E-1 5.52686E-1 5.5287E-1 6.16401E-1 5.7176E-1 5.72907E-1 5.53687E-1 5.14844E-1 5.54835E-1 5.89326E-1 5.77673E-1 5.475E-1 5.4019E-1 5.36499E-1 5.23783E-1 5.2492E-1 5.24802E-1 5.64677E-1 5.90316E-1 5.79694E-1 5.90038E-1 6.17945E-1 6.12781E-1 5.97465E-1 5.51973E-1 5.55274E-1 5.23614E-1 5.38621E-1 5.19574E-1 4.94222E-1 5.47228E-1 5.43814E-1 5.67365E-1 6.1447E-1 5.55834E-1 4.42513E-1 4.23905E-1 4.56655E-1 4.77333E-1 4.77067E-1 4.78325E-1 4.83367E-1 4.52914E-1 5.5548E-1 5.85883E-1 6.11041E-1 5.61704E-1 4.50061E-1 4.39672E-1 5.05003E-1 4.9586E-1 4.84816E-1 4.35743E-1 4.14705E-1 4.08932E-1 4.07988E-1
6.02241E-1 6.16053E-1 6.05053E-1 6.2142E-1 6.16776E-1 5.90595E-1 5.97371E-1 5.7062E-1 5.78317E-1 5.2094E-1 5.6734E-1 5.17016E-1 5.20055E-1 6.14071E-1 5.91088E-1 5.75666E-1 5.49247E-1 5.35301E-1 5.35523E-1 5.23024E-1 5.13381E-1 5.33048E-1 6.07085E-1 5.50836E-1 5.536E-1 5.78619E-1 6.53454E-1 6.15637E-1 5.28834E-1 5.51212E-1 5.53797E-1 5.47494E-1 5.22507E-1 5.19007E-1 5.34608E-1 5.13919E-1 5.62425E-1 5.1291E-1 4.78682E-1 4.65745E-1 4.46472E-1 4.51429E-1 4.90428E-1 4.80315E-1 4.66133E-1 4.8256E-1 4.8806E-1 4.5514E-1 5.61469E-1 5.53667E-1 5.47359E-1 4.81679E-1 4.46361E-1 4.70854E-1 4.82839E-1 4.80456E-1 4.70135E-1 4.33754E-1 4.29817E-1 4.22301E-1 4.22432E-1
5.86596E-1 6.03765E-1 6.02632E-1 6.02029E-1 5.97152E-1 6.10528E-1 6.13108E-1 5.56571E-1 5.05563E-1 5.07334E-1 5.24521E-1 4.9257E-1 5.64126E-1 5.9522E-1 5.66665E-1 5.54304E-1 5.36252E-1 5.25851E-1 5.23832E-1 5.21478E-1 5.36358E-1 5.54943E-1 5.70532E-1 5.99658E-1 5.44932E-1 5.48978E-1 5.43698E-1 5.20394E-1 5.62364E-1 5.33714E-1 5.28524E-1 5.29977E-1 5.00834E-1 5.34504E-1 5.41164E-1 4.84893E-1 5.47144E-1 4.7136E-1 4.6601E-1 4.43842E-1 5.01611E-1 5.93081E-1 5.44929E-1 4.89861E-1 4.79377E-1 4.88594E-1 5.00471E-1 5.02511E-1 5.46094E-1 5.31654E-1 5.864E-1 4.74399E-1 4.63213E-1 5.03901E-1 5.0097E-1 4.7989E-1 4.66517E-1 4.3398E-1 4.31006E-1 4.33706E-1 4.3155E-1
6.01629E-1 6.14353E-1 5.83723E-1 5.91165E-1 6.10573E-1 6.07562E-1 4.95988E-1 4.91968E-1 5.73273E-1 4.91454E-1 4.87011E-1 4.83071E-1 5.70215E-1 5.29331E-1 5.15716E-1 5.0795E-1 5.34095E-1 5.60989E-1 5.46139E-1 5.58874E-1 5.79197E-1 5.69686E-1 5.52685E-1 5.71558E-1 5.38548E-1 5.15134E-1 5.44077E-1 5.07224E-1 5.31771E-1 5.39681E-1 5.10934E-1 4.82739E-1 5.12545E-1 5.19465E-1 4.89546E-1 4.43068E-1 4.70045E-1 4.59796E-1 4.6374E-1 4.86435E-1 5.10515E-1 6.09631E-1 6.51767E-1 5.62355E-1 5.13099E-1 5.05293E-1 5.32708E-1 5.53832E-1 5.75786E-1 5.51329E-1 5.89827E-1 4.96447E-1 4.52502E-1 5.1105E-1 5.16916E-1 4.93568E-1 4.8016E-1 4.62914E-1 4.60374E-1 4.54865E-1 4.30984E-1
6.19447E-1 6.07876E-1 6.07307E-1 5.81451E-1 5.74035E-1 5.22008E-1 4.7494E-1 5.42693E-1 5.84707E-1 4.85837E-1 5.04348E-1 5.0911E-1 5.40839E-1 4.79936E-1 5.33313E-1 5.36794E-1 5.36167E-1 5.88121E-1 5.36295E-1 5.18392E-1 5.51554E-1 5.55475E-1 5.59455E-1 5.34867E-1 5.07562E-1 5.15057E-1 5.11905E-1 4.74006E-1 4.66043E-1 5.24463E-1 5.30896E-1 5.04376E-1 5.36458E-1 4.78409E-1 4.74304E-1 4.62757E-1 4.26219E-1 4.74927E-1 5.03051E-1 4.83736E-1 5.04174E-1 5.61188E-1 6.4635E-1 6.47234E-1 5.66929E-1 5.5256E-1 4.89964E-1 5.57178E-1 5.01454E-1 5.5526E-1 5.58196E-1 5.05662E-1 4.73174E-1 4.92044E-1 5.23493E-1 5.20669E-1 5.22385E-1 4.95942E-1 4.69381E-1 4.74929E-1 4.48747E-1
6.15197E-1 6.18396E-1 6.24878E-1 6.21519E-1 4.97649E-1 5.00081E-1 4.71572E-1 5.51524E-1 5.02394E-1 4.74024E-1 4.94472E-1 4.9249E-1 5.09798E-1 4.73639E-1 5.4069E-1 4.98165E-1 4.71872E-1 5.36724E-1 5.15161E-1 5.21913E-1 5.46955E-1 5.79354E-1 5.28354E-1 5.25243E-1 5.46551E-1 4.98062E-1 4.77235E-1 4.70325E-1 5.39262E-1 5.25647E-1 5.15433E-1 5.55797E-1 4.99838E-1 5.16843E-1 5.31457E-1 4.834E-1 4.64295E-1 5.01503E-1 5.09294E-1 5.15651E-1 4.70152E-1 4.62178E-1 5.67695E-1 6.44437E-1 6.77622E-1 6.21593E-1 5.48402E-1 5.56654E-1 5.10771E-1 5.40131E-1 5.41246E-1 5.31668E-1 5.23329E-1 5.17785E-1 5.61817E-1 6.07459E-1 5.9225E-1 5.66884E-1 5.31147E-1 5.10067E-1 4.69173E-1
5.84303E-1 6.17138E-1 5.85842E-1 5.18844E-1 4.72981E-1 4.72385E-1 4.72673E-1 5.17966E-1 5.00944E-1 4.84838E-1 5.05842E-1 4.85384E-1 5.11444E-1 5.76428E-1 5.25962E-1 4.73492E-1 4.57362E-1 5.06248E-1 4.85959E-1 5.07457E-1 5.12523E-1 5.09708E-1 5.11003E-1 5.21299E-1 5.10898E-1 4.77204E-1 4.57646E-1 5.41527E-1 5.9731E-1 4.98489E-1 4.83894E-1 5.48968E-1 4.73822E-1 4.96277E-1 4.62518E-1 4.50209E-1 4.87097E-1 5.08067E-1 5.37241E-1 4.95977E-1 4.7238E-1 4.32453E-1 4.90567E-1 5.6132E-1 6.63789E-1 6.34369E-1 5.30432E-1 5.32673E-1 5.98489E-1 5.44585E-1 5.25541E-1 5.4755E-1 6.05805E-1 6.28143E-1 6.70985E-1 7.00804E-1 7.09374E-1 6.87299E-1 6.55075E-1 6.07221E-1 5.2869E-1
6.09357E-1 5.7215E-1 5.78081E-1 5.03252E-1 5.12193E-1 5.1059E-1 5.22547E-1 5.50227E-1 5.20867E-1 5.17808E-1 4.90772E-1 5.47811E-1 4.95277E-1 5.76914E-1 5.37167E-1 5.34675E-1 4.98474E-1 5.02864E-1 5.31566E-1 4.71632E-1 4.83102E-1 5.2319E-1 4.64045E-1 4.93261E-1 4.81966E-1 4.69761E-1 5.52024E-1 5.87228E-1 5.43792E-1 4.83489E-1 4.82844E-1 5.04187E-1 4.56579E-1 5.4565E-1 4.6481E-1 4.80264E-1 4.81641E-1 4.8063E-1 4.97004E-1 4.69886E-1 4.28692E-1 4.79669E-1 4.71112E-1 5.22472E-1 5.66387E-1 6.45784E-1 5.12723E-1 5.17616E-1 5.79626E-1 5.86793E-1 5.24137E-1 5.97594E-1 6.821E-1 7.02326E-1 7.05027E-1 7.07463E-1 6.9841E-1 7.23299E-1 7.19101E-1 7.13782E-1 6.75042E-1
5.15191E-1 5.20375E-1 5.04202E-1 5.56263E-1 5.48917E-1 5.57597E-1 5.6459E-1 5.33915E-1 5.14428E-1 5.27569E-1 5.21681E-1 5.63411E-1 5.21893E-1 5.32873E-1 5.63372E-1 5.35796E-1 5.76419E-1 4.67226E-1 5.22468E-1 5.18914E-1 4.77067E-1 5.20817E-1 5.3846E-1 5.17032E-1 4.80145E-1 5.36337E-1 6.71131E-1 5.10673E-1 5.1164E-1 5.37458E-1 5.74789E-1 5.34164E-1 4.49505E-1 5.65928E-1 4.49043E-1 4.77742E-1 4.69565E-1 4.56972E-1 4.42977E-1 4.38038E-1 4.38454E-1 5.03812E-1 4.60066E-1 5.72718E-1 4.73774E-1 5.4723E-1 5.38323E-1 5.06513E-1 6.41305E-1 6.64214E-1 5.1709E-1 5.52676E-1 6.43946E-1 6.79376E-1 7.14821E-1 7.12986E-1 6.76082E-1 6.33445E-1 5.81654E-1 5.59864E-1 5.32665E-1
