maxent_outputs/red_flowers_linear/red_112.asc
ncols         426
nrows         180
xllcorner     -130.0
yllcorner     24.0
cellsize      0.16666666666666666
NODATA_value  -9999
[rows 54 to 80 of 180, columns 305 to 365 of 426]
2.62847E-1 2.56577E-1 2.57772E-1 2.46687E-1 2.41737E-1 2.37084E-1 2.32974E-1 2.292E-1 2.26569E-1 2.25697E-1 2.21144E-1 2.24995E-1 2.23764E-1 2.25405E-1 2.29993E-1 2.31682E-1 2.30751E-1 2.30202E-1 2.38759E-1 2.45161E-1 2.49907E-1 2.52408E-1 2.43709E-1 2.55759E-1 2.74988E-1 2.73008E-1 2.62806E-1 2.58705E-1 2.59772E-1 2.62171E-1 2.54117E-1 2.52031E-1 2.5109E-1 2.28855E-1 2.18512E-1 2.42446E-1 2.44459E-1 2.52651E-1 2.6424E-1 2.92375E-1 2.79693E-1 2.61568E-1 2.52446E-1 2.55046E-1 2.49117E-1 2.36753E-1 2.26153E-1 2.45697E-1 2.26698E-1 2.28289E-1 2.33795E-1 2.55106E-1 2.67949E-1 2.71483E-1 2.73448E-1 2.72227E-1 2.68477E-1 2.73178E-1 2.75487E-1 2.75201E-1 2.7961E-1
2.62761E-1 2.59794E-1 2.67177E-1 2.61353E-1 2.55117E-1 2.45357E-1 2.42349E-1 2.38695E-1 2.37713E-1 2.34543E-1 2.31277E-1 2.30602E-1 2.32439E-1 2.36867E-1 2.4134E-1 2.49136E-1 2.55452E-1 2.70075E-1 2.56522E-1 2.52961E-1 2.54696E-1 2.55777E-1 2.59775E-1 2.52049E-1 2.51487E-1 2.50818E-1 2.48244E-1 2.49787E-1 2.51785E-1 2.51773E-1 2.50716E-1 2.52684E-1 2.53422E-1 2.35974E-1 2.33138E-1 2.47872E-1 2.42426E-1 2.50892E-1 2.70009E-1 2.80253E-1 2.70004E-1 2.52824E-1 2.53379E-1 2.43327E-1 2.38814E-1 2.33504E-1 2.54083E-1 2.35038E-1 2.27597E-1 2.36007E-1 2.6144E-1 2.73769E-1 2.7976E-1 2.90594E-1 2.97102E-1 2.8466E-1 2.82389E-1 2.82525E-1 2.85963E-1 2.92079E-1 3.10426E-1
2.74395E-1 2.73904E-1 2.74623E-1 2.64393E-1 2.67059E-1 2.57542E-1 2.55803E-1 2.5712E-1 2.60229E-1 2.51474E-1 2.45824E-1 2.48986E-1 2.52688E-1 2.54327E-1 2.60758E-1 2.73278E-1 2.80734E-1 2.73323E-1 2.78465E-1 2.72668E-1 2.73296E-1 2.63917E-1 2.50272E-1 2.47535E-1 2.47553E-1 2.51337E-1 2.44111E-1 2.48806E-1 2.46384E-1 2.47982E-1 2.48261E-1 2.48942E-1 2.49308E-1 2.47577E-1 2.70168E-1 2.67153E-1 2.49045E-1 2.56575E-1 2.74372E-1 2.55664E-1 2.54514E-1 2.52121E-1 2.44684E-1 2.35529E-1 2.47099E-1 2.32882E-1 2.59959E-1 2.40724E-1 2.52231E-1 2.83738E-1 2.76706E-1 2.82601E-1 2.88359E-1 3.03923E-1 3.10411E-1 3.19535E-1 3.0433E-1 3.0005E-1 3.1162E-1 3.23806E-1 3.39526E-1
2.7498E-1 2.69257E-1 2.70215E-1 2.70921E-1 2.72266E-1 2.54819E-1 2.51165E-1 2.58009E-1 2.66597E-1 2.63277E-1 2.61406E-1 2.68748E-1 2.70091E-1 2.65876E-1 2.74057E-1 2.86116E-1 2.87654E-1 2.79148E-1 2.80816E-1 2.91797E-1 2.88107E-1 2.64476E-1 2.5322E-1 2.53904E-1 2.54394E-1 2.52626E-1 2.52694E-1 2.44909E-1 2.47142E-1 2.46798E-1 2.44428E-1 2.57096E-1 2.60809E-1 2.6556E-1 2.77834E-1 2.88061E-1 2.55929E-1 2.66095E-1 2.66243E-1 2.69787E-1 2.60413E-1 2.538E-1 2.41773E-1 2.40762E-1 2.41593E-1 2.34193E-1 2.77125E-1 2.79982E-1 2.9652E-1 2.97407E-1 2.88528E-1 2.99511E-1 3.05948E-1 3.18874E-1 3.25787E-1 3.29868E-1 3.24898E-1 3.29274E-1 3.40986E-1 3.56838E-1 3.67248E-1
2.71627E-1 2.76836E-1 2.77792E-1 2.7106E-1 2.71172E-1 2.693E-1 2.73559E-1 2.67453E-1 2.78949E-1 2.80464E-1 2.84839E-1 2.84904E-1 2.81674E-1 2.81403E-1 2.95966E-1 3.14355E-1 3.1932E-1 3.24836E-1 3.24959E-1 2.87547E-1 2.71337E-1 2.58993E-1 2.6464E-1 2.65112E-1 2.66452E-1 2.64768E-1 2.5923E-1 2.61745E-1 2.61441E-1 2.6328E-1 2.59424E-1 2.57222E-1 2.7339E-1 2.70999E-1 2.69364E-1 2.67758E-1 2.68004E-1 2.85258E-1 2.7474E-1 2.60269E-1 2.60222E-1 2.61947E-1 2.47575E-1 2.47708E-1 2.50348E-1 2.92893E-1 3.26793E-1 3.69135E-1 3.33285E-1 3.1843E-1 3.18399E-1 3.15082E-1 3.27597E-1 3.33584E-1 3.44454E-1 3.55164E-1 3.51516E-1 3.54899E-1 3.64736E-1 3.77421E-1 3.93347E-1
2.84486E-1 2.89985E-1 2.82984E-1 2.90312E-1 2.90995E-1 2.95661E-1 2.90644E-1 2.92132E-1 3.05606E-1 3.13001E-1 3.11849E-1 3.23752E-1 3.14753E-1 3.387E-1 3.74617E-1 4.15663E-1 3.75975E-1 3.40456E-1 3.07054E-1 2.88991E-1 2.7787E-1 2.76043E-1 2.83825E-1 2.79211E-1 2.77818E-1 2.74862E-1 2.7676E-1 2.7421E-1 2.69775E-1 2.66934E-1 2.64553E-1 2.78988E-1 2.82316E-1 2.8199E-1 2.74091E-1 2.59902E-1 2.77116E-1 2.90449E-1 2.92963E-1 2.69324E-1 2.75132E-1 2.60015E-1 2.49361E-1 2.71822E-1 3.01616E-1 3.34656E-1 3.44151E-1 3.43588E-1 3.42035E-1 3.28E-1 3.33883E-1 3.38502E-1 3.47887E-1 3.59048E-1 3.64173E-1 3.70176E-1 3.75587E-1 3.86734E-1 3.92493E-1 3.96905E-1 4.08205E-1
3.13161E-1 3.25154E-1 3.25793E-1 3.36665E-1 3.49138E-1 3.66487E-1 3.79597E-1 3.87993E-1 4.01863E-1 4.02331E-1 3.78401E-1 3.6449E-1 3.43214E-1 3.93452E-1 4.49431E-1 4.46583E-1 4.30461E-1 3.84114E-1 3.45548E-1 3.26607E-1 3.09731E-1 2.95445E-1 2.856E-1 2.91138E-1 2.91345E-1 2.91164E-1 2.90633E-1 2.92012E-1 2.86317E-1 2.74966E-1 2.67478E-1 2.71028E-1 2.8399E-1 2.8967E-1 2.75739E-1 2.64228E-1 2.85274E-1 3.06007E-1 3.03409E-1 2.78818E-1 2.82412E-1 2.80581E-1 2.76676E-1 2.89004E-1 3.0697E-1 3.239E-1 3.54077E-1 3.58695E-1 3.53851E-1 3.45766E-1 3.4514E-1 3.89791E-1 3.68295E-1 3.62962E-1 3.75162E-1 3.96549E-1 4.23295E-1 4.35744E-1 4.28436E-1 4.42648E-1 4.86961E-1
3.89582E-1 4.23171E-1 4.27678E-1 4.34908E-1 4.37616E-1 4.35172E-1 4.32822E-1 4.33046E-1 4.37284E-1 4.39216E-1 4.47383E-1 4.47508E-1 4.51706E-1 4.75154E-1 4.85375E-1 4.90787E-1 4.86702E-1 4.16732E-1 3.52523E-1 3.30765E-1 3.18694E-1 3.16429E-1 3.1177E-1 3.17461E-1 3.12198E-1 3.06788E-1 3.14158E-1 3.11254E-1 3.08006E-1 2.88144E-1 2.90558E-1 2.956E-1 2.99427E-1 3.01544E-1 2.91622E-1 2.77661E-1 2.84295E-1 3.09913E-1 3.14303E-1 3.0696E-1 3.01175E-1 2.89532E-1 2.9744E-1 3.06278E-1 3.05703E-1 3.17208E-1 3.31959E-1 3.54889E-1 3.47211E-1 3.47293E-1 3.48055E-1 3.70614E-1 3.68698E-1 3.88957E-1 4.24606E-1 4.49721E-1 4.47343E-1 4.67092E-1 -9999 5.68382E-1 -9999
4.52054E-1 4.50989E-1 4.48135E-1 4.4608E-1 4.40203E-1 4.34786E-1 4.32407E-1 4.31575E-1 4.38585E-1 4.49688E-1 4.5775E-1 4.65427E-1 4.72379E-1 4.8418E-1 4.94894E-1 4.98567E-1 4.69044E-1 4.25422E-1 3.69556E-1 3.51917E-1 3.42072E-1 3.3062E-1 3.37068E-1 3.4454E-1 3.43671E-1 3.34493E-1 3.30729E-1 3.28403E-1 3.25402E-1 3.12125E-1 3.06995E-1 3.16108E-1 3.0828E-1 3.15809E-1 2.96407E-1 2.83387E-1 2.87198E-1 2.95757E-1 3.32516E-1 3.24478E-1 3.08479E-1 3.08608E-1 3.09728E-1 3.14713E-1 3.11371E-1 3.19622E-1 3.36015E-1 3.57536E-1 3.51957E-1 3.52951E-1 3.64737E-1 3.7064E-1 3.91512E-1 4.27546E-1 -9999 -9999 -9999 -9999 -9999 -9999 -9999
4.65306E-1 4.57662E-1 4.37726E-1 4.10786E-1 4.00955E-1 3.91822E-1 3.85828E-1 3.85514E-1 4.04082E-1 4.37869E-1 4.50537E-1 4.54689E-1 4.61544E-1 4.63552E-1 4.45463E-1 3.99153E-1 3.92749E-1 3.80444E-1 3.78543E-1 3.80757E-1 3.74288E-1 3.59196E-1 3.61607E-1 3.58944E-1 3.52625E-1 3.47508E-1 3.45473E-1 3.49355E-1 3.43556E-1 3.41661E-1 3.36297E-1 3.33027E-1 3.24244E-1 3.06504E-1 2.91102E-1 2.88304E-1 3.05597E-1 3.27215E-1 3.41995E-1 3.32068E-1 3.20556E-1 3.2576E-1 3.25763E-1 3.25962E-1 3.31488E-1 3.27486E-1 3.27964E-1 3.37498E-1 3.62808E-1 3.69972E-1 3.82184E-1 3.96264E-1 4.24478E-1 -9999 -9999 -9999 -9999 -9999 -9999 -9999 -9999
4.02412E-1 3.96262E-1 3.8351E-1 3.65771E-1 3.54428E-1 3.45397E-1 3.3646E-1 3.32816E-1 3.47286E-1 3.69161E-1 3.70822E-1 3.63969E-1 3.63929E-1 3.76392E-1 3.76542E-1 3.78504E-1 3.80427E-1 3.7542E-1 3.8233E-1 3.98767E-1 3.84578E-1 3.62012E-1 3.54865E-1 3.41641E-1 3.35966E-1 3.36599E-1 3.50519E-1 3.50318E-1 3.55827E-1 3.63816E-1 3.55162E-1 3.42548E-1 3.27815E-1 3.01379E-1 2.97355E-1 3.1144E-1 3.44487E-1 3.65517E-1 3.60021E-1 3.43298E-1 3.33621E-1 3.44848E-1 3.49374E-1 3.52144E-1 3.50803E-1 3.34197E-1 3.32058E-1 3.54475E-1 3.73262E-1 3.76781E-1 4.04964E-1 4.31771E-1 -9999 -9999 -9999 -9999 -9999 -9999 -9999 -9999 -9999
3.99916E-1 4.0203E-1 3.83495E-1 3.60581E-1 3.52648E-1 3.40801E-1 3.27055E-1 3.28142E-1 3.41951E-1 3.51199E-1 3.52642E-1 3.51003E-1 3.5418E-1 3.62284E-1 3.66174E-1 3.63947E-1 3.66174E-1 3.67359E-1 3.62468E-1 3.67584E-1 3.58839E-1 3.5099E-1 3.53398E-1 3.50922E-1 3.43247E-1 3.28002E-1 3.35145E-1 3.5887E-1 3.65456E-1 3.62422E-1 3.5496E-1 3.46488E-1 3.33715E-1 3.11792E-1 3.04633E-1 3.31523E-1 3.64094E-1 3.88888E-1 3.73784E-1 3.6231E-1 3.43738E-1 3.54772E-1 3.67832E-1 3.68935E-1 3.7438E-1 3.6062E-1 3.52788E-1 3.7546E-1 3.85965E-1 4.05255E-1 4.40569E-1 4.42588E-1 -9999 -9999 -9999 -9999 -9999 -9999 -9999 -9999 -9999
3.95042E-1 4.15129E-1 3.97873E-1 3.64046E-1 3.50132E-1 3.44651E-1 3.32868E-1 3.29207E-1 3.30238E-1 3.30924E-1 3.35957E-1 3.40283E-1 3.42345E-1 3.57452E-1 3.61095E-1 3.50271E-1 3.5535E-1 3.64413E-1 3.62459E-1 3.57308E-1 3.58376E-1 3.49789E-1 3.48236E-1 3.41985E-1 3.38131E-1 3.41545E-1 3.39486E-1 3.36344E-1 3.42643E-1 3.45492E-1 3.45665E-1 3.46338E-1 3.3711E-1 3.21835E-1 3.15344E-1 3.32428E-1 3.84548E-1 4.00449E-1 3.95975E-1 3.65771E-1 3.59063E-1 3.56056E-1 3.79895E-1 3.80695E-1 3.95836E-1 3.84333E-1 3.73214E-1 3.98409E-1 4.118E-1 4.38521E-1 4.52296E-1 5.82524E-1 -9999 -9999 -9999 -9999 -9999 -9999 -9999 -9999 -9999
4.41543E-1 4.09809E-1 3.83878E-1 3.61314E-1 3.37865E-1 3.36352E-1 3.28199E-1 3.23069E-1 3.22239E-1 3.28763E-1 3.40369E-1 3.35205E-1 3.32194E-1 3.58047E-1 3.67613E-1 3.478E-1 3.55404E-1 3.62434E-1 3.60013E-1 3.54919E-1 3.49309E-1 3.41734E-1 3.44373E-1 3.316E-1 3.29642E-1 3.42052E-1 3.39009E-1 3.40477E-1 3.42623E-1 3.46672E-1 3.46654E-1 3.48577E-1 3.41239E-1 3.38212E-1 3.53896E-1 3.62496E-1 3.92427E-1 4.01413E-1 3.98724E-1 3.83605E-1 3.71416E-1 3.68322E-1 3.70697E-1 3.8728E-1 4.17429E-1 4.10044E-1 4.17947E-1 4.37139E-1 4.62886E-1 4.66068E-1 4.78586E-1 5.07303E-1 -9999 -9999 -9999 -9999 -9999 -9999 -9999 -9999 -9999
3.90707E-1 3.67068E-1 3.50436E-1 3.41396E-1 3.24768E-1 3.18146E-1 3.13841E-1 3.21496E-1 3.14678E-1 3.06357E-1 3.11846E-1 3.15526E-1 3.32941E-1 3.36478E-1 3.46041E-1 3.57741E-1 3.51558E-1 3.53905E-1 3.57586E-1 3.52686E-1 3.5613E-1 3.52173E-1 3.48915E-1 3.39574E-1 3.34886E-1 3.3615E-1 3.26725E-1 3.33041E-1 3.43515E-1 3.45768E-1 3.50499E-1 3.47891E-1 3.42967E-1 3.46113E-1 3.57344E-1 3.79723E-1 3.8845E-1 3.91098E-1 4.01251E-1 3.8726E-1 3.96164E-1 3.76393E-1 3.72551E-1 4.00913E-1 4.3541E-1 4.41448E-1 4.58872E-1 4.77188E-1 4.87207E-1 4.87847E-1 4.99241E-1 5.12156E-1 -9999 -9999 -9999 -9999 -9999 -9999 -9999 -9999 -9999
3.73473E-1 3.66982E-1 3.49504E-1 3.32399E-1 3.13687E-1 3.08221E-1 3.05182E-1 3.08752E-1 3.02796E-1 2.92717E-1 2.93331E-1 3.12733E-1 3.19835E-1 3.27496E-1 3.34817E-1 3.43764E-1 3.53286E-1 3.63625E-1 3.63238E-1 3.62614E-1 3.62599E-1 3.58842E-1 3.56254E-1 3.50731E-1 3.46349E-1 3.386E-1 3.27722E-1 3.35169E-1 3.39353E-1 3.48795E-1 3.48855E-1 3.53163E-1 3.52222E-1 3.50525E-1 3.62652E-1 3.73655E-1 3.92238E-1 3.9493E-1 4.11596E-1 4.00759E-1 4.23936E-1 4.17348E-1 3.93074E-1 4.21923E-1 4.56131E-1 4.70847E-1 4.7908E-1 4.95323E-1 5.08115E-1 5.09423E-1 -9999 -9999 -9999 -9999 -9999 -9999 -9999 -9999 -9999 -9999 -9999
3.62487E-1 3.5745E-1 3.5509E-1 3.3843E-1 3.20565E-1 3.08925E-1 3.03472E-1 2.94535E-1 2.96937E-1 3.02576E-1 2.98846E-1 3.05781E-1 3.17538E-1 3.24631E-1 3.29133E-1 3.40835E-1 3.5182E-1 3.60157E-1 3.65678E-1 3.70952E-1 3.69582E-1 3.65418E-1 3.65105E-1 3.62782E-1 3.53011E-1 3.46793E-1 3.42861E-1 3.53059E-1 3.71759E-1 3.74682E-1 3.87385E-1 3.86317E-1 3.67172E-1 3.68224E-1 3.78193E-1 3.97652E-1 4.1291E-1 4.22183E-1 4.45756E-1 4.44198E-1 4.42223E-1 4.43755E-1 4.34798E-1 4.55035E-1 4.72429E-1 4.86994E-1 4.91635E-1 5.12344E-1 5.29701E-1 5.44435E-1 5.54088E-1 -9999 -9999 -9999 -9999 -9999 -9999 -9999 -9999 -9999 -9999
3.76591E-1 3.75301E-1 3.63944E-1 3.51762E-1 3.3148E-1 3.12342E-1 3.02055E-1 2.93296E-1 2.89068E-1 2.95073E-1 2.9985E-1 3.07741E-1 3.1665E-1 3.28886E-1 3.39642E-1 3.42219E-1 3.49828E-1 3.58157E-1 3.68428E-1 3.73489E-1 3.71523E-1 3.69634E-1 3.72084E-1 3.78294E-1 3.75667E-1 3.70706E-1 3.72118E-1 3.96245E-1 4.08066E-1 4.23566E-1 4.178E-1 4.04129E-1 3.88497E-1 3.79173E-1 4.02412E-1 4.09562E-1 4.28557E-1 4.50681E-1 4.57285E-1 4.61565E-1 4.64474E-1 4.7039E-1 4.75046E-1 4.69328E-1 4.89634E-1 4.99943E-1 5.06806E-1 5.24473E-1 5.40785E-1 5.5508E-1 5.74223E-1 5.75821E-1 -9999 5.47748E-1 5.62712E-1 -9999 -9999 -9999 -9999 -9999 -9999
3.77691E-1 3.79904E-1 3.66077E-1 3.54385E-1 3.34747E-1 3.1944E-1 3.09382E-1 3.02548E-1 2.98339E-1 3.03219E-1 3.0612E-1 3.10741E-1 3.18463E-1 3.16596E-1 3.32897E-1 3.47056E-1 3.53242E-1 3.54205E-1 3.62715E-1 3.69534E-1 3.70649E-1 3.74284E-1 3.80972E-1 3.79713E-1 3.82058E-1 3.85373E-1 3.93002E-1 4.04964E-1 4.2963E-1 4.45652E-1 4.28006E-1 4.22463E-1 4.11645E-1 3.98217E-1 4.13684E-1 4.34858E-1 4.59826E-1 4.80607E-1 4.70613E-1 4.72298E-1 4.8319E-1 4.92028E-1 4.96382E-1 4.89782E-1 5.16344E-1 5.26935E-1 5.33886E-1 5.43893E-1 5.57424E-1 5.74035E-1 5.88046E-1 5.82882E-1 -9999 -9999 5.86742E-1 6.06847E-1 -9999 -9999 -9999 -9999 -9999
3.75382E-1 3.68928E-1 3.57008E-1 3.50124E-1 3.39029E-1 3.30093E-1 3.19848E-1 3.1448E-1 3.18835E-1 3.19102E-1 3.10824E-1 3.05101E-1 3.13275E-1 3.21358E-1 3.38519E-1 3.48913E-1 3.59931E-1 3.60497E-1 3.59208E-1 3.61381E-1 3.65597E-1 3.75038E-1 3.83038E-1 3.80153E-1 3.81709E-1 3.89553E-1 4.01652E-1 4.13171E-1 4.30885E-1 4.38156E-1 4.27167E-1 4.32619E-1 4.23608E-1 4.33501E-1 4.54056E-1 4.64949E-1 4.8699E-1 5.00111E-1 5.06387E-1 5.05336E-1 5.09708E-1 5.11016E-1 5.13728E-1 5.17653E-1 5.38208E-1 5.46726E-1 5.4995E-1 5.64288E-1 5.7583E-1 5.88097E-1 5.91634E-1 5.8931E-1 5.9327E-1 5.95278E-1 6.07158E-1 6.12886E-1 -9999 -9999 -9999 -9999 -9999
3.71976E-1 3.63057E-1 3.56529E-1 3.56654E-1 3.56942E-1 3.53139E-1 3.47045E-1 3.44504E-1 3.37159E-1 3.32099E-1 3.29998E-1 3.19284E-1 3.20385E-1 3.34965E-1 3.43938E-1 3.48695E-1 3.53473E-1 3.6872E-1 3.75281E-1 3.71629E-1 3.66295E-1 3.76836E-1 3.86702E-1 3.84944E-1 3.96602E-1 4.07199E-1 4.23969E-1 4.43719E-1 4.49076E-1 4.33484E-1 4.44647E-1 4.51752E-1 4.55643E-1 4.69601E-1 4.80195E-1 4.89E-1 5.09706E-1 5.29972E-1 5.38335E-1 5.42264E-1 5.37416E-1 5.42688E-1 5.48663E-1 5.5285E-1 5.58588E-1 5.57088E-1 5.61342E-1 5.86689E-1 5.91138E-1 5.98156E-1 6.09255E-1 6.07888E-1 5.96955E-1 5.9269E-1 5.95527E-1 6.3444E-1 -9999 -9999 -9999 -9999 -9999
3.7483E-1 3.68895E-1 3.68952E-1 3.69164E-1 3.72873E-1 3.70777E-1 3.69787E-1 3.64379E-1 3.5829E-1 3.54249E-1 3.55084E-1 3.54649E-1 3.62064E-1 3.6789E-1 3.69381E-1 3.64525E-1 3.63834E-1 3.67943E-1 3.81849E-1 3.81512E-1 3.86619E-1 3.94269E-1 3.9168E-1 4.07924E-1 4.11625E-1 4.24129E-1 4.39521E-1 4.51795E-1 4.59429E-1 4.63311E-1 4.8517E-1 4.94509E-1 4.93204E-1 4.98395E-1 5.10727E-1 5.25303E-1 5.45111E-1 5.59457E-1 5.6292E-1 5.75045E-1 5.81456E-1 5.81085E-1 5.78206E-1 5.65744E-1 5.62103E-1 5.6381E-1 5.73498E-1 5.91649E-1 6.04984E-1 6.15148E-1 6.15459E-1 6.11116E-1 6.21108E-1 6.55569E-1 6.14291E-1 -9999 -9999 -9999 -9999 -9999 -9999
3.89265E-1 3.7991E-1 3.79555E-1 3.81426E-1 3.83744E-1 3.77984E-1 3.81097E-1 3.8109E-1 3.77447E-1 3.80366E-1 3.8575E-1 3.93846E-1 3.99961E-1 4.06713E-1 3.92445E-1 3.81602E-1 3.82218E-1 3.84995E-1 3.93789E-1 4.03257E-1 4.07444E-1 4.07101E-1 4.19477E-1 4.2453E-1 4.21931E-1 4.37924E-1 4.50728E-1 4.59998E-1 4.78545E-1 4.99932E-1 5.09159E-1 5.10935E-1 5.03999E-1 5.21555E-1 5.37916E-1 5.56226E-1 5.72254E-1 5.78822E-1 5.82167E-1 5.84842E-1 5.94157E-1 5.92287E-1 5.8671E-1 5.85706E-1 5.65748E-1 5.74125E-1 -9999 -9999 -9999 -9999 6.17079E-1 -9999 -9999 6.05951E-1 5.87195E-1 5.88354E-1 -9999 -9999 -9999 -9999 -9999
4.02378E-1 3.99084E-1 3.92239E-1 3.9697E-1 3.94323E-1 3.86835E-1 3.85273E-1 3.84714E-1 3.99409E-1 4.05747E-1 4.05572E-1 4.05361E-1 4.19863E-1 4.23782E-1 4.0572E-1 4.03809E-1 4.03018E-1 4.1526E-1 4.1839E-1 4.18201E-1 4.18396E-1 4.29605E-1 4.41058E-1 4.47461E-1 4.5664E-1 4.59735E-1 4.59699E-1 4.9197E-1 5.2147E-1 5.31807E-1 5.33266E-1 5.3607E-1 5.30399E-1 5.46442E-1 5.61998E-1 5.66361E-1 5.9786E-1 -9999 -9999 6.07925E-1 6.20753E-1 6.20523E-1 6.13839E-1 6.10901E-1 -9999 5.80232E-1 -9999 -9999 -9999 -9999 -9999 -9999 -9999 -9999 -9999 -9999 -9999 -9999 -9999 -9999 -9999
4.23468E-1 4.21929E-1 4.17263E-1 4.11905E-1 4.07119E-1 3.93363E-1 3.98597E-1 4.12629E-1 4.10803E-1 4.12263E-1 4.16259E-1 4.29054E-1 4.38918E-1 4.32618E-1 4.32596E-1 4.23763E-1 4.21897E-1 4.36087E-1 4.43025E-1 4.47384E-1 4.48805E-1 4.52412E-1 4.52598E-1 4.71233E-1 4.79624E-1 4.82584E-1 4.98174E-1 5.27819E-1 5.47325E-1 5.59239E-1 5.68795E-1 5.67813E-1 5.57694E-1 5.76411E-1 5.95313E-1 5.93118E-1 5.96178E-1 5.96413E-1 5.93011E-1 5.88784E-1 6.23675E-1 6.09421E-1 6.06211E-1 -9999 -9999 -9999 -9999 -9999 -9999 -9999 -9999 -9999 -9999 -9999 -9999 -9999 -9999 -9999 -9999 -9999 -9999
4.39158E-1 4.36756E-1 4.311E-1 4.22692E-1 4.14296E-1 4.1876E-1 4.18616E-1 4.18315E-1 4.24016E-1 4.26274E-1 4.40194E-1 4.51594E-1 4.55345E-1 4.51364E-1 4.48195E-1 4.44393E-1 4.46495E-1 4.57158E-1 4.71775E-1 4.77154E-1 4.651E-1 4.61964E-1 4.65868E-1 4.76129E-1 4.98705E-1 5.08525E-1 5.16765E-1 5.34764E-1 5.5635E-1 5.82644E-1 6.01104E-1 6.06204E-1 5.92943E-1 5.65399E-1 5.79371E-1 5.87912E-1 5.90263E-1 5.96384E-1 5.92555E-1 5.82638E-1 -9999 -9999 -9999 -9999 -9999 -9999 -9999 -9999 -9999 -9999 -9999 -9999 -9999 -9999 -9999 -9999 -9999 -9999 -9999 -9999 -9999
4.50143E-1 4.47059E-1 4.33619E-1 4.28329E-1 4.32567E-1 4.33555E-1 4.30508E-1 4.33432E-1 4.36492E-1 4.43085E-1 4.51586E-1 4.63427E-1 4.68315E-1 4.71266E-1 4.6642E-1 4.68527E-1 4.71555E-1 4.83067E-1 4.87835E-1 4.86169E-1 4.79864E-1 4.84032E-1 4.98711E-1 5.02988E-1 5.12968E-1 5.25377E-1 5.27885E-1 5.48276E-1 5.68907E-1 5.90424E-1 6.08307E-1 6.15125E-1 6.01164E-1 5.7741E-1 5.80674E-1 6.03787E-1 6.25699E-1 -9999 -9999 -9999 -9999 -9999 -9999 -9999 -9999 -9999 -9999 -9999 -9999 -9999 -9999 -9999 -9999 -9999 -9999 -9999 -9999 -9999 -9999 -9999 -9999
