maxent_outputs/red_flowers_linear/red_4.asc
ncols         426
nrows         180
xllcorner     -130.0
yllcorner     24.0
cellsize      0.16666666666666666
NODATA_value  -9999
[rows 108 to 134 of 180, columns 244 to 304 of 426]
3.99353E-2 3.76711E-2 3.53109E-2 3.39017E-2 3.13864E-2 3.00081E-2 2.98124E-2 3.14599E-2 3.47942E-2 3.12836E-2 3.13775E-2 3.1326E-2 3.11904E-2 3.22786E-2 3.50437E-2 3.59887E-2 3.48174E-2 3.4076E-2 3.18066E-2 3.07623E-2 3.06708E-2 3.2248E-2 3.24366E-2 3.03549E-2 2.4375E-2 2.37624E-2 2.36175E-2 2.4968E-2 3.35725E-2 3.77151E-2 4.27838E-2 4.76225E-2 4.72221E-2 4.17193E-2 4.38698E-2 4.81079E-2 4.46533E-2 4.40994E-2 4.1566E-2 3.88139E-2 2.57468E-2 2.33209E-2 2.16034E-2 2.28661E-2 2.69423E-2 3.19755E-2 3.17652E-2 3.03119E-2 3.03015E-2 3.13225E-2 3.4998E-2 3.89994E-2 4.26666E-2 4.43422E-2 4.52762E-2 5.04545E-2 5.23622E-2 5.11376E-2 4.92229E-2 4.82561E-2 4.85516E-2
4.32965E-2 4.10712E-2 3.88258E-2 3.65655E-2 3.45459E-2 3.37144E-2 3.29888E-2 3.26489E-2 3.22324E-2 3.21681E-2 3.25366E-2 3.33561E-2 3.19875E-2 3.10786E-2 3.2709E-2 3.26676E-2 3.23394E-2 3.22468E-2 3.08822E-2 2.99724E-2 3.00145E-2 3.2858E-2 3.19674E-2 2.83562E-2 2.47198E-2 2.58029E-2 2.56495E-2 3.48212E-2 3.52551E-2 3.74888E-2 4.31485E-2 4.24732E-2 4.27966E-2 3.90844E-2 3.78179E-2 3.32398E-2 2.24283E-2 2.76154E-2 2.34567E-2 3.57593E-2 3.62105E-2 2.04377E-2 1.75331E-2 2.99605E-2 3.31402E-2 3.29928E-2 3.27996E-2 3.54713E-2 3.76179E-2 3.79368E-2 4.06188E-2 4.2058E-2 4.54934E-2 4.8404E-2 4.80955E-2 5.02299E-2 5.58522E-2 5.42627E-2 5.05927E-2 4.97317E-2 5.216E-2
4.70129E-2 4.31521E-2 4.24214E-2 4.1909E-2 3.83358E-2 3.73976E-2 3.59859E-2 3.56089E-2 3.36799E-2 3.18724E-2 3.18315E-2 3.2702E-2 3.25E-2 3.2496E-2 3.32281E-2 3.38625E-2 3.38598E-2 3.21694E-2 3.02156E-2 2.84366E-2 3.0584E-2 3.19439E-2 2.66192E-2 2.47113E-2 2.85827E-2 2.65861E-2 3.23517E-2 3.48352E-2 3.19761E-2 3.40164E-2 4.12211E-2 3.95332E-2 3.00351E-2 2.12168E-2 1.5626E-2 1.28948E-2 1.43027E-2 1.67376E-2 2.35117E-2 2.78448E-2 3.53062E-2 2.51418E-2 2.65183E-2 3.05427E-2 3.09792E-2 3.10431E-2 3.50485E-2 3.84279E-2 4.19966E-2 4.36313E-2 5.04906E-2 4.58501E-2 4.78452E-2 4.99777E-2 5.46683E-2 5.35218E-2 5.69809E-2 5.60131E-2 5.41448E-2 5.49706E-2 5.73923E-2
4.98495E-2 4.83994E-2 4.28969E-2 4.22924E-2 4.14898E-2 3.95796E-2 3.90516E-2 3.69109E-2 3.51701E-2 3.10228E-2 3.16806E-2 3.27966E-2 3.24437E-2 3.40663E-2 3.53489E-2 3.62074E-2 3.63694E-2 3.50867E-2 3.3058E-2 3.07429E-2 2.85366E-2 2.4279E-2 2.43046E-2 2.79139E-2 2.81996E-2 3.52639E-2 3.78116E-2 3.4398E-2 3.30659E-2 3.51514E-2 3.57769E-2 2.49406E-2 2.29474E-2 2.19897E-2 2.31021E-2 2.04332E-2 2.07199E-2 1.18085E-2 1.20786E-2 1.44515E-2 2.51422E-2 2.28608E-2 2.74508E-2 3.36199E-2 3.45856E-2 3.59008E-2 3.99064E-2 4.34288E-2 4.82974E-2 5.05587E-2 5.64145E-2 5.40093E-2 5.43403E-2 5.24032E-2 5.4197E-2 6.18858E-2 6.01154E-2 5.89757E-2 6.11938E-2 6.22803E-2 6.29993E-2
4.84511E-2 4.77895E-2 4.55698E-2 4.38641E-2 4.43875E-2 4.25728E-2 4.28259E-2 3.67171E-2 3.35203E-2 3.17945E-2 3.27795E-2 3.4428E-2 3.52474E-2 3.73902E-2 3.77053E-2 3.89929E-2 3.82014E-2 3.6534E-2 3.64952E-2 3.38519E-2 3.00708E-2 2.54864E-2 2.665E-2 3.0053E-2 3.05771E-2 4.16696E-2 3.70365E-2 3.62423E-2 3.49657E-2 3.27521E-2 2.82081E-2 1.9537E-2 1.82331E-2 1.65197E-2 1.40784E-2 1.89263E-2 1.43632E-2 1.14563E-2 8.54359E-3 1.33001E-2 1.7168E-2 2.3218E-2 3.29518E-2 3.65413E-2 3.70512E-2 3.9728E-2 4.40795E-2 4.88393E-2 5.51011E-2 6.01961E-2 6.44966E-2 6.26546E-2 5.83765E-2 5.79851E-2 6.01777E-2 6.85969E-2 6.80131E-2 6.5778E-2 6.61518E-2 6.867E-2 6.92668E-2
4.6166E-2 4.45348E-2 4.4055E-2 4.43459E-2 4.64255E-2 4.42429E-2 4.55899E-2 3.7939E-2 3.51534E-2 3.54949E-2 3.63329E-2 3.7498E-2 3.81231E-2 3.95933E-2 4.11229E-2 4.10768E-2 4.08455E-2 3.88031E-2 3.60913E-2 3.17878E-2 3.04107E-2 3.1409E-2 3.59005E-2 3.43307E-2 4.57687E-2 4.13286E-2 3.64841E-2 3.62232E-2 3.26917E-2 2.8753E-2 2.81843E-2 3.04342E-2 2.52525E-2 1.7299E-2 1.08396E-2 1.40087E-2 8.79958E-3 8.40138E-3 1.47027E-2 1.43678E-2 2.2977E-2 3.1269E-2 3.68518E-2 4.01443E-2 4.10328E-2 4.33553E-2 4.91294E-2 5.24E-2 5.45996E-2 6.24183E-2 6.70178E-2 6.46542E-2 6.07829E-2 6.24343E-2 6.76987E-2 7.55727E-2 7.97673E-2 7.42653E-2 7.5008E-2 7.60286E-2 7.59449E-2
4.25613E-2 4.17349E-2 4.42228E-2 4.46797E-2 4.71543E-2 4.51892E-2 4.49917E-2 4.42562E-2 4.13511E-2 4.13767E-2 4.36748E-2 4.28825E-2 4.22281E-2 4.35243E-2 4.23144E-2 4.22047E-2 4.20281E-2 4.10986E-2 3.66175E-2 3.34116E-2 3.50731E-2 3.62224E-2 3.27979E-2 3.50131E-2 4.08629E-2 3.81436E-2 3.64642E-2 3.48419E-2 2.35035E-2 2.59218E-2 2.69959E-2 2.70977E-2 2.36933E-2 1.85523E-2 1.4251E-2 1.34418E-2 1.41512E-2 2.00034E-2 3.2829E-2 3.16244E-2 3.21673E-2 3.76028E-2 4.40858E-2 4.63983E-2 4.87439E-2 5.00344E-2 5.33764E-2 5.68197E-2 5.75449E-2 6.10048E-2 6.37211E-2 6.31623E-2 6.28679E-2 6.64506E-2 7.33168E-2 8.02588E-2 8.51383E-2 8.52752E-2 8.27238E-2 8.30829E-2 8.13086E-2
4.32318E-2 4.50703E-2 4.52368E-2 4.49937E-2 4.59084E-2 4.40877E-2 4.35174E-2 4.41289E-2 4.50408E-2 4.85695E-2 4.87927E-2 4.88702E-2 5.14886E-2 4.93502E-2 4.68183E-2 4.58931E-2 4.84875E-2 4.48995E-2 4.02935E-2 3.92029E-2 4.07911E-2 3.27078E-2 3.3382E-2 3.44274E-2 3.86258E-2 3.83697E-2 4.06829E-2 3.76087E-2 2.66699E-2 2.48217E-2 2.15051E-2 1.90862E-2 1.93519E-2 1.88842E-2 1.95113E-2 1.96832E-2 2.46663E-2 3.09317E-2 4.00023E-2 3.94578E-2 3.96966E-2 4.45786E-2 4.80385E-2 5.1054E-2 5.29286E-2 5.59394E-2 5.82261E-2 6.1447E-2 6.02897E-2 6.20176E-2 6.62535E-2 6.65205E-2 6.59254E-2 6.99565E-2 7.75614E-2 8.19989E-2 8.74102E-2 8.91017E-2 9.17474E-2 9.29059E-2 8.91895E-2
4.7069E-2 4.74217E-2 4.62258E-2 4.59214E-2 4.83369E-2 4.74506E-2 4.61217E-2 4.267E-2 4.26744E-2 4.44377E-2 4.69075E-2 4.68715E-2 4.67476E-2 5.00457E-2 5.14504E-2 5.08753E-2 5.07266E-2 4.87192E-2 4.48757E-2 4.6571E-2 3.70728E-2 3.4757E-2 3.43881E-2 3.78427E-2 4.22116E-2 4.235E-2 4.58595E-2 4.37746E-2 3.46611E-2 2.71685E-2 2.304E-2 2.41187E-2 2.51163E-2 2.52123E-2 2.46098E-2 2.71739E-2 3.72286E-2 3.88743E-2 4.48814E-2 4.84464E-2 4.70394E-2 4.90645E-2 5.20314E-2 5.35758E-2 5.66255E-2 5.95539E-2 6.36849E-2 6.62528E-2 6.50333E-2 6.7148E-2 7.39359E-2 7.04441E-2 6.85401E-2 7.47001E-2 7.94352E-2 8.50183E-2 8.9937E-2 9.52713E-2 9.59873E-2 9.57754E-2 9.64461E-2
4.83448E-2 5.20939E-2 5.17521E-2 5.2313E-2 5.12039E-2 4.89628E-2 4.39531E-2 4.33533E-2 4.29476E-2 4.46572E-2 4.42882E-2 4.4747E-2 4.58122E-2 4.72059E-2 4.82341E-2 4.70662E-2 4.76529E-2 5.16682E-2 5.91715E-2 4.69984E-2 4.25001E-2 4.20632E-2 4.1343E-2 4.67263E-2 4.73226E-2 4.87346E-2 5.00079E-2 4.97041E-2 3.98631E-2 3.63345E-2 3.21505E-2 3.03583E-2 3.32127E-2 3.15437E-2 3.47685E-2 4.08205E-2 4.38791E-2 4.72795E-2 5.29624E-2 5.37038E-2 5.31162E-2 5.3731E-2 5.67666E-2 5.79174E-2 5.70708E-2 6.08654E-2 6.80731E-2 7.2408E-2 7.26136E-2 7.31595E-2 8.00342E-2 8.13333E-2 7.52759E-2 8.00114E-2 8.31932E-2 8.87732E-2 9.31232E-2 1.01313E-1 9.98405E-2 1.00917E-1 1.01573E-1
5.14862E-2 5.44862E-2 5.54761E-2 5.89769E-2 5.50663E-2 4.95277E-2 4.42178E-2 4.35712E-2 4.33342E-2 4.37342E-2 4.29165E-2 4.37478E-2 4.42818E-2 4.45848E-2 4.51791E-2 4.56568E-2 4.79713E-2 5.39011E-2 5.52851E-2 5.26066E-2 5.181E-2 5.03634E-2 5.71373E-2 5.25673E-2 5.23207E-2 5.16203E-2 5.39628E-2 5.47969E-2 4.7481E-2 4.23901E-2 4.0297E-2 4.16796E-2 4.52934E-2 4.10364E-2 4.50423E-2 4.89865E-2 5.30889E-2 5.59769E-2 5.74047E-2 5.91919E-2 5.88578E-2 5.80595E-2 5.92766E-2 6.03864E-2 6.05826E-2 6.11681E-2 6.85717E-2 7.7785E-2 8.21495E-2 7.87989E-2 8.08074E-2 8.47328E-2 8.68361E-2 8.62444E-2 8.99697E-2 9.40656E-2 1.01202E-1 1.10127E-1 1.14109E-1 1.07708E-1 1.09138E-1
5.77415E-2 5.92639E-2 5.73321E-2 6.13421E-2 5.84359E-2 5.34962E-2 4.48252E-2 4.40989E-2 4.42422E-2 4.51936E-2 4.47988E-2 4.57163E-2 4.74542E-2 4.80937E-2 4.87313E-2 4.89895E-2 5.1164E-2 5.56201E-2 5.75537E-2 6.09767E-2 6.08427E-2 5.92174E-2 5.7341E-2 5.55629E-2 5.48952E-2 5.48066E-2 5.64496E-2 5.99157E-2 5.93997E-2 5.39465E-2 5.04105E-2 4.79586E-2 4.58721E-2 5.03343E-2 5.38021E-2 5.61434E-2 5.90379E-2 6.5425E-2 6.5818E-2 6.5286E-2 6.59043E-2 6.03283E-2 6.15591E-2 6.15512E-2 6.40471E-2 6.46805E-2 7.29359E-2 8.89418E-2 9.51517E-2 9.44154E-2 9.37213E-2 9.21567E-2 9.46331E-2 9.27603E-2 9.70789E-2 1.04481E-1 1.14508E-1 1.22295E-1 1.22109E-1 1.18687E-1 1.20178E-1
6.16423E-2 6.26041E-2 6.15815E-2 6.27635E-2 6.28453E-2 5.48603E-2 4.71297E-2 4.54496E-2 4.57744E-2 4.71183E-2 4.62069E-2 4.75943E-2 4.94778E-2 5.1673E-2 5.09682E-2 5.18483E-2 5.38733E-2 5.31197E-2 6.15592E-2 7.04286E-2 6.62581E-2 6.09645E-2 5.74973E-2 5.45036E-2 5.56963E-2 5.39813E-2 5.37676E-2 5.52233E-2 6.572E-2 6.89194E-2 6.17844E-2 5.72813E-2 5.20078E-2 5.65404E-2 6.00203E-2 6.58303E-2 6.86626E-2 7.02385E-2 7.05855E-2 6.7217E-2 6.84577E-2 6.96017E-2 6.70643E-2 7.00142E-2 7.12317E-2 6.98529E-2 7.1769E-2 7.93127E-2 8.96656E-2 9.9053E-2 1.01157E-1 9.92877E-2 1.0324E-1 1.05771E-1 1.06933E-1 1.12213E-1 1.20077E-1 1.25969E-1 1.25474E-1 1.28391E-1 1.30357E-1
6.46497E-2 6.34066E-2 6.35019E-2 6.41433E-2 6.27241E-2 5.85722E-2 4.95528E-2 4.78637E-2 4.84387E-2 4.82991E-2 4.6899E-2 4.92118E-2 5.1928E-2 5.55703E-2 5.65422E-2 5.69066E-2 5.33213E-2 5.79822E-2 6.34968E-2 6.9111E-2 7.0318E-2 6.43478E-2 5.73707E-2 5.35467E-2 5.35189E-2 5.32025E-2 5.65063E-2 6.16488E-2 7.05306E-2 7.71942E-2 7.03419E-2 6.37534E-2 5.97119E-2 6.30598E-2 6.66909E-2 7.2796E-2 7.84904E-2 7.66005E-2 7.26008E-2 6.73122E-2 6.82091E-2 7.41503E-2 8.58402E-2 7.86323E-2 7.77114E-2 7.54097E-2 7.89579E-2 8.45586E-2 8.9716E-2 9.70163E-2 1.05686E-1 1.12849E-1 1.19991E-1 1.14399E-1 1.17453E-1 1.2178E-1 1.21889E-1 1.26388E-1 1.28657E-1 1.33891E-1 1.42867E-1
6.25853E-2 6.22179E-2 6.37107E-2 6.30644E-2 6.2619E-2 6.31052E-2 5.15993E-2 5.11949E-2 5.08484E-2 5.05521E-2 4.89238E-2 4.91729E-2 5.54989E-2 5.86381E-2 6.32699E-2 6.742E-2 5.98483E-2 6.15352E-2 7.02072E-2 7.02639E-2 7.22947E-2 6.84866E-2 5.89177E-2 5.50545E-2 5.38833E-2 5.83463E-2 6.18982E-2 6.6574E-2 6.70653E-2 7.43516E-2 7.09472E-2 6.70497E-2 6.90904E-2 7.05942E-2 7.65245E-2 8.2329E-2 9.04069E-2 8.46636E-2 8.0671E-2 7.49626E-2 7.55885E-2 7.76185E-2 8.28666E-2 9.30424E-2 8.89065E-2 8.57844E-2 8.83848E-2 9.32253E-2 9.87799E-2 1.06428E-1 1.1147E-1 1.19138E-1 1.32806E-1 1.48618E-1 1.43244E-1 1.36704E-1 1.34874E-1 1.37294E-1 1.37187E-1 1.42766E-1 1.55011E-1
6.04057E-2 5.9438E-2 6.16539E-2 6.15913E-2 6.18901E-2 6.31232E-2 5.7814E-2 5.72051E-2 5.48441E-2 5.37344E-2 5.49789E-2 5.36554E-2 5.85174E-2 6.25546E-2 7.26698E-2 7.68008E-2 6.64694E-2 6.81039E-2 6.93969E-2 6.52526E-2 6.25808E-2 5.75762E-2 5.89027E-2 5.79523E-2 5.75678E-2 6.36362E-2 6.89097E-2 7.20746E-2 7.24311E-2 7.17821E-2 7.26237E-2 7.58848E-2 8.04443E-2 8.01408E-2 8.55521E-2 8.87963E-2 9.73966E-2 9.22972E-2 8.90939E-2 8.18153E-2 8.01603E-2 8.2577E-2 8.74619E-2 1.01071E-1 1.04897E-1 9.65264E-2 1.00458E-1 1.06538E-1 1.14252E-1 1.19687E-1 1.25515E-1 1.32789E-1 1.42627E-1 1.56211E-1 1.91562E-1 1.77463E-1 1.57357E-1 1.52723E-1 1.49049E-1 1.65348E-1 1.8933E-1
5.65951E-2 5.91552E-2 6.08677E-2 6.60182E-2 7.06825E-2 7.30262E-2 7.31658E-2 6.49198E-2 5.97841E-2 5.9632E-2 6.74654E-2 6.58197E-2 6.44083E-2 6.5953E-2 7.04789E-2 7.48792E-2 7.20109E-2 7.41133E-2 7.05865E-2 6.31585E-2 5.73253E-2 5.74891E-2 6.53481E-2 6.34938E-2 6.64014E-2 7.14791E-2 7.27643E-2 7.36826E-2 7.42446E-2 7.50379E-2 7.88209E-2 8.25048E-2 8.74829E-2 9.11923E-2 9.17591E-2 9.39569E-2 9.85762E-2 9.63746E-2 9.66067E-2 9.44415E-2 8.96953E-2 9.39447E-2 9.63498E-2 1.02461E-1 1.10897E-1 1.15126E-1 1.17063E-1 1.19722E-1 1.26022E-1 1.32804E-1 1.43296E-1 1.51353E-1 1.54632E-1 1.56641E-1 1.58411E-1 2.14743E-1 1.81067E-1 1.76681E-1 1.76695E-1 1.9712E-1 2.24759E-1
5.58574E-2 5.91897E-2 6.08118E-2 6.78618E-2 7.41942E-2 7.98961E-2 8.0421E-2 7.15891E-2 6.5148E-2 6.50327E-2 6.90798E-2 6.60326E-2 6.59269E-2 6.85842E-2 7.37411E-2 7.8611E-2 8.01038E-2 7.76472E-2 7.18583E-2 6.95198E-2 6.91561E-2 6.68091E-2 6.98276E-2 7.19145E-2 7.76682E-2 8.51663E-2 7.71419E-2 7.68931E-2 7.82923E-2 8.0054E-2 8.54382E-2 9.17696E-2 9.6648E-2 9.90932E-2 9.60815E-2 9.70209E-2 9.97771E-2 1.01499E-1 1.09026E-1 1.08859E-1 1.06525E-1 1.04674E-1 1.06945E-1 1.12102E-1 1.17204E-1 1.25727E-1 1.31642E-1 1.3624E-1 1.42293E-1 1.4877E-1 1.58014E-1 1.61945E-1 1.63599E-1 1.6691E-1 1.6927E-1 1.77474E-1 1.94026E-1 1.88788E-1 2.02258E-1 2.29127E-1 2.35117E-1
5.72696E-2 6.03052E-2 6.42892E-2 6.74137E-2 7.31005E-2 7.78762E-2 7.9504E-2 7.5067E-2 7.18302E-2 7.25801E-2 6.70247E-2 6.94169E-2 7.20291E-2 7.6321E-2 7.85688E-2 7.82703E-2 8.10134E-2 8.45651E-2 8.16227E-2 8.04483E-2 8.92161E-2 8.1921E-2 7.67285E-2 7.59649E-2 8.21776E-2 8.38029E-2 8.18372E-2 8.26586E-2 8.51863E-2 9.20131E-2 9.74834E-2 9.97254E-2 1.0352E-1 1.15692E-1 1.12067E-1 1.07087E-1 1.12056E-1 1.20083E-1 1.21601E-1 1.19939E-1 1.19381E-1 1.18885E-1 1.19699E-1 1.24269E-1 1.28012E-1 1.33974E-1 1.44661E-1 1.52372E-1 1.59841E-1 1.6826E-1 1.73005E-1 1.71581E-1 1.74436E-1 1.81543E-1 1.89955E-1 2.12673E-1 2.3054E-1 2.29941E-1 2.44458E-1 -9999 -9999
6.56425E-2 6.65193E-2 6.56788E-2 7.16307E-2 7.69939E-2 7.63502E-2 7.79497E-2 7.90682E-2 7.86004E-2 7.73792E-2 7.30117E-2 7.53935E-2 8.42099E-2 8.41824E-2 8.80542E-2 8.64977E-2 8.65351E-2 9.51825E-2 9.54795E-2 9.7209E-2 1.18054E-1 9.48721E-2 8.31087E-2 8.24503E-2 8.64056E-2 9.60232E-2 9.767E-2 9.40464E-2 9.34454E-2 1.0214E-1 1.09565E-1 1.12266E-1 1.12642E-1 1.24177E-1 1.26569E-1 1.21771E-1 1.2772E-1 1.31254E-1 1.30666E-1 1.29593E-1 1.33332E-1 1.36592E-1 1.36378E-1 1.38597E-1 1.42774E-1 1.46737E-1 1.57847E-1 1.72854E-1 1.71109E-1 1.78171E-1 1.85651E-1 1.8923E-1 1.97297E-1 2.08395E-1 2.14139E-1 2.33539E-1 2.6644E-1 2.70257E-1 -9999 -9999 -9999
6.49751E-2 6.51971E-2 6.88551E-2 7.49536E-2 7.69002E-2 7.56673E-2 7.56451E-2 7.66238E-2 8.33703E-2 8.9329E-2 9.44674E-2 9.52464E-2 9.71434E-2 9.96769E-2 1.01211E-1 1.00908E-1 1.01491E-1 1.12915E-1 1.25352E-1 1.15444E-1 1.12673E-1 1.0612E-1 1.02071E-1 1.01001E-1 9.98506E-2 1.17433E-1 1.2734E-1 1.18823E-1 1.1144E-1 1.09707E-1 1.19271E-1 1.28188E-1 1.25879E-1 1.34915E-1 1.37797E-1 1.25799E-1 1.33597E-1 1.35932E-1 1.38928E-1 1.41275E-1 1.46265E-1 1.53245E-1 1.49935E-1 1.44202E-1 1.54743E-1 1.63186E-1 1.73849E-1 1.83201E-1 1.90248E-1 1.93097E-1 2.08468E-1 2.26455E-1 2.40619E-1 2.5146E-1 2.67953E-1 2.58173E-1 2.85657E-1 -9999 -9999 -9999 -9999
6.55263E-2 7.13739E-2 7.28578E-2 7.88699E-2 7.48917E-2 7.50189E-2 7.4392E-2 8.13482E-2 8.67266E-2 9.41273E-2 1.02923E-1 1.10531E-1 1.14671E-1 1.2572E-1 1.27507E-1 1.23373E-1 1.28125E-1 1.44985E-1 1.61749E-1 1.3678E-1 1.29686E-1 1.22912E-1 1.18644E-1 1.15432E-1 1.19145E-1 1.34602E-1 1.51742E-1 1.39842E-1 1.26259E-1 1.23848E-1 1.31123E-1 1.43335E-1 1.46668E-1 1.45116E-1 1.41723E-1 1.3721E-1 1.36106E-1 1.37126E-1 1.4325E-1 1.53105E-1 1.58803E-1 1.62938E-1 1.56703E-1 1.55054E-1 1.67632E-1 1.78757E-1 1.83298E-1 1.92023E-1 2.05189E-1 2.22054E-1 2.38055E-1 2.67587E-1 2.71961E-1 2.9352E-1 2.89301E-1 -9999 -9999 -9999 -9999 -9999 -9999
6.90729E-2 7.62856E-2 8.05665E-2 8.04521E-2 7.39992E-2 7.42364E-2 7.89891E-2 8.78897E-2 9.8416E-2 1.03831E-1 1.0942E-1 1.16457E-1 1.25149E-1 1.33495E-1 1.3227E-1 1.34795E-1 1.37025E-1 1.41814E-1 1.46355E-1 1.37735E-1 1.30055E-1 1.26117E-1 1.25766E-1 1.28436E-1 1.32149E-1 1.41013E-1 1.50755E-1 1.39652E-1 1.32711E-1 1.39566E-1 1.50469E-1 1.64119E-1 1.67889E-1 1.5917E-1 1.53757E-1 1.45617E-1 1.37017E-1 1.42004E-1 1.50615E-1 1.6666E-1 1.75305E-1 1.725E-1 1.65555E-1 1.68409E-1 1.79819E-1 1.86157E-1 1.98367E-1 2.13775E-1 2.2707E-1 2.48749E-1 2.62075E-1 2.91111E-1 3.01093E-1 3.09928E-1 -9999 -9999 -9999 -9999 -9999 -9999 -9999
7.49021E-2 8.23553E-2 8.89588E-2 9.55539E-2 8.14211E-2 7.56205E-2 8.55455E-2 9.88914E-2 1.03392E-1 1.11722E-1 1.20513E-1 1.30288E-1 1.40375E-1 1.3773E-1 1.38533E-1 1.39227E-1 1.42983E-1 1.41857E-1 1.40104E-1 1.31132E-1 1.23745E-1 1.20462E-1 1.24829E-1 1.36941E-1 1.41906E-1 1.52538E-1 1.47803E-1 1.47582E-1 1.46363E-1 1.51484E-1 1.73174E-1 1.76429E-1 1.86273E-1 1.82957E-1 1.64644E-1 1.58306E-1 1.52674E-1 1.56712E-1 1.67075E-1 1.79537E-1 1.88264E-1 1.80603E-1 1.7922E-1 1.81675E-1 1.92262E-1 2.05211E-1 2.14544E-1 2.36047E-1 2.57702E-1 2.79794E-1 2.95715E-1 3.02931E-1 -9999 -9999 -9999 -9999 -9999 -9999 -9999 -9999 -9999
8.13931E-2 8.64741E-2 9.02445E-2 9.79299E-2 9.22492E-2 8.82916E-2 9.29956E-2 1.04036E-1 1.08206E-1 1.18284E-1 1.30423E-1 1.37063E-1 1.35178E-1 1.38233E-1 1.42658E-1 1.41706E-1 1.41996E-1 1.36314E-1 1.33911E-1 1.27475E-1 1.24328E-1 1.22219E-1 1.31864E-1 1.43839E-1 1.52341E-1 1.65268E-1 1.48187E-1 1.51217E-1 1.57218E-1 1.68174E-1 1.77797E-1 1.85205E-1 1.98455E-1 1.91187E-1 1.77743E-1 1.77643E-1 1.75487E-1 1.74024E-1 1.76826E-1 1.88738E-1 1.96703E-1 1.93355E-1 1.96745E-1 1.98397E-1 1.98609E-1 2.15261E-1 2.4022E-1 2.54292E-1 2.80612E-1 3.04374E-1 3.23409E-1 -9999 -9999 -9999 -9999 -9999 -9999 -9999 -9999 -9999 -9999
8.63382E-2 9.26595E-2 9.27164E-2 9.56723E-2 9.56001E-2 9.33805E-2 1.00225E-1 1.06654E-1 1.09565E-1 1.15915E-1 1.29941E-1 1.39951E-1 1.39219E-1 1.3654E-1 1.3739E-1 1.38825E-1 1.42281E-1 1.39835E-1 1.34999E-1 1.30507E-1 1.2819E-1 1.34118E-1 1.40535E-1 1.46677E-1 1.55119E-1 1.75238E-1 1.54558E-1 1.58175E-1 1.64444E-1 1.69614E-1 1.77478E-1 1.86952E-1 1.88097E-1 1.86765E-1 1.88828E-1 1.83113E-1 1.85913E-1 1.89084E-1 1.93186E-1 1.95993E-1 2.02122E-1 2.04311E-1 1.98786E-1 2.04517E-1 2.22457E-1 2.25305E-1 2.39816E-1 2.72372E-1 2.99317E-1 3.11518E-1 -9999 -9999 -9999 -9999 -9999 -9999 -9999 -9999 -9999 -9999 -9999
9.13728E-2 9.4485E-2 9.64716E-2 9.98718E-2 1.01877E-1 9.95902E-2 1.04607E-1 1.13155E-1 1.15796E-1 1.1506E-1 1.32831E-1 1.33226E-1 1.33062E-1 1.33526E-1 1.3852E-1 1.37011E-1 1.36853E-1 1.35634E-1 1.30983E-1 1.27635E-1 1.29958E-1 1.37787E-1 1.42318E-1 1.45786E-1 1.48317E-1 1.65434E-1 1.59341E-1 1.67616E-1 1.75169E-1 1.78059E-1 1.82056E-1 1.87568E-1 1.85583E-1 1.83352E-1 1.83739E-1 1.81913E-1 1.8775E-1 1.93729E-1 2.01993E-1 2.07125E-1 2.12314E-1 2.16988E-1 2.13481E-1 2.20462E-1 2.28912E-1 2.49836E-1 2.49767E-1 2.82044E-1 3.19487E-1 3.22395E-1 -9999 -9999 -9999 -9999 -9999 -9999 -9999 -9999 -9999 -9999 -9999
