maxent_outputs/red_flowers_linear/red_252.asc
ncols         426
nrows         180
xllcorner     -130.0
yllcorner     24.0
cellsize      0.16666666666666666
NODATA_value  -9999
[rows 27 to 53 of 180, columns 183 to 243 of 426]
6.63778E-2 6.42764E-2 6.34866E-2 6.0905E-2 5.89382E-2 5.80658E-2 6.03205E-2 6.4017E-2 6.49035E-2 6.69193E-2 6.62448E-2 6.33942E-2 6.09362E-2 5.68273E-2 5.26607E-2 5.18826E-2 5.28014E-2 5.50087E-2 5.74872E-2 5.89516E-2 6.26304E-2 6.03598E-2 5.73742E-2 5.42701E-2 5.27296E-2 5.18568E-2 5.40922E-2 5.52226E-2 5.57945E-2 5.66115E-2 5.63172E-2 5.94441E-2 6.09152E-2 6.14404E-2 6.24754E-2 6.19187E-2 6.23262E-2 6.14624E-2 6.26435E-2 6.30732E-2 6.52809E-2 6.61333E-2 6.80042E-2 6.98264E-2 6.91819E-2 7.22379E-2 7.70117E-2 7.5859E-2 6.77532E-2 6.1939E-2 6.22084E-2 6.47125E-2 6.34192E-2 6.42984E-2 6.1291E-2 6.12867E-2 6.19531E-2 6.09408E-2 6.15288E-2 6.11666E-2 6.41351E-2
6.82781E-2 6.52869E-2 6.51529E-2 6.24878E-2 6.0354E-2 5.94209E-2 5.79854E-2 6.18101E-2 6.51178E-2 6.68514E-2 6.6958E-2 6.46001E-2 6.17675E-2 5.68227E-2 5.34472E-2 5.22813E-2 5.30574E-2 5.45731E-2 5.82621E-2 5.91618E-2 6.09759E-2 5.90284E-2 5.68602E-2 5.4389E-2 5.32681E-2 5.29388E-2 5.22351E-2 5.66213E-2 5.67417E-2 5.65706E-2 5.74345E-2 5.84485E-2 5.96923E-2 6.18816E-2 6.32351E-2 6.29996E-2 6.4181E-2 6.19995E-2 6.40257E-2 6.47051E-2 6.54111E-2 6.52173E-2 6.66739E-2 6.76041E-2 6.95701E-2 7.25855E-2 7.46406E-2 7.18795E-2 6.54233E-2 6.04366E-2 6.11856E-2 6.13301E-2 6.0171E-2 5.99507E-2 6.01625E-2 6.15624E-2 5.96776E-2 6.08058E-2 6.16182E-2 6.2278E-2 6.44383E-2
6.27605E-2 6.34176E-2 6.33405E-2 6.17783E-2 6.10353E-2 5.97207E-2 5.86275E-2 5.82415E-2 6.34675E-2 6.44722E-2 6.45217E-2 6.52306E-2 6.05498E-2 5.60157E-2 5.31142E-2 5.27894E-2 5.35377E-2 5.56371E-2 5.73832E-2 5.89257E-2 5.88464E-2 5.60072E-2 5.45279E-2 5.22797E-2 5.22822E-2 5.65163E-2 5.72366E-2 5.75619E-2 5.68979E-2 5.73101E-2 5.86444E-2 5.89877E-2 6.06436E-2 6.12793E-2 6.2596E-2 6.31672E-2 6.31556E-2 6.26036E-2 6.34738E-2 6.43573E-2 6.54012E-2 6.58244E-2 6.61355E-2 6.97794E-2 7.09361E-2 7.39205E-2 7.34542E-2 6.84003E-2 6.46945E-2 6.18469E-2 6.29419E-2 6.09374E-2 5.93366E-2 6.01707E-2 5.88491E-2 5.89429E-2 6.24531E-2 6.02026E-2 6.11155E-2 6.12365E-2 6.12335E-2
6.14303E-2 6.16722E-2 6.23302E-2 6.11768E-2 5.92981E-2 5.70029E-2 5.52904E-2 5.56186E-2 5.96144E-2 6.23338E-2 6.31839E-2 6.26402E-2 5.95794E-2 5.58096E-2 5.45876E-2 5.39721E-2 5.40613E-2 5.62557E-2 5.66575E-2 5.89107E-2 5.64612E-2 5.43305E-2 5.22036E-2 5.22252E-2 5.15454E-2 5.58446E-2 5.51471E-2 5.57753E-2 5.75417E-2 5.50324E-2 5.59086E-2 5.84878E-2 5.99783E-2 6.19172E-2 6.24263E-2 6.33181E-2 6.50426E-2 6.28773E-2 6.34166E-2 6.58307E-2 6.53117E-2 6.72687E-2 6.83243E-2 6.8255E-2 6.809E-2 6.76931E-2 6.73572E-2 6.648E-2 6.65378E-2 6.11951E-2 6.19623E-2 6.14656E-2 6.38319E-2 6.49653E-2 6.40258E-2 6.12246E-2 5.9484E-2 6.03464E-2 6.07294E-2 6.19415E-2 6.11706E-2
5.97297E-2 6.1984E-2 6.12115E-2 5.97633E-2 5.9118E-2 5.75054E-2 5.45768E-2 5.42931E-2 5.58874E-2 5.99578E-2 6.13769E-2 6.17585E-2 5.89556E-2 5.86262E-2 5.68538E-2 5.60122E-2 5.59401E-2 5.59971E-2 5.64655E-2 5.6751E-2 5.58722E-2 5.28975E-2 5.15612E-2 5.13616E-2 5.19133E-2 5.26386E-2 5.33075E-2 5.32759E-2 5.35341E-2 5.25196E-2 5.42139E-2 5.67173E-2 5.98801E-2 6.25951E-2 6.32447E-2 6.24838E-2 6.3931E-2 6.68496E-2 6.39179E-2 6.55817E-2 6.62034E-2 6.79024E-2 6.70048E-2 6.61344E-2 6.78263E-2 6.55733E-2 6.52005E-2 6.55975E-2 6.38829E-2 6.49236E-2 6.49443E-2 6.32126E-2 6.34885E-2 6.6974E-2 6.91115E-2 6.66542E-2 6.11231E-2 6.08827E-2 6.12278E-2 6.95025E-2 6.8565E-2
6.07184E-2 6.23941E-2 6.18192E-2 6.14879E-2 5.96485E-2 5.72446E-2 5.43438E-2 5.49499E-2 5.63919E-2 6.01042E-2 6.11696E-2 6.27492E-2 6.14285E-2 6.087E-2 6.04509E-2 5.96598E-2 5.90244E-2 5.70341E-2 5.6256E-2 5.58056E-2 5.48377E-2 5.34836E-2 5.26029E-2 5.28227E-2 5.32059E-2 5.36204E-2 5.27481E-2 5.29237E-2 5.46457E-2 5.28066E-2 5.49329E-2 5.71622E-2 5.96245E-2 6.27809E-2 6.30345E-2 6.12908E-2 6.12136E-2 6.29522E-2 6.54464E-2 6.5395E-2 6.54562E-2 6.4091E-2 6.45962E-2 6.36688E-2 6.63662E-2 6.68883E-2 6.51466E-2 6.49629E-2 6.55949E-2 6.33134E-2 6.30858E-2 6.07919E-2 6.14788E-2 6.65928E-2 7.10827E-2 6.86705E-2 6.75096E-2 6.94499E-2 7.02509E-2 7.09064E-2 6.68715E-2
6.34674E-2 6.3342E-2 6.24623E-2 6.05772E-2 5.9224E-2 5.78355E-2 5.71309E-2 5.55609E-2 5.71416E-2 5.99418E-2 6.23723E-2 6.2775E-2 6.33647E-2 6.25739E-2 6.17761E-2 6.23603E-2 6.24398E-2 5.96174E-2 5.61763E-2 5.52289E-2 5.48665E-2 5.44777E-2 5.34322E-2 5.3103E-2 5.44027E-2 5.41548E-2 5.46378E-2 5.47237E-2 5.43595E-2 5.47812E-2 5.55597E-2 5.81179E-2 6.03202E-2 6.14193E-2 6.14435E-2 6.12562E-2 6.15952E-2 6.22062E-2 6.26169E-2 6.27355E-2 6.36543E-2 6.40087E-2 6.56607E-2 6.61187E-2 6.59715E-2 6.54276E-2 6.39672E-2 6.52656E-2 6.4364E-2 6.42144E-2 6.6005E-2 6.60581E-2 6.41146E-2 6.64442E-2 6.58787E-2 6.9257E-2 6.99172E-2 7.48746E-2 7.49705E-2 7.33972E-2 7.34082E-2
6.62967E-2 6.77222E-2 6.56531E-2 6.43811E-2 6.16268E-2 5.99038E-2 5.93132E-2 5.96937E-2 5.90275E-2 6.13965E-2 6.38818E-2 6.48948E-2 6.6668E-2 6.65617E-2 6.55806E-2 6.42823E-2 6.39686E-2 6.18351E-2 5.87345E-2 5.7365E-2 5.58282E-2 5.61981E-2 5.49653E-2 5.4401E-2 5.49534E-2 5.52209E-2 5.60572E-2 5.59042E-2 5.43687E-2 5.5223E-2 5.58853E-2 5.78998E-2 5.8749E-2 6.00307E-2 6.16181E-2 6.16718E-2 6.11063E-2 6.12179E-2 6.10138E-2 6.19986E-2 6.12942E-2 6.22305E-2 6.41841E-2 6.36566E-2 6.49802E-2 6.5227E-2 6.46811E-2 6.54204E-2 6.46628E-2 6.5989E-2 6.65563E-2 7.0752E-2 6.83725E-2 6.82267E-2 6.74328E-2 7.06647E-2 7.54847E-2 8.04578E-2 7.93881E-2 7.7718E-2 7.99972E-2
6.71622E-2 7.01444E-2 6.93985E-2 6.85885E-2 6.51489E-2 6.34867E-2 6.11768E-2 6.12989E-2 6.04715E-2 6.23845E-2 6.53024E-2 6.81298E-2 6.83842E-2 6.95471E-2 6.99332E-2 6.65981E-2 6.52151E-2 6.26566E-2 6.07347E-2 6.04496E-2 5.84088E-2 5.77916E-2 5.70083E-2 5.7438E-2 5.66904E-2 5.79086E-2 5.8297E-2 5.84567E-2 5.89655E-2 5.89287E-2 5.89059E-2 5.92945E-2 5.87365E-2 5.94392E-2 5.96548E-2 5.96796E-2 5.99614E-2 6.00493E-2 6.02088E-2 6.1736E-2 6.16619E-2 6.21792E-2 6.2568E-2 6.17687E-2 6.17453E-2 6.22086E-2 6.36688E-2 6.61694E-2 6.52653E-2 6.60251E-2 6.70296E-2 6.67064E-2 6.57877E-2 6.56926E-2 6.57904E-2 6.98973E-2 7.43689E-2 7.9336E-2 8.24557E-2 8.94485E-2 1.02186E-1
6.76565E-2 6.71864E-2 6.63574E-2 6.48112E-2 6.46581E-2 6.33955E-2 6.22694E-2 6.11782E-2 6.13976E-2 6.24468E-2 6.57192E-2 6.86687E-2 7.15542E-2 7.10181E-2 7.2232E-2 7.07931E-2 6.70889E-2 6.43447E-2 6.22402E-2 6.15915E-2 6.08631E-2 6.03218E-2 5.90788E-2 5.84719E-2 5.7777E-2 6.09644E-2 6.04138E-2 6.1222E-2 5.87283E-2 5.87632E-2 5.95162E-2 6.0007E-2 6.12301E-2 6.09637E-2 6.09117E-2 6.08762E-2 6.08212E-2 6.06737E-2 6.03492E-2 6.1003E-2 6.00834E-2 6.0916E-2 6.22748E-2 6.41531E-2 6.21614E-2 6.3367E-2 6.22911E-2 6.35396E-2 6.33915E-2 6.42402E-2 6.45835E-2 6.42317E-2 6.44581E-2 6.3642E-2 6.32385E-2 6.66922E-2 7.739E-2 8.87707E-2 1.01748E-1 1.19485E-1 1.30948E-1
7.15979E-2 7.02608E-2 6.85998E-2 6.567E-2 6.56041E-2 6.29236E-2 6.25378E-2 6.08127E-2 6.2308E-2 6.42026E-2 6.74157E-2 6.99246E-2 7.21067E-2 7.26895E-2 7.25865E-2 7.113E-2 6.82731E-2 6.60509E-2 6.38115E-2 6.2958E-2 6.25996E-2 6.16371E-2 6.07161E-2 5.99665E-2 5.9855E-2 5.8829E-2 5.87628E-2 6.00277E-2 5.9857E-2 6.08764E-2 6.10312E-2 6.0807E-2 6.23188E-2 6.21113E-2 6.07545E-2 6.01858E-2 5.99082E-2 5.97174E-2 6.10331E-2 6.02616E-2 6.05395E-2 6.07847E-2 6.05637E-2 6.10553E-2 6.16802E-2 6.12842E-2 6.14022E-2 6.15514E-2 6.25751E-2 6.21697E-2 6.35197E-2 6.41964E-2 6.63501E-2 7.13057E-2 7.94184E-2 9.19958E-2 1.06156E-1 1.2053E-1 1.29002E-1 1.32741E-1 1.39287E-1
7.14769E-2 7.03443E-2 6.94814E-2 6.77814E-2 6.63953E-2 6.64041E-2 6.41482E-2 6.44266E-2 6.38278E-2 6.59679E-2 6.89375E-2 7.13056E-2 7.28617E-2 7.2872E-2 7.13244E-2 7.03775E-2 6.91805E-2 6.79085E-2 6.60987E-2 6.54068E-2 6.51852E-2 6.31608E-2 6.19447E-2 6.12804E-2 6.05493E-2 5.93571E-2 6.01819E-2 6.0876E-2 6.25363E-2 6.23259E-2 6.27809E-2 6.21579E-2 6.24143E-2 6.21885E-2 6.18387E-2 6.24631E-2 6.14997E-2 5.99763E-2 6.119E-2 6.0957E-2 6.14823E-2 6.2536E-2 6.11184E-2 6.24755E-2 6.25224E-2 6.20642E-2 6.1215E-2 6.08687E-2 6.16069E-2 6.31421E-2 6.80973E-2 7.31959E-2 8.78545E-2 1.02392E-1 1.09768E-1 1.1429E-1 1.19104E-1 1.28269E-1 1.33679E-1 1.41329E-1 1.49003E-1
7.12524E-2 7.0965E-2 7.277E-2 7.13605E-2 6.99928E-2 6.90151E-2 6.65612E-2 6.63788E-2 6.64808E-2 6.80839E-2 6.93122E-2 7.04934E-2 7.22228E-2 7.18488E-2 7.15718E-2 7.09407E-2 7.11645E-2 6.99009E-2 6.84974E-2 6.58687E-2 6.69168E-2 6.57396E-2 6.51538E-2 6.30734E-2 6.22289E-2 6.29909E-2 6.22889E-2 6.32707E-2 6.29369E-2 6.62134E-2 6.41161E-2 6.59185E-2 6.34561E-2 6.20399E-2 6.17064E-2 6.25903E-2 6.2606E-2 6.2522E-2 6.29538E-2 6.24066E-2 6.05515E-2 6.15145E-2 6.26431E-2 6.26007E-2 6.39722E-2 6.32547E-2 6.29615E-2 6.36697E-2 6.52204E-2 7.223E-2 8.94164E-2 1.03178E-1 1.08148E-1 1.13356E-1 1.16045E-1 1.21712E-1 1.26961E-1 1.32878E-1 1.40112E-1 1.47696E-1 1.56292E-1
6.81908E-2 6.87558E-2 7.07841E-2 7.10898E-2 7.19541E-2 7.15797E-2 6.86457E-2 6.82868E-2 6.78306E-2 6.83068E-2 7.0747E-2 7.00211E-2 7.1206E-2 7.07505E-2 7.24649E-2 7.19675E-2 7.24065E-2 7.08887E-2 6.95203E-2 6.85601E-2 6.81076E-2 6.69756E-2 6.57876E-2 6.57988E-2 6.48501E-2 6.4959E-2 6.55405E-2 6.44268E-2 6.4888E-2 6.60946E-2 6.70869E-2 6.409E-2 6.33041E-2 6.34705E-2 6.26103E-2 6.43776E-2 6.33319E-2 6.27781E-2 6.30078E-2 6.1469E-2 6.14241E-2 6.09547E-2 6.13707E-2 6.43693E-2 6.5615E-2 6.55446E-2 6.69555E-2 6.94888E-2 7.44742E-2 9.15217E-2 1.06416E-1 1.08933E-1 1.13259E-1 1.15824E-1 1.21761E-1 1.28762E-1 1.31996E-1 1.39142E-1 1.46019E-1 1.54293E-1 1.62511E-1
6.76859E-2 6.74501E-2 6.97385E-2 7.0881E-2 7.11052E-2 7.09024E-2 7.06074E-2 7.01472E-2 6.95882E-2 6.9802E-2 7.09154E-2 7.15404E-2 7.11415E-2 7.08198E-2 7.17681E-2 7.37795E-2 7.40799E-2 7.23644E-2 6.95352E-2 6.82158E-2 6.69472E-2 6.72241E-2 6.76217E-2 6.67369E-2 6.56053E-2 6.55464E-2 6.6448E-2 6.52052E-2 6.7671E-2 7.01564E-2 6.98584E-2 6.7632E-2 6.55865E-2 6.46632E-2 6.30756E-2 6.38137E-2 6.35799E-2 6.31843E-2 6.28073E-2 6.27299E-2 6.28252E-2 6.25147E-2 6.21346E-2 6.59958E-2 6.79344E-2 7.00543E-2 7.34995E-2 8.12892E-2 9.76458E-2 1.07222E-1 1.09639E-1 1.10317E-1 1.10919E-1 1.15025E-1 1.17794E-1 1.33161E-1 1.4061E-1 1.47286E-1 1.51344E-1 1.5916E-1 1.64061E-1
7.37205E-2 7.14831E-2 7.16345E-2 7.33022E-2 7.28514E-2 7.12402E-2 7.18243E-2 7.09811E-2 7.07941E-2 7.13566E-2 7.2948E-2 7.23808E-2 7.24883E-2 7.2458E-2 7.3227E-2 7.47634E-2 7.62165E-2 7.34965E-2 7.04325E-2 6.78742E-2 6.73116E-2 6.65627E-2 6.66063E-2 6.78091E-2 6.67955E-2 6.51123E-2 6.47719E-2 6.72961E-2 6.68166E-2 6.95144E-2 6.96103E-2 6.77684E-2 6.71126E-2 6.60179E-2 6.44048E-2 6.31602E-2 6.29003E-2 6.37848E-2 6.43592E-2 6.39594E-2 6.57894E-2 6.68492E-2 6.7346E-2 7.22769E-2 7.46718E-2 8.28535E-2 9.49976E-2 1.0862E-1 1.08309E-1 9.94042E-2 9.66772E-2 9.31931E-2 1.00531E-1 1.08322E-1 1.20405E-1 1.3597E-1 1.42319E-1 1.46398E-1 1.50261E-1 1.52267E-1 1.51742E-1
7.69876E-2 7.63154E-2 7.58865E-2 7.54937E-2 7.45508E-2 7.30975E-2 7.35616E-2 7.32496E-2 7.30332E-2 7.27323E-2 7.3961E-2 7.46666E-2 7.2665E-2 7.28789E-2 7.40267E-2 7.42846E-2 7.49983E-2 7.39247E-2 7.06438E-2 6.93719E-2 6.93573E-2 6.85804E-2 6.82036E-2 6.81999E-2 6.72436E-2 6.5739E-2 6.54655E-2 6.70504E-2 6.71964E-2 6.97226E-2 7.0126E-2 7.11636E-2 7.31661E-2 6.96869E-2 6.8104E-2 6.49002E-2 6.46007E-2 6.65499E-2 6.55149E-2 6.48946E-2 6.86606E-2 7.04065E-2 7.23918E-2 7.49248E-2 8.46512E-2 9.68311E-2 9.37717E-2 8.78594E-2 8.38394E-2 8.58622E-2 8.51835E-2 9.16534E-2 1.04853E-1 1.26679E-1 1.32762E-1 1.40936E-1 1.40219E-1 1.35174E-1 1.32343E-1 1.33827E-1 1.32792E-1
7.85109E-2 7.86953E-2 7.66807E-2 7.70435E-2 7.67711E-2 7.59386E-2 7.64447E-2 7.48217E-2 7.37849E-2 7.43692E-2 7.46289E-2 7.56708E-2 7.37276E-2 7.54757E-2 7.4707E-2 7.62252E-2 7.5462E-2 7.44689E-2 7.28732E-2 7.20353E-2 7.1451E-2 7.22509E-2 7.14386E-2 7.21359E-2 7.0263E-2 6.85277E-2 6.74228E-2 6.85595E-2 7.03272E-2 7.28912E-2 7.15212E-2 7.49E-2 7.46222E-2 7.21183E-2 6.96772E-2 6.68036E-2 6.63319E-2 6.68153E-2 6.60926E-2 6.71076E-2 6.75737E-2 7.22498E-2 7.3563E-2 7.56574E-2 7.79217E-2 8.03035E-2 8.28605E-2 8.30635E-2 8.44436E-2 8.37217E-2 8.33914E-2 9.03325E-2 9.69103E-2 1.11417E-1 1.20597E-1 1.20476E-1 1.21368E-1 1.22222E-1 1.23297E-1 1.28969E-1 1.20529E-1
7.89503E-2 7.91403E-2 7.91527E-2 7.9364E-2 8.02797E-2 7.76393E-2 7.74806E-2 7.8208E-2 7.75746E-2 7.59586E-2 7.71428E-2 7.64913E-2 7.65568E-2 7.68606E-2 7.80671E-2 7.72877E-2 7.5615E-2 7.50349E-2 7.5333E-2 7.60331E-2 7.56166E-2 7.59401E-2 7.59128E-2 7.70876E-2 7.26262E-2 7.123E-2 7.25836E-2 7.32315E-2 7.56376E-2 7.55324E-2 7.8283E-2 7.85773E-2 7.70599E-2 7.54578E-2 7.38816E-2 7.08703E-2 6.92576E-2 6.78409E-2 6.89462E-2 6.8964E-2 7.13317E-2 7.25541E-2 7.48037E-2 7.51676E-2 7.68083E-2 7.96777E-2 8.14383E-2 8.04086E-2 8.2295E-2 8.54256E-2 8.33036E-2 8.73854E-2 9.39685E-2 9.90469E-2 1.02989E-1 1.03214E-1 1.06816E-1 1.07943E-1 1.09946E-1 1.16015E-1 1.14083E-1
7.76131E-2 8.00559E-2 8.25065E-2 8.40364E-2 8.33532E-2 8.1689E-2 8.07327E-2 7.97226E-2 7.9715E-2 7.98833E-2 7.86726E-2 8.00596E-2 8.07548E-2 8.03946E-2 7.98357E-2 8.08716E-2 7.84461E-2 7.86097E-2 7.77771E-2 7.87357E-2 7.92064E-2 7.94166E-2 7.97374E-2 8.02218E-2 7.74104E-2 7.60689E-2 7.64995E-2 7.93498E-2 8.11998E-2 8.14552E-2 8.23209E-2 7.91947E-2 7.6295E-2 7.49192E-2 7.87579E-2 7.72959E-2 7.0251E-2 7.11004E-2 7.31328E-2 7.41857E-2 7.38851E-2 7.74831E-2 7.76554E-2 7.91036E-2 8.00556E-2 8.24659E-2 8.07233E-2 8.46781E-2 8.40121E-2 8.20335E-2 8.31383E-2 8.30006E-2 8.45521E-2 8.83461E-2 9.17818E-2 9.44597E-2 9.68748E-2 9.43001E-2 9.7144E-2 9.97104E-2 1.02412E-1
7.93736E-2 8.09591E-2 8.52951E-2 8.72304E-2 8.7523E-2 8.40606E-2 8.25641E-2 8.2897E-2 8.09088E-2 8.21353E-2 8.29319E-2 8.3994E-2 8.52678E-2 8.58961E-2 8.52721E-2 8.52181E-2 8.25536E-2 8.19804E-2 8.12542E-2 8.26588E-2 8.12282E-2 8.13802E-2 8.24776E-2 8.02356E-2 8.09234E-2 7.93283E-2 8.09759E-2 8.44003E-2 8.63937E-2 8.36844E-2 8.35924E-2 8.191E-2 7.68979E-2 7.70387E-2 7.68773E-2 7.6846E-2 7.41081E-2 7.66765E-2 7.5995E-2 7.81267E-2 7.99565E-2 8.31888E-2 8.52231E-2 8.56559E-2 8.37151E-2 8.42507E-2 8.62741E-2 8.70271E-2 8.58976E-2 8.29724E-2 8.11518E-2 8.05982E-2 8.24887E-2 8.57414E-2 8.80525E-2 9.13064E-2 9.13836E-2 8.76707E-2 9.04187E-2 9.28574E-2 9.2104E-2
8.00753E-2 8.30357E-2 8.39114E-2 8.87911E-2 8.974E-2 8.51209E-2 8.45992E-2 8.45708E-2 8.47049E-2 8.27964E-2 8.32729E-2 8.63714E-2 8.74336E-2 9.03844E-2 9.03055E-2 8.80182E-2 8.59897E-2 8.61993E-2 8.44789E-2 8.39601E-2 8.46363E-2 8.35547E-2 8.48366E-2 8.47696E-2 8.69524E-2 8.64879E-2 8.71742E-2 8.89115E-2 8.99486E-2 8.6462E-2 8.55457E-2 8.34271E-2 8.16979E-2 7.79042E-2 7.84796E-2 7.84639E-2 7.9808E-2 8.03429E-2 8.09373E-2 8.26194E-2 8.67362E-2 8.79903E-2 9.03601E-2 9.06572E-2 8.85263E-2 8.61018E-2 8.55679E-2 8.92103E-2 8.94761E-2 8.72949E-2 8.35286E-2 8.285E-2 8.43656E-2 8.42431E-2 8.69426E-2 8.81096E-2 8.80654E-2 8.91387E-2 8.82283E-2 8.88976E-2 8.80396E-2
8.32451E-2 8.48675E-2 8.7522E-2 8.92839E-2 8.72131E-2 8.64983E-2 8.63998E-2 8.79715E-2 8.82771E-2 8.81092E-2 8.69388E-2 8.59571E-2 8.48843E-2 8.70695E-2 9.55766E-2 9.37327E-2 9.1797E-2 8.91545E-2 8.66428E-2 8.52834E-2 8.68909E-2 8.80167E-2 8.9762E-2 9.29908E-2 9.28756E-2 9.24024E-2 9.05598E-2 9.32489E-2 9.27802E-2 9.1884E-2 8.97936E-2 8.75862E-2 8.43533E-2 8.18422E-2 8.22841E-2 8.35478E-2 8.48673E-2 8.36606E-2 8.57231E-2 8.66634E-2 8.98983E-2 9.04204E-2 9.11671E-2 9.04561E-2 8.86332E-2 8.55639E-2 8.68934E-2 9.11608E-2 8.89859E-2 8.44912E-2 8.51764E-2 8.54822E-2 8.39311E-2 8.37615E-2 8.43757E-2 8.49561E-2 8.65167E-2 8.65843E-2 8.63466E-2 8.77381E-2 8.72142E-2
8.54486E-2 8.54254E-2 8.7937E-2 8.78306E-2 8.64962E-2 8.81702E-2 8.85538E-2 8.95308E-2 8.90654E-2 9.02537E-2 8.9129E-2 8.89759E-2 8.5454E-2 8.35729E-2 9.09078E-2 9.66603E-2 9.41876E-2 9.21952E-2 8.97561E-2 8.74559E-2 8.82829E-2 9.09924E-2 9.50691E-2 9.47702E-2 9.81609E-2 9.66026E-2 9.39068E-2 9.44829E-2 9.42057E-2 9.37377E-2 9.49671E-2 9.17554E-2 8.79037E-2 8.82218E-2 8.89399E-2 8.94238E-2 8.98074E-2 9.06647E-2 9.17043E-2 9.23605E-2 9.36816E-2 9.26283E-2 9.31176E-2 9.22143E-2 9.28513E-2 8.95498E-2 8.91538E-2 9.00534E-2 9.22505E-2 8.85874E-2 8.7505E-2 8.86118E-2 8.55002E-2 8.24543E-2 8.25054E-2 8.1603E-2 8.42751E-2 8.63065E-2 8.77922E-2 8.85729E-2 8.99907E-2
8.96759E-2 8.9052E-2 8.84362E-2 8.96125E-2 8.87698E-2 8.86176E-2 8.87166E-2 8.86315E-2 9.17092E-2 9.1883E-2 9.28902E-2 9.22852E-2 9.07484E-2 8.34441E-2 8.42307E-2 9.25237E-2 9.4081E-2 9.20963E-2 9.01084E-2 8.98692E-2 9.20322E-2 9.57562E-2 9.55498E-2 9.64892E-2 9.9833E-2 1.01066E-1 9.93409E-2 9.49935E-2 9.4552E-2 9.56867E-2 9.50678E-2 9.51419E-2 9.32321E-2 9.52346E-2 9.69569E-2 9.89047E-2 1.0137E-1 9.91075E-2 9.63728E-2 9.71289E-2 9.37374E-2 9.52015E-2 9.29937E-2 9.36636E-2 9.47274E-2 9.33704E-2 9.30406E-2 9.30242E-2 9.16661E-2 9.02391E-2 9.02913E-2 8.72452E-2 8.7297E-2 8.68565E-2 8.40864E-2 8.48518E-2 8.90027E-2 9.06845E-2 9.48169E-2 9.16087E-2 8.99996E-2
9.16855E-2 9.22636E-2 9.34795E-2 9.24371E-2 9.13619E-2 8.9409E-2 8.93202E-2 8.9854E-2 9.09894E-2 9.3349E-2 9.39413E-2 9.5694E-2 9.2922E-2 8.59147E-2 8.38379E-2 8.85971E-2 9.03943E-2 9.08768E-2 9.23216E-2 9.28912E-2 9.50251E-2 9.60726E-2 9.81226E-2 9.8399E-2 1.01437E-1 1.02014E-1 1.04203E-1 1.00459E-1 9.61827E-2 9.55421E-2 9.79181E-2 9.96516E-2 1.01043E-1 1.01117E-1 1.01411E-1 1.03506E-1 1.06996E-1 1.05292E-1 1.04794E-1 1.03135E-1 9.83121E-2 9.51918E-2 9.5346E-2 9.51801E-2 9.70546E-2 9.68029E-2 9.51886E-2 9.23503E-2 9.36745E-2 9.51278E-2 9.23432E-2 9.00058E-2 9.04109E-2 9.03359E-2 9.03294E-2 8.75982E-2 9.07923E-2 9.41616E-2 9.66918E-2 9.4601E-2 9.02461E-2
9.41487E-2 9.67908E-2 9.7404E-2 9.55754E-2 9.36405E-2 9.17853E-2 9.16566E-2 8.93006E-2 9.02295E-2 9.39922E-2 9.44155E-2 9.33542E-2 9.07876E-2 8.66721E-2 8.46761E-2 8.61303E-2 9.22584E-2 9.26696E-2 9.58443E-2 9.46384E-2 9.29501E-2 9.56545E-2 1.0592E-1 1.04702E-1 1.04757E-1 1.05645E-1 9.92298E-2 9.78484E-2 9.73792E-2 9.85715E-2 9.99682E-2 1.04828E-1 1.00521E-1 1.00856E-1 1.02476E-1 1.031E-1 1.10438E-1 1.13123E-1 1.11649E-1 1.06968E-1 1.04188E-1 1.0081E-1 9.64704E-2 9.6886E-2 9.87979E-2 9.98166E-2 9.77863E-2 9.33409E-2 9.08097E-2 9.25203E-2 9.09523E-2 8.97252E-2 8.74541E-2 8.90087E-2 8.97288E-2 9.06948E-2 9.1557E-2 9.45641E-2 9.5024E-2 9.71091E-2 9.35086E-2
