maxent_outputs/red_flowers_linear/red_296.asc
ncols         426
nrows         180
xllcorner     -130.0
yllcorner     24.0
cellsize      0.16666666666666666
NODATA_value  -9999
[rows 0 to 26 of 180, columns 0 to 60 of 426]
1.27301E-1 1.07234E-1 1.02624E-1 9.77086E-2 8.60859E-2 8.7715E-2 8.87151E-2 8.53527E-2 7.62197E-2 6.67061E-2 5.84801E-2 4.64679E-2 3.89558E-2 4.0374E-2 4.55964E-2 3.92382E-2 3.7812E-2 3.31704E-2 3.05635E-2 2.90422E-2 2.57999E-2 2.40431E-2 2.24331E-2 2.08287E-2 1.96161E-2 1.92308E-2 2.00748E-2 2.01071E-2 1.97864E-2 2.03548E-2 1.89697E-2 1.84404E-2 1.81232E-2 1.78842E-2 1.78837E-2 1.80885E-2 1.77847E-2 1.81561E-2 2.01314E-2 2.08964E-2 2.2114E-2 2.21507E-2 2.41783E-2 2.64772E-2 2.58001E-2 2.73212E-2 2.82611E-2 2.96878E-2 3.14798E-2 3.24602E-2 3.3246E-2 3.16944E-2 2.84488E-2 2.91057E-2 2.77306E-2 2.81813E-2 2.45485E-2 2.24145E-2 2.3051E-2 2.31732E-2 2.30444E-2
1.55467E-1 1.3896E-1 1.2048E-1 1.17021E-1 1.12808E-1 1.15618E-1 1.19305E-1 1.03503E-1 7.76683E-2 7.29686E-2 6.28485E-2 5.09029E-2 4.33503E-2 3.66624E-2 3.94878E-2 4.22739E-2 4.17772E-2 3.70605E-2 3.30496E-2 3.08126E-2 2.94435E-2 2.6912E-2 2.36641E-2 2.37279E-2 2.19488E-2 1.96284E-2 1.99582E-2 1.92617E-2 1.96553E-2 1.84892E-2 1.72379E-2 1.73073E-2 1.95625E-2 1.93722E-2 1.93083E-2 1.89256E-2 1.92502E-2 1.88442E-2 1.95117E-2 2.08028E-2 2.176E-2 2.27471E-2 2.36972E-2 2.69172E-2 2.62666E-2 2.77841E-2 2.91663E-2 3.08351E-2 3.2233E-2 3.3343E-2 3.39662E-2 3.29944E-2 3.2814E-2 3.16904E-2 3.30643E-2 3.49833E-2 2.95563E-2 2.79377E-2 2.78826E-2 2.67851E-2 2.49753E-2
1.9044E-1 1.68649E-1 1.67751E-1 1.50024E-1 1.62131E-1 1.35984E-1 1.30986E-1 1.16332E-1 8.55886E-2 7.32547E-2 6.28402E-2 5.83771E-2 5.66601E-2 4.34526E-2 3.94081E-2 3.96494E-2 3.97842E-2 4.1678E-2 3.84468E-2 3.34215E-2 3.11873E-2 2.97619E-2 2.54904E-2 2.34846E-2 2.23662E-2 2.06124E-2 1.97201E-2 2.0403E-2 1.98322E-2 1.79919E-2 1.88118E-2 1.8665E-2 1.79192E-2 1.71067E-2 1.83216E-2 1.67643E-2 1.65169E-2 1.73172E-2 1.88519E-2 1.99337E-2 2.0428E-2 2.22429E-2 2.35805E-2 2.66179E-2 2.7683E-2 2.82697E-2 2.86318E-2 2.96332E-2 3.30963E-2 3.31093E-2 3.31038E-2 3.40326E-2 3.37907E-2 3.35442E-2 3.26082E-2 3.32983E-2 3.48005E-2 3.0932E-2 2.74619E-2 2.53347E-2 2.51939E-2
2.1659E-1 2.0861E-1 2.10387E-1 2.25237E-1 2.23974E-1 1.81524E-1 1.65165E-1 1.30284E-1 1.16491E-1 9.59061E-2 7.87633E-2 7.21474E-2 5.65565E-2 5.16604E-2 4.10909E-2 4.05958E-2 4.12567E-2 4.76689E-2 4.58058E-2 3.7053E-2 3.19766E-2 2.90842E-2 2.64598E-2 2.49179E-2 2.24965E-2 2.08601E-2 2.13655E-2 2.15642E-2 2.1936E-2 2.11613E-2 1.93151E-2 1.99775E-2 1.92567E-2 1.70652E-2 1.79212E-2 1.82405E-2 1.80704E-2 1.8475E-2 1.82963E-2 1.96328E-2 1.87433E-2 2.11209E-2 2.302E-2 2.59887E-2 2.72186E-2 2.81231E-2 2.70286E-2 2.78386E-2 3.10683E-2 3.31569E-2 3.34141E-2 3.48311E-2 3.45527E-2 3.20607E-2 3.24212E-2 3.27361E-2 3.63656E-2 3.52127E-2 3.29397E-2 2.81114E-2 2.38252E-2
2.32258E-1 2.49872E-1 2.59271E-1 2.76811E-1 2.56613E-1 2.45436E-1 2.041E-1 1.59611E-1 1.24526E-1 1.02758E-1 7.96928E-2 7.43915E-2 7.03451E-2 6.64045E-2 5.40473E-2 4.81222E-2 4.78146E-2 4.6446E-2 4.62229E-2 4.27929E-2 3.66498E-2 3.26791E-2 2.83291E-2 2.57902E-2 2.36766E-2 2.22513E-2 2.09574E-2 2.13814E-2 2.18655E-2 2.13456E-2 2.04559E-2 1.88442E-2 2.01585E-2 1.74188E-2 1.72091E-2 1.78171E-2 1.89144E-2 1.79381E-2 1.74844E-2 2.01088E-2 1.97246E-2 2.07533E-2 2.35655E-2 2.49099E-2 2.53436E-2 2.78156E-2 2.66354E-2 3.05643E-2 3.20479E-2 3.4358E-2 3.55046E-2 3.60184E-2 3.79615E-2 3.8031E-2 3.5612E-2 3.25441E-2 3.11924E-2 2.8976E-2 2.9781E-2 2.94223E-2 3.16527E-2
2.51464E-1 2.81464E-1 2.91641E-1 2.82442E-1 2.81139E-1 2.53995E-1 2.15971E-1 1.82328E-1 1.85516E-1 1.45758E-1 1.01639E-1 8.16858E-2 7.96065E-2 7.71677E-2 6.63371E-2 5.73422E-2 4.85034E-2 5.31252E-2 4.39711E-2 4.27296E-2 3.64173E-2 3.32479E-2 2.9542E-2 2.59683E-2 2.50006E-2 2.32393E-2 2.1472E-2 2.13591E-2 2.02918E-2 1.90597E-2 2.06974E-2 1.87614E-2 1.91299E-2 1.90941E-2 1.7067E-2 1.73431E-2 1.94916E-2 1.77054E-2 1.84786E-2 1.97165E-2 2.00959E-2 2.07079E-2 2.14677E-2 2.44093E-2 2.53306E-2 2.76723E-2 2.94744E-2 3.06896E-2 3.27499E-2 3.40706E-2 3.60536E-2 3.71518E-2 3.88647E-2 3.8839E-2 3.45513E-2 3.41789E-2 2.9336E-2 2.7287E-2 2.96066E-2 3.10022E-2 3.05985E-2
-9999 3.27453E-1 2.95667E-1 3.15567E-1 3.12047E-1 2.94117E-1 2.61749E-1 2.35658E-1 2.31847E-1 1.97621E-1 1.40851E-1 1.27965E-1 9.17071E-2 7.73681E-2 6.6078E-2 5.86224E-2 4.96279E-2 5.88561E-2 4.69062E-2 4.71914E-2 4.07055E-2 3.65007E-2 3.36597E-2 2.84167E-2 2.49618E-2 2.4258E-2 2.25356E-2 2.15314E-2 2.03697E-2 1.92808E-2 1.93773E-2 2.01347E-2 2.04694E-2 2.09994E-2 1.9628E-2 1.89209E-2 1.88093E-2 1.92714E-2 1.87916E-2 1.81969E-2 2.02815E-2 2.02864E-2 2.01104E-2 2.38316E-2 2.55013E-2 2.81371E-2 2.98237E-2 3.0328E-2 3.12059E-2 3.25165E-2 3.64329E-2 3.76368E-2 3.84269E-2 4.02635E-2 3.7756E-2 3.47587E-2 3.37851E-2 2.92948E-2 2.72301E-2 2.56048E-2 3.03457E-2
-9999 -9999 -9999 3.48995E-1 2.97202E-1 3.0496E-1 2.95651E-1 2.8269E-1 2.72371E-1 2.96315E-1 2.47966E-1 1.8825E-1 1.36682E-1 9.05387E-2 6.81372E-2 6.56864E-2 5.83498E-2 6.16194E-2 6.68363E-2 5.12431E-2 4.65526E-2 4.07575E-2 3.63561E-2 3.24834E-2 3.08494E-2 2.83233E-2 2.35688E-2 2.34692E-2 2.50541E-2 2.24353E-2 2.31221E-2 2.08769E-2 1.88011E-2 1.91776E-2 2.00841E-2 1.83093E-2 1.85066E-2 1.92423E-2 1.93442E-2 1.85389E-2 1.85796E-2 1.93265E-2 2.02243E-2 2.27474E-2 2.51331E-2 2.68015E-2 2.93363E-2 3.03289E-2 2.95897E-2 3.19126E-2 3.2843E-2 3.57455E-2 4.1E-2 4.25847E-2 3.85191E-2 4.20964E-2 3.71712E-2 3.5241E-2 2.70324E-2 2.7586E-2 2.82665E-2
-9999 -9999 -9999 3.94635E-1 3.10719E-1 2.96624E-1 3.03507E-1 3.45907E-1 3.06205E-1 3.13972E-1 2.93397E-1 2.57419E-1 2.07327E-1 1.32605E-1 1.04663E-1 8.13782E-2 8.72619E-2 7.69331E-2 5.52026E-2 4.84546E-2 4.73433E-2 4.27302E-2 3.65296E-2 3.303E-2 2.77735E-2 2.62216E-2 2.31456E-2 1.90536E-2 1.97928E-2 1.96853E-2 2.0857E-2 2.11518E-2 1.86795E-2 1.74593E-2 1.75674E-2 1.61112E-2 1.74555E-2 1.75792E-2 1.57626E-2 1.55903E-2 1.6461E-2 1.83715E-2 1.78297E-2 2.0893E-2 2.42297E-2 2.68223E-2 2.79925E-2 2.75615E-2 3.00762E-2 3.25106E-2 3.39946E-2 3.8432E-2 4.03034E-2 4.23204E-2 4.20155E-2 4.27543E-2 4.25245E-2 3.92268E-2 3.88646E-2 3.00205E-2 2.71678E-2
-9999 -9999 -9999 -9999 -9999 3.53147E-1 3.1768E-1 3.12966E-1 3.09412E-1 3.23625E-1 3.16701E-1 2.94096E-1 2.50965E-1 1.88385E-1 1.3736E-1 1.23452E-1 1.16323E-1 7.89798E-2 6.69144E-2 6.48317E-2 5.76979E-2 4.82671E-2 4.39371E-2 3.88485E-2 3.16472E-2 2.93807E-2 2.55001E-2 2.12996E-2 1.8637E-2 1.78565E-2 1.90857E-2 2.15236E-2 1.89087E-2 1.53718E-2 1.52862E-2 1.33523E-2 1.44055E-2 1.56791E-2 1.44872E-2 1.55292E-2 1.64897E-2 1.7384E-2 1.78894E-2 1.83314E-2 2.04126E-2 2.44849E-2 2.70046E-2 2.55369E-2 2.73431E-2 3.02264E-2 3.09007E-2 3.2517E-2 3.61631E-2 3.93466E-2 4.09373E-2 4.35578E-2 4.13135E-2 3.78809E-2 4.02823E-2 3.76123E-2 3.62177E-2
-9999 -9999 -9999 -9999 -9999 -9999 -9999 2.84907E-1 2.86459E-1 3.12508E-1 3.12927E-1 3.1488E-1 2.76632E-1 2.30824E-1 1.7182E-1 1.34293E-1 1.09512E-1 8.61987E-2 8.40315E-2 5.59161E-2 5.16361E-2 4.41125E-2 3.93685E-2 3.60902E-2 3.54048E-2 3.06502E-2 2.86116E-2 2.64588E-2 2.21001E-2 1.84689E-2 1.98707E-2 2.26573E-2 2.1075E-2 1.71812E-2 1.44981E-2 1.45087E-2 1.38523E-2 1.39774E-2 1.60195E-2 1.4075E-2 1.56185E-2 1.83974E-2 1.70872E-2 1.78916E-2 1.87881E-2 2.24465E-2 2.71724E-2 2.70723E-2 2.72503E-2 2.71327E-2 2.81663E-2 3.12122E-2 3.65164E-2 3.84199E-2 3.89161E-2 4.18635E-2 4.27704E-2 4.1295E-2 3.98915E-2 4.23248E-2 4.02532E-2
-9999 -9999 -9999 -9999 -9999 -9999 -9999 -9999 3.37357E-1 3.11902E-1 3.10279E-1 2.93468E-1 2.89191E-1 2.28907E-1 1.86647E-1 1.34348E-1 1.06979E-1 7.90773E-2 6.27613E-2 7.32408E-2 6.98198E-2 5.12658E-2 3.90453E-2 3.59419E-2 3.41816E-2 3.36244E-2 3.0589E-2 2.85355E-2 2.63984E-2 2.15998E-2 2.04269E-2 2.11312E-2 2.1291E-2 1.84087E-2 1.67642E-2 1.76195E-2 1.5725E-2 1.50048E-2 1.57498E-2 1.52052E-2 1.62448E-2 1.89602E-2 1.95404E-2 1.9873E-2 2.28706E-2 2.21484E-2 2.76858E-2 2.78449E-2 2.75944E-2 2.73812E-2 2.69202E-2 3.06766E-2 3.39223E-2 3.85825E-2 4.19522E-2 4.13236E-2 4.29531E-2 4.54482E-2 4.16727E-2 4.10641E-2 4.06736E-2
-9999 -9999 -9999 -9999 -9999 -9999 -9999 -9999 -9999 3.16716E-1 3.02009E-1 2.7511E-1 2.80769E-1 2.3409E-1 1.66938E-1 1.26538E-1 1.19938E-1 8.53203E-2 6.55622E-2 7.0082E-2 6.32784E-2 5.05081E-2 4.92054E-2 4.13486E-2 3.69111E-2 3.47166E-2 3.03432E-2 2.87096E-2 2.78905E-2 2.52506E-2 2.2649E-2 2.22334E-2 2.0157E-2 2.14237E-2 2.29369E-2 2.08529E-2 1.84011E-2 1.84598E-2 1.69361E-2 1.66095E-2 1.75392E-2 1.88382E-2 2.0818E-2 2.13899E-2 2.46307E-2 2.42873E-2 2.84866E-2 2.57501E-2 2.72683E-2 2.72204E-2 2.80281E-2 3.00765E-2 3.42865E-2 3.21708E-2 3.54089E-2 3.8108E-2 3.84933E-2 4.17989E-2 4.15311E-2 4.00655E-2 4.43832E-2
-9999 -9999 -9999 -9999 -9999 -9999 -9999 -9999 -9999 -9999 3.07535E-1 2.72452E-1 2.51227E-1 2.17954E-1 1.81176E-1 1.71886E-1 1.34383E-1 1.04387E-1 8.12841E-2 7.28139E-2 8.0152E-2 5.73199E-2 4.72961E-2 4.34683E-2 3.6238E-2 3.46961E-2 3.5008E-2 3.18266E-2 2.94855E-2 2.91618E-2 2.84254E-2 2.67891E-2 2.88246E-2 2.64412E-2 2.72466E-2 2.46716E-2 2.36995E-2 2.21447E-2 2.23377E-2 2.19241E-2 2.06857E-2 1.95744E-2 1.913E-2 2.12187E-2 2.5903E-2 3.0201E-2 2.82332E-2 2.71117E-2 2.66097E-2 2.66999E-2 2.7054E-2 2.65191E-2 2.76094E-2 2.8697E-2 3.37359E-2 3.65108E-2 3.97761E-2 4.0716E-2 4.26309E-2 4.16464E-2 4.62827E-2
-9999 -9999 -9999 -9999 -9999 -9999 -9999 -9999 -9999 -9999 -9999 2.32219E-1 2.18899E-1 2.34047E-1 2.12687E-1 1.67046E-1 1.31255E-1 1.04006E-1 8.96344E-2 8.01845E-2 7.58903E-2 5.42051E-2 4.90406E-2 4.36083E-2 3.74395E-2 3.52252E-2 3.98447E-2 3.37164E-2 3.09363E-2 2.97605E-2 3.3978E-2 3.17804E-2 2.89889E-2 3.3367E-2 3.15672E-2 2.96206E-2 2.91729E-2 2.68712E-2 2.71043E-2 2.82223E-2 2.64038E-2 2.40683E-2 2.72755E-2 2.6751E-2 2.70604E-2 3.08238E-2 3.08956E-2 3.02157E-2 2.56579E-2 2.49741E-2 2.67123E-2 2.78446E-2 2.75801E-2 2.93498E-2 2.98766E-2 3.37123E-2 4.05493E-2 4.15777E-2 3.83265E-2 4.24377E-2 4.41149E-2
-9999 -9999 -9999 -9999 -9999 -9999 -9999 -9999 -9999 -9999 -9999 2.26131E-1 2.2295E-1 2.19495E-1 1.96255E-1 1.73774E-1 1.51732E-1 1.28525E-1 9.22566E-2 7.19087E-2 6.5709E-2 5.72621E-2 5.2504E-2 4.16044E-2 3.85328E-2 4.48411E-2 4.34343E-2 3.49057E-2 3.44116E-2 2.90166E-2 3.51304E-2 3.19842E-2 3.0987E-2 3.12415E-2 3.10023E-2 3.68715E-2 3.03993E-2 2.92615E-2 2.98038E-2 3.02185E-2 2.93322E-2 2.91079E-2 3.03247E-2 2.85476E-2 3.13739E-2 3.317E-2 3.56601E-2 3.12627E-2 2.70516E-2 2.40252E-2 2.41786E-2 2.43239E-2 2.59475E-2 2.9354E-2 2.98694E-2 3.12656E-2 3.4476E-2 3.80125E-2 3.63367E-2 4.50197E-2 4.71761E-2
-9999 -9999 -9999 -9999 -9999 -9999 -9999 -9999 -9999 -9999 -9999 -9999 -9999 2.02429E-1 1.89803E-1 1.82202E-1 1.62251E-1 1.35046E-1 1.00683E-1 8.52438E-2 9.00969E-2 6.91678E-2 6.16963E-2 5.62716E-2 4.82798E-2 5.18855E-2 5.86636E-2 3.77538E-2 3.51096E-2 3.98325E-2 4.21009E-2 3.39564E-2 3.16157E-2 3.12731E-2 2.96784E-2 4.2585E-2 3.4141E-2 3.10795E-2 3.14547E-2 3.32485E-2 3.0755E-2 3.03557E-2 3.30436E-2 3.15032E-2 3.46162E-2 3.59867E-2 3.78582E-2 3.62145E-2 3.46519E-2 2.90671E-2 2.48421E-2 2.46579E-2 2.61877E-2 2.81596E-2 2.95784E-2 3.12083E-2 3.56586E-2 3.71059E-2 3.4391E-2 4.19736E-2 4.13093E-2
-9999 -9999 -9999 -9999 -9999 -9999 -9999 -9999 -9999 -9999 -9999 -9999 -9999 1.99184E-1 1.82766E-1 1.74834E-1 1.61423E-1 1.49898E-1 1.38162E-1 1.31109E-1 1.04525E-1 8.71997E-2 7.38676E-2 7.66858E-2 5.55807E-2 5.34633E-2 8.24264E-2 4.5027E-2 3.76875E-2 4.93028E-2 5.8377E-2 3.58539E-2 3.04256E-2 3.19929E-2 3.43746E-2 3.7104E-2 3.49648E-2 3.46734E-2 3.07391E-2 3.16813E-2 3.21318E-2 3.17928E-2 3.40752E-2 3.33459E-2 3.70825E-2 3.64285E-2 3.96497E-2 4.11447E-2 4.12132E-2 3.75397E-2 3.13411E-2 2.82088E-2 3.10008E-2 3.16228E-2 2.96994E-2 3.09785E-2 3.7391E-2 3.97452E-2 3.39873E-2 3.89369E-2 4.05814E-2
-9999 -9999 -9999 -9999 -9999 2.50195E-1 -9999 -9999 -9999 -9999 2.29906E-1 2.05261E-1 2.03286E-1 1.91472E-1 1.9185E-1 1.7282E-1 1.63441E-1 1.61401E-1 1.60895E-1 1.49688E-1 1.36319E-1 1.17853E-1 1.06007E-1 8.49873E-2 7.43247E-2 6.45675E-2 8.19947E-2 6.30971E-2 4.72635E-2 4.30402E-2 6.79352E-2 6.41562E-2 4.84335E-2 4.38156E-2 3.4102E-2 3.37639E-2 3.54667E-2 3.70027E-2 3.15948E-2 3.20249E-2 3.42763E-2 3.40722E-2 3.84113E-2 3.59469E-2 3.80708E-2 4.04119E-2 3.85982E-2 4.12064E-2 3.77292E-2 3.82874E-2 3.53314E-2 3.27016E-2 3.6187E-2 3.56034E-2 3.2982E-2 3.29017E-2 3.77051E-2 3.52977E-2 3.61659E-2 3.81813E-2 4.58297E-2
-9999 -9999 -9999 -9999 -9999 -9999 2.6216E-1 2.23611E-1 2.49334E-1 2.42255E-1 2.24586E-1 1.99077E-1 1.9068E-1 1.72446E-1 1.54355E-1 1.49762E-1 1.47342E-1 1.71631E-1 1.70659E-1 1.58863E-1 1.55453E-1 1.37133E-1 1.23307E-1 1.06574E-1 9.24616E-2 9.13749E-2 8.12394E-2 8.07181E-2 6.31274E-2 5.14537E-2 7.26934E-2 5.84596E-2 4.24039E-2 3.86361E-2 4.27749E-2 4.19405E-2 4.155E-2 3.78673E-2 3.61973E-2 3.64912E-2 3.57416E-2 3.46178E-2 3.55277E-2 3.71667E-2 3.85266E-2 3.95423E-2 4.60228E-2 4.60878E-2 4.60305E-2 4.20934E-2 3.34155E-2 3.56827E-2 4.2551E-2 3.71613E-2 3.99921E-2 4.26684E-2 4.16992E-2 4.09257E-2 3.91678E-2 3.79761E-2 3.75896E-2
-9999 -9999 -9999 -9999 -9999 -9999 -9999 -9999 -9999 -9999 2.22741E-1 1.9669E-1 1.85657E-1 1.60778E-1 1.4534E-1 1.40537E-1 1.41676E-1 1.45686E-1 1.48699E-1 1.52096E-1 1.63563E-1 1.4415E-1 1.38628E-1 1.19188E-1 1.21097E-1 1.15863E-1 1.13315E-1 9.24718E-2 8.07306E-2 7.07003E-2 8.76864E-2 6.99226E-2 4.96567E-2 5.41548E-2 6.32811E-2 6.35181E-2 4.59521E-2 3.85286E-2 3.7817E-2 4.31721E-2 4.25073E-2 4.20719E-2 3.79625E-2 3.97114E-2 4.23644E-2 4.77567E-2 4.4857E-2 4.60945E-2 4.53294E-2 4.60261E-2 4.18272E-2 4.03038E-2 4.3504E-2 3.91408E-2 3.53217E-2 3.69438E-2 3.83458E-2 3.44871E-2 3.42172E-2 3.72473E-2 3.92705E-2
-9999 -9999 -9999 -9999 -9999 -9999 -9999 -9999 -9999 -9999 -9999 2.04674E-1 1.90756E-1 1.60868E-1 1.55352E-1 1.4102E-1 1.30988E-1 1.2627E-1 1.32201E-1 1.12747E-1 1.13851E-1 1.07242E-1 1.14378E-1 1.06459E-1 1.17041E-1 1.14303E-1 1.24493E-1 1.28412E-1 1.13634E-1 1.12792E-1 8.62204E-2 7.47795E-2 6.77522E-2 8.08631E-2 6.39804E-2 5.52499E-2 4.1688E-2 4.19482E-2 4.30431E-2 4.10192E-2 4.02501E-2 4.4154E-2 4.78006E-2 4.98016E-2 5.15043E-2 4.1623E-2 4.12397E-2 4.56544E-2 4.89586E-2 5.2736E-2 4.60502E-2 4.39972E-2 4.50091E-2 4.11906E-2 3.65861E-2 3.58502E-2 3.75265E-2 3.58836E-2 3.43607E-2 3.77005E-2 3.86881E-2
-9999 -9999 -9999 -9999 -9999 -9999 -9999 -9999 -9999 -9999 -9999 -9999 2.00646E-1 1.74679E-1 1.53155E-1 1.41051E-1 1.33616E-1 1.26107E-1 1.25284E-1 1.15142E-1 1.09295E-1 9.65511E-2 9.06243E-2 8.86534E-2 1.00952E-1 9.97022E-2 1.093E-1 1.13044E-1 1.29713E-1 1.33381E-1 1.25925E-1 1.25459E-1 9.45537E-2 8.81223E-2 7.0114E-2 6.7637E-2 7.34202E-2 6.03447E-2 5.48257E-2 5.12648E-2 4.50212E-2 4.86765E-2 5.47509E-2 4.64393E-2 5.50068E-2 5.51618E-2 4.17894E-2 4.52315E-2 4.72311E-2 4.99367E-2 6.01647E-2 5.13431E-2 4.36407E-2 4.4304E-2 3.86403E-2 3.80809E-2 3.81109E-2 3.93561E-2 3.60569E-2 3.40164E-2 3.87228E-2
-9999 -9999 -9999 -9999 -9999 -9999 -9999 -9999 -9999 -9999 -9999 -9999 1.98325E-1 1.75002E-1 1.6237E-1 1.50858E-1 1.51208E-1 1.4454E-1 1.2932E-1 1.13814E-1 1.08678E-1 1.00715E-1 8.49576E-2 8.19968E-2 7.95108E-2 8.71482E-2 9.84084E-2 1.10456E-1 1.25493E-1 1.51121E-1 1.42744E-1 1.48983E-1 1.13068E-1 1.19595E-1 9.46187E-2 7.70143E-2 8.51417E-2 1.00671E-1 5.93866E-2 6.18515E-2 5.617E-2 6.27362E-2 5.30747E-2 4.68503E-2 5.61717E-2 5.8009E-2 4.3722E-2 4.44041E-2 4.58073E-2 4.75497E-2 5.88863E-2 5.17508E-2 4.50085E-2 4.44972E-2 4.24741E-2 4.13681E-2 3.77862E-2 3.56553E-2 3.63556E-2 3.80205E-2 4.00192E-2
-9999 -9999 -9999 -9999 -9999 -9999 -9999 -9999 -9999 -9999 -9999 -9999 -9999 -9999 -9999 1.90912E-1 1.73678E-1 1.51473E-1 1.50909E-1 1.38884E-1 1.21233E-1 1.01419E-1 9.59426E-2 8.89884E-2 7.94661E-2 8.22293E-2 8.83494E-2 9.19971E-2 1.10397E-1 1.18024E-1 1.60322E-1 1.47879E-1 1.3202E-1 1.17014E-1 1.11163E-1 1.03251E-1 1.03427E-1 7.76578E-2 6.0732E-2 6.21075E-2 8.74801E-2 7.23856E-2 4.98742E-2 4.95713E-2 5.25052E-2 6.88506E-2 5.44119E-2 4.82994E-2 5.21293E-2 5.20325E-2 5.37684E-2 6.19331E-2 5.06319E-2 4.5646E-2 4.50346E-2 3.93612E-2 3.62783E-2 3.80171E-2 4.01699E-2 4.02512E-2 3.9151E-2
-9999 -9999 -9999 -9999 -9999 -9999 -9999 -9999 -9999 -9999 -9999 -9999 -9999 -9999 -9999 -9999 -9999 1.82613E-1 1.75466E-1 1.53888E-1 1.47557E-1 1.33263E-1 1.05518E-1 9.92661E-2 8.39206E-2 7.70574E-2 8.05906E-2 7.22152E-2 8.30388E-2 1.05247E-1 1.15429E-1 -9999 1.34481E-1 1.27101E-1 1.31978E-1 1.49801E-1 1.23545E-1 9.39555E-2 8.69062E-2 8.31915E-2 8.31071E-2 1.02349E-1 6.52069E-2 7.15984E-2 5.91002E-2 6.09637E-2 7.62987E-2 8.24553E-2 6.62445E-2 5.86081E-2 5.35797E-2 6.53837E-2 5.53754E-2 4.91995E-2 4.58404E-2 3.99778E-2 3.88888E-2 3.92698E-2 3.73515E-2 3.91973E-2 3.99701E-2
-9999 -9999 -9999 -9999 -9999 -9999 -9999 -9999 -9999 -9999 -9999 -9999 -9999 -9999 -9999 -9999 -9999 -9999 2.01194E-1 1.765E-1 1.85355E-1 1.43234E-1 1.23509E-1 1.06928E-1 9.03639E-2 7.75408E-2 7.76122E-2 7.32219E-2 7.94513E-2 8.72814E-2 9.33712E-2 1.06867E-1 1.23337E-1 1.24261E-1 1.19994E-1 1.51282E-1 1.1429E-1 1.11105E-1 8.86774E-2 9.98672E-2 1.08861E-1 8.29346E-2 8.72463E-2 7.72936E-2 9.73914E-2 6.96378E-2 7.18733E-2 6.91503E-2 1.11223E-1 9.21804E-2 6.01023E-2 7.29319E-2 5.64371E-2 5.04899E-2 4.85846E-2 4.39849E-2 4.0173E-2 3.7879E-2 4.16144E-2 4.27729E-2 4.03521E-2
