maxent_outputs/red_flowers_linear/red_127.asc
ncols         426
nrows         180
xllcorner     -130.0
yllcorner     24.0
cellsize      0.16666666666666666
NODATA_value  -9999
[rows 81 to 107 of 180, columns 244 to 304 of 426]
5.17914E-1 5.21327E-1 5.23904E-1 5.26519E-1 5.26795E-1 5.22066E-1 5.20751E-1 5.22467E-1 5.26719E-1 5.28966E-1 5.32696E-1 5.34785E-1 5.37872E-1 5.39021E-1 5.39627E-1 5.52665E-1 5.6337E-1 5.58525E-1 5.49737E-1 5.47914E-1 5.43444E-1 5.39029E-1 5.45703E-1 5.53007E-1 5.46847E-1 5.45321E-1 5.47269E-1 5.50025E-1 5.48647E-1 5.48622E-1 5.49875E-1 5.49343E-1 5.48E-1 5.49974E-1 5.46063E-1 5.44815E-1 5.49417E-1 5.53127E-1 5.52287E-1 5.55489E-1 5.63315E-1 5.68683E-1 5.74338E-1 5.85495E-1 5.79692E-1 5.70925E-1 5.66952E-1 5.73903E-1 5.85051E-1 5.84037E-1 5.80084E-1 5.79597E-1 5.87884E-1 5.87382E-1 5.92283E-1 6.07363E-1 6.18665E-1 6.09186E-1 5.94753E-1 5.97392E-1 6.11493E-1
5.20023E-1 5.25238E-1 5.33636E-1 5.40933E-1 5.32765E-1 5.31425E-1 5.30387E-1 5.31179E-1 5.36456E-1 5.45556E-1 5.48468E-1 5.54609E-1 5.54579E-1 5.51237E-1 5.52043E-1 5.62079E-1 5.70186E-1 5.65391E-1 5.54226E-1 5.51649E-1 5.48519E-1 5.51828E-1 5.62974E-1 5.69009E-1 5.54351E-1 5.48889E-1 5.50914E-1 5.47601E-1 5.48947E-1 5.56719E-1 5.63232E-1 5.56578E-1 5.54897E-1 5.50068E-1 5.50059E-1 5.56561E-1 5.62324E-1 5.66058E-1 5.66176E-1 5.56745E-1 5.59957E-1 5.66169E-1 5.7915E-1 5.84306E-1 5.87804E-1 5.81961E-1 5.77042E-1 5.76719E-1 5.82445E-1 5.85917E-1 5.8501E-1 5.8557E-1 5.91505E-1 5.9192E-1 5.98135E-1 6.04478E-1 6.11235E-1 6.13679E-1 6.09984E-1 6.16461E-1 6.21875E-1
5.25416E-1 5.33418E-1 5.45837E-1 5.50527E-1 5.3968E-1 5.38429E-1 5.41497E-1 5.42813E-1 5.47881E-1 5.61494E-1 5.67029E-1 5.69825E-1 5.72197E-1 5.72333E-1 5.73087E-1 5.73357E-1 5.73838E-1 5.66239E-1 5.58344E-1 5.53441E-1 5.51671E-1 5.63325E-1 5.72217E-1 5.70289E-1 5.64714E-1 5.56118E-1 5.53117E-1 5.52827E-1 5.51392E-1 5.61984E-1 5.72281E-1 5.71848E-1 5.66474E-1 5.509E-1 5.53881E-1 5.5706E-1 5.72018E-1 5.76845E-1 5.72363E-1 5.67807E-1 5.77049E-1 5.85361E-1 5.8932E-1 5.85651E-1 5.86643E-1 5.88692E-1 5.85354E-1 5.7728E-1 5.79784E-1 5.87349E-1 5.87603E-1 5.96883E-1 5.9609E-1 5.99606E-1 6.04091E-1 6.11732E-1 6.20027E-1 6.22572E-1 6.14581E-1 6.28369E-1 6.35484E-1
5.35092E-1 5.42291E-1 5.55966E-1 5.54089E-1 5.47244E-1 5.45508E-1 5.4801E-1 5.52333E-1 5.57027E-1 5.64453E-1 5.73141E-1 5.83282E-1 5.87251E-1 5.84892E-1 5.80051E-1 5.76881E-1 5.76701E-1 5.73724E-1 5.71361E-1 5.67146E-1 5.59485E-1 5.65802E-1 5.73118E-1 5.72799E-1 5.64647E-1 5.62376E-1 5.60253E-1 5.55382E-1 5.54183E-1 5.65227E-1 5.83583E-1 5.88407E-1 5.84551E-1 5.79937E-1 5.73879E-1 5.77357E-1 5.79028E-1 5.88959E-1 5.82794E-1 5.81661E-1 5.8867E-1 5.96135E-1 5.91514E-1 5.8816E-1 5.86155E-1 5.87604E-1 5.8774E-1 5.90336E-1 5.88747E-1 5.93258E-1 5.98804E-1 6.02257E-1 6.0301E-1 6.06173E-1 6.08745E-1 6.15628E-1 6.22668E-1 6.24285E-1 6.30488E-1 6.2412E-1 6.15991E-1
5.48744E-1 5.55037E-1 5.66659E-1 5.63231E-1 5.60824E-1 5.58883E-1 5.58215E-1 5.63402E-1 5.67698E-1 5.72505E-1 5.80072E-1 5.84281E-1 5.90958E-1 5.90132E-1 5.82268E-1 5.80184E-1 5.83056E-1 5.82613E-1 5.83634E-1 5.76781E-1 5.68676E-1 5.71049E-1 5.79072E-1 5.70511E-1 5.67481E-1 5.68545E-1 5.66478E-1 5.6265E-1 5.64109E-1 5.72721E-1 5.88509E-1 5.91602E-1 5.87416E-1 5.79169E-1 5.71758E-1 5.73304E-1 5.78762E-1 5.81752E-1 5.83792E-1 5.85693E-1 5.88296E-1 5.93404E-1 5.99031E-1 5.9719E-1 5.93432E-1 5.93677E-1 5.95452E-1 6.01706E-1 6.06121E-1 6.1091E-1 6.17748E-1 6.14783E-1 6.14228E-1 6.18341E-1 6.21103E-1 6.25229E-1 6.30547E-1 6.40663E-1 6.24523E-1 6.16076E-1 6.18532E-1
5.64721E-1 5.71929E-1 5.78115E-1 5.83893E-1 5.8189E-1 5.75594E-1 5.73536E-1 5.80881E-1 5.81437E-1 5.87086E-1 5.85159E-1 5.85866E-1 5.83197E-1 5.87854E-1 5.88114E-1 5.91036E-1 5.90282E-1 5.98714E-1 5.95277E-1 5.89257E-1 5.81411E-1 5.78891E-1 5.79742E-1 5.75164E-1 5.83001E-1 5.83618E-1 5.7913E-1 5.8073E-1 5.80876E-1 5.84821E-1 5.90609E-1 5.95262E-1 5.8981E-1 5.80935E-1 5.75235E-1 5.73157E-1 5.77049E-1 5.78315E-1 5.79781E-1 5.85828E-1 5.96072E-1 5.97636E-1 6.01958E-1 6.1023E-1 6.02825E-1 6.04743E-1 6.0867E-1 6.16761E-1 6.24553E-1 6.29653E-1 6.3232E-1 6.29253E-1 6.30467E-1 6.32029E-1 6.3788E-1 6.38252E-1 6.50893E-1 6.53112E-1 6.3596E-1 6.21888E-1 6.09699E-1
5.81339E-1 5.84828E-1 5.87887E-1 5.95086E-1 5.97202E-1 5.92371E-1 5.93651E-1 5.98193E-1 5.99309E-1 6.03792E-1 5.99983E-1 5.91317E-1 5.8564E-1 5.91742E-1 6.05073E-1 6.0788E-1 6.04826E-1 6.07546E-1 6.06644E-1 6.01486E-1 5.9495E-1 5.90021E-1 5.89158E-1 5.89943E-1 5.99551E-1 6.04239E-1 6.01266E-1 5.99189E-1 6.03987E-1 6.03682E-1 6.04086E-1 6.05404E-1 5.98573E-1 5.84374E-1 5.84674E-1 5.83794E-1 5.87846E-1 5.90285E-1 5.9239E-1 5.98673E-1 6.02542E-1 6.02087E-1 6.05621E-1 6.16433E-1 6.13213E-1 6.1446E-1 6.21888E-1 6.32204E-1 6.42202E-1 6.47662E-1 6.43847E-1 6.40922E-1 6.46106E-1 6.50563E-1 6.50343E-1 6.58127E-1 6.65338E-1 6.67962E-1 6.47258E-1 6.16501E-1 6.11721E-1
5.89665E-1 5.94098E-1 5.92576E-1 5.97886E-1 6.017E-1 6.05723E-1 6.08925E-1 6.13004E-1 6.15169E-1 6.18384E-1 6.14385E-1 6.05692E-1 6.02878E-1 6.0609E-1 6.08681E-1 6.11348E-1 6.14611E-1 6.21348E-1 6.23691E-1 6.23091E-1 6.13216E-1 6.09866E-1 6.08241E-1 6.12072E-1 6.17661E-1 6.20393E-1 6.20553E-1 6.19581E-1 6.24126E-1 6.28012E-1 6.28128E-1 6.21593E-1 6.11926E-1 6.05496E-1 6.06425E-1 6.0732E-1 6.07665E-1 6.08664E-1 6.07287E-1 6.1081E-1 6.14562E-1 6.16769E-1 6.13977E-1 6.16516E-1 6.21683E-1 6.2469E-1 6.36185E-1 6.42247E-1 6.5584E-1 6.5319E-1 6.51846E-1 6.53713E-1 6.5929E-1 6.65018E-1 6.68025E-1 6.73472E-1 6.77636E-1 6.76156E-1 6.54729E-1 6.26735E-1 6.21509E-1
5.94256E-1 6.04596E-1 6.05111E-1 6.06671E-1 6.10456E-1 6.20707E-1 6.26529E-1 6.30312E-1 6.25462E-1 6.23323E-1 6.20411E-1 6.12935E-1 6.16235E-1 6.08261E-1 6.13557E-1 6.21791E-1 6.26228E-1 6.42375E-1 6.3932E-1 6.41311E-1 6.35027E-1 6.33576E-1 6.35802E-1 6.37373E-1 6.37298E-1 6.40626E-1 6.39498E-1 6.35011E-1 6.41636E-1 6.49899E-1 6.44896E-1 6.40224E-1 6.30431E-1 6.25498E-1 6.22532E-1 6.22017E-1 6.24785E-1 6.21355E-1 6.22523E-1 6.27922E-1 6.24962E-1 6.19996E-1 6.16859E-1 6.23478E-1 6.27061E-1 6.37727E-1 6.45689E-1 6.4947E-1 6.5551E-1 6.57908E-1 6.58505E-1 6.59111E-1 6.69439E-1 6.73355E-1 6.84096E-1 6.79643E-1 6.73417E-1 6.66169E-1 6.54305E-1 6.41155E-1 6.26352E-1
6.02708E-1 6.11318E-1 6.16609E-1 6.18956E-1 6.26545E-1 6.31268E-1 6.34141E-1 6.3321E-1 6.32791E-1 6.29586E-1 6.22486E-1 6.165E-1 6.18742E-1 6.17316E-1 6.26618E-1 6.39074E-1 6.41451E-1 6.44761E-1 6.5354E-1 6.54257E-1 6.50595E-1 6.53897E-1 6.56556E-1 6.57973E-1 6.58959E-1 6.60234E-1 6.59257E-1 6.53686E-1 6.49688E-1 6.59056E-1 6.64334E-1 6.53842E-1 6.44022E-1 6.38501E-1 6.34561E-1 6.34693E-1 6.3678E-1 6.36095E-1 6.39823E-1 6.37009E-1 6.25406E-1 6.23716E-1 6.23118E-1 6.30207E-1 6.38458E-1 6.4609E-1 6.51737E-1 6.53353E-1 6.59837E-1 6.64051E-1 6.62272E-1 6.63827E-1 6.7265E-1 6.81401E-1 6.81932E-1 6.78837E-1 6.67017E-1 6.63494E-1 6.51864E-1 6.49815E-1 6.27572E-1
6.20567E-1 6.21042E-1 6.25548E-1 6.32645E-1 6.35521E-1 6.38422E-1 6.42329E-1 6.48434E-1 6.43237E-1 6.36789E-1 6.27884E-1 6.22283E-1 6.23492E-1 6.27995E-1 6.40732E-1 6.54721E-1 6.56549E-1 6.57844E-1 6.64842E-1 6.72641E-1 6.71906E-1 6.68711E-1 6.74922E-1 6.77255E-1 6.81351E-1 6.80583E-1 6.75848E-1 6.70182E-1 6.69033E-1 6.71145E-1 6.74104E-1 6.68907E-1 6.58393E-1 6.5251E-1 6.50627E-1 6.52721E-1 6.533E-1 6.52387E-1 6.50595E-1 6.43434E-1 6.3712E-1 6.26602E-1 6.35559E-1 6.43022E-1 6.44759E-1 6.53749E-1 6.57161E-1 6.60367E-1 6.67082E-1 6.72873E-1 6.75975E-1 6.76796E-1 6.69801E-1 6.73716E-1 6.82764E-1 6.87634E-1 6.70011E-1 6.69925E-1 6.65579E-1 6.39994E-1 6.25839E-1
6.22404E-1 6.27958E-1 6.33031E-1 6.35955E-1 6.41588E-1 6.44318E-1 6.51777E-1 6.50989E-1 6.47939E-1 6.4424E-1 6.3791E-1 6.37205E-1 6.37333E-1 6.45364E-1 6.56107E-1 6.6921E-1 6.70909E-1 6.69817E-1 6.76296E-1 6.8201E-1 6.90037E-1 6.88189E-1 6.89007E-1 6.92436E-1 6.89129E-1 6.86256E-1 6.80413E-1 6.78817E-1 6.79163E-1 6.79791E-1 6.79318E-1 6.74139E-1 6.67049E-1 6.58067E-1 6.58422E-1 6.61095E-1 6.55949E-1 6.52545E-1 6.49791E-1 6.48644E-1 6.41207E-1 6.35362E-1 6.46296E-1 6.48369E-1 6.5529E-1 6.57339E-1 6.62288E-1 6.69566E-1 6.75737E-1 6.83003E-1 6.82727E-1 6.76072E-1 6.65789E-1 6.66986E-1 6.86189E-1 6.87322E-1 6.87187E-1 6.7034E-1 6.61949E-1 6.46622E-1 6.37306E-1
6.30487E-1 6.35794E-1 6.37459E-1 6.39033E-1 6.4471E-1 6.46631E-1 6.53483E-1 6.50244E-1 6.49733E-1 6.54803E-1 6.52458E-1 6.51594E-1 6.55556E-1 6.62497E-1 6.7282E-1 6.8166E-1 6.92577E-1 6.91562E-1 6.93628E-1 6.95883E-1 7.02798E-1 6.97315E-1 7.01666E-1 6.98363E-1 6.93712E-1 6.89503E-1 6.88738E-1 6.88717E-1 6.86663E-1 6.82411E-1 6.81576E-1 6.79308E-1 6.76724E-1 6.65556E-1 6.6446E-1 6.60436E-1 6.4936E-1 6.45026E-1 6.429E-1 6.46086E-1 6.52424E-1 6.47969E-1 6.50577E-1 6.5226E-1 6.62511E-1 6.68533E-1 6.70659E-1 6.74301E-1 6.78496E-1 6.80768E-1 6.75078E-1 6.62871E-1 6.55825E-1 6.67223E-1 6.86687E-1 6.87366E-1 6.74875E-1 6.75116E-1 6.65143E-1 6.5653E-1 6.71899E-1
6.43616E-1 6.44148E-1 6.48816E-1 6.48879E-1 6.50113E-1 6.51512E-1 6.47555E-1 6.50532E-1 6.56635E-1 6.56984E-1 6.58017E-1 6.63474E-1 6.73962E-1 6.82733E-1 6.86937E-1 6.96971E-1 7.05855E-1 7.07734E-1 7.11888E-1 7.11098E-1 7.17106E-1 7.16863E-1 7.14187E-1 7.08505E-1 7.00736E-1 6.97051E-1 6.90867E-1 6.89124E-1 6.88453E-1 6.87672E-1 6.84777E-1 6.85998E-1 6.80071E-1 6.67723E-1 6.59186E-1 6.53156E-1 6.44058E-1 6.41949E-1 6.40744E-1 6.48458E-1 6.52141E-1 6.5416E-1 6.59026E-1 6.60811E-1 6.66439E-1 6.71888E-1 6.75788E-1 6.75554E-1 6.70498E-1 6.73311E-1 6.61353E-1 6.51325E-1 6.52901E-1 6.75031E-1 6.88843E-1 6.71786E-1 6.68313E-1 6.74076E-1 6.64245E-1 6.70895E-1 6.73749E-1
6.57683E-1 6.55338E-1 6.67313E-1 6.59345E-1 6.64722E-1 6.59987E-1 6.56802E-1 6.53903E-1 6.61426E-1 6.63816E-1 6.74611E-1 6.80653E-1 6.94323E-1 7.01688E-1 7.06942E-1 7.10984E-1 7.18622E-1 7.22127E-1 7.282E-1 7.2221E-1 7.3382E-1 7.30337E-1 7.24347E-1 7.19307E-1 7.14834E-1 7.10016E-1 7.04467E-1 7.00414E-1 6.9806E-1 6.97133E-1 6.94782E-1 6.96422E-1 6.83588E-1 6.71689E-1 6.64295E-1 6.56504E-1 6.44174E-1 6.45721E-1 6.52083E-1 6.58018E-1 6.59784E-1 6.68533E-1 6.70636E-1 6.74755E-1 6.77278E-1 6.81131E-1 6.76064E-1 6.735E-1 6.70739E-1 6.55927E-1 6.50539E-1 6.50498E-1 6.6225E-1 6.63033E-1 6.6164E-1 6.71905E-1 6.70141E-1 6.75522E-1 6.7148E-1 6.80098E-1 6.87705E-1
6.73169E-1 6.72368E-1 6.76351E-1 6.78365E-1 6.79038E-1 6.7338E-1 6.71693E-1 6.73965E-1 6.73367E-1 6.81532E-1 6.9378E-1 7.04755E-1 7.15097E-1 7.21635E-1 7.25161E-1 7.29089E-1 7.31379E-1 7.29956E-1 7.28612E-1 7.27912E-1 7.36837E-1 7.48953E-1 7.46066E-1 7.32336E-1 7.28968E-1 7.26015E-1 7.21462E-1 7.18449E-1 7.13791E-1 7.10285E-1 7.08016E-1 7.07397E-1 6.96881E-1 6.88896E-1 6.70919E-1 6.53233E-1 6.46632E-1 6.5657E-1 6.66402E-1 6.71642E-1 6.76187E-1 6.832E-1 6.88307E-1 6.92933E-1 6.96149E-1 6.91852E-1 6.8697E-1 6.73357E-1 6.57032E-1 6.48547E-1 6.45678E-1 6.45438E-1 6.47239E-1 6.46583E-1 6.64401E-1 6.73934E-1 6.82258E-1 6.83602E-1 6.95034E-1 6.93543E-1 7.03891E-1
6.93049E-1 6.9535E-1 6.93076E-1 6.95161E-1 6.95681E-1 6.94495E-1 6.91697E-1 6.95477E-1 6.98138E-1 7.01187E-1 7.10137E-1 7.19377E-1 7.20657E-1 7.276E-1 7.3652E-1 7.36779E-1 7.33862E-1 7.37352E-1 7.4215E-1 7.43795E-1 7.47762E-1 7.55439E-1 7.52936E-1 7.42661E-1 7.38685E-1 7.41201E-1 7.37722E-1 7.35464E-1 7.33452E-1 7.22992E-1 7.11586E-1 7.21041E-1 7.13554E-1 6.98666E-1 6.83833E-1 6.75376E-1 6.77141E-1 6.76501E-1 6.87602E-1 6.91461E-1 6.92812E-1 6.97966E-1 7.06855E-1 7.06742E-1 7.092E-1 7.08895E-1 6.97287E-1 6.74171E-1 6.52352E-1 6.4118E-1 6.4141E-1 6.44623E-1 6.39385E-1 6.45868E-1 6.71274E-1 6.75038E-1 6.92375E-1 6.9893E-1 7.07107E-1 7.08485E-1 7.44757E-1
7.0703E-1 7.09285E-1 7.11085E-1 7.14639E-1 7.21211E-1 7.22279E-1 7.23966E-1 7.22714E-1 7.21043E-1 7.28808E-1 7.28555E-1 7.29559E-1 7.24441E-1 7.3741E-1 7.45237E-1 7.41134E-1 7.41964E-1 7.45842E-1 7.50011E-1 7.57503E-1 7.56374E-1 7.61433E-1 7.6645E-1 7.58858E-1 7.55795E-1 7.60968E-1 7.61154E-1 7.54843E-1 7.44651E-1 7.2875E-1 7.22726E-1 7.31396E-1 7.21937E-1 7.02142E-1 6.98008E-1 6.9861E-1 7.01007E-1 7.00178E-1 7.05027E-1 7.0731E-1 7.07864E-1 7.13767E-1 7.17231E-1 7.18572E-1 7.19744E-1 7.16396E-1 7.0165E-1 6.7741E-1 6.59638E-1 6.45543E-1 6.40816E-1 6.35216E-1 6.41128E-1 6.55825E-1 6.79574E-1 6.94296E-1 7.00635E-1 7.07826E-1 7.25408E-1 7.37998E-1 7.3337E-1
7.11053E-1 7.11385E-1 7.23874E-1 7.30723E-1 7.36696E-1 7.41415E-1 7.40161E-1 7.43827E-1 7.42854E-1 7.44146E-1 7.48888E-1 7.4118E-1 7.4411E-1 7.5421E-1 7.52485E-1 7.50046E-1 7.48446E-1 7.50789E-1 7.55643E-1 7.61187E-1 7.67693E-1 7.703E-1 7.71947E-1 7.70974E-1 7.77076E-1 7.84871E-1 7.82917E-1 7.74007E-1 7.65749E-1 7.48093E-1 7.37925E-1 7.37591E-1 7.22572E-1 7.15022E-1 7.18778E-1 7.18961E-1 7.17882E-1 7.2083E-1 7.26352E-1 7.25625E-1 7.24992E-1 7.20279E-1 7.18682E-1 7.20632E-1 7.2045E-1 7.14729E-1 6.96827E-1 6.78466E-1 6.63476E-1 6.47428E-1 6.45653E-1 6.45613E-1 6.6946E-1 6.73944E-1 6.8926E-1 7.11683E-1 7.21995E-1 7.29601E-1 7.42337E-1 7.37734E-1 7.38386E-1
7.16729E-1 7.23039E-1 7.38575E-1 7.47617E-1 7.57615E-1 7.62277E-1 7.5911E-1 7.59366E-1 7.6243E-1 7.61856E-1 7.61774E-1 7.63138E-1 7.62763E-1 7.63952E-1 7.64361E-1 7.56907E-1 7.55995E-1 7.54919E-1 7.60788E-1 7.73887E-1 7.74401E-1 7.73166E-1 7.76608E-1 7.77241E-1 7.94545E-1 7.94465E-1 7.94181E-1 7.83687E-1 7.68805E-1 7.60533E-1 7.51782E-1 7.35005E-1 7.24867E-1 7.27593E-1 7.33418E-1 7.36519E-1 7.33007E-1 7.37806E-1 7.37462E-1 7.38769E-1 7.36148E-1 7.26353E-1 7.17892E-1 7.13829E-1 7.12929E-1 7.11006E-1 6.97958E-1 6.83667E-1 6.69863E-1 6.5888E-1 6.6093E-1 6.61744E-1 6.67585E-1 6.83141E-1 7.1181E-1 7.35875E-1 7.44184E-1 7.43975E-1 7.4558E-1 7.44231E-1 7.43215E-1
7.25613E-1 7.3956E-1 7.46111E-1 7.66542E-1 7.78425E-1 7.81526E-1 7.84434E-1 7.84503E-1 7.74454E-1 7.66653E-1 7.66651E-1 7.70674E-1 7.71957E-1 7.72281E-1 7.68121E-1 7.65939E-1 7.63759E-1 7.61314E-1 7.65496E-1 7.79984E-1 7.88452E-1 7.91067E-1 7.94521E-1 7.98591E-1 8.00592E-1 8.02461E-1 7.99848E-1 7.91212E-1 7.81153E-1 7.71688E-1 7.63778E-1 7.35956E-1 7.34516E-1 7.41576E-1 7.471E-1 7.48959E-1 7.50872E-1 7.53882E-1 7.48198E-1 7.40034E-1 7.29204E-1 7.22655E-1 7.19561E-1 7.16055E-1 7.1026E-1 7.06207E-1 7.00343E-1 6.91904E-1 6.78104E-1 6.66492E-1 6.67489E-1 6.67722E-1 6.82843E-1 6.94675E-1 7.19308E-1 7.44184E-1 7.49323E-1 7.58821E-1 7.74041E-1 7.61957E-1 7.55959E-1
7.26817E-1 7.52279E-1 7.65291E-1 7.80971E-1 7.8858E-1 7.9226E-1 8.02915E-1 8.01476E-1 7.86431E-1 7.62065E-1 7.65647E-1 7.68062E-1 7.71745E-1 7.69868E-1 7.6761E-1 7.71898E-1 7.65501E-1 7.68861E-1 7.74168E-1 7.92451E-1 7.99884E-1 8.0182E-1 8.10829E-1 8.13713E-1 8.12455E-1 8.19421E-1 8.1715E-1 8.02183E-1 7.95685E-1 7.82115E-1 7.74282E-1 7.65175E-1 7.55802E-1 7.60558E-1 7.68538E-1 7.65711E-1 7.66242E-1 7.60742E-1 7.56085E-1 7.44905E-1 7.34206E-1 7.20011E-1 7.14873E-1 7.17352E-1 7.20666E-1 7.17564E-1 7.06215E-1 7.00028E-1 6.78159E-1 6.70959E-1 6.73352E-1 6.82269E-1 7.0127E-1 7.1668E-1 7.42622E-1 7.59996E-1 7.5909E-1 7.6054E-1 7.63314E-1 7.64492E-1 7.60604E-1
7.4704E-1 7.6673E-1 7.80871E-1 7.89099E-1 7.96092E-1 7.99623E-1 8.00477E-1 8.04039E-1 7.9114E-1 7.72337E-1 7.67917E-1 7.66292E-1 7.65014E-1 7.63202E-1 7.65746E-1 7.6828E-1 7.73141E-1 7.77899E-1 7.88395E-1 8.06198E-1 8.07632E-1 8.07609E-1 8.11347E-1 8.1246E-1 8.15664E-1 8.16264E-1 8.12669E-1 8.07791E-1 8.00728E-1 7.88488E-1 7.7663E-1 7.70423E-1 7.72548E-1 7.74658E-1 7.72548E-1 7.72386E-1 7.64486E-1 7.54426E-1 7.50942E-1 7.46618E-1 7.25852E-1 7.14429E-1 7.14871E-1 7.18024E-1 7.15925E-1 7.16121E-1 7.28145E-1 7.22479E-1 7.0856E-1 6.99767E-1 6.96073E-1 7.05577E-1 7.19724E-1 7.43092E-1 7.84197E-1 7.71609E-1 7.60758E-1 7.64132E-1 7.61168E-1 7.66597E-1 7.68399E-1
7.67736E-1 7.79965E-1 7.89738E-1 7.965E-1 8.01695E-1 8.02537E-1 7.99239E-1 8.06209E-1 7.92831E-1 7.80499E-1 7.73478E-1 7.68927E-1 7.6388E-1 7.59827E-1 7.6261E-1 7.65107E-1 7.71496E-1 7.84437E-1 8.0234E-1 8.11805E-1 8.10669E-1 8.09744E-1 8.14321E-1 8.21859E-1 8.22377E-1 8.14508E-1 8.17321E-1 8.08948E-1 8.02652E-1 7.99261E-1 7.92081E-1 7.78274E-1 7.80768E-1 7.77237E-1 7.68609E-1 7.63279E-1 7.54933E-1 7.49806E-1 7.47316E-1 7.41969E-1 7.2512E-1 7.13705E-1 7.15968E-1 7.23206E-1 7.40633E-1 7.50915E-1 7.53175E-1 7.43168E-1 7.32753E-1 7.22906E-1 7.28815E-1 7.45877E-1 7.61237E-1 7.78183E-1 7.7681E-1 7.65911E-1 7.63943E-1 7.62404E-1 7.68222E-1 7.74042E-1 7.72983E-1
7.84297E-1 7.90765E-1 7.99702E-1 8.01277E-1 8.00557E-1 7.95555E-1 7.96998E-1 8.07417E-1 7.9294E-1 7.82421E-1 7.77315E-1 7.71274E-1 7.64504E-1 7.62515E-1 7.63473E-1 7.67026E-1 7.72658E-1 7.8446E-1 7.97157E-1 8.07138E-1 8.13938E-1 8.13745E-1 8.15309E-1 8.18665E-1 8.18336E-1 8.17255E-1 8.10833E-1 8.0491E-1 8.01659E-1 7.96335E-1 7.92629E-1 7.81939E-1 7.82301E-1 7.7486E-1 7.68355E-1 7.63335E-1 7.58054E-1 7.49693E-1 7.44954E-1 7.37711E-1 7.14131E-1 7.17222E-1 7.23057E-1 7.48338E-1 7.58366E-1 7.61841E-1 7.7095E-1 7.72469E-1 7.74594E-1 7.70192E-1 7.6892E-1 7.70925E-1 7.80013E-1 7.82708E-1 7.77929E-1 7.65557E-1 7.64119E-1 7.6889E-1 7.73125E-1 7.76883E-1 7.79893E-1
7.92134E-1 7.96424E-1 8.00053E-1 8.03523E-1 7.98175E-1 7.95252E-1 7.93636E-1 7.98227E-1 7.94725E-1 7.85583E-1 7.83877E-1 7.81822E-1 7.70048E-1 7.65346E-1 7.68761E-1 7.75322E-1 7.85989E-1 7.8644E-1 7.93461E-1 8.03443E-1 8.07838E-1 8.12539E-1 8.12754E-1 8.1579E-1 8.20383E-1 8.17179E-1 8.08075E-1 8.0191E-1 7.99907E-1 7.98748E-1 7.92744E-1 7.78682E-1 7.80406E-1 7.75183E-1 7.70559E-1 7.73649E-1 7.649E-1 7.45968E-1 7.37489E-1 7.20227E-1 7.0722E-1 7.25771E-1 7.45214E-1 7.7011E-1 7.64549E-1 7.69491E-1 7.85059E-1 8.03431E-1 7.98324E-1 7.92908E-1 7.934E-1 7.9087E-1 7.91049E-1 7.84446E-1 7.73009E-1 7.69807E-1 7.68856E-1 7.76309E-1 7.76867E-1 7.82828E-1 7.86407E-1
7.93779E-1 7.98998E-1 8.0362E-1 8.03988E-1 8.01132E-1 7.97726E-1 7.95824E-1 7.95066E-1 7.96048E-1 7.84883E-1 7.89815E-1 7.8897E-1 7.7841E-1 7.70898E-1 7.7793E-1 7.88829E-1 7.93658E-1 7.88874E-1 7.99164E-1 8.0255E-1 8.05979E-1 8.12926E-1 8.09529E-1 8.17748E-1 8.19734E-1 8.15295E-1 8.08654E-1 8.04419E-1 7.94959E-1 7.92897E-1 7.74475E-1 7.6461E-1 7.73007E-1 7.67207E-1 7.69402E-1 7.73146E-1 7.56348E-1 7.50347E-1 7.31343E-1 7.41634E-1 7.66877E-1 7.67886E-1 7.74247E-1 7.78343E-1 7.64506E-1 7.89941E-1 8.04428E-1 8.07252E-1 8.07646E-1 8.10785E-1 8.03791E-1 7.98572E-1 7.96004E-1 7.9595E-1 7.86599E-1 7.77067E-1 7.80252E-1 7.87426E-1 7.85801E-1 7.88441E-1 8.00483E-1
