maxent_outputs/red_flowers_linear/red_219.asc
ncols         426
nrows         180
xllcorner     -130.0
yllcorner     24.0
cellsize      0.16666666666666666
NODATA_value  -9999
[rows 0 to 26 of 180, columns 183 to 243 of 426]
1.19007E-1 1.10659E-1 1.10717E-1 1.09546E-1 1.06591E-1 1.07071E-1 1.07982E-1 1.22325E-1 1.24805E-1 1.2203E-1 1.16071E-1 1.10547E-1 1.05874E-1 1.02744E-1 1.04553E-1 1.06073E-1 1.04106E-1 1.00792E-1 1.00548E-1 1.03177E-1 1.10314E-1 1.05445E-1 1.00972E-1 1.01723E-1 9.89632E-2 9.91841E-2 9.72275E-2 1.01872E-1 1.04524E-1 1.01309E-1 9.75654E-2 9.56741E-2 9.78051E-2 9.66921E-2 9.39483E-2 9.21402E-2 9.13748E-2 9.0874E-2 9.27546E-2 9.19695E-2 9.11682E-2 9.22559E-2 9.13857E-2 8.99822E-2 9.28853E-2 9.2849E-2 9.27363E-2 9.28186E-2 9.57764E-2 9.44496E-2 9.31273E-2 9.71578E-2 9.60199E-2 9.51245E-2 9.65562E-2 9.39687E-2 9.40746E-2 9.19842E-2 9.18942E-2 9.28697E-2 9.25345E-2
1.12029E-1 1.09546E-1 1.11779E-1 1.32184E-1 1.40488E-1 1.44645E-1 1.43958E-1 1.44886E-1 1.3745E-1 1.32268E-1 1.17304E-1 1.15494E-1 1.10261E-1 1.07707E-1 1.08891E-1 1.03341E-1 1.02274E-1 1.01166E-1 1.00299E-1 1.02779E-1 1.02464E-1 1.02559E-1 1.07268E-1 1.04757E-1 1.0235E-1 9.67425E-2 9.89621E-2 1.02364E-1 1.03398E-1 1.04701E-1 1.09331E-1 1.07249E-1 1.03114E-1 1.01123E-1 9.78062E-2 9.66827E-2 9.71069E-2 9.75681E-2 9.69649E-2 9.53803E-2 9.5169E-2 9.18054E-2 9.31135E-2 9.65169E-2 9.78255E-2 9.66851E-2 9.48827E-2 9.23692E-2 9.33629E-2 9.5833E-2 9.39443E-2 9.71276E-2 9.62148E-2 9.36737E-2 9.61167E-2 9.79833E-2 1.10614E-1 1.14857E-1 1.05983E-1 9.85978E-2 9.77532E-2
1.08296E-1 1.09127E-1 1.21042E-1 1.42913E-1 1.43756E-1 1.42629E-1 1.46941E-1 1.47178E-1 1.50739E-1 1.48225E-1 1.28887E-1 1.16445E-1 1.14853E-1 1.0667E-1 1.05522E-1 1.04586E-1 1.03323E-1 1.03964E-1 1.05699E-1 1.08565E-1 1.04943E-1 1.01412E-1 1.01936E-1 1.02358E-1 1.03583E-1 9.8918E-2 1.01901E-1 9.86244E-2 9.72615E-2 9.54008E-2 9.55172E-2 9.4302E-2 9.78588E-2 9.49746E-2 9.88764E-2 9.87565E-2 9.66113E-2 9.89204E-2 9.8024E-2 9.56033E-2 9.52428E-2 9.42455E-2 9.23491E-2 9.08066E-2 9.12296E-2 9.31207E-2 9.37434E-2 9.3537E-2 9.55056E-2 9.51702E-2 9.76581E-2 9.51529E-2 9.55465E-2 9.27074E-2 9.27447E-2 9.56625E-2 9.51819E-2 9.64087E-2 9.57224E-2 9.6074E-2 9.58861E-2
1.10895E-1 1.13287E-1 1.32579E-1 1.4352E-1 1.45737E-1 1.43464E-1 1.46587E-1 1.46206E-1 1.48103E-1 1.52071E-1 1.47328E-1 1.20362E-1 1.16906E-1 1.09386E-1 1.09656E-1 1.04524E-1 1.06282E-1 1.0664E-1 1.06773E-1 1.04871E-1 1.08717E-1 1.03234E-1 1.00443E-1 1.00244E-1 1.00423E-1 1.0312E-1 1.01274E-1 9.64485E-2 9.47419E-2 9.60361E-2 9.66061E-2 9.85601E-2 9.74133E-2 9.6283E-2 9.60627E-2 9.72463E-2 9.78499E-2 9.66049E-2 9.58761E-2 9.58751E-2 9.73053E-2 9.44571E-2 9.23805E-2 9.30899E-2 9.22445E-2 9.2114E-2 9.75765E-2 9.62007E-2 9.50113E-2 9.59355E-2 9.56586E-2 9.88697E-2 9.69977E-2 9.53235E-2 9.537E-2 9.42033E-2 9.44415E-2 9.43597E-2 9.6704E-2 9.45657E-2 9.56315E-2
1.19157E-1 1.22489E-1 1.3516E-1 1.43685E-1 1.43951E-1 1.45479E-1 1.44084E-1 1.46899E-1 1.48337E-1 1.50809E-1 1.49059E-1 1.36387E-1 1.2345E-1 1.09604E-1 1.05142E-1 1.06087E-1 1.0402E-1 1.02074E-1 1.0315E-1 1.04393E-1 1.03199E-1 1.04309E-1 1.04324E-1 1.01927E-1 9.96087E-2 1.02355E-1 9.91155E-2 1.01647E-1 1.00583E-1 9.87474E-2 9.86571E-2 9.87829E-2 9.63195E-2 9.66786E-2 9.87567E-2 1.00967E-1 9.75004E-2 9.74122E-2 9.37968E-2 9.46412E-2 9.62953E-2 9.57182E-2 9.61922E-2 9.51488E-2 9.52617E-2 9.57503E-2 9.3415E-2 9.30361E-2 9.4439E-2 9.55068E-2 9.34365E-2 9.73165E-2 9.56723E-2 9.49554E-2 9.4086E-2 9.48849E-2 9.42295E-2 9.50465E-2 9.56004E-2 9.67938E-2 9.61719E-2
1.18183E-1 1.17724E-1 1.23907E-1 1.34136E-1 1.34985E-1 1.35855E-1 1.44636E-1 1.45791E-1 1.45926E-1 1.489E-1 1.48687E-1 1.4426E-1 1.30808E-1 1.13535E-1 1.10766E-1 1.06473E-1 1.06218E-1 1.04167E-1 1.02784E-1 1.02929E-1 1.07283E-1 1.04306E-1 1.02932E-1 1.04761E-1 1.04794E-1 1.05886E-1 1.08709E-1 1.0884E-1 1.04909E-1 1.03948E-1 1.02446E-1 1.00277E-1 9.94216E-2 9.8866E-2 9.86927E-2 1.03724E-1 1.06502E-1 1.02368E-1 1.06792E-1 1.05941E-1 1.07083E-1 1.04025E-1 9.81306E-2 9.66065E-2 9.64123E-2 1.00338E-1 9.58307E-2 9.55973E-2 9.7091E-2 9.92184E-2 9.79132E-2 9.74935E-2 9.79623E-2 9.67685E-2 9.58822E-2 9.29385E-2 9.46087E-2 9.82783E-2 9.98444E-2 9.81446E-2 9.89602E-2
1.17229E-1 1.14622E-1 1.13688E-1 1.18521E-1 1.34959E-1 1.41173E-1 1.45156E-1 1.47076E-1 1.4694E-1 1.51031E-1 1.5166E-1 1.48214E-1 1.30384E-1 1.1769E-1 1.1432E-1 1.08677E-1 1.0508E-1 1.06905E-1 1.06776E-1 1.0551E-1 1.08494E-1 1.08035E-1 1.0474E-1 1.06002E-1 1.06604E-1 1.10435E-1 1.08912E-1 1.08992E-1 1.06205E-1 1.04632E-1 1.03417E-1 1.04338E-1 1.03747E-1 1.05994E-1 1.02775E-1 1.07432E-1 1.0756E-1 1.04084E-1 1.04515E-1 1.03538E-1 1.03047E-1 1.0139E-1 9.83501E-2 9.98623E-2 1.01616E-1 1.03605E-1 1.02597E-1 9.94969E-2 1.03309E-1 1.00547E-1 9.97539E-2 1.00561E-1 1.01771E-1 9.70022E-2 9.66144E-2 9.60304E-2 9.65943E-2 1.00535E-1 1.00832E-1 1.00819E-1 1.01951E-1
1.21624E-1 1.14548E-1 1.14823E-1 1.2044E-1 1.37726E-1 1.45376E-1 1.43996E-1 1.44639E-1 1.44049E-1 1.45017E-1 1.45755E-1 1.46552E-1 1.41753E-1 1.18161E-1 1.12108E-1 1.09254E-1 1.11774E-1 1.15365E-1 1.13377E-1 1.10614E-1 1.08317E-1 1.0922E-1 1.08105E-1 1.06682E-1 1.08269E-1 1.13257E-1 1.09736E-1 1.09455E-1 1.08793E-1 1.08313E-1 1.06429E-1 1.06677E-1 1.04776E-1 1.0777E-1 1.06374E-1 1.06649E-1 1.0528E-1 1.03503E-1 1.01259E-1 1.00191E-1 9.99797E-2 1.01683E-1 1.02119E-1 1E-1 1.00221E-1 1.00281E-1 9.87661E-2 9.82147E-2 1.00634E-1 9.9311E-2 9.96792E-2 1.04045E-1 1.04553E-1 1.03076E-1 9.78476E-2 9.65594E-2 9.8E-2 9.79118E-2 9.78642E-2 9.97058E-2 9.79555E-2
1.21426E-1 1.16547E-1 1.14471E-1 1.17784E-1 1.1882E-1 1.32504E-1 1.42439E-1 1.44264E-1 1.44722E-1 1.44054E-1 1.45404E-1 1.441E-1 1.38616E-1 1.34957E-1 1.16497E-1 1.10641E-1 1.11529E-1 1.10038E-1 1.13939E-1 1.14917E-1 1.1324E-1 1.12236E-1 1.10679E-1 1.09745E-1 1.12989E-1 1.10822E-1 1.10472E-1 1.11923E-1 1.08479E-1 1.09041E-1 1.12061E-1 1.10688E-1 1.12986E-1 1.08821E-1 1.0749E-1 1.0616E-1 1.07997E-1 1.08442E-1 1.08037E-1 1.08017E-1 1.05278E-1 1.0435E-1 1.04546E-1 1.03071E-1 1.00648E-1 1.01181E-1 1.00819E-1 1.07436E-1 1.04918E-1 1.01639E-1 1.00007E-1 9.93378E-2 9.73687E-2 9.71616E-2 9.97122E-2 9.87568E-2 9.78677E-2 9.63314E-2 9.98487E-2 9.97449E-2 9.88365E-2
1.2357E-1 1.16841E-1 1.14325E-1 1.14458E-1 1.15008E-1 1.16858E-1 1.35349E-1 1.43367E-1 1.38428E-1 1.37875E-1 1.45408E-1 1.41577E-1 1.36414E-1 1.33885E-1 1.27023E-1 1.12543E-1 1.11806E-1 1.10594E-1 1.12148E-1 1.0961E-1 1.11534E-1 1.12344E-1 1.11511E-1 1.13288E-1 1.14627E-1 1.12715E-1 1.10794E-1 1.10946E-1 1.08318E-1 1.07358E-1 1.10114E-1 1.10291E-1 1.09274E-1 1.07326E-1 1.09065E-1 1.12158E-1 1.10604E-1 1.08855E-1 1.08409E-1 1.07392E-1 1.05668E-1 1.07283E-1 1.07448E-1 1.07162E-1 1.04326E-1 1.02657E-1 1.01674E-1 1.03509E-1 1.01706E-1 1.00024E-1 9.99764E-2 9.68781E-2 9.67206E-2 9.64521E-2 9.57757E-2 9.6384E-2 9.91366E-2 9.85471E-2 9.82681E-2 9.87217E-2 1.00824E-1
1.19748E-1 1.13144E-1 1.11944E-1 1.16912E-1 1.14668E-1 1.15598E-1 1.17334E-1 1.26356E-1 1.40263E-1 1.40159E-1 1.42393E-1 1.41259E-1 1.38414E-1 1.3047E-1 1.2923E-1 1.13917E-1 1.14301E-1 1.13277E-1 1.15109E-1 1.13461E-1 1.13331E-1 1.13882E-1 1.12421E-1 1.13538E-1 1.16E-1 1.14081E-1 1.11983E-1 1.13756E-1 1.08328E-1 1.12438E-1 1.12701E-1 1.1227E-1 1.10032E-1 1.09235E-1 1.1516E-1 1.11423E-1 1.08801E-1 1.05302E-1 1.05942E-1 1.08669E-1 1.12937E-1 1.1066E-1 1.0604E-1 1.04185E-1 1.04525E-1 1.03799E-1 1.03222E-1 1.03016E-1 1.00959E-1 1.00055E-1 1.00274E-1 9.87876E-2 9.7642E-2 9.82476E-2 9.59542E-2 9.78355E-2 9.78856E-2 9.73955E-2 9.73138E-2 9.80949E-2 9.91769E-2
1.17841E-1 1.16509E-1 1.17192E-1 1.18562E-1 1.17795E-1 1.18183E-1 1.18803E-1 1.21539E-1 1.29574E-1 1.41522E-1 1.324E-1 1.29843E-1 1.34913E-1 1.37169E-1 1.34695E-1 1.20275E-1 1.15933E-1 1.15598E-1 1.14873E-1 1.14109E-1 1.14013E-1 1.1542E-1 1.16842E-1 1.19574E-1 1.23449E-1 1.20984E-1 1.17313E-1 1.15359E-1 1.15426E-1 1.17733E-1 1.17417E-1 1.16942E-1 1.16866E-1 1.15367E-1 1.14541E-1 1.09533E-1 1.06783E-1 1.11179E-1 1.08924E-1 1.09033E-1 1.09613E-1 1.07552E-1 1.05408E-1 1.07691E-1 1.0767E-1 1.05473E-1 1.03401E-1 1.03073E-1 1.031E-1 1.01784E-1 1.02778E-1 1.01584E-1 9.90344E-2 9.81121E-2 9.80908E-2 9.89989E-2 9.92092E-2 9.9034E-2 9.90527E-2 1.00198E-1 1.02462E-1
1.15918E-1 1.17069E-1 1.16662E-1 1.16895E-1 1.15995E-1 1.18531E-1 1.19404E-1 1.16264E-1 1.21674E-1 1.29056E-1 1.23731E-1 1.28178E-1 1.23942E-1 1.3516E-1 1.39779E-1 1.35104E-1 1.19812E-1 1.18423E-1 1.16351E-1 1.12843E-1 1.17045E-1 1.19395E-1 1.19604E-1 1.2023E-1 1.23582E-1 1.16132E-1 1.17695E-1 1.13214E-1 1.1631E-1 1.1562E-1 1.16059E-1 1.16533E-1 1.17719E-1 1.15573E-1 1.15501E-1 1.10898E-1 1.12672E-1 1.12878E-1 1.11248E-1 1.11758E-1 1.12366E-1 1.11338E-1 1.09324E-1 1.08573E-1 1.07766E-1 1.08788E-1 1.05473E-1 1.04089E-1 1.06972E-1 1.04787E-1 1.05713E-1 1.0242E-1 9.98072E-2 9.83656E-2 1.00048E-1 1.00091E-1 1.0046E-1 9.93249E-2 1.01259E-1 1.02132E-1 1.04253E-1
1.23546E-1 1.18315E-1 1.17476E-1 1.17057E-1 1.15527E-1 1.16991E-1 1.23183E-1 1.21792E-1 1.1619E-1 1.15857E-1 1.2231E-1 1.26333E-1 1.3455E-1 1.34509E-1 1.3749E-1 1.33014E-1 1.30786E-1 1.19209E-1 1.1605E-1 1.17011E-1 1.18228E-1 1.17808E-1 1.18975E-1 1.20545E-1 1.17057E-1 1.17665E-1 1.14035E-1 1.16244E-1 1.18438E-1 1.20128E-1 1.17304E-1 1.16733E-1 1.18589E-1 1.2017E-1 1.19998E-1 1.1696E-1 1.18514E-1 1.16633E-1 1.16497E-1 1.1875E-1 1.17833E-1 1.13202E-1 1.11171E-1 1.12842E-1 1.14354E-1 1.16142E-1 1.12413E-1 1.10069E-1 1.0957E-1 1.09953E-1 1.10087E-1 1.06864E-1 1.07481E-1 1.01474E-1 1.01069E-1 1.01589E-1 9.93637E-2 1.03025E-1 1.04402E-1 1.042E-1 1.09071E-1
1.21086E-1 1.21479E-1 1.23519E-1 1.23227E-1 1.2058E-1 1.20904E-1 1.16501E-1 1.10189E-1 1.14648E-1 1.17513E-1 1.22704E-1 1.25357E-1 1.30606E-1 1.38215E-1 1.29753E-1 1.22016E-1 1.31071E-1 1.24699E-1 1.17332E-1 1.17336E-1 1.18528E-1 1.1884E-1 1.19546E-1 1.21206E-1 1.16776E-1 1.17689E-1 1.14926E-1 1.14388E-1 1.15829E-1 1.18304E-1 1.17785E-1 1.16897E-1 1.1887E-1 1.19373E-1 1.17988E-1 1.20455E-1 1.19153E-1 1.21514E-1 1.2036E-1 1.19514E-1 1.20493E-1 1.18875E-1 1.16039E-1 1.16372E-1 1.17019E-1 1.20322E-1 1.13975E-1 1.15343E-1 1.12819E-1 1.10223E-1 1.10547E-1 1.08427E-1 1.07618E-1 1.06431E-1 1.05206E-1 1.01076E-1 1.02786E-1 1.03178E-1 1.03208E-1 1.05903E-1 1.06428E-1
1.1502E-1 1.16431E-1 1.2483E-1 1.22864E-1 1.1622E-1 1.06013E-1 1.09838E-1 1.10225E-1 1.16554E-1 1.22572E-1 1.23865E-1 1.2197E-1 1.26873E-1 1.28721E-1 1.22168E-1 1.2662E-1 1.36343E-1 1.38414E-1 1.23909E-1 1.16545E-1 1.14645E-1 1.16252E-1 1.15803E-1 1.17586E-1 1.1813E-1 1.16943E-1 1.17248E-1 1.20076E-1 1.21672E-1 1.18597E-1 1.17513E-1 1.14728E-1 1.17781E-1 1.13852E-1 1.15245E-1 1.19785E-1 1.21349E-1 1.22926E-1 1.23496E-1 1.22134E-1 1.20882E-1 1.24172E-1 1.27117E-1 1.25293E-1 1.19579E-1 1.23415E-1 1.20217E-1 1.17246E-1 1.17834E-1 1.17017E-1 1.15971E-1 1.11362E-1 1.08632E-1 1.07514E-1 1.06344E-1 1.05222E-1 1.03673E-1 1.05915E-1 1.06202E-1 1.09231E-1 1.10768E-1
1.12831E-1 1.15582E-1 1.20511E-1 1.25262E-1 1.2138E-1 1.14273E-1 1.02895E-1 1.10095E-1 1.16636E-1 1.15523E-1 1.1574E-1 1.20389E-1 1.24353E-1 1.23014E-1 1.18077E-1 1.28167E-1 1.28714E-1 1.35622E-1 1.30729E-1 1.20492E-1 1.16237E-1 1.14683E-1 1.16386E-1 1.17467E-1 1.19948E-1 1.18313E-1 1.18427E-1 1.19864E-1 1.20767E-1 1.19552E-1 1.19213E-1 1.173E-1 1.18912E-1 1.18111E-1 1.16922E-1 1.208E-1 1.35877E-1 1.40659E-1 1.29084E-1 1.25929E-1 1.27042E-1 1.2476E-1 1.24196E-1 1.27277E-1 1.27222E-1 1.27421E-1 1.25999E-1 1.23924E-1 1.2118E-1 1.18342E-1 1.15999E-1 1.15365E-1 1.15853E-1 1.13572E-1 1.11288E-1 1.11375E-1 1.09529E-1 1.11523E-1 1.11541E-1 1.13412E-1 1.16725E-1
1.15974E-1 1.16854E-1 1.22578E-1 1.2699E-1 1.24405E-1 1.17982E-1 1.09176E-1 1.10538E-1 1.14995E-1 1.17939E-1 1.11076E-1 1.10829E-1 1.13316E-1 1.1378E-1 1.10697E-1 1.18805E-1 1.27092E-1 1.35993E-1 1.2754E-1 1.16247E-1 1.18116E-1 1.19371E-1 1.19342E-1 1.18333E-1 1.18419E-1 1.19051E-1 1.21475E-1 1.19612E-1 1.18249E-1 1.19468E-1 1.19287E-1 1.19469E-1 1.23608E-1 1.25005E-1 1.25367E-1 1.22715E-1 1.31782E-1 1.36647E-1 1.30688E-1 1.29759E-1 1.33797E-1 1.30715E-1 1.28159E-1 1.27685E-1 1.29053E-1 1.25666E-1 1.24713E-1 1.30908E-1 1.29655E-1 1.24934E-1 1.20108E-1 1.207E-1 1.25785E-1 1.25371E-1 1.21617E-1 1.19991E-1 1.1546E-1 1.14888E-1 1.17959E-1 1.18882E-1 1.19084E-1
1.18168E-1 1.26615E-1 1.29548E-1 1.2785E-1 1.25938E-1 1.22803E-1 1.1776E-1 1.11451E-1 1.10992E-1 1.14735E-1 1.13772E-1 1.09186E-1 1.06871E-1 1.09493E-1 1.08291E-1 1.28046E-1 1.3142E-1 1.36715E-1 1.29156E-1 1.19442E-1 1.20917E-1 1.18495E-1 1.19951E-1 1.18725E-1 1.16073E-1 1.20146E-1 1.20047E-1 1.19917E-1 1.18205E-1 1.20871E-1 1.1649E-1 1.18085E-1 1.2471E-1 1.23699E-1 1.28702E-1 1.31798E-1 1.34001E-1 1.30304E-1 1.32034E-1 1.30216E-1 1.27755E-1 1.29465E-1 1.27855E-1 1.27401E-1 1.25907E-1 1.29627E-1 1.28808E-1 1.26931E-1 1.25322E-1 1.23937E-1 1.27722E-1 1.29677E-1 1.25079E-1 1.22332E-1 1.2352E-1 1.2577E-1 1.21795E-1 1.19797E-1 1.24131E-1 1.2482E-1 1.26584E-1
1.24835E-1 1.25869E-1 1.30402E-1 1.2679E-1 1.27828E-1 1.31796E-1 1.30326E-1 1.19622E-1 1.1287E-1 1.14976E-1 1.18309E-1 1.11508E-1 1.10952E-1 1.06287E-1 1.08954E-1 1.24929E-1 1.32019E-1 1.30825E-1 1.28164E-1 1.21969E-1 1.20624E-1 1.17511E-1 1.17979E-1 1.19689E-1 1.18901E-1 1.18808E-1 1.19606E-1 1.20472E-1 1.17809E-1 1.21075E-1 1.2207E-1 1.25885E-1 1.25974E-1 1.24773E-1 1.24223E-1 1.33751E-1 1.39997E-1 1.37728E-1 1.35754E-1 1.38234E-1 1.32159E-1 1.33239E-1 1.296E-1 1.31776E-1 1.32954E-1 1.32366E-1 1.29725E-1 1.30269E-1 1.31571E-1 1.33981E-1 1.30704E-1 1.32872E-1 1.30376E-1 1.29898E-1 1.28614E-1 1.27764E-1 1.2593E-1 1.25294E-1 1.30382E-1 1.31582E-1 1.31815E-1
1.30183E-1 1.30268E-1 1.30916E-1 1.27608E-1 1.24384E-1 1.33804E-1 1.36322E-1 1.35813E-1 1.24175E-1 1.16524E-1 1.15038E-1 1.11734E-1 1.09466E-1 1.04024E-1 1.05581E-1 1.21424E-1 1.25881E-1 1.2035E-1 1.20318E-1 1.21569E-1 1.23639E-1 1.20988E-1 1.16153E-1 1.16634E-1 1.14453E-1 1.17335E-1 1.18305E-1 1.20895E-1 1.17784E-1 1.20139E-1 1.25041E-1 1.20364E-1 1.23594E-1 1.27607E-1 1.32046E-1 1.36533E-1 1.44771E-1 1.46118E-1 1.50645E-1 1.445E-1 1.41901E-1 1.37118E-1 1.36253E-1 1.33325E-1 1.35921E-1 1.38778E-1 1.37333E-1 1.33759E-1 1.35155E-1 1.36554E-1 1.38563E-1 1.38095E-1 1.35484E-1 1.34525E-1 1.36343E-1 1.30592E-1 1.30823E-1 1.32095E-1 1.34118E-1 1.37721E-1 1.39004E-1
1.30446E-1 1.33697E-1 1.33293E-1 1.34239E-1 1.32966E-1 1.35759E-1 1.39602E-1 1.36886E-1 1.34556E-1 1.20549E-1 1.17134E-1 1.15006E-1 1.08218E-1 1.02751E-1 9.93288E-2 1.09682E-1 1.16903E-1 1.15734E-1 1.14077E-1 1.17713E-1 1.20822E-1 1.23367E-1 1.20711E-1 1.1731E-1 1.16796E-1 1.19764E-1 1.18002E-1 1.18406E-1 1.2299E-1 1.23752E-1 1.27732E-1 1.24727E-1 1.28368E-1 1.34397E-1 1.38471E-1 1.35848E-1 1.42503E-1 1.48172E-1 1.4842E-1 1.56747E-1 1.54677E-1 1.48631E-1 1.43398E-1 1.42667E-1 1.46941E-1 1.50207E-1 1.38702E-1 1.42113E-1 1.4028E-1 1.40316E-1 1.37763E-1 1.37923E-1 1.39213E-1 1.39763E-1 1.42946E-1 1.36484E-1 1.37079E-1 1.38591E-1 1.3938E-1 1.41025E-1 1.44309E-1
1.27145E-1 1.35145E-1 1.3539E-1 1.33074E-1 1.31023E-1 1.29526E-1 1.319E-1 1.32829E-1 1.26159E-1 1.17106E-1 1.14368E-1 1.10502E-1 1.04887E-1 9.90177E-2 9.47725E-2 9.72982E-2 1.03325E-1 1.0963E-1 1.0884E-1 1.16367E-1 1.19634E-1 1.2069E-1 1.20621E-1 1.17545E-1 1.17311E-1 1.18779E-1 1.21866E-1 1.23132E-1 1.21984E-1 1.23487E-1 1.2959E-1 1.28587E-1 1.32741E-1 1.3506E-1 1.32574E-1 1.34169E-1 1.40493E-1 1.469E-1 1.47874E-1 1.46844E-1 1.48076E-1 1.50012E-1 1.5523E-1 1.52922E-1 1.50823E-1 1.47086E-1 1.4809E-1 1.46633E-1 1.46348E-1 1.45594E-1 1.42286E-1 1.40573E-1 1.44266E-1 1.42863E-1 1.45036E-1 1.45828E-1 1.43172E-1 1.42277E-1 1.4334E-1 1.45915E-1 1.51601E-1
1.25805E-1 1.36376E-1 1.37724E-1 1.35297E-1 1.32371E-1 1.2414E-1 1.17586E-1 1.14541E-1 1.16049E-1 1.15929E-1 1.16259E-1 1.10991E-1 1.07782E-1 1.04989E-1 1.00427E-1 1.00875E-1 1.03479E-1 1.09257E-1 1.14069E-1 1.19264E-1 1.20277E-1 1.19644E-1 1.17628E-1 1.16591E-1 1.16091E-1 1.18045E-1 1.20927E-1 1.22673E-1 1.23872E-1 1.26366E-1 1.23275E-1 1.27281E-1 1.31547E-1 1.32839E-1 1.36928E-1 1.40124E-1 1.39104E-1 1.39086E-1 1.37192E-1 1.37741E-1 1.37339E-1 1.39321E-1 1.45115E-1 1.58421E-1 1.56382E-1 1.56545E-1 1.52329E-1 1.52819E-1 1.49419E-1 1.54613E-1 1.49461E-1 1.5258E-1 1.59741E-1 1.54461E-1 1.54221E-1 1.54527E-1 1.51256E-1 1.48172E-1 1.48964E-1 1.51875E-1 1.53903E-1
1.32439E-1 1.33633E-1 1.35576E-1 1.36124E-1 1.33488E-1 1.27485E-1 1.21542E-1 1.18854E-1 1.19422E-1 1.14573E-1 1.17719E-1 1.16042E-1 1.13773E-1 1.1153E-1 1.08176E-1 1.08258E-1 1.11117E-1 1.14188E-1 1.19336E-1 1.21652E-1 1.20667E-1 1.21647E-1 1.19522E-1 1.17088E-1 1.14659E-1 1.14092E-1 1.15597E-1 1.19855E-1 1.21192E-1 1.23055E-1 1.24445E-1 1.2793E-1 1.30605E-1 1.34474E-1 1.34536E-1 1.39141E-1 1.36127E-1 1.38459E-1 1.36924E-1 1.37569E-1 1.3874E-1 1.42272E-1 1.45661E-1 1.57665E-1 1.64946E-1 1.62603E-1 1.58273E-1 1.55937E-1 1.60031E-1 1.5904E-1 1.65264E-1 1.58938E-1 1.54989E-1 1.51984E-1 1.53233E-1 1.52042E-1 1.55419E-1 1.55408E-1 1.55293E-1 1.60641E-1 1.68389E-1
1.29496E-1 1.32338E-1 1.32592E-1 1.32715E-1 1.31522E-1 1.33996E-1 1.32754E-1 1.29395E-1 1.29961E-1 1.24109E-1 1.19656E-1 1.20206E-1 1.18736E-1 1.14996E-1 1.08831E-1 1.09176E-1 1.10588E-1 1.13746E-1 1.22742E-1 1.24134E-1 1.23914E-1 1.23507E-1 1.20008E-1 1.12823E-1 1.1317E-1 1.1424E-1 1.14347E-1 1.1612E-1 1.23496E-1 1.24877E-1 1.30492E-1 1.29329E-1 1.32178E-1 1.34942E-1 1.35278E-1 1.38656E-1 1.39647E-1 1.42398E-1 1.43837E-1 1.40362E-1 1.47872E-1 1.49651E-1 1.50721E-1 1.56272E-1 1.61758E-1 1.72987E-1 1.71293E-1 1.67503E-1 1.67055E-1 1.60964E-1 1.59364E-1 1.60585E-1 1.59594E-1 1.60885E-1 1.61837E-1 1.58477E-1 1.58582E-1 1.56836E-1 1.64171E-1 1.6258E-1 1.65932E-1
1.29213E-1 1.2948E-1 1.24214E-1 1.28087E-1 1.33723E-1 1.34223E-1 1.34835E-1 1.36994E-1 1.38648E-1 1.38322E-1 1.24394E-1 1.25379E-1 1.23875E-1 1.15209E-1 1.08016E-1 1.08238E-1 1.11869E-1 1.13734E-1 1.24412E-1 1.28095E-1 1.29136E-1 1.25656E-1 1.19765E-1 1.15188E-1 1.11124E-1 1.12137E-1 1.24655E-1 1.22432E-1 1.22191E-1 1.343E-1 1.34303E-1 1.27148E-1 1.28308E-1 1.32798E-1 1.36855E-1 1.37868E-1 1.38072E-1 1.39111E-1 1.43616E-1 1.41047E-1 1.45152E-1 1.52978E-1 1.55565E-1 1.59038E-1 1.67198E-1 1.80446E-1 1.94873E-1 1.91094E-1 1.73883E-1 1.62924E-1 1.57664E-1 1.57414E-1 1.57604E-1 1.59206E-1 1.60319E-1 1.59608E-1 1.56413E-1 1.5867E-1 1.61638E-1 1.67316E-1 1.69042E-1
