maxent_outputs/red_flowers_linear/red_111.asc
ncols         426
nrows         180
xllcorner     -130.0
yllcorner     24.0
cellsize      0.16666666666666666
NODATA_value  -9999
[rows 54 to 80 of 180, columns 305 to 365 of 426]
2.68115E-1 2.62056E-1 2.63219E-1 2.5203E-1 2.46444E-1 2.41411E-1 2.37144E-1 2.33224E-1 2.30465E-1 2.294E-1 2.24758E-1 2.28975E-1 2.27508E-1 2.29025E-1 2.34039E-1 2.36519E-1 2.36195E-1 2.35891E-1 2.44525E-1 2.50813E-1 2.55673E-1 2.57923E-1 2.4892E-1 2.60954E-1 2.80711E-1 2.78379E-1 2.67626E-1 2.63727E-1 2.64991E-1 2.67391E-1 2.58646E-1 2.55976E-1 2.54768E-1 2.32718E-1 2.22758E-1 2.46916E-1 2.47716E-1 2.55102E-1 2.66442E-1 2.93945E-1 2.82791E-1 2.65521E-1 2.56319E-1 2.58764E-1 2.52826E-1 2.40629E-1 2.29593E-1 2.48272E-1 2.30428E-1 2.32157E-1 2.37425E-1 2.57461E-1 2.70849E-1 2.74658E-1 2.76502E-1 2.75584E-1 2.72516E-1 2.77972E-1 2.80951E-1 2.80999E-1 2.85808E-1
2.67748E-1 2.64898E-1 2.72748E-1 2.66909E-1 2.60387E-1 2.50171E-1 2.46847E-1 2.43172E-1 2.4204E-1 2.38675E-1 2.35487E-1 2.35011E-1 2.36711E-1 2.41434E-1 2.46217E-1 2.54838E-1 2.6202E-1 2.77224E-1 2.63115E-1 2.59458E-1 2.609E-1 2.61711E-1 2.65804E-1 2.57433E-1 2.5656E-1 2.55529E-1 2.52975E-1 2.54371E-1 2.56556E-1 2.56604E-1 2.54813E-1 2.56277E-1 2.57333E-1 2.40646E-1 2.38795E-1 2.53309E-1 2.45682E-1 2.53461E-1 2.72156E-1 2.82587E-1 2.73244E-1 2.5642E-1 2.56853E-1 2.47137E-1 2.42812E-1 2.37759E-1 2.56968E-1 2.3871E-1 2.31993E-1 2.39929E-1 2.64373E-1 2.76584E-1 2.83096E-1 2.93531E-1 2.99856E-1 2.87852E-1 2.86425E-1 2.87413E-1 2.92052E-1 2.98903E-1 3.17531E-1
2.79744E-1 2.79295E-1 2.80382E-1 2.69839E-1 2.72517E-1 2.6289E-1 2.60757E-1 2.62103E-1 2.65348E-1 2.56536E-1 2.50721E-1 2.54176E-1 2.57839E-1 2.59748E-1 2.66662E-1 2.80051E-1 2.88466E-1 2.80793E-1 2.85801E-1 2.79635E-1 2.80138E-1 2.70184E-1 2.55876E-1 2.52754E-1 2.51934E-1 2.55116E-1 2.4783E-1 2.52525E-1 2.50629E-1 2.52343E-1 2.52105E-1 2.53413E-1 2.53989E-1 2.53146E-1 2.77379E-1 2.72892E-1 2.52451E-1 2.59299E-1 2.76612E-1 2.59049E-1 2.58336E-1 2.55504E-1 2.48346E-1 2.39338E-1 2.50833E-1 2.37257E-1 2.63791E-1 2.44874E-1 2.56048E-1 2.86865E-1 2.80427E-1 2.86668E-1 2.92183E-1 3.07205E-1 3.13488E-1 3.23255E-1 3.08931E-1 3.05322E-1 3.18493E-1 3.31353E-1 3.48034E-1
2.80082E-1 2.74352E-1 2.75451E-1 2.76491E-1 2.77972E-1 2.5993E-1 2.56064E-1 2.62864E-1 2.72088E-1 2.68972E-1 2.67359E-1 2.75089E-1 2.76078E-1 2.71933E-1 2.8075E-1 2.93217E-1 2.952E-1 2.86463E-1 2.8809E-1 2.99514E-1 2.95296E-1 2.70279E-1 2.58015E-1 2.58306E-1 2.58043E-1 2.55421E-1 2.55637E-1 2.48491E-1 2.51006E-1 2.50647E-1 2.48043E-1 2.60647E-1 2.66158E-1 2.70905E-1 2.84559E-1 2.94504E-1 2.59327E-1 2.68616E-1 2.69521E-1 2.73045E-1 2.64309E-1 2.57255E-1 2.45698E-1 2.44579E-1 2.45534E-1 2.38073E-1 2.80342E-1 2.83578E-1 3.00083E-1 3.01858E-1 2.9343E-1 3.04306E-1 3.10682E-1 3.2299E-1 3.29684E-1 3.34167E-1 3.2958E-1 3.35608E-1 3.48633E-1 3.65656E-1 3.77435E-1
2.76344E-1 2.8208E-1 2.83314E-1 2.76837E-1 2.77125E-1 2.74862E-1 2.78932E-1 2.72412E-1 2.84367E-1 2.87065E-1 2.92117E-1 2.92602E-1 2.89511E-1 2.88843E-1 3.0325E-1 3.21723E-1 3.27502E-1 3.32586E-1 3.32993E-1 2.94272E-1 2.77167E-1 2.63942E-1 2.68805E-1 2.68877E-1 2.69175E-1 2.67099E-1 2.61457E-1 2.64532E-1 2.64669E-1 2.66563E-1 2.62068E-1 2.59625E-1 2.77175E-1 2.76678E-1 2.75855E-1 2.73326E-1 2.71526E-1 2.87442E-1 2.78419E-1 2.6442E-1 2.63708E-1 2.6598E-1 2.51706E-1 2.51677E-1 2.53956E-1 2.95453E-1 3.28924E-1 3.71754E-1 3.37599E-1 3.24509E-1 3.24766E-1 3.21149E-1 3.33292E-1 3.38553E-1 3.49335E-1 3.60289E-1 3.56961E-1 3.6208E-1 3.7335E-1 3.87249E-1 4.03351E-1
2.89893E-1 2.95883E-1 2.88475E-1 2.96759E-1 2.98275E-1 3.01907E-1 2.95991E-1 2.97885E-1 3.11925E-1 3.20943E-1 3.20631E-1 3.33444E-1 3.23661E-1 3.48697E-1 3.85282E-1 4.27642E-1 3.8668E-1 3.49542E-1 3.14369E-1 2.95034E-1 2.82764E-1 2.80462E-1 2.87862E-1 2.82458E-1 2.79696E-1 2.76187E-1 2.77994E-1 2.76232E-1 2.72162E-1 2.69296E-1 2.66292E-1 2.79861E-1 2.85466E-1 2.86834E-1 2.80622E-1 2.65061E-1 2.80757E-1 2.92828E-1 2.96273E-1 2.73155E-1 2.78331E-1 2.64169E-1 2.53745E-1 2.75548E-1 3.04674E-1 3.36762E-1 3.46476E-1 3.48215E-1 3.48568E-1 3.35634E-1 3.41465E-1 3.46135E-1 3.5492E-1 3.64952E-1 3.70699E-1 3.7744E-1 3.8338E-1 3.95543E-1 4.02127E-1 4.06824E-1 4.18589E-1
3.19943E-1 3.33474E-1 3.34286E-1 3.458E-1 3.59586E-1 3.7724E-1 3.90381E-1 3.98699E-1 4.13391E-1 4.14936E-1 3.90678E-1 3.76235E-1 3.52876E-1 4.0575E-1 4.63193E-1 4.60283E-1 4.43921E-1 3.95037E-1 3.53687E-1 3.32375E-1 3.13771E-1 2.99038E-1 2.89024E-1 2.9337E-1 2.9232E-1 2.91929E-1 2.91557E-1 2.9319E-1 2.8786E-1 2.77432E-1 2.70707E-1 2.74258E-1 2.88617E-1 2.94522E-1 2.81665E-1 2.69501E-1 2.8941E-1 3.08491E-1 3.06824E-1 2.81975E-1 2.8574E-1 2.84565E-1 2.81032E-1 2.93267E-1 3.10734E-1 3.27249E-1 3.58229E-1 3.64415E-1 3.61004E-1 3.53276E-1 3.52977E-1 3.99848E-1 3.76876E-1 3.7042E-1 3.83398E-1 4.05212E-1 4.33219E-1 4.4654E-1 4.39063E-1 4.55485E-1 5.03042E-1
4.00534E-1 4.36329E-1 4.41222E-1 4.48458E-1 4.50512E-1 4.47095E-1 4.44233E-1 4.44238E-1 4.48869E-1 4.51989E-1 4.61156E-1 4.62065E-1 4.65805E-1 4.89288E-1 4.9958E-1 5.04517E-1 4.99929E-1 4.28125E-1 3.60443E-1 3.3614E-1 3.21987E-1 3.18789E-1 3.1476E-1 3.19628E-1 3.13373E-1 3.07298E-1 3.14667E-1 3.11343E-1 3.08286E-1 2.9002E-1 2.93429E-1 2.99628E-1 3.04057E-1 3.06058E-1 2.97626E-1 2.83061E-1 2.89236E-1 3.12332E-1 3.17488E-1 3.10153E-1 3.04213E-1 2.93041E-1 3.01547E-1 3.10313E-1 3.09905E-1 3.22559E-1 3.38323E-1 3.61198E-1 3.54797E-1 3.55351E-1 3.56577E-1 3.80342E-1 3.76965E-1 3.97016E-1 4.35394E-1 4.60986E-1 4.58218E-1 4.79722E-1 -9999 5.80907E-1 -9999
4.64985E-1 4.64073E-1 4.60912E-1 4.5903E-1 4.52519E-1 4.46549E-1 4.43897E-1 4.428E-1 4.4982E-1 4.61197E-1 4.69968E-1 4.78745E-1 4.86439E-1 4.98202E-1 5.08181E-1 5.11347E-1 4.81283E-1 4.36104E-1 3.77894E-1 3.58196E-1 3.45866E-1 3.3325E-1 3.40038E-1 3.47629E-1 3.45355E-1 3.34994E-1 3.3087E-1 3.28056E-1 3.25661E-1 3.13293E-1 3.09273E-1 3.19836E-1 3.12496E-1 3.20645E-1 3.01715E-1 2.89108E-1 2.9226E-1 2.99831E-1 3.34805E-1 3.26985E-1 3.11306E-1 3.1184E-1 3.13472E-1 3.17831E-1 3.16227E-1 3.25235E-1 3.42599E-1 3.6571E-1 3.59952E-1 3.61512E-1 3.74085E-1 3.80451E-1 4.00099E-1 4.36032E-1 -9999 -9999 -9999 -9999 -9999 -9999 -9999
4.77545E-1 4.69278E-1 4.48776E-1 4.21045E-1 4.10667E-1 4.0132E-1 3.94956E-1 3.94034E-1 4.13358E-1 4.48316E-1 4.61107E-1 4.66183E-1 4.73425E-1 4.74773E-1 4.56164E-1 4.07851E-1 4.00171E-1 3.87521E-1 3.8559E-1 3.87225E-1 3.79169E-1 3.62762E-1 3.65637E-1 3.62529E-1 3.55025E-1 3.48879E-1 3.46216E-1 3.49798E-1 3.44417E-1 3.42715E-1 3.37574E-1 3.35683E-1 3.27652E-1 3.10582E-1 2.95982E-1 2.93657E-1 3.10118E-1 3.30571E-1 3.4431E-1 3.34157E-1 3.23136E-1 3.29108E-1 3.29077E-1 3.29803E-1 3.37092E-1 3.33172E-1 3.3398E-1 3.44518E-1 3.7119E-1 3.79127E-1 3.91775E-1 4.06489E-1 4.34765E-1 -9999 -9999 -9999 -9999 -9999 -9999 -9999 -9999
4.10606E-1 4.03594E-1 3.90708E-1 3.72606E-1 3.60749E-1 3.51691E-1 3.42496E-1 3.38851E-1 3.53662E-1 3.76223E-1 3.77121E-1 3.70702E-1 3.71023E-1 3.83752E-1 3.83037E-1 3.84135E-1 3.85884E-1 3.80494E-1 3.87039E-1 4.04132E-1 3.88622E-1 3.6569E-1 3.58311E-1 3.44657E-1 3.38166E-1 3.37972E-1 3.51148E-1 3.50668E-1 3.5608E-1 3.64629E-1 3.56337E-1 3.44484E-1 3.3069E-1 3.05268E-1 3.016E-1 3.1565E-1 3.47697E-1 3.67849E-1 3.62294E-1 3.45461E-1 3.36121E-1 3.48263E-1 3.53366E-1 3.58015E-1 3.57065E-1 3.39511E-1 3.37381E-1 3.61131E-1 3.80944E-1 3.85315E-1 4.15458E-1 4.42762E-1 -9999 -9999 -9999 -9999 -9999 -9999 -9999 -9999 -9999
4.05879E-1 4.07583E-1 3.88598E-1 3.66031E-1 3.58154E-1 3.46219E-1 3.32177E-1 3.33124E-1 3.46807E-1 3.5628E-1 3.57454E-1 3.55632E-1 3.58833E-1 3.67281E-1 3.70825E-1 3.69086E-1 3.71347E-1 3.72184E-1 3.6653E-1 3.71902E-1 3.62839E-1 3.54524E-1 3.56311E-1 3.53552E-1 3.45466E-1 3.29705E-1 3.36192E-1 3.59034E-1 3.65583E-1 3.63203E-1 3.56068E-1 3.48052E-1 3.36309E-1 3.15707E-1 3.09044E-1 3.35078E-1 3.66124E-1 3.90216E-1 3.76022E-1 3.64842E-1 3.46305E-1 3.58157E-1 3.72914E-1 3.75665E-1 3.81302E-1 3.67134E-1 3.5875E-1 3.81917E-1 3.93078E-1 4.13471E-1 4.50523E-1 4.53027E-1 -9999 -9999 -9999 -9999 -9999 -9999 -9999 -9999 -9999
4.00231E-1 4.20295E-1 4.02092E-1 3.68456E-1 3.54926E-1 3.49198E-1 3.37211E-1 3.33454E-1 3.3445E-1 3.34648E-1 3.39873E-1 3.44333E-1 3.46296E-1 3.61498E-1 3.65576E-1 3.55501E-1 3.60568E-1 3.69113E-1 3.67072E-1 3.61315E-1 3.61503E-1 3.52504E-1 3.50403E-1 3.44042E-1 3.39266E-1 3.42402E-1 3.41076E-1 3.38332E-1 3.44489E-1 3.47166E-1 3.47234E-1 3.47973E-1 3.39952E-1 3.25511E-1 3.19048E-1 3.35744E-1 3.8567E-1 4.02583E-1 3.98431E-1 3.68413E-1 3.61396E-1 3.58948E-1 3.85171E-1 3.87184E-1 4.03106E-1 3.92292E-1 3.80879E-1 4.05612E-1 4.1912E-1 4.4687E-1 4.61592E-1 5.94534E-1 -9999 -9999 -9999 -9999 -9999 -9999 -9999 -9999 -9999
4.48232E-1 4.1471E-1 3.87553E-1 3.65381E-1 3.41493E-1 3.397E-1 3.32079E-1 3.27399E-1 3.25933E-1 3.32448E-1 3.44868E-1 3.39471E-1 3.36441E-1 3.63334E-1 3.73158E-1 3.5235E-1 3.60032E-1 3.66878E-1 3.64177E-1 3.5867E-1 3.52251E-1 3.4468E-1 3.46522E-1 3.33547E-1 3.31415E-1 3.43671E-1 3.40258E-1 3.41996E-1 3.44411E-1 3.48562E-1 3.48603E-1 3.50988E-1 3.44031E-1 3.40861E-1 3.55891E-1 3.64479E-1 3.93979E-1 4.04353E-1 4.02096E-1 3.86461E-1 3.73947E-1 3.72307E-1 3.75734E-1 3.93194E-1 4.24561E-1 4.18149E-1 4.25903E-1 4.44055E-1 4.70379E-1 4.73951E-1 4.87155E-1 5.17639E-1 -9999 -9999 -9999 -9999 -9999 -9999 -9999 -9999 -9999
3.95559E-1 3.70988E-1 3.53274E-1 3.43895E-1 3.27776E-1 3.21204E-1 3.18141E-1 3.26209E-1 3.191E-1 3.10402E-1 3.16852E-1 3.2077E-1 3.38137E-1 3.41617E-1 3.50875E-1 3.62766E-1 3.56067E-1 3.58289E-1 3.61715E-1 3.56467E-1 3.59315E-1 3.55018E-1 3.51337E-1 3.41471E-1 3.36544E-1 3.37945E-1 3.2794E-1 3.34705E-1 3.45756E-1 3.47973E-1 3.5272E-1 3.50803E-1 3.45973E-1 3.49001E-1 3.59911E-1 3.81709E-1 3.90942E-1 3.94916E-1 4.04947E-1 3.90084E-1 3.99042E-1 3.79793E-1 3.77088E-1 4.0611E-1 4.41428E-1 4.48003E-1 4.65811E-1 4.83556E-1 4.93638E-1 4.94617E-1 5.07159E-1 5.20866E-1 -9999 -9999 -9999 -9999 -9999 -9999 -9999 -9999 -9999
3.75979E-1 3.69411E-1 3.51698E-1 3.34668E-1 3.16514E-1 3.12156E-1 3.10326E-1 3.13771E-1 3.07748E-1 2.97511E-1 2.99E-1 3.18955E-1 3.25586E-1 3.33179E-1 3.39721E-1 3.48673E-1 3.57789E-1 3.68111E-1 3.67723E-1 3.66511E-1 3.6623E-1 3.61738E-1 3.58617E-1 3.52768E-1 3.48017E-1 3.40053E-1 3.29555E-1 3.37187E-1 3.42096E-1 3.51596E-1 3.52277E-1 3.56961E-1 3.55275E-1 3.53441E-1 3.66363E-1 3.77073E-1 3.95185E-1 3.99638E-1 4.15962E-1 4.03433E-1 4.2728E-1 4.21089E-1 3.9675E-1 4.26418E-1 4.61138E-1 4.76986E-1 4.8553E-1 5.02032E-1 5.14738E-1 5.16365E-1 -9999 -9999 -9999 -9999 -9999 -9999 -9999 -9999 -9999 -9999 -9999
3.63953E-1 3.58763E-1 3.57138E-1 3.40971E-1 3.24128E-1 3.13645E-1 3.09274E-1 3.00174E-1 3.02379E-1 3.08795E-1 3.05294E-1 3.12321E-1 3.23845E-1 3.30259E-1 3.34102E-1 3.45748E-1 3.56497E-1 3.64757E-1 3.69758E-1 3.74694E-1 3.72777E-1 3.68527E-1 3.67646E-1 3.64354E-1 3.54257E-1 3.48334E-1 3.44301E-1 3.54953E-1 3.74017E-1 3.76873E-1 3.90127E-1 3.90449E-1 3.70608E-1 3.7069E-1 3.80681E-1 3.9996E-1 4.15865E-1 4.26958E-1 4.49833E-1 4.47024E-1 4.45258E-1 4.46803E-1 4.38433E-1 4.59662E-1 4.78196E-1 4.93982E-1 4.98945E-1 5.20088E-1 5.36416E-1 5.50671E-1 5.60386E-1 -9999 -9999 -9999 -9999 -9999 -9999 -9999 -9999 -9999 -9999
3.77624E-1 3.77367E-1 3.66784E-1 3.55181E-1 3.35399E-1 3.17873E-1 3.08143E-1 2.99775E-1 2.95222E-1 3.01522E-1 3.06492E-1 3.14626E-1 3.23173E-1 3.34703E-1 3.44831E-1 3.47245E-1 3.54812E-1 3.62484E-1 3.72618E-1 3.77087E-1 3.74718E-1 3.72572E-1 3.74401E-1 3.79846E-1 3.77114E-1 3.72263E-1 3.73753E-1 3.97495E-1 4.10201E-1 4.26091E-1 4.21197E-1 4.0797E-1 3.91448E-1 3.81687E-1 4.04175E-1 4.11584E-1 4.31521E-1 4.54717E-1 4.61628E-1 4.65076E-1 4.67499E-1 4.74206E-1 4.79526E-1 4.74671E-1 4.96531E-1 5.08005E-1 5.14291E-1 5.31516E-1 5.47414E-1 5.60438E-1 5.79406E-1 5.82009E-1 -9999 5.59233E-1 5.73943E-1 -9999 -9999 -9999 -9999 -9999 -9999
3.79626E-1 3.8289E-1 3.69506E-1 3.58644E-1 3.39624E-1 3.25211E-1 3.16042E-1 3.09502E-1 3.04832E-1 3.09748E-1 3.12786E-1 3.17486E-1 3.25288E-1 3.22668E-1 3.38738E-1 3.52526E-1 3.58285E-1 3.59168E-1 3.67353E-1 3.73528E-1 3.74294E-1 3.77467E-1 3.83015E-1 3.81943E-1 3.84108E-1 3.87376E-1 3.94674E-1 4.0689E-1 4.316E-1 4.49172E-1 4.31692E-1 4.25968E-1 4.14323E-1 3.9995E-1 4.15557E-1 4.36566E-1 4.62363E-1 4.84396E-1 4.75313E-1 4.76345E-1 4.8616E-1 4.95055E-1 5.0052E-1 4.94883E-1 5.23044E-1 5.33511E-1 5.40248E-1 5.50685E-1 5.63881E-1 5.7982E-1 5.92366E-1 5.88552E-1 -9999 -9999 5.97899E-1 6.1817E-1 -9999 -9999 -9999 -9999 -9999
3.7814E-1 3.72665E-1 3.6094E-1 3.54621E-1 3.44403E-1 3.36286E-1 3.26143E-1 3.2096E-1 3.25274E-1 3.25386E-1 3.17447E-1 3.12162E-1 3.2006E-1 3.27662E-1 3.44626E-1 3.54874E-1 3.65781E-1 3.65656E-1 3.63866E-1 3.65674E-1 3.6945E-1 3.77944E-1 3.85338E-1 3.83031E-1 3.84878E-1 3.92062E-1 4.0374E-1 4.15138E-1 4.32918E-1 4.40393E-1 4.2937E-1 4.35205E-1 4.25571E-1 4.35539E-1 4.55718E-1 4.66507E-1 4.88897E-1 5.03152E-1 5.10248E-1 5.09015E-1 5.12923E-1 5.13957E-1 5.17874E-1 5.22854E-1 5.43838E-1 5.52107E-1 5.55314E-1 5.70506E-1 5.81854E-1 5.93517E-1 5.96482E-1 5.95613E-1 6.01609E-1 6.04995E-1 6.17183E-1 6.23801E-1 -9999 -9999 -9999 -9999 -9999
3.7544E-1 3.67098E-1 3.60923E-1 3.61281E-1 3.62371E-1 3.58882E-1 3.52742E-1 3.50618E-1 3.43141E-1 3.38262E-1 3.36479E-1 3.26129E-1 3.26947E-1 3.4129E-1 3.501E-1 3.54847E-1 3.58833E-1 3.74151E-1 3.80709E-1 3.76817E-1 3.70907E-1 3.80129E-1 3.90126E-1 3.88793E-1 4.00912E-1 4.10869E-1 4.26706E-1 4.45422E-1 4.50485E-1 4.3484E-1 4.45639E-1 4.5395E-1 4.56991E-1 4.70825E-1 4.82115E-1 4.90918E-1 5.11503E-1 5.32875E-1 5.41864E-1 5.47087E-1 5.41977E-1 5.47286E-1 5.53898E-1 5.58477E-1 5.63788E-1 5.61615E-1 5.66353E-1 5.92582E-1 5.96026E-1 6.0262E-1 6.15306E-1 6.14545E-1 6.04926E-1 6.01775E-1 6.05843E-1 6.47775E-1 -9999 -9999 -9999 -9999 -9999
3.78586E-1 3.73175E-1 3.73039E-1 3.73454E-1 3.77962E-1 3.76335E-1 3.75296E-1 3.69875E-1 3.6392E-1 3.60135E-1 3.61254E-1 3.61053E-1 3.68411E-1 3.74335E-1 3.75873E-1 3.70553E-1 3.6888E-1 3.72666E-1 3.87005E-1 3.86692E-1 3.91051E-1 3.97054E-1 3.95499E-1 4.12484E-1 4.16346E-1 4.27762E-1 4.42071E-1 4.53173E-1 4.59632E-1 4.63254E-1 4.84858E-1 4.94597E-1 4.93472E-1 4.98918E-1 5.12303E-1 5.2743E-1 5.48084E-1 5.63274E-1 5.67677E-1 5.80946E-1 5.88055E-1 5.87343E-1 5.83601E-1 5.71049E-1 5.67539E-1 5.68911E-1 5.79111E-1 5.97841E-1 6.10433E-1 6.2275E-1 6.22597E-1 6.17436E-1 6.28496E-1 6.66583E-1 6.27195E-1 -9999 -9999 -9999 -9999 -9999 -9999
3.92921E-1 3.84015E-1 3.83718E-1 3.86056E-1 3.89062E-1 3.8336E-1 3.86239E-1 3.86548E-1 3.82858E-1 3.85887E-1 3.9166E-1 3.99709E-1 4.05422E-1 4.1258E-1 3.98222E-1 3.87101E-1 3.87495E-1 3.90064E-1 3.98641E-1 4.07528E-1 4.10531E-1 4.10261E-1 4.22917E-1 4.28533E-1 4.25761E-1 4.4124E-1 4.52452E-1 4.60551E-1 4.77757E-1 4.98476E-1 5.07681E-1 5.11298E-1 5.03447E-1 5.2157E-1 5.39368E-1 5.58618E-1 5.75873E-1 5.84335E-1 5.88725E-1 5.92101E-1 6.01422E-1 5.98871E-1 5.92468E-1 5.92777E-1 5.71645E-1 5.83306E-1 -9999 -9999 -9999 -9999 6.24712E-1 -9999 -9999 6.1768E-1 5.99165E-1 6.00461E-1 -9999 -9999 -9999 -9999 -9999
4.05709E-1 4.0278E-1 3.96209E-1 4.01663E-1 3.99021E-1 3.92022E-1 3.90725E-1 3.90337E-1 4.05091E-1 4.11116E-1 4.10483E-1 4.1042E-1 4.25052E-1 4.28949E-1 4.10544E-1 4.08747E-1 4.0742E-1 4.19622E-1 4.22633E-1 4.21483E-1 4.208E-1 4.31943E-1 4.43523E-1 4.49715E-1 4.58909E-1 4.61407E-1 4.60719E-1 4.91329E-1 5.19815E-1 5.30432E-1 5.31909E-1 5.36672E-1 5.30725E-1 5.47587E-1 5.63814E-1 5.69203E-1 6.04483E-1 -9999 -9999 6.14693E-1 6.27351E-1 6.26489E-1 6.20216E-1 6.17739E-1 -9999 5.8887E-1 -9999 -9999 -9999 -9999 -9999 -9999 -9999 -9999 -9999 -9999 -9999 -9999 -9999 -9999 -9999
4.26364E-1 4.25018E-1 4.20797E-1 4.1594E-1 4.12055E-1 3.98386E-1 4.0426E-1 4.18595E-1 4.16424E-1 4.17055E-1 4.20831E-1 4.33399E-1 4.43675E-1 4.37416E-1 4.37217E-1 4.27864E-1 4.25606E-1 4.3943E-1 4.45933E-1 4.49313E-1 4.50599E-1 4.54401E-1 4.54158E-1 4.72204E-1 4.80017E-1 4.83043E-1 4.98386E-1 5.2664E-1 5.45325E-1 5.5746E-1 5.67924E-1 5.68766E-1 5.59493E-1 5.82718E-1 6.01841E-1 6.00099E-1 6.02757E-1 6.03804E-1 5.98443E-1 5.93615E-1 6.29298E-1 6.14024E-1 6.11736E-1 -9999 -9999 -9999 -9999 -9999 -9999 -9999 -9999 -9999 -9999 -9999 -9999 -9999 -9999 -9999 -9999 -9999 -9999
4.42047E-1 4.39651E-1 4.34254E-1 4.26278E-1 4.18826E-1 4.23948E-1 4.24535E-1 4.24322E-1 4.2948E-1 4.31129E-1 4.44619E-1 4.55614E-1 4.59709E-1 4.55981E-1 4.52593E-1 4.48097E-1 4.49438E-1 4.59353E-1 4.73382E-1 4.78722E-1 4.66859E-1 4.63459E-1 4.66841E-1 4.76226E-1 4.98778E-1 5.08633E-1 5.16919E-1 5.348E-1 5.56469E-1 5.82818E-1 6.02176E-1 6.0813E-1 5.99826E-1 5.71759E-1 5.85788E-1 5.95618E-1 5.98528E-1 6.0333E-1 5.97119E-1 5.8648E-1 -9999 -9999 -9999 -9999 -9999 -9999 -9999 -9999 -9999 -9999 -9999 -9999 -9999 -9999 -9999 -9999 -9999 -9999 -9999 -9999 -9999
4.54246E-1 4.50724E-1 4.37251E-1 4.32061E-1 4.36448E-1 4.38607E-1 4.35825E-1 4.39252E-1 4.41992E-1 4.48211E-1 4.56197E-1 4.67518E-1 4.72689E-1 4.75502E-1 4.70253E-1 4.71999E-1 4.74421E-1 4.85265E-1 4.89897E-1 4.88024E-1 4.81495E-1 4.85423E-1 5.002E-1 5.03782E-1 5.13163E-1 5.25165E-1 5.28253E-1 5.49077E-1 5.70603E-1 5.92587E-1 6.1072E-1 6.19371E-1 6.08648E-1 5.84693E-1 5.88108E-1 6.12433E-1 6.36169E-1 -9999 -9999 -9999 -9999 -9999 -9999 -9999 -9999 -9999 -9999 -9999 -9999 -9999 -9999 -9999 -9999 -9999 -9999 -9999 -9999 -9999 -9999 -9999 -9999
