maxent_outputs/red_flowers_linear/red_140.asc
ncols         426
nrows         180
xllcorner     -130.0
yllcorner     24.0
cellsize      0.16666666666666666
NODATA_value  -9999
[rows 27 to 53 of 180, columns 122 to 182 of 426]
2.85912E-1 2.85618E-1 2.82758E-1 2.92918E-1 3.14961E-1 3.16746E-1 2.98381E-1 2.96271E-1 2.93499E-1 2.86104E-1 2.82328E-1 2.78415E-1 2.82055E-1 3.05983E-1 3.15454E-1 3.10815E-1 3.082E-1 3.01361E-1 3.06155E-1 3.13198E-1 3.20393E-1 3.23344E-1 3.22659E-1 3.23542E-1 3.16412E-1 3.31991E-1 3.03781E-1 3.01324E-1 3.19699E-1 3.40046E-1 3.40011E-1 3.4071E-1 3.35922E-1 3.27514E-1 3.18561E-1 3.13952E-1 3.08898E-1 3.08161E-1 3.02616E-1 2.98183E-1 2.92299E-1 2.90069E-1 2.8674E-1 2.88925E-1 2.91421E-1 2.87623E-1 2.75563E-1 2.7425E-1 2.83317E-1 2.91602E-1 2.92721E-1 2.90651E-1 2.91437E-1 2.9555E-1 3.04254E-1 3.04291E-1 2.96579E-1 2.91275E-1 2.92755E-1 2.89057E-1 2.86079E-1
2.72712E-1 2.75114E-1 2.84908E-1 2.93756E-1 3.0832E-1 3.01674E-1 2.87878E-1 2.81723E-1 2.82976E-1 2.83977E-1 2.79878E-1 2.81549E-1 2.78057E-1 2.7958E-1 2.85916E-1 2.985E-1 3.02274E-1 2.9947E-1 3.00847E-1 3.04226E-1 3.1434E-1 3.15444E-1 3.15851E-1 3.26364E-1 3.31973E-1 3.0427E-1 2.87651E-1 2.86709E-1 3.08942E-1 3.13016E-1 3.26843E-1 3.28021E-1 3.20696E-1 3.20082E-1 3.20946E-1 3.14155E-1 3.09508E-1 3.07067E-1 3.04444E-1 2.99282E-1 2.97771E-1 2.95068E-1 2.94601E-1 2.93102E-1 2.94909E-1 2.93938E-1 2.87182E-1 2.84251E-1 2.90347E-1 2.97728E-1 2.9183E-1 2.87578E-1 2.87807E-1 2.92111E-1 2.94204E-1 2.97754E-1 2.96712E-1 2.92384E-1 2.90037E-1 2.90309E-1 2.86836E-1
2.76713E-1 2.8232E-1 2.83011E-1 2.96933E-1 3.13213E-1 3.10544E-1 3.01196E-1 2.9115E-1 2.87809E-1 2.8308E-1 2.83804E-1 2.89242E-1 2.80939E-1 2.79357E-1 2.82802E-1 2.7748E-1 2.74446E-1 2.72144E-1 2.78635E-1 2.90105E-1 3.03209E-1 3.11394E-1 3.08138E-1 2.91455E-1 3.14123E-1 3.31533E-1 3.54124E-1 3.17285E-1 2.87503E-1 3.09091E-1 3.02876E-1 2.98119E-1 3.02558E-1 3.0843E-1 3.11127E-1 3.16387E-1 3.17451E-1 3.09902E-1 3.06493E-1 3.0702E-1 3.06756E-1 3.0157E-1 2.99715E-1 2.96749E-1 2.99707E-1 2.98202E-1 2.94447E-1 2.9255E-1 2.87988E-1 2.95942E-1 2.92176E-1 2.89163E-1 2.87072E-1 2.87791E-1 2.91593E-1 2.95568E-1 2.96877E-1 2.99833E-1 3.00144E-1 2.98057E-1 2.90495E-1
3.03984E-1 2.95015E-1 2.95999E-1 3.01929E-1 3.13387E-1 3.18843E-1 3.1639E-1 3.0958E-1 3.08035E-1 2.99692E-1 2.95665E-1 2.94629E-1 2.88122E-1 2.91789E-1 2.95589E-1 2.84738E-1 2.80516E-1 2.7839E-1 2.88381E-1 3.04932E-1 3.06849E-1 3.03546E-1 2.91969E-1 2.98457E-1 2.95825E-1 3.2362E-1 3.32513E-1 2.88402E-1 2.77409E-1 3.38902E-1 3.31826E-1 3.14378E-1 3.09043E-1 3.10934E-1 3.09131E-1 3.08694E-1 3.07488E-1 3.11456E-1 3.09896E-1 3.16582E-1 3.17472E-1 3.10352E-1 3.07592E-1 3.03932E-1 3.01477E-1 2.98356E-1 2.96555E-1 2.96079E-1 2.94711E-1 2.9663E-1 2.94733E-1 2.89374E-1 2.90049E-1 2.86101E-1 2.85448E-1 2.88441E-1 2.91528E-1 2.90866E-1 2.9402E-1 3.05606E-1 2.98521E-1
3.38353E-1 3.33838E-1 3.28633E-1 3.23346E-1 3.26375E-1 3.28128E-1 3.24303E-1 3.21103E-1 3.21423E-1 3.19464E-1 3.10659E-1 3.05746E-1 2.92908E-1 2.87087E-1 2.97031E-1 2.92805E-1 2.91281E-1 2.92683E-1 2.93441E-1 3.00716E-1 3.10264E-1 3.05526E-1 2.9798E-1 2.94104E-1 2.7263E-1 2.82921E-1 3.20224E-1 3.09419E-1 2.7446E-1 2.89453E-1 3.03083E-1 3.08651E-1 3.15672E-1 3.1686E-1 3.12651E-1 3.10216E-1 3.06106E-1 3.09102E-1 3.13595E-1 3.12706E-1 3.08675E-1 3.05726E-1 3.06523E-1 3.06659E-1 3.05322E-1 3.02477E-1 2.97423E-1 2.94929E-1 2.97976E-1 2.98211E-1 3.01057E-1 2.96078E-1 2.95956E-1 2.90985E-1 2.87899E-1 2.87488E-1 2.86502E-1 2.86408E-1 2.8819E-1 2.95639E-1 2.93393E-1
3.59428E-1 3.58864E-1 3.56176E-1 3.48877E-1 3.43887E-1 3.38025E-1 3.33443E-1 3.27142E-1 3.2149E-1 3.15333E-1 3.16761E-1 3.13391E-1 3.00945E-1 2.95927E-1 2.93692E-1 3.0039E-1 3.0526E-1 3.08322E-1 3.02219E-1 3.04331E-1 3.07578E-1 3.07824E-1 3.03468E-1 3.01284E-1 2.83865E-1 3.1587E-1 3.15877E-1 3.18042E-1 2.99102E-1 2.87505E-1 3.03021E-1 3.14101E-1 3.18448E-1 3.20838E-1 3.21521E-1 3.21861E-1 3.16966E-1 3.09435E-1 3.08621E-1 3.09146E-1 3.03348E-1 2.99406E-1 2.94478E-1 2.94492E-1 2.94652E-1 2.97017E-1 2.95635E-1 2.95625E-1 3.02525E-1 3.06419E-1 3.06617E-1 2.98758E-1 2.93738E-1 2.9775E-1 2.95685E-1 2.9336E-1 2.89681E-1 2.89486E-1 2.91762E-1 3.02141E-1 2.98269E-1
3.82564E-1 3.83715E-1 3.82726E-1 3.78106E-1 3.64177E-1 3.52527E-1 3.39464E-1 3.35906E-1 3.28341E-1 3.21101E-1 3.24147E-1 3.15207E-1 3.11335E-1 3.22308E-1 3.16728E-1 3.16316E-1 3.10107E-1 3.12145E-1 3.1176E-1 3.14375E-1 3.14729E-1 3.15492E-1 3.09291E-1 2.99485E-1 2.74379E-1 2.7922E-1 3.16296E-1 2.95019E-1 2.78248E-1 3.01355E-1 3.13258E-1 3.15278E-1 3.16443E-1 3.21181E-1 3.22477E-1 3.2924E-1 3.24933E-1 3.1373E-1 3.0591E-1 3.01387E-1 3.00504E-1 2.95588E-1 2.91529E-1 2.87257E-1 2.84432E-1 2.82752E-1 2.8693E-1 2.87152E-1 2.89647E-1 3.02099E-1 3.07164E-1 3.03021E-1 2.96015E-1 2.92831E-1 2.96976E-1 3.01822E-1 3.10066E-1 2.96929E-1 2.94975E-1 3.00145E-1 3.02831E-1
3.79824E-1 3.82095E-1 3.87105E-1 3.95611E-1 3.81902E-1 3.74115E-1 3.60429E-1 3.49395E-1 3.38395E-1 3.36481E-1 3.27334E-1 3.27332E-1 3.34273E-1 3.32764E-1 3.31912E-1 3.33697E-1 3.25109E-1 3.17103E-1 3.17872E-1 3.17063E-1 3.14418E-1 3.14775E-1 3.12022E-1 3.0797E-1 3.08541E-1 3.19037E-1 3.20567E-1 3.21497E-1 3.12736E-1 3.14067E-1 3.12782E-1 3.101E-1 3.15244E-1 3.19242E-1 3.21432E-1 3.2546E-1 3.23799E-1 3.12464E-1 3.06141E-1 3.01819E-1 2.9416E-1 2.91488E-1 2.89613E-1 2.85894E-1 2.82201E-1 2.78115E-1 2.77906E-1 2.82847E-1 2.89418E-1 3.01939E-1 3.11966E-1 3.09536E-1 2.97978E-1 2.98451E-1 3.01378E-1 3.01463E-1 3.04446E-1 3.01083E-1 2.991E-1 3.04586E-1 3.0553E-1
3.65133E-1 3.71433E-1 3.73727E-1 3.68472E-1 3.65254E-1 3.6685E-1 3.78244E-1 3.78793E-1 3.59563E-1 3.50819E-1 3.39313E-1 3.34123E-1 3.32269E-1 3.33899E-1 3.42E-1 3.42232E-1 3.35751E-1 3.27446E-1 3.24886E-1 3.30071E-1 3.22402E-1 3.16309E-1 3.15453E-1 3.16442E-1 3.2238E-1 3.22355E-1 3.22304E-1 3.20753E-1 3.21299E-1 3.19274E-1 3.1622E-1 3.17105E-1 3.2075E-1 3.17427E-1 3.1869E-1 3.29553E-1 3.27913E-1 3.24625E-1 3.23256E-1 3.16683E-1 3.16991E-1 3.08611E-1 2.99062E-1 2.85582E-1 2.8006E-1 2.76558E-1 2.80445E-1 2.7928E-1 2.87996E-1 3.00223E-1 3.05985E-1 3.07054E-1 3.04678E-1 3.06636E-1 3.0936E-1 3.08858E-1 3.09093E-1 3.08835E-1 3.06287E-1 2.979E-1 2.93883E-1
3.47813E-1 3.48357E-1 3.65681E-1 3.70391E-1 3.64682E-1 3.60207E-1 3.87954E-1 3.90091E-1 3.74039E-1 3.58738E-1 3.51882E-1 3.4625E-1 3.48507E-1 3.51821E-1 3.57952E-1 3.5971E-1 3.53689E-1 3.50002E-1 3.69055E-1 3.749E-1 3.39018E-1 3.29647E-1 3.15801E-1 3.09954E-1 3.09411E-1 3.20466E-1 3.13973E-1 3.24019E-1 3.30887E-1 3.32254E-1 3.27079E-1 3.22846E-1 3.22921E-1 3.18428E-1 3.24812E-1 3.12874E-1 3.12219E-1 3.09833E-1 3.01057E-1 2.97979E-1 2.95913E-1 3.0652E-1 3.08013E-1 3.14562E-1 2.99405E-1 2.81547E-1 2.84481E-1 2.85902E-1 2.86797E-1 2.92092E-1 3.02019E-1 3.02088E-1 3.04658E-1 3.06694E-1 3.10199E-1 3.09476E-1 3.02492E-1 3.04953E-1 2.95768E-1 2.88665E-1 2.90079E-1
3.57882E-1 3.6375E-1 3.67261E-1 3.66023E-1 3.70389E-1 3.63343E-1 3.60046E-1 3.63013E-1 3.6219E-1 3.50567E-1 3.54522E-1 3.53078E-1 3.56474E-1 3.71756E-1 3.65719E-1 3.72193E-1 3.77054E-1 3.80129E-1 3.70845E-1 3.52262E-1 3.41379E-1 3.24746E-1 3.20881E-1 3.14281E-1 3.20965E-1 3.27844E-1 3.18967E-1 3.26547E-1 3.36076E-1 3.37639E-1 3.32426E-1 3.26115E-1 3.18333E-1 3.2674E-1 3.00405E-1 3.05171E-1 3.03073E-1 3.02772E-1 3.02205E-1 3.00269E-1 2.98281E-1 3.00722E-1 3.11873E-1 3.16217E-1 3.21481E-1 2.85759E-1 2.84272E-1 2.84713E-1 2.85489E-1 2.89974E-1 2.93118E-1 2.88733E-1 2.82775E-1 2.95679E-1 3.03512E-1 3.03309E-1 2.97083E-1 2.90666E-1 2.8721E-1 2.86481E-1 2.83955E-1
3.70397E-1 3.5784E-1 3.41962E-1 3.60047E-1 3.6533E-1 3.62573E-1 3.60597E-1 3.59069E-1 3.56752E-1 3.56208E-1 3.53637E-1 3.67909E-1 3.75046E-1 3.73247E-1 3.6533E-1 3.7156E-1 3.74268E-1 3.62695E-1 3.51008E-1 3.43768E-1 3.3814E-1 3.22588E-1 3.17598E-1 3.16163E-1 3.21344E-1 3.19861E-1 3.19268E-1 3.44805E-1 3.45649E-1 3.49077E-1 3.39987E-1 3.30863E-1 3.24294E-1 2.96819E-1 2.84404E-1 2.93428E-1 3.04225E-1 3.09336E-1 3.05326E-1 3.08377E-1 3.13249E-1 3.0813E-1 3.06357E-1 3.12386E-1 3.25125E-1 3.15132E-1 2.98597E-1 2.97228E-1 3.08292E-1 3.17115E-1 3.07769E-1 2.9515E-1 2.8166E-1 2.84967E-1 2.90782E-1 2.9035E-1 2.91408E-1 2.86207E-1 2.87045E-1 2.8314E-1 2.80788E-1
3.78018E-1 3.74378E-1 3.72523E-1 3.74887E-1 3.69419E-1 3.65051E-1 3.5394E-1 3.53378E-1 3.58004E-1 3.61502E-1 3.59723E-1 3.57051E-1 3.534E-1 3.49406E-1 3.43284E-1 3.477E-1 3.4848E-1 3.41559E-1 3.38737E-1 3.38418E-1 3.34721E-1 3.25176E-1 3.13581E-1 3.13452E-1 3.16502E-1 3.24249E-1 3.35828E-1 3.43028E-1 3.59548E-1 3.61155E-1 3.30357E-1 3.34185E-1 3.18733E-1 2.97038E-1 2.97199E-1 3.0885E-1 3.0981E-1 3.04869E-1 2.96326E-1 2.99523E-1 3.02328E-1 3.0605E-1 3.00289E-1 3.01967E-1 3.02818E-1 3.00092E-1 3.0497E-1 3.04457E-1 2.95818E-1 3.01282E-1 2.93061E-1 2.87139E-1 2.8751E-1 2.91862E-1 2.87986E-1 2.84882E-1 2.89851E-1 2.87141E-1 2.8607E-1 2.81547E-1 2.8169E-1
3.75143E-1 3.74829E-1 3.79845E-1 3.88993E-1 3.77703E-1 3.70432E-1 3.56663E-1 3.57686E-1 3.6103E-1 3.65311E-1 3.6306E-1 3.50241E-1 3.48891E-1 3.50234E-1 3.48993E-1 3.48312E-1 3.48253E-1 3.45078E-1 3.45302E-1 3.42703E-1 3.3189E-1 3.22537E-1 3.18533E-1 3.16791E-1 3.22529E-1 3.30368E-1 3.3767E-1 3.49701E-1 3.30857E-1 2.6028E-1 3.19894E-1 3.29043E-1 2.99469E-1 3.18673E-1 3.10517E-1 3.09985E-1 3.09575E-1 3.05973E-1 2.95976E-1 2.99653E-1 3.02134E-1 3.05826E-1 3.05695E-1 3.05769E-1 3.06611E-1 3.08772E-1 3.04142E-1 3.06156E-1 3.07931E-1 3.09971E-1 3.13964E-1 3.09943E-1 3.04126E-1 3.01387E-1 2.95837E-1 2.94926E-1 2.88414E-1 2.81064E-1 2.8228E-1 2.7812E-1 2.76059E-1
3.69733E-1 3.64094E-1 3.83898E-1 3.80081E-1 3.74288E-1 3.69787E-1 3.69658E-1 3.5464E-1 3.49293E-1 3.51257E-1 3.56875E-1 3.46615E-1 3.37695E-1 3.50052E-1 3.5937E-1 3.58561E-1 3.59796E-1 3.46699E-1 3.36773E-1 3.30463E-1 3.27588E-1 3.24235E-1 3.19568E-1 3.24641E-1 3.2435E-1 3.32173E-1 3.36535E-1 3.43508E-1 2.97993E-1 3.12913E-1 2.72045E-1 3.30306E-1 3.30485E-1 3.26482E-1 3.16354E-1 3.11546E-1 3.0911E-1 3.00794E-1 2.94438E-1 2.95585E-1 3.04049E-1 3.13582E-1 3.14738E-1 3.09801E-1 3.0604E-1 3.07053E-1 3.05793E-1 3.05723E-1 3.06516E-1 3.08876E-1 3.18183E-1 3.17902E-1 3.19294E-1 3.0314E-1 2.99284E-1 2.9626E-1 2.93073E-1 2.94266E-1 2.82394E-1 2.85895E-1 2.77271E-1
3.81338E-1 3.86656E-1 3.88247E-1 3.90596E-1 3.86172E-1 3.79637E-1 3.77361E-1 3.61331E-1 3.6511E-1 3.65827E-1 3.55974E-1 3.35494E-1 3.34604E-1 3.409E-1 3.43805E-1 3.48355E-1 3.42749E-1 3.35313E-1 3.35458E-1 3.35287E-1 3.3194E-1 3.28202E-1 3.2448E-1 3.30326E-1 3.03602E-1 2.85013E-1 2.84958E-1 3.19826E-1 3.20677E-1 2.95716E-1 2.56316E-1 2.8485E-1 3.46453E-1 3.24782E-1 3.17829E-1 3.13317E-1 3.09369E-1 3.02148E-1 3.01842E-1 3.03681E-1 3.03373E-1 3.05169E-1 3.15063E-1 3.21004E-1 3.23145E-1 3.21687E-1 3.14526E-1 3.08109E-1 3.08116E-1 3.13877E-1 3.2108E-1 3.25146E-1 3.3275E-1 3.18709E-1 3.09503E-1 3.04643E-1 2.9843E-1 2.96066E-1 2.91982E-1 2.91745E-1 2.80817E-1
3.87919E-1 3.93888E-1 3.97145E-1 3.99962E-1 3.85571E-1 3.67848E-1 3.73085E-1 3.72079E-1 3.80007E-1 3.70421E-1 3.69392E-1 3.55388E-1 3.58796E-1 3.45741E-1 3.37707E-1 3.39267E-1 3.34913E-1 3.25934E-1 3.27772E-1 3.31488E-1 3.28225E-1 3.23539E-1 3.29081E-1 3.22706E-1 3.1375E-1 2.97995E-1 2.89071E-1 2.84032E-1 2.81419E-1 2.9473E-1 2.92427E-1 2.85345E-1 3.40289E-1 3.29275E-1 3.18178E-1 3.0818E-1 3.09953E-1 3.08551E-1 3.099E-1 3.09377E-1 3.12791E-1 3.11918E-1 3.17067E-1 3.25391E-1 3.22616E-1 3.13984E-1 3.14298E-1 3.11996E-1 3.18938E-1 3.16466E-1 3.26872E-1 3.35361E-1 3.38064E-1 3.4415E-1 3.20811E-1 3.09529E-1 3.02742E-1 3.07957E-1 3.04574E-1 3.02014E-1 2.93816E-1
3.86108E-1 3.88416E-1 3.9105E-1 3.87967E-1 3.7764E-1 3.64056E-1 3.67984E-1 3.78239E-1 3.8386E-1 3.80026E-1 3.77352E-1 3.78227E-1 3.67078E-1 3.4877E-1 3.37214E-1 3.3772E-1 3.38023E-1 3.3214E-1 3.37215E-1 3.39509E-1 3.29424E-1 3.30219E-1 3.33366E-1 3.25492E-1 3.27185E-1 3.18629E-1 3.00224E-1 3.08364E-1 2.82932E-1 3.17408E-1 3.29194E-1 3.02676E-1 3.23072E-1 3.20309E-1 3.01315E-1 2.93912E-1 3.01874E-1 3.00827E-1 3.04713E-1 3.07795E-1 3.06004E-1 3.07263E-1 3.1159E-1 3.20936E-1 3.27782E-1 3.28413E-1 3.21923E-1 3.08095E-1 3.06482E-1 3.18745E-1 3.2619E-1 3.32534E-1 3.36185E-1 3.37402E-1 3.36931E-1 3.07289E-1 3.02073E-1 3.03266E-1 3.07452E-1 3.06883E-1 3.04826E-1
3.94566E-1 3.87642E-1 3.87038E-1 3.84729E-1 3.78101E-1 3.72103E-1 3.77528E-1 3.90705E-1 3.9802E-1 3.93935E-1 3.84331E-1 3.67509E-1 3.67575E-1 3.52993E-1 3.41945E-1 3.4498E-1 3.46698E-1 3.43162E-1 3.43617E-1 3.39359E-1 3.44001E-1 3.4453E-1 3.47646E-1 3.4766E-1 3.53654E-1 3.46024E-1 3.22019E-1 3.50156E-1 3.48976E-1 3.15312E-1 3.2328E-1 3.31337E-1 3.11572E-1 3.02881E-1 2.96068E-1 2.93496E-1 3.01627E-1 3.03378E-1 3.16004E-1 3.11989E-1 3.15004E-1 3.17071E-1 3.19397E-1 3.22115E-1 3.23507E-1 3.23092E-1 3.21524E-1 3.15774E-1 3.11046E-1 3.23371E-1 3.35234E-1 3.25518E-1 3.23649E-1 3.1869E-1 3.26425E-1 3.03867E-1 2.95702E-1 2.94256E-1 2.99464E-1 3.0545E-1 2.98682E-1
3.9851E-1 3.93447E-1 3.89176E-1 3.83694E-1 3.70134E-1 3.75511E-1 3.84823E-1 3.85935E-1 3.92268E-1 3.85104E-1 3.84859E-1 3.61892E-1 3.7071E-1 3.71603E-1 3.90017E-1 3.76404E-1 3.72739E-1 3.66431E-1 3.58896E-1 3.54901E-1 3.60622E-1 3.62303E-1 3.59693E-1 3.445E-1 3.30308E-1 3.33847E-1 3.17214E-1 3.2614E-1 3.45668E-1 3.26694E-1 3.43249E-1 3.32123E-1 3.1844E-1 3.04268E-1 2.9148E-1 2.85478E-1 3.05957E-1 3.10365E-1 3.13332E-1 3.13678E-1 3.21124E-1 3.23302E-1 3.2698E-1 3.28176E-1 3.26498E-1 3.23523E-1 3.18308E-1 3.17673E-1 3.0882E-1 3.05011E-1 3.2118E-1 3.22833E-1 3.26169E-1 3.20278E-1 3.27738E-1 3.11323E-1 2.98744E-1 2.90149E-1 2.91721E-1 2.96732E-1 2.98578E-1
3.96299E-1 3.96823E-1 3.91355E-1 3.81572E-1 3.68415E-1 3.57327E-1 3.79859E-1 3.69652E-1 3.72879E-1 3.71651E-1 3.71811E-1 3.72651E-1 3.6894E-1 3.56811E-1 3.70769E-1 3.55046E-1 3.71924E-1 3.71195E-1 3.73724E-1 3.58974E-1 3.5802E-1 3.5863E-1 3.48847E-1 3.56599E-1 3.49092E-1 3.44237E-1 3.40201E-1 3.24226E-1 3.33567E-1 3.37747E-1 3.40628E-1 3.02858E-1 3.07643E-1 3.14915E-1 2.99166E-1 2.93582E-1 2.96708E-1 3.01005E-1 3.10542E-1 3.1793E-1 3.1712E-1 3.29181E-1 3.3709E-1 3.33394E-1 3.21601E-1 3.20758E-1 3.12001E-1 3.14702E-1 3.11837E-1 3.11258E-1 3.18404E-1 3.23429E-1 3.28663E-1 3.33252E-1 3.46186E-1 3.13498E-1 3.10306E-1 2.94469E-1 2.87077E-1 2.92378E-1 2.96127E-1
4.01947E-1 4.00688E-1 3.87307E-1 3.69309E-1 3.68151E-1 3.74108E-1 3.91299E-1 3.86208E-1 3.85846E-1 3.83087E-1 3.77265E-1 3.94124E-1 3.71845E-1 3.71092E-1 3.57087E-1 3.46784E-1 3.7899E-1 3.78313E-1 3.75344E-1 3.59349E-1 3.67819E-1 3.65692E-1 3.55003E-1 3.53296E-1 3.59529E-1 3.59128E-1 3.64675E-1 3.52331E-1 3.375E-1 3.55574E-1 3.2923E-1 3.387E-1 3.26839E-1 3.10159E-1 2.97891E-1 3.03883E-1 3.13879E-1 3.19088E-1 3.16311E-1 3.18313E-1 3.21316E-1 3.22362E-1 3.27987E-1 3.28464E-1 3.24549E-1 3.24977E-1 3.2775E-1 3.26241E-1 3.1582E-1 3.1799E-1 3.23672E-1 3.20404E-1 3.17678E-1 3.18545E-1 3.39234E-1 3.41659E-1 3.13665E-1 3.02615E-1 2.95962E-1 3.01629E-1 2.99992E-1
4.05509E-1 3.89982E-1 3.82423E-1 3.75094E-1 3.83076E-1 3.95148E-1 3.94757E-1 3.80112E-1 3.76522E-1 3.88001E-1 3.65722E-1 3.68911E-1 3.53648E-1 3.62052E-1 3.60007E-1 3.57199E-1 3.75316E-1 3.64983E-1 3.70952E-1 3.68228E-1 3.73511E-1 3.79583E-1 3.87094E-1 3.63129E-1 3.65022E-1 3.58257E-1 3.67516E-1 3.56888E-1 3.57763E-1 3.61459E-1 3.39504E-1 3.30356E-1 3.50188E-1 3.35057E-1 3.21504E-1 3.17605E-1 3.31733E-1 3.28322E-1 3.25115E-1 3.32015E-1 3.23354E-1 3.28618E-1 3.34915E-1 3.38752E-1 3.34462E-1 3.27026E-1 3.23862E-1 3.22439E-1 3.19606E-1 3.21602E-1 3.29731E-1 3.33778E-1 3.3074E-1 3.30438E-1 3.30347E-1 3.37912E-1 3.29947E-1 3.1674E-1 3.09109E-1 3.16211E-1 3.1306E-1
3.98156E-1 3.83877E-1 3.83346E-1 3.85005E-1 3.94882E-1 3.8789E-1 3.75719E-1 3.63453E-1 3.79013E-1 3.8881E-1 3.84545E-1 3.71273E-1 3.61219E-1 3.59262E-1 3.64355E-1 3.58469E-1 3.50053E-1 3.57235E-1 3.77208E-1 3.86302E-1 3.53835E-1 3.53444E-1 3.71128E-1 3.63978E-1 3.57224E-1 3.62784E-1 3.70779E-1 3.69945E-1 3.58059E-1 3.56693E-1 3.53302E-1 3.5817E-1 3.4863E-1 3.5271E-1 3.45969E-1 3.44244E-1 3.33144E-1 3.2044E-1 3.32059E-1 3.46167E-1 3.36584E-1 3.37359E-1 3.44289E-1 3.49042E-1 3.43494E-1 3.3804E-1 3.30872E-1 3.2904E-1 3.28816E-1 3.31952E-1 3.34063E-1 3.3539E-1 3.40606E-1 3.40511E-1 3.43609E-1 3.49822E-1 3.26809E-1 3.23177E-1 3.2093E-1 3.24309E-1 3.20145E-1
4.00741E-1 3.82401E-1 3.72641E-1 3.76927E-1 3.90099E-1 3.80109E-1 3.6996E-1 3.76386E-1 3.97767E-1 4.20493E-1 4.12095E-1 3.72747E-1 3.7333E-1 3.61652E-1 3.75194E-1 3.9213E-1 3.76345E-1 3.61925E-1 3.67646E-1 3.69185E-1 3.65569E-1 3.57425E-1 3.58752E-1 3.63257E-1 3.7296E-1 3.6841E-1 3.6818E-1 3.71812E-1 3.76598E-1 3.79899E-1 3.61456E-1 3.7473E-1 3.64119E-1 3.47591E-1 3.55772E-1 3.61047E-1 3.62827E-1 3.41899E-1 3.3969E-1 3.56188E-1 3.50404E-1 3.36263E-1 3.38522E-1 3.40994E-1 3.39848E-1 3.38666E-1 3.39278E-1 3.36566E-1 3.37141E-1 3.34906E-1 3.39733E-1 3.41471E-1 3.40581E-1 3.38014E-1 3.38716E-1 3.49188E-1 3.44181E-1 3.26909E-1 3.24296E-1 3.20067E-1 3.19709E-1
4.33182E-1 4.07066E-1 3.82563E-1 3.69063E-1 3.79417E-1 3.92565E-1 4.0615E-1 4.00847E-1 3.8534E-1 3.98973E-1 4.28271E-1 3.9713E-1 3.78609E-1 3.67871E-1 3.79099E-1 4.01016E-1 3.69481E-1 3.58431E-1 3.54526E-1 3.49806E-1 3.50151E-1 3.52883E-1 3.53423E-1 3.63475E-1 3.68794E-1 3.70855E-1 3.73274E-1 3.74831E-1 3.75357E-1 3.67811E-1 3.70917E-1 3.64085E-1 3.66841E-1 3.55927E-1 3.62553E-1 3.6705E-1 3.59282E-1 3.46104E-1 3.41249E-1 3.42459E-1 3.37516E-1 3.3245E-1 3.37153E-1 3.33984E-1 3.35381E-1 3.35723E-1 3.35865E-1 3.36347E-1 3.38137E-1 3.40108E-1 3.42462E-1 3.47494E-1 3.47126E-1 3.49083E-1 3.45225E-1 3.50389E-1 3.61023E-1 3.36948E-1 3.36968E-1 3.27152E-1 3.17416E-1
4.49059E-1 4.47677E-1 4.0417E-1 3.6527E-1 3.74227E-1 3.62219E-1 3.68504E-1 3.8522E-1 3.8938E-1 3.85312E-1 4.19655E-1 4.18869E-1 4.04412E-1 3.79864E-1 3.76523E-1 3.847E-1 3.63835E-1 3.57371E-1 3.54455E-1 3.42195E-1 3.51579E-1 3.52091E-1 3.569E-1 3.62665E-1 3.63426E-1 3.59439E-1 3.67124E-1 3.65603E-1 3.59127E-1 3.6214E-1 3.62072E-1 3.64404E-1 3.72325E-1 3.81671E-1 3.78334E-1 3.92934E-1 3.90974E-1 3.84638E-1 3.61087E-1 3.44983E-1 3.33588E-1 3.37315E-1 3.41567E-1 3.46283E-1 3.42841E-1 3.4102E-1 3.40249E-1 3.42021E-1 3.4205E-1 3.48061E-1 3.5178E-1 3.59996E-1 3.59385E-1 3.57152E-1 3.54213E-1 3.61559E-1 3.66327E-1 3.4775E-1 3.4544E-1 3.37486E-1 3.30874E-1
