maxent_outputs/red_flowers_linear/red_116.asc
ncols         426
nrows         180
xllcorner     -130.0
yllcorner     24.0
cellsize      0.16666666666666666
NODATA_value  -9999
[rows 27 to 53 of 180, columns 244 to 304 of 426]
1.11312E-1 1.10191E-1 1.20378E-1 1.31874E-1 1.43771E-1 1.54926E-1 1.48313E-1 1.29248E-1 1.21784E-1 1.19162E-1 1.17718E-1 1.22365E-1 1.24538E-1 1.21565E-1 1.3961E-1 1.23883E-1 1.24501E-1 1.25987E-1 1.26739E-1 1.26659E-1 1.21303E-1 1.21444E-1 1.25735E-1 1.20061E-1 1.19379E-1 1.31333E-1 1.2236E-1 1.22041E-1 1.2234E-1 1.19046E-1 1.19537E-1 1.20484E-1 1.21748E-1 1.22684E-1 1.25352E-1 1.22867E-1 1.20773E-1 1.22069E-1 1.2047E-1 1.19675E-1 1.20019E-1 1.20498E-1 1.22774E-1 1.22563E-1 1.15689E-1 1.13619E-1 1.14475E-1 1.16703E-1 1.19315E-1 1.20217E-1 1.187E-1 1.20404E-1 1.21561E-1 1.18728E-1 1.18515E-1 1.15885E-1 1.12454E-1 1.10593E-1 1.10792E-1 1.08639E-1 1.07827E-1
1.13217E-1 1.17417E-1 1.2347E-1 1.19034E-1 1.20846E-1 1.30499E-1 1.27286E-1 1.25472E-1 1.24434E-1 1.20486E-1 1.16992E-1 1.26021E-1 1.22384E-1 1.2725E-1 1.22029E-1 1.21901E-1 1.26551E-1 1.37519E-1 1.32651E-1 1.29185E-1 1.26412E-1 1.19437E-1 1.21852E-1 1.26475E-1 1.28499E-1 1.28613E-1 1.21599E-1 1.21769E-1 1.22717E-1 1.19928E-1 1.19466E-1 1.22785E-1 1.20282E-1 1.22989E-1 1.2406E-1 1.24387E-1 1.23914E-1 1.22212E-1 1.17252E-1 1.17773E-1 1.20119E-1 1.1992E-1 1.20999E-1 1.22095E-1 1.21986E-1 1.22316E-1 1.21455E-1 1.21207E-1 1.26072E-1 1.24467E-1 1.21254E-1 1.20627E-1 1.20211E-1 1.17587E-1 1.19096E-1 1.18249E-1 1.14248E-1 1.13313E-1 1.15581E-1 1.11545E-1 1.1209E-1
1.14335E-1 1.1749E-1 1.25712E-1 1.25969E-1 1.24387E-1 1.2876E-1 1.40683E-1 1.35261E-1 1.28805E-1 1.28527E-1 1.33971E-1 1.36561E-1 1.31011E-1 1.3455E-1 1.23823E-1 1.26947E-1 1.39981E-1 1.47559E-1 1.42557E-1 1.35696E-1 1.24272E-1 1.2413E-1 1.25567E-1 1.33167E-1 1.3712E-1 1.32959E-1 1.25607E-1 1.28156E-1 1.26107E-1 1.27568E-1 1.28643E-1 1.25061E-1 1.2486E-1 1.25739E-1 1.24987E-1 1.28093E-1 1.27842E-1 1.30857E-1 1.26537E-1 1.24595E-1 1.27249E-1 1.22421E-1 1.20615E-1 1.21951E-1 1.22726E-1 1.26144E-1 1.25917E-1 1.2457E-1 1.25314E-1 1.25573E-1 1.22841E-1 1.21256E-1 1.1891E-1 1.20043E-1 1.20459E-1 1.2059E-1 1.19246E-1 1.1917E-1 1.20126E-1 1.15354E-1 1.13954E-1
1.1248E-1 1.14502E-1 1.24998E-1 1.30275E-1 1.30039E-1 1.33711E-1 1.52717E-1 1.7067E-1 1.63177E-1 1.79231E-1 1.72567E-1 1.57878E-1 1.50222E-1 1.47587E-1 1.52495E-1 1.43049E-1 1.46583E-1 1.54088E-1 1.51558E-1 1.47259E-1 1.36087E-1 1.36525E-1 1.3505E-1 1.32444E-1 1.30973E-1 1.26536E-1 1.31715E-1 1.32525E-1 1.29061E-1 1.46996E-1 1.31215E-1 1.29471E-1 1.28395E-1 1.27345E-1 1.29452E-1 1.35235E-1 1.29072E-1 1.2582E-1 1.27487E-1 1.2744E-1 1.26134E-1 1.27131E-1 1.23649E-1 1.21385E-1 1.22962E-1 1.26224E-1 1.26714E-1 1.25808E-1 1.24996E-1 1.25461E-1 1.23659E-1 1.22372E-1 1.19327E-1 1.21495E-1 1.22262E-1 1.42151E-1 1.43159E-1 1.25214E-1 1.23228E-1 1.17806E-1 1.15929E-1
1.19396E-1 1.17964E-1 1.25219E-1 1.33859E-1 1.44442E-1 1.70394E-1 1.49358E-1 1.66815E-1 1.95719E-1 2.22406E-1 2.48945E-1 2.58702E-1 2.36096E-1 2.15417E-1 2.27281E-1 2.31874E-1 2.12774E-1 2.10144E-1 1.61391E-1 1.46256E-1 1.39773E-1 1.42063E-1 1.49725E-1 1.35838E-1 1.3126E-1 1.34739E-1 1.35615E-1 1.37113E-1 1.30238E-1 1.36324E-1 1.35493E-1 1.3527E-1 1.33999E-1 1.30405E-1 1.32792E-1 1.33038E-1 1.34073E-1 1.29912E-1 1.26643E-1 1.27512E-1 1.23209E-1 1.26256E-1 1.25059E-1 1.25238E-1 1.24728E-1 1.24224E-1 1.26798E-1 1.27708E-1 1.27512E-1 1.27924E-1 1.2658E-1 1.23106E-1 1.23227E-1 1.26538E-1 1.30345E-1 1.50868E-1 1.59168E-1 1.37955E-1 1.52802E-1 1.2768E-1 1.22408E-1
1.35761E-1 1.47463E-1 1.67261E-1 1.67897E-1 1.79935E-1 1.84175E-1 2.41322E-1 2.99425E-1 3.37525E-1 3.479E-1 3.49271E-1 3.50555E-1 3.47493E-1 3.40849E-1 3.39411E-1 3.50941E-1 3.54727E-1 3.51332E-1 2.19817E-1 1.52871E-1 1.48815E-1 1.45341E-1 1.41318E-1 1.3993E-1 1.38524E-1 1.43019E-1 1.38275E-1 1.36669E-1 1.42915E-1 1.37964E-1 1.42056E-1 1.34751E-1 1.37997E-1 1.3775E-1 1.35469E-1 1.34525E-1 1.33131E-1 1.31154E-1 1.30178E-1 1.27686E-1 1.2746E-1 1.24313E-1 1.25339E-1 1.27026E-1 1.29324E-1 1.29723E-1 1.33593E-1 1.3068E-1 1.29756E-1 1.29443E-1 1.36043E-1 1.27766E-1 1.25415E-1 1.27238E-1 1.29184E-1 1.30898E-1 1.39688E-1 1.45274E-1 1.51151E-1 1.41089E-1 1.34503E-1
1.61749E-1 2.21694E-1 2.27061E-1 2.02043E-1 2.33267E-1 2.88035E-1 3.2925E-1 3.37476E-1 3.45423E-1 3.48361E-1 3.49327E-1 3.55094E-1 3.56388E-1 3.52893E-1 3.55686E-1 3.57229E-1 3.56682E-1 3.55924E-1 2.98999E-1 1.77011E-1 1.60581E-1 1.57133E-1 1.50301E-1 1.50343E-1 1.49613E-1 1.47547E-1 1.43251E-1 1.44867E-1 1.42163E-1 1.4425E-1 1.53106E-1 1.49375E-1 1.46877E-1 1.57029E-1 1.49682E-1 1.43468E-1 1.3993E-1 1.32532E-1 1.33574E-1 1.30807E-1 1.27457E-1 1.24733E-1 1.28537E-1 1.29544E-1 1.3265E-1 1.35017E-1 1.34255E-1 1.3517E-1 1.35122E-1 1.36166E-1 1.42028E-1 1.34871E-1 1.33917E-1 1.36641E-1 1.34029E-1 1.34342E-1 1.41237E-1 1.39593E-1 1.42175E-1 1.43671E-1 1.50542E-1
1.94617E-1 2.31761E-1 2.74241E-1 3.02947E-1 3.16772E-1 3.15142E-1 3.36118E-1 3.44373E-1 3.47757E-1 3.52696E-1 3.57841E-1 3.60075E-1 3.59783E-1 3.60025E-1 3.5984E-1 3.61621E-1 3.58126E-1 3.61054E-1 3.5692E-1 2.17085E-1 1.71926E-1 1.66972E-1 1.62827E-1 1.59192E-1 1.57692E-1 1.5628E-1 1.54634E-1 1.55414E-1 1.53438E-1 1.5125E-1 1.61744E-1 1.64705E-1 1.55566E-1 1.5019E-1 1.46557E-1 1.43845E-1 1.44442E-1 1.36473E-1 1.33247E-1 1.32876E-1 1.34026E-1 1.28891E-1 1.3057E-1 1.31295E-1 1.33981E-1 1.36534E-1 1.35828E-1 1.38089E-1 1.38816E-1 1.39975E-1 1.38671E-1 1.38612E-1 1.46095E-1 1.42554E-1 1.47318E-1 1.48444E-1 1.47242E-1 1.46473E-1 1.50331E-1 1.55858E-1 1.49115E-1
2.73398E-1 3.02518E-1 2.73943E-1 2.62265E-1 2.59241E-1 3.15809E-1 3.45191E-1 3.50735E-1 3.53161E-1 3.5976E-1 3.65603E-1 3.70757E-1 3.67939E-1 3.67172E-1 3.69489E-1 3.67141E-1 3.64808E-1 3.62819E-1 3.66228E-1 3.20774E-1 2.20488E-1 1.82432E-1 1.77714E-1 1.7843E-1 1.73958E-1 1.73382E-1 1.75653E-1 1.68462E-1 1.69674E-1 1.72022E-1 1.66372E-1 1.66903E-1 1.6809E-1 1.5764E-1 1.53426E-1 1.54491E-1 1.5369E-1 1.46504E-1 1.38751E-1 1.41252E-1 1.41269E-1 1.39467E-1 1.43626E-1 1.37467E-1 1.37988E-1 1.35949E-1 1.38395E-1 1.40858E-1 1.39892E-1 1.43146E-1 1.45389E-1 1.49066E-1 1.5222E-1 1.46649E-1 1.48997E-1 1.56125E-1 1.54564E-1 1.54437E-1 1.57434E-1 1.54369E-1 1.52566E-1
2.89738E-1 2.42325E-1 2.64321E-1 3.07099E-1 3.35588E-1 3.51182E-1 3.55022E-1 3.55366E-1 3.60345E-1 3.68068E-1 3.71927E-1 3.7433E-1 3.73141E-1 3.75609E-1 3.74294E-1 3.72547E-1 3.72531E-1 3.67307E-1 3.66339E-1 3.6936E-1 3.60953E-1 3.02363E-1 2.84678E-1 2.81933E-1 3.02808E-1 3.28146E-1 2.70021E-1 1.97759E-1 1.9215E-1 1.84133E-1 1.78533E-1 1.69546E-1 1.76976E-1 1.71836E-1 1.63852E-1 1.57748E-1 1.58435E-1 1.4648E-1 1.44976E-1 1.47186E-1 1.44365E-1 1.44019E-1 1.39718E-1 1.393E-1 1.42421E-1 1.41617E-1 1.46248E-1 1.47313E-1 1.48404E-1 1.49666E-1 1.50797E-1 1.53986E-1 1.52473E-1 1.48425E-1 1.50947E-1 1.51608E-1 1.48546E-1 1.55521E-1 1.55341E-1 1.54839E-1 1.55309E-1
3.25443E-1 3.13493E-1 3.43063E-1 3.48975E-1 3.52332E-1 3.61098E-1 3.63413E-1 3.66697E-1 3.72734E-1 3.71989E-1 3.74138E-1 3.73808E-1 3.80466E-1 3.8224E-1 3.79608E-1 3.76278E-1 3.72352E-1 3.72564E-1 3.71338E-1 3.70325E-1 3.08727E-1 2.70031E-1 3.13111E-1 3.86582E-1 3.92094E-1 4.00663E-1 2.48669E-1 2.1265E-1 2.0472E-1 2.01463E-1 1.99341E-1 1.89468E-1 1.79859E-1 1.71185E-1 1.7345E-1 1.60763E-1 1.55357E-1 1.48912E-1 1.52565E-1 1.54634E-1 1.52367E-1 1.45684E-1 1.51676E-1 1.54588E-1 1.48047E-1 1.4518E-1 1.48611E-1 1.51494E-1 1.48674E-1 1.53933E-1 1.53552E-1 1.52483E-1 1.54765E-1 1.55313E-1 1.55074E-1 1.54073E-1 1.49675E-1 1.48256E-1 1.52561E-1 1.50827E-1 1.56034E-1
3.42777E-1 3.48753E-1 3.52936E-1 3.59354E-1 3.69711E-1 3.66444E-1 3.73893E-1 3.61341E-1 3.52789E-1 3.62434E-1 3.69912E-1 3.7877E-1 3.82799E-1 3.82965E-1 3.80978E-1 3.77492E-1 3.77942E-1 3.78433E-1 3.79142E-1 3.76125E-1 3.73945E-1 3.69825E-1 3.85416E-1 3.92048E-1 4.02309E-1 4.0214E-1 2.57657E-1 2.36434E-1 2.22914E-1 2.18788E-1 2.09419E-1 2.05467E-1 1.90231E-1 1.86309E-1 1.81447E-1 1.68053E-1 1.64284E-1 1.60378E-1 1.57868E-1 1.57498E-1 1.58339E-1 1.53402E-1 1.55036E-1 1.51552E-1 1.5082E-1 1.50672E-1 1.49064E-1 1.50736E-1 1.52169E-1 1.51349E-1 1.56324E-1 1.59956E-1 1.57529E-1 1.62421E-1 1.63674E-1 1.60648E-1 1.59151E-1 1.56985E-1 1.6415E-1 1.6128E-1 1.70723E-1
3.55788E-1 3.61355E-1 3.54617E-1 3.61833E-1 3.62845E-1 3.33792E-1 2.88379E-1 2.80601E-1 2.92124E-1 3.05495E-1 3.39524E-1 3.6865E-1 3.84065E-1 3.85852E-1 3.80391E-1 3.81237E-1 3.8191E-1 3.85118E-1 3.83967E-1 3.82601E-1 3.7969E-1 3.65443E-1 3.89865E-1 3.97687E-1 4.1219E-1 4.25455E-1 3.9952E-1 3.31289E-1 2.58606E-1 2.28103E-1 2.18343E-1 2.16925E-1 2.06355E-1 2.04317E-1 1.9498E-1 1.87718E-1 1.80411E-1 1.81532E-1 1.75297E-1 1.75695E-1 1.72928E-1 1.6316E-1 1.56886E-1 1.57318E-1 1.54779E-1 1.54475E-1 1.52278E-1 1.49771E-1 1.47144E-1 1.50862E-1 1.54863E-1 1.67894E-1 1.69275E-1 1.72413E-1 1.75126E-1 1.7689E-1 1.73696E-1 1.72919E-1 1.87948E-1 1.67043E-1 1.71512E-1
3.64118E-1 3.6457E-1 3.5199E-1 3.35056E-1 2.86205E-1 2.54854E-1 2.60694E-1 2.95678E-1 3.46192E-1 3.7222E-1 3.68923E-1 3.63443E-1 3.65896E-1 3.75249E-1 3.80383E-1 3.84587E-1 3.83134E-1 3.85367E-1 3.85504E-1 3.82601E-1 3.82067E-1 3.83805E-1 3.92878E-1 3.98831E-1 4.13202E-1 4.27117E-1 4.39084E-1 3.97771E-1 2.88268E-1 2.40455E-1 2.35648E-1 2.20074E-1 2.15564E-1 2.09825E-1 2.10568E-1 2.05129E-1 2.00554E-1 1.92964E-1 1.8428E-1 1.82328E-1 1.8434E-1 1.78139E-1 1.8134E-1 1.69405E-1 1.62876E-1 1.5753E-1 1.61027E-1 1.53452E-1 1.56012E-1 1.65514E-1 1.63821E-1 1.70765E-1 1.74734E-1 1.74313E-1 1.85846E-1 1.81825E-1 1.82959E-1 1.81643E-1 1.87108E-1 1.90454E-1 1.81161E-1
3.48665E-1 3.2967E-1 2.95075E-1 2.68748E-1 2.57033E-1 2.6066E-1 3.1203E-1 3.58489E-1 3.70568E-1 3.7165E-1 3.67836E-1 3.61819E-1 3.62003E-1 3.69611E-1 3.84362E-1 3.87794E-1 3.84732E-1 3.85069E-1 3.86713E-1 3.83539E-1 3.8274E-1 3.88802E-1 3.95867E-1 4.03432E-1 4.14913E-1 4.27581E-1 4.36568E-1 3.41754E-1 2.60784E-1 2.48604E-1 2.42423E-1 2.32424E-1 2.33059E-1 2.30063E-1 2.24005E-1 2.16E-1 2.11575E-1 2.02453E-1 1.90541E-1 1.8416E-1 1.92476E-1 1.86083E-1 1.75355E-1 1.75427E-1 1.72789E-1 1.66428E-1 1.69525E-1 1.71042E-1 1.71996E-1 1.7124E-1 1.64455E-1 1.69133E-1 1.76398E-1 1.78437E-1 1.90353E-1 2.03086E-1 1.90672E-1 1.92683E-1 1.93439E-1 2.05114E-1 1.98469E-1
2.63386E-1 2.50303E-1 2.47311E-1 2.43588E-1 2.43049E-1 2.68471E-1 2.89601E-1 2.83568E-1 2.93083E-1 3.26584E-1 3.59508E-1 3.69137E-1 3.6425E-1 3.68076E-1 3.7777E-1 3.86752E-1 3.85277E-1 3.81698E-1 3.85136E-1 3.81339E-1 3.80453E-1 3.86855E-1 3.93272E-1 3.98503E-1 4.09594E-1 4.16297E-1 4.25276E-1 3.78054E-1 3.17061E-1 2.85527E-1 2.6017E-1 2.46665E-1 2.45166E-1 2.39148E-1 2.39029E-1 2.28052E-1 2.30061E-1 2.2632E-1 2.11912E-1 1.99233E-1 2.01502E-1 1.9985E-1 1.85398E-1 1.88388E-1 1.93216E-1 1.83876E-1 1.8202E-1 1.74083E-1 1.74823E-1 1.73469E-1 1.76148E-1 1.8158E-1 1.87046E-1 1.90543E-1 2.02236E-1 2.16884E-1 2.03657E-1 1.9669E-1 1.9639E-1 1.99002E-1 2.16217E-1
2.29699E-1 2.17553E-1 2.17775E-1 2.2744E-1 2.34257E-1 2.45065E-1 2.39731E-1 2.3529E-1 2.39496E-1 2.61167E-1 2.7944E-1 3.65578E-1 3.71747E-1 3.70502E-1 3.76538E-1 3.85703E-1 3.87576E-1 3.86492E-1 3.77064E-1 3.59432E-1 3.31118E-1 3.34405E-1 3.60444E-1 3.22497E-1 2.98017E-1 2.8712E-1 3.62818E-1 3.95347E-1 3.48648E-1 2.82933E-1 2.55181E-1 2.54097E-1 2.55827E-1 2.48311E-1 2.416E-1 2.344E-1 2.29569E-1 2.28838E-1 2.21598E-1 2.25835E-1 2.14936E-1 2.08349E-1 2.148E-1 2.08842E-1 2.04807E-1 2.00421E-1 1.92583E-1 1.86264E-1 1.85093E-1 1.80055E-1 1.83299E-1 2.36973E-1 2.07617E-1 2.07215E-1 2.03437E-1 2.06322E-1 2.1092E-1 2.05671E-1 1.98447E-1 1.94776E-1 2.02651E-1
2.07158E-1 2.08229E-1 2.01769E-1 2.08686E-1 2.05836E-1 2.03947E-1 2.03231E-1 2.05875E-1 2.11118E-1 2.29715E-1 2.50573E-1 2.82037E-1 3.5619E-1 3.47159E-1 3.63415E-1 3.72942E-1 3.69563E-1 3.36713E-1 2.82281E-1 2.55221E-1 2.52163E-1 2.47129E-1 2.39876E-1 2.40444E-1 2.42951E-1 2.53595E-1 3.45946E-1 3.72494E-1 3.27524E-1 2.5472E-1 2.4956E-1 2.59332E-1 2.63915E-1 2.54862E-1 2.50646E-1 2.51745E-1 2.43568E-1 2.43642E-1 2.36844E-1 2.39571E-1 2.3057E-1 2.3384E-1 2.29517E-1 2.28412E-1 2.19931E-1 2.12399E-1 2.06533E-1 2.0874E-1 1.9867E-1 1.85573E-1 1.8004E-1 1.96147E-1 2.08466E-1 2.13618E-1 2.16356E-1 2.15854E-1 2.10594E-1 2.08727E-1 2.04276E-1 2.01955E-1 1.98889E-1
2.07324E-1 2.02871E-1 1.97127E-1 1.91706E-1 1.89275E-1 1.87668E-1 1.95992E-1 1.97124E-1 1.98321E-1 2.12417E-1 2.28584E-1 2.31878E-1 2.48316E-1 2.5584E-1 2.67154E-1 2.82152E-1 2.82576E-1 2.7048E-1 2.51356E-1 2.34959E-1 2.31257E-1 2.42256E-1 2.33971E-1 2.32871E-1 2.42189E-1 2.45668E-1 2.59766E-1 2.61119E-1 2.51743E-1 2.31757E-1 2.4014E-1 2.51898E-1 2.54867E-1 2.48852E-1 2.43387E-1 2.50424E-1 2.45845E-1 2.4584E-1 2.51743E-1 2.41793E-1 2.49424E-1 2.53345E-1 2.34487E-1 2.33029E-1 2.25247E-1 2.17323E-1 2.11701E-1 2.17226E-1 2.1977E-1 2.1349E-1 1.99318E-1 2.09398E-1 2.19508E-1 2.22984E-1 2.25709E-1 2.31363E-1 2.28537E-1 2.18791E-1 2.05624E-1 2.01255E-1 1.98307E-1
1.94476E-1 1.92573E-1 1.94905E-1 1.90885E-1 1.8537E-1 1.85586E-1 1.93364E-1 1.98874E-1 2.06902E-1 2.17304E-1 2.23497E-1 2.19225E-1 2.33889E-1 2.39407E-1 2.35285E-1 2.44294E-1 2.62998E-1 2.61431E-1 2.41317E-1 2.35493E-1 2.5031E-1 2.69833E-1 2.50391E-1 2.44204E-1 2.54076E-1 2.50766E-1 2.39504E-1 2.33626E-1 2.15988E-1 2.20535E-1 2.35464E-1 2.52302E-1 2.55367E-1 2.83288E-1 2.91806E-1 2.84169E-1 2.65316E-1 2.47766E-1 2.48955E-1 2.6621E-1 2.55782E-1 2.59281E-1 2.48613E-1 2.3831E-1 2.38184E-1 2.329E-1 2.30415E-1 2.43561E-1 2.49547E-1 2.28359E-1 2.22159E-1 2.26404E-1 2.31882E-1 2.38278E-1 2.41985E-1 2.51356E-1 2.56497E-1 2.58007E-1 2.56182E-1 2.22316E-1 1.99542E-1
1.74507E-1 1.8397E-1 1.87164E-1 1.88646E-1 1.81836E-1 1.8884E-1 1.90981E-1 1.98081E-1 2.09921E-1 2.16308E-1 2.23592E-1 2.21516E-1 2.30458E-1 2.39215E-1 2.4044E-1 2.48192E-1 2.56623E-1 2.57963E-1 2.52844E-1 2.5178E-1 2.60173E-1 2.70363E-1 2.69673E-1 2.83634E-1 2.75889E-1 2.65276E-1 2.55751E-1 2.54123E-1 2.50981E-1 2.36519E-1 2.31088E-1 2.41901E-1 2.61068E-1 2.72261E-1 2.87977E-1 3.34839E-1 3.38196E-1 3.25626E-1 3.23811E-1 3.33678E-1 3.36402E-1 3.24186E-1 3.04247E-1 2.84394E-1 2.62974E-1 2.5637E-1 2.58342E-1 2.54179E-1 2.51786E-1 2.44609E-1 2.41596E-1 2.4044E-1 2.4715E-1 2.48162E-1 2.49089E-1 2.46485E-1 2.41123E-1 2.38122E-1 2.2894E-1 2.10404E-1 1.99178E-1
1.71965E-1 1.7879E-1 1.89718E-1 1.92373E-1 1.92069E-1 1.9443E-1 1.94206E-1 2.00955E-1 2.12118E-1 2.15615E-1 2.20138E-1 2.23859E-1 2.28536E-1 2.36994E-1 2.40517E-1 2.49948E-1 2.58601E-1 2.52583E-1 2.94862E-1 3.19154E-1 3.15224E-1 3.30311E-1 3.42882E-1 3.37194E-1 3.27556E-1 3.20612E-1 2.87551E-1 2.71135E-1 2.84032E-1 3.04037E-1 3.11696E-1 3.17777E-1 3.17658E-1 3.05182E-1 2.98102E-1 2.91788E-1 2.98098E-1 2.94512E-1 2.78856E-1 3.00941E-1 2.91039E-1 2.85157E-1 2.85938E-1 2.98048E-1 2.65828E-1 3.06464E-1 3.32649E-1 3.6452E-1 3.39294E-1 3.15063E-1 3.05337E-1 2.62612E-1 2.59685E-1 2.63123E-1 2.60293E-1 2.57357E-1 2.52935E-1 2.4396E-1 2.31211E-1 2.20918E-1 2.22883E-1
1.71446E-1 1.77233E-1 1.87962E-1 1.87407E-1 1.8788E-1 1.89912E-1 1.93845E-1 2.0025E-1 2.09182E-1 2.1686E-1 2.17341E-1 2.25568E-1 2.31336E-1 2.57208E-1 2.67047E-1 2.79686E-1 2.74305E-1 3.21723E-1 3.67238E-1 3.89806E-1 3.86539E-1 3.59322E-1 3.00193E-1 3.08072E-1 3.44146E-1 3.21828E-1 2.86735E-1 2.71881E-1 2.6505E-1 2.77162E-1 3.45434E-1 3.66558E-1 3.76549E-1 3.85158E-1 3.94062E-1 3.89351E-1 3.89409E-1 3.676E-1 3.5282E-1 3.59967E-1 3.40746E-1 2.96634E-1 2.91087E-1 2.86567E-1 2.99765E-1 2.98011E-1 3.53868E-1 4.36275E-1 4.39645E-1 4.38713E-1 4.42065E-1 4.10854E-1 2.88247E-1 2.79969E-1 2.84136E-1 2.7932E-1 2.65694E-1 2.54851E-1 2.45831E-1 2.4092E-1 2.38703E-1
1.77734E-1 1.7731E-1 1.83051E-1 1.90938E-1 1.89225E-1 1.9343E-1 1.95553E-1 2.01363E-1 2.13505E-1 2.21539E-1 2.23783E-1 2.36257E-1 2.72146E-1 3.1673E-1 3.21394E-1 3.05803E-1 3.21888E-1 3.78485E-1 3.84068E-1 3.84461E-1 3.76511E-1 3.6453E-1 3.15656E-1 3.4844E-1 3.57338E-1 3.05811E-1 2.74586E-1 2.67201E-1 2.61379E-1 2.58802E-1 2.6645E-1 3.11459E-1 3.5832E-1 3.82983E-1 3.89964E-1 3.95404E-1 4.01866E-1 4.02788E-1 3.98129E-1 4.1539E-1 4.24876E-1 4.25007E-1 3.93088E-1 3.41094E-1 3.31158E-1 3.39865E-1 4.31098E-1 4.35269E-1 4.51269E-1 4.57394E-1 4.61765E-1 4.61696E-1 3.98593E-1 3.10878E-1 2.97237E-1 2.95555E-1 2.79887E-1 2.7366E-1 2.63535E-1 2.51087E-1 2.56425E-1
1.80515E-1 1.8167E-1 1.85669E-1 1.89057E-1 1.97027E-1 1.99378E-1 1.99023E-1 2.06008E-1 2.15125E-1 2.27554E-1 2.31347E-1 2.51047E-1 3.11284E-1 3.27086E-1 2.99775E-1 3.24956E-1 3.62444E-1 3.77594E-1 3.78764E-1 3.76819E-1 3.58097E-1 3.53853E-1 3.67539E-1 3.6631E-1 3.50295E-1 3.08353E-1 2.80049E-1 2.7216E-1 2.72045E-1 2.59612E-1 2.67194E-1 2.67051E-1 2.73098E-1 3.02692E-1 3.44973E-1 3.78112E-1 3.91319E-1 3.9652E-1 4.03907E-1 4.07788E-1 4.17983E-1 4.29289E-1 4.37148E-1 4.36177E-1 4.2458E-1 3.98164E-1 4.40975E-1 4.50751E-1 4.59283E-1 4.68552E-1 4.74657E-1 4.73218E-1 4.66079E-1 3.83179E-1 3.0893E-1 3.17407E-1 2.93068E-1 2.89612E-1 2.79417E-1 2.70712E-1 2.71725E-1
1.77085E-1 1.76658E-1 1.87794E-1 1.93034E-1 2.02704E-1 2.08136E-1 2.12669E-1 2.16374E-1 2.2586E-1 2.39216E-1 2.5254E-1 2.97941E-1 3.16573E-1 2.91776E-1 3.20318E-1 3.51411E-1 3.65028E-1 3.71541E-1 3.70568E-1 3.62139E-1 3.6098E-1 3.60946E-1 3.38377E-1 3.35021E-1 2.94858E-1 2.84857E-1 2.73027E-1 2.72687E-1 2.61563E-1 2.60077E-1 2.55226E-1 2.57453E-1 2.55309E-1 2.58631E-1 2.76475E-1 3.05932E-1 3.71794E-1 3.88008E-1 3.95257E-1 4.0177E-1 4.11123E-1 4.21775E-1 4.29433E-1 4.36951E-1 4.39869E-1 4.08713E-1 3.82256E-1 3.96714E-1 4.34798E-1 4.66846E-1 4.6852E-1 4.70003E-1 4.70383E-1 4.57222E-1 3.67402E-1 3.34606E-1 3.03275E-1 3.11075E-1 3.14519E-1 2.99032E-1 2.88197E-1
1.82301E-1 1.83495E-1 1.98372E-1 2.06308E-1 2.20068E-1 2.16277E-1 2.18541E-1 2.25663E-1 2.33252E-1 2.53792E-1 2.98228E-1 3.28444E-1 2.81544E-1 3.01228E-1 3.52869E-1 3.59083E-1 3.61403E-1 3.63578E-1 3.64277E-1 3.29087E-1 3.39609E-1 3.34268E-1 3.0293E-1 3.17665E-1 2.84728E-1 2.70843E-1 2.63771E-1 2.61378E-1 2.60767E-1 2.58014E-1 2.54687E-1 2.53133E-1 2.52161E-1 2.60615E-1 2.74371E-1 2.95437E-1 3.34734E-1 3.81779E-1 3.89818E-1 3.95382E-1 4.02447E-1 4.14428E-1 4.22397E-1 4.29802E-1 4.31085E-1 4.30774E-1 4.10465E-1 3.6477E-1 3.95814E-1 4.5707E-1 4.66886E-1 4.73455E-1 4.73276E-1 4.69115E-1 4.63985E-1 3.85623E-1 3.28955E-1 3.27185E-1 3.42628E-1 3.23699E-1 3.00503E-1
