maxent_outputs/red_flowers_linear/red_189.asc
ncols         426
nrows         180
xllcorner     -130.0
yllcorner     24.0
cellsize      0.16666666666666666
NODATA_value  -9999
[rows 27 to 53 of 180, columns 244 to 304 of 426]
2.44405E-1 2.38555E-1 2.5644E-1 2.97806E-1 3.29443E-1 3.55522E-1 3.35536E-1 2.86249E-1 2.79795E-1 2.75775E-1 2.67475E-1 2.77791E-1 2.78747E-1 2.75024E-1 3.32612E-1 2.94357E-1 2.90154E-1 2.8772E-1 2.91641E-1 2.85574E-1 2.71592E-1 2.76319E-1 2.87682E-1 2.75702E-1 2.71922E-1 2.91295E-1 2.76636E-1 2.74641E-1 2.72661E-1 2.66313E-1 2.68913E-1 2.69496E-1 2.77773E-1 2.79961E-1 2.84136E-1 2.81565E-1 2.77249E-1 2.79162E-1 2.71578E-1 2.68819E-1 2.62456E-1 2.61949E-1 2.77566E-1 2.78334E-1 2.64294E-1 2.6141E-1 2.63799E-1 2.73485E-1 2.79256E-1 2.79492E-1 2.74761E-1 2.78925E-1 2.81688E-1 2.76497E-1 2.77171E-1 2.67014E-1 2.50466E-1 2.42042E-1 2.40513E-1 2.36136E-1 2.32373E-1
2.51459E-1 2.5619E-1 2.58776E-1 2.47674E-1 2.53478E-1 2.72517E-1 2.75922E-1 2.80633E-1 2.84789E-1 2.75924E-1 2.62017E-1 2.93016E-1 2.7732E-1 3.00698E-1 2.84804E-1 2.82104E-1 2.95905E-1 3.12992E-1 2.98665E-1 2.92763E-1 2.92283E-1 2.74681E-1 2.81392E-1 2.92785E-1 2.9113E-1 2.93868E-1 2.83634E-1 2.79273E-1 2.77902E-1 2.72599E-1 2.73461E-1 2.78663E-1 2.76931E-1 2.81565E-1 2.80653E-1 2.82712E-1 2.80015E-1 2.77065E-1 2.63553E-1 2.62532E-1 2.65503E-1 2.6489E-1 2.70759E-1 2.76421E-1 2.76084E-1 2.77359E-1 2.76257E-1 2.78514E-1 2.883E-1 2.88596E-1 2.77119E-1 2.79326E-1 2.79941E-1 2.68689E-1 2.74443E-1 2.70156E-1 2.54954E-1 2.48566E-1 2.53896E-1 2.40021E-1 2.44275E-1
2.54162E-1 2.57417E-1 2.61749E-1 2.56755E-1 2.59443E-1 2.7017E-1 2.92616E-1 2.94E-1 2.84139E-1 2.91522E-1 3.09233E-1 3.1853E-1 3.05393E-1 3.12881E-1 2.86625E-1 2.95792E-1 3.41616E-1 3.49508E-1 3.32397E-1 3.09052E-1 2.83314E-1 2.86263E-1 2.87712E-1 3.07245E-1 3.15713E-1 3.00804E-1 2.87334E-1 2.91201E-1 2.87384E-1 2.88832E-1 2.92623E-1 2.86478E-1 2.82303E-1 2.86087E-1 2.82093E-1 2.88767E-1 2.87858E-1 2.9292E-1 2.83302E-1 2.77861E-1 2.86966E-1 2.74409E-1 2.72342E-1 2.77779E-1 2.77698E-1 2.84321E-1 2.84203E-1 2.8019E-1 2.84906E-1 2.86778E-1 2.75177E-1 2.75547E-1 2.71608E-1 2.72989E-1 2.73956E-1 2.72936E-1 2.65457E-1 2.67307E-1 2.71112E-1 2.49423E-1 2.46786E-1
2.55289E-1 2.57109E-1 2.70433E-1 2.68128E-1 2.6881E-1 2.77929E-1 3.25245E-1 3.76119E-1 3.8458E-1 4.17825E-1 4.05346E-1 3.71627E-1 3.59839E-1 3.65503E-1 3.83954E-1 3.49662E-1 3.52167E-1 3.69376E-1 3.54894E-1 3.39085E-1 3.06348E-1 3.16173E-1 3.08E-1 3.00858E-1 2.99986E-1 2.88358E-1 3.03952E-1 3.02499E-1 2.92695E-1 3.21431E-1 2.95954E-1 2.94048E-1 2.94081E-1 2.88207E-1 2.9323E-1 3.01695E-1 2.91369E-1 2.80238E-1 2.82931E-1 2.83861E-1 2.81921E-1 2.84357E-1 2.74445E-1 2.73091E-1 2.74345E-1 2.81319E-1 2.82323E-1 2.77655E-1 2.77258E-1 2.79863E-1 2.73194E-1 2.74368E-1 2.6259E-1 2.71529E-1 2.75689E-1 3.06675E-1 3.0222E-1 2.81245E-1 2.7762E-1 2.53419E-1 2.49411E-1
2.67109E-1 2.63092E-1 2.82339E-1 2.83309E-1 2.92828E-1 3.41279E-1 3.1223E-1 3.70614E-1 4.30541E-1 4.95218E-1 5.61028E-1 5.91888E-1 5.45771E-1 5.01733E-1 5.33033E-1 5.34063E-1 5.08532E-1 4.95679E-1 3.83673E-1 3.30443E-1 3.1271E-1 3.22339E-1 3.33438E-1 3.00048E-1 2.96065E-1 3.10207E-1 3.14057E-1 3.16642E-1 2.96234E-1 3.05824E-1 3.04113E-1 3.07204E-1 3.07962E-1 2.93282E-1 3.01172E-1 3.01461E-1 3.02224E-1 2.91066E-1 2.80552E-1 2.87846E-1 2.76869E-1 2.81837E-1 2.79632E-1 2.78832E-1 2.78334E-1 2.74504E-1 2.7394E-1 2.73725E-1 2.75084E-1 2.78556E-1 2.80209E-1 2.67495E-1 2.72516E-1 2.86593E-1 2.95885E-1 3.20894E-1 3.23337E-1 2.96049E-1 3.09809E-1 2.65446E-1 2.54722E-1
2.86027E-1 3.11698E-1 3.55479E-1 3.53843E-1 3.87732E-1 4.09641E-1 5.39399E-1 6.24919E-1 6.81065E-1 6.94591E-1 7.11048E-1 7.22418E-1 7.20131E-1 7.16225E-1 7.07329E-1 7.14709E-1 7.00151E-1 6.65739E-1 4.67586E-1 3.50931E-1 3.32379E-1 3.12974E-1 3.08176E-1 3.06015E-1 3.13489E-1 3.34372E-1 3.1472E-1 3.10671E-1 3.28516E-1 3.09596E-1 3.21177E-1 3.02578E-1 3.11468E-1 3.08318E-1 3.01254E-1 3.02192E-1 3.02268E-1 2.93958E-1 2.95881E-1 2.90993E-1 2.88748E-1 2.7976E-1 2.80807E-1 2.82536E-1 2.89592E-1 2.8446E-1 2.90857E-1 2.79617E-1 2.77405E-1 2.81394E-1 2.95611E-1 2.84177E-1 2.76601E-1 2.82849E-1 2.88714E-1 2.89557E-1 3.09428E-1 3.12622E-1 3.12068E-1 2.96656E-1 2.79428E-1
3.10454E-1 4.73812E-1 4.87233E-1 4.27419E-1 5.1989E-1 6.21319E-1 6.73499E-1 6.89118E-1 7.08378E-1 7.15641E-1 7.27759E-1 7.42688E-1 7.47961E-1 7.41052E-1 7.45445E-1 7.45278E-1 7.25929E-1 6.86446E-1 5.92919E-1 4.00779E-1 3.61428E-1 3.47964E-1 3.31813E-1 3.34488E-1 3.32791E-1 3.32245E-1 3.24989E-1 3.29519E-1 3.23565E-1 3.31847E-1 3.4654E-1 3.40167E-1 3.33881E-1 3.54303E-1 3.39337E-1 3.25459E-1 3.20432E-1 3.00236E-1 3.07108E-1 3.01348E-1 2.90866E-1 2.83903E-1 2.91826E-1 2.88568E-1 2.95562E-1 3.00713E-1 2.96665E-1 2.98378E-1 2.95838E-1 3.04046E-1 3.05152E-1 3.00122E-1 3.03872E-1 3.09444E-1 3.02628E-1 3.02811E-1 3.21612E-1 3.10871E-1 3.09164E-1 3.07099E-1 3.08319E-1
4.1671E-1 5.03271E-1 5.8023E-1 6.225E-1 6.46081E-1 6.49294E-1 6.85318E-1 7.0343E-1 7.20342E-1 7.32323E-1 7.47618E-1 7.54661E-1 7.59749E-1 7.5884E-1 7.56185E-1 7.56459E-1 7.43079E-1 7.18325E-1 6.69199E-1 4.78881E-1 3.80059E-1 3.66821E-1 3.57152E-1 3.39727E-1 3.40291E-1 3.45377E-1 3.42915E-1 3.46564E-1 3.4808E-1 3.46031E-1 3.68473E-1 3.68082E-1 3.50194E-1 3.4053E-1 3.28556E-1 3.30397E-1 3.35938E-1 3.09733E-1 2.99121E-1 2.99941E-1 3.0832E-1 2.98711E-1 3.00039E-1 2.96363E-1 2.99347E-1 3.05996E-1 3.02771E-1 3.11576E-1 3.10404E-1 3.10853E-1 3.06642E-1 3.07161E-1 3.23126E-1 3.2722E-1 3.38366E-1 3.40912E-1 3.37506E-1 3.25698E-1 3.27988E-1 3.25531E-1 3.11808E-1
5.87336E-1 6.21347E-1 5.56455E-1 5.23725E-1 5.32414E-1 6.25192E-1 6.81087E-1 7.18528E-1 7.32785E-1 7.51346E-1 7.67989E-1 7.73466E-1 7.726E-1 7.70459E-1 7.69045E-1 7.64546E-1 7.56416E-1 7.42064E-1 7.09245E-1 6.23334E-1 4.92834E-1 4.06247E-1 3.89235E-1 3.92473E-1 3.81913E-1 3.8511E-1 3.92688E-1 3.70624E-1 3.78881E-1 3.94436E-1 3.77704E-1 3.77164E-1 3.72539E-1 3.52643E-1 3.51233E-1 3.58076E-1 3.51826E-1 3.36948E-1 3.10798E-1 3.20538E-1 3.21549E-1 3.21266E-1 3.34151E-1 3.13093E-1 3.0969E-1 2.99882E-1 3.07976E-1 3.18269E-1 3.14822E-1 3.20861E-1 3.23069E-1 3.29848E-1 3.42812E-1 3.32153E-1 3.38465E-1 3.47493E-1 3.42231E-1 3.37937E-1 3.37627E-1 3.25351E-1 3.17967E-1
5.88324E-1 4.96907E-1 5.48901E-1 6.10596E-1 6.55641E-1 6.79335E-1 7.02006E-1 7.25488E-1 7.47195E-1 7.70908E-1 7.78504E-1 7.8012E-1 7.79321E-1 7.78791E-1 7.58892E-1 7.559E-1 7.56603E-1 7.45213E-1 7.23319E-1 6.88932E-1 6.79195E-1 6.11358E-1 5.81988E-1 5.87458E-1 6.15772E-1 6.39571E-1 5.69644E-1 4.47763E-1 4.22831E-1 4.06798E-1 4.01912E-1 3.74088E-1 3.95541E-1 3.76486E-1 3.75179E-1 3.65998E-1 3.61919E-1 3.32938E-1 3.29649E-1 3.31315E-1 3.27586E-1 3.27412E-1 3.17862E-1 3.11307E-1 3.18908E-1 3.12846E-1 3.31466E-1 3.38747E-1 3.36396E-1 3.3944E-1 3.42173E-1 3.44743E-1 3.37051E-1 3.27986E-1 3.41925E-1 3.37238E-1 3.21949E-1 3.33931E-1 3.29839E-1 3.30573E-1 3.28072E-1
6.26045E-1 6.23887E-1 6.63344E-1 6.72364E-1 6.87384E-1 7.02958E-1 7.15447E-1 7.31406E-1 7.58346E-1 7.67614E-1 7.70431E-1 7.69295E-1 7.77404E-1 7.80838E-1 7.62874E-1 7.59705E-1 7.56407E-1 7.48866E-1 7.38782E-1 7.2292E-1 6.32335E-1 5.65064E-1 6.24122E-1 7.06764E-1 7.08133E-1 7.06629E-1 5.42579E-1 4.70802E-1 4.39265E-1 4.35799E-1 4.38997E-1 4.12759E-1 3.92376E-1 3.77059E-1 3.88805E-1 3.53041E-1 3.41621E-1 3.25728E-1 3.3446E-1 3.4166E-1 3.37251E-1 3.19227E-1 3.40414E-1 3.48571E-1 3.3421E-1 3.22557E-1 3.36886E-1 3.47217E-1 3.36167E-1 3.4809E-1 3.47212E-1 3.3931E-1 3.38941E-1 3.40387E-1 3.43861E-1 3.40154E-1 3.20565E-1 3.0982E-1 3.18292E-1 3.18008E-1 3.28032E-1
6.36253E-1 6.55343E-1 6.67939E-1 6.83975E-1 7.05461E-1 7.00596E-1 7.07588E-1 6.84607E-1 6.82098E-1 7.10806E-1 7.34184E-1 7.48963E-1 7.60612E-1 7.7457E-1 7.64925E-1 7.59046E-1 7.56846E-1 7.52434E-1 7.46416E-1 7.36102E-1 7.38263E-1 7.23002E-1 7.30158E-1 7.32681E-1 7.28688E-1 7.08078E-1 5.63961E-1 5.13211E-1 4.69024E-1 4.61434E-1 4.40301E-1 4.30646E-1 3.94443E-1 3.98857E-1 3.98116E-1 3.68191E-1 3.56671E-1 3.4307E-1 3.39241E-1 3.37783E-1 3.40503E-1 3.3093E-1 3.40516E-1 3.33421E-1 3.36735E-1 3.37815E-1 3.34549E-1 3.43298E-1 3.4222E-1 3.40656E-1 3.53948E-1 3.61141E-1 3.56266E-1 3.5856E-1 3.56361E-1 3.4858E-1 3.37529E-1 3.20242E-1 3.28023E-1 3.20017E-1 3.4781E-1
6.34108E-1 6.48009E-1 6.53185E-1 6.70583E-1 6.65035E-1 6.05805E-1 5.4752E-1 5.37592E-1 5.53602E-1 5.71806E-1 6.36459E-1 6.921E-1 7.30263E-1 7.60315E-1 7.56703E-1 7.55594E-1 7.54684E-1 7.5085E-1 7.4365E-1 7.37825E-1 7.56155E-1 7.35081E-1 7.63296E-1 7.61222E-1 7.53168E-1 7.35449E-1 6.92648E-1 6.21368E-1 5.29752E-1 4.714E-1 4.49976E-1 4.36035E-1 4.11776E-1 4.13876E-1 4.13246E-1 4.07431E-1 3.79491E-1 3.74328E-1 3.6967E-1 3.7919E-1 3.72082E-1 3.52251E-1 3.40342E-1 3.43783E-1 3.33141E-1 3.34353E-1 3.37389E-1 3.349E-1 3.27231E-1 3.36079E-1 3.51671E-1 3.81269E-1 3.79573E-1 3.77332E-1 3.69762E-1 3.63179E-1 3.59993E-1 3.47067E-1 3.72625E-1 3.27587E-1 3.3556E-1
6.26235E-1 6.29702E-1 6.19469E-1 5.95895E-1 5.17337E-1 4.77691E-1 4.91291E-1 5.63464E-1 6.19567E-1 6.37075E-1 6.41831E-1 6.54981E-1 6.88048E-1 7.27399E-1 7.32134E-1 7.43145E-1 7.46016E-1 7.44459E-1 7.38371E-1 7.35579E-1 7.5734E-1 7.59663E-1 7.70589E-1 7.7258E-1 7.69396E-1 7.52625E-1 7.41875E-1 6.82592E-1 5.59383E-1 4.80702E-1 4.58901E-1 4.206E-1 4.19009E-1 4.2648E-1 4.3177E-1 4.22262E-1 4.04883E-1 3.8534E-1 3.75067E-1 3.75016E-1 3.83957E-1 3.72413E-1 3.79645E-1 3.63475E-1 3.47174E-1 3.38371E-1 3.56012E-1 3.40894E-1 3.50464E-1 3.71201E-1 3.64717E-1 3.75995E-1 3.84775E-1 3.77301E-1 3.87095E-1 3.78068E-1 3.79912E-1 3.69226E-1 3.75519E-1 3.6429E-1 3.57753E-1
5.89688E-1 5.73522E-1 5.32219E-1 4.8885E-1 4.61071E-1 4.79226E-1 5.8538E-1 6.31941E-1 6.35391E-1 6.32375E-1 6.36142E-1 6.51805E-1 6.75609E-1 6.97201E-1 7.08224E-1 7.2527E-1 7.30017E-1 7.27313E-1 7.20087E-1 7.21023E-1 7.46667E-1 7.55539E-1 7.66038E-1 7.71913E-1 7.67833E-1 7.57281E-1 7.36696E-1 6.22733E-1 5.15803E-1 4.84769E-1 4.65201E-1 4.43489E-1 4.45529E-1 4.5524E-1 4.43953E-1 4.20404E-1 4.09964E-1 3.91917E-1 3.73416E-1 3.67219E-1 3.85792E-1 3.80762E-1 3.66051E-1 3.69595E-1 3.63727E-1 3.51412E-1 3.70644E-1 3.70519E-1 3.76559E-1 3.79446E-1 3.60785E-1 3.66897E-1 3.76873E-1 3.78592E-1 3.92201E-1 4.1043E-1 3.86453E-1 3.82958E-1 3.85141E-1 4.03005E-1 4.03453E-1
4.6252E-1 4.35655E-1 4.25376E-1 4.22897E-1 4.21004E-1 4.92669E-1 5.28868E-1 5.18537E-1 5.3249E-1 5.68679E-1 6.13037E-1 6.47787E-1 6.57419E-1 6.74115E-1 6.92477E-1 7.10014E-1 7.12422E-1 7.11966E-1 7.07042E-1 7.00587E-1 7.04995E-1 7.24465E-1 7.28931E-1 7.2885E-1 7.31917E-1 7.27516E-1 7.26833E-1 6.61127E-1 5.85482E-1 5.21509E-1 4.92973E-1 4.80713E-1 4.66976E-1 4.66529E-1 4.59145E-1 4.26044E-1 4.24158E-1 4.15996E-1 3.98001E-1 3.78578E-1 3.87745E-1 3.9352E-1 3.77906E-1 3.80653E-1 3.92241E-1 3.82656E-1 3.83486E-1 3.72861E-1 3.7865E-1 3.80264E-1 3.7756E-1 3.84833E-1 3.93321E-1 3.93909E-1 4.16285E-1 4.30107E-1 4.08021E-1 3.922E-1 3.94266E-1 3.98691E-1 4.22003E-1
3.86571E-1 3.68268E-1 3.77806E-1 3.84933E-1 3.97603E-1 4.20163E-1 4.30145E-1 4.35809E-1 4.40818E-1 4.69092E-1 5.06294E-1 6.14523E-1 6.36286E-1 6.44382E-1 6.62766E-1 6.78072E-1 6.73564E-1 6.72452E-1 6.53758E-1 6.2701E-1 5.92763E-1 5.95194E-1 6.31312E-1 5.94346E-1 5.71616E-1 5.53586E-1 6.52106E-1 6.8821E-1 6.31889E-1 5.32316E-1 4.86271E-1 4.79154E-1 4.85316E-1 4.61744E-1 4.48584E-1 4.29571E-1 4.18829E-1 4.16299E-1 4.06405E-1 4.09824E-1 4.04251E-1 4.00972E-1 4.12703E-1 4.08734E-1 4.06486E-1 4.04285E-1 4.01831E-1 3.88304E-1 3.90847E-1 3.84377E-1 3.86963E-1 4.79425E-1 4.24648E-1 4.16812E-1 4.05495E-1 4.06213E-1 4.16893E-1 4.05811E-1 3.93082E-1 3.92708E-1 4.04192E-1
3.51727E-1 3.51435E-1 3.43447E-1 3.60435E-1 3.54248E-1 3.67037E-1 3.75697E-1 3.82227E-1 3.90409E-1 4.14048E-1 4.45191E-1 4.98244E-1 5.95029E-1 5.83851E-1 6.10346E-1 6.27646E-1 6.26671E-1 5.87038E-1 5.12061E-1 4.77696E-1 4.75391E-1 4.60657E-1 4.42045E-1 4.44035E-1 4.58692E-1 4.81787E-1 6.34894E-1 6.65426E-1 6.07949E-1 4.74923E-1 4.61869E-1 4.78001E-1 4.81292E-1 4.58093E-1 4.43881E-1 4.39861E-1 4.29978E-1 4.29603E-1 4.18801E-1 4.24358E-1 4.13789E-1 4.25262E-1 4.24156E-1 4.28486E-1 4.23385E-1 4.20848E-1 4.17335E-1 4.17408E-1 3.9819E-1 3.74474E-1 3.60018E-1 3.93517E-1 4.24361E-1 4.25594E-1 4.24227E-1 4.17118E-1 4.10314E-1 4.09519E-1 4.10012E-1 4.09803E-1 4.01671E-1
3.47516E-1 3.42002E-1 3.39406E-1 3.34868E-1 3.33147E-1 3.35749E-1 3.56711E-1 3.57072E-1 3.54404E-1 3.74734E-1 3.8758E-1 3.9439E-1 4.20703E-1 4.40672E-1 4.64771E-1 5.02838E-1 5.14071E-1 4.88765E-1 4.61045E-1 4.21152E-1 4.08634E-1 4.34803E-1 4.15418E-1 4.1861E-1 4.46322E-1 4.59925E-1 4.95506E-1 4.92025E-1 4.72206E-1 4.26683E-1 4.3839E-1 4.59445E-1 4.6432E-1 4.45521E-1 4.28227E-1 4.24034E-1 4.18714E-1 4.23886E-1 4.33393E-1 4.20612E-1 4.30677E-1 4.41732E-1 4.28011E-1 4.30526E-1 4.24906E-1 4.22935E-1 4.18011E-1 4.30596E-1 4.27303E-1 4.04625E-1 3.89013E-1 4.20765E-1 4.4132E-1 4.36401E-1 4.33934E-1 4.36471E-1 4.29877E-1 4.16578E-1 4.02534E-1 4.00369E-1 3.91281E-1
3.30547E-1 3.27639E-1 3.39881E-1 3.27043E-1 3.17779E-1 3.21996E-1 3.37909E-1 3.43278E-1 3.55258E-1 3.70052E-1 3.78E-1 3.69294E-1 3.90167E-1 3.97689E-1 3.93013E-1 4.19424E-1 4.63936E-1 4.68884E-1 4.31478E-1 4.17797E-1 4.45944E-1 4.57566E-1 4.41138E-1 4.26153E-1 4.52148E-1 4.52115E-1 4.34803E-1 4.369E-1 4.06921E-1 4.11017E-1 4.32146E-1 4.62352E-1 4.61646E-1 5.13776E-1 5.18351E-1 4.94091E-1 4.5892E-1 4.35582E-1 4.41096E-1 4.54193E-1 4.38233E-1 4.47965E-1 4.40214E-1 4.3534E-1 4.3952E-1 4.3454E-1 4.42983E-1 4.71071E-1 4.80693E-1 4.48388E-1 4.38527E-1 4.4548E-1 4.58334E-1 4.60689E-1 4.6058E-1 4.68023E-1 4.71857E-1 4.72475E-1 4.63033E-1 3.96531E-1 3.61152E-1
3.05307E-1 3.14675E-1 3.24063E-1 3.21805E-1 3.09976E-1 3.20285E-1 3.21621E-1 3.31438E-1 3.47337E-1 3.51818E-1 3.59544E-1 3.59826E-1 3.73089E-1 3.86624E-1 3.95981E-1 4.20872E-1 4.42885E-1 4.50115E-1 4.45466E-1 4.46602E-1 4.61677E-1 4.7173E-1 4.76245E-1 5.0749E-1 4.96797E-1 4.79633E-1 4.64916E-1 4.5969E-1 4.59704E-1 4.31794E-1 4.2469E-1 4.42761E-1 4.70484E-1 4.80722E-1 5.00305E-1 5.67801E-1 5.7425E-1 5.68919E-1 5.63924E-1 5.68704E-1 5.63128E-1 5.50605E-1 5.27213E-1 5.09273E-1 4.86705E-1 4.86742E-1 4.9454E-1 4.9016E-1 4.80353E-1 4.68785E-1 4.64426E-1 4.61924E-1 4.79924E-1 4.83609E-1 4.82973E-1 4.70326E-1 4.5466E-1 4.44479E-1 4.23934E-1 3.8179E-1 3.68575E-1
2.9736E-1 3.09345E-1 3.20372E-1 3.27842E-1 3.2733E-1 3.25438E-1 3.1931E-1 3.20971E-1 3.3692E-1 3.45066E-1 3.50017E-1 3.5412E-1 3.63475E-1 3.8471E-1 3.93082E-1 4.23405E-1 4.4278E-1 4.44457E-1 5.14134E-1 5.50356E-1 5.45598E-1 5.65621E-1 5.80363E-1 5.72499E-1 5.68014E-1 5.59491E-1 4.99048E-1 4.78562E-1 5.09277E-1 5.42722E-1 5.59074E-1 5.67659E-1 5.55783E-1 5.34696E-1 5.1312E-1 4.97245E-1 4.99972E-1 5.0936E-1 4.92261E-1 5.19084E-1 5.03731E-1 4.97992E-1 5.06809E-1 5.34213E-1 4.91607E-1 5.73938E-1 6.16105E-1 6.40306E-1 6.12398E-1 5.82606E-1 5.67223E-1 4.95619E-1 5.01232E-1 5.11502E-1 5.07484E-1 4.96449E-1 4.82502E-1 4.65026E-1 4.53967E-1 4.29582E-1 4.31447E-1
2.90726E-1 3.01809E-1 3.24359E-1 3.22764E-1 3.24232E-1 3.23596E-1 3.21385E-1 3.18918E-1 3.23215E-1 3.36036E-1 3.38581E-1 3.54205E-1 3.68069E-1 4.19036E-1 4.48452E-1 4.77434E-1 4.74013E-1 5.52391E-1 6.05052E-1 6.27652E-1 6.23963E-1 5.92375E-1 5.15826E-1 5.2032E-1 5.78951E-1 5.41099E-1 4.84042E-1 4.62311E-1 4.59313E-1 4.80642E-1 5.79112E-1 6.03892E-1 6.12547E-1 6.18786E-1 6.29363E-1 6.27531E-1 6.30284E-1 6.19638E-1 6.19337E-1 6.23292E-1 6.04504E-1 5.33794E-1 5.22521E-1 5.18955E-1 5.51676E-1 5.54986E-1 6.4709E-1 7.25362E-1 7.2871E-1 7.29231E-1 7.38372E-1 7.07973E-1 5.36474E-1 5.31262E-1 5.48219E-1 5.35475E-1 5.12612E-1 4.97674E-1 4.84235E-1 4.68676E-1 4.69313E-1
3.02196E-1 3.05445E-1 3.15723E-1 3.29402E-1 3.26666E-1 3.25664E-1 3.21814E-1 3.20246E-1 3.29935E-1 3.43145E-1 3.48006E-1 3.72736E-1 4.40721E-1 5.38612E-1 5.40604E-1 5.2279E-1 5.46202E-1 6.10735E-1 6.20079E-1 6.21554E-1 6.19861E-1 6.08481E-1 5.47552E-1 5.89519E-1 5.97133E-1 5.12622E-1 4.55264E-1 4.42645E-1 4.3683E-1 4.32481E-1 4.6026E-1 5.31505E-1 5.9014E-1 6.19452E-1 6.26048E-1 6.36576E-1 6.46969E-1 6.56054E-1 6.61386E-1 6.77184E-1 6.88027E-1 6.97076E-1 6.78702E-1 6.24648E-1 6.14685E-1 6.40221E-1 7.33441E-1 7.38849E-1 7.50472E-1 7.57918E-1 7.61611E-1 7.65752E-1 6.98297E-1 5.79106E-1 5.6606E-1 5.63599E-1 5.38684E-1 5.36251E-1 5.18625E-1 4.9788E-1 5.06577E-1
3.12911E-1 3.12089E-1 3.1867E-1 3.24935E-1 3.29989E-1 3.28572E-1 3.21887E-1 3.25531E-1 3.34411E-1 3.53332E-1 3.57872E-1 4.00363E-1 5.08969E-1 5.37009E-1 4.97408E-1 5.37567E-1 5.95659E-1 6.16931E-1 6.22822E-1 6.23549E-1 6.0383E-1 5.99936E-1 6.21072E-1 6.18044E-1 5.94517E-1 5.19126E-1 4.58328E-1 4.43191E-1 4.45346E-1 4.35682E-1 4.37175E-1 4.45383E-1 4.61284E-1 5.11312E-1 5.75856E-1 6.25925E-1 6.43523E-1 6.58979E-1 6.75849E-1 6.83622E-1 6.94319E-1 7.06105E-1 7.19541E-1 7.31836E-1 7.33258E-1 7.13488E-1 7.52873E-1 7.59154E-1 7.70396E-1 7.76031E-1 7.81037E-1 7.78113E-1 7.69168E-1 6.81353E-1 5.67397E-1 5.7294E-1 5.57222E-1 5.54934E-1 5.50619E-1 5.37251E-1 5.35435E-1
3.02507E-1 2.98039E-1 3.19838E-1 3.21236E-1 3.24676E-1 3.28496E-1 3.29219E-1 3.31625E-1 3.45551E-1 3.70987E-1 3.96836E-1 4.81702E-1 5.16881E-1 4.68261E-1 5.22329E-1 5.79163E-1 6.05367E-1 6.17967E-1 6.23929E-1 6.17096E-1 6.24967E-1 6.26376E-1 5.8738E-1 5.75281E-1 4.90977E-1 4.6804E-1 4.47652E-1 4.57133E-1 4.26004E-1 4.27011E-1 4.20731E-1 4.3242E-1 4.36141E-1 4.36864E-1 4.67159E-1 5.15465E-1 6.29052E-1 6.55728E-1 6.75222E-1 6.85744E-1 6.97104E-1 7.14987E-1 7.28353E-1 7.41963E-1 7.57314E-1 7.21684E-1 6.87867E-1 7.05444E-1 7.45393E-1 7.79011E-1 7.83141E-1 7.83637E-1 7.8024E-1 7.64213E-1 6.57506E-1 5.93507E-1 5.61354E-1 5.86871E-1 5.89576E-1 5.71049E-1 5.50479E-1
3.06384E-1 3.02439E-1 3.23542E-1 3.29327E-1 3.425E-1 3.29796E-1 3.28865E-1 3.34014E-1 3.54188E-1 3.92788E-1 4.65241E-1 5.40149E-1 4.49168E-1 4.8912E-1 5.82791E-1 5.9785E-1 6.0836E-1 6.23028E-1 6.34666E-1 5.82081E-1 6.08242E-1 5.88479E-1 5.24165E-1 5.49478E-1 4.70327E-1 4.41178E-1 4.31694E-1 4.28967E-1 4.19099E-1 4.26836E-1 4.26944E-1 4.30559E-1 4.26542E-1 4.43395E-1 4.61659E-1 4.90213E-1 5.73898E-1 6.59046E-1 6.73971E-1 6.88199E-1 6.99394E-1 7.20926E-1 7.34061E-1 7.49172E-1 7.60851E-1 7.61392E-1 7.25549E-1 6.51367E-1 7.08046E-1 7.78661E-1 7.90687E-1 7.97067E-1 7.94911E-1 7.85517E-1 7.78999E-1 6.87267E-1 5.99115E-1 5.98459E-1 6.18589E-1 5.833E-1 5.49652E-1
