maxent_outputs/red_flowers_linear/red_334.asc
ncols         426
nrows         180
xllcorner     -130.0
yllcorner     24.0
cellsize      0.16666666666666666
NODATA_value  -9999
[rows 27 to 53 of 180, columns 61 to 121 of 426]
2.39426E-2 3.9226E-2 1.87926E-2 1.73015E-2 1.89684E-2 2.02212E-2 1.82918E-2 1.91176E-2 2.19178E-2 1.94944E-2 3.51466E-2 2.5549E-2 2.1352E-2 3.02143E-2 2.32226E-2 1.93781E-2 1.54248E-2 1.69989E-2 3.45176E-2 1.33858E-2 1.40144E-2 1.39348E-2 1.41262E-2 1.46372E-2 1.56784E-2 1.47093E-2 1.74506E-2 1.37209E-2 1.20892E-2 1.04752E-2 8.8366E-3 9.78894E-3 1.41141E-2 1.78095E-2 1.9273E-2 1.83936E-2 1.80046E-2 1.875E-2 1.98512E-2 1.92668E-2 1.91429E-2 1.97886E-2 1.99135E-2 2.06142E-2 2.05605E-2 2.01225E-2 1.85102E-2 1.6964E-2 1.5466E-2 1.46938E-2 1.40651E-2 1.33053E-2 1.26061E-2 1.15696E-2 1.01169E-2 8.70536E-3 7.70466E-3 7.59228E-3 7.46974E-3 7.61216E-3 7.34682E-3
2.64231E-2 3.58486E-2 2.15726E-2 1.79106E-2 2.05998E-2 2.22071E-2 1.99663E-2 1.98554E-2 2.61242E-2 2.32929E-2 2.01102E-2 2.05659E-2 2.85539E-2 2.90175E-2 2.13946E-2 2.16921E-2 1.64747E-2 1.60509E-2 2.55518E-2 2.27567E-2 1.74569E-2 1.5984E-2 1.43041E-2 1.46433E-2 1.41171E-2 1.341E-2 1.7679E-2 1.94921E-2 1.54966E-2 1.15099E-2 9.23276E-3 9.18831E-3 1.02523E-2 1.24908E-2 1.41419E-2 1.66553E-2 1.84377E-2 1.94797E-2 1.92766E-2 1.94287E-2 1.87196E-2 1.86985E-2 1.79142E-2 1.81299E-2 1.87259E-2 1.95718E-2 1.95503E-2 1.78904E-2 1.59575E-2 1.46034E-2 1.41248E-2 1.34905E-2 1.30416E-2 1.2425E-2 1.12253E-2 9.40911E-3 7.78128E-3 7.34799E-3 7.05573E-3 6.36995E-3 6.15519E-3
2.96719E-2 3.5055E-2 3.16896E-2 1.84391E-2 1.89924E-2 2.2019E-2 2.27191E-2 2.32173E-2 2.74678E-2 3.34305E-2 2.3418E-2 2.49555E-2 2.98748E-2 3.26382E-2 2.60417E-2 2.65724E-2 1.76203E-2 1.63114E-2 1.84318E-2 3.34549E-2 2.4854E-2 1.79867E-2 1.73299E-2 1.4657E-2 1.48803E-2 1.53333E-2 1.47134E-2 2.29677E-2 2.01306E-2 1.15678E-2 9.39387E-3 1.05908E-2 1.05044E-2 9.15579E-3 1.05818E-2 1.4991E-2 1.79088E-2 1.83825E-2 1.79891E-2 1.86056E-2 1.79301E-2 1.76163E-2 1.7706E-2 1.77036E-2 1.67306E-2 1.73488E-2 1.84261E-2 1.71086E-2 1.76037E-2 1.82873E-2 1.82319E-2 1.65694E-2 1.54165E-2 1.39715E-2 1.21254E-2 1.16402E-2 1.05435E-2 8.38742E-3 6.87295E-3 6.52275E-3 6.338E-3
2.48194E-2 3.60918E-2 4.12536E-2 1.90599E-2 1.64399E-2 2.21408E-2 2.45773E-2 2.58202E-2 2.39127E-2 3.0843E-2 2.96482E-2 3.30727E-2 3.40785E-2 3.00439E-2 2.76034E-2 2.63111E-2 2.04611E-2 2.03033E-2 1.65867E-2 2.35654E-2 3.32089E-2 2.32364E-2 1.76303E-2 1.54586E-2 1.75756E-2 1.58817E-2 1.42739E-2 2.28149E-2 2.48149E-2 1.52022E-2 1.0806E-2 1.0716E-2 1.252E-2 1.00139E-2 8.79536E-3 1.0336E-2 1.29732E-2 1.63307E-2 1.83028E-2 1.78225E-2 1.77641E-2 1.78987E-2 1.8563E-2 1.84393E-2 1.691E-2 1.68458E-2 1.75373E-2 1.88634E-2 1.58869E-2 1.46333E-2 1.57572E-2 1.48501E-2 1.6007E-2 1.6812E-2 1.38043E-2 1.22078E-2 1.18752E-2 1.08759E-2 9.60152E-3 9.38693E-3 9.22844E-3
2.42605E-2 3.35518E-2 4.09491E-2 2.30104E-2 2.05971E-2 2.07055E-2 2.3055E-2 2.27456E-2 2.22693E-2 2.92454E-2 3.74644E-2 3.33479E-2 2.83344E-2 2.82193E-2 3.09299E-2 2.4748E-2 2.39332E-2 2.89674E-2 2.05748E-2 1.76354E-2 3.30561E-2 3.32456E-2 2.49036E-2 2.07996E-2 1.88636E-2 1.53614E-2 1.64444E-2 2.01379E-2 1.68396E-2 2.02997E-2 1.27451E-2 1.02122E-2 1.15195E-2 1.33387E-2 1.11698E-2 8.4423E-3 9.48346E-3 1.44929E-2 1.80572E-2 1.78802E-2 1.80144E-2 1.88073E-2 1.94028E-2 1.99287E-2 1.91034E-2 1.80189E-2 2.057E-2 1.97967E-2 1.55099E-2 1.44408E-2 1.41298E-2 1.32017E-2 1.43453E-2 1.49023E-2 1.41481E-2 1.31158E-2 1.21071E-2 1.20731E-2 1.18945E-2 1.11735E-2 1.13542E-2
2.60807E-2 3.3966E-2 3.32298E-2 2.37295E-2 2.4398E-2 2.38532E-2 2.5191E-2 2.31779E-2 2.42779E-2 3.19623E-2 4.08462E-2 3.52052E-2 2.9915E-2 2.73971E-2 2.99432E-2 2.91824E-2 2.7758E-2 3.64828E-2 2.41512E-2 2.09221E-2 3.29818E-2 2.28663E-2 2.54836E-2 2.91736E-2 1.79371E-2 2.06177E-2 1.71745E-2 2.58027E-2 1.5928E-2 1.57628E-2 1.59496E-2 1.64253E-2 1.29417E-2 1.18051E-2 1.52951E-2 1.90193E-2 1.09164E-2 1.03551E-2 1.27196E-2 1.84403E-2 1.8808E-2 2.13003E-2 2.33872E-2 2.47912E-2 2.63867E-2 2.58968E-2 2.60292E-2 2.06363E-2 1.75994E-2 1.57867E-2 1.47454E-2 1.38214E-2 1.35997E-2 1.31618E-2 1.29562E-2 1.30997E-2 1.27313E-2 1.25214E-2 1.2295E-2 1.23834E-2 1.27022E-2
2.877E-2 4.09133E-2 3.66817E-2 2.55097E-2 2.36898E-2 2.72598E-2 2.84243E-2 2.34356E-2 2.8693E-2 4.1997E-2 3.36237E-2 3.53629E-2 3.31713E-2 2.84014E-2 2.87336E-2 3.18497E-2 3.05094E-2 3.2883E-2 2.59133E-2 2.82999E-2 3.49249E-2 2.36377E-2 1.90438E-2 3.06966E-2 2.18874E-2 2.86462E-2 2.56623E-2 2.56757E-2 1.69703E-2 1.55552E-2 1.37825E-2 1.86201E-2 2.15331E-2 1.95566E-2 1.93832E-2 1.59171E-2 1.36298E-2 1.06066E-2 1.04248E-2 1.78052E-2 1.95101E-2 2.2471E-2 2.53008E-2 2.65017E-2 2.61215E-2 2.50812E-2 2.49174E-2 2.19404E-2 2.01522E-2 1.84528E-2 1.62148E-2 1.5443E-2 1.42952E-2 1.38624E-2 1.35373E-2 1.30745E-2 1.26684E-2 1.26068E-2 1.24373E-2 1.3486E-2 1.48676E-2
3.80744E-2 3.67292E-2 3.74945E-2 3.45445E-2 3.20013E-2 3.22875E-2 3.24392E-2 2.98874E-2 3.20026E-2 3.97039E-2 3.65072E-2 3.14883E-2 3.60491E-2 3.10067E-2 3.18163E-2 3.31205E-2 3.3993E-2 3.50683E-2 3.28401E-2 3.91558E-2 4.55384E-2 3.12746E-2 1.98464E-2 2.61786E-2 1.84894E-2 2.2389E-2 2.32893E-2 2.33692E-2 2.05203E-2 1.82158E-2 1.3428E-2 1.78673E-2 2.22718E-2 2.31722E-2 1.8259E-2 1.51684E-2 1.27828E-2 1.35028E-2 1.23925E-2 1.37923E-2 1.71322E-2 2.13069E-2 2.43445E-2 2.70982E-2 2.54746E-2 2.37054E-2 2.33682E-2 2.06997E-2 1.90365E-2 1.70265E-2 1.67837E-2 1.63093E-2 1.65417E-2 1.54146E-2 1.50951E-2 1.46126E-2 1.34013E-2 1.32361E-2 1.30192E-2 1.45663E-2 1.46645E-2
3.81562E-2 3.96582E-2 3.57884E-2 3.7381E-2 3.73319E-2 3.70259E-2 3.81827E-2 3.7648E-2 3.9886E-2 4.53441E-2 3.3706E-2 3.37235E-2 3.57216E-2 3.4268E-2 3.48493E-2 3.50293E-2 3.47515E-2 3.43985E-2 3.62109E-2 3.80407E-2 4.54359E-2 3.4156E-2 2.98512E-2 2.83241E-2 2.45124E-2 1.77253E-2 2.40966E-2 2.24696E-2 2.14262E-2 1.91581E-2 1.91899E-2 1.95821E-2 2.15315E-2 2.77923E-2 3.03069E-2 1.67212E-2 1.29088E-2 1.25443E-2 1.13862E-2 1.18608E-2 1.2567E-2 1.42246E-2 1.99684E-2 2.49755E-2 2.4777E-2 2.29952E-2 2.25745E-2 2.15686E-2 2.03091E-2 1.89344E-2 1.8378E-2 1.94503E-2 1.91249E-2 1.86463E-2 1.92743E-2 1.8715E-2 1.65098E-2 1.58944E-2 1.50293E-2 1.40701E-2 1.41317E-2
2.86872E-2 3.15305E-2 2.95276E-2 3.15278E-2 4.34797E-2 3.91488E-2 4.49012E-2 4.24592E-2 4.55378E-2 4.47478E-2 4.06582E-2 3.94244E-2 4.39193E-2 3.9446E-2 3.90476E-2 3.86777E-2 3.3725E-2 3.58505E-2 3.51652E-2 3.55378E-2 3.14377E-2 2.75361E-2 2.6271E-2 2.50715E-2 2.91409E-2 2.46247E-2 2.34326E-2 2.21377E-2 2.13176E-2 1.80224E-2 2.07146E-2 2.23201E-2 2.26912E-2 3.02552E-2 4.17946E-2 2.19956E-2 1.45798E-2 1.23932E-2 1.37431E-2 1.12595E-2 1.18481E-2 1.24575E-2 1.70663E-2 2.42414E-2 2.72976E-2 2.93948E-2 2.65575E-2 2.83989E-2 2.73011E-2 2.58905E-2 2.41212E-2 2.40363E-2 2.19793E-2 2.06312E-2 2.10372E-2 2.20627E-2 2.0167E-2 1.89288E-2 1.96847E-2 1.72465E-2 1.54074E-2
2.86949E-2 3.09177E-2 2.95571E-2 3.68475E-2 3.48742E-2 3.38733E-2 3.23419E-2 3.06618E-2 3.50967E-2 3.61174E-2 3.74213E-2 3.70218E-2 3.78561E-2 4.40144E-2 5.01637E-2 4.40541E-2 4.26945E-2 4.23412E-2 4.33333E-2 3.37898E-2 2.94538E-2 2.88164E-2 2.83163E-2 2.68204E-2 2.48888E-2 2.85786E-2 2.52449E-2 1.9759E-2 2.37324E-2 1.93756E-2 2.20853E-2 2.75187E-2 2.73223E-2 3.24497E-2 3.91494E-2 1.97228E-2 1.69114E-2 1.07312E-2 1.28573E-2 1.08138E-2 1.28141E-2 1.50487E-2 1.51883E-2 2.42267E-2 2.87058E-2 3.16943E-2 3.02584E-2 2.71762E-2 2.63237E-2 2.30091E-2 2.24029E-2 2.4175E-2 2.5018E-2 2.51343E-2 2.51984E-2 2.44442E-2 2.31373E-2 2.19354E-2 2.09996E-2 2.1433E-2 1.91622E-2
3.32446E-2 3.41787E-2 4.24859E-2 4.65287E-2 3.8682E-2 3.89877E-2 3.67412E-2 3.54668E-2 3.4079E-2 3.27611E-2 3.28147E-2 3.43581E-2 3.79543E-2 4.11668E-2 4.83125E-2 4.70194E-2 4.16251E-2 4.10118E-2 4.88834E-2 4.06072E-2 3.70363E-2 3.49208E-2 3.11282E-2 2.79942E-2 2.31595E-2 2.49663E-2 2.83611E-2 2.69861E-2 2.50579E-2 2.54433E-2 2.42643E-2 3.01372E-2 3.00491E-2 3.12454E-2 2.7479E-2 1.42276E-2 1.82577E-2 1.13298E-2 1.21244E-2 1.17068E-2 1.27282E-2 1.72853E-2 1.98839E-2 2.57216E-2 2.84889E-2 2.84575E-2 2.99211E-2 2.95361E-2 2.76839E-2 2.80711E-2 2.62788E-2 2.65945E-2 2.63508E-2 2.59909E-2 2.44396E-2 2.4049E-2 2.44342E-2 2.42198E-2 2.21745E-2 2.18302E-2 2.07524E-2
4.06754E-2 4.13532E-2 5.54559E-2 4.96468E-2 4.97274E-2 4.64095E-2 4.43606E-2 4.11985E-2 3.76794E-2 3.65983E-2 3.91197E-2 3.98229E-2 4.42848E-2 4.60298E-2 4.34754E-2 4.23063E-2 3.93125E-2 3.96771E-2 4.36639E-2 3.89898E-2 2.99577E-2 2.96715E-2 2.61239E-2 2.41347E-2 2.14156E-2 2.15212E-2 2.30435E-2 2.37209E-2 2.46195E-2 2.94769E-2 2.81149E-2 3.10604E-2 3.09095E-2 3.25791E-2 2.9585E-2 1.41243E-2 1.52003E-2 1.56735E-2 1.24852E-2 1.32225E-2 1.42302E-2 1.48915E-2 1.74959E-2 2.32442E-2 2.64004E-2 2.69028E-2 2.74268E-2 2.73782E-2 2.76661E-2 2.76025E-2 2.69894E-2 2.60841E-2 2.52371E-2 2.52502E-2 2.14044E-2 1.94985E-2 2.18504E-2 2.38062E-2 2.36855E-2 2.23168E-2 2.12541E-2
5.01772E-2 5.47565E-2 5.47169E-2 5.16137E-2 4.80016E-2 4.39408E-2 4.38295E-2 4.23571E-2 4.15929E-2 4.34371E-2 4.67946E-2 4.93407E-2 4.99073E-2 5.16847E-2 4.78087E-2 4.46998E-2 4.33562E-2 4.00856E-2 3.53576E-2 3.60863E-2 3.23397E-2 3.01149E-2 2.85301E-2 2.64008E-2 2.36237E-2 2.32962E-2 2.24298E-2 2.44982E-2 2.65201E-2 2.65974E-2 2.31937E-2 2.15818E-2 2.43968E-2 2.90755E-2 2.85143E-2 1.91869E-2 1.44615E-2 1.53655E-2 1.50377E-2 1.29046E-2 1.31764E-2 1.21094E-2 1.34883E-2 1.78472E-2 2.17126E-2 2.56895E-2 2.73388E-2 2.57263E-2 2.84677E-2 2.74397E-2 2.66478E-2 2.38859E-2 2.25497E-2 2.3198E-2 2.2286E-2 2.19122E-2 2.24272E-2 2.21902E-2 2.14045E-2 2.12954E-2 2.12998E-2
5.29601E-2 5.35803E-2 6.20787E-2 6.10984E-2 5.46795E-2 5.14692E-2 4.87568E-2 4.61459E-2 4.55347E-2 4.99707E-2 5.32138E-2 5.44748E-2 5.54558E-2 5.41369E-2 5.11351E-2 4.61172E-2 4.42842E-2 4.23416E-2 3.75239E-2 3.31186E-2 3.23722E-2 2.87091E-2 2.49634E-2 2.1148E-2 2.1242E-2 2.11681E-2 2.22728E-2 1.99022E-2 2.02843E-2 2.41962E-2 2.64848E-2 2.34087E-2 2.45122E-2 2.27356E-2 2.31239E-2 1.67737E-2 1.59911E-2 1.47139E-2 1.58739E-2 1.4618E-2 1.36519E-2 1.25442E-2 1.41785E-2 1.6242E-2 1.76161E-2 2.26534E-2 2.76119E-2 2.96865E-2 2.41318E-2 2.41192E-2 2.2573E-2 2.27922E-2 1.89074E-2 1.95645E-2 1.83795E-2 1.75169E-2 2.07727E-2 2.16684E-2 2.16293E-2 2.14234E-2 2.09195E-2
6.14047E-2 6.35421E-2 6.6816E-2 7.18281E-2 5.82055E-2 5.35253E-2 5.2813E-2 5.28258E-2 5.13449E-2 5.58496E-2 5.91295E-2 6.0825E-2 5.80558E-2 5.71185E-2 5.45087E-2 4.9283E-2 4.51646E-2 4.32772E-2 3.97618E-2 3.56137E-2 3.22669E-2 3.06401E-2 2.63702E-2 3.06732E-2 2.89246E-2 2.54038E-2 2.33323E-2 2.01955E-2 1.84266E-2 1.89694E-2 2.46195E-2 2.32747E-2 2.32409E-2 2.43565E-2 2.65296E-2 2.25326E-2 1.88919E-2 1.83018E-2 1.8442E-2 1.78761E-2 1.37811E-2 1.40437E-2 1.80384E-2 1.78464E-2 1.78096E-2 1.86809E-2 2.21759E-2 2.24879E-2 1.75721E-2 1.67175E-2 1.64871E-2 1.82685E-2 1.55718E-2 1.46448E-2 1.40554E-2 1.47965E-2 1.71398E-2 1.97947E-2 2.09779E-2 2.12749E-2 2.08529E-2
7.1389E-2 7.76465E-2 7.48006E-2 6.84075E-2 6.5792E-2 6.06801E-2 6.18149E-2 5.81414E-2 6.17154E-2 6.96084E-2 6.88186E-2 6.53837E-2 6.66694E-2 6.77911E-2 6.37827E-2 5.0478E-2 4.67105E-2 4.10089E-2 3.72384E-2 3.65926E-2 3.60936E-2 3.39846E-2 3.40777E-2 3.34731E-2 2.40592E-2 2.50263E-2 2.47838E-2 2.14777E-2 1.92869E-2 1.77782E-2 1.8432E-2 2.08234E-2 2.10115E-2 2.20398E-2 2.64152E-2 2.16854E-2 2.11075E-2 1.96173E-2 1.83496E-2 1.80481E-2 1.68277E-2 1.7413E-2 1.56213E-2 1.51394E-2 1.73937E-2 1.82887E-2 1.95933E-2 2.10201E-2 1.9453E-2 1.64324E-2 1.61013E-2 1.63958E-2 1.5857E-2 1.45339E-2 1.47146E-2 1.4839E-2 1.51692E-2 1.62304E-2 1.80812E-2 2.0116E-2 1.93498E-2
7.94027E-2 8.0317E-2 8.22587E-2 7.63578E-2 7.35203E-2 7.10791E-2 6.82492E-2 7.47274E-2 7.93036E-2 8.72751E-2 8.52262E-2 8.15466E-2 8.14987E-2 7.00948E-2 6.16306E-2 5.76769E-2 4.63527E-2 4.26751E-2 5.20086E-2 5.36223E-2 4.09449E-2 5.34237E-2 3.88639E-2 2.94681E-2 2.32617E-2 2.29218E-2 2.3908E-2 1.9551E-2 1.96411E-2 1.99804E-2 1.9321E-2 1.62933E-2 1.59802E-2 1.72936E-2 2.75765E-2 2.28994E-2 1.97173E-2 2.01538E-2 1.88352E-2 1.74771E-2 1.79657E-2 1.66459E-2 1.65127E-2 1.48351E-2 1.4713E-2 1.81807E-2 2.01459E-2 1.9636E-2 1.98032E-2 2.10626E-2 1.73179E-2 1.6202E-2 1.65549E-2 1.61427E-2 1.61662E-2 1.60561E-2 1.73489E-2 1.84086E-2 1.97465E-2 2.07749E-2 2.10764E-2
5.38668E-2 6.68016E-2 8.44531E-2 8.83758E-2 8.16247E-2 7.9401E-2 7.89047E-2 8.30771E-2 6.97299E-2 6.61475E-2 7.21925E-2 6.95298E-2 6.27452E-2 5.17047E-2 4.95395E-2 7.18559E-2 7.47801E-2 7.32165E-2 6.94705E-2 4.75714E-2 4.53985E-2 4.79265E-2 4.13105E-2 2.73969E-2 2.58202E-2 2.46632E-2 2.43231E-2 2.2853E-2 2.19715E-2 2.16463E-2 1.87777E-2 1.89317E-2 1.59342E-2 2.10597E-2 2.823E-2 2.12401E-2 1.82069E-2 1.78916E-2 1.64823E-2 1.78595E-2 1.81993E-2 1.73847E-2 1.62884E-2 1.57256E-2 1.72436E-2 1.75591E-2 1.84146E-2 1.82199E-2 1.71368E-2 2.16078E-2 1.98587E-2 1.64845E-2 1.64037E-2 1.66353E-2 1.62642E-2 1.67281E-2 1.93872E-2 2.16843E-2 2.25484E-2 2.27356E-2 2.32372E-2
7.03674E-2 7.09619E-2 8.17883E-2 9.60318E-2 9.75362E-2 9.35735E-2 8.22187E-2 7.93406E-2 7.80015E-2 7.54117E-2 7.04182E-2 5.77708E-2 4.12972E-2 3.37946E-2 3.93198E-2 5.17394E-2 5.86565E-2 6.35653E-2 4.02137E-2 3.18789E-2 3.43511E-2 3.81836E-2 4.68458E-2 3.69872E-2 3.26515E-2 2.99967E-2 2.79954E-2 1.90325E-2 1.68653E-2 2.27832E-2 2.0312E-2 1.51852E-2 1.49317E-2 2.15659E-2 2.71532E-2 1.92008E-2 1.69563E-2 1.66887E-2 1.45642E-2 1.57842E-2 1.7217E-2 1.75036E-2 1.86376E-2 1.69262E-2 1.70604E-2 1.78844E-2 1.86249E-2 1.8367E-2 1.80523E-2 2.14591E-2 2.17734E-2 1.78123E-2 1.72961E-2 1.71902E-2 1.67407E-2 1.63434E-2 1.64267E-2 1.84875E-2 2.13186E-2 2.16808E-2 2.26519E-2
7.48992E-2 7.09313E-2 6.48413E-2 6.67345E-2 7.46178E-2 9.70647E-2 9.46821E-2 9.57146E-2 8.82564E-2 8.39257E-2 5.97074E-2 3.492E-2 2.89268E-2 3.22775E-2 3.48342E-2 4.714E-2 5.45369E-2 6.34439E-2 3.21526E-2 3.44488E-2 3.49127E-2 4.24921E-2 4.64016E-2 5.14538E-2 4.01101E-2 3.48858E-2 2.99495E-2 2.47358E-2 2.43755E-2 2.56169E-2 1.96267E-2 1.58957E-2 1.48975E-2 2.32247E-2 2.10939E-2 1.57681E-2 1.63023E-2 1.79877E-2 1.70559E-2 1.61304E-2 1.47165E-2 1.66377E-2 1.83931E-2 1.65916E-2 1.55861E-2 1.76219E-2 1.9123E-2 2.10089E-2 2.14804E-2 2.24815E-2 2.20478E-2 1.89814E-2 1.86122E-2 1.77971E-2 1.79855E-2 1.80134E-2 1.52969E-2 1.61691E-2 2.04172E-2 2.10471E-2 2.09574E-2
9.39055E-2 9.95954E-2 9.51141E-2 9.42031E-2 9.07222E-2 7.77899E-2 6.91101E-2 7.70208E-2 8.40416E-2 6.98211E-2 4.28611E-2 2.82446E-2 3.27451E-2 4.29502E-2 4.51761E-2 3.71707E-2 4.49408E-2 5.12954E-2 6.67108E-2 4.13071E-2 4.90084E-2 4.51421E-2 4.20084E-2 3.87435E-2 2.82931E-2 2.25974E-2 2.28831E-2 2.68128E-2 1.78644E-2 1.9462E-2 2.25169E-2 1.62875E-2 1.41563E-2 1.96208E-2 2.14011E-2 1.57343E-2 1.63466E-2 1.50071E-2 1.43959E-2 1.20153E-2 1.07136E-2 1.4783E-2 1.74931E-2 1.59955E-2 1.77923E-2 2.10494E-2 2.40841E-2 2.40469E-2 2.24839E-2 2.25697E-2 2.18936E-2 2.02391E-2 1.9483E-2 1.74388E-2 1.88178E-2 1.89989E-2 1.83391E-2 1.90419E-2 2.43437E-2 2.65678E-2 2.4892E-2
9.81848E-2 9.45235E-2 9.08335E-2 9.19221E-2 8.95389E-2 7.8772E-2 7.03562E-2 6.86637E-2 5.94776E-2 4.58821E-2 3.05217E-2 3.18517E-2 3.34121E-2 2.92212E-2 3.19109E-2 3.10385E-2 2.80669E-2 2.70926E-2 6.55731E-2 5.96447E-2 4.64649E-2 5.67027E-2 2.82824E-2 3.07147E-2 2.59726E-2 2.20901E-2 1.9782E-2 1.70129E-2 1.48844E-2 1.42597E-2 1.86098E-2 1.64936E-2 1.62382E-2 1.72069E-2 1.4909E-2 1.36897E-2 1.24358E-2 9.16269E-3 7.87289E-3 1.24131E-2 1.54876E-2 1.48208E-2 1.73424E-2 1.59242E-2 1.74196E-2 2.39198E-2 2.20918E-2 2.10493E-2 2.29886E-2 2.42949E-2 2.27533E-2 2.109E-2 2.11955E-2 1.97567E-2 1.90753E-2 2.28335E-2 2.52748E-2 2.70681E-2 2.70559E-2 2.78658E-2 2.76417E-2
8.02762E-2 7.94617E-2 8.01642E-2 7.63659E-2 6.98894E-2 7.37896E-2 7.57259E-2 5.56858E-2 4.40631E-2 3.86349E-2 3.22055E-2 3.78809E-2 3.29129E-2 3.14014E-2 2.86477E-2 2.55776E-2 2.42199E-2 3.62188E-2 4.43028E-2 4.35408E-2 4.61464E-2 4.7882E-2 2.39412E-2 1.6237E-2 1.54567E-2 1.4399E-2 1.548E-2 1.70164E-2 1.58298E-2 1.41739E-2 1.377E-2 1.31605E-2 1.45655E-2 1.55866E-2 1.35866E-2 1.43971E-2 1.31397E-2 8.51596E-3 8.33558E-3 1.33631E-2 1.31347E-2 1.41646E-2 1.86602E-2 1.95754E-2 2.07456E-2 2.15007E-2 1.45567E-2 1.69721E-2 2.15979E-2 2.3657E-2 2.10321E-2 2.03339E-2 2.0053E-2 1.85639E-2 1.85327E-2 2.3E-2 1.84205E-2 2.03438E-2 2.0927E-2 2.16761E-2 2.462E-2
6.8646E-2 6.3305E-2 5.89819E-2 5.71473E-2 5.75848E-2 5.91199E-2 5.51123E-2 4.2611E-2 3.41957E-2 3.57089E-2 3.73062E-2 4.18697E-2 3.09037E-2 2.80045E-2 2.66206E-2 2.78943E-2 2.66134E-2 3.58858E-2 3.57702E-2 3.62524E-2 3.1688E-2 3.7841E-2 2.85315E-2 1.99212E-2 2.00479E-2 2.44721E-2 1.94353E-2 1.30899E-2 1.33675E-2 1.79206E-2 1.60259E-2 1.37811E-2 1.31179E-2 1.68512E-2 1.60609E-2 1.58459E-2 1.34597E-2 1.15378E-2 9.19502E-3 1.14884E-2 1.19169E-2 1.44079E-2 1.97469E-2 2.13852E-2 2.11539E-2 2.07694E-2 1.87586E-2 1.44819E-2 2.12746E-2 1.97707E-2 1.52817E-2 1.66389E-2 1.38272E-2 1.30833E-2 2.06976E-2 1.94532E-2 1.25199E-2 1.47181E-2 1.46038E-2 1.87874E-2 2.30924E-2
5.38024E-2 4.99951E-2 4.41395E-2 3.70129E-2 3.63135E-2 3.28964E-2 2.97847E-2 2.83642E-2 2.86941E-2 2.99669E-2 3.30532E-2 3.93743E-2 3.27752E-2 2.20092E-2 1.70475E-2 1.78141E-2 2.03703E-2 2.69822E-2 3.3692E-2 1.72831E-2 2.40356E-2 1.8734E-2 1.31359E-2 1.20461E-2 1.18802E-2 1.52759E-2 1.38864E-2 1.16826E-2 1.28114E-2 1.22011E-2 1.3817E-2 1.57023E-2 1.56515E-2 1.46176E-2 1.33444E-2 1.58238E-2 1.25788E-2 1.29124E-2 1.02731E-2 1.03429E-2 1.186E-2 1.53577E-2 2.05989E-2 2.0592E-2 1.85012E-2 1.64627E-2 1.92218E-2 1.37101E-2 2.07123E-2 1.83692E-2 9.98858E-3 1.00921E-2 1.06077E-2 1.61051E-2 1.60798E-2 1.2246E-2 9.56776E-3 9.27768E-3 8.36542E-3 9.81107E-3 1.10218E-2
3.61937E-2 3.19199E-2 3.31089E-2 3.04725E-2 2.94815E-2 3.20381E-2 3.04229E-2 2.63849E-2 2.88691E-2 2.44614E-2 2.45493E-2 2.67938E-2 3.10437E-2 2.60052E-2 1.78142E-2 1.5152E-2 1.60072E-2 2.51931E-2 3.37787E-2 1.74419E-2 1.76555E-2 1.60577E-2 1.1907E-2 1.16784E-2 1.53716E-2 1.56715E-2 1.19707E-2 1.16399E-2 1.29412E-2 1.34903E-2 1.60517E-2 1.17061E-2 1.25809E-2 1.44571E-2 1.308E-2 1.50449E-2 1.29737E-2 1.16369E-2 1.19296E-2 1.35008E-2 1.52259E-2 1.76312E-2 1.8264E-2 1.87563E-2 1.46111E-2 1.50575E-2 1.66552E-2 1.07464E-2 1.62033E-2 1.68719E-2 8.54901E-3 7.20111E-3 7.62114E-3 8.70629E-3 1.25456E-2 8.10331E-3 6.68214E-3 6.44481E-3 6.37133E-3 6.91975E-3 7.81058E-3
