maxent_outputs/red_flowers_linear/red_124.asc
ncols         426
nrows         180
xllcorner     -130.0
yllcorner     24.0
cellsize      0.16666666666666666
NODATA_value  -9999
[rows 81 to 107 of 180, columns 122 to 182 of 426]
2.71745E-1 2.48484E-1 2.84553E-1 3.41022E-1 3.2823E-1 3.4163E-1 3.26805E-1 3.07327E-1 3.13635E-1 3.22864E-1 3.05451E-1 3.23982E-1 3.41807E-1 3.54804E-1 3.37706E-1 3.19037E-1 3.10754E-1 4.00192E-1 4.11185E-1 4.1752E-1 4.43987E-1 4.26658E-1 4.31137E-1 4.43139E-1 4.60328E-1 4.35467E-1 4.02505E-1 3.53565E-1 3.33511E-1 3.3541E-1 3.28677E-1 3.28862E-1 3.2746E-1 3.26707E-1 3.31333E-1 3.25662E-1 3.21869E-1 3.15331E-1 3.135E-1 3.16562E-1 3.18615E-1 3.23538E-1 3.25857E-1 3.29632E-1 3.30559E-1 3.24317E-1 3.2402E-1 3.26157E-1 3.30422E-1 3.29441E-1 3.24907E-1 3.24223E-1 3.29516E-1 3.3177E-1 3.31862E-1 3.30613E-1 3.25588E-1 3.28689E-1 3.30624E-1 3.35175E-1 3.34365E-1
2.40317E-1 2.50707E-1 2.6692E-1 2.90879E-1 3.22304E-1 3.08435E-1 2.81334E-1 2.93653E-1 3.09967E-1 3.68133E-1 3.77552E-1 3.56633E-1 3.77584E-1 3.94929E-1 4.0208E-1 4.03587E-1 3.71424E-1 4.2244E-1 3.82147E-1 3.27013E-1 4.08772E-1 4.29186E-1 3.92808E-1 4.27827E-1 4.68845E-1 4.41991E-1 4.06588E-1 3.57394E-1 3.38184E-1 3.32259E-1 3.26025E-1 3.23095E-1 3.18949E-1 3.15208E-1 3.17614E-1 3.18878E-1 3.16766E-1 3.17511E-1 3.25371E-1 3.20165E-1 3.18004E-1 3.23832E-1 3.26434E-1 3.34137E-1 3.32511E-1 3.29727E-1 3.26817E-1 3.23119E-1 3.21598E-1 3.29307E-1 3.34754E-1 3.33072E-1 3.33637E-1 3.39092E-1 3.4313E-1 3.40726E-1 3.33474E-1 3.32257E-1 3.42069E-1 3.46325E-1 3.40012E-1
2.31654E-1 2.52442E-1 2.67363E-1 2.78577E-1 2.81925E-1 3.05947E-1 3.54456E-1 3.24419E-1 3.16406E-1 3.46114E-1 3.34967E-1 3.51006E-1 4.00032E-1 4.08643E-1 4.26109E-1 4.37061E-1 3.43489E-1 3.76178E-1 3.90583E-1 2.88281E-1 2.88155E-1 3.49998E-1 3.05518E-1 4.06067E-1 4.61427E-1 4.40318E-1 4.11117E-1 3.74425E-1 3.5314E-1 3.46917E-1 3.39782E-1 3.30909E-1 3.29431E-1 3.24591E-1 3.29266E-1 3.17969E-1 3.14379E-1 3.25783E-1 3.28435E-1 3.25426E-1 3.28498E-1 3.30604E-1 3.31514E-1 3.34034E-1 3.42232E-1 3.39784E-1 3.3815E-1 3.33708E-1 3.25398E-1 3.33026E-1 3.34586E-1 3.39197E-1 3.48017E-1 3.55155E-1 3.59386E-1 3.52043E-1 3.43264E-1 3.41513E-1 3.49203E-1 3.54007E-1 3.49213E-1
2.74181E-1 2.96412E-1 3.07026E-1 3.42753E-1 3.57404E-1 3.72825E-1 4.11104E-1 3.42096E-1 3.45811E-1 3.70758E-1 3.51268E-1 3.52011E-1 3.90109E-1 4.05142E-1 3.91226E-1 3.96472E-1 3.40311E-1 3.29527E-1 3.46117E-1 3.44035E-1 3.36478E-1 3.66644E-1 4.07415E-1 4.0409E-1 4.63783E-1 4.36155E-1 4.27904E-1 4.24387E-1 4.03722E-1 3.74684E-1 3.62017E-1 3.47574E-1 3.43754E-1 3.30302E-1 3.41439E-1 3.32285E-1 3.24436E-1 3.31845E-1 3.34002E-1 3.34365E-1 3.33969E-1 3.38724E-1 3.33678E-1 3.29804E-1 3.3691E-1 3.44657E-1 3.4558E-1 3.41137E-1 3.39447E-1 3.35838E-1 3.31236E-1 3.36645E-1 3.4952E-1 3.56282E-1 3.60473E-1 3.55599E-1 3.50661E-1 3.45509E-1 3.48152E-1 3.519E-1 3.52301E-1
3.21704E-1 3.37733E-1 3.57378E-1 3.93182E-1 4.19956E-1 4.15139E-1 4.04581E-1 3.82702E-1 3.71515E-1 3.67093E-1 3.68335E-1 3.66522E-1 3.70187E-1 3.66278E-1 3.65987E-1 3.42383E-1 3.42882E-1 3.17762E-1 3.39888E-1 4.22152E-1 4.14811E-1 3.86507E-1 4.38667E-1 4.54036E-1 4.61665E-1 4.37694E-1 4.27765E-1 4.40963E-1 4.36896E-1 4.03748E-1 3.76024E-1 3.64817E-1 3.50549E-1 3.38989E-1 3.48924E-1 3.43756E-1 3.48192E-1 3.44118E-1 3.38345E-1 3.39761E-1 3.41138E-1 3.42579E-1 3.375E-1 3.35768E-1 3.28123E-1 3.27071E-1 3.36202E-1 3.37023E-1 3.29279E-1 3.26233E-1 3.31537E-1 3.35136E-1 3.4404E-1 3.54363E-1 3.58299E-1 3.57657E-1 3.54177E-1 3.50618E-1 3.4676E-1 3.49274E-1 3.53078E-1
3.90372E-1 4.07384E-1 4.23231E-1 4.38147E-1 4.31086E-1 4.18649E-1 3.98811E-1 3.71157E-1 3.59888E-1 3.61431E-1 3.71478E-1 3.51291E-1 3.60016E-1 3.6584E-1 3.56336E-1 3.29458E-1 3.29175E-1 3.28966E-1 3.63157E-1 3.64999E-1 4.12308E-1 3.69701E-1 4.26356E-1 4.41234E-1 4.63317E-1 4.12712E-1 4.07738E-1 4.17576E-1 4.24501E-1 4.05064E-1 3.77872E-1 3.66341E-1 3.57601E-1 3.50222E-1 3.56028E-1 3.56308E-1 3.56461E-1 3.46422E-1 3.41797E-1 3.41428E-1 3.43283E-1 3.44961E-1 3.40138E-1 3.3488E-1 3.28337E-1 3.20614E-1 3.3136E-1 3.30325E-1 3.2714E-1 3.25743E-1 3.28846E-1 3.28919E-1 3.40583E-1 3.46429E-1 3.54612E-1 3.57094E-1 3.54782E-1 3.50521E-1 3.48288E-1 3.49197E-1 3.56057E-1
4.09315E-1 4.35664E-1 4.60742E-1 4.25032E-1 4.04745E-1 4.1869E-1 4.34916E-1 4.05454E-1 3.85592E-1 3.72062E-1 3.78964E-1 3.56819E-1 3.5195E-1 3.49419E-1 3.26316E-1 3.17768E-1 3.74808E-1 3.74051E-1 4.02215E-1 3.92022E-1 3.88564E-1 4.2233E-1 4.06577E-1 3.56216E-1 3.93495E-1 3.53038E-1 3.65909E-1 4.07562E-1 3.96088E-1 3.85092E-1 3.7009E-1 3.68231E-1 3.60439E-1 3.52039E-1 3.48594E-1 3.52196E-1 3.46157E-1 3.46448E-1 3.47176E-1 3.49072E-1 3.48929E-1 3.49652E-1 3.48226E-1 3.46441E-1 3.4278E-1 3.34082E-1 3.34058E-1 3.33271E-1 3.2968E-1 3.27079E-1 3.25038E-1 3.28935E-1 3.37501E-1 3.4624E-1 3.53914E-1 3.58306E-1 3.56866E-1 3.53057E-1 3.48863E-1 3.53922E-1 3.63603E-1
4.28321E-1 4.27762E-1 3.80326E-1 3.2804E-1 3.32472E-1 3.32402E-1 3.91084E-1 4.12384E-1 3.73253E-1 3.83979E-1 3.60429E-1 3.33657E-1 3.2579E-1 3.38385E-1 3.41191E-1 3.33389E-1 3.07521E-1 3.68019E-1 3.74094E-1 3.62699E-1 3.66365E-1 3.95671E-1 3.10808E-1 2.77785E-1 3.39106E-1 3.70649E-1 3.54273E-1 3.70761E-1 3.77943E-1 3.43433E-1 3.33412E-1 3.54249E-1 3.48201E-1 3.41477E-1 3.35942E-1 3.32693E-1 3.35781E-1 3.43032E-1 3.45348E-1 3.48608E-1 3.53911E-1 3.51691E-1 3.54471E-1 3.52205E-1 3.5027E-1 3.42522E-1 3.38268E-1 3.39058E-1 3.35826E-1 3.30904E-1 3.32374E-1 3.33915E-1 3.46894E-1 3.53689E-1 3.57611E-1 3.60678E-1 3.60359E-1 3.60562E-1 3.61199E-1 3.69229E-1 3.81266E-1
4.10401E-1 3.5257E-1 3.10789E-1 3.50712E-1 3.98715E-1 3.84981E-1 3.65692E-1 3.8905E-1 4.08501E-1 3.76746E-1 3.68701E-1 3.45842E-1 3.22677E-1 2.98734E-1 3.34506E-1 3.50579E-1 3.65208E-1 3.60901E-1 3.71183E-1 3.69729E-1 3.35426E-1 3.3893E-1 2.4795E-1 2.40909E-1 2.91619E-1 2.9731E-1 3.06041E-1 3.17558E-1 3.54889E-1 3.42374E-1 3.34592E-1 3.46301E-1 3.38036E-1 3.32864E-1 3.32276E-1 3.33392E-1 3.37372E-1 3.38146E-1 3.44985E-1 3.46283E-1 3.49964E-1 3.48711E-1 3.49123E-1 3.51081E-1 3.48125E-1 3.44787E-1 3.50606E-1 3.49184E-1 3.46775E-1 3.44157E-1 3.41471E-1 3.48068E-1 3.58753E-1 3.64041E-1 3.60035E-1 3.63809E-1 3.69197E-1 3.72697E-1 3.7659E-1 3.84037E-1 3.8046E-1
3.22012E-1 3.13483E-1 3.21745E-1 4.15257E-1 4.03907E-1 4.01327E-1 4.17004E-1 3.8458E-1 4.18843E-1 4.03479E-1 3.85882E-1 3.65836E-1 3.5616E-1 3.21075E-1 3.14554E-1 3.27498E-1 3.10131E-1 3.40115E-1 3.05604E-1 3.6138E-1 3.52397E-1 3.20264E-1 2.48729E-1 2.36791E-1 2.57741E-1 2.73699E-1 2.82034E-1 3.17504E-1 3.65779E-1 3.78957E-1 3.56916E-1 3.51217E-1 3.37297E-1 3.34165E-1 3.37226E-1 3.45109E-1 3.44721E-1 3.44801E-1 3.40129E-1 3.47005E-1 3.44763E-1 3.39459E-1 3.42415E-1 3.46611E-1 3.50142E-1 3.5327E-1 3.62141E-1 3.59311E-1 3.57702E-1 3.53922E-1 3.54949E-1 3.62157E-1 3.69061E-1 3.69862E-1 3.66951E-1 3.70165E-1 3.78961E-1 3.84565E-1 3.91197E-1 3.84427E-1 3.80323E-1
3.55574E-1 3.68753E-1 3.92242E-1 4.20033E-1 4.52293E-1 4.11236E-1 3.81944E-1 4.19683E-1 3.90437E-1 3.67728E-1 3.72368E-1 3.70895E-1 3.51334E-1 3.34073E-1 3.35097E-1 3.07185E-1 2.65797E-1 2.99411E-1 3.27641E-1 3.50345E-1 3.51214E-1 2.96812E-1 2.72626E-1 2.60609E-1 2.85392E-1 2.84659E-1 3.06714E-1 3.33609E-1 3.68368E-1 3.83378E-1 3.73762E-1 3.65661E-1 3.60791E-1 3.48218E-1 3.41866E-1 3.40007E-1 3.48393E-1 3.44885E-1 3.37721E-1 3.38993E-1 3.33807E-1 3.25189E-1 3.33255E-1 3.44973E-1 3.49496E-1 3.54977E-1 3.56026E-1 3.5736E-1 3.56809E-1 3.60779E-1 3.65097E-1 3.7527E-1 3.81758E-1 3.84862E-1 3.83156E-1 3.87089E-1 3.94895E-1 3.95773E-1 3.95509E-1 3.8964E-1 3.85475E-1
3.85504E-1 4.12061E-1 4.53371E-1 4.26273E-1 4.38145E-1 4.39163E-1 3.98674E-1 4.05556E-1 4.02546E-1 3.74174E-1 3.66588E-1 3.63721E-1 3.08739E-1 3.0961E-1 2.95633E-1 2.74953E-1 1.98736E-1 2.48246E-1 2.9914E-1 3.37789E-1 3.55895E-1 3.10295E-1 3.12187E-1 2.98877E-1 3.03353E-1 3.42653E-1 3.74026E-1 3.88111E-1 3.9686E-1 3.81019E-1 3.72798E-1 3.6394E-1 3.60347E-1 3.49742E-1 3.4414E-1 3.38505E-1 3.43794E-1 3.41162E-1 3.33932E-1 3.26354E-1 3.28723E-1 3.27758E-1 3.26711E-1 3.41926E-1 3.51056E-1 3.56195E-1 3.60078E-1 3.60572E-1 3.61805E-1 3.60169E-1 3.68176E-1 3.78716E-1 3.90481E-1 3.88582E-1 3.89397E-1 3.93096E-1 3.91755E-1 3.88678E-1 3.83844E-1 3.79178E-1 3.76428E-1
3.98301E-1 4.06388E-1 4.58548E-1 4.19351E-1 4.25751E-1 4.17574E-1 4.24256E-1 4.0424E-1 4.04314E-1 3.82165E-1 3.68408E-1 3.4977E-1 2.93721E-1 2.53922E-1 2.24354E-1 2.06948E-1 2.18683E-1 2.10932E-1 2.21297E-1 2.60292E-1 3.47811E-1 2.96491E-1 3.34614E-1 3.39367E-1 3.61389E-1 3.76086E-1 4.07581E-1 4.15435E-1 4.01032E-1 3.86197E-1 3.75461E-1 3.66919E-1 3.6046E-1 3.48832E-1 3.42416E-1 3.37378E-1 3.3773E-1 3.35323E-1 3.35554E-1 3.31901E-1 3.31935E-1 3.30127E-1 3.27737E-1 3.32804E-1 3.47075E-1 3.58959E-1 3.60973E-1 3.62016E-1 3.64921E-1 3.67543E-1 3.72174E-1 3.80849E-1 3.91642E-1 3.90335E-1 3.89092E-1 3.90745E-1 3.90514E-1 3.88213E-1 3.8494E-1 3.82973E-1 3.80835E-1
3.88362E-1 3.78658E-1 3.9638E-1 4.20716E-1 4.24511E-1 4.0895E-1 3.94099E-1 3.97997E-1 4.02417E-1 3.82215E-1 3.57946E-1 3.55994E-1 3.57602E-1 3.38902E-1 2.60851E-1 2.47917E-1 2.83726E-1 2.36934E-1 3.04187E-1 3.07282E-1 3.17814E-1 3.04136E-1 2.57786E-1 3.37219E-1 3.02585E-1 3.14893E-1 3.3416E-1 3.84294E-1 3.89899E-1 3.82535E-1 3.89537E-1 3.67813E-1 3.60627E-1 3.52194E-1 3.42526E-1 3.37885E-1 3.37069E-1 3.36515E-1 3.37758E-1 3.41874E-1 3.36674E-1 3.32648E-1 3.31889E-1 3.36403E-1 3.50203E-1 3.58514E-1 3.65153E-1 3.64715E-1 3.72008E-1 3.7631E-1 3.78714E-1 3.8647E-1 3.93513E-1 3.91144E-1 3.88178E-1 3.8783E-1 3.89417E-1 3.9322E-1 3.98915E-1 3.97318E-1 3.95049E-1
4.07654E-1 3.83676E-1 3.89975E-1 3.92741E-1 4.17467E-1 3.98942E-1 3.92754E-1 3.94198E-1 3.87575E-1 3.87997E-1 3.75136E-1 3.74222E-1 4.0305E-1 3.86798E-1 3.25214E-1 2.99588E-1 3.41529E-1 2.82437E-1 2.94482E-1 2.76348E-1 2.75045E-1 2.51465E-1 2.32661E-1 3.11523E-1 3.33029E-1 2.95634E-1 3.13639E-1 3.69962E-1 3.88256E-1 3.86616E-1 3.76562E-1 3.69307E-1 3.62934E-1 3.45702E-1 3.49374E-1 3.47331E-1 3.48077E-1 3.53199E-1 3.57279E-1 3.43929E-1 3.33126E-1 3.36955E-1 3.41166E-1 3.47424E-1 3.56787E-1 3.65551E-1 3.73253E-1 3.72874E-1 3.7478E-1 3.79725E-1 3.84766E-1 3.90894E-1 3.92997E-1 3.87782E-1 3.86329E-1 3.87649E-1 3.89218E-1 3.99373E-1 4.08448E-1 4.08678E-1 4.0913E-1
4.49947E-1 4.1973E-1 3.3528E-1 3.40607E-1 3.95091E-1 4.18402E-1 4.16284E-1 4.08547E-1 4.15362E-1 4.1624E-1 4.09154E-1 4.09802E-1 3.96967E-1 4.04548E-1 3.40583E-1 3.66003E-1 3.74301E-1 3.70142E-1 3.78764E-1 3.24564E-1 2.63362E-1 2.19168E-1 2.20729E-1 2.40193E-1 3.35737E-1 3.08997E-1 3.09226E-1 3.58984E-1 3.80893E-1 3.87013E-1 3.98694E-1 4.06707E-1 3.93929E-1 3.65141E-1 3.60353E-1 3.54068E-1 3.62167E-1 3.73951E-1 3.64045E-1 3.5779E-1 3.54477E-1 3.53809E-1 3.57751E-1 3.67707E-1 3.72919E-1 3.76356E-1 3.83397E-1 3.8291E-1 3.82976E-1 3.85196E-1 3.95517E-1 3.97553E-1 3.96372E-1 3.88611E-1 3.86576E-1 3.91854E-1 3.97096E-1 4.07964E-1 4.15329E-1 4.18324E-1 4.19659E-1
4.47141E-1 4.29282E-1 3.90911E-1 3.48666E-1 3.55572E-1 4.22171E-1 4.12479E-1 3.98995E-1 4.27384E-1 4.55293E-1 4.46176E-1 4.19847E-1 4.1316E-1 3.86357E-1 3.30997E-1 2.83268E-1 3.18152E-1 3.31596E-1 3.13306E-1 2.74225E-1 2.38265E-1 2.1986E-1 2.24547E-1 2.36449E-1 2.82687E-1 3.22758E-1 3.331E-1 3.6432E-1 4.03622E-1 4.07281E-1 4.08991E-1 4.17072E-1 4.21249E-1 4.01486E-1 3.84212E-1 3.8467E-1 3.90202E-1 4.02526E-1 3.89287E-1 3.78866E-1 3.76471E-1 3.76144E-1 3.74287E-1 3.72752E-1 3.8165E-1 3.85891E-1 3.86903E-1 3.86273E-1 3.86505E-1 3.87842E-1 3.92508E-1 3.94614E-1 3.97222E-1 3.95397E-1 3.96253E-1 4.00971E-1 4.07168E-1 4.17134E-1 4.21621E-1 4.20623E-1 4.23331E-1
4.10877E-1 4.00757E-1 4.05825E-1 4.09403E-1 3.915E-1 3.8333E-1 4.28178E-1 4.18899E-1 4.47919E-1 4.70414E-1 4.57966E-1 4.3473E-1 4.42147E-1 4.44131E-1 4.06544E-1 4.32739E-1 4.45617E-1 4.14329E-1 3.90714E-1 3.1879E-1 2.4558E-1 2.16078E-1 2.19745E-1 2.31775E-1 2.90472E-1 3.38235E-1 2.91016E-1 3.40499E-1 3.81171E-1 4.10875E-1 4.14778E-1 4.31046E-1 4.13962E-1 4.13595E-1 4.01046E-1 4.16037E-1 4.25591E-1 4.30038E-1 4.1741E-1 4.11643E-1 3.85944E-1 3.80261E-1 3.80324E-1 3.80228E-1 3.89436E-1 3.94622E-1 4.011E-1 3.96053E-1 3.90717E-1 3.9404E-1 3.94386E-1 3.93682E-1 3.9865E-1 4.03185E-1 4.06165E-1 4.04997E-1 4.09678E-1 4.19697E-1 4.21829E-1 4.17731E-1 4.18759E-1
3.92292E-1 3.84642E-1 3.77589E-1 3.87053E-1 4.13206E-1 4.1721E-1 3.89297E-1 4.14117E-1 4.19779E-1 4.80517E-1 4.54291E-1 4.03637E-1 3.97552E-1 4.19047E-1 3.41778E-1 3.60343E-1 3.97977E-1 4.42091E-1 4.46744E-1 4.22706E-1 3.01893E-1 2.24943E-1 2.23119E-1 2.33393E-1 2.51094E-1 2.72512E-1 3.17733E-1 3.44416E-1 3.77029E-1 3.92427E-1 4.10899E-1 4.01439E-1 4.02289E-1 3.92591E-1 3.91918E-1 4.17503E-1 4.22942E-1 4.18148E-1 4.0137E-1 4.02086E-1 3.92718E-1 3.9432E-1 3.96776E-1 3.93027E-1 3.95644E-1 4.03298E-1 4.06957E-1 4.05683E-1 4.0326E-1 4.02458E-1 4.06173E-1 4.07326E-1 4.09885E-1 4.1101E-1 4.16741E-1 4.20759E-1 4.22321E-1 4.2676E-1 4.2697E-1 4.23772E-1 4.2568E-1
3.70831E-1 3.72616E-1 3.78311E-1 3.84261E-1 4.11731E-1 4.41828E-1 4.33497E-1 4.29131E-1 4.21045E-1 3.951E-1 3.93301E-1 3.70379E-1 3.57684E-1 3.81811E-1 3.67028E-1 3.16331E-1 3.30805E-1 4.40972E-1 4.48825E-1 3.81151E-1 2.85286E-1 2.42825E-1 2.36776E-1 2.60671E-1 2.52426E-1 2.74626E-1 3.37036E-1 3.51E-1 3.76473E-1 3.81484E-1 4.1034E-1 4.10305E-1 3.91596E-1 3.88334E-1 3.96166E-1 4.02145E-1 3.93875E-1 3.89789E-1 4.01338E-1 4.02951E-1 3.99453E-1 4.01909E-1 4.04289E-1 4.05309E-1 4.02497E-1 4.0993E-1 4.17207E-1 4.14754E-1 4.11143E-1 4.08586E-1 4.09257E-1 4.19281E-1 4.25739E-1 4.27759E-1 4.29354E-1 4.3213E-1 4.33168E-1 4.39527E-1 4.35391E-1 4.30847E-1 4.35349E-1
3.71033E-1 3.73345E-1 3.88365E-1 3.80546E-1 3.63595E-1 3.7691E-1 4.30706E-1 4.13664E-1 3.90358E-1 3.84939E-1 3.96842E-1 3.67027E-1 3.42422E-1 3.79921E-1 3.60232E-1 3.42549E-1 3.33169E-1 3.74485E-1 4.49675E-1 3.78408E-1 3.08309E-1 2.68474E-1 2.52079E-1 2.6068E-1 2.51114E-1 2.80943E-1 3.44484E-1 3.51781E-1 3.73068E-1 3.7436E-1 3.8208E-1 3.72636E-1 3.90049E-1 3.94942E-1 3.95534E-1 3.95535E-1 4.14146E-1 4.22098E-1 4.30731E-1 4.33558E-1 4.27873E-1 4.20311E-1 4.19316E-1 4.24093E-1 4.26375E-1 4.28047E-1 4.34197E-1 4.29157E-1 4.21783E-1 4.20366E-1 4.17751E-1 4.29891E-1 4.39065E-1 4.40092E-1 4.431E-1 4.45979E-1 4.51976E-1 4.52305E-1 4.43835E-1 4.40545E-1 4.42483E-1
3.77984E-1 4.00262E-1 4.10793E-1 4.19278E-1 3.73681E-1 3.58381E-1 3.78621E-1 4.04214E-1 3.88971E-1 3.78601E-1 3.92311E-1 3.94853E-1 3.90106E-1 3.67091E-1 3.54858E-1 3.41738E-1 3.24805E-1 3.26576E-1 3.35546E-1 3.68097E-1 3.23016E-1 2.84357E-1 2.58269E-1 2.46404E-1 2.73058E-1 3.35095E-1 3.37846E-1 3.58546E-1 3.60566E-1 3.60007E-1 3.62576E-1 3.50044E-1 3.36972E-1 3.53186E-1 3.90901E-1 4.15483E-1 4.14223E-1 4.27821E-1 4.36617E-1 4.39226E-1 4.38833E-1 4.3359E-1 4.36917E-1 4.35258E-1 4.35481E-1 4.3989E-1 4.42592E-1 4.30005E-1 4.23091E-1 4.2377E-1 4.24271E-1 4.32147E-1 4.43434E-1 4.41162E-1 4.44929E-1 4.5409E-1 4.62127E-1 4.684E-1 4.57624E-1 4.49662E-1 4.45615E-1
3.88524E-1 4.03166E-1 4.38788E-1 4.28427E-1 3.86223E-1 3.52471E-1 3.54188E-1 3.6593E-1 3.76695E-1 3.78693E-1 3.84129E-1 3.81543E-1 3.88185E-1 3.46899E-1 3.41736E-1 3.21459E-1 3.39424E-1 3.26519E-1 2.94074E-1 3.73012E-1 3.27584E-1 2.94116E-1 2.62549E-1 2.66823E-1 3.05485E-1 3.52937E-1 3.274E-1 3.63969E-1 3.65208E-1 3.62915E-1 3.60141E-1 3.40314E-1 3.45533E-1 3.40444E-1 3.63961E-1 3.9369E-1 3.94887E-1 4.08985E-1 4.17998E-1 4.31113E-1 4.32369E-1 4.32724E-1 4.34224E-1 4.35052E-1 4.36191E-1 4.37371E-1 4.33891E-1 4.26167E-1 4.2547E-1 4.2554E-1 4.30823E-1 4.36548E-1 4.40857E-1 4.46239E-1 4.44992E-1 4.53495E-1 4.63034E-1 4.6898E-1 4.64241E-1 4.58184E-1 4.52489E-1
3.83542E-1 3.95411E-1 4.21568E-1 3.89234E-1 3.83605E-1 3.49302E-1 3.53976E-1 3.67103E-1 3.70001E-1 3.70684E-1 3.77044E-1 3.78752E-1 3.7155E-1 3.3234E-1 3.33713E-1 3.03362E-1 3.09548E-1 3.02961E-1 2.79412E-1 3.39743E-1 3.50982E-1 3.18311E-1 2.79398E-1 2.81435E-1 3.32243E-1 3.69763E-1 3.25399E-1 3.71388E-1 3.7979E-1 3.58709E-1 3.31009E-1 3.43654E-1 3.53958E-1 3.5245E-1 3.58774E-1 3.77193E-1 3.90622E-1 4.05774E-1 4.24738E-1 4.27491E-1 4.24688E-1 4.33513E-1 4.37976E-1 4.46918E-1 4.44621E-1 4.42119E-1 4.36301E-1 4.2932E-1 4.22757E-1 4.27923E-1 4.39653E-1 4.45845E-1 4.45979E-1 4.39488E-1 4.35833E-1 4.46935E-1 4.57745E-1 4.65549E-1 4.67135E-1 4.64312E-1 4.61311E-1
3.87886E-1 3.92208E-1 3.89658E-1 4.26395E-1 4.04755E-1 3.68614E-1 3.62594E-1 3.65753E-1 3.72631E-1 3.68228E-1 3.4939E-1 3.47965E-1 3.51588E-1 3.09125E-1 3.15449E-1 3.03858E-1 3.20088E-1 3.28038E-1 3.00687E-1 3.33512E-1 3.55814E-1 3.41288E-1 3.08449E-1 2.90769E-1 3.17127E-1 3.37182E-1 3.15874E-1 3.5783E-1 3.68957E-1 3.46768E-1 3.3074E-1 3.38492E-1 3.52052E-1 3.62692E-1 3.67281E-1 3.80283E-1 3.94727E-1 4.09385E-1 4.16713E-1 4.23064E-1 4.22035E-1 4.33677E-1 4.40633E-1 4.44852E-1 4.44308E-1 4.39413E-1 4.3227E-1 4.33959E-1 4.37428E-1 4.44129E-1 4.52269E-1 4.57159E-1 4.46161E-1 4.3775E-1 4.27673E-1 4.35665E-1 4.47574E-1 4.53874E-1 4.6758E-1 4.68944E-1 4.64621E-1
3.85704E-1 3.8436E-1 3.64083E-1 3.74641E-1 3.95038E-1 3.76748E-1 3.5928E-1 3.61137E-1 3.61481E-1 3.547E-1 3.46853E-1 3.274E-1 3.30001E-1 2.92903E-1 2.82247E-1 2.87978E-1 2.94412E-1 3.4039E-1 3.29193E-1 3.35884E-1 3.46652E-1 3.34857E-1 3.29944E-1 3.33933E-1 3.33876E-1 3.36917E-1 3.35225E-1 3.52953E-1 3.73083E-1 3.63503E-1 3.43656E-1 3.40743E-1 3.43331E-1 3.56851E-1 3.75611E-1 3.82761E-1 4.04136E-1 4.12849E-1 4.13617E-1 4.14267E-1 4.15194E-1 4.24791E-1 4.34049E-1 4.44008E-1 4.4432E-1 4.38175E-1 4.40305E-1 4.43394E-1 4.52198E-1 4.55835E-1 4.63805E-1 4.63473E-1 4.55296E-1 4.48191E-1 4.42335E-1 4.34865E-1 4.36367E-1 4.50767E-1 4.63749E-1 4.69948E-1 4.64911E-1
3.76248E-1 3.87597E-1 3.65171E-1 3.40929E-1 3.79799E-1 3.76158E-1 3.63664E-1 3.64301E-1 3.63356E-1 3.5854E-1 3.44243E-1 3.21689E-1 2.94272E-1 2.89244E-1 2.75836E-1 2.85901E-1 3.39706E-1 3.64007E-1 3.59774E-1 3.70831E-1 3.6287E-1 3.46476E-1 3.55921E-1 3.35354E-1 3.43856E-1 3.37241E-1 3.61109E-1 3.5823E-1 3.59199E-1 3.57383E-1 3.60625E-1 3.76537E-1 3.63822E-1 3.68571E-1 3.88978E-1 4.12822E-1 4.16626E-1 4.10596E-1 4.16386E-1 4.11469E-1 4.19164E-1 4.22884E-1 4.29368E-1 4.35532E-1 4.4446E-1 4.4281E-1 4.44048E-1 4.51702E-1 4.55696E-1 4.58731E-1 4.63761E-1 4.6937E-1 4.67206E-1 4.63594E-1 4.55555E-1 4.44536E-1 4.4574E-1 4.53081E-1 4.58648E-1 4.62166E-1 4.59569E-1
