maxent_outputs/red_flowers_linear/red_202.asc
ncols         426
nrows         180
xllcorner     -130.0
yllcorner     24.0
cellsize      0.16666666666666666
NODATA_value  -9999
[rows 0 to 26 of 180, columns 183 to 243 of 426]
1.84974E-1 1.74092E-1 1.69247E-1 1.62627E-1 1.563E-1 1.55754E-1 1.57052E-1 1.818E-1 1.82919E-1 1.7903E-1 1.66695E-1 1.57563E-1 1.50352E-1 1.47623E-1 1.50619E-1 1.55076E-1 1.49618E-1 1.46678E-1 1.47698E-1 1.53582E-1 1.69396E-1 1.58859E-1 1.49533E-1 1.47571E-1 1.44998E-1 1.46873E-1 1.42544E-1 1.55529E-1 1.61432E-1 1.56888E-1 1.47496E-1 1.44184E-1 1.45862E-1 1.45234E-1 1.40063E-1 1.3751E-1 1.36113E-1 1.35148E-1 1.38587E-1 1.36718E-1 1.35557E-1 1.38479E-1 1.37091E-1 1.3468E-1 1.36793E-1 1.38226E-1 1.38038E-1 1.37673E-1 1.42507E-1 1.41063E-1 1.38735E-1 1.43085E-1 1.42492E-1 1.40339E-1 1.42491E-1 1.39018E-1 1.40285E-1 1.37484E-1 1.37697E-1 1.39731E-1 1.40089E-1
1.74415E-1 1.70517E-1 1.7301E-1 1.9802E-1 2.10474E-1 2.15259E-1 2.12283E-1 2.11632E-1 2.01904E-1 1.93788E-1 1.71784E-1 1.6661E-1 1.60551E-1 1.57479E-1 1.58522E-1 1.50123E-1 1.49078E-1 1.48212E-1 1.46932E-1 1.52474E-1 1.51688E-1 1.52925E-1 1.642E-1 1.59004E-1 1.54172E-1 1.42296E-1 1.4675E-1 1.56877E-1 1.59414E-1 1.61894E-1 1.67675E-1 1.6424E-1 1.56802E-1 1.53408E-1 1.48836E-1 1.43791E-1 1.44559E-1 1.4588E-1 1.45694E-1 1.42277E-1 1.41974E-1 1.36195E-1 1.3883E-1 1.4464E-1 1.45376E-1 1.43348E-1 1.40849E-1 1.37795E-1 1.39169E-1 1.43646E-1 1.4055E-1 1.44209E-1 1.43087E-1 1.39428E-1 1.42849E-1 1.45913E-1 1.66795E-1 1.71623E-1 1.57709E-1 1.47307E-1 1.4593E-1
1.6813E-1 1.6863E-1 1.86257E-1 2.13765E-1 2.15178E-1 2.13217E-1 2.16319E-1 2.17009E-1 2.19749E-1 2.15401E-1 1.88201E-1 1.70901E-1 1.67301E-1 1.55353E-1 1.54514E-1 1.53113E-1 1.52325E-1 1.54535E-1 1.58904E-1 1.65872E-1 1.58054E-1 1.51114E-1 1.53412E-1 1.52016E-1 1.55667E-1 1.46974E-1 1.5124E-1 1.47404E-1 1.44063E-1 1.4122E-1 1.41037E-1 1.39445E-1 1.44787E-1 1.41945E-1 1.49288E-1 1.48262E-1 1.467E-1 1.48979E-1 1.46514E-1 1.42295E-1 1.41294E-1 1.4014E-1 1.38235E-1 1.36069E-1 1.36362E-1 1.37807E-1 1.39078E-1 1.38974E-1 1.42147E-1 1.41696E-1 1.44854E-1 1.40533E-1 1.40739E-1 1.3855E-1 1.38598E-1 1.41774E-1 1.42125E-1 1.43284E-1 1.42988E-1 1.44508E-1 1.45056E-1
1.70527E-1 1.75458E-1 2.02809E-1 2.16076E-1 2.18028E-1 2.14398E-1 2.18214E-1 2.17907E-1 2.2005E-1 2.22155E-1 2.11015E-1 1.78763E-1 1.71948E-1 1.59875E-1 1.61796E-1 1.55847E-1 1.57286E-1 1.58715E-1 1.60304E-1 1.56762E-1 1.64812E-1 1.5486E-1 1.49253E-1 1.47326E-1 1.49404E-1 1.5634E-1 1.54192E-1 1.42561E-1 1.38453E-1 1.39624E-1 1.41852E-1 1.45338E-1 1.44126E-1 1.42616E-1 1.43237E-1 1.46482E-1 1.47241E-1 1.44975E-1 1.43692E-1 1.43355E-1 1.44143E-1 1.39716E-1 1.3918E-1 1.39438E-1 1.37417E-1 1.37773E-1 1.46125E-1 1.44221E-1 1.41696E-1 1.42611E-1 1.41364E-1 1.45918E-1 1.42772E-1 1.40965E-1 1.4111E-1 1.40308E-1 1.41133E-1 1.41267E-1 1.45071E-1 1.43462E-1 1.44815E-1
1.81205E-1 1.85805E-1 2.05089E-1 2.16907E-1 2.17383E-1 2.16509E-1 2.13066E-1 2.15318E-1 2.19261E-1 2.23299E-1 2.19409E-1 1.98779E-1 1.83638E-1 1.64741E-1 1.58426E-1 1.57863E-1 1.54067E-1 1.51727E-1 1.55002E-1 1.54598E-1 1.53234E-1 1.56732E-1 1.56765E-1 1.52258E-1 1.48832E-1 1.51861E-1 1.48426E-1 1.50468E-1 1.47872E-1 1.44388E-1 1.45392E-1 1.46649E-1 1.41763E-1 1.42897E-1 1.47265E-1 1.52988E-1 1.46121E-1 1.44956E-1 1.40471E-1 1.42077E-1 1.42608E-1 1.41766E-1 1.43492E-1 1.41787E-1 1.42278E-1 1.43306E-1 1.40808E-1 1.39481E-1 1.41816E-1 1.41246E-1 1.39224E-1 1.44402E-1 1.4161E-1 1.41686E-1 1.40278E-1 1.41222E-1 1.40676E-1 1.4179E-1 1.43305E-1 1.45998E-1 1.449E-1
1.80165E-1 1.80171E-1 1.9021E-1 2.02782E-1 2.0438E-1 2.05119E-1 2.14581E-1 2.13856E-1 2.16489E-1 2.23528E-1 2.21438E-1 2.10633E-1 1.94271E-1 1.72278E-1 1.6795E-1 1.59656E-1 1.58654E-1 1.55358E-1 1.53395E-1 1.55343E-1 1.61476E-1 1.57626E-1 1.55061E-1 1.58869E-1 1.5865E-1 1.62031E-1 1.6545E-1 1.65946E-1 1.5802E-1 1.56912E-1 1.53079E-1 1.49148E-1 1.4849E-1 1.47613E-1 1.47848E-1 1.57901E-1 1.63321E-1 1.55852E-1 1.61546E-1 1.58909E-1 1.60672E-1 1.56258E-1 1.47113E-1 1.43916E-1 1.43914E-1 1.48864E-1 1.42715E-1 1.42502E-1 1.44274E-1 1.47982E-1 1.45454E-1 1.44211E-1 1.44424E-1 1.44234E-1 1.43001E-1 1.39423E-1 1.42736E-1 1.478E-1 1.49209E-1 1.46975E-1 1.4809E-1
1.80469E-1 1.77921E-1 1.77517E-1 1.82829E-1 2.0633E-1 2.14475E-1 2.18881E-1 2.18013E-1 2.16885E-1 2.267E-1 2.26336E-1 2.18966E-1 1.96301E-1 1.80118E-1 1.74017E-1 1.64694E-1 1.59617E-1 1.609E-1 1.60666E-1 1.5997E-1 1.63461E-1 1.64611E-1 1.59086E-1 1.61816E-1 1.6352E-1 1.69123E-1 1.65679E-1 1.65881E-1 1.6071E-1 1.57797E-1 1.55659E-1 1.55705E-1 1.57693E-1 1.62966E-1 1.57839E-1 1.64538E-1 1.6427E-1 1.57959E-1 1.57787E-1 1.55181E-1 1.54027E-1 1.51948E-1 1.47781E-1 1.47735E-1 1.50022E-1 1.53879E-1 1.51857E-1 1.47853E-1 1.54502E-1 1.50327E-1 1.48448E-1 1.49565E-1 1.50539E-1 1.44852E-1 1.45578E-1 1.44883E-1 1.46474E-1 1.50941E-1 1.51239E-1 1.5126E-1 1.51557E-1
1.86472E-1 1.78366E-1 1.78524E-1 1.86367E-1 2.10263E-1 2.18829E-1 2.1631E-1 2.16245E-1 2.13961E-1 2.16317E-1 2.17684E-1 2.19569E-1 2.13201E-1 1.80636E-1 1.72387E-1 1.67971E-1 1.71506E-1 1.77391E-1 1.72827E-1 1.69085E-1 1.66104E-1 1.6673E-1 1.65438E-1 1.6383E-1 1.64561E-1 1.75837E-1 1.6795E-1 1.67389E-1 1.65837E-1 1.65743E-1 1.63327E-1 1.6178E-1 1.6038E-1 1.65445E-1 1.61481E-1 1.63247E-1 1.60375E-1 1.56916E-1 1.53277E-1 1.51823E-1 1.50003E-1 1.52074E-1 1.52701E-1 1.49684E-1 1.50581E-1 1.50672E-1 1.48892E-1 1.48309E-1 1.51274E-1 1.47974E-1 1.46844E-1 1.54662E-1 1.55416E-1 1.5294E-1 1.4729E-1 1.44894E-1 1.46978E-1 1.47945E-1 1.48969E-1 1.50007E-1 1.49861E-1
1.85813E-1 1.77382E-1 1.75129E-1 1.81751E-1 1.83918E-1 2.02724E-1 2.14554E-1 2.15826E-1 2.15881E-1 2.16197E-1 2.16789E-1 2.14341E-1 2.08443E-1 2.04019E-1 1.78225E-1 1.70719E-1 1.71976E-1 1.68646E-1 1.74184E-1 1.76413E-1 1.74043E-1 1.71306E-1 1.70036E-1 1.68649E-1 1.72388E-1 1.68234E-1 1.68821E-1 1.72609E-1 1.65862E-1 1.68107E-1 1.71988E-1 1.69657E-1 1.76782E-1 1.66962E-1 1.63551E-1 1.62425E-1 1.6352E-1 1.63911E-1 1.63552E-1 1.65024E-1 1.60418E-1 1.56778E-1 1.56702E-1 1.55145E-1 1.51475E-1 1.50822E-1 1.51393E-1 1.60283E-1 1.57151E-1 1.52138E-1 1.50146E-1 1.48209E-1 1.4452E-1 1.44492E-1 1.4827E-1 1.46972E-1 1.47071E-1 1.45568E-1 1.51547E-1 1.53499E-1 1.52494E-1
1.89094E-1 1.77327E-1 1.74937E-1 1.76496E-1 1.77995E-1 1.81594E-1 2.07866E-1 2.16938E-1 2.09742E-1 2.13808E-1 2.20597E-1 2.12684E-1 2.05797E-1 2.0375E-1 1.96029E-1 1.72924E-1 1.72919E-1 1.69947E-1 1.71706E-1 1.67118E-1 1.6868E-1 1.71347E-1 1.70476E-1 1.72434E-1 1.74223E-1 1.71152E-1 1.68604E-1 1.70604E-1 1.65403E-1 1.64273E-1 1.67887E-1 1.69133E-1 1.68539E-1 1.64741E-1 1.66735E-1 1.70714E-1 1.68018E-1 1.6464E-1 1.63222E-1 1.63034E-1 1.59883E-1 1.61494E-1 1.61462E-1 1.60513E-1 1.56484E-1 1.53402E-1 1.53117E-1 1.55675E-1 1.55023E-1 1.51569E-1 1.48618E-1 1.45196E-1 1.43739E-1 1.43356E-1 1.43523E-1 1.44039E-1 1.48213E-1 1.49944E-1 1.50798E-1 1.53173E-1 1.54577E-1
1.83428E-1 1.73345E-1 1.70389E-1 1.77654E-1 1.76307E-1 1.78806E-1 1.82042E-1 1.95603E-1 2.13644E-1 2.14163E-1 2.17775E-1 2.1587E-1 2.1118E-1 2.02485E-1 2.02129E-1 1.7711E-1 1.76423E-1 1.72998E-1 1.74558E-1 1.71477E-1 1.72143E-1 1.75106E-1 1.72338E-1 1.73451E-1 1.77461E-1 1.72753E-1 1.70086E-1 1.74072E-1 1.65373E-1 1.71365E-1 1.72074E-1 1.71907E-1 1.69148E-1 1.69669E-1 1.80373E-1 1.70931E-1 1.6605E-1 1.59335E-1 1.60363E-1 1.63872E-1 1.71381E-1 1.67799E-1 1.60544E-1 1.56967E-1 1.55878E-1 1.55907E-1 1.56199E-1 1.5568E-1 1.53246E-1 1.51818E-1 1.50158E-1 1.48376E-1 1.4809E-1 1.48818E-1 1.46227E-1 1.48215E-1 1.46577E-1 1.45483E-1 1.48173E-1 1.51388E-1 1.52667E-1
1.78121E-1 1.76144E-1 1.76245E-1 1.79403E-1 1.78947E-1 1.81212E-1 1.82944E-1 1.89356E-1 2.02036E-1 2.15111E-1 2.0414E-1 2.02707E-1 2.10092E-1 2.11109E-1 2.07503E-1 1.87701E-1 1.77941E-1 1.75829E-1 1.74371E-1 1.73051E-1 1.73744E-1 1.77142E-1 1.78309E-1 1.83624E-1 1.91721E-1 1.87106E-1 1.80711E-1 1.77696E-1 1.77555E-1 1.80819E-1 1.80577E-1 1.80248E-1 1.80418E-1 1.76377E-1 1.76112E-1 1.68929E-1 1.63792E-1 1.69788E-1 1.6516E-1 1.65259E-1 1.66083E-1 1.62887E-1 1.60337E-1 1.64139E-1 1.62593E-1 1.59711E-1 1.56417E-1 1.56437E-1 1.55773E-1 1.54636E-1 1.56147E-1 1.5542E-1 1.51155E-1 1.49284E-1 1.49893E-1 1.51387E-1 1.52169E-1 1.50486E-1 1.51971E-1 1.53888E-1 1.56271E-1
1.72455E-1 1.74523E-1 1.75568E-1 1.76849E-1 1.7658E-1 1.8228E-1 1.83893E-1 1.81302E-1 1.88618E-1 2.00481E-1 1.92364E-1 1.98542E-1 1.92203E-1 2.09265E-1 2.1216E-1 2.06856E-1 1.84671E-1 1.79803E-1 1.74482E-1 1.71564E-1 1.77694E-1 1.82036E-1 1.82263E-1 1.84476E-1 1.91017E-1 1.78983E-1 1.82306E-1 1.73542E-1 1.77302E-1 1.7712E-1 1.77639E-1 1.79178E-1 1.81767E-1 1.78438E-1 1.7764E-1 1.71247E-1 1.71801E-1 1.71609E-1 1.68332E-1 1.68364E-1 1.68876E-1 1.6711E-1 1.65389E-1 1.65845E-1 1.629E-1 1.64026E-1 1.59881E-1 1.58447E-1 1.61522E-1 1.58675E-1 1.59204E-1 1.54583E-1 1.50413E-1 1.49703E-1 1.53817E-1 1.54224E-1 1.53597E-1 1.52601E-1 1.54592E-1 1.56883E-1 1.59221E-1
1.82758E-1 1.75487E-1 1.75635E-1 1.75596E-1 1.75779E-1 1.79417E-1 1.89832E-1 1.87927E-1 1.80351E-1 1.80608E-1 1.89919E-1 1.95031E-1 2.06419E-1 2.05055E-1 2.06601E-1 2.03196E-1 1.97853E-1 1.80275E-1 1.72702E-1 1.75079E-1 1.77379E-1 1.78209E-1 1.81632E-1 1.85459E-1 1.79995E-1 1.81976E-1 1.75582E-1 1.81095E-1 1.83341E-1 1.86295E-1 1.81887E-1 1.80282E-1 1.84117E-1 1.85026E-1 1.84914E-1 1.80985E-1 1.80937E-1 1.76832E-1 1.75897E-1 1.78774E-1 1.77463E-1 1.70248E-1 1.69505E-1 1.70375E-1 1.70119E-1 1.72329E-1 1.67369E-1 1.64285E-1 1.63289E-1 1.64525E-1 1.63518E-1 1.58109E-1 1.59132E-1 1.53105E-1 1.54468E-1 1.55468E-1 1.52974E-1 1.5741E-1 1.58667E-1 1.60521E-1 1.66348E-1
1.80411E-1 1.80495E-1 1.82709E-1 1.82448E-1 1.82154E-1 1.812E-1 1.80563E-1 1.70557E-1 1.78853E-1 1.83832E-1 1.90727E-1 1.92663E-1 2.00542E-1 2.08802E-1 1.96594E-1 1.82739E-1 1.99318E-1 1.88048E-1 1.73725E-1 1.7424E-1 1.77776E-1 1.80199E-1 1.83813E-1 1.88307E-1 1.81031E-1 1.82987E-1 1.77794E-1 1.77254E-1 1.80633E-1 1.83778E-1 1.83015E-1 1.80874E-1 1.83636E-1 1.85246E-1 1.82457E-1 1.8617E-1 1.83327E-1 1.84721E-1 1.8253E-1 1.81521E-1 1.8124E-1 1.78805E-1 1.74636E-1 1.74289E-1 1.72569E-1 1.77743E-1 1.68956E-1 1.6956E-1 1.66351E-1 1.63574E-1 1.63881E-1 1.59964E-1 1.60263E-1 1.59586E-1 1.5857E-1 1.54058E-1 1.56133E-1 1.57632E-1 1.59272E-1 1.62626E-1 1.63659E-1
1.68687E-1 1.73645E-1 1.84204E-1 1.81E-1 1.71117E-1 1.57289E-1 1.69641E-1 1.71926E-1 1.79735E-1 1.88742E-1 1.87689E-1 1.8599E-1 1.92671E-1 1.95635E-1 1.84829E-1 1.92148E-1 2.07647E-1 2.08697E-1 1.85169E-1 1.75432E-1 1.74132E-1 1.76831E-1 1.7749E-1 1.8244E-1 1.84832E-1 1.82799E-1 1.83036E-1 1.8805E-1 1.87974E-1 1.82834E-1 1.82447E-1 1.77362E-1 1.81738E-1 1.7559E-1 1.7785E-1 1.84921E-1 1.8657E-1 1.87042E-1 1.86595E-1 1.8438E-1 1.81927E-1 1.85759E-1 1.91145E-1 1.87679E-1 1.76478E-1 1.81881E-1 1.74559E-1 1.7035E-1 1.71279E-1 1.70256E-1 1.68796E-1 1.64239E-1 1.61876E-1 1.60695E-1 1.60925E-1 1.5948E-1 1.58189E-1 1.61809E-1 1.61313E-1 1.65486E-1 1.66923E-1
1.68258E-1 1.7169E-1 1.78454E-1 1.83991E-1 1.79236E-1 1.67954E-1 1.54353E-1 1.68995E-1 1.78957E-1 1.77467E-1 1.78174E-1 1.84242E-1 1.89406E-1 1.84881E-1 1.80034E-1 1.93703E-1 1.94404E-1 2.042E-1 1.96926E-1 1.82805E-1 1.76488E-1 1.75442E-1 1.78131E-1 1.81989E-1 1.87031E-1 1.84104E-1 1.83745E-1 1.855E-1 1.8785E-1 1.84722E-1 1.85553E-1 1.8275E-1 1.83969E-1 1.82857E-1 1.81669E-1 1.87055E-1 2.12752E-1 2.16273E-1 1.95898E-1 1.89204E-1 1.91259E-1 1.86187E-1 1.84046E-1 1.86539E-1 1.85294E-1 1.85753E-1 1.82334E-1 1.79488E-1 1.76508E-1 1.71968E-1 1.69134E-1 1.68513E-1 1.69554E-1 1.68634E-1 1.66282E-1 1.66819E-1 1.63336E-1 1.65197E-1 1.65229E-1 1.68557E-1 1.75347E-1
1.74124E-1 1.72244E-1 1.81539E-1 1.85565E-1 1.81727E-1 1.74429E-1 1.63056E-1 1.68617E-1 1.76093E-1 1.80136E-1 1.71337E-1 1.68053E-1 1.71406E-1 1.72591E-1 1.69626E-1 1.81101E-1 1.91052E-1 2.06421E-1 1.92574E-1 1.77242E-1 1.80082E-1 1.84331E-1 1.83365E-1 1.82123E-1 1.83377E-1 1.85582E-1 1.89039E-1 1.85334E-1 1.83032E-1 1.83867E-1 1.85757E-1 1.87289E-1 1.93455E-1 1.95986E-1 1.94831E-1 1.89584E-1 2.04377E-1 2.08669E-1 1.9729E-1 1.9326E-1 2.0087E-1 1.94186E-1 1.89491E-1 1.88107E-1 1.89478E-1 1.82806E-1 1.80678E-1 1.88504E-1 1.8742E-1 1.79861E-1 1.75107E-1 1.76366E-1 1.82963E-1 1.8304E-1 1.77929E-1 1.77753E-1 1.68996E-1 1.67999E-1 1.72112E-1 1.75591E-1 1.77962E-1
1.75516E-1 1.88414E-1 1.89327E-1 1.87116E-1 1.84606E-1 1.82755E-1 1.77294E-1 1.65932E-1 1.66705E-1 1.74249E-1 1.72699E-1 1.67264E-1 1.63927E-1 1.69777E-1 1.6821E-1 1.9951E-1 2.02445E-1 2.07654E-1 1.9462E-1 1.81222E-1 1.82646E-1 1.82095E-1 1.87409E-1 1.85486E-1 1.80899E-1 1.85723E-1 1.86859E-1 1.87355E-1 1.84787E-1 1.87597E-1 1.81869E-1 1.8538E-1 1.95868E-1 1.94006E-1 1.99935E-1 2.0245E-1 2.03798E-1 1.97509E-1 1.97637E-1 1.94065E-1 1.89695E-1 1.92072E-1 1.9003E-1 1.89004E-1 1.85857E-1 1.88203E-1 1.86876E-1 1.84528E-1 1.7937E-1 1.77736E-1 1.82617E-1 1.85538E-1 1.78779E-1 1.74721E-1 1.7726E-1 1.82117E-1 1.76903E-1 1.74298E-1 1.78828E-1 1.81021E-1 1.86455E-1
1.83868E-1 1.82416E-1 1.9055E-1 1.86292E-1 1.90133E-1 1.98971E-1 1.96943E-1 1.79406E-1 1.64809E-1 1.69999E-1 1.77081E-1 1.70798E-1 1.70941E-1 1.64152E-1 1.69462E-1 1.9612E-1 2.03286E-1 2.00156E-1 1.94276E-1 1.8432E-1 1.80212E-1 1.77203E-1 1.81792E-1 1.87052E-1 1.86801E-1 1.86138E-1 1.85944E-1 1.87642E-1 1.83523E-1 1.8781E-1 1.89797E-1 1.96297E-1 1.95842E-1 1.92584E-1 1.92336E-1 2.05159E-1 2.12429E-1 2.06402E-1 2.0381E-1 2.05187E-1 1.95812E-1 1.96126E-1 1.93025E-1 1.95228E-1 1.93777E-1 1.9163E-1 1.87331E-1 1.87224E-1 1.86262E-1 1.90557E-1 1.84043E-1 1.86736E-1 1.83945E-1 1.83597E-1 1.8281E-1 1.82417E-1 1.80329E-1 1.80077E-1 1.86568E-1 1.89242E-1 1.90749E-1
1.97237E-1 1.91106E-1 1.92702E-1 1.87578E-1 1.84686E-1 2.01719E-1 2.06272E-1 2.06E-1 1.82072E-1 1.67777E-1 1.70934E-1 1.68259E-1 1.69131E-1 1.62119E-1 1.67329E-1 1.91007E-1 1.96567E-1 1.84463E-1 1.83156E-1 1.81947E-1 1.85942E-1 1.7997E-1 1.76256E-1 1.80673E-1 1.80918E-1 1.84722E-1 1.85287E-1 1.87542E-1 1.83712E-1 1.87927E-1 1.94109E-1 1.88125E-1 1.92556E-1 1.97402E-1 2.02869E-1 2.09905E-1 2.18608E-1 2.18206E-1 2.25379E-1 2.15686E-1 2.09964E-1 2.02089E-1 2.00433E-1 1.95368E-1 1.99507E-1 2.03802E-1 1.98768E-1 1.91937E-1 1.90979E-1 1.91462E-1 1.95852E-1 1.9137E-1 1.88767E-1 1.88388E-1 1.92874E-1 1.85613E-1 1.86101E-1 1.88664E-1 1.92495E-1 1.96189E-1 1.99446E-1
1.99386E-1 1.98052E-1 1.9668E-1 1.96322E-1 1.94503E-1 2.01645E-1 2.1092E-1 2.07228E-1 2.02652E-1 1.77117E-1 1.73461E-1 1.72861E-1 1.6759E-1 1.63567E-1 1.61065E-1 1.72801E-1 1.81198E-1 1.78506E-1 1.78009E-1 1.82204E-1 1.8425E-1 1.85217E-1 1.85132E-1 1.819E-1 1.80727E-1 1.85181E-1 1.84796E-1 1.84635E-1 1.89432E-1 1.91126E-1 1.96525E-1 1.93505E-1 1.98292E-1 2.04795E-1 2.11614E-1 2.08932E-1 2.16871E-1 2.23372E-1 2.23828E-1 2.33169E-1 2.31646E-1 2.21191E-1 2.121E-1 2.09826E-1 2.17352E-1 2.21709E-1 2.01959E-1 2.02552E-1 1.98284E-1 1.93975E-1 1.89524E-1 1.90641E-1 1.92649E-1 1.96E-1 2.03635E-1 1.92323E-1 1.93957E-1 1.96738E-1 1.99215E-1 2.01927E-1 2.0569E-1
1.92264E-1 2.01773E-1 2.00455E-1 1.96411E-1 1.92599E-1 1.93059E-1 1.98438E-1 1.98614E-1 1.86079E-1 1.72817E-1 1.7056E-1 1.67648E-1 1.63621E-1 1.58584E-1 1.53828E-1 1.55806E-1 1.63151E-1 1.74334E-1 1.71505E-1 1.82172E-1 1.85695E-1 1.85087E-1 1.85573E-1 1.80325E-1 1.80503E-1 1.82734E-1 1.85225E-1 1.88567E-1 1.86879E-1 1.89955E-1 1.95869E-1 1.962E-1 2.00812E-1 2.05249E-1 2.01118E-1 2.03999E-1 2.13365E-1 2.21576E-1 2.23005E-1 2.22625E-1 2.23346E-1 2.26777E-1 2.32971E-1 2.27456E-1 2.24289E-1 2.18401E-1 2.17041E-1 2.07342E-1 2.04783E-1 1.99154E-1 1.93639E-1 1.90732E-1 1.97012E-1 1.98423E-1 2.04389E-1 2.06089E-1 2.02388E-1 2.02499E-1 2.04783E-1 2.0867E-1 2.16908E-1
1.89032E-1 2.0391E-1 2.0318E-1 1.98453E-1 1.96744E-1 1.87673E-1 1.78906E-1 1.74621E-1 1.74811E-1 1.74403E-1 1.75364E-1 1.71183E-1 1.68856E-1 1.65222E-1 1.58847E-1 1.59578E-1 1.6514E-1 1.72979E-1 1.79314E-1 1.85009E-1 1.86364E-1 1.82174E-1 1.79862E-1 1.81131E-1 1.81252E-1 1.82152E-1 1.86009E-1 1.869E-1 1.89639E-1 1.92522E-1 1.89621E-1 1.95208E-1 1.98624E-1 2.02912E-1 2.07941E-1 2.11999E-1 2.10573E-1 2.12029E-1 2.08892E-1 2.0891E-1 2.07094E-1 2.11831E-1 2.1907E-1 2.37057E-1 2.30299E-1 2.32185E-1 2.21071E-1 2.17044E-1 2.07992E-1 2.11309E-1 2.03831E-1 2.08271E-1 2.20988E-1 2.12949E-1 2.16491E-1 2.17227E-1 2.15152E-1 2.14334E-1 2.16222E-1 2.20172E-1 2.21805E-1
1.93808E-1 1.96652E-1 2.01018E-1 2.01165E-1 1.97867E-1 1.91464E-1 1.83566E-1 1.78173E-1 1.80001E-1 1.74534E-1 1.78032E-1 1.77234E-1 1.75443E-1 1.68552E-1 1.59531E-1 1.67003E-1 1.72891E-1 1.76671E-1 1.8342E-1 1.83792E-1 1.83087E-1 1.85959E-1 1.82466E-1 1.8187E-1 1.79454E-1 1.7861E-1 1.80293E-1 1.8476E-1 1.84905E-1 1.85565E-1 1.8922E-1 1.95097E-1 2.00376E-1 2.0552E-1 2.05767E-1 2.12605E-1 2.07676E-1 2.10891E-1 2.08476E-1 2.10299E-1 2.11691E-1 2.17008E-1 2.20926E-1 2.34099E-1 2.40787E-1 2.39347E-1 2.2823E-1 2.22385E-1 2.23296E-1 2.17997E-1 2.26647E-1 2.15783E-1 2.13933E-1 2.11385E-1 2.15834E-1 2.16834E-1 2.22644E-1 2.22766E-1 2.25559E-1 2.33561E-1 2.40885E-1
1.83035E-1 1.89943E-1 1.92635E-1 1.93926E-1 1.97085E-1 2.0069E-1 1.94592E-1 1.89388E-1 1.89373E-1 1.86347E-1 1.81134E-1 1.82063E-1 1.80296E-1 1.74314E-1 1.646E-1 1.68331E-1 1.70939E-1 1.75093E-1 1.85125E-1 1.85468E-1 1.85907E-1 1.87457E-1 1.82361E-1 1.74967E-1 1.77246E-1 1.77902E-1 1.77134E-1 1.80006E-1 1.89979E-1 1.90571E-1 1.99216E-1 1.94663E-1 2.00654E-1 2.04913E-1 2.06288E-1 2.1102E-1 2.12324E-1 2.17889E-1 2.186E-1 2.17091E-1 2.24089E-1 2.2542E-1 2.27618E-1 2.34263E-1 2.38852E-1 2.48068E-1 2.446E-1 2.39565E-1 2.34214E-1 2.22566E-1 2.18591E-1 2.19318E-1 2.21883E-1 2.24743E-1 2.28492E-1 2.26573E-1 2.30072E-1 2.27323E-1 2.36666E-1 2.36321E-1 2.38267E-1
1.86884E-1 1.87639E-1 1.82238E-1 1.89811E-1 2.03458E-1 2.04931E-1 1.98369E-1 1.97641E-1 1.99538E-1 2.01021E-1 1.84054E-1 1.86506E-1 1.84421E-1 1.74575E-1 1.66416E-1 1.67811E-1 1.70957E-1 1.72474E-1 1.86037E-1 1.88823E-1 1.90376E-1 1.86918E-1 1.81534E-1 1.75701E-1 1.70873E-1 1.72777E-1 2.00044E-1 1.90035E-1 1.89178E-1 2.14322E-1 2.10899E-1 1.91392E-1 1.97172E-1 2.02808E-1 2.08405E-1 2.11748E-1 2.1357E-1 2.14247E-1 2.2069E-1 2.18534E-1 2.2316E-1 2.29928E-1 2.34186E-1 2.36828E-1 2.4556E-1 2.5849E-1 2.72849E-1 2.65679E-1 2.45E-1 2.30559E-1 2.20524E-1 2.2146E-1 2.23182E-1 2.27067E-1 2.31296E-1 2.34279E-1 2.29426E-1 2.33803E-1 2.35687E-1 2.41744E-1 2.44037E-1
