maxent_outputs/red_flowers_linear/red_102.asc
ncols         426
nrows         180
xllcorner     -130.0
yllcorner     24.0
cellsize      0.16666666666666666
NODATA_value  -9999
[rows 54 to 80 of 180, columns 305 to 365 of 426]
1.86581E-1 1.80439E-1 1.81376E-1 1.71929E-1 1.67522E-1 1.64139E-1 1.60878E-1 1.58156E-1 1.55759E-1 1.54302E-1 1.50501E-1 1.53365E-1 1.5174E-1 1.53619E-1 1.58632E-1 1.61156E-1 1.62259E-1 1.62517E-1 1.70086E-1 1.76643E-1 1.81029E-1 1.82206E-1 1.72612E-1 1.81642E-1 2.00519E-1 1.98794E-1 1.88597E-1 1.84793E-1 1.86754E-1 1.88843E-1 1.81609E-1 1.81772E-1 1.82996E-1 1.63618E-1 1.56177E-1 1.78078E-1 1.75008E-1 1.77427E-1 1.85931E-1 2.07831E-1 1.98483E-1 1.85183E-1 1.75758E-1 1.77946E-1 1.74434E-1 1.64897E-1 1.56458E-1 1.72672E-1 1.58867E-1 1.60513E-1 1.62843E-1 1.80572E-1 1.93178E-1 1.95193E-1 1.95951E-1 1.94844E-1 1.92596E-1 1.99375E-1 2.01851E-1 2.00953E-1 2.04796E-1
1.86882E-1 1.83923E-1 1.9214E-1 1.88107E-1 1.81577E-1 1.71072E-1 1.69601E-1 1.66355E-1 1.65222E-1 1.62452E-1 1.58993E-1 1.58115E-1 1.59251E-1 1.64145E-1 1.69352E-1 1.77395E-1 1.84525E-1 1.99331E-1 1.86357E-1 1.83651E-1 1.85581E-1 1.87397E-1 1.91098E-1 1.8241E-1 1.80645E-1 1.79168E-1 1.76191E-1 1.77215E-1 1.80021E-1 1.80587E-1 1.78079E-1 1.8052E-1 1.84535E-1 1.73164E-1 1.7191E-1 1.8351E-1 1.73707E-1 1.77716E-1 1.90938E-1 1.99466E-1 1.91774E-1 1.77882E-1 1.77165E-1 1.68422E-1 1.66262E-1 1.63114E-1 1.80228E-1 1.65983E-1 1.63673E-1 1.69211E-1 1.88323E-1 1.99279E-1 2.03803E-1 2.11193E-1 2.17005E-1 2.06109E-1 2.06816E-1 2.09396E-1 2.12732E-1 2.18455E-1 2.36876E-1
1.99683E-1 1.99449E-1 2.01082E-1 1.91005E-1 1.94561E-1 1.85212E-1 1.82999E-1 1.84433E-1 1.87792E-1 1.79219E-1 1.72881E-1 1.75761E-1 1.79605E-1 1.8096E-1 1.88431E-1 2.00436E-1 2.07716E-1 2.00964E-1 2.06106E-1 2.02281E-1 2.03446E-1 1.94737E-1 1.82295E-1 1.79548E-1 1.78416E-1 1.79586E-1 1.73007E-1 1.7697E-1 1.75696E-1 1.77328E-1 1.77082E-1 1.80379E-1 1.83271E-1 1.84315E-1 2.09369E-1 2.04037E-1 1.79913E-1 1.83328E-1 1.95396E-1 1.80511E-1 1.80464E-1 1.76544E-1 1.71524E-1 1.63315E-1 1.75386E-1 1.6503E-1 1.89359E-1 1.73175E-1 1.8295E-1 2.10451E-1 2.04149E-1 2.09045E-1 2.1153E-1 2.23215E-1 2.29632E-1 2.42181E-1 2.30844E-1 2.27338E-1 2.40046E-1 2.52413E-1 2.68448E-1
2.02053E-1 1.9592E-1 1.97735E-1 1.99615E-1 2.01382E-1 1.82957E-1 1.79735E-1 1.85588E-1 1.94995E-1 1.92142E-1 1.89788E-1 1.97698E-1 1.98788E-1 1.93641E-1 2.01525E-1 2.11669E-1 2.14125E-1 2.05134E-1 2.07428E-1 2.20498E-1 2.17039E-1 1.93421E-1 1.82639E-1 1.83122E-1 1.83273E-1 1.80401E-1 1.81343E-1 1.74216E-1 1.75747E-1 1.77823E-1 1.75354E-1 1.8542E-1 1.93836E-1 1.99631E-1 2.13756E-1 2.23608E-1 1.84889E-1 1.89013E-1 1.90348E-1 1.92588E-1 1.86841E-1 1.79548E-1 1.71974E-1 1.71781E-1 1.72951E-1 1.66322E-1 2.01872E-1 2.04776E-1 2.21148E-1 2.23675E-1 2.14925E-1 2.24533E-1 2.2878E-1 2.40317E-1 2.4775E-1 2.54521E-1 2.51426E-1 2.56747E-1 2.70673E-1 2.877E-1 2.9928E-1
1.99784E-1 2.05984E-1 2.07138E-1 1.99522E-1 2.00253E-1 1.98017E-1 2.02668E-1 1.94689E-1 2.06109E-1 2.09308E-1 2.14255E-1 2.15032E-1 2.11241E-1 2.10057E-1 2.23522E-1 2.40587E-1 2.47559E-1 2.52756E-1 2.53308E-1 2.13636E-1 1.96839E-1 1.84604E-1 1.9117E-1 1.91857E-1 1.92633E-1 1.91608E-1 1.85402E-1 1.87883E-1 1.90109E-1 1.92249E-1 1.86815E-1 1.82155E-1 1.99104E-1 2.02327E-1 2.03563E-1 2.01019E-1 1.96294E-1 2.05558E-1 1.99627E-1 1.87998E-1 1.87781E-1 1.88581E-1 1.78254E-1 1.79445E-1 1.80208E-1 2.14425E-1 2.44563E-1 2.85528E-1 2.54179E-1 2.44679E-1 2.45892E-1 2.41187E-1 2.53295E-1 2.56791E-1 2.68897E-1 2.81486E-1 2.77446E-1 2.82081E-1 2.95465E-1 3.09465E-1 3.25983E-1
2.14119E-1 2.20749E-1 2.12762E-1 2.20107E-1 2.22855E-1 2.26653E-1 2.2035E-1 2.21396E-1 2.35333E-1 2.45842E-1 2.4316E-1 2.55303E-1 2.44335E-1 2.69981E-1 3.07719E-1 3.49046E-1 3.09519E-1 2.71549E-1 2.31931E-1 2.12279E-1 2.01459E-1 1.9765E-1 2.0723E-1 2.024E-1 2.00589E-1 1.96831E-1 1.98625E-1 1.97139E-1 1.93889E-1 1.92203E-1 1.88758E-1 1.9988E-1 2.07265E-1 2.13026E-1 2.07261E-1 1.91214E-1 2.04529E-1 2.10293E-1 2.15816E-1 1.94609E-1 2.00498E-1 1.86665E-1 1.79099E-1 1.98628E-1 2.22635E-1 2.51454E-1 2.59819E-1 2.62952E-1 2.65707E-1 2.55207E-1 2.60816E-1 2.65414E-1 2.75108E-1 2.84472E-1 2.91739E-1 2.99625E-1 3.04619E-1 3.16656E-1 3.24421E-1 3.27977E-1 3.39856E-1
2.44888E-1 2.58475E-1 2.60094E-1 2.69705E-1 2.81877E-1 2.96739E-1 3.09064E-1 3.1752E-1 3.33365E-1 3.36215E-1 3.11481E-1 3.01023E-1 2.74995E-1 3.25468E-1 3.85714E-1 3.83688E-1 3.66261E-1 3.17877E-1 2.71757E-1 2.47001E-1 2.27958E-1 2.16566E-1 2.06383E-1 2.09195E-1 2.07835E-1 2.08286E-1 2.08374E-1 2.11753E-1 2.06632E-1 1.99338E-1 1.94236E-1 1.96984E-1 2.13941E-1 2.21312E-1 2.0645E-1 1.94625E-1 2.12543E-1 2.26079E-1 2.2516E-1 2.03484E-1 2.06499E-1 2.07259E-1 2.04374E-1 2.13842E-1 2.27864E-1 2.41247E-1 2.6996E-1 2.76531E-1 2.76235E-1 2.71153E-1 2.71809E-1 3.24895E-1 2.97722E-1 2.90696E-1 3.048E-1 3.27951E-1 3.5813E-1 3.70535E-1 3.6136E-1 3.733E-1 4.09957E-1
3.2559E-1 3.65737E-1 3.70928E-1 3.7814E-1 3.79875E-1 3.76365E-1 3.7235E-1 3.70684E-1 3.74097E-1 3.75954E-1 3.85299E-1 3.87231E-1 3.91661E-1 4.16909E-1 4.26634E-1 4.29683E-1 4.22552E-1 3.49346E-1 2.73861E-1 2.44728E-1 2.31795E-1 2.31031E-1 2.2931E-1 2.31661E-1 2.22401E-1 2.18371E-1 2.27517E-1 2.25426E-1 2.23863E-1 2.10139E-1 2.13305E-1 2.22332E-1 2.28256E-1 2.29795E-1 2.20722E-1 2.06603E-1 2.12917E-1 2.28497E-1 2.33904E-1 2.28719E-1 2.24765E-1 2.15889E-1 2.22081E-1 2.29132E-1 2.27331E-1 2.37715E-1 2.52546E-1 2.75267E-1 2.71318E-1 2.73423E-1 2.76627E-1 3.04297E-1 2.99698E-1 3.20092E-1 3.53872E-1 3.86487E-1 3.85618E-1 4.01157E-1 -9999 4.95932E-1 -9999
3.98898E-1 3.97829E-1 3.928E-1 3.912E-1 3.83428E-1 3.76566E-1 3.73142E-1 3.70914E-1 3.78202E-1 3.90639E-1 4.00507E-1 4.09559E-1 4.17513E-1 4.29355E-1 4.38336E-1 4.38299E-1 4.02327E-1 3.55376E-1 2.90156E-1 2.65693E-1 2.53868E-1 2.41472E-1 2.50136E-1 2.57959E-1 2.52595E-1 2.4279E-1 2.40333E-1 2.3854E-1 2.38137E-1 2.28285E-1 2.26109E-1 2.38358E-1 2.32275E-1 2.4213E-1 2.24242E-1 2.1366E-1 2.16071E-1 2.21748E-1 2.48058E-1 2.41915E-1 2.30228E-1 2.31801E-1 2.339E-1 2.35698E-1 2.33244E-1 2.43487E-1 2.58871E-1 2.81279E-1 2.78164E-1 2.80543E-1 2.95832E-1 3.03284E-1 3.25717E-1 3.64172E-1 -9999 -9999 -9999 -9999 -9999 -9999 -9999
4.14344E-1 4.03953E-1 3.80743E-1 3.51392E-1 3.38899E-1 3.29709E-1 3.23851E-1 3.23092E-1 3.42406E-1 3.77648E-1 3.91414E-1 3.96259E-1 4.03745E-1 4.02348E-1 3.81139E-1 3.29362E-1 3.16823E-1 3.02758E-1 2.96649E-1 2.96129E-1 2.87653E-1 2.70459E-1 2.71474E-1 2.70485E-1 2.64489E-1 2.57399E-1 2.55307E-1 2.58726E-1 2.55268E-1 2.56705E-1 2.53256E-1 2.53519E-1 2.46099E-1 2.30049E-1 2.1682E-1 2.14973E-1 2.279E-1 2.46326E-1 2.582E-1 2.48637E-1 2.39669E-1 2.4773E-1 2.47743E-1 2.47704E-1 2.56964E-1 2.55638E-1 2.55317E-1 2.64211E-1 2.93916E-1 3.02649E-1 3.15409E-1 3.31966E-1 3.65593E-1 -9999 -9999 -9999 -9999 -9999 -9999 -9999 -9999
3.43237E-1 3.34521E-1 3.19261E-1 2.96941E-1 2.85463E-1 2.77944E-1 2.6885E-1 2.66716E-1 2.806E-1 2.9912E-1 3.03403E-1 2.95714E-1 2.94776E-1 3.07879E-1 3.02988E-1 3.0119E-1 3.01209E-1 2.95558E-1 3.01701E-1 3.21231E-1 3.04378E-1 2.80606E-1 2.70939E-1 2.54621E-1 2.48315E-1 2.46206E-1 2.6082E-1 2.60777E-1 2.67241E-1 2.81052E-1 2.74616E-1 2.61548E-1 2.48316E-1 2.25391E-1 2.22275E-1 2.32432E-1 2.59851E-1 2.77258E-1 2.72355E-1 2.58049E-1 2.50853E-1 2.64994E-1 2.7071E-1 2.77517E-1 2.80897E-1 2.63697E-1 2.6132E-1 2.85577E-1 3.06176E-1 3.08951E-1 3.43247E-1 3.76065E-1 -9999 -9999 -9999 -9999 -9999 -9999 -9999 -9999 -9999
3.32969E-1 3.36383E-1 3.12879E-1 2.88035E-1 2.80954E-1 2.72513E-1 2.58676E-1 2.61727E-1 2.75701E-1 2.8116E-1 2.82842E-1 2.79739E-1 2.80407E-1 2.87976E-1 2.88113E-1 2.85779E-1 2.87016E-1 2.8698E-1 2.80191E-1 2.87916E-1 2.79458E-1 2.71176E-1 2.72205E-1 2.68012E-1 2.59858E-1 2.44223E-1 2.51707E-1 2.72569E-1 2.81491E-1 2.79728E-1 2.74619E-1 2.64647E-1 2.53836E-1 2.35961E-1 2.29616E-1 2.48562E-1 2.74856E-1 2.979E-1 2.86595E-1 2.76449E-1 2.61613E-1 2.7422E-1 2.90332E-1 2.96855E-1 3.071E-1 2.94093E-1 2.84274E-1 3.10896E-1 3.20472E-1 3.40862E-1 3.82377E-1 3.86111E-1 -9999 -9999 -9999 -9999 -9999 -9999 -9999 -9999 -9999
3.26822E-1 3.4637E-1 3.22039E-1 2.88019E-1 2.75923E-1 2.74099E-1 2.63756E-1 2.60577E-1 2.61807E-1 2.60879E-1 2.64473E-1 2.68188E-1 2.68044E-1 2.82361E-1 2.8468E-1 2.73154E-1 2.78719E-1 2.86402E-1 2.82447E-1 2.76659E-1 2.77805E-1 2.68809E-1 2.64134E-1 2.56103E-1 2.52304E-1 2.58061E-1 2.60101E-1 2.55711E-1 2.62202E-1 2.65163E-1 2.64918E-1 2.66464E-1 2.59143E-1 2.46572E-1 2.39121E-1 2.51967E-1 2.933E-1 3.10388E-1 3.09069E-1 2.8254E-1 2.77343E-1 2.7639E-1 3.02764E-1 3.10177E-1 3.3146E-1 3.18786E-1 3.04795E-1 3.33114E-1 3.46061E-1 3.78149E-1 3.97551E-1 5.25587E-1 -9999 -9999 -9999 -9999 -9999 -9999 -9999 -9999 -9999
3.77066E-1 3.43306E-1 3.08153E-1 2.82765E-1 2.58656E-1 2.5965E-1 2.57494E-1 2.54537E-1 2.51877E-1 2.56903E-1 2.67704E-1 2.64263E-1 2.60647E-1 2.86667E-1 2.95674E-1 2.7265E-1 2.79378E-1 2.8516E-1 2.81312E-1 2.75773E-1 2.69309E-1 2.61606E-1 2.61972E-1 2.48133E-1 2.4649E-1 2.6056E-1 2.56595E-1 2.60402E-1 2.63292E-1 2.67569E-1 2.68737E-1 2.70199E-1 2.60833E-1 2.61395E-1 2.74277E-1 2.80243E-1 3.06147E-1 3.1537E-1 3.14206E-1 3.00364E-1 2.91094E-1 2.89902E-1 2.95317E-1 3.14378E-1 3.53945E-1 3.43481E-1 3.50678E-1 3.70719E-1 4.01137E-1 4.07509E-1 4.20121E-1 4.5251E-1 -9999 -9999 -9999 -9999 -9999 -9999 -9999 -9999 -9999
3.24112E-1 2.91907E-1 2.68208E-1 2.58758E-1 2.44869E-1 2.40534E-1 2.4258E-1 2.52301E-1 2.44914E-1 2.35129E-1 2.40411E-1 2.44521E-1 2.64492E-1 2.67023E-1 2.72791E-1 2.84609E-1 2.7446E-1 2.77994E-1 2.79351E-1 2.74159E-1 2.77581E-1 2.73926E-1 2.69664E-1 2.5892E-1 2.53982E-1 2.55246E-1 2.45485E-1 2.52555E-1 2.64949E-1 2.67232E-1 2.7359E-1 2.72152E-1 2.65096E-1 2.70061E-1 2.79725E-1 2.99725E-1 3.07796E-1 3.09498E-1 3.18429E-1 3.04561E-1 3.17989E-1 2.99273E-1 2.98664E-1 3.30376E-1 3.67842E-1 3.74427E-1 3.96101E-1 4.14842E-1 4.2749E-1 4.29074E-1 4.4651E-1 4.62546E-1 -9999 -9999 -9999 -9999 -9999 -9999 -9999 -9999 -9999
2.94966E-1 2.86497E-1 2.65049E-1 2.48331E-1 2.33153E-1 2.32528E-1 2.34799E-1 2.36825E-1 2.31469E-1 2.21417E-1 2.24598E-1 2.44168E-1 2.51979E-1 2.57903E-1 2.61549E-1 2.67861E-1 2.75683E-1 2.8703E-1 2.88619E-1 2.8556E-1 2.85734E-1 2.8147E-1 2.77112E-1 2.71277E-1 2.65729E-1 2.5855E-1 2.50006E-1 2.56932E-1 2.61766E-1 2.70286E-1 2.73454E-1 2.7746E-1 2.7637E-1 2.74016E-1 2.88933E-1 2.99E-1 3.13384E-1 3.15493E-1 3.31563E-1 3.18839E-1 3.48901E-1 3.45721E-1 3.17853E-1 3.51397E-1 3.88013E-1 4.06159E-1 4.18157E-1 4.34546E-1 4.46904E-1 4.50741E-1 -9999 -9999 -9999 -9999 -9999 -9999 -9999 -9999 -9999 -9999 -9999
2.75835E-1 2.68618E-1 2.6858E-1 2.55405E-1 2.40719E-1 2.34603E-1 2.3201E-1 2.21643E-1 2.2412E-1 2.31702E-1 2.30355E-1 2.39028E-1 2.49715E-1 2.55052E-1 2.5597E-1 2.65368E-1 2.75801E-1 2.85045E-1 2.89782E-1 2.94331E-1 2.9262E-1 2.88039E-1 2.85221E-1 2.80477E-1 2.70539E-1 2.67417E-1 2.63746E-1 2.73268E-1 2.90873E-1 2.93517E-1 3.0802E-1 3.12217E-1 2.89461E-1 2.8863E-1 3.00104E-1 3.19909E-1 3.33264E-1 3.42337E-1 3.72515E-1 3.67159E-1 3.68001E-1 3.71886E-1 3.63074E-1 3.87861E-1 4.04431E-1 4.25603E-1 4.32889E-1 4.57105E-1 4.72471E-1 4.90967E-1 5.05904E-1 -9999 -9999 -9999 -9999 -9999 -9999 -9999 -9999 -9999 -9999
2.87221E-1 2.88689E-1 2.76882E-1 2.69826E-1 2.54084E-1 2.36959E-1 2.2834E-1 2.20706E-1 2.16336E-1 2.25181E-1 2.32159E-1 2.42436E-1 2.49682E-1 2.60196E-1 2.68547E-1 2.67536E-1 2.75547E-1 2.8353E-1 2.92563E-1 2.96031E-1 2.93626E-1 2.89026E-1 2.89665E-1 2.94886E-1 2.94414E-1 2.90874E-1 2.9287E-1 3.11958E-1 3.2163E-1 3.44825E-1 3.41448E-1 3.30196E-1 3.10413E-1 2.96506E-1 3.19905E-1 3.27252E-1 3.46349E-1 3.73853E-1 3.85055E-1 3.848E-1 3.88617E-1 3.98841E-1 4.06146E-1 4.01907E-1 4.28555E-1 4.42752E-1 4.49916E-1 4.6994E-1 4.8619E-1 5.03049E-1 5.27041E-1 5.23377E-1 -9999 5.1373E-1 5.32873E-1 -9999 -9999 -9999 -9999 -9999 -9999
2.87547E-1 2.91529E-1 2.79643E-1 2.71607E-1 2.55453E-1 2.43461E-1 2.36077E-1 2.30131E-1 2.25906E-1 2.32054E-1 2.36871E-1 2.43877E-1 2.5052E-1 2.46607E-1 2.62554E-1 2.76999E-1 2.81431E-1 2.80157E-1 2.87059E-1 2.92991E-1 2.92303E-1 2.92193E-1 2.96E-1 2.9505E-1 2.9945E-1 3.04445E-1 3.09345E-1 3.19086E-1 3.42569E-1 3.70708E-1 3.55E-1 3.50304E-1 3.35215E-1 3.14977E-1 3.29749E-1 3.51992E-1 3.82454E-1 4.08782E-1 3.99491E-1 3.99308E-1 4.09183E-1 4.20398E-1 4.26989E-1 4.23373E-1 4.59796E-1 4.73626E-1 4.7961E-1 4.92089E-1 5.06732E-1 5.25751E-1 5.40749E-1 5.3767E-1 -9999 -9999 5.62025E-1 5.83849E-1 -9999 -9999 -9999 -9999 -9999
2.86064E-1 2.8099E-1 2.69689E-1 2.65815E-1 2.57698E-1 2.51807E-1 2.44458E-1 2.41523E-1 2.45457E-1 2.46181E-1 2.40429E-1 2.36244E-1 2.43145E-1 2.50931E-1 2.69866E-1 2.78777E-1 2.90066E-1 2.89067E-1 2.85398E-1 2.87232E-1 2.8836E-1 2.93507E-1 2.98491E-1 2.9664E-1 3.00578E-1 3.0913E-1 3.19196E-1 3.31457E-1 3.50227E-1 3.61467E-1 3.51145E-1 3.57474E-1 3.46751E-1 3.5269E-1 3.73287E-1 3.86036E-1 4.12125E-1 4.27468E-1 4.34737E-1 4.34529E-1 4.37757E-1 4.39361E-1 4.45632E-1 4.55159E-1 4.85526E-1 4.95407E-1 4.94116E-1 5.13763E-1 5.27512E-1 5.40899E-1 5.48715E-1 5.49221E-1 5.59138E-1 5.67088E-1 5.80761E-1 5.86057E-1 -9999 -9999 -9999 -9999 -9999
2.81616E-1 2.73642E-1 2.69822E-1 2.7251E-1 2.75599E-1 2.74606E-1 2.70115E-1 2.6937E-1 2.61705E-1 2.57486E-1 2.57114E-1 2.48658E-1 2.49145E-1 2.63757E-1 2.71631E-1 2.7514E-1 2.78888E-1 2.96164E-1 3.03879E-1 3.00569E-1 2.9269E-1 2.98997E-1 3.06723E-1 3.07106E-1 3.19514E-1 3.28215E-1 3.43705E-1 3.62852E-1 3.70069E-1 3.55686E-1 3.65685E-1 3.7426E-1 3.79794E-1 3.92228E-1 4.04404E-1 4.14321E-1 4.36872E-1 4.62247E-1 4.73055E-1 4.79409E-1 4.7246E-1 4.79598E-1 4.90912E-1 4.99731E-1 5.0941E-1 5.06905E-1 5.09809E-1 5.39233E-1 5.47511E-1 5.52864E-1 5.65319E-1 5.72863E-1 5.64399E-1 5.63191E-1 5.63245E-1 6.09691E-1 -9999 -9999 -9999 -9999 -9999
2.84376E-1 2.80003E-1 2.82526E-1 2.86845E-1 2.92533E-1 2.92493E-1 2.9274E-1 2.88603E-1 2.81233E-1 2.78032E-1 2.80097E-1 2.82333E-1 2.90896E-1 2.96668E-1 2.97146E-1 2.9014E-1 2.8776E-1 2.90696E-1 3.05956E-1 3.10411E-1 3.16752E-1 3.18911E-1 3.13882E-1 3.32914E-1 3.36597E-1 3.47035E-1 3.60464E-1 3.73116E-1 3.78881E-1 3.83981E-1 4.05274E-1 4.14354E-1 4.13225E-1 4.19983E-1 4.36369E-1 4.56367E-1 4.79533E-1 4.9698E-1 5.03527E-1 5.20056E-1 5.28713E-1 5.2915E-1 5.26139E-1 5.14153E-1 5.13513E-1 5.1505E-1 5.23357E-1 5.45805E-1 5.67753E-1 5.64579E-1 5.7123E-1 5.77609E-1 5.89664E-1 6.30588E-1 5.9435E-1 -9999 -9999 -9999 -9999 -9999 -9999
3.00667E-1 2.94178E-1 2.95819E-1 2.97677E-1 3.01844E-1 2.97337E-1 3.02836E-1 3.04436E-1 3.01343E-1 3.03598E-1 3.10283E-1 3.20661E-1 3.27473E-1 3.35032E-1 3.19377E-1 3.08106E-1 3.08529E-1 3.11566E-1 3.21682E-1 3.32304E-1 3.31607E-1 3.26849E-1 3.39361E-1 3.47084E-1 3.4358E-1 3.61592E-1 3.73262E-1 3.78765E-1 3.93289E-1 4.16991E-1 4.24998E-1 4.26318E-1 4.18701E-1 4.41412E-1 4.64378E-1 4.91286E-1 5.14245E-1 5.22974E-1 5.29454E-1 5.34174E-1 5.4655E-1 5.41021E-1 5.33276E-1 5.29993E-1 5.15496E-1 5.20777E-1 -9999 -9999 -9999 -9999 5.67947E-1 -9999 -9999 5.7635E-1 5.59195E-1 5.60484E-1 -9999 -9999 -9999 -9999 -9999
3.14848E-1 3.14179E-1 3.0804E-1 3.13455E-1 3.1378E-1 3.07131E-1 3.05778E-1 3.06739E-1 3.23605E-1 3.31877E-1 3.29625E-1 3.28613E-1 3.45881E-1 3.51E-1 3.31305E-1 3.30796E-1 3.3042E-1 3.43399E-1 3.45399E-1 3.41593E-1 3.36983E-1 3.47402E-1 3.59017E-1 3.69806E-1 3.80033E-1 3.82838E-1 3.81107E-1 4.10843E-1 4.38707E-1 4.50562E-1 4.53075E-1 4.53842E-1 4.46729E-1 4.69491E-1 4.9453E-1 5.04345E-1 5.34901E-1 -9999 -9999 5.6041E-1 5.76589E-1 5.74647E-1 5.63955E-1 5.64714E-1 -9999 5.36041E-1 -9999 -9999 -9999 -9999 -9999 -9999 -9999 -9999 -9999 -9999 -9999 -9999 -9999 -9999 -9999
3.36326E-1 3.36703E-1 3.33321E-1 3.30493E-1 3.27128E-1 3.11991E-1 3.19192E-1 3.39612E-1 3.37441E-1 3.36796E-1 3.39061E-1 3.52731E-1 3.64614E-1 3.58476E-1 3.60574E-1 3.50229E-1 3.4757E-1 3.60825E-1 3.64973E-1 3.67159E-1 3.69024E-1 3.74698E-1 3.74939E-1 3.93582E-1 4.01326E-1 4.05415E-1 4.21073E-1 4.50013E-1 4.69738E-1 4.83405E-1 4.94553E-1 4.93141E-1 4.888E-1 5.20349E-1 5.46277E-1 5.45808E-1 5.50052E-1 5.53694E-1 5.45594E-1 5.38874E-1 5.81092E-1 5.61184E-1 5.57202E-1 -9999 -9999 -9999 -9999 -9999 -9999 -9999 -9999 -9999 -9999 -9999 -9999 -9999 -9999 -9999 -9999 -9999 -9999
3.53321E-1 3.50844E-1 3.48611E-1 3.40622E-1 3.33819E-1 3.40931E-1 3.4512E-1 3.45538E-1 3.50941E-1 3.51738E-1 3.65715E-1 3.77742E-1 3.82008E-1 3.79114E-1 3.75463E-1 3.70147E-1 3.70124E-1 3.80215E-1 3.9243E-1 3.98386E-1 3.89021E-1 3.87785E-1 3.88847E-1 3.98114E-1 4.22658E-1 4.32142E-1 4.42285E-1 4.62529E-1 4.88278E-1 5.16721E-1 5.37922E-1 5.44E-1 5.4311E-1 5.17009E-1 5.33836E-1 5.4523E-1 5.51026E-1 5.59616E-1 5.51265E-1 5.35188E-1 -9999 -9999 -9999 -9999 -9999 -9999 -9999 -9999 -9999 -9999 -9999 -9999 -9999 -9999 -9999 -9999 -9999 -9999 -9999 -9999 -9999
3.6714E-1 3.63557E-1 3.52099E-1 3.47508E-1 3.54048E-1 3.6046E-1 3.5929E-1 3.62739E-1 3.651E-1 3.71418E-1 3.80608E-1 3.92358E-1 3.97363E-1 4.00126E-1 3.92997E-1 3.94014E-1 3.98002E-1 4.08992E-1 4.13006E-1 4.11369E-1 4.06004E-1 4.1333E-1 4.28803E-1 4.29602E-1 4.39779E-1 4.53362E-1 4.6056E-1 4.85906E-1 5.09569E-1 5.31509E-1 5.50533E-1 5.60463E-1 5.57901E-1 5.33671E-1 5.37868E-1 5.62102E-1 5.82014E-1 -9999 -9999 -9999 -9999 -9999 -9999 -9999 -9999 -9999 -9999 -9999 -9999 -9999 -9999 -9999 -9999 -9999 -9999 -9999 -9999 -9999 -9999 -9999 -9999
