maxent_outputs/red_flowers_linear/red_164.asc
ncols         426
nrows         180
xllcorner     -130.0
yllcorner     24.0
cellsize      0.16666666666666666
NODATA_value  -9999
[rows 27 to 53 of 180, columns 61 to 121 of 426]
6.43308E-1 6.22069E-1 7.07768E-1 7.20493E-1 6.36943E-1 6.38699E-1 7.50625E-1 7.13705E-1 6.50302E-1 7.55411E-1 7.04593E-1 7.38172E-1 7.45206E-1 6.82849E-1 7.43775E-1 7.26948E-1 7.69445E-1 7.37991E-1 7.09193E-1 7.67937E-1 7.11902E-1 7.37245E-1 7.32273E-1 6.31288E-1 6.29304E-1 6.23597E-1 5.53192E-1 5.86064E-1 6.20426E-1 6.61684E-1 6.5907E-1 6.7952E-1 6.64665E-1 6.62434E-1 6.36801E-1 5.937E-1 5.62618E-1 5.48313E-1 5.42846E-1 5.36931E-1 5.27149E-1 5.21725E-1 5.20796E-1 5.19639E-1 5.11324E-1 5.01032E-1 4.84551E-1 4.62718E-1 4.46271E-1 4.43114E-1 4.374E-1 4.28303E-1 4.10985E-1 3.93176E-1 3.85391E-1 3.82867E-1 3.86397E-1 3.82136E-1 3.67628E-1 3.68052E-1 3.62237E-1
6.41461E-1 5.93146E-1 6.65114E-1 7.52958E-1 6.67748E-1 6.22251E-1 6.74033E-1 7.11409E-1 6.55003E-1 7.26495E-1 7.27894E-1 7.31894E-1 7.1599E-1 6.91457E-1 7.06967E-1 6.9187E-1 7.58799E-1 7.62391E-1 7.29464E-1 6.91846E-1 6.89209E-1 6.82325E-1 6.98326E-1 6.4298E-1 6.86322E-1 6.44018E-1 6.02627E-1 5.40558E-1 5.9235E-1 6.38549E-1 6.77471E-1 6.46368E-1 6.80239E-1 7.12107E-1 7.24591E-1 6.36436E-1 5.93886E-1 5.78206E-1 5.59858E-1 5.49523E-1 5.48218E-1 5.47525E-1 5.45505E-1 5.3566E-1 5.23991E-1 5.08322E-1 4.94373E-1 4.67237E-1 4.44775E-1 4.39832E-1 4.38532E-1 4.22936E-1 4.11036E-1 4.02571E-1 3.92999E-1 3.81599E-1 3.53579E-1 3.40923E-1 3.25167E-1 3.13035E-1 3.19152E-1
6.84065E-1 6.10168E-1 6.35869E-1 6.59092E-1 6.00155E-1 5.91402E-1 6.23547E-1 6.56223E-1 6.31032E-1 6.73685E-1 7.27548E-1 7.15587E-1 6.77361E-1 6.54452E-1 7.05997E-1 6.86144E-1 7.60719E-1 7.41116E-1 7.08466E-1 6.32102E-1 6.66964E-1 6.38211E-1 6.42778E-1 6.61235E-1 6.5636E-1 6.49461E-1 6.60875E-1 5.84663E-1 6.05992E-1 6.70181E-1 6.58683E-1 6.3206E-1 6.12272E-1 6.62684E-1 7.07624E-1 6.86246E-1 6.58116E-1 6.28758E-1 5.8885E-1 5.63857E-1 5.56081E-1 5.5825E-1 5.39892E-1 5.0984E-1 4.79892E-1 4.9407E-1 4.81765E-1 4.67838E-1 4.60961E-1 4.64246E-1 4.59389E-1 4.52254E-1 4.49344E-1 4.36593E-1 4.15271E-1 3.97285E-1 3.71084E-1 3.31195E-1 3.07418E-1 3.00933E-1 3.02277E-1
7.03266E-1 6.07279E-1 5.95149E-1 5.93941E-1 5.8752E-1 6.20883E-1 6.33189E-1 6.12168E-1 6.92572E-1 6.63734E-1 6.6885E-1 6.48011E-1 6.29216E-1 6.78182E-1 7.18779E-1 7.09531E-1 7.47825E-1 7.05453E-1 7.2122E-1 7.20065E-1 6.4452E-1 6.67359E-1 6.88897E-1 7.15138E-1 6.35832E-1 6.22304E-1 6.80149E-1 6.26827E-1 5.65402E-1 6.63925E-1 6.64606E-1 6.64744E-1 5.81676E-1 6.17704E-1 6.62725E-1 6.7603E-1 7.16546E-1 7.22665E-1 6.29834E-1 6.06283E-1 5.80691E-1 5.61557E-1 5.40287E-1 5.22121E-1 5.05948E-1 5.04564E-1 5.02159E-1 4.76063E-1 4.64819E-1 4.99864E-1 4.99575E-1 5.02596E-1 5.29493E-1 4.71423E-1 4.25572E-1 3.98089E-1 3.84572E-1 3.64332E-1 3.48394E-1 3.59067E-1 3.50585E-1
7.017E-1 5.8435E-1 5.45268E-1 5.99805E-1 6.67041E-1 6.48895E-1 6.46801E-1 6.16151E-1 7.44901E-1 6.78872E-1 5.95285E-1 6.41289E-1 6.7777E-1 6.87237E-1 6.67201E-1 7.34711E-1 7.21017E-1 6.84417E-1 7.19299E-1 7.44775E-1 6.6215E-1 6.26638E-1 6.54214E-1 6.70413E-1 6.59748E-1 6.51274E-1 6.55371E-1 6.54117E-1 6.32598E-1 5.78572E-1 6.5787E-1 6.73446E-1 6.4042E-1 5.67606E-1 5.93662E-1 6.18225E-1 6.4551E-1 7.25808E-1 6.79393E-1 6.40236E-1 5.83058E-1 5.49732E-1 5.37972E-1 5.17561E-1 5.00039E-1 4.9717E-1 4.91243E-1 4.65389E-1 4.40239E-1 4.24381E-1 4.26074E-1 4.46634E-1 4.54004E-1 4.41514E-1 4.24333E-1 4.00959E-1 3.84953E-1 3.77913E-1 3.69048E-1 3.77315E-1 3.76586E-1
6.32463E-1 5.51558E-1 5.63685E-1 6.23201E-1 6.3006E-1 6.47787E-1 6.16326E-1 6.78529E-1 7.33565E-1 6.77406E-1 6.35186E-1 6.11331E-1 6.55814E-1 6.88163E-1 6.77606E-1 6.66431E-1 6.96206E-1 6.7467E-1 7.295E-1 6.9544E-1 6.41188E-1 6.86171E-1 6.75925E-1 6.54788E-1 6.73505E-1 6.53882E-1 6.59984E-1 6.6189E-1 6.37377E-1 6.10488E-1 6.37316E-1 5.98182E-1 6.496E-1 6.15922E-1 6.0099E-1 6.24853E-1 6.57041E-1 6.65192E-1 7.20745E-1 6.60823E-1 5.78511E-1 5.66816E-1 5.54839E-1 5.54662E-1 5.48271E-1 5.281E-1 5.13454E-1 4.66186E-1 4.39822E-1 4.17626E-1 4.02732E-1 4.08058E-1 4.04523E-1 4.04834E-1 4.12295E-1 4.03947E-1 3.91422E-1 3.80449E-1 3.79459E-1 3.7245E-1 3.79933E-1
6.40884E-1 5.35693E-1 5.63814E-1 6.39416E-1 6.73315E-1 6.71312E-1 6.24605E-1 6.79257E-1 6.96689E-1 6.32944E-1 6.57104E-1 6.1282E-1 6.36943E-1 6.96063E-1 6.82764E-1 6.5314E-1 6.89988E-1 6.41529E-1 7.04246E-1 6.90295E-1 6.3279E-1 6.90313E-1 7.05689E-1 6.51914E-1 6.87046E-1 6.11059E-1 6.41074E-1 6.36599E-1 6.2748E-1 6.26532E-1 6.25455E-1 6.17611E-1 5.86982E-1 5.87119E-1 5.98491E-1 6.37553E-1 6.1541E-1 6.28036E-1 6.71683E-1 6.77657E-1 6.15999E-1 5.85739E-1 5.67532E-1 5.56736E-1 5.41252E-1 5.18758E-1 5.04635E-1 4.73104E-1 4.49382E-1 4.34883E-1 4.13229E-1 4.1059E-1 3.94205E-1 3.81822E-1 3.87492E-1 3.88445E-1 3.81717E-1 3.79836E-1 3.70404E-1 3.76776E-1 4.31808E-1
5.34489E-1 5.3898E-1 5.67835E-1 5.99483E-1 6.3456E-1 6.08756E-1 6.33207E-1 6.69864E-1 6.82521E-1 6.1327E-1 6.48964E-1 6.56986E-1 5.83264E-1 6.82017E-1 6.70507E-1 6.05829E-1 6.57407E-1 6.42114E-1 6.64665E-1 6.57405E-1 6.79753E-1 6.98256E-1 6.96828E-1 6.81717E-1 7.17548E-1 6.53859E-1 6.46011E-1 6.28406E-1 6.25062E-1 5.99121E-1 6.19412E-1 6.38427E-1 5.77983E-1 5.50908E-1 6.22361E-1 6.3721E-1 6.27399E-1 6.4293E-1 6.55359E-1 7.00507E-1 7.14608E-1 6.67965E-1 6.01676E-1 5.77105E-1 5.58372E-1 5.33391E-1 5.09025E-1 4.76872E-1 4.49526E-1 4.35555E-1 4.25589E-1 4.07337E-1 4.0697E-1 3.88257E-1 3.83545E-1 3.77735E-1 3.68848E-1 3.68358E-1 3.61895E-1 4.1848E-1 5.07256E-1
5.2195E-1 5.35321E-1 5.23413E-1 5.3089E-1 5.3991E-1 5.61697E-1 6.4124E-1 6.52446E-1 6.50175E-1 6.16056E-1 6.64567E-1 6.45226E-1 5.93475E-1 6.30449E-1 6.14283E-1 6.10624E-1 6.32115E-1 6.62333E-1 6.43042E-1 6.69311E-1 7.12854E-1 7.18553E-1 6.68189E-1 6.74711E-1 6.81954E-1 6.96222E-1 6.55117E-1 6.3366E-1 6.36127E-1 6.20773E-1 6.09195E-1 6.24718E-1 6.35699E-1 6.19651E-1 6.1531E-1 6.41845E-1 6.04774E-1 6.32257E-1 6.4059E-1 6.47543E-1 6.76589E-1 7.07304E-1 6.81019E-1 6.06716E-1 5.6291E-1 5.30261E-1 4.99507E-1 4.79074E-1 4.56744E-1 4.40437E-1 4.32355E-1 4.44989E-1 4.37236E-1 4.32539E-1 4.25957E-1 4.15091E-1 3.95905E-1 3.80435E-1 3.79965E-1 4.2073E-1 4.81847E-1
5.18699E-1 5.04364E-1 4.96749E-1 5.20811E-1 5.77149E-1 5.71918E-1 5.92863E-1 6.06081E-1 6.34513E-1 6.15244E-1 6.32654E-1 6.19089E-1 6.22927E-1 6.13414E-1 5.89167E-1 6.15343E-1 7.01211E-1 6.75214E-1 6.17265E-1 6.90829E-1 7.11279E-1 6.95533E-1 6.96092E-1 7.10489E-1 6.53653E-1 6.73545E-1 6.91754E-1 6.71527E-1 6.33575E-1 6.61798E-1 6.32478E-1 5.96942E-1 6.41567E-1 6.43277E-1 6.7063E-1 6.77514E-1 6.48136E-1 6.26434E-1 6.25448E-1 6.466E-1 6.89226E-1 6.91453E-1 7.2338E-1 6.10737E-1 5.74924E-1 5.64183E-1 5.31701E-1 5.21961E-1 5.09539E-1 4.95917E-1 4.78243E-1 4.69605E-1 4.48134E-1 4.30966E-1 4.28675E-1 4.25378E-1 4.15649E-1 4.15739E-1 4.22087E-1 4.09249E-1 4.06908E-1
5.18815E-1 5.04986E-1 4.99415E-1 5.44712E-1 5.43112E-1 5.35199E-1 5.33079E-1 5.43832E-1 5.54221E-1 5.66598E-1 5.84272E-1 5.91396E-1 5.9606E-1 6.02475E-1 6.10673E-1 6.11943E-1 6.35868E-1 6.30948E-1 6.43171E-1 7.02938E-1 7.01203E-1 6.95893E-1 6.9145E-1 6.83735E-1 7.13517E-1 6.58515E-1 6.64922E-1 7.26644E-1 6.48242E-1 6.53864E-1 6.4462E-1 5.52108E-1 6.03013E-1 6.16615E-1 6.54074E-1 6.89328E-1 6.37325E-1 6.71452E-1 6.40747E-1 6.66164E-1 7.27299E-1 6.59069E-1 7.38024E-1 6.10543E-1 5.72565E-1 5.70781E-1 5.49138E-1 5.38655E-1 5.19246E-1 4.92883E-1 4.89274E-1 4.98826E-1 4.81419E-1 4.70206E-1 4.73365E-1 4.71875E-1 4.75768E-1 4.54422E-1 4.30276E-1 4.32555E-1 4.12928E-1
5.17024E-1 5.23725E-1 5.35798E-1 5.37274E-1 5.17105E-1 5.22733E-1 5.34425E-1 5.34582E-1 5.35639E-1 5.47991E-1 5.61879E-1 5.82263E-1 5.97621E-1 6.06405E-1 6.22612E-1 6.42273E-1 6.75215E-1 6.88197E-1 6.93953E-1 6.95637E-1 6.73491E-1 6.64534E-1 6.85188E-1 6.83502E-1 7.32892E-1 7.05234E-1 6.5049E-1 6.76074E-1 6.84941E-1 6.33403E-1 6.59291E-1 5.49181E-1 5.53188E-1 5.6728E-1 5.92035E-1 7.02403E-1 5.96876E-1 6.91511E-1 6.64797E-1 6.19484E-1 7.20032E-1 7.06111E-1 7.02334E-1 5.92921E-1 5.66479E-1 5.72037E-1 5.56728E-1 5.61187E-1 5.4152E-1 5.12628E-1 4.97764E-1 5.06815E-1 4.88657E-1 4.97251E-1 5.20757E-1 5.36012E-1 5.07984E-1 4.69784E-1 4.47979E-1 4.407E-1 4.46715E-1
5.2684E-1 5.26575E-1 5.29219E-1 5.25577E-1 5.17988E-1 5.22105E-1 5.27479E-1 5.35411E-1 5.36887E-1 5.4828E-1 5.62462E-1 5.7238E-1 6.0048E-1 6.24433E-1 6.32405E-1 6.34231E-1 6.34362E-1 6.49082E-1 6.67298E-1 6.79804E-1 7.22175E-1 7.03717E-1 7.16104E-1 6.9583E-1 6.94642E-1 7.04091E-1 6.76988E-1 6.82699E-1 6.85154E-1 6.35227E-1 6.42632E-1 5.74242E-1 5.78993E-1 5.48447E-1 5.67679E-1 7.10087E-1 6.24149E-1 6.5351E-1 7.09699E-1 6.66511E-1 6.84595E-1 7.23266E-1 7.13033E-1 6.21457E-1 5.72076E-1 5.55085E-1 5.39124E-1 5.31953E-1 5.14276E-1 5.0413E-1 5.14846E-1 5.15599E-1 5.17186E-1 5.19398E-1 5.35867E-1 6.03154E-1 5.44764E-1 4.99664E-1 4.7904E-1 4.75064E-1 4.60757E-1
5.59304E-1 5.43852E-1 4.95707E-1 5.22711E-1 5.23951E-1 5.2614E-1 5.31708E-1 5.35913E-1 5.39386E-1 5.44661E-1 5.64664E-1 5.7673E-1 6.04609E-1 6.2627E-1 6.35589E-1 6.42793E-1 6.55478E-1 6.63924E-1 6.83537E-1 6.69043E-1 6.69578E-1 6.69663E-1 6.75025E-1 6.76784E-1 6.79786E-1 6.8925E-1 7.17057E-1 7.11313E-1 6.57712E-1 6.41009E-1 7.01951E-1 6.73739E-1 6.77859E-1 6.08406E-1 5.97898E-1 6.8171E-1 6.86346E-1 6.00916E-1 6.72054E-1 6.87949E-1 6.89719E-1 6.68979E-1 7.07038E-1 7.11636E-1 6.3245E-1 5.60002E-1 5.49761E-1 5.84967E-1 5.4114E-1 5.22825E-1 5.25794E-1 5.5457E-1 5.61024E-1 5.5852E-1 5.55305E-1 5.51323E-1 5.25773E-1 5.08051E-1 4.96897E-1 4.76979E-1 4.65808E-1
5.50246E-1 5.37823E-1 5.55981E-1 5.69131E-1 5.67897E-1 5.39781E-1 5.38934E-1 5.40946E-1 5.46618E-1 5.54651E-1 5.60376E-1 5.75782E-1 5.96207E-1 6.22056E-1 6.45986E-1 6.49852E-1 6.54843E-1 6.84566E-1 6.96718E-1 6.91249E-1 6.74478E-1 6.83552E-1 7.18158E-1 7.25054E-1 6.93406E-1 6.96828E-1 6.96242E-1 7.21891E-1 7.34475E-1 6.96388E-1 6.11699E-1 6.59771E-1 6.26266E-1 6.46112E-1 6.36703E-1 7.23523E-1 6.81737E-1 5.98858E-1 5.75827E-1 5.47726E-1 5.73951E-1 5.97724E-1 6.96267E-1 6.51864E-1 6.44484E-1 6.31844E-1 5.63436E-1 5.74847E-1 6.26299E-1 5.99398E-1 5.72364E-1 5.90175E-1 6.41874E-1 6.34133E-1 6.15271E-1 6.51792E-1 6.04038E-1 5.52001E-1 5.26103E-1 5.10814E-1 4.79833E-1
5.55399E-1 5.47001E-1 5.69195E-1 5.60567E-1 5.70511E-1 5.52016E-1 5.47607E-1 5.51427E-1 5.55124E-1 5.57837E-1 5.65595E-1 5.71978E-1 5.89769E-1 6.13046E-1 6.4135E-1 6.5172E-1 6.55424E-1 6.6784E-1 6.78968E-1 6.92437E-1 6.69E-1 6.88276E-1 6.93156E-1 6.55565E-1 6.71899E-1 7.0188E-1 6.77126E-1 7.06843E-1 6.73488E-1 7.29867E-1 6.50091E-1 6.62114E-1 6.62413E-1 6.18746E-1 5.56748E-1 6.24312E-1 6.35279E-1 5.55676E-1 5.76713E-1 6.50557E-1 5.16117E-1 5.25827E-1 6.27099E-1 6.36759E-1 6.45044E-1 5.91601E-1 5.65149E-1 5.73261E-1 6.23172E-1 6.15745E-1 5.70562E-1 5.62294E-1 5.96905E-1 6.67798E-1 6.7183E-1 7.09011E-1 6.73046E-1 5.85536E-1 5.55299E-1 5.29943E-1 5.06566E-1
5.6264E-1 5.41063E-1 5.20101E-1 5.65627E-1 5.76597E-1 5.60174E-1 5.50902E-1 5.51668E-1 5.64565E-1 5.72932E-1 5.82024E-1 5.88493E-1 6.00059E-1 6.12551E-1 6.40286E-1 6.58325E-1 6.60293E-1 6.69556E-1 6.42289E-1 6.29607E-1 6.70586E-1 6.59433E-1 6.73157E-1 6.41468E-1 6.4855E-1 6.44118E-1 6.76693E-1 6.79619E-1 6.3944E-1 6.69288E-1 7.14908E-1 6.60117E-1 6.64523E-1 6.85202E-1 5.8236E-1 6.47502E-1 6.26775E-1 6.11784E-1 6.13002E-1 6.03202E-1 5.78255E-1 6.44018E-1 5.86927E-1 6.27963E-1 6.42169E-1 5.7056E-1 5.05875E-1 5.002E-1 5.6083E-1 6.15117E-1 6.04099E-1 5.33977E-1 5.25333E-1 5.82536E-1 6.4683E-1 6.84683E-1 6.51542E-1 6.62245E-1 6.39079E-1 5.71199E-1 5.20446E-1
5.15517E-1 4.8051E-1 4.98347E-1 5.78092E-1 5.77629E-1 5.58012E-1 5.60505E-1 5.78335E-1 5.91601E-1 5.84245E-1 5.93299E-1 6.08228E-1 6.08466E-1 6.18224E-1 6.37365E-1 6.49462E-1 6.63133E-1 6.54549E-1 6.30371E-1 6.31814E-1 6.57651E-1 6.79623E-1 6.67258E-1 6.48299E-1 6.43721E-1 6.58052E-1 6.40713E-1 6.90585E-1 6.78244E-1 6.92461E-1 6.66931E-1 6.45333E-1 7.07922E-1 7.52455E-1 5.76863E-1 6.01437E-1 7.03243E-1 7.01561E-1 6.6885E-1 5.27344E-1 5.37395E-1 5.34904E-1 5.66731E-1 5.39139E-1 5.77593E-1 6.0765E-1 5.49767E-1 4.89485E-1 5.14417E-1 5.1941E-1 6.16814E-1 6.21061E-1 5.22911E-1 5.40734E-1 5.94284E-1 5.85173E-1 5.89381E-1 5.88967E-1 5.70927E-1 5.43756E-1 5.2145E-1
5.57681E-1 5.29752E-1 4.91104E-1 5.62999E-1 5.99914E-1 5.66714E-1 5.74051E-1 5.92677E-1 5.89105E-1 6.0926E-1 6.20295E-1 6.30448E-1 6.48466E-1 6.5575E-1 6.40247E-1 6.15274E-1 6.11879E-1 6.05985E-1 6.04907E-1 6.49132E-1 6.48349E-1 6.45256E-1 6.45679E-1 6.25246E-1 6.49722E-1 7.14483E-1 6.90499E-1 6.78408E-1 6.88341E-1 6.88165E-1 7.26418E-1 6.90335E-1 7.23663E-1 6.67837E-1 5.70468E-1 6.61611E-1 7.10794E-1 6.93285E-1 6.54187E-1 6.48128E-1 7.69818E-1 6.7373E-1 5.10716E-1 6.09618E-1 7.0085E-1 7.25761E-1 5.94762E-1 6.26935E-1 6.62449E-1 5.15204E-1 5.18568E-1 6.4748E-1 6.13645E-1 5.53826E-1 6.46151E-1 5.98063E-1 5.87034E-1 5.65638E-1 5.47912E-1 5.33796E-1 5.16783E-1
5.66967E-1 5.65106E-1 5.67271E-1 5.85117E-1 5.87253E-1 6.0981E-1 5.97595E-1 5.85613E-1 5.93955E-1 6.13941E-1 6.53361E-1 6.8999E-1 7.30196E-1 7.42722E-1 7.18032E-1 6.44795E-1 6.22206E-1 6.34095E-1 6.91237E-1 6.77893E-1 6.59681E-1 6.48629E-1 6.26872E-1 6.40997E-1 6.80821E-1 6.80519E-1 6.72551E-1 7.09144E-1 6.95658E-1 6.67117E-1 6.8705E-1 6.88743E-1 7.31001E-1 6.66987E-1 5.76201E-1 7.08214E-1 7.4608E-1 6.59862E-1 6.00672E-1 6.8226E-1 7.67828E-1 6.21386E-1 5.44786E-1 6.8097E-1 6.83718E-1 6.77734E-1 5.8533E-1 6.72456E-1 6.1369E-1 5.11235E-1 4.99214E-1 5.81958E-1 6.00359E-1 5.77155E-1 5.69884E-1 6.33957E-1 6.87224E-1 6.70307E-1 5.94793E-1 5.49286E-1 5.24365E-1
5.37704E-1 5.62635E-1 5.84276E-1 5.77177E-1 5.85691E-1 6.12184E-1 5.9306E-1 5.98815E-1 5.98284E-1 6.39657E-1 7.10629E-1 7.56612E-1 7.44009E-1 7.37279E-1 7.24647E-1 6.86568E-1 6.49681E-1 6.62233E-1 6.96841E-1 6.66679E-1 6.85412E-1 6.43937E-1 6.3426E-1 6.26966E-1 6.9915E-1 7.01276E-1 7.0939E-1 6.7205E-1 6.70317E-1 6.56442E-1 6.49168E-1 6.84701E-1 7.27E-1 6.58623E-1 6.23135E-1 6.6969E-1 7.46895E-1 7.17315E-1 7.38527E-1 7.89307E-1 7.38202E-1 6.08278E-1 5.79486E-1 6.18142E-1 6.78146E-1 7.1855E-1 6.26445E-1 5.37147E-1 5.48249E-1 5.01529E-1 5.07728E-1 5.75318E-1 5.81372E-1 6.30488E-1 5.75964E-1 5.78185E-1 7.24576E-1 7.48096E-1 5.99514E-1 5.48011E-1 5.34975E-1
5.8961E-1 6.06479E-1 5.91365E-1 5.93521E-1 6.12637E-1 6.02266E-1 6.07754E-1 6.17926E-1 6.28514E-1 6.72383E-1 7.48656E-1 7.51324E-1 7.20248E-1 7.01842E-1 6.61195E-1 6.8517E-1 7.05715E-1 6.78888E-1 6.44133E-1 6.94052E-1 6.60565E-1 6.55191E-1 6.85974E-1 7.09719E-1 7.6359E-1 7.09307E-1 7.0775E-1 7.20216E-1 7.1918E-1 6.62994E-1 6.5531E-1 6.9155E-1 7.4367E-1 7.05766E-1 6.07904E-1 5.93386E-1 6.78067E-1 7.48321E-1 7.5276E-1 6.46442E-1 5.97531E-1 7.33395E-1 6.49938E-1 5.83193E-1 6.52983E-1 5.86468E-1 5.68135E-1 5.64227E-1 5.45528E-1 5.00131E-1 5.07575E-1 5.21513E-1 5.81923E-1 6.57691E-1 5.86135E-1 5.53395E-1 6.29901E-1 6.71086E-1 5.81448E-1 5.36677E-1 5.29115E-1
5.72839E-1 5.79827E-1 5.90074E-1 5.92492E-1 5.92978E-1 5.96466E-1 5.98226E-1 6.09115E-1 6.48736E-1 7.12386E-1 7.33042E-1 6.90947E-1 6.74168E-1 6.61282E-1 6.88258E-1 6.88991E-1 6.41198E-1 6.79996E-1 6.47053E-1 6.51564E-1 7.07648E-1 6.49423E-1 7.52094E-1 7.554E-1 7.63917E-1 7.16885E-1 6.76351E-1 6.79992E-1 6.79307E-1 6.8394E-1 6.58351E-1 6.94135E-1 6.83466E-1 6.61133E-1 6.96386E-1 6.59821E-1 6.99222E-1 5.71128E-1 5.00444E-1 6.78499E-1 7.29722E-1 6.81806E-1 6.2912E-1 6.64656E-1 7.10071E-1 5.70047E-1 6.42155E-1 5.95614E-1 5.41417E-1 5.39378E-1 5.36728E-1 5.11429E-1 5.31472E-1 6.37407E-1 6.53165E-1 5.59061E-1 5.6557E-1 5.73961E-1 5.69802E-1 5.61694E-1 5.34817E-1
5.69853E-1 5.76644E-1 5.96803E-1 5.8865E-1 6.09317E-1 5.9907E-1 6.09001E-1 6.63473E-1 6.99625E-1 7.27087E-1 7.09722E-1 6.37491E-1 6.38717E-1 6.37021E-1 6.03745E-1 6.20694E-1 5.91906E-1 6.28594E-1 7.10171E-1 7.30029E-1 7.17561E-1 7.00536E-1 7.42793E-1 7.49026E-1 7.33694E-1 7.09716E-1 6.85639E-1 6.48872E-1 6.548E-1 6.88832E-1 6.85139E-1 6.97256E-1 7.03588E-1 6.71395E-1 6.90314E-1 6.28879E-1 6.76098E-1 5.3156E-1 5.27987E-1 7.47468E-1 7.26088E-1 7.86028E-1 6.08491E-1 6.03803E-1 5.65655E-1 5.80894E-1 7.75295E-1 7.25077E-1 5.91624E-1 6.0799E-1 5.88705E-1 5.76309E-1 6.09354E-1 6.71181E-1 6.38354E-1 5.90967E-1 6.97892E-1 6.43607E-1 6.44789E-1 6.52539E-1 5.77574E-1
6.03218E-1 6.20417E-1 6.42876E-1 6.46886E-1 6.39281E-1 6.36897E-1 6.7794E-1 6.9095E-1 7.16414E-1 6.9828E-1 6.85981E-1 6.32598E-1 7.38825E-1 7.65285E-1 7.38803E-1 6.16783E-1 5.97155E-1 6.67274E-1 7.26972E-1 7.02248E-1 7.15086E-1 7.01573E-1 6.98648E-1 6.998E-1 6.75179E-1 6.51534E-1 6.79442E-1 6.75177E-1 6.44125E-1 6.22235E-1 6.52022E-1 6.66109E-1 6.62815E-1 6.25161E-1 6.01002E-1 5.65485E-1 7.47103E-1 6.34694E-1 5.76959E-1 6.8655E-1 7.03288E-1 7.57938E-1 5.96524E-1 5.45161E-1 5.36304E-1 5.7557E-1 6.16E-1 6.88297E-1 5.79114E-1 6.84483E-1 7.37607E-1 7.25368E-1 7.30319E-1 7.37866E-1 6.16832E-1 6.4726E-1 7.81177E-1 7.69E-1 8.0887E-1 6.90887E-1 6.4088E-1
6.41746E-1 6.44297E-1 6.84114E-1 7.09492E-1 6.82781E-1 6.67492E-1 7.08831E-1 6.87475E-1 6.54266E-1 6.77989E-1 6.76388E-1 6.16421E-1 7.06895E-1 7.68301E-1 7.94084E-1 7.87348E-1 7.16043E-1 7.1427E-1 6.96836E-1 7.37005E-1 7.03912E-1 7.18727E-1 7.03408E-1 6.99986E-1 6.76283E-1 6.66178E-1 6.96829E-1 6.92761E-1 6.61224E-1 6.81949E-1 6.79851E-1 6.56087E-1 6.04051E-1 6.45424E-1 7.15169E-1 5.36576E-1 5.9558E-1 7.38002E-1 6.29682E-1 6.62372E-1 5.64891E-1 6.13729E-1 5.73893E-1 5.48282E-1 5.82257E-1 6.7133E-1 6.06346E-1 6.45002E-1 5.71582E-1 6.77533E-1 7.02311E-1 6.4782E-1 7.34197E-1 6.41988E-1 6.68644E-1 7.18249E-1 7.15136E-1 7.21895E-1 7.55383E-1 7.53579E-1 8.1039E-1
6.79111E-1 6.69038E-1 7.00505E-1 6.99706E-1 6.67171E-1 6.34856E-1 6.97558E-1 7.38017E-1 7.23969E-1 7.61716E-1 6.76872E-1 5.49085E-1 6.05385E-1 6.94601E-1 7.35596E-1 7.4502E-1 7.00023E-1 6.65447E-1 6.08098E-1 6.82264E-1 6.35834E-1 6.30857E-1 6.73896E-1 7.13937E-1 6.63797E-1 6.67898E-1 7.34574E-1 7.04816E-1 6.55197E-1 6.25683E-1 6.12257E-1 7.29283E-1 6.95889E-1 6.50892E-1 6.93458E-1 5.30992E-1 4.83822E-1 6.17225E-1 6.88585E-1 6.38357E-1 5.63603E-1 5.8798E-1 5.92901E-1 6.08602E-1 6.14747E-1 5.88454E-1 6.02065E-1 6.52362E-1 6.37099E-1 6.45027E-1 6.98967E-1 5.97046E-1 6.3265E-1 6.46301E-1 6.35856E-1 6.51697E-1 6.21085E-1 6.53854E-1 6.29717E-1 7.08608E-1 7.66835E-1
