maxent_outputs/red_flowers_linear/red_312.asc
ncols         426
nrows         180
xllcorner     -130.0
yllcorner     24.0
cellsize      0.16666666666666666
NODATA_value  -9999
[rows 0 to 26 of 180, columns 0 to 60 of 426]
2.87365E-2 2.10123E-2 2.03636E-2 2.18585E-2 1.89159E-2 1.9666E-2 2.00223E-2 2.00287E-2 2.00353E-2 1.86533E-2 1.72458E-2 1.38001E-2 1.15613E-2 1.28858E-2 1.63127E-2 1.37889E-2 1.3897E-2 1.20132E-2 1.134E-2 1.14227E-2 1.00938E-2 9.37498E-3 8.83666E-3 8.04347E-3 7.19564E-3 6.9311E-3 7.4552E-3 7.56362E-3 7.51557E-3 7.80989E-3 6.95968E-3 6.53194E-3 6.12251E-3 5.94556E-3 5.89562E-3 6.01949E-3 5.81824E-3 5.9304E-3 6.86392E-3 7.25706E-3 7.69014E-3 7.49513E-3 8.27511E-3 9.05003E-3 8.71025E-3 9.51761E-3 9.21508E-3 9.7509E-3 1.0508E-2 1.0688E-2 1.11553E-2 1.07315E-2 9.41861E-3 9.93294E-3 9.1994E-3 1.00362E-2 8.47969E-3 8.30693E-3 8.59074E-3 9.07229E-3 9.22337E-3
3.36772E-2 2.86395E-2 2.42503E-2 2.01951E-2 2.22179E-2 2.28397E-2 2.43049E-2 2.38215E-2 1.91057E-2 1.87724E-2 1.69918E-2 1.43517E-2 1.24029E-2 1.05669E-2 1.23108E-2 1.45386E-2 1.52817E-2 1.33455E-2 1.21427E-2 1.17218E-2 1.18032E-2 1.13174E-2 9.61648E-3 9.6629E-3 8.53763E-3 7.13221E-3 7.40293E-3 7.06666E-3 7.31936E-3 6.71048E-3 5.93988E-3 5.79551E-3 7.18152E-3 7.23449E-3 7.43958E-3 7.08827E-3 7.23016E-3 6.63315E-3 6.7588E-3 7.4691E-3 7.7171E-3 7.88646E-3 8.16265E-3 9.43747E-3 8.90965E-3 9.9574E-3 9.99815E-3 1.07214E-2 1.12131E-2 1.12166E-2 1.27315E-2 1.14896E-2 1.1088E-2 1.03254E-2 1.09156E-2 1.3383E-2 1.11735E-2 1.03902E-2 1.06557E-2 1.0658E-2 1.00462E-2
4.19855E-2 3.25037E-2 3.01064E-2 2.43666E-2 2.64088E-2 2.48528E-2 2.40058E-2 2.46016E-2 1.94303E-2 1.68323E-2 1.55558E-2 1.5327E-2 1.52608E-2 1.237E-2 1.15352E-2 1.25747E-2 1.33182E-2 1.52879E-2 1.46179E-2 1.27595E-2 1.26439E-2 1.25652E-2 1.05092E-2 9.48974E-3 8.95324E-3 7.77032E-3 7.27781E-3 7.81936E-3 7.55781E-3 6.43779E-3 6.64072E-3 6.76029E-3 6.5176E-3 6.15032E-3 6.7422E-3 5.87288E-3 5.59008E-3 5.89388E-3 6.57134E-3 7.04106E-3 7.06959E-3 7.82826E-3 8.40112E-3 9.25437E-3 9.8595E-3 1.08408E-2 1.05681E-2 1.01119E-2 1.21969E-2 1.18147E-2 1.12794E-2 1.21831E-2 1.26457E-2 1.25314E-2 1.1576E-2 1.14013E-2 1.27781E-2 1.20596E-2 1.05622E-2 9.69232E-3 9.8871E-3
4.89008E-2 4.25641E-2 3.76861E-2 3.79245E-2 3.57933E-2 3.21437E-2 3.02242E-2 2.44694E-2 2.35447E-2 2.20042E-2 1.87944E-2 1.79998E-2 1.4977E-2 1.43035E-2 1.11806E-2 1.18227E-2 1.30724E-2 1.73266E-2 1.74894E-2 1.4238E-2 1.24397E-2 1.19194E-2 1.09576E-2 1.04076E-2 8.89912E-3 7.91161E-3 8.19813E-3 8.35246E-3 8.63231E-3 8.1953E-3 7.15925E-3 7.88045E-3 7.45333E-3 6.13418E-3 6.62249E-3 6.70368E-3 6.56705E-3 6.69199E-3 6.41188E-3 7.07614E-3 6.26118E-3 7.27589E-3 8.18158E-3 9.23416E-3 9.37408E-3 1.04238E-2 9.57477E-3 9.61876E-3 1.09835E-2 1.20728E-2 1.16033E-2 1.22126E-2 1.264E-2 1.16555E-2 1.19044E-2 1.20082E-2 1.40558E-2 1.33395E-2 1.26374E-2 1.11056E-2 8.76545E-3
5.39414E-2 5.52879E-2 5.13177E-2 4.9443E-2 4.3966E-2 4.41479E-2 3.63803E-2 2.87302E-2 2.40252E-2 2.13181E-2 1.77814E-2 1.72292E-2 1.66797E-2 1.69809E-2 1.46365E-2 1.3272E-2 1.46754E-2 1.6066E-2 1.72679E-2 1.65745E-2 1.44184E-2 1.28893E-2 1.13538E-2 1.04408E-2 9.32603E-3 8.65394E-3 8.00717E-3 8.40889E-3 9.06233E-3 9.07002E-3 8.38144E-3 7.16528E-3 8.09746E-3 6.51621E-3 6.35933E-3 6.63403E-3 7.1351E-3 6.36722E-3 6.0148E-3 7.4577E-3 6.96509E-3 7.23796E-3 8.47816E-3 9.03491E-3 8.90168E-3 9.86485E-3 9.25392E-3 1.12642E-2 1.18145E-2 1.2802E-2 1.32948E-2 1.25242E-2 1.35512E-2 1.42028E-2 1.31588E-2 1.22264E-2 1.21723E-2 1.11671E-2 1.11868E-2 1.06211E-2 1.23102E-2
6.45668E-2 6.69845E-2 6.50234E-2 5.60952E-2 5.11942E-2 4.7035E-2 3.59443E-2 2.92294E-2 3.23382E-2 2.66307E-2 2.16197E-2 1.7104E-2 1.71147E-2 1.77934E-2 1.60108E-2 1.57592E-2 1.42147E-2 1.71796E-2 1.60269E-2 1.61141E-2 1.45019E-2 1.32429E-2 1.1554E-2 9.89473E-3 9.73221E-3 9.064E-3 8.31287E-3 8.47836E-3 7.99363E-3 7.41083E-3 8.58425E-3 7.38823E-3 7.51593E-3 7.48521E-3 6.31494E-3 6.46135E-3 7.69034E-3 6.3882E-3 6.65382E-3 7.52422E-3 7.76001E-3 7.66252E-3 7.88109E-3 9.12506E-3 8.89802E-3 9.90411E-3 1.07177E-2 1.11764E-2 1.23893E-2 1.31309E-2 1.41201E-2 1.43614E-2 1.4381E-2 1.4438E-2 1.2873E-2 1.25335E-2 1.09072E-2 1.04041E-2 1.12836E-2 1.23787E-2 1.15781E-2
-9999 8.82509E-2 7.08176E-2 6.86897E-2 6.35232E-2 5.58529E-2 4.65535E-2 3.94725E-2 3.80447E-2 3.53347E-2 2.58518E-2 2.46097E-2 1.91487E-2 1.69197E-2 1.66013E-2 1.56459E-2 1.43344E-2 1.78513E-2 1.65257E-2 1.66618E-2 1.58887E-2 1.45532E-2 1.32079E-2 1.11687E-2 9.73815E-3 9.71031E-3 8.98674E-3 8.70828E-3 8.2637E-3 7.6662E-3 7.89129E-3 8.55689E-3 8.93866E-3 9.20591E-3 8.09617E-3 7.54979E-3 7.35608E-3 7.6172E-3 6.99384E-3 6.74632E-3 8.1114E-3 7.68169E-3 7.31577E-3 9.16459E-3 9.43379E-3 1.01923E-2 1.10606E-2 1.11551E-2 1.1457E-2 1.21061E-2 1.44455E-2 1.50502E-2 1.42674E-2 1.52899E-2 1.39009E-2 1.27997E-2 1.27454E-2 1.07378E-2 1.04315E-2 9.88287E-3 1.15281E-2
-9999 -9999 -9999 9.20013E-2 6.50264E-2 6.2914E-2 5.58257E-2 5.10909E-2 4.817E-2 5.46971E-2 4.61181E-2 3.67479E-2 2.69151E-2 2.03072E-2 1.59432E-2 1.68659E-2 1.65114E-2 1.93303E-2 2.28579E-2 1.88153E-2 1.79061E-2 1.59603E-2 1.43322E-2 1.35351E-2 1.3619E-2 1.27065E-2 9.6498E-3 9.94594E-3 1.16297E-2 1.00774E-2 1.06295E-2 9.354E-3 8.02716E-3 8.26164E-3 8.77402E-3 7.5433E-3 7.57371E-3 7.87683E-3 7.64005E-3 7.14709E-3 7.37115E-3 7.45375E-3 7.71321E-3 9.14259E-3 9.46607E-3 9.70242E-3 1.13851E-2 1.12448E-2 1.07457E-2 1.178E-2 1.22562E-2 1.32595E-2 1.63466E-2 1.68657E-2 1.4081E-2 1.60841E-2 1.43276E-2 1.29561E-2 9.60496E-3 1.00935E-2 1.05483E-2
-9999 -9999 -9999 1.26084E-1 7.56107E-2 6.68724E-2 6.53974E-2 6.93982E-2 5.51935E-2 6.1543E-2 5.90744E-2 5.07543E-2 4.06568E-2 2.69371E-2 2.31742E-2 1.96092E-2 2.27095E-2 2.34377E-2 1.84233E-2 1.70412E-2 1.78273E-2 1.68921E-2 1.50376E-2 1.41237E-2 1.17436E-2 1.12683E-2 9.49813E-3 7.23082E-3 7.94675E-3 8.11272E-3 9.15178E-3 9.56326E-3 7.93898E-3 7.10759E-3 7.10958E-3 6.15071E-3 7.00103E-3 6.93211E-3 5.79923E-3 5.62426E-3 6.17553E-3 7.22251E-3 6.66267E-3 8.08995E-3 9.18148E-3 1.00111E-2 1.12612E-2 1.0282E-2 1.12399E-2 1.2369E-2 1.26537E-2 1.50014E-2 1.56564E-2 1.61495E-2 1.58607E-2 1.64494E-2 1.61943E-2 1.44317E-2 1.44832E-2 1.09539E-2 1.00373E-2
-9999 -9999 -9999 -9999 -9999 1.01029E-1 8.20348E-2 7.69538E-2 6.91003E-2 7.46604E-2 7.37491E-2 6.70816E-2 5.42381E-2 3.85057E-2 3.00959E-2 3.05581E-2 3.14087E-2 2.41903E-2 2.1635E-2 2.27066E-2 2.12435E-2 1.83327E-2 1.77284E-2 1.58023E-2 1.32017E-2 1.25052E-2 1.07464E-2 8.53628E-3 7.14043E-3 6.95531E-3 7.99727E-3 9.78003E-3 7.94963E-3 5.81771E-3 5.63051E-3 4.51177E-3 5.05277E-3 5.75132E-3 5.08476E-3 5.66858E-3 6.18243E-3 6.67968E-3 6.83547E-3 6.74939E-3 7.49564E-3 9.20478E-3 1.06687E-2 9.69323E-3 1.03399E-2 1.16092E-2 1.14859E-2 1.19689E-2 1.35839E-2 1.49701E-2 1.54611E-2 1.67165E-2 1.6179E-2 1.39279E-2 1.50848E-2 1.4013E-2 1.31026E-2
-9999 -9999 -9999 -9999 -9999 -9999 -9999 8.11778E-2 7.83854E-2 8.94721E-2 8.65067E-2 8.52971E-2 6.6582E-2 5.24238E-2 3.8358E-2 3.33462E-2 3.13688E-2 2.77688E-2 2.80955E-2 1.99787E-2 1.9502E-2 1.65238E-2 1.57725E-2 1.43961E-2 1.56695E-2 1.26076E-2 1.2737E-2 1.16914E-2 9.17674E-3 7.25489E-3 8.35032E-3 1.05018E-2 9.34622E-3 6.67248E-3 5.15073E-3 5.03498E-3 4.63892E-3 4.74444E-3 5.86212E-3 4.84643E-3 5.68235E-3 7.31217E-3 6.47592E-3 6.67359E-3 6.85534E-3 8.54694E-3 1.06972E-2 1.07581E-2 1.07334E-2 1.0578E-2 1.06467E-2 1.18509E-2 1.42062E-2 1.47825E-2 1.46885E-2 1.5818E-2 1.67485E-2 1.59546E-2 1.47462E-2 1.65547E-2 1.51037E-2
-9999 -9999 -9999 -9999 -9999 -9999 -9999 -9999 1.15618E-1 1.00087E-1 9.86497E-2 8.47659E-2 7.55438E-2 5.52868E-2 4.49542E-2 3.46174E-2 2.84858E-2 2.38892E-2 2.07723E-2 2.62783E-2 2.62949E-2 2.02986E-2 1.55685E-2 1.48479E-2 1.40398E-2 1.45214E-2 1.39069E-2 1.31642E-2 1.22317E-2 9.01615E-3 8.43934E-3 9.10596E-3 9.11014E-3 7.15357E-3 6.0631E-3 6.64637E-3 5.52163E-3 5.08791E-3 5.43597E-3 5.17966E-3 5.70573E-3 7.4955E-3 7.97323E-3 7.94226E-3 9.32276E-3 8.45865E-3 1.11365E-2 1.11644E-2 1.07729E-2 1.07747E-2 1.02473E-2 1.20295E-2 1.33261E-2 1.52215E-2 1.6612E-2 1.5892E-2 1.66563E-2 1.80379E-2 1.57725E-2 1.5451E-2 1.50432E-2
-9999 -9999 -9999 -9999 -9999 -9999 -9999 -9999 -9999 1.14777E-1 1.00133E-1 7.89565E-2 7.54746E-2 5.87547E-2 4.05828E-2 3.29868E-2 3.22126E-2 2.57574E-2 2.13819E-2 2.38022E-2 2.39217E-2 1.90311E-2 1.94689E-2 1.70066E-2 1.59794E-2 1.44003E-2 1.34001E-2 1.29265E-2 1.25512E-2 1.13651E-2 9.84472E-3 9.54077E-3 7.87957E-3 8.77279E-3 1.00076E-2 8.48008E-3 6.85386E-3 6.82147E-3 6.12453E-3 6.00909E-3 6.4568E-3 7.01303E-3 8.21436E-3 8.39702E-3 1.00682E-2 9.37482E-3 1.19528E-2 1.03405E-2 1.11429E-2 1.08687E-2 1.11838E-2 1.21631E-2 1.40733E-2 1.26914E-2 1.39607E-2 1.50611E-2 1.49366E-2 1.64862E-2 1.62075E-2 1.51258E-2 1.77238E-2
-9999 -9999 -9999 -9999 -9999 -9999 -9999 -9999 -9999 -9999 1.05729E-1 8.21872E-2 6.74455E-2 5.40726E-2 4.63087E-2 4.62255E-2 3.86909E-2 3.09044E-2 2.53805E-2 2.44424E-2 2.94627E-2 2.16015E-2 1.79695E-2 1.73315E-2 1.46925E-2 1.40923E-2 1.42477E-2 1.38564E-2 1.3375E-2 1.38239E-2 1.3546E-2 1.23191E-2 1.41958E-2 1.1785E-2 1.26672E-2 1.04666E-2 1.00001E-2 8.97288E-3 9.18428E-3 9.06262E-3 8.37603E-3 7.72919E-3 7.36405E-3 8.37966E-3 1.10917E-2 1.27747E-2 1.19083E-2 1.14222E-2 1.1009E-2 1.10488E-2 1.11167E-2 1.05272E-2 1.097E-2 1.13014E-2 1.3706E-2 1.47889E-2 1.59516E-2 1.60099E-2 1.68046E-2 1.60187E-2 1.88547E-2
-9999 -9999 -9999 -9999 -9999 -9999 -9999 -9999 -9999 -9999 -9999 6.63304E-2 5.93696E-2 6.28735E-2 5.81166E-2 4.88595E-2 4.00298E-2 3.19241E-2 2.93748E-2 2.72985E-2 2.80286E-2 1.9314E-2 1.84209E-2 1.76493E-2 1.49391E-2 1.42297E-2 1.63372E-2 1.46106E-2 1.41481E-2 1.33127E-2 1.68628E-2 1.5834E-2 1.40197E-2 1.60568E-2 1.59511E-2 1.40702E-2 1.38831E-2 1.18778E-2 1.251E-2 1.34888E-2 1.20834E-2 1.04371E-2 1.2697E-2 1.20833E-2 1.19487E-2 1.34528E-2 1.30083E-2 1.3472E-2 1.04422E-2 1.01004E-2 1.11892E-2 1.18176E-2 1.13315E-2 1.21033E-2 1.21244E-2 1.38407E-2 1.69557E-2 1.6917E-2 1.47193E-2 1.66039E-2 1.75565E-2
-9999 -9999 -9999 -9999 -9999 -9999 -9999 -9999 -9999 -9999 -9999 6.69539E-2 6.42971E-2 6.80048E-2 5.78828E-2 5.2538E-2 4.75891E-2 4.19674E-2 3.05655E-2 2.41029E-2 2.3071E-2 2.04035E-2 1.98349E-2 1.57893E-2 1.46647E-2 1.83286E-2 1.904E-2 1.55094E-2 1.59166E-2 1.24689E-2 1.60441E-2 1.45827E-2 1.44058E-2 1.45282E-2 1.48257E-2 1.8407E-2 1.47491E-2 1.40495E-2 1.41795E-2 1.47942E-2 1.40325E-2 1.38678E-2 1.47867E-2 1.33278E-2 1.48884E-2 1.59038E-2 1.57737E-2 1.41551E-2 1.13752E-2 9.5382E-3 9.68997E-3 9.75167E-3 1.04781E-2 1.23499E-2 1.24211E-2 1.29406E-2 1.42397E-2 1.56592E-2 1.3961E-2 1.86095E-2 1.9607E-2
-9999 -9999 -9999 -9999 -9999 -9999 -9999 -9999 -9999 -9999 -9999 -9999 -9999 6.81364E-2 6.11344E-2 5.95314E-2 5.3976E-2 4.52538E-2 3.36376E-2 2.90236E-2 3.24374E-2 2.49606E-2 2.21203E-2 2.1361E-2 1.92672E-2 2.06601E-2 2.4699E-2 1.61208E-2 1.54063E-2 1.71376E-2 1.82756E-2 1.54662E-2 1.48227E-2 1.47697E-2 1.3796E-2 2.17943E-2 1.65562E-2 1.4796E-2 1.48235E-2 1.68236E-2 1.51973E-2 1.47568E-2 1.64458E-2 1.5021E-2 1.73553E-2 1.83046E-2 1.80283E-2 1.66621E-2 1.65919E-2 1.28997E-2 1.01412E-2 9.90057E-3 1.06837E-2 1.18436E-2 1.25133E-2 1.32707E-2 1.54581E-2 1.57638E-2 1.33352E-2 1.67485E-2 1.62401E-2
-9999 -9999 -9999 -9999 -9999 -9999 -9999 -9999 -9999 -9999 -9999 -9999 -9999 6.98925E-2 6.28189E-2 6.14973E-2 5.70811E-2 5.43324E-2 5.07068E-2 4.93997E-2 3.84817E-2 3.19837E-2 2.73151E-2 2.87582E-2 2.15756E-2 2.1057E-2 3.54684E-2 1.97016E-2 1.62015E-2 2.1428E-2 2.61511E-2 1.56345E-2 1.33996E-2 1.40444E-2 1.57833E-2 1.75526E-2 1.68029E-2 1.73165E-2 1.41866E-2 1.51242E-2 1.56169E-2 1.50006E-2 1.62247E-2 1.57524E-2 1.85602E-2 1.77732E-2 2.02024E-2 2.00574E-2 2.02364E-2 1.88497E-2 1.43441E-2 1.19629E-2 1.39082E-2 1.41616E-2 1.27759E-2 1.34098E-2 1.69569E-2 1.7782E-2 1.34952E-2 1.56275E-2 1.64727E-2
-9999 -9999 -9999 -9999 -9999 1.33783E-1 -9999 -9999 -9999 -9999 8.48888E-2 7.19839E-2 7.47219E-2 7.01834E-2 7.53887E-2 6.54074E-2 6.24204E-2 6.35026E-2 6.40926E-2 5.86297E-2 5.19913E-2 4.53617E-2 4.02565E-2 3.2722E-2 2.81321E-2 2.52905E-2 3.56067E-2 2.71904E-2 2.04051E-2 1.82578E-2 2.9755E-2 3.02583E-2 2.19415E-2 1.85162E-2 1.4694E-2 1.45744E-2 1.62263E-2 1.8225E-2 1.44209E-2 1.41899E-2 1.57633E-2 1.55232E-2 1.75395E-2 1.58786E-2 1.7492E-2 1.9419E-2 1.80373E-2 2.03176E-2 1.75342E-2 1.8605E-2 1.68415E-2 1.44185E-2 1.72432E-2 1.66063E-2 1.44787E-2 1.4645E-2 1.73006E-2 1.54734E-2 1.46894E-2 1.61772E-2 2.00324E-2
-9999 -9999 -9999 -9999 -9999 -9999 1.30025E-1 9.05729E-2 1.0051E-1 8.57586E-2 7.49226E-2 6.03881E-2 5.57073E-2 5.04938E-2 4.92626E-2 5.45936E-2 5.56199E-2 7.42335E-2 7.36559E-2 6.42793E-2 6.04188E-2 4.98904E-2 4.52636E-2 4.08006E-2 3.5018E-2 3.57057E-2 3.39174E-2 3.32637E-2 2.61146E-2 2.20535E-2 3.21265E-2 2.67638E-2 1.79348E-2 1.6478E-2 1.77509E-2 1.88234E-2 1.81415E-2 1.69074E-2 1.50267E-2 1.59374E-2 1.5676E-2 1.51628E-2 1.5241E-2 1.6699E-2 1.7853E-2 1.79263E-2 2.15654E-2 2.19638E-2 2.14504E-2 2.11712E-2 1.49469E-2 1.65196E-2 1.94962E-2 1.70731E-2 1.8392E-2 1.99609E-2 1.89679E-2 1.76271E-2 1.64532E-2 1.63341E-2 1.57688E-2
-9999 -9999 -9999 -9999 -9999 -9999 -9999 -9999 -9999 -9999 7.40491E-2 5.89738E-2 5.36922E-2 4.64929E-2 4.42691E-2 4.43511E-2 4.68383E-2 5.32225E-2 5.76491E-2 5.74681E-2 6.14308E-2 4.95352E-2 4.74608E-2 4.17925E-2 4.21313E-2 4.13643E-2 4.19885E-2 3.70424E-2 3.31207E-2 2.98593E-2 4.04083E-2 3.15419E-2 2.04472E-2 2.21501E-2 2.59574E-2 2.61568E-2 1.96308E-2 1.65771E-2 1.56124E-2 1.72255E-2 1.72044E-2 1.71298E-2 1.62053E-2 1.69736E-2 1.84109E-2 2.10049E-2 2.14743E-2 2.18364E-2 2.15195E-2 2.22559E-2 2.08577E-2 1.95665E-2 2.10356E-2 1.99012E-2 1.71006E-2 1.78178E-2 1.82886E-2 1.52205E-2 1.44096E-2 1.60535E-2 1.68193E-2
-9999 -9999 -9999 -9999 -9999 -9999 -9999 -9999 -9999 -9999 -9999 6.52839E-2 5.64212E-2 4.33288E-2 4.13791E-2 3.77222E-2 3.61205E-2 3.68865E-2 4.17654E-2 3.52752E-2 3.7046E-2 3.59826E-2 3.66414E-2 3.57414E-2 3.94441E-2 3.9457E-2 4.34674E-2 4.65137E-2 4.70701E-2 4.96881E-2 3.93221E-2 3.2021E-2 2.93882E-2 3.58764E-2 2.79353E-2 2.25337E-2 1.68794E-2 1.70297E-2 1.60544E-2 1.75073E-2 1.68499E-2 1.83976E-2 1.8939E-2 2.03191E-2 2.34174E-2 1.80761E-2 1.81965E-2 2.15198E-2 2.39437E-2 2.57457E-2 2.27449E-2 2.13522E-2 2.18754E-2 2.10274E-2 1.79807E-2 1.71315E-2 1.83113E-2 1.64516E-2 1.48968E-2 1.70108E-2 1.70787E-2
-9999 -9999 -9999 -9999 -9999 -9999 -9999 -9999 -9999 -9999 -9999 -9999 6.16641E-2 4.63611E-2 3.77961E-2 3.46266E-2 3.45129E-2 3.2865E-2 3.33527E-2 3.09454E-2 2.9543E-2 2.7499E-2 2.84718E-2 2.80723E-2 3.19322E-2 3.26554E-2 3.66753E-2 4.27112E-2 5.24293E-2 5.86929E-2 5.87727E-2 5.94595E-2 4.30619E-2 3.69655E-2 2.86253E-2 2.69817E-2 3.05135E-2 2.44226E-2 2.05636E-2 2.06421E-2 1.81092E-2 1.94292E-2 2.17368E-2 1.83468E-2 2.22915E-2 2.42597E-2 1.80159E-2 1.97489E-2 2.18458E-2 2.4064E-2 2.97385E-2 2.55617E-2 2.18553E-2 2.1525E-2 1.86821E-2 1.84498E-2 1.81695E-2 1.76918E-2 1.61632E-2 1.44531E-2 1.73098E-2
-9999 -9999 -9999 -9999 -9999 -9999 -9999 -9999 -9999 -9999 -9999 -9999 5.5502E-2 4.51527E-2 4.00805E-2 3.57807E-2 3.60804E-2 3.51692E-2 3.17839E-2 2.94953E-2 2.86952E-2 2.51334E-2 2.47538E-2 2.42603E-2 2.53976E-2 2.81795E-2 3.26182E-2 4.03264E-2 5.20185E-2 7.14759E-2 6.7586E-2 7.43728E-2 5.09063E-2 5.12742E-2 3.96204E-2 3.10005E-2 3.33643E-2 4.08533E-2 2.39695E-2 2.28261E-2 2.23397E-2 2.39459E-2 2.11403E-2 1.93023E-2 2.11489E-2 2.43756E-2 1.79285E-2 1.84317E-2 2.03379E-2 2.1241E-2 2.75628E-2 2.55642E-2 2.28166E-2 2.18635E-2 2.04045E-2 1.9685E-2 1.72413E-2 1.58276E-2 1.63378E-2 1.74415E-2 1.82854E-2
-9999 -9999 -9999 -9999 -9999 -9999 -9999 -9999 -9999 -9999 -9999 -9999 -9999 -9999 -9999 4.84607E-2 4.23838E-2 3.46692E-2 3.33264E-2 3.2284E-2 2.98297E-2 2.65822E-2 2.5074E-2 2.53856E-2 2.52736E-2 2.76697E-2 2.97098E-2 3.30694E-2 4.41583E-2 5.02895E-2 8.40245E-2 7.58273E-2 6.32625E-2 5.16145E-2 4.58694E-2 4.17967E-2 4.22313E-2 3.06868E-2 2.32062E-2 2.28712E-2 2.95268E-2 2.85794E-2 1.91795E-2 1.89132E-2 2.0206E-2 2.53992E-2 2.09705E-2 1.89403E-2 2.11619E-2 2.25572E-2 2.44047E-2 2.85713E-2 2.49286E-2 2.25909E-2 2.23411E-2 1.91086E-2 1.66466E-2 1.82253E-2 1.98133E-2 1.94513E-2 1.81757E-2
-9999 -9999 -9999 -9999 -9999 -9999 -9999 -9999 -9999 -9999 -9999 -9999 -9999 -9999 -9999 -9999 -9999 4.03893E-2 4.02434E-2 3.31399E-2 3.30244E-2 3.07942E-2 2.77309E-2 2.65701E-2 2.58173E-2 2.52296E-2 2.71011E-2 2.52351E-2 3.08979E-2 4.27767E-2 5.23362E-2 -9999 6.95631E-2 5.96226E-2 5.84128E-2 6.83949E-2 5.21168E-2 3.82672E-2 3.33531E-2 3.09513E-2 2.94967E-2 3.33511E-2 2.41196E-2 2.41708E-2 2.2648E-2 2.25101E-2 2.75751E-2 3.1915E-2 2.7117E-2 2.49066E-2 2.28536E-2 2.85445E-2 2.66668E-2 2.41449E-2 2.26625E-2 1.88134E-2 1.85675E-2 1.91603E-2 1.76648E-2 1.88467E-2 1.90497E-2
-9999 -9999 -9999 -9999 -9999 -9999 -9999 -9999 -9999 -9999 -9999 -9999 -9999 -9999 -9999 -9999 -9999 -9999 4.63702E-2 4.00714E-2 4.41816E-2 3.44117E-2 3.10604E-2 2.87176E-2 2.60086E-2 2.38801E-2 2.42314E-2 2.45085E-2 2.68206E-2 3.23484E-2 3.66668E-2 4.68973E-2 6.09123E-2 6.11766E-2 5.71893E-2 7.44301E-2 4.9899E-2 4.63241E-2 3.37536E-2 3.6097E-2 3.79942E-2 2.9877E-2 2.89432E-2 2.64826E-2 3.23045E-2 2.3543E-2 2.56541E-2 2.60752E-2 4.18821E-2 3.81455E-2 2.57845E-2 3.11227E-2 2.62698E-2 2.38235E-2 2.3387E-2 2.108E-2 1.90229E-2 1.73652E-2 2.08682E-2 2.17849E-2 1.98015E-2
