maxent_outputs/red_flowers_linear/red_200.asc
ncols         426
nrows         180
xllcorner     -130.0
yllcorner     24.0
cellsize      0.16666666666666666
NODATA_value  -9999
[rows 54 to 80 of 180, columns 61 to 121 of 426]
5.28712E-1 5.48777E-1 5.05148E-1 5.04126E-1 5.40843E-1 5.34111E-1 5.57354E-1 5.28688E-1 5.22047E-1 5.63077E-1 5.43237E-1 4.67902E-1 4.60657E-1 4.71491E-1 4.9502E-1 5.0476E-1 4.08401E-1 4.04445E-1 4.30871E-1 4.13905E-1 4.3012E-1 4.2363E-1 4.64741E-1 5.44189E-1 5.21219E-1 5.51933E-1 5.68663E-1 5.99932E-1 5.93649E-1 5.96426E-1 5.31992E-1 5.90565E-1 5.86715E-1 6.10726E-1 5.20363E-1 4.8843E-1 4.4554E-1 3.87206E-1 5.01451E-1 4.05047E-1 4.38363E-1 4.06925E-1 4.32952E-1 4.07E-1 4.19401E-1 4.45151E-1 5.58803E-1 5.76411E-1 6.50877E-1 5.95704E-1 6.47657E-1 6.48512E-1 5.90834E-1 6.49546E-1 5.76875E-1 5.50133E-1 5.10569E-1 5.29342E-1 5.92866E-1 6.64337E-1 6.11537E-1
5.36105E-1 5.17599E-1 5.1623E-1 5.40049E-1 5.20261E-1 5.40449E-1 5.21883E-1 5.36551E-1 4.97481E-1 5.14859E-1 5.20138E-1 5.02234E-1 4.48746E-1 4.32311E-1 4.29257E-1 4.22015E-1 4.00593E-1 4.1299E-1 4.90122E-1 4.02364E-1 3.46196E-1 4.88042E-1 4.05617E-1 4.94832E-1 5.13328E-1 5.29924E-1 5.84514E-1 5.51946E-1 5.20048E-1 5.37172E-1 5.88628E-1 6.32015E-1 6.36523E-1 5.18998E-1 4.12416E-1 5.32748E-1 5.06884E-1 4.0531E-1 4.41006E-1 4.46972E-1 4.90387E-1 4.60795E-1 3.79236E-1 3.67009E-1 4.14142E-1 4.93482E-1 5.05033E-1 4.76516E-1 4.74927E-1 4.73459E-1 5.58063E-1 5.64406E-1 4.66876E-1 5.54245E-1 5.61686E-1 6.07745E-1 5.91039E-1 6.26035E-1 5.90078E-1 6.68965E-1 6.55866E-1
5.38962E-1 5.31464E-1 5.73135E-1 5.44531E-1 5.64613E-1 5.59354E-1 5.4359E-1 5.0054E-1 4.74815E-1 4.6086E-1 4.48595E-1 4.74174E-1 4.65121E-1 4.39342E-1 4.07766E-1 4.48198E-1 4.24856E-1 4.49209E-1 3.10337E-1 2.86159E-1 3.06761E-1 4.55704E-1 4.46997E-1 4.84888E-1 5.10482E-1 5.20096E-1 5.27105E-1 5.37637E-1 5.72956E-1 5.89362E-1 6.00402E-1 6.39502E-1 6.11375E-1 4.57553E-1 4.44804E-1 3.82618E-1 4.93243E-1 6.01694E-1 4.54153E-1 3.75749E-1 5.22973E-1 3.97634E-1 4.22047E-1 4.40926E-1 3.88337E-1 3.97716E-1 4.51574E-1 4.66775E-1 4.42395E-1 4.79198E-1 5.05459E-1 5.03826E-1 5.37923E-1 5.35235E-1 5.43325E-1 5.87258E-1 6.18275E-1 6.33525E-1 6.67295E-1 6.64932E-1 6.84126E-1
5.69657E-1 5.37255E-1 5.48296E-1 5.33703E-1 5.29737E-1 5.20867E-1 4.77893E-1 4.94178E-1 5.6387E-1 4.53445E-1 4.03811E-1 4.19808E-1 3.88372E-1 4.24816E-1 3.83183E-1 3.99339E-1 3.71597E-1 3.54905E-1 3.17288E-1 2.95841E-1 3.12783E-1 4.22183E-1 4.50707E-1 4.53603E-1 5.03044E-1 5.02125E-1 4.72451E-1 5.27367E-1 5.29093E-1 5.92323E-1 5.9542E-1 6.31249E-1 6.32245E-1 4.89418E-1 4.73193E-1 5.29978E-1 3.97657E-1 5.10597E-1 5.60275E-1 4.75876E-1 4.22282E-1 5.5584E-1 4.88327E-1 4.42122E-1 4.7599E-1 4.76836E-1 4.65095E-1 3.92236E-1 3.58283E-1 3.83146E-1 4.42231E-1 4.81908E-1 5.43304E-1 5.84698E-1 5.97073E-1 6.03093E-1 6.48885E-1 6.50005E-1 6.822E-1 6.57766E-1 6.18825E-1
5.06512E-1 5.15315E-1 5.41125E-1 5.61715E-1 5.1707E-1 5.34308E-1 5.5236E-1 5.329E-1 5.2814E-1 4.84381E-1 4.3664E-1 3.69904E-1 3.76813E-1 3.88948E-1 3.82043E-1 3.51364E-1 3.63094E-1 3.62748E-1 3.57168E-1 3.27714E-1 3.38411E-1 3.52408E-1 4.48514E-1 4.4908E-1 4.84312E-1 4.88824E-1 5.12943E-1 5.08429E-1 5.06638E-1 4.79701E-1 5.8123E-1 5.8503E-1 5.4141E-1 4.65099E-1 4.90718E-1 5.51725E-1 5.20757E-1 4.62708E-1 3.96105E-1 4.9671E-1 4.69618E-1 4.51279E-1 4.84476E-1 3.95495E-1 3.70164E-1 3.52366E-1 3.90555E-1 3.81052E-1 3.92154E-1 4.43053E-1 4.53739E-1 4.84174E-1 4.79006E-1 5.30361E-1 5.79003E-1 5.6585E-1 5.77663E-1 6.45498E-1 6.84682E-1 7.12127E-1 7.12113E-1
4.96211E-1 5.32215E-1 5.29355E-1 5.31172E-1 4.98622E-1 4.65643E-1 5.05572E-1 4.64682E-1 4.77779E-1 4.04893E-1 3.88297E-1 3.71458E-1 3.88978E-1 3.96473E-1 3.64142E-1 3.51268E-1 3.60552E-1 3.62007E-1 3.41722E-1 3.32764E-1 3.68737E-1 3.62932E-1 4.35105E-1 4.09544E-1 4.5329E-1 4.41694E-1 4.63118E-1 4.91249E-1 5.47127E-1 5.17967E-1 5.71841E-1 6.65214E-1 5.80059E-1 5.34086E-1 5.43718E-1 4.13133E-1 6.00495E-1 6.26044E-1 4.50883E-1 4.01249E-1 5.6932E-1 4.22401E-1 4.27669E-1 3.61804E-1 3.51537E-1 3.49303E-1 3.84133E-1 3.95731E-1 3.99673E-1 4.1223E-1 4.73563E-1 4.95672E-1 5.37611E-1 5.44264E-1 4.99917E-1 5.48937E-1 6.04659E-1 6.66385E-1 6.7337E-1 7.09733E-1 7.0724E-1
5.01729E-1 5.3077E-1 5.27713E-1 4.91952E-1 5.00355E-1 4.77627E-1 4.75848E-1 3.80511E-1 3.96335E-1 3.78101E-1 3.95815E-1 3.98708E-1 3.93168E-1 3.72178E-1 3.58866E-1 3.57789E-1 3.76796E-1 3.6489E-1 3.51736E-1 3.67137E-1 3.93733E-1 3.81305E-1 4.22139E-1 4.00376E-1 4.63165E-1 4.27817E-1 4.43223E-1 4.70665E-1 5.52583E-1 5.59984E-1 5.43019E-1 6.37494E-1 6.58648E-1 6.24775E-1 5.45422E-1 5.33584E-1 5.2555E-1 4.59011E-1 4.75239E-1 4.77035E-1 4.07333E-1 4.66417E-1 3.37216E-1 3.32889E-1 3.55605E-1 3.47773E-1 3.66676E-1 3.80092E-1 4.11318E-1 4.40206E-1 4.73932E-1 4.68217E-1 5.32995E-1 6.11556E-1 6.23278E-1 5.06093E-1 5.17151E-1 5.59387E-1 6.49441E-1 7.37063E-1 6.56512E-1
4.91592E-1 4.62343E-1 4.71892E-1 4.32883E-1 4.2389E-1 4.80895E-1 4.69734E-1 3.92775E-1 3.72886E-1 3.93059E-1 4.04426E-1 4.20819E-1 4.14387E-1 3.98082E-1 3.86741E-1 3.95331E-1 3.96378E-1 3.79856E-1 3.76202E-1 3.71924E-1 3.77617E-1 4.07161E-1 4.37228E-1 3.62304E-1 4.35681E-1 4.01885E-1 4.47471E-1 4.76971E-1 5.11899E-1 5.30396E-1 5.75123E-1 5.79549E-1 5.29531E-1 5.92632E-1 6.78699E-1 6.20291E-1 5.72761E-1 4.47061E-1 4.01072E-1 4.61775E-1 4.30948E-1 3.30513E-1 3.10938E-1 3.22945E-1 3.61863E-1 3.69191E-1 3.94943E-1 4.33777E-1 4.53514E-1 5.05142E-1 5.682E-1 5.10357E-1 4.91498E-1 6.52131E-1 5.55233E-1 4.43369E-1 5.36274E-1 5.98843E-1 6.73028E-1 6.49944E-1 6.4238E-1
4.5756E-1 4.38424E-1 4.27325E-1 4.17709E-1 4.07508E-1 3.85918E-1 3.80995E-1 3.99978E-1 4.19471E-1 4.14664E-1 4.06784E-1 3.96253E-1 4.05436E-1 4.11236E-1 4.22873E-1 4.57505E-1 4.06406E-1 3.9726E-1 4.04166E-1 3.9291E-1 3.94793E-1 4.27745E-1 4.11135E-1 3.66437E-1 3.50026E-1 4.06299E-1 4.88768E-1 4.43266E-1 4.79116E-1 4.8456E-1 4.93051E-1 5.30207E-1 4.75419E-1 4.6152E-1 4.8321E-1 5.25114E-1 5.17044E-1 4.4702E-1 3.69054E-1 3.67634E-1 3.45244E-1 3.15927E-1 3.3324E-1 3.67339E-1 3.96699E-1 4.24789E-1 4.31436E-1 4.63178E-1 4.86437E-1 5.11297E-1 5.41748E-1 5.80396E-1 5.72772E-1 6.22975E-1 4.52678E-1 5.11544E-1 5.72244E-1 5.51631E-1 5.6923E-1 5.67203E-1 5.01326E-1
4.57266E-1 4.44569E-1 4.36676E-1 4.26904E-1 4.1056E-1 4.13089E-1 4.40361E-1 4.18014E-1 4.23783E-1 4.10312E-1 4.15404E-1 4.2266E-1 4.06835E-1 4.11955E-1 4.23486E-1 4.64362E-1 4.37334E-1 4.32493E-1 4.20152E-1 4.06778E-1 3.94108E-1 3.73171E-1 3.36767E-1 3.48999E-1 3.65738E-1 3.74374E-1 4.03975E-1 3.71579E-1 4.03232E-1 3.91414E-1 3.78525E-1 3.78758E-1 3.76219E-1 3.71334E-1 4.13911E-1 3.84856E-1 4.05849E-1 4.03969E-1 3.74104E-1 3.59693E-1 3.67504E-1 3.76586E-1 3.89141E-1 4.11321E-1 4.2067E-1 4.29572E-1 4.45583E-1 4.7796E-1 4.75027E-1 5.28075E-1 5.16815E-1 5.41337E-1 6.08564E-1 5.48884E-1 4.98125E-1 6.1698E-1 6.49345E-1 6.33826E-1 5.66841E-1 5.56334E-1 7.30022E-1
4.71548E-1 4.73322E-1 4.60436E-1 4.5535E-1 4.29223E-1 4.39636E-1 4.48712E-1 4.31221E-1 4.26974E-1 4.26201E-1 4.18409E-1 3.95401E-1 4.15612E-1 4.23561E-1 4.28728E-1 4.39399E-1 4.11136E-1 4.19486E-1 4.34889E-1 4.0379E-1 3.92502E-1 3.61624E-1 3.31687E-1 3.2758E-1 3.25584E-1 3.71518E-1 3.95849E-1 3.73072E-1 3.53841E-1 3.63755E-1 3.50563E-1 3.4684E-1 3.3913E-1 3.38318E-1 3.45728E-1 3.48373E-1 3.52775E-1 3.63176E-1 3.93083E-1 3.77828E-1 3.85803E-1 3.94238E-1 3.87613E-1 4.10529E-1 4.08322E-1 4.2494E-1 4.70704E-1 5.22819E-1 4.79578E-1 4.71798E-1 5.2184E-1 5.54929E-1 5.34137E-1 5.67606E-1 5.20863E-1 5.64795E-1 4.88551E-1 5.68424E-1 5.33596E-1 5.802E-1 7.44597E-1
4.81534E-1 4.89594E-1 4.79777E-1 4.7128E-1 4.61972E-1 4.52467E-1 4.43265E-1 4.47972E-1 4.62058E-1 4.39274E-1 4.16478E-1 4.08505E-1 3.86686E-1 4.01894E-1 4.02401E-1 4.02113E-1 3.97326E-1 4.21538E-1 4.74319E-1 4.49372E-1 3.81229E-1 3.67215E-1 3.50639E-1 3.31583E-1 3.35983E-1 3.39043E-1 3.4979E-1 3.74484E-1 3.85192E-1 3.88275E-1 3.94636E-1 3.85881E-1 3.69706E-1 3.45699E-1 3.28021E-1 3.29962E-1 3.37114E-1 3.60887E-1 3.90151E-1 3.76805E-1 4.03143E-1 3.87365E-1 3.9571E-1 4.09943E-1 4.23022E-1 4.42613E-1 4.97585E-1 4.59064E-1 4.59677E-1 4.35E-1 4.49349E-1 5.38988E-1 4.78105E-1 5.46787E-1 5.28718E-1 5.94924E-1 4.96962E-1 4.6648E-1 4.32154E-1 4.80102E-1 6.39072E-1
5.05165E-1 4.88764E-1 4.8011E-1 4.59182E-1 4.54269E-1 4.56978E-1 4.59961E-1 4.81031E-1 4.68959E-1 4.39353E-1 4.54891E-1 4.13629E-1 3.77127E-1 3.84209E-1 4.03275E-1 3.971E-1 4.05228E-1 4.07184E-1 4.59929E-1 4.47031E-1 4.18877E-1 3.73433E-1 3.73278E-1 3.85669E-1 3.74023E-1 3.56892E-1 3.51724E-1 3.57257E-1 3.41721E-1 3.64683E-1 3.77387E-1 3.64244E-1 3.69369E-1 3.38127E-1 3.17419E-1 3.29224E-1 3.43147E-1 3.63503E-1 3.81005E-1 4.23139E-1 4.21681E-1 4.2254E-1 4.48352E-1 4.49071E-1 4.64311E-1 5.00369E-1 5.38005E-1 4.60535E-1 4.54565E-1 4.37669E-1 4.62425E-1 5.0001E-1 4.87783E-1 4.84164E-1 5.55066E-1 6.03143E-1 5.12886E-1 4.07323E-1 3.71963E-1 3.48682E-1 4.16839E-1
4.87034E-1 4.71401E-1 4.68363E-1 4.46717E-1 4.40604E-1 4.59778E-1 4.98331E-1 5.76297E-1 4.36912E-1 4.47275E-1 4.29725E-1 4.04216E-1 3.65967E-1 3.70942E-1 4.13739E-1 4.07614E-1 4.10894E-1 4.60587E-1 4.68003E-1 4.26007E-1 4.385E-1 4.42123E-1 3.96867E-1 3.63876E-1 3.55856E-1 3.51747E-1 3.36187E-1 3.37053E-1 3.30361E-1 3.64873E-1 3.79539E-1 3.76135E-1 3.68887E-1 3.4052E-1 3.45598E-1 3.74364E-1 3.76679E-1 3.90957E-1 4.12838E-1 4.35779E-1 4.23453E-1 4.59851E-1 4.76534E-1 4.52704E-1 5.10733E-1 4.61636E-1 5.5164E-1 4.353E-1 4.56321E-1 4.38777E-1 4.59293E-1 5.2347E-1 4.90685E-1 4.72951E-1 5.93149E-1 6.17255E-1 4.91807E-1 3.93338E-1 3.40098E-1 3.24038E-1 2.99883E-1
5.0314E-1 4.99156E-1 4.88785E-1 4.6074E-1 4.38396E-1 4.62723E-1 4.83614E-1 5.00361E-1 4.1086E-1 4.20681E-1 3.96533E-1 3.81348E-1 3.96256E-1 3.91147E-1 4.212E-1 4.08264E-1 4.02736E-1 4.18146E-1 4.20019E-1 4.06387E-1 4.1226E-1 4.12463E-1 4.33711E-1 4.23328E-1 3.86055E-1 3.81902E-1 3.53673E-1 3.57306E-1 3.64694E-1 4.02217E-1 4.14771E-1 4.04828E-1 3.96405E-1 3.90351E-1 3.89613E-1 4.01187E-1 4.21358E-1 4.39512E-1 4.39517E-1 4.16597E-1 4.66809E-1 4.71184E-1 5.52041E-1 4.71059E-1 5.01301E-1 4.45154E-1 4.82242E-1 5.2085E-1 4.67372E-1 5.06429E-1 5.03936E-1 5.40733E-1 5.15581E-1 5.25529E-1 5.95966E-1 6.16102E-1 4.97722E-1 3.76461E-1 3.07647E-1 2.94117E-1 2.85261E-1
5.34811E-1 5.0381E-1 5.01137E-1 5.00874E-1 4.71728E-1 4.53218E-1 4.8421E-1 4.12258E-1 4.11123E-1 4.05054E-1 4.19049E-1 4.33993E-1 4.37301E-1 4.33437E-1 4.22189E-1 4.17172E-1 4.20817E-1 4.50264E-1 4.05567E-1 3.98569E-1 4.01522E-1 3.97603E-1 4.22854E-1 4.31884E-1 4.25939E-1 4.10888E-1 4.00518E-1 4.10909E-1 3.89498E-1 4.01217E-1 4.09913E-1 4.18498E-1 4.31729E-1 4.43537E-1 4.3768E-1 4.32413E-1 4.57729E-1 4.92249E-1 4.51501E-1 4.09127E-1 5.32711E-1 5.21569E-1 5.30128E-1 4.81832E-1 4.75716E-1 4.89325E-1 4.54431E-1 5.31919E-1 4.51306E-1 5.70255E-1 4.36489E-1 5.109E-1 4.63669E-1 4.68064E-1 5.69146E-1 5.5699E-1 5.3563E-1 3.84892E-1 3.11004E-1 3.05833E-1 2.82703E-1
5.0436E-1 4.87453E-1 4.90209E-1 4.95877E-1 4.84252E-1 4.74835E-1 4.65915E-1 4.13152E-1 4.4183E-1 4.35015E-1 4.66431E-1 4.32155E-1 4.29064E-1 4.37643E-1 4.26641E-1 4.26634E-1 4.08351E-1 4.05785E-1 4.05426E-1 3.9715E-1 4.01779E-1 3.90564E-1 4.04086E-1 4.44418E-1 4.39469E-1 4.37965E-1 4.18207E-1 4.18401E-1 4.28447E-1 4.46833E-1 4.53811E-1 4.33296E-1 4.64312E-1 4.99387E-1 5.11793E-1 4.717E-1 5.2498E-1 5.55319E-1 4.27492E-1 3.92881E-1 4.7069E-1 5.06857E-1 4.62236E-1 4.67144E-1 4.69106E-1 4.52183E-1 4.93914E-1 4.23773E-1 4.63028E-1 5.65931E-1 4.12083E-1 4.09073E-1 3.75457E-1 4.49057E-1 5.35099E-1 5.27952E-1 4.57961E-1 3.61498E-1 3.42673E-1 3.22075E-1 2.9183E-1
4.96693E-1 4.92109E-1 4.94834E-1 4.92189E-1 4.98563E-1 4.75319E-1 4.73387E-1 4.28039E-1 4.54219E-1 5.05154E-1 4.49733E-1 4.47391E-1 4.01941E-1 4.30041E-1 4.27371E-1 4.28518E-1 4.1677E-1 4.18178E-1 4.12269E-1 4.02046E-1 4.05121E-1 4.06698E-1 4.43488E-1 4.64036E-1 4.52819E-1 4.58237E-1 4.50302E-1 4.27554E-1 4.56641E-1 5.06118E-1 4.71342E-1 4.57388E-1 4.303E-1 5.10538E-1 4.75938E-1 4.92154E-1 5.27091E-1 4.45901E-1 4.32652E-1 4.28113E-1 5.23805E-1 3.9979E-1 4.37474E-1 4.37325E-1 4.381E-1 4.26698E-1 4.75368E-1 4.05334E-1 4.72403E-1 5.80748E-1 5.41497E-1 5.14195E-1 3.89438E-1 3.55995E-1 4.6214E-1 4.53039E-1 4.18433E-1 3.39463E-1 3.30906E-1 2.96832E-1 2.95708E-1
4.89326E-1 4.96451E-1 5.10467E-1 4.96735E-1 4.942E-1 4.52412E-1 4.27723E-1 4.24488E-1 4.77745E-1 4.4044E-1 4.37189E-1 4.19273E-1 3.87218E-1 4.21025E-1 4.53105E-1 4.46333E-1 4.19502E-1 4.19557E-1 4.15595E-1 4.0626E-1 4.0084E-1 4.01434E-1 4.52311E-1 4.83922E-1 4.70591E-1 4.87382E-1 5.29103E-1 5.39173E-1 5.1871E-1 4.70518E-1 4.59795E-1 4.31522E-1 4.67594E-1 4.51127E-1 4.26213E-1 5.03811E-1 4.97788E-1 5.26509E-1 5.93946E-1 5.25741E-1 3.5845E-1 3.53172E-1 4.08838E-1 4.39466E-1 4.38767E-1 4.34179E-1 4.31672E-1 3.91051E-1 5.16846E-1 5.54321E-1 5.90075E-1 5.04287E-1 3.61307E-1 3.51371E-1 4.28369E-1 4.10639E-1 3.81639E-1 3.23803E-1 2.90722E-1 2.8906E-1 2.86623E-1
4.68075E-1 4.89773E-1 4.79317E-1 5.00192E-1 5.00159E-1 4.74025E-1 4.71436E-1 4.38347E-1 4.42317E-1 3.89832E-1 4.33881E-1 3.86968E-1 3.91412E-1 4.75433E-1 4.56866E-1 4.44856E-1 4.19077E-1 4.166E-1 4.17349E-1 4.06601E-1 3.96163E-1 4.1536E-1 4.95002E-1 4.45241E-1 4.63962E-1 4.85648E-1 5.80561E-1 5.49809E-1 4.4607E-1 4.64183E-1 4.61737E-1 4.71018E-1 4.53916E-1 4.61397E-1 4.87473E-1 4.6115E-1 5.25516E-1 4.60645E-1 4.08921E-1 3.89184E-1 3.53202E-1 3.76975E-1 4.32343E-1 4.34088E-1 4.13356E-1 4.30424E-1 4.35683E-1 3.8969E-1 5.20961E-1 5.09907E-1 5.13054E-1 4.11748E-1 3.51566E-1 3.7726E-1 3.95244E-1 3.88718E-1 3.64494E-1 3.16691E-1 3.10302E-1 3.01973E-1 3.05177E-1
4.47161E-1 4.71509E-1 4.76001E-1 4.8287E-1 4.71758E-1 4.90027E-1 4.85592E-1 4.31905E-1 3.78591E-1 3.77738E-1 3.95715E-1 3.63119E-1 4.29694E-1 4.58297E-1 4.32536E-1 4.21996E-1 4.06719E-1 4.01908E-1 4.06361E-1 4.0477E-1 4.23868E-1 4.46035E-1 4.69057E-1 5.11688E-1 4.52039E-1 4.62052E-1 4.55461E-1 4.3241E-1 4.87154E-1 4.48189E-1 4.46067E-1 4.51403E-1 4.18085E-1 4.85002E-1 4.92492E-1 4.22979E-1 4.97628E-1 3.98627E-1 3.88417E-1 3.56972E-1 4.16623E-1 5.15337E-1 4.73583E-1 4.33547E-1 4.06096E-1 4.1359E-1 4.32727E-1 4.42492E-1 5.04146E-1 4.94289E-1 5.65249E-1 3.9899E-1 3.75626E-1 4.17469E-1 4.13736E-1 3.78524E-1 3.60716E-1 3.21561E-1 3.09703E-1 3.13963E-1 3.10182E-1
4.65968E-1 4.8122E-1 4.56903E-1 4.67899E-1 4.8888E-1 4.8194E-1 3.69277E-1 3.66044E-1 4.43134E-1 3.67199E-1 3.61511E-1 3.57759E-1 4.34627E-1 3.9913E-1 3.84946E-1 3.86988E-1 4.14716E-1 4.38649E-1 4.27448E-1 4.45862E-1 4.6881E-1 4.64624E-1 4.52663E-1 4.76379E-1 4.3694E-1 4.14753E-1 4.50479E-1 4.13334E-1 4.43011E-1 4.60664E-1 4.29789E-1 4.02043E-1 4.43846E-1 4.58407E-1 4.17298E-1 3.50253E-1 3.86243E-1 3.63072E-1 3.65602E-1 4.10962E-1 4.43665E-1 5.40015E-1 5.89485E-1 4.86218E-1 4.38239E-1 4.18082E-1 4.43039E-1 5.12444E-1 5.4259E-1 5.19295E-1 5.70088E-1 4.31381E-1 3.60843E-1 4.26023E-1 4.24235E-1 3.88058E-1 3.65722E-1 3.48143E-1 3.39045E-1 3.33278E-1 3.04022E-1
4.80919E-1 4.80035E-1 4.83875E-1 4.51128E-1 4.4281E-1 3.97165E-1 3.51689E-1 4.18174E-1 4.56091E-1 3.62501E-1 3.75815E-1 3.84807E-1 4.12665E-1 3.56124E-1 4.09997E-1 4.10026E-1 4.17935E-1 4.65769E-1 4.22029E-1 4.12697E-1 4.48321E-1 4.57154E-1 4.63649E-1 4.36185E-1 4.01039E-1 4.07623E-1 4.02204E-1 3.68477E-1 3.66925E-1 4.3836E-1 4.53224E-1 4.28479E-1 4.77243E-1 3.98236E-1 4.01037E-1 3.74152E-1 3.27462E-1 3.69921E-1 4.12682E-1 3.93913E-1 4.2245E-1 4.80722E-1 5.75229E-1 5.67819E-1 4.81139E-1 4.4937E-1 3.93266E-1 4.85609E-1 4.36745E-1 5.26771E-1 5.3394E-1 4.53973E-1 3.93245E-1 4.04174E-1 4.38271E-1 4.24037E-1 4.19367E-1 3.81243E-1 3.4999E-1 3.5169E-1 3.22673E-1
4.72832E-1 4.8988E-1 4.93976E-1 4.93929E-1 3.70404E-1 3.73554E-1 3.51236E-1 4.29539E-1 3.79016E-1 3.5397E-1 3.69395E-1 3.69173E-1 3.87549E-1 3.52213E-1 4.20306E-1 3.76575E-1 3.55715E-1 4.22733E-1 4.07459E-1 4.19132E-1 4.45784E-1 4.74909E-1 4.20849E-1 4.21748E-1 4.38441E-1 3.81269E-1 3.61985E-1 3.61144E-1 4.49839E-1 4.31194E-1 4.30929E-1 4.91542E-1 4.32578E-1 4.51386E-1 4.71595E-1 3.70147E-1 3.56044E-1 3.86292E-1 4.08493E-1 4.23837E-1 3.82391E-1 3.82696E-1 4.83473E-1 5.64045E-1 5.90976E-1 5.19059E-1 4.46838E-1 4.81186E-1 4.52383E-1 5.09007E-1 5.18875E-1 4.99059E-1 4.74177E-1 4.50422E-1 4.96708E-1 5.45267E-1 5.12835E-1 4.71545E-1 4.23858E-1 3.91925E-1 3.47348E-1
4.40156E-1 4.81048E-1 4.50482E-1 3.87245E-1 3.51589E-1 3.45574E-1 3.46262E-1 3.96793E-1 3.78426E-1 3.64884E-1 3.87221E-1 3.59506E-1 3.88829E-1 4.58192E-1 4.03277E-1 3.48775E-1 3.33109E-1 3.8794E-1 3.68382E-1 4.00751E-1 4.03783E-1 4.05468E-1 4.03923E-1 4.09052E-1 3.93294E-1 3.61747E-1 3.43454E-1 4.44947E-1 5.22073E-1 4.00724E-1 3.89732E-1 4.81918E-1 3.96988E-1 4.15454E-1 3.50265E-1 3.36161E-1 3.79799E-1 3.87288E-1 4.2657E-1 4.00966E-1 3.88384E-1 3.49639E-1 4.01186E-1 4.64548E-1 5.70613E-1 5.45172E-1 4.2791E-1 4.46308E-1 5.78934E-1 5.1977E-1 5.10593E-1 5.37645E-1 6.02994E-1 6.01092E-1 6.68123E-1 6.89078E-1 6.88922E-1 6.51367E-1 6.02717E-1 5.30709E-1 4.19193E-1
4.69687E-1 4.38212E-1 4.44811E-1 3.78243E-1 3.86036E-1 3.85898E-1 4.03286E-1 4.31237E-1 4.03111E-1 4.00689E-1 3.69971E-1 4.27787E-1 3.69302E-1 4.54867E-1 4.17023E-1 4.12764E-1 3.73383E-1 3.73584E-1 4.21152E-1 3.59084E-1 3.78293E-1 4.16004E-1 3.56076E-1 3.83735E-1 3.66858E-1 3.52996E-1 4.47608E-1 5.02096E-1 4.51723E-1 3.83823E-1 3.92547E-1 4.25548E-1 3.77472E-1 4.77383E-1 3.48321E-1 3.53058E-1 3.57318E-1 3.57814E-1 3.85164E-1 3.70152E-1 3.40924E-1 4.01095E-1 3.81034E-1 4.25089E-1 4.6982E-1 5.60226E-1 4.24111E-1 4.26724E-1 5.34303E-1 5.81132E-1 5.14908E-1 6.08733E-1 7.061E-1 7.17642E-1 7.24334E-1 7.28469E-1 7.14669E-1 7.33973E-1 7.1641E-1 7.01893E-1 6.30166E-1
3.65313E-1 3.83644E-1 3.7048E-1 4.26948E-1 4.21956E-1 4.36989E-1 4.42062E-1 4.11139E-1 3.938E-1 4.12644E-1 4.01398E-1 4.41436E-1 4.04825E-1 4.14539E-1 4.42228E-1 4.10716E-1 4.55906E-1 3.38037E-1 4.05217E-1 4.04932E-1 3.66467E-1 4.13243E-1 4.34163E-1 4.07245E-1 3.6494E-1 4.27893E-1 6.12495E-1 4.15591E-1 4.21043E-1 4.53311E-1 5.07889E-1 4.60213E-1 3.68103E-1 5.02397E-1 3.26402E-1 3.47905E-1 3.4271E-1 3.40215E-1 3.3223E-1 3.4747E-1 3.54575E-1 4.34602E-1 3.75251E-1 5.23781E-1 3.91531E-1 4.93199E-1 4.66263E-1 4.23257E-1 6.37268E-1 6.69241E-1 4.88069E-1 5.47463E-1 6.51853E-1 6.82126E-1 7.19753E-1 7.00762E-1 6.52681E-1 5.99547E-1 5.22732E-1 4.91227E-1 4.58029E-1
