maxent_outputs/red_flowers_linear/red_56.asc
ncols         426
nrows         180
xllcorner     -130.0
yllcorner     24.0
cellsize      0.16666666666666666
NODATA_value  -9999
[rows 0 to 26 of 180, columns 0 to 60 of 426]
1.87095E-1 1.70507E-1 1.5532E-1 1.14252E-1 1.15595E-1 1.40408E-1 1.75219E-1 2.08942E-1 1.53774E-1 1.12788E-1 8.06081E-2 4.93871E-2 4.83164E-2 4.98393E-2 5.60593E-2 5.45139E-2 4.99873E-2 4.50679E-2 4.6783E-2 5.03845E-2 5.19518E-2 5.47169E-2 5.34785E-2 4.91593E-2 4.23598E-2 4.13517E-2 4.35392E-2 4.34234E-2 4.20036E-2 4.18744E-2 3.69502E-2 3.59532E-2 3.34443E-2 3.09105E-2 2.94131E-2 3.02697E-2 2.78618E-2 2.87082E-2 3.30191E-2 3.38523E-2 3.71543E-2 3.52201E-2 3.64523E-2 3.86335E-2 3.73164E-2 4.0193E-2 4.00976E-2 4.17341E-2 4.23393E-2 4.22513E-2 4.24774E-2 3.77766E-2 2.93531E-2 2.80638E-2 2.81533E-2 2.76245E-2 2.47297E-2 2.35853E-2 2.50087E-2 2.69837E-2 2.78137E-2
2.62694E-1 2.21249E-1 1.54219E-1 1.7425E-1 1.54295E-1 2.02434E-1 2.45672E-1 2.02231E-1 1.22553E-1 1.16922E-1 9.50084E-2 6.87059E-2 5.75382E-2 4.86502E-2 6.12265E-2 5.03378E-2 4.58962E-2 4.81188E-2 5.00361E-2 5.42039E-2 5.62282E-2 5.26249E-2 5.63458E-2 5.64258E-2 5.00059E-2 3.98706E-2 4.011E-2 3.93688E-2 3.92408E-2 3.61653E-2 3.13967E-2 3.13702E-2 3.76623E-2 3.5129E-2 3.28565E-2 3.05691E-2 3.17915E-2 3.21894E-2 3.36906E-2 3.53574E-2 3.66362E-2 3.75596E-2 3.72102E-2 3.97981E-2 3.72956E-2 3.94612E-2 3.84058E-2 3.7911E-2 3.84404E-2 3.89632E-2 3.58907E-2 3.45668E-2 3.717E-2 3.8695E-2 3.76854E-2 3.48804E-2 2.86896E-2 2.74374E-2 2.79977E-2 2.93229E-2 2.97712E-2
3.20301E-1 2.47316E-1 2.50542E-1 1.94397E-1 2.35218E-1 1.9067E-1 2.03494E-1 1.89625E-1 1.17057E-1 1.11629E-1 9.69157E-2 9.95562E-2 1.09271E-1 6.2813E-2 5.3858E-2 4.31018E-2 5.03687E-2 4.85689E-2 5.71638E-2 5.88806E-2 5.30994E-2 5.08433E-2 5.26495E-2 4.97287E-2 4.5516E-2 4.26171E-2 3.89239E-2 4.10614E-2 4.0844E-2 3.54089E-2 3.45754E-2 3.60839E-2 3.25778E-2 2.95334E-2 3.0755E-2 2.78656E-2 2.66461E-2 2.83293E-2 3.1648E-2 3.30165E-2 3.47587E-2 3.78783E-2 3.7082E-2 4.06535E-2 4.00628E-2 3.65234E-2 3.3973E-2 3.58462E-2 3.44175E-2 3.48096E-2 3.36421E-2 3.00013E-2 2.83675E-2 2.90429E-2 3.01791E-2 3.78577E-2 4.28002E-2 3.04428E-2 2.80073E-2 2.75359E-2 2.91752E-2
3.35318E-1 2.88233E-1 2.5499E-1 2.69976E-1 2.40028E-1 2.25334E-1 2.23755E-1 1.6626E-1 1.61201E-1 1.41195E-1 1.26257E-1 1.36206E-1 9.06543E-2 7.39218E-2 5.36315E-2 4.92744E-2 5.54788E-2 6.28466E-2 6.8563E-2 5.95838E-2 4.93805E-2 4.3389E-2 4.67944E-2 4.96529E-2 4.65098E-2 4.19699E-2 4.32139E-2 4.63553E-2 4.67016E-2 4.29764E-2 3.99393E-2 3.73368E-2 3.51297E-2 2.9816E-2 3.25049E-2 3.33828E-2 3.22903E-2 3.30295E-2 3.2152E-2 3.37246E-2 3.17191E-2 3.53444E-2 3.89232E-2 4.19799E-2 3.77937E-2 3.75704E-2 3.19641E-2 3.17977E-2 3.20711E-2 3.22957E-2 3.24006E-2 3.1601E-2 2.78328E-2 2.5326E-2 2.53664E-2 2.6963E-2 3.37923E-2 4.09108E-2 3.4541E-2 3.04052E-2 2.68381E-2
2.88362E-1 3.03638E-1 3.04993E-1 3.13635E-1 2.50021E-1 2.8405E-1 2.26683E-1 1.82396E-1 1.45369E-1 1.20276E-1 1.00692E-1 1.1081E-1 1.27118E-1 1.11635E-1 7.44638E-2 6.71093E-2 5.92858E-2 5.39265E-2 5.66093E-2 5.68673E-2 6.29515E-2 5.84544E-2 5.2591E-2 5.11345E-2 4.86346E-2 4.56812E-2 4.32366E-2 4.36356E-2 4.09364E-2 4.09789E-2 3.93532E-2 3.61578E-2 3.58567E-2 3.07189E-2 3.0803E-2 3.48215E-2 3.75521E-2 3.31418E-2 3.19115E-2 3.67124E-2 3.44873E-2 3.55848E-2 4.16952E-2 4.37071E-2 3.86433E-2 3.77913E-2 3.23812E-2 3.59258E-2 3.28001E-2 3.2795E-2 3.43794E-2 3.45236E-2 3.46431E-2 2.88672E-2 2.76577E-2 2.68899E-2 2.75748E-2 2.76246E-2 2.97312E-2 3.51493E-2 3.53576E-2
3.67352E-1 3.3083E-1 3.10259E-1 2.85112E-1 2.83002E-1 2.50548E-1 1.94863E-1 1.61626E-1 2.0072E-1 1.61364E-1 1.07085E-1 9.4574E-2 1.10281E-1 1.13703E-1 9.53564E-2 7.05704E-2 6.00673E-2 7.05292E-2 4.54269E-2 5.01375E-2 5.04118E-2 5.23659E-2 5.30046E-2 4.62441E-2 4.65736E-2 4.60771E-2 4.32173E-2 4.20964E-2 3.8699E-2 3.51557E-2 3.84819E-2 3.77344E-2 3.67432E-2 3.74828E-2 3.17269E-2 3.19002E-2 3.86505E-2 3.33466E-2 3.58835E-2 3.55631E-2 3.52637E-2 3.75225E-2 3.63143E-2 4.23398E-2 4.24618E-2 4.06258E-2 3.93076E-2 3.6514E-2 3.27267E-2 3.25124E-2 3.35655E-2 3.40385E-2 3.41649E-2 3.27472E-2 2.76732E-2 2.70904E-2 2.64607E-2 2.68991E-2 2.84683E-2 3.09713E-2 3.39471E-2
-9999 3.93355E-1 3.27173E-1 3.44097E-1 3.28775E-1 2.78301E-1 2.2007E-1 1.95737E-1 2.05151E-1 2.02457E-1 1.37522E-1 1.46304E-1 1.03642E-1 9.35232E-2 7.25523E-2 6.48792E-2 5.59789E-2 9.92579E-2 5.27714E-2 7.02767E-2 4.80067E-2 5.79354E-2 5.58661E-2 5.16076E-2 4.80263E-2 4.71128E-2 4.27761E-2 4.07728E-2 3.87309E-2 3.63868E-2 3.73204E-2 4.05746E-2 4.25572E-2 4.19128E-2 3.90427E-2 3.65834E-2 3.6838E-2 3.79188E-2 3.72324E-2 3.48186E-2 3.72003E-2 3.85245E-2 3.56871E-2 4.03913E-2 4.48703E-2 4.57362E-2 4.41328E-2 3.88133E-2 3.47517E-2 3.08556E-2 3.15093E-2 3.15181E-2 3.33495E-2 3.34893E-2 2.92994E-2 2.796E-2 2.9076E-2 2.64477E-2 2.74414E-2 2.81217E-2 3.03761E-2
-9999 -9999 -9999 4.3096E-1 2.91823E-1 2.91279E-1 2.42043E-1 2.2927E-1 2.24044E-1 2.7329E-1 2.30674E-1 1.91507E-1 1.4155E-1 9.10558E-2 7.05369E-2 6.97884E-2 6.51811E-2 8.89149E-2 1.17627E-1 6.81329E-2 5.9628E-2 6.06932E-2 6.29589E-2 5.42003E-2 4.98507E-2 4.53126E-2 4.44689E-2 4.05279E-2 4.00123E-2 4.18021E-2 3.95998E-2 3.70808E-2 3.51532E-2 3.83594E-2 4.2823E-2 3.76456E-2 3.77778E-2 3.92247E-2 3.87464E-2 3.61441E-2 3.52635E-2 3.74179E-2 3.63119E-2 4.01973E-2 4.67074E-2 4.62169E-2 4.25987E-2 4.08627E-2 3.43617E-2 3.43125E-2 3.03722E-2 3.21724E-2 3.41041E-2 3.28853E-2 3.06535E-2 3.38721E-2 2.93132E-2 2.7636E-2 2.50443E-2 2.61513E-2 2.87282E-2
-9999 -9999 -9999 5.2834E-1 3.43323E-1 2.83697E-1 2.63585E-1 2.99185E-1 2.53892E-1 2.71262E-1 2.56777E-1 2.20208E-1 1.88042E-1 1.19586E-1 1.17298E-1 9.22429E-2 1.23872E-1 1.18586E-1 7.51673E-2 5.83079E-2 5.48757E-2 4.87875E-2 5.12373E-2 4.31616E-2 3.98762E-2 4.05514E-2 4.14638E-2 3.56502E-2 3.68148E-2 3.68703E-2 3.93896E-2 4.04218E-2 4.08927E-2 3.52832E-2 3.58356E-2 3.13709E-2 3.47806E-2 3.52963E-2 2.91091E-2 2.89623E-2 3.03968E-2 3.47739E-2 3.18373E-2 3.65569E-2 4.57638E-2 4.76077E-2 4.23202E-2 4.2455E-2 4.38065E-2 4.04905E-2 4.13234E-2 3.84666E-2 3.74778E-2 4.04192E-2 4.00936E-2 3.38702E-2 3.44825E-2 3.48812E-2 3.11808E-2 2.70174E-2 2.74817E-2
-9999 -9999 -9999 -9999 -9999 4.30417E-1 3.41073E-1 3.03407E-1 2.6242E-1 2.83372E-1 2.66621E-1 2.42468E-1 2.28678E-1 1.78156E-1 1.44323E-1 1.60087E-1 1.82165E-1 1.07623E-1 1.01601E-1 1.19589E-1 9.80058E-2 7.23982E-2 5.64742E-2 5.33382E-2 5.41845E-2 5.28087E-2 4.68547E-2 3.94549E-2 3.35701E-2 3.34143E-2 3.81221E-2 4.32294E-2 3.90926E-2 2.97109E-2 2.93855E-2 2.25669E-2 2.46922E-2 2.82789E-2 2.65622E-2 2.90971E-2 3.02329E-2 3.29655E-2 3.30316E-2 3.17458E-2 3.58154E-2 4.45437E-2 4.77334E-2 4.20039E-2 4.33886E-2 4.64636E-2 4.45365E-2 4.53592E-2 4.28614E-2 4.00438E-2 4.04388E-2 3.46362E-2 2.82462E-2 2.78911E-2 3.41067E-2 3.1296E-2 3.05178E-2
-9999 -9999 -9999 -9999 -9999 -9999 -9999 3.06477E-1 2.8515E-1 3.17501E-1 2.76615E-1 2.64855E-1 2.48591E-1 2.33362E-1 1.86844E-1 1.67956E-1 1.50302E-1 1.18325E-1 1.5254E-1 7.02731E-2 6.05068E-2 5.37981E-2 3.66195E-2 4.41527E-2 4.51576E-2 4.88665E-2 4.23962E-2 4.45676E-2 4.15909E-2 3.50482E-2 4.08612E-2 4.89778E-2 4.6637E-2 3.40334E-2 2.63985E-2 2.48225E-2 2.29832E-2 2.36081E-2 2.90716E-2 2.4926E-2 2.73297E-2 3.43393E-2 3.00609E-2 2.9801E-2 3.12947E-2 3.85828E-2 5.13333E-2 4.79117E-2 4.23327E-2 4.27098E-2 4.11417E-2 4.19436E-2 3.75057E-2 3.64723E-2 3.77337E-2 3.46587E-2 3.00672E-2 2.98123E-2 4.02497E-2 3.30528E-2 2.97577E-2
-9999 -9999 -9999 -9999 -9999 -9999 -9999 -9999 4.3966E-1 3.62706E-1 3.24931E-1 2.72291E-1 2.6806E-1 2.32271E-1 2.25871E-1 1.65296E-1 1.26719E-1 9.13567E-2 7.35705E-2 1.27377E-1 1.23817E-1 5.87146E-2 3.49584E-2 3.70541E-2 4.31504E-2 4.2318E-2 4.27506E-2 4.62806E-2 4.98008E-2 4.39615E-2 4.2037E-2 4.51907E-2 4.38983E-2 3.54312E-2 2.91042E-2 3.23129E-2 2.63671E-2 2.47184E-2 2.67765E-2 2.62633E-2 3.00579E-2 3.57181E-2 3.55169E-2 3.29894E-2 4.06439E-2 3.6876E-2 5.28001E-2 4.97353E-2 4.6816E-2 4.37703E-2 3.64713E-2 3.94767E-2 3.77551E-2 3.37007E-2 3.12864E-2 3.40602E-2 3.19314E-2 3.01629E-2 3.44801E-2 3.94414E-2 3.14171E-2
-9999 -9999 -9999 -9999 -9999 -9999 -9999 -9999 -9999 4.55643E-1 3.99741E-1 2.96565E-1 3.26674E-1 2.5863E-1 1.80975E-1 1.44013E-1 1.43588E-1 9.10694E-2 6.81966E-2 1.11381E-1 9.54676E-2 6.01694E-2 5.51909E-2 3.78827E-2 3.56999E-2 4.13579E-2 3.92356E-2 3.91718E-2 4.61913E-2 4.76022E-2 4.84042E-2 4.77404E-2 3.79264E-2 4.09824E-2 4.43963E-2 3.86982E-2 3.02772E-2 3.08343E-2 2.75916E-2 2.79659E-2 3.17034E-2 3.3882E-2 3.85221E-2 3.60926E-2 4.17152E-2 3.83474E-2 4.82066E-2 4.13329E-2 4.72007E-2 4.73329E-2 4.42118E-2 4.23046E-2 3.97421E-2 4.62971E-2 4.52323E-2 4.59043E-2 4.38439E-2 4.25956E-2 4.18004E-2 4.62078E-2 3.39675E-2
-9999 -9999 -9999 -9999 -9999 -9999 -9999 -9999 -9999 -9999 4.63393E-1 4.05822E-1 3.69595E-1 2.7273E-1 2.18261E-1 2.35401E-1 1.88481E-1 1.51036E-1 1.03936E-1 1.03524E-1 1.37642E-1 7.2002E-2 5.09738E-2 4.51203E-2 3.28946E-2 3.7779E-2 4.9008E-2 4.37908E-2 3.96292E-2 3.79816E-2 4.68147E-2 5.32361E-2 5.0727E-2 5.18772E-2 5.0974E-2 4.20797E-2 4.04482E-2 3.71358E-2 3.71059E-2 3.68355E-2 3.42321E-2 3.30296E-2 3.20351E-2 3.66049E-2 4.44218E-2 5.52598E-2 4.81127E-2 4.3311E-2 4.09234E-2 4.44415E-2 4.92534E-2 4.78328E-2 4.78471E-2 4.76369E-2 4.71444E-2 4.21946E-2 3.60507E-2 3.17396E-2 2.93709E-2 3.75084E-2 3.32512E-2
-9999 -9999 -9999 -9999 -9999 -9999 -9999 -9999 -9999 -9999 -9999 3.51213E-1 3.21177E-1 4.07538E-1 3.16457E-1 2.3915E-1 1.76376E-1 1.3951E-1 1.20151E-1 1.16645E-1 1.013E-1 6.80371E-2 5.59216E-2 3.92481E-2 3.48008E-2 4.01844E-2 6.00069E-2 4.28966E-2 3.71395E-2 3.85565E-2 4.67458E-2 4.16197E-2 3.89237E-2 5.83979E-2 5.85739E-2 5.07911E-2 4.91663E-2 4.50787E-2 4.64268E-2 4.70587E-2 4.47229E-2 4.08329E-2 4.41828E-2 4.18245E-2 4.40728E-2 5.34641E-2 5.19366E-2 4.54295E-2 3.7626E-2 3.67699E-2 4.24805E-2 4.58977E-2 4.37302E-2 4.4696E-2 4.42748E-2 4.24712E-2 3.58165E-2 3.10875E-2 3.59997E-2 4.28912E-2 3.74686E-2
-9999 -9999 -9999 -9999 -9999 -9999 -9999 -9999 -9999 -9999 -9999 4.33568E-1 4.07565E-1 4.89441E-1 3.51687E-1 2.81978E-1 2.36486E-1 2.09777E-1 1.27933E-1 8.76972E-2 8.18328E-2 7.20925E-2 5.37168E-2 4.08564E-2 4.67918E-2 6.66834E-2 6.04727E-2 3.86256E-2 3.70685E-2 3.94017E-2 4.72969E-2 4.37107E-2 4.68665E-2 5.20221E-2 4.68321E-2 6.07105E-2 4.43559E-2 4.64667E-2 5.0231E-2 4.94024E-2 4.83554E-2 4.82303E-2 4.70936E-2 4.35991E-2 4.90173E-2 5.77382E-2 6.43401E-2 5.0831E-2 4.1871E-2 3.53557E-2 3.77039E-2 3.83891E-2 3.91107E-2 4.4821E-2 4.45775E-2 4.36912E-2 3.98372E-2 3.51614E-2 4.28538E-2 3.82503E-2 3.1273E-2
-9999 -9999 -9999 -9999 -9999 -9999 -9999 -9999 -9999 -9999 -9999 -9999 -9999 4.9834E-1 4.08185E-1 3.75533E-1 2.97239E-1 2.36585E-1 1.47095E-1 1.24984E-1 1.53483E-1 1.00476E-1 9.12371E-2 7.48922E-2 5.60809E-2 8.26919E-2 9.52896E-2 4.80803E-2 4.02306E-2 5.3844E-2 6.77855E-2 4.52833E-2 3.8994E-2 3.85274E-2 3.66004E-2 7.39804E-2 4.69917E-2 4.05344E-2 4.64802E-2 3.86204E-2 3.71048E-2 4.09262E-2 4.41312E-2 4.34187E-2 4.75181E-2 5.30479E-2 6.07499E-2 6.09538E-2 5.21123E-2 4.66959E-2 4.05621E-2 4.07526E-2 4.21998E-2 4.74562E-2 4.69461E-2 4.43279E-2 4.24208E-2 3.75119E-2 4.00692E-2 4.30508E-2 4.11401E-2
-9999 -9999 -9999 -9999 -9999 -9999 -9999 -9999 -9999 -9999 -9999 -9999 -9999 5.18835E-1 4.53118E-1 4.21285E-1 3.48992E-1 3.2088E-1 2.89033E-1 2.69842E-1 1.91979E-1 1.5498E-1 1.2407E-1 1.41473E-1 7.47319E-2 8.91769E-2 1.922E-1 6.24509E-2 3.86648E-2 7.51545E-2 9.22883E-2 4.66961E-2 3.48979E-2 3.67753E-2 3.80468E-2 4.42653E-2 3.98187E-2 3.70667E-2 3.66602E-2 3.49267E-2 3.3311E-2 3.07778E-2 3.68486E-2 4.21533E-2 3.82314E-2 4.08529E-2 5.09376E-2 6.84727E-2 6.25831E-2 5.7443E-2 5.753E-2 5.26297E-2 4.89083E-2 4.6858E-2 4.82762E-2 4.59773E-2 4.22878E-2 3.75587E-2 4.52311E-2 4.55523E-2 4.0921E-2
-9999 -9999 -9999 -9999 -9999 8.54299E-1 -9999 -9999 -9999 -9999 6.52693E-1 5.3432E-1 5.63566E-1 5.65707E-1 6.29471E-1 4.91678E-1 4.50035E-1 4.18928E-1 4.02658E-1 3.52948E-1 3.02612E-1 2.49977E-1 2.30785E-1 1.61128E-1 1.35214E-1 1.24153E-1 1.85268E-1 1.15209E-1 5.97865E-2 5.74273E-2 1.27061E-1 1.13012E-1 5.97097E-2 5.49351E-2 3.85981E-2 3.89246E-2 3.57125E-2 3.75547E-2 3.56415E-2 3.38101E-2 3.25827E-2 3.10671E-2 4.11147E-2 4.49251E-2 4.0367E-2 3.80945E-2 4.7545E-2 5.49064E-2 6.74822E-2 5.69048E-2 5.92709E-2 6.00187E-2 5.3952E-2 4.96004E-2 5.63376E-2 5.13011E-2 4.32139E-2 4.47852E-2 5.87763E-2 4.41078E-2 3.6395E-2
-9999 -9999 -9999 -9999 -9999 -9999 8.68611E-1 7.06327E-1 7.42519E-1 6.71834E-1 5.7241E-1 4.17335E-1 3.5763E-1 3.51157E-1 4.24626E-1 5.38329E-1 5.36312E-1 5.66328E-1 5.00779E-1 4.40547E-1 4.44505E-1 3.37061E-1 2.87659E-1 2.41457E-1 1.96585E-1 2.08401E-1 1.69783E-1 1.65802E-1 1.06429E-1 7.80075E-2 1.51251E-1 9.06716E-2 5.50983E-2 4.40887E-2 4.94702E-2 4.11677E-2 4.12908E-2 3.53513E-2 3.7284E-2 3.33262E-2 3.18801E-2 2.99339E-2 3.41701E-2 3.15515E-2 2.93242E-2 4.02071E-2 6.18134E-2 6.3834E-2 7.69564E-2 5.72164E-2 4.97132E-2 5.58245E-2 8.08875E-2 6.65652E-2 7.10785E-2 7.67133E-2 7.24664E-2 6.76291E-2 5.98118E-2 5.06354E-2 4.9019E-2
-9999 -9999 -9999 -9999 -9999 -9999 -9999 -9999 -9999 -9999 6.1402E-1 4.82248E-1 4.56073E-1 4.73907E-1 5.46458E-1 5.14184E-1 4.37559E-1 4.55587E-1 4.50599E-1 4.52551E-1 5.19325E-1 4.2858E-1 4.08664E-1 3.44053E-1 3.40991E-1 3.09459E-1 3.04006E-1 2.12574E-1 1.72803E-1 1.37064E-1 1.86804E-1 1.16179E-1 7.0799E-2 8.04639E-2 9.41909E-2 8.71618E-2 4.78243E-2 3.71788E-2 3.92436E-2 4.27786E-2 4.13272E-2 4.13858E-2 3.30296E-2 3.41307E-2 3.80183E-2 5.44724E-2 3.19733E-2 4.60777E-2 4.86395E-2 6.24463E-2 5.42767E-2 6.53823E-2 7.70547E-2 5.84547E-2 5.68417E-2 5.28845E-2 5.19323E-2 5.21803E-2 5.02103E-2 5.52696E-2 5.69137E-2
-9999 -9999 -9999 -9999 -9999 -9999 -9999 -9999 -9999 -9999 -9999 6.08979E-1 6.05811E-1 5.25434E-1 4.30535E-1 5.0473E-1 3.07442E-1 2.84324E-1 3.57912E-1 2.60228E-1 2.92054E-1 2.65721E-1 3.20435E-1 3.12767E-1 3.88142E-1 3.66592E-1 3.89381E-1 3.77706E-1 3.1721E-1 2.9573E-1 1.83629E-1 1.46829E-1 1.2748E-1 1.48531E-1 9.3875E-2 7.52325E-2 4.26348E-2 4.49782E-2 5.51412E-2 3.47191E-2 3.57434E-2 4.17128E-2 5.93047E-2 5.9327E-2 4.95943E-2 3.43975E-2 3.1425E-2 3.21909E-2 3.70498E-2 6.16705E-2 6.31214E-2 7.48544E-2 7.79851E-2 5.85997E-2 5.71886E-2 5.4557E-2 5.31767E-2 5.29537E-2 4.59857E-2 4.37565E-2 4.29534E-2
-9999 -9999 -9999 -9999 -9999 -9999 -9999 -9999 -9999 -9999 -9999 -9999 7.5462E-1 6.27501E-1 4.93105E-1 4.78958E-1 4.04633E-1 3.6491E-1 3.65805E-1 2.98419E-1 2.81428E-1 2.41484E-1 2.16608E-1 2.32503E-1 3.25176E-1 2.98435E-1 3.3484E-1 3.59414E-1 4.09379E-1 4.03616E-1 3.48675E-1 3.19057E-1 2.00046E-1 1.61907E-1 1.04501E-1 1.03238E-1 1.11984E-1 8.65711E-2 7.96601E-2 5.69616E-2 4.33624E-2 5.22778E-2 6.74769E-2 5.16671E-2 6.93288E-2 5.63762E-2 3.18416E-2 4.04274E-2 4.09269E-2 4.7027E-2 1.03588E-1 8.41781E-2 7.78275E-2 7.71975E-2 6.51996E-2 6.01944E-2 5.60036E-2 5.99142E-2 4.81862E-2 4.3438E-2 4.43555E-2
-9999 -9999 -9999 -9999 -9999 -9999 -9999 -9999 -9999 -9999 -9999 -9999 7.07564E-1 6.74899E-1 7.44023E-1 6.09887E-1 6.43831E-1 5.17903E-1 3.91049E-1 2.9884E-1 3.01881E-1 2.87187E-1 1.98506E-1 2.10978E-1 2.0216E-1 2.45777E-1 3.15013E-1 3.68906E-1 4.38951E-1 4.96454E-1 4.31684E-1 4.35254E-1 2.71044E-1 2.58611E-1 1.69837E-1 1.29049E-1 1.60968E-1 1.91358E-1 8.14755E-2 8.45869E-2 6.43925E-2 9.35314E-2 6.2051E-2 3.94732E-2 7.45715E-2 6.2597E-2 3.69795E-2 3.95867E-2 3.68664E-2 4.9252E-2 8.90662E-2 6.01196E-2 6.12468E-2 8.12736E-2 7.55224E-2 7.27375E-2 5.60386E-2 4.82792E-2 4.97557E-2 4.91696E-2 4.2319E-2
-9999 -9999 -9999 -9999 -9999 -9999 -9999 -9999 -9999 -9999 -9999 -9999 -9999 -9999 -9999 8.63568E-1 7.28177E-1 5.58356E-1 5.38787E-1 4.60708E-1 3.72065E-1 2.87623E-1 2.93988E-1 2.67175E-1 2.11926E-1 2.19453E-1 2.84092E-1 2.94799E-1 3.99781E-1 4.5599E-1 5.50076E-1 4.59147E-1 3.60279E-1 2.87074E-1 2.50135E-1 2.29453E-1 2.41498E-1 1.44763E-1 9.08995E-2 9.39855E-2 1.79002E-1 1.06445E-1 5.13548E-2 4.79722E-2 5.59547E-2 9.53582E-2 5.73819E-2 5.01158E-2 6.4487E-2 6.19822E-2 6.60136E-2 1.01426E-1 6.02158E-2 7.66482E-2 7.6856E-2 6.84259E-2 5.60069E-2 5.62999E-2 5.4299E-2 4.88954E-2 4.79311E-2
-9999 -9999 -9999 -9999 -9999 -9999 -9999 -9999 -9999 -9999 -9999 -9999 -9999 -9999 -9999 -9999 -9999 7.34076E-1 6.63529E-1 5.24647E-1 5.12958E-1 4.82612E-1 3.58266E-1 3.796E-1 2.55055E-1 2.01351E-1 2.34369E-1 1.8468E-1 2.59014E-1 4.04477E-1 4.75421E-1 -9999 4.3989E-1 3.88748E-1 3.71391E-1 4.38886E-1 3.33177E-1 2.15308E-1 1.80936E-1 1.63283E-1 1.70004E-1 2.41422E-1 8.50662E-2 1.0158E-1 6.18195E-2 7.03703E-2 1.08734E-1 1.23774E-1 8.35843E-2 7.60304E-2 7.34959E-2 1.22565E-1 7.848E-2 6.16113E-2 6.45371E-2 6.51131E-2 6.35274E-2 5.73079E-2 5.22542E-2 5.41102E-2 5.6988E-2
-9999 -9999 -9999 -9999 -9999 -9999 -9999 -9999 -9999 -9999 -9999 -9999 -9999 -9999 -9999 -9999 -9999 -9999 7.63664E-1 6.15672E-1 6.56438E-1 5.16674E-1 4.68843E-1 4.10858E-1 3.21339E-1 2.29775E-1 2.68422E-1 1.76161E-1 2.89408E-1 3.30801E-1 4.19053E-1 5.13371E-1 5.72357E-1 4.33087E-1 4.23968E-1 4.9991E-1 3.47209E-1 3.25022E-1 2.1496E-1 2.45431E-1 2.86329E-1 1.62815E-1 1.6332E-1 1.18885E-1 1.48805E-1 8.97506E-2 8.9661E-2 8.98981E-2 2.20721E-1 1.76342E-1 9.15919E-2 1.50447E-1 8.7167E-2 6.53529E-2 5.935E-2 6.99798E-2 6.3747E-2 5.38516E-2 5.58645E-2 5.26076E-2 5.6814E-2
