maxent_outputs/red_flowers_linear/red_300.asc
ncols         426
nrows         180
xllcorner     -130.0
yllcorner     24.0
cellsize      0.16666666666666666
NODATA_value  -9999
[rows 54 to 80 of 180, columns 183 to 243 of 426]
1.63658E-2 1.64511E-2 1.72308E-2 1.69826E-2 1.64688E-2 1.60059E-2 1.55753E-2 1.52846E-2 1.56417E-2 1.58044E-2 1.558E-2 1.54804E-2 1.54003E-2 1.53334E-2 1.43057E-2 1.41691E-2 1.51775E-2 1.59734E-2 1.71065E-2 1.70848E-2 1.65119E-2 1.5944E-2 1.63583E-2 1.71263E-2 1.68039E-2 1.64509E-2 1.59682E-2 1.5858E-2 1.56425E-2 1.61196E-2 1.65316E-2 1.64959E-2 1.59811E-2 1.62378E-2 1.66904E-2 1.78726E-2 1.88702E-2 2.03856E-2 1.98726E-2 1.80641E-2 1.83217E-2 1.64838E-2 1.54216E-2 1.47636E-2 1.5415E-2 1.59995E-2 1.54659E-2 1.50846E-2 1.55729E-2 1.45914E-2 1.39029E-2 1.33388E-2 1.31212E-2 1.30013E-2 1.28587E-2 1.29064E-2 1.29838E-2 1.31752E-2 1.4134E-2 1.57093E-2 1.36878E-2
1.69937E-2 1.70531E-2 1.73329E-2 1.70792E-2 1.67758E-2 1.69739E-2 1.62193E-2 1.61639E-2 1.61093E-2 1.62552E-2 1.6143E-2 1.62992E-2 1.5735E-2 1.53107E-2 1.49422E-2 1.48616E-2 1.51846E-2 1.58697E-2 1.75189E-2 1.80444E-2 1.75005E-2 1.7195E-2 1.72575E-2 1.77215E-2 1.80926E-2 1.69445E-2 1.64716E-2 1.58945E-2 1.61674E-2 1.68456E-2 1.69869E-2 1.668E-2 1.64477E-2 1.663E-2 1.64271E-2 1.69995E-2 1.82634E-2 1.90668E-2 1.83477E-2 1.86726E-2 1.83802E-2 1.72158E-2 1.62844E-2 1.59807E-2 1.67134E-2 1.72098E-2 1.71534E-2 1.70207E-2 1.6619E-2 1.48674E-2 1.46657E-2 1.43499E-2 1.39609E-2 1.38296E-2 1.35773E-2 1.37942E-2 1.40973E-2 1.47816E-2 1.61926E-2 1.60371E-2 1.5704E-2
1.88314E-2 1.89338E-2 1.92444E-2 1.86482E-2 1.83994E-2 1.82171E-2 1.80549E-2 1.72374E-2 1.72855E-2 1.70258E-2 1.69135E-2 1.66341E-2 1.64242E-2 1.62142E-2 1.65743E-2 1.56419E-2 1.54501E-2 1.56075E-2 1.63815E-2 1.73014E-2 1.81829E-2 1.83252E-2 1.82637E-2 1.81782E-2 1.7972E-2 1.77099E-2 1.78667E-2 1.72383E-2 1.69422E-2 1.70942E-2 1.71262E-2 1.70395E-2 1.69125E-2 1.71922E-2 1.66092E-2 1.69617E-2 1.75361E-2 1.78987E-2 1.81331E-2 1.84163E-2 1.84508E-2 1.91369E-2 1.93568E-2 1.80051E-2 1.83569E-2 1.85604E-2 1.80883E-2 1.75235E-2 1.63687E-2 1.52107E-2 1.50607E-2 1.45332E-2 1.45381E-2 1.42732E-2 1.40303E-2 1.3973E-2 1.46453E-2 1.53702E-2 1.62661E-2 1.78588E-2 1.71198E-2
1.88413E-2 1.86039E-2 1.92721E-2 1.92624E-2 1.97772E-2 1.9596E-2 1.90751E-2 1.87535E-2 1.85484E-2 1.81412E-2 1.78377E-2 1.78764E-2 1.7619E-2 1.70972E-2 1.64104E-2 1.60905E-2 1.56017E-2 1.54498E-2 1.57202E-2 1.60115E-2 1.69719E-2 1.8009E-2 1.8626E-2 1.84131E-2 1.82139E-2 1.81644E-2 1.77302E-2 1.75105E-2 1.77531E-2 1.80273E-2 1.75866E-2 1.71382E-2 1.66729E-2 1.69678E-2 1.68038E-2 1.71861E-2 1.80637E-2 1.82345E-2 1.79483E-2 1.79752E-2 1.74289E-2 1.73258E-2 1.76833E-2 1.94389E-2 1.99546E-2 1.95578E-2 1.86315E-2 1.82294E-2 1.72078E-2 1.62945E-2 1.59135E-2 1.59181E-2 1.67837E-2 1.58533E-2 1.50989E-2 1.51405E-2 1.63283E-2 1.75858E-2 1.88629E-2 1.82359E-2 1.8215E-2
1.98783E-2 1.91813E-2 1.89022E-2 1.95069E-2 2.04954E-2 2.15656E-2 2.04294E-2 2.00515E-2 1.96169E-2 1.9183E-2 1.89922E-2 1.9228E-2 1.95997E-2 1.78387E-2 1.71673E-2 1.60958E-2 1.59402E-2 1.54917E-2 1.5411E-2 1.60931E-2 1.65803E-2 1.71767E-2 1.78113E-2 1.80562E-2 1.85349E-2 1.84222E-2 1.80695E-2 1.79361E-2 1.78967E-2 1.80293E-2 1.80517E-2 1.80041E-2 1.75456E-2 1.75259E-2 1.75446E-2 1.77722E-2 1.80286E-2 1.82365E-2 1.76668E-2 1.73489E-2 1.75016E-2 1.77856E-2 1.82348E-2 1.87212E-2 1.9011E-2 2.08851E-2 1.94071E-2 1.90516E-2 1.8315E-2 1.77817E-2 1.74027E-2 1.77867E-2 1.80168E-2 1.77818E-2 1.69168E-2 1.73549E-2 1.86469E-2 2.01332E-2 1.9236E-2 1.85664E-2 1.86961E-2
2.38876E-2 2.14572E-2 2.0431E-2 2.01033E-2 2.01761E-2 2.30739E-2 2.23082E-2 2.17656E-2 2.09848E-2 2.04257E-2 1.99607E-2 1.93824E-2 1.90623E-2 1.83905E-2 1.78988E-2 1.72589E-2 1.66056E-2 1.61516E-2 1.58686E-2 1.58898E-2 1.62897E-2 1.71087E-2 1.76969E-2 1.77417E-2 1.79063E-2 1.80946E-2 1.83138E-2 1.84373E-2 1.82926E-2 1.85333E-2 1.80584E-2 1.78039E-2 1.82443E-2 1.76475E-2 1.74563E-2 1.73948E-2 1.76842E-2 1.79452E-2 1.77179E-2 1.73583E-2 1.76972E-2 1.82457E-2 1.88444E-2 1.83705E-2 1.89223E-2 1.93271E-2 2.091E-2 2.13792E-2 2.05207E-2 1.99486E-2 1.97432E-2 1.90446E-2 1.91998E-2 1.93667E-2 1.93415E-2 1.95832E-2 2.11793E-2 2.13261E-2 2.01833E-2 2.00802E-2 2.05059E-2
2.55939E-2 2.47788E-2 2.32744E-2 2.20285E-2 2.22362E-2 2.35089E-2 2.43665E-2 2.37867E-2 2.25239E-2 2.16559E-2 2.13647E-2 2.05501E-2 1.97825E-2 1.94111E-2 1.9189E-2 1.86628E-2 1.80946E-2 1.74801E-2 1.68022E-2 1.64913E-2 1.67957E-2 1.69882E-2 1.75489E-2 1.73914E-2 1.79213E-2 1.78742E-2 1.83369E-2 1.84825E-2 1.89355E-2 1.90959E-2 1.85886E-2 1.84932E-2 1.83026E-2 1.8023E-2 1.7737E-2 1.7704E-2 1.77713E-2 1.77383E-2 1.754E-2 1.7379E-2 1.74884E-2 1.77882E-2 1.83392E-2 1.86791E-2 1.87022E-2 1.88686E-2 1.9019E-2 2.04678E-2 2.23844E-2 2.39917E-2 2.18716E-2 2.08999E-2 2.03758E-2 1.93352E-2 2.01161E-2 2.12096E-2 2.20246E-2 2.23402E-2 2.18367E-2 2.18884E-2 2.30411E-2
2.95694E-2 2.60815E-2 2.47235E-2 2.41884E-2 2.44593E-2 2.50998E-2 2.60427E-2 2.55584E-2 2.52218E-2 2.39682E-2 2.23959E-2 2.1941E-2 2.06295E-2 1.99232E-2 1.96971E-2 1.94766E-2 1.92954E-2 1.85879E-2 1.7893E-2 1.77897E-2 1.7772E-2 1.74521E-2 1.74835E-2 1.76223E-2 1.79318E-2 1.87912E-2 1.86873E-2 1.87358E-2 1.91803E-2 1.92339E-2 1.96069E-2 1.8932E-2 1.88571E-2 1.86301E-2 1.82397E-2 1.82763E-2 1.8128E-2 1.83172E-2 1.82562E-2 1.81311E-2 1.75512E-2 1.74713E-2 1.80447E-2 1.90095E-2 1.96541E-2 1.99326E-2 2.0591E-2 2.2014E-2 2.21222E-2 2.62473E-2 2.2088E-2 2.00732E-2 1.97658E-2 2.05991E-2 2.00756E-2 2.08102E-2 2.19868E-2 2.28652E-2 2.27075E-2 2.33036E-2 2.45155E-2
3.33921E-2 3.06658E-2 2.86582E-2 2.73128E-2 2.66732E-2 2.6742E-2 2.66639E-2 2.71805E-2 2.67683E-2 2.56176E-2 2.41714E-2 2.29176E-2 2.25458E-2 2.18838E-2 2.12204E-2 2.0843E-2 2.16544E-2 2.0718E-2 1.95852E-2 1.8985E-2 1.88654E-2 1.83641E-2 1.79525E-2 1.82846E-2 1.85162E-2 1.86487E-2 1.91606E-2 1.9003E-2 1.92446E-2 2.00211E-2 2.08079E-2 2.02278E-2 1.96748E-2 1.93049E-2 1.93678E-2 1.89993E-2 1.92349E-2 1.93513E-2 1.9275E-2 1.94119E-2 1.86043E-2 1.8037E-2 1.81889E-2 1.89928E-2 1.9557E-2 1.93529E-2 1.93887E-2 2.03837E-2 2.20826E-2 2.70515E-2 2.3396E-2 1.96165E-2 2.07868E-2 2.19322E-2 2.14237E-2 2.17385E-2 2.27571E-2 2.29908E-2 2.35513E-2 2.45553E-2 2.57862E-2
3.30582E-2 3.52766E-2 3.35658E-2 3.14349E-2 2.89829E-2 2.84486E-2 2.82338E-2 2.80793E-2 2.80345E-2 2.73182E-2 2.58988E-2 2.47227E-2 2.38543E-2 2.29849E-2 2.25269E-2 2.18867E-2 2.19907E-2 2.1428E-2 2.07062E-2 2.07144E-2 2.03533E-2 1.98381E-2 1.8992E-2 1.89199E-2 1.91527E-2 1.97955E-2 2.03415E-2 1.95294E-2 2.00648E-2 2.05327E-2 2.11256E-2 2.08504E-2 2.02633E-2 2.0282E-2 1.99527E-2 2.00216E-2 1.99215E-2 2.03641E-2 2.06093E-2 2.05737E-2 2.03226E-2 1.99257E-2 1.94472E-2 1.94161E-2 2.03149E-2 2.06172E-2 2.11556E-2 2.2965E-2 2.48663E-2 2.96105E-2 2.65636E-2 2.28997E-2 2.34024E-2 2.30701E-2 2.36749E-2 2.34313E-2 2.3656E-2 2.40533E-2 2.41922E-2 2.5112E-2 2.57212E-2
3.33631E-2 3.28058E-2 3.51297E-2 3.58731E-2 3.2795E-2 3.17057E-2 3.20299E-2 3.11944E-2 3.02766E-2 2.9827E-2 2.77797E-2 2.6136E-2 2.48571E-2 2.4601E-2 2.37448E-2 2.32191E-2 2.2527E-2 2.21268E-2 2.22662E-2 2.2475E-2 2.22555E-2 2.1925E-2 2.08074E-2 2.0106E-2 2.02992E-2 2.00607E-2 2.04014E-2 2.07354E-2 2.17273E-2 2.17539E-2 2.16599E-2 2.12522E-2 2.06721E-2 2.09103E-2 2.10337E-2 2.12048E-2 2.12608E-2 2.18108E-2 2.20518E-2 2.17016E-2 2.19057E-2 2.18272E-2 2.10289E-2 2.12123E-2 2.16029E-2 2.19652E-2 2.2685E-2 2.25438E-2 2.45259E-2 2.72233E-2 2.98322E-2 2.57711E-2 2.50134E-2 2.57864E-2 2.58195E-2 2.58627E-2 2.54919E-2 2.55143E-2 2.53226E-2 2.55646E-2 2.56443E-2
3.42305E-2 3.3845E-2 3.3508E-2 3.4483E-2 3.65749E-2 3.62525E-2 3.54692E-2 3.50099E-2 3.17647E-2 3.10003E-2 3.01599E-2 2.88848E-2 2.69631E-2 2.54458E-2 2.50509E-2 2.41035E-2 2.30472E-2 2.27303E-2 2.3724E-2 2.40253E-2 2.40581E-2 2.35323E-2 2.25696E-2 2.1407E-2 2.14392E-2 2.1294E-2 2.12418E-2 2.16448E-2 2.25117E-2 2.26243E-2 2.20353E-2 2.17537E-2 2.13219E-2 2.14278E-2 2.19738E-2 2.20212E-2 2.25194E-2 2.24205E-2 2.27314E-2 2.29765E-2 2.27662E-2 2.3065E-2 2.29966E-2 2.27284E-2 2.34199E-2 2.3609E-2 2.37125E-2 2.35642E-2 2.45429E-2 2.7693E-2 2.8576E-2 2.72464E-2 2.65731E-2 2.57332E-2 2.58696E-2 2.63991E-2 2.67847E-2 2.62131E-2 2.63328E-2 2.65623E-2 2.95975E-2
3.63655E-2 3.56226E-2 3.4891E-2 3.4876E-2 3.52706E-2 3.57556E-2 3.70468E-2 3.63814E-2 3.47618E-2 3.39463E-2 3.41265E-2 3.31055E-2 3.05452E-2 2.80068E-2 2.63495E-2 2.57659E-2 2.45331E-2 2.48663E-2 2.49324E-2 2.5272E-2 2.5592E-2 2.43171E-2 2.32877E-2 2.2513E-2 2.23018E-2 2.18147E-2 2.19911E-2 2.21858E-2 2.28246E-2 2.30262E-2 2.26741E-2 2.23963E-2 2.20414E-2 2.1801E-2 2.16915E-2 2.25074E-2 2.28495E-2 2.3341E-2 2.37014E-2 2.36779E-2 2.40337E-2 2.39629E-2 2.42808E-2 2.42425E-2 2.39551E-2 2.43064E-2 2.49527E-2 2.56982E-2 2.54974E-2 2.61673E-2 2.87046E-2 2.51812E-2 2.52239E-2 2.4683E-2 2.49863E-2 2.59873E-2 2.63797E-2 2.65719E-2 2.63795E-2 2.68342E-2 2.69581E-2
3.85977E-2 3.67662E-2 3.637E-2 3.59312E-2 3.65116E-2 3.65637E-2 3.7024E-2 3.70893E-2 3.70909E-2 3.69973E-2 3.51061E-2 3.53178E-2 3.30952E-2 3.1348E-2 3.00663E-2 2.88011E-2 2.77957E-2 2.77875E-2 2.65844E-2 2.68528E-2 2.62972E-2 2.56127E-2 2.44244E-2 2.39541E-2 2.29889E-2 2.3147E-2 2.32829E-2 2.36337E-2 2.33963E-2 2.37977E-2 2.37971E-2 2.32977E-2 2.34042E-2 2.35798E-2 2.29363E-2 2.32945E-2 2.39615E-2 2.50449E-2 2.4929E-2 2.50841E-2 2.53419E-2 2.55274E-2 2.58922E-2 2.53888E-2 2.55543E-2 2.53609E-2 2.48704E-2 2.55914E-2 2.68241E-2 2.77681E-2 2.962E-2 2.83428E-2 2.72379E-2 2.72644E-2 2.62723E-2 2.70607E-2 2.76504E-2 2.76893E-2 2.73388E-2 2.78811E-2 2.83248E-2
3.87606E-2 3.75386E-2 3.6574E-2 3.52905E-2 3.62145E-2 3.62422E-2 3.55022E-2 3.62379E-2 3.70388E-2 3.65832E-2 3.53205E-2 3.30713E-2 3.26166E-2 3.13793E-2 2.93367E-2 2.86929E-2 3.01425E-2 2.99635E-2 2.98754E-2 2.82556E-2 2.73817E-2 2.74798E-2 2.73754E-2 2.62478E-2 2.45128E-2 2.41739E-2 2.4582E-2 2.5058E-2 2.53598E-2 2.5216E-2 2.53534E-2 2.52743E-2 2.58852E-2 2.57077E-2 2.46247E-2 2.47184E-2 2.54107E-2 2.64304E-2 2.61108E-2 2.61225E-2 2.63106E-2 2.63675E-2 2.73902E-2 2.62941E-2 2.65217E-2 2.66236E-2 2.60504E-2 2.6353E-2 2.65464E-2 2.71799E-2 2.72571E-2 2.92557E-2 3.25294E-2 3.03778E-2 2.84949E-2 2.85477E-2 2.8713E-2 2.86065E-2 2.87617E-2 2.87725E-2 3.04148E-2
3.80593E-2 3.79953E-2 3.81654E-2 3.75126E-2 3.68833E-2 3.6356E-2 3.56303E-2 3.63241E-2 3.58319E-2 3.50828E-2 3.41039E-2 3.19852E-2 3.15826E-2 3.15031E-2 3.04159E-2 2.97138E-2 3.06742E-2 3.21564E-2 3.33034E-2 3.0986E-2 3.0326E-2 2.95466E-2 2.91853E-2 2.81541E-2 2.74361E-2 2.67089E-2 2.72093E-2 2.82381E-2 2.76459E-2 2.71106E-2 2.69771E-2 2.77935E-2 2.87645E-2 2.7793E-2 2.69147E-2 2.64116E-2 2.73361E-2 2.78244E-2 2.78514E-2 2.70003E-2 2.68197E-2 2.70719E-2 2.81227E-2 2.89572E-2 2.84692E-2 2.84893E-2 2.86341E-2 2.83582E-2 2.8378E-2 2.92459E-2 2.9614E-2 3.01589E-2 3.20693E-2 3.36532E-2 3.24552E-2 3.1538E-2 3.07747E-2 2.95008E-2 2.98121E-2 2.99868E-2 3.05184E-2
3.72525E-2 3.69743E-2 3.70161E-2 3.7559E-2 3.70682E-2 3.68136E-2 3.65295E-2 3.57637E-2 3.50391E-2 3.48344E-2 3.50015E-2 3.42905E-2 3.2778E-2 3.34476E-2 3.30832E-2 3.2141E-2 3.11525E-2 3.19183E-2 3.53713E-2 3.47551E-2 3.36338E-2 3.39745E-2 3.16846E-2 3.10829E-2 2.99909E-2 2.91681E-2 3.00196E-2 3.10412E-2 3.09948E-2 3.04462E-2 3.01674E-2 2.96066E-2 2.96029E-2 3.01187E-2 2.87793E-2 2.83431E-2 2.79477E-2 2.84067E-2 2.89495E-2 2.86738E-2 2.84943E-2 2.87444E-2 2.96203E-2 3.01494E-2 3.11207E-2 3.1397E-2 3.12654E-2 3.1147E-2 3.06623E-2 3.08724E-2 3.25111E-2 3.35059E-2 3.3417E-2 3.30463E-2 3.48237E-2 3.48155E-2 3.35306E-2 3.2909E-2 3.20381E-2 3.25707E-2 3.23193E-2
3.68338E-2 3.68841E-2 3.7444E-2 3.72879E-2 3.69074E-2 3.67244E-2 3.5902E-2 3.57726E-2 3.55748E-2 3.54139E-2 3.51121E-2 3.55107E-2 3.59832E-2 3.52009E-2 3.41942E-2 3.38047E-2 3.35209E-2 3.35204E-2 3.46238E-2 3.699E-2 3.65134E-2 3.67184E-2 3.47842E-2 3.37579E-2 3.34862E-2 3.26562E-2 3.09322E-2 3.23322E-2 3.35725E-2 3.37988E-2 3.38463E-2 3.20926E-2 3.10194E-2 3.20927E-2 3.07504E-2 3.0937E-2 3.00221E-2 2.96766E-2 2.99906E-2 3.16401E-2 3.07659E-2 3.12168E-2 3.18306E-2 3.21585E-2 3.23035E-2 3.34296E-2 3.50292E-2 3.43173E-2 3.29855E-2 3.38551E-2 3.3875E-2 3.43542E-2 3.48499E-2 3.50175E-2 3.52584E-2 3.62258E-2 3.736E-2 3.48092E-2 3.43923E-2 3.38641E-2 3.46053E-2
3.84821E-2 3.79325E-2 3.80139E-2 3.79941E-2 3.71585E-2 3.61416E-2 3.58616E-2 3.53799E-2 3.53974E-2 3.4792E-2 3.47223E-2 3.50601E-2 3.66734E-2 3.69934E-2 3.6301E-2 3.57397E-2 3.59746E-2 3.58179E-2 3.57488E-2 3.81312E-2 3.91099E-2 3.87016E-2 3.6779E-2 3.67544E-2 3.58127E-2 3.3905E-2 3.31382E-2 3.38175E-2 3.49118E-2 3.51969E-2 3.50898E-2 3.46662E-2 3.2697E-2 3.33839E-2 3.29673E-2 3.35332E-2 3.28266E-2 3.23428E-2 3.1766E-2 3.23862E-2 3.25523E-2 3.38007E-2 3.45719E-2 3.48281E-2 3.49145E-2 3.45555E-2 3.68371E-2 3.81384E-2 3.67312E-2 3.62017E-2 3.59633E-2 3.61108E-2 3.61954E-2 3.5657E-2 3.69308E-2 3.8888E-2 4.06352E-2 3.77742E-2 3.74123E-2 3.70107E-2 3.78218E-2
4.07287E-2 4.04273E-2 3.98046E-2 3.8519E-2 3.8086E-2 3.72349E-2 3.60492E-2 3.56656E-2 3.55818E-2 3.56405E-2 3.59607E-2 3.63759E-2 3.65023E-2 3.7354E-2 3.72441E-2 3.76622E-2 3.83618E-2 3.78326E-2 3.80449E-2 4.08369E-2 4.0994E-2 4.00224E-2 3.92395E-2 3.77018E-2 3.64088E-2 3.60286E-2 3.55356E-2 3.52496E-2 3.56068E-2 3.69711E-2 3.66825E-2 3.62084E-2 3.56039E-2 3.61961E-2 3.85619E-2 3.85526E-2 3.80931E-2 3.78551E-2 3.6711E-2 3.51338E-2 3.55188E-2 3.50342E-2 3.53463E-2 3.63474E-2 3.69724E-2 3.73607E-2 3.84339E-2 4.23173E-2 3.97643E-2 3.99225E-2 3.87077E-2 3.82427E-2 3.93408E-2 4.04539E-2 4.19396E-2 4.49198E-2 4.32014E-2 4.27041E-2 4.20984E-2 4.12316E-2 3.91405E-2
4.15011E-2 4.08155E-2 3.99372E-2 4.01071E-2 3.88553E-2 3.75302E-2 3.71685E-2 3.76622E-2 3.70991E-2 3.78299E-2 3.87178E-2 3.92225E-2 3.91341E-2 3.91288E-2 3.9536E-2 3.98268E-2 4.01182E-2 4.08067E-2 4.10266E-2 4.14329E-2 4.3731E-2 4.25748E-2 4.00536E-2 3.90292E-2 3.74275E-2 3.71039E-2 3.71305E-2 3.7371E-2 3.6959E-2 3.79497E-2 3.8902E-2 3.92198E-2 3.96743E-2 4.03302E-2 4.33908E-2 4.63038E-2 4.48973E-2 4.58851E-2 4.47246E-2 4.06352E-2 3.92798E-2 3.836E-2 3.73012E-2 3.81249E-2 3.93655E-2 3.99562E-2 4.11409E-2 4.39817E-2 4.28366E-2 4.20297E-2 4.33821E-2 4.24508E-2 4.2663E-2 4.56239E-2 4.64359E-2 4.57284E-2 4.54475E-2 4.41745E-2 4.40287E-2 4.23399E-2 3.99899E-2
4.25274E-2 4.18092E-2 4.11829E-2 4.05886E-2 4.06928E-2 3.93932E-2 3.94691E-2 3.96483E-2 4.12153E-2 4.19033E-2 4.31222E-2 4.3029E-2 4.3232E-2 4.34336E-2 4.30412E-2 4.32114E-2 4.23341E-2 4.39583E-2 4.48216E-2 4.32756E-2 4.51363E-2 4.68182E-2 4.22637E-2 4.04698E-2 3.91329E-2 3.88052E-2 3.87287E-2 3.84836E-2 3.86048E-2 3.93268E-2 4.01757E-2 4.0455E-2 4.16561E-2 4.26234E-2 4.3505E-2 4.47392E-2 5.13793E-2 6.18289E-2 6.43921E-2 5.02343E-2 4.50739E-2 4.31402E-2 4.15411E-2 4.12758E-2 4.24668E-2 4.30837E-2 4.4856E-2 4.61269E-2 4.69192E-2 4.6855E-2 4.80356E-2 4.72842E-2 4.69381E-2 4.8454E-2 4.74146E-2 4.59836E-2 4.6292E-2 4.68488E-2 4.61346E-2 4.33157E-2 4.27545E-2
4.35078E-2 4.28564E-2 4.26794E-2 4.24525E-2 4.10719E-2 4.15109E-2 4.22845E-2 4.34781E-2 4.42253E-2 4.51128E-2 4.55624E-2 4.49508E-2 4.41935E-2 4.41432E-2 4.39732E-2 4.31169E-2 4.29126E-2 4.28882E-2 4.53687E-2 4.65034E-2 4.90964E-2 5.07441E-2 4.53374E-2 4.16508E-2 4.09156E-2 4.04164E-2 4.09765E-2 4.07897E-2 4.10052E-2 4.2103E-2 4.1949E-2 4.26559E-2 4.31968E-2 4.39598E-2 4.43154E-2 4.68384E-2 5.24326E-2 6.75613E-2 7.83444E-2 6.07616E-2 5.17149E-2 4.75608E-2 4.59686E-2 4.55956E-2 4.65969E-2 4.76792E-2 4.8103E-2 4.85752E-2 4.82152E-2 4.90371E-2 5.14702E-2 4.91895E-2 4.88444E-2 4.92127E-2 4.9017E-2 4.84721E-2 4.82751E-2 4.78346E-2 4.63612E-2 4.55086E-2 4.80416E-2
4.43158E-2 4.35419E-2 4.31766E-2 4.28306E-2 4.3487E-2 4.34793E-2 4.39007E-2 4.56203E-2 4.75998E-2 4.79514E-2 4.68548E-2 4.66471E-2 4.6283E-2 4.60147E-2 4.55383E-2 4.5809E-2 4.5285E-2 4.53758E-2 4.73513E-2 4.8875E-2 4.9187E-2 4.97787E-2 4.78624E-2 4.46596E-2 4.38636E-2 4.29146E-2 4.31885E-2 4.3838E-2 4.41673E-2 4.38283E-2 4.33719E-2 4.46944E-2 4.49577E-2 4.47357E-2 4.48581E-2 4.65648E-2 5.03054E-2 5.72733E-2 6.30107E-2 5.83034E-2 5.29863E-2 5.19158E-2 4.96012E-2 4.84082E-2 4.91309E-2 5.08124E-2 5.25303E-2 5.15778E-2 5.02102E-2 5.10064E-2 5.41289E-2 5.58005E-2 5.35909E-2 5.35182E-2 5.25958E-2 5.09991E-2 5.19676E-2 4.98419E-2 4.88592E-2 4.85521E-2 5.31498E-2
4.42886E-2 4.49645E-2 4.4381E-2 4.39879E-2 4.3994E-2 4.54007E-2 4.72521E-2 4.84089E-2 4.76929E-2 4.81307E-2 4.93842E-2 5.04607E-2 4.92485E-2 4.84497E-2 4.85704E-2 4.93679E-2 4.96007E-2 4.90876E-2 4.80769E-2 4.89182E-2 4.91989E-2 4.99576E-2 5.08798E-2 4.73088E-2 4.53998E-2 4.58088E-2 4.52616E-2 4.66682E-2 4.55224E-2 4.47142E-2 4.54058E-2 4.49774E-2 4.65853E-2 4.64305E-2 4.66952E-2 4.76143E-2 4.8196E-2 5.20452E-2 5.5134E-2 5.46146E-2 5.30655E-2 5.22996E-2 5.26044E-2 5.28924E-2 5.30334E-2 5.41592E-2 5.52816E-2 5.6185E-2 5.51997E-2 5.45962E-2 5.73311E-2 5.89645E-2 5.77654E-2 5.77769E-2 5.57693E-2 5.5398E-2 5.52783E-2 5.3921E-2 5.27397E-2 5.5027E-2 5.83909E-2
4.67004E-2 4.64936E-2 4.63995E-2 4.59423E-2 4.69816E-2 4.79181E-2 4.91096E-2 4.87271E-2 4.88978E-2 4.98279E-2 5.07118E-2 5.22634E-2 5.07133E-2 5.01133E-2 5.06323E-2 5.12653E-2 5.21757E-2 5.18618E-2 5.07232E-2 5.00626E-2 5.0934E-2 5.242E-2 5.25753E-2 5.05823E-2 4.87086E-2 4.82295E-2 4.86995E-2 4.93987E-2 4.79056E-2 4.71204E-2 4.77312E-2 4.73783E-2 4.75691E-2 5.02705E-2 5.04647E-2 5.08241E-2 5.08449E-2 5.2539E-2 5.38267E-2 5.25858E-2 5.23973E-2 5.32641E-2 5.3647E-2 5.46065E-2 5.57063E-2 5.7931E-2 5.73728E-2 5.69462E-2 5.82534E-2 5.90793E-2 6.30258E-2 6.03561E-2 5.93125E-2 5.84677E-2 5.72413E-2 5.81267E-2 5.88241E-2 5.95059E-2 6.03854E-2 6.32807E-2 6.01896E-2
4.87399E-2 4.84586E-2 4.82558E-2 4.79968E-2 4.76594E-2 4.85267E-2 4.99747E-2 4.93782E-2 4.94391E-2 4.97704E-2 5.12791E-2 5.19265E-2 5.13438E-2 5.10589E-2 5.18234E-2 5.23288E-2 5.14139E-2 5.13978E-2 5.26835E-2 5.35521E-2 5.4337E-2 5.39479E-2 5.62057E-2 5.40576E-2 5.15522E-2 5.1383E-2 5.2472E-2 5.17622E-2 5.12626E-2 5.10393E-2 5.20448E-2 5.16683E-2 5.16463E-2 5.33185E-2 5.49279E-2 5.66791E-2 5.65459E-2 5.8179E-2 5.76233E-2 5.67675E-2 5.82251E-2 5.65505E-2 5.71197E-2 5.59148E-2 5.70089E-2 5.9778E-2 6.16165E-2 6.14989E-2 6.34131E-2 6.30214E-2 6.43067E-2 6.36772E-2 6.05842E-2 6.04134E-2 6.13405E-2 6.36131E-2 6.3822E-2 6.58604E-2 6.65269E-2 6.72096E-2 6.39777E-2
