maxent_outputs/red_flowers_linear/red_70.asc
ncols         426
nrows         180
xllcorner     -130.0
yllcorner     24.0
cellsize      0.16666666666666666
NODATA_value  -9999
[rows 108 to 134 of 180, columns 244 to 304 of 426]
2.32147E-1 2.27029E-1 2.17732E-1 2.1479E-1 2.06335E-1 2.02415E-1 2.02431E-1 2.10395E-1 2.24167E-1 2.09141E-1 2.0901E-1 2.08783E-1 2.07366E-1 2.09352E-1 2.15383E-1 2.19553E-1 2.17556E-1 2.16555E-1 2.1153E-1 2.09166E-1 2.06904E-1 2.11088E-1 2.13435E-1 2.05047E-1 1.781E-1 1.75955E-1 1.74555E-1 1.81951E-1 2.19756E-1 2.2972E-1 2.41345E-1 2.55226E-1 2.55681E-1 2.341E-1 2.41788E-1 2.53478E-1 2.33785E-1 2.24493E-1 2.09424E-1 2.00529E-1 1.56077E-1 1.49202E-1 1.45661E-1 1.52633E-1 1.71525E-1 2.06368E-1 2.09122E-1 2.01886E-1 2.01976E-1 2.05116E-1 2.18328E-1 2.31391E-1 2.45264E-1 2.49406E-1 2.51364E-1 2.65386E-1 2.70252E-1 2.68632E-1 2.65043E-1 2.64923E-1 2.71354E-1
2.45235E-1 2.40104E-1 2.35096E-1 2.28753E-1 2.20245E-1 2.15074E-1 2.17368E-1 2.16914E-1 2.14327E-1 2.13642E-1 2.14265E-1 2.16592E-1 2.11758E-1 2.07363E-1 2.0827E-1 2.12615E-1 2.12462E-1 2.11823E-1 2.09391E-1 2.05505E-1 2.01944E-1 2.11182E-1 2.1049E-1 1.97147E-1 1.81436E-1 1.86815E-1 1.87264E-1 2.29703E-1 2.29457E-1 2.30876E-1 2.46706E-1 2.41022E-1 2.4248E-1 2.25468E-1 2.18762E-1 1.9965E-1 1.55563E-1 1.6625E-1 1.49465E-1 1.93415E-1 1.9565E-1 1.42849E-1 1.32125E-1 1.94797E-1 2.11476E-1 2.18872E-1 2.17277E-1 2.2637E-1 2.31845E-1 2.30063E-1 2.39109E-1 2.42855E-1 2.53986E-1 2.64404E-1 2.66859E-1 2.68277E-1 2.8665E-1 2.8223E-1 2.71567E-1 2.73468E-1 2.84113E-1
2.60989E-1 2.49364E-1 2.51971E-1 2.50938E-1 2.35041E-1 2.3198E-1 2.32004E-1 2.32327E-1 2.249E-1 2.15789E-1 2.14676E-1 2.16086E-1 2.13667E-1 2.13133E-1 2.16824E-1 2.18567E-1 2.18105E-1 2.13198E-1 2.08677E-1 2.00228E-1 2.0514E-1 2.10153E-1 1.89451E-1 1.79934E-1 1.99298E-1 1.91865E-1 2.189E-1 2.3055E-1 2.16543E-1 2.21363E-1 2.45686E-1 2.37013E-1 1.97397E-1 1.58355E-1 1.31979E-1 1.22221E-1 1.26435E-1 1.32407E-1 1.53963E-1 1.75651E-1 2.06724E-1 1.71353E-1 1.81379E-1 2.07367E-1 2.10954E-1 2.09119E-1 2.25016E-1 2.37707E-1 2.49016E-1 2.4907E-1 2.67943E-1 2.56754E-1 2.64063E-1 2.71603E-1 2.87207E-1 2.82363E-1 2.92737E-1 2.88661E-1 2.85824E-1 2.90768E-1 3.00647E-1
2.75117E-1 2.72316E-1 2.54683E-1 2.53695E-1 2.49682E-1 2.44972E-1 2.46569E-1 2.4061E-1 2.33691E-1 2.1654E-1 2.16687E-1 2.17895E-1 2.15472E-1 2.20793E-1 2.25179E-1 2.2872E-1 2.29784E-1 2.25637E-1 2.20941E-1 2.12977E-1 2.01495E-1 1.82631E-1 1.80991E-1 1.98202E-1 1.99876E-1 2.29235E-1 2.41997E-1 2.30221E-1 2.24151E-1 2.286E-1 2.263E-1 1.77648E-1 1.70626E-1 1.6857E-1 1.74654E-1 1.62628E-1 1.60522E-1 1.16326E-1 1.16541E-1 1.31149E-1 1.8139E-1 1.72596E-1 1.95237E-1 2.24959E-1 2.30334E-1 2.32403E-1 2.47471E-1 2.57581E-1 2.69996E-1 2.73176E-1 2.86822E-1 2.85754E-1 2.88802E-1 2.82454E-1 2.88517E-1 3.08588E-1 3.03054E-1 2.97859E-1 3.06221E-1 3.11594E-1 3.15238E-1
2.72671E-1 2.69596E-1 2.662E-1 2.59365E-1 2.63005E-1 2.5967E-1 2.63174E-1 2.39981E-1 2.27941E-1 2.216E-1 2.20948E-1 2.23427E-1 2.24856E-1 2.32118E-1 2.34004E-1 2.38726E-1 2.36777E-1 2.32818E-1 2.34842E-1 2.25407E-1 2.10802E-1 1.92074E-1 1.94871E-1 2.10066E-1 2.11281E-1 2.54747E-1 2.39102E-1 2.38086E-1 2.3205E-1 2.18087E-1 1.92099E-1 1.55669E-1 1.53577E-1 1.46955E-1 1.35823E-1 1.63452E-1 1.40085E-1 1.23806E-1 1.0634E-1 1.43371E-1 1.63256E-1 1.88502E-1 2.27601E-1 2.41122E-1 2.43603E-1 2.52542E-1 2.65032E-1 2.75802E-1 2.90894E-1 3.05177E-1 3.14005E-1 3.12955E-1 3.03395E-1 3.0248E-1 3.08963E-1 3.25986E-1 3.26013E-1 3.16483E-1 3.16612E-1 3.26657E-1 3.3164E-1
2.66578E-1 2.60487E-1 2.6268E-1 2.63228E-1 2.75093E-1 2.67227E-1 2.72972E-1 2.45891E-1 2.35923E-1 2.34035E-1 2.35149E-1 2.34963E-1 2.35759E-1 2.44155E-1 2.4734E-1 2.4577E-1 2.44449E-1 2.39868E-1 2.32096E-1 2.18218E-1 2.14829E-1 2.20096E-1 2.35493E-1 2.27316E-1 2.70729E-1 2.56001E-1 2.38144E-1 2.38112E-1 2.20991E-1 2.01166E-1 1.97968E-1 2.09514E-1 1.90468E-1 1.55011E-1 1.21168E-1 1.45274E-1 1.14584E-1 1.12794E-1 1.62219E-1 1.63119E-1 2.00692E-1 2.3136E-1 2.47234E-1 2.57096E-1 2.59719E-1 2.64739E-1 2.83864E-1 2.89024E-1 2.94605E-1 3.13515E-1 3.27717E-1 3.20713E-1 3.15691E-1 3.19536E-1 3.29241E-1 3.46596E-1 3.53695E-1 3.36738E-1 3.3904E-1 3.4282E-1 3.44567E-1
2.59655E-1 2.52549E-1 2.66397E-1 2.68363E-1 2.81766E-1 2.75283E-1 2.73231E-1 2.67413E-1 2.57825E-1 2.52571E-1 2.63195E-1 2.54841E-1 2.5315E-1 2.58965E-1 2.53667E-1 2.4992E-1 2.49678E-1 2.49114E-1 2.37012E-1 2.27773E-1 2.37272E-1 2.4055E-1 2.25207E-1 2.32948E-1 2.54305E-1 2.44716E-1 2.39725E-1 2.3226E-1 1.77555E-1 1.92117E-1 1.97942E-1 1.97597E-1 1.8439E-1 1.66441E-1 1.46208E-1 1.47684E-1 1.54328E-1 1.88303E-1 2.43601E-1 2.42005E-1 2.41859E-1 2.58019E-1 2.72893E-1 2.78548E-1 2.85712E-1 2.87803E-1 2.97801E-1 3.06849E-1 3.05444E-1 3.16748E-1 3.22967E-1 3.21226E-1 3.2305E-1 3.33337E-1 3.45438E-1 3.55431E-1 3.64777E-1 3.64339E-1 3.56649E-1 3.5999E-1 3.59747E-1
2.65796E-1 2.70662E-1 2.73323E-1 2.73198E-1 2.79951E-1 2.72487E-1 2.70586E-1 2.70022E-1 2.70409E-1 2.83743E-1 2.79287E-1 2.78933E-1 2.88374E-1 2.80833E-1 2.70514E-1 2.68639E-1 2.804E-1 2.67236E-1 2.51574E-1 2.50972E-1 2.57429E-1 2.22914E-1 2.24049E-1 2.27661E-1 2.46071E-1 2.44987E-1 2.56513E-1 2.42748E-1 1.99824E-1 1.90695E-1 1.71725E-1 1.61647E-1 1.62287E-1 1.66312E-1 1.75736E-1 1.83457E-1 2.09829E-1 2.37999E-1 2.68014E-1 2.66565E-1 2.66163E-1 2.7962E-1 2.84541E-1 2.90223E-1 2.95315E-1 3.05252E-1 3.09264E-1 3.19017E-1 3.1633E-1 3.21183E-1 3.30706E-1 3.35001E-1 3.31058E-1 3.40617E-1 3.58103E-1 3.67875E-1 3.77268E-1 3.77543E-1 3.80146E-1 3.8342E-1 3.77972E-1
2.82702E-1 2.82527E-1 2.76924E-1 2.7704E-1 2.88732E-1 2.86118E-1 2.80812E-1 2.65359E-1 2.61596E-1 2.67045E-1 2.76486E-1 2.77266E-1 2.77735E-1 2.87879E-1 2.92492E-1 2.87087E-1 2.86027E-1 2.79885E-1 2.66839E-1 2.72852E-1 2.36075E-1 2.26504E-1 2.27145E-1 2.39317E-1 2.56192E-1 2.54309E-1 2.68668E-1 2.62946E-1 2.34459E-1 2.02348E-1 1.78111E-1 1.8752E-1 1.9635E-1 2.02679E-1 2.0617E-1 2.17828E-1 2.59649E-1 2.64926E-1 2.80342E-1 2.8983E-1 2.83796E-1 2.88414E-1 2.94541E-1 2.976E-1 3.06512E-1 3.14572E-1 3.25675E-1 3.31957E-1 3.26225E-1 3.3303E-1 3.48425E-1 3.37538E-1 3.37484E-1 3.55919E-1 3.63094E-1 3.76362E-1 3.86499E-1 3.94814E-1 3.93646E-1 3.94485E-1 3.97887E-1
2.87593E-1 3.01924E-1 2.9973E-1 3.00816E-1 3.00069E-1 2.9272E-1 2.74706E-1 2.71026E-1 2.6452E-1 2.72531E-1 2.71362E-1 2.72135E-1 2.74492E-1 2.78563E-1 2.82447E-1 2.76231E-1 2.75784E-1 2.84865E-1 3.04023E-1 2.67667E-1 2.50872E-1 2.54305E-1 2.52322E-1 2.67637E-1 2.69388E-1 2.74487E-1 2.77739E-1 2.78227E-1 2.50731E-1 2.38022E-1 2.22694E-1 2.1888E-1 2.3142E-1 2.28138E-1 2.42478E-1 2.65577E-1 2.78788E-1 2.86501E-1 3.00235E-1 3.01245E-1 2.99802E-1 2.98643E-1 3.06465E-1 3.10341E-1 3.08793E-1 3.20628E-1 3.41256E-1 3.50826E-1 3.48372E-1 3.48928E-1 3.64728E-1 3.64942E-1 3.57301E-1 3.6999E-1 3.72235E-1 3.83601E-1 3.99547E-1 4.12645E-1 4.06122E-1 4.10781E-1 4.12906E-1
2.97743E-1 3.11229E-1 3.14076E-1 3.23521E-1 3.14553E-1 2.95831E-1 2.75649E-1 2.74603E-1 2.72353E-1 2.74801E-1 2.73321E-1 2.75976E-1 2.75981E-1 2.74781E-1 2.7556E-1 2.74853E-1 2.76439E-1 2.91844E-1 2.91999E-1 2.82422E-1 2.83704E-1 2.83362E-1 3.05133E-1 2.88427E-1 2.83901E-1 2.83228E-1 2.86942E-1 2.85929E-1 2.70795E-1 2.603E-1 2.54523E-1 2.57795E-1 2.69521E-1 2.58293E-1 2.75504E-1 2.8965E-1 2.99634E-1 3.03265E-1 3.08121E-1 3.15151E-1 3.1414E-1 3.11228E-1 3.13458E-1 3.17422E-1 3.18845E-1 3.25782E-1 3.45382E-1 3.63119E-1 3.73538E-1 3.64047E-1 3.66552E-1 3.80375E-1 3.86674E-1 3.8162E-1 3.89514E-1 4.01037E-1 4.16377E-1 4.28772E-1 4.35704E-1 4.30505E-1 4.33462E-1
3.19008E-1 3.26557E-1 3.17724E-1 3.27599E-1 3.2246E-1 3.08184E-1 2.80088E-1 2.78767E-1 2.77093E-1 2.83477E-1 2.82323E-1 2.84055E-1 2.85555E-1 2.85875E-1 2.86678E-1 2.86923E-1 2.91323E-1 2.98568E-1 3.00696E-1 3.13096E-1 3.15087E-1 3.13833E-1 3.07401E-1 2.97305E-1 2.95087E-1 2.93772E-1 2.96272E-1 3.04785E-1 3.06783E-1 2.94037E-1 2.86685E-1 2.7779E-1 2.69933E-1 2.85936E-1 2.96534E-1 3.03108E-1 3.10801E-1 3.2727E-1 3.29388E-1 3.28194E-1 3.29998E-1 3.1812E-1 3.21723E-1 3.21607E-1 3.30368E-1 3.36574E-1 3.57619E-1 3.9288E-1 4.02458E-1 3.98574E-1 3.96103E-1 3.9522E-1 4.01898E-1 3.95647E-1 4.08363E-1 4.19175E-1 4.36432E-1 4.46445E-1 4.51496E-1 4.53432E-1 4.55335E-1
3.29064E-1 3.35057E-1 3.28443E-1 3.31573E-1 3.33515E-1 3.11952E-1 2.88031E-1 2.8217E-1 2.82838E-1 2.90945E-1 2.8684E-1 2.92271E-1 2.95147E-1 2.97054E-1 2.93891E-1 2.95429E-1 3.00963E-1 2.95832E-1 3.15715E-1 3.39825E-1 3.29967E-1 3.13689E-1 3.03856E-1 2.94336E-1 2.97712E-1 2.912E-1 2.90917E-1 2.94599E-1 3.21507E-1 3.35779E-1 3.20743E-1 3.06926E-1 2.86973E-1 2.98027E-1 3.07941E-1 3.25782E-1 3.31509E-1 3.36013E-1 3.40097E-1 3.34571E-1 3.38072E-1 3.43253E-1 3.37601E-1 3.45961E-1 3.50597E-1 3.48044E-1 3.54948E-1 3.69759E-1 3.92966E-1 4.11277E-1 4.16815E-1 4.1215E-1 4.16979E-1 4.27047E-1 4.28244E-1 4.3672E-1 4.54552E-1 4.64558E-1 4.64923E-1 4.75533E-1 4.81582E-1
3.37133E-1 3.33078E-1 3.35191E-1 3.3874E-1 3.34193E-1 3.2649E-1 2.99247E-1 2.93392E-1 2.91681E-1 2.93267E-1 2.86185E-1 2.95131E-1 3.03749E-1 3.10324E-1 3.11346E-1 3.11581E-1 2.94556E-1 3.12234E-1 3.25645E-1 3.36358E-1 3.39618E-1 3.20272E-1 3.00938E-1 2.91647E-1 2.91057E-1 2.90455E-1 2.99355E-1 3.10656E-1 3.34039E-1 3.57482E-1 3.4151E-1 3.2087E-1 3.07188E-1 3.14759E-1 3.24364E-1 3.39673E-1 3.53809E-1 3.51527E-1 3.45428E-1 3.33538E-1 3.37361E-1 3.55633E-1 3.85685E-1 3.66575E-1 3.6388E-1 3.63982E-1 3.75013E-1 3.88721E-1 3.99715E-1 4.13612E-1 4.27038E-1 4.40175E-1 4.50638E-1 4.43112E-1 4.49732E-1 4.5893E-1 4.65971E-1 4.7741E-1 4.82255E-1 4.90359E-1 5.07637E-1
3.30839E-1 3.30403E-1 3.37617E-1 3.37919E-1 3.40245E-1 3.47444E-1 3.0527E-1 3.02727E-1 2.99684E-1 2.98763E-1 2.96837E-1 2.92339E-1 3.10851E-1 3.17444E-1 3.33578E-1 3.45557E-1 3.18558E-1 3.22155E-1 3.44867E-1 3.43789E-1 3.42543E-1 3.31183E-1 3.09273E-1 2.98018E-1 2.94436E-1 3.0705E-1 3.12478E-1 3.22064E-1 3.22102E-1 3.45367E-1 3.36265E-1 3.26533E-1 3.33009E-1 3.33601E-1 3.47327E-1 3.62278E-1 3.82038E-1 3.6944E-1 3.64396E-1 3.53013E-1 3.57404E-1 3.63778E-1 3.78131E-1 4.01587E-1 3.92492E-1 3.91139E-1 3.99208E-1 4.10284E-1 4.21914E-1 4.3661E-1 4.43079E-1 4.5587E-1 4.76069E-1 5.0756E-1 4.98431E-1 4.90409E-1 4.91134E-1 4.96872E-1 5.00028E-1 5.09629E-1 5.34161E-1
3.24534E-1 3.21094E-1 3.33838E-1 3.35736E-1 3.37788E-1 3.44575E-1 3.21683E-1 3.2069E-1 3.15762E-1 3.08661E-1 3.17752E-1 3.06246E-1 3.19242E-1 3.3356E-1 3.61819E-1 3.70452E-1 3.35956E-1 3.44664E-1 3.43662E-1 3.31592E-1 3.16795E-1 3.03563E-1 3.12428E-1 3.09793E-1 3.05728E-1 3.22353E-1 3.3334E-1 3.36725E-1 3.36598E-1 3.3567E-1 3.38883E-1 3.48788E-1 3.60643E-1 3.56885E-1 3.69239E-1 3.77272E-1 3.98497E-1 3.87015E-1 3.81538E-1 3.68584E-1 3.68389E-1 3.77013E-1 3.87257E-1 4.23269E-1 4.3005E-1 4.13161E-1 4.23295E-1 4.34532E-1 4.48653E-1 4.59302E-1 4.66733E-1 4.79445E-1 4.92559E-1 5.1733E-1 5.83131E-1 5.63653E-1 5.2698E-1 5.23246E-1 5.20272E-1 5.5002E-1 5.91551E-1
3.15559E-1 3.22343E-1 3.29951E-1 3.4547E-1 3.58544E-1 3.64347E-1 3.62001E-1 3.39214E-1 3.27813E-1 3.30652E-1 3.6334E-1 3.5055E-1 3.39792E-1 3.47725E-1 3.56999E-1 3.646E-1 3.58983E-1 3.62209E-1 3.54474E-1 3.25559E-1 3.09008E-1 3.12164E-1 3.31506E-1 3.24753E-1 3.31735E-1 3.46213E-1 3.46447E-1 3.44227E-1 3.45109E-1 3.47123E-1 3.55899E-1 3.65794E-1 3.77748E-1 3.85425E-1 3.86286E-1 3.93168E-1 4.02895E-1 3.97835E-1 3.99965E-1 3.99047E-1 3.91985E-1 4.03696E-1 4.1078E-1 4.2169E-1 4.35935E-1 4.44012E-1 4.48143E-1 4.61317E-1 4.72047E-1 4.80889E-1 4.97165E-1 5.08534E-1 5.1662E-1 5.20605E-1 5.24694E-1 6.18376E-1 5.63452E-1 5.63445E-1 5.68623E-1 6.0101E-1 6.42118E-1
3.16974E-1 3.2866E-1 3.31005E-1 3.48208E-1 3.6776E-1 3.82589E-1 3.8271E-1 3.59457E-1 3.43162E-1 3.50032E-1 3.6605E-1 3.53796E-1 3.54587E-1 3.6155E-1 3.69383E-1 3.76397E-1 3.78355E-1 3.72E-1 3.56087E-1 3.48857E-1 3.49989E-1 3.41686E-1 3.49459E-1 3.5159E-1 3.65823E-1 3.84874E-1 3.60117E-1 3.54398E-1 3.57675E-1 3.6117E-1 3.72499E-1 3.87096E-1 4.01494E-1 4.08465E-1 3.97861E-1 4.0304E-1 4.10789E-1 4.12015E-1 4.2818E-1 4.29709E-1 4.2959E-1 4.30911E-1 4.31626E-1 4.40121E-1 4.48186E-1 4.6632E-1 4.77691E-1 4.87608E-1 4.99195E-1 5.07648E-1 5.2178E-1 5.3091E-1 5.35386E-1 5.3975E-1 5.45652E-1 5.54776E-1 5.79525E-1 5.79074E-1 6.06904E-1 6.4394E-1 6.47507E-1
3.24545E-1 3.34239E-1 3.4466E-1 3.47339E-1 3.64425E-1 3.79841E-1 3.83065E-1 3.72725E-1 3.66029E-1 3.73776E-1 3.55025E-1 3.63283E-1 3.76461E-1 3.79202E-1 3.81184E-1 3.76766E-1 3.83833E-1 3.89524E-1 3.85032E-1 3.82147E-1 3.99284E-1 3.83325E-1 3.69472E-1 3.64222E-1 3.78426E-1 3.78934E-1 3.70704E-1 3.65666E-1 3.71634E-1 3.85586E-1 3.997E-1 4.04891E-1 4.14907E-1 4.43029E-1 4.34968E-1 4.25187E-1 4.38707E-1 4.55465E-1 4.55984E-1 4.54159E-1 4.55453E-1 4.54935E-1 4.54228E-1 4.65657E-1 4.66682E-1 4.82023E-1 5.00908E-1 5.12821E-1 5.26202E-1 5.35981E-1 5.46564E-1 5.48795E-1 5.54075E-1 5.64615E-1 5.75492E-1 5.973E-1 6.18117E-1 6.29328E-1 6.57277E-1 -9999 -9999
3.55519E-1 3.60636E-1 3.51396E-1 3.66035E-1 3.78276E-1 3.79979E-1 3.86029E-1 3.8985E-1 3.92604E-1 3.8675E-1 3.727E-1 3.74581E-1 4.00299E-1 3.94888E-1 4.02148E-1 3.97161E-1 3.97051E-1 4.14535E-1 4.19383E-1 4.16655E-1 4.53826E-1 4.11479E-1 3.84768E-1 3.81941E-1 3.91264E-1 4.04786E-1 4.02435E-1 3.92768E-1 3.9083E-1 4.12065E-1 4.29248E-1 4.33555E-1 4.33786E-1 4.61447E-1 4.6291E-1 4.53904E-1 4.6773E-1 4.76062E-1 4.75961E-1 4.73943E-1 4.77763E-1 4.80087E-1 4.8153E-1 4.91016E-1 4.97241E-1 5.04515E-1 5.2362E-1 5.46192E-1 5.40606E-1 5.47845E-1 5.62573E-1 5.72995E-1 5.84277E-1 5.97661E-1 5.99513E-1 6.1724E-1 6.56299E-1 6.67319E-1 -9999 -9999 -9999
3.53424E-1 3.54176E-1 3.63677E-1 3.79236E-1 3.86587E-1 3.8555E-1 3.86624E-1 3.88153E-1 4.03907E-1 4.19383E-1 4.28789E-1 4.20618E-1 4.22789E-1 4.21686E-1 4.23506E-1 4.24058E-1 4.27072E-1 4.50031E-1 4.74033E-1 4.54418E-1 4.47397E-1 4.39136E-1 4.29172E-1 4.25164E-1 4.18459E-1 4.49456E-1 4.65885E-1 4.47898E-1 4.31086E-1 4.27712E-1 4.49508E-1 4.67958E-1 4.63724E-1 4.83716E-1 4.8305E-1 4.58951E-1 4.7955E-1 4.86078E-1 4.93495E-1 4.9426E-1 4.96288E-1 5.04382E-1 5.02602E-1 5.00272E-1 5.18153E-1 5.33448E-1 5.46527E-1 5.58504E-1 5.64128E-1 5.63874E-1 5.88273E-1 6.11192E-1 6.27419E-1 6.36898E-1 6.54068E-1 6.43987E-1 6.74212E-1 -9999 -9999 -9999 -9999
3.59651E-1 3.73085E-1 3.77133E-1 3.97671E-1 3.8571E-1 3.8813E-1 3.84762E-1 4.00994E-1 4.09968E-1 4.2138E-1 4.33067E-1 4.48558E-1 4.5813E-1 4.73997E-1 4.74235E-1 4.64748E-1 4.759E-1 5.07044E-1 5.42386E-1 4.94324E-1 4.84169E-1 4.73815E-1 4.64539E-1 4.53802E-1 4.56319E-1 4.82581E-1 5.08658E-1 4.84868E-1 4.55981E-1 4.54794E-1 4.71875E-1 4.96909E-1 5.00397E-1 4.95952E-1 4.89259E-1 4.85511E-1 4.9038E-1 4.91398E-1 5.01251E-1 5.11617E-1 5.14068E-1 5.21004E-1 5.18629E-1 5.22089E-1 5.39033E-1 5.53001E-1 5.54005E-1 5.63748E-1 5.79895E-1 6.01733E-1 6.16422E-1 6.45731E-1 6.47803E-1 6.74324E-1 6.6964E-1 -9999 -9999 -9999 -9999 -9999 -9999
3.72982E-1 3.88131E-1 3.9666E-1 3.97405E-1 3.85453E-1 3.90687E-1 4.0161E-1 4.21001E-1 4.38902E-1 4.40707E-1 4.4472E-1 4.58619E-1 4.76274E-1 4.85411E-1 4.79661E-1 4.8548E-1 4.8903E-1 5.04375E-1 5.13518E-1 4.97307E-1 4.85138E-1 4.78617E-1 4.74063E-1 4.7697E-1 4.81456E-1 4.91826E-1 5.04539E-1 4.76331E-1 4.64586E-1 4.81254E-1 5.05474E-1 5.28902E-1 5.35553E-1 5.19578E-1 5.12666E-1 5.05218E-1 4.92867E-1 4.98018E-1 5.09106E-1 5.30145E-1 5.3715E-1 5.35375E-1 5.33414E-1 5.38822E-1 5.54163E-1 5.58115E-1 5.7094E-1 5.86541E-1 6.00504E-1 6.26768E-1 6.39813E-1 6.64089E-1 6.77228E-1 6.89249E-1 -9999 -9999 -9999 -9999 -9999 -9999 -9999
3.9078E-1 4.0527E-1 4.20709E-1 4.33693E-1 4.07557E-1 3.9811E-1 4.21241E-1 4.50227E-1 4.49988E-1 4.58133E-1 4.72902E-1 4.90373E-1 5.08628E-1 4.95062E-1 4.94405E-1 4.9256E-1 5.02284E-1 4.94659E-1 4.88871E-1 4.7296E-1 4.65084E-1 4.62716E-1 4.68238E-1 4.89964E-1 5.01527E-1 5.16296E-1 4.98044E-1 4.91387E-1 4.95349E-1 5.04597E-1 5.40238E-1 5.44483E-1 5.59019E-1 5.51763E-1 5.29053E-1 5.245E-1 5.12885E-1 5.17576E-1 5.3212E-1 5.46094E-1 5.5253E-1 5.44345E-1 5.46025E-1 5.53661E-1 5.68863E-1 5.8211E-1 5.91361E-1 6.13304E-1 6.35834E-1 6.51942E-1 6.70949E-1 6.77377E-1 -9999 -9999 -9999 -9999 -9999 -9999 -9999 -9999 -9999
4.13428E-1 4.21679E-1 4.28071E-1 4.44807E-1 4.36461E-1 4.29682E-1 4.40077E-1 4.59377E-1 4.62343E-1 4.77072E-1 4.96512E-1 5.08734E-1 4.98661E-1 5.00998E-1 5.08314E-1 5.01863E-1 4.98958E-1 4.85349E-1 4.79284E-1 4.71171E-1 4.69096E-1 4.66747E-1 4.81655E-1 4.95015E-1 5.15061E-1 5.25319E-1 5.01091E-1 5.04025E-1 5.2063E-1 5.40797E-1 5.54602E-1 5.63595E-1 5.74466E-1 5.62048E-1 5.45094E-1 5.44445E-1 5.45735E-1 5.40634E-1 5.44082E-1 5.59659E-1 5.6815E-1 5.6164E-1 5.68365E-1 5.73697E-1 5.74788E-1 5.94353E-1 6.24218E-1 6.39181E-1 6.63677E-1 6.80001E-1 6.97472E-1 -9999 -9999 -9999 -9999 -9999 -9999 -9999 -9999 -9999 -9999
4.33506E-1 4.4949E-1 4.42293E-1 4.48063E-1 4.48906E-1 4.43751E-1 4.59385E-1 4.72732E-1 4.73133E-1 4.79484E-1 5.04086E-1 5.19098E-1 5.12525E-1 5.05921E-1 5.09623E-1 5.11345E-1 5.1314E-1 5.04753E-1 4.92239E-1 4.81725E-1 4.7628E-1 4.91118E-1 4.98371E-1 5.08078E-1 5.2156E-1 5.45088E-1 5.19366E-1 5.32012E-1 5.4276E-1 5.47505E-1 5.57869E-1 5.6847E-1 5.66035E-1 5.57351E-1 5.65679E-1 5.57729E-1 5.60279E-1 5.60851E-1 5.66283E-1 5.6801E-1 5.7283E-1 5.76179E-1 5.6515E-1 5.77666E-1 6.10704E-1 6.10721E-1 6.25893E-1 6.6403E-1 6.84338E-1 6.92861E-1 -9999 -9999 -9999 -9999 -9999 -9999 -9999 -9999 -9999 -9999 -9999
4.5563E-1 4.60186E-1 4.57264E-1 4.61369E-1 4.71911E-1 4.66658E-1 4.7769E-1 4.96602E-1 4.95125E-1 4.91318E-1 5.23481E-1 5.17567E-1 5.13984E-1 5.13978E-1 5.2534E-1 5.22796E-1 5.17593E-1 5.09673E-1 4.96554E-1 4.8491E-1 4.86834E-1 4.9795E-1 5.0789E-1 5.16279E-1 5.19298E-1 5.42448E-1 5.39036E-1 5.54731E-1 5.62439E-1 5.62158E-1 5.67542E-1 5.73549E-1 5.65745E-1 5.61026E-1 5.64671E-1 5.61766E-1 5.65784E-1 5.67485E-1 5.78408E-1 5.85017E-1 5.89573E-1 5.96529E-1 5.91796E-1 6.01365E-1 6.16218E-1 6.42718E-1 6.4082E-1 6.77262E-1 7.07605E-1 7.09142E-1 -9999 -9999 -9999 -9999 -9999 -9999 -9999 -9999 -9999 -9999 -9999
