maxent_outputs/red_flowers_linear/red_233.asc
ncols         426
nrows         180
xllcorner     -130.0
yllcorner     24.0
cellsize      0.16666666666666666
NODATA_value  -9999
[rows 27 to 53 of 180, columns 61 to 121 of 426]
3.17651E-1 3.5806E-1 3.46493E-1 3.65056E-1 3.56243E-1 3.88592E-1 4.20609E-1 4.19889E-1 4.18127E-1 4.14721E-1 4.63724E-1 4.27256E-1 4.14685E-1 4.13125E-1 3.93364E-1 3.8405E-1 3.5611E-1 3.61301E-1 4.12953E-1 3.2534E-1 3.47106E-1 3.44538E-1 3.54397E-1 3.54819E-1 3.58992E-1 3.68127E-1 3.37289E-1 3.58981E-1 3.32046E-1 3.57182E-1 3.68025E-1 3.87413E-1 4.04807E-1 3.72573E-1 3.04844E-1 2.34328E-1 2.09345E-1 2.00486E-1 1.9975E-1 1.90728E-1 1.86954E-1 1.87638E-1 1.80345E-1 1.77926E-1 1.74149E-1 1.71745E-1 1.73853E-1 1.77531E-1 1.82815E-1 1.88132E-1 1.93008E-1 1.8974E-1 1.81119E-1 1.73242E-1 1.67642E-1 1.61159E-1 1.56405E-1 1.53956E-1 1.49851E-1 1.49425E-1 1.49736E-1
3.29426E-1 3.49268E-1 3.36398E-1 3.70754E-1 3.51634E-1 3.61955E-1 3.83727E-1 4.02733E-1 4.00857E-1 3.96675E-1 3.79393E-1 3.77604E-1 4.13115E-1 4.02556E-1 3.78831E-1 3.76982E-1 3.27309E-1 3.31035E-1 3.80439E-1 3.5925E-1 3.32371E-1 3.23927E-1 3.19875E-1 3.29187E-1 3.38231E-1 3.46566E-1 3.64496E-1 3.35612E-1 3.5335E-1 3.53056E-1 3.7185E-1 3.83975E-1 3.94175E-1 3.8832E-1 3.64941E-1 3.27322E-1 2.5227E-1 2.1853E-1 2.05217E-1 1.95481E-1 1.81059E-1 1.72807E-1 1.63163E-1 1.53826E-1 1.53999E-1 1.5726E-1 1.63668E-1 1.70054E-1 1.76577E-1 1.82621E-1 1.89195E-1 1.83769E-1 1.84216E-1 1.76763E-1 1.74058E-1 1.66355E-1 1.59755E-1 1.53537E-1 1.42907E-1 1.37823E-1 1.35471E-1
3.45379E-1 3.50902E-1 3.48174E-1 3.35132E-1 3.38991E-1 3.40698E-1 3.55894E-1 3.70627E-1 3.83201E-1 4.02914E-1 3.76735E-1 3.85007E-1 4.00324E-1 3.96927E-1 3.74542E-1 3.7859E-1 3.14721E-1 3.12335E-1 3.17094E-1 3.74727E-1 3.41793E-1 3.13781E-1 3.15944E-1 3.14031E-1 3.29438E-1 3.39805E-1 3.43676E-1 3.56999E-1 3.93787E-1 3.55949E-1 3.57599E-1 3.84081E-1 3.86625E-1 3.81961E-1 3.75591E-1 3.93091E-1 3.27695E-1 2.49123E-1 2.24294E-1 2.03598E-1 1.80262E-1 1.70135E-1 1.583E-1 1.52408E-1 1.43679E-1 1.46915E-1 1.50485E-1 1.56367E-1 1.75989E-1 1.92027E-1 1.91624E-1 1.88375E-1 1.85802E-1 1.83247E-1 1.83978E-1 1.83491E-1 1.71703E-1 1.54768E-1 1.41577E-1 1.30437E-1 1.2837E-1
3.38481E-1 3.46183E-1 3.40205E-1 3.11677E-1 3.20102E-1 3.35945E-1 3.50477E-1 3.63301E-1 3.5277E-1 3.69939E-1 3.63219E-1 3.86613E-1 3.8937E-1 3.76133E-1 3.73128E-1 3.49205E-1 3.1823E-1 3.09763E-1 2.85635E-1 3.06066E-1 3.44337E-1 3.00748E-1 2.82682E-1 2.89736E-1 3.30249E-1 3.34761E-1 3.37601E-1 3.8673E-1 3.4179E-1 3.78195E-1 3.5612E-1 3.78062E-1 3.82466E-1 3.79823E-1 3.80323E-1 3.70873E-1 3.24366E-1 2.96694E-1 2.46284E-1 2.21945E-1 1.98025E-1 1.7903E-1 1.64534E-1 1.5768E-1 1.46499E-1 1.46873E-1 1.51481E-1 1.58374E-1 1.65292E-1 1.6343E-1 1.75237E-1 1.73024E-1 1.76021E-1 1.80218E-1 1.73305E-1 1.71402E-1 1.71195E-1 1.61003E-1 1.52685E-1 1.48315E-1 1.47462E-1
3.28356E-1 3.35547E-1 3.32902E-1 3.11445E-1 3.25561E-1 3.28223E-1 3.40421E-1 3.40847E-1 3.37789E-1 3.60296E-1 3.68559E-1 3.60918E-1 3.58667E-1 3.53225E-1 3.65324E-1 3.19E-1 3.18864E-1 3.32359E-1 2.79337E-1 2.59564E-1 3.01089E-1 2.91866E-1 2.77436E-1 2.83163E-1 2.92028E-1 3.08722E-1 3.35511E-1 3.71824E-1 3.75974E-1 3.41602E-1 3.64323E-1 3.71133E-1 3.80976E-1 3.75091E-1 3.88696E-1 3.68799E-1 3.26805E-1 3.03706E-1 2.75452E-1 2.45902E-1 2.19203E-1 1.96857E-1 1.78488E-1 1.67929E-1 1.59354E-1 1.52317E-1 1.63E-1 1.64123E-1 1.61519E-1 1.62773E-1 1.65814E-1 1.61471E-1 1.68409E-1 1.68972E-1 1.66198E-1 1.6984E-1 1.60049E-1 1.62049E-1 1.6119E-1 1.55761E-1 1.58718E-1
3.17133E-1 3.30121E-1 3.22436E-1 3.13436E-1 3.22924E-1 3.2648E-1 3.29645E-1 3.26066E-1 3.32737E-1 3.47699E-1 3.72709E-1 3.59928E-1 3.44088E-1 3.40071E-1 3.41637E-1 3.27391E-1 3.13645E-1 3.36191E-1 2.73358E-1 2.66697E-1 2.83786E-1 2.52799E-1 2.66758E-1 2.89957E-1 2.70112E-1 3.11283E-1 3.21726E-1 3.91816E-1 3.59269E-1 3.78285E-1 3.81752E-1 3.74754E-1 3.82505E-1 3.89242E-1 4.00231E-1 4.24098E-1 3.54416E-1 3.00116E-1 2.78384E-1 2.76176E-1 2.48964E-1 2.2787E-1 2.05407E-1 1.9291E-1 1.84509E-1 1.74692E-1 1.73499E-1 1.70546E-1 1.64286E-1 1.65557E-1 1.6205E-1 1.56483E-1 1.59553E-1 1.53595E-1 1.54358E-1 1.60453E-1 1.60023E-1 1.59089E-1 1.61985E-1 1.64547E-1 1.70308E-1
3.08821E-1 3.2209E-1 3.2541E-1 3.05134E-1 3.06623E-1 3.18019E-1 3.27263E-1 3.09585E-1 3.34358E-1 3.53371E-1 3.4091E-1 3.46758E-1 3.38338E-1 3.21501E-1 3.2117E-1 3.17376E-1 2.99979E-1 3.12338E-1 2.71149E-1 2.79048E-1 2.93992E-1 2.47905E-1 2.30636E-1 2.9648E-1 2.67395E-1 3.44074E-1 3.56833E-1 3.80348E-1 3.56392E-1 3.62061E-1 3.64937E-1 3.82252E-1 3.51257E-1 3.89595E-1 4.10883E-1 3.91384E-1 3.71515E-1 3.28795E-1 2.86598E-1 2.89873E-1 2.69724E-1 2.49618E-1 2.25596E-1 2.04294E-1 1.87518E-1 1.80336E-1 1.80915E-1 1.77093E-1 1.73943E-1 1.71549E-1 1.73043E-1 1.6881E-1 1.61728E-1 1.55331E-1 1.55117E-1 1.55755E-1 1.59718E-1 1.6161E-1 1.60373E-1 1.66869E-1 1.78024E-1
3.01127E-1 3.04851E-1 3.17779E-1 3.14526E-1 3.15924E-1 3.22594E-1 3.2288E-1 3.17909E-1 3.25385E-1 3.37018E-1 3.41406E-1 3.2524E-1 3.09838E-1 3.03287E-1 3.04701E-1 3.03838E-1 2.99774E-1 2.98362E-1 2.98099E-1 3.16194E-1 3.30355E-1 2.64283E-1 2.20283E-1 2.5514E-1 2.36849E-1 2.88731E-1 3.16199E-1 3.52206E-1 3.51306E-1 3.68752E-1 3.45465E-1 3.74056E-1 3.35923E-1 3.35452E-1 3.94294E-1 3.77608E-1 3.58264E-1 3.49333E-1 3.28035E-1 2.93112E-1 2.72842E-1 2.50028E-1 2.31748E-1 2.15699E-1 1.97718E-1 1.77415E-1 1.79132E-1 1.76709E-1 1.74653E-1 1.72239E-1 1.74075E-1 1.75718E-1 1.73095E-1 1.6637E-1 1.65484E-1 1.62665E-1 1.6005E-1 1.59041E-1 1.61796E-1 1.69867E-1 1.68514E-1
2.8634E-1 3.03569E-1 2.94378E-1 3.04033E-1 3.09268E-1 3.17922E-1 3.37396E-1 3.31386E-1 3.31521E-1 3.37384E-1 3.18356E-1 3.09892E-1 3.05033E-1 3.06995E-1 2.99352E-1 2.99387E-1 2.96054E-1 2.88597E-1 2.96568E-1 2.96255E-1 3.03983E-1 2.61169E-1 2.64745E-1 2.6395E-1 2.52463E-1 2.39503E-1 2.96105E-1 3.11642E-1 3.28183E-1 3.42031E-1 3.56661E-1 3.66348E-1 3.84531E-1 3.83804E-1 4.11772E-1 3.64394E-1 3.55219E-1 3.44352E-1 3.28483E-1 3.03121E-1 2.65154E-1 2.41643E-1 2.31202E-1 2.16907E-1 2.04918E-1 1.87597E-1 1.77724E-1 1.78088E-1 1.80707E-1 1.75777E-1 1.75022E-1 1.82996E-1 1.78677E-1 1.8E-1 1.79777E-1 1.76601E-1 1.74601E-1 1.69141E-1 1.6901E-1 1.66567E-1 1.64674E-1
2.6439E-1 2.70726E-1 2.63049E-1 2.84463E-1 3.05316E-1 3.14535E-1 3.34333E-1 3.26009E-1 3.3209E-1 3.24894E-1 3.14529E-1 3.00883E-1 3.1562E-1 3.17119E-1 3.09255E-1 3.06246E-1 2.79727E-1 2.88918E-1 2.93623E-1 2.76333E-1 2.48771E-1 2.38802E-1 2.30642E-1 2.21621E-1 2.66207E-1 2.5684E-1 2.58227E-1 2.8168E-1 3.15086E-1 3.16496E-1 3.59155E-1 3.68078E-1 3.79842E-1 4.14309E-1 4.214E-1 3.75378E-1 3.43897E-1 3.27773E-1 3.34617E-1 3.14266E-1 2.64979E-1 2.36049E-1 2.26674E-1 2.197E-1 2.08346E-1 2.05542E-1 1.91368E-1 1.92778E-1 1.95728E-1 1.91383E-1 1.91747E-1 1.91698E-1 1.89313E-1 1.85627E-1 1.88139E-1 1.93291E-1 1.8761E-1 1.77876E-1 1.80404E-1 1.77401E-1 1.70372E-1
2.51397E-1 2.61181E-1 2.55495E-1 2.86313E-1 2.90833E-1 2.87357E-1 2.93133E-1 2.92199E-1 2.91084E-1 2.95255E-1 2.98423E-1 2.94745E-1 3.06386E-1 3.17524E-1 3.35221E-1 3.25283E-1 3.12666E-1 3.14857E-1 3.12486E-1 2.65265E-1 2.44448E-1 2.34114E-1 2.27333E-1 2.17598E-1 2.08735E-1 2.50742E-1 2.62396E-1 2.5383E-1 3.10728E-1 3.14026E-1 3.54438E-1 3.56972E-1 3.73245E-1 3.94282E-1 4.08386E-1 3.49761E-1 3.4953E-1 3.0154E-1 3.29916E-1 2.97786E-1 2.71031E-1 2.54695E-1 2.26183E-1 2.25511E-1 2.14259E-1 2.08965E-1 1.9877E-1 1.91637E-1 1.90837E-1 1.83815E-1 1.91401E-1 1.99194E-1 1.97469E-1 2.01414E-1 2.00402E-1 1.95553E-1 1.86851E-1 1.77393E-1 1.76341E-1 1.84936E-1 1.82321E-1
2.51763E-1 2.53983E-1 2.71885E-1 2.86952E-1 2.82275E-1 2.81414E-1 2.83074E-1 2.82424E-1 2.82168E-1 2.75221E-1 2.78721E-1 2.89116E-1 2.98262E-1 3.04457E-1 3.23083E-1 3.26285E-1 3.06107E-1 2.97926E-1 3.13846E-1 2.82341E-1 2.77829E-1 2.72388E-1 2.31475E-1 2.03915E-1 1.96445E-1 2.13899E-1 2.63209E-1 2.83146E-1 3.03344E-1 3.45339E-1 3.49285E-1 3.40268E-1 3.52577E-1 3.46596E-1 3.80414E-1 3.16849E-1 3.45359E-1 2.96681E-1 3.17935E-1 3.16853E-1 2.69379E-1 2.69001E-1 2.48939E-1 2.35584E-1 2.15271E-1 2.09898E-1 2.06785E-1 2.07215E-1 2.05346E-1 2.06914E-1 2.00569E-1 2.09592E-1 2.05204E-1 1.99409E-1 1.93381E-1 1.87341E-1 1.87627E-1 1.78654E-1 1.7422E-1 1.7698E-1 1.766E-1
2.60353E-1 2.60059E-1 2.75059E-1 2.80599E-1 2.82539E-1 2.84533E-1 2.77823E-1 2.79601E-1 2.76557E-1 2.79648E-1 2.87101E-1 2.90247E-1 3.04661E-1 3.10969E-1 3.15412E-1 3.09456E-1 3.01173E-1 3.00328E-1 3.02353E-1 2.74124E-1 2.22325E-1 2.18117E-1 1.96247E-1 1.85288E-1 1.82161E-1 1.95842E-1 2.32059E-1 2.61244E-1 2.96299E-1 3.56816E-1 3.61792E-1 3.52166E-1 3.59106E-1 3.21501E-1 3.35973E-1 3.01171E-1 3.04135E-1 3.16414E-1 2.97319E-1 3.14753E-1 3.00908E-1 2.60984E-1 2.53444E-1 2.48992E-1 2.21147E-1 2.09018E-1 2.01207E-1 2.0525E-1 2.04557E-1 2.05469E-1 2.11517E-1 2.13752E-1 2.02818E-1 1.95763E-1 1.76622E-1 1.77674E-1 1.7494E-1 1.81452E-1 1.74681E-1 1.69588E-1 1.70862E-1
2.81194E-1 2.69549E-1 2.68887E-1 2.80708E-1 2.81903E-1 2.8069E-1 2.79506E-1 2.81383E-1 2.83184E-1 2.8341E-1 2.9113E-1 3.05299E-1 3.15891E-1 3.20484E-1 3.14846E-1 3.14281E-1 3.07E-1 2.90537E-1 2.71054E-1 2.65933E-1 2.42089E-1 2.2826E-1 2.08119E-1 1.9107E-1 1.90761E-1 2.07542E-1 2.28922E-1 2.60974E-1 3.18029E-1 3.41792E-1 3.23824E-1 3.27714E-1 3.43742E-1 3.46539E-1 3.54425E-1 3.27511E-1 3.02679E-1 3.08643E-1 3.16084E-1 3.01732E-1 2.80496E-1 2.55673E-1 2.39094E-1 2.43853E-1 2.41228E-1 2.22913E-1 2.08176E-1 2.07844E-1 2.12678E-1 2.1339E-1 2.11849E-1 2.03664E-1 1.98684E-1 1.90846E-1 1.8287E-1 1.80502E-1 1.75655E-1 1.71932E-1 1.69235E-1 1.67612E-1 1.6909E-1
2.82015E-1 2.74452E-1 2.83605E-1 2.93883E-1 2.92514E-1 2.96652E-1 2.93098E-1 2.89085E-1 2.89512E-1 3.00334E-1 2.9961E-1 3.11051E-1 3.16018E-1 3.18828E-1 3.21505E-1 3.11616E-1 3.11861E-1 2.93628E-1 2.76814E-1 2.51019E-1 2.39399E-1 2.13494E-1 1.9773E-1 1.97168E-1 2.01935E-1 2.12095E-1 2.35529E-1 2.55819E-1 2.77443E-1 3.18651E-1 3.44494E-1 3.3302E-1 3.15827E-1 3.3634E-1 3.43789E-1 3.0249E-1 3.23446E-1 3.20491E-1 3.25883E-1 3.15169E-1 2.91008E-1 2.74342E-1 2.46028E-1 2.47486E-1 2.4176E-1 2.3507E-1 2.22045E-1 2.13303E-1 2.08101E-1 2.10701E-1 2.05509E-1 1.9834E-1 1.90904E-1 1.86318E-1 1.78239E-1 1.71804E-1 1.79462E-1 1.78159E-1 1.74512E-1 1.7822E-1 1.72149E-1
2.92151E-1 2.88012E-1 3.00671E-1 3.0416E-1 3.00546E-1 2.98104E-1 3.05416E-1 3.02108E-1 3.00948E-1 3.02089E-1 3.0961E-1 3.08916E-1 3.141E-1 3.19446E-1 3.15585E-1 3.18023E-1 3.18298E-1 3.1483E-1 3.05251E-1 2.67987E-1 2.44629E-1 2.1893E-1 2.05803E-1 2.27169E-1 2.27649E-1 2.33136E-1 2.54671E-1 2.62416E-1 2.88177E-1 2.97041E-1 3.2449E-1 3.1552E-1 3.07711E-1 3.04157E-1 3.10712E-1 3.38656E-1 3.31637E-1 3.30383E-1 3.26337E-1 3.0705E-1 2.70934E-1 2.81661E-1 2.91976E-1 2.66787E-1 2.39242E-1 2.31042E-1 2.21476E-1 2.18225E-1 2.0164E-1 1.90498E-1 1.91745E-1 1.90448E-1 1.75707E-1 1.6994E-1 1.69472E-1 1.70201E-1 1.74296E-1 1.74665E-1 1.78991E-1 1.79436E-1 1.75973E-1
2.97046E-1 3.0404E-1 3.04069E-1 3.06251E-1 3.12698E-1 3.10852E-1 3.14544E-1 3.08093E-1 3.12172E-1 3.23704E-1 3.23943E-1 3.1393E-1 3.31569E-1 3.45221E-1 3.40445E-1 3.29498E-1 3.31403E-1 3.14634E-1 3.1716E-1 3.09717E-1 2.71113E-1 2.46558E-1 2.37257E-1 2.39993E-1 2.19914E-1 2.45134E-1 2.70207E-1 2.86485E-1 3.10332E-1 3.03136E-1 2.87042E-1 2.86805E-1 2.8723E-1 2.96087E-1 3.10064E-1 3.20634E-1 3.2579E-1 3.10101E-1 2.93287E-1 2.73021E-1 2.59211E-1 2.54159E-1 2.5274E-1 2.30404E-1 2.32816E-1 2.28341E-1 2.12266E-1 2.11561E-1 2.08392E-1 1.92143E-1 1.91595E-1 1.84457E-1 1.80382E-1 1.6846E-1 1.71285E-1 1.68872E-1 1.67884E-1 1.69807E-1 1.75092E-1 1.74621E-1 1.78675E-1
3.06225E-1 2.99425E-1 3.1254E-1 3.16278E-1 3.19285E-1 3.22233E-1 3.21751E-1 3.32211E-1 3.30393E-1 3.36061E-1 3.34544E-1 3.36775E-1 3.4749E-1 3.51259E-1 3.55405E-1 3.55056E-1 3.428E-1 3.46203E-1 3.86303E-1 3.83217E-1 3.21571E-1 3.35071E-1 2.8354E-1 2.45913E-1 2.34096E-1 2.60934E-1 2.81363E-1 2.82655E-1 3.07778E-1 3.09145E-1 2.88316E-1 2.73861E-1 2.78281E-1 2.73512E-1 3.20532E-1 3.09595E-1 2.81931E-1 2.72078E-1 2.59067E-1 2.41489E-1 2.39649E-1 2.35197E-1 2.29696E-1 2.25936E-1 2.12488E-1 2.24995E-1 2.23585E-1 2.0447E-1 2.1441E-1 2.13284E-1 1.97233E-1 1.92017E-1 1.83572E-1 1.82232E-1 1.77725E-1 1.72074E-1 1.76465E-1 1.78621E-1 1.78948E-1 1.83089E-1 1.79023E-1
2.76011E-1 2.8582E-1 3.12494E-1 3.32161E-1 3.30509E-1 3.32122E-1 3.33863E-1 3.34392E-1 3.17807E-1 3.11432E-1 3.17779E-1 3.21458E-1 3.2693E-1 3.36204E-1 3.48935E-1 4.01573E-1 4.2182E-1 4.26254E-1 4.19173E-1 3.75789E-1 3.70059E-1 3.65143E-1 3.3216E-1 2.78333E-1 2.7085E-1 2.77063E-1 2.97539E-1 3.16365E-1 3.19721E-1 3.13294E-1 2.95059E-1 2.82103E-1 2.66393E-1 2.86503E-1 3.31255E-1 2.84875E-1 2.54153E-1 2.42561E-1 2.24929E-1 2.19461E-1 2.22914E-1 2.15688E-1 2.03555E-1 2.10062E-1 2.0815E-1 2.04295E-1 2.07267E-1 2.03738E-1 1.9799E-1 2.0845E-1 2.03037E-1 1.94016E-1 1.90337E-1 1.87818E-1 1.83081E-1 1.83652E-1 1.86033E-1 1.83713E-1 1.82988E-1 1.86649E-1 1.88223E-1
3.04565E-1 2.99889E-1 3.13678E-1 3.40056E-1 3.44824E-1 3.46187E-1 3.34579E-1 3.32332E-1 3.34399E-1 3.20951E-1 3.06018E-1 2.95342E-1 2.81378E-1 2.74759E-1 3.20233E-1 3.73391E-1 3.97306E-1 4.10913E-1 3.58057E-1 3.22409E-1 3.28585E-1 3.5276E-1 3.87254E-1 3.49842E-1 3.27182E-1 3.14499E-1 3.26533E-1 2.86015E-1 2.8718E-1 3.22628E-1 3.06442E-1 2.83493E-1 2.70956E-1 2.99102E-1 3.24695E-1 2.5837E-1 2.38355E-1 2.30014E-1 2.13139E-1 2.10916E-1 2.1346E-1 2.11132E-1 2.04141E-1 2.01043E-1 1.97508E-1 1.9818E-1 1.96986E-1 1.96255E-1 1.94106E-1 1.95227E-1 1.97504E-1 2.00315E-1 1.93992E-1 1.91248E-1 1.86217E-1 1.86697E-1 1.87521E-1 1.95661E-1 1.88711E-1 1.83663E-1 1.90618E-1
3.02317E-1 3.0472E-1 3.03509E-1 3.02732E-1 3.16933E-1 3.42338E-1 3.44807E-1 3.52643E-1 3.46831E-1 3.32788E-1 2.80783E-1 2.46796E-1 2.47238E-1 2.84651E-1 3.09062E-1 3.66435E-1 3.93331E-1 4.03692E-1 3.29899E-1 3.3158E-1 3.2477E-1 3.52633E-1 3.79581E-1 4.09034E-1 3.68822E-1 3.42054E-1 3.30354E-1 3.27568E-1 3.33965E-1 3.41906E-1 3.10012E-1 2.93132E-1 2.7445E-1 3.02266E-1 2.89275E-1 2.43189E-1 2.28966E-1 2.21686E-1 2.12388E-1 2.09748E-1 2.01746E-1 2.01775E-1 2.01326E-1 1.89102E-1 1.92003E-1 1.94967E-1 1.97065E-1 1.90305E-1 1.96334E-1 1.90742E-1 1.94496E-1 2.03648E-1 2.02716E-1 2.00427E-1 1.95813E-1 1.94453E-1 2.02487E-1 2.06897E-1 1.92475E-1 1.86349E-1 1.88532E-1
3.32022E-1 3.36657E-1 3.31254E-1 3.37059E-1 3.38197E-1 3.25731E-1 3.09737E-1 3.22629E-1 3.36016E-1 3.00304E-1 2.43685E-1 2.24662E-1 2.71997E-1 3.2478E-1 3.61181E-1 3.47251E-1 3.70459E-1 3.79853E-1 4.0283E-1 3.51275E-1 3.69463E-1 3.63997E-1 3.65409E-1 3.76034E-1 3.13902E-1 3.05459E-1 3.09482E-1 3.26203E-1 2.84415E-1 3.19514E-1 3.31959E-1 2.91801E-1 2.73323E-1 2.86104E-1 2.85583E-1 2.4082E-1 2.22782E-1 2.11664E-1 2.03342E-1 1.94132E-1 1.83254E-1 1.94871E-1 1.91134E-1 1.83692E-1 1.86138E-1 1.92813E-1 2.00035E-1 2.03393E-1 1.92609E-1 1.89149E-1 1.89929E-1 1.96941E-1 2.07684E-1 2.11655E-1 2.04712E-1 1.96E-1 2.10291E-1 2.14006E-1 2.04431E-1 1.99263E-1 1.96901E-1
3.25866E-1 3.30034E-1 3.28704E-1 3.28894E-1 3.34965E-1 3.24373E-1 3.22751E-1 3.16121E-1 2.94122E-1 2.33685E-1 2.11581E-1 2.44594E-1 2.74717E-1 2.87364E-1 3.12578E-1 3.17733E-1 3.18804E-1 2.99475E-1 3.99873E-1 3.88613E-1 3.68211E-1 3.89133E-1 3.25224E-1 3.4657E-1 3.077E-1 2.96212E-1 3.01129E-1 2.79695E-1 2.77362E-1 2.85489E-1 3.18303E-1 3.00729E-1 2.85378E-1 2.74053E-1 2.45396E-1 2.33807E-1 2.12789E-1 1.91635E-1 1.70423E-1 1.92219E-1 1.93038E-1 1.84127E-1 1.87292E-1 1.7962E-1 1.90427E-1 1.97855E-1 2.06594E-1 1.99056E-1 1.92582E-1 1.91813E-1 1.91463E-1 1.90647E-1 2.00205E-1 2.19479E-1 2.29271E-1 2.03042E-1 2.05575E-1 2.15405E-1 2.1308E-1 2.14877E-1 2.0772E-1
3.07979E-1 3.16428E-1 3.21327E-1 3.14249E-1 3.09216E-1 3.24806E-1 3.30855E-1 2.81157E-1 2.23075E-1 2.08372E-1 2.26651E-1 2.63543E-1 2.89146E-1 3.18041E-1 3.20546E-1 2.91367E-1 2.91682E-1 3.39767E-1 3.5876E-1 3.54613E-1 3.67516E-1 3.72377E-1 2.92645E-1 2.37328E-1 2.40779E-1 2.41865E-1 2.51511E-1 2.76433E-1 2.86571E-1 2.83937E-1 2.86661E-1 2.8306E-1 2.74355E-1 2.58772E-1 2.42006E-1 2.31311E-1 2.11872E-1 1.82077E-1 1.72694E-1 1.88877E-1 1.81626E-1 1.89382E-1 1.75657E-1 1.8372E-1 1.826E-1 1.94492E-1 2.15968E-1 2.11394E-1 2.00476E-1 2.11517E-1 2.10189E-1 2.13077E-1 2.28249E-1 2.50123E-1 2.34724E-1 2.17722E-1 2.58071E-1 2.37935E-1 2.32224E-1 2.28767E-1 2.12915E-1
3.04194E-1 2.98916E-1 2.97812E-1 2.94284E-1 2.97801E-1 3.04003E-1 2.85318E-1 2.37852E-1 1.90711E-1 2.17139E-1 2.6227E-1 3.05354E-1 2.71992E-1 2.67151E-1 2.84178E-1 2.87681E-1 2.89367E-1 3.30081E-1 3.22705E-1 3.32282E-1 3.25714E-1 3.46777E-1 3.10727E-1 2.78114E-1 2.79347E-1 3.00386E-1 2.82658E-1 2.48218E-1 2.71711E-1 3.1158E-1 2.99525E-1 2.90623E-1 2.72899E-1 2.70248E-1 2.53746E-1 2.40671E-1 2.15057E-1 1.88769E-1 1.77023E-1 1.81263E-1 1.77953E-1 1.87629E-1 1.78721E-1 1.77375E-1 1.81312E-1 1.86419E-1 1.95652E-1 2.14751E-1 2.0784E-1 2.51827E-1 2.78488E-1 2.81745E-1 3.02835E-1 3.07489E-1 2.47135E-1 2.56196E-1 3.07418E-1 2.99336E-1 2.96238E-1 2.58633E-1 2.33716E-1
2.94064E-1 2.94628E-1 2.87208E-1 2.67221E-1 2.64079E-1 2.54783E-1 2.1014E-1 1.98055E-1 2.17556E-1 2.30948E-1 2.67848E-1 3.38591E-1 2.95881E-1 2.42527E-1 2.09469E-1 2.22795E-1 2.51724E-1 2.80783E-1 3.01668E-1 2.38407E-1 2.81421E-1 2.49114E-1 2.26626E-1 2.24819E-1 2.30893E-1 2.51168E-1 2.49236E-1 2.47053E-1 2.66715E-1 2.7614E-1 2.88061E-1 3.02139E-1 2.9328E-1 2.59394E-1 2.28621E-1 2.32542E-1 2.12085E-1 1.99524E-1 1.73366E-1 1.7507E-1 1.67649E-1 1.74054E-1 1.82487E-1 1.80808E-1 1.78441E-1 1.94346E-1 1.91052E-1 2.18284E-1 2.17898E-1 2.86361E-1 3.07491E-1 3.03507E-1 3.19573E-1 2.96257E-1 3.20253E-1 3.12214E-1 3.02934E-1 2.90694E-1 2.83271E-1 2.81119E-1 2.59196E-1
2.76292E-1 2.77059E-1 2.67725E-1 2.54519E-1 2.56794E-1 2.68218E-1 2.28914E-1 2.05381E-1 2.19193E-1 2.20676E-1 2.49905E-1 3.07655E-1 3.11795E-1 2.74373E-1 2.25696E-1 2.14251E-1 2.27249E-1 2.59948E-1 2.74081E-1 2.21702E-1 2.29295E-1 2.27229E-1 2.10109E-1 2.14596E-1 2.42389E-1 2.43871E-1 2.34635E-1 2.48126E-1 2.62654E-1 2.83427E-1 3.02006E-1 2.73233E-1 2.61608E-1 2.42705E-1 2.26987E-1 2.27037E-1 2.08989E-1 1.98312E-1 1.89988E-1 1.80005E-1 1.77262E-1 1.80377E-1 1.78444E-1 1.7939E-1 1.76188E-1 1.77461E-1 1.90086E-1 2.3031E-1 2.65722E-1 3.21302E-1 2.99846E-1 2.8902E-1 2.97103E-1 3.1021E-1 3.34665E-1 3.04281E-1 2.87711E-1 2.85969E-1 2.86844E-1 2.83295E-1 2.562E-1
