maxent_outputs/red_flowers_linear/red_313.asc
ncols         426
nrows         180
xllcorner     -130.0
yllcorner     24.0
cellsize      0.16666666666666666
NODATA_value  -9999
[rows 0 to 26 of 180, columns 244 to 304 of 426]
2.84167E-4 2.76535E-4 2.79471E-4 2.70899E-4 2.67489E-4 2.6902E-4 2.63364E-4 2.59218E-4 2.64248E-4 2.6815E-4 2.69238E-4 2.68109E-4 2.55855E-4 2.54374E-4 2.62465E-4 2.61851E-4 2.67517E-4 2.79429E-4 2.80596E-4 2.65796E-4 2.58761E-4 2.55581E-4 2.65758E-4 2.59783E-4 2.5567E-4 2.54844E-4 2.54701E-4 2.48851E-4 2.51725E-4 2.77189E-4 2.52571E-4 2.63536E-4 2.45545E-4 2.42557E-4 2.43258E-4 2.41293E-4 2.43767E-4 2.48158E-4 2.52809E-4 2.57642E-4 2.52341E-4 2.31608E-4 2.43079E-4 2.53496E-4 -9999 -9999 -9999 -9999 -9999 -9999 -9999 -9999 -9999 -9999 -9999 -9999 1.46304E-2 -9999 -9999 -9999 2.01212E-2
3.21848E-4 3.02908E-4 3.05472E-4 2.89362E-4 2.86156E-4 2.78425E-4 2.80392E-4 2.69737E-4 2.80545E-4 2.72225E-4 2.6865E-4 2.69292E-4 2.68884E-4 2.68091E-4 2.64975E-4 2.76774E-4 2.83496E-4 2.77837E-4 2.7667E-4 2.77324E-4 2.73057E-4 2.77877E-4 2.81558E-4 2.70469E-4 2.64822E-4 2.69287E-4 2.61755E-4 2.61834E-4 2.56004E-4 2.60052E-4 2.51553E-4 2.61889E-4 2.57981E-4 2.48546E-4 2.55888E-4 2.53406E-4 2.63155E-4 2.77824E-4 2.67475E-4 2.68399E-4 2.6324E-4 2.45819E-4 2.45393E-4 2.47839E-4 -9999 -9999 -9999 -9999 -9999 -9999 -9999 -9999 -9999 -9999 -9999 -9999 -9999 -9999 -9999 -9999 1.0079E-2
3.16648E-4 3.23446E-4 3.21414E-4 3.14808E-4 3.25747E-4 3.22581E-4 3.36274E-4 3.19543E-4 3.17581E-4 2.86697E-4 2.78069E-4 2.76236E-4 2.77375E-4 2.81789E-4 2.7984E-4 2.85192E-4 2.92203E-4 2.97882E-4 2.95938E-4 2.94551E-4 2.84405E-4 2.81912E-4 2.89174E-4 2.87358E-4 2.78338E-4 2.78257E-4 2.68537E-4 2.72798E-4 2.6795E-4 2.69595E-4 2.7321E-4 2.75053E-4 2.7594E-4 2.81427E-4 2.767E-4 2.73588E-4 2.71568E-4 2.66279E-4 2.72272E-4 2.73152E-4 2.671E-4 2.55055E-4 2.53778E-4 -9999 -9999 -9999 -9999 -9999 -9999 -9999 -9999 -9999 -9999 -9999 -9999 -9999 -9999 8.75684E-4 -9999 -9999 1.19669E-2
3.34411E-4 3.3598E-4 3.21236E-4 3.2191E-4 3.03694E-4 2.96297E-4 3.01459E-4 3.07278E-4 3.01168E-4 2.90132E-4 3.00421E-4 2.86975E-4 2.82745E-4 2.84901E-4 2.93403E-4 2.97249E-4 2.94682E-4 2.94152E-4 3.02128E-4 3.03643E-4 2.98237E-4 2.97618E-4 3.05872E-4 3.24734E-4 3.06672E-4 2.90489E-4 2.90799E-4 2.90801E-4 2.80461E-4 2.79911E-4 2.8276E-4 2.88046E-4 2.91786E-4 2.90779E-4 2.88523E-4 2.86755E-4 2.86255E-4 2.81272E-4 2.90043E-4 2.88678E-4 2.91729E-4 2.77624E-4 2.71402E-4 2.77621E-4 -9999 -9999 -9999 -9999 -9999 -9999 -9999 -9999 -9999 -9999 -9999 4.4466E-4 4.5746E-4 1.89791E-3 -9999 -9999 -9999
3.41635E-4 3.40504E-4 3.45231E-4 3.39493E-4 3.09609E-4 3.23775E-4 3.23972E-4 3.16983E-4 3.13071E-4 3.09274E-4 3.07129E-4 2.98804E-4 3.03835E-4 3.01811E-4 2.95951E-4 2.98092E-4 3.06788E-4 3.12013E-4 3.10781E-4 3.08877E-4 3.1585E-4 3.12398E-4 3.31378E-4 3.3882E-4 3.12739E-4 3.09911E-4 3.02511E-4 3.02823E-4 3.06047E-4 2.96578E-4 2.95133E-4 2.9677E-4 2.97041E-4 2.96856E-4 2.96366E-4 2.97292E-4 3.02068E-4 3.1965E-4 2.94901E-4 3.03069E-4 3.04244E-4 2.96473E-4 2.82456E-4 3.53785E-4 -9999 3.03869E-4 3.02635E-4 2.9974E-4 3.10559E-4 3.0805E-4 -9999 -9999 -9999 -9999 -9999 4.56672E-4 8.52574E-4 4.21624E-3 1.19991E-2 -9999 -9999
3.72457E-4 3.78538E-4 3.60029E-4 3.81422E-4 3.49306E-4 3.45545E-4 3.48248E-4 3.46865E-4 3.3885E-4 3.45475E-4 3.48354E-4 3.64655E-4 3.34489E-4 3.13021E-4 3.11353E-4 3.11133E-4 3.12327E-4 3.10284E-4 3.2346E-4 3.27565E-4 3.23101E-4 3.17092E-4 3.28086E-4 3.30643E-4 3.35707E-4 3.12524E-4 3.11459E-4 3.01629E-4 3.07408E-4 3.10049E-4 3.01518E-4 3.05674E-4 3.00862E-4 3.08413E-4 3.01891E-4 2.98356E-4 3.04743E-4 2.9866E-4 3.00417E-4 3.03144E-4 3.09708E-4 3.10585E-4 3.41031E-4 3.85985E-4 3.06071E-4 2.90194E-4 2.96038E-4 2.92132E-4 3.0683E-4 3.03469E-4 3.25825E-4 1.31127E-3 -9999 -9999 -9999 -9999 5.29958E-4 4.52157E-4 -9999 -9999 -9999
4.67516E-4 4.59279E-4 3.86982E-4 3.72568E-4 3.85683E-4 3.62804E-4 3.76824E-4 3.67259E-4 3.90368E-4 3.74706E-4 3.62755E-4 4.3379E-4 3.78048E-4 3.37041E-4 3.30533E-4 3.26937E-4 3.25868E-4 3.28472E-4 3.3171E-4 3.35078E-4 3.39573E-4 3.36757E-4 3.28018E-4 3.31286E-4 3.37295E-4 3.31823E-4 3.21377E-4 3.23489E-4 3.11791E-4 3.12511E-4 3.17709E-4 3.27366E-4 3.25592E-4 3.17405E-4 3.10834E-4 3.12067E-4 3.16951E-4 3.0062E-4 3.01458E-4 2.9763E-4 3.08095E-4 3.18322E-4 3.33187E-4 3.5248E-4 3.17765E-4 3.24384E-4 3.30383E-4 3.51569E-4 3.57731E-4 3.63798E-4 3.45484E-4 3.46168E-4 -9999 -9999 -9999 -9999 -9999 -9999 -9999 -9999 1.88487E-2
4.06165E-4 3.91178E-4 3.9132E-4 3.97506E-4 4.0414E-4 3.66763E-4 3.60523E-4 3.73251E-4 3.70553E-4 3.66114E-4 3.75268E-4 3.74713E-4 3.57092E-4 3.44571E-4 3.41365E-4 3.38329E-4 3.33413E-4 3.41546E-4 3.47413E-4 3.46952E-4 3.45377E-4 3.49415E-4 3.47705E-4 3.48886E-4 3.5356E-4 3.39564E-4 3.38185E-4 3.42318E-4 3.37559E-4 3.3391E-4 3.22977E-4 3.24916E-4 3.34917E-4 3.36715E-4 3.33469E-4 3.36004E-4 3.31271E-4 3.07657E-4 3.18917E-4 3.14103E-4 3.0908E-4 3.18488E-4 3.2303E-4 3.48601E-4 3.72643E-4 -9999 -9999 -9999 3.83747E-4 3.92514E-4 3.89874E-4 3.75424E-4 -9999 -9999 -9999 -9999 -9999 -9999 -9999 -9999 1.45082E-2
4.05584E-4 3.93653E-4 3.84745E-4 3.82664E-4 3.7765E-4 3.72154E-4 3.85939E-4 3.98599E-4 4.30865E-4 3.96509E-4 3.99702E-4 3.90689E-4 3.79122E-4 3.50114E-4 3.54279E-4 3.64601E-4 3.52107E-4 3.57516E-4 3.58983E-4 3.61318E-4 3.61249E-4 3.68312E-4 3.62395E-4 3.69671E-4 3.50806E-4 3.65084E-4 3.51276E-4 3.46812E-4 3.61226E-4 3.64548E-4 3.61351E-4 3.59211E-4 3.49932E-4 3.46367E-4 3.50567E-4 3.45346E-4 3.55751E-4 3.39413E-4 3.41753E-4 3.32483E-4 3.21297E-4 3.21181E-4 3.18981E-4 3.30852E-4 3.37791E-4 3.42928E-4 3.8723E-4 -9999 -9999 -9999 -9999 -9999 -9999 -9999 -9999 -9999 -9999 -9999 1.41741E-3 -9999 1.51878E-2
4.0825E-4 4.16685E-4 4.13563E-4 4.16191E-4 3.98605E-4 3.95958E-4 3.86863E-4 3.99187E-4 3.91998E-4 3.98008E-4 3.91212E-4 3.88894E-4 3.7771E-4 3.70545E-4 3.62555E-4 3.76303E-4 3.89435E-4 3.86635E-4 3.81451E-4 3.81557E-4 3.76695E-4 3.72775E-4 3.76968E-4 3.71017E-4 4.18759E-4 3.77907E-4 3.70974E-4 3.76841E-4 3.77851E-4 3.80424E-4 3.77098E-4 3.76056E-4 3.70156E-4 3.70954E-4 3.69778E-4 3.74969E-4 3.74816E-4 3.65828E-4 3.61273E-4 3.55491E-4 3.47258E-4 3.47203E-4 3.43927E-4 3.43978E-4 3.47233E-4 3.58763E-4 3.86359E-4 -9999 -9999 -9999 -9999 -9999 -9999 -9999 1.85758E-2 -9999 -9999 -9999 -9999 -9999 1.85099E-2
4.24962E-4 4.3291E-4 4.2779E-4 4.29804E-4 4.20923E-4 4.4127E-4 4.29402E-4 4.28051E-4 4.76385E-4 4.2606E-4 4.20644E-4 4.23018E-4 4.03296E-4 3.98343E-4 3.86557E-4 3.90961E-4 3.81485E-4 3.86956E-4 3.94608E-4 3.93792E-4 3.91311E-4 3.94584E-4 3.93509E-4 3.91257E-4 4.70467E-4 4.52874E-4 3.9436E-4 3.8495E-4 4.01435E-4 4.11802E-4 3.98279E-4 3.90173E-4 3.89132E-4 3.82478E-4 4.01266E-4 3.91644E-4 3.81355E-4 3.91254E-4 3.82819E-4 3.80534E-4 3.89915E-4 3.94548E-4 3.74331E-4 3.48048E-4 3.61163E-4 3.75727E-4 4.05916E-4 1.0491E-3 -9999 -9999 -9999 -9999 -9999 -9999 -9999 -9999 -9999 -9999 1.24184E-3 5.4517E-4 -9999
4.69699E-4 4.58245E-4 4.40322E-4 4.39569E-4 4.50927E-4 4.63904E-4 4.4417E-4 4.30473E-4 4.18505E-4 4.16871E-4 4.13867E-4 4.10936E-4 4.22788E-4 4.14307E-4 4.14366E-4 4.08925E-4 4.061E-4 4.04297E-4 4.0796E-4 4.08428E-4 4.03254E-4 4.04781E-4 4.12618E-4 4.09118E-4 4.15705E-4 4.1344E-4 4.14706E-4 4.14103E-4 4.28026E-4 4.20498E-4 4.14519E-4 4.03742E-4 3.95639E-4 4.00392E-4 4.02668E-4 4.17674E-4 4.17737E-4 4.09476E-4 3.93246E-4 4.15071E-4 4.00287E-4 3.81732E-4 3.82576E-4 3.62062E-4 3.71358E-4 3.75661E-4 3.81129E-4 4.12522E-4 4.27334E-4 4.53089E-4 4.77688E-4 -9999 -9999 -9999 -9999 -9999 -9999 -9999 5.89631E-4 5.64939E-4 5.49486E-4
4.64823E-4 4.60643E-4 4.55845E-4 4.7273E-4 4.82044E-4 4.49052E-4 4.62131E-4 4.45626E-4 4.29606E-4 4.20634E-4 4.10919E-4 4.15339E-4 4.16441E-4 4.23877E-4 4.26373E-4 4.40374E-4 4.2472E-4 4.29235E-4 4.31248E-4 4.28971E-4 4.28185E-4 4.22894E-4 4.24329E-4 4.3463E-4 4.47569E-4 4.3706E-4 4.39566E-4 4.3915E-4 4.35833E-4 4.33943E-4 4.23586E-4 4.10376E-4 4.14029E-4 4.15678E-4 4.17954E-4 4.27697E-4 4.3422E-4 4.2107E-4 4.20053E-4 4.2973E-4 4.19085E-4 4.03064E-4 4.1049E-4 3.9411E-4 3.94367E-4 4.04693E-4 4.0611E-4 4.19176E-4 4.2603E-4 4.49922E-4 4.54119E-4 4.48897E-4 -9999 -9999 -9999 -9999 -9999 -9999 5.98472E-4 5.26556E-4 5.86727E-4
5.10585E-4 4.87401E-4 4.98989E-4 4.91179E-4 4.88976E-4 4.78072E-4 4.63966E-4 4.63192E-4 4.48616E-4 4.47741E-4 4.33376E-4 4.30837E-4 4.40011E-4 4.40599E-4 4.47009E-4 4.42472E-4 4.54728E-4 4.51925E-4 4.50856E-4 4.50121E-4 4.48637E-4 4.55086E-4 4.48239E-4 4.54632E-4 4.54017E-4 4.48243E-4 4.5072E-4 4.60879E-4 4.69648E-4 4.66283E-4 4.64221E-4 4.52725E-4 4.41166E-4 4.38079E-4 4.50128E-4 4.50424E-4 4.41584E-4 4.4504E-4 4.38327E-4 4.35235E-4 4.2678E-4 4.24568E-4 4.26257E-4 4.15825E-4 4.32555E-4 4.41297E-4 4.44158E-4 4.38117E-4 4.54803E-4 4.70857E-4 4.47245E-4 4.42558E-4 4.62436E-4 -9999 -9999 -9999 -9999 -9999 -9999 -9999 8.11824E-4
5.16857E-4 5.19396E-4 5.36781E-4 5.37995E-4 5.46503E-4 5.04357E-4 4.88826E-4 4.8951E-4 4.9807E-4 4.87889E-4 4.60784E-4 4.57473E-4 4.65647E-4 4.64663E-4 4.5764E-4 4.75798E-4 4.92774E-4 4.76381E-4 4.75544E-4 4.7879E-4 4.77803E-4 4.81243E-4 5.02625E-4 4.84803E-4 4.73884E-4 4.87288E-4 4.80777E-4 4.81678E-4 4.78809E-4 4.89838E-4 4.91621E-4 4.88295E-4 4.82483E-4 4.78934E-4 4.74246E-4 4.77741E-4 4.73396E-4 4.62973E-4 4.54082E-4 4.5305E-4 4.51866E-4 4.62682E-4 4.62388E-4 4.54301E-4 4.54827E-4 4.63256E-4 4.7094E-4 4.8167E-4 4.9386E-4 5.03246E-4 4.83143E-4 4.80154E-4 4.98932E-4 5.50419E-4 -9999 -9999 -9999 -9999 7.3077E-4 6.82667E-4 6.84353E-4
5.41783E-4 5.57519E-4 5.80774E-4 5.55157E-4 5.50325E-4 5.56207E-4 5.31858E-4 5.14305E-4 5.37545E-4 5.3113E-4 4.91305E-4 5.01012E-4 5.20168E-4 5.39394E-4 5.14143E-4 5.19191E-4 5.22389E-4 5.20461E-4 5.06861E-4 5.00796E-4 4.98025E-4 5.04058E-4 5.56194E-4 5.14076E-4 5.0408E-4 5.08488E-4 5.03619E-4 5.17873E-4 5.19677E-4 5.28523E-4 5.42206E-4 5.2581E-4 5.24636E-4 5.14496E-4 5.02244E-4 5.01518E-4 4.83609E-4 4.82394E-4 4.96614E-4 4.78731E-4 4.86697E-4 4.77502E-4 4.76774E-4 4.74332E-4 4.67495E-4 4.86891E-4 4.80267E-4 4.93254E-4 5.07678E-4 5.03516E-4 5.28893E-4 5.49943E-4 5.45737E-4 5.63853E-4 -9999 -9999 -9999 6.5328E-4 6.6158E-4 6.9964E-4 7.51706E-4
5.96645E-4 6.12266E-4 6.02388E-4 5.90923E-4 5.89779E-4 5.57367E-4 5.76439E-4 5.86951E-4 5.66782E-4 5.77321E-4 5.83035E-4 5.95281E-4 5.73842E-4 5.69656E-4 5.54234E-4 5.48403E-4 5.46922E-4 5.56481E-4 5.52329E-4 5.51652E-4 5.35931E-4 5.37078E-4 5.39921E-4 5.34224E-4 5.37906E-4 5.58231E-4 5.34605E-4 5.39204E-4 5.42305E-4 5.54848E-4 5.56392E-4 5.55952E-4 5.40202E-4 5.42351E-4 5.40647E-4 5.36071E-4 5.16648E-4 5.22416E-4 5.22226E-4 5.0337E-4 5.31729E-4 5.16447E-4 5.03277E-4 4.92058E-4 4.88418E-4 4.88533E-4 5.03007E-4 5.24144E-4 5.21484E-4 5.3134E-4 5.55937E-4 5.76877E-4 6.19549E-4 5.81128E-4 5.61086E-4 5.84578E-4 6.34713E-4 6.50796E-4 6.85356E-4 7.45874E-4 7.46812E-4
6.31274E-4 6.15005E-4 6.22637E-4 6.43257E-4 6.13292E-4 6.16643E-4 6.21621E-4 6.21962E-4 6.26822E-4 6.13975E-4 6.02146E-4 5.92344E-4 5.78709E-4 5.57589E-4 5.69304E-4 5.69195E-4 5.74555E-4 5.83171E-4 5.78056E-4 5.86774E-4 5.79146E-4 5.76201E-4 5.79809E-4 5.74296E-4 5.76581E-4 5.65831E-4 5.82862E-4 5.8031E-4 5.97166E-4 5.87995E-4 5.81317E-4 5.79814E-4 5.78159E-4 5.74455E-4 5.66758E-4 5.75948E-4 5.70791E-4 5.69092E-4 5.80941E-4 5.72739E-4 5.36448E-4 5.19887E-4 5.17769E-4 5.19227E-4 5.19727E-4 5.58668E-4 5.75414E-4 5.6413E-4 5.59586E-4 5.84501E-4 6.08829E-4 6.11778E-4 5.89558E-4 5.70192E-4 5.57649E-4 5.91944E-4 6.4742E-4 7.05771E-4 7.10719E-4 7.53272E-4 7.92635E-4
6.96244E-4 7.00201E-4 6.92231E-4 6.79608E-4 6.89404E-4 6.82164E-4 6.56788E-4 6.48375E-4 6.6743E-4 6.5337E-4 6.40873E-4 6.02595E-4 6.24161E-4 6.19903E-4 5.86627E-4 5.93084E-4 6.19662E-4 6.53058E-4 6.74796E-4 6.41513E-4 6.35858E-4 6.28281E-4 6.28037E-4 6.21358E-4 6.33591E-4 6.61944E-4 6.38395E-4 6.24086E-4 6.56533E-4 6.16467E-4 5.981E-4 6.27168E-4 6.11202E-4 6.58801E-4 6.00452E-4 5.92023E-4 5.92764E-4 5.91014E-4 5.91436E-4 5.72698E-4 5.70638E-4 5.8593E-4 5.71203E-4 5.65138E-4 5.87463E-4 5.91761E-4 5.86437E-4 6.21747E-4 6.11737E-4 6.02961E-4 6.13925E-4 6.20659E-4 6.06218E-4 6.206E-4 6.37741E-4 6.48897E-4 6.77174E-4 7.15583E-4 7.2517E-4 7.31834E-4 7.66192E-4
7.47195E-4 7.61641E-4 7.10966E-4 7.07666E-4 7.25466E-4 7.00933E-4 7.58876E-4 7.15677E-4 6.8063E-4 6.51101E-4 6.38109E-4 6.0776E-4 6.39884E-4 6.98673E-4 6.58261E-4 6.47722E-4 6.85537E-4 6.58511E-4 7.35835E-4 7.63638E-4 7.3589E-4 6.94178E-4 6.91376E-4 6.74883E-4 6.93823E-4 7.12196E-4 7.20964E-4 7.08496E-4 7.00644E-4 6.83936E-4 6.46069E-4 6.54041E-4 6.56661E-4 6.64177E-4 6.50908E-4 6.30621E-4 6.12014E-4 6.04899E-4 6.03596E-4 6.21286E-4 6.26376E-4 6.39387E-4 6.11241E-4 6.091E-4 6.15839E-4 6.147E-4 6.17361E-4 6.39338E-4 6.30116E-4 6.16636E-4 6.24382E-4 6.2593E-4 6.35426E-4 6.55602E-4 6.68678E-4 7.00251E-4 6.93985E-4 7.11737E-4 7.22776E-4 7.36143E-4 7.61235E-4
7.56683E-4 7.58631E-4 7.6193E-4 7.4372E-4 7.3505E-4 7.35101E-4 7.49025E-4 7.18094E-4 6.96147E-4 6.81272E-4 7.12089E-4 7.36213E-4 6.5439E-4 6.72025E-4 6.63378E-4 6.77485E-4 7.3166E-4 7.12994E-4 7.28437E-4 7.64105E-4 7.6654E-4 7.38806E-4 7.3747E-4 7.53255E-4 7.33664E-4 7.1146E-4 7.10008E-4 7.37505E-4 7.94322E-4 7.32062E-4 7.09874E-4 7.06735E-4 6.73161E-4 6.83549E-4 6.76101E-4 6.40297E-4 6.44353E-4 6.56763E-4 6.42028E-4 6.6459E-4 6.95326E-4 6.67728E-4 6.47931E-4 6.60155E-4 6.8986E-4 6.70739E-4 6.75518E-4 6.91729E-4 6.93614E-4 6.84998E-4 6.76212E-4 6.74464E-4 6.66809E-4 6.62128E-4 6.88165E-4 7.06771E-4 7.2075E-4 7.22801E-4 7.42657E-4 7.63522E-4 7.86585E-4
8.12534E-4 8.55743E-4 8.01117E-4 7.65652E-4 7.43951E-4 7.56305E-4 7.3868E-4 7.50327E-4 7.20633E-4 7.13433E-4 7.13313E-4 7.53301E-4 7.65294E-4 7.54512E-4 7.45288E-4 7.45984E-4 7.46296E-4 7.59549E-4 7.34452E-4 7.88516E-4 8.17835E-4 8.29984E-4 7.87901E-4 7.7463E-4 7.7494E-4 7.82668E-4 7.92083E-4 7.91566E-4 8.3661E-4 8.25208E-4 7.50465E-4 7.29629E-4 7.36693E-4 7.56448E-4 7.2723E-4 7.15992E-4 7.21333E-4 7.01163E-4 7.10705E-4 7.4542E-4 7.50588E-4 7.11387E-4 7.1058E-4 7.22291E-4 7.16978E-4 7.39281E-4 7.32158E-4 7.2699E-4 7.17998E-4 7.20319E-4 7.04178E-4 6.88048E-4 6.97228E-4 7.37384E-4 8.9738E-4 7.66427E-4 7.54283E-4 7.47439E-4 7.62747E-4 7.79666E-4 7.84609E-4
8.54168E-4 8.71537E-4 8.84621E-4 9.48072E-4 1.05172E-3 9.9749E-4 8.66416E-4 7.82356E-4 7.59228E-4 7.20369E-4 7.05538E-4 7.17392E-4 7.29168E-4 7.14461E-4 7.83557E-4 7.86406E-4 8.61132E-4 8.03355E-4 8.25259E-4 8.19239E-4 8.74056E-4 9.23847E-4 9.26795E-4 9.08143E-4 8.94828E-4 8.86235E-4 8.78641E-4 8.76269E-4 8.45062E-4 8.56454E-4 8.45853E-4 8.51637E-4 8.32581E-4 8.1873E-4 8.13362E-4 8.13832E-4 8.38093E-4 7.84468E-4 7.70707E-4 7.80941E-4 8.01781E-4 7.77534E-4 7.4762E-4 7.96631E-4 7.75292E-4 7.75875E-4 8.3305E-4 7.75172E-4 7.4508E-4 7.40347E-4 7.42927E-4 7.30171E-4 7.71959E-4 8.07519E-4 8.4776E-4 7.71063E-4 7.7681E-4 8.07203E-4 8.06879E-4 7.93963E-4 8.02695E-4
9.38721E-4 9.80484E-4 1.13766E-3 1.46422E-3 1.28692E-3 1.3412E-3 1.2587E-3 9.34323E-4 7.97758E-4 7.58043E-4 7.42713E-4 8.64572E-4 7.3006E-4 7.41023E-4 8.18082E-4 7.79614E-4 8.45058E-4 8.16987E-4 8.92907E-4 9.05135E-4 8.98076E-4 9.75139E-4 1.02644E-3 1.08643E-3 1.05109E-3 1.00175E-3 9.14494E-4 9.24256E-4 9.5123E-4 9.14927E-4 9.48599E-4 9.85911E-4 9.05319E-4 8.78968E-4 8.83769E-4 8.79145E-4 9.29689E-4 9.43418E-4 9.08313E-4 8.72801E-4 8.64402E-4 8.82142E-4 9.06176E-4 9.3361E-4 8.83375E-4 8.68804E-4 8.42384E-4 7.91023E-4 8.01192E-4 7.83928E-4 7.87394E-4 7.94337E-4 7.94579E-4 7.66594E-4 7.75623E-4 7.58005E-4 7.92863E-4 8.1967E-4 8.14599E-4 8.16695E-4 8.22994E-4
1.04576E-3 1.04922E-3 1.48099E-3 1.81397E-3 1.74749E-3 2.08563E-3 2.21581E-3 1.70729E-3 9.03416E-4 7.75224E-4 8.84348E-4 9.56822E-4 8.02092E-4 8.03931E-4 8.33042E-4 8.64229E-4 8.92443E-4 9.73918E-4 1.24584E-3 1.07696E-3 9.91994E-4 1.00028E-3 1.06529E-3 1.06688E-3 1.06342E-3 1.01517E-3 1.04773E-3 1.07517E-3 1.07932E-3 1.08028E-3 1.01438E-3 1.06206E-3 1.02287E-3 9.51978E-4 9.70579E-4 9.77493E-4 9.62906E-4 9.35609E-4 9.69476E-4 9.08453E-4 9.29561E-4 8.89508E-4 9.53648E-4 9.87555E-4 9.41145E-4 9.15574E-4 9.37069E-4 9.18677E-4 8.7293E-4 8.55236E-4 8.44476E-4 8.32098E-4 8.29103E-4 8.3696E-4 8.13029E-4 8.31901E-4 8.22971E-4 8.51982E-4 8.58973E-4 8.18626E-4 8.0846E-4
1.07502E-3 1.21149E-3 2.02165E-3 2.19172E-3 2.31606E-3 2.3871E-3 2.39853E-3 1.59389E-3 9.81264E-4 8.63297E-4 9.23526E-4 8.6342E-4 9.10879E-4 8.67629E-4 9.19464E-4 9.01352E-4 1.13702E-3 9.68081E-4 1.0839E-3 1.29791E-3 1.14603E-3 1.09785E-3 1.10397E-3 1.14554E-3 1.10507E-3 1.08271E-3 1.06402E-3 1.05506E-3 1.07062E-3 1.05321E-3 1.11406E-3 1.11897E-3 1.08351E-3 9.97452E-4 9.86306E-4 1.03305E-3 9.70541E-4 9.30904E-4 9.39642E-4 9.42595E-4 9.14648E-4 9.60557E-4 9.91908E-4 9.71267E-4 9.17235E-4 8.69921E-4 8.91287E-4 8.98713E-4 8.95896E-4 9.23359E-4 9.45133E-4 9.26913E-4 9.29513E-4 8.74083E-4 8.98714E-4 8.87457E-4 8.64843E-4 8.80785E-4 8.58698E-4 8.39328E-4 8.24276E-4
1.05938E-3 1.10094E-3 1.72357E-3 1.9901E-3 1.98009E-3 2.1691E-3 2.29805E-3 1.24766E-3 8.79926E-4 8.55478E-4 8.45401E-4 8.55003E-4 8.69066E-4 9.43172E-4 1.10012E-3 1.39808E-3 1.23928E-3 1.22793E-3 1.08732E-3 1.14476E-3 1.10381E-3 1.16568E-3 1.18078E-3 1.14963E-3 1.07125E-3 1.06591E-3 1.09043E-3 1.11645E-3 1.18476E-3 1.09567E-3 1.12727E-3 1.09192E-3 1.10819E-3 1.1039E-3 1.11916E-3 1.07033E-3 1.02317E-3 1.02482E-3 1.02977E-3 9.90433E-4 9.674E-4 1.01253E-3 1.04191E-3 1.00034E-3 9.15311E-4 9.39612E-4 9.54852E-4 1.02376E-3 9.91552E-4 1.01768E-3 1.02323E-3 1.00554E-3 9.00083E-4 9.39249E-4 9.48978E-4 9.12891E-4 9.0382E-4 8.812E-4 8.43622E-4 8.52658E-4 8.47956E-4
