maxent_outputs/red_flowers_linear/red_157.asc
ncols         426
nrows         180
xllcorner     -130.0
yllcorner     24.0
cellsize      0.16666666666666666
NODATA_value  -9999
[rows 27 to 53 of 180, columns 244 to 304 of 426]
3.61221E-1 3.57317E-1 3.76549E-1 4.10904E-1 4.41508E-1 4.66471E-1 4.50646E-1 4.03708E-1 3.99023E-1 3.96764E-1 3.90146E-1 4.0394E-1 4.0639E-1 4.00511E-1 4.49297E-1 4.06854E-1 3.99364E-1 3.93245E-1 3.95751E-1 3.93501E-1 3.84096E-1 3.88282E-1 3.97497E-1 3.83098E-1 3.78346E-1 3.98312E-1 3.82162E-1 3.77853E-1 3.76254E-1 3.69194E-1 3.72151E-1 3.72791E-1 3.78694E-1 3.81409E-1 3.85786E-1 3.80514E-1 3.77831E-1 3.82427E-1 3.79845E-1 3.79905E-1 3.78898E-1 3.79049E-1 3.88536E-1 3.87691E-1 3.76025E-1 3.73615E-1 3.78537E-1 3.85601E-1 3.89661E-1 3.88658E-1 3.84428E-1 3.91889E-1 3.95304E-1 3.94249E-1 3.95037E-1 3.9002E-1 3.7706E-1 3.71857E-1 3.70863E-1 3.69026E-1 3.68473E-1
3.66371E-1 3.72687E-1 3.7878E-1 3.67873E-1 3.72011E-1 3.94322E-1 3.94701E-1 3.95755E-1 4.01992E-1 3.94077E-1 3.82705E-1 4.13983E-1 3.99277E-1 4.17493E-1 3.99343E-1 3.92233E-1 4.01609E-1 4.16024E-1 4.03967E-1 3.99522E-1 4.04013E-1 3.89326E-1 3.93234E-1 4.01872E-1 3.98807E-1 3.9822E-1 3.84861E-1 3.81631E-1 3.80261E-1 3.74667E-1 3.73388E-1 3.79326E-1 3.76208E-1 3.81048E-1 3.80743E-1 3.80528E-1 3.80365E-1 3.79983E-1 3.70105E-1 3.71901E-1 3.79601E-1 3.78696E-1 3.82091E-1 3.84383E-1 3.8551E-1 3.86615E-1 3.85555E-1 3.85855E-1 3.93809E-1 3.90926E-1 3.84162E-1 3.88984E-1 3.92246E-1 3.83738E-1 3.89234E-1 3.88384E-1 3.77552E-1 3.74394E-1 3.81608E-1 3.71287E-1 3.78541E-1
3.70318E-1 3.74472E-1 3.80386E-1 3.7971E-1 3.79569E-1 3.89805E-1 4.15424E-1 4.12945E-1 4.00749E-1 4.08769E-1 4.26686E-1 4.35096E-1 4.21353E-1 4.2725E-1 3.96041E-1 4.03041E-1 4.38711E-1 4.47325E-1 4.32061E-1 4.13897E-1 3.96064E-1 4.02064E-1 4.00936E-1 4.1751E-1 4.22227E-1 4.07057E-1 3.90345E-1 3.91945E-1 3.89547E-1 3.91154E-1 3.92776E-1 3.85118E-1 3.81781E-1 3.83192E-1 3.8065E-1 3.8733E-1 3.89035E-1 3.96948E-1 3.89139E-1 3.86476E-1 3.95614E-1 3.82973E-1 3.80232E-1 3.84417E-1 3.86115E-1 3.92391E-1 3.90769E-1 3.84063E-1 3.86794E-1 3.85354E-1 3.80489E-1 3.83511E-1 3.83895E-1 3.86276E-1 3.8959E-1 3.89877E-1 3.83767E-1 3.89023E-1 3.96007E-1 3.78893E-1 3.79048E-1
3.70235E-1 3.72064E-1 3.8799E-1 3.90006E-1 3.92699E-1 4.01206E-1 4.46811E-1 4.90848E-1 4.90594E-1 5.21125E-1 5.10148E-1 4.81435E-1 4.673E-1 4.69867E-1 4.79906E-1 4.48542E-1 4.44832E-1 4.59332E-1 4.49465E-1 4.39658E-1 4.15785E-1 4.24882E-1 4.19195E-1 4.09139E-1 4.06381E-1 3.94896E-1 4.07429E-1 4.05713E-1 3.96617E-1 4.25302E-1 3.96632E-1 3.93006E-1 3.89801E-1 3.8568E-1 3.89867E-1 4.00166E-1 3.90062E-1 3.82107E-1 3.87794E-1 3.91491E-1 3.90033E-1 3.9052E-1 3.82702E-1 3.8002E-1 3.81487E-1 3.89038E-1 3.88707E-1 3.83314E-1 3.82662E-1 3.8563E-1 3.80085E-1 3.84217E-1 3.76983E-1 3.83775E-1 3.88092E-1 4.23777E-1 4.22021E-1 3.99893E-1 3.98974E-1 3.79788E-1 3.79249E-1
3.84534E-1 3.78847E-1 3.94916E-1 3.99944E-1 4.17391E-1 4.65829E-1 4.34272E-1 4.83005E-1 5.35328E-1 5.86716E-1 6.36154E-1 6.61003E-1 6.26712E-1 5.92585E-1 6.09979E-1 6.06907E-1 5.77542E-1 5.66005E-1 4.79069E-1 4.3782E-1 4.21492E-1 4.30375E-1 4.40929E-1 4.0722E-1 4.05243E-1 4.15165E-1 4.166E-1 4.19812E-1 4.00787E-1 4.08593E-1 4.03658E-1 4.04683E-1 4.02827E-1 3.91801E-1 3.98413E-1 4.00186E-1 4.01328E-1 3.9186E-1 3.86515E-1 3.9326E-1 3.84845E-1 3.89578E-1 3.87747E-1 3.86821E-1 3.8551E-1 3.80335E-1 3.82012E-1 3.82086E-1 3.82237E-1 3.85524E-1 3.88156E-1 3.78941E-1 3.8387E-1 3.93745E-1 4.00789E-1 4.3077E-1 4.41022E-1 4.1248E-1 4.32414E-1 3.89243E-1 3.79971E-1
4.0769E-1 4.29592E-1 4.70602E-1 4.70762E-1 4.99846E-1 5.17828E-1 6.21E-1 6.94667E-1 7.3719E-1 7.47815E-1 7.57724E-1 7.64573E-1 7.63226E-1 7.54788E-1 7.47025E-1 7.54033E-1 7.42999E-1 7.24661E-1 5.71109E-1 4.59012E-1 4.41961E-1 4.24231E-1 4.19093E-1 4.16886E-1 4.19969E-1 4.36579E-1 4.1853E-1 4.14018E-1 4.29897E-1 4.12523E-1 4.21532E-1 4.01154E-1 4.06462E-1 4.04682E-1 3.98899E-1 3.99774E-1 4.00952E-1 3.95126E-1 3.99608E-1 3.96244E-1 3.94696E-1 3.87295E-1 3.88791E-1 3.89747E-1 3.93484E-1 3.89248E-1 3.95313E-1 3.86603E-1 3.8258E-1 3.84644E-1 3.99551E-1 3.87983E-1 3.8176E-1 3.84188E-1 3.88319E-1 3.88078E-1 4.10618E-1 4.18962E-1 4.26361E-1 4.12516E-1 3.98718E-1
4.38669E-1 5.76496E-1 5.85558E-1 5.31311E-1 6.04902E-1 6.83893E-1 7.29122E-1 7.41342E-1 7.52402E-1 7.5825E-1 7.66685E-1 7.75456E-1 7.77393E-1 7.7505E-1 7.77065E-1 7.75429E-1 7.62798E-1 7.46069E-1 6.77584E-1 5.02061E-1 4.64069E-1 4.52678E-1 4.40354E-1 4.40368E-1 4.3842E-1 4.37809E-1 4.26806E-1 4.30244E-1 4.2428E-1 4.28232E-1 4.41619E-1 4.32735E-1 4.24782E-1 4.44196E-1 4.31258E-1 4.21499E-1 4.16713E-1 4.00124E-1 4.08847E-1 4.03199E-1 3.96223E-1 3.91393E-1 3.96033E-1 3.94934E-1 3.99992E-1 4.01587E-1 3.966E-1 3.96204E-1 3.93866E-1 4.01027E-1 4.07554E-1 3.99658E-1 4.01402E-1 4.02904E-1 3.95855E-1 3.95053E-1 4.12491E-1 4.09602E-1 4.13949E-1 4.1873E-1 4.25447E-1
5.26739E-1 5.96013E-1 6.54503E-1 6.89865E-1 7.04681E-1 7.03989E-1 7.30341E-1 7.4824E-1 7.57819E-1 7.65785E-1 7.76052E-1 7.82165E-1 7.84799E-1 7.84356E-1 7.83981E-1 7.83234E-1 7.76541E-1 7.64158E-1 7.35281E-1 5.68275E-1 4.79349E-1 4.69804E-1 4.60201E-1 4.46516E-1 4.4513E-1 4.494E-1 4.44379E-1 4.44285E-1 4.39269E-1 4.3416E-1 4.53392E-1 4.54217E-1 4.36803E-1 4.28521E-1 4.21363E-1 4.22956E-1 4.27651E-1 4.08221E-1 4.00431E-1 4.02886E-1 4.09843E-1 4.0329E-1 4.04682E-1 3.99886E-1 4.01546E-1 4.04999E-1 4.0184E-1 4.04797E-1 4.0449E-1 4.06451E-1 4.02907E-1 3.9999E-1 4.14408E-1 4.13448E-1 4.1982E-1 4.19816E-1 4.19708E-1 4.18319E-1 4.26413E-1 4.34094E-1 4.23424E-1
6.61658E-1 6.87496E-1 6.35404E-1 6.01683E-1 6.04356E-1 6.82933E-1 7.29644E-1 7.52709E-1 7.63452E-1 7.75819E-1 7.86623E-1 7.90896E-1 7.91835E-1 7.9128E-1 7.90518E-1 7.88755E-1 7.86063E-1 7.77565E-1 7.58564E-1 6.92157E-1 5.72061E-1 4.99839E-1 4.85287E-1 4.8724E-1 4.78874E-1 4.79323E-1 4.85726E-1 4.63164E-1 4.6165E-1 4.68414E-1 4.53565E-1 4.53698E-1 4.5147E-1 4.35349E-1 4.35102E-1 4.44949E-1 4.42208E-1 4.28597E-1 4.0812E-1 4.18806E-1 4.2016E-1 4.19837E-1 4.31892E-1 4.11418E-1 4.07829E-1 3.99818E-1 4.03307E-1 4.1253E-1 4.0764E-1 4.12498E-1 4.14354E-1 4.20343E-1 4.28014E-1 4.16917E-1 4.18459E-1 4.23775E-1 4.21324E-1 4.27928E-1 4.34286E-1 4.29249E-1 4.25786E-1
6.60505E-1 5.76576E-1 6.1343E-1 6.69028E-1 7.06184E-1 7.24072E-1 7.38705E-1 7.53611E-1 7.68311E-1 7.83895E-1 7.90787E-1 7.92412E-1 7.92256E-1 7.93689E-1 7.88944E-1 7.88506E-1 7.88889E-1 7.83144E-1 7.71578E-1 7.5003E-1 7.33784E-1 6.71192E-1 6.46182E-1 6.47047E-1 6.69068E-1 6.87364E-1 6.23118E-1 5.13307E-1 4.84928E-1 4.67548E-1 4.64101E-1 4.42738E-1 4.63866E-1 4.54034E-1 4.52898E-1 4.49446E-1 4.50154E-1 4.2569E-1 4.23175E-1 4.25637E-1 4.22858E-1 4.24523E-1 4.14812E-1 4.08998E-1 4.13862E-1 4.09917E-1 4.25203E-1 4.299E-1 4.28271E-1 4.28703E-1 4.28607E-1 4.2945E-1 4.21584E-1 4.15303E-1 4.22762E-1 4.18538E-1 4.09921E-1 4.25701E-1 4.28821E-1 4.31548E-1 4.30266E-1
6.92538E-1 6.82814E-1 7.10553E-1 7.15358E-1 7.22815E-1 7.34667E-1 7.43773E-1 7.54903E-1 7.7119E-1 7.78523E-1 7.81926E-1 7.83163E-1 7.90964E-1 7.95366E-1 7.91284E-1 7.90419E-1 7.89515E-1 7.85858E-1 7.79471E-1 7.6819E-1 6.87802E-1 6.28047E-1 6.76513E-1 7.47135E-1 7.42751E-1 7.35016E-1 5.83183E-1 5.16385E-1 4.8671E-1 4.81223E-1 4.84861E-1 4.68655E-1 4.54478E-1 4.46065E-1 4.6132E-1 4.37519E-1 4.31691E-1 4.17079E-1 4.27364E-1 4.35144E-1 4.2936E-1 4.15616E-1 4.34132E-1 4.40805E-1 4.26886E-1 4.17826E-1 4.28655E-1 4.37075E-1 4.26501E-1 4.35404E-1 4.31719E-1 4.25711E-1 4.24386E-1 4.2375E-1 4.25028E-1 4.24301E-1 4.12065E-1 4.06621E-1 4.16921E-1 4.17708E-1 4.28591E-1
6.98353E-1 7.06606E-1 7.11761E-1 7.16705E-1 7.29551E-1 7.2946E-1 7.34832E-1 7.1588E-1 7.13903E-1 7.37009E-1 7.54428E-1 7.66945E-1 7.79958E-1 7.90053E-1 7.90742E-1 7.89365E-1 7.8923E-1 7.85612E-1 7.79968E-1 7.74023E-1 7.6864E-1 7.55688E-1 7.60106E-1 7.5816E-1 7.51857E-1 7.30535E-1 5.87524E-1 5.38726E-1 5.0405E-1 4.97393E-1 4.85707E-1 4.78447E-1 4.55315E-1 4.61183E-1 4.64984E-1 4.44108E-1 4.39714E-1 4.30439E-1 4.27354E-1 4.26188E-1 4.29383E-1 4.24147E-1 4.33357E-1 4.26267E-1 4.29135E-1 4.31256E-1 4.28439E-1 4.34314E-1 4.33624E-1 4.27794E-1 4.35869E-1 4.42218E-1 4.34018E-1 4.3777E-1 4.38673E-1 4.34111E-1 4.27805E-1 4.16447E-1 4.28007E-1 4.22018E-1 4.38538E-1
6.96781E-1 7.00679E-1 6.9566E-1 7.02297E-1 6.98857E-1 6.53198E-1 5.91174E-1 5.80923E-1 5.99974E-1 6.23228E-1 6.82322E-1 7.26737E-1 7.60116E-1 7.80442E-1 7.83952E-1 7.86462E-1 7.87092E-1 7.84658E-1 7.78949E-1 7.75773E-1 7.75597E-1 7.57828E-1 7.79171E-1 7.76048E-1 7.66122E-1 7.4916E-1 7.11877E-1 6.493E-1 5.57559E-1 5.09697E-1 4.91854E-1 4.86311E-1 4.70949E-1 4.72492E-1 4.73223E-1 4.73774E-1 4.56647E-1 4.56152E-1 4.51549E-1 4.60034E-1 4.54598E-1 4.41434E-1 4.31749E-1 4.3671E-1 4.25091E-1 4.28263E-1 4.31671E-1 4.27989E-1 4.18705E-1 4.25411E-1 4.3483E-1 4.55566E-1 4.52827E-1 4.53212E-1 4.53082E-1 4.50709E-1 4.47393E-1 4.38345E-1 4.68508E-1 4.301E-1 4.2683E-1
6.89704E-1 6.85615E-1 6.69097E-1 6.43129E-1 5.81058E-1 5.36454E-1 5.45225E-1 6.0978E-1 6.64349E-1 6.90197E-1 6.94944E-1 7.05394E-1 7.28205E-1 7.56321E-1 7.69728E-1 7.77754E-1 7.80295E-1 7.80226E-1 7.76703E-1 7.74018E-1 7.79107E-1 7.77774E-1 7.84578E-1 7.82771E-1 7.77177E-1 7.63596E-1 7.46546E-1 7.0488E-1 5.92877E-1 5.2014E-1 5.04289E-1 4.79987E-1 4.77359E-1 4.78414E-1 4.87031E-1 4.84174E-1 4.74691E-1 4.62726E-1 4.55313E-1 4.55752E-1 4.65362E-1 4.59748E-1 4.67421E-1 4.54156E-1 4.36116E-1 4.29612E-1 4.44663E-1 4.32628E-1 4.38062E-1 4.53183E-1 4.47176E-1 4.54874E-1 4.60036E-1 4.52604E-1 4.66692E-1 4.57621E-1 4.56673E-1 4.50559E-1 4.57276E-1 4.57035E-1 4.37417E-1
6.62613E-1 6.39395E-1 5.9521E-1 5.44842E-1 5.13982E-1 5.33628E-1 6.22714E-1 6.7451E-1 6.8567E-1 6.89271E-1 6.94067E-1 7.04456E-1 7.20105E-1 7.37E-1 7.54484E-1 7.67126E-1 7.70715E-1 7.68845E-1 7.66952E-1 7.66684E-1 7.73686E-1 7.78252E-1 7.8126E-1 7.80362E-1 7.74978E-1 7.63707E-1 7.42969E-1 6.47391E-1 5.44558E-1 5.21058E-1 5.05092E-1 4.90068E-1 4.91235E-1 4.98767E-1 4.96224E-1 4.8417E-1 4.80678E-1 4.7052E-1 4.56364E-1 4.50163E-1 4.67138E-1 4.64763E-1 4.53019E-1 4.55467E-1 4.47609E-1 4.38893E-1 4.5665E-1 4.60068E-1 4.62109E-1 4.61511E-1 4.43029E-1 4.46884E-1 4.57E-1 4.55961E-1 4.681E-1 4.83128E-1 4.62459E-1 4.60054E-1 4.60401E-1 4.75428E-1 4.62548E-1
5.5132E-1 5.26143E-1 5.13002E-1 5.04786E-1 5.00148E-1 5.55948E-1 5.84866E-1 5.78305E-1 5.93844E-1 6.35443E-1 6.79924E-1 7.0429E-1 7.12406E-1 7.23637E-1 7.39024E-1 7.52812E-1 7.51586E-1 7.48709E-1 7.49883E-1 7.47034E-1 7.4876E-1 7.59718E-1 7.59785E-1 7.52786E-1 7.46607E-1 7.39906E-1 7.32886E-1 6.7455E-1 6.13187E-1 5.58809E-1 5.23281E-1 5.09431E-1 5.06447E-1 5.05797E-1 5.09714E-1 4.93963E-1 4.97676E-1 4.95034E-1 4.81218E-1 4.6444E-1 4.70279E-1 4.75814E-1 4.5843E-1 4.63165E-1 4.75342E-1 4.66073E-1 4.68861E-1 4.59971E-1 4.61456E-1 4.60461E-1 4.57578E-1 4.63049E-1 4.67685E-1 4.6741E-1 4.80534E-1 4.9516E-1 4.77168E-1 4.62716E-1 4.62616E-1 4.62079E-1 4.81837E-1
4.88697E-1 4.75675E-1 4.83082E-1 4.895E-1 4.94493E-1 5.11332E-1 5.11986E-1 5.14853E-1 5.20144E-1 5.4599E-1 5.7874E-1 6.85574E-1 7.02838E-1 7.08216E-1 7.1936E-1 7.28196E-1 7.23594E-1 7.22383E-1 7.1088E-1 6.91309E-1 6.61994E-1 6.62587E-1 6.89574E-1 6.46539E-1 6.16972E-1 5.94972E-1 6.73433E-1 7.00856E-1 6.50704E-1 5.62767E-1 5.17748E-1 5.11142E-1 5.14838E-1 5.08889E-1 5.08065E-1 5.00098E-1 4.95363E-1 4.9911E-1 4.92986E-1 4.9616E-1 4.86655E-1 4.8063E-1 4.89688E-1 4.84723E-1 4.85901E-1 4.86132E-1 4.79112E-1 4.67727E-1 4.67375E-1 4.65084E-1 4.67768E-1 5.43891E-1 4.91889E-1 4.81267E-1 4.69057E-1 4.70289E-1 4.80269E-1 4.72111E-1 4.61938E-1 4.60405E-1 4.68472E-1
4.61994E-1 4.69728E-1 4.67312E-1 4.78742E-1 4.66023E-1 4.70936E-1 4.75155E-1 4.80058E-1 4.86007E-1 5.03777E-1 5.28144E-1 5.81565E-1 6.74056E-1 6.66288E-1 6.8393E-1 6.88073E-1 6.7901E-1 6.45433E-1 5.83235E-1 5.56072E-1 5.56972E-1 5.48425E-1 5.33656E-1 5.29821E-1 5.35676E-1 5.44953E-1 6.64787E-1 6.89503E-1 6.40021E-1 5.31545E-1 5.14836E-1 5.20204E-1 5.21958E-1 5.10597E-1 5.08925E-1 5.14927E-1 5.1094E-1 5.12919E-1 5.06403E-1 5.12873E-1 5.01152E-1 5.07166E-1 5.02101E-1 5.02426E-1 5.02225E-1 5.01472E-1 4.92719E-1 4.91991E-1 4.75555E-1 4.60862E-1 4.4781E-1 4.62524E-1 4.83703E-1 4.8217E-1 4.79978E-1 4.77681E-1 4.74937E-1 4.7564E-1 4.74926E-1 4.74339E-1 4.68888E-1
4.63069E-1 4.63425E-1 4.65007E-1 4.57941E-1 4.51914E-1 4.50956E-1 4.64872E-1 4.65012E-1 4.61016E-1 4.76501E-1 4.85774E-1 4.94325E-1 5.23794E-1 5.44719E-1 5.63588E-1 5.78812E-1 5.74322E-1 5.58293E-1 5.39365E-1 5.13607E-1 5.086E-1 5.31663E-1 5.20876E-1 5.20447E-1 5.33643E-1 5.38866E-1 5.62858E-1 5.61302E-1 5.48005E-1 5.10436E-1 5.14911E-1 5.19224E-1 5.16674E-1 5.08452E-1 5.04292E-1 5.10539E-1 5.09219E-1 5.11756E-1 5.19556E-1 5.11175E-1 5.15535E-1 5.20505E-1 5.02736E-1 5.03635E-1 5.00256E-1 4.99748E-1 4.96449E-1 5.00733E-1 4.9257E-1 4.7845E-1 4.69499E-1 4.81972E-1 4.94345E-1 4.87313E-1 4.84201E-1 4.90549E-1 4.91253E-1 4.8532E-1 4.76537E-1 4.70403E-1 4.70609E-1
4.51604E-1 4.51358E-1 4.62776E-1 4.53941E-1 4.44406E-1 4.44422E-1 4.57584E-1 4.61112E-1 4.69987E-1 4.81206E-1 4.87098E-1 4.79398E-1 5.01295E-1 5.12094E-1 5.0845E-1 5.18067E-1 5.41564E-1 5.44787E-1 5.1877E-1 5.11429E-1 5.38405E-1 5.58271E-1 5.41626E-1 5.30216E-1 5.4807E-1 5.43059E-1 5.26273E-1 5.26632E-1 5.02581E-1 5.05237E-1 5.19732E-1 5.33516E-1 5.27291E-1 5.74952E-1 5.88874E-1 5.75334E-1 5.52797E-1 5.29142E-1 5.29583E-1 5.35499E-1 5.18369E-1 5.23152E-1 5.15519E-1 5.09621E-1 5.1107E-1 5.07065E-1 5.13411E-1 5.29011E-1 5.33554E-1 5.07596E-1 5.01859E-1 4.98533E-1 5.03062E-1 5.01326E-1 5.02739E-1 5.14787E-1 5.26445E-1 5.34355E-1 5.40786E-1 4.92396E-1 4.67887E-1
4.35164E-1 4.47598E-1 4.52898E-1 4.50053E-1 4.39866E-1 4.48903E-1 4.49564E-1 4.57635E-1 4.69522E-1 4.74163E-1 4.78571E-1 4.77494E-1 4.9051E-1 5.0214E-1 5.08693E-1 5.23124E-1 5.3483E-1 5.37598E-1 5.33457E-1 5.36341E-1 5.51021E-1 5.65824E-1 5.71307E-1 5.9902E-1 5.87896E-1 5.72216E-1 5.59998E-1 5.56997E-1 5.55292E-1 5.30939E-1 5.21786E-1 5.3449E-1 5.59139E-1 5.68206E-1 5.82639E-1 6.4236E-1 6.50938E-1 6.43878E-1 6.35071E-1 6.34991E-1 6.25246E-1 6.09346E-1 5.91178E-1 5.72234E-1 5.4844E-1 5.45246E-1 5.48306E-1 5.38422E-1 5.29951E-1 5.2113E-1 5.14248E-1 5.06745E-1 5.13478E-1 5.13402E-1 5.13414E-1 5.08437E-1 5.03991E-1 5.02152E-1 4.976E-1 4.7822E-1 4.74031E-1
4.33817E-1 4.45043E-1 4.5434E-1 4.5795E-1 4.57769E-1 4.57879E-1 4.49605E-1 4.52191E-1 4.64029E-1 4.68759E-1 4.71886E-1 4.76799E-1 4.83908E-1 4.99655E-1 5.06984E-1 5.29255E-1 5.41892E-1 5.36813E-1 5.96579E-1 6.27905E-1 6.24903E-1 6.45803E-1 6.60626E-1 6.57181E-1 6.51468E-1 6.432E-1 5.96173E-1 5.76602E-1 6.05585E-1 6.32371E-1 6.45445E-1 6.52941E-1 6.46534E-1 6.22388E-1 6.03972E-1 5.91042E-1 5.9394E-1 5.95165E-1 5.75297E-1 5.95423E-1 5.77895E-1 5.65039E-1 5.67401E-1 5.87998E-1 5.49291E-1 6.116E-1 6.40808E-1 6.61566E-1 6.33776E-1 6.04242E-1 5.85824E-1 5.26478E-1 5.24037E-1 5.27893E-1 5.26622E-1 5.21079E-1 5.14549E-1 5.09689E-1 5.06957E-1 4.97913E-1 4.99834E-1
4.2859E-1 4.36992E-1 4.54077E-1 4.52031E-1 4.54375E-1 4.52353E-1 4.49948E-1 4.49927E-1 4.53897E-1 4.62094E-1 4.64761E-1 4.77104E-1 4.90052E-1 5.31607E-1 5.58442E-1 5.79916E-1 5.72224E-1 6.30403E-1 6.78291E-1 6.9794E-1 6.95224E-1 6.68429E-1 6.07043E-1 6.11268E-1 6.59329E-1 6.30462E-1 5.8359E-1 5.65917E-1 5.65592E-1 5.82245E-1 6.65795E-1 6.9085E-1 6.98754E-1 7.02783E-1 7.0564E-1 7.01341E-1 7.0056E-1 6.86544E-1 6.76725E-1 6.79511E-1 6.56157E-1 5.9143E-1 5.77265E-1 5.74262E-1 5.91803E-1 5.88726E-1 6.55573E-1 7.23616E-1 7.2273E-1 7.18269E-1 7.17578E-1 6.88098E-1 5.48555E-1 5.37901E-1 5.49512E-1 5.44351E-1 5.27772E-1 5.229E-1 5.18799E-1 5.16606E-1 5.16156E-1
4.38197E-1 4.38223E-1 4.47546E-1 4.58705E-1 4.55586E-1 4.54664E-1 4.50433E-1 4.50753E-1 4.58968E-1 4.66826E-1 4.69913E-1 4.91962E-1 5.52548E-1 6.26676E-1 6.31305E-1 6.17922E-1 6.33946E-1 6.87687E-1 6.94236E-1 6.95987E-1 6.90657E-1 6.79881E-1 6.2716E-1 6.61231E-1 6.71897E-1 6.01987E-1 5.55694E-1 5.47341E-1 5.44356E-1 5.41481E-1 5.60425E-1 6.19297E-1 6.70129E-1 6.93029E-1 6.98306E-1 7.03549E-1 7.09921E-1 7.13429E-1 7.10191E-1 7.23686E-1 7.27208E-1 7.25684E-1 7.04264E-1 6.55824E-1 6.40166E-1 6.46338E-1 7.24452E-1 7.24398E-1 7.32718E-1 7.31899E-1 7.31197E-1 7.30796E-1 6.76891E-1 5.82463E-1 5.6409E-1 5.57988E-1 5.42229E-1 5.39407E-1 5.33312E-1 5.22575E-1 5.28943E-1
4.48028E-1 4.45322E-1 4.52182E-1 4.55701E-1 4.59537E-1 4.59283E-1 4.52536E-1 4.53031E-1 4.57941E-1 4.69402E-1 4.75309E-1 5.1291E-1 6.04882E-1 6.28964E-1 5.99198E-1 6.30135E-1 6.74676E-1 6.90634E-1 6.93031E-1 6.93031E-1 6.71251E-1 6.66618E-1 6.86943E-1 6.83747E-1 6.60851E-1 6.05611E-1 5.588E-1 5.47557E-1 5.4822E-1 5.37239E-1 5.38335E-1 5.41611E-1 5.54132E-1 5.97366E-1 6.45485E-1 6.8473E-1 7.00312E-1 7.08283E-1 7.17086E-1 7.18665E-1 7.23071E-1 7.27673E-1 7.33138E-1 7.35791E-1 7.24166E-1 7.0292E-1 7.34958E-1 7.37476E-1 7.4093E-1 7.41144E-1 7.42063E-1 7.39395E-1 7.33012E-1 6.7087E-1 5.8694E-1 5.92939E-1 5.58834E-1 5.48902E-1 5.4932E-1 5.40404E-1 5.40327E-1
4.39943E-1 4.34943E-1 4.52063E-1 4.5338E-1 4.57643E-1 4.59398E-1 4.59158E-1 4.5693E-1 4.63964E-1 4.826E-1 5.05068E-1 5.75767E-1 6.08246E-1 5.7517E-1 6.193E-1 6.65064E-1 6.79157E-1 6.86235E-1 6.88677E-1 6.80018E-1 6.83554E-1 6.83944E-1 6.5259E-1 6.41719E-1 5.76616E-1 5.66078E-1 5.46772E-1 5.48868E-1 5.25507E-1 5.27838E-1 5.19042E-1 5.26289E-1 5.30656E-1 5.3309E-1 5.54512E-1 5.92384E-1 6.77233E-1 7.00679E-1 7.08385E-1 7.12441E-1 7.16801E-1 7.24475E-1 7.29436E-1 7.328E-1 7.36141E-1 7.11622E-1 6.84089E-1 6.90879E-1 7.2064E-1 7.40197E-1 7.4097E-1 7.41275E-1 7.40917E-1 7.33416E-1 6.63065E-1 6.18817E-1 5.73267E-1 5.75177E-1 5.74383E-1 5.62204E-1 5.48202E-1
4.44074E-1 4.38478E-1 4.59202E-1 4.6297E-1 4.73642E-1 4.59074E-1 4.57156E-1 4.57173E-1 4.69571E-1 4.98677E-1 5.58541E-1 6.1637E-1 5.54281E-1 5.88408E-1 6.62403E-1 6.71655E-1 6.76083E-1 6.82813E-1 6.85183E-1 6.40777E-1 6.57491E-1 6.45439E-1 5.98708E-1 6.22282E-1 5.66007E-1 5.44503E-1 5.29546E-1 5.2265E-1 5.14677E-1 5.2013E-1 5.21037E-1 5.26142E-1 5.24756E-1 5.36635E-1 5.51402E-1 5.72025E-1 6.30842E-1 6.91468E-1 7.02655E-1 7.06579E-1 7.11293E-1 7.1979E-1 7.25317E-1 7.30556E-1 7.34951E-1 7.34764E-1 7.1039E-1 6.47796E-1 6.88719E-1 7.37116E-1 7.41737E-1 7.4635E-1 7.46584E-1 7.43983E-1 7.40982E-1 6.74667E-1 5.97892E-1 5.87066E-1 6.00459E-1 5.76886E-1 5.52661E-1
