maxent_outputs/red_flowers_linear/red_14.asc
ncols         426
nrows         180
xllcorner     -130.0
yllcorner     24.0
cellsize      0.16666666666666666
NODATA_value  -9999
[rows 54 to 80 of 180, columns 61 to 121 of 426]
9.40129E-2 9.14355E-2 9.61404E-2 9.57523E-2 8.83404E-2 8.07428E-2 8.09121E-2 6.63196E-2 5.59737E-2 4.83514E-2 5.31072E-2 4.30165E-2 4.9099E-2 5.39974E-2 5.51053E-2 5.69323E-2 5.27322E-2 6.52884E-2 5.47459E-2 3.81606E-2 4.37045E-2 3.5586E-2 2.94842E-2 2.84633E-2 3.56615E-2 3.0032E-2 2.52926E-2 2.40272E-2 2.39954E-2 2.41922E-2 2.53747E-2 2.3808E-2 2.62284E-2 2.47643E-2 2.93606E-2 3.30648E-2 2.638E-2 2.52956E-2 3.01233E-2 2.92684E-2 3.72895E-2 3.83035E-2 3.41404E-2 2.10538E-2 2.90103E-2 2.26165E-2 1.83268E-2 1.19078E-2 1.32783E-2 1.29709E-2 8.93699E-3 7.92681E-3 7.17878E-3 7.2891E-3 8.39767E-3 7.93717E-3 7.42536E-3 7.36134E-3 8.47647E-3 9.26162E-3 1.19767E-2
9.66865E-2 1.02092E-1 9.83655E-2 8.15296E-2 7.68673E-2 7.89943E-2 6.45572E-2 5.40872E-2 5.41301E-2 5.44434E-2 5.00577E-2 5.37277E-2 4.66595E-2 5.03571E-2 5.21897E-2 6.14802E-2 7.429E-2 6.37997E-2 4.49176E-2 4.62435E-2 4.15863E-2 3.93085E-2 2.80414E-2 3.18736E-2 2.97574E-2 2.60475E-2 2.51763E-2 2.26719E-2 2.42751E-2 2.58427E-2 2.51529E-2 2.41265E-2 2.60632E-2 2.11375E-2 2.54563E-2 2.60245E-2 2.35036E-2 2.41024E-2 2.76339E-2 2.42149E-2 2.73158E-2 2.49822E-2 2.86435E-2 2.49231E-2 1.84512E-2 1.53324E-2 1.19048E-2 1.05878E-2 1.09771E-2 1.01127E-2 8.43539E-3 7.69021E-3 5.54979E-3 6.29556E-3 7.17547E-3 7.32222E-3 7.99843E-3 8.20994E-3 8.03264E-3 8.63513E-3 1.23206E-2
8.16337E-2 9.56518E-2 8.83284E-2 7.40558E-2 7.80229E-2 7.70879E-2 7.72277E-2 6.19011E-2 5.19897E-2 4.68246E-2 4.49329E-2 5.28989E-2 4.85609E-2 4.75569E-2 5.40236E-2 5.95869E-2 6.63366E-2 5.34703E-2 4.53885E-2 3.82445E-2 4.0185E-2 4.45416E-2 3.89026E-2 3.60725E-2 3.18727E-2 2.64126E-2 2.38054E-2 2.39823E-2 2.413E-2 2.38167E-2 2.20322E-2 2.1911E-2 2.3837E-2 2.65645E-2 2.51938E-2 2.62597E-2 2.32615E-2 2.12479E-2 2.35527E-2 2.23947E-2 2.08738E-2 1.83604E-2 1.99309E-2 2.17566E-2 1.5552E-2 1.17658E-2 1.19597E-2 1.40559E-2 1.39864E-2 1.13E-2 9.69088E-3 7.75351E-3 6.84357E-3 6.57484E-3 6.70438E-3 7.14464E-3 8.12502E-3 7.04009E-3 8.47423E-3 9.56555E-3 1.20427E-2
7.26484E-2 8.69095E-2 8.97372E-2 8.99626E-2 8.94959E-2 7.96059E-2 6.94326E-2 6.97282E-2 5.83351E-2 4.38964E-2 3.88825E-2 4.31029E-2 4.09856E-2 4.60117E-2 4.77324E-2 7.59944E-2 5.96353E-2 5.7451E-2 5.40132E-2 4.05772E-2 4.25322E-2 4.76956E-2 3.46321E-2 3.90779E-2 3.90665E-2 2.88161E-2 2.16217E-2 2.15213E-2 1.98657E-2 2.00887E-2 1.99411E-2 1.99902E-2 2.1473E-2 2.67153E-2 2.70763E-2 2.10993E-2 2.34439E-2 2.07478E-2 2.01398E-2 2.01348E-2 1.74255E-2 1.93754E-2 1.86978E-2 1.6161E-2 1.53724E-2 1.52818E-2 1.60186E-2 1.30541E-2 1.16994E-2 1.00888E-2 9.64227E-3 8.46436E-3 7.17262E-3 6.89806E-3 7.57087E-3 7.04098E-3 8.972E-3 8.43681E-3 9.0991E-3 1.28001E-2 1.60865E-2
5.40035E-2 6.62361E-2 7.62067E-2 6.95473E-2 5.27929E-2 6.3773E-2 5.50097E-2 4.90655E-2 5.14997E-2 4.74293E-2 4.71339E-2 4.11469E-2 4.29465E-2 5.51558E-2 5.99475E-2 6.95602E-2 7.35101E-2 7.83694E-2 7.62626E-2 5.50585E-2 4.81416E-2 4.44826E-2 4.72226E-2 5.24414E-2 3.75373E-2 3.34431E-2 2.66082E-2 2.64998E-2 2.14496E-2 1.77595E-2 2.16681E-2 2.17566E-2 2.12513E-2 2.13243E-2 1.83035E-2 1.81206E-2 1.85353E-2 1.78263E-2 1.81561E-2 1.80502E-2 1.65778E-2 1.75412E-2 1.84811E-2 2.00716E-2 2.23924E-2 2.04134E-2 1.72363E-2 1.33548E-2 1.23542E-2 1.36084E-2 1.06766E-2 9.90367E-3 7.999E-3 8.35889E-3 8.35848E-3 6.85039E-3 6.79697E-3 7.26023E-3 7.76138E-3 8.70094E-3 1.19941E-2
5.91978E-2 6.04557E-2 6.50472E-2 6.18563E-2 4.88762E-2 4.17011E-2 5.72003E-2 4.50896E-2 4.80453E-2 4.44991E-2 4.50192E-2 4.58434E-2 5.33361E-2 5.75357E-2 6.22186E-2 6.35096E-2 6.77447E-2 7.86214E-2 7.41797E-2 7.07231E-2 6.39525E-2 5.49298E-2 5.58831E-2 5.19779E-2 4.55657E-2 3.90789E-2 3.31072E-2 2.82927E-2 2.27558E-2 1.92338E-2 1.77166E-2 1.66458E-2 1.91333E-2 1.91865E-2 1.70832E-2 1.62479E-2 1.81429E-2 1.774E-2 1.894E-2 2.08487E-2 2.17409E-2 2.17523E-2 2.45689E-2 2.02658E-2 1.91451E-2 1.77819E-2 1.7399E-2 1.5811E-2 1.37706E-2 1.2512E-2 1.36291E-2 1.13759E-2 1.14877E-2 9.6076E-3 7.44692E-3 7.41256E-3 7.26353E-3 7.43079E-3 7.81991E-3 9.26757E-3 1.11858E-2
5.38787E-2 5.4386E-2 5.64005E-2 5.19937E-2 5.45753E-2 4.92415E-2 5.33E-2 4.37227E-2 4.78868E-2 4.8392E-2 5.35195E-2 5.46085E-2 6.19164E-2 6.35648E-2 5.9738E-2 6.039E-2 7.39124E-2 7.80977E-2 7.30001E-2 8.10602E-2 8.51158E-2 6.44977E-2 5.48952E-2 4.69395E-2 4.69E-2 3.8065E-2 3.13829E-2 2.65508E-2 2.14509E-2 1.84884E-2 1.75206E-2 1.68579E-2 1.64351E-2 1.71014E-2 1.75228E-2 1.61008E-2 1.75591E-2 2.0089E-2 2.0064E-2 2.33723E-2 2.67206E-2 2.75305E-2 2.13851E-2 1.76025E-2 1.79503E-2 1.6362E-2 1.64154E-2 1.62113E-2 1.66915E-2 1.51972E-2 1.32038E-2 8.70731E-3 9.1399E-3 1.092E-2 1.0912E-2 8.56556E-3 7.74984E-3 7.75474E-3 8.83673E-3 1.03391E-2 1.13109E-2
4.94217E-2 4.43971E-2 4.62079E-2 4.42872E-2 4.53114E-2 5.83315E-2 5.66429E-2 4.82735E-2 4.93194E-2 5.67662E-2 6.67812E-2 6.56387E-2 6.97398E-2 6.33065E-2 6.17138E-2 6.73129E-2 8.12094E-2 8.14676E-2 7.9324E-2 7.6734E-2 8.14811E-2 7.90586E-2 6.24501E-2 5.08893E-2 4.9825E-2 4.38763E-2 3.86613E-2 3.1731E-2 2.43211E-2 2.06252E-2 2.05092E-2 1.97781E-2 2.01812E-2 1.82191E-2 1.54606E-2 1.57353E-2 1.65411E-2 1.78771E-2 1.94306E-2 2.34875E-2 2.48559E-2 1.95557E-2 1.86336E-2 1.87266E-2 1.81761E-2 1.66079E-2 1.80801E-2 1.89011E-2 1.84866E-2 1.65451E-2 1.36692E-2 9.54839E-3 7.67281E-3 1.06418E-2 8.81838E-3 6.79168E-3 8.7123E-3 9.77926E-3 9.75056E-3 1.27642E-2 1.41439E-2
5.26339E-2 5.30431E-2 4.92664E-2 4.78167E-2 4.99015E-2 4.66844E-2 4.67069E-2 5.02608E-2 5.44134E-2 6.7692E-2 6.18583E-2 4.98239E-2 5.26241E-2 5.54263E-2 7.24978E-2 7.99719E-2 7.84506E-2 8.43638E-2 9.27843E-2 8.75738E-2 8.15484E-2 9.45231E-2 7.99439E-2 5.75257E-2 4.99617E-2 3.95305E-2 3.69231E-2 3.92336E-2 2.96763E-2 2.59081E-2 2.28017E-2 2.29625E-2 2.15304E-2 1.92123E-2 1.8862E-2 1.64146E-2 1.58392E-2 1.73199E-2 1.72908E-2 1.85964E-2 2.02244E-2 1.90019E-2 1.97122E-2 1.96424E-2 1.96753E-2 2.04019E-2 2.04219E-2 2.18582E-2 2.13017E-2 1.67443E-2 1.43816E-2 1.31408E-2 1.12021E-2 1.04794E-2 7.69268E-3 8.06375E-3 9.26067E-3 8.78526E-3 9.20193E-3 1.28684E-2 1.9217E-2
5.99254E-2 5.89125E-2 5.77163E-2 5.56566E-2 5.61665E-2 5.56658E-2 6.48361E-2 5.88627E-2 5.71642E-2 6.05931E-2 5.46365E-2 5.14022E-2 4.97342E-2 5.27713E-2 7.35197E-2 7.84402E-2 6.24905E-2 6.39327E-2 8.49822E-2 8.55121E-2 7.20696E-2 6.76659E-2 6.17248E-2 6.24735E-2 5.53916E-2 4.34816E-2 4.02604E-2 2.92998E-2 2.61883E-2 2.19547E-2 1.98102E-2 2.13846E-2 2.14528E-2 2.17292E-2 2.14828E-2 1.89418E-2 2.14761E-2 2.01925E-2 2.10185E-2 1.81474E-2 1.9518E-2 2.22586E-2 2.21579E-2 2.20003E-2 2.46568E-2 2.61914E-2 2.49844E-2 2.16856E-2 1.66933E-2 1.40375E-2 1.3796E-2 1.40768E-2 1.19982E-2 1.14871E-2 1.05649E-2 1.02686E-2 8.32089E-3 9.38078E-3 9.47618E-3 9.75771E-3 1.16161E-2
6.0573E-2 6.20683E-2 6.60839E-2 6.68684E-2 6.50621E-2 6.51026E-2 6.98678E-2 6.20741E-2 6.10226E-2 6.03116E-2 5.07902E-2 4.85416E-2 5.26224E-2 6.55937E-2 6.83767E-2 5.59948E-2 5.27749E-2 5.03244E-2 6.60813E-2 8.45516E-2 7.96973E-2 6.77092E-2 6.04642E-2 6.38121E-2 6.48867E-2 6.14004E-2 4.07208E-2 2.8013E-2 2.58309E-2 2.49097E-2 2.25326E-2 2.34229E-2 2.66898E-2 2.80176E-2 2.87933E-2 2.90645E-2 2.94745E-2 2.63269E-2 2.70573E-2 2.08268E-2 2.10111E-2 2.4423E-2 2.53105E-2 2.60927E-2 2.96003E-2 2.89814E-2 2.48455E-2 2.04867E-2 1.32312E-2 1.068E-2 1.22412E-2 1.33553E-2 1.44078E-2 1.22632E-2 1.25279E-2 1.15721E-2 8.35194E-3 1.00656E-2 1.01682E-2 1.00732E-2 1.11639E-2
6.06648E-2 5.9438E-2 6.00581E-2 5.87648E-2 6.47932E-2 6.84913E-2 6.85977E-2 6.55766E-2 6.23091E-2 6.06158E-2 5.561E-2 5.31376E-2 6.20422E-2 5.37787E-2 4.83874E-2 4.67736E-2 4.72171E-2 4.54209E-2 4.85727E-2 7.75778E-2 8.27599E-2 8.04904E-2 7.72474E-2 7.00807E-2 6.9164E-2 6.92584E-2 6.66586E-2 6.44236E-2 6.15054E-2 5.82265E-2 5.3992E-2 5.23621E-2 4.5272E-2 3.68746E-2 3.46903E-2 3.35567E-2 3.37399E-2 3.49225E-2 3.27757E-2 2.53701E-2 2.4366E-2 2.67542E-2 2.88247E-2 3.15985E-2 3.0799E-2 2.59169E-2 2.08194E-2 1.40665E-2 1.0848E-2 8.35887E-3 8.91818E-3 1.19141E-2 1.16645E-2 1.16244E-2 1.06859E-2 9.92886E-3 9.35763E-3 8.7328E-3 8.40617E-3 1.19464E-2 1.26771E-2
6.24858E-2 6.45737E-2 5.88165E-2 5.80048E-2 5.87847E-2 6.753E-2 6.66235E-2 5.9683E-2 5.47674E-2 6.20867E-2 5.93309E-2 6.21848E-2 6.0281E-2 5.55308E-2 5.33174E-2 4.94036E-2 4.90695E-2 4.67959E-2 4.74855E-2 5.33428E-2 7.47317E-2 7.73768E-2 8.65944E-2 9.3958E-2 8.86288E-2 7.77287E-2 7.32421E-2 7.59895E-2 6.67857E-2 6.49412E-2 6.18096E-2 5.90704E-2 5.29825E-2 4.47448E-2 4.01843E-2 4.01103E-2 3.77457E-2 3.53726E-2 3.24846E-2 3.16711E-2 2.66968E-2 3.09729E-2 4.25023E-2 3.69657E-2 2.93187E-2 2.31324E-2 1.77637E-2 1.28175E-2 1.05732E-2 9.48511E-3 8.92647E-3 1.04307E-2 1.10732E-2 9.14116E-3 1.12354E-2 1.01958E-2 1.22358E-2 8.37095E-3 8.36124E-3 9.50056E-3 1.39594E-2
7.1047E-2 6.85459E-2 6.22063E-2 6.30266E-2 6.05065E-2 6.50044E-2 5.8737E-2 5.14932E-2 6.56306E-2 7.20266E-2 6.77613E-2 6.29184E-2 5.39567E-2 5.21252E-2 5.47064E-2 5.07521E-2 4.85187E-2 4.76675E-2 4.79739E-2 4.23737E-2 4.37676E-2 6.29151E-2 7.70816E-2 7.80019E-2 7.10843E-2 6.26962E-2 5.98779E-2 6.18563E-2 5.68587E-2 6.94882E-2 6.98239E-2 6.4615E-2 5.85819E-2 4.73864E-2 4.43707E-2 4.25572E-2 4.0949E-2 4.11632E-2 3.74044E-2 3.64183E-2 2.98849E-2 3.36662E-2 2.9927E-2 2.59617E-2 2.32966E-2 2.08017E-2 1.83426E-2 1.20956E-2 1.22588E-2 9.61296E-3 8.986E-3 1.15765E-2 9.71321E-3 8.29388E-3 1.07693E-2 1.15825E-2 1.20594E-2 1.0966E-2 1.0028E-2 9.72375E-3 9.92611E-3
7.03199E-2 7.09818E-2 6.92503E-2 6.79392E-2 6.29052E-2 6.31118E-2 5.3133E-2 5.77716E-2 6.34079E-2 6.65462E-2 5.96832E-2 5.69511E-2 5.81225E-2 5.54938E-2 5.53406E-2 5.15924E-2 4.99503E-2 4.58584E-2 4.39357E-2 3.94375E-2 3.45024E-2 3.73696E-2 5.75751E-2 6.56078E-2 6.24628E-2 6.17893E-2 5.48331E-2 5.54975E-2 5.85007E-2 6.42402E-2 7.08058E-2 6.83352E-2 6.45888E-2 6.07501E-2 5.36983E-2 5.02105E-2 5.27233E-2 4.7142E-2 3.69603E-2 3.62666E-2 3.11145E-2 2.86953E-2 2.66005E-2 2.2136E-2 1.8114E-2 1.79958E-2 1.79637E-2 1.6595E-2 1.40019E-2 1.46802E-2 1.18193E-2 1.22955E-2 1.00628E-2 1.11088E-2 9.7528E-3 1.22511E-2 1.32198E-2 1.13516E-2 9.50654E-3 9.47454E-3 9.33768E-3
6.39708E-2 6.11503E-2 7.11192E-2 7.2418E-2 6.94545E-2 6.82881E-2 6.05301E-2 6.96483E-2 6.65077E-2 6.40564E-2 6.28778E-2 6.43004E-2 6.23469E-2 6.0031E-2 5.61838E-2 5.52691E-2 5.07726E-2 5.24489E-2 4.43916E-2 4.30415E-2 3.94954E-2 3.63114E-2 3.92571E-2 5.34986E-2 6.04935E-2 6.27172E-2 5.41278E-2 5.17106E-2 5.17965E-2 5.3915E-2 5.41253E-2 5.44039E-2 5.73732E-2 5.48354E-2 5.10902E-2 4.73725E-2 4.55993E-2 3.77238E-2 4.01909E-2 4.17309E-2 2.65743E-2 2.28535E-2 2.12417E-2 1.89245E-2 1.58868E-2 1.78164E-2 1.7567E-2 1.64827E-2 1.51218E-2 1.61465E-2 1.08486E-2 1.17493E-2 9.96731E-3 1.02563E-2 1.20101E-2 1.28892E-2 1.38625E-2 1.37251E-2 1.13396E-2 1.07649E-2 9.48163E-3
7.60574E-2 5.95823E-2 6.20569E-2 6.65146E-2 7.02816E-2 6.50564E-2 6.98293E-2 7.27102E-2 7.26089E-2 6.64666E-2 5.87824E-2 5.60737E-2 5.62557E-2 5.07037E-2 5.23448E-2 5.2367E-2 4.56967E-2 4.85804E-2 4.41338E-2 4.58434E-2 4.38334E-2 3.94403E-2 3.74748E-2 4.40276E-2 5.76213E-2 5.75755E-2 4.42574E-2 4.30412E-2 3.94484E-2 4.46374E-2 5.04571E-2 4.65066E-2 3.11496E-2 2.69267E-2 2.79977E-2 4.30606E-2 2.76685E-2 2.40334E-2 3.95381E-2 3.96952E-2 2.2346E-2 1.83802E-2 1.75704E-2 1.82346E-2 1.84041E-2 1.71585E-2 1.72308E-2 1.70859E-2 1.7624E-2 1.5339E-2 1.24462E-2 1.20181E-2 8.10867E-3 1.11858E-2 1.26861E-2 1.33725E-2 1.44974E-2 1.47664E-2 1.49792E-2 1.39897E-2 1.20397E-2
7.36314E-2 6.31147E-2 6.04189E-2 5.79147E-2 6.25215E-2 6.63828E-2 6.58202E-2 6.84234E-2 6.90303E-2 5.33978E-2 5.22199E-2 5.44754E-2 5.50131E-2 5.04429E-2 4.62999E-2 4.70756E-2 4.74287E-2 4.84982E-2 4.65479E-2 4.30222E-2 4.42607E-2 4.17008E-2 3.97561E-2 4.02689E-2 4.76295E-2 4.76534E-2 4.24E-2 3.6524E-2 3.16452E-2 2.88772E-2 4.59886E-2 3.02925E-2 2.29391E-2 2.07665E-2 2.42178E-2 2.71702E-2 2.17738E-2 3.08659E-2 3.38982E-2 3.31226E-2 2.06115E-2 2.17328E-2 1.94293E-2 1.7345E-2 1.58653E-2 1.78255E-2 1.76545E-2 1.80094E-2 1.86746E-2 1.49966E-2 2.12344E-2 2.37131E-2 1.11919E-2 1.00199E-2 1.20303E-2 1.34257E-2 1.49643E-2 1.51958E-2 1.73202E-2 1.51813E-2 1.46367E-2
6.48427E-2 6.295E-2 5.88423E-2 6.10887E-2 6.35373E-2 7.02714E-2 7.06152E-2 6.82101E-2 6.03882E-2 5.62557E-2 5.0665E-2 5.72125E-2 5.55434E-2 5.35795E-2 4.88019E-2 4.81919E-2 5.01099E-2 4.87854E-2 4.78541E-2 4.49996E-2 4.27108E-2 4.07641E-2 3.78421E-2 3.28976E-2 3.68037E-2 3.81417E-2 3.2786E-2 2.83167E-2 2.71311E-2 2.53925E-2 3.74297E-2 3.11367E-2 2.34849E-2 2.40896E-2 2.42501E-2 2.16582E-2 2.13287E-2 2.40142E-2 2.03312E-2 2.15684E-2 2.42239E-2 2.1108E-2 2.07849E-2 1.89466E-2 1.7636E-2 1.89674E-2 1.91575E-2 1.88367E-2 1.90318E-2 1.49394E-2 2.38799E-2 2.32207E-2 1.32751E-2 1.18826E-2 1.33729E-2 1.37156E-2 1.53792E-2 1.45359E-2 1.50415E-2 1.53209E-2 1.57593E-2
5.57051E-2 5.64938E-2 5.60236E-2 5.76763E-2 6.55007E-2 6.97979E-2 6.35729E-2 6.41273E-2 6.51503E-2 5.8665E-2 5.57947E-2 5.58177E-2 5.6754E-2 5.05071E-2 4.57013E-2 4.68553E-2 4.87123E-2 4.68266E-2 4.63314E-2 4.4267E-2 4.21032E-2 4.11943E-2 3.48118E-2 3.00052E-2 2.57653E-2 2.79233E-2 2.66081E-2 2.54011E-2 2.54401E-2 2.75777E-2 3.17685E-2 2.63479E-2 2.39762E-2 2.30691E-2 2.1939E-2 2.26364E-2 2.12072E-2 2.36876E-2 2.43954E-2 2.53192E-2 3.15197E-2 2.91295E-2 3.24896E-2 2.26931E-2 2.13245E-2 2.31435E-2 2.2214E-2 1.98359E-2 2.01423E-2 1.73279E-2 1.50258E-2 1.40744E-2 1.4395E-2 1.45216E-2 1.42052E-2 1.49384E-2 1.62356E-2 1.51793E-2 1.58067E-2 1.63178E-2 1.68962E-2
5.74019E-2 5.64452E-2 5.58635E-2 5.22007E-2 5.28806E-2 6.27687E-2 6.77415E-2 6.68488E-2 6.20203E-2 6.11817E-2 5.98711E-2 5.71626E-2 5.79416E-2 5.36345E-2 5.42338E-2 4.95076E-2 4.90463E-2 4.66265E-2 4.3855E-2 4.25264E-2 4.32823E-2 4.06799E-2 3.13233E-2 2.76381E-2 2.53094E-2 2.49909E-2 2.40019E-2 2.43984E-2 2.39137E-2 2.72995E-2 2.66925E-2 2.56557E-2 2.6841E-2 2.42113E-2 2.49569E-2 2.52438E-2 2.63224E-2 2.75148E-2 2.8875E-2 2.93382E-2 4.2395E-2 6.91944E-2 5.11868E-2 2.81624E-2 3.26281E-2 3.34288E-2 2.81107E-2 2.06716E-2 1.96525E-2 1.58847E-2 1.51009E-2 1.41946E-2 1.46975E-2 1.52684E-2 1.61262E-2 1.75799E-2 1.81492E-2 1.6951E-2 1.8133E-2 1.90338E-2 1.93402E-2
5.97561E-2 6.11936E-2 5.9763E-2 6.5782E-2 6.85409E-2 6.82712E-2 6.48996E-2 6.07578E-2 6.88965E-2 5.81653E-2 5.70322E-2 5.52723E-2 5.79325E-2 5.47037E-2 5.58759E-2 5.11763E-2 5.22023E-2 4.90011E-2 4.51806E-2 4.22234E-2 3.88462E-2 3.63297E-2 3.05395E-2 2.84589E-2 2.81896E-2 2.64087E-2 2.50334E-2 2.60597E-2 2.45802E-2 2.46399E-2 2.58075E-2 2.46037E-2 2.48916E-2 2.71011E-2 2.88691E-2 3.08931E-2 3.56091E-2 3.91662E-2 4.12667E-2 3.57412E-2 3.97515E-2 7.57272E-2 9.13342E-2 5.64903E-2 3.79381E-2 4.12602E-2 4.21965E-2 1.86234E-2 1.72912E-2 1.38624E-2 1.45079E-2 1.48441E-2 1.49458E-2 1.6216E-2 1.87409E-2 2.016E-2 2.09565E-2 2.04709E-2 1.99417E-2 2.10687E-2 2.07193E-2
6.31425E-2 6.10598E-2 6.41451E-2 7.57167E-2 7.49335E-2 6.86464E-2 5.8142E-2 6.433E-2 6.43284E-2 5.7981E-2 6.10061E-2 6.07063E-2 6.00855E-2 5.18817E-2 5.74222E-2 5.53576E-2 5.37898E-2 4.52181E-2 4.1774E-2 3.86057E-2 3.63843E-2 3.33727E-2 3.11067E-2 2.86193E-2 2.75007E-2 2.8827E-2 2.86477E-2 2.51583E-2 2.29118E-2 2.57427E-2 2.51065E-2 2.45534E-2 2.42063E-2 2.77839E-2 2.57106E-2 3.46283E-2 3.52601E-2 4.72872E-2 4.98192E-2 4.52678E-2 4.72451E-2 6.24226E-2 9.36421E-2 9.60925E-2 5.76918E-2 6.11239E-2 3.6472E-2 2.98046E-2 1.89899E-2 1.59389E-2 1.50997E-2 1.38527E-2 1.42671E-2 1.56152E-2 1.79398E-2 1.98534E-2 2.20064E-2 2.25212E-2 1.96059E-2 2.18968E-2 2.15013E-2
7.86149E-2 6.42764E-2 7.30511E-2 7.70095E-2 7.11605E-2 6.7081E-2 5.65761E-2 6.61603E-2 6.19386E-2 5.63912E-2 6.00361E-2 5.91505E-2 5.85719E-2 5.16003E-2 6.0866E-2 5.26061E-2 4.74294E-2 5.56516E-2 4.26726E-2 4.0426E-2 4.20476E-2 3.54121E-2 3.28136E-2 2.91202E-2 3.07575E-2 3.16515E-2 2.74587E-2 2.50495E-2 2.67376E-2 2.93352E-2 2.71437E-2 2.56789E-2 2.33827E-2 2.8857E-2 3.00402E-2 5.57117E-2 4.88297E-2 6.11193E-2 5.63223E-2 5.748E-2 4.13922E-2 3.62899E-2 6.81752E-2 9.79002E-2 1.1656E-1 8.9284E-2 5.45264E-2 3.39747E-2 1.91711E-2 1.79E-2 1.66121E-2 1.60431E-2 1.50951E-2 1.5363E-2 1.70758E-2 1.93643E-2 1.97899E-2 2.10437E-2 2.06278E-2 2.20852E-2 2.14383E-2
7.53801E-2 7.35748E-2 8.00233E-2 7.81447E-2 6.02843E-2 6.14826E-2 6.08356E-2 6.33465E-2 6.22246E-2 5.65827E-2 6.12452E-2 5.81919E-2 5.89017E-2 5.67516E-2 6.25059E-2 5.15989E-2 4.67153E-2 5.25765E-2 4.12362E-2 4.14027E-2 4.57214E-2 3.52951E-2 3.29664E-2 3.27442E-2 3.55667E-2 3.03666E-2 2.57872E-2 2.77528E-2 2.51764E-2 2.86972E-2 2.70086E-2 2.72373E-2 2.33914E-2 3.44055E-2 4.43182E-2 4.59951E-2 5.02779E-2 6.70748E-2 7.28916E-2 5.32156E-2 3.85893E-2 3.15562E-2 4.57542E-2 6.9769E-2 1.14452E-1 9.12662E-2 5.62048E-2 4.36036E-2 2.02587E-2 1.75744E-2 1.59741E-2 1.60349E-2 1.61072E-2 1.72441E-2 1.64701E-2 1.74893E-2 1.76137E-2 1.83212E-2 1.88689E-2 1.88779E-2 2.08027E-2
7.97384E-2 7.71574E-2 7.76527E-2 7.09636E-2 6.78749E-2 6.83159E-2 6.74911E-2 6.43362E-2 6.41957E-2 6.44847E-2 6.13717E-2 6.35441E-2 5.80087E-2 5.81255E-2 6.13307E-2 6.00964E-2 5.38446E-2 5.30721E-2 4.6973E-2 4.12756E-2 3.91585E-2 3.82313E-2 3.27385E-2 3.4419E-2 3.26077E-2 2.82021E-2 2.90119E-2 2.69437E-2 3.10868E-2 2.89335E-2 2.65009E-2 2.66783E-2 2.23142E-2 3.40022E-2 4.73809E-2 6.08704E-2 6.22566E-2 6.2443E-2 6.15574E-2 4.94861E-2 3.53403E-2 3.77537E-2 4.40319E-2 5.67141E-2 7.21063E-2 9.48165E-2 4.61472E-2 4.66673E-2 2.65577E-2 1.76083E-2 1.46311E-2 1.65296E-2 1.69205E-2 1.51042E-2 1.17639E-2 1.01477E-2 8.82388E-3 1.23187E-2 1.32055E-2 1.43598E-2 1.72089E-2
8.57529E-2 7.95374E-2 7.77615E-2 7.84795E-2 7.35812E-2 6.91308E-2 6.8547E-2 6.74429E-2 6.60013E-2 6.09499E-2 6.07304E-2 6.37141E-2 5.75828E-2 5.93297E-2 5.90059E-2 5.85785E-2 6.42533E-2 4.77823E-2 5.14029E-2 4.95288E-2 4.03904E-2 4.17379E-2 3.7903E-2 3.56462E-2 3.16945E-2 3.06252E-2 2.39936E-2 2.65067E-2 2.85561E-2 2.969E-2 2.85886E-2 2.82035E-2 2.17901E-2 3.36889E-2 4.82305E-2 5.99144E-2 5.96407E-2 5.31912E-2 4.65879E-2 4.02728E-2 3.6368E-2 3.82127E-2 3.82746E-2 3.59953E-2 3.78744E-2 3.07466E-2 3.18128E-2 4.19714E-2 2.33829E-2 1.76894E-2 1.51608E-2 1.51134E-2 1.71786E-2 1.65876E-2 1.69868E-2 1.99282E-2 1.94443E-2 1.73484E-2 1.86932E-2 1.86917E-2 1.70793E-2
