maxent_outputs/red_flowers_linear/red_341.asc
ncols         426
nrows         180
xllcorner     -130.0
yllcorner     24.0
cellsize      0.16666666666666666
NODATA_value  -9999
[rows 135 to 161 of 180, columns 122 to 182 of 426]
2.82864E-1 3.10531E-1 3.00611E-1 2.72465E-1 2.04847E-1 2.24981E-1 2.57306E-1 2.61307E-1 2.73909E-1 2.62438E-1 2.74412E-1 2.85569E-1 2.88388E-1 2.7272E-1 2.61795E-1 2.55489E-1 2.42384E-1 2.35662E-1 2.3425E-1 2.26323E-1 2.36734E-1 2.33707E-1 2.15524E-1 2.21852E-1 2.202E-1 2.15606E-1 2.19056E-1 2.21902E-1 2.53508E-1 2.54171E-1 2.63123E-1 2.58896E-1 2.71477E-1 2.81664E-1 2.89135E-1 2.98275E-1 2.98056E-1 2.93488E-1 2.94557E-1 2.95293E-1 2.96538E-1 3.13464E-1 3.32713E-1 3.66048E-1 3.64787E-1 3.46087E-1 3.31181E-1 3.16551E-1 3.08012E-1 3.0086E-1 3.03064E-1 3.12526E-1 3.23244E-1 3.3538E-1 3.50001E-1 3.6157E-1 3.58961E-1 3.60246E-1 3.63912E-1 3.62636E-1 3.65641E-1
3.10976E-1 3.39352E-1 3.42118E-1 3.11712E-1 2.51984E-1 2.26613E-1 2.58991E-1 2.66132E-1 2.71869E-1 2.79599E-1 2.78165E-1 2.76724E-1 3.06248E-1 2.99436E-1 3.04668E-1 2.66493E-1 2.40002E-1 2.41534E-1 2.34968E-1 2.1926E-1 2.37355E-1 2.37452E-1 2.45207E-1 2.34066E-1 2.38215E-1 2.31309E-1 2.28027E-1 2.29703E-1 2.58508E-1 2.69017E-1 2.6309E-1 2.69402E-1 2.84325E-1 2.9313E-1 3.06608E-1 3.10792E-1 3.10684E-1 3.03401E-1 3.02534E-1 3.05613E-1 3.03238E-1 3.21844E-1 3.43586E-1 3.74992E-1 3.82129E-1 3.60893E-1 3.50844E-1 3.38694E-1 3.22895E-1 3.15912E-1 3.11644E-1 3.13319E-1 3.19614E-1 3.3752E-1 3.5432E-1 3.57895E-1 3.57481E-1 3.59512E-1 3.54449E-1 3.54148E-1 3.60556E-1
3.44513E-1 3.80957E-1 3.69852E-1 2.91761E-1 2.18193E-1 2.61643E-1 2.72113E-1 2.73871E-1 2.82405E-1 2.84434E-1 2.80024E-1 2.84885E-1 3.21512E-1 3.31148E-1 3.21949E-1 3.08416E-1 2.49159E-1 2.49114E-1 2.67574E-1 2.54707E-1 2.42233E-1 2.24066E-1 2.42584E-1 2.50652E-1 2.68957E-1 2.62607E-1 2.41974E-1 2.53713E-1 2.91083E-1 2.82681E-1 2.72959E-1 2.6325E-1 2.81873E-1 3.08695E-1 3.18968E-1 3.21877E-1 3.23255E-1 3.11085E-1 3.10236E-1 3.19911E-1 3.23293E-1 3.45635E-1 3.70643E-1 3.87206E-1 4.00003E-1 3.83045E-1 3.53887E-1 3.40912E-1 3.21219E-1 3.17686E-1 3.08917E-1 3.1405E-1 3.19918E-1 3.29945E-1 3.40672E-1 3.45673E-1 3.45569E-1 3.50999E-1 3.49515E-1 3.489E-1 3.50385E-1
3.37156E-1 3.74849E-1 4.07996E-1 3.11814E-1 2.73882E-1 2.65956E-1 2.56297E-1 2.61744E-1 2.83416E-1 3.03534E-1 3.0062E-1 2.76097E-1 3.08833E-1 3.22766E-1 3.27431E-1 3.1772E-1 2.65777E-1 2.5838E-1 2.91484E-1 2.73618E-1 2.58122E-1 2.39881E-1 2.23978E-1 2.54567E-1 2.77932E-1 3.00899E-1 2.94053E-1 2.98204E-1 2.83374E-1 3.00936E-1 2.92715E-1 2.97478E-1 2.94087E-1 3.09735E-1 3.40861E-1 3.43701E-1 3.31824E-1 3.21898E-1 3.19991E-1 3.28112E-1 3.49294E-1 3.69276E-1 3.86795E-1 4.03025E-1 4.08756E-1 3.93014E-1 3.87338E-1 3.56865E-1 3.39788E-1 3.3603E-1 3.21817E-1 3.16739E-1 3.22654E-1 3.25284E-1 3.37507E-1 3.46569E-1 3.51279E-1 3.56084E-1 3.57311E-1 3.55135E-1 3.53186E-1
3.36103E-1 4.38525E-1 4.16654E-1 4.0068E-1 3.1254E-1 2.81148E-1 2.76443E-1 2.78861E-1 2.77197E-1 2.82681E-1 2.80624E-1 2.78928E-1 2.94092E-1 3.05952E-1 3.0904E-1 3.19455E-1 2.4242E-1 2.87436E-1 2.61729E-1 2.63731E-1 2.64122E-1 2.37613E-1 2.28046E-1 2.3971E-1 2.54261E-1 2.93121E-1 3.22631E-1 3.37392E-1 3.33245E-1 2.92786E-1 2.85796E-1 3.10989E-1 2.92103E-1 2.84524E-1 3.15217E-1 3.18628E-1 3.35804E-1 3.2885E-1 3.21021E-1 3.30382E-1 3.3811E-1 3.58057E-1 3.71379E-1 3.68012E-1 3.74496E-1 3.82188E-1 3.90386E-1 3.87722E-1 3.68204E-1 3.53829E-1 3.42917E-1 3.39613E-1 3.44768E-1 3.46195E-1 3.45566E-1 3.5045E-1 3.61188E-1 3.6647E-1 3.62015E-1 3.58821E-1 3.64996E-1
3.43619E-1 4.77398E-1 3.84935E-1 3.46727E-1 3.94513E-1 2.98597E-1 2.25782E-1 2.55369E-1 2.65798E-1 2.7484E-1 2.78875E-1 2.76231E-1 2.92035E-1 3.14911E-1 3.03593E-1 3.13896E-1 3.05801E-1 2.97002E-1 2.84009E-1 2.96859E-1 2.8183E-1 2.64497E-1 2.51746E-1 2.53162E-1 2.52377E-1 2.71505E-1 3.1686E-1 3.20021E-1 3.53302E-1 3.46067E-1 2.66125E-1 2.82503E-1 3.13863E-1 2.81506E-1 2.89128E-1 3.11947E-1 3.24332E-1 3.28238E-1 3.30508E-1 3.34828E-1 3.3993E-1 3.60934E-1 3.66383E-1 3.73479E-1 3.81787E-1 3.92262E-1 3.98027E-1 4.02431E-1 3.87531E-1 3.73259E-1 3.61913E-1 3.65633E-1 3.68446E-1 3.67145E-1 3.66931E-1 3.63528E-1 3.7184E-1 3.72811E-1 3.70692E-1 3.71635E-1 3.81645E-1
3.95721E-1 5.32083E-1 4.60688E-1 3.4124E-1 4.15587E-1 3.39725E-1 2.32319E-1 1.94736E-1 2.31987E-1 2.77291E-1 2.79576E-1 2.90987E-1 3.15222E-1 3.27242E-1 3.21617E-1 3.06317E-1 3.11611E-1 2.87272E-1 2.90412E-1 2.89326E-1 2.8561E-1 2.6043E-1 2.53577E-1 2.54823E-1 2.74124E-1 2.83914E-1 3.16823E-1 3.13725E-1 3.66628E-1 3.8552E-1 3.00301E-1 2.67792E-1 3.00051E-1 2.73313E-1 2.8503E-1 3.10008E-1 3.2148E-1 3.2794E-1 3.182E-1 3.07559E-1 3.25079E-1 3.56541E-1 3.71367E-1 3.81327E-1 3.92158E-1 4.04829E-1 4.14854E-1 4.17441E-1 4.03589E-1 3.92091E-1 3.90297E-1 3.88363E-1 3.95814E-1 3.9744E-1 3.91285E-1 3.86596E-1 3.88836E-1 3.84157E-1 3.81404E-1 3.80204E-1 3.77832E-1
4.15689E-1 5.28147E-1 5.21857E-1 3.78267E-1 3.96584E-1 3.12422E-1 2.00904E-1 1.64632E-1 2.00244E-1 2.59105E-1 2.83555E-1 3.02623E-1 3.16926E-1 3.3478E-1 3.27977E-1 3.18952E-1 3.11946E-1 2.97397E-1 2.7739E-1 2.74137E-1 2.57572E-1 2.52832E-1 2.65352E-1 2.73523E-1 2.80099E-1 3.0535E-1 3.34094E-1 3.20451E-1 3.61658E-1 3.92706E-1 3.73465E-1 3.01851E-1 2.87698E-1 2.75752E-1 2.81499E-1 3.03053E-1 3.1454E-1 3.17515E-1 3.15031E-1 3.23978E-1 3.42298E-1 3.61557E-1 3.8598E-1 4.01291E-1 4.11717E-1 4.24695E-1 4.29468E-1 4.28231E-1 4.24447E-1 4.17984E-1 4.31483E-1 4.31322E-1 4.33769E-1 4.34667E-1 4.11322E-1 4.03694E-1 4.04887E-1 3.95159E-1 3.87788E-1 3.84283E-1 3.78942E-1
4.34629E-1 5.52064E-1 5.7804E-1 3.93411E-1 3.07095E-1 2.79817E-1 2.24072E-1 1.77239E-1 1.69934E-1 2.23012E-1 2.47687E-1 3.07979E-1 3.18966E-1 3.3252E-1 3.38476E-1 3.25852E-1 3.14728E-1 2.94644E-1 2.68176E-1 2.51909E-1 2.36742E-1 2.71212E-1 2.76335E-1 2.86161E-1 3.08453E-1 3.17371E-1 3.44409E-1 3.37039E-1 3.61018E-1 4.1203E-1 4.05335E-1 3.29002E-1 3.13189E-1 3.17212E-1 3.08771E-1 3.14341E-1 3.32219E-1 3.4697E-1 3.66031E-1 3.74284E-1 3.81487E-1 3.95931E-1 4.25885E-1 4.48167E-1 4.49982E-1 4.52194E-1 4.54894E-1 4.47359E-1 4.60591E-1 4.66546E-1 4.76156E-1 4.78476E-1 4.7566E-1 4.69536E-1 4.46339E-1 4.24911E-1 4.1774E-1 4.01469E-1 3.93774E-1 3.89385E-1 3.89546E-1
4.81486E-1 5.37605E-1 5.62976E-1 4.62123E-1 3.34162E-1 2.4328E-1 2.37226E-1 1.55203E-1 1.41742E-1 2.08897E-1 2.10329E-1 2.18404E-1 3.18848E-1 3.37321E-1 3.3285E-1 3.47048E-1 3.21283E-1 3.05614E-1 2.81176E-1 2.37337E-1 2.53661E-1 2.61281E-1 2.79519E-1 3.06514E-1 3.37425E-1 3.32716E-1 3.26181E-1 3.51361E-1 3.69783E-1 4.41622E-1 4.55841E-1 3.7829E-1 3.56148E-1 3.71699E-1 3.70263E-1 3.68586E-1 3.55002E-1 3.59638E-1 4.00773E-1 3.94406E-1 4.12684E-1 4.34311E-1 4.64192E-1 4.95328E-1 5.05839E-1 4.8968E-1 4.86101E-1 4.81534E-1 4.90346E-1 5.13031E-1 5.21689E-1 5.25745E-1 5.20644E-1 5.02145E-1 4.71688E-1 4.44611E-1 4.19917E-1 4.19767E-1 4.12432E-1 4.04503E-1 3.9175E-1
5.67703E-1 5.39087E-1 6.12678E-1 5.19195E-1 4.55114E-1 2.53605E-1 2.20878E-1 1.70717E-1 1.42512E-1 1.87558E-1 2.02782E-1 1.90107E-1 2.48463E-1 3.23643E-1 2.9453E-1 3.41816E-1 3.08485E-1 3.10798E-1 2.86076E-1 2.45001E-1 2.79568E-1 2.83019E-1 3.11686E-1 3.34721E-1 3.50183E-1 3.42498E-1 3.09085E-1 3.7253E-1 4.02496E-1 4.3678E-1 5.12217E-1 5.05303E-1 4.50169E-1 4.28876E-1 3.99902E-1 3.84105E-1 3.71921E-1 3.89754E-1 4.21114E-1 4.55512E-1 4.64971E-1 4.93642E-1 5.24979E-1 5.38572E-1 5.36814E-1 5.30125E-1 5.30354E-1 5.28255E-1 5.26282E-1 5.45627E-1 5.56445E-1 5.5114E-1 5.52521E-1 5.30116E-1 5.01887E-1 4.67153E-1 4.41895E-1 4.51302E-1 4.39836E-1 4.4051E-1 4.33252E-1
6.11304E-1 5.69622E-1 6.05896E-1 5.64933E-1 5.24752E-1 4.40165E-1 2.74931E-1 1.65187E-1 1.76295E-1 1.57836E-1 1.65396E-1 1.81568E-1 2.0576E-1 2.98429E-1 2.64039E-1 3.11391E-1 2.66833E-1 2.57192E-1 2.80414E-1 2.94298E-1 3.07464E-1 3.26742E-1 3.48806E-1 3.68304E-1 3.6222E-1 3.31944E-1 3.38885E-1 4.08676E-1 4.61723E-1 4.63694E-1 5.07537E-1 5.49993E-1 5.59898E-1 4.91473E-1 4.1752E-1 4.15371E-1 4.23375E-1 4.37822E-1 4.66091E-1 4.71449E-1 5.21931E-1 5.53087E-1 5.1455E-1 5.26145E-1 5.42708E-1 5.38888E-1 5.39495E-1 5.46571E-1 5.4792E-1 5.5613E-1 5.77492E-1 5.81676E-1 5.86027E-1 5.76379E-1 5.54034E-1 5.01442E-1 4.83542E-1 4.78888E-1 4.71847E-1 4.69642E-1 4.76756E-1
6.25351E-1 5.4641E-1 6.35654E-1 6.00861E-1 5.85239E-1 4.91306E-1 3.18064E-1 2.6033E-1 2.10302E-1 1.51321E-1 1.57048E-1 1.63913E-1 1.98616E-1 2.89849E-1 2.81374E-1 2.89834E-1 2.6748E-1 2.38447E-1 2.75666E-1 3.17585E-1 3.30458E-1 3.68005E-1 3.79791E-1 3.9455E-1 3.79808E-1 3.49544E-1 3.62909E-1 4.18943E-1 4.73649E-1 4.48806E-1 4.65264E-1 5.47097E-1 5.64984E-1 5.44251E-1 4.70894E-1 4.54569E-1 5.00601E-1 4.86029E-1 4.82937E-1 4.96301E-1 5.09546E-1 5.66347E-1 5.22916E-1 5.38357E-1 5.50433E-1 5.81998E-1 5.81291E-1 5.75371E-1 5.76018E-1 5.74295E-1 5.85722E-1 5.84648E-1 6.03539E-1 5.89262E-1 5.63849E-1 5.57324E-1 5.27353E-1 5.19158E-1 5.1921E-1 5.126E-1 5.25145E-1
6.69287E-1 6.03449E-1 6.55867E-1 5.5236E-1 5.42597E-1 4.32143E-1 3.67613E-1 2.3853E-1 1.99431E-1 1.59597E-1 1.6119E-1 1.6926E-1 2.02179E-1 2.75765E-1 2.76549E-1 2.84701E-1 2.79385E-1 2.50908E-1 2.5115E-1 3.15879E-1 3.38009E-1 4.01348E-1 3.94902E-1 3.87637E-1 3.85413E-1 3.8097E-1 4.12425E-1 4.52338E-1 4.54049E-1 4.23509E-1 4.18539E-1 4.933E-1 5.21927E-1 4.80739E-1 5.41039E-1 5.56967E-1 5.60327E-1 5.26221E-1 4.7085E-1 5.79463E-1 5.68817E-1 4.8834E-1 5.01181E-1 5.31233E-1 5.58667E-1 5.89499E-1 6.31846E-1 6.26601E-1 6.01128E-1 5.8565E-1 5.83683E-1 5.97098E-1 6.05444E-1 5.99489E-1 5.76254E-1 5.76079E-1 5.68708E-1 5.51982E-1 5.5445E-1 5.48172E-1 5.44127E-1
6.44278E-1 6.79926E-1 6.59206E-1 5.4005E-1 4.54743E-1 5.00517E-1 3.97616E-1 2.75557E-1 2.40962E-1 1.78596E-1 1.97596E-1 1.97043E-1 2.24899E-1 2.69975E-1 2.51818E-1 2.63113E-1 2.68608E-1 2.51244E-1 2.54013E-1 3.3456E-1 3.50053E-1 3.90753E-1 4.05476E-1 4.10909E-1 3.85007E-1 3.93346E-1 4.53519E-1 4.57093E-1 4.21702E-1 4.08872E-1 4.31614E-1 4.70553E-1 4.30119E-1 4.03264E-1 5.01659E-1 5.57906E-1 5.35012E-1 5.92686E-1 5.97667E-1 5.84578E-1 5.67881E-1 4.83434E-1 4.25387E-1 5.2315E-1 5.09874E-1 4.55258E-1 5.82059E-1 6.21424E-1 6.2689E-1 6.05077E-1 5.85208E-1 5.87324E-1 5.98301E-1 5.9686E-1 5.85573E-1 5.91066E-1 6.02076E-1 6.03456E-1 5.90731E-1 5.8012E-1 5.69542E-1
6.87676E-1 6.14854E-1 6.10603E-1 5.50751E-1 4.43898E-1 4.92982E-1 4.11518E-1 3.10949E-1 1.99705E-1 2.30895E-1 2.09265E-1 2.10647E-1 2.39285E-1 2.66558E-1 2.50753E-1 2.49438E-1 2.47586E-1 2.26904E-1 2.2765E-1 3.17965E-1 3.84467E-1 4.18821E-1 4.53401E-1 4.34977E-1 4.39774E-1 4.48606E-1 4.65765E-1 4.20446E-1 4.17239E-1 4.16182E-1 4.36748E-1 4.53051E-1 4.00157E-1 3.97727E-1 4.72339E-1 5.00856E-1 5.45063E-1 5.86615E-1 6.00197E-1 5.38845E-1 5.35676E-1 5.42485E-1 4.3618E-1 4.81172E-1 4.85813E-1 4.59831E-1 5.37313E-1 5.60822E-1 5.96404E-1 6.02449E-1 5.82947E-1 5.81713E-1 5.91092E-1 6.01201E-1 5.97226E-1 6.16525E-1 6.22159E-1 6.31849E-1 6.29623E-1 6.19439E-1 5.99128E-1
7.94488E-1 6.06435E-1 5.54857E-1 5.31009E-1 4.06489E-1 4.42327E-1 3.6581E-1 3.03315E-1 1.82272E-1 2.54805E-1 2.52283E-1 2.14261E-1 2.26113E-1 2.23416E-1 2.52732E-1 2.51239E-1 2.58149E-1 2.45437E-1 2.39648E-1 2.86251E-1 3.88451E-1 4.64863E-1 4.76704E-1 4.63326E-1 4.87705E-1 4.64219E-1 4.08586E-1 4.03213E-1 4.43442E-1 4.45374E-1 4.3751E-1 4.42077E-1 4.29635E-1 3.94302E-1 4.07472E-1 4.33011E-1 4.85631E-1 5.61103E-1 5.75434E-1 5.49633E-1 5.41887E-1 5.07124E-1 4.84569E-1 4.79337E-1 5.33158E-1 5.0289E-1 5.50796E-1 5.68864E-1 5.7316E-1 5.85106E-1 5.7089E-1 5.6821E-1 5.77515E-1 5.8618E-1 6.1423E-1 6.33667E-1 6.43378E-1 6.50315E-1 6.68254E-1 6.58447E-1 6.36781E-1
8.61632E-1 7.09584E-1 5.44451E-1 5.3336E-1 4.0878E-1 4.23958E-1 3.25162E-1 3.00609E-1 1.97027E-1 1.93298E-1 2.44952E-1 2.17866E-1 2.17602E-1 2.31246E-1 2.23524E-1 2.3914E-1 2.51872E-1 2.69465E-1 2.91807E-1 2.8376E-1 3.69225E-1 4.51596E-1 4.27569E-1 4.68118E-1 4.68574E-1 4.72002E-1 4.25963E-1 4.03609E-1 4.19464E-1 4.30896E-1 4.15161E-1 4.07167E-1 4.19059E-1 4.15249E-1 4.07395E-1 4.04443E-1 4.35145E-1 4.95074E-1 5.36022E-1 5.4425E-1 5.64888E-1 5.22926E-1 4.34685E-1 4.32852E-1 4.78628E-1 5.61768E-1 5.85611E-1 5.70487E-1 5.48688E-1 5.538E-1 5.51308E-1 5.56943E-1 5.62271E-1 5.69879E-1 6.00459E-1 6.26496E-1 6.43522E-1 6.55703E-1 6.72408E-1 6.7004E-1 6.50455E-1
8.65644E-1 7.49667E-1 6.94508E-1 5.03128E-1 3.77548E-1 4.28992E-1 3.73072E-1 3.05179E-1 2.35123E-1 1.94006E-1 2.14568E-1 2.29125E-1 2.09956E-1 2.32355E-1 2.2249E-1 2.30611E-1 2.5043E-1 2.84478E-1 3.01645E-1 3.66912E-1 3.77553E-1 3.67846E-1 4.41874E-1 4.90096E-1 4.70445E-1 4.75541E-1 4.77515E-1 4.61467E-1 4.19807E-1 3.86893E-1 3.86958E-1 4.06341E-1 4.1438E-1 4.32153E-1 4.35573E-1 4.16704E-1 4.40934E-1 4.77111E-1 4.82272E-1 4.67307E-1 5.33269E-1 5.37317E-1 4.38532E-1 4.2325E-1 4.58402E-1 4.8984E-1 5.63402E-1 5.55812E-1 5.6295E-1 5.49349E-1 5.43905E-1 5.53373E-1 5.43209E-1 5.59182E-1 5.85653E-1 6.21128E-1 6.47171E-1 6.54559E-1 6.61807E-1 6.68779E-1 6.41808E-1
8.45455E-1 8.09426E-1 7.60916E-1 4.95919E-1 4.6133E-1 4.15228E-1 5.21335E-1 4.27504E-1 2.32946E-1 1.92904E-1 1.93566E-1 1.86997E-1 1.8615E-1 2.28032E-1 2.1911E-1 2.27916E-1 2.45451E-1 3.1508E-1 3.54775E-1 3.70271E-1 4.05821E-1 4.06199E-1 4.60549E-1 4.83095E-1 5.13593E-1 4.88218E-1 5.20882E-1 4.65567E-1 4.76068E-1 4.26455E-1 4.14219E-1 4.06318E-1 4.38087E-1 4.52329E-1 4.46525E-1 4.28758E-1 4.35436E-1 4.44434E-1 4.54284E-1 4.05631E-1 4.80027E-1 4.92384E-1 4.81124E-1 4.38554E-1 4.64955E-1 4.85248E-1 5.53326E-1 5.72771E-1 5.64625E-1 5.6574E-1 5.59851E-1 5.61855E-1 5.56813E-1 5.6466E-1 5.85292E-1 6.32503E-1 6.48466E-1 6.53438E-1 6.61022E-1 6.54177E-1 6.33105E-1
8.51277E-1 8.04704E-1 7.55204E-1 5.8374E-1 5.40938E-1 6.40918E-1 6.44646E-1 6.42072E-1 3.58442E-1 2.275E-1 1.92497E-1 1.73653E-1 1.73123E-1 1.97984E-1 2.11868E-1 2.38871E-1 2.43583E-1 3.20652E-1 3.52362E-1 3.85592E-1 4.2567E-1 4.43629E-1 4.7867E-1 5.07712E-1 5.13355E-1 4.98729E-1 5.13055E-1 4.90284E-1 5.01149E-1 4.65387E-1 4.41969E-1 4.41593E-1 4.63282E-1 4.75498E-1 4.70792E-1 4.62705E-1 4.50842E-1 4.51532E-1 4.61736E-1 4.46242E-1 4.33733E-1 4.53407E-1 4.629E-1 4.6826E-1 4.70509E-1 5.27323E-1 5.61541E-1 5.80857E-1 5.88465E-1 5.92486E-1 5.97791E-1 5.92233E-1 5.91922E-1 6.02249E-1 6.14072E-1 6.28873E-1 6.5488E-1 6.63182E-1 6.74062E-1 6.60963E-1 6.36067E-1
8.45593E-1 7.86969E-1 7.69605E-1 6.9715E-1 6.76487E-1 7.84992E-1 6.98063E-1 6.92042E-1 5.07542E-1 4.01766E-1 2.64225E-1 1.83034E-1 1.77971E-1 1.81937E-1 2.26773E-1 2.70535E-1 2.75883E-1 3.80483E-1 3.89472E-1 4.14275E-1 4.37211E-1 4.58045E-1 4.92968E-1 4.8905E-1 4.91657E-1 5.06889E-1 5.23895E-1 5.27461E-1 5.07038E-1 4.78189E-1 4.64317E-1 4.86402E-1 4.64833E-1 4.91914E-1 4.74646E-1 5.01993E-1 4.81045E-1 4.84509E-1 5.13647E-1 5.0848E-1 5.06775E-1 4.47657E-1 4.63453E-1 4.76266E-1 4.65779E-1 5.05341E-1 5.08012E-1 5.53463E-1 6.04854E-1 6.38511E-1 6.54471E-1 6.41869E-1 6.3763E-1 6.23487E-1 6.38669E-1 6.47783E-1 6.67824E-1 6.73074E-1 6.78062E-1 6.68437E-1 6.61328E-1
8.31879E-1 7.92613E-1 7.92993E-1 7.92145E-1 8.08594E-1 8.22969E-1 6.11136E-1 6.56027E-1 5.80596E-1 5.33518E-1 3.56782E-1 2.19397E-1 2.09091E-1 2.23825E-1 2.6208E-1 3.07831E-1 2.61563E-1 3.45317E-1 3.88742E-1 3.89508E-1 4.52723E-1 4.55499E-1 4.70371E-1 4.99695E-1 5.06125E-1 4.97163E-1 5.27832E-1 5.3308E-1 5.00581E-1 4.92365E-1 4.87918E-1 4.89282E-1 4.68979E-1 5.05577E-1 5.03792E-1 5.07742E-1 5.26971E-1 5.25356E-1 5.24226E-1 5.18552E-1 5.33666E-1 4.55729E-1 4.65263E-1 4.85209E-1 4.72505E-1 5.05815E-1 5.51681E-1 5.92405E-1 6.11274E-1 6.42209E-1 6.67438E-1 6.62776E-1 6.51386E-1 6.56576E-1 6.65878E-1 6.68827E-1 6.92087E-1 6.91388E-1 6.86476E-1 6.84531E-1 6.77118E-1
8.5661E-1 8.24462E-1 8.24179E-1 8.27173E-1 8.834E-1 8.26863E-1 7.88029E-1 8.42265E-1 6.62473E-1 4.68305E-1 4.41062E-1 4.33343E-1 2.92458E-1 2.84348E-1 3.25375E-1 3.35958E-1 3.5947E-1 4.1559E-1 4.32427E-1 4.21102E-1 4.56113E-1 4.57923E-1 5.15552E-1 5.38949E-1 5.57966E-1 5.65047E-1 5.17096E-1 5.24054E-1 5.1618E-1 5.16448E-1 4.79937E-1 4.77667E-1 5.15772E-1 5.31036E-1 5.19897E-1 5.45722E-1 5.68109E-1 5.52428E-1 5.54202E-1 5.33974E-1 5.44322E-1 4.56295E-1 4.4523E-1 4.84494E-1 4.98123E-1 5.09764E-1 5.52189E-1 6.06426E-1 6.41398E-1 6.59552E-1 6.70938E-1 6.72619E-1 6.67135E-1 6.61418E-1 6.71441E-1 6.92404E-1 6.96811E-1 7.03974E-1 6.88439E-1 6.89258E-1 7.11789E-1
8.63228E-1 8.51923E-1 8.65725E-1 8.85719E-1 9.22543E-1 8.97054E-1 8.49768E-1 8.74906E-1 8.22077E-1 7.13952E-1 5.12475E-1 6.08765E-1 4.58794E-1 3.79992E-1 3.26701E-1 3.06739E-1 3.54901E-1 4.47127E-1 4.08981E-1 4.83125E-1 5.08802E-1 5.05954E-1 5.12449E-1 5.03895E-1 5.27253E-1 5.49286E-1 5.34291E-1 5.30024E-1 5.377E-1 5.05613E-1 4.79044E-1 4.76589E-1 5.27134E-1 5.24166E-1 5.74612E-1 5.72686E-1 5.96476E-1 5.95371E-1 5.92436E-1 5.75019E-1 5.57108E-1 4.96522E-1 4.20942E-1 5.08365E-1 5.42575E-1 5.32229E-1 5.15975E-1 6.06348E-1 6.76344E-1 6.7901E-1 6.70473E-1 6.7245E-1 6.71446E-1 6.86413E-1 6.82176E-1 7.13899E-1 7.12987E-1 7.18737E-1 7.00223E-1 7.03021E-1 7.29422E-1
8.57961E-1 8.7474E-1 9.07037E-1 9.29939E-1 9.36892E-1 8.91364E-1 8.06456E-1 8.71204E-1 8.10014E-1 6.56858E-1 8.08303E-1 6.84346E-1 4.75278E-1 3.85942E-1 3.80158E-1 3.56602E-1 3.57988E-1 4.08066E-1 3.49506E-1 4.92849E-1 5.03622E-1 4.78673E-1 4.79255E-1 4.42311E-1 4.4668E-1 4.87228E-1 5.41389E-1 5.18889E-1 5.16198E-1 5.15423E-1 4.61021E-1 4.90249E-1 5.15161E-1 4.71932E-1 5.81796E-1 5.74043E-1 6.15802E-1 6.14324E-1 5.8546E-1 6.09162E-1 5.9947E-1 5.34881E-1 4.5628E-1 5.27576E-1 5.62668E-1 5.19399E-1 5.31983E-1 6.24941E-1 6.86148E-1 7.01824E-1 7.07138E-1 6.9376E-1 6.75877E-1 7.02241E-1 7.39967E-1 7.3613E-1 7.28827E-1 7.32467E-1 7.29809E-1 7.29694E-1 7.30615E-1
8.3081E-1 8.72419E-1 9.21796E-1 9.23394E-1 9.32051E-1 9.1972E-1 8.86199E-1 9.01494E-1 8.78102E-1 8.1326E-1 8.70735E-1 8.85871E-1 6.55837E-1 4.83247E-1 3.74872E-1 3.70513E-1 3.628E-1 3.70128E-1 3.69165E-1 4.94529E-1 4.96086E-1 4.4758E-1 4.76189E-1 4.50968E-1 4.49542E-1 4.70084E-1 5.23548E-1 5.17063E-1 5.16774E-1 4.96949E-1 4.95554E-1 5.17356E-1 5.23571E-1 5.64523E-1 5.97608E-1 6.29279E-1 6.27954E-1 6.05586E-1 5.9611E-1 6.11437E-1 5.97478E-1 5.56758E-1 4.8322E-1 4.63625E-1 5.30517E-1 5.75896E-1 5.91084E-1 6.5245E-1 6.7876E-1 6.98991E-1 7.28044E-1 6.98286E-1 6.72054E-1 7.0285E-1 7.54722E-1 7.36861E-1 7.35871E-1 7.45558E-1 7.40817E-1 7.39113E-1 7.45817E-1
