maxent_outputs/red_flowers_linear/red_68.asc
ncols         426
nrows         180
xllcorner     -130.0
yllcorner     24.0
cellsize      0.16666666666666666
NODATA_value  -9999
[rows 108 to 134 of 180, columns 122 to 182 of 426]
8.45104E-2 7.24371E-2 5.316E-2 5.68129E-2 5.99366E-2 7.85061E-2 8.94446E-2 8.57989E-2 7.80163E-2 7.22866E-2 6.30512E-2 5.57076E-2 5.30253E-2 4.63895E-2 4.60983E-2 4.35728E-2 4.66414E-2 3.78063E-2 3.79045E-2 3.6344E-2 7.91618E-2 8.15578E-2 8.01169E-2 4.04019E-2 2.84019E-2 6.70586E-2 9.28394E-2 1.02438E-1 1.1252E-1 1.12452E-1 1.3262E-1 1.52899E-1 1.44832E-1 1.3414E-1 1.65071E-1 1.86496E-1 1.80979E-1 1.7584E-1 1.84245E-1 1.9372E-1 2.00616E-1 2.03783E-1 2.18787E-1 2.04438E-1 1.93077E-1 1.89331E-1 2.08492E-1 2.12029E-1 2.21311E-1 2.2962E-1 2.41427E-1 2.46555E-1 2.45492E-1 2.52293E-1 2.56104E-1 2.57117E-1 2.51781E-1 2.49429E-1 2.51078E-1 2.50575E-1 2.55415E-1
7.25432E-2 6.13663E-2 5.17883E-2 6.48504E-2 7.43536E-2 8.05461E-2 8.13298E-2 7.73845E-2 7.13505E-2 6.57628E-2 5.83355E-2 5.40913E-2 5.79316E-2 6.43177E-2 6.95742E-2 6.29321E-2 6.95831E-2 7.31668E-2 5.99684E-2 7.45542E-2 9.26921E-2 7.9856E-2 8.57642E-2 5.23815E-2 4.39735E-2 8.00297E-2 9.86033E-2 1.01026E-1 1.06294E-1 1.19194E-1 1.47014E-1 1.73104E-1 1.79912E-1 1.77732E-1 1.85758E-1 1.97995E-1 1.90106E-1 1.81543E-1 1.87558E-1 2.02184E-1 2.06743E-1 2.21422E-1 2.29477E-1 2.24314E-1 2.06966E-1 2.07603E-1 2.29914E-1 2.43488E-1 2.48395E-1 2.52291E-1 2.48246E-1 2.40851E-1 2.35028E-1 2.38181E-1 2.44784E-1 2.5218E-1 2.51366E-1 2.54105E-1 2.52858E-1 2.52785E-1 2.60714E-1
7.18062E-2 6.38927E-2 5.17638E-2 6.57879E-2 6.36676E-2 6.6904E-2 7.02671E-2 6.30054E-2 6.02184E-2 6.64902E-2 6.05992E-2 6.13764E-2 6.62038E-2 7.10433E-2 8.28224E-2 8.65874E-2 9.89878E-2 1.20274E-1 1.03064E-1 1.04605E-1 9.48516E-2 8.39297E-2 8.85555E-2 8.39009E-2 8.0009E-2 9.07182E-2 1.03821E-1 9.92063E-2 1.04177E-1 1.20946E-1 1.58999E-1 1.84152E-1 1.83321E-1 1.86546E-1 2.17371E-1 2.17183E-1 2.01972E-1 2.00706E-1 1.97163E-1 2.10535E-1 2.17967E-1 2.33818E-1 2.40663E-1 2.42024E-1 2.38264E-1 2.38062E-1 2.41071E-1 2.47974E-1 2.3901E-1 2.4491E-1 2.38241E-1 2.40309E-1 2.37929E-1 2.39996E-1 2.40791E-1 2.52784E-1 2.58545E-1 2.58615E-1 2.55064E-1 2.61351E-1 2.67606E-1
8.63731E-2 7.61819E-2 7.05469E-2 8.3669E-2 7.41346E-2 6.56158E-2 6.3034E-2 5.82161E-2 6.04248E-2 6.43945E-2 6.5336E-2 6.56668E-2 6.36367E-2 4.63998E-2 8.32274E-2 9.7894E-2 1.05586E-1 1.14697E-1 1.14861E-1 1.19478E-1 1.04856E-1 9.75371E-2 8.94431E-2 8.9596E-2 8.70637E-2 1.14311E-1 1.30168E-1 1.42041E-1 1.45448E-1 1.6345E-1 1.93103E-1 2.06801E-1 2.08758E-1 2.15526E-1 2.42419E-1 2.34522E-1 2.26579E-1 2.21232E-1 2.16367E-1 2.2142E-1 2.2721E-1 2.2586E-1 2.32705E-1 2.44459E-1 2.54139E-1 2.61259E-1 2.56267E-1 2.44785E-1 2.26285E-1 2.34354E-1 2.3448E-1 2.34843E-1 2.46826E-1 2.55188E-1 2.58169E-1 2.6439E-1 2.66537E-1 2.65989E-1 2.68986E-1 2.70785E-1 2.7765E-1
9.50478E-2 9.17365E-2 8.71455E-2 7.8269E-2 6.71022E-2 6.58967E-2 6.29621E-2 5.5963E-2 5.48502E-2 6.36981E-2 7.3399E-2 7.19002E-2 6.45657E-2 7.47981E-2 9.69188E-2 1.03726E-1 1.10181E-1 1.23899E-1 1.3709E-1 1.05298E-1 9.97341E-2 8.74549E-2 8.50064E-2 7.90342E-2 9.44528E-2 1.22054E-1 1.37286E-1 1.53954E-1 1.63774E-1 1.67456E-1 1.93296E-1 2.16395E-1 2.16846E-1 2.15923E-1 2.38047E-1 2.33089E-1 2.2216E-1 2.21642E-1 2.14997E-1 2.1485E-1 2.15819E-1 2.01792E-1 1.98688E-1 2.06732E-1 2.20662E-1 2.36593E-1 2.55541E-1 2.39558E-1 2.19779E-1 2.24498E-1 2.32545E-1 2.43781E-1 2.51939E-1 2.64622E-1 2.66606E-1 2.70211E-1 2.83014E-1 2.79719E-1 2.80646E-1 2.8325E-1 2.88332E-1
9.71489E-2 9.62033E-2 9.23524E-2 7.93675E-2 7.96231E-2 7.80029E-2 6.78106E-2 5.37236E-2 5.53191E-2 6.0371E-2 8.20939E-2 8.53089E-2 9.75802E-2 1.02896E-1 1.03759E-1 1.17588E-1 1.23633E-1 1.46674E-1 1.60278E-1 1.16079E-1 8.54215E-2 8.57616E-2 8.28527E-2 7.62473E-2 9.36272E-2 1.10009E-1 1.30045E-1 1.48469E-1 1.74937E-1 1.85228E-1 1.99394E-1 2.16057E-1 2.23338E-1 2.21739E-1 2.22782E-1 2.24757E-1 2.23739E-1 2.20951E-1 2.1573E-1 2.21806E-1 2.02532E-1 1.91602E-1 1.92006E-1 1.96706E-1 2.10695E-1 2.20244E-1 2.37002E-1 2.38098E-1 2.29111E-1 2.36998E-1 2.47305E-1 2.66703E-1 2.72389E-1 2.79326E-1 2.83397E-1 2.93467E-1 2.97671E-1 2.91268E-1 2.91311E-1 2.84398E-1 2.97447E-1
1.01213E-1 9.92995E-2 9.54546E-2 9.22198E-2 8.22564E-2 7.19826E-2 6.52274E-2 5.44899E-2 5.08367E-2 6.67028E-2 8.84824E-2 8.06441E-2 9.50455E-2 1.11131E-1 1.11759E-1 1.23572E-1 1.241E-1 1.33292E-1 1.32106E-1 1.13641E-1 8.61004E-2 8.70181E-2 8.66503E-2 8.48936E-2 8.63008E-2 1.0862E-1 1.35071E-1 1.56638E-1 1.73897E-1 2.04915E-1 2.05578E-1 1.98402E-1 1.89445E-1 1.9103E-1 2.07788E-1 2.10523E-1 2.09927E-1 1.92467E-1 1.92703E-1 1.96983E-1 1.92486E-1 1.98971E-1 1.9599E-1 2.03404E-1 2.1083E-1 2.2436E-1 2.38658E-1 2.46338E-1 2.7504E-1 2.75687E-1 2.70727E-1 2.87115E-1 2.89062E-1 2.96686E-1 2.99814E-1 3.07906E-1 3.13854E-1 3.00698E-1 3.06298E-1 3.06418E-1 3.01625E-1
1.02709E-1 1.02408E-1 9.80225E-2 9.39157E-2 8.42553E-2 7.25663E-2 6.05418E-2 5.41041E-2 5.88639E-2 6.56652E-2 6.65016E-2 6.43613E-2 7.94724E-2 1.14035E-1 1.1164E-1 1.29593E-1 1.28014E-1 1.30545E-1 1.30437E-1 1.09868E-1 9.23285E-2 8.93354E-2 8.75515E-2 8.57349E-2 8.59654E-2 9.70601E-2 1.24143E-1 1.4801E-1 1.60113E-1 1.8653E-1 2.14876E-1 2.10559E-1 2.0846E-1 1.92209E-1 1.79196E-1 1.69626E-1 1.70325E-1 1.76324E-1 1.84025E-1 1.88859E-1 1.94431E-1 2.073E-1 2.05365E-1 2.09279E-1 2.11536E-1 2.18962E-1 2.29677E-1 2.29926E-1 2.44541E-1 2.86118E-1 3.16501E-1 3.05565E-1 3.17284E-1 3.21544E-1 3.2628E-1 3.23514E-1 3.28488E-1 3.29184E-1 3.21087E-1 3.12793E-1 3.04502E-1
1.17217E-1 1.11193E-1 1.03093E-1 9.58833E-2 8.47272E-2 7.85685E-2 7.19407E-2 6.28197E-2 6.05857E-2 5.90338E-2 6.18673E-2 7.70177E-2 9.72663E-2 1.15913E-1 1.21487E-1 1.30159E-1 1.30529E-1 1.25938E-1 1.28253E-1 1.07201E-1 9.29775E-2 9.89713E-2 9.81468E-2 9.21412E-2 9.6439E-2 9.97721E-2 1.14406E-1 1.40267E-1 1.57849E-1 1.81301E-1 1.9706E-1 2.09397E-1 2.1308E-1 2.07164E-1 2.02299E-1 1.88321E-1 1.81269E-1 1.90005E-1 1.95863E-1 1.93828E-1 2.01275E-1 2.00599E-1 2.03193E-1 2.07852E-1 2.14816E-1 2.26578E-1 2.28937E-1 2.44324E-1 2.53868E-1 2.80353E-1 3.12374E-1 3.3161E-1 3.39011E-1 3.44049E-1 3.40563E-1 3.39909E-1 3.44848E-1 3.43925E-1 3.32973E-1 3.21444E-1 3.2076E-1
1.14539E-1 1.19602E-1 1.07692E-1 9.49376E-2 8.63968E-2 7.73032E-2 7.42015E-2 6.49054E-2 5.95182E-2 5.66856E-2 7.14396E-2 8.53255E-2 1.03405E-1 1.20008E-1 1.29203E-1 1.35027E-1 1.36075E-1 1.2451E-1 1.28955E-1 1.17304E-1 9.50579E-2 9.54491E-2 1.02545E-1 1.03594E-1 1.10141E-1 1.16657E-1 1.26117E-1 1.35509E-1 1.51943E-1 1.72272E-1 1.83215E-1 1.97325E-1 2.11095E-1 2.1587E-1 2.17571E-1 2.05404E-1 1.95769E-1 1.97673E-1 2.07133E-1 1.98095E-1 1.93624E-1 1.99927E-1 2.07384E-1 2.09007E-1 2.11815E-1 2.25116E-1 2.38048E-1 2.46856E-1 2.50916E-1 2.56426E-1 2.70887E-1 3.22483E-1 3.44676E-1 3.49403E-1 3.48362E-1 3.4604E-1 3.44109E-1 3.37152E-1 3.39031E-1 3.37492E-1 3.34148E-1
8.93606E-2 1.05565E-1 9.75272E-2 8.44977E-2 7.73435E-2 7.02033E-2 6.16489E-2 6.21952E-2 5.61328E-2 5.49031E-2 6.65138E-2 7.62278E-2 7.91838E-2 9.44917E-2 1.24535E-1 1.34306E-1 1.3873E-1 1.2698E-1 1.272E-1 1.22002E-1 1.07373E-1 1.09877E-1 1.10061E-1 1.05282E-1 1.13346E-1 1.34861E-1 1.39423E-1 1.46455E-1 1.58188E-1 1.76329E-1 1.83675E-1 2.03702E-1 2.22099E-1 2.2344E-1 2.10978E-1 2.12379E-1 2.1591E-1 2.11664E-1 2.02905E-1 2.00284E-1 2.02841E-1 2.08892E-1 2.15076E-1 2.23262E-1 2.27549E-1 2.36771E-1 2.47659E-1 2.57106E-1 2.63754E-1 2.7063E-1 2.81325E-1 3.31541E-1 3.43546E-1 3.49453E-1 3.46996E-1 3.48194E-1 3.57509E-1 3.49559E-1 3.44386E-1 3.43828E-1 3.43374E-1
6.04848E-2 7.83855E-2 8.33893E-2 7.29049E-2 5.90969E-2 5.98074E-2 5.59532E-2 5.03627E-2 5.91636E-2 6.51364E-2 7.05807E-2 7.16344E-2 7.55063E-2 8.99669E-2 1.03128E-1 1.30621E-1 1.47312E-1 1.42989E-1 1.36142E-1 1.27956E-1 1.24099E-1 1.18596E-1 1.24025E-1 1.14503E-1 1.20871E-1 1.44591E-1 1.56729E-1 1.62502E-1 1.69508E-1 1.75833E-1 1.86478E-1 2.03127E-1 2.1536E-1 2.20567E-1 2.11374E-1 2.07301E-1 2.1528E-1 2.16772E-1 2.20608E-1 2.20831E-1 2.17363E-1 2.14878E-1 2.14279E-1 2.2797E-1 2.32E-1 2.44879E-1 2.56395E-1 2.64731E-1 2.73351E-1 2.78076E-1 2.83049E-1 3.10779E-1 3.44119E-1 3.4488E-1 3.51213E-1 3.48639E-1 3.50832E-1 3.42516E-1 3.46339E-1 3.48078E-1 3.56132E-1
5.95137E-2 4.47803E-2 5.3979E-2 6.39473E-2 6.51818E-2 6.36323E-2 6.55323E-2 6.02146E-2 6.40398E-2 6.11711E-2 6.76379E-2 7.50896E-2 7.30011E-2 1.02264E-1 1.24097E-1 1.40423E-1 1.53878E-1 1.47598E-1 1.41604E-1 1.39641E-1 1.33851E-1 1.38359E-1 1.33838E-1 1.36054E-1 1.30824E-1 1.37827E-1 1.51797E-1 1.73959E-1 1.85982E-1 1.89281E-1 1.91204E-1 2.01266E-1 2.1534E-1 2.15004E-1 2.06156E-1 2.05603E-1 2.09055E-1 2.06683E-1 2.07661E-1 2.14451E-1 2.17787E-1 2.24507E-1 2.24581E-1 2.36853E-1 2.40207E-1 2.47414E-1 2.64527E-1 2.70512E-1 2.76114E-1 2.79286E-1 2.86114E-1 2.98792E-1 3.27524E-1 3.42508E-1 3.43541E-1 3.5241E-1 3.56204E-1 3.55815E-1 3.57556E-1 3.62241E-1 3.68543E-1
8.38142E-2 7.15771E-2 6.72208E-2 8.06949E-2 7.92507E-2 9.15072E-2 7.24883E-2 6.45451E-2 6.42069E-2 6.5679E-2 6.82639E-2 7.80699E-2 8.4731E-2 1.14777E-1 1.57865E-1 1.70551E-1 1.59795E-1 1.4986E-1 1.44109E-1 1.55627E-1 1.47552E-1 1.56239E-1 1.62636E-1 1.52261E-1 1.43215E-1 1.57761E-1 1.70592E-1 1.84157E-1 1.91687E-1 2.01291E-1 2.09837E-1 2.06536E-1 2.16196E-1 2.13074E-1 1.97005E-1 1.96667E-1 1.9746E-1 1.99255E-1 2.07353E-1 2.15864E-1 2.27078E-1 2.36746E-1 2.35246E-1 2.46254E-1 2.50351E-1 2.61699E-1 2.73185E-1 2.83846E-1 2.86124E-1 2.8163E-1 2.95705E-1 3.0234E-1 3.28561E-1 3.35209E-1 3.42051E-1 3.51412E-1 3.51745E-1 3.60503E-1 3.70935E-1 3.77148E-1 3.86672E-1
1.21653E-1 1.05601E-1 1.13767E-1 1.08225E-1 1.19015E-1 8.88529E-2 6.32289E-2 5.41377E-2 6.29461E-2 6.41958E-2 5.95568E-2 8.28571E-2 1.17234E-1 1.38066E-1 1.78927E-1 1.76893E-1 1.67899E-1 1.67383E-1 1.56859E-1 1.81336E-1 1.82666E-1 1.84793E-1 1.84815E-1 1.45886E-1 1.36923E-1 1.46414E-1 1.54453E-1 1.9835E-1 2.06058E-1 2.12067E-1 2.20612E-1 2.09178E-1 2.13881E-1 2.14729E-1 2.04538E-1 1.94566E-1 1.93352E-1 2.00566E-1 2.06855E-1 2.12793E-1 2.34101E-1 2.46892E-1 2.45473E-1 2.48881E-1 2.62233E-1 2.7924E-1 3.10683E-1 3.0142E-1 3.01874E-1 2.90888E-1 3.01131E-1 3.35607E-1 3.39035E-1 3.43012E-1 3.50586E-1 3.43235E-1 3.5153E-1 3.65313E-1 3.77185E-1 3.89271E-1 3.91578E-1
1.58433E-1 1.54224E-1 1.66867E-1 1.48419E-1 1.51405E-1 9.94028E-2 6.54014E-2 6.10316E-2 6.30428E-2 7.299E-2 6.59221E-2 9.76836E-2 1.36375E-1 1.91527E-1 1.99619E-1 1.98543E-1 1.89429E-1 1.77836E-1 1.77112E-1 2.10259E-1 2.19445E-1 2.09977E-1 1.7893E-1 1.0684E-1 1.40007E-1 1.70626E-1 1.77167E-1 2.06775E-1 2.21093E-1 2.22763E-1 2.34967E-1 2.18482E-1 2.15526E-1 2.13931E-1 2.18821E-1 2.04999E-1 2.0422E-1 2.12144E-1 2.18416E-1 2.18116E-1 2.25445E-1 2.41099E-1 2.49842E-1 2.57649E-1 2.69811E-1 2.80555E-1 2.91853E-1 2.99423E-1 3.08506E-1 3.30342E-1 3.3148E-1 3.39909E-1 3.3246E-1 3.36834E-1 3.55923E-1 3.643E-1 3.69955E-1 3.76891E-1 3.86627E-1 3.84963E-1 3.88613E-1
1.97682E-1 1.80484E-1 2.16399E-1 1.87536E-1 1.72037E-1 1.2015E-1 8.61657E-2 8.03494E-2 9.07503E-2 8.60375E-2 7.66404E-2 1.15124E-1 1.65803E-1 2.01785E-1 2.14227E-1 2.12977E-1 1.8736E-1 1.73736E-1 2.03299E-1 2.26734E-1 2.23517E-1 2.16729E-1 1.93222E-1 1.2737E-1 1.212E-1 1.49644E-1 1.79596E-1 2.00205E-1 2.27823E-1 2.31075E-1 2.35685E-1 2.30192E-1 2.2828E-1 2.25294E-1 2.35249E-1 2.02438E-1 2.04593E-1 2.15874E-1 2.22241E-1 2.3041E-1 2.36856E-1 2.442E-1 2.46504E-1 2.60118E-1 2.75469E-1 2.7775E-1 2.91545E-1 2.98202E-1 3.03103E-1 3.33722E-1 3.40562E-1 3.33326E-1 3.31288E-1 3.44263E-1 3.64123E-1 3.78606E-1 3.8029E-1 3.92862E-1 3.86897E-1 3.8629E-1 3.91712E-1
2.5234E-1 2.55642E-1 2.63305E-1 1.80904E-1 1.49514E-1 1.60135E-1 1.57046E-1 1.27433E-1 1.09491E-1 9.60528E-2 8.52704E-2 1.21958E-1 1.78855E-1 2.20995E-1 2.39554E-1 2.2021E-1 1.98535E-1 1.95092E-1 2.38945E-1 2.31843E-1 2.21252E-1 2.26918E-1 2.17871E-1 1.26209E-1 1.1954E-1 1.52123E-1 1.78952E-1 2.05046E-1 2.26723E-1 2.30511E-1 2.32429E-1 2.29818E-1 2.36915E-1 2.34904E-1 2.39871E-1 2.01942E-1 2.07488E-1 2.20264E-1 2.30658E-1 2.38008E-1 2.46492E-1 2.55995E-1 2.555E-1 2.66768E-1 2.77041E-1 2.81686E-1 2.96645E-1 3.01662E-1 3.14807E-1 3.48633E-1 3.6077E-1 3.48745E-1 3.40414E-1 3.546E-1 3.71138E-1 3.81012E-1 3.88483E-1 3.9851E-1 3.93418E-1 3.95186E-1 4.07176E-1
3.25399E-1 3.05489E-1 2.78238E-1 2.35597E-1 1.83039E-1 1.80624E-1 1.78832E-1 1.58892E-1 1.22601E-1 1.16657E-1 1.21758E-1 1.30994E-1 1.94183E-1 2.28189E-1 2.33587E-1 2.25346E-1 2.07598E-1 2.09056E-1 2.46789E-1 2.41569E-1 2.1779E-1 2.3014E-1 2.341E-1 1.17783E-1 1.34886E-1 1.63165E-1 1.87596E-1 2.04468E-1 2.2117E-1 2.31716E-1 2.39338E-1 2.48344E-1 2.37166E-1 2.40985E-1 2.49131E-1 2.19092E-1 2.16458E-1 2.25468E-1 2.42148E-1 2.49059E-1 2.58666E-1 2.58918E-1 2.60374E-1 2.70011E-1 2.80438E-1 2.84452E-1 2.89508E-1 3.09722E-1 3.09548E-1 3.59672E-1 3.61159E-1 3.42132E-1 3.51281E-1 3.64989E-1 3.80854E-1 3.93805E-1 4.00135E-1 4.03489E-1 4.05965E-1 4.12067E-1 4.11805E-1
3.07759E-1 2.95134E-1 2.70455E-1 2.40384E-1 2.33504E-1 2.24156E-1 1.96308E-1 1.6281E-1 1.67237E-1 1.73216E-1 1.75947E-1 1.70184E-1 2.02327E-1 2.32842E-1 2.41946E-1 2.41164E-1 2.22266E-1 2.08866E-1 2.40578E-1 2.54651E-1 2.29482E-1 2.32155E-1 2.28409E-1 1.21566E-1 1.34651E-1 1.57355E-1 1.94701E-1 2.06529E-1 2.24918E-1 2.36783E-1 2.41164E-1 2.49771E-1 2.51214E-1 2.54806E-1 2.64347E-1 2.47915E-1 2.35053E-1 2.38754E-1 2.6072E-1 2.64685E-1 2.58304E-1 2.67163E-1 2.75055E-1 2.77819E-1 2.82856E-1 2.7733E-1 2.91902E-1 3.21029E-1 3.56162E-1 3.66108E-1 3.60931E-1 3.71205E-1 3.65881E-1 3.64285E-1 3.85383E-1 3.94265E-1 4.04455E-1 4.1197E-1 4.1357E-1 4.1516E-1 4.17349E-1
2.87435E-1 2.95753E-1 2.74077E-1 2.44523E-1 2.24125E-1 2.01878E-1 1.81814E-1 1.69302E-1 1.85919E-1 1.90071E-1 2.07064E-1 2.03722E-1 2.29116E-1 2.23699E-1 2.36756E-1 2.61696E-1 2.40772E-1 2.16471E-1 2.24972E-1 2.657E-1 2.40052E-1 2.41928E-1 2.43295E-1 2.07377E-1 1.72577E-1 1.76916E-1 1.94118E-1 2.01533E-1 2.19313E-1 2.38726E-1 2.57207E-1 2.69253E-1 2.72321E-1 2.72241E-1 2.83773E-1 2.85419E-1 2.74117E-1 2.71347E-1 2.84829E-1 2.81217E-1 2.71536E-1 2.77943E-1 2.90235E-1 2.9602E-1 2.85186E-1 2.88585E-1 2.97126E-1 3.17113E-1 3.5067E-1 3.60013E-1 3.64019E-1 3.74578E-1 3.82888E-1 3.77517E-1 3.7855E-1 3.88076E-1 4.07968E-1 4.18539E-1 4.21741E-1 4.22709E-1 4.13571E-1
2.90769E-1 2.75271E-1 2.64497E-1 2.49552E-1 2.14584E-1 2.02707E-1 2.06335E-1 2.04774E-1 2.09037E-1 2.10688E-1 2.15822E-1 2.58498E-1 2.63189E-1 2.32635E-1 2.40107E-1 2.46372E-1 2.59544E-1 2.56927E-1 2.43973E-1 2.74412E-1 2.4689E-1 2.52809E-1 2.35127E-1 2.12809E-1 2.15863E-1 2.14046E-1 2.28037E-1 2.14755E-1 2.0682E-1 2.38093E-1 2.66642E-1 2.89368E-1 2.99505E-1 2.96402E-1 3.00023E-1 2.95752E-1 2.79662E-1 2.89535E-1 3.01264E-1 3.07208E-1 2.95084E-1 3.04431E-1 3.2327E-1 3.21623E-1 3.21386E-1 3.20144E-1 3.1302E-1 3.13268E-1 3.19532E-1 3.32986E-1 3.66271E-1 3.85525E-1 3.99115E-1 3.93347E-1 3.81318E-1 3.8912E-1 3.89207E-1 4.11323E-1 4.26621E-1 4.33815E-1 4.06875E-1
2.83267E-1 2.8571E-1 2.65578E-1 2.66831E-1 2.28807E-1 2.33167E-1 2.26553E-1 2.20086E-1 2.19951E-1 2.29985E-1 2.34326E-1 2.66373E-1 2.74321E-1 2.60837E-1 2.46982E-1 2.40505E-1 2.49295E-1 2.82554E-1 2.62099E-1 2.77058E-1 2.44755E-1 2.36224E-1 2.20258E-1 2.10628E-1 2.28458E-1 2.34586E-1 2.44612E-1 2.50091E-1 2.20372E-1 2.35003E-1 2.76622E-1 2.87301E-1 2.89598E-1 3.09289E-1 3.09171E-1 3.00406E-1 2.88226E-1 3.02797E-1 3.16774E-1 3.18515E-1 3.04972E-1 3.19277E-1 3.37588E-1 3.38145E-1 3.30294E-1 3.28387E-1 3.17427E-1 3.26768E-1 3.33679E-1 3.47003E-1 3.73158E-1 3.96773E-1 4.12743E-1 4.18175E-1 3.86935E-1 3.77724E-1 3.78601E-1 3.87116E-1 4.00673E-1 4.12406E-1 4.02801E-1
2.70081E-1 2.49265E-1 2.55019E-1 2.57312E-1 2.46554E-1 2.37657E-1 2.44518E-1 2.26007E-1 2.19302E-1 2.32279E-1 2.3941E-1 2.6481E-1 3.06676E-1 2.83858E-1 2.59873E-1 2.69827E-1 2.58314E-1 2.66528E-1 2.73589E-1 2.55851E-1 2.40306E-1 2.39649E-1 2.12864E-1 2.1284E-1 2.29911E-1 2.42787E-1 2.49828E-1 2.56774E-1 2.22724E-1 2.21155E-1 2.82021E-1 2.75202E-1 2.78491E-1 2.96949E-1 3.16342E-1 3.10635E-1 3.09394E-1 3.19688E-1 3.33168E-1 3.19939E-1 3.28977E-1 3.39017E-1 3.57932E-1 3.66659E-1 3.4611E-1 3.43151E-1 3.33608E-1 3.36033E-1 3.45908E-1 3.46298E-1 3.72065E-1 3.88592E-1 4.07906E-1 4.26431E-1 4.05689E-1 4.031E-1 4.10358E-1 4.06293E-1 4.125E-1 4.11746E-1 4.13251E-1
2.52254E-1 2.33332E-1 1.83492E-1 2.54096E-1 2.47195E-1 2.33313E-1 2.5395E-1 2.55717E-1 2.46808E-1 2.60269E-1 2.73617E-1 2.91576E-1 3.01388E-1 2.81098E-1 2.73242E-1 2.88445E-1 2.69008E-1 2.53886E-1 2.91594E-1 2.86896E-1 2.40289E-1 2.3765E-1 2.1111E-1 2.1224E-1 2.26685E-1 2.5097E-1 2.6733E-1 2.8742E-1 2.47689E-1 2.63552E-1 2.81283E-1 2.74737E-1 2.87608E-1 2.94151E-1 3.12609E-1 3.19401E-1 3.12292E-1 3.34268E-1 3.40181E-1 3.33724E-1 3.33956E-1 3.68929E-1 3.73965E-1 3.88639E-1 3.75054E-1 3.66912E-1 3.62841E-1 3.64502E-1 3.54123E-1 3.51608E-1 3.63036E-1 3.82306E-1 3.8513E-1 3.98804E-1 4.27519E-1 4.34321E-1 4.33141E-1 4.22952E-1 4.18763E-1 4.13629E-1 4.05648E-1
2.81245E-1 2.40646E-1 2.22886E-1 2.56147E-1 2.37084E-1 2.25322E-1 2.68045E-1 2.79786E-1 2.80763E-1 2.77051E-1 2.98411E-1 2.95768E-1 3.07357E-1 2.9201E-1 2.84542E-1 2.65722E-1 2.57059E-1 2.40268E-1 2.62768E-1 3.12037E-1 2.60181E-1 2.29661E-1 2.19106E-1 2.09045E-1 2.2425E-1 2.42429E-1 2.65127E-1 2.73815E-1 2.71125E-1 2.62516E-1 2.72959E-1 2.7152E-1 2.89045E-1 2.99997E-1 3.15078E-1 3.29633E-1 3.29953E-1 3.29091E-1 3.42724E-1 3.50926E-1 3.50541E-1 3.67319E-1 3.83314E-1 3.84271E-1 3.882E-1 3.84537E-1 3.73519E-1 3.69684E-1 3.58737E-1 3.5622E-1 3.68767E-1 3.86723E-1 4.03152E-1 4.07155E-1 4.04745E-1 4.21118E-1 4.31829E-1 4.32085E-1 4.21688E-1 4.18782E-1 4.11317E-1
2.95306E-1 2.87404E-1 2.8653E-1 2.54705E-1 2.2007E-1 2.24965E-1 2.73832E-1 2.70756E-1 2.91329E-1 2.86963E-1 3.14451E-1 3.2154E-1 3.18442E-1 3.00883E-1 2.76476E-1 2.63686E-1 2.53743E-1 2.44426E-1 2.41976E-1 2.62239E-1 2.66142E-1 2.33129E-1 2.24601E-1 2.13609E-1 2.20087E-1 2.40242E-1 2.5489E-1 2.62486E-1 2.81044E-1 2.73668E-1 2.6454E-1 2.72618E-1 2.90658E-1 3.08301E-1 3.22575E-1 3.31993E-1 3.42906E-1 3.44079E-1 3.44265E-1 3.50095E-1 3.57186E-1 3.76968E-1 3.79937E-1 3.82749E-1 3.89673E-1 3.83942E-1 3.72568E-1 3.66497E-1 3.66586E-1 3.63819E-1 3.77475E-1 3.88512E-1 4.01696E-1 4.2372E-1 4.34782E-1 4.30496E-1 4.33176E-1 4.37672E-1 4.42908E-1 4.4719E-1 4.44745E-1
