maxent_outputs/red_flowers_linear/red_261.asc
ncols         426
nrows         180
xllcorner     -130.0
yllcorner     24.0
cellsize      0.16666666666666666
NODATA_value  -9999
[rows 27 to 53 of 180, columns 122 to 182 of 426]
5.78104E-2 5.72989E-2 5.73698E-2 5.77216E-2 6.00075E-2 5.93355E-2 5.5214E-2 5.46381E-2 5.4918E-2 5.23746E-2 5.04204E-2 4.93013E-2 5.04008E-2 5.36199E-2 5.60329E-2 5.53158E-2 5.57906E-2 5.65263E-2 5.87483E-2 6.10423E-2 6.10527E-2 5.94757E-2 6.11975E-2 6.20252E-2 6.41434E-2 6.23213E-2 6.50849E-2 6.1029E-2 5.39675E-2 5.28576E-2 5.51963E-2 5.91072E-2 5.91275E-2 5.31837E-2 4.85875E-2 4.63421E-2 4.5916E-2 4.58976E-2 4.4579E-2 4.3732E-2 4.17242E-2 4.06027E-2 3.97266E-2 3.9215E-2 3.80639E-2 3.78048E-2 3.99702E-2 4.09592E-2 4.06684E-2 4.04484E-2 4.08707E-2 4.01418E-2 3.94506E-2 4.03119E-2 4.15266E-2 4.18356E-2 3.97316E-2 3.89074E-2 3.78287E-2 3.77778E-2 3.85653E-2
5.11923E-2 5.30651E-2 5.47431E-2 5.58959E-2 5.81158E-2 5.70814E-2 5.52984E-2 5.28586E-2 5.17036E-2 5.16694E-2 5.01853E-2 5.07775E-2 4.98578E-2 5.04948E-2 5.13529E-2 5.43581E-2 5.59803E-2 5.57807E-2 5.46394E-2 5.54021E-2 5.77749E-2 5.87378E-2 6.20234E-2 6.28399E-2 6.39028E-2 6.85003E-2 6.91507E-2 7.09564E-2 6.20192E-2 5.93518E-2 5.56389E-2 5.28261E-2 5.31989E-2 5.17796E-2 5.05674E-2 4.73393E-2 4.6943E-2 4.56384E-2 4.54014E-2 4.45243E-2 4.46408E-2 4.26308E-2 4.20268E-2 4.04165E-2 4.00856E-2 3.96E-2 4.07483E-2 4.19906E-2 4.07162E-2 4.14986E-2 4.06315E-2 3.90491E-2 3.82823E-2 3.85558E-2 3.98687E-2 4.05679E-2 4.06209E-2 3.96779E-2 3.8159E-2 3.82242E-2 4.02645E-2
5.25875E-2 5.54912E-2 5.39827E-2 5.60131E-2 5.91974E-2 5.94808E-2 5.72819E-2 5.47207E-2 5.45134E-2 5.29317E-2 5.25862E-2 5.21231E-2 5.11674E-2 5.09781E-2 5.23857E-2 5.10562E-2 5.09249E-2 5.2437E-2 5.53555E-2 5.59506E-2 5.73826E-2 5.9356E-2 6.45419E-2 7.27114E-2 7.119E-2 7.20177E-2 6.84378E-2 7.05831E-2 6.87038E-2 6.38408E-2 5.74287E-2 5.3943E-2 5.24843E-2 4.90439E-2 4.66225E-2 4.71198E-2 4.80723E-2 4.57338E-2 4.51728E-2 4.63431E-2 4.62723E-2 4.46297E-2 4.2875E-2 4.22345E-2 4.09E-2 4.15888E-2 4.12166E-2 3.99353E-2 3.82464E-2 3.96808E-2 3.89373E-2 3.832E-2 3.70628E-2 3.72778E-2 3.90855E-2 3.97803E-2 4.03808E-2 4.19402E-2 4.05835E-2 3.85813E-2 3.82777E-2
5.69224E-2 5.84202E-2 5.80208E-2 5.9564E-2 6.06427E-2 6.20756E-2 6.19541E-2 6.12518E-2 6.00195E-2 5.86213E-2 5.6502E-2 5.59761E-2 5.4044E-2 5.46979E-2 5.60953E-2 5.39796E-2 5.34532E-2 5.4989E-2 5.65789E-2 5.86067E-2 5.94712E-2 6.19512E-2 6.55662E-2 7.05364E-2 8.33762E-2 8.55391E-2 7.15703E-2 7.06923E-2 7.39335E-2 5.97013E-2 5.4843E-2 5.26521E-2 5.27569E-2 5.02752E-2 4.59324E-2 4.57775E-2 4.62478E-2 4.63147E-2 4.5393E-2 4.63469E-2 4.59784E-2 4.40949E-2 4.40871E-2 4.34352E-2 4.16775E-2 4.23872E-2 4.1479E-2 4.02933E-2 3.86599E-2 3.86567E-2 3.90036E-2 3.79484E-2 3.74266E-2 3.71566E-2 3.7755E-2 3.91475E-2 3.96425E-2 4.00498E-2 3.92994E-2 3.79581E-2 3.70884E-2
6.57014E-2 6.65067E-2 6.56026E-2 6.45401E-2 6.58988E-2 6.4684E-2 6.50257E-2 6.44689E-2 6.50201E-2 6.42947E-2 6.05102E-2 5.94255E-2 5.7952E-2 5.44684E-2 5.70799E-2 5.62118E-2 5.61719E-2 5.72372E-2 5.6573E-2 5.50834E-2 5.77609E-2 6.17102E-2 6.95626E-2 7.16641E-2 8.02129E-2 9.06346E-2 8.0371E-2 6.85952E-2 6.90398E-2 6.46892E-2 6.01991E-2 5.55696E-2 5.2517E-2 5.12454E-2 4.7989E-2 4.71798E-2 4.56828E-2 4.5253E-2 4.56821E-2 4.41347E-2 4.31156E-2 4.27811E-2 4.27745E-2 4.41053E-2 4.27025E-2 4.40221E-2 4.34241E-2 4.22287E-2 4.1801E-2 4.09993E-2 4.03545E-2 3.83059E-2 3.7699E-2 3.75324E-2 3.75167E-2 3.6828E-2 3.71007E-2 3.73233E-2 3.60344E-2 3.53186E-2 3.60292E-2
7.41612E-2 7.31083E-2 7.09558E-2 6.9483E-2 6.92348E-2 6.82448E-2 6.86034E-2 6.66248E-2 6.46197E-2 6.38155E-2 6.50258E-2 6.60961E-2 6.09528E-2 5.7474E-2 5.79153E-2 5.87299E-2 5.97802E-2 5.89566E-2 5.86171E-2 5.956E-2 6.13535E-2 6.38481E-2 6.71482E-2 6.89057E-2 7.45845E-2 7.3221E-2 7.42005E-2 6.88688E-2 6.70899E-2 6.46846E-2 6.04553E-2 5.65525E-2 5.42595E-2 5.33843E-2 5.32591E-2 5.14678E-2 4.83343E-2 4.66226E-2 4.47985E-2 4.51673E-2 4.31911E-2 4.22291E-2 4.11746E-2 4.29009E-2 4.43081E-2 4.5648E-2 4.61932E-2 4.47164E-2 4.45835E-2 4.37296E-2 4.3134E-2 4.14065E-2 4.00996E-2 3.93219E-2 3.92187E-2 3.83424E-2 3.73906E-2 3.71716E-2 3.70115E-2 3.73733E-2 3.67422E-2
8.2557E-2 8.17719E-2 8.03782E-2 7.93658E-2 7.61704E-2 7.3E-2 6.89265E-2 6.88105E-2 6.53766E-2 6.45022E-2 6.74174E-2 6.32003E-2 6.1803E-2 6.40264E-2 6.20817E-2 6.05645E-2 6.16127E-2 6.10673E-2 6.0732E-2 6.21027E-2 6.30864E-2 6.31833E-2 6.55515E-2 6.84784E-2 7.60256E-2 7.26347E-2 6.51269E-2 7.11524E-2 7.12428E-2 6.43684E-2 6.19075E-2 5.70738E-2 5.63537E-2 5.59845E-2 5.45212E-2 5.43322E-2 5.19186E-2 4.92517E-2 4.64964E-2 4.48255E-2 4.44339E-2 4.3894E-2 4.34649E-2 4.38754E-2 4.48088E-2 4.57943E-2 4.666E-2 4.63324E-2 4.6271E-2 4.64748E-2 4.67071E-2 4.48225E-2 4.23494E-2 4.08511E-2 4.12949E-2 4.15262E-2 4.08648E-2 3.9674E-2 3.83124E-2 3.82054E-2 3.86624E-2
8.07917E-2 8.11376E-2 8.36346E-2 8.73619E-2 8.53054E-2 8.16394E-2 7.79856E-2 7.36442E-2 7.2064E-2 6.95057E-2 6.85966E-2 6.71135E-2 7.0513E-2 6.82455E-2 6.85214E-2 6.54401E-2 6.44597E-2 6.28681E-2 6.31955E-2 6.36225E-2 6.35236E-2 6.36892E-2 6.42569E-2 6.51798E-2 6.84659E-2 6.74714E-2 6.61461E-2 6.58843E-2 6.75618E-2 6.2892E-2 6.16508E-2 6.00585E-2 5.93821E-2 5.7293E-2 5.64263E-2 5.60025E-2 5.54208E-2 5.14005E-2 4.91521E-2 4.86951E-2 4.69748E-2 4.64306E-2 4.52472E-2 4.5945E-2 4.66146E-2 4.74085E-2 4.71659E-2 4.72753E-2 4.73488E-2 4.82922E-2 5.01624E-2 4.85334E-2 4.61177E-2 4.50285E-2 4.42962E-2 4.40318E-2 4.25278E-2 4.25698E-2 4.0921E-2 4.07921E-2 4.12561E-2
8.49684E-2 8.52799E-2 8.79313E-2 8.74206E-2 8.44994E-2 8.37827E-2 8.45321E-2 8.30846E-2 7.88829E-2 7.62547E-2 7.29952E-2 7.06658E-2 7.12339E-2 7.04827E-2 7.12544E-2 6.99386E-2 6.89662E-2 6.74752E-2 6.67455E-2 6.64846E-2 6.52557E-2 6.62638E-2 6.68832E-2 6.85694E-2 7.13695E-2 7.09205E-2 7.07709E-2 6.94628E-2 6.81018E-2 6.58134E-2 6.43092E-2 6.41643E-2 6.30968E-2 6.11783E-2 6.17582E-2 6.01706E-2 5.9206E-2 5.68159E-2 5.65486E-2 5.51732E-2 5.31366E-2 5.17485E-2 5.0422E-2 5.02014E-2 4.96311E-2 4.85549E-2 4.92775E-2 4.79248E-2 4.81605E-2 4.9845E-2 5.01627E-2 4.97574E-2 5.00988E-2 4.87617E-2 4.81463E-2 4.67925E-2 4.57535E-2 4.38773E-2 4.30395E-2 4.18253E-2 4.13895E-2
8.70763E-2 8.53517E-2 9.02188E-2 9.01792E-2 8.64404E-2 8.32361E-2 8.61063E-2 8.84646E-2 8.37586E-2 7.98328E-2 7.66432E-2 7.48959E-2 7.51404E-2 7.48659E-2 7.40124E-2 7.66157E-2 7.47559E-2 7.3199E-2 7.82844E-2 7.74188E-2 7.03998E-2 6.91186E-2 6.88025E-2 7.03204E-2 6.94963E-2 7.07395E-2 7.05306E-2 7.01547E-2 6.93517E-2 7.10688E-2 6.97742E-2 6.89652E-2 6.68743E-2 6.51562E-2 6.43225E-2 6.33025E-2 6.1766E-2 6.00439E-2 5.81913E-2 5.61777E-2 5.33295E-2 5.5537E-2 5.48973E-2 5.51294E-2 5.18932E-2 5.03416E-2 4.99222E-2 4.97056E-2 4.93253E-2 4.92842E-2 4.96673E-2 4.96352E-2 5.06093E-2 5.02815E-2 4.89705E-2 4.80331E-2 4.71701E-2 4.66834E-2 4.50851E-2 4.443E-2 4.36773E-2
8.96027E-2 9.03849E-2 9.05397E-2 8.94287E-2 8.94478E-2 8.863E-2 8.80157E-2 8.7891E-2 8.47064E-2 8.23119E-2 8.1427E-2 7.87902E-2 7.89215E-2 7.76787E-2 7.82223E-2 7.85913E-2 8.06343E-2 7.98182E-2 7.80222E-2 7.40987E-2 7.08921E-2 6.97559E-2 7.12506E-2 7.2526E-2 7.2998E-2 7.39554E-2 7.65479E-2 7.64972E-2 7.62234E-2 7.45949E-2 7.24113E-2 7.28209E-2 7.15007E-2 7.08563E-2 7.14425E-2 6.53469E-2 6.25767E-2 6.04004E-2 6.07681E-2 5.98432E-2 5.68744E-2 5.63342E-2 5.80474E-2 5.77856E-2 5.66375E-2 5.1537E-2 5.01888E-2 4.97857E-2 5.00513E-2 5.04031E-2 4.99472E-2 5.02591E-2 4.95403E-2 4.94679E-2 5.05615E-2 4.94892E-2 4.84777E-2 4.62988E-2 4.64875E-2 4.63925E-2 4.64991E-2
9.64641E-2 9.19412E-2 8.83113E-2 9.03595E-2 9.18434E-2 9.10066E-2 8.80755E-2 8.68415E-2 8.59541E-2 8.48497E-2 8.25021E-2 8.123E-2 8.25322E-2 8.17841E-2 7.96631E-2 8.03819E-2 7.89826E-2 7.64727E-2 7.33065E-2 7.42598E-2 7.1952E-2 6.91733E-2 6.98668E-2 7.19833E-2 7.35432E-2 7.71219E-2 8.07663E-2 8.0935E-2 8.36928E-2 7.87313E-2 7.755E-2 7.76903E-2 7.65872E-2 7.86131E-2 7.38999E-2 6.78175E-2 6.45836E-2 6.58736E-2 6.3747E-2 6.30556E-2 6.13436E-2 5.98462E-2 5.95568E-2 5.91093E-2 5.96587E-2 5.60194E-2 5.3164E-2 5.28859E-2 5.40911E-2 5.30682E-2 5.17859E-2 5.16476E-2 5.12882E-2 4.97196E-2 5.02967E-2 5.10965E-2 4.94491E-2 4.83416E-2 4.78166E-2 4.75654E-2 4.76318E-2
1.01254E-1 1.00283E-1 1.00079E-1 9.9775E-2 9.74867E-2 9.4211E-2 9.05261E-2 9.01677E-2 8.8259E-2 8.78065E-2 8.64288E-2 8.36792E-2 8.0424E-2 7.74086E-2 7.77466E-2 7.74292E-2 7.73476E-2 7.5642E-2 7.41457E-2 7.58567E-2 7.32363E-2 7.11243E-2 6.92144E-2 7.14082E-2 7.50799E-2 7.86723E-2 8.10299E-2 8.35678E-2 8.75624E-2 8.49278E-2 8.94062E-2 8.79652E-2 8.3088E-2 7.54748E-2 7.04896E-2 6.87972E-2 6.63344E-2 6.45087E-2 6.05483E-2 6.04669E-2 6.04263E-2 6.06329E-2 5.90747E-2 5.80379E-2 5.73191E-2 5.55597E-2 5.60699E-2 5.6269E-2 5.27755E-2 5.19372E-2 5.1474E-2 5.30532E-2 5.22289E-2 5.16855E-2 5.11549E-2 5.10048E-2 4.96325E-2 4.89629E-2 4.85468E-2 4.72743E-2 4.64615E-2
1.02353E-1 1.00857E-1 9.98426E-2 1.00152E-1 1.03033E-1 9.8775E-2 9.51634E-2 9.23562E-2 9.14379E-2 9.08968E-2 8.94357E-2 8.63862E-2 8.36222E-2 8.20781E-2 8.06688E-2 8.06089E-2 8.03025E-2 7.90878E-2 7.68506E-2 7.69869E-2 7.41185E-2 7.24475E-2 7.11731E-2 7.12742E-2 7.41066E-2 7.61553E-2 7.93427E-2 8.33816E-2 9.85745E-2 1.13089E-1 1.08113E-1 9.47837E-2 8.63826E-2 7.74433E-2 7.23008E-2 7.07518E-2 6.89593E-2 6.56738E-2 6.09533E-2 6.05339E-2 6.17763E-2 6.13407E-2 6.09496E-2 6.01025E-2 5.91295E-2 5.87622E-2 5.8054E-2 5.62394E-2 5.49395E-2 5.40405E-2 5.54058E-2 5.44819E-2 5.37597E-2 5.22477E-2 5.1784E-2 5.20069E-2 4.95017E-2 4.87522E-2 4.83667E-2 4.71643E-2 4.64623E-2
1.0205E-1 9.88974E-2 9.92382E-2 1.01229E-1 1.00499E-1 1.00144E-1 1.00566E-1 9.51343E-2 9.46669E-2 9.42611E-2 9.45028E-2 8.88767E-2 8.45102E-2 8.41897E-2 8.46769E-2 8.50116E-2 8.44486E-2 8.01721E-2 7.6915E-2 7.70887E-2 7.51117E-2 7.33353E-2 7.21603E-2 7.21313E-2 7.35317E-2 7.6371E-2 7.81702E-2 8.44111E-2 1.04066E-1 1.38834E-1 1.33823E-1 9.8081E-2 8.53651E-2 7.63447E-2 7.32173E-2 7.39361E-2 7.24403E-2 6.84904E-2 6.01357E-2 6.03295E-2 6.23309E-2 6.35359E-2 6.42068E-2 6.1809E-2 6.12612E-2 6.034E-2 5.93224E-2 5.74068E-2 5.60697E-2 5.50985E-2 5.66636E-2 5.61674E-2 5.38432E-2 5.24079E-2 5.20203E-2 5.15907E-2 5.01191E-2 5.051E-2 5.03996E-2 4.87948E-2 4.6256E-2
1.01822E-1 9.89799E-2 9.60344E-2 9.85243E-2 1.01038E-1 9.85253E-2 1.02106E-1 1.01053E-1 1.02133E-1 1.01346E-1 9.86086E-2 9.04037E-2 8.66113E-2 8.29093E-2 8.2561E-2 8.27055E-2 8.03055E-2 8.00743E-2 7.86005E-2 7.83736E-2 7.59163E-2 7.48105E-2 7.29983E-2 7.59924E-2 7.92734E-2 8.53525E-2 9.10365E-2 9.60128E-2 1.15338E-1 1.30717E-1 1.33562E-1 1.08981E-1 8.26755E-2 7.70774E-2 7.63099E-2 7.82735E-2 7.79345E-2 7.36311E-2 6.55205E-2 6.34143E-2 6.34664E-2 6.26196E-2 6.45169E-2 6.5204E-2 6.48569E-2 6.39121E-2 6.04093E-2 5.84142E-2 5.72451E-2 5.82122E-2 5.78089E-2 5.68716E-2 5.64844E-2 5.49602E-2 5.18111E-2 5.15943E-2 5.11441E-2 5.0827E-2 5.15741E-2 5.14211E-2 4.89296E-2
9.81273E-2 9.6059E-2 9.48277E-2 1.01043E-1 1.01917E-1 1.00073E-1 1.03427E-1 1.04315E-1 1.06094E-1 1.06485E-1 1.05948E-1 1.00779E-1 9.38922E-2 8.78412E-2 8.44534E-2 8.30754E-2 8.14967E-2 7.97677E-2 7.97276E-2 7.77825E-2 7.77151E-2 7.61906E-2 7.69581E-2 8.01077E-2 8.63474E-2 9.06774E-2 9.22836E-2 1.00192E-1 1.06225E-1 1.09578E-1 1.08674E-1 1.05752E-1 8.32997E-2 7.82883E-2 7.76291E-2 7.7221E-2 7.99716E-2 7.49674E-2 6.77758E-2 6.51272E-2 6.65681E-2 6.64701E-2 6.59702E-2 6.52357E-2 6.37808E-2 6.20239E-2 6.12429E-2 6.08163E-2 6.07655E-2 5.93177E-2 5.9209E-2 5.90933E-2 5.84503E-2 5.79727E-2 5.40241E-2 5.1635E-2 4.98016E-2 5.10019E-2 5.16109E-2 5.24392E-2 5.06645E-2
1.04588E-1 1.02948E-1 1.03951E-1 1.04666E-1 1.05642E-1 1.02845E-1 1.04309E-1 1.06799E-1 1.08206E-1 1.07671E-1 1.08534E-1 1.07023E-1 1.00118E-1 9.0699E-2 8.67034E-2 8.65617E-2 8.49611E-2 8.33915E-2 8.37352E-2 8.36894E-2 8.23398E-2 8.20523E-2 8.32073E-2 8.54941E-2 8.76528E-2 9.14081E-2 9.47622E-2 9.50553E-2 1.05577E-1 1.02045E-1 9.78524E-2 9.89127E-2 8.87515E-2 8.03521E-2 8.46897E-2 8.33636E-2 8.02253E-2 7.57784E-2 6.95023E-2 6.8212E-2 6.66824E-2 6.63396E-2 6.53165E-2 6.53068E-2 6.59509E-2 6.59705E-2 6.26276E-2 6.14995E-2 6.10877E-2 6.09041E-2 6.02986E-2 5.90691E-2 5.85032E-2 5.84009E-2 5.63244E-2 5.26918E-2 5.02156E-2 5.09081E-2 5.18569E-2 5.20941E-2 5.13728E-2
1.08153E-1 1.07519E-1 1.05047E-1 1.06918E-1 1.07735E-1 1.07594E-1 1.05963E-1 1.08697E-1 1.11512E-1 1.13263E-1 1.10487E-1 1.0472E-1 1.03007E-1 9.72163E-2 9.13602E-2 9.10594E-2 9.2081E-2 8.99721E-2 8.98306E-2 8.79966E-2 8.9127E-2 8.83936E-2 8.91717E-2 8.91294E-2 9.08768E-2 9.48314E-2 9.53875E-2 9.1845E-2 9.91106E-2 1.01713E-1 9.60079E-2 9.2352E-2 9.11935E-2 8.86744E-2 8.78887E-2 8.27056E-2 8E-2 7.84969E-2 7.16602E-2 6.81473E-2 6.9674E-2 6.79477E-2 6.54391E-2 6.47558E-2 6.61961E-2 6.42451E-2 6.4537E-2 6.15265E-2 5.86626E-2 6.1048E-2 6.19277E-2 6.0234E-2 6.0901E-2 5.95154E-2 5.77862E-2 5.29335E-2 5.11393E-2 5.21047E-2 5.20716E-2 5.3042E-2 5.2974E-2
1.10084E-1 1.09194E-1 1.0949E-1 1.09681E-1 1.08215E-1 1.08495E-1 1.08943E-1 1.12654E-1 1.14744E-1 1.14507E-1 1.12905E-1 1.07533E-1 1.06125E-1 1.02683E-1 1.041E-1 1.02048E-1 1.01263E-1 9.85092E-2 9.70593E-2 9.55435E-2 9.56108E-2 9.4477E-2 9.54153E-2 9.04645E-2 8.97782E-2 9.07295E-2 9.13758E-2 9.25578E-2 9.2326E-2 9.41333E-2 9.48178E-2 1.00913E-1 9.66102E-2 8.82051E-2 8.78028E-2 8.18622E-2 7.61874E-2 7.53505E-2 7.10943E-2 6.97795E-2 7.00405E-2 7.01817E-2 6.85645E-2 6.91797E-2 6.87324E-2 6.6623E-2 6.52184E-2 6.37211E-2 6.28134E-2 6.18003E-2 6.42371E-2 6.34099E-2 6.34245E-2 6.10706E-2 5.96584E-2 5.71741E-2 5.39223E-2 5.23128E-2 5.28693E-2 5.21726E-2 5.06587E-2
1.14169E-1 1.14344E-1 1.13659E-1 1.12572E-1 1.12685E-1 1.10072E-1 1.15568E-1 1.14676E-1 1.16354E-1 1.16415E-1 1.14329E-1 1.12361E-1 1.07182E-1 9.96207E-2 1.00749E-1 9.65049E-2 1.01282E-1 1.05026E-1 1.0497E-1 1.01991E-1 9.87094E-2 9.97127E-2 9.77814E-2 9.76909E-2 9.51753E-2 9.63415E-2 9.81222E-2 9.58042E-2 9.58441E-2 9.32354E-2 9.6357E-2 1.0223E-1 9.87669E-2 9.41688E-2 8.87135E-2 8.45265E-2 8.12695E-2 7.80941E-2 7.53309E-2 7.20283E-2 7.06258E-2 7.02412E-2 7.17672E-2 7.235E-2 7.15058E-2 7.02215E-2 6.58838E-2 6.45664E-2 6.62422E-2 6.72616E-2 6.49706E-2 6.44875E-2 6.30318E-2 6.38048E-2 6.2221E-2 5.94063E-2 5.768E-2 5.38452E-2 5.1632E-2 5.20591E-2 5.15303E-2
1.20478E-1 1.22688E-1 1.20441E-1 1.16482E-1 1.15672E-1 1.18561E-1 1.26101E-1 1.21389E-1 1.16339E-1 1.17292E-1 1.18279E-1 1.21399E-1 1.11862E-1 1.08241E-1 1.01511E-1 9.92077E-2 1.0624E-1 1.07821E-1 1.08835E-1 1.05203E-1 1.0412E-1 1.0251E-1 9.96833E-2 9.85579E-2 1.00077E-1 9.97376E-2 1.01021E-1 1.00591E-1 9.98375E-2 1.04217E-1 1.11464E-1 1.21098E-1 1.10058E-1 9.85238E-2 9.03105E-2 8.66138E-2 8.80321E-2 8.55349E-2 8.02999E-2 7.61558E-2 7.58293E-2 7.45261E-2 7.32331E-2 7.57078E-2 7.55313E-2 7.4516E-2 7.02528E-2 6.77882E-2 6.77995E-2 6.65523E-2 6.4476E-2 6.39681E-2 6.21052E-2 6.25364E-2 6.54053E-2 6.33318E-2 6.11248E-2 5.73758E-2 5.42114E-2 5.26281E-2 5.15613E-2
1.26659E-1 1.24489E-1 1.24302E-1 1.26209E-1 1.26048E-1 1.30128E-1 1.28511E-1 1.24266E-1 1.23682E-1 1.3012E-1 1.22108E-1 1.23884E-1 1.12603E-1 1.12224E-1 1.07613E-1 1.0508E-1 1.08876E-1 1.10782E-1 1.125E-1 1.08785E-1 1.08223E-1 1.05964E-1 1.09841E-1 1.03091E-1 1.0087E-1 9.83068E-2 1.02437E-1 1.0266E-1 1.07326E-1 1.08517E-1 1.09709E-1 1.05963E-1 1.04249E-1 1.05599E-1 9.44871E-2 9.0322E-2 8.8272E-2 8.53359E-2 8.29913E-2 8.12762E-2 7.79454E-2 7.70639E-2 7.82364E-2 7.83451E-2 7.78455E-2 7.52037E-2 7.33388E-2 7.31305E-2 7.12915E-2 7.03154E-2 6.91264E-2 7.04151E-2 6.84371E-2 6.87669E-2 6.60807E-2 6.81464E-2 6.38837E-2 5.94748E-2 5.75469E-2 5.58715E-2 5.57537E-2
1.3369E-1 1.26479E-1 1.21869E-1 1.27717E-1 1.30523E-1 1.29915E-1 1.29912E-1 1.24741E-1 1.29926E-1 1.36693E-1 1.37096E-1 1.28596E-1 1.19864E-1 1.18355E-1 1.1344E-1 1.11956E-1 1.07728E-1 1.08947E-1 1.13795E-1 1.18402E-1 1.05936E-1 1.03322E-1 1.04691E-1 1.06459E-1 1.00816E-1 1.03215E-1 1.04509E-1 1.07221E-1 1.04141E-1 1.02039E-1 1.00088E-1 1.01002E-1 1.09924E-1 1.03893E-1 9.40538E-2 9.31642E-2 8.76273E-2 8.40762E-2 8.47556E-2 8.57562E-2 8.1128E-2 7.86397E-2 7.8357E-2 7.94903E-2 7.71789E-2 7.65274E-2 7.47472E-2 7.4838E-2 7.29345E-2 7.12454E-2 7.13095E-2 7.08638E-2 7.0774E-2 7.15579E-2 7.16465E-2 6.93725E-2 6.45693E-2 6.149E-2 5.99937E-2 5.91877E-2 5.7328E-2
1.35809E-1 1.28305E-1 1.23252E-1 1.23254E-1 1.30241E-1 1.30181E-1 1.282E-1 1.24958E-1 1.3779E-1 1.50512E-1 1.54323E-1 1.29829E-1 1.27959E-1 1.21283E-1 1.21233E-1 1.23722E-1 1.1709E-1 1.14711E-1 1.14459E-1 1.16153E-1 1.16046E-1 1.0895E-1 1.06036E-1 1.05188E-1 1.07784E-1 1.05734E-1 1.05398E-1 1.06273E-1 1.07303E-1 1.06941E-1 1.03815E-1 1.03917E-1 1.06078E-1 9.58185E-2 9.80668E-2 9.83252E-2 9.62736E-2 8.67088E-2 8.73311E-2 9.00651E-2 8.58802E-2 8.15792E-2 7.89696E-2 7.80747E-2 7.63208E-2 7.58361E-2 7.49379E-2 7.44038E-2 7.378E-2 7.26821E-2 7.15567E-2 7.15672E-2 7.09851E-2 7.29193E-2 7.34678E-2 7.28899E-2 6.88821E-2 6.19963E-2 5.98306E-2 5.86323E-2 6.03931E-2
1.39435E-1 1.31067E-1 1.25911E-1 1.18877E-1 1.21617E-1 1.32896E-1 1.24978E-1 1.16801E-1 1.18896E-1 1.2716E-1 1.47492E-1 1.37396E-1 1.26252E-1 1.20935E-1 1.22692E-1 1.25873E-1 1.17016E-1 1.14492E-1 1.11513E-1 1.15314E-1 1.14192E-1 1.11144E-1 1.07357E-1 1.05111E-1 1.05088E-1 1.0574E-1 1.05219E-1 1.07405E-1 1.07412E-1 1.112E-1 1.08174E-1 1.06572E-1 1.00294E-1 9.7082E-2 9.95309E-2 1.01634E-1 1.00586E-1 9.39549E-2 9.00757E-2 8.84322E-2 8.56302E-2 8.36407E-2 8.05195E-2 7.88394E-2 7.80139E-2 7.67148E-2 7.52263E-2 7.47092E-2 7.57502E-2 7.51648E-2 7.46619E-2 7.58825E-2 7.60145E-2 7.51039E-2 7.5349E-2 7.47869E-2 7.33505E-2 6.71304E-2 6.43351E-2 6.11915E-2 6.19596E-2
1.07389E-1 1.27509E-1 1.25922E-1 1.12668E-1 1.16118E-1 1.10656E-1 1.16514E-1 1.20122E-1 1.2056E-1 1.2251E-1 1.18899E-1 1.29681E-1 1.29834E-1 1.25297E-1 1.2184E-1 1.23037E-1 1.14465E-1 1.1046E-1 1.1583E-1 1.12421E-1 1.18645E-1 1.14356E-1 1.08186E-1 1.06655E-1 1.0495E-1 1.02305E-1 1.05865E-1 1.08384E-1 1.09499E-1 1.05442E-1 1.04674E-1 1.04074E-1 1.05626E-1 1.07508E-1 1.09352E-1 1.15816E-1 1.1955E-1 1.16959E-1 1.04894E-1 9.40494E-2 8.69217E-2 8.48581E-2 8.30121E-2 8.34951E-2 8.14112E-2 7.95368E-2 7.76069E-2 7.82767E-2 7.72638E-2 7.75082E-2 7.92198E-2 8.02147E-2 7.85939E-2 7.69928E-2 7.78665E-2 7.85573E-2 7.48896E-2 6.79648E-2 6.53769E-2 6.46963E-2 6.41755E-2
