maxent_outputs/red_flowers_linear/red_49.asc
ncols         426
nrows         180
xllcorner     -130.0
yllcorner     24.0
cellsize      0.16666666666666666
NODATA_value  -9999
[rows 27 to 53 of 180, columns 244 to 304 of 426]
7.70478E-3 8.136E-3 9.91881E-3 1.16547E-2 1.44168E-2 1.73542E-2 1.55616E-2 1.02742E-2 9.09109E-3 8.83955E-3 8.75018E-3 1.03257E-2 1.09292E-2 1.02495E-2 1.37614E-2 9.16296E-3 8.64245E-3 8.00257E-3 7.97374E-3 8.15304E-3 7.91996E-3 7.98086E-3 8.29422E-3 7.25431E-3 7.02149E-3 8.65647E-3 7.37384E-3 6.92558E-3 6.93111E-3 6.53211E-3 6.71206E-3 6.7642E-3 6.73879E-3 6.89059E-3 7.30567E-3 6.73521E-3 6.56514E-3 7.07247E-3 7.49201E-3 7.74681E-3 8.43612E-3 8.56056E-3 7.97905E-3 7.55131E-3 7.05569E-3 6.89236E-3 7.3666E-3 7.45377E-3 7.60019E-3 7.43274E-3 7.16664E-3 7.99441E-3 8.48403E-3 8.67588E-3 8.54636E-3 8.88864E-3 8.65331E-3 8.77545E-3 8.812E-3 8.89388E-3 9.11161E-3
7.65883E-3 8.58635E-3 1.03192E-2 9.43529E-3 9.0475E-3 1.10876E-2 1.02056E-2 9.12293E-3 8.98335E-3 8.40773E-3 7.98841E-3 1.0082E-2 9.42733E-3 1.02483E-2 8.79024E-3 8.14374E-3 8.27104E-3 9.38949E-3 8.76159E-3 8.59317E-3 8.81285E-3 7.92047E-3 7.97379E-3 8.46517E-3 8.38983E-3 8.04099E-3 6.94184E-3 7.01584E-3 7.08414E-3 6.76828E-3 6.47701E-3 6.84725E-3 6.38144E-3 6.77649E-3 6.96859E-3 6.74801E-3 6.91719E-3 7.08887E-3 6.83604E-3 7.24735E-3 8.3296E-3 8.06913E-3 7.73542E-3 7.49829E-3 7.60228E-3 7.64836E-3 7.53566E-3 7.23351E-3 7.68121E-3 7.02347E-3 7.12428E-3 7.59753E-3 8.0447E-3 7.7679E-3 7.91503E-3 8.30132E-3 8.19325E-3 8.37658E-3 9.04461E-3 8.768E-3 9.48355E-3
7.93866E-3 8.73617E-3 1.00684E-2 1.08797E-2 1.02719E-2 1.05467E-2 1.38454E-2 1.22499E-2 9.46408E-3 9.51942E-3 1.06532E-2 1.10868E-2 9.8592E-3 1.07655E-2 8.196E-3 8.5624E-3 1.01456E-2 1.13526E-2 1.02762E-2 9.54567E-3 8.37977E-3 8.99102E-3 8.82453E-3 9.8549E-3 9.86052E-3 8.98984E-3 7.68987E-3 7.72361E-3 7.68966E-3 7.78492E-3 7.65396E-3 7.05018E-3 6.94495E-3 6.84434E-3 6.81287E-3 7.38017E-3 7.7248E-3 8.60463E-3 8.27402E-3 8.41128E-3 8.9405E-3 7.9178E-3 7.50954E-3 7.57283E-3 7.69576E-3 8.07647E-3 7.7969E-3 7.11007E-3 6.97562E-3 6.54396E-3 6.98685E-3 7.36086E-3 7.70144E-3 8.05436E-3 8.51895E-3 8.5539E-3 8.24337E-3 8.78189E-3 9.57741E-3 8.93451E-3 9.3878E-3
7.84806E-3 8.0569E-3 1.0044E-2 1.17849E-2 1.24816E-2 1.30388E-2 1.81662E-2 2.32991E-2 1.92754E-2 2.34869E-2 2.00001E-2 1.56143E-2 1.29584E-2 1.33871E-2 1.33684E-2 1.10305E-2 1.03459E-2 1.14903E-2 1.13794E-2 1.10183E-2 1.0161E-2 1.03804E-2 1.039E-2 9.34683E-3 8.91207E-3 8.2304E-3 8.75691E-3 8.70638E-3 8.22952E-3 1.08754E-2 8.00196E-3 7.59217E-3 7.02657E-3 6.97798E-3 7.30283E-3 8.51803E-3 7.71368E-3 7.57503E-3 8.30802E-3 8.75062E-3 8.59208E-3 8.40691E-3 7.99338E-3 7.49295E-3 7.53367E-3 8.01813E-3 7.91551E-3 7.5827E-3 7.31846E-3 7.51333E-3 7.43579E-3 7.98111E-3 8.07423E-3 8.18963E-3 8.39948E-3 1.1994E-2 1.22103E-2 9.54175E-3 9.66778E-3 8.95779E-3 9.19576E-3
9.24573E-3 8.76435E-3 9.44381E-3 1.13041E-2 1.64811E-2 2.46304E-2 1.66046E-2 2.07585E-2 2.93869E-2 3.95375E-2 5.16835E-2 5.71733E-2 4.47945E-2 3.82523E-2 3.88531E-2 3.70314E-2 2.6564E-2 2.40991E-2 1.45298E-2 1.19817E-2 1.07472E-2 1.13222E-2 1.25846E-2 9.41192E-3 9.09354E-3 9.19902E-3 9.02704E-3 9.56074E-3 8.51582E-3 9.04391E-3 8.37319E-3 8.12932E-3 7.70556E-3 7.67399E-3 8.12869E-3 8.52146E-3 8.52706E-3 8.04681E-3 8.3892E-3 8.69968E-3 8.23591E-3 8.50951E-3 8.53092E-3 8.41061E-3 8.00692E-3 7.51576E-3 8.0476E-3 8.12784E-3 7.8303E-3 7.95913E-3 8.26267E-3 8.29988E-3 8.52877E-3 8.52317E-3 8.73135E-3 1.22118E-2 1.45874E-2 1.0959E-2 1.40463E-2 9.94375E-3 9.38736E-3
1.28046E-2 1.47421E-2 2.14066E-2 2.24509E-2 2.80527E-2 2.94826E-2 5.31428E-2 8.97851E-2 1.12253E-1 1.17606E-1 1.15893E-1 1.15536E-1 1.14676E-1 1.05016E-1 9.95843E-2 1.04845E-1 1.00539E-1 1.01402E-1 3.69956E-2 1.43806E-2 1.28794E-2 1.15373E-2 1.07571E-2 1.04366E-2 9.82867E-3 1.02486E-2 9.32277E-3 9.03581E-3 1.0103E-2 9.10772E-3 9.58851E-3 7.83341E-3 7.84314E-3 8.26703E-3 8.31421E-3 8.33787E-3 8.49437E-3 8.44515E-3 8.99393E-3 8.97479E-3 8.86276E-3 8.58722E-3 8.83539E-3 8.68101E-3 8.48407E-3 8.36493E-3 8.84037E-3 8.60846E-3 8.09508E-3 7.94243E-3 9.09355E-3 8.24175E-3 7.98183E-3 7.57066E-3 7.43929E-3 7.23666E-3 9.15939E-3 1.04469E-2 1.23768E-2 1.10422E-2 1.03042E-2
2.28559E-2 5.08113E-2 5.10543E-2 3.46839E-2 5.12686E-2 8.20832E-2 1.10231E-1 1.13149E-1 1.13645E-1 1.14727E-1 1.15549E-1 1.17509E-1 1.15399E-1 1.16046E-1 1.15174E-1 1.13702E-1 1.09797E-1 1.18557E-1 8.16433E-2 1.94516E-2 1.40334E-2 1.26471E-2 1.16996E-2 1.10119E-2 1.11541E-2 1.10114E-2 9.43148E-3 9.7309E-3 9.66357E-3 9.43762E-3 1.05796E-2 9.54054E-3 8.83877E-3 1.08693E-2 1.01027E-2 9.70374E-3 9.39341E-3 8.67632E-3 9.54852E-3 8.94787E-3 8.99066E-3 9.02443E-3 8.87073E-3 9.26581E-3 9.27392E-3 8.98501E-3 8.48135E-3 8.37605E-3 8.1843E-3 8.57082E-3 9.88758E-3 8.78657E-3 8.42751E-3 7.97214E-3 7.4112E-3 7.10378E-3 7.99969E-3 8.59494E-3 9.71196E-3 1.09092E-2 1.25199E-2
3.53624E-2 5.35825E-2 7.49975E-2 9.41218E-2 9.84855E-2 9.17209E-2 1.03077E-1 1.12339E-1 1.10605E-1 1.12269E-1 1.15262E-1 1.18931E-1 1.17202E-1 1.17543E-1 1.19006E-1 1.18467E-1 1.18672E-1 1.21495E-1 1.20041E-1 3.06275E-2 1.50472E-2 1.41633E-2 1.29583E-2 1.20343E-2 1.16326E-2 1.17468E-2 1.0854E-2 1.07711E-2 9.57633E-3 8.83103E-3 1.04295E-2 1.08507E-2 9.36539E-3 8.96674E-3 9.17772E-3 9.13224E-3 9.61891E-3 9.19275E-3 9.04676E-3 9.44554E-3 9.90315E-3 9.69075E-3 9.75851E-3 9.37577E-3 9.24894E-3 9.0698E-3 8.79376E-3 8.3278E-3 8.46157E-3 8.87993E-3 8.81785E-3 8.11089E-3 8.92545E-3 7.90954E-3 7.9316E-3 7.55379E-3 7.73402E-3 8.69903E-3 1.00072E-2 1.23248E-2 1.14845E-2
7.87989E-2 9.30238E-2 6.72584E-2 5.23961E-2 4.90047E-2 8.06303E-2 1.04149E-1 1.06245E-1 1.10454E-1 1.14319E-1 1.17433E-1 1.20969E-1 1.21722E-1 1.22285E-1 1.23267E-1 1.22949E-1 1.25772E-1 1.24928E-1 1.25221E-1 8.59481E-2 3.00473E-2 1.77685E-2 1.54261E-2 1.4734E-2 1.41698E-2 1.33601E-2 1.40258E-2 1.19246E-2 1.04308E-2 1.01071E-2 9.00697E-3 9.18809E-3 9.45319E-3 8.7052E-3 8.99717E-3 1.01261E-2 1.07758E-2 1.01451E-2 9.18912E-3 1.01603E-2 1.04392E-2 1.05688E-2 1.14481E-2 9.56308E-3 9.2757E-3 8.93144E-3 8.56563E-3 9.04783E-3 8.49857E-3 8.75005E-3 9.10203E-3 9.38041E-3 9.12619E-3 8.37223E-3 8.01174E-3 8.13395E-3 8.05714E-3 9.66206E-3 1.09591E-2 1.1372E-2 1.16188E-2
7.99648E-2 4.29003E-2 5.09175E-2 7.61615E-2 9.21012E-2 9.88773E-2 1.01038E-1 1.02149E-1 1.07301E-1 1.12119E-1 1.17027E-1 1.18757E-1 1.18518E-1 1.21636E-1 1.46377E-1 1.47284E-1 1.47471E-1 1.47086E-1 1.47823E-1 1.42524E-1 1.10662E-1 6.43748E-2 5.19346E-2 4.88888E-2 5.74364E-2 6.4546E-2 3.6358E-2 1.41555E-2 1.04999E-2 8.68277E-3 8.23567E-3 7.49939E-3 9.1345E-3 9.59188E-3 9.46784E-3 1.00551E-2 1.11198E-2 9.88875E-3 9.69573E-3 1.0271E-2 1.03183E-2 1.08355E-2 9.79274E-3 9.44592E-3 9.48428E-3 9.52263E-3 1.02269E-2 1.01966E-2 1.01755E-2 9.84544E-3 9.43297E-3 9.45606E-3 9.06699E-3 8.90628E-3 8.7049E-3 8.58423E-3 8.9532E-3 1.03676E-2 1.13496E-2 1.12712E-2 1.13561E-2
9.98904E-2 8.50717E-2 9.68873E-2 9.52604E-2 9.28744E-2 9.74821E-2 9.89827E-2 1.02631E-1 1.05656E-1 1.08129E-1 1.10991E-1 1.14592E-1 1.21379E-1 1.25506E-1 1.49821E-1 1.49544E-1 1.49126E-1 1.51498E-1 1.48694E-1 1.43997E-1 7.23984E-2 4.60401E-2 6.57323E-2 1.08649E-1 9.91276E-2 9.16079E-2 2.2134E-2 1.17529E-2 9.15182E-3 8.05886E-3 8.27176E-3 8.24157E-3 7.90548E-3 8.06204E-3 9.7643E-3 9.53957E-3 9.81765E-3 9.07348E-3 1.03728E-2 1.12609E-2 1.07888E-2 1.01919E-2 1.14243E-2 1.18253E-2 1.03893E-2 1.00596E-2 1.04644E-2 1.08352E-2 1.0013E-2 1.03834E-2 9.89021E-3 9.63359E-3 9.54372E-3 9.38878E-3 9.31279E-3 9.64144E-3 9.81459E-3 1.03842E-2 1.11533E-2 1.03129E-2 1.11535E-2
1.00973E-1 9.83968E-2 9.57398E-2 8.96914E-2 9.14724E-2 9.35949E-2 9.60847E-2 8.5631E-2 8.27803E-2 9.2801E-2 1.00153E-1 1.08445E-1 1.19842E-1 1.23662E-1 1.46614E-1 1.49645E-1 1.5145E-1 1.49342E-1 1.45515E-1 1.43209E-1 1.18213E-1 1.08289E-1 1.1077E-1 1.04653E-1 9.74563E-2 8.47971E-2 1.96438E-2 1.19736E-2 9.36494E-3 8.41677E-3 8.14974E-3 8.26749E-3 8.15455E-3 8.79317E-3 9.58913E-3 9.01649E-3 9.66555E-3 9.76049E-3 9.75256E-3 9.87098E-3 1.04341E-2 1.05777E-2 1.12389E-2 1.06043E-2 1.07675E-2 1.10135E-2 1.0821E-2 1.08098E-2 1.06857E-2 9.86255E-3 1.00037E-2 1.03025E-2 9.19135E-3 9.6838E-3 1.06417E-2 1.087E-2 1.1098E-2 1.15108E-2 1.3392E-2 1.23006E-2 1.1377E-2
1.0338E-1 9.89408E-2 8.55019E-2 8.14326E-2 8.1111E-2 6.45309E-2 3.58713E-2 3.27208E-2 3.97141E-2 4.98827E-2 7.476E-2 9.44735E-2 1.15715E-1 1.22508E-1 1.43085E-1 1.50212E-1 1.52189E-1 1.528E-1 1.49097E-1 1.4788E-1 1.16809E-1 1.03162E-1 1.1321E-1 1.10262E-1 1.01847E-1 9.19536E-2 7.08205E-2 3.84682E-2 1.38317E-2 9.24972E-3 8.26056E-3 9.15792E-3 9.34517E-3 9.7127E-3 9.7223E-3 1.03571E-2 1.0609E-2 1.1674E-2 1.13203E-2 1.17381E-2 1.19347E-2 1.14564E-2 1.07783E-2 1.15021E-2 1.06818E-2 1.10199E-2 1.10662E-2 1.0467E-2 9.54876E-3 9.93469E-3 9.81109E-3 1.02915E-2 1.00397E-2 1.06512E-2 1.22271E-2 1.30489E-2 1.27657E-2 1.27741E-2 1.80787E-2 1.36755E-2 1.09869E-2
1.01273E-1 9.31705E-2 7.76585E-2 6.16427E-2 4.12992E-2 2.5559E-2 2.76572E-2 4.40556E-2 6.79971E-2 8.91263E-2 8.99509E-2 9.26905E-2 9.92504E-2 1.10469E-1 1.42912E-1 1.48602E-1 1.49414E-1 1.51834E-1 1.51169E-1 1.47777E-1 1.23617E-1 1.18757E-1 1.18729E-1 1.12561E-1 1.05726E-1 9.93844E-2 8.39474E-2 6.60376E-2 2.10648E-2 1.02837E-2 9.9955E-3 9.91127E-3 9.90131E-3 9.26119E-3 1.04817E-2 1.12009E-2 1.17602E-2 1.20647E-2 1.17632E-2 1.17615E-2 1.28586E-2 1.32036E-2 1.43628E-2 1.30422E-2 1.13472E-2 1.07044E-2 1.16209E-2 1.08077E-2 1.0771E-2 1.13049E-2 1.08619E-2 1.1022E-2 1.09822E-2 1.07192E-2 1.36493E-2 1.24505E-2 1.19844E-2 1.21625E-2 1.30625E-2 1.58765E-2 1.06227E-2
9.01396E-2 7.22746E-2 4.77535E-2 2.78923E-2 2.18655E-2 2.65225E-2 4.6864E-2 7.40912E-2 8.58828E-2 9.20039E-2 9.47267E-2 9.49016E-2 9.80197E-2 1.06309E-1 1.4071E-1 1.47917E-1 1.48098E-1 1.47914E-1 1.53927E-1 1.51527E-1 1.24762E-1 1.2651E-1 1.21442E-1 1.12797E-1 1.07844E-1 9.85129E-2 8.67447E-2 3.96303E-2 1.33028E-2 1.14059E-2 1.0515E-2 1.00096E-2 1.02452E-2 1.04792E-2 1.12935E-2 1.20978E-2 1.3007E-2 1.32151E-2 1.24639E-2 1.19003E-2 1.32927E-2 1.32399E-2 1.24852E-2 1.26723E-2 1.19843E-2 1.11761E-2 1.24389E-2 1.31651E-2 1.27356E-2 1.21507E-2 1.06636E-2 1.09204E-2 1.21975E-2 1.19329E-2 1.33237E-2 1.51544E-2 1.27778E-2 1.28239E-2 1.24761E-2 1.43805E-2 1.06167E-2
4.26899E-2 3.47461E-2 2.88766E-2 2.54025E-2 2.53594E-2 3.50193E-2 4.20398E-2 4.10721E-2 4.62547E-2 6.79163E-2 9.38688E-2 1.01296E-1 1.0408E-1 1.06471E-1 1.1602E-1 1.22702E-1 1.19279E-1 1.154E-1 1.23525E-1 1.2529E-1 1.24233E-1 1.25688E-1 1.22454E-1 1.09719E-1 9.76126E-2 9.08045E-2 8.31886E-2 5.31322E-2 3.2195E-2 2.06342E-2 1.24194E-2 1.03634E-2 1.17043E-2 1.10997E-2 1.30741E-2 1.4475E-2 1.60117E-2 1.68112E-2 1.56401E-2 1.41229E-2 1.42116E-2 1.43847E-2 1.21048E-2 1.3353E-2 1.48902E-2 1.36411E-2 1.37922E-2 1.28633E-2 1.23597E-2 1.19652E-2 1.22807E-2 1.29154E-2 1.287E-2 1.30851E-2 1.31453E-2 1.59254E-2 1.36247E-2 1.21782E-2 1.17763E-2 1.11889E-2 1.34363E-2
2.84888E-2 2.64393E-2 2.64065E-2 2.97733E-2 2.87637E-2 3.04688E-2 2.49257E-2 2.35223E-2 2.53747E-2 3.34185E-2 4.51609E-2 1.04365E-1 1.10351E-1 1.10854E-1 1.12505E-1 1.13014E-1 1.11032E-1 1.1064E-1 1.0999E-1 1.00485E-1 8.26195E-2 8.23657E-2 9.55298E-2 6.23994E-2 4.41385E-2 3.57918E-2 6.04259E-2 6.87678E-2 4.61526E-2 2.14488E-2 1.31673E-2 1.22913E-2 1.21709E-2 1.37658E-2 1.51648E-2 1.61084E-2 1.63319E-2 1.79268E-2 1.78092E-2 1.8997E-2 1.60691E-2 1.49175E-2 1.59391E-2 1.52356E-2 1.58623E-2 1.64192E-2 1.41582E-2 1.32049E-2 1.27088E-2 1.31357E-2 1.40096E-2 2.45581E-2 1.56182E-2 1.4212E-2 1.24368E-2 1.25491E-2 1.35032E-2 1.27489E-2 1.16972E-2 1.11942E-2 1.16832E-2
2.34412E-2 2.79964E-2 2.81856E-2 2.91243E-2 2.38618E-2 2.07197E-2 1.95855E-2 2.02531E-2 2.08896E-2 2.44422E-2 3.01923E-2 5.1259E-2 1.03534E-1 9.80516E-2 1.03598E-1 9.61622E-2 8.43592E-2 6.66092E-2 4.38063E-2 3.65081E-2 3.77233E-2 3.78344E-2 3.50323E-2 3.18545E-2 2.95861E-2 2.86291E-2 6.04727E-2 7.05113E-2 4.65926E-2 2.13045E-2 1.77129E-2 1.65923E-2 1.65805E-2 1.63583E-2 1.76287E-2 2.05887E-2 2.04304E-2 2.19975E-2 2.18102E-2 2.27484E-2 2.02141E-2 1.99314E-2 1.88786E-2 1.87206E-2 1.92769E-2 1.88955E-2 1.62468E-2 1.67527E-2 1.53521E-2 1.48862E-2 1.38944E-2 1.28108E-2 1.37046E-2 1.33446E-2 1.29251E-2 1.32996E-2 1.31631E-2 1.31304E-2 1.21654E-2 1.17385E-2 1.18157E-2
2.44672E-2 2.57058E-2 2.69255E-2 2.45764E-2 2.21082E-2 2.04656E-2 2.0804E-2 2.12298E-2 2.08063E-2 2.30023E-2 2.55134E-2 2.83225E-2 3.83244E-2 4.37413E-2 4.88039E-2 4.35779E-2 3.60027E-2 3.43818E-2 3.18538E-2 3.03487E-2 3.17126E-2 3.69126E-2 3.71537E-2 3.56661E-2 3.36856E-2 3.13221E-2 3.36297E-2 3.33527E-2 3.16977E-2 2.54631E-2 2.5093E-2 2.2414E-2 2.00921E-2 2.03815E-2 2.13986E-2 2.51421E-2 2.59102E-2 2.56346E-2 2.684E-2 2.44168E-2 2.38956E-2 2.37805E-2 1.95959E-2 1.98868E-2 1.96219E-2 1.91741E-2 1.88638E-2 1.78044E-2 1.61489E-2 1.66635E-2 1.66076E-2 1.45598E-2 1.45004E-2 1.35897E-2 1.3169E-2 1.45331E-2 1.55676E-2 1.54334E-2 1.39291E-2 1.21146E-2 1.39215E-2
2.20978E-2 2.27112E-2 2.42593E-2 2.50073E-2 2.37736E-2 2.27472E-2 2.44233E-2 2.49559E-2 2.61446E-2 2.79358E-2 2.93082E-2 2.77715E-2 3.29736E-2 3.67988E-2 3.69277E-2 3.37561E-2 3.37804E-2 3.43153E-2 3.11026E-2 3.16931E-2 3.96294E-2 5.12362E-2 4.38305E-2 4.12239E-2 4.29327E-2 3.75238E-2 3.17009E-2 3.08056E-2 2.63046E-2 2.69672E-2 2.97838E-2 2.96317E-2 2.65544E-2 3.86202E-2 4.6384E-2 4.49946E-2 4.11099E-2 3.30394E-2 3.19969E-2 3.23049E-2 2.6872E-2 2.67696E-2 2.46202E-2 2.28825E-2 2.29767E-2 2.2349E-2 2.20032E-2 2.21369E-2 2.1629E-2 1.75685E-2 1.78043E-2 1.58796E-2 1.48948E-2 1.423E-2 1.46928E-2 1.7461E-2 2.10214E-2 2.42104E-2 2.93971E-2 2.37076E-2 2.12377E-2
2.10946E-2 2.35073E-2 2.39349E-2 2.48331E-2 2.43034E-2 2.68211E-2 2.71363E-2 2.81417E-2 3.01596E-2 3.16496E-2 3.21841E-2 3.1297E-2 3.40979E-2 3.7031E-2 3.89685E-2 3.88731E-2 3.85301E-2 3.84067E-2 3.72716E-2 3.87495E-2 4.31478E-2 5.12193E-2 5.4697E-2 6.60709E-2 5.78177E-2 4.92591E-2 4.4515E-2 4.4396E-2 4.28498E-2 3.64011E-2 3.39189E-2 3.69035E-2 4.48154E-2 4.83842E-2 5.31059E-2 8.15343E-2 8.67351E-2 7.72063E-2 7.10768E-2 6.98541E-2 6.40328E-2 5.34036E-2 4.62812E-2 3.81045E-2 3.01197E-2 2.81255E-2 2.67704E-2 2.2279E-2 2.09296E-2 1.94352E-2 1.80343E-2 1.62705E-2 1.51846E-2 1.41434E-2 1.41819E-2 1.47171E-2 1.56811E-2 1.69339E-2 1.88621E-2 2.05144E-2 2.1018E-2
2.33658E-2 2.4397E-2 2.64998E-2 2.72056E-2 2.82507E-2 3.04652E-2 2.91895E-2 3.11799E-2 3.29453E-2 3.2427E-2 3.27196E-2 3.46056E-2 3.59625E-2 3.91634E-2 4.25757E-2 4.56773E-2 4.67406E-2 4.10065E-2 6.3023E-2 7.74779E-2 7.58079E-2 9.01913E-2 1.04341E-1 1.0405E-1 9.5767E-2 8.8487E-2 6.69967E-2 5.64627E-2 6.92635E-2 8.26142E-2 8.85988E-2 9.36331E-2 9.52633E-2 7.77484E-2 6.92826E-2 6.33016E-2 6.62043E-2 5.98037E-2 4.82614E-2 5.52719E-2 4.71508E-2 3.83008E-2 3.706E-2 3.99302E-2 2.98098E-2 4.33054E-2 4.98245E-2 5.82633E-2 4.45542E-2 3.37373E-2 2.80275E-2 1.76929E-2 1.52763E-2 1.43526E-2 1.41027E-2 1.40615E-2 1.42937E-2 1.51005E-2 1.49399E-2 1.62132E-2 1.61786E-2
2.34653E-2 2.39571E-2 2.56183E-2 2.5855E-2 2.73869E-2 2.75181E-2 2.87801E-2 3.12239E-2 3.3452E-2 3.36828E-2 3.41582E-2 3.66912E-2 4.07307E-2 5.31497E-2 6.26461E-2 6.99489E-2 6.21369E-2 8.47312E-2 1.19906E-1 1.34179E-1 1.31722E-1 1.10757E-1 7.35596E-2 7.90731E-2 1.0471E-1 8.85652E-2 6.51789E-2 5.77707E-2 5.86367E-2 6.58116E-2 1.14171E-1 1.37272E-1 1.46132E-1 1.50003E-1 1.46815E-1 1.39243E-1 1.33283E-1 1.12479E-1 9.3687E-2 9.42963E-2 7.3904E-2 4.37782E-2 3.77101E-2 3.49023E-2 3.59979E-2 3.42411E-2 5.15048E-2 8.44301E-2 7.96447E-2 7.26089E-2 6.55508E-2 5.06669E-2 1.83521E-2 1.50466E-2 1.51404E-2 1.51697E-2 1.35654E-2 1.37125E-2 1.40546E-2 1.56741E-2 1.48439E-2
2.46378E-2 2.32386E-2 2.52166E-2 2.76176E-2 2.74956E-2 2.86384E-2 2.9544E-2 3.18998E-2 3.49142E-2 3.52432E-2 3.50399E-2 4.12749E-2 6.34989E-2 9.61038E-2 1.02272E-1 9.30408E-2 9.90439E-2 1.37506E-1 1.37552E-1 1.36513E-1 1.25555E-1 1.17597E-1 7.95316E-2 1.01687E-1 1.10998E-1 6.78853E-2 5.06069E-2 5.04719E-2 5.13746E-2 5.24006E-2 5.46965E-2 8.19725E-2 1.17503E-1 1.3414E-1 1.38245E-1 1.37263E-1 1.38557E-1 1.35457E-1 1.23649E-1 1.31692E-1 1.2766E-1 1.1605E-1 8.96811E-2 5.73354E-2 4.82339E-2 4.53269E-2 8.51412E-2 7.88534E-2 7.89045E-2 7.19021E-2 6.77268E-2 6.32723E-2 4.36055E-2 2.17832E-2 1.64365E-2 1.48805E-2 1.38009E-2 1.32018E-2 1.35696E-2 1.33176E-2 1.34758E-2
2.49446E-2 2.49535E-2 2.6946E-2 2.73377E-2 2.95397E-2 3.12906E-2 3.17518E-2 3.24489E-2 3.34483E-2 3.41145E-2 3.61151E-2 4.64839E-2 8.71999E-2 1.04057E-1 8.78979E-2 1.04422E-1 1.29326E-1 1.35377E-1 1.30559E-1 1.26795E-1 1.06909E-1 1.032E-1 1.15101E-1 1.12194E-1 9.58634E-2 7.05979E-2 5.34543E-2 5.18916E-2 5.25724E-2 4.62691E-2 4.86296E-2 4.79152E-2 5.13163E-2 6.97057E-2 9.31875E-2 1.15886E-1 1.25602E-1 1.22915E-1 1.21425E-1 1.15515E-1 1.13537E-1 1.11143E-1 1.07983E-1 9.93945E-2 8.44814E-2 7.01732E-2 8.70573E-2 8.3038E-2 7.65501E-2 7.26191E-2 6.92289E-2 6.62628E-2 6.33451E-2 4.29021E-2 2.45195E-2 2.51145E-2 1.54718E-2 1.36128E-2 1.3315E-2 1.28441E-2 1.30041E-2
2.51377E-2 2.43502E-2 2.68494E-2 2.891E-2 3.23588E-2 3.35958E-2 3.51025E-2 3.44747E-2 3.46654E-2 3.70499E-2 4.23382E-2 6.75198E-2 8.71266E-2 7.63543E-2 9.98853E-2 1.25579E-1 1.25434E-1 1.24767E-1 1.19481E-1 1.0867E-1 1.06344E-1 1.05978E-1 8.92353E-2 8.37924E-2 5.64233E-2 5.66939E-2 4.79644E-2 4.41515E-2 4.14645E-2 4.3255E-2 4.08756E-2 4.1751E-2 4.27134E-2 4.48703E-2 5.04487E-2 6.4726E-2 1.02604E-1 1.1392E-1 1.07905E-1 1.04486E-1 1.01875E-1 9.82336E-2 9.49967E-2 9.0812E-2 8.58292E-2 7.97544E-2 6.39231E-2 5.99459E-2 6.98313E-2 7.01655E-2 6.63662E-2 6.48715E-2 6.53544E-2 6.4445E-2 4.34858E-2 3.37001E-2 1.97808E-2 1.67088E-2 1.64177E-2 1.47467E-2 1.38724E-2
2.75356E-2 2.70762E-2 3.2616E-2 3.43504E-2 3.82564E-2 3.49325E-2 3.50801E-2 3.52124E-2 3.56321E-2 4.0355E-2 6.05069E-2 8.3073E-2 6.18526E-2 7.8283E-2 1.18592E-1 1.18743E-1 1.14694E-1 1.09268E-1 1.02714E-1 7.63275E-2 8.27633E-2 7.93955E-2 6.28401E-2 7.55454E-2 5.62289E-2 4.95639E-2 4.00824E-2 3.64115E-2 3.70224E-2 3.84733E-2 4.04517E-2 4.23706E-2 4.34829E-2 4.59096E-2 5.1266E-2 5.82776E-2 7.68929E-2 9.99227E-2 1.01668E-1 9.44424E-2 9.18299E-2 8.80731E-2 8.59585E-2 8.29011E-2 7.98408E-2 8.1332E-2 7.52711E-2 4.49841E-2 5.41592E-2 6.61138E-2 6.25404E-2 6.28627E-2 6.33832E-2 6.49097E-2 6.42188E-2 4.26364E-2 2.33721E-2 1.9535E-2 2.17417E-2 1.88043E-2 1.54102E-2
