maxent_outputs/red_flowers_linear/red_183.asc
ncols         426
nrows         180
xllcorner     -130.0
yllcorner     24.0
cellsize      0.16666666666666666
NODATA_value  -9999
[rows 81 to 107 of 180, columns 61 to 121 of 426]
4.30065E-1 5.82288E-1 4.80258E-1 5.5976E-1 4.68539E-1 5.00016E-1 4.85754E-1 5.28591E-1 4.77753E-1 5.43002E-1 5.02455E-1 4.67299E-1 5.60111E-1 5.39737E-1 5.01503E-1 4.55497E-1 4.41533E-1 5.95291E-1 5.90633E-1 4.41362E-1 4.51193E-1 5.28584E-1 4.85182E-1 5.67881E-1 4.5567E-1 5.90592E-1 6.22477E-1 4.92447E-1 5.08819E-1 5.21787E-1 4.95344E-1 4.79934E-1 4.27409E-1 5.54141E-1 4.1781E-1 3.75325E-1 3.89879E-1 3.80834E-1 3.75332E-1 3.88405E-1 4.25559E-1 4.57132E-1 3.94476E-1 6.50362E-1 4.53362E-1 6.95726E-1 5.52888E-1 4.87231E-1 5.83956E-1 6.45964E-1 5.32512E-1 7.1438E-1 7.42919E-1 6.96409E-1 6.32897E-1 6.31957E-1 4.98829E-1 4.68593E-1 4.10448E-1 3.77529E-1 3.71762E-1
4.97308E-1 5.50867E-1 5.56213E-1 5.17622E-1 5.3989E-1 4.23529E-1 5.30661E-1 5.02024E-1 4.41196E-1 5.21441E-1 5.29504E-1 4.25245E-1 5.37524E-1 5.41506E-1 5.45071E-1 5.56981E-1 4.95697E-1 5.91252E-1 5.2108E-1 4.89646E-1 5.86733E-1 4.89792E-1 4.89935E-1 5.37521E-1 4.52464E-1 6.30293E-1 5.33166E-1 5.77722E-1 5.73003E-1 6.30799E-1 4.68601E-1 5.29099E-1 4.94406E-1 5.12326E-1 4.66706E-1 4.34329E-1 3.81957E-1 3.76656E-1 3.82251E-1 3.79516E-1 3.85171E-1 4.07968E-1 3.93993E-1 5.21426E-1 4.23548E-1 4.67791E-1 4.31855E-1 5.31835E-1 5.47198E-1 6.41929E-1 6.14086E-1 6.72765E-1 6.80865E-1 5.74602E-1 5.07156E-1 4.96245E-1 4.37062E-1 3.95294E-1 3.37165E-1 2.99611E-1 2.91E-1
6.105E-1 7.8048E-1 5.84631E-1 5.52561E-1 5.31054E-1 4.33571E-1 5.31738E-1 4.20246E-1 4.51208E-1 4.31709E-1 4.29143E-1 5.11673E-1 4.46113E-1 4.58338E-1 5.19373E-1 4.84873E-1 5.285E-1 5.20326E-1 5.80817E-1 5.38263E-1 5.17399E-1 4.72851E-1 5.53008E-1 4.74977E-1 5.08485E-1 6.22343E-1 5.54807E-1 5.6768E-1 4.88056E-1 6.02279E-1 5.06236E-1 4.80625E-1 5.50357E-1 4.81868E-1 4.47311E-1 4.91711E-1 4.33065E-1 3.74506E-1 3.88407E-1 3.93185E-1 3.52012E-1 3.62601E-1 4.41373E-1 5.2741E-1 4.69971E-1 4.85384E-1 4.70797E-1 4.83202E-1 4.62254E-1 5.4076E-1 5.51472E-1 6.22165E-1 6.78524E-1 6.74513E-1 5.81646E-1 5.41969E-1 4.59043E-1 3.91423E-1 3.51211E-1 2.97762E-1 2.76062E-1
5.95053E-1 6.09893E-1 5.83976E-1 5.42795E-1 5.14509E-1 4.84558E-1 4.33672E-1 4.10358E-1 3.86016E-1 4.10109E-1 5.78707E-1 4.65451E-1 3.96878E-1 4.85506E-1 4.43007E-1 5.12353E-1 5.13841E-1 5.31066E-1 4.9824E-1 4.98247E-1 5.89775E-1 6.13814E-1 5.29856E-1 4.77401E-1 5.78631E-1 6.04178E-1 5.5666E-1 5.42003E-1 4.95851E-1 5.79394E-1 4.79039E-1 5.8393E-1 6.0698E-1 4.35175E-1 4.59099E-1 6.46973E-1 4.30718E-1 3.67277E-1 3.92877E-1 3.92633E-1 4.32274E-1 3.82786E-1 5.03121E-1 5.2876E-1 5.80741E-1 5.21484E-1 5.39569E-1 4.35107E-1 6.3004E-1 5.91661E-1 5.93154E-1 5.99555E-1 5.80955E-1 6.32842E-1 6.49045E-1 6.56572E-1 6.09006E-1 5.0373E-1 4.39438E-1 3.43217E-1 3.31377E-1
5.23736E-1 5.61622E-1 5.8641E-1 5.44061E-1 5.11472E-1 4.5417E-1 3.96764E-1 3.76097E-1 3.65055E-1 4.82581E-1 4.29653E-1 4.28926E-1 5.70201E-1 4.99154E-1 5.06004E-1 5.65248E-1 5.45837E-1 6.42474E-1 5.14316E-1 5.76719E-1 5.35595E-1 5.48142E-1 5.01597E-1 4.89816E-1 5.40646E-1 5.95776E-1 4.48784E-1 5.42059E-1 5.20969E-1 6.12305E-1 4.95589E-1 5.8916E-1 4.9627E-1 5.69863E-1 6.42192E-1 6.72949E-1 3.92774E-1 3.96254E-1 4.60207E-1 3.96315E-1 4.51521E-1 4.5416E-1 3.90328E-1 3.9709E-1 4.34534E-1 4.40601E-1 5.0432E-1 4.5818E-1 6.20366E-1 5.74301E-1 5.72536E-1 6.58244E-1 6.10827E-1 5.70349E-1 5.52109E-1 5.85426E-1 6.33351E-1 5.60397E-1 4.81448E-1 4.11564E-1 4.04073E-1
5.20607E-1 5.77275E-1 5.74104E-1 4.94582E-1 4.62741E-1 4.03545E-1 3.89673E-1 3.83942E-1 4.22397E-1 5.62773E-1 4.07774E-1 6.22702E-1 4.68407E-1 4.76515E-1 5.66388E-1 5.09622E-1 5.37339E-1 5.66906E-1 6.10025E-1 5.15762E-1 4.31806E-1 4.51302E-1 5.15338E-1 5.48468E-1 5.32429E-1 5.24383E-1 4.45422E-1 5.58233E-1 4.48828E-1 5.44907E-1 5.09363E-1 6.12814E-1 4.43753E-1 5.30622E-1 5.3753E-1 4.09717E-1 4.57144E-1 4.39951E-1 4.13451E-1 4.11998E-1 4.72443E-1 3.97777E-1 3.66585E-1 3.52844E-1 3.78738E-1 4.80162E-1 4.267E-1 4.47734E-1 6.31887E-1 4.69311E-1 5.29962E-1 7.03054E-1 6.54158E-1 4.81576E-1 4.34668E-1 4.40118E-1 5.73754E-1 6.79115E-1 5.38486E-1 5.31683E-1 4.84032E-1
5.36529E-1 5.8392E-1 5.51329E-1 5.01154E-1 4.6376E-1 4.14126E-1 4.17948E-1 4.06218E-1 4.98071E-1 4.70436E-1 5.09732E-1 5.34424E-1 5.85596E-1 5.44751E-1 4.95722E-1 4.63375E-1 6.01652E-1 5.13904E-1 5.18091E-1 5.36584E-1 5.81098E-1 4.66632E-1 6.38245E-1 5.88061E-1 4.95539E-1 4.83398E-1 5.54999E-1 4.82265E-1 5.6608E-1 5.33492E-1 5.16098E-1 6.86093E-1 4.42259E-1 6.53543E-1 5.11527E-1 3.78204E-1 4.85691E-1 3.84315E-1 4.11004E-1 5.40109E-1 4.41401E-1 3.84248E-1 3.35463E-1 3.59528E-1 3.71021E-1 5.61709E-1 4.20434E-1 4.60502E-1 6.06655E-1 4.28342E-1 6.78346E-1 7.19902E-1 6.45896E-1 4.48981E-1 3.90256E-1 4.19521E-1 4.26431E-1 5.99579E-1 5.43388E-1 5.81919E-1 5.47419E-1
5.48472E-1 5.2541E-1 5.44166E-1 4.82601E-1 4.61361E-1 4.62463E-1 4.34829E-1 4.35619E-1 4.5335E-1 4.11206E-1 4.80034E-1 4.81484E-1 5.81674E-1 5.00399E-1 5.63276E-1 5.62114E-1 6.29781E-1 4.77847E-1 5.66873E-1 5.68432E-1 6.03827E-1 5.35834E-1 5.19165E-1 4.46461E-1 5.18936E-1 5.63411E-1 6.07375E-1 4.21485E-1 5.37923E-1 5.21655E-1 5.85682E-1 7.00399E-1 4.71139E-1 7.3527E-1 6.01363E-1 3.82206E-1 5.12859E-1 4.44389E-1 5.03774E-1 4.9028E-1 4.05083E-1 3.47078E-1 3.45165E-1 3.50426E-1 3.72029E-1 5.65721E-1 5.1242E-1 4.70579E-1 4.8801E-1 5.95631E-1 7.16092E-1 6.03836E-1 5.00026E-1 3.79412E-1 4.43689E-1 4.79974E-1 3.81932E-1 4.6056E-1 4.53391E-1 5.84764E-1 6.28541E-1
4.95956E-1 5.72519E-1 5.94747E-1 4.78864E-1 4.31443E-1 4.44993E-1 4.52625E-1 4.36771E-1 5.18849E-1 4.94247E-1 4.89305E-1 4.88746E-1 4.79515E-1 5.87766E-1 5.58449E-1 6.65133E-1 4.69057E-1 5.72801E-1 6.31164E-1 5.17786E-1 6.46965E-1 6.43092E-1 4.92958E-1 5.59941E-1 4.87381E-1 4.8851E-1 6.09127E-1 5.32602E-1 4.71693E-1 6.26061E-1 4.89359E-1 5.76885E-1 5.53129E-1 6.1262E-1 4.30884E-1 4.21059E-1 4.837E-1 5.47554E-1 5.03125E-1 4.53538E-1 4.27883E-1 4.07169E-1 3.55179E-1 3.50113E-1 3.46074E-1 4.66812E-1 6.29832E-1 4.6717E-1 4.46403E-1 6.90584E-1 6.86656E-1 5.90517E-1 4.1157E-1 3.74668E-1 4.44528E-1 4.61855E-1 4.10784E-1 3.94755E-1 3.83113E-1 5.1173E-1 5.70606E-1
4.76834E-1 5.54567E-1 5.42659E-1 4.87639E-1 4.65385E-1 5.47342E-1 4.13867E-1 4.4992E-1 4.55965E-1 3.98497E-1 4.45338E-1 4.58764E-1 5.31951E-1 5.58489E-1 6.11644E-1 5.98142E-1 4.48301E-1 6.21804E-1 5.40208E-1 6.09846E-1 5.50309E-1 6.21152E-1 5.2756E-1 5.17353E-1 4.69503E-1 4.47347E-1 6.73978E-1 5.25069E-1 4.58282E-1 5.9471E-1 5.6623E-1 5.78942E-1 4.90208E-1 7.80932E-1 4.85901E-1 4.9098E-1 4.57438E-1 5.30921E-1 4.79634E-1 4.28454E-1 4.82746E-1 5.01769E-1 3.72356E-1 3.6016E-1 3.96478E-1 6.60165E-1 6.6178E-1 4.43464E-1 5.3942E-1 6.12855E-1 6.02203E-1 4.77128E-1 4.23415E-1 4.47596E-1 4.68317E-1 4.73274E-1 3.77232E-1 3.02816E-1 3.12169E-1 3.44115E-1 3.58982E-1
5.57589E-1 5.81692E-1 5.24906E-1 5.01493E-1 5.01573E-1 5.59753E-1 6.08566E-1 5.48434E-1 5.08656E-1 4.95168E-1 4.54648E-1 4.93736E-1 4.97807E-1 5.96874E-1 6.53073E-1 6.46395E-1 5.2381E-1 7.1385E-1 5.23468E-1 6.92448E-1 5.14981E-1 5.82656E-1 5.18807E-1 4.69876E-1 5.21729E-1 3.81846E-1 4.90417E-1 5.0787E-1 4.44731E-1 6.07171E-1 6.25736E-1 5.11914E-1 4.62739E-1 6.50465E-1 4.78466E-1 4.81365E-1 5.05379E-1 5.07185E-1 4.17959E-1 3.83896E-1 4.2991E-1 4.17511E-1 4.34624E-1 4.41256E-1 5.52025E-1 6.52095E-1 4.87359E-1 5.25809E-1 6.21689E-1 6.79307E-1 5.82254E-1 4.60465E-1 4.27308E-1 4.84826E-1 4.83824E-1 4.63417E-1 3.16521E-1 3.10377E-1 3.25631E-1 3.44577E-1 3.52457E-1
6.41804E-1 5.87132E-1 5.61441E-1 6.02675E-1 6.13344E-1 5.56047E-1 6.37865E-1 4.74361E-1 5.26593E-1 5.13233E-1 5.51626E-1 5.02816E-1 4.94226E-1 5.31289E-1 5.85682E-1 5.29163E-1 5.79469E-1 5.78598E-1 5.27472E-1 5.89039E-1 5.65325E-1 5.21689E-1 4.47161E-1 5.00112E-1 3.86278E-1 3.36515E-1 5.6462E-1 4.95696E-1 4.35819E-1 6.11038E-1 5.80611E-1 4.64672E-1 5.46788E-1 4.78619E-1 4.69485E-1 5.81154E-1 4.00727E-1 5.2612E-1 4.07041E-1 5.23E-1 4.15126E-1 4.02767E-1 4.968E-1 5.67679E-1 6.1718E-1 5.52009E-1 6.44084E-1 6.40031E-1 7.01339E-1 6.75855E-1 5.79859E-1 4.45311E-1 4.52554E-1 4.46198E-1 4.13798E-1 3.51482E-1 3.40869E-1 3.34402E-1 3.67719E-1 4.05999E-1 4.30318E-1
6.84258E-1 6.86902E-1 6.07642E-1 6.40607E-1 5.68352E-1 5.24999E-1 6.36872E-1 5.39158E-1 5.48187E-1 5.36967E-1 5.14702E-1 5.68108E-1 5.05287E-1 4.99081E-1 4.56729E-1 5.00247E-1 5.28695E-1 5.5688E-1 6.23511E-1 5.00121E-1 5.74151E-1 3.93925E-1 4.41791E-1 4.12307E-1 3.10532E-1 3.95253E-1 6.10533E-1 4.2972E-1 4.10223E-1 5.49478E-1 5.60109E-1 4.73739E-1 5.61526E-1 5.91152E-1 4.75781E-1 5.92779E-1 4.42721E-1 5.61515E-1 4.12486E-1 5.11755E-1 4.2457E-1 4.37786E-1 5.68741E-1 5.90867E-1 7.95248E-1 5.94232E-1 6.64261E-1 5.34839E-1 5.46427E-1 5.48826E-1 6.51594E-1 4.78314E-1 4.15323E-1 3.76959E-1 3.31968E-1 3.42422E-1 3.93585E-1 4.0584E-1 4.01245E-1 4.24175E-1 4.14223E-1
6.4593E-1 6.35943E-1 6.55597E-1 5.27268E-1 5.83581E-1 5.57791E-1 5.53397E-1 5.56695E-1 5.53031E-1 5.66384E-1 4.93135E-1 5.34768E-1 4.90201E-1 4.97052E-1 4.29406E-1 5.47653E-1 5.06196E-1 5.48203E-1 5.18494E-1 4.46905E-1 5.17195E-1 3.57778E-1 4.26775E-1 3.47805E-1 3.93086E-1 5.98381E-1 4.92025E-1 4.30173E-1 4.60281E-1 5.46135E-1 5.39951E-1 5.456E-1 6.18323E-1 5.90252E-1 5.72247E-1 5.95984E-1 5.12613E-1 5.83896E-1 4.98008E-1 4.15521E-1 3.6194E-1 4.81563E-1 4.61667E-1 5.36187E-1 7.67111E-1 5.32883E-1 5.77249E-1 5.47147E-1 5.3136E-1 5.63706E-1 5.85843E-1 5.2669E-1 4.12052E-1 3.90329E-1 3.83516E-1 3.57768E-1 4.33583E-1 4.85869E-1 4.63715E-1 4.37858E-1 4.15319E-1
6.54936E-1 6.76679E-1 6.8691E-1 6.53857E-1 5.64185E-1 5.11382E-1 5.05492E-1 5.33721E-1 5.1742E-1 5.28458E-1 4.99548E-1 4.25611E-1 5.18531E-1 4.65548E-1 4.77084E-1 5.1046E-1 4.75237E-1 4.94583E-1 4.94205E-1 4.51058E-1 5.21205E-1 4.43177E-1 3.86268E-1 4.19352E-1 6.32535E-1 5.11539E-1 4.10299E-1 4.37162E-1 5.31465E-1 4.82878E-1 4.74059E-1 5.60354E-1 5.02652E-1 5.69818E-1 5.77107E-1 5.11059E-1 5.65715E-1 5.02665E-1 4.25648E-1 3.71193E-1 4.64494E-1 4.96004E-1 5.11874E-1 5.37646E-1 5.52225E-1 5.9852E-1 5.98535E-1 5.60866E-1 6.08229E-1 7.28943E-1 7.48695E-1 5.79717E-1 4.57815E-1 5.00645E-1 6.27012E-1 4.10495E-1 4.39306E-1 4.87728E-1 4.78567E-1 4.72329E-1 5.005E-1
6.92964E-1 7.2085E-1 6.94176E-1 7.15905E-1 5.94132E-1 5.63809E-1 5.02295E-1 4.79926E-1 5.81027E-1 6.00061E-1 4.57472E-1 4.73735E-1 4.58854E-1 5.07666E-1 5.09106E-1 4.68219E-1 4.31244E-1 4.149E-1 4.07037E-1 5.04968E-1 5.9081E-1 4.55747E-1 4.30779E-1 4.55688E-1 4.39919E-1 4.78647E-1 4.61865E-1 4.16442E-1 5.52061E-1 4.92057E-1 4.17515E-1 6.17407E-1 4.88078E-1 4.95326E-1 5.9959E-1 5.34475E-1 4.15575E-1 3.63403E-1 3.5523E-1 3.63736E-1 3.95363E-1 4.29196E-1 4.64985E-1 5.98182E-1 4.25049E-1 6.38697E-1 5.49102E-1 6.55472E-1 6.80604E-1 6.11599E-1 5.42741E-1 5.12919E-1 4.96077E-1 4.96499E-1 5.83956E-1 4.6205E-1 4.49909E-1 4.72519E-1 5.39429E-1 5.8241E-1 6.10596E-1
6.89815E-1 6.73996E-1 6.85312E-1 7.24302E-1 6.66111E-1 5.67804E-1 5.55255E-1 5.7198E-1 6.02925E-1 7.30596E-1 4.4743E-1 5.86102E-1 5.81979E-1 4.22368E-1 5.14213E-1 5.00877E-1 4.82412E-1 4.86171E-1 4.61715E-1 4.09395E-1 4.82674E-1 4.8874E-1 4.14898E-1 4.35256E-1 3.47234E-1 4.80881E-1 5.16484E-1 4.68136E-1 4.62599E-1 5.05397E-1 4.19958E-1 5.31222E-1 4.23048E-1 5.34437E-1 5.18581E-1 4.5732E-1 3.74821E-1 3.70344E-1 4.66815E-1 4.23885E-1 4.24359E-1 6.32338E-1 7.26161E-1 6.09029E-1 4.6845E-1 5.39094E-1 4.86319E-1 6.73967E-1 5.57105E-1 4.89417E-1 4.74797E-1 4.66589E-1 5.10439E-1 4.58597E-1 4.28651E-1 4.88413E-1 4.8576E-1 4.8507E-1 5.77502E-1 6.37378E-1 6.34939E-1
6.85178E-1 7.37352E-1 7.21057E-1 7.12701E-1 7.20635E-1 6.77695E-1 5.65914E-1 5.23915E-1 4.58565E-1 7.4533E-1 5.92198E-1 5.21303E-1 5.33632E-1 5.05587E-1 5.17583E-1 4.75398E-1 4.61987E-1 4.39508E-1 5.02976E-1 4.24587E-1 3.99333E-1 4.30507E-1 4.72639E-1 4.28282E-1 4.63531E-1 5.06859E-1 5.70448E-1 4.7011E-1 4.78188E-1 4.51113E-1 5.57446E-1 5.30637E-1 5.11159E-1 5.28718E-1 5.23466E-1 5.31241E-1 4.76961E-1 5.05286E-1 5.66202E-1 5.35586E-1 6.13447E-1 6.97772E-1 7.21274E-1 5.76183E-1 5.55983E-1 6.08441E-1 5.05773E-1 5.34967E-1 5.94067E-1 5.45205E-1 4.66038E-1 4.41908E-1 4.7982E-1 5.17173E-1 4.09986E-1 4.5841E-1 4.83939E-1 5.21912E-1 5.36923E-1 5.89988E-1 5.91796E-1
5.92909E-1 6.90818E-1 6.78306E-1 6.51554E-1 7.18455E-1 7.29559E-1 7.50427E-1 5.18091E-1 4.29148E-1 6.1929E-1 6.5283E-1 5.17136E-1 5.55776E-1 6.10433E-1 4.94791E-1 4.60615E-1 4.80369E-1 4.75313E-1 4.55525E-1 4.00747E-1 4.25751E-1 4.36944E-1 5.30881E-1 4.31929E-1 5.68739E-1 4.45802E-1 4.87297E-1 4.83934E-1 5.13717E-1 4.6335E-1 5.94531E-1 5.64107E-1 5.90902E-1 5.69747E-1 5.45886E-1 5.67837E-1 5.41629E-1 5.83224E-1 6.86038E-1 5.43568E-1 6.36703E-1 5.88474E-1 6.44825E-1 5.97129E-1 6.18729E-1 6.14573E-1 5.20514E-1 4.98435E-1 4.8225E-1 5.22684E-1 5.48049E-1 5.18372E-1 4.38875E-1 4.80344E-1 4.83202E-1 4.3316E-1 4.93679E-1 4.99094E-1 5.12621E-1 5.47473E-1 4.84679E-1
5.43224E-1 5.77397E-1 6.57385E-1 7.1307E-1 7.4193E-1 7.17694E-1 7.23719E-1 6.88003E-1 5.60287E-1 5.25005E-1 5.70974E-1 5.16525E-1 5.21397E-1 5.13366E-1 5.56688E-1 5.29122E-1 4.06851E-1 4.58203E-1 5.04932E-1 4.81551E-1 5.05248E-1 5.35187E-1 4.91681E-1 3.85939E-1 4.00344E-1 4.72597E-1 4.36798E-1 5.10273E-1 4.57815E-1 5.15427E-1 5.57034E-1 5.18338E-1 5.19226E-1 5.18794E-1 4.80564E-1 5.11907E-1 4.98701E-1 5.26023E-1 5.46629E-1 5.02097E-1 5.41369E-1 5.90775E-1 5.3976E-1 5.45183E-1 5.24953E-1 5.35983E-1 5.05439E-1 4.90041E-1 4.87676E-1 4.8367E-1 4.79373E-1 4.9506E-1 5.41126E-1 4.73534E-1 4.86753E-1 4.94202E-1 4.55312E-1 4.74658E-1 5.17541E-1 4.81596E-1 4.24435E-1
5.11824E-1 5.51294E-1 5.78857E-1 6.84416E-1 7.33749E-1 7.03245E-1 7.31928E-1 7.70275E-1 6.57684E-1 4.88842E-1 6.23821E-1 5.56476E-1 4.71366E-1 5.21973E-1 5.11288E-1 5.19683E-1 5.01623E-1 3.95494E-1 4.38892E-1 4.83888E-1 5.21312E-1 4.79154E-1 4.04598E-1 4.28552E-1 4.4288E-1 5.34197E-1 4.6171E-1 4.1283E-1 5.10973E-1 5.04206E-1 5.00006E-1 4.90996E-1 4.95064E-1 4.75696E-1 4.64364E-1 5.25449E-1 4.94328E-1 3.947E-1 4.18334E-1 4.88053E-1 5.20336E-1 5.77441E-1 5.46572E-1 5.27395E-1 4.99789E-1 4.94273E-1 4.8905E-1 4.4369E-1 4.29743E-1 4.47132E-1 4.81765E-1 5.80449E-1 5.33556E-1 5.62244E-1 5.01825E-1 5.23355E-1 4.96314E-1 4.52999E-1 4.77876E-1 3.98874E-1 4.14153E-1
5.04044E-1 4.85519E-1 5.3662E-1 5.71173E-1 6.29241E-1 7.01263E-1 7.3025E-1 7.31991E-1 7.51699E-1 5.01062E-1 6.61689E-1 5.54553E-1 5.3239E-1 5.84608E-1 5.38261E-1 5.51502E-1 6.21241E-1 4.98153E-1 4.94803E-1 4.92448E-1 5.1857E-1 5.3018E-1 4.24303E-1 4.12096E-1 5.0963E-1 4.87202E-1 4.64359E-1 4.35196E-1 5.34241E-1 4.50255E-1 5.0008E-1 5.06613E-1 5.76572E-1 4.74521E-1 4.37152E-1 4.52757E-1 5.3395E-1 4.66803E-1 4.68249E-1 4.64585E-1 4.68446E-1 4.8645E-1 5.25227E-1 4.38962E-1 4.49788E-1 5.19341E-1 5.49344E-1 4.77776E-1 4.8806E-1 4.53804E-1 4.40636E-1 4.63228E-1 5.00634E-1 5.21204E-1 5.25154E-1 5.58229E-1 5.74629E-1 4.83394E-1 5.10289E-1 4.288E-1 4.24355E-1
5.25249E-1 4.83202E-1 5.13264E-1 5.30435E-1 5.87926E-1 6.68892E-1 6.93689E-1 7.25683E-1 8.06978E-1 5.95094E-1 5.14672E-1 6.10681E-1 4.28991E-1 5.26759E-1 5.88197E-1 4.29623E-1 4.93047E-1 5.33603E-1 4.47957E-1 4.32149E-1 4.38804E-1 4.60647E-1 4.4447E-1 4.17292E-1 4.69759E-1 4.50146E-1 4.73917E-1 5.70258E-1 5.84106E-1 4.61117E-1 4.60882E-1 4.18018E-1 4.48633E-1 4.49264E-1 4.4802E-1 5.64637E-1 5.92082E-1 5.30353E-1 4.87174E-1 4.87763E-1 4.30467E-1 4.58238E-1 4.0121E-1 4.58056E-1 5.31792E-1 6.48356E-1 5.64269E-1 4.91356E-1 4.87709E-1 4.76556E-1 4.54908E-1 4.55018E-1 4.57508E-1 4.85732E-1 5.70345E-1 5.83186E-1 6.11986E-1 5.06164E-1 4.52642E-1 4.1326E-1 4.03279E-1
4.74218E-1 4.76373E-1 5.00445E-1 5.15145E-1 5.38019E-1 6.19171E-1 6.85905E-1 7.41727E-1 7.77823E-1 8.01319E-1 5.1144E-1 6.22038E-1 6.18781E-1 5.90831E-1 5.93071E-1 4.44273E-1 4.31985E-1 4.13066E-1 5.28527E-1 4.06775E-1 3.94731E-1 4.35423E-1 4.71017E-1 4.83581E-1 4.4185E-1 4.29095E-1 4.73372E-1 6.72538E-1 5.96162E-1 4.81076E-1 4.24239E-1 4.34611E-1 4.25927E-1 4.78547E-1 6.12668E-1 5.29974E-1 5.36427E-1 5.26537E-1 4.92029E-1 5.26044E-1 4.86533E-1 4.60151E-1 4.80122E-1 5.11532E-1 5.84952E-1 6.66613E-1 5.8559E-1 4.40794E-1 4.80352E-1 4.8844E-1 4.47564E-1 4.46103E-1 4.50682E-1 5.01302E-1 4.87306E-1 5.15762E-1 5.79814E-1 5.89363E-1 4.75599E-1 4.42518E-1 4.13674E-1
5.01503E-1 5.04972E-1 5.02908E-1 5.12767E-1 5.24181E-1 5.55186E-1 7.07282E-1 7.70117E-1 7.44135E-1 7.33515E-1 6.62049E-1 4.9467E-1 5.86655E-1 5.61798E-1 5.10666E-1 6.11602E-1 5.97561E-1 4.11776E-1 5.41444E-1 5.3359E-1 3.98161E-1 4.30344E-1 5.18209E-1 6.43484E-1 6.26623E-1 5.64719E-1 4.66105E-1 5.37835E-1 5.69669E-1 4.52557E-1 4.42982E-1 4.94013E-1 4.5109E-1 4.6966E-1 4.80889E-1 4.85506E-1 5.86441E-1 5.51619E-1 5.07892E-1 5.55406E-1 5.68503E-1 5.34921E-1 5.18474E-1 5.36986E-1 6.03873E-1 6.67493E-1 6.25658E-1 5.07655E-1 4.52997E-1 4.74582E-1 4.40082E-1 4.36835E-1 4.48259E-1 4.48572E-1 4.91838E-1 5.19218E-1 4.90253E-1 5.41644E-1 5.61445E-1 5.61249E-1 4.61961E-1
4.86083E-1 5.06335E-1 5.28001E-1 5.29177E-1 5.21374E-1 5.54327E-1 6.86445E-1 7.348E-1 6.71851E-1 7.02993E-1 6.68246E-1 5.45567E-1 6.28594E-1 5.71539E-1 5.30407E-1 5.54744E-1 7.04257E-1 4.74953E-1 5.46971E-1 5.30974E-1 4.28334E-1 4.966E-1 4.40388E-1 5.20999E-1 7.21045E-1 7.22357E-1 5.84422E-1 5.015E-1 4.65827E-1 4.62696E-1 5.10146E-1 4.86198E-1 5.04637E-1 5.37006E-1 5.23564E-1 4.62566E-1 5.88458E-1 5.17182E-1 5.57668E-1 5.52786E-1 5.50077E-1 5.51385E-1 5.26254E-1 5.66939E-1 5.73099E-1 6.36085E-1 6.58683E-1 5.9737E-1 4.7162E-1 4.63359E-1 4.42428E-1 4.27698E-1 4.2362E-1 4.40599E-1 4.70317E-1 4.77315E-1 4.84883E-1 5.11971E-1 5.47567E-1 5.43048E-1 4.79299E-1
5.19038E-1 5.07977E-1 5.02495E-1 5.07768E-1 5.1263E-1 5.19006E-1 6.40974E-1 7.29896E-1 6.58615E-1 6.7094E-1 6.75991E-1 5.60642E-1 6.23741E-1 6.19981E-1 6.16195E-1 4.43988E-1 7.3272E-1 5.11851E-1 5.07857E-1 6.05427E-1 5.31543E-1 4.93639E-1 4.77191E-1 4.14649E-1 5.21288E-1 6.43475E-1 5.58052E-1 5.12655E-1 4.90564E-1 4.96528E-1 5.8238E-1 5.75862E-1 5.42491E-1 5.2598E-1 4.96554E-1 5.14908E-1 5.45208E-1 5.51259E-1 5.45204E-1 5.63029E-1 5.83586E-1 5.19504E-1 4.69996E-1 4.79956E-1 5.1223E-1 5.51356E-1 5.64559E-1 5.51943E-1 5.30371E-1 4.50176E-1 4.08449E-1 4.09649E-1 4.27452E-1 4.2529E-1 4.41059E-1 4.5498E-1 4.42702E-1 4.587E-1 4.68788E-1 4.78365E-1 4.34502E-1
