maxent_outputs/red_flowers_linear/red_225.asc
ncols         426
nrows         180
xllcorner     -130.0
yllcorner     24.0
cellsize      0.16666666666666666
NODATA_value  -9999
[rows 108 to 134 of 180, columns 183 to 243 of 426]
2.36683E-1 2.35937E-1 2.48069E-1 2.5952E-1 2.62802E-1 2.68287E-1 2.74654E-1 2.90564E-1 3.02977E-1 3.16939E-1 3.21873E-1 3.24009E-1 3.38323E-1 3.36535E-1 3.27307E-1 3.29218E-1 3.29878E-1 3.51066E-1 3.59306E-1 3.72373E-1 3.9532E-1 4.30667E-1 4.78052E-1 5.01939E-1 5.19457E-1 5.58335E-1 5.63973E-1 5.68153E-1 5.36274E-1 5.60539E-1 5.87955E-1 6.12713E-1 6.36162E-1 6.49945E-1 6.48636E-1 6.42679E-1 6.37604E-1 6.3635E-1 6.30748E-1 6.31248E-1 6.03234E-1 6.20973E-1 6.68625E-1 7.12744E-1 7.31616E-1 7.47667E-1 7.59395E-1 8.02546E-1 8.43799E-1 8.67548E-1 8.65673E-1 8.38167E-1 8.31801E-1 8.34475E-1 8.52066E-1 8.3736E-1 8.36587E-1 8.43105E-1 8.43673E-1 8.58903E-1 8.38232E-1
2.37225E-1 2.42346E-1 2.54018E-1 2.60785E-1 2.77746E-1 2.82617E-1 2.83623E-1 2.8682E-1 3.01443E-1 3.22047E-1 3.35248E-1 3.41091E-1 3.49515E-1 3.46123E-1 3.3653E-1 3.3674E-1 3.3752E-1 3.47434E-1 3.62701E-1 3.77159E-1 3.9983E-1 4.31016E-1 4.67491E-1 4.95555E-1 5.15399E-1 5.4975E-1 5.65925E-1 5.53467E-1 5.11129E-1 5.55134E-1 6.1271E-1 6.46632E-1 6.59217E-1 6.76618E-1 6.7141E-1 6.67577E-1 6.6216E-1 6.53752E-1 6.52392E-1 6.54237E-1 6.46276E-1 6.47188E-1 6.93789E-1 7.28694E-1 7.56657E-1 7.70369E-1 7.81107E-1 8.25299E-1 8.58969E-1 8.76968E-1 8.62617E-1 8.35963E-1 8.08023E-1 8.20586E-1 8.58867E-1 8.36195E-1 8.28357E-1 8.30232E-1 8.35968E-1 8.55991E-1 8.37664E-1
2.55737E-1 2.57397E-1 2.67073E-1 2.81453E-1 2.95002E-1 2.96621E-1 2.99719E-1 2.95568E-1 3.08448E-1 3.17885E-1 3.42969E-1 3.51536E-1 3.59459E-1 3.47627E-1 3.37917E-1 3.37626E-1 3.50209E-1 3.68717E-1 3.72385E-1 3.8774E-1 4.10099E-1 4.37372E-1 4.55894E-1 4.69168E-1 5.00991E-1 5.58719E-1 5.66518E-1 5.47801E-1 5.39846E-1 5.75094E-1 6.24747E-1 6.64198E-1 6.84924E-1 7.06212E-1 7.19123E-1 6.93137E-1 6.79662E-1 6.70154E-1 6.84003E-1 6.81988E-1 6.83785E-1 6.9081E-1 7.2364E-1 7.7023E-1 7.9379E-1 8.00882E-1 8.16632E-1 8.47841E-1 8.76796E-1 8.73489E-1 8.66918E-1 8.41183E-1 8.31109E-1 8.34607E-1 8.52759E-1 8.39872E-1 8.20259E-1 8.2017E-1 8.16302E-1 8.31766E-1 8.38378E-1
2.58242E-1 2.62052E-1 2.79923E-1 2.95539E-1 3.06584E-1 3.0442E-1 3.08373E-1 3.18949E-1 3.33721E-1 3.58029E-1 3.61017E-1 3.61311E-1 3.63518E-1 3.71523E-1 3.58507E-1 3.59506E-1 3.72283E-1 3.91604E-1 3.96984E-1 4.07478E-1 4.20499E-1 4.38373E-1 4.55361E-1 4.63589E-1 5.01399E-1 5.51833E-1 5.73337E-1 5.69246E-1 5.68233E-1 6.05746E-1 6.63026E-1 6.93359E-1 7.00505E-1 7.27147E-1 7.37838E-1 7.15586E-1 6.8595E-1 6.92451E-1 6.96677E-1 7.07421E-1 7.05977E-1 7.29451E-1 7.57737E-1 7.94213E-1 8.32143E-1 8.4185E-1 8.65636E-1 8.73514E-1 8.846E-1 8.90543E-1 8.66964E-1 8.36358E-1 8.39424E-1 8.56035E-1 8.61759E-1 8.4287E-1 8.25771E-1 8.17794E-1 8.10995E-1 8.2694E-1 8.3766E-1
2.64742E-1 2.67344E-1 2.89609E-1 3.10933E-1 3.07699E-1 3.08674E-1 3.20856E-1 3.36555E-1 3.41849E-1 3.62434E-1 3.6632E-1 3.76097E-1 3.92187E-1 3.98037E-1 3.92266E-1 3.92619E-1 4.18078E-1 4.30357E-1 4.22428E-1 4.32756E-1 4.43653E-1 4.5752E-1 4.68222E-1 5.03807E-1 5.19156E-1 5.4839E-1 5.56593E-1 5.68641E-1 6.05345E-1 6.43418E-1 6.80613E-1 7.00056E-1 7.06545E-1 7.28432E-1 7.45729E-1 7.51783E-1 7.16798E-1 7.10406E-1 7.20157E-1 7.29915E-1 7.4968E-1 7.87102E-1 8.22546E-1 8.55195E-1 8.67827E-1 8.91733E-1 9.02897E-1 9.00984E-1 9.02693E-1 8.91858E-1 8.75173E-1 8.5658E-1 8.64925E-1 8.79932E-1 8.68973E-1 8.47396E-1 8.28656E-1 8.13081E-1 8.17646E-1 8.33943E-1 8.42596E-1
2.81089E-1 2.88859E-1 3.02363E-1 3.11957E-1 3.16445E-1 3.17373E-1 3.2922E-1 3.3593E-1 3.44286E-1 3.52661E-1 3.58406E-1 3.72626E-1 3.8945E-1 4.03729E-1 4.11962E-1 4.22701E-1 4.40137E-1 4.52021E-1 4.46528E-1 4.47304E-1 4.67693E-1 4.77669E-1 4.98789E-1 5.2225E-1 5.2749E-1 5.52308E-1 5.71498E-1 5.77085E-1 6.20706E-1 6.70524E-1 6.92733E-1 6.89345E-1 6.80742E-1 6.9664E-1 7.23291E-1 7.10425E-1 6.8165E-1 6.97427E-1 7.36385E-1 7.64702E-1 7.85291E-1 8.46063E-1 8.67301E-1 8.84483E-1 9.0654E-1 9.12886E-1 9.12703E-1 9.0041E-1 8.90683E-1 8.83946E-1 8.83017E-1 8.97108E-1 8.99055E-1 8.82517E-1 8.67121E-1 8.4568E-1 8.34965E-1 8.33192E-1 8.3422E-1 8.48742E-1 8.56146E-1
3.07389E-1 3.09827E-1 3.13161E-1 3.28236E-1 3.37306E-1 3.40867E-1 3.4195E-1 3.40707E-1 3.44773E-1 3.52919E-1 3.54699E-1 3.73687E-1 3.92979E-1 4.06521E-1 4.27336E-1 4.42544E-1 4.64906E-1 4.68804E-1 4.65501E-1 4.77011E-1 4.89565E-1 5.14613E-1 5.28044E-1 5.32349E-1 5.39232E-1 5.49101E-1 5.57741E-1 5.70538E-1 6.15555E-1 6.72436E-1 6.98913E-1 6.9943E-1 6.65355E-1 7.00699E-1 7.07622E-1 7.10854E-1 7.21118E-1 7.48274E-1 7.82015E-1 8.1349E-1 8.45325E-1 8.74233E-1 8.6648E-1 8.78048E-1 8.88733E-1 9.01107E-1 9.00413E-1 8.82891E-1 8.68532E-1 8.52085E-1 8.56079E-1 8.76119E-1 8.86383E-1 8.78283E-1 8.53231E-1 8.45737E-1 8.3621E-1 8.391E-1 8.45438E-1 8.61435E-1 8.79583E-1
3.17861E-1 3.19808E-1 3.29551E-1 3.43137E-1 3.64759E-1 3.71732E-1 3.6352E-1 3.50402E-1 3.40153E-1 3.48529E-1 3.73016E-1 3.93381E-1 4.1302E-1 4.36723E-1 4.40322E-1 4.4917E-1 4.72714E-1 4.7349E-1 4.86659E-1 5.02826E-1 5.26938E-1 5.48126E-1 5.53945E-1 5.52104E-1 5.40024E-1 5.44647E-1 5.62501E-1 6.0479E-1 6.51912E-1 6.90825E-1 7.31427E-1 7.35217E-1 7.08669E-1 7.13498E-1 7.27581E-1 7.60949E-1 7.75552E-1 8.08132E-1 8.39003E-1 8.55205E-1 8.7673E-1 8.98941E-1 8.92678E-1 8.96303E-1 8.89497E-1 8.91504E-1 8.80852E-1 8.63469E-1 8.51572E-1 8.29216E-1 8.3046E-1 8.41446E-1 8.55155E-1 8.43924E-1 8.33518E-1 8.31799E-1 8.44302E-1 8.41518E-1 8.50627E-1 8.67694E-1 8.7698E-1
3.30257E-1 3.33847E-1 3.37257E-1 3.51228E-1 3.66261E-1 3.73026E-1 3.7947E-1 3.75181E-1 3.63249E-1 3.61755E-1 3.87867E-1 4.10863E-1 4.22862E-1 4.39588E-1 4.36215E-1 4.29103E-1 4.48512E-1 4.65732E-1 4.81525E-1 5.12758E-1 5.52148E-1 5.72648E-1 5.78261E-1 5.64241E-1 5.46017E-1 5.50559E-1 5.89151E-1 6.24928E-1 6.76981E-1 7.22592E-1 7.44939E-1 7.45579E-1 7.71263E-1 7.66735E-1 7.70814E-1 7.83795E-1 8.34534E-1 8.54668E-1 8.6171E-1 8.7555E-1 8.87971E-1 9.08698E-1 8.99119E-1 8.97191E-1 8.93404E-1 8.85984E-1 8.77441E-1 8.55392E-1 8.28267E-1 8.12339E-1 8.04808E-1 8.13821E-1 8.26637E-1 8.36781E-1 8.21194E-1 8.29225E-1 8.42102E-1 8.44227E-1 8.52933E-1 8.66071E-1 8.69809E-1
3.50584E-1 3.54797E-1 3.48638E-1 3.54848E-1 3.7847E-1 3.91701E-1 4.04797E-1 3.96439E-1 3.93746E-1 3.93826E-1 4.00478E-1 4.23823E-1 4.46628E-1 4.6405E-1 4.64134E-1 4.41361E-1 4.39386E-1 4.61732E-1 4.89473E-1 5.32453E-1 5.76305E-1 5.9129E-1 5.86148E-1 5.71816E-1 5.65469E-1 5.64673E-1 6.03022E-1 6.35828E-1 6.87219E-1 7.29424E-1 7.40225E-1 7.48745E-1 8.09365E-1 8.40278E-1 8.42541E-1 8.45291E-1 8.51686E-1 8.68428E-1 8.8118E-1 8.92752E-1 8.97843E-1 9.01581E-1 9.03276E-1 9.08607E-1 9.06964E-1 8.9945E-1 8.80593E-1 8.43943E-1 8.08769E-1 7.87594E-1 7.78619E-1 7.79389E-1 7.99731E-1 8.09328E-1 8.06155E-1 8.11963E-1 8.21174E-1 8.28925E-1 8.50042E-1 8.67421E-1 8.67391E-1
3.66021E-1 3.73044E-1 3.75829E-1 3.89439E-1 3.92979E-1 4.07782E-1 4.2036E-1 4.24125E-1 4.22611E-1 4.13077E-1 4.2685E-1 4.39744E-1 4.63072E-1 4.97633E-1 5.11301E-1 4.89661E-1 4.74732E-1 4.84544E-1 5.09194E-1 5.39311E-1 5.67366E-1 5.98089E-1 5.91617E-1 5.8124E-1 5.86269E-1 5.9302E-1 6.21343E-1 6.44677E-1 6.99514E-1 7.33028E-1 7.43637E-1 7.37427E-1 7.93109E-1 8.26508E-1 8.56398E-1 8.62711E-1 8.78174E-1 8.87959E-1 8.83116E-1 8.74834E-1 8.83592E-1 8.89817E-1 8.99414E-1 9.0671E-1 9.18092E-1 9.07445E-1 8.7721E-1 8.53299E-1 8.09162E-1 7.75574E-1 7.6845E-1 7.71783E-1 7.783E-1 7.76092E-1 7.92552E-1 8.04268E-1 7.99404E-1 8.17968E-1 8.3936E-1 8.52163E-1 8.39571E-1
3.7895E-1 3.87507E-1 3.99928E-1 4.13611E-1 4.11454E-1 4.17734E-1 4.2063E-1 4.38519E-1 4.40482E-1 4.48719E-1 4.54687E-1 4.70662E-1 4.9997E-1 5.2153E-1 5.30073E-1 5.05061E-1 4.98069E-1 5.09772E-1 5.23937E-1 5.5199E-1 5.82131E-1 5.88725E-1 6.04585E-1 6.32946E-1 6.40636E-1 6.26166E-1 6.41433E-1 6.78528E-1 7.11467E-1 7.36351E-1 7.14047E-1 7.39623E-1 7.99658E-1 8.1989E-1 8.49009E-1 8.813E-1 8.85375E-1 8.98085E-1 8.80632E-1 8.78316E-1 8.84935E-1 8.93397E-1 8.9357E-1 9.08153E-1 9.14626E-1 9.02882E-1 8.82598E-1 8.50705E-1 8.23336E-1 7.81291E-1 7.72523E-1 7.73365E-1 7.68487E-1 7.76514E-1 7.80277E-1 7.91773E-1 8.00887E-1 8.19721E-1 8.3209E-1 8.34107E-1 8.16665E-1
3.96044E-1 3.97935E-1 4.03517E-1 4.07245E-1 4.15583E-1 4.17582E-1 4.39045E-1 4.51934E-1 4.60491E-1 4.71768E-1 4.91413E-1 5.25243E-1 5.39331E-1 5.35995E-1 5.111E-1 5.15487E-1 5.17575E-1 5.36811E-1 5.28962E-1 5.48806E-1 5.66882E-1 5.99329E-1 6.22263E-1 6.54223E-1 6.60539E-1 6.61449E-1 6.79902E-1 7.22573E-1 7.46388E-1 7.29103E-1 7.1767E-1 7.56912E-1 8.19136E-1 8.46807E-1 8.81492E-1 9.20473E-1 9.07009E-1 9.15774E-1 9.16023E-1 8.93845E-1 8.90538E-1 8.93813E-1 8.94085E-1 9.01772E-1 9.05811E-1 9.02514E-1 8.83931E-1 8.54711E-1 8.21066E-1 7.87658E-1 7.75338E-1 7.72619E-1 7.75804E-1 7.71416E-1 7.71445E-1 7.80689E-1 8.045E-1 8.18085E-1 8.32028E-1 8.27005E-1 8.08319E-1
4.04767E-1 4.05086E-1 3.96959E-1 3.92813E-1 4.05801E-1 4.17145E-1 4.42186E-1 4.7037E-1 4.7681E-1 4.88907E-1 5.17192E-1 5.50467E-1 5.91551E-1 5.85456E-1 5.55394E-1 5.36527E-1 5.29196E-1 5.31764E-1 5.40057E-1 5.56492E-1 5.88031E-1 6.16075E-1 6.36727E-1 6.60751E-1 6.73128E-1 6.94943E-1 6.8193E-1 7.01227E-1 7.32887E-1 7.60907E-1 7.72999E-1 8.23827E-1 8.68216E-1 8.96984E-1 9.23056E-1 9.32946E-1 9.19787E-1 9.25296E-1 9.23104E-1 9.11667E-1 8.99686E-1 8.97464E-1 9.02006E-1 9.03062E-1 9.05999E-1 9.03253E-1 8.97453E-1 8.59715E-1 8.16917E-1 7.88256E-1 7.77089E-1 7.87201E-1 7.94261E-1 7.82429E-1 7.76204E-1 7.87483E-1 8.15446E-1 8.25413E-1 8.38496E-1 8.32677E-1 8.23157E-1
3.98723E-1 3.94046E-1 3.92637E-1 4.02346E-1 4.11357E-1 4.14124E-1 4.37294E-1 4.57573E-1 4.6751E-1 4.89476E-1 5.11318E-1 5.51829E-1 5.9768E-1 5.93685E-1 5.81922E-1 5.52169E-1 5.25758E-1 5.34331E-1 5.62624E-1 5.88541E-1 6.14479E-1 6.40202E-1 6.55045E-1 6.69778E-1 6.88667E-1 6.72877E-1 6.75339E-1 7.03872E-1 7.53221E-1 7.97924E-1 8.35822E-1 8.70532E-1 8.95379E-1 9.17178E-1 9.50299E-1 9.49473E-1 9.38763E-1 9.39289E-1 9.37122E-1 9.21539E-1 9.11383E-1 9.0551E-1 9.07706E-1 9.07937E-1 9.09323E-1 9.08386E-1 9.00752E-1 8.73015E-1 8.35827E-1 7.979E-1 7.76344E-1 7.77513E-1 7.7351E-1 7.78188E-1 7.9747E-1 8.08667E-1 8.38253E-1 8.4282E-1 8.58987E-1 8.51607E-1 8.39188E-1
4.08105E-1 4.00532E-1 4.01074E-1 4.08225E-1 4.24522E-1 4.30025E-1 4.47314E-1 4.57609E-1 4.69329E-1 4.87783E-1 5.19549E-1 5.44732E-1 5.59949E-1 5.8322E-1 6.03233E-1 5.67089E-1 5.26696E-1 5.61105E-1 6.01694E-1 6.33932E-1 6.4805E-1 6.39815E-1 6.57185E-1 6.65237E-1 6.78133E-1 6.79264E-1 6.8534E-1 7.1397E-1 7.66009E-1 8.22634E-1 8.65605E-1 9.07461E-1 9.09955E-1 9.04468E-1 9.53621E-1 9.53591E-1 9.50717E-1 9.44948E-1 9.42884E-1 9.29535E-1 9.23876E-1 9.20867E-1 9.17852E-1 9.16763E-1 9.1886E-1 9.1149E-1 8.98761E-1 8.67842E-1 8.36122E-1 8.09876E-1 7.71782E-1 7.58902E-1 7.66847E-1 7.92443E-1 8.06967E-1 8.3295E-1 8.5665E-1 8.71239E-1 8.72398E-1 8.76191E-1 8.65479E-1
4.16347E-1 4.13713E-1 4.19619E-1 4.35322E-1 4.36818E-1 4.50277E-1 4.6392E-1 4.76023E-1 4.96093E-1 5.1693E-1 5.25414E-1 5.48991E-1 5.59109E-1 5.8083E-1 6.06995E-1 5.88221E-1 5.67559E-1 5.97443E-1 6.284E-1 6.3895E-1 6.52987E-1 6.51631E-1 6.59058E-1 6.76698E-1 6.78788E-1 6.89865E-1 7.08927E-1 7.41293E-1 7.77361E-1 8.25005E-1 8.75684E-1 9.10029E-1 9.29626E-1 9.47996E-1 9.546E-1 9.56196E-1 9.47036E-1 9.49625E-1 9.41283E-1 9.316E-1 9.29544E-1 9.36874E-1 9.34266E-1 9.29311E-1 9.24868E-1 9.20823E-1 8.95906E-1 8.56305E-1 8.22116E-1 8.16628E-1 7.94964E-1 7.7329E-1 7.86945E-1 8.13779E-1 8.41739E-1 8.57567E-1 8.72836E-1 8.84882E-1 8.90197E-1 8.89509E-1 8.86748E-1
4.4944E-1 4.31456E-1 4.44083E-1 4.64664E-1 4.72829E-1 4.83451E-1 5.03829E-1 5.13277E-1 5.22547E-1 5.28899E-1 5.46803E-1 5.71264E-1 5.90418E-1 6.09397E-1 6.29706E-1 6.35688E-1 6.18584E-1 6.30521E-1 6.24362E-1 6.30439E-1 6.46861E-1 6.52569E-1 6.61667E-1 6.71904E-1 6.86803E-1 6.95457E-1 7.14815E-1 7.33382E-1 7.87675E-1 8.27486E-1 8.61805E-1 8.77427E-1 9.04976E-1 9.37847E-1 9.51122E-1 9.50034E-1 9.3696E-1 9.30639E-1 9.30224E-1 9.25128E-1 9.33558E-1 9.43073E-1 9.40301E-1 9.30676E-1 9.29507E-1 9.20806E-1 8.80345E-1 8.4815E-1 8.16569E-1 8.08157E-1 8.24696E-1 7.98257E-1 8.08774E-1 8.21686E-1 8.30073E-1 8.31327E-1 8.41884E-1 8.70434E-1 8.86578E-1 8.99109E-1 9.04543E-1
4.64606E-1 4.62824E-1 4.89713E-1 5.14369E-1 5.23236E-1 5.42448E-1 5.60608E-1 5.59581E-1 5.53222E-1 5.45593E-1 5.54907E-1 5.94774E-1 6.33569E-1 6.39331E-1 6.49505E-1 6.60207E-1 6.71668E-1 6.62345E-1 6.42081E-1 6.39789E-1 6.44914E-1 6.40367E-1 6.42132E-1 6.75482E-1 6.89815E-1 7.05205E-1 7.0653E-1 7.27313E-1 7.88003E-1 8.21655E-1 8.52272E-1 8.73603E-1 9.01553E-1 9.25958E-1 9.43094E-1 9.45525E-1 9.24933E-1 9.17831E-1 9.1139E-1 9.18832E-1 9.33156E-1 9.46717E-1 9.39683E-1 9.31677E-1 9.18231E-1 8.97508E-1 8.65211E-1 8.4226E-1 8.24731E-1 8.26483E-1 8.38379E-1 8.18144E-1 8.31586E-1 8.21134E-1 8.04282E-1 8.19203E-1 8.39119E-1 8.59534E-1 8.78295E-1 8.93442E-1 9.06295E-1
4.84876E-1 4.79481E-1 5.14604E-1 5.56089E-1 5.52824E-1 5.64987E-1 5.83063E-1 5.7551E-1 5.67686E-1 5.56146E-1 5.50964E-1 6.00359E-1 6.6068E-1 6.63951E-1 6.57324E-1 6.78669E-1 6.92549E-1 6.92038E-1 6.69307E-1 6.49818E-1 6.40584E-1 6.26829E-1 6.26204E-1 6.42355E-1 6.57634E-1 6.84354E-1 7.08849E-1 7.51388E-1 7.90557E-1 8.29277E-1 8.42851E-1 8.6724E-1 8.97266E-1 9.10837E-1 9.22832E-1 9.16393E-1 8.99565E-1 8.9682E-1 8.96131E-1 9.05755E-1 9.19233E-1 9.30414E-1 9.36182E-1 9.16648E-1 9.02909E-1 8.99159E-1 8.65042E-1 8.44497E-1 8.36108E-1 8.45544E-1 8.54461E-1 8.50727E-1 8.39391E-1 8.25728E-1 8.26267E-1 8.32569E-1 8.52021E-1 8.65222E-1 8.88838E-1 8.98832E-1 9.09868E-1
5.142E-1 5.23409E-1 5.54208E-1 5.52745E-1 5.55795E-1 5.70921E-1 5.81246E-1 5.79692E-1 5.64061E-1 5.73914E-1 5.80073E-1 5.94434E-1 6.24751E-1 6.32567E-1 6.47693E-1 6.70346E-1 6.93165E-1 6.90551E-1 6.76549E-1 6.6072E-1 6.36854E-1 6.20724E-1 6.23245E-1 6.34192E-1 6.53583E-1 6.7633E-1 6.99235E-1 7.49793E-1 7.98949E-1 8.20518E-1 8.39221E-1 8.60345E-1 8.68223E-1 8.84581E-1 8.81942E-1 8.70605E-1 8.63055E-1 8.78229E-1 8.89173E-1 9.03959E-1 9.08786E-1 9.16379E-1 9.19175E-1 9.11631E-1 8.93255E-1 8.97414E-1 8.87067E-1 8.54246E-1 8.50636E-1 8.54644E-1 8.6067E-1 8.60432E-1 8.52757E-1 8.46452E-1 8.51962E-1 8.64185E-1 8.78906E-1 9.01546E-1 9.00076E-1 9.15921E-1 9.18336E-1
5.41594E-1 5.69563E-1 5.53752E-1 5.37087E-1 5.3977E-1 5.60567E-1 5.84014E-1 5.73241E-1 5.75108E-1 5.82048E-1 5.94348E-1 6.10026E-1 6.16972E-1 6.19022E-1 6.36385E-1 6.6093E-1 6.77559E-1 6.75603E-1 6.82656E-1 6.88996E-1 6.70928E-1 6.49488E-1 6.47138E-1 6.67447E-1 6.75701E-1 6.89455E-1 7.06371E-1 7.41788E-1 7.90487E-1 8.23321E-1 8.38279E-1 8.44466E-1 8.57667E-1 8.56425E-1 8.49778E-1 8.26053E-1 8.30595E-1 8.6028E-1 8.89555E-1 9.00828E-1 9.08379E-1 9.16806E-1 9.14916E-1 9.08786E-1 8.91794E-1 9.03499E-1 9.00463E-1 8.75858E-1 8.71679E-1 8.74223E-1 8.71654E-1 8.77612E-1 8.6948E-1 8.62542E-1 8.76395E-1 9.05927E-1 9.28696E-1 9.19704E-1 9.24352E-1 9.31336E-1 9.38904E-1
5.44811E-1 5.60365E-1 5.38131E-1 5.25494E-1 5.38787E-1 5.49237E-1 5.84978E-1 5.87988E-1 5.94295E-1 5.91197E-1 5.87579E-1 5.94934E-1 6.28581E-1 6.3671E-1 6.41513E-1 6.62577E-1 6.52573E-1 6.61822E-1 6.96731E-1 7.18992E-1 7.14085E-1 6.90008E-1 7.01014E-1 7.04183E-1 7.17942E-1 7.19021E-1 7.22595E-1 7.36494E-1 7.80201E-1 8.25772E-1 8.37297E-1 8.55944E-1 8.6187E-1 8.54498E-1 8.31238E-1 8.21411E-1 8.40702E-1 8.6406E-1 8.97283E-1 9.1426E-1 9.26285E-1 9.32633E-1 9.29561E-1 9.22267E-1 9.12919E-1 9.15841E-1 9.15953E-1 8.8627E-1 8.82232E-1 8.75598E-1 8.83068E-1 8.91132E-1 8.87379E-1 8.81144E-1 8.96232E-1 9.27093E-1 9.25553E-1 9.22721E-1 9.33752E-1 9.50166E-1 9.47689E-1
5.33444E-1 5.26154E-1 5.26663E-1 5.33585E-1 5.46173E-1 5.60625E-1 5.89383E-1 5.86841E-1 6.06909E-1 6.01956E-1 6.00154E-1 6.13508E-1 6.58288E-1 6.59566E-1 6.59924E-1 6.50493E-1 6.40444E-1 6.65817E-1 7.06464E-1 7.16218E-1 7.25716E-1 7.35806E-1 7.35958E-1 7.37752E-1 7.45103E-1 7.32478E-1 7.21946E-1 7.47141E-1 7.88841E-1 8.11949E-1 8.47734E-1 8.63531E-1 8.68306E-1 8.67105E-1 8.4379E-1 8.41846E-1 8.61648E-1 8.91734E-1 9.15698E-1 9.34528E-1 9.45915E-1 9.50464E-1 9.39749E-1 9.27683E-1 9.31287E-1 9.25664E-1 9.217E-1 9.02848E-1 8.92329E-1 8.94657E-1 9.01534E-1 9.07806E-1 9.08471E-1 9.15783E-1 9.27847E-1 9.33681E-1 9.30744E-1 9.1868E-1 9.34483E-1 9.44025E-1 9.41231E-1
5.26526E-1 5.37669E-1 5.56756E-1 5.61677E-1 5.78025E-1 5.84983E-1 6.03299E-1 6.16735E-1 6.16643E-1 6.12763E-1 6.20847E-1 6.41715E-1 6.7856E-1 6.75448E-1 6.82333E-1 6.57138E-1 6.32363E-1 6.58413E-1 6.88339E-1 7.09727E-1 7.34624E-1 7.56108E-1 7.64873E-1 7.61281E-1 7.63716E-1 7.65751E-1 7.39717E-1 7.54936E-1 7.904E-1 8.23158E-1 8.53379E-1 8.69967E-1 8.77799E-1 8.84008E-1 8.6167E-1 8.67991E-1 8.93085E-1 9.16008E-1 9.40093E-1 9.52626E-1 9.52685E-1 9.52013E-1 9.48408E-1 9.41747E-1 9.3946E-1 9.41264E-1 9.46948E-1 9.31151E-1 9.19568E-1 9.1324E-1 9.30508E-1 9.32288E-1 9.37974E-1 9.42919E-1 9.56618E-1 9.45992E-1 9.34831E-1 9.25357E-1 9.29143E-1 9.24676E-1 9.30325E-1
5.3035E-1 5.49515E-1 5.62594E-1 5.64409E-1 5.9337E-1 5.9704E-1 6.10489E-1 6.12541E-1 6.14168E-1 6.28263E-1 6.42942E-1 6.75424E-1 6.94622E-1 6.87929E-1 6.93969E-1 6.80195E-1 6.66896E-1 6.81793E-1 6.88624E-1 7.21529E-1 7.49503E-1 7.77491E-1 7.74902E-1 7.93084E-1 7.7204E-1 7.72142E-1 7.65516E-1 7.77143E-1 8.09698E-1 8.37815E-1 8.55227E-1 8.80825E-1 8.88201E-1 8.94413E-1 8.95641E-1 9.09268E-1 9.35477E-1 9.44022E-1 9.56952E-1 9.63585E-1 9.6557E-1 9.68875E-1 9.60474E-1 9.49274E-1 9.52943E-1 9.51741E-1 9.58186E-1 9.6016E-1 9.53526E-1 9.48289E-1 9.52103E-1 9.59821E-1 9.60083E-1 9.55442E-1 9.5484E-1 9.43964E-1 9.39574E-1 9.40129E-1 9.35764E-1 9.28315E-1 9.31398E-1
5.32686E-1 5.41694E-1 5.5826E-1 5.71058E-1 5.89381E-1 6.00012E-1 6.04882E-1 6.24282E-1 6.27377E-1 6.51421E-1 6.80315E-1 7.10107E-1 6.95688E-1 7.19384E-1 7.22396E-1 7.04286E-1 7.04065E-1 7.07107E-1 7.13261E-1 7.29253E-1 7.76491E-1 7.84922E-1 7.85239E-1 7.94212E-1 7.88282E-1 7.82783E-1 7.75996E-1 8.07989E-1 8.41938E-1 8.54727E-1 8.77793E-1 8.91647E-1 9.03563E-1 9.09333E-1 9.37249E-1 9.45821E-1 9.58619E-1 9.63874E-1 9.70465E-1 9.75334E-1 9.79789E-1 9.8293E-1 9.79298E-1 9.68759E-1 9.68672E-1 9.68269E-1 9.74678E-1 9.77291E-1 9.77514E-1 9.77688E-1 9.72971E-1 9.57874E-1 9.52027E-1 9.41074E-1 9.41496E-1 9.50409E-1 9.5333E-1 9.47317E-1 9.49064E-1 9.48059E-1 9.4489E-1
