maxent_outputs/red_flowers_linear/red_346.asc
ncols         426
nrows         180
xllcorner     -130.0
yllcorner     24.0
cellsize      0.16666666666666666
NODATA_value  -9999
[rows 27 to 53 of 180, columns 244 to 304 of 426]
1.9964E-3 2.00141E-3 2.35526E-3 2.7542E-3 3.30035E-3 3.85284E-3 3.38607E-3 2.32194E-3 2.05909E-3 2.0017E-3 2.00411E-3 2.32753E-3 2.47767E-3 2.36551E-3 3.29061E-3 2.35881E-3 2.28017E-3 2.16755E-3 2.159E-3 2.21397E-3 2.10337E-3 2.12646E-3 2.25101E-3 1.9323E-3 1.86529E-3 2.31954E-3 1.94091E-3 1.86897E-3 1.86524E-3 1.73795E-3 1.78375E-3 1.78076E-3 1.80864E-3 1.84317E-3 1.94099E-3 1.79025E-3 1.73151E-3 1.84E-3 1.86986E-3 1.9109E-3 1.98902E-3 2.01669E-3 2.02431E-3 1.97475E-3 1.82352E-3 1.79108E-3 1.91012E-3 1.96169E-3 1.97077E-3 1.90556E-3 1.8479E-3 2.01302E-3 2.1069E-3 2.09322E-3 2.06359E-3 2.06514E-3 1.96824E-3 1.95432E-3 1.96776E-3 1.95301E-3 1.97398E-3
1.99638E-3 2.16631E-3 2.46283E-3 2.188E-3 2.117E-3 2.48164E-3 2.27961E-3 2.10488E-3 2.06435E-3 1.9475E-3 1.88371E-3 2.36464E-3 2.22944E-3 2.50749E-3 2.2428E-3 2.16308E-3 2.22403E-3 2.57878E-3 2.36539E-3 2.3075E-3 2.36546E-3 2.1403E-3 2.14921E-3 2.27704E-3 2.26351E-3 2.20646E-3 1.88986E-3 1.89354E-3 1.89782E-3 1.8077E-3 1.74585E-3 1.83502E-3 1.73616E-3 1.83626E-3 1.86918E-3 1.82163E-3 1.82281E-3 1.84679E-3 1.72638E-3 1.80664E-3 2.01348E-3 1.97091E-3 1.9622E-3 1.9529E-3 1.9942E-3 2.02469E-3 1.99669E-3 1.93397E-3 2.02008E-3 1.9186E-3 1.87182E-3 1.9629E-3 2.03114E-3 1.94727E-3 1.98767E-3 2.02652E-3 1.95737E-3 1.95914E-3 2.07623E-3 1.99625E-3 2.10285E-3
2.07264E-3 2.18541E-3 2.46445E-3 2.55093E-3 2.40074E-3 2.45561E-3 3.09367E-3 2.78032E-3 2.23951E-3 2.25965E-3 2.53325E-3 2.6787E-3 2.47459E-3 2.77151E-3 2.22213E-3 2.34719E-3 2.82175E-3 3.11885E-3 2.79598E-3 2.53019E-3 2.24366E-3 2.37348E-3 2.3442E-3 2.61964E-3 2.68208E-3 2.40913E-3 2.05709E-3 2.10654E-3 2.08615E-3 2.11552E-3 2.10256E-3 1.93165E-3 1.88851E-3 1.89599E-3 1.87158E-3 1.99381E-3 2.05054E-3 2.25398E-3 2.1261E-3 2.12489E-3 2.25479E-3 2.03571E-3 1.9488E-3 1.9937E-3 2.02518E-3 2.1285E-3 2.07239E-3 1.89511E-3 1.90091E-3 1.83465E-3 1.86025E-3 1.93389E-3 1.97522E-3 2.02723E-3 2.09942E-3 2.10829E-3 2.02982E-3 2.13135E-3 2.26241E-3 2.09354E-3 2.12531E-3
2.00998E-3 2.05188E-3 2.48973E-3 2.77313E-3 2.86774E-3 2.96257E-3 4.11887E-3 5.23944E-3 4.45627E-3 5.55466E-3 4.85152E-3 3.85594E-3 3.36686E-3 3.60406E-3 3.72221E-3 3.10154E-3 2.96279E-3 3.27044E-3 3.1542E-3 2.99206E-3 2.64135E-3 2.76421E-3 2.6988E-3 2.47789E-3 2.37956E-3 2.21804E-3 2.38913E-3 2.3847E-3 2.24211E-3 3.02243E-3 2.2338E-3 2.13018E-3 1.99355E-3 1.96972E-3 2.05632E-3 2.31723E-3 2.10825E-3 2.02562E-3 2.18461E-3 2.27445E-3 2.24038E-3 2.21493E-3 2.10158E-3 1.99406E-3 1.98824E-3 2.10361E-3 2.08854E-3 1.98137E-3 1.94315E-3 2.00494E-3 1.96017E-3 2.07676E-3 2.02701E-3 2.09169E-3 2.1358E-3 3.04404E-3 3.09669E-3 2.35353E-3 2.34139E-3 2.10821E-3 2.13231E-3
2.38604E-3 2.22067E-3 2.41917E-3 2.81453E-3 3.78336E-3 5.6747E-3 3.88672E-3 4.88244E-3 7.0532E-3 9.60857E-3 1.26415E-2 1.4067E-2 1.13627E-2 9.86731E-3 1.06347E-2 1.0321E-2 7.60178E-3 6.91783E-3 3.91699E-3 3.1635E-3 2.85765E-3 2.95675E-3 3.32776E-3 2.58412E-3 2.47275E-3 2.53477E-3 2.52483E-3 2.64113E-3 2.33817E-3 2.53252E-3 2.38769E-3 2.30931E-3 2.2292E-3 2.17286E-3 2.29068E-3 2.36193E-3 2.39002E-3 2.24212E-3 2.23369E-3 2.33767E-3 2.22063E-3 2.33132E-3 2.27587E-3 2.2145E-3 2.12977E-3 2.01962E-3 2.08926E-3 2.07253E-3 2.0329E-3 2.08938E-3 2.15894E-3 2.11073E-3 2.1755E-3 2.24366E-3 2.34089E-3 3.29134E-3 3.83991E-3 2.79675E-3 3.59661E-3 2.41282E-3 2.21819E-3
3.33438E-3 3.87296E-3 5.29721E-3 5.41992E-3 6.66732E-3 6.91974E-3 1.31032E-2 2.23036E-2 2.89665E-2 3.02521E-2 3.05195E-2 3.07293E-2 3.09179E-2 2.9506E-2 2.87337E-2 3.06947E-2 3.00827E-2 2.93304E-2 9.47814E-3 3.80503E-3 3.4531E-3 3.12132E-3 2.92648E-3 2.85508E-3 2.74737E-3 2.90816E-3 2.64048E-3 2.59795E-3 2.88522E-3 2.6184E-3 2.77612E-3 2.33252E-3 2.38145E-3 2.44965E-3 2.38562E-3 2.40723E-3 2.43679E-3 2.38013E-3 2.50868E-3 2.46538E-3 2.45213E-3 2.37373E-3 2.393E-3 2.38041E-3 2.34785E-3 2.25591E-3 2.36586E-3 2.21181E-3 2.13757E-3 2.15661E-3 2.48164E-3 2.19224E-3 2.12615E-3 2.07782E-3 2.08004E-3 2.0754E-3 2.5387E-3 2.85696E-3 3.23983E-3 2.82053E-3 2.55352E-3
5.64175E-3 1.25639E-2 1.23876E-2 8.4993E-3 1.23931E-2 2.07087E-2 2.82709E-2 2.94025E-2 3.025E-2 3.07082E-2 3.11868E-2 3.2247E-2 3.23527E-2 3.30706E-2 3.34237E-2 3.28917E-2 3.18615E-2 3.31804E-2 2.16028E-2 5.33684E-3 3.98506E-3 3.61308E-3 3.31174E-3 3.19823E-3 3.18838E-3 3.10106E-3 2.75975E-3 2.83724E-3 2.78898E-3 2.79003E-3 3.18904E-3 2.91258E-3 2.71672E-3 3.32233E-3 3.05353E-3 2.91088E-3 2.77078E-3 2.51738E-3 2.72782E-3 2.60895E-3 2.57302E-3 2.53875E-3 2.53712E-3 2.58771E-3 2.56775E-3 2.50542E-3 2.39272E-3 2.37905E-3 2.34069E-3 2.41971E-3 2.74361E-3 2.44057E-3 2.39093E-3 2.33086E-3 2.16952E-3 2.10838E-3 2.37313E-3 2.45151E-3 2.67172E-3 2.88848E-3 3.22489E-3
8.7293E-3 1.332E-2 1.88675E-2 2.38699E-2 2.57097E-2 2.43765E-2 2.8014E-2 3.04102E-2 3.06259E-2 3.12716E-2 3.2535E-2 3.34131E-2 3.37074E-2 3.39697E-2 3.46888E-2 3.44314E-2 3.39103E-2 3.43456E-2 3.39277E-2 8.64415E-3 4.40953E-3 4.13656E-3 3.83292E-3 3.55191E-3 3.49549E-3 3.44374E-3 3.22525E-3 3.17106E-3 2.92782E-3 2.76378E-3 3.27865E-3 3.40824E-3 2.99287E-3 2.89623E-3 2.86828E-3 2.86174E-3 2.95399E-3 2.73537E-3 2.66123E-3 2.74039E-3 2.92379E-3 2.80574E-3 2.78286E-3 2.6797E-3 2.65495E-3 2.62486E-3 2.571E-3 2.5123E-3 2.52357E-3 2.58781E-3 2.54109E-3 2.40596E-3 2.67701E-3 2.43404E-3 2.47723E-3 2.43603E-3 2.43341E-3 2.60175E-3 2.89599E-3 3.33766E-3 3.05764E-3
1.96448E-2 2.39765E-2 1.7654E-2 1.45238E-2 1.38493E-2 2.31171E-2 2.95921E-2 3.04404E-2 3.12087E-2 3.26383E-2 3.40103E-2 3.47839E-2 3.52648E-2 3.56347E-2 3.59506E-2 3.6025E-2 3.63368E-2 3.54263E-2 3.54766E-2 2.40457E-2 8.5664E-3 5.23071E-3 4.69252E-3 4.51963E-3 4.37259E-3 4.14177E-3 4.25619E-3 3.65768E-3 3.3623E-3 3.3275E-3 2.98859E-3 3.09137E-3 3.21522E-3 2.9366E-3 2.9642E-3 3.2775E-3 3.38074E-3 3.12643E-3 2.80131E-3 3.06628E-3 3.10903E-3 3.13527E-3 3.35666E-3 2.8588E-3 2.7793E-3 2.6615E-3 2.62786E-3 2.74523E-3 2.61446E-3 2.67552E-3 2.76001E-3 2.88005E-3 2.90117E-3 2.6057E-3 2.54094E-3 2.65716E-3 2.64299E-3 2.90821E-3 3.1936E-3 3.15862E-3 3.15245E-3
2.06738E-2 1.18153E-2 1.42652E-2 2.1214E-2 2.69691E-2 2.95493E-2 3.01577E-2 3.06212E-2 3.16301E-2 3.33918E-2 3.4797E-2 3.53035E-2 3.52451E-2 3.62282E-2 3.9894E-2 4.03206E-2 4.04555E-2 3.97984E-2 3.96287E-2 3.87229E-2 3.27146E-2 1.90357E-2 1.59054E-2 1.51159E-2 1.75586E-2 2.00643E-2 1.12579E-2 4.60848E-3 3.66012E-3 3.09717E-3 2.91355E-3 2.64495E-3 3.22253E-3 3.30968E-3 3.26161E-3 3.35961E-3 3.6097E-3 3.10934E-3 3.05818E-3 3.17281E-3 3.13597E-3 3.23862E-3 2.9831E-3 2.84191E-3 2.91182E-3 2.91754E-3 3.13642E-3 3.16021E-3 3.12379E-3 3.05513E-3 2.99337E-3 3.04048E-3 2.93987E-3 2.78013E-3 2.77491E-3 2.69996E-3 2.68502E-3 3.05376E-3 3.19265E-3 3.15872E-3 3.12778E-3
2.67315E-2 2.35066E-2 2.81245E-2 2.8286E-2 2.83295E-2 2.9967E-2 3.07248E-2 3.13723E-2 3.26212E-2 3.33755E-2 3.42858E-2 3.47163E-2 3.65218E-2 3.78036E-2 4.11607E-2 4.12826E-2 4.14857E-2 4.13381E-2 4.06809E-2 3.99308E-2 2.12482E-2 1.40231E-2 2.02371E-2 3.4361E-2 3.27217E-2 3.11036E-2 7.49884E-3 4.22409E-3 3.37906E-3 3.06146E-3 3.09383E-3 2.96499E-3 2.8484E-3 2.89701E-3 3.43558E-3 3.24188E-3 3.29036E-3 2.99283E-3 3.26161E-3 3.47441E-3 3.36214E-3 3.1045E-3 3.46339E-3 3.56439E-3 3.21274E-3 3.10108E-3 3.26459E-3 3.42023E-3 3.14554E-3 3.29369E-3 3.15129E-3 3.06915E-3 3.09856E-3 3.08376E-3 2.99683E-3 3.03287E-3 2.9403E-3 2.9181E-3 3.05934E-3 2.89461E-3 3.08243E-3
2.84483E-2 2.85837E-2 2.89313E-2 2.804E-2 2.94719E-2 2.93167E-2 3.06446E-2 2.73947E-2 2.6781E-2 2.96826E-2 3.17414E-2 3.42259E-2 3.68003E-2 3.78342E-2 4.17532E-2 4.18532E-2 4.25201E-2 4.18729E-2 4.07095E-2 4.04892E-2 3.60177E-2 3.33689E-2 3.53892E-2 3.3928E-2 3.29503E-2 2.84834E-2 7.10578E-3 4.59182E-3 3.62922E-3 3.29708E-3 3.10491E-3 3.09553E-3 2.90212E-3 3.18704E-3 3.42834E-3 3.16079E-3 3.25119E-3 3.19562E-3 3.17292E-3 3.16223E-3 3.29214E-3 3.29562E-3 3.50338E-3 3.31223E-3 3.31786E-3 3.40991E-3 3.37967E-3 3.42963E-3 3.43956E-3 3.175E-3 3.2318E-3 3.39973E-3 3.08562E-3 3.2418E-3 3.41569E-3 3.39364E-3 3.39092E-3 3.30514E-3 3.65954E-3 3.38117E-3 3.35368E-3
2.98868E-2 2.95353E-2 2.69426E-2 2.68817E-2 2.66639E-2 2.0637E-2 1.26068E-2 1.19583E-2 1.39871E-2 1.70141E-2 2.4396E-2 3.11814E-2 3.65964E-2 3.8298E-2 4.13804E-2 4.25483E-2 4.31755E-2 4.33296E-2 4.24137E-2 4.22015E-2 3.66277E-2 3.18901E-2 3.65523E-2 3.54164E-2 3.37871E-2 3.19749E-2 2.35256E-2 1.3202E-2 5.25224E-3 3.56269E-3 3.2015E-3 3.44249E-3 3.38542E-3 3.55458E-3 3.57144E-3 3.73475E-3 3.65596E-3 3.90272E-3 3.66116E-3 3.79671E-3 3.80349E-3 3.60347E-3 3.44723E-3 3.61805E-3 3.30331E-3 3.44065E-3 3.48511E-3 3.38323E-3 3.11057E-3 3.17927E-3 3.21302E-3 3.51898E-3 3.4672E-3 3.62808E-3 3.97397E-3 4.10371E-3 3.88727E-3 3.76734E-3 5.11787E-3 3.75433E-3 3.25949E-3
2.99297E-2 2.87518E-2 2.49185E-2 2.0574E-2 1.3996E-2 9.67829E-3 9.792E-3 1.51048E-2 2.3763E-2 3.08821E-2 3.1085E-2 3.1158E-2 3.30107E-2 3.57562E-2 4.13973E-2 4.28221E-2 4.29003E-2 4.3817E-2 4.37487E-2 4.28233E-2 3.84338E-2 3.71059E-2 3.79354E-2 3.66582E-2 3.53847E-2 3.36193E-2 2.98112E-2 2.30537E-2 7.69228E-3 4.02965E-3 3.78062E-3 3.54446E-3 3.57918E-3 3.50139E-3 3.97949E-3 4.12314E-3 4.18504E-3 4.07782E-3 3.84735E-3 3.80313E-3 4.13721E-3 4.24265E-3 4.69648E-3 4.18981E-3 3.57747E-3 3.43665E-3 3.72343E-3 3.50721E-3 3.52441E-3 3.81135E-3 3.61809E-3 3.75456E-3 3.7687E-3 3.63922E-3 4.44097E-3 4.00805E-3 3.8243E-3 3.77543E-3 4.01634E-3 4.62483E-3 3.34307E-3
2.65713E-2 2.18081E-2 1.54308E-2 1.02638E-2 8.54632E-3 9.75969E-3 1.70138E-2 2.64489E-2 3.02478E-2 3.17798E-2 3.18962E-2 3.1818E-2 3.25076E-2 3.47644E-2 4.1922E-2 4.35517E-2 4.33391E-2 4.35116E-2 4.46695E-2 4.41407E-2 3.97102E-2 3.95267E-2 3.87338E-2 3.74443E-2 3.63003E-2 3.41348E-2 3.05576E-2 1.39268E-2 5.21542E-3 4.40682E-3 4.01523E-3 3.79468E-3 3.9374E-3 4.11824E-3 4.34879E-3 4.43756E-3 4.5869E-3 4.4573E-3 4.04449E-3 3.80317E-3 4.31117E-3 4.30085E-3 4.02371E-3 4.0806E-3 3.85583E-3 3.63779E-3 4.05472E-3 4.31838E-3 4.25601E-3 4.08216E-3 3.62032E-3 3.72691E-3 4.08357E-3 4.01221E-3 4.40928E-3 4.98656E-3 4.10158E-3 4.05165E-3 3.99506E-3 4.6205E-3 3.64684E-3
1.27449E-2 1.08206E-2 9.54321E-3 8.72373E-3 8.88648E-3 1.21464E-2 1.46882E-2 1.43031E-2 1.62871E-2 2.28904E-2 3.12489E-2 3.39194E-2 3.38667E-2 3.51202E-2 3.75468E-2 3.9709E-2 3.85333E-2 3.75392E-2 3.97179E-2 4.00598E-2 3.94847E-2 4.00471E-2 3.90333E-2 3.65444E-2 3.46073E-2 3.27215E-2 3.04625E-2 1.86595E-2 1.11194E-2 7.35112E-3 4.81447E-3 4.25388E-3 4.60541E-3 4.54947E-3 5.08721E-3 5.19882E-3 5.62395E-3 5.76274E-3 5.22734E-3 4.53328E-3 4.57014E-3 4.68136E-3 3.97965E-3 4.32077E-3 4.84674E-3 4.48538E-3 4.57421E-3 4.26325E-3 4.1592E-3 4.11206E-3 4.18225E-3 4.42043E-3 4.50323E-3 4.47393E-3 4.57069E-3 5.36803E-3 4.49324E-3 3.96263E-3 3.85189E-3 3.75609E-3 4.5919E-3
8.67679E-3 8.111E-3 8.32874E-3 9.27955E-3 9.3831E-3 1.01419E-2 8.75483E-3 8.29122E-3 8.99213E-3 1.19301E-2 1.5514E-2 3.40545E-2 3.61512E-2 3.59772E-2 3.65446E-2 3.76754E-2 3.6943E-2 3.72323E-2 3.64382E-2 3.33525E-2 2.69483E-2 2.63281E-2 3.04592E-2 2.09275E-2 1.52832E-2 1.25483E-2 2.15424E-2 2.52605E-2 1.60755E-2 8.08284E-3 5.32627E-3 4.94161E-3 5.14607E-3 5.38693E-3 5.6165E-3 5.75265E-3 5.7149E-3 6.11837E-3 5.93979E-3 6.1621E-3 5.32698E-3 4.91399E-3 5.23437E-3 5.06501E-3 5.24384E-3 5.39768E-3 4.82635E-3 4.48612E-3 4.42145E-3 4.52365E-3 4.83321E-3 8.77654E-3 5.48934E-3 4.91483E-3 4.29877E-3 4.27614E-3 4.55425E-3 4.275E-3 3.89535E-3 3.70268E-3 3.99635E-3
7.01683E-3 8.29952E-3 8.32298E-3 8.78535E-3 7.42152E-3 6.64291E-3 6.34799E-3 6.53149E-3 6.88149E-3 8.43129E-3 1.07606E-2 1.69079E-2 3.31708E-2 3.1351E-2 3.39487E-2 3.23838E-2 2.91529E-2 2.27247E-2 1.48272E-2 1.22326E-2 1.24748E-2 1.21783E-2 1.10681E-2 1.02748E-2 9.8506E-3 1.01348E-2 2.20809E-2 2.5583E-2 1.65985E-2 7.62566E-3 6.63316E-3 6.62115E-3 6.62884E-3 6.21483E-3 6.38987E-3 7.1148E-3 7.00257E-3 7.41211E-3 7.08578E-3 7.41211E-3 6.53773E-3 6.51791E-3 6.19273E-3 6.16366E-3 6.36351E-3 6.30031E-3 5.60565E-3 5.70078E-3 5.12623E-3 5.02718E-3 4.89593E-3 4.78861E-3 5.02223E-3 4.77224E-3 4.60823E-3 4.64033E-3 4.52772E-3 4.40699E-3 4.16768E-3 4.02706E-3 3.9958E-3
7.39028E-3 7.75257E-3 8.08765E-3 7.29382E-3 6.48777E-3 6.07984E-3 6.41519E-3 6.50807E-3 6.42226E-3 7.45993E-3 8.71618E-3 9.43754E-3 1.22798E-2 1.37461E-2 1.53223E-2 1.47001E-2 1.27177E-2 1.18868E-2 1.07161E-2 9.83543E-3 1.00321E-2 1.14879E-2 1.11319E-2 1.06828E-2 1.07056E-2 1.04916E-2 1.16115E-2 1.15716E-2 1.07889E-2 8.30338E-3 8.4168E-3 8.10975E-3 7.5217E-3 7.2679E-3 7.19505E-3 7.93403E-3 8.15582E-3 8.22977E-3 8.65993E-3 7.87723E-3 7.8685E-3 7.87991E-3 6.51263E-3 6.49637E-3 6.47598E-3 6.44961E-3 6.35468E-3 6.18913E-3 5.68095E-3 5.91025E-3 5.99296E-3 5.46047E-3 5.45424E-3 4.97717E-3 4.80188E-3 5.22626E-3 5.46545E-3 5.23474E-3 4.68109E-3 4.19906E-3 4.50525E-3
6.78861E-3 6.88978E-3 7.40738E-3 7.33837E-3 6.77653E-3 6.59227E-3 7.18602E-3 7.4165E-3 7.79249E-3 8.57609E-3 9.09138E-3 8.69642E-3 1.02221E-2 1.13003E-2 1.13563E-2 1.08914E-2 1.15187E-2 1.16572E-2 1.02489E-2 1.01153E-2 1.23539E-2 1.55759E-2 1.30217E-2 1.2336E-2 1.31181E-2 1.20139E-2 1.05097E-2 1.02978E-2 8.79196E-3 9.02383E-3 9.93884E-3 1.03079E-2 9.50128E-3 1.29853E-2 1.43788E-2 1.37227E-2 1.25556E-2 1.07943E-2 1.05275E-2 1.02643E-2 8.63788E-3 8.66634E-3 8.05604E-3 7.51827E-3 7.62222E-3 7.55413E-3 7.63067E-3 8.00664E-3 7.93064E-3 6.47633E-3 6.49093E-3 5.95155E-3 5.7323E-3 5.46691E-3 5.64084E-3 6.48134E-3 7.4768E-3 8.20525E-3 9.4835E-3 7.28063E-3 6.22088E-3
6.4773E-3 7.10148E-3 7.22685E-3 7.27697E-3 6.85535E-3 7.54187E-3 7.74514E-3 8.07283E-3 8.80979E-3 9.35127E-3 9.44606E-3 9.25593E-3 1.00962E-2 1.10487E-2 1.1656E-2 1.20637E-2 1.22909E-2 1.23308E-2 1.20912E-2 1.22972E-2 1.33901E-2 1.55333E-2 1.63182E-2 1.95509E-2 1.76295E-2 1.56596E-2 1.44812E-2 1.44933E-2 1.41942E-2 1.21419E-2 1.12749E-2 1.2248E-2 1.47673E-2 1.55445E-2 1.68101E-2 2.51834E-2 2.67249E-2 2.50741E-2 2.35578E-2 2.28519E-2 2.07319E-2 1.736E-2 1.49629E-2 1.26106E-2 1.02884E-2 9.87239E-3 9.76637E-3 8.52801E-3 7.94632E-3 7.39981E-3 6.93629E-3 6.42239E-3 6.1763E-3 5.7945E-3 5.80666E-3 5.79897E-3 5.91879E-3 6.18622E-3 6.44977E-3 6.37991E-3 6.21535E-3
6.98787E-3 7.31555E-3 7.77832E-3 7.95615E-3 8.10115E-3 8.53789E-3 8.29775E-3 8.73697E-3 9.37368E-3 9.412E-3 9.50349E-3 9.92992E-3 1.03554E-2 1.15218E-2 1.23669E-2 1.32761E-2 1.39391E-2 1.29073E-2 2.00079E-2 2.43478E-2 2.37337E-2 2.79757E-2 3.27575E-2 3.21182E-2 3.01629E-2 2.81711E-2 2.09213E-2 1.8105E-2 2.18154E-2 2.65506E-2 2.83463E-2 3.03127E-2 3.0381E-2 2.45259E-2 2.11866E-2 1.89013E-2 1.9726E-2 1.89312E-2 1.5914E-2 1.81428E-2 1.54525E-2 1.30295E-2 1.26595E-2 1.43858E-2 1.08452E-2 1.59278E-2 1.89398E-2 2.29113E-2 1.7755E-2 1.36596E-2 1.16199E-2 7.40696E-3 6.58657E-3 6.23218E-3 6.11519E-3 6.00166E-3 5.95635E-3 5.93508E-3 5.70867E-3 5.76959E-3 5.69912E-3
6.83786E-3 7.0399E-3 7.57217E-3 7.65168E-3 7.98137E-3 7.97752E-3 8.21246E-3 8.83078E-3 9.37599E-3 9.60403E-3 9.62659E-3 1.04503E-2 1.16195E-2 1.58341E-2 1.81384E-2 2.00977E-2 1.85001E-2 2.61294E-2 3.85664E-2 4.46829E-2 4.36495E-2 3.57824E-2 2.30627E-2 2.46611E-2 3.37921E-2 2.82098E-2 2.06545E-2 1.84399E-2 1.84462E-2 2.10815E-2 3.80493E-2 4.58755E-2 4.84057E-2 4.85341E-2 4.71074E-2 4.38341E-2 4.21551E-2 3.55727E-2 3.01143E-2 3.07993E-2 2.45031E-2 1.4902E-2 1.32699E-2 1.2967E-2 1.38973E-2 1.32617E-2 2.06952E-2 3.60061E-2 3.47436E-2 3.23595E-2 3.03947E-2 2.34831E-2 8.13129E-3 6.94078E-3 7.02517E-3 6.93278E-3 6.13345E-3 5.88883E-3 5.82804E-3 6.18313E-3 5.89206E-3
7.30478E-3 6.98159E-3 7.44652E-3 8.16825E-3 8.08827E-3 8.30113E-3 8.42117E-3 8.89536E-3 9.63045E-3 9.84215E-3 9.90094E-3 1.17195E-2 1.80122E-2 2.85939E-2 2.96555E-2 2.68158E-2 2.96528E-2 4.37289E-2 4.53788E-2 4.58174E-2 4.28471E-2 3.94789E-2 2.6067E-2 3.37453E-2 3.67976E-2 2.2632E-2 1.69572E-2 1.67148E-2 1.71083E-2 1.72408E-2 1.81132E-2 2.71983E-2 3.89404E-2 4.46766E-2 4.5049E-2 4.47623E-2 4.55139E-2 4.51191E-2 4.11878E-2 4.52207E-2 4.46322E-2 4.1382E-2 3.25523E-2 2.1649E-2 1.88064E-2 1.84952E-2 3.56769E-2 3.44809E-2 3.57065E-2 3.35577E-2 3.2147E-2 3.08714E-2 2.05514E-2 1.00712E-2 8.0395E-3 7.35119E-3 6.57916E-3 6.18949E-3 6.10113E-3 5.88234E-3 5.9927E-3
7.64831E-3 7.51515E-3 7.98874E-3 8.13953E-3 8.62971E-3 9.07753E-3 9.0354E-3 9.16981E-3 9.51019E-3 9.71044E-3 1.02761E-2 1.33989E-2 2.52005E-2 3.0417E-2 2.50902E-2 3.04272E-2 4.04476E-2 4.47946E-2 4.47257E-2 4.41242E-2 3.68871E-2 3.55957E-2 4.04556E-2 3.90264E-2 3.30552E-2 2.39656E-2 1.83762E-2 1.74688E-2 1.7898E-2 1.57273E-2 1.65632E-2 1.61891E-2 1.75322E-2 2.37554E-2 3.08012E-2 3.85247E-2 4.2074E-2 4.20518E-2 4.26372E-2 4.15152E-2 4.17368E-2 4.1549E-2 4.13944E-2 4.05915E-2 3.49573E-2 2.89802E-2 3.77824E-2 3.71346E-2 3.60703E-2 3.43634E-2 3.3288E-2 3.20023E-2 3.03629E-2 1.99408E-2 1.09863E-2 1.14307E-2 7.52483E-3 6.49954E-3 6.33948E-3 6.13069E-3 6.33213E-3
7.49651E-3 7.31348E-3 8.04203E-3 8.50204E-3 9.40854E-3 9.72446E-3 1.00008E-2 9.83192E-3 9.87652E-3 1.08131E-2 1.26787E-2 2.01331E-2 2.58631E-2 2.19497E-2 2.93734E-2 3.92149E-2 4.11189E-2 4.24401E-2 4.21729E-2 3.87897E-2 3.9035E-2 3.89107E-2 3.17552E-2 2.96423E-2 2.02413E-2 1.98134E-2 1.71368E-2 1.56559E-2 1.45346E-2 1.47859E-2 1.41817E-2 1.44908E-2 1.49811E-2 1.57274E-2 1.76717E-2 2.21832E-2 3.47379E-2 3.98135E-2 3.91477E-2 3.87241E-2 3.84982E-2 3.87317E-2 3.84175E-2 3.79967E-2 3.79345E-2 3.28999E-2 2.6242E-2 2.62298E-2 3.14956E-2 3.32453E-2 3.20843E-2 3.1546E-2 3.15272E-2 3.06703E-2 1.94271E-2 1.48459E-2 9.33054E-3 8.39035E-3 7.94727E-3 7.24948E-3 6.78305E-3
8.07573E-3 7.96097E-3 9.47663E-3 1.00288E-2 1.1112E-2 9.96008E-3 9.94238E-3 9.98856E-3 1.03762E-2 1.24798E-2 1.92228E-2 2.61791E-2 1.87281E-2 2.36586E-2 3.76691E-2 3.92787E-2 3.93365E-2 3.97636E-2 3.88075E-2 2.84577E-2 3.1245E-2 3.00538E-2 2.35842E-2 2.78579E-2 2.01385E-2 1.78174E-2 1.46569E-2 1.30307E-2 1.32786E-2 1.35676E-2 1.43728E-2 1.51432E-2 1.54457E-2 1.64274E-2 1.79569E-2 2.04925E-2 2.67544E-2 3.61265E-2 3.76232E-2 3.61458E-2 3.58972E-2 3.58848E-2 3.60374E-2 3.59113E-2 3.64677E-2 3.6755E-2 3.13687E-2 1.98791E-2 2.45093E-2 3.16051E-2 3.08655E-2 3.12624E-2 3.13486E-2 3.13716E-2 3.11676E-2 2.04475E-2 1.14641E-2 9.71498E-3 1.06332E-2 8.81337E-3 7.1934E-3
