maxent_outputs/red_flowers_linear/red_257.asc
ncols         426
nrows         180
xllcorner     -130.0
yllcorner     24.0
cellsize      0.16666666666666666
NODATA_value  -9999
[rows 108 to 134 of 180, columns 61 to 121 of 426]
3.58534E-1 3.47916E-1 3.47894E-1 3.44204E-1 3.60555E-1 3.90739E-1 3.23478E-1 2.07112E-1 2.3047E-1 2.00028E-1 2.30222E-1 3.72897E-1 4.7312E-1 4.10978E-1 4.02611E-1 5.23218E-1 4.25115E-1 5.37469E-1 6.30573E-1 5.82159E-1 5.01246E-1 5.19947E-1 4.82377E-1 4.42624E-1 4.4133E-1 4.11024E-1 4.02887E-1 4.57132E-1 4.9638E-1 5.52155E-1 5.87899E-1 5.64371E-1 5.31296E-1 5.02994E-1 4.44587E-1 3.39925E-1 4.12118E-1 4.13895E-1 3.58717E-1 3.76145E-1 2.36908E-1 2.43152E-1 2.54555E-1 2.56688E-1 2.50797E-1 2.20778E-1 1.8612E-1 1.81281E-1 2.09223E-1 2.76554E-1 3.41287E-1 3.0472E-1 2.71512E-1 2.7244E-1 2.66615E-1 2.59256E-1 2.50802E-1 2.45372E-1 2.29708E-1 2.27046E-1 2.53261E-1
3.67541E-1 3.70289E-1 3.5659E-1 3.55869E-1 3.67465E-1 3.98018E-1 2.9786E-1 2.26953E-1 3.24387E-1 2.98933E-1 3.09281E-1 3.82307E-1 4.46762E-1 4.54177E-1 4.86547E-1 4.94636E-1 5.09076E-1 5.17788E-1 5.23202E-1 5.93969E-1 6.09133E-1 5.81037E-1 5.23281E-1 4.24603E-1 4.47287E-1 4.48625E-1 4.35718E-1 4.57691E-1 5.18989E-1 5.26465E-1 5.9937E-1 5.67772E-1 4.98963E-1 4.45658E-1 4.49163E-1 3.75687E-1 3.52966E-1 3.96794E-1 4.15543E-1 3.51911E-1 2.52391E-1 2.47769E-1 2.53182E-1 2.57222E-1 2.56148E-1 2.36151E-1 2.20735E-1 2.0414E-1 2.17655E-1 2.8557E-1 3.25798E-1 3.22558E-1 2.96461E-1 2.79446E-1 2.76753E-1 2.69216E-1 2.58407E-1 2.5177E-1 2.31087E-1 2.35374E-1 2.40276E-1
3.75918E-1 3.67224E-1 3.46782E-1 3.53168E-1 3.82147E-1 4.10126E-1 3.12214E-1 2.84087E-1 3.16314E-1 3.33006E-1 3.119E-1 4.04878E-1 4.62146E-1 4.62848E-1 4.94086E-1 4.83587E-1 4.98013E-1 4.51189E-1 4.78162E-1 5.27141E-1 5.36396E-1 5.6542E-1 5.55576E-1 4.81086E-1 4.50556E-1 4.21834E-1 4.53409E-1 4.28104E-1 4.1941E-1 4.80312E-1 5.97439E-1 5.85811E-1 4.85876E-1 4.40716E-1 4.44086E-1 4.40716E-1 3.53962E-1 3.31345E-1 3.39984E-1 2.9414E-1 2.84237E-1 2.52977E-1 2.41499E-1 2.65245E-1 2.57212E-1 2.4712E-1 2.41048E-1 2.1772E-1 2.31852E-1 2.80994E-1 3.34902E-1 3.31923E-1 3.07064E-1 2.91649E-1 2.82071E-1 2.81636E-1 2.75489E-1 2.60878E-1 2.55204E-1 2.50221E-1 2.53011E-1
3.62057E-1 3.78027E-1 3.63854E-1 3.6466E-1 4.07523E-1 4.2247E-1 3.90165E-1 3.00164E-1 2.78232E-1 2.97012E-1 3.71095E-1 4.33305E-1 4.45712E-1 4.42351E-1 4.52904E-1 4.35059E-1 4.5221E-1 4.45181E-1 4.44054E-1 4.56993E-1 4.83385E-1 5.4796E-1 5.64063E-1 4.90553E-1 4.37441E-1 4.08274E-1 4.58312E-1 4.51678E-1 4.33921E-1 4.93479E-1 5.90324E-1 6.10382E-1 5.0199E-1 4.3903E-1 4.20522E-1 4.32202E-1 3.96534E-1 3.4338E-1 2.97842E-1 2.80366E-1 2.85027E-1 2.85061E-1 2.68082E-1 2.7417E-1 2.70131E-1 2.54441E-1 2.30887E-1 1.86115E-1 1.68538E-1 2.01025E-1 2.88912E-1 3.53278E-1 3.27569E-1 2.97503E-1 2.87888E-1 2.85488E-1 2.82237E-1 2.725E-1 2.74876E-1 2.65055E-1 2.65712E-1
3.05718E-1 3.60789E-1 4.0611E-1 3.88675E-1 3.81575E-1 3.89014E-1 3.9415E-1 3.36982E-1 3.18112E-1 3.22348E-1 4.1558E-1 4.43635E-1 4.21476E-1 4.24379E-1 4.25441E-1 4.14838E-1 4.23498E-1 4.24875E-1 4.60496E-1 4.99605E-1 5.35802E-1 5.4106E-1 5.7651E-1 5.3971E-1 4.65913E-1 4.23009E-1 4.14461E-1 4.06428E-1 4.4569E-1 5.34848E-1 5.30553E-1 6.3474E-1 5.49002E-1 4.94111E-1 4.63432E-1 4.18883E-1 3.91184E-1 3.71527E-1 3.02175E-1 2.79043E-1 2.71639E-1 2.87775E-1 3.06885E-1 3.07433E-1 2.95664E-1 2.43141E-1 2.12604E-1 1.89107E-1 1.75666E-1 1.9606E-1 2.49943E-1 3.13818E-1 3.2605E-1 3.0515E-1 2.86805E-1 2.86941E-1 2.8048E-1 2.87296E-1 2.8438E-1 2.74859E-1 2.73631E-1
2.98312E-1 3.10335E-1 3.84382E-1 3.94474E-1 3.8565E-1 3.86444E-1 3.83583E-1 2.83025E-1 2.85968E-1 3.73949E-1 4.18618E-1 4.16887E-1 4.15455E-1 4.12037E-1 4.30327E-1 4.35044E-1 4.26704E-1 4.59089E-1 5.01247E-1 5.01152E-1 5.33393E-1 5.64229E-1 5.61129E-1 5.47309E-1 5.11529E-1 5.09E-1 4.39682E-1 4.66216E-1 4.92357E-1 5.51553E-1 5.9493E-1 6.47955E-1 5.83605E-1 5.24697E-1 5.07901E-1 3.6515E-1 4.01187E-1 4.11954E-1 3.47038E-1 3.04504E-1 2.81883E-1 2.74745E-1 3.07184E-1 3.08427E-1 3.0699E-1 2.84394E-1 2.44049E-1 2.26667E-1 1.97894E-1 1.9067E-1 2.18199E-1 2.81149E-1 3.08663E-1 3.1406E-1 3.02557E-1 2.89324E-1 2.87888E-1 2.90699E-1 2.85042E-1 2.96115E-1 2.87408E-1
2.91681E-1 2.96082E-1 2.94717E-1 2.93963E-1 2.86812E-1 3.38424E-1 3.22179E-1 3.08701E-1 3.67944E-1 4.00899E-1 4.03649E-1 4.03491E-1 3.93226E-1 3.97115E-1 4.18113E-1 4.28537E-1 4.46428E-1 4.77785E-1 5.00751E-1 5.08056E-1 5.05144E-1 5.56354E-1 5.44691E-1 5.39181E-1 5.14257E-1 4.84102E-1 5.34653E-1 5.51331E-1 5.46765E-1 5.80916E-1 6.37855E-1 6.24489E-1 6.27609E-1 5.58649E-1 5.31265E-1 4.00677E-1 4.41273E-1 4.59188E-1 3.60394E-1 3.16029E-1 2.83414E-1 2.69332E-1 2.93181E-1 3.19609E-1 3.44331E-1 3.74469E-1 3.86622E-1 3.74076E-1 3.13188E-1 2.12663E-1 1.87403E-1 2.35072E-1 2.83595E-1 3.02269E-1 3.04333E-1 3.01792E-1 2.90251E-1 2.95386E-1 2.88511E-1 2.95454E-1 2.92975E-1
2.6151E-1 2.48768E-1 2.60123E-1 2.44696E-1 2.21723E-1 2.7087E-1 3.36486E-1 3.35467E-1 3.70478E-1 3.83795E-1 3.72614E-1 3.73874E-1 3.72933E-1 3.69597E-1 3.93818E-1 4.12577E-1 4.14552E-1 4.15095E-1 4.1969E-1 4.63067E-1 5.13652E-1 5.46264E-1 5.71772E-1 5.57186E-1 5.2189E-1 5.40442E-1 5.91751E-1 5.83652E-1 5.58079E-1 5.83346E-1 6.14429E-1 6.41785E-1 6.37917E-1 6.08354E-1 5.52422E-1 4.83024E-1 4.58641E-1 5.13679E-1 4.1177E-1 3.95263E-1 3.17245E-1 3.01296E-1 2.89626E-1 3.05789E-1 3.29365E-1 3.50645E-1 3.71169E-1 4.42448E-1 4.08062E-1 2.86987E-1 2.00702E-1 2.05245E-1 2.45076E-1 2.71949E-1 2.80737E-1 2.83143E-1 2.80452E-1 2.80705E-1 2.88084E-1 2.94582E-1 2.90697E-1
3.07676E-1 3.00448E-1 2.6748E-1 2.67346E-1 2.75684E-1 3.15434E-1 3.7152E-1 3.85264E-1 3.62826E-1 3.67275E-1 3.75534E-1 3.65586E-1 3.5211E-1 3.57118E-1 3.78248E-1 3.83469E-1 3.8143E-1 4.04467E-1 4.09099E-1 4.32618E-1 4.80091E-1 5.01845E-1 5.98337E-1 6.46367E-1 6.57683E-1 6.44335E-1 6.39207E-1 5.66217E-1 5.46945E-1 5.97286E-1 6.00353E-1 6.1696E-1 6.49397E-1 5.88297E-1 5.57435E-1 5.2595E-1 5.1601E-1 5.55042E-1 5.13152E-1 4.63137E-1 4.34183E-1 3.97911E-1 3.20555E-1 2.96314E-1 3.18491E-1 3.57083E-1 3.72533E-1 4.22658E-1 4.13555E-1 3.15636E-1 2.22003E-1 1.98682E-1 2.09286E-1 2.30058E-1 2.53929E-1 2.65234E-1 2.67573E-1 2.72009E-1 2.78832E-1 2.93314E-1 2.98652E-1
3.50277E-1 3.29449E-1 3.35877E-1 3.5018E-1 3.52541E-1 3.71326E-1 3.86233E-1 4.12433E-1 4.03355E-1 3.54867E-1 3.18353E-1 2.91001E-1 2.70158E-1 2.94942E-1 3.27481E-1 3.50868E-1 3.34553E-1 3.61821E-1 3.92868E-1 4.36918E-1 4.82357E-1 5.10201E-1 5.46076E-1 6.02364E-1 6.36531E-1 6.42494E-1 6.37693E-1 5.99902E-1 6.03674E-1 6.18271E-1 6.25501E-1 6.29265E-1 6.48294E-1 6.50162E-1 6.20097E-1 5.94977E-1 5.80539E-1 5.8758E-1 5.35785E-1 5.32973E-1 4.98293E-1 3.98235E-1 3.64122E-1 3.40006E-1 2.85471E-1 3.6824E-1 4.28564E-1 4.00903E-1 4.18957E-1 3.37229E-1 2.52138E-1 2.30737E-1 2.08379E-1 2.02772E-1 2.15133E-1 2.38253E-1 2.61665E-1 2.77118E-1 2.84551E-1 2.93075E-1 2.98153E-1
-9999 -9999 3.49578E-1 3.64134E-1 3.79193E-1 3.98306E-1 4.01223E-1 4.35626E-1 4.50427E-1 4.02772E-1 3.5763E-1 3.37335E-1 3.08797E-1 2.74596E-1 3.59093E-1 3.26599E-1 2.50744E-1 2.11728E-1 2.28274E-1 3.37615E-1 4.28491E-1 4.89311E-1 5.26502E-1 5.67432E-1 5.86996E-1 5.9147E-1 6.1476E-1 6.29589E-1 6.33554E-1 6.38641E-1 6.27148E-1 6.4793E-1 6.46096E-1 6.62913E-1 6.57131E-1 6.31074E-1 6.17446E-1 6.01765E-1 5.94266E-1 5.65233E-1 5.03078E-1 4.50303E-1 3.89523E-1 3.86649E-1 3.51537E-1 4.054E-1 4.70474E-1 4.16706E-1 4.57578E-1 4.00705E-1 3.47455E-1 3.19847E-1 2.97898E-1 2.53783E-1 2.34087E-1 2.46511E-1 2.63328E-1 2.66827E-1 2.7151E-1 2.65624E-1 2.53591E-1
3.61677E-1 3.37354E-1 3.82018E-1 3.84304E-1 3.77198E-1 3.91346E-1 3.94898E-1 4.12536E-1 4.44344E-1 4.74989E-1 4.55622E-1 4.49465E-1 4.25606E-1 4.38605E-1 4.61768E-1 4.56689E-1 3.93034E-1 2.46564E-1 2.4846E-1 4.2453E-1 4.19905E-1 4.18505E-1 4.57029E-1 5.45429E-1 5.80152E-1 5.9495E-1 5.90695E-1 6.1786E-1 6.32187E-1 6.38734E-1 6.4914E-1 6.61028E-1 6.21171E-1 6.24193E-1 6.06982E-1 5.92614E-1 5.92805E-1 5.87558E-1 5.66301E-1 5.74769E-1 5.33639E-1 4.93703E-1 5.03174E-1 4.73933E-1 4.85331E-1 5.06869E-1 5.36365E-1 4.43019E-1 5.22974E-1 4.60268E-1 3.89835E-1 4.04049E-1 3.06264E-1 2.89603E-1 2.94053E-1 2.85865E-1 2.99781E-1 2.97483E-1 2.76572E-1 2.60496E-1 2.2986E-1
3.66982E-1 3.33752E-1 -9999 -9999 -9999 -9999 -9999 -9999 4.5692E-1 4.78812E-1 4.66888E-1 4.49381E-1 4.19845E-1 4.32559E-1 4.42962E-1 4.30803E-1 4.25543E-1 4.05729E-1 4.13081E-1 5.41271E-1 5.70305E-1 5.0218E-1 4.44018E-1 5.37067E-1 5.81835E-1 6.19958E-1 6.43167E-1 6.57785E-1 6.49629E-1 6.52586E-1 6.38126E-1 6.57625E-1 5.90626E-1 6.06649E-1 6.12823E-1 5.9689E-1 5.84064E-1 5.85001E-1 5.84821E-1 5.62999E-1 5.43201E-1 5.24823E-1 5.3605E-1 5.36961E-1 5.7025E-1 5.94812E-1 5.88365E-1 5.20269E-1 5.28861E-1 5.20949E-1 4.273E-1 4.58574E-1 3.25675E-1 3.06256E-1 3.29138E-1 3.22797E-1 3.19814E-1 3.17613E-1 3.07647E-1 2.97876E-1 2.40312E-1
-9999 -9999 -9999 -9999 -9999 -9999 -9999 -9999 4.26722E-1 4.52989E-1 4.40837E-1 4.59366E-1 4.32244E-1 3.88053E-1 4.12573E-1 4.25451E-1 4.22099E-1 4.21353E-1 3.08439E-1 4.19147E-1 5.91626E-1 6.47892E-1 6.03195E-1 5.09564E-1 5.21521E-1 5.69581E-1 6.65487E-1 6.73842E-1 6.91835E-1 6.97227E-1 6.68318E-1 6.53158E-1 6.2244E-1 6.27886E-1 6.36385E-1 6.10549E-1 6.12698E-1 5.91751E-1 5.94139E-1 5.94917E-1 5.80499E-1 5.76488E-1 5.70169E-1 5.79567E-1 6.0916E-1 6.28533E-1 6.2577E-1 5.83264E-1 5.75381E-1 5.81399E-1 4.64014E-1 5.03095E-1 4.79691E-1 4.12295E-1 4.55988E-1 3.80658E-1 3.37156E-1 3.2888E-1 3.25307E-1 3.08567E-1 2.56586E-1
-9999 -9999 -9999 -9999 -9999 -9999 -9999 -9999 -9999 -9999 4.30302E-1 4.20778E-1 4.19522E-1 4.19897E-1 3.8771E-1 4.21425E-1 4.28771E-1 3.99033E-1 3.39206E-1 3.40248E-1 3.71138E-1 5.81091E-1 6.33694E-1 6.73029E-1 6.42632E-1 6.12069E-1 5.75298E-1 6.46551E-1 6.87767E-1 6.84364E-1 6.56945E-1 5.99684E-1 6.68098E-1 6.39972E-1 6.34346E-1 6.27789E-1 6.07998E-1 6.00277E-1 5.97587E-1 6.02328E-1 6.20624E-1 6.16485E-1 6.06635E-1 6.00673E-1 6.08996E-1 6.28989E-1 6.46554E-1 6.18401E-1 6.18713E-1 5.97993E-1 5.87286E-1 5.18066E-1 4.86399E-1 4.93205E-1 4.19199E-1 4.23029E-1 3.90121E-1 3.59192E-1 3.24629E-1 3.03556E-1 2.86191E-1
-9999 -9999 -9999 -9999 4.1731E-1 -9999 -9999 4.07695E-1 4.1609E-1 4.46163E-1 -9999 -9999 4.12653E-1 4.1201E-1 4.30064E-1 4.28054E-1 4.22382E-1 3.61095E-1 3.48559E-1 3.63318E-1 4.84793E-1 5.19464E-1 6.24278E-1 6.41766E-1 6.74222E-1 6.71505E-1 6.33767E-1 6.22994E-1 6.66204E-1 6.88124E-1 6.56128E-1 6.56723E-1 6.7305E-1 6.29946E-1 6.14334E-1 6.10128E-1 6.3292E-1 6.205E-1 6.20364E-1 6.16929E-1 6.02286E-1 6.25229E-1 6.03764E-1 5.87781E-1 5.96431E-1 6.02266E-1 6.41673E-1 6.32485E-1 6.13679E-1 6.10072E-1 5.92719E-1 5.37386E-1 4.4996E-1 4.46139E-1 4.69863E-1 4.78582E-1 4.66235E-1 4.21126E-1 3.81695E-1 3.14573E-1 2.93321E-1
-9999 4.0558E-1 4.07698E-1 -9999 -9999 -9999 -9999 -9999 4.07078E-1 4.21806E-1 -9999 -9999 -9999 -9999 4.10521E-1 4.21237E-1 4.20813E-1 3.86185E-1 3.3208E-1 3.29053E-1 5.11325E-1 6.44839E-1 6.74641E-1 6.53159E-1 6.33828E-1 6.4094E-1 6.80153E-1 6.55605E-1 6.47724E-1 6.79221E-1 6.9218E-1 6.88742E-1 6.74267E-1 6.49914E-1 6.5634E-1 6.61643E-1 6.53558E-1 6.54785E-1 6.43985E-1 6.42248E-1 6.49616E-1 6.40782E-1 6.17667E-1 6.27557E-1 6.22209E-1 6.13568E-1 6.15935E-1 6.13302E-1 5.84678E-1 5.67319E-1 5.90059E-1 6.07608E-1 5.50749E-1 4.76999E-1 4.33018E-1 4.7212E-1 4.7641E-1 4.59566E-1 4.33897E-1 3.58916E-1 3.39528E-1
-9999 -9999 -9999 -9999 -9999 -9999 -9999 4.22377E-1 -9999 -9999 -9999 -9999 -9999 -9999 4.33726E-1 4.26386E-1 4.37872E-1 4.28837E-1 3.90833E-1 3.31269E-1 4.48515E-1 5.34576E-1 6.62647E-1 6.58177E-1 6.43516E-1 6.03323E-1 6.06637E-1 6.716E-1 6.78208E-1 6.79996E-1 7.05182E-1 7.20449E-1 7.09287E-1 6.79389E-1 6.70588E-1 6.75953E-1 6.72495E-1 6.70743E-1 6.56471E-1 6.5192E-1 6.59708E-1 6.37611E-1 6.36702E-1 6.3774E-1 6.17393E-1 6.10677E-1 5.87154E-1 5.76552E-1 5.906E-1 5.7959E-1 5.76201E-1 6.04416E-1 5.77236E-1 5.63458E-1 5.36284E-1 5.07069E-1 4.48443E-1 4.33135E-1 4.59388E-1 4.47595E-1 4.15238E-1
-9999 -9999 -9999 -9999 -9999 -9999 -9999 4.17693E-1 4.3497E-1 -9999 -9999 -9999 -9999 -9999 -9999 4.28907E-1 4.48572E-1 4.57334E-1 4.28484E-1 3.02337E-1 3.77998E-1 5.58734E-1 6.47779E-1 6.52974E-1 6.54471E-1 6.14913E-1 5.87168E-1 6.37637E-1 6.63235E-1 6.69093E-1 6.88446E-1 7.2264E-1 7.02528E-1 6.95128E-1 6.85789E-1 6.76763E-1 6.52346E-1 6.42072E-1 6.32212E-1 6.46373E-1 6.52355E-1 5.96858E-1 6.29883E-1 6.36073E-1 6.13053E-1 6.00167E-1 5.82677E-1 5.44444E-1 5.75038E-1 5.53687E-1 5.74249E-1 5.79442E-1 5.49172E-1 5.17103E-1 5.48243E-1 5.11354E-1 4.59393E-1 4.19293E-1 4.43465E-1 4.46446E-1 4.5365E-1
-9999 -9999 -9999 -9999 -9999 -9999 -9999 -9999 4.49688E-1 -9999 -9999 -9999 -9999 -9999 -9999 4.53208E-1 4.74646E-1 4.62617E-1 4.2246E-1 3.47232E-1 3.30373E-1 4.19399E-1 5.75409E-1 6.48118E-1 6.1643E-1 5.93719E-1 5.87872E-1 6.11675E-1 6.41954E-1 6.60182E-1 6.84963E-1 6.66174E-1 6.81369E-1 6.99075E-1 6.46289E-1 6.02687E-1 6.27378E-1 6.42554E-1 6.45186E-1 6.43938E-1 6.39959E-1 6.36054E-1 6.49587E-1 6.31982E-1 5.91802E-1 5.75127E-1 5.90089E-1 5.77748E-1 5.74692E-1 5.61435E-1 5.85005E-1 5.85147E-1 5.62612E-1 5.19786E-1 5.27879E-1 5.17844E-1 4.47232E-1 4.33843E-1 3.98864E-1 3.48683E-1 4.32648E-1
-9999 -9999 -9999 -9999 -9999 -9999 -9999 -9999 -9999 -9999 -9999 -9999 -9999 -9999 -9999 -9999 4.66212E-1 4.72365E-1 4.50505E-1 4.08732E-1 3.64935E-1 3.65221E-1 4.1035E-1 5.7843E-1 6.35258E-1 6.36565E-1 6.39245E-1 6.03471E-1 5.90642E-1 5.86998E-1 6.06567E-1 6.315E-1 6.70508E-1 6.61102E-1 6.35832E-1 6.2684E-1 6.29612E-1 6.45716E-1 6.46633E-1 6.50961E-1 6.62261E-1 6.4534E-1 6.4084E-1 6.01629E-1 5.7127E-1 5.57892E-1 5.71073E-1 5.774E-1 5.84583E-1 5.64126E-1 5.8874E-1 5.8433E-1 5.68487E-1 5.31222E-1 4.78766E-1 5.11466E-1 4.78139E-1 4.03791E-1 4.11551E-1 3.87037E-1 4.00135E-1
-9999 -9999 -9999 -9999 -9999 -9999 -9999 -9999 -9999 -9999 -9999 -9999 -9999 -9999 -9999 4.48114E-1 4.48235E-1 4.58039E-1 4.48599E-1 4.49858E-1 4.00466E-1 3.41004E-1 3.043E-1 3.76292E-1 5.93748E-1 6.2977E-1 6.15029E-1 5.9479E-1 5.50923E-1 5.67279E-1 6.45126E-1 6.47951E-1 6.45169E-1 6.34494E-1 6.0906E-1 6.1045E-1 6.1966E-1 6.24305E-1 6.33128E-1 6.40796E-1 6.52438E-1 6.42448E-1 6.25423E-1 5.89899E-1 5.67863E-1 5.58565E-1 5.64004E-1 5.74509E-1 5.75239E-1 6.05207E-1 6.0473E-1 5.79048E-1 5.96091E-1 5.37918E-1 3.98218E-1 4.87093E-1 4.89489E-1 4.42263E-1 4.03422E-1 4.01244E-1 4.30184E-1
-9999 -9999 -9999 -9999 -9999 -9999 -9999 -9999 -9999 -9999 -9999 -9999 -9999 -9999 -9999 -9999 4.32414E-1 4.44125E-1 4.35192E-1 4.35915E-1 4.12318E-1 3.23716E-1 2.81974E-1 3.40078E-1 5.46934E-1 5.7384E-1 6.20515E-1 5.75673E-1 5.46751E-1 5.78262E-1 6.37479E-1 6.46168E-1 6.41071E-1 6.05668E-1 6.28667E-1 6.05676E-1 6.29337E-1 6.22581E-1 6.29753E-1 6.25252E-1 6.31552E-1 6.27819E-1 6.03919E-1 5.75246E-1 5.39581E-1 5.40149E-1 5.49448E-1 5.64617E-1 5.71652E-1 5.71063E-1 5.88686E-1 5.77874E-1 5.95965E-1 6.11079E-1 5.69176E-1 4.40869E-1 4.59592E-1 4.48075E-1 4.28941E-1 4.12202E-1 4.11503E-1
-9999 -9999 -9999 -9999 -9999 -9999 -9999 -9999 -9999 -9999 -9999 -9999 -9999 -9999 -9999 -9999 -9999 4.17445E-1 4.4145E-1 4.36534E-1 4.12974E-1 3.64595E-1 3.0947E-1 2.77113E-1 4.66407E-1 5.16686E-1 5.74207E-1 5.79589E-1 5.75662E-1 5.93424E-1 6.39115E-1 6.35223E-1 6.49626E-1 6.33978E-1 6.12354E-1 6.3146E-1 6.4191E-1 6.32229E-1 6.37231E-1 6.35461E-1 6.18063E-1 6.19325E-1 5.79971E-1 5.60191E-1 5.34952E-1 5.47555E-1 5.55186E-1 5.42826E-1 5.4206E-1 5.38274E-1 5.52243E-1 5.36947E-1 5.58771E-1 5.73443E-1 5.45703E-1 4.81704E-1 4.51038E-1 4.45387E-1 4.34675E-1 4.13977E-1 4.08673E-1
-9999 -9999 -9999 -9999 -9999 -9999 -9999 -9999 -9999 -9999 -9999 -9999 -9999 -9999 -9999 -9999 -9999 4.11298E-1 4.19574E-1 4.38616E-1 4.10872E-1 3.88381E-1 3.5601E-1 2.83612E-1 4.06424E-1 5.11091E-1 5.60165E-1 6.01815E-1 6.30055E-1 6.26897E-1 6.29108E-1 6.36016E-1 6.43285E-1 6.5132E-1 6.26731E-1 6.08273E-1 6.22411E-1 6.54852E-1 6.56452E-1 6.51189E-1 6.19859E-1 5.97708E-1 5.82768E-1 5.71602E-1 5.62671E-1 5.40955E-1 5.31129E-1 5.43863E-1 5.31637E-1 4.90638E-1 5.05653E-1 4.92746E-1 5.12644E-1 5.31247E-1 4.95604E-1 4.69681E-1 4.40655E-1 4.33755E-1 4.424E-1 4.25726E-1 4.27085E-1
-9999 -9999 -9999 -9999 -9999 -9999 -9999 -9999 -9999 -9999 -9999 -9999 -9999 -9999 -9999 -9999 -9999 -9999 3.98814E-1 4.20326E-1 4.18283E-1 3.89323E-1 3.67126E-1 3.31857E-1 3.5332E-1 4.80087E-1 5.68905E-1 5.95083E-1 6.59945E-1 6.67808E-1 6.56109E-1 6.48357E-1 6.42501E-1 6.43489E-1 6.31177E-1 6.11386E-1 6.21515E-1 6.6817E-1 6.80118E-1 6.42013E-1 6.13687E-1 5.90919E-1 5.57977E-1 5.6263E-1 5.4511E-1 5.48532E-1 5.31009E-1 5.27913E-1 5.22973E-1 4.84304E-1 4.8632E-1 4.98565E-1 5.01224E-1 4.66667E-1 4.13881E-1 4.23139E-1 4.44882E-1 4.58577E-1 4.609E-1 4.52484E-1 4.35105E-1
-9999 -9999 -9999 -9999 -9999 -9999 -9999 -9999 -9999 -9999 -9999 -9999 -9999 -9999 -9999 -9999 -9999 -9999 3.78758E-1 4.25777E-1 4.28316E-1 4.03771E-1 3.62595E-1 3.60825E-1 3.83162E-1 4.02444E-1 5.43218E-1 6.18134E-1 6.71147E-1 6.79263E-1 6.52801E-1 6.66855E-1 6.56776E-1 6.37316E-1 6.30885E-1 6.22715E-1 6.15207E-1 6.23398E-1 6.57484E-1 6.25711E-1 6.19044E-1 5.94182E-1 5.80733E-1 5.40437E-1 5.28956E-1 5.39112E-1 5.38071E-1 5.14363E-1 5.01686E-1 4.84259E-1 4.70769E-1 4.68474E-1 4.71922E-1 4.6174E-1 4.31708E-1 4.01606E-1 4.3647E-1 4.70871E-1 4.64262E-1 4.61985E-1 4.41093E-1
