maxent_outputs/red_flowers_linear/red_40.asc
ncols         426
nrows         180
xllcorner     -130.0
yllcorner     24.0
cellsize      0.16666666666666666
NODATA_value  -9999
[rows 108 to 134 of 180, columns 61 to 121 of 426]
3.75538E-1 3.8622E-1 3.3207E-1 3.71242E-1 3.90037E-1 3.44284E-1 4.0275E-1 2.30739E-1 1.92956E-1 1.09581E-1 1.2418E-1 2.55314E-1 2.92968E-1 2.57048E-1 2.534E-1 3.41267E-1 2.90178E-1 3.89065E-1 4.87399E-1 4.37432E-1 3.3543E-1 2.87991E-1 2.6777E-1 2.09774E-1 1.93089E-1 1.96185E-1 2.02126E-1 2.43541E-1 2.96822E-1 3.28335E-1 4.16317E-1 3.69205E-1 3.02897E-1 2.78174E-1 2.31264E-1 1.32866E-1 1.93783E-1 1.92854E-1 1.46541E-1 1.53007E-1 5.76054E-2 4.52159E-2 4.35536E-2 4.70348E-2 4.65572E-2 3.88261E-2 3.1555E-2 3.58368E-2 4.1623E-2 7.0842E-2 9.5962E-2 7.77046E-2 6.29198E-2 5.83819E-2 5.58997E-2 5.5762E-2 5.04155E-2 4.59446E-2 4.11196E-2 4.24781E-2 4.43786E-2
3.98441E-1 3.59747E-1 3.60922E-1 4.0266E-1 3.93502E-1 3.36337E-1 3.45329E-1 2.69587E-1 3.24398E-1 2.51384E-1 2.38345E-1 2.7405E-1 2.4332E-1 2.60322E-1 3.09489E-1 3.14126E-1 3.25695E-1 3.2271E-1 3.35119E-1 4.24815E-1 4.33801E-1 3.90823E-1 3.16261E-1 2.60209E-1 2.31468E-1 2.05405E-1 2.3047E-1 2.35375E-1 3.13347E-1 3.14193E-1 4.50516E-1 3.8319E-1 2.69393E-1 2.54389E-1 2.1148E-1 1.66906E-1 1.39234E-1 1.81855E-1 1.98294E-1 1.40929E-1 6.62759E-2 5.14734E-2 5.11297E-2 4.74812E-2 4.71259E-2 4.05569E-2 3.74134E-2 3.25712E-2 3.92335E-2 7.17874E-2 8.65566E-2 8.69357E-2 7.49651E-2 6.55979E-2 5.97306E-2 5.38088E-2 4.87315E-2 4.95163E-2 4.1065E-2 4.04412E-2 4.0543E-2
4.52954E-1 4.19515E-1 4.33993E-1 4.32411E-1 4.04393E-1 3.56758E-1 3.53841E-1 3.32846E-1 3.14216E-1 2.5904E-1 2.32485E-1 2.6873E-1 3.03541E-1 2.82698E-1 2.99505E-1 2.8218E-1 3.01027E-1 2.68471E-1 2.8488E-1 3.37E-1 3.60656E-1 3.72564E-1 3.39365E-1 2.76034E-1 2.20824E-1 2.25042E-1 2.36002E-1 2.41673E-1 2.45023E-1 2.94268E-1 4.62395E-1 4.44019E-1 2.70913E-1 2.55124E-1 2.15324E-1 1.88206E-1 1.47287E-1 1.15285E-1 1.21609E-1 8.25593E-2 7.27904E-2 5.55493E-2 4.9842E-2 5.25307E-2 5.02081E-2 4.6926E-2 4.25013E-2 3.74046E-2 4.46003E-2 6.49649E-2 8.50046E-2 8.54345E-2 7.61968E-2 6.99906E-2 6.55597E-2 6.07085E-2 5.94437E-2 5.43678E-2 4.4972E-2 4.20842E-2 4.28469E-2
4.33483E-1 4.43087E-1 4.45973E-1 4.36468E-1 4.79031E-1 4.4425E-1 4.12512E-1 3.48671E-1 2.73877E-1 2.30103E-1 2.68376E-1 3.25009E-1 3.02811E-1 2.87313E-1 2.74517E-1 2.50819E-1 2.61148E-1 2.43283E-1 2.51751E-1 2.73798E-1 2.90056E-1 3.53272E-1 3.55768E-1 2.80438E-1 2.1599E-1 1.9055E-1 2.32236E-1 2.40925E-1 2.49561E-1 3.09175E-1 4.19441E-1 4.743E-1 3.26785E-1 2.48622E-1 2.40127E-1 1.88889E-1 1.87651E-1 1.31065E-1 1.00153E-1 7.48325E-2 7.49609E-2 7.68619E-2 6.61947E-2 6.27671E-2 6.14805E-2 5.4191E-2 4.5391E-2 3.64296E-2 3.31743E-2 4.20205E-2 6.18194E-2 8.72304E-2 8.18187E-2 6.9569E-2 6.45335E-2 6.38422E-2 6.55072E-2 5.8956E-2 5.92562E-2 4.88477E-2 4.6596E-2
3.39201E-1 4.05734E-1 4.6436E-1 4.55567E-1 4.76305E-1 4.76055E-1 4.63371E-1 3.86306E-1 3.37753E-1 2.86014E-1 3.40466E-1 3.03942E-1 2.64999E-1 2.44701E-1 2.41699E-1 2.37801E-1 2.07075E-1 2.13295E-1 2.71702E-1 3.17746E-1 3.21325E-1 3.55703E-1 3.4393E-1 3.01977E-1 2.46621E-1 2.08803E-1 2.18858E-1 2.2569E-1 2.53939E-1 3.49926E-1 3.86411E-1 5.13882E-1 4.17856E-1 2.74197E-1 2.73456E-1 1.92139E-1 1.84107E-1 1.63939E-1 1.03883E-1 8.40955E-2 8.0903E-2 7.90238E-2 9.03135E-2 7.83366E-2 7.48773E-2 6.24135E-2 4.85005E-2 3.49279E-2 3.46542E-2 4.49739E-2 5.32981E-2 7.62235E-2 8.65309E-2 7.27799E-2 6.25248E-2 6.64767E-2 6.63825E-2 7.11602E-2 6.24564E-2 5.75124E-2 5.25433E-2
3.54494E-1 3.3621E-1 4.60154E-1 5.03134E-1 4.96984E-1 4.97739E-1 4.39596E-1 2.82724E-1 2.54904E-1 3.07626E-1 3.04771E-1 2.64547E-1 2.54369E-1 2.50734E-1 2.42385E-1 2.32775E-1 2.34017E-1 2.56581E-1 2.95366E-1 2.98895E-1 3.17241E-1 3.49248E-1 3.13754E-1 3.13899E-1 3.08542E-1 2.93553E-1 2.46761E-1 2.81931E-1 2.86046E-1 3.68762E-1 4.45289E-1 5.07302E-1 4.748E-1 3.22399E-1 3.3862E-1 2.18912E-1 2.11214E-1 2.06922E-1 1.51807E-1 1.03664E-1 8.36055E-2 8.53962E-2 9.02413E-2 9.33566E-2 8.59453E-2 9.02491E-2 7.04961E-2 6.41529E-2 4.82904E-2 4.21057E-2 4.76694E-2 6.9125E-2 7.90049E-2 7.82455E-2 6.93107E-2 6.6057E-2 6.33289E-2 6.6238E-2 5.96667E-2 6.60265E-2 6.1506E-2
3.95902E-1 3.57744E-1 3.23386E-1 3.28583E-1 3.34854E-1 4.00964E-1 3.84533E-1 3.10785E-1 3.07578E-1 3.28187E-1 2.96876E-1 2.64992E-1 2.43464E-1 2.32187E-1 2.39035E-1 2.32319E-1 2.4916E-1 2.9459E-1 3.21121E-1 2.98434E-1 3.19534E-1 3.6774E-1 3.51821E-1 3.22893E-1 2.85581E-1 3.14013E-1 3.46063E-1 3.48427E-1 3.49945E-1 3.97751E-1 5.06638E-1 4.55463E-1 4.94709E-1 4.07898E-1 3.4346E-1 2.56335E-1 2.59091E-1 2.61188E-1 1.64848E-1 1.28122E-1 9.17673E-2 1.06543E-1 9.33603E-2 9.53005E-2 1.08979E-1 1.24168E-1 1.4928E-1 1.47293E-1 1.21747E-1 5.77779E-2 3.86045E-2 5.11542E-2 6.70664E-2 7.44646E-2 7.5491E-2 7.30389E-2 6.76249E-2 6.8602E-2 6.25046E-2 6.27612E-2 5.94473E-2
4.43568E-1 3.69453E-1 3.26314E-1 2.42437E-1 1.67146E-1 2.604E-1 4.01022E-1 3.69973E-1 3.60761E-1 3.18455E-1 2.60503E-1 2.35259E-1 2.21578E-1 2.18663E-1 2.27634E-1 2.47425E-1 2.5763E-1 2.47387E-1 2.7506E-1 3.08081E-1 3.32254E-1 3.63654E-1 3.85516E-1 3.80015E-1 3.70097E-1 3.72263E-1 4.4008E-1 3.89106E-1 3.92336E-1 3.77919E-1 4.60395E-1 5.06744E-1 5.04413E-1 4.1354E-1 3.37915E-1 2.93912E-1 2.91682E-1 2.97438E-1 2.22623E-1 1.94653E-1 1.26071E-1 1.29846E-1 1.05812E-1 1.00563E-1 1.02584E-1 1.18316E-1 1.51042E-1 1.7182E-1 1.63359E-1 9.14555E-2 4.96761E-2 4.12694E-2 5.19504E-2 6.36762E-2 6.76032E-2 6.63462E-2 6.46599E-2 6.22379E-2 6.29846E-2 6.02878E-2 5.87472E-2
6.92198E-1 5.9946E-1 4.24047E-1 3.82611E-1 3.24001E-1 4.12772E-1 5.87789E-1 6.06147E-1 4.71049E-1 3.24278E-1 2.90858E-1 2.44688E-1 2.12917E-1 2.14234E-1 2.2619E-1 2.43551E-1 2.46265E-1 2.49698E-1 2.62583E-1 2.92959E-1 3.26662E-1 3.32337E-1 4.45167E-1 5.36656E-1 5.28485E-1 4.90006E-1 4.66705E-1 4.16554E-1 3.7652E-1 4.18529E-1 3.99004E-1 4.79353E-1 5.30254E-1 4.54493E-1 3.52269E-1 2.85146E-1 3.18193E-1 3.65612E-1 3.18144E-1 2.74484E-1 2.48651E-1 2.02678E-1 1.34729E-1 1.24634E-1 1.19265E-1 1.2833E-1 1.44916E-1 1.69643E-1 1.72037E-1 1.06054E-1 5.63959E-2 4.53208E-2 5.1896E-2 5.44246E-2 5.80344E-2 6.15256E-2 5.46336E-2 6.03726E-2 6.41812E-2 6.47748E-2 6.56329E-2
9.43002E-1 8.73649E-1 8.69187E-1 8.48267E-1 7.59169E-1 7.86899E-1 7.17457E-1 6.96728E-1 6.11107E-1 3.78804E-1 2.81838E-1 2.37974E-1 2.03191E-1 1.93075E-1 2.15998E-1 2.35929E-1 2.30516E-1 2.37521E-1 2.58444E-1 2.69046E-1 3.22126E-1 3.46582E-1 4.09007E-1 5.04106E-1 5.29842E-1 4.68677E-1 4.58072E-1 4.51225E-1 4.5423E-1 4.48503E-1 4.60727E-1 4.43455E-1 5.00334E-1 5.18701E-1 4.55281E-1 3.96365E-1 3.81865E-1 3.97923E-1 3.49331E-1 3.47305E-1 3.2196E-1 2.06723E-1 1.68265E-1 1.45047E-1 1.31684E-1 1.59488E-1 1.7184E-1 1.69242E-1 1.87075E-1 1.33793E-1 8.95348E-2 7.56519E-2 5.88073E-2 5.07817E-2 5.02508E-2 5.18406E-2 5.61695E-2 6.37128E-2 6.61428E-2 6.60295E-2 6.63697E-2
-9999 -9999 9.55824E-1 9.57452E-1 9.3106E-1 9.13957E-1 8.05269E-1 8.23684E-1 8.59181E-1 7.14585E-1 5.23986E-1 5.09208E-1 3.99915E-1 2.83397E-1 4.2313E-1 3.7042E-1 2.35992E-1 1.57099E-1 1.57293E-1 2.48846E-1 2.64496E-1 2.95254E-1 3.56007E-1 4.22043E-1 4.44884E-1 4.24419E-1 4.28225E-1 4.6723E-1 4.66031E-1 5.12738E-1 5.0651E-1 4.86395E-1 4.93046E-1 5.42172E-1 5.03338E-1 4.48325E-1 4.36928E-1 4.17445E-1 3.49664E-1 3.37519E-1 2.84696E-1 2.4728E-1 2.1008E-1 1.8484E-1 1.74415E-1 2.16506E-1 2.284E-1 1.93554E-1 2.42874E-1 1.88618E-1 1.3596E-1 1.20342E-1 1.19185E-1 8.03712E-2 6.5E-2 6.40036E-2 6.67977E-2 6.55489E-2 6.36222E-2 5.72998E-2 5.27492E-2
9.76028E-1 9.66996E-1 9.99428E-1 9.8095E-1 9.68612E-1 9.43031E-1 9.29349E-1 9.25197E-1 9.7325E-1 9.45438E-1 8.96493E-1 8.72682E-1 7.81475E-1 7.3587E-1 6.98909E-1 6.46268E-1 4.80218E-1 2.24739E-1 2.0649E-1 3.69515E-1 3.15308E-1 2.75677E-1 3.24469E-1 3.9782E-1 4.08046E-1 4.35544E-1 4.58353E-1 4.6138E-1 4.82637E-1 4.69375E-1 4.79707E-1 5.17282E-1 4.52259E-1 4.42394E-1 3.89239E-1 3.68959E-1 3.79914E-1 3.40803E-1 3.64149E-1 3.47768E-1 2.76182E-1 2.54753E-1 2.83833E-1 2.88805E-1 3.00051E-1 3.34683E-1 3.37716E-1 2.23174E-1 2.90183E-1 2.41752E-1 1.81832E-1 1.84706E-1 1.18223E-1 1.00002E-1 9.83748E-2 8.94891E-2 9.33764E-2 8.97175E-2 7.96846E-2 6.55689E-2 5.02607E-2
9.81956E-1 9.54994E-1 -9999 -9999 -9999 -9999 -9999 -9999 9.89916E-1 9.63178E-1 9.40563E-1 9.20811E-1 8.57796E-1 8.16761E-1 7.42972E-1 5.73715E-1 4.95027E-1 4.24806E-1 4.39012E-1 5.26461E-1 5.06789E-1 4.25701E-1 3.09346E-1 4.14967E-1 4.27569E-1 4.83058E-1 5.29199E-1 5.31467E-1 5.52692E-1 5.34011E-1 4.85079E-1 5.37352E-1 4.53846E-1 4.20203E-1 4.21888E-1 3.78951E-1 3.66048E-1 3.744E-1 3.24301E-1 3.14522E-1 2.90177E-1 2.89124E-1 3.3771E-1 3.47068E-1 3.91868E-1 4.33839E-1 3.84526E-1 2.97112E-1 2.97366E-1 2.97535E-1 2.18395E-1 2.25501E-1 1.3507E-1 1.27809E-1 1.25786E-1 1.24625E-1 1.12561E-1 9.50324E-2 8.85703E-2 8.5322E-2 6.02008E-2
-9999 -9999 -9999 -9999 -9999 -9999 -9999 -9999 9.85878E-1 9.79949E-1 9.64383E-1 9.53141E-1 9.22005E-1 7.10606E-1 6.19933E-1 4.7862E-1 4.43238E-1 4.51002E-1 3.02004E-1 4.44313E-1 5.77507E-1 6.21424E-1 5.44023E-1 3.86009E-1 3.79228E-1 4.56367E-1 5.60352E-1 5.33269E-1 6.21613E-1 6.14435E-1 5.43876E-1 5.49413E-1 4.92037E-1 4.58985E-1 4.81786E-1 4.00124E-1 4.11855E-1 3.71391E-1 4.11161E-1 4.05785E-1 3.70021E-1 3.57139E-1 3.54334E-1 3.52175E-1 4.04825E-1 4.4401E-1 4.15395E-1 3.63062E-1 3.53487E-1 3.65537E-1 2.56367E-1 2.81641E-1 2.72411E-1 2.17081E-1 2.36137E-1 1.69697E-1 1.30665E-1 1.09333E-1 8.98031E-2 7.85309E-2 6.66615E-2
-9999 -9999 -9999 -9999 -9999 -9999 -9999 -9999 -9999 -9999 9.90296E-1 9.85038E-1 9.41057E-1 8.84929E-1 6.89313E-1 6.14356E-1 5.37873E-1 4.16247E-1 3.04166E-1 2.81507E-1 3.35E-1 5.65378E-1 6.11341E-1 6.73867E-1 5.69209E-1 4.83557E-1 4.57297E-1 5.53119E-1 5.66234E-1 5.59322E-1 5.27871E-1 4.75673E-1 5.68044E-1 4.90659E-1 4.88449E-1 4.70393E-1 3.95934E-1 3.74201E-1 3.51114E-1 3.51406E-1 4.24318E-1 4.16734E-1 3.89267E-1 4.33698E-1 4.20665E-1 4.65443E-1 4.88319E-1 4.66213E-1 4.34563E-1 4.02088E-1 4.05683E-1 3.27796E-1 2.88757E-1 2.77411E-1 2.0073E-1 1.90714E-1 1.66004E-1 1.26893E-1 9.43447E-2 7.86861E-2 7.33102E-2
-9999 -9999 -9999 -9999 9.99886E-1 -9999 -9999 9.93708E-1 9.81422E-1 9.99963E-1 -9999 -9999 9.58114E-1 9.34677E-1 8.6181E-1 8.40651E-1 7.10676E-1 4.6629E-1 3.39396E-1 3.31202E-1 4.67947E-1 5.17458E-1 6.75307E-1 8.48336E-1 7.08731E-1 6.40648E-1 5.33788E-1 4.98523E-1 5.52861E-1 5.78537E-1 5.43205E-1 5.50714E-1 5.68429E-1 4.44871E-1 4.88102E-1 4.55803E-1 4.81037E-1 4.31968E-1 4.42579E-1 4.35286E-1 3.98937E-1 4.21729E-1 3.85458E-1 3.7347E-1 3.99444E-1 4.31509E-1 4.91773E-1 4.97212E-1 4.62625E-1 4.24447E-1 4.13473E-1 3.65438E-1 2.60087E-1 2.34427E-1 2.37526E-1 2.31521E-1 2.14559E-1 1.60725E-1 1.19697E-1 9.46226E-2 6.88926E-2
-9999 9.85807E-1 9.52202E-1 -9999 -9999 -9999 -9999 -9999 9.86194E-1 9.92913E-1 -9999 -9999 -9999 -9999 9.47994E-1 8.90212E-1 7.73829E-1 5.71547E-1 3.60123E-1 3.12344E-1 4.89014E-1 5.97597E-1 6.85115E-1 7.12532E-1 8.51985E-1 7.63021E-1 6.42959E-1 5.67834E-1 5.17215E-1 5.54036E-1 5.98134E-1 6.14978E-1 5.82955E-1 5.29546E-1 5.2679E-1 5.59307E-1 5.12334E-1 4.90634E-1 4.65893E-1 4.80039E-1 4.69285E-1 4.47372E-1 4.31441E-1 4.28806E-1 4.05116E-1 4.51515E-1 4.29643E-1 4.12969E-1 3.98303E-1 3.47792E-1 3.65191E-1 4.23507E-1 3.7328E-1 2.87557E-1 2.28292E-1 2.39899E-1 2.2214E-1 2.05889E-1 1.69074E-1 9.93653E-2 9.49447E-2
-9999 -9999 -9999 -9999 -9999 -9999 -9999 9.98369E-1 -9999 -9999 -9999 -9999 -9999 -9999 9.86791E-1 9.54443E-1 8.8134E-1 6.83988E-1 5.19758E-1 3.77656E-1 4.20358E-1 5.29782E-1 6.81854E-1 6.40452E-1 6.92525E-1 6.10229E-1 5.43682E-1 5.98263E-1 6.14183E-1 5.96268E-1 6.49035E-1 6.7849E-1 6.29227E-1 5.78176E-1 5.87973E-1 5.51517E-1 5.43841E-1 5.36631E-1 4.77678E-1 4.67976E-1 4.88973E-1 4.6935E-1 4.7695E-1 4.65559E-1 4.26343E-1 3.89645E-1 3.75725E-1 3.48154E-1 3.77803E-1 3.5006E-1 3.50391E-1 4.11548E-1 3.94714E-1 3.80046E-1 3.53376E-1 2.91E-1 2.23639E-1 1.9948E-1 1.9847E-1 1.76021E-1 1.50121E-1
-9999 -9999 -9999 -9999 -9999 -9999 -9999 9.94052E-1 9.83792E-1 -9999 -9999 -9999 -9999 -9999 -9999 9.68626E-1 9.10235E-1 8.23463E-1 6.58298E-1 3.59733E-1 3.97767E-1 5.94201E-1 6.8551E-1 6.74066E-1 6.38729E-1 5.29342E-1 5.21289E-1 5.37324E-1 5.58192E-1 5.85624E-1 6.15742E-1 6.73681E-1 6.42609E-1 5.91642E-1 5.99072E-1 5.71384E-1 4.94724E-1 4.66875E-1 4.35777E-1 4.55433E-1 4.58116E-1 3.9407E-1 4.38406E-1 4.63977E-1 4.6058E-1 3.96647E-1 3.80515E-1 3.26207E-1 3.52205E-1 3.17828E-1 3.30779E-1 3.56651E-1 3.22079E-1 2.94261E-1 3.18506E-1 2.85643E-1 2.3009E-1 1.93849E-1 1.91466E-1 1.69806E-1 1.9029E-1
-9999 -9999 -9999 -9999 -9999 -9999 -9999 -9999 9.92933E-1 -9999 -9999 -9999 -9999 -9999 -9999 9.89246E-1 9.57947E-1 8.74633E-1 7.14624E-1 4.84341E-1 3.62304E-1 4.07339E-1 6.21617E-1 7.31477E-1 6.4627E-1 5.71372E-1 5.20296E-1 5.12254E-1 5.30217E-1 5.83205E-1 6.14459E-1 5.6069E-1 6.22164E-1 6.68541E-1 5.52262E-1 4.62377E-1 4.94125E-1 4.6771E-1 4.68542E-1 4.47668E-1 4.24455E-1 4.20711E-1 4.85247E-1 4.60465E-1 4.29449E-1 3.69234E-1 4.27793E-1 3.46941E-1 3.25971E-1 3.07698E-1 3.70083E-1 3.32021E-1 3.32468E-1 2.8778E-1 2.89796E-1 2.83618E-1 2.19961E-1 1.8448E-1 1.65739E-1 1.41301E-1 1.75467E-1
-9999 -9999 -9999 -9999 -9999 -9999 -9999 -9999 -9999 -9999 -9999 -9999 -9999 -9999 -9999 -9999 9.72967E-1 9.15607E-1 7.70326E-1 5.84329E-1 3.65415E-1 3.00495E-1 3.82423E-1 7.03736E-1 7.505E-1 6.90155E-1 6.29572E-1 5.3026E-1 5.02453E-1 4.82133E-1 4.91602E-1 5.36056E-1 5.96053E-1 6.02346E-1 5.27672E-1 5.05276E-1 4.8459E-1 5.01446E-1 4.78527E-1 4.78582E-1 5.02097E-1 4.62378E-1 4.69549E-1 4.35615E-1 3.91687E-1 3.40731E-1 3.76404E-1 3.66851E-1 3.63459E-1 3.41784E-1 3.46691E-1 3.3813E-1 3.48542E-1 2.80458E-1 2.49955E-1 2.72505E-1 2.33773E-1 1.72594E-1 1.45005E-1 1.49254E-1 1.65179E-1
-9999 -9999 -9999 -9999 -9999 -9999 -9999 -9999 -9999 -9999 -9999 -9999 -9999 -9999 -9999 9.99872E-1 9.62224E-1 9.28239E-1 8.09116E-1 6.44036E-1 4.65433E-1 3.30658E-1 2.70685E-1 3.90017E-1 7.57503E-1 7.77099E-1 7.09519E-1 6.01717E-1 4.81889E-1 4.73274E-1 5.84182E-1 5.53928E-1 5.4388E-1 5.40936E-1 4.85992E-1 4.8116E-1 4.82393E-1 4.76862E-1 4.93386E-1 5.02349E-1 5.11882E-1 5.02765E-1 4.39759E-1 3.98652E-1 3.69981E-1 3.49744E-1 3.76241E-1 3.58413E-1 3.38619E-1 3.84117E-1 3.8241E-1 3.15798E-1 3.64919E-1 3.42464E-1 2.09951E-1 2.63523E-1 2.36377E-1 2.14814E-1 1.71329E-1 1.43229E-1 1.65338E-1
-9999 -9999 -9999 -9999 -9999 -9999 -9999 -9999 -9999 -9999 -9999 -9999 -9999 -9999 -9999 -9999 9.63306E-1 9.53438E-1 8.39969E-1 6.83781E-1 5.52052E-1 3.88968E-1 2.66798E-1 3.83709E-1 7.863E-1 7.32787E-1 8.44515E-1 6.73343E-1 5.19404E-1 5.0236E-1 5.5996E-1 5.61771E-1 5.41883E-1 4.77931E-1 5.48029E-1 4.74978E-1 5.17491E-1 4.73783E-1 4.85274E-1 4.45906E-1 4.65554E-1 4.48937E-1 3.89827E-1 3.4979E-1 2.99624E-1 3.4102E-1 3.44646E-1 3.4534E-1 3.59971E-1 3.17633E-1 3.71356E-1 3.31376E-1 4.06802E-1 4.2295E-1 3.66743E-1 2.52391E-1 2.55965E-1 2.15697E-1 1.8961E-1 1.57362E-1 1.57751E-1
-9999 -9999 -9999 -9999 -9999 -9999 -9999 -9999 -9999 -9999 -9999 -9999 -9999 -9999 -9999 -9999 -9999 9.55141E-1 9.00466E-1 7.72133E-1 6.1707E-1 4.60167E-1 3.4211E-1 2.66315E-1 7.71504E-1 7.89991E-1 8.21959E-1 7.96161E-1 6.5022E-1 6.10401E-1 5.98975E-1 5.87295E-1 6.0948E-1 6.0349E-1 5.27601E-1 5.73595E-1 5.55517E-1 4.79116E-1 4.79744E-1 5.02433E-1 4.39067E-1 4.6226E-1 3.92679E-1 3.46978E-1 2.90596E-1 3.47251E-1 3.7161E-1 3.6E-1 3.52396E-1 3.1899E-1 3.41756E-1 2.9527E-1 3.25422E-1 3.35004E-1 3.15452E-1 2.95308E-1 2.72642E-1 2.42375E-1 2.1875E-1 1.70949E-1 1.44106E-1
-9999 -9999 -9999 -9999 -9999 -9999 -9999 -9999 -9999 -9999 -9999 -9999 -9999 -9999 -9999 -9999 -9999 9.64949E-1 9.44248E-1 9.18645E-1 7.37534E-1 5.01136E-1 4.0083E-1 2.85402E-1 6.2153E-1 8.58057E-1 8.77717E-1 8.38975E-1 8.10241E-1 7.74105E-1 7.52412E-1 6.54905E-1 6.25338E-1 6.38391E-1 5.66756E-1 5.20376E-1 5.39065E-1 5.40702E-1 5.15996E-1 4.79283E-1 5.14859E-1 4.67634E-1 4.00114E-1 3.85918E-1 3.60197E-1 3.22944E-1 3.1022E-1 3.27601E-1 3.19448E-1 3.33528E-1 2.95065E-1 3.04414E-1 3.26814E-1 3.05084E-1 3.06874E-1 2.74295E-1 2.53735E-1 2.20716E-1 2.13242E-1 2.19796E-1 1.68883E-1
-9999 -9999 -9999 -9999 -9999 -9999 -9999 -9999 -9999 -9999 -9999 -9999 -9999 -9999 -9999 -9999 -9999 -9999 9.8989E-1 9.22193E-1 8.17851E-1 5.87018E-1 4.37347E-1 3.39474E-1 3.79267E-1 7.27854E-1 8.71899E-1 8.15201E-1 9.03552E-1 8.70695E-1 8.51219E-1 8.03128E-1 6.93076E-1 6.4891E-1 6.1282E-1 5.78051E-1 5.69039E-1 6.47022E-1 6.06057E-1 4.91502E-1 4.83109E-1 4.841E-1 4.05971E-1 3.72422E-1 3.36614E-1 3.28648E-1 3.07638E-1 3.0004E-1 3.03641E-1 3.21466E-1 2.79407E-1 2.83283E-1 2.91778E-1 2.83663E-1 2.38017E-1 2.11487E-1 2.56164E-1 2.27411E-1 2.31598E-1 2.26401E-1 2.02257E-1
-9999 -9999 -9999 -9999 -9999 -9999 -9999 -9999 -9999 -9999 -9999 -9999 -9999 -9999 -9999 -9999 -9999 -9999 9.89193E-1 9.2334E-1 8.24689E-1 6.83552E-1 4.74175E-1 3.77769E-1 3.94E-1 4.50815E-1 7.65572E-1 8.43621E-1 8.88811E-1 8.81899E-1 8.35922E-1 9.80316E-1 8.05294E-1 6.749E-1 6.59678E-1 7.41965E-1 6.15951E-1 5.71136E-1 6.17666E-1 5.05801E-1 5.23931E-1 4.44955E-1 4.4579E-1 3.50066E-1 3.18625E-1 3.22814E-1 3.45005E-1 2.98663E-1 2.8061E-1 2.94322E-1 2.74468E-1 2.6509E-1 3.03923E-1 3.09466E-1 2.72673E-1 2.04563E-1 2.38973E-1 2.44567E-1 2.26661E-1 2.36542E-1 1.92469E-1
