maxent_outputs/red_flowers_linear/red_79.asc
ncols         426
nrows         180
xllcorner     -130.0
yllcorner     24.0
cellsize      0.16666666666666666
NODATA_value  -9999
[rows 0 to 26 of 180, columns 61 to 121 of 426]
7.72151E-2 8.16004E-2 1.04942E-1 1.0461E-1 8.88131E-2 9.42959E-2 9.15753E-2 8.52777E-2 8.28659E-2 8.03942E-2 7.28012E-2 6.1437E-2 5.98465E-2 5.8262E-2 5.27997E-2 5.12274E-2 5.16484E-2 5.31178E-2 5.80493E-2 5.35585E-2 5.07654E-2 4.92287E-2 4.6638E-2 3.9618E-2 4.13539E-2 4.2875E-2 3.91644E-2 2.79379E-2 2.53324E-2 2.25591E-2 2.20206E-2 2.39592E-2 2.8419E-2 2.6361E-2 2.66129E-2 2.40499E-2 2.44402E-2 2.25218E-2 2.34206E-2 2.3846E-2 2.22221E-2 2.3761E-2 2.39891E-2 2.47696E-2 2.49073E-2 2.54829E-2 2.57696E-2 2.50535E-2 2.48841E-2 2.41522E-2 2.26554E-2 2.35968E-2 2.26598E-2 2.18807E-2 2.18609E-2 2.06624E-2 2.06195E-2 2.00236E-2 2.0523E-2 1.99129E-2 2.16887E-2
7.85798E-2 8.05293E-2 8.46036E-2 8.54958E-2 8.76815E-2 9.79014E-2 9.53327E-2 9.7203E-2 8.6912E-2 8.11944E-2 7.71181E-2 7.10133E-2 6.6813E-2 6.4668E-2 6.23435E-2 5.87136E-2 5.50772E-2 5.6463E-2 5.29514E-2 5.18229E-2 4.88871E-2 4.13381E-2 3.37229E-2 2.98669E-2 2.93801E-2 2.75007E-2 3.3866E-2 2.75723E-2 2.67642E-2 2.81654E-2 3.19374E-2 3.24072E-2 3.5121E-2 2.78855E-2 3.20228E-2 2.92279E-2 2.31798E-2 2.39013E-2 2.39173E-2 2.5259E-2 2.73983E-2 2.88316E-2 3.20408E-2 2.72464E-2 2.7784E-2 2.73908E-2 2.57895E-2 2.58097E-2 2.51152E-2 2.44327E-2 2.36491E-2 2.31899E-2 2.27857E-2 2.18731E-2 2.15639E-2 2.08029E-2 1.99137E-2 1.94823E-2 1.94095E-2 1.83559E-2 1.88477E-2
7.93079E-2 7.28155E-2 8.04933E-2 7.89112E-2 8.80493E-2 8.79191E-2 9.5677E-2 9.36956E-2 9.50562E-2 9.1398E-2 7.26609E-2 7.14132E-2 6.87739E-2 7.05696E-2 5.27306E-2 5.18564E-2 5.6935E-2 5.49267E-2 5.19546E-2 4.41087E-2 4.18476E-2 3.9275E-2 3.83097E-2 3.84239E-2 3.55651E-2 3.56848E-2 3.35164E-2 2.62625E-2 2.49508E-2 2.62109E-2 3.3397E-2 3.87566E-2 3.70955E-2 3.39321E-2 3.57813E-2 3.39017E-2 2.92127E-2 3.90309E-2 4.01741E-2 3.46579E-2 3.1794E-2 3.37323E-2 3.27575E-2 2.88903E-2 2.59338E-2 2.77347E-2 2.68393E-2 2.53167E-2 2.61331E-2 2.53835E-2 2.46755E-2 2.38439E-2 2.40625E-2 2.29368E-2 2.17748E-2 2.08743E-2 2.01964E-2 1.99052E-2 1.94258E-2 1.82439E-2 1.7679E-2
7.56499E-2 9.07467E-2 1.03893E-1 7.36213E-2 9.25361E-2 9.26416E-2 8.96522E-2 8.44645E-2 8.00991E-2 9.45224E-2 8.57499E-2 6.2089E-2 5.61464E-2 4.85227E-2 5.03123E-2 5.3577E-2 5.70041E-2 5.3769E-2 4.96932E-2 4.39338E-2 4.95236E-2 5.024E-2 4.5582E-2 4.45011E-2 4.43513E-2 4.21718E-2 4.16928E-2 3.57379E-2 3.35009E-2 2.89671E-2 2.63374E-2 3.08466E-2 3.989E-2 3.26588E-2 3.16368E-2 2.6684E-2 3.07556E-2 3.28776E-2 3.43593E-2 3.17533E-2 3.60745E-2 3.59184E-2 3.54817E-2 3.41124E-2 2.68717E-2 2.61349E-2 2.65021E-2 2.49171E-2 2.55944E-2 2.60676E-2 2.61385E-2 2.59764E-2 2.42868E-2 2.30072E-2 2.19858E-2 2.12024E-2 1.99634E-2 2.12254E-2 2.03414E-2 1.9321E-2 1.81321E-2
9.21147E-2 7.99682E-2 8.37863E-2 1.01413E-1 9.28346E-2 8.87786E-2 8.89217E-2 8.84623E-2 1.02938E-1 7.85289E-2 8.29688E-2 6.2584E-2 5.90765E-2 5.84082E-2 5.72553E-2 6.09421E-2 6.01554E-2 5.63064E-2 5.49996E-2 4.5693E-2 5.06548E-2 5.16725E-2 5.03534E-2 4.75237E-2 4.14885E-2 3.986E-2 3.6448E-2 3.48759E-2 3.0116E-2 3.0952E-2 3.16551E-2 3.51765E-2 3.84376E-2 3.93029E-2 3.72061E-2 3.40243E-2 3.3169E-2 3.27777E-2 3.05372E-2 2.82965E-2 2.95147E-2 3.3468E-2 3.40461E-2 3.33259E-2 3.1289E-2 3.02852E-2 2.90966E-2 2.72498E-2 2.65805E-2 2.79133E-2 2.78743E-2 2.87243E-2 2.5776E-2 2.50153E-2 2.38783E-2 2.29584E-2 2.22874E-2 2.24174E-2 2.18724E-2 2.11262E-2 1.96532E-2
6.93621E-2 7.07305E-2 8.79327E-2 7.13733E-2 1.00719E-1 7.1531E-2 8.13935E-2 8.46737E-2 8.49243E-2 8.49588E-2 6.79309E-2 7.3689E-2 7.8101E-2 8.09066E-2 7.35172E-2 6.46212E-2 6.54175E-2 6.60329E-2 6.04256E-2 5.61316E-2 5.71273E-2 5.51419E-2 5.31113E-2 5.1493E-2 4.62283E-2 4.15659E-2 4.41816E-2 4.04714E-2 3.85616E-2 3.61477E-2 3.81572E-2 3.92022E-2 4.03194E-2 4.2079E-2 4.63398E-2 4.29054E-2 4.10247E-2 3.78293E-2 3.41793E-2 3.16127E-2 3.10744E-2 2.7689E-2 2.8308E-2 3.10065E-2 2.94736E-2 2.80953E-2 2.8497E-2 2.67474E-2 2.65519E-2 2.8977E-2 2.91507E-2 2.85714E-2 2.44129E-2 2.31778E-2 2.34031E-2 2.33728E-2 2.26931E-2 2.16664E-2 2.17955E-2 2.1079E-2 2.07451E-2
1.03438E-1 8.05539E-2 6.50998E-2 7.93947E-2 9.6949E-2 7.50935E-2 6.89805E-2 7.43417E-2 7.34934E-2 8.10861E-2 5.83976E-2 8.23016E-2 7.19453E-2 7.44126E-2 7.74836E-2 8.38251E-2 7.51444E-2 6.84446E-2 6.34778E-2 6.14356E-2 5.89663E-2 5.38254E-2 5.17811E-2 5.07571E-2 4.71771E-2 4.31588E-2 4.545E-2 4.54184E-2 4.74212E-2 3.64427E-2 4.2322E-2 3.90393E-2 4.05894E-2 3.93144E-2 4.30306E-2 4.03365E-2 3.80429E-2 3.83179E-2 3.57482E-2 3.3339E-2 3.34212E-2 3.06866E-2 3.11124E-2 2.84914E-2 2.56103E-2 2.54411E-2 2.63644E-2 2.5212E-2 2.46638E-2 2.80802E-2 2.94798E-2 2.90305E-2 2.51764E-2 2.40283E-2 2.36356E-2 2.22689E-2 2.34919E-2 2.09728E-2 2.00035E-2 1.99382E-2 2.00375E-2
1.22797E-1 1.16756E-1 8.59351E-2 6.78115E-2 7.17203E-2 8.57248E-2 9.54392E-2 8.58779E-2 1.0543E-1 9.23208E-2 7.95096E-2 6.29254E-2 7.69748E-2 7.51366E-2 8.42355E-2 9.7385E-2 9.43547E-2 7.40721E-2 6.68163E-2 6.09968E-2 5.37591E-2 5.34079E-2 5.11938E-2 5.181E-2 4.9924E-2 5.08193E-2 5.0335E-2 4.90184E-2 4.86727E-2 4.74259E-2 4.6683E-2 3.95078E-2 3.54287E-2 3.28335E-2 4.04816E-2 4.05225E-2 3.67852E-2 3.74653E-2 3.74378E-2 3.7677E-2 3.74296E-2 3.50618E-2 3.38096E-2 3.49996E-2 3.19953E-2 2.99335E-2 2.85775E-2 2.64419E-2 2.72261E-2 2.57068E-2 2.61754E-2 2.81747E-2 2.61595E-2 2.47916E-2 2.37037E-2 2.57778E-2 2.37594E-2 2.07664E-2 2.13254E-2 2.03403E-2 2.09599E-2
8.0953E-2 8.01615E-2 8.33155E-2 8.96311E-2 7.42455E-2 6.85887E-2 7.5397E-2 9.61461E-2 8.44043E-2 8.27435E-2 8.55406E-2 7.32923E-2 6.81753E-2 7.27476E-2 7.61751E-2 8.38596E-2 8.73317E-2 7.0786E-2 7.90905E-2 7.79289E-2 6.70936E-2 6.11532E-2 5.84278E-2 5.2599E-2 5.22141E-2 5.04647E-2 5.17683E-2 5.18565E-2 4.75765E-2 4.78532E-2 4.56834E-2 3.86315E-2 2.89917E-2 3.5202E-2 4.07646E-2 4.2835E-2 3.73852E-2 4.04275E-2 4.19802E-2 4.11153E-2 3.99676E-2 4.05619E-2 3.80225E-2 3.75945E-2 3.51969E-2 3.41212E-2 3.14042E-2 2.87585E-2 2.79569E-2 2.91265E-2 2.96452E-2 3.1044E-2 3.08687E-2 2.78348E-2 2.67304E-2 2.72077E-2 2.62526E-2 2.38843E-2 2.61481E-2 2.58567E-2 2.49345E-2
7.79258E-2 1.01695E-1 8.81503E-2 7.23357E-2 7.44347E-2 1.10787E-1 7.14836E-2 8.20836E-2 8.95006E-2 7.95597E-2 8.57606E-2 7.19942E-2 7.38247E-2 6.8575E-2 6.89065E-2 7.36784E-2 7.73929E-2 8.88964E-2 8.72513E-2 8.70866E-2 7.35016E-2 5.98051E-2 5.83962E-2 5.82319E-2 5.44509E-2 5.35665E-2 5.54045E-2 5.43963E-2 5.27857E-2 4.30935E-2 2.83961E-2 3.17233E-2 3.27033E-2 4.01553E-2 3.98747E-2 3.91243E-2 3.77229E-2 4.02143E-2 4.10047E-2 4.22231E-2 4.20813E-2 4.51801E-2 4.0924E-2 3.85857E-2 3.55003E-2 3.55841E-2 3.81256E-2 3.49558E-2 3.24381E-2 2.8792E-2 2.99722E-2 3.06741E-2 3.05485E-2 2.86888E-2 2.63396E-2 2.73177E-2 2.39299E-2 2.36894E-2 2.33591E-2 2.30988E-2 2.45449E-2
7.43074E-2 8.37734E-2 8.96744E-2 6.91457E-2 8.85519E-2 9.72747E-2 1.00061E-1 7.57121E-2 7.81353E-2 7.28675E-2 7.85711E-2 8.18867E-2 8.65787E-2 7.91026E-2 8.36041E-2 8.17166E-2 7.38328E-2 7.65153E-2 7.95097E-2 8.379E-2 6.81968E-2 6.93195E-2 7.01614E-2 6.75735E-2 6.08361E-2 5.9326E-2 5.89447E-2 5.63972E-2 5.25252E-2 4.72394E-2 4.05028E-2 3.64683E-2 3.14323E-2 2.5168E-2 3.64273E-2 3.71578E-2 4.19815E-2 4.41366E-2 4.39495E-2 4.35999E-2 4.1852E-2 4.18926E-2 4.16167E-2 4.05556E-2 3.82972E-2 3.56837E-2 3.60506E-2 3.67646E-2 3.67742E-2 3.26725E-2 2.70707E-2 2.85515E-2 3.06893E-2 2.93804E-2 2.90532E-2 2.90142E-2 2.79549E-2 2.62014E-2 2.61224E-2 2.49926E-2 2.64812E-2
6.95628E-2 6.86774E-2 6.88853E-2 6.6747E-2 7.55182E-2 9.47613E-2 6.97748E-2 7.00327E-2 7.33045E-2 6.78332E-2 7.77057E-2 6.98702E-2 7.49787E-2 7.93859E-2 7.18662E-2 8.33786E-2 7.58278E-2 7.24361E-2 8.04963E-2 7.01172E-2 6.97051E-2 7.82277E-2 7.89216E-2 7.35237E-2 6.43606E-2 6.3807E-2 6.28526E-2 5.50786E-2 5.11335E-2 5.05049E-2 4.96507E-2 4.86643E-2 4.50095E-2 3.8971E-2 3.62267E-2 4.22066E-2 4.42001E-2 4.48898E-2 4.66482E-2 4.47535E-2 4.39653E-2 4.25842E-2 4.21614E-2 4.11979E-2 3.73975E-2 3.51484E-2 3.81148E-2 3.1245E-2 2.89034E-2 3.01053E-2 2.91509E-2 2.50595E-2 2.71389E-2 2.77084E-2 2.53541E-2 2.64303E-2 2.66501E-2 2.75544E-2 2.7329E-2 2.76804E-2 2.81084E-2
7.77323E-2 6.89466E-2 7.01165E-2 7.05044E-2 7.0115E-2 8.14083E-2 6.84615E-2 7.34212E-2 8.29111E-2 9.64609E-2 7.679E-2 6.90051E-2 6.34942E-2 7.16451E-2 5.05091E-2 6.42968E-2 8.23171E-2 7.99071E-2 5.72214E-2 8.41737E-2 7.34307E-2 7.99919E-2 8.48191E-2 8.03205E-2 7.29617E-2 7.06132E-2 7.18676E-2 6.57908E-2 5.56316E-2 5.23827E-2 5.30721E-2 5.01018E-2 5.18312E-2 5.0724E-2 4.84463E-2 4.58886E-2 4.20086E-2 4.00926E-2 3.74472E-2 3.66232E-2 3.99946E-2 3.98E-2 3.44986E-2 4.11449E-2 3.6651E-2 3.40328E-2 3.6926E-2 3.44365E-2 3.35311E-2 2.73206E-2 2.29612E-2 2.26292E-2 2.32601E-2 1.87411E-2 2.16906E-2 2.38377E-2 2.27137E-2 2.30538E-2 2.35851E-2 2.51935E-2 2.59602E-2
6.7104E-2 7.10254E-2 6.82631E-2 7.01386E-2 7.49458E-2 9.99047E-2 6.97545E-2 7.52952E-2 8.36648E-2 8.37804E-2 8.14687E-2 9.25303E-2 6.23087E-2 5.42404E-2 5.13938E-2 5.7416E-2 6.29822E-2 8.21439E-2 7.19697E-2 7.71181E-2 7.51027E-2 7.84523E-2 9.12378E-2 8.87498E-2 8.2437E-2 7.5568E-2 7.48777E-2 7.16573E-2 6.10368E-2 5.82145E-2 5.55738E-2 5.42727E-2 5.18647E-2 4.85938E-2 4.60969E-2 3.97584E-2 4.08605E-2 3.9099E-2 3.96051E-2 3.72788E-2 3.44491E-2 3.88783E-2 3.34071E-2 3.59476E-2 3.73163E-2 3.75782E-2 3.46505E-2 3.46869E-2 3.72943E-2 2.93628E-2 2.42056E-2 2.249E-2 2.50107E-2 2.20903E-2 2.07632E-2 2.56536E-2 2.5434E-2 2.23091E-2 2.0978E-2 2.20744E-2 2.20331E-2
7.01469E-2 7.26592E-2 7.76573E-2 6.97895E-2 7.67299E-2 8.2651E-2 8.8639E-2 7.25486E-2 8.03353E-2 7.55917E-2 7.97966E-2 9.33293E-2 8.94502E-2 7.78423E-2 5.78614E-2 4.98974E-2 6.18093E-2 5.22209E-2 5.427E-2 7.76873E-2 7.21756E-2 6.74871E-2 6.97294E-2 8.67512E-2 8.16678E-2 7.69025E-2 7.92909E-2 7.47928E-2 7.10141E-2 6.102E-2 6.00199E-2 5.58979E-2 5.38248E-2 5.00619E-2 5.11062E-2 4.71486E-2 4.42167E-2 4.10493E-2 4.07227E-2 4.04899E-2 3.9749E-2 3.81783E-2 3.35089E-2 3.21538E-2 3.99108E-2 4.42459E-2 4.39406E-2 3.60702E-2 3.87779E-2 3.45521E-2 2.66317E-2 2.49889E-2 2.34144E-2 2.50334E-2 2.45988E-2 2.49098E-2 2.49936E-2 2.40291E-2 2.49261E-2 2.41465E-2 2.20844E-2
7.65647E-2 7.43203E-2 8.26582E-2 7.39227E-2 7.54973E-2 7.28706E-2 7.67833E-2 8.59978E-2 8.18454E-2 9.3034E-2 8.34475E-2 9.93758E-2 9.28611E-2 7.90432E-2 6.65964E-2 7.68943E-2 5.27323E-2 6.31086E-2 7.08393E-2 4.89619E-2 6.76622E-2 7.17323E-2 6.3858E-2 7.74587E-2 7.35002E-2 7.89026E-2 8.88558E-2 8.04481E-2 7.90291E-2 6.95885E-2 6.56963E-2 6.08519E-2 5.57767E-2 5.47601E-2 5.41977E-2 5.31294E-2 4.57325E-2 4.2067E-2 3.96602E-2 3.94319E-2 4.07887E-2 4.21223E-2 4.16562E-2 3.72317E-2 3.6794E-2 4.43036E-2 4.6057E-2 4.35146E-2 3.84592E-2 3.36405E-2 2.57641E-2 2.6584E-2 2.85137E-2 2.78198E-2 2.47222E-2 2.63279E-2 2.65587E-2 2.45449E-2 2.37281E-2 2.46717E-2 2.47328E-2
7.52797E-2 8.05259E-2 8.32262E-2 8.40349E-2 7.46761E-2 8.95412E-2 8.39785E-2 1.20777E-1 9.74597E-2 8.26154E-2 9.34024E-2 1.08589E-1 8.08287E-2 9.29268E-2 8.17405E-2 9.02879E-2 7.99703E-2 5.61916E-2 6.53249E-2 5.44306E-2 7.03747E-2 6.82718E-2 6.42775E-2 6.12007E-2 6.40437E-2 6.32249E-2 7.57013E-2 8.15276E-2 7.7101E-2 7.49838E-2 7.25355E-2 6.56241E-2 5.97238E-2 5.70232E-2 5.46238E-2 5.75238E-2 5.47049E-2 5.22746E-2 4.83156E-2 4.40352E-2 4.03951E-2 4.20918E-2 4.30533E-2 4.3766E-2 4.40684E-2 4.25096E-2 4.21334E-2 3.94511E-2 3.23926E-2 2.62905E-2 2.41637E-2 2.53101E-2 2.80757E-2 3.18492E-2 2.62603E-2 2.67218E-2 2.63994E-2 2.21088E-2 2.39695E-2 2.54136E-2 2.47807E-2
8.40269E-2 9.93882E-2 7.30082E-2 7.42146E-2 8.42306E-2 1.02007E-1 8.00718E-2 8.00012E-2 9.93215E-2 8.08001E-2 9.06252E-2 8.18674E-2 1.03543E-1 7.59421E-2 1.04164E-1 8.10264E-2 8.24405E-2 6.90425E-2 5.34013E-2 5.02428E-2 4.86128E-2 5.85307E-2 5.68834E-2 6.41381E-2 6.54005E-2 7.06332E-2 6.91926E-2 7.07051E-2 7.57835E-2 8.25427E-2 7.54588E-2 6.47294E-2 5.71036E-2 6.71672E-2 7.78505E-2 6.32933E-2 5.30442E-2 4.86724E-2 5.00094E-2 4.9221E-2 4.40697E-2 4.16026E-2 4.0321E-2 4.51563E-2 4.6215E-2 4.40697E-2 4.06176E-2 3.248E-2 2.8241E-2 2.72168E-2 2.31022E-2 2.23148E-2 2.12206E-2 2.3822E-2 2.60466E-2 2.79992E-2 3.15272E-2 2.42268E-2 2.18087E-2 2.31659E-2 2.49241E-2
7.59169E-2 9.29499E-2 1.0143E-1 1.00715E-1 1.04871E-1 9.60636E-2 8.41172E-2 8.13293E-2 8.8015E-2 8.65337E-2 9.26284E-2 8.7864E-2 9.26888E-2 7.44834E-2 1.03495E-1 7.64958E-2 9.8015E-2 7.88637E-2 8.60622E-2 4.97743E-2 4.69532E-2 6.10234E-2 4.82571E-2 5.17269E-2 6.90718E-2 6.9062E-2 6.5599E-2 8.34542E-2 7.52925E-2 8.74569E-2 8.2399E-2 7.45897E-2 6.56208E-2 5.66444E-2 6.07764E-2 5.46862E-2 4.55042E-2 4.56574E-2 4.77032E-2 4.68396E-2 4.67534E-2 4.50953E-2 4.53992E-2 4.69239E-2 4.75988E-2 4.63702E-2 4.34929E-2 3.70812E-2 3.6056E-2 3.38015E-2 3.23846E-2 3.58378E-2 3.69012E-2 3.35959E-2 3.01501E-2 3.25933E-2 3.5171E-2 2.85683E-2 2.72603E-2 2.81387E-2 2.61201E-2
7.71668E-2 7.83236E-2 8.56569E-2 1.04634E-1 1.02239E-1 1.05845E-1 9.47362E-2 9.53603E-2 9.66968E-2 1.08121E-1 8.44024E-2 1.01071E-1 9.29521E-2 8.84292E-2 8.95288E-2 7.83629E-2 7.46652E-2 1.02343E-1 8.92194E-2 9.58573E-2 6.09065E-2 4.72996E-2 6.25246E-2 5.36994E-2 5.7459E-2 6.42095E-2 6.94632E-2 8.03482E-2 7.94285E-2 8.91928E-2 9.40803E-2 7.90218E-2 6.66609E-2 5.60904E-2 5.55391E-2 5.59743E-2 4.98237E-2 4.84246E-2 5.01548E-2 4.63434E-2 4.87744E-2 5.03419E-2 4.90924E-2 5.00348E-2 5.0293E-2 4.83641E-2 4.6609E-2 4.60668E-2 4.44483E-2 4.50999E-2 4.49887E-2 4.34603E-2 4.4425E-2 4.15532E-2 3.97011E-2 3.58654E-2 3.02683E-2 3.0716E-2 3.5365E-2 3.2147E-2 3.01242E-2
7.34575E-2 7.83769E-2 8.22283E-2 8.83469E-2 9.09369E-2 9.44647E-2 1.0568E-1 1.04065E-1 8.38056E-2 1.07103E-1 9.65619E-2 1.081E-1 9.92168E-2 9.03142E-2 8.60081E-2 8.86861E-2 6.92668E-2 8.17995E-2 7.17507E-2 9.24866E-2 8.08104E-2 5.56977E-2 4.9242E-2 6.46083E-2 5.1381E-2 5.66551E-2 6.26876E-2 7.58144E-2 6.54517E-2 8.52984E-2 9.54242E-2 8.12074E-2 7.51513E-2 6.37068E-2 6.22665E-2 5.66102E-2 4.86388E-2 4.35299E-2 4.44648E-2 4.72685E-2 5.25949E-2 5.2827E-2 5.00875E-2 5.15533E-2 5.30773E-2 5.17603E-2 4.79312E-2 4.79982E-2 4.7285E-2 4.59602E-2 4.09534E-2 4.31712E-2 4.57422E-2 4.31637E-2 4.03814E-2 3.7397E-2 3.62036E-2 3.77103E-2 3.60971E-2 3.30838E-2 3.06714E-2
7.66199E-2 7.92602E-2 8.81057E-2 8.9456E-2 9.35816E-2 8.88337E-2 9.8887E-2 8.84081E-2 9.45799E-2 9.93405E-2 8.47116E-2 1.16381E-1 9.82789E-2 1.02773E-1 9.98849E-2 8.10845E-2 6.90913E-2 8.08759E-2 1.0308E-1 9.3469E-2 1.02107E-1 7.7431E-2 6.32428E-2 5.17624E-2 6.68515E-2 5.26105E-2 7.00376E-2 6.37691E-2 7.39572E-2 5.92291E-2 7.65748E-2 8.21579E-2 7.68363E-2 7.08875E-2 6.85818E-2 6.83825E-2 5.87173E-2 4.94629E-2 4.69488E-2 4.81678E-2 5.12567E-2 5.36013E-2 5.30655E-2 5.43743E-2 5.55499E-2 5.1592E-2 4.84149E-2 4.81211E-2 4.69304E-2 4.60131E-2 4.50054E-2 4.4514E-2 4.29476E-2 4.11255E-2 3.93656E-2 3.76241E-2 3.60789E-2 3.67949E-2 3.68923E-2 3.66175E-2 3.54282E-2
9.54521E-2 8.60933E-2 1.10408E-1 9.95162E-2 8.79441E-2 9.04523E-2 9.09522E-2 9.19358E-2 9.51441E-2 1.05175E-1 8.60703E-2 1.04149E-1 1.04792E-1 8.82414E-2 9.46399E-2 1.03053E-1 8.36956E-2 8.35854E-2 1.06674E-1 9.6132E-2 8.96935E-2 9.47174E-2 7.06605E-2 5.68255E-2 5.89901E-2 6.13542E-2 5.73393E-2 4.60425E-2 6.60916E-2 4.86032E-2 7.70917E-2 8.81916E-2 8.21581E-2 7.54561E-2 7.27257E-2 8.20253E-2 7.31545E-2 6.08448E-2 5.58007E-2 5.23316E-2 5.05532E-2 5.47468E-2 5.82901E-2 5.70551E-2 5.73789E-2 5.56054E-2 5.09197E-2 4.86169E-2 5.0502E-2 4.74814E-2 4.60747E-2 4.47636E-2 4.2045E-2 4.0786E-2 4.09717E-2 4.08455E-2 3.8496E-2 3.71416E-2 3.70639E-2 3.76522E-2 3.63794E-2
8.00504E-2 8.341E-2 1.13627E-1 8.20225E-2 7.74078E-2 9.44867E-2 9.51702E-2 8.14146E-2 9.05427E-2 9.37027E-2 9.18786E-2 1.01689E-1 9.40848E-2 9.65773E-2 9.67783E-2 9.95379E-2 9.29001E-2 9.43482E-2 9.60378E-2 8.66192E-2 9.39504E-2 1.01386E-1 7.44957E-2 5.74172E-2 5.3767E-2 5.56537E-2 6.09295E-2 7.30909E-2 6.6874E-2 4.50496E-2 6.30968E-2 9.12257E-2 8.9277E-2 8.17618E-2 8.58886E-2 8.0786E-2 7.34522E-2 6.6627E-2 6.42644E-2 5.8786E-2 5.54574E-2 5.88557E-2 6.10938E-2 5.97665E-2 5.67114E-2 5.75601E-2 5.54846E-2 5.26302E-2 5.32587E-2 5.16502E-2 4.85996E-2 4.67433E-2 4.5811E-2 4.64243E-2 4.74294E-2 4.53627E-2 4.00098E-2 4.03789E-2 4.33427E-2 4.15573E-2 3.85573E-2
8.01025E-2 9.2025E-2 1.13455E-1 8.38413E-2 8.2103E-2 9.69945E-2 8.71222E-2 8.88347E-2 1.06327E-1 9.35082E-2 1.13401E-1 1.10698E-1 1.11133E-1 1.11058E-1 1.04753E-1 1.11106E-1 1.01713E-1 9.85555E-2 1.05566E-1 8.77033E-2 9.1723E-2 8.88223E-2 9.12061E-2 5.82813E-2 4.99101E-2 7.5709E-2 7.42045E-2 6.98643E-2 6.59617E-2 4.91483E-2 6.14224E-2 8.032E-2 7.7623E-2 8.52123E-2 8.38169E-2 8.40741E-2 7.67954E-2 6.71274E-2 6.4431E-2 6.31537E-2 6.48135E-2 6.61875E-2 6.63605E-2 6.56923E-2 6.31931E-2 6.07998E-2 6.20631E-2 5.55019E-2 5.54495E-2 5.27281E-2 5.22383E-2 4.90786E-2 4.80467E-2 5.04954E-2 5.13806E-2 4.71383E-2 4.50171E-2 4.66008E-2 4.50197E-2 4.31575E-2 4.35422E-2
1.05775E-1 9.65556E-2 8.93017E-2 8.4332E-2 7.94213E-2 9.26512E-2 6.98068E-2 9.80929E-2 1.05035E-1 9.20513E-2 1.15843E-1 1.13778E-1 1.22796E-1 1.02318E-1 1.0869E-1 1.05667E-1 1.06814E-1 1.04663E-1 1.04142E-1 9.18408E-2 7.87678E-2 9.47354E-2 8.36314E-2 5.04959E-2 4.97725E-2 7.41803E-2 7.38296E-2 5.70908E-2 6.18757E-2 5.64708E-2 5.92132E-2 7.60882E-2 8.05748E-2 8.24369E-2 6.92317E-2 9.02619E-2 8.008E-2 8.07125E-2 7.66128E-2 7.21191E-2 7.23196E-2 7.62554E-2 7.5245E-2 7.00011E-2 7.08013E-2 6.95335E-2 6.96703E-2 6.2209E-2 5.93619E-2 5.57251E-2 5.37424E-2 5.04311E-2 4.93453E-2 5.10395E-2 5.10652E-2 5.10217E-2 5.28087E-2 5.21624E-2 5.05169E-2 5.16019E-2 5.00365E-2
8.5997E-2 1.11492E-1 1.03826E-1 7.56817E-2 6.81239E-2 6.91294E-2 7.57882E-2 1.01164E-1 8.98908E-2 9.74068E-2 1.28723E-1 1.14464E-1 1.05029E-1 1.10827E-1 1.12037E-1 1.03753E-1 1.11846E-1 1.12003E-1 1.19975E-1 1.00055E-1 8.85296E-2 7.86855E-2 6.87585E-2 5.06743E-2 5.12917E-2 5.4498E-2 6.62979E-2 5.38348E-2 5.95435E-2 6.07735E-2 6.00825E-2 7.01196E-2 7.78976E-2 8.68395E-2 7.91854E-2 7.84724E-2 7.93024E-2 7.62783E-2 8.09129E-2 7.73327E-2 7.22434E-2 7.2592E-2 7.14055E-2 7.25698E-2 7.32622E-2 7.31179E-2 7.34864E-2 6.97375E-2 6.19738E-2 6.05229E-2 5.63883E-2 5.48686E-2 5.20314E-2 4.97647E-2 4.74753E-2 4.43477E-2 4.60019E-2 4.94797E-2 5.39969E-2 5.25733E-2 5.24362E-2
