maxent_outputs/red_flowers_linear/red_213.asc
ncols         426
nrows         180
xllcorner     -130.0
yllcorner     24.0
cellsize      0.16666666666666666
NODATA_value  -9999
[rows 0 to 26 of 180, columns 183 to 243 of 426]
1.6552E-1 1.56101E-1 1.54099E-1 1.48418E-1 1.43348E-1 1.4423E-1 1.44916E-1 1.63453E-1 1.6488E-1 1.62058E-1 1.5461E-1 1.45615E-1 1.40149E-1 1.36816E-1 1.38769E-1 1.42437E-1 1.37471E-1 1.33761E-1 1.34576E-1 1.39138E-1 1.50725E-1 1.42512E-1 1.35348E-1 1.34112E-1 1.3122E-1 1.32515E-1 1.28807E-1 1.39433E-1 1.43218E-1 1.39976E-1 1.32398E-1 1.29139E-1 1.31842E-1 1.30379E-1 1.25812E-1 1.23351E-1 1.22174E-1 1.20873E-1 1.2328E-1 1.21791E-1 1.20827E-1 1.23204E-1 1.21902E-1 1.19404E-1 1.21367E-1 1.22398E-1 1.21974E-1 1.21211E-1 1.2499E-1 1.23626E-1 1.2222E-1 1.26362E-1 1.24691E-1 1.24359E-1 1.25955E-1 1.23367E-1 1.24303E-1 1.22599E-1 1.22525E-1 1.24231E-1 1.24555E-1
1.5736E-1 1.54392E-1 1.56628E-1 1.71735E-1 1.7784E-1 1.82059E-1 1.7899E-1 1.7933E-1 1.74288E-1 1.71709E-1 1.57652E-1 1.53475E-1 1.47707E-1 1.4517E-1 1.45398E-1 1.37647E-1 1.36884E-1 1.35864E-1 1.34422E-1 1.38155E-1 1.37326E-1 1.38687E-1 1.4772E-1 1.43046E-1 1.3895E-1 1.29198E-1 1.32831E-1 1.41002E-1 1.42399E-1 1.437E-1 1.4857E-1 1.461E-1 1.41179E-1 1.38399E-1 1.33382E-1 1.29528E-1 1.29798E-1 1.30356E-1 1.30036E-1 1.26881E-1 1.26566E-1 1.22153E-1 1.24082E-1 1.28073E-1 1.27649E-1 1.26138E-1 1.24318E-1 1.21872E-1 1.22783E-1 1.25889E-1 1.23826E-1 1.27463E-1 1.26857E-1 1.24238E-1 1.2717E-1 1.28733E-1 1.43256E-1 1.47331E-1 1.36369E-1 1.30919E-1 1.29375E-1
1.52547E-1 1.53992E-1 1.65909E-1 1.80399E-1 1.80791E-1 1.79011E-1 1.81479E-1 1.81457E-1 1.84342E-1 1.81372E-1 1.6561E-1 1.56163E-1 1.52921E-1 1.42414E-1 1.41726E-1 1.40582E-1 1.39819E-1 1.41174E-1 1.44414E-1 1.48847E-1 1.42399E-1 1.37198E-1 1.39336E-1 1.3765E-1 1.40155E-1 1.33447E-1 1.37753E-1 1.33005E-1 1.3013E-1 1.27927E-1 1.27948E-1 1.26501E-1 1.31996E-1 1.27583E-1 1.33777E-1 1.33162E-1 1.30713E-1 1.32894E-1 1.30621E-1 1.26935E-1 1.25614E-1 1.24783E-1 1.23665E-1 1.21973E-1 1.21398E-1 1.23273E-1 1.23998E-1 1.23755E-1 1.26314E-1 1.25776E-1 1.27677E-1 1.24259E-1 1.25514E-1 1.23393E-1 1.23501E-1 1.26791E-1 1.26894E-1 1.27917E-1 1.27546E-1 1.28595E-1 1.29008E-1
1.5488E-1 1.57312E-1 1.75625E-1 1.80523E-1 1.83201E-1 1.79899E-1 1.83643E-1 1.8282E-1 1.83777E-1 1.86051E-1 1.78324E-1 1.60316E-1 1.55041E-1 1.45944E-1 1.4747E-1 1.42021E-1 1.43562E-1 1.44462E-1 1.4531E-1 1.4195E-1 1.47636E-1 1.39937E-1 1.3526E-1 1.33377E-1 1.3507E-1 1.4051E-1 1.38879E-1 1.2917E-1 1.25046E-1 1.26724E-1 1.2879E-1 1.31749E-1 1.30766E-1 1.28737E-1 1.28921E-1 1.3164E-1 1.31994E-1 1.29596E-1 1.28368E-1 1.27351E-1 1.28583E-1 1.24977E-1 1.24293E-1 1.25404E-1 1.23187E-1 1.23674E-1 1.29546E-1 1.278E-1 1.257E-1 1.26424E-1 1.25282E-1 1.28299E-1 1.27074E-1 1.25988E-1 1.26123E-1 1.25076E-1 1.25349E-1 1.25677E-1 1.29097E-1 1.28097E-1 1.29148E-1
1.59798E-1 1.63812E-1 1.73777E-1 1.822E-1 1.82E-1 1.81856E-1 1.78428E-1 1.80701E-1 1.8349E-1 1.86404E-1 1.83522E-1 1.71045E-1 1.64352E-1 1.49784E-1 1.45326E-1 1.4365E-1 1.40083E-1 1.38054E-1 1.40233E-1 1.40703E-1 1.39032E-1 1.41422E-1 1.40757E-1 1.37171E-1 1.34565E-1 1.37727E-1 1.33848E-1 1.36E-1 1.33425E-1 1.3052E-1 1.31449E-1 1.32221E-1 1.2813E-1 1.29106E-1 1.32279E-1 1.36643E-1 1.31175E-1 1.31077E-1 1.26496E-1 1.26895E-1 1.27931E-1 1.27393E-1 1.28832E-1 1.27481E-1 1.27751E-1 1.28334E-1 1.25707E-1 1.24114E-1 1.26022E-1 1.26666E-1 1.23932E-1 1.28903E-1 1.26209E-1 1.25719E-1 1.24445E-1 1.25392E-1 1.25502E-1 1.26396E-1 1.27378E-1 1.30384E-1 1.29969E-1
1.59278E-1 1.60698E-1 1.6783E-1 1.74966E-1 1.76273E-1 1.76146E-1 1.81829E-1 1.79033E-1 1.80814E-1 1.8607E-1 1.84276E-1 1.76577E-1 1.68868E-1 1.56207E-1 1.52647E-1 1.45804E-1 1.44365E-1 1.41049E-1 1.39346E-1 1.40594E-1 1.45791E-1 1.42636E-1 1.4036E-1 1.43245E-1 1.4272E-1 1.44985E-1 1.48494E-1 1.48515E-1 1.42241E-1 1.41052E-1 1.37832E-1 1.34745E-1 1.33906E-1 1.33182E-1 1.33212E-1 1.40576E-1 1.44475E-1 1.38562E-1 1.43475E-1 1.41325E-1 1.42283E-1 1.38711E-1 1.32205E-1 1.29475E-1 1.29105E-1 1.33172E-1 1.28374E-1 1.27706E-1 1.2856E-1 1.31329E-1 1.29055E-1 1.28274E-1 1.29124E-1 1.28639E-1 1.27622E-1 1.24299E-1 1.27505E-1 1.31192E-1 1.32914E-1 1.3122E-1 1.32151E-1
1.59356E-1 1.58316E-1 1.58939E-1 1.62744E-1 1.78495E-1 1.82476E-1 1.83577E-1 1.82973E-1 1.81694E-1 1.89297E-1 1.88761E-1 1.83418E-1 1.69037E-1 1.60589E-1 1.55619E-1 1.48605E-1 1.44365E-1 1.46216E-1 1.45342E-1 1.44334E-1 1.47587E-1 1.48101E-1 1.43723E-1 1.45567E-1 1.46726E-1 1.51656E-1 1.48663E-1 1.48343E-1 1.44234E-1 1.41877E-1 1.39519E-1 1.40426E-1 1.41419E-1 1.45125E-1 1.4104E-1 1.4746E-1 1.46432E-1 1.41387E-1 1.4147E-1 1.38965E-1 1.37564E-1 1.3584E-1 1.32358E-1 1.33104E-1 1.34421E-1 1.37068E-1 1.35345E-1 1.32298E-1 1.3697E-1 1.32997E-1 1.31318E-1 1.31992E-1 1.33524E-1 1.29277E-1 1.30055E-1 1.29649E-1 1.31483E-1 1.34893E-1 1.34924E-1 1.348E-1 1.35032E-1
1.64797E-1 1.58547E-1 1.59232E-1 1.65183E-1 1.81207E-1 1.84452E-1 1.81913E-1 1.81094E-1 1.78649E-1 1.80342E-1 1.81394E-1 1.8285E-1 1.79152E-1 1.58739E-1 1.53618E-1 1.49911E-1 1.53563E-1 1.57263E-1 1.54965E-1 1.51453E-1 1.49071E-1 1.50342E-1 1.48781E-1 1.47015E-1 1.48744E-1 1.56822E-1 1.50542E-1 1.49739E-1 1.48164E-1 1.48006E-1 1.46227E-1 1.45819E-1 1.434E-1 1.47878E-1 1.4446E-1 1.45817E-1 1.43587E-1 1.40684E-1 1.37614E-1 1.36084E-1 1.34409E-1 1.35781E-1 1.36828E-1 1.34306E-1 1.35224E-1 1.35035E-1 1.33284E-1 1.32382E-1 1.34547E-1 1.30951E-1 1.30902E-1 1.37273E-1 1.3742E-1 1.35262E-1 1.31999E-1 1.30137E-1 1.31912E-1 1.3236E-1 1.32902E-1 1.34701E-1 1.33668E-1
1.64528E-1 1.58264E-1 1.55781E-1 1.6109E-1 1.63955E-1 1.76884E-1 1.81555E-1 1.81691E-1 1.81702E-1 1.82186E-1 1.81401E-1 1.79311E-1 1.73962E-1 1.71915E-1 1.57817E-1 1.53158E-1 1.5291E-1 1.51149E-1 1.55574E-1 1.56918E-1 1.54837E-1 1.53836E-1 1.52605E-1 1.51357E-1 1.54953E-1 1.51132E-1 1.51396E-1 1.54108E-1 1.48497E-1 1.50001E-1 1.53691E-1 1.51642E-1 1.57553E-1 1.49489E-1 1.46242E-1 1.45099E-1 1.4693E-1 1.47016E-1 1.46258E-1 1.47554E-1 1.43725E-1 1.40896E-1 1.40122E-1 1.38315E-1 1.35575E-1 1.35416E-1 1.3561E-1 1.41197E-1 1.38467E-1 1.34823E-1 1.33086E-1 1.32177E-1 1.29126E-1 1.29249E-1 1.3231E-1 1.31911E-1 1.31887E-1 1.29736E-1 1.34922E-1 1.36758E-1 1.35898E-1
1.6704E-1 1.58297E-1 1.55393E-1 1.57223E-1 1.59298E-1 1.62748E-1 1.81087E-1 1.84126E-1 1.80483E-1 1.85483E-1 1.85304E-1 1.79395E-1 1.73343E-1 1.73202E-1 1.70002E-1 1.54887E-1 1.53934E-1 1.52497E-1 1.54491E-1 1.50289E-1 1.52311E-1 1.543E-1 1.53433E-1 1.55849E-1 1.5641E-1 1.53518E-1 1.51628E-1 1.527E-1 1.47863E-1 1.46526E-1 1.50014E-1 1.51131E-1 1.508E-1 1.47471E-1 1.48244E-1 1.52285E-1 1.49991E-1 1.47244E-1 1.45798E-1 1.45455E-1 1.42625E-1 1.44696E-1 1.44309E-1 1.4288E-1 1.3952E-1 1.36987E-1 1.36239E-1 1.37692E-1 1.37709E-1 1.34072E-1 1.32555E-1 1.28915E-1 1.27933E-1 1.27665E-1 1.28013E-1 1.28817E-1 1.32761E-1 1.3419E-1 1.35085E-1 1.37028E-1 1.37905E-1
1.62747E-1 1.53644E-1 1.51679E-1 1.58948E-1 1.57573E-1 1.60247E-1 1.63188E-1 1.73759E-1 1.82723E-1 1.83568E-1 1.84933E-1 1.83222E-1 1.80029E-1 1.74773E-1 1.74849E-1 1.58893E-1 1.58524E-1 1.56478E-1 1.58209E-1 1.55456E-1 1.55551E-1 1.57599E-1 1.55364E-1 1.56825E-1 1.59301E-1 1.55029E-1 1.52528E-1 1.55045E-1 1.48064E-1 1.53526E-1 1.53578E-1 1.53632E-1 1.51217E-1 1.51104E-1 1.60146E-1 1.52284E-1 1.48008E-1 1.42804E-1 1.431E-1 1.4692E-1 1.51815E-1 1.4924E-1 1.43423E-1 1.40261E-1 1.40456E-1 1.39396E-1 1.38867E-1 1.3816E-1 1.3637E-1 1.35775E-1 1.34702E-1 1.33626E-1 1.32319E-1 1.3366E-1 1.30501E-1 1.33315E-1 1.31817E-1 1.30798E-1 1.33591E-1 1.36536E-1 1.37225E-1
1.59248E-1 1.57291E-1 1.57108E-1 1.59851E-1 1.60183E-1 1.62644E-1 1.6403E-1 1.69489E-1 1.78713E-1 1.841E-1 1.78891E-1 1.79179E-1 1.82186E-1 1.80841E-1 1.78222E-1 1.66624E-1 1.60837E-1 1.59964E-1 1.58064E-1 1.56904E-1 1.56961E-1 1.59276E-1 1.61413E-1 1.64685E-1 1.70289E-1 1.6608E-1 1.60561E-1 1.5843E-1 1.57733E-1 1.61271E-1 1.61007E-1 1.60436E-1 1.60093E-1 1.57672E-1 1.57014E-1 1.50843E-1 1.46553E-1 1.52187E-1 1.48433E-1 1.48034E-1 1.48393E-1 1.45258E-1 1.43179E-1 1.4717E-1 1.44686E-1 1.41885E-1 1.39704E-1 1.39742E-1 1.39176E-1 1.38658E-1 1.39639E-1 1.38737E-1 1.35122E-1 1.33794E-1 1.33883E-1 1.35062E-1 1.35216E-1 1.34715E-1 1.36204E-1 1.37713E-1 1.40577E-1
1.5523E-1 1.56113E-1 1.56857E-1 1.58128E-1 1.58265E-1 1.63014E-1 1.64139E-1 1.61824E-1 1.69237E-1 1.7749E-1 1.71874E-1 1.78166E-1 1.73407E-1 1.83682E-1 1.84456E-1 1.81245E-1 1.67119E-1 1.64729E-1 1.60452E-1 1.56633E-1 1.61953E-1 1.64962E-1 1.64404E-1 1.65657E-1 1.69904E-1 1.60656E-1 1.6284E-1 1.55154E-1 1.58489E-1 1.57581E-1 1.57733E-1 1.59072E-1 1.61255E-1 1.58409E-1 1.58678E-1 1.53766E-1 1.54904E-1 1.53908E-1 1.50852E-1 1.50485E-1 1.51781E-1 1.50156E-1 1.48442E-1 1.47949E-1 1.4498E-1 1.45554E-1 1.42377E-1 1.40825E-1 1.42588E-1 1.40751E-1 1.41497E-1 1.3796E-1 1.34443E-1 1.33502E-1 1.35628E-1 1.36206E-1 1.36304E-1 1.35792E-1 1.38804E-1 1.40919E-1 1.42778E-1
1.62918E-1 1.57424E-1 1.57589E-1 1.57898E-1 1.58739E-1 1.61691E-1 1.6921E-1 1.67658E-1 1.62652E-1 1.63674E-1 1.72268E-1 1.77112E-1 1.84553E-1 1.82456E-1 1.83198E-1 1.80601E-1 1.78294E-1 1.64832E-1 1.59132E-1 1.60605E-1 1.6194E-1 1.62038E-1 1.64246E-1 1.66275E-1 1.61692E-1 1.62951E-1 1.57267E-1 1.60778E-1 1.63071E-1 1.64358E-1 1.6017E-1 1.58784E-1 1.6267E-1 1.65043E-1 1.64485E-1 1.61061E-1 1.61581E-1 1.57803E-1 1.56822E-1 1.60138E-1 1.5863E-1 1.52517E-1 1.51182E-1 1.52564E-1 1.5178E-1 1.53346E-1 1.49497E-1 1.46357E-1 1.45773E-1 1.4638E-1 1.45565E-1 1.41364E-1 1.42082E-1 1.36688E-1 1.37324E-1 1.37938E-1 1.36367E-1 1.41329E-1 1.41977E-1 1.43711E-1 1.4886E-1
1.61724E-1 1.62228E-1 1.63646E-1 1.63687E-1 1.63802E-1 1.63321E-1 1.61466E-1 1.53615E-1 1.61056E-1 1.65545E-1 1.72266E-1 1.75371E-1 1.82558E-1 1.87204E-1 1.77579E-1 1.68231E-1 1.79694E-1 1.70081E-1 1.60276E-1 1.60429E-1 1.62854E-1 1.64192E-1 1.6659E-1 1.69392E-1 1.63113E-1 1.63682E-1 1.58306E-1 1.57019E-1 1.59145E-1 1.62677E-1 1.61521E-1 1.59351E-1 1.62918E-1 1.63622E-1 1.60565E-1 1.64362E-1 1.62009E-1 1.63871E-1 1.62421E-1 1.61809E-1 1.63037E-1 1.60302E-1 1.56049E-1 1.55766E-1 1.54078E-1 1.57777E-1 1.50951E-1 1.52464E-1 1.48723E-1 1.46923E-1 1.46797E-1 1.4346E-1 1.43743E-1 1.42627E-1 1.41561E-1 1.36915E-1 1.40247E-1 1.41674E-1 1.42418E-1 1.45821E-1 1.46976E-1
1.55057E-1 1.57124E-1 1.6508E-1 1.62749E-1 1.55758E-1 1.44865E-1 1.53864E-1 1.54413E-1 1.61237E-1 1.69913E-1 1.70447E-1 1.71989E-1 1.78399E-1 1.77761E-1 1.70323E-1 1.75171E-1 1.85016E-1 1.85646E-1 1.7032E-1 1.61115E-1 1.5972E-1 1.62377E-1 1.62344E-1 1.65742E-1 1.66692E-1 1.64084E-1 1.62919E-1 1.66157E-1 1.66552E-1 1.61956E-1 1.6102E-1 1.55753E-1 1.60057E-1 1.55362E-1 1.56833E-1 1.6368E-1 1.64232E-1 1.65294E-1 1.66061E-1 1.64522E-1 1.62997E-1 1.65312E-1 1.69602E-1 1.66866E-1 1.57558E-1 1.61751E-1 1.56929E-1 1.5344E-1 1.53488E-1 1.53071E-1 1.51594E-1 1.46636E-1 1.44677E-1 1.43316E-1 1.43519E-1 1.42254E-1 1.4136E-1 1.45056E-1 1.44494E-1 1.4898E-1 1.50427E-1
1.54597E-1 1.55897E-1 1.61406E-1 1.65045E-1 1.60154E-1 1.52308E-1 1.41882E-1 1.53277E-1 1.60639E-1 1.60025E-1 1.63435E-1 1.7155E-1 1.75856E-1 1.69899E-1 1.66241E-1 1.74587E-1 1.754E-1 1.81564E-1 1.76683E-1 1.67619E-1 1.62548E-1 1.60888E-1 1.63149E-1 1.65216E-1 1.68301E-1 1.65503E-1 1.63877E-1 1.64236E-1 1.65965E-1 1.64376E-1 1.63929E-1 1.6074E-1 1.61872E-1 1.61908E-1 1.61398E-1 1.65484E-1 1.8479E-1 1.88487E-1 1.73714E-1 1.6869E-1 1.70294E-1 1.65452E-1 1.63885E-1 1.67253E-1 1.65983E-1 1.65699E-1 1.62765E-1 1.60577E-1 1.58387E-1 1.54615E-1 1.52112E-1 1.51382E-1 1.51969E-1 1.51181E-1 1.48983E-1 1.49166E-1 1.4666E-1 1.49123E-1 1.4932E-1 1.52486E-1 1.58677E-1
1.59424E-1 1.57212E-1 1.6572E-1 1.68141E-1 1.63667E-1 1.57382E-1 1.48421E-1 1.53838E-1 1.57463E-1 1.61658E-1 1.56908E-1 1.55998E-1 1.59783E-1 1.59355E-1 1.57009E-1 1.64213E-1 1.71142E-1 1.81581E-1 1.72723E-1 1.63418E-1 1.66771E-1 1.69351E-1 1.685E-1 1.65988E-1 1.66104E-1 1.67019E-1 1.68303E-1 1.64532E-1 1.61604E-1 1.63035E-1 1.6378E-1 1.64676E-1 1.70309E-1 1.71942E-1 1.73156E-1 1.68836E-1 1.801E-1 1.8408E-1 1.75799E-1 1.73698E-1 1.79147E-1 1.73773E-1 1.69781E-1 1.68412E-1 1.68846E-1 1.63572E-1 1.61984E-1 1.69728E-1 1.68495E-1 1.62848E-1 1.59793E-1 1.60047E-1 1.64215E-1 1.63588E-1 1.59577E-1 1.59517E-1 1.52341E-1 1.51576E-1 1.56035E-1 1.59108E-1 1.6045E-1
1.59584E-1 1.70419E-1 1.73408E-1 1.7112E-1 1.66159E-1 1.63976E-1 1.60398E-1 1.52089E-1 1.51795E-1 1.58365E-1 1.57104E-1 1.51882E-1 1.5005E-1 1.56187E-1 1.54208E-1 1.75453E-1 1.75459E-1 1.80339E-1 1.7226E-1 1.67395E-1 1.67252E-1 1.66128E-1 1.71135E-1 1.68255E-1 1.63551E-1 1.67141E-1 1.66565E-1 1.6649E-1 1.63867E-1 1.66014E-1 1.60964E-1 1.63029E-1 1.71979E-1 1.70264E-1 1.76768E-1 1.80772E-1 1.83131E-1 1.77374E-1 1.78983E-1 1.75467E-1 1.71876E-1 1.73624E-1 1.70985E-1 1.69418E-1 1.66688E-1 1.69739E-1 1.69186E-1 1.67477E-1 1.63412E-1 1.6179E-1 1.67013E-1 1.68347E-1 1.62293E-1 1.59272E-1 1.60695E-1 1.64147E-1 1.59975E-1 1.5781E-1 1.6274E-1 1.64699E-1 1.69264E-1
1.68948E-1 1.67783E-1 1.75532E-1 1.71764E-1 1.72192E-1 1.76059E-1 1.73957E-1 1.61688E-1 1.50557E-1 1.55476E-1 1.60437E-1 1.54775E-1 1.54698E-1 1.48728E-1 1.53331E-1 1.7093E-1 1.76397E-1 1.74843E-1 1.7153E-1 1.68053E-1 1.64203E-1 1.61792E-1 1.65545E-1 1.69713E-1 1.68594E-1 1.66949E-1 1.66307E-1 1.66578E-1 1.62509E-1 1.65526E-1 1.67049E-1 1.72725E-1 1.72999E-1 1.71681E-1 1.71822E-1 1.83105E-1 1.90344E-1 1.86139E-1 1.83488E-1 1.85424E-1 1.75773E-1 1.77647E-1 1.74553E-1 1.75096E-1 1.73958E-1 1.72546E-1 1.70013E-1 1.69742E-1 1.70449E-1 1.73033E-1 1.66947E-1 1.70199E-1 1.67894E-1 1.67162E-1 1.66064E-1 1.65467E-1 1.63794E-1 1.63823E-1 1.70666E-1 1.73385E-1 1.74634E-1
1.79164E-1 1.76506E-1 1.78437E-1 1.73142E-1 1.68993E-1 1.80634E-1 1.82243E-1 1.82153E-1 1.64864E-1 1.53759E-1 1.55334E-1 1.53121E-1 1.52091E-1 1.47647E-1 1.52185E-1 1.67444E-1 1.70846E-1 1.62763E-1 1.64962E-1 1.66539E-1 1.70423E-1 1.64823E-1 1.60293E-1 1.63989E-1 1.63039E-1 1.65974E-1 1.64499E-1 1.66689E-1 1.63021E-1 1.65536E-1 1.71225E-1 1.66582E-1 1.7039E-1 1.75907E-1 1.82143E-1 1.87314E-1 1.9682E-1 1.9751E-1 2.02281E-1 1.94735E-1 1.89919E-1 1.8232E-1 1.80326E-1 1.76926E-1 1.80117E-1 1.84269E-1 1.81697E-1 1.74974E-1 1.74461E-1 1.74645E-1 1.78605E-1 1.75241E-1 1.72483E-1 1.71703E-1 1.75507E-1 1.69374E-1 1.70228E-1 1.72588E-1 1.76335E-1 1.80705E-1 1.83264E-1
1.80529E-1 1.82182E-1 1.82405E-1 1.81788E-1 1.78618E-1 1.83743E-1 1.87409E-1 1.83046E-1 1.79516E-1 1.614E-1 1.58437E-1 1.5601E-1 1.51513E-1 1.48173E-1 1.46214E-1 1.52851E-1 1.59261E-1 1.59681E-1 1.62727E-1 1.67821E-1 1.69028E-1 1.67986E-1 1.69228E-1 1.652E-1 1.62314E-1 1.66145E-1 1.64512E-1 1.63517E-1 1.68022E-1 1.6889E-1 1.74062E-1 1.71779E-1 1.75182E-1 1.81575E-1 1.88501E-1 1.86384E-1 1.92755E-1 1.99679E-1 1.9982E-1 2.07699E-1 2.06658E-1 1.98226E-1 1.90801E-1 1.89023E-1 1.9502E-1 2.00307E-1 1.84325E-1 1.84874E-1 1.80906E-1 1.78326E-1 1.74405E-1 1.75238E-1 1.77206E-1 1.79976E-1 1.85908E-1 1.76638E-1 1.78134E-1 1.80308E-1 1.82243E-1 1.85478E-1 1.89632E-1
1.75721E-1 1.85279E-1 1.8567E-1 1.8237E-1 1.77867E-1 1.76235E-1 1.76846E-1 1.76868E-1 1.68281E-1 1.58936E-1 1.56706E-1 1.53678E-1 1.50072E-1 1.44897E-1 1.40587E-1 1.41461E-1 1.49156E-1 1.58824E-1 1.59435E-1 1.6666E-1 1.70046E-1 1.6897E-1 1.683E-1 1.62889E-1 1.61035E-1 1.61905E-1 1.64435E-1 1.66491E-1 1.64944E-1 1.68688E-1 1.73813E-1 1.73811E-1 1.78092E-1 1.82967E-1 1.79331E-1 1.81897E-1 1.89613E-1 1.97489E-1 1.98353E-1 1.98184E-1 1.98705E-1 2.00998E-1 2.07876E-1 2.03426E-1 2.00833E-1 1.97549E-1 1.98278E-1 1.90833E-1 1.88534E-1 1.84824E-1 1.79313E-1 1.76295E-1 1.81906E-1 1.83555E-1 1.88341E-1 1.89476E-1 1.86045E-1 1.8604E-1 1.8783E-1 1.92009E-1 2.00141E-1
1.74116E-1 1.86958E-1 1.88062E-1 1.84695E-1 1.83671E-1 1.74418E-1 1.64903E-1 1.60054E-1 1.61286E-1 1.61822E-1 1.63549E-1 1.60244E-1 1.57994E-1 1.54024E-1 1.47443E-1 1.46439E-1 1.52131E-1 1.59671E-1 1.65955E-1 1.67705E-1 1.70033E-1 1.66517E-1 1.62293E-1 1.62999E-1 1.62094E-1 1.61138E-1 1.65688E-1 1.66028E-1 1.6758E-1 1.70016E-1 1.67635E-1 1.736E-1 1.76369E-1 1.80053E-1 1.83648E-1 1.88708E-1 1.89027E-1 1.87826E-1 1.85073E-1 1.86721E-1 1.84337E-1 1.88946E-1 1.96184E-1 2.12555E-1 2.06591E-1 2.09865E-1 2.02301E-1 1.99497E-1 1.91979E-1 1.96196E-1 1.8933E-1 1.93834E-1 2.0439E-1 1.97045E-1 2.00019E-1 1.99096E-1 1.97357E-1 1.96523E-1 1.98237E-1 2.01525E-1 2.04269E-1
1.7924E-1 1.81133E-1 1.84715E-1 1.85485E-1 1.83617E-1 1.7651E-1 1.67615E-1 1.62459E-1 1.6639E-1 1.62304E-1 1.6676E-1 1.66054E-1 1.64636E-1 1.5741E-1 1.48713E-1 1.54431E-1 1.60496E-1 1.62463E-1 1.6808E-1 1.68023E-1 1.67273E-1 1.70104E-1 1.64721E-1 1.62492E-1 1.59773E-1 1.58389E-1 1.59383E-1 1.642E-1 1.63712E-1 1.64332E-1 1.68524E-1 1.72955E-1 1.76779E-1 1.80363E-1 1.798E-1 1.87818E-1 1.8577E-1 1.89253E-1 1.8628E-1 1.88526E-1 1.89936E-1 1.9282E-1 1.97836E-1 2.11198E-1 2.17164E-1 2.16119E-1 2.09015E-1 2.0581E-1 2.07594E-1 2.02669E-1 2.08557E-1 1.99989E-1 1.98195E-1 1.96316E-1 1.99679E-1 2.00602E-1 2.05313E-1 2.04925E-1 2.07691E-1 2.15268E-1 2.23762E-1
1.70899E-1 1.75174E-1 1.76899E-1 1.78027E-1 1.79916E-1 1.84073E-1 1.78994E-1 1.73965E-1 1.7555E-1 1.73701E-1 1.6985E-1 1.71186E-1 1.69312E-1 1.63218E-1 1.52967E-1 1.56783E-1 1.59815E-1 1.62338E-1 1.70125E-1 1.69638E-1 1.69977E-1 1.71811E-1 1.65769E-1 1.56847E-1 1.58196E-1 1.58078E-1 1.56668E-1 1.59065E-1 1.68333E-1 1.69214E-1 1.7656E-1 1.73107E-1 1.78018E-1 1.80119E-1 1.8069E-1 1.86555E-1 1.87708E-1 1.92384E-1 1.94258E-1 1.94046E-1 1.9881E-1 2.01108E-1 2.04875E-1 2.12103E-1 2.17127E-1 2.26787E-1 2.26457E-1 2.23147E-1 2.18269E-1 2.08079E-1 2.04187E-1 2.04469E-1 2.06224E-1 2.07223E-1 2.09993E-1 2.09299E-1 2.11778E-1 2.09417E-1 2.19257E-1 2.18496E-1 2.22131E-1
1.74254E-1 1.73383E-1 1.67531E-1 1.72699E-1 1.8392E-1 1.84945E-1 1.82601E-1 1.83771E-1 1.87253E-1 1.90488E-1 1.74486E-1 1.76627E-1 1.74427E-1 1.63901E-1 1.5538E-1 1.55846E-1 1.5878E-1 1.60082E-1 1.71621E-1 1.73501E-1 1.74819E-1 1.71195E-1 1.64928E-1 1.59046E-1 1.54003E-1 1.55441E-1 1.76162E-1 1.67284E-1 1.6741E-1 1.8878E-1 1.84906E-1 1.69752E-1 1.74676E-1 1.79126E-1 1.84024E-1 1.87251E-1 1.88662E-1 1.89614E-1 1.96151E-1 1.94789E-1 1.98661E-1 2.05075E-1 2.12152E-1 2.16617E-1 2.25449E-1 2.38748E-1 2.52374E-1 2.47041E-1 2.29034E-1 2.1377E-1 2.07225E-1 2.07056E-1 2.07562E-1 2.10002E-1 2.13024E-1 2.14602E-1 2.11717E-1 2.15843E-1 2.17178E-1 2.24723E-1 2.27779E-1
