maxent_outputs/red_flowers_linear/red_239.asc
ncols         426
nrows         180
xllcorner     -130.0
yllcorner     24.0
cellsize      0.16666666666666666
NODATA_value  -9999
[rows 27 to 53 of 180, columns 244 to 304 of 426]
1.30643E-1 1.29139E-1 1.32833E-1 1.4534E-1 1.5083E-1 1.55925E-1 1.48286E-1 1.34549E-1 1.25523E-1 1.22292E-1 1.21602E-1 1.22131E-1 1.23652E-1 1.23887E-1 1.42602E-1 1.42385E-1 1.51054E-1 1.58692E-1 1.62346E-1 1.59595E-1 1.50667E-1 1.50563E-1 1.56638E-1 1.5428E-1 1.54795E-1 1.63614E-1 1.58542E-1 1.62022E-1 1.62129E-1 1.60727E-1 1.61299E-1 1.61337E-1 1.65727E-1 1.65573E-1 1.68217E-1 1.70667E-1 1.66896E-1 1.63827E-1 1.55265E-1 1.507E-1 1.43388E-1 1.43453E-1 1.56405E-1 1.61232E-1 1.53259E-1 1.51669E-1 1.48712E-1 1.54254E-1 1.56439E-1 1.56523E-1 1.54601E-1 1.49678E-1 1.49136E-1 1.39605E-1 1.38116E-1 1.29908E-1 1.23926E-1 1.19096E-1 1.18885E-1 1.14074E-1 1.09267E-1
1.31472E-1 1.32316E-1 1.35172E-1 1.30871E-1 1.3172E-1 1.34573E-1 1.34899E-1 1.34415E-1 1.2892E-1 1.25776E-1 1.22773E-1 1.29184E-1 1.2796E-1 1.37655E-1 1.38892E-1 1.47671E-1 1.57483E-1 1.69208E-1 1.64844E-1 1.62736E-1 1.53058E-1 1.4612E-1 1.49082E-1 1.54404E-1 1.56949E-1 1.61817E-1 1.59407E-1 1.59782E-1 1.60942E-1 1.59758E-1 1.63053E-1 1.64026E-1 1.64927E-1 1.67549E-1 1.68866E-1 1.72946E-1 1.67536E-1 1.62569E-1 1.54288E-1 1.50953E-1 1.46073E-1 1.4731E-1 1.52837E-1 1.60853E-1 1.59555E-1 1.60117E-1 1.59277E-1 1.61902E-1 1.66022E-1 1.71443E-1 1.61309E-1 1.54734E-1 1.48224E-1 1.41743E-1 1.41792E-1 1.37749E-1 1.3108E-1 1.26198E-1 1.24412E-1 1.176E-1 1.14708E-1
1.28732E-1 1.29595E-1 1.35253E-1 1.3175E-1 1.3383E-1 1.35815E-1 1.42825E-1 1.42401E-1 1.3403E-1 1.33842E-1 1.35754E-1 1.39776E-1 1.40232E-1 1.47252E-1 1.50845E-1 1.57829E-1 1.76974E-1 1.81552E-1 1.77194E-1 1.67809E-1 1.50405E-1 1.46547E-1 1.49144E-1 1.55803E-1 1.62549E-1 1.61223E-1 1.59601E-1 1.66077E-1 1.64543E-1 1.64706E-1 1.69102E-1 1.67548E-1 1.66247E-1 1.71615E-1 1.69891E-1 1.73523E-1 1.69162E-1 1.67439E-1 1.61164E-1 1.56136E-1 1.57518E-1 1.55919E-1 1.56751E-1 1.6093E-1 1.58951E-1 1.61013E-1 1.64156E-1 1.66191E-1 1.70058E-1 1.77265E-1 1.639E-1 1.56992E-1 1.48111E-1 1.46157E-1 1.42895E-1 1.41313E-1 1.38597E-1 1.34213E-1 1.31199E-1 1.22278E-1 1.18981E-1
1.26625E-1 1.27769E-1 1.31996E-1 1.33486E-1 1.33678E-1 1.374E-1 1.5187E-1 1.65204E-1 1.66327E-1 1.75514E-1 1.68832E-1 1.58921E-1 1.59954E-1 1.66334E-1 1.79209E-1 1.77392E-1 1.89161E-1 1.94817E-1 1.8852E-1 1.74921E-1 1.59187E-1 1.58811E-1 1.54517E-1 1.57331E-1 1.57358E-1 1.55533E-1 1.63103E-1 1.63743E-1 1.61707E-1 1.77022E-1 1.70922E-1 1.70549E-1 1.73534E-1 1.72079E-1 1.75405E-1 1.77502E-1 1.73096E-1 1.665E-1 1.64094E-1 1.59645E-1 1.58086E-1 1.62131E-1 1.57797E-1 1.58683E-1 1.57962E-1 1.59154E-1 1.63311E-1 1.6265E-1 1.63743E-1 1.64339E-1 1.60698E-1 1.54515E-1 1.45045E-1 1.50042E-1 1.50182E-1 1.59133E-1 1.57594E-1 1.43946E-1 1.38505E-1 1.28631E-1 1.23331E-1
1.28258E-1 1.27937E-1 1.34944E-1 1.37874E-1 1.42974E-1 1.60182E-1 1.49651E-1 1.65981E-1 1.84008E-1 2.02912E-1 2.22198E-1 2.2679E-1 2.15021E-1 2.06068E-1 2.27181E-1 2.38293E-1 2.36009E-1 2.35599E-1 1.86811E-1 1.66738E-1 1.62837E-1 1.61059E-1 1.66561E-1 1.60944E-1 1.5317E-1 1.59055E-1 1.63497E-1 1.65786E-1 1.62135E-1 1.70046E-1 1.73823E-1 1.73647E-1 1.77313E-1 1.72921E-1 1.76803E-1 1.7434E-1 1.73631E-1 1.70207E-1 1.61141E-1 1.62561E-1 1.57666E-1 1.59166E-1 1.58948E-1 1.57895E-1 1.58699E-1 1.60595E-1 1.58352E-1 1.58235E-1 1.60311E-1 1.60983E-1 1.58634E-1 1.50925E-1 1.51559E-1 1.60397E-1 1.66189E-1 1.75474E-1 1.71997E-1 1.56935E-1 1.61472E-1 1.40099E-1 1.33256E-1
1.36481E-1 1.47185E-1 1.59925E-1 1.61095E-1 1.72529E-1 1.75863E-1 2.12996E-1 2.35951E-1 2.58919E-1 2.63215E-1 2.71271E-1 2.75751E-1 2.7521E-1 2.85943E-1 2.90809E-1 2.96522E-1 3.0255E-1 2.861E-1 1.99869E-1 1.68898E-1 1.65411E-1 1.61668E-1 1.58672E-1 1.57434E-1 1.60719E-1 1.6607E-1 1.63843E-1 1.6724E-1 1.72319E-1 1.69215E-1 1.76723E-1 1.74738E-1 1.81441E-1 1.8114E-1 1.78438E-1 1.78598E-1 1.74731E-1 1.69574E-1 1.66E-1 1.61668E-1 1.60465E-1 1.58467E-1 1.59059E-1 1.61543E-1 1.66145E-1 1.64659E-1 1.67003E-1 1.6046E-1 1.63223E-1 1.67512E-1 1.72127E-1 1.65073E-1 1.62899E-1 1.70031E-1 1.72885E-1 1.75961E-1 1.78515E-1 1.75296E-1 1.68091E-1 1.58076E-1 1.49052E-1
1.52261E-1 1.92979E-1 1.96418E-1 1.86851E-1 2.07922E-1 2.40247E-1 2.56026E-1 2.62032E-1 2.7399E-1 2.76357E-1 2.7933E-1 2.87582E-1 2.94132E-1 2.90739E-1 2.97183E-1 2.99374E-1 2.97142E-1 2.73772E-1 2.37869E-1 1.84383E-1 1.76337E-1 1.70049E-1 1.63854E-1 1.66003E-1 1.67986E-1 1.66894E-1 1.70751E-1 1.73247E-1 1.75211E-1 1.81294E-1 1.90939E-1 1.93327E-1 1.92944E-1 2.00231E-1 1.93469E-1 1.85129E-1 1.80418E-1 1.72352E-1 1.70626E-1 1.67913E-1 1.62821E-1 1.58583E-1 1.63308E-1 1.63652E-1 1.67263E-1 1.7221E-1 1.74207E-1 1.79787E-1 1.7857E-1 1.80703E-1 1.78829E-1 1.76127E-1 1.78348E-1 1.86086E-1 1.8661E-1 1.88283E-1 1.92416E-1 1.80724E-1 1.73201E-1 1.6418E-1 1.61725E-1
1.76967E-1 2.02219E-1 2.29294E-1 2.41411E-1 2.56122E-1 2.62771E-1 2.7768E-1 2.76257E-1 2.86075E-1 2.91234E-1 2.97603E-1 2.96608E-1 3.01676E-1 3.02029E-1 3.00769E-1 3.02543E-1 2.93199E-1 2.84697E-1 2.72629E-1 2.10187E-1 1.83479E-1 1.77924E-1 1.78224E-1 1.73109E-1 1.77143E-1 1.76408E-1 1.7879E-1 1.86397E-1 1.95267E-1 1.99011E-1 2.09445E-1 2.11372E-1 2.0653E-1 2.01549E-1 1.92559E-1 1.88292E-1 1.88156E-1 1.76424E-1 1.71008E-1 1.67888E-1 1.71503E-1 1.6462E-1 1.64105E-1 1.67337E-1 1.70513E-1 1.7524E-1 1.77309E-1 1.87188E-1 1.87192E-1 1.84294E-1 1.84149E-1 1.87217E-1 1.94967E-1 1.99318E-1 2.11197E-1 2.18744E-1 2.112E-1 1.94837E-1 1.87272E-1 1.76174E-1 1.66604E-1
2.24991E-1 2.44172E-1 2.34579E-1 2.4235E-1 2.49976E-1 2.77426E-1 2.85653E-1 2.97545E-1 2.96678E-1 3.03914E-1 3.11524E-1 3.12851E-1 3.09674E-1 3.08437E-1 3.09479E-1 3.06454E-1 2.97798E-1 2.90788E-1 2.84685E-1 2.64549E-1 2.2305E-1 1.99334E-1 1.94842E-1 1.94797E-1 1.96419E-1 1.97813E-1 1.99859E-1 2.04921E-1 2.19473E-1 2.29651E-1 2.24386E-1 2.26037E-1 2.23357E-1 2.11114E-1 2.04829E-1 1.98836E-1 1.93541E-1 1.89442E-1 1.78767E-1 1.77887E-1 1.75633E-1 1.76963E-1 1.79127E-1 1.75699E-1 1.78198E-1 1.7567E-1 1.84478E-1 1.86266E-1 1.88805E-1 1.90571E-1 1.93683E-1 1.98505E-1 2.07902E-1 2.05703E-1 2.1598E-1 2.29063E-1 2.24964E-1 2.04222E-1 1.94704E-1 1.81712E-1 1.75605E-1
2.39894E-1 2.30451E-1 2.5318E-1 2.70901E-1 2.90156E-1 3.02157E-1 3.08007E-1 3.13091E-1 3.15337E-1 3.24429E-1 3.24109E-1 3.24321E-1 3.22958E-1 3.21719E-1 3.14417E-1 3.11541E-1 3.11933E-1 3.02705E-1 2.94031E-1 2.92313E-1 2.91697E-1 2.74398E-1 2.67571E-1 2.70556E-1 2.85883E-1 3.03894E-1 2.85321E-1 2.52571E-1 2.64028E-1 2.61942E-1 2.51126E-1 2.4124E-1 2.40924E-1 2.25869E-1 2.17231E-1 2.05005E-1 1.99727E-1 1.87307E-1 1.85849E-1 1.84935E-1 1.817E-1 1.79015E-1 1.78643E-1 1.7678E-1 1.82545E-1 1.81659E-1 1.88924E-1 1.93709E-1 1.92999E-1 1.97275E-1 2.01522E-1 2.07995E-1 2.12824E-1 2.05284E-1 2.17051E-1 2.16938E-1 2.06525E-1 2.01918E-1 1.89495E-1 1.84215E-1 1.83138E-1
2.58178E-1 2.67178E-1 2.92695E-1 3.03075E-1 3.15515E-1 3.2195E-1 3.25782E-1 3.26525E-1 3.37444E-1 3.35917E-1 3.34844E-1 3.2749E-1 3.2752E-1 3.25681E-1 3.18363E-1 3.15179E-1 3.11932E-1 3.05879E-1 3.04336E-1 3.05574E-1 2.76442E-1 2.69368E-1 2.94907E-1 3.26101E-1 3.45094E-1 3.65681E-1 3.02102E-1 2.89809E-1 2.9534E-1 2.92614E-1 2.86633E-1 2.67431E-1 2.54537E-1 2.38901E-1 2.31386E-1 2.09287E-1 1.99451E-1 1.93812E-1 1.9057E-1 1.89628E-1 1.90986E-1 1.82496E-1 1.87517E-1 1.89234E-1 1.87853E-1 1.85583E-1 1.9259E-1 1.98097E-1 1.95285E-1 2.02266E-1 2.07625E-1 2.05487E-1 2.11156E-1 2.17393E-1 2.18606E-1 2.13267E-1 2.01476E-1 1.92381E-1 1.9025E-1 1.84567E-1 1.84625E-1
2.76241E-1 2.92226E-1 3.0678E-1 3.27701E-1 3.44151E-1 3.32427E-1 3.39768E-1 3.3578E-1 3.32073E-1 3.33483E-1 3.35614E-1 3.37616E-1 3.28846E-1 3.28635E-1 3.27224E-1 3.17755E-1 3.16277E-1 3.16987E-1 3.18934E-1 3.1631E-1 3.14457E-1 3.17655E-1 3.33133E-1 3.46033E-1 3.6525E-1 3.74646E-1 3.32706E-1 3.34211E-1 3.26499E-1 3.16009E-1 2.94481E-1 2.88601E-1 2.63363E-1 2.57492E-1 2.44217E-1 2.24693E-1 2.11033E-1 2.02789E-1 1.9961E-1 1.97077E-1 1.9609E-1 1.90067E-1 1.91642E-1 1.89972E-1 1.90294E-1 1.89877E-1 1.89232E-1 1.94111E-1 1.96778E-1 2.02157E-1 2.10576E-1 2.15454E-1 2.18054E-1 2.18731E-1 2.18253E-1 2.13522E-1 2.07429E-1 1.98781E-1 1.96515E-1 1.91637E-1 2.12332E-1
2.85861E-1 3.02817E-1 3.21028E-1 3.43445E-1 3.42784E-1 3.20012E-1 3.19929E-1 3.23835E-1 3.21863E-1 3.17893E-1 3.2132E-1 3.34071E-1 3.29028E-1 3.31024E-1 3.29685E-1 3.21393E-1 3.19985E-1 3.21064E-1 3.21583E-1 3.19518E-1 3.30567E-1 3.25336E-1 3.45726E-1 3.52447E-1 3.73913E-1 3.96146E-1 3.83158E-1 3.55633E-1 3.36156E-1 3.11707E-1 3.06977E-1 2.95501E-1 2.75549E-1 2.71625E-1 2.60105E-1 2.43339E-1 2.27461E-1 2.22278E-1 2.1312E-1 2.09427E-1 2.07911E-1 1.97816E-1 1.94583E-1 1.92045E-1 1.92233E-1 1.90922E-1 1.8923E-1 1.91859E-1 1.941E-1 1.96968E-1 2.07568E-1 2.21818E-1 2.26883E-1 2.2863E-1 2.22608E-1 2.19581E-1 2.14503E-1 2.09029E-1 2.11554E-1 1.93428E-1 2.14903E-1
2.94239E-1 3.10359E-1 3.22684E-1 3.30845E-1 2.98989E-1 3.04694E-1 3.08329E-1 3.21242E-1 3.41036E-1 3.35329E-1 3.31432E-1 3.22546E-1 3.25267E-1 3.28533E-1 3.2255E-1 3.2421E-1 3.22437E-1 3.22678E-1 3.21824E-1 3.21305E-1 3.2517E-1 3.32905E-1 3.44281E-1 3.57255E-1 3.77245E-1 3.8946E-1 4.21167E-1 3.87247E-1 3.40825E-1 3.2032E-1 3.09247E-1 2.83386E-1 2.78618E-1 2.8232E-1 2.76462E-1 2.61323E-1 2.4732E-1 2.32523E-1 2.21253E-1 2.16047E-1 2.14515E-1 2.08295E-1 2.12409E-1 2.0191E-1 2.00464E-1 1.95461E-1 1.98937E-1 1.94393E-1 2.00929E-1 2.13536E-1 2.11919E-1 2.22508E-1 2.28375E-1 2.30358E-1 2.3573E-1 2.31093E-1 2.31457E-1 2.24847E-1 2.27123E-1 2.21754E-1 2.3768E-1
2.83496E-1 2.91025E-1 2.95834E-1 3.07929E-1 3.25711E-1 3.19302E-1 3.46863E-1 3.48341E-1 3.39789E-1 3.28944E-1 3.20076E-1 3.17888E-1 3.1908E-1 3.20364E-1 3.2398E-1 3.24179E-1 3.21891E-1 3.22786E-1 3.16199E-1 3.16309E-1 3.24624E-1 3.28304E-1 3.43986E-1 3.65097E-1 3.79202E-1 3.98522E-1 4.15437E-1 3.69978E-1 3.43552E-1 3.34906E-1 3.26399E-1 3.11036E-1 3.10775E-1 3.06962E-1 2.8863E-1 2.67468E-1 2.52795E-1 2.35079E-1 2.22013E-1 2.16751E-1 2.20842E-1 2.14246E-1 2.06962E-1 2.08793E-1 2.10831E-1 2.03842E-1 2.06577E-1 2.05381E-1 2.10907E-1 2.15491E-1 2.17221E-1 2.24937E-1 2.29586E-1 2.36423E-1 2.42351E-1 2.51538E-1 2.40153E-1 2.39863E-1 2.43988E-1 2.59231E-1 2.79707E-1
2.49427E-1 2.46122E-1 2.48388E-1 2.58206E-1 2.7641E-1 2.99691E-1 3.11899E-1 3.02753E-1 3.03245E-1 3.03983E-1 3.07373E-1 3.16162E-1 3.07597E-1 3.13868E-1 3.14274E-1 3.19079E-1 3.2227E-1 3.24997E-1 3.18089E-1 3.11972E-1 3.13035E-1 3.2233E-1 3.31221E-1 3.53036E-1 3.85031E-1 3.97966E-1 4.16991E-1 3.97974E-1 3.61314E-1 3.49067E-1 3.46607E-1 3.44596E-1 3.27843E-1 3.23194E-1 2.99684E-1 2.69752E-1 2.60373E-1 2.4981E-1 2.35241E-1 2.21444E-1 2.23674E-1 2.22306E-1 2.17969E-1 2.18185E-1 2.2159E-1 2.17953E-1 2.14759E-1 2.10372E-1 2.16022E-1 2.21696E-1 2.26454E-1 2.35542E-1 2.47296E-1 2.49975E-1 2.65276E-1 2.707E-1 2.57593E-1 2.52051E-1 2.56244E-1 2.68847E-1 2.87926E-1
2.20625E-1 2.08872E-1 2.08665E-1 2.18461E-1 2.36979E-1 2.46148E-1 2.46615E-1 2.42024E-1 2.47E-1 2.65552E-1 2.84172E-1 2.9942E-1 3.02546E-1 3.01616E-1 3.09004E-1 3.22631E-1 3.25049E-1 3.2664E-1 3.15029E-1 3.05106E-1 2.91869E-1 2.92828E-1 3.07384E-1 3.14957E-1 3.21297E-1 3.29675E-1 3.77206E-1 4.03265E-1 3.78859E-1 3.61511E-1 3.564E-1 3.51317E-1 3.58901E-1 3.19304E-1 2.88973E-1 2.69026E-1 2.54796E-1 2.43742E-1 2.32202E-1 2.32853E-1 2.313E-1 2.31175E-1 2.36623E-1 2.37011E-1 2.31366E-1 2.27157E-1 2.31693E-1 2.28152E-1 2.33557E-1 2.2794E-1 2.33352E-1 2.80728E-1 2.68887E-1 2.741E-1 2.72915E-1 2.71549E-1 2.73555E-1 2.6747E-1 2.59946E-1 2.57322E-1 2.67805E-1
1.95034E-1 1.86416E-1 1.73864E-1 1.83004E-1 1.90373E-1 1.93026E-1 1.95408E-1 1.98146E-1 2.05321E-1 2.29046E-1 2.52466E-1 2.65464E-1 2.86016E-1 2.80225E-1 2.95809E-1 3.18607E-1 3.33668E-1 3.15927E-1 2.825E-1 2.59843E-1 2.53493E-1 2.45603E-1 2.40651E-1 2.5015E-1 2.64861E-1 2.97181E-1 3.60555E-1 3.7429E-1 3.51779E-1 3.03832E-1 3.1687E-1 3.46697E-1 3.476E-1 3.15938E-1 2.88255E-1 2.70495E-1 2.53634E-1 2.52518E-1 2.39604E-1 2.38772E-1 2.34644E-1 2.4201E-1 2.45674E-1 2.51092E-1 2.42991E-1 2.389E-1 2.45333E-1 2.50274E-1 2.46746E-1 2.30936E-1 2.31008E-1 2.709E-1 2.87918E-1 2.94383E-1 2.98171E-1 2.89453E-1 2.77695E-1 2.68384E-1 2.66528E-1 2.63111E-1 2.58692E-1
1.84316E-1 1.74096E-1 1.65722E-1 1.63828E-1 1.65693E-1 1.67555E-1 1.7946E-1 1.81417E-1 1.86927E-1 2.03991E-1 2.24093E-1 2.26836E-1 2.32063E-1 2.27235E-1 2.38833E-1 2.77145E-1 3.02072E-1 2.83803E-1 2.64849E-1 2.41292E-1 2.2913E-1 2.3118E-1 2.17163E-1 2.2215E-1 2.46742E-1 2.61917E-1 2.8051E-1 2.8261E-1 2.75609E-1 2.57849E-1 2.74673E-1 3.12845E-1 3.24718E-1 3.02367E-1 2.72175E-1 2.54212E-1 2.48001E-1 2.49946E-1 2.52814E-1 2.40355E-1 2.52907E-1 2.633E-1 2.59651E-1 2.58474E-1 2.56341E-1 2.5237E-1 2.50367E-1 2.68017E-1 2.79916E-1 2.6697E-1 2.54018E-1 2.90126E-1 3.08406E-1 3.13469E-1 3.18112E-1 3.13246E-1 2.97576E-1 2.77184E-1 2.56907E-1 2.56419E-1 2.37953E-1
1.66716E-1 1.62241E-1 1.64549E-1 1.58585E-1 1.54767E-1 1.59982E-1 1.67786E-1 1.74041E-1 1.81663E-1 1.95034E-1 2.03528E-1 2.04631E-1 2.08406E-1 2.08789E-1 2.09859E-1 2.36388E-1 2.71913E-1 2.74145E-1 2.53456E-1 2.41215E-1 2.41225E-1 2.36309E-1 2.24984E-1 2.20603E-1 2.33954E-1 2.43161E-1 2.43936E-1 2.47577E-1 2.36306E-1 2.39651E-1 2.56309E-1 2.87565E-1 2.98333E-1 3.03099E-1 2.82375E-1 2.67226E-1 2.49331E-1 2.51533E-1 2.55429E-1 2.66712E-1 2.67965E-1 2.76972E-1 2.72524E-1 2.69826E-1 2.74358E-1 2.73229E-1 2.75171E-1 3.00116E-1 3.12293E-1 2.9586E-1 2.90276E-1 3.12047E-1 3.30694E-1 3.44144E-1 3.44398E-1 3.3714E-1 3.2084E-1 3.03155E-1 2.75667E-1 2.35983E-1 2.04827E-1
1.48824E-1 1.48732E-1 1.53399E-1 1.54668E-1 1.48001E-1 1.54234E-1 1.59196E-1 1.6454E-1 1.77725E-1 1.83385E-1 1.90662E-1 1.94048E-1 1.99869E-1 2.08802E-1 2.14785E-1 2.30223E-1 2.46085E-1 2.55351E-1 2.54374E-1 2.4912E-1 2.46783E-1 2.40322E-1 2.38042E-1 2.40989E-1 2.43407E-1 2.4345E-1 2.41519E-1 2.40169E-1 2.44601E-1 2.37126E-1 2.38155E-1 2.47503E-1 2.57949E-1 2.61463E-1 2.69086E-1 2.81628E-1 2.79174E-1 2.83818E-1 2.91968E-1 3.01923E-1 3.10041E-1 3.15045E-1 3.02336E-1 2.99842E-1 2.96797E-1 3.01774E-1 3.11979E-1 3.21978E-1 3.23585E-1 3.21815E-1 3.27936E-1 3.41401E-1 3.63684E-1 3.71545E-1 3.70385E-1 3.53198E-1 3.27253E-1 3.07439E-1 2.70666E-1 2.23943E-1 1.9873E-1
1.39927E-1 1.43326E-1 1.48257E-1 1.53866E-1 1.53284E-1 1.53463E-1 1.58982E-1 1.61909E-1 1.74093E-1 1.82313E-1 1.87658E-1 1.8916E-1 1.96283E-1 2.09043E-1 2.11188E-1 2.21074E-1 2.34266E-1 2.42602E-1 2.66201E-1 2.74162E-1 2.71001E-1 2.69711E-1 2.72013E-1 2.62492E-1 2.6358E-1 2.65057E-1 2.47432E-1 2.44872E-1 2.46159E-1 2.5755E-1 2.60298E-1 2.6326E-1 2.57944E-1 2.60075E-1 2.54013E-1 2.47431E-1 2.50372E-1 2.64484E-1 2.67561E-1 2.83975E-1 2.85527E-1 2.96043E-1 3.05351E-1 3.21406E-1 3.09156E-1 3.45112E-1 3.72923E-1 3.95692E-1 3.94596E-1 3.9364E-1 4.02677E-1 3.81145E-1 3.95075E-1 4.05513E-1 3.98095E-1 3.85835E-1 3.67841E-1 3.31653E-1 3.00389E-1 2.65882E-1 2.58987E-1
1.36767E-1 1.41911E-1 1.51071E-1 1.53202E-1 1.52696E-1 1.55468E-1 1.5991E-1 1.63286E-1 1.7094E-1 1.81547E-1 1.8114E-1 1.90673E-1 1.96071E-1 2.19595E-1 2.20129E-1 2.28519E-1 2.35486E-1 2.68506E-1 2.86601E-1 2.99625E-1 2.98009E-1 2.85555E-1 2.54933E-1 2.56348E-1 2.74094E-1 2.63045E-1 2.45713E-1 2.3818E-1 2.3195E-1 2.41444E-1 2.72645E-1 2.74717E-1 2.76884E-1 2.79096E-1 2.89531E-1 2.89164E-1 2.94111E-1 2.93967E-1 3.03064E-1 3.08557E-1 3.14287E-1 3.06698E-1 3.14935E-1 3.18322E-1 3.45294E-1 3.58516E-1 4.07549E-1 4.56551E-1 4.70407E-1 4.84243E-1 5.10747E-1 5.0384E-1 4.27324E-1 4.37726E-1 4.42115E-1 4.25571E-1 4.06204E-1 3.72435E-1 3.43747E-1 3.13638E-1 3.08334E-1
1.4274E-1 1.45314E-1 1.46577E-1 1.5304E-1 1.54195E-1 1.57435E-1 1.617E-1 1.64977E-1 1.74439E-1 1.86375E-1 1.90667E-1 2.00064E-1 2.17759E-1 2.49144E-1 2.44158E-1 2.36769E-1 2.52491E-1 2.81016E-1 2.90268E-1 2.92641E-1 2.97129E-1 2.91686E-1 2.71879E-1 2.87498E-1 2.84799E-1 2.6228E-1 2.43924E-1 2.38382E-1 2.34548E-1 2.32196E-1 2.41922E-1 2.66241E-1 2.82473E-1 2.94576E-1 2.94826E-1 3.01911E-1 3.08627E-1 3.16605E-1 3.25831E-1 3.36605E-1 3.52496E-1 3.705E-1 3.70643E-1 3.60447E-1 3.73497E-1 4.07931E-1 4.5965E-1 4.79617E-1 4.98194E-1 5.23081E-1 5.37589E-1 5.51212E-1 5.07169E-1 4.49077E-1 4.61384E-1 4.6585E-1 4.37354E-1 4.26447E-1 3.93862E-1 3.70328E-1 3.69778E-1
1.44942E-1 1.47835E-1 1.48097E-1 1.51534E-1 1.57475E-1 1.60701E-1 1.64138E-1 1.73045E-1 1.86091E-1 2.00461E-1 2.01176E-1 2.14705E-1 2.41349E-1 2.46533E-1 2.2986E-1 2.45397E-1 2.7111E-1 2.87192E-1 2.96379E-1 2.98816E-1 2.98631E-1 2.99267E-1 3.01781E-1 3.009E-1 2.99171E-1 2.69415E-1 2.49101E-1 2.42493E-1 2.46529E-1 2.4082E-1 2.46826E-1 2.50234E-1 2.55295E-1 2.71331E-1 2.9351E-1 3.09852E-1 3.14632E-1 3.26878E-1 3.41245E-1 3.54691E-1 3.70998E-1 3.88281E-1 4.05737E-1 4.2987E-1 4.50759E-1 4.46662E-1 4.78815E-1 4.96869E-1 5.25649E-1 5.42292E-1 5.566E-1 5.57557E-1 5.49511E-1 4.79016E-1 4.15808E-1 4.1868E-1 4.48196E-1 4.53158E-1 4.31862E-1 4.21181E-1 4.20903E-1
1.41871E-1 1.41792E-1 1.49579E-1 1.54695E-1 1.611E-1 1.69356E-1 1.74336E-1 1.83454E-1 1.97753E-1 2.13126E-1 2.24432E-1 2.48284E-1 2.505E-1 2.27078E-1 2.42119E-1 2.606E-1 2.81582E-1 2.93928E-1 3.02306E-1 3.05563E-1 3.12139E-1 3.12865E-1 2.99829E-1 2.98933E-1 2.76222E-1 2.55244E-1 2.52007E-1 2.51439E-1 2.43957E-1 2.40576E-1 2.44467E-1 2.49098E-1 2.48152E-1 2.49804E-1 2.67051E-1 2.84977E-1 3.2267E-1 3.31397E-1 3.53344E-1 3.67715E-1 3.84354E-1 4.09447E-1 4.28549E-1 4.53122E-1 4.82278E-1 4.45251E-1 4.31626E-1 4.63103E-1 4.98917E-1 5.45891E-1 5.5728E-1 5.59879E-1 5.53217E-1 5.30737E-1 4.41045E-1 4.08056E-1 4.31227E-1 4.78539E-1 4.75072E-1 4.58141E-1 4.44156E-1
1.44069E-1 1.46702E-1 1.54725E-1 1.63313E-1 1.74749E-1 1.77883E-1 1.80389E-1 1.91717E-1 2.06496E-1 2.31597E-1 2.59519E-1 2.75937E-1 2.33073E-1 2.41298E-1 2.69437E-1 2.80892E-1 2.92422E-1 3.09064E-1 3.24929E-1 3.11362E-1 3.2298E-1 3.16159E-1 2.91798E-1 2.93637E-1 2.58818E-1 2.46979E-1 2.45035E-1 2.39832E-1 2.44788E-1 2.44665E-1 2.45086E-1 2.4514E-1 2.44942E-1 2.5562E-1 2.63197E-1 2.80954E-1 3.12363E-1 3.49648E-1 3.58915E-1 3.80423E-1 3.95657E-1 4.25282E-1 4.44585E-1 4.68202E-1 4.88938E-1 4.87283E-1 4.5312E-1 4.47354E-1 4.78315E-1 5.44542E-1 5.69445E-1 5.76626E-1 5.71134E-1 5.52787E-1 5.45734E-1 4.85352E-1 4.67629E-1 4.84277E-1 4.94019E-1 4.62601E-1 4.36652E-1
