maxent_outputs/red_flowers_linear/red_173.asc
ncols         426
nrows         180
xllcorner     -130.0
yllcorner     24.0
cellsize      0.16666666666666666
NODATA_value  -9999
[rows 81 to 107 of 180, columns 61 to 121 of 426]
4.68882E-1 5.93193E-1 5.09596E-1 5.69696E-1 4.90477E-1 5.19527E-1 5.07061E-1 5.34677E-1 4.92384E-1 5.43E-1 5.08636E-1 4.8232E-1 5.63128E-1 5.43476E-1 5.1035E-1 4.71263E-1 4.58829E-1 5.87436E-1 5.84759E-1 4.57858E-1 4.57471E-1 5.21691E-1 4.81666E-1 5.53365E-1 4.5724E-1 5.70812E-1 5.99086E-1 4.88353E-1 5.09128E-1 5.2041E-1 5.02069E-1 4.89058E-1 4.43609E-1 5.55758E-1 4.44871E-1 4.06539E-1 4.22649E-1 4.12458E-1 4.09226E-1 4.1913E-1 4.53683E-1 4.74403E-1 4.16174E-1 6.3091E-1 4.57649E-1 6.59654E-1 5.37847E-1 4.78762E-1 5.58678E-1 6.08484E-1 5.07406E-1 6.67818E-1 6.97881E-1 6.55517E-1 6.05211E-1 6.09072E-1 4.92981E-1 4.59805E-1 4.05195E-1 3.68273E-1 3.67892E-1
5.28757E-1 5.69551E-1 5.74643E-1 5.38209E-1 5.48169E-1 4.51523E-1 5.42009E-1 5.18795E-1 4.62079E-1 5.26712E-1 5.3261E-1 4.40292E-1 5.41843E-1 5.45162E-1 5.4756E-1 5.62916E-1 5.07043E-1 5.87894E-1 5.29414E-1 4.96046E-1 5.75832E-1 4.9108E-1 4.86558E-1 5.27808E-1 4.54928E-1 6.06389E-1 5.2767E-1 5.67179E-1 5.61165E-1 6.10767E-1 4.80568E-1 5.35821E-1 5.06359E-1 5.22121E-1 4.8421E-1 4.56958E-1 4.09783E-1 4.02472E-1 4.1082E-1 4.09913E-1 4.13245E-1 4.32362E-1 4.146E-1 5.18952E-1 4.33914E-1 4.70876E-1 4.32749E-1 5.13882E-1 5.27212E-1 6.06587E-1 5.78769E-1 6.26846E-1 6.27672E-1 5.48442E-1 5.0056E-1 4.96567E-1 4.33056E-1 3.88473E-1 3.35305E-1 3.01108E-1 2.94329E-1
6.11481E-1 7.38962E-1 5.98188E-1 5.66512E-1 5.42078E-1 4.58134E-1 5.44511E-1 4.47793E-1 4.69445E-1 4.56034E-1 4.4858E-1 5.1759E-1 4.64197E-1 4.75854E-1 5.29687E-1 4.99153E-1 5.35916E-1 5.2995E-1 5.78847E-1 5.36535E-1 5.18008E-1 4.76842E-1 5.42703E-1 4.71609E-1 5.03812E-1 6.00025E-1 5.4953E-1 5.58537E-1 4.91164E-1 5.84394E-1 5.13755E-1 4.95429E-1 5.57205E-1 4.9714E-1 4.6532E-1 5.02667E-1 4.54373E-1 3.98984E-1 4.11109E-1 4.21234E-1 3.8029E-1 3.88347E-1 4.56443E-1 5.24021E-1 4.73253E-1 4.84444E-1 4.66399E-1 4.73635E-1 4.47192E-1 5.15266E-1 5.24646E-1 5.81051E-1 6.21258E-1 6.32664E-1 5.65133E-1 5.34609E-1 4.60534E-1 3.89008E-1 3.48807E-1 3.04422E-1 2.83932E-1
6.00244E-1 6.05818E-1 5.91145E-1 5.60364E-1 5.33713E-1 5.09104E-1 4.64215E-1 4.40999E-1 4.17655E-1 4.33441E-1 5.77243E-1 4.86148E-1 4.17841E-1 4.98146E-1 4.57978E-1 5.24627E-1 5.26021E-1 5.39691E-1 5.0713E-1 5.02211E-1 5.78375E-1 5.98779E-1 5.24402E-1 4.75374E-1 5.62288E-1 5.87148E-1 5.48923E-1 5.3642E-1 4.98949E-1 5.76144E-1 4.96329E-1 5.79486E-1 5.99894E-1 4.5664E-1 4.7494E-1 6.27115E-1 4.49269E-1 3.91067E-1 4.17959E-1 4.19211E-1 4.54133E-1 4.04994E-1 5.11252E-1 5.28598E-1 5.68194E-1 5.11663E-1 5.25759E-1 4.35842E-1 5.93763E-1 5.59399E-1 5.6069E-1 5.63994E-1 5.459E-1 5.99496E-1 6.18167E-1 6.27221E-1 5.9116E-1 4.98979E-1 4.28724E-1 3.45606E-1 3.33281E-1
5.38731E-1 5.69749E-1 5.9348E-1 5.62074E-1 5.34359E-1 4.85893E-1 4.33348E-1 4.11917E-1 3.97058E-1 4.97768E-1 4.5565E-1 4.54834E-1 5.70577E-1 5.10244E-1 5.17988E-1 5.73502E-1 5.55137E-1 6.3142E-1 5.26747E-1 5.75927E-1 5.3749E-1 5.46651E-1 5.04818E-1 4.86398E-1 5.31272E-1 5.81004E-1 4.52144E-1 5.35236E-1 5.20424E-1 6.02542E-1 5.10999E-1 5.85697E-1 5.13837E-1 5.67891E-1 6.24046E-1 6.52026E-1 4.18664E-1 4.19947E-1 4.80763E-1 4.2267E-1 4.68544E-1 4.69625E-1 4.11886E-1 4.14806E-1 4.46811E-1 4.47121E-1 4.97613E-1 4.53603E-1 5.90506E-1 5.46415E-1 5.40574E-1 6.12715E-1 5.70884E-1 5.50943E-1 5.38776E-1 5.68379E-1 6.08356E-1 5.4888E-1 4.74061E-1 4.06484E-1 3.95977E-1
5.39887E-1 5.88969E-1 5.86277E-1 5.19691E-1 4.9063E-1 4.39747E-1 4.23233E-1 4.1408E-1 4.45045E-1 5.68632E-1 4.37727E-1 6.17437E-1 4.86727E-1 4.92196E-1 5.72856E-1 5.27662E-1 5.50647E-1 5.72755E-1 6.07135E-1 5.25547E-1 4.4599E-1 4.61088E-1 5.15397E-1 5.38026E-1 5.27021E-1 5.22939E-1 4.48934E-1 5.49834E-1 4.61781E-1 5.47115E-1 5.21184E-1 6.00798E-1 4.64444E-1 5.37735E-1 5.43229E-1 4.31867E-1 4.74623E-1 4.60861E-1 4.39042E-1 4.35749E-1 4.8813E-1 4.21137E-1 3.92652E-1 3.75831E-1 3.9787E-1 4.84882E-1 4.33186E-1 4.41928E-1 5.99301E-1 4.57229E-1 5.06534E-1 6.57202E-1 6.16725E-1 4.73528E-1 4.28652E-1 4.34797E-1 5.5608E-1 6.43382E-1 5.2868E-1 5.24019E-1 4.78424E-1
5.46914E-1 5.94949E-1 5.69753E-1 5.23924E-1 4.90862E-1 4.4669E-1 4.40417E-1 4.35302E-1 5.21075E-1 4.97013E-1 5.30286E-1 5.48268E-1 5.82782E-1 5.55561E-1 5.11657E-1 4.83676E-1 5.98946E-1 5.35205E-1 5.34649E-1 5.3903E-1 5.74871E-1 4.76E-1 6.22692E-1 5.77178E-1 4.96224E-1 4.84041E-1 5.44075E-1 4.83679E-1 5.57623E-1 5.34628E-1 5.1991E-1 6.59837E-1 4.57128E-1 6.32059E-1 5.16944E-1 4.00479E-1 4.99031E-1 4.07053E-1 4.2949E-1 5.41557E-1 4.59011E-1 4.10326E-1 3.61972E-1 3.80381E-1 3.90741E-1 5.4914E-1 4.24385E-1 4.54045E-1 5.76912E-1 4.17323E-1 6.3422E-1 6.74057E-1 6.14622E-1 4.43877E-1 3.88652E-1 4.18771E-1 4.25855E-1 5.80707E-1 5.29871E-1 5.67897E-1 5.33527E-1
5.60083E-1 5.41798E-1 5.58931E-1 5.0838E-1 4.89613E-1 4.89035E-1 4.63461E-1 4.64966E-1 4.83802E-1 4.43843E-1 5.05116E-1 5.04613E-1 5.8079E-1 5.13595E-1 5.67231E-1 5.63116E-1 6.23502E-1 5.02005E-1 5.71149E-1 5.66401E-1 5.9145E-1 5.32366E-1 5.18232E-1 4.52499E-1 5.14994E-1 5.51474E-1 5.86132E-1 4.2256E-1 5.28783E-1 5.19393E-1 5.71447E-1 6.73985E-1 4.79898E-1 7.02586E-1 5.91904E-1 4.0313E-1 5.17111E-1 4.6031E-1 5.07833E-1 5.00645E-1 4.25719E-1 3.69933E-1 3.66367E-1 3.70198E-1 3.8389E-1 5.49344E-1 5.01018E-1 4.64733E-1 4.80321E-1 5.61158E-1 6.71012E-1 5.77543E-1 4.9513E-1 3.80226E-1 4.41625E-1 4.76791E-1 3.87296E-1 4.57791E-1 4.52332E-1 5.65924E-1 6.00113E-1
5.17312E-1 5.84925E-1 6.06689E-1 5.03239E-1 4.57274E-1 4.75418E-1 4.8576E-1 4.70732E-1 5.42637E-1 5.19411E-1 5.15445E-1 5.1411E-1 4.98653E-1 5.8236E-1 5.63341E-1 6.50733E-1 4.90688E-1 5.79621E-1 6.14669E-1 5.21076E-1 6.2146E-1 6.18912E-1 4.93691E-1 5.47221E-1 4.8636E-1 4.86498E-1 5.86544E-1 5.21744E-1 4.72437E-1 6.09336E-1 4.86939E-1 5.66526E-1 5.50314E-1 6.05074E-1 4.48665E-1 4.38869E-1 4.95283E-1 5.46068E-1 5.1085E-1 4.6895E-1 4.46589E-1 4.25492E-1 3.73151E-1 3.67822E-1 3.57254E-1 4.62412E-1 5.94406E-1 4.59289E-1 4.39491E-1 6.48203E-1 6.45437E-1 5.7219E-1 4.14853E-1 3.79211E-1 4.43452E-1 4.59133E-1 4.13724E-1 3.99999E-1 3.89984E-1 4.97902E-1 5.50434E-1
5.02392E-1 5.74199E-1 5.60504E-1 5.12834E-1 4.89569E-1 5.6246E-1 4.50131E-1 4.82368E-1 4.87698E-1 4.36166E-1 4.77348E-1 4.86588E-1 5.42742E-1 5.60636E-1 6.01511E-1 5.87194E-1 4.6979E-1 6.13256E-1 5.37788E-1 5.93125E-1 5.41398E-1 6.01532E-1 5.21694E-1 5.1333E-1 4.70238E-1 4.51081E-1 6.45949E-1 5.19065E-1 4.63549E-1 5.83953E-1 5.52458E-1 5.67831E-1 4.90911E-1 7.42579E-1 4.92395E-1 4.99366E-1 4.72169E-1 5.33245E-1 4.91793E-1 4.43769E-1 4.88796E-1 5.05379E-1 3.86809E-1 3.71474E-1 4.01908E-1 6.17893E-1 6.19616E-1 4.38588E-1 5.19214E-1 5.77902E-1 5.77382E-1 4.78666E-1 4.27531E-1 4.46938E-1 4.6523E-1 4.67973E-1 3.85119E-1 3.17336E-1 3.26009E-1 3.53044E-1 3.6367E-1
5.78029E-1 5.97728E-1 5.51576E-1 5.26002E-1 5.24161E-1 5.72693E-1 5.973E-1 5.64527E-1 5.28151E-1 5.15492E-1 4.81581E-1 5.15609E-1 5.16559E-1 5.9381E-1 6.31303E-1 6.30987E-1 5.31842E-1 6.81887E-1 5.2241E-1 6.61552E-1 5.1077E-1 5.67946E-1 5.16467E-1 4.72257E-1 5.17016E-1 3.92675E-1 4.87579E-1 5.06506E-1 4.56605E-1 5.91762E-1 6.03724E-1 5.11001E-1 4.70569E-1 6.29478E-1 4.87184E-1 4.90518E-1 5.12009E-1 5.1533E-1 4.39341E-1 4.04441E-1 4.44106E-1 4.28393E-1 4.41464E-1 4.44587E-1 5.28827E-1 6.11198E-1 4.76293E-1 5.04949E-1 5.87373E-1 6.42356E-1 5.67653E-1 4.68853E-1 4.35376E-1 4.85961E-1 4.8248E-1 4.61859E-1 3.28908E-1 3.24378E-1 3.38935E-1 3.55233E-1 3.60224E-1
6.66443E-1 5.99722E-1 5.78067E-1 6.11988E-1 6.16211E-1 5.69094E-1 6.28723E-1 5.03331E-1 5.4875E-1 5.37407E-1 5.65906E-1 5.19322E-1 5.11006E-1 5.44845E-1 5.91082E-1 5.38373E-1 5.76228E-1 5.70677E-1 5.24564E-1 5.76014E-1 5.55475E-1 5.20472E-1 4.58427E-1 5.04726E-1 3.9897E-1 3.51401E-1 5.4682E-1 4.97274E-1 4.51454E-1 5.97824E-1 5.69319E-1 4.69683E-1 5.44666E-1 4.8976E-1 4.83343E-1 5.7189E-1 4.20532E-1 5.30159E-1 4.30026E-1 5.28285E-1 4.2528E-1 4.13387E-1 4.95608E-1 5.48716E-1 5.84184E-1 5.33467E-1 6.11978E-1 6.02986E-1 6.56212E-1 6.40302E-1 5.67032E-1 4.53446E-1 4.58974E-1 4.52355E-1 4.19285E-1 3.60583E-1 3.51332E-1 3.4524E-1 3.77326E-1 4.10103E-1 4.30489E-1
7.10132E-1 7.07407E-1 6.16841E-1 6.4545E-1 5.85833E-1 5.45271E-1 6.30904E-1 5.5282E-1 5.61884E-1 5.54743E-1 5.38541E-1 5.75247E-1 5.23018E-1 5.174E-1 4.81106E-1 5.15994E-1 5.35991E-1 5.5781E-1 6.03636E-1 5.0454E-1 5.64827E-1 4.12032E-1 4.59463E-1 4.31359E-1 3.29451E-1 4.05836E-1 5.882E-1 4.44551E-1 4.2992E-1 5.44835E-1 5.56047E-1 4.7724E-1 5.55716E-1 5.79965E-1 4.86638E-1 5.8033E-1 4.59209E-1 5.60743E-1 4.3823E-1 5.20512E-1 4.3613E-1 4.46597E-1 5.54262E-1 5.68198E-1 7.46403E-1 5.72965E-1 6.34175E-1 5.20211E-1 5.35452E-1 5.41639E-1 6.31531E-1 4.84103E-1 4.25675E-1 3.91218E-1 3.49378E-1 3.55824E-1 3.98835E-1 4.08313E-1 4.07801E-1 4.29814E-1 4.19585E-1
6.87714E-1 6.73982E-1 6.7454E-1 5.41502E-1 5.92056E-1 5.66509E-1 5.58899E-1 5.66883E-1 5.66308E-1 5.79759E-1 5.18804E-1 5.54232E-1 5.08272E-1 5.1847E-1 4.62617E-1 5.63385E-1 5.23853E-1 5.55082E-1 5.2843E-1 4.66105E-1 5.25073E-1 3.82785E-1 4.495E-1 3.74901E-1 4.10777E-1 5.80275E-1 4.96962E-1 4.50023E-1 4.77946E-1 5.49435E-1 5.42809E-1 5.39049E-1 6.00156E-1 5.73192E-1 5.58144E-1 5.77673E-1 5.11044E-1 5.71871E-1 5.05076E-1 4.342E-1 3.83449E-1 4.8871E-1 4.68726E-1 5.30027E-1 7.22472E-1 5.30848E-1 5.69527E-1 5.34092E-1 5.16463E-1 5.50456E-1 5.73051E-1 5.30173E-1 4.24012E-1 4.02353E-1 3.94513E-1 3.69897E-1 4.38291E-1 4.78287E-1 4.60011E-1 4.42962E-1 4.21971E-1
6.93391E-1 7.11685E-1 7.15078E-1 6.72888E-1 5.75962E-1 5.326E-1 5.23537E-1 5.52138E-1 5.35157E-1 5.42265E-1 5.25411E-1 4.62755E-1 5.42641E-1 4.93753E-1 4.97039E-1 5.2538E-1 4.95245E-1 5.10792E-1 5.10271E-1 4.72786E-1 5.2851E-1 4.63882E-1 4.13954E-1 4.42182E-1 6.09663E-1 5.14627E-1 4.31637E-1 4.53679E-1 5.34848E-1 4.9561E-1 4.86169E-1 5.52975E-1 5.03854E-1 5.57002E-1 5.61644E-1 5.05201E-1 5.55337E-1 5.06804E-1 4.42464E-1 3.90988E-1 4.7494E-1 5.01219E-1 5.15257E-1 5.36304E-1 5.44372E-1 5.85215E-1 5.81474E-1 5.49702E-1 5.7197E-1 6.87767E-1 7.12709E-1 5.74314E-1 4.66262E-1 5.00471E-1 6.08898E-1 4.17865E-1 4.4506E-1 4.82689E-1 4.7425E-1 4.66807E-1 4.92233E-1
7.24172E-1 7.44786E-1 7.22429E-1 7.36509E-1 6.06581E-1 5.79704E-1 5.311E-1 5.06071E-1 5.92385E-1 6.04304E-1 4.88693E-1 5.02217E-1 4.85872E-1 5.26622E-1 5.30024E-1 4.90949E-1 4.5753E-1 4.42535E-1 4.34519E-1 5.17732E-1 5.81914E-1 4.73365E-1 4.53362E-1 4.76043E-1 4.58657E-1 4.91144E-1 4.77803E-1 4.35442E-1 5.52755E-1 5.0263E-1 4.33145E-1 5.99628E-1 4.90644E-1 4.9644E-1 5.77725E-1 5.26023E-1 4.29671E-1 3.83099E-1 3.75507E-1 3.85121E-1 4.15577E-1 4.3911E-1 4.6705E-1 5.8261E-1 4.41265E-1 6.1626E-1 5.46627E-1 6.27059E-1 6.51621E-1 5.98298E-1 5.42014E-1 5.17624E-1 5.00908E-1 4.99251E-1 5.71863E-1 4.66255E-1 4.58954E-1 4.74053E-1 5.23169E-1 5.57041E-1 5.80377E-1
7.35877E-1 7.12213E-1 7.18242E-1 7.47521E-1 6.83138E-1 5.87583E-1 5.7107E-1 5.87738E-1 6.17806E-1 7.16412E-1 4.73167E-1 5.95845E-1 5.92548E-1 4.55718E-1 5.31932E-1 5.1704E-1 5.05187E-1 5.07994E-1 4.82874E-1 4.35913E-1 4.99451E-1 5.03266E-1 4.38887E-1 4.57918E-1 3.77591E-1 4.92577E-1 5.18247E-1 4.80324E-1 4.75707E-1 5.13444E-1 4.34719E-1 5.29172E-1 4.34308E-1 5.27902E-1 5.09417E-1 4.61413E-1 3.93285E-1 3.89283E-1 4.73605E-1 4.36982E-1 4.38298E-1 6.04184E-1 6.81006E-1 5.84866E-1 4.78002E-1 5.33462E-1 4.93387E-1 6.48015E-1 5.56537E-1 4.96975E-1 4.84962E-1 4.78357E-1 5.15625E-1 4.70574E-1 4.44683E-1 4.94143E-1 4.92206E-1 4.86521E-1 5.56369E-1 6.03881E-1 5.97538E-1
7.43798E-1 7.71849E-1 7.50411E-1 7.32638E-1 7.29581E-1 6.97329E-1 5.82537E-1 5.55547E-1 5.04358E-1 7.32674E-1 5.89906E-1 5.34411E-1 5.47263E-1 5.21011E-1 5.32106E-1 4.99823E-1 4.89625E-1 4.65099E-1 5.17128E-1 4.51087E-1 4.31546E-1 4.52724E-1 4.88741E-1 4.48824E-1 4.80063E-1 5.16437E-1 5.67196E-1 4.82106E-1 4.90001E-1 4.61143E-1 5.47212E-1 5.25807E-1 5.06975E-1 5.19977E-1 5.15702E-1 5.23555E-1 4.82006E-1 5.05009E-1 5.51303E-1 5.27532E-1 5.80177E-1 6.50431E-1 6.72989E-1 5.48709E-1 5.35212E-1 5.82394E-1 5.10294E-1 5.38693E-1 5.88353E-1 5.482E-1 4.77633E-1 4.58034E-1 4.93179E-1 5.25153E-1 4.31606E-1 4.71618E-1 4.90841E-1 5.17455E-1 5.21698E-1 5.59206E-1 5.6166E-1
6.57259E-1 7.44704E-1 7.1764E-1 6.89599E-1 7.34501E-1 7.4304E-1 7.54691E-1 5.55858E-1 4.81827E-1 6.29088E-1 6.4595E-1 5.33096E-1 5.64187E-1 6.06564E-1 5.16196E-1 4.87235E-1 5.04636E-1 4.94418E-1 4.75137E-1 4.30245E-1 4.53375E-1 4.60083E-1 5.38106E-1 4.50872E-1 5.6781E-1 4.66461E-1 4.97014E-1 4.94681E-1 5.23245E-1 4.73742E-1 5.81392E-1 5.58676E-1 5.78582E-1 5.54723E-1 5.4453E-1 5.67122E-1 5.46654E-1 5.71375E-1 6.48047E-1 5.43933E-1 6.05608E-1 5.58579E-1 6.05695E-1 5.62554E-1 5.84965E-1 5.90623E-1 5.18466E-1 5.02633E-1 4.90142E-1 5.26611E-1 5.50296E-1 5.24638E-1 4.57438E-1 4.93649E-1 4.93338E-1 4.50232E-1 4.97452E-1 5.01651E-1 5.05104E-1 5.23329E-1 4.76994E-1
5.95066E-1 6.45443E-1 7.14963E-1 7.51853E-1 7.60915E-1 7.38934E-1 7.34901E-1 6.99904E-1 5.7913E-1 5.55845E-1 5.86423E-1 5.41166E-1 5.44567E-1 5.39273E-1 5.72178E-1 5.46983E-1 4.44006E-1 4.84722E-1 5.20261E-1 4.96264E-1 5.11222E-1 5.32878E-1 5.03407E-1 4.1422E-1 4.24576E-1 4.87356E-1 4.5606E-1 5.184E-1 4.74626E-1 5.24287E-1 5.59686E-1 5.29049E-1 5.3148E-1 5.29885E-1 5.00304E-1 5.28399E-1 5.15864E-1 5.37111E-1 5.54733E-1 5.20504E-1 5.48527E-1 5.76164E-1 5.27427E-1 5.33825E-1 5.12083E-1 5.21386E-1 5.04596E-1 4.98304E-1 4.98333E-1 4.9514E-1 4.93899E-1 5.06089E-1 5.43445E-1 4.87951E-1 4.99229E-1 5.04448E-1 4.73998E-1 4.8517E-1 5.14629E-1 4.81371E-1 4.33473E-1
5.49774E-1 5.98168E-1 6.46077E-1 7.35343E-1 7.62403E-1 7.35133E-1 7.49522E-1 7.74195E-1 6.72462E-1 5.2761E-1 6.29045E-1 5.7081E-1 5.05108E-1 5.44842E-1 5.48103E-1 5.45234E-1 5.19795E-1 4.29655E-1 4.67358E-1 5.04403E-1 5.33758E-1 4.99286E-1 4.35366E-1 4.53986E-1 4.62712E-1 5.39405E-1 4.81796E-1 4.37383E-1 5.21199E-1 5.19549E-1 5.16425E-1 5.1307E-1 5.14037E-1 5.01048E-1 4.91116E-1 5.47898E-1 5.17572E-1 4.3157E-1 4.48154E-1 5.07301E-1 5.28644E-1 5.7304E-1 5.35482E-1 5.2522E-1 4.9928E-1 4.87854E-1 4.8696E-1 4.59095E-1 4.47634E-1 4.6551E-1 4.90472E-1 5.72005E-1 5.39308E-1 5.64514E-1 5.08433E-1 5.26596E-1 5.04363E-1 4.63771E-1 4.8069E-1 4.17038E-1 4.2509E-1
5.39393E-1 5.31907E-1 5.9116E-1 6.39255E-1 6.93761E-1 7.4184E-1 7.53906E-1 7.48557E-1 7.57566E-1 5.38546E-1 6.69266E-1 5.76889E-1 5.64518E-1 5.95081E-1 5.60933E-1 5.79257E-1 6.20824E-1 5.20079E-1 5.18843E-1 5.16461E-1 5.39136E-1 5.4445E-1 4.57348E-1 4.4437E-1 5.23485E-1 5.07942E-1 4.87343E-1 4.58346E-1 5.41949E-1 4.77272E-1 5.2001E-1 5.26911E-1 5.82746E-1 5.02705E-1 4.66373E-1 4.82274E-1 5.47078E-1 4.90893E-1 4.89256E-1 4.81589E-1 4.75226E-1 4.85826E-1 5.2112E-1 4.47654E-1 4.53878E-1 5.09405E-1 5.33178E-1 4.78168E-1 4.92354E-1 4.72483E-1 4.57624E-1 4.78244E-1 5.10999E-1 5.25672E-1 5.20998E-1 5.49867E-1 5.64784E-1 4.895E-1 5.08972E-1 4.38564E-1 4.3014E-1
5.63723E-1 5.30961E-1 5.59841E-1 5.92084E-1 6.5453E-1 7.21275E-1 7.24167E-1 7.40286E-1 8.06298E-1 6.1663E-1 5.49305E-1 6.27572E-1 4.81417E-1 5.51828E-1 5.99221E-1 4.85887E-1 5.3745E-1 5.61182E-1 4.84159E-1 4.71274E-1 4.75989E-1 4.94713E-1 4.78374E-1 4.49203E-1 4.91438E-1 4.78852E-1 4.99543E-1 5.69518E-1 5.79599E-1 4.92549E-1 4.91747E-1 4.53417E-1 4.7804E-1 4.81299E-1 4.80381E-1 5.76067E-1 5.83801E-1 5.27653E-1 4.97428E-1 4.97083E-1 4.40072E-1 4.63353E-1 4.17733E-1 4.6492E-1 5.2011E-1 6.0915E-1 5.45556E-1 4.90832E-1 4.9471E-1 4.90099E-1 4.66554E-1 4.67349E-1 4.68763E-1 4.92064E-1 5.6073E-1 5.62394E-1 5.91294E-1 5.06589E-1 4.62217E-1 4.257E-1 4.12483E-1
5.20254E-1 5.25889E-1 5.47245E-1 5.6442E-1 5.99179E-1 6.72241E-1 7.21689E-1 7.57172E-1 7.79321E-1 7.85776E-1 5.43715E-1 6.30607E-1 6.32113E-1 6.04473E-1 6.06726E-1 4.96278E-1 4.86984E-1 4.75147E-1 5.59839E-1 4.53711E-1 4.42506E-1 4.73702E-1 5.02976E-1 5.06264E-1 4.73466E-1 4.61733E-1 4.99696E-1 6.47748E-1 5.89667E-1 5.10241E-1 4.63814E-1 4.7459E-1 4.63073E-1 5.07919E-1 6.14197E-1 5.44432E-1 5.43712E-1 5.212E-1 4.9746E-1 5.24166E-1 4.93083E-1 4.67251E-1 4.85898E-1 5.09941E-1 5.58E-1 6.23793E-1 5.604E-1 4.54704E-1 4.87322E-1 4.90668E-1 4.54221E-1 4.54721E-1 4.59223E-1 5.00802E-1 4.87106E-1 5.06405E-1 5.60038E-1 5.6816E-1 4.77714E-1 4.50493E-1 4.23377E-1
5.39419E-1 5.46413E-1 5.39654E-1 5.48192E-1 5.66136E-1 6.11752E-1 7.39101E-1 7.76187E-1 7.44743E-1 7.26193E-1 6.63713E-1 5.27513E-1 5.97595E-1 5.80709E-1 5.49573E-1 6.21653E-1 6.10027E-1 4.75004E-1 5.78038E-1 5.60086E-1 4.45291E-1 4.74491E-1 5.44208E-1 6.29946E-1 6.08713E-1 5.65223E-1 4.94194E-1 5.54559E-1 5.78292E-1 4.88515E-1 4.82066E-1 5.27785E-1 4.85621E-1 5.04085E-1 5.09737E-1 5.11883E-1 5.83836E-1 5.39419E-1 5.07104E-1 5.45553E-1 5.56781E-1 5.27768E-1 5.16306E-1 5.33597E-1 5.77534E-1 6.2836E-1 5.92662E-1 5.0342E-1 4.60391E-1 4.76486E-1 4.49884E-1 4.45154E-1 4.54808E-1 4.56046E-1 4.92085E-1 5.12952E-1 4.86649E-1 5.22803E-1 5.38534E-1 5.39723E-1 4.6376E-1
5.26892E-1 5.38634E-1 5.53565E-1 5.57993E-1 5.56027E-1 5.99253E-1 7.15189E-1 7.4723E-1 6.83144E-1 6.99882E-1 6.6835E-1 5.68516E-1 6.3372E-1 5.86847E-1 5.63393E-1 5.7929E-1 6.95434E-1 5.28002E-1 5.85693E-1 5.57367E-1 4.73347E-1 5.29326E-1 4.79209E-1 5.37691E-1 6.83482E-1 6.82931E-1 5.92541E-1 5.30338E-1 5.02919E-1 4.98348E-1 5.37673E-1 5.20089E-1 5.28078E-1 5.61904E-1 5.48549E-1 4.96751E-1 5.85837E-1 5.12674E-1 5.53954E-1 5.54822E-1 5.52217E-1 5.51672E-1 5.28984E-1 5.57587E-1 5.6125E-1 6.06858E-1 6.24016E-1 5.78115E-1 4.77158E-1 4.71078E-1 4.53938E-1 4.40217E-1 4.3567E-1 4.49902E-1 4.72719E-1 4.77689E-1 4.79859E-1 5.00404E-1 5.27215E-1 5.22449E-1 4.77358E-1
5.49085E-1 5.3883E-1 5.33773E-1 5.3757E-1 5.42681E-1 5.58483E-1 6.73488E-1 7.4182E-1 6.74856E-1 6.77474E-1 6.80853E-1 5.84617E-1 6.2945E-1 6.22916E-1 6.30899E-1 4.9498E-1 7.19297E-1 5.54011E-1 5.55039E-1 6.12068E-1 5.56499E-1 5.26002E-1 5.0816E-1 4.50736E-1 5.32443E-1 6.32072E-1 5.74011E-1 5.42313E-1 5.26454E-1 5.26899E-1 5.90831E-1 5.92116E-1 5.58827E-1 5.49948E-1 5.25859E-1 5.41862E-1 5.552E-1 5.50291E-1 5.51577E-1 5.72217E-1 5.764E-1 5.1846E-1 4.79245E-1 4.85084E-1 5.02362E-1 5.39207E-1 5.52661E-1 5.4654E-1 5.28419E-1 4.6698E-1 4.31671E-1 4.29587E-1 4.43489E-1 4.41278E-1 4.51194E-1 4.58562E-1 4.46014E-1 4.55635E-1 4.63807E-1 4.74062E-1 4.41791E-1
