maxent_outputs/red_flowers_linear/red_310.asc
ncols         426
nrows         180
xllcorner     -130.0
yllcorner     24.0
cellsize      0.16666666666666666
NODATA_value  -9999
[rows 81 to 107 of 180, columns 61 to 121 of 426]
6.24988E-2 7.62975E-2 7.43952E-2 7.82059E-2 6.62644E-2 7.62279E-2 7.30489E-2 6.76094E-2 6.42683E-2 6.2375E-2 6.4539E-2 6.62346E-2 7.58354E-2 7.08643E-2 6.42413E-2 5.79299E-2 5.39572E-2 6.66744E-2 6.65596E-2 4.90092E-2 4.65391E-2 5.51057E-2 4.4412E-2 5.23087E-2 4.11684E-2 5.17989E-2 5.06633E-2 3.95076E-2 4.60152E-2 4.36584E-2 4.30483E-2 4.18945E-2 3.78089E-2 5.53342E-2 5.15268E-2 4.66782E-2 5.03157E-2 4.78655E-2 5.08349E-2 5.65544E-2 6.5731E-2 6.84111E-2 5.95979E-2 7.74672E-2 5.79345E-2 6.88078E-2 5.74217E-2 5.65913E-2 6.32826E-2 4.49854E-2 3.68795E-2 4.40816E-2 4.14387E-2 4.40856E-2 4.59587E-2 4.63391E-2 3.44473E-2 3.14584E-2 2.7256E-2 2.21479E-2 2.49025E-2
7.63528E-2 8.91049E-2 8.614E-2 8.18588E-2 7.38913E-2 6.53335E-2 7.54762E-2 7.52545E-2 6.16821E-2 6.84781E-2 6.8868E-2 5.42895E-2 7.61542E-2 7.87411E-2 7.47554E-2 8.02714E-2 6.6308E-2 7.21934E-2 6.59752E-2 5.22343E-2 6.16242E-2 5.01009E-2 4.61765E-2 5.46821E-2 4.64359E-2 5.79625E-2 5.38759E-2 5.58907E-2 4.89828E-2 5.42435E-2 4.14903E-2 5.26188E-2 4.91467E-2 5.33803E-2 5.17349E-2 5.19118E-2 4.6461E-2 4.5975E-2 5.31058E-2 5.79015E-2 5.6731E-2 6.5211E-2 5.92431E-2 6.73621E-2 5.33566E-2 5.91972E-2 4.64963E-2 6.08872E-2 5.11555E-2 5.66175E-2 4.16608E-2 3.725E-2 3.76911E-2 3.88729E-2 3.99357E-2 4.21893E-2 3.27995E-2 2.70198E-2 2.09787E-2 1.8591E-2 1.89344E-2
7.38118E-2 1.07192E-1 9.73831E-2 8.67578E-2 7.52977E-2 6.71877E-2 8.39899E-2 6.45019E-2 6.11457E-2 6.49689E-2 5.92595E-2 7.01042E-2 7.01618E-2 7.22459E-2 7.02902E-2 6.63336E-2 6.81598E-2 6.61767E-2 7.23019E-2 5.60307E-2 5.66949E-2 4.99173E-2 5.76644E-2 4.2918E-2 5.48781E-2 5.90353E-2 6.40289E-2 5.38106E-2 4.32338E-2 4.91288E-2 4.79075E-2 4.97664E-2 5.86363E-2 5.26426E-2 4.82523E-2 5.34524E-2 5.60715E-2 4.59076E-2 5.25453E-2 6.46511E-2 5.4095E-2 5.64275E-2 7.0917E-2 6.96024E-2 5.84123E-2 6.18549E-2 5.59835E-2 5.15662E-2 4.3015E-2 5.08953E-2 4.26028E-2 3.82048E-2 3.52816E-2 4.32451E-2 4.68933E-2 4.5916E-2 3.85174E-2 3.01432E-2 2.55836E-2 2.31604E-2 2.17235E-2
7.08662E-2 8.72968E-2 9.78581E-2 9.82524E-2 8.96346E-2 8.71629E-2 7.44769E-2 6.47119E-2 5.79456E-2 5.48239E-2 7.39773E-2 7.41961E-2 5.91716E-2 6.98322E-2 5.44841E-2 7.10335E-2 6.81737E-2 6.65975E-2 5.62618E-2 4.85733E-2 5.80962E-2 6.005E-2 5.29449E-2 4.47661E-2 5.81851E-2 6.48298E-2 5.76078E-2 5.23863E-2 4.57407E-2 5.72444E-2 5.21371E-2 5.58128E-2 5.90291E-2 4.66888E-2 4.82611E-2 6.1602E-2 4.9967E-2 4.78592E-2 5.85685E-2 6.55913E-2 7.74604E-2 6.2366E-2 8.11661E-2 7.51756E-2 6.6776E-2 6.02751E-2 6.46279E-2 5.63035E-2 5.5321E-2 4.67611E-2 4.41739E-2 3.84862E-2 3.26276E-2 4.15018E-2 4.75348E-2 5.24929E-2 5.54269E-2 4.91724E-2 4.02218E-2 3.1841E-2 3.07487E-2
6.75758E-2 7.66958E-2 8.29279E-2 1.00304E-1 9.70185E-2 8.9628E-2 7.01446E-2 5.9167E-2 5.13306E-2 6.38881E-2 6.80785E-2 6.65304E-2 7.13188E-2 6.2888E-2 6.5071E-2 7.69113E-2 6.91772E-2 6.67821E-2 6.30189E-2 6.4111E-2 5.65516E-2 5.78674E-2 5.53632E-2 4.84735E-2 5.32717E-2 5.98936E-2 4.14333E-2 5.04056E-2 4.89769E-2 5.86476E-2 5.58011E-2 5.81717E-2 5.82523E-2 5.94077E-2 6.31476E-2 7.00006E-2 5.48692E-2 6.61334E-2 8.19143E-2 7.50852E-2 8.00334E-2 7.94298E-2 6.09754E-2 6.35948E-2 6.69751E-2 6.20268E-2 6.5117E-2 5.97813E-2 5.9339E-2 4.65844E-2 4.04529E-2 3.27122E-2 3.2435E-2 4.3959E-2 4.5659E-2 5.15335E-2 5.90309E-2 5.96153E-2 5.21033E-2 4.23222E-2 4.17771E-2
7.40745E-2 9.00338E-2 9.7974E-2 1.00094E-1 9.51332E-2 7.68509E-2 6.16682E-2 5.49788E-2 5.73124E-2 7.31375E-2 6.35955E-2 7.02887E-2 5.47253E-2 5.54974E-2 6.76848E-2 6.78888E-2 6.83075E-2 6.61816E-2 7.18369E-2 5.94107E-2 4.37003E-2 4.62887E-2 5.54697E-2 5.61319E-2 5.32239E-2 5.74704E-2 4.17653E-2 5.11385E-2 4.41526E-2 5.43439E-2 5.42299E-2 5.71205E-2 5.20178E-2 5.96884E-2 6.53167E-2 5.56285E-2 7.18215E-2 8.04627E-2 8.04517E-2 8.37371E-2 9.28761E-2 6.7292E-2 5.81768E-2 5.45856E-2 6.32602E-2 7.50351E-2 5.92495E-2 5.50605E-2 5.6025E-2 4.81749E-2 4.33204E-2 3.59391E-2 4.19292E-2 4.85989E-2 4.57533E-2 4.80509E-2 6.43863E-2 6.48209E-2 6.51272E-2 6.8303E-2 6.01378E-2
6.59447E-2 8.51866E-2 1.0089E-1 9.86851E-2 9.21054E-2 7.34279E-2 5.76625E-2 6.16327E-2 7.93216E-2 6.99855E-2 7.48386E-2 6.82976E-2 6.07938E-2 6.41308E-2 5.91532E-2 5.88087E-2 6.70321E-2 7.32158E-2 7.09089E-2 5.84114E-2 6.21248E-2 5.18323E-2 7.00288E-2 6.29144E-2 5.37467E-2 5.03554E-2 5.0387E-2 4.19322E-2 4.92099E-2 4.91805E-2 4.76525E-2 5.75167E-2 4.6387E-2 6.23802E-2 6.33065E-2 5.19315E-2 8.44843E-2 6.99956E-2 6.99733E-2 9.41228E-2 9.01422E-2 6.96288E-2 4.60294E-2 5.09143E-2 6.0442E-2 7.1903E-2 5.23952E-2 5.28433E-2 5.30508E-2 4.05239E-2 4.47461E-2 4.3603E-2 5.08943E-2 4.63042E-2 4.12338E-2 4.96264E-2 5.52685E-2 7.58413E-2 7.34791E-2 8.17114E-2 6.60225E-2
6.33617E-2 7.88118E-2 8.62312E-2 9.59173E-2 8.64393E-2 8.51621E-2 7.45258E-2 7.33919E-2 7.78107E-2 6.13197E-2 6.65504E-2 6.37944E-2 6.25444E-2 5.63023E-2 6.29238E-2 6.29135E-2 7.73103E-2 7.36196E-2 7.09664E-2 6.20796E-2 6.08185E-2 5.52291E-2 5.33247E-2 4.80328E-2 5.57499E-2 5.56509E-2 4.9364E-2 3.19147E-2 4.36124E-2 4.3009E-2 4.89504E-2 6.1536E-2 5.22634E-2 6.79066E-2 6.97638E-2 5.43765E-2 7.8482E-2 8.23492E-2 8.37258E-2 9.671E-2 7.50157E-2 5.12193E-2 4.75601E-2 4.90288E-2 5.5961E-2 7.00566E-2 5.66129E-2 5.23461E-2 5.70963E-2 4.63804E-2 4.12779E-2 4.60175E-2 5.31612E-2 3.79397E-2 5.01073E-2 5.85232E-2 4.97733E-2 6.52614E-2 6.63038E-2 8.78759E-2 7.14924E-2
6.16298E-2 6.92861E-2 8.22643E-2 8.73506E-2 7.10166E-2 8.58354E-2 9.14198E-2 8.45077E-2 8.78011E-2 7.89465E-2 7.41857E-2 7.35687E-2 5.70697E-2 5.94379E-2 6.43295E-2 7.52424E-2 6.96444E-2 8.41224E-2 6.26273E-2 5.53281E-2 5.62426E-2 5.67094E-2 5.00914E-2 5.43077E-2 5.29886E-2 5.36547E-2 5.08232E-2 4.56751E-2 4.52584E-2 5.82369E-2 4.11505E-2 5.86343E-2 6.5385E-2 7.46698E-2 6.47379E-2 6.36611E-2 7.93788E-2 8.12248E-2 8.70898E-2 8.38168E-2 7.64838E-2 6.73406E-2 5.23146E-2 5.44066E-2 4.80931E-2 5.71996E-2 5.4736E-2 5.13475E-2 4.86081E-2 4.93003E-2 3.95924E-2 5.20617E-2 4.56779E-2 4.24016E-2 5.48073E-2 6.03406E-2 5.63173E-2 5.80552E-2 5.74279E-2 7.74589E-2 8.3774E-2
5.57368E-2 6.94202E-2 7.33919E-2 8.73279E-2 8.37732E-2 9.20364E-2 8.72869E-2 8.89926E-2 9.05049E-2 7.77137E-2 8.17318E-2 7.69528E-2 6.5202E-2 6.37641E-2 6.19898E-2 6.20727E-2 6.74743E-2 7.35509E-2 5.58757E-2 5.61498E-2 5.12137E-2 6.0281E-2 5.23396E-2 5.52894E-2 5.45415E-2 5.5998E-2 6.46059E-2 5.57859E-2 5.56279E-2 6.3438E-2 4.8653E-2 6.19496E-2 5.29926E-2 6.74024E-2 6.57749E-2 7.32763E-2 7.18265E-2 7.58443E-2 7.83805E-2 7.40848E-2 7.6036E-2 8.25046E-2 5.72791E-2 5.32796E-2 5.17884E-2 5.93935E-2 5.41811E-2 4.96634E-2 5.19917E-2 4.30414E-2 4.78078E-2 5.38765E-2 5.28813E-2 5.44765E-2 5.53959E-2 6.03003E-2 5.4773E-2 4.50101E-2 4.82675E-2 5.39803E-2 5.53146E-2
4.97233E-2 5.52962E-2 7.78224E-2 8.08533E-2 8.46725E-2 8.80656E-2 1.02694E-1 1.0294E-1 8.24155E-2 8.19975E-2 8.26793E-2 8.17688E-2 7.03924E-2 7.0262E-2 6.00231E-2 7.2374E-2 7.6567E-2 6.14245E-2 5.23597E-2 6.05029E-2 4.83451E-2 5.66436E-2 5.54988E-2 5.0107E-2 6.23741E-2 5.11522E-2 5.99583E-2 6.20053E-2 6.15304E-2 6.32395E-2 5.75176E-2 6.1715E-2 5.69917E-2 7.15465E-2 6.60096E-2 6.79783E-2 7.26624E-2 7.62044E-2 7.11152E-2 6.09452E-2 6.60285E-2 6.05325E-2 6.43674E-2 6.09394E-2 5.43703E-2 5.1254E-2 5.27455E-2 4.36212E-2 3.93869E-2 3.64951E-2 5.34925E-2 6.87729E-2 6.65689E-2 6.5411E-2 6.37828E-2 6.85678E-2 4.66249E-2 4.86451E-2 5.32824E-2 5.58477E-2 5.93853E-2
3.61992E-2 4.46801E-2 5.91564E-2 5.76155E-2 5.97185E-2 7.76937E-2 7.91548E-2 1.1716E-1 1.07473E-1 1.01707E-1 8.85909E-2 7.3799E-2 6.99521E-2 8.62205E-2 8.74769E-2 7.94419E-2 7.0583E-2 6.00095E-2 5.12168E-2 5.98387E-2 5.75362E-2 6.17684E-2 5.57372E-2 6.35112E-2 5.0088E-2 3.90392E-2 5.96126E-2 6.45745E-2 6.62353E-2 7.67811E-2 6.74811E-2 5.88813E-2 7.24844E-2 6.9306E-2 6.88542E-2 7.07221E-2 6.08481E-2 7.29944E-2 6.53856E-2 7.37821E-2 5.87018E-2 5.56643E-2 6.62427E-2 5.88031E-2 4.85277E-2 5.64429E-2 5.70085E-2 4.04415E-2 4.04181E-2 4.26491E-2 5.75406E-2 7.45839E-2 7.72362E-2 7.8787E-2 7.03274E-2 5.39793E-2 5.17853E-2 5.13216E-2 6.20336E-2 6.96247E-2 7.48642E-2
3.5565E-2 3.34023E-2 3.70787E-2 4.00636E-2 6.26874E-2 6.56702E-2 5.95428E-2 9.21217E-2 8.9955E-2 9.57253E-2 1.13266E-1 8.12964E-2 8.87735E-2 9.42494E-2 8.99004E-2 8.43494E-2 7.12868E-2 6.82073E-2 6.0538E-2 5.89339E-2 6.14292E-2 5.28138E-2 6.3028E-2 6.33983E-2 3.94207E-2 5.11525E-2 6.79221E-2 6.40696E-2 6.35734E-2 7.30537E-2 7.79748E-2 6.03664E-2 7.56797E-2 7.12539E-2 6.64359E-2 6.7958E-2 6.47904E-2 7.38357E-2 6.70917E-2 7.52125E-2 6.05714E-2 5.80714E-2 5.50849E-2 5.03E-2 4.8028E-2 5.25955E-2 5.27854E-2 3.8891E-2 3.80951E-2 4.83207E-2 6.23456E-2 8.1285E-2 8.38213E-2 7.7215E-2 6.36558E-2 6.05277E-2 6.49293E-2 6.43693E-2 7.35869E-2 8.36146E-2 8.68082E-2
2.96504E-2 2.63779E-2 3.25502E-2 3.8075E-2 3.61777E-2 4.1662E-2 4.61654E-2 6.77631E-2 8.82783E-2 1.08386E-1 1.18694E-1 1.13744E-1 8.68716E-2 1.00093E-1 9.43815E-2 1.02257E-1 8.60589E-2 7.60262E-2 6.94213E-2 6.41554E-2 6.96797E-2 5.18589E-2 6.92072E-2 5.80779E-2 5.61497E-2 6.7067E-2 7.16983E-2 7.31553E-2 8.05828E-2 9.02411E-2 9.18186E-2 7.72734E-2 7.83052E-2 6.41963E-2 6.29893E-2 6.4049E-2 5.77231E-2 6.37945E-2 6.5253E-2 6.29146E-2 5.49255E-2 6.75311E-2 5.52535E-2 5.16053E-2 4.71362E-2 5.24795E-2 5.17714E-2 3.87123E-2 3.13658E-2 4.15823E-2 5.03358E-2 8.1204E-2 8.61469E-2 7.91344E-2 7.18324E-2 6.55102E-2 8.14371E-2 8.12463E-2 8.12784E-2 8.86326E-2 8.49905E-2
3.86375E-2 3.14171E-2 2.81225E-2 3.21467E-2 5.15476E-2 5.9066E-2 4.99958E-2 6.7495E-2 8.18934E-2 8.78618E-2 1.18459E-1 1.07995E-1 1.17476E-1 9.87071E-2 8.58558E-2 9.18503E-2 8.86465E-2 8.53059E-2 8.06216E-2 7.00691E-2 6.76329E-2 6.75155E-2 6.45861E-2 6.9065E-2 6.88929E-2 7.48943E-2 6.97523E-2 7.62074E-2 8.83019E-2 9.28268E-2 9.50677E-2 8.48601E-2 7.50692E-2 7.00668E-2 6.28114E-2 5.3116E-2 6.22371E-2 6.35741E-2 6.12561E-2 5.3568E-2 6.40181E-2 5.92671E-2 5.80705E-2 5.01561E-2 4.1663E-2 4.73932E-2 4.19853E-2 4.08263E-2 2.7248E-2 3.67092E-2 4.44852E-2 7.19895E-2 8.74864E-2 8.09097E-2 8.39356E-2 8.20314E-2 9.44977E-2 9.40468E-2 8.72701E-2 8.05128E-2 8.36254E-2
7.05625E-2 5.23322E-2 3.49741E-2 2.82191E-2 5.31249E-2 5.46946E-2 5.92124E-2 6.35232E-2 7.84953E-2 7.67884E-2 1.0605E-1 1.09732E-1 9.78246E-2 1.0595E-1 1.07259E-1 9.63893E-2 7.99751E-2 7.52262E-2 7.08491E-2 7.7964E-2 6.75271E-2 6.50074E-2 6.80162E-2 7.64974E-2 7.50922E-2 7.49515E-2 7.61378E-2 7.29928E-2 1.04023E-1 1.01672E-1 8.5748E-2 9.12357E-2 7.76215E-2 7.46583E-2 6.47821E-2 5.74517E-2 5.39565E-2 4.84334E-2 4.93979E-2 5.50854E-2 6.32457E-2 5.69096E-2 5.14927E-2 4.57124E-2 3.74554E-2 4.40093E-2 3.97824E-2 3.97148E-2 4.48315E-2 5.96741E-2 7.21011E-2 9.07049E-2 9.13106E-2 9.94106E-2 8.86036E-2 9.86988E-2 1.12935E-1 1.03188E-1 8.91324E-2 7.86997E-2 7.07847E-2
7.74506E-2 4.95107E-2 3.48054E-2 2.61004E-2 4.18157E-2 4.85501E-2 4.84628E-2 7.07322E-2 1.00638E-1 6.04851E-2 8.84168E-2 1.00648E-1 1.05251E-1 1.08466E-1 1.03605E-1 9.64094E-2 1.01967E-1 9.77511E-2 8.43976E-2 7.22506E-2 7.65833E-2 7.09499E-2 6.80114E-2 7.39032E-2 5.87383E-2 7.52913E-2 7.73531E-2 8.83522E-2 1.00388E-1 1.06121E-1 8.39824E-2 9.59492E-2 7.44872E-2 7.51943E-2 5.81092E-2 5.43607E-2 4.45282E-2 4.4281E-2 6.3451E-2 6.46567E-2 6.29104E-2 5.57817E-2 4.47991E-2 3.91999E-2 3.70693E-2 3.62655E-2 3.65422E-2 5.0409E-2 5.62653E-2 6.95939E-2 8.66096E-2 1.00597E-1 1.085E-1 1.16262E-1 1.20474E-1 1.24412E-1 1.40518E-1 1.11232E-1 9.61973E-2 7.3102E-2 6.76083E-2
1.07199E-1 6.31227E-2 4.04818E-2 5.14731E-2 5.05481E-2 3.97145E-2 4.33268E-2 8.03988E-2 1.31171E-1 5.15312E-2 6.72697E-2 9.65125E-2 1.02498E-1 9.50474E-2 1.00309E-1 1.06808E-1 1.07617E-1 9.62713E-2 9.3822E-2 8.09568E-2 7.74934E-2 7.11327E-2 7.24895E-2 6.91751E-2 7.14599E-2 8.84541E-2 9.53692E-2 1.10334E-1 1.06591E-1 9.48901E-2 9.73071E-2 9.64391E-2 8.48624E-2 7.06103E-2 6.55509E-2 6.00259E-2 5.75421E-2 6.12561E-2 6.18023E-2 6.85784E-2 4.90909E-2 4.21309E-2 3.6504E-2 3.51665E-2 3.54736E-2 3.87374E-2 5.62619E-2 6.3613E-2 6.61071E-2 7.4882E-2 9.02405E-2 1.08646E-1 1.29984E-1 1.39237E-1 1.42495E-1 1.47201E-1 1.2845E-1 1.19937E-1 9.85612E-2 8.30356E-2 8.49034E-2
1.20711E-1 8.95637E-2 6.52891E-2 8.10228E-2 5.73478E-2 3.61776E-2 2.90988E-2 9.68029E-2 1.38495E-1 8.34059E-2 6.94076E-2 1.09029E-1 9.75022E-2 8.78274E-2 1.13135E-1 1.13218E-1 1.26704E-1 1.01594E-1 8.69224E-2 7.84167E-2 7.94008E-2 7.06118E-2 8.19418E-2 7.87914E-2 8.95071E-2 9.31323E-2 9.70371E-2 1.14061E-1 1.3448E-1 1.11688E-1 1.05771E-1 1.23284E-1 1.0673E-1 7.96775E-2 1.01898E-1 9.91049E-2 9.39024E-2 7.46461E-2 5.9411E-2 9.65895E-2 5.80409E-2 5.40543E-2 5.19407E-2 4.51518E-2 4.6579E-2 5.07037E-2 6.25899E-2 7.17263E-2 7.8815E-2 9.04609E-2 1.01941E-1 1.07656E-1 1.31395E-1 1.54097E-1 1.62703E-1 1.31377E-1 1.20694E-1 1.25893E-1 1.04106E-1 8.64691E-2 8.60911E-2
1.30225E-1 1.25534E-1 9.89285E-2 7.49808E-2 4.73424E-2 3.89079E-2 2.38958E-2 4.25809E-2 7.22473E-2 1.29947E-1 9.36862E-2 1.41264E-1 1.63182E-1 1.74494E-1 1.39903E-1 1.2083E-1 1.32259E-1 1.29631E-1 1.08712E-1 8.89601E-2 7.3372E-2 6.43148E-2 8.31967E-2 7.96119E-2 7.96545E-2 9.58838E-2 1.10306E-1 1.24529E-1 1.55629E-1 1.39814E-1 1.54899E-1 1.77645E-1 1.89802E-1 1.52777E-1 1.68808E-1 1.6312E-1 1.45935E-1 1.24912E-1 1.41549E-1 1.76542E-1 1.4072E-1 9.32008E-2 7.51881E-2 7.38676E-2 6.3489E-2 5.90587E-2 7.4444E-2 1.02364E-1 1.08678E-1 1.17511E-1 1.30692E-1 1.43328E-1 1.14161E-1 1.64667E-1 1.68182E-1 1.59009E-1 1.52269E-1 1.29133E-1 1.15392E-1 1.01716E-1 9.16964E-2
1.46786E-1 1.57455E-1 1.32147E-1 9.17734E-2 5.56296E-2 4.18834E-2 2.80186E-2 3.32099E-2 3.34361E-2 1.58477E-1 6.85704E-2 1.08485E-1 1.83077E-1 1.77989E-1 2.51715E-1 1.65194E-1 1.23767E-1 1.19518E-1 1.31879E-1 1.22225E-1 1.04089E-1 9.94346E-2 1.03328E-1 9.97308E-2 9.28644E-2 1.08874E-1 1.33448E-1 1.43321E-1 1.70487E-1 2.14625E-1 2.21376E-1 2.51733E-1 2.02229E-1 2.33642E-1 2.40953E-1 2.24616E-1 1.89082E-1 1.96494E-1 1.88674E-1 1.69187E-1 1.47698E-1 1.10913E-1 8.32024E-2 9.61988E-2 9.04997E-2 7.79735E-2 7.87508E-2 1.14561E-1 1.21424E-1 1.52475E-1 1.72509E-1 2.1616E-1 1.80073E-1 1.55703E-1 1.35944E-1 1.39981E-1 1.43795E-1 1.1331E-1 1.08698E-1 9.8487E-2 8.87345E-2
1.44866E-1 1.60373E-1 1.72936E-1 1.6771E-1 1.32223E-1 7.79676E-2 5.57136E-2 3.87191E-2 3.29663E-2 1.54923E-1 1.08662E-1 1.84956E-1 2.40679E-1 1.35443E-1 1.93328E-1 2.9127E-1 1.42508E-1 1.58439E-1 1.7653E-1 1.56689E-1 1.52655E-1 1.31424E-1 1.24384E-1 1.32315E-1 1.28441E-1 1.55153E-1 1.56222E-1 1.43039E-1 1.57764E-1 2.43914E-1 2.65298E-1 2.84551E-1 2.14056E-1 3.02924E-1 2.84568E-1 2.78377E-1 1.89324E-1 1.806E-1 1.86713E-1 1.47472E-1 1.25176E-1 1.14892E-1 1.1417E-1 1.13223E-1 9.874E-2 8.26788E-2 6.99707E-2 7.56069E-2 9.19693E-2 1.63429E-1 1.53466E-1 1.61398E-1 1.61653E-1 1.38035E-1 1.07125E-1 1.15988E-1 1.31342E-1 1.20509E-1 1.20465E-1 9.62041E-2 8.56747E-2
1.77699E-1 1.5511E-1 1.74881E-1 1.76565E-1 1.45511E-1 6.85557E-2 5.15989E-2 4.75208E-2 3.1771E-2 1.18635E-1 1.79048E-1 1.62126E-1 3.66811E-1 2.15163E-1 1.6431E-1 4.72382E-1 4.1294E-1 2.60709E-1 2.2717E-1 2.23027E-1 2.07442E-1 1.82244E-1 1.59094E-1 1.37741E-1 1.44302E-1 1.70665E-1 1.81265E-1 1.28984E-1 1.34535E-1 2.74216E-1 3.33719E-1 3.3853E-1 3.42879E-1 3.6008E-1 3.16415E-1 2.39366E-1 1.38174E-1 1.19158E-1 1.50385E-1 1.45009E-1 1.12103E-1 1.10903E-1 1.09493E-1 1.11526E-1 8.69232E-2 5.70255E-2 6.42475E-2 8.16106E-2 1.23479E-1 1.38176E-1 1.03319E-1 1.14471E-1 1.1441E-1 1.18596E-1 1.17974E-1 9.01193E-2 1.09887E-1 1.16498E-1 1.09581E-1 9.39854E-2 8.39059E-2
1.3906E-1 1.48358E-1 1.64686E-1 1.81227E-1 1.88481E-1 1.40543E-1 5.94605E-2 3.05441E-2 2.65476E-2 4.55373E-2 1.61965E-1 1.5181E-1 1.94724E-1 2.07019E-1 2.12036E-1 4.18442E-1 4.36698E-1 5.76449E-1 3.15168E-1 2.42183E-1 2.40368E-1 2.12675E-1 1.9422E-1 1.48581E-1 1.69471E-1 1.88372E-1 1.93588E-1 1.15099E-1 1.32793E-1 2.91032E-1 3.48359E-1 3.83371E-1 3.87493E-1 3.85034E-1 2.36966E-1 2.57703E-1 2.02623E-1 1.16204E-1 1.27229E-1 1.28588E-1 1.21142E-1 1.09437E-1 1.20975E-1 1.22851E-1 5.89859E-2 3.93745E-2 4.7059E-2 1.15485E-1 1.25026E-1 8.59633E-2 7.69128E-2 8.51698E-2 9.04103E-2 9.72722E-2 9.14203E-2 8.65685E-2 9.44627E-2 9.74057E-2 1.0358E-1 1.04188E-1 9.03934E-2
1.40794E-1 1.49204E-1 1.52445E-1 1.59763E-1 1.81087E-1 2.08108E-1 9.20265E-2 3.31996E-2 3.61936E-2 3.16052E-2 8.82614E-2 2.17969E-1 1.6621E-1 2.19805E-1 3.822E-1 2.18182E-1 2.51097E-1 6.00801E-1 4.6671E-1 2.42676E-1 2.48122E-1 2.41381E-1 2.43569E-1 1.30062E-1 9.53113E-2 1.18955E-1 2.13589E-1 2.44469E-1 2.43979E-1 3.39048E-1 3.51378E-1 3.84734E-1 4.20235E-1 3.89678E-1 3.49618E-1 3.82979E-1 1.95159E-1 1.01128E-1 1.1353E-1 1.05899E-1 1.15263E-1 1.12731E-1 1.22503E-1 1.77548E-1 9.22166E-2 3.81982E-2 3.53562E-2 1.0231E-1 8.29308E-2 8.28635E-2 8.7283E-2 8.49352E-2 8.6094E-2 9.49578E-2 9.49872E-2 9.47222E-2 8.25952E-2 7.29816E-2 7.44331E-2 8.55951E-2 9.50407E-2
1.49345E-1 1.49011E-1 1.51182E-1 1.58475E-1 1.68428E-1 1.96511E-1 1.18021E-1 4.77205E-2 4.91558E-2 3.68621E-2 7.35873E-2 1.84769E-1 1.34118E-1 1.98027E-1 3.37758E-1 3.30118E-1 1.63516E-1 5.59006E-1 5.01585E-1 2.82094E-1 3.0256E-1 2.8119E-1 2.38415E-1 2.09425E-1 1.07047E-1 8.82563E-2 2.1356E-1 3.69656E-1 4.07805E-1 3.86809E-1 3.9044E-1 4.33455E-1 4.82002E-1 3.71829E-1 3.80155E-1 4.0845E-1 1.78723E-1 8.44981E-2 1.38883E-1 1.82955E-1 1.84215E-1 2.01448E-1 1.77552E-1 1.40794E-1 1.61885E-1 9.90792E-2 4.50455E-2 9.79513E-2 9.82378E-2 1.03211E-1 1.0366E-1 9.47399E-2 9.31643E-2 1.01748E-1 9.91867E-2 9.04352E-2 7.60866E-2 7.65315E-2 7.32009E-2 7.2035E-2 8.79765E-2
1.56677E-1 1.53627E-1 1.43939E-1 1.44194E-1 1.59531E-1 2.17584E-1 1.6461E-1 6.58494E-2 6.65998E-2 4.46156E-2 7.34014E-2 2.17824E-1 2.0965E-1 1.57375E-1 2.6574E-1 4.18346E-1 1.70028E-1 4.84842E-1 6.16968E-1 2.74683E-1 3.13312E-1 3.23664E-1 2.60659E-1 2.30663E-1 2.34873E-1 1.83164E-1 2.59439E-1 3.94407E-1 4.55214E-1 4.62019E-1 5.15821E-1 4.94297E-1 4.81467E-1 4.68573E-1 4.27971E-1 3.07109E-1 1.85093E-1 1.10294E-1 1.43244E-1 2.51369E-1 1.27027E-1 9.98112E-2 8.99672E-2 1.02172E-1 6.78287E-2 1.13471E-1 1.25732E-1 1.41759E-1 1.17279E-1 1.24377E-1 1.34999E-1 1.1201E-1 1.03729E-1 1.03203E-1 9.48856E-2 8.4418E-2 7.86504E-2 7.24538E-2 7.1758E-2 8.00299E-2 8.77974E-2
