maxent_outputs/red_flowers_linear/red_25.asc
ncols         426
nrows         180
xllcorner     -130.0
yllcorner     24.0
cellsize      0.16666666666666666
NODATA_value  -9999
[rows 0 to 26 of 180, columns 0 to 60 of 426]
3.26176E-2 2.94507E-2 2.64662E-2 1.68393E-2 1.8192E-2 2.56478E-2 3.96198E-2 6.15422E-2 4.44644E-2 3.07183E-2 1.9735E-2 9.91372E-3 1.2671E-2 1.36687E-2 1.70768E-2 2.20794E-2 2.15837E-2 2.29883E-2 2.75781E-2 3.07511E-2 3.66829E-2 4.48633E-2 4.53165E-2 4.12123E-2 3.42567E-2 3.31478E-2 3.59207E-2 3.46889E-2 3.23435E-2 3.21822E-2 2.7076E-2 2.69236E-2 2.51302E-2 2.25468E-2 2.09936E-2 2.23212E-2 1.98068E-2 2.0471E-2 2.37222E-2 2.34737E-2 2.6353E-2 2.40085E-2 2.44356E-2 2.55742E-2 2.35611E-2 2.37444E-2 2.21282E-2 2.23878E-2 2.18712E-2 2.10457E-2 2.05333E-2 1.70488E-2 1.24275E-2 1.15421E-2 1.21861E-2 1.16304E-2 1.05454E-2 7.13908E-3 8.79117E-3 8.93445E-3 9.92624E-3
4.49529E-2 3.32373E-2 2.0981E-2 2.46661E-2 2.13198E-2 3.28441E-2 4.77344E-2 4.35716E-2 2.54918E-2 2.83121E-2 2.31503E-2 1.45961E-2 1.24899E-2 1.24961E-2 1.92474E-2 1.45348E-2 1.44608E-2 2.26103E-2 2.8265E-2 3.53514E-2 3.98735E-2 3.26574E-2 4.67557E-2 4.89477E-2 4.33522E-2 3.14416E-2 3.05269E-2 3.00291E-2 2.97379E-2 2.67745E-2 2.2355E-2 2.33404E-2 2.81171E-2 2.44357E-2 2.14565E-2 1.96003E-2 2.11705E-2 2.21101E-2 2.38181E-2 2.46554E-2 2.58083E-2 2.65406E-2 2.51923E-2 2.62611E-2 2.32932E-2 2.30467E-2 2.06381E-2 1.88543E-2 1.8298E-2 1.81818E-2 1.44547E-2 1.41531E-2 1.61286E-2 1.82134E-2 1.80684E-2 1.39251E-2 1.04981E-2 1.09199E-2 1.08687E-2 1.00235E-2 9.90806E-3
5.48365E-2 3.54091E-2 3.24653E-2 2.28452E-2 2.7453E-2 2.42863E-2 2.96865E-2 3.14927E-2 1.92991E-2 2.14886E-2 1.9412E-2 2.20453E-2 3.20164E-2 1.44707E-2 1.40198E-2 1.13441E-2 1.71731E-2 1.72487E-2 2.84602E-2 3.79476E-2 2.87933E-2 2.6303E-2 3.58178E-2 3.62125E-2 3.16635E-2 3.27932E-2 2.93857E-2 3.09727E-2 3.11072E-2 2.62338E-2 2.62943E-2 2.72091E-2 2.28239E-2 2.01622E-2 2.15907E-2 1.91408E-2 1.84579E-2 2.00631E-2 2.30541E-2 2.38297E-2 2.51289E-2 2.7174E-2 2.48591E-2 2.68999E-2 2.5483E-2 1.98642E-2 1.69496E-2 1.78203E-2 1.52371E-2 1.50363E-2 1.42286E-2 1.16137E-2 1.00043E-2 1.01417E-2 1.20085E-2 1.78275E-2 2.10197E-2 1.03914E-2 9.40073E-3 9.32135E-3 9.85585E-3
5.8797E-2 3.89422E-2 2.86611E-2 2.6322E-2 2.20768E-2 2.36933E-2 2.65315E-2 2.1881E-2 2.44793E-2 2.34066E-2 2.31271E-2 3.05525E-2 1.83774E-2 1.53773E-2 1.20975E-2 1.29764E-2 1.82638E-2 2.46597E-2 3.62078E-2 3.17413E-2 2.44798E-2 1.8224E-2 2.35069E-2 2.85277E-2 3.32466E-2 3.13989E-2 3.38659E-2 3.82081E-2 3.8695E-2 3.44965E-2 3.11952E-2 2.62629E-2 2.4496E-2 2.07221E-2 2.32852E-2 2.44062E-2 2.33139E-2 2.40102E-2 2.41783E-2 2.44245E-2 2.31662E-2 2.5745E-2 2.76921E-2 2.93439E-2 2.49375E-2 2.20683E-2 1.6434E-2 1.55352E-2 1.45963E-2 1.36898E-2 1.3399E-2 1.26299E-2 1.02787E-2 8.53677E-3 8.26046E-3 9.89853E-3 1.35871E-2 1.94666E-2 1.53364E-2 9.38217E-3 9.63067E-3
4.71989E-2 4.48666E-2 3.41691E-2 2.98775E-2 2.21508E-2 2.60356E-2 2.23649E-2 2.00968E-2 1.77355E-2 1.62449E-2 1.47556E-2 1.87963E-2 2.67367E-2 2.61073E-2 1.69161E-2 1.81338E-2 1.66382E-2 1.5529E-2 1.98641E-2 2.42136E-2 3.66441E-2 3.83106E-2 3.36793E-2 3.47518E-2 3.6533E-2 3.50026E-2 3.35151E-2 3.29707E-2 2.74882E-2 2.69339E-2 2.75656E-2 2.57644E-2 2.45736E-2 2.07683E-2 2.18762E-2 2.59904E-2 2.9352E-2 2.59045E-2 2.47641E-2 2.71338E-2 2.48118E-2 2.60991E-2 3.11385E-2 3.23817E-2 2.66197E-2 2.42929E-2 1.83092E-2 1.88538E-2 1.49265E-2 1.38804E-2 1.40945E-2 1.42462E-2 1.40858E-2 1.01621E-2 9.33627E-3 8.29963E-3 7.37769E-3 7.9983E-3 1.17884E-2 1.75418E-2 1.58996E-2
7.16454E-2 5.00962E-2 4.08253E-2 3.0255E-2 2.60054E-2 2.20914E-2 1.73538E-2 1.50861E-2 2.08837E-2 1.89274E-2 1.38818E-2 1.35279E-2 1.90653E-2 2.35272E-2 2.28454E-2 1.64636E-2 1.48408E-2 2.07134E-2 1.11534E-2 1.59271E-2 1.88416E-2 2.57238E-2 3.38492E-2 3.21983E-2 3.38639E-2 3.51096E-2 3.25721E-2 3.10087E-2 2.7758E-2 2.47978E-2 2.69548E-2 2.85845E-2 2.73921E-2 2.82679E-2 2.31839E-2 2.28031E-2 2.8977E-2 2.55193E-2 2.79929E-2 2.56549E-2 2.42413E-2 2.68606E-2 2.59332E-2 3.10927E-2 3.27045E-2 2.86342E-2 2.44136E-2 2.02364E-2 1.53197E-2 1.39868E-2 1.32064E-2 1.33017E-2 1.35245E-2 1.25178E-2 9.36339E-3 9.31932E-3 7.22979E-3 6.59871E-3 8.49889E-3 9.10822E-3 1.50825E-2
-9999 6.59599E-2 4.81046E-2 4.12364E-2 3.40927E-2 2.53734E-2 1.87217E-2 1.62881E-2 1.73685E-2 1.98469E-2 1.52707E-2 1.91964E-2 1.50041E-2 1.58855E-2 1.3041E-2 1.24066E-2 1.09673E-2 3.01671E-2 1.17171E-2 2.57635E-2 1.49836E-2 2.72381E-2 3.54427E-2 3.58901E-2 3.44799E-2 3.41216E-2 3.02526E-2 2.85313E-2 2.69348E-2 2.61918E-2 2.69492E-2 2.70727E-2 2.6905E-2 2.80027E-2 2.86742E-2 2.65029E-2 2.72007E-2 2.82807E-2 2.85777E-2 2.6079E-2 2.60732E-2 2.8166E-2 2.65829E-2 2.89254E-2 3.43686E-2 3.46547E-2 3.00405E-2 2.30375E-2 1.81516E-2 1.41579E-2 1.23997E-2 1.14564E-2 1.34579E-2 1.2953E-2 1.07715E-2 9.53368E-3 8.8519E-3 7.82698E-3 6.65058E-3 6.22172E-3 1.04488E-2
-9999 -9999 -9999 6.73165E-2 3.6615E-2 3.12599E-2 2.16668E-2 1.88838E-2 1.83608E-2 2.29839E-2 2.16611E-2 2.15682E-2 1.792E-2 1.26531E-2 1.09114E-2 1.22955E-2 1.23393E-2 2.13233E-2 3.93274E-2 1.99867E-2 2.00903E-2 2.78656E-2 3.91438E-2 3.02702E-2 2.36362E-2 2.16325E-2 3.04662E-2 2.49149E-2 1.8693E-2 2.35691E-2 2.07536E-2 1.98162E-2 2.04917E-2 2.32845E-2 2.77436E-2 2.58243E-2 2.76303E-2 2.89718E-2 2.91213E-2 2.68239E-2 2.4926E-2 2.68322E-2 2.56643E-2 2.8197E-2 3.65051E-2 3.61869E-2 2.87065E-2 2.59501E-2 1.91812E-2 1.75341E-2 1.37898E-2 1.41342E-2 1.28539E-2 1.17285E-2 1.19538E-2 1.29578E-2 9.19022E-3 9.86925E-3 7.01494E-3 6.83428E-3 7.90891E-3
-9999 -9999 -9999 1.08182E-1 5.0777E-2 3.80206E-2 3.22452E-2 2.87247E-2 2.19365E-2 2.2791E-2 2.39562E-2 2.26902E-2 2.14127E-2 1.54147E-2 1.71622E-2 1.59532E-2 2.86103E-2 3.09153E-2 1.7968E-2 1.48874E-2 1.59857E-2 1.55967E-2 1.98847E-2 1.56561E-2 1.6464E-2 1.82253E-2 2.41333E-2 2.44005E-2 2.3693E-2 2.2725E-2 2.2151E-2 2.23544E-2 2.64263E-2 2.35013E-2 2.44425E-2 2.27082E-2 2.55255E-2 2.62353E-2 2.14982E-2 2.25727E-2 2.234E-2 2.53232E-2 2.30587E-2 2.69076E-2 3.72228E-2 3.8272E-2 2.9231E-2 2.98589E-2 2.93043E-2 2.39564E-2 2.36801E-2 1.91131E-2 1.70808E-2 1.88332E-2 1.82732E-2 1.25705E-2 1.33967E-2 1.46023E-2 1.219E-2 8.05222E-3 6.76931E-3
-9999 -9999 -9999 -9999 -9999 7.50607E-2 5.35982E-2 4.42353E-2 3.04436E-2 3.28426E-2 3.11498E-2 2.77107E-2 2.58841E-2 2.12363E-2 2.04853E-2 2.85656E-2 4.23776E-2 2.47067E-2 2.62659E-2 4.37066E-2 4.13334E-2 3.02905E-2 2.31137E-2 2.56166E-2 3.01532E-2 3.31771E-2 3.18388E-2 2.68887E-2 2.3356E-2 2.34883E-2 2.42885E-2 2.48549E-2 2.58509E-2 2.14404E-2 2.16557E-2 1.72016E-2 1.86389E-2 2.11736E-2 2.0104E-2 2.20504E-2 2.29167E-2 2.49114E-2 2.48196E-2 2.45631E-2 2.92796E-2 3.72166E-2 3.76224E-2 3.13879E-2 3.10972E-2 3.19033E-2 2.8852E-2 2.85651E-2 2.44909E-2 1.99112E-2 1.9257E-2 1.37832E-2 8.52973E-3 1.02709E-2 1.39185E-2 1.15437E-2 1.21263E-2
-9999 -9999 -9999 -9999 -9999 -9999 -9999 6.10216E-2 5.31125E-2 5.82276E-2 4.59134E-2 3.97998E-2 3.17959E-2 2.99355E-2 2.72843E-2 2.97601E-2 3.06507E-2 2.51746E-2 4.57787E-2 1.60487E-2 1.48571E-2 1.63323E-2 9.43085E-3 1.74853E-2 1.6225E-2 2.98813E-2 1.90926E-2 2.51228E-2 2.94659E-2 2.46963E-2 2.79651E-2 2.94433E-2 3.0877E-2 2.40885E-2 1.94457E-2 1.88861E-2 1.7293E-2 1.75716E-2 2.22203E-2 1.87695E-2 2.01749E-2 2.5974E-2 2.21265E-2 2.26179E-2 2.53965E-2 3.24511E-2 4.38518E-2 3.81303E-2 3.09172E-2 2.99193E-2 2.70644E-2 2.61752E-2 1.95047E-2 1.73197E-2 1.78866E-2 1.46893E-2 1.00045E-2 1.00815E-2 1.91896E-2 1.10331E-2 1.04681E-2
-9999 -9999 -9999 -9999 -9999 -9999 -9999 -9999 1.05108E-1 8.05754E-2 6.83077E-2 4.99657E-2 4.1004E-2 3.26586E-2 3.58989E-2 2.92871E-2 2.59652E-2 1.83089E-2 1.37287E-2 3.87613E-2 4.74973E-2 1.45142E-2 6.98736E-3 9.76654E-3 1.70893E-2 1.7385E-2 1.73342E-2 2.2497E-2 2.82133E-2 3.07535E-2 3.07988E-2 3.27153E-2 3.31123E-2 2.61803E-2 2.1043E-2 2.52701E-2 1.90378E-2 1.81499E-2 2.10624E-2 2.07965E-2 2.49942E-2 2.8418E-2 2.55477E-2 2.37777E-2 3.34623E-2 3.18023E-2 4.6845E-2 4.16345E-2 3.78254E-2 3.19867E-2 2.37855E-2 2.44129E-2 2.11404E-2 1.51208E-2 1.11927E-2 1.43877E-2 1.24221E-2 1.01284E-2 1.46714E-2 1.82376E-2 1.24932E-2
-9999 -9999 -9999 -9999 -9999 -9999 -9999 -9999 -9999 1.25482E-1 9.84318E-2 5.88762E-2 5.78445E-2 4.11166E-2 2.95999E-2 2.53832E-2 3.0495E-2 1.83922E-2 1.24325E-2 3.28882E-2 2.80681E-2 1.57814E-2 1.45228E-2 7.53238E-3 7.95395E-3 1.7153E-2 1.47074E-2 1.54751E-2 2.34174E-2 2.90161E-2 3.35065E-2 3.52099E-2 3.04613E-2 3.33367E-2 3.27742E-2 2.64153E-2 2.02296E-2 2.16327E-2 1.9218E-2 2.06635E-2 2.63446E-2 2.89859E-2 3.18354E-2 2.91138E-2 3.42098E-2 3.25203E-2 3.9997E-2 3.29264E-2 3.76863E-2 3.72431E-2 3.23865E-2 2.82611E-2 2.31726E-2 3.01967E-2 2.72632E-2 2.63947E-2 2.40022E-2 2.11156E-2 2.02537E-2 2.54251E-2 1.19797E-2
-9999 -9999 -9999 -9999 -9999 -9999 -9999 -9999 -9999 -9999 1.24614E-1 9.34801E-2 7.39658E-2 4.86381E-2 3.849E-2 4.73403E-2 4.23067E-2 3.78322E-2 2.5933E-2 2.93355E-2 5.46851E-2 2.13717E-2 1.3772E-2 1.22117E-2 8.17611E-3 1.33973E-2 2.38719E-2 1.86573E-2 1.61732E-2 1.43821E-2 2.1488E-2 3.30581E-2 2.52844E-2 3.85223E-2 3.33589E-2 2.95145E-2 2.62668E-2 2.42534E-2 2.62615E-2 2.53382E-2 2.45973E-2 2.49814E-2 2.46563E-2 2.97048E-2 3.53102E-2 4.73483E-2 3.87611E-2 3.36979E-2 3.06614E-2 3.36622E-2 3.90561E-2 3.77544E-2 3.64037E-2 3.4429E-2 2.96665E-2 2.33472E-2 1.73128E-2 1.40134E-2 1.1777E-2 1.79974E-2 1.1594E-2
-9999 -9999 -9999 -9999 -9999 -9999 -9999 -9999 -9999 -9999 -9999 8.4928E-2 6.82484E-2 9.46729E-2 6.7631E-2 5.06581E-2 3.81769E-2 3.23651E-2 2.9853E-2 3.50451E-2 3.11752E-2 1.94995E-2 1.56926E-2 7.60151E-3 7.09839E-3 1.19372E-2 2.93273E-2 1.55671E-2 1.15121E-2 1.5394E-2 1.70723E-2 1.41953E-2 1.46169E-2 3.47717E-2 3.04439E-2 2.93596E-2 2.83021E-2 2.9978E-2 2.74488E-2 2.58598E-2 2.72874E-2 2.72999E-2 2.78746E-2 2.78605E-2 3.1799E-2 4.3945E-2 4.22921E-2 3.21688E-2 2.75388E-2 2.64266E-2 3.02889E-2 3.28814E-2 3.18291E-2 3.12947E-2 2.95183E-2 2.43846E-2 1.639E-2 1.32788E-2 1.84915E-2 2.36093E-2 1.73306E-2
-9999 -9999 -9999 -9999 -9999 -9999 -9999 -9999 -9999 -9999 -9999 1.29331E-1 1.07086E-1 1.59032E-1 9.40441E-2 6.94043E-2 6.14612E-2 5.93742E-2 3.10906E-2 1.96935E-2 1.94771E-2 1.87066E-2 1.13773E-2 6.92933E-3 1.15918E-2 2.47019E-2 2.17633E-2 8.52744E-3 7.21273E-3 1.3862E-2 1.83953E-2 1.64779E-2 1.96138E-2 2.6283E-2 2.17727E-2 3.37934E-2 2.01324E-2 2.24142E-2 2.68053E-2 2.29804E-2 2.4124E-2 2.53578E-2 2.44321E-2 2.48394E-2 3.23512E-2 4.04921E-2 5.25774E-2 3.67603E-2 3.09603E-2 2.59597E-2 2.82743E-2 2.90772E-2 2.92071E-2 3.20111E-2 3.01748E-2 2.79989E-2 2.23157E-2 1.71649E-2 2.57822E-2 1.79154E-2 1.08514E-2
-9999 -9999 -9999 -9999 -9999 -9999 -9999 -9999 -9999 -9999 -9999 -9999 -9999 1.93713E-1 1.41037E-1 1.27915E-1 9.42578E-2 7.44069E-2 3.75744E-2 3.15331E-2 5.31274E-2 2.92003E-2 2.96359E-2 2.1506E-2 1.34621E-2 3.24888E-2 4.10027E-2 1.30707E-2 9.02465E-3 1.95652E-2 3.41302E-2 1.49168E-2 9.85233E-3 1.16167E-2 1.29622E-2 4.11571E-2 1.83521E-2 1.6061E-2 2.14045E-2 1.35577E-2 1.39012E-2 1.69871E-2 1.83318E-2 2.20623E-2 2.31437E-2 2.67881E-2 4.25507E-2 4.64304E-2 3.17361E-2 3.10674E-2 3.07224E-2 3.15793E-2 3.2387E-2 3.6474E-2 3.41739E-2 2.84479E-2 2.28068E-2 1.88974E-2 2.38824E-2 2.44707E-2 2.23464E-2
-9999 -9999 -9999 -9999 -9999 -9999 -9999 -9999 -9999 -9999 -9999 -9999 -9999 2.22405E-1 1.86384E-1 1.7506E-1 1.31678E-1 1.24173E-1 1.13384E-1 1.05806E-1 6.76902E-2 5.58644E-2 4.08349E-2 6.03424E-2 2.06169E-2 3.08136E-2 1.16204E-1 1.76516E-2 8.25573E-3 3.14602E-2 4.46715E-2 1.44124E-2 6.08652E-3 1.00272E-2 1.17035E-2 1.52139E-2 1.25657E-2 1.05891E-2 1.39269E-2 1.23198E-2 1.11918E-2 1.12003E-2 1.46643E-2 2.0021E-2 1.41963E-2 1.71221E-2 2.34848E-2 4.70961E-2 3.91894E-2 2.97848E-2 4.08336E-2 4.37677E-2 3.34641E-2 3.09607E-2 3.59944E-2 3.08784E-2 2.15523E-2 1.75236E-2 2.94805E-2 2.78576E-2 2.16713E-2
-9999 -9999 -9999 -9999 -9999 6.86413E-1 -9999 -9999 -9999 -9999 2.92707E-1 2.225E-1 2.53361E-1 2.66737E-1 3.54184E-1 2.53235E-1 2.36463E-1 2.19622E-1 2.10785E-1 1.69976E-1 1.34919E-1 9.94913E-2 9.36335E-2 5.98635E-2 5.17562E-2 4.74595E-2 8.9514E-2 4.70935E-2 1.6269E-2 1.74358E-2 6.72946E-2 4.91419E-2 1.73996E-2 1.9664E-2 1.04507E-2 1.23041E-2 9.62763E-3 6.88637E-3 1.00178E-2 1.21794E-2 1.07799E-2 1.10533E-2 1.82344E-2 2.44873E-2 1.9083E-2 1.49964E-2 2.48208E-2 2.85964E-2 5.07457E-2 3.318E-2 3.77186E-2 5.17346E-2 3.39358E-2 3.10033E-2 4.50196E-2 3.52349E-2 2.28346E-2 2.63883E-2 4.61743E-2 2.47696E-2 1.54136E-2
-9999 -9999 -9999 -9999 -9999 -9999 6.59774E-1 3.83055E-1 3.86648E-1 2.80289E-1 2.01655E-1 1.25882E-1 9.55531E-2 9.80516E-2 1.67332E-1 3.09569E-1 3.29432E-1 3.67331E-1 3.03885E-1 2.55874E-1 2.4967E-1 1.58853E-1 1.23392E-1 9.75896E-2 8.24837E-2 9.29465E-2 7.26366E-2 7.64297E-2 4.36484E-2 2.44984E-2 7.78359E-2 3.10721E-2 1.62486E-2 1.10282E-2 1.41762E-2 9.37593E-3 1.05394E-2 7.99275E-3 1.20763E-2 1.01953E-2 1.01865E-2 1.0071E-2 1.43761E-2 1.12975E-2 9.49125E-3 1.76829E-2 3.54745E-2 3.8571E-2 6.24913E-2 2.95279E-2 3.2829E-2 3.77317E-2 7.32237E-2 5.53435E-2 6.02209E-2 6.75434E-2 6.26255E-2 5.68285E-2 4.7822E-2 3.25971E-2 3.12484E-2
-9999 -9999 -9999 -9999 -9999 -9999 -9999 -9999 -9999 -9999 2.30035E-1 1.55937E-1 1.33545E-1 1.64087E-1 2.48937E-1 2.48469E-1 2.0301E-1 2.40269E-1 2.5392E-1 2.04809E-1 2.85646E-1 2.16171E-1 1.97804E-1 1.55094E-1 1.6162E-1 1.46876E-1 1.48106E-1 1.01959E-1 8.29943E-2 6.17959E-2 9.60227E-2 4.65786E-2 2.20274E-2 2.66957E-2 3.44631E-2 3.31426E-2 1.27752E-2 8.76956E-3 1.20649E-2 1.47948E-2 1.49237E-2 1.61335E-2 1.11273E-2 1.21709E-2 1.47426E-2 2.70047E-2 9.67166E-3 2.00044E-2 2.30392E-2 3.71676E-2 2.65515E-2 4.22515E-2 6.22995E-2 3.16314E-2 3.7075E-2 3.22696E-2 3.05032E-2 3.79544E-2 3.88026E-2 4.12831E-2 4.13985E-2
-9999 -9999 -9999 -9999 -9999 -9999 -9999 -9999 -9999 -9999 -9999 2.41882E-1 2.10862E-1 1.68706E-1 1.08692E-1 1.73288E-1 7.88275E-2 7.63919E-2 1.28618E-1 7.3271E-2 8.93171E-2 8.42939E-2 1.24588E-1 1.30926E-1 1.84171E-1 1.79028E-1 1.95878E-1 1.98042E-1 1.77359E-1 1.70752E-1 8.51649E-2 6.81947E-2 5.05129E-2 6.40652E-2 3.03017E-2 2.27933E-2 9.87238E-3 1.10853E-2 1.86361E-2 7.45419E-3 9.51305E-3 1.34774E-2 2.64144E-2 2.68661E-2 1.71988E-2 1.17538E-2 1.04698E-2 9.68213E-3 1.14507E-2 3.16609E-2 3.55202E-2 5.49549E-2 6.44618E-2 3.12908E-2 3.48597E-2 3.56033E-2 3.03919E-2 3.59456E-2 3.2559E-2 2.45729E-2 2.43318E-2
-9999 -9999 -9999 -9999 -9999 -9999 -9999 -9999 -9999 -9999 -9999 -9999 3.27983E-1 1.93187E-1 1.25244E-1 1.30623E-1 1.0312E-1 9.95284E-2 1.13375E-1 8.67064E-2 8.21447E-2 7.62383E-2 6.73694E-2 8.74465E-2 1.43398E-1 1.3524E-1 1.66089E-1 1.90941E-1 2.55242E-1 2.63465E-1 2.13672E-1 1.80728E-1 9.30561E-2 7.41012E-2 3.95712E-2 3.49926E-2 3.4198E-2 2.49166E-2 2.61773E-2 1.58076E-2 1.17916E-2 1.72638E-2 2.78132E-2 1.90759E-2 3.06793E-2 2.01591E-2 9.63229E-3 1.48567E-2 1.41338E-2 1.75194E-2 7.7912E-2 5.99547E-2 5.38337E-2 6.07343E-2 4.47934E-2 3.88848E-2 3.72726E-2 4.78545E-2 3.17969E-2 3.04771E-2 2.50732E-2
-9999 -9999 -9999 -9999 -9999 -9999 -9999 -9999 -9999 -9999 -9999 -9999 2.38788E-1 2.13462E-1 2.91465E-1 1.86232E-1 2.17961E-1 1.48146E-1 9.77917E-2 6.95223E-2 7.72843E-2 8.55067E-2 5.53466E-2 7.23173E-2 7.70066E-2 1.1289E-1 1.67364E-1 2.22391E-1 3.10721E-1 3.67388E-1 3.12097E-1 3.00977E-1 1.48206E-1 1.34492E-1 7.22225E-2 4.69335E-2 6.24028E-2 7.17029E-2 2.22875E-2 2.66514E-2 1.80296E-2 3.84777E-2 2.07298E-2 9.54919E-3 3.05446E-2 2.23437E-2 1.12477E-2 1.33521E-2 1.09958E-2 1.97404E-2 5.45506E-2 2.65524E-2 2.78004E-2 5.90635E-2 6.00457E-2 5.82915E-2 4.31837E-2 3.48581E-2 3.38302E-2 2.90941E-2 2.17336E-2
-9999 -9999 -9999 -9999 -9999 -9999 -9999 -9999 -9999 -9999 -9999 -9999 -9999 -9999 -9999 4.16406E-1 2.57273E-1 1.4853E-1 1.41171E-1 1.09755E-1 8.56282E-2 7.26419E-2 8.91937E-2 8.85476E-2 7.15047E-2 8.3449E-2 1.46313E-1 1.68186E-1 2.80042E-1 3.57724E-1 4.54098E-1 3.52084E-1 2.4458E-1 1.59025E-1 1.21783E-1 9.98498E-2 1.0275E-1 5.1827E-2 2.56961E-2 2.81611E-2 7.16809E-2 3.45386E-2 1.2197E-2 1.18455E-2 1.65184E-2 4.07337E-2 1.8983E-2 1.74117E-2 2.60103E-2 2.54735E-2 2.82704E-2 6.27884E-2 2.54882E-2 4.66512E-2 5.04301E-2 4.38853E-2 3.95162E-2 3.36532E-2 2.78819E-2 2.40523E-2 2.6229E-2
-9999 -9999 -9999 -9999 -9999 -9999 -9999 -9999 -9999 -9999 -9999 -9999 -9999 -9999 -9999 -9999 -9999 2.47636E-1 1.88766E-1 1.2735E-1 1.27473E-1 1.29693E-1 9.90531E-2 1.25291E-1 7.89575E-2 6.16408E-2 8.66522E-2 6.94888E-2 1.24664E-1 2.99972E-1 3.89853E-1 -9999 3.70622E-1 2.81995E-1 2.21102E-1 2.76742E-1 1.67758E-1 8.18256E-2 6.30542E-2 5.80949E-2 5.52644E-2 8.51232E-2 2.35187E-2 3.03247E-2 1.54541E-2 2.20531E-2 4.37929E-2 5.06944E-2 2.96531E-2 2.8995E-2 3.11821E-2 7.40604E-2 3.6085E-2 2.74612E-2 3.27573E-2 4.21065E-2 4.05709E-2 3.219E-2 3.09176E-2 3.01978E-2 3.40564E-2
-9999 -9999 -9999 -9999 -9999 -9999 -9999 -9999 -9999 -9999 -9999 -9999 -9999 -9999 -9999 -9999 -9999 -9999 2.60054E-1 1.66759E-1 1.98866E-1 1.39582E-1 1.33034E-1 1.20226E-1 9.57744E-2 6.4382E-2 9.72236E-2 4.85645E-2 1.34618E-1 1.76848E-1 3.04777E-1 4.43721E-1 5.29211E-1 3.35124E-1 2.94141E-1 3.77534E-1 1.98755E-1 1.61257E-1 8.21506E-2 9.43466E-2 1.04667E-1 5.35992E-2 5.09241E-2 3.53148E-2 4.59745E-2 2.83929E-2 2.83175E-2 3.05082E-2 1.05389E-1 7.96719E-2 3.54643E-2 8.18012E-2 3.73167E-2 2.7106E-2 2.74886E-2 4.15704E-2 4.02437E-2 3.54642E-2 2.8113E-2 2.48065E-2 3.15636E-2
