maxent_outputs/red_flowers_linear/red_305.asc
ncols         426
nrows         180
xllcorner     -130.0
yllcorner     24.0
cellsize      0.16666666666666666
NODATA_value  -9999
[rows 0 to 26 of 180, columns 0 to 60 of 426]
3.17625E-2 2.40373E-2 2.34976E-2 2.53256E-2 2.17648E-2 2.21127E-2 2.21936E-2 2.1706E-2 2.18435E-2 2.06096E-2 1.94443E-2 1.62368E-2 1.36192E-2 1.49635E-2 1.83974E-2 1.58117E-2 1.5955E-2 1.40738E-2 1.3119E-2 1.2733E-2 1.12474E-2 1.04629E-2 9.80294E-3 9.04774E-3 8.36307E-3 8.12319E-3 8.60169E-3 8.69459E-3 8.62101E-3 8.94347E-3 8.20534E-3 7.83192E-3 7.56581E-3 7.48468E-3 7.52092E-3 7.64534E-3 7.5302E-3 7.66283E-3 8.61554E-3 9.03837E-3 9.49861E-3 9.41648E-3 1.03902E-2 1.13985E-2 1.09311E-2 1.15809E-2 1.14777E-2 1.20326E-2 1.28614E-2 1.31917E-2 1.36469E-2 1.31565E-2 1.18544E-2 1.24648E-2 1.17699E-2 1.24861E-2 1.07029E-2 1.00275E-2 1.03753E-2 1.06117E-2 1.07355E-2
3.63114E-2 3.14961E-2 2.78743E-2 2.39137E-2 2.57203E-2 2.5753E-2 2.68041E-2 2.6074E-2 2.1356E-2 2.10959E-2 1.92318E-2 1.64345E-2 1.43859E-2 1.24734E-2 1.4065E-2 1.67008E-2 1.75894E-2 1.55692E-2 1.40208E-2 1.32784E-2 1.29891E-2 1.21406E-2 1.04597E-2 1.05833E-2 9.63088E-3 8.39769E-3 8.64886E-3 8.29476E-3 8.56031E-3 7.97215E-3 7.3234E-3 7.24397E-3 8.54448E-3 8.61E-3 8.814E-3 8.58299E-3 8.72406E-3 8.23286E-3 8.41894E-3 9.14278E-3 9.49246E-3 9.78964E-3 1.01901E-2 1.17184E-2 1.12198E-2 1.20788E-2 1.23488E-2 1.31399E-2 1.36597E-2 1.38669E-2 1.50932E-2 1.4085E-2 1.37228E-2 1.29832E-2 1.39294E-2 1.61394E-2 1.34833E-2 1.2713E-2 1.29005E-2 1.24579E-2 1.15959E-2
4.45851E-2 3.63866E-2 3.41922E-2 2.92413E-2 3.1186E-2 2.89974E-2 2.78258E-2 2.76687E-2 2.22664E-2 1.93018E-2 1.76783E-2 1.71824E-2 1.71813E-2 1.41976E-2 1.34709E-2 1.48851E-2 1.54961E-2 1.76224E-2 1.64446E-2 1.42945E-2 1.38834E-2 1.3591E-2 1.14404E-2 1.04687E-2 9.98837E-3 8.99613E-3 8.57265E-3 9.03216E-3 8.74459E-3 7.73679E-3 8.13031E-3 8.14118E-3 7.88569E-3 7.52818E-3 8.18735E-3 7.33364E-3 7.14022E-3 7.49242E-3 8.21161E-3 8.74034E-3 8.81806E-3 9.65913E-3 1.0384E-2 1.14981E-2 1.21497E-2 1.29101E-2 1.28292E-2 1.25808E-2 1.47832E-2 1.44115E-2 1.40794E-2 1.50471E-2 1.5267E-2 1.51181E-2 1.43569E-2 1.45066E-2 1.57198E-2 1.43184E-2 1.25319E-2 1.14671E-2 1.15174E-2
5.20407E-2 4.68371E-2 4.36668E-2 4.43094E-2 4.27491E-2 3.76912E-2 3.49278E-2 2.87702E-2 2.72053E-2 2.46907E-2 2.10027E-2 1.98541E-2 1.67219E-2 1.6262E-2 1.32281E-2 1.40596E-2 1.51887E-2 1.9512E-2 1.94663E-2 1.59271E-2 1.40016E-2 1.31385E-2 1.20152E-2 1.13205E-2 9.99684E-3 9.17486E-3 9.47017E-3 9.55324E-3 9.82799E-3 9.49199E-3 8.47891E-3 9.17887E-3 8.79743E-3 7.54105E-3 8.00215E-3 8.12076E-3 8.02434E-3 8.20061E-3 7.98431E-3 8.73075E-3 7.99463E-3 9.14086E-3 1.00726E-2 1.13611E-2 1.18446E-2 1.26833E-2 1.19287E-2 1.20691E-2 1.36588E-2 1.47758E-2 1.4468E-2 1.52121E-2 1.55217E-2 1.42964E-2 1.4554E-2 1.47847E-2 1.69293E-2 1.62078E-2 1.52183E-2 1.28242E-2 1.04825E-2
5.88053E-2 6.05297E-2 5.75375E-2 5.65275E-2 5.20052E-2 5.05292E-2 4.28198E-2 3.3985E-2 2.82708E-2 2.49623E-2 2.06026E-2 1.9593E-2 1.86827E-2 1.91484E-2 1.68913E-2 1.5591E-2 1.71454E-2 1.84072E-2 1.95245E-2 1.86294E-2 1.59509E-2 1.43849E-2 1.26436E-2 1.16065E-2 1.05507E-2 9.91257E-3 9.2688E-3 9.62158E-3 1.02105E-2 1.01099E-2 9.548E-3 8.51472E-3 9.45489E-3 7.89927E-3 7.75268E-3 7.98E-3 8.5022E-3 7.87248E-3 7.55065E-3 9.05822E-3 8.70687E-3 9.09217E-3 1.04058E-2 1.09982E-2 1.11393E-2 1.23629E-2 1.17267E-2 1.37908E-2 1.45323E-2 1.5659E-2 1.60563E-2 1.56238E-2 1.67719E-2 1.74104E-2 1.61379E-2 1.46672E-2 1.42012E-2 1.29999E-2 1.33786E-2 1.30632E-2 1.45073E-2
6.65586E-2 7.13645E-2 7.15843E-2 6.43634E-2 5.96547E-2 5.49463E-2 4.39763E-2 3.65073E-2 3.82495E-2 3.15658E-2 2.55041E-2 2.03522E-2 2.01049E-2 2.07392E-2 1.88834E-2 1.85056E-2 1.66515E-2 1.95731E-2 1.83396E-2 1.83774E-2 1.6123E-2 1.48158E-2 1.30665E-2 1.14933E-2 1.12137E-2 1.042E-2 9.61764E-3 9.72368E-3 9.24354E-3 8.70524E-3 9.7977E-3 8.59128E-3 8.82565E-3 8.79848E-3 7.70353E-3 7.88212E-3 9.05413E-3 7.89058E-3 8.18215E-3 9.08574E-3 9.34263E-3 9.36908E-3 9.70916E-3 1.10548E-2 1.11138E-2 1.23971E-2 1.32823E-2 1.38638E-2 1.52179E-2 1.59091E-2 1.68713E-2 1.71615E-2 1.75918E-2 1.76179E-2 1.55708E-2 1.52906E-2 1.29063E-2 1.20396E-2 1.31996E-2 1.41701E-2 1.37941E-2
-9999 9.01312E-2 7.62802E-2 7.56531E-2 7.14645E-2 6.50331E-2 5.61278E-2 4.82216E-2 4.62839E-2 4.149E-2 3.10902E-2 2.91232E-2 2.27615E-2 2.01651E-2 1.96317E-2 1.853E-2 1.6829E-2 1.98911E-2 1.87127E-2 1.86576E-2 1.79947E-2 1.62324E-2 1.50702E-2 1.27489E-2 1.11792E-2 1.10533E-2 1.03264E-2 9.94866E-3 9.43359E-3 8.90221E-3 9.0825E-3 9.6501E-3 9.95269E-3 1.02836E-2 9.34035E-3 8.8936E-3 8.75969E-3 9.01215E-3 8.49974E-3 8.25267E-3 9.60677E-3 9.28473E-3 9.04916E-3 1.10764E-2 1.15321E-2 1.263E-2 1.35496E-2 1.37805E-2 1.42489E-2 1.507E-2 1.73938E-2 1.78934E-2 1.75043E-2 1.85374E-2 1.70805E-2 1.5504E-2 1.51496E-2 1.28055E-2 1.20155E-2 1.12668E-2 1.35458E-2
-9999 -9999 -9999 9.45422E-2 7.36038E-2 7.18953E-2 6.64829E-2 6.10716E-2 5.78875E-2 6.37653E-2 5.36694E-2 4.27901E-2 3.20517E-2 2.4133E-2 1.91687E-2 2.00346E-2 1.92446E-2 2.13914E-2 2.45145E-2 2.08637E-2 2.01464E-2 1.80492E-2 1.62272E-2 1.51075E-2 1.48414E-2 1.38093E-2 1.09352E-2 1.12181E-2 1.25761E-2 1.10509E-2 1.16644E-2 1.04152E-2 9.14156E-3 9.34734E-3 9.80504E-3 8.70644E-3 8.77336E-3 9.14591E-3 9.05637E-3 8.60065E-3 8.75202E-3 8.95979E-3 9.39287E-3 1.08247E-2 1.14708E-2 1.20095E-2 1.37837E-2 1.39194E-2 1.35304E-2 1.4709E-2 1.52615E-2 1.6493E-2 1.94982E-2 2.01612E-2 1.74444E-2 1.94843E-2 1.69729E-2 1.57951E-2 1.15928E-2 1.19816E-2 1.23472E-2
-9999 -9999 -9999 1.21673E-1 8.16691E-2 7.55871E-2 7.56841E-2 8.00653E-2 6.55144E-2 7.08622E-2 6.76979E-2 5.97263E-2 4.84813E-2 3.27131E-2 2.72419E-2 2.31392E-2 2.58035E-2 2.5638E-2 2.045E-2 1.93038E-2 2.02222E-2 1.92722E-2 1.68423E-2 1.57237E-2 1.31357E-2 1.25731E-2 1.08445E-2 8.61288E-3 9.24916E-3 9.32515E-3 1.02326E-2 1.0552E-2 8.96443E-3 8.28271E-3 8.31102E-3 7.44214E-3 8.24382E-3 8.21834E-3 7.18239E-3 7.02542E-3 7.58853E-3 8.63631E-3 8.20964E-3 9.81936E-3 1.11407E-2 1.2289E-2 1.34652E-2 1.26265E-2 1.37896E-2 1.51975E-2 1.56553E-2 1.82916E-2 1.90472E-2 1.97109E-2 1.9377E-2 1.99269E-2 1.96976E-2 1.78445E-2 1.78567E-2 1.31532E-2 1.17597E-2
-9999 -9999 -9999 -9999 -9999 1.02738E-1 8.79218E-2 8.45188E-2 7.86693E-2 8.35686E-2 8.29212E-2 7.66675E-2 6.23166E-2 4.5381E-2 3.52168E-2 3.42409E-2 3.41054E-2 2.66666E-2 2.366E-2 2.41694E-2 2.3194E-2 2.05653E-2 2.01914E-2 1.81646E-2 1.48347E-2 1.39817E-2 1.21426E-2 9.9462E-3 8.59013E-3 8.26199E-3 9.12411E-3 1.07604E-2 9.11457E-3 7.0713E-3 6.95518E-3 5.89066E-3 6.48495E-3 7.19179E-3 6.48093E-3 7.07706E-3 7.63911E-3 8.11642E-3 8.35953E-3 8.46058E-3 9.36339E-3 1.13156E-2 1.27714E-2 1.1836E-2 1.26312E-2 1.40472E-2 1.41521E-2 1.47883E-2 1.6812E-2 1.84152E-2 1.89693E-2 2.046E-2 1.93214E-2 1.72255E-2 1.86152E-2 1.70594E-2 1.62489E-2
-9999 -9999 -9999 -9999 -9999 -9999 -9999 8.61606E-2 8.50071E-2 9.55673E-2 9.50298E-2 9.42363E-2 7.475E-2 5.90964E-2 4.37501E-2 3.72127E-2 3.38716E-2 2.97748E-2 2.93947E-2 2.21081E-2 2.17556E-2 1.88591E-2 1.83117E-2 1.66922E-2 1.73825E-2 1.45471E-2 1.42576E-2 1.31048E-2 1.05705E-2 8.61436E-3 9.5243E-3 1.13726E-2 1.03901E-2 8.02145E-3 6.51126E-3 6.49965E-3 6.12804E-3 6.23039E-3 7.35732E-3 6.29357E-3 7.20576E-3 8.80289E-3 8.02914E-3 8.38854E-3 8.69206E-3 1.05529E-2 1.28559E-2 1.28969E-2 1.30339E-2 1.27605E-2 1.31172E-2 1.46494E-2 1.75771E-2 1.82418E-2 1.81782E-2 1.96208E-2 2.01999E-2 1.92263E-2 1.83288E-2 1.98752E-2 1.85174E-2
-9999 -9999 -9999 -9999 -9999 -9999 -9999 -9999 1.13579E-1 1.02611E-1 1.0308E-1 9.23202E-2 8.31553E-2 6.13632E-2 4.92943E-2 3.8096E-2 3.20818E-2 2.6848E-2 2.32327E-2 2.75081E-2 2.77834E-2 2.26739E-2 1.81985E-2 1.71055E-2 1.62216E-2 1.65483E-2 1.54373E-2 1.44054E-2 1.32569E-2 1.03633E-2 9.7947E-3 1.02768E-2 1.03878E-2 8.65313E-3 7.6889E-3 8.16787E-3 7.12734E-3 6.70268E-3 7.07638E-3 6.7977E-3 7.32409E-3 9.09449E-3 9.54194E-3 9.70961E-3 1.11799E-2 1.05684E-2 1.33288E-2 1.34333E-2 1.31961E-2 1.31132E-2 1.28E-2 1.47578E-2 1.64581E-2 1.86503E-2 2.01069E-2 1.94903E-2 2.04776E-2 2.19415E-2 1.96268E-2 1.9183E-2 1.8893E-2
-9999 -9999 -9999 -9999 -9999 -9999 -9999 -9999 -9999 1.10535E-1 1.00341E-1 8.50011E-2 8.0449E-2 6.3957E-2 4.53505E-2 3.67102E-2 3.58662E-2 2.91904E-2 2.4367E-2 2.56965E-2 2.57047E-2 2.14966E-2 2.21655E-2 1.99017E-2 1.82575E-2 1.67803E-2 1.50021E-2 1.4344E-2 1.38948E-2 1.2582E-2 1.10175E-2 1.07543E-2 9.47818E-3 1.02628E-2 1.1309E-2 1.00334E-2 8.61897E-3 8.60191E-3 7.85962E-3 7.67021E-3 8.11426E-3 8.81284E-3 1.00491E-2 1.04443E-2 1.22707E-2 1.18899E-2 1.43806E-2 1.27031E-2 1.33686E-2 1.3154E-2 1.35993E-2 1.47096E-2 1.70311E-2 1.5324E-2 1.69365E-2 1.82653E-2 1.8248E-2 2.00131E-2 1.97603E-2 1.87407E-2 2.13607E-2
-9999 -9999 -9999 -9999 -9999 -9999 -9999 -9999 -9999 -9999 1.03168E-1 8.33558E-2 7.05022E-2 5.91634E-2 5.05073E-2 4.91848E-2 4.11943E-2 3.34362E-2 2.83576E-2 2.67985E-2 3.13299E-2 2.41827E-2 2.07903E-2 2.00327E-2 1.72956E-2 1.65254E-2 1.66352E-2 1.56959E-2 1.49497E-2 1.51396E-2 1.46211E-2 1.3459E-2 1.50878E-2 1.31611E-2 1.38822E-2 1.21659E-2 1.16974E-2 1.07543E-2 1.09499E-2 1.07996E-2 1.0121E-2 9.48421E-3 9.21772E-3 1.03554E-2 1.31639E-2 1.52552E-2 1.44077E-2 1.37975E-2 1.33873E-2 1.32081E-2 1.3143E-2 1.26972E-2 1.32009E-2 1.36369E-2 1.63811E-2 1.78965E-2 1.95946E-2 1.99385E-2 2.09461E-2 2.00444E-2 2.28622E-2
-9999 -9999 -9999 -9999 -9999 -9999 -9999 -9999 -9999 -9999 -9999 6.93437E-2 6.2758E-2 6.49013E-2 6.07923E-2 5.08955E-2 4.23491E-2 3.45931E-2 3.19672E-2 2.96705E-2 3.06033E-2 2.20307E-2 2.11804E-2 2.05699E-2 1.77754E-2 1.65446E-2 1.86177E-2 1.65071E-2 1.56497E-2 1.49986E-2 1.8047E-2 1.69186E-2 1.51988E-2 1.72764E-2 1.6716E-2 1.53461E-2 1.5185E-2 1.34899E-2 1.39177E-2 1.48207E-2 1.36203E-2 1.21552E-2 1.43328E-2 1.39761E-2 1.40317E-2 1.59037E-2 1.58516E-2 1.59164E-2 1.29355E-2 1.2443E-2 1.33029E-2 1.38717E-2 1.35636E-2 1.44585E-2 1.45153E-2 1.65936E-2 2.05807E-2 2.08709E-2 1.84882E-2 2.07124E-2 2.16565E-2
-9999 -9999 -9999 -9999 -9999 -9999 -9999 -9999 -9999 -9999 -9999 6.73336E-2 6.51002E-2 6.54942E-2 5.85599E-2 5.3719E-2 4.90417E-2 4.32195E-2 3.27917E-2 2.68191E-2 2.5652E-2 2.30211E-2 2.29099E-2 1.87917E-2 1.72103E-2 2.03624E-2 2.0904E-2 1.74142E-2 1.77632E-2 1.41638E-2 1.7847E-2 1.6181E-2 1.57782E-2 1.58543E-2 1.61015E-2 1.96185E-2 1.59843E-2 1.51927E-2 1.54599E-2 1.59782E-2 1.54077E-2 1.53048E-2 1.62011E-2 1.50514E-2 1.67324E-2 1.76644E-2 1.85927E-2 1.64864E-2 1.37697E-2 1.19101E-2 1.19026E-2 1.19278E-2 1.28029E-2 1.47171E-2 1.4785E-2 1.54468E-2 1.71747E-2 1.90949E-2 1.73194E-2 2.27112E-2 2.38933E-2
-9999 -9999 -9999 -9999 -9999 -9999 -9999 -9999 -9999 -9999 -9999 -9999 -9999 6.38918E-2 5.96985E-2 5.84936E-2 5.40723E-2 4.61155E-2 3.56349E-2 3.10583E-2 3.39929E-2 2.72275E-2 2.45433E-2 2.38511E-2 2.17862E-2 2.2645E-2 2.65875E-2 1.80897E-2 1.74238E-2 1.93458E-2 2.02409E-2 1.70882E-2 1.62589E-2 1.61595E-2 1.52602E-2 2.26164E-2 1.80585E-2 1.63092E-2 1.63452E-2 1.81394E-2 1.65434E-2 1.6154E-2 1.78731E-2 1.67835E-2 1.88905E-2 1.97124E-2 2.03049E-2 1.92338E-2 1.86268E-2 1.49285E-2 1.23387E-2 1.21355E-2 1.30074E-2 1.4084E-2 1.48193E-2 1.56926E-2 1.82254E-2 1.89021E-2 1.65318E-2 2.08253E-2 2.02242E-2
-9999 -9999 -9999 -9999 -9999 -9999 -9999 -9999 -9999 -9999 -9999 -9999 -9999 6.44524E-2 5.92999E-2 5.8554E-2 5.54614E-2 5.29604E-2 4.98958E-2 4.87168E-2 3.9279E-2 3.34158E-2 2.90195E-2 3.04655E-2 2.39019E-2 2.27101E-2 3.53633E-2 2.13917E-2 1.84962E-2 2.3296E-2 2.79847E-2 1.75222E-2 1.54853E-2 1.60157E-2 1.7649E-2 1.93479E-2 1.84427E-2 1.87069E-2 1.58741E-2 1.67409E-2 1.71502E-2 1.69914E-2 1.83305E-2 1.77098E-2 2.05401E-2 1.98631E-2 2.19173E-2 2.21509E-2 2.24653E-2 2.03249E-2 1.61912E-2 1.41496E-2 1.61246E-2 1.64805E-2 1.50531E-2 1.5758E-2 1.97073E-2 2.09346E-2 1.6519E-2 1.92826E-2 2.01886E-2
-9999 -9999 -9999 -9999 -9999 1.01901E-1 -9999 -9999 -9999 -9999 7.33363E-2 6.53172E-2 6.65658E-2 6.23388E-2 6.51294E-2 5.98079E-2 5.78668E-2 5.9265E-2 6.0121E-2 5.6143E-2 5.09184E-2 4.4873E-2 4.01099E-2 3.36702E-2 2.96312E-2 2.64362E-2 3.50625E-2 2.82035E-2 2.24461E-2 2.01915E-2 3.07939E-2 3.09889E-2 2.40952E-2 2.09689E-2 1.67851E-2 1.66584E-2 1.83289E-2 1.99806E-2 1.62049E-2 1.62793E-2 1.79177E-2 1.78828E-2 2.02228E-2 1.84766E-2 2.01964E-2 2.21018E-2 2.05459E-2 2.24194E-2 1.96247E-2 2.06394E-2 1.86415E-2 1.68082E-2 1.95342E-2 1.91311E-2 1.70442E-2 1.70554E-2 2.01256E-2 1.81858E-2 1.78225E-2 1.94788E-2 2.41517E-2
-9999 -9999 -9999 -9999 -9999 -9999 9.89162E-2 7.51053E-2 8.29761E-2 7.40903E-2 6.74168E-2 5.85435E-2 5.56404E-2 5.03433E-2 4.72041E-2 4.93343E-2 5.01286E-2 6.43722E-2 6.54899E-2 5.92431E-2 5.61518E-2 4.90566E-2 4.49567E-2 4.0419E-2 3.5562E-2 3.56953E-2 3.4057E-2 3.38751E-2 2.77206E-2 2.36637E-2 3.24364E-2 2.80139E-2 2.00142E-2 1.86881E-2 2.0288E-2 2.13333E-2 2.07997E-2 1.94426E-2 1.76945E-2 1.8498E-2 1.82807E-2 1.77707E-2 1.80815E-2 1.95566E-2 2.07221E-2 2.07798E-2 2.43854E-2 2.46318E-2 2.42367E-2 2.31142E-2 1.73612E-2 1.88106E-2 2.27346E-2 1.97432E-2 2.14038E-2 2.29237E-2 2.21907E-2 2.13256E-2 2.02075E-2 1.96056E-2 1.90066E-2
-9999 -9999 -9999 -9999 -9999 -9999 -9999 -9999 -9999 -9999 6.57658E-2 5.59816E-2 5.15313E-2 4.4278E-2 4.1006E-2 4.16612E-2 4.47427E-2 4.94849E-2 5.31266E-2 5.29039E-2 5.64035E-2 4.7833E-2 4.60851E-2 4.09716E-2 4.17053E-2 4.11137E-2 4.13418E-2 3.71413E-2 3.36509E-2 3.06927E-2 3.9699E-2 3.26044E-2 2.25075E-2 2.42667E-2 2.8289E-2 2.88977E-2 2.23824E-2 1.90761E-2 1.81648E-2 2.06203E-2 2.05684E-2 2.04727E-2 1.91699E-2 2.01789E-2 2.18536E-2 2.45514E-2 2.48576E-2 2.51144E-2 2.45471E-2 2.49507E-2 2.2929E-2 2.15304E-2 2.36261E-2 2.15514E-2 1.90935E-2 2.01796E-2 2.0914E-2 1.81085E-2 1.77145E-2 1.92712E-2 2.02188E-2
-9999 -9999 -9999 -9999 -9999 -9999 -9999 -9999 -9999 -9999 -9999 5.87156E-2 5.10686E-2 4.09359E-2 4.02742E-2 3.64289E-2 3.67764E-2 3.7549E-2 4.13917E-2 3.58239E-2 3.67468E-2 3.59605E-2 3.6826E-2 3.55767E-2 3.84183E-2 3.84116E-2 4.21569E-2 4.5007E-2 4.51836E-2 4.75698E-2 3.8775E-2 3.26982E-2 3.01963E-2 3.65248E-2 2.97435E-2 2.49167E-2 1.95108E-2 1.96121E-2 1.87668E-2 2.04465E-2 1.9824E-2 2.16753E-2 2.23336E-2 2.40011E-2 2.69323E-2 2.14628E-2 2.16746E-2 2.50518E-2 2.7397E-2 2.89506E-2 2.51661E-2 2.35182E-2 2.44399E-2 2.29045E-2 1.98659E-2 1.93967E-2 2.04732E-2 1.9139E-2 1.81223E-2 2.00815E-2 2.0414E-2
-9999 -9999 -9999 -9999 -9999 -9999 -9999 -9999 -9999 -9999 -9999 -9999 5.29044E-2 4.23956E-2 3.6656E-2 3.393E-2 3.42267E-2 3.34171E-2 3.44209E-2 3.2691E-2 3.14862E-2 2.92044E-2 2.95624E-2 2.91252E-2 3.24779E-2 3.34686E-2 3.71283E-2 4.12882E-2 4.98356E-2 5.50142E-2 5.52725E-2 5.63697E-2 4.24028E-2 3.82981E-2 3.09879E-2 2.91277E-2 3.23558E-2 2.66371E-2 2.32178E-2 2.36803E-2 2.12217E-2 2.27014E-2 2.5311E-2 2.164E-2 2.58452E-2 2.77766E-2 2.14238E-2 2.33515E-2 2.5277E-2 2.73052E-2 3.24249E-2 2.79063E-2 2.35578E-2 2.39112E-2 2.07378E-2 2.06197E-2 2.06616E-2 2.12247E-2 1.93091E-2 1.77962E-2 2.05756E-2
-9999 -9999 -9999 -9999 -9999 -9999 -9999 -9999 -9999 -9999 -9999 -9999 4.90129E-2 4.09227E-2 3.62899E-2 3.42098E-2 3.45343E-2 3.49283E-2 3.27152E-2 3.07032E-2 2.99485E-2 2.73466E-2 2.63798E-2 2.58565E-2 2.67904E-2 2.97294E-2 3.36536E-2 3.99447E-2 4.9E-2 6.45414E-2 6.24798E-2 6.77925E-2 4.97236E-2 5.16196E-2 4.10985E-2 3.27619E-2 3.49262E-2 4.20741E-2 2.62299E-2 2.59664E-2 2.54313E-2 2.70219E-2 2.43376E-2 2.26331E-2 2.4687E-2 2.81282E-2 2.14093E-2 2.1943E-2 2.37394E-2 2.45066E-2 3.05606E-2 2.84061E-2 2.45757E-2 2.37581E-2 2.27025E-2 2.21813E-2 2.02513E-2 1.90688E-2 1.9457E-2 2.03236E-2 2.15004E-2
-9999 -9999 -9999 -9999 -9999 -9999 -9999 -9999 -9999 -9999 -9999 -9999 -9999 -9999 -9999 4.25914E-2 3.93607E-2 3.43014E-2 3.39662E-2 3.31253E-2 3.09286E-2 2.77923E-2 2.65953E-2 2.66984E-2 2.62766E-2 2.87088E-2 3.08706E-2 3.37697E-2 4.26665E-2 4.70618E-2 7.3497E-2 6.83562E-2 5.96511E-2 5.07633E-2 4.64078E-2 4.21909E-2 4.2235E-2 3.20675E-2 2.54638E-2 2.53906E-2 3.24939E-2 3.13646E-2 2.23333E-2 2.2305E-2 2.3624E-2 2.9424E-2 2.47678E-2 2.25169E-2 2.45426E-2 2.57641E-2 2.74243E-2 3.13748E-2 2.75112E-2 2.44316E-2 2.43089E-2 2.09921E-2 1.92139E-2 2.05181E-2 2.19546E-2 2.1884E-2 2.08985E-2
-9999 -9999 -9999 -9999 -9999 -9999 -9999 -9999 -9999 -9999 -9999 -9999 -9999 -9999 -9999 -9999 -9999 3.86893E-2 3.88074E-2 3.39788E-2 3.38188E-2 3.17062E-2 2.8436E-2 2.72092E-2 2.63838E-2 2.60549E-2 2.7977E-2 2.6112E-2 3.08531E-2 4.11711E-2 4.84841E-2 -9999 6.32353E-2 5.60022E-2 5.57257E-2 6.38336E-2 5.07033E-2 3.83014E-2 3.45226E-2 3.26926E-2 3.13218E-2 3.60129E-2 2.72147E-2 2.7822E-2 2.62563E-2 2.62394E-2 3.16507E-2 3.5645E-2 3.05052E-2 2.79261E-2 2.57568E-2 3.09615E-2 2.90378E-2 2.66307E-2 2.48704E-2 2.1121E-2 2.07123E-2 2.12857E-2 2.00327E-2 2.11427E-2 2.15332E-2
-9999 -9999 -9999 -9999 -9999 -9999 -9999 -9999 -9999 -9999 -9999 -9999 -9999 -9999 -9999 -9999 -9999 -9999 4.34994E-2 3.91573E-2 4.22674E-2 3.41298E-2 3.10096E-2 2.86636E-2 2.6143E-2 2.43314E-2 2.47724E-2 2.53697E-2 2.70788E-2 3.16272E-2 3.47963E-2 4.2562E-2 5.30976E-2 5.57381E-2 5.21629E-2 6.73683E-2 4.78074E-2 4.49863E-2 3.42531E-2 3.71543E-2 3.89907E-2 3.17913E-2 3.1824E-2 2.96207E-2 3.66842E-2 2.75547E-2 2.97156E-2 2.96502E-2 4.4866E-2 4.03041E-2 2.81743E-2 3.29643E-2 2.83876E-2 2.6338E-2 2.62499E-2 2.33792E-2 2.1378E-2 2.01967E-2 2.29987E-2 2.38911E-2 2.21164E-2
