maxent_outputs/red_flowers_linear/red_324.asc
ncols         426
nrows         180
xllcorner     -130.0
yllcorner     24.0
cellsize      0.16666666666666666
NODATA_value  -9999
[rows 0 to 26 of 180, columns 61 to 121 of 426]
1.64594E-2 1.75416E-2 2.33647E-2 2.28387E-2 1.97997E-2 2.02378E-2 1.91816E-2 1.76433E-2 1.68307E-2 1.60403E-2 1.44455E-2 1.23144E-2 1.21615E-2 1.1599E-2 1.03064E-2 9.82427E-3 1.02229E-2 1.0172E-2 1.03352E-2 9.51984E-3 9.02677E-3 8.86269E-3 8.43263E-3 7.20338E-3 7.36887E-3 7.54447E-3 6.74793E-3 5.13854E-3 4.76157E-3 4.45033E-3 4.43961E-3 4.78491E-3 5.48552E-3 5.24487E-3 5.30948E-3 4.68485E-3 4.50486E-3 4.22494E-3 4.45434E-3 4.50378E-3 4.17907E-3 4.29795E-3 4.10642E-3 4.14625E-3 4.15074E-3 4.0099E-3 4.12462E-3 4.13189E-3 3.98664E-3 3.76017E-3 3.66766E-3 3.83446E-3 3.66097E-3 3.60897E-3 3.56985E-3 3.37545E-3 3.37995E-3 3.37123E-3 3.43437E-3 3.32559E-3 3.49306E-3
1.55614E-2 1.62216E-2 2.0197E-2 1.9429E-2 1.97225E-2 2.1372E-2 2.03932E-2 2.04604E-2 1.80298E-2 1.64098E-2 1.52605E-2 1.41403E-2 1.34921E-2 1.26981E-2 1.20588E-2 1.13288E-2 1.08225E-2 1.05732E-2 9.68406E-3 9.53292E-3 8.69871E-3 7.12203E-3 6.17478E-3 5.66897E-3 5.60029E-3 5.42922E-3 6.39618E-3 5.41832E-3 5.37838E-3 5.53149E-3 6.03923E-3 6.12878E-3 6.50617E-3 5.72021E-3 6.14331E-3 5.62552E-3 4.44791E-3 4.61126E-3 4.45276E-3 4.69834E-3 4.99423E-3 5.26232E-3 5.54015E-3 4.71426E-3 4.66223E-3 4.55287E-3 4.14523E-3 4.18644E-3 4.07048E-3 4.05464E-3 3.9811E-3 3.867E-3 3.67244E-3 3.60851E-3 3.53823E-3 3.36224E-3 3.20645E-3 3.19635E-3 3.16965E-3 3.05396E-3 3.15536E-3
1.56243E-2 1.63527E-2 1.6534E-2 1.81736E-2 1.62946E-2 1.77395E-2 1.87661E-2 1.99774E-2 2.04456E-2 1.95771E-2 1.54754E-2 1.44027E-2 1.39622E-2 1.37487E-2 1.15592E-2 1.09362E-2 1.09724E-2 1.05029E-2 9.68625E-3 8.25808E-3 7.52479E-3 7.31247E-3 7.01506E-3 7.0644E-3 6.54459E-3 6.62285E-3 6.37891E-3 5.44812E-3 5.12396E-3 5.35882E-3 6.39309E-3 6.97132E-3 6.82608E-3 6.38898E-3 6.63946E-3 6.37605E-3 5.7091E-3 7.07729E-3 7.28877E-3 6.36591E-3 5.80134E-3 5.94805E-3 5.74739E-3 4.98145E-3 4.57791E-3 4.68769E-3 4.36495E-3 4.33191E-3 4.44689E-3 4.31197E-3 4.09605E-3 3.96309E-3 4.00337E-3 3.72307E-3 3.5806E-3 3.43548E-3 3.28635E-3 3.32426E-3 3.20214E-3 3.0034E-3 2.83164E-3
1.46254E-2 1.51249E-2 1.43944E-2 1.61484E-2 1.60498E-2 1.46874E-2 1.55592E-2 1.83234E-2 1.86778E-2 2.08453E-2 1.88968E-2 1.44436E-2 1.29255E-2 1.16786E-2 1.16345E-2 1.13689E-2 1.10874E-2 1.05111E-2 9.69949E-3 8.63899E-3 9.3195E-3 9.14897E-3 8.45492E-3 8.23153E-3 8.25759E-3 7.90216E-3 7.8787E-3 6.94535E-3 6.54355E-3 5.87131E-3 5.44478E-3 6.14365E-3 7.37407E-3 6.20402E-3 6.04909E-3 5.3655E-3 5.92247E-3 6.23094E-3 6.34342E-3 5.84494E-3 6.38784E-3 6.28403E-3 6.25691E-3 6.05006E-3 4.76456E-3 4.62266E-3 4.53238E-3 4.36021E-3 4.41131E-3 4.36099E-3 4.30723E-3 4.17508E-3 3.98181E-3 3.81511E-3 3.67742E-3 3.55513E-3 3.52519E-3 3.61487E-3 3.46499E-3 3.31319E-3 3.14295E-3
1.88614E-2 1.62985E-2 1.41181E-2 1.48876E-2 1.40747E-2 1.28543E-2 1.56375E-2 1.75522E-2 1.98524E-2 1.859E-2 1.8919E-2 1.49391E-2 1.43256E-2 1.38211E-2 1.2497E-2 1.22759E-2 1.19637E-2 1.10751E-2 1.06423E-2 9.07021E-3 9.60786E-3 9.53519E-3 9.21173E-3 8.70457E-3 7.944E-3 7.71526E-3 7.22105E-3 6.9405E-3 6.21088E-3 6.18918E-3 6.20107E-3 6.5917E-3 7.19586E-3 7.30062E-3 6.92072E-3 6.6208E-3 6.45852E-3 6.30859E-3 5.82601E-3 5.33808E-3 5.46319E-3 6.03213E-3 6.22458E-3 6.03575E-3 5.57469E-3 5.24325E-3 5.03065E-3 4.55026E-3 4.59976E-3 4.77133E-3 4.52705E-3 4.67911E-3 4.29178E-3 4.24649E-3 4.07184E-3 3.9719E-3 3.87297E-3 3.8596E-3 3.7637E-3 3.67774E-3 3.42796E-3
1.81684E-2 1.88302E-2 1.75688E-2 1.56908E-2 1.6996E-2 1.35104E-2 1.32695E-2 1.4157E-2 1.5167E-2 1.86272E-2 1.70411E-2 1.78437E-2 1.83481E-2 1.76896E-2 1.56719E-2 1.36199E-2 1.33651E-2 1.29684E-2 1.16371E-2 1.06796E-2 1.05087E-2 1.00205E-2 9.70176E-3 9.36241E-3 8.73534E-3 8.11949E-3 8.44522E-3 7.87862E-3 7.50068E-3 6.95086E-3 7.12412E-3 7.27288E-3 7.41953E-3 7.73198E-3 8.15031E-3 7.8104E-3 7.41606E-3 6.95082E-3 6.28782E-3 5.92165E-3 5.71445E-3 5.37251E-3 5.43544E-3 5.56705E-3 5.23861E-3 5.01189E-3 5.01698E-3 4.63277E-3 4.70668E-3 4.95059E-3 4.8169E-3 4.65264E-3 4.10184E-3 4.06505E-3 4.12955E-3 4.0365E-3 3.97944E-3 3.80334E-3 3.73766E-3 3.62049E-3 3.62473E-3
1.78541E-2 1.83387E-2 1.6756E-2 1.99305E-2 1.75376E-2 1.68905E-2 1.69886E-2 1.6229E-2 1.70944E-2 1.90924E-2 1.60502E-2 2.02954E-2 1.75124E-2 1.71518E-2 1.71154E-2 1.7909E-2 1.56839E-2 1.3783E-2 1.24264E-2 1.16472E-2 1.09396E-2 1.01146E-2 9.79034E-3 9.4884E-3 9.02104E-3 8.28619E-3 8.65583E-3 8.64133E-3 8.83927E-3 7.09198E-3 7.7213E-3 7.48102E-3 7.57858E-3 7.54384E-3 7.87616E-3 7.33202E-3 7.20101E-3 7.31685E-3 6.97317E-3 6.41892E-3 6.3655E-3 5.97043E-3 5.99164E-3 5.41899E-3 4.94588E-3 4.81905E-3 4.91404E-3 4.62341E-3 4.49081E-3 5.01215E-3 4.98404E-3 4.79415E-3 4.40965E-3 4.29914E-3 4.24206E-3 4.05741E-3 4.16772E-3 3.73435E-3 3.51822E-3 3.63831E-3 3.65344E-3
1.74366E-2 1.75965E-2 1.97425E-2 1.84308E-2 2.00587E-2 1.84197E-2 1.73585E-2 1.98642E-2 1.94574E-2 1.64449E-2 1.72254E-2 1.7251E-2 1.5977E-2 1.44135E-2 1.67051E-2 1.85555E-2 1.86493E-2 1.61329E-2 1.37273E-2 1.29256E-2 1.1498E-2 1.04137E-2 9.99678E-3 1.00373E-2 9.53139E-3 9.53106E-3 9.39751E-3 9.15652E-3 9.13635E-3 8.8296E-3 8.64428E-3 7.54099E-3 7.06737E-3 6.65214E-3 7.5046E-3 7.42891E-3 6.96908E-3 7.30085E-3 7.39283E-3 7.27279E-3 7.22933E-3 6.83837E-3 6.89471E-3 6.82856E-3 6.10632E-3 5.65518E-3 5.39146E-3 5.07343E-3 5.03189E-3 4.77608E-3 4.73056E-3 4.84006E-3 4.53404E-3 4.40354E-3 4.27057E-3 4.41185E-3 4.17781E-3 3.84813E-3 3.94283E-3 3.73677E-3 3.98383E-3
1.6255E-2 1.68793E-2 1.88124E-2 2.11436E-2 2.07943E-2 1.8653E-2 1.91591E-2 1.75677E-2 1.3867E-2 1.34926E-2 1.71411E-2 1.4074E-2 1.54263E-2 1.3657E-2 1.24885E-2 1.29722E-2 1.57771E-2 1.61633E-2 1.70012E-2 1.62735E-2 1.33086E-2 1.19789E-2 1.13505E-2 1.10426E-2 1.07607E-2 9.64105E-3 9.66719E-3 9.47128E-3 9.00695E-3 8.82939E-3 8.36973E-3 7.41797E-3 6.24878E-3 7.06907E-3 7.71632E-3 8.02092E-3 7.35706E-3 7.7586E-3 7.85836E-3 7.65364E-3 7.58732E-3 7.33007E-3 7.00326E-3 7.0817E-3 6.58535E-3 6.50586E-3 6.10118E-3 5.66633E-3 5.37833E-3 5.59572E-3 5.59611E-3 5.57155E-3 5.38761E-3 4.99257E-3 4.72185E-3 4.691E-3 4.61691E-3 4.43674E-3 4.74199E-3 4.58527E-3 4.4438E-3
2.03929E-2 1.83132E-2 2.00932E-2 1.97989E-2 2.12729E-2 1.84305E-2 1.98165E-2 2.12555E-2 1.88699E-2 1.32142E-2 1.34879E-2 1.15796E-2 1.35972E-2 1.40559E-2 1.23449E-2 1.27464E-2 1.36805E-2 1.74143E-2 1.65273E-2 1.85051E-2 1.51427E-2 1.22781E-2 1.20125E-2 1.17143E-2 1.15259E-2 1.04424E-2 1.02367E-2 9.93129E-3 9.54563E-3 7.85447E-3 6.07137E-3 6.52406E-3 6.62162E-3 7.68052E-3 7.71894E-3 7.65459E-3 7.48058E-3 8.08256E-3 7.82544E-3 7.81865E-3 7.45227E-3 7.99244E-3 7.56506E-3 7.23338E-3 6.66408E-3 6.92148E-3 7.46887E-3 6.726E-3 6.1353E-3 5.55364E-3 5.60294E-3 5.48049E-3 5.40325E-3 5.10651E-3 4.64644E-3 4.76462E-3 4.42288E-3 4.44569E-3 4.38303E-3 4.33655E-3 4.59839E-3
2.13511E-2 2.14659E-2 1.91698E-2 1.92266E-2 2.2695E-2 1.71605E-2 1.77352E-2 2.10323E-2 1.92237E-2 1.29394E-2 1.49248E-2 1.20892E-2 1.2928E-2 1.28266E-2 1.39143E-2 1.34322E-2 1.25076E-2 1.29957E-2 1.47934E-2 1.86513E-2 1.57983E-2 1.59478E-2 1.44276E-2 1.33197E-2 1.21548E-2 1.18587E-2 1.13695E-2 1.05977E-2 9.63427E-3 8.68123E-3 7.58429E-3 7.14056E-3 6.6292E-3 5.67114E-3 7.10064E-3 7.1674E-3 8.01314E-3 8.5134E-3 8.14174E-3 7.9897E-3 7.96018E-3 7.84871E-3 7.75267E-3 7.5846E-3 7.13195E-3 6.64571E-3 6.73351E-3 7.03874E-3 7.23075E-3 6.34612E-3 5.07446E-3 5.37325E-3 5.60367E-3 5.45907E-3 5.22634E-3 4.99622E-3 4.85921E-3 4.78281E-3 4.81424E-3 4.71799E-3 5.01654E-3
2.20576E-2 2.16756E-2 2.13188E-2 1.97207E-2 2.17551E-2 1.7854E-2 1.65419E-2 1.9941E-2 1.97833E-2 1.84716E-2 1.86386E-2 1.29512E-2 1.29858E-2 1.31016E-2 1.25273E-2 1.33346E-2 1.31146E-2 1.35748E-2 1.51252E-2 1.68653E-2 1.6761E-2 1.83391E-2 1.77272E-2 1.57765E-2 1.33921E-2 1.29677E-2 1.22596E-2 1.10197E-2 1.01459E-2 9.72354E-3 9.25041E-3 8.82825E-3 8.05503E-3 7.34727E-3 7.12292E-3 7.76666E-3 8.10155E-3 8.22395E-3 8.23427E-3 8.17832E-3 8.13107E-3 7.9045E-3 7.7305E-3 7.50749E-3 6.73085E-3 6.68232E-3 7.20837E-3 5.8191E-3 5.4248E-3 5.48027E-3 5.241E-3 4.67951E-3 4.89909E-3 4.91874E-3 4.59576E-3 4.84859E-3 4.88429E-3 4.97283E-3 4.9607E-3 5.17586E-3 5.20754E-3
2.41282E-2 2.21903E-2 2.25247E-2 2.26433E-2 2.19947E-2 2.01025E-2 2.04119E-2 2.1544E-2 2.08099E-2 1.821E-2 1.80277E-2 1.96158E-2 1.59036E-2 1.2738E-2 1.1902E-2 1.39894E-2 1.27345E-2 1.36622E-2 1.49289E-2 1.62726E-2 1.56327E-2 1.53139E-2 1.75208E-2 1.86132E-2 1.62517E-2 1.50466E-2 1.41398E-2 1.30703E-2 1.1047E-2 1.02691E-2 9.80395E-3 9.09417E-3 9.22177E-3 8.85415E-3 8.90001E-3 8.56782E-3 7.95799E-3 8.03848E-3 7.73702E-3 7.55894E-3 7.76939E-3 7.53034E-3 6.55721E-3 7.48693E-3 6.94112E-3 6.33758E-3 6.97448E-3 6.36626E-3 6.18068E-3 4.98484E-3 4.37101E-3 4.30735E-3 4.33341E-3 3.7251E-3 4.15648E-3 4.52256E-3 4.1931E-3 4.29695E-3 4.42178E-3 4.69702E-3 4.86059E-3
2.22144E-2 2.27637E-2 2.19203E-2 2.25642E-2 2.44643E-2 2.15677E-2 2.07209E-2 2.22517E-2 2.20655E-2 1.66829E-2 1.51273E-2 1.5573E-2 1.74994E-2 1.61602E-2 1.61623E-2 1.43315E-2 1.17897E-2 1.27039E-2 1.24219E-2 1.42882E-2 1.37691E-2 1.37132E-2 1.78292E-2 1.84039E-2 1.85458E-2 1.72094E-2 1.57937E-2 1.41759E-2 1.2004E-2 1.12514E-2 1.01127E-2 9.84809E-3 9.2701E-3 9.07234E-3 8.99535E-3 8.30474E-3 8.32247E-3 7.9586E-3 8.01296E-3 7.78807E-3 7.16515E-3 7.51412E-3 6.65701E-3 6.86969E-3 7.40185E-3 7.31483E-3 6.8348E-3 6.72452E-3 6.93988E-3 5.25617E-3 4.52112E-3 4.27962E-3 4.68474E-3 4.24545E-3 4.00648E-3 4.85638E-3 4.85448E-3 4.26913E-3 4.17677E-3 4.29205E-3 4.29659E-3
2.24613E-2 2.31668E-2 2.55515E-2 2.21496E-2 2.60855E-2 2.43892E-2 2.38357E-2 2.09199E-2 2.63255E-2 2.4449E-2 2.1466E-2 1.59673E-2 1.8044E-2 1.91513E-2 1.64724E-2 1.47193E-2 1.49647E-2 1.28389E-2 1.15186E-2 1.25899E-2 1.24288E-2 1.25367E-2 1.28564E-2 1.77814E-2 1.87697E-2 1.82332E-2 1.73629E-2 1.51313E-2 1.37795E-2 1.19877E-2 1.15063E-2 1.07348E-2 1.00033E-2 9.64365E-3 1.02314E-2 9.44139E-3 8.81472E-3 8.32467E-3 8.25539E-3 8.10144E-3 7.86449E-3 7.46283E-3 6.76886E-3 6.50392E-3 7.96118E-3 9.03422E-3 8.6021E-3 6.93829E-3 7.08429E-3 6.13716E-3 4.83658E-3 4.72456E-3 4.46957E-3 4.74046E-3 4.67741E-3 4.80723E-3 4.78162E-3 4.65789E-3 4.75829E-3 4.67597E-3 4.41649E-3
2.61268E-2 2.53229E-2 2.60542E-2 2.51757E-2 2.6122E-2 2.42995E-2 2.58833E-2 2.56405E-2 2.38737E-2 2.604E-2 2.1245E-2 1.73279E-2 1.82245E-2 1.91799E-2 1.98745E-2 1.903E-2 1.5757E-2 1.80147E-2 1.39892E-2 1.33555E-2 1.31237E-2 1.36594E-2 1.43304E-2 1.43322E-2 1.6183E-2 1.81459E-2 1.97699E-2 1.77426E-2 1.53121E-2 1.33743E-2 1.25848E-2 1.18976E-2 1.10589E-2 1.10159E-2 1.10537E-2 1.09759E-2 9.60189E-3 8.65342E-3 8.15676E-3 8.26981E-3 8.21281E-3 8.18247E-3 7.9713E-3 7.40799E-3 7.04378E-3 8.2428E-3 8.51225E-3 7.87401E-3 7.00837E-3 6.44249E-3 4.97121E-3 5.13326E-3 5.25171E-3 5.39256E-3 4.87754E-3 5.05285E-3 5.13379E-3 4.903E-3 4.76811E-3 4.94172E-3 4.9263E-3
2.5073E-2 2.57783E-2 2.828E-2 2.85713E-2 2.44439E-2 2.78994E-2 2.85783E-2 2.87048E-2 2.23694E-2 2.50216E-2 2.47101E-2 1.95938E-2 2.0153E-2 1.96734E-2 1.73343E-2 1.87136E-2 1.88522E-2 1.71834E-2 1.96894E-2 1.63422E-2 1.41008E-2 1.30735E-2 1.38046E-2 1.63505E-2 1.65541E-2 1.63876E-2 1.83418E-2 1.92048E-2 1.63768E-2 1.47669E-2 1.40369E-2 1.32571E-2 1.21464E-2 1.17599E-2 1.15274E-2 1.1276E-2 1.11706E-2 1.00154E-2 9.27787E-3 8.88584E-3 8.39598E-3 8.72647E-3 8.73854E-3 9.06561E-3 9.13682E-3 8.45571E-3 7.90019E-3 7.02496E-3 5.74531E-3 4.91787E-3 4.56126E-3 4.79676E-3 5.54224E-3 6.15832E-3 5.11093E-3 5.36201E-3 5.33472E-3 4.73843E-3 5.13425E-3 5.33345E-3 5.24227E-3
2.84517E-2 3.25767E-2 2.48128E-2 2.76836E-2 2.84041E-2 3.4226E-2 2.88011E-2 2.84019E-2 2.88839E-2 2.49487E-2 2.46838E-2 2.47312E-2 2.24704E-2 1.82522E-2 1.81313E-2 1.7715E-2 1.9038E-2 1.99587E-2 1.68768E-2 1.70498E-2 1.55325E-2 1.43388E-2 1.34173E-2 1.44307E-2 1.55996E-2 1.83137E-2 1.84903E-2 1.79454E-2 1.74706E-2 1.77631E-2 1.55515E-2 1.36268E-2 1.20143E-2 1.33601E-2 1.47704E-2 1.27074E-2 1.07569E-2 9.99295E-3 9.88312E-3 9.81624E-3 8.97773E-3 8.4568E-3 8.05697E-3 8.67078E-3 9.00127E-3 8.6764E-3 7.54216E-3 6.0734E-3 5.15488E-3 5.01109E-3 4.33868E-3 4.26662E-3 4.25084E-3 4.73498E-3 5.38321E-3 5.70394E-3 6.23511E-3 5.29959E-3 4.88938E-3 5.02716E-3 5.4731E-3
2.50939E-2 3.18385E-2 3.44807E-2 3.43408E-2 3.53608E-2 3.342E-2 2.82391E-2 2.87843E-2 3.02493E-2 2.74885E-2 2.93987E-2 2.75807E-2 2.22934E-2 2.24439E-2 2.08021E-2 1.86047E-2 1.96654E-2 1.89831E-2 1.88049E-2 1.64517E-2 1.54999E-2 1.91892E-2 1.59298E-2 1.54515E-2 1.50144E-2 1.38482E-2 1.62613E-2 1.90799E-2 1.87549E-2 1.9325E-2 1.70592E-2 1.48763E-2 1.38648E-2 1.20413E-2 1.28806E-2 1.15395E-2 9.79804E-3 9.80234E-3 1.03204E-2 9.87078E-3 9.78833E-3 9.31909E-3 9.5918E-3 9.38131E-3 9.4056E-3 9.00149E-3 8.08185E-3 7.37451E-3 7.1424E-3 6.53776E-3 6.13033E-3 7.08681E-3 7.66208E-3 7.09272E-3 6.59411E-3 6.96826E-3 7.1345E-3 6.00074E-3 5.92266E-3 6.20104E-3 5.82123E-3
2.64006E-2 2.73147E-2 2.99322E-2 3.62323E-2 3.57394E-2 3.52759E-2 3.29836E-2 3.27212E-2 3.16986E-2 2.9991E-2 2.6891E-2 3.31302E-2 2.89303E-2 2.5841E-2 2.2314E-2 2.14441E-2 2.02054E-2 1.96613E-2 1.73767E-2 1.95003E-2 1.94214E-2 1.6034E-2 2.08363E-2 1.78126E-2 1.57826E-2 1.52892E-2 1.38224E-2 1.69268E-2 1.94013E-2 2.06461E-2 2.01401E-2 1.75856E-2 1.47111E-2 1.24657E-2 1.23738E-2 1.21007E-2 1.11752E-2 1.1281E-2 1.18711E-2 1.13318E-2 1.15819E-2 1.1107E-2 1.04973E-2 1.09467E-2 1.04734E-2 9.84723E-3 9.44969E-3 9.42176E-3 9.10366E-3 9.20597E-3 9.0765E-3 9.16885E-3 8.45852E-3 8.00809E-3 8.30265E-3 7.49108E-3 6.31979E-3 6.58656E-3 7.33706E-3 6.6766E-3 6.55624E-3
2.49227E-2 2.71483E-2 2.9156E-2 3.01159E-2 3.20419E-2 3.38782E-2 3.64176E-2 3.46258E-2 2.89437E-2 3.19458E-2 2.80239E-2 3.3152E-2 3.03463E-2 2.74588E-2 2.70413E-2 2.4074E-2 2.04258E-2 2.13722E-2 1.79652E-2 1.91306E-2 2.18998E-2 1.95756E-2 1.67391E-2 2.1468E-2 1.74099E-2 1.61471E-2 1.4427E-2 1.55653E-2 1.56458E-2 1.99225E-2 2.2169E-2 1.98914E-2 1.73707E-2 1.5301E-2 1.50196E-2 1.36525E-2 1.15544E-2 1.05333E-2 1.07206E-2 1.151E-2 1.27261E-2 1.25963E-2 1.18073E-2 1.16548E-2 1.16634E-2 1.08855E-2 9.95804E-3 1.00121E-2 9.76287E-3 8.98542E-3 7.9321E-3 8.26114E-3 8.86585E-3 8.65566E-3 8.56369E-3 7.65537E-3 7.34151E-3 7.67222E-3 7.3447E-3 7.01507E-3 6.60811E-3
2.68283E-2 2.74806E-2 3.12812E-2 3.10944E-2 3.20769E-2 3.17608E-2 3.47446E-2 3.11184E-2 3.22198E-2 3.06628E-2 2.83114E-2 3.70981E-2 3.07932E-2 2.98283E-2 2.57662E-2 2.489E-2 2.26886E-2 2.80449E-2 2.23376E-2 1.95087E-2 2.25513E-2 2.166E-2 2.08751E-2 1.79693E-2 2.23293E-2 1.78992E-2 1.78545E-2 1.37E-2 1.55208E-2 1.53797E-2 1.95868E-2 2.02909E-2 1.88262E-2 1.74543E-2 1.69716E-2 1.65897E-2 1.46802E-2 1.27642E-2 1.20069E-2 1.2168E-2 1.27972E-2 1.32565E-2 1.25207E-2 1.24044E-2 1.21394E-2 1.12317E-2 1.07134E-2 1.0858E-2 1.00515E-2 9.55284E-3 9.12713E-3 9.27429E-3 8.91507E-3 8.86553E-3 8.52744E-3 8.24654E-3 8.18645E-3 7.86723E-3 7.77083E-3 7.5388E-3 7.33592E-3
3.02846E-2 2.90463E-2 4.1768E-2 3.64283E-2 3.15971E-2 3.10695E-2 3.31899E-2 3.36288E-2 3.23191E-2 3.36581E-2 2.93668E-2 3.50085E-2 3.4658E-2 2.85402E-2 2.72601E-2 2.47602E-2 2.58095E-2 2.98178E-2 2.65162E-2 2.04566E-2 2.14504E-2 2.37573E-2 2.28119E-2 2.02981E-2 2.05995E-2 2.05329E-2 1.80785E-2 1.47254E-2 1.67492E-2 1.46975E-2 1.96736E-2 2.2679E-2 2.11225E-2 1.90108E-2 1.79249E-2 1.85525E-2 1.74882E-2 1.55091E-2 1.40824E-2 1.34113E-2 1.28954E-2 1.38971E-2 1.45276E-2 1.4154E-2 1.34431E-2 1.27505E-2 1.21278E-2 1.15095E-2 1.12129E-2 1.0141E-2 9.77242E-3 9.59018E-3 9.35082E-3 9.14324E-3 9.00248E-3 9.16104E-3 8.30518E-3 7.77448E-3 7.88704E-3 7.59285E-3 7.23257E-3
2.76401E-2 2.97157E-2 4.33769E-2 2.87717E-2 2.7933E-2 3.3071E-2 3.27432E-2 2.95281E-2 3.12964E-2 3.17628E-2 3.16561E-2 3.53734E-2 3.06722E-2 2.95876E-2 3.17826E-2 2.8476E-2 2.6922E-2 3.24435E-2 2.67509E-2 2.21689E-2 2.25913E-2 2.60066E-2 2.30489E-2 2.15184E-2 1.8915E-2 1.96285E-2 1.91092E-2 1.92924E-2 1.76617E-2 1.46468E-2 1.77393E-2 2.3886E-2 2.34081E-2 2.11638E-2 2.08613E-2 1.91259E-2 1.85487E-2 1.76213E-2 1.67025E-2 1.52331E-2 1.48744E-2 1.54806E-2 1.61384E-2 1.56402E-2 1.48499E-2 1.45404E-2 1.39153E-2 1.26481E-2 1.24388E-2 1.15649E-2 1.06233E-2 1.08118E-2 1.09218E-2 1.09374E-2 1.10776E-2 1.04503E-2 9.18637E-3 9.16561E-3 9.28192E-3 8.74004E-3 8.23716E-3
2.67923E-2 3.34005E-2 4.22064E-2 2.97044E-2 2.92E-2 3.36852E-2 3.13245E-2 3.12653E-2 3.46674E-2 3.32499E-2 4.1655E-2 3.77235E-2 3.31264E-2 3.05799E-2 3.54198E-2 3.26137E-2 2.97979E-2 3.41168E-2 2.98798E-2 2.18752E-2 2.26101E-2 2.30011E-2 2.60039E-2 2.25908E-2 1.82851E-2 2.45218E-2 2.07149E-2 1.89382E-2 1.94953E-2 1.66973E-2 1.842E-2 2.32147E-2 2.25273E-2 2.26302E-2 2.13507E-2 2.08069E-2 2.00293E-2 1.86838E-2 1.8204E-2 1.76183E-2 1.74861E-2 1.7505E-2 1.83366E-2 1.78913E-2 1.69049E-2 1.6259E-2 1.6091E-2 1.41777E-2 1.38555E-2 1.29141E-2 1.28561E-2 1.22411E-2 1.17981E-2 1.17946E-2 1.21282E-2 1.17196E-2 1.13174E-2 1.14033E-2 1.0846E-2 1.05041E-2 1.0268E-2
4.03018E-2 3.65983E-2 3.06751E-2 2.77044E-2 2.76024E-2 3.24087E-2 2.62869E-2 3.36149E-2 3.44552E-2 3.24517E-2 4.18546E-2 3.45937E-2 3.49361E-2 3.29884E-2 3.5558E-2 3.05154E-2 2.97373E-2 3.62011E-2 3.29733E-2 2.65496E-2 2.58429E-2 2.69375E-2 2.65493E-2 2.04806E-2 1.88351E-2 2.52867E-2 2.2875E-2 2.01729E-2 2.00771E-2 1.94123E-2 1.9781E-2 2.33347E-2 2.47182E-2 2.29951E-2 2.01722E-2 2.2716E-2 2.13145E-2 2.20177E-2 2.11624E-2 2.04814E-2 2.01809E-2 2.07922E-2 2.03188E-2 1.97156E-2 1.92908E-2 1.9064E-2 1.85439E-2 1.64176E-2 1.55197E-2 1.45109E-2 1.34663E-2 1.22539E-2 1.17296E-2 1.22114E-2 1.21353E-2 1.15158E-2 1.14594E-2 1.16159E-2 1.1631E-2 1.14854E-2 1.10544E-2
3.28364E-2 4.45805E-2 3.30774E-2 2.58731E-2 2.52321E-2 2.57152E-2 2.87073E-2 3.41866E-2 3.14816E-2 3.37007E-2 4.44402E-2 3.41844E-2 3.44566E-2 3.71295E-2 3.46613E-2 3.44358E-2 3.67671E-2 3.86655E-2 4.08039E-2 2.85412E-2 2.67132E-2 2.65239E-2 2.52409E-2 2.04252E-2 2.02596E-2 2.08609E-2 2.21237E-2 2.0458E-2 1.99447E-2 2.09994E-2 2.10784E-2 2.27055E-2 2.50105E-2 2.62905E-2 2.34985E-2 2.28077E-2 2.29743E-2 2.17906E-2 2.24157E-2 2.22341E-2 2.07012E-2 2.09744E-2 2.05047E-2 1.96535E-2 1.94818E-2 1.94065E-2 1.90058E-2 1.77871E-2 1.62985E-2 1.57237E-2 1.45148E-2 1.35352E-2 1.23745E-2 1.15317E-2 1.05817E-2 9.4243E-3 9.87179E-3 1.07785E-2 1.16264E-2 1.18894E-2 1.13734E-2
