maxent_outputs/red_flowers_linear/red_204.asc
ncols         426
nrows         180
xllcorner     -130.0
yllcorner     24.0
cellsize      0.16666666666666666
NODATA_value  -9999
[rows 0 to 26 of 180, columns 305 to 365 of 426]
2.50995E-1 2.16579E-1 2.08724E-1 1.95539E-1 1.78338E-1 1.72337E-1 1.7095E-1 1.72133E-1 1.76655E-1 1.82758E-1 1.86966E-1 1.85365E-1 1.91661E-1 2.01179E-1 2.10659E-1 2.27261E-1 2.21457E-1 2.0065E-1 1.91568E-1 1.90518E-1 2.05407E-1 2.3397E-1 2.39481E-1 2.3776E-1 2.17307E-1 1.99541E-1 1.98979E-1 2.01838E-1 2.0457E-1 1.91562E-1 1.92075E-1 2.05325E-1 1.88303E-1 2.10882E-1 2.41951E-1 2.31521E-1 2.2882E-1 2.04693E-1 1.89794E-1 1.91774E-1 1.87737E-1 1.92103E-1 1.91929E-1 1.92849E-1 1.85424E-1 1.85345E-1 1.90331E-1 1.92597E-1 1.87504E-1 1.85625E-1 1.90931E-1 1.87424E-1 1.8469E-1 1.87653E-1 1.92516E-1 1.89751E-1 1.94488E-1 1.89544E-1 1.84554E-1 1.86916E-1 1.94029E-1
2.71397E-1 2.28721E-1 2.22643E-1 2.13315E-1 2.04246E-1 1.93837E-1 1.88624E-1 1.96381E-1 1.93751E-1 2.05771E-1 2.43435E-1 2.49851E-1 2.45015E-1 2.45355E-1 2.37434E-1 2.06771E-1 2.10469E-1 2.10622E-1 2.20694E-1 2.51823E-1 2.49354E-1 2.45449E-1 2.46403E-1 2.47696E-1 2.45146E-1 2.38354E-1 2.15916E-1 2.03165E-1 2.01964E-1 2.05359E-1 2.02956E-1 2.03024E-1 1.95517E-1 1.92622E-1 1.9322E-1 1.95784E-1 1.92444E-1 1.88964E-1 1.90867E-1 1.87853E-1 1.87573E-1 1.94267E-1 1.85177E-1 1.81924E-1 1.84949E-1 1.81298E-1 1.83029E-1 1.85303E-1 1.85536E-1 1.8049E-1 1.8158E-1 1.8687E-1 1.89132E-1 1.93375E-1 1.87304E-1 1.8611E-1 1.85726E-1 1.87174E-1 1.86124E-1 1.90747E-1 1.88603E-1
3.07487E-1 2.27761E-1 2.09988E-1 1.9463E-1 1.90288E-1 1.83385E-1 1.85718E-1 1.92597E-1 1.87345E-1 1.92657E-1 2.30985E-1 2.35123E-1 2.33349E-1 2.28847E-1 2.18151E-1 2.18149E-1 2.07557E-1 1.98426E-1 1.92667E-1 2.08925E-1 2.35858E-1 2.26066E-1 2.16957E-1 2.06743E-1 1.9644E-1 2.04408E-1 1.97747E-1 2.05294E-1 2.07092E-1 2.04653E-1 1.95727E-1 1.91385E-1 1.92442E-1 1.94419E-1 1.88774E-1 1.90673E-1 1.91548E-1 1.88143E-1 1.92725E-1 1.99999E-1 1.97771E-1 1.95019E-1 1.93404E-1 1.98413E-1 1.91561E-1 1.86005E-1 1.81347E-1 1.82729E-1 1.88489E-1 1.864E-1 1.82667E-1 1.85365E-1 1.82896E-1 1.87767E-1 1.90841E-1 1.85977E-1 1.84786E-1 1.86926E-1 1.88034E-1 1.92287E-1 1.88607E-1
2.56042E-1 2.36083E-1 2.15272E-1 1.97371E-1 1.87804E-1 1.79164E-1 1.97574E-1 2.01852E-1 1.83192E-1 1.86031E-1 1.9709E-1 1.94519E-1 1.95916E-1 1.97376E-1 2.0455E-1 2.10245E-1 1.96153E-1 1.87817E-1 1.93087E-1 2.10087E-1 2.1369E-1 2.07399E-1 2.03451E-1 1.96975E-1 1.93496E-1 1.99172E-1 1.99071E-1 2.01027E-1 1.99823E-1 1.99257E-1 2.08525E-1 2.01949E-1 1.96837E-1 1.93241E-1 1.93465E-1 2.01158E-1 1.97172E-1 2.08405E-1 1.97633E-1 1.97776E-1 2.0365E-1 2.01258E-1 1.93105E-1 1.97056E-1 1.88383E-1 1.85403E-1 1.83186E-1 1.80793E-1 1.8033E-1 1.7984E-1 1.80389E-1 1.84939E-1 1.8353E-1 1.83173E-1 1.86464E-1 1.856E-1 1.8733E-1 1.88117E-1 1.89775E-1 1.90344E-1 1.97522E-1
4.72909E-1 2.38372E-1 2.10154E-1 1.94734E-1 1.78769E-1 1.68304E-1 1.70614E-1 1.82908E-1 1.79275E-1 1.89732E-1 1.86363E-1 1.79949E-1 1.93177E-1 2.03518E-1 2.17159E-1 2.01112E-1 2.01055E-1 2.05179E-1 2.05742E-1 2.04756E-1 2.08637E-1 2.06851E-1 2.05386E-1 2.05707E-1 2.01689E-1 2.08046E-1 2.10805E-1 2.0109E-1 2.04231E-1 2.03482E-1 1.98338E-1 2.02542E-1 2.04814E-1 2.0164E-1 1.98192E-1 1.99704E-1 1.99739E-1 2.02465E-1 1.97107E-1 2.01488E-1 2.04568E-1 2.03833E-1 1.94167E-1 1.93022E-1 1.89865E-1 1.87812E-1 1.83693E-1 1.83064E-1 1.84221E-1 1.86794E-1 1.87383E-1 1.81293E-1 1.83441E-1 1.82977E-1 1.89365E-1 1.92714E-1 1.99048E-1 1.95046E-1 1.96615E-1 2.00147E-1 1.99E-1
4.91843E-1 2.43263E-1 2.13786E-1 1.9635E-1 1.88006E-1 1.82952E-1 1.70923E-1 1.71427E-1 1.7698E-1 1.79219E-1 1.7777E-1 1.84997E-1 1.86908E-1 2.11366E-1 2.06404E-1 2.07123E-1 2.05093E-1 2.07893E-1 2.09034E-1 2.06869E-1 2.1152E-1 2.10988E-1 2.11659E-1 2.12368E-1 2.07281E-1 2.07892E-1 2.02721E-1 2.0661E-1 2.04752E-1 2.04826E-1 2.04336E-1 2.05558E-1 2.00937E-1 2.01018E-1 1.99785E-1 2.05793E-1 2.04305E-1 2.03213E-1 2.08361E-1 2.13501E-1 2.08855E-1 2.05737E-1 1.99827E-1 1.94952E-1 1.93338E-1 2.00164E-1 1.94737E-1 1.9363E-1 2.00882E-1 1.95244E-1 1.90683E-1 1.82646E-1 1.84985E-1 1.92471E-1 1.94196E-1 2.0618E-1 2.0265E-1 2.01383E-1 2.01979E-1 2.02038E-1 2.08277E-1
8.35223E-1 3.23353E-1 2.40286E-1 2.05381E-1 1.74976E-1 1.70442E-1 1.68453E-1 1.72724E-1 1.75896E-1 1.82353E-1 1.90099E-1 1.84585E-1 1.99818E-1 2.04913E-1 2.06615E-1 2.0415E-1 2.08167E-1 2.13898E-1 2.14489E-1 2.15448E-1 2.15508E-1 2.12679E-1 2.12524E-1 2.16184E-1 2.12535E-1 2.0982E-1 2.11024E-1 2.07496E-1 2.09355E-1 2.08633E-1 2.0595E-1 2.06721E-1 2.04353E-1 2.06415E-1 2.07974E-1 2.09824E-1 2.1133E-1 2.14779E-1 2.14838E-1 2.08852E-1 2.15147E-1 2.13319E-1 2.14054E-1 2.11381E-1 2.0854E-1 2.13269E-1 2.01948E-1 1.91733E-1 1.93337E-1 1.91799E-1 2.00291E-1 2.08931E-1 2.00218E-1 2.01289E-1 2.02104E-1 1.98865E-1 1.99231E-1 2.01594E-1 2.06746E-1 2.08083E-1 2.17642E-1
9.54284E-1 3.87733E-1 2.44725E-1 1.97803E-1 1.83747E-1 1.75292E-1 1.71822E-1 1.73162E-1 1.74473E-1 2.08525E-1 2.03812E-1 1.96621E-1 1.99946E-1 2.02091E-1 2.10163E-1 2.1295E-1 2.17405E-1 2.19267E-1 2.16399E-1 2.17828E-1 2.17512E-1 2.16961E-1 2.22706E-1 2.22853E-1 2.24157E-1 2.25246E-1 2.18008E-1 2.15336E-1 2.17066E-1 2.16832E-1 2.14074E-1 2.13105E-1 2.11468E-1 2.11445E-1 2.11351E-1 2.16092E-1 2.1741E-1 2.16957E-1 2.16439E-1 2.15496E-1 2.14324E-1 2.07582E-1 2.13117E-1 2.11563E-1 2.12096E-1 2.07305E-1 1.98172E-1 2.0062E-1 1.95518E-1 1.97136E-1 2.04743E-1 2.06717E-1 2.01528E-1 1.95266E-1 1.98929E-1 1.99859E-1 2.01165E-1 2.04013E-1 2.09875E-1 2.14676E-1 2.17548E-1
9.32594E-1 9.42283E-1 2.67779E-1 2.24694E-1 1.90803E-1 1.86303E-1 1.8655E-1 1.78511E-1 1.84771E-1 1.87591E-1 1.90037E-1 1.95992E-1 2.01545E-1 2.03857E-1 2.03362E-1 2.20053E-1 2.22999E-1 2.26882E-1 2.18289E-1 2.21493E-1 2.23596E-1 2.25663E-1 2.24375E-1 2.30146E-1 2.27651E-1 2.28423E-1 2.22561E-1 2.19481E-1 2.21157E-1 2.23199E-1 2.21686E-1 2.20867E-1 2.14058E-1 2.16984E-1 2.246E-1 2.26144E-1 2.25204E-1 2.3194E-1 2.3024E-1 2.24353E-1 2.16299E-1 2.10212E-1 2.11898E-1 2.10644E-1 2.093E-1 2.06582E-1 2.05967E-1 1.95873E-1 1.97242E-1 1.95645E-1 1.95275E-1 1.92114E-1 1.97586E-1 2.05773E-1 2.02777E-1 2.02773E-1 2.04279E-1 2.08303E-1 2.12746E-1 2.21303E-1 2.18286E-1
9.50821E-1 -9999 3.27013E-1 2.36522E-1 2.02753E-1 1.86306E-1 1.82882E-1 1.8305E-1 1.8954E-1 1.94034E-1 1.9692E-1 1.96019E-1 1.97268E-1 2.04623E-1 2.17566E-1 2.2795E-1 2.25533E-1 2.21521E-1 2.21042E-1 2.21371E-1 2.24958E-1 2.33324E-1 2.31162E-1 2.29194E-1 2.25719E-1 2.28531E-1 2.29239E-1 2.24412E-1 2.29717E-1 2.36664E-1 2.31968E-1 2.23831E-1 2.20964E-1 2.25635E-1 2.28783E-1 2.32401E-1 2.34163E-1 2.32912E-1 2.32091E-1 2.30497E-1 2.33503E-1 2.24531E-1 2.1882E-1 2.17294E-1 2.15882E-1 2.09673E-1 2.05639E-1 2.08702E-1 2.08214E-1 2.22193E-1 2.15511E-1 2.18964E-1 2.19436E-1 2.1879E-1 2.10634E-1 2.08136E-1 2.13654E-1 2.16656E-1 2.2077E-1 2.24503E-1 2.32886E-1
9.50839E-1 -9999 -9999 2.31255E-1 2.03613E-1 1.84569E-1 1.8343E-1 1.87098E-1 1.92353E-1 1.95136E-1 1.9328E-1 1.97419E-1 1.97844E-1 2.00802E-1 2.08257E-1 2.17778E-1 2.1352E-1 2.18309E-1 2.20029E-1 2.23514E-1 2.30786E-1 2.36767E-1 2.37643E-1 2.31426E-1 2.2901E-1 2.28081E-1 2.37068E-1 2.33527E-1 2.27845E-1 2.31672E-1 2.23868E-1 2.26284E-1 2.31512E-1 2.33144E-1 2.32784E-1 2.31741E-1 2.30639E-1 2.38754E-1 2.39115E-1 2.41162E-1 2.365E-1 2.4287E-1 2.38231E-1 2.39989E-1 2.29211E-1 2.2207E-1 2.25711E-1 2.24111E-1 2.18976E-1 2.15223E-1 2.18724E-1 2.20539E-1 2.18004E-1 2.16349E-1 2.1663E-1 2.20724E-1 2.24151E-1 2.29956E-1 2.26474E-1 2.36267E-1 2.41128E-1
2.61971E-1 5.19217E-1 2.33545E-1 2.04111E-1 1.88486E-1 1.89657E-1 1.88253E-1 1.93767E-1 1.97225E-1 1.9462E-1 1.94225E-1 1.94153E-1 2.00802E-1 2.00911E-1 2.0533E-1 2.06461E-1 2.10148E-1 2.15278E-1 2.23255E-1 2.21364E-1 2.3111E-1 2.30071E-1 2.27813E-1 2.35176E-1 2.33393E-1 2.38313E-1 2.36386E-1 2.35121E-1 2.38528E-1 2.36936E-1 2.35517E-1 2.31709E-1 2.29404E-1 2.31588E-1 2.36261E-1 2.42717E-1 2.35951E-1 2.40266E-1 2.45216E-1 2.55233E-1 2.53539E-1 2.54297E-1 2.52246E-1 2.50451E-1 2.25751E-1 2.23409E-1 2.18771E-1 2.16606E-1 2.1283E-1 2.16616E-1 2.17784E-1 2.19062E-1 2.23523E-1 2.18517E-1 2.25709E-1 2.29368E-1 2.387E-1 2.3989E-1 2.41691E-1 2.45885E-1 2.52093E-1
9.35099E-1 2.34582E-1 2.02163E-1 1.9545E-1 1.9034E-1 1.93399E-1 1.90198E-1 1.9156E-1 1.95178E-1 1.91798E-1 1.97933E-1 1.94468E-1 1.98761E-1 2.02019E-1 2.02609E-1 2.05302E-1 2.10417E-1 2.11762E-1 2.20429E-1 2.3088E-1 2.38688E-1 2.37973E-1 2.37365E-1 2.41585E-1 2.35222E-1 2.38961E-1 2.41698E-1 2.42346E-1 2.39748E-1 2.3637E-1 2.33372E-1 2.37755E-1 2.35696E-1 2.38932E-1 2.40232E-1 2.40581E-1 2.43459E-1 2.48865E-1 2.68818E-1 2.6883E-1 2.72044E-1 2.68323E-1 2.52755E-1 2.34521E-1 2.28865E-1 2.2262E-1 2.19673E-1 2.21926E-1 2.14529E-1 2.16011E-1 2.26875E-1 2.25617E-1 2.27103E-1 2.31186E-1 2.23795E-1 2.37538E-1 2.40686E-1 2.3951E-1 2.52604E-1 2.50783E-1 2.60724E-1
3.9331E-1 2.10613E-1 1.98974E-1 1.9762E-1 1.99188E-1 1.9267E-1 1.96035E-1 1.96182E-1 1.94931E-1 1.98617E-1 2.00953E-1 2.01185E-1 2.06113E-1 2.05081E-1 2.11061E-1 2.16198E-1 2.18019E-1 2.17192E-1 2.17263E-1 2.31867E-1 2.35392E-1 2.39487E-1 2.42208E-1 2.43097E-1 2.47642E-1 2.45582E-1 2.47457E-1 2.45205E-1 2.42785E-1 2.44484E-1 2.46032E-1 2.47733E-1 2.5367E-1 2.47056E-1 2.46471E-1 2.49564E-1 2.61343E-1 2.73576E-1 2.85322E-1 2.83974E-1 2.84584E-1 2.70113E-1 2.522E-1 2.35733E-1 2.27704E-1 2.28553E-1 2.25294E-1 2.12967E-1 2.18253E-1 2.08801E-1 2.09335E-1 2.23007E-1 2.24728E-1 2.35761E-1 2.60533E-1 2.38521E-1 2.43311E-1 2.52694E-1 2.61287E-1 2.60338E-1 2.71307E-1
3.00652E-1 2.09273E-1 2.01838E-1 2.02697E-1 2.02805E-1 2.01677E-1 2.01396E-1 1.96718E-1 1.99867E-1 2.03835E-1 2.05766E-1 2.09124E-1 2.07836E-1 2.13589E-1 2.14284E-1 2.16709E-1 2.20484E-1 2.22794E-1 2.31169E-1 2.38347E-1 2.36137E-1 2.41063E-1 2.41947E-1 2.48221E-1 2.44744E-1 2.47779E-1 2.48369E-1 2.4509E-1 2.48489E-1 2.51087E-1 2.50634E-1 2.54462E-1 2.55986E-1 2.50907E-1 2.56056E-1 2.51185E-1 2.65807E-1 2.79897E-1 2.76074E-1 2.79786E-1 2.67027E-1 2.5296E-1 2.4767E-1 2.48959E-1 2.39352E-1 2.26165E-1 2.19286E-1 2.16731E-1 2.20517E-1 2.26554E-1 2.2859E-1 2.32487E-1 2.36277E-1 2.34381E-1 2.49715E-1 2.37437E-1 2.44076E-1 2.57138E-1 2.60922E-1 2.71117E-1 3.35948E-1
2.06258E-1 2.45683E-1 2.04784E-1 2.16039E-1 2.10826E-1 2.09121E-1 2.06622E-1 2.06188E-1 2.09979E-1 2.04777E-1 2.13111E-1 2.10709E-1 2.12035E-1 2.18967E-1 2.2027E-1 2.21606E-1 2.24572E-1 2.28627E-1 2.31282E-1 2.36677E-1 2.4111E-1 2.46725E-1 2.48258E-1 2.62512E-1 2.59059E-1 2.57117E-1 2.52478E-1 2.50383E-1 2.5404E-1 2.5658E-1 2.56705E-1 2.61058E-1 2.67688E-1 2.54939E-1 2.62196E-1 2.53324E-1 2.87035E-1 2.80871E-1 2.71994E-1 2.73989E-1 2.61156E-1 2.61618E-1 2.63153E-1 2.59247E-1 2.48565E-1 2.44217E-1 2.35866E-1 2.19129E-1 2.18334E-1 2.14E-1 2.25281E-1 2.43589E-1 2.47124E-1 2.34196E-1 2.35018E-1 2.40425E-1 2.46905E-1 2.54245E-1 2.6874E-1 2.85595E-1 3.40697E-1
2.07234E-1 2.08331E-1 2.06654E-1 2.1899E-1 2.15883E-1 2.13268E-1 2.12336E-1 2.09955E-1 2.08154E-1 2.13051E-1 2.14369E-1 2.17579E-1 2.1772E-1 2.20604E-1 2.20713E-1 2.23585E-1 2.29112E-1 2.32436E-1 2.36486E-1 2.44328E-1 2.47602E-1 2.51523E-1 2.57046E-1 2.56029E-1 2.57373E-1 2.52469E-1 2.55868E-1 2.63111E-1 2.66771E-1 2.63554E-1 2.58969E-1 2.54609E-1 2.68243E-1 2.6278E-1 2.99078E-1 3.56396E-1 3.43073E-1 3.15269E-1 2.99441E-1 2.81753E-1 2.70997E-1 2.72797E-1 2.65046E-1 2.72545E-1 2.60433E-1 2.45678E-1 2.34339E-1 2.2931E-1 2.23239E-1 2.21288E-1 2.29309E-1 2.37771E-1 2.56433E-1 2.58218E-1 2.50499E-1 2.54249E-1 2.55776E-1 2.6286E-1 2.76675E-1 2.89436E-1 3.32455E-1
2.07676E-1 2.11941E-1 2.1551E-1 2.18234E-1 2.08911E-1 2.09408E-1 2.10413E-1 2.08934E-1 2.16402E-1 2.13724E-1 2.14888E-1 2.13727E-1 2.20057E-1 2.21012E-1 2.20966E-1 2.26794E-1 2.32272E-1 2.36871E-1 2.35995E-1 2.45167E-1 2.44002E-1 2.5115E-1 2.65486E-1 2.56292E-1 2.54162E-1 2.52008E-1 2.5653E-1 2.56928E-1 2.61308E-1 2.66433E-1 2.61135E-1 2.6709E-1 2.85909E-1 3.39997E-1 3.6258E-1 3.28688E-1 3.10177E-1 3.03217E-1 2.97922E-1 2.92318E-1 2.89092E-1 2.89812E-1 2.81608E-1 2.76331E-1 2.56327E-1 2.45865E-1 2.3071E-1 2.3247E-1 2.33135E-1 2.31257E-1 2.27986E-1 2.32627E-1 2.50151E-1 2.56688E-1 2.60271E-1 2.63182E-1 2.67156E-1 2.75916E-1 2.86439E-1 2.83135E-1 2.83201E-1
2.08654E-1 2.09995E-1 2.13008E-1 2.12954E-1 2.06994E-1 2.10379E-1 2.08858E-1 2.16932E-1 2.23044E-1 2.17798E-1 2.20043E-1 2.23929E-1 2.31667E-1 2.38699E-1 2.30013E-1 2.31435E-1 2.33154E-1 2.44155E-1 2.41757E-1 2.41915E-1 2.44429E-1 2.54516E-1 2.59741E-1 2.66786E-1 2.59679E-1 2.59816E-1 2.61805E-1 2.73197E-1 2.72027E-1 2.66247E-1 2.68811E-1 2.92433E-1 3.70272E-1 3.71319E-1 3.15967E-1 3.01256E-1 2.82144E-1 2.83543E-1 2.95478E-1 3.07888E-1 3.00655E-1 2.8512E-1 2.74274E-1 2.70261E-1 2.60622E-1 2.44063E-1 2.34777E-1 2.27935E-1 2.29903E-1 2.3902E-1 2.32938E-1 2.28889E-1 2.50943E-1 2.50415E-1 2.60752E-1 2.73636E-1 2.91741E-1 2.87658E-1 2.85575E-1 2.86486E-1 2.83164E-1
2.07965E-1 2.06672E-1 2.08365E-1 2.05624E-1 2.06601E-1 2.11022E-1 2.1199E-1 2.20627E-1 2.16759E-1 2.20488E-1 2.24197E-1 2.23687E-1 2.33212E-1 2.33528E-1 2.28647E-1 2.32952E-1 2.37973E-1 2.35874E-1 2.32431E-1 2.40215E-1 2.43152E-1 2.52865E-1 2.5481E-1 2.66717E-1 2.65957E-1 2.72907E-1 2.72699E-1 2.79016E-1 2.73514E-1 2.7782E-1 2.84733E-1 3.63793E-1 3.69191E-1 3.05189E-1 3.00484E-1 2.97451E-1 2.88346E-1 2.85024E-1 2.91269E-1 2.88265E-1 2.84015E-1 2.73248E-1 2.69913E-1 2.64254E-1 2.5204E-1 2.44429E-1 2.42927E-1 2.38434E-1 2.30828E-1 2.54483E-1 2.51419E-1 2.49151E-1 2.48843E-1 2.65622E-1 2.69958E-1 2.86223E-1 2.90633E-1 2.84401E-1 2.83058E-1 2.76119E-1 2.79459E-1
2.12678E-1 2.09879E-1 2.12103E-1 2.11568E-1 2.1289E-1 2.18042E-1 2.24013E-1 2.22942E-1 2.22922E-1 2.24738E-1 2.26804E-1 2.2641E-1 2.28496E-1 2.27069E-1 2.3522E-1 2.35815E-1 2.34091E-1 2.30634E-1 2.34552E-1 2.44426E-1 2.45883E-1 2.50458E-1 2.62956E-1 2.70696E-1 2.66799E-1 2.75089E-1 2.71812E-1 2.79632E-1 2.82431E-1 2.79695E-1 2.87027E-1 3.58726E-1 2.97699E-1 2.88968E-1 2.93664E-1 2.95426E-1 2.94798E-1 2.95857E-1 3.00926E-1 2.91036E-1 2.82399E-1 2.80856E-1 2.70947E-1 2.65606E-1 2.57784E-1 2.43912E-1 2.42105E-1 2.40091E-1 2.40825E-1 2.51104E-1 2.67586E-1 2.56755E-1 2.42873E-1 2.49499E-1 2.68071E-1 2.86873E-1 2.99998E-1 2.81105E-1 2.83725E-1 2.87515E-1 2.77393E-1
2.1286E-1 2.12023E-1 2.11989E-1 2.15297E-1 2.17742E-1 2.24291E-1 2.24728E-1 2.26158E-1 2.30471E-1 2.25345E-1 2.24732E-1 2.28897E-1 2.28896E-1 2.34296E-1 2.30986E-1 2.2525E-1 2.29185E-1 2.32996E-1 2.39422E-1 2.37832E-1 2.43301E-1 2.47319E-1 2.59281E-1 2.68694E-1 2.70612E-1 2.77943E-1 2.82156E-1 2.87618E-1 2.8804E-1 2.88792E-1 2.8849E-1 3.10987E-1 2.95033E-1 2.84571E-1 2.84812E-1 2.91366E-1 2.98985E-1 2.98557E-1 3.01578E-1 2.94389E-1 2.84895E-1 2.80401E-1 2.77865E-1 2.77989E-1 2.78472E-1 2.63417E-1 2.44668E-1 2.41305E-1 2.39066E-1 2.4507E-1 2.49599E-1 2.42854E-1 2.61334E-1 2.66589E-1 2.67093E-1 2.87417E-1 2.99891E-1 2.93775E-1 2.93643E-1 3.25019E-1 3.00355E-1
2.13918E-1 2.1585E-1 2.20032E-1 2.21215E-1 2.21882E-1 2.27785E-1 2.2441E-1 2.29286E-1 2.3224E-1 2.33577E-1 2.31299E-1 2.27843E-1 2.27992E-1 2.35849E-1 2.325E-1 2.24382E-1 2.27909E-1 2.31043E-1 2.31677E-1 2.3689E-1 2.38734E-1 2.48143E-1 2.53809E-1 2.68448E-1 2.67293E-1 2.72287E-1 2.7768E-1 2.7847E-1 2.87089E-1 2.85989E-1 2.8804E-1 3.09111E-1 2.92751E-1 2.86617E-1 2.88775E-1 2.91832E-1 2.97513E-1 3.05101E-1 2.98724E-1 2.94648E-1 2.94928E-1 2.83343E-1 2.73723E-1 2.71053E-1 2.78916E-1 2.65675E-1 2.59933E-1 2.81961E-1 2.49754E-1 2.50136E-1 2.51347E-1 2.55719E-1 2.58449E-1 2.76091E-1 2.86844E-1 2.89084E-1 2.90827E-1 2.86906E-1 3.14917E-1 3.73914E-1 3.50465E-1
2.21229E-1 2.2189E-1 2.21601E-1 2.24549E-1 2.27024E-1 2.2991E-1 2.28568E-1 2.35449E-1 2.33836E-1 2.33387E-1 2.35851E-1 2.2939E-1 2.25847E-1 2.32415E-1 2.25114E-1 2.23861E-1 2.22502E-1 2.25686E-1 2.26226E-1 2.30602E-1 2.34188E-1 2.45521E-1 2.52978E-1 2.57639E-1 2.62886E-1 2.65306E-1 2.73132E-1 2.78063E-1 2.86331E-1 2.89009E-1 3.16414E-1 3.05863E-1 2.92327E-1 2.96299E-1 2.94437E-1 2.93982E-1 2.95647E-1 2.98703E-1 2.97835E-1 2.97756E-1 2.94249E-1 2.8699E-1 2.73765E-1 2.71762E-1 2.73559E-1 2.63939E-1 2.59269E-1 3.10783E-1 2.66739E-1 2.59024E-1 2.58967E-1 2.64067E-1 2.70197E-1 2.87626E-1 2.99048E-1 2.91767E-1 2.97527E-1 2.98438E-1 3.08892E-1 3.386E-1 4.3258E-1
2.19529E-1 2.19097E-1 2.17828E-1 2.24044E-1 2.25785E-1 2.33485E-1 2.38784E-1 2.37511E-1 2.47471E-1 2.42814E-1 2.37367E-1 2.36658E-1 2.28092E-1 2.2728E-1 2.27916E-1 2.33397E-1 2.22004E-1 2.23922E-1 2.2996E-1 2.31874E-1 2.34824E-1 2.4656E-1 2.4787E-1 2.53374E-1 2.56671E-1 2.72022E-1 2.71275E-1 2.79096E-1 2.89917E-1 3.27264E-1 3.27706E-1 2.91271E-1 2.95107E-1 2.94046E-1 2.96745E-1 2.96597E-1 3.02742E-1 3.00901E-1 2.99203E-1 2.97191E-1 2.96255E-1 2.97239E-1 2.7412E-1 2.71143E-1 2.72933E-1 2.70969E-1 2.65119E-1 2.99287E-1 2.75391E-1 2.84894E-1 2.74388E-1 2.65311E-1 2.93522E-1 3.009E-1 3.02387E-1 2.98523E-1 3.18233E-1 3.15775E-1 3.23831E-1 3.60751E-1 4.5435E-1
2.15478E-1 2.20136E-1 2.20588E-1 2.21979E-1 2.17741E-1 2.23161E-1 2.27735E-1 2.35767E-1 2.38607E-1 2.43527E-1 2.36551E-1 2.37037E-1 2.27128E-1 2.30837E-1 2.34264E-1 2.19711E-1 2.2098E-1 2.22855E-1 2.30886E-1 2.29205E-1 2.33165E-1 2.37936E-1 2.41357E-1 2.47616E-1 2.46713E-1 2.57209E-1 2.75049E-1 2.81987E-1 2.85619E-1 3.16509E-1 2.97886E-1 2.90292E-1 2.94782E-1 2.93613E-1 3.00432E-1 3.11591E-1 3.08095E-1 3.09422E-1 2.99065E-1 2.97301E-1 2.95791E-1 2.95803E-1 2.88472E-1 2.79606E-1 2.72161E-1 2.72823E-1 2.75114E-1 2.78735E-1 2.86061E-1 2.78901E-1 2.76966E-1 2.85062E-1 3.1866E-1 3.42809E-1 3.27056E-1 3.20501E-1 3.24741E-1 3.57779E-1 3.50399E-1 3.84659E-1 4.00325E-1
2.26112E-1 2.18621E-1 2.17905E-1 2.19402E-1 2.20417E-1 2.23195E-1 2.28466E-1 2.36794E-1 2.3531E-1 2.2946E-1 2.30751E-1 2.27498E-1 2.22332E-1 2.23555E-1 2.17787E-1 2.24651E-1 2.39408E-1 2.2452E-1 2.25848E-1 2.35681E-1 2.38883E-1 2.40219E-1 2.43718E-1 2.48441E-1 2.51259E-1 2.57403E-1 2.64494E-1 2.84551E-1 2.94456E-1 2.90928E-1 2.87558E-1 2.8894E-1 2.83725E-1 2.9752E-1 3.03328E-1 3.09856E-1 3.16286E-1 3.00949E-1 3.01038E-1 2.91938E-1 2.89693E-1 2.83964E-1 2.94938E-1 2.87775E-1 2.8448E-1 2.83569E-1 2.90304E-1 2.94839E-1 2.94073E-1 3.05317E-1 3.06654E-1 3.3001E-1 3.9989E-1 3.58472E-1 3.73468E-1 3.53331E-1 3.37445E-1 3.65569E-1 3.50827E-1 3.87889E-1 4.1364E-1
