maxent_outputs/red_flowers_linear/red_8.asc
ncols         426
nrows         180
xllcorner     -130.0
yllcorner     24.0
cellsize      0.16666666666666666
NODATA_value  -9999
[rows 54 to 80 of 180, columns 183 to 243 of 426]
1.81273E-2 1.89517E-2 2.07084E-2 2.05103E-2 1.98974E-2 1.93158E-2 1.96545E-2 1.9109E-2 1.89839E-2 1.88205E-2 1.85316E-2 1.87686E-2 1.97792E-2 1.99861E-2 1.88412E-2 1.80665E-2 1.96142E-2 2.01353E-2 2.03997E-2 1.95805E-2 1.9631E-2 1.89229E-2 1.80729E-2 1.7087E-2 1.72783E-2 1.71782E-2 1.77925E-2 1.87202E-2 1.82223E-2 1.83069E-2 1.93564E-2 1.84632E-2 1.86025E-2 1.87954E-2 2.07029E-2 2.3598E-2 2.4197E-2 2.41937E-2 2.40861E-2 2.15469E-2 2.29562E-2 1.98335E-2 1.72622E-2 1.69221E-2 1.88248E-2 1.98514E-2 1.91241E-2 1.92097E-2 2.0862E-2 1.94941E-2 1.85565E-2 1.76321E-2 1.70202E-2 1.67792E-2 1.61572E-2 1.62566E-2 1.68155E-2 1.67642E-2 1.82705E-2 1.9533E-2 1.82426E-2
1.78999E-2 1.8662E-2 1.95961E-2 1.96564E-2 1.98612E-2 2.0648E-2 2.01729E-2 1.92193E-2 1.93294E-2 1.91182E-2 1.88647E-2 2.0263E-2 1.91924E-2 1.95581E-2 1.90342E-2 1.81747E-2 1.82753E-2 1.87677E-2 1.99642E-2 1.98462E-2 1.91663E-2 1.89152E-2 1.81763E-2 1.80388E-2 1.88479E-2 1.86919E-2 1.88789E-2 1.97975E-2 1.86666E-2 1.82755E-2 1.87118E-2 1.94171E-2 1.93457E-2 1.92865E-2 2.02684E-2 2.20209E-2 2.31532E-2 2.40993E-2 2.27631E-2 2.33856E-2 2.37058E-2 2.05184E-2 1.96882E-2 1.94574E-2 2.13185E-2 2.21763E-2 2.06366E-2 2.15928E-2 2.13465E-2 1.93074E-2 1.91949E-2 1.88628E-2 1.73941E-2 1.68168E-2 1.66674E-2 1.7223E-2 1.76076E-2 1.92525E-2 2.14673E-2 2.0703E-2 2.01094E-2
2.03392E-2 2.18384E-2 2.30298E-2 2.25941E-2 2.19933E-2 2.21437E-2 2.20291E-2 2.05162E-2 2.00217E-2 1.98564E-2 1.93537E-2 1.90639E-2 1.91769E-2 2.00758E-2 2.14806E-2 1.94172E-2 1.83441E-2 1.80705E-2 1.89078E-2 2.05937E-2 2.0982E-2 2.02792E-2 1.93733E-2 1.94308E-2 1.91372E-2 1.9698E-2 2.12043E-2 2.13617E-2 1.99258E-2 1.94422E-2 1.8679E-2 1.97811E-2 1.99924E-2 2.13655E-2 2.00212E-2 2.02676E-2 2.05227E-2 2.11196E-2 2.10081E-2 2.17176E-2 2.27677E-2 2.4768E-2 2.54507E-2 2.32104E-2 2.37128E-2 2.37564E-2 2.20466E-2 2.09305E-2 2.01511E-2 1.85329E-2 1.78771E-2 1.68819E-2 1.72227E-2 1.62433E-2 1.61437E-2 1.7259E-2 1.77946E-2 1.83027E-2 1.90096E-2 2.06066E-2 1.92779E-2
2.08977E-2 2.09132E-2 2.27414E-2 2.31279E-2 2.43986E-2 2.36283E-2 2.31425E-2 2.2734E-2 2.17833E-2 2.1321E-2 2.02458E-2 1.95949E-2 2.00449E-2 2.05773E-2 2.0385E-2 2.10082E-2 2.02251E-2 1.91579E-2 1.90838E-2 1.98366E-2 2.07894E-2 2.16093E-2 2.17695E-2 2.06882E-2 2.05463E-2 2.04538E-2 2.05927E-2 2.03991E-2 2.14474E-2 2.14109E-2 2.06924E-2 2.08994E-2 2.11655E-2 2.27446E-2 2.00413E-2 2.01654E-2 2.02686E-2 2.03873E-2 2.10357E-2 2.19292E-2 2.13592E-2 2.13225E-2 2.19853E-2 2.53418E-2 2.67815E-2 2.6557E-2 2.37753E-2 2.19328E-2 2.03844E-2 1.90725E-2 1.79973E-2 1.6894E-2 1.83774E-2 1.77649E-2 1.75636E-2 1.76782E-2 1.92034E-2 1.9738E-2 2.09259E-2 1.9232E-2 1.94807E-2
2.2888E-2 2.16114E-2 2.20863E-2 2.25315E-2 2.45305E-2 2.57795E-2 2.34359E-2 2.33679E-2 2.2838E-2 2.24957E-2 2.17229E-2 2.10988E-2 2.36837E-2 2.12075E-2 2.147E-2 2.1536E-2 2.1617E-2 1.99174E-2 1.90567E-2 1.9838E-2 2.08926E-2 2.12208E-2 2.15072E-2 2.19967E-2 2.20907E-2 2.19177E-2 2.22571E-2 2.20695E-2 2.24791E-2 2.21913E-2 2.2802E-2 2.42912E-2 2.31576E-2 2.37478E-2 2.28674E-2 2.11564E-2 2.07583E-2 2.01228E-2 1.93595E-2 2.0287E-2 2.14402E-2 2.19366E-2 2.28468E-2 2.3027E-2 2.37194E-2 2.78102E-2 2.46133E-2 2.29812E-2 2.1398E-2 2.04371E-2 1.99786E-2 1.9079E-2 1.89039E-2 1.96881E-2 1.94365E-2 1.93015E-2 2.12802E-2 2.23523E-2 2.07951E-2 1.91097E-2 1.95378E-2
2.88885E-2 2.53045E-2 2.44766E-2 2.34426E-2 2.30507E-2 2.72986E-2 2.69523E-2 2.51514E-2 2.43498E-2 2.39218E-2 2.28675E-2 2.16365E-2 2.10048E-2 2.12637E-2 2.17821E-2 2.1861E-2 2.12003E-2 2.08418E-2 1.94913E-2 1.89356E-2 2.00449E-2 2.08793E-2 2.24761E-2 2.14622E-2 2.17846E-2 2.23179E-2 2.27456E-2 2.29797E-2 2.40263E-2 2.37601E-2 2.32201E-2 2.30689E-2 2.46176E-2 2.31418E-2 2.16769E-2 2.06909E-2 2.05065E-2 1.9981E-2 1.9055E-2 1.97917E-2 2.12105E-2 2.24872E-2 2.21875E-2 2.07999E-2 2.2069E-2 2.32005E-2 2.64867E-2 2.58235E-2 2.40405E-2 2.35297E-2 2.30276E-2 2.14551E-2 2.01683E-2 2.14354E-2 2.19526E-2 2.21405E-2 2.40309E-2 2.42262E-2 2.20002E-2 2.16704E-2 2.20972E-2
3.00972E-2 2.96994E-2 2.74548E-2 2.58017E-2 2.5563E-2 2.70263E-2 2.91785E-2 2.81031E-2 2.6607E-2 2.5613E-2 2.4805E-2 2.2897E-2 2.12252E-2 2.12165E-2 2.22581E-2 2.27655E-2 2.20951E-2 2.15297E-2 1.97253E-2 1.9763E-2 1.97904E-2 2.04677E-2 2.17637E-2 2.15895E-2 2.17847E-2 2.16891E-2 2.27133E-2 2.2896E-2 2.38852E-2 2.44747E-2 2.39162E-2 2.29932E-2 2.40377E-2 2.32219E-2 2.25773E-2 2.14822E-2 2.08758E-2 2.00584E-2 1.92406E-2 1.93044E-2 2.01999E-2 2.16383E-2 2.16766E-2 2.12478E-2 2.08962E-2 2.11925E-2 2.20635E-2 2.36553E-2 2.66353E-2 2.79211E-2 2.46722E-2 2.336E-2 2.23326E-2 2.12944E-2 2.17442E-2 2.35356E-2 2.47818E-2 2.5659E-2 2.30814E-2 2.28356E-2 2.34887E-2
3.5511E-2 3.0047E-2 2.8169E-2 2.76646E-2 2.86984E-2 2.8535E-2 2.95841E-2 2.96092E-2 2.97643E-2 2.87782E-2 2.65846E-2 2.43323E-2 2.26402E-2 2.19974E-2 2.22658E-2 2.20433E-2 2.33027E-2 2.24023E-2 2.07246E-2 2.03733E-2 2.08757E-2 2.08193E-2 2.13007E-2 2.17325E-2 2.23494E-2 2.34106E-2 2.32005E-2 2.28988E-2 2.42907E-2 2.47459E-2 2.48321E-2 2.36747E-2 2.37063E-2 2.28361E-2 2.31518E-2 2.25652E-2 2.13372E-2 2.06695E-2 1.99503E-2 2.06878E-2 1.99884E-2 2.03788E-2 2.09071E-2 2.1601E-2 2.2339E-2 2.2838E-2 2.37874E-2 2.49108E-2 2.41097E-2 2.93879E-2 2.55897E-2 2.31559E-2 2.27922E-2 2.32812E-2 2.26577E-2 2.40252E-2 2.43673E-2 2.4416E-2 2.38897E-2 2.34254E-2 2.3944E-2
3.77029E-2 3.43618E-2 3.11471E-2 3.07324E-2 2.97027E-2 2.89673E-2 2.94987E-2 2.9816E-2 3.0164E-2 3.02663E-2 2.83706E-2 2.59509E-2 2.51799E-2 2.3598E-2 2.42211E-2 2.37845E-2 2.45675E-2 2.55204E-2 2.28331E-2 2.24989E-2 2.18899E-2 2.16023E-2 2.16687E-2 2.27806E-2 2.29285E-2 2.34236E-2 2.36147E-2 2.43039E-2 2.49474E-2 2.48228E-2 2.43711E-2 2.31061E-2 2.33364E-2 2.27849E-2 2.33387E-2 2.25724E-2 2.36006E-2 2.27744E-2 2.11683E-2 2.13832E-2 2.06756E-2 1.99626E-2 2.05705E-2 2.12428E-2 2.10039E-2 2.14382E-2 2.37793E-2 2.35004E-2 2.29817E-2 2.87566E-2 2.48864E-2 2.25188E-2 2.36801E-2 2.50946E-2 2.41371E-2 2.36279E-2 2.43205E-2 2.40294E-2 2.45779E-2 2.39798E-2 2.3417E-2
3.47384E-2 4.05017E-2 4.00277E-2 3.52739E-2 3.24423E-2 3.05286E-2 2.94956E-2 2.85199E-2 3.06833E-2 3.06373E-2 3.00622E-2 2.73632E-2 2.60144E-2 2.5595E-2 2.53346E-2 2.57262E-2 2.59752E-2 2.70481E-2 2.52141E-2 2.46722E-2 2.3561E-2 2.21379E-2 2.24395E-2 2.28653E-2 2.33946E-2 2.52317E-2 2.70904E-2 2.48793E-2 2.61015E-2 2.48743E-2 2.37525E-2 2.33604E-2 2.35854E-2 2.28643E-2 2.2614E-2 2.29436E-2 2.3051E-2 2.26951E-2 2.19825E-2 2.27545E-2 2.18742E-2 2.17905E-2 2.11318E-2 1.99799E-2 2.06723E-2 2.34919E-2 2.67249E-2 2.76436E-2 2.54568E-2 2.67403E-2 2.56459E-2 2.39704E-2 2.49518E-2 2.5029E-2 2.45713E-2 2.46205E-2 2.39243E-2 2.46125E-2 2.45644E-2 2.45717E-2 2.26921E-2
3.31189E-2 3.45122E-2 4.15748E-2 4.58982E-2 3.89914E-2 3.51603E-2 3.34265E-2 3.19134E-2 3.14537E-2 3.36922E-2 3.2339E-2 2.9965E-2 2.75801E-2 2.85693E-2 2.79336E-2 2.72939E-2 2.76973E-2 2.89119E-2 2.70679E-2 2.70691E-2 2.46856E-2 2.3425E-2 2.32713E-2 2.48269E-2 2.56499E-2 2.53802E-2 2.50915E-2 2.52285E-2 2.49557E-2 2.3773E-2 2.39345E-2 2.456E-2 2.48434E-2 2.32103E-2 2.27131E-2 2.33904E-2 2.36517E-2 2.35752E-2 2.31161E-2 2.28485E-2 2.36937E-2 2.29986E-2 2.20685E-2 2.1573E-2 2.22659E-2 2.38914E-2 2.65922E-2 2.51444E-2 2.32034E-2 2.36646E-2 2.78512E-2 2.54656E-2 2.70553E-2 2.67329E-2 2.54418E-2 2.59902E-2 2.56983E-2 2.58069E-2 2.48462E-2 2.32996E-2 2.16934E-2
3.51102E-2 3.52514E-2 3.90064E-2 4.36042E-2 4.67132E-2 4.57626E-2 3.92186E-2 3.51097E-2 3.30688E-2 3.41036E-2 3.48107E-2 3.30533E-2 3.08951E-2 2.81587E-2 2.89194E-2 2.94768E-2 2.80439E-2 2.79598E-2 2.89657E-2 2.72941E-2 2.54016E-2 2.50124E-2 2.51454E-2 2.62333E-2 2.69343E-2 2.68454E-2 2.73441E-2 2.6217E-2 2.53253E-2 2.45422E-2 2.38946E-2 2.49432E-2 2.41566E-2 2.33548E-2 2.25432E-2 2.29897E-2 2.44228E-2 2.4194E-2 2.47884E-2 2.43112E-2 2.44185E-2 2.44312E-2 2.24675E-2 2.20733E-2 2.2104E-2 2.38305E-2 2.42931E-2 2.38603E-2 2.3729E-2 2.69047E-2 2.79818E-2 2.96164E-2 2.84505E-2 2.65052E-2 2.59715E-2 2.5996E-2 2.6839E-2 2.59143E-2 2.46578E-2 2.29005E-2 2.67456E-2
3.89244E-2 3.84492E-2 3.95995E-2 3.9798E-2 4.06935E-2 4.20742E-2 4.10826E-2 4.00041E-2 3.94055E-2 3.87718E-2 4.05592E-2 3.76432E-2 3.56135E-2 3.31001E-2 3.0869E-2 3.10562E-2 2.97424E-2 2.97574E-2 2.87102E-2 2.71117E-2 2.67666E-2 2.66226E-2 2.69973E-2 2.79141E-2 3.00826E-2 2.87306E-2 2.81295E-2 2.59913E-2 2.48432E-2 2.44011E-2 2.43251E-2 2.41221E-2 2.35627E-2 2.44287E-2 2.46844E-2 2.44444E-2 2.42951E-2 2.5225E-2 2.58766E-2 2.72557E-2 2.56256E-2 2.47444E-2 2.34705E-2 2.27692E-2 2.22916E-2 2.19564E-2 2.35067E-2 2.5305E-2 2.44431E-2 2.67075E-2 3.02776E-2 2.67722E-2 2.70601E-2 2.54331E-2 2.40899E-2 2.37079E-2 2.30842E-2 2.34415E-2 2.27688E-2 2.28425E-2 2.26213E-2
4.24019E-2 3.97182E-2 3.93033E-2 3.89247E-2 4.0293E-2 4.05253E-2 4.00443E-2 4.26219E-2 4.57061E-2 4.26156E-2 3.60611E-2 3.52239E-2 3.52728E-2 3.56598E-2 3.72426E-2 3.7737E-2 3.3001E-2 3.19864E-2 2.92929E-2 2.86169E-2 2.81889E-2 2.8016E-2 2.81801E-2 3.00497E-2 2.88893E-2 2.9501E-2 2.99102E-2 2.78874E-2 2.61277E-2 2.46865E-2 2.43328E-2 2.39514E-2 2.42067E-2 2.60392E-2 2.50854E-2 2.53476E-2 2.4504E-2 2.54644E-2 2.75092E-2 2.90165E-2 2.81481E-2 2.7685E-2 2.63377E-2 2.45835E-2 2.3853E-2 2.25055E-2 2.19245E-2 2.4558E-2 2.72339E-2 2.834E-2 3.20339E-2 3.06764E-2 2.96884E-2 2.75978E-2 2.52291E-2 2.45361E-2 2.42228E-2 2.55269E-2 2.48008E-2 2.40097E-2 2.33384E-2
3.89581E-2 3.77444E-2 3.71838E-2 3.80037E-2 3.7421E-2 3.73046E-2 3.70958E-2 4.03191E-2 4.19125E-2 4.02143E-2 3.32604E-2 2.90379E-2 3.2599E-2 3.57622E-2 3.37069E-2 3.33523E-2 3.50936E-2 3.45687E-2 3.37483E-2 3.00789E-2 2.90597E-2 3.01672E-2 3.13045E-2 3.05982E-2 2.91446E-2 2.96226E-2 3.04934E-2 2.96794E-2 2.71519E-2 2.60051E-2 2.57311E-2 2.62067E-2 2.60349E-2 2.73439E-2 2.72816E-2 2.56695E-2 2.49843E-2 2.45847E-2 2.6345E-2 2.74036E-2 2.78954E-2 2.82381E-2 2.8453E-2 2.56368E-2 2.52439E-2 2.43839E-2 2.36973E-2 2.46487E-2 2.59732E-2 2.72719E-2 2.75778E-2 2.89426E-2 3.17601E-2 2.95125E-2 2.61626E-2 2.45376E-2 2.50375E-2 2.58719E-2 2.61553E-2 2.4703E-2 2.46727E-2
3.73815E-2 3.80281E-2 3.88233E-2 3.83396E-2 3.77536E-2 3.76292E-2 3.76607E-2 3.86436E-2 3.99232E-2 3.87867E-2 3.48645E-2 3.19056E-2 3.15555E-2 3.36042E-2 3.19151E-2 3.15999E-2 3.34486E-2 3.61176E-2 3.75752E-2 3.27451E-2 3.25799E-2 3.26265E-2 3.33577E-2 3.09444E-2 3.05195E-2 2.96312E-2 3.12732E-2 3.15857E-2 3.01119E-2 2.95127E-2 2.82889E-2 2.78516E-2 3.01478E-2 2.96433E-2 2.90926E-2 2.75746E-2 2.59079E-2 2.58347E-2 2.73101E-2 2.70058E-2 2.66913E-2 2.71247E-2 2.82724E-2 2.80801E-2 2.67812E-2 2.69225E-2 2.66204E-2 2.64779E-2 2.77822E-2 2.79449E-2 2.71774E-2 2.71209E-2 2.79094E-2 3.05807E-2 2.94928E-2 2.77285E-2 2.60785E-2 2.55566E-2 2.72868E-2 2.60034E-2 2.55017E-2
3.52063E-2 3.74761E-2 3.78776E-2 3.93894E-2 3.91748E-2 3.73791E-2 3.75927E-2 3.7747E-2 3.74817E-2 3.74718E-2 3.80354E-2 3.76859E-2 3.4122E-2 3.51627E-2 3.39342E-2 3.15502E-2 3.1825E-2 3.46531E-2 4.20668E-2 3.79137E-2 3.64605E-2 3.88851E-2 3.58987E-2 3.4435E-2 3.20937E-2 3.14433E-2 3.17295E-2 3.34965E-2 3.36883E-2 3.25958E-2 3.05885E-2 2.88761E-2 2.83855E-2 3.17388E-2 2.94721E-2 2.96417E-2 2.8455E-2 2.82659E-2 2.80093E-2 2.74623E-2 2.74145E-2 2.79021E-2 2.78201E-2 2.82709E-2 2.92816E-2 2.9945E-2 2.8954E-2 2.80602E-2 2.78271E-2 2.7938E-2 2.79059E-2 2.81144E-2 2.68757E-2 2.67621E-2 3.04666E-2 2.91003E-2 2.65005E-2 2.58504E-2 2.59635E-2 2.70603E-2 2.72398E-2
3.57649E-2 3.66619E-2 3.78294E-2 3.82451E-2 3.84992E-2 3.89859E-2 3.83273E-2 3.76498E-2 3.8251E-2 3.90626E-2 3.8852E-2 3.96806E-2 3.88666E-2 3.69319E-2 3.63365E-2 3.45606E-2 3.45611E-2 3.48238E-2 3.9115E-2 4.16886E-2 4.03826E-2 4.2857E-2 3.86194E-2 3.63269E-2 3.49815E-2 3.26749E-2 3.06591E-2 3.30965E-2 3.33259E-2 3.2402E-2 3.06756E-2 3.0117E-2 2.937E-2 3.32123E-2 3.19459E-2 3.28139E-2 3.20405E-2 3.08756E-2 3.01412E-2 2.98017E-2 2.90686E-2 2.84992E-2 2.92499E-2 2.91281E-2 3.04237E-2 3.05826E-2 3.27545E-2 2.9993E-2 2.86925E-2 2.89893E-2 2.75896E-2 2.84191E-2 2.89977E-2 2.92614E-2 2.86405E-2 2.81684E-2 2.77524E-2 2.44525E-2 2.49035E-2 2.65199E-2 2.8713E-2
3.85983E-2 3.98481E-2 4.04817E-2 3.85935E-2 3.62533E-2 3.73891E-2 3.76545E-2 3.80207E-2 3.79639E-2 3.75666E-2 3.8017E-2 3.91092E-2 3.95417E-2 4.0922E-2 3.88289E-2 3.89522E-2 3.79836E-2 3.60773E-2 3.64072E-2 4.05364E-2 4.04924E-2 4.17068E-2 3.94626E-2 3.86578E-2 3.75411E-2 3.35672E-2 3.16099E-2 3.14285E-2 3.28965E-2 3.17317E-2 3.15847E-2 3.2949E-2 3.36812E-2 3.47667E-2 3.41557E-2 3.40622E-2 3.40947E-2 3.24461E-2 3.19531E-2 3.01407E-2 2.90099E-2 2.99001E-2 3.11805E-2 3.09649E-2 3.20853E-2 3.26249E-2 3.28214E-2 3.43136E-2 3.11659E-2 2.80739E-2 2.76235E-2 2.94265E-2 2.92946E-2 2.89569E-2 2.83508E-2 2.70917E-2 2.82887E-2 2.55228E-2 2.62532E-2 2.70146E-2 3.06431E-2
3.98486E-2 4.42793E-2 4.35861E-2 4.00271E-2 3.79941E-2 3.70571E-2 3.81614E-2 3.83748E-2 3.96742E-2 3.86257E-2 3.95034E-2 3.86826E-2 3.95883E-2 3.96733E-2 4.02312E-2 3.91905E-2 3.90758E-2 3.83762E-2 3.73421E-2 4.01353E-2 4.08594E-2 4.12322E-2 3.90456E-2 3.90375E-2 3.76317E-2 3.55415E-2 3.37686E-2 3.23053E-2 3.19938E-2 3.28646E-2 3.42577E-2 3.45814E-2 3.57332E-2 3.54252E-2 3.85098E-2 3.67625E-2 3.33071E-2 3.39478E-2 3.40553E-2 3.24841E-2 2.93909E-2 2.97726E-2 3.16835E-2 3.29717E-2 3.54781E-2 3.59442E-2 3.61233E-2 3.70121E-2 3.34173E-2 3.14986E-2 3.01857E-2 3.09371E-2 3.3522E-2 3.29078E-2 3.21141E-2 3.05181E-2 2.8857E-2 2.77214E-2 2.82728E-2 2.8742E-2 2.97165E-2
4.22511E-2 4.16493E-2 4.10126E-2 4.04694E-2 3.96278E-2 3.811E-2 3.98927E-2 4.15723E-2 4.14224E-2 4.16171E-2 4.15048E-2 4.23704E-2 4.24194E-2 4.30471E-2 4.21995E-2 4.11792E-2 4.04627E-2 4.01545E-2 3.93987E-2 4.02793E-2 4.47826E-2 4.17516E-2 3.93131E-2 3.83649E-2 3.8079E-2 3.78952E-2 3.48216E-2 3.43396E-2 3.28465E-2 3.35328E-2 3.52774E-2 3.74308E-2 3.83054E-2 3.95099E-2 4.07404E-2 3.9415E-2 3.29634E-2 2.88098E-2 3.0158E-2 3.29148E-2 3.35073E-2 3.42838E-2 3.41925E-2 3.68909E-2 3.84064E-2 3.75155E-2 3.78225E-2 3.77531E-2 3.46946E-2 3.45251E-2 3.67905E-2 3.60049E-2 3.57643E-2 3.806E-2 3.73249E-2 3.43531E-2 3.0501E-2 2.95797E-2 2.98909E-2 3.01227E-2 2.97315E-2
4.29114E-2 4.30181E-2 4.1179E-2 4.14026E-2 4.24473E-2 4.29168E-2 4.36805E-2 4.40633E-2 4.52938E-2 4.49513E-2 4.50954E-2 4.61908E-2 4.94244E-2 4.84064E-2 4.6636E-2 4.59497E-2 4.56712E-2 4.45302E-2 4.40859E-2 4.24874E-2 4.42914E-2 4.80528E-2 4.13937E-2 3.956E-2 3.97734E-2 3.79178E-2 3.79266E-2 3.63516E-2 3.41937E-2 3.38531E-2 3.52781E-2 3.56923E-2 3.80097E-2 3.98887E-2 3.9357E-2 3.73831E-2 3.08898E-2 2.33348E-2 2.29981E-2 3.17229E-2 3.54513E-2 3.82748E-2 3.98174E-2 4.14036E-2 4.10597E-2 3.97142E-2 3.88683E-2 3.93896E-2 4.01872E-2 4.04054E-2 4.10071E-2 4.14111E-2 4.11753E-2 4.10702E-2 3.66097E-2 3.36043E-2 3.21278E-2 3.12377E-2 3.08367E-2 3.13144E-2 3.23064E-2
4.42489E-2 4.42292E-2 4.31591E-2 4.4145E-2 4.41178E-2 4.54397E-2 4.69972E-2 4.65955E-2 4.55425E-2 4.52169E-2 4.65207E-2 4.81686E-2 4.74313E-2 4.65083E-2 4.5039E-2 4.6198E-2 4.67434E-2 4.60272E-2 4.66064E-2 4.63521E-2 4.67572E-2 4.98862E-2 4.45767E-2 4.16968E-2 4.13299E-2 3.94862E-2 3.90519E-2 3.74183E-2 3.65831E-2 3.66138E-2 3.64285E-2 3.80436E-2 3.93294E-2 4.07322E-2 4.1251E-2 3.94071E-2 3.10314E-2 2.01608E-2 1.62279E-2 2.74215E-2 3.67532E-2 4.19626E-2 4.43591E-2 4.57798E-2 4.30762E-2 4.07964E-2 3.9374E-2 3.84273E-2 4.06579E-2 4.14547E-2 4.41778E-2 3.8959E-2 3.61637E-2 3.60077E-2 3.45929E-2 3.22784E-2 3.08219E-2 3.07767E-2 3.07853E-2 3.10858E-2 3.68991E-2
4.64332E-2 4.6408E-2 4.67641E-2 4.70695E-2 4.66828E-2 4.6696E-2 4.6747E-2 4.73928E-2 4.92559E-2 4.85809E-2 4.52463E-2 4.53988E-2 4.51861E-2 4.54529E-2 4.52248E-2 4.83395E-2 4.86027E-2 4.59788E-2 4.55306E-2 4.69019E-2 4.71107E-2 5.00864E-2 4.9193E-2 4.46921E-2 4.24178E-2 4.19882E-2 3.96346E-2 3.95023E-2 3.8965E-2 3.80076E-2 3.91512E-2 3.99704E-2 4.06027E-2 4.08024E-2 4.32029E-2 4.20257E-2 3.81348E-2 2.95001E-2 2.62394E-2 3.19347E-2 3.92055E-2 4.48283E-2 4.73711E-2 4.35838E-2 4.06897E-2 3.93962E-2 4.0678E-2 3.97128E-2 3.95348E-2 4.09078E-2 4.29219E-2 4.12024E-2 3.6338E-2 3.38402E-2 3.37132E-2 3.23093E-2 3.21443E-2 3.12391E-2 3.16685E-2 3.10255E-2 3.74665E-2
4.73617E-2 4.74184E-2 4.73268E-2 4.76278E-2 4.81775E-2 4.8292E-2 4.90953E-2 4.91773E-2 4.88138E-2 4.78825E-2 4.58573E-2 4.56331E-2 4.63124E-2 4.78385E-2 4.81634E-2 5.00237E-2 4.83191E-2 4.70087E-2 4.51278E-2 4.3667E-2 4.42579E-2 4.74057E-2 5.01346E-2 4.70194E-2 4.53662E-2 4.30924E-2 4.16202E-2 4.05138E-2 3.95225E-2 3.98546E-2 4.09456E-2 4.29484E-2 4.39938E-2 4.4016E-2 4.26966E-2 4.2265E-2 4.15003E-2 3.73662E-2 3.5832E-2 3.89323E-2 4.22738E-2 4.67865E-2 4.90799E-2 4.68134E-2 4.28023E-2 4.0898E-2 4.10958E-2 4.05156E-2 4.12785E-2 4.26284E-2 4.38421E-2 4.02487E-2 3.49211E-2 3.39652E-2 3.56037E-2 3.56443E-2 3.60716E-2 3.26183E-2 3.31083E-2 3.49436E-2 3.89495E-2
4.79167E-2 4.88309E-2 4.973E-2 4.94488E-2 4.94856E-2 4.94287E-2 4.95967E-2 4.88107E-2 4.94568E-2 4.92121E-2 4.87387E-2 4.70665E-2 4.94071E-2 5.1327E-2 4.98322E-2 5.12912E-2 5.10636E-2 4.78867E-2 4.51683E-2 4.50708E-2 4.47944E-2 4.69618E-2 5.04256E-2 5.04824E-2 4.85303E-2 4.48589E-2 4.30912E-2 4.3144E-2 4.32492E-2 4.42068E-2 4.49049E-2 4.74415E-2 4.59801E-2 4.59668E-2 4.49542E-2 4.34453E-2 4.18626E-2 4.03971E-2 4.00521E-2 4.42127E-2 4.54866E-2 4.65546E-2 4.64685E-2 4.58284E-2 4.56214E-2 4.44419E-2 4.19452E-2 4.14927E-2 4.36101E-2 4.43362E-2 4.45271E-2 3.69118E-2 3.50016E-2 3.62992E-2 3.89371E-2 3.84411E-2 3.6015E-2 3.33479E-2 3.43485E-2 3.64623E-2 3.26128E-2
4.79602E-2 4.84711E-2 4.89736E-2 4.90888E-2 4.91545E-2 4.89824E-2 4.94676E-2 5.12248E-2 5.15312E-2 5.21395E-2 5.05349E-2 5.00215E-2 5.13798E-2 5.33282E-2 5.24183E-2 5.1747E-2 5.12712E-2 5.00915E-2 4.85063E-2 4.73778E-2 4.66839E-2 4.76732E-2 5.15235E-2 5.16292E-2 4.86834E-2 4.73126E-2 4.59885E-2 4.65792E-2 4.61969E-2 4.79744E-2 4.93119E-2 4.95247E-2 4.79826E-2 4.66788E-2 4.73868E-2 4.39335E-2 4.02397E-2 3.85818E-2 3.97834E-2 4.44684E-2 4.57023E-2 4.52613E-2 4.54053E-2 4.61607E-2 4.56306E-2 4.50433E-2 4.56136E-2 4.56833E-2 4.8265E-2 4.35704E-2 3.95556E-2 3.62148E-2 3.67966E-2 3.84492E-2 3.97347E-2 3.92903E-2 3.64313E-2 3.63347E-2 3.59673E-2 3.50523E-2 3.2833E-2
