maxent_outputs/red_flowers_linear/red_293.asc
ncols         426
nrows         180
xllcorner     -130.0
yllcorner     24.0
cellsize      0.16666666666666666
NODATA_value  -9999
[rows 135 to 161 of 180, columns 122 to 182 of 426]
3.71704E-1 3.93373E-1 3.84295E-1 3.52378E-1 2.89557E-1 3.09832E-1 3.40273E-1 3.47936E-1 3.60621E-1 3.522E-1 3.70649E-1 3.82278E-1 3.81194E-1 3.70134E-1 3.60824E-1 3.60783E-1 3.50864E-1 3.49287E-1 3.52199E-1 3.44794E-1 3.41704E-1 3.24523E-1 3.1032E-1 3.24781E-1 3.29145E-1 3.24829E-1 3.25303E-1 3.3129E-1 3.62767E-1 3.53276E-1 3.72615E-1 3.68725E-1 3.78567E-1 3.83609E-1 3.90449E-1 3.98684E-1 4.00823E-1 3.99349E-1 4.00973E-1 4.0024E-1 3.99555E-1 4.13823E-1 4.30016E-1 4.6553E-1 4.68856E-1 4.53723E-1 4.41022E-1 4.21344E-1 4.13826E-1 3.99055E-1 4.00815E-1 4.11911E-1 4.25139E-1 4.47556E-1 4.6591E-1 4.84786E-1 4.92732E-1 5.07114E-1 5.15112E-1 5.24812E-1 5.31051E-1
3.90975E-1 4.17052E-1 4.21092E-1 3.88401E-1 3.30251E-1 3.04907E-1 3.39825E-1 3.54362E-1 3.61049E-1 3.70218E-1 3.74728E-1 3.76435E-1 3.96028E-1 3.86097E-1 3.99155E-1 3.62262E-1 3.43403E-1 3.49853E-1 3.54517E-1 3.37493E-1 3.48106E-1 3.3459E-1 3.35775E-1 3.33646E-1 3.42575E-1 3.39065E-1 3.33132E-1 3.43755E-1 3.68181E-1 3.65892E-1 3.64852E-1 3.74872E-1 3.8667E-1 3.93458E-1 4.0345E-1 4.04864E-1 4.07303E-1 4.08604E-1 4.1018E-1 4.11628E-1 4.07977E-1 4.13489E-1 4.38185E-1 4.70424E-1 4.82954E-1 4.64794E-1 4.53103E-1 4.44699E-1 4.29172E-1 4.21269E-1 4.18939E-1 4.22203E-1 4.32781E-1 4.52552E-1 4.75477E-1 4.86139E-1 5.02926E-1 5.0871E-1 5.17918E-1 5.21604E-1 5.23099E-1
4.13084E-1 4.50153E-1 4.41293E-1 3.62394E-1 2.9317E-1 3.42787E-1 3.56633E-1 3.58889E-1 3.68349E-1 3.72812E-1 3.73727E-1 3.83623E-1 4.15788E-1 4.22427E-1 4.23823E-1 4.11659E-1 3.49134E-1 3.56403E-1 3.87251E-1 3.68197E-1 3.52042E-1 3.19552E-1 3.45852E-1 3.43739E-1 3.64344E-1 3.63328E-1 3.46088E-1 3.56708E-1 3.9698E-1 3.80114E-1 3.66938E-1 3.68439E-1 3.82752E-1 4.12713E-1 4.11173E-1 4.1259E-1 4.13184E-1 4.0809E-1 4.15621E-1 4.27527E-1 4.29019E-1 4.47154E-1 4.65009E-1 4.80275E-1 4.93655E-1 4.82902E-1 4.54801E-1 4.43499E-1 4.27311E-1 4.2272E-1 4.19393E-1 4.26004E-1 4.43037E-1 4.48994E-1 4.72266E-1 4.85851E-1 4.93757E-1 5.04321E-1 5.15456E-1 5.19652E-1 5.17284E-1
4.01285E-1 4.34368E-1 4.75738E-1 3.76838E-1 3.43098E-1 3.44594E-1 3.39133E-1 3.4914E-1 3.73216E-1 3.96261E-1 3.93177E-1 3.80086E-1 4.12861E-1 4.21284E-1 4.2909E-1 4.27102E-1 3.70056E-1 3.67621E-1 4.04836E-1 3.80949E-1 3.6258E-1 3.40715E-1 3.26E-1 3.53215E-1 3.66736E-1 3.90536E-1 3.829E-1 4.02349E-1 3.80503E-1 3.93345E-1 3.90916E-1 4.0178E-1 4.1133E-1 4.20984E-1 4.31142E-1 4.3013E-1 4.20492E-1 4.22219E-1 4.22899E-1 4.40126E-1 4.56588E-1 4.72972E-1 4.83723E-1 4.90971E-1 4.91506E-1 4.8311E-1 4.72456E-1 4.55521E-1 4.40261E-1 4.37473E-1 4.36654E-1 4.3563E-1 4.46075E-1 4.53828E-1 4.71159E-1 4.88567E-1 4.98705E-1 5.08413E-1 5.14629E-1 5.16409E-1 5.18598E-1
3.97361E-1 4.85892E-1 4.71386E-1 4.5543E-1 3.76771E-1 3.5589E-1 3.59927E-1 3.63251E-1 3.6696E-1 3.77665E-1 3.786E-1 3.85689E-1 3.99294E-1 4.11068E-1 4.07421E-1 4.18598E-1 3.4665E-1 3.97937E-1 3.70287E-1 3.70431E-1 3.67811E-1 3.33431E-1 3.24364E-1 3.41273E-1 3.58427E-1 3.85909E-1 4.06501E-1 4.23569E-1 4.28099E-1 3.91873E-1 3.93793E-1 4.16896E-1 4.07156E-1 3.94561E-1 4.2227E-1 4.25289E-1 4.32262E-1 4.28054E-1 4.2094E-1 4.31448E-1 4.47927E-1 4.62128E-1 4.64942E-1 4.57331E-1 4.67477E-1 4.71811E-1 4.73917E-1 4.74282E-1 4.59759E-1 4.52752E-1 4.46057E-1 4.48244E-1 4.55501E-1 4.64651E-1 4.73526E-1 4.86865E-1 5.04541E-1 5.21867E-1 5.23298E-1 5.18595E-1 5.22668E-1
3.82329E-1 5.13153E-1 4.30955E-1 3.95715E-1 4.48929E-1 3.68739E-1 3.07657E-1 3.47843E-1 3.60244E-1 3.78244E-1 3.7815E-1 3.86495E-1 3.96989E-1 4.03489E-1 3.92555E-1 4.1047E-1 4.0111E-1 4.04188E-1 3.95796E-1 4.00254E-1 3.84296E-1 3.60956E-1 3.4215E-1 3.42517E-1 3.48324E-1 3.65888E-1 4.06385E-1 4.12745E-1 4.40869E-1 4.47936E-1 3.80228E-1 3.99007E-1 4.2478E-1 3.93121E-1 4.01793E-1 4.1991E-1 4.23603E-1 4.17435E-1 4.28903E-1 4.34742E-1 4.47517E-1 4.62754E-1 4.60921E-1 4.5998E-1 4.63475E-1 4.7328E-1 4.84633E-1 4.83523E-1 4.77795E-1 4.7257E-1 4.65217E-1 4.62704E-1 4.7052E-1 4.77755E-1 4.87611E-1 5.02138E-1 5.16754E-1 5.18529E-1 5.21236E-1 5.20524E-1 5.29146E-1
4.1732E-1 5.57678E-1 4.8884E-1 3.88164E-1 4.58137E-1 3.9996E-1 3.12203E-1 2.87528E-1 3.29516E-1 3.79087E-1 3.74495E-1 3.95958E-1 4.12487E-1 4.10892E-1 4.06566E-1 3.92473E-1 4.05132E-1 3.89836E-1 3.86681E-1 3.78821E-1 3.787E-1 3.58359E-1 3.49351E-1 3.47507E-1 3.66551E-1 3.75389E-1 4.07733E-1 4.09238E-1 4.53575E-1 4.78126E-1 4.18478E-1 3.87421E-1 4.087E-1 3.86824E-1 3.94969E-1 4.12043E-1 4.17452E-1 4.24166E-1 4.18389E-1 4.16317E-1 4.2349E-1 4.50793E-1 4.67617E-1 4.68114E-1 4.73397E-1 4.85668E-1 4.93325E-1 4.95441E-1 4.85296E-1 4.82425E-1 4.83207E-1 4.85118E-1 4.88527E-1 5.08403E-1 5.15616E-1 5.20006E-1 5.30746E-1 5.2906E-1 5.31038E-1 5.35366E-1 5.46308E-1
4.29526E-1 5.4286E-1 5.38332E-1 4.15208E-1 4.44351E-1 3.7297E-1 2.86016E-1 2.58554E-1 2.98008E-1 3.6415E-1 3.8955E-1 3.95926E-1 4.01491E-1 4.16127E-1 4.12784E-1 4.08057E-1 4.03389E-1 3.94627E-1 3.62522E-1 3.48396E-1 3.40283E-1 3.43104E-1 3.52612E-1 3.55359E-1 3.64852E-1 3.93986E-1 4.16324E-1 4.18158E-1 4.58881E-1 4.8114E-1 4.74836E-1 4.16221E-1 3.97124E-1 3.75604E-1 3.84456E-1 4.12238E-1 4.1966E-1 4.1376E-1 4.0382E-1 4.16622E-1 4.4346E-1 4.5727E-1 4.72448E-1 4.79355E-1 4.84892E-1 4.96978E-1 5.07783E-1 5.08197E-1 5.04737E-1 5.02929E-1 5.15552E-1 5.1754E-1 5.26102E-1 5.40807E-1 5.36805E-1 5.38969E-1 5.50081E-1 5.43619E-1 5.43155E-1 5.47248E-1 5.50922E-1
4.35722E-1 5.55537E-1 5.87874E-1 4.28939E-1 3.5081E-1 3.32493E-1 2.99204E-1 2.66801E-1 2.51026E-1 3.17236E-1 3.47281E-1 3.99008E-1 4.08105E-1 4.1628E-1 4.2249E-1 4.18799E-1 4.08724E-1 3.88609E-1 3.57357E-1 3.27908E-1 3.11666E-1 3.50108E-1 3.53669E-1 3.66675E-1 3.83217E-1 3.98865E-1 4.24524E-1 4.24403E-1 4.51298E-1 4.99799E-1 5.0348E-1 4.39507E-1 4.23246E-1 4.1807E-1 4.13297E-1 4.18438E-1 4.28987E-1 4.32845E-1 4.43344E-1 4.5601E-1 4.64791E-1 4.71048E-1 4.92722E-1 5.15794E-1 5.18644E-1 5.30474E-1 5.37096E-1 5.36247E-1 5.41217E-1 5.49589E-1 5.58626E-1 5.58539E-1 5.65466E-1 5.68094E-1 5.65741E-1 5.58478E-1 5.68287E-1 5.59893E-1 5.62628E-1 5.68749E-1 5.74125E-1
4.77878E-1 5.35799E-1 5.63151E-1 4.76292E-1 3.68991E-1 2.92126E-1 2.98569E-1 2.34062E-1 2.23321E-1 3.01457E-1 3.10404E-1 3.22767E-1 4.04324E-1 4.213E-1 4.24415E-1 4.38675E-1 4.17242E-1 3.93148E-1 3.63425E-1 3.2044E-1 3.29176E-1 3.34486E-1 3.50013E-1 3.74258E-1 4.04971E-1 4.10324E-1 4.14222E-1 4.43482E-1 4.65502E-1 5.329E-1 5.4915E-1 4.90899E-1 4.66358E-1 4.76627E-1 4.68507E-1 4.63357E-1 4.48455E-1 4.4771E-1 4.81366E-1 4.80444E-1 4.88925E-1 5.04863E-1 5.23983E-1 5.54537E-1 5.61647E-1 5.60445E-1 5.63236E-1 5.62377E-1 5.74983E-1 5.85257E-1 5.95797E-1 5.94441E-1 5.94492E-1 5.94424E-1 5.88197E-1 5.72638E-1 5.67776E-1 5.71748E-1 5.7161E-1 5.76755E-1 5.84028E-1
5.65423E-1 5.25144E-1 5.95498E-1 5.16961E-1 4.59821E-1 2.97851E-1 2.74604E-1 2.47039E-1 2.24597E-1 2.8251E-1 3.13072E-1 3.03594E-1 3.53486E-1 4.16551E-1 4.00292E-1 4.39051E-1 4.03931E-1 4.02086E-1 3.7309E-1 3.29477E-1 3.5276E-1 3.53058E-1 3.73551E-1 3.99623E-1 4.12536E-1 4.20478E-1 3.9653E-1 4.56487E-1 4.90978E-1 5.25488E-1 5.98067E-1 6.07885E-1 5.60021E-1 5.31572E-1 5.06365E-1 4.84006E-1 4.66229E-1 4.8109E-1 5.07051E-1 5.29734E-1 5.39803E-1 5.63582E-1 5.76534E-1 5.914E-1 5.96859E-1 5.91358E-1 5.99449E-1 6.01003E-1 6.06086E-1 6.18867E-1 6.30368E-1 6.2243E-1 6.23981E-1 6.20421E-1 6.11847E-1 5.96066E-1 5.87415E-1 5.956E-1 6.01909E-1 6.10465E-1 6.15818E-1
6.07845E-1 5.59356E-1 5.8265E-1 5.49332E-1 5.12866E-1 4.45444E-1 3.21757E-1 2.32749E-1 2.51997E-1 2.4895E-1 2.70975E-1 3.00506E-1 3.23275E-1 4.00638E-1 3.75852E-1 4.06881E-1 3.59788E-1 3.43781E-1 3.66088E-1 3.77103E-1 3.80109E-1 3.93833E-1 4.13819E-1 4.22443E-1 4.17998E-1 4.14361E-1 4.24031E-1 4.95692E-1 5.43934E-1 5.5716E-1 6.00499E-1 6.48794E-1 6.59691E-1 6.07032E-1 5.31884E-1 5.17484E-1 5.19265E-1 5.34912E-1 5.5101E-1 5.55449E-1 5.8471E-1 6.08861E-1 5.96608E-1 6.05969E-1 6.19553E-1 6.10236E-1 6.21311E-1 6.26931E-1 6.39071E-1 6.29819E-1 6.44171E-1 6.49438E-1 6.53564E-1 6.59339E-1 6.53573E-1 6.24551E-1 6.18553E-1 6.23685E-1 6.27888E-1 6.38942E-1 6.49908E-1
6.11289E-1 5.18952E-1 6.1029E-1 5.76408E-1 5.49806E-1 4.80524E-1 3.50053E-1 3.12962E-1 2.82928E-1 2.33689E-1 2.54473E-1 2.76122E-1 3.19542E-1 3.94978E-1 3.92217E-1 3.82284E-1 3.58252E-1 3.28333E-1 3.54424E-1 3.88402E-1 3.97687E-1 4.35393E-1 4.53944E-1 4.65912E-1 4.52255E-1 4.39385E-1 4.49587E-1 5.13826E-1 5.58803E-1 5.55837E-1 5.8213E-1 6.61653E-1 6.74535E-1 6.53716E-1 5.81922E-1 5.56168E-1 5.8441E-1 5.86767E-1 5.88043E-1 5.92491E-1 5.98285E-1 6.32364E-1 6.15153E-1 6.39259E-1 6.40898E-1 6.71005E-1 6.61107E-1 6.6599E-1 6.73213E-1 6.60574E-1 6.5903E-1 6.50511E-1 6.56978E-1 6.61591E-1 6.59962E-1 6.6661E-1 6.5396E-1 6.57871E-1 6.73056E-1 6.62389E-1 6.79907E-1
6.3117E-1 5.68695E-1 6.25125E-1 5.19532E-1 5.02467E-1 4.24817E-1 3.76995E-1 2.89457E-1 2.66331E-1 2.32896E-1 2.48271E-1 2.69336E-1 3.24735E-1 3.80834E-1 3.8093E-1 3.68029E-1 3.61515E-1 3.35309E-1 3.305E-1 3.8469E-1 4.06456E-1 4.60643E-1 4.70138E-1 4.69219E-1 4.72955E-1 4.76764E-1 5.10359E-1 5.44799E-1 5.55632E-1 5.37761E-1 5.36304E-1 6.09202E-1 6.37266E-1 5.94933E-1 6.39641E-1 6.3254E-1 6.33021E-1 6.28643E-1 5.91097E-1 6.58016E-1 6.49073E-1 5.98384E-1 6.12211E-1 6.36436E-1 6.62542E-1 6.83202E-1 7.11791E-1 7.15379E-1 6.96048E-1 6.77119E-1 6.63426E-1 6.55812E-1 6.57137E-1 6.63669E-1 6.70618E-1 6.79233E-1 6.80652E-1 6.80898E-1 6.88759E-1 6.9858E-1 6.92154E-1
5.87728E-1 6.38456E-1 6.38798E-1 5.0346E-1 4.29078E-1 4.61723E-1 3.99321E-1 3.20467E-1 2.96003E-1 2.50536E-1 2.77812E-1 2.93329E-1 3.22789E-1 3.67156E-1 3.48186E-1 3.54445E-1 3.56051E-1 3.32128E-1 3.33996E-1 4.02084E-1 4.24513E-1 4.61449E-1 4.84598E-1 4.92144E-1 4.78672E-1 4.9346E-1 5.48256E-1 5.5511E-1 5.31462E-1 5.23518E-1 5.49428E-1 5.8887E-1 5.535E-1 5.3147E-1 6.1044E-1 6.43834E-1 6.32525E-1 6.73349E-1 6.84996E-1 6.72498E-1 6.5758E-1 6.0991E-1 5.59404E-1 6.35786E-1 6.31414E-1 5.80203E-1 6.75398E-1 7.00727E-1 7.02523E-1 6.86205E-1 6.51632E-1 6.40195E-1 6.47948E-1 6.68939E-1 6.76772E-1 6.85785E-1 6.99354E-1 7.16996E-1 7.0622E-1 7.0374E-1 6.98447E-1
6.13918E-1 5.63228E-1 5.62423E-1 5.03211E-1 4.16901E-1 4.44782E-1 4.09929E-1 3.35035E-1 2.52395E-1 2.97979E-1 2.82022E-1 2.93316E-1 3.29319E-1 3.60393E-1 3.47969E-1 3.399E-1 3.35472E-1 3.15693E-1 3.10236E-1 3.85007E-1 4.52308E-1 4.86837E-1 5.32855E-1 5.24188E-1 5.24646E-1 5.36978E-1 5.55526E-1 5.21339E-1 5.20821E-1 5.29816E-1 5.51026E-1 5.69231E-1 5.27494E-1 5.27192E-1 5.89352E-1 6.15864E-1 6.56475E-1 6.86985E-1 6.86944E-1 6.49522E-1 6.49694E-1 6.65383E-1 5.74651E-1 6.15453E-1 6.11989E-1 5.83481E-1 6.43481E-1 6.62142E-1 6.81942E-1 6.73821E-1 6.42311E-1 6.3199E-1 6.46675E-1 6.66083E-1 6.77845E-1 7.01852E-1 7.09841E-1 7.15374E-1 7.21918E-1 7.18801E-1 7.08856E-1
7.11572E-1 5.29194E-1 4.9383E-1 4.81648E-1 3.90187E-1 4.17152E-1 3.71342E-1 3.27792E-1 2.35808E-1 3.13896E-1 3.28378E-1 2.953E-1 3.17487E-1 3.15748E-1 3.39619E-1 3.25887E-1 3.28967E-1 3.31747E-1 3.21184E-1 3.58573E-1 4.50733E-1 5.24416E-1 5.42719E-1 5.46571E-1 5.67757E-1 5.48826E-1 5.03858E-1 5.02277E-1 5.42044E-1 5.44675E-1 5.33763E-1 5.44089E-1 5.36249E-1 5.17637E-1 5.37181E-1 5.68595E-1 6.14908E-1 6.73065E-1 6.84563E-1 6.68987E-1 6.65952E-1 6.40929E-1 6.28672E-1 6.15956E-1 6.57543E-1 6.21356E-1 6.57929E-1 6.65616E-1 6.64465E-1 6.49067E-1 6.18506E-1 6.13506E-1 6.2803E-1 6.47139E-1 6.90814E-1 7.18946E-1 7.22311E-1 7.22021E-1 7.43362E-1 7.43695E-1 7.37062E-1
7.70414E-1 6.10643E-1 4.83587E-1 4.84671E-1 3.94397E-1 4.01646E-1 3.36112E-1 3.27069E-1 2.48897E-1 2.572E-1 3.19318E-1 3.05727E-1 3.06441E-1 3.20509E-1 3.13667E-1 3.28992E-1 3.28479E-1 3.52463E-1 3.7006E-1 3.61195E-1 4.34028E-1 5.1239E-1 5.00518E-1 5.47312E-1 5.47807E-1 5.51739E-1 5.17444E-1 5.01586E-1 5.10142E-1 5.17943E-1 5.0672E-1 5.08094E-1 5.27395E-1 5.36709E-1 5.32615E-1 5.39418E-1 5.70734E-1 6.26044E-1 6.46938E-1 6.68964E-1 6.98342E-1 6.63247E-1 5.87321E-1 5.84627E-1 6.13492E-1 6.67948E-1 6.75927E-1 6.54246E-1 6.35882E-1 6.2071E-1 5.87363E-1 5.91831E-1 5.9688E-1 6.14168E-1 6.66375E-1 6.84603E-1 7.08432E-1 7.30749E-1 7.48826E-1 7.65385E-1 7.524E-1
7.70468E-1 6.41227E-1 6.00708E-1 4.59993E-1 3.73274E-1 4.13528E-1 3.82351E-1 3.33919E-1 2.87539E-1 2.62071E-1 2.93186E-1 3.17518E-1 2.99199E-1 3.25295E-1 3.13437E-1 3.20921E-1 3.36283E-1 3.64865E-1 3.81412E-1 4.33591E-1 4.47736E-1 4.37699E-1 5.09935E-1 5.63218E-1 5.41917E-1 5.48968E-1 5.6268E-1 5.47934E-1 5.07074E-1 4.70561E-1 4.74411E-1 4.92943E-1 5.12587E-1 5.39878E-1 5.54622E-1 5.49138E-1 5.80779E-1 6.08526E-1 6.01985E-1 6.03299E-1 6.69859E-1 6.67938E-1 5.86956E-1 5.8187E-1 6.09318E-1 6.17589E-1 6.51255E-1 6.29913E-1 6.30356E-1 6.03764E-1 5.74836E-1 5.80948E-1 5.72137E-1 5.86268E-1 6.19984E-1 6.53059E-1 6.87462E-1 7.24766E-1 7.50676E-1 7.72205E-1 7.58528E-1
7.36839E-1 6.92273E-1 6.55129E-1 4.56216E-1 4.3717E-1 4.05649E-1 5.05258E-1 4.39877E-1 2.78838E-1 2.57863E-1 2.72102E-1 2.71682E-1 2.71767E-1 3.18104E-1 3.12759E-1 3.16005E-1 3.30578E-1 3.8881E-1 4.2037E-1 4.37058E-1 4.68026E-1 4.71928E-1 5.27755E-1 5.57705E-1 5.73222E-1 5.49539E-1 5.85378E-1 5.4966E-1 5.47528E-1 5.04432E-1 4.91155E-1 4.85964E-1 5.30154E-1 5.5141E-1 5.70173E-1 5.65959E-1 5.82085E-1 5.76806E-1 5.82718E-1 5.48256E-1 6.16836E-1 6.24352E-1 6.14909E-1 5.88711E-1 6.06906E-1 6.08865E-1 6.32505E-1 6.37097E-1 6.25122E-1 6.1125E-1 5.91858E-1 5.88871E-1 5.83582E-1 5.83595E-1 5.96351E-1 6.385E-1 6.72429E-1 7.11698E-1 7.43073E-1 7.58688E-1 7.5834E-1
7.38436E-1 6.84796E-1 6.44175E-1 5.21759E-1 5.00986E-1 5.85262E-1 6.05371E-1 6.16903E-1 3.94467E-1 2.94021E-1 2.6892E-1 2.58766E-1 2.59434E-1 2.89934E-1 3.04944E-1 3.28057E-1 3.26515E-1 3.94283E-1 4.16168E-1 4.47645E-1 4.77435E-1 4.9739E-1 5.36581E-1 5.65822E-1 5.76039E-1 5.66593E-1 5.77236E-1 5.68604E-1 5.73996E-1 5.38306E-1 5.14116E-1 5.23408E-1 5.48557E-1 5.81487E-1 5.88847E-1 5.92478E-1 5.83416E-1 5.72115E-1 5.80979E-1 5.78138E-1 5.70726E-1 5.86511E-1 5.96177E-1 6.10402E-1 6.05705E-1 6.30681E-1 6.30919E-1 6.43965E-1 6.44052E-1 6.40572E-1 6.3539E-1 6.21621E-1 6.17805E-1 6.10555E-1 5.98239E-1 6.33072E-1 6.77738E-1 7.08413E-1 7.43217E-1 7.54095E-1 7.54809E-1
7.28654E-1 6.68739E-1 6.54283E-1 6.04639E-1 5.97261E-1 6.81515E-1 6.46166E-1 6.66763E-1 5.32051E-1 4.54415E-1 3.4633E-1 2.66055E-1 2.69038E-1 2.74442E-1 3.1585E-1 3.50141E-1 3.57964E-1 4.43745E-1 4.56406E-1 4.68548E-1 4.83781E-1 5.02025E-1 5.36083E-1 5.50941E-1 5.65423E-1 5.8195E-1 5.93549E-1 5.99604E-1 5.8467E-1 5.51318E-1 5.44706E-1 5.6791E-1 5.6867E-1 5.8787E-1 5.92355E-1 6.21114E-1 6.05214E-1 5.99048E-1 6.24804E-1 6.25287E-1 6.27253E-1 5.80904E-1 5.94774E-1 6.14922E-1 6.0025E-1 6.15206E-1 6.15137E-1 6.23903E-1 6.39381E-1 6.64108E-1 6.79623E-1 6.7378E-1 6.62537E-1 6.40105E-1 6.27442E-1 6.54736E-1 7.00287E-1 7.18215E-1 7.35796E-1 7.5116E-1 7.64123E-1
7.16797E-1 6.67745E-1 6.60542E-1 6.68168E-1 6.97962E-1 7.17907E-1 5.71534E-1 6.25211E-1 5.80158E-1 5.59654E-1 4.27828E-1 3.08699E-1 3.00981E-1 3.19093E-1 3.51924E-1 3.91673E-1 3.55841E-1 4.23504E-1 4.55566E-1 4.56131E-1 5.01248E-1 5.06438E-1 5.22505E-1 5.59187E-1 5.80724E-1 5.84985E-1 6.02393E-1 6.03763E-1 5.9493E-1 5.85186E-1 5.75296E-1 5.77961E-1 5.73076E-1 6.0159E-1 6.11036E-1 6.26711E-1 6.42435E-1 6.39091E-1 6.43479E-1 6.37645E-1 6.52664E-1 5.84727E-1 5.94602E-1 6.11297E-1 6.08545E-1 6.22913E-1 6.50814E-1 6.74591E-1 6.73058E-1 6.77451E-1 6.94648E-1 6.9492E-1 6.87318E-1 6.84994E-1 6.88087E-1 6.98539E-1 7.26522E-1 7.39316E-1 7.38952E-1 7.5023E-1 7.57422E-1
7.30848E-1 6.95068E-1 6.92677E-1 7.01627E-1 7.55148E-1 7.2471E-1 7.04994E-1 7.51973E-1 6.41296E-1 5.16145E-1 5.00332E-1 5.01652E-1 3.80678E-1 3.79661E-1 4.16956E-1 4.27053E-1 4.55982E-1 4.957E-1 5.03178E-1 4.86592E-1 5.0817E-1 5.14011E-1 5.56151E-1 5.95202E-1 6.11084E-1 6.31227E-1 6.12285E-1 6.20758E-1 6.12964E-1 6.08769E-1 5.74986E-1 5.724E-1 6.09347E-1 6.32671E-1 6.08473E-1 6.49069E-1 6.76674E-1 6.6846E-1 6.71906E-1 6.46278E-1 6.56565E-1 5.90747E-1 5.78303E-1 6.07692E-1 6.28284E-1 6.2838E-1 6.48254E-1 6.65904E-1 6.86619E-1 6.93789E-1 7.01511E-1 7.05579E-1 7.1106E-1 7.07617E-1 7.1924E-1 7.33779E-1 7.4819E-1 7.70644E-1 7.71288E-1 7.66939E-1 7.7688E-1
7.29209E-1 7.16409E-1 7.31236E-1 7.62838E-1 7.98488E-1 7.78427E-1 7.43464E-1 7.76479E-1 7.53224E-1 6.92428E-1 5.53651E-1 6.34216E-1 5.21703E-1 4.63051E-1 4.2392E-1 4.12364E-1 4.54898E-1 5.28115E-1 4.9312E-1 5.45601E-1 5.49171E-1 5.46553E-1 5.52772E-1 5.6235E-1 5.8705E-1 6.25663E-1 6.31983E-1 6.32515E-1 6.3827E-1 5.96542E-1 5.78406E-1 5.6957E-1 6.16116E-1 6.06635E-1 6.58707E-1 6.53879E-1 6.85408E-1 7.01086E-1 7.00852E-1 6.90358E-1 6.72181E-1 6.21374E-1 5.57894E-1 6.26023E-1 6.57728E-1 6.39396E-1 6.23604E-1 6.63976E-1 7.03719E-1 7.08333E-1 7.02822E-1 7.05625E-1 7.0955E-1 7.25105E-1 7.07087E-1 7.39343E-1 7.61574E-1 7.92465E-1 7.91861E-1 7.90702E-1 8.10476E-1
7.29562E-1 7.38126E-1 7.72943E-1 8.1142E-1 8.21693E-1 7.80443E-1 7.07277E-1 7.71985E-1 7.39981E-1 6.32084E-1 7.57204E-1 6.77814E-1 5.3107E-1 4.73005E-1 4.7528E-1 4.67973E-1 4.6211E-1 4.98922E-1 4.34922E-1 5.53757E-1 5.58144E-1 5.27785E-1 5.30431E-1 5.09885E-1 5.29236E-1 5.77772E-1 6.26733E-1 6.15518E-1 6.2308E-1 6.09745E-1 5.62426E-1 5.8671E-1 6.02115E-1 5.53647E-1 6.63309E-1 6.44398E-1 6.84386E-1 7.09318E-1 6.98089E-1 7.12257E-1 7.07923E-1 6.58584E-1 5.86086E-1 6.43269E-1 6.637E-1 6.30873E-1 6.31901E-1 6.76362E-1 7.14432E-1 7.22373E-1 7.26292E-1 7.28731E-1 7.12263E-1 7.25158E-1 7.44193E-1 7.3036E-1 7.61246E-1 8.03934E-1 8.11476E-1 8.07254E-1 8.1334E-1
6.88933E-1 7.31343E-1 7.96689E-1 8.03015E-1 8.17368E-1 8.0622E-1 7.78801E-1 7.92431E-1 7.85715E-1 7.40274E-1 7.98484E-1 8.20878E-1 6.55597E-1 5.44133E-1 4.74843E-1 4.77311E-1 4.69328E-1 4.66804E-1 4.54419E-1 5.61994E-1 5.51127E-1 5.02069E-1 5.23675E-1 5.03299E-1 5.25177E-1 5.53394E-1 5.97511E-1 6.03164E-1 6.18357E-1 5.98498E-1 5.8603E-1 6.10233E-1 5.97879E-1 6.3923E-1 6.88228E-1 7.16377E-1 7.20247E-1 7.16004E-1 7.01213E-1 7.23179E-1 7.05757E-1 6.73888E-1 6.15897E-1 5.91529E-1 6.43216E-1 6.65381E-1 6.78466E-1 6.99852E-1 7.10107E-1 7.26579E-1 7.51183E-1 7.37401E-1 7.12702E-1 7.27317E-1 7.46669E-1 7.28684E-1 7.59637E-1 7.99982E-1 8.04673E-1 8.1223E-1 8.20343E-1
