maxent_outputs/red_flowers_linear/red_196.asc
ncols         426
nrows         180
xllcorner     -130.0
yllcorner     24.0
cellsize      0.16666666666666666
NODATA_value  -9999
[rows 27 to 53 of 180, columns 244 to 304 of 426]
2.09868E-1 2.02549E-1 2.18356E-1 2.52589E-1 2.81718E-1 3.04951E-1 2.8696E-1 2.42541E-1 2.34313E-1 2.30604E-1 2.23968E-1 2.3295E-1 2.36317E-1 2.32976E-1 2.84765E-1 2.55607E-1 2.57432E-1 2.59288E-1 2.63309E-1 2.57438E-1 2.40706E-1 2.4265E-1 2.56172E-1 2.44197E-1 2.41471E-1 2.64071E-1 2.48809E-1 2.48198E-1 2.47715E-1 2.39891E-1 2.42555E-1 2.43134E-1 2.51131E-1 2.52851E-1 2.56792E-1 2.53842E-1 2.49146E-1 2.49568E-1 2.40405E-1 2.3659E-1 2.28477E-1 2.27652E-1 2.45321E-1 2.491E-1 2.33356E-1 2.30097E-1 2.31185E-1 2.41702E-1 2.4736E-1 2.48609E-1 2.45024E-1 2.46015E-1 2.47735E-1 2.39777E-1 2.3999E-1 2.28085E-1 2.12898E-1 2.0388E-1 2.02357E-1 1.96493E-1 1.91493E-1
2.15045E-1 2.18071E-1 2.20627E-1 2.09487E-1 2.15052E-1 2.32535E-1 2.33143E-1 2.36619E-1 2.40667E-1 2.31774E-1 2.20448E-1 2.46863E-1 2.35473E-1 2.55744E-1 2.44581E-1 2.45837E-1 2.63048E-1 2.82937E-1 2.68854E-1 2.60234E-1 2.55062E-1 2.385E-1 2.45159E-1 2.57389E-1 2.59078E-1 2.63749E-1 2.51396E-1 2.48922E-1 2.48358E-1 2.4236E-1 2.43908E-1 2.50171E-1 2.49193E-1 2.53724E-1 2.52884E-1 2.5551E-1 2.52197E-1 2.47527E-1 2.33339E-1 2.31174E-1 2.31309E-1 2.31759E-1 2.38653E-1 2.45574E-1 2.45054E-1 2.46381E-1 2.45415E-1 2.48789E-1 2.5836E-1 2.60133E-1 2.47861E-1 2.47497E-1 2.45572E-1 2.34339E-1 2.39949E-1 2.34527E-1 2.19663E-1 2.12396E-1 2.15009E-1 2.01363E-1 2.02557E-1
2.15713E-1 2.1711E-1 2.23868E-1 2.18501E-1 2.18412E-1 2.28162E-1 2.48889E-1 2.47385E-1 2.40149E-1 2.47707E-1 2.62942E-1 2.73331E-1 2.63828E-1 2.71113E-1 2.48973E-1 2.59378E-1 3.03562E-1 3.14111E-1 2.97859E-1 2.72901E-1 2.45617E-1 2.45897E-1 2.4924E-1 2.70864E-1 2.83114E-1 2.70265E-1 2.54591E-1 2.60533E-1 2.56526E-1 2.58635E-1 2.63401E-1 2.56372E-1 2.5321E-1 2.58781E-1 2.55058E-1 2.61793E-1 2.59028E-1 2.63809E-1 2.52367E-1 2.45358E-1 2.53136E-1 2.42458E-1 2.40783E-1 2.45712E-1 2.45996E-1 2.52474E-1 2.53868E-1 2.51442E-1 2.56608E-1 2.6062E-1 2.45888E-1 2.44829E-1 2.39208E-1 2.3927E-1 2.38085E-1 2.36823E-1 2.3081E-1 2.29826E-1 2.30712E-1 2.10329E-1 2.05786E-1
2.11987E-1 2.14578E-1 2.27743E-1 2.26978E-1 2.25985E-1 2.34016E-1 2.75715E-1 3.22713E-1 3.26389E-1 3.61219E-1 3.50854E-1 3.20479E-1 3.14626E-1 3.17884E-1 3.40117E-1 3.09701E-1 3.16815E-1 3.32545E-1 3.17566E-1 2.99978E-1 2.65705E-1 2.73371E-1 2.67536E-1 2.6442E-1 2.64024E-1 2.5375E-1 2.70402E-1 2.69018E-1 2.59491E-1 2.94401E-1 2.68117E-1 2.64431E-1 2.65559E-1 2.61299E-1 2.66085E-1 2.74406E-1 2.62792E-1 2.51386E-1 2.53632E-1 2.53234E-1 2.5095E-1 2.54549E-1 2.43984E-1 2.42334E-1 2.43153E-1 2.49578E-1 2.51905E-1 2.47526E-1 2.48339E-1 2.50148E-1 2.43587E-1 2.42347E-1 2.30535E-1 2.38823E-1 2.41721E-1 2.762E-1 2.74084E-1 2.4422E-1 2.3717E-1 2.14852E-1 2.09017E-1
2.21819E-1 2.18031E-1 2.36761E-1 2.40194E-1 2.48036E-1 2.96891E-1 2.67709E-1 3.20204E-1 3.79883E-1 4.41145E-1 5.05064E-1 5.36286E-1 4.94083E-1 4.5218E-1 4.91369E-1 4.99607E-1 4.72411E-1 4.62106E-1 3.37872E-1 2.87082E-1 2.70863E-1 2.78547E-1 2.93636E-1 2.65239E-1 2.60369E-1 2.74719E-1 2.79498E-1 2.81637E-1 2.62872E-1 2.7576E-1 2.75425E-1 2.77632E-1 2.78948E-1 2.64326E-1 2.71302E-1 2.70436E-1 2.72703E-1 2.62767E-1 2.5106E-1 2.57643E-1 2.46535E-1 2.51145E-1 2.49009E-1 2.47003E-1 2.47236E-1 2.44595E-1 2.42775E-1 2.42476E-1 2.45124E-1 2.48556E-1 2.48537E-1 2.35324E-1 2.38648E-1 2.53412E-1 2.62924E-1 2.94896E-1 3.00987E-1 2.63968E-1 2.825E-1 2.30542E-1 2.16963E-1
2.41821E-1 2.6774E-1 3.06173E-1 3.05925E-1 3.33293E-1 3.54573E-1 4.82636E-1 5.79415E-1 6.46976E-1 6.62797E-1 6.8234E-1 6.9374E-1 6.90326E-1 6.95645E-1 6.91112E-1 6.99268E-1 6.92749E-1 6.61356E-1 4.27342E-1 3.02532E-1 2.87747E-1 2.73815E-1 2.70169E-1 2.70687E-1 2.78252E-1 2.97996E-1 2.80329E-1 2.77454E-1 2.94535E-1 2.78152E-1 2.91514E-1 2.74765E-1 2.85215E-1 2.80561E-1 2.72993E-1 2.73698E-1 2.7261E-1 2.64414E-1 2.64012E-1 2.58059E-1 2.57233E-1 2.48538E-1 2.49211E-1 2.5187E-1 2.58963E-1 2.54501E-1 2.59401E-1 2.46978E-1 2.45694E-1 2.5089E-1 2.67168E-1 2.53008E-1 2.45925E-1 2.54114E-1 2.60235E-1 2.62266E-1 2.79836E-1 2.83857E-1 2.82815E-1 2.62488E-1 2.43586E-1
2.62944E-1 4.13198E-1 4.31391E-1 3.75141E-1 4.62347E-1 5.72634E-1 6.37304E-1 6.55762E-1 6.79046E-1 6.8788E-1 6.99865E-1 7.16062E-1 7.22659E-1 7.16866E-1 7.25494E-1 7.24667E-1 7.08086E-1 6.69289E-1 5.68017E-1 3.52124E-1 3.16966E-1 3.07127E-1 2.94274E-1 3.00365E-1 2.99089E-1 2.97437E-1 2.92548E-1 2.95492E-1 2.88478E-1 2.99052E-1 3.17801E-1 3.12813E-1 3.06867E-1 3.26284E-1 3.10021E-1 2.95813E-1 2.88953E-1 2.70116E-1 2.74855E-1 2.70252E-1 2.60382E-1 2.51729E-1 2.60522E-1 2.5738E-1 2.65634E-1 2.7072E-1 2.68161E-1 2.69258E-1 2.66538E-1 2.73826E-1 2.79145E-1 2.69982E-1 2.73172E-1 2.81397E-1 2.76035E-1 2.77072E-1 2.93507E-1 2.79902E-1 2.75408E-1 2.70313E-1 2.73311E-1
3.56402E-1 4.44053E-1 5.30397E-1 5.79636E-1 6.11651E-1 6.18019E-1 6.5972E-1 6.77148E-1 6.96167E-1 7.09424E-1 7.25964E-1 7.31211E-1 7.37122E-1 7.36735E-1 7.35169E-1 7.35694E-1 7.19521E-1 6.9872E-1 6.58854E-1 4.3684E-1 3.40282E-1 3.291E-1 3.22764E-1 3.0925E-1 3.11009E-1 3.12633E-1 3.11213E-1 3.13877E-1 3.17102E-1 3.16716E-1 3.39003E-1 3.42961E-1 3.24905E-1 3.13246E-1 3.0099E-1 3.00336E-1 3.05362E-1 2.79285E-1 2.68952E-1 2.68893E-1 2.76758E-1 2.66004E-1 2.67549E-1 2.64887E-1 2.69347E-1 2.76501E-1 2.74376E-1 2.84511E-1 2.83879E-1 2.82101E-1 2.78762E-1 2.80379E-1 2.98601E-1 3.02264E-1 3.16417E-1 3.20917E-1 3.1436E-1 2.98303E-1 2.97728E-1 2.92566E-1 2.74846E-1
5.30521E-1 5.78387E-1 5.15616E-1 4.90829E-1 4.99993E-1 6.07289E-1 6.64113E-1 7.00307E-1 7.11179E-1 7.3046E-1 7.47585E-1 7.53701E-1 7.50367E-1 7.48309E-1 7.49246E-1 7.43843E-1 7.33399E-1 7.1791E-1 6.91686E-1 6.06787E-1 4.4881E-1 3.64498E-1 3.52739E-1 3.59097E-1 3.49847E-1 3.53402E-1 3.57727E-1 3.39123E-1 3.52977E-1 3.67235E-1 3.5237E-1 3.54241E-1 3.5171E-1 3.28806E-1 3.22914E-1 3.28495E-1 3.21843E-1 3.05091E-1 2.81614E-1 2.90131E-1 2.90069E-1 2.89546E-1 3.00651E-1 2.82939E-1 2.81589E-1 2.72259E-1 2.81886E-1 2.91024E-1 2.88435E-1 2.93808E-1 2.96302E-1 3.05762E-1 3.21261E-1 3.08449E-1 3.17492E-1 3.30995E-1 3.25005E-1 3.12225E-1 3.08614E-1 2.92098E-1 2.82406E-1
5.46011E-1 4.53607E-1 5.10788E-1 5.8631E-1 6.42455E-1 6.72405E-1 6.93566E-1 7.13135E-1 7.30659E-1 7.53913E-1 7.60462E-1 7.61342E-1 7.59513E-1 7.60541E-1 7.39801E-1 7.3622E-1 7.36764E-1 7.216E-1 7.01074E-1 6.75233E-1 6.71142E-1 5.92488E-1 5.59266E-1 5.61881E-1 5.94064E-1 6.30349E-1 5.50176E-1 4.18267E-1 4.04955E-1 3.90819E-1 3.84346E-1 3.57378E-1 3.77321E-1 3.57422E-1 3.50893E-1 3.37355E-1 3.33397E-1 2.99985E-1 2.98772E-1 3.00991E-1 2.95774E-1 2.94455E-1 2.87042E-1 2.82425E-1 2.90337E-1 2.84883E-1 3.0259E-1 3.09756E-1 3.08259E-1 3.12717E-1 3.15927E-1 3.20931E-1 3.16462E-1 3.04494E-1 3.19518E-1 3.14623E-1 2.96532E-1 3.06452E-1 2.97625E-1 2.95518E-1 2.91394E-1
5.94889E-1 5.928E-1 6.46339E-1 6.61107E-1 6.80434E-1 6.99224E-1 7.11958E-1 7.24605E-1 7.49595E-1 7.5432E-1 7.56092E-1 7.50817E-1 7.60474E-1 7.63766E-1 7.4354E-1 7.39172E-1 7.34805E-1 7.26052E-1 7.17508E-1 7.07662E-1 6.1016E-1 5.40196E-1 6.10423E-1 7.08741E-1 7.16335E-1 7.23903E-1 5.25126E-1 4.55045E-1 4.31075E-1 4.30013E-1 4.30804E-1 3.99971E-1 3.78247E-1 3.58223E-1 3.67087E-1 3.28214E-1 3.14849E-1 2.96829E-1 3.02773E-1 3.10452E-1 3.06349E-1 2.88728E-1 3.09074E-1 3.17563E-1 3.04225E-1 2.93133E-1 3.06646E-1 3.18192E-1 3.0694E-1 3.20779E-1 3.21041E-1 3.13595E-1 3.16473E-1 3.18983E-1 3.2032E-1 3.13869E-1 2.92161E-1 2.77811E-1 2.84157E-1 2.81702E-1 2.89744E-1
6.1514E-1 6.38854E-1 6.57281E-1 6.82047E-1 7.09148E-1 6.99878E-1 7.11934E-1 6.8738E-1 6.79002E-1 7.05085E-1 7.23354E-1 7.39291E-1 7.48605E-1 7.58618E-1 7.47053E-1 7.38073E-1 7.36737E-1 7.33393E-1 7.28789E-1 7.1949E-1 7.23365E-1 7.1269E-1 7.28336E-1 7.34947E-1 7.40737E-1 7.27167E-1 5.49592E-1 5.07539E-1 4.65005E-1 4.56053E-1 4.33574E-1 4.2301E-1 3.81497E-1 3.82601E-1 3.77989E-1 3.44586E-1 3.30856E-1 3.15942E-1 3.10831E-1 3.09216E-1 3.10659E-1 3.00395E-1 3.09857E-1 3.03318E-1 3.06503E-1 3.0631E-1 3.0216E-1 3.10986E-1 3.13575E-1 3.12607E-1 3.26375E-1 3.35784E-1 3.30886E-1 3.3494E-1 3.32211E-1 3.21653E-1 3.09453E-1 2.89468E-1 2.94992E-1 2.86646E-1 3.1858E-1
6.20866E-1 6.4052E-1 6.49391E-1 6.75194E-1 6.7265E-1 6.06221E-1 5.40654E-1 5.29263E-1 5.46401E-1 5.68282E-1 6.37196E-1 6.88959E-1 7.25569E-1 7.4856E-1 7.39717E-1 7.36413E-1 7.3603E-1 7.34783E-1 7.28594E-1 7.22883E-1 7.41169E-1 7.20266E-1 7.56463E-1 7.57808E-1 7.61829E-1 7.55812E-1 7.08433E-1 6.19387E-1 5.19868E-1 4.59273E-1 4.40866E-1 4.28236E-1 3.9989E-1 4.01921E-1 3.96192E-1 3.84616E-1 3.56137E-1 3.51987E-1 3.42597E-1 3.50128E-1 3.40977E-1 3.20117E-1 3.09623E-1 3.11827E-1 3.03367E-1 3.04695E-1 3.05779E-1 3.04435E-1 2.97905E-1 3.05746E-1 3.22345E-1 3.55483E-1 3.5658E-1 3.56565E-1 3.4683E-1 3.40579E-1 3.32828E-1 3.18541E-1 3.39885E-1 2.92925E-1 3.08721E-1
6.18548E-1 6.27591E-1 6.20366E-1 6.01128E-1 5.08784E-1 4.67176E-1 4.7729E-1 5.51864E-1 6.26732E-1 6.49586E-1 6.50351E-1 6.51884E-1 6.79487E-1 7.1483E-1 7.16152E-1 7.27198E-1 7.2882E-1 7.29347E-1 7.24902E-1 7.2091E-1 7.39533E-1 7.45917E-1 7.60007E-1 7.66635E-1 7.74441E-1 7.6708E-1 7.64885E-1 6.93057E-1 5.4926E-1 4.69818E-1 4.50383E-1 4.08085E-1 4.06361E-1 4.15597E-1 4.22114E-1 4.08452E-1 3.87295E-1 3.63929E-1 3.49507E-1 3.48694E-1 3.56755E-1 3.44008E-1 3.52689E-1 3.32354E-1 3.17609E-1 3.08845E-1 3.24564E-1 3.08649E-1 3.17934E-1 3.4265E-1 3.355E-1 3.52049E-1 3.61187E-1 3.54407E-1 3.66085E-1 3.55752E-1 3.56241E-1 3.43396E-1 3.48365E-1 3.37855E-1 3.35645E-1
5.75025E-1 5.57596E-1 5.2013E-1 4.81922E-1 4.59684E-1 4.69477E-1 5.83206E-1 6.38457E-1 6.4326E-1 6.39817E-1 6.38034E-1 6.45194E-1 6.61361E-1 6.82503E-1 6.97493E-1 7.12743E-1 7.15436E-1 7.14814E-1 7.09124E-1 7.08362E-1 7.3193E-1 7.40961E-1 7.55558E-1 7.68799E-1 7.72971E-1 7.71911E-1 7.578E-1 6.28434E-1 5.11198E-1 4.7628E-1 4.57523E-1 4.35444E-1 4.42523E-1 4.52989E-1 4.38576E-1 4.08105E-1 3.9227E-1 3.6877E-1 3.4618E-1 3.37984E-1 3.60086E-1 3.52773E-1 3.33755E-1 3.38501E-1 3.32723E-1 3.21407E-1 3.39048E-1 3.40912E-1 3.47377E-1 3.50042E-1 3.32197E-1 3.40406E-1 3.51351E-1 3.53793E-1 3.70167E-1 3.89758E-1 3.64592E-1 3.6177E-1 3.63825E-1 3.84809E-1 3.89935E-1
4.27774E-1 4.06182E-1 4.02548E-1 4.03441E-1 4.05057E-1 4.72519E-1 5.12593E-1 4.95958E-1 5.12755E-1 5.58307E-1 6.09952E-1 6.4259E-1 6.42997E-1 6.60333E-1 6.79835E-1 7.01352E-1 7.0221E-1 7.01022E-1 7.00005E-1 6.92361E-1 6.95742E-1 7.15669E-1 7.22722E-1 7.29709E-1 7.43778E-1 7.42776E-1 7.44201E-1 6.72874E-1 5.80516E-1 5.17417E-1 4.92674E-1 4.79643E-1 4.64985E-1 4.68074E-1 4.55293E-1 4.12576E-1 4.09984E-1 4.00242E-1 3.76317E-1 3.5101E-1 3.62052E-1 3.6878E-1 3.48584E-1 3.51703E-1 3.6561E-1 3.52647E-1 3.53618E-1 3.41247E-1 3.48301E-1 3.49269E-1 3.47763E-1 3.57634E-1 3.70482E-1 3.70772E-1 3.98055E-1 4.14171E-1 3.88701E-1 3.70994E-1 3.73298E-1 3.813E-1 4.10302E-1
3.47714E-1 3.30342E-1 3.39774E-1 3.49222E-1 3.67466E-1 3.90987E-1 4.01349E-1 4.03849E-1 4.09511E-1 4.41067E-1 4.79346E-1 6.07251E-1 6.27435E-1 6.32135E-1 6.50608E-1 6.72693E-1 6.69943E-1 6.70207E-1 6.50138E-1 6.209E-1 5.78646E-1 5.80588E-1 6.23435E-1 5.80553E-1 5.55587E-1 5.37297E-1 6.54084E-1 6.99696E-1 6.32689E-1 5.30362E-1 4.86579E-1 4.80954E-1 4.93161E-1 4.60451E-1 4.38785E-1 4.12885E-1 4.0026E-1 3.95866E-1 3.80648E-1 3.84704E-1 3.79444E-1 3.75026E-1 3.89886E-1 3.84458E-1 3.80793E-1 3.74026E-1 3.72762E-1 3.5746E-1 3.61093E-1 3.51562E-1 3.55178E-1 4.60695E-1 4.05262E-1 3.98787E-1 3.87546E-1 3.89572E-1 3.99876E-1 3.87067E-1 3.7195E-1 3.68081E-1 3.8209E-1
3.07528E-1 3.05809E-1 2.96153E-1 3.12613E-1 3.11639E-1 3.2346E-1 3.33501E-1 3.39564E-1 3.50623E-1 3.82149E-1 4.16159E-1 4.64327E-1 5.80664E-1 5.66598E-1 5.98525E-1 6.23789E-1 6.26911E-1 5.79729E-1 4.89504E-1 4.43268E-1 4.39085E-1 4.23066E-1 4.0626E-1 4.10954E-1 4.28655E-1 4.60434E-1 6.26518E-1 6.65227E-1 6.01663E-1 4.57087E-1 4.49542E-1 4.79249E-1 4.82897E-1 4.53119E-1 4.33334E-1 4.23406E-1 4.0908E-1 4.06772E-1 3.92309E-1 3.99237E-1 3.86184E-1 4.02152E-1 4.00473E-1 4.05334E-1 3.96622E-1 3.92082E-1 3.90645E-1 3.89562E-1 3.67721E-1 3.41576E-1 3.29298E-1 3.72546E-1 4.07059E-1 4.10643E-1 4.11414E-1 4.02809E-1 3.92207E-1 3.87291E-1 3.85867E-1 3.84165E-1 3.73866E-1
3.01566E-1 2.9437E-1 2.88748E-1 2.83494E-1 2.82768E-1 2.85601E-1 3.088E-1 3.09509E-1 3.09832E-1 3.35016E-1 3.54456E-1 3.59008E-1 3.829E-1 3.9873E-1 4.24027E-1 4.73329E-1 4.92122E-1 4.63726E-1 4.3061E-1 3.87416E-1 3.73199E-1 3.95056E-1 3.73216E-1 3.77286E-1 4.09116E-1 4.25721E-1 4.63653E-1 4.63893E-1 4.42674E-1 3.94547E-1 4.1073E-1 4.46633E-1 4.54793E-1 4.30284E-1 4.05082E-1 3.97064E-1 3.89224E-1 3.95835E-1 4.07346E-1 3.9141E-1 4.06119E-1 4.21859E-1 4.03914E-1 4.05059E-1 3.9827E-1 3.94359E-1 3.87865E-1 4.04932E-1 4.04047E-1 3.77652E-1 3.59317E-1 3.98987E-1 4.26338E-1 4.2322E-1 4.24197E-1 4.26935E-1 4.15727E-1 3.95966E-1 3.74823E-1 3.70821E-1 3.55175E-1
2.82269E-1 2.77275E-1 2.87965E-1 2.75671E-1 2.65357E-1 2.70604E-1 2.88045E-1 2.96516E-1 3.09083E-1 3.27286E-1 3.37045E-1 3.28374E-1 3.50205E-1 3.57706E-1 3.52241E-1 3.83372E-1 4.33383E-1 4.37364E-1 3.97189E-1 3.8063E-1 4.03043E-1 4.1981E-1 3.95249E-1 3.814E-1 4.09321E-1 4.13666E-1 3.99102E-1 3.98999E-1 3.66251E-1 3.7101E-1 3.98715E-1 4.38509E-1 4.43573E-1 4.92208E-1 4.89852E-1 4.62507E-1 4.24525E-1 4.0353E-1 4.07021E-1 4.26794E-1 4.12089E-1 4.24927E-1 4.15115E-1 4.08047E-1 4.13674E-1 4.08816E-1 4.15262E-1 4.49369E-1 4.63591E-1 4.29351E-1 4.17534E-1 4.30072E-1 4.471E-1 4.54467E-1 4.53782E-1 4.6155E-1 4.6201E-1 4.57079E-1 4.41616E-1 3.64119E-1 3.19386E-1
2.51852E-1 2.61236E-1 2.68688E-1 2.67842E-1 2.54802E-1 2.65543E-1 2.70457E-1 2.82058E-1 3.00771E-1 3.07031E-1 3.1616E-1 3.15452E-1 3.30545E-1 3.46575E-1 3.54585E-1 3.8056E-1 4.04265E-1 4.13548E-1 4.08309E-1 4.06368E-1 4.17894E-1 4.2731E-1 4.27562E-1 4.56115E-1 4.50022E-1 4.35988E-1 4.21863E-1 4.16926E-1 4.18752E-1 3.90396E-1 3.82973E-1 4.01763E-1 4.36063E-1 4.48698E-1 4.66758E-1 5.34545E-1 5.42921E-1 5.35894E-1 5.33001E-1 5.4495E-1 5.43886E-1 5.35593E-1 5.07751E-1 4.87476E-1 4.63265E-1 4.61684E-1 4.73455E-1 4.72646E-1 4.66195E-1 4.57695E-1 4.54649E-1 4.54332E-1 4.76366E-1 4.81438E-1 4.78536E-1 4.63823E-1 4.42421E-1 4.26326E-1 3.96758E-1 3.42749E-1 3.21231E-1
2.40028E-1 2.51736E-1 2.6461E-1 2.72175E-1 2.70853E-1 2.69919E-1 2.67175E-1 2.70608E-1 2.88754E-1 2.98041E-1 3.04668E-1 3.07878E-1 3.18097E-1 3.40175E-1 3.46713E-1 3.75907E-1 3.99252E-1 3.99898E-1 4.74197E-1 5.11516E-1 5.05836E-1 5.23623E-1 5.38873E-1 5.22026E-1 5.1602E-1 5.12069E-1 4.5879E-1 4.3653E-1 4.68102E-1 5.02816E-1 5.17855E-1 5.28382E-1 5.18693E-1 4.9803E-1 4.74359E-1 4.58389E-1 4.62168E-1 4.7557E-1 4.57572E-1 4.9114E-1 4.74568E-1 4.74322E-1 4.82509E-1 5.18018E-1 4.69348E-1 5.57936E-1 6.09188E-1 6.44885E-1 6.16537E-1 5.86029E-1 5.73267E-1 4.97919E-1 5.0492E-1 5.17297E-1 5.11227E-1 4.97669E-1 4.79547E-1 4.52402E-1 4.30933E-1 3.98016E-1 3.99076E-1
2.33226E-1 2.43836E-1 2.65648E-1 2.6516E-1 2.65273E-1 2.66249E-1 2.66155E-1 2.67062E-1 2.73546E-1 2.88348E-1 2.89336E-1 3.05884E-1 3.194E-1 3.71708E-1 3.99422E-1 4.2492E-1 4.23876E-1 5.07059E-1 5.67453E-1 5.98941E-1 5.96709E-1 5.59767E-1 4.72208E-1 4.74367E-1 5.31383E-1 4.98531E-1 4.39918E-1 4.17311E-1 4.14147E-1 4.37228E-1 5.4357E-1 5.70358E-1 5.83305E-1 5.92014E-1 6.05954E-1 6.02143E-1 6.0443E-1 5.93441E-1 5.92145E-1 5.95592E-1 5.76662E-1 5.06559E-1 4.97472E-1 4.97873E-1 5.37504E-1 5.4483E-1 6.46677E-1 7.43952E-1 7.50197E-1 7.52864E-1 7.67143E-1 7.35221E-1 5.48186E-1 5.43296E-1 5.59783E-1 5.44862E-1 5.17699E-1 4.94157E-1 4.72651E-1 4.49225E-1 4.48568E-1
2.42772E-1 2.46042E-1 2.5413E-1 2.68253E-1 2.6545E-1 2.67281E-1 2.65108E-1 2.65672E-1 2.77356E-1 2.92648E-1 2.98214E-1 3.22423E-1 3.87357E-1 4.7957E-1 4.78761E-1 4.63034E-1 4.94485E-1 5.68687E-1 5.82696E-1 5.85978E-1 5.8338E-1 5.6879E-1 5.01819E-1 5.44039E-1 5.49211E-1 4.72189E-1 4.12168E-1 3.96627E-1 3.91161E-1 3.86841E-1 4.13966E-1 4.89294E-1 5.56085E-1 5.91861E-1 5.98821E-1 6.11124E-1 6.23781E-1 6.35403E-1 6.41566E-1 6.5944E-1 6.75518E-1 6.8833E-1 6.67143E-1 6.08549E-1 6.04511E-1 6.38562E-1 7.53669E-1 7.6327E-1 7.76472E-1 7.88809E-1 7.94767E-1 7.9937E-1 7.23718E-1 5.9157E-1 5.82319E-1 5.81856E-1 5.49097E-1 5.431E-1 5.17771E-1 4.91537E-1 5.00368E-1
2.49534E-1 2.50148E-1 2.55996E-1 2.6239E-1 2.69409E-1 2.69228E-1 2.64359E-1 2.70552E-1 2.82342E-1 3.02766E-1 3.07783E-1 3.49257E-1 4.50119E-1 4.76943E-1 4.37794E-1 4.81421E-1 5.42289E-1 5.71706E-1 5.8127E-1 5.81739E-1 5.64111E-1 5.6072E-1 5.76072E-1 5.71363E-1 5.49682E-1 4.75771E-1 4.15076E-1 3.97668E-1 4.02322E-1 3.90621E-1 3.96506E-1 4.05069E-1 4.21435E-1 4.73812E-1 5.415E-1 5.95231E-1 6.14334E-1 6.3265E-1 6.5241E-1 6.63901E-1 6.81529E-1 6.99078E-1 7.15698E-1 7.3365E-1 7.42141E-1 7.23182E-1 7.70965E-1 7.80818E-1 7.97891E-1 8.06255E-1 8.12598E-1 8.08244E-1 7.95638E-1 6.93428E-1 5.67921E-1 5.75163E-1 5.66189E-1 5.6712E-1 5.58198E-1 5.42544E-1 5.42244E-1
2.39171E-1 2.36322E-1 2.56408E-1 2.59462E-1 2.66067E-1 2.72E-1 2.75138E-1 2.78654E-1 2.9494E-1 3.21501E-1 3.48544E-1 4.29814E-1 4.61207E-1 4.12364E-1 4.63959E-1 5.17793E-1 5.49512E-1 5.67129E-1 5.74838E-1 5.69652E-1 5.76317E-1 5.76659E-1 5.38335E-1 5.29391E-1 4.50864E-1 4.21771E-1 4.01763E-1 4.10852E-1 3.82959E-1 3.85722E-1 3.80571E-1 3.92428E-1 3.94371E-1 3.97173E-1 4.3086E-1 4.8123E-1 5.95648E-1 6.23004E-1 6.48172E-1 6.63193E-1 6.80432E-1 7.05982E-1 7.23407E-1 7.43339E-1 7.65869E-1 7.28306E-1 6.92631E-1 7.13143E-1 7.61406E-1 8.02812E-1 8.07392E-1 8.06772E-1 8.00644E-1 7.78697E-1 6.56593E-1 5.88967E-1 5.61682E-1 6.01264E-1 6.05043E-1 5.84355E-1 5.61646E-1
2.42056E-1 2.41139E-1 2.61315E-1 2.69804E-1 2.84872E-1 2.75141E-1 2.7643E-1 2.84666E-1 3.04682E-1 3.46395E-1 4.18E-1 4.86718E-1 3.97388E-1 4.31965E-1 5.19277E-1 5.3598E-1 5.49403E-1 5.68357E-1 5.83755E-1 5.36845E-1 5.58036E-1 5.43497E-1 4.78864E-1 5.01643E-1 4.23667E-1 3.93706E-1 3.86125E-1 3.83205E-1 3.78565E-1 3.85479E-1 3.85143E-1 3.88858E-1 3.84971E-1 4.04148E-1 4.24074E-1 4.55367E-1 5.38182E-1 6.24628E-1 6.41316E-1 6.61268E-1 6.77158E-1 7.06809E-1 7.25203E-1 7.45898E-1 7.62276E-1 7.62896E-1 7.23221E-1 6.57178E-1 7.12552E-1 7.93396E-1 8.09289E-1 8.15458E-1 8.11557E-1 7.97833E-1 7.89811E-1 6.92703E-1 6.07801E-1 6.12687E-1 6.34136E-1 5.95124E-1 5.57924E-1
