maxent_outputs/red_flowers_linear/red_86.asc
ncols         426
nrows         180
xllcorner     -130.0
yllcorner     24.0
cellsize      0.16666666666666666
NODATA_value  -9999
[rows 81 to 107 of 180, columns 122 to 182 of 426]
7.33771E-2 5.84323E-2 7.92589E-2 1.10826E-1 1.00597E-1 1.11772E-1 1.01388E-1 8.67195E-2 8.7925E-2 9.06132E-2 7.95507E-2 8.58965E-2 9.20467E-2 9.66422E-2 8.65328E-2 7.26061E-2 6.21906E-2 1.01253E-1 9.78495E-2 9.96447E-2 1.20368E-1 1.1821E-1 1.32054E-1 1.42529E-1 1.71194E-1 1.99631E-1 2.03978E-1 1.82783E-1 1.6729E-1 1.74613E-1 1.68468E-1 1.76472E-1 1.83309E-1 1.84554E-1 1.98691E-1 1.94663E-1 1.93186E-1 1.87833E-1 1.9204E-1 1.91544E-1 1.94123E-1 1.99349E-1 2.01779E-1 2.00849E-1 2.05116E-1 1.96653E-1 1.96576E-1 1.94171E-1 1.8991E-1 1.8469E-1 1.88765E-1 1.93502E-1 1.94147E-1 1.91621E-1 1.87856E-1 1.87404E-1 1.90681E-1 1.89074E-1 1.87524E-1 1.82864E-1 1.80734E-1
5.7802E-2 6.41669E-2 7.22243E-2 8.68496E-2 1.05217E-1 9.21441E-2 7.30975E-2 7.73355E-2 8.31895E-2 1.19213E-1 1.1948E-1 1.0186E-1 1.10778E-1 1.15692E-1 1.15892E-1 1.12419E-1 9.58601E-2 1.23151E-1 9.47268E-2 7.22981E-2 1.07265E-1 1.23392E-1 1.05369E-1 1.36756E-1 1.59903E-1 1.96022E-1 2.20632E-1 1.86959E-1 1.71405E-1 1.70237E-1 1.6664E-1 1.75137E-1 1.71107E-1 1.70676E-1 1.77965E-1 1.81471E-1 1.8576E-1 1.93496E-1 2.006E-1 1.96474E-1 1.93998E-1 1.95138E-1 1.96001E-1 2.04822E-1 2.03811E-1 1.97899E-1 1.96832E-1 1.89357E-1 1.87518E-1 1.90971E-1 1.95648E-1 1.97027E-1 1.94447E-1 1.93751E-1 1.9692E-1 1.96102E-1 1.97745E-1 1.96684E-1 1.94626E-1 1.93029E-1 1.9082E-1
5.24368E-2 6.51855E-2 7.22013E-2 7.77794E-2 7.97165E-2 9.0515E-2 1.17308E-1 9.32906E-2 8.72677E-2 1.01196E-1 8.87429E-2 9.49346E-2 1.17677E-1 1.22546E-1 1.26927E-1 1.30025E-1 8.62835E-2 1.02433E-1 1.04535E-1 6.53432E-2 6.5117E-2 8.68887E-2 6.84458E-2 1.19271E-1 1.5779E-1 1.87899E-1 2.28359E-1 2.04516E-1 1.85359E-1 1.84787E-1 1.81016E-1 1.76305E-1 1.83302E-1 1.83698E-1 1.93155E-1 1.89312E-1 1.89509E-1 1.97752E-1 2.01783E-1 1.9839E-1 2.0067E-1 1.9576E-1 1.95794E-1 1.97993E-1 2.09975E-1 2.07239E-1 2.06036E-1 2.03774E-1 1.96285E-1 2.07289E-1 2.05902E-1 2.02798E-1 2.02025E-1 2.04407E-1 2.05247E-1 2.02131E-1 2.01827E-1 2.00856E-1 1.9797E-1 1.96923E-1 1.92901E-1
7.12614E-2 8.41319E-2 9.13658E-2 1.16395E-1 1.24505E-1 1.30786E-1 1.62157E-1 9.97033E-2 9.90736E-2 1.17046E-1 9.70855E-2 9.21968E-2 1.12768E-1 1.20962E-1 1.11842E-1 1.10359E-1 9.0318E-2 9.2091E-2 9.50765E-2 8.68204E-2 8.30336E-2 9.73728E-2 1.18726E-1 1.23073E-1 1.6267E-1 1.818E-1 2.26123E-1 2.52527E-1 2.4069E-1 2.17218E-1 2.04895E-1 1.94495E-1 1.93979E-1 1.90012E-1 2.0106E-1 1.99815E-1 2.00996E-1 2.05679E-1 2.05371E-1 2.02843E-1 2.06274E-1 2.08258E-1 1.99722E-1 1.96053E-1 2.03531E-1 2.14377E-1 2.11898E-1 2.117E-1 2.17117E-1 2.15412E-1 2.06374E-1 2.0408E-1 2.10692E-1 2.12114E-1 2.13697E-1 2.11017E-1 2.07093E-1 2.04109E-1 2.02312E-1 2.00356E-1 1.95488E-1
9.55983E-2 1.06855E-1 1.21582E-1 1.54018E-1 1.76034E-1 1.67638E-1 1.46546E-1 1.28867E-1 1.20973E-1 1.15191E-1 1.09446E-1 1.01745E-1 1.04246E-1 1.06339E-1 9.78997E-2 9.13244E-2 9.49417E-2 7.76251E-2 8.79604E-2 1.2398E-1 1.19497E-1 1.08507E-1 1.34779E-1 1.43128E-1 1.87901E-1 2.03735E-1 2.28952E-1 2.76306E-1 2.86311E-1 2.46641E-1 2.15237E-1 2.06951E-1 1.98862E-1 1.93664E-1 2.1203E-1 2.1372E-1 2.16813E-1 2.13564E-1 2.1012E-1 2.08704E-1 2.10606E-1 2.11654E-1 2.04176E-1 2.03636E-1 1.95939E-1 1.9825E-1 2.08968E-1 2.10362E-1 2.12627E-1 2.15582E-1 2.17765E-1 2.11702E-1 2.11266E-1 2.16411E-1 2.1886E-1 2.18946E-1 2.16835E-1 2.14185E-1 2.10017E-1 2.06139E-1 2.01674E-1
1.54708E-1 1.67866E-1 1.81039E-1 1.99042E-1 1.87489E-1 1.65313E-1 1.36001E-1 1.19951E-1 1.10788E-1 1.12326E-1 1.1517E-1 9.91718E-2 9.56735E-2 9.95481E-2 9.43006E-2 8.24492E-2 8.60264E-2 8.38628E-2 1.01503E-1 1.05039E-1 1.21499E-1 1.10342E-1 1.29416E-1 1.27408E-1 1.60564E-1 1.82031E-1 1.92011E-1 2.46774E-1 2.64544E-1 2.41123E-1 2.07834E-1 1.96624E-1 1.98661E-1 1.96436E-1 2.0716E-1 2.22978E-1 2.17269E-1 2.08382E-1 2.06311E-1 2.06324E-1 2.06343E-1 2.03379E-1 1.99164E-1 2.0364E-1 2.0098E-1 1.95643E-1 2.06955E-1 2.08948E-1 2.1217E-1 2.17516E-1 2.18512E-1 2.12357E-1 2.15088E-1 2.17096E-1 2.20443E-1 2.23755E-1 2.24234E-1 2.20743E-1 2.19043E-1 2.15269E-1 2.10349E-1
1.82365E-1 2.10616E-1 2.30676E-1 1.81269E-1 1.5871E-1 1.66899E-1 1.79375E-1 1.47595E-1 1.31495E-1 1.23982E-1 1.23927E-1 1.07483E-1 9.87986E-2 1.03608E-1 7.75029E-2 7.57217E-2 1.0809E-1 1.06414E-1 1.16678E-1 1.13906E-1 1.09674E-1 1.25998E-1 1.28277E-1 1.21028E-1 1.40916E-1 1.45297E-1 1.63645E-1 2.05592E-1 2.18521E-1 2.131E-1 1.96689E-1 1.90383E-1 1.90439E-1 1.8488E-1 1.89162E-1 2.04498E-1 2.0508E-1 2.08459E-1 2.10634E-1 2.05473E-1 2.04667E-1 2.06208E-1 2.06053E-1 2.0864E-1 2.11855E-1 2.10141E-1 2.17851E-1 2.23789E-1 2.22663E-1 2.18618E-1 2.16013E-1 2.11041E-1 2.12835E-1 2.17204E-1 2.24319E-1 2.30604E-1 2.30148E-1 2.29091E-1 2.26393E-1 2.24072E-1 2.18467E-1
1.92746E-1 1.80402E-1 1.41432E-1 1.02876E-1 1.08314E-1 1.02044E-1 1.4497E-1 1.52191E-1 1.33399E-1 1.28044E-1 1.04798E-1 9.92276E-2 9.72847E-2 1.01885E-1 9.46832E-2 8.63143E-2 7.01583E-2 1.03454E-1 1.0543E-1 1.00622E-1 1.02224E-1 1.22517E-1 1.11254E-1 1.01226E-1 1.24915E-1 1.46795E-1 1.68874E-1 1.78531E-1 1.90399E-1 1.6652E-1 1.66464E-1 1.86866E-1 1.8295E-1 1.78166E-1 1.86545E-1 1.92019E-1 2.01786E-1 2.1123E-1 2.14098E-1 2.10081E-1 2.0726E-1 2.0837E-1 2.13622E-1 2.17176E-1 2.19037E-1 2.1992E-1 2.21698E-1 2.2874E-1 2.30663E-1 2.26247E-1 2.19561E-1 2.12794E-1 2.20575E-1 2.24699E-1 2.29392E-1 2.34902E-1 2.33696E-1 2.31594E-1 2.29135E-1 2.27126E-1 2.22494E-1
1.68132E-1 1.24688E-1 9.34964E-2 1.2046E-1 1.53831E-1 1.48055E-1 1.38149E-1 1.56216E-1 1.63976E-1 1.33003E-1 1.28526E-1 1.10996E-1 9.71914E-2 7.50228E-2 9.64799E-2 9.80744E-2 1.02328E-1 9.90817E-2 1.0343E-1 1.05343E-1 9.56298E-2 1.07219E-1 8.78378E-2 9.25427E-2 1.16076E-1 1.23925E-1 1.29321E-1 1.30762E-1 1.66193E-1 1.71343E-1 1.69091E-1 1.88141E-1 1.8018E-1 1.7979E-1 1.86805E-1 2.01736E-1 2.15868E-1 2.22771E-1 2.17064E-1 2.11118E-1 2.09673E-1 2.09378E-1 2.13605E-1 2.19871E-1 2.19795E-1 2.27629E-1 2.45882E-1 2.48588E-1 2.49055E-1 2.38335E-1 2.26161E-1 2.23296E-1 2.31119E-1 2.33921E-1 2.32338E-1 2.35576E-1 2.36725E-1 2.38046E-1 2.35329E-1 2.31259E-1 2.26057E-1
1.06983E-1 1.00811E-1 1.05687E-1 1.66871E-1 1.63215E-1 1.60952E-1 1.80042E-1 1.66148E-1 1.84675E-1 1.63229E-1 1.38303E-1 1.25531E-1 1.10327E-1 8.81988E-2 8.33878E-2 8.53736E-2 7.0494E-2 8.59557E-2 7.06909E-2 9.52008E-2 1.11072E-1 1.11964E-1 8.41007E-2 9.07243E-2 9.80109E-2 1.06779E-1 1.10994E-1 1.12433E-1 1.78912E-1 2.27859E-1 2.10534E-1 2.11772E-1 1.92554E-1 1.96865E-1 2.14256E-1 2.31027E-1 2.34855E-1 2.32538E-1 2.25955E-1 2.29799E-1 2.19119E-1 2.12789E-1 2.08671E-1 2.13232E-1 2.2132E-1 2.33929E-1 2.48087E-1 2.57498E-1 2.53174E-1 2.43976E-1 2.42683E-1 2.41201E-1 2.38916E-1 2.37069E-1 2.37943E-1 2.40826E-1 2.40895E-1 2.41485E-1 2.36324E-1 2.28476E-1 2.25039E-1
1.39673E-1 1.45979E-1 1.6E-1 1.76981E-1 2.05125E-1 1.65772E-1 1.45492E-1 1.87473E-1 1.77614E-1 1.52373E-1 1.47659E-1 1.29929E-1 1.10032E-1 1.02562E-1 9.21605E-2 7.25267E-2 5.30946E-2 6.79448E-2 8.01286E-2 8.80651E-2 1.08563E-1 1.22838E-1 9.08092E-2 9.0777E-2 1.1318E-1 1.20229E-1 1.40279E-1 1.21695E-1 1.67207E-1 2.383E-1 2.47595E-1 2.35828E-1 2.40725E-1 2.32982E-1 2.31512E-1 2.40531E-1 2.43081E-1 2.3318E-1 2.22411E-1 2.22751E-1 2.16411E-1 2.0289E-1 1.97706E-1 2.07148E-1 2.194E-1 2.29407E-1 2.31143E-1 2.32489E-1 2.35931E-1 2.39094E-1 2.39877E-1 2.46477E-1 2.47875E-1 2.47243E-1 2.4512E-1 2.46393E-1 2.47225E-1 2.423E-1 2.34986E-1 2.28372E-1 2.2476E-1
1.69541E-1 1.80498E-1 2.12287E-1 1.83675E-1 1.86589E-1 1.8675E-1 1.48022E-1 1.5959E-1 1.65513E-1 1.47433E-1 1.34185E-1 1.30855E-1 8.79028E-2 8.43087E-2 7.37333E-2 6.29925E-2 3.54058E-2 5.18083E-2 7.17432E-2 8.52228E-2 1.04313E-1 1.29441E-1 1.25508E-1 1.06356E-1 1.23204E-1 1.72885E-1 2.06945E-1 2.13945E-1 2.34683E-1 2.38076E-1 2.41445E-1 2.27795E-1 2.32006E-1 2.25968E-1 2.32266E-1 2.42083E-1 2.41132E-1 2.34313E-1 2.24578E-1 2.05824E-1 2.0148E-1 1.96845E-1 1.99149E-1 2.10739E-1 2.1749E-1 2.25537E-1 2.25459E-1 2.28428E-1 2.31329E-1 2.31826E-1 2.37097E-1 2.37668E-1 2.42152E-1 2.40089E-1 2.43116E-1 2.43425E-1 2.42049E-1 2.38708E-1 2.32069E-1 2.30315E-1 2.32682E-1
1.7344E-1 1.70042E-1 2.05332E-1 1.69065E-1 1.77167E-1 1.74051E-1 1.72265E-1 1.47526E-1 1.48698E-1 1.40475E-1 1.32321E-1 1.19454E-1 8.37095E-2 5.96079E-2 4.91112E-2 4.34382E-2 4.83609E-2 4.57106E-2 4.67193E-2 5.99459E-2 9.55188E-2 8.91018E-2 1.25018E-1 1.59922E-1 1.92084E-1 2.10359E-1 2.46414E-1 2.73235E-1 2.62373E-1 2.47563E-1 2.37987E-1 2.25846E-1 2.25463E-1 2.22405E-1 2.24855E-1 2.32808E-1 2.31621E-1 2.28929E-1 2.22669E-1 2.13794E-1 2.073E-1 2.00973E-1 2.01925E-1 2.0569E-1 2.09039E-1 2.22536E-1 2.26331E-1 2.2621E-1 2.29074E-1 2.33503E-1 2.33933E-1 2.34188E-1 2.43423E-1 2.39711E-1 2.40674E-1 2.41281E-1 2.41783E-1 2.37569E-1 2.38825E-1 2.40067E-1 2.40599E-1
1.55783E-1 1.43223E-1 1.48052E-1 1.69824E-1 1.80833E-1 1.64267E-1 1.54093E-1 1.4737E-1 1.44866E-1 1.24923E-1 1.1469E-1 1.21956E-1 1.16579E-1 9.75143E-2 6.65288E-2 6.12616E-2 6.64952E-2 5.19017E-2 7.43494E-2 8.6035E-2 9.49021E-2 9.32097E-2 8.65911E-2 1.14086E-1 1.21036E-1 1.43354E-1 1.50237E-1 2.15018E-1 2.42061E-1 2.37066E-1 2.51482E-1 2.26187E-1 2.24262E-1 2.238E-1 2.21853E-1 2.21383E-1 2.1633E-1 2.13272E-1 2.1228E-1 2.15697E-1 2.08001E-1 1.99916E-1 2.03804E-1 2.09492E-1 2.14941E-1 2.20345E-1 2.27014E-1 2.26564E-1 2.3065E-1 2.33198E-1 2.32448E-1 2.42309E-1 2.48918E-1 2.44028E-1 2.44855E-1 2.46927E-1 2.44567E-1 2.45285E-1 2.43282E-1 2.49599E-1 2.53969E-1
1.6917E-1 1.41791E-1 1.41318E-1 1.42783E-1 1.77577E-1 1.60082E-1 1.45626E-1 1.4029E-1 1.31344E-1 1.30997E-1 1.15815E-1 1.22888E-1 1.27761E-1 1.07593E-1 8.07365E-2 7.25933E-2 8.1994E-2 6.2849E-2 7.57461E-2 7.49584E-2 8.68899E-2 7.9127E-2 7.39149E-2 1.05268E-1 1.047E-1 1.12482E-1 1.10983E-1 1.56865E-1 2.20937E-1 2.38657E-1 2.32717E-1 2.24217E-1 2.18695E-1 2.10602E-1 2.16466E-1 2.17347E-1 2.24077E-1 2.32541E-1 2.27982E-1 2.096E-1 2.01061E-1 2.04253E-1 2.11978E-1 2.1678E-1 2.21994E-1 2.25365E-1 2.30999E-1 2.32588E-1 2.36522E-1 2.37805E-1 2.39073E-1 2.51813E-1 2.56813E-1 2.47667E-1 2.50647E-1 2.51445E-1 2.50446E-1 2.51194E-1 2.50731E-1 2.57226E-1 2.57137E-1
1.9319E-1 1.60973E-1 9.5029E-2 1.02534E-1 1.38576E-1 1.67801E-1 1.60176E-1 1.38505E-1 1.36342E-1 1.30777E-1 1.27637E-1 1.21095E-1 1.12206E-1 1.09456E-1 7.89746E-2 8.22943E-2 9.0916E-2 8.32673E-2 8.84434E-2 8.88895E-2 8.11026E-2 6.06342E-2 6.7406E-2 7.90048E-2 1.02182E-1 1.03659E-1 1.21031E-1 1.34381E-1 1.94976E-1 2.34706E-1 2.56299E-1 2.62895E-1 2.44033E-1 2.24802E-1 2.24958E-1 2.27514E-1 2.36617E-1 2.44749E-1 2.32545E-1 2.22225E-1 2.19461E-1 2.1686E-1 2.2809E-1 2.34273E-1 2.4281E-1 2.41552E-1 2.41204E-1 2.46339E-1 2.49276E-1 2.48606E-1 2.5634E-1 2.63802E-1 2.63714E-1 2.56194E-1 2.54248E-1 2.58299E-1 2.57742E-1 2.58623E-1 2.5945E-1 2.62007E-1 2.65155E-1
1.76681E-1 1.6064E-1 1.36504E-1 1.11164E-1 1.13946E-1 1.52053E-1 1.41183E-1 1.26029E-1 1.4345E-1 1.54814E-1 1.40384E-1 1.26557E-1 1.16195E-1 9.77729E-2 7.77913E-2 6.37875E-2 7.52786E-2 7.86622E-2 8.2675E-2 7.85068E-2 6.42493E-2 5.29855E-2 6.25097E-2 8.18835E-2 1.12495E-1 1.06467E-1 1.42136E-1 1.80007E-1 2.31707E-1 2.52014E-1 2.5928E-1 2.64043E-1 2.71189E-1 2.55431E-1 2.42245E-1 2.47925E-1 2.61336E-1 2.80234E-1 2.61845E-1 2.51201E-1 2.40014E-1 2.39974E-1 2.36878E-1 2.37717E-1 2.53105E-1 2.56798E-1 2.49942E-1 2.52342E-1 2.554E-1 2.58817E-1 2.58571E-1 2.61117E-1 2.70706E-1 2.68756E-1 2.67664E-1 2.69069E-1 2.69721E-1 2.70479E-1 2.70149E-1 2.71628E-1 2.748E-1
1.67816E-1 1.57308E-1 1.64204E-1 1.64111E-1 1.44764E-1 1.2883E-1 1.47589E-1 1.3776E-1 1.54707E-1 1.68221E-1 1.59475E-1 1.40046E-1 1.29005E-1 1.30535E-1 1.16174E-1 1.14059E-1 1.15017E-1 1.11469E-1 1.02645E-1 8.8101E-2 6.7293E-2 5.29879E-2 6.25782E-2 7.64114E-2 9.93631E-2 9.83913E-2 8.23867E-2 1.39076E-1 2.02935E-1 2.4468E-1 2.62596E-1 2.84947E-1 2.69564E-1 2.63885E-1 2.57741E-1 2.82426E-1 3.01142E-1 2.98568E-1 2.86412E-1 2.83134E-1 2.54902E-1 2.48779E-1 2.5149E-1 2.5463E-1 2.64565E-1 2.76282E-1 2.71787E-1 2.65676E-1 2.66665E-1 2.72147E-1 2.66472E-1 2.65913E-1 2.74474E-1 2.76372E-1 2.7877E-1 2.71469E-1 2.71484E-1 2.7772E-1 2.77342E-1 2.76567E-1 2.76706E-1
1.7112E-1 1.61852E-1 1.5405E-1 1.53821E-1 1.70873E-1 1.62283E-1 1.28511E-1 1.41681E-1 1.38033E-1 1.72443E-1 1.65887E-1 1.21819E-1 1.15945E-1 1.30171E-1 9.46743E-2 9.3666E-2 1.16189E-1 1.23054E-1 1.11781E-1 1.11335E-1 8.69311E-2 5.7309E-2 6.44567E-2 7.70126E-2 8.50879E-2 9.2061E-2 9.63634E-2 1.15931E-1 1.60821E-1 2.12314E-1 2.5408E-1 2.49827E-1 2.51236E-1 2.492E-1 2.56831E-1 2.84446E-1 2.86191E-1 2.76553E-1 2.70448E-1 2.74114E-1 2.65934E-1 2.61691E-1 2.67183E-1 2.66827E-1 2.71129E-1 2.79816E-1 2.81538E-1 2.81632E-1 2.77625E-1 2.78586E-1 2.82721E-1 2.81735E-1 2.83479E-1 2.84955E-1 2.88202E-1 2.87716E-1 2.92266E-1 2.84143E-1 2.78042E-1 2.81268E-1 2.82648E-1
1.61253E-1 1.585E-1 1.62704E-1 1.60664E-1 1.72652E-1 1.83222E-1 1.70218E-1 1.62238E-1 1.50738E-1 1.2377E-1 1.30133E-1 1.12433E-1 1.05385E-1 1.1997E-1 1.11843E-1 8.60669E-2 8.85443E-2 1.25408E-1 1.12279E-1 9.29716E-2 7.70233E-2 6.97217E-2 6.86446E-2 9.09917E-2 8.28436E-2 9.0784E-2 9.40663E-2 1.08048E-1 1.75404E-1 2.05939E-1 2.45649E-1 2.62002E-1 2.47164E-1 2.47191E-1 2.60525E-1 2.6452E-1 2.57431E-1 2.56868E-1 2.7779E-1 2.8324E-1 2.76593E-1 2.73929E-1 2.76311E-1 2.80196E-1 2.79694E-1 2.89327E-1 2.96698E-1 2.91993E-1 2.91541E-1 2.90461E-1 2.9319E-1 2.92105E-1 2.95846E-1 2.95882E-1 2.9737E-1 2.96728E-1 2.96864E-1 2.95364E-1 2.9077E-1 2.89536E-1 3.00936E-1
1.55657E-1 1.53664E-1 1.67046E-1 1.64804E-1 1.46686E-1 1.54473E-1 1.88673E-1 1.65345E-1 1.39702E-1 1.38742E-1 1.48768E-1 1.26085E-1 1.11063E-1 1.38013E-1 1.21655E-1 1.05761E-1 9.44363E-2 1.01494E-1 1.22867E-1 9.25529E-2 7.95592E-2 8.2008E-2 7.72351E-2 8.66899E-2 7.72781E-2 8.95393E-2 9.37251E-2 1.21733E-1 1.74769E-1 1.99622E-1 2.13901E-1 1.94652E-1 2.40214E-1 2.57849E-1 2.56866E-1 2.57383E-1 2.71409E-1 3.04116E-1 3.2584E-1 3.27852E-1 3.26704E-1 3.14913E-1 3.08259E-1 3.03933E-1 3.10773E-1 3.10129E-1 3.08286E-1 3.02616E-1 2.99867E-1 3.10582E-1 3.04673E-1 3.05901E-1 3.08989E-1 3.0357E-1 3.0452E-1 3.0725E-1 3.10554E-1 3.14061E-1 3.16725E-1 3.14912E-1 3.15313E-1
1.60047E-1 1.72461E-1 1.77912E-1 1.9161E-1 1.62697E-1 1.49699E-1 1.62654E-1 1.75289E-1 1.57916E-1 1.4905E-1 1.59646E-1 1.6392E-1 1.56741E-1 1.39324E-1 1.27159E-1 1.09622E-1 9.49155E-2 8.7572E-2 9.03279E-2 8.69399E-2 7.9356E-2 8.27584E-2 7.99849E-2 7.24034E-2 8.50208E-2 9.91796E-2 8.65289E-2 1.40305E-1 1.6311E-1 1.71727E-1 1.8789E-1 1.95417E-1 1.71122E-1 1.94953E-1 2.38752E-1 2.69792E-1 2.85347E-1 3.18042E-1 3.31116E-1 3.38291E-1 3.44463E-1 3.19837E-1 3.17124E-1 3.08115E-1 3.03804E-1 3.04943E-1 3.03237E-1 2.98893E-1 3.00722E-1 3.0946E-1 3.02596E-1 3.0608E-1 3.10255E-1 3.05654E-1 3.0862E-1 3.10228E-1 3.19042E-1 3.26844E-1 3.25362E-1 3.21616E-1 3.18782E-1
1.69426E-1 1.75245E-1 1.88878E-1 1.91791E-1 1.77633E-1 1.48656E-1 1.50015E-1 1.58446E-1 1.61165E-1 1.58047E-1 1.60549E-1 1.62196E-1 1.65803E-1 1.33726E-1 1.23984E-1 1.02972E-1 1.05064E-1 9.90503E-2 8.44303E-2 1.01991E-1 7.8936E-2 8.15722E-2 8.03458E-2 8.36351E-2 9.49427E-2 9.89121E-2 9.07547E-2 1.52708E-1 1.85977E-1 1.9831E-1 2.12686E-1 2.15366E-1 2.13738E-1 1.96633E-1 2.11889E-1 2.52007E-1 2.62718E-1 2.83946E-1 2.93086E-1 3.19297E-1 3.11904E-1 3.02511E-1 3.00362E-1 2.93914E-1 2.96894E-1 2.99993E-1 2.99449E-1 2.99907E-1 3.03932E-1 3.03957E-1 3.04721E-1 3.06391E-1 3.12786E-1 3.13016E-1 3.12337E-1 3.17569E-1 3.23366E-1 3.28798E-1 3.3066E-1 3.25266E-1 3.29088E-1
1.82847E-1 1.78942E-1 1.76744E-1 1.63871E-1 1.72028E-1 1.50556E-1 1.56858E-1 1.61927E-1 1.53598E-1 1.56606E-1 1.61396E-1 1.66173E-1 1.62175E-1 1.28216E-1 1.25605E-1 1.0244E-1 1.00342E-1 1.01741E-1 8.94877E-2 1.05116E-1 9.78748E-2 1.02542E-1 9.32489E-2 9.76361E-2 1.10141E-1 1.06559E-1 1.02002E-1 1.5944E-1 2.11146E-1 2.10803E-1 1.96724E-1 2.14234E-1 2.17381E-1 2.0915E-1 2.26013E-1 2.42823E-1 2.60745E-1 2.74512E-1 2.9227E-1 2.97608E-1 2.94318E-1 3.03003E-1 3.07696E-1 3.03181E-1 3.05039E-1 3.00676E-1 3.0316E-1 3.0577E-1 3.02119E-1 3.08152E-1 3.09517E-1 3.16512E-1 3.118E-1 3.04998E-1 3.109E-1 3.16594E-1 3.22346E-1 3.29317E-1 3.28572E-1 3.32149E-1 3.35369E-1
1.91741E-1 1.77256E-1 1.57974E-1 1.67981E-1 1.78411E-1 1.73047E-1 1.73703E-1 1.71579E-1 1.72085E-1 1.6473E-1 1.41402E-1 1.41774E-1 1.51757E-1 1.16881E-1 1.20002E-1 1.05027E-1 1.09006E-1 1.1598E-1 1.06448E-1 1.22917E-1 1.27914E-1 1.44492E-1 1.21899E-1 1.12012E-1 1.23196E-1 1.07883E-1 9.80313E-2 1.38127E-1 2.11413E-1 2.0712E-1 2.02611E-1 2.14429E-1 2.25803E-1 2.34641E-1 2.43267E-1 2.53528E-1 2.67934E-1 2.82116E-1 2.89309E-1 2.89047E-1 2.81686E-1 2.99199E-1 3.10429E-1 3.03588E-1 2.98405E-1 2.93025E-1 2.96482E-1 3.02429E-1 3.07664E-1 3.17946E-1 3.2682E-1 3.23384E-1 3.1469E-1 3.10583E-1 3.13925E-1 3.20408E-1 3.26015E-1 3.29304E-1 3.33991E-1 3.35263E-1 3.42507E-1
1.8564E-1 1.65664E-1 1.32271E-1 1.30603E-1 1.601E-1 1.85044E-1 1.78727E-1 1.73767E-1 1.72685E-1 1.62391E-1 1.4437E-1 1.28296E-1 1.38361E-1 1.09049E-1 9.82021E-2 1.00553E-1 9.58806E-2 1.13588E-1 1.38483E-1 1.50343E-1 1.66733E-1 1.52431E-1 1.42909E-1 1.41085E-1 1.26806E-1 1.05332E-1 1.24326E-1 1.58568E-1 2.08988E-1 2.14011E-1 2.08E-1 2.13573E-1 2.19154E-1 2.30375E-1 2.55217E-1 2.64945E-1 2.92548E-1 2.90851E-1 2.84975E-1 2.78521E-1 2.84549E-1 2.99206E-1 3.03073E-1 3.09394E-1 3.02375E-1 2.93645E-1 3.04488E-1 3.08841E-1 3.23225E-1 3.29146E-1 3.35724E-1 3.36577E-1 3.26757E-1 3.25173E-1 3.28466E-1 3.31372E-1 3.33268E-1 3.36223E-1 3.40587E-1 3.40876E-1 3.39192E-1
1.8051E-1 1.68573E-1 1.37752E-1 1.20474E-1 1.3797E-1 1.67228E-1 1.85254E-1 1.81777E-1 1.78775E-1 1.67299E-1 1.47412E-1 1.25506E-1 1.06658E-1 1.06681E-1 9.59799E-2 1.02335E-1 1.1653E-1 1.12068E-1 1.21173E-1 1.36158E-1 1.74647E-1 1.70487E-1 1.64785E-1 1.3798E-1 1.10143E-1 1.31657E-1 1.76532E-1 1.93863E-1 2.03505E-1 2.06397E-1 2.17129E-1 2.35231E-1 2.25595E-1 2.36364E-1 2.65415E-1 2.94738E-1 3.11375E-1 2.93322E-1 2.91866E-1 2.97295E-1 2.94651E-1 2.98384E-1 3.11394E-1 3.08235E-1 3.04013E-1 2.90195E-1 3.03403E-1 3.09316E-1 3.22633E-1 3.31334E-1 3.45026E-1 3.44899E-1 3.44219E-1 3.41538E-1 3.39295E-1 3.36126E-1 3.38458E-1 3.4011E-1 3.43486E-1 3.43502E-1 3.48191E-1
