maxent_outputs/red_flowers_linear/red_231.asc
ncols         426
nrows         180
xllcorner     -130.0
yllcorner     24.0
cellsize      0.16666666666666666
NODATA_value  -9999
[rows 81 to 107 of 180, columns 183 to 243 of 426]
1.53378E-1 1.47784E-1 1.47324E-1 1.4722E-1 1.46381E-1 1.48499E-1 1.53568E-1 1.53612E-1 1.53333E-1 1.5865E-1 1.64159E-1 1.65394E-1 1.70239E-1 1.66412E-1 1.63979E-1 1.69706E-1 1.70718E-1 1.80407E-1 1.89225E-1 2.05575E-1 2.09385E-1 2.07944E-1 2.03393E-1 2.0659E-1 2.05264E-1 2.11573E-1 2.19529E-1 2.16183E-1 2.08942E-1 2.10534E-1 2.1613E-1 2.22689E-1 2.23067E-1 2.26119E-1 2.34776E-1 2.68995E-1 3.11819E-1 3.62485E-1 3.51745E-1 3.17939E-1 3.03399E-1 2.80164E-1 2.63335E-1 2.53881E-1 2.5537E-1 2.65583E-1 2.80395E-1 2.82352E-1 2.88443E-1 3.04256E-1 3.22108E-1 3.33571E-1 3.34284E-1 3.35205E-1 3.46472E-1 3.6586E-1 3.78928E-1 3.86791E-1 3.83218E-1 3.87778E-1 3.797E-1
1.55982E-1 1.53103E-1 1.47495E-1 1.45506E-1 1.48622E-1 1.52003E-1 1.58312E-1 1.6312E-1 1.68326E-1 1.6688E-1 1.71283E-1 1.80477E-1 1.79506E-1 1.79012E-1 1.75952E-1 1.77686E-1 1.81745E-1 1.82166E-1 1.93234E-1 2.05523E-1 2.08793E-1 2.08816E-1 2.16286E-1 2.18386E-1 2.18699E-1 2.15454E-1 2.20939E-1 2.1793E-1 2.10879E-1 2.17169E-1 2.26413E-1 2.34455E-1 2.30424E-1 2.32562E-1 2.41041E-1 2.82051E-1 3.74153E-1 4.98705E-1 5.75798E-1 4.45449E-1 3.61434E-1 3.06943E-1 2.7939E-1 2.71923E-1 2.74188E-1 2.86711E-1 2.95481E-1 2.98109E-1 3.07489E-1 3.19445E-1 3.27556E-1 3.32435E-1 3.38059E-1 3.49194E-1 3.55344E-1 3.71224E-1 3.84592E-1 3.86814E-1 3.88219E-1 3.80449E-1 3.80186E-1
1.60544E-1 1.58103E-1 1.48449E-1 1.47127E-1 1.54515E-1 1.57724E-1 1.62514E-1 1.65603E-1 1.74373E-1 1.75025E-1 1.77552E-1 1.86325E-1 1.88945E-1 1.91675E-1 1.91138E-1 1.83127E-1 1.8356E-1 1.86198E-1 1.86191E-1 1.94887E-1 2.08628E-1 2.16932E-1 2.21998E-1 2.19454E-1 2.26849E-1 2.2493E-1 2.20511E-1 2.18707E-1 2.24708E-1 2.22977E-1 2.28853E-1 2.31309E-1 2.34275E-1 2.3737E-1 2.56428E-1 2.97777E-1 3.82217E-1 5.11958E-1 5.86354E-1 4.69464E-1 3.79508E-1 3.23987E-1 2.96746E-1 2.91171E-1 2.97006E-1 3.02862E-1 3.20534E-1 3.26545E-1 3.25939E-1 3.29832E-1 3.21342E-1 3.31753E-1 3.34979E-1 3.44635E-1 3.5112E-1 3.5675E-1 3.69173E-1 3.8448E-1 3.87658E-1 3.92588E-1 3.93472E-1
1.6341E-1 1.60031E-1 1.56961E-1 1.5195E-1 1.5681E-1 1.68573E-1 1.68974E-1 1.70362E-1 1.74083E-1 1.74418E-1 1.77682E-1 1.8627E-1 1.86225E-1 1.86938E-1 1.87135E-1 1.89096E-1 1.87018E-1 1.81225E-1 1.84018E-1 1.85646E-1 1.98824E-1 2.14004E-1 2.17677E-1 2.23748E-1 2.23482E-1 2.24891E-1 2.3158E-1 2.31169E-1 2.3442E-1 2.33591E-1 2.26137E-1 2.30588E-1 2.34913E-1 2.41048E-1 2.54374E-1 2.83751E-1 3.3249E-1 3.84425E-1 4.0024E-1 3.89455E-1 3.53686E-1 3.21275E-1 3.07797E-1 3.03027E-1 3.12781E-1 3.18296E-1 3.40363E-1 3.51724E-1 3.43197E-1 3.26016E-1 3.25637E-1 3.37121E-1 3.36452E-1 3.47703E-1 3.44163E-1 3.44188E-1 3.59946E-1 3.79586E-1 4.0024E-1 4.18107E-1 4.19814E-1
1.69379E-1 1.61506E-1 1.60996E-1 1.62052E-1 1.62302E-1 1.69612E-1 1.72821E-1 1.74111E-1 1.76574E-1 1.77603E-1 1.80879E-1 1.84715E-1 1.82637E-1 1.80229E-1 1.78606E-1 1.78549E-1 1.7554E-1 1.76322E-1 1.82453E-1 1.86324E-1 1.95316E-1 2.04221E-1 2.13383E-1 2.21786E-1 2.24697E-1 2.25722E-1 2.2746E-1 2.3737E-1 2.42721E-1 2.43375E-1 2.34128E-1 2.43559E-1 2.40262E-1 2.4712E-1 2.53323E-1 2.58955E-1 2.84172E-1 3.03626E-1 3.1005E-1 3.32533E-1 3.29209E-1 3.13275E-1 3.06199E-1 3.19045E-1 3.25175E-1 3.42867E-1 3.61833E-1 3.7648E-1 3.70971E-1 3.5074E-1 3.41676E-1 3.51001E-1 3.50343E-1 3.49729E-1 3.42497E-1 3.30882E-1 3.54704E-1 3.85929E-1 4.18979E-1 4.34716E-1 4.49971E-1
1.70885E-1 1.70777E-1 1.70724E-1 1.70229E-1 1.71717E-1 1.73914E-1 1.77749E-1 1.83459E-1 1.83002E-1 1.90994E-1 1.89411E-1 1.86187E-1 1.83111E-1 1.74895E-1 1.77946E-1 1.72862E-1 1.6843E-1 1.75351E-1 1.7735E-1 1.80521E-1 1.86357E-1 2.02994E-1 2.13548E-1 2.21989E-1 2.24838E-1 2.29564E-1 2.32476E-1 2.39667E-1 2.47707E-1 2.61095E-1 2.56979E-1 2.59511E-1 2.60198E-1 2.63367E-1 2.64161E-1 2.68448E-1 2.85261E-1 2.9376E-1 3.11609E-1 3.16223E-1 3.27893E-1 3.30674E-1 3.39987E-1 3.36042E-1 3.41413E-1 3.64986E-1 3.74839E-1 3.89495E-1 3.84239E-1 3.81532E-1 3.71598E-1 3.68131E-1 3.67419E-1 3.64586E-1 3.60438E-1 3.5698E-1 3.80918E-1 4.09688E-1 4.36681E-1 4.6304E-1 4.7724E-1
1.69868E-1 1.80873E-1 1.81555E-1 1.8388E-1 1.75994E-1 1.80593E-1 1.88764E-1 1.94816E-1 2.00447E-1 1.9791E-1 1.92229E-1 1.9044E-1 1.86378E-1 1.84491E-1 1.7985E-1 1.71367E-1 1.70871E-1 1.78048E-1 1.80635E-1 1.78907E-1 1.89335E-1 1.9842E-1 2.09799E-1 2.18212E-1 2.25643E-1 2.30485E-1 2.36611E-1 2.45394E-1 2.50269E-1 2.67448E-1 2.76803E-1 2.77325E-1 2.85832E-1 2.8863E-1 2.90645E-1 2.95759E-1 2.97136E-1 3.04551E-1 3.16573E-1 3.23776E-1 3.41527E-1 3.48775E-1 3.48016E-1 3.51007E-1 3.47694E-1 3.61527E-1 3.73501E-1 3.85823E-1 3.96823E-1 4.05567E-1 4.00181E-1 3.90924E-1 3.90737E-1 3.88165E-1 3.79741E-1 3.88562E-1 4.09491E-1 4.35361E-1 4.62768E-1 4.84552E-1 4.97158E-1
1.74495E-1 1.83665E-1 1.92818E-1 1.92026E-1 1.88261E-1 1.89453E-1 1.94458E-1 1.97613E-1 2.02185E-1 2.00784E-1 2.0011E-1 1.92674E-1 1.94321E-1 1.90579E-1 1.79668E-1 1.77229E-1 1.80907E-1 1.9087E-1 1.88379E-1 1.86241E-1 1.91188E-1 2.05564E-1 2.1206E-1 2.2622E-1 2.31792E-1 2.3229E-1 2.40398E-1 2.48339E-1 2.62295E-1 2.73639E-1 2.83658E-1 2.92933E-1 3.01751E-1 3.19104E-1 3.20684E-1 3.09684E-1 3.16819E-1 3.14504E-1 3.1942E-1 3.29778E-1 3.36794E-1 3.43639E-1 3.49878E-1 3.48199E-1 3.48752E-1 3.57414E-1 3.72316E-1 3.84223E-1 3.97889E-1 4.08129E-1 4.1456E-1 4.09026E-1 4.11284E-1 4.10905E-1 4.15945E-1 4.21952E-1 4.43424E-1 4.69089E-1 4.90262E-1 5.0304E-1 5.13966E-1
1.84117E-1 1.9042E-1 1.99071E-1 1.94625E-1 1.96251E-1 1.9766E-1 1.94985E-1 2.0109E-1 2.04036E-1 2.04692E-1 2.04573E-1 2.08237E-1 2.03482E-1 1.94306E-1 1.83347E-1 1.85318E-1 1.93715E-1 1.9871E-1 1.98602E-1 1.99643E-1 2.0604E-1 2.19093E-1 2.2481E-1 2.33681E-1 2.42571E-1 2.44734E-1 2.57925E-1 2.62356E-1 2.71287E-1 2.80089E-1 2.82758E-1 2.9264E-1 3.08504E-1 3.20437E-1 3.29856E-1 3.36229E-1 3.35496E-1 3.36619E-1 3.2698E-1 3.33345E-1 3.31625E-1 3.34159E-1 3.42688E-1 3.59502E-1 3.55221E-1 3.65761E-1 3.72385E-1 3.8499E-1 4.08051E-1 4.08368E-1 4.16906E-1 4.30909E-1 4.39745E-1 4.43321E-1 4.52662E-1 4.58284E-1 4.73747E-1 4.96483E-1 5.09312E-1 5.20782E-1 5.18702E-1
1.87963E-1 1.92943E-1 2.02105E-1 2.05399E-1 2.07615E-1 2.03675E-1 1.95991E-1 1.96705E-1 1.99634E-1 2.00099E-1 2.07927E-1 2.17149E-1 2.13405E-1 2.0227E-1 2.05073E-1 1.90968E-1 1.92439E-1 1.93842E-1 2.01589E-1 2.12189E-1 2.20612E-1 2.25251E-1 2.25903E-1 2.31953E-1 2.48877E-1 2.54419E-1 2.61747E-1 2.73713E-1 2.78371E-1 2.88776E-1 2.87607E-1 2.91011E-1 3.13399E-1 3.22148E-1 3.35004E-1 3.35751E-1 3.34753E-1 3.2917E-1 3.3087E-1 3.25633E-1 3.18305E-1 3.25351E-1 3.44204E-1 3.60974E-1 3.70958E-1 3.72465E-1 3.77371E-1 3.97322E-1 4.07496E-1 4.18541E-1 4.27375E-1 4.43964E-1 4.61651E-1 4.80847E-1 4.93399E-1 5.05479E-1 5.13504E-1 5.22098E-1 5.18258E-1 5.15912E-1 5.16227E-1
1.91548E-1 1.94642E-1 2.02238E-1 2.10133E-1 2.05725E-1 2.0078E-1 1.98992E-1 1.91954E-1 1.9431E-1 1.9692E-1 2.10838E-1 2.25512E-1 2.16976E-1 2.11819E-1 2.10398E-1 2.01045E-1 1.87827E-1 1.93218E-1 2.04868E-1 2.11891E-1 2.23209E-1 2.20149E-1 2.20431E-1 2.27625E-1 2.47626E-1 2.62268E-1 2.66849E-1 2.64152E-1 2.74038E-1 2.86173E-1 2.9016E-1 2.96855E-1 3.11289E-1 3.33464E-1 3.35014E-1 3.45188E-1 3.36768E-1 3.29018E-1 3.31164E-1 3.18274E-1 3.11433E-1 3.08676E-1 3.28573E-1 3.66937E-1 3.7721E-1 3.79216E-1 3.8425E-1 4.01922E-1 4.20165E-1 4.28864E-1 4.48508E-1 4.65192E-1 4.8287E-1 5.03589E-1 5.31329E-1 5.47427E-1 5.47098E-1 5.45525E-1 5.40654E-1 5.25926E-1 5.10778E-1
1.90799E-1 1.88732E-1 1.99424E-1 2.00915E-1 2.00858E-1 1.9529E-1 1.95441E-1 1.9534E-1 1.95282E-1 1.89533E-1 2.07052E-1 2.18416E-1 2.24307E-1 2.1974E-1 2.02766E-1 1.98194E-1 1.91205E-1 1.96091E-1 2.06572E-1 2.06515E-1 2.13393E-1 2.18978E-1 2.14849E-1 2.26318E-1 2.50319E-1 2.64782E-1 2.66225E-1 2.6437E-1 2.7507E-1 2.89515E-1 2.97528E-1 3.03831E-1 3.18826E-1 3.31986E-1 3.4455E-1 3.44524E-1 3.42894E-1 3.35814E-1 3.36569E-1 3.37365E-1 3.26166E-1 3.06505E-1 3.32201E-1 3.63372E-1 3.83263E-1 3.83274E-1 3.889E-1 4.03755E-1 4.32337E-1 4.50558E-1 4.70411E-1 4.88402E-1 5.15165E-1 5.37393E-1 5.59981E-1 5.63267E-1 5.62943E-1 5.74027E-1 5.57177E-1 5.42695E-1 5.30557E-1
1.91198E-1 1.96376E-1 2.00473E-1 2.05371E-1 2.01665E-1 1.9554E-1 2.00717E-1 2.06004E-1 2.04254E-1 1.99484E-1 2.06554E-1 2.17655E-1 2.34836E-1 2.40977E-1 2.01069E-1 1.95357E-1 2.06906E-1 2.0742E-1 2.04389E-1 2.00725E-1 2.03564E-1 2.12954E-1 2.15408E-1 2.2969E-1 2.47096E-1 2.6218E-1 2.67439E-1 2.70982E-1 2.76059E-1 2.97917E-1 3.15187E-1 3.22053E-1 3.28798E-1 3.42919E-1 3.55021E-1 3.54751E-1 3.50325E-1 3.47936E-1 3.4669E-1 3.54444E-1 3.58441E-1 3.49902E-1 3.60067E-1 3.78838E-1 3.87308E-1 3.87559E-1 4.03043E-1 4.18777E-1 4.45685E-1 4.72843E-1 4.93386E-1 5.2212E-1 5.52342E-1 5.6083E-1 5.71349E-1 5.7712E-1 5.73843E-1 5.86416E-1 5.84212E-1 5.69818E-1 5.56223E-1
1.94819E-1 2.04053E-1 2.16968E-1 2.09179E-1 2.06323E-1 2.01691E-1 2.04832E-1 2.07288E-1 2.09266E-1 2.0636E-1 2.14186E-1 2.21463E-1 2.30884E-1 2.39838E-1 2.13046E-1 2.02174E-1 2.11849E-1 2.11182E-1 2.05709E-1 2.02466E-1 2.12301E-1 2.16988E-1 2.18702E-1 2.35425E-1 2.53558E-1 2.63787E-1 2.79285E-1 2.84856E-1 3.02864E-1 3.22299E-1 3.26893E-1 3.33829E-1 3.49803E-1 3.52775E-1 3.6025E-1 3.70715E-1 3.78917E-1 3.5676E-1 3.57527E-1 3.66677E-1 3.8229E-1 3.81201E-1 3.87961E-1 3.95613E-1 4.01335E-1 4.13449E-1 4.27202E-1 4.40676E-1 4.6622E-1 4.85546E-1 5.16275E-1 5.46174E-1 5.63434E-1 5.70886E-1 5.72318E-1 5.7638E-1 5.77198E-1 5.88679E-1 6.03558E-1 6.00501E-1 5.96947E-1
2.0317E-1 2.09324E-1 2.15834E-1 2.173E-1 2.12781E-1 2.1291E-1 2.08657E-1 2.09734E-1 2.10865E-1 2.0804E-1 2.09642E-1 2.1168E-1 2.14998E-1 2.23808E-1 2.1727E-1 2.11683E-1 2.07697E-1 2.11468E-1 2.09176E-1 2.22625E-1 2.29406E-1 2.28752E-1 2.33618E-1 2.41823E-1 2.617E-1 2.88223E-1 2.97064E-1 3.07345E-1 3.17442E-1 3.34044E-1 3.37346E-1 3.45108E-1 3.51823E-1 3.57586E-1 3.67023E-1 3.74183E-1 3.7005E-1 3.64143E-1 3.64207E-1 3.72799E-1 3.94462E-1 4.06985E-1 4.12905E-1 4.29756E-1 4.39363E-1 4.51361E-1 4.75039E-1 4.78378E-1 4.81691E-1 4.95888E-1 5.39496E-1 5.58555E-1 5.74144E-1 5.92677E-1 5.91283E-1 5.86529E-1 5.84359E-1 5.92027E-1 6.20488E-1 6.3069E-1 6.49586E-1
2.03998E-1 2.04227E-1 2.13653E-1 2.15482E-1 2.1545E-1 2.13986E-1 2.17008E-1 2.12503E-1 2.13715E-1 2.10097E-1 2.18575E-1 2.15674E-1 2.18873E-1 2.28275E-1 2.26557E-1 2.2096E-1 2.1771E-1 2.17479E-1 2.22054E-1 2.26126E-1 2.3527E-1 2.46605E-1 2.58255E-1 2.64799E-1 2.79081E-1 2.95524E-1 3.04036E-1 3.19059E-1 3.27277E-1 3.46282E-1 3.50214E-1 3.55343E-1 3.60865E-1 3.59723E-1 3.68331E-1 3.67135E-1 3.76768E-1 3.75496E-1 3.81606E-1 3.86881E-1 4.00996E-1 4.28543E-1 4.4955E-1 4.70808E-1 4.80921E-1 5.05042E-1 5.17325E-1 5.09752E-1 5.10893E-1 5.24575E-1 5.44805E-1 5.73712E-1 5.85509E-1 5.9028E-1 5.93752E-1 6.02207E-1 5.99289E-1 6.13125E-1 6.31278E-1 6.60812E-1 6.91995E-1
2.02733E-1 2.03489E-1 2.08144E-1 2.15206E-1 2.17092E-1 2.22066E-1 2.19649E-1 2.2188E-1 2.17867E-1 2.22055E-1 2.25401E-1 2.3567E-1 2.47964E-1 2.49377E-1 2.40303E-1 2.4134E-1 2.36978E-1 2.32397E-1 2.38815E-1 2.44733E-1 2.47373E-1 2.58853E-1 2.85642E-1 2.77688E-1 2.89629E-1 3.21034E-1 3.25944E-1 3.30564E-1 3.46065E-1 3.59142E-1 3.72068E-1 3.74882E-1 3.80707E-1 3.699E-1 3.80259E-1 3.80024E-1 3.89995E-1 3.88581E-1 4.00596E-1 4.17548E-1 4.36196E-1 4.49664E-1 4.80342E-1 5.03003E-1 5.13215E-1 5.27503E-1 5.28517E-1 5.2834E-1 5.29857E-1 5.46365E-1 5.7319E-1 5.84998E-1 5.96975E-1 6.09453E-1 6.10961E-1 6.26791E-1 6.28767E-1 6.36589E-1 6.70162E-1 7.05519E-1 7.37449E-1
2.02277E-1 2.0902E-1 2.14297E-1 2.16828E-1 2.25926E-1 2.30406E-1 2.26726E-1 2.24735E-1 2.30538E-1 2.28441E-1 2.4114E-1 2.51567E-1 2.68159E-1 2.62643E-1 2.55516E-1 2.51261E-1 2.57173E-1 2.57699E-1 2.65243E-1 2.68257E-1 2.71729E-1 2.83668E-1 3.0753E-1 3.07079E-1 3.08451E-1 3.41345E-1 3.35487E-1 3.3551E-1 3.51613E-1 3.72047E-1 3.94391E-1 4.0513E-1 4.11002E-1 4.09679E-1 4.15631E-1 4.13681E-1 4.12939E-1 4.25177E-1 4.27597E-1 4.46891E-1 4.65351E-1 4.76199E-1 4.98705E-1 5.21185E-1 5.33769E-1 5.33217E-1 5.33162E-1 5.34657E-1 5.48577E-1 5.64672E-1 5.88731E-1 6.10168E-1 6.22479E-1 6.33682E-1 6.45141E-1 6.64924E-1 6.75995E-1 6.99614E-1 7.10206E-1 7.45981E-1 7.77511E-1
2.18907E-1 2.22519E-1 2.25916E-1 2.27914E-1 2.32463E-1 2.36925E-1 2.41723E-1 2.41523E-1 2.4299E-1 2.42009E-1 2.50495E-1 2.60152E-1 2.74871E-1 2.66523E-1 2.69977E-1 2.69579E-1 2.7538E-1 2.71803E-1 2.67626E-1 2.73191E-1 2.77039E-1 2.88878E-1 3.06153E-1 3.34261E-1 3.50251E-1 3.40045E-1 3.3466E-1 3.48217E-1 3.64711E-1 3.82746E-1 4.00482E-1 4.3137E-1 4.34344E-1 4.43432E-1 4.399E-1 4.44001E-1 4.53329E-1 4.71436E-1 4.70284E-1 4.95773E-1 4.98181E-1 4.97463E-1 5.21454E-1 5.34367E-1 5.34937E-1 5.36532E-1 5.3459E-1 5.35985E-1 5.64873E-1 5.93598E-1 6.16865E-1 6.34989E-1 6.56478E-1 6.81347E-1 7.00857E-1 7.05412E-1 7.35517E-1 7.61982E-1 7.72659E-1 7.81706E-1 8.03198E-1
2.31397E-1 2.42083E-1 2.31755E-1 2.32434E-1 2.43586E-1 2.52362E-1 2.5723E-1 2.58322E-1 2.60079E-1 2.68985E-1 2.71069E-1 2.81503E-1 2.77775E-1 2.79859E-1 2.76423E-1 2.87194E-1 2.81344E-1 2.82621E-1 2.77121E-1 2.77738E-1 2.87652E-1 3.04112E-1 3.19482E-1 3.36346E-1 3.47958E-1 3.39721E-1 3.36738E-1 3.5052E-1 3.85374E-1 3.96687E-1 4.12561E-1 4.32777E-1 4.32631E-1 4.35527E-1 4.52306E-1 4.67988E-1 5.00124E-1 4.99427E-1 4.97698E-1 5.0949E-1 5.05918E-1 5.04389E-1 5.31233E-1 5.55191E-1 5.62287E-1 5.49851E-1 5.31112E-1 5.44382E-1 5.78013E-1 6.18344E-1 6.42199E-1 6.62108E-1 6.878E-1 7.15117E-1 7.29943E-1 7.55854E-1 7.76998E-1 8.0196E-1 7.99004E-1 8.0743E-1 8.21889E-1
2.32293E-1 2.40264E-1 2.33608E-1 2.32461E-1 2.4161E-1 2.57848E-1 2.7751E-1 2.7319E-1 2.81437E-1 2.85761E-1 2.9545E-1 3.00708E-1 2.93834E-1 2.86193E-1 2.82985E-1 2.90189E-1 2.84038E-1 2.89211E-1 2.95692E-1 3.06417E-1 3.17293E-1 3.32251E-1 3.45961E-1 3.59804E-1 3.5513E-1 3.55784E-1 3.61565E-1 3.75935E-1 4.02837E-1 4.18396E-1 4.3527E-1 4.44784E-1 4.314E-1 4.33342E-1 4.46766E-1 4.7776E-1 5.10528E-1 5.04205E-1 4.97196E-1 4.95109E-1 4.94559E-1 4.95914E-1 5.3379E-1 5.69565E-1 5.74798E-1 5.71379E-1 5.56617E-1 5.69354E-1 6.11402E-1 6.49772E-1 6.73575E-1 6.98327E-1 7.25847E-1 7.50199E-1 7.67554E-1 7.90952E-1 8.10686E-1 8.14062E-1 8.2363E-1 8.12922E-1 8.15654E-1
2.33955E-1 2.36329E-1 2.41915E-1 2.44815E-1 2.52221E-1 2.65451E-1 2.90683E-1 2.86112E-1 2.84425E-1 2.835E-1 2.90283E-1 3.02142E-1 2.96388E-1 2.90875E-1 2.85252E-1 2.92596E-1 2.9408E-1 2.86995E-1 3.10896E-1 3.31544E-1 3.52857E-1 3.68169E-1 3.78796E-1 3.93437E-1 3.93202E-1 3.89088E-1 4.02225E-1 4.10344E-1 4.32956E-1 4.5535E-1 4.76274E-1 4.67188E-1 4.45013E-1 4.3443E-1 4.61603E-1 4.90461E-1 5.14248E-1 5.10344E-1 5.04208E-1 5.00813E-1 5.01622E-1 5.06747E-1 5.42268E-1 5.6662E-1 5.89924E-1 6.0834E-1 6.19498E-1 6.19176E-1 6.57215E-1 6.94114E-1 7.25903E-1 7.50728E-1 7.64252E-1 7.83164E-1 7.75398E-1 7.90973E-1 7.8326E-1 7.94042E-1 8.00853E-1 7.9053E-1 8.14019E-1
2.39541E-1 2.40428E-1 2.42097E-1 2.46535E-1 2.57405E-1 2.75604E-1 2.91494E-1 2.86005E-1 2.89628E-1 2.84403E-1 2.91983E-1 2.9187E-1 3.00398E-1 2.96887E-1 2.95642E-1 3.15578E-1 3.18538E-1 3.14382E-1 3.30757E-1 3.58946E-1 3.84761E-1 3.99805E-1 4.01507E-1 4.17705E-1 4.24698E-1 4.35162E-1 4.43471E-1 4.40757E-1 4.68512E-1 4.85826E-1 4.94705E-1 4.98389E-1 4.89246E-1 4.89016E-1 5.08341E-1 5.31403E-1 5.30572E-1 5.26935E-1 5.23842E-1 5.21923E-1 5.20164E-1 5.31548E-1 5.57497E-1 5.80718E-1 6.12365E-1 6.44922E-1 6.73321E-1 6.85206E-1 7.03541E-1 7.39435E-1 7.75968E-1 8.03633E-1 8.2562E-1 8.26257E-1 8.03703E-1 7.75633E-1 7.84091E-1 7.94631E-1 8.14975E-1 8.14099E-1 8.45865E-1
2.47297E-1 2.48379E-1 2.47547E-1 2.48723E-1 2.55601E-1 2.7149E-1 2.78406E-1 2.8671E-1 2.91747E-1 2.98653E-1 2.96401E-1 2.93997E-1 2.97993E-1 3.02515E-1 3.11899E-1 3.23462E-1 3.32592E-1 3.35562E-1 3.54383E-1 3.79214E-1 3.97334E-1 4.11537E-1 4.159E-1 4.50143E-1 4.53868E-1 4.67748E-1 4.8081E-1 4.8903E-1 4.92056E-1 5.05985E-1 5.17665E-1 5.29619E-1 5.39916E-1 5.54329E-1 5.67879E-1 5.77758E-1 5.82587E-1 5.56671E-1 5.51561E-1 5.59631E-1 5.56728E-1 5.73895E-1 5.91633E-1 6.13928E-1 6.44928E-1 6.80934E-1 7.11991E-1 7.17088E-1 7.46188E-1 7.74779E-1 8.10654E-1 8.4214E-1 8.60853E-1 8.68191E-1 8.33371E-1 7.92339E-1 7.72746E-1 8.0818E-1 8.31565E-1 8.56317E-1 8.69968E-1
2.50044E-1 2.40699E-1 2.47385E-1 2.46775E-1 2.56282E-1 2.68155E-1 2.75586E-1 2.81105E-1 2.93E-1 3.08047E-1 3.0425E-1 3.07287E-1 3.00189E-1 3.04493E-1 3.16439E-1 3.30384E-1 3.45556E-1 3.53745E-1 3.59307E-1 3.79405E-1 4.01391E-1 4.02999E-1 4.37772E-1 4.63378E-1 4.75633E-1 4.80231E-1 4.9324E-1 5.06552E-1 5.17677E-1 5.18202E-1 5.42318E-1 5.5033E-1 5.67954E-1 6.13456E-1 6.20601E-1 5.9122E-1 5.70775E-1 5.8573E-1 5.78864E-1 5.77299E-1 5.99808E-1 6.28545E-1 6.38202E-1 6.60956E-1 6.70901E-1 7.02667E-1 7.35815E-1 7.54682E-1 7.80532E-1 8.18547E-1 8.49432E-1 8.71062E-1 8.87546E-1 8.97542E-1 8.70461E-1 8.30692E-1 8.02938E-1 8.28828E-1 8.42934E-1 8.62016E-1 8.79829E-1
2.43572E-1 2.39285E-1 2.38651E-1 2.47271E-1 2.52001E-1 2.60547E-1 2.71875E-1 2.86378E-1 2.95593E-1 2.95788E-1 2.9982E-1 3.04359E-1 3.09851E-1 3.06442E-1 3.20689E-1 3.35287E-1 3.52652E-1 3.71579E-1 3.85847E-1 3.85716E-1 3.88315E-1 4.02691E-1 4.33143E-1 4.58898E-1 4.84259E-1 5.12807E-1 5.23723E-1 5.34442E-1 5.37325E-1 5.42069E-1 5.46991E-1 5.6176E-1 5.93726E-1 6.24191E-1 6.28946E-1 6.17235E-1 6.08646E-1 6.14535E-1 6.07861E-1 5.91543E-1 6.12797E-1 6.33599E-1 6.62759E-1 6.864E-1 7.02225E-1 7.17961E-1 7.51185E-1 7.86532E-1 8.16076E-1 8.47211E-1 8.75566E-1 8.64241E-1 8.90268E-1 8.88961E-1 8.67642E-1 8.43252E-1 8.27432E-1 8.3776E-1 8.46679E-1 8.67635E-1 8.88412E-1
2.37283E-1 2.28746E-1 2.33749E-1 2.37828E-1 2.47128E-1 2.53185E-1 2.7256E-1 2.79407E-1 2.84757E-1 2.92998E-1 2.97753E-1 3.06621E-1 3.09194E-1 3.16393E-1 3.17519E-1 3.31144E-1 3.37084E-1 3.62436E-1 3.75119E-1 3.77409E-1 3.82056E-1 4.07422E-1 4.4168E-1 4.70499E-1 4.94139E-1 5.40233E-1 5.54283E-1 5.58696E-1 5.55001E-1 5.57507E-1 5.69077E-1 5.83697E-1 6.09076E-1 6.319E-1 6.3205E-1 6.36453E-1 6.24054E-1 6.26574E-1 6.12062E-1 6.10447E-1 6.09545E-1 6.31998E-1 6.78147E-1 6.93316E-1 7.20583E-1 7.42928E-1 7.62641E-1 7.85469E-1 8.31198E-1 8.67105E-1 8.83199E-1 8.63995E-1 8.72275E-1 8.86455E-1 8.62961E-1 8.50566E-1 8.43564E-1 8.43744E-1 8.54739E-1 8.77715E-1 8.82686E-1
