maxent_outputs/red_flowers_linear/red_23.asc
ncols         426
nrows         180
xllcorner     -130.0
yllcorner     24.0
cellsize      0.16666666666666666
NODATA_value  -9999
[rows 0 to 26 of 180, columns 0 to 60 of 426]
2.63417E-2 2.37724E-2 2.13906E-2 1.37025E-2 1.48216E-2 2.09715E-2 3.25998E-2 5.13122E-2 3.7514E-2 2.60956E-2 1.69344E-2 8.60371E-3 1.11143E-2 1.20575E-2 1.51491E-2 1.98118E-2 1.94898E-2 2.09844E-2 2.54467E-2 2.85663E-2 3.4444E-2 4.24991E-2 4.31405E-2 3.93771E-2 3.27122E-2 3.16858E-2 3.42284E-2 3.30914E-2 3.08043E-2 3.0587E-2 2.58024E-2 2.56703E-2 2.39913E-2 2.15628E-2 2.01004E-2 2.1378E-2 1.90017E-2 1.96386E-2 2.26373E-2 2.23672E-2 2.50737E-2 2.28251E-2 2.31706E-2 2.42599E-2 2.23054E-2 2.23911E-2 2.08503E-2 2.10271E-2 2.04694E-2 1.9676E-2 1.91685E-2 1.5873E-2 1.15317E-2 1.06691E-2 1.13143E-2 1.07365E-2 9.76571E-3 6.61089E-3 8.15005E-3 8.29456E-3 9.2461E-3
3.59634E-2 2.65324E-2 1.67956E-2 1.9599E-2 1.70631E-2 2.63109E-2 3.85058E-2 3.57783E-2 2.1226E-2 2.37717E-2 1.96777E-2 1.25557E-2 1.08682E-2 1.09699E-2 1.70415E-2 1.29047E-2 1.29164E-2 2.04328E-2 2.58918E-2 3.27098E-2 3.70981E-2 3.05338E-2 4.43147E-2 4.65116E-2 4.13001E-2 3.00504E-2 2.9124E-2 2.87153E-2 2.83638E-2 2.55951E-2 2.14436E-2 2.23801E-2 2.68231E-2 2.32746E-2 2.04237E-2 1.8681E-2 2.01773E-2 2.1178E-2 2.28133E-2 2.35293E-2 2.45899E-2 2.52785E-2 2.39634E-2 2.48738E-2 2.20807E-2 2.17329E-2 1.94121E-2 1.76486E-2 1.70713E-2 1.69852E-2 1.33748E-2 1.31136E-2 1.50019E-2 1.70319E-2 1.68852E-2 1.28889E-2 9.67658E-3 1.00856E-2 1.00696E-2 9.29413E-3 9.22121E-3
4.35842E-2 2.78778E-2 2.53901E-2 1.78106E-2 2.12259E-2 1.91582E-2 2.3498E-2 2.54379E-2 1.58655E-2 1.77965E-2 1.63211E-2 1.87332E-2 2.75065E-2 1.25778E-2 1.22981E-2 1.00057E-2 1.52939E-2 1.54523E-2 2.58179E-2 3.48596E-2 2.66477E-2 2.44365E-2 3.36891E-2 3.42578E-2 3.00558E-2 3.1333E-2 2.81522E-2 2.96022E-2 2.97065E-2 2.51818E-2 2.52315E-2 2.61138E-2 2.18678E-2 1.93057E-2 2.05909E-2 1.83588E-2 1.77482E-2 1.9274E-2 2.20952E-2 2.27872E-2 2.40576E-2 2.59557E-2 2.36697E-2 2.55248E-2 2.41396E-2 1.86506E-2 1.58624E-2 1.67098E-2 1.41547E-2 1.39603E-2 1.32321E-2 1.0722E-2 9.17144E-3 9.299E-3 1.10553E-2 1.6635E-2 1.96564E-2 9.60766E-3 8.70043E-3 8.65321E-3 9.17821E-3
4.65799E-2 3.05101E-2 2.21404E-2 2.00952E-2 1.67546E-2 1.82994E-2 2.06898E-2 1.73444E-2 1.96349E-2 1.91467E-2 1.91577E-2 2.55623E-2 1.5635E-2 1.32078E-2 1.05119E-2 1.13688E-2 1.61482E-2 2.18821E-2 3.24644E-2 2.89133E-2 2.25207E-2 1.68534E-2 2.20031E-2 2.69131E-2 3.15295E-2 2.9971E-2 3.234E-2 3.65471E-2 3.69916E-2 3.30084E-2 3.00071E-2 2.51497E-2 2.3437E-2 1.98952E-2 2.23362E-2 2.34048E-2 2.23891E-2 2.30659E-2 2.32293E-2 2.34457E-2 2.23165E-2 2.46757E-2 2.64676E-2 2.79244E-2 2.36678E-2 2.08276E-2 1.54482E-2 1.45815E-2 1.36126E-2 1.26972E-2 1.24483E-2 1.16948E-2 9.42909E-3 7.811E-3 7.54968E-3 9.06999E-3 1.25122E-2 1.81848E-2 1.42709E-2 8.71612E-3 8.99196E-3
3.73882E-2 3.50869E-2 2.62659E-2 2.25801E-2 1.67183E-2 1.97925E-2 1.71581E-2 1.5656E-2 1.40907E-2 1.31E-2 1.21315E-2 1.5558E-2 2.22584E-2 2.20178E-2 1.44988E-2 1.57231E-2 1.45681E-2 1.37124E-2 1.76902E-2 2.17772E-2 3.34667E-2 3.53737E-2 3.14203E-2 3.26565E-2 3.45872E-2 3.33238E-2 3.20163E-2 3.15188E-2 2.61774E-2 2.56843E-2 2.63344E-2 2.47766E-2 2.3524E-2 1.99945E-2 2.10639E-2 2.50538E-2 2.82183E-2 2.4943E-2 2.38919E-2 2.61169E-2 2.39376E-2 2.51261E-2 2.98468E-2 3.09618E-2 2.53934E-2 2.30575E-2 1.7309E-2 1.76977E-2 1.39153E-2 1.28872E-2 1.30498E-2 1.32209E-2 1.30437E-2 9.31447E-3 8.56317E-3 7.60818E-3 6.78053E-3 7.36501E-3 1.09092E-2 1.64919E-2 1.48493E-2
5.67972E-2 3.89623E-2 3.14411E-2 2.31034E-2 1.96338E-2 1.67713E-2 1.31887E-2 1.15551E-2 1.60717E-2 1.48429E-2 1.12466E-2 1.10386E-2 1.56751E-2 1.95249E-2 1.92483E-2 1.41348E-2 1.28841E-2 1.81151E-2 9.87749E-3 1.42545E-2 1.71416E-2 2.36683E-2 3.14775E-2 3.02202E-2 3.19598E-2 3.32973E-2 3.10854E-2 2.96115E-2 2.65681E-2 2.37734E-2 2.57743E-2 2.74589E-2 2.63156E-2 2.72063E-2 2.24147E-2 2.20717E-2 2.79602E-2 2.47178E-2 2.70928E-2 2.47532E-2 2.33769E-2 2.59172E-2 2.49301E-2 2.9783E-2 3.13505E-2 2.73363E-2 2.31375E-2 1.90906E-2 1.4306E-2 1.29884E-2 1.22074E-2 1.22703E-2 1.24957E-2 1.15455E-2 8.5827E-3 8.54459E-3 6.66057E-3 6.09871E-3 7.84206E-3 8.41403E-3 1.40524E-2
-9999 5.11011E-2 3.72315E-2 3.13641E-2 2.57668E-2 1.91804E-2 1.41874E-2 1.23215E-2 1.31334E-2 1.52712E-2 1.20193E-2 1.52357E-2 1.21959E-2 1.30935E-2 1.0987E-2 1.05985E-2 9.48703E-3 2.61066E-2 1.03221E-2 2.28907E-2 1.3485E-2 2.49138E-2 3.27128E-2 3.35358E-2 3.25134E-2 3.23195E-2 2.88052E-2 2.72309E-2 2.57725E-2 2.51195E-2 2.5874E-2 2.60462E-2 2.59157E-2 2.69058E-2 2.76355E-2 2.56188E-2 2.63701E-2 2.73831E-2 2.77327E-2 2.53293E-2 2.51955E-2 2.72391E-2 2.56836E-2 2.77937E-2 3.30258E-2 3.3198E-2 2.86053E-2 2.18265E-2 1.71012E-2 1.32218E-2 1.14533E-2 1.05242E-2 1.24247E-2 1.19419E-2 9.90561E-3 8.73643E-3 8.13178E-3 7.19815E-3 6.15216E-3 5.78349E-3 9.63592E-3
-9999 -9999 -9999 5.17768E-2 2.81323E-2 2.38169E-2 1.64257E-2 1.42432E-2 1.3814E-2 1.72716E-2 1.65454E-2 1.68333E-2 1.42363E-2 1.03613E-2 9.09141E-3 1.03752E-2 1.05719E-2 1.84064E-2 3.42319E-2 1.76802E-2 1.79935E-2 2.53199E-2 3.60397E-2 2.81437E-2 2.21028E-2 2.03158E-2 2.89318E-2 2.37306E-2 1.77543E-2 2.25389E-2 1.98278E-2 1.90154E-2 1.97493E-2 2.24973E-2 2.68275E-2 2.50215E-2 2.67563E-2 2.80687E-2 2.82797E-2 2.60927E-2 2.41765E-2 2.6071E-2 2.48884E-2 2.71507E-2 3.51688E-2 3.48385E-2 2.73641E-2 2.47209E-2 1.81789E-2 1.65135E-2 1.28533E-2 1.31478E-2 1.18454E-2 1.07652E-2 1.10138E-2 1.19192E-2 8.38718E-3 9.01858E-3 6.46201E-3 6.30092E-3 7.29591E-3
-9999 -9999 -9999 8.43825E-2 3.91684E-2 2.93502E-2 2.47639E-2 2.16411E-2 1.65328E-2 1.72154E-2 1.82713E-2 1.74123E-2 1.66533E-2 1.23315E-2 1.39687E-2 1.32653E-2 2.39235E-2 2.63807E-2 1.56848E-2 1.31272E-2 1.42401E-2 1.40519E-2 1.82066E-2 1.44492E-2 1.53515E-2 1.71522E-2 2.29577E-2 2.34509E-2 2.2815E-2 2.19175E-2 2.13432E-2 2.15186E-2 2.56437E-2 2.28324E-2 2.37919E-2 2.21506E-2 2.48174E-2 2.55192E-2 2.09978E-2 2.20556E-2 2.1807E-2 2.46106E-2 2.24363E-2 2.6043E-2 3.59635E-2 3.69575E-2 2.79732E-2 2.86403E-2 2.80069E-2 2.27154E-2 2.24077E-2 1.78888E-2 1.58901E-2 1.75335E-2 1.70212E-2 1.15566E-2 1.23174E-2 1.35266E-2 1.1213E-2 7.39147E-3 6.23766E-3
-9999 -9999 -9999 -9999 -9999 5.83643E-2 4.16121E-2 3.43254E-2 2.33889E-2 2.51665E-2 2.39617E-2 2.13678E-2 2.00475E-2 1.66412E-2 1.64602E-2 2.33353E-2 3.50776E-2 2.10949E-2 2.27296E-2 3.82593E-2 3.66795E-2 2.72303E-2 2.09508E-2 2.34875E-2 2.81078E-2 3.12142E-2 3.01783E-2 2.575E-2 2.25362E-2 2.2727E-2 2.35279E-2 2.40119E-2 2.51322E-2 2.09284E-2 2.12166E-2 1.69037E-2 1.83031E-2 2.07599E-2 1.9771E-2 2.16463E-2 2.2425E-2 2.43347E-2 2.42104E-2 2.39547E-2 2.84465E-2 3.60926E-2 3.63262E-2 3.0265E-2 2.99312E-2 3.05477E-2 2.75623E-2 2.72196E-2 2.31446E-2 1.86646E-2 1.80061E-2 1.27175E-2 7.74066E-3 9.37761E-3 1.28593E-2 1.05807E-2 1.11443E-2
-9999 -9999 -9999 -9999 -9999 -9999 -9999 4.8364E-2 4.18971E-2 4.57725E-2 3.59539E-2 3.10499E-2 2.47615E-2 2.34435E-2 2.16584E-2 2.42127E-2 2.55288E-2 2.14302E-2 3.94046E-2 1.40774E-2 1.31718E-2 1.4627E-2 8.51248E-3 1.59633E-2 1.49884E-2 2.79894E-2 1.80201E-2 2.38841E-2 2.83158E-2 2.39756E-2 2.71556E-2 2.85032E-2 3.00378E-2 2.35753E-2 1.91021E-2 1.8568E-2 1.70534E-2 1.73667E-2 2.18456E-2 1.85556E-2 1.98838E-2 2.53803E-2 2.16485E-2 2.20935E-2 2.4769E-2 3.15121E-2 4.25748E-2 3.69298E-2 2.98058E-2 2.87582E-2 2.59875E-2 2.50064E-2 1.83822E-2 1.62281E-2 1.67641E-2 1.36476E-2 9.1288E-3 9.17298E-3 1.79401E-2 1.00881E-2 9.52565E-3
-9999 -9999 -9999 -9999 -9999 -9999 -9999 -9999 8.37595E-2 6.40213E-2 5.40393E-2 3.9444E-2 3.21361E-2 2.57958E-2 2.86205E-2 2.39111E-2 2.15661E-2 1.55975E-2 1.18902E-2 3.36576E-2 4.17842E-2 1.29601E-2 6.34143E-3 8.93207E-3 1.57321E-2 1.6137E-2 1.6265E-2 2.12686E-2 2.69175E-2 2.98207E-2 3.00577E-2 3.18427E-2 3.21999E-2 2.56939E-2 2.07226E-2 2.47415E-2 1.87663E-2 1.79521E-2 2.07888E-2 2.05777E-2 2.46833E-2 2.79061E-2 2.49844E-2 2.31984E-2 3.24995E-2 3.09713E-2 4.55188E-2 4.04033E-2 3.67465E-2 3.092E-2 2.28889E-2 2.33171E-2 2.00397E-2 1.41249E-2 1.03001E-2 1.33411E-2 1.1445E-2 9.23781E-3 1.35847E-2 1.70211E-2 1.15097E-2
-9999 -9999 -9999 -9999 -9999 -9999 -9999 -9999 -9999 1.00889E-1 7.84292E-2 4.66812E-2 4.55277E-2 3.25358E-2 2.3814E-2 2.08195E-2 2.52263E-2 1.56042E-2 1.07438E-2 2.84865E-2 2.47267E-2 1.40393E-2 1.30697E-2 6.89407E-3 7.32249E-3 1.58345E-2 1.37042E-2 1.44832E-2 2.21714E-2 2.77938E-2 3.24279E-2 3.41755E-2 2.97258E-2 3.24067E-2 3.17448E-2 2.58227E-2 1.99176E-2 2.1303E-2 1.89903E-2 2.03821E-2 2.5917E-2 2.85155E-2 3.13161E-2 2.85904E-2 3.33917E-2 3.18528E-2 3.88526E-2 3.1981E-2 3.65125E-2 3.61464E-2 3.13307E-2 2.71174E-2 2.19832E-2 2.88523E-2 2.58841E-2 2.49658E-2 2.26755E-2 1.97792E-2 1.89458E-2 2.40276E-2 1.09726E-2
-9999 -9999 -9999 -9999 -9999 -9999 -9999 -9999 -9999 -9999 9.9919E-2 7.44757E-2 5.8648E-2 3.8781E-2 3.10047E-2 3.84737E-2 3.50132E-2 3.1845E-2 2.22213E-2 2.53692E-2 4.78023E-2 1.896E-2 1.23368E-2 1.10447E-2 7.45833E-3 1.22946E-2 2.21732E-2 1.74267E-2 1.51841E-2 1.35208E-2 2.04141E-2 3.17324E-2 2.4177E-2 3.71533E-2 3.21698E-2 2.86082E-2 2.55711E-2 2.37157E-2 2.56087E-2 2.47371E-2 2.40279E-2 2.44894E-2 2.42698E-2 2.91499E-2 3.43455E-2 4.62184E-2 3.78338E-2 3.264E-2 2.96867E-2 3.25774E-2 3.78607E-2 3.67852E-2 3.53453E-2 3.32501E-2 2.8311E-2 2.20935E-2 1.62228E-2 1.30353E-2 1.08552E-2 1.68291E-2 1.06296E-2
-9999 -9999 -9999 -9999 -9999 -9999 -9999 -9999 -9999 -9999 -9999 6.83591E-2 5.47469E-2 7.59757E-2 5.45902E-2 4.14954E-2 3.1751E-2 2.73064E-2 2.55464E-2 3.02828E-2 2.72217E-2 1.72781E-2 1.40365E-2 6.90619E-3 6.51826E-3 1.09495E-2 2.70062E-2 1.44153E-2 1.07062E-2 1.44144E-2 1.60408E-2 1.33357E-2 1.37855E-2 3.29833E-2 2.91219E-2 2.81348E-2 2.72084E-2 2.89317E-2 2.65163E-2 2.49185E-2 2.6415E-2 2.65739E-2 2.6933E-2 2.69154E-2 3.08304E-2 4.2702E-2 4.14054E-2 3.10519E-2 2.67553E-2 2.56553E-2 2.93159E-2 3.17741E-2 3.08036E-2 3.01133E-2 2.83099E-2 2.32025E-2 1.5341E-2 1.23402E-2 1.74071E-2 2.22625E-2 1.61248E-2
-9999 -9999 -9999 -9999 -9999 -9999 -9999 -9999 -9999 -9999 -9999 1.05154E-1 8.66591E-2 1.30386E-1 7.70617E-2 5.72449E-2 5.11378E-2 4.99462E-2 2.65196E-2 1.7016E-2 1.69878E-2 1.65003E-2 1.01748E-2 6.34266E-3 1.06096E-2 2.24205E-2 1.98984E-2 7.90123E-3 6.74519E-3 1.29894E-2 1.71884E-2 1.54396E-2 1.84884E-2 2.4868E-2 2.06163E-2 3.20821E-2 1.91345E-2 2.13973E-2 2.57265E-2 2.20879E-2 2.32652E-2 2.44659E-2 2.34426E-2 2.39036E-2 3.10815E-2 3.89601E-2 5.14268E-2 3.55919E-2 3.00759E-2 2.53345E-2 2.75754E-2 2.83209E-2 2.83536E-2 3.08607E-2 2.89871E-2 2.67796E-2 2.11759E-2 1.61204E-2 2.45464E-2 1.66939E-2 9.95649E-3
-9999 -9999 -9999 -9999 -9999 -9999 -9999 -9999 -9999 -9999 -9999 -9999 -9999 1.61726E-1 1.17603E-1 1.07058E-1 7.90917E-2 6.28598E-2 3.1959E-2 2.70698E-2 4.59075E-2 2.55823E-2 2.61466E-2 1.91593E-2 1.2137E-2 2.91631E-2 3.69045E-2 1.20137E-2 8.38456E-3 1.80815E-2 3.15742E-2 1.39109E-2 9.24625E-3 1.08791E-2 1.21479E-2 3.86928E-2 1.73568E-2 1.52105E-2 2.04089E-2 1.27846E-2 1.3166E-2 1.62035E-2 1.74734E-2 2.11026E-2 2.20727E-2 2.55446E-2 4.09568E-2 4.51878E-2 3.0494E-2 3.004E-2 3.00051E-2 3.09188E-2 3.15676E-2 3.53637E-2 3.29575E-2 2.72528E-2 2.16421E-2 1.78159E-2 2.27649E-2 2.32079E-2 2.11102E-2
-9999 -9999 -9999 -9999 -9999 -9999 -9999 -9999 -9999 -9999 -9999 -9999 -9999 1.87174E-1 1.5716E-1 1.48458E-1 1.117E-1 1.05762E-1 9.70019E-2 9.07593E-2 5.82152E-2 4.85004E-2 3.57522E-2 5.30496E-2 1.83903E-2 2.75207E-2 1.03029E-1 1.60833E-2 7.59252E-3 2.86663E-2 4.05933E-2 1.3338E-2 5.80193E-3 9.3733E-3 1.08848E-2 1.41881E-2 1.17465E-2 9.89202E-3 1.31181E-2 1.1571E-2 1.047E-2 1.05176E-2 1.3859E-2 1.90418E-2 1.33795E-2 1.62384E-2 2.22842E-2 4.53451E-2 3.7732E-2 2.84623E-2 3.95998E-2 4.2851E-2 3.23695E-2 2.97857E-2 3.47614E-2 2.96561E-2 2.03937E-2 1.64469E-2 2.83012E-2 2.66723E-2 2.0499E-2
-9999 -9999 -9999 -9999 -9999 6.24263E-1 -9999 -9999 -9999 -9999 2.47421E-1 1.87632E-1 2.14914E-1 2.27009E-1 3.05528E-1 2.17165E-1 2.03695E-1 1.89376E-1 1.81963E-1 1.46476E-1 1.16032E-1 8.56937E-2 8.09134E-2 5.22779E-2 4.54528E-2 4.19916E-2 7.90862E-2 4.2156E-2 1.47698E-2 1.58739E-2 6.02756E-2 4.44767E-2 1.5947E-2 1.80572E-2 9.71467E-3 1.14434E-2 8.95794E-3 6.48416E-3 9.42987E-3 1.13846E-2 1.00432E-2 1.03144E-2 1.71684E-2 2.32422E-2 1.80044E-2 1.40939E-2 2.36174E-2 2.7272E-2 4.9023E-2 3.19207E-2 3.63331E-2 5.05121E-2 3.27521E-2 2.98253E-2 4.38153E-2 3.40288E-2 2.17131E-2 2.5204E-2 4.49107E-2 2.36511E-2 1.44055E-2
-9999 -9999 -9999 -9999 -9999 -9999 5.94902E-1 3.30289E-1 3.31436E-1 2.35332E-1 1.68275E-1 1.04559E-1 7.90507E-2 8.15156E-2 1.41974E-1 2.69113E-1 2.87746E-1 3.21373E-1 2.64183E-1 2.21418E-1 2.15069E-1 1.36196E-1 1.06004E-1 8.43476E-2 7.18116E-2 8.11344E-2 6.40163E-2 6.76463E-2 3.90318E-2 2.21344E-2 6.95799E-2 2.81437E-2 1.48787E-2 1.01728E-2 1.29935E-2 8.6559E-3 9.73141E-3 7.42581E-3 1.12133E-2 9.43277E-3 9.43702E-3 9.33427E-3 1.34239E-2 1.05213E-2 8.78863E-3 1.65837E-2 3.36244E-2 3.66562E-2 6.01824E-2 2.81369E-2 3.1746E-2 3.64162E-2 7.22216E-2 5.41351E-2 5.9001E-2 6.58283E-2 6.12086E-2 5.58848E-2 4.69276E-2 3.15028E-2 3.0057E-2
-9999 -9999 -9999 -9999 -9999 -9999 -9999 -9999 -9999 -9999 1.92881E-1 1.30202E-1 1.11211E-1 1.3828E-1 2.13359E-1 2.13898E-1 1.7406E-1 2.07594E-1 2.20157E-1 1.75324E-1 2.45271E-1 1.84641E-1 1.68947E-1 1.33572E-1 1.39586E-1 1.27413E-1 1.29143E-1 8.98652E-2 7.36506E-2 5.51494E-2 8.5527E-2 4.17865E-2 1.99726E-2 2.41498E-2 3.09693E-2 2.98507E-2 1.16847E-2 8.08892E-3 1.11024E-2 1.36159E-2 1.37418E-2 1.48812E-2 1.02994E-2 1.12625E-2 1.3684E-2 2.52353E-2 8.93473E-3 1.87701E-2 2.16593E-2 3.54238E-2 2.52538E-2 4.06042E-2 6.07229E-2 3.0328E-2 3.57516E-2 3.10657E-2 2.93176E-2 3.69527E-2 3.80283E-2 4.01518E-2 4.01759E-2
-9999 -9999 -9999 -9999 -9999 -9999 -9999 -9999 -9999 -9999 -9999 2.03781E-1 1.76695E-1 1.41438E-1 9.03382E-2 1.46133E-1 6.59355E-2 6.4262E-2 1.09481E-1 6.21383E-2 7.57768E-2 7.20183E-2 1.06188E-1 1.12718E-1 1.58904E-1 1.54998E-1 1.70148E-1 1.72352E-1 1.56722E-1 1.51579E-1 7.60746E-2 6.08472E-2 4.5314E-2 5.72088E-2 2.73069E-2 2.05893E-2 9.00138E-3 1.01287E-2 1.69718E-2 6.85097E-3 8.74234E-3 1.23906E-2 2.43912E-2 2.49193E-2 1.59169E-2 1.08674E-2 9.67384E-3 8.92196E-3 1.05959E-2 2.98217E-2 3.37724E-2 5.2791E-2 6.25703E-2 3.00053E-2 3.36308E-2 3.4415E-2 2.91443E-2 3.48014E-2 3.16971E-2 2.35071E-2 2.32561E-2
-9999 -9999 -9999 -9999 -9999 -9999 -9999 -9999 -9999 -9999 -9999 -9999 2.78382E-1 1.61185E-1 1.04161E-1 1.08883E-1 8.60934E-2 8.34401E-2 9.5545E-2 7.30873E-2 6.93578E-2 6.48511E-2 5.77589E-2 7.53919E-2 1.24358E-1 1.1821E-1 1.45657E-1 1.68221E-1 2.26375E-1 2.35434E-1 1.91648E-1 1.61998E-1 8.30351E-2 6.5992E-2 3.54209E-2 3.11982E-2 3.04762E-2 2.23671E-2 2.35431E-2 1.43481E-2 1.07424E-2 1.57513E-2 2.54417E-2 1.74779E-2 2.81335E-2 1.85093E-2 8.84593E-3 1.37636E-2 1.30883E-2 1.62955E-2 7.41375E-2 5.72401E-2 5.17767E-2 5.88482E-2 4.33758E-2 3.76891E-2 3.60621E-2 4.70123E-2 3.0948E-2 2.96627E-2 2.40285E-2
-9999 -9999 -9999 -9999 -9999 -9999 -9999 -9999 -9999 -9999 -9999 -9999 1.99173E-1 1.78322E-1 2.46248E-1 1.5575E-1 1.82811E-1 1.23614E-1 8.15891E-2 5.82228E-2 6.49308E-2 7.21075E-2 4.74303E-2 6.23973E-2 6.7098E-2 9.92853E-2 1.47972E-1 1.97658E-1 2.78474E-1 3.31165E-1 2.81693E-1 2.71924E-1 1.32817E-1 1.20217E-1 6.43084E-2 4.167E-2 5.5147E-2 6.31819E-2 2.00151E-2 2.38567E-2 1.62692E-2 3.46685E-2 1.88174E-2 8.68053E-3 2.77547E-2 2.04335E-2 1.03034E-2 1.22782E-2 1.00975E-2 1.82982E-2 5.11256E-2 2.48442E-2 2.62132E-2 5.67366E-2 5.80788E-2 5.677E-2 4.20978E-2 3.40807E-2 3.29586E-2 2.80249E-2 2.06673E-2
-9999 -9999 -9999 -9999 -9999 -9999 -9999 -9999 -9999 -9999 -9999 -9999 -9999 -9999 -9999 3.54221E-1 2.14695E-1 1.23066E-1 1.16354E-1 9.07072E-2 7.14809E-2 6.12675E-2 7.58348E-2 7.62105E-2 6.21817E-2 7.32912E-2 1.30135E-1 1.5037E-1 2.52961E-1 3.25382E-1 4.14969E-1 3.20288E-1 2.21059E-1 1.42846E-1 1.08663E-1 8.84304E-2 9.08823E-2 4.59177E-2 2.29454E-2 2.50616E-2 6.30759E-2 3.0851E-2 1.10068E-2 1.06885E-2 1.4921E-2 3.6648E-2 1.72378E-2 1.59362E-2 2.39349E-2 2.35095E-2 2.61927E-2 5.86684E-2 2.37861E-2 4.43198E-2 4.83258E-2 4.23164E-2 3.83543E-2 3.24902E-2 2.66406E-2 2.28711E-2 2.50335E-2
-9999 -9999 -9999 -9999 -9999 -9999 -9999 -9999 -9999 -9999 -9999 -9999 -9999 -9999 -9999 -9999 -9999 2.04544E-1 1.55295E-1 1.04723E-1 1.05277E-1 1.08086E-1 8.42525E-2 1.07422E-1 6.8434E-2 5.38208E-2 7.64234E-2 6.13919E-2 1.11101E-1 2.72951E-1 3.58988E-1 -9999 3.40434E-1 2.56224E-1 1.98358E-1 2.48445E-1 1.49375E-1 7.24565E-2 5.56295E-2 5.11698E-2 4.83648E-2 7.40944E-2 2.08878E-2 2.67165E-2 1.38646E-2 1.97629E-2 3.91356E-2 4.55962E-2 2.68561E-2 2.6533E-2 2.87201E-2 6.85389E-2 3.36233E-2 2.56752E-2 3.09818E-2 4.04779E-2 3.91097E-2 3.08858E-2 2.97245E-2 2.8948E-2 3.27768E-2
-9999 -9999 -9999 -9999 -9999 -9999 -9999 -9999 -9999 -9999 -9999 -9999 -9999 -9999 -9999 -9999 -9999 -9999 2.14506E-1 1.37356E-1 1.64725E-1 1.16636E-1 1.1247E-1 1.02732E-1 8.25781E-2 5.58232E-2 8.51686E-2 4.25726E-2 1.20008E-1 1.58803E-1 2.77545E-1 4.09513E-1 4.92317E-1 3.06759E-1 2.67861E-1 3.438E-1 1.79006E-1 1.44165E-1 7.26139E-2 8.28245E-2 9.10457E-2 4.69884E-2 4.43041E-2 3.08972E-2 4.00717E-2 2.51087E-2 2.51852E-2 2.72606E-2 9.39176E-2 7.18677E-2 3.23755E-2 7.48963E-2 3.45767E-2 2.52531E-2 2.57838E-2 3.9675E-2 3.87582E-2 3.43406E-2 2.69243E-2 2.36368E-2 3.03551E-2
