maxent_outputs/red_flowers_linear/red_75.asc
ncols         426
nrows         180
xllcorner     -130.0
yllcorner     24.0
cellsize      0.16666666666666666
NODATA_value  -9999
[rows 54 to 80 of 180, columns 61 to 121 of 426]
1.47907E-1 1.41903E-1 1.53524E-1 1.55771E-1 1.5056E-1 1.39648E-1 1.43813E-1 1.36E-1 1.31074E-1 1.35943E-1 1.16376E-1 7.61959E-2 1.08353E-1 1.14326E-1 1.12434E-1 1.0903E-1 8.96041E-2 1.15906E-1 1.33074E-1 1.04197E-1 1.05948E-1 9.54079E-2 8.22758E-2 1.04022E-1 1.10043E-1 1.11646E-1 9.76637E-2 1.07696E-1 1.03087E-1 1.08841E-1 9.48658E-2 9.75854E-2 1.0009E-1 1.11776E-1 9.64404E-2 9.28818E-2 7.75376E-2 6.29769E-2 9.87669E-2 7.7811E-2 1.06446E-1 9.94183E-2 1.06231E-1 7.58467E-2 8.94844E-2 7.90506E-2 8.94982E-2 7.20667E-2 9.22772E-2 7.59117E-2 7.88156E-2 7.13249E-2 6.17069E-2 6.22438E-2 5.82194E-2 5.35575E-2 4.8532E-2 5.21854E-2 6.12358E-2 6.73214E-2 7.40394E-2
1.56664E-1 1.63556E-1 1.61567E-1 1.54732E-1 1.53265E-1 1.55358E-1 1.47033E-1 1.3329E-1 1.26014E-1 1.23607E-1 1.15661E-1 1.05473E-1 1.11454E-1 1.12368E-1 1.19207E-1 1.2604E-1 1.27601E-1 1.34956E-1 1.292E-1 1.07038E-1 9.07432E-2 1.18818E-1 7.09483E-2 9.86233E-2 1.0568E-1 1.04737E-1 1.09208E-1 1.03169E-1 9.38517E-2 1.0005E-1 1.01637E-1 1.04485E-1 1.09883E-1 7.73301E-2 6.34684E-2 9.48522E-2 8.88893E-2 6.83931E-2 8.18516E-2 8.19028E-2 1.01879E-1 8.9064E-2 7.56612E-2 6.83347E-2 6.6618E-2 6.8755E-2 6.13323E-2 5.41849E-2 5.99056E-2 5.61539E-2 6.17679E-2 5.17938E-2 4.62077E-2 5.20578E-2 5.47724E-2 5.7807E-2 6.13736E-2 6.2601E-2 5.88997E-2 6.63293E-2 8.75E-2
1.511E-1 1.76312E-1 1.65034E-1 1.4864E-1 1.63663E-1 1.60038E-1 1.62654E-1 1.34929E-1 1.19002E-1 1.01403E-1 1.03019E-1 1.18991E-1 1.06728E-1 1.0842E-1 1.18653E-1 1.38381E-1 1.37508E-1 1.34553E-1 9.44467E-2 7.22399E-2 8.28466E-2 1.2309E-1 8.12018E-2 1.00031E-1 1.04592E-1 1.03927E-1 1.0468E-1 9.48583E-2 1.01871E-1 1.02908E-1 9.73174E-2 1.04124E-1 1.05023E-1 7.46128E-2 7.30989E-2 6.22073E-2 8.27226E-2 1.10319E-1 8.07008E-2 6.40554E-2 9.49871E-2 6.74739E-2 6.94344E-2 7.70467E-2 5.31599E-2 4.68562E-2 5.25083E-2 6.0151E-2 5.81508E-2 6.03847E-2 6.07419E-2 5.58602E-2 5.31877E-2 5.65365E-2 5.78984E-2 6.34156E-2 5.43323E-2 4.97223E-2 6.56076E-2 8.016E-2 9.25315E-2
1.4011E-1 1.51217E-1 1.69151E-1 1.6296E-1 1.62295E-1 1.62055E-1 1.58951E-1 1.66239E-1 1.31234E-1 9.76151E-2 9.52548E-2 9.97987E-2 9.24287E-2 1.06003E-1 1.08446E-1 1.32617E-1 1.27747E-1 1.15309E-1 1.01099E-1 7.89697E-2 9.1024E-2 1.17033E-1 9.10237E-2 9.79179E-2 1.12232E-1 9.38026E-2 8.44974E-2 8.9953E-2 8.29295E-2 9.43033E-2 9.72227E-2 9.64579E-2 1.06292E-1 8.86032E-2 9.21391E-2 8.99049E-2 6.06798E-2 8.81509E-2 1.02358E-1 8.34944E-2 6.71162E-2 1.0028E-1 8.27144E-2 6.39854E-2 6.66092E-2 6.16686E-2 5.9251E-2 5.03124E-2 5.02225E-2 5.3571E-2 5.67304E-2 6.11911E-2 5.92852E-2 5.92162E-2 6.18191E-2 5.45095E-2 4.76507E-2 5.30043E-2 8.2112E-2 8.94505E-2 9.71004E-2
1.08942E-1 1.32542E-1 1.53804E-1 1.4766E-1 1.13377E-1 1.3875E-1 1.38495E-1 1.26848E-1 1.2763E-1 1.20122E-1 1.21523E-1 1.02954E-1 1.07792E-1 1.08056E-1 1.14714E-1 1.35386E-1 1.21715E-1 1.15256E-1 1.32433E-1 1.1438E-1 1.17713E-1 1.04819E-1 1.04651E-1 1.02794E-1 1.16054E-1 1.00233E-1 9.76186E-2 1.04959E-1 8.4833E-2 6.86347E-2 9.55072E-2 9.41199E-2 8.96257E-2 7.40245E-2 7.98113E-2 9.20736E-2 8.93377E-2 7.8861E-2 6.48083E-2 8.01934E-2 7.50693E-2 7.51841E-2 8.27661E-2 6.25802E-2 5.71231E-2 5.25621E-2 5.00101E-2 4.64844E-2 4.82451E-2 5.91506E-2 5.91276E-2 6.41285E-2 6.96928E-2 7.59063E-2 7.41899E-2 5.16293E-2 5.46175E-2 5.22821E-2 5.837E-2 6.70685E-2 9.11633E-2
1.15827E-1 1.22524E-1 1.3631E-1 1.37706E-1 1.0806E-1 9.36891E-2 1.3467E-1 1.10349E-1 1.1556E-1 1.15048E-1 1.19281E-1 1.04053E-1 1.16767E-1 1.28485E-1 1.14004E-1 1.19671E-1 1.1998E-1 1.14556E-1 1.252E-1 1.37636E-1 1.46989E-1 1.23638E-1 1.20937E-1 9.17664E-2 1.14064E-1 1.04421E-1 1.03026E-1 1.08968E-1 1.03351E-1 8.98061E-2 9.78085E-2 1.05951E-1 9.63649E-2 9.06744E-2 9.30232E-2 6.20727E-2 1.08592E-1 1.13601E-1 7.8405E-2 6.77196E-2 1.1633E-1 7.56018E-2 8.05984E-2 4.92513E-2 4.66E-2 4.52075E-2 4.88404E-2 5.12588E-2 4.62469E-2 4.32373E-2 5.56289E-2 5.58141E-2 7.15586E-2 7.67175E-2 6.161E-2 6.18047E-2 6.28123E-2 5.61061E-2 5.78029E-2 6.25892E-2 7.99934E-2
1.13172E-1 1.18587E-1 1.25088E-1 1.13984E-1 1.21717E-1 1.08982E-1 1.26503E-1 1.08106E-1 1.22964E-1 1.12542E-1 1.29408E-1 1.35943E-1 1.21855E-1 1.14975E-1 1.13821E-1 1.13206E-1 1.18977E-1 1.22895E-1 1.16992E-1 1.25813E-1 1.33964E-1 1.24218E-1 1.32648E-1 9.31705E-2 1.18096E-1 1.06511E-1 9.9569E-2 1.06278E-1 1.03387E-1 9.63592E-2 9.33268E-2 1.03447E-1 1.05668E-1 1.04823E-1 9.13357E-2 8.8943E-2 8.95579E-2 8.27126E-2 8.3663E-2 9.64979E-2 7.4789E-2 9.55446E-2 6.13185E-2 4.59914E-2 4.4383E-2 4.3525E-2 4.70387E-2 4.76589E-2 4.8447E-2 5.01617E-2 5.50035E-2 4.68303E-2 6.35031E-2 1.00119E-1 8.24338E-2 5.35462E-2 5.96445E-2 6.1475E-2 7.6863E-2 7.79028E-2 7.52436E-2
9.74805E-2 9.57563E-2 9.91186E-2 9.90463E-2 1.06865E-1 1.39701E-1 1.34858E-1 1.17748E-1 1.05619E-1 1.22422E-1 1.35858E-1 1.47358E-1 1.3657E-1 1.30586E-1 1.26063E-1 1.26493E-1 1.29062E-1 1.26067E-1 1.20837E-1 1.197E-1 1.32726E-1 1.49698E-1 1.44634E-1 1.08171E-1 1.19822E-1 1.11277E-1 1.19427E-1 1.1571E-1 1.09848E-1 9.38203E-2 1.03937E-1 1.0413E-1 9.42089E-2 1.00456E-1 1.15323E-1 1.02699E-1 9.67877E-2 7.8089E-2 6.16689E-2 8.9514E-2 8.20447E-2 5.25157E-2 5.85554E-2 5.94847E-2 4.96877E-2 4.78208E-2 4.90147E-2 4.79512E-2 5.15511E-2 6.65858E-2 8.00941E-2 5.55762E-2 4.5931E-2 9.67667E-2 7.14142E-2 4.88083E-2 7.09648E-2 8.77074E-2 6.99895E-2 9.22808E-2 9.88346E-2
1.15015E-1 1.13781E-1 1.11523E-1 1.14314E-1 1.15073E-1 9.84257E-2 1.04032E-1 1.25665E-1 1.40048E-1 1.46973E-1 1.40315E-1 1.29205E-1 1.25604E-1 1.31835E-1 1.42471E-1 1.56446E-1 1.33109E-1 1.27791E-1 1.30884E-1 1.26918E-1 1.23711E-1 1.43888E-1 1.49062E-1 1.20277E-1 1.09236E-1 1.22674E-1 1.31171E-1 1.08442E-1 1.08334E-1 9.97589E-2 9.44553E-2 1.08169E-1 8.5768E-2 8.0051E-2 8.27672E-2 8.79524E-2 8.35245E-2 7.04213E-2 5.26039E-2 5.6388E-2 6.47576E-2 6.09247E-2 6.49334E-2 6.50349E-2 6.02335E-2 5.17719E-2 5.13875E-2 5.84251E-2 6.91485E-2 7.30889E-2 7.96075E-2 8.0741E-2 6.88833E-2 9.34065E-2 4.14325E-2 5.99831E-2 7.73809E-2 7.39427E-2 7.51135E-2 9.01403E-2 8.73719E-2
1.32954E-1 1.30947E-1 1.2609E-1 1.30862E-1 1.28017E-1 1.20564E-1 1.31448E-1 1.34798E-1 1.42366E-1 1.32198E-1 1.40603E-1 1.42672E-1 1.20397E-1 1.26131E-1 1.51193E-1 1.49456E-1 1.30302E-1 1.17449E-1 1.31847E-1 1.20847E-1 1.11828E-1 1.14162E-1 1.21643E-1 1.31175E-1 1.2672E-1 1.05651E-1 1.01922E-1 8.29379E-2 8.55694E-2 7.76365E-2 6.90998E-2 7.29352E-2 7.37421E-2 6.04234E-2 7.2349E-2 6.1221E-2 7.84912E-2 8.11655E-2 7.75077E-2 6.15104E-2 6.29933E-2 7.21313E-2 7.10895E-2 6.51622E-2 7.15745E-2 6.81625E-2 6.43347E-2 7.40606E-2 7.02069E-2 7.2861E-2 7.17305E-2 7.70641E-2 8.85981E-2 7.19226E-2 5.53964E-2 9.13407E-2 7.1145E-2 7.25373E-2 6.9578E-2 6.36416E-2 8.31577E-2
1.41366E-1 1.43773E-1 1.45849E-1 1.48591E-1 1.48029E-1 1.40495E-1 1.51405E-1 1.40897E-1 1.42877E-1 1.47249E-1 1.38629E-1 1.11086E-1 1.2929E-1 1.48473E-1 1.43033E-1 1.4425E-1 1.2884E-1 1.43594E-1 1.41408E-1 1.40114E-1 1.30395E-1 1.26754E-1 1.24192E-1 1.28198E-1 1.41194E-1 1.40526E-1 1.19207E-1 8.75503E-2 7.71467E-2 7.41836E-2 6.64998E-2 7.05346E-2 8.02769E-2 7.87285E-2 7.99989E-2 7.2259E-2 8.41014E-2 8.65629E-2 8.71292E-2 7.1014E-2 7.01962E-2 8.05454E-2 7.32367E-2 6.19321E-2 6.90869E-2 7.16811E-2 7.57501E-2 9.13696E-2 6.78515E-2 5.93504E-2 7.60166E-2 8.27344E-2 7.68944E-2 8.67431E-2 7.20865E-2 7.96669E-2 5.45125E-2 7.51909E-2 7.44007E-2 7.45875E-2 8.50726E-2
1.40997E-1 1.39392E-1 1.44601E-1 1.4669E-1 1.56801E-1 1.56267E-1 1.55338E-1 1.54905E-1 1.67242E-1 1.49907E-1 1.29739E-1 1.23056E-1 1.51026E-1 1.27154E-1 1.23143E-1 1.15103E-1 1.19906E-1 1.46886E-1 1.39813E-1 1.48904E-1 1.44096E-1 1.37037E-1 1.37107E-1 1.33563E-1 1.31696E-1 1.32253E-1 1.41827E-1 1.41057E-1 1.34215E-1 1.26917E-1 1.12408E-1 1.06308E-1 9.74576E-2 8.07091E-2 8.34799E-2 9.29707E-2 9.24913E-2 9.42338E-2 9.30629E-2 8.63933E-2 8.63977E-2 7.91771E-2 7.10558E-2 7.56673E-2 7.43161E-2 8.24801E-2 7.86784E-2 6.15509E-2 6.08536E-2 4.90276E-2 5.56065E-2 8.18336E-2 6.39172E-2 7.63344E-2 7.73291E-2 8.75E-2 6.72568E-2 5.32537E-2 4.5634E-2 7.65367E-2 8.46125E-2
1.58135E-1 1.60998E-1 1.51923E-1 1.44646E-1 1.52973E-1 1.61936E-1 1.64161E-1 1.73579E-1 1.63383E-1 1.54552E-1 1.5469E-1 1.39228E-1 1.52007E-1 1.28451E-1 1.27447E-1 1.17714E-1 1.25677E-1 1.39178E-1 1.5282E-1 1.47974E-1 1.47466E-1 1.48562E-1 1.41354E-1 1.45813E-1 1.39518E-1 1.32799E-1 1.31643E-1 1.33993E-1 1.24986E-1 1.07793E-1 9.88289E-2 9.8769E-2 9.46277E-2 9.31602E-2 1.03528E-1 9.96371E-2 9.29814E-2 9.18512E-2 9.35162E-2 9.80187E-2 7.7069E-2 7.359E-2 9.6966E-2 9.48987E-2 8.5894E-2 8.45958E-2 8.69514E-2 5.65575E-2 5.55432E-2 4.97548E-2 5.57998E-2 7.20248E-2 6.88634E-2 6.11863E-2 8.61282E-2 8.92171E-2 8.54071E-2 4.34269E-2 4.07283E-2 4.32105E-2 6.21485E-2
1.77343E-1 1.61245E-1 1.49252E-1 1.47984E-1 1.42552E-1 1.64611E-1 1.68602E-1 1.64754E-1 1.58064E-1 1.73179E-1 1.71342E-1 1.53667E-1 1.25E-1 1.27656E-1 1.3039E-1 1.2435E-1 1.3536E-1 1.59792E-1 1.50594E-1 1.33423E-1 1.31073E-1 1.41894E-1 1.5538E-1 1.40213E-1 1.33781E-1 1.30661E-1 1.27774E-1 1.27604E-1 1.19853E-1 1.16066E-1 1.09466E-1 1.06805E-1 1.02962E-1 9.91855E-2 1.0048E-1 9.08372E-2 8.35554E-2 8.59124E-2 8.4659E-2 9.6934E-2 7.93384E-2 7.74953E-2 8.61993E-2 8.83492E-2 9.12744E-2 7.33826E-2 9.31037E-2 5.13296E-2 5.68006E-2 4.8837E-2 5.47634E-2 8.27573E-2 6.61084E-2 5.43804E-2 9.34338E-2 9.40669E-2 8.06722E-2 5.79418E-2 4.66566E-2 4.51927E-2 4.1639E-2
1.66103E-1 1.78693E-1 1.62851E-1 1.57059E-1 1.38402E-1 1.68597E-1 1.60025E-1 1.66731E-1 1.38997E-1 1.53159E-1 1.35723E-1 1.32019E-1 1.42066E-1 1.37036E-1 1.37138E-1 1.33005E-1 1.32376E-1 1.43336E-1 1.40786E-1 1.25671E-1 1.111E-1 1.2194E-1 1.39511E-1 1.50056E-1 1.37719E-1 1.35589E-1 1.37663E-1 1.3561E-1 1.34595E-1 1.17356E-1 1.16283E-1 1.16824E-1 1.12242E-1 1.09762E-1 1.02156E-1 9.95671E-2 1.05433E-1 1.015E-1 9.01942E-2 8.62789E-2 9.19462E-2 8.99313E-2 1.03915E-1 8.16547E-2 7.62444E-2 6.55179E-2 7.14771E-2 8.20287E-2 5.55527E-2 7.57407E-2 7.40917E-2 9.33778E-2 7.17629E-2 8.24949E-2 8.63462E-2 9.89599E-2 7.9759E-2 5.02208E-2 3.86162E-2 3.88465E-2 4.23414E-2
1.74505E-1 1.64801E-1 1.742E-1 1.83871E-1 1.61039E-1 1.55297E-1 1.71051E-1 1.48923E-1 1.44992E-1 1.38155E-1 1.44577E-1 1.55751E-1 1.58891E-1 1.62426E-1 1.5619E-1 1.49381E-1 1.40669E-1 1.62679E-1 1.33142E-1 1.30958E-1 1.33222E-1 1.18268E-1 1.27781E-1 1.45928E-1 1.51378E-1 1.49478E-1 1.45105E-1 1.41712E-1 1.44598E-1 1.30761E-1 1.23654E-1 1.16059E-1 1.17657E-1 1.15938E-1 1.1535E-1 1.0772E-1 1.08612E-1 1.09994E-1 1.04212E-1 9.2546E-2 1.01369E-1 9.54693E-2 9.7225E-2 7.7208E-2 6.80953E-2 7.95792E-2 7.19465E-2 9.29149E-2 6.1038E-2 1.06881E-1 6.09048E-2 7.97585E-2 6.08735E-2 6.25556E-2 9.4696E-2 9.5583E-2 9.15392E-2 6.28487E-2 4.55003E-2 4.75412E-2 4.05116E-2
1.85863E-1 1.57536E-1 1.60382E-1 1.76207E-1 1.70735E-1 1.64119E-1 1.76202E-1 1.56751E-1 1.71841E-1 1.59288E-1 1.89352E-1 1.64045E-1 1.5972E-1 1.77615E-1 1.6768E-1 1.57865E-1 1.37378E-1 1.32327E-1 1.25308E-1 1.27013E-1 1.36647E-1 1.25248E-1 1.18231E-1 1.32583E-1 1.5574E-1 1.54435E-1 1.30608E-1 1.25387E-1 1.15355E-1 1.1873E-1 1.28986E-1 1.22187E-1 1.10189E-1 1.1118E-1 1.17696E-1 1.13306E-1 1.14869E-1 1.17555E-1 1.11364E-1 1.03935E-1 8.54265E-2 8.2747E-2 7.98798E-2 8.23945E-2 8.26914E-2 7.3317E-2 8.29258E-2 6.72925E-2 7.27823E-2 1.11052E-1 6.21877E-2 5.66967E-2 3.79661E-2 6.18768E-2 9.2883E-2 9.34843E-2 7.60451E-2 6.05627E-2 6.03027E-2 5.8034E-2 4.96544E-2
1.81625E-1 1.60851E-1 1.62125E-1 1.59641E-1 1.76616E-1 1.70711E-1 1.85018E-1 1.61128E-1 1.83889E-1 1.84903E-1 1.69223E-1 1.71722E-1 1.41588E-1 1.68796E-1 1.69946E-1 1.58578E-1 1.44198E-1 1.40479E-1 1.33942E-1 1.25209E-1 1.34098E-1 1.38634E-1 1.40894E-1 1.43761E-1 1.47225E-1 1.42446E-1 1.31735E-1 1.17811E-1 1.18277E-1 1.20175E-1 1.37581E-1 1.11773E-1 8.91729E-2 1.00691E-1 1.05257E-1 1.0507E-1 1.12579E-1 1.16655E-1 1.12395E-1 1.05087E-1 1.02376E-1 7.59361E-2 7.52452E-2 7.74389E-2 7.24026E-2 7.01764E-2 8.01036E-2 6.28135E-2 7.60381E-2 1.17061E-1 9.05237E-2 8.57775E-2 5.5143E-2 4.28469E-2 6.67119E-2 7.49274E-2 6.75253E-2 5.84487E-2 5.61458E-2 5.89284E-2 5.77018E-2
1.65971E-1 1.64041E-1 1.68336E-1 1.72868E-1 1.73252E-1 1.72312E-1 1.65904E-1 1.60459E-1 1.98118E-1 1.61939E-1 1.67054E-1 1.58117E-1 1.36101E-1 1.57125E-1 1.83066E-1 1.76518E-1 1.56623E-1 1.44172E-1 1.42909E-1 1.33929E-1 1.34887E-1 1.40695E-1 1.3971E-1 1.28841E-1 1.44607E-1 1.49793E-1 1.49818E-1 1.34759E-1 1.26032E-1 1.04648E-1 1.37397E-1 1.14874E-1 1.06987E-1 9.95716E-2 9.11366E-2 1.03771E-1 1.03726E-1 1.19269E-1 1.21778E-1 1.00425E-1 8.78826E-2 7.13737E-2 7.8882E-2 7.72688E-2 7.73539E-2 7.84236E-2 8.06001E-2 6.45805E-2 9.23669E-2 1.15243E-1 1.00122E-1 8.71273E-2 6.11472E-2 4.95806E-2 6.89887E-2 6.62527E-2 6.45005E-2 5.50033E-2 5.44094E-2 5.48266E-2 5.77621E-2
1.46734E-1 1.62359E-1 1.60261E-1 1.76126E-1 1.84583E-1 1.81628E-1 1.69494E-1 1.70601E-1 1.83441E-1 1.3502E-1 1.66082E-1 1.43977E-1 1.38095E-1 1.82496E-1 1.62312E-1 1.73585E-1 1.57358E-1 1.38646E-1 1.36145E-1 1.3209E-1 1.29849E-1 1.32567E-1 1.58142E-1 1.18647E-1 1.0529E-1 1.29063E-1 1.43149E-1 1.30602E-1 1.01429E-1 1.22731E-1 1.29392E-1 1.19127E-1 1.0282E-1 1.00453E-1 1.07368E-1 9.53258E-2 1.11373E-1 9.56166E-2 8.63462E-2 8.55656E-2 1.0657E-1 1.06574E-1 1.26774E-1 9.56507E-2 8.31991E-2 8.48693E-2 8.34136E-2 7.0024E-2 1.01292E-1 9.52674E-2 8.54398E-2 6.6991E-2 5.86595E-2 6.60725E-2 6.53988E-2 6.64339E-2 6.30004E-2 5.79345E-2 5.5802E-2 5.62625E-2 5.48745E-2
1.52843E-1 1.60038E-1 1.61073E-1 1.61092E-1 1.61558E-1 1.82842E-1 2.07361E-1 1.75389E-1 1.47259E-1 1.54841E-1 1.56184E-1 1.40545E-1 1.66904E-1 1.82241E-1 1.74048E-1 1.6184E-1 1.48841E-1 1.39966E-1 1.37866E-1 1.33159E-1 1.36811E-1 1.42285E-1 1.29373E-1 1.24832E-1 9.89446E-2 1.02032E-1 1.01584E-1 9.84542E-2 1.20785E-1 1.15397E-1 1.08755E-1 1.1588E-1 9.1581E-2 9.97971E-2 1.01117E-1 9.0712E-2 1.11394E-1 1.02949E-1 1.14809E-1 1.19879E-1 1.4857E-1 1.92972E-1 1.6801E-1 1.27332E-1 1.11695E-1 1.11147E-1 9.65177E-2 8.07159E-2 9.01701E-2 8.23624E-2 9.67886E-2 6.56669E-2 5.90324E-2 7.33E-2 7.28556E-2 6.98951E-2 6.53588E-2 6.15667E-2 6.05516E-2 6.34147E-2 6.49072E-2
1.66005E-1 1.76581E-1 1.67413E-1 1.84555E-1 2.05216E-1 2.12091E-1 1.67815E-1 1.50775E-1 1.85979E-1 1.44963E-1 1.42635E-1 1.3836E-1 1.75677E-1 1.516E-1 1.48504E-1 1.43056E-1 1.51826E-1 1.68561E-1 1.57662E-1 1.64915E-1 1.66282E-1 1.47279E-1 1.1681E-1 1.2462E-1 1.1303E-1 1.06632E-1 1.12823E-1 1.02886E-1 1.08177E-1 1.12842E-1 1.00707E-1 9.04472E-2 9.5094E-2 9.48553E-2 1.0223E-1 1.15193E-1 1.39074E-1 1.35913E-1 1.4109E-1 1.53934E-1 1.55121E-1 1.98899E-1 2.02435E-1 1.80219E-1 1.39308E-1 1.36183E-1 1.3241E-1 9.40879E-2 9.90099E-2 8.92491E-2 1.02964E-1 7.14744E-2 5.69384E-2 7.35163E-2 7.74864E-2 7.56876E-2 7.46611E-2 6.99195E-2 7.12892E-2 7.63108E-2 7.51523E-2
1.77144E-1 1.69094E-1 1.8114E-1 2.15199E-1 2.20789E-1 1.90961E-1 1.53909E-1 1.81299E-1 1.93033E-1 1.49172E-1 1.60406E-1 1.7053E-1 1.75173E-1 1.35539E-1 1.62185E-1 1.61046E-1 1.62531E-1 1.83943E-1 1.46982E-1 1.26575E-1 1.45322E-1 1.34502E-1 1.32605E-1 1.16647E-1 9.85852E-2 1.11354E-1 1.15744E-1 9.17441E-2 8.42237E-2 1.06742E-1 1.09353E-1 9.69867E-2 1.05968E-1 1.0136E-1 9.93933E-2 1.22501E-1 1.25538E-1 1.4709E-1 1.64831E-1 1.46888E-1 1.56948E-1 1.90741E-1 2.06931E-1 2.15314E-1 1.92153E-1 1.94036E-1 1.14972E-1 1.25188E-1 7.58108E-2 8.51859E-2 8.54086E-2 6.88642E-2 6.32677E-2 6.67159E-2 7.60365E-2 8.18047E-2 7.65469E-2 7.81858E-2 7.42567E-2 8.49911E-2 8.15891E-2
2.274E-1 1.79783E-1 2.23533E-1 2.46053E-1 1.96185E-1 1.8506E-1 1.48831E-1 1.91182E-1 1.63636E-1 1.55613E-1 1.65019E-1 1.63578E-1 1.66417E-1 1.41349E-1 1.76495E-1 1.5351E-1 1.38267E-1 1.66167E-1 1.35625E-1 1.34433E-1 1.41817E-1 1.66784E-1 1.28153E-1 1.17052E-1 1.29798E-1 1.15517E-1 1.00199E-1 8.17566E-2 1.0543E-1 1.11633E-1 1.06701E-1 1.17977E-1 9.79322E-2 1.20269E-1 1.31365E-1 1.72793E-1 1.63966E-1 1.87059E-1 1.93592E-1 1.86001E-1 1.5418E-1 1.51483E-1 1.84788E-1 2.26831E-1 2.47473E-1 2.23547E-1 1.53577E-1 1.39338E-1 8.19915E-2 8.63631E-2 7.90405E-2 7.5472E-2 7.52018E-2 7.21267E-2 8.75002E-2 1.08448E-1 9.86379E-2 9.31315E-2 8.93479E-2 9.01776E-2 8.72199E-2
2.18189E-1 2.09263E-1 2.3274E-1 2.18506E-1 1.64699E-1 1.64288E-1 1.66606E-1 1.84984E-1 1.69196E-1 1.53214E-1 1.77305E-1 1.67715E-1 1.66823E-1 1.87923E-1 1.69979E-1 1.43899E-1 1.35797E-1 1.54239E-1 1.24382E-1 1.29464E-1 1.30997E-1 1.19664E-1 1.26182E-1 1.2033E-1 1.25784E-1 1.0616E-1 8.46574E-2 1.12406E-1 1.25148E-1 1.09023E-1 1.05492E-1 1.21389E-1 9.54744E-2 1.35946E-1 1.49702E-1 1.50144E-1 1.83152E-1 2.00714E-1 2.13894E-1 1.77421E-1 1.69874E-1 1.3934E-1 1.72869E-1 2.11196E-1 2.44407E-1 2.31796E-1 1.69808E-1 1.50554E-1 1.11435E-1 8.48813E-2 7.66775E-2 8.47232E-2 1.09068E-1 1.14737E-1 1.33022E-1 1.47939E-1 1.44787E-1 1.30597E-1 1.19871E-1 1.01587E-1 8.07969E-2
2.34211E-1 2.16835E-1 2.18341E-1 1.87277E-1 1.85881E-1 1.9515E-1 2.01221E-1 1.99257E-1 1.82676E-1 1.8541E-1 1.72856E-1 1.96409E-1 1.63311E-1 2.12378E-1 1.78742E-1 1.74704E-1 1.55745E-1 1.53348E-1 1.45998E-1 1.19738E-1 1.1137E-1 1.28422E-1 1.02966E-1 1.10498E-1 1.08712E-1 1.00691E-1 1.18598E-1 1.30348E-1 1.23328E-1 1.0549E-1 9.75658E-2 1.05538E-1 8.7768E-2 1.45026E-1 1.56046E-1 1.69908E-1 1.81069E-1 1.98745E-1 1.92393E-1 1.78554E-1 1.54421E-1 1.72116E-1 1.63377E-1 2.01792E-1 2.04798E-1 2.43958E-1 1.64502E-1 1.7718E-1 1.36652E-1 1.01098E-1 7.8573E-2 1.02985E-1 1.55202E-1 1.47243E-1 1.34488E-1 1.2838E-1 1.17202E-1 1.3747E-1 1.38277E-1 1.35537E-1 1.21726E-1
2.49101E-1 2.34176E-1 2.19484E-1 2.2607E-1 2.21021E-1 2.15957E-1 2.22953E-1 2.13472E-1 1.88341E-1 1.66371E-1 1.79246E-1 2.23756E-1 1.72932E-1 1.78179E-1 2.11455E-1 2.04783E-1 2.09043E-1 1.3398E-1 1.5498E-1 1.47676E-1 1.13904E-1 1.28532E-1 1.28334E-1 1.17741E-1 1.05001E-1 1.25557E-1 1.69202E-1 1.08912E-1 1.24703E-1 1.27639E-1 1.33887E-1 1.24978E-1 8.94516E-2 1.47292E-1 1.40574E-1 1.50945E-1 1.69327E-1 1.73813E-1 1.61795E-1 1.52607E-1 1.57565E-1 1.75154E-1 1.47621E-1 1.8759E-1 1.46326E-1 1.52039E-1 1.47922E-1 1.57986E-1 1.60333E-1 1.39557E-1 7.9676E-2 8.90496E-2 1.32993E-1 1.4814E-1 1.60975E-1 1.66665E-1 1.51637E-1 1.29428E-1 1.12958E-1 1.02303E-1 9.06836E-2
