maxent_outputs/red_flowers_linear/red_333.asc
ncols         426
nrows         180
xllcorner     -130.0
yllcorner     24.0
cellsize      0.16666666666666666
NODATA_value  -9999
[rows 81 to 107 of 180, columns 183 to 243 of 426]
3.4889E-2 3.43811E-2 3.42099E-2 3.37733E-2 3.37278E-2 3.50192E-2 3.61447E-2 3.57856E-2 3.54005E-2 3.55108E-2 3.64365E-2 3.66081E-2 3.62019E-2 3.5599E-2 3.59702E-2 3.65971E-2 3.49338E-2 3.43803E-2 3.49654E-2 3.61014E-2 3.62217E-2 3.65786E-2 3.67234E-2 3.74469E-2 3.53044E-2 3.42345E-2 3.46527E-2 3.38075E-2 3.34462E-2 3.44194E-2 3.4883E-2 3.49327E-2 3.54006E-2 3.5687E-2 3.70133E-2 3.80617E-2 3.80816E-2 3.89719E-2 3.91541E-2 3.8733E-2 3.89327E-2 3.70994E-2 3.65401E-2 3.64042E-2 3.62879E-2 3.72414E-2 3.90636E-2 4.05169E-2 4.2132E-2 3.84021E-2 3.85975E-2 3.94443E-2 3.86812E-2 3.7237E-2 3.82084E-2 3.97001E-2 4.03433E-2 4.16551E-2 3.8614E-2 3.81757E-2 3.73593E-2
3.59353E-2 3.51257E-2 3.41818E-2 3.41902E-2 3.45843E-2 3.49516E-2 3.58222E-2 3.63452E-2 3.70976E-2 3.76796E-2 3.86723E-2 3.92938E-2 3.88719E-2 3.8061E-2 3.76794E-2 3.83731E-2 3.84022E-2 3.66977E-2 3.61758E-2 3.74404E-2 3.82109E-2 3.75932E-2 3.80169E-2 3.95316E-2 3.90635E-2 3.67403E-2 3.73282E-2 3.61606E-2 3.56976E-2 3.64508E-2 3.7731E-2 3.75229E-2 3.78294E-2 3.77693E-2 3.91251E-2 4.05389E-2 4.23962E-2 4.54379E-2 4.78117E-2 4.35223E-2 4.28099E-2 4.00952E-2 3.86395E-2 3.90307E-2 3.96415E-2 4.06847E-2 4.13728E-2 4.37624E-2 4.41762E-2 4.20824E-2 4.07652E-2 4.15741E-2 4.22084E-2 4.14937E-2 4.15244E-2 4.20337E-2 4.21681E-2 4.1191E-2 4.12151E-2 4.02933E-2 4.00044E-2
3.81722E-2 3.78936E-2 3.58759E-2 3.57855E-2 3.63097E-2 3.67298E-2 3.74763E-2 3.75655E-2 3.8331E-2 3.86878E-2 3.97773E-2 4.13132E-2 4.10832E-2 4.14236E-2 4.15131E-2 4.04583E-2 4.00838E-2 3.97087E-2 3.84326E-2 3.91658E-2 4.03556E-2 4.01696E-2 4.05207E-2 4.03372E-2 4.20599E-2 4.23193E-2 4.05429E-2 3.9992E-2 3.97874E-2 3.91857E-2 4.01514E-2 4.02621E-2 3.9814E-2 3.92347E-2 4.063E-2 4.24342E-2 4.47156E-2 4.81625E-2 5.06646E-2 4.65123E-2 4.50145E-2 4.31301E-2 4.11029E-2 4.14175E-2 4.21494E-2 4.32052E-2 4.45781E-2 4.58052E-2 4.67232E-2 4.39073E-2 4.23421E-2 4.29089E-2 4.39359E-2 4.4338E-2 4.58752E-2 4.63874E-2 4.3912E-2 4.39678E-2 4.39925E-2 4.37152E-2 4.38594E-2
3.8065E-2 3.67491E-2 3.61614E-2 3.57753E-2 3.60556E-2 3.68619E-2 3.75461E-2 3.85732E-2 4.04967E-2 4.16685E-2 4.18911E-2 4.25788E-2 4.29069E-2 4.35666E-2 4.38232E-2 4.36953E-2 4.24067E-2 4.22727E-2 4.13156E-2 4.21256E-2 4.36172E-2 4.27908E-2 4.21917E-2 4.32763E-2 4.27788E-2 4.45299E-2 4.57218E-2 4.54627E-2 4.45423E-2 4.34832E-2 4.26153E-2 4.19763E-2 4.11311E-2 4.14787E-2 4.21359E-2 4.41182E-2 4.52094E-2 4.686E-2 4.72559E-2 4.7207E-2 4.6648E-2 4.49056E-2 4.38137E-2 4.37761E-2 4.47747E-2 4.69098E-2 4.74813E-2 4.77618E-2 4.81978E-2 4.44613E-2 4.43298E-2 4.58611E-2 4.57565E-2 4.79278E-2 4.61539E-2 4.46215E-2 4.46742E-2 4.52322E-2 4.74607E-2 4.77633E-2 4.60564E-2
4.03164E-2 3.86547E-2 3.75031E-2 3.77355E-2 3.79804E-2 3.83964E-2 3.93757E-2 3.98593E-2 4.12737E-2 4.35987E-2 4.53185E-2 4.56997E-2 4.58952E-2 4.63494E-2 4.63642E-2 4.62361E-2 4.56811E-2 4.54798E-2 4.63494E-2 4.65979E-2 4.64639E-2 4.58427E-2 4.57253E-2 4.59959E-2 4.60514E-2 4.63599E-2 4.71785E-2 5.01901E-2 4.87914E-2 4.71165E-2 4.50283E-2 4.4318E-2 4.23216E-2 4.27211E-2 4.43209E-2 4.58703E-2 4.70086E-2 4.79576E-2 4.72811E-2 4.82502E-2 4.83285E-2 4.71211E-2 4.67837E-2 4.68356E-2 4.68116E-2 4.80106E-2 4.90952E-2 4.88794E-2 4.93958E-2 4.8637E-2 4.76352E-2 4.74989E-2 4.85123E-2 4.97293E-2 4.79318E-2 4.68649E-2 4.7059E-2 4.79411E-2 4.94819E-2 5.14595E-2 5.05963E-2
4.28447E-2 4.14041E-2 4.04085E-2 4.05279E-2 4.1281E-2 4.1803E-2 4.26973E-2 4.34038E-2 4.49105E-2 4.68241E-2 4.84534E-2 4.92851E-2 4.98895E-2 4.94493E-2 4.9001E-2 4.84174E-2 4.75013E-2 4.95301E-2 4.84514E-2 4.88409E-2 4.95705E-2 4.94874E-2 5.06522E-2 5.10683E-2 4.98881E-2 5.01722E-2 5.30367E-2 5.22954E-2 5.20494E-2 5.1239E-2 4.93102E-2 4.72125E-2 4.61537E-2 4.54367E-2 4.61818E-2 4.66472E-2 4.77358E-2 5.04427E-2 5.06347E-2 5.08699E-2 5.13718E-2 5.24932E-2 5.13229E-2 5.0219E-2 4.9434E-2 5.0782E-2 5.15415E-2 5.18892E-2 5.13513E-2 5.32594E-2 5.31809E-2 5.08729E-2 5.05893E-2 5.22077E-2 5.11193E-2 5.05513E-2 5.0927E-2 5.09911E-2 5.20702E-2 5.33638E-2 5.41196E-2
4.52062E-2 4.40473E-2 4.3227E-2 4.39093E-2 4.42244E-2 4.51238E-2 4.73823E-2 4.72295E-2 4.9116E-2 5.06187E-2 5.13124E-2 5.16166E-2 5.11246E-2 5.26252E-2 5.17316E-2 5.02147E-2 5.18836E-2 5.22005E-2 5.11937E-2 5.19673E-2 5.34071E-2 5.33048E-2 5.39848E-2 5.44811E-2 5.44445E-2 5.34079E-2 5.55051E-2 5.67159E-2 5.6481E-2 5.6551E-2 5.33414E-2 5.09678E-2 5.02034E-2 4.93899E-2 4.9409E-2 5.05171E-2 5.15285E-2 5.35408E-2 5.43096E-2 5.47394E-2 5.5248E-2 5.56554E-2 5.41352E-2 5.35624E-2 5.22238E-2 5.34333E-2 5.47886E-2 5.37627E-2 5.44348E-2 5.47701E-2 5.65912E-2 5.6997E-2 5.55035E-2 5.56698E-2 5.4201E-2 5.46295E-2 5.46373E-2 5.50932E-2 5.51806E-2 5.53373E-2 5.56271E-2
4.58142E-2 4.54347E-2 4.55352E-2 4.53918E-2 4.60956E-2 4.68862E-2 4.79925E-2 4.93055E-2 5.0754E-2 5.29381E-2 5.67291E-2 5.55214E-2 5.38605E-2 5.41509E-2 5.33133E-2 5.40725E-2 5.26276E-2 5.51364E-2 5.54391E-2 5.71846E-2 5.71682E-2 5.73938E-2 5.66747E-2 5.77314E-2 6.07068E-2 5.74806E-2 5.83555E-2 5.95522E-2 6.14544E-2 5.90041E-2 5.66777E-2 5.54222E-2 5.3959E-2 5.43388E-2 5.39667E-2 5.37693E-2 5.56423E-2 5.59502E-2 5.61473E-2 5.84319E-2 5.80298E-2 5.8326E-2 5.81973E-2 5.61122E-2 5.48886E-2 5.56444E-2 5.57538E-2 5.58042E-2 5.65857E-2 5.72009E-2 5.74588E-2 5.83289E-2 6.01594E-2 5.89209E-2 5.70576E-2 5.73171E-2 5.84908E-2 5.89428E-2 5.88892E-2 5.90048E-2 5.8303E-2
4.83283E-2 4.80016E-2 4.85103E-2 4.91179E-2 4.96888E-2 5.09614E-2 5.16926E-2 5.30075E-2 5.37958E-2 5.63819E-2 6.05832E-2 6.02101E-2 5.73926E-2 5.70045E-2 5.61578E-2 5.73372E-2 5.59296E-2 5.47999E-2 5.54645E-2 5.72566E-2 5.85569E-2 6.05275E-2 6.09208E-2 6.1173E-2 6.38348E-2 6.36304E-2 6.35559E-2 6.2982E-2 6.43862E-2 6.32928E-2 5.90645E-2 5.62403E-2 5.55645E-2 5.44514E-2 5.4549E-2 5.53474E-2 5.67463E-2 5.84549E-2 5.90631E-2 6.18272E-2 6.14821E-2 6.19482E-2 6.23731E-2 6.12738E-2 5.87312E-2 5.90791E-2 5.87469E-2 5.90475E-2 6.02561E-2 6.10676E-2 6.21591E-2 6.21376E-2 6.52197E-2 6.39574E-2 6.01287E-2 5.97194E-2 6.12997E-2 6.19297E-2 6.23287E-2 6.18953E-2 6.13756E-2
4.98552E-2 5.02762E-2 5.07204E-2 5.22276E-2 5.36651E-2 5.60163E-2 5.5317E-2 5.54726E-2 5.57374E-2 5.70538E-2 6.10049E-2 6.28528E-2 6.191E-2 6.15869E-2 6.05463E-2 5.86916E-2 5.63068E-2 5.35376E-2 5.41105E-2 5.61319E-2 5.59846E-2 5.91729E-2 6.11944E-2 6.2281E-2 6.52708E-2 6.61687E-2 6.67749E-2 6.62459E-2 6.36782E-2 6.35896E-2 5.99073E-2 5.68457E-2 5.53813E-2 5.43296E-2 5.49451E-2 5.70686E-2 5.8633E-2 5.88934E-2 6.14558E-2 6.29562E-2 6.38694E-2 6.63777E-2 6.73884E-2 6.47962E-2 6.30962E-2 6.26678E-2 6.42279E-2 6.53962E-2 6.36309E-2 6.47138E-2 6.58876E-2 6.72698E-2 6.83765E-2 7.04819E-2 6.94269E-2 6.88082E-2 6.7796E-2 6.69436E-2 6.54661E-2 6.42562E-2 6.33181E-2
5.19474E-2 5.32169E-2 5.43476E-2 5.51302E-2 5.55466E-2 5.64764E-2 5.6987E-2 5.76979E-2 5.62583E-2 5.63459E-2 6.10871E-2 6.37814E-2 6.30586E-2 6.26863E-2 6.17882E-2 5.98604E-2 5.62628E-2 5.47375E-2 5.51448E-2 5.56901E-2 5.81616E-2 6.01104E-2 6.14056E-2 6.35159E-2 6.46816E-2 6.71634E-2 6.76809E-2 6.89007E-2 6.64382E-2 6.51179E-2 6.21842E-2 5.97431E-2 5.75746E-2 5.61159E-2 5.63236E-2 5.93579E-2 5.88134E-2 5.95713E-2 6.30794E-2 6.49352E-2 6.61965E-2 6.90081E-2 7.12504E-2 7.00753E-2 6.78713E-2 6.84594E-2 6.9108E-2 7.01196E-2 7.07926E-2 7.09411E-2 7.18778E-2 7.14585E-2 7.26852E-2 7.36385E-2 7.55409E-2 7.67269E-2 7.54453E-2 7.1764E-2 7.01366E-2 6.74053E-2 6.52834E-2
5.46463E-2 5.5592E-2 5.70837E-2 5.7723E-2 5.85799E-2 5.78597E-2 5.6741E-2 5.71679E-2 5.70753E-2 5.8287E-2 6.16899E-2 6.39262E-2 6.46758E-2 6.38083E-2 6.19341E-2 6.08007E-2 5.99703E-2 5.85275E-2 5.97264E-2 6.02219E-2 6.2343E-2 6.30341E-2 6.33023E-2 6.52164E-2 6.75236E-2 6.93706E-2 7.16827E-2 7.37825E-2 7.14524E-2 6.92004E-2 6.7364E-2 6.33496E-2 6.0849E-2 5.8959E-2 5.8697E-2 5.98936E-2 5.99129E-2 6.13245E-2 6.57915E-2 6.99277E-2 6.97416E-2 7.17138E-2 7.35495E-2 7.26933E-2 7.24707E-2 7.30533E-2 7.26865E-2 7.36172E-2 7.29092E-2 7.41666E-2 7.60534E-2 7.7974E-2 8.02559E-2 7.96198E-2 8.10744E-2 8.10373E-2 7.91323E-2 7.75752E-2 7.463E-2 7.19265E-2 6.96267E-2
5.77127E-2 5.90965E-2 6.05875E-2 6.29405E-2 6.57363E-2 6.42387E-2 6.1529E-2 6.04814E-2 6.01093E-2 6.06815E-2 6.27187E-2 6.43816E-2 6.47716E-2 6.5355E-2 6.46988E-2 6.29177E-2 6.55213E-2 6.5979E-2 6.55686E-2 6.74083E-2 6.72169E-2 6.68152E-2 6.58225E-2 6.64258E-2 6.88985E-2 7.21339E-2 7.51496E-2 7.58841E-2 7.53182E-2 7.30417E-2 7.09158E-2 6.74474E-2 6.47296E-2 6.4875E-2 6.39885E-2 6.45274E-2 6.4293E-2 6.61698E-2 6.9772E-2 7.31065E-2 7.45046E-2 7.48483E-2 7.59759E-2 7.63753E-2 7.52862E-2 7.49117E-2 7.63835E-2 7.64416E-2 7.47689E-2 7.67395E-2 7.83428E-2 8.03388E-2 8.36217E-2 8.38238E-2 8.44378E-2 8.23801E-2 7.92597E-2 8.10393E-2 8.0509E-2 7.73949E-2 7.35086E-2
5.97102E-2 6.18799E-2 6.51028E-2 6.71882E-2 6.84043E-2 6.77844E-2 6.68966E-2 6.5905E-2 6.5452E-2 6.57073E-2 6.60573E-2 6.64541E-2 6.66048E-2 6.70234E-2 6.68592E-2 6.80139E-2 6.98041E-2 6.9453E-2 6.88119E-2 6.99409E-2 6.97223E-2 6.88479E-2 6.98035E-2 6.93926E-2 7.24239E-2 7.50741E-2 7.68829E-2 7.76366E-2 7.9654E-2 7.84556E-2 7.44353E-2 7.02338E-2 6.76513E-2 6.69982E-2 6.90747E-2 7.30037E-2 7.6179E-2 7.30512E-2 7.63399E-2 7.9627E-2 8.36415E-2 8.18364E-2 8.07939E-2 7.91444E-2 7.68779E-2 7.7803E-2 7.84372E-2 7.71859E-2 7.76995E-2 7.72569E-2 8.0996E-2 8.35875E-2 8.3717E-2 8.49324E-2 8.51958E-2 8.29462E-2 7.96847E-2 8.30406E-2 8.30888E-2 8.02396E-2 7.94694E-2
6.21348E-2 6.51181E-2 6.8409E-2 6.99894E-2 7.17703E-2 7.14933E-2 7.03512E-2 6.83522E-2 6.84273E-2 6.98289E-2 6.96906E-2 6.9733E-2 6.93681E-2 6.95144E-2 6.98901E-2 7.02326E-2 7.10595E-2 7.17408E-2 7.03319E-2 7.15774E-2 7.08359E-2 6.87437E-2 7.04075E-2 7.29512E-2 7.58984E-2 7.83114E-2 7.96328E-2 7.99067E-2 7.94866E-2 8.03384E-2 7.82809E-2 7.66181E-2 7.31286E-2 7.20467E-2 7.27098E-2 7.45491E-2 7.47534E-2 7.40041E-2 7.59821E-2 7.99334E-2 8.41866E-2 8.33646E-2 8.10228E-2 8.13539E-2 8.05881E-2 8.21378E-2 8.19738E-2 7.98488E-2 7.8757E-2 7.93868E-2 8.23816E-2 8.2722E-2 8.38739E-2 8.55118E-2 8.54374E-2 8.63762E-2 8.32076E-2 8.27611E-2 8.33054E-2 8.48247E-2 8.81867E-2
6.41791E-2 6.67681E-2 6.94921E-2 7.15918E-2 7.34494E-2 7.30352E-2 7.26624E-2 7.19E-2 7.16672E-2 7.20659E-2 7.33317E-2 7.31881E-2 7.35932E-2 7.3565E-2 7.48393E-2 7.45547E-2 7.70965E-2 7.44686E-2 7.54343E-2 7.35359E-2 7.18348E-2 7.11422E-2 7.33846E-2 7.71919E-2 8.11669E-2 8.07713E-2 8.08639E-2 8.28829E-2 8.19358E-2 8.23723E-2 8.2112E-2 7.88449E-2 7.70869E-2 7.59921E-2 7.64012E-2 7.45236E-2 7.4409E-2 7.63026E-2 7.74643E-2 7.96542E-2 8.08644E-2 8.11739E-2 8.34117E-2 8.55379E-2 8.67151E-2 8.74668E-2 8.44931E-2 8.26411E-2 8.16846E-2 8.09414E-2 8.21362E-2 8.25184E-2 8.26929E-2 8.28602E-2 7.99605E-2 8.34922E-2 8.40199E-2 8.77338E-2 8.80553E-2 8.96913E-2 9.36674E-2
6.66604E-2 6.88219E-2 7.02542E-2 7.242E-2 7.35691E-2 7.42138E-2 7.47823E-2 7.55291E-2 7.58402E-2 7.83821E-2 7.7481E-2 7.73995E-2 8.13827E-2 8.06011E-2 7.96168E-2 7.99049E-2 7.89801E-2 7.63417E-2 7.77104E-2 7.64884E-2 7.32989E-2 7.37883E-2 7.87396E-2 8.10346E-2 8.44896E-2 8.59562E-2 8.48836E-2 8.52052E-2 8.60014E-2 8.53856E-2 8.36316E-2 8.09215E-2 8.00852E-2 7.82266E-2 7.89646E-2 7.60514E-2 7.733E-2 7.79807E-2 7.89634E-2 8.23943E-2 8.07815E-2 8.07911E-2 8.61903E-2 8.82917E-2 8.91944E-2 8.6878E-2 8.40793E-2 8.36351E-2 8.39015E-2 8.29599E-2 8.29887E-2 8.21418E-2 8.1038E-2 8.13029E-2 7.94707E-2 8.10315E-2 8.47817E-2 8.61208E-2 9.11544E-2 9.95664E-2 1.06531E-1
6.85955E-2 7.14633E-2 7.29791E-2 7.30656E-2 7.40279E-2 7.52449E-2 7.55489E-2 7.73565E-2 7.85945E-2 8.00622E-2 8.16611E-2 8.19623E-2 8.41789E-2 8.49557E-2 8.36045E-2 8.28905E-2 8.09414E-2 7.8556E-2 7.98152E-2 7.8988E-2 7.7515E-2 7.91133E-2 8.30352E-2 8.50481E-2 8.61789E-2 8.95467E-2 8.78779E-2 8.71016E-2 8.82056E-2 8.82623E-2 8.46121E-2 8.2659E-2 8.24514E-2 8.08775E-2 8.59041E-2 8.03379E-2 7.80008E-2 8.05345E-2 8.24695E-2 8.38768E-2 8.13939E-2 8.29312E-2 8.56294E-2 8.66663E-2 8.63236E-2 8.27825E-2 8.17543E-2 8.29866E-2 8.43763E-2 8.47421E-2 8.43672E-2 8.42874E-2 8.24189E-2 8.26326E-2 8.32771E-2 8.29738E-2 8.44357E-2 8.83227E-2 9.23552E-2 1.03574E-1 1.12734E-1
7.35785E-2 7.50998E-2 7.76201E-2 7.85107E-2 7.72902E-2 7.72932E-2 7.72043E-2 7.9318E-2 8.14426E-2 8.3269E-2 8.31779E-2 8.32202E-2 8.55606E-2 8.6807E-2 8.71015E-2 8.58416E-2 8.43631E-2 8.34574E-2 8.61794E-2 8.76707E-2 8.73707E-2 8.77672E-2 8.99874E-2 9.12592E-2 9.08468E-2 9.04645E-2 9.15953E-2 9.12386E-2 9.1554E-2 9.06371E-2 8.73064E-2 8.63927E-2 8.40995E-2 8.30789E-2 8.35715E-2 8.19607E-2 8.3073E-2 8.42578E-2 8.48922E-2 8.74485E-2 8.68409E-2 8.5257E-2 8.57626E-2 8.42979E-2 8.16923E-2 8.21094E-2 8.38974E-2 8.84725E-2 8.88144E-2 8.82855E-2 8.60949E-2 8.63725E-2 8.64319E-2 8.72768E-2 8.97168E-2 8.83728E-2 9.05736E-2 9.50637E-2 9.99658E-2 1.08392E-1 1.20412E-1
8.09221E-2 7.95655E-2 7.96094E-2 8.12939E-2 8.30306E-2 8.34596E-2 8.33323E-2 8.43983E-2 8.4918E-2 8.53616E-2 8.67659E-2 8.72203E-2 8.71358E-2 8.81185E-2 9.02091E-2 8.97032E-2 8.86154E-2 9.01576E-2 9.26185E-2 9.39438E-2 9.59333E-2 9.67055E-2 9.82716E-2 9.64789E-2 9.64274E-2 9.53188E-2 9.81243E-2 9.71867E-2 9.54307E-2 9.44935E-2 9.32267E-2 8.95281E-2 8.53014E-2 8.30659E-2 8.39809E-2 8.33886E-2 8.59131E-2 8.54755E-2 8.76795E-2 8.8357E-2 8.74441E-2 8.69914E-2 8.65188E-2 8.34142E-2 8.30119E-2 8.21095E-2 8.55215E-2 8.89222E-2 9.24232E-2 9.33738E-2 8.89852E-2 8.80593E-2 9.18305E-2 9.62077E-2 9.607E-2 9.74932E-2 9.86861E-2 1.03845E-1 1.08979E-1 1.18594E-1 1.2694E-1
8.59129E-2 8.45925E-2 8.45502E-2 8.53705E-2 8.51516E-2 8.62762E-2 8.7737E-2 8.88365E-2 8.84089E-2 8.88895E-2 9.08312E-2 9.23423E-2 9.18841E-2 9.13076E-2 9.26902E-2 9.43429E-2 9.24001E-2 9.60112E-2 9.9928E-2 1.03323E-1 1.0508E-1 1.03844E-1 1.02407E-1 1.04204E-1 1.00713E-1 1.00103E-1 1.03276E-1 1.02148E-1 1.01802E-1 1.00494E-1 9.58927E-2 9.21724E-2 8.86876E-2 8.48961E-2 8.23669E-2 8.12198E-2 8.50567E-2 8.6804E-2 8.7882E-2 8.98221E-2 9.03348E-2 9.03625E-2 8.95571E-2 8.93167E-2 8.95501E-2 8.96949E-2 9.02109E-2 9.18993E-2 9.41144E-2 9.56376E-2 9.60952E-2 9.45625E-2 9.78153E-2 1.01671E-1 1.07335E-1 1.08266E-1 1.11743E-1 1.09109E-1 1.13479E-1 1.16867E-1 1.25371E-1
9.04715E-2 8.94671E-2 8.96505E-2 9.17261E-2 9.3548E-2 9.38114E-2 9.46485E-2 9.55373E-2 9.2308E-2 9.33152E-2 9.44775E-2 9.62925E-2 9.71201E-2 9.66079E-2 9.4564E-2 9.90556E-2 1.00034E-1 9.93963E-2 1.05116E-1 1.10535E-1 1.13125E-1 1.12727E-1 1.0833E-1 1.10287E-1 1.07486E-1 1.06175E-1 1.08214E-1 1.0966E-1 1.0797E-1 1.03655E-1 1.00228E-1 9.47551E-2 9.06491E-2 8.60164E-2 8.44773E-2 8.57909E-2 8.96588E-2 9.22213E-2 9.56306E-2 9.68488E-2 9.52368E-2 9.61805E-2 9.82697E-2 9.69259E-2 9.82694E-2 9.56216E-2 9.50301E-2 9.45618E-2 9.76331E-2 9.9522E-2 1.01687E-1 1.04331E-1 1.03043E-1 1.09894E-1 1.15081E-1 1.20345E-1 1.11639E-1 1.14285E-1 1.18075E-1 1.17277E-1 1.22009E-1
9.47676E-2 9.64548E-2 9.66986E-2 9.77937E-2 9.94941E-2 1.00134E-1 9.95336E-2 1.03139E-1 9.86432E-2 9.86593E-2 1.00849E-1 1.02153E-1 1.04008E-1 1.05087E-1 1.04817E-1 1.13437E-1 1.1231E-1 1.09355E-1 1.12422E-1 1.1609E-1 1.19018E-1 1.19205E-1 1.17448E-1 1.24066E-1 1.19353E-1 1.17017E-1 1.16991E-1 1.1534E-1 1.18454E-1 1.10096E-1 1.04601E-1 1.00042E-1 9.41365E-2 9.01988E-2 9.23507E-2 9.76813E-2 9.80718E-2 1.00192E-1 1.02243E-1 1.03407E-1 1.03181E-1 1.03217E-1 1.04252E-1 1.02419E-1 1.03563E-1 9.97471E-2 9.95859E-2 1.01067E-1 1.02337E-1 1.065E-1 1.09065E-1 1.13903E-1 1.15553E-1 1.20723E-1 1.24731E-1 1.22348E-1 1.21045E-1 1.22324E-1 1.27867E-1 1.26194E-1 1.30743E-1
9.84524E-2 9.95361E-2 1.0353E-1 1.07664E-1 1.05756E-1 1.04461E-1 1.01599E-1 1.01372E-1 1.01092E-1 1.0447E-1 1.06273E-1 1.08865E-1 1.09422E-1 1.12668E-1 1.16259E-1 1.19925E-1 1.21685E-1 1.19346E-1 1.21143E-1 1.24692E-1 1.26581E-1 1.26624E-1 1.24411E-1 1.373E-1 1.27305E-1 1.2517E-1 1.28598E-1 1.3333E-1 1.26953E-1 1.17792E-1 1.14649E-1 1.10003E-1 1.05368E-1 1.00759E-1 1.06146E-1 1.12838E-1 1.17165E-1 1.12205E-1 1.13331E-1 1.17034E-1 1.16567E-1 1.17449E-1 1.11901E-1 1.13796E-1 1.0951E-1 1.07466E-1 1.068E-1 1.08381E-1 1.10164E-1 1.1455E-1 1.2125E-1 1.2631E-1 1.305E-1 1.37754E-1 1.39593E-1 1.32731E-1 1.27236E-1 1.31427E-1 1.37404E-1 1.40326E-1 1.43382E-1
1.01666E-1 1.03669E-1 1.08597E-1 1.12949E-1 1.13445E-1 1.09942E-1 1.09029E-1 1.081E-1 1.08079E-1 1.1311E-1 1.13397E-1 1.16487E-1 1.17267E-1 1.20448E-1 1.25434E-1 1.2884E-1 1.30991E-1 1.33546E-1 1.33528E-1 1.34833E-1 1.3743E-1 1.32264E-1 1.32801E-1 1.34069E-1 1.31656E-1 1.32939E-1 1.41426E-1 1.39251E-1 1.30465E-1 1.21239E-1 1.19455E-1 1.16008E-1 1.14539E-1 1.24398E-1 1.20117E-1 1.14677E-1 1.12731E-1 1.18276E-1 1.22075E-1 1.28072E-1 1.35852E-1 1.41404E-1 1.26083E-1 1.36609E-1 1.18881E-1 1.17116E-1 1.17758E-1 1.22313E-1 1.25685E-1 1.3122E-1 1.37094E-1 1.41966E-1 1.52543E-1 1.58957E-1 1.53614E-1 1.43072E-1 1.39667E-1 1.42844E-1 1.45537E-1 1.48342E-1 1.53106E-1
1.0294E-1 1.07907E-1 1.11657E-1 1.16267E-1 1.17753E-1 1.14415E-1 1.13675E-1 1.18048E-1 1.17933E-1 1.17906E-1 1.19986E-1 1.23761E-1 1.27116E-1 1.30168E-1 1.33098E-1 1.36252E-1 1.38989E-1 1.40801E-1 1.45689E-1 1.44435E-1 1.41163E-1 1.4411E-1 1.41367E-1 1.39148E-1 1.36416E-1 1.43996E-1 1.47003E-1 1.40855E-1 1.3814E-1 1.32245E-1 1.24997E-1 1.20693E-1 1.26388E-1 1.28627E-1 1.2596E-1 1.26778E-1 1.27203E-1 1.29652E-1 1.31591E-1 1.30772E-1 1.31232E-1 1.32819E-1 1.33532E-1 1.40613E-1 1.29927E-1 1.26022E-1 1.28732E-1 1.34087E-1 1.40288E-1 1.46947E-1 1.54791E-1 1.6165E-1 1.7074E-1 1.65997E-1 1.58166E-1 1.54966E-1 1.55464E-1 1.55006E-1 1.52465E-1 1.56508E-1 1.51062E-1
1.09239E-1 1.12544E-1 1.16468E-1 1.20649E-1 1.22415E-1 1.25519E-1 1.23602E-1 1.22691E-1 1.26472E-1 1.26925E-1 1.28277E-1 1.3328E-1 1.35509E-1 1.42286E-1 1.43192E-1 1.45975E-1 1.46855E-1 1.49595E-1 1.5046E-1 1.49123E-1 1.47038E-1 1.48188E-1 1.45167E-1 1.48488E-1 1.46994E-1 1.57569E-1 1.5343E-1 1.50198E-1 1.48991E-1 1.4254E-1 1.3797E-1 1.32789E-1 1.32938E-1 1.33813E-1 1.33438E-1 1.36819E-1 1.35104E-1 1.40131E-1 1.42735E-1 1.38218E-1 1.36471E-1 1.40042E-1 1.45411E-1 1.39946E-1 1.40727E-1 1.36957E-1 1.38111E-1 1.4418E-1 1.51135E-1 1.59154E-1 1.72578E-1 1.71432E-1 1.73862E-1 1.70839E-1 1.71175E-1 1.71378E-1 1.70936E-1 1.65699E-1 1.63774E-1 1.67566E-1 1.65961E-1
