maxent_outputs/red_flowers_linear/red_130.asc
ncols         426
nrows         180
xllcorner     -130.0
yllcorner     24.0
cellsize      0.16666666666666666
NODATA_value  -9999
[rows 54 to 80 of 180, columns 305 to 365 of 426]
4.94343E-1 4.83881E-1 4.87686E-1 4.76808E-1 4.76724E-1 4.72399E-1 4.67754E-1 4.61832E-1 4.58907E-1 4.59153E-1 4.513E-1 4.56041E-1 4.55514E-1 4.54451E-1 4.57165E-1 4.55917E-1 4.49567E-1 4.45899E-1 4.58724E-1 4.66734E-1 4.741E-1 4.80744E-1 4.68534E-1 4.86593E-1 5.082E-1 5.06663E-1 4.95373E-1 4.8919E-1 4.81842E-1 4.78682E-1 4.67941E-1 4.67211E-1 4.68622E-1 4.39747E-1 4.24302E-1 4.56696E-1 4.64016E-1 4.80924E-1 4.96926E-1 5.36887E-1 5.19057E-1 4.87513E-1 4.7686E-1 4.78461E-1 4.67597E-1 4.4908E-1 4.39432E-1 4.68338E-1 4.4111E-1 4.449E-1 4.59524E-1 4.92819E-1 5.05028E-1 5.11763E-1 5.18723E-1 5.14873E-1 5.04802E-1 5.04239E-1 5.01513E-1 4.99643E-1 5.05084E-1
4.95268E-1 4.90885E-1 4.99181E-1 4.93056E-1 4.88983E-1 4.80357E-1 4.75938E-1 4.70393E-1 4.69654E-1 4.65928E-1 4.60333E-1 4.57625E-1 4.60512E-1 4.61107E-1 4.63383E-1 4.69822E-1 4.73118E-1 4.90505E-1 4.74753E-1 4.68279E-1 4.72642E-1 4.74767E-1 4.77706E-1 4.68855E-1 4.69845E-1 4.70249E-1 4.66596E-1 4.65288E-1 4.59888E-1 4.55659E-1 4.64038E-1 4.71E-1 4.67504E-1 4.36372E-1 4.3447E-1 4.61163E-1 4.55291E-1 4.71847E-1 5.0265E-1 5.18488E-1 5.00865E-1 4.72569E-1 4.75675E-1 4.62236E-1 4.52617E-1 4.43011E-1 4.73618E-1 4.4947E-1 4.35512E-1 4.52289E-1 4.94241E-1 5.09277E-1 5.17119E-1 5.36999E-1 5.46164E-1 5.30962E-1 5.18402E-1 5.10849E-1 5.09381E-1 5.10263E-1 5.29078E-1
5.06057E-1 5.06695E-1 5.06158E-1 4.96146E-1 4.99339E-1 4.87284E-1 4.88651E-1 4.88214E-1 4.90234E-1 4.77926E-1 4.72615E-1 4.74377E-1 4.75766E-1 4.74598E-1 4.80076E-1 4.93296E-1 5.00252E-1 4.91188E-1 4.97729E-1 4.88546E-1 4.89609E-1 4.79603E-1 4.61002E-1 4.56317E-1 4.59473E-1 4.70641E-1 4.59236E-1 4.64669E-1 4.57605E-1 4.57132E-1 4.62291E-1 4.57795E-1 4.51208E-1 4.44879E-1 4.75411E-1 4.77592E-1 4.59493E-1 4.74279E-1 5.03743E-1 4.75263E-1 4.72453E-1 4.71715E-1 4.61192E-1 4.45243E-1 4.6036E-1 4.37042E-1 4.74602E-1 4.53729E-1 4.7017E-1 5.15439E-1 5.05842E-1 5.06723E-1 5.19652E-1 5.48083E-1 5.59801E-1 5.62397E-1 5.36338E-1 5.22348E-1 5.29134E-1 5.35272E-1 5.47165E-1
5.07777E-1 4.99735E-1 5.0109E-1 4.99039E-1 4.99939E-1 4.81932E-1 4.76888E-1 4.85697E-1 4.90546E-1 4.84414E-1 4.81968E-1 4.88801E-1 4.90668E-1 4.83438E-1 4.91287E-1 5.08225E-1 5.06777E-1 4.97003E-1 4.97649E-1 5.07856E-1 5.06623E-1 4.80929E-1 4.67704E-1 4.68197E-1 4.71857E-1 4.76479E-1 4.73762E-1 4.6118E-1 4.61102E-1 4.58286E-1 4.5609E-1 4.72727E-1 4.59531E-1 4.65019E-1 4.82614E-1 4.98013E-1 4.6537E-1 4.84194E-1 4.83645E-1 4.91282E-1 4.76505E-1 4.70338E-1 4.49983E-1 4.45502E-1 4.47189E-1 4.38343E-1 5.00079E-1 5.08412E-1 5.24795E-1 5.20191E-1 5.07606E-1 5.19096E-1 5.32451E-1 5.54923E-1 5.66005E-1 5.67093E-1 5.57327E-1 5.52757E-1 5.53011E-1 5.61631E-1 5.62876E-1
5.05405E-1 5.09117E-1 5.06762E-1 4.94459E-1 4.94452E-1 4.94779E-1 4.98593E-1 4.92847E-1 5.05049E-1 4.9907E-1 5.01389E-1 4.98578E-1 4.94042E-1 4.95643E-1 5.15165E-1 5.38469E-1 5.38106E-1 5.484E-1 5.45146E-1 5.0458E-1 4.89496E-1 4.78636E-1 4.84906E-1 4.85174E-1 4.90392E-1 4.90678E-1 4.88431E-1 4.87888E-1 4.81532E-1 4.83019E-1 4.80049E-1 4.82558E-1 4.90853E-1 4.75064E-1 4.69165E-1 4.71586E-1 4.7583E-1 5.08863E-1 4.89532E-1 4.6968E-1 4.71463E-1 4.77644E-1 4.54415E-1 4.53384E-1 4.58917E-1 5.17222E-1 5.60988E-1 5.92979E-1 5.5928E-1 5.32665E-1 5.28888E-1 5.29645E-1 5.46346E-1 5.64382E-1 5.78223E-1 5.88045E-1 5.80556E-1 5.77044E-1 5.73875E-1 5.7606E-1 5.89647E-1
5.13131E-1 5.18183E-1 5.07746E-1 5.08541E-1 5.05547E-1 5.18202E-1 5.14206E-1 5.14767E-1 5.28911E-1 5.28409E-1 5.23574E-1 5.34192E-1 5.26895E-1 5.51777E-1 5.90945E-1 6.33135E-1 5.89737E-1 5.51428E-1 5.2295E-1 5.06E-1 4.97092E-1 5.03214E-1 5.10874E-1 5.06214E-1 5.10088E-1 5.1198E-1 5.15408E-1 5.09636E-1 5.00454E-1 4.94789E-1 4.93428E-1 5.10621E-1 5.00966E-1 4.84416E-1 4.73375E-1 4.58178E-1 4.83496E-1 5.17084E-1 5.12323E-1 4.83371E-1 4.92013E-1 4.7713E-1 4.59072E-1 4.85592E-1 5.28768E-1 5.70029E-1 5.83587E-1 5.68627E-1 5.51898E-1 5.32002E-1 5.39722E-1 5.46946E-1 5.62509E-1 5.83349E-1 5.85239E-1 5.89359E-1 5.95329E-1 6.01531E-1 5.99699E-1 6.02634E-1 6.11525E-1
5.33904E-1 5.36732E-1 5.40166E-1 5.59376E-1 5.7243E-1 5.95958E-1 6.11198E-1 6.20946E-1 6.31415E-1 6.24885E-1 5.92053E-1 5.70164E-1 5.52616E-1 6.06863E-1 6.58507E-1 6.54714E-1 6.36636E-1 5.90801E-1 5.57771E-1 5.46757E-1 5.40562E-1 5.25397E-1 5.1567E-1 5.26728E-1 5.33416E-1 5.33851E-1 5.36127E-1 5.36172E-1 5.27942E-1 5.0495E-1 4.88739E-1 4.91098E-1 4.88916E-1 4.90405E-1 4.74294E-1 4.62511E-1 4.91758E-1 5.32921E-1 5.25137E-1 4.98951E-1 5.0511E-1 5.00954E-1 4.93486E-1 5.09513E-1 5.35186E-1 5.57214E-1 5.80649E-1 5.74536E-1 5.58218E-1 5.47447E-1 5.46135E-1 5.84471E-1 5.72027E-1 5.7705E-1 5.86966E-1 6.06062E-1 6.32372E-1 6.46957E-1 6.40686E-1 6.57741E-1 7.0942E-1
6.10264E-1 6.35938E-1 6.39191E-1 6.48404E-1 6.55478E-1 6.56624E-1 6.56567E-1 6.59073E-1 6.63017E-1 6.5907E-1 6.61016E-1 6.54241E-1 6.56968E-1 6.76912E-1 6.84722E-1 6.91868E-1 6.89187E-1 6.20686E-1 5.63006E-1 5.58192E-1 5.57573E-1 5.53589E-1 5.4678E-1 5.58465E-1 5.62728E-1 5.57991E-1 5.6501E-1 5.64407E-1 5.58921E-1 5.25233E-1 5.19361E-1 5.08252E-1 5.06338E-1 5.09543E-1 4.9476E-1 4.78306E-1 4.87817E-1 5.34901E-1 5.41129E-1 5.34125E-1 5.29438E-1 5.14866E-1 5.2121E-1 5.33512E-1 5.35419E-1 5.40867E-1 5.48505E-1 5.64299E-1 5.47844E-1 5.43934E-1 5.41779E-1 5.61811E-1 5.67801E-1 5.94599E-1 6.41719E-1 6.59302E-1 6.54628E-1 6.8438E-1 -9999 7.84572E-1 -9999
6.63388E-1 6.58935E-1 6.59063E-1 6.5612E-1 6.54711E-1 6.52326E-1 6.51901E-1 6.53567E-1 6.61378E-1 6.70396E-1 6.71975E-1 6.71359E-1 6.71287E-1 6.80879E-1 6.93482E-1 6.99126E-1 6.72982E-1 6.3215E-1 5.77631E-1 5.74082E-1 5.78774E-1 5.70014E-1 5.7048E-1 5.78613E-1 5.92344E-1 5.88387E-1 5.84215E-1 5.84232E-1 5.8056E-1 5.58146E-1 5.43475E-1 5.3733E-1 5.23181E-1 5.30167E-1 5.02037E-1 4.81171E-1 4.88879E-1 5.06664E-1 5.67861E-1 5.60891E-1 5.41194E-1 5.36103E-1 5.35859E-1 5.47753E-1 5.37152E-1 5.38634E-1 5.50988E-1 5.64453E-1 5.49155E-1 5.44324E-1 5.51259E-1 5.59548E-1 5.86581E-1 6.24439E-1 -9999 -9999 -9999 -9999 -9999 -9999 -9999
6.71236E-1 6.66935E-1 6.50065E-1 6.23539E-1 6.17345E-1 6.07012E-1 6.01163E-1 6.0483E-1 6.25189E-1 6.57607E-1 6.68728E-1 6.65017E-1 6.65891E-1 6.71093E-1 6.5386E-1 6.09135E-1 6.06241E-1 5.9573E-1 5.9567E-1 5.99629E-1 6.01421E-1 5.9322E-1 5.92569E-1 5.90584E-1 5.9284E-1 5.9537E-1 5.94588E-1 5.98671E-1 5.91702E-1 5.88483E-1 5.78124E-1 5.60258E-1 5.45809E-1 5.2311E-1 4.991E-1 4.91305E-1 5.19704E-1 5.54508E-1 5.77987E-1 5.7022E-1 5.56295E-1 5.54713E-1 5.5516E-1 5.51139E-1 5.48551E-1 5.40125E-1 5.36623E-1 5.42506E-1 5.55842E-1 5.56312E-1 5.65324E-1 5.82757E-1 6.13432E-1 -9999 -9999 -9999 -9999 -9999 -9999 -9999 -9999
6.11645E-1 6.1013E-1 5.96093E-1 5.82342E-1 5.69806E-1 5.55229E-1 5.47932E-1 5.42839E-1 5.59585E-1 5.88133E-1 5.90995E-1 5.77384E-1 5.72695E-1 5.85849E-1 5.93253E-1 6.01914E-1 6.0536E-1 6.01266E-1 6.12204E-1 6.24683E-1 6.14901E-1 5.90378E-1 5.80262E-1 5.74025E-1 5.74477E-1 5.87316E-1 6.03576E-1 6.02433E-1 6.08276E-1 6.07335E-1 5.93476E-1 5.75479E-1 5.54614E-1 5.16576E-1 5.05742E-1 5.26557E-1 5.71936E-1 6.03741E-1 5.98777E-1 5.84175E-1 5.71765E-1 5.75139E-1 5.71762E-1 5.64869E-1 5.60087E-1 5.46148E-1 5.43902E-1 5.57321E-1 5.70328E-1 5.65408E-1 5.86865E-1 6.12827E-1 -9999 -9999 -9999 -9999 -9999 -9999 -9999 -9999 -9999
6.13798E-1 6.1503E-1 6.02239E-1 5.79727E-1 5.69807E-1 5.48943E-1 5.33202E-1 5.37461E-1 5.52615E-1 5.63394E-1 5.6832E-1 5.69511E-1 5.74485E-1 5.82244E-1 5.93671E-1 5.85233E-1 5.86099E-1 5.8682E-1 5.8474E-1 5.91611E-1 5.80714E-1 5.70763E-1 5.76523E-1 5.74156E-1 5.74663E-1 5.64187E-1 5.76773E-1 6.10676E-1 6.12559E-1 6.04632E-1 5.91884E-1 5.82708E-1 5.62137E-1 5.25972E-1 5.11187E-1 5.54666E-1 6.01497E-1 6.36221E-1 6.12916E-1 6.01405E-1 5.78613E-1 5.85215E-1 5.84632E-1 5.73815E-1 5.74569E-1 5.6127E-1 5.57197E-1 5.77397E-1 5.86303E-1 5.9991E-1 6.25056E-1 6.29396E-1 -9999 -9999 -9999 -9999 -9999 -9999 -9999 -9999 -9999
6.13743E-1 6.32059E-1 6.16751E-1 5.83645E-1 5.68346E-1 5.56702E-1 5.40465E-1 5.36913E-1 5.39669E-1 5.43823E-1 5.50432E-1 5.56231E-1 5.6204E-1 5.82522E-1 5.85172E-1 5.62053E-1 5.65658E-1 5.81286E-1 5.81186E-1 5.79045E-1 5.82272E-1 5.73694E-1 5.78403E-1 5.76976E-1 5.7737E-1 5.79122E-1 5.69843E-1 5.67722E-1 5.75209E-1 5.78299E-1 5.80366E-1 5.79542E-1 5.62137E-1 5.3765E-1 5.30289E-1 5.55214E-1 6.29495E-1 6.3919E-1 6.27685E-1 6.00131E-1 5.94933E-1 5.90248E-1 5.95651E-1 5.83589E-1 5.89277E-1 5.73457E-1 5.62874E-1 5.94985E-1 6.10802E-1 6.30632E-1 6.38969E-1 7.7683E-1 -9999 -9999 -9999 -9999 -9999 -9999 -9999 -9999 -9999
6.58304E-1 6.24546E-1 6.00933E-1 5.83399E-1 5.60194E-1 5.57134E-1 5.36287E-1 5.25329E-1 5.29609E-1 5.42566E-1 5.54954E-1 5.47979E-1 5.41979E-1 5.73561E-1 5.84207E-1 5.60055E-1 5.69869E-1 5.83513E-1 5.83798E-1 5.80507E-1 5.77696E-1 5.66508E-1 5.75861E-1 5.65688E-1 5.64381E-1 5.75596E-1 5.77323E-1 5.73325E-1 5.72808E-1 5.76847E-1 5.76236E-1 5.72579E-1 5.64149E-1 5.5905E-1 5.83585E-1 5.96899E-1 6.2833E-1 6.31417E-1 6.25231E-1 6.15565E-1 6.03063E-1 5.97043E-1 5.89535E-1 5.94985E-1 6.09686E-1 5.99124E-1 6.07042E-1 6.33536E-1 6.56821E-1 6.6002E-1 6.72341E-1 7.02203E-1 -9999 -9999 -9999 -9999 -9999 -9999 -9999 -9999 -9999
5.95864E-1 5.80297E-1 5.7628E-1 5.6997E-1 5.45316E-1 5.34684E-1 5.16726E-1 5.19725E-1 5.14071E-1 5.09129E-1 5.15547E-1 5.19691E-1 5.34216E-1 5.43699E-1 5.57306E-1 5.74236E-1 5.68803E-1 5.69954E-1 5.80437E-1 5.79093E-1 5.83465E-1 5.76687E-1 5.74734E-1 5.69384E-1 5.66198E-1 5.68154E-1 5.63041E-1 5.66315E-1 5.72026E-1 5.74205E-1 5.76973E-1 5.69237E-1 5.62632E-1 5.67922E-1 5.82736E-1 6.10331E-1 6.1538E-1 6.14897E-1 6.27323E-1 6.15073E-1 6.25177E-1 6.05571E-1 5.92935E-1 6.078E-1 6.32804E-1 6.36801E-1 6.49183E-1 6.70568E-1 6.82558E-1 6.82481E-1 6.90297E-1 7.0052E-1 -9999 -9999 -9999 -9999 -9999 -9999 -9999 -9999 -9999
5.89545E-1 5.88792E-1 5.79589E-1 5.60023E-1 5.32054E-1 5.14423E-1 4.98048E-1 5.04083E-1 4.97241E-1 4.86659E-1 4.83525E-1 5.05546E-1 5.14291E-1 5.30101E-1 5.42614E-1 5.57396E-1 5.70018E-1 5.83066E-1 5.81765E-1 5.86044E-1 5.87414E-1 5.83012E-1 5.83087E-1 5.77812E-1 5.75279E-1 5.69161E-1 5.54582E-1 5.61593E-1 5.62507E-1 5.73732E-1 5.67525E-1 5.70429E-1 5.70003E-1 5.70256E-1 5.78667E-1 5.88736E-1 6.16712E-1 6.12373E-1 6.32253E-1 6.2829E-1 6.49427E-1 6.41587E-1 6.20359E-1 6.35551E-1 6.57442E-1 6.62958E-1 6.67395E-1 6.84367E-1 6.97685E-1 7.0312E-1 -9999 -9999 -9999 -9999 -9999 -9999 -9999 -9999 -9999 -9999 -9999
5.90808E-1 5.88856E-1 5.82932E-1 5.59758E-1 5.31909E-1 5.0383E-1 4.89279E-1 4.8117E-1 4.87134E-1 4.89317E-1 4.83486E-1 4.91274E-1 5.0799E-1 5.20995E-1 5.34029E-1 5.51848E-1 5.66245E-1 5.74875E-1 5.84241E-1 5.90988E-1 5.91478E-1 5.87432E-1 5.90968E-1 5.95249E-1 5.85494E-1 5.73046E-1 5.71035E-1 5.79463E-1 5.97814E-1 6.01724E-1 6.11287E-1 5.94497E-1 5.79788E-1 5.91549E-1 6.02364E-1 6.23907E-1 6.37975E-1 6.39587E-1 6.55938E-1 6.58812E-1 6.60375E-1 6.62152E-1 6.48012E-1 6.55725E-1 6.65106E-1 6.72139E-1 6.7353E-1 6.92072E-1 7.13305E-1 7.28958E-1 7.38188E-1 -9999 -9999 -9999 -9999 -9999 -9999 -9999 -9999 -9999 -9999
6.03878E-1 5.96787E-1 5.84134E-1 5.629E-1 5.27918E-1 5.00716E-1 4.8518E-1 4.72564E-1 4.72015E-1 4.74898E-1 4.79067E-1 4.86816E-1 5.01622E-1 5.20101E-1 5.37804E-1 5.49347E-1 5.57824E-1 5.69616E-1 5.8132E-1 5.8737E-1 5.90578E-1 5.95499E-1 6.02787E-1 6.10571E-1 6.04069E-1 5.9539E-1 5.95574E-1 6.25719E-1 6.3437E-1 6.37539E-1 6.28864E-1 6.07251E-1 5.99619E-1 5.99997E-1 6.28603E-1 6.37784E-1 6.55435E-1 6.67364E-1 6.62031E-1 6.68822E-1 6.80232E-1 6.81247E-1 6.78252E-1 6.66431E-1 6.75153E-1 6.78149E-1 6.83817E-1 7.03305E-1 7.19853E-1 7.36294E-1 7.54222E-1 7.63378E-1 -9999 7.19436E-1 7.32542E-1 -9999 -9999 -9999 -9999 -9999 -9999
5.97044E-1 5.96481E-1 5.80399E-1 5.59777E-1 5.32283E-1 5.04769E-1 4.86958E-1 4.80133E-1 4.78132E-1 4.82872E-1 4.85152E-1 4.88809E-1 5.00578E-1 5.05576E-1 5.25972E-1 5.4318E-1 5.54623E-1 5.608E-1 5.74802E-1 5.84519E-1 5.89135E-1 5.99172E-1 6.14124E-1 6.11781E-1 6.09067E-1 6.07659E-1 6.19042E-1 6.31263E-1 6.51083E-1 6.50174E-1 6.26606E-1 6.19705E-1 6.18382E-1 6.17614E-1 6.36687E-1 6.62373E-1 6.79078E-1 6.8863E-1 6.72737E-1 6.79198E-1 6.94277E-1 7.01283E-1 6.97493E-1 6.84927E-1 6.95331E-1 7.03737E-1 7.0826E-1 7.20654E-1 7.34881E-1 7.49892E-1 7.6482E-1 7.59441E-1 -9999 -9999 7.54132E-1 7.73142E-1 -9999 -9999 -9999 -9999 -9999
5.89398E-1 5.80983E-1 5.68033E-1 5.54059E-1 5.33153E-1 5.1621E-1 5.01398E-1 4.93303E-1 5.02323E-1 5.02224E-1 4.91104E-1 4.82381E-1 4.96436E-1 5.06245E-1 5.24911E-1 5.42595E-1 5.56394E-1 5.60772E-1 5.64838E-1 5.67628E-1 5.79594E-1 5.97882E-1 6.11255E-1 6.05463E-1 6.02216E-1 6.07887E-1 6.20755E-1 6.2925E-1 6.4215E-1 6.41093E-1 6.2501E-1 6.29938E-1 6.25774E-1 6.45403E-1 6.70058E-1 6.82885E-1 6.97178E-1 7.04064E-1 7.04096E-1 7.07318E-1 7.12984E-1 7.16251E-1 7.10551E-1 7.06927E-1 7.13569E-1 7.23038E-1 7.2556E-1 7.41849E-1 7.5085E-1 7.62839E-1 7.65789E-1 7.60651E-1 7.58922E-1 7.57089E-1 7.71811E-1 7.79711E-1 -9999 -9999 -9999 -9999 -9999
5.85278E-1 5.73999E-1 5.62335E-1 5.5829E-1 5.50944E-1 5.40265E-1 5.33252E-1 5.29194E-1 5.2365E-1 5.17714E-1 5.14051E-1 4.99285E-1 5.03597E-1 5.21791E-1 5.3555E-1 5.43823E-1 5.51833E-1 5.66639E-1 5.7399E-1 5.70942E-1 5.70698E-1 5.88478E-1 6.02444E-1 5.98293E-1 6.08299E-1 6.21875E-1 6.39056E-1 6.57394E-1 6.54262E-1 6.34612E-1 6.44361E-1 6.49243E-1 6.52796E-1 6.74058E-1 6.83438E-1 6.93289E-1 7.09754E-1 7.23338E-1 7.28712E-1 7.29263E-1 7.27371E-1 7.30064E-1 7.30996E-1 7.30014E-1 7.31837E-1 7.31973E-1 7.40557E-1 7.61677E-1 7.65246E-1 7.72952E-1 7.8393E-1 7.75799E-1 7.62955E-1 7.55091E-1 7.65203E-1 7.98407E-1 -9999 -9999 -9999 -9999 -9999
5.84318E-1 5.75999E-1 5.722E-1 5.63998E-1 5.64636E-1 5.57071E-1 5.54869E-1 5.5007E-1 5.4616E-1 5.42352E-1 5.41618E-1 5.38214E-1 5.45622E-1 5.53837E-1 5.59295E-1 5.58055E-1 5.61957E-1 5.68551E-1 5.83011E-1 5.78801E-1 5.8089E-1 6.00038E-1 6.02184E-1 6.16176E-1 6.18418E-1 6.34965E-1 6.51785E-1 6.58541E-1 6.63776E-1 6.65962E-1 6.86197E-1 6.95124E-1 6.93965E-1 6.97845E-1 7.04638E-1 7.15657E-1 7.3293E-1 7.43851E-1 7.43216E-1 7.48457E-1 7.51701E-1 7.52469E-1 7.53185E-1 7.4219E-1 7.36487E-1 7.37637E-1 7.48935E-1 7.6587E-1 7.74781E-1 7.98217E-1 7.91936E-1 7.78798E-1 7.89228E-1 8.14522E-1 7.71031E-1 -9999 -9999 -9999 -9999 -9999 -9999
5.94574E-1 5.81514E-1 5.77227E-1 5.7911E-1 5.76988E-1 5.69135E-1 5.69941E-1 5.66834E-1 5.62963E-1 5.68779E-1 5.71929E-1 5.77185E-1 5.82315E-1 5.8803E-1 5.77638E-1 5.68703E-1 5.73009E-1 5.77248E-1 5.87683E-1 5.93119E-1 6.0817E-1 6.19868E-1 6.31055E-1 6.3281E-1 6.31714E-1 6.45001E-1 6.59204E-1 6.68936E-1 6.88627E-1 7.0654E-1 7.13925E-1 7.13394E-1 7.08088E-1 7.20143E-1 7.29458E-1 7.40044E-1 7.49994E-1 7.53222E-1 7.53808E-1 7.51941E-1 7.58357E-1 7.63199E-1 7.63249E-1 7.66642E-1 7.42848E-1 7.61041E-1 -9999 -9999 -9999 -9999 7.97699E-1 -9999 -9999 7.69423E-1 7.46071E-1 7.48324E-1 -9999 -9999 -9999 -9999 -9999
6.03758E-1 5.98301E-1 5.88679E-1 5.93782E-1 5.85726E-1 5.74663E-1 5.72815E-1 5.70212E-1 5.83824E-1 5.87043E-1 5.9091E-1 5.93461E-1 6.05158E-1 6.06424E-1 5.89109E-1 5.87064E-1 5.87982E-1 6.02212E-1 6.08588E-1 6.1504E-1 6.30467E-1 6.41157E-1 6.50728E-1 6.51187E-1 6.59725E-1 6.66272E-1 6.66902E-1 7.01653E-1 7.30102E-1 7.33144E-1 7.29555E-1 7.34099E-1 7.30059E-1 7.38247E-1 7.45032E-1 7.47574E-1 7.76809E-1 -9999 -9999 7.7413E-1 7.84724E-1 7.88811E-1 7.88136E-1 7.84086E-1 -9999 7.55616E-1 -9999 -9999 -9999 -9999 -9999 -9999 -9999 -9999 -9999 -9999 -9999 -9999 -9999 -9999 -9999
6.24471E-1 6.2121E-1 6.16848E-1 6.07643E-1 5.98011E-1 5.83782E-1 5.87368E-1 5.93035E-1 5.89458E-1 5.94777E-1 6.01548E-1 6.16906E-1 6.21975E-1 6.14492E-1 6.14551E-1 6.0911E-1 6.08861E-1 6.27492E-1 6.37161E-1 6.46352E-1 6.53902E-1 6.533E-1 6.51586E-1 6.71476E-1 6.83675E-1 6.86079E-1 6.98893E-1 7.26832E-1 7.44882E-1 7.50147E-1 7.51965E-1 7.54569E-1 7.41923E-1 7.42024E-1 7.58268E-1 7.55979E-1 7.62134E-1 7.56492E-1 7.61347E-1 7.6033E-1 7.88071E-1 7.81026E-1 7.79261E-1 -9999 -9999 -9999 -9999 -9999 -9999 -9999 -9999 -9999 -9999 -9999 -9999 -9999 -9999 -9999 -9999 -9999 -9999
6.33764E-1 6.33786E-1 6.28939E-1 6.21338E-1 6.08083E-1 6.09855E-1 6.00706E-1 5.96796E-1 6.04307E-1 6.08327E-1 6.24671E-1 6.35907E-1 6.38163E-1 6.3216E-1 6.29915E-1 6.29999E-1 6.36198E-1 6.48086E-1 6.68826E-1 6.73187E-1 6.57892E-1 6.50249E-1 6.60039E-1 6.73132E-1 6.96642E-1 7.04479E-1 7.05925E-1 7.17867E-1 7.31015E-1 7.51519E-1 7.65071E-1 7.73848E-1 7.4272E-1 7.18228E-1 7.35365E-1 7.45853E-1 7.47357E-1 7.52582E-1 7.58396E-1 7.54302E-1 -9999 -9999 -9999 -9999 -9999 -9999 -9999 -9999 -9999 -9999 -9999 -9999 -9999 -9999 -9999 -9999 -9999 -9999 -9999 -9999 -9999
6.3507E-1 6.37698E-1 6.26565E-1 6.24423E-1 6.2865E-1 6.20282E-1 6.13443E-1 6.1316E-1 6.15704E-1 6.21795E-1 6.30245E-1 6.44826E-1 6.48699E-1 6.52446E-1 6.50063E-1 6.54768E-1 6.58357E-1 6.72019E-1 6.76069E-1 6.734E-1 6.64885E-1 6.66516E-1 6.81542E-1 6.92457E-1 7.02932E-1 7.10908E-1 7.01532E-1 7.12664E-1 7.24907E-1 7.45711E-1 7.66405E-1 7.70674E-1 7.4139E-1 7.23227E-1 7.3391E-1 7.62325E-1 7.8624E-1 -9999 -9999 -9999 -9999 -9999 -9999 -9999 -9999 -9999 -9999 -9999 -9999 -9999 -9999 -9999 -9999 -9999 -9999 -9999 -9999 -9999 -9999 -9999 -9999
