maxent_outputs/red_flowers_linear/red_342.asc
ncols         426
nrows         180
xllcorner     -130.0
yllcorner     24.0
cellsize      0.16666666666666666
NODATA_value  -9999
[rows 108 to 134 of 180, columns 183 to 243 of 426]
1.32346E-1 1.36348E-1 1.38997E-1 1.39825E-1 1.4338E-1 1.4528E-1 1.45233E-1 1.39033E-1 1.39062E-1 1.39913E-1 1.42655E-1 1.46623E-1 1.4965E-1 1.52867E-1 1.56141E-1 1.57291E-1 1.57239E-1 1.55623E-1 1.54267E-1 1.49828E-1 1.42101E-1 1.34426E-1 1.31649E-1 1.32988E-1 1.36495E-1 1.40723E-1 1.32802E-1 1.32129E-1 1.33874E-1 1.26285E-1 1.20245E-1 1.15251E-1 1.10639E-1 1.08858E-1 1.0773E-1 1.06327E-1 1.06461E-1 1.07262E-1 1.10408E-1 1.11323E-1 1.09213E-1 1.0464E-1 1.01484E-1 1.00606E-1 1.0266E-1 1.02228E-1 9.83488E-2 9.55722E-2 9.2526E-2 9.90765E-2 1.02864E-1 1.06288E-1 1.05574E-1 1.04551E-1 1.05886E-1 1.04393E-1 1.09096E-1 1.05834E-1 1.07526E-1 1.06156E-1 1.03002E-1
1.34789E-1 1.38376E-1 1.41067E-1 1.42868E-1 1.44393E-1 1.48661E-1 1.48591E-1 1.48122E-1 1.45347E-1 1.45479E-1 1.47573E-1 1.53241E-1 1.58722E-1 1.59604E-1 1.63021E-1 1.64969E-1 1.6464E-1 1.63181E-1 1.59796E-1 1.54755E-1 1.47242E-1 1.40238E-1 1.35578E-1 1.37472E-1 1.40019E-1 1.41789E-1 1.40134E-1 1.45191E-1 1.44402E-1 1.35923E-1 1.26577E-1 1.21106E-1 1.16712E-1 1.12487E-1 1.13012E-1 1.1108E-1 1.10609E-1 1.12946E-1 1.10704E-1 1.0959E-1 1.08912E-1 1.09728E-1 1.05889E-1 1.02393E-1 1.00884E-1 1.03922E-1 1.07887E-1 1.05463E-1 1.01279E-1 1.04021E-1 1.09682E-1 1.14499E-1 1.17603E-1 1.14773E-1 1.1285E-1 1.13105E-1 1.14078E-1 1.16403E-1 1.1475E-1 1.07501E-1 1.06371E-1
1.43267E-1 1.48638E-1 1.4709E-1 1.48828E-1 1.47499E-1 1.49381E-1 1.53365E-1 1.54377E-1 1.52776E-1 1.55442E-1 1.56225E-1 1.62948E-1 1.65115E-1 1.65991E-1 1.68645E-1 1.70739E-1 1.70418E-1 1.678E-1 1.65245E-1 1.60084E-1 1.53527E-1 1.46716E-1 1.43657E-1 1.4179E-1 1.4225E-1 1.4409E-1 1.47492E-1 1.4892E-1 1.46793E-1 1.41641E-1 1.35204E-1 1.27337E-1 1.23773E-1 1.21723E-1 1.17528E-1 1.17915E-1 1.19118E-1 1.22059E-1 1.19821E-1 1.17597E-1 1.14215E-1 1.14428E-1 1.15031E-1 1.17458E-1 1.14011E-1 1.06036E-1 1.03786E-1 1.06231E-1 1.0857E-1 1.10716E-1 1.15417E-1 1.21494E-1 1.23129E-1 1.20037E-1 1.20299E-1 1.20174E-1 1.20285E-1 1.24338E-1 1.19036E-1 1.15215E-1 1.145E-1
1.49037E-1 1.50974E-1 1.5216E-1 1.50805E-1 1.501E-1 1.51846E-1 1.53378E-1 1.58709E-1 1.57087E-1 1.56385E-1 1.6083E-1 1.66312E-1 1.66968E-1 1.68111E-1 1.71326E-1 1.72897E-1 1.72797E-1 1.69696E-1 1.67059E-1 1.62595E-1 1.58873E-1 1.57651E-1 1.59296E-1 1.5955E-1 1.50597E-1 1.4524E-1 1.48976E-1 1.60438E-1 1.53909E-1 1.44573E-1 1.43149E-1 1.33339E-1 1.29045E-1 1.24182E-1 1.21376E-1 1.22842E-1 1.2764E-1 1.2392E-1 1.23999E-1 1.2241E-1 1.20397E-1 1.15968E-1 1.14376E-1 1.11144E-1 1.12829E-1 1.09818E-1 1.09153E-1 1.0889E-1 1.15917E-1 1.14939E-1 1.20612E-1 1.26071E-1 1.26335E-1 1.24222E-1 1.23731E-1 1.26136E-1 1.31001E-1 1.2755E-1 1.24394E-1 1.2158E-1 1.20122E-1
1.53204E-1 1.5304E-1 1.53784E-1 1.52854E-1 1.53549E-1 1.54607E-1 1.61175E-1 1.62163E-1 1.62201E-1 1.62771E-1 1.67683E-1 1.69211E-1 1.69794E-1 1.74572E-1 1.73042E-1 1.74036E-1 1.72624E-1 1.72272E-1 1.69082E-1 1.66546E-1 1.64575E-1 1.62801E-1 1.63384E-1 1.65906E-1 1.57209E-1 1.51775E-1 1.54749E-1 1.59162E-1 1.53282E-1 1.4894E-1 1.41744E-1 1.35091E-1 1.33096E-1 1.28801E-1 1.25092E-1 1.24465E-1 1.28691E-1 1.34212E-1 1.30453E-1 1.28047E-1 1.26598E-1 1.22701E-1 1.20753E-1 1.15919E-1 1.12457E-1 1.13253E-1 1.17779E-1 1.17609E-1 1.23875E-1 1.21326E-1 1.27559E-1 1.29766E-1 1.25999E-1 1.25168E-1 1.2731E-1 1.29012E-1 1.40726E-1 1.40606E-1 1.35073E-1 1.27959E-1 1.23253E-1
1.62852E-1 1.58429E-1 1.57536E-1 1.57624E-1 1.58733E-1 1.60488E-1 1.63664E-1 1.69549E-1 1.7088E-1 1.73426E-1 1.77413E-1 1.76667E-1 1.74621E-1 1.74451E-1 1.74704E-1 1.75434E-1 1.7543E-1 1.74815E-1 1.70301E-1 1.69918E-1 1.71067E-1 1.66795E-1 1.67146E-1 1.66624E-1 1.6022E-1 1.60053E-1 1.61199E-1 1.62308E-1 1.55998E-1 1.47658E-1 1.42807E-1 1.39149E-1 1.37853E-1 1.36121E-1 1.33063E-1 1.31877E-1 1.30672E-1 1.30627E-1 1.29435E-1 1.28285E-1 1.3021E-1 1.2855E-1 1.28487E-1 1.22423E-1 1.1985E-1 1.19959E-1 1.25771E-1 1.29091E-1 1.31529E-1 1.28847E-1 1.3149E-1 1.29462E-1 1.26077E-1 1.27084E-1 1.31756E-1 1.3668E-1 1.48216E-1 1.49043E-1 1.3846E-1 1.28303E-1 1.22195E-1
1.68396E-1 1.70818E-1 1.64856E-1 1.65727E-1 1.67272E-1 1.65352E-1 1.66266E-1 1.71623E-1 1.76035E-1 1.78702E-1 1.81851E-1 1.79654E-1 1.78024E-1 1.77431E-1 1.76731E-1 1.75798E-1 1.73448E-1 1.74477E-1 1.73668E-1 1.71096E-1 1.69348E-1 1.66151E-1 1.6718E-1 1.69607E-1 1.66753E-1 1.67338E-1 1.68104E-1 1.66312E-1 1.61552E-1 1.51492E-1 1.45758E-1 1.43658E-1 1.42194E-1 1.37873E-1 1.37328E-1 1.33481E-1 1.31005E-1 1.30583E-1 1.29209E-1 1.28081E-1 1.30312E-1 1.34667E-1 1.38281E-1 1.31759E-1 1.33056E-1 1.31631E-1 1.33346E-1 1.3662E-1 1.39456E-1 1.37384E-1 1.36688E-1 1.31231E-1 1.28745E-1 1.30602E-1 1.34613E-1 1.41321E-1 1.41598E-1 1.3798E-1 1.32268E-1 1.25307E-1 1.20298E-1
1.71763E-1 1.74869E-1 1.76392E-1 1.72099E-1 1.71303E-1 1.75731E-1 1.75609E-1 1.76562E-1 1.82407E-1 1.82937E-1 1.85008E-1 1.84397E-1 1.81191E-1 1.79424E-1 1.81757E-1 1.76464E-1 1.73649E-1 1.72501E-1 1.72938E-1 1.70704E-1 1.67795E-1 1.65966E-1 1.67134E-1 1.7142E-1 1.75296E-1 1.73721E-1 1.68832E-1 1.64134E-1 1.58071E-1 1.50415E-1 1.39152E-1 1.37385E-1 1.3965E-1 1.37293E-1 1.33528E-1 1.2718E-1 1.25865E-1 1.2514E-1 1.25126E-1 1.29239E-1 1.30945E-1 1.31146E-1 1.45396E-1 1.49588E-1 1.42451E-1 1.45696E-1 1.43878E-1 1.47469E-1 1.47064E-1 1.4571E-1 1.43178E-1 1.38206E-1 1.36693E-1 1.41606E-1 1.43722E-1 1.42358E-1 1.4433E-1 1.36354E-1 1.30293E-1 1.23157E-1 1.2062E-1
1.80161E-1 1.81604E-1 1.83314E-1 1.76363E-1 1.75584E-1 1.76747E-1 1.80322E-1 1.80798E-1 1.87292E-1 1.91626E-1 1.89708E-1 1.86716E-1 1.86332E-1 1.86172E-1 1.87144E-1 1.81868E-1 1.73781E-1 1.78262E-1 1.77269E-1 1.72959E-1 1.7011E-1 1.68208E-1 1.68251E-1 1.71394E-1 1.78295E-1 1.76754E-1 1.66721E-1 1.55523E-1 1.46529E-1 1.389E-1 1.33919E-1 1.32834E-1 1.29432E-1 1.29958E-1 1.29618E-1 1.28946E-1 1.37572E-1 1.3599E-1 1.27417E-1 1.31017E-1 1.34491E-1 1.37609E-1 1.40613E-1 1.42064E-1 1.4857E-1 1.48195E-1 1.56296E-1 1.55224E-1 1.55409E-1 1.50149E-1 1.48979E-1 1.44035E-1 1.39004E-1 1.45377E-1 1.46394E-1 1.45402E-1 1.35726E-1 1.3399E-1 1.29087E-1 1.26949E-1 1.25736E-1
1.91543E-1 1.91868E-1 1.89228E-1 1.86589E-1 1.81883E-1 1.78789E-1 1.81003E-1 1.84862E-1 1.90614E-1 1.93787E-1 1.95022E-1 1.92233E-1 1.89416E-1 1.87813E-1 1.94468E-1 1.90956E-1 1.8479E-1 1.82707E-1 1.81548E-1 1.73805E-1 1.70566E-1 1.7071E-1 1.71409E-1 1.75395E-1 1.7729E-1 1.73784E-1 1.66006E-1 1.53363E-1 1.4685E-1 1.40443E-1 1.3629E-1 1.35001E-1 1.28159E-1 1.2453E-1 1.25594E-1 1.24485E-1 1.25338E-1 1.25105E-1 1.35609E-1 1.34171E-1 1.37363E-1 1.40861E-1 1.39995E-1 1.41726E-1 1.52245E-1 1.5181E-1 1.61904E-1 1.64932E-1 1.63101E-1 1.58637E-1 1.57896E-1 1.53436E-1 1.51217E-1 1.51812E-1 1.51139E-1 1.50645E-1 1.39449E-1 1.37616E-1 1.42684E-1 1.3595E-1 1.2779E-1
2.01646E-1 2.03155E-1 1.99472E-1 1.93714E-1 1.91378E-1 1.86434E-1 1.87274E-1 1.90477E-1 1.97969E-1 1.97958E-1 1.97077E-1 1.98092E-1 1.92602E-1 1.92276E-1 2.00813E-1 2.02009E-1 2.01091E-1 1.96147E-1 1.85059E-1 1.79832E-1 1.74766E-1 1.73363E-1 1.74853E-1 1.78668E-1 1.79446E-1 1.74184E-1 1.7024E-1 1.61471E-1 1.59253E-1 1.4802E-1 1.41472E-1 1.44237E-1 1.37326E-1 1.31948E-1 1.32803E-1 1.29135E-1 1.29821E-1 1.32511E-1 1.38717E-1 1.41504E-1 1.42064E-1 1.47008E-1 1.46752E-1 1.4486E-1 1.54335E-1 1.6257E-1 1.63946E-1 1.70086E-1 1.70781E-1 1.65465E-1 1.65967E-1 1.61233E-1 1.57964E-1 1.58313E-1 1.55874E-1 1.56995E-1 1.5153E-1 1.46812E-1 1.39804E-1 1.35241E-1 1.34206E-1
2.1072E-1 2.10382E-1 2.04751E-1 2.01452E-1 2.00234E-1 1.99548E-1 1.97656E-1 2.02446E-1 2.06878E-1 2.07021E-1 2.05277E-1 2.05743E-1 2.01519E-1 2.05205E-1 2.09402E-1 2.14076E-1 2.09711E-1 2.09081E-1 1.92561E-1 1.85692E-1 1.81498E-1 1.79938E-1 1.80122E-1 1.79612E-1 1.88437E-1 1.78681E-1 1.76335E-1 1.65781E-1 1.57233E-1 1.52086E-1 1.591E-1 1.55738E-1 1.4922E-1 1.44769E-1 1.39999E-1 1.35484E-1 1.37496E-1 1.39771E-1 1.47119E-1 1.47182E-1 1.4611E-1 1.47364E-1 1.51857E-1 1.49355E-1 1.47638E-1 1.51417E-1 1.605E-1 1.70058E-1 1.78629E-1 1.74553E-1 1.74072E-1 1.70051E-1 1.68968E-1 1.67484E-1 1.63777E-1 1.67878E-1 1.57001E-1 1.49202E-1 1.47114E-1 1.40494E-1 1.43687E-1
2.13729E-1 2.18398E-1 2.16245E-1 2.15398E-1 2.15187E-1 2.20723E-1 2.12908E-1 2.09179E-1 2.13679E-1 2.1904E-1 2.19688E-1 2.20159E-1 2.15205E-1 2.2085E-1 2.22914E-1 2.29579E-1 2.26956E-1 2.20639E-1 1.99968E-1 1.96889E-1 1.93058E-1 1.8786E-1 1.86375E-1 1.86937E-1 1.85807E-1 1.84855E-1 1.81248E-1 1.73621E-1 1.66304E-1 1.65946E-1 1.69476E-1 1.66704E-1 1.58458E-1 1.5405E-1 1.46873E-1 1.40926E-1 1.46352E-1 1.47441E-1 1.48938E-1 1.53606E-1 1.53212E-1 1.52326E-1 1.53994E-1 1.54378E-1 1.50389E-1 1.46953E-1 1.56928E-1 1.69471E-1 1.81474E-1 1.82112E-1 1.80079E-1 1.77422E-1 1.77104E-1 1.76454E-1 1.80033E-1 1.80863E-1 1.65192E-1 1.4979E-1 1.59035E-1 1.55302E-1 1.55582E-1
2.30718E-1 2.31474E-1 2.30239E-1 2.2965E-1 2.25112E-1 2.24339E-1 2.24732E-1 2.2387E-1 2.24599E-1 2.30912E-1 2.34461E-1 2.31771E-1 2.23693E-1 2.23005E-1 2.29964E-1 2.28546E-1 2.31213E-1 2.27375E-1 2.15364E-1 2.10515E-1 2.03225E-1 1.98555E-1 1.9462E-1 1.94809E-1 1.93798E-1 1.86419E-1 1.85934E-1 1.85277E-1 1.82844E-1 1.75786E-1 1.74387E-1 1.70316E-1 1.77038E-1 1.71241E-1 1.52346E-1 1.48429E-1 1.52319E-1 1.53861E-1 1.56176E-1 1.5808E-1 1.59553E-1 1.59892E-1 1.58971E-1 1.5653E-1 1.54644E-1 1.52395E-1 1.53533E-1 1.70244E-1 1.82946E-1 1.87365E-1 1.88844E-1 1.89793E-1 1.8742E-1 1.88717E-1 1.94048E-1 1.91786E-1 1.76026E-1 1.58245E-1 1.70636E-1 1.6471E-1 1.63222E-1
2.3374E-1 2.31296E-1 2.35838E-1 2.37626E-1 2.37953E-1 2.39711E-1 2.35694E-1 2.39365E-1 2.4282E-1 2.43777E-1 2.38546E-1 2.36552E-1 2.24882E-1 2.20367E-1 2.28871E-1 2.30238E-1 2.30256E-1 2.30411E-1 2.24018E-1 2.16026E-1 2.11564E-1 2.03015E-1 2.02077E-1 2.02527E-1 1.9927E-1 2.01231E-1 2.0197E-1 1.9726E-1 1.89923E-1 1.86916E-1 1.87129E-1 1.8465E-1 1.83774E-1 1.75192E-1 1.6521E-1 1.56717E-1 1.5735E-1 1.57957E-1 1.60811E-1 1.67776E-1 1.69702E-1 1.64075E-1 1.62198E-1 1.59568E-1 1.5887E-1 1.56765E-1 1.57169E-1 1.67055E-1 1.8737E-1 1.95985E-1 1.97788E-1 2.00849E-1 1.97725E-1 2.05354E-1 2.10762E-1 1.99634E-1 1.82867E-1 1.59487E-1 1.54389E-1 1.53236E-1 1.54333E-1
2.40646E-1 2.39224E-1 2.37821E-1 2.38934E-1 2.39792E-1 2.46646E-1 2.50207E-1 2.55184E-1 2.57696E-1 2.58091E-1 2.52629E-1 2.49738E-1 2.42545E-1 2.38153E-1 2.44535E-1 2.40276E-1 2.43444E-1 2.35934E-1 2.269E-1 2.17325E-1 2.11522E-1 2.12969E-1 2.14386E-1 2.13819E-1 2.15234E-1 2.15146E-1 2.11225E-1 2.08802E-1 2.00404E-1 1.95466E-1 1.91903E-1 1.91257E-1 2.02581E-1 1.87607E-1 1.76514E-1 1.68897E-1 1.65594E-1 1.67304E-1 1.68885E-1 1.71829E-1 1.76053E-1 1.76273E-1 1.68555E-1 1.63215E-1 1.61468E-1 1.6311E-1 1.6277E-1 1.74473E-1 2.00625E-1 2.04679E-1 2.13205E-1 2.11499E-1 2.07164E-1 2.10913E-1 2.12028E-1 2.04782E-1 1.83833E-1 1.5935E-1 1.58366E-1 1.54757E-1 1.5665E-1
2.41172E-1 2.38474E-1 2.43156E-1 2.42239E-1 2.44895E-1 2.49714E-1 2.5561E-1 2.64588E-1 2.67692E-1 2.68962E-1 2.60081E-1 2.57406E-1 2.54155E-1 2.54037E-1 2.61032E-1 2.54224E-1 2.57251E-1 2.49697E-1 2.38164E-1 2.27309E-1 2.20426E-1 2.21739E-1 2.2842E-1 2.24406E-1 2.25206E-1 2.25362E-1 2.22216E-1 2.19931E-1 2.17174E-1 2.09648E-1 2.04786E-1 2.13475E-1 1.95345E-1 1.82774E-1 1.84712E-1 1.78026E-1 1.79861E-1 1.79699E-1 1.79085E-1 1.82011E-1 1.84002E-1 1.82138E-1 1.74839E-1 1.74222E-1 1.72713E-1 1.68568E-1 1.7448E-1 1.88505E-1 2.11836E-1 2.14376E-1 2.16363E-1 2.20707E-1 2.19603E-1 2.18256E-1 2.11698E-1 2.08011E-1 1.76323E-1 1.61618E-1 1.60561E-1 1.55177E-1 1.54613E-1
2.57869E-1 2.55565E-1 2.50509E-1 2.50938E-1 2.52458E-1 2.55067E-1 2.57403E-1 2.60451E-1 2.67281E-1 2.69422E-1 2.65221E-1 2.65527E-1 2.63068E-1 2.67551E-1 2.76283E-1 2.79906E-1 2.78526E-1 2.61874E-1 2.5077E-1 2.38673E-1 2.39641E-1 2.36668E-1 2.33493E-1 2.34519E-1 2.32649E-1 2.36475E-1 2.39498E-1 2.37742E-1 2.36105E-1 2.20451E-1 2.09936E-1 2.06502E-1 2.02835E-1 1.94521E-1 1.92644E-1 1.88262E-1 1.89506E-1 1.91081E-1 1.88484E-1 1.88796E-1 1.865E-1 1.81828E-1 1.76274E-1 1.78177E-1 1.87204E-1 1.7338E-1 1.82099E-1 2.02605E-1 2.16441E-1 2.17391E-1 2.20039E-1 2.23928E-1 2.23179E-1 2.22416E-1 2.22118E-1 2.14097E-1 1.83295E-1 1.72622E-1 1.67589E-1 1.62311E-1 1.56979E-1
2.67905E-1 2.63595E-1 2.60476E-1 2.56806E-1 2.56358E-1 2.60646E-1 2.64811E-1 2.6754E-1 2.70519E-1 2.68104E-1 2.63393E-1 2.73881E-1 2.76336E-1 2.86317E-1 2.98342E-1 3.10451E-1 3.07626E-1 2.81308E-1 2.59597E-1 2.5499E-1 2.61607E-1 2.64369E-1 2.57871E-1 2.59665E-1 2.4595E-1 2.41025E-1 2.4021E-1 2.48036E-1 2.57544E-1 2.41117E-1 2.25675E-1 2.17197E-1 2.11971E-1 2.08323E-1 1.9832E-1 1.91088E-1 1.99528E-1 1.99062E-1 1.99023E-1 1.9736E-1 1.94123E-1 1.87352E-1 1.84067E-1 1.83646E-1 1.98906E-1 1.92498E-1 2.01419E-1 2.19492E-1 2.15877E-1 2.22395E-1 2.22923E-1 2.2869E-1 2.26807E-1 2.30184E-1 2.33382E-1 2.04227E-1 1.8966E-1 1.83097E-1 1.75153E-1 1.68936E-1 1.6572E-1
2.68874E-1 2.69738E-1 2.71215E-1 2.63672E-1 2.61309E-1 2.59983E-1 2.66851E-1 2.77356E-1 2.82992E-1 2.74646E-1 2.69762E-1 2.72103E-1 3.0784E-1 3.1668E-1 3.2197E-1 3.22035E-1 3.19607E-1 2.86412E-1 2.69343E-1 2.67025E-1 2.69412E-1 2.75736E-1 2.74038E-1 2.73913E-1 2.62386E-1 2.5487E-1 2.51774E-1 2.556E-1 2.57719E-1 2.61718E-1 2.40284E-1 2.33057E-1 2.37363E-1 2.23468E-1 2.14064E-1 2.05414E-1 2.08335E-1 2.09472E-1 2.07954E-1 2.10376E-1 2.02587E-1 2.00492E-1 2.08739E-1 1.99683E-1 2.04843E-1 2.09478E-1 2.17939E-1 2.21985E-1 2.21709E-1 2.29656E-1 2.27854E-1 2.31969E-1 2.31386E-1 2.37908E-1 2.22623E-1 2.1183E-1 2.07196E-1 1.90208E-1 1.80728E-1 1.78989E-1 1.75926E-1
2.76912E-1 2.80768E-1 2.77327E-1 2.71496E-1 2.61626E-1 2.62062E-1 2.72143E-1 2.85828E-1 2.85557E-1 2.79151E-1 2.72998E-1 2.72359E-1 2.88574E-1 2.97931E-1 3.04847E-1 3.04849E-1 2.93896E-1 2.91412E-1 2.8256E-1 2.81162E-1 2.83363E-1 2.8896E-1 2.90879E-1 2.87655E-1 2.84238E-1 2.75817E-1 2.68744E-1 2.68208E-1 2.7245E-1 2.57322E-1 2.47815E-1 2.3881E-1 2.38702E-1 2.403E-1 2.51361E-1 2.3111E-1 2.23691E-1 2.2626E-1 2.14485E-1 2.12278E-1 2.12026E-1 2.12644E-1 2.08715E-1 2.25373E-1 2.39538E-1 2.25967E-1 2.24418E-1 2.27998E-1 2.33917E-1 2.38766E-1 2.3804E-1 2.41879E-1 2.39171E-1 2.29898E-1 2.2285E-1 2.22653E-1 2.2193E-1 2.06104E-1 1.9155E-1 1.85382E-1 1.83754E-1
2.7756E-1 2.85459E-1 2.78709E-1 2.67363E-1 2.59327E-1 2.69238E-1 2.7773E-1 2.81056E-1 2.80009E-1 2.77542E-1 2.83207E-1 2.76618E-1 2.88941E-1 2.9778E-1 3.01068E-1 2.99216E-1 2.95546E-1 2.93997E-1 2.9258E-1 2.98155E-1 2.99631E-1 2.99915E-1 3.01021E-1 3.00209E-1 3.02443E-1 2.98116E-1 2.83949E-1 2.84242E-1 2.86083E-1 2.71072E-1 2.57892E-1 2.43496E-1 2.41732E-1 2.49674E-1 2.68527E-1 2.50139E-1 2.52056E-1 2.30881E-1 2.23413E-1 2.18885E-1 2.16194E-1 2.12888E-1 2.14064E-1 2.26482E-1 2.4112E-1 2.40632E-1 2.31609E-1 2.34688E-1 2.41482E-1 2.43429E-1 2.43455E-1 2.45467E-1 2.34197E-1 2.33866E-1 2.27004E-1 2.27843E-1 2.34432E-1 2.05867E-1 1.94344E-1 1.89812E-1 1.87112E-1
2.77074E-1 2.80635E-1 2.71643E-1 2.67064E-1 2.66929E-1 2.71169E-1 2.69785E-1 2.71264E-1 2.80861E-1 2.77931E-1 2.87926E-1 2.86734E-1 2.93718E-1 2.99817E-1 3.06858E-1 3.00326E-1 3.01577E-1 2.97145E-1 2.97877E-1 3.04096E-1 3.1525E-1 3.12792E-1 3.11853E-1 3.12443E-1 3.20296E-1 3.11472E-1 2.98753E-1 2.8808E-1 2.77976E-1 2.81759E-1 2.62571E-1 2.5351E-1 2.45188E-1 2.47723E-1 2.53237E-1 2.60802E-1 2.54486E-1 2.37582E-1 2.30155E-1 2.24868E-1 2.27071E-1 2.22638E-1 2.20292E-1 2.23267E-1 2.44692E-1 2.47308E-1 2.36733E-1 2.43445E-1 2.49048E-1 2.48743E-1 2.5159E-1 2.41198E-1 2.38017E-1 2.39374E-1 2.32934E-1 2.34411E-1 2.26999E-1 2.07123E-1 1.96769E-1 1.90308E-1 1.89938E-1
2.80333E-1 2.83963E-1 2.79131E-1 2.73705E-1 2.79975E-1 2.82299E-1 2.79837E-1 2.78106E-1 2.8116E-1 2.827E-1 2.86686E-1 2.94476E-1 2.99188E-1 3.05107E-1 3.10426E-1 3.0823E-1 3.06526E-1 3.01293E-1 3.09522E-1 3.18851E-1 3.16028E-1 3.14066E-1 3.13492E-1 3.11915E-1 3.20957E-1 3.12362E-1 3.07202E-1 2.93994E-1 2.82398E-1 2.72214E-1 2.67296E-1 2.59272E-1 2.51869E-1 2.51023E-1 2.60227E-1 2.65282E-1 2.6237E-1 2.46132E-1 2.34412E-1 2.35233E-1 2.29537E-1 2.22658E-1 2.25354E-1 2.31022E-1 2.43221E-1 2.52599E-1 2.48309E-1 2.54071E-1 2.59415E-1 2.60034E-1 2.52297E-1 2.39034E-1 2.37823E-1 2.34268E-1 2.27919E-1 2.28043E-1 2.1806E-1 2.12875E-1 2.0623E-1 2.04668E-1 2.0467E-1
2.92249E-1 2.94484E-1 2.89063E-1 2.83329E-1 2.86743E-1 2.93219E-1 2.90935E-1 2.90564E-1 2.93612E-1 2.95974E-1 2.95552E-1 2.97055E-1 3.06559E-1 3.13604E-1 3.18118E-1 3.18638E-1 3.15247E-1 3.10263E-1 3.21495E-1 3.27998E-1 3.24287E-1 3.15057E-1 3.096E-1 3.02389E-1 3.08442E-1 3.15801E-1 3.14425E-1 3.07882E-1 2.88677E-1 2.75296E-1 2.67927E-1 2.58798E-1 2.58513E-1 2.69895E-1 2.62722E-1 2.62115E-1 2.61744E-1 2.60382E-1 2.55581E-1 2.50574E-1 2.39512E-1 2.38519E-1 2.38991E-1 2.43195E-1 2.40115E-1 2.51308E-1 2.59443E-1 2.64481E-1 2.66157E-1 2.63614E-1 2.41075E-1 2.36252E-1 2.34557E-1 2.31501E-1 2.25051E-1 2.25505E-1 2.26344E-1 2.23574E-1 2.19497E-1 2.23417E-1 2.23805E-1
2.97151E-1 3.00912E-1 2.97535E-1 2.98291E-1 2.97657E-1 3.04281E-1 3.03807E-1 3.02101E-1 3.01267E-1 3.0231E-1 3.0362E-1 3.0407E-1 3.05364E-1 3.22213E-1 3.26105E-1 3.24827E-1 3.15835E-1 3.14854E-1 3.21933E-1 3.31025E-1 3.34568E-1 3.20147E-1 3.13795E-1 3.06077E-1 3.10882E-1 3.14712E-1 3.19573E-1 3.13885E-1 2.9868E-1 2.85357E-1 2.72432E-1 2.61937E-1 2.61175E-1 2.73097E-1 2.835E-1 2.55868E-1 2.52028E-1 2.54775E-1 2.6264E-1 2.51601E-1 2.41161E-1 2.46771E-1 2.54621E-1 2.52785E-1 2.49235E-1 2.53409E-1 2.68657E-1 2.68114E-1 2.70502E-1 2.56538E-1 2.3866E-1 2.29618E-1 2.27185E-1 2.26705E-1 2.29742E-1 2.32911E-1 2.36649E-1 2.25083E-1 2.24492E-1 2.35492E-1 2.39079E-1
3.13002E-1 3.09252E-1 3.09586E-1 3.16084E-1 3.19606E-1 3.17858E-1 3.0633E-1 3.03859E-1 3.01056E-1 3.06381E-1 3.05123E-1 3.05191E-1 3.18528E-1 3.3903E-1 3.54556E-1 3.43296E-1 3.35716E-1 3.30261E-1 3.30119E-1 3.35437E-1 3.26646E-1 3.2485E-1 3.22841E-1 3.18734E-1 3.21069E-1 3.27062E-1 3.2836E-1 3.19216E-1 3.11539E-1 2.96459E-1 2.76848E-1 2.6318E-1 2.57082E-1 2.665E-1 2.98321E-1 2.5863E-1 2.50334E-1 2.51941E-1 2.58174E-1 2.6417E-1 2.64778E-1 2.57029E-1 2.56262E-1 2.61881E-1 2.74602E-1 2.74255E-1 2.73512E-1 2.69159E-1 2.66659E-1 2.40971E-1 2.32238E-1 2.33292E-1 2.36643E-1 2.37021E-1 2.41596E-1 2.40477E-1 2.45253E-1 2.39681E-1 2.37472E-1 2.456E-1 2.48048E-1
