maxent_outputs/red_flowers_linear/red_125.asc
ncols         426
nrows         180
xllcorner     -130.0
yllcorner     24.0
cellsize      0.16666666666666666
NODATA_value  -9999
[rows 54 to 80 of 180, columns 122 to 182 of 426]
3.42933E-1 3.40886E-1 3.16949E-1 2.81558E-1 2.90246E-1 2.63224E-1 2.48588E-1 2.55432E-1 2.7458E-1 3.07929E-1 3.24606E-1 3.39681E-1 3.54056E-1 3.35508E-1 2.93794E-1 2.84104E-1 2.69443E-1 2.84988E-1 2.94439E-1 2.90699E-1 2.80313E-1 2.77644E-1 2.70929E-1 2.70356E-1 2.72777E-1 2.75502E-1 2.75326E-1 2.71591E-1 2.71937E-1 2.7632E-1 2.90667E-1 2.96938E-1 3.01745E-1 3.05396E-1 3.158E-1 3.26308E-1 3.47757E-1 3.50489E-1 3.2683E-1 2.86014E-1 2.59882E-1 2.43396E-1 2.37075E-1 2.44533E-1 2.46025E-1 2.47578E-1 2.4698E-1 2.47666E-1 2.51894E-1 2.56811E-1 2.60511E-1 2.6109E-1 2.57419E-1 2.59362E-1 2.545E-1 2.60583E-1 2.38489E-1 2.36519E-1 2.31726E-1 2.27155E-1 2.24907E-1
3.52941E-1 3.41508E-1 3.22694E-1 3.25848E-1 2.94288E-1 2.69927E-1 2.5473E-1 2.53512E-1 2.69777E-1 2.84264E-1 3.1805E-1 3.27292E-1 3.36658E-1 3.52296E-1 3.51779E-1 2.94722E-1 2.80698E-1 2.84191E-1 2.93424E-1 2.8735E-1 2.81202E-1 2.78121E-1 2.78684E-1 2.71745E-1 2.6855E-1 2.71662E-1 2.72412E-1 2.71075E-1 2.73365E-1 2.84978E-1 2.88E-1 3.0281E-1 3.14617E-1 3.18563E-1 3.30263E-1 3.50166E-1 3.77903E-1 4.08471E-1 3.4899E-1 3.02011E-1 2.74662E-1 2.6942E-1 2.585E-1 2.54799E-1 2.53857E-1 2.55077E-1 2.60593E-1 2.59607E-1 2.57166E-1 2.63401E-1 2.64221E-1 2.68243E-1 2.70165E-1 2.79668E-1 2.85488E-1 2.50145E-1 2.44734E-1 2.42329E-1 2.37428E-1 2.32842E-1 2.32695E-1
3.77792E-1 3.61132E-1 3.32384E-1 3.25556E-1 2.98443E-1 2.90378E-1 2.62073E-1 2.51484E-1 2.4397E-1 2.5235E-1 2.72595E-1 3.09486E-1 3.34051E-1 3.2604E-1 3.48233E-1 3.41447E-1 3.31912E-1 2.94276E-1 2.83053E-1 2.84145E-1 2.87059E-1 2.80483E-1 2.74727E-1 2.76175E-1 2.74245E-1 2.77683E-1 2.70487E-1 2.71754E-1 2.65423E-1 2.69745E-1 2.83204E-1 3.04491E-1 3.06642E-1 3.1845E-1 3.30988E-1 3.4286E-1 3.73469E-1 3.97372E-1 3.66201E-1 3.2538E-1 2.96889E-1 2.79995E-1 2.76608E-1 2.78887E-1 2.78119E-1 2.77928E-1 2.75412E-1 2.7539E-1 2.69186E-1 2.70418E-1 2.74076E-1 2.69787E-1 2.66521E-1 2.65859E-1 2.92388E-1 2.57038E-1 2.4717E-1 2.46677E-1 2.41688E-1 2.39939E-1 2.439E-1
3.5385E-1 3.32375E-1 3.25159E-1 3.23918E-1 3.09548E-1 2.91618E-1 2.75116E-1 2.5611E-1 2.45567E-1 2.37262E-1 2.50995E-1 2.92597E-1 3.26012E-1 3.25938E-1 3.29324E-1 3.44104E-1 3.44429E-1 2.98773E-1 2.92584E-1 2.86523E-1 2.82971E-1 2.80548E-1 2.75E-1 2.72037E-1 2.80073E-1 2.77017E-1 2.7867E-1 2.67703E-1 2.60423E-1 2.66296E-1 2.75701E-1 2.77495E-1 2.83315E-1 3.25799E-1 3.39749E-1 3.49159E-1 3.53233E-1 3.47363E-1 3.48538E-1 3.35811E-1 3.2002E-1 2.99128E-1 2.90431E-1 2.8919E-1 2.88533E-1 2.89273E-1 2.82254E-1 2.76345E-1 2.70747E-1 2.71444E-1 2.73485E-1 2.67424E-1 2.65553E-1 2.66221E-1 2.76009E-1 2.7341E-1 2.54859E-1 2.50586E-1 2.46612E-1 2.44955E-1 2.47615E-1
3.65312E-1 3.56746E-1 3.55079E-1 2.8255E-1 2.80564E-1 2.80509E-1 2.77474E-1 2.68736E-1 2.59127E-1 2.47135E-1 2.40307E-1 2.58511E-1 2.92012E-1 3.16731E-1 3.19306E-1 3.30565E-1 3.34562E-1 3.11819E-1 2.9258E-1 2.85265E-1 2.85822E-1 2.7925E-1 2.72212E-1 2.72781E-1 2.78174E-1 2.7954E-1 2.81098E-1 2.72948E-1 2.67915E-1 2.59972E-1 2.62437E-1 2.67404E-1 2.87147E-1 3.00274E-1 3.04906E-1 3.19025E-1 3.31062E-1 3.38268E-1 3.31548E-1 3.30359E-1 3.23431E-1 3.11423E-1 3.01537E-1 2.91826E-1 2.97724E-1 2.86152E-1 2.79104E-1 2.76254E-1 2.77684E-1 2.77371E-1 2.73756E-1 2.77267E-1 2.78052E-1 2.7551E-1 2.72157E-1 2.67496E-1 2.66408E-1 2.67337E-1 2.64532E-1 2.58584E-1 2.57009E-1
3.55305E-1 3.60274E-1 3.2217E-1 2.78291E-1 2.73455E-1 2.77763E-1 2.76613E-1 2.62586E-1 2.45394E-1 2.45198E-1 2.40041E-1 2.5557E-1 2.64182E-1 2.83843E-1 3.13115E-1 3.14802E-1 3.26842E-1 3.05436E-1 2.86642E-1 2.83788E-1 2.85157E-1 2.8593E-1 2.78862E-1 2.78314E-1 2.78669E-1 2.83878E-1 2.84341E-1 2.79041E-1 2.73928E-1 2.73722E-1 2.70597E-1 2.8291E-1 2.91406E-1 2.91918E-1 2.90815E-1 3.17166E-1 3.31572E-1 3.35033E-1 3.26644E-1 3.22828E-1 3.22017E-1 3.14423E-1 3.06868E-1 3.01275E-1 2.93025E-1 2.85461E-1 2.87302E-1 2.83807E-1 2.83328E-1 2.79962E-1 2.78924E-1 2.80741E-1 2.82468E-1 2.82171E-1 2.75427E-1 2.69183E-1 2.70414E-1 2.66406E-1 2.71724E-1 2.71891E-1 2.76076E-1
3.50416E-1 3.40947E-1 3.5076E-1 3.16109E-1 2.79765E-1 2.70393E-1 2.73939E-1 2.69147E-1 2.62666E-1 2.44686E-1 2.41446E-1 2.56429E-1 2.76093E-1 2.62723E-1 2.89302E-1 3.0089E-1 3.23285E-1 3.06333E-1 2.89987E-1 2.79145E-1 2.81642E-1 2.91513E-1 2.91818E-1 2.85027E-1 2.83668E-1 2.85252E-1 2.82693E-1 2.82189E-1 2.77937E-1 2.80651E-1 2.80022E-1 2.85889E-1 3.11118E-1 3.12591E-1 2.8589E-1 2.9888E-1 3.32458E-1 3.42485E-1 3.28579E-1 3.15607E-1 3.11204E-1 3.04688E-1 3.03992E-1 3.04576E-1 3.07289E-1 2.91408E-1 2.86309E-1 2.86674E-1 2.88608E-1 2.86516E-1 2.84463E-1 2.85809E-1 2.85813E-1 2.87354E-1 2.88552E-1 2.87594E-1 2.85951E-1 2.81324E-1 2.76407E-1 2.74233E-1 2.6777E-1
3.39105E-1 3.38931E-1 3.44422E-1 3.48107E-1 2.83733E-1 2.74042E-1 2.70078E-1 2.63405E-1 2.49866E-1 2.50347E-1 2.6074E-1 2.6562E-1 2.82123E-1 2.72954E-1 2.84216E-1 2.99533E-1 3.10905E-1 3.00628E-1 2.86184E-1 2.84362E-1 2.89998E-1 2.8931E-1 2.88084E-1 2.89975E-1 2.83397E-1 2.86753E-1 2.91229E-1 2.84445E-1 2.8074E-1 2.81093E-1 2.8303E-1 2.84187E-1 2.91858E-1 3.0938E-1 3.00195E-1 3.12557E-1 3.26771E-1 3.38779E-1 3.24021E-1 3.08435E-1 3.02276E-1 3.02998E-1 3.06672E-1 3.02238E-1 2.96624E-1 3.00521E-1 3.06436E-1 3.00302E-1 2.9644E-1 2.91606E-1 2.90206E-1 2.87306E-1 2.89033E-1 2.95741E-1 3.01172E-1 2.94546E-1 2.8933E-1 2.87515E-1 2.88609E-1 2.92343E-1 2.92084E-1
2.91199E-1 2.80917E-1 3.18328E-1 2.97773E-1 2.82642E-1 2.83426E-1 2.80232E-1 2.71381E-1 2.69982E-1 2.82061E-1 2.85515E-1 2.87152E-1 2.8724E-1 2.93794E-1 2.91688E-1 2.99144E-1 2.96928E-1 2.90319E-1 2.87609E-1 2.90087E-1 2.90278E-1 2.93965E-1 2.87994E-1 2.8478E-1 2.88431E-1 2.87073E-1 2.96017E-1 2.97868E-1 2.86389E-1 2.8126E-1 2.86449E-1 2.94592E-1 2.92169E-1 3.00459E-1 3.04974E-1 3.10667E-1 3.22824E-1 3.37745E-1 3.18904E-1 3.07679E-1 3.05195E-1 3.06812E-1 2.99892E-1 2.963E-1 3.04351E-1 3.0659E-1 3.09556E-1 3.1013E-1 3.03998E-1 2.97197E-1 2.97523E-1 2.9567E-1 2.98176E-1 3.10052E-1 3.07164E-1 3.00109E-1 2.9988E-1 3.01027E-1 2.99521E-1 3.03134E-1 3.037E-1
3.43666E-1 3.0785E-1 3.23523E-1 3.2277E-1 3.09375E-1 2.74933E-1 2.6426E-1 2.60749E-1 2.68176E-1 2.81124E-1 2.86469E-1 2.62633E-1 2.72912E-1 2.83794E-1 2.97227E-1 3.07945E-1 3.01643E-1 2.92557E-1 2.81663E-1 2.85773E-1 2.81132E-1 2.85833E-1 2.86601E-1 2.90994E-1 2.97618E-1 2.95378E-1 2.9876E-1 2.95699E-1 2.96666E-1 2.99773E-1 3.01724E-1 2.97902E-1 2.95329E-1 2.94717E-1 2.99494E-1 3.08649E-1 3.19874E-1 3.25755E-1 3.11103E-1 3.04133E-1 3.00785E-1 2.90827E-1 2.88199E-1 2.99196E-1 3.00904E-1 3.01479E-1 3.0259E-1 3.00202E-1 2.97606E-1 2.94032E-1 2.96221E-1 3.00277E-1 3.0594E-1 3.14103E-1 3.0411E-1 3.0663E-1 3.0607E-1 3.07673E-1 3.08286E-1 3.09091E-1 3.10652E-1
3.63114E-1 3.38996E-1 2.91475E-1 2.93483E-1 2.80346E-1 2.63413E-1 2.52429E-1 2.43631E-1 2.39189E-1 2.43496E-1 2.52384E-1 2.57085E-1 2.58584E-1 2.69404E-1 2.84076E-1 2.96397E-1 2.92505E-1 2.85796E-1 2.80779E-1 2.83093E-1 2.85984E-1 2.8797E-1 2.9094E-1 2.9703E-1 3.0557E-1 3.04873E-1 2.97803E-1 2.97526E-1 3.02906E-1 3.04346E-1 3.03259E-1 2.98724E-1 3.00514E-1 3.01548E-1 2.97671E-1 3.00217E-1 3.04958E-1 3.04721E-1 3.02728E-1 3.03272E-1 2.97008E-1 2.95512E-1 3.04103E-1 2.99664E-1 2.90936E-1 2.90649E-1 2.90168E-1 2.97865E-1 2.91382E-1 2.85215E-1 2.93537E-1 3.04615E-1 3.13647E-1 3.06935E-1 2.99289E-1 2.9911E-1 3.05185E-1 3.04983E-1 3.06934E-1 3.11647E-1 3.13664E-1
3.64461E-1 3.38571E-1 3.40674E-1 2.86822E-1 2.64208E-1 2.53332E-1 2.4258E-1 2.40599E-1 2.39563E-1 2.45724E-1 2.53395E-1 2.63122E-1 2.72329E-1 2.76414E-1 2.79833E-1 2.80361E-1 2.76788E-1 2.7875E-1 2.76144E-1 2.81199E-1 2.83931E-1 2.8392E-1 2.91881E-1 2.95038E-1 3.05031E-1 3.12207E-1 3.11233E-1 3.07923E-1 3.029E-1 3.06715E-1 3.03833E-1 3.07625E-1 3.03752E-1 3.04961E-1 3.04765E-1 3.01123E-1 2.97131E-1 2.97961E-1 3.006E-1 3.0414E-1 2.99858E-1 3.00019E-1 2.934E-1 2.91374E-1 2.88844E-1 2.91038E-1 2.90173E-1 2.96414E-1 3.00205E-1 2.99014E-1 2.99718E-1 3.03173E-1 2.99744E-1 2.99837E-1 2.99663E-1 3.04399E-1 3.05919E-1 3.09194E-1 3.12312E-1 3.1623E-1 3.16838E-1
2.97484E-1 3.27987E-1 3.41682E-1 3.36029E-1 2.73623E-1 2.47466E-1 2.42209E-1 2.41137E-1 2.47879E-1 2.60524E-1 2.66972E-1 2.74443E-1 2.8428E-1 2.91109E-1 2.90389E-1 2.84263E-1 2.83299E-1 2.80963E-1 2.88041E-1 2.97561E-1 3.05744E-1 2.96452E-1 2.94597E-1 3.00542E-1 2.98304E-1 2.99167E-1 3.04214E-1 3.07153E-1 3.04058E-1 3.0484E-1 3.06811E-1 3.07258E-1 3.05572E-1 3.0501E-1 3.03794E-1 2.96167E-1 2.99507E-1 3.02544E-1 3.04356E-1 2.9945E-1 2.96925E-1 3.01867E-1 2.99458E-1 2.96432E-1 2.95662E-1 2.93153E-1 2.97226E-1 2.97202E-1 3.01645E-1 3.04391E-1 3.0334E-1 3.07392E-1 3.07691E-1 3.0651E-1 3.0624E-1 3.1125E-1 3.14147E-1 3.18589E-1 3.20939E-1 3.2298E-1 3.24824E-1
2.28864E-1 2.96929E-1 3.24262E-1 3.36567E-1 3.29885E-1 2.73079E-1 2.53391E-1 2.57241E-1 2.64773E-1 2.71466E-1 2.68027E-1 2.75501E-1 2.70391E-1 2.68596E-1 2.83568E-1 2.8801E-1 2.86012E-1 2.84922E-1 2.8858E-1 3.02162E-1 3.11499E-1 3.0442E-1 3.03438E-1 3.01951E-1 3.06057E-1 3.01999E-1 2.91495E-1 2.93531E-1 2.91286E-1 2.92746E-1 3.05724E-1 3.02108E-1 2.89936E-1 2.85092E-1 2.91049E-1 2.98157E-1 3.0728E-1 3.17336E-1 3.18447E-1 3.18665E-1 3.19816E-1 3.06133E-1 2.99517E-1 2.96759E-1 2.94325E-1 2.93854E-1 2.93137E-1 2.98781E-1 3.05921E-1 3.10934E-1 3.1155E-1 3.08833E-1 3.11051E-1 3.10009E-1 3.0722E-1 3.13177E-1 3.19123E-1 3.2398E-1 3.35379E-1 3.33244E-1 3.33088E-1
2.14842E-1 2.2557E-1 2.81053E-1 3.0772E-1 3.27399E-1 3.034E-1 2.74031E-1 2.74622E-1 2.64091E-1 2.59354E-1 2.6975E-1 2.69567E-1 2.69073E-1 2.73555E-1 2.80579E-1 2.78164E-1 2.69582E-1 2.90589E-1 2.87776E-1 2.90808E-1 2.90576E-1 2.97312E-1 3.12468E-1 3.05236E-1 3.18343E-1 3.14875E-1 2.9939E-1 2.98801E-1 2.94949E-1 2.96483E-1 3.09178E-1 3.12122E-1 2.91241E-1 2.79445E-1 2.74152E-1 2.78913E-1 2.93954E-1 3.09039E-1 3.08482E-1 3.07438E-1 3.0607E-1 3.06597E-1 2.99401E-1 2.97563E-1 2.96178E-1 2.95906E-1 2.98622E-1 3.06351E-1 3.10446E-1 3.13401E-1 3.17383E-1 3.16574E-1 3.18178E-1 3.0911E-1 3.08457E-1 3.17653E-1 3.2049E-1 3.25685E-1 3.33578E-1 3.33663E-1 3.25553E-1
2.11242E-1 2.13825E-1 2.24048E-1 2.35108E-1 2.52097E-1 2.60691E-1 2.57189E-1 2.64698E-1 2.60599E-1 2.6848E-1 2.78208E-1 2.89901E-1 2.80878E-1 2.79588E-1 2.84922E-1 2.8206E-1 2.85334E-1 2.94072E-1 2.9545E-1 3.01103E-1 2.72675E-1 2.58182E-1 2.88564E-1 3.08738E-1 3.25335E-1 3.15798E-1 3.22106E-1 3.16597E-1 3.12561E-1 3.06642E-1 3.12183E-1 3.04002E-1 2.92756E-1 2.86327E-1 2.79761E-1 2.79752E-1 2.85064E-1 2.884E-1 2.95001E-1 2.98829E-1 3.04439E-1 3.03585E-1 3.01786E-1 2.94653E-1 2.98567E-1 3.02061E-1 3.03525E-1 3.09329E-1 3.12748E-1 3.13637E-1 3.17869E-1 3.18811E-1 3.18598E-1 3.1103E-1 3.14827E-1 3.13504E-1 3.1601E-1 3.2094E-1 3.27363E-1 3.29509E-1 3.23998E-1
2.06621E-1 2.11472E-1 2.10986E-1 2.23847E-1 2.4539E-1 2.66753E-1 2.63874E-1 2.6144E-1 2.62647E-1 2.51927E-1 2.44088E-1 2.47275E-1 2.80743E-1 2.79035E-1 2.94346E-1 2.87005E-1 2.93563E-1 2.97505E-1 3.06613E-1 3.03044E-1 2.93607E-1 2.85545E-1 2.74639E-1 2.84512E-1 3.06873E-1 3.18541E-1 3.29367E-1 3.37621E-1 3.32348E-1 3.35926E-1 3.34153E-1 3.24398E-1 3.12584E-1 3.00713E-1 2.90497E-1 2.8873E-1 2.90613E-1 2.90743E-1 2.95198E-1 3.00989E-1 3.08472E-1 3.03885E-1 3.02539E-1 2.99702E-1 2.9711E-1 3.00144E-1 3.03443E-1 3.04639E-1 3.09901E-1 3.15958E-1 3.16984E-1 3.19361E-1 3.18944E-1 3.14414E-1 3.15476E-1 3.09262E-1 3.08925E-1 3.1638E-1 3.21093E-1 3.23341E-1 3.22003E-1
2.30713E-1 2.23033E-1 2.32368E-1 2.59167E-1 2.59411E-1 2.60691E-1 2.49213E-1 2.50145E-1 2.52673E-1 2.55437E-1 2.56596E-1 2.61374E-1 2.72775E-1 2.75375E-1 2.8107E-1 2.9043E-1 2.92274E-1 2.89914E-1 3.10443E-1 3.05494E-1 3.12139E-1 3.0471E-1 2.93234E-1 2.85732E-1 2.95327E-1 3.0567E-1 3.35282E-1 3.42037E-1 3.39749E-1 3.40293E-1 3.40219E-1 3.28467E-1 3.17506E-1 3.0927E-1 3.02184E-1 2.99032E-1 3.00008E-1 3.01014E-1 3.00753E-1 3.048E-1 3.0735E-1 3.06666E-1 3.01375E-1 2.98827E-1 2.95743E-1 3.00873E-1 3.0818E-1 3.0937E-1 3.20079E-1 3.27164E-1 3.28031E-1 3.23901E-1 3.18117E-1 3.14439E-1 3.16622E-1 3.16973E-1 3.10724E-1 3.12096E-1 3.1938E-1 3.22277E-1 3.16873E-1
2.42624E-1 2.40951E-1 2.52772E-1 2.59674E-1 2.68718E-1 2.59208E-1 2.52842E-1 2.5606E-1 2.57693E-1 2.5886E-1 2.66433E-1 2.74212E-1 2.78501E-1 2.87021E-1 3.04986E-1 3.07657E-1 3.01263E-1 2.95257E-1 3.00644E-1 3.08113E-1 3.17481E-1 3.15334E-1 3.0559E-1 2.97827E-1 2.98656E-1 3.14653E-1 3.3954E-1 3.38106E-1 3.40054E-1 3.36899E-1 3.38052E-1 3.27442E-1 3.20463E-1 3.16662E-1 3.10974E-1 3.13823E-1 3.13329E-1 3.1187E-1 3.14312E-1 3.16371E-1 3.14557E-1 3.07419E-1 3.00154E-1 2.97788E-1 3.00271E-1 3.07914E-1 3.18351E-1 3.26023E-1 3.36499E-1 3.37579E-1 3.34387E-1 3.27103E-1 3.18921E-1 3.16456E-1 3.21505E-1 3.28032E-1 3.27654E-1 3.23109E-1 3.19608E-1 3.14348E-1 3.14276E-1
2.46366E-1 2.44602E-1 2.65094E-1 2.72345E-1 2.77025E-1 2.716E-1 2.6749E-1 2.5629E-1 2.6508E-1 2.59585E-1 2.65619E-1 2.76674E-1 2.82468E-1 2.92189E-1 3.12525E-1 3.10991E-1 3.07606E-1 2.97191E-1 3.14976E-1 3.29473E-1 3.35422E-1 3.31251E-1 3.17324E-1 3.06265E-1 2.99324E-1 3.15184E-1 3.29859E-1 3.37115E-1 3.39867E-1 3.35112E-1 3.31286E-1 3.35904E-1 3.35736E-1 3.29941E-1 3.19851E-1 3.36872E-1 3.37984E-1 3.28123E-1 3.1887E-1 3.19416E-1 3.20383E-1 3.14498E-1 3.04215E-1 2.97786E-1 3.03137E-1 3.16876E-1 3.34163E-1 3.49761E-1 3.57238E-1 3.47322E-1 3.34302E-1 3.23347E-1 3.14305E-1 3.14962E-1 3.21012E-1 3.28574E-1 3.30442E-1 3.22185E-1 3.19512E-1 3.18039E-1 3.16704E-1
2.59319E-1 2.65951E-1 2.75581E-1 2.7525E-1 2.7491E-1 2.82793E-1 2.71551E-1 2.6586E-1 2.72644E-1 2.73719E-1 2.69311E-1 2.81833E-1 2.89474E-1 3.09589E-1 3.1039E-1 3.11388E-1 3.08391E-1 2.91373E-1 3.35393E-1 3.31311E-1 3.61713E-1 3.47808E-1 3.27631E-1 3.07782E-1 3.01362E-1 3.14159E-1 3.37733E-1 3.45475E-1 3.43627E-1 3.37108E-1 3.35892E-1 3.37408E-1 3.35169E-1 3.32547E-1 3.30114E-1 3.29947E-1 3.3229E-1 3.34735E-1 3.35441E-1 3.25414E-1 3.16034E-1 3.15411E-1 3.1213E-1 3.09856E-1 3.12922E-1 3.25881E-1 3.47441E-1 3.70891E-1 3.72209E-1 3.50692E-1 3.3222E-1 3.1796E-1 3.05145E-1 3.11088E-1 3.19973E-1 3.22051E-1 3.24314E-1 3.19922E-1 3.1713E-1 3.19642E-1 3.19989E-1
2.68426E-1 2.7434E-1 2.82185E-1 2.96224E-1 2.87084E-1 2.78307E-1 2.85278E-1 2.71163E-1 2.7388E-1 2.7919E-1 2.81836E-1 2.89575E-1 2.95692E-1 3.05114E-1 3.11678E-1 3.15868E-1 3.0436E-1 2.98817E-1 3.35783E-1 3.73307E-1 3.83531E-1 3.75465E-1 3.41608E-1 3.14477E-1 3.03396E-1 3.14155E-1 3.35928E-1 3.43829E-1 3.41685E-1 3.36007E-1 3.32537E-1 3.40783E-1 3.3927E-1 3.36558E-1 3.31263E-1 3.28999E-1 3.32226E-1 3.34952E-1 3.30735E-1 3.28311E-1 3.24748E-1 3.2433E-1 3.18649E-1 3.14956E-1 3.19824E-1 3.28483E-1 3.4419E-1 3.59218E-1 3.58574E-1 3.45342E-1 3.33088E-1 3.20366E-1 3.12963E-1 3.13244E-1 3.14861E-1 3.17832E-1 3.20637E-1 3.17681E-1 3.19278E-1 3.19178E-1 3.21122E-1
2.8065E-1 2.80603E-1 2.90928E-1 2.92648E-1 2.92094E-1 2.8373E-1 2.88282E-1 2.85316E-1 2.82075E-1 2.82355E-1 2.96742E-1 2.9619E-1 3.08965E-1 3.04311E-1 3.25224E-1 3.89501E-1 3.53189E-1 3.19293E-1 3.27037E-1 3.71271E-1 3.89647E-1 3.72268E-1 3.62314E-1 3.3512E-1 3.17704E-1 3.24906E-1 3.34504E-1 3.4073E-1 3.46325E-1 3.41179E-1 3.3777E-1 3.40374E-1 3.36584E-1 3.31778E-1 3.30067E-1 3.32976E-1 3.32309E-1 3.2902E-1 3.26773E-1 3.21589E-1 3.23883E-1 3.25859E-1 3.26914E-1 3.20989E-1 3.20111E-1 3.25468E-1 3.34167E-1 3.38438E-1 3.3308E-1 3.3056E-1 3.25273E-1 3.19666E-1 3.1569E-1 3.17309E-1 3.17583E-1 3.1671E-1 3.16752E-1 3.1988E-1 3.19035E-1 3.17521E-1 3.19001E-1
3.02548E-1 2.97193E-1 3.0463E-1 2.97648E-1 3.06446E-1 2.91659E-1 2.93659E-1 2.92279E-1 2.94814E-1 2.9582E-1 2.89043E-1 2.95863E-1 3.0315E-1 3.08788E-1 3.25633E-1 3.5757E-1 3.87165E-1 3.92512E-1 3.69923E-1 3.61328E-1 3.96558E-1 3.82686E-1 3.63474E-1 3.54642E-1 3.40693E-1 3.37512E-1 3.4305E-1 3.54342E-1 3.59209E-1 3.54484E-1 3.4989E-1 3.40783E-1 3.36861E-1 3.28334E-1 3.30513E-1 3.31601E-1 3.32437E-1 3.32612E-1 3.32156E-1 3.24515E-1 3.24504E-1 3.33183E-1 3.33685E-1 3.23916E-1 3.17209E-1 3.18347E-1 3.18445E-1 3.18068E-1 3.21227E-1 3.18976E-1 3.15984E-1 3.18816E-1 3.17618E-1 3.2622E-1 3.27418E-1 3.22998E-1 3.21231E-1 3.19722E-1 3.18726E-1 3.16991E-1 3.17754E-1
3.23315E-1 3.18439E-1 3.14743E-1 3.17753E-1 3.19798E-1 3.06714E-1 2.98126E-1 2.98253E-1 2.97561E-1 2.90535E-1 3.04238E-1 3.11089E-1 3.14489E-1 3.52697E-1 3.37806E-1 3.50174E-1 3.82182E-1 3.98161E-1 4.08678E-1 3.77096E-1 3.80916E-1 4.04028E-1 3.74944E-1 3.82863E-1 3.79371E-1 3.7218E-1 3.7293E-1 3.79237E-1 3.66366E-1 3.6209E-1 3.54551E-1 3.41265E-1 3.27098E-1 3.27276E-1 3.31212E-1 3.34237E-1 3.3677E-1 3.31664E-1 3.32635E-1 3.29369E-1 3.29298E-1 3.30551E-1 3.29525E-1 3.23934E-1 3.18531E-1 3.17299E-1 3.20563E-1 3.22978E-1 3.2551E-1 3.22722E-1 3.16838E-1 3.20371E-1 3.21033E-1 3.24547E-1 3.31894E-1 3.34267E-1 3.29921E-1 3.24919E-1 3.22084E-1 3.2223E-1 3.21437E-1
3.51479E-1 3.08961E-1 3.01172E-1 3.2778E-1 3.18863E-1 3.11551E-1 3.08764E-1 2.77581E-1 2.88634E-1 2.99615E-1 3.18009E-1 3.28808E-1 3.23882E-1 3.72203E-1 3.79466E-1 3.78543E-1 3.61615E-1 3.77524E-1 4.00982E-1 3.68932E-1 3.67156E-1 3.65887E-1 4.0959E-1 3.97985E-1 3.8618E-1 3.86509E-1 3.82225E-1 3.64412E-1 3.55561E-1 3.4866E-1 3.48827E-1 3.42814E-1 3.28362E-1 3.29569E-1 3.29077E-1 3.28148E-1 3.23685E-1 3.20254E-1 3.19716E-1 3.2103E-1 3.26901E-1 3.27486E-1 3.23042E-1 3.22199E-1 3.22418E-1 3.19164E-1 3.23841E-1 3.2782E-1 3.30582E-1 3.24713E-1 3.2299E-1 3.262E-1 3.26372E-1 3.29591E-1 3.27802E-1 3.27917E-1 3.25115E-1 3.2543E-1 3.29875E-1 3.33604E-1 3.34436E-1
3.05644E-1 2.80069E-1 2.85919E-1 3.13333E-1 3.43622E-1 3.30213E-1 3.19226E-1 2.96008E-1 2.86109E-1 2.88692E-1 3.02873E-1 3.12565E-1 3.14129E-1 3.09343E-1 3.24905E-1 3.54516E-1 3.20842E-1 3.88276E-1 3.95919E-1 3.69004E-1 3.63744E-1 3.64058E-1 3.94584E-1 4.06043E-1 4.01525E-1 4.07791E-1 3.92467E-1 3.56772E-1 3.39036E-1 3.37598E-1 3.3914E-1 3.36593E-1 3.36364E-1 3.29043E-1 3.22687E-1 3.19698E-1 3.19759E-1 3.16902E-1 3.13886E-1 3.20716E-1 3.23609E-1 3.23998E-1 3.23415E-1 3.29366E-1 3.27129E-1 3.23558E-1 3.20969E-1 3.28926E-1 3.3611E-1 3.31851E-1 3.28576E-1 3.33061E-1 3.33143E-1 3.36359E-1 3.356E-1 3.27397E-1 3.2405E-1 3.25629E-1 3.34684E-1 3.38653E-1 3.38687E-1
