maxent_outputs/red_flowers_linear/red_321.asc
ncols         426
nrows         180
xllcorner     -130.0
yllcorner     24.0
cellsize      0.16666666666666666
NODATA_value  -9999
[rows 27 to 53 of 180, columns 183 to 243 of 426]
2.33426E-3 2.21671E-3 2.15348E-3 2.05797E-3 1.91294E-3 1.92223E-3 2.03787E-3 2.15471E-3 2.08145E-3 2.07204E-3 1.96173E-3 1.8882E-3 1.80491E-3 1.70079E-3 1.62765E-3 1.65753E-3 1.68639E-3 1.6643E-3 1.73503E-3 1.81312E-3 1.89936E-3 1.89529E-3 1.82193E-3 1.74036E-3 1.68008E-3 1.6805E-3 1.91413E-3 2.03018E-3 2.09936E-3 2.05464E-3 2.05391E-3 2.14025E-3 2.21288E-3 2.2012E-3 2.21349E-3 2.19034E-3 2.14231E-3 2.07126E-3 2.04933E-3 2.08027E-3 2.20131E-3 2.0321E-3 2.11279E-3 2.03355E-3 1.7447E-3 1.78863E-3 1.82136E-3 1.73214E-3 1.53141E-3 1.427E-3 1.38043E-3 1.40626E-3 1.3571E-3 1.44768E-3 1.347E-3 1.36911E-3 1.35303E-3 1.27322E-3 1.23092E-3 1.1978E-3 1.28025E-3
2.42374E-3 2.33963E-3 2.30407E-3 2.17678E-3 2.03118E-3 2.012E-3 2.00488E-3 2.20268E-3 2.26347E-3 2.2074E-3 2.10159E-3 1.97441E-3 1.8938E-3 1.78855E-3 1.6817E-3 1.72764E-3 1.73862E-3 1.70111E-3 1.77818E-3 1.80464E-3 1.84082E-3 1.89841E-3 1.87853E-3 1.81681E-3 1.79732E-3 1.84555E-3 1.86153E-3 2.29344E-3 2.32733E-3 2.13619E-3 2.10854E-3 2.17173E-3 2.23991E-3 2.23963E-3 2.28731E-3 2.29894E-3 2.28413E-3 2.08697E-3 2.1531E-3 2.21648E-3 2.04752E-3 1.92777E-3 1.9304E-3 1.8997E-3 1.83731E-3 1.90493E-3 2.01632E-3 1.78651E-3 1.61391E-3 1.56079E-3 1.55492E-3 1.37469E-3 1.32588E-3 1.32814E-3 1.27845E-3 1.3983E-3 1.26305E-3 1.26521E-3 1.23821E-3 1.27668E-3 1.31747E-3
2.40446E-3 2.33021E-3 2.33159E-3 2.1753E-3 2.10109E-3 2.1092E-3 2.1117E-3 2.17129E-3 2.46582E-3 2.30357E-3 2.17558E-3 2.13461E-3 2.00439E-3 1.8959E-3 1.76235E-3 1.78681E-3 1.81973E-3 1.86131E-3 1.87144E-3 1.83311E-3 1.85991E-3 1.75791E-3 1.78633E-3 1.74039E-3 1.84325E-3 2.37644E-3 2.55419E-3 2.57497E-3 2.44322E-3 2.2792E-3 2.44509E-3 2.18734E-3 2.20508E-3 2.19042E-3 2.23454E-3 2.31185E-3 2.28156E-3 2.22273E-3 2.18857E-3 2.1302E-3 2.11608E-3 2.03393E-3 1.92994E-3 2.0554E-3 2.09892E-3 2.45677E-3 2.29448E-3 1.95902E-3 1.74261E-3 1.79216E-3 1.79459E-3 1.52057E-3 1.41312E-3 1.40326E-3 1.32516E-3 1.25463E-3 1.44007E-3 1.24547E-3 1.22505E-3 1.22521E-3 1.22449E-3
2.35703E-3 2.46429E-3 2.41225E-3 2.29961E-3 2.18016E-3 2.07612E-3 1.98525E-3 2.07468E-3 2.38341E-3 2.37532E-3 2.30344E-3 2.19473E-3 2.0782E-3 2.00639E-3 1.91505E-3 1.82557E-3 1.88028E-3 1.98025E-3 1.9324E-3 1.98532E-3 1.80834E-3 1.74185E-3 1.70553E-3 1.70864E-3 1.74261E-3 2.28471E-3 2.17496E-3 2.21472E-3 2.58946E-3 2.21841E-3 2.11255E-3 2.13671E-3 2.16306E-3 2.19734E-3 2.24916E-3 2.28174E-3 2.40492E-3 2.31141E-3 2.22171E-3 2.32816E-3 2.14912E-3 2.1038E-3 2.0849E-3 2.11143E-3 2.002E-3 2.0591E-3 2.05429E-3 2.10453E-3 2.1518E-3 1.71607E-3 1.71669E-3 1.70863E-3 1.89357E-3 2.0661E-3 1.8593E-3 1.51097E-3 1.28927E-3 1.23542E-3 1.23295E-3 1.32933E-3 1.2864E-3
2.3334E-3 2.50473E-3 2.45737E-3 2.26866E-3 2.27245E-3 2.26597E-3 2.03267E-3 2.07806E-3 2.16274E-3 2.39347E-3 2.30424E-3 2.26458E-3 2.14471E-3 2.09795E-3 2.0222E-3 1.97108E-3 1.99171E-3 2.03883E-3 2.01821E-3 1.96661E-3 1.89362E-3 1.80222E-3 1.72538E-3 1.71705E-3 1.85242E-3 1.9573E-3 2.06251E-3 2.01727E-3 2.02671E-3 1.89219E-3 1.97004E-3 2.01323E-3 2.14801E-3 2.14649E-3 2.19434E-3 2.27081E-3 2.4555E-3 2.84922E-3 2.44528E-3 2.51972E-3 2.35156E-3 2.27447E-3 2.1873E-3 2.12342E-3 2.21542E-3 2.01814E-3 1.98099E-3 2.03966E-3 2.06611E-3 2.05767E-3 2.13493E-3 1.98803E-3 1.93371E-3 2.22715E-3 2.53725E-3 2.00029E-3 1.38091E-3 1.25226E-3 1.26684E-3 2.02213E-3 1.97441E-3
2.44834E-3 2.61133E-3 2.55379E-3 2.56504E-3 2.57604E-3 2.3772E-3 2.14132E-3 2.15112E-3 2.24984E-3 2.4811E-3 2.40863E-3 2.36108E-3 2.29773E-3 2.22146E-3 2.16124E-3 2.06293E-3 2.09411E-3 2.07461E-3 2.10061E-3 2.06997E-3 2.00066E-3 2.0345E-3 1.92756E-3 1.94242E-3 2.04105E-3 2.09694E-3 2.1353E-3 2.1454E-3 2.21774E-3 1.91653E-3 2.01867E-3 2.20239E-3 2.20467E-3 2.21704E-3 2.21709E-3 2.1571E-3 2.2716E-3 2.52188E-3 2.72422E-3 2.80621E-3 2.73453E-3 2.43124E-3 2.1955E-3 2.12348E-3 2.29785E-3 2.41563E-3 2.24176E-3 2.24459E-3 2.35538E-3 2.11128E-3 1.9938E-3 1.77308E-3 1.72288E-3 2.20081E-3 2.73528E-3 2.3011E-3 1.84974E-3 1.79244E-3 1.81068E-3 1.93656E-3 1.81193E-3
2.67384E-3 2.731E-3 2.67604E-3 2.40467E-3 2.46722E-3 2.46045E-3 2.32986E-3 2.25217E-3 2.3551E-3 2.46493E-3 2.43492E-3 2.37949E-3 2.38082E-3 2.26416E-3 2.18206E-3 2.12079E-3 2.17798E-3 2.18498E-3 2.06814E-3 2.08458E-3 2.0606E-3 2.20693E-3 2.0319E-3 2.03511E-3 2.12313E-3 2.09751E-3 2.1752E-3 2.21563E-3 2.1552E-3 2.07108E-3 2.09283E-3 2.24087E-3 2.33264E-3 2.35219E-3 2.3292E-3 2.19203E-3 2.32713E-3 2.41408E-3 2.49453E-3 2.60543E-3 2.59446E-3 2.67539E-3 2.55593E-3 2.48169E-3 2.50457E-3 2.31407E-3 2.32556E-3 2.39408E-3 2.27758E-3 2.26396E-3 2.35138E-3 2.25406E-3 2.09555E-3 2.2708E-3 2.09357E-3 2.24481E-3 1.99794E-3 2.22844E-3 2.2612E-3 2.21208E-3 2.29551E-3
2.97703E-3 3.2831E-3 3.15788E-3 2.93785E-3 2.68309E-3 2.61332E-3 2.58593E-3 2.57005E-3 2.49223E-3 2.48267E-3 2.51438E-3 2.5228E-3 2.53284E-3 2.45671E-3 2.33259E-3 2.22013E-3 2.25668E-3 2.28761E-3 2.22532E-3 2.15422E-3 2.16121E-3 2.32277E-3 2.10172E-3 2.08298E-3 2.10348E-3 2.16048E-3 2.27899E-3 2.27312E-3 2.07711E-3 2.07811E-3 2.05195E-3 2.26842E-3 2.32128E-3 2.34911E-3 2.39716E-3 2.36814E-3 2.40512E-3 2.45161E-3 2.48768E-3 2.52732E-3 2.51675E-3 2.48556E-3 2.5477E-3 2.50391E-3 2.52966E-3 2.56614E-3 2.54797E-3 2.50995E-3 2.44017E-3 2.49517E-3 2.57475E-3 2.97515E-3 2.61885E-3 2.70261E-3 2.28967E-3 2.46132E-3 2.50606E-3 2.65015E-3 2.46792E-3 2.5126E-3 2.76479E-3
3.05339E-3 3.6101E-3 3.74823E-3 3.61199E-3 3.24671E-3 2.92061E-3 2.79532E-3 2.70982E-3 2.6598E-3 2.63345E-3 2.63264E-3 2.68797E-3 2.66441E-3 2.63746E-3 2.63855E-3 2.44635E-3 2.33493E-3 2.33604E-3 2.39357E-3 2.42036E-3 2.34017E-3 2.28425E-3 2.22931E-3 2.26333E-3 2.2648E-3 2.50608E-3 2.82654E-3 2.85914E-3 2.75658E-3 2.57718E-3 2.42434E-3 2.37287E-3 2.34484E-3 2.30558E-3 2.33566E-3 2.359E-3 2.36649E-3 2.42606E-3 2.49581E-3 2.61679E-3 2.50828E-3 2.47046E-3 2.3988E-3 2.35689E-3 2.35461E-3 2.37848E-3 2.49657E-3 2.6519E-3 2.57547E-3 2.59752E-3 2.55562E-3 2.57294E-3 2.51278E-3 2.5584E-3 2.60126E-3 2.88574E-3 2.78879E-3 2.68807E-3 2.88967E-3 3.98743E-3 6.83565E-3
3.00558E-3 3.03253E-3 2.98695E-3 2.84321E-3 3.05718E-3 2.88489E-3 2.92047E-3 2.78058E-3 2.72574E-3 2.67239E-3 2.67146E-3 2.75904E-3 2.84644E-3 2.76316E-3 2.87873E-3 2.76413E-3 2.52529E-3 2.48926E-3 2.52097E-3 2.51853E-3 2.47717E-3 2.42697E-3 2.33337E-3 2.33547E-3 2.34997E-3 2.93091E-3 3.11878E-3 3.04976E-3 2.60145E-3 2.42082E-3 2.44276E-3 2.40891E-3 2.43114E-3 2.38644E-3 2.40441E-3 2.41611E-3 2.44529E-3 2.44086E-3 2.39374E-3 2.42456E-3 2.39013E-3 2.41124E-3 2.47823E-3 2.67613E-3 2.38819E-3 2.48415E-3 2.43757E-3 2.47546E-3 2.51569E-3 2.51696E-3 2.46121E-3 2.52294E-3 2.61799E-3 2.72494E-3 2.63343E-3 2.6988E-3 3.27762E-3 4.38084E-3 6.88962E-3 1.17677E-2 1.53198E-2
3.25342E-3 3.16756E-3 3.01879E-3 2.90516E-3 2.94287E-3 2.71293E-3 2.67311E-3 2.58387E-3 2.66341E-3 2.73741E-3 2.80139E-3 2.852E-3 2.89699E-3 2.94133E-3 2.92118E-3 2.81823E-3 2.69283E-3 2.68481E-3 2.5374E-3 2.54334E-3 2.54129E-3 2.46176E-3 2.39894E-3 2.40091E-3 2.43708E-3 2.52719E-3 2.53576E-3 2.55755E-3 2.51858E-3 2.52765E-3 2.44258E-3 2.42733E-3 2.47957E-3 2.47712E-3 2.47046E-3 2.41986E-3 2.44081E-3 2.42965E-3 2.43274E-3 2.38411E-3 2.37482E-3 2.32946E-3 2.24797E-3 2.2047E-3 2.27836E-3 2.32733E-3 2.35036E-3 2.38674E-3 2.39421E-3 2.3902E-3 2.4355E-3 2.5167E-3 2.80739E-3 3.75833E-3 4.88874E-3 7.01354E-3 1.03823E-2 1.37519E-2 1.59059E-2 1.64448E-2 1.68276E-2
3.33683E-3 3.24127E-3 3.19652E-3 3.05141E-3 2.96316E-3 2.99675E-3 2.84353E-3 2.82524E-3 2.68271E-3 2.81692E-3 2.92152E-3 2.9406E-3 2.91883E-3 2.92641E-3 2.96738E-3 2.88462E-3 2.81061E-3 2.73811E-3 2.66936E-3 2.7324E-3 2.83209E-3 2.57078E-3 2.53361E-3 2.58662E-3 2.51498E-3 2.45457E-3 2.53353E-3 2.5951E-3 2.6773E-3 2.64777E-3 2.56239E-3 2.54348E-3 2.64081E-3 2.61612E-3 2.58231E-3 2.69038E-3 2.60928E-3 2.41909E-3 2.46124E-3 2.49245E-3 2.49187E-3 2.60854E-3 2.35056E-3 2.36123E-3 2.39606E-3 2.39658E-3 2.34816E-3 2.35599E-3 2.36426E-3 2.53827E-3 2.94791E-3 3.80663E-3 7.1245E-3 1.1788E-2 1.50667E-2 1.54724E-2 1.58538E-2 1.65246E-2 1.66256E-2 1.73627E-2 1.81326E-2
3.53667E-3 3.54406E-3 3.67159E-3 3.41724E-3 3.28101E-3 3.12536E-3 2.97646E-3 2.9882E-3 2.97248E-3 3.05571E-3 3.08726E-3 2.93647E-3 2.96173E-3 2.97794E-3 3.0335E-3 2.97392E-3 2.89658E-3 2.85514E-3 2.8388E-3 2.73672E-3 2.75663E-3 2.68962E-3 2.82008E-3 2.69792E-3 2.58656E-3 2.65552E-3 2.61936E-3 2.71044E-3 2.66896E-3 3.01023E-3 2.71537E-3 3.14806E-3 2.75947E-3 2.51625E-3 2.5041E-3 2.72201E-3 2.55704E-3 2.56578E-3 2.65213E-3 2.60496E-3 2.39448E-3 2.49383E-3 2.49484E-3 2.37787E-3 2.50171E-3 2.49753E-3 2.49305E-3 2.50431E-3 2.70362E-3 3.54108E-3 7.32906E-3 1.31955E-2 1.55314E-2 1.57856E-2 1.57694E-2 1.6291E-2 1.65802E-2 1.70125E-2 1.77839E-2 1.83797E-2 1.94202E-2
3.67119E-3 3.89814E-3 3.76908E-3 3.48462E-3 3.46851E-3 3.46595E-3 3.21199E-3 3.15237E-3 3.11409E-3 3.20831E-3 3.19691E-3 3.03001E-3 2.99709E-3 2.98658E-3 3.05937E-3 3.03592E-3 3.0017E-3 2.95418E-3 2.92353E-3 2.91311E-3 2.88839E-3 2.81998E-3 2.96039E-3 2.99686E-3 2.84789E-3 2.78552E-3 2.77122E-3 2.70514E-3 2.73958E-3 2.91027E-3 3.25413E-3 2.97979E-3 2.61349E-3 2.61427E-3 2.58898E-3 2.73242E-3 2.61573E-3 2.56233E-3 2.61142E-3 2.41621E-3 2.41657E-3 2.39405E-3 2.42155E-3 2.54469E-3 2.65627E-3 2.69944E-3 2.78197E-3 3.09771E-3 3.64509E-3 8.0717E-3 1.52646E-2 1.55335E-2 1.4816E-2 1.45605E-2 1.54677E-2 1.65997E-2 1.72345E-2 1.83098E-2 1.87368E-2 1.94912E-2 2.03639E-2
3.39064E-3 3.73846E-3 3.91192E-3 3.63393E-3 3.42203E-3 3.46189E-3 3.43844E-3 3.40649E-3 3.31121E-3 3.36995E-3 3.43431E-3 3.23243E-3 3.16019E-3 3.06955E-3 3.04695E-3 3.16261E-3 3.10536E-3 3.01564E-3 2.97708E-3 2.94521E-3 2.85406E-3 2.91581E-3 3.14189E-3 3.09003E-3 2.91308E-3 2.82028E-3 2.87586E-3 2.85178E-3 2.95544E-3 3.31257E-3 3.7022E-3 3.3035E-3 2.82262E-3 2.75507E-3 2.68038E-3 2.65523E-3 2.57322E-3 2.54116E-3 2.51561E-3 2.51207E-3 2.52548E-3 2.50143E-3 2.5138E-3 2.80368E-3 2.93929E-3 3.08445E-3 3.51713E-3 5.08761E-3 1.04667E-2 1.57025E-2 1.53762E-2 1.32752E-2 1.12822E-2 1.1136E-2 1.08997E-2 1.6077E-2 1.80473E-2 1.87323E-2 1.92214E-2 1.97011E-2 1.98686E-2
4.00019E-3 3.93459E-3 4.09838E-3 3.94583E-3 3.8471E-3 3.59819E-3 3.58357E-3 3.51508E-3 3.53156E-3 3.59076E-3 3.74193E-3 3.53964E-3 3.46078E-3 3.35216E-3 3.30134E-3 3.34021E-3 3.41664E-3 3.20838E-3 3.12758E-3 3.13539E-3 3.06389E-3 3.01337E-3 3.12704E-3 3.18118E-3 2.98093E-3 2.83778E-3 2.85514E-3 2.94741E-3 2.95478E-3 3.12504E-3 3.10017E-3 3.06576E-3 2.98106E-3 2.91136E-3 2.71238E-3 2.59827E-3 2.58249E-3 2.74324E-3 2.67817E-3 2.63244E-3 2.70818E-3 2.70978E-3 2.82267E-3 3.21227E-3 3.55721E-3 4.89892E-3 8.57587E-3 1.45246E-2 1.47293E-2 1.0057E-2 7.85867E-3 6.21205E-3 6.82272E-3 8.14317E-3 1.08506E-2 1.53747E-2 1.66906E-2 1.74379E-2 1.5745E-2 1.45699E-2 1.25878E-2
4.32862E-3 4.50938E-3 4.50468E-3 4.28481E-3 4.09125E-3 3.87376E-3 3.8531E-3 3.71284E-3 3.66729E-3 3.77083E-3 3.84488E-3 3.82783E-3 3.58675E-3 3.51239E-3 3.48667E-3 3.33755E-3 3.36539E-3 3.35131E-3 3.22617E-3 3.36221E-3 3.45169E-3 3.34437E-3 3.21601E-3 3.02662E-3 2.92976E-3 2.86176E-3 2.88775E-3 2.84992E-3 2.92462E-3 3.0824E-3 3.0622E-3 3.28424E-3 3.37824E-3 3.09006E-3 2.90162E-3 2.68678E-3 2.72837E-3 3.10316E-3 2.76552E-3 2.7311E-3 2.90793E-3 2.91708E-3 3.00078E-3 3.36876E-3 5.02217E-3 7.81687E-3 7.17753E-3 5.66056E-3 4.67745E-3 4.66909E-3 4.70309E-3 5.40145E-3 7.46069E-3 1.19301E-2 1.3319E-2 1.47478E-2 1.35353E-2 1.01144E-2 7.86666E-3 7.00216E-3 6.61911E-3
4.50578E-3 4.59167E-3 4.61563E-3 4.57914E-3 4.42882E-3 4.08208E-3 4.06542E-3 3.92551E-3 3.78201E-3 3.75642E-3 3.89303E-3 3.92732E-3 3.7351E-3 3.69808E-3 3.60257E-3 3.57974E-3 3.53202E-3 3.51798E-3 3.44043E-3 3.56597E-3 3.5385E-3 3.76114E-3 3.5109E-3 3.35061E-3 3.21325E-3 2.9734E-3 2.97114E-3 3.02588E-3 3.08386E-3 3.26886E-3 3.19182E-3 3.64731E-3 3.6233E-3 3.2728E-3 2.9635E-3 2.85174E-3 2.87282E-3 2.82305E-3 2.78546E-3 2.76711E-3 2.83641E-3 3.00815E-3 3.18996E-3 3.4486E-3 3.66985E-3 3.87288E-3 4.09048E-3 4.14131E-3 4.22549E-3 4.09191E-3 4.15949E-3 4.84574E-3 5.46882E-3 7.40741E-3 8.64664E-3 7.58172E-3 6.91854E-3 6.56347E-3 6.21431E-3 6.35416E-3 5.5555E-3
4.59438E-3 4.67912E-3 4.73649E-3 4.75313E-3 4.73928E-3 4.30195E-3 4.10205E-3 4.15467E-3 4.00879E-3 3.93515E-3 3.95003E-3 4.00692E-3 3.87685E-3 3.85185E-3 3.88846E-3 3.83907E-3 3.77499E-3 3.73544E-3 3.68337E-3 3.7465E-3 3.79585E-3 3.90881E-3 4.06792E-3 4.0845E-3 3.4747E-3 3.2779E-3 3.32991E-3 3.32949E-3 3.43193E-3 3.451E-3 3.85753E-3 4.15396E-3 3.79468E-3 3.68897E-3 3.60904E-3 3.25715E-3 3.05673E-3 2.9168E-3 2.93288E-3 2.88202E-3 3.18139E-3 3.13369E-3 3.36113E-3 3.35583E-3 3.45742E-3 3.70468E-3 3.87939E-3 3.5995E-3 3.99772E-3 4.44204E-3 4.1219E-3 4.42091E-3 4.86446E-3 5.36994E-3 5.3108E-3 5.14158E-3 5.077E-3 5.50721E-3 5.61599E-3 5.9587E-3 5.7683E-3
4.63928E-3 4.82462E-3 5.03593E-3 5.03374E-3 4.8699E-3 4.62514E-3 4.54337E-3 4.41284E-3 4.18243E-3 4.20082E-3 4.20635E-3 4.32185E-3 4.30509E-3 4.19398E-3 4.1158E-3 4.01812E-3 3.85088E-3 3.93768E-3 3.97884E-3 4.04387E-3 4.14091E-3 4.26685E-3 4.20327E-3 4.12683E-3 3.91825E-3 3.72827E-3 3.728E-3 3.80713E-3 3.91709E-3 4.19044E-3 4.13688E-3 3.84915E-3 3.6059E-3 3.62929E-3 4.99024E-3 5.13899E-3 3.15377E-3 3.07286E-3 3.1745E-3 3.25356E-3 3.23189E-3 3.34366E-3 3.51579E-3 3.58859E-3 3.76968E-3 4.03947E-3 3.65105E-3 3.99059E-3 4.16931E-3 4.14559E-3 4.32591E-3 4.31699E-3 4.32926E-3 4.42645E-3 4.50201E-3 4.63167E-3 4.69772E-3 4.6784E-3 4.9537E-3 5.07686E-3 5.20265E-3
5.01856E-3 4.93368E-3 5.11528E-3 5.1635E-3 5.21315E-3 4.86891E-3 4.58645E-3 4.82289E-3 4.39808E-3 4.44664E-3 4.56774E-3 4.6662E-3 4.72034E-3 4.77826E-3 4.70448E-3 4.51227E-3 4.24136E-3 4.17881E-3 4.24209E-3 4.42249E-3 4.42573E-3 4.39089E-3 4.45188E-3 4.2387E-3 4.24937E-3 4.03367E-3 4.02749E-3 4.1212E-3 4.31776E-3 4.11336E-3 4.14959E-3 3.91083E-3 3.5928E-3 3.63064E-3 3.78337E-3 3.91525E-3 3.36908E-3 3.38986E-3 3.31084E-3 3.42043E-3 3.48342E-3 3.7166E-3 4.09125E-3 4.17856E-3 4.20682E-3 4.38072E-3 4.44613E-3 4.47525E-3 4.3407E-3 4.28813E-3 4.22852E-3 4.13628E-3 4.24074E-3 4.24418E-3 4.37338E-3 4.63926E-3 4.68774E-3 4.45928E-3 4.68478E-3 4.74599E-3 4.61497E-3
4.9004E-3 5.19249E-3 5.04863E-3 5.53363E-3 5.39684E-3 4.83973E-3 4.77294E-3 4.8683E-3 4.9573E-3 4.60892E-3 4.69991E-3 4.92201E-3 5.22069E-3 5.45727E-3 5.20693E-3 4.85852E-3 4.52366E-3 4.60998E-3 4.39586E-3 4.4443E-3 4.55482E-3 4.56048E-3 4.50943E-3 4.6309E-3 4.87247E-3 4.49413E-3 4.64366E-3 4.57937E-3 4.63836E-3 4.32037E-3 4.29939E-3 4.25364E-3 3.97012E-3 3.7438E-3 3.73168E-3 3.71043E-3 3.74217E-3 3.66916E-3 3.58372E-3 3.66323E-3 4.05209E-3 4.17578E-3 4.62339E-3 4.78466E-3 4.86165E-3 4.56932E-3 4.34932E-3 4.56911E-3 4.80291E-3 4.91231E-3 4.53977E-3 4.35612E-3 4.43776E-3 4.39409E-3 4.55216E-3 4.53893E-3 4.58228E-3 4.84997E-3 4.70139E-3 4.83933E-3 4.59283E-3
5.27094E-3 5.37721E-3 5.52476E-3 5.57456E-3 5.13391E-3 4.93359E-3 4.9845E-3 5.32116E-3 5.46363E-3 5.39749E-3 5.06536E-3 5.0089E-3 5.03017E-3 5.2054E-3 5.90903E-3 5.581E-3 5.49185E-3 5.12736E-3 4.70657E-3 4.60858E-3 4.78607E-3 4.79268E-3 4.89972E-3 5.01059E-3 5.14485E-3 4.87197E-3 4.75009E-3 4.96995E-3 4.97676E-3 4.79752E-3 4.60708E-3 4.63254E-3 4.34816E-3 4.15564E-3 4.07097E-3 3.96256E-3 4.06458E-3 4.0264E-3 4.15094E-3 4.08964E-3 4.37515E-3 4.38766E-3 4.63908E-3 4.65142E-3 4.53809E-3 4.43658E-3 4.5849E-3 4.78888E-3 4.75675E-3 4.22307E-3 4.31528E-3 4.41201E-3 4.43945E-3 4.41787E-3 4.53805E-3 4.46436E-3 4.54702E-3 4.49953E-3 4.44966E-3 4.71E-3 4.53556E-3
5.5996E-3 5.69269E-3 5.7511E-3 5.54286E-3 5.23896E-3 5.2152E-3 5.19386E-3 5.37792E-3 5.29666E-3 5.57179E-3 5.48001E-3 5.60956E-3 5.27661E-3 4.90927E-3 5.61391E-3 6.03673E-3 5.74045E-3 5.52287E-3 5.1819E-3 4.90644E-3 4.8177E-3 4.92548E-3 5.28104E-3 5.35547E-3 5.74881E-3 5.1802E-3 4.98246E-3 5.11654E-3 5.13184E-3 5.05888E-3 5.27061E-3 5.05546E-3 4.83803E-3 4.71729E-3 4.63165E-3 4.63993E-3 4.64168E-3 4.74253E-3 4.66984E-3 4.73218E-3 4.78429E-3 4.73106E-3 4.75508E-3 4.77047E-3 4.70424E-3 4.48194E-3 4.35557E-3 4.60058E-3 5.00967E-3 4.40247E-3 4.46908E-3 4.74034E-3 4.59482E-3 4.37004E-3 4.43903E-3 4.38243E-3 4.35838E-3 4.35754E-3 4.55176E-3 4.69317E-3 4.90711E-3
6.36787E-3 6.15791E-3 5.91045E-3 5.75387E-3 5.54668E-3 5.49366E-3 5.45191E-3 5.40332E-3 5.6799E-3 5.8397E-3 6.0728E-3 6.17713E-3 6.40575E-3 5.10782E-3 5.12608E-3 5.96867E-3 6.01937E-3 5.7657E-3 5.60399E-3 5.2516E-3 5.17413E-3 5.25551E-3 5.34364E-3 5.78935E-3 5.82015E-3 5.85707E-3 5.48261E-3 5.21192E-3 5.31596E-3 5.44655E-3 5.3325E-3 5.31435E-3 5.31415E-3 5.36011E-3 5.43594E-3 5.47917E-3 5.50274E-3 5.3614E-3 5.28546E-3 5.50697E-3 5.06273E-3 5.10156E-3 4.82672E-3 4.79004E-3 4.72745E-3 4.57042E-3 4.62564E-3 4.71694E-3 4.64298E-3 4.57893E-3 4.66916E-3 4.52006E-3 4.69813E-3 4.74233E-3 4.67319E-3 4.69369E-3 4.83825E-3 4.76522E-3 5.10578E-3 4.93715E-3 4.85846E-3
6.54911E-3 6.57047E-3 6.33126E-3 6.07079E-3 5.83351E-3 5.48876E-3 5.41392E-3 5.48171E-3 5.73699E-3 6.16598E-3 6.34691E-3 6.44859E-3 6.28255E-3 5.57714E-3 5.1124E-3 5.93449E-3 5.98479E-3 5.83734E-3 5.93462E-3 5.6191E-3 5.70764E-3 5.52621E-3 5.70649E-3 5.89103E-3 5.83283E-3 5.79197E-3 6.12904E-3 6.03011E-3 5.68496E-3 5.48537E-3 5.45945E-3 5.6439E-3 5.81758E-3 5.83561E-3 5.8456E-3 5.9486E-3 6.17448E-3 6.18277E-3 6.35949E-3 6.17304E-3 5.78142E-3 5.22554E-3 5.05479E-3 4.93066E-3 4.96017E-3 4.95217E-3 4.90739E-3 4.80019E-3 5.14168E-3 5.2339E-3 5.12487E-3 4.83447E-3 5.04006E-3 5.37159E-3 5.16312E-3 4.77847E-3 5.08881E-3 5.28629E-3 5.25804E-3 4.89987E-3 4.68487E-3
6.7878E-3 6.75458E-3 6.71512E-3 6.42597E-3 6.04107E-3 5.72518E-3 5.69655E-3 5.59019E-3 5.79358E-3 6.19711E-3 6.45482E-3 6.28944E-3 6.14868E-3 5.66154E-3 5.29337E-3 5.71117E-3 6.26147E-3 6.15695E-3 6.1178E-3 5.83544E-3 5.53116E-3 5.75244E-3 5.97526E-3 5.92262E-3 5.95712E-3 5.81192E-3 5.78027E-3 5.86622E-3 5.74232E-3 5.90114E-3 6.05651E-3 6.04274E-3 5.73043E-3 5.81852E-3 5.93849E-3 6.1059E-3 6.87519E-3 7.25743E-3 7.33347E-3 6.66887E-3 6.57083E-3 5.60692E-3 5.09964E-3 5.06891E-3 5.28307E-3 5.36932E-3 5.45618E-3 5.18161E-3 5.07245E-3 5.12614E-3 5.00561E-3 4.98029E-3 4.76399E-3 4.90845E-3 4.81956E-3 4.79499E-3 4.94213E-3 5.06794E-3 5.02553E-3 5.31509E-3 4.97576E-3
