maxent_outputs/red_flowers_linear/red_255.asc
ncols         426
nrows         180
xllcorner     -130.0
yllcorner     24.0
cellsize      0.16666666666666666
NODATA_value  -9999
[rows 108 to 134 of 180, columns 61 to 121 of 426]
3.55311E-1 3.44119E-1 3.45284E-1 3.40288E-1 3.55898E-1 3.8587E-1 3.08898E-1 1.91364E-1 2.14455E-1 1.8698E-1 2.16942E-1 3.63074E-1 4.6919E-1 4.02459E-1 3.94368E-1 5.22162E-1 4.15922E-1 5.33823E-1 6.32856E-1 5.80852E-1 4.97816E-1 5.21957E-1 4.80371E-1 4.41559E-1 4.40606E-1 4.04727E-1 3.95884E-1 4.54052E-1 4.92524E-1 5.5179E-1 5.86484E-1 5.62025E-1 5.29843E-1 4.99889E-1 4.39195E-1 3.32115E-1 4.06792E-1 4.07354E-1 3.51205E-1 3.68408E-1 2.29406E-1 2.3806E-1 2.50506E-1 2.52768E-1 2.46825E-1 2.16319E-1 1.81202E-1 1.7548E-1 2.03906E-1 2.71859E-1 3.39216E-1 3.02385E-1 2.67679E-1 2.68601E-1 2.63005E-1 2.55145E-1 2.46922E-1 2.41445E-1 2.25221E-1 2.21439E-1 2.49704E-1
3.63561E-1 3.67586E-1 3.53608E-1 3.51591E-1 3.62697E-1 3.93147E-1 2.84793E-1 2.10845E-1 3.09385E-1 2.84765E-1 2.95927E-1 3.72792E-1 4.4646E-1 4.52858E-1 4.83945E-1 4.92171E-1 5.06228E-1 5.15611E-1 5.20989E-1 5.96258E-1 6.11375E-1 5.82946E-1 5.22662E-1 4.16647E-1 4.43753E-1 4.47747E-1 4.3124E-1 4.54575E-1 5.15849E-1 5.23352E-1 5.97341E-1 5.6496E-1 4.95788E-1 4.3809E-1 4.45099E-1 3.67647E-1 3.45567E-1 3.90946E-1 4.09725E-1 3.43662E-1 2.44779E-1 2.41802E-1 2.48144E-1 2.53218E-1 2.52245E-1 2.32183E-1 2.16353E-1 1.99572E-1 2.12687E-1 2.80903E-1 3.22958E-1 3.20541E-1 2.93189E-1 2.75988E-1 2.733E-1 2.66247E-1 2.55431E-1 2.47399E-1 2.26616E-1 2.31033E-1 2.36121E-1
3.69924E-1 3.6287E-1 3.41819E-1 3.48118E-1 3.77428E-1 4.0498E-1 2.99365E-1 2.69119E-1 3.01803E-1 3.2089E-1 2.98608E-1 3.97878E-1 4.58539E-1 4.60155E-1 4.93267E-1 4.81442E-1 4.95747E-1 4.46035E-1 4.7507E-1 5.25216E-1 5.33839E-1 5.67081E-1 5.57687E-1 4.78253E-1 4.47283E-1 4.14195E-1 4.51017E-1 4.20066E-1 4.107E-1 4.74276E-1 5.94987E-1 5.82166E-1 4.81539E-1 4.32806E-1 4.40513E-1 4.37786E-1 3.45593E-1 3.24352E-1 3.3326E-1 2.87428E-1 2.77539E-1 2.46506E-1 2.35346E-1 2.60196E-1 2.5249E-1 2.4223E-1 2.35945E-1 2.12181E-1 2.26208E-1 2.75217E-1 3.30651E-1 3.29597E-1 3.04334E-1 2.88767E-1 2.79072E-1 2.78589E-1 2.71619E-1 2.56265E-1 2.51334E-1 2.46998E-1 2.49197E-1
3.53835E-1 3.72879E-1 3.59137E-1 3.60344E-1 4.0284E-1 4.17565E-1 3.80212E-1 2.85161E-1 2.62928E-1 2.83473E-1 3.61193E-1 4.26742E-1 4.40392E-1 4.3633E-1 4.49369E-1 4.30176E-1 4.47227E-1 4.4116E-1 4.39755E-1 4.52354E-1 4.79945E-1 5.47247E-1 5.65857E-1 4.86133E-1 4.32244E-1 4.00899E-1 4.54176E-1 4.46249E-1 4.25288E-1 4.88083E-1 5.8894E-1 6.09696E-1 4.95273E-1 4.31331E-1 4.11476E-1 4.28899E-1 3.89413E-1 3.36321E-1 2.90004E-1 2.73846E-1 2.78993E-1 2.78004E-1 2.60733E-1 2.68124E-1 2.63768E-1 2.47714E-1 2.23668E-1 1.78733E-1 1.60874E-1 1.9373E-1 2.83152E-1 3.4951E-1 3.24767E-1 2.94754E-1 2.85309E-1 2.82246E-1 2.77425E-1 2.67106E-1 2.70255E-1 2.61635E-1 2.62006E-1
2.93804E-1 3.52544E-1 4.00534E-1 3.84307E-1 3.76664E-1 3.83627E-1 3.85837E-1 3.24098E-1 3.04926E-1 3.09447E-1 4.07735E-1 4.40488E-1 4.16831E-1 4.21102E-1 4.22567E-1 4.09947E-1 4.21351E-1 4.21541E-1 4.56641E-1 4.9781E-1 5.37068E-1 5.3979E-1 5.79965E-1 5.40688E-1 4.60027E-1 4.15061E-1 4.06081E-1 3.96618E-1 4.37785E-1 5.31147E-1 5.23692E-1 6.34044E-1 5.41426E-1 4.90013E-1 4.55504E-1 4.13391E-1 3.83297E-1 3.63109E-1 2.943E-1 2.71886E-1 2.6396E-1 2.81628E-1 2.9934E-1 3.01635E-1 2.88604E-1 2.33904E-1 2.04419E-1 1.82185E-1 1.68157E-1 1.88075E-1 2.43405E-1 3.07994E-1 3.21397E-1 3.02465E-1 2.84602E-1 2.83595E-1 2.75906E-1 2.82305E-1 2.80453E-1 2.71136E-1 2.70025E-1
2.85661E-1 2.99088E-1 3.76131E-1 3.87798E-1 3.78983E-1 3.79278E-1 3.7304E-1 2.69888E-1 2.73253E-1 3.6354E-1 4.13435E-1 4.1397E-1 4.13026E-1 4.09299E-1 4.29369E-1 4.34614E-1 4.23746E-1 4.55701E-1 5.01423E-1 5.00218E-1 5.34739E-1 5.66707E-1 5.65531E-1 5.49007E-1 5.07129E-1 5.0477E-1 4.29562E-1 4.57392E-1 4.8622E-1 5.48157E-1 5.92069E-1 6.49438E-1 5.77266E-1 5.21207E-1 5.01439E-1 3.52245E-1 3.9283E-1 4.04142E-1 3.37854E-1 2.96566E-1 2.74036E-1 2.66165E-1 3.00835E-1 3.00833E-1 3.00042E-1 2.74435E-1 2.34169E-1 2.17561E-1 1.89814E-1 1.83253E-1 2.109E-1 2.74064E-1 3.02788E-1 3.09894E-1 2.99618E-1 2.86355E-1 2.84683E-1 2.86882E-1 2.81823E-1 2.91864E-1 2.83353E-1
2.76838E-1 2.83247E-1 2.81381E-1 2.79871E-1 2.72369E-1 3.25731E-1 3.08788E-1 2.95172E-1 3.5708E-1 3.93154E-1 3.9856E-1 4.0045E-1 3.90674E-1 3.94245E-1 4.16528E-1 4.28205E-1 4.45621E-1 4.76086E-1 4.99992E-1 5.09025E-1 5.02587E-1 5.56103E-1 5.43455E-1 5.39121E-1 5.13536E-1 4.75987E-1 5.29136E-1 5.4746E-1 5.4292E-1 5.78203E-1 6.37259E-1 6.27527E-1 6.25484E-1 5.53667E-1 5.27247E-1 3.87789E-1 4.32373E-1 4.52094E-1 3.50677E-1 3.05477E-1 2.74444E-1 2.58367E-1 2.85749E-1 3.13507E-1 3.37315E-1 3.67607E-1 3.77786E-1 3.6417E-1 3.02701E-1 2.03464E-1 1.79708E-1 2.27502E-1 2.77041E-1 2.96412E-1 2.99538E-1 2.97649E-1 2.8657E-1 2.91598E-1 2.85083E-1 2.91672E-1 2.89077E-1
2.42652E-1 2.31365E-1 2.45186E-1 2.29811E-1 2.0787E-1 2.56398E-1 3.22193E-1 3.21654E-1 3.58244E-1 3.76166E-1 3.68178E-1 3.70551E-1 3.68951E-1 3.6534E-1 3.91578E-1 4.09711E-1 4.09703E-1 4.09022E-1 4.11463E-1 4.5818E-1 5.11905E-1 5.44903E-1 5.70766E-1 5.54213E-1 5.14429E-1 5.34019E-1 5.87161E-1 5.82616E-1 5.52825E-1 5.82016E-1 6.11753E-1 6.42638E-1 6.38852E-1 6.08735E-1 5.50917E-1 4.74463E-1 4.48981E-1 5.09487E-1 4.01503E-1 3.85994E-1 3.07165E-1 2.90226E-1 2.80658E-1 2.97666E-1 3.21492E-1 3.40129E-1 3.61488E-1 4.36846E-1 4.00148E-1 2.76691E-1 1.91619E-1 1.97842E-1 2.37834E-1 2.64721E-1 2.74316E-1 2.77233E-1 2.74633E-1 2.75634E-1 2.83695E-1 2.90668E-1 2.86387E-1
2.87764E-1 2.81361E-1 2.4922E-1 2.4974E-1 2.59609E-1 2.981E-1 3.54016E-1 3.67897E-1 3.46676E-1 3.55102E-1 3.68023E-1 3.60074E-1 3.47249E-1 3.52267E-1 3.74778E-1 3.7841E-1 3.73229E-1 3.97434E-1 4.00401E-1 4.2493E-1 4.74474E-1 4.97266E-1 5.9743E-1 6.46549E-1 6.57821E-1 6.44749E-1 6.39792E-1 5.60988E-1 5.41937E-1 5.96005E-1 6.00438E-1 6.14135E-1 6.49997E-1 5.84022E-1 5.5478E-1 5.23631E-1 5.09146E-1 5.50922E-1 5.06517E-1 4.54419E-1 4.24493E-1 3.88656E-1 3.10471E-1 2.8457E-1 3.07278E-1 3.46609E-1 3.61052E-1 4.16088E-1 4.06756E-1 3.04905E-1 2.12831E-1 1.9027E-1 2.00627E-1 2.21498E-1 2.45805E-1 2.57666E-1 2.61353E-1 2.65536E-1 2.72934E-1 2.87558E-1 2.93182E-1
3.27091E-1 3.07287E-1 3.12981E-1 3.27845E-1 3.31931E-1 3.51473E-1 3.68027E-1 3.9536E-1 3.86544E-1 3.39619E-1 3.02427E-1 2.74794E-1 2.54701E-1 2.82342E-1 3.18401E-1 3.43245E-1 3.22581E-1 3.52403E-1 3.84828E-1 4.32157E-1 4.78266E-1 5.06289E-1 5.41397E-1 5.99312E-1 6.36383E-1 6.45462E-1 6.40313E-1 5.97365E-1 6.01743E-1 6.17051E-1 6.24459E-1 6.30415E-1 6.49053E-1 6.50295E-1 6.18337E-1 5.93619E-1 5.76656E-1 5.84146E-1 5.28521E-1 5.26351E-1 4.91072E-1 3.88978E-1 3.54433E-1 3.29129E-1 2.71583E-1 3.56865E-1 4.20258E-1 3.89753E-1 4.10528E-1 3.25927E-1 2.40831E-1 2.2024E-1 1.98068E-1 1.9302E-1 2.05971E-1 2.29859E-1 2.535E-1 2.69169E-1 2.77296E-1 2.85223E-1 2.89783E-1
-9999 -9999 3.26215E-1 3.42118E-1 3.59096E-1 3.7742E-1 3.81704E-1 4.16168E-1 4.3056E-1 3.82797E-1 3.37435E-1 3.18428E-1 2.90109E-1 2.55014E-1 3.43942E-1 3.08885E-1 2.32107E-1 1.95102E-1 2.11933E-1 3.22824E-1 4.21927E-1 4.87197E-1 5.24679E-1 5.65515E-1 5.84012E-1 5.90808E-1 6.17196E-1 6.30996E-1 6.36E-1 6.35977E-1 6.2358E-1 6.48145E-1 6.44645E-1 6.62715E-1 6.57506E-1 6.31661E-1 6.16679E-1 6.00074E-1 5.94134E-1 5.6156E-1 4.9713E-1 4.41575E-1 3.77316E-1 3.76856E-1 3.38403E-1 3.93802E-1 4.62443E-1 4.05535E-1 4.48073E-1 3.90628E-1 3.38778E-1 3.10264E-1 2.87247E-1 2.42695E-1 2.23524E-1 2.36002E-1 2.53318E-1 2.56815E-1 2.6233E-1 2.56438E-1 2.43869E-1
3.37517E-1 3.15239E-1 3.5577E-1 3.63079E-1 3.56302E-1 3.68218E-1 3.72956E-1 3.90065E-1 4.2129E-1 4.52746E-1 4.34924E-1 4.29749E-1 4.07064E-1 4.22021E-1 4.46896E-1 4.43013E-1 3.78498E-1 2.2791E-1 2.30744E-1 4.10879E-1 4.0961E-1 4.10477E-1 4.49842E-1 5.41866E-1 5.79568E-1 5.93113E-1 5.87869E-1 6.18005E-1 6.33142E-1 6.40254E-1 6.50472E-1 6.61846E-1 6.24247E-1 6.27328E-1 6.09035E-1 5.93085E-1 5.91631E-1 5.86013E-1 5.60532E-1 5.70687E-1 5.30263E-1 4.89114E-1 4.97131E-1 4.63816E-1 4.7416E-1 4.95605E-1 5.28015E-1 4.31976E-1 5.16283E-1 4.49375E-1 3.79078E-1 3.95279E-1 2.96074E-1 2.79291E-1 2.83454E-1 2.75451E-1 2.89378E-1 2.87187E-1 2.6566E-1 2.49431E-1 2.18192E-1
3.43594E-1 3.12437E-1 -9999 -9999 -9999 -9999 -9999 -9999 4.33966E-1 4.58097E-1 4.46649E-1 4.28825E-1 4.00312E-1 4.15208E-1 4.27198E-1 4.16926E-1 4.13536E-1 3.9277E-1 3.98852E-1 5.34638E-1 5.66082E-1 4.93116E-1 4.34126E-1 5.31149E-1 5.79716E-1 6.1827E-1 6.42164E-1 6.58487E-1 6.47698E-1 6.52085E-1 6.39053E-1 6.58316E-1 5.9307E-1 6.08758E-1 6.13998E-1 5.98216E-1 5.83171E-1 5.81056E-1 5.83275E-1 5.60116E-1 5.40779E-1 5.20498E-1 5.31052E-1 5.30807E-1 5.63416E-1 5.90279E-1 5.83183E-1 5.11799E-1 5.21511E-1 5.12935E-1 4.16527E-1 4.50879E-1 3.13952E-1 2.94394E-1 3.18797E-1 3.12031E-1 3.09144E-1 3.08545E-1 2.96897E-1 2.86498E-1 2.26804E-1
-9999 -9999 -9999 -9999 -9999 -9999 -9999 -9999 4.02854E-1 4.31349E-1 4.20607E-1 4.39656E-1 4.11977E-1 3.6768E-1 3.96355E-1 4.14098E-1 4.11985E-1 4.1011E-1 2.90688E-1 4.0275E-1 5.88088E-1 6.47558E-1 5.99194E-1 5.02689E-1 5.16343E-1 5.65261E-1 6.65738E-1 6.76527E-1 6.90681E-1 6.96971E-1 6.69848E-1 6.53948E-1 6.2427E-1 6.29493E-1 6.35415E-1 6.11789E-1 6.12262E-1 5.90397E-1 5.89966E-1 5.90783E-1 5.76481E-1 5.74179E-1 5.68671E-1 5.78323E-1 6.07734E-1 6.27236E-1 6.24091E-1 5.79396E-1 5.70981E-1 5.75949E-1 4.5261E-1 4.95777E-1 4.71573E-1 4.00503E-1 4.47826E-1 3.69134E-1 3.25884E-1 3.19218E-1 3.15567E-1 2.97832E-1 2.44207E-1
-9999 -9999 -9999 -9999 -9999 -9999 -9999 -9999 -9999 -9999 4.07734E-1 3.99002E-1 3.99742E-1 4.00979E-1 3.68708E-1 4.07149E-1 4.1695E-1 3.86662E-1 3.25177E-1 3.2519E-1 3.56289E-1 5.77408E-1 6.34485E-1 6.71362E-1 6.39622E-1 6.10353E-1 5.70263E-1 6.44365E-1 6.89802E-1 6.86583E-1 6.59341E-1 6.02185E-1 6.67702E-1 6.4002E-1 6.31688E-1 6.25422E-1 6.08911E-1 6.01227E-1 5.98718E-1 6.03576E-1 6.19291E-1 6.15673E-1 6.06792E-1 5.96514E-1 6.08882E-1 6.2853E-1 6.4542E-1 6.16244E-1 6.16018E-1 5.94743E-1 5.80633E-1 5.08788E-1 4.77343E-1 4.85421E-1 4.07955E-1 4.11628E-1 3.77419E-1 3.47166E-1 3.13879E-1 2.93606E-1 2.74954E-1
-9999 -9999 -9999 -9999 3.91048E-1 -9999 -9999 3.83578E-1 3.92829E-1 4.17981E-1 -9999 -9999 3.93252E-1 3.93182E-1 4.11074E-1 4.11228E-1 4.06817E-1 3.4476E-1 3.33475E-1 3.48253E-1 4.73132E-1 5.08439E-1 6.21545E-1 6.37047E-1 6.74484E-1 6.69608E-1 6.31397E-1 6.20056E-1 6.65652E-1 6.89019E-1 6.58371E-1 6.58308E-1 6.72466E-1 6.30607E-1 6.09707E-1 6.05333E-1 6.30632E-1 6.19946E-1 6.19075E-1 6.1664E-1 6.03159E-1 6.26521E-1 6.05525E-1 5.88968E-1 5.97384E-1 6.0246E-1 6.40756E-1 6.30986E-1 6.12089E-1 6.07047E-1 5.86138E-1 5.26262E-1 4.37102E-1 4.34778E-1 4.59676E-1 4.71084E-1 4.59228E-1 4.11775E-1 3.71101E-1 3.02616E-1 2.83701E-1
-9999 3.8525E-1 3.90071E-1 -9999 -9999 -9999 -9999 -9999 3.84252E-1 3.96936E-1 -9999 -9999 -9999 -9999 3.92376E-1 4.04326E-1 4.04014E-1 3.69541E-1 3.17645E-1 3.13026E-1 5.01245E-1 6.4295E-1 6.73111E-1 6.52601E-1 6.28989E-1 6.39309E-1 6.81497E-1 6.54434E-1 6.47253E-1 6.80011E-1 6.93568E-1 6.88337E-1 6.72789E-1 6.47715E-1 6.54407E-1 6.58083E-1 6.51619E-1 6.54858E-1 6.4468E-1 6.41767E-1 6.50332E-1 6.41811E-1 6.18962E-1 6.28331E-1 6.23184E-1 6.10871E-1 6.16004E-1 6.13657E-1 5.83893E-1 5.66666E-1 5.88312E-1 6.01662E-1 5.3987E-1 4.63957E-1 4.19808E-1 4.62555E-1 4.7184E-1 4.53698E-1 4.25383E-1 3.50013E-1 3.29212E-1
-9999 -9999 -9999 -9999 -9999 -9999 -9999 3.99697E-1 -9999 -9999 -9999 -9999 -9999 -9999 4.13231E-1 4.06992E-1 4.19685E-1 4.12977E-1 3.74918E-1 3.13317E-1 4.36938E-1 5.25385E-1 6.60947E-1 6.59096E-1 6.43449E-1 6.04362E-1 6.09479E-1 6.73684E-1 6.78299E-1 6.79141E-1 7.04702E-1 7.20505E-1 7.10017E-1 6.78537E-1 6.67218E-1 6.76247E-1 6.7256E-1 6.71248E-1 6.58926E-1 6.54289E-1 6.61658E-1 6.3852E-1 6.37282E-1 6.37271E-1 6.16355E-1 6.10542E-1 5.8783E-1 5.77487E-1 5.90006E-1 5.7919E-1 5.75391E-1 6.01004E-1 5.70502E-1 5.5593E-1 5.27864E-1 4.97752E-1 4.38261E-1 4.21307E-1 4.54546E-1 4.40684E-1 4.04939E-1
-9999 -9999 -9999 -9999 -9999 -9999 -9999 3.95252E-1 4.11836E-1 -9999 -9999 -9999 -9999 -9999 -9999 4.08936E-1 4.29941E-1 4.39614E-1 4.11433E-1 2.83054E-1 3.61949E-1 5.50849E-1 6.44012E-1 6.51982E-1 6.55428E-1 6.18272E-1 5.90009E-1 6.41014E-1 6.65971E-1 6.70414E-1 6.88292E-1 7.22795E-1 7.03668E-1 6.96157E-1 6.85046E-1 6.77519E-1 6.54988E-1 6.45129E-1 6.35965E-1 6.49373E-1 6.54743E-1 5.99243E-1 6.31564E-1 6.35877E-1 6.0953E-1 5.98447E-1 5.81991E-1 5.44692E-1 5.74613E-1 5.53588E-1 5.73478E-1 5.75733E-1 5.41611E-1 5.07E-1 5.42619E-1 5.0179E-1 4.48562E-1 4.05641E-1 4.35841E-1 4.43381E-1 4.48986E-1
-9999 -9999 -9999 -9999 -9999 -9999 -9999 -9999 4.28283E-1 -9999 -9999 -9999 -9999 -9999 -9999 4.31809E-1 4.55506E-1 4.45076E-1 4.03913E-1 3.29749E-1 3.13808E-1 4.08084E-1 5.6851E-1 6.45147E-1 6.16454E-1 5.95319E-1 5.90506E-1 6.15088E-1 6.4545E-1 6.6237E-1 6.86504E-1 6.68814E-1 6.82589E-1 6.99171E-1 6.4785E-1 6.05412E-1 6.29535E-1 6.45948E-1 6.48151E-1 6.46887E-1 6.42803E-1 6.38052E-1 6.48736E-1 6.29622E-1 5.85904E-1 5.7165E-1 5.85182E-1 5.77258E-1 5.74642E-1 5.61226E-1 5.82045E-1 5.81902E-1 5.54962E-1 5.08425E-1 5.1949E-1 5.09672E-1 4.33289E-1 4.23199E-1 3.85881E-1 3.33857E-1 4.26498E-1
-9999 -9999 -9999 -9999 -9999 -9999 -9999 -9999 -9999 -9999 -9999 -9999 -9999 -9999 -9999 -9999 4.46931E-1 4.53998E-1 4.33489E-1 3.92966E-1 3.52886E-1 3.55213E-1 4.00026E-1 5.71229E-1 6.3232E-1 6.3613E-1 6.40569E-1 6.06278E-1 5.93597E-1 5.90192E-1 6.09672E-1 6.3368E-1 6.71613E-1 6.60424E-1 6.37216E-1 6.28229E-1 6.3169E-1 6.47671E-1 6.4926E-1 6.52802E-1 6.62475E-1 6.4531E-1 6.38379E-1 5.96712E-1 5.64829E-1 5.54072E-1 5.67527E-1 5.75203E-1 5.82623E-1 5.62054E-1 5.86484E-1 5.80872E-1 5.59258E-1 5.21685E-1 4.65178E-1 5.03591E-1 4.66115E-1 3.89631E-1 4.02564E-1 3.74632E-1 3.88884E-1
-9999 -9999 -9999 -9999 -9999 -9999 -9999 -9999 -9999 -9999 -9999 -9999 -9999 -9999 -9999 4.20883E-1 4.28428E-1 4.39052E-1 4.3245E-1 4.3605E-1 3.87309E-1 3.28984E-1 2.93016E-1 3.6428E-1 5.89286E-1 6.25012E-1 6.11076E-1 5.9566E-1 5.5345E-1 5.70388E-1 6.47221E-1 6.50634E-1 6.47331E-1 6.34741E-1 6.09521E-1 6.10562E-1 6.20631E-1 6.2565E-1 6.34197E-1 6.41215E-1 6.51163E-1 6.39426E-1 6.22574E-1 5.84046E-1 5.62017E-1 5.53938E-1 5.59799E-1 5.71305E-1 5.72739E-1 6.0022E-1 5.99796E-1 5.76389E-1 5.89764E-1 5.25856E-1 3.79188E-1 4.75051E-1 4.80383E-1 4.28489E-1 3.90357E-1 3.93095E-1 4.19952E-1
-9999 -9999 -9999 -9999 -9999 -9999 -9999 -9999 -9999 -9999 -9999 -9999 -9999 -9999 -9999 -9999 4.13623E-1 4.24109E-1 4.16222E-1 4.20793E-1 3.9829E-1 3.09135E-1 2.6905E-1 3.2559E-1 5.37768E-1 5.69303E-1 6.12662E-1 5.74174E-1 5.48123E-1 5.80877E-1 6.40292E-1 6.48869E-1 6.43555E-1 6.07903E-1 6.28279E-1 6.05342E-1 6.28274E-1 6.23178E-1 6.30273E-1 6.26732E-1 6.30839E-1 6.25325E-1 6.01682E-1 5.71647E-1 5.36969E-1 5.35028E-1 5.44823E-1 5.60635E-1 5.66805E-1 5.67273E-1 5.82389E-1 5.73143E-1 5.87805E-1 6.03464E-1 5.59368E-1 4.23711E-1 4.46996E-1 4.36713E-1 4.15942E-1 4.03608E-1 4.02703E-1
-9999 -9999 -9999 -9999 -9999 -9999 -9999 -9999 -9999 -9999 -9999 -9999 -9999 -9999 -9999 -9999 -9999 3.98403E-1 4.23392E-1 4.20384E-1 3.97972E-1 3.501E-1 2.9528E-1 2.62842E-1 4.50345E-1 5.07148E-1 5.67312E-1 5.73675E-1 5.74666E-1 5.93983E-1 6.41195E-1 6.37217E-1 6.5097E-1 6.34506E-1 6.13839E-1 6.31062E-1 6.41228E-1 6.33598E-1 6.38683E-1 6.35037E-1 6.1778E-1 6.16279E-1 5.75317E-1 5.55661E-1 5.3273E-1 5.4239E-1 5.48668E-1 5.34611E-1 5.3268E-1 5.30166E-1 5.43947E-1 5.29962E-1 5.5118E-1 5.66559E-1 5.36284E-1 4.66232E-1 4.36268E-1 4.33186E-1 4.20633E-1 4.0443E-1 4.00836E-1
-9999 -9999 -9999 -9999 -9999 -9999 -9999 -9999 -9999 -9999 -9999 -9999 -9999 -9999 -9999 -9999 -9999 3.92862E-1 4.0075E-1 4.19726E-1 3.93679E-1 3.75526E-1 3.42429E-1 2.69009E-1 3.90493E-1 4.96447E-1 5.50116E-1 5.96095E-1 6.26355E-1 6.24293E-1 6.27225E-1 6.36153E-1 6.44223E-1 6.51986E-1 6.28275E-1 6.09916E-1 6.2353E-1 6.5495E-1 6.56925E-1 6.52875E-1 6.17901E-1 5.94948E-1 5.79879E-1 5.6689E-1 5.58565E-1 5.37472E-1 5.27073E-1 5.3762E-1 5.23149E-1 4.74739E-1 4.95427E-1 4.76962E-1 4.98692E-1 5.21484E-1 4.80079E-1 4.54304E-1 4.24547E-1 4.222E-1 4.28894E-1 4.10681E-1 4.17446E-1
-9999 -9999 -9999 -9999 -9999 -9999 -9999 -9999 -9999 -9999 -9999 -9999 -9999 -9999 -9999 -9999 -9999 -9999 3.778E-1 4.02878E-1 4.00467E-1 3.74251E-1 3.53703E-1 3.18601E-1 3.39411E-1 4.65981E-1 5.56162E-1 5.88873E-1 6.53421E-1 6.63639E-1 6.52239E-1 6.45171E-1 6.41299E-1 6.43839E-1 6.32086E-1 6.12741E-1 6.2287E-1 6.65811E-1 6.78534E-1 6.43602E-1 6.12965E-1 5.8681E-1 5.53323E-1 5.59162E-1 5.4184E-1 5.44691E-1 5.26146E-1 5.22075E-1 5.15044E-1 4.68035E-1 4.74403E-1 4.84269E-1 4.88394E-1 4.49042E-1 3.94386E-1 4.07075E-1 4.26673E-1 4.46119E-1 4.48008E-1 4.37061E-1 4.23402E-1
-9999 -9999 -9999 -9999 -9999 -9999 -9999 -9999 -9999 -9999 -9999 -9999 -9999 -9999 -9999 -9999 -9999 -9999 3.57754E-1 4.06436E-1 4.11526E-1 3.86753E-1 3.47414E-1 3.49274E-1 3.71228E-1 3.88904E-1 5.30405E-1 6.08747E-1 6.64924E-1 6.7505E-1 6.49283E-1 6.56722E-1 6.53291E-1 6.37003E-1 6.30952E-1 6.20518E-1 6.15735E-1 6.2424E-1 6.5765E-1 6.27151E-1 6.17592E-1 5.92944E-1 5.75901E-1 5.361E-1 5.24928E-1 5.33995E-1 5.29319E-1 5.0581E-1 4.93845E-1 4.70243E-1 4.56154E-1 4.52972E-1 4.55259E-1 4.42053E-1 4.12315E-1 3.84073E-1 4.186E-1 4.56487E-1 4.51199E-1 4.46431E-1 4.30344E-1
