maxent_outputs/red_flowers_linear/red_110.asc
ncols         426
nrows         180
xllcorner     -130.0
yllcorner     24.0
cellsize      0.16666666666666666
NODATA_value  -9999
[rows 27 to 53 of 180, columns 122 to 182 of 426]
1.09724E-1 1.03616E-1 9.95632E-2 1.01932E-1 1.12267E-1 1.12828E-1 1.05213E-1 1.07063E-1 1.07239E-1 1.03644E-1 1.00523E-1 9.68298E-2 9.72385E-2 1.0689E-1 1.11674E-1 1.08352E-1 1.06835E-1 1.07876E-1 1.12688E-1 1.1611E-1 1.19569E-1 1.18366E-1 1.19134E-1 1.20804E-1 1.22241E-1 1.20927E-1 1.34381E-1 1.26804E-1 1.13439E-1 1.09157E-1 1.0904E-1 1.10439E-1 1.08182E-1 1.03855E-1 9.33149E-2 9.07385E-2 9.07899E-2 8.99733E-2 8.7335E-2 8.60369E-2 8.40054E-2 8.14322E-2 7.89624E-2 7.84471E-2 7.88811E-2 7.85057E-2 7.73235E-2 7.9632E-2 7.90914E-2 7.84266E-2 7.96241E-2 7.91347E-2 8.00328E-2 8.15703E-2 8.21561E-2 8.09766E-2 7.91442E-2 7.77896E-2 7.80218E-2 7.8673E-2 8.15889E-2
9.45828E-2 9.67173E-2 9.98092E-2 1.03677E-1 1.09194E-1 1.08272E-1 1.04211E-1 1.01349E-1 1.00506E-1 1.00758E-1 9.91541E-2 9.8861E-2 9.61969E-2 9.75351E-2 1.00417E-1 1.09519E-1 1.1197E-1 1.11591E-1 1.12516E-1 1.138E-1 1.19817E-1 1.21055E-1 1.23648E-1 1.24634E-1 1.22024E-1 1.31074E-1 1.35842E-1 1.48499E-1 1.4317E-1 1.33487E-1 1.14178E-1 1.04636E-1 1.00714E-1 1.00048E-1 9.92066E-2 9.20125E-2 9.04276E-2 9.06057E-2 8.98325E-2 8.86293E-2 8.80013E-2 8.62676E-2 8.55488E-2 8.30508E-2 8.35219E-2 8.19819E-2 8.09321E-2 8.05979E-2 7.89569E-2 7.90008E-2 7.80866E-2 7.60948E-2 7.57425E-2 7.56592E-2 7.63723E-2 7.92655E-2 8.17652E-2 7.72559E-2 7.55583E-2 7.67686E-2 8.08812E-2
9.61768E-2 1.02644E-1 1.00277E-1 1.06768E-1 1.13846E-1 1.16976E-1 1.11758E-1 1.06634E-1 1.04819E-1 1.02497E-1 1.00999E-1 1.01557E-1 9.76531E-2 9.52291E-2 9.85335E-2 9.68726E-2 9.64133E-2 9.79624E-2 1.03612E-1 1.10997E-1 1.16441E-1 1.22834E-1 1.26579E-1 1.36059E-1 1.27515E-1 1.35522E-1 1.37684E-1 1.49188E-1 1.54356E-1 1.34254E-1 1.16476E-1 1.07539E-1 1.02155E-1 9.44682E-2 9.21157E-2 9.38178E-2 9.45899E-2 8.96515E-2 8.92258E-2 9.30194E-2 9.51593E-2 9.28958E-2 8.85748E-2 8.70952E-2 8.58701E-2 8.51156E-2 8.40674E-2 8.17255E-2 7.88524E-2 8.0291E-2 7.80818E-2 7.62817E-2 7.42752E-2 7.31894E-2 7.657E-2 8.2721E-2 8.52893E-2 8.73854E-2 8.33915E-2 7.873E-2 7.8135E-2
1.08142E-1 1.0463E-1 1.06671E-1 1.09333E-1 1.18796E-1 1.2675E-1 1.27795E-1 1.25368E-1 1.23892E-1 1.1616E-1 1.09853E-1 1.07861E-1 1.05427E-1 1.05081E-1 1.0837E-1 1.01441E-1 9.70053E-2 9.58374E-2 1.0311E-1 1.16426E-1 1.19065E-1 1.22203E-1 1.22248E-1 1.29288E-1 1.58489E-1 1.67377E-1 1.468E-1 1.42027E-1 1.59436E-1 1.23232E-1 1.08046E-1 1.0578E-1 1.06877E-1 9.70357E-2 8.93052E-2 9.14297E-2 9.14687E-2 9.14892E-2 8.96375E-2 9.35501E-2 9.57184E-2 9.40583E-2 9.27385E-2 9.03406E-2 8.81992E-2 8.76858E-2 8.62535E-2 8.37252E-2 8.05302E-2 8.0288E-2 8.0343E-2 7.77916E-2 7.64654E-2 7.32019E-2 7.55723E-2 8.31571E-2 8.41701E-2 8.38077E-2 8.39067E-2 8.66216E-2 8.00936E-2
1.30275E-1 1.32144E-1 1.2631E-1 1.24167E-1 1.31046E-1 1.33412E-1 1.35702E-1 1.35018E-1 1.36567E-1 1.35129E-1 1.22671E-1 1.19084E-1 1.11047E-1 1.04136E-1 1.10074E-1 1.06004E-1 1.0286E-1 1.01349E-1 1.03943E-1 1.10567E-1 1.18771E-1 1.18822E-1 1.27006E-1 1.27537E-1 1.46676E-1 1.76176E-1 1.77096E-1 1.37834E-1 1.44559E-1 1.29694E-1 1.14734E-1 1.02172E-1 1.0204E-1 9.91596E-2 9.02593E-2 9.25873E-2 9.07091E-2 8.96606E-2 9.07745E-2 9.30062E-2 9.26725E-2 9.33714E-2 9.33093E-2 9.28032E-2 9.05045E-2 9.15487E-2 8.9251E-2 8.86258E-2 8.71692E-2 8.48623E-2 8.51542E-2 8.11629E-2 7.78984E-2 7.55669E-2 7.4442E-2 7.50358E-2 7.61415E-2 7.79878E-2 7.82582E-2 7.95502E-2 7.7752E-2
1.42118E-1 1.44145E-1 1.40625E-1 1.39007E-1 1.37251E-1 1.35213E-1 1.37262E-1 1.34158E-1 1.33257E-1 1.29439E-1 1.35799E-1 1.34957E-1 1.1747E-1 1.08881E-1 1.06789E-1 1.10671E-1 1.14966E-1 1.1365E-1 1.09489E-1 1.13746E-1 1.19287E-1 1.22125E-1 1.19917E-1 1.22368E-1 1.37502E-1 1.31915E-1 1.45992E-1 1.41919E-1 1.37991E-1 1.30222E-1 1.17491E-1 1.05541E-1 1.01545E-1 9.98268E-2 9.9048E-2 9.88632E-2 9.31535E-2 9.03293E-2 8.89013E-2 9.15552E-2 9.15758E-2 9.11702E-2 9.0513E-2 9.31529E-2 9.37963E-2 9.15186E-2 8.87171E-2 8.82933E-2 9.25267E-2 9.08155E-2 8.93936E-2 8.78779E-2 8.39581E-2 8.23551E-2 8.25532E-2 7.78549E-2 7.66967E-2 7.54343E-2 7.81159E-2 8.50092E-2 8.06388E-2
1.70567E-1 1.68933E-1 1.66005E-1 1.59524E-1 1.48961E-1 1.42706E-1 1.3641E-1 1.33648E-1 1.2708E-1 1.2806E-1 1.38783E-1 1.26853E-1 1.22526E-1 1.28425E-1 1.20461E-1 1.13021E-1 1.14677E-1 1.20566E-1 1.17034E-1 1.19498E-1 1.18564E-1 1.17327E-1 1.17125E-1 1.27335E-1 1.46702E-1 1.43838E-1 1.15135E-1 1.40364E-1 1.48052E-1 1.20117E-1 1.17641E-1 1.17078E-1 1.06498E-1 1.06331E-1 1.06385E-1 1.04036E-1 9.72436E-2 9.246E-2 8.92712E-2 8.89482E-2 9.05882E-2 9.1E-2 9.00486E-2 9.26543E-2 9.37462E-2 9.32467E-2 9.12756E-2 8.52083E-2 8.67776E-2 9.08539E-2 9.5513E-2 9.13202E-2 8.96762E-2 8.41343E-2 8.41784E-2 8.51092E-2 8.89614E-2 8.15701E-2 8.00086E-2 8.27806E-2 8.29168E-2
1.83734E-1 1.83115E-1 1.82348E-1 1.85567E-1 1.71456E-1 1.6203E-1 1.57061E-1 1.49863E-1 1.48396E-1 1.45631E-1 1.40969E-1 1.35614E-1 1.43555E-1 1.39199E-1 1.38403E-1 1.3132E-1 1.27066E-1 1.19637E-1 1.1947E-1 1.19114E-1 1.17401E-1 1.1991E-1 1.18422E-1 1.19664E-1 1.23676E-1 1.244E-1 1.19483E-1 1.16831E-1 1.30928E-1 1.15207E-1 1.10926E-1 1.17536E-1 1.10545E-1 1.10172E-1 1.08883E-1 1.04971E-1 1.02135E-1 9.59787E-2 9.31509E-2 9.15455E-2 8.93021E-2 9.04327E-2 9.00683E-2 9.21591E-2 9.31984E-2 9.38427E-2 9.34696E-2 9.19206E-2 8.65731E-2 8.97553E-2 9.3712E-2 9.70226E-2 9.33095E-2 9.08191E-2 8.86649E-2 8.74294E-2 8.56214E-2 8.62574E-2 8.48352E-2 8.81272E-2 8.96111E-2
1.84316E-1 1.85276E-1 1.83897E-1 1.81959E-1 1.70399E-1 1.61909E-1 1.74585E-1 1.70974E-1 1.62081E-1 1.56151E-1 1.54543E-1 1.46871E-1 1.47143E-1 1.45143E-1 1.48263E-1 1.48315E-1 1.43197E-1 1.38171E-1 1.28525E-1 1.26671E-1 1.2338E-1 1.21628E-1 1.21868E-1 1.26817E-1 1.3197E-1 1.28466E-1 1.28978E-1 1.31194E-1 1.19704E-1 1.1612E-1 1.11627E-1 1.14606E-1 1.16595E-1 1.11856E-1 1.10624E-1 1.14183E-1 1.13645E-1 1.1141E-1 1.1059E-1 1.07855E-1 1.06317E-1 1.02527E-1 1.00062E-1 9.77805E-2 9.66661E-2 9.39069E-2 9.45586E-2 9.45777E-2 9.47781E-2 9.57803E-2 9.29352E-2 9.48597E-2 9.81868E-2 9.92317E-2 9.74356E-2 9.36203E-2 9.06871E-2 8.83018E-2 8.80974E-2 8.72092E-2 8.38124E-2
1.6782E-1 1.69444E-1 1.80005E-1 1.8032E-1 1.68551E-1 1.64829E-1 1.97001E-1 1.9269E-1 1.72641E-1 1.60159E-1 1.56459E-1 1.55582E-1 1.56802E-1 1.55769E-1 1.51138E-1 1.6053E-1 1.58184E-1 1.49673E-1 1.53424E-1 1.54986E-1 1.38797E-1 1.3659E-1 1.32134E-1 1.28468E-1 1.23364E-1 1.24271E-1 1.24503E-1 1.25496E-1 1.23977E-1 1.26948E-1 1.26292E-1 1.30671E-1 1.26371E-1 1.19691E-1 1.20237E-1 1.13124E-1 1.12613E-1 1.126E-1 1.1107E-1 1.06667E-1 1.03996E-1 1.10621E-1 1.08121E-1 1.11395E-1 1.03893E-1 9.36278E-2 9.3758E-2 9.34143E-2 9.56617E-2 1.02395E-1 1.02199E-1 9.9633E-2 9.89991E-2 9.84035E-2 9.93735E-2 9.63959E-2 9.46615E-2 9.36731E-2 8.90105E-2 8.54987E-2 8.56083E-2
1.63864E-1 1.69503E-1 1.70835E-1 1.66812E-1 1.69167E-1 1.75989E-1 1.83156E-1 1.88189E-1 1.74773E-1 1.66966E-1 1.61286E-1 1.59599E-1 1.55719E-1 1.50835E-1 1.5249E-1 1.54816E-1 1.57024E-1 1.58524E-1 1.53072E-1 1.4476E-1 1.38614E-1 1.3779E-1 1.40973E-1 1.35999E-1 1.3061E-1 1.3395E-1 1.34478E-1 1.38264E-1 1.36654E-1 1.40148E-1 1.41131E-1 1.35262E-1 1.31637E-1 1.31171E-1 1.27897E-1 1.19437E-1 1.15058E-1 1.13398E-1 1.15819E-1 1.14539E-1 1.11906E-1 1.14284E-1 1.15598E-1 1.14E-1 1.17295E-1 9.79313E-2 9.55048E-2 9.47913E-2 9.57534E-2 9.90619E-2 9.94639E-2 1.00235E-1 9.93279E-2 1.03354E-1 1.02897E-1 9.76087E-2 9.5777E-2 9.26168E-2 8.96968E-2 8.7028E-2 8.55825E-2
1.83861E-1 1.7995E-1 1.69254E-1 1.75638E-1 1.78889E-1 1.72322E-1 1.72403E-1 1.67965E-1 1.65939E-1 1.61928E-1 1.57258E-1 1.53532E-1 1.57256E-1 1.55037E-1 1.51753E-1 1.51461E-1 1.51428E-1 1.51064E-1 1.48917E-1 1.52823E-1 1.45539E-1 1.37782E-1 1.34807E-1 1.34574E-1 1.32189E-1 1.32478E-1 1.40085E-1 1.4521E-1 1.65807E-1 1.48675E-1 1.37005E-1 1.36456E-1 1.39304E-1 1.41679E-1 1.30604E-1 1.23302E-1 1.20356E-1 1.24215E-1 1.2336E-1 1.22824E-1 1.22297E-1 1.2348E-1 1.20043E-1 1.17881E-1 1.21859E-1 1.13595E-1 1.0316E-1 1.03151E-1 1.07345E-1 1.10572E-1 1.07385E-1 1.05331E-1 1.00142E-1 9.8376E-2 1.00056E-1 1.00932E-1 9.85627E-2 9.45643E-2 9.19297E-2 8.87347E-2 8.66974E-2
1.99362E-1 2.01153E-1 1.96771E-1 1.95118E-1 1.91975E-1 1.91032E-1 1.89161E-1 1.8442E-1 1.74359E-1 1.66566E-1 1.60878E-1 1.56885E-1 1.53048E-1 1.49886E-1 1.57159E-1 1.57956E-1 1.57059E-1 1.55432E-1 1.53168E-1 1.56836E-1 1.51263E-1 1.42949E-1 1.34863E-1 1.33314E-1 1.34501E-1 1.35589E-1 1.38598E-1 1.57543E-1 1.82885E-1 1.62228E-1 1.54978E-1 1.57016E-1 1.48001E-1 1.33439E-1 1.2396E-1 1.24291E-1 1.23612E-1 1.2416E-1 1.22355E-1 1.22299E-1 1.25226E-1 1.27274E-1 1.24266E-1 1.22368E-1 1.20107E-1 1.11795E-1 1.09293E-1 1.10722E-1 1.05208E-1 1.04888E-1 1.02286E-1 1.02439E-1 1.02335E-1 1.01434E-1 9.99263E-2 9.9523E-2 1.03655E-1 1.00606E-1 9.77025E-2 9.26774E-2 8.99284E-2
2.10094E-1 2.14033E-1 2.14627E-1 2.15249E-1 2.02146E-1 2.03977E-1 1.97211E-1 1.87817E-1 1.81076E-1 1.74389E-1 1.67541E-1 1.62254E-1 1.59177E-1 1.54522E-1 1.54133E-1 1.5615E-1 1.55925E-1 1.55733E-1 1.55013E-1 1.55212E-1 1.51862E-1 1.45695E-1 1.39498E-1 1.36468E-1 1.36332E-1 1.42827E-1 1.45764E-1 1.41912E-1 1.92608E-1 2.1527E-1 2.08082E-1 1.76551E-1 1.63967E-1 1.37952E-1 1.31179E-1 1.30408E-1 1.30123E-1 1.27837E-1 1.21426E-1 1.22832E-1 1.24368E-1 1.25695E-1 1.24834E-1 1.25206E-1 1.2302E-1 1.20287E-1 1.16374E-1 1.14357E-1 1.10631E-1 1.08446E-1 1.10403E-1 1.09665E-1 1.0438E-1 9.89915E-2 9.90784E-2 1.02594E-1 9.902E-2 9.59616E-2 9.65312E-2 9.29526E-2 9.0749E-2
2.10397E-1 2.05619E-1 2.19309E-1 2.11908E-1 2.02595E-1 2.04959E-1 2.05999E-1 1.97798E-1 1.88651E-1 1.80286E-1 1.73456E-1 1.6661E-1 1.61469E-1 1.5922E-1 1.61278E-1 1.62187E-1 1.60433E-1 1.54547E-1 1.55024E-1 1.54326E-1 1.50009E-1 1.46263E-1 1.41896E-1 1.42529E-1 1.42596E-1 1.4404E-1 1.38232E-1 1.37562E-1 1.84314E-1 2.75143E-1 2.75158E-1 1.82557E-1 1.54364E-1 1.441E-1 1.35928E-1 1.33913E-1 1.34036E-1 1.31645E-1 1.23891E-1 1.25098E-1 1.25642E-1 1.29463E-1 1.31117E-1 1.23594E-1 1.21648E-1 1.19308E-1 1.1822E-1 1.15547E-1 1.14073E-1 1.12514E-1 1.14911E-1 1.13428E-1 1.06321E-1 1.0078E-1 9.97861E-2 9.8943E-2 9.78311E-2 1.01632E-1 9.76119E-2 9.85945E-2 9.17181E-2
2.1564E-1 2.18389E-1 2.16601E-1 2.20448E-1 2.1822E-1 2.07876E-1 2.05136E-1 2.04569E-1 2.03931E-1 1.9811E-1 1.8524E-1 1.73439E-1 1.67369E-1 1.61082E-1 1.6087E-1 1.60054E-1 1.55621E-1 1.55752E-1 1.54564E-1 1.54209E-1 1.50001E-1 1.46889E-1 1.43665E-1 1.46871E-1 1.53852E-1 1.64904E-1 1.69793E-1 1.70797E-1 2.2011E-1 2.70842E-1 2.60004E-1 2.18306E-1 1.53301E-1 1.51579E-1 1.45052E-1 1.45441E-1 1.45194E-1 1.42956E-1 1.32772E-1 1.3069E-1 1.30011E-1 1.29632E-1 1.30833E-1 1.32867E-1 1.31693E-1 1.29212E-1 1.2411E-1 1.19591E-1 1.17643E-1 1.17319E-1 1.17672E-1 1.17545E-1 1.14671E-1 1.07283E-1 1.01354E-1 1.0133E-1 9.93835E-2 9.96282E-2 9.86793E-2 9.99673E-2 9.26689E-2
2.25563E-1 2.39473E-1 2.34454E-1 2.25953E-1 2.18486E-1 2.09438E-1 2.07067E-1 2.07968E-1 2.05361E-1 2.02755E-1 2.00766E-1 1.87996E-1 1.76453E-1 1.66794E-1 1.65214E-1 1.63737E-1 1.59681E-1 1.52415E-1 1.54238E-1 1.53129E-1 1.51268E-1 1.46573E-1 1.49062E-1 1.55339E-1 1.65213E-1 1.70867E-1 1.701E-1 1.96756E-1 2.0482E-1 2.0617E-1 2.10477E-1 2.08128E-1 1.57785E-1 1.50133E-1 1.5201E-1 1.49517E-1 1.50937E-1 1.43567E-1 1.35895E-1 1.33858E-1 1.34964E-1 1.3698E-1 1.34795E-1 1.3349E-1 1.32228E-1 1.29469E-1 1.26589E-1 1.22752E-1 1.21963E-1 1.19194E-1 1.20399E-1 1.21577E-1 1.20212E-1 1.20109E-1 1.05536E-1 1.00442E-1 9.97799E-2 1.04133E-1 1.03597E-1 1.04373E-1 1.01765E-1
2.184E-1 2.17938E-1 2.18691E-1 2.20487E-1 2.17577E-1 2.1496E-1 2.08229E-1 2.05203E-1 2.07582E-1 2.07983E-1 2.05484E-1 2.02374E-1 1.89245E-1 1.69653E-1 1.66008E-1 1.67615E-1 1.66591E-1 1.60031E-1 1.63316E-1 1.62859E-1 1.59114E-1 1.5843E-1 1.59087E-1 1.59578E-1 1.61297E-1 1.7015E-1 1.76223E-1 1.72545E-1 2.02665E-1 1.7942E-1 1.8551E-1 1.93817E-1 1.69895E-1 1.57278E-1 1.60839E-1 1.59476E-1 1.55131E-1 1.49185E-1 1.40325E-1 1.37745E-1 1.37686E-1 1.35585E-1 1.34398E-1 1.34815E-1 1.36482E-1 1.36358E-1 1.30313E-1 1.23479E-1 1.22239E-1 1.24372E-1 1.24289E-1 1.22383E-1 1.21015E-1 1.17846E-1 1.16207E-1 1.00275E-1 9.70269E-2 9.92792E-2 1.03632E-1 1.03875E-1 1.05773E-1
2.25859E-1 2.19832E-1 2.17699E-1 2.16671E-1 2.17132E-1 2.14066E-1 2.06464E-1 2.08915E-1 2.15324E-1 2.16151E-1 2.09821E-1 2.00714E-1 1.95609E-1 1.82302E-1 1.71389E-1 1.73347E-1 1.75301E-1 1.71474E-1 1.70541E-1 1.68382E-1 1.71207E-1 1.6921E-1 1.66741E-1 1.65077E-1 1.69382E-1 1.832E-1 1.83319E-1 1.67738E-1 1.79933E-1 1.83617E-1 1.7626E-1 1.71802E-1 1.80356E-1 1.70627E-1 1.65145E-1 1.58943E-1 1.55886E-1 1.52224E-1 1.44836E-1 1.41954E-1 1.41749E-1 1.39847E-1 1.3618E-1 1.34024E-1 1.37446E-1 1.35577E-1 1.35333E-1 1.26713E-1 1.21926E-1 1.28546E-1 1.31591E-1 1.2507E-1 1.22157E-1 1.1828E-1 1.15629E-1 9.86487E-2 9.39944E-2 9.5681E-2 1.00139E-1 1.04052E-1 1.05248E-1
2.26704E-1 2.2161E-1 2.19295E-1 2.1421E-1 2.08042E-1 2.04605E-1 2.06491E-1 2.11984E-1 2.17063E-1 2.15179E-1 2.12008E-1 1.9706E-1 1.93355E-1 1.83991E-1 1.96887E-1 1.89299E-1 1.86458E-1 1.82073E-1 1.79565E-1 1.76161E-1 1.77135E-1 1.74481E-1 1.75352E-1 1.64898E-1 1.61834E-1 1.71379E-1 1.69893E-1 1.7134E-1 1.63844E-1 1.68622E-1 1.66323E-1 1.91545E-1 1.9128E-1 1.65532E-1 1.62206E-1 1.60726E-1 1.50817E-1 1.48246E-1 1.45446E-1 1.42196E-1 1.41823E-1 1.43863E-1 1.42057E-1 1.43595E-1 1.4351E-1 1.39816E-1 1.36393E-1 1.3416E-1 1.28985E-1 1.2796E-1 1.343E-1 1.28483E-1 1.28512E-1 1.23619E-1 1.22383E-1 1.11002E-1 1.00779E-1 9.65652E-2 9.79048E-2 1.00565E-1 1.01994E-1
2.2832E-1 2.30024E-1 2.24638E-1 2.20649E-1 2.15617E-1 2.08071E-1 2.1286E-1 2.08017E-1 2.0985E-1 2.08931E-1 2.01111E-1 1.94415E-1 1.79792E-1 1.69035E-1 1.82058E-1 1.77045E-1 1.88892E-1 1.95816E-1 2.00671E-1 1.90311E-1 1.80541E-1 1.82213E-1 1.79817E-1 1.8277E-1 1.79081E-1 1.80481E-1 1.84405E-1 1.76197E-1 1.62464E-1 1.63732E-1 1.72527E-1 2.05666E-1 1.98953E-1 1.76985E-1 1.63652E-1 1.62E-1 1.67758E-1 1.61888E-1 1.54086E-1 1.46816E-1 1.43075E-1 1.45511E-1 1.45748E-1 1.4578E-1 1.43195E-1 1.40994E-1 1.33277E-1 1.34237E-1 1.35719E-1 1.37507E-1 1.33225E-1 1.31128E-1 1.30237E-1 1.32834E-1 1.33095E-1 1.1976E-1 1.15201E-1 1.05307E-1 9.88175E-2 1.0143E-1 1.03377E-1
2.3807E-1 2.37922E-1 2.32339E-1 2.22741E-1 2.18281E-1 2.19507E-1 2.24285E-1 2.1287E-1 2.05971E-1 2.03706E-1 1.96812E-1 2.10661E-1 1.85238E-1 1.8345E-1 1.75622E-1 1.73725E-1 1.91281E-1 2.03896E-1 2.06107E-1 1.92739E-1 1.88998E-1 1.88282E-1 1.84469E-1 1.83444E-1 1.91549E-1 1.92644E-1 1.92429E-1 1.84971E-1 1.77391E-1 1.8538E-1 2.08978E-1 2.3945E-1 2.24592E-1 2.02865E-1 1.765E-1 1.66335E-1 1.77414E-1 1.75656E-1 1.64428E-1 1.54986E-1 1.5262E-1 1.49888E-1 1.48891E-1 1.46293E-1 1.47408E-1 1.46319E-1 1.41224E-1 1.40035E-1 1.41167E-1 1.3785E-1 1.34222E-1 1.31217E-1 1.25986E-1 1.27345E-1 1.36342E-1 1.33288E-1 1.22927E-1 1.14858E-1 1.0612E-1 1.05219E-1 1.03851E-1
2.38592E-1 2.31927E-1 2.32685E-1 2.27449E-1 2.26266E-1 2.2815E-1 2.22599E-1 2.13689E-1 2.11493E-1 2.2276E-1 2.05529E-1 2.07083E-1 1.77492E-1 1.84041E-1 1.84811E-1 1.81609E-1 1.90845E-1 2.00452E-1 2.01554E-1 1.97723E-1 1.93933E-1 2.00196E-1 2.17092E-1 2.00824E-1 1.93493E-1 1.91661E-1 1.9706E-1 1.96675E-1 1.9909E-1 1.94348E-1 2.05016E-1 2.02285E-1 1.9501E-1 2.07957E-1 1.92029E-1 1.80541E-1 1.77913E-1 1.70967E-1 1.63365E-1 1.60595E-1 1.56938E-1 1.5654E-1 1.5578E-1 1.52861E-1 1.51562E-1 1.4936E-1 1.50206E-1 1.49942E-1 1.49411E-1 1.48269E-1 1.43926E-1 1.43961E-1 1.40123E-1 1.38319E-1 1.35613E-1 1.37866E-1 1.28901E-1 1.20403E-1 1.1628E-1 1.15354E-1 1.1259E-1
2.50259E-1 2.2818E-1 2.17004E-1 2.17871E-1 2.22366E-1 2.21979E-1 2.20626E-1 2.13334E-1 2.18316E-1 2.32156E-1 2.33808E-1 2.13483E-1 1.90535E-1 1.92458E-1 1.89315E-1 1.91017E-1 1.84819E-1 1.90508E-1 2.06872E-1 2.17814E-1 1.92524E-1 1.94092E-1 2.08652E-1 2.1244E-1 1.97901E-1 2.00017E-1 2.01477E-1 2.00905E-1 1.95125E-1 1.81947E-1 1.82133E-1 1.87643E-1 2.09746E-1 2.03882E-1 1.87118E-1 1.88867E-1 1.77392E-1 1.66719E-1 1.68628E-1 1.74481E-1 1.64115E-1 1.58281E-1 1.57325E-1 1.57433E-1 1.511E-1 1.4767E-1 1.47387E-1 1.50672E-1 1.49544E-1 1.47456E-1 1.46043E-1 1.45282E-1 1.44932E-1 1.43611E-1 1.44522E-1 1.42192E-1 1.29475E-1 1.26995E-1 1.21776E-1 1.22002E-1 1.19527E-1
2.4967E-1 2.25372E-1 2.11566E-1 2.08869E-1 2.14688E-1 2.22043E-1 2.14963E-1 2.13372E-1 2.26595E-1 2.53057E-1 2.55472E-1 2.07563E-1 1.99409E-1 1.92835E-1 2.02142E-1 2.19333E-1 2.08966E-1 1.99081E-1 2.05841E-1 2.13782E-1 2.11862E-1 2.02949E-1 2.04244E-1 2.06333E-1 2.15205E-1 2.05731E-1 2.05678E-1 2.01979E-1 2.05789E-1 2.02072E-1 1.96566E-1 1.97197E-1 2.08229E-1 1.90983E-1 1.98365E-1 2.04294E-1 1.97837E-1 1.77832E-1 1.72376E-1 1.89351E-1 1.79966E-1 1.67037E-1 1.60226E-1 1.58074E-1 1.53299E-1 1.50641E-1 1.48576E-1 1.49454E-1 1.49292E-1 1.46835E-1 1.47078E-1 1.47526E-1 1.44245E-1 1.45685E-1 1.47008E-1 1.464E-1 1.3841E-1 1.25305E-1 1.21998E-1 1.20849E-1 1.23126E-1
2.85946E-1 2.52035E-1 2.27068E-1 1.99891E-1 1.98429E-1 2.31856E-1 2.46894E-1 2.4915E-1 2.05153E-1 2.05085E-1 2.53016E-1 2.22095E-1 1.99889E-1 1.95603E-1 2.07565E-1 2.3606E-1 2.10233E-1 2.04853E-1 1.99471E-1 2.05018E-1 2.08586E-1 2.06481E-1 2.04741E-1 2.05447E-1 2.08979E-1 2.08593E-1 2.09159E-1 2.09617E-1 2.06885E-1 2.06143E-1 2.05383E-1 2.06546E-1 2.01648E-1 1.88117E-1 1.9509E-1 2.04942E-1 1.96512E-1 1.82723E-1 1.78435E-1 1.7971E-1 1.76152E-1 1.68701E-1 1.64649E-1 1.59952E-1 1.56701E-1 1.54796E-1 1.54974E-1 1.54405E-1 1.54488E-1 1.53691E-1 1.52712E-1 1.54384E-1 1.54345E-1 1.52927E-1 1.50962E-1 1.5099E-1 1.47873E-1 1.35032E-1 1.31112E-1 1.25243E-1 1.24377E-1
3.0901E-1 2.79985E-1 2.52462E-1 1.93506E-1 1.95154E-1 1.94204E-1 2.16575E-1 2.37082E-1 2.17273E-1 2.24062E-1 2.52883E-1 2.33912E-1 2.17821E-1 2.05618E-1 2.0832E-1 2.18706E-1 2.10883E-1 2.08041E-1 2.12642E-1 2.06399E-1 2.14181E-1 2.12662E-1 2.07985E-1 2.06449E-1 2.04209E-1 2.02741E-1 2.09455E-1 2.09707E-1 2.05669E-1 2.03349E-1 2.08551E-1 2.07631E-1 2.09277E-1 2.1163E-1 2.17885E-1 2.27744E-1 2.29153E-1 2.14553E-1 1.96284E-1 1.84167E-1 1.74048E-1 1.70396E-1 1.7042E-1 1.72396E-1 1.66408E-1 1.59828E-1 1.56241E-1 1.57053E-1 1.58081E-1 1.59761E-1 1.59818E-1 1.6221E-1 1.59965E-1 1.57649E-1 1.57716E-1 1.57934E-1 1.50014E-1 1.36749E-1 1.31723E-1 1.29766E-1 1.2911E-1
