maxent_outputs/red_flowers_linear/red_336.asc
ncols         426
nrows         180
xllcorner     -130.0
yllcorner     24.0
cellsize      0.16666666666666666
NODATA_value  -9999
[rows 108 to 134 of 180, columns 122 to 182 of 426]
4.28813E-2 3.67029E-2 2.48378E-2 2.60934E-2 2.76193E-2 3.727E-2 4.47813E-2 4.33931E-2 3.96391E-2 3.72662E-2 3.20292E-2 2.95401E-2 2.84989E-2 2.4196E-2 2.42216E-2 2.35282E-2 2.55396E-2 1.97235E-2 1.9283E-2 1.88499E-2 4.33437E-2 4.41751E-2 4.48098E-2 2.1036E-2 1.48075E-2 3.39554E-2 4.37778E-2 4.79529E-2 5.23556E-2 5.08954E-2 6.16256E-2 7.07929E-2 6.48219E-2 5.8751E-2 7.64095E-2 8.9417E-2 8.30173E-2 8.12534E-2 8.54712E-2 8.75996E-2 9.02059E-2 9.09264E-2 9.69124E-2 8.85654E-2 8.20568E-2 8.41276E-2 9.46842E-2 9.62866E-2 1.01211E-1 1.08729E-1 1.15015E-1 1.15133E-1 1.13685E-1 1.16102E-1 1.16618E-1 1.15778E-1 1.12065E-1 1.10913E-1 1.13367E-1 1.14913E-1 1.18384E-1
3.58315E-2 2.99673E-2 2.46975E-2 3.02563E-2 3.57187E-2 3.91918E-2 4.00263E-2 3.90395E-2 3.6722E-2 3.41252E-2 2.98385E-2 2.82455E-2 3.01557E-2 3.44586E-2 3.77766E-2 3.53816E-2 3.95767E-2 4.16146E-2 3.36148E-2 4.23064E-2 5.02988E-2 4.48851E-2 4.51236E-2 2.69618E-2 2.2844E-2 4.02672E-2 4.6767E-2 4.53432E-2 4.77175E-2 5.42708E-2 6.92574E-2 8.35331E-2 8.45886E-2 8.13964E-2 8.58554E-2 9.54282E-2 8.89468E-2 8.38011E-2 8.79008E-2 9.56286E-2 9.73886E-2 1.021E-1 1.04821E-1 1.00277E-1 9.1809E-2 9.1314E-2 1.07819E-1 1.14683E-1 1.19672E-1 1.24656E-1 1.22347E-1 1.19373E-1 1.1272E-1 1.10176E-1 1.14806E-1 1.14376E-1 1.14706E-1 1.16348E-1 1.17629E-1 1.20259E-1 1.23184E-1
3.58327E-2 3.05155E-2 2.52718E-2 3.14855E-2 3.05318E-2 3.18797E-2 3.30653E-2 2.9623E-2 2.88428E-2 3.33037E-2 3.08833E-2 3.16729E-2 3.45571E-2 3.84013E-2 4.59975E-2 4.96195E-2 5.82116E-2 6.92639E-2 5.99302E-2 6.00986E-2 5.37862E-2 4.50036E-2 4.57021E-2 4.19525E-2 3.97193E-2 4.66779E-2 5.06464E-2 4.60152E-2 4.82603E-2 5.67519E-2 8.06429E-2 9.08077E-2 8.71401E-2 8.83973E-2 1.02449E-1 1.0603E-1 9.82234E-2 9.83811E-2 9.65806E-2 1.02794E-1 1.06048E-1 1.13111E-1 1.13386E-1 1.13189E-1 1.09893E-1 1.08634E-1 1.13472E-1 1.23303E-1 1.20034E-1 1.23674E-1 1.19794E-1 1.16091E-1 1.10475E-1 1.09948E-1 1.10592E-1 1.15691E-1 1.18308E-1 1.19045E-1 1.21481E-1 1.26696E-1 1.30649E-1
4.42531E-2 3.94632E-2 3.48615E-2 4.04507E-2 3.50588E-2 2.99683E-2 2.81924E-2 2.64174E-2 2.90422E-2 3.27596E-2 3.38039E-2 3.4378E-2 3.34182E-2 2.43458E-2 4.76906E-2 5.75284E-2 6.22925E-2 6.85878E-2 6.82835E-2 6.91438E-2 6.04426E-2 5.36724E-2 4.62855E-2 4.33167E-2 4.52505E-2 6.1509E-2 6.85864E-2 7.43416E-2 7.38706E-2 8.43646E-2 1.00744E-1 1.06237E-1 1.07979E-1 1.0994E-1 1.22221E-1 1.2298E-1 1.18049E-1 1.16275E-1 1.13192E-1 1.1151E-1 1.13468E-1 1.16453E-1 1.17448E-1 1.2113E-1 1.25324E-1 1.25577E-1 1.26042E-1 1.24064E-1 1.1161E-1 1.13623E-1 1.12979E-1 1.11222E-1 1.16718E-1 1.2086E-1 1.20876E-1 1.23266E-1 1.2579E-1 1.26655E-1 1.29859E-1 1.3332E-1 1.36895E-1
5.05967E-2 4.79764E-2 4.51997E-2 3.9426E-2 3.22128E-2 3.0329E-2 2.85819E-2 2.48865E-2 2.4965E-2 3.17122E-2 3.77367E-2 3.76257E-2 3.1573E-2 4.04572E-2 5.65403E-2 6.08119E-2 6.40393E-2 7.47086E-2 8.22539E-2 6.09373E-2 5.65172E-2 4.85727E-2 4.54352E-2 3.98326E-2 4.96807E-2 6.84024E-2 7.63948E-2 8.43266E-2 8.58957E-2 8.80086E-2 1.02355E-1 1.16443E-1 1.16184E-1 1.13991E-1 1.27517E-1 1.21456E-1 1.18727E-1 1.19078E-1 1.15965E-1 1.13786E-1 1.14322E-1 1.03305E-1 9.67231E-2 9.82009E-2 1.05267E-1 1.15119E-1 1.28428E-1 1.2027E-1 1.07165E-1 1.07344E-1 1.11915E-1 1.15513E-1 1.23085E-1 1.27343E-1 1.25994E-1 1.29247E-1 1.35559E-1 1.36832E-1 1.40415E-1 1.42544E-1 1.46284E-1
5.21756E-2 5.03835E-2 4.83146E-2 3.94396E-2 3.97458E-2 3.81151E-2 3.17462E-2 2.65503E-2 2.67358E-2 2.93537E-2 4.28554E-2 4.7271E-2 5.46464E-2 5.86181E-2 6.01846E-2 6.82233E-2 6.89884E-2 8.58111E-2 9.83249E-2 6.71971E-2 4.87779E-2 4.73007E-2 4.51359E-2 3.94584E-2 5.17511E-2 6.35217E-2 7.33174E-2 8.21416E-2 9.68529E-2 1.02352E-1 1.06897E-1 1.16609E-1 1.2196E-1 1.22925E-1 1.23918E-1 1.23966E-1 1.22685E-1 1.21486E-1 1.18941E-1 1.18898E-1 1.07076E-1 9.502E-2 9.22531E-2 9.31054E-2 9.70632E-2 1.02634E-1 1.12833E-1 1.16812E-1 1.11279E-1 1.12831E-1 1.21159E-1 1.30027E-1 1.33603E-1 1.36281E-1 1.37173E-1 1.4119E-1 1.45369E-1 1.46731E-1 1.49362E-1 1.49448E-1 1.55116E-1
5.6926E-2 5.20477E-2 4.93717E-2 4.57141E-2 4.23122E-2 3.50161E-2 3.14396E-2 2.69367E-2 2.54331E-2 3.3378E-2 4.68553E-2 4.404E-2 5.3295E-2 6.20307E-2 6.15781E-2 6.91029E-2 6.85657E-2 7.56936E-2 7.66768E-2 6.74397E-2 4.8889E-2 4.84024E-2 4.68103E-2 4.68802E-2 4.94228E-2 6.4244E-2 7.64946E-2 8.66999E-2 9.89253E-2 1.1386E-1 1.1319E-1 1.06564E-1 1.04411E-1 1.0574E-1 1.18576E-1 1.18328E-1 1.189E-1 1.05756E-1 1.04813E-1 1.0563E-1 9.98138E-2 9.78132E-2 9.4133E-2 9.50815E-2 9.95412E-2 1.08429E-1 1.17257E-1 1.24121E-1 1.44448E-1 1.43102E-1 1.40067E-1 1.4853E-1 1.46755E-1 1.48238E-1 1.49943E-1 1.54948E-1 1.58601E-1 1.55744E-1 1.58619E-1 1.61477E-1 1.6226E-1
5.84537E-2 5.61343E-2 5.30305E-2 4.89291E-2 4.3103E-2 3.61439E-2 3.00154E-2 2.73061E-2 3.00981E-2 3.33005E-2 3.46851E-2 3.42652E-2 4.31101E-2 6.30552E-2 6.28931E-2 7.27819E-2 7.13492E-2 7.18077E-2 7.57569E-2 6.36293E-2 5.3126E-2 4.96727E-2 4.72808E-2 4.70981E-2 5.06565E-2 5.79339E-2 7.34057E-2 8.45112E-2 9.19589E-2 1.06679E-1 1.22851E-1 1.14728E-1 1.11686E-1 1.0358E-1 9.52014E-2 9.03301E-2 9.06034E-2 9.18646E-2 9.5673E-2 9.7239E-2 9.88891E-2 1.0056E-1 9.84603E-2 1.00407E-1 1.02632E-1 1.08242E-1 1.12435E-1 1.13841E-1 1.21903E-1 1.50604E-1 1.72522E-1 1.62556E-1 1.65178E-1 1.66453E-1 1.64667E-1 1.68223E-1 1.71411E-1 1.69545E-1 1.66954E-1 1.66717E-1 1.68014E-1
6.62234E-2 6.10033E-2 5.62174E-2 5.15695E-2 4.44555E-2 4.0338E-2 3.57935E-2 3.14711E-2 3.01102E-2 2.84565E-2 3.23602E-2 4.09801E-2 5.03509E-2 6.2235E-2 6.65292E-2 7.3235E-2 7.34771E-2 7.07134E-2 7.68031E-2 6.23162E-2 5.41474E-2 5.61117E-2 5.614E-2 5.28342E-2 5.4593E-2 5.71725E-2 6.74109E-2 8.0686E-2 9.07455E-2 1.05732E-1 1.13483E-1 1.18489E-1 1.16982E-1 1.14454E-1 1.09203E-1 9.94819E-2 9.47933E-2 9.86952E-2 1.00687E-1 9.84649E-2 9.97991E-2 9.91193E-2 9.79554E-2 9.9952E-2 1.048E-1 1.12442E-1 1.16132E-1 1.23716E-1 1.28859E-1 1.46252E-1 1.67173E-1 1.83197E-1 1.83953E-1 1.81347E-1 1.7876E-1 1.79985E-1 1.84309E-1 1.82882E-1 1.7793E-1 1.73747E-1 1.76843E-1
6.47895E-2 6.68053E-2 5.77287E-2 4.90142E-2 4.312E-2 3.96599E-2 3.70525E-2 3.23626E-2 2.98358E-2 2.87239E-2 3.8244E-2 4.4791E-2 5.40499E-2 6.34744E-2 7.07024E-2 7.69539E-2 7.70589E-2 7.09912E-2 7.81528E-2 7.10454E-2 5.71452E-2 5.53368E-2 6.17038E-2 6.19174E-2 6.31636E-2 7.0919E-2 7.37171E-2 7.78509E-2 8.88478E-2 1.02114E-1 1.07722E-1 1.1441E-1 1.20585E-1 1.20023E-1 1.18568E-1 1.1151E-1 1.0509E-1 1.03777E-1 1.08017E-1 1.01505E-1 9.69017E-2 9.81614E-2 9.93099E-2 9.97177E-2 1.02605E-1 1.1169E-1 1.21221E-1 1.28964E-1 1.32005E-1 1.32617E-1 1.39748E-1 1.76433E-1 1.89328E-1 1.90433E-1 1.89516E-1 1.86165E-1 1.88742E-1 1.84523E-1 1.84815E-1 1.85283E-1 1.87165E-1
4.46889E-2 5.64603E-2 5.25654E-2 4.22918E-2 3.82667E-2 3.49596E-2 3.06076E-2 3.05585E-2 2.799E-2 2.84586E-2 3.47289E-2 3.8784E-2 3.92197E-2 4.93757E-2 6.73777E-2 7.38226E-2 8.0548E-2 7.38917E-2 7.57296E-2 7.11116E-2 6.4711E-2 6.27522E-2 6.57104E-2 6.4415E-2 7.06199E-2 8.22446E-2 8.24432E-2 8.36178E-2 9.10035E-2 1.06377E-1 1.11299E-1 1.18497E-1 1.23681E-1 1.24396E-1 1.18135E-1 1.20426E-1 1.18719E-1 1.14079E-1 1.07143E-1 1.03182E-1 1.0377E-1 1.04644E-1 1.06127E-1 1.09867E-1 1.1356E-1 1.20448E-1 1.29406E-1 1.38272E-1 1.38965E-1 1.39627E-1 1.46577E-1 1.80629E-1 1.8871E-1 1.93195E-1 1.94102E-1 1.90936E-1 1.95817E-1 1.92573E-1 1.92839E-1 1.92041E-1 1.93556E-1
2.49299E-2 3.68257E-2 4.06871E-2 3.55202E-2 2.91247E-2 2.96172E-2 2.80397E-2 2.53579E-2 2.96126E-2 3.20572E-2 3.51416E-2 3.35434E-2 3.46329E-2 4.44423E-2 5.47892E-2 7.17925E-2 8.69967E-2 8.17751E-2 7.84827E-2 7.15736E-2 7.38001E-2 6.84433E-2 7.09595E-2 6.69858E-2 7.39319E-2 8.77094E-2 9.34939E-2 9.38622E-2 9.86853E-2 1.05765E-1 1.12243E-1 1.17659E-1 1.19585E-1 1.22214E-1 1.20254E-1 1.18864E-1 1.21923E-1 1.21257E-1 1.22276E-1 1.19671E-1 1.16542E-1 1.12056E-1 1.0983E-1 1.1612E-1 1.19028E-1 1.26688E-1 1.35779E-1 1.40621E-1 1.43076E-1 1.42655E-1 1.44145E-1 1.66476E-1 1.90823E-1 1.92989E-1 1.9665E-1 1.93518E-1 1.91803E-1 1.88256E-1 1.95234E-1 1.99393E-1 2.02655E-1
2.38082E-2 1.91446E-2 2.48962E-2 2.97006E-2 3.0245E-2 3.04522E-2 3.15991E-2 2.98749E-2 3.07383E-2 2.91335E-2 3.23576E-2 3.4739E-2 3.72315E-2 5.2799E-2 6.82574E-2 7.80865E-2 8.99318E-2 8.53344E-2 7.90389E-2 7.99366E-2 7.92255E-2 8.02524E-2 7.58529E-2 7.8211E-2 8.03051E-2 8.44007E-2 9.24168E-2 1.02598E-1 1.09161E-1 1.09674E-1 1.14009E-1 1.1755E-1 1.18608E-1 1.21697E-1 1.17173E-1 1.19477E-1 1.19666E-1 1.17597E-1 1.15067E-1 1.16087E-1 1.14358E-1 1.15976E-1 1.15153E-1 1.20732E-1 1.24703E-1 1.30903E-1 1.40318E-1 1.44276E-1 1.45462E-1 1.45587E-1 1.49493E-1 1.59159E-1 1.81392E-1 1.88231E-1 1.91088E-1 1.93837E-1 1.94252E-1 1.97915E-1 2.01637E-1 2.05819E-1 2.10927E-1
3.48189E-2 3.09226E-2 2.94397E-2 3.65709E-2 3.61776E-2 4.28924E-2 3.42044E-2 3.06927E-2 2.92042E-2 3.121E-2 3.32624E-2 3.76665E-2 4.26105E-2 5.95904E-2 8.64262E-2 9.51934E-2 8.9787E-2 8.24972E-2 8.02202E-2 9.22346E-2 8.83013E-2 9.07151E-2 9.18235E-2 9.1853E-2 8.83053E-2 9.75976E-2 1.04791E-1 1.11096E-1 1.1678E-1 1.18041E-1 1.20938E-1 1.16544E-1 1.21461E-1 1.20741E-1 1.10187E-1 1.12834E-1 1.13673E-1 1.12884E-1 1.12946E-1 1.14037E-1 1.18258E-1 1.23484E-1 1.22196E-1 1.29103E-1 1.31349E-1 1.37898E-1 1.46514E-1 1.52606E-1 1.52406E-1 1.4993E-1 1.58471E-1 1.62193E-1 1.81872E-1 1.83412E-1 1.91182E-1 1.92212E-1 1.95007E-1 2.05082E-1 2.11889E-1 2.18765E-1 2.27094E-1
5.54628E-2 4.86888E-2 5.34286E-2 5.1844E-2 5.67892E-2 4.18362E-2 2.90671E-2 2.57742E-2 3.04035E-2 3.14104E-2 2.83344E-2 4.18765E-2 6.03583E-2 7.40989E-2 9.85296E-2 9.65962E-2 9.28039E-2 9.19449E-2 8.62655E-2 1.0957E-1 1.09064E-1 1.10096E-1 1.11655E-1 8.85913E-2 8.11099E-2 8.94249E-2 9.95981E-2 1.23176E-1 1.28366E-1 1.27406E-1 1.29376E-1 1.17692E-1 1.2403E-1 1.22148E-1 1.1672E-1 1.12018E-1 1.10965E-1 1.12744E-1 1.12371E-1 1.14323E-1 1.23833E-1 1.30325E-1 1.28897E-1 1.3231E-1 1.39204E-1 1.48263E-1 1.72279E-1 1.6426E-1 1.61337E-1 1.56706E-1 1.66735E-1 1.87577E-1 1.8571E-1 1.87305E-1 1.94002E-1 1.90434E-1 1.96415E-1 2.12136E-1 2.19612E-1 2.27988E-1 2.3023E-1
8.03433E-2 7.91545E-2 8.37411E-2 7.33106E-2 7.80442E-2 4.75572E-2 2.90404E-2 2.80742E-2 3.02477E-2 3.41841E-2 3.25011E-2 4.91254E-2 7.31252E-2 1.05801E-1 1.12251E-1 1.12276E-1 1.04976E-1 1.03755E-1 1.04476E-1 1.24755E-1 1.34499E-1 1.3122E-1 1.13545E-1 6.14836E-2 8.56107E-2 1.08528E-1 1.14298E-1 1.31663E-1 1.40437E-1 1.39058E-1 1.42805E-1 1.27134E-1 1.27431E-1 1.25152E-1 1.28314E-1 1.22097E-1 1.17707E-1 1.18747E-1 1.19842E-1 1.18562E-1 1.19082E-1 1.29334E-1 1.3442E-1 1.37978E-1 1.42426E-1 1.48963E-1 1.57428E-1 1.59661E-1 1.67873E-1 1.84388E-1 1.86146E-1 1.90556E-1 1.85223E-1 1.85476E-1 2.03294E-1 2.07063E-1 2.13748E-1 2.24517E-1 2.27691E-1 2.29472E-1 2.32224E-1
1.04325E-1 9.57804E-2 1.18987E-1 9.99786E-2 8.96219E-2 5.94371E-2 3.99564E-2 3.73726E-2 4.37312E-2 4.18361E-2 3.72288E-2 5.84747E-2 9.11756E-2 1.13162E-1 1.25633E-1 1.25391E-1 1.10327E-1 1.02088E-1 1.21023E-1 1.3554E-1 1.36296E-1 1.38492E-1 1.21933E-1 7.53389E-2 7.24468E-2 9.66954E-2 1.17811E-1 1.29049E-1 1.44988E-1 1.48805E-1 1.47592E-1 1.35187E-1 1.35952E-1 1.35319E-1 1.38307E-1 1.23368E-1 1.21381E-1 1.23909E-1 1.25608E-1 1.28094E-1 1.281E-1 1.32416E-1 1.34578E-1 1.40424E-1 1.49986E-1 1.51138E-1 1.60082E-1 1.63916E-1 1.66128E-1 1.92027E-1 1.94073E-1 1.92417E-1 1.90727E-1 1.97695E-1 2.0994E-1 2.20495E-1 2.22238E-1 2.35593E-1 2.33285E-1 2.36684E-1 2.39353E-1
1.45453E-1 1.49759E-1 1.57272E-1 9.73253E-2 7.75511E-2 8.40345E-2 8.08778E-2 6.3626E-2 5.44074E-2 4.79972E-2 4.21126E-2 6.21293E-2 9.97967E-2 1.24899E-1 1.41064E-1 1.26801E-1 1.14066E-1 1.14962E-1 1.40347E-1 1.33769E-1 1.31842E-1 1.46725E-1 1.42391E-1 7.33483E-2 6.97217E-2 9.70668E-2 1.19517E-1 1.3257E-1 1.476E-1 1.51274E-1 1.48365E-1 1.38548E-1 1.4386E-1 1.4581E-1 1.4954E-1 1.2769E-1 1.25624E-1 1.30037E-1 1.33109E-1 1.3542E-1 1.38469E-1 1.42734E-1 1.42012E-1 1.49163E-1 1.5534E-1 1.5763E-1 1.6688E-1 1.71157E-1 1.83942E-1 2.06361E-1 2.13175E-1 2.07831E-1 2.04151E-1 2.12224E-1 2.21039E-1 2.30317E-1 2.35825E-1 2.45828E-1 2.44572E-1 2.47826E-1 2.52077E-1
2.10473E-1 1.94729E-1 1.67066E-1 1.37502E-1 9.81255E-2 9.67349E-2 9.3985E-2 8.23344E-2 6.10827E-2 5.7987E-2 6.39206E-2 6.73183E-2 1.12134E-1 1.33278E-1 1.37506E-1 1.31153E-1 1.18871E-1 1.24472E-1 1.49312E-1 1.35577E-1 1.19343E-1 1.45207E-1 1.53926E-1 6.70413E-2 7.82716E-2 1.05354E-1 1.24583E-1 1.34834E-1 1.49332E-1 1.5619E-1 1.53946E-1 1.48881E-1 1.46524E-1 1.50067E-1 1.54662E-1 1.38977E-1 1.35953E-1 1.39455E-1 1.44724E-1 1.46019E-1 1.51177E-1 1.50195E-1 1.51236E-1 1.54432E-1 1.62545E-1 1.65209E-1 1.69347E-1 1.84268E-1 1.91222E-1 2.21499E-1 2.20594E-1 2.06819E-1 2.12679E-1 2.2375E-1 2.38135E-1 2.46608E-1 2.57214E-1 2.61878E-1 2.65967E-1 2.65464E-1 2.61508E-1
1.91643E-1 1.88212E-1 1.64775E-1 1.38495E-1 1.33652E-1 1.25877E-1 1.06784E-1 8.77067E-2 9.09077E-2 9.64466E-2 1.0018E-1 9.55488E-2 1.20417E-1 1.38457E-1 1.4132E-1 1.40041E-1 1.26554E-1 1.224E-1 1.47155E-1 1.50137E-1 1.34891E-1 1.42498E-1 1.49951E-1 6.95329E-2 7.843E-2 1.00613E-1 1.28021E-1 1.36239E-1 1.48052E-1 1.55575E-1 1.56376E-1 1.5417E-1 1.58596E-1 1.61849E-1 1.67362E-1 1.55489E-1 1.5149E-1 1.51243E-1 1.62735E-1 1.63529E-1 1.56918E-1 1.6354E-1 1.67652E-1 1.65798E-1 1.74406E-1 1.70099E-1 1.7978E-1 2.02918E-1 2.28215E-1 2.34505E-1 2.204E-1 2.22029E-1 2.20589E-1 2.29675E-1 2.47512E-1 2.55974E-1 2.68676E-1 2.78208E-1 2.82885E-1 2.78102E-1 2.69454E-1
1.79088E-1 1.84735E-1 1.71104E-1 1.40009E-1 1.25889E-1 1.10603E-1 1.01616E-1 9.02407E-2 1.00626E-1 1.06743E-1 1.20894E-1 1.22428E-1 1.38984E-1 1.33844E-1 1.43089E-1 1.59886E-1 1.40485E-1 1.23098E-1 1.40563E-1 1.66065E-1 1.45138E-1 1.51674E-1 1.60289E-1 1.35499E-1 1.08613E-1 1.16058E-1 1.28289E-1 1.33263E-1 1.46218E-1 1.60279E-1 1.71181E-1 1.73983E-1 1.76513E-1 1.75859E-1 1.87581E-1 1.87051E-1 1.78112E-1 1.76191E-1 1.82483E-1 1.80134E-1 1.73848E-1 1.78127E-1 1.88043E-1 1.89261E-1 1.85273E-1 1.84561E-1 1.88447E-1 1.99943E-1 2.30461E-1 2.38583E-1 2.32719E-1 2.34528E-1 2.35789E-1 2.42497E-1 2.56464E-1 2.68226E-1 2.83453E-1 2.89187E-1 2.89386E-1 2.84989E-1 2.73977E-1
1.86032E-1 1.68292E-1 1.64477E-1 1.51242E-1 1.17408E-1 1.11965E-1 1.17406E-1 1.13513E-1 1.16469E-1 1.21339E-1 1.27369E-1 1.62106E-1 1.62905E-1 1.43718E-1 1.48756E-1 1.49468E-1 1.58206E-1 1.57258E-1 1.56757E-1 1.71689E-1 1.5429E-1 1.64114E-1 1.55823E-1 1.40295E-1 1.42845E-1 1.39918E-1 1.48194E-1 1.43454E-1 1.3614E-1 1.60029E-1 1.86279E-1 2.03177E-1 2.02659E-1 2.00263E-1 2.0681E-1 2.0464E-1 1.91011E-1 1.92365E-1 1.98938E-1 2.00608E-1 1.9535E-1 2.05222E-1 2.1994E-1 2.17613E-1 2.17678E-1 2.14183E-1 2.10266E-1 2.04188E-1 2.09739E-1 2.24206E-1 2.45317E-1 2.50657E-1 2.57927E-1 2.60454E-1 2.64375E-1 2.72844E-1 2.77415E-1 2.90748E-1 2.96107E-1 2.93272E-1 2.74744E-1
1.80301E-1 1.81356E-1 1.63816E-1 1.66381E-1 1.29359E-1 1.35478E-1 1.25801E-1 1.26963E-1 1.26703E-1 1.3576E-1 1.41668E-1 1.67558E-1 1.77223E-1 1.6457E-1 1.53899E-1 1.49088E-1 1.53066E-1 1.79973E-1 1.74318E-1 1.81883E-1 1.54437E-1 1.55841E-1 1.47522E-1 1.39257E-1 1.48051E-1 1.51012E-1 1.61731E-1 1.62672E-1 1.47073E-1 1.56157E-1 1.95535E-1 2.09778E-1 2.02661E-1 2.08312E-1 2.20657E-1 2.13141E-1 2.02113E-1 2.0581E-1 2.10395E-1 2.10605E-1 2.03553E-1 2.15209E-1 2.31293E-1 2.33925E-1 2.26814E-1 2.24153E-1 2.14937E-1 2.22174E-1 2.22697E-1 2.3951E-1 2.56401E-1 2.67555E-1 2.76626E-1 2.80689E-1 2.66992E-1 2.57769E-1 2.56841E-1 2.65511E-1 2.75065E-1 2.81024E-1 2.74126E-1
1.78181E-1 1.65358E-1 1.62E-1 1.60534E-1 1.45014E-1 1.4425E-1 1.43054E-1 1.31755E-1 1.31235E-1 1.42296E-1 1.48815E-1 1.71138E-1 2.09087E-1 1.83222E-1 1.71614E-1 1.77836E-1 1.64644E-1 1.72869E-1 1.82579E-1 1.66341E-1 1.53966E-1 1.59145E-1 1.41048E-1 1.39881E-1 1.53843E-1 1.61408E-1 1.62609E-1 1.66819E-1 1.49429E-1 1.47197E-1 1.99355E-1 1.98515E-1 1.97186E-1 2.04519E-1 2.23812E-1 2.19433E-1 2.16147E-1 2.17518E-1 2.23207E-1 2.14832E-1 2.24037E-1 2.32162E-1 2.44177E-1 2.50982E-1 2.39792E-1 2.39739E-1 2.27928E-1 2.25906E-1 2.28562E-1 2.36081E-1 2.54227E-1 2.66783E-1 2.80761E-1 2.90468E-1 2.77818E-1 2.67785E-1 2.70504E-1 2.6698E-1 2.77595E-1 2.81036E-1 2.83877E-1
1.67082E-1 1.53214E-1 1.06059E-1 1.58428E-1 1.53484E-1 1.43946E-1 1.5374E-1 1.57813E-1 1.53186E-1 1.68775E-1 1.76912E-1 1.98979E-1 2.02648E-1 1.86976E-1 1.86491E-1 1.96325E-1 1.7776E-1 1.66648E-1 2.03152E-1 2.02392E-1 1.59976E-1 1.5976E-1 1.39275E-1 1.38656E-1 1.49418E-1 1.67771E-1 1.69047E-1 1.77524E-1 1.70012E-1 1.80109E-1 2.02353E-1 1.99258E-1 2.07863E-1 2.1337E-1 2.21495E-1 2.2716E-1 2.2157E-1 2.34022E-1 2.30311E-1 2.26571E-1 2.26016E-1 2.52283E-1 2.57791E-1 2.69349E-1 2.62053E-1 2.54983E-1 2.48929E-1 2.44407E-1 2.36512E-1 2.35193E-1 2.44445E-1 2.58525E-1 2.61499E-1 2.72242E-1 2.88949E-1 2.88655E-1 2.88197E-1 2.83243E-1 2.84782E-1 2.87156E-1 2.82458E-1
1.95612E-1 1.62278E-1 1.37685E-1 1.62142E-1 1.49007E-1 1.39819E-1 1.66995E-1 1.75872E-1 1.80804E-1 1.81163E-1 1.98163E-1 2.00755E-1 2.09702E-1 1.96768E-1 1.90522E-1 1.76469E-1 1.70941E-1 1.60483E-1 1.86276E-1 2.26667E-1 1.73354E-1 1.52155E-1 1.45384E-1 1.36311E-1 1.44239E-1 1.57617E-1 1.70578E-1 1.75984E-1 1.79818E-1 1.84591E-1 1.95727E-1 1.99599E-1 2.12094E-1 2.16154E-1 2.26494E-1 2.31481E-1 2.33062E-1 2.29937E-1 2.34183E-1 2.37235E-1 2.37485E-1 2.47074E-1 2.6116E-1 2.69811E-1 2.71754E-1 2.69678E-1 2.59687E-1 2.50226E-1 2.34885E-1 2.3636E-1 2.43284E-1 2.56601E-1 2.67696E-1 2.65552E-1 2.68133E-1 2.87845E-1 2.95276E-1 2.93505E-1 2.87488E-1 2.90393E-1 2.86932E-1
2.05105E-1 1.97637E-1 1.89347E-1 1.67304E-1 1.37475E-1 1.422E-1 1.73107E-1 1.70729E-1 1.86456E-1 1.85428E-1 2.11498E-1 2.2161E-1 2.20254E-1 2.03319E-1 1.81969E-1 1.73472E-1 1.68013E-1 1.66581E-1 1.67594E-1 1.82609E-1 1.77977E-1 1.5171E-1 1.45955E-1 1.39675E-1 1.45478E-1 1.56384E-1 1.66327E-1 1.77407E-1 1.86487E-1 1.95525E-1 1.85923E-1 1.97038E-1 2.10647E-1 2.2097E-1 2.31494E-1 2.36666E-1 2.38751E-1 2.40845E-1 2.373E-1 2.3798E-1 2.43797E-1 2.55115E-1 2.61474E-1 2.67878E-1 2.7993E-1 2.7484E-1 2.6188E-1 2.48127E-1 2.43275E-1 2.37008E-1 2.42068E-1 2.56482E-1 2.68747E-1 2.79662E-1 2.86907E-1 2.93358E-1 2.97382E-1 3.0294E-1 3.10954E-1 3.164E-1 3.1259E-1
