maxent_outputs/red_flowers_linear/red_188.asc
ncols         426
nrows         180
xllcorner     -130.0
yllcorner     24.0
cellsize      0.16666666666666666
NODATA_value  -9999
[rows 108 to 134 of 180, columns 244 to 304 of 426]
7.07493E-1 7.13121E-1 7.12522E-1 7.14248E-1 7.19204E-1 7.14896E-1 7.0668E-1 6.93766E-1 7.0175E-1 6.84094E-1 6.92583E-1 7.00221E-1 7.07648E-1 7.063E-1 6.99474E-1 7.05215E-1 7.09193E-1 7.22443E-1 7.3377E-1 7.57682E-1 7.62828E-1 7.50866E-1 7.55378E-1 7.72119E-1 8.0754E-1 8.12928E-1 8.08119E-1 7.89491E-1 7.41003E-1 7.11082E-1 7.0379E-1 7.12771E-1 7.04963E-1 6.89929E-1 6.89295E-1 7.05187E-1 7.20176E-1 7.29673E-1 7.69242E-1 7.73704E-1 8.42089E-1 8.55442E-1 8.58784E-1 8.56746E-1 8.69387E-1 8.15956E-1 7.91569E-1 8.06238E-1 7.89578E-1 7.66701E-1 7.49064E-1 7.35527E-1 7.32192E-1 7.4337E-1 7.53085E-1 7.50985E-1 7.40259E-1 7.43999E-1 7.31242E-1 7.34896E-1 7.4075E-1
7.07307E-1 7.16227E-1 7.23464E-1 7.23929E-1 7.197E-1 7.11439E-1 7.11153E-1 6.96652E-1 7.02147E-1 6.94004E-1 6.96663E-1 6.9776E-1 7.04932E-1 7.16854E-1 7.18964E-1 7.22128E-1 7.30934E-1 7.36738E-1 7.534E-1 7.66141E-1 7.64493E-1 7.52908E-1 7.67912E-1 7.91293E-1 8.05124E-1 7.97644E-1 7.95837E-1 7.63206E-1 7.40453E-1 7.19503E-1 7.2333E-1 7.08372E-1 7.1531E-1 7.48052E-1 7.61952E-1 7.91207E-1 8.79949E-1 8.42183E-1 8.61674E-1 7.82548E-1 7.58636E-1 9.04238E-1 9.32997E-1 8.46439E-1 8.29349E-1 7.98779E-1 8.07324E-1 7.92758E-1 7.80861E-1 7.62497E-1 7.59487E-1 7.38314E-1 7.39433E-1 7.55387E-1 7.70139E-1 7.58663E-1 7.40761E-1 7.47461E-1 7.31029E-1 7.43997E-1 7.43816E-1
7.13328E-1 7.23576E-1 7.29276E-1 7.19628E-1 7.1146E-1 7.05794E-1 7.04629E-1 7.02342E-1 7.1263E-1 7.10578E-1 7.19919E-1 7.20619E-1 7.20595E-1 7.23545E-1 7.12575E-1 7.18175E-1 7.30655E-1 7.51035E-1 7.69364E-1 7.80581E-1 7.67387E-1 7.80355E-1 8.17523E-1 8.15306E-1 7.80952E-1 7.96021E-1 7.45481E-1 7.35878E-1 7.35482E-1 7.35307E-1 7.39706E-1 7.47229E-1 8.20157E-1 8.72085E-1 9.19566E-1 9.40746E-1 9.19105E-1 9.00548E-1 8.39292E-1 8.30449E-1 8.07583E-1 8.66659E-1 8.74793E-1 8.33472E-1 8.28338E-1 8.54961E-1 8.24318E-1 7.80481E-1 7.55811E-1 7.67558E-1 7.80206E-1 7.50592E-1 7.59098E-1 7.66531E-1 7.72292E-1 7.52895E-1 7.5326E-1 7.40911E-1 7.21936E-1 7.27285E-1 7.29353E-1
7.17425E-1 7.19279E-1 7.32533E-1 7.23423E-1 7.09706E-1 7.08066E-1 7.07654E-1 7.20156E-1 7.29055E-1 7.27914E-1 7.31169E-1 7.38244E-1 7.44867E-1 7.33542E-1 7.24875E-1 7.23896E-1 7.29039E-1 7.42779E-1 7.60672E-1 7.72678E-1 7.99287E-1 8.33342E-1 8.24633E-1 8.01383E-1 7.9704E-1 7.5033E-1 7.30956E-1 7.32935E-1 7.33542E-1 7.43034E-1 7.55456E-1 8.4885E-1 8.50879E-1 8.44238E-1 8.37259E-1 8.51957E-1 8.55951E-1 9.45587E-1 9.47269E-1 9.32868E-1 8.53374E-1 8.66675E-1 8.68833E-1 8.07681E-1 7.96401E-1 8.025E-1 7.69877E-1 7.68095E-1 7.55509E-1 7.50072E-1 7.71379E-1 7.57825E-1 7.50496E-1 7.49862E-1 7.51507E-1 7.61433E-1 7.52421E-1 7.3402E-1 7.28237E-1 7.24073E-1 7.34664E-1
7.30756E-1 7.24627E-1 7.22572E-1 7.13789E-1 7.0988E-1 7.13945E-1 7.17684E-1 7.22919E-1 7.28017E-1 7.4203E-1 7.42141E-1 7.46081E-1 7.46951E-1 7.32196E-1 7.29672E-1 7.20625E-1 7.25754E-1 7.36041E-1 7.59168E-1 7.6835E-1 7.98051E-1 8.26252E-1 8.13975E-1 7.88886E-1 7.83814E-1 7.44056E-1 7.39303E-1 7.32546E-1 7.53798E-1 7.72696E-1 8.08397E-1 8.77357E-1 8.75926E-1 8.86222E-1 9.13288E-1 8.63762E-1 9.12558E-1 9.36831E-1 9.7026E-1 9.26872E-1 9.11724E-1 8.91239E-1 8.59744E-1 7.97446E-1 7.81053E-1 7.72185E-1 7.61178E-1 7.67664E-1 7.61526E-1 7.57468E-1 7.69864E-1 7.74983E-1 7.49237E-1 7.40171E-1 7.28431E-1 7.32105E-1 7.20935E-1 7.35617E-1 7.31116E-1 7.31793E-1 7.22769E-1
7.34089E-1 7.33003E-1 7.2959E-1 7.18233E-1 7.1435E-1 7.17418E-1 7.34682E-1 7.27182E-1 7.37352E-1 7.43961E-1 7.35479E-1 7.41742E-1 7.39594E-1 7.35197E-1 7.2514E-1 7.226E-1 7.2567E-1 7.354E-1 7.59285E-1 7.96201E-1 7.99137E-1 7.91091E-1 7.62037E-1 7.95948E-1 7.57291E-1 7.52152E-1 7.47026E-1 7.4548E-1 8.002E-1 7.98035E-1 7.9736E-1 7.83101E-1 8.10773E-1 8.88296E-1 9.4542E-1 9.1124E-1 9.61875E-1 9.67856E-1 9.44587E-1 9.43017E-1 8.98606E-1 8.62321E-1 8.19914E-1 7.92414E-1 7.81623E-1 7.72629E-1 7.60613E-1 7.54265E-1 7.56265E-1 7.65713E-1 7.60602E-1 7.63721E-1 7.47351E-1 7.35658E-1 7.16578E-1 7.02127E-1 7.00626E-1 7.06233E-1 7.02301E-1 7.16153E-1 7.25947E-1
7.48373E-1 7.41873E-1 7.33375E-1 7.28763E-1 7.21771E-1 7.21114E-1 7.35802E-1 7.44713E-1 7.38626E-1 7.33733E-1 7.38613E-1 7.42399E-1 7.41071E-1 7.3074E-1 7.38394E-1 7.36664E-1 7.34958E-1 7.47367E-1 7.76652E-1 7.90475E-1 7.6991E-1 7.56314E-1 7.85906E-1 7.77693E-1 7.44114E-1 7.53594E-1 7.51882E-1 7.83002E-1 8.71928E-1 8.12459E-1 7.96447E-1 8.10939E-1 8.34091E-1 8.92189E-1 9.22207E-1 9.28326E-1 9.35647E-1 9.16033E-1 8.80624E-1 8.67143E-1 8.4618E-1 8.37566E-1 8.04547E-1 7.81707E-1 7.78121E-1 7.60305E-1 7.44427E-1 7.41035E-1 7.51851E-1 7.54491E-1 7.60111E-1 7.57309E-1 7.56919E-1 7.46922E-1 7.21106E-1 7.13941E-1 7.03208E-1 6.87334E-1 6.9502E-1 6.98126E-1 7.04304E-1
7.46559E-1 7.37906E-1 7.38125E-1 7.37631E-1 7.34553E-1 7.28095E-1 7.29722E-1 7.32138E-1 7.37769E-1 7.37443E-1 7.38094E-1 7.40412E-1 7.51269E-1 7.48387E-1 7.36349E-1 7.40611E-1 7.44887E-1 7.40698E-1 7.65388E-1 7.56816E-1 7.52598E-1 7.81619E-1 7.78648E-1 7.8803E-1 7.54265E-1 7.68717E-1 7.56365E-1 7.87839E-1 8.34544E-1 8.47718E-1 8.53605E-1 8.68382E-1 8.9142E-1 9.11661E-1 9.06386E-1 9.18559E-1 8.96832E-1 8.63802E-1 8.58322E-1 8.32042E-1 8.22351E-1 8.08667E-1 7.92323E-1 7.68744E-1 7.60329E-1 7.48122E-1 7.44435E-1 7.41632E-1 7.51859E-1 7.4895E-1 7.57768E-1 7.61401E-1 7.61865E-1 7.582E-1 7.3535E-1 7.11433E-1 7.01382E-1 6.96652E-1 6.98219E-1 6.96373E-1 7.04702E-1
7.43626E-1 7.37785E-1 7.35805E-1 7.37591E-1 7.32338E-1 7.33326E-1 7.41386E-1 7.38132E-1 7.46304E-1 7.44188E-1 7.36692E-1 7.40726E-1 7.43737E-1 7.43204E-1 7.42694E-1 7.29493E-1 7.34408E-1 7.29231E-1 7.42919E-1 7.57791E-1 7.73265E-1 7.77329E-1 7.81099E-1 7.68644E-1 7.45473E-1 7.65757E-1 7.33393E-1 7.56457E-1 8.12417E-1 8.4685E-1 8.73022E-1 8.66939E-1 8.65148E-1 8.67365E-1 8.63073E-1 8.7926E-1 8.48566E-1 8.43371E-1 8.25724E-1 8.17468E-1 8.0085E-1 7.94777E-1 7.78794E-1 7.67409E-1 7.52547E-1 7.43098E-1 7.35699E-1 7.36441E-1 7.50531E-1 7.50917E-1 7.51186E-1 7.63169E-1 7.64821E-1 7.4371E-1 7.43721E-1 7.29394E-1 7.19488E-1 7.12565E-1 7.09073E-1 7.0944E-1 7.06189E-1
7.37237E-1 7.33334E-1 7.36638E-1 7.29609E-1 7.37372E-1 7.38345E-1 7.40014E-1 7.42162E-1 7.46292E-1 7.46011E-1 7.53359E-1 7.53877E-1 7.50912E-1 7.41303E-1 7.33818E-1 7.41235E-1 7.40824E-1 7.353E-1 7.54315E-1 7.46768E-1 7.54016E-1 7.55158E-1 7.51275E-1 7.28586E-1 7.45761E-1 7.33652E-1 7.33619E-1 7.38927E-1 7.99038E-1 8.19811E-1 8.35026E-1 8.35236E-1 8.40624E-1 8.47666E-1 8.46966E-1 8.26272E-1 8.05704E-1 8.17611E-1 8.27387E-1 8.10123E-1 7.8853E-1 7.77586E-1 7.64527E-1 7.55814E-1 7.55804E-1 7.48457E-1 7.3949E-1 7.40098E-1 7.44374E-1 7.51892E-1 7.54939E-1 7.58465E-1 7.48748E-1 7.38422E-1 7.43195E-1 7.39295E-1 7.26251E-1 7.23666E-1 7.14975E-1 7.12575E-1 7.11115E-1
7.32488E-1 7.34112E-1 7.35615E-1 7.27154E-1 7.39899E-1 7.42128E-1 7.4447E-1 7.42102E-1 7.4237E-1 7.46558E-1 7.56694E-1 7.52119E-1 7.50416E-1 7.55183E-1 7.53592E-1 7.50743E-1 7.4324E-1 7.25775E-1 7.32889E-1 7.31428E-1 7.27258E-1 7.44034E-1 7.41238E-1 7.35761E-1 7.42749E-1 7.35754E-1 7.38385E-1 7.68179E-1 8.00649E-1 7.99396E-1 8.06672E-1 8.40701E-1 8.56241E-1 8.30809E-1 8.07963E-1 8.01103E-1 7.85212E-1 7.82098E-1 7.82633E-1 7.89923E-1 7.76442E-1 7.67037E-1 7.60476E-1 7.6001E-1 7.64873E-1 7.52556E-1 7.5126E-1 7.55029E-1 7.56091E-1 7.63934E-1 7.62045E-1 7.41399E-1 7.33086E-1 7.39868E-1 7.34766E-1 7.34817E-1 7.33191E-1 7.24712E-1 7.10366E-1 7.11343E-1 7.15331E-1
7.24381E-1 7.27987E-1 7.35533E-1 7.22188E-1 7.26511E-1 7.35936E-1 7.42092E-1 7.40169E-1 7.3819E-1 7.38316E-1 7.44452E-1 7.44004E-1 7.50152E-1 7.6113E-1 7.46986E-1 7.3843E-1 7.35176E-1 7.22852E-1 7.18968E-1 7.13581E-1 7.15267E-1 7.17578E-1 7.30934E-1 7.39989E-1 7.41027E-1 7.41892E-1 7.49438E-1 7.69181E-1 8.03429E-1 8.16244E-1 8.29779E-1 8.29832E-1 8.32856E-1 8.00587E-1 7.89719E-1 7.91199E-1 7.84863E-1 7.66081E-1 7.64773E-1 7.69641E-1 7.7246E-1 7.64608E-1 7.5794E-1 7.55432E-1 7.4962E-1 7.4904E-1 7.58926E-1 7.80661E-1 7.7958E-1 7.58012E-1 7.58348E-1 7.46393E-1 7.36914E-1 7.43592E-1 7.29823E-1 7.24097E-1 7.16462E-1 6.99507E-1 7.08088E-1 7.18295E-1 7.24006E-1
7.22512E-1 7.24651E-1 7.31386E-1 7.21487E-1 7.24751E-1 7.34746E-1 7.40292E-1 7.43241E-1 7.35717E-1 7.30506E-1 7.39453E-1 7.38137E-1 7.34164E-1 7.35303E-1 7.31986E-1 7.33617E-1 7.34604E-1 7.43079E-1 7.173E-1 7.0956E-1 7.15966E-1 7.33368E-1 7.53666E-1 7.56741E-1 7.5135E-1 7.67615E-1 7.74274E-1 7.7749E-1 7.9998E-1 8.23848E-1 8.34749E-1 8.35015E-1 8.24739E-1 7.95211E-1 7.87234E-1 7.89439E-1 7.72874E-1 7.64766E-1 7.54345E-1 7.59379E-1 7.73968E-1 7.72444E-1 7.52677E-1 7.42818E-1 7.40627E-1 7.53835E-1 7.64557E-1 7.62448E-1 7.54505E-1 7.46591E-1 7.41747E-1 7.43673E-1 7.46971E-1 7.3469E-1 7.25877E-1 7.22134E-1 7.18111E-1 7.10115E-1 7.1508E-1 7.29355E-1 7.29303E-1
7.31252E-1 7.31257E-1 7.26815E-1 7.26898E-1 7.31223E-1 7.40551E-1 7.44087E-1 7.40845E-1 7.34877E-1 7.33823E-1 7.45898E-1 7.37442E-1 7.27905E-1 7.17696E-1 7.24048E-1 7.2711E-1 7.59506E-1 7.34712E-1 7.18384E-1 7.17166E-1 7.14041E-1 7.5426E-1 7.68212E-1 7.56616E-1 7.70845E-1 7.82442E-1 7.77965E-1 7.78209E-1 7.91019E-1 8.19008E-1 8.27629E-1 8.20357E-1 8.05231E-1 7.92684E-1 7.75721E-1 7.63921E-1 7.57322E-1 7.59066E-1 7.60843E-1 7.69264E-1 7.66134E-1 7.61623E-1 7.72785E-1 7.39848E-1 7.46078E-1 7.52901E-1 7.49768E-1 7.47044E-1 7.50143E-1 7.53866E-1 7.56492E-1 7.50934E-1 7.45201E-1 7.29783E-1 7.23161E-1 7.21446E-1 7.2573E-1 7.26682E-1 7.32411E-1 7.36785E-1 7.44691E-1
7.35876E-1 7.38306E-1 7.33713E-1 7.45783E-1 7.48072E-1 7.63634E-1 7.58858E-1 7.45189E-1 7.42604E-1 7.39406E-1 7.47078E-1 7.56491E-1 7.46923E-1 7.31358E-1 7.41374E-1 7.7278E-1 7.48813E-1 7.41385E-1 7.38027E-1 7.23857E-1 7.31717E-1 7.50928E-1 7.56077E-1 7.71885E-1 7.7484E-1 7.77099E-1 7.78631E-1 7.68484E-1 7.84261E-1 8.04495E-1 8.00017E-1 7.90275E-1 7.89482E-1 7.8089E-1 7.64485E-1 7.52021E-1 7.52578E-1 7.55844E-1 7.54556E-1 7.63994E-1 7.6512E-1 7.61785E-1 7.45354E-1 7.4606E-1 7.44268E-1 7.5291E-1 7.46075E-1 7.4591E-1 7.53733E-1 7.51757E-1 7.57195E-1 7.42909E-1 7.36982E-1 7.4546E-1 7.36373E-1 7.20875E-1 7.22796E-1 7.29872E-1 7.37055E-1 7.48792E-1 7.43272E-1
7.51823E-1 7.50803E-1 7.49217E-1 7.61456E-1 7.51599E-1 7.63682E-1 7.54365E-1 7.42445E-1 7.43036E-1 7.52725E-1 7.64742E-1 7.70199E-1 7.50941E-1 7.39774E-1 7.61054E-1 7.76484E-1 7.60245E-1 7.33509E-1 7.47802E-1 7.46912E-1 7.72167E-1 7.76721E-1 7.68668E-1 7.63661E-1 7.79897E-1 7.70301E-1 7.655E-1 7.742E-1 7.76332E-1 7.84966E-1 7.8548E-1 7.76884E-1 7.69222E-1 7.67428E-1 7.49548E-1 7.49074E-1 7.56105E-1 7.47098E-1 7.49338E-1 7.59926E-1 7.61741E-1 7.55679E-1 7.56052E-1 7.51509E-1 7.39765E-1 7.45631E-1 7.39368E-1 7.39808E-1 7.46691E-1 7.50356E-1 7.48102E-1 7.33693E-1 7.24183E-1 7.31993E-1 7.66561E-1 7.51576E-1 7.38495E-1 7.38985E-1 7.45977E-1 7.48414E-1 7.57598E-1
7.6182E-1 7.71109E-1 7.71072E-1 7.51867E-1 7.44009E-1 7.40148E-1 7.38831E-1 7.41017E-1 7.48871E-1 7.6719E-1 7.85914E-1 7.7398E-1 7.49799E-1 7.46468E-1 7.37681E-1 7.48225E-1 7.31263E-1 7.41687E-1 7.43109E-1 7.7188E-1 7.76686E-1 7.67496E-1 7.75313E-1 7.72648E-1 7.69033E-1 7.58378E-1 7.59403E-1 7.64963E-1 7.64927E-1 7.67505E-1 7.76372E-1 7.59534E-1 7.56061E-1 7.56148E-1 7.53951E-1 7.49362E-1 7.52845E-1 7.47294E-1 7.46591E-1 7.47842E-1 7.62428E-1 7.57811E-1 7.48884E-1 7.38763E-1 7.32118E-1 7.36641E-1 7.47893E-1 7.38877E-1 7.41834E-1 7.44089E-1 7.37165E-1 7.27947E-1 7.25351E-1 7.29622E-1 7.31088E-1 7.76162E-1 7.44773E-1 7.48074E-1 7.61316E-1 7.59392E-1 7.69986E-1
7.74942E-1 7.72761E-1 7.73202E-1 7.54727E-1 7.39402E-1 7.34907E-1 7.31177E-1 7.41539E-1 7.5262E-1 7.65596E-1 7.78026E-1 7.73044E-1 7.63103E-1 7.49869E-1 7.39086E-1 7.29591E-1 7.40467E-1 7.51087E-1 7.63657E-1 7.61101E-1 7.50407E-1 7.63551E-1 7.56614E-1 7.57731E-1 7.69659E-1 7.82856E-1 7.64163E-1 7.63431E-1 7.56064E-1 7.60149E-1 7.5645E-1 7.5034E-1 7.5015E-1 7.60844E-1 7.5731E-1 7.57122E-1 7.63735E-1 7.51407E-1 7.42765E-1 7.4848E-1 7.54356E-1 7.59212E-1 7.54151E-1 7.38957E-1 7.33667E-1 7.33368E-1 7.39434E-1 7.41882E-1 7.37939E-1 7.35266E-1 7.33822E-1 7.32916E-1 7.34298E-1 7.35573E-1 7.36551E-1 7.38423E-1 7.40501E-1 7.47354E-1 7.62431E-1 7.75365E-1 7.77164E-1
7.85624E-1 7.75138E-1 7.70702E-1 7.63253E-1 7.47421E-1 7.39002E-1 7.42046E-1 7.42774E-1 7.55991E-1 7.67183E-1 7.78017E-1 7.89823E-1 7.78773E-1 7.69628E-1 7.46955E-1 7.49971E-1 7.52469E-1 7.59031E-1 7.5567E-1 7.5067E-1 7.66415E-1 7.53971E-1 7.56978E-1 7.67973E-1 7.75733E-1 7.69714E-1 7.63907E-1 7.73834E-1 7.65184E-1 7.63892E-1 7.46182E-1 7.45605E-1 7.43517E-1 7.6562E-1 7.63205E-1 7.57455E-1 7.52557E-1 7.42981E-1 7.44289E-1 7.51544E-1 7.5352E-1 7.57908E-1 7.53563E-1 7.41593E-1 7.43093E-1 7.41479E-1 7.37499E-1 7.41917E-1 7.31704E-1 7.29753E-1 7.36483E-1 7.39405E-1 7.39976E-1 7.39893E-1 7.37848E-1 7.3953E-1 7.57107E-1 7.63467E-1 7.79814E-1 -9999 -9999
7.8226E-1 7.79333E-1 7.76204E-1 7.58302E-1 7.48356E-1 7.44683E-1 7.52315E-1 7.57446E-1 7.62922E-1 7.66164E-1 7.69538E-1 7.73065E-1 7.672E-1 7.6492E-1 7.51026E-1 7.51571E-1 7.56778E-1 7.55707E-1 7.48578E-1 7.67709E-1 8.05094E-1 7.69472E-1 7.6229E-1 7.71054E-1 7.66215E-1 7.66115E-1 7.60019E-1 7.5998E-1 7.50461E-1 7.40508E-1 7.33894E-1 7.37015E-1 7.43989E-1 7.5341E-1 7.58064E-1 7.54458E-1 7.48447E-1 7.45358E-1 7.43711E-1 7.50549E-1 7.48776E-1 7.48512E-1 7.50071E-1 7.53127E-1 7.46412E-1 7.52799E-1 7.46838E-1 7.43739E-1 7.36705E-1 7.29904E-1 7.33258E-1 7.38689E-1 7.40523E-1 7.40408E-1 7.40052E-1 7.43876E-1 7.77537E-1 7.83999E-1 -9999 -9999 -9999
7.85748E-1 7.83937E-1 7.74695E-1 7.70924E-1 7.60816E-1 7.63858E-1 7.61895E-1 7.71497E-1 7.66985E-1 7.60819E-1 7.58392E-1 7.50823E-1 7.43736E-1 7.51877E-1 7.54136E-1 7.48291E-1 7.49044E-1 7.56414E-1 7.59953E-1 7.52876E-1 7.60236E-1 7.51353E-1 7.57675E-1 7.75448E-1 7.60165E-1 7.53341E-1 7.47316E-1 7.3877E-1 7.39658E-1 7.47085E-1 7.43831E-1 7.35486E-1 7.48481E-1 7.56367E-1 7.60609E-1 7.57534E-1 7.5531E-1 7.51403E-1 7.49628E-1 7.48347E-1 7.46216E-1 7.40537E-1 7.5328E-1 7.68633E-1 7.64669E-1 7.60359E-1 7.48497E-1 7.39993E-1 7.3889E-1 7.30772E-1 7.34972E-1 7.48604E-1 7.60411E-1 7.60654E-1 7.69302E-1 7.59146E-1 7.81585E-1 -9999 -9999 -9999 -9999
7.95346E-1 7.79081E-1 7.8107E-1 7.86044E-1 7.86456E-1 7.77043E-1 7.80136E-1 7.65382E-1 7.62982E-1 7.44856E-1 7.31998E-1 7.36081E-1 7.28269E-1 7.38086E-1 7.43956E-1 7.54983E-1 7.49791E-1 7.63715E-1 7.72226E-1 7.5885E-1 7.44871E-1 7.528E-1 7.5327E-1 7.5465E-1 7.41996E-1 7.33258E-1 7.39778E-1 7.37527E-1 7.46309E-1 7.41013E-1 7.33848E-1 7.34259E-1 7.40753E-1 7.52445E-1 7.52338E-1 7.60102E-1 7.65081E-1 7.64165E-1 7.59747E-1 7.48959E-1 7.52486E-1 7.49667E-1 7.6019E-1 7.77947E-1 7.7335E-1 7.73549E-1 7.56197E-1 7.46279E-1 7.3899E-1 7.33387E-1 7.44619E-1 7.64296E-1 7.64356E-1 7.7774E-1 7.77494E-1 -9999 -9999 -9999 -9999 -9999 -9999
8.0105E-1 7.82704E-1 7.73629E-1 7.80857E-1 7.86139E-1 7.88571E-1 7.73166E-1 7.65361E-1 7.54276E-1 7.36113E-1 7.26817E-1 7.30639E-1 7.34829E-1 7.40596E-1 7.48625E-1 7.43767E-1 7.43777E-1 7.37389E-1 7.43016E-1 7.47867E-1 7.51002E-1 7.58472E-1 7.59974E-1 7.48955E-1 7.33571E-1 7.32345E-1 7.34476E-1 7.38263E-1 7.37539E-1 7.3762E-1 7.39417E-1 7.32054E-1 7.36344E-1 7.49892E-1 7.54763E-1 7.58514E-1 7.75862E-1 7.69894E-1 7.60233E-1 7.51842E-1 7.50475E-1 7.60772E-1 7.66798E-1 7.77507E-1 7.73077E-1 7.68721E-1 7.55875E-1 7.4292E-1 7.33724E-1 7.37586E-1 7.51404E-1 7.71748E-1 7.73844E-1 7.807E-1 -9999 -9999 -9999 -9999 -9999 -9999 -9999
8.05449E-1 7.89053E-1 7.73168E-1 7.58415E-1 7.80143E-1 7.97862E-1 7.81824E-1 7.60119E-1 7.48987E-1 7.37074E-1 7.28635E-1 7.41001E-1 7.53881E-1 7.46979E-1 7.42993E-1 7.48131E-1 7.40798E-1 7.50823E-1 7.60768E-1 7.78144E-1 7.81498E-1 7.8295E-1 7.68334E-1 7.52819E-1 7.38943E-1 7.43695E-1 7.39782E-1 7.37225E-1 7.37854E-1 7.43169E-1 7.41717E-1 7.44938E-1 7.40251E-1 7.46799E-1 7.60438E-1 7.57371E-1 7.66105E-1 7.69059E-1 7.58451E-1 7.50676E-1 7.53197E-1 7.60653E-1 7.6743E-1 7.72873E-1 7.74182E-1 7.70916E-1 7.5772E-1 7.49155E-1 7.43219E-1 7.63899E-1 7.70509E-1 7.76407E-1 -9999 -9999 -9999 -9999 -9999 -9999 -9999 -9999 -9999
8.13777E-1 7.99408E-1 7.87689E-1 7.68472E-1 7.77266E-1 7.8017E-1 7.74329E-1 7.7674E-1 7.56602E-1 7.50974E-1 7.37986E-1 7.43175E-1 7.50081E-1 7.52898E-1 7.53267E-1 7.63924E-1 7.63963E-1 7.66218E-1 7.68592E-1 7.77922E-1 7.8093E-1 7.83315E-1 7.68235E-1 7.65144E-1 7.53663E-1 7.73578E-1 7.48861E-1 7.52233E-1 7.52833E-1 7.53267E-1 7.48491E-1 7.4941E-1 7.5126E-1 7.57742E-1 7.67017E-1 7.66349E-1 7.59363E-1 7.63652E-1 7.5832E-1 7.56317E-1 7.59385E-1 7.61501E-1 7.67097E-1 7.71675E-1 7.76123E-1 7.71148E-1 7.71134E-1 7.62641E-1 7.66847E-1 7.83993E-1 7.93386E-1 -9999 -9999 -9999 -9999 -9999 -9999 -9999 -9999 -9999 -9999
8.23157E-1 8.14891E-1 7.99314E-1 7.89038E-1 7.89755E-1 7.90501E-1 7.85872E-1 7.79267E-1 7.68483E-1 7.69024E-1 7.65566E-1 7.59958E-1 7.57018E-1 7.68481E-1 7.70508E-1 7.74258E-1 7.73753E-1 7.76246E-1 7.82462E-1 7.91063E-1 7.99105E-1 7.84783E-1 7.78774E-1 7.70363E-1 7.76468E-1 7.92285E-1 7.68014E-1 7.74155E-1 7.68983E-1 7.6965E-1 7.61136E-1 7.59787E-1 7.60783E-1 7.70995E-1 7.79218E-1 7.8617E-1 7.88602E-1 7.73297E-1 7.69457E-1 7.67671E-1 7.59301E-1 7.62277E-1 7.6285E-1 7.68342E-1 7.77808E-1 7.70968E-1 7.69256E-1 7.76542E-1 7.9718E-1 7.9665E-1 -9999 -9999 -9999 -9999 -9999 -9999 -9999 -9999 -9999 -9999 -9999
8.33769E-1 8.23623E-1 8.10957E-1 8.04011E-1 7.94449E-1 7.98282E-1 7.95782E-1 7.96224E-1 7.96563E-1 7.86401E-1 7.76106E-1 7.79122E-1 7.80886E-1 7.82441E-1 7.78811E-1 7.87333E-1 7.90837E-1 7.93501E-1 8.04953E-1 8.10153E-1 8.08444E-1 8.02331E-1 7.94901E-1 7.93814E-1 7.95554E-1 7.96011E-1 7.85137E-1 7.83939E-1 7.78287E-1 7.75023E-1 7.74946E-1 7.75644E-1 7.77375E-1 7.90313E-1 8.02557E-1 8.05555E-1 8.02673E-1 7.84065E-1 7.68944E-1 7.65793E-1 7.64766E-1 7.6492E-1 7.6685E-1 7.6325E-1 7.67299E-1 7.77919E-1 7.75725E-1 7.86844E-1 8.14973E-1 8.14375E-1 -9999 -9999 -9999 -9999 -9999 -9999 -9999 -9999 -9999 -9999 -9999
