maxent_outputs/red_flowers_linear/red_222.asc
ncols         426
nrows         180
xllcorner     -130.0
yllcorner     24.0
cellsize      0.16666666666666666
NODATA_value  -9999
[rows 27 to 53 of 180, columns 305 to 365 of 426]
1.3785E-1 1.3236E-1 1.30679E-1 1.32032E-1 1.27852E-1 1.33462E-1 1.39403E-1 1.44453E-1 1.46201E-1 1.43777E-1 1.39193E-1 1.3277E-1 1.28327E-1 1.27807E-1 1.28571E-1 1.3131E-1 1.39471E-1 1.40331E-1 1.39146E-1 1.44519E-1 1.4797E-1 1.50094E-1 1.58229E-1 1.63819E-1 1.58133E-1 1.71534E-1 1.8338E-1 1.83162E-1 1.9512E-1 2.0299E-1 1.97441E-1 1.99408E-1 2.02241E-1 2.02394E-1 2.12817E-1 2.16585E-1 2.11027E-1 2.06012E-1 2.10419E-1 2.0135E-1 1.93914E-1 1.92807E-1 1.93231E-1 1.90139E-1 1.96068E-1 1.94035E-1 1.92067E-1 1.95717E-1 2.07424E-1 2.17014E-1 2.20934E-1 2.28824E-1 2.37929E-1 2.47819E-1 2.563E-1 2.71951E-1 2.73071E-1 2.73588E-1 2.98765E-1 3.21264E-1 3.4317E-1
1.43517E-1 1.38077E-1 1.31948E-1 1.30835E-1 1.32898E-1 1.35089E-1 1.40039E-1 1.40826E-1 1.43073E-1 1.41057E-1 1.38751E-1 1.38392E-1 1.27604E-1 1.24169E-1 1.23775E-1 1.31366E-1 1.3703E-1 1.37537E-1 1.40315E-1 1.44552E-1 1.45462E-1 1.5177E-1 1.54681E-1 1.62873E-1 1.60095E-1 1.75398E-1 1.75643E-1 1.8268E-1 1.88946E-1 1.9535E-1 1.95146E-1 1.9299E-1 2.00941E-1 2.04001E-1 2.12412E-1 2.07371E-1 2.03951E-1 2.00841E-1 1.9654E-1 1.97363E-1 1.99899E-1 1.97701E-1 1.93588E-1 1.98651E-1 1.99637E-1 2.05905E-1 2.00334E-1 2.04399E-1 2.10726E-1 2.20627E-1 2.37513E-1 2.42871E-1 2.51041E-1 2.60091E-1 2.6553E-1 2.80941E-1 2.84269E-1 2.9778E-1 3.19318E-1 3.59139E-1 3.80926E-1
1.47065E-1 1.44913E-1 1.37814E-1 1.3656E-1 1.3765E-1 1.41432E-1 1.45051E-1 1.48025E-1 1.47739E-1 1.49297E-1 1.44437E-1 1.39831E-1 1.36258E-1 1.32145E-1 1.28086E-1 1.32525E-1 1.33608E-1 1.38743E-1 1.41554E-1 1.46514E-1 1.49036E-1 1.49706E-1 1.54691E-1 1.60314E-1 1.6229E-1 1.70831E-1 1.79089E-1 1.83226E-1 1.86878E-1 1.91184E-1 1.87883E-1 1.93902E-1 2.01622E-1 2.0798E-1 2.08937E-1 2.0078E-1 1.97766E-1 1.92362E-1 1.94877E-1 2.01394E-1 2.06854E-1 1.99402E-1 1.99758E-1 1.99412E-1 2.05423E-1 2.08948E-1 2.14591E-1 2.26038E-1 2.23139E-1 2.24575E-1 2.42421E-1 2.5201E-1 2.62936E-1 2.74402E-1 2.84423E-1 2.96678E-1 3.11757E-1 3.23135E-1 3.38156E-1 3.771E-1 4.20386E-1
1.47689E-1 1.46546E-1 1.38067E-1 1.45432E-1 1.45283E-1 1.4455E-1 1.5092E-1 1.53664E-1 1.52775E-1 1.56462E-1 1.53689E-1 1.51099E-1 1.46035E-1 1.37022E-1 1.38388E-1 1.39266E-1 1.43264E-1 1.44443E-1 1.44252E-1 1.51005E-1 1.51747E-1 1.56734E-1 1.60345E-1 1.62341E-1 1.70451E-1 1.75344E-1 1.82864E-1 1.8836E-1 1.90119E-1 1.87326E-1 1.91469E-1 1.97311E-1 2.01543E-1 2.07738E-1 2.01441E-1 1.95837E-1 1.96225E-1 1.92498E-1 1.90755E-1 2.11654E-1 2.14306E-1 2.03273E-1 1.87926E-1 1.90767E-1 2.0272E-1 2.07565E-1 2.21563E-1 2.30397E-1 2.32578E-1 2.50935E-1 2.65736E-1 2.61246E-1 2.8225E-1 2.91583E-1 3.08755E-1 3.26986E-1 3.3518E-1 3.5579E-1 3.86941E-1 4.1767E-1 4.56255E-1
1.63571E-1 1.62134E-1 1.45278E-1 1.4867E-1 1.53216E-1 1.56775E-1 1.69459E-1 1.67381E-1 1.65576E-1 1.6737E-1 1.70852E-1 1.6891E-1 1.67471E-1 1.66838E-1 1.57656E-1 1.52016E-1 1.50095E-1 1.50224E-1 1.51155E-1 1.51241E-1 1.61376E-1 1.63334E-1 1.65313E-1 1.76974E-1 1.78615E-1 1.85399E-1 1.9667E-1 2.00862E-1 1.93654E-1 1.91727E-1 1.91264E-1 1.93243E-1 2.05372E-1 2.05507E-1 2.06896E-1 2.03353E-1 2.0314E-1 2.05447E-1 1.96327E-1 2.0944E-1 2.16099E-1 2.18648E-1 2.02625E-1 2.03107E-1 2.0516E-1 2.15511E-1 2.366E-1 2.49747E-1 2.54042E-1 2.65828E-1 2.82088E-1 2.84951E-1 2.98127E-1 3.10126E-1 3.20828E-1 3.49312E-1 3.70301E-1 3.9065E-1 4.23731E-1 4.48243E-1 4.71125E-1
1.82772E-1 1.85031E-1 1.81225E-1 1.81012E-1 1.8172E-1 1.82034E-1 1.86439E-1 1.72598E-1 1.68803E-1 1.77028E-1 1.84795E-1 1.9491E-1 2.02699E-1 1.83888E-1 1.69473E-1 1.64792E-1 1.6041E-1 1.56159E-1 1.57766E-1 1.62772E-1 1.68471E-1 1.70933E-1 1.70107E-1 1.8533E-1 1.97572E-1 2.03486E-1 2.14947E-1 2.15999E-1 2.13335E-1 2.05525E-1 1.9159E-1 1.92131E-1 1.97289E-1 2.05786E-1 2.10112E-1 2.08953E-1 2.05363E-1 2.16156E-1 2.15404E-1 2.23383E-1 2.38509E-1 2.54789E-1 2.70091E-1 2.67194E-1 2.50305E-1 2.51527E-1 2.55536E-1 2.50196E-1 2.65666E-1 2.91517E-1 2.96916E-1 3.1309E-1 3.29534E-1 3.41455E-1 3.53738E-1 3.88145E-1 4.0731E-1 4.3524E-1 4.56524E-1 4.60001E-1 4.68757E-1
2.04143E-1 2.01472E-1 2.17845E-1 2.19767E-1 2.26081E-1 2.22847E-1 2.16622E-1 1.95734E-1 1.85892E-1 1.83874E-1 2.14676E-1 2.51608E-1 2.33021E-1 2.05045E-1 1.85126E-1 1.76386E-1 1.70534E-1 1.65074E-1 1.63636E-1 1.64679E-1 1.65542E-1 1.76799E-1 1.86567E-1 1.97188E-1 2.12492E-1 2.0463E-1 2.1401E-1 2.2235E-1 2.13645E-1 2.05122E-1 1.95475E-1 1.95475E-1 1.96173E-1 2.07126E-1 2.15821E-1 2.15223E-1 2.15701E-1 2.21993E-1 2.34368E-1 2.38394E-1 2.43903E-1 2.58106E-1 2.64936E-1 2.72662E-1 2.61112E-1 2.7553E-1 2.90096E-1 2.95393E-1 3.05018E-1 3.00742E-1 3.08929E-1 3.0968E-1 3.29806E-1 3.72034E-1 3.89479E-1 4.00773E-1 4.31179E-1 4.58592E-1 4.72616E-1 4.50962E-1 -9999
2.14676E-1 2.08928E-1 2.28021E-1 2.47504E-1 2.53798E-1 2.52644E-1 2.4425E-1 2.24845E-1 2.16494E-1 2.18386E-1 2.51346E-1 2.63127E-1 2.48517E-1 2.17831E-1 1.92602E-1 1.78457E-1 1.75594E-1 1.76047E-1 1.79175E-1 1.7667E-1 1.82555E-1 1.83635E-1 1.89499E-1 2.03201E-1 2.14135E-1 2.11691E-1 2.18365E-1 2.24891E-1 2.19025E-1 2.06385E-1 1.95421E-1 1.91129E-1 1.94737E-1 2.02798E-1 2.20515E-1 2.24528E-1 2.3561E-1 2.4549E-1 2.55401E-1 2.60277E-1 2.69897E-1 2.87909E-1 2.86134E-1 2.89612E-1 2.8338E-1 2.94462E-1 3.07781E-1 3.29228E-1 3.42765E-1 3.20408E-1 3.35002E-1 3.36565E-1 3.63676E-1 3.94666E-1 4.12212E-1 4.4098E-1 4.6775E-1 4.8599E-1 4.59409E-1 -9999 5.91893E-1
2.24237E-1 2.26492E-1 2.337E-1 2.50526E-1 2.56776E-1 2.62413E-1 2.65903E-1 2.71149E-1 2.53113E-1 2.50037E-1 2.62615E-1 2.78556E-1 2.66361E-1 2.41762E-1 2.17946E-1 2.06448E-1 1.9469E-1 2.01309E-1 1.99343E-1 1.98591E-1 2.03227E-1 1.96782E-1 2.00955E-1 2.22641E-1 2.29021E-1 2.35801E-1 2.45448E-1 2.48873E-1 2.4016E-1 2.2301E-1 2.04998E-1 1.96186E-1 1.95151E-1 2.09516E-1 2.20118E-1 2.3883E-1 2.50656E-1 2.59583E-1 2.67777E-1 2.74094E-1 2.87727E-1 2.9884E-1 3.02245E-1 3.13528E-1 3.07633E-1 3.16027E-1 3.29062E-1 3.66519E-1 3.97213E-1 4.15242E-1 4.20631E-1 4.09178E-1 4.29021E-1 4.15265E-1 4.17272E-1 4.59197E-1 4.97327E-1 5.47913E-1 5.44648E-1 5.55762E-1 5.41018E-1
2.39337E-1 2.47166E-1 2.62398E-1 2.75667E-1 2.74152E-1 2.64557E-1 2.89783E-1 2.77539E-1 2.79075E-1 2.68033E-1 2.77107E-1 2.82505E-1 2.82309E-1 2.69421E-1 2.5129E-1 2.35416E-1 2.26428E-1 2.26474E-1 2.22502E-1 2.21615E-1 2.20104E-1 2.19157E-1 2.29156E-1 2.37587E-1 2.50252E-1 2.56619E-1 2.5941E-1 2.68541E-1 2.71164E-1 2.52526E-1 2.26395E-1 2.02603E-1 1.88749E-1 2.09938E-1 2.36126E-1 2.48605E-1 2.62531E-1 2.74717E-1 2.8951E-1 3.06364E-1 3.18771E-1 3.3455E-1 3.32937E-1 3.46943E-1 3.49724E-1 3.6524E-1 3.92316E-1 4.48067E-1 4.9991E-1 4.92358E-1 4.78559E-1 4.63096E-1 4.32794E-1 4.2002E-1 4.2571E-1 4.86464E-1 5.48281E-1 5.50373E-1 5.29672E-1 5.25097E-1 4.91336E-1
2.57147E-1 2.69905E-1 2.9092E-1 2.92853E-1 2.6002E-1 2.51614E-1 2.90548E-1 3.09163E-1 2.9389E-1 2.96838E-1 3.08495E-1 3.01104E-1 2.98247E-1 2.83957E-1 2.60731E-1 2.56439E-1 2.51077E-1 2.50234E-1 2.45427E-1 2.40402E-1 2.50104E-1 2.44929E-1 2.52607E-1 2.68875E-1 2.79995E-1 2.84164E-1 2.89518E-1 2.90558E-1 2.9545E-1 2.83437E-1 2.60042E-1 2.388E-1 2.20753E-1 2.29871E-1 2.5308E-1 2.77677E-1 2.8766E-1 3.01352E-1 3.03985E-1 3.24686E-1 3.43196E-1 3.58345E-1 3.66824E-1 3.83229E-1 4.14126E-1 4.56394E-1 5.02451E-1 5.45706E-1 5.84553E-1 5.767E-1 5.48331E-1 5.15819E-1 3.87682E-1 4.03886E-1 4.40578E-1 4.67274E-1 5.61238E-1 5.54514E-1 5.59139E-1 5.26191E-1 4.81258E-1
2.86237E-1 3.04399E-1 3.25887E-1 3.22285E-1 2.90599E-1 2.69317E-1 2.90678E-1 3.1162E-1 3.18989E-1 3.26644E-1 3.25571E-1 3.24965E-1 3.11198E-1 2.98527E-1 2.8101E-1 2.89348E-1 2.83951E-1 2.73928E-1 2.76524E-1 2.77187E-1 2.70757E-1 2.70867E-1 2.7864E-1 2.84738E-1 2.94064E-1 3.0163E-1 3.10203E-1 3.14354E-1 3.16741E-1 3.18454E-1 3.16978E-1 2.85334E-1 2.63444E-1 2.63758E-1 2.79226E-1 2.87876E-1 3.01427E-1 3.18483E-1 3.23922E-1 3.50988E-1 3.72251E-1 3.8548E-1 4.12756E-1 4.35792E-1 4.83435E-1 5.51822E-1 5.97829E-1 6.29011E-1 6.47288E-1 6.28801E-1 6.15752E-1 5.05154E-1 4.13112E-1 4.13323E-1 3.4943E-1 4.98237E-1 5.29071E-1 5.7893E-1 5.68017E-1 5.22614E-1 4.63697E-1
3.13516E-1 3.22451E-1 3.29561E-1 3.39756E-1 3.33364E-1 3.15471E-1 3.15268E-1 3.36052E-1 3.38906E-1 3.41319E-1 3.36434E-1 3.46064E-1 3.31002E-1 3.21942E-1 3.19773E-1 3.20205E-1 3.1269E-1 2.97136E-1 2.95459E-1 2.92625E-1 2.97028E-1 2.97739E-1 3.02089E-1 3.23985E-1 3.31899E-1 3.25617E-1 3.29267E-1 3.37874E-1 3.36502E-1 3.3812E-1 3.09264E-1 3.01298E-1 2.89891E-1 2.94547E-1 2.94708E-1 3.06561E-1 3.12217E-1 3.38272E-1 3.41646E-1 3.78343E-1 3.80017E-1 4.06077E-1 4.33912E-1 4.88495E-1 5.51698E-1 6.0875E-1 6.32899E-1 6.67815E-1 6.81032E-1 6.79513E-1 7.0947E-1 5.90207E-1 5.05469E-1 4.39274E-1 4.97363E-1 4.79111E-1 4.89664E-1 5.20144E-1 5.17363E-1 4.86534E-1 4.44284E-1
3.4389E-1 3.48037E-1 3.51581E-1 3.51709E-1 3.57564E-1 3.52513E-1 3.31719E-1 3.45553E-1 3.48575E-1 3.42513E-1 3.46659E-1 3.38566E-1 3.36947E-1 3.24963E-1 3.2585E-1 3.37934E-1 3.27379E-1 3.23148E-1 3.13385E-1 3.06142E-1 3.18938E-1 3.20557E-1 3.38397E-1 3.47581E-1 3.62046E-1 3.43114E-1 3.26366E-1 3.2864E-1 3.34179E-1 3.33065E-1 3.21279E-1 2.99379E-1 2.86278E-1 2.94572E-1 3.0014E-1 3.244E-1 3.28462E-1 3.26015E-1 3.68413E-1 3.78547E-1 3.93135E-1 4.23062E-1 4.73875E-1 5.3735E-1 5.93239E-1 6.52518E-1 6.76175E-1 6.95395E-1 7.17913E-1 7.47212E-1 7.22127E-1 6.74552E-1 -9999 4.68762E-1 4.86689E-1 4.75441E-1 4.64612E-1 4.66425E-1 4.60685E-1 4.28261E-1 4.28612E-1
3.68543E-1 3.65565E-1 3.63275E-1 3.7155E-1 3.66118E-1 3.61886E-1 3.57722E-1 3.58865E-1 3.5539E-1 3.57012E-1 3.54945E-1 3.56281E-1 3.53828E-1 3.43226E-1 3.44979E-1 3.44688E-1 3.47073E-1 3.38718E-1 3.34844E-1 3.39144E-1 3.4539E-1 3.28477E-1 3.56638E-1 3.67595E-1 3.67463E-1 3.51953E-1 3.39693E-1 3.40205E-1 3.4178E-1 3.30272E-1 3.26317E-1 3.14992E-1 3.11924E-1 3.09585E-1 3.25442E-1 3.33819E-1 3.50281E-1 3.63754E-1 3.9301E-1 4.02693E-1 4.14238E-1 4.30233E-1 4.6591E-1 5.30024E-1 6.01737E-1 6.43529E-1 6.75886E-1 7.31727E-1 7.55649E-1 6.31104E-1 5.77362E-1 4.8737E-1 4.56135E-1 4.94899E-1 5.25029E-1 4.79324E-1 4.17705E-1 4.10458E-1 3.98821E-1 4.06239E-1 3.96332E-1
3.78535E-1 3.72962E-1 3.66445E-1 3.6622E-1 3.60622E-1 3.61496E-1 3.64384E-1 3.79935E-1 3.7051E-1 3.71318E-1 3.64712E-1 3.52433E-1 3.53691E-1 3.54858E-1 3.61361E-1 3.62667E-1 3.70403E-1 3.70712E-1 3.53771E-1 3.57714E-1 3.58308E-1 3.64656E-1 3.78206E-1 3.61804E-1 3.72052E-1 3.80526E-1 3.68647E-1 3.56097E-1 3.5315E-1 3.39873E-1 3.24826E-1 3.10028E-1 3.15064E-1 3.25247E-1 3.34463E-1 3.57435E-1 3.68524E-1 3.9476E-1 4.27715E-1 4.40744E-1 4.06964E-1 4.02515E-1 4.36347E-1 4.57091E-1 5.15115E-1 5.41353E-1 5.61631E-1 5.82159E-1 5.21626E-1 3.90981E-1 3.45599E-1 4.21845E-1 5.00617E-1 5.30322E-1 5.27348E-1 4.50877E-1 3.71551E-1 3.71263E-1 3.7893E-1 3.7966E-1 3.7781E-1
3.57025E-1 3.58914E-1 3.65646E-1 3.72657E-1 3.70727E-1 3.65843E-1 3.78413E-1 3.80631E-1 3.75939E-1 3.73018E-1 3.74356E-1 3.67452E-1 3.5913E-1 3.63343E-1 3.72723E-1 3.79E-1 3.83211E-1 3.70179E-1 3.71853E-1 3.76659E-1 3.99443E-1 3.95307E-1 3.71722E-1 3.81334E-1 3.92241E-1 3.92878E-1 3.80358E-1 3.75686E-1 3.87034E-1 3.734E-1 3.45953E-1 3.24106E-1 3.45963E-1 3.52609E-1 3.61048E-1 3.78852E-1 4.09665E-1 4.45781E-1 4.60895E-1 4.14092E-1 3.79452E-1 3.87803E-1 3.89171E-1 4.14908E-1 4.36372E-1 4.81647E-1 4.90438E-1 4.76452E-1 4.3578E-1 3.84141E-1 3.91398E-1 4.61481E-1 5.21557E-1 5.60578E-1 5.23394E-1 4.59836E-1 3.87523E-1 3.66503E-1 3.6299E-1 3.6692E-1 3.73694E-1
3.36668E-1 3.45234E-1 3.60514E-1 3.69695E-1 3.83856E-1 3.88266E-1 3.85068E-1 3.86987E-1 3.74973E-1 3.76959E-1 3.67096E-1 3.77773E-1 3.65308E-1 3.76582E-1 3.83814E-1 3.88059E-1 3.90664E-1 3.87622E-1 3.78305E-1 3.68089E-1 3.88946E-1 3.96782E-1 3.84521E-1 4.08489E-1 4.15922E-1 4.03028E-1 3.8177E-1 4.03116E-1 4.02927E-1 4.09261E-1 4.00033E-1 3.92494E-1 3.88358E-1 3.9843E-1 3.9245E-1 4.14689E-1 4.36003E-1 4.70874E-1 5.11213E-1 4.2993E-1 3.79201E-1 4.15896E-1 4.35721E-1 4.56665E-1 4.52638E-1 4.70984E-1 4.82114E-1 4.66942E-1 4.28475E-1 3.68779E-1 3.79876E-1 4.96141E-1 5.71622E-1 5.42237E-1 4.91936E-1 4.45754E-1 4.16368E-1 3.81984E-1 3.69808E-1 3.64011E-1 3.6329E-1
3.10412E-1 3.3772E-1 3.49093E-1 3.68446E-1 3.83262E-1 3.76471E-1 3.85454E-1 3.86081E-1 3.85795E-1 3.81659E-1 3.67068E-1 3.70228E-1 3.83701E-1 3.7335E-1 3.75E-1 3.97635E-1 4.02306E-1 4.01841E-1 3.87234E-1 3.83845E-1 4.02279E-1 4.20824E-1 4.19928E-1 4.35116E-1 4.21277E-1 4.01873E-1 3.75248E-1 4.33458E-1 4.36977E-1 4.75845E-1 4.98284E-1 4.7697E-1 4.55536E-1 4.39697E-1 4.13086E-1 4.2587E-1 4.45118E-1 4.68188E-1 5.05649E-1 4.74659E-1 3.82633E-1 4.09905E-1 4.37904E-1 4.63469E-1 4.60007E-1 4.70507E-1 4.87791E-1 4.64059E-1 4.39718E-1 3.76401E-1 4.02667E-1 4.18619E-1 4.86514E-1 4.79565E-1 4.62083E-1 4.3382E-1 4.24931E-1 4.04797E-1 3.65132E-1 3.6106E-1 3.64782E-1
2.71929E-1 3.15238E-1 3.38049E-1 3.32453E-1 3.52263E-1 3.69746E-1 3.75083E-1 3.87187E-1 3.99836E-1 3.82519E-1 3.70689E-1 3.72134E-1 3.78564E-1 3.82493E-1 3.93017E-1 4.00751E-1 4.16116E-1 4.24013E-1 4.437E-1 4.24598E-1 4.70905E-1 4.66019E-1 4.78764E-1 4.73274E-1 4.60252E-1 4.32048E-1 4.00836E-1 4.33915E-1 4.59109E-1 5.57891E-1 5.9761E-1 5.58275E-1 5.00198E-1 4.54414E-1 4.32973E-1 4.4456E-1 4.52323E-1 4.58424E-1 4.8712E-1 4.41735E-1 3.73191E-1 3.60091E-1 4.11866E-1 4.58883E-1 4.91042E-1 5.51978E-1 5.65114E-1 5.3918E-1 5.10716E-1 3.90454E-1 3.54976E-1 3.75392E-1 3.85123E-1 4.10055E-1 4.34431E-1 4.10825E-1 4.15612E-1 3.82994E-1 3.70844E-1 3.64204E-1 3.63146E-1
2.86594E-1 3.33705E-1 3.66505E-1 3.9546E-1 3.79305E-1 3.82977E-1 3.78091E-1 3.83091E-1 3.83441E-1 3.74961E-1 3.58396E-1 3.74364E-1 3.78932E-1 4.00767E-1 4.1449E-1 4.22384E-1 4.34607E-1 4.51244E-1 4.74614E-1 4.87719E-1 5.13651E-1 5.14405E-1 4.99145E-1 4.88946E-1 4.871E-1 4.66511E-1 4.6326E-1 4.31164E-1 4.88426E-1 5.95762E-1 5.98539E-1 5.5387E-1 4.92228E-1 4.29354E-1 4.26091E-1 4.37858E-1 4.87132E-1 4.8414E-1 4.65135E-1 4.51448E-1 3.84329E-1 3.65375E-1 4.1655E-1 4.76884E-1 5.75231E-1 6.2116E-1 6.07754E-1 5.55897E-1 4.9519E-1 4.26061E-1 3.78649E-1 3.52737E-1 3.38756E-1 3.7245E-1 3.99772E-1 4.18074E-1 4.10692E-1 3.83988E-1 3.66725E-1 3.59424E-1 3.76941E-1
3.3689E-1 3.68808E-1 3.92491E-1 4.14059E-1 4.00206E-1 3.87048E-1 3.75996E-1 3.80036E-1 3.74191E-1 3.66594E-1 3.60217E-1 3.84234E-1 3.7779E-1 4.04754E-1 4.19639E-1 4.30438E-1 4.32146E-1 4.50391E-1 4.75116E-1 5.13008E-1 5.39169E-1 5.33022E-1 5.43081E-1 5.32267E-1 5.10574E-1 4.8408E-1 4.82419E-1 4.93051E-1 5.64158E-1 5.89945E-1 5.5766E-1 5.25844E-1 4.55347E-1 4.03082E-1 4.48296E-1 5.01142E-1 4.97256E-1 4.52833E-1 4.38702E-1 4.90601E-1 4.60788E-1 4.30189E-1 4.36387E-1 4.97344E-1 5.51379E-1 6.02914E-1 5.61815E-1 5.10329E-1 4.76634E-1 4.89316E-1 4.50267E-1 3.75337E-1 3.46622E-1 3.82125E-1 3.97003E-1 4.0565E-1 3.93285E-1 3.90403E-1 3.86459E-1 3.71373E-1 4.06634E-1
4.19733E-1 4.30195E-1 4.42392E-1 4.49421E-1 4.44367E-1 4.20927E-1 4.08173E-1 3.90255E-1 3.88004E-1 3.89357E-1 3.84894E-1 3.86144E-1 3.85453E-1 4.08039E-1 4.1635E-1 4.15284E-1 4.11372E-1 4.53141E-1 4.83137E-1 5.05524E-1 5.41202E-1 5.30458E-1 5.55194E-1 5.50393E-1 5.09437E-1 5.26121E-1 5.18676E-1 5.28416E-1 5.50172E-1 5.66712E-1 5.30777E-1 4.95445E-1 4.72767E-1 4.73279E-1 5.20471E-1 5.1334E-1 4.9295E-1 4.67994E-1 4.72234E-1 5.04509E-1 4.9704E-1 4.74244E-1 4.62826E-1 4.57008E-1 4.79755E-1 5.41609E-1 5.27184E-1 5.30191E-1 5.1681E-1 5.56479E-1 5.08034E-1 4.54784E-1 4.44483E-1 4.30763E-1 4.1367E-1 4.10877E-1 4.33752E-1 4.29435E-1 4.33738E-1 4.21183E-1 4.40195E-1
4.87366E-1 5.13459E-1 5.14782E-1 4.99144E-1 4.66662E-1 4.53757E-1 4.22635E-1 4.06409E-1 4.03847E-1 3.92046E-1 3.97159E-1 3.92939E-1 4.0431E-1 4.0707E-1 4.20074E-1 4.29631E-1 3.98547E-1 4.16598E-1 4.74341E-1 5.27857E-1 5.26711E-1 5.03727E-1 5.12742E-1 5.10656E-1 5.09712E-1 4.91712E-1 4.75334E-1 4.83699E-1 4.71123E-1 4.95456E-1 5.17865E-1 5.23826E-1 5.423E-1 5.5793E-1 5.53929E-1 5.36356E-1 5.1615E-1 5.05824E-1 5.19851E-1 5.36608E-1 5.30455E-1 4.95712E-1 4.49335E-1 4.0231E-1 4.62556E-1 4.86806E-1 5.38721E-1 5.73517E-1 6.08755E-1 5.49775E-1 5.42511E-1 5.02296E-1 4.52219E-1 4.17984E-1 4.39661E-1 4.42356E-1 4.49179E-1 4.74825E-1 4.9482E-1 5.18704E-1 5.09474E-1
5.47961E-1 5.5014E-1 5.34047E-1 5.20547E-1 5.0063E-1 4.69044E-1 4.41196E-1 4.33242E-1 4.2175E-1 4.1402E-1 4.11195E-1 4.12844E-1 4.18965E-1 4.19432E-1 4.23679E-1 4.14649E-1 3.82324E-1 3.82186E-1 4.21152E-1 4.89205E-1 5.03973E-1 4.78597E-1 4.93205E-1 5.12881E-1 5.07608E-1 5.09006E-1 5.0997E-1 5.00656E-1 4.97547E-1 5.16538E-1 5.33146E-1 5.47956E-1 5.52571E-1 5.40156E-1 5.27145E-1 5.02718E-1 5.01441E-1 5.18086E-1 5.49295E-1 5.90929E-1 5.72006E-1 5.41888E-1 4.36876E-1 3.52708E-1 4.02331E-1 4.82986E-1 5.56345E-1 6.01763E-1 6.57817E-1 5.90425E-1 5.42946E-1 5.91099E-1 5.10673E-1 4.70454E-1 4.72757E-1 4.4614E-1 4.80569E-1 4.98461E-1 5.27197E-1 5.49047E-1 5.51337E-1
5.79573E-1 5.64913E-1 5.5271E-1 5.53496E-1 5.28265E-1 4.94769E-1 4.70621E-1 4.41412E-1 4.25347E-1 4.10539E-1 4.0431E-1 4.10177E-1 4.01463E-1 4.02965E-1 4.24233E-1 4.2782E-1 4.1443E-1 3.81336E-1 3.88916E-1 4.53497E-1 4.96254E-1 5.10766E-1 5.21032E-1 5.21285E-1 5.12767E-1 5.48714E-1 5.49965E-1 5.32508E-1 5.34766E-1 5.10105E-1 5.2548E-1 5.20001E-1 4.98159E-1 4.59869E-1 4.22631E-1 4.31922E-1 4.42757E-1 4.8882E-1 5.4311E-1 6.09463E-1 6.27365E-1 5.89325E-1 4.78277E-1 4.28852E-1 4.49615E-1 4.98311E-1 5.34026E-1 5.72378E-1 6.03217E-1 6.09797E-1 6.11715E-1 5.28661E-1 4.93531E-1 4.75756E-1 4.85476E-1 4.95337E-1 5.05131E-1 5.33347E-1 5.5486E-1 5.74783E-1 5.81453E-1
5.53733E-1 5.57382E-1 5.66877E-1 5.54521E-1 5.43668E-1 5.1374E-1 4.97517E-1 4.65132E-1 4.35286E-1 4.29444E-1 4.21154E-1 4.11741E-1 4.04599E-1 4.00164E-1 4.07817E-1 4.40689E-1 4.31556E-1 4.28061E-1 4.26278E-1 4.70797E-1 5.21451E-1 5.45866E-1 5.28904E-1 5.22416E-1 5.48751E-1 5.73961E-1 5.39886E-1 5.37875E-1 5.39776E-1 5.38468E-1 5.19747E-1 4.9008E-1 4.43071E-1 3.69152E-1 3.25833E-1 3.46868E-1 3.8524E-1 4.36904E-1 5.23545E-1 5.91195E-1 6.0938E-1 5.92308E-1 5.16861E-1 5.00626E-1 4.84805E-1 4.73087E-1 4.45821E-1 4.59263E-1 5.22156E-1 5.12042E-1 5.35998E-1 5.44326E-1 5.69499E-1 5.6387E-1 5.28747E-1 5.24756E-1 5.40152E-1 5.63135E-1 5.71792E-1 6.03698E-1 6.03357E-1
