maxent_outputs/red_flowers_linear/red_151.asc
ncols         426
nrows         180
xllcorner     -130.0
yllcorner     24.0
cellsize      0.16666666666666666
NODATA_value  -9999
[rows 0 to 26 of 180, columns 61 to 121 of 426]
6.5524E-1 6.54622E-1 6.6245E-1 6.33538E-1 5.86381E-1 5.92427E-1 5.8216E-1 5.74015E-1 5.6028E-1 5.49316E-1 5.29759E-1 5.12692E-1 5.06134E-1 4.93685E-1 4.79135E-1 4.70051E-1 4.7092E-1 4.67509E-1 4.67098E-1 4.51616E-1 4.4311E-1 4.41706E-1 4.35263E-1 4.21236E-1 4.21144E-1 4.19209E-1 4.00174E-1 3.73007E-1 3.7193E-1 3.78717E-1 3.88885E-1 3.95664E-1 4.09922E-1 4.11697E-1 4.17454E-1 4.04488E-1 3.92439E-1 3.86236E-1 3.96893E-1 3.98683E-1 3.86515E-1 3.81664E-1 3.67564E-1 3.70737E-1 3.69398E-1 3.6277E-1 3.73684E-1 3.81343E-1 3.81462E-1 3.77712E-1 3.81206E-1 3.89037E-1 3.82362E-1 3.80593E-1 3.77642E-1 3.75433E-1 3.77393E-1 3.7871E-1 3.82579E-1 3.7921E-1 3.83062E-1
6.5368E-1 6.58596E-1 6.46991E-1 6.56042E-1 6.43681E-1 6.33586E-1 6.16507E-1 6.09276E-1 5.76127E-1 5.55098E-1 5.42362E-1 5.27655E-1 5.16784E-1 5.02828E-1 4.90162E-1 4.8307E-1 4.7788E-1 4.69592E-1 4.5439E-1 4.49917E-1 4.36918E-1 4.10161E-1 4.05123E-1 3.96716E-1 3.94493E-1 3.98053E-1 4.059E-1 3.88874E-1 3.94255E-1 4.01514E-1 4.1235E-1 4.16479E-1 4.22554E-1 4.16143E-1 4.22344E-1 4.18176E-1 3.88916E-1 3.90942E-1 3.86317E-1 3.8861E-1 3.89848E-1 3.93227E-1 3.94383E-1 3.81064E-1 3.80783E-1 3.78376E-1 3.70919E-1 3.79953E-1 3.80223E-1 3.85641E-1 3.88225E-1 3.84267E-1 3.76125E-1 3.79427E-1 3.78392E-1 3.71428E-1 3.6278E-1 3.65206E-1 3.65727E-1 3.66878E-1 3.71206E-1
6.69254E-1 6.73947E-1 6.66693E-1 6.63362E-1 6.53964E-1 6.54773E-1 6.5178E-1 6.46378E-1 6.32289E-1 6.02479E-1 5.54248E-1 5.35271E-1 5.27679E-1 5.20703E-1 4.96349E-1 4.81368E-1 4.74509E-1 4.69202E-1 4.55196E-1 4.39296E-1 4.21475E-1 4.18375E-1 4.13243E-1 4.13398E-1 4.06169E-1 4.08435E-1 4.05837E-1 3.97508E-1 3.94542E-1 4.0421E-1 4.18685E-1 4.19051E-1 4.19942E-1 4.15099E-1 4.16241E-1 4.11924E-1 4.08304E-1 4.09801E-1 4.08538E-1 4.08589E-1 4.0826E-1 4.09288E-1 4.04818E-1 3.8246E-1 3.82822E-1 3.84249E-1 3.74078E-1 3.87334E-1 3.94393E-1 3.89659E-1 3.81827E-1 3.83167E-1 3.88278E-1 3.75885E-1 3.75076E-1 3.71295E-1 3.62881E-1 3.64419E-1 3.59223E-1 3.53316E-1 3.45112E-1
6.77058E-1 6.73466E-1 6.51612E-1 6.70263E-1 6.6217E-1 6.41448E-1 6.35921E-1 6.50608E-1 6.19753E-1 6.18105E-1 5.98681E-1 5.54899E-1 5.25693E-1 5.05606E-1 5.03055E-1 4.9265E-1 4.80591E-1 4.7052E-1 4.63335E-1 4.48463E-1 4.47845E-1 4.40621E-1 4.32704E-1 4.29487E-1 4.2968E-1 4.25002E-1 4.24011E-1 4.14167E-1 4.12795E-1 4.06436E-1 4.02599E-1 4.11938E-1 4.20062E-1 4.05702E-1 4.07153E-1 3.99359E-1 4.0411E-1 4.04892E-1 4.00749E-1 4.0323E-1 4.1623E-1 4.17839E-1 4.17148E-1 4.10116E-1 3.86738E-1 3.84496E-1 3.82711E-1 3.89818E-1 3.94368E-1 3.91014E-1 3.88173E-1 3.80315E-1 3.82612E-1 3.73973E-1 3.71903E-1 3.70486E-1 3.75035E-1 3.77149E-1 3.73209E-1 3.63649E-1 3.58034E-1
7.32855E-1 7.08293E-1 6.71498E-1 6.62507E-1 6.58795E-1 6.35261E-1 6.53537E-1 6.56691E-1 6.62006E-1 6.30033E-1 6.11383E-1 5.64724E-1 5.53431E-1 5.38434E-1 5.14882E-1 5.00404E-1 4.95885E-1 4.82986E-1 4.72917E-1 4.57192E-1 4.56279E-1 4.49722E-1 4.44383E-1 4.36776E-1 4.27432E-1 4.24615E-1 4.18574E-1 4.13849E-1 4.06565E-1 4.03621E-1 4.04786E-1 4.13642E-1 4.21759E-1 4.1704E-1 4.12135E-1 4.13382E-1 4.11642E-1 4.07935E-1 4.01502E-1 3.91297E-1 3.97137E-1 4.11091E-1 4.15776E-1 4.10663E-1 4.03704E-1 3.96737E-1 3.95401E-1 3.84257E-1 3.9337E-1 3.97668E-1 3.8808E-1 3.92201E-1 3.88183E-1 3.85102E-1 3.81688E-1 3.8164E-1 3.80888E-1 3.81881E-1 3.80096E-1 3.75868E-1 3.67324E-1
6.78308E-1 7.05368E-1 7.20248E-1 6.993E-1 6.93941E-1 6.5739E-1 6.44583E-1 6.39884E-1 6.36835E-1 6.63824E-1 6.03936E-1 6.08988E-1 6.17509E-1 6.0651E-1 5.67296E-1 5.2784E-1 5.21277E-1 5.1583E-1 4.91337E-1 4.73678E-1 4.66903E-1 4.56578E-1 4.51074E-1 4.40848E-1 4.35555E-1 4.32513E-1 4.29375E-1 4.23548E-1 4.17344E-1 4.09883E-1 4.08165E-1 4.13635E-1 4.22099E-1 4.28975E-1 4.2891E-1 4.28726E-1 4.1687E-1 4.09385E-1 4.00294E-1 3.96889E-1 3.95149E-1 3.96465E-1 4.02606E-1 4.02965E-1 3.99736E-1 3.97047E-1 3.97956E-1 3.89929E-1 3.97555E-1 4.00943E-1 3.98763E-1 3.95013E-1 3.85438E-1 3.88642E-1 3.88034E-1 3.79604E-1 3.80579E-1 3.76984E-1 3.7107E-1 3.69307E-1 3.70155E-1
7.25889E-1 7.26465E-1 6.47502E-1 7.15064E-1 7.14157E-1 7.09921E-1 7.01216E-1 6.76136E-1 6.64512E-1 6.65894E-1 5.98289E-1 6.60584E-1 6.41108E-1 6.2961E-1 6.2525E-1 5.99922E-1 5.59912E-1 5.29902E-1 5.0598E-1 4.91665E-1 4.77463E-1 4.62612E-1 4.55624E-1 4.48338E-1 4.3892E-1 4.29625E-1 4.29283E-1 4.27361E-1 4.26158E-1 4.05682E-1 4.10913E-1 4.15713E-1 4.27289E-1 4.34301E-1 4.29186E-1 4.17294E-1 4.16529E-1 4.21269E-1 4.14134E-1 4.0488E-1 4.05004E-1 4.04421E-1 4.09148E-1 4.02603E-1 3.97568E-1 3.96458E-1 3.99231E-1 3.91017E-1 3.87552E-1 3.9793E-1 3.96377E-1 3.91699E-1 3.89157E-1 3.85328E-1 3.83909E-1 3.84286E-1 3.81719E-1 3.68653E-1 3.62275E-1 3.69816E-1 3.73912E-1
6.94913E-1 6.99937E-1 7.25655E-1 6.59376E-1 7.04198E-1 7.1637E-1 7.08863E-1 7.20805E-1 6.98554E-1 6.70427E-1 6.55647E-1 6.32074E-1 6.35977E-1 6.04245E-1 6.28792E-1 6.37863E-1 6.22216E-1 5.74135E-1 5.30102E-1 5.2249E-1 5.06333E-1 4.75845E-1 4.62754E-1 4.55887E-1 4.44913E-1 4.4054E-1 4.34396E-1 4.31493E-1 4.27793E-1 4.22722E-1 4.23378E-1 4.18659E-1 4.28268E-1 4.27082E-1 4.22746E-1 4.12734E-1 4.08983E-1 4.17516E-1 4.2234E-1 4.18416E-1 4.19774E-1 4.15776E-1 4.25786E-1 4.25513E-1 4.13169E-1 4.08588E-1 4.05688E-1 3.98152E-1 3.88285E-1 3.87043E-1 3.86059E-1 3.84657E-1 3.76707E-1 3.72662E-1 3.74139E-1 3.7781E-1 3.75048E-1 3.69734E-1 3.705E-1 3.66385E-1 3.801E-1
7.01872E-1 6.99363E-1 7.1209E-1 7.30082E-1 7.11139E-1 7.01123E-1 7.07201E-1 6.98371E-1 6.59707E-1 6.52706E-1 6.65675E-1 6.32206E-1 6.32018E-1 6.03295E-1 5.99724E-1 5.96846E-1 6.14633E-1 6.04361E-1 5.97523E-1 5.769E-1 5.32621E-1 5.06793E-1 4.8817E-1 4.79162E-1 4.65941E-1 4.42334E-1 4.38918E-1 4.32068E-1 4.26362E-1 4.22675E-1 4.18761E-1 4.18723E-1 4.20844E-1 4.2502E-1 4.25007E-1 4.22928E-1 4.11301E-1 4.18417E-1 4.2095E-1 4.19745E-1 4.18368E-1 4.12274E-1 4.1605E-1 4.20809E-1 4.13876E-1 4.16783E-1 4.12302E-1 4.07261E-1 4.00479E-1 4.05722E-1 4.02961E-1 3.9368E-1 3.84005E-1 3.79283E-1 3.76135E-1 3.77715E-1 3.7935E-1 3.78996E-1 3.83386E-1 3.79671E-1 3.80016E-1
7.26907E-1 7.14567E-1 7.25948E-1 6.93873E-1 7.1244E-1 6.99999E-1 6.88886E-1 7.06162E-1 7.02503E-1 6.43235E-1 6.387E-1 6.21954E-1 6.33388E-1 6.28188E-1 5.99619E-1 6.13356E-1 6.12006E-1 6.35205E-1 6.20481E-1 6.17931E-1 5.54803E-1 5.0942E-1 5.00488E-1 4.87699E-1 4.84712E-1 4.56378E-1 4.46121E-1 4.37328E-1 4.27895E-1 4.06759E-1 4.02479E-1 4.1259E-1 4.17179E-1 4.2914E-1 4.26462E-1 4.23526E-1 4.16186E-1 4.28212E-1 4.20698E-1 4.1425E-1 4.0186E-1 4.16735E-1 4.18972E-1 4.2041E-1 4.11807E-1 4.17152E-1 4.25241E-1 4.16866E-1 4.07902E-1 4.00614E-1 3.96711E-1 3.88905E-1 3.8569E-1 3.74204E-1 3.69874E-1 3.7457E-1 3.7392E-1 3.76758E-1 3.73614E-1 3.70909E-1 3.83733E-1
7.2797E-1 7.28038E-1 7.18513E-1 6.85911E-1 7.27365E-1 6.83456E-1 6.93773E-1 7.01367E-1 6.80378E-1 6.30077E-1 6.47932E-1 6.23743E-1 6.34748E-1 6.37783E-1 6.46649E-1 6.3608E-1 6.18131E-1 6.20454E-1 6.17096E-1 6.44425E-1 5.80062E-1 5.67928E-1 5.40841E-1 5.11875E-1 4.95943E-1 4.82852E-1 4.67963E-1 4.52575E-1 4.37242E-1 4.23191E-1 4.16813E-1 4.21873E-1 4.21919E-1 4.06479E-1 4.17954E-1 4.18181E-1 4.23504E-1 4.2593E-1 4.13406E-1 4.11331E-1 4.1808E-1 4.16152E-1 4.16562E-1 4.23598E-1 4.19892E-1 4.12444E-1 4.14196E-1 4.19223E-1 4.24091E-1 4.13164E-1 3.84326E-1 3.90437E-1 3.87879E-1 3.83787E-1 3.77784E-1 3.75562E-1 3.75057E-1 3.7624E-1 3.76556E-1 3.73868E-1 3.87464E-1
7.16231E-1 7.03533E-1 7.01966E-1 6.85691E-1 7.24265E-1 6.93832E-1 6.81026E-1 6.68316E-1 6.62775E-1 6.71777E-1 6.80025E-1 6.25857E-1 6.28705E-1 6.42498E-1 6.3505E-1 6.44942E-1 6.3243E-1 6.17263E-1 6.38816E-1 6.34768E-1 5.97364E-1 6.38061E-1 6.12619E-1 5.66661E-1 5.23369E-1 5.0856E-1 4.89803E-1 4.69068E-1 4.58263E-1 4.51375E-1 4.45112E-1 4.31247E-1 4.17174E-1 4.09662E-1 4.14155E-1 4.19875E-1 4.25841E-1 4.21227E-1 4.13746E-1 4.1886E-1 4.21475E-1 4.2158E-1 4.22456E-1 4.19198E-1 4.06211E-1 4.10573E-1 4.22454E-1 3.93987E-1 3.8534E-1 3.81221E-1 3.78033E-1 3.70829E-1 3.70181E-1 3.67968E-1 3.66319E-1 3.71071E-1 3.73318E-1 3.76449E-1 3.73308E-1 3.74751E-1 3.79103E-1
7.37867E-1 7.05485E-1 7.09894E-1 7.02132E-1 6.87868E-1 7.06215E-1 7.07857E-1 6.66972E-1 6.93361E-1 6.73503E-1 6.65854E-1 6.74686E-1 6.64625E-1 6.31169E-1 6.3063E-1 6.48682E-1 6.23858E-1 6.3992E-1 6.41617E-1 6.4672E-1 6.27994E-1 6.19809E-1 6.29671E-1 6.24184E-1 5.73977E-1 5.49464E-1 5.16089E-1 4.95972E-1 4.74339E-1 4.61263E-1 4.49389E-1 4.31354E-1 4.25678E-1 4.17986E-1 4.26264E-1 4.28109E-1 4.23661E-1 4.25983E-1 4.23115E-1 4.1963E-1 4.16885E-1 4.1402E-1 4.00935E-1 4.12408E-1 4.08565E-1 3.95496E-1 4.1E-1 3.97433E-1 3.91357E-1 3.62801E-1 3.55141E-1 3.58293E-1 3.56084E-1 3.45246E-1 3.5474E-1 3.60077E-1 3.53457E-1 3.61999E-1 3.63228E-1 3.63783E-1 3.68536E-1
6.8622E-1 6.81523E-1 6.75472E-1 6.88454E-1 7.14037E-1 7.09604E-1 6.79049E-1 6.66002E-1 7.06712E-1 6.63374E-1 6.47655E-1 6.50679E-1 6.5835E-1 6.31469E-1 6.54802E-1 6.48995E-1 6.15765E-1 6.22606E-1 6.21447E-1 6.49387E-1 6.32489E-1 6.18814E-1 6.42013E-1 6.34753E-1 6.21507E-1 5.85665E-1 5.45871E-1 5.09598E-1 4.84719E-1 4.6933E-1 4.44702E-1 4.35915E-1 4.20876E-1 4.21426E-1 4.30955E-1 4.29764E-1 4.27103E-1 4.2164E-1 4.22483E-1 4.23085E-1 4.1488E-1 4.08125E-1 4.02075E-1 4.0358E-1 4.14558E-1 4.08342E-1 4.02985E-1 4.02851E-1 4.0392E-1 3.60907E-1 3.4961E-1 3.49797E-1 3.5774E-1 3.50008E-1 3.46345E-1 3.67019E-1 3.62744E-1 3.52885E-1 3.58133E-1 3.55278E-1 3.54115E-1
6.68308E-1 6.74595E-1 7.00403E-1 6.6483E-1 7.22185E-1 7.25032E-1 7.1961E-1 6.58856E-1 7.16028E-1 7.17279E-1 7.0594E-1 6.4922E-1 6.70506E-1 6.7484E-1 6.0548E-1 6.24929E-1 6.39789E-1 6.27923E-1 6.14527E-1 6.20183E-1 6.29021E-1 6.11716E-1 5.98007E-1 6.30594E-1 6.37065E-1 6.16338E-1 5.64587E-1 5.16812E-1 4.95168E-1 4.77351E-1 4.65913E-1 4.51825E-1 4.35325E-1 4.2956E-1 4.39214E-1 4.31173E-1 4.22734E-1 4.17076E-1 4.16592E-1 4.13265E-1 4.05269E-1 3.99061E-1 3.96176E-1 3.9288E-1 4.15515E-1 4.31496E-1 4.23237E-1 3.97237E-1 3.96795E-1 3.76313E-1 3.53272E-1 3.557E-1 3.50439E-1 3.54367E-1 3.52395E-1 3.56415E-1 3.53105E-1 3.53593E-1 3.56221E-1 3.62424E-1 3.60739E-1
7.12577E-1 6.99258E-1 6.6902E-1 6.95239E-1 7.07781E-1 6.79829E-1 7.17299E-1 7.23382E-1 6.71355E-1 7.24822E-1 7.01412E-1 6.63038E-1 6.71755E-1 6.79377E-1 6.68454E-1 6.67342E-1 5.99022E-1 6.62594E-1 6.28954E-1 6.40594E-1 6.22447E-1 6.28105E-1 6.17405E-1 6.03922E-1 6.16937E-1 6.30738E-1 6.21195E-1 5.72918E-1 5.15543E-1 4.89717E-1 4.72752E-1 4.62854E-1 4.50154E-1 4.48467E-1 4.47557E-1 4.44016E-1 4.30515E-1 4.19096E-1 4.14266E-1 4.13615E-1 4.03876E-1 4.0082E-1 3.99818E-1 3.96462E-1 3.87501E-1 4.07191E-1 4.12029E-1 3.95594E-1 3.84622E-1 3.79518E-1 3.51334E-1 3.58584E-1 3.56929E-1 3.6398E-1 3.5036E-1 3.55128E-1 3.55186E-1 3.51968E-1 3.4871E-1 3.62107E-1 3.68093E-1
6.76212E-1 6.65049E-1 7.00761E-1 7.28812E-1 6.70477E-1 6.61192E-1 7.35638E-1 7.30865E-1 6.91538E-1 6.71458E-1 7.09834E-1 6.66046E-1 6.74283E-1 6.73309E-1 6.51366E-1 6.5411E-1 6.60622E-1 6.17464E-1 6.7413E-1 6.5542E-1 6.22695E-1 6.13065E-1 6.19602E-1 6.32412E-1 6.24777E-1 6.10355E-1 6.07103E-1 6.01555E-1 5.32299E-1 5.00421E-1 4.7829E-1 4.65528E-1 4.53534E-1 4.51658E-1 4.47321E-1 4.38581E-1 4.40359E-1 4.22104E-1 4.14381E-1 4.1309E-1 4.07691E-1 4.13302E-1 4.1612E-1 4.25328E-1 4.22081E-1 3.99526E-1 3.89552E-1 3.70748E-1 3.49047E-1 3.3894E-1 3.31825E-1 3.38421E-1 3.61142E-1 3.68568E-1 3.48881E-1 3.54702E-1 3.54948E-1 3.44858E-1 3.54456E-1 3.63767E-1 3.70817E-1
6.76433E-1 7.16824E-1 6.76611E-1 7.21315E-1 6.89012E-1 7.01512E-1 7.18366E-1 7.13769E-1 7.30917E-1 6.63168E-1 7.00042E-1 6.9674E-1 6.8817E-1 6.58324E-1 6.42662E-1 6.48815E-1 6.62635E-1 6.69721E-1 6.19007E-1 6.38956E-1 6.34963E-1 6.20525E-1 6.06179E-1 6.06104E-1 6.09886E-1 6.24424E-1 6.04586E-1 5.88654E-1 5.38984E-1 5.23564E-1 4.97628E-1 4.75778E-1 4.51275E-1 4.44777E-1 4.37538E-1 4.34005E-1 4.26636E-1 4.20797E-1 4.18638E-1 4.21487E-1 4.12569E-1 4.08875E-1 4.03225E-1 4.08392E-1 4.10319E-1 4.00756E-1 3.73609E-1 3.43522E-1 3.28403E-1 3.2707E-1 3.15237E-1 3.15114E-1 3.20627E-1 3.34058E-1 3.52505E-1 3.54877E-1 3.60678E-1 3.51436E-1 3.47177E-1 3.55894E-1 3.66896E-1
6.5768E-1 6.65755E-1 6.55662E-1 6.67083E-1 6.80407E-1 7.02475E-1 6.86358E-1 7.12537E-1 7.22509E-1 7.08665E-1 6.92274E-1 7.11678E-1 6.83954E-1 6.59227E-1 6.67374E-1 6.57874E-1 6.59461E-1 6.53477E-1 6.50226E-1 6.22648E-1 6.01357E-1 6.52804E-1 6.30185E-1 6.18135E-1 5.95363E-1 5.7685E-1 6.00925E-1 6.11509E-1 5.84345E-1 5.64346E-1 5.10942E-1 4.77232E-1 4.68424E-1 4.43146E-1 4.30233E-1 4.15971E-1 4.11388E-1 4.18484E-1 4.25794E-1 4.20292E-1 4.21168E-1 4.12747E-1 4.16821E-1 4.06697E-1 4.04379E-1 3.97709E-1 3.81136E-1 3.66876E-1 3.63546E-1 3.50398E-1 3.40527E-1 3.6093E-1 3.76719E-1 3.73007E-1 3.62253E-1 3.64988E-1 3.62027E-1 3.50837E-1 3.53188E-1 3.64096E-1 3.6896E-1
6.28697E-1 6.60777E-1 6.69952E-1 6.64437E-1 6.80312E-1 7.34712E-1 7.17975E-1 7.01967E-1 7.50624E-1 7.36322E-1 6.79011E-1 7.00772E-1 6.76699E-1 6.92667E-1 6.79228E-1 6.71126E-1 6.47892E-1 6.36149E-1 6.26425E-1 6.54128E-1 6.5708E-1 5.89361E-1 6.43938E-1 6.2396E-1 6.04431E-1 5.92738E-1 5.63469E-1 5.91633E-1 6.07025E-1 5.92918E-1 5.44637E-1 5.14136E-1 4.80682E-1 4.49632E-1 4.32184E-1 4.15986E-1 4.19831E-1 4.28904E-1 4.38612E-1 4.38544E-1 4.39182E-1 4.28989E-1 4.14645E-1 4.17818E-1 4.06204E-1 4.03513E-1 4.00873E-1 4.05027E-1 3.96357E-1 3.89964E-1 3.79955E-1 3.88686E-1 3.80689E-1 3.82556E-1 3.91431E-1 3.75145E-1 3.52076E-1 3.60861E-1 3.68708E-1 3.67123E-1 3.74336E-1
6.43658E-1 6.67106E-1 6.69788E-1 6.54699E-1 6.48039E-1 6.94799E-1 6.86619E-1 7.37946E-1 7.0923E-1 7.39877E-1 7.22494E-1 6.64838E-1 7.14092E-1 7.01607E-1 6.83462E-1 6.82675E-1 6.55479E-1 6.49013E-1 6.30212E-1 6.43323E-1 6.73011E-1 6.5159E-1 5.63021E-1 6.48549E-1 6.06693E-1 5.93964E-1 5.71588E-1 5.76348E-1 5.75279E-1 6.03904E-1 5.88507E-1 5.47526E-1 5.09532E-1 4.81267E-1 4.56576E-1 4.37073E-1 4.22313E-1 4.20311E-1 4.20827E-1 4.37907E-1 4.48232E-1 4.41943E-1 4.35531E-1 4.24159E-1 4.10967E-1 4.03402E-1 4.01004E-1 4.04475E-1 4.01774E-1 3.83489E-1 3.62031E-1 3.69112E-1 3.84691E-1 3.87916E-1 3.9156E-1 3.67398E-1 3.60243E-1 3.6774E-1 3.70018E-1 3.7234E-1 3.71277E-1
6.49418E-1 6.6532E-1 6.63425E-1 6.25782E-1 6.79755E-1 6.82175E-1 6.90441E-1 7.15537E-1 7.1323E-1 7.31734E-1 7.03347E-1 6.76344E-1 7.14976E-1 7.26682E-1 7.01535E-1 6.80751E-1 6.54483E-1 6.57114E-1 6.59377E-1 6.44162E-1 6.66969E-1 6.66552E-1 6.38665E-1 5.65887E-1 6.50092E-1 5.88932E-1 6.10498E-1 5.56929E-1 5.73791E-1 5.71049E-1 5.85164E-1 5.60144E-1 5.28057E-1 4.97614E-1 4.74622E-1 4.58162E-1 4.47643E-1 4.36462E-1 4.30275E-1 4.35367E-1 4.39755E-1 4.43903E-1 4.29429E-1 4.20805E-1 4.18176E-1 4.02995E-1 4.05263E-1 4.16871E-1 4.00636E-1 3.90016E-1 3.7441E-1 3.79245E-1 3.82641E-1 3.86769E-1 3.81732E-1 3.75269E-1 3.79501E-1 3.8201E-1 3.8274E-1 3.76116E-1 3.74385E-1
7.03352E-1 6.81011E-1 6.70812E-1 6.49748E-1 6.65962E-1 6.58119E-1 6.88622E-1 6.90609E-1 7.07791E-1 7.50704E-1 6.88286E-1 6.73717E-1 6.77954E-1 7.08283E-1 7.03012E-1 6.89466E-1 6.84366E-1 6.56807E-1 6.87269E-1 6.46349E-1 6.6073E-1 6.78352E-1 6.6553E-1 5.90301E-1 5.98038E-1 6.2142E-1 6.11358E-1 5.84812E-1 5.97654E-1 5.70109E-1 6.0083E-1 5.95222E-1 5.60513E-1 5.14956E-1 4.93588E-1 4.7526E-1 4.60033E-1 4.52335E-1 4.39138E-1 4.35643E-1 4.30463E-1 4.34908E-1 4.35413E-1 4.36186E-1 4.31519E-1 4.22549E-1 4.20834E-1 4.09768E-1 4.08063E-1 3.87334E-1 3.78991E-1 3.79979E-1 3.81804E-1 3.84011E-1 3.80884E-1 3.84332E-1 3.77758E-1 3.73616E-1 3.76726E-1 3.68434E-1 3.63771E-1
6.97805E-1 6.71177E-1 6.70088E-1 6.68717E-1 6.76605E-1 7.16698E-1 7.30618E-1 7.06596E-1 7.20156E-1 7.32007E-1 6.94533E-1 6.98251E-1 6.95893E-1 7.14623E-1 6.80069E-1 7.03054E-1 6.94986E-1 6.73456E-1 6.74456E-1 6.59901E-1 6.67123E-1 6.89645E-1 6.64872E-1 6.23562E-1 5.58902E-1 6.04703E-1 6.19177E-1 6.22447E-1 6.04575E-1 5.75238E-1 5.96371E-1 6.13863E-1 5.80105E-1 5.29801E-1 5.09418E-1 4.78573E-1 4.63213E-1 4.66929E-1 4.55299E-1 4.44861E-1 4.45402E-1 4.42052E-1 4.3961E-1 4.33577E-1 4.36944E-1 4.39238E-1 4.38555E-1 4.18943E-1 4.18931E-1 4.01561E-1 3.84243E-1 3.92232E-1 4.016E-1 4.06239E-1 4.08811E-1 4.01452E-1 3.8829E-1 3.86524E-1 3.83967E-1 3.74143E-1 3.68903E-1
6.662E-1 6.56267E-1 6.40527E-1 6.62572E-1 6.77292E-1 7.33093E-1 7.26018E-1 7.23911E-1 7.54383E-1 7.09411E-1 7.01347E-1 7.24562E-1 7.32821E-1 7.33277E-1 7.00293E-1 7.14273E-1 7.09741E-1 6.71229E-1 6.85562E-1 6.58427E-1 6.61634E-1 6.67692E-1 6.86337E-1 6.42578E-1 5.4403E-1 6.40514E-1 6.4219E-1 6.20971E-1 6.25059E-1 5.92319E-1 6.06512E-1 6.1698E-1 5.71644E-1 5.39181E-1 5.11486E-1 4.87227E-1 4.64145E-1 4.67196E-1 4.66811E-1 4.60342E-1 4.5596E-1 4.52897E-1 4.55017E-1 4.53689E-1 4.46763E-1 4.43114E-1 4.42214E-1 4.27403E-1 4.24619E-1 4.12174E-1 4.20032E-1 4.2809E-1 4.2629E-1 4.22791E-1 4.26716E-1 4.16394E-1 4.18523E-1 4.16443E-1 4.07771E-1 4.03805E-1 3.9988E-1
6.59593E-1 6.57455E-1 6.77208E-1 6.72442E-1 6.69167E-1 7.12961E-1 6.63095E-1 7.33228E-1 7.39683E-1 7.0035E-1 7.17363E-1 7.44484E-1 7.45014E-1 7.08737E-1 6.98342E-1 7.15899E-1 7.11887E-1 6.83266E-1 6.83512E-1 6.79572E-1 6.72887E-1 6.83628E-1 6.76772E-1 6.07645E-1 5.4147E-1 6.34214E-1 6.58475E-1 6.37693E-1 6.34107E-1 6.21327E-1 6.12408E-1 6.31197E-1 6.0867E-1 5.434E-1 5.06163E-1 4.99172E-1 4.74411E-1 4.71204E-1 4.70199E-1 4.6736E-1 4.61816E-1 4.69657E-1 4.68228E-1 4.73769E-1 4.6733E-1 4.66141E-1 4.65006E-1 4.5122E-1 4.44812E-1 4.41493E-1 4.34821E-1 4.20982E-1 4.08153E-1 4.14777E-1 4.2647E-1 4.24972E-1 4.27903E-1 4.2969E-1 4.27396E-1 4.22517E-1 4.12439E-1
6.31139E-1 6.73402E-1 7.05067E-1 6.66663E-1 6.45175E-1 6.55326E-1 6.7874E-1 7.31695E-1 7.00951E-1 7.03326E-1 7.30036E-1 7.3846E-1 7.12317E-1 7.02326E-1 7.04229E-1 7.00474E-1 7.0271E-1 7.01019E-1 6.96703E-1 6.8885E-1 6.77478E-1 6.67775E-1 6.53737E-1 5.99119E-1 5.56645E-1 5.63685E-1 6.37309E-1 6.31594E-1 6.35558E-1 6.36535E-1 6.30688E-1 6.27764E-1 6.05772E-1 5.64984E-1 5.31185E-1 5.12523E-1 4.95668E-1 4.81165E-1 4.77913E-1 4.81104E-1 4.82035E-1 4.86105E-1 4.82528E-1 4.70544E-1 4.60736E-1 4.59821E-1 4.59316E-1 4.50213E-1 4.41814E-1 4.41882E-1 4.36001E-1 4.22357E-1 4.09081E-1 3.97378E-1 4.04574E-1 3.93654E-1 4.04426E-1 4.16265E-1 4.22605E-1 4.24038E-1 4.13327E-1
