maxent_outputs/red_flowers_linear/red_80.asc
ncols         426
nrows         180
xllcorner     -130.0
yllcorner     24.0
cellsize      0.16666666666666666
NODATA_value  -9999
[rows 81 to 107 of 180, columns 183 to 243 of 426]
1.65601E-1 1.65373E-1 1.65508E-1 1.61201E-1 1.58518E-1 1.62772E-1 1.64494E-1 1.63785E-1 1.62417E-1 1.61248E-1 1.62849E-1 1.60309E-1 1.57245E-1 1.55836E-1 1.57776E-1 1.57819E-1 1.53391E-1 1.51626E-1 1.52363E-1 1.52652E-1 1.50254E-1 1.52338E-1 1.54925E-1 1.5564E-1 1.52872E-1 1.47916E-1 1.48419E-1 1.44972E-1 1.47478E-1 1.52651E-1 1.5345E-1 1.52248E-1 1.5595E-1 1.58056E-1 1.61151E-1 1.6047E-1 1.57912E-1 1.5671E-1 1.55819E-1 1.56654E-1 1.58663E-1 1.53838E-1 1.50515E-1 1.47739E-1 1.46942E-1 1.507E-1 1.54261E-1 1.58426E-1 1.63679E-1 1.49807E-1 1.47749E-1 1.50195E-1 1.47374E-1 1.39668E-1 1.41054E-1 1.43918E-1 1.45375E-1 1.47301E-1 1.32596E-1 1.29561E-1 1.29139E-1
1.71829E-1 1.66632E-1 1.64969E-1 1.65029E-1 1.63709E-1 1.62436E-1 1.64218E-1 1.6496E-1 1.67867E-1 1.70195E-1 1.70537E-1 1.68284E-1 1.67088E-1 1.66125E-1 1.64318E-1 1.64173E-1 1.62963E-1 1.59901E-1 1.56959E-1 1.60093E-1 1.60459E-1 1.58916E-1 1.58805E-1 1.62878E-1 1.65392E-1 1.57408E-1 1.57848E-1 1.54704E-1 1.56242E-1 1.57421E-1 1.60464E-1 1.59031E-1 1.6226E-1 1.60819E-1 1.64696E-1 1.64627E-1 1.62562E-1 1.64326E-1 1.66113E-1 1.60641E-1 1.67256E-1 1.63431E-1 1.5829E-1 1.57019E-1 1.57605E-1 1.60652E-1 1.62117E-1 1.67044E-1 1.66567E-1 1.59039E-1 1.542E-1 1.56767E-1 1.57447E-1 1.52411E-1 1.52465E-1 1.50877E-1 1.48079E-1 1.41983E-1 1.38E-1 1.34644E-1 1.33946E-1
1.7984E-1 1.77521E-1 1.72714E-1 1.71823E-1 1.69918E-1 1.70841E-1 1.72486E-1 1.73457E-1 1.73714E-1 1.73236E-1 1.76226E-1 1.77491E-1 1.7672E-1 1.79267E-1 1.7718E-1 1.71629E-1 1.71426E-1 1.71844E-1 1.66141E-1 1.66447E-1 1.68834E-1 1.68276E-1 1.69181E-1 1.72548E-1 1.76472E-1 1.73585E-1 1.68019E-1 1.66066E-1 1.65676E-1 1.62177E-1 1.63466E-1 1.66433E-1 1.66952E-1 1.64937E-1 1.65826E-1 1.68776E-1 1.68338E-1 1.68736E-1 1.702E-1 1.67563E-1 1.72609E-1 1.73256E-1 1.65466E-1 1.64643E-1 1.65701E-1 1.65759E-1 1.68913E-1 1.71371E-1 1.73805E-1 1.64607E-1 1.60976E-1 1.61258E-1 1.62258E-1 1.5999E-1 1.61377E-1 1.62582E-1 1.52003E-1 1.48394E-1 1.45678E-1 1.43205E-1 1.43045E-1
1.77654E-1 1.73234E-1 1.7149E-1 1.70528E-1 1.69159E-1 1.69995E-1 1.74199E-1 1.77926E-1 1.8361E-1 1.89513E-1 1.89283E-1 1.87913E-1 1.86891E-1 1.87184E-1 1.86429E-1 1.81618E-1 1.75271E-1 1.74406E-1 1.71075E-1 1.74967E-1 1.79385E-1 1.72138E-1 1.71494E-1 1.7757E-1 1.79013E-1 1.83761E-1 1.82835E-1 1.80664E-1 1.75502E-1 1.70429E-1 1.68789E-1 1.67545E-1 1.642E-1 1.69636E-1 1.71487E-1 1.74086E-1 1.74694E-1 1.75613E-1 1.74983E-1 1.75372E-1 1.8003E-1 1.77023E-1 1.74067E-1 1.73254E-1 1.72101E-1 1.72696E-1 1.74248E-1 1.76259E-1 1.77324E-1 1.69512E-1 1.67433E-1 1.69083E-1 1.67409E-1 1.69092E-1 1.60145E-1 1.55289E-1 1.53294E-1 1.51859E-1 1.54849E-1 1.51333E-1 1.45227E-1
1.83416E-1 1.80466E-1 1.7473E-1 1.73682E-1 1.75236E-1 1.76894E-1 1.7926E-1 1.83478E-1 1.87459E-1 1.95509E-1 1.98521E-1 1.96407E-1 1.93454E-1 1.91182E-1 1.89469E-1 1.88191E-1 1.86312E-1 1.82273E-1 1.84711E-1 1.85463E-1 1.83094E-1 1.81226E-1 1.85229E-1 1.85192E-1 1.86964E-1 1.89877E-1 1.88309E-1 1.94693E-1 1.88387E-1 1.80973E-1 1.77204E-1 1.72012E-1 1.688E-1 1.69821E-1 1.76711E-1 1.79849E-1 1.82476E-1 1.85516E-1 1.82992E-1 1.82277E-1 1.84982E-1 1.83351E-1 1.84622E-1 1.80838E-1 1.78837E-1 1.78314E-1 1.80004E-1 1.76955E-1 1.78314E-1 1.795E-1 1.7613E-1 1.72226E-1 1.73432E-1 1.72123E-1 1.65623E-1 1.62049E-1 1.59583E-1 1.58132E-1 1.56389E-1 1.58033E-1 1.55893E-1
1.91157E-1 1.87838E-1 1.83235E-1 1.82463E-1 1.83801E-1 1.86144E-1 1.88822E-1 1.91308E-1 1.94751E-1 1.96909E-1 2.0275E-1 2.04171E-1 2.04622E-1 2.01994E-1 1.94043E-1 1.91871E-1 1.88779E-1 1.93712E-1 1.90055E-1 1.90902E-1 1.93865E-1 1.90394E-1 1.96111E-1 1.97292E-1 1.95537E-1 1.99354E-1 2.08391E-1 2.02821E-1 2.00548E-1 1.95151E-1 1.89026E-1 1.81655E-1 1.77462E-1 1.77735E-1 1.81758E-1 1.84765E-1 1.86447E-1 1.92949E-1 1.88962E-1 1.89573E-1 1.89651E-1 1.94688E-1 1.8966E-1 1.86778E-1 1.83766E-1 1.85526E-1 1.88511E-1 1.85872E-1 1.83515E-1 1.88436E-1 1.87362E-1 1.79707E-1 1.76813E-1 1.77008E-1 1.71435E-1 1.69513E-1 1.67901E-1 1.64878E-1 1.63864E-1 1.63871E-1 1.64455E-1
2.00167E-1 1.9283E-1 1.89222E-1 1.89935E-1 1.91262E-1 1.93984E-1 2.01371E-1 1.989E-1 2.0149E-1 2.05514E-1 2.06275E-1 2.07465E-1 2.07906E-1 2.10851E-1 2.0595E-1 1.98363E-1 2.03044E-1 2.05028E-1 1.98866E-1 2.01776E-1 2.02351E-1 1.9983E-1 2.02962E-1 2.05087E-1 2.07783E-1 2.08488E-1 2.18082E-1 2.2145E-1 2.15442E-1 2.10293E-1 2.00864E-1 1.93499E-1 1.8937E-1 1.88857E-1 1.91039E-1 1.9404E-1 1.96688E-1 1.97662E-1 1.95536E-1 1.95693E-1 1.95172E-1 1.96744E-1 1.93135E-1 1.91793E-1 1.88801E-1 1.92527E-1 1.96326E-1 1.90033E-1 1.89103E-1 1.86313E-1 1.91567E-1 1.93232E-1 1.89461E-1 1.8624E-1 1.79779E-1 1.78386E-1 1.76462E-1 1.75416E-1 1.71815E-1 1.69143E-1 1.68208E-1
2.03646E-1 1.99154E-1 1.99002E-1 1.99201E-1 1.98365E-1 1.98135E-1 2.00417E-1 2.04222E-1 2.0728E-1 2.11632E-1 2.18604E-1 2.15161E-1 2.13527E-1 2.1276E-1 2.12756E-1 2.16036E-1 2.07515E-1 2.12488E-1 2.12541E-1 2.17118E-1 2.14141E-1 2.12314E-1 2.11674E-1 2.12677E-1 2.27296E-1 2.21042E-1 2.29634E-1 2.31231E-1 2.27906E-1 2.17461E-1 2.10515E-1 2.06703E-1 2.01039E-1 1.99829E-1 1.98824E-1 2.01141E-1 2.03814E-1 2.03986E-1 2.005E-1 2.05971E-1 2.04819E-1 2.05821E-1 2.05714E-1 1.97857E-1 1.94054E-1 1.94234E-1 1.93875E-1 1.93174E-1 1.93301E-1 1.92485E-1 1.92989E-1 1.95149E-1 1.99864E-1 1.95922E-1 1.88089E-1 1.85787E-1 1.84928E-1 1.83073E-1 1.79743E-1 1.78113E-1 1.75677E-1
2.10486E-1 2.09709E-1 2.09397E-1 2.14465E-1 2.11933E-1 2.12289E-1 2.11943E-1 2.13044E-1 2.13214E-1 2.1859E-1 2.25836E-1 2.24724E-1 2.2113E-1 2.16196E-1 2.15562E-1 2.19049E-1 2.15748E-1 2.10851E-1 2.10887E-1 2.13852E-1 2.17802E-1 2.22409E-1 2.2281E-1 2.26149E-1 2.35105E-1 2.37363E-1 2.40007E-1 2.39295E-1 2.38787E-1 2.32224E-1 2.19305E-1 2.10422E-1 2.05615E-1 2.01283E-1 1.99124E-1 2.0146E-1 2.0465E-1 2.08403E-1 2.10089E-1 2.18103E-1 2.17353E-1 2.18446E-1 2.20034E-1 2.12586E-1 2.04037E-1 2.0251E-1 2.00732E-1 2.00778E-1 2.00208E-1 2.02304E-1 2.03887E-1 2.03321E-1 2.11835E-1 2.101E-1 1.98815E-1 1.93387E-1 1.92829E-1 1.89906E-1 1.88788E-1 1.84483E-1 1.8326E-1
2.12642E-1 2.15411E-1 2.17454E-1 2.21498E-1 2.22518E-1 2.25288E-1 2.20864E-1 2.17718E-1 2.15855E-1 2.19966E-1 2.29737E-1 2.33829E-1 2.27733E-1 2.24287E-1 2.19192E-1 2.16988E-1 2.1241E-1 2.05724E-1 2.07848E-1 2.13115E-1 2.12842E-1 2.20339E-1 2.25734E-1 2.27843E-1 2.35943E-1 2.41228E-1 2.44109E-1 2.42395E-1 2.33642E-1 2.31783E-1 2.22389E-1 2.1452E-1 2.06619E-1 2.00242E-1 2.00447E-1 2.08321E-1 2.14279E-1 2.14981E-1 2.2143E-1 2.26115E-1 2.31785E-1 2.35719E-1 2.34687E-1 2.22174E-1 2.15936E-1 2.13732E-1 2.19669E-1 2.20539E-1 2.1357E-1 2.1235E-1 2.11545E-1 2.13093E-1 2.15879E-1 2.23643E-1 2.21133E-1 2.15743E-1 2.07854E-1 2.00983E-1 1.95831E-1 1.91145E-1 1.88058E-1
2.17726E-1 2.22429E-1 2.29224E-1 2.27703E-1 2.28116E-1 2.29622E-1 2.2502E-1 2.22937E-1 2.20729E-1 2.2098E-1 2.30721E-1 2.33493E-1 2.2807E-1 2.2466E-1 2.19962E-1 2.17386E-1 2.10766E-1 2.0862E-1 2.11288E-1 2.16399E-1 2.21588E-1 2.25421E-1 2.27678E-1 2.31795E-1 2.33612E-1 2.41139E-1 2.4083E-1 2.46077E-1 2.37853E-1 2.32768E-1 2.2459E-1 2.18053E-1 2.12183E-1 2.03863E-1 2.05827E-1 2.16484E-1 2.16924E-1 2.21055E-1 2.29425E-1 2.37072E-1 2.38847E-1 2.43592E-1 2.49274E-1 2.40612E-1 2.31241E-1 2.32278E-1 2.35797E-1 2.37601E-1 2.36418E-1 2.34065E-1 2.29546E-1 2.24628E-1 2.25314E-1 2.26908E-1 2.31255E-1 2.31835E-1 2.23199E-1 2.11985E-1 2.05281E-1 1.99419E-1 1.9561E-1
2.22035E-1 2.26714E-1 2.29363E-1 2.30706E-1 2.3563E-1 2.36991E-1 2.28228E-1 2.24827E-1 2.25464E-1 2.30434E-1 2.35098E-1 2.36132E-1 2.34946E-1 2.29903E-1 2.25671E-1 2.22364E-1 2.20825E-1 2.17195E-1 2.21937E-1 2.2618E-1 2.29288E-1 2.29921E-1 2.31358E-1 2.34269E-1 2.40019E-1 2.44815E-1 2.47801E-1 2.50707E-1 2.45817E-1 2.38093E-1 2.34301E-1 2.25723E-1 2.1999E-1 2.14838E-1 2.15102E-1 2.2018E-1 2.19462E-1 2.27934E-1 2.40746E-1 2.52444E-1 2.47802E-1 2.52343E-1 2.54504E-1 2.48951E-1 2.44112E-1 2.46322E-1 2.46345E-1 2.46852E-1 2.41806E-1 2.38645E-1 2.40413E-1 2.43153E-1 2.44767E-1 2.38225E-1 2.42727E-1 2.41489E-1 2.32736E-1 2.2037E-1 2.12797E-1 2.07983E-1 2.06055E-1
2.29051E-1 2.3293E-1 2.36142E-1 2.43589E-1 2.53816E-1 2.51884E-1 2.41123E-1 2.36647E-1 2.33664E-1 2.35129E-1 2.41808E-1 2.40879E-1 2.36511E-1 2.34787E-1 2.38795E-1 2.32453E-1 2.34266E-1 2.36194E-1 2.36369E-1 2.37344E-1 2.36495E-1 2.33734E-1 2.31265E-1 2.31427E-1 2.41682E-1 2.5097E-1 2.55366E-1 2.54347E-1 2.55292E-1 2.4993E-1 2.42769E-1 2.35942E-1 2.32543E-1 2.3505E-1 2.32256E-1 2.33527E-1 2.3312E-1 2.39534E-1 2.52997E-1 2.62726E-1 2.61063E-1 2.59744E-1 2.61637E-1 2.5934E-1 2.5395E-1 2.5303E-1 2.54009E-1 2.53755E-1 2.46343E-1 2.47204E-1 2.48545E-1 2.45266E-1 2.47885E-1 2.48176E-1 2.5005E-1 2.45293E-1 2.3424E-1 2.29974E-1 2.25427E-1 2.20273E-1 2.13705E-1
2.40894E-1 2.41295E-1 2.47342E-1 2.55234E-1 2.58345E-1 2.57361E-1 2.53484E-1 2.51785E-1 2.48456E-1 2.49158E-1 2.49688E-1 2.48948E-1 2.42516E-1 2.38258E-1 2.40687E-1 2.45218E-1 2.45162E-1 2.43061E-1 2.40477E-1 2.42207E-1 2.40527E-1 2.3679E-1 2.39618E-1 2.40547E-1 2.50501E-1 2.60923E-1 2.6308E-1 2.63708E-1 2.69032E-1 2.6508E-1 2.55314E-1 2.48721E-1 2.42682E-1 2.41414E-1 2.49411E-1 2.56886E-1 2.60679E-1 2.59152E-1 2.71401E-1 2.80556E-1 2.80396E-1 2.79817E-1 2.7507E-1 2.67479E-1 2.61024E-1 2.6218E-1 2.63274E-1 2.57542E-1 2.52884E-1 2.49655E-1 2.56415E-1 2.54137E-1 2.49262E-1 2.49413E-1 2.54615E-1 2.5088E-1 2.39285E-1 2.40879E-1 2.3453E-1 2.27063E-1 2.25085E-1
2.45788E-1 2.52279E-1 2.58976E-1 2.6078E-1 2.64866E-1 2.62025E-1 2.60419E-1 2.55153E-1 2.56878E-1 2.63702E-1 2.6213E-1 2.6223E-1 2.54832E-1 2.49598E-1 2.50357E-1 2.49955E-1 2.50226E-1 2.47788E-1 2.4502E-1 2.46395E-1 2.48114E-1 2.42058E-1 2.46538E-1 2.57283E-1 2.63605E-1 2.65971E-1 2.6955E-1 2.72078E-1 2.71478E-1 2.72379E-1 2.68943E-1 2.70845E-1 2.63737E-1 2.59795E-1 2.62435E-1 2.64354E-1 2.61813E-1 2.62579E-1 2.70474E-1 2.80478E-1 2.83317E-1 2.83783E-1 2.76495E-1 2.72345E-1 2.72512E-1 2.74369E-1 2.72526E-1 2.63176E-1 2.58117E-1 2.56364E-1 2.57164E-1 2.53001E-1 2.52775E-1 2.52528E-1 2.53297E-1 2.60612E-1 2.52221E-1 2.43811E-1 2.37465E-1 2.38256E-1 2.42224E-1
2.56298E-1 2.60397E-1 2.62132E-1 2.65779E-1 2.68081E-1 2.66378E-1 2.64481E-1 2.65578E-1 2.64914E-1 2.69269E-1 2.69487E-1 2.72236E-1 2.68436E-1 2.60125E-1 2.63785E-1 2.62985E-1 2.69559E-1 2.59069E-1 2.58979E-1 2.56544E-1 2.52451E-1 2.52354E-1 2.6122E-1 2.72587E-1 2.79115E-1 2.74406E-1 2.76249E-1 2.81671E-1 2.80378E-1 2.80357E-1 2.85472E-1 2.78909E-1 2.7266E-1 2.71703E-1 2.7472E-1 2.66984E-1 2.6153E-1 2.67189E-1 2.7199E-1 2.82932E-1 2.86499E-1 2.81486E-1 2.813E-1 2.82805E-1 2.86437E-1 2.86172E-1 2.7799E-1 2.70385E-1 2.63649E-1 2.57826E-1 2.57952E-1 2.5353E-1 2.52795E-1 2.53233E-1 2.45086E-1 2.52053E-1 2.53987E-1 2.62052E-1 2.55977E-1 2.52423E-1 2.51231E-1
2.59528E-1 2.61223E-1 2.63151E-1 2.67902E-1 2.6911E-1 2.67529E-1 2.72352E-1 2.74776E-1 2.75967E-1 2.83421E-1 2.79779E-1 2.74457E-1 2.8281E-1 2.7751E-1 2.74772E-1 2.75181E-1 2.70428E-1 2.64146E-1 2.66093E-1 2.64551E-1 2.55405E-1 2.58071E-1 2.70978E-1 2.82581E-1 2.9042E-1 2.87311E-1 2.86613E-1 2.88656E-1 2.92246E-1 2.93661E-1 2.92021E-1 2.86127E-1 2.81817E-1 2.79834E-1 2.81712E-1 2.74267E-1 2.72112E-1 2.7383E-1 2.76402E-1 2.87987E-1 2.83606E-1 2.78946E-1 2.85096E-1 2.87853E-1 2.89288E-1 2.84297E-1 2.76095E-1 2.72056E-1 2.72604E-1 2.67967E-1 2.62566E-1 2.57769E-1 2.52597E-1 2.53087E-1 2.47134E-1 2.45431E-1 2.5161E-1 2.50742E-1 2.58177E-1 2.75472E-1 2.82655E-1
2.57906E-1 2.58166E-1 2.65266E-1 2.65243E-1 2.64884E-1 2.66885E-1 2.6907E-1 2.77174E-1 2.7902E-1 2.81496E-1 2.81688E-1 2.80774E-1 2.83577E-1 2.88569E-1 2.85139E-1 2.83808E-1 2.74811E-1 2.68309E-1 2.71457E-1 2.70799E-1 2.65957E-1 2.71034E-1 2.80281E-1 2.89038E-1 2.94535E-1 2.98452E-1 2.98596E-1 2.9933E-1 3.03067E-1 3.03934E-1 2.94945E-1 2.93105E-1 2.92328E-1 2.86085E-1 2.93601E-1 2.84596E-1 2.74541E-1 2.78805E-1 2.83572E-1 2.87652E-1 2.78683E-1 2.79012E-1 2.82971E-1 2.82904E-1 2.80191E-1 2.7036E-1 2.66598E-1 2.69275E-1 2.72055E-1 2.75401E-1 2.72102E-1 2.68695E-1 2.62425E-1 2.57182E-1 2.53251E-1 2.48327E-1 2.48889E-1 2.49462E-1 2.54215E-1 2.77871E-1 2.90304E-1
2.71172E-1 2.67583E-1 2.74677E-1 2.77342E-1 2.70722E-1 2.70469E-1 2.68899E-1 2.7631E-1 2.84334E-1 2.88947E-1 2.815E-1 2.80776E-1 2.85925E-1 2.93677E-1 2.92194E-1 2.88942E-1 2.83481E-1 2.82439E-1 2.83494E-1 2.86832E-1 2.89523E-1 2.91216E-1 2.98813E-1 3.04288E-1 3.02844E-1 3.04736E-1 3.11456E-1 3.12181E-1 3.15964E-1 3.13123E-1 3.03935E-1 3.02743E-1 2.95186E-1 2.90528E-1 2.91606E-1 2.84527E-1 2.89279E-1 2.90033E-1 2.88165E-1 2.88182E-1 2.86014E-1 2.81565E-1 2.79306E-1 2.77133E-1 2.68675E-1 2.68223E-1 2.7275E-1 2.89557E-1 2.89425E-1 2.84939E-1 2.73942E-1 2.71839E-1 2.66692E-1 2.63715E-1 2.62316E-1 2.58189E-1 2.57294E-1 2.61719E-1 2.63033E-1 2.80242E-1 2.99004E-1
2.902E-1 2.79651E-1 2.79293E-1 2.84217E-1 2.85277E-1 2.86052E-1 2.84465E-1 2.91247E-1 2.92818E-1 2.8822E-1 2.91295E-1 2.88871E-1 2.88226E-1 2.90085E-1 2.99481E-1 2.99688E-1 2.94435E-1 2.93299E-1 2.97125E-1 3.02631E-1 3.11335E-1 3.1649E-1 3.25015E-1 3.18795E-1 3.18991E-1 3.17448E-1 3.29276E-1 3.29193E-1 3.23401E-1 3.23054E-1 3.1812E-1 3.06286E-1 2.96355E-1 2.89679E-1 2.87732E-1 2.82708E-1 2.89731E-1 2.93032E-1 2.95587E-1 2.93082E-1 2.88998E-1 2.85981E-1 2.82981E-1 2.72119E-1 2.66372E-1 2.6359E-1 2.76765E-1 2.8582E-1 2.95299E-1 2.93538E-1 2.80536E-1 2.7225E-1 2.73158E-1 2.75632E-1 2.6799E-1 2.65718E-1 2.67656E-1 2.74531E-1 2.82856E-1 2.95763E-1 3.09612E-1
3.02376E-1 2.93995E-1 2.94782E-1 2.96785E-1 2.95631E-1 2.95189E-1 2.94506E-1 2.97463E-1 2.89962E-1 2.88732E-1 2.9169E-1 2.96602E-1 3.00715E-1 3.02535E-1 3.10005E-1 3.11464E-1 3.0219E-1 3.08782E-1 3.18355E-1 3.25452E-1 3.32703E-1 3.33405E-1 3.32937E-1 3.37939E-1 3.30008E-1 3.28929E-1 3.39515E-1 3.37175E-1 3.38847E-1 3.38281E-1 3.23379E-1 3.11053E-1 3.01049E-1 2.87137E-1 2.79838E-1 2.74879E-1 2.84265E-1 2.93424E-1 2.96549E-1 3.03963E-1 3.03173E-1 3.0111E-1 2.94498E-1 2.87623E-1 2.87102E-1 2.83884E-1 2.87093E-1 2.91145E-1 2.93027E-1 2.91733E-1 2.91828E-1 2.79244E-1 2.75934E-1 2.75366E-1 2.84006E-1 2.81898E-1 2.85373E-1 2.76408E-1 2.81449E-1 2.86227E-1 3.03844E-1
3.08446E-1 3.07563E-1 3.06096E-1 3.07998E-1 3.15459E-1 3.11216E-1 3.04151E-1 3.10121E-1 2.9504E-1 2.99276E-1 3.00507E-1 3.05467E-1 3.13941E-1 3.20498E-1 3.19604E-1 3.30299E-1 3.23995E-1 3.21517E-1 3.31517E-1 3.49117E-1 3.55499E-1 3.58172E-1 3.46286E-1 3.50542E-1 3.43693E-1 3.4021E-1 3.45956E-1 3.5745E-1 3.51342E-1 3.40831E-1 3.29731E-1 3.18365E-1 3.06087E-1 2.91189E-1 2.87525E-1 2.91413E-1 3.04705E-1 3.09358E-1 3.18848E-1 3.20775E-1 3.09733E-1 3.12159E-1 3.13422E-1 3.07357E-1 3.07961E-1 2.95686E-1 2.92574E-1 2.92706E-1 2.93783E-1 2.91395E-1 2.89405E-1 2.91975E-1 2.80606E-1 2.86783E-1 2.97401E-1 3.08974E-1 2.84381E-1 2.88839E-1 2.96689E-1 2.90652E-1 2.94659E-1
3.13087E-1 3.2008E-1 3.21341E-1 3.18941E-1 3.21442E-1 3.17791E-1 3.09797E-1 3.26673E-1 3.08923E-1 3.09604E-1 3.16364E-1 3.26326E-1 3.31873E-1 3.40837E-1 3.44518E-1 3.5673E-1 3.53863E-1 3.43641E-1 3.55695E-1 3.66313E-1 3.6874E-1 3.71408E-1 3.61162E-1 3.6972E-1 3.60283E-1 3.57241E-1 3.63211E-1 3.67287E-1 3.70909E-1 3.49587E-1 3.39895E-1 3.30431E-1 3.14253E-1 3.01445E-1 3.07585E-1 3.19983E-1 3.24151E-1 3.25288E-1 3.27059E-1 3.2833E-1 3.28084E-1 3.23642E-1 3.24231E-1 3.18328E-1 3.19266E-1 3.06522E-1 3.00591E-1 3.01776E-1 2.98531E-1 2.99613E-1 2.95553E-1 3.02859E-1 2.99184E-1 3.02879E-1 3.14787E-1 3.11545E-1 3.01356E-1 3.06534E-1 3.14907E-1 3.08418E-1 3.088E-1
3.15754E-1 3.17246E-1 3.22787E-1 3.33379E-1 3.27984E-1 3.24031E-1 3.16081E-1 3.12049E-1 3.09942E-1 3.16979E-1 3.26667E-1 3.41076E-1 3.45705E-1 3.55452E-1 3.63492E-1 3.67823E-1 3.69855E-1 3.66579E-1 3.75189E-1 3.81145E-1 3.80484E-1 3.83623E-1 3.76657E-1 3.93868E-1 3.78092E-1 3.73872E-1 3.82412E-1 3.93877E-1 3.82873E-1 3.62768E-1 3.57796E-1 3.49048E-1 3.35168E-1 3.2228E-1 3.28547E-1 3.39788E-1 3.46034E-1 3.42235E-1 3.46488E-1 3.51641E-1 3.49E-1 3.48953E-1 3.32627E-1 3.3281E-1 3.24446E-1 3.17317E-1 3.11937E-1 3.08532E-1 3.04929E-1 3.06824E-1 3.11458E-1 3.11525E-1 3.15413E-1 3.27066E-1 3.37044E-1 3.25462E-1 3.15564E-1 3.19876E-1 3.31631E-1 3.29849E-1 3.36968E-1
3.2179E-1 3.3227E-1 3.30471E-1 3.39749E-1 3.40082E-1 3.34563E-1 3.36685E-1 3.30199E-1 3.29302E-1 3.35611E-1 3.41668E-1 3.50141E-1 3.55408E-1 3.61527E-1 3.70952E-1 3.79883E-1 3.81601E-1 3.87136E-1 3.87437E-1 3.9471E-1 3.96148E-1 3.91774E-1 3.87639E-1 3.94705E-1 3.89097E-1 3.91026E-1 4.06443E-1 4.04147E-1 3.88566E-1 3.72142E-1 3.65966E-1 3.61976E-1 3.54944E-1 3.64469E-1 3.53213E-1 3.4242E-1 3.3954E-1 3.51056E-1 3.57266E-1 3.68802E-1 3.82153E-1 3.85146E-1 3.56754E-1 3.74514E-1 3.34881E-1 3.30325E-1 3.27753E-1 3.25785E-1 3.23849E-1 3.22588E-1 3.24143E-1 3.23946E-1 3.44866E-1 3.55964E-1 3.47064E-1 3.30355E-1 3.38485E-1 3.38901E-1 3.44874E-1 3.50783E-1 3.64631E-1
3.25183E-1 3.37353E-1 3.44974E-1 3.50069E-1 3.47025E-1 3.40723E-1 3.38453E-1 3.47865E-1 3.46689E-1 3.43113E-1 3.4865E-1 3.59839E-1 3.68083E-1 3.76977E-1 3.80388E-1 3.83846E-1 3.88393E-1 3.90933E-1 4.08819E-1 4.07617E-1 3.95335E-1 3.99508E-1 3.98267E-1 4.00831E-1 3.97571E-1 4.08572E-1 4.16713E-1 4.03997E-1 3.9853E-1 3.91199E-1 3.78948E-1 3.70828E-1 3.80128E-1 3.78485E-1 3.70535E-1 3.68965E-1 3.65281E-1 3.69453E-1 3.70857E-1 3.72843E-1 3.68129E-1 3.66944E-1 3.61657E-1 3.762E-1 3.51171E-1 3.42129E-1 3.4256E-1 3.42612E-1 3.40983E-1 3.43065E-1 3.44428E-1 3.68588E-1 3.76033E-1 3.67625E-1 3.55071E-1 3.56289E-1 3.62806E-1 3.58561E-1 3.59295E-1 3.69121E-1 3.52433E-1
3.39849E-1 3.47823E-1 3.48374E-1 3.56885E-1 3.62855E-1 3.72684E-1 3.55101E-1 3.51887E-1 3.64099E-1 3.62696E-1 3.62636E-1 3.72654E-1 3.78048E-1 3.9504E-1 3.97163E-1 3.99485E-1 4.0106E-1 4.00338E-1 4.08089E-1 4.07945E-1 4.01416E-1 3.97966E-1 3.95762E-1 4.04209E-1 4.1023E-1 4.24616E-1 4.19149E-1 4.15492E-1 4.13605E-1 4.02178E-1 3.9622E-1 3.91412E-1 3.90228E-1 3.86039E-1 3.86388E-1 3.90209E-1 3.89918E-1 3.90668E-1 3.90005E-1 3.78119E-1 3.7574E-1 3.82968E-1 3.91392E-1 3.79188E-1 3.70242E-1 3.54918E-1 3.48414E-1 3.54225E-1 3.55604E-1 3.59335E-1 3.8469E-1 3.88971E-1 3.85265E-1 3.70024E-1 3.77688E-1 3.84067E-1 3.85435E-1 3.79853E-1 3.80548E-1 3.82283E-1 3.78309E-1
