maxent_outputs/red_flowers_linear/red_85.asc
ncols         426
nrows         180
xllcorner     -130.0
yllcorner     24.0
cellsize      0.16666666666666666
NODATA_value  -9999
[rows 27 to 53 of 180, columns 183 to 243 of 426]
2.82218E-2 2.76855E-2 2.68906E-2 2.59157E-2 2.34911E-2 2.36735E-2 2.48973E-2 2.61303E-2 2.51049E-2 2.47575E-2 2.35154E-2 2.30635E-2 2.25096E-2 2.1753E-2 2.14658E-2 2.32845E-2 2.3919E-2 2.26495E-2 2.34445E-2 2.46499E-2 2.61199E-2 2.74069E-2 2.61743E-2 2.51561E-2 2.40985E-2 2.41603E-2 2.61731E-2 2.82668E-2 2.95767E-2 2.90307E-2 2.9667E-2 2.9586E-2 2.99293E-2 3.10987E-2 3.09931E-2 3.06154E-2 2.89295E-2 2.78488E-2 2.70753E-2 2.79339E-2 3.00011E-2 2.78844E-2 2.93507E-2 2.84358E-2 2.45467E-2 2.57285E-2 2.62115E-2 2.52893E-2 2.26841E-2 2.16472E-2 2.10183E-2 2.10722E-2 2.05123E-2 2.18839E-2 2.04628E-2 2.11998E-2 2.10921E-2 1.96624E-2 1.89489E-2 1.84612E-2 1.96292E-2
2.92084E-2 2.88677E-2 2.89007E-2 2.66478E-2 2.47901E-2 2.44749E-2 2.45348E-2 2.64105E-2 2.72625E-2 2.64063E-2 2.47842E-2 2.35017E-2 2.29123E-2 2.26467E-2 2.1975E-2 2.42401E-2 2.43028E-2 2.29107E-2 2.34421E-2 2.39123E-2 2.44971E-2 2.60898E-2 2.62422E-2 2.55839E-2 2.54241E-2 2.53677E-2 2.55309E-2 3.0196E-2 3.12316E-2 3.01014E-2 2.90238E-2 3.0164E-2 3.12738E-2 3.09476E-2 3.09255E-2 3.11296E-2 3.07563E-2 2.80504E-2 2.83257E-2 2.95647E-2 2.74042E-2 2.59345E-2 2.61218E-2 2.63978E-2 2.58001E-2 2.69178E-2 2.88957E-2 2.5788E-2 2.3947E-2 2.33614E-2 2.31841E-2 2.0171E-2 1.95183E-2 1.92824E-2 1.82689E-2 2.03755E-2 1.84498E-2 1.84481E-2 1.77547E-2 1.91197E-2 1.96675E-2
2.92578E-2 2.90822E-2 2.83984E-2 2.54119E-2 2.50149E-2 2.60154E-2 2.62079E-2 2.70203E-2 3.01613E-2 2.76353E-2 2.57219E-2 2.52093E-2 2.45337E-2 2.387E-2 2.26024E-2 2.48954E-2 2.53826E-2 2.51607E-2 2.46718E-2 2.38281E-2 2.43727E-2 2.29838E-2 2.41717E-2 2.37012E-2 2.52687E-2 3.03018E-2 3.15604E-2 3.2122E-2 3.18086E-2 3.05723E-2 3.32088E-2 3.01323E-2 3.03591E-2 2.99331E-2 3.02458E-2 3.07124E-2 3.01717E-2 2.95866E-2 2.891E-2 2.7983E-2 2.82414E-2 2.68399E-2 2.57171E-2 2.7819E-2 2.90315E-2 3.34554E-2 3.21213E-2 2.84264E-2 2.52243E-2 2.65472E-2 2.59321E-2 2.12835E-2 1.98305E-2 1.91228E-2 1.84237E-2 1.75157E-2 2.01104E-2 1.73539E-2 1.69692E-2 1.73279E-2 1.78444E-2
2.59424E-2 3.11779E-2 2.93203E-2 2.71508E-2 2.60584E-2 2.5311E-2 2.45438E-2 2.57586E-2 2.93841E-2 2.90953E-2 2.7334E-2 2.57509E-2 2.49685E-2 2.50016E-2 2.36914E-2 2.3511E-2 2.48472E-2 2.59063E-2 2.52569E-2 2.55483E-2 2.39736E-2 2.33739E-2 2.28495E-2 2.26684E-2 2.31424E-2 2.96986E-2 2.88806E-2 2.85126E-2 3.32993E-2 3.02613E-2 2.91025E-2 2.89574E-2 2.91017E-2 2.91695E-2 2.99732E-2 3.01331E-2 3.00488E-2 3.02013E-2 2.89465E-2 2.94564E-2 2.80514E-2 2.71046E-2 2.7042E-2 2.81933E-2 2.6725E-2 2.87058E-2 2.95916E-2 3.02251E-2 3.20833E-2 2.49485E-2 2.42244E-2 2.36278E-2 2.67245E-2 2.98204E-2 2.63792E-2 2.10964E-2 1.76242E-2 1.70372E-2 1.67199E-2 1.78661E-2 1.76619E-2
2.63624E-2 3.08448E-2 3.05074E-2 2.61897E-2 2.71159E-2 2.84061E-2 2.46501E-2 2.54748E-2 2.63897E-2 2.87911E-2 2.80645E-2 2.59606E-2 2.55725E-2 2.519E-2 2.50719E-2 2.41921E-2 2.49692E-2 2.63955E-2 2.56912E-2 2.54075E-2 2.47408E-2 2.38791E-2 2.31661E-2 2.24927E-2 2.36369E-2 2.53309E-2 2.6903E-2 2.66652E-2 2.70832E-2 2.5429E-2 2.65199E-2 2.70485E-2 2.86465E-2 2.80927E-2 2.82827E-2 2.92368E-2 3.03523E-2 3.28259E-2 3.08202E-2 3.12012E-2 3.02052E-2 2.95267E-2 2.88465E-2 2.81772E-2 2.95487E-2 2.79927E-2 2.80598E-2 2.89233E-2 3.02166E-2 2.92489E-2 3.08686E-2 2.80887E-2 2.74347E-2 3.19585E-2 3.74278E-2 2.82684E-2 1.8416E-2 1.69394E-2 1.70434E-2 2.49475E-2 2.62942E-2
2.85686E-2 3.26427E-2 3.17552E-2 3.14019E-2 3.20468E-2 2.98467E-2 2.62955E-2 2.59415E-2 2.72738E-2 2.95382E-2 2.80545E-2 2.66543E-2 2.68634E-2 2.58291E-2 2.58221E-2 2.48338E-2 2.45598E-2 2.61399E-2 2.67401E-2 2.61299E-2 2.56295E-2 2.65909E-2 2.45758E-2 2.47437E-2 2.64677E-2 2.7034E-2 2.79985E-2 2.8209E-2 2.92146E-2 2.48811E-2 2.62632E-2 2.90072E-2 2.88048E-2 2.84032E-2 2.81677E-2 2.71774E-2 2.82068E-2 3.10373E-2 3.26276E-2 3.2399E-2 3.25862E-2 3.13346E-2 2.95477E-2 2.8448E-2 2.98297E-2 3.28365E-2 3.185E-2 3.18565E-2 3.40588E-2 3.04104E-2 2.79204E-2 2.49986E-2 2.39636E-2 3.03941E-2 3.75238E-2 3.30495E-2 2.48696E-2 2.29649E-2 2.24332E-2 2.43623E-2 2.38174E-2
3.02976E-2 3.16444E-2 3.13262E-2 2.75995E-2 2.90608E-2 2.95175E-2 2.80289E-2 2.79594E-2 2.84729E-2 2.8679E-2 2.79781E-2 2.70938E-2 2.66664E-2 2.53406E-2 2.57494E-2 2.4126E-2 2.42624E-2 2.67213E-2 2.60996E-2 2.62623E-2 2.60588E-2 2.86453E-2 2.53374E-2 2.60184E-2 2.75765E-2 2.6814E-2 2.83642E-2 2.88434E-2 2.80116E-2 2.6793E-2 2.71478E-2 2.90052E-2 2.98979E-2 2.99381E-2 2.96481E-2 2.7094E-2 2.86411E-2 2.96036E-2 3.04036E-2 3.26142E-2 3.21523E-2 3.29234E-2 3.33045E-2 3.28485E-2 3.31605E-2 3.19745E-2 3.20609E-2 3.34121E-2 3.25298E-2 3.27265E-2 3.43858E-2 3.27928E-2 2.9935E-2 3.12176E-2 2.88752E-2 3.08955E-2 2.60539E-2 2.78376E-2 2.85416E-2 2.84929E-2 2.9618E-2
3.19163E-2 3.6298E-2 3.75218E-2 3.4656E-2 3.06521E-2 3.02442E-2 3.03788E-2 3.05904E-2 2.90098E-2 2.75916E-2 2.85064E-2 2.79921E-2 2.77948E-2 2.7096E-2 2.58955E-2 2.42218E-2 2.46598E-2 2.67257E-2 2.77815E-2 2.78318E-2 2.77152E-2 2.98795E-2 2.59254E-2 2.64075E-2 2.68536E-2 2.74824E-2 2.94508E-2 3.0061E-2 2.69144E-2 2.65844E-2 2.61061E-2 2.92901E-2 2.99566E-2 2.96275E-2 2.98167E-2 2.90721E-2 2.92198E-2 2.95455E-2 3.00388E-2 3.05238E-2 3.11249E-2 3.1382E-2 3.30477E-2 3.34408E-2 3.34951E-2 3.46888E-2 3.51762E-2 3.43615E-2 3.33263E-2 3.48849E-2 3.65659E-2 4.08301E-2 3.73018E-2 3.88178E-2 3.18355E-2 3.29729E-2 3.29749E-2 3.41501E-2 3.06137E-2 3.16238E-2 3.36248E-2
3.24444E-2 3.81138E-2 3.97452E-2 3.77182E-2 3.53224E-2 3.31193E-2 3.21741E-2 3.14302E-2 3.0852E-2 2.89341E-2 2.86284E-2 2.94171E-2 2.96047E-2 2.94899E-2 2.82772E-2 2.66361E-2 2.52391E-2 2.70769E-2 2.96923E-2 3.05014E-2 3.01676E-2 2.91363E-2 2.70851E-2 2.78667E-2 2.84169E-2 3.1532E-2 3.59209E-2 3.76084E-2 3.67427E-2 3.37509E-2 3.12651E-2 3.02051E-2 2.98693E-2 2.91596E-2 2.8938E-2 2.88572E-2 2.87291E-2 2.90843E-2 3.01188E-2 3.18277E-2 3.0488E-2 3.01723E-2 2.98319E-2 3.07774E-2 3.138E-2 3.21112E-2 3.38041E-2 3.55541E-2 3.50716E-2 3.6073E-2 3.5854E-2 3.61085E-2 3.50598E-2 3.47104E-2 3.5993E-2 3.95125E-2 3.65075E-2 3.32228E-2 3.472E-2 4.3296E-2 6.39704E-2
3.02095E-2 3.17296E-2 3.23076E-2 3.11984E-2 3.41358E-2 3.1922E-2 3.21455E-2 3.17979E-2 3.16787E-2 3.04506E-2 2.9025E-2 3.01984E-2 3.06346E-2 3.02086E-2 3.10178E-2 2.93649E-2 2.6917E-2 2.74872E-2 2.96043E-2 3.03179E-2 3.07396E-2 2.93769E-2 2.73454E-2 2.78472E-2 2.85161E-2 3.57584E-2 3.84109E-2 3.77097E-2 3.3834E-2 3.07223E-2 3.11407E-2 3.00526E-2 2.96848E-2 2.87271E-2 2.88516E-2 2.88103E-2 2.9114E-2 2.88341E-2 2.87243E-2 2.93291E-2 2.90917E-2 2.89436E-2 3.02566E-2 3.44745E-2 3.02438E-2 3.15838E-2 3.25959E-2 3.35325E-2 3.47845E-2 3.56633E-2 3.4355E-2 3.41496E-2 3.55705E-2 3.58373E-2 3.25604E-2 3.27427E-2 3.79589E-2 4.64581E-2 6.56986E-2 1.00973E-1 1.3579E-1
3.13858E-2 3.16936E-2 3.08879E-2 3.14828E-2 3.27043E-2 2.96809E-2 2.93083E-2 2.9169E-2 2.99628E-2 3.03119E-2 2.96718E-2 3.03599E-2 3.00854E-2 3.09087E-2 3.01444E-2 2.96683E-2 2.83943E-2 2.89927E-2 2.87768E-2 2.98611E-2 2.97681E-2 2.83661E-2 2.76797E-2 2.79393E-2 2.85247E-2 3.10659E-2 3.19965E-2 3.2199E-2 3.18851E-2 3.23276E-2 3.00484E-2 2.98688E-2 3.00399E-2 2.95906E-2 2.95653E-2 2.8743E-2 2.88644E-2 2.87105E-2 2.83059E-2 2.82788E-2 2.81722E-2 2.75724E-2 2.69134E-2 2.66355E-2 2.75847E-2 2.90901E-2 2.94837E-2 3.02071E-2 3.10442E-2 3.228E-2 3.25038E-2 3.17932E-2 3.47248E-2 4.45943E-2 5.43338E-2 7.11704E-2 9.78363E-2 1.25293E-1 1.46995E-1 1.58394E-1 1.59463E-1
3.21106E-2 3.16015E-2 3.15964E-2 3.08748E-2 3.18043E-2 3.26156E-2 3.15182E-2 3.12809E-2 2.98078E-2 3.06756E-2 3.13819E-2 3.10346E-2 2.99535E-2 2.98575E-2 3.07993E-2 2.97798E-2 2.95373E-2 2.89652E-2 2.91787E-2 3.17097E-2 3.37033E-2 2.87266E-2 2.83514E-2 3.00254E-2 3.00672E-2 2.98449E-2 3.1149E-2 3.23794E-2 3.3626E-2 3.31111E-2 3.12933E-2 3.10809E-2 3.32199E-2 3.25562E-2 3.15064E-2 3.29476E-2 3.08811E-2 2.85569E-2 2.86747E-2 2.89266E-2 2.89902E-2 3.03113E-2 2.79502E-2 2.84046E-2 2.98272E-2 2.92793E-2 2.89424E-2 3.01587E-2 3.05286E-2 3.28307E-2 3.72503E-2 4.58811E-2 7.80342E-2 1.17325E-1 1.50652E-1 1.52423E-1 1.55968E-1 1.61572E-1 1.61378E-1 1.67963E-1 1.73435E-1
3.36626E-2 3.45054E-2 3.62626E-2 3.39953E-2 3.37728E-2 3.24904E-2 3.18255E-2 3.31371E-2 3.32461E-2 3.37982E-2 3.34185E-2 3.08873E-2 3.00161E-2 3.05474E-2 3.13847E-2 3.05816E-2 3.00344E-2 3.06479E-2 3.10507E-2 3.01752E-2 2.99663E-2 2.98072E-2 3.06424E-2 3.16204E-2 3.09057E-2 3.1905E-2 3.16237E-2 3.269E-2 3.25151E-2 3.57064E-2 3.33217E-2 3.81957E-2 3.42388E-2 3.00295E-2 3.0094E-2 3.31018E-2 2.94413E-2 2.93756E-2 3.07136E-2 3.11197E-2 2.94428E-2 3.02915E-2 3.04221E-2 2.80307E-2 2.85949E-2 2.91888E-2 3.0254E-2 3.07307E-2 3.31945E-2 4.17458E-2 7.60325E-2 1.34016E-1 1.64973E-1 1.652E-1 1.6322E-1 1.65937E-1 1.67505E-1 1.71579E-1 1.77394E-1 1.81972E-1 1.88635E-1
3.72111E-2 4.0343E-2 3.81075E-2 3.52647E-2 3.5684E-2 3.64777E-2 3.40998E-2 3.41301E-2 3.41472E-2 3.49169E-2 3.38317E-2 3.15537E-2 3.04553E-2 3.04387E-2 3.09149E-2 3.05365E-2 3.06843E-2 3.15154E-2 3.1084E-2 3.17276E-2 3.03974E-2 3.01091E-2 3.32443E-2 3.55813E-2 3.36197E-2 3.3094E-2 3.25027E-2 3.17423E-2 3.27154E-2 3.58517E-2 3.96874E-2 3.67684E-2 3.00287E-2 3.01985E-2 3.02377E-2 3.15818E-2 3.00553E-2 2.91775E-2 2.98709E-2 2.81069E-2 2.85224E-2 2.86697E-2 2.87259E-2 2.90174E-2 3.00435E-2 3.09002E-2 3.22986E-2 3.59922E-2 4.08231E-2 7.90791E-2 1.61474E-1 1.68851E-1 1.56111E-1 1.51951E-1 1.62367E-1 1.7531E-1 1.82762E-1 1.92622E-1 1.92636E-1 1.96515E-1 2.00971E-1
3.43382E-2 3.88915E-2 4.04872E-2 3.68107E-2 3.49686E-2 3.62004E-2 3.6233E-2 3.70182E-2 3.55565E-2 3.62049E-2 3.76176E-2 3.34314E-2 3.34653E-2 3.26227E-2 3.08131E-2 3.09401E-2 3.08731E-2 3.10938E-2 3.21632E-2 3.12941E-2 3.05617E-2 3.07825E-2 3.61473E-2 3.62444E-2 3.40143E-2 3.32369E-2 3.37401E-2 3.37641E-2 3.48794E-2 3.90843E-2 4.43457E-2 4.09427E-2 3.28174E-2 3.13982E-2 3.02841E-2 2.97587E-2 2.90875E-2 2.87938E-2 2.86932E-2 2.94103E-2 3.01586E-2 2.9185E-2 2.9359E-2 3.20293E-2 3.39261E-2 3.47299E-2 3.91604E-2 5.29641E-2 1.11068E-1 1.72927E-1 1.67476E-1 1.35619E-1 1.12391E-1 1.12364E-1 1.09023E-1 1.69794E-1 1.94132E-1 1.98624E-1 1.99337E-1 1.98573E-1 1.95512E-1
3.99038E-2 4.01514E-2 4.18811E-2 4.00264E-2 3.97314E-2 3.75825E-2 3.78285E-2 3.76357E-2 3.77032E-2 3.9233E-2 4.1113E-2 3.8517E-2 3.72592E-2 3.5515E-2 3.40659E-2 3.39599E-2 3.45587E-2 3.3367E-2 3.3533E-2 3.40961E-2 3.2496E-2 3.22867E-2 3.5788E-2 3.67547E-2 3.41464E-2 3.30377E-2 3.3654E-2 3.44966E-2 3.53606E-2 3.67761E-2 3.70738E-2 3.66753E-2 3.43587E-2 3.33054E-2 3.0101E-2 2.91818E-2 2.90026E-2 3.00432E-2 3.02093E-2 3.00142E-2 3.05892E-2 3.0653E-2 3.3267E-2 3.89092E-2 4.23403E-2 4.97531E-2 8.59902E-2 1.49464E-1 1.53849E-1 1.04524E-1 7.92078E-2 6.11649E-2 6.65827E-2 8.30909E-2 1.08444E-1 1.58086E-1 1.76972E-1 1.85298E-1 1.60906E-1 1.41122E-1 1.18766E-1
4.32561E-2 4.52155E-2 4.52539E-2 4.32785E-2 4.23425E-2 4.02782E-2 4.02941E-2 3.8967E-2 3.89398E-2 4.04884E-2 4.12163E-2 4.07027E-2 3.77587E-2 3.67161E-2 3.62764E-2 3.36285E-2 3.37458E-2 3.46327E-2 3.42367E-2 3.6526E-2 3.76701E-2 3.73626E-2 3.57033E-2 3.31902E-2 3.21476E-2 3.26448E-2 3.34925E-2 3.2349E-2 3.38106E-2 3.49405E-2 3.52658E-2 3.72216E-2 3.8715E-2 3.43302E-2 3.14093E-2 2.9802E-2 3.04458E-2 3.53263E-2 3.06555E-2 3.10023E-2 3.26201E-2 3.34185E-2 3.48564E-2 3.8587E-2 4.99411E-2 7.20214E-2 6.91633E-2 5.81342E-2 5.11693E-2 5.0811E-2 5.29865E-2 5.69862E-2 7.26872E-2 1.05625E-1 1.20537E-1 1.368E-1 1.29798E-1 9.70941E-2 7.96969E-2 6.82792E-2 6.43008E-2
4.47536E-2 4.56943E-2 4.58371E-2 4.50673E-2 4.56475E-2 4.18232E-2 4.23369E-2 4.15014E-2 3.97334E-2 3.89172E-2 4.08783E-2 4.08285E-2 3.97001E-2 3.92784E-2 3.70835E-2 3.66606E-2 3.58344E-2 3.6096E-2 3.57827E-2 3.73521E-2 3.72377E-2 4.01299E-2 3.85078E-2 3.57101E-2 3.40958E-2 3.25185E-2 3.33069E-2 3.41106E-2 3.45216E-2 3.54328E-2 3.53965E-2 4.33866E-2 4.26299E-2 3.54186E-2 3.18368E-2 3.12923E-2 3.15959E-2 3.1279E-2 3.11123E-2 3.10379E-2 3.22398E-2 3.44299E-2 3.66887E-2 3.86107E-2 4.22462E-2 4.52246E-2 4.87591E-2 4.90849E-2 5.038E-2 4.64584E-2 4.79163E-2 5.38393E-2 5.88644E-2 7.25418E-2 8.34561E-2 7.82859E-2 7.38483E-2 6.92194E-2 6.43497E-2 6.49537E-2 5.77672E-2
4.46627E-2 4.56099E-2 4.55229E-2 4.56461E-2 4.72333E-2 4.40642E-2 4.18916E-2 4.26834E-2 4.08621E-2 4.02628E-2 3.96267E-2 4.10366E-2 4.04446E-2 4.06126E-2 3.96926E-2 3.91243E-2 3.87282E-2 3.80479E-2 3.6963E-2 3.71963E-2 3.89099E-2 4.09937E-2 4.35214E-2 4.42573E-2 3.63082E-2 3.45608E-2 3.62282E-2 3.62388E-2 3.70689E-2 3.66808E-2 4.09872E-2 4.67578E-2 4.29095E-2 4.21887E-2 4.02718E-2 3.51155E-2 3.27171E-2 3.20091E-2 3.20195E-2 3.1508E-2 3.52706E-2 3.48442E-2 3.72574E-2 3.68942E-2 3.82804E-2 4.20305E-2 4.56551E-2 4.19615E-2 4.59594E-2 5.02623E-2 4.76401E-2 5.01516E-2 5.25675E-2 5.68009E-2 5.67968E-2 5.77039E-2 5.71985E-2 6.14266E-2 6.02143E-2 6.30598E-2 5.95031E-2
4.49589E-2 4.60573E-2 4.82733E-2 4.7903E-2 4.78742E-2 4.79603E-2 4.73597E-2 4.50508E-2 4.21395E-2 4.24288E-2 4.20592E-2 4.31418E-2 4.41762E-2 4.31401E-2 4.1401E-2 3.9523E-2 3.81383E-2 3.91461E-2 3.86528E-2 3.90176E-2 4.1123E-2 4.37918E-2 4.31345E-2 4.26203E-2 3.95313E-2 3.82267E-2 3.85048E-2 3.96854E-2 4.11776E-2 4.41509E-2 4.2994E-2 4.18226E-2 3.87707E-2 3.84619E-2 5.26896E-2 5.6567E-2 3.39702E-2 3.31478E-2 3.365E-2 3.53079E-2 3.51721E-2 3.5563E-2 3.74959E-2 3.79245E-2 4.07545E-2 4.54172E-2 4.13276E-2 4.45028E-2 4.59975E-2 4.70955E-2 5.0044E-2 4.94155E-2 4.88142E-2 4.96483E-2 4.94951E-2 5.10768E-2 5.36778E-2 5.40692E-2 5.63154E-2 5.60341E-2 5.64049E-2
4.72883E-2 4.74751E-2 4.81753E-2 4.83344E-2 5.18544E-2 5.07827E-2 4.74724E-2 4.99082E-2 4.49663E-2 4.46577E-2 4.56706E-2 4.61052E-2 4.70406E-2 4.7573E-2 4.73371E-2 4.56123E-2 4.1702E-2 3.99232E-2 4.05942E-2 4.21127E-2 4.26869E-2 4.28355E-2 4.47312E-2 4.2431E-2 4.19586E-2 4.08626E-2 4.05215E-2 4.20533E-2 4.39905E-2 4.22644E-2 4.32143E-2 4.00474E-2 3.7796E-2 3.78509E-2 3.86684E-2 4.13903E-2 3.57159E-2 3.53083E-2 3.52477E-2 3.65318E-2 3.65316E-2 3.88376E-2 4.24805E-2 4.40807E-2 4.56077E-2 4.83589E-2 4.81876E-2 4.84457E-2 4.87259E-2 4.9117E-2 4.94404E-2 4.72928E-2 4.68287E-2 4.66638E-2 4.7379E-2 5.16933E-2 5.48767E-2 5.1391E-2 5.26717E-2 5.12942E-2 4.9112E-2
4.67181E-2 5.00802E-2 4.88797E-2 5.16814E-2 5.32621E-2 4.89982E-2 4.83314E-2 4.98894E-2 5.07864E-2 4.66199E-2 4.64225E-2 4.68323E-2 4.86978E-2 5.21336E-2 5.04381E-2 4.72884E-2 4.32404E-2 4.41707E-2 4.10856E-2 4.18427E-2 4.24423E-2 4.29431E-2 4.21204E-2 4.39081E-2 4.70206E-2 4.35021E-2 4.59739E-2 4.56491E-2 4.64161E-2 4.38446E-2 4.40618E-2 4.35633E-2 4.09546E-2 3.82756E-2 3.72128E-2 3.75201E-2 3.88696E-2 3.85184E-2 3.77796E-2 3.82527E-2 4.15466E-2 4.25923E-2 4.72137E-2 5.01149E-2 5.16205E-2 4.88527E-2 4.583E-2 4.81619E-2 5.12963E-2 5.53548E-2 5.09509E-2 4.78956E-2 4.75648E-2 4.74566E-2 4.94341E-2 4.76839E-2 4.97652E-2 5.27579E-2 5.01818E-2 5.12184E-2 4.78323E-2
4.99358E-2 5.01374E-2 5.16188E-2 5.28845E-2 5.04591E-2 4.89386E-2 4.97224E-2 5.29826E-2 5.44483E-2 5.20234E-2 4.73039E-2 4.59908E-2 4.74961E-2 4.82809E-2 5.49316E-2 5.3426E-2 5.18318E-2 4.77376E-2 4.29688E-2 4.24097E-2 4.53059E-2 4.43539E-2 4.48123E-2 4.47626E-2 4.66717E-2 4.46466E-2 4.41984E-2 4.76597E-2 4.83812E-2 4.71403E-2 4.59509E-2 4.63795E-2 4.4344E-2 4.29811E-2 4.14345E-2 4.00091E-2 4.08316E-2 4.10415E-2 4.19755E-2 4.12163E-2 4.35409E-2 4.3913E-2 4.64677E-2 4.70004E-2 4.56965E-2 4.58464E-2 4.72252E-2 4.80223E-2 4.93306E-2 4.46624E-2 4.47678E-2 4.52405E-2 4.58623E-2 4.57159E-2 4.81847E-2 4.60334E-2 4.61838E-2 4.76206E-2 4.61481E-2 4.83597E-2 4.6483E-2
5.14638E-2 5.18889E-2 5.34161E-2 5.28195E-2 5.10829E-2 5.0413E-2 5.01001E-2 5.18697E-2 5.01848E-2 5.12829E-2 4.92186E-2 5.0917E-2 4.92053E-2 4.52728E-2 5.09561E-2 5.62593E-2 5.47657E-2 5.08822E-2 4.77897E-2 4.5E-2 4.42424E-2 4.45658E-2 4.52492E-2 4.43358E-2 4.84797E-2 4.50957E-2 4.51335E-2 4.73153E-2 4.8266E-2 4.82469E-2 5.04888E-2 4.86901E-2 4.73403E-2 4.67454E-2 4.57296E-2 4.49237E-2 4.45246E-2 4.50296E-2 4.45877E-2 4.62085E-2 4.63918E-2 4.66176E-2 4.64107E-2 4.69303E-2 4.66758E-2 4.58693E-2 4.49798E-2 4.65147E-2 4.94551E-2 4.51793E-2 4.62701E-2 4.89071E-2 4.67145E-2 4.46726E-2 4.49898E-2 4.46466E-2 4.40093E-2 4.4039E-2 4.65276E-2 4.75799E-2 4.87118E-2
5.66934E-2 5.5365E-2 5.44942E-2 5.41684E-2 5.35893E-2 5.35688E-2 5.26991E-2 5.18118E-2 5.26284E-2 5.32099E-2 5.45544E-2 5.60838E-2 5.84651E-2 4.76219E-2 4.66409E-2 5.41658E-2 5.69205E-2 5.36604E-2 5.3117E-2 4.9013E-2 4.68245E-2 4.43923E-2 4.26577E-2 4.48737E-2 4.64639E-2 4.95396E-2 4.91286E-2 4.86354E-2 4.94275E-2 5.04234E-2 4.9522E-2 4.97839E-2 4.9637E-2 4.95123E-2 5.0698E-2 5.04687E-2 5.11728E-2 4.97575E-2 4.99499E-2 5.21814E-2 4.88543E-2 4.93795E-2 4.75877E-2 4.66844E-2 4.74747E-2 4.61453E-2 4.67888E-2 4.57337E-2 4.57971E-2 4.64125E-2 4.85175E-2 4.68394E-2 4.69661E-2 4.6679E-2 4.64677E-2 4.67375E-2 4.73241E-2 4.64261E-2 4.9988E-2 4.83494E-2 4.71639E-2
5.80783E-2 5.93275E-2 5.85879E-2 5.73638E-2 5.68458E-2 5.39058E-2 5.20026E-2 5.14493E-2 5.26956E-2 5.45926E-2 5.67825E-2 5.77916E-2 5.68815E-2 5.11626E-2 4.5914E-2 5.33485E-2 5.56348E-2 5.48213E-2 5.6677E-2 5.34937E-2 5.38235E-2 4.81641E-2 4.54435E-2 4.50573E-2 4.50577E-2 4.8101E-2 5.43269E-2 5.46281E-2 5.17671E-2 4.98019E-2 4.9219E-2 5.07063E-2 5.13702E-2 5.18088E-2 5.1724E-2 5.33751E-2 5.54391E-2 5.55945E-2 5.73258E-2 5.5538E-2 5.34702E-2 4.94011E-2 4.80591E-2 4.67839E-2 4.69425E-2 4.72993E-2 4.75941E-2 4.73466E-2 5.01096E-2 4.98969E-2 5.11038E-2 4.93293E-2 4.97977E-2 5.1629E-2 5.07592E-2 4.76744E-2 4.98561E-2 5.13418E-2 5.09571E-2 4.75503E-2 4.53862E-2
5.99197E-2 6.06336E-2 6.1501E-2 6.06475E-2 5.87012E-2 5.6147E-2 5.44351E-2 5.29657E-2 5.34819E-2 5.47853E-2 5.74336E-2 5.63404E-2 5.61775E-2 5.16619E-2 4.75576E-2 5.13484E-2 5.6403E-2 5.71543E-2 5.66962E-2 5.3628E-2 5.13969E-2 5.37001E-2 4.9453E-2 4.68973E-2 4.79592E-2 4.86489E-2 5.12687E-2 5.30964E-2 5.14324E-2 5.19E-2 5.29428E-2 5.24879E-2 5.04671E-2 5.18647E-2 5.24188E-2 5.3694E-2 5.88969E-2 6.17356E-2 6.21474E-2 5.81712E-2 5.85165E-2 5.04168E-2 4.69963E-2 4.70843E-2 4.91742E-2 4.98823E-2 5.13641E-2 4.99521E-2 5.00627E-2 4.99427E-2 4.93195E-2 4.99943E-2 4.77399E-2 4.8596E-2 4.79715E-2 4.72225E-2 4.89329E-2 4.91508E-2 4.89009E-2 5.1349E-2 4.72895E-2
