maxent_outputs/red_flowers_linear/red_77.asc
ncols         426
nrows         180
xllcorner     -130.0
yllcorner     24.0
cellsize      0.16666666666666666
NODATA_value  -9999
[rows 27 to 53 of 180, columns 61 to 121 of 426]
8.23328E-2 9.85086E-2 9.59975E-2 9.29453E-2 6.91447E-2 7.35253E-2 1.02805E-1 9.05284E-2 8.16192E-2 1.13104E-1 1.21164E-1 1.2145E-1 1.12473E-1 1.09881E-1 1.18893E-1 9.72826E-2 1.06866E-1 9.42396E-2 1.20336E-1 1.03102E-1 7.48002E-2 8.38967E-2 8.17854E-2 5.64598E-2 6.14887E-2 5.7937E-2 5.10834E-2 5.19788E-2 5.31183E-2 6.04458E-2 5.73035E-2 6.36265E-2 7.51135E-2 9.24932E-2 9.41477E-2 8.20989E-2 7.13538E-2 6.92219E-2 6.9715E-2 6.91082E-2 6.91287E-2 6.93694E-2 7.09459E-2 7.39229E-2 7.17206E-2 7.09861E-2 6.67084E-2 6.1758E-2 5.71902E-2 5.48265E-2 5.27956E-2 5.11964E-2 4.96225E-2 4.87489E-2 4.46811E-2 4.20033E-2 3.88605E-2 3.67386E-2 3.79197E-2 3.84604E-2 3.57804E-2
8.45985E-2 8.81259E-2 8.92804E-2 1.0743E-1 8.59458E-2 7.5073E-2 8.44351E-2 9.67251E-2 9.35315E-2 1.15098E-1 1.07041E-1 1.0972E-1 1.20017E-1 1.08135E-1 9.73747E-2 9.26824E-2 1.06866E-1 1.04342E-1 1.10978E-1 9.0342E-2 7.70609E-2 7.24026E-2 7.05214E-2 5.76556E-2 6.75619E-2 5.77951E-2 6.37921E-2 5.26215E-2 6.16781E-2 5.90692E-2 6.56012E-2 5.39861E-2 6.69489E-2 8.70882E-2 1.01908E-1 8.81276E-2 8.27868E-2 8.01835E-2 7.45858E-2 7.36634E-2 7.57058E-2 7.68441E-2 7.86578E-2 7.94984E-2 7.63272E-2 7.29942E-2 7.0405E-2 6.27628E-2 5.7805E-2 5.55902E-2 5.30819E-2 5.22953E-2 5.0117E-2 4.90984E-2 4.71591E-2 4.26636E-2 3.50145E-2 3.29852E-2 3.41793E-2 3.01105E-2 2.82122E-2
1.08351E-1 9.23542E-2 9.51587E-2 8.15576E-2 6.3614E-2 6.95719E-2 7.8046E-2 8.65645E-2 8.72316E-2 1.08575E-1 1.15996E-1 1.14219E-1 1.05091E-1 1.05178E-1 1.12057E-1 1.0272E-1 1.14933E-1 9.47853E-2 8.87359E-2 9.96245E-2 8.82065E-2 6.77612E-2 6.56365E-2 6.34484E-2 6.50585E-2 6.72797E-2 6.97001E-2 6.98744E-2 7.27315E-2 6.86867E-2 6.69374E-2 5.60719E-2 5.51062E-2 6.31599E-2 7.96779E-2 9.29462E-2 9.3788E-2 9.19862E-2 8.19364E-2 7.60378E-2 7.91338E-2 7.94283E-2 7.69334E-2 7.53689E-2 7.23784E-2 7.16418E-2 7.16546E-2 6.41005E-2 6.39594E-2 6.83226E-2 6.91909E-2 6.5054E-2 6.11899E-2 5.46652E-2 4.63318E-2 4.50905E-2 4.70051E-2 3.61912E-2 2.8644E-2 2.73535E-2 2.65773E-2
1.10264E-1 9.17414E-2 9.85152E-2 6.51082E-2 5.603E-2 7.60706E-2 8.28563E-2 7.85891E-2 1.00362E-1 1.01314E-1 1.02759E-1 9.95556E-2 1.01724E-1 1.05894E-1 1.19284E-1 1.15787E-1 1.1698E-1 9.57245E-2 8.75851E-2 1.12429E-1 1.04041E-1 9.03918E-2 8.4358E-2 8.58148E-2 6.79499E-2 6.14135E-2 7.27717E-2 7.73632E-2 7.55893E-2 7.9467E-2 6.69614E-2 6.72666E-2 5.5228E-2 6.14819E-2 6.53914E-2 7.37237E-2 9.46454E-2 1.08797E-1 9.04679E-2 8.58803E-2 8.12809E-2 7.88763E-2 7.89805E-2 8.10297E-2 7.6384E-2 6.98521E-2 7.02129E-2 7.43823E-2 6.55861E-2 7.0966E-2 7.1145E-2 6.75944E-2 7.70169E-2 6.9153E-2 5.55487E-2 4.71453E-2 4.73015E-2 4.43497E-2 3.97509E-2 3.72712E-2 3.62726E-2
1.07053E-1 8.78914E-2 9.58285E-2 7.6959E-2 8.92858E-2 8.17014E-2 8.22213E-2 7.44598E-2 1.20302E-1 1.04705E-1 9.77448E-2 9.91391E-2 1.02873E-1 1.08338E-1 1.0361E-1 1.26223E-1 1.16537E-1 1.10741E-1 1.07626E-1 1.08067E-1 1.13109E-1 1.08544E-1 9.30366E-2 9.11603E-2 8.04658E-2 6.96245E-2 7.5819E-2 8.3776E-2 7.23547E-2 6.53206E-2 7.09711E-2 6.85789E-2 6.34908E-2 5.67494E-2 5.90159E-2 5.71269E-2 6.22584E-2 1.01142E-1 9.95234E-2 9.37867E-2 8.45739E-2 8.39659E-2 8.43499E-2 8.48096E-2 8.30304E-2 7.82011E-2 8.01716E-2 8.03995E-2 6.73262E-2 6.55623E-2 6.40946E-2 5.84621E-2 5.97061E-2 5.79749E-2 5.29422E-2 4.81836E-2 4.58912E-2 4.51059E-2 4.57516E-2 4.45687E-2 4.40626E-2
8.95544E-2 8.54369E-2 8.86564E-2 8.38235E-2 8.57395E-2 9.08016E-2 7.92133E-2 9.54952E-2 1.2158E-1 1.08039E-1 1.08625E-1 9.70294E-2 9.84543E-2 1.05542E-1 1.08447E-1 1.03738E-1 1.17075E-1 1.20671E-1 1.26566E-1 1.03097E-1 1.14308E-1 1.02056E-1 1.05282E-1 1.06725E-1 8.5692E-2 8.53394E-2 7.89592E-2 9.49966E-2 7.16809E-2 6.52201E-2 7.48223E-2 6.7292E-2 7.05294E-2 5.91441E-2 6.68854E-2 8.34011E-2 7.64527E-2 7.14403E-2 9.32997E-2 9.65835E-2 8.17109E-2 8.94651E-2 9.67336E-2 9.70267E-2 1.02139E-1 1.06587E-1 1.02829E-1 8.27279E-2 7.43837E-2 6.71811E-2 6.40919E-2 6.17756E-2 5.66708E-2 5.52013E-2 4.94042E-2 4.78843E-2 4.64149E-2 4.64067E-2 4.4956E-2 4.5149E-2 4.60589E-2
9.8802E-2 9.78587E-2 9.79363E-2 9.2222E-2 9.97602E-2 1.03056E-1 8.78639E-2 9.75344E-2 1.10716E-1 1.06331E-1 1.00738E-1 9.80749E-2 9.82257E-2 1.12335E-1 1.08558E-1 1.04657E-1 1.22422E-1 1.1185E-1 1.20655E-1 1.19832E-1 1.20743E-1 1.10996E-1 1.06194E-1 1.12016E-1 1.05101E-1 9.0941E-2 9.08917E-2 8.87941E-2 7.44959E-2 7.16393E-2 6.17248E-2 7.54548E-2 7.43721E-2 7.10785E-2 7.24961E-2 7.64193E-2 6.5867E-2 6.64266E-2 7.40368E-2 9.51164E-2 9.2517E-2 9.79966E-2 1.02628E-1 1.03699E-1 9.65792E-2 9.31843E-2 9.44856E-2 8.35782E-2 7.95033E-2 7.30618E-2 6.21246E-2 5.58857E-2 5.59726E-2 5.89348E-2 5.58818E-2 5.087E-2 4.98403E-2 4.7348E-2 4.72909E-2 5.12648E-2 5.74946E-2
9.68395E-2 9.73776E-2 9.72446E-2 9.75517E-2 9.94631E-2 8.864E-2 9.41926E-2 1.00501E-1 1.05287E-1 9.94712E-2 9.94885E-2 1.00804E-1 9.59451E-2 1.15147E-1 1.12625E-1 1.01844E-1 1.14763E-1 1.16257E-1 1.18692E-1 1.32011E-1 1.39833E-1 1.34849E-1 1.09814E-1 1.16647E-1 1.14242E-1 9.14935E-2 9.27819E-2 8.77086E-2 8.41297E-2 7.36784E-2 6.12104E-2 7.89466E-2 7.33432E-2 6.89259E-2 7.9887E-2 7.36606E-2 6.88424E-2 7.16649E-2 6.94969E-2 8.84476E-2 1.08705E-1 1.11561E-1 1.05502E-1 1.09577E-1 9.68793E-2 9.17347E-2 9.14549E-2 8.21656E-2 7.92371E-2 7.07237E-2 6.56848E-2 6.02967E-2 5.84054E-2 5.70326E-2 5.88713E-2 5.85893E-2 5.54328E-2 5.25667E-2 4.81137E-2 5.92992E-2 7.47325E-2
8.5517E-2 9.26193E-2 8.75882E-2 9.03313E-2 9.02001E-2 9.27749E-2 9.79338E-2 9.91671E-2 1.01788E-1 1.05968E-1 1.0364E-1 1.00186E-1 9.67928E-2 9.99853E-2 1.02183E-1 1.05395E-1 1.12918E-1 1.20715E-1 1.22645E-1 1.31932E-1 1.65434E-1 1.56477E-1 1.1883E-1 1.17436E-1 1.15908E-1 1.04133E-1 9.59155E-2 9.25731E-2 9.08967E-2 8.07212E-2 8.13236E-2 8.7475E-2 9.23028E-2 8.802E-2 9.43333E-2 8.68862E-2 6.02492E-2 6.65567E-2 6.2449E-2 6.69274E-2 7.95727E-2 9.63772E-2 1.14926E-1 1.11497E-1 1.02668E-1 9.28435E-2 9.1719E-2 8.75575E-2 8.20713E-2 7.92276E-2 7.52593E-2 7.74774E-2 7.64207E-2 7.47385E-2 7.78451E-2 7.72219E-2 6.72992E-2 6.0512E-2 5.6127E-2 5.85951E-2 7.08492E-2
7.43784E-2 7.72108E-2 7.71293E-2 7.90291E-2 1.0487E-1 9.19059E-2 1.03697E-1 1.01708E-1 1.07546E-1 1.04375E-1 1.03678E-1 1.02954E-1 1.13035E-1 1.04415E-1 1.03302E-1 1.11984E-1 1.36109E-1 1.24252E-1 1.16896E-1 1.36762E-1 1.45963E-1 1.28032E-1 1.2547E-1 1.32124E-1 1.11718E-1 1.11465E-1 1.11534E-1 9.94933E-2 8.92891E-2 8.85562E-2 8.71505E-2 8.41329E-2 9.98559E-2 1.00836E-1 1.37872E-1 1.09602E-1 7.90268E-2 6.58629E-2 7.00703E-2 6.46586E-2 8.29575E-2 8.91204E-2 1.18868E-1 1.08306E-1 1.09615E-1 1.07355E-1 1.05392E-1 1.13639E-1 1.09483E-1 1.05295E-1 9.82957E-2 1.00562E-1 9.19566E-2 8.38595E-2 8.52221E-2 8.66871E-2 7.68659E-2 7.22888E-2 7.39932E-2 6.83457E-2 6.46067E-2
7.70249E-2 7.94028E-2 7.96473E-2 8.71034E-2 8.73498E-2 8.58741E-2 8.24744E-2 8.02801E-2 8.88921E-2 9.19681E-2 9.43022E-2 9.57329E-2 1.00118E-1 1.1363E-1 1.2879E-1 1.18812E-1 1.25182E-1 1.27227E-1 1.34681E-1 1.46434E-1 1.37822E-1 1.36513E-1 1.33067E-1 1.26243E-1 1.35273E-1 1.12386E-1 1.09972E-1 1.23876E-1 9.61625E-2 8.94601E-2 8.96892E-2 8.60887E-2 9.26643E-2 9.69746E-2 1.20278E-1 1.10882E-1 8.66452E-2 7.36301E-2 6.87483E-2 7.2002E-2 9.79509E-2 9.12721E-2 1.20582E-1 1.07106E-1 1.10734E-1 1.19794E-1 1.1112E-1 1.09032E-1 1.13117E-1 1.0576E-1 9.7771E-2 9.89857E-2 9.96586E-2 9.55529E-2 9.41938E-2 9.40694E-2 9.26112E-2 9.06494E-2 8.77479E-2 8.39312E-2 7.52878E-2
8.59075E-2 8.82614E-2 1.00028E-1 1.06355E-1 8.95408E-2 9.20588E-2 8.85871E-2 8.90851E-2 8.90247E-2 8.90409E-2 8.87239E-2 9.22107E-2 1.02376E-1 1.12175E-1 1.29901E-1 1.29805E-1 1.33479E-1 1.3805E-1 1.56139E-1 1.53127E-1 1.39237E-1 1.35681E-1 1.43226E-1 1.35845E-1 1.44522E-1 1.3353E-1 1.09638E-1 1.17432E-1 1.10662E-1 9.38894E-2 1.01819E-1 9.24622E-2 8.92973E-2 8.81735E-2 8.95821E-2 9.88603E-2 7.93372E-2 8.39901E-2 7.23038E-2 6.08323E-2 9.56943E-2 1.05713E-1 1.17635E-1 1.04376E-1 1.10943E-1 1.1058E-1 1.07879E-1 1.04191E-1 9.8045E-2 1.0949E-1 1.10041E-1 1.05662E-1 9.84693E-2 1.01004E-1 9.97254E-2 9.68523E-2 9.43358E-2 9.69422E-2 9.35527E-2 8.84237E-2 8.39249E-2
1.01192E-1 9.45898E-2 1.2586E-1 1.07213E-1 1.17019E-1 1.0828E-1 1.0758E-1 9.99936E-2 9.5733E-2 9.34351E-2 9.88183E-2 1.02153E-1 1.16494E-1 1.23974E-1 1.17601E-1 1.15783E-1 1.14706E-1 1.22031E-1 1.37339E-1 1.42623E-1 1.5817E-1 1.48891E-1 1.48021E-1 1.31437E-1 1.21944E-1 1.24014E-1 1.08983E-1 1.09493E-1 1.12837E-1 1.06209E-1 1.11577E-1 9.83559E-2 9.35887E-2 8.89658E-2 8.63791E-2 1.08621E-1 7.87907E-2 8.9317E-2 9.04119E-2 7.68162E-2 8.58495E-2 1.0445E-1 1.1237E-1 1.0498E-1 1.05822E-1 1.05651E-1 1.03709E-1 9.6369E-2 9.97546E-2 1.01052E-1 9.98589E-2 9.90427E-2 1.00064E-1 1.05997E-1 1.06228E-1 1.06049E-1 1.0324E-1 9.54327E-2 9.56347E-2 9.67921E-2 9.26615E-2
1.03479E-1 1.13486E-1 1.13243E-1 1.07026E-1 1.03086E-1 9.73525E-2 1.01889E-1 1.00789E-1 1.01505E-1 1.06502E-1 1.13671E-1 1.21887E-1 1.24421E-1 1.31482E-1 1.27062E-1 1.21014E-1 1.29803E-1 1.3136E-1 1.37271E-1 1.32416E-1 1.33222E-1 1.30999E-1 1.33109E-1 1.29627E-1 1.20613E-1 1.21892E-1 1.28297E-1 1.24411E-1 1.04168E-1 1.0414E-1 1.16213E-1 1.00894E-1 1.07492E-1 9.68485E-2 9.518E-2 1.13748E-1 9.41133E-2 6.89063E-2 8.92655E-2 8.36751E-2 8.50373E-2 7.82378E-2 9.60189E-2 1.13817E-1 1.07028E-1 1.05791E-1 1.10662E-1 1.11047E-1 9.79164E-2 9.79748E-2 1.0419E-1 1.07304E-1 1.06961E-1 1.11345E-1 1.12912E-1 1.0841E-1 1.0611E-1 1.025E-1 9.74454E-2 9.88675E-2 9.67606E-2
1.05031E-1 1.08138E-1 1.24691E-1 1.19013E-1 1.08515E-1 1.07504E-1 1.0792E-1 1.07897E-1 1.09503E-1 1.1902E-1 1.25174E-1 1.29476E-1 1.3317E-1 1.39511E-1 1.36321E-1 1.27502E-1 1.31773E-1 1.48356E-1 1.49179E-1 1.45357E-1 1.38759E-1 1.39388E-1 1.4458E-1 1.34514E-1 1.1981E-1 1.21121E-1 1.19439E-1 1.17845E-1 1.2216E-1 1.15687E-1 9.39272E-2 1.01622E-1 9.44492E-2 9.38623E-2 9.60663E-2 1.13349E-1 9.28491E-2 6.64368E-2 6.36439E-2 5.52986E-2 5.88079E-2 6.26447E-2 9.83915E-2 9.99059E-2 9.67496E-2 1.05026E-1 1.07655E-1 1.11237E-1 1.11866E-1 1.11654E-1 1.02112E-1 1.11781E-1 1.10012E-1 1.09623E-1 1.06804E-1 1.12357E-1 1.1505E-1 1.10921E-1 1.04701E-1 1.02179E-1 1.01795E-1
1.27017E-1 1.28622E-1 1.32995E-1 1.44897E-1 1.16552E-1 1.10546E-1 1.12638E-1 1.19078E-1 1.19957E-1 1.28097E-1 1.33457E-1 1.37475E-1 1.35206E-1 1.38417E-1 1.42707E-1 1.34816E-1 1.31689E-1 1.40812E-1 1.44671E-1 1.47979E-1 1.3608E-1 1.47654E-1 1.41529E-1 1.34521E-1 1.36115E-1 1.36226E-1 1.15705E-1 1.18146E-1 9.35296E-2 1.14499E-1 1.0137E-1 1.05561E-1 1.0493E-1 9.37485E-2 8.63981E-2 9.52351E-2 8.71976E-2 7.12952E-2 7.02079E-2 8.57508E-2 5.22229E-2 5.66614E-2 9.07961E-2 9.71997E-2 1.04386E-1 9.49955E-2 9.0341E-2 8.73615E-2 9.96957E-2 1.06445E-1 9.04837E-2 9.10491E-2 9.85168E-2 1.16865E-1 1.09542E-1 1.26048E-1 1.16118E-1 1.12854E-1 1.05718E-1 1.02673E-1 1.01655E-1
1.58229E-1 1.68208E-1 1.56038E-1 1.35775E-1 1.30993E-1 1.22655E-1 1.29051E-1 1.27855E-1 1.35064E-1 1.50223E-1 1.50541E-1 1.47746E-1 1.50275E-1 1.55795E-1 1.63406E-1 1.38357E-1 1.31388E-1 1.37366E-1 1.2651E-1 1.21321E-1 1.40959E-1 1.39243E-1 1.47955E-1 1.30686E-1 1.14949E-1 1.11175E-1 1.20077E-1 1.08055E-1 8.33636E-2 8.43909E-2 1.09051E-1 9.54E-2 9.84587E-2 1.13437E-1 9.42416E-2 9.78756E-2 8.50681E-2 8.57755E-2 8.28268E-2 8.48012E-2 7.89577E-2 9.56338E-2 7.93658E-2 9.25866E-2 9.98297E-2 8.87824E-2 8.46324E-2 7.94634E-2 8.38408E-2 1.00065E-1 9.64403E-2 8.3504E-2 8.50133E-2 9.88068E-2 1.12051E-1 1.2216E-1 1.08958E-1 1.15611E-1 1.17018E-1 1.09802E-1 9.59454E-2
1.73192E-1 1.73949E-1 1.70234E-1 1.49012E-1 1.43847E-1 1.43383E-1 1.40595E-1 1.53969E-1 1.70986E-1 1.94534E-1 1.91439E-1 1.8642E-1 1.88161E-1 1.69158E-1 1.51196E-1 1.53777E-1 1.33839E-1 1.27602E-1 1.40009E-1 1.48472E-1 1.42768E-1 1.75254E-1 1.47794E-1 1.26208E-1 1.10668E-1 1.07377E-1 1.03301E-1 1.07048E-1 1.02063E-1 1.06166E-1 9.04612E-2 7.25544E-2 9.6919E-2 1.24629E-1 9.29674E-2 9.3054E-2 1.04079E-1 1.08954E-1 1.00831E-1 7.16578E-2 7.42628E-2 7.07308E-2 8.16931E-2 7.0761E-2 8.16606E-2 9.08101E-2 8.16767E-2 7.82063E-2 7.2933E-2 7.41687E-2 9.77905E-2 1.01661E-1 8.2493E-2 8.6929E-2 1.06172E-1 1.03239E-1 9.88931E-2 1.0229E-1 1.03089E-1 1.03556E-1 1.01548E-1
1.39044E-1 1.62887E-1 1.80608E-1 1.72804E-1 1.56976E-1 1.55653E-1 1.59484E-1 1.70818E-1 1.53157E-1 1.56367E-1 1.76042E-1 1.75225E-1 1.68316E-1 1.47714E-1 1.3625E-1 1.80234E-1 1.78712E-1 1.72688E-1 1.72868E-1 1.49941E-1 1.46281E-1 1.52188E-1 1.42214E-1 1.10199E-1 1.17922E-1 1.38559E-1 1.22865E-1 1.09174E-1 1.10393E-1 1.08958E-1 1.1755E-1 1.02618E-1 1.09319E-1 1.07244E-1 8.80031E-2 1.08346E-1 1.11108E-1 1.07299E-1 9.2863E-2 9.67884E-2 1.47217E-1 1.09205E-1 7.18961E-2 9.57232E-2 1.30433E-1 1.35797E-1 8.83356E-2 9.75908E-2 1.17274E-1 7.28195E-2 7.36643E-2 1.09611E-1 1.04056E-1 8.45602E-2 1.15923E-1 9.8895E-2 9.6586E-2 1.03871E-1 1.05794E-1 1.00194E-1 1.02616E-1
1.5388E-1 1.60426E-1 1.72805E-1 1.86245E-1 1.81557E-1 1.73823E-1 1.60712E-1 1.64362E-1 1.6484E-1 1.71129E-1 1.86595E-1 1.80868E-1 1.62471E-1 1.59064E-1 1.53332E-1 1.51587E-1 1.54565E-1 1.69448E-1 1.5025E-1 1.44801E-1 1.43487E-1 1.45611E-1 1.46852E-1 1.30505E-1 1.37261E-1 1.32998E-1 1.22622E-1 1.21474E-1 1.06391E-1 1.053E-1 1.06659E-1 8.81364E-2 1.05995E-1 1.05168E-1 8.98473E-2 1.1764E-1 1.29928E-1 9.72454E-2 7.66533E-2 1.05495E-1 1.52571E-1 1.03405E-1 8.90654E-2 1.22534E-1 1.24567E-1 1.19255E-1 9.73524E-2 1.27231E-1 1.06031E-1 8.95693E-2 8.83358E-2 9.88643E-2 1.07974E-1 9.65377E-2 9.30741E-2 1.15456E-1 1.25652E-1 1.29216E-1 1.12617E-1 1.05065E-1 1.05118E-1
1.71561E-1 1.50987E-1 1.39179E-1 1.45035E-1 1.589E-1 1.90516E-1 1.9164E-1 1.95149E-1 1.83722E-1 2.02397E-1 2.03649E-1 1.61837E-1 1.47089E-1 1.53583E-1 1.51446E-1 1.58211E-1 1.58584E-1 1.91448E-1 1.4436E-1 1.42625E-1 1.52135E-1 1.4885E-1 1.48476E-1 1.49462E-1 1.56417E-1 1.50807E-1 1.4084E-1 1.18404E-1 1.11776E-1 1.05463E-1 8.93843E-2 8.94255E-2 1.00295E-1 1.06935E-1 9.43969E-2 9.28352E-2 1.29291E-1 1.27147E-1 1.32774E-1 1.54564E-1 1.2046E-1 9.28288E-2 9.73352E-2 1.05654E-1 1.1628E-1 1.38052E-1 1.11832E-1 1.00359E-1 1.02167E-1 9.55112E-2 9.2052E-2 9.06361E-2 9.9007E-2 1.20314E-1 9.71199E-2 9.64515E-2 1.31813E-1 1.39223E-1 1.13308E-1 1.01076E-1 1.04115E-1
1.79358E-1 1.84716E-1 1.80446E-1 1.79917E-1 1.79268E-1 1.72694E-1 1.63461E-1 1.85002E-1 1.9969E-1 2.07966E-1 1.75643E-1 1.52329E-1 1.358E-1 1.47108E-1 1.36028E-1 1.39047E-1 1.606E-1 1.6842E-1 1.96826E-1 1.4907E-1 1.50332E-1 1.43522E-1 1.50173E-1 1.43018E-1 1.65031E-1 1.25034E-1 1.2321E-1 1.33665E-1 1.25307E-1 1.00638E-1 9.95365E-2 1.00963E-1 1.08516E-1 1.14954E-1 9.44616E-2 7.83156E-2 1.04291E-1 1.25696E-1 1.22775E-1 7.59837E-2 6.18478E-2 1.13568E-1 1.10283E-1 9.51492E-2 1.13028E-1 9.86312E-2 1.08039E-1 1.00273E-1 1.01665E-1 9.49982E-2 9.10467E-2 9.17683E-2 1.01579E-1 1.20747E-1 9.91939E-2 8.62825E-2 1.13138E-1 1.23493E-1 1.13032E-1 1.16389E-1 1.15924E-1
2.01833E-1 1.95769E-1 1.85434E-1 1.90618E-1 1.94826E-1 1.82518E-1 1.69326E-1 1.69592E-1 1.63428E-1 1.72479E-1 1.49774E-1 1.24807E-1 1.2956E-1 1.23727E-1 1.42211E-1 1.39341E-1 1.2113E-1 1.44417E-1 1.88839E-1 1.7528E-1 1.66803E-1 1.7076E-1 1.5346E-1 1.52422E-1 1.57156E-1 1.28031E-1 9.9014E-2 1.02959E-1 1.01179E-1 9.64397E-2 9.89164E-2 1.08024E-1 1.01121E-1 9.6163E-2 9.93101E-2 8.19506E-2 9.20555E-2 5.5549E-2 4.52256E-2 8.76218E-2 1.22213E-1 1.05086E-1 1.07918E-1 1.18191E-1 1.3094E-1 9.33364E-2 1.06649E-1 9.83227E-2 9.7298E-2 1.03152E-1 1.00257E-1 9.32741E-2 8.98603E-2 1.2496E-1 1.24937E-1 1.04631E-1 1.12609E-1 1.14805E-1 1.14364E-1 1.14462E-1 1.16965E-1
1.84768E-1 1.79124E-1 1.87745E-1 1.83649E-1 1.79283E-1 1.7862E-1 1.83209E-1 1.70838E-1 1.65586E-1 1.73769E-1 1.32776E-1 1.24519E-1 1.1722E-1 1.16183E-1 1.11623E-1 1.20413E-1 1.16702E-1 1.44333E-1 1.70598E-1 1.80608E-1 1.71439E-1 1.75532E-1 1.57431E-1 1.52448E-1 1.40111E-1 1.20456E-1 1.07297E-1 9.93264E-2 9.83305E-2 9.85514E-2 9.69573E-2 9.54963E-2 1.03005E-1 9.72469E-2 9.06079E-2 7.76772E-2 8.92093E-2 4.91184E-2 5.16241E-2 1.22828E-1 1.15592E-1 1.36676E-1 1.12424E-1 1.17199E-1 1.06539E-1 1.01783E-1 1.43323E-1 1.35169E-1 9.76209E-2 1.08947E-1 1.09286E-1 1.03043E-1 1.1546E-1 1.22481E-1 1.14854E-1 1.07419E-1 1.21981E-1 1.22864E-1 1.28503E-1 1.38932E-1 1.31036E-1
1.6971E-1 1.68189E-1 1.70386E-1 1.68654E-1 1.67299E-1 1.70281E-1 1.80292E-1 1.5918E-1 1.64087E-1 1.50911E-1 1.369E-1 1.28848E-1 1.45589E-1 1.54823E-1 1.54069E-1 1.1972E-1 1.2932E-1 1.55206E-1 1.74269E-1 1.6858E-1 1.51672E-1 1.65944E-1 1.46292E-1 1.29277E-1 1.25686E-1 1.1985E-1 1.10595E-1 9.71006E-2 9.08648E-2 9.37919E-2 9.62218E-2 8.80542E-2 8.33925E-2 8.88846E-2 7.85266E-2 6.93728E-2 1.16068E-1 8.35524E-2 6.05123E-2 1.00546E-1 1.06676E-1 1.35523E-1 1.13111E-1 1.06948E-1 9.76897E-2 1.01651E-1 1.12098E-1 1.18734E-1 1.01343E-1 1.26803E-1 1.29943E-1 1.29588E-1 1.10404E-1 1.11239E-1 1.1509E-1 1.16041E-1 1.24966E-1 1.25642E-1 1.32439E-1 1.34423E-1 1.42212E-1
1.55918E-1 1.48122E-1 1.47175E-1 1.41603E-1 1.38475E-1 1.31972E-1 1.54837E-1 1.55699E-1 1.26398E-1 1.26944E-1 1.25419E-1 1.10579E-1 1.43451E-1 1.45771E-1 1.64693E-1 1.61973E-1 1.38683E-1 1.48585E-1 1.58873E-1 1.39215E-1 1.33761E-1 1.2804E-1 1.11225E-1 1.02589E-1 9.75029E-2 1.07946E-1 1.07176E-1 9.41626E-2 9.28313E-2 9.47882E-2 1.00001E-1 9.78886E-2 8.03612E-2 9.02885E-2 1.10431E-1 7.06721E-2 7.37452E-2 1.21303E-1 8.22054E-2 8.73552E-2 7.28839E-2 1.04097E-1 1.06061E-1 9.79943E-2 1.02436E-1 1.2258E-1 1.09077E-1 1.02373E-1 1.05215E-1 1.28983E-1 9.59914E-2 7.75988E-2 9.77444E-2 1.01155E-1 1.0665E-1 1.04034E-1 9.0226E-2 9.24494E-2 1.01781E-1 9.73277E-2 1.27914E-1
1.2939E-1 1.17178E-1 1.38571E-1 1.43202E-1 1.30208E-1 1.2406E-1 1.56419E-1 1.5798E-1 1.46646E-1 1.35678E-1 1.10833E-1 8.80647E-2 1.19543E-1 1.28228E-1 1.31737E-1 1.34378E-1 1.18255E-1 1.23247E-1 1.39645E-1 1.26034E-1 1.10523E-1 9.66261E-2 9.93359E-2 1.10467E-1 1.04959E-1 1.12895E-1 1.1142E-1 9.83349E-2 9.36224E-2 8.72577E-2 9.48253E-2 1.05892E-1 1.00433E-1 9.55593E-2 1.05789E-1 7.10091E-2 5.54896E-2 7.8092E-2 1.03064E-1 9.55659E-2 8.92854E-2 1.08747E-1 1.05313E-1 1.11988E-1 1.0086E-1 9.57585E-2 1.05474E-1 9.09696E-2 1.09594E-1 1.10306E-1 9.57566E-2 6.5923E-2 7.06752E-2 7.2034E-2 8.22766E-2 7.2581E-2 6.10692E-2 6.10426E-2 5.66717E-2 7.68617E-2 1.05356E-1
