maxent_outputs/red_flowers_linear/red_92.asc
ncols         426
nrows         180
xllcorner     -130.0
yllcorner     24.0
cellsize      0.16666666666666666
NODATA_value  -9999
[rows 0 to 26 of 180, columns 183 to 243 of 426]
1.96622E-2 1.7632E-2 1.75767E-2 1.84063E-2 1.80179E-2 1.7317E-2 1.76835E-2 2.07286E-2 2.14435E-2 2.07295E-2 1.9064E-2 1.93626E-2 1.79767E-2 1.76756E-2 1.82315E-2 1.77978E-2 1.82207E-2 1.80476E-2 1.77679E-2 1.80506E-2 1.89602E-2 1.8417E-2 1.80765E-2 1.86435E-2 1.8552E-2 1.83434E-2 1.86954E-2 1.83031E-2 1.90554E-2 1.80587E-2 1.81309E-2 1.8115E-2 1.78338E-2 1.82259E-2 1.7719E-2 1.7525E-2 1.73817E-2 1.74679E-2 1.78076E-2 1.77469E-2 1.76778E-2 1.75813E-2 1.73353E-2 1.72008E-2 1.80116E-2 1.75568E-2 1.78958E-2 1.83056E-2 1.92147E-2 1.85373E-2 1.80309E-2 1.88946E-2 1.9391E-2 1.79967E-2 1.85037E-2 1.76292E-2 1.73407E-2 1.63635E-2 1.63032E-2 1.63986E-2 1.59911E-2
1.84737E-2 1.75151E-2 1.82539E-2 2.64731E-2 3.02023E-2 3.05657E-2 3.17545E-2 3.19259E-2 2.81955E-2 2.44649E-2 1.93416E-2 1.96746E-2 1.87943E-2 1.80393E-2 1.88137E-2 1.8395E-2 1.79203E-2 1.76857E-2 1.75641E-2 1.82172E-2 1.82844E-2 1.79369E-2 1.81052E-2 1.8108E-2 1.82358E-2 1.81152E-2 1.86345E-2 1.82673E-2 1.86959E-2 1.93682E-2 2.02895E-2 1.96225E-2 1.8237E-2 1.80609E-2 1.80467E-2 1.82237E-2 1.84402E-2 1.85295E-2 1.81535E-2 1.8113E-2 1.80345E-2 1.72784E-2 1.76019E-2 1.86663E-2 1.95836E-2 1.93334E-2 1.88785E-2 1.79651E-2 1.84447E-2 1.91682E-2 1.84408E-2 1.88052E-2 1.82483E-2 1.74995E-2 1.81223E-2 1.88496E-2 2.20275E-2 2.25883E-2 2.11166E-2 1.76323E-2 1.77642E-2
1.8185E-2 1.77673E-2 2.15398E-2 3.18655E-2 3.18586E-2 3.1429E-2 3.34293E-2 3.39845E-2 3.5031E-2 3.46548E-2 2.52936E-2 1.99835E-2 2.02775E-2 1.91435E-2 1.8538E-2 1.82838E-2 1.78534E-2 1.7845E-2 1.79832E-2 1.86426E-2 1.83327E-2 1.77373E-2 1.74111E-2 1.83222E-2 1.86542E-2 1.81541E-2 1.82971E-2 1.86795E-2 1.89487E-2 1.85346E-2 1.8594E-2 1.84256E-2 1.817E-2 1.85375E-2 1.84383E-2 1.85816E-2 1.8562E-2 1.8746E-2 1.8968E-2 1.86931E-2 1.89691E-2 1.8434E-2 1.75077E-2 1.69338E-2 1.77381E-2 1.78076E-2 1.79573E-2 1.80824E-2 1.86294E-2 1.85288E-2 1.97976E-2 1.91601E-2 1.82736E-2 1.74904E-2 1.74353E-2 1.77272E-2 1.74771E-2 1.7848E-2 1.73806E-2 1.72625E-2 1.69202E-2
1.91777E-2 2.04245E-2 2.67977E-2 3.3338E-2 3.22932E-2 3.2001E-2 3.20455E-2 3.24152E-2 3.4124E-2 3.60107E-2 3.57063E-2 2.18453E-2 2.19334E-2 1.99133E-2 1.9537E-2 1.85065E-2 1.87465E-2 1.87326E-2 1.85227E-2 1.85955E-2 1.93911E-2 1.83675E-2 1.83096E-2 1.87052E-2 1.84242E-2 1.86386E-2 1.82059E-2 1.84644E-2 1.9214E-2 1.90807E-2 1.89182E-2 1.92826E-2 1.87283E-2 1.88456E-2 1.85998E-2 1.83902E-2 1.87199E-2 1.86896E-2 1.85754E-2 1.9181E-2 1.9159E-2 1.84587E-2 1.77007E-2 1.71165E-2 1.73343E-2 1.72124E-2 1.92278E-2 1.88048E-2 1.88598E-2 1.93815E-2 1.95987E-2 2.11005E-2 1.91608E-2 1.83178E-2 1.82653E-2 1.78942E-2 1.79705E-2 1.77351E-2 1.80057E-2 1.68581E-2 1.71925E-2
2.4341E-2 2.53461E-2 3.10953E-2 3.28289E-2 3.27166E-2 3.32088E-2 3.39582E-2 3.4458E-2 3.46915E-2 3.56526E-2 3.59494E-2 3.02593E-2 2.28227E-2 1.92442E-2 1.78317E-2 1.91632E-2 1.92047E-2 1.87157E-2 1.87352E-2 1.88179E-2 1.88195E-2 1.87765E-2 1.92824E-2 1.88548E-2 1.83459E-2 1.85474E-2 1.85014E-2 1.91049E-2 1.97453E-2 1.96773E-2 1.943E-2 1.93951E-2 1.92702E-2 1.91112E-2 1.95231E-2 1.95326E-2 1.88879E-2 1.83754E-2 1.7995E-2 1.84741E-2 1.88763E-2 1.86152E-2 1.83861E-2 1.83071E-2 1.82566E-2 1.84067E-2 1.77873E-2 1.83337E-2 1.86807E-2 1.85706E-2 1.87185E-2 1.90994E-2 1.88563E-2 1.86824E-2 1.86909E-2 1.87241E-2 1.80648E-2 1.83443E-2 1.83848E-2 1.7378E-2 1.70313E-2
2.43741E-2 2.30622E-2 2.45841E-2 2.85468E-2 2.81056E-2 2.88011E-2 3.3148E-2 3.55442E-2 3.49963E-2 3.54644E-2 3.62692E-2 3.61377E-2 2.76089E-2 1.95851E-2 1.90999E-2 1.87232E-2 1.91136E-2 1.92521E-2 1.89435E-2 1.87877E-2 1.94384E-2 1.8642E-2 1.85008E-2 1.87886E-2 1.91109E-2 1.93188E-2 1.94188E-2 1.97237E-2 1.93468E-2 1.94669E-2 1.9766E-2 1.95687E-2 1.94582E-2 1.94278E-2 1.92223E-2 2.03361E-2 2.09997E-2 2.02067E-2 2.11061E-2 2.09833E-2 2.15341E-2 2.06676E-2 1.87426E-2 1.88564E-2 1.88624E-2 1.98749E-2 1.83036E-2 1.84157E-2 1.95386E-2 1.99274E-2 2.00235E-2 2.004E-2 1.93175E-2 1.86783E-2 1.85391E-2 1.81776E-2 1.81538E-2 1.94568E-2 1.91853E-2 1.85229E-2 1.87308E-2
2.42809E-2 2.21632E-2 2.11098E-2 2.29038E-2 2.78635E-2 3.11292E-2 3.40856E-2 3.52346E-2 3.57607E-2 3.57548E-2 3.66411E-2 3.65722E-2 2.82803E-2 2.16832E-2 2.12558E-2 1.98762E-2 1.9208E-2 1.92659E-2 1.97763E-2 1.94796E-2 1.98536E-2 1.95339E-2 1.89314E-2 1.92107E-2 1.93065E-2 1.96103E-2 1.96914E-2 2.01046E-2 1.9748E-2 1.96571E-2 1.99282E-2 1.99842E-2 1.98393E-2 2.03477E-2 1.95373E-2 2.00226E-2 2.06724E-2 1.99244E-2 2.02579E-2 2.04384E-2 2.08897E-2 2.02029E-2 1.93436E-2 1.95202E-2 2.06318E-2 2.11455E-2 2.10314E-2 1.98788E-2 2.11695E-2 2.06761E-2 2.10559E-2 2.1493E-2 2.0942E-2 1.89066E-2 1.82568E-2 1.81246E-2 1.7798E-2 1.94193E-2 1.95584E-2 1.95332E-2 2.04377E-2
2.53699E-2 2.25488E-2 2.22638E-2 2.38945E-2 2.95392E-2 3.37127E-2 3.38963E-2 3.49152E-2 3.60075E-2 3.60323E-2 3.61845E-2 3.66541E-2 3.40287E-2 2.36087E-2 2.11869E-2 2.08981E-2 2.09507E-2 2.24263E-2 2.1289E-2 2.10137E-2 2.02035E-2 1.99489E-2 1.97425E-2 1.95619E-2 1.94007E-2 2.02034E-2 1.99787E-2 2.01098E-2 2.045E-2 2.03685E-2 1.98109E-2 1.96275E-2 2.00782E-2 2.01121E-2 2.03538E-2 2.02816E-2 2.02463E-2 1.9954E-2 1.96233E-2 1.96091E-2 2.03223E-2 2.09286E-2 2.02788E-2 1.97669E-2 1.95626E-2 1.96913E-2 1.9364E-2 1.95204E-2 2.06258E-2 2.10572E-2 2.08561E-2 2.18169E-2 2.20948E-2 2.1703E-2 1.88487E-2 1.87891E-2 1.92032E-2 1.88857E-2 1.85663E-2 1.85927E-2 1.82137E-2
2.57558E-2 2.41109E-2 2.37735E-2 2.39932E-2 2.30155E-2 2.72905E-2 3.31298E-2 3.44668E-2 3.49353E-2 3.43551E-2 3.60357E-2 3.62025E-2 3.50506E-2 3.23426E-2 2.26863E-2 2.0532E-2 2.16838E-2 2.09368E-2 2.20581E-2 2.24556E-2 2.19832E-2 2.11122E-2 2.06584E-2 2.02199E-2 2.06028E-2 2.07026E-2 2.03736E-2 2.05084E-2 2.02206E-2 2.03448E-2 2.07355E-2 2.07036E-2 2.03961E-2 2.02844E-2 2.0773E-2 2.03767E-2 2.05398E-2 2.08003E-2 2.10707E-2 2.05202E-2 2.006E-2 2.04679E-2 2.11871E-2 2.08655E-2 2.00376E-2 1.99957E-2 1.97634E-2 2.31406E-2 2.19845E-2 2.10557E-2 2.05901E-2 2.04177E-2 2.02999E-2 2.00378E-2 2.08662E-2 2.01019E-2 1.95364E-2 1.93423E-2 1.92696E-2 1.83769E-2 1.79263E-2
2.67146E-2 2.45023E-2 2.41438E-2 2.33853E-2 2.26133E-2 2.18874E-2 2.76293E-2 3.24789E-2 2.97538E-2 2.7527E-2 3.44736E-2 3.4125E-2 3.33943E-2 3.08539E-2 2.60767E-2 2.14435E-2 2.18845E-2 2.12882E-2 2.13097E-2 2.12815E-2 2.1281E-2 2.12032E-2 2.09107E-2 2.06801E-2 2.15359E-2 2.14073E-2 2.06724E-2 2.06364E-2 2.07356E-2 2.07309E-2 2.10451E-2 2.07042E-2 2.03085E-2 2.03518E-2 2.14454E-2 2.17355E-2 2.14043E-2 2.13411E-2 2.17703E-2 2.12625E-2 2.1048E-2 2.09538E-2 2.12389E-2 2.18704E-2 2.11167E-2 2.07943E-2 2.06972E-2 2.16059E-2 2.00602E-2 2.04264E-2 2.04712E-2 2.03678E-2 2.07117E-2 2.0828E-2 2.01987E-2 2.03783E-2 2.0179E-2 1.89374E-2 1.83154E-2 1.78436E-2 1.88959E-2
2.5822E-2 2.47842E-2 2.42517E-2 2.41606E-2 2.34109E-2 2.24506E-2 2.20914E-2 2.39392E-2 3.12315E-2 3.03549E-2 3.19084E-2 3.19967E-2 3.11589E-2 2.76392E-2 2.64184E-2 2.11286E-2 2.1663E-2 2.14971E-2 2.18098E-2 2.16884E-2 2.18353E-2 2.15066E-2 2.1057E-2 2.08478E-2 2.18317E-2 2.20675E-2 2.16455E-2 2.20971E-2 2.10206E-2 2.15346E-2 2.20376E-2 2.14569E-2 2.08944E-2 2.05795E-2 2.1177E-2 2.13246E-2 2.11318E-2 2.06319E-2 2.13237E-2 2.1164E-2 2.26276E-2 2.17564E-2 2.06068E-2 2.06564E-2 2.03156E-2 2.06363E-2 2.04755E-2 2.05624E-2 1.98188E-2 1.93179E-2 1.99537E-2 1.9351E-2 1.96738E-2 1.92926E-2 1.96358E-2 1.92337E-2 1.99459E-2 1.98944E-2 1.85275E-2 1.76805E-2 1.81958E-2
2.57899E-2 2.54115E-2 2.57641E-2 2.54285E-2 2.44195E-2 2.32902E-2 2.32264E-2 2.2704E-2 2.49773E-2 3.18321E-2 2.62171E-2 2.47423E-2 2.74744E-2 3.06884E-2 2.99391E-2 2.3271E-2 2.19645E-2 2.18166E-2 2.23336E-2 2.20434E-2 2.19712E-2 2.22036E-2 2.16973E-2 2.26002E-2 2.34936E-2 2.35129E-2 2.31131E-2 2.26467E-2 2.29958E-2 2.28709E-2 2.27747E-2 2.28918E-2 2.30428E-2 2.22251E-2 2.20685E-2 2.07446E-2 2.04983E-2 2.09948E-2 2.093E-2 2.11839E-2 2.14575E-2 2.12852E-2 2.06114E-2 2.00522E-2 2.13311E-2 2.1106E-2 2.02824E-2 2.01586E-2 2.06362E-2 1.99309E-2 2.03539E-2 1.99011E-2 1.95281E-2 1.94939E-2 1.96252E-2 1.98858E-2 2.019E-2 1.99758E-2 1.92672E-2 1.92907E-2 1.91712E-2
2.63223E-2 2.69084E-2 2.60079E-2 2.52094E-2 2.42591E-2 2.40863E-2 2.43459E-2 2.30067E-2 2.30329E-2 2.51201E-2 2.30831E-2 2.3405E-2 2.21708E-2 2.74039E-2 3.057E-2 2.86193E-2 2.27578E-2 2.21463E-2 2.20039E-2 2.15463E-2 2.19698E-2 2.24665E-2 2.28555E-2 2.31474E-2 2.41508E-2 2.23805E-2 2.27766E-2 2.28297E-2 2.32798E-2 2.33321E-2 2.37126E-2 2.35658E-2 2.36378E-2 2.30321E-2 2.23393E-2 2.08842E-2 2.1297E-2 2.21217E-2 2.20384E-2 2.26461E-2 2.19742E-2 2.17764E-2 2.10653E-2 2.06938E-2 2.14717E-2 2.20335E-2 2.08518E-2 2.07734E-2 2.28092E-2 2.18633E-2 2.23305E-2 2.11882E-2 2.09503E-2 2.03335E-2 2.10154E-2 2.09421E-2 2.09487E-2 2.00952E-2 1.96388E-2 1.91568E-2 1.99049E-2
2.97888E-2 2.76138E-2 2.65349E-2 2.56361E-2 2.37255E-2 2.3699E-2 2.54589E-2 2.46177E-2 2.20402E-2 2.1226E-2 2.19119E-2 2.24846E-2 2.58985E-2 2.73908E-2 2.91854E-2 2.7446E-2 2.62112E-2 2.31436E-2 2.26839E-2 2.28602E-2 2.31361E-2 2.29781E-2 2.30135E-2 2.37102E-2 2.30114E-2 2.3272E-2 2.29184E-2 2.37429E-2 2.37919E-2 2.47226E-2 2.43371E-2 2.45385E-2 2.45307E-2 2.36307E-2 2.40696E-2 2.32767E-2 2.35318E-2 2.376E-2 2.41091E-2 2.36405E-2 2.3592E-2 2.25498E-2 2.16586E-2 2.15999E-2 2.32059E-2 2.43238E-2 2.30131E-2 2.2822E-2 2.26999E-2 2.29347E-2 2.36746E-2 2.30869E-2 2.35851E-2 2.18452E-2 2.1569E-2 2.16423E-2 2.03686E-2 2.02763E-2 2.11233E-2 1.98867E-2 2.07347E-2
2.87068E-2 2.84606E-2 2.97228E-2 2.90818E-2 2.61084E-2 2.66834E-2 2.41693E-2 2.21803E-2 2.19433E-2 2.23116E-2 2.2858E-2 2.27817E-2 2.33052E-2 2.77562E-2 2.55953E-2 2.33378E-2 2.67568E-2 2.56603E-2 2.3393E-2 2.33407E-2 2.33239E-2 2.32389E-2 2.31186E-2 2.33407E-2 2.28215E-2 2.33931E-2 2.39109E-2 2.43685E-2 2.47585E-2 2.45105E-2 2.46221E-2 2.48542E-2 2.44133E-2 2.46446E-2 2.50959E-2 2.46581E-2 2.4304E-2 2.46559E-2 2.42935E-2 2.38258E-2 2.32096E-2 2.32824E-2 2.30186E-2 2.31495E-2 2.45023E-2 2.60404E-2 2.3727E-2 2.38728E-2 2.42153E-2 2.28713E-2 2.34906E-2 2.36469E-2 2.29595E-2 2.28282E-2 2.27231E-2 2.21207E-2 2.12435E-2 2.06493E-2 2.03041E-2 2.02835E-2 1.98822E-2
2.59134E-2 2.68276E-2 3.05828E-2 2.96397E-2 2.63956E-2 2.30374E-2 2.22246E-2 2.22806E-2 2.38164E-2 2.41646E-2 2.42213E-2 2.13818E-2 2.20543E-2 2.49865E-2 2.2685E-2 2.47736E-2 2.88038E-2 2.96523E-2 2.38506E-2 2.30212E-2 2.25052E-2 2.23819E-2 2.23158E-2 2.24755E-2 2.28971E-2 2.32885E-2 2.41424E-2 2.5255E-2 2.58464E-2 2.55521E-2 2.53408E-2 2.55255E-2 2.54107E-2 2.43854E-2 2.49386E-2 2.45476E-2 2.53658E-2 2.54271E-2 2.46205E-2 2.41498E-2 2.37855E-2 2.55863E-2 2.63311E-2 2.56346E-2 2.54362E-2 2.69252E-2 2.55004E-2 2.50416E-2 2.58045E-2 2.52345E-2 2.54968E-2 2.47829E-2 2.36378E-2 2.37469E-2 2.30334E-2 2.27561E-2 2.17063E-2 2.11198E-2 2.13758E-2 2.11123E-2 2.14469E-2
2.48682E-2 2.66929E-2 2.85379E-2 3.10102E-2 3.04945E-2 2.71085E-2 2.23459E-2 2.25659E-2 2.44105E-2 2.38495E-2 2.16107E-2 2.0668E-2 2.16548E-2 2.38151E-2 2.21408E-2 2.71272E-2 2.69574E-2 3.00959E-2 2.81875E-2 2.35022E-2 2.26493E-2 2.25815E-2 2.27904E-2 2.31806E-2 2.40996E-2 2.39376E-2 2.50562E-2 2.63714E-2 2.6462E-2 2.57351E-2 2.60477E-2 2.60776E-2 2.60981E-2 2.53888E-2 2.42232E-2 2.50679E-2 2.81011E-2 2.92856E-2 2.611E-2 2.57263E-2 2.63277E-2 2.6511E-2 2.64542E-2 2.67493E-2 2.73281E-2 2.78877E-2 2.82791E-2 2.73554E-2 2.648E-2 2.58974E-2 2.5207E-2 2.51103E-2 2.55523E-2 2.42969E-2 2.37027E-2 2.39474E-2 2.33281E-2 2.30324E-2 2.29412E-2 2.28039E-2 2.17355E-2
2.54286E-2 2.69094E-2 2.76307E-2 3.02358E-2 3.08132E-2 2.83381E-2 2.49291E-2 2.27555E-2 2.54712E-2 2.53303E-2 2.17255E-2 2.1485E-2 2.12907E-2 2.21857E-2 2.10909E-2 2.50733E-2 2.87209E-2 3.17738E-2 2.79296E-2 2.28763E-2 2.25309E-2 2.27979E-2 2.30881E-2 2.36407E-2 2.40503E-2 2.43363E-2 2.59815E-2 2.63808E-2 2.69278E-2 2.67964E-2 2.65923E-2 2.6697E-2 2.6662E-2 2.75718E-2 2.59713E-2 2.53456E-2 2.71945E-2 2.83065E-2 2.68478E-2 2.63271E-2 2.74869E-2 2.68144E-2 2.66889E-2 2.70789E-2 2.77431E-2 2.72398E-2 2.73974E-2 2.83193E-2 2.79955E-2 2.66119E-2 2.39358E-2 2.48402E-2 2.74655E-2 2.7566E-2 2.65788E-2 2.53445E-2 2.47334E-2 2.45588E-2 2.42068E-2 2.32844E-2 2.27969E-2
2.73846E-2 2.84464E-2 2.87149E-2 2.91125E-2 3.11756E-2 2.96034E-2 2.64825E-2 2.45724E-2 2.45147E-2 2.3991E-2 2.40326E-2 2.36971E-2 2.27618E-2 2.16872E-2 2.18403E-2 2.95655E-2 3.28241E-2 3.4156E-2 3.07388E-2 2.37199E-2 2.54031E-2 2.43267E-2 2.31709E-2 2.39627E-2 2.41223E-2 2.56218E-2 2.62545E-2 2.62704E-2 2.62714E-2 2.68898E-2 2.57627E-2 2.63489E-2 2.7423E-2 2.7349E-2 2.7653E-2 2.69949E-2 2.6647E-2 2.65711E-2 2.63591E-2 2.63427E-2 2.58436E-2 2.59788E-2 2.61268E-2 2.64601E-2 2.64093E-2 2.73002E-2 2.69138E-2 2.60537E-2 2.68079E-2 2.65398E-2 2.64038E-2 2.77176E-2 2.69877E-2 2.61459E-2 2.67461E-2 2.70183E-2 2.55323E-2 2.50526E-2 2.53006E-2 2.48968E-2 2.40394E-2
2.77287E-2 2.82221E-2 2.80456E-2 2.72047E-2 2.93483E-2 3.21029E-2 3.19512E-2 2.78821E-2 2.69028E-2 2.60434E-2 2.65033E-2 2.42567E-2 2.43478E-2 2.36875E-2 2.41292E-2 3.07959E-2 3.32728E-2 3.26308E-2 3.13893E-2 2.62662E-2 2.73103E-2 2.56188E-2 2.45898E-2 2.42752E-2 2.4519E-2 2.56018E-2 2.6373E-2 2.72279E-2 2.70088E-2 2.83923E-2 2.83861E-2 2.8563E-2 2.8242E-2 2.70593E-2 2.65988E-2 2.85196E-2 2.88154E-2 2.81691E-2 2.80812E-2 2.80414E-2 2.82036E-2 2.7017E-2 2.55982E-2 2.75229E-2 2.88653E-2 2.89966E-2 2.78261E-2 2.85694E-2 2.80371E-2 2.92048E-2 2.93726E-2 2.89561E-2 2.799E-2 2.80547E-2 2.759E-2 2.70312E-2 2.63589E-2 2.57347E-2 2.59976E-2 2.54722E-2 2.49791E-2
2.81534E-2 2.75519E-2 2.68668E-2 2.71049E-2 2.74776E-2 3.10463E-2 3.27652E-2 3.21933E-2 2.96105E-2 2.84119E-2 2.71115E-2 2.54421E-2 2.55653E-2 2.28656E-2 2.29198E-2 3.04619E-2 3.21794E-2 3.02859E-2 2.82383E-2 2.70823E-2 2.66599E-2 2.71661E-2 2.63733E-2 2.52252E-2 2.45935E-2 2.543E-2 2.7496E-2 2.80325E-2 2.72195E-2 2.84983E-2 2.93132E-2 2.77465E-2 2.81309E-2 2.81997E-2 2.81266E-2 2.92022E-2 2.95355E-2 2.96938E-2 3.11987E-2 2.91557E-2 2.90952E-2 2.86915E-2 2.92898E-2 2.82366E-2 2.91395E-2 2.92309E-2 2.80585E-2 2.8438E-2 2.90859E-2 2.989E-2 2.94695E-2 2.97121E-2 2.92178E-2 2.89218E-2 2.86266E-2 2.68086E-2 2.66122E-2 2.65497E-2 2.62597E-2 2.59366E-2 2.57312E-2
2.78421E-2 2.81058E-2 2.72458E-2 2.82198E-2 2.91139E-2 3.04147E-2 3.28978E-2 3.30331E-2 3.27539E-2 2.85496E-2 2.76908E-2 2.79011E-2 2.50135E-2 2.29812E-2 2.20321E-2 2.87848E-2 3.09244E-2 2.79826E-2 2.42624E-2 2.41414E-2 2.57994E-2 2.87046E-2 2.60391E-2 2.58643E-2 2.74285E-2 2.78468E-2 2.77277E-2 2.90462E-2 3.01446E-2 3.05407E-2 3.0865E-2 2.93876E-2 3.06266E-2 3.23463E-2 3.13355E-2 3.0001E-2 3.1769E-2 3.18632E-2 3.17131E-2 3.43467E-2 3.28315E-2 3.13849E-2 3.06142E-2 3.0877E-2 3.16485E-2 3.06954E-2 2.88333E-2 3.02483E-2 3.05388E-2 3.05852E-2 3.01171E-2 2.97015E-2 2.9043E-2 2.84049E-2 2.86201E-2 2.74494E-2 2.719E-2 2.71938E-2 2.69002E-2 2.6456E-2 2.61543E-2
2.66505E-2 2.80392E-2 2.77287E-2 2.7741E-2 2.86067E-2 2.99591E-2 3.27221E-2 3.30641E-2 3.07713E-2 2.75105E-2 2.69373E-2 2.58103E-2 2.35435E-2 2.2303E-2 2.14904E-2 2.32956E-2 2.34037E-2 2.37783E-2 2.183E-2 2.47959E-2 2.53501E-2 2.68984E-2 2.76467E-2 2.79818E-2 2.90711E-2 3.0721E-2 3.1971E-2 3.23615E-2 3.20812E-2 3.09453E-2 3.35419E-2 3.26021E-2 3.38512E-2 3.2396E-2 3.18876E-2 3.13855E-2 3.22969E-2 3.31285E-2 3.31859E-2 3.23816E-2 3.31946E-2 3.34398E-2 3.32942E-2 3.29987E-2 3.24474E-2 3.0357E-2 2.98031E-2 3.08453E-2 3.10483E-2 3.09431E-2 3.09155E-2 3.03859E-2 3.00496E-2 2.82395E-2 2.81231E-2 2.81163E-2 2.76924E-2 2.6905E-2 2.69642E-2 2.6834E-2 2.64444E-2
2.56949E-2 2.79704E-2 2.86794E-2 2.8771E-2 2.7663E-2 2.6575E-2 2.66481E-2 2.68101E-2 2.66538E-2 2.63257E-2 2.57805E-2 2.35745E-2 2.22421E-2 2.21984E-2 2.22464E-2 2.37923E-2 2.27288E-2 2.29627E-2 2.31824E-2 2.73991E-2 2.68218E-2 2.75876E-2 2.92272E-2 2.82259E-2 2.8546E-2 3.12065E-2 3.08658E-2 3.22645E-2 3.29539E-2 3.35382E-2 3.19915E-2 3.19251E-2 3.38477E-2 3.27457E-2 3.48166E-2 3.41249E-2 3.20462E-2 3.30675E-2 3.25855E-2 3.11152E-2 3.19875E-2 3.13231E-2 3.15446E-2 3.35586E-2 3.41258E-2 3.25872E-2 3.11327E-2 3.16253E-2 3.15167E-2 3.21222E-2 3.10633E-2 3.04491E-2 3.13861E-2 3.03748E-2 2.91775E-2 2.98883E-2 2.81615E-2 2.60531E-2 2.59233E-2 2.64318E-2 2.65496E-2
2.83494E-2 2.88672E-2 2.95032E-2 2.97403E-2 2.89432E-2 2.84342E-2 2.88602E-2 2.93113E-2 2.72218E-2 2.57753E-2 2.60255E-2 2.52381E-2 2.38555E-2 2.58209E-2 2.86865E-2 2.59411E-2 2.50676E-2 2.62558E-2 2.71657E-2 2.89953E-2 2.87288E-2 2.80375E-2 2.98895E-2 2.96649E-2 2.95197E-2 2.99674E-2 3.08338E-2 3.14366E-2 3.30241E-2 3.44784E-2 3.30088E-2 3.3666E-2 3.35555E-2 3.49866E-2 3.58884E-2 3.47177E-2 3.2582E-2 3.22717E-2 3.26074E-2 3.17969E-2 3.14129E-2 3.31733E-2 3.21754E-2 3.35717E-2 3.55445E-2 3.42969E-2 3.23333E-2 3.06387E-2 3.1403E-2 3.26834E-2 3.50262E-2 3.29296E-2 3.05216E-2 2.91646E-2 2.85372E-2 2.74612E-2 2.70062E-2 2.70285E-2 2.58639E-2 2.65141E-2 2.83242E-2
3.11171E-2 3.18059E-2 3.14874E-2 3.11406E-2 3.00245E-2 2.9797E-2 3.09585E-2 3.081E-2 3.02174E-2 2.73036E-2 2.62565E-2 2.60797E-2 2.55525E-2 2.57286E-2 2.68679E-2 2.54331E-2 2.48895E-2 2.60978E-2 2.91218E-2 3.04924E-2 3.01778E-2 2.88796E-2 2.94828E-2 2.92176E-2 2.91502E-2 3.04057E-2 3.13935E-2 3.1833E-2 3.30367E-2 3.38981E-2 3.49204E-2 3.52691E-2 3.48551E-2 3.63321E-2 3.68619E-2 3.58096E-2 3.626E-2 3.62E-2 3.56522E-2 3.23387E-2 3.58045E-2 3.44954E-2 3.26398E-2 3.2106E-2 3.29009E-2 3.47979E-2 3.2593E-2 3.07944E-2 3.19047E-2 3.11712E-2 3.14068E-2 3.1449E-2 3.00847E-2 3.05475E-2 3.03112E-2 2.7906E-2 2.69545E-2 2.65559E-2 2.68933E-2 2.65734E-2 2.73159E-2
3.06899E-2 3.15618E-2 3.07133E-2 3.14073E-2 3.00507E-2 3.02169E-2 3.15746E-2 3.16614E-2 3.05595E-2 2.92013E-2 2.76036E-2 2.71981E-2 2.65508E-2 2.57444E-2 2.5174E-2 2.53418E-2 2.63693E-2 2.71051E-2 2.95468E-2 3.13703E-2 3.12627E-2 3.0751E-2 2.97969E-2 2.94642E-2 2.91306E-2 2.9466E-2 3.12335E-2 3.33393E-2 3.2906E-2 3.30118E-2 3.51338E-2 3.60103E-2 3.45334E-2 3.63335E-2 3.68392E-2 3.56101E-2 3.49858E-2 3.5129E-2 3.507E-2 3.31349E-2 3.38164E-2 3.64104E-2 3.3009E-2 3.15882E-2 3.21255E-2 3.40468E-2 3.71277E-2 3.57151E-2 3.16227E-2 3.15498E-2 2.89568E-2 2.86765E-2 2.85345E-2 2.8445E-2 2.7964E-2 2.70177E-2 2.58835E-2 2.55773E-2 2.69088E-2 2.68048E-2 2.67069E-2
