maxent_outputs/red_flowers_linear/red_224.asc
ncols         426
nrows         180
xllcorner     -130.0
yllcorner     24.0
cellsize      0.16666666666666666
NODATA_value  -9999
[rows 27 to 53 of 180, columns 183 to 243 of 426]
1.31517E-1 1.27996E-1 1.26251E-1 1.24066E-1 1.22534E-1 1.195E-1 1.23465E-1 1.29711E-1 1.32951E-1 1.37478E-1 1.32042E-1 1.27881E-1 1.2664E-1 1.14918E-1 1.0195E-1 9.93256E-2 1.03533E-1 1.08752E-1 1.14063E-1 1.17908E-1 1.28585E-1 1.23314E-1 1.16142E-1 1.079E-1 1.0415E-1 1.01693E-1 1.08894E-1 1.10942E-1 1.1274E-1 1.13617E-1 1.11331E-1 1.19165E-1 1.22669E-1 1.22542E-1 1.25323E-1 1.25412E-1 1.2756E-1 1.2694E-1 1.31382E-1 1.32926E-1 1.40505E-1 1.43614E-1 1.49085E-1 1.57046E-1 1.59308E-1 1.68951E-1 1.82628E-1 1.82671E-1 1.60893E-1 1.43168E-1 1.46097E-1 1.54276E-1 1.53304E-1 1.58218E-1 1.52504E-1 1.5318E-1 1.57008E-1 1.55031E-1 1.58891E-1 1.5956E-1 1.69415E-1
1.3562E-1 1.29433E-1 1.3158E-1 1.3023E-1 1.24003E-1 1.19086E-1 1.16051E-1 1.21511E-1 1.26966E-1 1.30541E-1 1.31982E-1 1.28569E-1 1.24688E-1 1.12673E-1 1.01507E-1 9.8661E-2 1.02927E-1 1.07455E-1 1.15645E-1 1.16968E-1 1.23358E-1 1.17483E-1 1.13129E-1 1.07743E-1 1.04385E-1 1.04457E-1 1.032E-1 1.16092E-1 1.17281E-1 1.13559E-1 1.14048E-1 1.14569E-1 1.16997E-1 1.21243E-1 1.25023E-1 1.25331E-1 1.29572E-1 1.25695E-1 1.32533E-1 1.37207E-1 1.39341E-1 1.41324E-1 1.46356E-1 1.50387E-1 1.5782E-1 1.66964E-1 1.73605E-1 1.68452E-1 1.51392E-1 1.36891E-1 1.40298E-1 1.44158E-1 1.43056E-1 1.45461E-1 1.49117E-1 1.54164E-1 1.50564E-1 1.5603E-1 1.61006E-1 1.63327E-1 1.7188E-1
1.21229E-1 1.23294E-1 1.27824E-1 1.27648E-1 1.24052E-1 1.17926E-1 1.157E-1 1.13695E-1 1.21298E-1 1.20217E-1 1.21049E-1 1.25115E-1 1.16004E-1 1.07533E-1 1.00804E-1 9.93232E-2 1.01616E-1 1.07667E-1 1.11559E-1 1.15296E-1 1.14675E-1 1.09311E-1 1.06572E-1 1.02212E-1 1.01855E-1 1.14861E-1 1.21408E-1 1.22618E-1 1.18297E-1 1.15536E-1 1.17824E-1 1.14338E-1 1.15361E-1 1.15959E-1 1.19567E-1 1.22438E-1 1.25214E-1 1.25094E-1 1.28941E-1 1.32944E-1 1.37662E-1 1.40203E-1 1.42473E-1 1.52636E-1 1.58079E-1 1.6821E-1 1.67938E-1 1.55739E-1 1.46612E-1 1.38996E-1 1.43112E-1 1.40735E-1 1.38583E-1 1.44527E-1 1.42241E-1 1.45173E-1 1.55911E-1 1.52975E-1 1.57839E-1 1.59897E-1 1.60265E-1
1.20664E-1 1.18842E-1 1.22335E-1 1.2135E-1 1.17691E-1 1.11182E-1 1.08482E-1 1.09241E-1 1.15332E-1 1.16497E-1 1.19133E-1 1.19119E-1 1.13723E-1 1.05248E-1 1.03009E-1 1.02166E-1 1.03246E-1 1.09139E-1 1.08464E-1 1.14056E-1 1.06434E-1 1.0199E-1 1.00718E-1 1.01881E-1 9.97756E-2 1.10333E-1 1.09371E-1 1.10893E-1 1.18636E-1 1.09034E-1 1.07615E-1 1.10961E-1 1.11476E-1 1.1396E-1 1.15745E-1 1.20977E-1 1.28183E-1 1.24513E-1 1.27334E-1 1.34961E-1 1.3495E-1 1.41772E-1 1.45686E-1 1.46756E-1 1.48412E-1 1.48945E-1 1.49161E-1 1.46884E-1 1.47511E-1 1.34439E-1 1.38759E-1 1.40737E-1 1.48456E-1 1.5349E-1 1.52839E-1 1.49272E-1 1.4782E-1 1.50106E-1 1.53394E-1 1.60595E-1 1.60667E-1
1.16451E-1 1.19739E-1 1.17121E-1 1.15742E-1 1.14619E-1 1.11853E-1 1.05861E-1 1.06039E-1 1.07976E-1 1.14304E-1 1.16143E-1 1.1643E-1 1.09727E-1 1.10905E-1 1.06359E-1 1.0522E-1 1.06733E-1 1.07401E-1 1.08123E-1 1.04224E-1 1.02212E-1 9.7433E-2 9.60044E-2 9.76321E-2 9.9152E-2 1.00497E-1 1.02123E-1 1.02227E-1 1.02439E-1 1.00812E-1 1.01991E-1 1.04605E-1 1.08759E-1 1.12848E-1 1.158E-1 1.16905E-1 1.23855E-1 1.36544E-1 1.28003E-1 1.32657E-1 1.34072E-1 1.3999E-1 1.387E-1 1.37806E-1 1.43961E-1 1.39325E-1 1.39512E-1 1.40698E-1 1.37836E-1 1.41582E-1 1.44087E-1 1.43297E-1 1.46054E-1 1.57137E-1 1.6243E-1 1.61197E-1 1.5092E-1 1.51479E-1 1.53395E-1 1.78806E-1 1.76944E-1
1.17125E-1 1.19898E-1 1.183E-1 1.17032E-1 1.13379E-1 1.09857E-1 1.04887E-1 1.0686E-1 1.08892E-1 1.15453E-1 1.15766E-1 1.17471E-1 1.12488E-1 1.12816E-1 1.13254E-1 1.11366E-1 1.1255E-1 1.08385E-1 1.05686E-1 1.03258E-1 1.01417E-1 9.96773E-2 9.93E-2 1.00308E-1 1.00416E-1 1.01582E-1 9.94511E-2 9.97725E-2 1.03755E-1 9.92325E-2 1.01455E-1 1.03128E-1 1.06008E-1 1.10947E-1 1.12925E-1 1.1294E-1 1.15501E-1 1.23097E-1 1.30714E-1 1.32517E-1 1.31791E-1 1.26571E-1 1.299E-1 1.29384E-1 1.37938E-1 1.40111E-1 1.35939E-1 1.3731E-1 1.39673E-1 1.35114E-1 1.37165E-1 1.33658E-1 1.37783E-1 1.53253E-1 1.68957E-1 1.62665E-1 1.62407E-1 1.66674E-1 1.71505E-1 1.73489E-1 1.67872E-1
1.20686E-1 1.19436E-1 1.16678E-1 1.11498E-1 1.10306E-1 1.09108E-1 1.0909E-1 1.06647E-1 1.09311E-1 1.13671E-1 1.16795E-1 1.16469E-1 1.16554E-1 1.16259E-1 1.15933E-1 1.19006E-1 1.20942E-1 1.12072E-1 1.04338E-1 1.02348E-1 1.00427E-1 1.00004E-1 9.87152E-2 9.85786E-2 1.01365E-1 1.00728E-1 1.01646E-1 1.01807E-1 1.00464E-1 1.00375E-1 1.00339E-1 1.04064E-1 1.07227E-1 1.09156E-1 1.09753E-1 1.12482E-1 1.1583E-1 1.18216E-1 1.20216E-1 1.20111E-1 1.2215E-1 1.24584E-1 1.28323E-1 1.31502E-1 1.33734E-1 1.33553E-1 1.31097E-1 1.34989E-1 1.33212E-1 1.33451E-1 1.38548E-1 1.40237E-1 1.40022E-1 1.51549E-1 1.5233E-1 1.63123E-1 1.6573E-1 1.79772E-1 1.79073E-1 1.72115E-1 1.73692E-1
1.23389E-1 1.25738E-1 1.22359E-1 1.17639E-1 1.12835E-1 1.0988E-1 1.11787E-1 1.13962E-1 1.114E-1 1.14781E-1 1.17844E-1 1.19955E-1 1.23385E-1 1.24327E-1 1.23673E-1 1.22904E-1 1.23068E-1 1.14877E-1 1.06493E-1 1.02565E-1 9.96048E-2 1.01828E-1 9.98608E-2 9.85995E-2 1.00334E-1 1.01524E-1 1.02607E-1 1.01357E-1 9.80297E-2 9.95488E-2 9.97343E-2 1.0307E-1 1.04622E-1 1.07625E-1 1.1114E-1 1.12771E-1 1.13557E-1 1.15139E-1 1.15135E-1 1.17443E-1 1.1582E-1 1.18883E-1 1.21622E-1 1.22367E-1 1.27467E-1 1.30849E-1 1.29922E-1 1.33797E-1 1.33962E-1 1.3716E-1 1.39047E-1 1.52226E-1 1.46122E-1 1.52034E-1 1.52267E-1 1.63629E-1 1.76176E-1 1.87185E-1 1.83628E-1 1.80322E-1 1.91923E-1
1.21197E-1 1.27343E-1 1.29327E-1 1.26482E-1 1.18601E-1 1.1441E-1 1.12401E-1 1.14005E-1 1.12443E-1 1.15676E-1 1.21112E-1 1.25437E-1 1.27327E-1 1.31121E-1 1.3249E-1 1.24643E-1 1.21741E-1 1.14729E-1 1.07648E-1 1.06007E-1 1.00396E-1 1.01217E-1 1.01687E-1 1.03856E-1 1.03613E-1 1.06152E-1 1.08698E-1 1.08986E-1 1.09208E-1 1.07754E-1 1.05564E-1 1.05998E-1 1.04408E-1 1.0613E-1 1.0721E-1 1.0776E-1 1.09884E-1 1.11064E-1 1.1221E-1 1.16179E-1 1.167E-1 1.18779E-1 1.20928E-1 1.17982E-1 1.19453E-1 1.21798E-1 1.26638E-1 1.34641E-1 1.3316E-1 1.35943E-1 1.38757E-1 1.38978E-1 1.40926E-1 1.45211E-1 1.48525E-1 1.62162E-1 1.74064E-1 1.85319E-1 1.91729E-1 2.2044E-1 2.72988E-1
1.17512E-1 1.16333E-1 1.15497E-1 1.11808E-1 1.12779E-1 1.12889E-1 1.12646E-1 1.10168E-1 1.11955E-1 1.15228E-1 1.21231E-1 1.24727E-1 1.31565E-1 1.32985E-1 1.33725E-1 1.3007E-1 1.21222E-1 1.15013E-1 1.07972E-1 1.05097E-1 1.05024E-1 1.0647E-1 1.05184E-1 1.04732E-1 1.04619E-1 1.12752E-1 1.14196E-1 1.16184E-1 1.07656E-1 1.06001E-1 1.07433E-1 1.07863E-1 1.10172E-1 1.1051E-1 1.10206E-1 1.10453E-1 1.10761E-1 1.11157E-1 1.11527E-1 1.13343E-1 1.11783E-1 1.15148E-1 1.18114E-1 1.22562E-1 1.20963E-1 1.25918E-1 1.23466E-1 1.2786E-1 1.27987E-1 1.30372E-1 1.33349E-1 1.36444E-1 1.40404E-1 1.4237E-1 1.46224E-1 1.59011E-1 1.87489E-1 2.22214E-1 2.64859E-1 3.29342E-1 3.58111E-1
1.20743E-1 1.18663E-1 1.16196E-1 1.11749E-1 1.11985E-1 1.07704E-1 1.08819E-1 1.06766E-1 1.11063E-1 1.15769E-1 1.22586E-1 1.27223E-1 1.32544E-1 1.34544E-1 1.33312E-1 1.27754E-1 1.20807E-1 1.13991E-1 1.09037E-1 1.0662E-1 1.07255E-1 1.07298E-1 1.06105E-1 1.05916E-1 1.05741E-1 1.03992E-1 1.04042E-1 1.06869E-1 1.06772E-1 1.08937E-1 1.10565E-1 1.09893E-1 1.12288E-1 1.12064E-1 1.09571E-1 1.08451E-1 1.08024E-1 1.07973E-1 1.12383E-1 1.10901E-1 1.1144E-1 1.13493E-1 1.14309E-1 1.16928E-1 1.20496E-1 1.19647E-1 1.22006E-1 1.23102E-1 1.25842E-1 1.24877E-1 1.31344E-1 1.38048E-1 1.45923E-1 1.61571E-1 1.8669E-1 2.25637E-1 2.71595E-1 3.16838E-1 3.38567E-1 3.41354E-1 3.60116E-1
1.15884E-1 1.15385E-1 1.14301E-1 1.1214E-1 1.11479E-1 1.13154E-1 1.09714E-1 1.11005E-1 1.10984E-1 1.16122E-1 1.22875E-1 1.29112E-1 1.32554E-1 1.32295E-1 1.26983E-1 1.22896E-1 1.18126E-1 1.14133E-1 1.10621E-1 1.09738E-1 1.09897E-1 1.07625E-1 1.05229E-1 1.05659E-1 1.04725E-1 1.03691E-1 1.05917E-1 1.07011E-1 1.10951E-1 1.10704E-1 1.12656E-1 1.10391E-1 1.09184E-1 1.09567E-1 1.08994E-1 1.10095E-1 1.08752E-1 1.06929E-1 1.10373E-1 1.10322E-1 1.12375E-1 1.13855E-1 1.15248E-1 1.19347E-1 1.19434E-1 1.21341E-1 1.21746E-1 1.20796E-1 1.22607E-1 1.27583E-1 1.41487E-1 1.57959E-1 1.99409E-1 2.40393E-1 2.55536E-1 2.6863E-1 2.83084E-1 3.12238E-1 3.3221E-1 3.57003E-1 3.81364E-1
1.13323E-1 1.13763E-1 1.17845E-1 1.15673E-1 1.15369E-1 1.1526E-1 1.11086E-1 1.11903E-1 1.11892E-1 1.16007E-1 1.19423E-1 1.24098E-1 1.29958E-1 1.28834E-1 1.2504E-1 1.21095E-1 1.18388E-1 1.12939E-1 1.11515E-1 1.09355E-1 1.11859E-1 1.09318E-1 1.1183E-1 1.07981E-1 1.07315E-1 1.0989E-1 1.09379E-1 1.1106E-1 1.0991E-1 1.1841E-1 1.12025E-1 1.16252E-1 1.09834E-1 1.07441E-1 1.06651E-1 1.07211E-1 1.08902E-1 1.09859E-1 1.10266E-1 1.09062E-1 1.08447E-1 1.1068E-1 1.16031E-1 1.21549E-1 1.27828E-1 1.27435E-1 1.27189E-1 1.29099E-1 1.32758E-1 1.49358E-1 1.97122E-1 2.32552E-1 2.32889E-1 2.46319E-1 2.55956E-1 2.7522E-1 2.94583E-1 3.15029E-1 3.40229E-1 3.65242E-1 3.91317E-1
1.0641E-1 1.08264E-1 1.11271E-1 1.1212E-1 1.16317E-1 1.17492E-1 1.12759E-1 1.131E-1 1.1309E-1 1.14744E-1 1.20475E-1 1.2061E-1 1.25599E-1 1.24648E-1 1.26512E-1 1.21778E-1 1.18529E-1 1.13049E-1 1.12097E-1 1.12316E-1 1.13013E-1 1.10617E-1 1.10093E-1 1.11157E-1 1.10885E-1 1.11548E-1 1.13733E-1 1.11959E-1 1.12281E-1 1.1466E-1 1.16599E-1 1.08602E-1 1.08921E-1 1.10295E-1 1.0663E-1 1.07689E-1 1.0676E-1 1.08267E-1 1.1053E-1 1.09337E-1 1.10123E-1 1.10653E-1 1.14242E-1 1.25528E-1 1.32393E-1 1.33385E-1 1.37651E-1 1.42811E-1 1.5515E-1 1.9968E-1 2.28399E-1 2.25147E-1 2.36961E-1 2.47162E-1 2.64149E-1 2.87331E-1 2.99067E-1 3.23029E-1 3.48248E-1 3.74757E-1 3.97822E-1
1.03912E-1 1.04095E-1 1.0798E-1 1.10102E-1 1.13528E-1 1.1516E-1 1.15521E-1 1.15042E-1 1.15932E-1 1.16783E-1 1.18456E-1 1.22486E-1 1.21467E-1 1.21298E-1 1.23539E-1 1.25427E-1 1.22756E-1 1.1676E-1 1.10844E-1 1.10496E-1 1.08015E-1 1.10198E-1 1.12035E-1 1.11756E-1 1.10012E-1 1.10873E-1 1.13461E-1 1.11124E-1 1.16266E-1 1.20925E-1 1.21522E-1 1.15274E-1 1.12149E-1 1.10935E-1 1.07408E-1 1.07667E-1 1.07547E-1 1.08115E-1 1.08876E-1 1.10351E-1 1.10969E-1 1.13779E-1 1.15498E-1 1.2771E-1 1.35051E-1 1.43104E-1 1.51369E-1 1.71235E-1 2.07693E-1 2.17647E-1 2.23085E-1 2.32311E-1 2.38406E-1 2.51375E-1 2.61071E-1 2.98325E-1 3.15816E-1 3.39276E-1 3.53247E-1 3.7682E-1 3.90824E-1
1.12874E-1 1.08282E-1 1.09719E-1 1.1372E-1 1.14575E-1 1.14017E-1 1.15267E-1 1.14989E-1 1.15939E-1 1.16582E-1 1.20561E-1 1.20409E-1 1.22756E-1 1.22771E-1 1.23693E-1 1.23711E-1 1.25015E-1 1.19337E-1 1.14141E-1 1.09736E-1 1.08207E-1 1.07203E-1 1.07547E-1 1.10906E-1 1.10852E-1 1.07262E-1 1.0604E-1 1.11502E-1 1.10885E-1 1.17308E-1 1.16674E-1 1.13028E-1 1.13952E-1 1.11227E-1 1.08799E-1 1.04812E-1 1.04834E-1 1.07367E-1 1.09951E-1 1.10704E-1 1.1687E-1 1.21701E-1 1.25304E-1 1.3662E-1 1.44187E-1 1.69174E-1 1.98635E-1 2.20664E-1 2.19372E-1 2.07035E-1 2.02294E-1 1.90511E-1 2.09073E-1 2.32365E-1 2.64293E-1 3.03281E-1 3.19889E-1 3.32833E-1 3.47067E-1 3.52231E-1 3.50455E-1
1.17177E-1 1.16139E-1 1.1603E-1 1.1559E-1 1.15915E-1 1.14196E-1 1.15873E-1 1.15264E-1 1.16955E-1 1.16689E-1 1.20873E-1 1.24629E-1 1.22257E-1 1.21987E-1 1.21983E-1 1.21886E-1 1.22093E-1 1.19136E-1 1.13798E-1 1.11095E-1 1.12389E-1 1.09693E-1 1.08707E-1 1.10426E-1 1.0946E-1 1.0684E-1 1.05658E-1 1.09374E-1 1.10274E-1 1.15538E-1 1.14989E-1 1.18586E-1 1.2247E-1 1.17253E-1 1.15404E-1 1.08168E-1 1.05895E-1 1.10444E-1 1.11002E-1 1.10564E-1 1.21335E-1 1.28138E-1 1.33519E-1 1.38868E-1 1.61545E-1 1.94483E-1 1.89318E-1 1.76551E-1 1.64315E-1 1.65685E-1 1.61785E-1 1.74972E-1 2.14189E-1 2.65649E-1 2.84499E-1 3.10142E-1 3.12799E-1 3.0247E-1 2.87437E-1 2.88037E-1 2.84534E-1
1.19735E-1 1.1916E-1 1.1755E-1 1.18938E-1 1.17887E-1 1.16663E-1 1.1823E-1 1.14599E-1 1.15235E-1 1.18538E-1 1.19402E-1 1.23517E-1 1.20306E-1 1.23807E-1 1.22795E-1 1.24019E-1 1.2164E-1 1.19134E-1 1.16865E-1 1.1385E-1 1.13719E-1 1.16361E-1 1.1235E-1 1.13017E-1 1.12823E-1 1.10581E-1 1.08235E-1 1.10342E-1 1.14205E-1 1.20687E-1 1.16924E-1 1.18764E-1 1.20844E-1 1.20142E-1 1.1672E-1 1.0967E-1 1.09399E-1 1.10752E-1 1.10607E-1 1.1473E-1 1.17235E-1 1.30056E-1 1.32191E-1 1.36996E-1 1.40636E-1 1.46514E-1 1.49656E-1 1.50469E-1 1.52591E-1 1.55029E-1 1.54737E-1 1.69106E-1 1.8525E-1 2.20861E-1 2.47833E-1 2.47966E-1 2.47755E-1 2.53769E-1 2.60663E-1 2.73896E-1 2.53241E-1
1.20524E-1 1.20243E-1 1.20587E-1 1.21912E-1 1.2215E-1 1.17835E-1 1.17652E-1 1.18831E-1 1.20052E-1 1.18622E-1 1.21089E-1 1.21671E-1 1.21924E-1 1.23359E-1 1.2542E-1 1.23374E-1 1.19397E-1 1.18977E-1 1.19461E-1 1.20093E-1 1.19671E-1 1.20573E-1 1.18668E-1 1.18998E-1 1.1408E-1 1.12234E-1 1.12936E-1 1.14781E-1 1.21399E-1 1.23301E-1 1.27301E-1 1.2625E-1 1.22708E-1 1.20448E-1 1.21188E-1 1.16805E-1 1.14485E-1 1.11993E-1 1.15494E-1 1.16621E-1 1.22117E-1 1.28723E-1 1.32923E-1 1.33486E-1 1.37863E-1 1.43252E-1 1.43227E-1 1.39824E-1 1.47291E-1 1.55113E-1 1.51458E-1 1.58433E-1 1.7487E-1 1.90159E-1 2.03686E-1 2.05382E-1 2.13815E-1 2.14347E-1 2.20531E-1 2.37695E-1 2.32334E-1
1.16635E-1 1.2157E-1 1.2518E-1 1.29355E-1 1.2554E-1 1.23116E-1 1.22905E-1 1.21424E-1 1.22085E-1 1.23127E-1 1.2148E-1 1.24803E-1 1.25875E-1 1.25286E-1 1.25072E-1 1.26844E-1 1.21991E-1 1.22088E-1 1.21187E-1 1.23485E-1 1.22943E-1 1.22867E-1 1.23259E-1 1.23925E-1 1.2131E-1 1.20051E-1 1.21986E-1 1.28691E-1 1.29997E-1 1.31188E-1 1.33822E-1 1.2458E-1 1.2096E-1 1.2041E-1 1.31054E-1 1.32126E-1 1.15198E-1 1.17512E-1 1.22632E-1 1.24383E-1 1.25735E-1 1.37894E-1 1.38098E-1 1.40862E-1 1.3971E-1 1.40291E-1 1.34489E-1 1.4616E-1 1.50463E-1 1.46758E-1 1.50286E-1 1.52238E-1 1.57065E-1 1.67322E-1 1.78795E-1 1.87284E-1 1.86724E-1 1.77047E-1 1.83409E-1 1.91776E-1 2.00955E-1
1.19251E-1 1.20575E-1 1.29026E-1 1.34632E-1 1.31555E-1 1.2609E-1 1.25734E-1 1.26191E-1 1.22308E-1 1.2411E-1 1.26315E-1 1.28646E-1 1.30944E-1 1.31626E-1 1.31766E-1 1.29942E-1 1.26327E-1 1.26373E-1 1.24664E-1 1.27209E-1 1.24669E-1 1.25751E-1 1.27892E-1 1.2385E-1 1.25253E-1 1.23774E-1 1.28447E-1 1.3537E-1 1.39259E-1 1.35222E-1 1.33031E-1 1.28184E-1 1.19808E-1 1.21934E-1 1.23662E-1 1.24983E-1 1.21065E-1 1.2829E-1 1.27506E-1 1.31498E-1 1.37773E-1 1.45E-1 1.48162E-1 1.45677E-1 1.38247E-1 1.37933E-1 1.45913E-1 1.50706E-1 1.47843E-1 1.44859E-1 1.42942E-1 1.4445E-1 1.50249E-1 1.58766E-1 1.64762E-1 1.71776E-1 1.67897E-1 1.58349E-1 1.64736E-1 1.74487E-1 1.74142E-1
1.16866E-1 1.21755E-1 1.24042E-1 1.33576E-1 1.33515E-1 1.2724E-1 1.26509E-1 1.26673E-1 1.27492E-1 1.22941E-1 1.22006E-1 1.28346E-1 1.32236E-1 1.3651E-1 1.38613E-1 1.36291E-1 1.32843E-1 1.32145E-1 1.27699E-1 1.26691E-1 1.30372E-1 1.29909E-1 1.34995E-1 1.32996E-1 1.33726E-1 1.34862E-1 1.36112E-1 1.39149E-1 1.40888E-1 1.34793E-1 1.31486E-1 1.26236E-1 1.23509E-1 1.21198E-1 1.23528E-1 1.24617E-1 1.29447E-1 1.32935E-1 1.35306E-1 1.37288E-1 1.459E-1 1.48135E-1 1.5178E-1 1.49413E-1 1.44138E-1 1.37936E-1 1.39741E-1 1.49842E-1 1.52339E-1 1.4937E-1 1.44585E-1 1.45736E-1 1.5106E-1 1.51526E-1 1.55593E-1 1.6257E-1 1.59932E-1 1.60632E-1 1.59576E-1 1.61664E-1 1.61765E-1
1.20272E-1 1.23582E-1 1.28043E-1 1.3047E-1 1.27716E-1 1.28192E-1 1.28056E-1 1.31938E-1 1.30485E-1 1.28394E-1 1.25391E-1 1.28702E-1 1.30559E-1 1.35547E-1 1.48623E-1 1.45454E-1 1.42447E-1 1.38116E-1 1.31824E-1 1.30017E-1 1.33512E-1 1.38043E-1 1.47299E-1 1.57131E-1 1.52928E-1 1.49171E-1 1.41036E-1 1.41206E-1 1.39471E-1 1.3803E-1 1.35237E-1 1.2965E-1 1.23406E-1 1.19653E-1 1.2212E-1 1.26376E-1 1.33311E-1 1.34294E-1 1.38528E-1 1.3884E-1 1.44974E-1 1.46756E-1 1.48754E-1 1.48143E-1 1.45541E-1 1.38816E-1 1.42048E-1 1.52756E-1 1.48994E-1 1.42363E-1 1.46572E-1 1.50012E-1 1.48428E-1 1.49081E-1 1.48203E-1 1.54053E-1 1.59277E-1 1.58339E-1 1.57081E-1 1.58563E-1 1.57271E-1
1.21879E-1 1.22226E-1 1.25011E-1 1.25224E-1 1.24754E-1 1.28787E-1 1.29985E-1 1.32385E-1 1.29777E-1 1.31109E-1 1.2936E-1 1.33609E-1 1.29069E-1 1.28138E-1 1.42784E-1 1.50534E-1 1.43912E-1 1.41344E-1 1.36612E-1 1.32631E-1 1.36205E-1 1.45961E-1 1.54571E-1 1.5476E-1 1.59862E-1 1.58018E-1 1.48034E-1 1.40511E-1 1.36494E-1 1.36124E-1 1.4058E-1 1.3396E-1 1.26076E-1 1.26627E-1 1.29525E-1 1.31909E-1 1.34747E-1 1.38206E-1 1.41742E-1 1.4094E-1 1.46498E-1 1.46161E-1 1.51811E-1 1.50724E-1 1.52738E-1 1.46347E-1 1.44623E-1 1.48642E-1 1.56139E-1 1.49086E-1 1.48975E-1 1.5338E-1 1.48787E-1 1.44694E-1 1.4657E-1 1.45399E-1 1.53101E-1 1.56048E-1 1.55476E-1 1.557E-1 1.59025E-1
1.26801E-1 1.26129E-1 1.24107E-1 1.26946E-1 1.26951E-1 1.27072E-1 1.27158E-1 1.27861E-1 1.33367E-1 1.33335E-1 1.35798E-1 1.3789E-1 1.36719E-1 1.26043E-1 1.29287E-1 1.40728E-1 1.42577E-1 1.39415E-1 1.35363E-1 1.35064E-1 1.43781E-1 1.50949E-1 1.50401E-1 1.52996E-1 1.5922E-1 1.61385E-1 1.54176E-1 1.35909E-1 1.31908E-1 1.35754E-1 1.36134E-1 1.37097E-1 1.35063E-1 1.38574E-1 1.41952E-1 1.46839E-1 1.52822E-1 1.48138E-1 1.44269E-1 1.44148E-1 1.41932E-1 1.46304E-1 1.45419E-1 1.4895E-1 1.51255E-1 1.49101E-1 1.45288E-1 1.53573E-1 1.55015E-1 1.50223E-1 1.50235E-1 1.48085E-1 1.50979E-1 1.51621E-1 1.4681E-1 1.48426E-1 1.59261E-1 1.62175E-1 1.66702E-1 1.60943E-1 1.59663E-1
1.28055E-1 1.30015E-1 1.32444E-1 1.31726E-1 1.30489E-1 1.2705E-1 1.279E-1 1.2928E-1 1.31075E-1 1.36342E-1 1.37682E-1 1.41996E-1 1.37826E-1 1.27502E-1 1.26189E-1 1.31796E-1 1.32184E-1 1.33471E-1 1.3611E-1 1.38163E-1 1.45008E-1 1.46655E-1 1.51022E-1 1.5286E-1 1.59981E-1 1.61724E-1 1.56158E-1 1.4058E-1 1.31251E-1 1.31027E-1 1.373E-1 1.43843E-1 1.5008E-1 1.50794E-1 1.50554E-1 1.52708E-1 1.59301E-1 1.55215E-1 1.56147E-1 1.53044E-1 1.45194E-1 1.4189E-1 1.45552E-1 1.48951E-1 1.56338E-1 1.53773E-1 1.47914E-1 1.42125E-1 1.47258E-1 1.5509E-1 1.50689E-1 1.50037E-1 1.54039E-1 1.55889E-1 1.56903E-1 1.51762E-1 1.59343E-1 1.6694E-1 1.69923E-1 1.64684E-1 1.58473E-1
1.308E-1 1.38271E-1 1.41424E-1 1.36602E-1 1.33431E-1 1.29801E-1 1.31079E-1 1.27009E-1 1.28625E-1 1.3526E-1 1.3616E-1 1.34359E-1 1.30324E-1 1.23529E-1 1.22203E-1 1.26507E-1 1.35654E-1 1.33981E-1 1.3946E-1 1.36543E-1 1.34044E-1 1.42095E-1 1.64523E-1 1.63203E-1 1.6414E-1 1.68251E-1 1.39325E-1 1.32553E-1 1.32029E-1 1.34596E-1 1.39282E-1 1.51772E-1 1.48864E-1 1.51472E-1 1.5376E-1 1.54302E-1 1.61718E-1 1.61979E-1 1.64102E-1 1.57742E-1 1.51558E-1 1.48696E-1 1.449E-1 1.4988E-1 1.53307E-1 1.54535E-1 1.51496E-1 1.40451E-1 1.33664E-1 1.43441E-1 1.45267E-1 1.46E-1 1.45044E-1 1.50853E-1 1.53343E-1 1.56004E-1 1.58598E-1 1.65424E-1 1.65713E-1 1.67612E-1 1.6513E-1
