maxent_outputs/red_flowers_linear/red_277.asc
ncols         426
nrows         180
xllcorner     -130.0
yllcorner     24.0
cellsize      0.16666666666666666
NODATA_value  -9999
[rows 54 to 80 of 180, columns 305 to 365 of 426]
5.07855E-2 5.12021E-2 5.19639E-2 4.88456E-2 4.56794E-2 4.33053E-2 4.0707E-2 3.86657E-2 3.73804E-2 3.65998E-2 3.47884E-2 3.54339E-2 3.42524E-2 3.38609E-2 3.55432E-2 3.69087E-2 3.67681E-2 3.72384E-2 3.95028E-2 4.11421E-2 4.32239E-2 4.45645E-2 4.20889E-2 4.61257E-2 5.0958E-2 4.93925E-2 4.55181E-2 4.4613E-2 4.57801E-2 4.87982E-2 4.74948E-2 4.53442E-2 3.99625E-2 2.96319E-2 2.40449E-2 2.90984E-2 3.26355E-2 3.81134E-2 4.40617E-2 6.03023E-2 5.54146E-2 4.93496E-2 4.82796E-2 5.16613E-2 4.99068E-2 4.43128E-2 3.91271E-2 5.10193E-2 3.95788E-2 4.05494E-2 4.26451E-2 5.41689E-2 5.62135E-2 5.42342E-2 4.99328E-2 4.83609E-2 4.85621E-2 5.06092E-2 5.33197E-2 5.41645E-2 5.61818E-2
5.01107E-2 5.02288E-2 5.28807E-2 5.05074E-2 4.81246E-2 4.50978E-2 4.28212E-2 4.14275E-2 4.0508E-2 3.87013E-2 3.81223E-2 3.7995E-2 3.76015E-2 3.86409E-2 4.02552E-2 4.37605E-2 4.68001E-2 5.03882E-2 4.70197E-2 4.60053E-2 4.55496E-2 4.43748E-2 4.4713E-2 4.2516E-2 4.20499E-2 4.18488E-2 4.19523E-2 4.43587E-2 4.87298E-2 4.94681E-2 4.90385E-2 4.7885E-2 4.47758E-2 3.44763E-2 2.86965E-2 3.12603E-2 3.42275E-2 3.84441E-2 4.81838E-2 5.53335E-2 5.24269E-2 4.76547E-2 4.93299E-2 4.67109E-2 4.44925E-2 4.21214E-2 5.52123E-2 4.3721E-2 3.7608E-2 4.24259E-2 5.54401E-2 5.98573E-2 5.73652E-2 5.98845E-2 6.10617E-2 5.26214E-2 5.25931E-2 5.28752E-2 5.65719E-2 6.17776E-2 7.04428E-2
5.37078E-2 5.37291E-2 5.41143E-2 5.07923E-2 5.08302E-2 4.74681E-2 4.53935E-2 4.57626E-2 4.62886E-2 4.42256E-2 4.21538E-2 4.31481E-2 4.38752E-2 4.5137E-2 4.77196E-2 5.37305E-2 5.7396E-2 5.44454E-2 5.46493E-2 5.20808E-2 5.05399E-2 4.63034E-2 4.10971E-2 4.00799E-2 3.96568E-2 4.29777E-2 4.35633E-2 4.72523E-2 4.71269E-2 4.819E-2 4.73496E-2 4.5392E-2 4.4114E-2 4.01634E-2 4.02614E-2 3.75067E-2 3.71542E-2 4.14916E-2 5.24043E-2 4.54212E-2 4.63524E-2 4.9499E-2 4.47349E-2 4.33233E-2 4.64179E-2 3.9591E-2 5.36233E-2 4.24095E-2 5.04576E-2 6.53696E-2 5.54822E-2 5.84367E-2 5.97679E-2 6.57745E-2 6.53583E-2 6.7107E-2 6.01907E-2 6.00341E-2 6.73286E-2 7.80195E-2 8.68731E-2
5.21081E-2 5.23686E-2 5.15522E-2 5.20074E-2 5.20019E-2 4.61472E-2 4.39227E-2 4.53825E-2 4.76972E-2 4.75182E-2 4.79599E-2 5.02879E-2 5.02486E-2 4.9853E-2 5.49958E-2 6.10305E-2 6.1198E-2 5.76119E-2 5.62622E-2 5.80179E-2 5.46815E-2 4.64232E-2 4.17647E-2 4.27365E-2 4.34935E-2 4.4456E-2 4.66299E-2 4.61504E-2 4.84866E-2 4.69695E-2 4.54705E-2 5.12542E-2 4.98174E-2 4.9759E-2 4.68039E-2 4.52246E-2 4.01342E-2 4.81765E-2 5.01478E-2 5.39248E-2 4.97085E-2 5.02014E-2 4.21738E-2 4.20377E-2 4.177E-2 3.92156E-2 6.37454E-2 6.32642E-2 7.31383E-2 7.17152E-2 6.31885E-2 7.00579E-2 6.92892E-2 7.19056E-2 7.18205E-2 7.16466E-2 6.78865E-2 7.26919E-2 8.37857E-2 9.44981E-2 1.01958E-1
4.88834E-2 5.22785E-2 5.30681E-2 5.32499E-2 5.27519E-2 4.99717E-2 4.9672E-2 4.78092E-2 4.99984E-2 5.37544E-2 5.71582E-2 5.83326E-2 5.75648E-2 5.68744E-2 6.24918E-2 6.79058E-2 7.16595E-2 7.01001E-2 7.03482E-2 5.83921E-2 5.09337E-2 4.63705E-2 4.65306E-2 4.72548E-2 4.93315E-2 5.05078E-2 4.97158E-2 5.29414E-2 5.27187E-2 5.29649E-2 5.34057E-2 5.24733E-2 5.8064E-2 5.35644E-2 4.72533E-2 4.36668E-2 4.6549E-2 5.98869E-2 5.41635E-2 4.92702E-2 5.17297E-2 5.30182E-2 4.41865E-2 4.40649E-2 4.59858E-2 7.4372E-2 1.02842E-1 1.55611E-1 1.0345E-1 8.33852E-2 8.28798E-2 7.68555E-2 8.2545E-2 7.95488E-2 8.10508E-2 8.27393E-2 8.27516E-2 8.66728E-2 9.56879E-2 1.07505E-1 1.13144E-1
5.49058E-2 5.61667E-2 5.45466E-2 6.19243E-2 6.08275E-2 5.69293E-2 5.53966E-2 5.52088E-2 5.91526E-2 6.3696E-2 6.76196E-2 7.38137E-2 6.8715E-2 7.83459E-2 9.09779E-2 1.09205E-1 9.38443E-2 8.07536E-2 6.89004E-2 6.05727E-2 5.47354E-2 5.3173E-2 5.49576E-2 5.46994E-2 5.56936E-2 5.59853E-2 5.87424E-2 5.88197E-2 5.79907E-2 5.63956E-2 5.74277E-2 6.87526E-2 6.5357E-2 5.99231E-2 4.99473E-2 4.4786E-2 5.33772E-2 6.54672E-2 6.68992E-2 5.71841E-2 6.08219E-2 5.21294E-2 4.54197E-2 5.93436E-2 7.90952E-2 1.07528E-1 1.12746E-1 1.0862E-1 1.06141E-1 8.96961E-2 9.24401E-2 9.22765E-2 9.25633E-2 9.39871E-2 9.68181E-2 9.7128E-2 9.79422E-2 1.04364E-1 1.06647E-1 1.06643E-1 1.10756E-1
6.27488E-2 7.09995E-2 6.78044E-2 7.21593E-2 7.7053E-2 8.11024E-2 8.26285E-2 8.50194E-2 9.15493E-2 9.65096E-2 9.48071E-2 9.1077E-2 8.00486E-2 1.02083E-1 1.29899E-1 1.30139E-1 1.2453E-1 1.01191E-1 8.55982E-2 7.91191E-2 7.35785E-2 6.30269E-2 5.78677E-2 6.25519E-2 6.45913E-2 6.64096E-2 6.67129E-2 6.60761E-2 6.55463E-2 5.98219E-2 5.67543E-2 5.9451E-2 6.29592E-2 6.41185E-2 5.3138E-2 4.7907E-2 5.80142E-2 7.44387E-2 7.21038E-2 5.84375E-2 6.2778E-2 5.89092E-2 5.78269E-2 6.83594E-2 8.09004E-2 9.42176E-2 1.23996E-1 1.19717E-1 1.14069E-1 1.03951E-1 1.01035E-1 1.20421E-1 1.09226E-1 9.85913E-2 1.03105E-1 1.098E-1 1.19197E-1 1.23263E-1 1.18238E-1 1.21769E-1 1.43335E-1
8.61076E-2 1.01207E-1 1.02991E-1 1.06315E-1 1.07247E-1 1.02941E-1 1.00614E-1 1.00713E-1 1.05592E-1 1.12084E-1 1.22308E-1 1.27647E-1 1.29629E-1 1.45139E-1 1.55434E-1 1.60554E-1 1.58744E-1 1.21285E-1 9.69113E-2 9.14834E-2 8.41127E-2 8.20298E-2 7.1976E-2 7.78424E-2 7.89529E-2 7.6426E-2 8.04878E-2 7.98952E-2 7.90657E-2 6.50444E-2 6.8583E-2 6.89354E-2 6.88017E-2 7.05833E-2 5.94105E-2 5.45648E-2 5.82192E-2 8.05458E-2 7.90959E-2 7.35554E-2 6.82377E-2 6.02347E-2 7.08276E-2 7.83844E-2 7.62201E-2 8.57777E-2 9.60801E-2 1.18381E-1 1.07399E-1 1.0544E-1 1.02468E-1 1.10785E-1 1.05905E-1 1.11575E-1 1.21071E-1 1.28292E-1 1.26662E-1 1.31764E-1 -9999 1.9175E-1 -9999
1.11516E-1 1.13149E-1 1.12135E-1 1.12103E-1 1.06866E-1 1.02013E-1 1.00085E-1 9.98011E-2 1.04842E-1 1.12909E-1 1.20752E-1 1.31333E-1 1.401E-1 1.50299E-1 1.57454E-1 1.61801E-1 1.48841E-1 1.25478E-1 1.09603E-1 1.05687E-1 9.82323E-2 9.29434E-2 9.66592E-2 9.7725E-2 9.8704E-2 9.61264E-2 9.58097E-2 9.52582E-2 8.73608E-2 8.15991E-2 7.74199E-2 7.98969E-2 7.31621E-2 7.28317E-2 6.23499E-2 5.81638E-2 6.26549E-2 6.95955E-2 9.57372E-2 8.45603E-2 7.06371E-2 7.47215E-2 7.71274E-2 8.08286E-2 7.94212E-2 8.47957E-2 9.43328E-2 1.11265E-1 1.13936E-1 1.11083E-1 1.13567E-1 1.11715E-1 1.15027E-1 1.30238E-1 -9999 -9999 -9999 -9999 -9999 -9999 -9999
1.19562E-1 1.17475E-1 1.09739E-1 9.84488E-2 9.31168E-2 8.70747E-2 8.31127E-2 8.1233E-2 8.92001E-2 1.06108E-1 1.14133E-1 1.20737E-1 1.26256E-1 1.28754E-1 1.23886E-1 1.08148E-1 1.09966E-1 1.04941E-1 1.10344E-1 1.16182E-1 1.12528E-1 1.07321E-1 1.17955E-1 1.1354E-1 1.02352E-1 1.00647E-1 1.03699E-1 1.06095E-1 9.94011E-2 9.08519E-2 9.08629E-2 8.64637E-2 7.8605E-2 6.64169E-2 5.98171E-2 6.20822E-2 7.67612E-2 8.87951E-2 9.934E-2 8.79076E-2 7.79986E-2 8.73433E-2 8.63162E-2 8.77921E-2 9.05808E-2 8.62298E-2 9.15688E-2 9.90518E-2 1.15059E-1 1.17814E-1 1.22903E-1 1.23728E-1 1.30313E-1 -9999 -9999 -9999 -9999 -9999 -9999 -9999 -9999
9.72686E-2 9.66407E-2 9.34906E-2 8.57454E-2 7.9379E-2 7.49506E-2 6.87634E-2 6.57661E-2 7.38926E-2 8.44783E-2 8.39594E-2 8.36218E-2 8.40793E-2 8.91661E-2 9.19328E-2 9.47937E-2 9.76776E-2 9.55682E-2 9.73467E-2 1.07198E-1 9.90591E-2 8.90919E-2 9.08271E-2 8.92739E-2 8.69469E-2 8.942E-2 9.88247E-2 1.0066E-1 1.04734E-1 9.768E-2 9.35757E-2 8.76438E-2 7.45607E-2 6.10803E-2 6.33147E-2 7.58739E-2 1.02116E-1 1.20443E-1 1.16011E-1 9.36142E-2 8.49144E-2 1.02202E-1 1.08747E-1 1.05823E-1 9.83341E-2 8.47632E-2 8.43873E-2 1.02843E-1 1.10883E-1 1.16418E-1 1.3392E-1 1.40242E-1 -9999 -9999 -9999 -9999 -9999 -9999 -9999 -9999 -9999
1.03269E-1 1.05961E-1 9.73742E-2 8.64579E-2 8.12576E-2 7.50035E-2 6.81051E-2 6.59232E-2 7.20995E-2 7.96024E-2 7.89157E-2 7.75287E-2 7.84951E-2 8.20086E-2 8.40423E-2 8.56926E-2 8.91502E-2 9.16468E-2 8.83145E-2 9.05704E-2 8.83805E-2 8.52744E-2 8.65842E-2 8.72835E-2 8.31957E-2 7.61282E-2 7.7147E-2 9.42286E-2 9.73403E-2 9.3177E-2 9.04934E-2 8.33854E-2 7.38131E-2 6.52319E-2 6.67904E-2 8.79899E-2 1.18889E-1 1.42584E-1 1.22095E-1 1.08905E-1 9.1132E-2 1.08606E-1 1.27541E-1 1.22205E-1 1.18977E-1 1.03877E-1 9.51623E-2 1.05587E-1 1.10158E-1 1.22066E-1 1.47419E-1 1.41128E-1 -9999 -9999 -9999 -9999 -9999 -9999 -9999 -9999 -9999
9.49534E-2 1.08891E-1 1.07645E-1 9.26501E-2 8.51163E-2 7.95721E-2 7.3553E-2 6.9103E-2 6.77403E-2 6.88559E-2 7.26658E-2 7.4274E-2 7.4767E-2 7.81563E-2 8.0496E-2 8.2475E-2 8.92889E-2 9.57867E-2 9.74549E-2 9.62874E-2 1.01549E-1 9.22253E-2 9.21212E-2 9.0368E-2 8.58884E-2 8.5538E-2 7.8862E-2 7.70528E-2 8.12221E-2 8.20265E-2 8.38001E-2 7.94104E-2 7.40287E-2 6.8671E-2 6.91024E-2 8.31515E-2 1.41616E-1 1.60142E-1 1.48817E-1 1.05243E-1 9.9324E-2 9.97984E-2 1.3641E-1 1.3114E-1 1.36092E-1 1.24278E-1 1.14076E-1 1.24625E-1 1.29139E-1 1.45598E-1 1.50668E-1 2.26911E-1 -9999 -9999 -9999 -9999 -9999 -9999 -9999 -9999 -9999
1.11098E-1 1.03075E-1 1.02611E-1 9.4484E-2 8.53028E-2 8.4083E-2 7.57472E-2 6.75434E-2 6.66087E-2 7.04877E-2 7.90324E-2 7.36707E-2 7.46563E-2 7.97549E-2 8.35888E-2 8.44457E-2 9.29646E-2 1.006E-1 9.96013E-2 9.74673E-2 9.56696E-2 8.95626E-2 9.0003E-2 8.31354E-2 8.32378E-2 8.60006E-2 8.6797E-2 8.38308E-2 8.53669E-2 8.73126E-2 8.49474E-2 8.08957E-2 7.77505E-2 7.92402E-2 9.59286E-2 1.02183E-1 1.43486E-1 1.55973E-1 1.48419E-1 1.19553E-1 1.06372E-1 1.1328E-1 1.21553E-1 1.37611E-1 1.49465E-1 1.43469E-1 1.47083E-1 1.52672E-1 1.68746E-1 1.60221E-1 1.63177E-1 1.73463E-1 -9999 -9999 -9999 -9999 -9999 -9999 -9999 -9999 -9999
9.38411E-2 9.16953E-2 9.07064E-2 8.72659E-2 8.09621E-2 7.94718E-2 7.22885E-2 7.31889E-2 6.74401E-2 6.82446E-2 7.0426E-2 7.28101E-2 7.56074E-2 7.32279E-2 8.41136E-2 8.38357E-2 9.17316E-2 9.81522E-2 1.00898E-1 9.59843E-2 9.87001E-2 9.35712E-2 9.27438E-2 8.58072E-2 8.36597E-2 8.4134E-2 8.13903E-2 8.63617E-2 8.93715E-2 9.24328E-2 9.48763E-2 8.2446E-2 7.85878E-2 8.40193E-2 1.01083E-1 1.23879E-1 1.38899E-1 1.41284E-1 1.41339E-1 1.15249E-1 1.24645E-1 1.11531E-1 1.18143E-1 1.43219E-1 1.59837E-1 1.60652E-1 1.7152E-1 1.80623E-1 1.81283E-1 1.74372E-1 1.7232E-1 1.76685E-1 -9999 -9999 -9999 -9999 -9999 -9999 -9999 -9999 -9999
9.77784E-2 9.43344E-2 8.90714E-2 8.5937E-2 7.79715E-2 7.53888E-2 7.17961E-2 7.6722E-2 6.99548E-2 6.77362E-2 6.59797E-2 7.31099E-2 7.47355E-2 7.38285E-2 8.38219E-2 8.5596E-2 9.36527E-2 1.03742E-1 1.01846E-1 1.00123E-1 9.84012E-2 9.71665E-2 9.64566E-2 9.28726E-2 9.02909E-2 8.74501E-2 8.25086E-2 9.05543E-2 9.13776E-2 1.00007E-1 8.98711E-2 8.928E-2 8.28457E-2 8.83106E-2 1.05693E-1 1.20426E-1 1.42221E-1 1.45888E-1 1.49948E-1 1.19195E-1 1.4142E-1 1.30532E-1 1.2268E-1 1.49013E-1 1.70944E-1 1.84467E-1 1.85063E-1 2.00084E-1 2.04586E-1 1.89777E-1 -9999 -9999 -9999 -9999 -9999 -9999 -9999 -9999 -9999 -9999 -9999
9.67924E-2 9.82053E-2 9.83406E-2 9.04304E-2 8.38733E-2 7.8665E-2 7.61288E-2 7.52338E-2 7.54137E-2 7.55523E-2 7.21094E-2 7.28725E-2 7.91929E-2 7.96076E-2 8.12957E-2 8.86147E-2 9.43446E-2 9.98957E-2 1.03626E-1 1.06379E-1 1.0417E-1 1.02847E-1 1.03042E-1 1.03411E-1 9.87579E-2 9.48301E-2 9.39087E-2 1.03193E-1 1.21216E-1 1.25257E-1 1.27855E-1 1.04009E-1 9.55691E-2 1.03854E-1 1.14518E-1 1.33475E-1 1.57589E-1 1.6187E-1 1.62564E-1 1.50746E-1 1.48956E-1 1.54115E-1 1.55617E-1 1.80219E-1 1.95359E-1 2.0319E-1 1.98732E-1 2.18444E-1 2.22686E-1 2.18337E-1 2.14082E-1 -9999 -9999 -9999 -9999 -9999 -9999 -9999 -9999 -9999 -9999
1.0784E-1 1.09801E-1 1.07193E-1 1.00477E-1 9.09057E-2 8.50004E-2 8.24996E-2 7.89737E-2 7.84275E-2 7.86161E-2 7.56425E-2 7.70827E-2 7.9788E-2 8.40781E-2 8.7066E-2 8.94154E-2 9.36774E-2 9.82297E-2 1.06637E-1 1.11812E-1 1.08955E-1 1.0664E-1 1.09294E-1 1.14157E-1 1.13635E-1 1.10972E-1 1.14296E-1 1.43651E-1 1.56338E-1 1.58684E-1 1.41173E-1 1.14432E-1 1.12214E-1 1.12941E-1 1.34358E-1 1.41963E-1 1.65921E-1 1.79566E-1 1.67663E-1 1.68533E-1 1.72748E-1 1.8623E-1 1.92399E-1 1.88653E-1 2.1194E-1 2.17916E-1 2.16837E-1 2.24195E-1 2.36458E-1 2.3203E-1 2.32778E-1 2.24828E-1 -9999 1.9175E-1 1.98402E-1 -9999 -9999 -9999 -9999 -9999 -9999
1.1524E-1 1.19087E-1 1.17475E-1 1.10732E-1 9.56957E-2 9.11663E-2 8.88137E-2 8.96503E-2 8.60095E-2 8.23637E-2 8.00787E-2 7.9578E-2 8.36894E-2 8.36961E-2 9.06768E-2 9.45164E-2 9.93584E-2 1.01559E-1 1.0623E-1 1.12138E-1 1.10113E-1 1.14125E-1 1.19563E-1 1.15551E-1 1.21438E-1 1.2734E-1 1.37207E-1 1.49021E-1 1.75024E-1 1.54953E-1 1.3216E-1 1.28104E-1 1.28359E-1 1.27551E-1 1.38715E-1 1.63919E-1 1.78974E-1 1.9355E-1 1.78452E-1 1.76052E-1 1.90225E-1 1.98752E-1 2.07741E-1 1.97766E-1 2.34459E-1 2.27407E-1 2.26988E-1 2.31499E-1 2.41151E-1 2.49667E-1 2.46954E-1 2.326E-1 -9999 -9999 2.14643E-1 2.31441E-1 -9999 -9999 -9999 -9999 -9999
1.16663E-1 1.1747E-1 1.16701E-1 1.16064E-1 1.07274E-1 1.02987E-1 9.55143E-2 9.54742E-2 9.38846E-2 9.04775E-2 8.31224E-2 7.86908E-2 8.28218E-2 9.13169E-2 9.47357E-2 9.73043E-2 1.00827E-1 1.01863E-1 1.02384E-1 1.06441E-1 1.07012E-1 1.16372E-1 1.25258E-1 1.21353E-1 1.18901E-1 1.26703E-1 1.39465E-1 1.42099E-1 1.47527E-1 1.46921E-1 1.34488E-1 1.35938E-1 1.38672E-1 1.54368E-1 1.70795E-1 1.8326E-1 2.0055E-1 2.05399E-1 2.096E-1 2.03697E-1 2.16958E-1 2.0807E-1 2.15824E-1 2.17777E-1 2.41179E-1 2.26977E-1 2.29147E-1 2.35096E-1 2.4982E-1 2.52361E-1 2.42232E-1 2.36253E-1 2.3712E-1 2.3635E-1 2.41167E-1 2.42312E-1 -9999 -9999 -9999 -9999 -9999
1.18681E-1 1.15513E-1 1.14945E-1 1.16983E-1 1.20275E-1 1.12459E-1 1.07711E-1 1.08114E-1 1.02062E-1 9.84881E-2 9.14796E-2 8.75694E-2 9.03014E-2 9.69809E-2 1.03927E-1 1.05339E-1 1.05805E-1 1.10288E-1 1.10415E-1 1.07143E-1 1.06106E-1 1.19255E-1 1.2906E-1 1.2504E-1 1.30909E-1 1.38668E-1 1.52886E-1 1.65031E-1 1.56742E-1 1.38085E-1 1.48201E-1 1.49672E-1 1.6271E-1 1.80434E-1 1.85689E-1 1.96496E-1 2.17298E-1 2.33798E-1 2.35905E-1 2.44149E-1 2.40498E-1 2.4521E-1 2.40917E-1 2.43546E-1 2.41107E-1 2.25277E-1 2.15538E-1 2.38516E-1 2.42818E-1 2.50401E-1 2.52718E-1 2.45599E-1 2.34846E-1 2.3451E-1 2.30718E-1 2.54479E-1 -9999 -9999 -9999 -9999 -9999
1.22602E-1 1.18764E-1 1.20336E-1 1.26715E-1 1.26793E-1 1.22313E-1 1.22781E-1 1.16182E-1 1.11682E-1 1.0992E-1 1.06927E-1 1.07051E-1 1.10848E-1 1.12452E-1 1.16063E-1 1.14703E-1 1.1863E-1 1.22581E-1 1.231E-1 1.13825E-1 1.17878E-1 1.30853E-1 1.32805E-1 1.42309E-1 1.44383E-1 1.48998E-1 1.55744E-1 1.63299E-1 1.61228E-1 1.59571E-1 1.79831E-1 1.89061E-1 1.96198E-1 2.01603E-1 2.15405E-1 2.24272E-1 2.48653E-1 2.58092E-1 2.66053E-1 2.82091E-1 2.82902E-1 2.80499E-1 2.58882E-1 2.38907E-1 2.27125E-1 2.1957E-1 2.23505E-1 2.35929E-1 2.42766E-1 2.45909E-1 2.47734E-1 2.38748E-1 2.41382E-1 2.63539E-1 2.24121E-1 -9999 -9999 -9999 -9999 -9999 -9999
1.36171E-1 1.3174E-1 1.32689E-1 1.33541E-1 1.38796E-1 1.35899E-1 1.30785E-1 1.26699E-1 1.26985E-1 1.21463E-1 1.26854E-1 1.26883E-1 1.30989E-1 1.36672E-1 1.24486E-1 1.20899E-1 1.21324E-1 1.20102E-1 1.21932E-1 1.27393E-1 1.39791E-1 1.46845E-1 1.64425E-1 1.61067E-1 1.53649E-1 1.56774E-1 1.59983E-1 1.64346E-1 1.82348E-1 1.96789E-1 2.07023E-1 1.94856E-1 1.98174E-1 2.18996E-1 2.35413E-1 2.49475E-1 2.63326E-1 2.77731E-1 2.85552E-1 2.85913E-1 2.88307E-1 2.73466E-1 2.54618E-1 2.41276E-1 2.24222E-1 2.1207E-1 -9999 -9999 -9999 -9999 2.45943E-1 -9999 -9999 2.22429E-1 2.08604E-1 2.07901E-1 -9999 -9999 -9999 -9999 -9999
1.46779E-1 1.47124E-1 1.43002E-1 1.52827E-1 1.46163E-1 1.3875E-1 1.33923E-1 1.36816E-1 1.38802E-1 1.36304E-1 1.38297E-1 1.43115E-1 1.50604E-1 1.44633E-1 1.3224E-1 1.30534E-1 1.26517E-1 1.34028E-1 1.38825E-1 1.4542E-1 1.44575E-1 1.60166E-1 1.74024E-1 1.59792E-1 1.63802E-1 1.63431E-1 1.62224E-1 1.91966E-1 2.19624E-1 2.16654E-1 2.16555E-1 2.13789E-1 2.2234E-1 2.33928E-1 2.46086E-1 2.45362E-1 2.7903E-1 -9999 -9999 2.84504E-1 2.91725E-1 2.75955E-1 2.61534E-1 2.53956E-1 -9999 2.1911E-1 -9999 -9999 -9999 -9999 -9999 -9999 -9999 -9999 -9999 -9999 -9999 -9999 -9999 -9999 -9999
1.64886E-1 1.66321E-1 1.64286E-1 1.57367E-1 1.57818E-1 1.48868E-1 1.53256E-1 1.53772E-1 1.47658E-1 1.50103E-1 1.5527E-1 1.59686E-1 1.61953E-1 1.51536E-1 1.47044E-1 1.39308E-1 1.39837E-1 1.53971E-1 1.68837E-1 1.73118E-1 1.61705E-1 1.63583E-1 1.60019E-1 1.71134E-1 1.72467E-1 1.7745E-1 1.98111E-1 2.24687E-1 2.27859E-1 2.31783E-1 2.42592E-1 2.4532E-1 2.38373E-1 2.66831E-1 2.8141E-1 2.76989E-1 2.73036E-1 2.83156E-1 2.62531E-1 2.4446E-1 2.82168E-1 2.62675E-1 2.57077E-1 -9999 -9999 -9999 -9999 -9999 -9999 -9999 -9999 -9999 -9999 -9999 -9999 -9999 -9999 -9999 -9999 -9999 -9999
1.77397E-1 1.81555E-1 1.73188E-1 1.67554E-1 1.6653E-1 1.67369E-1 1.60316E-1 1.6104E-1 1.66363E-1 1.6066E-1 1.68E-1 1.73439E-1 1.74939E-1 1.64715E-1 1.63775E-1 1.60094E-1 1.64553E-1 1.73518E-1 1.84985E-1 1.84699E-1 1.66294E-1 1.61795E-1 1.6542E-1 1.69867E-1 1.88244E-1 2.02141E-1 2.11243E-1 2.23376E-1 2.33917E-1 2.60518E-1 2.76362E-1 2.83236E-1 2.87324E-1 2.41367E-1 2.57225E-1 2.64195E-1 2.65002E-1 2.63407E-1 2.4252E-1 2.2026E-1 -9999 -9999 -9999 -9999 -9999 -9999 -9999 -9999 -9999 -9999 -9999 -9999 -9999 -9999 -9999 -9999 -9999 -9999 -9999 -9999 -9999
1.9346E-1 1.97496E-1 1.86993E-1 1.76408E-1 1.75266E-1 1.68209E-1 1.59597E-1 1.6276E-1 1.63859E-1 1.6484E-1 1.68291E-1 1.77062E-1 1.83421E-1 1.80034E-1 1.80775E-1 1.84077E-1 1.79837E-1 1.87986E-1 1.89497E-1 1.8685E-1 1.80127E-1 1.76924E-1 1.89778E-1 1.91442E-1 1.98362E-1 2.07996E-1 2.0809E-1 2.26113E-1 2.44971E-1 2.66238E-1 2.8621E-1 2.99761E-1 2.89225E-1 2.46736E-1 2.44062E-1 2.6031E-1 2.78451E-1 -9999 -9999 -9999 -9999 -9999 -9999 -9999 -9999 -9999 -9999 -9999 -9999 -9999 -9999 -9999 -9999 -9999 -9999 -9999 -9999 -9999 -9999 -9999 -9999
