maxent_outputs/red_flowers_linear/red_287.asc
ncols         426
nrows         180
xllcorner     -130.0
yllcorner     24.0
cellsize      0.16666666666666666
NODATA_value  -9999
[rows 27 to 53 of 180, columns 305 to 365 of 426]
5.54731E-3 5.41595E-3 5.43897E-3 5.48605E-3 5.37284E-3 5.52498E-3 5.61448E-3 5.61814E-3 5.67825E-3 5.5991E-3 5.50004E-3 5.38134E-3 5.34704E-3 5.45002E-3 5.49685E-3 5.66015E-3 6.01803E-3 5.92355E-3 5.84625E-3 5.99139E-3 6.02297E-3 6.13718E-3 6.34729E-3 6.58184E-3 6.24776E-3 6.70903E-3 7.03603E-3 6.8816E-3 7.37176E-3 7.54827E-3 7.31512E-3 7.31707E-3 7.30754E-3 7.37894E-3 7.59093E-3 7.64303E-3 7.56563E-3 7.51401E-3 7.51406E-3 7.35614E-3 7.28212E-3 7.25481E-3 7.32509E-3 7.45427E-3 7.97247E-3 8.02392E-3 8.19751E-3 8.46754E-3 8.8756E-3 9.24008E-3 9.02574E-3 9.41005E-3 9.61785E-3 9.74543E-3 1.0069E-2 1.04957E-2 1.0414E-2 1.05657E-2 1.14291E-2 1.17368E-2 1.23108E-2
5.92274E-3 5.76008E-3 5.51724E-3 5.47893E-3 5.50224E-3 5.55595E-3 5.62644E-3 5.62322E-3 5.66598E-3 5.65223E-3 5.68494E-3 5.68689E-3 5.40947E-3 5.36422E-3 5.42647E-3 5.68347E-3 5.92626E-3 5.78095E-3 5.89752E-3 6.04861E-3 6.02319E-3 6.22815E-3 6.35687E-3 6.60664E-3 6.42947E-3 7.03448E-3 6.98057E-3 7.16983E-3 7.28288E-3 7.48066E-3 7.4912E-3 7.30163E-3 7.52212E-3 7.55531E-3 7.73535E-3 7.59564E-3 7.42957E-3 7.37141E-3 7.25E-3 7.31912E-3 7.43015E-3 7.42704E-3 7.48473E-3 7.9966E-3 8.18775E-3 8.72124E-3 8.57293E-3 9.00076E-3 9.08043E-3 9.36377E-3 9.71751E-3 9.96985E-3 1.00732E-2 1.02852E-2 1.06928E-2 1.09433E-2 1.08282E-2 1.12834E-2 1.2242E-2 1.37722E-2 1.45376E-2
6.24005E-3 6.10862E-3 5.83485E-3 5.72995E-3 5.67609E-3 5.8084E-3 5.86287E-3 5.92733E-3 5.91869E-3 6.09243E-3 5.99192E-3 6.00337E-3 6.07121E-3 6.20892E-3 5.71707E-3 5.86213E-3 5.82214E-3 5.92796E-3 6.02892E-3 6.16892E-3 6.20755E-3 6.20937E-3 6.38254E-3 6.58632E-3 6.69127E-3 7.02621E-3 7.29043E-3 7.32318E-3 7.38185E-3 7.45874E-3 7.31466E-3 7.39719E-3 7.70676E-3 7.92014E-3 7.92429E-3 7.59282E-3 7.39597E-3 7.32677E-3 7.24925E-3 7.43882E-3 7.62477E-3 7.5692E-3 7.80625E-3 8.20198E-3 8.62899E-3 8.84057E-3 9.45268E-3 1.00115E-2 9.91312E-3 9.95231E-3 1.04369E-2 1.04352E-2 1.08788E-2 1.10584E-2 1.11622E-2 1.16082E-2 1.2306E-2 1.25166E-2 1.29834E-2 1.48889E-2 1.67512E-2
6.33905E-3 6.29651E-3 5.86998E-3 6.2193E-3 6.12935E-3 5.83536E-3 6.06881E-3 6.23224E-3 6.22182E-3 6.43688E-3 6.4148E-3 6.37176E-3 6.37666E-3 6.16889E-3 6.04116E-3 6.12778E-3 6.20064E-3 6.26058E-3 6.25465E-3 6.46614E-3 6.48818E-3 6.66221E-3 6.71357E-3 6.81838E-3 7.07735E-3 7.23122E-3 7.43918E-3 7.60337E-3 7.68407E-3 7.55111E-3 7.72895E-3 7.85634E-3 8.07459E-3 8.25444E-3 7.97163E-3 7.77458E-3 7.76329E-3 7.59693E-3 7.34973E-3 7.73521E-3 7.94071E-3 7.88518E-3 7.44641E-3 7.86864E-3 8.43497E-3 9.17973E-3 1.00323E-2 1.05473E-2 1.03844E-2 1.0762E-2 1.13652E-2 1.10061E-2 1.21368E-2 1.2117E-2 1.26609E-2 1.33574E-2 1.39802E-2 1.4723E-2 1.59576E-2 1.76065E-2 1.98648E-2
6.91793E-3 7.00415E-3 6.20006E-3 6.22706E-3 6.26575E-3 6.26118E-3 6.7714E-3 6.83912E-3 6.88541E-3 6.83148E-3 6.95624E-3 6.85413E-3 7.16698E-3 7.30993E-3 6.73414E-3 6.59027E-3 6.58819E-3 6.54789E-3 6.63229E-3 6.62236E-3 7.02133E-3 6.991E-3 7.03023E-3 7.59102E-3 7.54885E-3 7.73626E-3 8.13002E-3 8.27147E-3 7.93035E-3 8.04955E-3 7.81927E-3 7.89394E-3 8.36731E-3 8.44315E-3 8.48159E-3 8.39364E-3 8.43937E-3 8.73363E-3 8.26986E-3 8.36065E-3 8.41726E-3 9.17523E-3 8.67325E-3 8.50276E-3 8.783E-3 8.98041E-3 1.00488E-2 1.1261E-2 1.14627E-2 1.18585E-2 1.1971E-2 1.2003E-2 1.27022E-2 1.2963E-2 1.38028E-2 1.48408E-2 1.57018E-2 1.66899E-2 1.80518E-2 1.91059E-2 2.02118E-2
7.75594E-3 7.92294E-3 7.86349E-3 7.49444E-3 7.03127E-3 7.19045E-3 7.43854E-3 6.84896E-3 6.98263E-3 7.42546E-3 7.33778E-3 7.6617E-3 8.42371E-3 7.45025E-3 7.14422E-3 7.25603E-3 7.14257E-3 6.90392E-3 6.9884E-3 7.35688E-3 7.51685E-3 7.48005E-3 7.41284E-3 8.20423E-3 8.65103E-3 8.80704E-3 9.31018E-3 9.24746E-3 8.92421E-3 8.75102E-3 8.23946E-3 8.10201E-3 8.40161E-3 8.55893E-3 8.67348E-3 8.616E-3 8.54196E-3 9.15393E-3 9.40146E-3 9.80856E-3 1.0237E-2 1.20376E-2 1.36136E-2 1.35515E-2 1.16882E-2 1.08665E-2 1.08545E-2 1.05811E-2 1.15972E-2 1.36519E-2 1.3929E-2 1.40947E-2 1.42389E-2 1.46076E-2 1.56193E-2 1.70704E-2 1.76724E-2 1.89167E-2 2.03067E-2 1.94645E-2 1.92569E-2
9.11501E-3 8.5552E-3 9.00296E-3 9.22612E-3 9.30591E-3 9.28971E-3 8.94008E-3 8.08199E-3 7.87441E-3 7.57059E-3 8.44843E-3 9.57871E-3 9.35687E-3 8.39499E-3 8.01444E-3 7.95227E-3 7.73404E-3 7.29104E-3 7.21613E-3 7.2466E-3 7.38894E-3 7.90299E-3 8.38279E-3 8.98444E-3 9.60773E-3 8.79025E-3 9.19058E-3 9.41754E-3 9.19474E-3 9.06241E-3 8.76416E-3 8.61453E-3 8.70606E-3 8.89931E-3 9.11955E-3 9.27037E-3 9.34613E-3 9.62928E-3 1.00323E-2 1.02618E-2 1.06604E-2 1.15991E-2 1.2354E-2 1.3213E-2 1.21491E-2 1.27225E-2 1.34256E-2 1.38148E-2 1.43184E-2 1.43347E-2 1.49759E-2 1.47854E-2 1.54205E-2 1.63682E-2 1.71381E-2 1.77257E-2 1.87245E-2 1.97911E-2 2.03937E-2 1.88309E-2 -9999
1.00201E-2 9.82491E-3 9.99026E-3 1.07166E-2 1.13933E-2 1.08161E-2 1.04827E-2 9.23368E-3 8.99457E-3 9.0153E-3 1.06277E-2 1.04335E-2 9.58247E-3 8.62668E-3 8.28536E-3 7.99874E-3 8.0465E-3 7.94613E-3 8.174E-3 7.88907E-3 8.25572E-3 8.28899E-3 8.49395E-3 9.27492E-3 9.55676E-3 9.22935E-3 9.33364E-3 9.71346E-3 9.41901E-3 9.15814E-3 9.03794E-3 8.85935E-3 9.00747E-3 9.00966E-3 9.71467E-3 9.97625E-3 1.0358E-2 1.10087E-2 1.1165E-2 1.13335E-2 1.17418E-2 1.287E-2 1.3002E-2 1.35965E-2 1.36207E-2 1.4624E-2 1.5394E-2 1.6246E-2 1.64382E-2 1.54303E-2 1.60026E-2 1.58415E-2 1.68535E-2 1.80865E-2 1.95453E-2 2.059E-2 2.00832E-2 2.11083E-2 1.87551E-2 -9999 2.93602E-2
1.0324E-2 1.06063E-2 1.0489E-2 1.08394E-2 1.09803E-2 1.1299E-2 1.15163E-2 1.17685E-2 1.06991E-2 1.02207E-2 1.10053E-2 1.17556E-2 1.13063E-2 1.02633E-2 9.81372E-3 9.46086E-3 9.02566E-3 9.37025E-3 9.1823E-3 9.23822E-3 9.33513E-3 9.0299E-3 9.31871E-3 1.02106E-2 9.97632E-3 1.03489E-2 1.08503E-2 1.08686E-2 1.051E-2 1.00071E-2 9.6644E-3 9.62744E-3 9.58746E-3 9.83776E-3 1.04159E-2 1.09688E-2 1.14284E-2 1.17693E-2 1.2084E-2 1.22113E-2 1.27051E-2 1.31585E-2 1.3371E-2 1.48561E-2 1.49022E-2 1.59462E-2 1.70204E-2 1.85418E-2 1.96464E-2 2.03017E-2 2.03377E-2 1.91949E-2 2.00446E-2 2.00711E-2 2.01866E-2 2.17471E-2 2.38856E-2 2.60974E-2 2.58042E-2 2.56355E-2 2.51154E-2
1.13428E-2 1.14965E-2 1.17545E-2 1.21475E-2 1.22419E-2 1.20332E-2 1.26351E-2 1.18248E-2 1.18997E-2 1.12982E-2 1.17853E-2 1.24461E-2 1.25664E-2 1.1999E-2 1.12501E-2 1.0857E-2 1.04372E-2 1.04908E-2 1.03503E-2 1.02657E-2 1.01222E-2 1.01221E-2 1.05776E-2 1.09418E-2 1.1204E-2 1.1375E-2 1.16263E-2 1.19346E-2 1.2094E-2 1.14297E-2 1.07287E-2 1.01352E-2 1.00692E-2 1.08383E-2 1.15667E-2 1.17957E-2 1.23393E-2 1.28161E-2 1.34406E-2 1.43986E-2 1.51141E-2 1.56228E-2 1.54087E-2 1.65319E-2 1.71741E-2 1.8018E-2 1.92744E-2 2.13315E-2 2.30687E-2 2.28772E-2 2.23921E-2 2.18799E-2 2.1406E-2 2.05761E-2 2.06565E-2 2.39342E-2 2.76851E-2 2.71004E-2 2.42612E-2 2.37614E-2 2.26934E-2
1.20798E-2 1.24669E-2 1.29784E-2 1.31977E-2 1.23366E-2 1.24223E-2 1.34825E-2 1.3876E-2 1.28238E-2 1.31322E-2 1.38835E-2 1.36806E-2 1.32579E-2 1.2596E-2 1.1477E-2 1.13628E-2 1.13567E-2 1.13166E-2 1.13324E-2 1.10678E-2 1.14585E-2 1.1244E-2 1.17239E-2 1.23851E-2 1.28112E-2 1.28355E-2 1.30909E-2 1.30071E-2 1.32511E-2 1.27863E-2 1.22378E-2 1.18477E-2 1.14516E-2 1.17632E-2 1.27341E-2 1.36015E-2 1.38021E-2 1.45265E-2 1.47153E-2 1.58143E-2 1.66905E-2 1.74031E-2 1.80409E-2 1.89401E-2 2.07367E-2 2.22334E-2 2.3411E-2 2.51532E-2 2.63588E-2 2.62117E-2 2.51366E-2 2.53919E-2 2.03966E-2 2.05372E-2 2.22118E-2 2.29318E-2 2.85017E-2 2.59019E-2 2.58846E-2 2.413E-2 2.3006E-2
1.32926E-2 1.39336E-2 1.54E-2 1.47286E-2 1.35035E-2 1.30409E-2 1.37514E-2 1.4123E-2 1.4339E-2 1.47889E-2 1.47765E-2 1.48507E-2 1.40534E-2 1.33877E-2 1.25333E-2 1.2888E-2 1.28166E-2 1.24623E-2 1.25473E-2 1.27507E-2 1.24119E-2 1.2369E-2 1.28537E-2 1.30236E-2 1.33582E-2 1.36098E-2 1.39456E-2 1.40433E-2 1.40809E-2 1.40086E-2 1.42703E-2 1.35146E-2 1.29483E-2 1.31607E-2 1.39802E-2 1.42153E-2 1.48544E-2 1.57032E-2 1.59053E-2 1.752E-2 1.82142E-2 1.92131E-2 2.0996E-2 2.19547E-2 2.40966E-2 2.60651E-2 2.79689E-2 2.91357E-2 2.99759E-2 2.86673E-2 2.90994E-2 2.55011E-2 2.04654E-2 2.10916E-2 1.81013E-2 2.47216E-2 2.53147E-2 2.71127E-2 2.68459E-2 2.54366E-2 2.2935E-2
1.45611E-2 1.45745E-2 1.50301E-2 1.55246E-2 1.5367E-2 1.49985E-2 1.47447E-2 1.54307E-2 1.54596E-2 1.5425E-2 1.52289E-2 1.60384E-2 1.52057E-2 1.48515E-2 1.4706E-2 1.51368E-2 1.45912E-2 1.34518E-2 1.34865E-2 1.33574E-2 1.37573E-2 1.37101E-2 1.38883E-2 1.49591E-2 1.53611E-2 1.48117E-2 1.49714E-2 1.53086E-2 1.55018E-2 1.55167E-2 1.4113E-2 1.41849E-2 1.40128E-2 1.45361E-2 1.4846E-2 1.58373E-2 1.62759E-2 1.74774E-2 1.7769E-2 1.96067E-2 1.93181E-2 2.10509E-2 2.28078E-2 2.56792E-2 2.78967E-2 2.97122E-2 3.15789E-2 3.25847E-2 3.29157E-2 3.27782E-2 3.8182E-2 3.28332E-2 2.73829E-2 2.30275E-2 2.77036E-2 2.43586E-2 2.46813E-2 2.57155E-2 2.61798E-2 2.47849E-2 2.30421E-2
1.59083E-2 1.63227E-2 1.61846E-2 1.62901E-2 1.6539E-2 1.65943E-2 1.53557E-2 1.59649E-2 1.59864E-2 1.56513E-2 1.57819E-2 1.56943E-2 1.56136E-2 1.49249E-2 1.49548E-2 1.62065E-2 1.49201E-2 1.45723E-2 1.4163E-2 1.3932E-2 1.47966E-2 1.50561E-2 1.56633E-2 1.61124E-2 1.68224E-2 1.57033E-2 1.47709E-2 1.49618E-2 1.5468E-2 1.53936E-2 1.51151E-2 1.44792E-2 1.40319E-2 1.48194E-2 1.53356E-2 1.67908E-2 1.70646E-2 1.71173E-2 1.92377E-2 1.95345E-2 2.06031E-2 2.28595E-2 2.57358E-2 2.8657E-2 3.12243E-2 3.40361E-2 3.64581E-2 3.7924E-2 3.86098E-2 4.19596E-2 4.18398E-2 3.79906E-2 -9999 2.71312E-2 2.71473E-2 2.56125E-2 2.46226E-2 2.48417E-2 2.42992E-2 2.27029E-2 2.32898E-2
1.79889E-2 1.75769E-2 1.74801E-2 1.81507E-2 1.75669E-2 1.7137E-2 1.65174E-2 1.65867E-2 1.62991E-2 1.6431E-2 1.61945E-2 1.62411E-2 1.63597E-2 1.58008E-2 1.57799E-2 1.5884E-2 1.62253E-2 1.54963E-2 1.54477E-2 1.57658E-2 1.65069E-2 1.5521E-2 1.73531E-2 1.7511E-2 1.74205E-2 1.64945E-2 1.56546E-2 1.58941E-2 1.61491E-2 1.58997E-2 1.59183E-2 1.57473E-2 1.56395E-2 1.57713E-2 1.6814E-2 1.75357E-2 1.84939E-2 1.98468E-2 2.09731E-2 2.1644E-2 2.23457E-2 2.39924E-2 2.61522E-2 3.04908E-2 3.4478E-2 3.7304E-2 3.99405E-2 4.36272E-2 4.68251E-2 3.80338E-2 3.37189E-2 3.51055E-2 2.852E-2 2.89616E-2 2.90639E-2 2.64234E-2 2.27935E-2 2.26762E-2 2.15867E-2 2.22272E-2 2.20019E-2
1.98118E-2 2.02714E-2 1.94876E-2 1.85971E-2 1.77172E-2 1.72209E-2 1.72817E-2 1.81397E-2 1.72819E-2 1.72272E-2 1.6973E-2 1.6582E-2 1.63578E-2 1.63935E-2 1.69734E-2 1.7095E-2 1.76965E-2 1.80299E-2 1.67325E-2 1.73584E-2 1.77249E-2 1.8215E-2 1.8839E-2 1.75198E-2 1.8381E-2 1.84278E-2 1.75859E-2 1.68746E-2 1.70027E-2 1.64779E-2 1.62185E-2 1.60108E-2 1.63522E-2 1.72046E-2 1.79312E-2 1.93508E-2 2.01693E-2 2.17848E-2 2.32237E-2 2.44143E-2 2.3008E-2 2.37876E-2 2.66587E-2 2.72567E-2 3.15344E-2 3.27589E-2 3.5606E-2 3.86617E-2 3.36054E-2 2.62165E-2 2.27761E-2 2.65198E-2 2.95649E-2 3.02586E-2 2.99009E-2 2.54222E-2 2.15301E-2 2.10594E-2 2.15621E-2 2.1482E-2 2.12181E-2
2.0235E-2 2.04725E-2 1.98902E-2 1.94888E-2 1.8765E-2 1.79875E-2 1.83224E-2 1.8341E-2 1.80423E-2 1.75712E-2 1.80381E-2 1.78851E-2 1.7283E-2 1.74098E-2 1.81203E-2 1.86599E-2 1.97462E-2 1.9199E-2 1.88877E-2 1.9843E-2 2.13812E-2 2.02858E-2 1.798E-2 1.90398E-2 1.98522E-2 1.94659E-2 1.86806E-2 1.83266E-2 1.89019E-2 1.85464E-2 1.76124E-2 1.75095E-2 1.85891E-2 1.89222E-2 1.95771E-2 2.05542E-2 2.2763E-2 2.44764E-2 2.57454E-2 2.28658E-2 2.16685E-2 2.34517E-2 2.41883E-2 2.53733E-2 2.67464E-2 2.99275E-2 3.12091E-2 3.31712E-2 2.79257E-2 2.45969E-2 2.43937E-2 2.75104E-2 3.00506E-2 3.31209E-2 3.04838E-2 2.65423E-2 2.29417E-2 2.19932E-2 2.14999E-2 2.1548E-2 2.13349E-2
1.94972E-2 2.07808E-2 2.02617E-2 1.97511E-2 2.02111E-2 1.99896E-2 1.91476E-2 1.91009E-2 1.85349E-2 1.82502E-2 1.79388E-2 1.90999E-2 1.86013E-2 1.90659E-2 1.97871E-2 2.04373E-2 2.07364E-2 2.08441E-2 2.01456E-2 1.90368E-2 2.01409E-2 2.0098E-2 1.9221E-2 2.09054E-2 2.1726E-2 2.05719E-2 1.99149E-2 2.05164E-2 1.99377E-2 2.01012E-2 2.06132E-2 2.08025E-2 2.07924E-2 2.1547E-2 2.18263E-2 2.36311E-2 2.45891E-2 2.63433E-2 2.81892E-2 2.36529E-2 2.21783E-2 2.5009E-2 2.68169E-2 2.81151E-2 2.81398E-2 2.89308E-2 2.98001E-2 2.94028E-2 2.72823E-2 2.43393E-2 2.45112E-2 3.02259E-2 3.46782E-2 3.25185E-2 2.85251E-2 2.61205E-2 2.56501E-2 2.30474E-2 2.19312E-2 2.13679E-2 2.15688E-2
1.8531E-2 2.08928E-2 2.16267E-2 2.0781E-2 2.09045E-2 1.96508E-2 1.99305E-2 2.01051E-2 2.01028E-2 1.94112E-2 1.89891E-2 1.96533E-2 2.10033E-2 2.05862E-2 2.00334E-2 2.14333E-2 2.22875E-2 2.23336E-2 2.1274E-2 2.07598E-2 2.21626E-2 2.27695E-2 2.23851E-2 2.33206E-2 2.21811E-2 2.15136E-2 2.08652E-2 2.34552E-2 2.31088E-2 2.50805E-2 2.65684E-2 2.53539E-2 2.51688E-2 2.47131E-2 2.41652E-2 2.53882E-2 2.58943E-2 2.57576E-2 2.84313E-2 2.80991E-2 2.3111E-2 2.58604E-2 2.60196E-2 2.78629E-2 2.88804E-2 2.92899E-2 3.05329E-2 3.00518E-2 2.96764E-2 2.51554E-2 2.67796E-2 2.65827E-2 2.95769E-2 2.88441E-2 2.75965E-2 2.61788E-2 2.62528E-2 2.51027E-2 2.23911E-2 2.18415E-2 2.22599E-2
1.78351E-2 1.97151E-2 2.03861E-2 1.97454E-2 2.04882E-2 2.09765E-2 2.11496E-2 2.16637E-2 2.23952E-2 2.15411E-2 2.04367E-2 2.05716E-2 2.13711E-2 2.19737E-2 2.24197E-2 2.25818E-2 2.33688E-2 2.39957E-2 2.52038E-2 2.3749E-2 2.76284E-2 2.70607E-2 2.73182E-2 2.68075E-2 2.58628E-2 2.4607E-2 2.33646E-2 2.52776E-2 2.55607E-2 3.0376E-2 3.3299E-2 3.20836E-2 2.90672E-2 2.69762E-2 2.56204E-2 2.66465E-2 2.6134E-2 2.60131E-2 2.94316E-2 2.78425E-2 2.37036E-2 2.30188E-2 2.53917E-2 2.86489E-2 3.11266E-2 3.60048E-2 3.75875E-2 3.64907E-2 3.39408E-2 2.66081E-2 2.49674E-2 2.50267E-2 2.47359E-2 2.64191E-2 2.70269E-2 2.51627E-2 2.58317E-2 2.44754E-2 2.33156E-2 2.28483E-2 2.25853E-2
1.93284E-2 2.15187E-2 2.27249E-2 2.36549E-2 2.25811E-2 2.19968E-2 2.14645E-2 2.19645E-2 2.21498E-2 2.16806E-2 2.12648E-2 2.19149E-2 2.23876E-2 2.35579E-2 2.40972E-2 2.43747E-2 2.52203E-2 2.60037E-2 2.65011E-2 2.829E-2 3.12317E-2 3.0489E-2 2.95604E-2 2.87821E-2 2.89487E-2 2.75494E-2 2.77768E-2 2.59161E-2 2.89262E-2 3.43071E-2 3.57183E-2 3.42505E-2 3.13828E-2 2.63324E-2 2.65083E-2 2.69948E-2 3.21313E-2 3.12934E-2 2.96977E-2 2.88938E-2 2.55626E-2 2.46948E-2 2.71671E-2 3.2047E-2 3.84832E-2 4.29202E-2 4.18481E-2 3.80225E-2 3.3341E-2 2.8736E-2 2.63962E-2 2.46945E-2 2.34786E-2 2.45815E-2 2.51867E-2 2.58741E-2 2.59178E-2 2.40793E-2 2.31531E-2 2.24783E-2 2.40105E-2
2.27242E-2 2.37962E-2 2.46013E-2 2.53053E-2 2.42897E-2 2.34531E-2 2.22961E-2 2.21834E-2 2.20026E-2 2.19495E-2 2.11337E-2 2.30677E-2 2.23278E-2 2.42292E-2 2.47972E-2 2.55426E-2 2.53133E-2 2.61186E-2 2.73071E-2 3.08053E-2 3.35798E-2 3.26953E-2 3.32293E-2 3.2482E-2 3.19995E-2 2.90526E-2 2.97784E-2 3.15608E-2 3.52969E-2 3.71925E-2 3.6614E-2 3.44311E-2 2.93628E-2 2.56702E-2 2.87987E-2 3.39709E-2 3.34989E-2 3.03629E-2 2.98961E-2 3.44776E-2 3.30264E-2 3.00294E-2 3.04228E-2 3.44258E-2 3.8092E-2 4.2598E-2 4.04256E-2 3.70559E-2 3.40118E-2 3.42509E-2 3.14681E-2 2.64082E-2 2.4729E-2 2.57272E-2 2.60819E-2 2.62427E-2 2.51343E-2 2.44078E-2 2.4682E-2 2.40264E-2 2.67255E-2
2.76904E-2 2.73411E-2 2.78106E-2 2.78673E-2 2.75331E-2 2.55309E-2 2.42721E-2 2.34388E-2 2.37733E-2 2.40719E-2 2.36388E-2 2.28839E-2 2.24781E-2 2.39422E-2 2.42644E-2 2.4181E-2 2.42107E-2 2.73718E-2 2.91013E-2 3.09158E-2 3.41401E-2 3.35157E-2 3.5286E-2 3.48315E-2 3.07637E-2 3.30725E-2 3.40647E-2 3.54661E-2 3.70567E-2 3.79328E-2 3.51043E-2 3.23773E-2 3.18773E-2 3.3513E-2 3.65497E-2 3.58992E-2 3.50712E-2 3.41509E-2 3.4127E-2 3.62552E-2 3.62003E-2 3.52246E-2 3.52545E-2 3.39435E-2 3.45728E-2 4.09643E-2 3.96691E-2 4.0697E-2 3.88856E-2 4.07061E-2 3.54042E-2 3.1552E-2 3.04689E-2 2.8915E-2 2.71803E-2 2.66816E-2 2.93293E-2 2.77448E-2 2.76765E-2 2.78132E-2 3.04034E-2
3.24515E-2 3.33582E-2 3.30098E-2 3.14113E-2 2.88884E-2 2.76868E-2 2.58764E-2 2.52272E-2 2.50148E-2 2.44473E-2 2.46945E-2 2.4332E-2 2.44013E-2 2.38048E-2 2.46614E-2 2.5084E-2 2.39609E-2 2.59587E-2 2.99824E-2 3.38746E-2 3.3693E-2 3.21291E-2 3.29445E-2 3.2792E-2 3.29839E-2 3.17307E-2 3.17324E-2 3.2745E-2 3.28387E-2 3.44387E-2 3.45907E-2 3.79518E-2 4.37753E-2 4.94348E-2 4.34276E-2 4.06764E-2 3.97114E-2 3.89291E-2 3.91754E-2 4.08111E-2 3.95919E-2 3.81637E-2 3.60625E-2 3.23344E-2 3.70523E-2 3.77507E-2 4.19017E-2 4.455E-2 4.66555E-2 4.06446E-2 3.89654E-2 3.4939E-2 3.04899E-2 2.75964E-2 2.87426E-2 2.87746E-2 2.93069E-2 3.17817E-2 3.20939E-2 3.43231E-2 3.49098E-2
3.9006E-2 3.92122E-2 3.62758E-2 3.40873E-2 3.14511E-2 2.91058E-2 2.74425E-2 2.80308E-2 2.7515E-2 2.66503E-2 2.57373E-2 2.63986E-2 2.69846E-2 2.62534E-2 2.61417E-2 2.61319E-2 2.53343E-2 2.55162E-2 2.77806E-2 3.29643E-2 3.6921E-2 3.43754E-2 3.23958E-2 3.32715E-2 3.34305E-2 3.3487E-2 3.39062E-2 3.36883E-2 3.49345E-2 3.79721E-2 3.98087E-2 4.30745E-2 4.64401E-2 4.60005E-2 4.20983E-2 4.01548E-2 4.02248E-2 4.12608E-2 4.43182E-2 4.76704E-2 4.39806E-2 4.38711E-2 3.73182E-2 3.23054E-2 3.37977E-2 3.86108E-2 4.39924E-2 4.63871E-2 5.09901E-2 4.39341E-2 3.91893E-2 4.30414E-2 3.4945E-2 3.17414E-2 3.16309E-2 2.9838E-2 3.23042E-2 3.32902E-2 3.61915E-2 3.88967E-2 3.96866E-2
4.48867E-2 4.3529E-2 4.16104E-2 3.86054E-2 3.50551E-2 3.17339E-2 3.01204E-2 2.85328E-2 2.77542E-2 2.71965E-2 2.6809E-2 2.76508E-2 2.74231E-2 2.86997E-2 3.01658E-2 3.01591E-2 2.89241E-2 2.66276E-2 2.76337E-2 3.22504E-2 3.47365E-2 3.46731E-2 3.47399E-2 3.54312E-2 3.54765E-2 3.79205E-2 3.80866E-2 3.69353E-2 3.85919E-2 3.79885E-2 4.1353E-2 4.16546E-2 3.99199E-2 3.75552E-2 3.52073E-2 3.76956E-2 3.76733E-2 4.12947E-2 4.60663E-2 5.08884E-2 5.13083E-2 4.90209E-2 4.11751E-2 3.71669E-2 3.79551E-2 4.0676E-2 4.27916E-2 4.45392E-2 4.61672E-2 4.67192E-2 4.60013E-2 3.71768E-2 3.3557E-2 3.33331E-2 3.45665E-2 3.52957E-2 3.51193E-2 3.86732E-2 4.09093E-2 4.31501E-2 4.35567E-2
4.3685E-2 4.38235E-2 4.37575E-2 4.03598E-2 3.8158E-2 3.53478E-2 3.40839E-2 3.19831E-2 3.02631E-2 3.02279E-2 3.00961E-2 2.94288E-2 2.98584E-2 3.09668E-2 3.15625E-2 3.32671E-2 3.16825E-2 3.15213E-2 3.20064E-2 3.46002E-2 3.81006E-2 3.91771E-2 3.72775E-2 3.79846E-2 4.07205E-2 4.308E-2 4.21484E-2 4.17255E-2 4.36375E-2 4.42256E-2 4.30219E-2 4.1617E-2 3.8848E-2 3.33335E-2 3.0538E-2 3.30779E-2 3.66024E-2 3.94924E-2 4.62558E-2 5.22317E-2 5.23115E-2 5.03212E-2 4.3398E-2 4.21131E-2 4.07447E-2 3.92629E-2 3.55551E-2 3.54832E-2 4.02327E-2 3.85185E-2 3.94391E-2 3.88994E-2 4.18191E-2 4.31495E-2 4.03827E-2 4.07948E-2 4.11203E-2 4.35243E-2 4.4457E-2 4.71492E-2 4.75374E-2
