maxent_outputs/red_flowers_linear/red_150.asc
ncols         426
nrows         180
xllcorner     -130.0
yllcorner     24.0
cellsize      0.16666666666666666
NODATA_value  -9999
[rows 108 to 134 of 180, columns 244 to 304 of 426]
7.04688E-1 7.04982E-1 7.06549E-1 7.03209E-1 6.95761E-1 6.83859E-1 6.79667E-1 6.74278E-1 6.82839E-1 6.67555E-1 6.69678E-1 6.69525E-1 6.68087E-1 6.66661E-1 6.7221E-1 6.75885E-1 6.77403E-1 6.87115E-1 6.85679E-1 6.90381E-1 6.95295E-1 6.96734E-1 6.99879E-1 7.0478E-1 7.138E-1 7.13972E-1 7.12013E-1 7.02908E-1 6.84006E-1 6.71766E-1 6.71704E-1 6.81317E-1 6.79866E-1 6.75404E-1 6.79696E-1 6.91378E-1 7.00757E-1 7.03715E-1 7.2039E-1 7.10694E-1 7.27795E-1 7.27599E-1 7.1933E-1 7.2166E-1 7.38565E-1 7.12658E-1 6.98159E-1 7.05422E-1 6.9774E-1 6.8827E-1 6.85635E-1 6.86874E-1 6.89364E-1 6.98949E-1 7.01384E-1 7.01259E-1 6.94967E-1 6.973E-1 6.85667E-1 6.88673E-1 6.9772E-1
7.09793E-1 7.12383E-1 7.07833E-1 7.03563E-1 6.98826E-1 6.90058E-1 6.82528E-1 6.75896E-1 6.80187E-1 6.74359E-1 6.73794E-1 6.71007E-1 6.65788E-1 6.65199E-1 6.75807E-1 6.71289E-1 6.75833E-1 6.8457E-1 6.86153E-1 6.8985E-1 6.94521E-1 6.97479E-1 7.01772E-1 7.0798E-1 7.07968E-1 7.05972E-1 7.02705E-1 6.989E-1 6.83897E-1 6.76903E-1 6.87125E-1 6.77775E-1 6.8554E-1 7.06491E-1 7.12445E-1 7.255E-1 7.54529E-1 7.42861E-1 7.42546E-1 7.0654E-1 6.93197E-1 7.48784E-1 7.63645E-1 7.23996E-1 7.222E-1 6.98125E-1 7.00339E-1 6.98677E-1 6.98515E-1 6.93913E-1 6.94891E-1 6.86457E-1 6.94496E-1 7.03421E-1 7.11472E-1 7.06492E-1 7.00647E-1 7.0318E-1 6.89818E-1 6.95278E-1 7.01327E-1
7.14989E-1 7.15978E-1 7.12452E-1 7.07649E-1 7.0232E-1 6.89936E-1 6.80292E-1 6.79424E-1 6.84963E-1 6.8097E-1 6.79563E-1 6.78313E-1 6.73327E-1 6.71643E-1 6.64006E-1 6.69638E-1 6.78226E-1 6.85795E-1 6.90218E-1 6.93677E-1 6.94582E-1 7.0433E-1 7.15406E-1 7.12966E-1 6.98522E-1 7.01496E-1 6.81905E-1 6.78666E-1 6.7547E-1 6.8118E-1 6.95265E-1 7.03371E-1 7.38918E-1 7.55662E-1 7.72923E-1 7.6787E-1 7.51466E-1 7.48204E-1 7.237E-1 7.16625E-1 7.06795E-1 7.22609E-1 7.31614E-1 7.1176E-1 7.10361E-1 7.26967E-1 7.14746E-1 6.96738E-1 6.88283E-1 7.00796E-1 7.18831E-1 6.9515E-1 7.02195E-1 7.09682E-1 7.16152E-1 7.02774E-1 7.05038E-1 6.99612E-1 6.83986E-1 6.89695E-1 6.93628E-1
7.15524E-1 7.14158E-1 7.13332E-1 7.10114E-1 7.0297E-1 6.93878E-1 6.87279E-1 6.89768E-1 6.9323E-1 6.83179E-1 6.80904E-1 6.82065E-1 6.77887E-1 6.7463E-1 6.74218E-1 6.76671E-1 6.78324E-1 6.86264E-1 6.92834E-1 6.94812E-1 7.04687E-1 7.15284E-1 7.12583E-1 7.05008E-1 7.02473E-1 6.86614E-1 6.7666E-1 6.71118E-1 6.72155E-1 6.86717E-1 7.02069E-1 7.45319E-1 7.4407E-1 7.3529E-1 7.27238E-1 7.21191E-1 7.20424E-1 7.67215E-1 7.67351E-1 7.57122E-1 7.13257E-1 7.11286E-1 7.24651E-1 7.00677E-1 6.97061E-1 7.05413E-1 6.90074E-1 6.95909E-1 6.96506E-1 6.98208E-1 7.19466E-1 7.08192E-1 7.029E-1 7.01541E-1 7.0066E-1 7.12059E-1 7.05028E-1 6.9449E-1 6.90553E-1 6.89378E-1 6.98293E-1
7.19415E-1 7.13435E-1 7.08386E-1 7.06335E-1 7.05266E-1 7.00376E-1 6.97106E-1 6.92101E-1 6.89423E-1 6.90068E-1 6.87206E-1 6.86746E-1 6.83807E-1 6.79035E-1 6.78065E-1 6.75964E-1 6.78103E-1 6.82389E-1 6.9805E-1 6.9922E-1 7.05887E-1 7.08817E-1 7.07819E-1 6.9889E-1 6.96088E-1 6.90258E-1 6.79179E-1 6.74153E-1 6.87218E-1 7.01317E-1 7.2551E-1 7.48076E-1 7.40648E-1 7.43039E-1 7.53021E-1 7.23287E-1 7.42665E-1 7.52726E-1 7.76789E-1 7.48048E-1 7.43083E-1 7.34567E-1 7.29786E-1 7.01153E-1 6.9188E-1 6.91236E-1 6.91264E-1 7.02908E-1 7.07249E-1 7.09267E-1 7.20888E-1 7.23992E-1 7.10949E-1 7.01146E-1 6.92829E-1 7.01894E-1 6.89344E-1 6.95835E-1 6.93927E-1 6.9599E-1 6.90227E-1
7.18738E-1 7.13664E-1 7.09632E-1 7.09788E-1 7.07571E-1 7.0506E-1 7.11974E-1 6.93118E-1 6.92791E-1 6.96612E-1 6.90185E-1 6.92136E-1 6.87282E-1 6.81009E-1 6.80805E-1 6.79503E-1 6.81363E-1 6.85217E-1 6.98502E-1 7.09557E-1 7.04804E-1 6.98806E-1 6.9385E-1 7.09346E-1 7.01374E-1 6.93524E-1 6.83239E-1 6.82358E-1 7.13726E-1 7.10227E-1 7.10048E-1 6.99986E-1 7.06908E-1 7.40969E-1 7.66979E-1 7.4081E-1 7.69793E-1 7.76474E-1 7.74863E-1 7.73968E-1 7.49535E-1 7.31525E-1 7.11853E-1 7.0153E-1 6.99089E-1 6.99452E-1 6.9947E-1 7.01519E-1 7.02431E-1 7.16391E-1 7.15799E-1 7.20404E-1 7.09991E-1 7.06053E-1 6.95579E-1 6.89645E-1 6.85353E-1 6.81186E-1 6.77926E-1 6.87302E-1 6.94959E-1
7.17891E-1 7.15219E-1 7.10823E-1 7.11752E-1 7.09061E-1 7.04281E-1 7.093E-1 7.12543E-1 7.01281E-1 7.02378E-1 7.01189E-1 7.01004E-1 6.93503E-1 6.87033E-1 6.87903E-1 6.89099E-1 6.89145E-1 6.93264E-1 7.01964E-1 7.04209E-1 6.93208E-1 6.88483E-1 6.97894E-1 6.97032E-1 6.9017E-1 6.90041E-1 6.87565E-1 7.06899E-1 7.47192E-1 7.10235E-1 7.0087E-1 7.05962E-1 7.12817E-1 7.39454E-1 7.53844E-1 7.53909E-1 7.61427E-1 7.5996E-1 7.53175E-1 7.38012E-1 7.21531E-1 7.20132E-1 7.05889E-1 6.97279E-1 7.00976E-1 6.96355E-1 6.91573E-1 6.93752E-1 7.01223E-1 7.05181E-1 7.14098E-1 7.15452E-1 7.20167E-1 7.14872E-1 7.03385E-1 7.00199E-1 6.90556E-1 6.70146E-1 6.73386E-1 6.74209E-1 6.7838E-1
7.15451E-1 7.12696E-1 7.11261E-1 7.11553E-1 7.09967E-1 7.04653E-1 7.00078E-1 7.00662E-1 7.04178E-1 7.03786E-1 7.09082E-1 7.05909E-1 7.08579E-1 7.02411E-1 6.92238E-1 6.89863E-1 6.91187E-1 6.89877E-1 6.99162E-1 6.93722E-1 6.93595E-1 6.97922E-1 6.97613E-1 7.04964E-1 6.8971E-1 6.97384E-1 6.94021E-1 7.1415E-1 7.2255E-1 7.27182E-1 7.23862E-1 7.22663E-1 7.43163E-1 7.57483E-1 7.54105E-1 7.60869E-1 7.52769E-1 7.34053E-1 7.42023E-1 7.18876E-1 7.12803E-1 7.0964E-1 7.02421E-1 6.92949E-1 6.92432E-1 6.92521E-1 6.94712E-1 6.9644E-1 7.01562E-1 7.02442E-1 7.17607E-1 7.19878E-1 7.21228E-1 7.21133E-1 7.09302E-1 6.96208E-1 6.91089E-1 6.83946E-1 6.83164E-1 6.79382E-1 6.81761E-1
7.16741E-1 7.13418E-1 7.11069E-1 7.12047E-1 7.07692E-1 7.06336E-1 7.07141E-1 6.98537E-1 7.02006E-1 6.97564E-1 6.97222E-1 6.96725E-1 6.94325E-1 6.9618E-1 6.95867E-1 6.91364E-1 6.91237E-1 6.86568E-1 6.91102E-1 7.0429E-1 7.03374E-1 7.02256E-1 6.97326E-1 6.95369E-1 6.85449E-1 6.98676E-1 6.81184E-1 6.9654E-1 7.17882E-1 7.28865E-1 7.40859E-1 7.32815E-1 7.27489E-1 7.21593E-1 7.15331E-1 7.37924E-1 7.31097E-1 7.24522E-1 7.20224E-1 7.20988E-1 7.09274E-1 7.06686E-1 6.98637E-1 6.92554E-1 6.89486E-1 6.89192E-1 6.93393E-1 6.97535E-1 7.06376E-1 7.10433E-1 7.17206E-1 7.20294E-1 7.15721E-1 7.06668E-1 7.12919E-1 7.07736E-1 7.03535E-1 6.99897E-1 6.94032E-1 6.87169E-1 6.85651E-1
7.19305E-1 7.16221E-1 7.15489E-1 7.12175E-1 7.11668E-1 7.08331E-1 7.01106E-1 6.97246E-1 7.00408E-1 6.97394E-1 7.00899E-1 7.01008E-1 6.97023E-1 6.93788E-1 6.8821E-1 6.91793E-1 6.93025E-1 6.97569E-1 7.17599E-1 7.03101E-1 7.03549E-1 6.97085E-1 6.8904E-1 6.8035E-1 6.90246E-1 6.83739E-1 6.86838E-1 6.90692E-1 7.11172E-1 7.17717E-1 7.21193E-1 7.15539E-1 7.18616E-1 7.14261E-1 7.22631E-1 7.22984E-1 7.09505E-1 7.19106E-1 7.28731E-1 7.18872E-1 7.06016E-1 7.00842E-1 6.93187E-1 6.86475E-1 6.87514E-1 6.93374E-1 6.99979E-1 7.0772E-1 7.10081E-1 7.16427E-1 7.24067E-1 7.23832E-1 7.07426E-1 7.03896E-1 7.12482E-1 7.16467E-1 7.07534E-1 7.08246E-1 6.96192E-1 6.89111E-1 6.89284E-1
7.23899E-1 7.2191E-1 7.17327E-1 7.12778E-1 7.11179E-1 7.07896E-1 7.03883E-1 7.00013E-1 6.98283E-1 6.99482E-1 7.0067E-1 6.96616E-1 6.93042E-1 6.94604E-1 6.94383E-1 6.95206E-1 6.96492E-1 6.95107E-1 7.04526E-1 7.02598E-1 6.95923E-1 6.98833E-1 6.99143E-1 6.88965E-1 6.92109E-1 6.86685E-1 6.9498E-1 7.15491E-1 7.20094E-1 7.09048E-1 7.09781E-1 7.31965E-1 7.42054E-1 7.14253E-1 7.10307E-1 7.13024E-1 7.08571E-1 7.07133E-1 7.0663E-1 7.10471E-1 7.02442E-1 6.96423E-1 6.90922E-1 6.90735E-1 6.97784E-1 6.95287E-1 7.10801E-1 7.24362E-1 7.28754E-1 7.31757E-1 7.28843E-1 7.14442E-1 7.07531E-1 7.08401E-1 7.07066E-1 7.11676E-1 7.16457E-1 7.10351E-1 6.97946E-1 6.89544E-1 6.94044E-1
7.23775E-1 7.21356E-1 7.196E-1 7.10612E-1 7.05722E-1 7.07289E-1 7.0207E-1 7.02711E-1 7.01089E-1 6.96777E-1 6.96739E-1 6.95029E-1 6.99958E-1 7.03971E-1 6.97041E-1 6.9265E-1 6.94344E-1 6.96469E-1 6.98386E-1 6.95482E-1 6.92813E-1 6.89332E-1 6.92631E-1 6.96187E-1 6.94781E-1 6.9515E-1 7.03571E-1 7.17318E-1 7.33271E-1 7.34879E-1 7.37709E-1 7.31304E-1 7.25846E-1 7.10122E-1 7.10409E-1 7.14424E-1 7.12839E-1 7.06371E-1 7.04989E-1 7.0724E-1 7.09317E-1 6.95033E-1 6.93829E-1 6.9444E-1 6.96873E-1 6.9826E-1 7.18391E-1 7.45742E-1 7.46951E-1 7.32116E-1 7.31312E-1 7.2206E-1 7.15463E-1 7.16477E-1 7.07124E-1 7.11579E-1 7.08866E-1 6.95128E-1 6.99023E-1 7.00625E-1 7.07214E-1
7.21603E-1 7.18987E-1 7.1694E-1 7.08437E-1 7.09435E-1 7.0802E-1 7.04564E-1 7.08462E-1 7.01062E-1 6.91903E-1 6.95308E-1 6.93382E-1 6.90571E-1 6.93425E-1 6.88774E-1 6.91172E-1 6.95473E-1 7.01436E-1 6.95744E-1 6.97509E-1 6.96215E-1 6.9988E-1 7.06271E-1 7.0527E-1 7.03384E-1 7.13807E-1 7.1513E-1 7.16741E-1 7.37786E-1 7.51259E-1 7.49556E-1 7.42122E-1 7.28071E-1 7.1821E-1 7.1768E-1 7.21709E-1 7.18628E-1 7.13888E-1 7.05532E-1 7.04281E-1 7.11628E-1 7.13369E-1 7.06155E-1 7.06733E-1 7.0645E-1 7.11013E-1 7.21787E-1 7.25172E-1 7.23662E-1 7.2094E-1 7.20586E-1 7.21839E-1 7.26769E-1 7.17937E-1 7.15075E-1 7.17792E-1 7.15696E-1 7.0711E-1 7.06736E-1 7.14757E-1 7.16491E-1
7.23106E-1 7.18995E-1 7.12057E-1 7.09067E-1 7.10901E-1 7.12494E-1 7.07481E-1 7.05415E-1 7.01363E-1 6.94E-1 6.99578E-1 6.94547E-1 6.865E-1 6.85291E-1 6.89634E-1 6.89545E-1 7.085E-1 6.95724E-1 6.91304E-1 6.9623E-1 6.93672E-1 7.13365E-1 7.14184E-1 7.02181E-1 7.13293E-1 7.21965E-1 7.20205E-1 7.25063E-1 7.37772E-1 7.52696E-1 7.50722E-1 7.40834E-1 7.27549E-1 7.24197E-1 7.18005E-1 7.16913E-1 7.20396E-1 7.21023E-1 7.13335E-1 7.08831E-1 7.10895E-1 7.17751E-1 7.37124E-1 7.19007E-1 7.20873E-1 7.20332E-1 7.18349E-1 7.18248E-1 7.19032E-1 7.24885E-1 7.32206E-1 7.34091E-1 7.35816E-1 7.21721E-1 7.21454E-1 7.24339E-1 7.26059E-1 7.21954E-1 7.20466E-1 7.22326E-1 7.26635E-1
7.19314E-1 7.18091E-1 7.11658E-1 7.1604E-1 7.15754E-1 7.2427E-1 7.17775E-1 7.12487E-1 7.08274E-1 7.01031E-1 6.97924E-1 7.05025E-1 7.05482E-1 7.01616E-1 7.05128E-1 7.18119E-1 7.01328E-1 6.98525E-1 7.02752E-1 6.94534E-1 7.034E-1 7.12371E-1 7.05279E-1 7.12087E-1 7.13545E-1 7.20094E-1 7.27214E-1 7.25384E-1 7.32924E-1 7.4381E-1 7.40081E-1 7.29497E-1 7.27052E-1 7.24845E-1 7.18407E-1 7.17011E-1 7.26976E-1 7.30811E-1 7.19812E-1 7.16727E-1 7.19376E-1 7.24737E-1 7.25049E-1 7.33483E-1 7.30303E-1 7.31969E-1 7.25382E-1 7.24009E-1 7.30429E-1 7.31158E-1 7.35841E-1 7.32019E-1 7.36195E-1 7.44257E-1 7.38592E-1 7.28432E-1 7.24625E-1 7.23752E-1 7.19339E-1 7.23887E-1 7.22746E-1
7.25352E-1 7.20911E-1 7.15144E-1 7.17841E-1 7.14274E-1 7.24818E-1 7.22632E-1 7.17648E-1 7.11215E-1 7.13575E-1 7.13937E-1 7.2097E-1 7.17254E-1 7.15477E-1 7.28527E-1 7.33104E-1 7.16619E-1 6.98291E-1 7.06286E-1 6.98396E-1 7.16195E-1 7.15404E-1 7.10919E-1 7.0954E-1 7.21509E-1 7.23669E-1 7.24673E-1 7.31033E-1 7.31928E-1 7.37355E-1 7.36442E-1 7.31642E-1 7.27838E-1 7.24417E-1 7.1715E-1 7.1931E-1 7.31888E-1 7.28784E-1 7.26911E-1 7.25091E-1 7.24497E-1 7.27539E-1 7.33814E-1 7.37659E-1 7.37611E-1 7.34713E-1 7.28166E-1 7.26807E-1 7.33668E-1 7.36688E-1 7.38124E-1 7.35156E-1 7.3706E-1 7.46021E-1 7.65821E-1 7.52353E-1 7.39877E-1 7.29465E-1 7.22036E-1 7.27068E-1 7.38211E-1
7.25248E-1 7.33847E-1 7.29015E-1 7.19387E-1 7.19736E-1 7.21111E-1 7.25502E-1 7.2192E-1 7.1784E-1 7.23631E-1 7.32596E-1 7.33603E-1 7.25781E-1 7.23482E-1 7.1955E-1 7.22606E-1 7.03936E-1 7.09813E-1 7.02128E-1 7.16206E-1 7.1189E-1 7.05018E-1 7.23666E-1 7.24144E-1 7.26841E-1 7.21166E-1 7.22623E-1 7.2659E-1 7.26106E-1 7.27752E-1 7.37057E-1 7.29372E-1 7.30041E-1 7.27592E-1 7.2339E-1 7.19382E-1 7.25565E-1 7.27247E-1 7.30644E-1 7.30014E-1 7.34287E-1 7.36305E-1 7.36201E-1 7.33037E-1 7.31084E-1 7.36305E-1 7.41111E-1 7.32598E-1 7.34926E-1 7.37438E-1 7.41835E-1 7.44095E-1 7.43167E-1 7.44586E-1 7.41709E-1 7.70291E-1 7.46337E-1 7.33027E-1 7.30972E-1 7.34891E-1 7.46979E-1
7.31394E-1 7.29934E-1 7.27307E-1 7.2466E-1 7.19616E-1 7.20224E-1 7.18011E-1 7.1698E-1 7.20186E-1 7.22198E-1 7.33066E-1 7.38866E-1 7.38712E-1 7.28876E-1 7.24591E-1 7.16827E-1 7.19766E-1 7.21028E-1 7.21533E-1 7.17797E-1 7.09435E-1 7.17014E-1 7.18717E-1 7.23606E-1 7.35403E-1 7.43962E-1 7.30049E-1 7.28906E-1 7.21028E-1 7.26306E-1 7.31726E-1 7.328E-1 7.34043E-1 7.36766E-1 7.30049E-1 7.25208E-1 7.29042E-1 7.31613E-1 7.38109E-1 7.42305E-1 7.41721E-1 7.43495E-1 7.41429E-1 7.3015E-1 7.28848E-1 7.33055E-1 7.39933E-1 7.407E-1 7.36937E-1 7.39582E-1 7.45982E-1 7.49466E-1 7.48388E-1 7.458E-1 7.39516E-1 7.38666E-1 7.36138E-1 7.26697E-1 7.3048E-1 7.44808E-1 7.5349E-1
7.32809E-1 7.28313E-1 7.26812E-1 7.28583E-1 7.23431E-1 7.18201E-1 7.16948E-1 7.11503E-1 7.18296E-1 7.23804E-1 7.36334E-1 7.56279E-1 7.57913E-1 7.52838E-1 7.33267E-1 7.28011E-1 7.26027E-1 7.31874E-1 7.26855E-1 7.23359E-1 7.41595E-1 7.25877E-1 7.2569E-1 7.32638E-1 7.40338E-1 7.39297E-1 7.33757E-1 7.38725E-1 7.28858E-1 7.38373E-1 7.35718E-1 7.37675E-1 7.36934E-1 7.49978E-1 7.43509E-1 7.39492E-1 7.4008E-1 7.42305E-1 7.49147E-1 7.53805E-1 7.53604E-1 7.47401E-1 7.43074E-1 7.35323E-1 7.40371E-1 7.3907E-1 7.40356E-1 7.43525E-1 7.37203E-1 7.40236E-1 7.47746E-1 7.52497E-1 7.49621E-1 7.39705E-1 7.31254E-1 7.35545E-1 7.45764E-1 7.38847E-1 7.44128E-1 -9999 -9999
7.349E-1 7.31111E-1 7.30741E-1 7.27997E-1 7.2616E-1 7.17978E-1 7.15583E-1 7.17158E-1 7.18221E-1 7.2369E-1 7.2827E-1 7.44703E-1 7.5217E-1 7.49647E-1 7.36679E-1 7.3166E-1 7.30519E-1 7.37674E-1 7.3349E-1 7.4973E-1 7.85719E-1 7.46189E-1 7.32261E-1 7.37887E-1 7.38068E-1 7.48474E-1 7.44637E-1 7.38856E-1 7.26444E-1 7.27648E-1 7.3603E-1 7.44571E-1 7.46493E-1 7.47969E-1 7.5325E-1 7.53551E-1 7.5567E-1 7.57094E-1 7.56033E-1 7.60545E-1 7.57129E-1 7.5215E-1 7.47666E-1 7.47881E-1 7.46761E-1 7.51621E-1 7.5021E-1 7.50604E-1 7.41063E-1 7.39703E-1 7.43445E-1 7.45685E-1 7.41182E-1 7.32952E-1 7.27244E-1 7.31297E-1 7.55212E-1 7.57168E-1 -9999 -9999 -9999
7.3542E-1 7.31953E-1 7.29252E-1 7.3241E-1 7.28597E-1 7.25642E-1 7.21941E-1 7.25465E-1 7.26378E-1 7.24838E-1 7.26807E-1 7.33174E-1 7.34579E-1 7.43241E-1 7.42582E-1 7.35944E-1 7.35142E-1 7.47786E-1 7.60845E-1 7.54027E-1 7.53772E-1 7.40351E-1 7.407E-1 7.51074E-1 7.4516E-1 7.56387E-1 7.55995E-1 7.43545E-1 7.36842E-1 7.40757E-1 7.51032E-1 7.55786E-1 7.61368E-1 7.62139E-1 7.65486E-1 7.65111E-1 7.67683E-1 7.65193E-1 7.64644E-1 7.64421E-1 7.60503E-1 7.53389E-1 7.56122E-1 7.58292E-1 7.61259E-1 7.62028E-1 7.57201E-1 7.48697E-1 7.44926E-1 7.37959E-1 7.40959E-1 7.4707E-1 7.47068E-1 7.4001E-1 7.45505E-1 7.37876E-1 7.55893E-1 -9999 -9999 -9999 -9999
7.38497E-1 7.3E-1 7.31565E-1 7.35106E-1 7.38449E-1 7.3337E-1 7.33786E-1 7.29429E-1 7.30824E-1 7.22796E-1 7.2011E-1 7.29146E-1 7.28905E-1 7.3878E-1 7.43567E-1 7.50053E-1 7.48312E-1 7.66178E-1 7.77283E-1 7.64056E-1 7.48263E-1 7.47101E-1 7.46139E-1 7.48781E-1 7.49609E-1 7.55141E-1 7.66735E-1 7.59066E-1 7.58043E-1 7.55595E-1 7.60072E-1 7.6615E-1 7.69078E-1 7.69396E-1 7.6521E-1 7.65807E-1 7.70383E-1 7.70479E-1 7.73527E-1 7.6764E-1 7.67281E-1 7.61908E-1 7.60134E-1 7.69093E-1 7.69196E-1 7.71141E-1 7.6008E-1 7.49851E-1 7.42485E-1 7.34494E-1 7.39672E-1 7.49874E-1 7.44678E-1 7.49623E-1 7.45278E-1 -9999 -9999 -9999 -9999 -9999 -9999
7.44092E-1 7.36266E-1 7.34972E-1 7.38813E-1 7.40987E-1 7.43354E-1 7.3669E-1 7.3656E-1 7.36007E-1 7.28711E-1 7.2753E-1 7.36516E-1 7.41693E-1 7.48391E-1 7.52926E-1 7.48703E-1 7.47634E-1 7.44599E-1 7.52218E-1 7.50504E-1 7.48328E-1 7.51029E-1 7.52916E-1 7.51983E-1 7.50835E-1 7.60622E-1 7.66354E-1 7.67362E-1 7.65337E-1 7.70815E-1 7.76497E-1 7.71017E-1 7.72568E-1 7.75263E-1 7.68262E-1 7.60631E-1 7.70442E-1 7.71308E-1 7.75111E-1 7.73602E-1 7.7052E-1 7.66601E-1 7.62139E-1 7.69677E-1 7.67975E-1 7.67496E-1 7.57669E-1 7.47668E-1 7.38305E-1 7.34807E-1 7.42169E-1 7.53804E-1 7.48975E-1 7.49664E-1 -9999 -9999 -9999 -9999 -9999 -9999 -9999
7.51963E-1 7.48031E-1 7.43728E-1 7.40561E-1 7.47218E-1 7.53512E-1 7.47051E-1 7.41602E-1 7.41646E-1 7.40125E-1 7.41789E-1 7.5443E-1 7.65693E-1 7.6037E-1 7.56245E-1 7.59234E-1 7.50821E-1 7.563E-1 7.60921E-1 7.6734E-1 7.63741E-1 7.61377E-1 7.57465E-1 7.60398E-1 7.58072E-1 7.7007E-1 7.69947E-1 7.70752E-1 7.71662E-1 7.82968E-1 7.83173E-1 7.85705E-1 7.83186E-1 7.83843E-1 7.82108E-1 7.73489E-1 7.71378E-1 7.75701E-1 7.7452E-1 7.74804E-1 7.72143E-1 7.67253E-1 7.64837E-1 7.6627E-1 7.65552E-1 7.65768E-1 7.57468E-1 7.50913E-1 7.43475E-1 7.58432E-1 7.57093E-1 7.5611E-1 -9999 -9999 -9999 -9999 -9999 -9999 -9999 -9999 -9999
7.62599E-1 7.60291E-1 7.57833E-1 7.51544E-1 7.52209E-1 7.48629E-1 7.51251E-1 7.62244E-1 7.53826E-1 7.56022E-1 7.53843E-1 7.60515E-1 7.66522E-1 7.67506E-1 7.69885E-1 7.78053E-1 7.75923E-1 7.66754E-1 7.60089E-1 7.57753E-1 7.56985E-1 7.58839E-1 7.57852E-1 7.70657E-1 7.72457E-1 7.97618E-1 7.77186E-1 7.84095E-1 7.81138E-1 7.83973E-1 7.85627E-1 7.87627E-1 7.94161E-1 7.94231E-1 7.93487E-1 7.91416E-1 7.80461E-1 7.7977E-1 7.74651E-1 7.74612E-1 7.71333E-1 7.67705E-1 7.66208E-1 7.64025E-1 7.64883E-1 7.66069E-1 7.66866E-1 7.58022E-1 7.59137E-1 7.69996E-1 7.72615E-1 -9999 -9999 -9999 -9999 -9999 -9999 -9999 -9999 -9999 -9999
7.72862E-1 7.72997E-1 7.67941E-1 7.6469E-1 7.64124E-1 7.63753E-1 7.65478E-1 7.66532E-1 7.63983E-1 7.65117E-1 7.68218E-1 7.71102E-1 7.71255E-1 7.78625E-1 7.81593E-1 7.85082E-1 7.83067E-1 7.76022E-1 7.68368E-1 7.66729E-1 7.68968E-1 7.64613E-1 7.70317E-1 7.75901E-1 7.89872E-1 8.12116E-1 7.92982E-1 7.9468E-1 7.88562E-1 7.88046E-1 7.87057E-1 7.90452E-1 7.92654E-1 8.01816E-1 8.04161E-1 8.0465E-1 8.03245E-1 7.90632E-1 7.84684E-1 7.81111E-1 7.72401E-1 7.67469E-1 7.62641E-1 7.64649E-1 7.68704E-1 7.67247E-1 7.63953E-1 7.65902E-1 7.80426E-1 7.78433E-1 -9999 -9999 -9999 -9999 -9999 -9999 -9999 -9999 -9999 -9999 -9999
7.85571E-1 7.84808E-1 7.81989E-1 7.81228E-1 7.73738E-1 7.76027E-1 7.79349E-1 7.83104E-1 7.84946E-1 7.75324E-1 7.74763E-1 7.81983E-1 7.84784E-1 7.89005E-1 7.91003E-1 7.9158E-1 7.89223E-1 7.85523E-1 7.82391E-1 7.75608E-1 7.74439E-1 7.82194E-1 7.89294E-1 7.98593E-1 8.04422E-1 8.12719E-1 8.01052E-1 8.04517E-1 8.01433E-1 7.97875E-1 7.92494E-1 7.94851E-1 7.98992E-1 8.07525E-1 8.14252E-1 8.13396E-1 8.09668E-1 7.97053E-1 7.84723E-1 7.81462E-1 7.79312E-1 7.70635E-1 7.62801E-1 7.59746E-1 7.64816E-1 7.72375E-1 7.66812E-1 7.72309E-1 7.93077E-1 7.91461E-1 -9999 -9999 -9999 -9999 -9999 -9999 -9999 -9999 -9999 -9999 -9999
