maxent_outputs/red_flowers_linear/red_106.asc
ncols         426
nrows         180
xllcorner     -130.0
yllcorner     24.0
cellsize      0.16666666666666666
NODATA_value  -9999
[rows 27 to 53 of 180, columns 61 to 121 of 426]
1.98059E-1 2.17568E-1 2.36132E-1 2.40157E-1 1.9152E-1 2.04725E-1 2.73139E-1 2.48113E-1 2.255E-1 2.90664E-1 2.86868E-1 2.97633E-1 2.90412E-1 2.71398E-1 2.95084E-1 2.63273E-1 2.82603E-1 2.56288E-1 2.80995E-1 2.69818E-1 2.18706E-1 2.35186E-1 2.31173E-1 1.75881E-1 1.84398E-1 1.80505E-1 1.56286E-1 1.68754E-1 1.73139E-1 1.94753E-1 1.92406E-1 2.08308E-1 2.24745E-1 2.43543E-1 2.28521E-1 1.93173E-1 1.7023E-1 1.63483E-1 1.61873E-1 1.58646E-1 1.57246E-1 1.56246E-1 1.56658E-1 1.60223E-1 1.56713E-1 1.54816E-1 1.49659E-1 1.43609E-1 1.38386E-1 1.35903E-1 1.33513E-1 1.30523E-1 1.26303E-1 1.23979E-1 1.17564E-1 1.13525E-1 1.08499E-1 1.03887E-1 1.05311E-1 1.06093E-1 1.01579E-1
2.01407E-1 2.01706E-1 2.1748E-1 2.64629E-1 2.17359E-1 1.98484E-1 2.24777E-1 2.53146E-1 2.36125E-1 2.78936E-1 2.69481E-1 2.74554E-1 2.87213E-1 2.66534E-1 2.56313E-1 2.47605E-1 2.71474E-1 2.682E-1 2.7102E-1 2.3413E-1 2.13324E-1 2.04754E-1 2.02736E-1 1.75808E-1 1.99725E-1 1.81353E-1 1.86621E-1 1.55919E-1 1.86212E-1 1.88958E-1 2.10788E-1 1.87277E-1 2.16713E-1 2.50909E-1 2.69155E-1 2.31265E-1 2.01006E-1 1.85609E-1 1.72471E-1 1.67143E-1 1.66242E-1 1.65218E-1 1.65766E-1 1.64745E-1 1.60729E-1 1.55361E-1 1.52314E-1 1.43154E-1 1.38181E-1 1.36606E-1 1.33834E-1 1.31347E-1 1.2779E-1 1.24714E-1 1.21958E-1 1.14775E-1 1.01054E-1 9.62837E-2 9.64161E-2 8.85222E-2 8.47018E-2
2.38061E-1 2.10243E-1 2.17049E-1 2.08895E-1 1.76235E-1 1.84292E-1 2.02547E-1 2.20669E-1 2.19921E-1 2.52767E-1 2.75999E-1 2.73529E-1 2.56022E-1 2.53589E-1 2.71223E-1 2.56436E-1 2.77798E-1 2.4606E-1 2.31747E-1 2.36512E-1 2.22937E-1 1.8987E-1 1.87102E-1 1.86681E-1 1.91756E-1 1.96323E-1 2.02571E-1 1.88726E-1 2.06072E-1 2.09271E-1 2.10708E-1 1.88253E-1 1.87121E-1 2.09654E-1 2.40048E-1 2.58855E-1 2.39483E-1 2.14641E-1 1.90263E-1 1.73818E-1 1.71657E-1 1.69378E-1 1.62082E-1 1.58515E-1 1.52933E-1 1.51962E-1 1.51068E-1 1.42011E-1 1.46349E-1 1.56176E-1 1.5681E-1 1.5071E-1 1.4476E-1 1.34715E-1 1.2227E-1 1.20129E-1 1.21768E-1 1.00936E-1 8.53837E-2 8.12855E-2 7.94693E-2
2.46073E-1 2.07303E-1 2.12444E-1 1.73455E-1 1.61947E-1 1.94219E-1 2.06573E-1 2.01006E-1 2.40556E-1 2.36532E-1 2.39925E-1 2.36646E-1 2.40254E-1 2.5208E-1 2.78297E-1 2.6994E-1 2.75618E-1 2.39113E-1 2.25973E-1 2.57563E-1 2.38255E-1 2.21176E-1 2.1556E-1 2.22714E-1 1.93115E-1 1.82939E-1 2.0938E-1 2.09139E-1 1.94148E-1 2.25449E-1 2.06915E-1 2.11922E-1 1.8079E-1 2.02249E-1 2.15926E-1 2.275E-1 2.48957E-1 2.56313E-1 2.08123E-1 1.94407E-1 1.80123E-1 1.70642E-1 1.65717E-1 1.66843E-1 1.58369E-1 1.49087E-1 1.49855E-1 1.55434E-1 1.46537E-1 1.5603E-1 1.58432E-1 1.53249E-1 1.67031E-1 1.54254E-1 1.33639E-1 1.20349E-1 1.20301E-1 1.13856E-1 1.05227E-1 1.00259E-1 9.83652E-2
2.39374E-1 2.01166E-1 2.07003E-1 1.89255E-1 2.16964E-1 2.04708E-1 2.05189E-1 1.9327E-1 2.71328E-1 2.41166E-1 2.23787E-1 2.29731E-1 2.4258E-1 2.51944E-1 2.45229E-1 2.80358E-1 2.67869E-1 2.55153E-1 2.50206E-1 2.50399E-1 2.43967E-1 2.34585E-1 2.17998E-1 2.2183E-1 2.07452E-1 1.96486E-1 2.09836E-1 2.23459E-1 2.07433E-1 1.79958E-1 2.10985E-1 2.14614E-1 2.01975E-1 1.80736E-1 1.94784E-1 1.95617E-1 1.95646E-1 2.49137E-1 2.30174E-1 2.12321E-1 1.90383E-1 1.81458E-1 1.76307E-1 1.73053E-1 1.68321E-1 1.60712E-1 1.64067E-1 1.64197E-1 1.48073E-1 1.46411E-1 1.45766E-1 1.37478E-1 1.40007E-1 1.36262E-1 1.27378E-1 1.20921E-1 1.15563E-1 1.1428E-1 1.152E-1 1.12845E-1 1.12286E-1
2.07534E-1 1.95971E-1 1.99983E-1 2.00241E-1 2.04384E-1 2.14636E-1 1.944E-1 2.25501E-1 2.67069E-1 2.4049E-1 2.38862E-1 2.24046E-1 2.29417E-1 2.44707E-1 2.48091E-1 2.40166E-1 2.6084E-1 2.62114E-1 2.71266E-1 2.39537E-1 2.42784E-1 2.30122E-1 2.34398E-1 2.37127E-1 2.13666E-1 2.16553E-1 2.11922E-1 2.38442E-1 2.05546E-1 1.94456E-1 2.14187E-1 1.96749E-1 2.13516E-1 1.93157E-1 2.03413E-1 2.3442E-1 2.25283E-1 2.04892E-1 2.32489E-1 2.23709E-1 1.9226E-1 1.94903E-1 1.97244E-1 1.92805E-1 1.95354E-1 1.9793E-1 1.92012E-1 1.68508E-1 1.57304E-1 1.48428E-1 1.43505E-1 1.39639E-1 1.3259E-1 1.28998E-1 1.19873E-1 1.18619E-1 1.16119E-1 1.15787E-1 1.14164E-1 1.14691E-1 1.17495E-1
2.17216E-1 2.07969E-1 2.12241E-1 2.10037E-1 2.24397E-1 2.27132E-1 2.05059E-1 2.24381E-1 2.43846E-1 2.29238E-1 2.26975E-1 2.22468E-1 2.24327E-1 2.49453E-1 2.44682E-1 2.35705E-1 2.60802E-1 2.46438E-1 2.59282E-1 2.57362E-1 2.53807E-1 2.42137E-1 2.36015E-1 2.44619E-1 2.37698E-1 2.19988E-1 2.26112E-1 2.25394E-1 2.07901E-1 2.05633E-1 1.90042E-1 2.10118E-1 1.97387E-1 2.01681E-1 2.08809E-1 2.20406E-1 1.99841E-1 1.9978E-1 2.05919E-1 2.25861E-1 2.13519E-1 2.12543E-1 2.09486E-1 2.0377E-1 1.89223E-1 1.82948E-1 1.84523E-1 1.70683E-1 1.65173E-1 1.56635E-1 1.42526E-1 1.32249E-1 1.31231E-1 1.34274E-1 1.29923E-1 1.22573E-1 1.22075E-1 1.18327E-1 1.18066E-1 1.25322E-1 1.38048E-1
2.04324E-1 2.06999E-1 2.0914E-1 2.11321E-1 2.16407E-1 2.01504E-1 2.10366E-1 2.22534E-1 2.2972E-1 2.17432E-1 2.22919E-1 2.26458E-1 2.12068E-1 2.45328E-1 2.42016E-1 2.25341E-1 2.45217E-1 2.46884E-1 2.54357E-1 2.72271E-1 2.8109E-1 2.70181E-1 2.37237E-1 2.46877E-1 2.48433E-1 2.18585E-1 2.24637E-1 2.21926E-1 2.18244E-1 2.05458E-1 1.8628E-1 2.17262E-1 1.9189E-1 1.82942E-1 2.22571E-1 2.13621E-1 2.05096E-1 2.07431E-1 2.01246E-1 2.24671E-1 2.44453E-1 2.34369E-1 2.16454E-1 2.1433E-1 1.92998E-1 1.81225E-1 1.81272E-1 1.69409E-1 1.66097E-1 1.54998E-1 1.48229E-1 1.40572E-1 1.36606E-1 1.33499E-1 1.36301E-1 1.3538E-1 1.31057E-1 1.26573E-1 1.20413E-1 1.40484E-1 1.65123E-1
1.84885E-1 1.97879E-1 1.91087E-1 1.96412E-1 1.97891E-1 2.0453E-1 2.15583E-1 2.16583E-1 2.18706E-1 2.23076E-1 2.26521E-1 2.19515E-1 2.12068E-1 2.20065E-1 2.21685E-1 2.27682E-1 2.39426E-1 2.51105E-1 2.54285E-1 2.66411E-1 3.05688E-1 2.94093E-1 2.49437E-1 2.48529E-1 2.47358E-1 2.34322E-1 2.25118E-1 2.23522E-1 2.24274E-1 2.12075E-1 2.15152E-1 2.2706E-1 2.36664E-1 2.22173E-1 2.3595E-1 2.32561E-1 1.86628E-1 1.98539E-1 1.89724E-1 1.91582E-1 2.04925E-1 2.22757E-1 2.35631E-1 2.20128E-1 2.04401E-1 1.86803E-1 1.82057E-1 1.76983E-1 1.70877E-1 1.66508E-1 1.61534E-1 1.6631E-1 1.63993E-1 1.62249E-1 1.65873E-1 1.64288E-1 1.51207E-1 1.39967E-1 1.34235E-1 1.3999E-1 1.59583E-1
1.70322E-1 1.73086E-1 1.72703E-1 1.79409E-1 2.13561E-1 2.00725E-1 2.18668E-1 2.15695E-1 2.23808E-1 2.19097E-1 2.19764E-1 2.164E-1 2.31914E-1 2.23717E-1 2.21081E-1 2.3486E-1 2.67947E-1 2.53182E-1 2.44463E-1 2.69007E-1 2.79331E-1 2.59198E-1 2.55347E-1 2.62072E-1 2.40022E-1 2.41385E-1 2.41347E-1 2.29116E-1 2.19678E-1 2.23171E-1 2.24098E-1 2.19049E-1 2.4741E-1 2.4821E-1 2.94137E-1 2.64405E-1 2.18217E-1 1.93882E-1 2.0055E-1 1.91516E-1 2.12357E-1 2.13908E-1 2.45306E-1 2.18364E-1 2.1269E-1 2.06008E-1 1.99895E-1 2.09842E-1 2.06333E-1 2.00846E-1 1.93497E-1 1.96642E-1 1.86532E-1 1.7543E-1 1.7785E-1 1.79862E-1 1.66231E-1 1.58657E-1 1.60402E-1 1.53463E-1 1.48051E-1
1.7105E-1 1.74612E-1 1.74475E-1 1.8782E-1 1.90839E-1 1.88836E-1 1.86083E-1 1.8432E-1 1.94578E-1 1.99883E-1 2.0352E-1 2.05927E-1 2.14895E-1 2.3247E-1 2.54721E-1 2.44538E-1 2.52395E-1 2.57606E-1 2.67888E-1 2.80742E-1 2.70035E-1 2.67246E-1 2.62063E-1 2.51684E-1 2.61739E-1 2.37761E-1 2.38348E-1 2.60398E-1 2.2655E-1 2.21615E-1 2.25569E-1 2.1409E-1 2.28674E-1 2.35594E-1 2.6824E-1 2.63501E-1 2.28247E-1 2.07146E-1 1.98983E-1 2.03326E-1 2.36641E-1 2.16518E-1 2.5183E-1 2.19233E-1 2.15807E-1 2.21905E-1 2.07863E-1 2.05226E-1 2.1047E-1 2.02016E-1 1.95252E-1 1.98123E-1 1.97796E-1 1.93579E-1 1.92143E-1 1.92015E-1 1.88813E-1 1.82854E-1 1.7827E-1 1.74168E-1 1.6276E-1
1.80516E-1 1.83958E-1 1.991E-1 2.08527E-1 1.89192E-1 1.92765E-1 1.90051E-1 1.9191E-1 1.93089E-1 1.92516E-1 1.93342E-1 2.00899E-1 2.15431E-1 2.28772E-1 2.53272E-1 2.57458E-1 2.63358E-1 2.68612E-1 2.91208E-1 2.86889E-1 2.72081E-1 2.69219E-1 2.73196E-1 2.59195E-1 2.71435E-1 2.59815E-1 2.35689E-1 2.50322E-1 2.45363E-1 2.26464E-1 2.40268E-1 2.17758E-1 2.16536E-1 2.11592E-1 2.24753E-1 2.45746E-1 2.11987E-1 2.22975E-1 2.04622E-1 1.83139E-1 2.33229E-1 2.39111E-1 2.46558E-1 2.17022E-1 2.16826E-1 2.13482E-1 2.07455E-1 2.02528E-1 1.95073E-1 2.10474E-1 2.10982E-1 2.08591E-1 1.98466E-1 2.02101E-1 2.03212E-1 1.99717E-1 1.93196E-1 1.909E-1 1.85408E-1 1.78901E-1 1.73788E-1
1.98684E-1 1.89527E-1 2.25423E-1 2.0648E-1 2.19644E-1 2.11185E-1 2.10285E-1 2.02962E-1 1.98832E-1 1.97347E-1 2.05899E-1 2.11599E-1 2.32158E-1 2.4262E-1 2.38233E-1 2.36957E-1 2.37653E-1 2.4894E-1 2.67927E-1 2.73501E-1 2.88268E-1 2.77818E-1 2.74612E-1 2.52639E-1 2.40865E-1 2.45077E-1 2.3193E-1 2.36745E-1 2.46794E-1 2.4287E-1 2.52755E-1 2.28736E-1 2.23567E-1 2.06749E-1 2.08184E-1 2.56873E-1 2.07788E-1 2.27766E-1 2.31124E-1 2.09791E-1 2.21195E-1 2.39591E-1 2.44304E-1 2.24406E-1 2.13628E-1 2.08569E-1 2.02991E-1 1.94564E-1 1.98069E-1 2.00234E-1 2.01486E-1 2.02402E-1 2.02902E-1 2.10198E-1 2.11949E-1 2.16285E-1 2.0713E-1 1.92863E-1 1.88067E-1 1.88545E-1 1.83884E-1
2.01008E-1 2.08894E-1 2.09045E-1 2.04515E-1 2.02043E-1 1.96744E-1 2.032E-1 2.03569E-1 2.05911E-1 2.12448E-1 2.22663E-1 2.36044E-1 2.4251E-1 2.52254E-1 2.48253E-1 2.43978E-1 2.56909E-1 2.59013E-1 2.67014E-1 2.6073E-1 2.60529E-1 2.58021E-1 2.57263E-1 2.50108E-1 2.39931E-1 2.44385E-1 2.56692E-1 2.55305E-1 2.35752E-1 2.3896E-1 2.55829E-1 2.35869E-1 2.46705E-1 2.26995E-1 2.27138E-1 2.60943E-1 2.33086E-1 1.90668E-1 2.27981E-1 2.19993E-1 2.16644E-1 2.01645E-1 2.23382E-1 2.43218E-1 2.26276E-1 2.14191E-1 2.14485E-1 2.16825E-1 1.98729E-1 1.99561E-1 2.08315E-1 2.14042E-1 2.15023E-1 2.19056E-1 2.21174E-1 2.15162E-1 2.08174E-1 2.0029E-1 1.91738E-1 1.91792E-1 1.89251E-1
2.0043E-1 2.02701E-1 2.21722E-1 2.1779E-1 2.07058E-1 2.09511E-1 2.11699E-1 2.12781E-1 2.1601E-1 2.29466E-1 2.36339E-1 2.44623E-1 2.50723E-1 2.6126E-1 2.6081E-1 2.51573E-1 2.60249E-1 2.79694E-1 2.82271E-1 2.75848E-1 2.6725E-1 2.65807E-1 2.71298E-1 2.61919E-1 2.43931E-1 2.46184E-1 2.4656E-1 2.50092E-1 2.5882E-1 2.52619E-1 2.21854E-1 2.34828E-1 2.18233E-1 2.25195E-1 2.30372E-1 2.58297E-1 2.3254E-1 1.87918E-1 1.81026E-1 1.64281E-1 1.68973E-1 1.75731E-1 2.26438E-1 2.25024E-1 2.16542E-1 2.20007E-1 2.14093E-1 2.14667E-1 2.20505E-1 2.21012E-1 2.0865E-1 2.19844E-1 2.22142E-1 2.2002E-1 2.15956E-1 2.22666E-1 2.23856E-1 2.14582E-1 2.0317E-1 2.00248E-1 1.97806E-1
2.26549E-1 2.26717E-1 2.33521E-1 2.46725E-1 2.17518E-1 2.12571E-1 2.18595E-1 2.27143E-1 2.29299E-1 2.38568E-1 2.46563E-1 2.50999E-1 2.51748E-1 2.59023E-1 2.66138E-1 2.61156E-1 2.61406E-1 2.74905E-1 2.81634E-1 2.81732E-1 2.64874E-1 2.75424E-1 2.69013E-1 2.62709E-1 2.64859E-1 2.6728E-1 2.45285E-1 2.50981E-1 2.20938E-1 2.52624E-1 2.30178E-1 2.36903E-1 2.33849E-1 2.14653E-1 2.02896E-1 2.28474E-1 2.18867E-1 1.90834E-1 1.88146E-1 2.13675E-1 1.50746E-1 1.61771E-1 2.18485E-1 2.22903E-1 2.26078E-1 2.08958E-1 1.95139E-1 1.898E-1 2.1014E-1 2.16847E-1 1.95438E-1 1.93491E-1 2.04298E-1 2.30187E-1 2.22193E-1 2.43731E-1 2.28042E-1 2.18675E-1 2.07582E-1 2.02056E-1 1.99469E-1
2.59864E-1 2.70596E-1 2.58943E-1 2.37842E-1 2.34526E-1 2.27155E-1 2.36778E-1 2.36412E-1 2.46092E-1 2.64779E-1 2.66734E-1 2.62925E-1 2.70519E-1 2.80829E-1 2.92058E-1 2.673E-1 2.63712E-1 2.73825E-1 2.62328E-1 2.55958E-1 2.74803E-1 2.6937E-1 2.79768E-1 2.59093E-1 2.40106E-1 2.38276E-1 2.53436E-1 2.40522E-1 2.0699E-1 2.08956E-1 2.41869E-1 2.16926E-1 2.21645E-1 2.45101E-1 2.14825E-1 2.2992E-1 2.10403E-1 2.10446E-1 2.04126E-1 2.03474E-1 1.92649E-1 2.17636E-1 1.93735E-1 2.10793E-1 2.17939E-1 1.98126E-1 1.85695E-1 1.75947E-1 1.85119E-1 2.09078E-1 2.04264E-1 1.82219E-1 1.84111E-1 2.0306E-1 2.23417E-1 2.36823E-1 2.17859E-1 2.26101E-1 2.26616E-1 2.12481E-1 1.94989E-1
2.7635E-1 2.75017E-1 2.73535E-1 2.51884E-1 2.47943E-1 2.50673E-1 2.49714E-1 2.66483E-1 2.84989E-1 3.09937E-1 3.08795E-1 3.06022E-1 3.11029E-1 2.97248E-1 2.82108E-1 2.88338E-1 2.69004E-1 2.65391E-1 2.84595E-1 2.95659E-1 2.8527E-1 3.21553E-1 2.87743E-1 2.58645E-1 2.38808E-1 2.38656E-1 2.33462E-1 2.40727E-1 2.35989E-1 2.41238E-1 2.11813E-1 1.84138E-1 2.26379E-1 2.63767E-1 2.13253E-1 2.1828E-1 2.3351E-1 2.37468E-1 2.23702E-1 1.74387E-1 1.77256E-1 1.7212E-1 1.89508E-1 1.73428E-1 1.88341E-1 2.00437E-1 1.83658E-1 1.73047E-1 1.6823E-1 1.69011E-1 2.06058E-1 2.11506E-1 1.7987E-1 1.86685E-1 2.13702E-1 2.08033E-1 2.01863E-1 2.06322E-1 2.05586E-1 2.05608E-1 2.00484E-1
2.43753E-1 2.66428E-1 2.84222E-1 2.7863E-1 2.61959E-1 2.64013E-1 2.70364E-1 2.83382E-1 2.67552E-1 2.73882E-1 2.96205E-1 2.98226E-1 2.9547E-1 2.80573E-1 2.69694E-1 3.21633E-1 3.22905E-1 3.18285E-1 3.20149E-1 2.98098E-1 2.95678E-1 3.02919E-1 2.89856E-1 2.46013E-1 2.56024E-1 2.8257E-1 2.64697E-1 2.48161E-1 2.48886E-1 2.44282E-1 2.56489E-1 2.30276E-1 2.4263E-1 2.35437E-1 2.07838E-1 2.38246E-1 2.38426E-1 2.30349E-1 2.07031E-1 2.09129E-1 2.78196E-1 2.25799E-1 1.66609E-1 2.07044E-1 2.5212E-1 2.58278E-1 1.92196E-1 2.05624E-1 2.33679E-1 1.65479E-1 1.67192E-1 2.23183E-1 2.14298E-1 1.8479E-1 2.29929E-1 2.05789E-1 1.99293E-1 2.04928E-1 2.06228E-1 1.99555E-1 2.02029E-1
2.57376E-1 2.64117E-1 2.76443E-1 2.92066E-1 2.8788E-1 2.81751E-1 2.7063E-1 2.78274E-1 2.83358E-1 2.90277E-1 3.06662E-1 3.04633E-1 2.91397E-1 2.9234E-1 2.92268E-1 2.93084E-1 2.97296E-1 3.17324E-1 2.97382E-1 2.89224E-1 2.89056E-1 2.96957E-1 3.02888E-1 2.81792E-1 2.89317E-1 2.80739E-1 2.6866E-1 2.63934E-1 2.43615E-1 2.40357E-1 2.41036E-1 2.15568E-1 2.40754E-1 2.35528E-1 2.12128E-1 2.47613E-1 2.61538E-1 2.13737E-1 1.81869E-1 2.22434E-1 2.82686E-1 2.15758E-1 1.90343E-1 2.40044E-1 2.41194E-1 2.33511E-1 2.01854E-1 2.44264E-1 2.15479E-1 1.86844E-1 1.84927E-1 2.07865E-1 2.19647E-1 2.03367E-1 1.97879E-1 2.31853E-1 2.46226E-1 2.50236E-1 2.20285E-1 2.07203E-1 2.07553E-1
2.75468E-1 2.54791E-1 2.44368E-1 2.50939E-1 2.6744E-1 2.98337E-1 3.03554E-1 3.1034E-1 3.02391E-1 3.2485E-1 3.25044E-1 2.88086E-1 2.75164E-1 2.89623E-1 2.90051E-1 3.02073E-1 3.04756E-1 3.41921E-1 2.89906E-1 2.86862E-1 2.98111E-1 2.97489E-1 3.0275E-1 3.08995E-1 3.1679E-1 3.0634E-1 2.92992E-1 2.63911E-1 2.53E-1 2.42253E-1 2.17259E-1 2.19224E-1 2.33473E-1 2.37334E-1 2.19135E-1 2.12554E-1 2.58999E-1 2.49979E-1 2.56753E-1 2.85426E-1 2.41851E-1 1.98946E-1 2.02688E-1 2.13493E-1 2.31474E-1 2.57129E-1 2.22104E-1 2.00515E-1 2.048E-1 1.92207E-1 1.89497E-1 1.96257E-1 2.09006E-1 2.4018E-1 2.06292E-1 2.05703E-1 2.64429E-1 2.73465E-1 2.24634E-1 2.04171E-1 2.09134E-1
2.82736E-1 2.87774E-1 2.84527E-1 2.86386E-1 2.87658E-1 2.85902E-1 2.77574E-1 3.02025E-1 3.19863E-1 3.30224E-1 2.97238E-1 2.76162E-1 2.632E-1 2.80582E-1 2.74033E-1 2.80317E-1 3.08905E-1 3.17217E-1 3.48217E-1 2.95611E-1 2.97791E-1 2.9151E-1 3.03634E-1 2.99948E-1 3.22447E-1 2.73747E-1 2.7135E-1 2.83595E-1 2.7033E-1 2.38403E-1 2.349E-1 2.364E-1 2.47404E-1 2.50244E-1 2.18516E-1 1.8929E-1 2.2187E-1 2.50837E-1 2.44996E-1 1.78288E-1 1.54492E-1 2.29922E-1 2.19095E-1 1.98402E-1 2.2124E-1 1.9925E-1 2.10972E-1 2.01725E-1 2.02409E-1 1.91484E-1 1.87893E-1 1.94079E-1 2.1438E-1 2.46458E-1 2.12078E-1 1.90201E-1 2.35206E-1 2.49713E-1 2.23838E-1 2.22727E-1 2.2316E-1
3.04586E-1 3.01133E-1 2.91652E-1 2.96657E-1 3.05369E-1 2.96173E-1 2.86372E-1 2.87568E-1 2.84249E-1 2.88585E-1 2.67666E-1 2.43181E-1 2.54199E-1 2.51026E-1 2.78437E-1 2.7717E-1 2.5758E-1 2.85238E-1 3.38129E-1 3.24597E-1 3.19986E-1 3.24328E-1 3.08148E-1 3.10425E-1 3.13017E-1 2.76508E-1 2.37885E-1 2.40679E-1 2.38479E-1 2.32851E-1 2.36099E-1 2.4903E-1 2.34651E-1 2.22535E-1 2.24009E-1 1.95772E-1 2.08552E-1 1.4796E-1 1.25819E-1 1.9522E-1 2.38462E-1 2.13809E-1 2.15221E-1 2.296E-1 2.4821E-1 1.90606E-1 2.14435E-1 2.0236E-1 1.96474E-1 2.04075E-1 2.0245E-1 1.94286E-1 1.93472E-1 2.52138E-1 2.56655E-1 2.14577E-1 2.23013E-1 2.26585E-1 2.25252E-1 2.25105E-1 2.25388E-1
2.91407E-1 2.88731E-1 3.00109E-1 2.96941E-1 2.94438E-1 2.95999E-1 3.01563E-1 2.90992E-1 2.79236E-1 2.87856E-1 2.49868E-1 2.43467E-1 2.42024E-1 2.46363E-1 2.42032E-1 2.50773E-1 2.49101E-1 2.88347E-1 3.21414E-1 3.33599E-1 3.24219E-1 3.3051E-1 3.08561E-1 2.98879E-1 2.86179E-1 2.62089E-1 2.43844E-1 2.33721E-1 2.34846E-1 2.36231E-1 2.34334E-1 2.32225E-1 2.38057E-1 2.2266E-1 2.11927E-1 1.86441E-1 2.01085E-1 1.34533E-1 1.371E-1 2.41661E-1 2.30314E-1 2.60192E-1 2.148E-1 2.23855E-1 2.07409E-1 2.04338E-1 2.8136E-1 2.63646E-1 2.03804E-1 2.21892E-1 2.26025E-1 2.20092E-1 2.41988E-1 2.60601E-1 2.44972E-1 2.22827E-1 2.62731E-1 2.54343E-1 2.5969E-1 2.71478E-1 2.51426E-1
2.81605E-1 2.82721E-1 2.89184E-1 2.88014E-1 2.87078E-1 2.91928E-1 3.02895E-1 2.76859E-1 2.74776E-1 2.65379E-1 2.58997E-1 2.54669E-1 2.76097E-1 2.89547E-1 2.93447E-1 2.46163E-1 2.63697E-1 3.01088E-1 3.22499E-1 3.1774E-1 3.003E-1 3.19338E-1 2.93529E-1 2.74075E-1 2.69711E-1 2.62658E-1 2.5014E-1 2.29672E-1 2.23825E-1 2.28506E-1 2.31537E-1 2.19852E-1 2.09196E-1 2.10605E-1 1.90668E-1 1.73161E-1 2.41414E-1 1.87685E-1 1.52553E-1 2.11979E-1 2.19506E-1 2.567E-1 2.15223E-1 2.04551E-1 1.93508E-1 2.02207E-1 2.23617E-1 2.47537E-1 2.10715E-1 2.6461E-1 2.86088E-1 2.84479E-1 2.68549E-1 2.73178E-1 2.46764E-1 2.51854E-1 2.95902E-1 2.88737E-1 2.99565E-1 2.80996E-1 2.76585E-1
2.73916E-1 2.68303E-1 2.70954E-1 2.6523E-1 2.60875E-1 2.53196E-1 2.7209E-1 2.70115E-1 2.40794E-1 2.43969E-1 2.48136E-1 2.37483E-1 2.77047E-1 2.79542E-1 3.01513E-1 3.00529E-1 2.74276E-1 2.86369E-1 2.98861E-1 2.78835E-1 2.73872E-1 2.65464E-1 2.45353E-1 2.351E-1 2.29767E-1 2.44001E-1 2.44184E-1 2.2749E-1 2.27101E-1 2.32749E-1 2.39503E-1 2.35176E-1 2.04196E-1 2.13511E-1 2.37212E-1 1.72533E-1 1.78508E-1 2.43385E-1 1.84048E-1 1.93402E-1 1.6643E-1 2.07761E-1 2.0658E-1 1.9505E-1 2.03737E-1 2.40755E-1 2.17556E-1 2.27E-1 2.19788E-1 2.80628E-1 2.53798E-1 2.20233E-1 2.59809E-1 2.46166E-1 2.61788E-1 2.62972E-1 2.45463E-1 2.46992E-1 2.63726E-1 2.51799E-1 2.89071E-1
2.51231E-1 2.38516E-1 2.63013E-1 2.68241E-1 2.52893E-1 2.44905E-1 2.77999E-1 2.78915E-1 2.66351E-1 2.59784E-1 2.30871E-1 2.05916E-1 2.49068E-1 2.58312E-1 2.62566E-1 2.68739E-1 2.47824E-1 2.50395E-1 2.69447E-1 2.54926E-1 2.3497E-1 2.17447E-1 2.25132E-1 2.4413E-1 2.36726E-1 2.48307E-1 2.50112E-1 2.34186E-1 2.26383E-1 2.19075E-1 2.30437E-1 2.48822E-1 2.34014E-1 2.16712E-1 2.30229E-1 1.72984E-1 1.44952E-1 1.8365E-1 2.16986E-1 2.00871E-1 1.88021E-1 2.12548E-1 2.07429E-1 2.16221E-1 2.07519E-1 2.00167E-1 2.16083E-1 2.18456E-1 2.46971E-1 2.65076E-1 2.55298E-1 2.01765E-1 2.12559E-1 2.14561E-1 2.29259E-1 2.16368E-1 1.93614E-1 1.94843E-1 1.85638E-1 2.24215E-1 2.62605E-1
