maxent_outputs/red_flowers_linear/red_340.asc
ncols         426
nrows         180
xllcorner     -130.0
yllcorner     24.0
cellsize      0.16666666666666666
NODATA_value  -9999
[rows 0 to 26 of 180, columns 61 to 121 of 426]
1.09842E-2 1.19054E-2 1.7162E-2 1.85717E-2 1.79026E-2 1.75046E-2 1.67855E-2 1.57279E-2 1.5339E-2 1.48513E-2 1.41333E-2 1.2635E-2 1.24014E-2 1.22449E-2 1.11025E-2 1.07254E-2 1.13578E-2 1.10834E-2 1.08817E-2 1.00689E-2 9.79268E-3 9.64088E-3 9.30485E-3 8.34818E-3 8.72856E-3 9.06726E-3 8.41182E-3 6.48779E-3 6.0076E-3 5.59001E-3 5.53015E-3 5.89282E-3 6.7179E-3 6.31633E-3 6.35722E-3 5.86992E-3 5.72331E-3 5.27924E-3 5.60202E-3 5.73094E-3 5.37197E-3 5.67715E-3 5.44094E-3 5.57199E-3 5.58542E-3 5.36829E-3 5.51227E-3 5.42906E-3 5.23819E-3 4.91373E-3 4.74883E-3 4.95255E-3 4.72567E-3 4.67916E-3 4.70612E-3 4.49008E-3 4.50047E-3 4.43593E-3 4.49135E-3 4.33985E-3 4.65117E-3
1.03556E-2 1.08738E-2 1.6299E-2 1.4602E-2 1.51392E-2 1.64689E-2 1.629E-2 1.60034E-2 1.53166E-2 1.49986E-2 1.45084E-2 1.39574E-2 1.35841E-2 1.30638E-2 1.2459E-2 1.21027E-2 1.17281E-2 1.09766E-2 1.0619E-2 1.06802E-2 1.00693E-2 8.35937E-3 7.19162E-3 6.64321E-3 6.64166E-3 6.48169E-3 7.79342E-3 6.59446E-3 6.51607E-3 6.82566E-3 7.36429E-3 7.50501E-3 7.90838E-3 6.81678E-3 7.45559E-3 7.00755E-3 5.53637E-3 5.76305E-3 5.65609E-3 6.06111E-3 6.53231E-3 6.92039E-3 7.34514E-3 6.24515E-3 6.16303E-3 6.01493E-3 5.47225E-3 5.44524E-3 5.30358E-3 5.23872E-3 5.166E-3 5.03606E-3 4.82073E-3 4.68373E-3 4.63086E-3 4.50435E-3 4.28164E-3 4.26986E-3 4.17352E-3 4.03304E-3 4.14413E-3
1.00393E-2 1.0915E-2 1.12347E-2 1.31244E-2 1.0254E-2 1.14529E-2 1.19528E-2 1.30892E-2 1.41848E-2 1.52615E-2 1.3926E-2 1.40301E-2 1.37644E-2 1.33473E-2 1.15006E-2 1.15798E-2 1.18103E-2 1.15854E-2 1.09872E-2 9.57273E-3 8.91128E-3 8.57192E-3 8.1845E-3 8.27296E-3 7.73439E-3 7.93023E-3 7.64704E-3 6.4755E-3 6.14877E-3 6.46216E-3 7.79114E-3 8.42136E-3 8.24765E-3 7.79725E-3 8.22463E-3 7.92668E-3 7.17253E-3 8.89754E-3 9.19248E-3 8.17276E-3 7.44766E-3 7.74359E-3 7.51728E-3 6.48175E-3 5.95929E-3 6.17944E-3 5.76429E-3 5.52493E-3 5.64596E-3 5.46387E-3 5.32194E-3 5.16982E-3 5.21385E-3 4.88686E-3 4.67814E-3 4.55038E-3 4.39422E-3 4.3892E-3 4.26022E-3 4.00347E-3 3.77569E-3
9.42896E-3 8.9638E-3 8.21277E-3 1.1318E-2 9.75815E-3 8.92252E-3 9.72992E-3 1.21749E-2 1.43937E-2 1.59204E-2 1.49877E-2 1.32077E-2 1.2721E-2 1.17584E-2 1.15714E-2 1.1497E-2 1.16279E-2 1.12665E-2 1.08599E-2 9.83964E-3 1.06222E-2 1.04273E-2 9.6876E-3 9.45763E-3 9.40708E-3 9.09273E-3 9.12015E-3 8.10204E-3 7.75349E-3 6.95386E-3 6.4684E-3 7.32263E-3 8.92421E-3 7.58683E-3 7.49011E-3 6.64669E-3 7.36475E-3 7.81394E-3 7.9039E-3 7.28633E-3 8.07634E-3 7.97884E-3 7.98638E-3 7.86461E-3 6.18785E-3 6.01041E-3 5.90595E-3 5.55785E-3 5.54843E-3 5.56106E-3 5.55207E-3 5.45377E-3 5.19464E-3 4.93323E-3 4.80812E-3 4.7002E-3 4.62392E-3 4.75168E-3 4.57151E-3 4.34922E-3 4.11382E-3
1.12171E-2 1.05228E-2 8.84314E-3 8.88818E-3 8.15252E-3 7.74046E-3 9.65547E-3 1.11293E-2 1.22662E-2 1.39564E-2 1.51412E-2 1.38261E-2 1.3053E-2 1.23431E-2 1.16694E-2 1.20707E-2 1.19024E-2 1.15786E-2 1.13967E-2 1.00984E-2 1.06289E-2 1.05955E-2 1.03333E-2 9.89144E-3 9.0436E-3 8.85959E-3 8.2272E-3 8.0261E-3 7.19031E-3 7.38097E-3 7.43606E-3 7.87387E-3 8.46795E-3 8.70099E-3 8.42963E-3 8.08083E-3 7.96898E-3 7.76597E-3 7.24305E-3 6.61045E-3 6.69406E-3 7.41819E-3 7.6718E-3 7.57523E-3 7.1134E-3 6.77259E-3 6.49581E-3 5.82866E-3 5.80812E-3 6.05378E-3 5.80522E-3 6.01221E-3 5.50125E-3 5.39275E-3 5.21793E-3 5.10974E-3 5.04297E-3 5.01789E-3 4.92048E-3 4.71617E-3 4.33761E-3
1.39644E-2 1.36789E-2 1.06974E-2 1.05823E-2 9.87147E-3 8.46135E-3 7.75998E-3 8.53293E-3 9.38722E-3 1.18335E-2 1.46279E-2 1.45263E-2 1.39739E-2 1.30121E-2 1.27486E-2 1.22412E-2 1.22864E-2 1.22628E-2 1.15986E-2 1.11837E-2 1.10494E-2 1.05752E-2 1.03579E-2 1.0218E-2 9.85754E-3 9.27514E-3 9.63076E-3 9.11724E-3 8.76964E-3 8.22925E-3 8.32417E-3 8.49533E-3 8.57697E-3 8.99409E-3 9.62105E-3 9.37119E-3 8.98449E-3 8.42795E-3 7.72328E-3 7.28459E-3 7.00834E-3 6.4566E-3 6.50227E-3 6.85066E-3 6.59303E-3 6.36848E-3 6.36567E-3 5.86466E-3 5.92556E-3 6.24629E-3 6.09652E-3 5.91569E-3 5.22304E-3 5.15499E-3 5.21917E-3 5.19328E-3 5.18155E-3 4.94613E-3 4.80545E-3 4.58079E-3 4.51041E-3
9.88322E-3 1.16603E-2 1.41995E-2 1.37916E-2 1.04253E-2 1.06665E-2 1.09751E-2 1.04063E-2 1.14361E-2 1.26734E-2 1.38509E-2 1.32849E-2 1.22348E-2 1.18661E-2 1.15721E-2 1.29189E-2 1.24859E-2 1.19554E-2 1.14698E-2 1.14149E-2 1.10347E-2 1.04777E-2 1.03542E-2 1.04803E-2 1.00761E-2 9.36919E-3 9.8781E-3 1.01671E-2 1.02697E-2 8.16687E-3 9.03597E-3 8.63515E-3 8.59214E-3 8.5031E-3 9.1911E-3 8.70835E-3 8.56593E-3 8.77288E-3 8.40985E-3 7.86494E-3 7.79821E-3 7.16708E-3 7.17366E-3 6.63267E-3 6.08625E-3 5.97927E-3 6.16639E-3 5.80903E-3 5.70223E-3 6.30607E-3 6.31139E-3 6.01503E-3 5.49856E-3 5.38039E-3 5.28775E-3 5.06598E-3 5.26327E-3 4.73555E-3 4.46499E-3 4.55503E-3 4.4715E-3
8.81029E-3 9.94915E-3 1.2572E-2 1.44147E-2 1.4118E-2 1.07208E-2 9.74557E-3 1.21864E-2 1.07633E-2 8.88642E-3 1.12174E-2 1.26715E-2 9.72517E-3 8.74349E-3 9.96298E-3 1.06916E-2 1.14594E-2 1.22969E-2 1.17133E-2 1.12172E-2 1.08045E-2 1.06968E-2 1.06053E-2 1.07324E-2 1.03764E-2 1.04254E-2 1.0367E-2 1.03417E-2 1.04567E-2 1.0197E-2 9.88247E-3 8.53605E-3 7.87522E-3 7.45351E-3 8.63863E-3 8.82824E-3 8.28344E-3 8.60469E-3 8.67061E-3 8.71973E-3 8.76204E-3 8.12998E-3 8.1443E-3 8.20655E-3 7.51761E-3 7.0131E-3 6.77201E-3 6.38822E-3 6.35865E-3 6.02949E-3 5.93776E-3 6.01076E-3 5.6141E-3 5.39421E-3 5.25451E-3 5.46224E-3 5.2011E-3 4.78304E-3 4.86332E-3 4.60419E-3 4.84503E-3
9.7846E-3 1.04056E-2 1.135E-2 1.29192E-2 1.3561E-2 1.2309E-2 1.18291E-2 9.51472E-3 7.48459E-3 6.87886E-3 1.02712E-2 8.88937E-3 1.0006E-2 8.35962E-3 6.51582E-3 6.62554E-3 8.87542E-3 1.1E-2 1.15049E-2 1.1974E-2 1.13016E-2 1.10081E-2 1.05553E-2 1.06032E-2 1.06967E-2 1.00456E-2 1.0446E-2 1.06004E-2 1.02414E-2 9.95538E-3 9.33034E-3 8.4379E-3 6.96974E-3 7.92279E-3 8.77109E-3 9.21825E-3 8.49117E-3 8.97876E-3 9.04055E-3 8.95887E-3 9.07434E-3 8.80924E-3 8.34855E-3 8.42939E-3 8.00667E-3 8.02715E-3 7.53662E-3 6.93605E-3 6.59316E-3 6.85794E-3 6.77764E-3 6.78531E-3 6.47034E-3 5.99738E-3 5.76239E-3 5.78638E-3 5.71887E-3 5.42788E-3 5.75874E-3 5.57498E-3 5.38216E-3
1.22727E-2 1.04014E-2 1.20232E-2 1.29772E-2 1.29763E-2 9.38786E-3 1.30999E-2 1.30397E-2 1.05269E-2 7.07644E-3 6.87803E-3 6.50742E-3 7.94145E-3 8.62525E-3 7.32179E-3 6.4147E-3 7.25652E-3 9.52461E-3 8.49547E-3 1.14147E-2 1.17666E-2 1.12447E-2 1.09305E-2 1.06831E-2 1.08109E-2 1.04629E-2 1.05891E-2 1.07098E-2 1.06649E-2 8.9804E-3 6.82296E-3 7.27185E-3 7.4075E-3 8.61112E-3 8.73729E-3 8.69854E-3 8.70732E-3 9.265E-3 9.14568E-3 9.24692E-3 9.01055E-3 9.67461E-3 8.95781E-3 8.51878E-3 7.91075E-3 8.28943E-3 8.96221E-3 8.05189E-3 7.27961E-3 6.56651E-3 6.66672E-3 6.52001E-3 6.39697E-3 6.20458E-3 5.68171E-3 5.84408E-3 5.41472E-3 5.43313E-3 5.23718E-3 5.14208E-3 5.49723E-3
1.27301E-2 1.23894E-2 1.11091E-2 1.25792E-2 1.27274E-2 8.90583E-3 9.28526E-3 1.32575E-2 1.15806E-2 7.23558E-3 8.09782E-3 5.73658E-3 6.1578E-3 6.71499E-3 6.33519E-3 6.31682E-3 6.42668E-3 6.2123E-3 7.51745E-3 1.03872E-2 1.21233E-2 1.20575E-2 1.14066E-2 1.11784E-2 1.07604E-2 1.08384E-2 1.08716E-2 1.08618E-2 1.03988E-2 9.51268E-3 8.42564E-3 7.88151E-3 7.34721E-3 6.35659E-3 8.08555E-3 8.24312E-3 9.25892E-3 9.80916E-3 9.56979E-3 9.3271E-3 9.37082E-3 9.21877E-3 8.97485E-3 8.81489E-3 8.37371E-3 7.77206E-3 7.86807E-3 8.18744E-3 8.37847E-3 7.38072E-3 5.88712E-3 6.31235E-3 6.74547E-3 6.56361E-3 6.42109E-3 6.23468E-3 6.06063E-3 5.8861E-3 5.87445E-3 5.68091E-3 6.04951E-3
1.34342E-2 1.34792E-2 1.29511E-2 1.27591E-2 1.26374E-2 9.38227E-3 9.31941E-3 1.23523E-2 1.30041E-2 1.14886E-2 1.01478E-2 6.81219E-3 6.48584E-3 6.0535E-3 6.45117E-3 6.03619E-3 6.79864E-3 7.33365E-3 7.54505E-3 1.00049E-2 1.22737E-2 1.06014E-2 1.10916E-2 1.13997E-2 1.0972E-2 1.09758E-2 1.08962E-2 1.06022E-2 1.02927E-2 1.01973E-2 9.81644E-3 9.54231E-3 8.96443E-3 8.39067E-3 8.23737E-3 8.9743E-3 9.16866E-3 9.32151E-3 9.43462E-3 9.23242E-3 9.34726E-3 9.24398E-3 9.03201E-3 8.66939E-3 7.79482E-3 7.67685E-3 8.42653E-3 6.81357E-3 6.25661E-3 6.29968E-3 6.04267E-3 5.43191E-3 5.83602E-3 6.01222E-3 5.66707E-3 6.01923E-3 6.06343E-3 6.16149E-3 6.2053E-3 6.48182E-3 6.51871E-3
1.34582E-2 1.33001E-2 1.2954E-2 1.32106E-2 1.27715E-2 1.0566E-2 1.10058E-2 1.27604E-2 1.06561E-2 8.64694E-3 9.96925E-3 1.2281E-2 8.4046E-3 6.04454E-3 6.48616E-3 6.9974E-3 5.59469E-3 6.60452E-3 8.86792E-3 8.18136E-3 8.41405E-3 7.23592E-3 9.19988E-3 1.11483E-2 1.1416E-2 1.14311E-2 1.16571E-2 1.17494E-2 1.07358E-2 1.03973E-2 1.02156E-2 9.73147E-3 9.99181E-3 9.89992E-3 9.92769E-3 9.56365E-3 8.90646E-3 8.913E-3 8.52991E-3 8.3636E-3 8.71126E-3 8.76482E-3 7.59707E-3 8.62493E-3 8.00884E-3 7.21458E-3 8.05085E-3 7.35933E-3 7.27059E-3 5.80591E-3 5.08108E-3 4.9954E-3 5.14579E-3 4.47706E-3 5.10123E-3 5.64386E-3 5.23089E-3 5.30379E-3 5.5663E-3 5.98704E-3 6.13693E-3
1.41912E-2 1.46638E-2 1.39009E-2 1.34595E-2 1.34513E-2 1.03781E-2 1.15676E-2 1.30867E-2 1.05433E-2 7.70834E-3 6.85003E-3 6.43792E-3 1.02224E-2 1.11177E-2 1.00313E-2 7.59175E-3 5.79761E-3 5.45865E-3 6.25513E-3 6.53752E-3 6.35921E-3 6.19699E-3 8.66518E-3 9.39701E-3 1.07512E-2 1.16049E-2 1.20023E-2 1.21034E-2 1.12996E-2 1.12215E-2 1.05978E-2 1.04677E-2 9.9632E-3 9.76472E-3 9.82097E-3 9.15604E-3 9.24616E-3 8.83606E-3 8.92696E-3 8.56308E-3 8.03385E-3 8.71707E-3 7.66744E-3 7.8875E-3 8.41014E-3 8.25209E-3 7.8303E-3 7.74891E-3 8.1936E-3 6.31632E-3 5.34135E-3 5.03266E-3 5.50468E-3 5.07127E-3 4.86431E-3 5.97945E-3 6.05288E-3 5.33907E-3 5.15265E-3 5.38188E-3 5.31478E-3
1.59674E-2 1.59696E-2 1.57639E-2 1.42611E-2 1.36581E-2 1.1854E-2 1.1429E-2 1.25914E-2 1.3138E-2 1.17545E-2 9.88987E-3 6.1273E-3 7.81752E-3 9.08819E-3 1.20466E-2 9.81994E-3 8.12585E-3 6.99639E-3 6.12498E-3 5.51681E-3 5.77916E-3 6.22644E-3 6.05851E-3 9.03803E-3 1.01358E-2 1.10098E-2 1.25203E-2 1.25317E-2 1.23773E-2 1.1546E-2 1.16722E-2 1.1277E-2 1.07946E-2 1.04636E-2 1.11707E-2 1.03997E-2 9.81975E-3 9.33785E-3 9.24856E-3 9.10776E-3 8.98188E-3 8.7136E-3 7.80404E-3 7.41997E-3 8.8748E-3 9.91853E-3 9.7003E-3 8.09771E-3 8.37019E-3 7.39792E-3 5.79957E-3 5.60247E-3 5.251E-3 5.7042E-3 5.74471E-3 5.91745E-3 5.93909E-3 5.72581E-3 5.87232E-3 5.74892E-3 5.40985E-3
1.52367E-2 1.51313E-2 1.91028E-2 1.42081E-2 1.36733E-2 1.34838E-2 1.27721E-2 1.19336E-2 1.42979E-2 1.16594E-2 9.39623E-3 6.84058E-3 7.37905E-3 8.66327E-3 1.08939E-2 9.31733E-3 1.20546E-2 1.02985E-2 6.72063E-3 7.68196E-3 6.57639E-3 7.18132E-3 7.77268E-3 6.533E-3 8.54315E-3 1.0004E-2 1.13914E-2 1.22981E-2 1.31037E-2 1.27725E-2 1.25919E-2 1.21812E-2 1.16747E-2 1.1782E-2 1.19278E-2 1.20457E-2 1.06715E-2 9.7068E-3 9.18032E-3 9.22467E-3 9.27632E-3 9.41652E-3 9.21582E-3 8.49344E-3 7.9588E-3 9.09472E-3 9.64819E-3 9.21423E-3 8.2616E-3 7.70683E-3 5.91948E-3 6.11513E-3 6.27415E-3 6.52608E-3 5.92242E-3 6.2155E-3 6.35129E-3 6.07082E-3 5.85845E-3 5.97208E-3 5.91015E-3
1.71043E-2 1.90615E-2 1.84547E-2 1.55009E-2 1.46199E-2 1.8504E-2 1.31297E-2 1.14945E-2 9.94632E-3 1.39125E-2 1.05186E-2 7.69472E-3 9.27455E-3 8.1098E-3 7.84122E-3 7.58459E-3 9.16626E-3 1.30515E-2 1.12929E-2 9.85202E-3 6.94416E-3 6.11108E-3 7.33588E-3 9.46684E-3 9.47643E-3 1.06571E-2 1.19962E-2 1.24191E-2 1.34435E-2 1.39409E-2 1.38505E-2 1.34602E-2 1.25783E-2 1.23816E-2 1.24644E-2 1.23835E-2 1.24899E-2 1.12421E-2 1.03856E-2 9.99305E-3 9.4816E-3 9.81935E-3 9.77971E-3 9.98095E-3 1.0179E-2 9.66272E-3 9.13379E-3 8.20376E-3 6.79853E-3 5.8836E-3 5.42509E-3 5.70574E-3 6.58425E-3 7.43914E-3 6.2297E-3 6.56502E-3 6.63485E-3 5.78395E-3 6.17973E-3 6.33809E-3 6.17424E-3
2.17229E-2 2.09599E-2 1.55802E-2 1.46952E-2 1.72672E-2 2.31302E-2 1.40784E-2 1.33392E-2 1.21479E-2 1.40495E-2 1.10985E-2 1.19465E-2 8.89996E-3 8.19997E-3 6.72787E-3 7.96899E-3 8.61322E-3 1.06527E-2 1.24962E-2 1.18675E-2 9.29628E-3 7.55388E-3 6.90939E-3 7.39589E-3 8.44673E-3 1.11493E-2 1.23614E-2 1.226E-2 1.39805E-2 1.53037E-2 1.4611E-2 1.37066E-2 1.26272E-2 1.42323E-2 1.60982E-2 1.39914E-2 1.20289E-2 1.11339E-2 1.09973E-2 1.09514E-2 9.97995E-3 9.40259E-3 8.95354E-3 9.53462E-3 1.01511E-2 9.92301E-3 8.8459E-3 7.0741E-3 6.1034E-3 5.94769E-3 5.17894E-3 5.07634E-3 5.00823E-3 5.65938E-3 6.43899E-3 6.96202E-3 7.70728E-3 6.46956E-3 5.87296E-3 5.95281E-3 6.43329E-3
2.00047E-2 2.68169E-2 2.98689E-2 2.72638E-2 2.70414E-2 2.11202E-2 1.64737E-2 1.45066E-2 1.44787E-2 1.36088E-2 1.5648E-2 1.22417E-2 9.35396E-3 1.19428E-2 8.28202E-3 8.65997E-3 8.36792E-3 9.41985E-3 9.06032E-3 1.12995E-2 1.24764E-2 1.1167E-2 1.01892E-2 9.04376E-3 7.63114E-3 6.80885E-3 9.91678E-3 1.1035E-2 1.2673E-2 1.33847E-2 1.42284E-2 1.40246E-2 1.40295E-2 1.2777E-2 1.40877E-2 1.27146E-2 1.07998E-2 1.08585E-2 1.1405E-2 1.08675E-2 1.07445E-2 1.02943E-2 1.05061E-2 1.04024E-2 1.07296E-2 1.03934E-2 9.51533E-3 8.66672E-3 8.50924E-3 7.82065E-3 7.38959E-3 8.53962E-3 9.20001E-3 8.5533E-3 7.93199E-3 8.39492E-3 8.76358E-3 7.30412E-3 7.19089E-3 7.36121E-3 6.79084E-3
2.40787E-2 2.04954E-2 2.16728E-2 3.10945E-2 2.74226E-2 1.82873E-2 1.74221E-2 1.88217E-2 1.38984E-2 1.20937E-2 1.42735E-2 1.80167E-2 1.64069E-2 1.21754E-2 1.02785E-2 1.05546E-2 1.0582E-2 8.71344E-3 8.04828E-3 8.98003E-3 1.12471E-2 1.32943E-2 1.3154E-2 1.16394E-2 9.23038E-3 8.41038E-3 7.48425E-3 9.35271E-3 1.16201E-2 1.30091E-2 1.45417E-2 1.52385E-2 1.39864E-2 1.25054E-2 1.30171E-2 1.33099E-2 1.21407E-2 1.21235E-2 1.28655E-2 1.22068E-2 1.2472E-2 1.21125E-2 1.1501E-2 1.2046E-2 1.1706E-2 1.1286E-2 1.09103E-2 1.1042E-2 1.07633E-2 1.10665E-2 1.09439E-2 1.08707E-2 1.00927E-2 9.39548E-3 9.78166E-3 9.00598E-3 7.56169E-3 7.83807E-3 8.72545E-3 7.79732E-3 7.54413E-3
2.00312E-2 1.83725E-2 2.07573E-2 2.42543E-2 2.62071E-2 2.20791E-2 2.69549E-2 1.65515E-2 1.50157E-2 1.35351E-2 1.20732E-2 2.3552E-2 1.47199E-2 1.35667E-2 1.45432E-2 1.18373E-2 1.10521E-2 1.12218E-2 9.46277E-3 8.80734E-3 1.13648E-2 1.26331E-2 1.48571E-2 1.28734E-2 1.2167E-2 1.03883E-2 8.4881E-3 8.39384E-3 9.37505E-3 1.14476E-2 1.4394E-2 1.52474E-2 1.49076E-2 1.41258E-2 1.48793E-2 1.44612E-2 1.23978E-2 1.12596E-2 1.14008E-2 1.19546E-2 1.3098E-2 1.3405E-2 1.25826E-2 1.24753E-2 1.28275E-2 1.21179E-2 1.1308E-2 1.14783E-2 1.13625E-2 1.05871E-2 9.32232E-3 9.69865E-3 1.03642E-2 1.0108E-2 9.96404E-3 9.0685E-3 8.72285E-3 9.04051E-3 8.65916E-3 8.15399E-3 7.68865E-3
2.1161E-2 2.01019E-2 2.52526E-2 2.87966E-2 2.03622E-2 2.15832E-2 2.49424E-2 1.72412E-2 1.714E-2 1.39156E-2 1.46114E-2 2.72711E-2 1.50293E-2 1.37283E-2 1.21738E-2 1.3337E-2 1.35415E-2 1.79696E-2 1.04397E-2 9.06686E-3 1.06136E-2 1.15228E-2 1.31592E-2 1.51985E-2 1.28897E-2 1.3502E-2 9.88699E-3 7.69782E-3 8.28788E-3 9.52061E-3 1.27395E-2 1.42714E-2 1.46809E-2 1.53241E-2 1.61206E-2 1.68368E-2 1.53992E-2 1.34998E-2 1.24974E-2 1.25628E-2 1.33105E-2 1.3962E-2 1.32178E-2 1.34184E-2 1.34379E-2 1.25115E-2 1.19661E-2 1.23197E-2 1.14579E-2 1.09944E-2 1.05981E-2 1.06867E-2 1.0254E-2 1.01492E-2 9.93748E-3 9.55943E-3 9.40007E-3 8.9523E-3 8.91967E-3 8.71737E-3 8.51854E-3
1.92882E-2 2.06537E-2 4.08723E-2 3.34554E-2 2.33298E-2 2.55063E-2 2.1711E-2 2.16556E-2 1.74247E-2 1.53624E-2 1.62322E-2 2.28756E-2 2.15191E-2 1.48785E-2 1.36825E-2 1.16329E-2 1.4154E-2 2.01071E-2 1.29973E-2 9.49271E-3 1.07745E-2 1.18777E-2 1.29443E-2 1.52141E-2 1.47421E-2 1.29396E-2 1.12178E-2 9.4201E-3 9.27755E-3 9.41417E-3 1.13176E-2 1.41997E-2 1.48365E-2 1.53813E-2 1.57445E-2 1.75393E-2 1.78983E-2 1.62132E-2 1.48224E-2 1.39539E-2 1.34262E-2 1.46549E-2 1.55378E-2 1.53675E-2 1.49514E-2 1.41538E-2 1.34488E-2 1.26756E-2 1.27059E-2 1.14917E-2 1.10521E-2 1.09335E-2 1.06893E-2 1.04608E-2 1.0296E-2 1.05255E-2 9.35736E-3 8.79363E-3 8.84592E-3 8.776E-3 8.4082E-3
1.82152E-2 2.26566E-2 4.297E-2 1.85172E-2 1.64472E-2 1.7431E-2 1.65997E-2 1.60308E-2 1.60838E-2 1.60299E-2 1.85676E-2 2.16268E-2 1.76983E-2 1.58774E-2 2.00511E-2 1.49031E-2 1.44849E-2 2.14222E-2 1.43836E-2 1.15504E-2 1.12899E-2 1.33742E-2 1.33954E-2 1.37375E-2 1.64929E-2 1.33316E-2 1.13189E-2 9.96448E-3 9.63229E-3 9.48785E-3 1.01716E-2 1.41727E-2 1.5007E-2 1.61905E-2 1.74783E-2 1.79431E-2 1.87468E-2 1.82384E-2 1.73477E-2 1.59041E-2 1.54904E-2 1.62726E-2 1.72766E-2 1.6843E-2 1.60356E-2 1.58864E-2 1.52624E-2 1.37854E-2 1.3667E-2 1.27803E-2 1.16799E-2 1.19936E-2 1.20974E-2 1.2159E-2 1.2484E-2 1.18223E-2 1.01874E-2 1.01676E-2 1.04902E-2 9.92732E-3 9.35259E-3
2.07192E-2 2.93286E-2 4.34878E-2 2.05203E-2 1.80889E-2 1.7319E-2 1.65921E-2 1.63665E-2 1.69486E-2 2.006E-2 2.8952E-2 2.18306E-2 1.66705E-2 1.47031E-2 2.29472E-2 1.74574E-2 1.56813E-2 2.35044E-2 1.59065E-2 1.09591E-2 1.12391E-2 1.18172E-2 1.39637E-2 1.40434E-2 1.72784E-2 1.4054E-2 1.07432E-2 9.75335E-3 1.06531E-2 1.07861E-2 1.02223E-2 1.36302E-2 1.49363E-2 1.68915E-2 1.7447E-2 1.87526E-2 1.99136E-2 1.91476E-2 1.86201E-2 1.82435E-2 1.8239E-2 1.86091E-2 1.98865E-2 1.93153E-2 1.80424E-2 1.73295E-2 1.72258E-2 1.50959E-2 1.48581E-2 1.38736E-2 1.39503E-2 1.3171E-2 1.27093E-2 1.30562E-2 1.34621E-2 1.26191E-2 1.20905E-2 1.20989E-2 1.17657E-2 1.1279E-2 1.10038E-2
3.97109E-2 3.20537E-2 2.1993E-2 1.86668E-2 1.75261E-2 1.77823E-2 1.63942E-2 1.74993E-2 1.82962E-2 1.98775E-2 2.82386E-2 1.75547E-2 1.70429E-2 1.89974E-2 2.24539E-2 1.57001E-2 1.51399E-2 2.59045E-2 1.97305E-2 1.46693E-2 1.52371E-2 1.41943E-2 1.50035E-2 1.45034E-2 1.76615E-2 1.53839E-2 1.20156E-2 1.19974E-2 1.10551E-2 1.18162E-2 1.12706E-2 1.31561E-2 1.48731E-2 1.69638E-2 1.69358E-2 1.95216E-2 2.00814E-2 2.20862E-2 2.14065E-2 2.09313E-2 2.07085E-2 2.19192E-2 2.17814E-2 2.10835E-2 2.06753E-2 2.01136E-2 1.95865E-2 1.71695E-2 1.62483E-2 1.51773E-2 1.42369E-2 1.28404E-2 1.25029E-2 1.28243E-2 1.23762E-2 1.15271E-2 1.1397E-2 1.13859E-2 1.13785E-2 1.13334E-2 1.11885E-2
3.08147E-2 4.21895E-2 2.06802E-2 1.81297E-2 1.81338E-2 1.7246E-2 1.77843E-2 1.88142E-2 1.93874E-2 2.14256E-2 3.06422E-2 1.85212E-2 2.13225E-2 2.51063E-2 2.08851E-2 2.19212E-2 2.33347E-2 2.63766E-2 2.81119E-2 1.54095E-2 1.49814E-2 1.57719E-2 1.59493E-2 1.58048E-2 1.78421E-2 1.78993E-2 1.32127E-2 1.29681E-2 1.16078E-2 1.24914E-2 1.24571E-2 1.26424E-2 1.5282E-2 1.90154E-2 2.03432E-2 2.1035E-2 2.19671E-2 2.09332E-2 2.16451E-2 2.21325E-2 2.08084E-2 2.16597E-2 2.11245E-2 2.06332E-2 2.04223E-2 2.02955E-2 1.9749E-2 1.83717E-2 1.65136E-2 1.59267E-2 1.46679E-2 1.38303E-2 1.28123E-2 1.17101E-2 1.04376E-2 9.04556E-3 9.22813E-3 9.63438E-3 1.04487E-2 1.07586E-2 1.04853E-2
