maxent_outputs/red_flowers_linear/red_47.asc
ncols         426
nrows         180
xllcorner     -130.0
yllcorner     24.0
cellsize      0.16666666666666666
NODATA_value  -9999
[rows 54 to 80 of 180, columns 183 to 243 of 426]
2.89753E-2 3.03336E-2 3.38008E-2 3.41899E-2 3.33327E-2 3.22669E-2 3.26354E-2 3.15119E-2 3.09945E-2 3.03138E-2 2.94938E-2 2.99769E-2 3.15767E-2 3.18862E-2 2.9963E-2 2.83116E-2 3.11662E-2 3.26198E-2 3.38444E-2 3.24573E-2 3.26305E-2 3.15515E-2 3.00816E-2 2.81077E-2 2.83457E-2 2.81566E-2 2.91485E-2 3.07015E-2 2.98823E-2 2.99632E-2 3.16249E-2 3.02988E-2 3.08885E-2 3.13083E-2 3.44285E-2 3.89652E-2 4.00723E-2 4.0189E-2 3.98748E-2 3.57549E-2 3.82415E-2 3.28846E-2 2.87922E-2 2.82185E-2 3.12738E-2 3.35371E-2 3.26516E-2 3.27692E-2 3.55886E-2 3.32553E-2 3.15625E-2 3.00754E-2 2.89835E-2 2.84295E-2 2.71968E-2 2.75144E-2 2.82102E-2 2.81168E-2 3.05225E-2 3.28602E-2 3.0396E-2
2.91607E-2 3.05902E-2 3.23361E-2 3.26664E-2 3.31061E-2 3.42932E-2 3.3364E-2 3.1591E-2 3.15071E-2 3.08727E-2 2.99971E-2 3.23801E-2 3.05787E-2 3.11661E-2 3.02321E-2 2.86836E-2 2.88715E-2 2.99004E-2 3.2377E-2 3.27307E-2 3.17278E-2 3.13743E-2 3.01521E-2 3.00958E-2 3.13887E-2 3.09016E-2 3.11236E-2 3.25392E-2 3.06877E-2 3.01235E-2 3.08921E-2 3.2105E-2 3.20983E-2 3.21252E-2 3.4053E-2 3.7222E-2 3.8935E-2 4.02349E-2 3.82071E-2 3.92858E-2 3.97642E-2 3.43655E-2 3.3096E-2 3.25162E-2 3.56046E-2 3.75477E-2 3.53219E-2 3.69583E-2 3.63292E-2 3.27142E-2 3.24276E-2 3.16972E-2 2.94017E-2 2.86578E-2 2.82665E-2 2.92793E-2 3.01023E-2 3.26435E-2 3.6239E-2 3.48085E-2 3.36241E-2
3.28048E-2 3.5252E-2 3.72435E-2 3.69256E-2 3.61272E-2 3.66333E-2 3.62921E-2 3.36689E-2 3.26794E-2 3.22054E-2 3.09802E-2 3.03403E-2 3.0488E-2 3.19942E-2 3.4152E-2 3.09512E-2 2.89815E-2 2.83035E-2 2.99817E-2 3.31768E-2 3.42671E-2 3.33848E-2 3.21335E-2 3.24462E-2 3.19699E-2 3.28097E-2 3.54338E-2 3.54431E-2 3.29176E-2 3.22697E-2 3.10573E-2 3.28424E-2 3.32025E-2 3.58669E-2 3.36492E-2 3.39951E-2 3.44732E-2 3.57014E-2 3.56714E-2 3.66116E-2 3.80506E-2 4.15575E-2 4.24512E-2 3.85707E-2 3.95835E-2 3.98622E-2 3.71505E-2 3.55662E-2 3.41249E-2 3.14382E-2 3.02582E-2 2.86859E-2 2.90714E-2 2.79434E-2 2.7641E-2 2.92782E-2 3.02752E-2 3.10143E-2 3.21411E-2 3.49181E-2 3.25497E-2
3.3065E-2 3.31417E-2 3.59171E-2 3.67224E-2 3.91396E-2 3.86043E-2 3.80686E-2 3.75045E-2 3.5662E-2 3.46417E-2 3.25104E-2 3.12019E-2 3.18407E-2 3.2597E-2 3.21801E-2 3.34667E-2 3.21409E-2 3.02986E-2 2.99962E-2 3.15416E-2 3.33794E-2 3.51244E-2 3.57427E-2 3.43651E-2 3.42515E-2 3.40112E-2 3.42889E-2 3.39401E-2 3.57695E-2 3.58094E-2 3.45549E-2 3.48539E-2 3.53392E-2 3.80174E-2 3.33692E-2 3.36911E-2 3.3906E-2 3.43411E-2 3.52794E-2 3.66392E-2 3.57993E-2 3.57661E-2 3.65442E-2 4.18969E-2 4.48735E-2 4.4511E-2 3.97297E-2 3.6755E-2 3.47475E-2 3.23858E-2 3.06091E-2 2.87169E-2 3.13381E-2 3.02261E-2 2.97236E-2 3.00681E-2 3.26704E-2 3.35897E-2 3.54624E-2 3.26532E-2 3.30139E-2
3.64958E-2 3.46082E-2 3.52718E-2 3.55556E-2 3.8575E-2 4.17713E-2 3.83782E-2 3.84946E-2 3.76308E-2 3.68363E-2 3.52026E-2 3.38017E-2 3.75299E-2 3.35922E-2 3.38312E-2 3.43541E-2 3.45325E-2 3.19219E-2 3.03053E-2 3.14698E-2 3.32952E-2 3.40911E-2 3.47577E-2 3.60257E-2 3.63845E-2 3.62727E-2 3.69915E-2 3.68127E-2 3.74857E-2 3.71018E-2 3.82284E-2 4.06529E-2 3.84755E-2 3.96034E-2 3.80144E-2 3.52857E-2 3.46823E-2 3.36517E-2 3.2378E-2 3.40518E-2 3.59388E-2 3.68308E-2 3.82254E-2 3.83205E-2 3.94767E-2 4.68056E-2 4.1157E-2 3.86872E-2 3.63861E-2 3.45574E-2 3.36736E-2 3.24715E-2 3.20092E-2 3.32133E-2 3.31324E-2 3.27648E-2 3.56548E-2 3.80232E-2 3.52691E-2 3.23339E-2 3.29177E-2
4.61035E-2 4.08995E-2 3.93768E-2 3.76084E-2 3.64901E-2 4.2993E-2 4.39758E-2 4.15585E-2 4.03332E-2 3.94948E-2 3.74389E-2 3.51453E-2 3.3687E-2 3.36368E-2 3.45342E-2 3.47416E-2 3.39967E-2 3.37001E-2 3.16002E-2 3.05493E-2 3.21427E-2 3.35225E-2 3.62132E-2 3.4772E-2 3.55247E-2 3.63766E-2 3.71527E-2 3.78501E-2 3.97975E-2 3.9488E-2 3.87566E-2 3.84766E-2 4.09335E-2 3.84466E-2 3.59878E-2 3.42475E-2 3.40114E-2 3.32015E-2 3.17917E-2 3.32445E-2 3.54858E-2 3.76947E-2 3.71646E-2 3.47006E-2 3.68128E-2 3.85314E-2 4.44464E-2 4.3678E-2 4.09092E-2 3.95813E-2 3.85375E-2 3.58778E-2 3.39019E-2 3.61158E-2 3.74199E-2 3.73051E-2 4.0391E-2 4.10756E-2 3.70033E-2 3.61436E-2 3.72275E-2
4.73768E-2 4.68442E-2 4.38979E-2 4.13028E-2 4.05355E-2 4.31259E-2 4.74615E-2 4.59571E-2 4.38294E-2 4.22027E-2 4.08208E-2 3.73442E-2 3.42451E-2 3.36812E-2 3.53475E-2 3.64996E-2 3.57173E-2 3.5019E-2 3.20738E-2 3.21484E-2 3.21685E-2 3.27557E-2 3.49692E-2 3.49941E-2 3.55553E-2 3.53278E-2 3.69293E-2 3.72148E-2 3.90536E-2 4.02413E-2 3.98327E-2 3.83452E-2 3.98871E-2 3.85245E-2 3.73672E-2 3.57311E-2 3.47216E-2 3.34189E-2 3.19745E-2 3.23718E-2 3.38687E-2 3.61067E-2 3.62911E-2 3.53748E-2 3.48888E-2 3.54455E-2 3.65551E-2 3.90905E-2 4.42576E-2 4.71067E-2 4.10176E-2 3.89488E-2 3.75735E-2 3.55076E-2 3.62726E-2 3.94264E-2 4.16642E-2 4.34033E-2 3.87827E-2 3.84758E-2 3.98598E-2
5.59586E-2 4.74239E-2 4.49021E-2 4.41871E-2 4.59396E-2 4.55556E-2 4.74675E-2 4.78049E-2 4.8631E-2 4.71542E-2 4.33087E-2 3.96148E-2 3.65761E-2 3.51388E-2 3.53844E-2 3.5373E-2 3.75733E-2 3.63541E-2 3.34983E-2 3.31588E-2 3.42883E-2 3.36606E-2 3.41819E-2 3.50396E-2 3.62483E-2 3.8037E-2 3.74134E-2 3.7119E-2 3.95382E-2 4.06527E-2 4.11516E-2 3.9407E-2 3.92574E-2 3.77008E-2 3.80063E-2 3.70614E-2 3.52578E-2 3.43863E-2 3.2979E-2 3.42428E-2 3.34184E-2 3.41198E-2 3.48785E-2 3.60519E-2 3.73398E-2 3.78624E-2 3.93918E-2 4.14817E-2 3.98972E-2 4.92533E-2 4.19921E-2 3.78789E-2 3.76691E-2 3.86388E-2 3.75568E-2 4.00941E-2 4.08204E-2 4.10944E-2 4.02261E-2 3.96193E-2 4.0679E-2
5.91018E-2 5.3666E-2 4.8835E-2 4.86671E-2 4.74002E-2 4.59617E-2 4.65818E-2 4.71052E-2 4.87753E-2 4.90711E-2 4.59093E-2 4.1915E-2 4.05771E-2 3.78397E-2 3.87205E-2 3.8072E-2 3.97224E-2 4.1422E-2 3.71255E-2 3.67785E-2 3.58263E-2 3.5108E-2 3.49739E-2 3.67414E-2 3.68761E-2 3.78918E-2 3.80232E-2 3.91934E-2 4.05628E-2 4.07864E-2 4.02693E-2 3.82983E-2 3.85399E-2 3.74629E-2 3.79873E-2 3.69419E-2 3.8964E-2 3.77521E-2 3.5213E-2 3.53558E-2 3.42324E-2 3.33535E-2 3.43517E-2 3.52698E-2 3.46767E-2 3.51831E-2 3.90735E-2 3.87206E-2 3.78468E-2 4.78909E-2 4.0721E-2 3.70712E-2 3.89813E-2 4.13533E-2 4.00757E-2 3.92604E-2 4.04217E-2 4.02366E-2 4.13955E-2 4.04874E-2 3.9837E-2
5.42032E-2 6.2976E-2 6.25609E-2 5.58067E-2 5.12678E-2 4.80627E-2 4.66181E-2 4.51226E-2 4.86236E-2 4.92452E-2 4.86843E-2 4.37782E-2 4.14398E-2 4.11245E-2 4.1022E-2 4.13787E-2 4.18158E-2 4.36678E-2 4.08251E-2 4.00937E-2 3.84323E-2 3.59264E-2 3.61914E-2 3.68428E-2 3.75881E-2 4.07316E-2 4.38075E-2 4.00237E-2 4.22709E-2 4.07533E-2 3.8996E-2 3.84586E-2 3.88395E-2 3.74786E-2 3.69086E-2 3.77164E-2 3.80145E-2 3.77479E-2 3.66285E-2 3.78511E-2 3.65617E-2 3.63906E-2 3.53654E-2 3.34905E-2 3.44111E-2 3.87385E-2 4.36286E-2 4.51592E-2 4.16739E-2 4.41592E-2 4.20282E-2 3.91146E-2 4.09482E-2 4.12391E-2 4.12641E-2 4.09504E-2 3.95165E-2 4.0582E-2 4.06513E-2 4.08775E-2 3.80466E-2
5.11841E-2 5.35633E-2 6.4759E-2 7.13685E-2 6.09992E-2 5.48334E-2 5.25806E-2 5.08369E-2 4.91278E-2 5.34442E-2 5.20338E-2 4.82039E-2 4.39002E-2 4.58181E-2 4.53422E-2 4.40783E-2 4.43263E-2 4.6322E-2 4.37454E-2 4.36863E-2 3.97723E-2 3.78681E-2 3.75518E-2 3.97565E-2 4.14694E-2 4.13666E-2 4.0679E-2 4.08512E-2 4.06116E-2 3.85473E-2 3.90015E-2 4.01191E-2 4.07645E-2 3.7948E-2 3.70744E-2 3.84319E-2 3.91619E-2 3.92458E-2 3.84828E-2 3.80914E-2 3.98062E-2 3.87017E-2 3.72777E-2 3.64196E-2 3.72318E-2 3.95413E-2 4.36504E-2 4.10412E-2 3.79885E-2 3.85843E-2 4.603E-2 4.16343E-2 4.43713E-2 4.43981E-2 4.25551E-2 4.31153E-2 4.24694E-2 4.28845E-2 4.15413E-2 3.85606E-2 3.62879E-2
5.40105E-2 5.46362E-2 6.0517E-2 6.76167E-2 7.16891E-2 7.01944E-2 6.101E-2 5.58581E-2 5.1929E-2 5.41215E-2 5.53778E-2 5.30741E-2 4.99037E-2 4.5033E-2 4.66782E-2 4.75468E-2 4.47931E-2 4.50956E-2 4.68765E-2 4.35372E-2 4.05258E-2 4.00773E-2 4.0355E-2 4.1969E-2 4.34367E-2 4.3662E-2 4.4665E-2 4.26116E-2 4.14141E-2 4.02087E-2 3.89206E-2 4.05111E-2 3.93328E-2 3.80513E-2 3.67081E-2 3.76014E-2 4.0311E-2 4.02731E-2 4.13305E-2 4.05976E-2 4.07251E-2 4.11623E-2 3.81162E-2 3.72016E-2 3.696E-2 3.95281E-2 4.00077E-2 3.92174E-2 3.91557E-2 4.42037E-2 4.62639E-2 4.86284E-2 4.69481E-2 4.36702E-2 4.28533E-2 4.27354E-2 4.41537E-2 4.28053E-2 4.06244E-2 3.7978E-2 4.41349E-2
6.00737E-2 5.96598E-2 6.16798E-2 6.18337E-2 6.25845E-2 6.44867E-2 6.37853E-2 6.27185E-2 6.19469E-2 6.08881E-2 6.31115E-2 5.83193E-2 5.68406E-2 5.36469E-2 5.0252E-2 5.05101E-2 4.80119E-2 4.81519E-2 4.62816E-2 4.35051E-2 4.28914E-2 4.25533E-2 4.324E-2 4.48852E-2 4.88017E-2 4.66408E-2 4.58559E-2 4.22633E-2 4.06042E-2 4.01045E-2 3.98502E-2 3.954E-2 3.85852E-2 3.9962E-2 4.03101E-2 4.01159E-2 4.01892E-2 4.20915E-2 4.3012E-2 4.53645E-2 4.28225E-2 4.1614E-2 3.96888E-2 3.84334E-2 3.71959E-2 3.64239E-2 3.86837E-2 4.16885E-2 4.03352E-2 4.36263E-2 4.99173E-2 4.37274E-2 4.46643E-2 4.20933E-2 3.96591E-2 3.90538E-2 3.79917E-2 3.87701E-2 3.77099E-2 3.8126E-2 3.78063E-2
6.46074E-2 6.10323E-2 6.04074E-2 5.96022E-2 6.14624E-2 6.20678E-2 6.14753E-2 6.58548E-2 7.07559E-2 6.56728E-2 5.42566E-2 5.29891E-2 5.52121E-2 5.71273E-2 6.00572E-2 6.12923E-2 5.35049E-2 5.15229E-2 4.70426E-2 4.60135E-2 4.50533E-2 4.47947E-2 4.5009E-2 4.83539E-2 4.67166E-2 4.75755E-2 4.87316E-2 4.55726E-2 4.27594E-2 4.0465E-2 3.99239E-2 3.93725E-2 3.99237E-2 4.29404E-2 4.11459E-2 4.16359E-2 4.0319E-2 4.20941E-2 4.5744E-2 4.81012E-2 4.68088E-2 4.65769E-2 4.43298E-2 4.13459E-2 4.00902E-2 3.74543E-2 3.65281E-2 4.03629E-2 4.48342E-2 4.6573E-2 5.28328E-2 5.06366E-2 4.89962E-2 4.57437E-2 4.15117E-2 4.04364E-2 4.0234E-2 4.24442E-2 4.10653E-2 4.00498E-2 3.91749E-2
5.89973E-2 5.76503E-2 5.7229E-2 5.81848E-2 5.68832E-2 5.67372E-2 5.62316E-2 6.13375E-2 6.44569E-2 6.16212E-2 4.99255E-2 4.28338E-2 4.98424E-2 5.65557E-2 5.39305E-2 5.35456E-2 5.66819E-2 5.58913E-2 5.4483E-2 4.84461E-2 4.65783E-2 4.80666E-2 4.99987E-2 4.89898E-2 4.70647E-2 4.78512E-2 4.95691E-2 4.85377E-2 4.42124E-2 4.24486E-2 4.21596E-2 4.33046E-2 4.29308E-2 4.50387E-2 4.47804E-2 4.20118E-2 4.11391E-2 4.04454E-2 4.35842E-2 4.55974E-2 4.66273E-2 4.75259E-2 4.79642E-2 4.307E-2 4.23683E-2 4.07728E-2 3.95783E-2 4.09164E-2 4.29473E-2 4.48225E-2 4.51789E-2 4.75241E-2 5.28269E-2 4.91151E-2 4.31753E-2 4.03095E-2 4.15588E-2 4.30952E-2 4.35588E-2 4.12232E-2 4.14446E-2
5.57755E-2 5.71251E-2 5.90035E-2 5.84255E-2 5.75603E-2 5.7249E-2 5.71075E-2 5.86706E-2 6.12258E-2 5.95794E-2 5.33495E-2 4.90852E-2 4.82155E-2 5.23986E-2 5.07435E-2 5.0674E-2 5.36332E-2 5.81164E-2 6.09125E-2 5.26701E-2 5.18407E-2 5.18161E-2 5.30591E-2 4.94169E-2 4.91312E-2 4.76095E-2 5.07062E-2 5.14391E-2 4.90862E-2 4.81849E-2 4.63399E-2 4.56702E-2 4.94347E-2 4.82878E-2 4.75129E-2 4.51074E-2 4.2507E-2 4.26392E-2 4.53425E-2 4.4875E-2 4.45692E-2 4.55299E-2 4.75433E-2 4.74408E-2 4.47823E-2 4.49435E-2 4.43581E-2 4.39977E-2 4.60175E-2 4.61115E-2 4.46033E-2 4.46018E-2 4.60662E-2 5.0894E-2 4.92117E-2 4.60949E-2 4.3373E-2 4.23956E-2 4.56355E-2 4.34698E-2 4.27115E-2
5.23953E-2 5.59981E-2 5.67257E-2 5.91679E-2 5.90587E-2 5.66532E-2 5.71426E-2 5.76692E-2 5.73284E-2 5.77396E-2 5.90412E-2 5.88217E-2 5.29537E-2 5.43817E-2 5.32277E-2 5.02296E-2 5.10176E-2 5.53961E-2 6.73308E-2 6.10569E-2 5.83851E-2 6.15218E-2 5.70042E-2 5.47758E-2 5.12261E-2 5.04489E-2 5.10017E-2 5.41315E-2 5.50918E-2 5.34042E-2 5.00686E-2 4.71436E-2 4.61952E-2 5.17676E-2 4.78697E-2 4.84393E-2 4.6643E-2 4.67217E-2 4.66469E-2 4.56167E-2 4.56099E-2 4.65477E-2 4.6611E-2 4.72772E-2 4.89924E-2 4.99487E-2 4.8149E-2 4.6606E-2 4.58688E-2 4.60278E-2 4.56546E-2 4.62601E-2 4.45814E-2 4.43686E-2 5.10225E-2 4.90164E-2 4.42151E-2 4.32107E-2 4.33324E-2 4.53128E-2 4.54671E-2
5.37378E-2 5.47653E-2 5.65422E-2 5.73534E-2 5.80674E-2 5.89888E-2 5.85102E-2 5.77509E-2 5.95851E-2 6.10268E-2 6.07281E-2 6.22127E-2 6.12622E-2 5.74245E-2 5.66163E-2 5.41906E-2 5.45807E-2 5.53512E-2 6.22536E-2 6.68466E-2 6.47213E-2 6.78496E-2 6.12765E-2 5.77617E-2 5.57876E-2 5.23527E-2 4.91561E-2 5.32715E-2 5.40885E-2 5.32019E-2 5.0108E-2 4.917E-2 4.77952E-2 5.42981E-2 5.19962E-2 5.35747E-2 5.22714E-2 5.06144E-2 4.98493E-2 4.96703E-2 4.85076E-2 4.76156E-2 4.91293E-2 4.86505E-2 5.04514E-2 5.06187E-2 5.49204E-2 5.01129E-2 4.73867E-2 4.78985E-2 4.55011E-2 4.70968E-2 4.83254E-2 4.88069E-2 4.79918E-2 4.69313E-2 4.68308E-2 4.11501E-2 4.16343E-2 4.41053E-2 4.8043E-2
5.79161E-2 5.96544E-2 6.06514E-2 5.86897E-2 5.52096E-2 5.6991E-2 5.75788E-2 5.87989E-2 5.91381E-2 5.87347E-2 5.94505E-2 6.13938E-2 6.22524E-2 6.41795E-2 6.01791E-2 6.08797E-2 5.99206E-2 5.6922E-2 5.77796E-2 6.49537E-2 6.54472E-2 6.66282E-2 6.29612E-2 6.18679E-2 5.99417E-2 5.35794E-2 5.0967E-2 5.08655E-2 5.34379E-2 5.20031E-2 5.15413E-2 5.37652E-2 5.52108E-2 5.71061E-2 5.57374E-2 5.546E-2 5.57088E-2 5.30251E-2 5.2698E-2 4.99734E-2 4.83177E-2 5.0088E-2 5.26393E-2 5.22291E-2 5.35487E-2 5.40932E-2 5.47381E-2 5.72669E-2 5.16764E-2 4.65751E-2 4.5769E-2 4.89638E-2 4.85373E-2 4.81278E-2 4.71146E-2 4.4975E-2 4.75353E-2 4.29014E-2 4.40453E-2 4.50965E-2 5.12271E-2
5.92248E-2 6.5628E-2 6.56555E-2 6.09399E-2 5.82435E-2 5.68952E-2 5.89582E-2 5.96309E-2 6.25356E-2 6.08566E-2 6.21091E-2 6.06715E-2 6.18306E-2 6.14672E-2 6.25162E-2 6.09447E-2 6.16565E-2 6.09493E-2 5.94588E-2 6.4651E-2 6.66242E-2 6.6461E-2 6.31903E-2 6.28597E-2 6.03451E-2 5.73169E-2 5.44887E-2 5.24202E-2 5.20229E-2 5.38253E-2 5.58988E-2 5.64864E-2 5.83684E-2 5.80167E-2 6.32204E-2 6.01822E-2 5.46478E-2 5.60938E-2 5.60241E-2 5.38142E-2 4.89145E-2 4.96364E-2 5.30532E-2 5.52975E-2 5.95788E-2 5.99676E-2 6.00946E-2 6.14629E-2 5.56219E-2 5.24514E-2 5.03025E-2 5.12455E-2 5.56811E-2 5.45925E-2 5.32875E-2 5.10567E-2 4.84667E-2 4.67655E-2 4.74887E-2 4.7968E-2 4.9321E-2
6.2801E-2 6.27832E-2 6.2449E-2 6.2547E-2 6.13176E-2 5.87864E-2 6.22561E-2 6.55668E-2 6.53766E-2 6.56296E-2 6.52478E-2 6.64656E-2 6.59998E-2 6.7012E-2 6.60479E-2 6.46671E-2 6.39407E-2 6.38379E-2 6.28121E-2 6.42892E-2 7.22853E-2 6.77069E-2 6.36435E-2 6.20491E-2 6.14364E-2 6.12723E-2 5.64659E-2 5.58835E-2 5.34155E-2 5.45467E-2 5.77015E-2 6.12324E-2 6.26106E-2 6.45291E-2 6.72325E-2 6.53017E-2 5.46752E-2 4.77954E-2 4.98933E-2 5.4387E-2 5.58784E-2 5.74298E-2 5.73097E-2 6.18897E-2 6.46079E-2 6.2682E-2 6.31284E-2 6.29934E-2 5.76132E-2 5.75563E-2 6.13321E-2 5.96777E-2 5.91084E-2 6.30381E-2 6.24383E-2 5.79225E-2 5.14531E-2 4.97484E-2 5.00029E-2 5.00078E-2 4.93034E-2
6.39143E-2 6.48313E-2 6.29832E-2 6.35853E-2 6.59028E-2 6.65775E-2 6.76572E-2 6.85803E-2 7.09902E-2 7.09067E-2 7.15367E-2 7.30188E-2 7.77949E-2 7.61143E-2 7.36209E-2 7.25031E-2 7.26871E-2 7.11342E-2 7.05658E-2 6.77318E-2 7.0294E-2 7.72445E-2 6.68862E-2 6.40281E-2 6.46766E-2 6.13921E-2 6.17923E-2 5.91093E-2 5.5616E-2 5.49335E-2 5.73395E-2 5.80021E-2 6.1677E-2 6.51437E-2 6.48503E-2 6.18063E-2 5.15221E-2 3.94142E-2 3.89323E-2 5.29674E-2 5.92233E-2 6.42293E-2 6.65295E-2 6.90469E-2 6.83338E-2 6.59615E-2 6.4872E-2 6.57184E-2 6.72469E-2 6.75259E-2 6.83994E-2 6.85124E-2 6.79197E-2 6.79063E-2 6.11329E-2 5.64186E-2 5.39989E-2 5.22983E-2 5.15535E-2 5.22702E-2 5.40109E-2
6.5657E-2 6.67591E-2 6.61849E-2 6.816E-2 6.82297E-2 7.02683E-2 7.24534E-2 7.22164E-2 7.11553E-2 7.08686E-2 7.28433E-2 7.51077E-2 7.34956E-2 7.21269E-2 7.00307E-2 7.22868E-2 7.47829E-2 7.4311E-2 7.43491E-2 7.37398E-2 7.47461E-2 7.99571E-2 7.14467E-2 6.74453E-2 6.70529E-2 6.39894E-2 6.35436E-2 6.07317E-2 5.94627E-2 5.9898E-2 5.91771E-2 6.20658E-2 6.39596E-2 6.62976E-2 6.76835E-2 6.5382E-2 5.18898E-2 3.41537E-2 2.76083E-2 4.63503E-2 6.18146E-2 7.0424E-2 7.36172E-2 7.61517E-2 7.21152E-2 6.82586E-2 6.57336E-2 6.40831E-2 6.81053E-2 6.91369E-2 7.33685E-2 6.44091E-2 5.96484E-2 5.93839E-2 5.75367E-2 5.39471E-2 5.149E-2 5.12125E-2 5.12533E-2 5.17187E-2 6.18114E-2
6.92973E-2 6.9776E-2 7.16481E-2 7.24553E-2 7.19386E-2 7.18574E-2 7.1509E-2 7.28381E-2 7.54264E-2 7.46642E-2 6.94505E-2 6.97256E-2 6.9638E-2 7.01033E-2 6.98608E-2 7.60991E-2 7.75101E-2 7.39635E-2 7.28237E-2 7.42936E-2 7.51893E-2 8.03201E-2 7.88356E-2 7.25978E-2 6.89999E-2 6.83145E-2 6.45745E-2 6.47848E-2 6.38067E-2 6.225E-2 6.3963E-2 6.51577E-2 6.63941E-2 6.66723E-2 7.10292E-2 6.96579E-2 6.37071E-2 4.95801E-2 4.41647E-2 5.36775E-2 6.54698E-2 7.46621E-2 7.84409E-2 7.23736E-2 6.77668E-2 6.57201E-2 6.7815E-2 6.59526E-2 6.56027E-2 6.72961E-2 7.10741E-2 6.83607E-2 6.02815E-2 5.59244E-2 5.58088E-2 5.37484E-2 5.34431E-2 5.20546E-2 5.27643E-2 5.14915E-2 6.24597E-2
7.01935E-2 7.139E-2 7.22533E-2 7.29089E-2 7.39887E-2 7.45284E-2 7.52508E-2 7.52641E-2 7.47397E-2 7.3828E-2 7.07022E-2 7.02633E-2 7.12477E-2 7.35115E-2 7.42514E-2 7.84406E-2 7.70844E-2 7.54501E-2 7.19853E-2 6.94276E-2 7.09978E-2 7.64004E-2 8.12639E-2 7.71042E-2 7.40652E-2 7.0486E-2 6.82904E-2 6.68006E-2 6.48768E-2 6.52558E-2 6.6876E-2 7.01939E-2 7.217E-2 7.25773E-2 7.05126E-2 7.00559E-2 6.90897E-2 6.24332E-2 5.96955E-2 6.45979E-2 6.98984E-2 7.74412E-2 8.13271E-2 7.74682E-2 7.14293E-2 6.81181E-2 6.82639E-2 6.73514E-2 6.83736E-2 7.03032E-2 7.25989E-2 6.68204E-2 5.776E-2 5.60134E-2 5.87258E-2 5.92921E-2 6.03291E-2 5.43164E-2 5.49537E-2 5.81091E-2 6.50163E-2
7.21957E-2 7.37639E-2 7.57208E-2 7.57909E-2 7.5906E-2 7.56981E-2 7.58479E-2 7.47944E-2 7.60921E-2 7.60303E-2 7.53305E-2 7.26704E-2 7.62794E-2 7.89846E-2 7.70256E-2 8.00808E-2 8.12977E-2 7.63946E-2 7.2611E-2 7.24221E-2 7.22989E-2 7.68278E-2 8.24917E-2 8.27473E-2 7.95663E-2 7.36387E-2 7.09179E-2 7.09089E-2 7.06498E-2 7.20709E-2 7.3079E-2 7.73778E-2 7.55619E-2 7.63727E-2 7.45055E-2 7.24909E-2 6.96409E-2 6.70069E-2 6.62492E-2 7.31772E-2 7.52745E-2 7.70626E-2 7.72555E-2 7.59885E-2 7.56088E-2 7.37223E-2 6.98202E-2 6.91542E-2 7.24661E-2 7.35619E-2 7.38362E-2 6.13023E-2 5.78507E-2 6.00379E-2 6.42754E-2 6.38441E-2 6.00462E-2 5.56126E-2 5.71425E-2 6.05418E-2 5.39329E-2
7.23623E-2 7.37683E-2 7.44489E-2 7.48056E-2 7.51218E-2 7.50355E-2 7.57437E-2 7.87828E-2 7.96045E-2 8.06564E-2 7.82229E-2 7.74437E-2 7.95378E-2 8.2428E-2 8.13881E-2 8.07458E-2 8.12003E-2 8.03043E-2 7.78198E-2 7.66659E-2 7.60283E-2 7.7354E-2 8.39621E-2 8.40542E-2 7.95632E-2 7.75436E-2 7.54824E-2 7.59926E-2 7.52219E-2 7.82607E-2 8.06202E-2 8.11158E-2 7.91755E-2 7.74574E-2 7.87208E-2 7.30413E-2 6.72612E-2 6.44602E-2 6.59998E-2 7.35879E-2 7.58474E-2 7.50321E-2 7.54555E-2 7.64742E-2 7.55869E-2 7.48677E-2 7.60043E-2 7.61631E-2 8.03079E-2 7.25753E-2 6.60717E-2 6.03506E-2 6.09634E-2 6.3701E-2 6.56937E-2 6.51095E-2 6.0576E-2 6.05405E-2 5.96785E-2 5.77607E-2 5.42052E-2
