maxent_outputs/red_flowers_linear/red_221.asc
ncols         426
nrows         180
xllcorner     -130.0
yllcorner     24.0
cellsize      0.16666666666666666
NODATA_value  -9999
[rows 27 to 53 of 180, columns 244 to 304 of 426]
1.76845E-1 1.74259E-1 1.81528E-1 2.03485E-1 2.1642E-1 2.2687E-1 2.1456E-1 1.88432E-1 1.7589E-1 1.71308E-1 1.68576E-1 1.70555E-1 1.73151E-1 1.73236E-1 2.04856E-1 2.00784E-1 2.13122E-1 2.23078E-1 2.28653E-1 2.22272E-1 2.06958E-1 2.06327E-1 2.1679E-1 2.13474E-1 2.14191E-1 2.28811E-1 2.21958E-1 2.25642E-1 2.26153E-1 2.23111E-1 2.24617E-1 2.24871E-1 2.31728E-1 2.31567E-1 2.35291E-1 2.3838E-1 2.32742E-1 2.2837E-1 2.16172E-1 2.09361E-1 1.98163E-1 1.9752E-1 2.16126E-1 2.228E-1 2.10011E-1 2.0726E-1 2.0313E-1 2.12644E-1 2.17244E-1 2.18581E-1 2.15632E-1 2.09101E-1 2.09095E-1 1.95708E-1 1.93732E-1 1.81093E-1 1.70572E-1 1.62392E-1 1.61309E-1 1.54051E-1 1.46481E-1
1.78402E-1 1.79683E-1 1.83862E-1 1.7718E-1 1.79027E-1 1.85929E-1 1.86964E-1 1.8667E-1 1.81168E-1 1.75173E-1 1.68582E-1 1.80817E-1 1.77824E-1 1.93056E-1 1.92833E-1 2.04052E-1 2.21115E-1 2.38048E-1 2.3036E-1 2.25087E-1 2.10007E-1 1.98064E-1 2.03692E-1 2.1359E-1 2.17951E-1 2.25816E-1 2.21767E-1 2.22233E-1 2.23749E-1 2.21259E-1 2.2601E-1 2.28563E-1 2.29903E-1 2.33701E-1 2.34954E-1 2.40815E-1 2.33906E-1 2.26491E-1 2.13955E-1 2.08718E-1 2.01833E-1 2.03188E-1 2.10449E-1 2.21557E-1 2.19066E-1 2.19726E-1 2.1872E-1 2.23299E-1 2.308E-1 2.37366E-1 2.23291E-1 2.15358E-1 2.07087E-1 1.96246E-1 1.97561E-1 1.91485E-1 1.80064E-1 1.72044E-1 1.69709E-1 1.5803E-1 1.54511E-1
1.74165E-1 1.75779E-1 1.83555E-1 1.78432E-1 1.80794E-1 1.84608E-1 1.96874E-1 1.96354E-1 1.84797E-1 1.86588E-1 1.90953E-1 1.9782E-1 1.96798E-1 2.0582E-1 2.06511E-1 2.17463E-1 2.50494E-1 2.57986E-1 2.49792E-1 2.32602E-1 2.0403E-1 1.98928E-1 2.03627E-1 2.17515E-1 2.29061E-1 2.26491E-1 2.22095E-1 2.31114E-1 2.28575E-1 2.29021E-1 2.3559E-1 2.32849E-1 2.30771E-1 2.38993E-1 2.36037E-1 2.42509E-1 2.36163E-1 2.34787E-1 2.24991E-1 2.17036E-1 2.19976E-1 2.15579E-1 2.16193E-1 2.21524E-1 2.18589E-1 2.21923E-1 2.26491E-1 2.29356E-1 2.34738E-1 2.44233E-1 2.24752E-1 2.16942E-1 2.05295E-1 2.02947E-1 1.98336E-1 1.9548E-1 1.90794E-1 1.84345E-1 1.80426E-1 1.6432E-1 1.59713E-1
1.70599E-1 1.72638E-1 1.79519E-1 1.81485E-1 1.81512E-1 1.87438E-1 2.1099E-1 2.36298E-1 2.39015E-1 2.54644E-1 2.43928E-1 2.26483E-1 2.2803E-1 2.36257E-1 2.57777E-1 2.49919E-1 2.66646E-1 2.7582E-1 2.65008E-1 2.44149E-1 2.18393E-1 2.18516E-1 2.13841E-1 2.18064E-1 2.18806E-1 2.14922E-1 2.27949E-1 2.27805E-1 2.23675E-1 2.48116E-1 2.38023E-1 2.36399E-1 2.4113E-1 2.38842E-1 2.43972E-1 2.48791E-1 2.41076E-1 2.3093E-1 2.28484E-1 2.22679E-1 2.20068E-1 2.25913E-1 2.17559E-1 2.18171E-1 2.17012E-1 2.19329E-1 2.2522E-1 2.23933E-1 2.25245E-1 2.25791E-1 2.20545E-1 2.12937E-1 1.99685E-1 2.06999E-1 2.0757E-1 2.22999E-1 2.2035E-1 1.98806E-1 1.89788E-1 1.73018E-1 1.64835E-1
1.72447E-1 1.72324E-1 1.8434E-1 1.87698E-1 1.95387E-1 2.23744E-1 2.0697E-1 2.36618E-1 2.66806E-1 2.98871E-1 3.33212E-1 3.44073E-1 3.22028E-1 3.05266E-1 3.39E-1 3.5518E-1 3.49254E-1 3.46832E-1 2.6419E-1 2.29497E-1 2.21768E-1 2.21992E-1 2.31813E-1 2.20611E-1 2.11328E-1 2.21894E-1 2.28345E-1 2.31639E-1 2.24312E-1 2.36256E-1 2.41048E-1 2.41957E-1 2.46926E-1 2.38814E-1 2.45218E-1 2.42294E-1 2.41698E-1 2.36233E-1 2.23782E-1 2.26941E-1 2.17945E-1 2.19256E-1 2.19986E-1 2.17999E-1 2.18798E-1 2.20202E-1 2.16731E-1 2.16832E-1 2.19915E-1 2.21325E-1 2.18819E-1 2.07149E-1 2.08334E-1 2.22029E-1 2.30159E-1 2.4547E-1 2.41332E-1 2.17043E-1 2.23546E-1 1.89147E-1 1.78039E-1
1.83172E-1 2.00728E-1 2.23814E-1 2.26414E-1 2.44569E-1 2.54362E-1 3.18636E-1 3.60262E-1 3.98372E-1 4.05962E-1 4.20458E-1 4.28265E-1 4.25738E-1 4.44717E-1 4.49061E-1 4.5322E-1 4.58336E-1 4.32168E-1 2.9053E-1 2.32974E-1 2.2588E-1 2.19281E-1 2.1617E-1 2.16117E-1 2.22672E-1 2.33077E-1 2.27097E-1 2.30399E-1 2.40198E-1 2.33354E-1 2.45852E-1 2.40083E-1 2.50422E-1 2.4948E-1 2.4627E-1 2.46751E-1 2.42312E-1 2.34794E-1 2.30148E-1 2.2422E-1 2.22591E-1 2.18218E-1 2.19481E-1 2.22235E-1 2.29261E-1 2.26967E-1 2.29774E-1 2.19827E-1 2.22124E-1 2.28562E-1 2.37751E-1 2.28221E-1 2.23796E-1 2.34034E-1 2.37938E-1 2.40598E-1 2.46788E-1 2.42188E-1 2.3186E-1 2.15944E-1 2.01318E-1
2.02157E-1 2.78196E-1 2.8893E-1 2.68367E-1 3.11095E-1 3.6781E-1 3.96054E-1 4.05407E-1 4.24776E-1 4.28997E-1 4.34942E-1 4.48087E-1 4.5676E-1 4.49967E-1 4.60109E-1 4.62498E-1 4.54711E-1 4.15135E-1 3.57998E-1 2.57683E-1 2.4215E-1 2.33232E-1 2.25101E-1 2.29693E-1 2.3311E-1 2.32391E-1 2.36146E-1 2.39322E-1 2.40745E-1 2.50989E-1 2.65626E-1 2.68507E-1 2.67338E-1 2.78934E-1 2.68682E-1 2.56257E-1 2.50277E-1 2.38219E-1 2.37294E-1 2.32944E-1 2.25577E-1 2.18618E-1 2.25673E-1 2.25315E-1 2.32224E-1 2.39007E-1 2.4064E-1 2.46878E-1 2.43903E-1 2.49239E-1 2.48226E-1 2.43621E-1 2.46522E-1 2.57159E-1 2.57208E-1 2.58785E-1 2.6571E-1 2.47464E-1 2.35946E-1 2.2275E-1 2.19484E-1
2.49423E-1 2.96661E-1 3.45964E-1 3.68292E-1 3.93273E-1 4.03368E-1 4.28339E-1 4.27542E-1 4.43414E-1 4.52322E-1 4.63319E-1 4.62458E-1 4.68855E-1 4.68873E-1 4.66142E-1 4.68648E-1 4.52455E-1 4.35776E-1 4.12561E-1 3.02176E-1 2.53986E-1 2.45828E-1 2.45951E-1 2.37736E-1 2.43295E-1 2.43545E-1 2.46418E-1 2.56757E-1 2.68546E-1 2.73516E-1 2.89328E-1 2.93358E-1 2.84451E-1 2.75707E-1 2.6402E-1 2.59154E-1 2.62065E-1 2.43574E-1 2.35308E-1 2.32072E-1 2.38038E-1 2.28378E-1 2.28327E-1 2.31145E-1 2.35628E-1 2.42838E-1 2.44382E-1 2.58293E-1 2.58409E-1 2.54137E-1 2.54226E-1 2.57753E-1 2.7045E-1 2.77134E-1 2.94902E-1 3.03544E-1 2.92395E-1 2.67376E-1 2.56532E-1 2.40688E-1 2.24772E-1
3.39068E-1 3.70801E-1 3.47469E-1 3.53098E-1 3.64992E-1 4.16317E-1 4.3485E-1 4.58482E-1 4.5988E-1 4.72568E-1 4.84919E-1 4.88051E-1 4.81407E-1 4.78603E-1 4.8053E-1 4.74234E-1 4.60446E-1 4.48228E-1 4.33278E-1 3.97068E-1 3.20625E-1 2.7651E-1 2.68344E-1 2.70309E-1 2.70509E-1 2.73388E-1 2.76467E-1 2.797E-1 3.01196E-1 3.16617E-1 3.07954E-1 3.104E-1 3.06131E-1 2.881E-1 2.80773E-1 2.75695E-1 2.69357E-1 2.62499E-1 2.45774E-1 2.46825E-1 2.44693E-1 2.47137E-1 2.51789E-1 2.43937E-1 2.46607E-1 2.41225E-1 2.5346E-1 2.58055E-1 2.60138E-1 2.62978E-1 2.67353E-1 2.74963E-1 2.89512E-1 2.855E-1 3.00271E-1 3.17422E-1 3.0977E-1 2.81086E-1 2.6685E-1 2.46956E-1 2.36892E-1
3.59792E-1 3.31027E-1 3.70772E-1 4.0618E-1 4.36824E-1 4.56113E-1 4.68548E-1 4.79209E-1 4.86495E-1 5.02331E-1 5.02389E-1 5.01743E-1 4.99063E-1 4.97241E-1 4.87908E-1 4.82396E-1 4.82874E-1 4.67138E-1 4.50587E-1 4.40547E-1 4.37361E-1 4.06156E-1 3.88576E-1 3.9219E-1 4.15911E-1 4.4362E-1 4.11911E-1 3.49851E-1 3.60855E-1 3.56604E-1 3.4432E-1 3.2778E-1 3.3092E-1 3.09532E-1 2.99504E-1 2.83406E-1 2.77191E-1 2.56308E-1 2.5531E-1 2.55695E-1 2.51786E-1 2.4872E-1 2.47031E-1 2.44616E-1 2.5221E-1 2.49517E-1 2.62227E-1 2.69477E-1 2.68332E-1 2.74586E-1 2.79377E-1 2.87703E-1 2.93302E-1 2.8269E-1 3.00772E-1 2.99227E-1 2.82674E-1 2.77063E-1 2.58854E-1 2.50396E-1 2.47472E-1
3.86826E-1 3.99223E-1 4.39262E-1 4.54619E-1 4.74405E-1 4.85906E-1 4.92797E-1 4.972E-1 5.16215E-1 5.14003E-1 5.11691E-1 5.00804E-1 5.0318E-1 5.00878E-1 4.91949E-1 4.86009E-1 4.79994E-1 4.70775E-1 4.66444E-1 4.66435E-1 4.12164E-1 3.90745E-1 4.32392E-1 4.81041E-1 5.0272E-1 5.28895E-1 4.2693E-1 3.99146E-1 4.01086E-1 3.97895E-1 3.92624E-1 3.65044E-1 3.46364E-1 3.23482E-1 3.17299E-1 2.84208E-1 2.70141E-1 2.6039E-1 2.59083E-1 2.61276E-1 2.62477E-1 2.49998E-1 2.60941E-1 2.6538E-1 2.60487E-1 2.55056E-1 2.65978E-1 2.75063E-1 2.69173E-1 2.80426E-1 2.87639E-1 2.82746E-1 2.8961E-1 2.97535E-1 3.00392E-1 2.92101E-1 2.7344E-1 2.59687E-1 2.57478E-1 2.47398E-1 2.4792E-1
4.08918E-1 4.34064E-1 4.5557E-1 4.87873E-1 5.13157E-1 4.97019E-1 5.07701E-1 4.97533E-1 4.89239E-1 4.96368E-1 5.01514E-1 5.0747E-1 4.99936E-1 5.01789E-1 5.01004E-1 4.87297E-1 4.84522E-1 4.84782E-1 4.86527E-1 4.80005E-1 4.74569E-1 4.76695E-1 4.95603E-1 5.11315E-1 5.32071E-1 5.42532E-1 4.6401E-1 4.57661E-1 4.37919E-1 4.23128E-1 3.95981E-1 3.89453E-1 3.54184E-1 3.47486E-1 3.32346E-1 3.03705E-1 2.86126E-1 2.74161E-1 2.69919E-1 2.67782E-1 2.67483E-1 2.58815E-1 2.63213E-1 2.60618E-1 2.63212E-1 2.61657E-1 2.59222E-1 2.66674E-1 2.70274E-1 2.77601E-1 2.90914E-1 2.97632E-1 2.99434E-1 2.99944E-1 3.00165E-1 2.92488E-1 2.81791E-1 2.67374E-1 2.65088E-1 2.55857E-1 2.85446E-1
4.19255E-1 4.44742E-1 4.68815E-1 5.01219E-1 5.00738E-1 4.6114E-1 4.45627E-1 4.45219E-1 4.471E-1 4.47692E-1 4.67336E-1 4.86821E-1 4.91538E-1 5.00025E-1 5.00828E-1 4.89962E-1 4.87638E-1 4.88729E-1 4.87805E-1 4.8309E-1 4.97311E-1 4.89744E-1 5.17192E-1 5.24936E-1 5.4862E-1 5.67264E-1 5.45445E-1 4.92845E-1 4.51038E-1 4.1211E-1 4.05547E-1 3.92155E-1 3.66122E-1 3.63901E-1 3.50911E-1 3.29512E-1 3.06823E-1 3.01345E-1 2.91019E-1 2.88644E-1 2.85334E-1 2.69776E-1 2.64216E-1 2.62296E-1 2.62913E-1 2.60956E-1 2.5879E-1 2.61423E-1 2.62988E-1 2.68533E-1 2.84627E-1 3.0668E-1 3.12874E-1 3.14866E-1 3.04689E-1 3.00069E-1 2.93259E-1 2.83163E-1 2.88068E-1 2.579E-1 2.85389E-1
4.2636E-1 4.47687E-1 4.62616E-1 4.70305E-1 4.11957E-1 4.06755E-1 4.17328E-1 4.47501E-1 4.81698E-1 4.75134E-1 4.69934E-1 4.59513E-1 4.70416E-1 4.84581E-1 4.83841E-1 4.89053E-1 4.87491E-1 4.87574E-1 4.85157E-1 4.8345E-1 4.88985E-1 5.01669E-1 5.15927E-1 5.31762E-1 5.54988E-1 5.63839E-1 5.93295E-1 5.35763E-1 4.56294E-1 4.17994E-1 4.05571E-1 3.7099E-1 3.67752E-1 3.76702E-1 3.72375E-1 3.53316E-1 3.32818E-1 3.12836E-1 2.99097E-1 2.94196E-1 2.94403E-1 2.84198E-1 2.90128E-1 2.75021E-1 2.73373E-1 2.65094E-1 2.72876E-1 2.63625E-1 2.73322E-1 2.92612E-1 2.89406E-1 3.05133E-1 3.1332E-1 3.14787E-1 3.23269E-1 3.1614E-1 3.16853E-1 3.05516E-1 3.07498E-1 2.98648E-1 3.17217E-1
4.01744E-1 4.1052E-1 4.1212E-1 4.15092E-1 4.3009E-1 4.25966E-1 4.81175E-1 4.87951E-1 4.76131E-1 4.62654E-1 4.52773E-1 4.51409E-1 4.56332E-1 4.63455E-1 4.77189E-1 4.81959E-1 4.80571E-1 4.81847E-1 4.73209E-1 4.73168E-1 4.84154E-1 4.92291E-1 5.14162E-1 5.40785E-1 5.57007E-1 5.74928E-1 5.86536E-1 5.11186E-1 4.56002E-1 4.37183E-1 4.25716E-1 4.05876E-1 4.10077E-1 4.10112E-1 3.86976E-1 3.56477E-1 3.36695E-1 3.12629E-1 2.95525E-1 2.89812E-1 2.99423E-1 2.90625E-1 2.78692E-1 2.83226E-1 2.85503E-1 2.74914E-1 2.82189E-1 2.80366E-1 2.88118E-1 2.94645E-1 2.93056E-1 3.0353E-1 3.11122E-1 3.19336E-1 3.29255E-1 3.42931E-1 3.26754E-1 3.25736E-1 3.29859E-1 3.5124E-1 3.77568E-1
3.33939E-1 3.26347E-1 3.27163E-1 3.39155E-1 3.60586E-1 4.01461E-1 4.22906E-1 4.06613E-1 4.08731E-1 4.18433E-1 4.30566E-1 4.47143E-1 4.37496E-1 4.48221E-1 4.53971E-1 4.65109E-1 4.69967E-1 4.73705E-1 4.66371E-1 4.57785E-1 4.60955E-1 4.77319E-1 4.89789E-1 5.15388E-1 5.52809E-1 5.64173E-1 5.82615E-1 5.51963E-1 4.92383E-1 4.64477E-1 4.58016E-1 4.52041E-1 4.31697E-1 4.2848E-1 3.99008E-1 3.56282E-1 3.44992E-1 3.32037E-1 3.12322E-1 2.93482E-1 3.00192E-1 3.00952E-1 2.9295E-1 2.9432E-1 3.0137E-1 2.94516E-1 2.90784E-1 2.83744E-1 2.92511E-1 2.98672E-1 3.03926E-1 3.16333E-1 3.32322E-1 3.35715E-1 3.59668E-1 3.68789E-1 3.49582E-1 3.39927E-1 3.45414E-1 3.61672E-1 3.87761E-1
2.81356E-1 2.65582E-1 2.6706E-1 2.80118E-1 3.04452E-1 3.18439E-1 3.21254E-1 3.17147E-1 3.23071E-1 3.48028E-1 3.78941E-1 4.18852E-1 4.25259E-1 4.25516E-1 4.38405E-1 4.59084E-1 4.61743E-1 4.63825E-1 4.47892E-1 4.31122E-1 4.09846E-1 4.1228E-1 4.38118E-1 4.39556E-1 4.44086E-1 4.50911E-1 5.24048E-1 5.58309E-1 5.23801E-1 4.82644E-1 4.66702E-1 4.60935E-1 4.71285E-1 4.20439E-1 3.81433E-1 3.52025E-1 3.33918E-1 3.20598E-1 3.04674E-1 3.0791E-1 3.07409E-1 3.08936E-1 3.1973E-1 3.19648E-1 3.12905E-1 3.05928E-1 3.12094E-1 3.04582E-1 3.11705E-1 3.03032E-1 3.09619E-1 3.82501E-1 3.62549E-1 3.68693E-1 3.64893E-1 3.6421E-1 3.68614E-1 3.58361E-1 3.46309E-1 3.42574E-1 3.55162E-1
2.4435E-1 2.33631E-1 2.17619E-1 2.30529E-1 2.39572E-1 2.45367E-1 2.51712E-1 2.56324E-1 2.66197E-1 2.97788E-1 3.28117E-1 3.51349E-1 3.96435E-1 3.86446E-1 4.09742E-1 4.43008E-1 4.62798E-1 4.35993E-1 3.81479E-1 3.45963E-1 3.38356E-1 3.26665E-1 3.19477E-1 3.31667E-1 3.52531E-1 3.95964E-1 4.9473E-1 5.18221E-1 4.84663E-1 4.00764E-1 4.13338E-1 4.53894E-1 4.54605E-1 4.13199E-1 3.76859E-1 3.53248E-1 3.30804E-1 3.29235E-1 3.13333E-1 3.13651E-1 3.07685E-1 3.21805E-1 3.27709E-1 3.36995E-1 3.25621E-1 3.20257E-1 3.2835E-1 3.3362E-1 3.26007E-1 3.01541E-1 2.97824E-1 3.53108E-1 3.82987E-1 3.92403E-1 3.96629E-1 3.84248E-1 3.68141E-1 3.56465E-1 3.52893E-1 3.48585E-1 3.41361E-1
2.29004E-1 2.15774E-1 2.05483E-1 2.03942E-1 2.07678E-1 2.10857E-1 2.28708E-1 2.31336E-1 2.37992E-1 2.60313E-1 2.83584E-1 2.87276E-1 2.96729E-1 2.93377E-1 3.11735E-1 3.6655E-1 4.01628E-1 3.75847E-1 3.49577E-1 3.14596E-1 2.97714E-1 3.03604E-1 2.84009E-1 2.92E-1 3.26006E-1 3.4516E-1 3.73239E-1 3.75414E-1 3.63568E-1 3.36129E-1 3.58057E-1 4.10819E-1 4.25109E-1 3.93957E-1 3.52745E-1 3.29183E-1 3.1995E-1 3.24172E-1 3.29914E-1 3.11556E-1 3.28616E-1 3.46491E-1 3.42468E-1 3.43648E-1 3.40206E-1 3.34819E-1 3.31437E-1 3.5516E-1 3.67822E-1 3.44566E-1 3.26669E-1 3.78851E-1 4.07369E-1 4.13473E-1 4.19461E-1 4.13217E-1 3.91814E-1 3.64742E-1 3.36247E-1 3.33491E-1 3.09976E-1
2.04918E-1 1.98681E-1 2.03308E-1 1.9603E-1 1.9134E-1 1.98821E-1 2.1097E-1 2.19722E-1 2.30242E-1 2.47643E-1 2.58602E-1 2.57212E-1 2.64541E-1 2.65473E-1 2.65744E-1 3.03088E-1 3.53742E-1 3.58308E-1 3.28755E-1 3.12156E-1 3.14727E-1 3.11045E-1 2.95335E-1 2.87268E-1 3.08025E-1 3.1907E-1 3.1686E-1 3.2135E-1 3.01883E-1 3.06154E-1 3.32684E-1 3.78328E-1 3.91718E-1 4.07222E-1 3.82153E-1 3.56961E-1 3.27552E-1 3.24921E-1 3.2988E-1 3.4939E-1 3.48558E-1 3.63124E-1 3.57023E-1 3.54431E-1 3.6222E-1 3.59899E-1 3.62117E-1 3.97092E-1 4.14062E-1 3.90173E-1 3.8216E-1 4.10594E-1 4.34854E-1 4.51946E-1 4.49698E-1 4.43229E-1 4.24647E-1 4.03571E-1 3.67337E-1 3.06068E-1 2.62127E-1
1.78919E-1 1.79376E-1 1.86131E-1 1.8916E-1 1.81097E-1 1.9024E-1 1.97116E-1 2.05166E-1 2.22763E-1 2.28951E-1 2.39021E-1 2.42237E-1 2.51167E-1 2.64188E-1 2.73123E-1 2.95703E-1 3.1845E-1 3.3238E-1 3.30311E-1 3.24385E-1 3.23058E-1 3.16569E-1 3.13975E-1 3.22144E-1 3.2425E-1 3.20474E-1 3.14728E-1 3.11672E-1 3.17912E-1 3.04224E-1 3.05538E-1 3.20024E-1 3.39984E-1 3.47132E-1 3.57719E-1 3.81278E-1 3.80153E-1 3.81627E-1 3.90507E-1 4.07044E-1 4.18539E-1 4.26878E-1 4.07692E-1 4.02292E-1 3.95676E-1 4.00658E-1 4.13826E-1 4.23719E-1 4.25754E-1 4.23858E-1 4.30937E-1 4.45417E-1 4.74724E-1 4.84084E-1 4.80097E-1 4.59099E-1 4.25211E-1 3.9848E-1 3.506E-1 2.86247E-1 2.53797E-1
1.65962E-1 1.71179E-1 1.79512E-1 1.88289E-1 1.88271E-1 1.8898E-1 1.94849E-1 1.98537E-1 2.1502E-1 2.25431E-1 2.32758E-1 2.34588E-1 2.44688E-1 2.63523E-1 2.67842E-1 2.86019E-1 3.05983E-1 3.14048E-1 3.53509E-1 3.6809E-1 3.63446E-1 3.62536E-1 3.65878E-1 3.48964E-1 3.48782E-1 3.51813E-1 3.27796E-1 3.20166E-1 3.29113E-1 3.46583E-1 3.52018E-1 3.56758E-1 3.49503E-1 3.51088E-1 3.40111E-1 3.30677E-1 3.3391E-1 3.52547E-1 3.51922E-1 3.77672E-1 3.77288E-1 3.90563E-1 4.03673E-1 4.28094E-1 4.06739E-1 4.65642E-1 5.06292E-1 5.33368E-1 5.29269E-1 5.24449E-1 5.3275E-1 4.95626E-1 5.12222E-1 5.26515E-1 5.15954E-1 4.98919E-1 4.74763E-1 4.29132E-1 3.89244E-1 3.44297E-1 3.36866E-1
1.61501E-1 1.68654E-1 1.82916E-1 1.85694E-1 1.85558E-1 1.89411E-1 1.94751E-1 1.98252E-1 2.07349E-1 2.21797E-1 2.21511E-1 2.35319E-1 2.44179E-1 2.79429E-1 2.87588E-1 3.01782E-1 3.09505E-1 3.60228E-1 3.85371E-1 4.03099E-1 4.02334E-1 3.84731E-1 3.36919E-1 3.37071E-1 3.61364E-1 3.47092E-1 3.18409E-1 3.05952E-1 3.00823E-1 3.15402E-1 3.64038E-1 3.68232E-1 3.74137E-1 3.80027E-1 3.96678E-1 3.97605E-1 4.03415E-1 4.06176E-1 4.19807E-1 4.22972E-1 4.28612E-1 4.0889E-1 4.15273E-1 4.16737E-1 4.56849E-1 4.7732E-1 5.49702E-1 6.10814E-1 6.25165E-1 6.39359E-1 6.69287E-1 6.59285E-1 5.52455E-1 5.60944E-1 5.68602E-1 5.4734E-1 5.21746E-1 4.81713E-1 4.45528E-1 4.05909E-1 3.99722E-1
1.68202E-1 1.71768E-1 1.74808E-1 1.84877E-1 1.86021E-1 1.90643E-1 1.95508E-1 1.99183E-1 2.11391E-1 2.27806E-1 2.33333E-1 2.48454E-1 2.79676E-1 3.297E-1 3.23088E-1 3.14641E-1 3.3816E-1 3.75839E-1 3.8709E-1 3.8919E-1 3.94178E-1 3.87845E-1 3.58102E-1 3.79142E-1 3.73169E-1 3.3984E-1 3.07206E-1 2.97902E-1 2.93561E-1 2.91492E-1 3.08816E-1 3.49006E-1 3.77853E-1 3.9782E-1 4.00179E-1 4.11389E-1 4.21426E-1 4.34196E-1 4.49607E-1 4.59356E-1 4.80608E-1 5.05948E-1 5.05426E-1 4.8391E-1 5.01025E-1 5.50349E-1 6.25744E-1 6.45581E-1 6.59951E-1 6.86841E-1 7.0097E-1 7.12919E-1 6.58785E-1 5.76562E-1 5.87008E-1 5.92609E-1 5.57452E-1 5.47249E-1 5.07477E-1 4.76441E-1 4.76359E-1
1.69306E-1 1.73782E-1 1.75674E-1 1.8091E-1 1.89273E-1 1.9273E-1 1.96525E-1 2.07878E-1 2.24375E-1 2.44698E-1 2.46044E-1 2.69068E-1 3.14303E-1 3.23815E-1 3.01228E-1 3.25921E-1 3.59105E-1 3.79612E-1 3.90556E-1 3.92007E-1 3.94477E-1 3.95973E-1 3.94257E-1 3.92407E-1 3.90595E-1 3.46499E-1 3.10622E-1 3.00653E-1 3.07285E-1 3.00602E-1 3.08667E-1 3.16902E-1 3.25888E-1 3.53042E-1 3.9231E-1 4.1928E-1 4.25929E-1 4.43325E-1 4.6267E-1 4.79796E-1 5.01764E-1 5.24589E-1 5.46366E-1 5.75772E-1 6.10189E-1 6.09245E-1 6.45785E-1 6.62112E-1 6.91374E-1 7.08779E-1 7.21643E-1 7.18971E-1 7.06417E-1 6.17223E-1 5.28178E-1 5.28611E-1 5.65446E-1 5.78235E-1 5.54476E-1 5.40221E-1 5.37944E-1
1.64655E-1 1.64034E-1 1.76438E-1 1.82982E-1 1.9106E-1 2.01492E-1 2.08576E-1 2.19541E-1 2.39531E-1 2.61218E-1 2.78001E-1 3.19342E-1 3.26385E-1 2.92269E-1 3.16185E-1 3.39444E-1 3.67512E-1 3.83644E-1 3.92633E-1 3.96826E-1 4.03878E-1 4.0453E-1 3.8777E-1 3.86894E-1 3.47534E-1 3.163E-1 3.08098E-1 3.12103E-1 2.99863E-1 3.00044E-1 3.04483E-1 3.13703E-1 3.12334E-1 3.14574E-1 3.4148E-1 3.72325E-1 4.35112E-1 4.44589E-1 4.74459E-1 4.93326E-1 5.15513E-1 5.47907E-1 5.72086E-1 6.0388E-1 6.41599E-1 6.06194E-1 5.8556E-1 6.15588E-1 6.5806E-1 7.08688E-1 7.18234E-1 7.1791E-1 7.07376E-1 6.77761E-1 5.65337E-1 5.15397E-1 5.39742E-1 6.03321E-1 6.05523E-1 5.83472E-1 5.64794E-1
1.67362E-1 1.70679E-1 1.82509E-1 1.93211E-1 2.0796E-1 2.10913E-1 2.14752E-1 2.29677E-1 2.49799E-1 2.83731E-1 3.25146E-1 3.57509E-1 2.94424E-1 3.08302E-1 3.48132E-1 3.61502E-1 3.75922E-1 3.95992E-1 4.17128E-1 4.01396E-1 4.16132E-1 4.06436E-1 3.67713E-1 3.73022E-1 3.19645E-1 2.99516E-1 2.97333E-1 2.94127E-1 3.00121E-1 3.04844E-1 3.06137E-1 3.07193E-1 3.05987E-1 3.22192E-1 3.35361E-1 3.60262E-1 4.13172E-1 4.66415E-1 4.77125E-1 5.05175E-1 5.24963E-1 5.63902E-1 5.88364E-1 6.18648E-1 6.43075E-1 6.43968E-1 6.06791E-1 5.86449E-1 6.25005E-1 7.01465E-1 7.2672E-1 7.32603E-1 7.24807E-1 7.02009E-1 6.91498E-1 6.15676E-1 5.8569E-1 6.07967E-1 6.2374E-1 5.86249E-1 5.52625E-1
