maxent_outputs/red_flowers_linear/red_132.asc
ncols         426
nrows         180
xllcorner     -130.0
yllcorner     24.0
cellsize      0.16666666666666666
NODATA_value  -9999
[rows 81 to 107 of 180, columns 244 to 304 of 426]
5.51074E-1 5.54805E-1 5.57898E-1 5.61212E-1 5.6164E-1 5.56441E-1 5.55284E-1 5.56998E-1 5.61233E-1 5.63654E-1 5.67234E-1 5.694E-1 5.72138E-1 5.73199E-1 5.73846E-1 5.87863E-1 5.99566E-1 5.94877E-1 5.85695E-1 5.83571E-1 5.78969E-1 5.74496E-1 5.81743E-1 5.90105E-1 5.8418E-1 5.82104E-1 5.83631E-1 5.86581E-1 5.85125E-1 5.84829E-1 5.86218E-1 5.85748E-1 5.84316E-1 5.87556E-1 5.834E-1 5.81173E-1 5.85658E-1 5.89319E-1 5.88522E-1 5.93001E-1 6.01249E-1 6.06382E-1 6.11532E-1 6.22414E-1 6.15352E-1 6.06383E-1 6.02124E-1 6.08441E-1 6.20596E-1 6.19725E-1 6.15684E-1 6.14425E-1 6.21879E-1 6.22775E-1 6.27473E-1 6.4157E-1 6.52408E-1 6.44297E-1 6.30968E-1 6.33341E-1 6.48489E-1
5.51755E-1 5.57525E-1 5.66644E-1 5.74283E-1 5.6567E-1 5.64207E-1 5.6328E-1 5.6408E-1 5.69762E-1 5.79062E-1 5.82017E-1 5.88285E-1 5.88099E-1 5.85647E-1 5.86736E-1 5.97422E-1 6.06105E-1 6.01301E-1 5.89708E-1 5.86646E-1 5.83374E-1 5.86972E-1 5.99209E-1 6.06147E-1 5.91288E-1 5.85469E-1 5.87412E-1 5.83731E-1 5.84736E-1 5.92217E-1 5.98731E-1 5.92403E-1 5.90538E-1 5.8581E-1 5.85887E-1 5.91973E-1 5.97825E-1 6.01032E-1 6.00635E-1 5.92203E-1 5.95802E-1 6.01914E-1 6.15244E-1 6.19548E-1 6.21874E-1 6.15602E-1 6.10812E-1 6.11246E-1 6.16975E-1 6.20593E-1 6.19564E-1 6.19233E-1 6.24595E-1 6.26136E-1 6.32502E-1 6.38453E-1 6.44663E-1 6.47998E-1 6.44993E-1 6.53124E-1 6.59846E-1
5.56056E-1 5.6465E-1 5.77801E-1 5.8266E-1 5.70973E-1 5.69439E-1 5.72546E-1 5.74193E-1 5.79751E-1 5.93874E-1 5.99428E-1 6.02214E-1 6.05234E-1 6.06196E-1 6.07201E-1 6.07798E-1 6.08499E-1 6.00881E-1 5.92287E-1 5.8684E-1 5.84941E-1 5.97637E-1 6.07515E-1 6.06434E-1 6.01144E-1 5.92572E-1 5.89405E-1 5.88377E-1 5.85982E-1 5.96211E-1 6.05971E-1 6.06317E-1 6.01251E-1 5.84035E-1 5.88165E-1 5.90611E-1 6.06146E-1 6.09909E-1 6.0468E-1 6.018E-1 6.11812E-1 6.19522E-1 6.23375E-1 6.18919E-1 6.19808E-1 6.22004E-1 6.17999E-1 6.10522E-1 6.13799E-1 6.21467E-1 6.21404E-1 6.29906E-1 6.29634E-1 6.33542E-1 6.37766E-1 6.45292E-1 6.53243E-1 6.5666E-1 6.49387E-1 6.67393E-1 6.77912E-1
5.65177E-1 5.7281E-1 5.87181E-1 5.85026E-1 5.77539E-1 5.75313E-1 5.77837E-1 5.82708E-1 5.88007E-1 5.95878E-1 6.0466E-1 6.14341E-1 6.18908E-1 6.17037E-1 6.12677E-1 6.09818E-1 6.10002E-1 6.06716E-1 6.03577E-1 5.99109E-1 5.91588E-1 5.98523E-1 6.07312E-1 6.07465E-1 5.99404E-1 5.96617E-1 5.94663E-1 5.8957E-1 5.87504E-1 5.98489E-1 6.16062E-1 6.20605E-1 6.17648E-1 6.13441E-1 6.08137E-1 6.1066E-1 6.11515E-1 6.2073E-1 6.13572E-1 6.1391E-1 6.21867E-1 6.29794E-1 6.24797E-1 6.20647E-1 6.18202E-1 6.19933E-1 6.1966E-1 6.22757E-1 6.22204E-1 6.27002E-1 6.3206E-1 6.34783E-1 6.3624E-1 6.39353E-1 6.41617E-1 6.48256E-1 6.54946E-1 6.57244E-1 6.67239E-1 6.62563E-1 6.56292E-1
5.78276E-1 5.85151E-1 5.97497E-1 5.93854E-1 5.90891E-1 5.88544E-1 5.87542E-1 5.93038E-1 5.97851E-1 6.03049E-1 6.10409E-1 6.14195E-1 6.20869E-1 6.20316E-1 6.12835E-1 6.11333E-1 6.14825E-1 6.1393E-1 6.14492E-1 6.07881E-1 5.99677E-1 6.02224E-1 6.11458E-1 6.03179E-1 6.00181E-1 6.00681E-1 5.99003E-1 5.95707E-1 5.96245E-1 6.04341E-1 6.19507E-1 6.22806E-1 6.19146E-1 6.11585E-1 6.04295E-1 6.05118E-1 6.09736E-1 6.11794E-1 6.13966E-1 6.17716E-1 6.20432E-1 6.25691E-1 6.31692E-1 6.29513E-1 6.25342E-1 6.25044E-1 6.26798E-1 6.33548E-1 6.38515E-1 6.43382E-1 6.50152E-1 6.46967E-1 6.46391E-1 6.50546E-1 6.53039E-1 6.56751E-1 6.61107E-1 6.75186E-1 6.60532E-1 6.53057E-1 6.59602E-1
5.9393E-1 6.01646E-1 6.08572E-1 6.14472E-1 6.12003E-1 6.05296E-1 6.02923E-1 6.10143E-1 6.11164E-1 6.17047E-1 6.14744E-1 6.14336E-1 6.1154E-1 6.16543E-1 6.16868E-1 6.20872E-1 6.20583E-1 6.29281E-1 6.25754E-1 6.20357E-1 6.11652E-1 6.09087E-1 6.10399E-1 6.06079E-1 6.14398E-1 6.14527E-1 6.1027E-1 6.12224E-1 6.11856E-1 6.1516E-1 6.20832E-1 6.25579E-1 6.2041E-1 6.12072E-1 6.06149E-1 6.0339E-1 6.06777E-1 6.07423E-1 6.09278E-1 6.17052E-1 6.27321E-1 6.28726E-1 6.33438E-1 6.41804E-1 6.33642E-1 6.34754E-1 6.38636E-1 6.47006E-1 6.55311E-1 6.60263E-1 6.62862E-1 6.59926E-1 6.61211E-1 6.62571E-1 6.68715E-1 6.68616E-1 6.82369E-1 6.86756E-1 6.71808E-1 6.60559E-1 6.50617E-1
6.10197E-1 6.1406E-1 6.1728E-1 6.25127E-1 6.27547E-1 6.22074E-1 6.22867E-1 6.27016E-1 6.28366E-1 6.32463E-1 6.27989E-1 6.18811E-1 6.13143E-1 6.19266E-1 6.33622E-1 6.37102E-1 6.33925E-1 6.36736E-1 6.36376E-1 6.31421E-1 6.24126E-1 6.18947E-1 6.18279E-1 6.19705E-1 6.29137E-1 6.33679E-1 6.30994E-1 6.2868E-1 6.32792E-1 6.3278E-1 6.33098E-1 6.34626E-1 6.28233E-1 6.14562E-1 6.1473E-1 6.13448E-1 6.17691E-1 6.19464E-1 6.21785E-1 6.29009E-1 6.33144E-1 6.32668E-1 6.35987E-1 6.46643E-1 6.42659E-1 6.43515E-1 6.50747E-1 6.60633E-1 6.71602E-1 6.77264E-1 6.73712E-1 6.70586E-1 6.76227E-1 6.80897E-1 6.80515E-1 6.88538E-1 6.96913E-1 7.01008E-1 6.83221E-1 6.54677E-1 6.51153E-1
6.17931E-1 6.22372E-1 6.20907E-1 6.26895E-1 6.31074E-1 6.3494E-1 6.37475E-1 6.41507E-1 6.43399E-1 6.46355E-1 6.41458E-1 6.32787E-1 6.29689E-1 6.33078E-1 6.36051E-1 6.39128E-1 6.42472E-1 6.49411E-1 6.52022E-1 6.51703E-1 6.41058E-1 6.37707E-1 6.36137E-1 6.40301E-1 6.46102E-1 6.49036E-1 6.4853E-1 6.46576E-1 6.51927E-1 6.55712E-1 6.56251E-1 6.50271E-1 6.41102E-1 6.35059E-1 6.36154E-1 6.36641E-1 6.3713E-1 6.38369E-1 6.36336E-1 6.40276E-1 6.44379E-1 6.46575E-1 6.43221E-1 6.45297E-1 6.49723E-1 6.51954E-1 6.63247E-1 6.69926E-1 6.84506E-1 6.82061E-1 6.80919E-1 6.82805E-1 6.88971E-1 6.95109E-1 6.98399E-1 7.04068E-1 7.08728E-1 7.09675E-1 6.90598E-1 6.66499E-1 6.62244E-1
6.21441E-1 6.32055E-1 6.32886E-1 6.34943E-1 6.38862E-1 6.49266E-1 6.54917E-1 6.58478E-1 6.5289E-1 6.50203E-1 6.46266E-1 6.38565E-1 6.41797E-1 6.33676E-1 6.39446E-1 6.48473E-1 6.52968E-1 6.68762E-1 6.65997E-1 6.6821E-1 6.61389E-1 6.59982E-1 6.62261E-1 6.64141E-1 6.64332E-1 6.67561E-1 6.65285E-1 6.61075E-1 6.67945E-1 6.7593E-1 6.71952E-1 6.67913E-1 6.58798E-1 6.54447E-1 6.51454E-1 6.50894E-1 6.54005E-1 6.50405E-1 6.51463E-1 6.573E-1 6.53764E-1 6.47889E-1 6.44086E-1 6.50258E-1 6.53368E-1 6.6358E-1 6.72411E-1 6.75944E-1 6.82867E-1 6.85447E-1 6.86013E-1 6.86463E-1 6.97976E-1 7.02442E-1 7.14562E-1 7.11319E-1 7.06207E-1 7.00346E-1 6.92288E-1 6.84375E-1 6.64339E-1
6.29175E-1 6.38035E-1 6.43859E-1 6.46323E-1 6.53801E-1 6.58593E-1 6.61471E-1 6.6017E-1 6.59029E-1 6.55079E-1 6.46971E-1 6.40494E-1 6.42572E-1 6.41096E-1 6.51266E-1 6.64504E-1 6.66948E-1 6.70236E-1 6.79476E-1 6.79187E-1 6.75468E-1 6.78815E-1 6.81691E-1 6.83384E-1 6.84516E-1 6.85442E-1 6.84373E-1 6.785E-1 6.75632E-1 6.84626E-1 6.90547E-1 6.80921E-1 6.71351E-1 6.66471E-1 6.62514E-1 6.62654E-1 6.65024E-1 6.63998E-1 6.67999E-1 6.65068E-1 6.52313E-1 6.49556E-1 6.48521E-1 6.54934E-1 6.6314E-1 6.7019E-1 6.76593E-1 6.78659E-1 6.85667E-1 6.89951E-1 6.87566E-1 6.89083E-1 6.98904E-1 7.09417E-1 7.124E-1 7.12036E-1 7.01142E-1 7.01148E-1 6.91212E-1 6.90399E-1 6.60622E-1
6.45687E-1 6.46868E-1 6.51648E-1 6.58824E-1 6.61416E-1 6.63866E-1 6.67732E-1 6.73642E-1 6.68041E-1 6.60535E-1 6.50716E-1 6.45006E-1 6.45562E-1 6.50451E-1 6.64122E-1 6.78735E-1 6.81261E-1 6.82568E-1 6.89332E-1 6.96817E-1 6.95535E-1 6.92303E-1 6.98797E-1 7.0132E-1 7.04898E-1 7.04196E-1 6.99673E-1 6.94328E-1 6.94247E-1 6.96171E-1 6.99733E-1 6.94682E-1 6.84108E-1 6.78313E-1 6.77051E-1 6.79261E-1 6.80944E-1 6.79056E-1 6.76684E-1 6.69414E-1 6.62236E-1 6.50647E-1 6.59457E-1 6.67035E-1 6.6833E-1 6.77392E-1 6.80812E-1 6.8501E-1 6.92149E-1 6.9792E-1 7.00559E-1 7.01348E-1 6.945E-1 7.0181E-1 7.14578E-1 7.22412E-1 7.05677E-1 7.10486E-1 7.08252E-1 6.77626E-1 6.5964E-1
6.46886E-1 6.52747E-1 6.58126E-1 6.60936E-1 6.66263E-1 6.68338E-1 6.75362E-1 6.74273E-1 6.70817E-1 6.66589E-1 6.59563E-1 6.58886E-1 6.58475E-1 6.66971E-1 6.78672E-1 6.92811E-1 6.94964E-1 6.93982E-1 7.00651E-1 7.06029E-1 7.14102E-1 7.10827E-1 7.11759E-1 7.15191E-1 7.12088E-1 7.09099E-1 7.03964E-1 7.02814E-1 7.0348E-1 7.04098E-1 7.03988E-1 6.99152E-1 6.92476E-1 6.83355E-1 6.83677E-1 6.86732E-1 6.81443E-1 6.78462E-1 6.74752E-1 6.7266E-1 6.64651E-1 6.58341E-1 6.69343E-1 6.71316E-1 6.77954E-1 6.80176E-1 6.84863E-1 6.92996E-1 6.99855E-1 7.07664E-1 7.06574E-1 7.00738E-1 6.92283E-1 6.95891E-1 7.19745E-1 7.22974E-1 7.27365E-1 7.10553E-1 7.02646E-1 6.84085E-1 6.72316E-1
6.54446E-1 6.59786E-1 6.61781E-1 6.63051E-1 6.68165E-1 6.69418E-1 6.75495E-1 6.71799E-1 6.70671E-1 6.75419E-1 6.73056E-1 6.72241E-1 6.762E-1 6.83699E-1 6.94972E-1 7.04689E-1 7.16036E-1 7.15245E-1 7.16884E-1 7.19093E-1 7.25723E-1 7.18217E-1 7.23082E-1 7.20303E-1 7.16261E-1 7.12444E-1 7.11403E-1 7.12128E-1 7.10395E-1 7.06199E-1 7.05768E-1 7.0347E-1 7.00871E-1 6.90424E-1 6.88982E-1 6.85658E-1 6.73877E-1 6.69295E-1 6.66155E-1 6.68932E-1 6.74366E-1 6.69276E-1 6.72069E-1 6.74069E-1 6.8408E-1 6.89496E-1 6.92058E-1 6.9679E-1 7.02291E-1 7.0516E-1 7.00837E-1 6.90524E-1 6.84537E-1 6.99178E-1 7.23335E-1 7.253E-1 7.12928E-1 7.14612E-1 7.04181E-1 6.93011E-1 7.08649E-1
6.66548E-1 6.67032E-1 6.71575E-1 6.71973E-1 6.72543E-1 6.73146E-1 6.68362E-1 6.70659E-1 6.76103E-1 6.7672E-1 6.77786E-1 6.83315E-1 6.9407E-1 7.03629E-1 7.08673E-1 7.19229E-1 7.28787E-1 7.30429E-1 7.3422E-1 7.333E-1 7.38435E-1 7.3576E-1 7.34226E-1 7.29399E-1 7.22344E-1 7.19593E-1 7.13094E-1 7.11603E-1 7.11304E-1 7.1114E-1 7.08199E-1 7.09708E-1 7.03646E-1 6.90447E-1 6.81424E-1 6.76216E-1 6.67282E-1 6.64595E-1 6.62679E-1 6.70162E-1 6.72993E-1 6.74661E-1 6.79673E-1 6.81544E-1 6.87366E-1 6.92705E-1 6.97099E-1 6.9791E-1 6.93914E-1 6.981E-1 6.87676E-1 6.80016E-1 6.84256E-1 7.11407E-1 7.27317E-1 7.06784E-1 7.03907E-1 7.10171E-1 6.97581E-1 7.04015E-1 7.04989E-1
6.78433E-1 6.76716E-1 6.88706E-1 6.81398E-1 6.86559E-1 6.81084E-1 6.76969E-1 6.72898E-1 6.79939E-1 6.82458E-1 6.93423E-1 6.99699E-1 7.13991E-1 7.21811E-1 7.27536E-1 7.31931E-1 7.40084E-1 7.43541E-1 7.49563E-1 7.43465E-1 7.53881E-1 7.49112E-1 7.43456E-1 7.38934E-1 7.35179E-1 7.31287E-1 7.25931E-1 7.2211E-1 7.20053E-1 7.19634E-1 7.17518E-1 7.19527E-1 7.06393E-1 6.93214E-1 6.84992E-1 6.77689E-1 6.65982E-1 6.67242E-1 6.73246E-1 6.78467E-1 6.79315E-1 6.88878E-1 6.90846E-1 6.94559E-1 6.98047E-1 7.02518E-1 6.97925E-1 6.97299E-1 6.95225E-1 6.81789E-1 6.79889E-1 6.8263E-1 6.98122E-1 6.97834E-1 6.94395E-1 7.06277E-1 7.02522E-1 7.07243E-1 7.00484E-1 7.08771E-1 7.15861E-1
6.92189E-1 6.91971E-1 6.9695E-1 6.99509E-1 6.99643E-1 6.9317E-1 6.90899E-1 6.92041E-1 6.90919E-1 6.99042E-1 7.11329E-1 7.23165E-1 7.34199E-1 7.41175E-1 7.44808E-1 7.48988E-1 7.51526E-1 7.5101E-1 7.49661E-1 7.48193E-1 7.56084E-1 7.66763E-1 7.63837E-1 7.51104E-1 7.48326E-1 7.45632E-1 7.41611E-1 7.38603E-1 7.34781E-1 7.31354E-1 7.29192E-1 7.28801E-1 7.17708E-1 7.10088E-1 6.92194E-1 6.73727E-1 6.66948E-1 6.77409E-1 6.86731E-1 6.91033E-1 6.94901E-1 7.02336E-1 7.08554E-1 7.12795E-1 7.17203E-1 7.14197E-1 7.11179E-1 6.99439E-1 6.83791E-1 6.75684E-1 6.77195E-1 6.77018E-1 6.78223E-1 6.76727E-1 6.96226E-1 7.05351E-1 7.12973E-1 7.10942E-1 7.23139E-1 7.18395E-1 7.29644E-1
7.10491E-1 7.13721E-1 7.12699E-1 7.14947E-1 7.14801E-1 7.13271E-1 7.0999E-1 7.13E-1 7.15155E-1 7.18497E-1 7.27916E-1 7.37611E-1 7.38808E-1 7.45808E-1 7.5567E-1 7.56489E-1 7.53941E-1 7.58055E-1 7.62685E-1 7.63694E-1 7.66932E-1 7.73046E-1 7.69466E-1 7.60125E-1 7.5706E-1 7.60118E-1 7.56867E-1 7.54814E-1 7.52616E-1 7.42414E-1 7.31829E-1 7.41074E-1 7.33847E-1 7.1934E-1 7.04238E-1 6.95687E-1 6.97611E-1 6.9662E-1 7.07536E-1 7.10043E-1 7.11677E-1 7.16557E-1 7.26155E-1 7.2789E-1 7.30811E-1 7.32637E-1 7.23118E-1 7.00596E-1 6.80492E-1 6.71303E-1 6.70406E-1 6.74387E-1 6.67264E-1 6.75914E-1 7.02654E-1 7.02405E-1 7.19625E-1 7.23627E-1 7.32079E-1 7.29814E-1 7.70549E-1
7.24604E-1 7.27373E-1 7.2967E-1 7.3323E-1 7.3958E-1 7.40152E-1 7.41426E-1 7.39447E-1 7.37885E-1 7.45753E-1 7.45492E-1 7.46905E-1 7.41929E-1 7.55362E-1 7.63473E-1 7.59814E-1 7.61337E-1 7.65349E-1 7.69356E-1 7.76261E-1 7.74238E-1 7.78984E-1 7.82784E-1 7.75385E-1 7.73324E-1 7.78791E-1 7.79517E-1 7.7373E-1 7.63299E-1 7.47585E-1 7.42029E-1 7.51641E-1 7.42175E-1 7.21655E-1 7.16857E-1 7.17536E-1 7.20683E-1 7.20131E-1 7.24524E-1 7.25828E-1 7.26115E-1 7.32885E-1 7.3699E-1 7.3885E-1 7.40867E-1 7.38513E-1 7.25454E-1 7.03105E-1 6.88544E-1 6.75733E-1 6.68254E-1 6.6145E-1 6.70086E-1 6.87371E-1 7.10461E-1 7.21947E-1 7.23489E-1 7.29592E-1 7.47738E-1 7.59386E-1 7.52411E-1
7.27516E-1 7.27743E-1 7.40371E-1 7.47257E-1 7.53365E-1 7.57572E-1 7.55867E-1 7.59759E-1 7.58478E-1 7.59672E-1 7.64925E-1 7.57395E-1 7.60993E-1 7.71349E-1 7.69955E-1 7.68013E-1 7.66681E-1 7.69409E-1 7.73788E-1 7.78286E-1 7.84297E-1 7.8659E-1 7.87831E-1 7.87018E-1 7.9328E-1 8.01426E-1 8.00064E-1 7.91651E-1 7.83933E-1 7.66585E-1 7.57362E-1 7.58411E-1 7.43596E-1 7.34418E-1 7.38012E-1 7.37722E-1 7.36899E-1 7.40423E-1 7.46378E-1 7.4505E-1 7.44101E-1 7.39214E-1 7.38889E-1 7.41728E-1 7.42746E-1 7.37838E-1 7.21148E-1 7.05646E-1 6.92984E-1 6.75742E-1 6.73178E-1 6.72959E-1 7.02583E-1 7.05209E-1 7.1802E-1 7.36855E-1 7.43049E-1 7.50058E-1 7.63067E-1 7.55828E-1 7.55227E-1
7.31588E-1 7.38029E-1 7.53513E-1 7.6285E-1 7.72804E-1 7.76982E-1 7.73791E-1 7.74472E-1 7.77248E-1 7.76427E-1 7.76777E-1 7.78348E-1 7.78768E-1 7.80319E-1 7.81033E-1 7.73753E-1 7.72985E-1 7.71699E-1 7.76984E-1 7.89469E-1 7.89481E-1 7.87879E-1 7.91122E-1 7.9185E-1 8.09122E-1 8.09813E-1 8.09895E-1 8.00551E-1 7.86167E-1 7.78212E-1 7.69983E-1 7.54638E-1 7.44512E-1 7.4637E-1 7.52744E-1 7.55381E-1 7.51399E-1 7.57185E-1 7.57716E-1 7.59892E-1 7.57374E-1 7.47117E-1 7.38645E-1 7.35628E-1 7.37013E-1 7.36811E-1 7.23674E-1 7.12479E-1 6.9922E-1 6.87792E-1 6.90336E-1 6.89643E-1 6.94553E-1 7.10138E-1 7.36656E-1 7.58007E-1 7.62479E-1 7.61547E-1 7.62131E-1 7.60357E-1 7.59309E-1
7.39102E-1 7.53269E-1 7.60659E-1 7.80615E-1 7.91657E-1 7.94285E-1 7.97072E-1 7.97431E-1 7.88478E-1 7.81131E-1 7.81387E-1 7.85812E-1 7.87295E-1 7.88167E-1 7.83974E-1 7.81914E-1 7.79351E-1 7.76564E-1 7.80564E-1 7.94842E-1 8.03056E-1 8.05745E-1 8.08819E-1 8.12812E-1 8.15381E-1 8.17941E-1 8.15309E-1 8.06847E-1 7.97058E-1 7.88144E-1 7.81205E-1 7.54709E-1 7.53182E-1 7.59921E-1 7.66299E-1 7.68445E-1 7.71063E-1 7.74423E-1 7.68981E-1 7.62969E-1 7.51334E-1 7.44322E-1 7.41524E-1 7.38993E-1 7.34504E-1 7.31749E-1 7.28111E-1 7.22481E-1 7.0863E-1 6.95825E-1 6.95852E-1 6.94204E-1 7.08378E-1 7.20652E-1 7.45652E-1 7.68401E-1 7.66794E-1 7.74846E-1 7.90474E-1 7.77497E-1 7.71128E-1
7.3996E-1 7.65521E-1 7.78786E-1 7.94374E-1 8.01067E-1 8.04391E-1 8.14558E-1 8.13396E-1 7.9916E-1 7.76163E-1 7.80342E-1 7.83085E-1 7.86875E-1 7.8517E-1 7.82484E-1 7.87045E-1 7.8015E-1 7.82819E-1 7.87679E-1 8.05455E-1 8.13418E-1 8.15816E-1 8.24573E-1 8.27232E-1 8.25936E-1 8.33425E-1 8.3144E-1 8.16925E-1 8.1059E-1 7.97868E-1 7.90945E-1 7.82822E-1 7.72918E-1 7.78559E-1 7.88653E-1 7.866E-1 7.87443E-1 7.83476E-1 7.80321E-1 7.6747E-1 7.58893E-1 7.41666E-1 7.36156E-1 7.40511E-1 7.45807E-1 7.43425E-1 7.31139E-1 7.27431E-1 7.05676E-1 6.97896E-1 6.98824E-1 7.08207E-1 7.28798E-1 7.43713E-1 7.6729E-1 7.7838E-1 7.7517E-1 7.75444E-1 7.78151E-1 7.7968E-1 7.74622E-1
7.59491E-1 7.79218E-1 7.9388E-1 8.01782E-1 8.08192E-1 8.11629E-1 8.12048E-1 8.15675E-1 8.03058E-1 7.85919E-1 7.81783E-1 7.80317E-1 7.79121E-1 7.77183E-1 7.79593E-1 7.82223E-1 7.87037E-1 7.91028E-1 8.00824E-1 8.18452E-1 8.20301E-1 8.20664E-1 8.23665E-1 8.24571E-1 8.2851E-1 8.30124E-1 8.272E-1 8.22615E-1 8.15831E-1 8.04473E-1 7.92924E-1 7.86797E-1 7.8984E-1 7.92689E-1 7.91071E-1 7.92785E-1 7.84223E-1 7.74404E-1 7.71188E-1 7.67531E-1 7.44943E-1 7.34602E-1 7.35487E-1 7.39654E-1 7.37397E-1 7.38783E-1 7.54711E-1 7.5121E-1 7.37147E-1 7.27319E-1 7.21616E-1 7.31605E-1 7.45417E-1 7.6996E-1 8.02283E-1 7.86589E-1 7.74531E-1 7.78144E-1 7.74812E-1 7.80023E-1 7.81176E-1
7.79588E-1 7.91943E-1 8.02236E-1 8.08759E-1 8.13766E-1 8.14482E-1 8.10947E-1 8.17284E-1 8.04094E-1 7.92804E-1 7.86171E-1 7.81536E-1 7.76695E-1 7.72852E-1 7.7589E-1 7.78344E-1 7.84391E-1 7.96639E-1 8.13857E-1 8.23241E-1 8.21949E-1 8.21321E-1 8.25465E-1 8.33154E-1 8.34032E-1 8.27482E-1 8.31961E-1 8.24104E-1 8.17867E-1 8.15682E-1 8.09426E-1 7.94985E-1 7.9946E-1 7.95452E-1 7.86305E-1 7.81218E-1 7.73028E-1 7.67665E-1 7.65399E-1 7.59858E-1 7.41726E-1 7.31024E-1 7.34482E-1 7.42448E-1 7.64487E-1 7.77067E-1 7.82888E-1 7.69994E-1 7.58783E-1 7.48356E-1 7.5293E-1 7.6662E-1 7.79006E-1 7.95373E-1 7.91201E-1 7.7888E-1 7.76423E-1 7.74218E-1 7.79752E-1 7.84669E-1 7.83489E-1
7.95753E-1 8.02404E-1 8.11224E-1 8.12598E-1 8.11696E-1 8.07044E-1 8.08334E-1 8.17964E-1 8.04008E-1 7.93275E-1 7.88268E-1 7.8247E-1 7.76018E-1 7.7481E-1 7.75838E-1 7.79038E-1 7.83949E-1 7.95023E-1 8.07261E-1 8.16667E-1 8.23671E-1 8.23143E-1 8.25192E-1 8.30012E-1 8.30343E-1 8.30008E-1 8.25815E-1 8.19979E-1 8.16751E-1 8.12715E-1 8.10145E-1 7.98281E-1 7.98189E-1 7.90764E-1 7.84642E-1 7.79678E-1 7.74566E-1 7.66189E-1 7.61388E-1 7.54422E-1 7.30846E-1 7.3283E-1 7.39828E-1 7.70753E-1 7.82957E-1 7.88577E-1 7.9823E-1 7.97374E-1 7.98609E-1 7.918E-1 7.87144E-1 7.85804E-1 7.94241E-1 7.96773E-1 7.90897E-1 7.77217E-1 7.74815E-1 7.79405E-1 7.83577E-1 7.86718E-1 7.89477E-1
8.02503E-1 8.06872E-1 8.10615E-1 8.14072E-1 8.08731E-1 8.05968E-1 8.04187E-1 8.08186E-1 8.04853E-1 7.96063E-1 7.9437E-1 7.92592E-1 7.80461E-1 7.75743E-1 7.79374E-1 7.85224E-1 7.95422E-1 7.95898E-1 8.02777E-1 8.12426E-1 8.16327E-1 8.21311E-1 8.228E-1 8.26889E-1 8.32625E-1 8.30944E-1 8.22423E-1 8.16132E-1 8.15007E-1 8.15764E-1 8.09796E-1 7.92778E-1 7.94897E-1 7.90074E-1 7.85913E-1 7.88759E-1 7.79751E-1 7.61239E-1 7.52929E-1 7.36521E-1 7.22977E-1 7.43122E-1 7.65164E-1 7.94372E-1 7.90016E-1 7.96105E-1 8.096E-1 8.244E-1 8.14799E-1 8.07405E-1 8.07258E-1 8.03977E-1 8.0374E-1 7.96791E-1 7.84692E-1 7.80707E-1 7.7976E-1 7.86542E-1 7.86728E-1 7.9249E-1 7.96278E-1
8.02509E-1 8.08193E-1 8.13249E-1 8.13755E-1 8.11003E-1 8.07508E-1 8.05533E-1 8.04507E-1 8.0514E-1 7.94377E-1 7.99879E-1 7.99095E-1 7.88469E-1 7.80836E-1 7.87587E-1 7.98111E-1 8.02428E-1 7.97711E-1 8.08107E-1 8.11404E-1 8.14506E-1 8.21655E-1 8.19393E-1 8.28416E-1 8.32408E-1 8.28789E-1 8.22141E-1 8.17619E-1 8.07775E-1 8.07529E-1 7.87827E-1 7.77058E-1 7.85995E-1 7.80206E-1 7.83236E-1 7.87584E-1 7.69907E-1 7.64949E-1 7.46451E-1 7.59718E-1 7.8885E-1 7.8968E-1 7.98024E-1 8.05084E-1 7.91782E-1 8.11727E-1 8.22678E-1 8.22217E-1 8.2173E-1 8.25325E-1 8.17069E-1 8.10697E-1 8.07285E-1 8.07142E-1 7.97391E-1 7.87784E-1 7.90196E-1 7.96884E-1 7.94755E-1 7.97176E-1 8.0993E-1
