maxent_outputs/red_flowers_linear/red_101.asc
ncols         426
nrows         180
xllcorner     -130.0
yllcorner     24.0
cellsize      0.16666666666666666
NODATA_value  -9999
[rows 0 to 26 of 180, columns 305 to 365 of 426]
2.90658E-2 2.61581E-2 2.59154E-2 2.4565E-2 2.48832E-2 2.52808E-2 2.64416E-2 2.78379E-2 2.88854E-2 2.94229E-2 2.9977E-2 3.00838E-2 3.0547E-2 3.26055E-2 3.55592E-2 4.34266E-2 4.56334E-2 3.86694E-2 3.70467E-2 3.54321E-2 3.76369E-2 4.3555E-2 4.68324E-2 4.56409E-2 4.19695E-2 3.48952E-2 3.4493E-2 3.6126E-2 3.84081E-2 3.42516E-2 3.2728E-2 3.48302E-2 3.16475E-2 3.34845E-2 4.51543E-2 4.24673E-2 4.06162E-2 3.2474E-2 3.1095E-2 3.20569E-2 3.11751E-2 3.02374E-2 3.08107E-2 3.2416E-2 3.16338E-2 2.97357E-2 2.93909E-2 3.03572E-2 2.93904E-2 2.99389E-2 3.08029E-2 3.10703E-2 3.07545E-2 3.2634E-2 3.30371E-2 3.23083E-2 3.64878E-2 3.42716E-2 3.22959E-2 3.32239E-2 3.50019E-2
3.06106E-2 2.59204E-2 2.7179E-2 2.55816E-2 2.50383E-2 2.53535E-2 2.73568E-2 2.90339E-2 2.98006E-2 3.44166E-2 4.25566E-2 5.19273E-2 5.22538E-2 5.58087E-2 5.07559E-2 4.22573E-2 4.27658E-2 3.84312E-2 3.83672E-2 4.01932E-2 4.60498E-2 5.31076E-2 5.69037E-2 5.00854E-2 4.64104E-2 4.58663E-2 4.05364E-2 3.62305E-2 3.4722E-2 3.47742E-2 3.34845E-2 3.34585E-2 3.19882E-2 3.13275E-2 3.18932E-2 3.19075E-2 3.09977E-2 3.07826E-2 3.13763E-2 3.14934E-2 3.07632E-2 3.12377E-2 3.09199E-2 3.16954E-2 3.17151E-2 3.08111E-2 3.04409E-2 3.11304E-2 3.00619E-2 3.05997E-2 3.05092E-2 3.16718E-2 3.21593E-2 3.29889E-2 3.23274E-2 3.19204E-2 3.19269E-2 3.22656E-2 3.21763E-2 3.34881E-2 3.45776E-2
4.16298E-2 2.74415E-2 2.50948E-2 2.48283E-2 2.58583E-2 2.65888E-2 2.88408E-2 2.9441E-2 2.92745E-2 2.9571E-2 4.16953E-2 4.67236E-2 4.93293E-2 4.77658E-2 4.49861E-2 5.07084E-2 4.70965E-2 4.14544E-2 3.74472E-2 4.09244E-2 5.00763E-2 4.56606E-2 4.30343E-2 3.88929E-2 3.69923E-2 3.78415E-2 3.66368E-2 3.58756E-2 3.49178E-2 3.54026E-2 3.36571E-2 3.21311E-2 3.28385E-2 3.31751E-2 3.32076E-2 3.17407E-2 3.10469E-2 3.07418E-2 3.09441E-2 3.15755E-2 3.10778E-2 3.12715E-2 3.13675E-2 3.26828E-2 3.26173E-2 3.07702E-2 3.0626E-2 3.07431E-2 3.16051E-2 3.15758E-2 3.03986E-2 3.06705E-2 3.04317E-2 3.11429E-2 3.28638E-2 3.25091E-2 3.28065E-2 3.32043E-2 3.33846E-2 3.45933E-2 3.46147E-2
3.20754E-2 2.7757E-2 2.5765E-2 2.5282E-2 2.5828E-2 2.70623E-2 2.93707E-2 3.04965E-2 2.96438E-2 3.0205E-2 3.11893E-2 3.13008E-2 3.25199E-2 3.54044E-2 3.91378E-2 4.53171E-2 3.98801E-2 3.77295E-2 3.79866E-2 4.25768E-2 4.19378E-2 3.78666E-2 3.79489E-2 3.52884E-2 3.57355E-2 3.54085E-2 3.55554E-2 3.59544E-2 3.43833E-2 3.44712E-2 3.54282E-2 3.42513E-2 3.28258E-2 3.33789E-2 3.27502E-2 3.33508E-2 3.33571E-2 3.54004E-2 3.26047E-2 3.24144E-2 3.32066E-2 3.25457E-2 3.11792E-2 3.28014E-2 3.20281E-2 3.08039E-2 3.20468E-2 3.11439E-2 3.1456E-2 3.23848E-2 3.00902E-2 2.97737E-2 3.06788E-2 3.14532E-2 3.28011E-2 3.39826E-2 3.3753E-2 3.4506E-2 3.48498E-2 3.50417E-2 3.66017E-2
8.29947E-2 2.89962E-2 2.69577E-2 2.65387E-2 2.68224E-2 2.66021E-2 2.75385E-2 2.95053E-2 3.04385E-2 3.13966E-2 3.11839E-2 3.09104E-2 3.23592E-2 3.72101E-2 4.58008E-2 3.92499E-2 3.73087E-2 3.67269E-2 3.62624E-2 3.64195E-2 3.56227E-2 3.58153E-2 3.79184E-2 3.60616E-2 3.62236E-2 3.67118E-2 3.93773E-2 3.45251E-2 3.45163E-2 3.42391E-2 3.40627E-2 3.4448E-2 3.47959E-2 3.43232E-2 3.38441E-2 3.30779E-2 3.33168E-2 3.33818E-2 3.28841E-2 3.30548E-2 3.2936E-2 3.20645E-2 3.1889E-2 3.20655E-2 3.15792E-2 3.17213E-2 3.19686E-2 3.14606E-2 3.1168E-2 3.35074E-2 3.02635E-2 3.10937E-2 3.19748E-2 3.2648E-2 3.39576E-2 3.41951E-2 3.47043E-2 3.55612E-2 3.63932E-2 3.77643E-2 3.75694E-2
8.69005E-2 3.07002E-2 2.85333E-2 2.71504E-2 2.7711E-2 2.82402E-2 2.77351E-2 2.95628E-2 3.05479E-2 3.1051E-2 3.17719E-2 3.21754E-2 3.19045E-2 3.75248E-2 4.05248E-2 3.74348E-2 3.54328E-2 3.53276E-2 3.51695E-2 3.62009E-2 3.72394E-2 3.66782E-2 3.65445E-2 3.68208E-2 3.61107E-2 3.51322E-2 3.52942E-2 3.50048E-2 3.52954E-2 3.43081E-2 3.33715E-2 3.36248E-2 3.36752E-2 3.3156E-2 3.31168E-2 3.34874E-2 3.30997E-2 3.24196E-2 3.3035E-2 3.32006E-2 3.29328E-2 3.25591E-2 3.29624E-2 3.31101E-2 3.25224E-2 3.16842E-2 3.21344E-2 3.24846E-2 3.41382E-2 3.48729E-2 3.2726E-2 3.1853E-2 3.20337E-2 3.25777E-2 3.44852E-2 3.56023E-2 3.48576E-2 3.47609E-2 3.53061E-2 3.63007E-2 3.78895E-2
3.14366E-1 4.01824E-2 2.92853E-2 2.7742E-2 2.70593E-2 2.75866E-2 2.84226E-2 2.96406E-2 3.02377E-2 3.1368E-2 3.2467E-2 3.285E-2 3.38986E-2 3.76746E-2 3.98508E-2 3.72591E-2 3.69149E-2 3.72304E-2 3.78986E-2 3.61044E-2 3.603E-2 3.7053E-2 3.69496E-2 3.59172E-2 3.48964E-2 3.48147E-2 3.52904E-2 3.56605E-2 3.61722E-2 3.55122E-2 3.45786E-2 3.50353E-2 3.51374E-2 3.51854E-2 3.50624E-2 3.4973E-2 3.43442E-2 3.39207E-2 3.41284E-2 3.43328E-2 3.43839E-2 3.3349E-2 3.40385E-2 3.34648E-2 3.26541E-2 3.33519E-2 3.19996E-2 3.24587E-2 3.27697E-2 3.26105E-2 3.63721E-2 4.02912E-2 3.29397E-2 3.35527E-2 3.47166E-2 3.58911E-2 3.54275E-2 3.5778E-2 3.58408E-2 3.57419E-2 3.81773E-2
4.02525E-1 5.84048E-2 3.05231E-2 2.84736E-2 2.7951E-2 2.76595E-2 2.81378E-2 2.91877E-2 3.06981E-2 3.56986E-2 3.48027E-2 3.34527E-2 3.45776E-2 3.59978E-2 3.82391E-2 4.03454E-2 3.91972E-2 3.93001E-2 4.0419E-2 3.61076E-2 3.69153E-2 3.73257E-2 3.77521E-2 3.74636E-2 3.65449E-2 3.73207E-2 3.72582E-2 3.74967E-2 3.59468E-2 3.62937E-2 3.62875E-2 3.70574E-2 3.67123E-2 3.61815E-2 3.60696E-2 3.65564E-2 3.5872E-2 3.55073E-2 3.48309E-2 3.43686E-2 3.43387E-2 3.40562E-2 3.39257E-2 3.29949E-2 3.2794E-2 3.31759E-2 3.25021E-2 3.25499E-2 3.17436E-2 3.31312E-2 3.5162E-2 3.69698E-2 3.38145E-2 3.32356E-2 3.32918E-2 3.53393E-2 3.54438E-2 3.60167E-2 3.64055E-2 3.70397E-2 3.8298E-2
3.75365E-1 3.98088E-1 3.26039E-2 3.02075E-2 3.14508E-2 3.00866E-2 3.03124E-2 2.98841E-2 3.21145E-2 3.26359E-2 3.30039E-2 3.34242E-2 3.48247E-2 3.3631E-2 3.44923E-2 4.63984E-2 4.41183E-2 4.94836E-2 4.43605E-2 3.85949E-2 3.79601E-2 4.02097E-2 4.00567E-2 3.96798E-2 3.92567E-2 3.92748E-2 3.94106E-2 3.87568E-2 3.82351E-2 3.81491E-2 3.80979E-2 3.68565E-2 3.55855E-2 3.65294E-2 3.76122E-2 3.7528E-2 3.6925E-2 3.72695E-2 3.68036E-2 3.52848E-2 3.53895E-2 3.57744E-2 3.55038E-2 3.44111E-2 3.36753E-2 3.29063E-2 3.20149E-2 3.22134E-2 3.28713E-2 3.20487E-2 3.46542E-2 3.53321E-2 3.42131E-2 3.48727E-2 3.48916E-2 3.50805E-2 3.50072E-2 3.64147E-2 3.65006E-2 3.78315E-2 3.7903E-2
4.00149E-1 -9999 5.21878E-2 3.74589E-2 3.43481E-2 3.44381E-2 3.45316E-2 3.23534E-2 3.39116E-2 3.57731E-2 3.67778E-2 3.41613E-2 3.61565E-2 3.60971E-2 3.96692E-2 4.65326E-2 4.55991E-2 4.25546E-2 3.89236E-2 3.76024E-2 3.79064E-2 3.86835E-2 3.86316E-2 3.89616E-2 3.895E-2 3.84192E-2 3.843E-2 3.86682E-2 3.97249E-2 3.93855E-2 3.91465E-2 3.73881E-2 3.69203E-2 3.83689E-2 3.78906E-2 3.827E-2 3.86553E-2 3.73924E-2 3.67851E-2 3.60385E-2 3.66431E-2 3.64827E-2 3.70342E-2 3.76335E-2 3.58193E-2 3.54924E-2 3.55527E-2 3.41628E-2 3.37847E-2 3.59199E-2 3.67079E-2 3.78853E-2 3.76671E-2 3.81063E-2 3.68372E-2 3.64618E-2 3.57381E-2 3.65884E-2 3.78805E-2 4.0003E-2 4.14695E-2
4.00796E-1 -9999 -9999 3.63137E-2 3.75157E-2 3.51202E-2 3.30812E-2 3.42541E-2 3.70177E-2 3.71973E-2 3.68349E-2 3.6192E-2 3.54151E-2 3.59266E-2 3.68946E-2 4.11728E-2 4.04972E-2 3.80302E-2 3.78452E-2 3.78767E-2 3.85076E-2 3.98764E-2 4.06601E-2 4.04244E-2 3.9308E-2 3.88197E-2 4.00036E-2 3.98926E-2 3.86881E-2 3.88972E-2 3.79027E-2 3.83665E-2 3.86661E-2 3.8575E-2 3.90598E-2 3.93496E-2 3.88168E-2 3.81729E-2 3.87772E-2 3.84826E-2 3.85757E-2 3.79938E-2 3.78007E-2 3.82775E-2 3.75573E-2 3.80454E-2 3.57602E-2 3.61137E-2 3.53415E-2 3.48244E-2 3.59426E-2 3.79918E-2 3.65466E-2 3.64821E-2 3.6067E-2 3.59847E-2 3.54131E-2 3.66497E-2 3.78977E-2 4.05039E-2 4.22575E-2
3.77116E-2 1.05262E-1 5.25387E-2 3.91928E-2 3.85931E-2 3.75905E-2 3.6178E-2 3.88599E-2 3.81908E-2 3.69848E-2 3.76704E-2 3.7563E-2 3.96255E-2 3.89246E-2 3.86354E-2 3.81365E-2 3.68941E-2 3.78289E-2 4.18408E-2 4.46908E-2 4.32569E-2 4.03611E-2 3.87214E-2 3.86891E-2 3.90621E-2 4.08148E-2 4.05739E-2 3.97445E-2 3.91552E-2 3.84954E-2 3.92803E-2 3.89345E-2 3.91989E-2 3.93128E-2 3.92102E-2 3.94505E-2 4.06818E-2 4.09075E-2 4.07744E-2 4.10738E-2 4.17458E-2 3.96182E-2 4.03729E-2 3.96053E-2 3.7977E-2 3.65806E-2 3.41924E-2 3.48475E-2 3.50361E-2 3.48762E-2 3.53365E-2 3.58117E-2 3.63503E-2 3.49462E-2 3.72536E-2 3.71808E-2 3.90457E-2 3.94188E-2 3.92109E-2 3.99225E-2 4.06095E-2
4.00891E-1 4.50361E-2 4.4401E-2 4.09823E-2 3.824E-2 3.70674E-2 3.67663E-2 3.65793E-2 3.57018E-2 3.57259E-2 3.7228E-2 3.65308E-2 3.66433E-2 3.66195E-2 3.68771E-2 3.73498E-2 3.69972E-2 3.7243E-2 3.83363E-2 4.12586E-2 4.14699E-2 4.08872E-2 4.12279E-2 4.13046E-2 4.0972E-2 4.09985E-2 4.11047E-2 4.08159E-2 4.0007E-2 3.9846E-2 3.84392E-2 3.91835E-2 3.90897E-2 4.0348E-2 3.98149E-2 4.0359E-2 4.11505E-2 4.16854E-2 4.36885E-2 4.27768E-2 4.11216E-2 4.2113E-2 4.06726E-2 3.99389E-2 3.84533E-2 3.70568E-2 3.41165E-2 3.4956E-2 3.68912E-2 3.42518E-2 3.8439E-2 3.95483E-2 3.74604E-2 3.82169E-2 3.73027E-2 3.96744E-2 4.01611E-2 3.95811E-2 3.9187E-2 3.98958E-2 4.21453E-2
6.59534E-2 4.41422E-2 4.55487E-2 4.15181E-2 4.00004E-2 3.74516E-2 3.72416E-2 3.96467E-2 3.89114E-2 3.79544E-2 3.70069E-2 3.73169E-2 4.07872E-2 3.97062E-2 3.7745E-2 3.72171E-2 3.75619E-2 3.90277E-2 3.9188E-2 4.10922E-2 4.04908E-2 4.05691E-2 4.03229E-2 4.2359E-2 4.23411E-2 4.08154E-2 4.0934E-2 4.10465E-2 4.08692E-2 3.98195E-2 3.99446E-2 4.19102E-2 4.2071E-2 4.23024E-2 4.12109E-2 4.07606E-2 4.14355E-2 4.4176E-2 4.82731E-2 4.5659E-2 4.32604E-2 4.10016E-2 4.06344E-2 3.83667E-2 3.77086E-2 3.7279E-2 3.6036E-2 3.67916E-2 3.61865E-2 3.77659E-2 3.77856E-2 3.70803E-2 3.68114E-2 4.05369E-2 4.99186E-2 3.87979E-2 3.98296E-2 4.18327E-2 4.24253E-2 4.22983E-2 4.70836E-2
6.49926E-2 4.77475E-2 5.24286E-2 4.0106E-2 3.93276E-2 3.78682E-2 3.81254E-2 4.20343E-2 4.06818E-2 3.89436E-2 3.94866E-2 4.09769E-2 4.18275E-2 4.07722E-2 3.96508E-2 3.96651E-2 4.0132E-2 3.90587E-2 3.99964E-2 4.17022E-2 4.0518E-2 4.1134E-2 4.15625E-2 4.24969E-2 4.23191E-2 4.1991E-2 4.16622E-2 4.16538E-2 4.18559E-2 4.12069E-2 4.14887E-2 4.20509E-2 4.2362E-2 4.24102E-2 4.19808E-2 4.06199E-2 4.12616E-2 4.32311E-2 4.20635E-2 4.0899E-2 4.12449E-2 4.17257E-2 4.09452E-2 4.03564E-2 3.95923E-2 3.99122E-2 3.91016E-2 3.84334E-2 3.83369E-2 3.87779E-2 3.74033E-2 3.8472E-2 3.90637E-2 3.93286E-2 4.50738E-2 4.0694E-2 4.06991E-2 4.24844E-2 4.2714E-2 4.57531E-2 5.99458E-2
4.79448E-2 5.87928E-2 5.13173E-2 4.39436E-2 4.22955E-2 4.18043E-2 4.2409E-2 4.34541E-2 4.23908E-2 4.00677E-2 4.15612E-2 4.23378E-2 4.14127E-2 4.2331E-2 4.41654E-2 4.07726E-2 4.20281E-2 4.0784E-2 4.11375E-2 4.27078E-2 4.38078E-2 4.41037E-2 4.4843E-2 4.65614E-2 4.62041E-2 4.57358E-2 4.46113E-2 4.30376E-2 4.26358E-2 4.21863E-2 4.15256E-2 4.20804E-2 4.21725E-2 4.31344E-2 4.17238E-2 4.0902E-2 4.35445E-2 4.26505E-2 4.09928E-2 4.17848E-2 4.21278E-2 4.19811E-2 4.1721E-2 4.01646E-2 4.06007E-2 3.88026E-2 4.04666E-2 3.87072E-2 3.97185E-2 3.99533E-2 4.02921E-2 4.0841E-2 4.13059E-2 4.05072E-2 4.12961E-2 4.18069E-2 4.15507E-2 4.37484E-2 4.48582E-2 4.64197E-2 6.18159E-2
4.77626E-2 5.39163E-2 5.05329E-2 4.30073E-2 4.38918E-2 4.48831E-2 4.37537E-2 4.15238E-2 4.4409E-2 4.79241E-2 4.54569E-2 4.43245E-2 4.52157E-2 4.51375E-2 4.1333E-2 4.1005E-2 4.32511E-2 4.34999E-2 4.32329E-2 4.42905E-2 4.4788E-2 4.55665E-2 4.57189E-2 4.54153E-2 4.47376E-2 4.34521E-2 4.40392E-2 4.45648E-2 4.46507E-2 4.27464E-2 4.2696E-2 4.17741E-2 4.13179E-2 4.17122E-2 4.77265E-2 6.57907E-2 6.43475E-2 5.40817E-2 4.5968E-2 4.09122E-2 4.23083E-2 4.30156E-2 4.21761E-2 4.2583E-2 4.05156E-2 3.91316E-2 3.98628E-2 3.94317E-2 4.02241E-2 4.06126E-2 3.79369E-2 4.01505E-2 4.55267E-2 4.53323E-2 4.08003E-2 4.27058E-2 4.44764E-2 4.38979E-2 4.54323E-2 4.58688E-2 5.25716E-2
4.78195E-2 4.59589E-2 4.70307E-2 4.42499E-2 4.68999E-2 4.7391E-2 4.36643E-2 4.42658E-2 4.61625E-2 4.92055E-2 4.58267E-2 4.5143E-2 4.61486E-2 4.47637E-2 4.18384E-2 4.3551E-2 4.5149E-2 4.50755E-2 4.25956E-2 4.44408E-2 4.39095E-2 4.50648E-2 4.73478E-2 4.41161E-2 4.30754E-2 4.29659E-2 4.34117E-2 4.39636E-2 4.39088E-2 4.42719E-2 4.42339E-2 4.38725E-2 4.21629E-2 5.57954E-2 7.96749E-2 6.11567E-2 5.30934E-2 4.90577E-2 4.29791E-2 4.26319E-2 4.36495E-2 4.35889E-2 4.28241E-2 4.23408E-2 4.15646E-2 4.19778E-2 4.0473E-2 4.01024E-2 3.98687E-2 3.98922E-2 3.78517E-2 3.8959E-2 4.26683E-2 4.58086E-2 4.36658E-2 4.47411E-2 4.6911E-2 4.6521E-2 4.96593E-2 4.63132E-2 4.76034E-2
4.5946E-2 4.37372E-2 4.44928E-2 4.53949E-2 4.87439E-2 5.01475E-2 5.08083E-2 5.13789E-2 5.22207E-2 4.97488E-2 4.93309E-2 5.01989E-2 5.35539E-2 5.5391E-2 4.99599E-2 4.6163E-2 4.51677E-2 4.78209E-2 4.68303E-2 4.46528E-2 4.45039E-2 4.46313E-2 4.57264E-2 4.55342E-2 4.44108E-2 4.42256E-2 4.41125E-2 4.71764E-2 4.60869E-2 4.61962E-2 4.39136E-2 4.65225E-2 7.57285E-2 7.62026E-2 5.65877E-2 5.09696E-2 4.23136E-2 4.27437E-2 4.42235E-2 4.7062E-2 4.3427E-2 4.38444E-2 4.24567E-2 4.235E-2 4.16741E-2 4.29334E-2 4.10236E-2 3.80292E-2 3.81153E-2 3.86679E-2 3.86717E-2 3.83825E-2 4.36631E-2 4.38424E-2 4.45468E-2 4.76926E-2 4.88932E-2 4.75171E-2 4.74859E-2 4.78769E-2 4.83604E-2
4.29033E-2 4.42418E-2 4.50334E-2 4.76487E-2 4.89723E-2 5.04957E-2 5.08294E-2 5.10053E-2 4.90845E-2 4.7144E-2 4.7732E-2 4.82335E-2 5.01242E-2 5.20126E-2 4.7038E-2 4.60014E-2 4.83288E-2 4.64378E-2 4.44931E-2 4.42471E-2 4.30174E-2 4.34534E-2 4.39716E-2 4.51826E-2 4.44547E-2 4.50719E-2 4.62274E-2 4.72878E-2 4.64251E-2 4.64112E-2 4.50542E-2 5.61506E-2 6.99775E-2 5.06389E-2 4.58711E-2 4.5075E-2 4.40857E-2 4.37401E-2 4.54819E-2 4.48048E-2 4.39409E-2 4.33461E-2 4.29781E-2 4.22728E-2 4.28877E-2 4.20327E-2 4.22417E-2 3.98804E-2 4.01856E-2 4.45664E-2 4.62577E-2 4.14765E-2 4.05184E-2 4.57538E-2 4.63565E-2 5.03397E-2 4.83949E-2 4.80576E-2 4.79858E-2 4.67217E-2 4.90725E-2
4.36268E-2 4.48295E-2 4.36826E-2 4.89037E-2 4.99426E-2 5.08113E-2 5.06292E-2 5.0161E-2 4.97155E-2 4.72632E-2 4.5945E-2 4.64355E-2 4.74389E-2 4.6439E-2 4.6625E-2 4.84846E-2 4.78439E-2 4.55021E-2 4.68482E-2 4.7355E-2 4.48523E-2 4.53145E-2 4.60508E-2 4.78393E-2 4.61554E-2 4.71637E-2 4.72312E-2 4.65921E-2 4.6851E-2 4.60443E-2 4.57339E-2 6.1161E-2 4.96053E-2 4.61692E-2 4.73989E-2 4.74648E-2 4.52676E-2 4.49368E-2 4.65409E-2 4.5987E-2 4.49498E-2 4.45857E-2 4.36033E-2 4.3323E-2 4.32049E-2 4.29902E-2 4.29532E-2 4.22284E-2 4.19184E-2 4.22127E-2 4.77329E-2 4.4559E-2 4.09333E-2 4.32735E-2 4.59512E-2 5.12395E-2 5.47457E-2 4.99479E-2 4.99057E-2 4.81875E-2 4.68549E-2
4.403E-2 4.4275E-2 4.46053E-2 4.75123E-2 4.90981E-2 4.89596E-2 4.87547E-2 4.94654E-2 4.88636E-2 4.6272E-2 4.50525E-2 4.70689E-2 4.7015E-2 4.73872E-2 4.64479E-2 4.459E-2 4.54263E-2 4.55385E-2 4.70302E-2 4.7409E-2 4.51038E-2 4.49333E-2 4.7142E-2 4.82741E-2 4.66941E-2 4.90295E-2 4.70024E-2 4.74312E-2 4.70271E-2 4.81772E-2 4.65706E-2 5.22346E-2 4.83878E-2 4.73021E-2 4.76583E-2 4.69165E-2 4.61274E-2 4.75291E-2 4.77965E-2 4.77992E-2 4.52755E-2 4.5494E-2 4.49053E-2 4.56672E-2 4.5288E-2 4.41547E-2 4.29808E-2 4.25978E-2 4.21596E-2 4.253E-2 4.27878E-2 4.25886E-2 4.3026E-2 4.4995E-2 4.37969E-2 4.82063E-2 5.21238E-2 5.03611E-2 5.06716E-2 5.33238E-2 5.02031E-2
4.5615E-2 4.536E-2 4.64565E-2 4.726E-2 4.65377E-2 4.8068E-2 4.74551E-2 4.72437E-2 4.66825E-2 4.73774E-2 5.04647E-2 4.67423E-2 4.63188E-2 4.94014E-2 4.79099E-2 4.43554E-2 4.46871E-2 4.48557E-2 4.47041E-2 4.53478E-2 4.51208E-2 4.59817E-2 4.56505E-2 4.70075E-2 4.64524E-2 4.63686E-2 4.64098E-2 4.63185E-2 4.67976E-2 4.76889E-2 4.71697E-2 4.96929E-2 4.80504E-2 4.80145E-2 4.72945E-2 4.6985E-2 4.72466E-2 4.81223E-2 4.6611E-2 4.59251E-2 4.7813E-2 4.66842E-2 4.51146E-2 4.59803E-2 4.63945E-2 4.5463E-2 4.54518E-2 4.67256E-2 4.47474E-2 4.52979E-2 4.34089E-2 4.44047E-2 4.45278E-2 4.66046E-2 4.69963E-2 4.92147E-2 5.48808E-2 5.69155E-2 5.44248E-2 6.03902E-2 5.60885E-2
4.63306E-2 4.61702E-2 4.56033E-2 4.63822E-2 4.62693E-2 4.67303E-2 4.59012E-2 4.61754E-2 4.66371E-2 4.56875E-2 4.85856E-2 4.66169E-2 4.60561E-2 4.90202E-2 4.59824E-2 4.47375E-2 4.38452E-2 4.45352E-2 4.42894E-2 4.44569E-2 4.47001E-2 4.55197E-2 4.61396E-2 4.56901E-2 4.5801E-2 4.50363E-2 4.56932E-2 4.7817E-2 4.86045E-2 4.81743E-2 5.07239E-2 5.02071E-2 4.92382E-2 4.86074E-2 4.82543E-2 4.79163E-2 4.93038E-2 4.98815E-2 4.86444E-2 4.86129E-2 4.92663E-2 4.79882E-2 4.59927E-2 4.68117E-2 4.68863E-2 4.67828E-2 4.74747E-2 5.36125E-2 4.5623E-2 4.5729E-2 4.54411E-2 4.86454E-2 4.77837E-2 4.97298E-2 5.27798E-2 5.08331E-2 5.41945E-2 5.99873E-2 5.79363E-2 5.9283E-2 6.71705E-2
4.39132E-2 4.40579E-2 4.43785E-2 4.48561E-2 4.50368E-2 4.67406E-2 4.96872E-2 4.62068E-2 4.83779E-2 4.91905E-2 4.86289E-2 4.88702E-2 4.52606E-2 4.52002E-2 4.62167E-2 4.70827E-2 4.38304E-2 4.44934E-2 4.57044E-2 4.54642E-2 4.55246E-2 4.84743E-2 4.62491E-2 4.65558E-2 4.71591E-2 4.98048E-2 4.78935E-2 4.90954E-2 5.12574E-2 5.47882E-2 5.35578E-2 5.0485E-2 4.97244E-2 4.91129E-2 4.91478E-2 4.86556E-2 4.9581E-2 4.96879E-2 4.95127E-2 4.89383E-2 4.90214E-2 4.92998E-2 4.75188E-2 4.77802E-2 4.71324E-2 4.85833E-2 4.84601E-2 5.35899E-2 4.92688E-2 5.06279E-2 4.97706E-2 5.037E-2 5.27117E-2 5.51398E-2 5.49126E-2 5.55834E-2 5.66577E-2 5.99274E-2 6.23241E-2 6.12253E-2 7.27443E-2
4.38806E-2 4.42662E-2 4.43928E-2 4.44394E-2 4.46309E-2 4.52607E-2 4.55888E-2 4.57722E-2 4.61949E-2 4.6387E-2 4.55263E-2 4.83738E-2 4.59167E-2 4.85265E-2 5.56156E-2 4.36476E-2 4.44143E-2 4.5022E-2 4.53031E-2 4.56986E-2 4.52894E-2 4.53174E-2 4.59627E-2 4.62941E-2 4.57343E-2 4.68998E-2 4.89749E-2 4.99206E-2 5.05233E-2 5.29329E-2 5.12767E-2 5.13915E-2 5.18477E-2 5.0827E-2 4.99911E-2 5.11152E-2 4.96638E-2 5.01425E-2 4.90555E-2 4.87123E-2 5.05036E-2 5.00564E-2 4.9586E-2 4.87108E-2 4.8635E-2 4.99053E-2 5.02447E-2 5.16141E-2 5.23321E-2 5.32882E-2 5.49097E-2 5.57361E-2 5.97616E-2 6.19184E-2 6.16719E-2 5.95709E-2 5.97893E-2 6.35267E-2 6.74587E-2 6.81416E-2 7.13261E-2
4.45148E-2 4.39934E-2 4.42399E-2 4.41479E-2 4.42512E-2 4.44255E-2 4.48612E-2 4.54457E-2 4.54978E-2 4.49467E-2 4.41326E-2 4.41503E-2 4.44964E-2 4.57017E-2 4.44687E-2 4.71662E-2 5.40523E-2 4.56183E-2 4.55495E-2 4.88729E-2 4.76525E-2 4.69678E-2 4.61837E-2 4.65399E-2 4.78169E-2 4.9056E-2 4.85888E-2 5.11086E-2 5.21843E-2 5.1411E-2 5.14932E-2 5.22533E-2 5.08615E-2 5.23528E-2 5.18624E-2 5.08136E-2 5.22653E-2 4.97481E-2 4.98443E-2 4.89255E-2 4.89772E-2 4.82723E-2 4.98444E-2 5.05256E-2 5.17614E-2 5.21361E-2 5.29953E-2 5.39294E-2 5.56766E-2 5.6328E-2 5.92105E-2 6.34068E-2 8.06882E-2 6.88361E-2 7.72341E-2 6.55261E-2 6.70724E-2 6.97978E-2 7.61742E-2 7.59447E-2 7.81321E-2
