maxent_outputs/red_flowers_linear/red_20.asc
ncols         426
nrows         180
xllcorner     -130.0
yllcorner     24.0
cellsize      0.16666666666666666
NODATA_value  -9999
[rows 108 to 134 of 180, columns 61 to 121 of 426]
3.85503E-1 3.99584E-1 3.41658E-1 3.80008E-1 3.93539E-1 3.33275E-1 3.39802E-1 1.54557E-1 1.23225E-1 6.43654E-2 7.52558E-2 1.97096E-1 2.47727E-1 2.01138E-1 1.99428E-1 3.0978E-1 2.2795E-1 3.4522E-1 4.76603E-1 4.0517E-1 2.92795E-1 2.61209E-1 2.28619E-1 1.75947E-1 1.61104E-1 1.49525E-1 1.52436E-1 2.00933E-1 2.50132E-1 2.91628E-1 3.84168E-1 3.27477E-1 2.62758E-1 2.33277E-1 1.81575E-1 9.22364E-2 1.51828E-1 1.47722E-1 1.06189E-1 1.10307E-1 3.4789E-2 2.81875E-2 2.71929E-2 2.99139E-2 2.96741E-2 2.41854E-2 1.8875E-2 2.12914E-2 2.57608E-2 4.84727E-2 7.11759E-2 5.59762E-2 4.21931E-2 3.86963E-2 3.7208E-2 3.69603E-2 3.2966E-2 2.97587E-2 2.59296E-2 2.5826E-2 2.8699E-2
4.05979E-1 3.68351E-1 3.6914E-1 4.09161E-1 3.93561E-1 3.22164E-1 2.87433E-1 1.88338E-1 2.51136E-1 1.81532E-1 1.71605E-1 2.17346E-1 2.11704E-1 2.26916E-1 2.71978E-1 2.75975E-1 2.83835E-1 2.81133E-1 2.93151E-1 4.08004E-1 4.15755E-1 3.69857E-1 2.82757E-1 2.03205E-1 1.90177E-1 1.71467E-1 1.85611E-1 1.92948E-1 2.69182E-1 2.6946E-1 4.20088E-1 3.41134E-1 2.24876E-1 1.98582E-1 1.68332E-1 1.20752E-1 9.86394E-2 1.40073E-1 1.56378E-1 1.0042E-1 4.14262E-2 3.19782E-2 3.23337E-2 3.00677E-2 3.00341E-2 2.53296E-2 2.30279E-2 1.95971E-2 2.39715E-2 4.88466E-2 6.26371E-2 6.37842E-2 5.26062E-2 4.49601E-2 4.02092E-2 3.6212E-2 3.25625E-2 3.20236E-2 2.57795E-2 2.54448E-2 2.56365E-2
4.54132E-1 4.24915E-1 4.40215E-1 4.37275E-1 4.01228E-1 3.3844E-1 2.96491E-1 2.57816E-1 2.40736E-1 1.98575E-1 1.66904E-1 2.20957E-1 2.62232E-1 2.44764E-1 2.66321E-1 2.43646E-1 2.59717E-1 2.2096E-1 2.41965E-1 2.98091E-1 3.19924E-1 3.49922E-1 3.15456E-1 2.35295E-1 1.80437E-1 1.72032E-1 1.97444E-1 1.86532E-1 1.88167E-1 2.4381E-1 4.30273E-1 4.03279E-1 2.23494E-1 1.98345E-1 1.73283E-1 1.49454E-1 1.04363E-1 8.03667E-2 8.63722E-2 5.5116E-2 4.75811E-2 3.45141E-2 3.07884E-2 3.29795E-2 3.15963E-2 2.9117E-2 2.57794E-2 2.19982E-2 2.70167E-2 4.2077E-2 6.00051E-2 6.22796E-2 5.42928E-2 4.90187E-2 4.53968E-2 4.13832E-2 3.99256E-2 3.55418E-2 2.91319E-2 2.75208E-2 2.75105E-2
4.15484E-1 4.44301E-1 4.49746E-1 4.3933E-1 4.81058E-1 4.39171E-1 3.75465E-1 2.70798E-1 1.94787E-1 1.64063E-1 2.13866E-1 2.76973E-1 2.59007E-1 2.39798E-1 2.34144E-1 2.05257E-1 2.13662E-1 1.99964E-1 2.06903E-1 2.26554E-1 2.45065E-1 3.20497E-1 3.31756E-1 2.34032E-1 1.71078E-1 1.4291E-1 1.89626E-1 1.94472E-1 1.93838E-1 2.60582E-1 3.86211E-1 4.52554E-1 2.70783E-1 1.95767E-1 1.82149E-1 1.50222E-1 1.41681E-1 9.39853E-2 6.78745E-2 4.93332E-2 4.98584E-2 4.96809E-2 4.15556E-2 4.01141E-2 3.89656E-2 3.29089E-2 2.61722E-2 2.01091E-2 1.76917E-2 2.38177E-2 3.95468E-2 6.14482E-2 5.84362E-2 4.87144E-2 4.48239E-2 4.40049E-2 4.41324E-2 3.83149E-2 3.93015E-2 3.24911E-2 3.04935E-2
2.91238E-1 3.78649E-1 4.57174E-1 4.58016E-1 4.79039E-1 4.74217E-1 4.40025E-1 3.23193E-1 2.67189E-1 2.16727E-1 2.91164E-1 2.68183E-1 2.24371E-1 2.06284E-1 2.04322E-1 1.94155E-1 1.68819E-1 1.72793E-1 2.2686E-1 2.80356E-1 2.92518E-1 3.22848E-1 3.25864E-1 2.7513E-1 1.98891E-1 1.58919E-1 1.65554E-1 1.68499E-1 2.01713E-1 3.05691E-1 3.3236E-1 4.94418E-1 3.57145E-1 2.27946E-1 2.16136E-1 1.48335E-1 1.37587E-1 1.19541E-1 7.05329E-2 5.60151E-2 5.28069E-2 5.28767E-2 5.96833E-2 5.23599E-2 4.82369E-2 3.61519E-2 2.72494E-2 1.92402E-2 1.88289E-2 2.50719E-2 3.2311E-2 5.05236E-2 6.06258E-2 5.17431E-2 4.42764E-2 4.6666E-2 4.50508E-2 4.81555E-2 4.26785E-2 3.88258E-2 3.51345E-2
3.03407E-1 2.88473E-1 4.3741E-1 4.97941E-1 4.92842E-1 4.90775E-1 4.00604E-1 2.12546E-1 1.86364E-1 2.4869E-1 2.6229E-1 2.3076E-1 2.22043E-1 2.15275E-1 2.12241E-1 2.02855E-1 1.96834E-1 2.15732E-1 2.63807E-1 2.62542E-1 2.90715E-1 3.26894E-1 2.94585E-1 2.88694E-1 2.63365E-1 2.48526E-1 1.86953E-1 2.24137E-1 2.35268E-1 3.24788E-1 4.05212E-1 4.93885E-1 4.19997E-1 2.76671E-1 2.83894E-1 1.5304E-1 1.60518E-1 1.58679E-1 1.08101E-1 7.02214E-2 5.47632E-2 5.50328E-2 6.20819E-2 6.24394E-2 5.71853E-2 5.56469E-2 4.06284E-2 3.71297E-2 2.74454E-2 2.37926E-2 2.76658E-2 4.32621E-2 5.2872E-2 5.45849E-2 4.9E-2 4.64687E-2 4.4125E-2 4.58339E-2 4.12572E-2 4.52871E-2 4.19282E-2
3.32945E-1 3.02171E-1 2.63036E-1 2.6123E-1 2.62471E-1 3.41186E-1 3.15508E-1 2.38338E-1 2.51635E-1 2.82209E-1 2.56758E-1 2.30937E-1 2.11239E-1 1.98458E-1 2.07493E-1 2.03411E-1 2.17697E-1 2.6069E-1 2.88762E-1 2.68254E-1 2.80239E-1 3.36591E-1 3.17577E-1 2.92036E-1 2.5156E-1 2.55369E-1 2.94459E-1 3.02115E-1 3.03549E-1 3.55637E-1 4.79944E-1 4.45905E-1 4.58267E-1 3.56604E-1 2.95156E-1 1.85185E-1 2.01156E-1 2.09891E-1 1.17415E-1 8.56709E-2 5.98434E-2 6.7383E-2 6.35385E-2 6.64778E-2 7.58001E-2 8.70876E-2 1.02975E-1 9.75766E-2 7.61193E-2 3.27055E-2 2.13564E-2 2.99367E-2 4.26243E-2 4.96487E-2 5.20976E-2 5.10352E-2 4.70766E-2 4.78053E-2 4.33592E-2 4.33937E-2 4.06198E-2
3.45343E-1 2.78862E-1 2.52545E-1 1.7459E-1 1.12169E-1 1.90765E-1 3.28067E-1 2.99987E-1 3.02824E-1 2.75117E-1 2.24804E-1 2.03083E-1 1.8767E-1 1.83478E-1 1.95476E-1 2.13986E-1 2.17025E-1 2.02372E-1 2.22786E-1 2.63824E-1 2.94555E-1 3.26414E-1 3.50013E-1 3.40761E-1 3.10421E-1 3.16749E-1 3.91829E-1 3.51189E-1 3.40674E-1 3.39238E-1 4.20426E-1 4.87601E-1 4.84318E-1 3.82851E-1 2.98133E-1 2.32757E-1 2.29246E-1 2.50317E-1 1.66613E-1 1.44854E-1 8.57821E-2 8.63295E-2 7.16108E-2 6.82349E-2 6.93547E-2 7.6899E-2 1.03609E-1 1.266E-1 1.13924E-1 5.47295E-2 2.7532E-2 2.34207E-2 3.12178E-2 3.99737E-2 4.39937E-2 4.3701E-2 4.25905E-2 4.19922E-2 4.33472E-2 4.12703E-2 3.98648E-2
6.24066E-1 5.16436E-1 3.29309E-1 2.92067E-1 2.44962E-1 3.25305E-1 5.22529E-1 5.47352E-1 4.04757E-1 2.67044E-1 2.47303E-1 2.07013E-1 1.78495E-1 1.79112E-1 1.92569E-1 2.05454E-1 1.98206E-1 2.01794E-1 2.07969E-1 2.37332E-1 2.7695E-1 2.8567E-1 4.16606E-1 5.20944E-1 5.07128E-1 4.67271E-1 4.41136E-1 3.66183E-1 3.26427E-1 3.8289E-1 3.67687E-1 4.41683E-1 5.17956E-1 4.08624E-1 3.06819E-1 2.42628E-1 2.61381E-1 3.17839E-1 2.62973E-1 2.17627E-1 1.92278E-1 1.53363E-1 9.34757E-2 8.13016E-2 7.76558E-2 8.54254E-2 9.56686E-2 1.24272E-1 1.25747E-1 6.49576E-2 3.19802E-2 2.53573E-2 2.97957E-2 3.20119E-2 3.52741E-2 3.87059E-2 3.498E-2 3.93628E-2 4.28804E-2 4.34661E-2 4.43134E-2
9.39752E-1 8.49906E-1 8.39019E-1 8.26741E-1 7.12162E-1 7.53753E-1 6.82648E-1 6.58061E-1 5.56643E-1 3.11466E-1 2.12209E-1 1.6858E-1 1.39638E-1 1.41271E-1 1.71654E-1 1.94214E-1 1.74479E-1 1.8507E-1 2.08301E-1 2.24284E-1 2.77983E-1 2.99437E-1 3.61803E-1 4.70517E-1 5.11062E-1 4.53177E-1 4.42686E-1 4.14452E-1 4.19966E-1 4.11584E-1 4.25698E-1 4.17308E-1 4.81454E-1 5.02285E-1 4.1981E-1 3.59275E-1 3.32013E-1 3.52357E-1 2.90787E-1 2.92023E-1 2.67417E-1 1.55674E-1 1.21685E-1 9.98043E-2 8.16102E-2 1.0929E-1 1.23363E-1 1.14739E-1 1.35422E-1 8.60702E-2 5.30757E-2 4.42799E-2 3.28383E-2 2.83374E-2 2.87348E-2 3.08698E-2 3.43577E-2 4.01368E-2 4.26082E-2 4.19452E-2 4.16884E-2
-9999 -9999 9.58372E-1 9.62896E-1 9.36946E-1 9.1002E-1 7.81957E-1 7.97099E-1 8.41981E-1 6.62463E-1 4.35603E-1 4.27198E-1 3.10548E-1 1.93882E-1 3.56468E-1 2.8858E-1 1.54964E-1 9.20161E-2 9.30367E-2 1.77664E-1 2.16672E-1 2.55207E-1 3.19694E-1 3.88135E-1 4.04245E-1 3.92763E-1 4.088E-1 4.48335E-1 4.50346E-1 4.76167E-1 4.674E-1 4.61336E-1 4.61309E-1 5.26901E-1 4.85154E-1 4.24387E-1 4.07036E-1 3.82207E-1 3.14363E-1 2.89612E-1 2.33678E-1 1.92791E-1 1.50944E-1 1.35029E-1 1.1801E-1 1.55968E-1 1.71522E-1 1.35353E-1 1.81388E-1 1.33191E-1 9.33692E-2 7.98381E-2 7.73925E-2 4.76156E-2 3.75389E-2 3.72484E-2 4.01718E-2 3.92621E-2 3.87111E-2 3.38639E-2 3.04003E-2
9.75861E-1 9.69735E-1 9.99724E-1 9.86593E-1 9.73943E-1 9.345E-1 9.19739E-1 9.13945E-1 9.74506E-1 9.46601E-1 8.9488E-1 8.66672E-1 7.57136E-1 7.13006E-1 6.77823E-1 6.19397E-1 4.18022E-1 1.41798E-1 1.28298E-1 2.98009E-1 2.55131E-1 2.21357E-1 2.68295E-1 3.54696E-1 3.75577E-1 3.98987E-1 4.21015E-1 4.36714E-1 4.61132E-1 4.46914E-1 4.57765E-1 4.97792E-1 4.51787E-1 4.30768E-1 3.66865E-1 3.3971E-1 3.44099E-1 3.00176E-1 3.08841E-1 2.97636E-1 2.30833E-1 2.08817E-1 2.32463E-1 2.27357E-1 2.31716E-1 2.61173E-1 2.70686E-1 1.60116E-1 2.29036E-1 1.75595E-1 1.25662E-1 1.33751E-1 7.7456E-2 6.37503E-2 6.24123E-2 5.65177E-2 5.98689E-2 5.71858E-2 4.82386E-2 3.70488E-2 2.64345E-2
9.84279E-1 9.57686E-1 -9999 -9999 -9999 -9999 -9999 -9999 9.92764E-1 9.68808E-1 9.4639E-1 9.21222E-1 8.45579E-1 8.03651E-1 7.20773E-1 5.32838E-1 4.51469E-1 3.62364E-1 3.68891E-1 5.01308E-1 4.86294E-1 3.69827E-1 2.44555E-1 3.61098E-1 3.87564E-1 4.47118E-1 5.03681E-1 5.15231E-1 5.27731E-1 5.12398E-1 4.63411E-1 5.27031E-1 4.5222E-1 3.99545E-1 3.98853E-1 3.53135E-1 3.30853E-1 3.27516E-1 2.82437E-1 2.68724E-1 2.47967E-1 2.41828E-1 2.88661E-1 2.93547E-1 3.30359E-1 3.84043E-1 3.24891E-1 2.31062E-1 2.32779E-1 2.32753E-1 1.56251E-1 1.69693E-1 8.78725E-2 8.25973E-2 8.39675E-2 8.3196E-2 7.40695E-2 6.33354E-2 5.59784E-2 5.20378E-2 3.12679E-2
-9999 -9999 -9999 -9999 -9999 -9999 -9999 -9999 9.87577E-1 9.84686E-1 9.7144E-1 9.59797E-1 9.19511E-1 6.48697E-1 5.65902E-1 4.3882E-1 4.05058E-1 4.02761E-1 2.14106E-1 3.6024E-1 5.71654E-1 6.32323E-1 5.16243E-1 3.29621E-1 3.26708E-1 4.13277E-1 5.4143E-1 5.21359E-1 6.0733E-1 6.01991E-1 5.35788E-1 5.466E-1 4.86152E-1 4.38661E-1 4.53382E-1 3.73324E-1 3.81391E-1 3.33541E-1 3.67393E-1 3.60963E-1 3.21175E-1 3.17095E-1 3.17384E-1 3.13241E-1 3.65745E-1 4.0721E-1 3.73525E-1 3.10979E-1 2.97273E-1 3.07199E-1 1.86549E-1 2.21249E-1 2.12728E-1 1.55324E-1 1.82455E-1 1.17951E-1 8.72271E-2 7.33564E-2 5.81295E-2 4.82596E-2 3.71027E-2
-9999 -9999 -9999 -9999 -9999 -9999 -9999 -9999 -9999 -9999 9.93346E-1 9.89023E-1 9.44166E-1 8.7294E-1 6.2432E-1 5.66011E-1 4.96942E-1 3.57971E-1 2.33631E-1 2.06842E-1 2.56801E-1 5.55105E-1 6.26923E-1 6.75016E-1 5.39957E-1 4.51161E-1 4.10075E-1 5.25483E-1 5.57591E-1 5.51003E-1 5.23422E-1 4.76292E-1 5.54881E-1 4.6612E-1 4.52901E-1 4.33803E-1 3.67775E-1 3.4564E-1 3.21206E-1 3.21801E-1 3.89567E-1 3.83932E-1 3.57193E-1 3.87226E-1 3.91962E-1 4.38599E-1 4.54884E-1 4.28665E-1 3.90287E-1 3.53622E-1 3.44472E-1 2.62144E-1 2.25269E-1 2.19636E-1 1.43544E-1 1.34448E-1 1.12204E-1 8.28517E-2 5.97606E-2 4.91393E-2 4.35662E-2
-9999 -9999 -9999 -9999 9.99961E-1 -9999 -9999 9.94926E-1 9.81775E-1 9.9999E-1 -9999 -9999 9.64429E-1 9.36102E-1 8.37905E-1 8.25429E-1 6.74309E-1 3.88573E-1 2.63071E-1 2.53556E-1 4.04952E-1 4.57937E-1 6.89441E-1 8.81584E-1 7.29843E-1 6.29759E-1 5.0645E-1 4.62329E-1 5.33289E-1 5.6832E-1 5.41624E-1 5.46144E-1 5.49601E-1 4.14825E-1 4.42941E-1 4.07187E-1 4.45742E-1 4.00845E-1 4.11266E-1 4.06717E-1 3.74688E-1 3.96235E-1 3.60777E-1 3.5E-1 3.77735E-1 4.06945E-1 4.65327E-1 4.69261E-1 4.30758E-1 3.81667E-1 3.53545E-1 2.89617E-1 1.89875E-1 1.71399E-1 1.75871E-1 1.7737E-1 1.65308E-1 1.14059E-1 7.87421E-2 5.79018E-2 4.19037E-2
-9999 9.90127E-1 9.62542E-1 -9999 -9999 -9999 -9999 -9999 9.87727E-1 9.93617E-1 -9999 -9999 -9999 -9999 9.52894E-1 8.90958E-1 7.4642E-1 5.02999E-1 2.86127E-1 2.34569E-1 4.35194E-1 5.84766E-1 6.90323E-1 7.40113E-1 8.88394E-1 7.91698E-1 6.52106E-1 5.49433E-1 4.92194E-1 5.38161E-1 5.96015E-1 6.09643E-1 5.62918E-1 4.97893E-1 4.94235E-1 5.24738E-1 4.80412E-1 4.67492E-1 4.44563E-1 4.55453E-1 4.47529E-1 4.2326E-1 4.10023E-1 4.02919E-1 3.77448E-1 4.12371E-1 3.99693E-1 3.84406E-1 3.66692E-1 3.14092E-1 3.26423E-1 3.66329E-1 2.9829E-1 2.14981E-1 1.62255E-1 1.8132E-1 1.79501E-1 1.62047E-1 1.2318E-1 6.54477E-2 6.04525E-2
-9999 -9999 -9999 -9999 -9999 -9999 -9999 9.99218E-1 -9999 -9999 -9999 -9999 -9999 -9999 9.90119E-1 9.58033E-1 8.7437E-1 6.42944E-1 4.48208E-1 2.92508E-1 3.60379E-1 4.82519E-1 6.87302E-1 6.51956E-1 7.16174E-1 6.307E-1 5.59165E-1 6.0243E-1 6.0893E-1 5.84551E-1 6.47654E-1 6.83624E-1 6.26286E-1 5.59205E-1 5.56368E-1 5.35727E-1 5.27732E-1 5.21441E-1 4.64038E-1 4.53993E-1 4.76125E-1 4.51379E-1 4.59227E-1 4.39888E-1 3.91545E-1 3.56134E-1 3.45386E-1 3.19531E-1 3.45964E-1 3.1624E-1 3.1593E-1 3.69887E-1 3.39623E-1 3.21116E-1 2.93669E-1 2.30031E-1 1.68429E-1 1.42312E-1 1.58081E-1 1.32488E-1 1.03663E-1
-9999 -9999 -9999 -9999 -9999 -9999 -9999 9.95828E-1 9.84003E-1 -9999 -9999 -9999 -9999 -9999 -9999 9.73131E-1 9.0763E-1 7.99993E-1 6.01178E-1 2.72016E-1 3.18303E-1 5.62048E-1 6.78631E-1 6.79916E-1 6.46599E-1 5.43593E-1 5.36634E-1 5.43403E-1 5.55933E-1 5.81684E-1 6.12315E-1 6.77098E-1 6.4708E-1 5.81542E-1 5.82852E-1 5.63444E-1 4.85891E-1 4.56671E-1 4.23023E-1 4.41622E-1 4.41353E-1 3.79159E-1 4.18673E-1 4.39627E-1 4.21723E-1 3.58417E-1 3.49365E-1 2.99141E-1 3.19926E-1 2.86589E-1 2.97697E-1 3.12837E-1 2.63893E-1 2.29169E-1 2.67787E-1 2.25186E-1 1.71762E-1 1.34045E-1 1.45301E-1 1.36011E-1 1.51995E-1
-9999 -9999 -9999 -9999 -9999 -9999 -9999 -9999 9.9542E-1 -9999 -9999 -9999 -9999 -9999 -9999 9.92134E-1 9.61914E-1 8.64586E-1 6.58879E-1 4.00888E-1 2.80571E-1 3.48991E-1 5.9781E-1 7.35656E-1 6.5673E-1 5.84462E-1 5.34663E-1 5.19101E-1 5.31837E-1 5.85249E-1 6.23489E-1 5.74516E-1 6.31824E-1 6.70877E-1 5.5264E-1 4.59444E-1 4.86087E-1 4.57E-1 4.55282E-1 4.31044E-1 4.03378E-1 3.97921E-1 4.57456E-1 4.25784E-1 3.80323E-1 3.25549E-1 3.83792E-1 3.14521E-1 2.92496E-1 2.7522E-1 3.31285E-1 2.88118E-1 2.75799E-1 2.19547E-1 2.30782E-1 2.28603E-1 1.56247E-1 1.33553E-1 1.13231E-1 9.03618E-2 1.34538E-1
-9999 -9999 -9999 -9999 -9999 -9999 -9999 -9999 -9999 -9999 -9999 -9999 -9999 -9999 -9999 -9999 9.77943E-1 9.10719E-1 7.37388E-1 5.21499E-1 3.06697E-1 2.46964E-1 3.22835E-1 6.91412E-1 7.58638E-1 7.03001E-1 6.43858E-1 5.43537E-1 5.16276E-1 4.96901E-1 5.05475E-1 5.4219E-1 5.91786E-1 5.94978E-1 5.18037E-1 4.94782E-1 4.7368E-1 4.89675E-1 4.65832E-1 4.61985E-1 4.81398E-1 4.35117E-1 4.34847E-1 3.90648E-1 3.40919E-1 2.96417E-1 3.36006E-1 3.30902E-1 3.26932E-1 3.06747E-1 3.08145E-1 2.96135E-1 2.86672E-1 2.20124E-1 1.81914E-1 2.19637E-1 1.73751E-1 1.16894E-1 1.03554E-1 1.01944E-1 1.16685E-1
-9999 -9999 -9999 -9999 -9999 -9999 -9999 -9999 -9999 -9999 -9999 -9999 -9999 -9999 -9999 9.99953E-1 9.643E-1 9.22761E-1 7.89946E-1 6.0549E-1 4.06612E-1 2.68837E-1 2.06655E-1 3.19763E-1 7.68342E-1 7.85141E-1 7.12751E-1 6.22515E-1 5.01132E-1 4.88418E-1 5.90142E-1 5.54514E-1 5.37747E-1 5.28257E-1 4.71349E-1 4.61942E-1 4.65375E-1 4.60638E-1 4.79454E-1 4.87302E-1 4.88493E-1 4.70988E-1 4.01911E-1 3.49735E-1 3.2246E-1 3.0506E-1 3.35059E-1 3.18762E-1 2.9888E-1 3.37628E-1 3.35172E-1 2.75698E-1 3.13631E-1 2.73424E-1 1.36954E-1 2.02406E-1 1.87278E-1 1.55092E-1 1.19966E-1 1.04436E-1 1.18518E-1
-9999 -9999 -9999 -9999 -9999 -9999 -9999 -9999 -9999 -9999 -9999 -9999 -9999 -9999 -9999 -9999 9.67305E-1 9.50542E-1 8.10388E-1 6.42828E-1 4.98342E-1 3.10517E-1 1.98107E-1 2.99409E-1 7.90957E-1 7.43529E-1 8.48832E-1 6.90292E-1 5.37378E-1 5.16809E-1 5.6801E-1 5.65741E-1 5.39893E-1 4.65989E-1 5.37615E-1 4.5671E-1 4.99742E-1 4.58666E-1 4.68934E-1 4.28739E-1 4.42042E-1 4.144E-1 3.52019E-1 3.07103E-1 2.61655E-1 2.97121E-1 3.01283E-1 3.03091E-1 3.14089E-1 2.73193E-1 3.20588E-1 2.86892E-1 3.53488E-1 3.68737E-1 3.06457E-1 1.81301E-1 1.99421E-1 1.64695E-1 1.3661E-1 1.16798E-1 1.16567E-1
-9999 -9999 -9999 -9999 -9999 -9999 -9999 -9999 -9999 -9999 -9999 -9999 -9999 -9999 -9999 -9999 -9999 9.5578E-1 8.8903E-1 7.41575E-1 5.61821E-1 3.87538E-1 2.65158E-1 1.88727E-1 7.3464E-1 7.98124E-1 8.34695E-1 8.04938E-1 6.61135E-1 6.23475E-1 6.09001E-1 5.93862E-1 6.12115E-1 6.02354E-1 5.19983E-1 5.67123E-1 5.47716E-1 4.68432E-1 4.68632E-1 4.85573E-1 4.15211E-1 4.2837E-1 3.50249E-1 3.04232E-1 2.54134E-1 3.05603E-1 3.25885E-1 3.09197E-1 2.94744E-1 2.65327E-1 2.88406E-1 2.47933E-1 2.75513E-1 2.86509E-1 2.63341E-1 2.29022E-1 2.10978E-1 1.90771E-1 1.60789E-1 1.27748E-1 1.07181E-1
-9999 -9999 -9999 -9999 -9999 -9999 -9999 -9999 -9999 -9999 -9999 -9999 -9999 -9999 -9999 -9999 -9999 9.68691E-1 9.42147E-1 9.08323E-1 6.88734E-1 4.45737E-1 3.30088E-1 2.06091E-1 5.5344E-1 8.5219E-1 8.87633E-1 8.5258E-1 8.24133E-1 8.01035E-1 7.8108E-1 6.63478E-1 6.29838E-1 6.40682E-1 5.64507E-1 5.12322E-1 5.33645E-1 5.33226E-1 5.06959E-1 4.71629E-1 4.97161E-1 4.40217E-1 3.66891E-1 3.45779E-1 3.21279E-1 2.86968E-1 2.7284E-1 2.82987E-1 2.68707E-1 2.59775E-1 2.41902E-1 2.36478E-1 2.6318E-1 2.55563E-1 2.41606E-1 2.12149E-1 1.91645E-1 1.73213E-1 1.59287E-1 1.59924E-1 1.25817E-1
-9999 -9999 -9999 -9999 -9999 -9999 -9999 -9999 -9999 -9999 -9999 -9999 -9999 -9999 -9999 -9999 -9999 -9999 9.91729E-1 9.22215E-1 7.86713E-1 5.24523E-1 3.69281E-1 2.65098E-1 2.98792E-1 6.85806E-1 8.62311E-1 8.24104E-1 9.14322E-1 8.92238E-1 8.7597E-1 8.22113E-1 7.01865E-1 6.53762E-1 6.16901E-1 5.81123E-1 5.70347E-1 6.41684E-1 6.00768E-1 4.8731E-1 4.67E-1 4.57066E-1 3.71165E-1 3.37846E-1 3.01702E-1 2.91579E-1 2.67411E-1 2.58032E-1 2.55845E-1 2.50556E-1 2.24812E-1 2.23811E-1 2.37297E-1 2.16923E-1 1.69483E-1 1.55318E-1 1.88139E-1 1.76267E-1 1.76981E-1 1.64861E-1 1.5302E-1
-9999 -9999 -9999 -9999 -9999 -9999 -9999 -9999 -9999 -9999 -9999 -9999 -9999 -9999 -9999 -9999 -9999 -9999 9.91272E-1 9.13027E-1 8.02855E-1 6.2642E-1 3.93711E-1 3.13668E-1 3.26442E-1 3.79446E-1 7.29664E-1 8.342E-1 8.99531E-1 9.0107E-1 8.6119E-1 9.88733E-1 8.21534E-1 6.86498E-1 6.72942E-1 7.61752E-1 6.29976E-1 5.7447E-1 6.25452E-1 5.03459E-1 5.12563E-1 4.27133E-1 4.16158E-1 3.14106E-1 2.82449E-1 2.84426E-1 2.96043E-1 2.50754E-1 2.35789E-1 2.31391E-1 2.14101E-1 2.06038E-1 2.40888E-1 2.37487E-1 2.04216E-1 1.47548E-1 1.75175E-1 1.87641E-1 1.73502E-1 1.74682E-1 1.47373E-1
