maxent_outputs/red_flowers_linear/red_350.asc
ncols         426
nrows         180
xllcorner     -130.0
yllcorner     24.0
cellsize      0.16666666666666666
NODATA_value  -9999
[rows 108 to 134 of 180, columns 122 to 182 of 426]
5.13851E-2 4.54066E-2 3.16998E-2 3.23672E-2 3.5059E-2 4.59813E-2 5.13868E-2 4.95757E-2 4.52758E-2 4.22394E-2 3.68184E-2 3.33908E-2 3.21577E-2 2.68364E-2 2.65239E-2 2.53155E-2 2.65281E-2 2.00534E-2 1.99E-2 1.93288E-2 4.67701E-2 4.78231E-2 4.90292E-2 2.25025E-2 1.54807E-2 3.77948E-2 4.88166E-2 5.37194E-2 6.09057E-2 5.85506E-2 7.06687E-2 8.07932E-2 7.4489E-2 6.72633E-2 8.74339E-2 9.94053E-2 9.22467E-2 9.12202E-2 9.66014E-2 9.64779E-2 9.74173E-2 9.76491E-2 1.03042E-1 9.45617E-2 8.83103E-2 8.89153E-2 9.94546E-2 1.00096E-1 1.04705E-1 1.12145E-1 1.15941E-1 1.14781E-1 1.1229E-1 1.15231E-1 1.1574E-1 1.13775E-1 1.09415E-1 1.07158E-1 1.0777E-1 1.06866E-1 1.07964E-1
4.40598E-2 3.66035E-2 3.10467E-2 3.66934E-2 4.37641E-2 4.57514E-2 4.64916E-2 4.5238E-2 4.1797E-2 3.82854E-2 3.36973E-2 3.20222E-2 3.38452E-2 3.90552E-2 4.23629E-2 3.8362E-2 4.29982E-2 4.39044E-2 3.51599E-2 4.43153E-2 5.4709E-2 4.89028E-2 5.07761E-2 2.99326E-2 2.49825E-2 4.54008E-2 5.15461E-2 5.01017E-2 5.37393E-2 6.20581E-2 8.02704E-2 9.56799E-2 9.8079E-2 9.27205E-2 9.93674E-2 1.04213E-1 9.64287E-2 9.27652E-2 9.7902E-2 1.0574E-1 1.04363E-1 1.09287E-1 1.10459E-1 1.06265E-1 9.75267E-2 9.70634E-2 1.12301E-1 1.18073E-1 1.22118E-1 1.26411E-1 1.22641E-1 1.18869E-1 1.13342E-1 1.10526E-1 1.1112E-1 1.12998E-1 1.11263E-1 1.1134E-1 1.1054E-1 1.10146E-1 1.1171E-1
4.40369E-2 3.77651E-2 3.09948E-2 3.73899E-2 3.52468E-2 3.67382E-2 3.81231E-2 3.43634E-2 3.3562E-2 3.86371E-2 3.56798E-2 3.60642E-2 3.81227E-2 4.28288E-2 5.10136E-2 5.4485E-2 6.23171E-2 7.48198E-2 6.34117E-2 6.49085E-2 5.76632E-2 4.81015E-2 5.16625E-2 4.80216E-2 4.51019E-2 5.15625E-2 5.60353E-2 5.04969E-2 5.34664E-2 6.44308E-2 9.20949E-2 1.01493E-1 9.65302E-2 9.85814E-2 1.1569E-1 1.1599E-1 1.04536E-1 1.0428E-1 1.02919E-1 1.10629E-1 1.1105E-1 1.18116E-1 1.18355E-1 1.16799E-1 1.13758E-1 1.13543E-1 1.18637E-1 1.24665E-1 1.21633E-1 1.24964E-1 1.19843E-1 1.17361E-1 1.10922E-1 1.0906E-1 1.07588E-1 1.12093E-1 1.14375E-1 1.14178E-1 1.13825E-1 1.1543E-1 1.15659E-1
5.42961E-2 4.812E-2 4.21539E-2 4.82029E-2 4.05998E-2 3.50974E-2 3.42718E-2 3.1461E-2 3.33841E-2 3.68382E-2 3.86921E-2 3.93109E-2 3.8008E-2 2.74486E-2 5.40384E-2 6.35445E-2 6.82916E-2 7.46163E-2 7.35304E-2 7.56653E-2 6.53034E-2 5.78046E-2 5.05351E-2 4.90627E-2 5.00852E-2 6.6805E-2 7.64426E-2 8.33854E-2 8.19987E-2 9.42625E-2 1.11228E-1 1.17721E-1 1.17847E-1 1.21743E-1 1.37828E-1 1.34048E-1 1.23792E-1 1.18406E-1 1.15459E-1 1.1671E-1 1.18035E-1 1.21849E-1 1.24014E-1 1.27879E-1 1.29913E-1 1.29291E-1 1.2842E-1 1.24698E-1 1.13547E-1 1.14457E-1 1.12718E-1 1.10164E-1 1.16452E-1 1.17674E-1 1.17068E-1 1.1889E-1 1.19666E-1 1.18108E-1 1.18611E-1 1.19307E-1 1.21545E-1
6.11172E-2 5.65727E-2 5.24657E-2 4.60302E-2 3.73017E-2 3.53078E-2 3.3353E-2 3.02957E-2 2.99127E-2 3.66873E-2 4.19987E-2 4.33889E-2 3.83432E-2 4.74603E-2 6.36946E-2 6.6547E-2 6.98763E-2 8.14449E-2 9.01518E-2 6.62274E-2 6.15322E-2 5.32134E-2 4.97937E-2 4.42199E-2 5.49526E-2 7.51491E-2 8.4314E-2 9.03429E-2 9.23225E-2 9.58183E-2 1.12497E-1 1.27474E-1 1.29992E-1 1.29413E-1 1.41645E-1 1.31934E-1 1.25435E-1 1.23487E-1 1.20638E-1 1.18276E-1 1.19231E-1 1.09193E-1 1.01725E-1 1.03658E-1 1.10301E-1 1.2011E-1 1.32384E-1 1.21701E-1 1.06118E-1 1.06567E-1 1.10596E-1 1.14067E-1 1.20542E-1 1.25447E-1 1.2438E-1 1.26298E-1 1.3061E-1 1.2777E-1 1.25382E-1 1.24997E-1 1.26677E-1
6.08551E-2 5.87771E-2 5.68939E-2 4.54614E-2 4.5231E-2 4.38263E-2 3.65937E-2 2.9832E-2 3.12497E-2 3.46657E-2 4.91801E-2 5.40489E-2 6.25596E-2 6.6628E-2 6.66322E-2 7.49735E-2 7.4679E-2 9.44216E-2 1.09261E-1 7.47741E-2 5.27049E-2 5.2403E-2 4.96443E-2 4.34311E-2 5.73794E-2 6.98392E-2 8.06312E-2 8.7346E-2 1.04273E-1 1.10676E-1 1.16716E-1 1.28431E-1 1.35249E-1 1.34782E-1 1.37311E-1 1.35179E-1 1.31294E-1 1.28047E-1 1.23351E-1 1.24006E-1 1.13271E-1 9.90397E-2 9.68721E-2 9.71547E-2 9.97604E-2 1.04672E-1 1.14707E-1 1.16825E-1 1.10667E-1 1.12844E-1 1.18608E-1 1.26614E-1 1.28905E-1 1.31557E-1 1.33008E-1 1.37575E-1 1.40506E-1 1.35708E-1 1.33498E-1 1.29018E-1 1.32318E-1
6.5583E-2 6.08833E-2 5.69955E-2 5.19143E-2 4.79697E-2 4.07699E-2 3.64765E-2 3.06876E-2 2.89014E-2 3.82965E-2 5.41071E-2 5.08691E-2 6.055E-2 6.93601E-2 6.75763E-2 7.59141E-2 7.44073E-2 8.11873E-2 8.27933E-2 7.50994E-2 5.39538E-2 5.28304E-2 5.1194E-2 5.15403E-2 5.40778E-2 7.13375E-2 8.37848E-2 9.40187E-2 1.06143E-1 1.24388E-1 1.21901E-1 1.15959E-1 1.13822E-1 1.17982E-1 1.29966E-1 1.2978E-1 1.29364E-1 1.15392E-1 1.11688E-1 1.11308E-1 1.0391E-1 1.02359E-1 9.69255E-2 9.77418E-2 1.01222E-1 1.10976E-1 1.17928E-1 1.22848E-1 1.42433E-1 1.39619E-1 1.37075E-1 1.4072E-1 1.4057E-1 1.43088E-1 1.45487E-1 1.4893E-1 1.51614E-1 1.44099E-1 1.43875E-1 1.4097E-1 1.36792E-1
6.60427E-2 6.26774E-2 5.87015E-2 5.53915E-2 4.84403E-2 4.03227E-2 3.36479E-2 3.05635E-2 3.44187E-2 3.75469E-2 4.01934E-2 3.96734E-2 4.98533E-2 7.20696E-2 7.33477E-2 8.22004E-2 7.64204E-2 7.62943E-2 8.19812E-2 7.32193E-2 5.86568E-2 5.31494E-2 5.10698E-2 5.13619E-2 5.53507E-2 6.30597E-2 8.02066E-2 9.2356E-2 9.83243E-2 1.14548E-1 1.32276E-1 1.20817E-1 1.205E-1 1.1429E-1 1.03984E-1 9.86862E-2 9.77023E-2 9.90776E-2 1.02021E-1 1.03078E-1 1.03994E-1 1.05118E-1 1.02899E-1 1.03368E-1 1.05891E-1 1.0912E-1 1.1171E-1 1.10618E-1 1.1873E-1 1.46508E-1 1.65549E-1 1.54891E-1 1.58119E-1 1.60834E-1 1.61449E-1 1.59758E-1 1.61122E-1 1.59748E-1 1.53346E-1 1.47374E-1 1.41136E-1
7.40364E-2 6.77506E-2 6.26544E-2 5.79976E-2 4.94408E-2 4.50401E-2 3.93886E-2 3.54056E-2 3.37681E-2 3.17751E-2 3.77524E-2 4.85669E-2 5.94021E-2 7.30918E-2 7.77321E-2 8.11124E-2 7.88764E-2 7.42029E-2 8.31372E-2 7.36226E-2 6.02033E-2 6.20415E-2 6.14507E-2 5.83992E-2 6.05805E-2 6.25496E-2 7.31492E-2 8.74988E-2 9.67931E-2 1.125E-1 1.19412E-1 1.23991E-1 1.22438E-1 1.22145E-1 1.19019E-1 1.07805E-1 1.02922E-1 1.07664E-1 1.08421E-1 1.04909E-1 1.04745E-1 1.03737E-1 1.02887E-1 1.03051E-1 1.06461E-1 1.12981E-1 1.13496E-1 1.20454E-1 1.25608E-1 1.44954E-1 1.64886E-1 1.75849E-1 1.7573E-1 1.73718E-1 1.71055E-1 1.70308E-1 1.73063E-1 1.70063E-1 1.61738E-1 1.53008E-1 1.5033E-1
7.47895E-2 7.58252E-2 6.64242E-2 5.5853E-2 4.8317E-2 4.42295E-2 4.16827E-2 3.65463E-2 3.35476E-2 3.23245E-2 4.46452E-2 5.35566E-2 6.3748E-2 7.41004E-2 8.14745E-2 8.88007E-2 8.32969E-2 7.52174E-2 8.63762E-2 7.98474E-2 6.41756E-2 6.14999E-2 6.8774E-2 6.8645E-2 7.05352E-2 7.95667E-2 8.08622E-2 8.52163E-2 9.59505E-2 1.09039E-1 1.1273E-1 1.20216E-1 1.24698E-1 1.2466E-1 1.26746E-1 1.19582E-1 1.1309E-1 1.12084E-1 1.15892E-1 1.07568E-1 1.01879E-1 1.03277E-1 1.03771E-1 1.02153E-1 1.03295E-1 1.12265E-1 1.19997E-1 1.26433E-1 1.29305E-1 1.30641E-1 1.37555E-1 1.74128E-1 1.8443E-1 1.83545E-1 1.81754E-1 1.77787E-1 1.76477E-1 1.68896E-1 1.65818E-1 1.61609E-1 1.58247E-1
5.31997E-2 6.55187E-2 6.04103E-2 4.85244E-2 4.41286E-2 3.95802E-2 3.47171E-2 3.50427E-2 3.19597E-2 3.2321E-2 4.17356E-2 4.69065E-2 4.7279E-2 6.01482E-2 8.13344E-2 8.46325E-2 8.73114E-2 8.03727E-2 8.71994E-2 8.12254E-2 7.23462E-2 6.90458E-2 7.34715E-2 7.40683E-2 8.11458E-2 9.38164E-2 9.20107E-2 9.26403E-2 1.00159E-1 1.13912E-1 1.16979E-1 1.24413E-1 1.28848E-1 1.31524E-1 1.27863E-1 1.30591E-1 1.27171E-1 1.20211E-1 1.12525E-1 1.08184E-1 1.07912E-1 1.08477E-1 1.10608E-1 1.13527E-1 1.15804E-1 1.22366E-1 1.30619E-1 1.39801E-1 1.40148E-1 1.3897E-1 1.46121E-1 1.81161E-1 1.85697E-1 1.8485E-1 1.81768E-1 1.797E-1 1.83252E-1 1.75626E-1 1.70097E-1 1.66502E-1 1.6414E-1
3.19217E-2 4.48578E-2 4.77327E-2 4.11822E-2 3.40092E-2 3.41351E-2 3.25129E-2 2.95675E-2 3.49468E-2 3.65706E-2 4.16123E-2 3.9087E-2 4.09748E-2 5.3608E-2 6.7583E-2 8.60852E-2 9.56373E-2 9.21801E-2 9.0043E-2 7.91924E-2 8.31706E-2 7.67736E-2 7.97348E-2 7.69905E-2 8.49239E-2 9.99824E-2 1.04839E-1 1.04952E-1 1.08817E-1 1.13121E-1 1.18848E-1 1.23492E-1 1.2355E-1 1.28192E-1 1.28893E-1 1.29202E-1 1.31828E-1 1.29541E-1 1.29698E-1 1.26305E-1 1.22861E-1 1.17509E-1 1.15801E-1 1.20925E-1 1.2266E-1 1.30574E-1 1.39771E-1 1.44676E-1 1.46443E-1 1.45843E-1 1.46345E-1 1.6794E-1 1.89441E-1 1.86117E-1 1.86527E-1 1.80746E-1 1.78753E-1 1.7181E-1 1.72466E-1 1.69362E-1 1.72177E-1
3.17781E-2 2.36065E-2 2.95119E-2 3.61868E-2 3.47124E-2 3.48104E-2 3.5932E-2 3.40865E-2 3.47874E-2 3.31153E-2 3.74648E-2 4.05379E-2 4.62346E-2 6.55859E-2 8.46532E-2 9.5569E-2 1.0082E-1 9.40173E-2 8.65516E-2 8.81785E-2 9.12688E-2 9.21303E-2 8.52497E-2 9.05964E-2 9.18882E-2 9.55389E-2 1.03345E-1 1.13735E-1 1.1831E-1 1.17503E-1 1.21564E-1 1.23482E-1 1.23023E-1 1.27706E-1 1.2585E-1 1.30547E-1 1.30908E-1 1.27786E-1 1.24215E-1 1.22598E-1 1.19899E-1 1.21674E-1 1.21922E-1 1.26827E-1 1.29923E-1 1.36757E-1 1.4814E-1 1.51044E-1 1.51929E-1 1.50319E-1 1.52916E-1 1.62215E-1 1.80106E-1 1.83221E-1 1.82122E-1 1.83136E-1 1.79136E-1 1.79191E-1 1.77323E-1 1.79852E-1 1.81801E-1
4.31913E-2 3.66151E-2 3.54622E-2 4.34163E-2 4.2535E-2 4.83162E-2 4.04451E-2 3.6455E-2 3.33658E-2 3.69547E-2 4.03941E-2 4.52195E-2 5.20409E-2 7.56865E-2 1.01375E-1 1.08518E-1 9.83784E-2 9.04084E-2 8.62688E-2 1.07025E-1 1.02776E-1 1.03398E-1 1.03853E-1 1.08336E-1 1.02904E-1 1.10895E-1 1.17203E-1 1.23468E-1 1.26925E-1 1.28057E-1 1.27998E-1 1.22463E-1 1.26626E-1 1.28194E-1 1.16132E-1 1.22507E-1 1.23422E-1 1.21336E-1 1.20901E-1 1.21567E-1 1.25904E-1 1.30502E-1 1.30908E-1 1.36867E-1 1.37959E-1 1.46624E-1 1.56432E-1 1.63201E-1 1.62424E-1 1.56392E-1 1.63339E-1 1.65979E-1 1.82782E-1 1.783E-1 1.8196E-1 1.78086E-1 1.77319E-1 1.8431E-1 1.8944E-1 1.91036E-1 1.95455E-1
6.66814E-2 6.01244E-2 6.42616E-2 6.1312E-2 6.60973E-2 4.93432E-2 3.43912E-2 3.0302E-2 3.59425E-2 3.6978E-2 3.3207E-2 5.08469E-2 7.29187E-2 9.69648E-2 1.16906E-1 1.0781E-1 1.03538E-1 1.01167E-1 9.44332E-2 1.2712E-1 1.23833E-1 1.2336E-1 1.30424E-1 1.04833E-1 9.55714E-2 1.05798E-1 1.13427E-1 1.37086E-1 1.40703E-1 1.37534E-1 1.36505E-1 1.21756E-1 1.30066E-1 1.29263E-1 1.24481E-1 1.21465E-1 1.21484E-1 1.22666E-1 1.21609E-1 1.22422E-1 1.33509E-1 1.39659E-1 1.37743E-1 1.40471E-1 1.47873E-1 1.58446E-1 1.88079E-1 1.7811E-1 1.7419E-1 1.66048E-1 1.70404E-1 1.86492E-1 1.8261E-1 1.78865E-1 1.81343E-1 1.75208E-1 1.77928E-1 1.91683E-1 1.95084E-1 2.00225E-1 2.01857E-1
9.51122E-2 9.35013E-2 9.73366E-2 8.65805E-2 8.94065E-2 5.88343E-2 3.62226E-2 3.29404E-2 3.65754E-2 4.01073E-2 3.93654E-2 6.02462E-2 8.94103E-2 1.2904E-1 1.29893E-1 1.29419E-1 1.19767E-1 1.18728E-1 1.20809E-1 1.4455E-1 1.51134E-1 1.50597E-1 1.37295E-1 7.6305E-2 9.99028E-2 1.2399E-1 1.26957E-1 1.47763E-1 1.55387E-1 1.50607E-1 1.51877E-1 1.32707E-1 1.35006E-1 1.31658E-1 1.38008E-1 1.34107E-1 1.28688E-1 1.29893E-1 1.3066E-1 1.27686E-1 1.28711E-1 1.39104E-1 1.44942E-1 1.47203E-1 1.53126E-1 1.59843E-1 1.69276E-1 1.72176E-1 1.7918E-1 1.91896E-1 1.86162E-1 1.86355E-1 1.76408E-1 1.75907E-1 1.89384E-1 1.89496E-1 1.93248E-1 2.01774E-1 2.03993E-1 2.04841E-1 2.06448E-1
1.23793E-1 1.1284E-1 1.36467E-1 1.16686E-1 1.03212E-1 7.28737E-2 4.98288E-2 4.54499E-2 5.05683E-2 4.89621E-2 4.72364E-2 7.28215E-2 1.10374E-1 1.32096E-1 1.45033E-1 1.45631E-1 1.27267E-1 1.24402E-1 1.47185E-1 1.52145E-1 1.52804E-1 1.5854E-1 1.46929E-1 9.11328E-2 8.71914E-2 1.10768E-1 1.30685E-1 1.43703E-1 1.60779E-1 1.623E-1 1.57718E-1 1.42076E-1 1.43563E-1 1.42471E-1 1.49728E-1 1.36317E-1 1.33091E-1 1.3619E-1 1.38423E-1 1.39475E-1 1.39797E-1 1.4407E-1 1.45033E-1 1.51549E-1 1.60707E-1 1.61564E-1 1.69877E-1 1.72434E-1 1.73411E-1 1.95315E-1 1.93812E-1 1.87263E-1 1.80453E-1 1.86475E-1 1.95113E-1 2.03387E-1 2.05394E-1 2.16007E-1 2.12515E-1 2.1419E-1 2.13561E-1
1.73449E-1 1.76205E-1 1.81269E-1 1.14494E-1 8.86982E-2 9.60669E-2 9.31479E-2 7.54091E-2 6.44627E-2 5.80005E-2 5.35907E-2 7.80816E-2 1.21739E-1 1.4737E-1 1.64913E-1 1.47456E-1 1.31978E-1 1.39691E-1 1.64071E-1 1.48324E-1 1.45651E-1 1.68519E-1 1.69283E-1 9.06188E-2 8.40376E-2 1.12205E-1 1.34676E-1 1.51584E-1 1.65786E-1 1.65083E-1 1.59189E-1 1.458E-1 1.50203E-1 1.54973E-1 1.63559E-1 1.39217E-1 1.38249E-1 1.44073E-1 1.4721E-1 1.48374E-1 1.50579E-1 1.56475E-1 1.54079E-1 1.60168E-1 1.65376E-1 1.6549E-1 1.74141E-1 1.77106E-1 1.8765E-1 2.09602E-1 2.11763E-1 2.03251E-1 1.95678E-1 2.00436E-1 2.07841E-1 2.13071E-1 2.18559E-1 2.25487E-1 2.23379E-1 2.23842E-1 2.2821E-1
2.42104E-1 2.25821E-1 1.90335E-1 1.5753E-1 1.16766E-1 1.14928E-1 1.06073E-1 9.72438E-2 7.50268E-2 7.13344E-2 7.92556E-2 8.69083E-2 1.35733E-1 1.56197E-1 1.64121E-1 1.52481E-1 1.34641E-1 1.47038E-1 1.76284E-1 1.49748E-1 1.31387E-1 1.65373E-1 1.82836E-1 8.49424E-2 9.5929E-2 1.20198E-1 1.42877E-1 1.54396E-1 1.67815E-1 1.72025E-1 1.65734E-1 1.57346E-1 1.55429E-1 1.59779E-1 1.6955E-1 1.52702E-1 1.50595E-1 1.54696E-1 1.61342E-1 1.60771E-1 1.66102E-1 1.63256E-1 1.63807E-1 1.67453E-1 1.72689E-1 1.7215E-1 1.73276E-1 1.87369E-1 1.91679E-1 2.18469E-1 2.19691E-1 2.02641E-1 2.07769E-1 2.12295E-1 2.22369E-1 2.29527E-1 2.37582E-1 2.38177E-1 2.38256E-1 2.39495E-1 2.3708E-1
2.1185E-1 2.15895E-1 1.88495E-1 1.53264E-1 1.53699E-1 1.43877E-1 1.25258E-1 1.03306E-1 1.09285E-1 1.19222E-1 1.23366E-1 1.20377E-1 1.46576E-1 1.61349E-1 1.61261E-1 1.61651E-1 1.41563E-1 1.37189E-1 1.74339E-1 1.66385E-1 1.46819E-1 1.59164E-1 1.75178E-1 8.78475E-2 9.61236E-2 1.14785E-1 1.48608E-1 1.57043E-1 1.69139E-1 1.7403E-1 1.69922E-1 1.60799E-1 1.66939E-1 1.69648E-1 1.772E-1 1.67517E-1 1.66738E-1 1.70639E-1 1.82018E-1 1.81389E-1 1.71717E-1 1.74675E-1 1.77834E-1 1.75852E-1 1.80419E-1 1.70849E-1 1.7892E-1 2.00587E-1 2.24894E-1 2.27119E-1 2.12364E-1 2.17489E-1 2.16312E-1 2.19049E-1 2.31973E-1 2.36405E-1 2.4517E-1 2.5116E-1 2.50468E-1 2.49364E-1 2.4633E-1
1.99043E-1 2.08881E-1 1.95258E-1 1.57242E-1 1.40197E-1 1.24805E-1 1.19016E-1 1.10713E-1 1.21E-1 1.2655E-1 1.46311E-1 1.51933E-1 1.67217E-1 1.56314E-1 1.69318E-1 1.84266E-1 1.57032E-1 1.36407E-1 1.64815E-1 1.88124E-1 1.60753E-1 1.67595E-1 1.80141E-1 1.6144E-1 1.28559E-1 1.32602E-1 1.47472E-1 1.54737E-1 1.66621E-1 1.7914E-1 1.85647E-1 1.83522E-1 1.85817E-1 1.85097E-1 1.96687E-1 1.99523E-1 1.95964E-1 1.96769E-1 2.05287E-1 1.99764E-1 1.89108E-1 1.88495E-1 1.95661E-1 1.97067E-1 1.86282E-1 1.83256E-1 1.84459E-1 1.97745E-1 2.25992E-1 2.29857E-1 2.22542E-1 2.22581E-1 2.26288E-1 2.27841E-1 2.3339E-1 2.40491E-1 2.53661E-1 2.59151E-1 2.59168E-1 2.57896E-1 2.51585E-1
2.0905E-1 1.85181E-1 1.83854E-1 1.75672E-1 1.30747E-1 1.25869E-1 1.37955E-1 1.37394E-1 1.38872E-1 1.42372E-1 1.49218E-1 1.95993E-1 1.95215E-1 1.68185E-1 1.76257E-1 1.72964E-1 1.78139E-1 1.76478E-1 1.85502E-1 1.93111E-1 1.71861E-1 1.84772E-1 1.76847E-1 1.60316E-1 1.62779E-1 1.59931E-1 1.69503E-1 1.65682E-1 1.5817E-1 1.81905E-1 2.03718E-1 2.19534E-1 2.12794E-1 2.0757E-1 2.14538E-1 2.1871E-1 2.07331E-1 2.12712E-1 2.22328E-1 2.20451E-1 2.1319E-1 2.18746E-1 2.33528E-1 2.2596E-1 2.20377E-1 2.12434E-1 2.03722E-1 1.96384E-1 2.03729E-1 2.14209E-1 2.29942E-1 2.33551E-1 2.41453E-1 2.38977E-1 2.38066E-1 2.45613E-1 2.50048E-1 2.62912E-1 2.70991E-1 2.73589E-1 2.53002E-1
2.14979E-1 2.0448E-1 1.83066E-1 1.9152E-1 1.4693E-1 1.58875E-1 1.44694E-1 1.4707E-1 1.48034E-1 1.5953E-1 1.65192E-1 1.95047E-1 2.06012E-1 1.89011E-1 1.75986E-1 1.68613E-1 1.69929E-1 1.98524E-1 2.0829E-1 2.04922E-1 1.72693E-1 1.74833E-1 1.70082E-1 1.60481E-1 1.67876E-1 1.71588E-1 1.8424E-1 1.82437E-1 1.71215E-1 1.83316E-1 2.16698E-1 2.26858E-1 2.12255E-1 2.1572E-1 2.27341E-1 2.26408E-1 2.18641E-1 2.2489E-1 2.30638E-1 2.2717E-1 2.21122E-1 2.31894E-1 2.47243E-1 2.45159E-1 2.32016E-1 2.22713E-1 2.0952E-1 2.15832E-1 2.15816E-1 2.29394E-1 2.39013E-1 2.48534E-1 2.52707E-1 2.58502E-1 2.44396E-1 2.35249E-1 2.37533E-1 2.44994E-1 2.54284E-1 2.58981E-1 2.50404E-1
2.04436E-1 1.93518E-1 1.88048E-1 1.81079E-1 1.66578E-1 1.69785E-1 1.66007E-1 1.51315E-1 1.52449E-1 1.64727E-1 1.71471E-1 1.9703E-1 2.51979E-1 2.10932E-1 1.98979E-1 2.0345E-1 1.83922E-1 1.90826E-1 2.05648E-1 1.88391E-1 1.72823E-1 1.84161E-1 1.68136E-1 1.63666E-1 1.80582E-1 1.84083E-1 1.84004E-1 1.85572E-1 1.75168E-1 1.76053E-1 2.24392E-1 2.10867E-1 2.05029E-1 2.1011E-1 2.31684E-1 2.29309E-1 2.28398E-1 2.32684E-1 2.3623E-1 2.28663E-1 2.39945E-1 2.51933E-1 2.61738E-1 2.65835E-1 2.46152E-1 2.41144E-1 2.23476E-1 2.21376E-1 2.24293E-1 2.26651E-1 2.40092E-1 2.46824E-1 2.5998E-1 2.65947E-1 2.56539E-1 2.50095E-1 2.53527E-1 2.49224E-1 2.55363E-1 2.57535E-1 2.546E-1
1.87598E-1 1.79094E-1 1.28727E-1 1.79658E-1 1.78966E-1 1.66745E-1 1.80009E-1 1.85647E-1 1.8241E-1 2.01362E-1 2.0709E-1 2.34308E-1 2.33281E-1 2.13867E-1 2.20765E-1 2.30472E-1 2.0249E-1 1.87489E-1 2.34462E-1 2.35896E-1 1.81675E-1 1.86935E-1 1.6793E-1 1.63227E-1 1.73535E-1 1.92081E-1 1.89417E-1 1.94441E-1 2.00881E-1 2.11171E-1 2.20653E-1 2.11942E-1 2.18794E-1 2.18672E-1 2.25084E-1 2.34621E-1 2.31116E-1 2.46974E-1 2.42331E-1 2.397E-1 2.40333E-1 2.72428E-1 2.77638E-1 2.87892E-1 2.7355E-1 2.6114E-1 2.48817E-1 2.42506E-1 2.31905E-1 2.27166E-1 2.31289E-1 2.39916E-1 2.42905E-1 2.52623E-1 2.67293E-1 2.69409E-1 2.68098E-1 2.63171E-1 2.59495E-1 2.60077E-1 2.51326E-1
2.20833E-1 1.89073E-1 1.66092E-1 1.85003E-1 1.75582E-1 1.63522E-1 1.96174E-1 2.07055E-1 2.15283E-1 2.14865E-1 2.31788E-1 2.33325E-1 2.40957E-1 2.26647E-1 2.19064E-1 2.01519E-1 1.95173E-1 1.82363E-1 2.16825E-1 2.63631E-1 2.01749E-1 1.76977E-1 1.74223E-1 1.61744E-1 1.66913E-1 1.76908E-1 1.92574E-1 1.93901E-1 1.9772E-1 2.12727E-1 2.17187E-1 2.15612E-1 2.24431E-1 2.22521E-1 2.31708E-1 2.34886E-1 2.3873E-1 2.39292E-1 2.43514E-1 2.47691E-1 2.48836E-1 2.62324E-1 2.80912E-1 2.85272E-1 2.85251E-1 2.79289E-1 2.64142E-1 2.49806E-1 2.32898E-1 2.30835E-1 2.3342E-1 2.42678E-1 2.50741E-1 2.51672E-1 2.53744E-1 2.70219E-1 2.75041E-1 2.72076E-1 2.63065E-1 2.60659E-1 2.52115E-1
2.2931E-1 2.28276E-1 2.13267E-1 1.93509E-1 1.60102E-1 1.74469E-1 2.04396E-1 2.03838E-1 2.17871E-1 2.1391E-1 2.49733E-1 2.56687E-1 2.53073E-1 2.3249E-1 2.07647E-1 1.98368E-1 1.91325E-1 1.91108E-1 1.95148E-1 2.10581E-1 2.01887E-1 1.73392E-1 1.70768E-1 1.68061E-1 1.71284E-1 1.77887E-1 1.88192E-1 2.03256E-1 2.05793E-1 2.22463E-1 2.14364E-1 2.15014E-1 2.25159E-1 2.31032E-1 2.40799E-1 2.43243E-1 2.43173E-1 2.46235E-1 2.4329E-1 2.44315E-1 2.4968E-1 2.67232E-1 2.72255E-1 2.76946E-1 2.91696E-1 2.83521E-1 2.66055E-1 2.50229E-1 2.41854E-1 2.3499E-1 2.39019E-1 2.48528E-1 2.56405E-1 2.65016E-1 2.68389E-1 2.73058E-1 2.72708E-1 2.77E-1 2.7947E-1 2.80212E-1 2.73442E-1
