maxent_outputs/red_flowers_linear/red_66.asc
ncols         426
nrows         180
xllcorner     -130.0
yllcorner     24.0
cellsize      0.16666666666666666
NODATA_value  -9999
[rows 81 to 107 of 180, columns 244 to 304 of 426]
8.68173E-2 8.82293E-2 8.79743E-2 8.66393E-2 8.631E-2 8.8227E-2 8.68023E-2 8.67041E-2 8.72456E-2 8.77411E-2 9.10455E-2 9.16014E-2 9.66508E-2 1.00789E-1 1.02728E-1 9.97003E-2 9.6355E-2 9.28895E-2 9.02966E-2 9.02672E-2 8.94363E-2 8.87616E-2 9.06114E-2 9.13169E-2 8.89888E-2 9.18689E-2 9.4887E-2 9.60962E-2 9.69005E-2 9.95838E-2 9.84254E-2 9.74387E-2 9.86656E-2 9.77008E-2 9.5957E-2 9.9475E-2 1.00105E-1 1.01566E-1 9.84653E-2 9.43471E-2 9.13086E-2 9.15464E-2 9.55144E-2 1.0269E-1 1.06114E-1 1.02126E-1 1.02717E-1 1.08189E-1 1.09561E-1 1.05747E-1 1.01959E-1 1.0582E-1 1.14269E-1 1.07094E-1 1.07188E-1 1.19042E-1 1.23648E-1 1.099E-1 1.00502E-1 9.81159E-2 9.41679E-2
9.10701E-2 9.02538E-2 8.98211E-2 9.22459E-2 9.08213E-2 9.21972E-2 9.05046E-2 8.88745E-2 8.9555E-2 9.27526E-2 9.38879E-2 9.68696E-2 9.97306E-2 9.45243E-2 9.52366E-2 9.47633E-2 9.29226E-2 9.01946E-2 8.88074E-2 9.10397E-2 9.06132E-2 9.21289E-2 9.21907E-2 9.27785E-2 9.23234E-2 9.20442E-2 9.2503E-2 9.31915E-2 9.5325E-2 9.96355E-2 1.02097E-1 9.76162E-2 9.88668E-2 9.82688E-2 9.94289E-2 1.0305E-1 1.04726E-1 1.07501E-1 1.09932E-1 9.79078E-2 9.4607E-2 9.50698E-2 9.74853E-2 1.02494E-1 1.10013E-1 1.09131E-1 1.09464E-1 1.09023E-1 1.13436E-1 1.08149E-1 1.04742E-1 1.10852E-1 1.16314E-1 1.09808E-1 1.1101E-1 1.14943E-1 1.20766E-1 1.12811E-1 1.04647E-1 9.6214E-2 9.20691E-2
9.47385E-2 9.32207E-2 9.54233E-2 9.50638E-2 9.4301E-2 9.52582E-2 9.60881E-2 9.4164E-2 9.36318E-2 9.67716E-2 9.8696E-2 1.00094E-1 9.93275E-2 9.59203E-2 9.54691E-2 9.42686E-2 9.35663E-2 9.12141E-2 9.2857E-2 9.78575E-2 9.82431E-2 9.64453E-2 9.60009E-2 9.32387E-2 9.23619E-2 8.99479E-2 8.97998E-2 9.29061E-2 9.69717E-2 1.0122E-1 1.0617E-1 1.03043E-1 1.02313E-1 1.04594E-1 1.0154E-1 1.04134E-1 1.07073E-1 1.15954E-1 1.17039E-1 1.04119E-1 1.01939E-1 1.03948E-1 1.06365E-1 1.09441E-1 1.10213E-1 1.11816E-1 1.15986E-1 1.14905E-1 1.12722E-1 1.09375E-1 1.08431E-1 1.17489E-1 1.10933E-1 1.09066E-1 1.11982E-1 1.1524E-1 1.20033E-1 1.13449E-1 1.0321E-1 8.81036E-2 8.14767E-2
9.58783E-2 9.54572E-2 9.74256E-2 9.74317E-2 9.62599E-2 9.79125E-2 9.76492E-2 9.6329E-2 9.50813E-2 9.49411E-2 9.69066E-2 1.04006E-1 1.03016E-1 1.006E-1 9.69188E-2 9.61091E-2 9.39543E-2 9.49239E-2 1.02258E-1 1.06637E-1 1.02076E-1 9.85602E-2 9.42646E-2 9.37266E-2 9.12333E-2 9.36401E-2 9.44773E-2 9.49135E-2 9.70816E-2 1.00483E-1 1.11274E-1 1.14899E-1 1.1124E-1 1.08237E-1 1.01769E-1 1.07968E-1 1.12546E-1 1.2003E-1 1.22204E-1 1.13427E-1 1.08691E-1 1.07243E-1 1.07187E-1 1.11667E-1 1.157E-1 1.14532E-1 1.17409E-1 1.2162E-1 1.13459E-1 1.09807E-1 1.13444E-1 1.19541E-1 1.10235E-1 1.1001E-1 1.128E-1 1.17362E-1 1.20041E-1 1.13697E-1 9.63326E-2 8.93187E-2 8.29577E-2
1.00164E-1 9.81806E-2 9.85093E-2 9.74755E-2 9.91605E-2 9.95132E-2 9.91897E-2 1.0009E-1 9.7345E-2 9.64036E-2 9.99128E-2 1.04217E-1 1.05511E-1 1.06148E-1 1.01862E-1 1.00636E-1 9.92142E-2 1.01794E-1 1.06285E-1 1.05998E-1 1.03301E-1 1.01913E-1 9.91017E-2 9.35488E-2 9.27625E-2 9.71227E-2 9.64536E-2 9.37629E-2 1.00298E-1 1.05286E-1 1.16359E-1 1.17349E-1 1.14847E-1 1.06964E-1 1.02689E-1 1.07087E-1 1.13706E-1 1.19695E-1 1.21246E-1 1.14838E-1 1.13859E-1 1.10786E-1 1.08491E-1 1.11561E-1 1.15846E-1 1.16796E-1 1.19063E-1 1.1862E-1 1.16893E-1 1.14313E-1 1.18594E-1 1.15434E-1 1.09946E-1 1.09487E-1 1.12588E-1 1.19713E-1 1.25923E-1 1.04088E-1 9.00213E-2 8.96575E-2 8.22137E-2
1.0354E-1 1.01017E-1 9.87897E-2 1.02875E-1 1.05119E-1 1.02706E-1 1.01119E-1 1.04472E-1 1.00489E-1 1.01326E-1 1.02875E-1 1.10191E-1 1.08825E-1 1.09065E-1 1.09051E-1 1.05428E-1 1.03944E-1 1.09527E-1 1.08279E-1 1.03292E-1 1.05388E-1 1.05604E-1 1.01871E-1 9.78408E-2 9.86849E-2 1.01159E-1 9.86381E-2 1.00705E-1 1.05139E-1 1.11797E-1 1.15093E-1 1.16391E-1 1.14632E-1 1.0595E-1 1.05622E-1 1.09957E-1 1.14229E-1 1.19236E-1 1.19524E-1 1.13681E-1 1.19306E-1 1.16919E-1 1.14992E-1 1.15874E-1 1.14303E-1 1.18975E-1 1.21767E-1 1.2248E-1 1.21333E-1 1.21164E-1 1.21424E-1 1.17408E-1 1.11536E-1 1.10941E-1 1.14854E-1 1.19791E-1 1.15887E-1 9.90301E-2 8.72303E-2 8.27842E-2 7.91564E-2
1.06565E-1 1.0372E-1 1.04497E-1 1.06263E-1 1.06079E-1 1.06408E-1 1.06088E-1 1.08529E-1 1.0711E-1 1.10699E-1 1.12523E-1 1.13103E-1 1.11503E-1 1.1234E-1 1.14157E-1 1.1207E-1 1.13825E-1 1.17393E-1 1.12165E-1 1.09022E-1 1.10226E-1 1.09712E-1 1.08995E-1 1.0429E-1 1.07247E-1 1.08234E-1 1.05538E-1 1.08963E-1 1.15271E-1 1.14481E-1 1.16172E-1 1.17854E-1 1.15969E-1 1.11164E-1 1.08017E-1 1.10939E-1 1.13529E-1 1.19598E-1 1.19953E-1 1.19786E-1 1.19291E-1 1.17759E-1 1.1985E-1 1.19394E-1 1.18942E-1 1.19364E-1 1.22806E-1 1.29221E-1 1.25335E-1 1.2313E-1 1.172E-1 1.17245E-1 1.13294E-1 1.13106E-1 1.17309E-1 1.15394E-1 1.04111E-1 9.40783E-2 8.62262E-2 8.01197E-2 8.44358E-2
1.09544E-1 1.1075E-1 1.10353E-1 1.10238E-1 1.08937E-1 1.10565E-1 1.12476E-1 1.1245E-1 1.12804E-1 1.12827E-1 1.15078E-1 1.13128E-1 1.15143E-1 1.1586E-1 1.17212E-1 1.16946E-1 1.16365E-1 1.20931E-1 1.19554E-1 1.17302E-1 1.15402E-1 1.13573E-1 1.14076E-1 1.1404E-1 1.13022E-1 1.11223E-1 1.15602E-1 1.22494E-1 1.23043E-1 1.2235E-1 1.20565E-1 1.17344E-1 1.14158E-1 1.11203E-1 1.09261E-1 1.14035E-1 1.19358E-1 1.19745E-1 1.223E-1 1.21343E-1 1.20447E-1 1.20169E-1 1.21551E-1 1.20977E-1 1.20669E-1 1.23253E-1 1.28267E-1 1.26309E-1 1.23628E-1 1.20076E-1 1.15875E-1 1.15278E-1 1.13369E-1 1.14329E-1 1.14316E-1 1.11951E-1 1.04427E-1 9.32489E-2 8.72777E-2 7.79376E-2 8.2613E-2
1.16085E-1 1.17166E-1 1.16119E-1 1.13567E-1 1.15554E-1 1.13808E-1 1.14325E-1 1.14847E-1 1.1421E-1 1.14403E-1 1.18256E-1 1.16444E-1 1.22252E-1 1.18737E-1 1.21088E-1 1.18962E-1 1.17332E-1 1.28651E-1 1.24821E-1 1.22732E-1 1.21036E-1 1.21362E-1 1.22932E-1 1.22158E-1 1.18548E-1 1.19916E-1 1.26447E-1 1.2773E-1 1.31112E-1 1.33705E-1 1.24158E-1 1.21715E-1 1.14803E-1 1.12395E-1 1.13132E-1 1.14523E-1 1.19026E-1 1.19108E-1 1.20572E-1 1.2059E-1 1.21449E-1 1.2473E-1 1.26797E-1 1.27519E-1 1.24226E-1 1.27102E-1 1.2397E-1 1.24192E-1 1.21425E-1 1.19708E-1 1.18676E-1 1.18253E-1 1.15287E-1 1.1327E-1 1.08577E-1 1.02498E-1 9.73959E-2 9.31473E-2 8.64715E-2 7.08249E-2 9.59295E-2
1.22222E-1 1.22361E-1 1.20206E-1 1.18918E-1 1.21768E-1 1.1897E-1 1.1684E-1 1.15525E-1 1.1644E-1 1.18602E-1 1.19224E-1 1.18382E-1 1.23146E-1 1.20747E-1 1.22223E-1 1.21893E-1 1.19536E-1 1.21359E-1 1.22764E-1 1.26056E-1 1.23559E-1 1.26609E-1 1.27869E-1 1.25017E-1 1.23456E-1 1.26131E-1 1.30807E-1 1.33364E-1 1.26891E-1 1.31883E-1 1.30488E-1 1.24565E-1 1.20574E-1 1.16155E-1 1.15661E-1 1.16562E-1 1.20826E-1 1.24123E-1 1.25261E-1 1.2304E-1 1.23882E-1 1.29968E-1 1.30549E-1 1.36417E-1 1.31392E-1 1.29127E-1 1.2513E-1 1.23503E-1 1.22054E-1 1.22828E-1 1.25572E-1 1.24257E-1 1.21779E-1 1.14595E-1 1.00793E-1 9.3199E-2 9.41295E-2 8.62586E-2 8.60789E-2 8.91431E-2 1.29775E-1
1.39564E-1 1.28663E-1 1.27321E-1 1.2675E-1 1.25641E-1 1.24812E-1 1.22201E-1 1.20656E-1 1.20158E-1 1.23611E-1 1.2464E-1 1.22673E-1 1.24507E-1 1.23763E-1 1.224E-1 1.25039E-1 1.23068E-1 1.20575E-1 1.24833E-1 1.30249E-1 1.33594E-1 1.31052E-1 1.31019E-1 1.29225E-1 1.34088E-1 1.33939E-1 1.35879E-1 1.35755E-1 1.30763E-1 1.33962E-1 1.34424E-1 1.32091E-1 1.29257E-1 1.27609E-1 1.2443E-1 1.28325E-1 1.26041E-1 1.32459E-1 1.35955E-1 1.30416E-1 1.30984E-1 1.33158E-1 1.39255E-1 1.40729E-1 1.34627E-1 1.31278E-1 1.29452E-1 1.2499E-1 1.24275E-1 1.26347E-1 1.27573E-1 1.26597E-1 1.23228E-1 1.05675E-1 8.85919E-2 8.12056E-2 8.5894E-2 7.58101E-2 7.59039E-2 1.06216E-1 1.28899E-1
1.35642E-1 1.33363E-1 1.31646E-1 1.30749E-1 1.28982E-1 1.29192E-1 1.28899E-1 1.25723E-1 1.24766E-1 1.25514E-1 1.26553E-1 1.25375E-1 1.29252E-1 1.30144E-1 1.26509E-1 1.26131E-1 1.24656E-1 1.21649E-1 1.21743E-1 1.2661E-1 1.32604E-1 1.38109E-1 1.33266E-1 1.35733E-1 1.32289E-1 1.3412E-1 1.32941E-1 1.32906E-1 1.34177E-1 1.3669E-1 1.36612E-1 1.34209E-1 1.28681E-1 1.26788E-1 1.28E-1 1.31489E-1 1.32466E-1 1.30759E-1 1.34384E-1 1.39024E-1 1.35339E-1 1.35491E-1 1.41927E-1 1.41212E-1 1.45512E-1 1.39593E-1 1.4023E-1 1.35072E-1 1.31545E-1 1.29483E-1 1.3175E-1 1.23487E-1 1.11126E-1 9.83796E-2 7.89505E-2 7.63449E-2 7.02463E-2 7.69796E-2 8.51719E-2 1.07498E-1 1.21973E-1
1.34083E-1 1.33548E-1 1.31527E-1 1.29484E-1 1.28579E-1 1.31714E-1 1.33982E-1 1.30903E-1 1.29709E-1 1.35393E-1 1.31801E-1 1.32248E-1 1.34842E-1 1.32066E-1 1.31129E-1 1.29092E-1 1.3174E-1 1.29447E-1 1.33026E-1 1.34903E-1 1.408E-1 1.4493E-1 1.4221E-1 1.36388E-1 1.30678E-1 1.31751E-1 1.41091E-1 1.39492E-1 1.3973E-1 1.38421E-1 1.35242E-1 1.3617E-1 1.35225E-1 1.26556E-1 1.30764E-1 1.29582E-1 1.31449E-1 1.31269E-1 1.36528E-1 1.38328E-1 1.45412E-1 1.47406E-1 1.47108E-1 1.45795E-1 1.53779E-1 1.60059E-1 1.56899E-1 1.4633E-1 1.3722E-1 1.32568E-1 1.23762E-1 1.05585E-1 9.52673E-2 8.59015E-2 7.22781E-2 7.16928E-2 7.78297E-2 7.97949E-2 8.89621E-2 1.07633E-1 1.12884E-1
1.35585E-1 1.34042E-1 1.36508E-1 1.29859E-1 1.28732E-1 1.32324E-1 1.34987E-1 1.35735E-1 1.3907E-1 1.32431E-1 1.31827E-1 1.34762E-1 1.39444E-1 1.36447E-1 1.31837E-1 1.34E-1 1.35962E-1 1.39377E-1 1.47089E-1 1.45437E-1 1.54005E-1 1.67245E-1 1.53453E-1 1.41431E-1 1.34919E-1 1.35135E-1 1.45397E-1 1.43989E-1 1.41602E-1 1.38285E-1 1.37083E-1 1.35994E-1 1.35142E-1 1.34521E-1 1.33986E-1 1.33958E-1 1.31662E-1 1.37422E-1 1.41244E-1 1.44833E-1 1.4927E-1 1.51127E-1 1.51365E-1 1.50361E-1 1.52638E-1 1.56611E-1 1.58021E-1 1.47506E-1 1.38075E-1 1.34633E-1 1.19798E-1 1.01326E-1 8.97671E-2 7.56509E-2 7.20752E-2 8.4396E-2 8.76269E-2 9.47244E-2 1.13431E-1 1.21026E-1 1.34417E-1
1.43497E-1 1.36407E-1 1.44181E-1 1.2966E-1 1.29335E-1 1.30364E-1 1.35562E-1 1.37013E-1 1.41555E-1 1.36511E-1 1.39719E-1 1.3941E-1 1.38756E-1 1.39065E-1 1.38326E-1 1.41279E-1 1.4518E-1 1.49248E-1 1.56272E-1 1.55648E-1 1.67901E-1 1.67629E-1 1.55418E-1 1.50387E-1 1.47582E-1 1.47064E-1 1.48745E-1 1.48267E-1 1.47725E-1 1.44788E-1 1.41235E-1 1.40149E-1 1.36795E-1 1.39494E-1 1.42925E-1 1.44063E-1 1.35654E-1 1.40126E-1 1.44716E-1 1.52632E-1 1.57699E-1 1.54683E-1 1.52818E-1 1.54834E-1 1.4884E-1 1.49301E-1 1.44336E-1 1.37569E-1 1.37097E-1 1.27081E-1 1.09977E-1 9.29E-2 8.02196E-2 8.54368E-2 9.4813E-2 9.26276E-2 1.06197E-1 1.16254E-1 1.32566E-1 1.38879E-1 1.38405E-1
1.45468E-1 1.43328E-1 1.39199E-1 1.33631E-1 1.32807E-1 1.33834E-1 1.37258E-1 1.46976E-1 1.4819E-1 1.46612E-1 1.52441E-1 1.47058E-1 1.41237E-1 1.39155E-1 1.42606E-1 1.48762E-1 1.52272E-1 1.48579E-1 1.49359E-1 1.62304E-1 1.73777E-1 1.74028E-1 1.68287E-1 1.55643E-1 1.55517E-1 1.57139E-1 1.54538E-1 1.57304E-1 1.52724E-1 1.5317E-1 1.51776E-1 1.51853E-1 1.53047E-1 1.48289E-1 1.40954E-1 1.38729E-1 1.42753E-1 1.47081E-1 1.5239E-1 1.5728E-1 1.63148E-1 1.62785E-1 1.53507E-1 1.5573E-1 1.47775E-1 1.37819E-1 1.3171E-1 1.25601E-1 1.24265E-1 1.2498E-1 1.05123E-1 9.95101E-2 1.03064E-1 1.07284E-1 1.07543E-1 1.14697E-1 1.21932E-1 1.42538E-1 1.40564E-1 1.5577E-1 1.40564E-1
1.53303E-1 1.5096E-1 1.40926E-1 1.37555E-1 1.36744E-1 1.39846E-1 1.46034E-1 1.57485E-1 1.57947E-1 1.52624E-1 1.50076E-1 1.48966E-1 1.45347E-1 1.44842E-1 1.45402E-1 1.47797E-1 1.46768E-1 1.44015E-1 1.49277E-1 1.56836E-1 1.60225E-1 1.68921E-1 1.73554E-1 1.64777E-1 1.58422E-1 1.57894E-1 1.56655E-1 1.59795E-1 1.65321E-1 1.62127E-1 1.54692E-1 1.60518E-1 1.63287E-1 1.54889E-1 1.49656E-1 1.47877E-1 1.52287E-1 1.57061E-1 1.61923E-1 1.67563E-1 1.62541E-1 1.66153E-1 1.63766E-1 1.51028E-1 1.46151E-1 1.36054E-1 1.28319E-1 1.26198E-1 1.22936E-1 1.15748E-1 1.23696E-1 1.20916E-1 1.26746E-1 1.16436E-1 1.18324E-1 1.41623E-1 1.46369E-1 1.60137E-1 1.57054E-1 1.71331E-1 1.49804E-1
1.49757E-1 1.47476E-1 1.45686E-1 1.44666E-1 1.48418E-1 1.54121E-1 1.60478E-1 1.66948E-1 1.60469E-1 1.5976E-1 1.60233E-1 1.59325E-1 1.56912E-1 1.53025E-1 1.54335E-1 1.52207E-1 1.4939E-1 1.48377E-1 1.4918E-1 1.56219E-1 1.58428E-1 1.57183E-1 1.68704E-1 1.65441E-1 1.60598E-1 1.62221E-1 1.63252E-1 1.58648E-1 1.64136E-1 1.62521E-1 1.62712E-1 1.64319E-1 1.63306E-1 1.59823E-1 1.62475E-1 1.64094E-1 1.60513E-1 1.59111E-1 1.6626E-1 1.7267E-1 1.73683E-1 1.68755E-1 1.65511E-1 1.57446E-1 1.49377E-1 1.45476E-1 1.36135E-1 1.3277E-1 1.25883E-1 1.21658E-1 1.39023E-1 1.42424E-1 1.34277E-1 1.20824E-1 1.29222E-1 1.46684E-1 1.75403E-1 1.75856E-1 1.76136E-1 1.80291E-1 1.86859E-1
1.47414E-1 1.44239E-1 1.52513E-1 1.54414E-1 1.55448E-1 1.63459E-1 1.66398E-1 1.69205E-1 1.68416E-1 1.67679E-1 1.6587E-1 1.64004E-1 1.64101E-1 1.65841E-1 1.62589E-1 1.59546E-1 1.56221E-1 1.50448E-1 1.52819E-1 1.62686E-1 1.66475E-1 1.64073E-1 1.65045E-1 1.64125E-1 1.6683E-1 1.6908E-1 1.66897E-1 1.66362E-1 1.65224E-1 1.64901E-1 1.63885E-1 1.59983E-1 1.55838E-1 1.63961E-1 1.69558E-1 1.71134E-1 1.63638E-1 1.63089E-1 1.70656E-1 1.7543E-1 1.75965E-1 1.72712E-1 1.63245E-1 1.55931E-1 1.48113E-1 1.45188E-1 1.40746E-1 1.36159E-1 1.29618E-1 1.34628E-1 1.46125E-1 1.48349E-1 1.23863E-1 1.32508E-1 1.41305E-1 1.65617E-1 1.85097E-1 1.86558E-1 1.82325E-1 1.89495E-1 1.96706E-1
1.55069E-1 1.53943E-1 1.60366E-1 1.59037E-1 1.64319E-1 1.6932E-1 1.69123E-1 1.669E-1 1.72474E-1 1.74167E-1 1.71031E-1 1.7399E-1 1.71394E-1 1.70826E-1 1.70214E-1 1.65981E-1 1.63122E-1 1.62017E-1 1.66172E-1 1.73173E-1 1.74765E-1 1.71601E-1 1.69946E-1 1.69142E-1 1.82787E-1 1.75376E-1 1.75257E-1 1.69202E-1 1.6422E-1 1.69229E-1 1.76103E-1 1.64825E-1 1.63224E-1 1.69695E-1 1.68415E-1 1.71247E-1 1.67729E-1 1.69749E-1 1.71941E-1 1.69196E-1 1.66452E-1 1.65666E-1 1.60597E-1 1.53801E-1 1.43736E-1 1.38311E-1 1.40812E-1 1.34218E-1 1.34895E-1 1.42299E-1 1.44891E-1 1.53235E-1 1.54964E-1 1.5317E-1 1.67129E-1 1.84869E-1 1.9866E-1 1.97674E-1 1.94254E-1 1.91361E-1 1.90715E-1
1.68304E-1 1.68825E-1 1.57901E-1 1.6772E-1 1.76625E-1 1.80168E-1 1.82979E-1 1.86471E-1 1.75485E-1 1.73031E-1 1.70432E-1 1.69905E-1 1.72807E-1 1.70341E-1 1.70741E-1 1.69226E-1 1.69867E-1 1.6665E-1 1.66644E-1 1.724E-1 1.74978E-1 1.73283E-1 1.78636E-1 1.7853E-1 1.75629E-1 1.74634E-1 1.7879E-1 1.80044E-1 1.78801E-1 1.81001E-1 1.82275E-1 1.6929E-1 1.6739E-1 1.6974E-1 1.63844E-1 1.61401E-1 1.60016E-1 1.66787E-1 1.7059E-1 1.56197E-1 1.57275E-1 1.59604E-1 1.57831E-1 1.50744E-1 1.42171E-1 1.37415E-1 1.31719E-1 1.24655E-1 1.29337E-1 1.39774E-1 1.53102E-1 1.58974E-1 1.61059E-1 1.52091E-1 1.50668E-1 1.60527E-1 1.8811E-1 2.00339E-1 2.13232E-1 2.02013E-1 1.95922E-1
1.60274E-1 1.68923E-1 1.62972E-1 1.64152E-1 1.69766E-1 1.74948E-1 1.93467E-1 1.97534E-1 1.87889E-1 1.6624E-1 1.61355E-1 1.61991E-1 1.68102E-1 1.69238E-1 1.68006E-1 1.68159E-1 1.69644E-1 1.69157E-1 1.76103E-1 1.89053E-1 1.83011E-1 1.83197E-1 1.87396E-1 1.91458E-1 1.91837E-1 2.01659E-1 2.0719E-1 1.94552E-1 1.93007E-1 1.86708E-1 1.85841E-1 1.74154E-1 1.72275E-1 1.66981E-1 1.56109E-1 1.53423E-1 1.55706E-1 1.53125E-1 1.4968E-1 1.57618E-1 1.47827E-1 1.60977E-1 1.59048E-1 1.48279E-1 1.40244E-1 1.37779E-1 1.4328E-1 1.3712E-1 1.37509E-1 1.49557E-1 1.59371E-1 1.6077E-1 1.49866E-1 1.46821E-1 1.56163E-1 1.80793E-1 1.87362E-1 1.95341E-1 1.96621E-1 1.94266E-1 1.99451E-1
1.62827E-1 1.69502E-1 1.59898E-1 1.60629E-1 1.64244E-1 1.67306E-1 1.76983E-1 1.90807E-1 1.88138E-1 1.64512E-1 1.58505E-1 1.60307E-1 1.66531E-1 1.71917E-1 1.71118E-1 1.73698E-1 1.77687E-1 1.80247E-1 1.86772E-1 1.90432E-1 1.85668E-1 1.86176E-1 1.96104E-1 1.99641E-1 1.96772E-1 1.95746E-1 1.93445E-1 1.88984E-1 1.84463E-1 1.77167E-1 1.76803E-1 1.75427E-1 1.68176E-1 1.64691E-1 1.60562E-1 1.56252E-1 1.60899E-1 1.62027E-1 1.67304E-1 1.69334E-1 1.74876E-1 1.6576E-1 1.64618E-1 1.55328E-1 1.49468E-1 1.42936E-1 1.34371E-1 1.30809E-1 1.34559E-1 1.47936E-1 1.5647E-1 1.49078E-1 1.47098E-1 1.43643E-1 1.79921E-1 1.91324E-1 1.94714E-1 1.9746E-1 1.95486E-1 2.02704E-1 2.1014E-1
1.71186E-1 1.66487E-1 1.57629E-1 1.60391E-1 1.64533E-1 1.67219E-1 1.70214E-1 1.91998E-1 1.85887E-1 1.71754E-1 1.68418E-1 1.69004E-1 1.74001E-1 1.77666E-1 1.79391E-1 1.83025E-1 1.85261E-1 1.87592E-1 1.92718E-1 1.89781E-1 1.89445E-1 1.90853E-1 2.03456E-1 2.15384E-1 2.17E-1 1.98139E-1 1.87224E-1 1.77097E-1 1.69596E-1 1.65912E-1 1.67193E-1 1.70203E-1 1.59454E-1 1.60156E-1 1.6252E-1 1.65787E-1 1.68734E-1 1.77145E-1 1.81415E-1 1.86817E-1 1.95465E-1 1.88751E-1 1.76674E-1 1.68432E-1 1.4707E-1 1.39076E-1 1.21923E-1 1.30024E-1 1.38198E-1 1.45944E-1 1.54419E-1 1.66273E-1 1.75506E-1 1.76603E-1 1.87987E-1 1.94086E-1 2.02941E-1 2.11135E-1 2.15515E-1 2.2733E-1 2.27811E-1
1.73777E-1 1.67575E-1 1.65146E-1 1.71771E-1 1.74917E-1 1.73127E-1 1.76448E-1 1.99564E-1 1.84179E-1 1.8038E-1 1.7985E-1 1.81574E-1 1.8459E-1 1.84051E-1 1.88736E-1 1.94876E-1 1.96864E-1 1.96536E-1 1.95115E-1 1.98856E-1 2.01157E-1 2.07905E-1 2.10752E-1 2.03794E-1 2.00923E-1 1.96472E-1 1.7462E-1 1.68397E-1 1.64231E-1 1.59948E-1 1.61177E-1 1.74135E-1 1.84096E-1 1.79434E-1 1.79291E-1 1.8707E-1 1.94765E-1 1.98838E-1 1.99363E-1 2.00713E-1 1.89563E-1 2.02895E-1 1.90716E-1 1.58671E-1 1.44626E-1 1.33056E-1 1.28842E-1 1.32203E-1 1.42858E-1 1.618E-1 1.75283E-1 1.84046E-1 1.88845E-1 1.91725E-1 2.04479E-1 2.10837E-1 2.22145E-1 2.3072E-1 2.31342E-1 2.38126E-1 2.41085E-1
1.78337E-1 1.75406E-1 1.73237E-1 1.81635E-1 1.81323E-1 1.80883E-1 1.81173E-1 1.92646E-1 1.95406E-1 1.81711E-1 1.834E-1 1.85883E-1 1.92598E-1 1.98062E-1 2.03749E-1 2.19817E-1 2.24865E-1 2.05045E-1 1.98231E-1 1.98948E-1 2.07224E-1 2.10041E-1 2.00983E-1 1.97263E-1 1.91749E-1 1.7536E-1 1.68561E-1 1.67506E-1 1.64436E-1 1.56984E-1 1.67522E-1 2.03325E-1 2.05264E-1 1.95866E-1 1.94962E-1 2.16157E-1 2.23701E-1 2.07006E-1 2.06341E-1 1.97406E-1 1.91067E-1 1.91541E-1 1.74699E-1 1.50581E-1 1.41253E-1 1.32867E-1 1.33809E-1 1.51908E-1 1.74454E-1 1.79558E-1 1.89485E-1 1.97858E-1 2.074E-1 2.16398E-1 2.26489E-1 2.38373E-1 2.3319E-1 2.40715E-1 2.40857E-1 2.42421E-1 2.39975E-1
1.9569E-1 1.89729E-1 1.88745E-1 1.9074E-1 1.87989E-1 1.84097E-1 1.84093E-1 1.89912E-1 2.04934E-1 1.88926E-1 1.88385E-1 1.8713E-1 1.90805E-1 1.94995E-1 2.15068E-1 2.34827E-1 2.32834E-1 2.02345E-1 1.97443E-1 1.96153E-1 2.03896E-1 2.13561E-1 1.95971E-1 1.95621E-1 1.75927E-1 1.65337E-1 1.64895E-1 1.68412E-1 1.77777E-1 1.76677E-1 2.02053E-1 2.11327E-1 2.12237E-1 2.08097E-1 2.07978E-1 2.20577E-1 2.29407E-1 2.20954E-1 2.14432E-1 1.98964E-1 1.75042E-1 1.70649E-1 1.46943E-1 1.307E-1 1.29304E-1 1.5429E-1 1.68286E-1 1.81245E-1 1.82329E-1 1.81553E-1 1.9278E-1 2.07599E-1 2.22583E-1 2.34513E-1 2.53403E-1 2.43433E-1 2.5581E-1 2.58187E-1 2.51852E-1 2.5612E-1 2.51721E-1
