maxent_outputs/red_flowers_linear/red_228.asc
ncols         426
nrows         180
xllcorner     -130.0
yllcorner     24.0
cellsize      0.16666666666666666
NODATA_value  -9999
[rows 0 to 26 of 180, columns 244 to 304 of 426]
9.03479E-2 9.03583E-2 9.09918E-2 9.10774E-2 9.12159E-2 9.19118E-2 9.16453E-2 9.15459E-2 9.46382E-2 9.51694E-2 9.52941E-2 9.86221E-2 9.57561E-2 9.61864E-2 9.79615E-2 9.85259E-2 9.92956E-2 1.04582E-1 1.0534E-1 1.04388E-1 1.05403E-1 1.05824E-1 1.06657E-1 1.08571E-1 1.09282E-1 1.09268E-1 1.0879E-1 1.0729E-1 1.07718E-1 1.0912E-1 1.02836E-1 1.03762E-1 9.9856E-2 1.01948E-1 9.8006E-2 9.78625E-2 9.87053E-2 9.78334E-2 9.84128E-2 1.01966E-1 1.03192E-1 1.03781E-1 1.07865E-1 1.09545E-1 -9999 -9999 -9999 -9999 -9999 -9999 -9999 -9999 -9999 -9999 -9999 -9999 3.77823E-1 -9999 -9999 -9999 4.36723E-1
9.47471E-2 9.18761E-2 9.27169E-2 9.17363E-2 9.19069E-2 9.25276E-2 9.30275E-2 9.28278E-2 9.6186E-2 9.61147E-2 9.56861E-2 9.80635E-2 9.87327E-2 9.97037E-2 1.00402E-1 1.02978E-1 1.02491E-1 1.03219E-1 1.04453E-1 1.04177E-1 1.08537E-1 1.08172E-1 1.09644E-1 1.09884E-1 1.10146E-1 1.10175E-1 1.0682E-1 1.06931E-1 1.08454E-1 1.07796E-1 1.02247E-1 1.05863E-1 1.03015E-1 9.99404E-2 1.01184E-1 9.89274E-2 1.02278E-1 9.86301E-2 9.79487E-2 9.88026E-2 9.94914E-2 1.0515E-1 1.07734E-1 1.06319E-1 -9999 -9999 -9999 -9999 -9999 -9999 -9999 -9999 -9999 -9999 -9999 -9999 -9999 -9999 -9999 -9999 3.62551E-1
9.38928E-2 9.50937E-2 9.49577E-2 9.44201E-2 9.62963E-2 9.6223E-2 9.80154E-2 9.73745E-2 9.7619E-2 9.69396E-2 9.6595E-2 9.93E-2 9.91868E-2 1.02209E-1 1.0201E-1 1.02226E-1 1.03204E-1 1.06191E-1 1.07678E-1 1.07372E-1 1.08931E-1 1.09278E-1 1.12711E-1 1.12956E-1 1.10996E-1 1.11783E-1 1.11489E-1 1.1185E-1 1.09615E-1 1.10323E-1 1.08149E-1 1.07764E-1 1.0805E-1 1.07978E-1 1.05686E-1 1.05911E-1 1.02194E-1 9.99471E-2 1.01053E-1 1.01837E-1 1.00379E-1 1.06527E-1 1.06156E-1 -9999 -9999 -9999 -9999 -9999 -9999 -9999 -9999 -9999 -9999 -9999 -9999 -9999 -9999 1.62065E-1 -9999 -9999 3.50054E-1
9.45417E-2 9.50131E-2 9.36686E-2 9.54546E-2 9.32952E-2 9.40425E-2 9.54954E-2 9.60427E-2 9.58443E-2 9.60623E-2 1.00297E-1 9.99216E-2 9.95955E-2 1.0233E-1 1.03547E-1 1.06077E-1 1.05636E-1 1.06736E-1 1.07667E-1 1.1203E-1 1.12168E-1 1.13663E-1 1.14411E-1 1.19203E-1 1.15856E-1 1.12902E-1 1.14677E-1 1.1579E-1 1.10292E-1 1.10341E-1 1.10669E-1 1.1044E-1 1.10727E-1 1.08719E-1 1.08597E-1 1.05768E-1 1.0566E-1 1.00983E-1 1.04545E-1 1.06054E-1 1.03408E-1 1.00697E-1 1.0215E-1 1.03396E-1 -9999 -9999 -9999 -9999 -9999 -9999 -9999 -9999 -9999 -9999 -9999 1.42419E-1 1.43066E-1 1.99278E-1 -9999 -9999 -9999
9.64912E-2 9.60842E-2 9.59773E-2 9.55661E-2 9.31566E-2 9.50311E-2 9.72842E-2 9.71542E-2 9.74796E-2 9.81044E-2 1.00116E-1 1.00842E-1 1.04314E-1 1.04721E-1 1.046E-1 1.06724E-1 1.10537E-1 1.10762E-1 1.12186E-1 1.12116E-1 1.15982E-1 1.18064E-1 1.19578E-1 1.19795E-1 1.18489E-1 1.16119E-1 1.14893E-1 1.16255E-1 1.15918E-1 1.13151E-1 1.16287E-1 1.1303E-1 1.13034E-1 1.10666E-1 1.10599E-1 1.08411E-1 1.05681E-1 1.07824E-1 1.04314E-1 1.05642E-1 1.03608E-1 1.01846E-1 1.01464E-1 1.14231E-1 -9999 1.11734E-1 1.11981E-1 1.13947E-1 1.18698E-1 1.1585E-1 -9999 -9999 -9999 -9999 -9999 1.42341E-1 1.74353E-1 2.68117E-1 3.46574E-1 -9999 -9999
9.74294E-2 9.83564E-2 9.6871E-2 1.00039E-1 9.8938E-2 9.86647E-2 9.93756E-2 1.00966E-1 9.9063E-2 1.02821E-1 1.04949E-1 1.06569E-1 1.06474E-1 1.06128E-1 1.0838E-1 1.08871E-1 1.10464E-1 1.11504E-1 1.15459E-1 1.15613E-1 1.17258E-1 1.18708E-1 1.23523E-1 1.22677E-1 1.23531E-1 1.19935E-1 1.17736E-1 1.14478E-1 1.17565E-1 1.17501E-1 1.13596E-1 1.12993E-1 1.10556E-1 1.10664E-1 1.07344E-1 1.0778E-1 1.05764E-1 1.0676E-1 1.08192E-1 1.09439E-1 1.10333E-1 1.05567E-1 1.07782E-1 1.09983E-1 1.10021E-1 1.06307E-1 1.07193E-1 1.11267E-1 1.15287E-1 1.11987E-1 1.17814E-1 1.86537E-1 -9999 -9999 -9999 -9999 1.44693E-1 1.37329E-1 -9999 -9999 -9999
1.02541E-1 1.02641E-1 9.933E-2 9.87662E-2 1.00567E-1 1.00555E-1 1.01909E-1 1.01283E-1 1.06631E-1 1.03179E-1 1.06691E-1 1.09083E-1 1.0687E-1 1.06348E-1 1.09277E-1 1.08974E-1 1.11209E-1 1.15145E-1 1.16052E-1 1.16684E-1 1.20456E-1 1.21464E-1 1.21233E-1 1.25604E-1 1.26412E-1 1.2375E-1 1.20161E-1 1.20832E-1 1.17885E-1 1.17203E-1 1.1746E-1 1.17016E-1 1.13864E-1 1.12126E-1 1.08564E-1 1.08665E-1 1.093E-1 1.07164E-1 1.08938E-1 1.06429E-1 1.07771E-1 1.06191E-1 1.07008E-1 1.07316E-1 1.07124E-1 1.08811E-1 1.1042E-1 1.07597E-1 1.08131E-1 1.14608E-1 1.1673E-1 1.19634E-1 -9999 -9999 -9999 -9999 -9999 -9999 -9999 -9999 4.00121E-1
1.00984E-1 9.89041E-2 9.87444E-2 1.02311E-1 1.03604E-1 1.00047E-1 1.00168E-1 1.0292E-1 1.03045E-1 1.0509E-1 1.05697E-1 1.06497E-1 1.0856E-1 1.09042E-1 1.11524E-1 1.12097E-1 1.12361E-1 1.16673E-1 1.17484E-1 1.20895E-1 1.21255E-1 1.23489E-1 1.2391E-1 1.25472E-1 1.26154E-1 1.22987E-1 1.2289E-1 1.23665E-1 1.2066E-1 1.2047E-1 1.1664E-1 1.16498E-1 1.16559E-1 1.17115E-1 1.13766E-1 1.1196E-1 1.10062E-1 1.06354E-1 1.09849E-1 1.08288E-1 1.07583E-1 1.07349E-1 1.07825E-1 1.1237E-1 1.18874E-1 -9999 -9999 -9999 1.13446E-1 1.15341E-1 1.19927E-1 1.23991E-1 -9999 -9999 -9999 -9999 -9999 -9999 -9999 -9999 3.75739E-1
9.9354E-2 1.00073E-1 1.00028E-1 1.01296E-1 1.00702E-1 1.01279E-1 1.03721E-1 1.0508E-1 1.05673E-1 1.04952E-1 1.05686E-1 1.09595E-1 1.09995E-1 1.0984E-1 1.13173E-1 1.14594E-1 1.1619E-1 1.213E-1 1.21513E-1 1.22317E-1 1.24406E-1 1.27995E-1 1.27121E-1 1.29668E-1 1.22475E-1 1.303E-1 1.2786E-1 1.24965E-1 1.27478E-1 1.25917E-1 1.22662E-1 1.22645E-1 1.20057E-1 1.19074E-1 1.19406E-1 1.12286E-1 1.13426E-1 1.08855E-1 1.09379E-1 1.07773E-1 1.05723E-1 1.06584E-1 1.05136E-1 1.09324E-1 1.15134E-1 1.14008E-1 1.14551E-1 -9999 -9999 -9999 -9999 -9999 -9999 -9999 -9999 -9999 -9999 -9999 1.87391E-1 -9999 3.78236E-1
9.95028E-2 1.01484E-1 1.01499E-1 1.02518E-1 1.0191E-1 1.02571E-1 1.03938E-1 1.04971E-1 1.05328E-1 1.05949E-1 1.09104E-1 1.0868E-1 1.11439E-1 1.11798E-1 1.12704E-1 1.17922E-1 1.23222E-1 1.23691E-1 1.26335E-1 1.26739E-1 1.28562E-1 1.27945E-1 1.31763E-1 1.32086E-1 1.35329E-1 1.32088E-1 1.32437E-1 1.32343E-1 1.31094E-1 1.3114E-1 1.26861E-1 1.26835E-1 1.21311E-1 1.25539E-1 1.22755E-1 1.20079E-1 1.17077E-1 1.13617E-1 1.10086E-1 1.10429E-1 1.10265E-1 1.06105E-1 1.03511E-1 1.1054E-1 1.08926E-1 1.09634E-1 1.15823E-1 -9999 -9999 -9999 -9999 -9999 -9999 -9999 3.80979E-1 -9999 -9999 -9999 -9999 -9999 3.93186E-1
1.01487E-1 1.026E-1 1.03097E-1 1.03398E-1 1.02113E-1 1.06085E-1 1.04724E-1 1.05298E-1 1.10076E-1 1.09555E-1 1.10253E-1 1.13835E-1 1.13035E-1 1.16958E-1 1.17838E-1 1.22646E-1 1.23116E-1 1.27599E-1 1.28843E-1 1.30357E-1 1.33063E-1 1.33484E-1 1.34703E-1 1.37014E-1 1.41077E-1 1.41702E-1 1.39547E-1 1.36577E-1 1.39363E-1 1.41761E-1 1.34433E-1 1.31063E-1 1.32093E-1 1.29162E-1 1.30393E-1 1.24001E-1 1.19552E-1 1.16111E-1 1.15943E-1 1.13136E-1 1.1225E-1 1.11875E-1 1.08781E-1 1.06572E-1 1.06332E-1 1.10016E-1 1.15258E-1 1.61145E-1 -9999 -9999 -9999 -9999 -9999 -9999 -9999 -9999 -9999 -9999 1.59263E-1 1.39663E-1 -9999
1.05806E-1 1.05352E-1 1.04967E-1 1.06366E-1 1.08013E-1 1.08175E-1 1.07438E-1 1.08074E-1 1.06996E-1 1.11E-1 1.13724E-1 1.1357E-1 1.18127E-1 1.19751E-1 1.24183E-1 1.24333E-1 1.28621E-1 1.29646E-1 1.32875E-1 1.35001E-1 1.35231E-1 1.38135E-1 1.38298E-1 1.39299E-1 1.43499E-1 1.43914E-1 1.43003E-1 1.42949E-1 1.47012E-1 1.4436E-1 1.44654E-1 1.40833E-1 1.37392E-1 1.33588E-1 1.3058E-1 1.2682E-1 1.27191E-1 1.23291E-1 1.17931E-1 1.1909E-1 1.1477E-1 1.11226E-1 1.11646E-1 1.06544E-1 1.09061E-1 1.06914E-1 1.12182E-1 1.20579E-1 1.26284E-1 1.29495E-1 1.27575E-1 -9999 -9999 -9999 -9999 -9999 -9999 -9999 1.32023E-1 1.31375E-1 1.33802E-1
1.05387E-1 1.06086E-1 1.06229E-1 1.08258E-1 1.11105E-1 1.09744E-1 1.11143E-1 1.11331E-1 1.09808E-1 1.11538E-1 1.13466E-1 1.17877E-1 1.19402E-1 1.23582E-1 1.24231E-1 1.29274E-1 1.32028E-1 1.34303E-1 1.38017E-1 1.37947E-1 1.40487E-1 1.41361E-1 1.44337E-1 1.46083E-1 1.49216E-1 1.48059E-1 1.49306E-1 1.49189E-1 1.49471E-1 1.49875E-1 1.45862E-1 1.41203E-1 1.42451E-1 1.38232E-1 1.35539E-1 1.35822E-1 1.34476E-1 1.29754E-1 1.26659E-1 1.27778E-1 1.23176E-1 1.18282E-1 1.17247E-1 1.14194E-1 1.11776E-1 1.1243E-1 1.13699E-1 1.16328E-1 1.20898E-1 1.27701E-1 1.28185E-1 1.29443E-1 -9999 -9999 -9999 -9999 -9999 -9999 1.29507E-1 1.26276E-1 1.44908E-1
1.10049E-1 1.10851E-1 1.11053E-1 1.11882E-1 1.11748E-1 1.13827E-1 1.11699E-1 1.15847E-1 1.15975E-1 1.17483E-1 1.17196E-1 1.21878E-1 1.22927E-1 1.23748E-1 1.29704E-1 1.31184E-1 1.37008E-1 1.37318E-1 1.40901E-1 1.41226E-1 1.44005E-1 1.47927E-1 1.49996E-1 1.51725E-1 1.5079E-1 1.50596E-1 1.51347E-1 1.53969E-1 1.54929E-1 1.55225E-1 1.51595E-1 1.51011E-1 1.47854E-1 1.43704E-1 1.46384E-1 1.46651E-1 1.38623E-1 1.3204E-1 1.33018E-1 1.30109E-1 1.26008E-1 1.25294E-1 1.20984E-1 1.17685E-1 1.18618E-1 1.18565E-1 1.19418E-1 1.20434E-1 1.26081E-1 1.26183E-1 1.25663E-1 1.25713E-1 1.28812E-1 -9999 -9999 -9999 -9999 -9999 -9999 -9999 1.5023E-1
1.1251E-1 1.13622E-1 1.15657E-1 1.173E-1 1.17822E-1 1.16461E-1 1.16055E-1 1.16875E-1 1.18724E-1 1.21617E-1 1.21511E-1 1.23567E-1 1.26973E-1 1.29344E-1 1.30788E-1 1.37036E-1 1.42868E-1 1.42623E-1 1.46069E-1 1.46974E-1 1.51442E-1 1.55626E-1 1.59249E-1 1.58299E-1 1.57695E-1 1.60043E-1 1.61397E-1 1.61204E-1 1.60167E-1 1.60924E-1 1.61286E-1 1.59742E-1 1.55684E-1 1.58416E-1 1.55763E-1 1.49359E-1 1.45466E-1 1.43158E-1 1.38309E-1 1.34346E-1 1.33483E-1 1.32731E-1 1.28273E-1 1.24257E-1 1.25442E-1 1.2249E-1 1.23394E-1 1.28125E-1 1.29008E-1 1.28299E-1 1.28892E-1 1.28572E-1 1.29554E-1 1.3032E-1 -9999 -9999 -9999 -9999 1.30044E-1 1.34696E-1 1.3662E-1
1.13865E-1 1.15793E-1 1.17591E-1 1.20312E-1 1.21473E-1 1.22506E-1 1.21888E-1 1.22058E-1 1.23939E-1 1.25824E-1 1.2436E-1 1.29046E-1 1.30338E-1 1.33917E-1 1.37605E-1 1.39499E-1 1.44591E-1 1.48857E-1 1.48764E-1 1.51068E-1 1.54419E-1 1.60824E-1 1.64747E-1 1.66592E-1 1.65274E-1 1.66415E-1 1.6438E-1 1.66711E-1 1.66262E-1 1.67832E-1 1.6923E-1 1.66506E-1 1.67538E-1 1.59415E-1 1.5742E-1 1.57268E-1 1.51765E-1 1.46543E-1 1.46062E-1 1.41E-1 1.40872E-1 1.35796E-1 1.31607E-1 1.32128E-1 1.29095E-1 1.30986E-1 1.32249E-1 1.35047E-1 1.3207E-1 1.3127E-1 1.31811E-1 1.31645E-1 1.2864E-1 1.32553E-1 -9999 -9999 -9999 1.36858E-1 1.35139E-1 1.36135E-1 1.33114E-1
1.19803E-1 1.21517E-1 1.21853E-1 1.23792E-1 1.24786E-1 1.24488E-1 1.25795E-1 1.29457E-1 1.30536E-1 1.32359E-1 1.3364E-1 1.3372E-1 1.34081E-1 1.39014E-1 1.39758E-1 1.44166E-1 1.47304E-1 1.52633E-1 1.54792E-1 1.59741E-1 1.61716E-1 1.65455E-1 1.66233E-1 1.70943E-1 1.74285E-1 1.74996E-1 1.716E-1 1.75229E-1 1.75798E-1 1.75646E-1 1.71615E-1 1.70739E-1 1.64983E-1 1.67838E-1 1.65475E-1 1.65297E-1 1.61021E-1 1.6076E-1 1.54667E-1 1.48974E-1 1.49761E-1 1.4431E-1 1.39999E-1 1.37069E-1 1.38099E-1 1.36011E-1 1.38647E-1 1.41059E-1 1.3777E-1 1.37194E-1 1.33647E-1 1.32088E-1 1.35199E-1 1.37094E-1 1.36241E-1 1.34031E-1 1.41565E-1 1.38345E-1 1.43E-1 1.39751E-1 1.39803E-1
1.25035E-1 1.25381E-1 1.26764E-1 1.286E-1 1.29223E-1 1.32509E-1 1.30032E-1 1.34692E-1 1.36482E-1 1.36662E-1 1.37508E-1 1.37926E-1 1.38754E-1 1.39878E-1 1.4424E-1 1.47864E-1 1.53228E-1 1.58231E-1 1.59831E-1 1.66478E-1 1.70444E-1 1.74036E-1 1.74659E-1 1.78084E-1 1.77475E-1 1.76884E-1 1.82577E-1 1.82435E-1 1.80741E-1 1.83636E-1 1.78488E-1 1.77531E-1 1.79211E-1 1.7321E-1 1.72811E-1 1.71981E-1 1.70638E-1 1.66523E-1 1.6183E-1 1.61517E-1 1.5533E-1 1.49035E-1 1.49269E-1 1.45726E-1 1.42039E-1 1.50201E-1 1.49863E-1 1.465E-1 1.40707E-1 1.39185E-1 1.37257E-1 1.35438E-1 1.34831E-1 1.36934E-1 1.3206E-1 1.33628E-1 1.40181E-1 1.41123E-1 1.40178E-1 1.37414E-1 1.37713E-1
1.284E-1 1.33046E-1 1.35639E-1 1.35877E-1 1.37354E-1 1.37614E-1 1.3771E-1 1.36086E-1 1.37021E-1 1.37103E-1 1.37771E-1 1.38502E-1 1.40751E-1 1.44034E-1 1.48347E-1 1.50863E-1 1.58824E-1 1.66842E-1 1.71194E-1 1.70095E-1 1.74251E-1 1.78882E-1 1.82497E-1 1.86306E-1 1.8651E-1 1.88994E-1 1.90949E-1 1.91607E-1 1.8849E-1 1.88985E-1 1.86983E-1 1.87025E-1 1.84952E-1 1.8617E-1 1.79167E-1 1.77273E-1 1.75936E-1 1.70337E-1 1.69396E-1 1.65537E-1 1.60616E-1 1.63909E-1 1.58555E-1 1.51939E-1 1.50567E-1 1.50971E-1 1.52199E-1 1.52497E-1 1.43204E-1 1.39887E-1 1.42195E-1 1.40706E-1 1.35981E-1 1.36364E-1 1.372E-1 1.34322E-1 1.3681E-1 1.37197E-1 1.33781E-1 1.36651E-1 1.36282E-1
1.3528E-1 1.38436E-1 1.40587E-1 1.41244E-1 1.43876E-1 1.43104E-1 1.45408E-1 1.42514E-1 1.40269E-1 1.39865E-1 1.36579E-1 1.38279E-1 1.44465E-1 1.48003E-1 1.52021E-1 1.53336E-1 1.62333E-1 1.66689E-1 1.75836E-1 1.80884E-1 1.84672E-1 1.9201E-1 1.92454E-1 1.94828E-1 1.95604E-1 1.97089E-1 1.96459E-1 1.96545E-1 2.00896E-1 1.97809E-1 1.93682E-1 1.89901E-1 1.93187E-1 1.9255E-1 1.85333E-1 1.8335E-1 1.76723E-1 1.74373E-1 1.73547E-1 1.73467E-1 1.70383E-1 1.70909E-1 1.62981E-1 1.54966E-1 1.55443E-1 1.55313E-1 1.55439E-1 1.5372E-1 1.50033E-1 1.44977E-1 1.44186E-1 1.43431E-1 1.40594E-1 1.40447E-1 1.3793E-1 1.40716E-1 1.37059E-1 1.37802E-1 1.37659E-1 1.35457E-1 1.34747E-1
1.40682E-1 1.42607E-1 1.46759E-1 1.47877E-1 1.5142E-1 1.50957E-1 1.4882E-1 1.4554E-1 1.42615E-1 1.44987E-1 1.46619E-1 1.43198E-1 1.43888E-1 1.48166E-1 1.51997E-1 1.57088E-1 1.66752E-1 1.71799E-1 1.78255E-1 1.85819E-1 1.94753E-1 1.97004E-1 2.01497E-1 2.03985E-1 2.05782E-1 2.05029E-1 2.04037E-1 2.08025E-1 2.10506E-1 2.05558E-1 2.03289E-1 2.00591E-1 1.93657E-1 1.93121E-1 1.91252E-1 1.88202E-1 1.86628E-1 1.84803E-1 1.78346E-1 1.76967E-1 1.79158E-1 1.73734E-1 1.67991E-1 1.6414E-1 1.69967E-1 1.64992E-1 1.5784E-1 1.59074E-1 1.55103E-1 1.54529E-1 1.50701E-1 1.48937E-1 1.47799E-1 1.42546E-1 1.43542E-1 1.41651E-1 1.42852E-1 1.39618E-1 1.41089E-1 1.39763E-1 1.40723E-1
1.4828E-1 1.52627E-1 1.51856E-1 1.52879E-1 1.5492E-1 1.55522E-1 1.52718E-1 1.52978E-1 1.47017E-1 1.47962E-1 1.4486E-1 1.43775E-1 1.45712E-1 1.51345E-1 1.5156E-1 1.56486E-1 1.66022E-1 1.7783E-1 1.81538E-1 1.89628E-1 1.9672E-1 2.05026E-1 2.064E-1 2.12011E-1 2.17438E-1 2.14176E-1 2.16503E-1 2.11023E-1 2.15055E-1 2.12819E-1 2.07004E-1 2.04593E-1 2.03655E-1 2.02588E-1 1.98926E-1 1.97279E-1 1.96035E-1 1.88928E-1 1.88256E-1 1.86996E-1 1.83098E-1 1.8045E-1 1.74604E-1 1.79157E-1 1.74295E-1 1.72227E-1 1.67022E-1 1.6199E-1 1.60579E-1 1.60941E-1 1.55914E-1 1.54046E-1 1.52172E-1 1.50804E-1 1.54574E-1 1.477E-1 1.43865E-1 1.42885E-1 1.40345E-1 1.40802E-1 1.37874E-1
1.56759E-1 1.5934E-1 1.62402E-1 1.72964E-1 1.86923E-1 1.79858E-1 1.65823E-1 1.58196E-1 1.51851E-1 1.50728E-1 1.46242E-1 1.42419E-1 1.44814E-1 1.44385E-1 1.51746E-1 1.57378E-1 1.77476E-1 1.81641E-1 1.90549E-1 1.94073E-1 2.03878E-1 2.10162E-1 2.13058E-1 2.23714E-1 2.23374E-1 2.25565E-1 2.19955E-1 2.19367E-1 2.18331E-1 2.14376E-1 2.17964E-1 2.16812E-1 2.08105E-1 2.1035E-1 2.07908E-1 2.07448E-1 2.02996E-1 2.00732E-1 1.99182E-1 1.93661E-1 1.88864E-1 1.88062E-1 1.86393E-1 1.828E-1 1.79547E-1 1.76261E-1 1.77667E-1 1.74288E-1 1.66035E-1 1.66233E-1 1.62004E-1 1.60935E-1 1.59373E-1 1.61084E-1 1.58243E-1 1.51271E-1 1.47654E-1 1.48356E-1 1.4458E-1 1.42248E-1 1.42116E-1
1.63073E-1 1.67054E-1 1.82082E-1 2.08477E-1 2.05351E-1 2.08004E-1 1.95366E-1 1.70018E-1 1.59715E-1 1.53009E-1 1.49022E-1 1.46284E-1 1.39279E-1 1.39866E-1 1.46969E-1 1.57293E-1 1.77236E-1 1.84957E-1 1.97165E-1 2.04407E-1 2.14148E-1 2.18008E-1 2.22965E-1 2.29617E-1 2.33695E-1 2.36502E-1 2.26933E-1 2.26947E-1 2.24136E-1 2.22266E-1 2.23131E-1 2.22657E-1 2.17281E-1 2.18352E-1 2.16286E-1 2.15225E-1 2.12467E-1 2.13668E-1 2.05049E-1 2.01987E-1 1.96242E-1 1.90654E-1 1.95474E-1 1.93408E-1 1.85793E-1 1.83857E-1 1.83702E-1 1.75728E-1 1.74416E-1 1.73882E-1 1.7125E-1 1.70375E-1 1.63927E-1 1.62751E-1 1.5998E-1 1.54067E-1 1.5535E-1 1.51479E-1 1.47233E-1 1.46049E-1 1.43358E-1
1.69558E-1 1.71319E-1 2.0166E-1 2.19641E-1 2.19208E-1 2.21759E-1 2.2243E-1 2.03808E-1 1.65535E-1 1.55125E-1 1.55249E-1 1.50491E-1 1.40027E-1 1.41334E-1 1.42723E-1 1.6115E-1 1.85432E-1 2.01635E-1 2.16094E-1 2.22618E-1 2.17637E-1 2.22242E-1 2.31419E-1 2.30888E-1 2.37515E-1 2.36303E-1 2.36685E-1 2.32603E-1 2.28687E-1 2.29321E-1 2.31003E-1 2.32765E-1 2.29571E-1 2.2699E-1 2.20998E-1 2.25469E-1 2.24011E-1 2.1598E-1 2.16142E-1 2.00269E-1 2.00099E-1 1.91924E-1 1.95301E-1 1.97114E-1 1.91693E-1 1.92456E-1 1.89954E-1 1.87646E-1 1.86701E-1 1.81321E-1 1.8116E-1 1.76768E-1 1.73256E-1 1.69295E-1 1.64497E-1 1.64534E-1 1.59114E-1 1.58633E-1 1.54556E-1 1.48644E-1 1.47097E-1
1.75211E-1 1.87307E-1 2.23719E-1 2.32517E-1 2.33624E-1 2.29574E-1 2.25758E-1 2.03908E-1 1.70617E-1 1.60311E-1 1.59765E-1 1.52034E-1 1.49804E-1 1.44559E-1 1.46785E-1 1.6917E-1 2.04111E-1 2.08033E-1 2.21242E-1 2.33424E-1 2.29708E-1 2.25466E-1 2.25629E-1 2.3641E-1 2.39554E-1 2.36047E-1 2.31023E-1 2.29313E-1 2.28837E-1 2.29966E-1 2.29925E-1 2.35949E-1 2.34327E-1 2.2994E-1 2.29131E-1 2.29556E-1 2.26595E-1 2.22945E-1 2.1655E-1 2.04245E-1 1.96568E-1 1.96694E-1 2.00351E-1 1.99912E-1 1.98421E-1 1.93236E-1 1.91989E-1 1.89486E-1 1.90072E-1 1.93883E-1 1.9627E-1 1.91939E-1 1.89124E-1 1.79991E-1 1.76395E-1 1.72352E-1 1.6614E-1 1.64593E-1 1.5877E-1 1.53436E-1 1.49489E-1
1.81758E-1 1.82936E-1 2.15403E-1 2.28672E-1 2.27252E-1 2.35074E-1 2.32193E-1 1.95277E-1 1.7223E-1 1.68029E-1 1.61368E-1 1.5598E-1 1.57378E-1 1.56886E-1 1.70327E-1 2.03395E-1 2.14636E-1 2.22419E-1 2.21964E-1 2.27742E-1 2.21336E-1 2.21503E-1 2.23329E-1 2.26641E-1 2.24416E-1 2.24564E-1 2.26356E-1 2.28492E-1 2.32099E-1 2.30871E-1 2.36191E-1 2.34435E-1 2.35687E-1 2.34912E-1 2.40274E-1 2.37541E-1 2.4044E-1 2.33631E-1 2.22002E-1 2.09668E-1 1.96914E-1 2.01441E-1 2.068E-1 2.11447E-1 2.10082E-1 2.04724E-1 2.02231E-1 2.05383E-1 2.06484E-1 2.09692E-1 2.0724E-1 2.03133E-1 1.89866E-1 1.88991E-1 1.84341E-1 1.74812E-1 1.70891E-1 1.67097E-1 1.59916E-1 1.56202E-1 1.51075E-1
