maxent_outputs/red_flowers_linear/red_335.asc
ncols         426
nrows         180
xllcorner     -130.0
yllcorner     24.0
cellsize      0.16666666666666666
NODATA_value  -9999
[rows 27 to 53 of 180, columns 244 to 304 of 426]
2.54655E-3 2.53726E-3 2.94278E-3 3.41607E-3 4.03569E-3 4.66774E-3 4.14095E-3 2.9402E-3 2.59604E-3 2.51941E-3 2.53093E-3 2.88208E-3 3.0637E-3 2.92767E-3 4.00518E-3 3.02126E-3 3.00376E-3 2.94095E-3 2.95727E-3 3.03755E-3 2.86546E-3 2.88636E-3 3.07302E-3 2.66334E-3 2.58253E-3 3.18915E-3 2.68625E-3 2.62414E-3 2.62399E-3 2.45557E-3 2.51257E-3 2.5123E-3 2.56579E-3 2.61125E-3 2.74731E-3 2.56982E-3 2.48673E-3 2.60629E-3 2.59665E-3 2.62213E-3 2.68028E-3 2.71912E-3 2.8211E-3 2.80892E-3 2.57322E-3 2.52484E-3 2.65113E-3 2.73814E-3 2.75391E-3 2.67302E-3 2.5972E-3 2.75538E-3 2.84758E-3 2.76419E-3 2.72345E-3 2.67465E-3 2.54539E-3 2.50926E-3 2.52984E-3 2.4824E-3 2.48251E-3
2.54286E-3 2.73229E-3 3.0832E-3 2.76211E-3 2.70043E-3 3.13832E-3 2.90585E-3 2.70413E-3 2.63247E-3 2.48977E-3 2.42064E-3 2.97526E-3 2.82916E-3 3.17096E-3 2.89297E-3 2.86506E-3 2.99772E-3 3.5076E-3 3.24052E-3 3.16235E-3 3.18063E-3 2.89234E-3 2.90502E-3 3.06956E-3 3.06875E-3 3.02376E-3 2.60663E-3 2.62065E-3 2.63493E-3 2.51607E-3 2.45818E-3 2.57949E-3 2.46525E-3 2.60332E-3 2.65574E-3 2.61882E-3 2.594E-3 2.59486E-3 2.4114E-3 2.49362E-3 2.70771E-3 2.68044E-3 2.71742E-3 2.75789E-3 2.81033E-3 2.84937E-3 2.8095E-3 2.74872E-3 2.87101E-3 2.78465E-3 2.66933E-3 2.72307E-3 2.74862E-3 2.62226E-3 2.66716E-3 2.69127E-3 2.58689E-3 2.56944E-3 2.68553E-3 2.56756E-3 2.6598E-3
2.60577E-3 2.72468E-3 3.08963E-3 3.17107E-3 3.01657E-3 3.10906E-3 3.87423E-3 3.50789E-3 2.87227E-3 2.90235E-3 3.21724E-3 3.41575E-3 3.20173E-3 3.57039E-3 2.97085E-3 3.15833E-3 3.80433E-3 4.20789E-3 3.81149E-3 3.45188E-3 3.03622E-3 3.15675E-3 3.12746E-3 3.46777E-3 3.5853E-3 3.25675E-3 2.8072E-3 2.90762E-3 2.87771E-3 2.91919E-3 2.93133E-3 2.70483E-3 2.65476E-3 2.68998E-3 2.66078E-3 2.82659E-3 2.87123E-3 3.10688E-3 2.90975E-3 2.87885E-3 3.03647E-3 2.78834E-3 2.69897E-3 2.78243E-3 2.82439E-3 2.96323E-3 2.9196E-3 2.71632E-3 2.74665E-3 2.71144E-3 2.67041E-3 2.7E-3 2.68891E-3 2.73052E-3 2.79184E-3 2.80389E-3 2.71256E-3 2.80279E-3 2.92851E-3 2.71324E-3 2.72175E-3
2.49935E-3 2.55489E-3 3.06172E-3 3.39341E-3 3.49963E-3 3.64432E-3 5.00316E-3 6.29357E-3 5.43793E-3 6.76013E-3 5.99071E-3 4.86642E-3 4.34973E-3 4.61071E-3 4.83807E-3 4.15243E-3 4.08658E-3 4.49033E-3 4.31895E-3 4.03462E-3 3.52747E-3 3.65468E-3 3.54498E-3 3.30956E-3 3.18102E-3 2.98063E-3 3.22255E-3 3.22661E-3 3.04968E-3 4.11194E-3 3.10731E-3 2.97036E-3 2.81675E-3 2.79019E-3 2.90747E-3 3.23223E-3 2.94891E-3 2.81664E-3 2.99223E-3 3.06934E-3 3.02235E-3 3.02253E-3 2.87932E-3 2.76089E-3 2.75861E-3 2.90937E-3 2.92163E-3 2.78811E-3 2.76053E-3 2.83935E-3 2.75653E-3 2.83807E-3 2.7232E-3 2.82712E-3 2.87764E-3 4.04825E-3 4.12819E-3 3.11526E-3 3.06491E-3 2.76979E-3 2.7666E-3
2.91656E-3 2.73081E-3 2.98705E-3 3.45925E-3 4.52662E-3 6.71824E-3 4.75047E-3 5.93615E-3 8.48615E-3 1.14202E-2 1.48472E-2 1.64527E-2 1.35797E-2 1.17787E-2 1.3E-2 1.29678E-2 9.8794E-3 9.17107E-3 5.16526E-3 4.18077E-3 3.80727E-3 3.87814E-3 4.34974E-3 3.46801E-3 3.27055E-3 3.36961E-3 3.38976E-3 3.54061E-3 3.16865E-3 3.4631E-3 3.31389E-3 3.20476E-3 3.12613E-3 3.03509E-3 3.18698E-3 3.24677E-3 3.28362E-3 3.09378E-3 3.0232E-3 3.14155E-3 2.99217E-3 3.13754E-3 3.067E-3 2.99363E-3 2.91319E-3 2.80747E-3 2.8844E-3 2.86864E-3 2.84102E-3 2.90823E-3 2.95653E-3 2.84468E-3 2.91575E-3 3.05091E-3 3.20912E-3 4.47488E-3 5.1562E-3 3.74659E-3 4.79565E-3 3.20913E-3 2.93353E-3
4.01101E-3 4.67032E-3 6.21831E-3 6.36583E-3 7.71564E-3 8.00182E-3 1.48005E-2 2.4813E-2 3.27219E-2 3.44439E-2 3.51538E-2 3.55668E-2 3.57271E-2 3.4453E-2 3.4064E-2 3.67826E-2 3.68263E-2 3.569E-2 1.15829E-2 4.90416E-3 4.503E-3 4.12464E-3 3.86689E-3 3.77087E-3 3.64769E-3 3.85945E-3 3.54831E-3 3.53342E-3 3.89169E-3 3.57141E-3 3.80808E-3 3.27301E-3 3.37122E-3 3.43705E-3 3.32516E-3 3.34515E-3 3.33874E-3 3.23935E-3 3.35512E-3 3.26365E-3 3.24843E-3 3.15402E-3 3.1827E-3 3.20505E-3 3.19576E-3 3.09295E-3 3.24328E-3 3.02451E-3 2.96124E-3 3.00569E-3 3.42697E-3 3.00389E-3 2.92247E-3 2.91651E-3 2.9463E-3 2.97778E-3 3.56013E-3 3.95519E-3 4.39224E-3 3.80032E-3 3.43162E-3
6.5524E-3 1.37189E-2 1.36436E-2 9.73962E-3 1.38076E-2 2.2813E-2 3.13129E-2 3.30593E-2 3.45259E-2 3.52866E-2 3.59462E-2 3.73572E-2 3.78005E-2 3.85632E-2 3.93225E-2 3.88271E-2 3.80407E-2 3.8951E-2 2.53041E-2 6.76133E-3 5.19962E-3 4.75093E-3 4.37059E-3 4.26212E-3 4.25381E-3 4.13312E-3 3.77735E-3 3.87917E-3 3.82289E-3 3.85637E-3 4.43273E-3 4.11075E-3 3.85558E-3 4.62312E-3 4.22313E-3 3.98958E-3 3.76293E-3 3.40754E-3 3.62279E-3 3.46906E-3 3.39232E-3 3.31722E-3 3.35465E-3 3.43297E-3 3.44433E-3 3.40664E-3 3.30275E-3 3.3259E-3 3.28133E-3 3.37163E-3 3.77833E-3 3.36307E-3 3.3185E-3 3.31141E-3 3.12931E-3 3.07862E-3 3.43425E-3 3.47958E-3 3.71146E-3 3.9203E-3 4.33803E-3
9.75575E-3 1.45768E-2 2.0664E-2 2.60847E-2 2.8523E-2 2.76086E-2 3.20295E-2 3.47549E-2 3.54854E-2 3.64566E-2 3.80514E-2 3.89195E-2 3.95203E-2 3.98299E-2 4.06346E-2 4.04249E-2 3.96067E-2 4.02063E-2 3.97133E-2 1.07768E-2 5.79436E-3 5.45565E-3 5.13007E-3 4.79826E-3 4.76525E-3 4.67613E-3 4.44184E-3 4.42355E-3 4.1811E-3 3.99664E-3 4.70244E-3 4.89421E-3 4.32578E-3 4.14539E-3 4.03044E-3 3.9572E-3 4.02516E-3 3.68456E-3 3.55965E-3 3.61467E-3 3.82667E-3 3.63325E-3 3.61226E-3 3.54049E-3 3.55513E-3 3.55491E-3 3.52648E-3 3.51942E-3 3.54124E-3 3.59565E-3 3.53811E-3 3.39646E-3 3.79432E-3 3.51435E-3 3.65126E-3 3.67041E-3 3.62832E-3 3.76352E-3 4.08919E-3 4.56625E-3 4.15934E-3
2.11572E-2 2.62226E-2 2.00393E-2 1.71695E-2 1.66456E-2 2.74213E-2 3.46547E-2 3.57973E-2 3.64383E-2 3.82018E-2 3.9931E-2 4.08118E-2 4.12508E-2 4.16596E-2 4.20963E-2 4.21808E-2 4.21699E-2 4.10135E-2 4.13969E-2 2.87266E-2 1.07991E-2 6.87884E-3 6.28808E-3 6.11712E-3 5.9943E-3 5.73987E-3 5.88642E-3 5.24213E-3 4.98591E-3 4.96963E-3 4.50206E-3 4.64948E-3 4.79249E-3 4.30201E-3 4.23129E-3 4.53401E-3 4.58558E-3 4.2183E-3 3.78074E-3 4.05899E-3 4.06773E-3 4.09023E-3 4.35195E-3 3.79735E-3 3.74918E-3 3.61282E-3 3.64156E-3 3.78183E-3 3.65521E-3 3.74133E-3 3.86328E-3 4.06395E-3 4.16134E-3 3.76287E-3 3.75368E-3 4.01853E-3 3.99897E-3 4.201E-3 4.50678E-3 4.38118E-3 4.33724E-3
2.29701E-2 1.39629E-2 1.69238E-2 2.48635E-2 3.20044E-2 3.55317E-2 3.62804E-2 3.67581E-2 3.76336E-2 3.9734E-2 4.1223E-2 4.18236E-2 4.17367E-2 4.28705E-2 4.64076E-2 4.68496E-2 4.69818E-2 4.58907E-2 4.56794E-2 4.55376E-2 3.9224E-2 2.36557E-2 2.01921E-2 1.93673E-2 2.26199E-2 2.63587E-2 1.54714E-2 6.8433E-3 5.78982E-3 4.99935E-3 4.64546E-3 4.21747E-3 4.95228E-3 4.93802E-3 4.72233E-3 4.69002E-3 4.92864E-3 4.20716E-3 4.1373E-3 4.249E-3 4.15295E-3 4.23374E-3 3.95665E-3 3.79438E-3 3.92411E-3 3.94211E-3 4.24112E-3 4.30358E-3 4.27059E-3 4.22742E-3 4.19281E-3 4.31504E-3 4.23878E-3 3.98143E-3 4.04053E-3 3.95776E-3 3.87889E-3 4.33334E-3 4.42956E-3 4.37461E-3 4.34723E-3
3.01022E-2 2.70566E-2 3.30864E-2 3.39286E-2 3.45023E-2 3.66526E-2 3.76986E-2 3.82337E-2 3.97185E-2 4.03584E-2 4.13721E-2 4.14516E-2 4.34362E-2 4.47895E-2 4.79027E-2 4.79698E-2 4.81009E-2 4.76527E-2 4.71327E-2 4.66439E-2 2.58356E-2 1.79078E-2 2.56861E-2 4.34632E-2 4.29899E-2 4.22058E-2 1.11072E-2 6.75968E-3 5.70555E-3 5.23877E-3 5.21097E-3 4.86734E-3 4.58689E-3 4.50392E-3 5.09497E-3 4.64638E-3 4.60803E-3 4.18232E-3 4.44082E-3 4.65238E-3 4.51363E-3 4.14995E-3 4.5744E-3 4.69443E-3 4.30006E-3 4.17386E-3 4.40924E-3 4.64116E-3 4.30623E-3 4.54418E-3 4.41079E-3 4.31774E-3 4.41877E-3 4.44831E-3 4.32492E-3 4.33282E-3 4.14912E-3 4.05996E-3 4.24245E-3 4.05115E-3 4.29934E-3
3.31699E-2 3.3874E-2 3.48634E-2 3.48184E-2 3.71036E-2 3.65208E-2 3.84913E-2 3.47843E-2 3.38951E-2 3.70116E-2 3.91686E-2 4.19346E-2 4.41969E-2 4.50298E-2 4.90687E-2 4.86807E-2 4.94415E-2 4.88824E-2 4.78233E-2 4.76992E-2 4.30481E-2 4.06904E-2 4.41781E-2 4.35312E-2 4.40757E-2 3.93634E-2 1.10246E-2 7.74586E-3 6.39893E-3 5.83949E-3 5.39977E-3 5.28355E-3 4.78325E-3 5.07291E-3 5.22797E-3 4.69391E-3 4.67659E-3 4.52303E-3 4.44325E-3 4.38655E-3 4.50786E-3 4.45744E-3 4.69823E-3 4.45543E-3 4.44688E-3 4.55711E-3 4.51891E-3 4.61506E-3 4.68441E-3 4.39899E-3 4.52006E-3 4.78886E-3 4.42218E-3 4.65492E-3 4.85721E-3 4.7842E-3 4.75488E-3 4.59208E-3 5.02406E-3 4.71298E-3 4.89953E-3
3.54755E-2 3.57563E-2 3.36322E-2 3.45055E-2 3.43465E-2 2.67321E-2 1.73226E-2 1.66427E-2 1.90788E-2 2.26541E-2 3.11218E-2 3.92892E-2 4.46785E-2 4.59849E-2 4.88875E-2 4.96855E-2 5.03849E-2 5.07622E-2 4.99228E-2 4.97715E-2 4.40633E-2 3.87609E-2 4.54423E-2 4.48928E-2 4.49461E-2 4.48637E-2 3.394E-2 2.01335E-2 8.99219E-3 6.30731E-3 5.71046E-3 5.95766E-3 5.63887E-3 5.7607E-3 5.60197E-3 5.6227E-3 5.3787E-3 5.62465E-3 5.16611E-3 5.25739E-3 5.22261E-3 4.90202E-3 4.69181E-3 4.8489E-3 4.47244E-3 4.6346E-3 4.66234E-3 4.57132E-3 4.2777E-3 4.36949E-3 4.48992E-3 4.993E-3 4.9918E-3 5.23722E-3 5.63523E-3 5.78566E-3 5.43765E-3 5.26829E-3 6.89912E-3 5.1648E-3 4.82201E-3
3.62742E-2 3.56612E-2 3.17727E-2 2.7119E-2 1.87282E-2 1.37398E-2 1.37635E-2 2.02692E-2 3.14993E-2 4.00664E-2 4.01024E-2 3.93977E-2 4.09883E-2 4.35861E-2 4.90187E-2 5.04475E-2 5.03897E-2 5.14868E-2 5.15575E-2 5.05276E-2 4.56624E-2 4.46575E-2 4.65358E-2 4.61627E-2 4.65782E-2 4.61608E-2 4.37057E-2 3.41414E-2 1.27293E-2 7.20671E-3 6.69611E-3 6.0752E-3 5.98281E-3 5.79796E-3 6.3765E-3 6.38022E-3 6.3028E-3 5.97973E-3 5.52153E-3 5.389E-3 5.75017E-3 5.81499E-3 6.3912E-3 5.64941E-3 4.88625E-3 4.6899E-3 5.0233E-3 4.74104E-3 4.80605E-3 5.28211E-3 5.04218E-3 5.34105E-3 5.41945E-3 5.27346E-3 6.34865E-3 5.77111E-3 5.53123E-3 5.43643E-3 5.78152E-3 6.53128E-3 5.09693E-3
3.23931E-2 2.7127E-2 2.01185E-2 1.44823E-2 1.26723E-2 1.39716E-2 2.32068E-2 3.49463E-2 3.9381E-2 4.08273E-2 4.03528E-2 3.98002E-2 4.01774E-2 4.2521E-2 5.03372E-2 5.18178E-2 5.133E-2 5.15926E-2 5.2537E-2 5.18374E-2 4.73157E-2 4.71417E-2 4.72285E-2 4.7304E-2 4.73744E-2 4.67968E-2 4.39195E-2 2.13552E-2 9.02924E-3 7.83082E-3 7.13693E-3 6.63573E-3 6.78892E-3 6.9375E-3 7.06267E-3 6.93824E-3 6.94468E-3 6.55241E-3 5.84297E-3 5.43861E-3 6.0992E-3 5.98783E-3 5.5439E-3 5.60474E-3 5.3247E-3 5.02738E-3 5.51613E-3 5.85363E-3 5.82469E-3 5.64962E-3 5.12025E-3 5.33439E-3 5.83375E-3 5.8157E-3 6.39906E-3 7.22157E-3 6.00661E-3 5.96728E-3 5.95084E-3 6.91988E-3 5.80365E-3
1.61246E-2 1.39963E-2 1.27223E-2 1.19265E-2 1.24239E-2 1.64326E-2 1.96253E-2 1.89579E-2 2.13812E-2 2.92198E-2 3.90158E-2 4.21249E-2 4.13098E-2 4.29209E-2 4.55321E-2 4.82676E-2 4.68963E-2 4.57109E-2 4.78295E-2 4.77365E-2 4.69887E-2 4.78807E-2 4.7382E-2 4.61795E-2 4.60679E-2 4.49784E-2 4.33449E-2 2.78208E-2 1.71871E-2 1.21021E-2 8.41032E-3 7.51585E-3 7.88367E-3 7.72906E-3 8.24984E-3 8.04906E-3 8.502E-3 8.51806E-3 7.57641E-3 6.4822E-3 6.51081E-3 6.61204E-3 5.64143E-3 6.04353E-3 6.71426E-3 6.2104E-3 6.29615E-3 5.86992E-3 5.78402E-3 5.77228E-3 5.90495E-3 6.305E-3 6.56344E-3 6.55896E-3 6.84358E-3 7.94783E-3 6.70792E-3 5.97429E-3 5.87149E-3 5.86378E-3 7.20016E-3
1.12423E-2 1.04018E-2 1.05906E-2 1.18123E-2 1.23196E-2 1.33593E-2 1.17383E-2 1.10624E-2 1.19589E-2 1.56927E-2 2.00343E-2 4.15813E-2 4.40926E-2 4.36929E-2 4.45962E-2 4.67466E-2 4.60947E-2 4.64201E-2 4.46891E-2 4.07513E-2 3.29603E-2 3.23214E-2 3.74714E-2 2.70371E-2 2.06542E-2 1.75771E-2 3.00397E-2 3.608E-2 2.3588E-2 1.30095E-2 9.15582E-3 8.55529E-3 8.95078E-3 8.89593E-3 8.85904E-3 8.80545E-3 8.56843E-3 8.93694E-3 8.49883E-3 8.7354E-3 7.63181E-3 7.04454E-3 7.47692E-3 7.22325E-3 7.35193E-3 7.4495E-3 6.79383E-3 6.34908E-3 6.31177E-3 6.3636E-3 6.79432E-3 1.22456E-2 8.05279E-3 7.3813E-3 6.59769E-3 6.58118E-3 6.97245E-3 6.57173E-3 6.01587E-3 5.71596E-3 6.22225E-3
8.97847E-3 1.0181E-2 9.94958E-3 1.05598E-2 9.31203E-3 8.4765E-3 8.15103E-3 8.36899E-3 8.88883E-3 1.1062E-2 1.41296E-2 2.11661E-2 3.98856E-2 3.77787E-2 4.14853E-2 4.09305E-2 3.78755E-2 2.95969E-2 1.9351E-2 1.57353E-2 1.58222E-2 1.53522E-2 1.40755E-2 1.3411E-2 1.32309E-2 1.41637E-2 2.99912E-2 3.48748E-2 2.34022E-2 1.14803E-2 1.04245E-2 1.08534E-2 1.08964E-2 9.96298E-3 9.91968E-3 1.06528E-2 1.02359E-2 1.06934E-2 1.00314E-2 1.04443E-2 9.26473E-3 9.30258E-3 8.84888E-3 8.79015E-3 8.89526E-3 8.74142E-3 7.96711E-3 8.13002E-3 7.3665E-3 7.05927E-3 6.90086E-3 7.21169E-3 7.67598E-3 7.4412E-3 7.30577E-3 7.29791E-3 7.03708E-3 6.77711E-3 6.45825E-3 6.23528E-3 6.1373E-3
9.24031E-3 9.42986E-3 9.54753E-3 8.64186E-3 7.81735E-3 7.40557E-3 7.92704E-3 8.04873E-3 8.06359E-3 9.51255E-3 1.13638E-2 1.22401E-2 1.5516E-2 1.69717E-2 1.89432E-2 1.92997E-2 1.75091E-2 1.61223E-2 1.42768E-2 1.28324E-2 1.28324E-2 1.43717E-2 1.36899E-2 1.32791E-2 1.38084E-2 1.39273E-2 1.55605E-2 1.57025E-2 1.47231E-2 1.14717E-2 1.19039E-2 1.21286E-2 1.15553E-2 1.0994E-2 1.05743E-2 1.13192E-2 1.14717E-2 1.1532E-2 1.20951E-2 1.10178E-2 1.12647E-2 1.13771E-2 9.4302E-3 9.29237E-3 9.21285E-3 9.09772E-3 8.93969E-3 8.99765E-3 8.53737E-3 8.64737E-3 8.50695E-3 8.25943E-3 8.50645E-3 7.95398E-3 7.80576E-3 8.39181E-3 8.56571E-3 8.02296E-3 7.08949E-3 6.44826E-3 6.6187E-3
8.29789E-3 8.32133E-3 8.85518E-3 8.63173E-3 7.93351E-3 7.79891E-3 8.53412E-3 8.91155E-3 9.45679E-3 1.05932E-2 1.13348E-2 1.09969E-2 1.28128E-2 1.40726E-2 1.41262E-2 1.41135E-2 1.5452E-2 1.55675E-2 1.35162E-2 1.30969E-2 1.54624E-2 1.89828E-2 1.57619E-2 1.50079E-2 1.61545E-2 1.52893E-2 1.37388E-2 1.35274E-2 1.16417E-2 1.19685E-2 1.3301E-2 1.42368E-2 1.35217E-2 1.77049E-2 1.89437E-2 1.80297E-2 1.6414E-2 1.44875E-2 1.41523E-2 1.41164E-2 1.22535E-2 1.23994E-2 1.15085E-2 1.07082E-2 1.08259E-2 1.07023E-2 1.08278E-2 1.16759E-2 1.18244E-2 9.72852E-3 9.6378E-3 9.19556E-3 9.1546E-3 8.99759E-3 9.3016E-3 1.04176E-2 1.15564E-2 1.22199E-2 1.34223E-2 1.00829E-2 8.30359E-3
7.62062E-3 8.34275E-3 8.4784E-3 8.48761E-3 7.86459E-3 8.62581E-3 8.94825E-3 9.4167E-3 1.04806E-2 1.12472E-2 1.1522E-2 1.14026E-2 1.25025E-2 1.37565E-2 1.44205E-2 1.51223E-2 1.56703E-2 1.58538E-2 1.55286E-2 1.55865E-2 1.67012E-2 1.8845E-2 1.94835E-2 2.27409E-2 2.10185E-2 1.91666E-2 1.79648E-2 1.79952E-2 1.77747E-2 1.53772E-2 1.43453E-2 1.55395E-2 1.85575E-2 1.95672E-2 2.11702E-2 3.06806E-2 3.23457E-2 3.08795E-2 2.95116E-2 2.91596E-2 2.70787E-2 2.33462E-2 2.0216E-2 1.72808E-2 1.43334E-2 1.3857E-2 1.39656E-2 1.26697E-2 1.20138E-2 1.13299E-2 1.07793E-2 1.02604E-2 1.01885E-2 9.79065E-3 9.82579E-3 9.64247E-3 9.54097E-3 9.65695E-3 9.52698E-3 8.78587E-3 8.1682E-3
7.94917E-3 8.38358E-3 8.94289E-3 9.13573E-3 9.20432E-3 9.61474E-3 9.50902E-3 1.00548E-2 1.09992E-2 1.12612E-2 1.15069E-2 1.20103E-2 1.26165E-2 1.40434E-2 1.4848E-2 1.5908E-2 1.69549E-2 1.60202E-2 2.41643E-2 2.9065E-2 2.83451E-2 3.2754E-2 3.7651E-2 3.65946E-2 3.4681E-2 3.27989E-2 2.48471E-2 2.18523E-2 2.55843E-2 3.07593E-2 3.2641E-2 3.47604E-2 3.46596E-2 2.87469E-2 2.52264E-2 2.2732E-2 2.37623E-2 2.33944E-2 2.02266E-2 2.32346E-2 2.02318E-2 1.77607E-2 1.74297E-2 1.99379E-2 1.52346E-2 2.19276E-2 2.63229E-2 3.24447E-2 2.59882E-2 2.06941E-2 1.81818E-2 1.21656E-2 1.11883E-2 1.08262E-2 1.06191E-2 1.03514E-2 1.00922E-2 9.6358E-3 8.92263E-3 8.56251E-3 8.38087E-3
7.74558E-3 8.04531E-3 8.69798E-3 8.7928E-3 9.05579E-3 9.08832E-3 9.41405E-3 1.01744E-2 1.09682E-2 1.14617E-2 1.14755E-2 1.25155E-2 1.3788E-2 1.8555E-2 2.0679E-2 2.27065E-2 2.13952E-2 3.02101E-2 4.41844E-2 5.18759E-2 5.07054E-2 4.15743E-2 2.70813E-2 2.87049E-2 3.88953E-2 3.28457E-2 2.45346E-2 2.20161E-2 2.16682E-2 2.45575E-2 4.32846E-2 5.16158E-2 5.43814E-2 5.46949E-2 5.38744E-2 5.03097E-2 4.89799E-2 4.18142E-2 3.621E-2 3.75012E-2 3.08183E-2 1.99899E-2 1.8349E-2 1.82527E-2 1.98075E-2 1.91271E-2 2.93067E-2 5.1373E-2 5.07624E-2 4.8497E-2 4.71151E-2 3.72976E-2 1.39022E-2 1.23176E-2 1.25178E-2 1.22431E-2 1.07911E-2 1.00242E-2 9.59045E-3 9.73955E-3 9.27897E-3
8.33641E-3 8.05336E-3 8.47786E-3 9.26049E-3 9.1814E-3 9.46991E-3 9.66705E-3 1.0266E-2 1.12733E-2 1.17622E-2 1.1943E-2 1.39582E-2 2.05675E-2 3.13812E-2 3.22241E-2 2.91704E-2 3.27327E-2 4.89609E-2 5.16287E-2 5.25484E-2 4.96717E-2 4.54671E-2 3.06533E-2 3.92499E-2 4.26301E-2 2.73327E-2 2.0928E-2 2.04512E-2 2.06279E-2 2.05704E-2 2.16008E-2 3.16689E-2 4.45282E-2 5.12752E-2 5.17595E-2 5.19277E-2 5.32406E-2 5.31604E-2 4.91339E-2 5.48714E-2 5.54101E-2 5.25707E-2 4.24002E-2 2.95454E-2 2.64028E-2 2.64745E-2 4.96416E-2 4.9585E-2 5.30182E-2 5.16523E-2 5.07236E-2 4.97751E-2 3.35225E-2 1.72814E-2 1.45182E-2 1.34964E-2 1.18968E-2 1.10728E-2 1.05661E-2 9.97499E-3 1.01519E-2
8.75824E-3 8.64563E-3 9.06838E-3 9.23783E-3 9.83636E-3 1.03615E-2 1.03779E-2 1.07154E-2 1.13895E-2 1.18951E-2 1.25472E-2 1.59879E-2 2.81917E-2 3.32246E-2 2.7366E-2 3.31192E-2 4.45399E-2 5.04422E-2 5.12655E-2 5.10331E-2 4.30731E-2 4.16307E-2 4.73412E-2 4.58362E-2 3.92949E-2 2.88587E-2 2.26546E-2 2.14245E-2 2.18918E-2 1.928E-2 2.03751E-2 1.98672E-2 2.13362E-2 2.83203E-2 3.6213E-2 4.50494E-2 4.93811E-2 5.01737E-2 5.172E-2 5.14499E-2 5.28544E-2 5.38315E-2 5.47055E-2 5.50189E-2 4.81124E-2 4.01283E-2 5.2823E-2 5.37352E-2 5.4437E-2 5.33136E-2 5.29145E-2 5.15755E-2 4.91488E-2 3.2151E-2 1.83821E-2 1.9332E-2 1.36577E-2 1.19135E-2 1.14105E-2 1.09287E-2 1.12766E-2
8.53806E-3 8.3662E-3 9.15154E-3 9.71005E-3 1.07877E-2 1.13026E-2 1.16731E-2 1.16699E-2 1.20047E-2 1.33231E-2 1.5578E-2 2.3659E-2 2.92073E-2 2.46044E-2 3.2189E-2 4.28441E-2 4.60733E-2 4.83375E-2 4.88389E-2 4.5521E-2 4.60648E-2 4.5915E-2 3.76912E-2 3.54709E-2 2.52828E-2 2.43214E-2 2.14668E-2 1.96279E-2 1.82475E-2 1.82993E-2 1.7608E-2 1.78973E-2 1.83751E-2 1.92743E-2 2.17458E-2 2.69356E-2 4.12299E-2 4.76183E-2 4.81457E-2 4.86191E-2 4.94053E-2 5.11469E-2 5.17651E-2 5.22578E-2 5.30092E-2 4.44383E-2 3.62922E-2 3.79016E-2 4.65642E-2 5.17002E-2 5.09977E-2 5.07464E-2 5.08053E-2 4.89778E-2 3.06861E-2 2.39894E-2 1.62849E-2 1.5322E-2 1.44507E-2 1.31845E-2 1.22696E-2
9.11288E-3 9.0396E-3 1.06915E-2 1.14685E-2 1.28663E-2 1.18042E-2 1.18286E-2 1.20862E-2 1.2745E-2 1.5587E-2 2.33778E-2 3.0494E-2 2.19086E-2 2.6895E-2 4.17636E-2 4.41953E-2 4.50139E-2 4.66021E-2 4.62995E-2 3.46055E-2 3.7681E-2 3.64668E-2 2.89429E-2 3.34405E-2 2.46825E-2 2.20621E-2 1.85528E-2 1.64534E-2 1.68398E-2 1.68926E-2 1.75952E-2 1.83915E-2 1.8757E-2 2.00588E-2 2.18757E-2 2.51333E-2 3.23329E-2 4.38802E-2 4.63858E-2 4.59608E-2 4.65839E-2 4.79402E-2 4.90778E-2 4.98384E-2 5.13364E-2 5.1197E-2 4.30522E-2 2.96966E-2 3.66672E-2 4.91527E-2 4.95843E-2 5.07228E-2 5.08816E-2 5.04807E-2 5.01507E-2 3.32532E-2 2.00256E-2 1.7533E-2 1.89522E-2 1.57554E-2 1.29744E-2
