maxent_outputs/red_flowers_linear/red_322.asc
ncols         426
nrows         180
xllcorner     -130.0
yllcorner     24.0
cellsize      0.16666666666666666
NODATA_value  -9999
[rows 81 to 107 of 180, columns 122 to 182 of 426]
2.0439E-2 1.63378E-2 2.2784E-2 2.86705E-2 2.55783E-2 2.82247E-2 2.64929E-2 2.28166E-2 2.22349E-2 2.29275E-2 1.98685E-2 2.1771E-2 2.35515E-2 2.52868E-2 2.21573E-2 1.80735E-2 1.54896E-2 2.70072E-2 2.56814E-2 2.66959E-2 3.11178E-2 2.93466E-2 3.1667E-2 3.47392E-2 5.02843E-2 5.918E-2 5.90083E-2 4.63942E-2 4.14138E-2 4.41802E-2 4.1484E-2 4.03487E-2 4.0207E-2 4.00354E-2 4.24138E-2 4.07284E-2 3.98374E-2 3.84497E-2 3.88311E-2 4.00971E-2 4.0653E-2 4.19109E-2 4.11693E-2 4.15265E-2 4.25378E-2 3.95799E-2 3.82286E-2 3.58467E-2 3.5209E-2 3.48756E-2 3.53974E-2 3.46925E-2 3.46081E-2 3.38553E-2 3.28644E-2 3.23585E-2 3.21528E-2 3.17951E-2 3.18318E-2 3.13389E-2 3.10347E-2
1.65035E-2 1.80756E-2 2.03066E-2 2.42548E-2 2.84354E-2 2.48627E-2 1.94378E-2 2.04807E-2 2.16232E-2 3.09741E-2 3.15066E-2 2.6294E-2 2.93388E-2 3.11074E-2 3.14976E-2 3.12177E-2 2.5638E-2 3.35008E-2 2.41858E-2 1.78883E-2 2.79267E-2 3.03259E-2 2.60691E-2 3.36817E-2 4.52289E-2 5.89053E-2 6.3738E-2 4.7248E-2 4.24602E-2 4.16886E-2 3.96034E-2 3.97802E-2 3.76738E-2 3.64122E-2 3.75996E-2 3.84364E-2 3.85496E-2 3.99719E-2 4.32438E-2 4.10728E-2 3.99036E-2 4.106E-2 4.07191E-2 4.27895E-2 4.2021E-2 3.98849E-2 3.8187E-2 3.61159E-2 3.44888E-2 3.59744E-2 3.67416E-2 3.61848E-2 3.48387E-2 3.4744E-2 3.52138E-2 3.42045E-2 3.40803E-2 3.4194E-2 3.43598E-2 3.38032E-2 3.27784E-2
1.53238E-2 1.91545E-2 2.09864E-2 2.18337E-2 2.20297E-2 2.5641E-2 3.19737E-2 2.48394E-2 2.3158E-2 2.73036E-2 2.34222E-2 2.50884E-2 3.14712E-2 3.21264E-2 3.35531E-2 3.4357E-2 2.25962E-2 2.73047E-2 2.77457E-2 1.61427E-2 1.58834E-2 2.20087E-2 1.65382E-2 3.01278E-2 4.21397E-2 5.54494E-2 6.5363E-2 5.31761E-2 4.58305E-2 4.48329E-2 4.45398E-2 4.19602E-2 4.17023E-2 4.00822E-2 4.24777E-2 3.92004E-2 3.77541E-2 4.18949E-2 4.36432E-2 4.20434E-2 4.24823E-2 4.23132E-2 4.26907E-2 4.25614E-2 4.42404E-2 4.28458E-2 4.12174E-2 3.9876E-2 3.752E-2 3.9681E-2 3.83099E-2 3.81594E-2 3.78862E-2 3.82615E-2 3.82168E-2 3.71825E-2 3.67433E-2 3.65739E-2 3.61749E-2 3.58651E-2 3.42668E-2
2.34626E-2 2.84579E-2 2.92384E-2 3.65444E-2 3.80717E-2 4.10439E-2 4.67694E-2 2.83267E-2 2.82486E-2 3.18695E-2 2.66632E-2 2.49282E-2 3.10287E-2 3.10554E-2 2.5633E-2 2.92325E-2 2.45957E-2 2.48074E-2 2.6594E-2 2.35621E-2 2.15567E-2 2.42384E-2 2.8229E-2 2.94185E-2 4.65332E-2 5.28206E-2 6.59591E-2 7.49897E-2 6.65395E-2 5.51396E-2 5.1974E-2 4.77686E-2 4.72483E-2 4.27399E-2 4.70112E-2 4.33889E-2 4.11168E-2 4.3348E-2 4.40842E-2 4.40787E-2 4.46549E-2 4.59544E-2 4.41744E-2 4.2214E-2 4.42649E-2 4.6335E-2 4.59145E-2 4.409E-2 4.44818E-2 4.40276E-2 4.10885E-2 3.9972E-2 4.04191E-2 4.06043E-2 4.06214E-2 3.96912E-2 3.90369E-2 3.87368E-2 3.84682E-2 3.7677E-2 3.58832E-2
3.3375E-2 3.72148E-2 4.17512E-2 5.07225E-2 5.72713E-2 5.20614E-2 4.35046E-2 3.7329E-2 3.43349E-2 3.11259E-2 3.00609E-2 2.84744E-2 2.82005E-2 2.41799E-2 2.47685E-2 2.54581E-2 2.6728E-2 2.10675E-2 2.38774E-2 3.07648E-2 2.80697E-2 2.636E-2 3.06011E-2 3.63905E-2 5.82138E-2 5.73875E-2 6.09983E-2 8.28503E-2 8.28366E-2 6.60293E-2 5.61203E-2 5.41621E-2 5.03875E-2 4.56529E-2 5.05392E-2 4.7666E-2 4.86013E-2 4.64929E-2 4.43941E-2 4.50099E-2 4.65224E-2 4.70206E-2 4.50798E-2 4.60141E-2 4.36734E-2 4.22985E-2 4.45349E-2 4.43173E-2 4.33289E-2 4.38335E-2 4.4351E-2 4.20177E-2 4.19171E-2 4.28019E-2 4.2782E-2 4.2121E-2 4.1498E-2 4.14241E-2 4.07251E-2 3.96134E-2 3.77186E-2
5.19274E-2 5.53299E-2 6.12405E-2 6.28669E-2 6.02622E-2 5.27554E-2 4.18079E-2 3.40405E-2 3.0738E-2 3.04169E-2 3.40743E-2 3.32102E-2 3.27074E-2 2.96914E-2 2.68871E-2 2.3205E-2 2.40281E-2 2.25896E-2 2.64285E-2 2.65657E-2 2.7516E-2 2.73484E-2 3.01943E-2 3.04824E-2 4.59032E-2 4.9777E-2 4.69322E-2 7.0168E-2 7.72276E-2 6.74702E-2 5.69559E-2 5.30823E-2 5.13828E-2 4.8429E-2 5.10938E-2 5.14439E-2 5.08019E-2 4.57018E-2 4.44078E-2 4.46616E-2 4.56849E-2 4.66142E-2 4.57811E-2 4.67297E-2 4.56557E-2 4.32212E-2 4.55295E-2 4.51481E-2 4.49514E-2 4.47492E-2 4.37764E-2 4.19898E-2 4.32241E-2 4.38215E-2 4.42988E-2 4.44907E-2 4.45069E-2 4.39186E-2 4.35097E-2 4.18202E-2 3.99581E-2
5.60983E-2 6.72431E-2 7.97465E-2 6.79584E-2 6.09348E-2 6.38747E-2 6.12559E-2 4.88802E-2 4.54492E-2 4.11033E-2 3.67827E-2 3.11852E-2 2.98202E-2 2.91877E-2 2.23776E-2 2.0873E-2 2.99815E-2 2.77623E-2 2.60992E-2 2.54786E-2 2.37291E-2 2.826E-2 3.08698E-2 3.0691E-2 3.85316E-2 3.5699E-2 3.79152E-2 5.2311E-2 5.71298E-2 5.51796E-2 4.99167E-2 5.05728E-2 4.96862E-2 4.72647E-2 4.59514E-2 4.74889E-2 4.43771E-2 4.50542E-2 4.53499E-2 4.53199E-2 4.63996E-2 4.7968E-2 4.88363E-2 5.00675E-2 5.02876E-2 4.79303E-2 4.80393E-2 4.81973E-2 4.70833E-2 4.52201E-2 4.38221E-2 4.27244E-2 4.36823E-2 4.50092E-2 4.61112E-2 4.67894E-2 4.60376E-2 4.57637E-2 4.52906E-2 4.38502E-2 4.18834E-2
6.2068E-2 7.10157E-2 5.81573E-2 3.94457E-2 3.98958E-2 3.94171E-2 5.76151E-2 5.71476E-2 4.92336E-2 4.53292E-2 3.29573E-2 2.68611E-2 2.55606E-2 2.64743E-2 2.66062E-2 2.17171E-2 1.8136E-2 2.44104E-2 2.1661E-2 2.21917E-2 2.1758E-2 2.97672E-2 2.56799E-2 2.08452E-2 3.00936E-2 3.82465E-2 3.79503E-2 4.32048E-2 4.59235E-2 3.7524E-2 3.66545E-2 4.57407E-2 4.5147E-2 4.42454E-2 4.4481E-2 4.38951E-2 4.38542E-2 4.61386E-2 4.66827E-2 4.75842E-2 4.78242E-2 4.85777E-2 5.059E-2 5.21033E-2 5.27763E-2 5.12891E-2 4.98821E-2 5.07185E-2 4.98163E-2 4.76125E-2 4.63603E-2 4.49492E-2 4.6837E-2 4.72369E-2 4.75874E-2 4.77802E-2 4.72544E-2 4.70657E-2 4.64743E-2 4.50345E-2 4.36294E-2
6.47457E-2 4.90499E-2 3.53584E-2 4.71909E-2 6.0448E-2 5.37321E-2 5.36793E-2 6.52494E-2 5.36624E-2 3.65346E-2 3.23107E-2 2.61883E-2 2.43826E-2 1.98524E-2 2.37406E-2 1.86412E-2 1.9119E-2 1.96085E-2 1.82014E-2 2.26698E-2 2.29643E-2 2.69336E-2 1.76454E-2 1.7124E-2 2.48555E-2 2.65651E-2 2.76397E-2 2.95138E-2 3.89309E-2 3.67277E-2 3.57576E-2 4.28596E-2 4.29434E-2 4.3356E-2 4.48458E-2 4.73529E-2 4.90009E-2 4.8886E-2 4.90037E-2 4.82907E-2 4.80344E-2 4.74823E-2 4.83256E-2 5.08095E-2 5.13547E-2 5.18177E-2 5.58193E-2 5.54081E-2 5.41297E-2 5.13358E-2 4.9166E-2 4.81857E-2 5.00339E-2 4.98447E-2 4.84179E-2 4.80835E-2 4.78598E-2 4.87274E-2 4.8575E-2 4.67037E-2 4.50656E-2
3.92606E-2 3.67625E-2 3.92882E-2 6.37766E-2 5.15659E-2 4.94916E-2 6.15943E-2 6.42078E-2 6.80193E-2 4.9931E-2 4.73121E-2 3.81457E-2 3.3948E-2 2.50562E-2 2.03478E-2 1.68664E-2 1.28762E-2 1.65037E-2 1.35897E-2 1.90619E-2 2.84878E-2 2.89734E-2 1.77621E-2 1.66747E-2 2.00142E-2 2.25228E-2 2.25276E-2 2.6198E-2 4.36874E-2 5.6474E-2 4.79662E-2 4.82316E-2 4.48693E-2 4.68859E-2 5.00457E-2 5.48116E-2 5.48954E-2 5.39731E-2 5.08109E-2 5.12404E-2 4.76643E-2 4.62779E-2 4.64734E-2 4.91568E-2 5.13461E-2 5.39762E-2 5.87049E-2 5.87246E-2 5.69276E-2 5.38708E-2 5.33954E-2 5.30266E-2 5.27368E-2 5.18131E-2 5.03676E-2 4.95755E-2 4.93809E-2 4.98892E-2 4.93291E-2 4.69818E-2 4.59165E-2
5.31995E-2 5.6214E-2 6.15742E-2 6.96773E-2 7.54974E-2 5.01756E-2 4.28772E-2 6.73769E-2 6.6891E-2 5.91372E-2 5.68173E-2 4.67459E-2 3.5742E-2 2.50677E-2 2.05329E-2 1.50915E-2 1.04951E-2 1.41616E-2 1.61324E-2 1.78974E-2 2.68164E-2 3.13129E-2 2.10258E-2 1.90961E-2 2.47548E-2 2.52661E-2 2.98621E-2 2.84919E-2 4.36347E-2 6.34523E-2 6.19162E-2 5.76808E-2 5.75715E-2 5.50564E-2 5.5627E-2 5.77407E-2 5.95919E-2 5.7232E-2 5.20264E-2 5.09675E-2 4.6421E-2 4.29812E-2 4.44589E-2 4.75901E-2 5.02989E-2 5.27222E-2 5.38049E-2 5.3999E-2 5.34714E-2 5.3563E-2 5.4636E-2 5.62842E-2 5.60806E-2 5.60636E-2 5.392E-2 5.30275E-2 5.27052E-2 5.13593E-2 4.96356E-2 4.80605E-2 4.67919E-2
6.80713E-2 6.80505E-2 6.52625E-2 5.67084E-2 7.38078E-2 6.61182E-2 4.2984E-2 5.27848E-2 5.97844E-2 5.49108E-2 5.09026E-2 4.19473E-2 2.4301E-2 2.02159E-2 1.73666E-2 1.39993E-2 7.912E-3 1.09583E-2 1.54042E-2 1.8026E-2 2.58669E-2 3.64094E-2 3.37336E-2 2.6769E-2 3.00214E-2 4.56191E-2 5.99838E-2 6.14501E-2 6.89478E-2 6.50561E-2 6.32148E-2 5.89918E-2 5.98938E-2 5.84619E-2 5.97268E-2 6.05913E-2 6.2605E-2 5.87233E-2 5.30751E-2 4.70687E-2 4.51513E-2 4.32848E-2 4.32746E-2 4.7287E-2 4.93289E-2 5.13818E-2 5.18784E-2 5.23933E-2 5.23441E-2 5.18363E-2 5.32468E-2 5.37933E-2 5.48946E-2 5.40419E-2 5.49365E-2 5.44418E-2 5.32978E-2 5.2031E-2 4.99589E-2 4.88997E-2 4.91752E-2
6.80818E-2 6.34068E-2 5.92247E-2 5.22335E-2 6.6374E-2 6.70627E-2 5.99147E-2 4.47217E-2 4.44657E-2 4.54741E-2 4.64376E-2 3.83572E-2 2.13006E-2 1.43331E-2 1.15857E-2 9.49757E-3 9.60529E-3 9.16957E-3 1.00941E-2 1.36316E-2 2.30434E-2 2.38937E-2 3.58079E-2 4.71375E-2 5.63626E-2 6.29118E-2 8.18168E-2 8.89253E-2 8.10785E-2 7.25661E-2 6.59629E-2 6.05291E-2 6.09131E-2 5.90235E-2 5.98512E-2 5.94792E-2 6.05279E-2 5.57166E-2 5.28906E-2 4.99836E-2 4.6017E-2 4.4704E-2 4.45973E-2 4.60047E-2 4.82726E-2 5.00326E-2 5.10536E-2 5.10078E-2 5.15784E-2 5.23768E-2 5.26919E-2 5.30147E-2 5.45045E-2 5.4842E-2 5.47293E-2 5.47831E-2 5.4543E-2 5.34166E-2 5.26514E-2 5.19026E-2 5.20398E-2
5.80702E-2 5.06608E-2 5.0268E-2 5.98165E-2 6.8139E-2 6.01179E-2 5.67341E-2 5.38809E-2 4.67416E-2 3.50736E-2 3.32849E-2 3.82422E-2 2.93785E-2 2.14606E-2 1.47393E-2 1.28015E-2 1.3021E-2 1.02407E-2 1.65797E-2 2.07598E-2 2.4381E-2 2.45913E-2 2.05798E-2 3.0901E-2 3.16701E-2 3.62906E-2 3.9398E-2 6.6793E-2 7.47691E-2 7.08908E-2 7.23232E-2 6.08109E-2 6.03326E-2 6.13713E-2 5.91513E-2 5.59583E-2 5.53222E-2 5.41527E-2 5.26477E-2 5.32598E-2 5.0077E-2 4.6206E-2 4.54984E-2 4.63013E-2 4.86074E-2 4.93376E-2 5.17854E-2 5.19934E-2 5.28165E-2 5.33326E-2 5.33265E-2 5.53654E-2 5.57574E-2 5.63885E-2 5.68397E-2 5.65729E-2 5.62318E-2 5.58401E-2 5.56643E-2 5.56142E-2 5.53409E-2
6.44697E-2 4.91356E-2 4.77186E-2 4.81251E-2 6.45011E-2 5.74252E-2 5.06712E-2 4.63044E-2 4.0833E-2 3.7353E-2 2.90647E-2 3.29658E-2 2.73806E-2 2.02923E-2 1.6559E-2 1.44833E-2 1.59108E-2 1.22972E-2 1.73438E-2 1.81769E-2 2.28022E-2 2.11932E-2 1.79564E-2 2.76051E-2 2.75336E-2 2.89146E-2 2.90026E-2 4.80868E-2 6.95663E-2 7.19089E-2 6.79951E-2 6.36963E-2 6.25534E-2 5.70042E-2 5.88124E-2 5.63189E-2 5.73358E-2 5.82503E-2 5.6776E-2 5.27523E-2 4.92919E-2 4.88745E-2 4.96264E-2 4.9906E-2 5.01568E-2 5.01354E-2 5.30442E-2 5.49854E-2 5.548E-2 5.6096E-2 5.64066E-2 5.83405E-2 5.91267E-2 5.71437E-2 5.79643E-2 5.85751E-2 5.79701E-2 5.81331E-2 5.80354E-2 5.79457E-2 5.80843E-2
6.46493E-2 4.99618E-2 2.89524E-2 3.22272E-2 4.52852E-2 5.51957E-2 5.49782E-2 4.17462E-2 3.52303E-2 3.20443E-2 2.97936E-2 2.16442E-2 1.78426E-2 1.92143E-2 1.4723E-2 1.41943E-2 1.64358E-2 1.53961E-2 1.87509E-2 2.3427E-2 2.17E-2 1.50664E-2 1.60176E-2 1.92312E-2 2.68513E-2 2.8898E-2 3.2407E-2 3.98483E-2 6.18413E-2 7.22271E-2 8.01486E-2 8.35057E-2 7.53135E-2 6.36839E-2 6.24901E-2 5.92439E-2 6.21012E-2 6.78476E-2 6.1582E-2 5.99531E-2 5.88681E-2 5.72566E-2 5.7232E-2 5.90403E-2 5.80872E-2 5.62381E-2 5.81444E-2 6.13197E-2 6.02258E-2 5.97647E-2 6.10647E-2 6.22081E-2 6.26817E-2 5.97167E-2 5.94637E-2 6.00377E-2 6.01022E-2 6.03947E-2 6.01253E-2 5.98904E-2 5.95569E-2
6.38406E-2 5.4377E-2 4.75271E-2 3.56503E-2 3.69509E-2 4.98608E-2 4.12472E-2 3.50117E-2 3.56711E-2 3.59494E-2 2.88834E-2 2.36327E-2 1.94144E-2 1.64961E-2 1.40806E-2 1.18326E-2 1.49965E-2 1.64453E-2 2.07949E-2 2.142E-2 1.77903E-2 1.4708E-2 1.63821E-2 1.94851E-2 2.96176E-2 3.2222E-2 4.44273E-2 5.8499E-2 8.17289E-2 8.6845E-2 8.53792E-2 8.79168E-2 8.9397E-2 7.97023E-2 7.07105E-2 7.1455E-2 7.65505E-2 8.39031E-2 7.56154E-2 7.04058E-2 6.88175E-2 6.71141E-2 6.45911E-2 6.21925E-2 6.38568E-2 6.21084E-2 5.99365E-2 6.19549E-2 6.26163E-2 6.2767E-2 6.33459E-2 6.3499E-2 6.47397E-2 6.34355E-2 6.28468E-2 6.35488E-2 6.36348E-2 6.35E-2 6.28603E-2 6.18417E-2 6.18849E-2
6.74025E-2 6.05049E-2 6.39256E-2 6.17318E-2 5.08337E-2 4.31596E-2 4.82591E-2 4.06311E-2 4.04471E-2 4.0726E-2 3.94637E-2 3.26936E-2 2.31093E-2 2.39656E-2 2.21389E-2 2.01999E-2 1.98522E-2 2.28341E-2 2.24811E-2 2.35413E-2 1.79353E-2 1.36154E-2 1.52387E-2 1.82751E-2 2.76146E-2 2.74743E-2 2.38612E-2 4.4575E-2 6.87677E-2 8.63378E-2 8.81491E-2 9.7082E-2 8.54016E-2 8.34691E-2 7.70967E-2 8.76938E-2 9.7212E-2 9.91288E-2 9.12355E-2 8.80582E-2 7.27978E-2 6.83461E-2 6.6682E-2 6.57108E-2 6.748E-2 6.88609E-2 6.86146E-2 6.66855E-2 6.59788E-2 6.70766E-2 6.6066E-2 6.52432E-2 6.67096E-2 6.6532E-2 6.68502E-2 6.48711E-2 6.49966E-2 6.55212E-2 6.49958E-2 6.35279E-2 6.36944E-2
6.73134E-2 6.26695E-2 5.87313E-2 5.83502E-2 6.5789E-2 5.83589E-2 4.502E-2 4.46552E-2 3.90427E-2 3.98777E-2 4.45512E-2 3.15514E-2 2.8071E-2 3.01641E-2 2.28969E-2 2.02761E-2 2.49533E-2 2.32172E-2 2.09474E-2 2.6036E-2 2.52049E-2 1.52094E-2 1.56345E-2 1.80075E-2 2.21116E-2 2.46909E-2 2.89732E-2 3.781E-2 5.19183E-2 6.95042E-2 8.39373E-2 7.8293E-2 7.96013E-2 7.4689E-2 7.43249E-2 8.84054E-2 9.16239E-2 8.94058E-2 8.1144E-2 8.11868E-2 7.64689E-2 7.62888E-2 7.59105E-2 7.18124E-2 7.11517E-2 7.31921E-2 7.26282E-2 7.18784E-2 7.06997E-2 7.17252E-2 7.28271E-2 7.29774E-2 7.23258E-2 7.07275E-2 7.13859E-2 7.05099E-2 7.03106E-2 6.86077E-2 6.68572E-2 6.69803E-2 6.6826E-2
6.08339E-2 6.16739E-2 6.4308E-2 6.23276E-2 6.62529E-2 6.67224E-2 5.96601E-2 5.32219E-2 4.77276E-2 3.59279E-2 3.97815E-2 3.33605E-2 3.03115E-2 3.25697E-2 3.0369E-2 2.15848E-2 2.24792E-2 2.50955E-2 2.08491E-2 2.1994E-2 2.13406E-2 1.88523E-2 1.81606E-2 2.42523E-2 2.20276E-2 2.44942E-2 2.6819E-2 3.26239E-2 5.6838E-2 6.61596E-2 8.39812E-2 8.38903E-2 7.60536E-2 7.4119E-2 7.95848E-2 8.23756E-2 7.64861E-2 7.40953E-2 8.13877E-2 8.14767E-2 7.88638E-2 7.99607E-2 7.89124E-2 7.7189E-2 7.58824E-2 7.67235E-2 7.82523E-2 7.65917E-2 7.64417E-2 7.57098E-2 7.65039E-2 7.74707E-2 7.8788E-2 7.70763E-2 7.58469E-2 7.51873E-2 7.38523E-2 7.39755E-2 7.22073E-2 7.12793E-2 7.3444E-2
5.91054E-2 5.97137E-2 6.49125E-2 6.4925E-2 5.50855E-2 5.69686E-2 7.24585E-2 5.89105E-2 4.7297E-2 4.71489E-2 5.03304E-2 3.90767E-2 3.47429E-2 4.28681E-2 3.56651E-2 3.00846E-2 2.44496E-2 2.48248E-2 2.65664E-2 2.05425E-2 2.2235E-2 2.38441E-2 2.17002E-2 2.4968E-2 2.08943E-2 2.3063E-2 2.66327E-2 3.7532E-2 5.72546E-2 6.50597E-2 7.24754E-2 6.15574E-2 7.50864E-2 8.13717E-2 8.01344E-2 7.99445E-2 8.8515E-2 9.49593E-2 1.01592E-1 1.02661E-1 9.69737E-2 9.14507E-2 8.94295E-2 8.79766E-2 8.77427E-2 8.61505E-2 8.70624E-2 8.40465E-2 8.19366E-2 8.39442E-2 8.20503E-2 8.29976E-2 8.39715E-2 8.26462E-2 8.28271E-2 8.22794E-2 8.23512E-2 8.21701E-2 7.93976E-2 7.9082E-2 7.93601E-2
6.30592E-2 6.91549E-2 7.13339E-2 7.99807E-2 6.31652E-2 5.42431E-2 6.05494E-2 6.75139E-2 5.90571E-2 5.42539E-2 5.81315E-2 5.51213E-2 5.40217E-2 4.62485E-2 3.75689E-2 3.13985E-2 2.58616E-2 2.20303E-2 2.30695E-2 2.02226E-2 2.2142E-2 2.42402E-2 2.39828E-2 2.10584E-2 2.48734E-2 2.98634E-2 2.7002E-2 4.43127E-2 5.18033E-2 5.54459E-2 6.22501E-2 5.97457E-2 4.90784E-2 5.74939E-2 7.65986E-2 9.26207E-2 9.32486E-2 1.02293E-1 1.07109E-1 1.08431E-1 1.07165E-1 9.87158E-2 9.93323E-2 9.32359E-2 8.95722E-2 8.86997E-2 8.69304E-2 8.48896E-2 8.4308E-2 8.6353E-2 8.50083E-2 8.50075E-2 8.51738E-2 8.34401E-2 8.37237E-2 8.64176E-2 8.8897E-2 8.9644E-2 8.7137E-2 8.55016E-2 8.3284E-2
6.66145E-2 7.17459E-2 7.99011E-2 7.93223E-2 7.07317E-2 5.45288E-2 5.54176E-2 6.01911E-2 6.21131E-2 6.07601E-2 6.16819E-2 6.00676E-2 5.99819E-2 4.38308E-2 3.68665E-2 2.91467E-2 3.0172E-2 2.83453E-2 2.38553E-2 2.77565E-2 2.14792E-2 2.54664E-2 2.46325E-2 2.54472E-2 2.98556E-2 3.16902E-2 2.75058E-2 4.83644E-2 5.84916E-2 6.25054E-2 6.87238E-2 6.19839E-2 6.24067E-2 5.5724E-2 6.32005E-2 8.01419E-2 8.28298E-2 8.89496E-2 9.40862E-2 1.01648E-1 9.89897E-2 9.66276E-2 8.88608E-2 8.35508E-2 8.44622E-2 8.6273E-2 8.56859E-2 8.71404E-2 8.93399E-2 8.9195E-2 8.91591E-2 8.78117E-2 8.82535E-2 8.88402E-2 8.78929E-2 8.8737E-2 9.11663E-2 9.21741E-2 9.15189E-2 9.11865E-2 9.05057E-2
6.84119E-2 7.31048E-2 7.71149E-2 6.60773E-2 6.85011E-2 5.49709E-2 5.77858E-2 6.14626E-2 5.88992E-2 6.00435E-2 6.38605E-2 6.39411E-2 6.03537E-2 4.41217E-2 3.95086E-2 2.99372E-2 3.02513E-2 3.18988E-2 2.65387E-2 3.12502E-2 3.04251E-2 3.64172E-2 2.99171E-2 3.04779E-2 3.58511E-2 3.51275E-2 3.03072E-2 5.29943E-2 6.87258E-2 6.51798E-2 5.62073E-2 6.41783E-2 6.47178E-2 6.27707E-2 6.55692E-2 7.3335E-2 8.09844E-2 8.9633E-2 9.91088E-2 9.927E-2 9.37077E-2 9.29631E-2 9.00716E-2 9.15457E-2 8.94822E-2 9.2191E-2 9.11421E-2 9.15849E-2 8.99348E-2 9.23331E-2 9.46359E-2 9.4464E-2 9.01135E-2 8.54879E-2 8.53997E-2 8.81333E-2 9.13681E-2 9.34278E-2 9.41155E-2 9.45359E-2 9.52965E-2
7.18133E-2 7.28888E-2 6.39355E-2 6.00963E-2 7.30919E-2 6.56412E-2 6.3889E-2 6.41976E-2 6.51747E-2 6.24521E-2 5.51388E-2 5.5057E-2 5.65491E-2 4.0373E-2 3.93302E-2 3.32365E-2 3.55579E-2 4.00196E-2 3.47514E-2 4.34146E-2 4.70737E-2 5.45488E-2 4.21019E-2 3.52398E-2 3.95964E-2 3.64387E-2 2.94099E-2 4.56832E-2 6.63284E-2 6.14041E-2 5.64588E-2 6.10695E-2 6.61946E-2 7.041E-2 7.13367E-2 7.75651E-2 8.46737E-2 9.20621E-2 9.58763E-2 9.69796E-2 9.25427E-2 9.49273E-2 9.58693E-2 9.55022E-2 9.13247E-2 8.89021E-2 8.81177E-2 9.24782E-2 9.55704E-2 9.72912E-2 9.92143E-2 9.83539E-2 8.88713E-2 8.50202E-2 8.3961E-2 8.74729E-2 9.00562E-2 9.23707E-2 9.64496E-2 9.89959E-2 9.94134E-2
7.13936E-2 6.58716E-2 4.93912E-2 4.44864E-2 5.71816E-2 7.10712E-2 6.46333E-2 6.40996E-2 6.37509E-2 5.94733E-2 5.5694E-2 4.83907E-2 4.92391E-2 3.64256E-2 3.20504E-2 3.20798E-2 3.12439E-2 4.04117E-2 5.14224E-2 5.81905E-2 6.51176E-2 5.88442E-2 5.33748E-2 5.09022E-2 4.48106E-2 3.56585E-2 3.99608E-2 5.1783E-2 6.82687E-2 6.89982E-2 6.11329E-2 6.07609E-2 6.21419E-2 6.77427E-2 7.75655E-2 7.92687E-2 9.11697E-2 9.50002E-2 9.42328E-2 8.99331E-2 8.62318E-2 9.07202E-2 9.24555E-2 9.58671E-2 9.40283E-2 9.04746E-2 9.30379E-2 9.66439E-2 1.00462E-1 1.02035E-1 1.07248E-1 1.01708E-1 9.49127E-2 9.3005E-2 9.23644E-2 9.26885E-2 9.23115E-2 9.58249E-2 9.9919E-2 1.02543E-1 1.02555E-1
6.77448E-2 6.76916E-2 5.06328E-2 4.03596E-2 4.49655E-2 6.33026E-2 6.87675E-2 6.81008E-2 6.63582E-2 6.19265E-2 5.38672E-2 4.56964E-2 3.80501E-2 3.63441E-2 3.22101E-2 3.34571E-2 3.97685E-2 3.63071E-2 4.12487E-2 4.93049E-2 6.85875E-2 6.60444E-2 6.66797E-2 4.89632E-2 3.89664E-2 4.69832E-2 6.18411E-2 6.27723E-2 6.51305E-2 6.58339E-2 6.83878E-2 7.52435E-2 6.7149E-2 7.10371E-2 8.27974E-2 9.8274E-2 1.00724E-1 9.62208E-2 9.78428E-2 9.01683E-2 8.99601E-2 9.06503E-2 9.23443E-2 9.15511E-2 9.21541E-2 9.23076E-2 9.44805E-2 9.76544E-2 1.02611E-1 1.07712E-1 1.09653E-1 1.07453E-1 1.04593E-1 1.01385E-1 9.98782E-2 9.77399E-2 9.78216E-2 9.8725E-2 1.00432E-1 1.00948E-1 1.02731E-1
