maxent_outputs/red_flowers_linear/red_260.asc
ncols         426
nrows         180
xllcorner     -130.0
yllcorner     24.0
cellsize      0.16666666666666666
NODATA_value  -9999
[rows 54 to 80 of 180, columns 183 to 243 of 426]
6.81452E-2 6.78098E-2 6.90326E-2 6.82992E-2 6.70521E-2 6.60776E-2 6.40965E-2 6.35882E-2 6.54342E-2 6.65899E-2 6.6496E-2 6.59705E-2 6.45742E-2 6.428E-2 6.10132E-2 6.15828E-2 6.44092E-2 6.71441E-2 7.1755E-2 7.28091E-2 7.01587E-2 6.87494E-2 7.21731E-2 7.72999E-2 7.5366E-2 7.39805E-2 7.09498E-2 6.9175E-2 6.86932E-2 7.09329E-2 7.16729E-2 7.27229E-2 7.00619E-2 7.13543E-2 7.15546E-2 7.36688E-2 7.63447E-2 8.16696E-2 8.02388E-2 7.60003E-2 7.59908E-2 7.18764E-2 7.12166E-2 6.9157E-2 6.96196E-2 7.00802E-2 6.85647E-2 6.6612E-2 6.66411E-2 6.48472E-2 6.36911E-2 6.22422E-2 6.23992E-2 6.27311E-2 6.32325E-2 6.32832E-2 6.33187E-2 6.40851E-2 6.6649E-2 7.11997E-2 6.52186E-2
6.99763E-2 6.96056E-2 6.98733E-2 6.90524E-2 6.80313E-2 6.83201E-2 6.57366E-2 6.68322E-2 6.66055E-2 6.7755E-2 6.80709E-2 6.76334E-2 6.64943E-2 6.43464E-2 6.34846E-2 6.42876E-2 6.57512E-2 6.82183E-2 7.40035E-2 7.63357E-2 7.50077E-2 7.41576E-2 7.56219E-2 7.8017E-2 7.87319E-2 7.36309E-2 7.12182E-2 6.74398E-2 7.0166E-2 7.39186E-2 7.40313E-2 7.18403E-2 7.10204E-2 7.21948E-2 7.01099E-2 7.08136E-2 7.48536E-2 7.68042E-2 7.53498E-2 7.61437E-2 7.50007E-2 7.43445E-2 7.17018E-2 7.09787E-2 7.16775E-2 7.19583E-2 7.31385E-2 7.14254E-2 7.03173E-2 6.65193E-2 6.65723E-2 6.63686E-2 6.64338E-2 6.61857E-2 6.53779E-2 6.57687E-2 6.65952E-2 6.81615E-2 7.17252E-2 7.24214E-2 7.17379E-2
7.39132E-2 7.26836E-2 7.29614E-2 7.14419E-2 7.17219E-2 7.11174E-2 7.0789E-2 6.92875E-2 7.04064E-2 6.96354E-2 7.01312E-2 7.00029E-2 6.92036E-2 6.7397E-2 6.78125E-2 6.59821E-2 6.6593E-2 6.79188E-2 7.04555E-2 7.22498E-2 7.54325E-2 7.69893E-2 7.80069E-2 7.75914E-2 7.71018E-2 7.52611E-2 7.40754E-2 7.13357E-2 7.18328E-2 7.31095E-2 7.42836E-2 7.25774E-2 7.20162E-2 7.19372E-2 7.08001E-2 7.24269E-2 7.47171E-2 7.53781E-2 7.61633E-2 7.67443E-2 7.63309E-2 7.72846E-2 7.76099E-2 7.46749E-2 7.54435E-2 7.58559E-2 7.59731E-2 7.47438E-2 7.15204E-2 6.85988E-2 6.91572E-2 6.86332E-2 6.92095E-2 6.87216E-2 6.79274E-2 6.64289E-2 6.84419E-2 7.14454E-2 7.48606E-2 7.91328E-2 7.75788E-2
7.30184E-2 7.23089E-2 7.32601E-2 7.30216E-2 7.37608E-2 7.42838E-2 7.3063E-2 7.23382E-2 7.3036E-2 7.20645E-2 7.24308E-2 7.4197E-2 7.30534E-2 7.04456E-2 6.78405E-2 6.58907E-2 6.4785E-2 6.5412E-2 6.69446E-2 6.73417E-2 7.04121E-2 7.37609E-2 7.61697E-2 7.67529E-2 7.61567E-2 7.61376E-2 7.39768E-2 7.33421E-2 7.33544E-2 7.47253E-2 7.36284E-2 7.1383E-2 6.9064E-2 6.91526E-2 7.14608E-2 7.32288E-2 7.72901E-2 7.76014E-2 7.55378E-2 7.51065E-2 7.35715E-2 7.3266E-2 7.42314E-2 7.80043E-2 7.85279E-2 7.72752E-2 7.66962E-2 7.71345E-2 7.47056E-2 7.25086E-2 7.25746E-2 7.40537E-2 7.67956E-2 7.4064E-2 7.09287E-2 7.09811E-2 7.40926E-2 7.8699E-2 8.2168E-2 8.1215E-2 8.09411E-2
7.35814E-2 7.28943E-2 7.17823E-2 7.39897E-2 7.57248E-2 7.85673E-2 7.73991E-2 7.62971E-2 7.53339E-2 7.42748E-2 7.48438E-2 7.72557E-2 7.68988E-2 7.22736E-2 6.95158E-2 6.49469E-2 6.44669E-2 6.43989E-2 6.5188E-2 6.75182E-2 6.84272E-2 7.0664E-2 7.30815E-2 7.34583E-2 7.56115E-2 7.53483E-2 7.33078E-2 7.29045E-2 7.2459E-2 7.35273E-2 7.30888E-2 7.14791E-2 7.07059E-2 7.02786E-2 7.14919E-2 7.44707E-2 7.61313E-2 7.77524E-2 7.6285E-2 7.38714E-2 7.36312E-2 7.42657E-2 7.52715E-2 7.74667E-2 7.78599E-2 8.04825E-2 7.86017E-2 7.90369E-2 7.75089E-2 7.72664E-2 7.63346E-2 7.88843E-2 8.06347E-2 7.93175E-2 7.57472E-2 7.82175E-2 8.1402E-2 8.52479E-2 8.34161E-2 8.24115E-2 8.25251E-2
8.12271E-2 7.63769E-2 7.40013E-2 7.4302E-2 7.5465E-2 8.19416E-2 7.9862E-2 7.99396E-2 7.81393E-2 7.67989E-2 7.67468E-2 7.6397E-2 7.65593E-2 7.37944E-2 7.14079E-2 6.88473E-2 6.7161E-2 6.58292E-2 6.6176E-2 6.7138E-2 6.77671E-2 7.04822E-2 7.13591E-2 7.27284E-2 7.30188E-2 7.3298E-2 7.37122E-2 7.38929E-2 7.21564E-2 7.3567E-2 7.22141E-2 7.14308E-2 7.20004E-2 7.09637E-2 7.18647E-2 7.291E-2 7.45016E-2 7.62313E-2 7.66294E-2 7.40964E-2 7.42909E-2 7.52715E-2 7.80012E-2 7.81331E-2 7.91816E-2 7.98217E-2 8.21173E-2 8.44912E-2 8.28464E-2 8.16196E-2 8.21605E-2 8.08512E-2 8.28452E-2 8.24155E-2 8.20237E-2 8.37415E-2 8.76467E-2 8.78666E-2 8.57235E-2 8.57115E-2 8.6677E-2
8.56691E-2 8.37736E-2 8.07745E-2 7.82411E-2 7.96661E-2 8.30432E-2 8.40321E-2 8.38159E-2 8.11074E-2 7.92028E-2 7.95305E-2 7.90256E-2 7.8509E-2 7.75552E-2 7.55758E-2 7.3022E-2 7.16223E-2 6.99923E-2 6.9458E-2 6.83301E-2 6.98944E-2 7.02044E-2 7.12069E-2 7.07775E-2 7.29145E-2 7.28311E-2 7.36542E-2 7.40454E-2 7.48214E-2 7.48755E-2 7.33046E-2 7.41057E-2 7.23633E-2 7.20358E-2 7.15853E-2 7.26277E-2 7.37419E-2 7.47267E-2 7.52452E-2 7.44419E-2 7.4123E-2 7.42428E-2 7.66303E-2 7.87786E-2 7.91166E-2 7.95074E-2 7.96146E-2 8.39313E-2 8.80562E-2 9.10804E-2 8.77437E-2 8.55254E-2 8.43315E-2 8.25238E-2 8.56067E-2 8.79764E-2 8.96938E-2 9.00716E-2 9.09634E-2 9.1267E-2 9.53012E-2
9.34896E-2 8.74306E-2 8.47138E-2 8.3484E-2 8.37128E-2 8.62636E-2 8.8934E-2 8.76417E-2 8.65276E-2 8.37569E-2 8.06952E-2 8.216E-2 7.93814E-2 7.78333E-2 7.70161E-2 7.64932E-2 7.45252E-2 7.2787E-2 7.22083E-2 7.25621E-2 7.2078E-2 7.12065E-2 7.1115E-2 7.13311E-2 7.19132E-2 7.45914E-2 7.44052E-2 7.46587E-2 7.51504E-2 7.48397E-2 7.63616E-2 7.49008E-2 7.47782E-2 7.4713E-2 7.28086E-2 7.3797E-2 7.45061E-2 7.60938E-2 7.71586E-2 7.61512E-2 7.4393E-2 7.37947E-2 7.60463E-2 7.95233E-2 8.1264E-2 8.20097E-2 8.34989E-2 8.78416E-2 8.95815E-2 9.8463E-2 8.79274E-2 8.31804E-2 8.22594E-2 8.53842E-2 8.40802E-2 8.55414E-2 8.96876E-2 9.32263E-2 9.30156E-2 9.6029E-2 1.00257E-1
1.02787E-1 9.80279E-2 9.46524E-2 9.06063E-2 8.94539E-2 9.09645E-2 9.05142E-2 9.25585E-2 9.10688E-2 8.72713E-2 8.45278E-2 8.31954E-2 8.33733E-2 8.32178E-2 8.02196E-2 7.94252E-2 8.12044E-2 7.72669E-2 7.59664E-2 7.41476E-2 7.47441E-2 7.34017E-2 7.21899E-2 7.26232E-2 7.33206E-2 7.33873E-2 7.54837E-2 7.39105E-2 7.41435E-2 7.76278E-2 8.15191E-2 8.05858E-2 7.81646E-2 7.73933E-2 7.73505E-2 7.65451E-2 7.64857E-2 7.79643E-2 7.94141E-2 8.04652E-2 7.81439E-2 7.64984E-2 7.6614E-2 7.96533E-2 8.26238E-2 8.11197E-2 7.83691E-2 8.29313E-2 9.09887E-2 1.03057E-1 9.40681E-2 8.12252E-2 8.49793E-2 8.84357E-2 8.73272E-2 8.94695E-2 9.30696E-2 9.39263E-2 9.51811E-2 1.00403E-1 1.06184E-1
1.03962E-1 1.06505E-1 1.0185E-1 9.89543E-2 9.36757E-2 9.43265E-2 9.51825E-2 9.61919E-2 9.40104E-2 9.21712E-2 8.80214E-2 8.73573E-2 8.65851E-2 8.42894E-2 8.31364E-2 8.04825E-2 8.06431E-2 7.77878E-2 7.71799E-2 7.80204E-2 7.8184E-2 7.82049E-2 7.48274E-2 7.44217E-2 7.48691E-2 7.56933E-2 7.62481E-2 7.50882E-2 7.59201E-2 7.91338E-2 8.30105E-2 8.24006E-2 7.97584E-2 8.09677E-2 8.00801E-2 7.99305E-2 7.94612E-2 8.16389E-2 8.35368E-2 8.2933E-2 8.32927E-2 8.19955E-2 8.082E-2 8.23271E-2 8.57498E-2 8.35839E-2 8.20028E-2 8.84435E-2 9.8794E-2 1.15924E-1 1.05715E-1 9.29966E-2 9.3848E-2 9.26411E-2 9.54532E-2 9.48515E-2 9.70229E-2 9.78999E-2 9.83039E-2 1.0179E-1 1.06699E-1
1.06138E-1 1.03029E-1 1.04316E-1 1.03543E-1 9.95102E-2 9.98001E-2 1.03283E-1 1.01757E-1 1.0002E-1 9.68563E-2 9.16317E-2 8.8771E-2 8.7578E-2 8.62679E-2 8.42369E-2 8.3227E-2 8.045E-2 7.80336E-2 8.05019E-2 8.17066E-2 8.38509E-2 8.43556E-2 8.04017E-2 7.60907E-2 7.60884E-2 7.54555E-2 7.72967E-2 7.89336E-2 8.34162E-2 8.49462E-2 8.45069E-2 8.21603E-2 7.94962E-2 8.26039E-2 8.39758E-2 8.38899E-2 8.36996E-2 8.60231E-2 8.78085E-2 8.6861E-2 8.67406E-2 8.75923E-2 8.55929E-2 8.73499E-2 8.83673E-2 8.79526E-2 8.79346E-2 8.92552E-2 1.0005E-1 1.11071E-1 1.14478E-1 1.02397E-1 9.71644E-2 1.00462E-1 1.02229E-1 1.0236E-1 1.01511E-1 1.01544E-1 1.0151E-1 1.05108E-1 1.07283E-1
1.06103E-1 1.04989E-1 1.00526E-1 1.00078E-1 1.04999E-1 1.0482E-1 1.07389E-1 1.09927E-1 1.02644E-1 9.94191E-2 9.6424E-2 9.4281E-2 9.04918E-2 8.87784E-2 8.71555E-2 8.35548E-2 8.144E-2 8.04819E-2 8.33392E-2 8.65875E-2 8.93595E-2 8.80353E-2 8.43197E-2 7.88434E-2 7.84807E-2 7.80369E-2 7.76179E-2 8.07868E-2 8.52214E-2 8.68015E-2 8.55189E-2 8.33519E-2 8.2499E-2 8.40301E-2 8.7705E-2 8.73454E-2 8.76194E-2 8.72729E-2 8.78477E-2 8.96551E-2 8.88956E-2 9.03309E-2 9.28434E-2 9.2312E-2 9.56108E-2 9.43987E-2 9.46502E-2 9.45781E-2 9.85373E-2 1.06738E-1 1.08427E-1 1.01919E-1 1.00623E-1 1.00314E-1 1.01991E-1 1.04766E-1 1.05376E-1 1.0422E-1 1.06412E-1 1.09216E-1 1.15515E-1
1.08101E-1 1.06525E-1 1.03437E-1 1.03557E-1 1.04438E-1 1.05071E-1 1.1016E-1 1.08994E-1 1.04769E-1 1.03595E-1 1.03864E-1 1.04091E-1 9.73816E-2 9.18834E-2 8.84787E-2 8.68408E-2 8.42574E-2 8.58431E-2 8.73156E-2 9.07789E-2 9.27219E-2 8.83755E-2 8.4417E-2 8.09308E-2 7.84424E-2 7.76606E-2 7.914E-2 8.22695E-2 8.62744E-2 8.78723E-2 8.69407E-2 8.6245E-2 8.55623E-2 8.36011E-2 8.30777E-2 8.68905E-2 8.84871E-2 8.91922E-2 8.99527E-2 8.82924E-2 9.17921E-2 9.27611E-2 9.60482E-2 9.72988E-2 9.69527E-2 9.93695E-2 1.00488E-1 1.00709E-1 1.00788E-1 1.00414E-1 1.05337E-1 9.66532E-2 9.64139E-2 9.67251E-2 1.00411E-1 1.05687E-1 1.08387E-1 1.08768E-1 1.08571E-1 1.09929E-1 1.10451E-1
1.11586E-1 1.08591E-1 1.07931E-1 1.0738E-1 1.08435E-1 1.085E-1 1.10676E-1 1.08679E-1 1.06701E-1 1.09386E-1 1.10351E-1 1.12622E-1 1.04953E-1 9.95275E-2 9.45176E-2 9.03307E-2 9.1676E-2 9.30201E-2 9.21578E-2 9.41781E-2 9.29015E-2 9.10004E-2 8.67908E-2 8.36506E-2 8.13556E-2 8.1336E-2 8.14791E-2 8.49844E-2 8.61537E-2 8.9789E-2 9.07986E-2 8.954E-2 8.96388E-2 8.82598E-2 8.69787E-2 8.84807E-2 9.23391E-2 9.55503E-2 9.2347E-2 9.129E-2 9.32062E-2 9.45827E-2 9.80624E-2 9.86176E-2 1.00551E-1 1.02008E-1 1.00976E-1 1.00703E-1 1.01711E-1 1.03846E-1 1.05774E-1 1.03038E-1 1.00518E-1 1.03653E-1 1.03268E-1 1.08163E-1 1.11105E-1 1.09353E-1 1.08828E-1 1.12036E-1 1.14851E-1
1.14499E-1 1.12212E-1 1.10212E-1 1.06186E-1 1.0988E-1 1.10123E-1 1.08639E-1 1.0789E-1 1.0909E-1 1.09417E-1 1.13512E-1 1.12332E-1 1.06435E-1 9.94105E-2 9.50035E-2 9.34906E-2 9.7098E-2 9.69862E-2 9.80823E-2 9.68621E-2 9.51177E-2 9.46819E-2 9.36856E-2 9.08234E-2 8.58842E-2 8.45493E-2 8.51604E-2 8.76923E-2 9.16703E-2 9.27514E-2 9.40344E-2 9.33338E-2 9.6092E-2 9.41259E-2 9.0301E-2 9.31164E-2 9.70483E-2 1.01972E-1 9.80261E-2 9.66229E-2 9.67901E-2 9.65719E-2 1.00013E-1 9.96226E-2 1.01519E-1 1.03376E-1 1.0214E-1 1.02524E-1 1.01326E-1 1.0253E-1 1.02653E-1 1.08375E-1 1.1638E-1 1.11927E-1 1.1002E-1 1.1343E-1 1.13503E-1 1.11633E-1 1.11952E-1 1.13918E-1 1.20894E-1
1.13866E-1 1.13285E-1 1.13117E-1 1.12034E-1 1.11098E-1 1.10131E-1 1.08538E-1 1.09726E-1 1.06952E-1 1.06005E-1 1.07289E-1 1.03852E-1 1.03748E-1 1.01596E-1 1.0022E-1 9.84185E-2 9.98216E-2 1.02253E-1 1.04284E-1 1.02168E-1 1.00611E-1 9.85269E-2 9.70613E-2 9.62855E-2 9.4443E-2 9.28931E-2 9.32083E-2 9.66297E-2 9.59102E-2 9.4801E-2 9.58457E-2 1.00015E-1 1.01385E-1 9.84436E-2 9.63719E-2 9.65581E-2 1.02802E-1 1.0502E-1 1.03169E-1 1.00087E-1 9.97362E-2 1.00048E-1 1.0203E-1 1.05377E-1 1.06055E-1 1.06016E-1 1.0758E-1 1.06876E-1 1.05154E-1 1.08703E-1 1.11408E-1 1.1401E-1 1.19652E-1 1.22128E-1 1.19724E-1 1.19398E-1 1.19575E-1 1.15309E-1 1.13973E-1 1.16426E-1 1.19303E-1
1.13133E-1 1.1029E-1 1.1027E-1 1.109E-1 1.10047E-1 1.11254E-1 1.10476E-1 1.08576E-1 1.06996E-1 1.06488E-1 1.06632E-1 1.05061E-1 1.04292E-1 1.06176E-1 1.06576E-1 1.06274E-1 1.02553E-1 1.0215E-1 1.06924E-1 1.08363E-1 1.06422E-1 1.06091E-1 1.01862E-1 1.01881E-1 1.01064E-1 9.92229E-2 1.02046E-1 1.03566E-1 1.03224E-1 1.02393E-1 1.03734E-1 1.04251E-1 1.05567E-1 1.04045E-1 1.01911E-1 1.00516E-1 1.00897E-1 1.03096E-1 1.057E-1 1.05269E-1 1.04753E-1 1.0503E-1 1.08328E-1 1.09554E-1 1.11693E-1 1.12021E-1 1.1327E-1 1.14509E-1 1.1344E-1 1.14094E-1 1.21105E-1 1.24723E-1 1.26327E-1 1.25339E-1 1.26403E-1 1.28269E-1 1.29114E-1 1.27833E-1 1.24266E-1 1.23785E-1 1.22961E-1
1.10775E-1 1.10525E-1 1.11284E-1 1.10846E-1 1.09864E-1 1.09222E-1 1.07472E-1 1.0834E-1 1.07308E-1 1.06505E-1 1.05969E-1 1.06459E-1 1.08781E-1 1.09034E-1 1.0702E-1 1.07849E-1 1.06949E-1 1.06767E-1 1.06301E-1 1.11485E-1 1.1093E-1 1.10362E-1 1.08691E-1 1.08205E-1 1.09199E-1 1.09319E-1 1.05867E-1 1.07833E-1 1.11665E-1 1.1375E-1 1.16188E-1 1.11001E-1 1.08639E-1 1.09018E-1 1.0539E-1 1.05384E-1 1.03408E-1 1.04009E-1 1.06185E-1 1.1267E-1 1.10673E-1 1.1311E-1 1.14154E-1 1.15233E-1 1.14007E-1 1.18031E-1 1.20416E-1 1.21313E-1 1.20107E-1 1.2337E-1 1.25763E-1 1.26452E-1 1.273E-1 1.27537E-1 1.29771E-1 1.35211E-1 1.40757E-1 1.3758E-1 1.34928E-1 1.29846E-1 1.28939E-1
1.13001E-1 1.10321E-1 1.10196E-1 1.1191E-1 1.12231E-1 1.0828E-1 1.07463E-1 1.05969E-1 1.06808E-1 1.05491E-1 1.05132E-1 1.05373E-1 1.09827E-1 1.09946E-1 1.10549E-1 1.09073E-1 1.10895E-1 1.12491E-1 1.11986E-1 1.15317E-1 1.18459E-1 1.16955E-1 1.13561E-1 1.14852E-1 1.13256E-1 1.11729E-1 1.11626E-1 1.14217E-1 1.1604E-1 1.18477E-1 1.18558E-1 1.15742E-1 1.08287E-1 1.10237E-1 1.09554E-1 1.12112E-1 1.10278E-1 1.11012E-1 1.09684E-1 1.14313E-1 1.16353E-1 1.19988E-1 1.20975E-1 1.21765E-1 1.20388E-1 1.18172E-1 1.24691E-1 1.28107E-1 1.29096E-1 1.3228E-1 1.32132E-1 1.30104E-1 1.30598E-1 1.29307E-1 1.35689E-1 1.45798E-1 1.50428E-1 1.46142E-1 1.43319E-1 1.40353E-1 1.37215E-1
1.18443E-1 1.13798E-1 1.12644E-1 1.12242E-1 1.13185E-1 1.11671E-1 1.07335E-1 1.06198E-1 1.05167E-1 1.06697E-1 1.06981E-1 1.09365E-1 1.09303E-1 1.12212E-1 1.11571E-1 1.14051E-1 1.16598E-1 1.15608E-1 1.17593E-1 1.23475E-1 1.23221E-1 1.20856E-1 1.21088E-1 1.16432E-1 1.14118E-1 1.15366E-1 1.16096E-1 1.17072E-1 1.19099E-1 1.22994E-1 1.20523E-1 1.18278E-1 1.15181E-1 1.1775E-1 1.22766E-1 1.24707E-1 1.27986E-1 1.26921E-1 1.23E-1 1.19865E-1 1.25984E-1 1.23176E-1 1.21467E-1 1.2313E-1 1.22047E-1 1.2287E-1 1.26662E-1 1.37805E-1 1.34982E-1 1.39156E-1 1.37086E-1 1.34387E-1 1.3434E-1 1.38762E-1 1.45706E-1 1.5845E-1 1.56493E-1 1.57427E-1 1.54075E-1 1.50199E-1 1.41282E-1
1.17772E-1 1.16438E-1 1.14676E-1 1.16176E-1 1.13781E-1 1.11559E-1 1.08699E-1 1.08833E-1 1.07564E-1 1.10026E-1 1.12987E-1 1.13751E-1 1.13703E-1 1.13336E-1 1.15423E-1 1.17485E-1 1.19446E-1 1.22212E-1 1.24226E-1 1.24649E-1 1.27346E-1 1.27261E-1 1.22589E-1 1.20641E-1 1.15968E-1 1.15334E-1 1.19143E-1 1.20975E-1 1.21766E-1 1.24855E-1 1.26171E-1 1.24723E-1 1.25445E-1 1.26317E-1 1.33453E-1 1.44498E-1 1.50765E-1 1.62217E-1 1.55449E-1 1.36662E-1 1.31456E-1 1.27321E-1 1.23547E-1 1.22829E-1 1.24813E-1 1.28027E-1 1.319E-1 1.41068E-1 1.41609E-1 1.39674E-1 1.41589E-1 1.40013E-1 1.40844E-1 1.46215E-1 1.50971E-1 1.54084E-1 1.5921E-1 1.56802E-1 1.5633E-1 1.50592E-1 1.43469E-1
1.19507E-1 1.17749E-1 1.18042E-1 1.16511E-1 1.16184E-1 1.122E-1 1.12091E-1 1.12158E-1 1.15788E-1 1.18215E-1 1.21603E-1 1.19911E-1 1.1795E-1 1.19864E-1 1.20694E-1 1.22289E-1 1.20243E-1 1.26456E-1 1.29848E-1 1.2746E-1 1.31957E-1 1.33542E-1 1.26518E-1 1.23178E-1 1.18823E-1 1.20177E-1 1.20018E-1 1.21364E-1 1.2485E-1 1.27868E-1 1.29042E-1 1.29614E-1 1.31302E-1 1.32473E-1 1.35739E-1 1.42057E-1 1.75172E-1 2.33E-1 2.44281E-1 1.70094E-1 1.4635E-1 1.36145E-1 1.29273E-1 1.2671E-1 1.30708E-1 1.34031E-1 1.4101E-1 1.44902E-1 1.46117E-1 1.45916E-1 1.48483E-1 1.48168E-1 1.47549E-1 1.52164E-1 1.54874E-1 1.54997E-1 1.58404E-1 1.62158E-1 1.6084E-1 1.50632E-1 1.47275E-1
1.20917E-1 1.19187E-1 1.19973E-1 1.18894E-1 1.14997E-1 1.15554E-1 1.16687E-1 1.20189E-1 1.2304E-1 1.25918E-1 1.26184E-1 1.23017E-1 1.21828E-1 1.23158E-1 1.24408E-1 1.20825E-1 1.19508E-1 1.20583E-1 1.2844E-1 1.32358E-1 1.38803E-1 1.40709E-1 1.3174E-1 1.2348E-1 1.2196E-1 1.22823E-1 1.25461E-1 1.27032E-1 1.28944E-1 1.32444E-1 1.32273E-1 1.33092E-1 1.33783E-1 1.34791E-1 1.35076E-1 1.45286E-1 1.77104E-1 2.63332E-1 3.25301E-1 2.14652E-1 1.647E-1 1.43775E-1 1.36848E-1 1.34054E-1 1.39969E-1 1.46156E-1 1.49381E-1 1.52274E-1 1.4846E-1 1.50204E-1 1.54573E-1 1.55426E-1 1.5922E-1 1.61359E-1 1.63043E-1 1.64925E-1 1.67203E-1 1.66349E-1 1.61332E-1 1.57578E-1 1.56919E-1
1.20497E-1 1.1859E-1 1.17223E-1 1.16262E-1 1.18893E-1 1.19012E-1 1.20045E-1 1.24281E-1 1.28458E-1 1.30414E-1 1.30776E-1 1.3018E-1 1.29432E-1 1.28731E-1 1.27766E-1 1.2552E-1 1.23851E-1 1.27132E-1 1.34267E-1 1.38303E-1 1.3874E-1 1.3733E-1 1.33449E-1 1.28251E-1 1.28709E-1 1.2681E-1 1.30864E-1 1.33434E-1 1.35654E-1 1.35354E-1 1.32451E-1 1.3639E-1 1.36708E-1 1.36065E-1 1.33669E-1 1.40309E-1 1.57446E-1 1.96399E-1 2.25328E-1 1.94787E-1 1.64202E-1 1.53096E-1 1.42986E-1 1.43579E-1 1.49296E-1 1.56541E-1 1.6118E-1 1.59627E-1 1.55185E-1 1.56608E-1 1.64005E-1 1.7175E-1 1.72997E-1 1.7777E-1 1.75473E-1 1.72621E-1 1.76833E-1 1.70963E-1 1.66812E-1 1.66647E-1 1.71295E-1
1.19054E-1 1.21034E-1 1.19438E-1 1.18339E-1 1.18039E-1 1.21912E-1 1.26621E-1 1.30107E-1 1.2858E-1 1.30785E-1 1.36654E-1 1.40201E-1 1.36198E-1 1.32705E-1 1.32819E-1 1.33344E-1 1.35363E-1 1.35734E-1 1.3583E-1 1.40822E-1 1.40831E-1 1.39532E-1 1.39824E-1 1.32252E-1 1.29013E-1 1.33323E-1 1.33895E-1 1.40006E-1 1.38032E-1 1.34847E-1 1.3595E-1 1.32762E-1 1.36952E-1 1.3643E-1 1.38856E-1 1.4228E-1 1.45087E-1 1.63143E-1 1.75981E-1 1.6961E-1 1.59699E-1 1.51331E-1 1.49498E-1 1.52661E-1 1.57726E-1 1.64248E-1 1.6826E-1 1.72256E-1 1.68206E-1 1.64876E-1 1.71717E-1 1.82328E-1 1.88394E-1 1.90869E-1 1.81473E-1 1.80461E-1 1.79818E-1 1.81312E-1 1.76611E-1 1.80493E-1 1.85161E-1
1.24245E-1 1.23267E-1 1.22432E-1 1.21433E-1 1.24513E-1 1.27454E-1 1.30881E-1 1.30458E-1 1.30487E-1 1.33491E-1 1.36584E-1 1.42986E-1 1.36253E-1 1.33136E-1 1.36064E-1 1.36527E-1 1.39061E-1 1.42033E-1 1.42157E-1 1.4085E-1 1.43908E-1 1.45514E-1 1.42615E-1 1.37123E-1 1.34135E-1 1.37295E-1 1.41558E-1 1.44342E-1 1.39913E-1 1.36514E-1 1.37727E-1 1.34464E-1 1.36505E-1 1.44549E-1 1.46812E-1 1.49575E-1 1.51851E-1 1.59406E-1 1.63989E-1 1.54535E-1 1.52029E-1 1.53191E-1 1.53935E-1 1.5783E-1 1.61698E-1 1.70145E-1 1.71978E-1 1.71388E-1 1.73101E-1 1.74787E-1 1.86453E-1 1.90861E-1 1.91762E-1 1.87131E-1 1.7929E-1 1.83172E-1 1.89673E-1 1.97145E-1 1.9859E-1 2.03477E-1 2.01305E-1
1.29081E-1 1.28019E-1 1.27404E-1 1.2676E-1 1.25876E-1 1.28618E-1 1.32381E-1 1.29305E-1 1.29307E-1 1.29623E-1 1.35502E-1 1.38088E-1 1.35133E-1 1.32694E-1 1.35769E-1 1.38138E-1 1.36006E-1 1.37269E-1 1.43049E-1 1.46624E-1 1.4974E-1 1.48216E-1 1.50715E-1 1.44905E-1 1.41046E-1 1.42631E-1 1.48176E-1 1.46348E-1 1.45493E-1 1.42829E-1 1.44337E-1 1.43391E-1 1.45038E-1 1.51603E-1 1.55973E-1 1.65905E-1 1.70588E-1 1.78365E-1 1.74948E-1 1.65705E-1 1.68099E-1 1.63325E-1 1.64522E-1 1.6027E-1 1.64354E-1 1.73457E-1 1.78487E-1 1.78226E-1 1.80856E-1 1.86337E-1 1.97087E-1 2.01872E-1 1.91195E-1 1.88117E-1 1.89405E-1 1.98043E-1 2.03965E-1 2.10739E-1 2.13088E-1 2.17494E-1 2.11701E-1
