maxent_outputs/bumblebees/bombus_278.asc
ncols         426
nrows         180
xllcorner     -130.0
yllcorner     24.0
cellsize      0.16666666666666666
NODATA_value  -9999
[rows 81 to 107 of 180, columns 61 to 121 of 426]
2.56385E-1 2.13915E-1 2.47771E-1 2.21195E-1 2.32681E-1 2.3709E-1 2.31578E-1 2.0718E-1 2.25864E-1 2.02769E-1 2.22197E-1 2.29229E-1 1.87634E-1 1.92156E-1 2.01622E-1 2.11488E-1 2.12894E-1 1.78807E-1 1.74576E-1 2.01179E-1 1.96108E-1 1.80224E-1 1.73913E-1 1.59585E-1 1.73155E-1 1.57847E-1 1.54266E-1 1.69806E-1 1.73471E-1 1.71047E-1 1.75597E-1 1.80396E-1 1.82978E-1 1.84634E-1 2.08428E-1 2.23433E-1 2.32895E-1 2.30224E-1 2.35907E-1 2.42524E-1 2.36426E-1 2.20601E-1 2.23632E-1 1.80568E-1 2.15785E-1 1.72176E-1 1.99024E-1 2.33686E-1 2.11018E-1 1.6175E-1 1.69982E-1 1.42141E-1 1.24289E-1 1.35496E-1 1.41969E-1 1.37288E-1 1.38778E-1 1.47283E-1 1.56613E-1 1.58249E-1 1.56129E-1
2.52828E-1 2.61423E-1 2.35502E-1 2.41433E-1 2.18342E-1 2.56785E-1 2.18953E-1 2.29795E-1 2.43583E-1 2.13695E-1 2.14907E-1 2.31714E-1 2.08854E-1 2.11276E-1 1.97825E-1 1.94791E-1 2.03485E-1 1.73804E-1 1.9684E-1 1.95853E-1 1.68535E-1 1.79718E-1 1.729E-1 1.65171E-1 1.76036E-1 1.48787E-1 1.72512E-1 1.65503E-1 1.6293E-1 1.57815E-1 1.76844E-1 1.75434E-1 1.82663E-1 1.85891E-1 1.93019E-1 2.0431E-1 2.20755E-1 2.26282E-1 2.36703E-1 2.42852E-1 2.39907E-1 2.2995E-1 2.21651E-1 2.04086E-1 2.1603E-1 2.11993E-1 2.18459E-1 2.34148E-1 2.61353E-1 1.79399E-1 1.59115E-1 1.37194E-1 1.33089E-1 1.42434E-1 1.48682E-1 1.62652E-1 1.66333E-1 1.67928E-1 1.66405E-1 1.65532E-1 1.65126E-1
2.10575E-1 3.24129E-1 2.46957E-1 2.28561E-1 2.15964E-1 2.46599E-1 2.28433E-1 2.50421E-1 2.401E-1 2.41553E-1 2.35773E-1 2.13095E-1 2.47457E-1 2.38331E-1 1.96642E-1 2.03572E-1 1.84917E-1 1.87856E-1 1.79229E-1 1.69841E-1 1.7362E-1 1.79921E-1 1.67163E-1 1.67348E-1 1.72228E-1 1.57818E-1 1.76348E-1 1.61917E-1 1.60461E-1 1.49461E-1 1.75015E-1 1.76146E-1 1.73992E-1 1.80149E-1 1.87703E-1 1.84456E-1 2.13178E-1 2.23813E-1 2.34866E-1 2.37513E-1 2.31894E-1 2.31956E-1 2.25881E-1 2.05309E-1 2.09104E-1 2.09839E-1 2.15981E-1 2.46537E-1 2.34912E-1 2.00132E-1 1.72495E-1 1.43887E-1 1.26445E-1 1.28648E-1 1.48465E-1 1.53533E-1 1.60545E-1 1.63642E-1 1.65496E-1 1.67908E-1 1.71795E-1
1.90515E-1 2.60272E-1 2.80072E-1 2.43393E-1 2.41011E-1 2.47533E-1 2.56346E-1 2.53417E-1 2.49969E-1 2.45468E-1 2.07708E-1 2.71563E-1 2.60749E-1 2.23204E-1 1.99945E-1 1.8935E-1 1.9067E-1 1.77978E-1 1.75887E-1 1.6676E-1 1.57054E-1 1.60175E-1 1.71573E-1 1.70595E-1 1.65076E-1 1.64319E-1 1.66427E-1 1.62591E-1 1.61576E-1 1.64997E-1 1.80523E-1 1.6353E-1 1.61355E-1 1.77474E-1 1.77444E-1 1.58889E-1 2.10707E-1 2.20245E-1 2.30452E-1 2.31007E-1 2.24734E-1 2.2841E-1 2.17314E-1 2.05292E-1 1.79752E-1 1.92124E-1 1.95454E-1 2.2594E-1 1.73839E-1 1.66346E-1 1.59577E-1 1.4743E-1 1.29311E-1 1.24078E-1 1.27146E-1 1.28686E-1 1.40401E-1 1.52409E-1 1.59639E-1 1.71697E-1 1.7234E-1
2.12142E-1 2.08553E-1 2.04431E-1 2.43984E-1 2.50974E-1 2.55534E-1 2.60087E-1 2.51968E-1 2.4592E-1 2.29289E-1 2.69471E-1 2.64381E-1 1.9665E-1 1.92694E-1 1.81781E-1 1.76181E-1 1.74733E-1 1.4463E-1 1.76644E-1 1.58404E-1 1.58986E-1 1.60468E-1 1.75403E-1 1.7227E-1 1.70849E-1 1.64429E-1 1.63461E-1 1.61288E-1 1.59424E-1 1.58177E-1 1.77547E-1 1.62114E-1 1.75752E-1 1.68257E-1 1.58135E-1 1.62922E-1 2.09576E-1 2.11938E-1 2.15801E-1 2.24623E-1 2.04484E-1 2.16436E-1 2.21617E-1 2.21561E-1 2.14834E-1 2.07609E-1 1.95352E-1 2.08172E-1 1.66403E-1 1.54105E-1 1.48752E-1 1.16138E-1 1.20961E-1 1.44171E-1 1.40166E-1 1.40167E-1 1.40846E-1 1.53788E-1 1.70889E-1 1.78303E-1 1.63748E-1
2.28461E-1 2.12562E-1 2.21405E-1 2.57191E-1 2.63129E-1 2.61792E-1 2.55061E-1 2.5285E-1 2.45608E-1 2.02271E-1 2.58274E-1 1.67222E-1 1.88452E-1 1.80401E-1 1.61045E-1 1.73031E-1 1.63616E-1 1.54179E-1 1.5374E-1 1.62907E-1 1.63245E-1 1.64993E-1 1.69261E-1 1.68129E-1 1.72895E-1 1.74902E-1 1.63623E-1 1.59464E-1 1.63145E-1 1.62814E-1 1.6275E-1 1.57097E-1 1.76623E-1 1.62661E-1 1.72761E-1 1.99686E-1 1.95971E-1 2.0883E-1 2.18708E-1 2.16375E-1 2.09262E-1 2.15849E-1 2.21285E-1 2.19912E-1 2.22317E-1 2.15656E-1 2.089E-1 2.03974E-1 1.56744E-1 1.78483E-1 1.59592E-1 1.07217E-1 1.24923E-1 1.74289E-1 1.84217E-1 1.80606E-1 1.55435E-1 1.21014E-1 1.72515E-1 1.54619E-1 1.5061E-1
2.09946E-1 1.88936E-1 2.19718E-1 2.48106E-1 2.58214E-1 2.56261E-1 2.56299E-1 2.53404E-1 2.2445E-1 2.24174E-1 2.17058E-1 1.90413E-1 1.57881E-1 1.62613E-1 1.65047E-1 1.76444E-1 1.49628E-1 1.77032E-1 1.71917E-1 1.59549E-1 1.59104E-1 1.69479E-1 1.60933E-1 1.67296E-1 1.78983E-1 1.71974E-1 1.58681E-1 1.60611E-1 1.52204E-1 1.57649E-1 1.52888E-1 1.43969E-1 1.76957E-1 1.46019E-1 1.82836E-1 1.98541E-1 1.94981E-1 2.15316E-1 2.11214E-1 1.95948E-1 2.15727E-1 2.20195E-1 2.12371E-1 2.19064E-1 2.16871E-1 1.91987E-1 2.05921E-1 1.98906E-1 1.54563E-1 1.81381E-1 1.21271E-1 1.08254E-1 1.3336E-1 1.70309E-1 1.79815E-1 1.88458E-1 1.89322E-1 1.58091E-1 1.87885E-1 1.57933E-1 1.33452E-1
1.87337E-1 2.18558E-1 2.15412E-1 2.51277E-1 2.46595E-1 2.43984E-1 2.50148E-1 2.44147E-1 2.45398E-1 2.30721E-1 2.07753E-1 1.95822E-1 1.5866E-1 1.66453E-1 1.62133E-1 1.58693E-1 1.56606E-1 1.91416E-1 1.65225E-1 1.57989E-1 1.53395E-1 1.6088E-1 1.64074E-1 1.75579E-1 1.72908E-1 1.62375E-1 1.4553E-1 1.53064E-1 1.54954E-1 1.53738E-1 1.45924E-1 1.42568E-1 1.79682E-1 1.37234E-1 1.71454E-1 1.97922E-1 1.858E-1 2.09938E-1 1.9837E-1 2.07237E-1 2.17732E-1 2.13768E-1 2.15855E-1 2.15408E-1 2.09831E-1 1.84931E-1 1.87111E-1 1.99542E-1 1.85611E-1 1.45431E-1 1.02585E-1 1.24783E-1 1.59392E-1 1.6634E-1 1.66097E-1 1.70945E-1 1.95411E-1 1.9492E-1 2.02796E-1 1.67126E-1 1.22644E-1
2.05022E-1 1.6469E-1 1.74834E-1 2.38105E-1 2.47639E-1 2.41987E-1 2.42931E-1 2.41418E-1 2.10488E-1 2.14752E-1 2.0014E-1 1.95571E-1 1.67197E-1 1.46837E-1 1.58321E-1 1.46963E-1 1.94452E-1 1.74864E-1 1.44377E-1 1.52214E-1 1.35849E-1 1.3894E-1 1.60635E-1 1.57602E-1 1.76683E-1 1.77795E-1 1.46488E-1 1.5913E-1 1.72457E-1 1.47281E-1 1.5093E-1 1.66021E-1 1.73517E-1 1.67578E-1 1.97719E-1 1.97534E-1 1.90291E-1 1.85071E-1 2.05245E-1 2.17205E-1 2.39017E-1 2.2455E-1 2.17505E-1 2.14493E-1 2.07714E-1 1.90332E-1 1.62129E-1 1.90491E-1 1.86626E-1 1.2273E-1 1.01134E-1 1.30602E-1 1.6173E-1 1.6731E-1 1.75099E-1 1.78617E-1 1.99716E-1 2.01236E-1 2.05393E-1 1.7974E-1 1.6166E-1
2.04336E-1 1.66716E-1 1.91131E-1 2.27354E-1 2.41595E-1 2.05781E-1 2.51282E-1 2.33121E-1 2.39548E-1 2.46561E-1 2.284E-1 2.14657E-1 1.6458E-1 1.56892E-1 1.38145E-1 1.53184E-1 1.90691E-1 1.51448E-1 1.49688E-1 1.35205E-1 1.44626E-1 1.45423E-1 1.52512E-1 1.61025E-1 1.81936E-1 1.90469E-1 1.44096E-1 1.75693E-1 1.92897E-1 1.58102E-1 1.46773E-1 1.70114E-1 1.73241E-1 1.26364E-1 1.87213E-1 1.87105E-1 1.88985E-1 1.78726E-1 1.98699E-1 2.22108E-1 2.35905E-1 2.13444E-1 2.16878E-1 2.10387E-1 2.0444E-1 1.57168E-1 1.54093E-1 1.9474E-1 1.67677E-1 1.35215E-1 1.24231E-1 1.49529E-1 1.57597E-1 1.56306E-1 1.51844E-1 1.6364E-1 2.06079E-1 2.04446E-1 2.05684E-1 1.93808E-1 1.86885E-1
1.48765E-1 1.44176E-1 1.92201E-1 2.07611E-1 2.11929E-1 1.96503E-1 2.61456E-1 2.21377E-1 1.99427E-1 2.07786E-1 2.2174E-1 1.99715E-1 1.7331E-1 1.55136E-1 1.32643E-1 1.4607E-1 1.79951E-1 1.18923E-1 1.43407E-1 1.24626E-1 1.46586E-1 1.50139E-1 1.57296E-1 1.60932E-1 1.75659E-1 2.04867E-1 1.86559E-1 1.85702E-1 2.03202E-1 1.57221E-1 1.47556E-1 1.82094E-1 1.81871E-1 1.50878E-1 1.87164E-1 1.78558E-1 1.7423E-1 1.8342E-1 1.9892E-1 2.12911E-1 2.14071E-1 2.0849E-1 2.05869E-1 1.98415E-1 1.75586E-1 1.42403E-1 1.89307E-1 1.56276E-1 1.19943E-1 1.00515E-1 1.33185E-1 1.68305E-1 1.7438E-1 1.52731E-1 1.50324E-1 1.81645E-1 1.9917E-1 2.02742E-1 2.10102E-1 1.93525E-1 1.94103E-1
9.523E-2 1.32319E-1 1.58591E-1 1.477E-1 1.49796E-1 1.83846E-1 1.87163E-1 2.59207E-1 2.16825E-1 2.14877E-1 1.85569E-1 1.79043E-1 1.73706E-1 1.84561E-1 1.7003E-1 1.75921E-1 1.56122E-1 1.42434E-1 1.35836E-1 1.46422E-1 1.51879E-1 1.68116E-1 1.69858E-1 1.67345E-1 1.963E-1 1.93168E-1 1.68126E-1 1.90606E-1 2.06411E-1 1.69715E-1 1.66774E-1 1.84491E-1 1.79247E-1 1.85451E-1 1.82943E-1 1.64146E-1 1.87419E-1 1.77407E-1 2.01566E-1 1.87359E-1 2.00451E-1 2.02568E-1 1.8574E-1 1.65541E-1 1.46565E-1 1.68727E-1 1.36504E-1 1.18218E-1 1.01694E-1 1.03193E-1 1.30441E-1 1.70724E-1 1.71472E-1 1.9098E-1 1.93513E-1 1.85129E-1 1.82255E-1 1.84905E-1 2.00779E-1 1.90659E-1 1.85358E-1
8.50419E-2 7.90005E-2 1.05188E-1 1.05011E-1 1.55078E-1 1.63113E-1 1.38512E-1 2.0263E-1 1.84478E-1 1.93461E-1 2.22452E-1 1.6898E-1 1.90374E-1 2.00905E-1 2.05491E-1 1.81748E-1 1.63697E-1 1.51237E-1 1.40643E-1 1.60944E-1 1.53246E-1 1.80651E-1 1.74569E-1 1.85331E-1 1.91814E-1 1.88489E-1 1.59383E-1 1.9799E-1 2.04107E-1 1.8126E-1 1.78975E-1 1.78889E-1 1.70258E-1 1.62687E-1 1.73165E-1 1.56944E-1 1.82486E-1 1.71193E-1 1.93898E-1 1.8082E-1 1.94578E-1 1.8539E-1 1.53045E-1 1.48401E-1 1.02345E-1 1.49997E-1 1.19416E-1 1.25553E-1 1.07695E-1 1.22041E-1 1.21273E-1 1.67251E-1 1.89189E-1 2.02689E-1 2.07145E-1 1.96287E-1 1.822E-1 1.7699E-1 2.00774E-1 2.05176E-1 2.16434E-1
7.29012E-2 6.90277E-2 8.2755E-2 1.33313E-1 1.03972E-1 1.1864E-1 1.24357E-1 1.56802E-1 1.78619E-1 1.90667E-1 2.33247E-1 2.04687E-1 1.92104E-1 2.07599E-1 2.15394E-1 1.80527E-1 1.81253E-1 1.6001E-1 1.60659E-1 1.71814E-1 1.64596E-1 1.83562E-1 1.85351E-1 1.9392E-1 1.91304E-1 1.5277E-1 1.81101E-1 2.03201E-1 2.01747E-1 1.8795E-1 1.953E-1 1.79759E-1 1.56372E-1 1.52531E-1 1.55199E-1 1.49722E-1 1.60467E-1 1.52155E-1 1.77334E-1 1.85997E-1 1.94144E-1 1.80142E-1 1.74546E-1 1.54463E-1 1.05959E-1 1.5126E-1 1.34031E-1 1.14622E-1 9.47454E-2 1.05409E-1 1.22447E-1 1.60271E-1 1.9088E-1 1.9394E-1 1.94221E-1 1.96039E-1 1.98925E-1 1.73662E-1 1.86255E-1 2.13649E-1 2.10979E-1
8.79638E-2 7.12628E-2 6.68501E-2 8.27826E-2 1.361E-1 1.49169E-1 1.25849E-1 1.47616E-1 1.71189E-1 1.76779E-1 2.21564E-1 2.26089E-1 2.01684E-1 2.14691E-1 1.99515E-1 1.87476E-1 1.93041E-1 1.81409E-1 1.7613E-1 1.78373E-1 1.62356E-1 1.7311E-1 1.93357E-1 1.85928E-1 1.42491E-1 1.76341E-1 1.95572E-1 2.01747E-1 1.93976E-1 2.07441E-1 2.10089E-1 1.80861E-1 1.74911E-1 1.63718E-1 1.52337E-1 1.48548E-1 1.55836E-1 1.71259E-1 1.86237E-1 1.85769E-1 1.71191E-1 1.55864E-1 1.51845E-1 1.4128E-1 1.25503E-1 1.27057E-1 1.17055E-1 1.16069E-1 8.19683E-2 7.98851E-2 8.34843E-2 1.39504E-1 1.78102E-1 1.57999E-1 1.36966E-1 1.99799E-1 2.14919E-1 1.9013E-1 1.91216E-1 1.84375E-1 1.87596E-1
1.25384E-1 9.61194E-2 7.7025E-2 5.94633E-2 1.28106E-1 1.25183E-1 1.28968E-1 1.44259E-1 1.44978E-1 1.4382E-1 2.07814E-1 2.1448E-1 2.11245E-1 2.09573E-1 2.07088E-1 2.03466E-1 1.95393E-1 1.90603E-1 1.85368E-1 1.71201E-1 1.48015E-1 1.62225E-1 1.80694E-1 1.80587E-1 1.88387E-1 1.80673E-1 1.86394E-1 1.99491E-1 1.97901E-1 2.11139E-1 2.16961E-1 1.69789E-1 1.86122E-1 1.8362E-1 1.53011E-1 1.62363E-1 1.80151E-1 1.80432E-1 1.82491E-1 1.81723E-1 1.76453E-1 1.64067E-1 1.51168E-1 1.21275E-1 1.34159E-1 1.06741E-1 1.13271E-1 1.00635E-1 1.05026E-1 1.31983E-1 1.48721E-1 1.66206E-1 1.67736E-1 1.79371E-1 1.44959E-1 2.02668E-1 2.33905E-1 2.06131E-1 1.74249E-1 1.48407E-1 1.38536E-1
1.27726E-1 1.01487E-1 7.34434E-2 5.13245E-2 8.7628E-2 1.07564E-1 1.07642E-1 1.35032E-1 1.60584E-1 9.96674E-2 2.10132E-1 1.67688E-1 1.78064E-1 2.4106E-1 1.96932E-1 1.91133E-1 1.99522E-1 1.92852E-1 1.89988E-1 1.82204E-1 1.67942E-1 1.63947E-1 1.76534E-1 1.84878E-1 1.9818E-1 1.76924E-1 1.75567E-1 2.08917E-1 2.23242E-1 2.05802E-1 2.10482E-1 1.92412E-1 2.05703E-1 1.75787E-1 1.63935E-1 1.754E-1 1.74722E-1 1.76148E-1 1.74511E-1 1.778E-1 1.74285E-1 1.27871E-1 1.02092E-1 1.09321E-1 1.25693E-1 1.12592E-1 1.15726E-1 1.10021E-1 1.37863E-1 1.64192E-1 1.79949E-1 1.88409E-1 1.77185E-1 2.06342E-1 2.16544E-1 2.12565E-1 2.56902E-1 2.04119E-1 1.63286E-1 1.29598E-1 1.33559E-1
1.5962E-1 1.00131E-1 7.32169E-2 9.16313E-2 9.13381E-2 7.77265E-2 1.01019E-1 1.44249E-1 2.23505E-1 7.89073E-2 1.49473E-1 1.92745E-1 1.90147E-1 1.97034E-1 1.91556E-1 2.03833E-1 2.13704E-1 2.11454E-1 1.88368E-1 1.88744E-1 1.86675E-1 1.75715E-1 1.68111E-1 1.88457E-1 1.86541E-1 1.86903E-1 1.83275E-1 2.47021E-1 2.18813E-1 2.1089E-1 1.89371E-1 2.07421E-1 1.99911E-1 1.72125E-1 1.69682E-1 1.61355E-1 1.69389E-1 1.68126E-1 1.53348E-1 1.6899E-1 1.27573E-1 1.06624E-1 8.95745E-2 1.1214E-1 1.1488E-1 1.13814E-1 1.5058E-1 1.44831E-1 1.37245E-1 1.55706E-1 1.83178E-1 1.98865E-1 2.09382E-1 2.09466E-1 2.56727E-1 2.54583E-1 2.21531E-1 2.00262E-1 1.73424E-1 1.46428E-1 1.61786E-1
2.22481E-1 1.39838E-1 1.11818E-1 1.33088E-1 9.34424E-2 6.78559E-2 5.33748E-2 1.7531E-1 2.43853E-1 1.32002E-1 1.22358E-1 2.11199E-1 1.81793E-1 1.56512E-1 2.08329E-1 2.19614E-1 2.29741E-1 2.07753E-1 1.93019E-1 1.89178E-1 1.8617E-1 1.74665E-1 1.67183E-1 2.01612E-1 1.75391E-1 2.17541E-1 2.12411E-1 2.37893E-1 2.30889E-1 2.21993E-1 1.85142E-1 2.21965E-1 1.96838E-1 1.74775E-1 2.0764E-1 1.9125E-1 1.92497E-1 1.58787E-1 1.25994E-1 1.93888E-1 1.32295E-1 1.39033E-1 1.29198E-1 1.29368E-1 1.24481E-1 1.32256E-1 1.61491E-1 1.65114E-1 1.66778E-1 1.71252E-1 1.74081E-1 1.83863E-1 2.23214E-1 2.39455E-1 2.60844E-1 2.37413E-1 2.01266E-1 2.08706E-1 1.87381E-1 1.62149E-1 1.89359E-1
2.91414E-1 2.28057E-1 1.58977E-1 1.1122E-1 7.79876E-2 6.98749E-2 4.71487E-2 7.4741E-2 1.41324E-1 2.09032E-1 1.58615E-1 2.38648E-1 2.55542E-1 2.68154E-1 2.12831E-1 2.03408E-1 2.55519E-1 2.42787E-1 2.02626E-1 1.85997E-1 1.62424E-1 1.49352E-1 1.9048E-1 2.11955E-1 2.1316E-1 2.09795E-1 2.37988E-1 2.26854E-1 2.81511E-1 2.25561E-1 2.30634E-1 2.64899E-1 2.80114E-1 2.4215E-1 2.75803E-1 2.60442E-1 2.56077E-1 2.16688E-1 2.36207E-1 2.60005E-1 2.17837E-1 1.79129E-1 1.68727E-1 1.65175E-1 1.59908E-1 1.53784E-1 1.71698E-1 1.97955E-1 1.95712E-1 2.00774E-1 2.1077E-1 2.19326E-1 1.76693E-1 2.58076E-1 2.55543E-1 2.41297E-1 2.47935E-1 2.2859E-1 2.00493E-1 1.9791E-1 2.0591E-1
3.97967E-1 3.43239E-1 2.28395E-1 1.30728E-1 8.41447E-2 7.53066E-2 4.98566E-2 5.33997E-2 7.19419E-2 2.39288E-1 1.16529E-1 1.85579E-1 2.80517E-1 2.73156E-1 3.16335E-1 2.43805E-1 2.18588E-1 2.49945E-1 2.53332E-1 2.27123E-1 1.92465E-1 1.97791E-1 2.34137E-1 2.18131E-1 2.06599E-1 2.02821E-1 2.54604E-1 2.66495E-1 2.75521E-1 2.99992E-1 3.019E-1 3.29592E-1 2.97552E-1 3.17349E-1 3.27911E-1 2.78501E-1 2.71441E-1 3.22437E-1 3.01437E-1 2.38586E-1 2.20803E-1 1.87649E-1 1.70901E-1 1.84914E-1 1.83493E-1 1.76286E-1 1.77673E-1 2.10872E-1 2.13715E-1 2.39147E-1 2.59488E-1 2.8885E-1 2.49002E-1 2.17554E-1 2.10193E-1 2.02714E-1 2.22931E-1 2.07527E-1 1.94959E-1 2.09154E-1 2.0248E-1
4.69527E-1 4.29007E-1 3.33949E-1 2.77785E-1 1.8674E-1 1.14457E-1 9.00443E-2 6.77259E-2 5.44692E-2 2.26309E-1 1.39393E-1 2.56313E-1 2.86651E-1 2.03437E-1 2.91256E-1 3.62517E-1 2.05203E-1 2.55271E-1 2.83539E-1 2.60772E-1 2.41069E-1 2.18159E-1 2.47373E-1 2.58346E-1 2.26545E-1 2.59022E-1 2.6747E-1 2.66684E-1 2.53536E-1 3.51009E-1 3.36642E-1 3.42655E-1 2.69679E-1 3.64646E-1 3.80815E-1 3.68822E-1 2.73445E-1 2.73331E-1 2.73313E-1 2.27042E-1 2.10869E-1 2.02352E-1 2.01373E-1 2.15024E-1 1.98453E-1 1.7529E-1 1.61322E-1 1.66569E-1 1.75973E-1 2.47206E-1 2.43208E-1 2.40728E-1 2.28004E-1 1.99239E-1 1.6665E-1 1.70185E-1 1.8207E-1 1.97554E-1 1.94739E-1 1.97427E-1 1.92515E-1
4.97487E-1 4.68054E-1 4.35994E-1 3.29531E-1 2.16625E-1 1.10208E-1 9.32661E-2 8.38091E-2 4.76333E-2 1.66397E-1 2.3576E-1 2.24359E-1 4.41829E-1 2.80314E-1 2.29118E-1 5.51068E-1 4.52603E-1 3.21263E-1 3.30989E-1 3.29573E-1 3.16915E-1 2.81911E-1 2.69629E-1 2.67878E-1 2.55756E-1 2.82613E-1 2.75956E-1 2.00394E-1 2.10684E-1 3.59944E-1 3.9848E-1 4.05073E-1 3.96654E-1 4.21332E-1 3.8831E-1 2.75216E-1 2.09159E-1 2.02836E-1 2.3074E-1 2.2023E-1 2.05604E-1 2.00725E-1 2.0842E-1 2.07413E-1 1.77353E-1 1.32933E-1 1.52415E-1 1.65338E-1 2.02351E-1 2.0763E-1 1.79036E-1 1.89159E-1 1.86912E-1 1.83896E-1 1.68162E-1 1.39024E-1 1.5506E-1 1.77555E-1 1.87376E-1 1.84914E-1 1.84296E-1
4.90919E-1 4.82188E-1 4.79734E-1 4.28818E-1 3.18901E-1 2.17314E-1 1.10227E-1 5.76308E-2 4.65203E-2 6.56078E-2 2.37893E-1 1.93501E-1 2.2185E-1 2.46414E-1 2.53504E-1 4.76151E-1 4.84661E-1 5.68415E-1 3.63299E-1 3.49114E-1 3.54978E-1 3.36664E-1 3.06328E-1 2.58947E-1 2.87814E-1 3.09306E-1 2.90716E-1 1.60816E-1 1.94812E-1 3.46394E-1 3.9959E-1 4.1618E-1 4.44211E-1 4.06908E-1 2.54849E-1 2.89173E-1 2.58934E-1 1.96909E-1 2.0715E-1 1.9789E-1 1.95068E-1 1.94365E-1 2.11095E-1 2.14447E-1 1.42791E-1 1.04828E-1 1.25603E-1 1.99723E-1 2.02074E-1 1.59033E-1 1.5537E-1 1.60026E-1 1.59397E-1 1.52282E-1 1.53011E-1 1.43242E-1 1.41606E-1 1.41711E-1 1.7118E-1 1.78224E-1 1.75037E-1
5.08474E-1 5.04437E-1 4.94069E-1 4.83651E-1 4.42684E-1 3.39912E-1 1.49073E-1 6.03747E-2 6.65508E-2 5.8016E-2 1.37599E-1 2.9003E-1 2.03262E-1 2.50515E-1 3.80751E-1 2.49785E-1 2.85475E-1 5.94423E-1 4.34456E-1 3.23062E-1 3.76552E-1 3.652E-1 3.23756E-1 1.91465E-1 1.64043E-1 1.98823E-1 3.12796E-1 2.93507E-1 2.71917E-1 3.7789E-1 3.76988E-1 3.80441E-1 4.5933E-1 4.04997E-1 3.60581E-1 3.75857E-1 2.38555E-1 1.79816E-1 1.9244E-1 1.69929E-1 1.80182E-1 1.88478E-1 2.02867E-1 2.54971E-1 1.78115E-1 1.02697E-1 1.03994E-1 1.92268E-1 1.67482E-1 1.57458E-1 1.68884E-1 1.62907E-1 1.55528E-1 1.64003E-1 1.56369E-1 1.49866E-1 1.4192E-1 1.29348E-1 1.30891E-1 1.4514E-1 1.68513E-1
5.1444E-1 5.12832E-1 5.09162E-1 5.02123E-1 4.68197E-1 3.45952E-1 1.94702E-1 9.17421E-2 9.61329E-2 7.51512E-2 1.23763E-1 2.37751E-1 1.69898E-1 2.34886E-1 3.64011E-1 3.35943E-1 1.89683E-1 5.48544E-1 4.50994E-1 3.21544E-1 3.87341E-1 3.57412E-1 3.47506E-1 2.89588E-1 1.49716E-1 1.40131E-1 2.61905E-1 4.00488E-1 4.19641E-1 4.08083E-1 3.81626E-1 4.08171E-1 4.71405E-1 3.42008E-1 3.73012E-1 4.00945E-1 2.2705E-1 1.67415E-1 2.10738E-1 2.3484E-1 2.32665E-1 2.59718E-1 2.47044E-1 2.14198E-1 2.37828E-1 1.79189E-1 1.13256E-1 1.75361E-1 1.83458E-1 1.79075E-1 1.84227E-1 1.79568E-1 1.75326E-1 1.76064E-1 1.65411E-1 1.53611E-1 1.39247E-1 1.38822E-1 1.32334E-1 1.28888E-1 1.5831E-1
5.28753E-1 5.20845E-1 5.11738E-1 5.02746E-1 4.91356E-1 4.53891E-1 2.83453E-1 1.25028E-1 1.21221E-1 8.69407E-2 1.18029E-1 2.62399E-1 2.26221E-1 1.91433E-1 2.81491E-1 4.50645E-1 1.82047E-1 4.73913E-1 5.26684E-1 2.8236E-1 3.49611E-1 3.85893E-1 3.42337E-1 3.41258E-1 2.92803E-1 2.17979E-1 2.93021E-1 3.97808E-1 4.35976E-1 4.36586E-1 4.98507E-1 4.30596E-1 4.93332E-1 4.35414E-1 4.28824E-1 3.36695E-1 2.46651E-1 1.89468E-1 2.22486E-1 2.8387E-1 1.86122E-1 1.75786E-1 1.71957E-1 1.94465E-1 1.61443E-1 2.06083E-1 2.12985E-1 2.19403E-1 1.91744E-1 2.01046E-1 2.11096E-1 1.99234E-1 1.84454E-1 1.78642E-1 1.63845E-1 1.52433E-1 1.5009E-1 1.40687E-1 1.37791E-1 1.42718E-1 1.57573E-1
