maxent_outputs/bumblebees/bombus_287.asc
ncols         426
nrows         180
xllcorner     -130.0
yllcorner     24.0
cellsize      0.16666666666666666
NODATA_value  -9999
[rows 108 to 134 of 180, columns 122 to 182 of 426]
1.06727E-1 8.58612E-2 6.20216E-2 6.61856E-2 6.36854E-2 7.81378E-2 1.10572E-1 1.07229E-1 1.02561E-1 1.00743E-1 9.1002E-2 8.58838E-2 8.09946E-2 7.62613E-2 7.69458E-2 7.36327E-2 7.28455E-2 6.10734E-2 5.42229E-2 5.20406E-2 8.74912E-2 1.07669E-1 8.82441E-2 4.20336E-2 3.31322E-2 5.6108E-2 7.33556E-2 7.8374E-2 7.7359E-2 8.71891E-2 9.95905E-2 1.17675E-1 1.10427E-1 1.04884E-1 1.23985E-1 1.4585E-1 1.4108E-1 1.34038E-1 1.45077E-1 1.59943E-1 1.68752E-1 1.73901E-1 1.85127E-1 1.8503E-1 1.88859E-1 1.98606E-1 2.07613E-1 2.11802E-1 2.17655E-1 2.24142E-1 2.43136E-1 2.56476E-1 2.64022E-1 2.60358E-1 2.56508E-1 2.55213E-1 2.53318E-1 2.56772E-1 2.66756E-1 2.74295E-1 2.8036E-1
8.90539E-2 7.77344E-2 6.26836E-2 7.35441E-2 7.68029E-2 9.33812E-2 9.3876E-2 9.11115E-2 9.02383E-2 9.0388E-2 8.38413E-2 7.76895E-2 8.20261E-2 8.48344E-2 9.31791E-2 9.2175E-2 8.70118E-2 9.07996E-2 7.42874E-2 8.8008E-2 1.02308E-1 9.48254E-2 7.69936E-2 4.63272E-2 4.09412E-2 5.96133E-2 7.61196E-2 7.91372E-2 8.25935E-2 8.88438E-2 1.03309E-1 1.29863E-1 1.31595E-1 1.32727E-1 1.30024E-1 1.57211E-1 1.48926E-1 1.41125E-1 1.4926E-1 1.61454E-1 1.74183E-1 1.8374E-1 1.97763E-1 1.97402E-1 1.95303E-1 1.98214E-1 2.19193E-1 2.33571E-1 2.41041E-1 2.46844E-1 2.4832E-1 2.48639E-1 2.42667E-1 2.46244E-1 2.55463E-1 2.4934E-1 2.56132E-1 2.60886E-1 2.66828E-1 2.75342E-1 2.80047E-1
8.55868E-2 7.36219E-2 6.56289E-2 7.75104E-2 8.11351E-2 8.23767E-2 8.17862E-2 7.54505E-2 6.96678E-2 7.4863E-2 7.25973E-2 7.69676E-2 8.72439E-2 8.78156E-2 9.707E-2 1.06981E-1 1.2119E-1 1.30714E-1 1.14943E-1 1.27773E-1 1.17828E-1 9.90987E-2 7.88673E-2 6.67226E-2 6.02806E-2 7.13871E-2 8.26041E-2 7.70776E-2 8.02908E-2 8.81575E-2 1.16185E-1 1.46738E-1 1.55541E-1 1.57385E-1 1.5689E-1 1.64793E-1 1.60923E-1 1.59045E-1 1.63931E-1 1.75648E-1 1.88229E-1 2.02458E-1 2.10733E-1 2.19361E-1 2.16979E-1 2.21335E-1 2.20145E-1 2.43585E-1 2.34532E-1 2.33284E-1 2.30948E-1 2.25078E-1 2.25767E-1 2.41747E-1 2.49643E-1 2.53199E-1 2.59071E-1 2.58384E-1 2.63511E-1 2.79066E-1 2.94741E-1
9.64168E-2 8.75475E-2 7.9432E-2 8.67699E-2 8.59286E-2 7.63755E-2 6.86569E-2 6.73516E-2 7.00076E-2 7.6635E-2 7.44399E-2 7.33262E-2 7.30206E-2 5.59726E-2 8.82893E-2 1.14514E-1 1.19606E-1 1.28705E-1 1.37926E-1 1.37714E-1 1.21682E-1 1.09804E-1 9.47538E-2 7.39194E-2 7.66767E-2 9.48917E-2 1.00892E-1 1.04933E-1 1.10467E-1 1.24798E-1 1.47864E-1 1.60676E-1 1.73822E-1 1.77141E-1 1.74868E-1 1.83606E-1 1.83736E-1 1.79229E-1 1.87516E-1 1.98582E-1 2.0466E-1 2.0506E-1 2.06914E-1 2.15584E-1 2.26535E-1 2.3588E-1 2.41129E-1 2.37157E-1 2.12745E-1 2.12989E-1 2.12214E-1 2.14916E-1 2.28313E-1 2.5285E-1 2.65362E-1 2.70773E-1 2.75004E-1 2.79381E-1 2.81309E-1 2.83689E-1 2.92605E-1
1.04957E-1 1.03623E-1 1.01886E-1 9.00037E-2 7.84868E-2 7.53003E-2 7.36068E-2 6.07648E-2 5.7934E-2 6.81121E-2 8.34953E-2 7.30391E-2 5.29294E-2 7.05529E-2 1.02608E-1 1.2036E-1 1.25452E-1 1.36172E-1 1.51474E-1 1.04204E-1 1.04751E-1 9.5657E-2 9.05101E-2 7.38235E-2 8.14814E-2 1.0446E-1 1.20826E-1 1.35583E-1 1.40274E-1 1.36824E-1 1.48897E-1 1.6606E-1 1.5762E-1 1.56089E-1 1.8287E-1 1.93578E-1 1.90292E-1 1.90609E-1 1.93151E-1 2.00542E-1 2.00438E-1 1.84883E-1 1.83276E-1 1.87477E-1 1.97291E-1 2.0857E-1 2.21136E-1 2.1719E-1 2.09347E-1 2.05498E-1 2.1103E-1 2.14879E-1 2.30358E-1 2.47618E-1 2.55062E-1 2.71584E-1 2.85768E-1 2.89076E-1 2.93589E-1 2.99617E-1 3.11959E-1
1.15693E-1 1.0751E-1 9.61855E-2 8.76447E-2 9.03306E-2 8.45004E-2 7.54991E-2 7.03533E-2 6.18117E-2 6.03577E-2 7.96663E-2 8.72132E-2 9.67226E-2 1.05893E-1 1.14338E-1 1.28595E-1 1.32583E-1 1.49017E-1 1.59061E-1 1.08264E-1 9.69163E-2 9.76843E-2 9.23908E-2 7.57153E-2 8.35304E-2 1.00941E-1 1.14346E-1 1.33198E-1 1.43563E-1 1.51764E-1 1.53399E-1 1.56165E-1 1.58311E-1 1.70292E-1 1.76516E-1 1.88606E-1 1.97255E-1 1.95574E-1 1.99809E-1 1.99194E-1 1.8377E-1 1.8048E-1 1.79683E-1 1.85088E-1 1.88527E-1 1.9274E-1 1.99929E-1 2.09016E-1 2.06209E-1 2.04897E-1 2.18075E-1 2.33407E-1 2.46655E-1 2.61622E-1 2.78376E-1 2.91039E-1 2.96505E-1 3.08585E-1 3.14391E-1 3.19326E-1 3.27082E-1
1.16116E-1 9.8441E-2 9.80558E-2 9.6019E-2 8.88543E-2 7.39432E-2 6.9543E-2 6.54986E-2 6.2058E-2 6.80725E-2 8.1651E-2 7.67928E-2 9.66882E-2 1.13117E-1 1.20001E-1 1.32156E-1 1.34945E-1 1.51371E-1 1.45787E-1 1.09798E-1 9.12036E-2 1.02316E-1 9.65585E-2 8.36207E-2 8.3103E-2 9.79029E-2 1.15157E-1 1.30354E-1 1.43771E-1 1.58113E-1 1.60632E-1 1.49519E-1 1.44841E-1 1.39551E-1 1.68058E-1 1.74159E-1 1.7698E-1 1.63309E-1 1.70622E-1 1.7768E-1 1.81475E-1 1.82569E-1 1.86642E-1 1.89749E-1 1.9255E-1 1.91915E-1 1.99035E-1 2.11212E-1 2.37647E-1 2.395E-1 2.3194E-1 2.63977E-1 2.5744E-1 2.73108E-1 2.91846E-1 3.06081E-1 3.17587E-1 3.29373E-1 3.35574E-1 3.44234E-1 3.51135E-1
1.19096E-1 1.13778E-1 1.09782E-1 9.51127E-2 8.75169E-2 7.8179E-2 6.88536E-2 6.40647E-2 6.37685E-2 7.01244E-2 6.58176E-2 6.33129E-2 7.7549E-2 1.05564E-1 9.81638E-2 1.2384E-1 1.41999E-1 1.52116E-1 1.43316E-1 9.15321E-2 9.90407E-2 1.06419E-1 1.01094E-1 9.10635E-2 8.83016E-2 9.49564E-2 1.10353E-1 1.24071E-1 1.38897E-1 1.52735E-1 1.69988E-1 1.72426E-1 1.58826E-1 1.42471E-1 1.45138E-1 1.46327E-1 1.52741E-1 1.55483E-1 1.6403E-1 1.69832E-1 1.80619E-1 1.89821E-1 1.9092E-1 1.93183E-1 1.88504E-1 1.91108E-1 1.94032E-1 2.01429E-1 2.08843E-1 2.39473E-1 2.76174E-1 2.80025E-1 2.91447E-1 2.97445E-1 3.11984E-1 3.28416E-1 3.43087E-1 3.44055E-1 3.569E-1 3.63851E-1 3.7317E-1
1.22191E-1 1.17084E-1 1.08776E-1 9.81386E-2 8.5835E-2 7.8183E-2 7.58519E-2 6.66173E-2 6.47084E-2 6.46253E-2 6.15048E-2 6.66508E-2 8.04577E-2 9.63066E-2 1.00126E-1 1.2929E-1 1.43886E-1 1.50424E-1 1.41323E-1 8.41372E-2 9.87605E-2 1.04007E-1 1.03312E-1 9.18847E-2 9.12001E-2 9.4134E-2 1.06007E-1 1.23871E-1 1.40249E-1 1.55372E-1 1.67861E-1 1.78956E-1 1.77548E-1 1.65518E-1 1.59538E-1 1.57486E-1 1.549E-1 1.59165E-1 1.67135E-1 1.72592E-1 1.84409E-1 1.90888E-1 1.89835E-1 1.90288E-1 1.924E-1 1.94779E-1 2.01964E-1 2.08195E-1 2.13473E-1 2.2446E-1 2.53612E-1 2.97679E-1 3.15179E-1 3.28518E-1 3.45118E-1 3.49111E-1 3.62223E-1 3.71385E-1 3.7964E-1 3.85014E-1 3.92259E-1
1.00998E-1 1.07636E-1 9.15577E-2 8.34688E-2 8.1574E-2 7.87564E-2 7.20835E-2 6.4747E-2 6.19122E-2 6.05234E-2 6.5046E-2 7.10307E-2 8.4772E-2 9.90951E-2 1.10801E-1 1.14109E-1 1.44471E-1 1.45572E-1 1.29688E-1 1.11925E-1 9.25697E-2 9.20053E-2 9.64692E-2 9.8442E-2 9.73403E-2 9.95879E-2 1.11663E-1 1.20069E-1 1.34275E-1 1.52387E-1 1.64394E-1 1.72708E-1 1.90185E-1 1.86818E-1 1.78925E-1 1.72506E-1 1.687E-1 1.67766E-1 1.75916E-1 1.79231E-1 1.83863E-1 1.89281E-1 1.94047E-1 1.96521E-1 1.97862E-1 2.01112E-1 2.08285E-1 2.18133E-1 2.23553E-1 2.19266E-1 2.24325E-1 2.73898E-1 3.06133E-1 3.30319E-1 3.46904E-1 3.57574E-1 3.6189E-1 3.79315E-1 3.94824E-1 4.0892E-1 4.16235E-1
7.10758E-2 8.33403E-2 7.88855E-2 6.71361E-2 6.34578E-2 6.43127E-2 5.9848E-2 5.87795E-2 5.78232E-2 5.70104E-2 5.36945E-2 6.00359E-2 6.27652E-2 7.10021E-2 9.11597E-2 1.16849E-1 1.4796E-1 1.33918E-1 1.08979E-1 1.05551E-1 9.83781E-2 9.7566E-2 9.43307E-2 8.25999E-2 9.11263E-2 1.05294E-1 1.18161E-1 1.28954E-1 1.41399E-1 1.61904E-1 1.75538E-1 1.83806E-1 1.95516E-1 1.85021E-1 1.70861E-1 1.76183E-1 1.85719E-1 1.88626E-1 1.85876E-1 1.86585E-1 1.91768E-1 1.97812E-1 2.03297E-1 2.04618E-1 2.05597E-1 2.10341E-1 2.19882E-1 2.32708E-1 2.35507E-1 2.33143E-1 2.40652E-1 2.80224E-1 3.06274E-1 3.37704E-1 3.64635E-1 3.77726E-1 3.88839E-1 3.97337E-1 4.15388E-1 4.21222E-1 4.28684E-1
4.09631E-2 5.40905E-2 6.03217E-2 5.71635E-2 5.01282E-2 5.38329E-2 5.10492E-2 4.75431E-2 5.18657E-2 6.07655E-2 5.97467E-2 6.35883E-2 6.33702E-2 6.76091E-2 7.19106E-2 9.7289E-2 1.47402E-1 1.29397E-1 1.13029E-1 1.2139E-1 1.06332E-1 1.01022E-1 1.00958E-1 9.15908E-2 9.60876E-2 1.13513E-1 1.30074E-1 1.39531E-1 1.52446E-1 1.65525E-1 1.80645E-1 1.89801E-1 1.98942E-1 1.90969E-1 1.79575E-1 1.75048E-1 1.82999E-1 1.89566E-1 1.94788E-1 1.9631E-1 1.95961E-1 1.97511E-1 2.03315E-1 2.11307E-1 2.12033E-1 2.18143E-1 2.29509E-1 2.42008E-1 2.44434E-1 2.43789E-1 2.44943E-1 2.69386E-1 3.10683E-1 3.33604E-1 3.57674E-1 3.78003E-1 3.87746E-1 3.92114E-1 4.15633E-1 4.40896E-1 4.4408E-1
3.28528E-2 3.61906E-2 4.3498E-2 4.38272E-2 5.41725E-2 5.62053E-2 6.09697E-2 5.69647E-2 6.27951E-2 6.21153E-2 6.2634E-2 6.36453E-2 5.30212E-2 6.70829E-2 7.85017E-2 9.1613E-2 1.45674E-1 1.44144E-1 1.38469E-1 1.30668E-1 1.03301E-1 1.07805E-1 1.166E-1 1.0171E-1 9.95366E-2 1.1141E-1 1.28631E-1 1.47663E-1 1.63578E-1 1.72065E-1 1.77413E-1 1.91045E-1 2.01052E-1 1.94237E-1 1.76888E-1 1.72136E-1 1.74905E-1 1.76795E-1 1.80409E-1 1.8932E-1 1.94644E-1 2.0257E-1 2.09491E-1 2.18374E-1 2.19637E-1 2.25134E-1 2.34076E-1 2.4399E-1 2.45434E-1 2.51777E-1 2.59069E-1 2.70709E-1 3.06885E-1 3.31392E-1 3.55068E-1 3.74309E-1 3.96116E-1 4.06788E-1 4.23481E-1 4.27565E-1 4.45154E-1
5.45779E-2 5.34394E-2 4.74995E-2 5.78438E-2 5.94426E-2 8.07732E-2 5.69407E-2 5.1697E-2 6.0169E-2 5.49325E-2 5.17416E-2 5.93624E-2 6.07671E-2 6.55122E-2 1.1513E-1 1.38335E-1 1.55569E-1 1.47927E-1 1.49902E-1 1.20617E-1 1.10481E-1 1.27507E-1 1.33797E-1 9.74561E-2 9.79906E-2 1.14833E-1 1.30918E-1 1.48174E-1 1.66041E-1 1.75851E-1 1.9271E-1 1.96224E-1 2.00567E-1 1.89623E-1 1.8203E-1 1.72156E-1 1.73478E-1 1.77778E-1 1.83847E-1 1.90266E-1 1.95975E-1 2.06809E-1 2.16714E-1 2.31687E-1 2.34572E-1 2.37643E-1 2.43832E-1 2.47003E-1 2.48879E-1 2.58505E-1 2.78528E-1 2.83649E-1 3.10569E-1 3.37212E-1 3.56964E-1 3.76562E-1 3.92122E-1 4.11382E-1 4.19804E-1 4.41816E-1 4.60582E-1
8.05064E-2 6.33817E-2 7.30883E-2 7.49334E-2 8.97E-2 6.94167E-2 5.25207E-2 4.80518E-2 5.26444E-2 5.46962E-2 5.22288E-2 6.06821E-2 7.76766E-2 6.57958E-2 1.21894E-1 1.56725E-1 1.5207E-1 1.54494E-1 1.53281E-1 1.3467E-1 1.51449E-1 1.61013E-1 1.33474E-1 9.28412E-2 8.57907E-2 8.32304E-2 1.03869E-1 1.50818E-1 1.74832E-1 1.8611E-1 2.0488E-1 2.0962E-1 2.01115E-1 1.94619E-1 1.87632E-1 1.73638E-1 1.70438E-1 1.77636E-1 1.83315E-1 1.91636E-1 2.00782E-1 2.12638E-1 2.25017E-1 2.37155E-1 2.45635E-1 2.49491E-1 2.60788E-1 2.61501E-1 2.59921E-1 2.67562E-1 2.89072E-1 3.20318E-1 3.291E-1 3.52024E-1 3.69003E-1 3.79646E-1 3.95445E-1 4.12648E-1 4.30359E-1 4.49158E-1 4.44959E-1
1.07695E-1 1.03665E-1 1.16717E-1 1.03424E-1 1.24603E-1 6.26164E-2 4.28381E-2 5.15262E-2 4.97117E-2 6.18257E-2 5.20858E-2 6.46035E-2 8.23169E-2 1.12969E-1 1.44506E-1 1.51154E-1 1.52318E-1 1.46359E-1 1.39975E-1 1.61042E-1 1.91013E-1 1.69668E-1 1.04768E-1 5.38177E-2 8.7191E-2 1.08505E-1 1.30363E-1 1.47851E-1 1.77606E-1 1.9529E-1 2.14646E-1 2.17031E-1 2.04877E-1 2.04149E-1 1.9399E-1 1.77033E-1 1.79629E-1 1.8459E-1 1.90858E-1 1.99163E-1 2.04713E-1 2.17281E-1 2.33469E-1 2.44436E-1 2.44872E-1 2.51343E-1 2.59701E-1 2.65382E-1 2.80836E-1 3.07576E-1 3.29836E-1 3.42434E-1 3.51172E-1 3.5635E-1 3.81808E-1 3.97085E-1 4.13449E-1 4.32016E-1 4.39791E-1 4.44983E-1 4.42425E-1
1.27114E-1 1.21171E-1 1.53497E-1 1.28062E-1 1.26907E-1 7.44077E-2 5.17964E-2 5.76517E-2 7.75547E-2 7.11596E-2 4.84207E-2 6.82332E-2 1.00468E-1 1.3497E-1 1.58379E-1 1.57432E-1 1.45183E-1 1.07135E-1 1.26971E-1 1.96013E-1 1.98971E-1 1.86463E-1 1.15901E-1 7.01908E-2 6.67228E-2 9.38519E-2 1.22804E-1 1.41238E-1 1.72513E-1 1.98806E-1 2.13819E-1 2.22752E-1 2.17319E-1 2.14347E-1 2.01914E-1 1.76557E-1 1.81676E-1 1.89629E-1 1.98245E-1 2.0874E-1 2.1366E-1 2.25715E-1 2.38954E-1 2.46675E-1 2.52675E-1 2.57839E-1 2.67969E-1 2.791E-1 2.8984E-1 3.22272E-1 3.41889E-1 3.53022E-1 3.6433E-1 3.73221E-1 3.88001E-1 4.0557E-1 4.14085E-1 4.32339E-1 4.39046E-1 4.46936E-1 4.61204E-1
1.59503E-1 1.66701E-1 1.80246E-1 1.17315E-1 1.12724E-1 1.24519E-1 1.19418E-1 8.86525E-2 8.194E-2 6.75739E-2 4.76597E-2 6.87172E-2 1.05907E-1 1.44968E-1 1.63013E-1 1.53692E-1 1.4847E-1 1.18021E-1 1.65049E-1 2.03502E-1 2.05197E-1 1.96272E-1 1.40686E-1 6.15204E-2 6.21859E-2 8.88097E-2 1.16053E-1 1.38041E-1 1.71978E-1 2.01175E-1 2.15411E-1 2.25705E-1 2.34371E-1 2.21309E-1 2.0525E-1 1.81743E-1 1.85675E-1 1.96108E-1 2.04954E-1 2.15691E-1 2.27159E-1 2.36978E-1 2.4964E-1 2.56404E-1 2.61295E-1 2.70023E-1 2.8008E-1 2.91021E-1 3.07253E-1 3.31327E-1 3.52816E-1 3.58286E-1 3.65351E-1 3.76914E-1 3.85165E-1 4.01149E-1 4.12959E-1 4.29409E-1 4.44194E-1 4.69516E-1 4.74342E-1
2.31686E-1 2.10879E-1 2.00694E-1 1.67328E-1 1.09372E-1 1.14664E-1 1.44619E-1 1.08199E-1 7.11634E-2 6.92166E-2 7.10382E-2 6.56706E-2 1.18126E-1 1.54543E-1 1.50006E-1 1.52532E-1 1.63245E-1 1.42944E-1 1.55562E-1 2.07202E-1 2.00077E-1 2.01346E-1 1.51615E-1 5.20453E-2 6.40731E-2 9.58146E-2 1.15233E-1 1.41634E-1 1.73733E-1 2.02051E-1 2.24132E-1 2.3764E-1 2.29748E-1 2.23648E-1 2.08997E-1 1.89232E-1 1.92466E-1 2.03289E-1 2.14641E-1 2.25423E-1 2.39497E-1 2.51066E-1 2.58953E-1 2.62345E-1 2.73293E-1 2.77858E-1 2.81507E-1 2.93802E-1 3.06167E-1 3.43721E-1 3.39363E-1 3.39669E-1 3.48695E-1 3.77976E-1 3.9412E-1 4.032E-1 4.09434E-1 4.22708E-1 4.4495E-1 4.6612E-1 4.76364E-1
2.60561E-1 2.247E-1 1.92706E-1 1.94251E-1 1.62904E-1 1.6006E-1 1.30045E-1 1.12383E-1 1.02531E-1 9.79592E-2 1.02255E-1 9.20949E-2 1.23617E-1 1.58398E-1 1.75237E-1 1.66075E-1 1.70284E-1 1.6415E-1 1.48661E-1 2.04873E-1 2.03418E-1 2.03691E-1 1.54554E-1 5.32579E-2 6.28078E-2 9.33235E-2 1.14188E-1 1.39083E-1 1.65893E-1 1.95389E-1 2.14452E-1 2.34365E-1 2.30119E-1 2.32145E-1 2.27517E-1 2.11589E-1 2.04784E-1 2.10774E-1 2.26785E-1 2.37872E-1 2.47277E-1 2.6431E-1 2.7249E-1 2.738E-1 2.82817E-1 2.8409E-1 2.83232E-1 3.04763E-1 3.31668E-1 3.4615E-1 3.44422E-1 3.41413E-1 3.44787E-1 3.58893E-1 3.82848E-1 3.97673E-1 4.06524E-1 4.19244E-1 4.38948E-1 4.64853E-1 4.7285E-1
2.342E-1 2.2789E-1 1.95972E-1 1.85144E-1 1.7955E-1 1.61544E-1 1.26833E-1 9.72596E-2 1.2023E-1 1.32886E-1 1.3134E-1 1.16525E-1 1.44043E-1 1.57263E-1 1.54344E-1 1.73814E-1 1.77792E-1 1.69162E-1 1.44985E-1 1.90181E-1 2.0019E-1 2.04089E-1 1.95069E-1 1.18935E-1 9.4997E-2 1.08374E-1 1.24403E-1 1.23212E-1 1.5608E-1 1.89456E-1 2.1548E-1 2.35234E-1 2.39239E-1 2.39027E-1 2.44177E-1 2.36483E-1 2.25339E-1 2.28409E-1 2.38404E-1 2.4778E-1 2.56659E-1 2.71971E-1 2.85571E-1 2.88431E-1 2.92942E-1 2.90607E-1 2.89791E-1 2.94948E-1 3.25859E-1 3.41681E-1 3.4589E-1 3.5403E-1 3.5277E-1 3.56723E-1 3.74599E-1 3.94904E-1 4.14382E-1 4.27802E-1 4.47952E-1 4.74555E-1 4.7632E-1
2.15333E-1 2.31366E-1 2.14213E-1 1.67859E-1 1.75649E-1 1.71906E-1 1.43919E-1 1.23558E-1 1.39652E-1 1.50842E-1 1.56526E-1 1.63002E-1 1.70807E-1 1.65158E-1 1.53863E-1 1.62384E-1 1.8108E-1 1.80618E-1 1.47353E-1 1.98441E-1 1.97088E-1 1.96848E-1 1.80437E-1 1.55905E-1 1.57385E-1 1.46514E-1 1.61345E-1 1.42445E-1 1.31229E-1 1.70575E-1 2.00916E-1 2.24303E-1 2.49083E-1 2.55606E-1 2.61351E-1 2.42823E-1 2.34025E-1 2.39745E-1 2.4714E-1 2.57195E-1 2.6107E-1 2.80162E-1 2.89335E-1 2.98209E-1 3.05262E-1 3.0262E-1 3.09326E-1 3.14938E-1 3.12892E-1 3.1859E-1 3.48193E-1 3.58458E-1 3.60281E-1 3.63111E-1 3.66038E-1 3.79479E-1 3.93005E-1 4.24525E-1 4.47094E-1 4.69667E-1 4.75714E-1
1.49402E-1 2.11158E-1 2.15845E-1 1.93457E-1 1.77113E-1 1.68378E-1 1.7593E-1 1.6536E-1 1.60369E-1 1.66965E-1 1.76082E-1 1.87801E-1 1.92445E-1 1.91786E-1 1.79233E-1 1.73771E-1 1.8235E-1 2.04542E-1 1.54414E-1 2.00955E-1 1.95527E-1 1.91585E-1 1.63834E-1 1.51829E-1 1.69109E-1 1.78544E-1 1.83253E-1 2.05242E-1 1.46177E-1 1.42794E-1 1.85052E-1 2.11224E-1 2.42026E-1 2.61177E-1 2.67119E-1 2.46047E-1 2.42543E-1 2.54998E-1 2.59999E-1 2.6987E-1 2.65871E-1 2.74489E-1 2.88435E-1 3.0011E-1 3.07622E-1 3.10943E-1 3.08788E-1 3.29225E-1 3.4323E-1 3.33508E-1 3.52047E-1 3.59528E-1 3.72738E-1 3.69978E-1 3.60164E-1 3.59558E-1 3.66094E-1 3.86233E-1 4.19325E-1 4.51523E-1 4.65469E-1
1.63691E-1 1.3384E-1 1.51328E-1 1.94848E-1 1.74801E-1 1.60479E-1 1.72345E-1 1.71321E-1 1.65574E-1 1.74974E-1 1.83568E-1 1.91339E-1 1.84107E-1 2.03991E-1 1.84967E-1 1.86796E-1 1.89486E-1 2.01107E-1 2.006E-1 1.96927E-1 1.97753E-1 1.84562E-1 1.44282E-1 1.4988E-1 1.5515E-1 1.8256E-1 1.98693E-1 2.10533E-1 1.42287E-1 1.19627E-1 1.78848E-1 2.15455E-1 2.37332E-1 2.60835E-1 2.66897E-1 2.59869E-1 2.61043E-1 2.65594E-1 2.82081E-1 2.79773E-1 2.7756E-1 2.74535E-1 2.91863E-1 3.06206E-1 3.17779E-1 3.24754E-1 3.26998E-1 3.3267E-1 3.40974E-1 3.29769E-1 3.34823E-1 3.52382E-1 3.64193E-1 3.8539E-1 3.71154E-1 3.72244E-1 3.9091E-1 3.97843E-1 4.25165E-1 4.47901E-1 4.75914E-1
1.6213E-1 1.15264E-1 8.13867E-2 1.67944E-1 1.59503E-1 1.6259E-1 1.74032E-1 1.64546E-1 1.59234E-1 1.63644E-1 1.84912E-1 1.91426E-1 2.09658E-1 2.08363E-1 1.83591E-1 1.88049E-1 1.95808E-1 1.94701E-1 2.09946E-1 2.07535E-1 2.06465E-1 1.8523E-1 1.41563E-1 1.53439E-1 1.62826E-1 1.86274E-1 2.13994E-1 2.21466E-1 1.60784E-1 1.53922E-1 1.97883E-1 2.13722E-1 2.31609E-1 2.57497E-1 2.81309E-1 2.79548E-1 2.75421E-1 2.77434E-1 2.88271E-1 2.86498E-1 2.81777E-1 2.81537E-1 2.91573E-1 3.1056E-1 3.26627E-1 3.32084E-1 3.36912E-1 3.37076E-1 3.32344E-1 3.25938E-1 3.27823E-1 3.407E-1 3.4118E-1 3.63122E-1 4.02195E-1 4.04797E-1 4.20023E-1 4.21778E-1 4.42628E-1 4.52723E-1 4.71109E-1
1.57425E-1 1.1012E-1 9.28651E-2 1.58541E-1 1.30302E-1 1.43514E-1 1.68631E-1 1.73152E-1 1.71203E-1 1.72961E-1 1.88679E-1 1.97194E-1 2.13062E-1 2.11854E-1 2.0781E-1 1.99812E-1 1.97941E-1 1.96938E-1 2.05568E-1 2.42636E-1 2.15971E-1 1.95389E-1 1.60841E-1 1.55002E-1 1.72931E-1 1.93522E-1 2.05946E-1 2.17628E-1 2.115E-1 1.6971E-1 1.88752E-1 2.0464E-1 2.26528E-1 2.56318E-1 2.75797E-1 2.91864E-1 2.96652E-1 2.86984E-1 2.94213E-1 2.97769E-1 2.98369E-1 2.93484E-1 2.95143E-1 3.0985E-1 3.2058E-1 3.28409E-1 3.32342E-1 3.31046E-1 3.20513E-1 3.20893E-1 3.25912E-1 3.39805E-1 3.56031E-1 3.62327E-1 3.71572E-1 4.03598E-1 4.27975E-1 4.47208E-1 4.63083E-1 4.65886E-1 4.78348E-1
1.6506E-1 1.32078E-1 1.53606E-1 1.38535E-1 1.25091E-1 1.08529E-1 1.55048E-1 1.56409E-1 1.79298E-1 1.87917E-1 1.8619E-1 2.05016E-1 2.12188E-1 2.15071E-1 2.10659E-1 2.0428E-1 2.03779E-1 2.01792E-1 2.00928E-1 2.18506E-1 2.22193E-1 1.99899E-1 1.88445E-1 1.56244E-1 1.64026E-1 1.86871E-1 1.93669E-1 1.93168E-1 2.1498E-1 1.89636E-1 1.67676E-1 2.01791E-1 2.2349E-1 2.48056E-1 2.63739E-1 2.85281E-1 3.04974E-1 3.08393E-1 3.05248E-1 3.11457E-1 3.18896E-1 3.12849E-1 3.14504E-1 3.22457E-1 3.20711E-1 3.25008E-1 3.28912E-1 3.25347E-1 3.2506E-1 3.19155E-1 3.22258E-1 3.35342E-1 3.57553E-1 3.79916E-1 4.01831E-1 4.12199E-1 4.35523E-1 4.52359E-1 4.70385E-1 4.94008E-1 5.04887E-1
