maxent_outputs/bumblebees/bombus_240.asc
ncols         426
nrows         180
xllcorner     -130.0
yllcorner     24.0
cellsize      0.16666666666666666
NODATA_value  -9999
[rows 27 to 53 of 180, columns 305 to 365 of 426]
5.06896E-1 5.03734E-1 5.02476E-1 5.05889E-1 5.02891E-1 5.1E-1 5.19578E-1 5.26626E-1 5.3118E-1 5.3078E-1 5.27149E-1 5.20014E-1 5.12657E-1 5.09532E-1 5.09015E-1 5.11531E-1 5.18367E-1 5.16819E-1 5.11235E-1 5.1528E-1 5.16014E-1 5.15753E-1 5.22504E-1 5.25683E-1 5.20147E-1 5.30664E-1 5.38121E-1 5.33284E-1 5.41991E-1 5.47653E-1 5.44377E-1 5.44329E-1 5.46599E-1 5.45565E-1 5.51784E-1 5.50847E-1 5.51575E-1 5.48032E-1 5.52065E-1 5.48405E-1 5.42876E-1 5.42098E-1 5.43373E-1 5.4039E-1 5.40118E-1 5.36685E-1 5.35958E-1 5.38898E-1 5.41815E-1 5.48951E-1 5.50568E-1 5.57753E-1 5.62513E-1 5.64592E-1 5.71696E-1 5.8172E-1 5.80385E-1 5.83704E-1 5.90854E-1 6.03256E-1 6.18977E-1
5.10936E-1 5.06887E-1 5.03537E-1 5.03197E-1 5.04937E-1 5.1102E-1 5.18431E-1 5.23604E-1 5.25375E-1 5.25244E-1 5.23841E-1 5.22617E-1 5.1311E-1 5.066E-1 5.05775E-1 5.09712E-1 5.14253E-1 5.11993E-1 5.12566E-1 5.14413E-1 5.12207E-1 5.16121E-1 5.20085E-1 5.22886E-1 5.20787E-1 5.32223E-1 5.31953E-1 5.3302E-1 5.35603E-1 5.39205E-1 5.40025E-1 5.39905E-1 5.43416E-1 5.41672E-1 5.44821E-1 5.443E-1 5.44618E-1 5.44311E-1 5.44108E-1 5.47645E-1 5.44117E-1 5.4375E-1 5.43491E-1 5.43194E-1 5.42923E-1 5.41649E-1 5.43857E-1 5.47824E-1 5.48991E-1 5.52233E-1 5.59933E-1 5.63692E-1 5.69168E-1 5.72396E-1 5.78333E-1 5.86037E-1 5.88215E-1 5.93218E-1 6.08861E-1 6.31272E-1 6.44341E-1
5.14739E-1 5.12603E-1 5.06563E-1 5.07249E-1 5.1084E-1 5.18411E-1 5.2404E-1 5.27409E-1 5.29809E-1 5.31783E-1 5.2937E-1 5.24855E-1 5.21132E-1 5.15438E-1 5.09924E-1 5.11605E-1 5.08402E-1 5.10893E-1 5.11329E-1 5.13772E-1 5.14519E-1 5.14717E-1 5.17919E-1 5.20534E-1 5.20796E-1 5.25603E-1 5.31828E-1 5.3086E-1 5.31934E-1 5.3155E-1 5.32618E-1 5.35328E-1 5.39835E-1 5.41758E-1 5.40559E-1 5.38369E-1 5.42282E-1 5.39703E-1 5.44163E-1 5.49818E-1 5.48118E-1 5.43794E-1 5.46532E-1 5.45485E-1 5.47167E-1 5.50888E-1 5.52784E-1 5.62386E-1 5.63488E-1 5.61768E-1 5.68323E-1 5.70962E-1 5.76718E-1 5.83691E-1 5.8841E-1 5.96536E-1 6.03264E-1 6.10756E-1 6.18778E-1 6.41697E-1 6.64667E-1
5.11796E-1 5.14861E-1 5.07412E-1 5.18148E-1 5.19209E-1 5.19595E-1 5.28492E-1 5.30174E-1 5.3157E-1 5.38195E-1 5.36181E-1 5.33729E-1 5.27959E-1 5.18421E-1 5.19503E-1 5.16259E-1 5.17221E-1 5.18358E-1 5.12669E-1 5.17402E-1 5.16737E-1 5.19923E-1 5.21179E-1 5.20148E-1 5.24217E-1 5.27389E-1 5.31168E-1 5.33251E-1 5.33629E-1 5.30718E-1 5.31214E-1 5.33193E-1 5.34265E-1 5.35897E-1 5.32997E-1 5.32812E-1 5.3466E-1 5.39087E-1 5.4127E-1 5.45838E-1 5.42017E-1 5.42255E-1 5.3919E-1 5.43279E-1 5.49818E-1 5.52351E-1 5.64032E-1 5.68134E-1 5.70529E-1 5.74644E-1 5.82939E-1 5.78386E-1 5.92695E-1 5.92301E-1 6.01409E-1 6.10439E-1 6.20207E-1 6.32328E-1 6.53488E-1 6.65121E-1 6.83245E-1
5.27941E-1 5.29843E-1 5.14831E-1 5.19776E-1 5.24356E-1 5.29841E-1 5.42668E-1 5.40708E-1 5.40273E-1 5.42229E-1 5.4771E-1 5.48299E-1 5.49128E-1 5.49376E-1 5.36835E-1 5.27412E-1 5.21594E-1 5.18998E-1 5.18628E-1 5.1782E-1 5.25502E-1 5.24257E-1 5.24198E-1 5.30849E-1 5.33496E-1 5.36008E-1 5.44064E-1 5.46526E-1 5.34678E-1 5.3449E-1 5.29114E-1 5.28993E-1 5.31707E-1 5.29474E-1 5.3191E-1 5.29406E-1 5.33734E-1 5.38145E-1 5.39414E-1 5.40724E-1 5.40119E-1 5.49583E-1 5.53628E-1 5.5467E-1 5.56969E-1 5.59431E-1 5.7486E-1 5.83285E-1 5.8695E-1 5.88685E-1 5.94768E-1 5.9433E-1 5.996E-1 6.01235E-1 6.08068E-1 6.22698E-1 6.4271E-1 6.60217E-1 6.7866E-1 6.92233E-1 7.01113E-1
5.44454E-1 5.49424E-1 5.49417E-1 5.47907E-1 5.48326E-1 5.47617E-1 5.53287E-1 5.42027E-1 5.40738E-1 5.49853E-1 5.57087E-1 5.67648E-1 5.7722E-1 5.59644E-1 5.43326E-1 5.36477E-1 5.30142E-1 5.22287E-1 5.21896E-1 5.27126E-1 5.29194E-1 5.28915E-1 5.26136E-1 5.37819E-1 5.47192E-1 5.48574E-1 5.553E-1 5.54482E-1 5.4865E-1 5.39271E-1 5.32606E-1 5.2804E-1 5.26703E-1 5.26982E-1 5.2864E-1 5.29409E-1 5.30058E-1 5.4081E-1 5.41741E-1 5.44228E-1 5.51938E-1 5.74273E-1 5.97067E-1 5.97988E-1 5.81379E-1 5.78372E-1 5.89014E-1 5.90775E-1 6.03465E-1 6.13835E-1 6.1229E-1 6.1261E-1 6.16244E-1 6.18734E-1 6.2609E-1 6.44216E-1 6.57867E-1 6.80055E-1 7.03916E-1 7.13464E-1 7.14406E-1
5.60012E-1 5.6346E-1 5.76469E-1 5.76434E-1 5.81147E-1 5.78965E-1 5.77211E-1 5.64763E-1 5.58614E-1 5.57532E-1 5.78923E-1 6.05493E-1 5.94348E-1 5.70655E-1 5.50919E-1 5.40837E-1 5.34673E-1 5.26833E-1 5.2253E-1 5.23438E-1 5.22585E-1 5.31728E-1 5.39151E-1 5.47237E-1 5.56382E-1 5.46628E-1 5.4947E-1 5.55711E-1 5.48891E-1 5.4536E-1 5.35428E-1 5.28894E-1 5.27809E-1 5.28228E-1 5.28522E-1 5.2929E-1 5.3317E-1 5.41167E-1 5.49174E-1 5.50223E-1 5.58755E-1 5.73838E-1 5.87166E-1 5.9601E-1 5.89569E-1 5.98411E-1 6.10171E-1 6.17072E-1 6.23152E-1 6.28975E-1 6.35195E-1 6.35117E-1 6.36553E-1 6.42209E-1 6.47286E-1 6.6045E-1 6.78954E-1 6.97983E-1 7.17375E-1 7.11966E-1 -9999
5.63324E-1 5.60681E-1 5.76849E-1 5.90126E-1 5.94017E-1 5.94937E-1 5.9224E-1 5.81163E-1 5.78811E-1 5.83273E-1 6.00798E-1 6.0886E-1 5.96036E-1 5.74849E-1 5.51055E-1 5.35392E-1 5.33684E-1 5.32158E-1 5.33028E-1 5.30747E-1 5.3591E-1 5.37574E-1 5.39635E-1 5.49523E-1 5.56446E-1 5.50157E-1 5.50992E-1 5.53774E-1 5.4869E-1 5.39948E-1 5.32779E-1 5.25095E-1 5.23058E-1 5.2442E-1 5.29417E-1 5.31691E-1 5.43144E-1 5.56097E-1 5.62733E-1 5.64743E-1 5.72666E-1 5.89765E-1 5.95816E-1 6.0536E-1 6.06634E-1 6.14607E-1 6.23537E-1 6.33608E-1 6.39002E-1 6.35194E-1 6.38406E-1 6.38267E-1 6.43472E-1 6.58507E-1 6.72188E-1 6.88935E-1 6.96054E-1 7.11817E-1 7.10145E-1 -9999 7.38038E-1
5.69276E-1 5.72555E-1 5.75219E-1 5.84359E-1 5.86293E-1 5.85655E-1 5.92829E-1 6.02474E-1 5.9701E-1 5.91501E-1 5.99845E-1 6.07379E-1 6.00086E-1 5.81786E-1 5.63327E-1 5.53101E-1 5.42473E-1 5.44851E-1 5.4378E-1 5.46006E-1 5.48301E-1 5.45307E-1 5.48655E-1 5.60007E-1 5.60842E-1 5.62416E-1 5.67178E-1 5.6642E-1 5.57468E-1 5.45901E-1 5.34783E-1 5.27813E-1 5.21523E-1 5.28983E-1 5.3258E-1 5.38953E-1 5.49192E-1 5.58614E-1 5.67314E-1 5.74936E-1 5.8695E-1 5.96257E-1 6.06473E-1 6.19519E-1 6.25111E-1 6.34036E-1 6.43567E-1 6.54744E-1 6.60534E-1 6.63128E-1 6.61384E-1 6.52697E-1 6.5609E-1 6.53896E-1 6.65211E-1 6.88874E-1 7.03996E-1 7.30565E-1 7.30172E-1 7.20561E-1 7.13513E-1
5.79901E-1 5.82807E-1 5.92394E-1 5.97108E-1 5.89294E-1 5.81164E-1 5.94212E-1 5.9249E-1 5.95729E-1 5.90294E-1 5.93326E-1 5.99371E-1 6.00902E-1 5.9438E-1 5.8072E-1 5.70065E-1 5.64666E-1 5.63962E-1 5.58305E-1 5.58763E-1 5.57393E-1 5.56709E-1 5.64304E-1 5.68861E-1 5.74151E-1 5.76226E-1 5.7706E-1 5.76922E-1 5.72873E-1 5.57799E-1 5.43978E-1 5.2799E-1 5.18492E-1 5.30288E-1 5.40611E-1 5.45136E-1 5.56804E-1 5.66234E-1 5.80132E-1 5.91989E-1 6.04752E-1 6.18614E-1 6.23437E-1 6.37818E-1 6.50923E-1 6.61237E-1 6.73049E-1 6.90382E-1 6.98029E-1 6.86981E-1 6.77335E-1 6.69858E-1 6.56113E-1 6.48482E-1 6.60515E-1 6.9337E-1 7.21076E-1 7.13352E-1 7.08304E-1 7.07264E-1 6.9398E-1
5.9183E-1 5.99114E-1 6.05947E-1 5.9896E-1 5.82492E-1 5.76166E-1 5.93363E-1 6.01753E-1 5.97444E-1 5.97804E-1 6.04639E-1 6.02755E-1 6.02217E-1 5.94303E-1 5.82885E-1 5.79152E-1 5.77161E-1 5.75987E-1 5.71946E-1 5.70433E-1 5.76322E-1 5.73306E-1 5.79295E-1 5.85238E-1 5.88795E-1 5.90204E-1 5.90491E-1 5.87068E-1 5.83805E-1 5.74686E-1 5.62082E-1 5.49864E-1 5.36737E-1 5.40036E-1 5.51114E-1 5.62679E-1 5.71589E-1 5.82129E-1 5.86005E-1 6.03254E-1 6.1721E-1 6.31174E-1 6.44831E-1 6.60031E-1 6.77527E-1 6.98562E-1 7.1317E-1 7.26364E-1 7.28961E-1 7.17058E-1 7.00864E-1 6.83013E-1 6.37098E-1 6.46502E-1 6.65559E-1 6.86759E-1 7.22179E-1 7.09512E-1 7.16387E-1 7.08726E-1 6.85028E-1
6.10206E-1 6.17648E-1 6.28422E-1 6.14843E-1 5.94917E-1 5.83138E-1 5.94801E-1 6.00314E-1 6.03462E-1 6.09479E-1 6.10912E-1 6.12056E-1 6.0809E-1 6.01801E-1 5.9075E-1 5.95596E-1 5.91722E-1 5.85469E-1 5.89543E-1 5.91478E-1 5.88811E-1 5.88285E-1 5.92279E-1 5.95282E-1 5.99534E-1 6.00165E-1 5.99706E-1 5.97723E-1 5.96429E-1 5.92601E-1 5.88643E-1 5.72974E-1 5.57394E-1 5.57366E-1 5.65186E-1 5.69292E-1 5.79694E-1 5.8985E-1 5.96339E-1 6.16125E-1 6.33108E-1 6.49557E-1 6.66695E-1 6.839E-1 7.06788E-1 7.3039E-1 7.46701E-1 7.55857E-1 7.55699E-1 7.43358E-1 7.25264E-1 6.93443E-1 6.51044E-1 6.57027E-1 6.37186E-1 7.00198E-1 7.08476E-1 7.22948E-1 7.2468E-1 7.0697E-1 6.78364E-1
6.24527E-1 6.28211E-1 6.25117E-1 6.20893E-1 6.11862E-1 6.03296E-1 6.01798E-1 6.08942E-1 6.11709E-1 6.14704E-1 6.13289E-1 6.2052E-1 6.13112E-1 6.09679E-1 6.0623E-1 6.03849E-1 6.003E-1 5.94065E-1 6.00047E-1 6.01028E-1 6.04587E-1 6.04193E-1 6.04157E-1 6.12107E-1 6.17177E-1 6.1088E-1 6.11373E-1 6.12952E-1 6.1146E-1 6.08035E-1 5.86563E-1 5.80761E-1 5.7245E-1 5.73236E-1 5.75453E-1 5.85279E-1 5.89483E-1 6.00892E-1 6.06951E-1 6.30493E-1 6.4251E-1 6.6362E-1 6.81814E-1 7.07703E-1 7.3156E-1 7.49995E-1 7.64393E-1 7.72767E-1 7.71181E-1 7.61804E-1 7.56883E-1 7.19846E-1 7.00016E-1 6.77122E-1 7.00181E-1 6.93745E-1 6.94811E-1 7.05819E-1 7.04372E-1 6.94111E-1 6.7315E-1
6.35449E-1 6.37883E-1 6.33312E-1 6.26288E-1 6.20852E-1 6.18231E-1 6.06223E-1 6.10226E-1 6.13207E-1 6.14928E-1 6.16315E-1 6.14641E-1 6.13112E-1 6.0706E-1 6.06375E-1 6.12376E-1 6.06629E-1 6.0871E-1 6.09105E-1 6.08097E-1 6.13036E-1 6.16307E-1 6.21426E-1 6.25467E-1 6.31454E-1 6.21083E-1 6.10974E-1 6.07776E-1 6.08439E-1 6.06011E-1 5.95642E-1 5.8127E-1 5.75989E-1 5.81178E-1 5.84638E-1 5.98901E-1 6.03189E-1 6.04249E-1 6.26047E-1 6.37657E-1 6.52909E-1 6.7462E-1 7.01626E-1 7.26705E-1 7.46342E-1 7.66433E-1 7.79234E-1 7.80756E-1 7.81884E-1 7.85029E-1 7.74753E-1 7.56779E-1 -9999 6.92005E-1 6.93254E-1 6.90278E-1 6.83425E-1 6.83111E-1 6.83729E-1 6.72906E-1 6.66115E-1
6.43573E-1 6.41206E-1 6.3459E-1 6.31712E-1 6.25352E-1 6.1974E-1 6.17418E-1 6.18677E-1 6.18077E-1 6.2179E-1 6.20474E-1 6.22861E-1 6.20744E-1 6.17777E-1 6.19844E-1 6.18088E-1 6.20435E-1 6.20231E-1 6.19794E-1 6.25293E-1 6.33057E-1 6.2262E-1 6.37784E-1 6.38371E-1 6.36487E-1 6.27133E-1 6.19358E-1 6.14273E-1 6.11142E-1 6.06418E-1 6.04119E-1 5.9763E-1 5.95562E-1 5.96352E-1 6.05239E-1 6.1306E-1 6.22835E-1 6.30765E-1 6.44398E-1 6.5424E-1 6.67764E-1 6.81665E-1 7.05167E-1 7.31807E-1 7.55372E-1 7.68952E-1 7.78656E-1 7.92859E-1 7.93436E-1 7.63528E-1 7.46876E-1 7.24423E-1 6.97252E-1 6.98629E-1 7.03766E-1 6.89086E-1 6.65123E-1 6.62263E-1 6.6188E-1 6.62423E-1 6.57471E-1
6.47421E-1 6.424E-1 6.33092E-1 6.26323E-1 6.21343E-1 6.17571E-1 6.21038E-1 6.2874E-1 6.27094E-1 6.2772E-1 6.24927E-1 6.22651E-1 6.20614E-1 6.22588E-1 6.2876E-1 6.32375E-1 6.33528E-1 6.38298E-1 6.34371E-1 6.38517E-1 6.42117E-1 6.44025E-1 6.49585E-1 6.40662E-1 6.43787E-1 6.41126E-1 6.33719E-1 6.26082E-1 6.20821E-1 6.15333E-1 6.05379E-1 5.98215E-1 6.03786E-1 6.10303E-1 6.1922E-1 6.34403E-1 6.41932E-1 6.56313E-1 6.66892E-1 6.74646E-1 6.69415E-1 6.74863E-1 6.95573E-1 7.12844E-1 7.34924E-1 7.3957E-1 7.44089E-1 7.49308E-1 7.35727E-1 6.94729E-1 6.64851E-1 6.84568E-1 6.99611E-1 7.0568E-1 7.02879E-1 6.77484E-1 6.47364E-1 6.50392E-1 6.53745E-1 6.5246E-1 6.49906E-1
6.36221E-1 6.31391E-1 6.2683E-1 6.25098E-1 6.23643E-1 6.20576E-1 6.26072E-1 6.28443E-1 6.30376E-1 6.29869E-1 6.33244E-1 6.30276E-1 6.2749E-1 6.32543E-1 6.34288E-1 6.38343E-1 6.40278E-1 6.38743E-1 6.41351E-1 6.50495E-1 6.62473E-1 6.57784E-1 6.48876E-1 6.52589E-1 6.56743E-1 6.52074E-1 6.43053E-1 6.40249E-1 6.42001E-1 6.33889E-1 6.21818E-1 6.12688E-1 6.25755E-1 6.31069E-1 6.42413E-1 6.53027E-1 6.70591E-1 6.84857E-1 6.88532E-1 6.70774E-1 6.64424E-1 6.70389E-1 6.71402E-1 6.89295E-1 6.97983E-1 7.1328E-1 7.18368E-1 7.15001E-1 6.95776E-1 6.72304E-1 6.68333E-1 6.81635E-1 6.9995E-1 7.09945E-1 7.00561E-1 6.82412E-1 6.56081E-1 6.4754E-1 6.47529E-1 6.48141E-1 6.49765E-1
6.26247E-1 6.23249E-1 6.21557E-1 6.21526E-1 6.26892E-1 6.27358E-1 6.27293E-1 6.31472E-1 6.29167E-1 6.35399E-1 6.32452E-1 6.39618E-1 6.35345E-1 6.38374E-1 6.39376E-1 6.43045E-1 6.43863E-1 6.45652E-1 6.41902E-1 6.4232E-1 6.54503E-1 6.5965E-1 6.58021E-1 6.65683E-1 6.67699E-1 6.59346E-1 6.48003E-1 6.55616E-1 6.53457E-1 6.54508E-1 6.50696E-1 6.45393E-1 6.50263E-1 6.58275E-1 6.63441E-1 6.78771E-1 6.93442E-1 7.06584E-1 7.12155E-1 6.82646E-1 6.71346E-1 6.84303E-1 6.83425E-1 6.93307E-1 6.97859E-1 7.0304E-1 7.07343E-1 7.00741E-1 6.8336E-1 6.57843E-1 6.63589E-1 6.92412E-1 7.11012E-1 7.04737E-1 6.91542E-1 6.7816E-1 6.66694E-1 6.54521E-1 6.48471E-1 6.46446E-1 6.4558E-1
6.1198E-1 6.16964E-1 6.16619E-1 6.21958E-1 6.24568E-1 6.2062E-1 6.25027E-1 6.31535E-1 6.36881E-1 6.37622E-1 6.36315E-1 6.38781E-1 6.43987E-1 6.37484E-1 6.36081E-1 6.44609E-1 6.50017E-1 6.48063E-1 6.44581E-1 6.42573E-1 6.51173E-1 6.62367E-1 6.62131E-1 6.68651E-1 6.67974E-1 6.60823E-1 6.49324E-1 6.6945E-1 6.68346E-1 6.79959E-1 6.87699E-1 6.84558E-1 6.80194E-1 6.83863E-1 6.819E-1 6.91162E-1 6.97711E-1 7.02628E-1 7.10983E-1 7.00359E-1 6.75249E-1 6.84864E-1 6.87713E-1 7.00334E-1 7.03177E-1 7.04668E-1 7.07324E-1 6.92863E-1 6.806E-1 6.62487E-1 6.67321E-1 6.70469E-1 6.92631E-1 6.9431E-1 6.86129E-1 6.766E-1 6.73876E-1 6.67381E-1 6.51437E-1 6.48753E-1 6.49434E-1
5.92407E-1 6.09641E-1 6.1549E-1 6.13976E-1 6.17635E-1 6.17866E-1 6.20861E-1 6.31416E-1 6.43807E-1 6.43879E-1 6.39895E-1 6.39615E-1 6.40285E-1 6.40383E-1 6.45861E-1 6.47837E-1 6.54413E-1 6.5843E-1 6.65009E-1 6.57008E-1 6.7024E-1 6.67713E-1 6.74647E-1 6.77719E-1 6.79756E-1 6.74636E-1 6.6178E-1 6.71597E-1 6.76931E-1 7.07167E-1 7.20329E-1 7.17141E-1 7.02996E-1 6.95839E-1 6.93295E-1 6.99771E-1 6.97857E-1 6.97874E-1 7.02359E-1 6.85311E-1 6.7061E-1 6.66775E-1 6.86674E-1 7.02419E-1 7.12936E-1 7.31851E-1 7.29061E-1 7.12182E-1 6.9881E-1 6.59283E-1 6.4332E-1 6.51901E-1 6.58966E-1 6.65508E-1 6.74554E-1 6.69131E-1 6.71626E-1 6.61814E-1 6.56365E-1 6.54778E-1 6.52249E-1
5.99063E-1 6.18335E-1 6.27169E-1 6.3219E-1 6.26521E-1 6.20749E-1 6.21721E-1 6.26618E-1 6.37929E-1 6.41239E-1 6.39056E-1 6.43506E-1 6.41439E-1 6.47535E-1 6.53709E-1 6.57065E-1 6.63332E-1 6.69088E-1 6.76219E-1 6.80224E-1 6.82236E-1 6.75759E-1 6.76529E-1 6.81733E-1 6.90227E-1 6.86351E-1 6.87288E-1 6.71866E-1 6.86305E-1 7.19922E-1 7.28485E-1 7.21626E-1 7.0716E-1 6.85094E-1 6.78204E-1 6.84618E-1 7.02248E-1 7.07355E-1 6.97593E-1 6.90427E-1 6.68455E-1 6.61909E-1 6.83703E-1 7.0303E-1 7.35466E-1 7.41994E-1 7.30981E-1 7.06367E-1 6.90112E-1 6.68388E-1 6.47057E-1 6.3738E-1 6.31416E-1 6.46544E-1 6.60777E-1 6.70452E-1 6.68579E-1 6.58421E-1 6.56822E-1 6.51361E-1 6.57967E-1
6.22891E-1 6.31701E-1 6.37257E-1 6.42277E-1 6.33304E-1 6.28093E-1 6.23095E-1 6.27711E-1 6.3432E-1 6.37595E-1 6.39444E-1 6.50184E-1 6.41233E-1 6.48315E-1 6.54407E-1 6.61853E-1 6.64739E-1 6.71655E-1 6.78694E-1 6.87506E-1 6.92046E-1 6.88568E-1 6.92726E-1 6.97104E-1 7.00882E-1 6.95374E-1 6.983E-1 6.97476E-1 7.1268E-1 7.22502E-1 7.17979E-1 7.14917E-1 6.94559E-1 6.71916E-1 6.86506E-1 7.02309E-1 7.00886E-1 6.92797E-1 6.87126E-1 6.99507E-1 6.89976E-1 6.823E-1 6.86488E-1 7.07369E-1 7.19066E-1 7.26332E-1 7.05848E-1 6.82044E-1 6.74293E-1 6.80919E-1 6.65145E-1 6.37505E-1 6.27708E-1 6.4782E-1 6.59914E-1 6.65681E-1 6.63287E-1 6.64524E-1 6.63001E-1 6.5866E-1 6.71049E-1
6.52174E-1 6.55762E-1 6.57966E-1 6.59147E-1 6.54928E-1 6.41911E-1 6.35647E-1 6.32803E-1 6.38271E-1 6.42218E-1 6.45601E-1 6.49077E-1 6.46536E-1 6.49129E-1 6.53367E-1 6.5699E-1 6.59105E-1 6.74429E-1 6.84791E-1 6.9217E-1 6.9889E-1 6.9631E-1 7.03306E-1 7.09867E-1 7.02648E-1 7.15743E-1 7.16E-1 7.1169E-1 7.1769E-1 7.22087E-1 7.13755E-1 7.02866E-1 6.95843E-1 6.95155E-1 7.08725E-1 7.09023E-1 7.04999E-1 6.96771E-1 6.95316E-1 7.00567E-1 6.99472E-1 6.92695E-1 6.90598E-1 6.89355E-1 6.94771E-1 7.06607E-1 6.94539E-1 6.87703E-1 6.85104E-1 7.0118E-1 6.82617E-1 6.63711E-1 6.65397E-1 6.62906E-1 6.61401E-1 6.6571E-1 6.79635E-1 6.79699E-1 6.79011E-1 6.76053E-1 6.86403E-1
6.76689E-1 6.86904E-1 6.8401E-1 6.76961E-1 6.63664E-1 6.56389E-1 6.4386E-1 6.40108E-1 6.43954E-1 6.43497E-1 6.49579E-1 6.49718E-1 6.5437E-1 6.51071E-1 6.51051E-1 6.58041E-1 6.51066E-1 6.55923E-1 6.81759E-1 7.01438E-1 7.00349E-1 6.94433E-1 7.00221E-1 7.04532E-1 7.07984E-1 7.01722E-1 6.92299E-1 6.94396E-1 6.93114E-1 7.03649E-1 7.10809E-1 7.12174E-1 7.13614E-1 7.14801E-1 7.22507E-1 7.19111E-1 7.15213E-1 7.12518E-1 7.14631E-1 7.15803E-1 7.14636E-1 7.03367E-1 6.86657E-1 6.66879E-1 6.81973E-1 6.90478E-1 6.99656E-1 7.08214E-1 7.23428E-1 7.00049E-1 6.93913E-1 6.83069E-1 6.67075E-1 6.58878E-1 6.68719E-1 6.72844E-1 6.81354E-1 6.97317E-1 7.00264E-1 7.065E-1 7.09339E-1
6.93727E-1 6.94804E-1 6.88435E-1 6.83234E-1 6.77987E-1 6.66171E-1 6.51379E-1 6.51174E-1 6.51227E-1 6.49802E-1 6.51588E-1 6.53583E-1 6.57835E-1 6.5841E-1 6.53684E-1 6.50072E-1 6.34679E-1 6.36412E-1 6.5571E-1 6.85343E-1 6.90892E-1 6.87915E-1 6.93214E-1 7.06551E-1 7.09317E-1 7.03519E-1 7.01497E-1 6.97897E-1 6.93269E-1 7.05991E-1 7.16544E-1 7.20841E-1 7.17761E-1 7.14463E-1 7.15699E-1 7.08223E-1 7.09738E-1 7.17376E-1 7.2973E-1 7.41138E-1 7.32469E-1 7.17058E-1 6.79995E-1 6.40472E-1 6.56593E-1 6.85611E-1 7.03864E-1 7.19239E-1 7.44086E-1 7.18918E-1 7.00435E-1 7.11289E-1 6.87353E-1 6.746E-1 6.76228E-1 6.76286E-1 6.8653E-1 6.95066E-1 7.06291E-1 7.15172E-1 7.20739E-1
7.03318E-1 6.94699E-1 6.92466E-1 6.91501E-1 6.84057E-1 6.75789E-1 6.6623E-1 6.55276E-1 6.54881E-1 6.49974E-1 6.50411E-1 6.54319E-1 6.51656E-1 6.52479E-1 6.58356E-1 6.61907E-1 6.4909E-1 6.32833E-1 6.45053E-1 6.6721E-1 6.80702E-1 6.9015E-1 7.00145E-1 7.07269E-1 7.07863E-1 7.11844E-1 7.12552E-1 7.04967E-1 7.08055E-1 7.06691E-1 7.13825E-1 7.09813E-1 6.98812E-1 6.85577E-1 6.74893E-1 6.79526E-1 6.87913E-1 7.06593E-1 7.31124E-1 7.53464E-1 7.53707E-1 7.37814E-1 6.93993E-1 6.68082E-1 6.71318E-1 6.84599E-1 6.94822E-1 7.09372E-1 7.21334E-1 7.19307E-1 7.17549E-1 6.9429E-1 6.85788E-1 6.76081E-1 6.79305E-1 6.86274E-1 6.92519E-1 7.03644E-1 7.13074E-1 7.17253E-1 7.21225E-1
7.0083E-1 6.96924E-1 6.95606E-1 6.92472E-1 6.89904E-1 6.80782E-1 6.77272E-1 6.66781E-1 6.58604E-1 6.57355E-1 6.5744E-1 6.5696E-1 6.55493E-1 6.51793E-1 6.56356E-1 6.65597E-1 6.58645E-1 6.5867E-1 6.59572E-1 6.73903E-1 6.88284E-1 6.95938E-1 6.99361E-1 7.02257E-1 7.10712E-1 7.21101E-1 7.09794E-1 7.09901E-1 7.11234E-1 7.11399E-1 7.06204E-1 6.97551E-1 6.7724E-1 6.4913E-1 6.33615E-1 6.45524E-1 6.64977E-1 6.91425E-1 7.25558E-1 7.47081E-1 7.48067E-1 7.36058E-1 7.02948E-1 6.90944E-1 6.78256E-1 6.71455E-1 6.62297E-1 6.71361E-1 6.88031E-1 6.84204E-1 6.91453E-1 6.97752E-1 7.05724E-1 7.01767E-1 6.98539E-1 7.06143E-1 7.04275E-1 7.11867E-1 7.13956E-1 7.21244E-1 7.23597E-1
