maxent_outputs/bumblebees/bombus_237.asc
ncols         426
nrows         180
xllcorner     -130.0
yllcorner     24.0
cellsize      0.16666666666666666
NODATA_value  -9999
[rows 27 to 53 of 180, columns 61 to 121 of 426]
5.44208E-1 5.58782E-1 5.72576E-1 5.84953E-1 5.67056E-1 5.80222E-1 6.11497E-1 6.14149E-1 6.06174E-1 6.23174E-1 6.35935E-1 6.30778E-1 6.30274E-1 6.23737E-1 6.20557E-1 6.14441E-1 6.04075E-1 5.99139E-1 6.11971E-1 5.80098E-1 5.77265E-1 5.75129E-1 5.7299E-1 5.57832E-1 5.58317E-1 5.64596E-1 5.40241E-1 5.68727E-1 5.64719E-1 5.70821E-1 5.76015E-1 5.76307E-1 5.72247E-1 5.5369E-1 5.21795E-1 4.81022E-1 4.57919E-1 4.45714E-1 4.43877E-1 4.3742E-1 4.34869E-1 4.3816E-1 4.3248E-1 4.27363E-1 4.18209E-1 4.18549E-1 4.21437E-1 4.24497E-1 4.28626E-1 4.35899E-1 4.4079E-1 4.37932E-1 4.31447E-1 4.25809E-1 4.18202E-1 4.12498E-1 4.0707E-1 4.05049E-1 3.9864E-1 3.98338E-1 3.98554E-1
5.48139E-1 5.51443E-1 5.56293E-1 5.87832E-1 5.70439E-1 5.65387E-1 5.83681E-1 6.02297E-1 5.97284E-1 6.10374E-1 6.07391E-1 6.08693E-1 6.20975E-1 6.15308E-1 6.10632E-1 6.06657E-1 5.91871E-1 5.90561E-1 6.0081E-1 5.82821E-1 5.6729E-1 5.60314E-1 5.58382E-1 5.50975E-1 5.57019E-1 5.5894E-1 5.69007E-1 5.39184E-1 5.64409E-1 5.68991E-1 5.82395E-1 5.79901E-1 5.78711E-1 5.72702E-1 5.57586E-1 5.3981E-1 4.90006E-1 4.63858E-1 4.49552E-1 4.41473E-1 4.32811E-1 4.25519E-1 4.161E-1 4.03692E-1 3.98045E-1 4.02379E-1 4.09938E-1 4.15794E-1 4.20414E-1 4.27389E-1 4.32459E-1 4.30167E-1 4.28939E-1 4.25917E-1 4.23317E-1 4.16974E-1 4.07822E-1 3.99638E-1 3.91114E-1 3.85226E-1 3.86789E-1
5.65179E-1 5.50786E-1 5.53603E-1 5.55002E-1 5.45991E-1 5.48378E-1 5.61966E-1 5.75824E-1 5.83376E-1 6.02714E-1 5.98744E-1 6.06401E-1 6.08251E-1 6.04278E-1 6.01328E-1 6.02004E-1 5.85665E-1 5.80573E-1 5.7287E-1 5.81841E-1 5.65461E-1 5.52076E-1 5.48437E-1 5.48335E-1 5.54237E-1 5.57226E-1 5.60699E-1 5.54882E-1 5.71727E-1 5.70101E-1 5.74615E-1 5.83741E-1 5.82035E-1 5.78066E-1 5.6557E-1 5.75589E-1 5.34903E-1 4.88058E-1 4.63252E-1 4.45101E-1 4.31032E-1 4.20062E-1 4.0762E-1 3.98187E-1 3.8639E-1 3.91759E-1 3.969E-1 4.04385E-1 4.17638E-1 4.28199E-1 4.30593E-1 4.29404E-1 4.28428E-1 4.2705E-1 4.25696E-1 4.26601E-1 4.1762E-1 4.00445E-1 3.88163E-1 3.80514E-1 3.80651E-1
5.63606E-1 5.49342E-1 5.4821E-1 5.29602E-1 5.32739E-1 5.46715E-1 5.59853E-1 5.65182E-1 5.71074E-1 5.83288E-1 5.81771E-1 5.90603E-1 5.92954E-1 5.94592E-1 6.00186E-1 5.90339E-1 5.83742E-1 5.75627E-1 5.62504E-1 5.66078E-1 5.68879E-1 5.53558E-1 5.46135E-1 5.52194E-1 5.54456E-1 5.53016E-1 5.59494E-1 5.71699E-1 5.41246E-1 5.73024E-1 5.72692E-1 5.83092E-1 5.79003E-1 5.82175E-1 5.72458E-1 5.68416E-1 5.39816E-1 5.16621E-1 4.78653E-1 4.58591E-1 4.39558E-1 4.23279E-1 4.10051E-1 4.01774E-1 3.93509E-1 3.94992E-1 3.99478E-1 4.06507E-1 4.136E-1 4.15397E-1 4.22658E-1 4.24553E-1 4.27602E-1 4.26353E-1 4.18975E-1 4.16359E-1 4.16591E-1 4.0858E-1 4.03376E-1 4.02646E-1 4.00952E-1
5.57296E-1 5.43295E-1 5.37612E-1 5.29435E-1 5.44929E-1 5.46079E-1 5.52855E-1 5.49865E-1 5.70705E-1 5.75087E-1 5.71981E-1 5.73559E-1 5.80591E-1 5.82765E-1 5.88033E-1 5.80157E-1 5.81221E-1 5.82563E-1 5.61728E-1 5.54114E-1 5.58134E-1 5.45396E-1 5.44991E-1 5.46771E-1 5.44706E-1 5.47502E-1 5.56884E-1 5.67442E-1 5.66937E-1 5.38822E-1 5.71589E-1 5.80002E-1 5.80552E-1 5.7181E-1 5.83244E-1 5.61833E-1 5.41105E-1 5.25689E-1 5.01214E-1 4.77328E-1 4.49562E-1 4.33115E-1 4.1894E-1 4.10872E-1 4.03425E-1 3.97939E-1 4.0472E-1 4.07268E-1 4.07367E-1 4.0804E-1 4.07502E-1 4.07003E-1 4.09904E-1 4.09873E-1 4.10015E-1 4.11514E-1 4.06683E-1 4.08886E-1 4.10141E-1 4.08596E-1 4.12605E-1
5.42424E-1 5.35134E-1 5.29087E-1 5.30703E-1 5.36643E-1 5.42864E-1 5.4315E-1 5.49063E-1 5.6643E-1 5.6497E-1 5.72671E-1 5.65093E-1 5.66652E-1 5.73205E-1 5.78421E-1 5.73143E-1 5.75653E-1 5.83605E-1 5.60792E-1 5.54111E-1 5.52642E-1 5.3963E-1 5.46798E-1 5.52484E-1 5.40558E-1 5.50883E-1 5.52735E-1 5.75926E-1 5.59605E-1 5.66691E-1 5.75528E-1 5.69294E-1 5.79451E-1 5.81075E-1 5.8183E-1 5.87249E-1 5.50835E-1 5.21977E-1 5.08302E-1 4.95453E-1 4.64611E-1 4.52221E-1 4.36118E-1 4.28378E-1 4.21905E-1 4.148E-1 4.15856E-1 4.10496E-1 4.07773E-1 4.07214E-1 4.03629E-1 3.9969E-1 4.00114E-1 3.97048E-1 3.99121E-1 4.03717E-1 4.05071E-1 4.06197E-1 4.09352E-1 4.13045E-1 4.18639E-1
5.35842E-1 5.28685E-1 5.28297E-1 5.29701E-1 5.37036E-1 5.43239E-1 5.4085E-1 5.4094E-1 5.58691E-1 5.62936E-1 5.56679E-1 5.5757E-1 5.57942E-1 5.62896E-1 5.68763E-1 5.66176E-1 5.67586E-1 5.70055E-1 5.59168E-1 5.62916E-1 5.60919E-1 5.46474E-1 5.36489E-1 5.56884E-1 5.42118E-1 5.55594E-1 5.61148E-1 5.68219E-1 5.59865E-1 5.63087E-1 5.63114E-1 5.70078E-1 5.5311E-1 5.62593E-1 5.73574E-1 5.75212E-1 5.59851E-1 5.32168E-1 5.10531E-1 5.06839E-1 4.83233E-1 4.63719E-1 4.4626E-1 4.32326E-1 4.22627E-1 4.16172E-1 4.16576E-1 4.13139E-1 4.12176E-1 4.11869E-1 4.1068E-1 4.07561E-1 4.00796E-1 3.95123E-1 3.9604E-1 3.99532E-1 4.04649E-1 4.08026E-1 4.08834E-1 4.1443E-1 4.27532E-1
5.14226E-1 5.12917E-1 5.22258E-1 5.25702E-1 5.35785E-1 5.35651E-1 5.3951E-1 5.43941E-1 5.51672E-1 5.48561E-1 5.50693E-1 5.52059E-1 5.40257E-1 5.53103E-1 5.59525E-1 5.54006E-1 5.62422E-1 5.61855E-1 5.6823E-1 5.77607E-1 5.82993E-1 5.56494E-1 5.3476E-1 5.47756E-1 5.3926E-1 5.47114E-1 5.51332E-1 5.60805E-1 5.56464E-1 5.57763E-1 5.52938E-1 5.677E-1 5.41308E-1 5.33176E-1 5.70583E-1 5.74875E-1 5.60638E-1 5.48922E-1 5.2871E-1 5.11427E-1 4.97885E-1 4.76801E-1 4.54797E-1 4.41583E-1 4.30387E-1 4.16337E-1 4.14868E-1 4.16518E-1 4.13446E-1 4.13155E-1 4.13388E-1 4.1253E-1 4.10364E-1 4.03427E-1 4.02971E-1 4.03428E-1 4.03297E-1 4.02846E-1 4.02206E-1 4.13863E-1 4.24476E-1
5.03886E-1 5.10403E-1 5.0398E-1 5.09947E-1 5.1429E-1 5.18369E-1 5.41756E-1 5.43844E-1 5.49063E-1 5.46229E-1 5.42833E-1 5.44028E-1 5.37591E-1 5.44582E-1 5.45633E-1 5.47292E-1 5.53213E-1 5.58141E-1 5.61774E-1 5.68671E-1 5.77899E-1 5.62733E-1 5.582E-1 5.55792E-1 5.46345E-1 5.36162E-1 5.49911E-1 5.46566E-1 5.50721E-1 5.50551E-1 5.53929E-1 5.60594E-1 5.65916E-1 5.5982E-1 5.7284E-1 5.71051E-1 5.65434E-1 5.49668E-1 5.29049E-1 5.11777E-1 4.92299E-1 4.7949E-1 4.67465E-1 4.45126E-1 4.31001E-1 4.17874E-1 4.12094E-1 4.1465E-1 4.16447E-1 4.1517E-1 4.15461E-1 4.2128E-1 4.17995E-1 4.17833E-1 4.17346E-1 4.16392E-1 4.13174E-1 4.07384E-1 4.06146E-1 4.08016E-1 4.14371E-1
4.85113E-1 4.88509E-1 4.83601E-1 4.95098E-1 5.14213E-1 5.17908E-1 5.3171E-1 5.33296E-1 5.4164E-1 5.36404E-1 5.3648E-1 5.34825E-1 5.41104E-1 5.42859E-1 5.41159E-1 5.46742E-1 5.55784E-1 5.60628E-1 5.53955E-1 5.62193E-1 5.6087E-1 5.55185E-1 5.48372E-1 5.433E-1 5.56924E-1 5.44821E-1 5.40274E-1 5.39443E-1 5.43434E-1 5.45395E-1 5.55455E-1 5.49385E-1 5.63623E-1 5.692E-1 5.81485E-1 5.83801E-1 5.68243E-1 5.47247E-1 5.40663E-1 5.13258E-1 4.93084E-1 4.75324E-1 4.70843E-1 4.45651E-1 4.33965E-1 4.30818E-1 4.24691E-1 4.25561E-1 4.28336E-1 4.28462E-1 4.29388E-1 4.29545E-1 4.26227E-1 4.233E-1 4.24471E-1 4.28163E-1 4.21964E-1 4.1257E-1 4.1614E-1 4.12649E-1 4.08383E-1
4.76813E-1 4.805E-1 4.78687E-1 4.98846E-1 5.01299E-1 5.02495E-1 5.08625E-1 5.11709E-1 5.106E-1 5.1597E-1 5.23101E-1 5.24152E-1 5.30155E-1 5.3919E-1 5.48544E-1 5.49163E-1 5.54898E-1 5.57684E-1 5.62261E-1 5.65152E-1 5.60134E-1 5.57356E-1 5.52109E-1 5.45891E-1 5.36198E-1 5.42197E-1 5.38277E-1 5.34092E-1 5.43829E-1 5.41657E-1 5.5179E-1 5.30904E-1 5.44062E-1 5.5095E-1 5.71356E-1 5.7332E-1 5.69444E-1 5.33084E-1 5.38399E-1 5.08905E-1 4.98616E-1 4.81314E-1 4.71314E-1 4.46609E-1 4.33473E-1 4.31267E-1 4.28441E-1 4.26863E-1 4.27548E-1 4.24201E-1 4.27671E-1 4.34916E-1 4.34134E-1 4.35511E-1 4.34966E-1 4.30579E-1 4.24216E-1 4.16117E-1 4.12765E-1 4.18791E-1 4.16837E-1
4.75582E-1 4.76299E-1 4.86393E-1 4.94954E-1 4.93214E-1 4.96123E-1 5.01545E-1 5.00724E-1 5.02844E-1 5.05798E-1 5.11113E-1 5.19125E-1 5.25679E-1 5.3146E-1 5.44117E-1 5.49884E-1 5.55522E-1 5.63145E-1 5.73944E-1 5.7054E-1 5.71363E-1 5.7272E-1 5.57239E-1 5.42248E-1 5.2976E-1 5.29083E-1 5.342E-1 5.37784E-1 5.42038E-1 5.48846E-1 5.49471E-1 5.20957E-1 5.18523E-1 5.23275E-1 5.47942E-1 5.52818E-1 5.60771E-1 5.30362E-1 5.31666E-1 5.16741E-1 4.94151E-1 4.91855E-1 4.7581E-1 4.47906E-1 4.33185E-1 4.33835E-1 4.3148E-1 4.371E-1 4.37267E-1 4.36524E-1 4.33638E-1 4.40447E-1 4.37189E-1 4.3555E-1 4.31539E-1 4.25265E-1 4.22987E-1 4.14412E-1 4.10554E-1 4.12095E-1 4.13845E-1
4.78799E-1 4.78799E-1 4.86428E-1 4.89792E-1 4.91136E-1 4.94618E-1 4.9515E-1 4.99051E-1 5.00819E-1 5.05764E-1 5.10532E-1 5.14338E-1 5.25205E-1 5.3557E-1 5.41647E-1 5.44052E-1 5.46872E-1 5.5493E-1 5.67195E-1 5.64464E-1 5.51016E-1 5.50915E-1 5.39209E-1 5.29543E-1 5.20219E-1 5.17638E-1 5.22576E-1 5.28896E-1 5.37372E-1 5.51176E-1 5.48232E-1 5.24257E-1 5.225E-1 5.05113E-1 5.19609E-1 5.37044E-1 5.39932E-1 5.45381E-1 5.19568E-1 5.18778E-1 5.04396E-1 4.88366E-1 4.80674E-1 4.6036E-1 4.39892E-1 4.31878E-1 4.25645E-1 4.29906E-1 4.32649E-1 4.34925E-1 4.39937E-1 4.41404E-1 4.36718E-1 4.3289E-1 4.19986E-1 4.21859E-1 4.1511E-1 4.13805E-1 4.12767E-1 4.09599E-1 4.11342E-1
4.9587E-1 4.87245E-1 4.76599E-1 4.921E-1 4.92847E-1 4.9544E-1 4.96305E-1 4.99785E-1 5.01871E-1 5.03712E-1 5.08913E-1 5.16998E-1 5.28247E-1 5.36762E-1 5.40141E-1 5.4517E-1 5.51475E-1 5.54593E-1 5.59766E-1 5.59434E-1 5.53223E-1 5.4901E-1 5.4053E-1 5.27985E-1 5.20651E-1 5.20849E-1 5.24897E-1 5.32043E-1 5.41126E-1 5.4376E-1 5.42114E-1 5.32486E-1 5.33403E-1 5.22554E-1 5.26081E-1 5.43214E-1 5.33909E-1 5.24364E-1 5.27084E-1 5.07291E-1 4.94783E-1 4.78179E-1 4.69969E-1 4.71306E-1 4.59764E-1 4.41589E-1 4.33065E-1 4.37457E-1 4.38764E-1 4.39588E-1 4.39979E-1 4.38437E-1 4.35527E-1 4.29505E-1 4.22794E-1 4.21077E-1 4.15748E-1 4.13239E-1 4.11618E-1 4.09445E-1 4.10278E-1
5.00235E-1 4.94526E-1 5.00532E-1 5.08727E-1 5.11007E-1 5.05321E-1 5.02385E-1 5.02076E-1 5.05583E-1 5.11283E-1 5.10618E-1 5.19597E-1 5.28373E-1 5.37426E-1 5.43985E-1 5.45426E-1 5.54777E-1 5.61913E-1 5.64799E-1 5.57636E-1 5.52513E-1 5.41598E-1 5.3306E-1 5.28019E-1 5.24661E-1 5.22076E-1 5.25228E-1 5.28954E-1 5.32688E-1 5.39948E-1 5.28234E-1 5.25202E-1 5.15328E-1 5.24417E-1 5.29343E-1 5.21982E-1 5.32051E-1 5.22361E-1 5.17861E-1 5.03756E-1 4.88194E-1 4.77963E-1 4.75076E-1 4.69638E-1 4.64329E-1 4.5659E-1 4.41916E-1 4.40045E-1 4.40243E-1 4.42942E-1 4.39423E-1 4.35505E-1 4.32936E-1 4.29388E-1 4.2188E-1 4.20061E-1 4.20684E-1 4.19823E-1 4.19096E-1 4.20177E-1 4.13426E-1
5.04227E-1 5.01439E-1 5.1107E-1 5.10594E-1 5.15348E-1 5.09691E-1 5.09277E-1 5.0763E-1 5.11556E-1 5.12582E-1 5.16482E-1 5.2119E-1 5.29581E-1 5.37264E-1 5.42995E-1 5.5106E-1 5.59999E-1 5.69395E-1 5.76959E-1 5.66643E-1 5.54901E-1 5.44355E-1 5.37883E-1 5.45307E-1 5.41294E-1 5.3494E-1 5.35566E-1 5.30167E-1 5.31683E-1 5.32706E-1 5.18665E-1 5.11461E-1 5.09723E-1 5.05833E-1 5.02509E-1 5.20773E-1 5.22834E-1 5.12462E-1 5.09663E-1 5.02112E-1 4.7139E-1 4.72348E-1 4.89625E-1 4.77133E-1 4.62332E-1 4.50013E-1 4.41625E-1 4.42461E-1 4.35095E-1 4.31861E-1 4.27897E-1 4.26849E-1 4.20897E-1 4.22001E-1 4.20393E-1 4.22449E-1 4.21756E-1 4.16289E-1 4.19203E-1 4.19927E-1 4.16717E-1
5.07115E-1 5.03594E-1 4.99717E-1 5.15835E-1 5.23952E-1 5.1794E-1 5.15028E-1 5.13447E-1 5.18867E-1 5.25455E-1 5.29234E-1 5.29409E-1 5.41023E-1 5.49495E-1 5.53543E-1 5.58404E-1 5.63942E-1 5.684E-1 5.74895E-1 5.71322E-1 5.64345E-1 5.56343E-1 5.5452E-1 5.52422E-1 5.33405E-1 5.39774E-1 5.42722E-1 5.38924E-1 5.34874E-1 5.1909E-1 5.12815E-1 4.97536E-1 4.99198E-1 5.04344E-1 5.0002E-1 5.0954E-1 5.13002E-1 5.00395E-1 4.89286E-1 4.75184E-1 4.63683E-1 4.68783E-1 4.62847E-1 4.53904E-1 4.587E-1 4.47614E-1 4.30432E-1 4.32201E-1 4.34357E-1 4.30717E-1 4.295E-1 4.20414E-1 4.15293E-1 4.14648E-1 4.20797E-1 4.20489E-1 4.16162E-1 4.17074E-1 4.17979E-1 4.14842E-1 4.13622E-1
5.00205E-1 4.91909E-1 5.02494E-1 5.26137E-1 5.27194E-1 5.21201E-1 5.19212E-1 5.27866E-1 5.32708E-1 5.37143E-1 5.40726E-1 5.46806E-1 5.5176E-1 5.54666E-1 5.59265E-1 5.63083E-1 5.6729E-1 5.75234E-1 5.87568E-1 5.92064E-1 5.80034E-1 5.97145E-1 5.78056E-1 5.61179E-1 5.4528E-1 5.48406E-1 5.48824E-1 5.36812E-1 5.3596E-1 5.21269E-1 5.00836E-1 4.87304E-1 4.9575E-1 4.99115E-1 5.03136E-1 4.93994E-1 4.93667E-1 4.89332E-1 4.76695E-1 4.48486E-1 4.47574E-1 4.45746E-1 4.46137E-1 4.41804E-1 4.38536E-1 4.47257E-1 4.40431E-1 4.27601E-1 4.33913E-1 4.35153E-1 4.32481E-1 4.30312E-1 4.1447E-1 4.15414E-1 4.17664E-1 4.1418E-1 4.14647E-1 4.14584E-1 4.13203E-1 4.15328E-1 4.11481E-1
4.92766E-1 4.93999E-1 5.01938E-1 5.27654E-1 5.39659E-1 5.29306E-1 5.30446E-1 5.35176E-1 5.32E-1 5.35621E-1 5.42282E-1 5.46406E-1 5.5057E-1 5.53478E-1 5.55322E-1 5.68039E-1 5.76281E-1 5.78753E-1 5.8643E-1 5.9098E-1 5.96188E-1 6.00618E-1 5.95835E-1 5.7832E-1 5.7113E-1 5.58525E-1 5.58919E-1 5.5411E-1 5.39231E-1 5.19952E-1 5.12032E-1 4.98738E-1 4.91082E-1 4.94362E-1 5.04923E-1 4.84676E-1 4.79407E-1 4.70546E-1 4.5448E-1 4.49785E-1 4.65198E-1 4.50938E-1 4.25538E-1 4.38628E-1 4.48788E-1 4.49077E-1 4.34784E-1 4.36538E-1 4.36436E-1 4.2746E-1 4.26183E-1 4.33781E-1 4.27777E-1 4.19268E-1 4.26163E-1 4.20075E-1 4.18693E-1 4.16007E-1 4.13873E-1 4.15794E-1 4.16447E-1
5.18044E-1 5.1471E-1 5.22283E-1 5.3784E-1 5.4198E-1 5.47731E-1 5.4205E-1 5.39203E-1 5.43658E-1 5.48406E-1 5.50786E-1 5.52545E-1 5.50139E-1 5.48667E-1 5.6186E-1 5.6568E-1 5.68012E-1 5.74322E-1 5.80896E-1 5.70986E-1 5.72969E-1 5.89281E-1 6.12039E-1 6.07017E-1 5.986E-1 5.84773E-1 5.75756E-1 5.3899E-1 5.27596E-1 5.25267E-1 5.13111E-1 4.96999E-1 4.93233E-1 4.9833E-1 4.97574E-1 4.7831E-1 4.73094E-1 4.58429E-1 4.40344E-1 4.47797E-1 4.586E-1 4.41231E-1 4.26522E-1 4.38791E-1 4.38323E-1 4.36778E-1 4.23901E-1 4.31239E-1 4.24965E-1 4.15596E-1 4.19373E-1 4.28799E-1 4.27994E-1 4.24221E-1 4.21238E-1 4.25957E-1 4.31697E-1 4.32527E-1 4.22167E-1 4.1475E-1 4.17511E-1
5.11353E-1 5.21018E-1 5.22161E-1 5.19034E-1 5.28022E-1 5.48302E-1 5.4336E-1 5.5298E-1 5.5589E-1 5.62104E-1 5.54677E-1 5.40679E-1 5.39143E-1 5.53575E-1 5.61192E-1 5.72425E-1 5.69726E-1 5.72351E-1 5.65366E-1 5.56876E-1 5.55759E-1 5.59611E-1 5.86448E-1 6.19231E-1 6.11883E-1 5.986E-1 5.77359E-1 5.62194E-1 5.51558E-1 5.37677E-1 5.10995E-1 5.00374E-1 4.92688E-1 5.00036E-1 4.84247E-1 4.65801E-1 4.65464E-1 4.60617E-1 4.55546E-1 4.57715E-1 4.45546E-1 4.34161E-1 4.26728E-1 4.22766E-1 4.30781E-1 4.38684E-1 4.25499E-1 4.11194E-1 4.15282E-1 4.11859E-1 4.16982E-1 4.28459E-1 4.29166E-1 4.32265E-1 4.244E-1 4.24077E-1 4.39952E-1 4.44652E-1 4.25453E-1 4.17011E-1 4.14956E-1
5.40994E-1 5.45359E-1 5.39832E-1 5.42041E-1 5.46416E-1 5.34557E-1 5.32253E-1 5.44541E-1 5.57463E-1 5.54841E-1 5.42291E-1 5.30947E-1 5.46376E-1 5.64326E-1 5.62777E-1 5.62423E-1 5.68131E-1 5.64094E-1 5.59427E-1 5.55818E-1 5.54269E-1 5.50917E-1 5.71134E-1 5.96568E-1 5.76567E-1 5.64205E-1 5.57588E-1 5.62369E-1 5.30388E-1 5.33102E-1 5.25003E-1 5.04271E-1 4.9355E-1 4.9526E-1 4.78321E-1 4.55021E-1 4.56457E-1 4.54749E-1 4.49084E-1 4.30854E-1 4.18678E-1 4.37022E-1 4.25915E-1 4.10739E-1 4.2233E-1 4.15583E-1 4.1553E-1 4.17078E-1 4.12648E-1 4.11201E-1 4.14695E-1 4.19572E-1 4.30714E-1 4.41972E-1 4.28841E-1 4.22118E-1 4.37837E-1 4.42791E-1 4.28906E-1 4.23321E-1 4.19287E-1
5.31266E-1 5.35499E-1 5.39192E-1 5.41861E-1 5.39913E-1 5.35232E-1 5.39224E-1 5.43234E-1 5.45328E-1 5.33209E-1 5.22209E-1 5.30848E-1 5.38517E-1 5.39807E-1 5.5237E-1 5.50488E-1 5.36734E-1 5.42292E-1 5.60328E-1 5.56374E-1 5.60848E-1 5.59732E-1 5.77993E-1 5.93709E-1 5.70203E-1 5.5481E-1 5.46964E-1 5.27863E-1 5.19329E-1 5.16845E-1 5.21035E-1 5.06755E-1 4.93124E-1 4.84246E-1 4.69105E-1 4.58011E-1 4.47127E-1 4.22045E-1 4.01941E-1 4.29495E-1 4.35547E-1 4.25835E-1 4.18338E-1 4.16502E-1 4.27296E-1 4.14929E-1 4.30289E-1 4.21307E-1 4.15144E-1 4.15841E-1 4.18319E-1 4.16603E-1 4.22959E-1 4.4335E-1 4.48793E-1 4.24923E-1 4.27367E-1 4.34258E-1 4.32042E-1 4.32054E-1 4.26532E-1
5.21442E-1 5.27321E-1 5.32214E-1 5.24849E-1 5.28103E-1 5.3415E-1 5.46211E-1 5.43089E-1 5.2557E-1 5.2112E-1 5.23773E-1 5.24731E-1 5.32012E-1 5.40844E-1 5.30446E-1 5.16654E-1 5.10204E-1 5.34665E-1 5.57727E-1 5.66217E-1 5.68806E-1 5.69871E-1 5.58927E-1 5.24686E-1 5.2191E-1 5.12641E-1 5.14239E-1 5.24234E-1 5.20454E-1 5.13664E-1 5.05608E-1 4.94166E-1 4.85693E-1 4.76261E-1 4.63834E-1 4.52559E-1 4.43117E-1 4.1068E-1 4.03635E-1 4.34989E-1 4.28971E-1 4.37333E-1 4.06825E-1 4.05763E-1 4.03561E-1 4.14514E-1 4.51386E-1 4.48471E-1 4.24984E-1 4.32019E-1 4.33596E-1 4.33458E-1 4.47812E-1 4.6503E-1 4.54913E-1 4.37776E-1 4.68179E-1 4.55695E-1 4.50739E-1 4.51407E-1 4.31325E-1
5.25657E-1 5.27411E-1 5.25775E-1 5.22854E-1 5.25948E-1 5.32375E-1 5.4011E-1 5.23809E-1 5.07942E-1 5.19527E-1 5.33479E-1 5.39438E-1 5.36696E-1 5.34902E-1 5.35762E-1 5.02906E-1 5.04435E-1 5.37243E-1 5.56529E-1 5.60039E-1 5.64915E-1 5.66702E-1 5.58223E-1 5.39867E-1 5.37826E-1 5.41211E-1 5.28927E-1 5.00498E-1 5.06324E-1 5.1994E-1 5.07896E-1 4.93505E-1 4.77838E-1 4.7211E-1 4.60419E-1 4.46665E-1 4.48897E-1 4.25174E-1 4.09945E-1 4.21988E-1 4.21692E-1 4.31419E-1 4.06063E-1 4.00081E-1 4.04842E-1 4.11519E-1 4.23478E-1 4.45639E-1 4.3052E-1 4.6248E-1 4.82981E-1 4.86267E-1 4.9397E-1 4.9578E-1 4.55476E-1 4.62655E-1 4.95763E-1 4.93388E-1 4.91776E-1 4.67069E-1 4.48249E-1
5.23791E-1 5.24053E-1 5.28227E-1 5.24406E-1 5.19193E-1 5.16917E-1 5.05752E-1 5.01181E-1 5.07591E-1 5.14012E-1 5.26969E-1 5.42199E-1 5.36815E-1 5.18861E-1 5.04216E-1 5.1154E-1 5.16649E-1 5.35119E-1 5.43516E-1 5.17477E-1 5.38556E-1 5.23442E-1 5.09452E-1 5.00966E-1 5.00546E-1 5.12289E-1 5.05056E-1 4.9526E-1 4.97705E-1 4.98978E-1 4.98237E-1 4.9395E-1 4.77574E-1 4.64519E-1 4.5548E-1 4.40234E-1 4.29607E-1 4.38452E-1 4.12946E-1 4.13463E-1 3.96452E-1 4.04729E-1 4.05127E-1 4.03998E-1 4.06617E-1 4.24343E-1 4.16611E-1 4.3967E-1 4.34397E-1 4.77474E-1 4.92672E-1 4.90702E-1 5.04563E-1 4.85731E-1 4.90638E-1 4.99401E-1 4.91945E-1 4.86318E-1 4.81678E-1 4.76965E-1 4.69909E-1
5.20489E-1 5.2232E-1 5.25923E-1 5.19504E-1 5.14592E-1 5.15129E-1 5.09295E-1 5.01536E-1 5.07847E-1 5.07108E-1 5.11372E-1 5.08742E-1 5.15998E-1 5.14983E-1 5.01199E-1 4.95151E-1 5.00327E-1 5.14663E-1 5.09505E-1 5.01403E-1 5.04858E-1 5.01988E-1 4.94815E-1 4.94551E-1 5.05988E-1 5.02368E-1 4.96253E-1 4.9436E-1 4.93933E-1 4.94269E-1 4.93107E-1 4.83872E-1 4.71261E-1 4.57352E-1 4.51765E-1 4.31659E-1 4.15289E-1 4.19056E-1 4.2417E-1 4.10385E-1 3.98376E-1 4.03726E-1 4.03796E-1 4.07491E-1 4.06026E-1 4.03619E-1 4.15889E-1 4.49067E-1 4.67463E-1 4.87894E-1 4.94291E-1 4.87352E-1 4.95765E-1 4.9744E-1 4.9823E-1 4.90922E-1 4.81962E-1 4.80729E-1 4.80327E-1 4.76844E-1 4.68331E-1
