maxent_outputs/bumblebees/bombus_8.asc
ncols         426
nrows         180
xllcorner     -130.0
yllcorner     24.0
cellsize      0.16666666666666666
NODATA_value  -9999
[rows 54 to 80 of 180, columns 61 to 121 of 426]
6.19444E-2 5.68177E-2 7.07915E-2 6.89247E-2 5.27232E-2 4.40092E-2 3.38511E-2 2.56974E-2 1.85963E-2 1.01966E-2 2.03905E-2 3.01531E-2 3.09548E-2 3.47275E-2 2.86371E-2 2.7444E-2 3.56749E-2 4.41854E-2 2.46626E-2 1.68043E-2 2.16458E-2 1.71176E-2 1.10083E-2 5.85319E-3 1.22419E-2 6.79782E-3 5.14159E-3 3.98185E-3 4.64946E-3 4.32534E-3 6.90325E-3 4.66066E-3 4.98956E-3 3.58945E-3 5.68471E-3 6.98171E-3 5.23616E-3 6.27113E-3 4.59213E-3 5.77012E-3 7.03219E-3 7.97072E-3 5.92769E-3 3.33613E-3 5.18599E-3 3.71698E-3 2.42619E-3 1.58898E-3 1.49256E-3 2.52595E-3 9.4619E-4 9.13121E-4 1.01983E-3 7.76298E-4 1.28003E-3 1.25007E-3 1.35546E-3 1.23347E-3 1.03876E-3 7.80435E-4 1.4664E-3
6.27347E-2 7.23334E-2 6.80626E-2 4.2256E-2 3.9793E-2 4.05186E-2 2.63291E-2 1.4962E-2 2.1529E-2 2.12451E-2 1.78867E-2 2.91429E-2 2.61477E-2 2.84695E-2 2.65497E-2 3.76901E-2 5.03283E-2 3.22952E-2 1.26687E-2 2.17543E-2 2.35094E-2 1.12499E-2 1.18292E-2 9.42772E-3 7.21778E-3 5.24215E-3 4.18912E-3 4.30647E-3 6.00884E-3 6.16389E-3 4.98387E-3 3.88663E-3 3.88828E-3 3.85327E-3 6.81831E-3 3.7788E-3 3.44139E-3 5.00459E-3 5.01516E-3 3.70586E-3 3.70749E-3 3.43214E-3 6.03103E-3 4.89003E-3 2.98005E-3 2.25317E-3 1.84604E-3 1.69252E-3 1.79458E-3 2.08003E-3 1.22504E-3 1.51186E-3 1.25642E-3 9.517E-4 1.03998E-3 8.72105E-4 1.00546E-3 8.65079E-4 1.02792E-3 7.42252E-4 1.1639E-3
4.23211E-2 5.47521E-2 4.02834E-2 3.35352E-2 3.15323E-2 3.06236E-2 3.15162E-2 2.68423E-2 2.28335E-2 2.27055E-2 1.9029E-2 2.26138E-2 2.03994E-2 2.26671E-2 3.17976E-2 2.46961E-2 3.32217E-2 1.8886E-2 3.06601E-2 2.75151E-2 2.45591E-2 1.36807E-2 1.47782E-2 1.06025E-2 7.82215E-3 5.10746E-3 4.29969E-3 4.77868E-3 4.28015E-3 3.86407E-3 3.62661E-3 3.13761E-3 3.3354E-3 6.43922E-3 5.66148E-3 7.56438E-3 3.68854E-3 2.09323E-3 4.00624E-3 4.75613E-3 2.34984E-3 2.92816E-3 3.08726E-3 3.50282E-3 2.97565E-3 2.39268E-3 2.17077E-3 2.43504E-3 2.54829E-3 1.85497E-3 1.81521E-3 1.53775E-3 1.12462E-3 1.02361E-3 1.06667E-3 8.83413E-4 9.92062E-4 7.98087E-4 7.97646E-4 8.77187E-4 9.64077E-4
3.01502E-2 5.37183E-2 4.63658E-2 4.90256E-2 4.99182E-2 3.92945E-2 3.50927E-2 3.01993E-2 1.61522E-2 1.84612E-2 1.81334E-2 2.01081E-2 2.13946E-2 1.95292E-2 2.60056E-2 4.98147E-2 3.20403E-2 3.36376E-2 3.74967E-2 2.60165E-2 2.31651E-2 1.66419E-2 1.02651E-2 1.29941E-2 1.02761E-2 6.19554E-3 4.67818E-3 3.8312E-3 3.57862E-3 2.72444E-3 2.77215E-3 2.57964E-3 2.64455E-3 5.59816E-3 5.51652E-3 2.97696E-3 5.61787E-3 2.8239E-3 2.26121E-3 2.86928E-3 2.64434E-3 1.97516E-3 2.51464E-3 2.54279E-3 2.32621E-3 2.90521E-3 3.02931E-3 2.98052E-3 2.72764E-3 2.42137E-3 2.46502E-3 1.8909E-3 9.36649E-4 8.08212E-4 9.3562E-4 8.75516E-4 1.09723E-3 9.59077E-4 8.00167E-4 1.40254E-3 1.91416E-3
2.46196E-2 3.30832E-2 3.51948E-2 2.6035E-2 2.13483E-2 2.57774E-2 1.50846E-2 1.31584E-2 1.41088E-2 1.48033E-2 1.69957E-2 1.95625E-2 1.90009E-2 3.18519E-2 3.87046E-2 5.31936E-2 6.102E-2 6.78017E-2 5.49541E-2 3.18468E-2 2.20353E-2 2.02053E-2 1.63574E-2 2.19386E-2 8.70082E-3 8.19042E-3 4.95542E-3 5.07103E-3 3.87869E-3 3.59604E-3 3.29684E-3 3.47166E-3 3.35082E-3 4.04318E-3 2.81567E-3 2.19529E-3 2.38222E-3 2.60397E-3 3.50221E-3 2.43756E-3 2.28567E-3 2.59823E-3 2.72802E-3 4.50941E-3 6.34758E-3 6.22259E-3 4.68297E-3 3.41525E-3 3.09874E-3 3.23922E-3 2.83667E-3 2.4187E-3 1.56637E-3 1.29106E-3 9.98826E-4 8.67656E-4 8.68518E-4 7.53751E-4 6.99727E-4 5.97432E-4 7.97458E-4
2.60321E-2 2.31164E-2 2.69115E-2 2.1713E-2 1.80091E-2 1.70483E-2 2.00197E-2 1.55642E-2 1.6222E-2 1.79108E-2 1.78722E-2 2.35016E-2 2.68162E-2 2.77858E-2 4.83851E-2 5.24406E-2 5.51817E-2 7.24631E-2 5.74614E-2 4.85788E-2 3.01102E-2 2.65838E-2 2.09681E-2 2.64122E-2 1.445E-2 1.27372E-2 8.12797E-3 5.55349E-3 3.24076E-3 3.18363E-3 2.25315E-3 1.43899E-3 2.57981E-3 2.77765E-3 2.12473E-3 3.33698E-3 1.74077E-3 1.47331E-3 2.90073E-3 4.7181E-3 2.38132E-3 4.38691E-3 5.62487E-3 7.19756E-3 6.98649E-3 6.45821E-3 5.79363E-3 4.61478E-3 4.43599E-3 4.12919E-3 4.19654E-3 3.26703E-3 2.82276E-3 1.74347E-3 1.24516E-3 9.57106E-4 7.82811E-4 6.80248E-4 7.13805E-4 6.35935E-4 6.75612E-4
1.95884E-2 1.68513E-2 1.88665E-2 1.94331E-2 1.91598E-2 1.87792E-2 1.95991E-2 2.15599E-2 1.98863E-2 2.38271E-2 2.29705E-2 2.24574E-2 3.56979E-2 4.5955E-2 4.78222E-2 4.94178E-2 6.35864E-2 7.04656E-2 6.21494E-2 6.46508E-2 5.43232E-2 3.6403E-2 1.85053E-2 1.92542E-2 1.27092E-2 1.09316E-2 7.80063E-3 5.21915E-3 2.77186E-3 2.24851E-3 2.35203E-3 1.55881E-3 1.43383E-3 1.75707E-3 2.25118E-3 2.04581E-3 2.40164E-3 3.43623E-3 3.28271E-3 4.13379E-3 7.14735E-3 5.40069E-3 7.76756E-3 6.97699E-3 6.93559E-3 6.29107E-3 6.01664E-3 5.91325E-3 6.35522E-3 5.14943E-3 3.65554E-3 2.2382E-3 1.91139E-3 1.32978E-3 1.30756E-3 1.5587E-3 1.18931E-3 1.03648E-3 7.56135E-4 6.23686E-4 8.01927E-4
1.8139E-2 1.68213E-2 1.68216E-2 1.81646E-2 1.78045E-2 1.96266E-2 2.07556E-2 2.16382E-2 2.68064E-2 2.75531E-2 3.6439E-2 3.01559E-2 3.81106E-2 3.46108E-2 3.69114E-2 4.4071E-2 7.16927E-2 7.40808E-2 6.79551E-2 6.05411E-2 5.80817E-2 4.15803E-2 1.98574E-2 2.15042E-2 1.52021E-2 1.46142E-2 9.81984E-3 6.4963E-3 3.72484E-3 2.88648E-3 2.41028E-3 2.49686E-3 3.40902E-3 2.23753E-3 1.25513E-3 1.50816E-3 1.81673E-3 3.05528E-3 4.62951E-3 4.26249E-3 5.66721E-3 7.52172E-3 7.33404E-3 7.16302E-3 6.67203E-3 6.27545E-3 6.90506E-3 6.984E-3 6.21612E-3 4.23055E-3 2.47677E-3 2.068E-3 1.67018E-3 1.05695E-3 1.17128E-3 1.24316E-3 1.16836E-3 1.00137E-3 7.24758E-4 1.02367E-3 1.02248E-3
2.17557E-2 2.29462E-2 2.01341E-2 1.91367E-2 2.323E-2 2.30766E-2 2.27258E-2 2.1604E-2 2.01881E-2 3.3696E-2 2.84616E-2 1.98527E-2 2.23662E-2 2.33553E-2 3.99742E-2 4.00093E-2 5.49161E-2 7.33601E-2 7.73913E-2 7.16524E-2 6.25109E-2 6.60677E-2 3.94625E-2 2.51116E-2 2.12222E-2 9.98051E-3 6.99203E-3 1.11325E-2 5.68457E-3 4.78443E-3 3.79213E-3 3.42235E-3 4.15484E-3 3.66392E-3 3.48648E-3 2.43346E-3 2.32639E-3 3.31639E-3 5.01665E-3 5.42457E-3 6.73194E-3 7.22061E-3 6.96731E-3 6.35801E-3 6.49877E-3 7.34397E-3 7.78913E-3 7.68386E-3 6.59985E-3 4.25873E-3 3.03088E-3 2.42842E-3 1.88815E-3 1.07524E-3 1.69963E-3 1.10779E-3 1.07299E-3 1.04182E-3 9.16614E-4 1.25949E-3 2.28336E-3
2.34732E-2 2.51346E-2 2.65338E-2 2.44331E-2 2.58607E-2 2.76662E-2 3.26703E-2 2.62709E-2 2.31408E-2 2.93733E-2 2.1171E-2 1.78717E-2 2.01809E-2 2.17564E-2 4.006E-2 4.00442E-2 2.77765E-2 3.07955E-2 5.79899E-2 6.52146E-2 4.812E-2 4.32223E-2 3.5855E-2 3.01552E-2 2.02535E-2 1.43842E-2 1.20416E-2 8.70767E-3 6.27357E-3 5.30015E-3 5.00218E-3 5.34772E-3 5.53876E-3 6.246E-3 5.17329E-3 4.9699E-3 5.46168E-3 4.99352E-3 6.16204E-3 5.57785E-3 6.33685E-3 7.57306E-3 7.51114E-3 7.47916E-3 8.46118E-3 9.57145E-3 9.53262E-3 6.3765E-3 4.2921E-3 2.82672E-3 3.22558E-3 2.99642E-3 1.53592E-3 1.93378E-3 1.99462E-3 9.67524E-4 6.51499E-4 7.02363E-4 8.84252E-4 8.4713E-4 5.54618E-4
2.3002E-2 2.39773E-2 2.76497E-2 2.9542E-2 3.1396E-2 3.14659E-2 3.25621E-2 2.67814E-2 2.55576E-2 2.33793E-2 1.75567E-2 2.12594E-2 2.13572E-2 2.95373E-2 3.34679E-2 1.93066E-2 2.08611E-2 1.52934E-2 2.74744E-2 5.36018E-2 5.12333E-2 3.87009E-2 3.54831E-2 3.84672E-2 3.35575E-2 2.30105E-2 1.11106E-2 7.685E-3 7.67094E-3 7.27184E-3 6.91897E-3 6.97356E-3 9.05275E-3 9.83397E-3 1.00961E-2 1.06089E-2 1.06634E-2 8.90115E-3 8.90231E-3 6.96353E-3 6.65699E-3 8.34886E-3 9.44141E-3 1.03989E-2 1.18992E-2 1.14075E-2 7.88631E-3 4.41687E-3 2.85096E-3 2.21383E-3 2.25043E-3 2.35752E-3 3.09531E-3 1.70542E-3 2.3034E-3 1.70624E-3 1.54856E-3 1.10829E-3 1.07435E-3 7.53772E-4 4.95736E-4
2.18329E-2 1.96763E-2 2.05198E-2 2.03349E-2 2.41819E-2 2.71668E-2 2.89143E-2 2.43996E-2 1.95896E-2 2.12452E-2 2.30366E-2 2.30041E-2 3.0749E-2 2.29858E-2 1.93836E-2 1.79864E-2 1.7407E-2 1.20813E-2 1.13131E-2 3.27682E-2 5.14455E-2 5.67064E-2 5.02654E-2 4.30971E-2 4.27293E-2 4.04672E-2 3.433E-2 2.88141E-2 2.53629E-2 2.3574E-2 2.09677E-2 2.04344E-2 1.77098E-2 1.4915E-2 1.40671E-2 1.2582E-2 1.30855E-2 1.34041E-2 1.14679E-2 8.85943E-3 7.92982E-3 9.99723E-3 1.17045E-2 1.31563E-2 1.18033E-2 8.14039E-3 5.07847E-3 3.42592E-3 2.31182E-3 1.7751E-3 1.96843E-3 2.05946E-3 2.73112E-3 1.83435E-3 1.7154E-3 9.66837E-4 1.45637E-3 1.33859E-3 1.22871E-3 1.33849E-3 7.67973E-4
1.90884E-2 2.0741E-2 1.84633E-2 1.95938E-2 1.98317E-2 2.39294E-2 2.22121E-2 1.6131E-2 1.437E-2 2.18515E-2 1.86352E-2 2.68103E-2 2.9635E-2 2.58858E-2 2.20289E-2 1.96528E-2 1.78599E-2 1.50239E-2 1.10821E-2 1.40836E-2 3.37684E-2 4.41846E-2 6.0867E-2 6.90046E-2 6.17124E-2 5.11476E-2 4.7152E-2 4.94821E-2 3.88214E-2 3.67014E-2 3.30151E-2 2.88729E-2 2.38608E-2 1.9721E-2 1.70447E-2 1.67308E-2 1.56602E-2 1.41077E-2 1.212E-2 1.04496E-2 9.25309E-3 1.20117E-2 1.78223E-2 1.41973E-2 9.20431E-3 5.60055E-3 3.4425E-3 3.05884E-3 2.2989E-3 2.16552E-3 1.74099E-3 1.88408E-3 2.30868E-3 1.60679E-3 1.56263E-3 9.1897E-4 1.55221E-3 1.29081E-3 1.37634E-3 1.5619E-3 1.81534E-3
2.42768E-2 2.46138E-2 2.04782E-2 2.25703E-2 2.18612E-2 2.08806E-2 1.41491E-2 7.82744E-3 2.34477E-2 2.49968E-2 2.32203E-2 2.59014E-2 2.51512E-2 2.325E-2 2.09604E-2 1.82487E-2 1.53784E-2 1.09014E-2 1.12393E-2 1.09243E-2 1.04268E-2 2.05809E-2 3.61239E-2 4.41363E-2 3.92105E-2 3.12357E-2 3.14014E-2 3.37142E-2 2.90104E-2 4.02297E-2 4.03921E-2 3.36938E-2 2.76651E-2 2.10114E-2 1.82091E-2 1.67164E-2 1.71724E-2 1.74062E-2 1.4735E-2 1.32384E-2 1.12678E-2 1.22394E-2 8.952E-3 7.51606E-3 5.41426E-3 5.97932E-3 3.43525E-3 3.27679E-3 2.84008E-3 2.1789E-3 1.80557E-3 1.87101E-3 1.80952E-3 1.49085E-3 1.11035E-3 9.25599E-4 1.49061E-3 1.66173E-3 1.73643E-3 1.6312E-3 1.77558E-3
2.27344E-2 1.9641E-2 2.09395E-2 2.3328E-2 2.27684E-2 1.83326E-2 1.2303E-2 1.2657E-2 2.69458E-2 2.41803E-2 2.40356E-2 2.37275E-2 2.26089E-2 2.1512E-2 1.88212E-2 1.75021E-2 1.6641E-2 1.257E-2 1.0964E-2 9.94457E-3 7.79303E-3 8.98521E-3 1.69802E-2 2.23123E-2 2.48638E-2 2.6128E-2 2.30739E-2 2.29817E-2 2.57995E-2 3.12629E-2 3.52178E-2 3.43055E-2 3.15241E-2 2.73035E-2 2.30197E-2 2.07028E-2 2.21835E-2 1.89605E-2 1.35996E-2 1.36859E-2 9.87154E-3 8.80281E-3 5.54538E-3 6.0641E-3 3.98301E-3 5.28198E-3 4.47459E-3 3.41066E-3 3.67544E-3 2.95214E-3 2.15476E-3 1.8169E-3 1.61682E-3 1.64683E-3 8.47353E-4 9.26346E-4 1.59669E-3 1.89345E-3 1.79195E-3 1.74559E-3 1.63523E-3
1.3761E-2 1.4682E-2 1.92604E-2 1.92749E-2 2.18256E-2 2.2675E-2 1.41816E-2 2.81529E-2 2.53015E-2 2.50828E-2 2.1305E-2 2.00573E-2 1.94308E-2 1.80384E-2 1.70272E-2 1.75204E-2 1.52961E-2 1.24154E-2 1.24108E-2 1.22646E-2 9.97488E-3 8.97928E-3 9.09333E-3 1.50191E-2 1.96562E-2 2.23355E-2 1.83942E-2 1.73325E-2 1.82811E-2 2.04105E-2 2.02279E-2 2.04561E-2 2.16498E-2 1.97211E-2 1.88016E-2 1.80695E-2 1.64536E-2 1.04898E-2 1.19749E-2 1.41858E-2 5.88482E-3 5.22134E-3 4.31783E-3 4.51481E-3 3.54973E-3 4.16409E-3 4.76378E-3 3.07403E-3 4.20982E-3 2.33179E-3 2.43562E-3 1.81188E-3 1.72259E-3 1.64751E-3 1.2333E-3 1.20262E-3 1.3219E-3 2.15163E-3 2.13976E-3 1.88278E-3 1.65715E-3
2.13098E-2 1.42924E-2 1.52765E-2 1.63041E-2 1.92589E-2 1.7519E-2 1.83687E-2 2.851E-2 2.24774E-2 2.04476E-2 1.21116E-2 1.49952E-2 1.54811E-2 1.17036E-2 1.29715E-2 1.39979E-2 1.22634E-2 1.43579E-2 1.27222E-2 1.35319E-2 1.1735E-2 1.04251E-2 9.47061E-3 1.08109E-2 1.70406E-2 1.75272E-2 1.27244E-2 1.21679E-2 1.07446E-2 1.24546E-2 1.49924E-2 1.44924E-2 7.16098E-3 5.03038E-3 5.35771E-3 1.3794E-2 5.8271E-3 4.16221E-3 1.09664E-2 1.21238E-2 5.23728E-3 3.81601E-3 4.26171E-3 4.40896E-3 4.3487E-3 4.35431E-3 3.67563E-3 4.87923E-3 4.3826E-3 2.08691E-3 2.90206E-3 2.63701E-3 1.70007E-3 1.78343E-3 1.36684E-3 1.35538E-3 1.78995E-3 2.58424E-3 2.54617E-3 2.34363E-3 2.16404E-3
1.96139E-2 1.53374E-2 1.33379E-2 1.21403E-2 1.33967E-2 1.74292E-2 1.53091E-2 2.23289E-2 1.74365E-2 8.55189E-3 1.07374E-2 1.20397E-2 1.82756E-2 1.11084E-2 9.58992E-3 1.06936E-2 1.19208E-2 1.33503E-2 1.30196E-2 1.21086E-2 1.19418E-2 1.10464E-2 8.53635E-3 8.06528E-3 1.14601E-2 1.12759E-2 1.02821E-2 9.19625E-3 6.8237E-3 4.80472E-3 1.17012E-2 6.81241E-3 5.28629E-3 3.29772E-3 5.14796E-3 6.1051E-3 3.72574E-3 7.4606E-3 8.81428E-3 8.88952E-3 3.72475E-3 6.4505E-3 5.5689E-3 4.40467E-3 3.93853E-3 5.33648E-3 3.9298E-3 6.23678E-3 4.6509E-3 1.74656E-3 3.90437E-3 4.5924E-3 2.0573E-3 2.05096E-3 1.60267E-3 1.69686E-3 2.15655E-3 2.76485E-3 3.2204E-3 2.8345E-3 2.68527E-3
1.46914E-2 1.37621E-2 1.10499E-2 1.24885E-2 1.46079E-2 2.12796E-2 2.33171E-2 2.1816E-2 1.10932E-2 1.33537E-2 1.07549E-2 1.51529E-2 1.9292E-2 1.32284E-2 9.13528E-3 9.489E-3 1.2367E-2 1.27975E-2 1.26478E-2 1.24301E-2 1.09967E-2 1.04354E-2 7.88858E-3 5.30101E-3 6.78328E-3 6.90661E-3 4.61385E-3 3.86717E-3 3.81058E-3 4.47015E-3 8.62636E-3 7.48003E-3 4.37167E-3 5.22781E-3 6.36419E-3 3.83477E-3 3.75569E-3 4.07887E-3 2.48215E-3 3.94548E-3 7.49539E-3 7.53143E-3 6.29967E-3 4.87513E-3 4.32279E-3 5.06608E-3 5.05808E-3 6.75689E-3 3.44758E-3 1.89583E-3 3.97713E-3 4.25708E-3 2.59586E-3 2.32763E-3 1.95098E-3 2.04145E-3 2.38165E-3 2.7316E-3 2.96953E-3 3.05755E-3 3.26313E-3
1.22439E-2 1.12309E-2 1.12916E-2 1.07281E-2 1.38861E-2 1.80853E-2 1.48675E-2 1.66931E-2 1.5064E-2 1.88692E-2 1.27943E-2 1.74712E-2 1.87995E-2 8.3478E-3 8.17836E-3 8.87597E-3 1.09645E-2 1.17868E-2 1.15873E-2 1.17333E-2 1.13663E-2 1.02121E-2 4.91707E-3 5.55029E-3 4.26175E-3 4.09117E-3 2.57847E-3 3E-3 5.1785E-3 5.02332E-3 6.32027E-3 4.87022E-3 4.98788E-3 4.81496E-3 4.00117E-3 4.83466E-3 3.18241E-3 5.25458E-3 6.54038E-3 7.4076E-3 1.20254E-2 1.08971E-2 1.10787E-2 6.0208E-3 5.88568E-3 6.57664E-3 6.35851E-3 7.29296E-3 3.58759E-3 2.85391E-3 2.27446E-3 2.46467E-3 3.03642E-3 2.47421E-3 2.28821E-3 2.44296E-3 2.83846E-3 2.84594E-3 3.05608E-3 3.0785E-3 3.25984E-3
1.3079E-2 1.12338E-2 1.08967E-2 9.73534E-3 9.96731E-3 1.25988E-2 1.3478E-2 1.94196E-2 2.31375E-2 2.01824E-2 1.7984E-2 2.1272E-2 1.45345E-2 1.01354E-2 1.19418E-2 1.05417E-2 1.17516E-2 1.15946E-2 1.0673E-2 1.02713E-2 1.00271E-2 8.50537E-3 5.22567E-3 3.60051E-3 4.21617E-3 4.09253E-3 3.84724E-3 4.74792E-3 3.53589E-3 5.34073E-3 5.29208E-3 4.7727E-3 6.4275E-3 4.7103E-3 4.80804E-3 6.69131E-3 4.76429E-3 7.7143E-3 8.40812E-3 9.57754E-3 1.58944E-2 2.84226E-2 1.88168E-2 7.31108E-3 1.11423E-2 1.19796E-2 8.50318E-3 5.1405E-3 3.61761E-3 2.7253E-3 1.72206E-3 2.49554E-3 2.69788E-3 2.13595E-3 2.44832E-3 3.04057E-3 3.28103E-3 3.16454E-3 3.38798E-3 3.53967E-3 3.67842E-3
1.27041E-2 1.16209E-2 1.31631E-2 1.45058E-2 1.39718E-2 1.38028E-2 2.54198E-2 2.40423E-2 1.75135E-2 2.14384E-2 2.1287E-2 2.11093E-2 1.28681E-2 1.53614E-2 1.69324E-2 1.4894E-2 1.33418E-2 9.83645E-3 9.14153E-3 7.82914E-3 6.3658E-3 6.29593E-3 5.42368E-3 4.19777E-3 5.0594E-3 5.19706E-3 3.96459E-3 5.47681E-3 4.25821E-3 4.1792E-3 5.41467E-3 5.90748E-3 5.16798E-3 6.02018E-3 7.52022E-3 9.8867E-3 1.12151E-2 1.47137E-2 1.56161E-2 1.0827E-2 1.25677E-2 3.03614E-2 3.44186E-2 1.90885E-2 1.15861E-2 1.50124E-2 1.4296E-2 3.10452E-3 2.37182E-3 1.83731E-3 1.56341E-3 2.3767E-3 2.77408E-3 2.24421E-3 2.71761E-3 3.20769E-3 3.46358E-3 3.52563E-3 3.18558E-3 3.61251E-3 3.87926E-3
1.21911E-2 1.20206E-2 1.30001E-2 1.91166E-2 1.89561E-2 2.29414E-2 2.41926E-2 1.8677E-2 1.39785E-2 2.17388E-2 1.96736E-2 1.88361E-2 1.52185E-2 1.8307E-2 1.48165E-2 1.34589E-2 1.29909E-2 7.05456E-3 8.55879E-3 8.3689E-3 6.36317E-3 5.77969E-3 4.99725E-3 5.03259E-3 5.52943E-3 5.75761E-3 5.72456E-3 6.02818E-3 5.38258E-3 4.79638E-3 4.393E-3 4.97921E-3 4.09489E-3 7.01474E-3 6.17518E-3 1.05091E-2 1.31715E-2 1.86665E-2 1.80039E-2 1.68798E-2 1.76939E-2 2.40895E-2 3.51458E-2 3.54002E-2 1.74866E-2 2.1648E-2 1.20604E-2 6.27581E-3 4.26839E-3 2.25491E-3 2.00489E-3 2.01602E-3 2.26355E-3 2.29581E-3 2.32722E-3 2.62155E-3 3.10244E-3 3.52235E-3 2.93522E-3 3.33419E-3 3.63027E-3
1.7029E-2 1.20745E-2 1.36903E-2 1.48137E-2 2.84798E-2 2.48926E-2 2.34577E-2 1.69014E-2 2.04113E-2 2.06364E-2 1.94648E-2 1.92492E-2 1.72231E-2 1.82129E-2 1.48286E-2 1.52427E-2 1.51181E-2 1.30467E-2 9.60155E-3 8.25049E-3 7.8544E-3 4.89813E-3 5.92492E-3 5.03936E-3 5.02631E-3 7.03455E-3 6.26869E-3 6.32193E-3 4.7436E-3 5.66502E-3 5.29449E-3 3.93782E-3 4.60608E-3 5.99927E-3 5.93397E-3 1.94579E-2 1.75154E-2 2.40902E-2 2.05958E-2 2.20027E-2 1.48001E-2 1.12495E-2 2.43076E-2 3.52436E-2 4.14782E-2 3.07232E-2 1.7698E-2 7.17682E-3 3.91925E-3 2.79329E-3 2.4826E-3 2.35606E-3 2.0116E-3 1.94858E-3 1.7849E-3 1.68726E-3 1.74504E-3 2.01642E-3 2.27174E-3 2.85462E-3 3.34163E-3
1.88962E-2 1.48756E-2 1.9701E-2 2.79596E-2 2.58245E-2 2.53868E-2 2.34261E-2 1.81908E-2 2.02216E-2 1.91964E-2 1.83698E-2 1.89605E-2 1.73609E-2 1.06473E-2 1.7017E-2 1.74014E-2 1.54218E-2 1.39252E-2 1.03037E-2 9.25639E-3 1.10885E-2 7.10264E-3 6.07695E-3 5.90758E-3 7.41807E-3 7.27685E-3 6.72836E-3 4.67654E-3 2.97335E-3 6.0666E-3 5.9162E-3 4.37013E-3 5.06845E-3 8.09417E-3 1.32417E-2 1.54713E-2 1.5754E-2 2.60422E-2 2.87546E-2 2.02523E-2 1.09553E-2 9.64184E-3 1.41408E-2 2.3812E-2 3.84338E-2 2.8247E-2 1.79743E-2 1.20919E-2 2.61014E-3 2.6586E-3 2.58468E-3 2.18534E-3 1.51829E-3 1.33272E-3 9.97088E-4 8.98802E-4 8.26459E-4 9.40053E-4 1.13226E-3 1.40266E-3 2.48908E-3
1.80443E-2 2.14118E-2 2.03022E-2 2.74723E-2 2.26721E-2 2.15262E-2 1.93732E-2 1.46362E-2 1.82286E-2 1.82047E-2 1.94095E-2 1.37256E-2 1.70123E-2 9.435E-3 1.42667E-2 1.41201E-2 1.49697E-2 1.43159E-2 9.74689E-3 1.21975E-2 1.02714E-2 7.13009E-3 8.16094E-3 7.50546E-3 7.60882E-3 6.38614E-3 4.55406E-3 3.29078E-3 5.29643E-3 6.49226E-3 5.81483E-3 5.22593E-3 5.08739E-3 6.15651E-3 1.38724E-2 2.18196E-2 2.3154E-2 2.31012E-2 2.31793E-2 1.82005E-2 1.13702E-2 9.42715E-3 1.42412E-2 1.81564E-2 2.35222E-2 2.79677E-2 1.35104E-2 1.31381E-2 3.96352E-3 2.12253E-3 2.09651E-3 1.74033E-3 1.09661E-3 7.35729E-4 4.56162E-4 3.33692E-4 2.61446E-4 4.14007E-4 4.60761E-4 5.38861E-4 8.85287E-4
3.41883E-2 2.9234E-2 2.98594E-2 2.08035E-2 1.82583E-2 1.56715E-2 1.42697E-2 1.62428E-2 1.85752E-2 1.60981E-2 1.50565E-2 1.15494E-2 1.3508E-2 1.2681E-2 1.0187E-2 1.19418E-2 1.17933E-2 1.52322E-2 1.18418E-2 1.13556E-2 1.05756E-2 8.01943E-3 6.32527E-3 6.45775E-3 6.76909E-3 4.72989E-3 1.62409E-3 4.6472E-3 4.94574E-3 4.83638E-3 3.8493E-3 4.70283E-3 4.87453E-3 5.31804E-3 1.55513E-2 2.24861E-2 2.16012E-2 1.94526E-2 1.68896E-2 1.39898E-2 1.07854E-2 8.35129E-3 1.12679E-2 5.64762E-3 1.0779E-2 5.39141E-3 6.07356E-3 1.18381E-2 2.30239E-3 1.33024E-3 2.19701E-3 1.76442E-3 1.34215E-3 9.50441E-4 7.63862E-4 9.49808E-4 1.07541E-3 1.03513E-3 1.48101E-3 1.62752E-3 1.61773E-3
