maxent_outputs/bumblebees/bombus_270.asc
ncols         426
nrows         180
xllcorner     -130.0
yllcorner     24.0
cellsize      0.16666666666666666
NODATA_value  -9999
[rows 54 to 80 of 180, columns 244 to 304 of 426]
3.83934E-1 3.89748E-1 4.08079E-1 4.21871E-1 4.41515E-1 4.5169E-1 4.62577E-1 4.8527E-1 5.03166E-1 5.47525E-1 5.53189E-1 5.41864E-1 5.17515E-1 5.5451E-1 5.54769E-1 5.61362E-1 5.63967E-1 5.70979E-1 5.8121E-1 5.81838E-1 5.5772E-1 5.44945E-1 5.40203E-1 5.26911E-1 5.13323E-1 4.76355E-1 4.63823E-1 4.70354E-1 4.74602E-1 4.71351E-1 4.75737E-1 4.88787E-1 4.97021E-1 5.11044E-1 5.2537E-1 5.56582E-1 6.03906E-1 6.16062E-1 6.27319E-1 6.41891E-1 6.56658E-1 6.71489E-1 6.87091E-1 6.99847E-1 7.09248E-1 7.06622E-1 7.13566E-1 6.91529E-1 6.90656E-1 7.04994E-1 7.13687E-1 7.46657E-1 7.55687E-1 7.55059E-1 7.27059E-1 7.19788E-1 6.94863E-1 6.88669E-1 6.79939E-1 6.7802E-1 6.53619E-1
4.05751E-1 4.13334E-1 4.27431E-1 4.43008E-1 4.53824E-1 4.61968E-1 4.72256E-1 4.8613E-1 5.23292E-1 5.45849E-1 5.26895E-1 5.2299E-1 5.5306E-1 5.5931E-1 5.67154E-1 5.67503E-1 5.74559E-1 5.82919E-1 5.98343E-1 5.73442E-1 5.33226E-1 5.22405E-1 5.2272E-1 5.03854E-1 4.87562E-1 4.61357E-1 4.63376E-1 4.69548E-1 4.66684E-1 4.71686E-1 4.67369E-1 4.69934E-1 4.8258E-1 5.00423E-1 5.23526E-1 5.37284E-1 5.84238E-1 6.20265E-1 6.35591E-1 6.49868E-1 6.65951E-1 6.82823E-1 6.9194E-1 7.04425E-1 7.1067E-1 7.17805E-1 7.17361E-1 7.13888E-1 6.91285E-1 7.08983E-1 7.14738E-1 7.28491E-1 7.36966E-1 7.56792E-1 7.39688E-1 6.94351E-1 6.78353E-1 6.78627E-1 6.7186E-1 6.79061E-1 6.71648E-1
4.15074E-1 4.35668E-1 4.41597E-1 4.56613E-1 4.64887E-1 4.64532E-1 4.6415E-1 4.88249E-1 5.11937E-1 5.10513E-1 5.22119E-1 5.47931E-1 5.67116E-1 5.73404E-1 5.72655E-1 5.74154E-1 5.74288E-1 5.84103E-1 5.97165E-1 5.53972E-1 5.30391E-1 5.05223E-1 4.87438E-1 4.76449E-1 4.61883E-1 4.65453E-1 4.6088E-1 4.64617E-1 4.65342E-1 4.66881E-1 4.64577E-1 4.67787E-1 4.84525E-1 4.98888E-1 5.20361E-1 5.46021E-1 5.96364E-1 6.19327E-1 6.35485E-1 6.54559E-1 6.71444E-1 6.86461E-1 7.02991E-1 7.14611E-1 7.23913E-1 7.2175E-1 7.16453E-1 6.97073E-1 6.8066E-1 6.95501E-1 6.9945E-1 6.86211E-1 6.88553E-1 7.21395E-1 7.30573E-1 7.12205E-1 6.5766E-1 6.44984E-1 6.47516E-1 6.79448E-1 6.86874E-1
4.28673E-1 4.44775E-1 4.54179E-1 4.56947E-1 4.60423E-1 4.64553E-1 4.67743E-1 4.74074E-1 4.76765E-1 4.9609E-1 5.25652E-1 5.66837E-1 5.72073E-1 5.75133E-1 5.79065E-1 5.77456E-1 5.81936E-1 5.8644E-1 5.77122E-1 5.3715E-1 5.18362E-1 4.9732E-1 4.77664E-1 4.56862E-1 4.51655E-1 4.53826E-1 4.63348E-1 4.77743E-1 4.68728E-1 4.64643E-1 4.64281E-1 4.82956E-1 4.90861E-1 4.97773E-1 5.19049E-1 5.48398E-1 5.94412E-1 6.19416E-1 6.39237E-1 6.59229E-1 6.77761E-1 6.986E-1 7.14086E-1 7.27325E-1 7.40989E-1 7.40618E-1 7.1672E-1 6.79297E-1 6.79256E-1 6.91667E-1 7.00598E-1 6.6727E-1 6.4658E-1 6.5011E-1 6.87084E-1 6.74378E-1 6.51358E-1 6.28411E-1 6.35953E-1 6.88157E-1 6.7871E-1
4.34375E-1 4.55617E-1 4.63292E-1 4.57809E-1 4.58033E-1 4.72305E-1 4.75908E-1 4.62825E-1 4.75269E-1 5.02371E-1 5.28854E-1 5.74977E-1 5.74252E-1 5.84766E-1 5.82871E-1 5.8219E-1 5.82153E-1 5.87121E-1 5.59406E-1 5.34066E-1 5.22543E-1 4.9325E-1 4.57324E-1 4.46707E-1 4.46395E-1 4.48852E-1 4.60109E-1 4.71244E-1 4.66726E-1 4.67552E-1 4.73643E-1 4.87146E-1 4.95067E-1 5.08632E-1 5.32378E-1 5.76445E-1 6.04488E-1 6.18825E-1 6.38676E-1 6.57791E-1 6.80974E-1 6.99575E-1 7.23391E-1 7.40744E-1 7.5086E-1 7.33253E-1 7.02897E-1 6.72844E-1 6.86553E-1 6.98498E-1 7.05283E-1 7.00248E-1 6.58266E-1 6.39644E-1 6.51974E-1 6.58655E-1 6.46428E-1 6.26111E-1 6.3309E-1 6.54566E-1 6.37675E-1
4.43023E-1 4.6156E-1 4.74173E-1 4.68864E-1 4.63886E-1 4.87779E-1 4.73401E-1 4.74268E-1 4.85045E-1 5.07132E-1 5.45646E-1 5.77225E-1 5.81341E-1 5.86877E-1 5.85759E-1 5.83417E-1 5.84206E-1 5.6867E-1 5.40758E-1 5.32628E-1 5.18345E-1 5.01264E-1 4.77555E-1 4.57949E-1 4.54352E-1 4.62501E-1 4.69264E-1 4.74698E-1 4.7922E-1 4.81463E-1 4.90747E-1 4.93722E-1 5.04507E-1 5.22209E-1 5.47786E-1 5.86588E-1 6.01312E-1 6.08441E-1 6.2239E-1 6.55232E-1 6.86782E-1 7.0186E-1 7.25641E-1 7.48468E-1 7.38432E-1 7.27225E-1 6.94814E-1 6.85514E-1 6.98648E-1 7.07551E-1 6.93222E-1 6.76663E-1 6.70588E-1 6.53073E-1 6.0687E-1 6.11054E-1 6.3243E-1 6.25223E-1 6.22956E-1 6.27664E-1 6.24506E-1
4.57526E-1 4.6714E-1 4.66771E-1 4.61159E-1 4.58571E-1 4.80888E-1 4.6848E-1 4.7269E-1 4.86348E-1 5.25307E-1 5.73321E-1 5.76174E-1 5.79898E-1 5.81022E-1 5.82574E-1 5.80302E-1 5.91228E-1 5.60748E-1 5.41883E-1 5.33448E-1 5.20259E-1 5.11893E-1 4.93991E-1 4.8529E-1 4.78371E-1 4.87012E-1 4.87119E-1 4.91392E-1 4.9517E-1 4.9507E-1 5.01021E-1 5.07352E-1 5.22698E-1 5.47721E-1 5.55354E-1 5.55264E-1 5.51253E-1 5.64789E-1 5.8439E-1 6.19366E-1 6.80909E-1 7.01136E-1 7.20425E-1 7.43763E-1 7.52176E-1 7.28618E-1 7.06141E-1 6.87672E-1 6.9396E-1 6.9802E-1 6.78193E-1 6.60745E-1 6.35621E-1 5.88395E-1 5.62581E-1 5.9345E-1 6.16094E-1 6.2623E-1 6.23972E-1 6.41925E-1 6.49295E-1
4.68795E-1 4.70795E-1 4.53103E-1 4.54604E-1 4.59913E-1 4.54279E-1 4.54934E-1 4.60561E-1 4.83481E-1 5.21949E-1 5.65951E-1 5.75938E-1 5.78658E-1 5.8487E-1 5.83786E-1 5.85838E-1 5.85903E-1 5.5922E-1 5.37637E-1 5.28461E-1 5.31194E-1 5.24582E-1 5.19022E-1 5.18808E-1 5.04783E-1 4.94678E-1 5.02483E-1 5.07711E-1 5.08106E-1 5.11908E-1 5.08775E-1 5.11285E-1 5.25614E-1 5.49754E-1 5.36294E-1 5.1739E-1 5.20641E-1 5.42452E-1 5.64883E-1 5.92429E-1 6.53838E-1 6.90295E-1 7.17118E-1 7.37997E-1 7.52272E-1 7.39226E-1 7.1693E-1 6.85403E-1 6.88932E-1 6.88061E-1 6.65114E-1 6.4953E-1 6.17279E-1 5.86177E-1 5.79003E-1 6.01462E-1 6.35565E-1 6.38087E-1 6.53717E-1 6.69111E-1 6.76904E-1
4.72577E-1 4.67585E-1 4.58712E-1 4.5039E-1 4.49392E-1 4.42869E-1 4.46479E-1 4.57954E-1 4.78401E-1 5.33079E-1 5.6611E-1 5.77926E-1 5.83433E-1 5.86109E-1 5.86722E-1 5.8664E-1 5.8325E-1 5.44432E-1 5.3186E-1 5.31519E-1 5.33898E-1 5.28816E-1 5.33851E-1 5.28906E-1 5.17543E-1 5.08742E-1 5.1853E-1 5.18348E-1 5.2127E-1 5.19851E-1 5.13219E-1 5.07898E-1 5.15203E-1 5.11446E-1 5.01456E-1 4.92397E-1 5.05812E-1 5.25756E-1 5.47056E-1 5.65397E-1 6.25789E-1 6.78945E-1 7.0409E-1 7.29094E-1 7.44493E-1 7.41983E-1 7.2285E-1 7.08492E-1 7.02714E-1 6.84507E-1 6.39658E-1 6.35977E-1 6.34974E-1 6.23595E-1 6.25057E-1 6.34036E-1 6.62778E-1 6.67998E-1 6.91333E-1 7.15836E-1 7.239E-1
4.6713E-1 4.72987E-1 4.72737E-1 4.55357E-1 4.49523E-1 4.45393E-1 4.48496E-1 4.6309E-1 4.90769E-1 5.55001E-1 5.66439E-1 5.75817E-1 5.83176E-1 5.87009E-1 5.87641E-1 5.84569E-1 5.88418E-1 5.6925E-1 5.48826E-1 5.39772E-1 5.35588E-1 5.35916E-1 5.34247E-1 5.27906E-1 5.19422E-1 5.17137E-1 5.23664E-1 5.24433E-1 5.24328E-1 5.07501E-1 5.10102E-1 5.09967E-1 5.11881E-1 5.02969E-1 4.99223E-1 4.93923E-1 5.01064E-1 5.15907E-1 5.28718E-1 5.51897E-1 5.94182E-1 6.6821E-1 6.98982E-1 7.20133E-1 7.35495E-1 7.22262E-1 6.77816E-1 6.8503E-1 6.98555E-1 6.87018E-1 6.53007E-1 6.3882E-1 6.28973E-1 6.23571E-1 6.29896E-1 6.6714E-1 6.89281E-1 7.18955E-1 7.48956E-1 7.42823E-1 7.327E-1
4.63193E-1 4.71677E-1 4.82604E-1 4.78071E-1 4.6771E-1 4.61818E-1 4.5965E-1 4.77965E-1 5.14934E-1 5.67136E-1 5.7737E-1 5.85655E-1 5.90314E-1 5.87607E-1 5.87527E-1 5.90182E-1 5.87074E-1 5.81219E-1 5.62716E-1 5.43286E-1 5.29479E-1 5.2633E-1 5.24431E-1 5.27959E-1 5.24098E-1 5.29697E-1 5.30864E-1 5.27566E-1 5.21944E-1 5.17434E-1 5.16422E-1 5.17859E-1 5.16463E-1 5.13435E-1 5.11266E-1 5.00346E-1 5.07186E-1 5.17148E-1 5.32105E-1 5.5446E-1 5.90852E-1 6.64235E-1 6.93488E-1 7.05882E-1 7.00431E-1 6.94067E-1 6.86533E-1 6.89292E-1 6.97109E-1 6.84754E-1 6.67004E-1 6.5795E-1 6.42601E-1 6.20999E-1 6.23764E-1 6.72604E-1 7.09648E-1 7.35417E-1 7.51848E-1 7.42347E-1 7.15674E-1
4.65455E-1 4.72566E-1 4.78548E-1 4.75529E-1 4.71454E-1 4.75966E-1 4.83312E-1 5.03364E-1 5.25957E-1 5.83692E-1 5.93042E-1 5.98095E-1 5.96408E-1 5.92957E-1 5.89564E-1 5.86926E-1 5.84352E-1 5.82471E-1 5.63391E-1 5.47491E-1 5.37884E-1 5.35089E-1 5.40774E-1 5.33836E-1 5.37349E-1 5.41464E-1 5.40117E-1 5.32997E-1 5.24427E-1 5.23669E-1 5.20802E-1 5.22877E-1 5.24185E-1 5.25776E-1 5.2433E-1 5.20625E-1 5.24245E-1 5.35107E-1 5.48551E-1 5.65836E-1 5.95969E-1 6.51436E-1 6.77921E-1 6.71405E-1 6.72757E-1 6.95133E-1 7.14415E-1 7.02639E-1 6.98564E-1 6.89556E-1 6.76077E-1 6.64489E-1 6.6114E-1 6.47008E-1 6.3794E-1 6.64288E-1 6.90523E-1 6.99659E-1 7.05163E-1 7.00637E-1 6.92674E-1
4.711E-1 4.75149E-1 4.80157E-1 4.74115E-1 4.73935E-1 4.77917E-1 4.9539E-1 5.13089E-1 5.36092E-1 5.89922E-1 5.99401E-1 6.04625E-1 6.04621E-1 6.02519E-1 5.98833E-1 5.91076E-1 5.88696E-1 5.81428E-1 5.71133E-1 5.51225E-1 5.49971E-1 5.58624E-1 5.5248E-1 5.49697E-1 5.47914E-1 5.52596E-1 5.514E-1 5.41491E-1 5.32576E-1 5.33521E-1 5.33373E-1 5.34713E-1 5.35952E-1 5.41488E-1 5.42205E-1 5.38703E-1 5.34738E-1 5.5953E-1 5.79392E-1 5.9523E-1 6.16867E-1 6.38677E-1 6.43439E-1 6.58737E-1 6.7283E-1 6.9593E-1 7.09471E-1 7.05274E-1 7.03945E-1 6.88724E-1 6.78621E-1 6.74083E-1 6.71122E-1 6.72192E-1 6.75701E-1 6.77174E-1 6.84277E-1 6.9378E-1 6.9482E-1 6.91777E-1 6.76719E-1
4.72103E-1 4.72854E-1 4.73608E-1 4.71836E-1 4.80412E-1 4.86627E-1 4.97721E-1 5.13064E-1 5.36585E-1 5.83245E-1 6.04868E-1 6.09365E-1 6.11171E-1 6.06538E-1 6.03339E-1 6.02076E-1 5.9436E-1 5.91664E-1 5.81966E-1 5.56987E-1 5.64512E-1 5.68218E-1 5.5997E-1 5.52153E-1 5.42435E-1 5.49147E-1 5.46059E-1 5.44124E-1 5.48834E-1 5.51092E-1 5.52681E-1 5.47238E-1 5.55324E-1 5.62419E-1 5.57341E-1 5.56043E-1 5.57784E-1 5.89337E-1 6.16012E-1 6.2675E-1 6.46094E-1 6.53416E-1 6.45433E-1 6.56886E-1 6.72054E-1 6.89826E-1 6.99827E-1 6.98899E-1 6.96661E-1 6.89644E-1 6.86202E-1 6.858E-1 6.82708E-1 6.91996E-1 7.14287E-1 7.24345E-1 7.1831E-1 7.19645E-1 7.15367E-1 7.07615E-1 6.95336E-1
4.76297E-1 4.78568E-1 4.72592E-1 4.77775E-1 4.87774E-1 5.03127E-1 5.00724E-1 5.20907E-1 5.35798E-1 5.94607E-1 6.13065E-1 6.17763E-1 6.17016E-1 6.16021E-1 6.10963E-1 6.09705E-1 6.03315E-1 5.96604E-1 5.85051E-1 5.70177E-1 5.83741E-1 5.84525E-1 5.69804E-1 5.59978E-1 5.47811E-1 5.45803E-1 5.45227E-1 5.42106E-1 5.47746E-1 5.43906E-1 5.4701E-1 5.57295E-1 5.66529E-1 5.75337E-1 5.81864E-1 5.82493E-1 5.90578E-1 6.22488E-1 6.47463E-1 6.7328E-1 6.78401E-1 6.65951E-1 6.50273E-1 6.55395E-1 6.76315E-1 6.81314E-1 6.91814E-1 7.15946E-1 7.24405E-1 7.23193E-1 7.24683E-1 7.18167E-1 7.08547E-1 7.1606E-1 7.28439E-1 7.23957E-1 7.23909E-1 7.15281E-1 7.05866E-1 6.99219E-1 6.80428E-1
4.79324E-1 4.85005E-1 4.80044E-1 4.83886E-1 4.92139E-1 5.04726E-1 5.13532E-1 5.2424E-1 5.35496E-1 5.8828E-1 6.19755E-1 6.29172E-1 6.27331E-1 6.24708E-1 6.22453E-1 6.19498E-1 6.16061E-1 6.09419E-1 5.8224E-1 5.79293E-1 5.87357E-1 5.88542E-1 5.75796E-1 5.64972E-1 5.62084E-1 5.59655E-1 5.58483E-1 5.46941E-1 5.44012E-1 5.38085E-1 5.50479E-1 5.70435E-1 5.87843E-1 6.05732E-1 6.07484E-1 6.15568E-1 6.32453E-1 6.5058E-1 6.67945E-1 7.0173E-1 7.06825E-1 6.88454E-1 6.72345E-1 6.72879E-1 6.83614E-1 6.96969E-1 7.29789E-1 7.32467E-1 7.26695E-1 7.2957E-1 7.27264E-1 7.32339E-1 7.39409E-1 7.35749E-1 7.32183E-1 7.2424E-1 7.21882E-1 7.08851E-1 6.92017E-1 6.59821E-1 6.33104E-1
4.75292E-1 4.83144E-1 4.84045E-1 4.88971E-1 4.94446E-1 4.97861E-1 5.11223E-1 5.18442E-1 5.39014E-1 5.90579E-1 6.23373E-1 6.31035E-1 6.37168E-1 6.34765E-1 6.32139E-1 6.33928E-1 6.30455E-1 6.08344E-1 5.89521E-1 5.85353E-1 5.87908E-1 5.82245E-1 5.79533E-1 5.78522E-1 5.7327E-1 5.77139E-1 5.63882E-1 5.52355E-1 5.43975E-1 5.43638E-1 5.58126E-1 5.72921E-1 5.98966E-1 6.25687E-1 6.34029E-1 6.34052E-1 6.49349E-1 6.62154E-1 6.58887E-1 6.70895E-1 6.87542E-1 6.8839E-1 6.85282E-1 7.07204E-1 7.23656E-1 7.35979E-1 7.3119E-1 7.2805E-1 7.22834E-1 7.25838E-1 7.24375E-1 7.30562E-1 7.31658E-1 7.29614E-1 7.24529E-1 7.20366E-1 7.01206E-1 6.72356E-1 6.54192E-1 6.46992E-1 6.28491E-1
4.82082E-1 4.79049E-1 4.83105E-1 4.87653E-1 4.9032E-1 4.99856E-1 5.15235E-1 5.30003E-1 5.49797E-1 5.73961E-1 6.21046E-1 6.37251E-1 6.46765E-1 6.4342E-1 6.46039E-1 6.45917E-1 6.37587E-1 6.07193E-1 5.9908E-1 5.96315E-1 5.90579E-1 5.88788E-1 5.89194E-1 5.84763E-1 5.84812E-1 5.80795E-1 5.70345E-1 5.62423E-1 5.48906E-1 5.54032E-1 5.65146E-1 5.86873E-1 6.05681E-1 6.20198E-1 6.29916E-1 6.39109E-1 6.51168E-1 6.58483E-1 6.46636E-1 6.78432E-1 6.9989E-1 7.18638E-1 7.39457E-1 7.43553E-1 7.41497E-1 7.32559E-1 7.26561E-1 7.23123E-1 7.20142E-1 7.17897E-1 7.21178E-1 7.2677E-1 7.30238E-1 7.18242E-1 6.95679E-1 6.74514E-1 6.6603E-1 6.66078E-1 6.59121E-1 6.57007E-1 6.43094E-1
4.81988E-1 4.82481E-1 4.81837E-1 4.89788E-1 4.96967E-1 5.13952E-1 5.31339E-1 5.45011E-1 5.68418E-1 5.85407E-1 6.16601E-1 6.37E-1 6.39574E-1 6.45793E-1 6.49397E-1 6.52769E-1 6.31651E-1 6.25157E-1 6.2319E-1 6.15722E-1 6.05147E-1 5.95165E-1 5.82385E-1 5.89182E-1 5.91031E-1 5.83883E-1 5.83963E-1 5.70971E-1 5.6401E-1 5.65623E-1 5.77432E-1 5.958E-1 6.07352E-1 6.15427E-1 6.23487E-1 6.34685E-1 6.6501E-1 6.81642E-1 6.76222E-1 7.09175E-1 7.26465E-1 7.44203E-1 7.44697E-1 7.41607E-1 7.3889E-1 7.325E-1 7.25204E-1 7.13218E-1 7.13027E-1 7.1837E-1 7.10871E-1 6.97202E-1 6.81986E-1 6.81168E-1 6.68947E-1 6.61762E-1 6.63459E-1 6.56399E-1 6.50769E-1 6.42243E-1 6.27187E-1
4.83203E-1 4.83151E-1 4.83473E-1 4.98686E-1 5.1662E-1 5.33401E-1 5.45167E-1 5.60538E-1 5.79291E-1 5.88396E-1 5.90246E-1 6.1241E-1 6.24439E-1 6.22011E-1 6.19838E-1 6.18826E-1 6.14177E-1 6.17409E-1 6.24484E-1 6.21578E-1 6.08065E-1 5.99799E-1 5.94202E-1 5.94E-1 5.93054E-1 5.88023E-1 5.86248E-1 5.83419E-1 5.87452E-1 5.87877E-1 5.88083E-1 5.92278E-1 6.04784E-1 6.13275E-1 6.22087E-1 6.3445E-1 6.5772E-1 6.76895E-1 6.86546E-1 6.91091E-1 7.13407E-1 7.24963E-1 7.32755E-1 7.34513E-1 7.3398E-1 7.30319E-1 7.23122E-1 6.98022E-1 6.87719E-1 6.80644E-1 6.68298E-1 6.60138E-1 6.50687E-1 6.51433E-1 6.56271E-1 6.57194E-1 6.54331E-1 6.46469E-1 6.33986E-1 6.32468E-1 6.17537E-1
4.91997E-1 4.96864E-1 5.01833E-1 5.17445E-1 5.32183E-1 5.38768E-1 5.54001E-1 5.61844E-1 5.59409E-1 5.69539E-1 5.76818E-1 5.74583E-1 5.73247E-1 5.80144E-1 5.82087E-1 5.92059E-1 6.06415E-1 6.08957E-1 6.12486E-1 6.08944E-1 5.96946E-1 5.94588E-1 5.9432E-1 5.97569E-1 5.93755E-1 5.89933E-1 5.8896E-1 5.97796E-1 6.04136E-1 6.02293E-1 5.97224E-1 5.96105E-1 6.04613E-1 6.12436E-1 6.1498E-1 6.08668E-1 6.14991E-1 6.31207E-1 6.48873E-1 6.51188E-1 6.81027E-1 7.00954E-1 7.10537E-1 7.19041E-1 7.21063E-1 7.24603E-1 7.06341E-1 6.86762E-1 6.84523E-1 6.68355E-1 6.59329E-1 6.41533E-1 6.33817E-1 6.31247E-1 6.37569E-1 6.41655E-1 6.36152E-1 6.31306E-1 6.28188E-1 6.25513E-1 6.24065E-1
5.13695E-1 5.17491E-1 5.20769E-1 5.37935E-1 5.44077E-1 5.55857E-1 5.73162E-1 5.61011E-1 5.45447E-1 5.42691E-1 5.57265E-1 5.6662E-1 5.60438E-1 5.5838E-1 5.67256E-1 5.82721E-1 5.90506E-1 5.95773E-1 5.99269E-1 5.96121E-1 5.94516E-1 5.93467E-1 5.97414E-1 5.91473E-1 5.88201E-1 5.81056E-1 5.87497E-1 5.99679E-1 6.05214E-1 6.09925E-1 6.05043E-1 6.06796E-1 6.06731E-1 6.05017E-1 6.03493E-1 6.05868E-1 6.09377E-1 6.13755E-1 6.16966E-1 6.20288E-1 6.41392E-1 6.60107E-1 6.6545E-1 6.7563E-1 6.88194E-1 6.86918E-1 6.87955E-1 6.83107E-1 6.77008E-1 6.60058E-1 6.45016E-1 6.3167E-1 6.15905E-1 6.0975E-1 6.14248E-1 6.2299E-1 6.34385E-1 6.29627E-1 6.312E-1 6.30964E-1 6.31515E-1
5.37859E-1 5.39219E-1 5.46234E-1 5.52103E-1 5.61683E-1 5.64786E-1 5.75179E-1 5.63452E-1 5.5086E-1 5.47737E-1 5.63087E-1 5.75956E-1 5.62757E-1 5.49781E-1 5.60206E-1 5.74467E-1 5.88947E-1 5.93326E-1 5.94252E-1 5.98612E-1 5.9956E-1 6.00235E-1 5.98666E-1 5.94494E-1 5.92342E-1 5.91999E-1 5.93576E-1 6.00837E-1 6.10781E-1 6.11557E-1 6.07289E-1 6.11285E-1 6.08453E-1 6.07646E-1 6.03666E-1 6.06505E-1 6.0927E-1 6.09411E-1 6.06862E-1 6.06969E-1 6.15145E-1 6.2266E-1 6.40447E-1 6.53088E-1 6.66241E-1 6.66968E-1 6.74446E-1 6.69825E-1 6.67646E-1 6.55571E-1 6.36259E-1 6.15812E-1 6.15493E-1 6.14053E-1 6.11153E-1 6.14453E-1 6.21366E-1 6.30943E-1 6.31146E-1 6.38903E-1 6.43042E-1
5.55587E-1 5.60942E-1 5.71583E-1 5.63019E-1 5.56026E-1 5.64428E-1 5.64694E-1 5.65928E-1 5.64937E-1 5.69843E-1 5.72925E-1 5.73296E-1 5.65677E-1 5.56287E-1 5.62079E-1 5.7458E-1 5.86315E-1 5.97528E-1 5.99987E-1 6.04817E-1 6.04421E-1 6.07576E-1 6.03971E-1 6.01522E-1 6.06951E-1 6.08396E-1 6.01984E-1 6.07435E-1 6.13059E-1 6.15824E-1 6.22061E-1 6.16576E-1 6.19807E-1 6.19863E-1 6.15397E-1 6.08636E-1 6.12867E-1 6.13396E-1 6.06234E-1 6.09274E-1 6.12106E-1 6.1859E-1 6.27633E-1 6.40217E-1 6.45709E-1 6.46818E-1 6.59584E-1 6.5474E-1 6.50899E-1 6.45474E-1 6.27637E-1 6.17394E-1 6.20821E-1 6.21166E-1 6.18186E-1 6.19921E-1 6.24358E-1 6.33697E-1 6.43889E-1 6.4796E-1 6.62185E-1
5.63067E-1 5.65157E-1 5.75727E-1 5.723E-1 5.56946E-1 5.6248E-1 5.62357E-1 5.68885E-1 5.80307E-1 5.79763E-1 5.7579E-1 5.70322E-1 5.6882E-1 5.72739E-1 5.74545E-1 5.90196E-1 5.9831E-1 6.06648E-1 6.10404E-1 6.129E-1 6.1833E-1 6.14969E-1 6.11062E-1 6.07534E-1 6.10437E-1 6.13883E-1 6.139E-1 6.19946E-1 6.19475E-1 6.24187E-1 6.27624E-1 6.24766E-1 6.26722E-1 6.22811E-1 6.21311E-1 6.15125E-1 6.15401E-1 6.09474E-1 6.01043E-1 6.06667E-1 6.13681E-1 6.19823E-1 6.24573E-1 6.28985E-1 6.36499E-1 6.34655E-1 6.42889E-1 6.39326E-1 6.3817E-1 6.37636E-1 6.30203E-1 6.25331E-1 6.25479E-1 6.32369E-1 6.28709E-1 6.30861E-1 6.38933E-1 6.41127E-1 6.54633E-1 6.71321E-1 6.79088E-1
5.68598E-1 5.70585E-1 5.70652E-1 5.67013E-1 5.65739E-1 5.64091E-1 5.65695E-1 5.77029E-1 5.86756E-1 5.88428E-1 5.81762E-1 5.73898E-1 5.71162E-1 5.7416E-1 5.83814E-1 6.0346E-1 6.17463E-1 6.22952E-1 6.20326E-1 6.12449E-1 6.18195E-1 6.15671E-1 6.20972E-1 6.18222E-1 6.16461E-1 6.19128E-1 6.22127E-1 6.29142E-1 6.29728E-1 6.25939E-1 6.21886E-1 6.26254E-1 6.22669E-1 6.19159E-1 6.1972E-1 6.07883E-1 6.02522E-1 6.01849E-1 6.0338E-1 6.11327E-1 6.15873E-1 6.27872E-1 6.33225E-1 6.30195E-1 6.33089E-1 6.28827E-1 6.32752E-1 6.39267E-1 6.40676E-1 6.39659E-1 6.389E-1 6.36531E-1 6.3922E-1 6.45406E-1 6.49517E-1 6.52849E-1 6.57942E-1 6.59467E-1 6.63982E-1 6.72524E-1 6.89143E-1
5.74174E-1 5.69948E-1 5.71647E-1 5.67145E-1 5.70492E-1 5.68886E-1 5.68647E-1 5.78191E-1 5.85845E-1 5.8205E-1 5.84067E-1 5.76479E-1 5.77049E-1 5.81171E-1 5.9413E-1 6.17812E-1 6.2794E-1 6.30034E-1 6.19182E-1 6.15162E-1 6.17383E-1 6.12912E-1 6.14539E-1 6.22571E-1 6.19727E-1 6.23045E-1 6.24048E-1 6.32203E-1 6.39589E-1 6.22213E-1 6.22011E-1 6.18059E-1 6.13222E-1 6.12267E-1 6.12274E-1 6.12282E-1 6.03969E-1 6.02284E-1 6.04341E-1 6.09683E-1 6.25891E-1 6.36181E-1 6.46308E-1 6.37623E-1 6.33022E-1 6.30469E-1 6.35692E-1 6.47253E-1 6.49622E-1 6.43573E-1 6.4405E-1 6.4925E-1 6.54695E-1 6.57787E-1 6.65826E-1 6.67982E-1 6.75729E-1 6.78087E-1 6.69268E-1 6.76352E-1 6.92368E-1
