maxent_outputs/bumblebees/bombus_69.asc
ncols         426
nrows         180
xllcorner     -130.0
yllcorner     24.0
cellsize      0.16666666666666666
NODATA_value  -9999
[rows 54 to 80 of 180, columns 61 to 121 of 426]
1.05502E-1 9.86261E-2 1.16676E-1 1.16333E-1 1.0011E-1 8.71308E-2 7.47496E-2 6.5628E-2 5.60935E-2 4.20635E-2 5.62334E-2 5.46023E-2 7.07695E-2 7.57257E-2 6.46143E-2 5.95131E-2 5.8661E-2 7.47016E-2 6.47674E-2 4.91167E-2 5.59246E-2 4.94644E-2 3.5562E-2 3.01513E-2 4.72657E-2 3.56003E-2 2.89014E-2 2.79857E-2 3.01774E-2 2.98293E-2 3.38061E-2 2.88585E-2 2.91976E-2 2.7131E-2 2.69925E-2 2.67181E-2 2.05485E-2 1.85612E-2 2.2737E-2 1.98209E-2 2.73159E-2 2.66023E-2 2.53135E-2 1.64368E-2 2.13682E-2 1.79089E-2 1.89803E-2 1.5487E-2 1.82877E-2 2.18234E-2 1.45383E-2 1.39637E-2 1.35979E-2 1.13498E-2 1.3322E-2 1.23245E-2 1.21901E-2 1.24706E-2 1.20142E-2 1.03912E-2 1.49323E-2
1.10949E-1 1.22072E-1 1.18442E-1 9.26776E-2 8.9864E-2 9.29382E-2 7.36777E-2 4.98715E-2 6.12663E-2 5.96509E-2 5.19203E-2 6.40104E-2 6.58138E-2 6.53085E-2 6.36643E-2 7.76719E-2 8.29072E-2 7.08816E-2 4.66443E-2 5.25769E-2 4.7963E-2 4.32272E-2 3.20723E-2 3.67692E-2 3.41942E-2 2.98229E-2 2.8165E-2 2.87723E-2 3.11645E-2 3.25915E-2 2.99591E-2 2.74409E-2 2.73973E-2 2.0323E-2 2.01277E-2 2.10107E-2 1.97494E-2 1.79304E-2 2.0053E-2 1.78496E-2 2.12503E-2 1.81133E-2 1.97447E-2 1.6499E-2 1.44891E-2 1.5007E-2 1.40382E-2 1.21285E-2 1.35424E-2 1.52223E-2 1.3496E-2 1.44804E-2 1.33518E-2 1.17012E-2 1.20111E-2 1.11682E-2 1.22292E-2 1.10069E-2 1.18421E-2 1.04136E-2 1.49719E-2
9.05744E-2 1.12883E-1 9.21364E-2 8.10569E-2 8.36451E-2 8.04919E-2 8.28241E-2 6.99564E-2 6.145E-2 5.51561E-2 4.93001E-2 5.89564E-2 5.11261E-2 5.5989E-2 6.99757E-2 6.43658E-2 7.26992E-2 5.57235E-2 5.61651E-2 4.31456E-2 4.42833E-2 4.55235E-2 3.49846E-2 3.67337E-2 3.43038E-2 2.85604E-2 2.76929E-2 2.7114E-2 2.75366E-2 2.62073E-2 2.52163E-2 2.50054E-2 2.42808E-2 2.26976E-2 2.07931E-2 2.03407E-2 1.89642E-2 1.95307E-2 1.92869E-2 1.67057E-2 1.73962E-2 1.45017E-2 1.47767E-2 1.72499E-2 1.29069E-2 1.20467E-2 1.28187E-2 1.41327E-2 1.39309E-2 1.37634E-2 1.57917E-2 1.52062E-2 1.27837E-2 1.30393E-2 1.36311E-2 1.26051E-2 1.07094E-2 9.29178E-3 1.09368E-2 1.33889E-2 1.41949E-2
7.28305E-2 1.04227E-1 1.02056E-1 1.00334E-1 1.01111E-1 9.22111E-2 9.01038E-2 8.54652E-2 5.00801E-2 4.68934E-2 4.73532E-2 5.03886E-2 4.90161E-2 4.92113E-2 5.90963E-2 8.43961E-2 6.79238E-2 6.41344E-2 6.18758E-2 4.37578E-2 4.4911E-2 4.60363E-2 3.26012E-2 3.85274E-2 3.85632E-2 2.744E-2 2.46106E-2 2.35313E-2 2.19388E-2 2.0929E-2 2.20924E-2 2.1199E-2 2.2478E-2 2.48765E-2 2.50538E-2 1.94719E-2 1.74167E-2 1.82735E-2 1.94286E-2 1.77088E-2 1.40509E-2 1.74009E-2 1.68918E-2 1.40055E-2 1.45557E-2 1.62133E-2 1.49988E-2 1.36782E-2 1.34645E-2 1.52474E-2 1.79599E-2 1.80606E-2 1.18993E-2 1.12867E-2 1.23794E-2 1.09484E-2 9.553E-3 1.0049E-2 1.33367E-2 1.71898E-2 1.95615E-2
5.76745E-2 7.63056E-2 8.52411E-2 7.10882E-2 5.57189E-2 6.96962E-2 5.20802E-2 4.609E-2 4.71427E-2 4.71992E-2 5.12625E-2 5.04858E-2 5.00213E-2 6.16126E-2 7.08923E-2 9.31843E-2 8.97981E-2 8.74965E-2 8.65081E-2 6.09248E-2 5.26229E-2 4.69623E-2 4.22992E-2 4.79734E-2 3.58105E-2 3.23361E-2 2.60058E-2 2.86403E-2 2.21492E-2 1.90866E-2 2.30345E-2 2.34082E-2 2.09872E-2 1.84888E-2 1.75696E-2 1.78825E-2 1.78407E-2 1.65884E-2 1.59224E-2 1.63007E-2 1.523E-2 1.58102E-2 1.79651E-2 1.72748E-2 1.84694E-2 1.76656E-2 1.57093E-2 1.36126E-2 1.3953E-2 1.73618E-2 1.94058E-2 2.02654E-2 1.8576E-2 1.7498E-2 1.4481E-2 1.0228E-2 1.10137E-2 9.25959E-3 9.49406E-3 9.09401E-3 1.23303E-2
5.88455E-2 5.76257E-2 6.85846E-2 6.12843E-2 4.86196E-2 4.43949E-2 5.92959E-2 4.61208E-2 4.8083E-2 5.13431E-2 5.18117E-2 5.38098E-2 6.00553E-2 6.43999E-2 8.00885E-2 8.7256E-2 8.6924E-2 9.16635E-2 8.46279E-2 8.35851E-2 6.90954E-2 5.86913E-2 5.08981E-2 4.8091E-2 4.35097E-2 4.03975E-2 3.25808E-2 2.99597E-2 2.30264E-2 2.22311E-2 2.0402E-2 1.74087E-2 2.07453E-2 1.97055E-2 1.81557E-2 1.59342E-2 1.82813E-2 1.75931E-2 1.68477E-2 1.89382E-2 2.14913E-2 1.9755E-2 2.33796E-2 1.88327E-2 1.79679E-2 1.73194E-2 1.80255E-2 1.69321E-2 1.64887E-2 1.58407E-2 2.04384E-2 1.97019E-2 2.35326E-2 2.01636E-2 1.46716E-2 1.23917E-2 1.13065E-2 9.14461E-3 9.46699E-3 8.44343E-3 9.88992E-3
4.98078E-2 4.73475E-2 5.33434E-2 5.14021E-2 5.27084E-2 4.94062E-2 5.6084E-2 5.48766E-2 5.56118E-2 5.68772E-2 5.987E-2 6.10954E-2 6.94962E-2 7.6355E-2 8.09745E-2 8.187E-2 9.092E-2 9.65915E-2 8.60629E-2 8.85718E-2 8.02693E-2 6.72647E-2 5.04265E-2 4.09611E-2 3.98784E-2 3.67316E-2 3.09781E-2 2.85945E-2 2.14254E-2 1.92093E-2 1.98907E-2 1.75028E-2 1.73859E-2 1.90609E-2 1.8316E-2 1.75434E-2 1.8662E-2 1.92571E-2 1.91052E-2 2.39261E-2 2.37672E-2 2.52278E-2 2.3283E-2 1.85934E-2 1.79197E-2 1.732E-2 1.82935E-2 1.87098E-2 2.01882E-2 1.94543E-2 1.86187E-2 1.4852E-2 1.81023E-2 2.03368E-2 1.65726E-2 1.36232E-2 1.33746E-2 1.26543E-2 1.19591E-2 9.87921E-3 1.02187E-2
4.27557E-2 4.20906E-2 4.2608E-2 4.54091E-2 4.71373E-2 5.78606E-2 5.93231E-2 5.61978E-2 5.68167E-2 6.15952E-2 7.55197E-2 7.29845E-2 7.61441E-2 7.15618E-2 7.28383E-2 7.86824E-2 1.02175E-1 1.00694E-1 9.13473E-2 8.38228E-2 8.5839E-2 7.86145E-2 5.34805E-2 4.67587E-2 4.33167E-2 4.1696E-2 3.83699E-2 3.24124E-2 2.52096E-2 2.02551E-2 2.03039E-2 2.16323E-2 2.33239E-2 2.03255E-2 1.82475E-2 1.75051E-2 1.7451E-2 1.77921E-2 1.73697E-2 2.18355E-2 2.3319E-2 2.05555E-2 2.29477E-2 2.30941E-2 1.92761E-2 1.9086E-2 2.01621E-2 1.98117E-2 2.00231E-2 2.18589E-2 2.10909E-2 1.60953E-2 1.31581E-2 1.71765E-2 1.47712E-2 1.18222E-2 1.46263E-2 1.53145E-2 9.85524E-3 1.39117E-2 1.37041E-2
5.41588E-2 5.44463E-2 5.0458E-2 5.07795E-2 5.70821E-2 4.98879E-2 5.16945E-2 5.7988E-2 5.8884E-2 7.67424E-2 6.83172E-2 5.57887E-2 5.70102E-2 5.95715E-2 7.95456E-2 8.34285E-2 8.70375E-2 9.94774E-2 9.89214E-2 9.33212E-2 8.629E-2 9.60225E-2 7.5501E-2 5.32194E-2 4.66173E-2 3.71086E-2 3.49777E-2 3.77781E-2 2.85621E-2 2.57673E-2 2.25074E-2 2.45225E-2 2.22465E-2 2.01375E-2 2.07585E-2 1.92874E-2 1.80321E-2 1.73304E-2 1.66155E-2 1.79536E-2 2.27649E-2 2.32266E-2 2.38302E-2 2.29578E-2 2.2133E-2 2.08575E-2 2.17644E-2 2.37012E-2 2.60532E-2 2.42107E-2 2.34356E-2 2.20715E-2 1.70967E-2 1.66315E-2 1.15059E-2 1.22315E-2 1.46564E-2 1.39342E-2 1.25505E-2 1.50539E-2 1.60461E-2
5.96554E-2 6.21274E-2 6.3006E-2 6.2495E-2 6.26198E-2 6.26112E-2 7.10664E-2 6.45206E-2 6.37426E-2 6.68186E-2 6.02722E-2 5.65892E-2 5.23432E-2 5.56895E-2 8.3143E-2 8.06926E-2 6.15292E-2 5.84668E-2 8.54288E-2 8.45952E-2 6.90676E-2 6.69801E-2 6.49816E-2 6.20076E-2 4.89395E-2 3.79183E-2 3.51276E-2 2.75156E-2 2.47158E-2 2.22864E-2 2.01861E-2 2.1027E-2 2.17682E-2 1.90259E-2 2.07467E-2 1.82293E-2 2.34436E-2 2.38282E-2 2.52195E-2 2.02691E-2 2.20271E-2 2.66259E-2 2.64319E-2 2.46372E-2 2.74973E-2 2.76728E-2 2.75706E-2 2.65683E-2 2.26026E-2 2.01167E-2 2.24141E-2 2.27583E-2 1.83988E-2 1.77183E-2 1.41492E-2 1.52125E-2 1.03067E-2 1.00037E-2 1.09507E-2 9.40365E-3 8.73534E-3
6.26208E-2 6.44136E-2 6.86969E-2 7.28536E-2 7.63445E-2 7.3157E-2 7.7135E-2 6.5888E-2 6.51256E-2 6.32671E-2 5.42264E-2 5.04448E-2 5.65876E-2 7.08276E-2 7.27902E-2 5.64852E-2 5.45334E-2 5.00584E-2 6.35352E-2 8.41671E-2 7.82534E-2 6.73148E-2 6.61882E-2 7.03826E-2 6.89061E-2 5.60299E-2 3.80301E-2 2.72871E-2 2.50961E-2 2.40053E-2 2.20673E-2 2.26892E-2 2.85057E-2 2.84956E-2 2.91354E-2 2.69786E-2 3.16077E-2 3.12341E-2 3.15851E-2 2.5555E-2 2.44304E-2 3.03012E-2 2.90786E-2 2.63549E-2 2.94458E-2 3.06456E-2 2.8466E-2 2.67447E-2 1.90649E-2 1.60142E-2 1.96784E-2 2.13056E-2 2.26495E-2 1.87434E-2 1.86512E-2 1.81312E-2 1.39977E-2 1.35467E-2 1.27001E-2 1.00351E-2 8.58764E-3
5.99956E-2 5.56271E-2 5.89127E-2 6.00845E-2 6.75081E-2 6.99602E-2 7.21253E-2 6.52562E-2 6.31666E-2 5.9925E-2 5.76603E-2 5.60084E-2 7.53765E-2 5.67306E-2 5.23646E-2 4.71919E-2 4.74086E-2 4.6397E-2 4.15461E-2 6.80587E-2 8.38903E-2 8.71887E-2 8.0574E-2 7.42051E-2 7.45122E-2 7.20428E-2 7.0868E-2 6.46244E-2 5.79666E-2 5.37781E-2 4.60879E-2 4.32561E-2 3.92365E-2 3.26593E-2 3.33934E-2 3.49159E-2 3.60268E-2 3.70539E-2 3.48513E-2 3.23007E-2 3.14298E-2 3.16075E-2 3.03435E-2 3.33592E-2 3.06984E-2 2.97418E-2 2.44704E-2 1.86397E-2 1.66759E-2 1.30796E-2 1.56344E-2 2.05645E-2 1.92059E-2 1.7721E-2 1.82291E-2 1.46162E-2 1.51438E-2 1.1385E-2 9.13047E-3 1.32775E-2 1.0092E-2
6.032E-2 6.32214E-2 5.81437E-2 5.74517E-2 6.05803E-2 6.67037E-2 6.4188E-2 5.9258E-2 5.38604E-2 6.18439E-2 5.74379E-2 6.36067E-2 7.49737E-2 6.03982E-2 5.53817E-2 4.91866E-2 4.95557E-2 5.02198E-2 4.51929E-2 4.73291E-2 6.94395E-2 8.09276E-2 9.09929E-2 9.86221E-2 8.9176E-2 7.96055E-2 7.75064E-2 7.99709E-2 6.68313E-2 5.76419E-2 5.10686E-2 4.6736E-2 4.22479E-2 3.99123E-2 4.25342E-2 4.07817E-2 3.82588E-2 3.71738E-2 3.66039E-2 3.64274E-2 2.97561E-2 3.10793E-2 4.49292E-2 4.07092E-2 3.14435E-2 2.60724E-2 2.36334E-2 1.68352E-2 1.53657E-2 1.41316E-2 1.43072E-2 1.81427E-2 1.9075E-2 1.46216E-2 1.84731E-2 1.40806E-2 1.6548E-2 8.75668E-3 8.47536E-3 8.8549E-3 1.13807E-2
7.31727E-2 6.81835E-2 5.8339E-2 6.07073E-2 5.83975E-2 6.28094E-2 5.30849E-2 3.84802E-2 6.38442E-2 6.89928E-2 6.62397E-2 6.70872E-2 5.75551E-2 5.68997E-2 5.35997E-2 4.85836E-2 4.81998E-2 4.65407E-2 4.49282E-2 4.12252E-2 3.8296E-2 5.31675E-2 7.40348E-2 7.4472E-2 6.90316E-2 6.21984E-2 6.22771E-2 6.42811E-2 5.69009E-2 6.33171E-2 6.04101E-2 5.3957E-2 4.78328E-2 4.27434E-2 4.11294E-2 3.66017E-2 3.54186E-2 3.72374E-2 3.54516E-2 3.9239E-2 3.28834E-2 3.18705E-2 3.06677E-2 3.00929E-2 2.75711E-2 2.51456E-2 2.49044E-2 1.65755E-2 1.65407E-2 1.37894E-2 1.43445E-2 1.95403E-2 1.68326E-2 1.3145E-2 1.62952E-2 1.357E-2 1.50012E-2 1.151E-2 9.81836E-3 9.16111E-3 8.6838E-3
6.60956E-2 6.29845E-2 6.05189E-2 6.29441E-2 5.61878E-2 5.95338E-2 4.81194E-2 4.85593E-2 6.23844E-2 6.11421E-2 5.73278E-2 5.64603E-2 5.84399E-2 5.56551E-2 5.18577E-2 4.97981E-2 4.86648E-2 4.61946E-2 4.22497E-2 3.73616E-2 3.02612E-2 3.51989E-2 4.79188E-2 5.68116E-2 5.68179E-2 5.88984E-2 5.82378E-2 5.66392E-2 5.95111E-2 5.78008E-2 5.87229E-2 5.88392E-2 5.48278E-2 5.00997E-2 4.47928E-2 4.25266E-2 4.69224E-2 4.45972E-2 3.70469E-2 3.5429E-2 3.45324E-2 3.28643E-2 2.96964E-2 2.69735E-2 2.16932E-2 2.24551E-2 2.22794E-2 2.31346E-2 1.81238E-2 2.08215E-2 1.88938E-2 2.10182E-2 1.67105E-2 1.83255E-2 1.31339E-2 1.37156E-2 1.46445E-2 1.05933E-2 8.36124E-3 8.1526E-3 8.49618E-3
5.14227E-2 5.16074E-2 5.98275E-2 6.2441E-2 6.04421E-2 5.97704E-2 5.17634E-2 6.42888E-2 5.93982E-2 5.73484E-2 5.41097E-2 5.56021E-2 5.71977E-2 5.68545E-2 5.46171E-2 5.37803E-2 4.86891E-2 4.82344E-2 4.30324E-2 4.26697E-2 3.96799E-2 3.43166E-2 3.61313E-2 4.83162E-2 5.58516E-2 5.8472E-2 5.42271E-2 5.30459E-2 5.52254E-2 5.30412E-2 4.99343E-2 4.77308E-2 4.88792E-2 4.67777E-2 4.72323E-2 4.51963E-2 4.48482E-2 3.82582E-2 3.68752E-2 3.49057E-2 3.02731E-2 2.89317E-2 2.6781E-2 2.29667E-2 1.90181E-2 2.36978E-2 2.34597E-2 2.45561E-2 2.0584E-2 2.41245E-2 1.73824E-2 1.80019E-2 1.43329E-2 1.39529E-2 1.63399E-2 1.51016E-2 1.44416E-2 1.28237E-2 9.96094E-3 9.77763E-3 8.051E-3
6.56404E-2 4.82167E-2 5.0197E-2 5.57316E-2 5.81346E-2 5.46478E-2 5.72875E-2 6.61268E-2 6.18243E-2 5.6525E-2 5.14749E-2 5.25401E-2 5.18156E-2 5.14419E-2 5.05873E-2 5.02149E-2 4.27882E-2 4.42675E-2 4.1118E-2 4.2037E-2 4.24472E-2 3.81322E-2 3.50083E-2 3.98535E-2 5.42131E-2 5.48766E-2 4.32663E-2 4.10905E-2 3.71324E-2 3.96974E-2 4.58703E-2 4.44985E-2 3.22682E-2 2.83637E-2 3.09958E-2 4.34087E-2 3.32277E-2 2.98292E-2 3.66533E-2 3.56735E-2 2.52804E-2 2.27559E-2 2.38773E-2 2.45629E-2 2.4159E-2 2.23926E-2 2.31731E-2 2.21597E-2 2.23831E-2 2.39161E-2 1.78221E-2 1.53224E-2 9.45504E-3 1.34169E-2 1.62233E-2 1.54378E-2 1.37114E-2 1.31726E-2 1.25978E-2 1.17225E-2 1.01926E-2
6.09499E-2 4.97243E-2 4.65719E-2 4.40115E-2 5.01948E-2 5.57806E-2 5.52169E-2 5.98283E-2 5.73997E-2 4.25308E-2 4.48544E-2 4.81294E-2 5.17551E-2 4.64505E-2 4.49451E-2 4.456E-2 4.29823E-2 4.50311E-2 4.31538E-2 4.00576E-2 4.17933E-2 4.30355E-2 3.83063E-2 3.77338E-2 4.38988E-2 4.19625E-2 3.95167E-2 3.57768E-2 3.27729E-2 2.81416E-2 4.44258E-2 3.21774E-2 2.5401E-2 2.26869E-2 2.93262E-2 3.09137E-2 2.74758E-2 3.51824E-2 3.53501E-2 3.35737E-2 2.57811E-2 2.52444E-2 2.51035E-2 2.32781E-2 2.13621E-2 2.39379E-2 2.24907E-2 2.36602E-2 2.3451E-2 2.2473E-2 2.38158E-2 2.28571E-2 1.25734E-2 1.02727E-2 1.27503E-2 1.3717E-2 1.32103E-2 1.27702E-2 1.22804E-2 1.24641E-2 1.20114E-2
4.83908E-2 4.679E-2 4.32759E-2 4.71856E-2 5.18052E-2 6.18506E-2 6.21142E-2 5.82897E-2 4.96036E-2 4.73188E-2 4.50991E-2 4.93587E-2 5.06015E-2 4.6408E-2 4.57721E-2 4.54469E-2 4.63957E-2 4.45034E-2 4.42605E-2 4.24334E-2 4.03592E-2 4.22895E-2 3.7216E-2 2.85434E-2 3.56594E-2 3.71327E-2 3.14407E-2 2.77948E-2 2.60971E-2 2.4879E-2 4.10089E-2 3.4216E-2 2.66435E-2 2.75104E-2 2.86383E-2 2.53417E-2 2.51267E-2 2.88811E-2 2.38822E-2 2.56279E-2 2.92245E-2 2.62651E-2 2.67522E-2 2.34064E-2 2.24454E-2 2.43132E-2 2.47585E-2 2.44668E-2 2.29704E-2 2.31935E-2 2.51057E-2 2.19204E-2 1.42623E-2 1.13939E-2 1.37266E-2 1.31894E-2 1.28579E-2 1.20548E-2 1.19039E-2 1.20265E-2 1.30727E-2
4.08162E-2 4.2872E-2 4.23223E-2 4.48367E-2 5.22323E-2 5.8747E-2 5.02839E-2 5.36033E-2 5.27332E-2 4.71618E-2 4.70147E-2 4.92596E-2 4.94974E-2 4.18429E-2 3.89791E-2 4.32695E-2 4.33692E-2 4.11659E-2 4.01819E-2 4.04414E-2 4.0005E-2 3.89143E-2 3.24128E-2 2.837E-2 2.32095E-2 2.66208E-2 2.31424E-2 2.40707E-2 2.66826E-2 3.03043E-2 3.42589E-2 2.98109E-2 2.77028E-2 2.71512E-2 2.65326E-2 2.59436E-2 2.41432E-2 2.68166E-2 2.68252E-2 2.79629E-2 4.19841E-2 4.22735E-2 4.9165E-2 2.96051E-2 2.56923E-2 2.71364E-2 2.70888E-2 2.6803E-2 2.48774E-2 2.21593E-2 1.87096E-2 1.49094E-2 1.43533E-2 1.40449E-2 1.35713E-2 1.39041E-2 1.35759E-2 1.25425E-2 1.22727E-2 1.1912E-2 1.17951E-2
4.29852E-2 4.14372E-2 4.12401E-2 4.0226E-2 4.03502E-2 4.90091E-2 5.54695E-2 5.96884E-2 5.76613E-2 5.47786E-2 5.21636E-2 5.37373E-2 5.03871E-2 4.56443E-2 4.79599E-2 4.28593E-2 4.23391E-2 4.06264E-2 3.943E-2 3.76996E-2 3.8184E-2 3.76524E-2 2.91238E-2 2.38535E-2 2.16802E-2 2.23498E-2 2.18093E-2 2.45251E-2 2.54646E-2 2.9591E-2 2.79877E-2 2.84837E-2 2.64253E-2 2.58073E-2 2.6049E-2 2.834E-2 2.72686E-2 3.29952E-2 3.77843E-2 4.20825E-2 6.24401E-2 9.5753E-2 7.23641E-2 3.88558E-2 4.09064E-2 4.25813E-2 3.24988E-2 2.33326E-2 2.20104E-2 1.91709E-2 1.76018E-2 1.44722E-2 1.3167E-2 1.3807E-2 1.46534E-2 1.50851E-2 1.42417E-2 1.31596E-2 1.27418E-2 1.33406E-2 1.38697E-2
4.5144E-2 4.45429E-2 4.64821E-2 5.19202E-2 5.58928E-2 5.72556E-2 6.80907E-2 6.12815E-2 5.76855E-2 5.52908E-2 5.46463E-2 5.36453E-2 4.83842E-2 4.84699E-2 4.96585E-2 4.61665E-2 4.54373E-2 4.31305E-2 3.98792E-2 3.98853E-2 3.74871E-2 3.43454E-2 2.70521E-2 2.54655E-2 2.61624E-2 2.61736E-2 2.40029E-2 2.67535E-2 2.47296E-2 2.58184E-2 2.65413E-2 2.58037E-2 2.49942E-2 2.65376E-2 3.14014E-2 3.93489E-2 4.89856E-2 5.39658E-2 5.64483E-2 5.41544E-2 5.79681E-2 9.8173E-2 9.72459E-2 7.25112E-2 4.84604E-2 5.34152E-2 4.97418E-2 2.12646E-2 1.99831E-2 1.74493E-2 1.80725E-2 1.50699E-2 1.2545E-2 1.37823E-2 1.50795E-2 1.52694E-2 1.51384E-2 1.43185E-2 1.36458E-2 1.54341E-2 1.57921E-2
4.52954E-2 4.36843E-2 4.83862E-2 6.73772E-2 6.88642E-2 7.06438E-2 6.43919E-2 6.11123E-2 5.35684E-2 5.75422E-2 5.55426E-2 5.78896E-2 5.21569E-2 4.92571E-2 4.86548E-2 4.61028E-2 4.66105E-2 3.96893E-2 3.72106E-2 3.28477E-2 3.33078E-2 3.08876E-2 2.87428E-2 2.64092E-2 2.39224E-2 2.73511E-2 2.84308E-2 2.52203E-2 2.26515E-2 2.56113E-2 2.52665E-2 2.46612E-2 2.43106E-2 2.98826E-2 2.81145E-2 4.10077E-2 4.74028E-2 6.12032E-2 6.68825E-2 5.94606E-2 6.57202E-2 8.67346E-2 9.79672E-2 9.91229E-2 6.99381E-2 7.77384E-2 3.97695E-2 3.31688E-2 2.00145E-2 1.72428E-2 1.68133E-2 1.3596E-2 1.26941E-2 1.27658E-2 1.35847E-2 1.46691E-2 1.42972E-2 1.53551E-2 1.36577E-2 1.59506E-2 1.60647E-2
6.43293E-2 4.51853E-2 5.7404E-2 6.51842E-2 8.1774E-2 7.26567E-2 6.18937E-2 5.86448E-2 5.78723E-2 5.83017E-2 5.69754E-2 5.65134E-2 5.41549E-2 5.13324E-2 5.09438E-2 4.8756E-2 4.6319E-2 4.64754E-2 3.60006E-2 3.32667E-2 3.36267E-2 3.26376E-2 2.90705E-2 2.55889E-2 2.77818E-2 3.0034E-2 2.60524E-2 2.29684E-2 2.43085E-2 2.71971E-2 2.62631E-2 2.53363E-2 2.44432E-2 3.20785E-2 3.43083E-2 6.53358E-2 6.24161E-2 7.9907E-2 8.00258E-2 7.99857E-2 5.96914E-2 5.17244E-2 7.7384E-2 1.02427E-1 1.12774E-1 9.29265E-2 5.56871E-2 3.67522E-2 2.02889E-2 1.82542E-2 1.64276E-2 1.54209E-2 1.40726E-2 1.27074E-2 1.38818E-2 1.56756E-2 1.38763E-2 1.34381E-2 1.38206E-2 1.54354E-2 1.65831E-2
6.76299E-2 5.60884E-2 7.16032E-2 8.49127E-2 7.05393E-2 6.79203E-2 6.50262E-2 6.01401E-2 5.92407E-2 5.45317E-2 5.86312E-2 5.77793E-2 5.45722E-2 4.59045E-2 5.28598E-2 5.04214E-2 4.5896E-2 4.60721E-2 3.45953E-2 3.39004E-2 3.66501E-2 2.88163E-2 2.83239E-2 2.66396E-2 3.10437E-2 2.8432E-2 2.38668E-2 2.44294E-2 2.20421E-2 2.76985E-2 2.74068E-2 2.67646E-2 2.48536E-2 3.88258E-2 4.86351E-2 5.28703E-2 6.46958E-2 8.47264E-2 9.5193E-2 7.42868E-2 5.5058E-2 4.52345E-2 5.96623E-2 8.41636E-2 1.04018E-1 9.00186E-2 5.98739E-2 4.76944E-2 2.15184E-2 1.75153E-2 1.67153E-2 1.67404E-2 1.73811E-2 1.56234E-2 1.59309E-2 1.6046E-2 1.45901E-2 1.3542E-2 1.34404E-2 1.26058E-2 1.32066E-2
6.89554E-2 7.24352E-2 6.97147E-2 7.60807E-2 6.76434E-2 6.78133E-2 6.60404E-2 5.56696E-2 5.89426E-2 5.91732E-2 5.84041E-2 5.18629E-2 5.18819E-2 4.62265E-2 4.95584E-2 4.8709E-2 4.78453E-2 4.6084E-2 3.68156E-2 3.78837E-2 3.22549E-2 2.92796E-2 2.79349E-2 2.75712E-2 2.83704E-2 2.52348E-2 2.4339E-2 2.29742E-2 2.72344E-2 2.75039E-2 2.52477E-2 2.58399E-2 2.32066E-2 3.5588E-2 4.97505E-2 6.43971E-2 7.12188E-2 7.84196E-2 7.89026E-2 7.05837E-2 5.23616E-2 5.02586E-2 5.70919E-2 7.36471E-2 7.77243E-2 9.23222E-2 5.38184E-2 5.63836E-2 2.84185E-2 1.8464E-2 1.54725E-2 1.75659E-2 2.03557E-2 1.55282E-2 1.18716E-2 9.94425E-3 8.22155E-3 1.09683E-2 1.11929E-2 1.14507E-2 1.23377E-2
1.05479E-1 9.39032E-2 8.9059E-2 7.187E-2 6.61327E-2 6.09717E-2 5.91716E-2 6.15196E-2 5.97226E-2 5.05091E-2 5.13845E-2 5.27203E-2 4.74848E-2 4.56134E-2 4.77907E-2 5.13947E-2 5.02536E-2 4.4338E-2 4.2078E-2 3.97687E-2 3.25419E-2 2.97238E-2 2.69962E-2 2.57157E-2 2.52413E-2 2.48056E-2 2.08095E-2 2.35982E-2 2.71797E-2 2.74778E-2 2.60521E-2 2.78659E-2 2.31196E-2 3.29053E-2 4.68649E-2 5.85224E-2 6.3732E-2 6.60712E-2 6.02357E-2 5.53276E-2 5.05742E-2 4.73476E-2 4.72029E-2 4.1643E-2 4.55158E-2 3.51008E-2 3.55291E-2 4.98496E-2 2.65739E-2 1.94473E-2 1.55203E-2 1.5484E-2 1.90387E-2 1.72489E-2 1.60388E-2 1.71535E-2 1.67971E-2 1.43574E-2 1.45563E-2 1.37204E-2 1.25765E-2
