maxent_outputs/bumblebees/bombus_251.asc
ncols         426
nrows         180
xllcorner     -130.0
yllcorner     24.0
cellsize      0.16666666666666666
NODATA_value  -9999
[rows 108 to 134 of 180, columns 183 to 243 of 426]
4.28762E-1 4.29725E-1 4.38415E-1 4.43843E-1 4.55287E-1 4.69023E-1 4.85159E-1 5.03311E-1 5.15528E-1 5.26897E-1 5.32643E-1 5.34866E-1 5.44504E-1 5.46917E-1 5.48086E-1 5.48287E-1 5.48963E-1 5.57476E-1 5.66767E-1 5.81874E-1 6.01824E-1 6.20896E-1 6.39765E-1 6.59166E-1 6.76501E-1 6.89916E-1 6.89212E-1 6.85915E-1 6.74274E-1 6.75918E-1 6.81451E-1 6.89768E-1 6.9161E-1 6.93613E-1 6.86297E-1 6.74787E-1 6.68041E-1 6.69877E-1 6.76501E-1 6.84868E-1 6.91205E-1 6.97478E-1 7.22415E-1 7.50163E-1 7.6442E-1 7.67273E-1 7.67561E-1 7.78036E-1 7.93019E-1 8.05133E-1 8.01003E-1 7.95236E-1 7.92635E-1 7.94045E-1 8.01005E-1 7.97383E-1 8.02766E-1 8.11274E-1 8.14023E-1 8.20302E-1 8.1463E-1
4.35502E-1 4.40423E-1 4.46086E-1 4.50537E-1 4.63553E-1 4.74397E-1 4.84915E-1 4.92915E-1 5.04231E-1 5.15586E-1 5.25287E-1 5.34185E-1 5.42436E-1 5.45361E-1 5.47946E-1 5.48875E-1 5.50684E-1 5.56157E-1 5.63676E-1 5.81781E-1 6.03719E-1 6.21832E-1 6.38729E-1 6.57437E-1 6.69016E-1 6.86303E-1 6.85384E-1 6.7774E-1 6.57934E-1 6.68295E-1 6.81376E-1 6.9087E-1 6.92895E-1 6.94111E-1 6.98322E-1 6.90359E-1 6.82501E-1 6.85001E-1 6.81458E-1 6.86079E-1 6.91283E-1 7.06234E-1 7.30662E-1 7.47168E-1 7.61976E-1 7.69427E-1 7.76725E-1 7.90471E-1 8.0443E-1 8.09618E-1 8.04629E-1 7.96429E-1 7.87662E-1 7.89316E-1 8.00539E-1 7.97235E-1 7.99668E-1 8.11567E-1 8.15978E-1 8.18283E-1 8.1593E-1
4.4923E-1 4.57222E-1 4.59743E-1 4.66056E-1 4.72223E-1 4.80053E-1 4.86018E-1 4.88842E-1 4.89807E-1 4.97228E-1 5.16567E-1 5.31779E-1 5.41114E-1 5.46301E-1 5.49974E-1 5.54211E-1 5.60469E-1 5.68221E-1 5.73797E-1 5.90731E-1 6.09993E-1 6.23776E-1 6.3484E-1 6.4587E-1 6.60545E-1 6.86282E-1 6.83787E-1 6.70562E-1 6.66378E-1 6.75406E-1 6.92908E-1 7.03031E-1 7.17331E-1 7.34756E-1 7.26896E-1 7.16755E-1 7.11022E-1 7.09384E-1 7.13275E-1 7.1384E-1 7.156E-1 7.32583E-1 7.54767E-1 7.7418E-1 7.80816E-1 7.78182E-1 7.81481E-1 7.94964E-1 8.12565E-1 8.0648E-1 8.11142E-1 8.0241E-1 7.96908E-1 7.95951E-1 8.00881E-1 8.00082E-1 8.00788E-1 8.13855E-1 8.14115E-1 8.17748E-1 8.18405E-1
4.49633E-1 4.63677E-1 4.7052E-1 4.7465E-1 4.73352E-1 4.74657E-1 4.8197E-1 4.89667E-1 4.97716E-1 5.10309E-1 5.20338E-1 5.3209E-1 5.43477E-1 5.51834E-1 5.56366E-1 5.64051E-1 5.70407E-1 5.79536E-1 5.89412E-1 5.97016E-1 6.08038E-1 6.16901E-1 6.29561E-1 6.39641E-1 6.56296E-1 6.79378E-1 6.86101E-1 6.83677E-1 6.81463E-1 6.92795E-1 7.14155E-1 7.25454E-1 7.31898E-1 7.46456E-1 7.54056E-1 7.47816E-1 7.35927E-1 7.3337E-1 7.38942E-1 7.44021E-1 7.45142E-1 7.54282E-1 7.65535E-1 7.79094E-1 7.90693E-1 7.96104E-1 8.0452E-1 8.07629E-1 8.16643E-1 8.21247E-1 8.12881E-1 7.99613E-1 8.0088E-1 8.04362E-1 8.07564E-1 8.08242E-1 8.08424E-1 8.03267E-1 8.08655E-1 8.14983E-1 8.19511E-1
4.54001E-1 4.66278E-1 4.74232E-1 4.77401E-1 4.72681E-1 4.69194E-1 4.81982E-1 4.97309E-1 5.08218E-1 5.22516E-1 5.31594E-1 5.4525E-1 5.56467E-1 5.63114E-1 5.67857E-1 5.76227E-1 5.88807E-1 5.99316E-1 6.06157E-1 6.10837E-1 6.12541E-1 6.15269E-1 6.26084E-1 6.46767E-1 6.55332E-1 6.71502E-1 6.74689E-1 6.76323E-1 6.90396E-1 7.06897E-1 7.19178E-1 7.22846E-1 7.28324E-1 7.41278E-1 7.4783E-1 7.42575E-1 7.3796E-1 7.41192E-1 7.497E-1 7.55394E-1 7.62248E-1 7.82109E-1 7.98466E-1 8.05254E-1 8.06325E-1 8.11783E-1 8.18146E-1 8.20396E-1 8.22923E-1 8.21687E-1 8.13083E-1 8.07502E-1 8.08338E-1 8.13034E-1 8.13109E-1 8.12176E-1 8.08612E-1 8.03496E-1 8.07378E-1 8.14905E-1 8.18519E-1
4.60119E-1 4.71906E-1 4.78231E-1 4.80375E-1 4.75115E-1 4.73041E-1 4.86135E-1 5.03352E-1 5.15872E-1 5.29091E-1 5.36609E-1 5.48616E-1 5.6007E-1 5.6576E-1 5.74761E-1 5.84354E-1 6.00021E-1 6.12674E-1 6.20762E-1 6.20083E-1 6.18044E-1 6.2133E-1 6.33116E-1 6.44688E-1 6.50428E-1 6.59826E-1 6.65503E-1 6.67628E-1 6.84442E-1 7.13516E-1 7.13143E-1 7.14513E-1 7.14571E-1 7.23284E-1 7.34761E-1 7.3775E-1 7.34271E-1 7.40844E-1 7.53855E-1 7.56281E-1 7.72209E-1 8.04897E-1 8.12859E-1 8.14495E-1 8.25195E-1 8.28888E-1 8.27333E-1 8.24444E-1 8.21051E-1 8.1614E-1 8.14646E-1 8.16339E-1 8.12789E-1 8.14147E-1 8.17156E-1 8.15461E-1 8.14365E-1 8.15569E-1 8.14529E-1 8.21513E-1 8.23756E-1
4.7458E-1 4.79101E-1 4.84788E-1 4.89095E-1 4.85224E-1 4.84339E-1 4.94372E-1 5.02908E-1 5.12576E-1 5.25828E-1 5.36628E-1 5.4893E-1 5.61345E-1 5.66659E-1 5.77875E-1 5.89638E-1 6.05255E-1 6.18542E-1 6.23911E-1 6.25798E-1 6.27101E-1 6.36576E-1 6.41307E-1 6.4614E-1 6.50779E-1 6.53247E-1 6.60697E-1 6.61426E-1 6.79942E-1 7.0047E-1 7.05522E-1 7.07488E-1 7.01781E-1 7.14929E-1 7.31687E-1 7.42385E-1 7.47508E-1 7.56709E-1 7.68559E-1 7.7682E-1 7.93571E-1 8.14912E-1 8.11793E-1 8.11099E-1 8.19421E-1 8.30465E-1 8.29734E-1 8.20704E-1 8.14405E-1 8.077E-1 8.07304E-1 8.12786E-1 8.13828E-1 8.1496E-1 8.15489E-1 8.20354E-1 8.16874E-1 8.19244E-1 8.24323E-1 8.31025E-1 8.29374E-1
4.80944E-1 4.845E-1 4.9325E-1 4.97266E-1 4.9699E-1 5.00668E-1 5.12057E-1 5.12026E-1 5.1109E-1 5.18857E-1 5.36217E-1 5.49479E-1 5.61041E-1 5.71354E-1 5.78844E-1 5.84512E-1 6.04243E-1 6.16183E-1 6.27742E-1 6.35465E-1 6.39688E-1 6.46432E-1 6.46186E-1 6.44667E-1 6.46832E-1 6.46033E-1 6.53118E-1 6.62656E-1 6.72246E-1 6.90209E-1 7.09416E-1 7.22546E-1 7.18857E-1 7.2804E-1 7.4388E-1 7.57663E-1 7.69513E-1 7.8162E-1 7.95558E-1 8.03312E-1 8.14297E-1 8.25866E-1 8.22395E-1 8.23761E-1 8.2646E-1 8.2887E-1 8.2428E-1 8.16523E-1 8.15505E-1 8.0964E-1 8.08876E-1 8.13285E-1 8.18234E-1 8.16268E-1 8.14038E-1 8.1759E-1 8.28571E-1 8.28866E-1 8.29975E-1 8.307E-1 8.3011E-1
4.94399E-1 4.95208E-1 5.01703E-1 5.08567E-1 5.16223E-1 5.23785E-1 5.30964E-1 5.29473E-1 5.26983E-1 5.2742E-1 5.4394E-1 5.55636E-1 5.64708E-1 5.76118E-1 5.80388E-1 5.75532E-1 5.88372E-1 6.08781E-1 6.29117E-1 6.43939E-1 6.53336E-1 6.49631E-1 6.49364E-1 6.43677E-1 6.44498E-1 6.47048E-1 6.57046E-1 6.63475E-1 6.79067E-1 6.99625E-1 7.23992E-1 7.43884E-1 7.53645E-1 7.58173E-1 7.70578E-1 7.74953E-1 7.9571E-1 8.10543E-1 8.131E-1 8.2438E-1 8.31784E-1 8.3879E-1 8.33166E-1 8.33057E-1 8.3185E-1 8.29423E-1 8.2972E-1 8.21193E-1 8.15722E-1 8.14706E-1 8.15205E-1 8.1831E-1 8.23094E-1 8.2606E-1 8.18697E-1 8.18928E-1 8.26851E-1 8.29101E-1 8.30207E-1 8.3286E-1 8.33076E-1
5.12358E-1 5.14097E-1 5.10097E-1 5.19195E-1 5.30473E-1 5.38897E-1 5.46998E-1 5.43075E-1 5.44833E-1 5.48398E-1 5.55386E-1 5.65505E-1 5.72228E-1 5.79522E-1 5.90829E-1 5.86113E-1 5.94439E-1 6.10618E-1 6.36433E-1 6.50971E-1 6.64645E-1 6.64813E-1 6.60038E-1 6.57246E-1 6.59478E-1 6.57038E-1 6.65868E-1 6.75336E-1 6.89348E-1 7.12499E-1 7.28009E-1 7.45729E-1 7.62035E-1 7.79427E-1 7.9144E-1 7.93777E-1 8.0101E-1 8.09925E-1 8.15996E-1 8.27398E-1 8.36249E-1 8.39474E-1 8.44106E-1 8.43265E-1 8.425E-1 8.39163E-1 8.32688E-1 8.24011E-1 8.14456E-1 8.09225E-1 8.0964E-1 8.12839E-1 8.22796E-1 8.2922E-1 8.26847E-1 8.24796E-1 8.26939E-1 8.26136E-1 8.327E-1 8.34425E-1 8.32606E-1
5.22918E-1 5.2819E-1 5.29434E-1 5.37457E-1 5.41564E-1 5.51482E-1 5.58372E-1 5.6006E-1 5.60374E-1 5.63448E-1 5.72503E-1 5.77746E-1 5.87284E-1 6.07095E-1 6.20322E-1 6.20382E-1 6.26577E-1 6.38808E-1 6.45363E-1 6.56714E-1 6.66021E-1 6.78609E-1 6.76282E-1 6.77897E-1 6.75364E-1 6.73204E-1 6.83021E-1 6.94256E-1 7.03019E-1 7.13604E-1 7.26275E-1 7.44495E-1 7.68833E-1 7.8901E-1 8.0545E-1 8.07425E-1 8.16504E-1 8.17454E-1 8.16684E-1 8.20019E-1 8.27554E-1 8.36246E-1 8.44941E-1 8.42817E-1 8.42769E-1 8.39429E-1 8.32438E-1 8.2567E-1 8.16897E-1 8.09163E-1 8.0819E-1 8.13962E-1 8.17681E-1 8.22608E-1 8.25697E-1 8.29632E-1 8.23884E-1 8.23001E-1 8.27037E-1 8.30645E-1 8.27488E-1
5.3172E-1 5.38319E-1 5.43779E-1 5.5033E-1 5.54997E-1 5.62901E-1 5.68194E-1 5.73776E-1 5.76135E-1 5.79576E-1 5.86404E-1 5.95694E-1 6.05139E-1 6.21521E-1 6.31947E-1 6.27092E-1 6.36483E-1 6.47639E-1 6.49651E-1 6.57517E-1 6.65078E-1 6.72258E-1 6.82121E-1 6.99973E-1 7.02707E-1 6.89762E-1 6.98706E-1 7.13421E-1 7.17574E-1 7.25011E-1 7.33599E-1 7.49592E-1 7.815E-1 8.01598E-1 8.16122E-1 8.23837E-1 8.24528E-1 8.25958E-1 8.18925E-1 8.2068E-1 8.28718E-1 8.37299E-1 8.43935E-1 8.45588E-1 8.44822E-1 8.41285E-1 8.36874E-1 8.28604E-1 8.21624E-1 8.11608E-1 8.1029E-1 8.14237E-1 8.18009E-1 8.21111E-1 8.21429E-1 8.24329E-1 8.23276E-1 8.22587E-1 8.238E-1 8.25088E-1 8.23102E-1
5.38063E-1 5.42979E-1 5.46628E-1 5.50332E-1 5.60569E-1 5.68676E-1 5.75128E-1 5.82861E-1 5.85452E-1 5.90338E-1 5.9781E-1 6.1357E-1 6.20134E-1 6.28512E-1 6.27071E-1 6.32636E-1 6.35167E-1 6.42784E-1 6.41278E-1 6.52504E-1 6.6011E-1 6.72652E-1 6.87737E-1 7.0632E-1 7.1363E-1 7.12055E-1 7.18683E-1 7.32522E-1 7.39412E-1 7.44254E-1 7.52309E-1 7.66332E-1 7.89571E-1 8.11473E-1 8.26659E-1 8.44412E-1 8.43241E-1 8.43908E-1 8.34898E-1 8.33084E-1 8.36735E-1 8.43589E-1 8.45068E-1 8.46842E-1 8.44944E-1 8.39103E-1 8.34803E-1 8.29404E-1 8.22211E-1 8.17501E-1 8.14994E-1 8.14535E-1 8.18214E-1 8.19108E-1 8.19631E-1 8.19812E-1 8.22169E-1 8.20169E-1 8.24745E-1 8.21979E-1 8.18805E-1
5.40145E-1 5.42217E-1 5.38083E-1 5.39655E-1 5.49514E-1 5.66603E-1 5.73269E-1 5.85256E-1 5.85966E-1 5.91111E-1 6.01995E-1 6.13325E-1 6.29774E-1 6.34634E-1 6.33565E-1 6.29913E-1 6.27597E-1 6.29506E-1 6.39225E-1 6.4937E-1 6.61018E-1 6.75422E-1 6.86734E-1 7.02481E-1 7.1672E-1 7.27124E-1 7.33913E-1 7.42804E-1 7.53635E-1 7.63017E-1 7.711E-1 7.85488E-1 8.03755E-1 8.21356E-1 8.38894E-1 8.53436E-1 8.49149E-1 8.53552E-1 8.49941E-1 8.47177E-1 8.47264E-1 8.44443E-1 8.4605E-1 8.43223E-1 8.41522E-1 8.37087E-1 8.34006E-1 8.29842E-1 8.21991E-1 8.18444E-1 8.17088E-1 8.19242E-1 8.2108E-1 8.21709E-1 8.22165E-1 8.23568E-1 8.25906E-1 8.2171E-1 8.23739E-1 8.2096E-1 8.17579E-1
5.33269E-1 5.3263E-1 5.31762E-1 5.41462E-1 5.51821E-1 5.57969E-1 5.6273E-1 5.69415E-1 5.74489E-1 5.85015E-1 5.95209E-1 6.15191E-1 6.28659E-1 6.29677E-1 6.28398E-1 6.20401E-1 6.16493E-1 6.21155E-1 6.34046E-1 6.48776E-1 6.63249E-1 6.75649E-1 6.90523E-1 7.06233E-1 7.23365E-1 7.3527E-1 7.49028E-1 7.5721E-1 7.67921E-1 7.83354E-1 7.94341E-1 8.01469E-1 8.07674E-1 8.22417E-1 8.47941E-1 8.5946E-1 8.57738E-1 8.58113E-1 8.57536E-1 8.53207E-1 8.48155E-1 8.44305E-1 8.44249E-1 8.43028E-1 8.40979E-1 8.3997E-1 8.34567E-1 8.34874E-1 8.27381E-1 8.23258E-1 8.18043E-1 8.18345E-1 8.18888E-1 8.23085E-1 8.29047E-1 8.29388E-1 8.33547E-1 8.27048E-1 8.24493E-1 8.18803E-1 8.13193E-1
5.39424E-1 5.34255E-1 5.35451E-1 5.39739E-1 5.46483E-1 5.48916E-1 5.54985E-1 5.60787E-1 5.67405E-1 5.75926E-1 5.93906E-1 6.09888E-1 6.14969E-1 6.20792E-1 6.24611E-1 6.14528E-1 6.0796E-1 6.21845E-1 6.39838E-1 6.58728E-1 6.75055E-1 6.8444E-1 6.97899E-1 7.13923E-1 7.3002E-1 7.44869E-1 7.5716E-1 7.67868E-1 7.81165E-1 7.99835E-1 8.11619E-1 8.19111E-1 8.14922E-1 8.17619E-1 8.50094E-1 8.62174E-1 8.58486E-1 8.55181E-1 8.58236E-1 8.49093E-1 8.48933E-1 8.485E-1 8.46639E-1 8.46143E-1 8.47074E-1 8.45045E-1 8.42581E-1 8.38768E-1 8.28997E-1 8.28161E-1 8.19121E-1 8.16492E-1 8.17654E-1 8.26161E-1 8.29299E-1 8.33522E-1 8.34565E-1 8.30866E-1 8.26829E-1 8.24618E-1 8.17764E-1
5.42304E-1 5.37432E-1 5.44812E-1 5.53954E-1 5.50798E-1 5.52995E-1 5.56852E-1 5.61344E-1 5.70077E-1 5.8325E-1 5.92796E-1 6.04694E-1 6.11513E-1 6.1889E-1 6.26701E-1 6.19131E-1 6.16847E-1 6.30661E-1 6.47346E-1 6.6689E-1 6.87753E-1 6.95466E-1 7.06574E-1 7.21472E-1 7.32428E-1 7.48797E-1 7.61713E-1 7.73971E-1 7.88992E-1 8.06621E-1 8.20366E-1 8.2757E-1 8.35279E-1 8.44473E-1 8.54459E-1 8.62465E-1 8.59228E-1 8.60136E-1 8.54356E-1 8.4219E-1 8.37432E-1 8.51682E-1 8.51044E-1 8.53189E-1 8.54132E-1 8.53965E-1 8.48195E-1 8.34422E-1 8.23797E-1 8.25753E-1 8.25185E-1 8.17597E-1 8.19668E-1 8.25122E-1 8.31021E-1 8.34943E-1 8.31876E-1 8.32194E-1 8.33115E-1 8.27856E-1 8.24513E-1
5.57534E-1 5.51909E-1 5.60058E-1 5.70264E-1 5.70167E-1 5.70008E-1 5.72812E-1 5.7637E-1 5.78525E-1 5.83894E-1 5.97453E-1 6.13048E-1 6.19368E-1 6.2717E-1 6.32556E-1 6.37629E-1 6.31789E-1 6.39783E-1 6.48933E-1 6.70374E-1 6.93572E-1 6.9915E-1 7.07119E-1 7.2057E-1 7.30748E-1 7.41305E-1 7.58945E-1 7.71328E-1 7.89959E-1 8.08818E-1 8.18338E-1 8.20929E-1 8.30435E-1 8.44948E-1 8.55464E-1 8.57817E-1 8.54811E-1 8.5406E-1 8.51465E-1 8.42671E-1 8.38992E-1 8.4805E-1 8.55155E-1 8.55866E-1 8.58038E-1 8.56789E-1 8.48038E-1 8.3596E-1 8.22183E-1 8.21723E-1 8.29437E-1 8.20459E-1 8.20647E-1 8.2451E-1 8.28354E-1 8.2616E-1 8.23087E-1 8.28791E-1 8.32415E-1 8.31265E-1 8.29312E-1
5.66887E-1 5.75797E-1 5.85167E-1 5.88371E-1 5.87839E-1 5.9181E-1 5.98748E-1 6.00201E-1 5.93176E-1 5.91004E-1 6.02165E-1 6.24636E-1 6.35615E-1 6.35146E-1 6.38387E-1 6.50886E-1 6.54327E-1 6.55939E-1 6.57393E-1 6.76535E-1 6.92791E-1 6.97287E-1 6.97285E-1 7.15409E-1 7.28216E-1 7.3953E-1 7.54239E-1 7.70439E-1 7.92765E-1 8.0702E-1 8.17248E-1 8.30789E-1 8.38374E-1 8.46975E-1 8.52826E-1 8.56643E-1 8.55796E-1 8.53455E-1 8.50905E-1 8.49471E-1 8.44401E-1 8.48815E-1 8.53035E-1 8.55719E-1 8.56214E-1 8.51918E-1 8.4551E-1 8.37025E-1 8.26216E-1 8.27971E-1 8.29185E-1 8.20299E-1 8.21758E-1 8.23534E-1 8.22366E-1 8.23263E-1 8.23475E-1 8.2867E-1 8.3063E-1 8.31391E-1 8.30799E-1
5.70637E-1 5.78495E-1 5.9039E-1 6.00319E-1 5.93622E-1 5.96175E-1 6.07857E-1 6.09629E-1 6.03054E-1 6.0031E-1 6.05313E-1 6.21711E-1 6.43704E-1 6.4266E-1 6.43534E-1 6.56495E-1 6.67938E-1 6.70178E-1 6.7852E-1 6.8535E-1 6.94349E-1 6.96974E-1 6.96953E-1 7.09265E-1 7.22932E-1 7.39813E-1 7.61305E-1 7.84099E-1 8.00527E-1 8.17193E-1 8.24534E-1 8.3337E-1 8.46473E-1 8.53586E-1 8.55675E-1 8.54219E-1 8.50025E-1 8.47091E-1 8.45923E-1 8.44223E-1 8.42193E-1 8.45829E-1 8.54767E-1 8.50948E-1 8.52195E-1 8.52743E-1 8.44566E-1 8.3703E-1 8.3053E-1 8.32572E-1 8.32533E-1 8.27319E-1 8.23858E-1 8.23611E-1 8.24063E-1 8.23918E-1 8.29713E-1 8.30122E-1 8.34863E-1 8.35216E-1 8.32917E-1
5.79736E-1 5.9049E-1 5.98505E-1 5.9631E-1 5.88266E-1 5.95423E-1 6.10353E-1 6.09086E-1 6.0034E-1 6.02848E-1 6.02286E-1 6.05792E-1 6.19671E-1 6.26996E-1 6.39935E-1 6.51222E-1 6.64552E-1 6.77932E-1 6.88675E-1 6.95204E-1 6.98324E-1 6.95882E-1 6.97569E-1 7.1126E-1 7.27716E-1 7.42943E-1 7.6357E-1 7.87158E-1 8.06575E-1 8.17746E-1 8.2751E-1 8.33375E-1 8.35813E-1 8.41354E-1 8.42167E-1 8.37612E-1 8.35056E-1 8.39021E-1 8.39206E-1 8.38996E-1 8.37029E-1 8.42304E-1 8.53289E-1 8.52845E-1 8.43478E-1 8.51389E-1 8.45992E-1 8.35138E-1 8.33057E-1 8.31355E-1 8.30172E-1 8.2845E-1 8.27436E-1 8.2429E-1 8.27356E-1 8.30164E-1 8.33693E-1 8.39006E-1 8.37387E-1 8.38994E-1 8.37065E-1
5.81014E-1 6.01313E-1 5.94082E-1 5.83675E-1 5.81527E-1 5.87667E-1 5.95529E-1 5.90432E-1 5.9332E-1 5.90583E-1 5.96431E-1 5.97474E-1 6.0251E-1 6.1367E-1 6.33841E-1 6.4871E-1 6.59809E-1 6.73668E-1 6.92331E-1 7.04954E-1 7.09099E-1 7.01727E-1 7.05463E-1 7.17787E-1 7.31138E-1 7.46294E-1 7.64362E-1 7.83789E-1 8.0397E-1 8.18236E-1 8.24927E-1 8.2547E-1 8.25354E-1 8.26248E-1 8.24574E-1 8.15063E-1 8.17452E-1 8.28074E-1 8.35073E-1 8.36982E-1 8.37863E-1 8.44786E-1 8.52529E-1 8.53409E-1 8.46255E-1 8.55603E-1 8.51087E-1 8.41333E-1 8.38122E-1 8.34983E-1 8.31957E-1 8.33622E-1 8.27505E-1 8.29463E-1 8.31331E-1 8.40071E-1 8.48229E-1 8.40355E-1 8.42492E-1 8.45948E-1 8.45356E-1
5.79627E-1 5.88497E-1 5.82506E-1 5.77359E-1 5.81127E-1 5.81044E-1 5.79882E-1 5.79494E-1 5.88394E-1 5.91492E-1 5.92993E-1 5.96391E-1 6.05897E-1 6.17769E-1 6.31966E-1 6.45942E-1 6.52743E-1 6.71216E-1 6.96414E-1 7.12605E-1 7.18971E-1 7.17015E-1 7.23102E-1 7.31898E-1 7.45074E-1 7.53402E-1 7.6638E-1 7.77728E-1 7.96148E-1 8.12921E-1 8.18146E-1 8.2225E-1 8.17898E-1 8.12502E-1 8.05535E-1 8.0541E-1 8.12529E-1 8.20865E-1 8.3326E-1 8.42205E-1 8.50193E-1 8.55171E-1 8.59434E-1 8.59023E-1 8.59157E-1 8.62229E-1 8.58984E-1 8.47423E-1 8.42005E-1 8.35704E-1 8.35491E-1 8.36565E-1 8.33572E-1 8.33381E-1 8.3687E-1 8.46492E-1 8.46043E-1 8.44218E-1 8.45084E-1 8.52943E-1 8.50169E-1
5.76278E-1 5.79278E-1 5.80638E-1 5.76034E-1 5.82824E-1 5.89679E-1 5.8784E-1 5.87561E-1 5.96204E-1 5.9735E-1 5.97469E-1 6.08754E-1 6.27556E-1 6.32091E-1 6.36733E-1 6.40749E-1 6.43678E-1 6.71897E-1 7.03746E-1 7.15029E-1 7.25931E-1 7.33968E-1 7.3929E-1 7.44738E-1 7.53776E-1 7.58033E-1 7.64625E-1 7.76946E-1 7.91258E-1 8.01518E-1 8.13744E-1 8.17184E-1 8.13669E-1 8.0623E-1 7.9568E-1 7.99274E-1 8.11168E-1 8.23186E-1 8.34411E-1 8.50174E-1 8.59228E-1 8.61061E-1 8.60848E-1 8.59199E-1 8.62733E-1 8.65817E-1 8.6319E-1 8.53374E-1 8.46067E-1 8.4138E-1 8.42731E-1 8.41539E-1 8.41857E-1 8.44796E-1 8.48918E-1 8.52869E-1 8.50038E-1 8.45142E-1 8.50093E-1 8.51544E-1 8.4734E-1
5.70235E-1 5.80804E-1 5.87667E-1 5.83705E-1 5.88727E-1 5.97174E-1 6.02714E-1 6.03923E-1 6.07431E-1 6.11386E-1 6.15822E-1 6.27163E-1 6.46586E-1 6.50093E-1 6.48197E-1 6.43971E-1 6.44127E-1 6.72494E-1 7.04574E-1 7.18352E-1 7.31502E-1 7.45906E-1 7.50307E-1 7.56611E-1 7.62718E-1 7.66405E-1 7.67676E-1 7.75344E-1 7.87386E-1 7.97793E-1 8.07827E-1 8.13411E-1 8.12514E-1 8.09468E-1 7.98283E-1 8.05148E-1 8.17002E-1 8.29109E-1 8.42E-1 8.47526E-1 8.53465E-1 8.59199E-1 8.61401E-1 8.61431E-1 8.61821E-1 8.68405E-1 8.75778E-1 8.64888E-1 8.54814E-1 8.49834E-1 8.5216E-1 8.52911E-1 8.5375E-1 8.57572E-1 8.63052E-1 8.59774E-1 8.57968E-1 8.52731E-1 8.49348E-1 8.44854E-1 8.45311E-1
5.6335E-1 5.76882E-1 5.84274E-1 5.91665E-1 5.94318E-1 5.99881E-1 6.06762E-1 6.11204E-1 6.16993E-1 6.24472E-1 6.34115E-1 6.4864E-1 6.55708E-1 6.61934E-1 6.60764E-1 6.5543E-1 6.62354E-1 6.86717E-1 7.09703E-1 7.23844E-1 7.33599E-1 7.57635E-1 7.64177E-1 7.69853E-1 7.73082E-1 7.75819E-1 7.75267E-1 7.82501E-1 7.89852E-1 7.99653E-1 8.08103E-1 8.14168E-1 8.16379E-1 8.15947E-1 8.16558E-1 8.20807E-1 8.33687E-1 8.35372E-1 8.40747E-1 8.4689E-1 8.54219E-1 8.63794E-1 8.65198E-1 8.61116E-1 8.66665E-1 8.71068E-1 8.79506E-1 8.78075E-1 8.71881E-1 8.64768E-1 8.61054E-1 8.62913E-1 8.6387E-1 8.64788E-1 8.66372E-1 8.63875E-1 8.62208E-1 8.58427E-1 8.55652E-1 8.51847E-1 8.53047E-1
5.70513E-1 5.76814E-1 5.86187E-1 5.94901E-1 6.03014E-1 6.02756E-1 6.00158E-1 6.11762E-1 6.21003E-1 6.35485E-1 6.43124E-1 6.53968E-1 6.60642E-1 6.73078E-1 6.73641E-1 6.66526E-1 6.73804E-1 6.93443E-1 7.14943E-1 7.28937E-1 7.51703E-1 7.66296E-1 7.75832E-1 7.78561E-1 7.79041E-1 7.85365E-1 7.85718E-1 7.88898E-1 7.97631E-1 8.04085E-1 8.14372E-1 8.21894E-1 8.22237E-1 8.26121E-1 8.3965E-1 8.40302E-1 8.38873E-1 8.39015E-1 8.42939E-1 8.52613E-1 8.62489E-1 8.72119E-1 8.75867E-1 8.71705E-1 8.74163E-1 8.77241E-1 8.85858E-1 8.91033E-1 8.86875E-1 8.78973E-1 8.72541E-1 8.66833E-1 8.68595E-1 8.6718E-1 8.68329E-1 8.71747E-1 8.70207E-1 8.68332E-1 8.69209E-1 8.69017E-1 8.67303E-1
