maxent_outputs/bumblebees/bombus_307.asc
ncols         426
nrows         180
xllcorner     -130.0
yllcorner     24.0
cellsize      0.16666666666666666
NODATA_value  -9999
[rows 108 to 134 of 180, columns 244 to 304 of 426]
7.50647E-1 7.56666E-1 7.39528E-1 7.35186E-1 7.41317E-1 7.48586E-1 7.33194E-1 7.20303E-1 7.25889E-1 6.96143E-1 6.77278E-1 6.81346E-1 6.78731E-1 6.69048E-1 6.74039E-1 6.7488E-1 6.96903E-1 7.36513E-1 7.31898E-1 7.18501E-1 6.86898E-1 6.8297E-1 6.77612E-1 6.48348E-1 5.65553E-1 5.58767E-1 5.51915E-1 5.82389E-1 6.67538E-1 6.6241E-1 6.39445E-1 6.37801E-1 6.32955E-1 5.95105E-1 5.86365E-1 5.63999E-1 5.00447E-1 4.65762E-1 4.18906E-1 3.87211E-1 3.29293E-1 3.46904E-1 3.88749E-1 3.94544E-1 4.39322E-1 6.55256E-1 7.03112E-1 6.96439E-1 7.15399E-1 7.13205E-1 7.22409E-1 7.22762E-1 7.31262E-1 7.4585E-1 7.50012E-1 7.36466E-1 7.33419E-1 7.38738E-1 7.50659E-1 7.6945E-1 7.87876E-1
7.44374E-1 7.48503E-1 7.55424E-1 7.45485E-1 7.33473E-1 7.25531E-1 7.35545E-1 7.23753E-1 7.0335E-1 6.84761E-1 6.83592E-1 6.86955E-1 7.05543E-1 7.02583E-1 6.98947E-1 6.95494E-1 7.19397E-1 7.41618E-1 7.34424E-1 7.0962E-1 6.83762E-1 6.77372E-1 6.70282E-1 6.16978E-1 5.75704E-1 5.92038E-1 5.87674E-1 7.10143E-1 6.91131E-1 6.67823E-1 6.62421E-1 6.37289E-1 6.17871E-1 5.47563E-1 5.05822E-1 4.55145E-1 3.42575E-1 3.43841E-1 3.0838E-1 3.8816E-1 4.22065E-1 3.60536E-1 3.35269E-1 5.92736E-1 6.98204E-1 7.50191E-1 7.45691E-1 7.54501E-1 7.51619E-1 7.45224E-1 7.46507E-1 7.391E-1 7.47572E-1 7.70467E-1 7.86486E-1 7.63621E-1 7.65396E-1 7.57562E-1 7.61373E-1 7.79016E-1 7.97462E-1
7.40706E-1 7.48216E-1 7.5226E-1 7.38377E-1 7.24608E-1 7.19449E-1 7.4427E-1 7.34428E-1 7.13715E-1 6.8215E-1 6.70855E-1 6.80392E-1 7.15025E-1 7.26384E-1 7.20865E-1 7.24739E-1 7.27674E-1 7.24335E-1 7.13985E-1 7.0852E-1 6.9324E-1 6.69028E-1 6.00083E-1 5.65759E-1 6.1363E-1 5.80987E-1 6.73946E-1 7.10849E-1 6.7571E-1 6.60792E-1 6.79141E-1 6.39285E-1 5.04665E-1 3.96937E-1 3.14702E-1 2.85908E-1 3.03039E-1 3.10874E-1 3.41659E-1 4.10224E-1 4.82257E-1 4.72747E-1 5.5053E-1 6.99387E-1 7.455E-1 7.12947E-1 7.33177E-1 7.4214E-1 7.47897E-1 7.42407E-1 7.70364E-1 7.49073E-1 7.62672E-1 7.73624E-1 7.93348E-1 7.75108E-1 7.72767E-1 7.63956E-1 7.84978E-1 7.91881E-1 8.16036E-1
7.42333E-1 7.46189E-1 7.47076E-1 7.30534E-1 7.16308E-1 7.21476E-1 7.41599E-1 7.53588E-1 7.31589E-1 6.99607E-1 6.89448E-1 6.85206E-1 6.95665E-1 6.93141E-1 6.84411E-1 6.78007E-1 6.88013E-1 6.95537E-1 6.89887E-1 7.00762E-1 6.80049E-1 6.07985E-1 5.84737E-1 6.09257E-1 5.93341E-1 6.67344E-1 7.18937E-1 7.10991E-1 7.00486E-1 6.7068E-1 6.37201E-1 4.71267E-1 4.53146E-1 4.42728E-1 4.71233E-1 4.42531E-1 4.18324E-1 3.48321E-1 3.57994E-1 4.38815E-1 5.51667E-1 5.66974E-1 6.70245E-1 7.89988E-1 7.84739E-1 7.57799E-1 7.59524E-1 7.51344E-1 7.45044E-1 7.50793E-1 7.67444E-1 7.69472E-1 7.73176E-1 7.74248E-1 7.85178E-1 8.02403E-1 7.76037E-1 7.71916E-1 7.89268E-1 8.07152E-1 8.05314E-1
7.40053E-1 7.32418E-1 7.5084E-1 7.19966E-1 6.98551E-1 7.25996E-1 7.49415E-1 7.28525E-1 7.1321E-1 6.89336E-1 6.91752E-1 6.98933E-1 6.94966E-1 7.06489E-1 6.87145E-1 6.73976E-1 6.83318E-1 6.85181E-1 6.88625E-1 7.02027E-1 6.6572E-1 6.21745E-1 6.14931E-1 6.33753E-1 6.26192E-1 7.17495E-1 7.1438E-1 7.20886E-1 6.95315E-1 6.15383E-1 5.14594E-1 4.09073E-1 4.11134E-1 4.21868E-1 4.10793E-1 5.04312E-1 4.66057E-1 4.74653E-1 4.80201E-1 6.11827E-1 6.18023E-1 6.48327E-1 7.4688E-1 7.93703E-1 7.85974E-1 7.82497E-1 7.73334E-1 7.58503E-1 7.47114E-1 7.6743E-1 7.72079E-1 7.74986E-1 7.69943E-1 7.7639E-1 7.90346E-1 7.95736E-1 7.88091E-1 7.66399E-1 7.74024E-1 7.93055E-1 8.10015E-1
7.41388E-1 7.32323E-1 7.47509E-1 7.26229E-1 7.14033E-1 7.20962E-1 7.46162E-1 7.13516E-1 6.9741E-1 6.84549E-1 7.07873E-1 7.03743E-1 7.01579E-1 7.09445E-1 7.10463E-1 6.87722E-1 6.81489E-1 6.85131E-1 6.80212E-1 6.44861E-1 6.50156E-1 6.81903E-1 7.09196E-1 6.59806E-1 7.27471E-1 7.15408E-1 7.13148E-1 7.19998E-1 6.39378E-1 5.53699E-1 5.28201E-1 5.37894E-1 5.16927E-1 4.77077E-1 4.20137E-1 5.5084E-1 5.24092E-1 5.67121E-1 7.1474E-1 7.14086E-1 7.81031E-1 8.06921E-1 7.93202E-1 7.89328E-1 7.87036E-1 7.78849E-1 7.83356E-1 7.69916E-1 7.64193E-1 7.83258E-1 7.83775E-1 7.72299E-1 7.70816E-1 7.75754E-1 7.74504E-1 7.84165E-1 7.83053E-1 7.64178E-1 7.67977E-1 7.85021E-1 8.02956E-1
7.62695E-1 7.35914E-1 7.43811E-1 7.32878E-1 7.35136E-1 7.25901E-1 7.41629E-1 7.38696E-1 7.27379E-1 7.22742E-1 7.24927E-1 7.24592E-1 7.20925E-1 7.19947E-1 7.05675E-1 6.90325E-1 7.01574E-1 6.81296E-1 6.50101E-1 6.43007E-1 7.07755E-1 7.31128E-1 6.60565E-1 6.69767E-1 7.18578E-1 7.14081E-1 7.33428E-1 7.14666E-1 5.0587E-1 5.438E-1 5.52232E-1 5.4325E-1 5.32961E-1 5.48624E-1 5.70573E-1 6.5522E-1 7.32804E-1 7.89876E-1 8.62794E-1 8.42919E-1 8.33091E-1 8.23772E-1 8.07372E-1 8.01832E-1 8.0214E-1 7.97445E-1 7.95218E-1 7.94038E-1 7.84563E-1 7.89837E-1 7.94233E-1 7.83297E-1 7.70152E-1 7.77523E-1 7.81005E-1 7.64262E-1 7.78252E-1 7.72205E-1 7.69928E-1 7.90017E-1 8.05696E-1
7.71197E-1 7.52916E-1 7.46145E-1 7.42602E-1 7.50788E-1 7.38687E-1 7.38613E-1 7.39774E-1 7.44198E-1 7.52273E-1 7.42343E-1 7.45027E-1 7.55312E-1 7.46329E-1 7.31409E-1 7.2882E-1 7.1973E-1 7.03871E-1 6.73462E-1 7.02929E-1 7.34602E-1 6.4844E-1 6.41861E-1 6.45716E-1 7.04762E-1 7.06993E-1 7.58172E-1 7.24067E-1 6.25471E-1 5.98709E-1 5.28098E-1 5.07069E-1 5.36004E-1 6.05718E-1 7.15231E-1 7.87775E-1 8.41013E-1 8.52478E-1 8.70486E-1 8.45156E-1 8.32063E-1 8.18261E-1 8.06858E-1 8.04379E-1 8.0413E-1 8.02708E-1 7.91958E-1 8.02985E-1 7.99525E-1 8.00054E-1 7.99371E-1 7.97758E-1 7.90093E-1 7.93065E-1 7.92374E-1 7.95292E-1 8.00319E-1 7.92059E-1 7.94183E-1 7.97603E-1 8.12536E-1
7.78427E-1 7.64308E-1 7.55493E-1 7.46269E-1 7.65881E-1 7.72665E-1 7.61296E-1 7.42767E-1 7.28723E-1 7.16488E-1 7.37495E-1 7.43061E-1 7.43257E-1 7.45326E-1 7.56848E-1 7.35204E-1 7.20118E-1 7.16091E-1 7.02336E-1 7.31315E-1 6.51031E-1 6.27688E-1 6.15829E-1 6.51369E-1 7.07581E-1 7.06633E-1 7.41214E-1 7.40681E-1 7.0829E-1 6.38492E-1 5.87874E-1 6.71545E-1 7.37463E-1 7.5933E-1 7.99264E-1 8.30342E-1 8.65182E-1 8.72466E-1 8.57418E-1 8.43536E-1 8.22504E-1 8.17687E-1 8.14214E-1 8.08427E-1 8.08277E-1 8.11785E-1 8.05822E-1 8.07507E-1 7.99906E-1 8.03045E-1 8.05559E-1 7.99287E-1 8.1616E-1 8.15968E-1 8.06536E-1 8.11853E-1 8.21352E-1 8.2521E-1 8.15715E-1 8.25896E-1 8.24531E-1
7.65781E-1 7.73615E-1 7.56856E-1 7.72951E-1 7.79753E-1 7.91443E-1 7.73733E-1 7.48107E-1 7.18511E-1 6.98827E-1 7.01468E-1 7.31089E-1 7.36149E-1 7.45337E-1 7.35601E-1 7.13857E-1 6.75791E-1 6.75298E-1 7.04836E-1 6.45499E-1 6.26643E-1 6.4323E-1 6.49815E-1 7.09624E-1 7.14422E-1 7.28807E-1 7.0845E-1 7.08796E-1 6.93139E-1 7.08772E-1 7.12333E-1 7.55492E-1 7.83328E-1 8.02477E-1 8.22186E-1 8.33602E-1 8.35236E-1 8.35622E-1 8.59437E-1 8.48919E-1 8.24546E-1 8.1073E-1 8.18001E-1 8.20155E-1 8.20178E-1 8.1398E-1 8.11734E-1 8.11819E-1 8.06355E-1 8.08587E-1 8.2145E-1 8.26656E-1 8.27257E-1 8.25729E-1 8.22103E-1 8.21547E-1 8.30442E-1 8.38973E-1 8.34156E-1 8.40414E-1 8.35157E-1
7.43599E-1 7.54019E-1 7.64982E-1 7.78034E-1 7.92497E-1 8.00932E-1 7.87541E-1 7.51267E-1 7.18162E-1 7.07743E-1 7.12129E-1 7.30608E-1 7.32457E-1 7.21767E-1 7.04323E-1 6.99652E-1 6.78355E-1 6.64548E-1 6.32358E-1 6.12654E-1 6.46983E-1 6.77309E-1 7.39448E-1 7.23796E-1 7.37126E-1 7.25501E-1 7.01172E-1 6.97284E-1 7.19748E-1 7.41057E-1 7.45982E-1 7.71065E-1 8.03348E-1 8.19454E-1 8.17302E-1 8.17309E-1 8.06376E-1 7.95707E-1 8.14674E-1 8.4532E-1 8.32289E-1 8.26749E-1 8.23335E-1 8.36108E-1 8.41573E-1 8.32166E-1 8.05657E-1 8.09294E-1 8.22878E-1 8.17994E-1 8.13772E-1 8.23666E-1 8.32674E-1 8.29872E-1 8.33903E-1 8.37033E-1 8.3488E-1 8.32209E-1 8.34495E-1 8.42336E-1 8.40649E-1
7.45622E-1 7.57911E-1 7.59464E-1 7.75398E-1 7.94016E-1 7.99744E-1 7.90008E-1 7.6588E-1 7.40262E-1 7.32821E-1 7.34314E-1 7.39736E-1 7.52259E-1 7.57939E-1 7.42381E-1 7.39394E-1 6.9916E-1 6.55108E-1 6.16469E-1 6.51153E-1 6.83027E-1 7.2112E-1 7.25124E-1 6.99628E-1 6.95207E-1 7.03449E-1 7.10148E-1 7.20219E-1 7.42448E-1 7.55699E-1 7.71736E-1 7.84047E-1 7.97213E-1 7.98363E-1 7.98961E-1 8.00177E-1 7.99358E-1 8.0241E-1 8.11979E-1 8.30791E-1 8.39776E-1 8.44717E-1 8.32704E-1 8.22968E-1 8.17623E-1 8.26299E-1 8.2371E-1 8.32524E-1 8.34455E-1 8.33481E-1 8.2291E-1 8.26701E-1 8.40598E-1 8.30611E-1 8.37483E-1 8.23374E-1 8.15725E-1 8.083E-1 8.25615E-1 8.43725E-1 8.41591E-1
7.53597E-1 7.61998E-1 7.68323E-1 7.79676E-1 7.92206E-1 7.94225E-1 7.95398E-1 7.7713E-1 7.55206E-1 7.55002E-1 7.53012E-1 7.7002E-1 7.67601E-1 7.65428E-1 7.58852E-1 7.46661E-1 7.2161E-1 6.49925E-1 6.59705E-1 6.99049E-1 7.00445E-1 6.90269E-1 6.89769E-1 6.56927E-1 6.63637E-1 6.61424E-1 6.80059E-1 7.04727E-1 7.21288E-1 7.67928E-1 7.88153E-1 8.0592E-1 8.00004E-1 7.77644E-1 7.83992E-1 8.03143E-1 7.79449E-1 7.8569E-1 8.07734E-1 8.25325E-1 8.54111E-1 8.53056E-1 8.20247E-1 8.05616E-1 7.97766E-1 8.03247E-1 8.08313E-1 8.04314E-1 8.16121E-1 8.37768E-1 8.40049E-1 8.29674E-1 8.40455E-1 8.28029E-1 8.25498E-1 8.16988E-1 8.15875E-1 8.16702E-1 8.27454E-1 8.46058E-1 8.42475E-1
7.61449E-1 7.6048E-1 7.79589E-1 7.97651E-1 8.00563E-1 8.15574E-1 8.10037E-1 7.89962E-1 7.67468E-1 7.71152E-1 7.65429E-1 7.79516E-1 7.85051E-1 7.691E-1 7.51551E-1 7.51953E-1 6.90034E-1 6.97404E-1 7.0679E-1 7.1242E-1 6.9791E-1 6.79598E-1 6.58435E-1 6.64911E-1 6.57856E-1 6.53773E-1 6.7731E-1 6.92352E-1 7.35042E-1 7.68959E-1 7.88235E-1 7.98838E-1 7.96359E-1 7.84038E-1 7.77066E-1 7.77402E-1 7.72318E-1 7.66302E-1 7.96791E-1 8.28404E-1 8.31239E-1 8.29769E-1 8.3509E-1 7.97677E-1 7.794E-1 7.89179E-1 8.01946E-1 8.07868E-1 8.15009E-1 8.18085E-1 8.34193E-1 8.35394E-1 8.3255E-1 8.15949E-1 8.14761E-1 8.14493E-1 8.23737E-1 8.29785E-1 8.4002E-1 8.45265E-1 8.54792E-1
7.54178E-1 7.68262E-1 8.03164E-1 8.24979E-1 8.3528E-1 8.51014E-1 8.31815E-1 7.97757E-1 7.77341E-1 7.86711E-1 7.96319E-1 7.89229E-1 7.94682E-1 7.6046E-1 7.50303E-1 7.63508E-1 7.26311E-1 7.29192E-1 7.56287E-1 7.3549E-1 6.9531E-1 6.79063E-1 6.81737E-1 6.73831E-1 6.7359E-1 6.83069E-1 6.86423E-1 7.12559E-1 7.21167E-1 7.53822E-1 7.7163E-1 7.82375E-1 7.93207E-1 7.78293E-1 7.74553E-1 7.73208E-1 7.68677E-1 7.46739E-1 7.81458E-1 8.15119E-1 8.2639E-1 8.17248E-1 8.09463E-1 8.08394E-1 7.89021E-1 7.96932E-1 8.00948E-1 8.10311E-1 8.20097E-1 8.25937E-1 8.29162E-1 8.17572E-1 8.16354E-1 8.27691E-1 8.16924E-1 8.09094E-1 8.19459E-1 8.31117E-1 8.47686E-1 8.59155E-1 8.54499E-1
7.69526E-1 7.82267E-1 8.19641E-1 8.39093E-1 8.41219E-1 8.56982E-1 8.15554E-1 7.92713E-1 7.91712E-1 8.07287E-1 8.30058E-1 8.03178E-1 7.6738E-1 7.4683E-1 7.43464E-1 7.59176E-1 7.3663E-1 7.63249E-1 7.68386E-1 7.49578E-1 6.87827E-1 6.58536E-1 6.94485E-1 6.86425E-1 6.76916E-1 7.01171E-1 7.16821E-1 7.06637E-1 7.1771E-1 7.37331E-1 7.40946E-1 7.55852E-1 7.76208E-1 7.72956E-1 7.68247E-1 7.7237E-1 7.76715E-1 7.59891E-1 7.62182E-1 7.91733E-1 8.05049E-1 8.01491E-1 7.95474E-1 8.10441E-1 8.19251E-1 7.96757E-1 7.99729E-1 8.03286E-1 8.18334E-1 8.24896E-1 8.21436E-1 8.07415E-1 7.93592E-1 7.98624E-1 8.34956E-1 8.28712E-1 8.22424E-1 8.36915E-1 8.58732E-1 8.543E-1 8.55313E-1
7.7536E-1 7.91357E-1 8.24168E-1 8.29528E-1 8.17832E-1 8.18202E-1 8.03068E-1 7.95428E-1 8.11314E-1 8.37761E-1 8.67938E-1 8.17724E-1 7.45499E-1 7.43341E-1 7.31727E-1 7.28062E-1 7.44854E-1 7.62133E-1 7.6707E-1 7.08213E-1 6.85773E-1 7.01598E-1 7.19521E-1 6.80209E-1 6.89414E-1 7.27092E-1 7.21678E-1 7.03051E-1 7.18835E-1 7.25616E-1 7.23303E-1 7.37286E-1 7.55454E-1 7.68957E-1 7.74705E-1 7.93066E-1 7.9905E-1 7.73215E-1 7.68065E-1 7.86332E-1 8.0727E-1 8.00618E-1 8.00217E-1 7.97086E-1 8.08592E-1 8.11563E-1 8.05772E-1 8.09971E-1 8.12484E-1 8.18866E-1 8.08931E-1 7.88361E-1 7.90894E-1 7.96507E-1 7.99241E-1 8.41808E-1 8.23332E-1 8.45835E-1 8.69703E-1 8.60202E-1 8.6456E-1
7.91996E-1 7.93297E-1 8.06351E-1 8.18257E-1 8.18384E-1 8.11603E-1 8.13427E-1 8.1875E-1 8.22888E-1 8.50626E-1 8.65977E-1 8.24936E-1 7.87509E-1 7.7104E-1 7.34532E-1 7.11605E-1 7.41458E-1 7.47367E-1 7.17221E-1 7.03853E-1 7.17277E-1 7.09903E-1 7.2272E-1 7.09993E-1 7.29816E-1 7.51911E-1 7.21455E-1 7.04129E-1 7.21174E-1 7.13184E-1 7.02786E-1 7.11679E-1 7.48746E-1 7.8882E-1 7.75808E-1 7.96454E-1 8.262E-1 7.90668E-1 7.78185E-1 7.77413E-1 8.04126E-1 8.17463E-1 8.05118E-1 8.04819E-1 8.0159E-1 8.08031E-1 8.13532E-1 8.07372E-1 8.08471E-1 8.07498E-1 7.99445E-1 7.94113E-1 7.99745E-1 8.03837E-1 8.15055E-1 8.19147E-1 8.31645E-1 8.5211E-1 8.7036E-1 8.74438E-1 8.69122E-1
8.2037E-1 8.15381E-1 8.11101E-1 7.8995E-1 8.10727E-1 8.21883E-1 8.35943E-1 8.37991E-1 8.40186E-1 8.65811E-1 8.44817E-1 8.21369E-1 8.16318E-1 7.83851E-1 7.42366E-1 7.25209E-1 7.45623E-1 7.53661E-1 7.30161E-1 7.07446E-1 7.32639E-1 7.22046E-1 7.21525E-1 7.19208E-1 7.49701E-1 7.37229E-1 7.08893E-1 6.96089E-1 7.13309E-1 7.10153E-1 7.0186E-1 7.08143E-1 7.41227E-1 7.81383E-1 7.8672E-1 7.83379E-1 7.98237E-1 7.96983E-1 7.7726E-1 7.6836E-1 7.92302E-1 8.21802E-1 8.17951E-1 8.15488E-1 8.0098E-1 8.11077E-1 8.17688E-1 8.16265E-1 8.05534E-1 7.99782E-1 8.0609E-1 8.01531E-1 8.11323E-1 8.24872E-1 8.3042E-1 8.28702E-1 8.45455E-1 8.62769E-1 8.83199E-1 -9999 -9999
8.21481E-1 8.18867E-1 8.00319E-1 7.92733E-1 7.9914E-1 8.29566E-1 8.47984E-1 8.64876E-1 8.69196E-1 8.64892E-1 8.47767E-1 8.13085E-1 8.08203E-1 7.77975E-1 7.64772E-1 7.53184E-1 7.47007E-1 7.57965E-1 7.42363E-1 7.26104E-1 7.61073E-1 7.29282E-1 7.19608E-1 7.17659E-1 7.35804E-1 7.32271E-1 7.01698E-1 6.99888E-1 7.23134E-1 7.36416E-1 7.33507E-1 7.25333E-1 7.40792E-1 7.81692E-1 7.95353E-1 7.6968E-1 7.67487E-1 7.74246E-1 7.81447E-1 7.76108E-1 7.80925E-1 7.88737E-1 8.07145E-1 8.18751E-1 8.14838E-1 8.08501E-1 8.13438E-1 8.1974E-1 8.09131E-1 7.99738E-1 8.05198E-1 8.16532E-1 8.2567E-1 8.33752E-1 8.3787E-1 8.38991E-1 8.64895E-1 8.72837E-1 -9999 -9999 -9999
8.22713E-1 8.15444E-1 8.09206E-1 8.10946E-1 8.20626E-1 8.41265E-1 8.57538E-1 8.66677E-1 8.70887E-1 8.65938E-1 8.49707E-1 8.10312E-1 8.00753E-1 7.83283E-1 7.77219E-1 7.69292E-1 7.58992E-1 7.58173E-1 7.80346E-1 7.42787E-1 7.50678E-1 7.43154E-1 7.37455E-1 7.35255E-1 7.22084E-1 7.2613E-1 7.14843E-1 7.1347E-1 7.23468E-1 7.17919E-1 7.22292E-1 7.37256E-1 7.31987E-1 7.62807E-1 7.90521E-1 7.65086E-1 7.56656E-1 7.71529E-1 7.89782E-1 7.77769E-1 7.79228E-1 7.7999E-1 7.97848E-1 8.20147E-1 8.14618E-1 8.19463E-1 8.06813E-1 8.08595E-1 8.14162E-1 8.01595E-1 8.12512E-1 8.29067E-1 8.4887E-1 8.57383E-1 8.60689E-1 8.54509E-1 8.69758E-1 -9999 -9999 -9999 -9999
8.40696E-1 8.29762E-1 8.28576E-1 8.38009E-1 8.27587E-1 8.45456E-1 8.58283E-1 8.60651E-1 8.55175E-1 8.27434E-1 8.00845E-1 7.99042E-1 7.92271E-1 8.00174E-1 7.99709E-1 7.93607E-1 7.91044E-1 7.93898E-1 7.97257E-1 7.7724E-1 7.74983E-1 7.73963E-1 7.6437E-1 7.44773E-1 7.28787E-1 7.24387E-1 7.29436E-1 7.15951E-1 6.97264E-1 6.95209E-1 7.06972E-1 7.2599E-1 7.2315E-1 7.51881E-1 7.75445E-1 7.85615E-1 7.86913E-1 7.96227E-1 7.98639E-1 7.91341E-1 7.82219E-1 7.92542E-1 8.15916E-1 8.35283E-1 8.25879E-1 8.25808E-1 8.19853E-1 8.13837E-1 8.13713E-1 8.16334E-1 8.2701E-1 8.46261E-1 8.5249E-1 8.68595E-1 8.71628E-1 -9999 -9999 -9999 -9999 -9999 -9999
8.46015E-1 8.30276E-1 8.2434E-1 8.20285E-1 8.19233E-1 8.40852E-1 8.5134E-1 8.50339E-1 8.34019E-1 7.97215E-1 7.78602E-1 7.77156E-1 7.87879E-1 7.90106E-1 7.71095E-1 7.80706E-1 7.7669E-1 7.78814E-1 7.7293E-1 7.74362E-1 7.83392E-1 7.82678E-1 7.64262E-1 7.51235E-1 7.36748E-1 7.22793E-1 7.25874E-1 6.91225E-1 6.7727E-1 6.79568E-1 6.95573E-1 7.17627E-1 7.23696E-1 7.38976E-1 7.74816E-1 8.08447E-1 8.12537E-1 8.05847E-1 7.9113E-1 7.88065E-1 7.88213E-1 8.03933E-1 8.31654E-1 8.33455E-1 8.35574E-1 8.30221E-1 8.25098E-1 8.14385E-1 8.09792E-1 8.2355E-1 8.34304E-1 8.51378E-1 8.61774E-1 8.71517E-1 -9999 -9999 -9999 -9999 -9999 -9999 -9999
8.52108E-1 8.21582E-1 8.17363E-1 8.03613E-1 8.1791E-1 8.35173E-1 8.45652E-1 8.39605E-1 8.01087E-1 7.66438E-1 7.69208E-1 7.84847E-1 7.90648E-1 7.62463E-1 7.62533E-1 7.5335E-1 7.55859E-1 7.56995E-1 7.57793E-1 7.71879E-1 7.78189E-1 7.82948E-1 7.51189E-1 7.49676E-1 7.49418E-1 7.45814E-1 7.10326E-1 6.79596E-1 6.88676E-1 6.85448E-1 6.964E-1 7.15124E-1 7.27416E-1 7.25405E-1 7.57013E-1 7.92065E-1 8.05292E-1 7.98861E-1 7.94928E-1 7.86619E-1 7.951E-1 8.09316E-1 8.28648E-1 8.32338E-1 8.35323E-1 8.37142E-1 8.29098E-1 8.22536E-1 8.23199E-1 8.37812E-1 8.48355E-1 8.54899E-1 -9999 -9999 -9999 -9999 -9999 -9999 -9999 -9999 -9999
8.61194E-1 8.38881E-1 8.17248E-1 8.16217E-1 8.21402E-1 8.39364E-1 8.37535E-1 8.29898E-1 7.90677E-1 7.49957E-1 7.66259E-1 7.83805E-1 7.55521E-1 7.58589E-1 7.48492E-1 7.31204E-1 7.1939E-1 7.3739E-1 7.53565E-1 7.78801E-1 7.89872E-1 7.87219E-1 7.60081E-1 7.35253E-1 7.43274E-1 7.50159E-1 7.17152E-1 7.03029E-1 7.10426E-1 7.26231E-1 7.30551E-1 7.32988E-1 7.34522E-1 7.29634E-1 7.43269E-1 7.59356E-1 7.88761E-1 7.87592E-1 7.93559E-1 7.99208E-1 8.0405E-1 8.13485E-1 8.30124E-1 8.44075E-1 8.4441E-1 8.38274E-1 8.40497E-1 8.39286E-1 8.43484E-1 8.54773E-1 8.66428E-1 -9999 -9999 -9999 -9999 -9999 -9999 -9999 -9999 -9999 -9999
8.79331E-1 8.70833E-1 8.42434E-1 8.31244E-1 8.35332E-1 8.29666E-1 8.4305E-1 8.37656E-1 8.00416E-1 7.69832E-1 7.77579E-1 7.79255E-1 7.71628E-1 7.44928E-1 7.47793E-1 7.49006E-1 7.55217E-1 7.66226E-1 7.87078E-1 8.05964E-1 8.09199E-1 7.98214E-1 7.69421E-1 7.47151E-1 7.50843E-1 7.71041E-1 7.33654E-1 7.39586E-1 7.54189E-1 7.6369E-1 7.62216E-1 7.56796E-1 7.53875E-1 7.35807E-1 7.56861E-1 7.77143E-1 7.91022E-1 7.89588E-1 7.92857E-1 7.85214E-1 7.87174E-1 8.04553E-1 8.12824E-1 8.23763E-1 8.49193E-1 8.40707E-1 8.4284E-1 8.53496E-1 8.66868E-1 8.65403E-1 -9999 -9999 -9999 -9999 -9999 -9999 -9999 -9999 -9999 -9999 -9999
8.91869E-1 8.77959E-1 8.53989E-1 8.38603E-1 8.47099E-1 8.42059E-1 8.46219E-1 8.49994E-1 8.30625E-1 8.08856E-1 8.16502E-1 7.94311E-1 7.70781E-1 7.48197E-1 7.54925E-1 7.78002E-1 7.87492E-1 7.96908E-1 8.20722E-1 8.44697E-1 8.42297E-1 8.1295E-1 7.93149E-1 7.78078E-1 7.6472E-1 7.76042E-1 7.65192E-1 7.67941E-1 7.72178E-1 7.77017E-1 7.87235E-1 7.8694E-1 7.64842E-1 7.66623E-1 7.92324E-1 8.05722E-1 8.04311E-1 7.86725E-1 7.7977E-1 7.81233E-1 7.89091E-1 8.06449E-1 8.24208E-1 8.23478E-1 8.3071E-1 8.45685E-1 8.50725E-1 8.6185E-1 8.80613E-1 8.77786E-1 -9999 -9999 -9999 -9999 -9999 -9999 -9999 -9999 -9999 -9999 -9999
