maxent_outputs/bumblebees/bombus_125.asc
ncols         426
nrows         180
xllcorner     -130.0
yllcorner     24.0
cellsize      0.16666666666666666
NODATA_value  -9999
[rows 27 to 53 of 180, columns 61 to 121 of 426]
5.78229E-1 6.25799E-1 5.78238E-1 5.78473E-1 5.73452E-1 5.8436E-1 5.91474E-1 6.04663E-1 6.07642E-1 6.00931E-1 6.71771E-1 6.28507E-1 6.08661E-1 6.32173E-1 6.00589E-1 5.83471E-1 5.52201E-1 5.61129E-1 6.36527E-1 5.24317E-1 5.36163E-1 5.32673E-1 5.34602E-1 5.32137E-1 5.36865E-1 5.37628E-1 5.29805E-1 5.3377E-1 5.15362E-1 5.10973E-1 5.06328E-1 5.08129E-1 5.25356E-1 5.2052E-1 4.9851E-1 4.60934E-1 4.38636E-1 4.29631E-1 4.35003E-1 4.28474E-1 4.25592E-1 4.3412E-1 4.28706E-1 4.23056E-1 4.10397E-1 4.1042E-1 4.09094E-1 4.06701E-1 4.05611E-1 4.12028E-1 4.16239E-1 4.1092E-1 4.0178E-1 3.90275E-1 3.7497E-1 3.60734E-1 3.4988E-1 3.49566E-1 3.39701E-1 3.40057E-1 3.39264E-1
5.88393E-1 6.12094E-1 5.72856E-1 5.81663E-1 5.83924E-1 5.81617E-1 5.84551E-1 5.95008E-1 6.15991E-1 6.10741E-1 5.93457E-1 5.92389E-1 6.28589E-1 6.24E-1 5.92408E-1 5.88635E-1 5.51135E-1 5.50362E-1 6.01523E-1 5.80126E-1 5.43871E-1 5.31135E-1 5.25179E-1 5.24279E-1 5.20976E-1 5.20648E-1 5.56328E-1 5.39642E-1 5.30909E-1 5.14751E-1 5.11389E-1 5.10104E-1 5.07349E-1 5.10699E-1 5.00631E-1 4.95418E-1 4.59985E-1 4.45006E-1 4.33737E-1 4.30238E-1 4.22226E-1 4.16125E-1 4.03941E-1 3.88085E-1 3.7991E-1 3.88509E-1 3.98155E-1 3.98936E-1 3.95566E-1 3.9913E-1 4.04022E-1 3.9996E-1 3.97044E-1 3.93405E-1 3.84822E-1 3.68393E-1 3.49363E-1 3.38661E-1 3.28409E-1 3.18709E-1 3.21991E-1
6.12961E-1 6.04513E-1 6.01104E-1 5.58403E-1 5.53287E-1 5.63273E-1 5.76127E-1 5.89968E-1 6.07898E-1 6.44297E-1 5.98589E-1 6.10483E-1 6.27508E-1 6.25851E-1 5.98077E-1 6.01983E-1 5.51776E-1 5.46749E-1 5.49079E-1 6.11912E-1 5.70299E-1 5.34063E-1 5.27413E-1 5.15658E-1 5.21009E-1 5.25643E-1 5.26117E-1 5.64511E-1 5.58424E-1 5.13925E-1 5.00927E-1 5.24742E-1 5.17075E-1 4.97123E-1 4.89839E-1 5.18192E-1 4.95432E-1 4.59937E-1 4.40053E-1 4.2854E-1 4.16643E-1 4.05125E-1 3.929E-1 3.77765E-1 3.57944E-1 3.69245E-1 3.79242E-1 3.85963E-1 3.96793E-1 4.06161E-1 4.09744E-1 4.05527E-1 4.03575E-1 3.99044E-1 3.90409E-1 3.87965E-1 3.70925E-1 3.4399E-1 3.25703E-1 3.17148E-1 3.18513E-1
5.93607E-1 6.06797E-1 6.14804E-1 5.36919E-1 5.27743E-1 5.64601E-1 5.84163E-1 5.90799E-1 5.83758E-1 6.21199E-1 6.12485E-1 6.28193E-1 6.27683E-1 6.14924E-1 6.06613E-1 5.91212E-1 5.62839E-1 5.58625E-1 5.34206E-1 5.62968E-1 5.97121E-1 5.5099E-1 5.22732E-1 5.21398E-1 5.32722E-1 5.24388E-1 5.19894E-1 5.76447E-1 5.48789E-1 5.35091E-1 5.12575E-1 5.19573E-1 5.31549E-1 5.06087E-1 4.83499E-1 4.91145E-1 4.83681E-1 4.80907E-1 4.58489E-1 4.38193E-1 4.22192E-1 4.07887E-1 3.95887E-1 3.8307E-1 3.70767E-1 3.75794E-1 3.82828E-1 3.91178E-1 3.91289E-1 3.89539E-1 3.98898E-1 4.01367E-1 4.08885E-1 4.08176E-1 3.90439E-1 3.82304E-1 3.81131E-1 3.68605E-1 3.58488E-1 3.61102E-1 3.57937E-1
5.87797E-1 5.91945E-1 5.9357E-1 5.48392E-1 5.54545E-1 5.57465E-1 5.74153E-1 5.64668E-1 5.75411E-1 6.08457E-1 6.19397E-1 6.12655E-1 6.02992E-1 6.00454E-1 6.11576E-1 5.76788E-1 5.75285E-1 5.92885E-1 5.44669E-1 5.29016E-1 5.85284E-1 5.683E-1 5.49309E-1 5.34133E-1 5.27401E-1 5.12696E-1 5.2742E-1 5.54909E-1 5.40961E-1 5.38944E-1 5.24356E-1 5.1287E-1 5.23262E-1 5.28502E-1 5.16625E-1 4.70516E-1 4.67377E-1 4.84715E-1 4.80997E-1 4.57668E-1 4.27011E-1 4.14383E-1 4.0235E-1 3.95E-1 3.85294E-1 3.77942E-1 3.89898E-1 3.89611E-1 3.78831E-1 3.74543E-1 3.70685E-1 3.71921E-1 3.78829E-1 3.82473E-1 3.84175E-1 3.80388E-1 3.72975E-1 3.76075E-1 3.75549E-1 3.73916E-1 3.79701E-1
5.76009E-1 5.78476E-1 5.70461E-1 5.52562E-1 5.61912E-1 5.64583E-1 5.73886E-1 5.64651E-1 5.825E-1 6.05456E-1 6.28772E-1 6.05106E-1 5.96107E-1 5.91816E-1 6.01039E-1 5.90208E-1 5.83777E-1 6.14172E-1 5.53865E-1 5.36929E-1 5.74091E-1 5.34346E-1 5.50789E-1 5.65016E-1 5.18015E-1 5.38067E-1 5.26636E-1 5.84472E-1 5.27528E-1 5.38365E-1 5.45639E-1 5.4382E-1 5.28665E-1 5.24139E-1 5.44694E-1 5.59714E-1 4.79711E-1 4.58766E-1 4.63134E-1 4.76528E-1 4.41494E-1 4.39064E-1 4.25998E-1 4.24038E-1 4.20785E-1 4.09287E-1 4.12654E-1 3.92828E-1 3.81571E-1 3.74804E-1 3.67809E-1 3.62682E-1 3.6396E-1 3.62292E-1 3.6938E-1 3.73133E-1 3.73226E-1 3.7343E-1 3.76361E-1 3.80103E-1 3.85785E-1
5.75721E-1 5.80915E-1 5.71753E-1 5.57751E-1 5.60763E-1 5.81009E-1 5.78683E-1 5.59021E-1 5.94174E-1 6.27933E-1 6E-1 6.0001E-1 5.95317E-1 5.84429E-1 5.89706E-1 5.92203E-1 5.86154E-1 5.9085E-1 5.59245E-1 5.69596E-1 5.80611E-1 5.40332E-1 5.17458E-1 5.71915E-1 5.32899E-1 5.70469E-1 5.66736E-1 5.76636E-1 5.32754E-1 5.2928E-1 5.22517E-1 5.53874E-1 5.52807E-1 5.46362E-1 5.5528E-1 5.38475E-1 5.13222E-1 4.64906E-1 4.49143E-1 4.87954E-1 4.62578E-1 4.48105E-1 4.37463E-1 4.26911E-1 4.20964E-1 4.11133E-1 4.0928E-1 3.97875E-1 3.91048E-1 3.86694E-1 3.78782E-1 3.77066E-1 3.65645E-1 3.57063E-1 3.59205E-1 3.64289E-1 3.67185E-1 3.72088E-1 3.71115E-1 3.78725E-1 3.9835E-1
5.59511E-1 5.51968E-1 5.6888E-1 5.71364E-1 5.83649E-1 5.83894E-1 5.89457E-1 5.86271E-1 6.00996E-1 6.06857E-1 5.99646E-1 5.88848E-1 5.79934E-1 5.8369E-1 5.92347E-1 5.82049E-1 5.91625E-1 5.88985E-1 5.87582E-1 6.05306E-1 6.26203E-1 5.70628E-1 5.17611E-1 5.52179E-1 5.19053E-1 5.45453E-1 5.48572E-1 5.5769E-1 5.44E-1 5.34011E-1 5.0972E-1 5.45148E-1 5.42386E-1 5.34176E-1 5.42842E-1 5.37875E-1 5.09329E-1 5.03218E-1 4.78501E-1 4.7171E-1 4.74001E-1 4.66593E-1 4.47469E-1 4.38577E-1 4.29318E-1 4.11533E-1 4.04705E-1 4.00199E-1 3.8827E-1 3.82746E-1 3.81988E-1 3.78766E-1 3.79656E-1 3.6778E-1 3.65435E-1 3.6516E-1 3.60566E-1 3.6057E-1 3.58195E-1 3.74636E-1 3.91721E-1
5.53419E-1 5.58678E-1 5.42872E-1 5.51373E-1 5.55691E-1 5.58241E-1 6.0063E-1 6.05184E-1 6.17451E-1 6.14242E-1 5.86381E-1 5.89603E-1 5.79444E-1 5.83663E-1 5.8275E-1 5.78968E-1 5.83087E-1 5.85381E-1 5.89107E-1 6.00627E-1 6.22752E-1 5.8304E-1 5.70571E-1 5.64865E-1 5.43181E-1 5.1438E-1 5.51634E-1 5.39354E-1 5.41918E-1 5.33137E-1 5.34454E-1 5.42432E-1 5.5286E-1 5.70337E-1 5.85478E-1 5.37051E-1 5.19578E-1 4.98335E-1 4.72076E-1 4.62203E-1 4.48647E-1 4.46353E-1 4.5446E-1 4.37903E-1 4.20192E-1 4.04618E-1 3.96285E-1 3.95788E-1 3.93114E-1 3.87664E-1 3.85088E-1 3.93474E-1 3.88795E-1 3.87249E-1 3.87301E-1 3.84891E-1 3.75111E-1 3.68305E-1 3.64225E-1 3.63644E-1 3.72769E-1
5.10749E-1 5.21066E-1 5.09245E-1 5.24867E-1 5.72783E-1 5.67831E-1 5.91316E-1 5.93476E-1 6.12141E-1 6.00325E-1 5.93742E-1 5.91182E-1 5.98086E-1 5.90462E-1 5.83823E-1 5.86014E-1 5.8832E-1 5.97802E-1 5.79456E-1 5.93186E-1 5.78748E-1 5.59616E-1 5.47836E-1 5.40703E-1 5.67381E-1 5.4235E-1 5.39953E-1 5.35181E-1 5.33091E-1 5.23937E-1 5.41967E-1 5.32264E-1 5.49772E-1 5.77058E-1 6.14473E-1 5.72377E-1 5.2906E-1 4.97821E-1 4.95673E-1 4.54764E-1 4.43786E-1 4.3028E-1 4.49363E-1 4.34444E-1 4.27936E-1 4.32812E-1 4.22218E-1 4.2064E-1 4.20242E-1 4.17126E-1 4.12373E-1 4.09981E-1 3.99311E-1 3.93358E-1 3.94219E-1 4.0126E-1 3.91351E-1 3.79177E-1 3.88304E-1 3.76442E-1 3.66279E-1
5.03915E-1 5.10509E-1 5.05414E-1 5.46048E-1 5.40959E-1 5.39071E-1 5.42503E-1 5.43298E-1 5.49515E-1 5.57294E-1 5.71024E-1 5.70493E-1 5.74145E-1 5.91869E-1 6.02756E-1 5.93655E-1 5.99899E-1 5.95847E-1 5.99307E-1 5.90378E-1 5.72578E-1 5.65338E-1 5.56975E-1 5.47518E-1 5.34511E-1 5.49947E-1 5.38564E-1 5.22514E-1 5.44506E-1 5.25975E-1 5.44968E-1 5.21896E-1 5.40503E-1 5.61401E-1 6.01486E-1 5.55482E-1 5.39165E-1 4.74705E-1 4.90226E-1 4.47035E-1 4.53513E-1 4.44309E-1 4.39104E-1 4.31779E-1 4.24428E-1 4.3087E-1 4.29967E-1 4.22291E-1 4.1738E-1 4.03633E-1 4.04192E-1 4.16463E-1 4.15562E-1 4.15765E-1 4.15035E-1 4.06572E-1 3.98506E-1 3.89466E-1 3.82759E-1 3.93291E-1 3.85635E-1
5.11327E-1 5.13125E-1 5.38584E-1 5.52801E-1 5.37678E-1 5.40742E-1 5.44389E-1 5.3826E-1 5.36347E-1 5.41346E-1 5.48928E-1 5.59069E-1 5.71569E-1 5.80256E-1 6.00589E-1 6.01622E-1 6.00973E-1 6.10468E-1 6.29118E-1 6.10595E-1 6.02213E-1 5.95324E-1 5.67488E-1 5.4473E-1 5.21935E-1 5.26812E-1 5.39916E-1 5.43383E-1 5.47861E-1 5.53762E-1 5.51274E-1 5.19818E-1 5.12345E-1 5.31303E-1 5.46339E-1 5.14612E-1 5.35393E-1 4.75443E-1 4.80829E-1 4.59356E-1 4.4626E-1 4.65407E-1 4.56759E-1 4.32463E-1 4.21654E-1 4.28817E-1 4.30105E-1 4.40918E-1 4.36395E-1 4.25605E-1 4.15874E-1 4.24064E-1 4.19139E-1 4.14489E-1 4.03112E-1 3.94561E-1 3.96958E-1 3.90014E-1 3.81976E-1 3.84572E-1 3.85433E-1
5.25991E-1 5.30339E-1 5.51407E-1 5.50924E-1 5.45325E-1 5.46158E-1 5.44252E-1 5.4533E-1 5.41801E-1 5.47316E-1 5.54861E-1 5.5853E-1 5.7717E-1 5.94518E-1 5.96542E-1 5.94389E-1 5.87667E-1 5.94397E-1 6.13979E-1 5.98774E-1 5.6268E-1 5.58049E-1 5.34858E-1 5.19777E-1 5.05832E-1 5.08387E-1 5.1816E-1 5.3025E-1 5.41842E-1 5.65163E-1 5.54902E-1 5.25237E-1 5.22435E-1 5.12886E-1 5.25482E-1 4.9621E-1 5.03846E-1 5.08991E-1 4.71574E-1 4.71886E-1 4.60369E-1 4.52362E-1 4.53975E-1 4.40705E-1 4.25838E-1 4.19944E-1 4.14411E-1 4.198E-1 4.21937E-1 4.22092E-1 4.25875E-1 4.23627E-1 4.1451E-1 4.06722E-1 3.77989E-1 3.78326E-1 3.75833E-1 3.84122E-1 3.89871E-1 3.84501E-1 3.83634E-1
5.70599E-1 5.62388E-1 5.35232E-1 5.60233E-1 5.53581E-1 5.50421E-1 5.4894E-1 5.49183E-1 5.48425E-1 5.50445E-1 5.60643E-1 5.69482E-1 5.85015E-1 5.9874E-1 5.98854E-1 5.97943E-1 5.97797E-1 5.94193E-1 5.91053E-1 5.8818E-1 5.69487E-1 5.55178E-1 5.40864E-1 5.21636E-1 5.09487E-1 5.13198E-1 5.21783E-1 5.39256E-1 5.51923E-1 5.51671E-1 5.47673E-1 5.29994E-1 5.34991E-1 5.2645E-1 5.25103E-1 5.21654E-1 4.97811E-1 4.85978E-1 4.87638E-1 4.57463E-1 4.48785E-1 4.26287E-1 4.27622E-1 4.44343E-1 4.387E-1 4.24519E-1 4.19995E-1 4.25637E-1 4.31011E-1 4.26797E-1 4.23042E-1 4.15032E-1 4.05786E-1 3.9781E-1 3.84106E-1 3.81899E-1 3.79631E-1 3.80869E-1 3.82316E-1 3.79942E-1 3.80201E-1
5.8497E-1 5.74713E-1 5.90028E-1 6.01754E-1 5.99496E-1 5.74226E-1 5.6161E-1 5.55445E-1 5.57173E-1 5.6498E-1 5.65926E-1 5.76881E-1 5.89708E-1 5.983E-1 6.0419E-1 5.98846E-1 6.01152E-1 6.05619E-1 5.98159E-1 5.79291E-1 5.66507E-1 5.42957E-1 5.26408E-1 5.13043E-1 5.08136E-1 5.09146E-1 5.20441E-1 5.22745E-1 5.31213E-1 5.49273E-1 5.36058E-1 5.27308E-1 5.22307E-1 5.21608E-1 5.23079E-1 4.95256E-1 5.00799E-1 4.81615E-1 4.83041E-1 4.63141E-1 4.43179E-1 4.25832E-1 4.36044E-1 4.33006E-1 4.34735E-1 4.41823E-1 4.32209E-1 4.38412E-1 4.27751E-1 4.26242E-1 4.16199E-1 4.12228E-1 3.99564E-1 3.96515E-1 3.81167E-1 3.80117E-1 3.8478E-1 3.86446E-1 3.90325E-1 3.91299E-1 3.80015E-1
5.91456E-1 5.88848E-1 6.06812E-1 6.03587E-1 6.05385E-1 5.84918E-1 5.74562E-1 5.67919E-1 5.6977E-1 5.72685E-1 5.77477E-1 5.84953E-1 5.92838E-1 5.99549E-1 6.04582E-1 6.06663E-1 6.07389E-1 6.12324E-1 6.13299E-1 5.92573E-1 5.69525E-1 5.50387E-1 5.31239E-1 5.45716E-1 5.4149E-1 5.32061E-1 5.31415E-1 5.23416E-1 5.2326E-1 5.28204E-1 5.27013E-1 5.10816E-1 5.11768E-1 5.10614E-1 5.03321E-1 5.08486E-1 5.01945E-1 4.8558E-1 4.8739E-1 4.7662E-1 4.27867E-1 4.23274E-1 4.58174E-1 4.45468E-1 4.31645E-1 4.16806E-1 4.21518E-1 4.27054E-1 4.01217E-1 3.94134E-1 3.86062E-1 3.92215E-1 3.7659E-1 3.75689E-1 3.72304E-1 3.76333E-1 3.83526E-1 3.78645E-1 3.88003E-1 3.90796E-1 3.85029E-1
5.96078E-1 5.87546E-1 5.76582E-1 6.10507E-1 6.21378E-1 6.02321E-1 5.89577E-1 5.81124E-1 5.88297E-1 5.98049E-1 6.00578E-1 5.99578E-1 6.12101E-1 6.20196E-1 6.20212E-1 6.16642E-1 6.12387E-1 6.0207E-1 6.0168E-1 5.91316E-1 5.84631E-1 5.6911E-1 5.62631E-1 5.5842E-1 5.18416E-1 5.3181E-1 5.41728E-1 5.35607E-1 5.29939E-1 5.09047E-1 5.05409E-1 4.97458E-1 4.9848E-1 5.0199E-1 5.00306E-1 4.95884E-1 5.03419E-1 4.7983E-1 4.63847E-1 4.45326E-1 4.26819E-1 4.37766E-1 4.22345E-1 4.108E-1 4.28746E-1 4.16139E-1 3.96898E-1 4.07959E-1 4.07512E-1 3.92337E-1 3.89302E-1 3.78578E-1 3.69075E-1 3.65808E-1 3.74257E-1 3.74557E-1 3.7237E-1 3.75865E-1 3.80213E-1 3.8161E-1 3.77179E-1
5.75421E-1 5.58567E-1 5.78412E-1 6.32041E-1 6.30795E-1 6.08988E-1 6.00069E-1 6.12845E-1 6.18295E-1 6.20303E-1 6.21672E-1 6.28505E-1 6.3131E-1 6.23635E-1 6.24085E-1 6.21941E-1 6.14737E-1 6.13306E-1 6.31568E-1 6.33933E-1 6.04658E-1 6.41276E-1 5.96005E-1 5.58196E-1 5.28155E-1 5.36399E-1 5.4367E-1 5.26672E-1 5.29216E-1 5.14662E-1 4.97864E-1 4.72854E-1 4.74189E-1 4.81358E-1 5.08196E-1 4.77272E-1 4.81377E-1 4.77876E-1 4.57988E-1 4.15566E-1 4.1841E-1 4.12636E-1 4.09588E-1 3.98021E-1 3.95578E-1 4.20939E-1 4.1683E-1 3.99492E-1 4.08951E-1 4.14393E-1 3.98168E-1 3.91164E-1 3.71906E-1 3.72056E-1 3.72874E-1 3.69496E-1 3.76448E-1 3.7705E-1 3.77993E-1 3.8094E-1 3.78363E-1
5.50223E-1 5.57383E-1 5.73474E-1 6.29881E-1 6.5654E-1 6.25269E-1 6.21672E-1 6.27982E-1 6.08339E-1 6.0556E-1 6.14202E-1 6.15535E-1 6.14368E-1 6.02736E-1 6.01654E-1 6.28632E-1 6.40569E-1 6.40179E-1 6.42725E-1 6.28303E-1 6.28284E-1 6.31485E-1 6.13626E-1 5.69097E-1 5.59789E-1 5.53681E-1 5.56013E-1 5.51317E-1 5.37294E-1 5.17143E-1 5.00463E-1 4.89892E-1 4.66272E-1 4.85201E-1 5.08811E-1 4.65811E-1 4.61439E-1 4.50212E-1 4.25987E-1 4.25644E-1 4.44896E-1 4.25639E-1 3.90492E-1 3.99828E-1 4.20243E-1 4.2266E-1 4.08533E-1 4.09307E-1 4.00341E-1 4.07403E-1 4.00929E-1 3.95858E-1 3.8635E-1 3.78356E-1 3.82458E-1 3.77201E-1 3.864E-1 3.88286E-1 3.85694E-1 3.88223E-1 3.88699E-1
6.09573E-1 6.01286E-1 6.19576E-1 6.50755E-1 6.58593E-1 6.68321E-1 6.46427E-1 6.27258E-1 6.23812E-1 6.26479E-1 6.26861E-1 6.19423E-1 5.99826E-1 5.82583E-1 6.02113E-1 6.10038E-1 6.17523E-1 6.25816E-1 6.16393E-1 5.87967E-1 5.87197E-1 6.04063E-1 6.34374E-1 6.16085E-1 6.04762E-1 5.89171E-1 5.78171E-1 5.21211E-1 5.04504E-1 5.22566E-1 5.04713E-1 4.69412E-1 4.64812E-1 4.87841E-1 4.91068E-1 4.58906E-1 4.50381E-1 4.31766E-1 3.99945E-1 4.16181E-1 4.32926E-1 4.09341E-1 3.96368E-1 4.06935E-1 4.08439E-1 4.10221E-1 3.9279E-1 3.97197E-1 3.88411E-1 3.86111E-1 3.91621E-1 3.88096E-1 3.85193E-1 3.81152E-1 3.76687E-1 3.76459E-1 3.86686E-1 3.903E-1 3.89547E-1 3.81697E-1 3.84626E-1
5.90765E-1 6.11758E-1 6.11211E-1 6.03539E-1 6.18695E-1 6.65516E-1 6.44862E-1 6.54213E-1 6.47463E-1 6.4616E-1 6.23394E-1 5.79379E-1 5.64853E-1 5.83848E-1 5.9619E-1 6.19765E-1 6.14859E-1 6.21688E-1 5.83459E-1 5.71597E-1 5.70822E-1 5.74815E-1 6.04913E-1 6.46025E-1 6.33447E-1 6.14341E-1 5.84655E-1 5.5635E-1 5.50666E-1 5.40991E-1 4.95629E-1 4.72485E-1 4.63663E-1 4.92457E-1 4.61859E-1 4.34749E-1 4.39617E-1 4.41928E-1 4.32389E-1 4.3164E-1 4.13543E-1 4.02514E-1 3.94887E-1 3.8696E-1 3.93933E-1 4.11441E-1 3.93831E-1 3.80451E-1 3.84879E-1 3.8375E-1 3.88673E-1 3.92027E-1 3.87739E-1 3.8494E-1 3.7842E-1 3.77491E-1 3.84403E-1 3.95411E-1 3.86688E-1 3.80608E-1 3.73617E-1
6.60104E-1 6.72222E-1 6.56109E-1 6.55703E-1 6.60734E-1 6.22005E-1 6.08969E-1 6.26995E-1 6.44415E-1 6.24308E-1 5.93217E-1 5.55149E-1 5.83E-1 6.18425E-1 6.065E-1 5.9468E-1 6.07642E-1 6.0288E-1 5.99426E-1 5.81891E-1 5.81529E-1 5.69627E-1 5.91436E-1 6.20461E-1 5.82283E-1 5.52336E-1 5.45756E-1 5.65271E-1 5.05617E-1 5.1426E-1 5.1553E-1 4.75141E-1 4.58474E-1 4.78108E-1 4.52227E-1 4.16067E-1 4.30582E-1 4.25584E-1 4.20348E-1 3.91777E-1 3.72129E-1 4.07625E-1 3.97889E-1 3.69037E-1 3.93524E-1 3.9319E-1 3.93723E-1 3.97063E-1 3.84511E-1 3.82043E-1 3.84136E-1 3.80374E-1 3.87477E-1 3.93129E-1 3.82271E-1 3.78626E-1 3.88081E-1 3.97729E-1 3.9728E-1 3.94664E-1 3.8402E-1
6.36802E-1 6.40481E-1 6.46396E-1 6.50142E-1 6.37399E-1 6.18762E-1 6.14787E-1 6.16889E-1 6.07547E-1 5.82722E-1 5.4836E-1 5.63483E-1 5.69871E-1 5.62796E-1 5.80578E-1 5.74909E-1 5.3971E-1 5.45439E-1 6.04229E-1 5.93142E-1 5.87962E-1 5.86503E-1 5.87716E-1 6.11905E-1 5.71523E-1 5.39932E-1 5.23421E-1 4.94673E-1 4.79492E-1 4.76619E-1 4.96386E-1 4.7406E-1 4.61943E-1 4.5704E-1 4.35882E-1 4.219E-1 4.06098E-1 3.6374E-1 3.3539E-1 3.90996E-1 4.08776E-1 3.94238E-1 3.84927E-1 3.76427E-1 3.94633E-1 3.99935E-1 4.12968E-1 3.95104E-1 3.89451E-1 3.8872E-1 3.85822E-1 3.77422E-1 3.83579E-1 3.94869E-1 3.97804E-1 3.85115E-1 3.94607E-1 4.07955E-1 4.05715E-1 4.06448E-1 3.98141E-1
6.049E-1 6.11152E-1 6.15583E-1 5.9746E-1 5.98448E-1 6.07095E-1 6.26401E-1 6.01302E-1 5.69351E-1 5.57131E-1 5.53955E-1 5.53921E-1 5.52814E-1 5.60633E-1 5.35368E-1 5.12727E-1 4.89283E-1 5.37352E-1 5.8453E-1 5.94787E-1 6.01779E-1 5.97728E-1 5.54665E-1 4.8869E-1 4.79864E-1 4.6434E-1 4.71468E-1 4.88143E-1 4.8029E-1 4.71292E-1 4.60325E-1 4.46183E-1 4.46993E-1 4.43843E-1 4.26324E-1 4.19226E-1 4.08212E-1 3.48958E-1 3.40507E-1 4.0057E-1 3.92288E-1 4.04325E-1 3.76284E-1 3.69082E-1 3.71425E-1 3.87549E-1 4.02906E-1 4.09491E-1 3.93535E-1 4.00961E-1 3.88292E-1 3.8303E-1 3.97244E-1 4.14031E-1 4.03322E-1 4.01021E-1 4.18619E-1 4.08418E-1 4.03832E-1 4.05432E-1 3.88041E-1
6.01221E-1 5.9609E-1 5.85525E-1 5.78378E-1 5.81586E-1 5.88502E-1 5.94704E-1 5.61094E-1 5.34405E-1 5.52352E-1 5.69693E-1 5.74587E-1 5.66197E-1 5.5641E-1 5.48161E-1 5.04661E-1 4.84289E-1 5.41862E-1 5.74593E-1 5.75886E-1 5.7735E-1 5.80713E-1 5.60317E-1 5.15295E-1 5.09103E-1 5.20423E-1 5.00502E-1 4.48099E-1 4.52687E-1 4.85542E-1 4.69718E-1 4.48233E-1 4.30647E-1 4.37578E-1 4.26263E-1 4.0903E-1 4.12411E-1 3.82306E-1 3.52775E-1 3.75484E-1 3.76326E-1 3.96154E-1 3.76144E-1 3.70063E-1 3.77666E-1 3.83556E-1 3.84582E-1 3.91921E-1 3.95603E-1 4.15913E-1 4.20029E-1 4.27252E-1 4.21857E-1 4.17984E-1 4.03123E-1 4.10548E-1 4.16348E-1 4.27234E-1 4.2647E-1 4.09843E-1 3.99732E-1
5.81441E-1 5.74237E-1 5.72663E-1 5.59738E-1 5.4821E-1 5.38008E-1 5.22001E-1 5.11931E-1 5.19724E-1 5.33088E-1 5.5319E-1 5.73986E-1 5.62294E-1 5.20013E-1 4.81339E-1 4.92816E-1 5.03105E-1 5.4236E-1 5.59635E-1 4.88742E-1 5.321E-1 4.99973E-1 4.61455E-1 4.45394E-1 4.393E-1 4.65485E-1 4.56345E-1 4.36587E-1 4.39778E-1 4.3997E-1 4.47833E-1 4.49505E-1 4.31771E-1 4.21648E-1 4.15314E-1 4.01218E-1 3.79245E-1 3.99729E-1 3.61632E-1 3.60704E-1 3.43825E-1 3.6314E-1 3.74735E-1 3.74725E-1 3.7048E-1 3.79986E-1 3.78893E-1 3.78226E-1 3.92109E-1 4.15864E-1 3.98653E-1 3.97583E-1 4.14245E-1 4.18688E-1 4.18046E-1 4.18999E-1 3.94987E-1 3.89012E-1 3.7991E-1 3.86804E-1 3.92043E-1
5.53977E-1 5.48767E-1 5.5633E-1 5.39844E-1 5.30167E-1 5.33711E-1 5.24416E-1 5.08683E-1 5.25241E-1 5.15396E-1 5.19462E-1 5.03775E-1 5.20134E-1 5.20726E-1 4.80756E-1 4.58518E-1 4.68859E-1 5.12805E-1 5.04188E-1 4.70777E-1 4.75366E-1 4.66941E-1 4.40173E-1 4.37312E-1 4.61496E-1 4.54738E-1 4.41206E-1 4.35549E-1 4.37467E-1 4.36558E-1 4.40835E-1 4.26915E-1 4.20706E-1 4.17229E-1 4.0821E-1 3.85549E-1 3.62507E-1 3.64801E-1 3.783E-1 3.6662E-1 3.53527E-1 3.64347E-1 3.67761E-1 3.73346E-1 3.55383E-1 3.52601E-1 3.67149E-1 3.76344E-1 4.08353E-1 4.15085E-1 3.89995E-1 3.71225E-1 3.82773E-1 3.94143E-1 4.13284E-1 3.81649E-1 3.64521E-1 3.62984E-1 3.61894E-1 3.64417E-1 3.68788E-1
