maxent_outputs/bumblebees/bombus_158.asc
ncols         426
nrows         180
xllcorner     -130.0
yllcorner     24.0
cellsize      0.16666666666666666
NODATA_value  -9999
[rows 27 to 53 of 180, columns 183 to 243 of 426]
4.18358E-1 4.16733E-1 4.1525E-1 4.17108E-1 4.18881E-1 4.179E-1 4.22476E-1 4.30417E-1 4.29814E-1 4.33118E-1 4.26069E-1 4.24842E-1 4.28493E-1 4.19529E-1 4.11083E-1 4.11276E-1 4.14408E-1 4.14376E-1 4.18385E-1 4.23274E-1 4.35637E-1 4.35168E-1 4.28925E-1 4.20333E-1 4.15817E-1 4.14867E-1 4.28488E-1 4.32269E-1 4.36269E-1 4.35331E-1 4.33429E-1 4.42373E-1 4.4825E-1 4.47341E-1 4.5044E-1 4.52182E-1 4.51879E-1 4.52448E-1 4.56066E-1 4.60068E-1 4.69522E-1 4.67575E-1 4.74434E-1 4.82416E-1 4.80845E-1 4.88364E-1 4.95969E-1 4.94662E-1 4.77671E-1 4.59784E-1 4.57566E-1 4.59793E-1 4.61181E-1 4.71348E-1 4.6967E-1 4.72148E-1 4.76102E-1 4.73789E-1 4.75559E-1 4.78688E-1 4.87491E-1
4.19839E-1 4.17355E-1 4.19743E-1 4.23088E-1 4.18451E-1 4.12747E-1 4.11317E-1 4.18858E-1 4.25193E-1 4.27229E-1 4.27031E-1 4.24618E-1 4.24796E-1 4.18573E-1 4.07805E-1 4.09921E-1 4.12992E-1 4.13423E-1 4.177E-1 4.18478E-1 4.27327E-1 4.24614E-1 4.23305E-1 4.17664E-1 4.14342E-1 4.18112E-1 4.19361E-1 4.42148E-1 4.45206E-1 4.35972E-1 4.36307E-1 4.37998E-1 4.42165E-1 4.44103E-1 4.48756E-1 4.50445E-1 4.53618E-1 4.48707E-1 4.55879E-1 4.65145E-1 4.6254E-1 4.65375E-1 4.70806E-1 4.76605E-1 4.82264E-1 4.88523E-1 4.95374E-1 4.86564E-1 4.7139E-1 4.58388E-1 4.58678E-1 4.55996E-1 4.55989E-1 4.61529E-1 4.65766E-1 4.754E-1 4.71432E-1 4.76688E-1 4.80425E-1 4.84892E-1 4.92438E-1
4.11142E-1 4.10283E-1 4.17931E-1 4.19706E-1 4.16193E-1 4.12791E-1 4.11346E-1 4.11168E-1 4.21238E-1 4.17829E-1 4.15469E-1 4.19657E-1 4.1343E-1 4.0918E-1 4.04916E-1 4.04567E-1 4.0647E-1 4.11438E-1 4.13456E-1 4.14837E-1 4.15427E-1 4.12958E-1 4.11953E-1 4.09578E-1 4.11496E-1 4.3638E-1 4.50537E-1 4.54269E-1 4.47958E-1 4.40724E-1 4.46811E-1 4.35402E-1 4.34994E-1 4.36293E-1 4.39593E-1 4.44267E-1 4.48031E-1 4.4797E-1 4.51147E-1 4.56245E-1 4.63798E-1 4.66141E-1 4.69878E-1 4.78616E-1 4.84912E-1 5.01828E-1 4.97411E-1 4.84191E-1 4.71399E-1 4.66268E-1 4.66472E-1 4.59154E-1 4.58448E-1 4.65287E-1 4.64222E-1 4.66327E-1 4.7827E-1 4.75308E-1 4.79941E-1 4.8389E-1 4.8486E-1
4.09983E-1 4.09924E-1 4.12027E-1 4.12308E-1 4.10972E-1 4.04626E-1 4.02676E-1 4.05056E-1 4.1469E-1 4.13572E-1 4.15341E-1 4.15316E-1 4.11298E-1 4.05513E-1 4.03747E-1 4.02466E-1 4.04887E-1 4.11265E-1 4.07923E-1 4.13719E-1 4.04155E-1 4.01366E-1 4.04425E-1 4.06428E-1 4.05481E-1 4.25851E-1 4.25909E-1 4.29995E-1 4.48979E-1 4.33917E-1 4.28708E-1 4.29892E-1 4.29446E-1 4.31827E-1 4.35328E-1 4.41354E-1 4.50201E-1 4.47581E-1 4.49643E-1 4.6128E-1 4.60834E-1 4.67089E-1 4.72629E-1 4.76866E-1 4.76794E-1 4.81216E-1 4.82468E-1 4.82933E-1 4.81596E-1 4.62363E-1 4.64078E-1 4.67038E-1 4.76961E-1 4.86758E-1 4.8393E-1 4.76588E-1 4.72738E-1 4.72103E-1 4.77251E-1 4.8924E-1 4.88538E-1
4.06176E-1 4.09708E-1 4.05938E-1 4.03501E-1 4.03452E-1 4.03469E-1 3.95992E-1 3.98793E-1 4.01938E-1 4.12001E-1 4.12411E-1 4.1226E-1 4.06634E-1 4.08452E-1 4.0463E-1 4.03055E-1 4.05706E-1 4.06967E-1 4.0783E-1 4.00136E-1 3.98029E-1 3.96566E-1 3.96905E-1 4.01059E-1 4.05705E-1 4.09766E-1 4.15031E-1 4.16445E-1 4.18779E-1 4.18341E-1 4.19403E-1 4.20696E-1 4.25131E-1 4.27749E-1 4.32653E-1 4.35481E-1 4.45071E-1 4.65745E-1 4.55022E-1 4.6279E-1 4.62406E-1 4.6791E-1 4.69279E-1 4.70415E-1 4.77363E-1 4.71842E-1 4.73743E-1 4.76434E-1 4.73592E-1 4.72942E-1 4.76933E-1 4.7489E-1 4.76467E-1 4.90984E-1 5.00274E-1 4.93536E-1 4.77534E-1 4.7531E-1 4.78206E-1 5.16269E-1 5.13333E-1
4.07224E-1 4.10475E-1 4.07171E-1 4.05431E-1 4.03501E-1 4.00548E-1 3.95498E-1 3.97842E-1 4.01791E-1 4.12751E-1 4.13931E-1 4.1181E-1 4.06182E-1 4.06951E-1 4.08285E-1 4.0468E-1 4.09412E-1 4.0527E-1 4.04317E-1 4.03138E-1 4.01947E-1 4.05132E-1 4.05866E-1 4.08111E-1 4.09035E-1 4.13104E-1 4.14122E-1 4.16317E-1 4.22985E-1 4.15474E-1 4.17667E-1 4.20815E-1 4.21809E-1 4.24576E-1 4.27605E-1 4.27629E-1 4.31963E-1 4.47012E-1 4.5975E-1 4.69086E-1 4.70227E-1 4.62284E-1 4.62192E-1 4.6359E-1 4.74275E-1 4.79989E-1 4.74387E-1 4.76982E-1 4.79516E-1 4.69881E-1 4.68648E-1 4.62224E-1 4.65783E-1 4.87018E-1 5.10161E-1 5.00383E-1 4.93428E-1 4.95529E-1 5.01654E-1 5.05378E-1 5.02771E-1
4.09377E-1 4.09088E-1 4.04331E-1 3.94112E-1 3.96309E-1 3.97818E-1 3.97338E-1 3.97999E-1 4.02585E-1 4.09479E-1 4.11756E-1 4.10993E-1 4.09558E-1 4.1001E-1 4.11283E-1 4.12551E-1 4.1704E-1 4.08455E-1 4.02622E-1 4.04339E-1 4.02717E-1 4.08612E-1 4.06524E-1 4.08438E-1 4.12517E-1 4.12617E-1 4.1626E-1 4.18159E-1 4.17122E-1 4.14968E-1 4.15556E-1 4.20693E-1 4.24128E-1 4.27309E-1 4.28235E-1 4.28599E-1 4.34291E-1 4.38925E-1 4.45663E-1 4.51119E-1 4.55984E-1 4.64488E-1 4.64523E-1 4.68237E-1 4.7432E-1 4.7031E-1 4.71237E-1 4.7357E-1 4.7045E-1 4.69305E-1 4.72158E-1 4.70195E-1 4.71999E-1 4.87271E-1 4.86457E-1 4.98368E-1 4.96774E-1 5.09717E-1 5.11835E-1 5.08128E-1 5.10696E-1
4.09464E-1 4.15282E-1 4.12529E-1 4.03514E-1 3.98336E-1 3.96649E-1 4.02296E-1 4.05869E-1 4.04859E-1 4.08681E-1 4.11016E-1 4.14191E-1 4.15889E-1 4.17868E-1 4.17714E-1 4.16779E-1 4.19705E-1 4.11593E-1 4.04693E-1 4.01223E-1 4.03166E-1 4.11311E-1 4.0698E-1 4.07351E-1 4.11292E-1 4.15403E-1 4.17376E-1 4.16475E-1 4.11632E-1 4.13395E-1 4.13954E-1 4.21575E-1 4.25237E-1 4.28796E-1 4.30727E-1 4.32052E-1 4.36136E-1 4.38192E-1 4.41127E-1 4.4594E-1 4.48352E-1 4.54363E-1 4.56265E-1 4.58673E-1 4.64057E-1 4.70608E-1 4.69293E-1 4.71675E-1 4.72362E-1 4.73087E-1 4.75651E-1 4.91243E-1 4.8046E-1 4.92075E-1 4.86E-1 4.99646E-1 5.07247E-1 5.17422E-1 5.14275E-1 5.1401E-1 5.29685E-1
4.02988E-1 4.15048E-1 4.21498E-1 4.17685E-1 4.08987E-1 4.01385E-1 4.03108E-1 4.06265E-1 4.07486E-1 4.10656E-1 4.16373E-1 4.18203E-1 4.21827E-1 4.23892E-1 4.25831E-1 4.19251E-1 4.16709E-1 4.12633E-1 4.07972E-1 4.07751E-1 4.02531E-1 4.05177E-1 4.08481E-1 4.14128E-1 4.17892E-1 4.25009E-1 4.35658E-1 4.36505E-1 4.33712E-1 4.29601E-1 4.24798E-1 4.26487E-1 4.26055E-1 4.27439E-1 4.29718E-1 4.2983E-1 4.33388E-1 4.35333E-1 4.39392E-1 4.46739E-1 4.48632E-1 4.52165E-1 4.5552E-1 4.5152E-1 4.5416E-1 4.55994E-1 4.63806E-1 4.7323E-1 4.71934E-1 4.728E-1 4.72303E-1 4.72572E-1 4.75993E-1 4.82214E-1 4.89324E-1 5.05792E-1 5.13532E-1 5.1774E-1 5.2506E-1 5.63612E-1 6.25013E-1
3.94995E-1 3.95161E-1 3.95221E-1 3.89807E-1 3.9724E-1 3.99484E-1 4.06332E-1 4.0349E-1 4.0758E-1 4.12288E-1 4.1729E-1 4.1774E-1 4.22975E-1 4.26398E-1 4.27801E-1 4.2401E-1 4.15884E-1 4.13914E-1 4.09672E-1 4.08557E-1 4.10262E-1 4.14601E-1 4.14794E-1 4.17275E-1 4.20883E-1 4.37443E-1 4.44516E-1 4.44874E-1 4.30703E-1 4.26658E-1 4.29812E-1 4.29153E-1 4.31973E-1 4.34198E-1 4.34554E-1 4.34709E-1 4.34549E-1 4.35352E-1 4.37615E-1 4.40361E-1 4.41771E-1 4.4771E-1 4.53101E-1 4.59553E-1 4.55823E-1 4.61386E-1 4.59856E-1 4.6483E-1 4.66563E-1 4.67909E-1 4.69404E-1 4.74436E-1 4.80515E-1 4.86782E-1 4.921E-1 5.06393E-1 5.32724E-1 5.70936E-1 6.18922E-1 6.79854E-1 7.00974E-1
3.93726E-1 3.92719E-1 3.90663E-1 3.90016E-1 3.92219E-1 3.90068E-1 3.94275E-1 3.96676E-1 4.04123E-1 4.12173E-1 4.18109E-1 4.20614E-1 4.23215E-1 4.27362E-1 4.27396E-1 4.21402E-1 4.16933E-1 4.12809E-1 4.09641E-1 4.08231E-1 4.12138E-1 4.14257E-1 4.14867E-1 4.17645E-1 4.19019E-1 4.20181E-1 4.19523E-1 4.21166E-1 4.2378E-1 4.27841E-1 4.3082E-1 4.32226E-1 4.3466E-1 4.35926E-1 4.36322E-1 4.34515E-1 4.34115E-1 4.33478E-1 4.38706E-1 4.37583E-1 4.38288E-1 4.41888E-1 4.45824E-1 4.5002E-1 4.53901E-1 4.53485E-1 4.58019E-1 4.60435E-1 4.63597E-1 4.63697E-1 4.71291E-1 4.81024E-1 4.92547E-1 5.20279E-1 5.50674E-1 5.94888E-1 6.43172E-1 6.77846E-1 6.9322E-1 6.90849E-1 6.94552E-1
3.88563E-1 3.8947E-1 3.89318E-1 3.88199E-1 3.89881E-1 3.95937E-1 3.95721E-1 4.0012E-1 4.03764E-1 4.11555E-1 4.18112E-1 4.22764E-1 4.21596E-1 4.22399E-1 4.2177E-1 4.18453E-1 4.13861E-1 4.11592E-1 4.10408E-1 4.10977E-1 4.14489E-1 4.13146E-1 4.12066E-1 4.16973E-1 4.15526E-1 4.17056E-1 4.19895E-1 4.21331E-1 4.27313E-1 4.31263E-1 4.33449E-1 4.32782E-1 4.3257E-1 4.35203E-1 4.34868E-1 4.37166E-1 4.35549E-1 4.32968E-1 4.34894E-1 4.36384E-1 4.37807E-1 4.41614E-1 4.45941E-1 4.51601E-1 4.51109E-1 4.54786E-1 4.57002E-1 4.57548E-1 4.59151E-1 4.68738E-1 4.88186E-1 5.1969E-1 5.80482E-1 6.29469E-1 6.46697E-1 6.52644E-1 6.59043E-1 6.72563E-1 6.81837E-1 6.92192E-1 7.0143E-1
3.8571E-1 3.89151E-1 3.93303E-1 3.90814E-1 3.93401E-1 3.96153E-1 3.96059E-1 4.00415E-1 4.0268E-1 4.07407E-1 4.13084E-1 4.16616E-1 4.20907E-1 4.22262E-1 4.20811E-1 4.17317E-1 4.12459E-1 4.07924E-1 4.10128E-1 4.10953E-1 4.13082E-1 4.11581E-1 4.21163E-1 4.17765E-1 4.1854E-1 4.23741E-1 4.25467E-1 4.27275E-1 4.27708E-1 4.42863E-1 4.31965E-1 4.4194E-1 4.33147E-1 4.30731E-1 4.31805E-1 4.3383E-1 4.33585E-1 4.34532E-1 4.35183E-1 4.33278E-1 4.33283E-1 4.36826E-1 4.45318E-1 4.54801E-1 4.64262E-1 4.66231E-1 4.672E-1 4.68532E-1 4.77855E-1 5.05542E-1 5.7757E-1 6.31439E-1 6.31919E-1 6.35114E-1 6.39381E-1 6.49772E-1 6.60478E-1 6.71634E-1 6.83585E-1 6.94346E-1 7.03919E-1
3.77973E-1 3.83001E-1 3.86644E-1 3.86796E-1 3.93559E-1 3.98806E-1 3.96858E-1 3.99196E-1 4.01711E-1 4.06376E-1 4.11956E-1 4.12364E-1 4.17474E-1 4.19155E-1 4.21564E-1 4.16911E-1 4.12398E-1 4.08547E-1 4.11184E-1 4.12616E-1 4.1444E-1 4.13791E-1 4.18837E-1 4.20664E-1 4.21891E-1 4.25569E-1 4.28752E-1 4.28699E-1 4.30772E-1 4.36983E-1 4.42572E-1 4.30378E-1 4.30691E-1 4.36717E-1 4.32623E-1 4.32025E-1 4.3105E-1 4.3291E-1 4.36252E-1 4.35198E-1 4.37514E-1 4.39483E-1 4.46764E-1 4.61093E-1 4.72516E-1 4.76567E-1 4.82581E-1 4.93843E-1 5.15216E-1 5.86656E-1 6.31473E-1 6.24611E-1 6.26723E-1 6.32414E-1 6.40716E-1 6.5463E-1 6.62018E-1 6.75906E-1 6.87919E-1 6.98355E-1 7.05606E-1
3.70118E-1 3.75581E-1 3.81519E-1 3.85268E-1 3.90761E-1 3.96882E-1 4.00217E-1 4.0181E-1 4.03877E-1 4.06763E-1 4.10562E-1 4.14141E-1 4.14406E-1 4.15987E-1 4.18665E-1 4.21407E-1 4.16957E-1 4.12293E-1 4.08803E-1 4.10473E-1 4.08942E-1 4.1483E-1 4.19889E-1 4.22917E-1 4.20867E-1 4.23703E-1 4.2801E-1 4.27973E-1 4.34925E-1 4.4577E-1 4.52582E-1 4.40539E-1 4.36334E-1 4.37828E-1 4.34527E-1 4.32426E-1 4.31824E-1 4.32526E-1 4.34687E-1 4.38556E-1 4.40307E-1 4.47347E-1 4.53182E-1 4.70497E-1 4.80284E-1 4.91748E-1 5.07649E-1 5.45616E-1 6.01183E-1 6.19395E-1 6.20477E-1 6.22173E-1 6.1536E-1 6.19695E-1 6.2375E-1 6.59917E-1 6.70143E-1 6.82043E-1 6.89457E-1 6.97309E-1 7.00531E-1
3.80078E-1 3.76503E-1 3.82721E-1 3.89878E-1 3.9503E-1 3.97132E-1 3.98698E-1 4.00535E-1 4.03481E-1 4.04034E-1 4.12264E-1 4.13488E-1 4.1903E-1 4.207E-1 4.20915E-1 4.19741E-1 4.20469E-1 4.16264E-1 4.13842E-1 4.13224E-1 4.1219E-1 4.14401E-1 4.16521E-1 4.21284E-1 4.2157E-1 4.19026E-1 4.19591E-1 4.25939E-1 4.28642E-1 4.38806E-1 4.38323E-1 4.36887E-1 4.41289E-1 4.38595E-1 4.36637E-1 4.29273E-1 4.29092E-1 4.33786E-1 4.36875E-1 4.41262E-1 4.50761E-1 4.59143E-1 4.67051E-1 4.79228E-1 4.9252E-1 5.34183E-1 5.85416E-1 6.16669E-1 6.16011E-1 5.95395E-1 5.80351E-1 5.60851E-1 5.75287E-1 5.96253E-1 6.23154E-1 6.62555E-1 6.71324E-1 6.78429E-1 6.77201E-1 6.73037E-1 6.604E-1
3.82741E-1 3.85975E-1 3.88324E-1 3.91487E-1 3.96124E-1 3.97323E-1 4.00657E-1 3.98794E-1 4.0234E-1 4.04993E-1 4.12858E-1 4.19825E-1 4.20578E-1 4.21081E-1 4.18675E-1 4.17014E-1 4.17117E-1 4.17153E-1 4.14157E-1 4.13392E-1 4.18401E-1 4.1777E-1 4.17605E-1 4.19711E-1 4.18816E-1 4.17698E-1 4.18339E-1 4.21924E-1 4.2661E-1 4.34437E-1 4.3437E-1 4.44134E-1 4.48806E-1 4.44996E-1 4.42409E-1 4.33494E-1 4.28895E-1 4.38018E-1 4.38426E-1 4.40998E-1 4.56871E-1 4.70197E-1 4.76836E-1 4.85868E-1 5.2528E-1 5.6935E-1 5.66883E-1 5.47057E-1 5.2618E-1 5.21639E-1 5.19047E-1 5.35515E-1 5.78958E-1 6.24175E-1 6.446E-1 6.58831E-1 6.56959E-1 6.34454E-1 6.07342E-1 6.01246E-1 5.94248E-1
3.87981E-1 3.86795E-1 3.90463E-1 3.96032E-1 3.98197E-1 3.97334E-1 4.00997E-1 3.98275E-1 4.00496E-1 4.05401E-1 4.09853E-1 4.1681E-1 4.15305E-1 4.17556E-1 4.19062E-1 4.19092E-1 4.18525E-1 4.18542E-1 4.18319E-1 4.15399E-1 4.16514E-1 4.25833E-1 4.20355E-1 4.21258E-1 4.2374E-1 4.19938E-1 4.19844E-1 4.23406E-1 4.28704E-1 4.36909E-1 4.36065E-1 4.39347E-1 4.45964E-1 4.48023E-1 4.43077E-1 4.35055E-1 4.35855E-1 4.35947E-1 4.37887E-1 4.44516E-1 4.53999E-1 4.72355E-1 4.79064E-1 4.87021E-1 4.89564E-1 4.95013E-1 4.95645E-1 4.98408E-1 4.9956E-1 5.0182E-1 5.05369E-1 5.21477E-1 5.41107E-1 5.74294E-1 5.96292E-1 5.87033E-1 5.78853E-1 5.81611E-1 5.84029E-1 5.90762E-1 5.74324E-1
3.88346E-1 3.88671E-1 3.90926E-1 3.95761E-1 4.00089E-1 3.99091E-1 3.99652E-1 4.01136E-1 4.02961E-1 4.04004E-1 4.06301E-1 4.11747E-1 4.11846E-1 4.14545E-1 4.16914E-1 4.18761E-1 4.192E-1 4.21548E-1 4.21288E-1 4.20566E-1 4.2122E-1 4.25851E-1 4.28492E-1 4.29564E-1 4.24543E-1 4.21821E-1 4.21459E-1 4.2475E-1 4.34288E-1 4.38509E-1 4.45274E-1 4.48407E-1 4.43183E-1 4.43577E-1 4.49584E-1 4.44097E-1 4.42192E-1 4.40027E-1 4.44069E-1 4.47812E-1 4.59871E-1 4.71867E-1 4.77695E-1 4.76694E-1 4.80664E-1 4.85679E-1 4.85047E-1 4.78887E-1 4.91532E-1 5.02838E-1 5.00222E-1 5.06599E-1 5.24272E-1 5.40855E-1 5.47017E-1 5.45111E-1 5.46947E-1 5.48799E-1 5.53876E-1 5.64622E-1 5.5903E-1
3.85132E-1 3.90452E-1 3.94215E-1 3.99818E-1 4.01346E-1 4.03699E-1 4.08307E-1 4.0773E-1 4.04638E-1 4.05457E-1 4.05743E-1 4.10948E-1 4.123E-1 4.13012E-1 4.1537E-1 4.17993E-1 4.17784E-1 4.20018E-1 4.21979E-1 4.25253E-1 4.25339E-1 4.26335E-1 4.27962E-1 4.28803E-1 4.29491E-1 4.29927E-1 4.33972E-1 4.41796E-1 4.43248E-1 4.48368E-1 4.50518E-1 4.40278E-1 4.38572E-1 4.4366E-1 4.71692E-1 4.80065E-1 4.44659E-1 4.4644E-1 4.53409E-1 4.57836E-1 4.63118E-1 4.77216E-1 4.79661E-1 4.81258E-1 4.80061E-1 4.79892E-1 4.7033E-1 4.83875E-1 4.93247E-1 4.92004E-1 4.97919E-1 5.02322E-1 5.07115E-1 5.14805E-1 5.24483E-1 5.31702E-1 5.25349E-1 5.15916E-1 5.19568E-1 5.25095E-1 5.29312E-1
3.89496E-1 3.88147E-1 3.96525E-1 4.04346E-1 4.07593E-1 4.07655E-1 4.11692E-1 4.13709E-1 4.06067E-1 4.04325E-1 4.07468E-1 4.11154E-1 4.1498E-1 4.17185E-1 4.21325E-1 4.18179E-1 4.18084E-1 4.20168E-1 4.20516E-1 4.25135E-1 4.25993E-1 4.28024E-1 4.31038E-1 4.28579E-1 4.31081E-1 4.32795E-1 4.38591E-1 4.47371E-1 4.53017E-1 4.49824E-1 4.46918E-1 4.39746E-1 4.34641E-1 4.40054E-1 4.48845E-1 4.54811E-1 4.49659E-1 4.59028E-1 4.60032E-1 4.66617E-1 4.74113E-1 4.81606E-1 4.86924E-1 4.82402E-1 4.76318E-1 4.76401E-1 4.84187E-1 4.91028E-1 4.87542E-1 4.89094E-1 4.91474E-1 4.94626E-1 4.99613E-1 5.03761E-1 5.10378E-1 5.16992E-1 5.09557E-1 4.98678E-1 5.01215E-1 5.07437E-1 5.03404E-1
3.83851E-1 3.89306E-1 3.91784E-1 4.05268E-1 4.08927E-1 4.07855E-1 4.08998E-1 4.11302E-1 4.11602E-1 4.03139E-1 4.00355E-1 4.0648E-1 4.14129E-1 4.23084E-1 4.25414E-1 4.25571E-1 4.2228E-1 4.2402E-1 4.20146E-1 4.22345E-1 4.30067E-1 4.33495E-1 4.38324E-1 4.35989E-1 4.37243E-1 4.3869E-1 4.43784E-1 4.48306E-1 4.51889E-1 4.4636E-1 4.41907E-1 4.38553E-1 4.34417E-1 4.38474E-1 4.44452E-1 4.48749E-1 4.56451E-1 4.62438E-1 4.66922E-1 4.69959E-1 4.8151E-1 4.84184E-1 4.88442E-1 4.84159E-1 4.81816E-1 4.72449E-1 4.74943E-1 4.88059E-1 4.96413E-1 4.96665E-1 4.93937E-1 4.94569E-1 4.99177E-1 4.99338E-1 4.99174E-1 5.06567E-1 5.02612E-1 5.02254E-1 4.98378E-1 4.9775E-1 4.93917E-1
3.89231E-1 3.91943E-1 3.9716E-1 4.04668E-1 4.04266E-1 4.08548E-1 4.10283E-1 4.16155E-1 4.12982E-1 4.07701E-1 4.01512E-1 4.05443E-1 4.10534E-1 4.20834E-1 4.38356E-1 4.37246E-1 4.36837E-1 4.3381E-1 4.27229E-1 4.29958E-1 4.35978E-1 4.40949E-1 4.49545E-1 4.54225E-1 4.51411E-1 4.48252E-1 4.43565E-1 4.44287E-1 4.45351E-1 4.44613E-1 4.44224E-1 4.40985E-1 4.33472E-1 4.31984E-1 4.37949E-1 4.44091E-1 4.557E-1 4.6294E-1 4.68249E-1 4.686E-1 4.77464E-1 4.79742E-1 4.82375E-1 4.83474E-1 4.82459E-1 4.75031E-1 4.79301E-1 4.9216E-1 4.92224E-1 4.87219E-1 4.93942E-1 4.98254E-1 4.97345E-1 4.97102E-1 4.93221E-1 4.99221E-1 5.04202E-1 5.01226E-1 4.98466E-1 4.9575E-1 4.90148E-1
3.91559E-1 3.93668E-1 3.97559E-1 4.01404E-1 4.04801E-1 4.09797E-1 4.11699E-1 4.14982E-1 4.09409E-1 4.10142E-1 4.07079E-1 4.12637E-1 4.11667E-1 4.12084E-1 4.33314E-1 4.45322E-1 4.38527E-1 4.38085E-1 4.34953E-1 4.33322E-1 4.38882E-1 4.5036E-1 4.43338E-1 4.3621E-1 4.4266E-1 4.49294E-1 4.48568E-1 4.41711E-1 4.39788E-1 4.42015E-1 4.5121E-1 4.45043E-1 4.37194E-1 4.38174E-1 4.43885E-1 4.49607E-1 4.54702E-1 4.5951E-1 4.6475E-1 4.66436E-1 4.75951E-1 4.76157E-1 4.81654E-1 4.84932E-1 4.87005E-1 4.81612E-1 4.77746E-1 4.87819E-1 4.98211E-1 4.92023E-1 4.98071E-1 5.0286E-1 4.9783E-1 4.92571E-1 4.93266E-1 4.90317E-1 4.95996E-1 4.97675E-1 4.95139E-1 4.91437E-1 4.93933E-1
3.98022E-1 3.99235E-1 3.99886E-1 4.05361E-1 4.09216E-1 4.11354E-1 4.11393E-1 4.10698E-1 4.12969E-1 4.12981E-1 4.13972E-1 4.19387E-1 4.2361E-1 4.1273E-1 4.19237E-1 4.3765E-1 4.41476E-1 4.40684E-1 4.3835E-1 4.36787E-1 4.46374E-1 4.39608E-1 4.22245E-1 4.16838E-1 4.28662E-1 4.47427E-1 4.53137E-1 4.39629E-1 4.36247E-1 4.43369E-1 4.44441E-1 4.45451E-1 4.47793E-1 4.52181E-1 4.57135E-1 4.63426E-1 4.68203E-1 4.65089E-1 4.65657E-1 4.68527E-1 4.70657E-1 4.74624E-1 4.7521E-1 4.8043E-1 4.82472E-1 4.80451E-1 4.77007E-1 4.91131E-1 4.97455E-1 4.94609E-1 4.9585E-1 4.9596E-1 4.9865E-1 4.97886E-1 4.93959E-1 4.91042E-1 4.99739E-1 5.01896E-1 5.02244E-1 4.97473E-1 4.96551E-1
3.98148E-1 4.05256E-1 4.09723E-1 4.13409E-1 4.15738E-1 4.13992E-1 4.12493E-1 4.10361E-1 4.10992E-1 4.16235E-1 4.18342E-1 4.2256E-1 4.21746E-1 4.1578E-1 4.14849E-1 4.27384E-1 4.32688E-1 4.35152E-1 4.4053E-1 4.42716E-1 4.49076E-1 4.37236E-1 4.20894E-1 4.12593E-1 4.27892E-1 4.4904E-1 4.5564E-1 4.45435E-1 4.37621E-1 4.35868E-1 4.40346E-1 4.51048E-1 4.6182E-1 4.65243E-1 4.68206E-1 4.70555E-1 4.76177E-1 4.73809E-1 4.77163E-1 4.75196E-1 4.73883E-1 4.70654E-1 4.74163E-1 4.78054E-1 4.87676E-1 4.855E-1 4.81275E-1 4.77197E-1 4.8705E-1 4.9812E-1 4.96407E-1 4.95079E-1 5.00007E-1 5.04242E-1 5.01428E-1 4.93885E-1 5.0185E-1 5.09102E-1 5.07249E-1 4.98373E-1 4.95096E-1
4.01804E-1 4.14932E-1 4.24583E-1 4.20651E-1 4.19758E-1 4.16264E-1 4.14824E-1 4.08927E-1 4.09798E-1 4.14827E-1 4.17209E-1 4.16527E-1 4.15714E-1 4.09199E-1 4.09005E-1 4.19072E-1 4.33241E-1 4.36047E-1 4.41262E-1 4.40445E-1 4.39931E-1 4.46444E-1 4.43278E-1 4.34463E-1 4.41532E-1 4.60782E-1 4.39998E-1 4.3566E-1 4.34864E-1 4.37817E-1 4.44096E-1 4.56769E-1 4.62607E-1 4.69759E-1 4.73543E-1 4.76615E-1 4.81401E-1 4.79851E-1 4.85148E-1 4.81127E-1 4.80491E-1 4.74355E-1 4.71628E-1 4.77484E-1 4.83556E-1 4.87259E-1 4.88541E-1 4.76442E-1 4.70337E-1 4.83652E-1 4.88815E-1 4.90569E-1 4.90921E-1 4.97357E-1 4.96779E-1 4.97142E-1 5.01047E-1 5.05241E-1 5.04552E-1 5.04993E-1 5.03273E-1
