maxent_outputs/bumblebees/bombus_230.asc
ncols         426
nrows         180
xllcorner     -130.0
yllcorner     24.0
cellsize      0.16666666666666666
NODATA_value  -9999
[rows 108 to 134 of 180, columns 61 to 121 of 426]
4.8745E-1 4.97594E-1 4.83355E-1 4.96263E-1 4.9502E-1 4.74468E-1 4.65693E-1 4.33652E-1 4.24469E-1 4.0498E-1 4.13242E-1 4.41184E-1 4.37632E-1 4.43893E-1 4.48742E-1 4.50229E-1 4.57284E-1 4.60208E-1 4.63153E-1 4.68282E-1 4.5886E-1 4.39969E-1 4.49138E-1 4.36269E-1 4.30365E-1 4.46072E-1 4.43444E-1 4.40359E-1 4.53053E-1 4.46964E-1 4.68587E-1 4.61912E-1 4.44289E-1 4.44799E-1 4.36431E-1 4.29684E-1 4.40092E-1 4.45228E-1 4.3991E-1 4.4644E-1 4.17985E-1 3.94684E-1 3.84445E-1 3.84344E-1 3.89465E-1 3.97867E-1 4.03421E-1 4.07177E-1 3.99633E-1 4.0077E-1 3.89898E-1 3.83638E-1 3.78643E-1 3.81346E-1 3.80519E-1 3.83744E-1 3.79506E-1 3.828E-1 3.79346E-1 3.86138E-1 3.7553E-1
4.85981E-1 4.80039E-1 4.86417E-1 4.95932E-1 4.90582E-1 4.67146E-1 4.60485E-1 4.44078E-1 4.50711E-1 4.44986E-1 4.47196E-1 4.4672E-1 4.21419E-1 4.3065E-1 4.46662E-1 4.46625E-1 4.45257E-1 4.42359E-1 4.47387E-1 4.56199E-1 4.57621E-1 4.54713E-1 4.52405E-1 4.63067E-1 4.42806E-1 4.30326E-1 4.3807E-1 4.35772E-1 4.55292E-1 4.52206E-1 4.79684E-1 4.65816E-1 4.43033E-1 4.4872E-1 4.32086E-1 4.35847E-1 4.25805E-1 4.3117E-1 4.40406E-1 4.41636E-1 4.14841E-1 4.00083E-1 3.89938E-1 3.8129E-1 3.85238E-1 3.81006E-1 3.83675E-1 3.87507E-1 3.87199E-1 3.92945E-1 3.86588E-1 3.83826E-1 3.8457E-1 3.80327E-1 3.80228E-1 3.76992E-1 3.7443E-1 3.84528E-1 3.77423E-1 3.75344E-1 3.73617E-1
4.89379E-1 4.87686E-1 4.98099E-1 4.9794E-1 4.8756E-1 4.66579E-1 4.63839E-1 4.60325E-1 4.53218E-1 4.43523E-1 4.45835E-1 4.42305E-1 4.40424E-1 4.37217E-1 4.31678E-1 4.36531E-1 4.39314E-1 4.42472E-1 4.43918E-1 4.51481E-1 4.58203E-1 4.51622E-1 4.4716E-1 4.46081E-1 4.34685E-1 4.47163E-1 4.31453E-1 4.46198E-1 4.48224E-1 4.5577E-1 4.78829E-1 4.79901E-1 4.44821E-1 4.50088E-1 4.27116E-1 4.21404E-1 4.30193E-1 4.10345E-1 4.15685E-1 4.04045E-1 4.08781E-1 4.00011E-1 3.9715E-1 3.89642E-1 3.85563E-1 3.84224E-1 3.86511E-1 3.85842E-1 3.87108E-1 3.89482E-1 3.88066E-1 3.83911E-1 3.83832E-1 3.79956E-1 3.78505E-1 3.79922E-1 3.81351E-1 3.79138E-1 3.75479E-1 3.68784E-1 3.72873E-1
4.78583E-1 4.86202E-1 4.9491E-1 4.95134E-1 4.98009E-1 4.8088E-1 4.70891E-1 4.71088E-1 4.55184E-1 4.4424E-1 4.48546E-1 4.48762E-1 4.4315E-1 4.39311E-1 4.35948E-1 4.35781E-1 4.36431E-1 4.33064E-1 4.39737E-1 4.43948E-1 4.48836E-1 4.56322E-1 4.48409E-1 4.50412E-1 4.32436E-1 4.33986E-1 4.32948E-1 4.3905E-1 4.50365E-1 4.54476E-1 4.67467E-1 4.82682E-1 4.60639E-1 4.52823E-1 4.50198E-1 4.23599E-1 4.27101E-1 4.12149E-1 4.09127E-1 3.97422E-1 3.98784E-1 4.07138E-1 4.06802E-1 4.01348E-1 4.04561E-1 3.98613E-1 4.0004E-1 4.0112E-1 3.99538E-1 3.9601E-1 3.91331E-1 3.93045E-1 3.87728E-1 3.81933E-1 3.78163E-1 3.79558E-1 3.86972E-1 3.869E-1 3.83015E-1 3.72482E-1 3.75444E-1
4.51607E-1 4.69873E-1 4.83599E-1 4.89094E-1 4.99376E-1 4.88468E-1 4.80229E-1 4.77341E-1 4.70234E-1 4.64426E-1 4.56821E-1 4.3992E-1 4.37199E-1 4.27824E-1 4.31263E-1 4.3065E-1 4.19274E-1 4.25509E-1 4.42172E-1 4.48074E-1 4.43945E-1 4.5456E-1 4.44208E-1 4.3821E-1 4.41486E-1 4.37259E-1 4.37399E-1 4.42192E-1 4.4686E-1 4.53966E-1 4.72635E-1 4.87599E-1 4.78602E-1 4.48341E-1 4.57958E-1 4.32032E-1 4.31033E-1 4.28994E-1 4.09829E-1 4.00211E-1 4.06083E-1 4.00077E-1 4.13467E-1 4.02639E-1 4.09771E-1 4.15207E-1 4.06681E-1 3.94303E-1 4.03426E-1 4.03224E-1 3.89699E-1 3.98552E-1 4.00367E-1 3.84374E-1 3.77016E-1 3.85188E-1 3.85463E-1 3.88917E-1 3.8278E-1 3.7745E-1 3.76523E-1
4.51812E-1 4.50183E-1 4.77404E-1 4.91554E-1 4.9323E-1 4.86737E-1 4.67655E-1 4.60228E-1 4.47531E-1 4.57891E-1 4.42346E-1 4.33047E-1 4.3423E-1 4.34117E-1 4.32271E-1 4.2906E-1 4.30097E-1 4.36801E-1 4.36338E-1 4.40719E-1 4.4273E-1 4.45407E-1 4.31763E-1 4.38234E-1 4.47147E-1 4.40629E-1 4.46671E-1 4.48236E-1 4.46478E-1 4.54066E-1 4.70644E-1 4.74441E-1 4.8116E-1 4.52254E-1 4.64096E-1 4.54361E-1 4.41559E-1 4.37483E-1 4.25936E-1 4.06273E-1 4.03286E-1 4.10252E-1 4.06362E-1 4.12486E-1 4.09119E-1 4.25698E-1 4.22719E-1 4.2289E-1 4.15758E-1 4.04248E-1 3.94735E-1 4.00913E-1 4.00653E-1 3.94428E-1 3.85948E-1 3.80022E-1 3.79192E-1 3.82238E-1 3.78322E-1 3.87496E-1 3.84346E-1
4.60094E-1 4.56175E-1 4.47064E-1 4.50875E-1 4.5388E-1 4.66632E-1 4.70899E-1 4.56753E-1 4.47517E-1 4.45418E-1 4.41068E-1 4.34656E-1 4.33481E-1 4.32761E-1 4.32535E-1 4.2776E-1 4.32971E-1 4.41407E-1 4.44254E-1 4.37334E-1 4.47087E-1 4.53032E-1 4.49342E-1 4.37646E-1 4.28721E-1 4.47807E-1 4.4798E-1 4.46321E-1 4.47056E-1 4.5648E-1 4.71817E-1 4.66682E-1 4.76319E-1 4.68685E-1 4.62668E-1 4.62016E-1 4.5277E-1 4.48479E-1 4.28633E-1 4.22214E-1 4.09964E-1 4.23796E-1 4.06583E-1 3.98859E-1 4.10184E-1 4.18689E-1 4.38168E-1 4.55287E-1 4.57406E-1 4.2032E-1 3.94466E-1 3.93331E-1 3.9678E-1 3.95488E-1 3.8997E-1 3.88622E-1 3.78018E-1 3.79593E-1 3.7583E-1 3.82189E-1 3.82669E-1
4.63966E-1 4.54359E-1 4.40309E-1 4.27702E-1 4.09532E-1 4.35523E-1 4.57666E-1 4.50992E-1 4.35845E-1 4.34962E-1 4.33057E-1 4.27788E-1 4.29011E-1 4.3289E-1 4.35942E-1 4.4056E-1 4.40598E-1 4.38385E-1 4.42134E-1 4.44952E-1 4.4556E-1 4.49724E-1 4.47782E-1 4.51753E-1 4.59706E-1 4.53709E-1 4.55028E-1 4.4197E-1 4.54908E-1 4.48955E-1 4.67236E-1 4.71011E-1 4.71552E-1 4.60428E-1 4.52521E-1 4.54787E-1 4.55892E-1 4.46845E-1 4.41498E-1 4.31393E-1 4.20297E-1 4.2538E-1 4.1284E-1 4.05183E-1 3.987E-1 4.13426E-1 4.35404E-1 4.35772E-1 4.50257E-1 4.33664E-1 4.09566E-1 3.85629E-1 3.89542E-1 3.91385E-1 3.87341E-1 3.83614E-1 3.81276E-1 3.7774E-1 3.77904E-1 3.79795E-1 3.76299E-1
5.09596E-1 4.85483E-1 4.62551E-1 4.55304E-1 4.45075E-1 4.62105E-1 4.85175E-1 4.87829E-1 4.62377E-1 4.37306E-1 4.38459E-1 4.30427E-1 4.25978E-1 4.27051E-1 4.38541E-1 4.40973E-1 4.38158E-1 4.34059E-1 4.35502E-1 4.39909E-1 4.49038E-1 4.51217E-1 4.61908E-1 4.6711E-1 4.67417E-1 4.61194E-1 4.55232E-1 4.58923E-1 4.52844E-1 4.51026E-1 4.48839E-1 4.75176E-1 4.81297E-1 4.69849E-1 4.52302E-1 4.38637E-1 4.5085E-1 4.54555E-1 4.49643E-1 4.48152E-1 4.48114E-1 4.40666E-1 4.20468E-1 4.17249E-1 4.11533E-1 4.10333E-1 4.31847E-1 4.31269E-1 4.37015E-1 4.35981E-1 4.11402E-1 3.97694E-1 3.95043E-1 3.87022E-1 3.86498E-1 3.84297E-1 3.75301E-1 3.74899E-1 3.78094E-1 3.82481E-1 3.82833E-1
5.60164E-1 5.41033E-1 5.31089E-1 5.1025E-1 5.13156E-1 5.15101E-1 5.0026E-1 4.94997E-1 4.78814E-1 4.49726E-1 4.20452E-1 4.06041E-1 3.98808E-1 4.03736E-1 4.23942E-1 4.30996E-1 4.20629E-1 4.25563E-1 4.31809E-1 4.35715E-1 4.49096E-1 4.53776E-1 4.61754E-1 4.66423E-1 4.65375E-1 4.52962E-1 4.55531E-1 4.58146E-1 4.59696E-1 4.52716E-1 4.57952E-1 4.55509E-1 4.70295E-1 4.76115E-1 4.68484E-1 4.55299E-1 4.53283E-1 4.57394E-1 4.53042E-1 4.53869E-1 4.5258E-1 4.34326E-1 4.24673E-1 4.26484E-1 4.29965E-1 4.29213E-1 4.26685E-1 4.38906E-1 4.47698E-1 4.42467E-1 4.33785E-1 4.23287E-1 4.09795E-1 3.95013E-1 3.89026E-1 3.86831E-1 3.86893E-1 3.8307E-1 3.82549E-1 3.87751E-1 3.90148E-1
-9999 -9999 5.68012E-1 5.76044E-1 5.70012E-1 5.48672E-1 5.15833E-1 5.19501E-1 5.261E-1 4.95701E-1 4.63513E-1 4.73038E-1 4.50192E-1 4.252E-1 4.70815E-1 4.49509E-1 4.16897E-1 4.02861E-1 4.02138E-1 4.2895E-1 4.37524E-1 4.43136E-1 4.41067E-1 4.52784E-1 4.58718E-1 4.51673E-1 4.47738E-1 4.57308E-1 4.56897E-1 4.66628E-1 4.68974E-1 4.6318E-1 4.73416E-1 4.79781E-1 4.77544E-1 4.6428E-1 4.62389E-1 4.56026E-1 4.45441E-1 4.40806E-1 4.38887E-1 4.43633E-1 4.37377E-1 4.2933E-1 4.36889E-1 4.47923E-1 4.41714E-1 4.44707E-1 4.63437E-1 4.56917E-1 4.39322E-1 4.36391E-1 4.35969E-1 4.20011E-1 4.04861E-1 4.04829E-1 4.07023E-1 4.02434E-1 3.9729E-1 3.97972E-1 3.97189E-1
6.09824E-1 6.1267E-1 6.82812E-1 6.27782E-1 6.04282E-1 5.63719E-1 5.54434E-1 5.55434E-1 5.78754E-1 5.48833E-1 5.27128E-1 5.27073E-1 5.11433E-1 5.07424E-1 5.09823E-1 4.99766E-1 4.8068E-1 4.31213E-1 4.26511E-1 4.61205E-1 4.51934E-1 4.43036E-1 4.53864E-1 4.61E-1 4.5179E-1 4.54562E-1 4.61882E-1 4.59244E-1 4.60537E-1 4.54103E-1 4.57554E-1 4.68048E-1 4.6806E-1 4.60902E-1 4.51244E-1 4.45988E-1 4.46886E-1 4.42015E-1 4.46527E-1 4.40388E-1 4.32116E-1 4.28834E-1 4.44343E-1 4.56178E-1 4.62525E-1 4.74203E-1 4.69726E-1 4.57309E-1 4.71834E-1 4.70198E-1 4.54511E-1 4.56841E-1 4.2988E-1 4.23276E-1 4.23473E-1 4.16779E-1 4.15768E-1 4.17144E-1 4.18609E-1 4.23988E-1 4.15891E-1
6.20514E-1 6.06667E-1 -9999 -9999 -9999 -9999 -9999 -9999 6.06759E-1 5.78054E-1 5.59231E-1 5.488E-1 5.3077E-1 5.241E-1 5.08653E-1 4.84806E-1 4.76756E-1 4.69812E-1 4.71768E-1 4.83134E-1 4.83852E-1 4.70995E-1 4.54419E-1 4.67317E-1 4.55781E-1 4.621E-1 4.72158E-1 4.70385E-1 4.76511E-1 4.71325E-1 4.59623E-1 4.77119E-1 4.7334E-1 4.47593E-1 4.53054E-1 4.44807E-1 4.44809E-1 4.51918E-1 4.36814E-1 4.3352E-1 4.31198E-1 4.35724E-1 4.50725E-1 4.56639E-1 4.68954E-1 4.8064E-1 4.75205E-1 4.72145E-1 4.73119E-1 4.81496E-1 4.70045E-1 4.62326E-1 4.42881E-1 4.39633E-1 4.30427E-1 4.28971E-1 4.23689E-1 4.13896E-1 4.21695E-1 4.25457E-1 4.27018E-1
-9999 -9999 -9999 -9999 -9999 -9999 -9999 -9999 6.08315E-1 5.97452E-1 5.86876E-1 5.82484E-1 5.61294E-1 5.02938E-1 4.85115E-1 4.64961E-1 4.66358E-1 4.70926E-1 4.50207E-1 4.71499E-1 4.90324E-1 4.94858E-1 4.85542E-1 4.63534E-1 4.60448E-1 4.68882E-1 4.73348E-1 4.62409E-1 4.86505E-1 4.8188E-1 4.73705E-1 4.8424E-1 4.71486E-1 4.53307E-1 4.67573E-1 4.47253E-1 4.55301E-1 4.46319E-1 4.5843E-1 4.61893E-1 4.48049E-1 4.49188E-1 4.44288E-1 4.44936E-1 4.57982E-1 4.72103E-1 4.69402E-1 4.69247E-1 4.69171E-1 4.82834E-1 4.74371E-1 4.69564E-1 4.71921E-1 4.60607E-1 4.58309E-1 4.44138E-1 4.31142E-1 4.21337E-1 4.13558E-1 4.13187E-1 4.17021E-1
-9999 -9999 -9999 -9999 -9999 -9999 -9999 -9999 -9999 -9999 6.28374E-1 6.16612E-1 5.85532E-1 5.5314E-1 5.03166E-1 4.90288E-1 4.80534E-1 4.62423E-1 4.46739E-1 4.47841E-1 4.5402E-1 4.88495E-1 4.95811E-1 5.08023E-1 4.89287E-1 4.6914E-1 4.67408E-1 4.76846E-1 4.71225E-1 4.67689E-1 4.70665E-1 4.70885E-1 4.78257E-1 4.61628E-1 4.70219E-1 4.65484E-1 4.44186E-1 4.42206E-1 4.41107E-1 4.40527E-1 4.56592E-1 4.55239E-1 4.45977E-1 4.63005E-1 4.53896E-1 4.66874E-1 4.80457E-1 4.79698E-1 4.82916E-1 4.75888E-1 4.89712E-1 4.87695E-1 4.73948E-1 4.65172E-1 4.51578E-1 4.47205E-1 4.4224E-1 4.32088E-1 4.1675E-1 4.01085E-1 4.05529E-1
-9999 -9999 -9999 -9999 6.99244E-1 -9999 -9999 6.33731E-1 6.10608E-1 7.04412E-1 -9999 -9999 6.06831E-1 5.88271E-1 5.52187E-1 5.45469E-1 5.15662E-1 4.69506E-1 4.53317E-1 4.54164E-1 4.71587E-1 4.82919E-1 5.17777E-1 5.74388E-1 5.1986E-1 5.05161E-1 4.80636E-1 4.67648E-1 4.73327E-1 4.74742E-1 4.74164E-1 4.75367E-1 4.74828E-1 4.48821E-1 4.63975E-1 4.64331E-1 4.63574E-1 4.54775E-1 4.59184E-1 4.56515E-1 4.50955E-1 4.48564E-1 4.41003E-1 4.48741E-1 4.52179E-1 4.57478E-1 4.71222E-1 4.76939E-1 4.77704E-1 4.72194E-1 4.79522E-1 4.86568E-1 4.6953E-1 4.58412E-1 4.51685E-1 4.42058E-1 4.36706E-1 4.28176E-1 4.21224E-1 4.12539E-1 3.92433E-1
-9999 6.58233E-1 6.28489E-1 -9999 -9999 -9999 -9999 -9999 6.18728E-1 6.33366E-1 -9999 -9999 -9999 -9999 6.05831E-1 5.70771E-1 5.29144E-1 4.88725E-1 4.53474E-1 4.39114E-1 4.67228E-1 4.75083E-1 5.02183E-1 5.26227E-1 5.86838E-1 5.38954E-1 4.94719E-1 4.82184E-1 4.63457E-1 4.67232E-1 4.7915E-1 4.88694E-1 4.80871E-1 4.69756E-1 4.70693E-1 4.78855E-1 4.66939E-1 4.64691E-1 4.62081E-1 4.65563E-1 4.59044E-1 4.51926E-1 4.50321E-1 4.52096E-1 4.46628E-1 4.64631E-1 4.53312E-1 4.5368E-1 4.58115E-1 4.48307E-1 4.51589E-1 4.77425E-1 4.80624E-1 4.73216E-1 4.57191E-1 4.52196E-1 4.37202E-1 4.35747E-1 4.30383E-1 3.99116E-1 4.04245E-1
-9999 -9999 -9999 -9999 -9999 -9999 -9999 6.71748E-1 -9999 -9999 -9999 -9999 -9999 -9999 6.39627E-1 6.00469E-1 5.52675E-1 5.0408E-1 4.76926E-1 4.43937E-1 4.59834E-1 4.82559E-1 5.06255E-1 4.91957E-1 5.21646E-1 5.02844E-1 4.87553E-1 4.7991E-1 4.80908E-1 4.82894E-1 4.93832E-1 4.99918E-1 4.88248E-1 4.80972E-1 4.83873E-1 4.71477E-1 4.72527E-1 4.715E-1 4.62231E-1 4.58992E-1 4.62888E-1 4.59566E-1 4.59384E-1 4.60507E-1 4.50308E-1 4.48274E-1 4.49868E-1 4.39316E-1 4.46563E-1 4.39788E-1 4.45817E-1 4.67935E-1 4.71945E-1 4.7449E-1 4.68453E-1 4.61844E-1 4.49842E-1 4.43715E-1 4.29952E-1 4.28733E-1 4.18983E-1
-9999 -9999 -9999 -9999 -9999 -9999 -9999 6.47483E-1 6.18745E-1 -9999 -9999 -9999 -9999 -9999 -9999 6.11007E-1 5.64799E-1 5.33493E-1 4.99492E-1 4.38491E-1 4.60206E-1 4.94127E-1 5.07733E-1 4.99544E-1 4.94521E-1 4.89313E-1 4.86513E-1 4.7272E-1 4.65809E-1 4.71763E-1 4.88192E-1 4.97745E-1 4.92373E-1 4.79664E-1 4.83545E-1 4.78002E-1 4.62029E-1 4.58795E-1 4.51116E-1 4.54488E-1 4.53527E-1 4.47432E-1 4.45858E-1 4.51647E-1 4.59526E-1 4.49264E-1 4.51765E-1 4.39199E-1 4.38424E-1 4.31644E-1 4.43524E-1 4.51731E-1 4.57485E-1 4.54528E-1 4.53307E-1 4.57768E-1 4.46733E-1 4.47297E-1 4.29867E-1 4.18142E-1 4.23188E-1
-9999 -9999 -9999 -9999 -9999 -9999 -9999 -9999 6.45934E-1 -9999 -9999 -9999 -9999 -9999 -9999 6.34879E-1 5.93964E-1 5.5812E-1 5.12954E-1 4.7421E-1 4.58922E-1 4.74268E-1 5.04801E-1 5.10554E-1 4.96703E-1 4.9137E-1 4.86362E-1 4.74338E-1 4.66837E-1 4.73567E-1 4.89373E-1 4.87149E-1 4.98029E-1 5.03639E-1 4.82248E-1 4.65884E-1 4.66665E-1 4.55459E-1 4.57858E-1 4.50518E-1 4.40129E-1 4.39281E-1 4.51214E-1 4.55044E-1 4.58433E-1 4.42553E-1 4.58647E-1 4.37941E-1 4.3103E-1 4.2991E-1 4.47723E-1 4.4266E-1 4.54074E-1 4.54879E-1 4.4878E-1 4.48642E-1 4.50038E-1 4.29597E-1 4.29257E-1 4.22288E-1 4.24562E-1
-9999 -9999 -9999 -9999 -9999 -9999 -9999 -9999 -9999 -9999 -9999 -9999 -9999 -9999 -9999 -9999 6.12275E-1 5.75531E-1 5.32361E-1 5.00633E-1 4.69332E-1 4.56992E-1 4.72078E-1 5.13335E-1 5.13854E-1 5.08857E-1 4.97144E-1 4.86647E-1 4.82734E-1 4.81346E-1 4.84827E-1 4.80367E-1 4.81143E-1 4.93061E-1 4.72941E-1 4.71236E-1 4.64063E-1 4.6722E-1 4.60152E-1 4.57424E-1 4.59994E-1 4.48287E-1 4.55278E-1 4.50908E-1 4.48252E-1 4.34443E-1 4.45029E-1 4.40479E-1 4.36804E-1 4.37471E-1 4.41172E-1 4.40919E-1 4.58887E-1 4.4899E-1 4.53823E-1 4.43525E-1 4.43485E-1 4.26214E-1 4.02654E-1 4.11308E-1 4.19757E-1
-9999 -9999 -9999 -9999 -9999 -9999 -9999 -9999 -9999 -9999 -9999 -9999 -9999 -9999 -9999 6.91903E-1 6.00234E-1 5.78121E-1 5.43772E-1 5.15295E-1 4.86516E-1 4.65814E-1 4.60108E-1 4.81546E-1 5.16577E-1 5.28111E-1 5.26859E-1 5.08258E-1 4.94362E-1 4.86302E-1 4.88986E-1 4.77742E-1 4.73668E-1 4.80473E-1 4.74978E-1 4.69799E-1 4.66816E-1 4.63575E-1 4.68565E-1 4.6691E-1 4.64548E-1 4.60807E-1 4.49168E-1 4.46738E-1 4.42343E-1 4.34529E-1 4.41782E-1 4.41153E-1 4.31321E-1 4.48982E-1 4.48719E-1 4.34911E-1 4.53802E-1 4.59916E-1 4.4761E-1 4.41622E-1 4.21945E-1 4.23097E-1 4.0942E-1 3.94219E-1 4.05602E-1
-9999 -9999 -9999 -9999 -9999 -9999 -9999 -9999 -9999 -9999 -9999 -9999 -9999 -9999 -9999 -9999 6.10949E-1 5.93278E-1 5.52003E-1 5.18841E-1 4.97884E-1 4.81792E-1 4.56592E-1 4.79537E-1 5.26983E-1 5.19064E-1 5.53239E-1 5.19067E-1 4.98017E-1 4.94272E-1 4.89537E-1 4.82409E-1 4.76093E-1 4.65096E-1 4.85586E-1 4.70561E-1 4.78555E-1 4.68869E-1 4.63588E-1 4.54081E-1 4.54991E-1 4.51889E-1 4.37795E-1 4.33496E-1 4.21941E-1 4.33066E-1 4.35556E-1 4.33202E-1 4.35102E-1 4.28739E-1 4.41775E-1 4.36161E-1 4.55393E-1 4.54945E-1 4.50503E-1 4.31503E-1 4.16164E-1 4.03252E-1 4.01344E-1 3.87212E-1 3.91563E-1
-9999 -9999 -9999 -9999 -9999 -9999 -9999 -9999 -9999 -9999 -9999 -9999 -9999 -9999 -9999 -9999 -9999 6.0592E-1 5.67142E-1 5.34465E-1 5.09443E-1 4.91911E-1 4.76595E-1 4.47826E-1 5.34128E-1 5.35576E-1 5.51739E-1 5.41871E-1 5.06647E-1 5.00634E-1 4.97569E-1 4.84716E-1 4.84853E-1 4.8597E-1 4.69685E-1 4.82367E-1 4.86059E-1 4.68292E-1 4.63948E-1 4.65193E-1 4.47698E-1 4.56895E-1 4.40712E-1 4.32955E-1 4.16744E-1 4.32782E-1 4.41928E-1 4.38694E-1 4.39207E-1 4.25457E-1 4.28622E-1 4.21383E-1 4.33505E-1 4.36566E-1 4.25013E-1 4.177E-1 4.02768E-1 3.91681E-1 4.00945E-1 3.84327E-1 3.82081E-1
-9999 -9999 -9999 -9999 -9999 -9999 -9999 -9999 -9999 -9999 -9999 -9999 -9999 -9999 -9999 -9999 -9999 6.10004E-1 5.95065E-1 5.74234E-1 5.32895E-1 4.80726E-1 4.87595E-1 4.56645E-1 5.2372E-1 5.55673E-1 5.68991E-1 5.48836E-1 5.35063E-1 5.44276E-1 5.43142E-1 4.98555E-1 4.90009E-1 4.89574E-1 4.76022E-1 4.65434E-1 4.71141E-1 4.79684E-1 4.7238E-1 4.63213E-1 4.68684E-1 4.55181E-1 4.41772E-1 4.35065E-1 4.33819E-1 4.2436E-1 4.20501E-1 4.26899E-1 4.30928E-1 4.31848E-1 4.0935E-1 4.13911E-1 4.12918E-1 4.13456E-1 4.04131E-1 3.9146E-1 3.93263E-1 3.77681E-1 3.9577E-1 3.98471E-1 3.82916E-1
-9999 -9999 -9999 -9999 -9999 -9999 -9999 -9999 -9999 -9999 -9999 -9999 -9999 -9999 -9999 -9999 -9999 -9999 6.44725E-1 5.83948E-1 5.51309E-1 5.08454E-1 4.89524E-1 4.83644E-1 4.94656E-1 5.32138E-1 5.64912E-1 5.45467E-1 5.62833E-1 5.62327E-1 5.61375E-1 5.40332E-1 5.07531E-1 4.92035E-1 4.85146E-1 4.82246E-1 4.79317E-1 4.92604E-1 4.88532E-1 4.66645E-1 4.62424E-1 4.61944E-1 4.46987E-1 4.32756E-1 4.21446E-1 4.20835E-1 4.12042E-1 4.1516E-1 4.16071E-1 4.24176E-1 3.97045E-1 3.97463E-1 3.95076E-1 3.98285E-1 3.8586E-1 3.69696E-1 3.93359E-1 3.78919E-1 3.94127E-1 3.93103E-1 3.85614E-1
-9999 -9999 -9999 -9999 -9999 -9999 -9999 -9999 -9999 -9999 -9999 -9999 -9999 -9999 -9999 -9999 -9999 -9999 6.45971E-1 5.87043E-1 5.51277E-1 5.29048E-1 4.99976E-1 4.78706E-1 4.90634E-1 5.0106E-1 5.42751E-1 5.55234E-1 5.59687E-1 5.60619E-1 5.57291E-1 6.29475E-1 5.35162E-1 5.03062E-1 5.0386E-1 5.27175E-1 4.99393E-1 4.82409E-1 4.89032E-1 4.68913E-1 4.713E-1 4.53894E-1 4.5616E-1 4.2855E-1 4.16406E-1 4.18293E-1 4.25986E-1 4.1261E-1 4.09305E-1 4.09364E-1 3.93676E-1 3.84891E-1 3.88522E-1 3.85694E-1 3.78739E-1 3.72837E-1 3.82044E-1 3.79202E-1 3.8431E-1 3.91206E-1 3.76972E-1
