maxent_outputs/bumblebees/bombus_329.asc
ncols         426
nrows         180
xllcorner     -130.0
yllcorner     24.0
cellsize      0.16666666666666666
NODATA_value  -9999
[rows 54 to 80 of 180, columns 305 to 365 of 426]
1.49872E-1 1.38891E-1 1.39006E-1 1.28972E-1 1.23866E-1 1.18998E-1 1.19402E-1 1.19454E-1 1.18356E-1 1.17302E-1 1.14204E-1 1.22865E-1 1.23676E-1 1.27116E-1 1.34481E-1 1.4439E-1 1.52963E-1 1.5495E-1 1.6463E-1 1.71631E-1 1.76223E-1 1.74737E-1 1.63698E-1 1.72106E-1 1.99265E-1 1.98108E-1 1.85138E-1 1.81485E-1 1.76456E-1 1.62653E-1 1.36388E-1 1.29971E-1 1.52573E-1 1.64803E-1 1.8605E-1 2.14096E-1 1.78642E-1 1.53801E-1 1.46062E-1 1.27616E-1 1.38519E-1 1.39159E-1 1.19745E-1 1.05793E-1 9.99922E-2 9.88367E-2 9.60159E-2 8.27627E-2 9.80706E-2 9.95225E-2 1.0146E-1 9.26082E-2 1.1367E-1 1.33268E-1 1.59168E-1 1.68675E-1 1.66144E-1 1.77961E-1 1.81108E-1 1.83978E-1 1.91085E-1
1.53691E-1 1.47463E-1 1.57594E-1 1.53932E-1 1.47095E-1 1.34802E-1 1.34276E-1 1.32856E-1 1.32215E-1 1.31117E-1 1.28844E-1 1.29966E-1 1.34179E-1 1.42297E-1 1.48683E-1 1.61815E-1 1.74022E-1 2.00818E-1 1.80205E-1 1.76973E-1 1.79875E-1 1.85416E-1 1.93815E-1 1.76721E-1 1.73275E-1 1.67504E-1 1.59808E-1 1.46179E-1 1.26904E-1 1.20153E-1 1.08104E-1 1.08797E-1 1.26935E-1 1.57835E-1 2.10402E-1 2.27185E-1 1.60219E-1 1.45067E-1 1.31189E-1 1.24412E-1 1.27062E-1 1.19857E-1 1.09416E-1 1.03082E-1 1.03738E-1 1.05953E-1 8.68083E-2 9.7488E-2 1.16427E-1 1.07314E-1 1.02991E-1 1.11946E-1 1.3939E-1 1.54449E-1 1.66071E-1 1.8122E-1 1.85832E-1 1.94759E-1 2.0249E-1 2.04887E-1 2.17728E-1
1.70108E-1 1.68344E-1 1.7218E-1 1.60162E-1 1.66132E-1 1.57917E-1 1.58078E-1 1.60165E-1 1.66534E-1 1.55408E-1 1.52877E-1 1.58972E-1 1.62632E-1 1.62963E-1 1.73242E-1 1.88352E-1 2.04131E-1 1.97682E-1 2.078E-1 2.00029E-1 2.07066E-1 1.97339E-1 1.80787E-1 1.7253E-1 1.61441E-1 1.44643E-1 1.2242E-1 1.13569E-1 1.12056E-1 1.08989E-1 1.06724E-1 1.22408E-1 1.35375E-1 1.69371E-1 2.57583E-1 2.43768E-1 1.62498E-1 1.4178E-1 1.20904E-1 1.32714E-1 1.2827E-1 1.05599E-1 1.13308E-1 1.04486E-1 1.07522E-1 1.20084E-1 1.09357E-1 1.21855E-1 1.10167E-1 1.14483E-1 1.43641E-1 1.51321E-1 1.59941E-1 1.71323E-1 1.90514E-1 2.09775E-1 2.1435E-1 2.15813E-1 2.31201E-1 2.24794E-1 2.45852E-1
1.75069E-1 1.61044E-1 1.68469E-1 1.71746E-1 1.76407E-1 1.57706E-1 1.56285E-1 1.64572E-1 1.81046E-1 1.7865E-1 1.76286E-1 1.88688E-1 1.86092E-1 1.80015E-1 1.87301E-1 1.97612E-1 2.06923E-1 1.99018E-1 2.07017E-1 2.30587E-1 2.27946E-1 1.90127E-1 1.71458E-1 1.60085E-1 1.45219E-1 1.24924E-1 1.16466E-1 1.08887E-1 1.06315E-1 1.08835E-1 1.06234E-1 1.05458E-1 1.47594E-1 1.57755E-1 2.26887E-1 2.63722E-1 1.62483E-1 1.29823E-1 1.30716E-1 1.20993E-1 1.28172E-1 1.07172E-1 1.24471E-1 1.21856E-1 1.22312E-1 1.20921E-1 1.07563E-1 1.20018E-1 1.26404E-1 1.4185E-1 1.61537E-1 1.58005E-1 1.78105E-1 1.9737E-1 2.13167E-1 2.29077E-1 2.37492E-1 2.48794E-1 2.48016E-1 2.67148E-1 2.91665E-1
1.74325E-1 1.79967E-1 1.81865E-1 1.68323E-1 1.76532E-1 1.80525E-1 1.85441E-1 1.76172E-1 2.01886E-1 2.05757E-1 2.14003E-1 2.14504E-1 2.12072E-1 2.0919E-1 2.1953E-1 2.44845E-1 2.54859E-1 2.67781E-1 2.68371E-1 2.0609E-1 1.85983E-1 1.65868E-1 1.63828E-1 1.53685E-1 1.323E-1 1.19279E-1 1.11589E-1 1.10974E-1 1.14149E-1 1.13384E-1 9.71824E-2 9.21685E-2 1.17497E-1 1.56735E-1 2.0526E-1 2.09255E-1 1.58061E-1 1.17664E-1 1.38664E-1 1.38176E-1 1.20422E-1 1.2011E-1 1.3327E-1 1.31569E-1 1.22085E-1 1.03233E-1 9.94008E-2 9.58177E-2 1.30664E-1 1.77291E-1 1.82904E-1 1.93544E-1 1.99198E-1 2.19881E-1 2.40571E-1 2.67023E-1 2.63157E-1 2.77153E-1 2.88005E-1 2.97179E-1 3.18691E-1
1.84385E-1 2.00289E-1 1.83551E-1 1.83738E-1 2.04946E-1 2.17423E-1 1.97405E-1 2.11014E-1 2.3661E-1 2.65378E-1 2.59921E-1 2.77898E-1 2.61023E-1 3.03326E-1 3.63797E-1 4.36138E-1 3.57571E-1 2.85409E-1 2.21723E-1 1.9213E-1 1.72511E-1 1.6569E-1 1.66376E-1 1.45198E-1 1.20119E-1 1.10234E-1 1.0616E-1 1.08969E-1 1.05386E-1 1.01627E-1 8.73841E-2 7.5818E-2 1.0604E-1 1.46964E-1 2.07039E-1 1.8211E-1 1.52067E-1 1.13291E-1 1.27906E-1 1.23458E-1 1.15288E-1 1.26687E-1 1.40295E-1 1.21316E-1 1.12499E-1 1.04716E-1 1.15215E-1 1.50402E-1 1.77086E-1 2.09003E-1 2.10064E-1 2.2327E-1 2.38783E-1 2.52638E-1 2.64119E-1 2.86641E-1 3.06314E-1 3.27297E-1 3.43043E-1 3.54443E-1 3.76E-1
2.4688E-1 2.70583E-1 2.85131E-1 3.08428E-1 3.42291E-1 3.81773E-1 4.10984E-1 4.2559E-1 4.53876E-1 4.54111E-1 3.86648E-1 3.53581E-1 3.02877E-1 4.01999E-1 4.97634E-1 4.87584E-1 4.52156E-1 3.55123E-1 2.64348E-1 2.03559E-1 1.58799E-1 1.61202E-1 1.5676E-1 1.33767E-1 1.11654E-1 1.05484E-1 1.06164E-1 1.12107E-1 1.0599E-1 1.09265E-1 1.11029E-1 1.08395E-1 1.41488E-1 1.52315E-1 1.90411E-1 1.80025E-1 1.6094E-1 1.19959E-1 1.37896E-1 1.38785E-1 1.28574E-1 1.46643E-1 1.48055E-1 1.35262E-1 1.31711E-1 1.31638E-1 1.34297E-1 1.75083E-1 1.95595E-1 2.05348E-1 2.13884E-1 3.02221E-1 2.61683E-1 2.6782E-1 2.95366E-1 3.38223E-1 3.9807E-1 4.3001E-1 4.19214E-1 4.78445E-1 5.91465E-1
4.29853E-1 5.05786E-1 5.18183E-1 5.29825E-1 5.26732E-1 5.19378E-1 5.12253E-1 5.08931E-1 5.11055E-1 5.12108E-1 5.18648E-1 5.14166E-1 5.11757E-1 5.37105E-1 5.4036E-1 5.35262E-1 5.1793E-1 3.89932E-1 2.40852E-1 1.66586E-1 1.34136E-1 1.27963E-1 1.62066E-1 1.42949E-1 1.17409E-1 1.08666E-1 1.11075E-1 1.02575E-1 1.00007E-1 1.14911E-1 1.18325E-1 1.44261E-1 1.61736E-1 1.54064E-1 2.02554E-1 1.80952E-1 1.70393E-1 1.17662E-1 1.38974E-1 1.4679E-1 1.5295E-1 1.64071E-1 1.46215E-1 1.42574E-1 1.57664E-1 1.69162E-1 1.86149E-1 1.75381E-1 2.036E-1 2.1171E-1 2.27309E-1 2.77102E-1 2.71725E-1 3.0654E-1 4.09655E-1 4.63568E-1 4.54762E-1 5.22773E-1 -9999 6.57288E-1 -9999
5.54284E-1 5.47006E-1 5.37596E-1 5.35202E-1 5.26174E-1 5.18382E-1 5.1433E-1 5.0933E-1 5.13961E-1 5.24414E-1 5.32479E-1 5.3815E-1 5.4271E-1 5.48423E-1 5.49563E-1 5.40006E-1 4.76214E-1 3.91419E-1 2.53272E-1 1.86673E-1 1.52862E-1 1.2955E-1 1.44457E-1 1.59653E-1 1.36727E-1 1.14179E-1 1.0476E-1 9.76297E-2 1.14914E-1 1.11213E-1 1.20475E-1 1.53028E-1 1.6508E-1 1.86945E-1 1.94016E-1 1.85225E-1 1.59009E-1 1.42484E-1 1.24732E-1 1.45869E-1 1.65013E-1 1.56159E-1 1.53835E-1 1.46063E-1 1.69112E-1 1.81286E-1 2.02177E-1 2.2399E-1 2.00968E-1 2.16272E-1 2.47115E-1 2.78493E-1 3.11067E-1 3.66638E-1 -9999 -9999 -9999 -9999 -9999 -9999 -9999
5.58434E-1 5.33425E-1 4.91935E-1 4.39202E-1 4.22009E-1 4.14181E-1 4.06831E-1 4.05482E-1 4.405E-1 4.96199E-1 5.08535E-1 5.1076E-1 5.16395E-1 5.03706E-1 4.56939E-1 3.44865E-1 3.02743E-1 2.79802E-1 2.57793E-1 2.36261E-1 2.07716E-1 1.70539E-1 1.61032E-1 1.60978E-1 1.55619E-1 1.35749E-1 1.19225E-1 1.20308E-1 1.2869E-1 1.48571E-1 1.35894E-1 1.6052E-1 1.75566E-1 1.90622E-1 1.90874E-1 1.75371E-1 1.46799E-1 1.42894E-1 1.3862E-1 1.54152E-1 1.69565E-1 1.59103E-1 1.58786E-1 1.61657E-1 1.91187E-1 1.98755E-1 1.84519E-1 1.96453E-1 2.28248E-1 2.50793E-1 2.73734E-1 3.19978E-1 3.79331E-1 -9999 -9999 -9999 -9999 -9999 -9999 -9999 -9999
3.89861E-1 3.6199E-1 3.34154E-1 3.05515E-1 2.89524E-1 2.79077E-1 2.7532E-1 2.80996E-1 2.96427E-1 3.28141E-1 3.22325E-1 3.07664E-1 3.07018E-1 3.26295E-1 3.04516E-1 2.88322E-1 2.83085E-1 2.72777E-1 2.78712E-1 2.96106E-1 2.67679E-1 2.37684E-1 2.12069E-1 1.79714E-1 1.6286E-1 1.45567E-1 1.39611E-1 1.3432E-1 1.33879E-1 1.76987E-1 1.72888E-1 1.71163E-1 1.96574E-1 2.02584E-1 1.79495E-1 1.62712E-1 1.47613E-1 1.40996E-1 1.45107E-1 1.68254E-1 1.79364E-1 1.61083E-1 1.56795E-1 1.97077E-1 2.26124E-1 2.18834E-1 2.11455E-1 2.20165E-1 2.59848E-1 2.73474E-1 3.23032E-1 3.82887E-1 -9999 -9999 -9999 -9999 -9999 -9999 -9999 -9999 -9999
3.2174E-1 3.14676E-1 2.87284E-1 2.65662E-1 2.59039E-1 2.47747E-1 2.36949E-1 2.48774E-1 2.62794E-1 2.64405E-1 2.66889E-1 2.64776E-1 2.68043E-1 2.81237E-1 2.80755E-1 2.72426E-1 2.64805E-1 2.57894E-1 2.49794E-1 2.54638E-1 2.34842E-1 2.19103E-1 2.12295E-1 2.02384E-1 1.90407E-1 1.73707E-1 1.7966E-1 1.69032E-1 1.77026E-1 1.93596E-1 1.85523E-1 1.96379E-1 2.16146E-1 2.086E-1 1.84662E-1 1.64064E-1 1.40998E-1 1.38293E-1 1.64843E-1 1.76556E-1 1.85841E-1 1.68087E-1 1.70083E-1 2.08531E-1 2.32078E-1 2.38135E-1 2.38596E-1 2.66492E-1 2.93945E-1 3.29927E-1 3.85235E-1 4.07987E-1 -9999 -9999 -9999 -9999 -9999 -9999 -9999 -9999 -9999
3.20179E-1 3.32419E-1 2.81262E-1 2.39727E-1 2.25504E-1 2.22993E-1 2.13529E-1 2.25304E-1 2.3755E-1 2.25959E-1 2.25679E-1 2.35931E-1 2.3891E-1 2.70581E-1 2.76608E-1 2.42882E-1 2.26804E-1 2.23039E-1 2.13452E-1 1.97487E-1 1.73104E-1 1.78194E-1 1.70019E-1 1.59577E-1 1.54885E-1 1.60906E-1 1.88209E-1 1.98325E-1 1.99163E-1 2.03272E-1 1.96476E-1 2.18164E-1 2.28246E-1 2.15721E-1 1.93213E-1 1.81343E-1 1.30188E-1 1.41158E-1 1.61675E-1 1.99578E-1 1.93915E-1 1.92556E-1 1.81116E-1 2.10864E-1 2.47183E-1 2.62854E-1 2.61732E-1 2.88408E-1 3.1784E-1 3.65175E-1 4.02952E-1 6.47449E-1 -9999 -9999 -9999 -9999 -9999 -9999 -9999 -9999 -9999
4.13466E-1 3.27674E-1 2.45774E-1 2.13841E-1 1.78026E-1 1.69456E-1 1.83874E-1 2.15399E-1 2.07497E-1 2.00197E-1 2.05764E-1 2.19728E-1 2.13264E-1 2.79295E-1 2.92685E-1 2.17015E-1 2.05767E-1 1.95285E-1 1.91355E-1 1.79487E-1 1.63553E-1 1.69377E-1 1.63776E-1 1.55234E-1 1.47457E-1 1.63293E-1 1.50793E-1 1.70899E-1 1.79766E-1 1.86939E-1 1.95865E-1 2.30867E-1 2.29887E-1 2.04909E-1 1.73738E-1 1.80529E-1 1.50629E-1 1.61968E-1 1.79539E-1 2.08619E-1 2.10636E-1 1.95656E-1 1.94725E-1 2.01753E-1 2.71176E-1 2.88969E-1 3.02064E-1 3.26991E-1 3.70324E-1 4.01646E-1 4.39542E-1 5.14751E-1 -9999 -9999 -9999 -9999 -9999 -9999 -9999 -9999 -9999
3.00296E-1 2.33147E-1 1.82217E-1 1.66737E-1 1.53758E-1 1.41242E-1 1.67344E-1 1.8669E-1 1.90101E-1 1.58814E-1 1.72472E-1 1.76957E-1 2.17561E-1 2.40085E-1 2.17053E-1 2.55211E-1 2.03604E-1 1.89477E-1 1.84823E-1 1.83182E-1 1.72999E-1 1.77922E-1 1.69256E-1 1.63042E-1 1.55973E-1 1.58504E-1 1.4036E-1 1.44242E-1 1.68231E-1 1.66139E-1 1.72824E-1 2.24005E-1 2.34896E-1 2.11117E-1 1.76181E-1 1.66195E-1 1.60999E-1 1.77897E-1 2.07207E-1 2.34523E-1 2.23386E-1 2.16579E-1 2.01725E-1 2.17574E-1 2.84415E-1 3.11537E-1 3.4195E-1 3.69331E-1 3.96487E-1 4.16308E-1 4.64415E-1 4.99833E-1 -9999 -9999 -9999 -9999 -9999 -9999 -9999 -9999 -9999
2.03783E-1 2.01533E-1 1.74304E-1 1.46132E-1 1.35489E-1 1.40831E-1 1.57782E-1 1.45394E-1 1.56313E-1 1.40048E-1 1.56854E-1 1.83174E-1 1.90827E-1 2.14477E-1 1.87392E-1 2.08841E-1 2.03186E-1 1.94046E-1 1.99959E-1 1.99362E-1 1.97919E-1 1.85887E-1 1.76952E-1 1.70022E-1 1.62976E-1 1.49467E-1 1.42941E-1 1.38933E-1 1.56605E-1 1.57533E-1 2.01334E-1 2.23566E-1 2.4425E-1 2.1327E-1 1.92585E-1 1.82291E-1 1.67824E-1 1.89142E-1 2.18556E-1 2.57787E-1 2.54949E-1 2.68896E-1 2.27011E-1 2.44903E-1 3.01589E-1 3.32566E-1 3.62274E-1 3.83908E-1 4.15811E-1 4.49169E-1 -9999 -9999 -9999 -9999 -9999 -9999 -9999 -9999 -9999 -9999 -9999
1.73351E-1 1.57191E-1 1.55531E-1 1.4656E-1 1.38222E-1 1.39534E-1 1.47784E-1 1.2952E-1 1.32107E-1 1.51413E-1 1.5699E-1 1.74E-1 1.76654E-1 1.85842E-1 1.86575E-1 1.86874E-1 1.98117E-1 2.03085E-1 2.0165E-1 2.04543E-1 1.98562E-1 1.90774E-1 1.80563E-1 1.63644E-1 1.50218E-1 1.47593E-1 1.38515E-1 1.4196E-1 1.47415E-1 1.47236E-1 1.74139E-1 2.74021E-1 2.47708E-1 2.04422E-1 1.96755E-1 1.93137E-1 1.85702E-1 2.23679E-1 2.80462E-1 2.97269E-1 2.91727E-1 2.78262E-1 2.58821E-1 2.6898E-1 3.10268E-1 3.49924E-1 3.79401E-1 4.10219E-1 4.39084E-1 4.80064E-1 5.13641E-1 -9999 -9999 -9999 -9999 -9999 -9999 -9999 -9999 -9999 -9999
1.71809E-1 1.73374E-1 1.60201E-1 1.58488E-1 1.48511E-1 1.38248E-1 1.29199E-1 1.29039E-1 1.18404E-1 1.31509E-1 1.53414E-1 1.71113E-1 1.80756E-1 1.88509E-1 1.99667E-1 1.95063E-1 2.03187E-1 2.04125E-1 2.06432E-1 1.98746E-1 1.92436E-1 1.88253E-1 1.7973E-1 1.71764E-1 1.6417E-1 1.58541E-1 1.54036E-1 1.40318E-1 1.54314E-1 1.88193E-1 2.27221E-1 2.91225E-1 2.42219E-1 2.09605E-1 1.99188E-1 2.01909E-1 2.06632E-1 2.47022E-1 3.14113E-1 3.19485E-1 3.00125E-1 2.85948E-1 2.96941E-1 3.03255E-1 3.33115E-1 3.73499E-1 3.87311E-1 4.2032E-1 4.40918E-1 4.71087E-1 5.20234E-1 5.54927E-1 -9999 6.18919E-1 6.4253E-1 -9999 -9999 -9999 -9999 -9999 -9999
1.65803E-1 1.69999E-1 1.49871E-1 1.50774E-1 1.52267E-1 1.40688E-1 1.33527E-1 1.2354E-1 1.20734E-1 1.38558E-1 1.53707E-1 1.66956E-1 1.73024E-1 1.62154E-1 1.78111E-1 1.99686E-1 1.96595E-1 1.90558E-1 1.91961E-1 1.84751E-1 1.90452E-1 1.82447E-1 1.71929E-1 1.84939E-1 1.71483E-1 1.6308E-1 1.54352E-1 1.59243E-1 1.65095E-1 2.66935E-1 2.95987E-1 2.9666E-1 2.51937E-1 2.09951E-1 2.19318E-1 2.10352E-1 2.53202E-1 2.9931E-1 3.35123E-1 3.40766E-1 3.09624E-1 3.08664E-1 3.16859E-1 3.38561E-1 3.60993E-1 4.03428E-1 4.32198E-1 4.64392E-1 4.84684E-1 5.02431E-1 5.1942E-1 5.46441E-1 -9999 -9999 6.80914E-1 7.11328E-1 -9999 -9999 -9999 -9999 -9999
1.66135E-1 1.60374E-1 1.43068E-1 1.37074E-1 1.40808E-1 1.39818E-1 1.3541E-1 1.26853E-1 1.37958E-1 1.45401E-1 1.51549E-1 1.57699E-1 1.6293E-1 1.50571E-1 1.86055E-1 2.02463E-1 2.19155E-1 2.102E-1 1.99559E-1 1.88395E-1 1.91545E-1 1.76913E-1 1.67142E-1 1.8082E-1 1.96845E-1 1.88162E-1 1.8279E-1 2.00686E-1 2.32401E-1 2.58632E-1 2.71221E-1 2.91058E-1 2.51633E-1 2.37962E-1 2.45614E-1 2.46763E-1 2.80883E-1 3.30911E-1 3.62379E-1 3.69791E-1 3.3088E-1 3.48675E-1 3.55095E-1 3.80528E-1 3.9102E-1 4.43706E-1 4.66388E-1 5.09459E-1 5.10887E-1 5.34406E-1 5.49535E-1 5.70284E-1 6.12553E-1 6.4551E-1 6.76868E-1 7.04741E-1 -9999 -9999 -9999 -9999 -9999
1.64017E-1 1.56999E-1 1.49898E-1 1.48064E-1 1.49711E-1 1.62675E-1 1.58241E-1 1.54405E-1 1.52438E-1 1.50656E-1 1.69436E-1 1.60269E-1 1.5313E-1 1.65962E-1 1.65336E-1 1.73963E-1 1.77261E-1 2.03313E-1 2.24273E-1 2.24345E-1 2.0753E-1 1.82899E-1 1.83009E-1 1.96675E-1 2.17334E-1 2.15124E-1 2.12038E-1 2.21846E-1 2.58673E-1 2.69758E-1 2.67895E-1 3.04488E-1 2.7173E-1 2.65104E-1 2.95833E-1 2.96149E-1 3.147E-1 3.60689E-1 3.96084E-1 4.04147E-1 3.84682E-1 3.90016E-1 4.2934E-1 4.37912E-1 4.45094E-1 4.59168E-1 5.1124E-1 5.57391E-1 5.50382E-1 5.5359E-1 6.03362E-1 6.18653E-1 6.25063E-1 6.33405E-1 6.66871E-1 7.77401E-1 -9999 -9999 -9999 -9999 -9999
1.67924E-1 1.67485E-1 1.61856E-1 1.53368E-1 1.67519E-1 1.80064E-1 1.72969E-1 1.75444E-1 1.74692E-1 1.70042E-1 1.83397E-1 1.84343E-1 1.92039E-1 2.0598E-1 1.98543E-1 1.83947E-1 1.60788E-1 1.56781E-1 1.93588E-1 2.25455E-1 2.23768E-1 1.92825E-1 1.89314E-1 2.14554E-1 2.22971E-1 2.32427E-1 2.45919E-1 2.52144E-1 2.69745E-1 2.80148E-1 2.86606E-1 2.97077E-1 2.82167E-1 2.95005E-1 3.17849E-1 3.49232E-1 3.74976E-1 4.17941E-1 4.27817E-1 4.43444E-1 4.76059E-1 4.71675E-1 4.87648E-1 4.80973E-1 4.94575E-1 5.04859E-1 5.36501E-1 5.84941E-1 6.03355E-1 6.52372E-1 6.42505E-1 6.376E-1 6.80552E-1 7.92518E-1 7.64051E-1 -9999 -9999 -9999 -9999 -9999 -9999
1.73883E-1 1.66559E-1 1.65039E-1 1.70775E-1 1.72119E-1 1.63583E-1 1.78635E-1 1.92048E-1 1.79034E-1 2.03109E-1 2.06456E-1 2.35109E-1 2.39548E-1 2.49652E-1 2.42533E-1 2.12231E-1 2.05825E-1 2.13391E-1 2.31079E-1 2.39176E-1 2.00782E-1 1.82894E-1 1.80012E-1 2.06154E-1 2.16667E-1 2.47947E-1 2.58168E-1 2.66221E-1 2.6173E-1 2.7498E-1 2.78279E-1 3.43933E-1 3.05054E-1 3.17238E-1 3.54303E-1 3.99602E-1 4.48955E-1 4.79253E-1 4.89889E-1 5.01682E-1 5.2304E-1 5.28628E-1 5.30515E-1 5.67996E-1 5.24665E-1 6.21173E-1 -9999 -9999 -9999 -9999 6.61253E-1 -9999 -9999 7.28142E-1 7.00657E-1 7.07002E-1 -9999 -9999 -9999 -9999 -9999
1.82895E-1 1.78459E-1 1.75221E-1 1.68438E-1 1.79548E-1 1.83989E-1 1.93447E-1 1.81667E-1 2.13663E-1 2.37855E-1 2.24425E-1 2.0853E-1 2.28828E-1 2.71075E-1 2.51724E-1 2.45404E-1 2.46016E-1 2.54198E-1 2.4627E-1 2.12047E-1 2.04214E-1 1.9457E-1 1.98776E-1 2.51341E-1 2.70127E-1 2.73677E-1 2.73185E-1 2.70518E-1 2.80428E-1 3.28132E-1 3.38047E-1 3.84693E-1 3.45447E-1 3.83571E-1 4.20664E-1 4.53371E-1 5.45677E-1 -9999 -9999 5.66661E-1 5.90503E-1 6.00951E-1 6.09504E-1 6.18232E-1 -9999 6.19956E-1 -9999 -9999 -9999 -9999 -9999 -9999 -9999 -9999 -9999 -9999 -9999 -9999 -9999 -9999 -9999
1.94451E-1 1.89403E-1 1.85111E-1 1.92993E-1 1.91523E-1 1.7834E-1 1.82113E-1 2.17042E-1 2.30097E-1 2.13781E-1 2.08153E-1 2.22844E-1 2.64428E-1 2.7622E-1 2.79472E-1 2.64775E-1 2.47981E-1 2.3957E-1 2.18435E-1 2.11694E-1 2.35624E-1 2.45157E-1 2.55167E-1 2.76763E-1 2.94343E-1 2.93169E-1 2.84586E-1 2.96996E-1 3.40244E-1 3.78514E-1 4.10922E-1 4.26633E-1 4.26385E-1 4.93973E-1 5.29234E-1 5.38873E-1 5.48573E-1 5.47649E-1 5.3918E-1 5.44856E-1 5.97805E-1 5.68783E-1 5.81553E-1 -9999 -9999 -9999 -9999 -9999 -9999 -9999 -9999 -9999 -9999 -9999 -9999 -9999 -9999 -9999 -9999 -9999 -9999
2.08437E-1 1.93363E-1 1.97641E-1 1.92781E-1 1.86277E-1 1.97499E-1 2.2494E-1 2.25157E-1 2.15576E-1 2.27896E-1 2.38938E-1 2.56641E-1 2.74179E-1 2.93137E-1 2.77933E-1 2.61559E-1 2.40619E-1 2.41168E-1 2.50826E-1 2.67933E-1 2.79821E-1 2.82645E-1 2.80973E-1 2.94492E-1 3.12143E-1 3.06805E-1 3.10992E-1 3.39282E-1 3.8718E-1 4.22333E-1 4.75235E-1 4.95512E-1 5.20462E-1 5.00526E-1 5.19775E-1 5.56948E-1 5.72897E-1 5.73799E-1 5.61124E-1 5.55515E-1 -9999 -9999 -9999 -9999 -9999 -9999 -9999 -9999 -9999 -9999 -9999 -9999 -9999 -9999 -9999 -9999 -9999 -9999 -9999 -9999 -9999
2.16553E-1 1.96313E-1 1.81871E-1 1.89773E-1 2.00769E-1 2.35719E-1 2.54639E-1 2.61911E-1 2.60413E-1 2.71212E-1 2.83497E-1 2.9153E-1 2.98543E-1 3.11272E-1 2.81866E-1 2.70476E-1 2.80431E-1 2.88085E-1 3.01341E-1 3.01454E-1 2.96454E-1 3.14994E-1 3.30126E-1 3.2858E-1 3.33396E-1 3.43985E-1 3.6479E-1 3.91525E-1 4.28855E-1 4.69767E-1 4.96782E-1 5.29995E-1 5.52573E-1 5.45103E-1 5.64556E-1 6.2543E-1 6.85389E-1 -9999 -9999 -9999 -9999 -9999 -9999 -9999 -9999 -9999 -9999 -9999 -9999 -9999 -9999 -9999 -9999 -9999 -9999 -9999 -9999 -9999 -9999 -9999 -9999
