maxent_outputs/bumblebees/bombus_290.asc
ncols         426
nrows         180
xllcorner     -130.0
yllcorner     24.0
cellsize      0.16666666666666666
NODATA_value  -9999
[rows 27 to 53 of 180, columns 305 to 365 of 426]
2.10213E-1 2.053E-1 2.02951E-1 2.04553E-1 1.98049E-1 2.04303E-1 2.09621E-1 2.15293E-1 2.16678E-1 2.16539E-1 2.12619E-1 2.03058E-1 1.91204E-1 1.91149E-1 1.94782E-1 2.00826E-1 2.1105E-1 2.10566E-1 2.04769E-1 2.08218E-1 2.08884E-1 2.07618E-1 2.15808E-1 2.21489E-1 2.1299E-1 2.22387E-1 2.31702E-1 2.26005E-1 2.33543E-1 2.38212E-1 2.33552E-1 2.32742E-1 2.35991E-1 2.32634E-1 2.47118E-1 2.32197E-1 2.40868E-1 2.40189E-1 2.55116E-1 2.51121E-1 2.41408E-1 2.56942E-1 2.62722E-1 2.55757E-1 2.41825E-1 2.32015E-1 2.33373E-1 2.46057E-1 2.32395E-1 2.35837E-1 2.34066E-1 2.41508E-1 2.40006E-1 2.45175E-1 2.62617E-1 2.79191E-1 2.7891E-1 3.07229E-1 2.95602E-1 3.19985E-1 3.48666E-1
2.07082E-1 2.03506E-1 2.03084E-1 2.00801E-1 2.0142E-1 2.04424E-1 2.09937E-1 2.08238E-1 2.10235E-1 2.10883E-1 2.11361E-1 2.11691E-1 2.00984E-1 1.93691E-1 1.92638E-1 1.96095E-1 2.00363E-1 1.99915E-1 1.98443E-1 1.97175E-1 1.96422E-1 2.01992E-1 2.07508E-1 2.1244E-1 2.09024E-1 2.2027E-1 2.15909E-1 2.18124E-1 2.28323E-1 2.32902E-1 2.3345E-1 2.29734E-1 2.37391E-1 2.3745E-1 2.44311E-1 2.39881E-1 2.42714E-1 2.46845E-1 2.52297E-1 2.60455E-1 2.59734E-1 2.66425E-1 2.64968E-1 2.58148E-1 2.46022E-1 2.26373E-1 2.36415E-1 2.48448E-1 2.38597E-1 2.29592E-1 2.31826E-1 2.4034E-1 2.49077E-1 2.47282E-1 2.66981E-1 2.8365E-1 2.7864E-1 3.03781E-1 3.26171E-1 3.80322E-1 3.88974E-1
2.15142E-1 2.12297E-1 2.04669E-1 2.0185E-1 2.05356E-1 2.10563E-1 2.15106E-1 2.14521E-1 2.14294E-1 2.18385E-1 2.15745E-1 2.12833E-1 2.10782E-1 2.06689E-1 1.93236E-1 1.89426E-1 1.89429E-1 1.95731E-1 1.96067E-1 1.98414E-1 1.99526E-1 1.99381E-1 2.03648E-1 2.07604E-1 2.05444E-1 2.04464E-1 2.10682E-1 2.1646E-1 2.21561E-1 2.2479E-1 2.24824E-1 2.2994E-1 2.36341E-1 2.38688E-1 2.37867E-1 2.4187E-1 2.52086E-1 2.51247E-1 2.61192E-1 2.73301E-1 2.81441E-1 2.73953E-1 2.71671E-1 2.62869E-1 2.64961E-1 2.60824E-1 2.44308E-1 2.59375E-1 2.64535E-1 2.35412E-1 2.29166E-1 2.39635E-1 2.53204E-1 2.6582E-1 2.71158E-1 2.84077E-1 3.0182E-1 3.11198E-1 3.27109E-1 3.79831E-1 4.35986E-1
2.15947E-1 2.1263E-1 2.03468E-1 2.11721E-1 2.12123E-1 2.11951E-1 2.17671E-1 2.17782E-1 2.16603E-1 2.24336E-1 2.23811E-1 2.20909E-1 2.16238E-1 2.0039E-1 1.9577E-1 1.93287E-1 1.95602E-1 1.96532E-1 1.92912E-1 2.00204E-1 2.02605E-1 2.06917E-1 2.0758E-1 2.05626E-1 2.0449E-1 2.0788E-1 2.14293E-1 2.1753E-1 2.20627E-1 2.16779E-1 2.16634E-1 2.22931E-1 2.20219E-1 2.196E-1 2.27465E-1 2.32249E-1 2.41687E-1 2.54151E-1 2.62113E-1 2.91069E-1 2.9958E-1 2.91957E-1 2.76129E-1 2.72054E-1 2.79386E-1 2.74251E-1 2.76174E-1 2.56234E-1 2.64167E-1 2.2589E-1 2.26616E-1 2.31141E-1 2.52527E-1 2.62565E-1 2.82223E-1 2.905E-1 3.23767E-1 3.47568E-1 3.95481E-1 4.22426E-1 4.89961E-1
2.31443E-1 2.31122E-1 2.10457E-1 2.10521E-1 2.15761E-1 2.21057E-1 2.32788E-1 2.31071E-1 2.29234E-1 2.32285E-1 2.35364E-1 2.32359E-1 2.32723E-1 2.29995E-1 2.07577E-1 1.98745E-1 1.95536E-1 1.97399E-1 1.97126E-1 2.00541E-1 2.12013E-1 2.10694E-1 2.09885E-1 2.12974E-1 2.17691E-1 2.23854E-1 2.33861E-1 2.38311E-1 2.23286E-1 2.11959E-1 2.12134E-1 2.21439E-1 2.18229E-1 2.0459E-1 2.10311E-1 2.12862E-1 2.2262E-1 2.38326E-1 2.6647E-1 3.00067E-1 3.14459E-1 3.21183E-1 3.08714E-1 3.01441E-1 2.95007E-1 2.97431E-1 3.08362E-1 2.92586E-1 2.82663E-1 2.36323E-1 2.34369E-1 2.40644E-1 2.41698E-1 2.50248E-1 2.69496E-1 3.09436E-1 3.59806E-1 3.95309E-1 4.41373E-1 4.84118E-1 5.28764E-1
2.44104E-1 2.44435E-1 2.41583E-1 2.40255E-1 2.41845E-1 2.40532E-1 2.45776E-1 2.30505E-1 2.28938E-1 2.4139E-1 2.44329E-1 2.5207E-1 2.62494E-1 2.36542E-1 2.13705E-1 2.08518E-1 2.08144E-1 2.04114E-1 2.07352E-1 2.14152E-1 2.17902E-1 2.18506E-1 2.1426E-1 2.28121E-1 2.38148E-1 2.42244E-1 2.50443E-1 2.50617E-1 2.44164E-1 2.21971E-1 2.19334E-1 2.23335E-1 2.13014E-1 2.05181E-1 2.12632E-1 2.18806E-1 2.14731E-1 2.31465E-1 2.46488E-1 2.8109E-1 3.20997E-1 3.60299E-1 3.89303E-1 3.86082E-1 3.5626E-1 3.40365E-1 3.40019E-1 3.31009E-1 3.37524E-1 3.2279E-1 2.76622E-1 2.53409E-1 2.53563E-1 2.62782E-1 3.00993E-1 3.47323E-1 3.66934E-1 4.19002E-1 4.82972E-1 5.19087E-1 5.49271E-1
2.63123E-1 2.6185E-1 2.68083E-1 2.74242E-1 2.82871E-1 2.79417E-1 2.74326E-1 2.50077E-1 2.4263E-1 2.43864E-1 2.66741E-1 2.95618E-1 2.79109E-1 2.44497E-1 2.21182E-1 2.2131E-1 2.17849E-1 2.13009E-1 2.10346E-1 2.1225E-1 2.13766E-1 2.22953E-1 2.30385E-1 2.38978E-1 2.51048E-1 2.39117E-1 2.45473E-1 2.53882E-1 2.42648E-1 2.3688E-1 2.30832E-1 2.23701E-1 2.11271E-1 2.12027E-1 2.17798E-1 2.22923E-1 2.27092E-1 2.39369E-1 2.52261E-1 2.64549E-1 2.86159E-1 3.12895E-1 3.44171E-1 3.61752E-1 3.45028E-1 3.50255E-1 3.66046E-1 3.81292E-1 3.9283E-1 3.97668E-1 3.93017E-1 3.66548E-1 3.55563E-1 3.42783E-1 3.54245E-1 3.95498E-1 4.2656E-1 4.70801E-1 5.22235E-1 5.36455E-1 -9999
2.73801E-1 2.73614E-1 2.83352E-1 2.96378E-1 3.05793E-1 3.04957E-1 3.00316E-1 2.78551E-1 2.72028E-1 2.7484E-1 3.00289E-1 3.02981E-1 2.87944E-1 2.64652E-1 2.42275E-1 2.25077E-1 2.20629E-1 2.18747E-1 2.19385E-1 2.16494E-1 2.227E-1 2.23624E-1 2.27874E-1 2.40858E-1 2.4971E-1 2.42514E-1 2.43402E-1 2.48643E-1 2.43396E-1 2.30896E-1 2.19988E-1 2.23863E-1 2.14239E-1 2.1703E-1 2.30038E-1 2.33643E-1 2.45151E-1 2.72581E-1 2.71877E-1 2.77702E-1 2.88752E-1 3.13411E-1 3.09974E-1 3.16752E-1 3.10796E-1 3.18516E-1 3.37101E-1 3.57388E-1 3.77082E-1 3.77493E-1 3.76051E-1 3.66571E-1 3.71454E-1 4.26517E-1 4.58198E-1 4.99149E-1 4.93418E-1 5.22561E-1 5.31121E-1 -9999 6.21484E-1
2.82719E-1 2.86729E-1 2.87003E-1 2.94058E-1 2.99459E-1 3.03408E-1 3.12929E-1 3.18962E-1 3.01371E-1 2.94131E-1 3.0479E-1 3.18401E-1 3.05695E-1 2.82568E-1 2.5244E-1 2.42179E-1 2.26804E-1 2.2537E-1 2.29614E-1 2.3307E-1 2.34938E-1 2.30487E-1 2.36914E-1 2.54616E-1 2.52856E-1 2.49854E-1 2.5509E-1 2.59201E-1 2.52579E-1 2.34562E-1 2.25487E-1 2.31788E-1 2.27709E-1 2.2726E-1 2.39783E-1 2.61988E-1 2.77906E-1 2.90472E-1 2.95953E-1 2.91105E-1 2.96692E-1 3.09093E-1 3.03637E-1 3.18364E-1 3.12068E-1 2.98646E-1 2.96447E-1 3.07184E-1 3.42615E-1 3.63004E-1 3.68858E-1 3.63141E-1 3.42257E-1 3.58005E-1 4.14421E-1 4.83287E-1 5.37122E-1 6.1544E-1 6.22394E-1 5.90031E-1 5.50003E-1
2.97214E-1 2.98635E-1 3.13044E-1 3.20573E-1 3.18162E-1 3.0706E-1 3.27151E-1 3.16128E-1 3.15315E-1 3.07015E-1 3.13765E-1 3.17251E-1 3.06505E-1 2.92591E-1 2.77914E-1 2.66807E-1 2.61103E-1 2.60039E-1 2.50308E-1 2.49301E-1 2.50658E-1 2.51115E-1 2.57857E-1 2.58864E-1 2.58869E-1 2.58471E-1 2.72099E-1 2.74378E-1 2.71443E-1 2.60682E-1 2.50619E-1 2.42037E-1 2.30297E-1 2.41462E-1 2.70782E-1 2.8232E-1 3.01966E-1 3.13177E-1 3.30944E-1 3.30061E-1 3.23397E-1 3.29805E-1 3.25854E-1 3.21769E-1 3.20956E-1 2.96525E-1 2.91043E-1 3.05617E-1 3.08432E-1 3.28089E-1 3.35223E-1 3.29454E-1 3.518E-1 3.45304E-1 4.07632E-1 5.02484E-1 5.72189E-1 6.1698E-1 5.77129E-1 5.20178E-1 4.87788E-1
3.10282E-1 3.19648E-1 3.33631E-1 3.28087E-1 3.04948E-1 3.00391E-1 3.28286E-1 3.40118E-1 3.28126E-1 3.29906E-1 3.3636E-1 3.21249E-1 3.14528E-1 3.03757E-1 2.90661E-1 2.89339E-1 2.87017E-1 2.83486E-1 2.72251E-1 2.65125E-1 2.73287E-1 2.7185E-1 2.74937E-1 2.77335E-1 2.76219E-1 2.81183E-1 2.82749E-1 2.78921E-1 2.80039E-1 2.78772E-1 2.69891E-1 2.66548E-1 2.45897E-1 2.62507E-1 2.88938E-1 3.15631E-1 3.20897E-1 3.35189E-1 3.39034E-1 3.47032E-1 3.45359E-1 3.40373E-1 3.41291E-1 3.45447E-1 3.41093E-1 3.28156E-1 3.2354E-1 3.40327E-1 3.38746E-1 3.46721E-1 3.44991E-1 3.53568E-1 4.04417E-1 3.99476E-1 4.07749E-1 4.98887E-1 6.2043E-1 5.8226E-1 5.41197E-1 4.76903E-1 4.43438E-1
3.35054E-1 3.45021E-1 3.67397E-1 3.58858E-1 3.23628E-1 3.05675E-1 3.25948E-1 3.37538E-1 3.40729E-1 3.47246E-1 3.4509E-1 3.40663E-1 3.29421E-1 3.21385E-1 3.0741E-1 3.13645E-1 3.02683E-1 2.84383E-1 2.90817E-1 2.92541E-1 2.85076E-1 2.88316E-1 2.97582E-1 3.01035E-1 3.05636E-1 3.04119E-1 2.96732E-1 2.94814E-1 2.99585E-1 3.10081E-1 3.15706E-1 3.00396E-1 2.75443E-1 2.81936E-1 3.13108E-1 3.23325E-1 3.34757E-1 3.45031E-1 3.59083E-1 3.50321E-1 3.58329E-1 3.72162E-1 3.64776E-1 3.66812E-1 3.55546E-1 3.59922E-1 3.66512E-1 3.7066E-1 3.72694E-1 3.76488E-1 3.9194E-1 4.70954E-1 4.14368E-1 4.2821E-1 4.57433E-1 5.86765E-1 5.66423E-1 5.52198E-1 4.84254E-1 4.65016E-1 4.3921E-1
3.53412E-1 3.51958E-1 3.50486E-1 3.57008E-1 3.49104E-1 3.34888E-1 3.36121E-1 3.49759E-1 3.50462E-1 3.54449E-1 3.48567E-1 3.56614E-1 3.42625E-1 3.39221E-1 3.34948E-1 3.36364E-1 3.20006E-1 3.04988E-1 3.10417E-1 3.06656E-1 3.05644E-1 3.08728E-1 3.16881E-1 3.21961E-1 3.29565E-1 3.18163E-1 3.13126E-1 3.23779E-1 3.27334E-1 3.32713E-1 3.04195E-1 3.08941E-1 2.99937E-1 2.99111E-1 3.16971E-1 3.30234E-1 3.44089E-1 3.55235E-1 3.80821E-1 3.78498E-1 3.76365E-1 3.87368E-1 3.89297E-1 3.90178E-1 3.88473E-1 4.03948E-1 4.14456E-1 4.03468E-1 3.88091E-1 3.87338E-1 4.42309E-1 5.19727E-1 5.22845E-1 4.86077E-1 5.88696E-1 5.36255E-1 4.90695E-1 4.56569E-1 4.42406E-1 4.5323E-1 4.4908E-1
3.68735E-1 3.69826E-1 3.65562E-1 3.60036E-1 3.61108E-1 3.57557E-1 3.43286E-1 3.51675E-1 3.5098E-1 3.48441E-1 3.46711E-1 3.45393E-1 3.42697E-1 3.33931E-1 3.34367E-1 3.49059E-1 3.3359E-1 3.26109E-1 3.2173E-1 3.1901E-1 3.22695E-1 3.31077E-1 3.40841E-1 3.40044E-1 3.46645E-1 3.37523E-1 3.26948E-1 3.18871E-1 3.20701E-1 3.2298E-1 3.08931E-1 3.05152E-1 3.00061E-1 3.03834E-1 3.10228E-1 3.22645E-1 3.48129E-1 3.70357E-1 3.82185E-1 3.8121E-1 3.89572E-1 4.06475E-1 3.99855E-1 4.02953E-1 4.19098E-1 4.36381E-1 4.6543E-1 4.53141E-1 4.62944E-1 4.71785E-1 5.33661E-1 5.24186E-1 -9999 5.51489E-1 5.08943E-1 4.83921E-1 4.21582E-1 4.05879E-1 4.25039E-1 4.26695E-1 4.27803E-1
3.91721E-1 3.82142E-1 3.76782E-1 3.82269E-1 3.74997E-1 3.71856E-1 3.67203E-1 3.66186E-1 3.58238E-1 3.5112E-1 3.49711E-1 3.53181E-1 3.47847E-1 3.39902E-1 3.42864E-1 3.44422E-1 3.45303E-1 3.40748E-1 3.40657E-1 3.52878E-1 3.68648E-1 3.61014E-1 3.69297E-1 3.65811E-1 3.6344E-1 3.45831E-1 3.32468E-1 3.22373E-1 3.10337E-1 3.05198E-1 3.07869E-1 3.1377E-1 3.13764E-1 3.04973E-1 3.15351E-1 3.32122E-1 3.5271E-1 3.8932E-1 4.02733E-1 4.16162E-1 4.06148E-1 4.21126E-1 4.18186E-1 4.41334E-1 4.59994E-1 5.0368E-1 5.37309E-1 5.3258E-1 5.59515E-1 5.4866E-1 5.38988E-1 6.03993E-1 5.42725E-1 4.97519E-1 4.6815E-1 4.51088E-1 3.9943E-1 3.87396E-1 4.08384E-1 4.08525E-1 4.1398E-1
4.0228E-1 4.0068E-1 3.86206E-1 3.8406E-1 3.74005E-1 3.68084E-1 3.64622E-1 3.81545E-1 3.61651E-1 3.5193E-1 3.47142E-1 3.50346E-1 3.45148E-1 3.41678E-1 3.46025E-1 3.57204E-1 3.58923E-1 3.67713E-1 3.7633E-1 3.89073E-1 3.97739E-1 3.93037E-1 3.87079E-1 3.76111E-1 3.67328E-1 3.54143E-1 3.40208E-1 3.2778E-1 3.12224E-1 3.19258E-1 3.14348E-1 3.11581E-1 3.11528E-1 3.24831E-1 3.35214E-1 3.51257E-1 3.79605E-1 4.19545E-1 4.40619E-1 4.44068E-1 4.29192E-1 4.34528E-1 4.44218E-1 4.64687E-1 5.03462E-1 5.26875E-1 5.52485E-1 5.61976E-1 5.54292E-1 4.94752E-1 4.62256E-1 4.90807E-1 4.776E-1 4.71774E-1 4.61752E-1 4.3018E-1 3.91927E-1 3.95301E-1 3.91654E-1 3.9207E-1 3.85707E-1
3.8838E-1 3.90702E-1 3.83027E-1 3.84915E-1 3.79627E-1 3.67368E-1 3.70682E-1 3.72129E-1 3.71743E-1 3.59557E-1 3.59616E-1 3.6342E-1 3.52024E-1 3.56646E-1 3.62418E-1 3.66204E-1 3.89535E-1 3.92913E-1 3.99659E-1 4.19218E-1 4.28023E-1 3.8558E-1 3.8767E-1 3.90435E-1 3.88348E-1 3.59336E-1 3.5084E-1 3.36794E-1 3.343E-1 3.32133E-1 3.31203E-1 3.332E-1 3.42767E-1 3.2859E-1 3.51345E-1 3.65789E-1 4.05933E-1 4.36298E-1 4.77624E-1 4.49315E-1 4.43654E-1 4.53439E-1 4.62035E-1 4.86476E-1 5.03702E-1 5.27848E-1 5.50643E-1 5.49568E-1 5.11396E-1 4.69151E-1 4.39138E-1 4.5124E-1 4.55539E-1 4.53654E-1 4.5959E-1 4.29723E-1 4.00326E-1 3.84749E-1 3.83384E-1 3.86606E-1 3.64133E-1
3.72298E-1 3.82658E-1 3.83312E-1 3.69938E-1 3.847E-1 3.85268E-1 3.78177E-1 3.79335E-1 3.73235E-1 3.62631E-1 3.66975E-1 3.81944E-1 3.76934E-1 3.74272E-1 3.70678E-1 3.80432E-1 4.02541E-1 4.0953E-1 4.11678E-1 4.10359E-1 4.06906E-1 4.01794E-1 4.05335E-1 4.06177E-1 4.07428E-1 3.86858E-1 3.79326E-1 3.62625E-1 3.58347E-1 3.66048E-1 3.59348E-1 3.49301E-1 3.45726E-1 3.55051E-1 3.66028E-1 4.07911E-1 4.37019E-1 4.85003E-1 5.34046E-1 4.84623E-1 4.63067E-1 5.09307E-1 5.25282E-1 5.31135E-1 5.21824E-1 5.22497E-1 5.29724E-1 5.18596E-1 4.86325E-1 4.16365E-1 4.03903E-1 4.23295E-1 4.30651E-1 4.59182E-1 4.4922E-1 4.29871E-1 4.06243E-1 3.83574E-1 3.83947E-1 3.74199E-1 3.66311E-1
3.3935E-1 3.7068E-1 3.89504E-1 3.76765E-1 3.84338E-1 3.76325E-1 3.76365E-1 3.84907E-1 3.91611E-1 3.77365E-1 3.79326E-1 3.87853E-1 4.02661E-1 3.89393E-1 3.85563E-1 3.97896E-1 4.16591E-1 4.18633E-1 4.28736E-1 4.28581E-1 4.27117E-1 4.34409E-1 4.31344E-1 4.14482E-1 4.20732E-1 4.11769E-1 3.93155E-1 3.78563E-1 3.55933E-1 3.87386E-1 4.15223E-1 4.11931E-1 3.86889E-1 3.99994E-1 4.19098E-1 4.45909E-1 4.74363E-1 5.17184E-1 5.54332E-1 5.4351E-1 4.8943E-1 5.07331E-1 5.08952E-1 5.17697E-1 5.14027E-1 5.13446E-1 5.16885E-1 4.86787E-1 4.50858E-1 4.05849E-1 3.96839E-1 4.04753E-1 4.29134E-1 4.36685E-1 4.31038E-1 4.16605E-1 3.93502E-1 3.96879E-1 3.87683E-1 3.89087E-1 3.77188E-1
3.3219E-1 3.6578E-1 3.77292E-1 3.69341E-1 3.85506E-1 3.99078E-1 4.00915E-1 4.11738E-1 4.19411E-1 3.96661E-1 3.75394E-1 3.90567E-1 4.00985E-1 4.03246E-1 4.10632E-1 4.07091E-1 4.26049E-1 4.41196E-1 4.69061E-1 4.6207E-1 4.7406E-1 4.66352E-1 4.50703E-1 4.43377E-1 4.55889E-1 4.29281E-1 4.13882E-1 4.00786E-1 3.90757E-1 4.39526E-1 4.86089E-1 4.73034E-1 4.59438E-1 4.63013E-1 4.69954E-1 4.87221E-1 5.2337E-1 5.39716E-1 5.68232E-1 5.34498E-1 4.74788E-1 4.57109E-1 4.88408E-1 5.13209E-1 5.17237E-1 5.30216E-1 5.18941E-1 4.72376E-1 4.44719E-1 4.21929E-1 3.9758E-1 3.9501E-1 3.92717E-1 3.89842E-1 3.92459E-1 3.93636E-1 3.87363E-1 4.00529E-1 3.9982E-1 3.96248E-1 3.93583E-1
3.20633E-1 3.55428E-1 3.68616E-1 3.80083E-1 3.77701E-1 3.81696E-1 3.89641E-1 4.08099E-1 4.21626E-1 4.26888E-1 4.14339E-1 4.03749E-1 4.0644E-1 4.25607E-1 4.34559E-1 4.29641E-1 4.34344E-1 4.58159E-1 4.93097E-1 5.05776E-1 5.12667E-1 4.92686E-1 4.70971E-1 4.67032E-1 4.78594E-1 4.59415E-1 4.50719E-1 4.35895E-1 4.29157E-1 4.94289E-1 4.99669E-1 5.01624E-1 4.94817E-1 4.88377E-1 5.02284E-1 5.25525E-1 5.75737E-1 5.74909E-1 5.50514E-1 5.29185E-1 4.77209E-1 4.59009E-1 4.87339E-1 5.09707E-1 5.22641E-1 5.36673E-1 5.26123E-1 4.80496E-1 4.59101E-1 4.36283E-1 4.10285E-1 3.91832E-1 3.52978E-1 3.41928E-1 3.70538E-1 3.78246E-1 3.89815E-1 3.96161E-1 3.9835E-1 3.8438E-1 3.78726E-1
3.45155E-1 3.6056E-1 3.7572E-1 3.91337E-1 3.84049E-1 3.83956E-1 3.90663E-1 4.00124E-1 4.09209E-1 4.14785E-1 4.21849E-1 4.51454E-1 4.34649E-1 4.49002E-1 4.56855E-1 4.422E-1 4.4835E-1 4.66868E-1 4.91861E-1 5.10756E-1 5.14904E-1 5.10743E-1 4.923E-1 4.8865E-1 5.04951E-1 4.79188E-1 4.80201E-1 4.8496E-1 4.85908E-1 5.12935E-1 5.20314E-1 5.2565E-1 5.13244E-1 4.92575E-1 5.37906E-1 5.8212E-1 5.76725E-1 5.4144E-1 5.24795E-1 5.55083E-1 5.29231E-1 5.02382E-1 4.98067E-1 5.03847E-1 5.02313E-1 5.14428E-1 5.16394E-1 4.87854E-1 4.62485E-1 4.51822E-1 4.32918E-1 3.88743E-1 3.53523E-1 3.48549E-1 3.75238E-1 3.9329E-1 4.01729E-1 4.08242E-1 3.99731E-1 3.98585E-1 3.88099E-1
3.8121E-1 3.86944E-1 3.99149E-1 4.05172E-1 4.05447E-1 3.87337E-1 3.86537E-1 3.88073E-1 4.14422E-1 4.10913E-1 4.23088E-1 4.39166E-1 4.48638E-1 4.65348E-1 4.75275E-1 4.59606E-1 4.44138E-1 4.63611E-1 4.90317E-1 5.07525E-1 5.16271E-1 5.24721E-1 5.23631E-1 5.27568E-1 5.14553E-1 5.21708E-1 5.1981E-1 5.09318E-1 5.22496E-1 5.44006E-1 5.56909E-1 5.53055E-1 5.46591E-1 5.60678E-1 5.96099E-1 5.87842E-1 5.70445E-1 5.52634E-1 5.43788E-1 5.56508E-1 5.40244E-1 5.16932E-1 4.97446E-1 4.75082E-1 4.79054E-1 4.97563E-1 5.06726E-1 4.88532E-1 4.65822E-1 4.62059E-1 4.55377E-1 4.14559E-1 3.77433E-1 3.73543E-1 3.86159E-1 4.04992E-1 4.38872E-1 4.21566E-1 4.05258E-1 4.14936E-1 4.51405E-1
4.29095E-1 4.28529E-1 4.33757E-1 4.27389E-1 4.11018E-1 4.01934E-1 3.9152E-1 3.91836E-1 4.01472E-1 4.23663E-1 4.39443E-1 4.38535E-1 4.54488E-1 4.62191E-1 4.71203E-1 4.86919E-1 4.60462E-1 4.7078E-1 5.06218E-1 5.28179E-1 5.3492E-1 5.31909E-1 5.45739E-1 5.56682E-1 5.59063E-1 5.51963E-1 5.40717E-1 5.44539E-1 5.44379E-1 5.63148E-1 5.71313E-1 5.89663E-1 6.06579E-1 6.16475E-1 6.1783E-1 6.03984E-1 5.86649E-1 5.77924E-1 5.75978E-1 5.74327E-1 5.4743E-1 5.09434E-1 4.85443E-1 4.46976E-1 4.59598E-1 4.88412E-1 5.01723E-1 4.95569E-1 4.89831E-1 4.66632E-1 4.47049E-1 4.26717E-1 4.12468E-1 4.00921E-1 3.97447E-1 4.16491E-1 4.4191E-1 4.63815E-1 4.20178E-1 4.2835E-1 4.68101E-1
4.88247E-1 4.6659E-1 4.50282E-1 4.33518E-1 4.27594E-1 4.12307E-1 3.9751E-1 4.07822E-1 4.13451E-1 4.10226E-1 3.98555E-1 4.06585E-1 4.36935E-1 4.56915E-1 4.68499E-1 4.67043E-1 4.6232E-1 4.69225E-1 4.95572E-1 5.46387E-1 5.62434E-1 5.4616E-1 5.47988E-1 5.62131E-1 5.634E-1 5.64058E-1 5.59477E-1 5.55507E-1 5.5767E-1 5.73615E-1 5.98574E-1 6.16753E-1 6.17944E-1 6.10762E-1 6.04081E-1 5.85373E-1 5.7481E-1 5.7834E-1 5.85621E-1 5.79551E-1 5.49509E-1 5.0793E-1 4.63468E-1 4.21097E-1 4.47464E-1 4.85592E-1 4.87578E-1 4.92485E-1 4.87464E-1 4.73757E-1 4.45759E-1 4.0508E-1 4.03802E-1 4.17649E-1 4.17365E-1 4.43113E-1 4.3449E-1 4.60719E-1 4.92127E-1 5.17857E-1 5.50089E-1
5.19516E-1 4.99706E-1 4.8635E-1 4.74455E-1 4.49663E-1 4.2752E-1 4.15417E-1 4.05774E-1 4.14369E-1 4.1202E-1 4.05342E-1 4.14437E-1 4.0833E-1 4.25089E-1 4.61342E-1 4.71396E-1 4.71408E-1 4.57866E-1 4.64295E-1 5.16298E-1 5.4971E-1 5.59009E-1 5.68602E-1 5.70277E-1 5.64329E-1 5.81087E-1 5.84927E-1 5.80749E-1 5.88734E-1 5.76641E-1 5.95465E-1 5.9425E-1 5.77446E-1 5.49149E-1 5.26336E-1 5.35953E-1 5.37879E-1 5.57476E-1 5.75453E-1 5.84773E-1 5.60334E-1 5.47538E-1 4.96489E-1 4.59994E-1 4.55482E-1 4.57157E-1 4.45972E-1 4.29183E-1 4.28527E-1 4.1302E-1 4.1524E-1 4.31793E-1 4.43612E-1 4.44243E-1 4.46535E-1 4.53334E-1 4.56599E-1 5.02616E-1 5.62073E-1 5.83668E-1 5.95168E-1
5.0924E-1 5.05658E-1 5.07935E-1 4.92123E-1 4.73681E-1 4.46766E-1 4.45639E-1 4.3017E-1 4.25555E-1 4.16118E-1 4.13351E-1 4.05802E-1 4.17859E-1 4.20099E-1 4.35816E-1 4.67606E-1 4.83205E-1 4.92099E-1 4.94673E-1 5.3008E-1 5.7123E-1 5.86833E-1 5.76736E-1 5.71349E-1 5.8743E-1 6.07208E-1 5.94498E-1 5.99108E-1 6.02906E-1 6.00613E-1 5.86135E-1 5.56576E-1 5.30571E-1 4.85502E-1 4.5717E-1 4.81271E-1 5.07691E-1 5.16446E-1 5.30887E-1 5.39854E-1 5.49925E-1 5.54639E-1 5.02754E-1 4.52605E-1 4.32769E-1 4.13352E-1 3.97215E-1 3.81544E-1 3.94252E-1 4.02533E-1 4.05048E-1 4.22981E-1 4.27861E-1 4.53875E-1 4.78525E-1 5.13347E-1 5.00227E-1 5.43238E-1 5.7969E-1 6.00905E-1 6.12877E-1
