maxent_outputs/bumblebees/bombus_31.asc
ncols         426
nrows         180
xllcorner     -130.0
yllcorner     24.0
cellsize      0.16666666666666666
NODATA_value  -9999
[rows 81 to 107 of 180, columns 61 to 121 of 426]
3.46254E-2 2.21461E-2 3.06816E-2 2.08642E-2 2.21837E-2 2.45633E-2 2.22251E-2 1.57069E-2 1.92933E-2 1.44453E-2 1.78929E-2 2.01324E-2 1.1947E-2 1.22879E-2 1.3898E-2 1.55629E-2 1.54717E-2 9.573E-3 8.94827E-3 1.25012E-2 1.03122E-2 7.93482E-3 7.1261E-3 5.42495E-3 6.82812E-3 4.9357E-3 4.74609E-3 6.24395E-3 6.07752E-3 6.01913E-3 6.19201E-3 5.95301E-3 5.78405E-3 5.96495E-3 1.29759E-2 1.71886E-2 1.9192E-2 1.80569E-2 1.67612E-2 1.57184E-2 1.33557E-2 9.90344E-3 8.93789E-3 3.91387E-3 7.00973E-3 3.25635E-3 5.43413E-3 9.43798E-3 6.22788E-3 3.17854E-3 3.33009E-3 1.98978E-3 1.53378E-3 1.85543E-3 2.22958E-3 2.40403E-3 2.55983E-3 2.75828E-3 3.32025E-3 3.33881E-3 3.06339E-3
3.54781E-2 3.87705E-2 2.66483E-2 2.65409E-2 1.80153E-2 2.76598E-2 1.86897E-2 2.1508E-2 2.3463E-2 1.64809E-2 1.71016E-2 1.82469E-2 1.57345E-2 1.64274E-2 1.32359E-2 1.27562E-2 1.43734E-2 8.97452E-3 1.3202E-2 1.11395E-2 7.40015E-3 7.97089E-3 6.65395E-3 5.70437E-3 6.32253E-3 3.95857E-3 6.50708E-3 5.34342E-3 4.7121E-3 4.2802E-3 6.00477E-3 5.44109E-3 5.97425E-3 6.43691E-3 9.0271E-3 1.10477E-2 1.5551E-2 1.5847E-2 1.60257E-2 1.49137E-2 1.44925E-2 1.15752E-2 8.73929E-3 5.5591E-3 6.12744E-3 6.18183E-3 6.53692E-3 8.83088E-3 1.56457E-2 4.1446E-3 3.00544E-3 1.84713E-3 1.67084E-3 2.37569E-3 2.96363E-3 4.02155E-3 3.78927E-3 3.4664E-3 3.51349E-3 3.25944E-3 3.17526E-3
2.34293E-2 9.43563E-2 3.34282E-2 2.22122E-2 1.6984E-2 2.4194E-2 2.05327E-2 2.63689E-2 2.25964E-2 2.27326E-2 1.94403E-2 1.51428E-2 2.33103E-2 2.07101E-2 1.29651E-2 1.31905E-2 1.06866E-2 1.11146E-2 9.54158E-3 7.44394E-3 7.38296E-3 7.19927E-3 5.69926E-3 5.44406E-3 6.22782E-3 4.65655E-3 6.56943E-3 4.52514E-3 4.32592E-3 3.00207E-3 5.46394E-3 5.30005E-3 4.6271E-3 5.99969E-3 7.5505E-3 6.84024E-3 1.19121E-2 1.50982E-2 1.52057E-2 1.31898E-2 1.15038E-2 1.08182E-2 8.59477E-3 5.78498E-3 5.81859E-3 5.79647E-3 6.41725E-3 1.10047E-2 8.34614E-3 5.43964E-3 3.6418E-3 2.07451E-3 1.51341E-3 1.95728E-3 3.25308E-3 3.54555E-3 3.43069E-3 3.06252E-3 3.30104E-3 3.44714E-3 3.38289E-3
1.74675E-2 3.77476E-2 4.7446E-2 2.69644E-2 2.37831E-2 2.57366E-2 2.76043E-2 2.68891E-2 2.44444E-2 2.23494E-2 1.6334E-2 3.2515E-2 2.34972E-2 1.70593E-2 1.10348E-2 1.10501E-2 1.15095E-2 8.79559E-3 7.79696E-3 6.25252E-3 5.1473E-3 5.33611E-3 6.2977E-3 5.36661E-3 5.247E-3 4.84093E-3 4.90741E-3 4.52214E-3 4.12308E-3 4.73168E-3 6.06361E-3 3.752E-3 3.60551E-3 6.43427E-3 6.21768E-3 3.33902E-3 1.224E-2 1.38133E-2 1.49729E-2 1.29926E-2 1.03874E-2 9.30891E-3 7.85754E-3 6.26361E-3 3.96526E-3 4.53687E-3 4.99562E-3 7.5635E-3 3.89062E-3 3.28268E-3 3.08651E-3 2.42772E-3 1.49345E-3 1.56133E-3 1.86314E-3 2.08707E-3 2.54876E-3 2.78117E-3 3.02306E-3 3.79687E-3 3.62801E-3
2.00667E-2 1.81338E-2 1.70293E-2 2.51744E-2 2.66344E-2 2.6595E-2 2.68838E-2 2.49961E-2 2.21362E-2 1.88375E-2 3.11197E-2 2.79535E-2 1.25583E-2 1.06245E-2 9.61977E-3 9.2926E-3 8.91833E-3 4.97971E-3 8.47269E-3 5.36632E-3 4.85395E-3 4.99805E-3 5.9335E-3 5.19347E-3 5.33964E-3 4.76842E-3 4.10287E-3 4.05871E-3 3.85969E-3 3.63659E-3 5.88005E-3 3.97927E-3 6.26002E-3 5.02129E-3 3.69284E-3 4.27105E-3 1.16313E-2 1.05938E-2 1.10115E-2 1.10398E-2 7.71583E-3 7.82842E-3 8.979E-3 7.73751E-3 6.99602E-3 6.03396E-3 4.91269E-3 5.55409E-3 3.4773E-3 2.65943E-3 2.33059E-3 1.30033E-3 1.33764E-3 2.50519E-3 2.24913E-3 2.10108E-3 2.28972E-3 3.00686E-3 4.01321E-3 4.38129E-3 3.05403E-3
2.57529E-2 2.11349E-2 2.07282E-2 2.53977E-2 2.61839E-2 2.54697E-2 2.455E-2 2.31645E-2 2.10805E-2 1.38001E-2 2.49796E-2 8.09114E-3 9.56922E-3 8.71527E-3 6.73254E-3 8.59745E-3 7.06317E-3 5.50187E-3 4.96722E-3 5.37709E-3 4.3121E-3 4.49836E-3 4.75343E-3 4.47384E-3 5.11079E-3 5.10119E-3 3.72849E-3 3.55458E-3 3.77494E-3 4.40377E-3 5.10402E-3 3.45839E-3 7.02461E-3 4.53014E-3 6.04986E-3 1.03896E-2 9.37767E-3 1.04586E-2 1.13683E-2 9.28701E-3 7.94298E-3 9.23603E-3 9.35086E-3 7.98914E-3 7.66169E-3 7.48965E-3 6.136E-3 5.06576E-3 3.17329E-3 3.70733E-3 2.8818E-3 1.07602E-3 1.78633E-3 4.05956E-3 4.4861E-3 4.04512E-3 3.01491E-3 1.42734E-3 4.24857E-3 2.92939E-3 2.36464E-3
1.97531E-2 1.54241E-2 1.93431E-2 2.24335E-2 2.45756E-2 2.39369E-2 2.48536E-2 2.42238E-2 1.86835E-2 1.82775E-2 1.69444E-2 1.10119E-2 5.94044E-3 6.34466E-3 6.03702E-3 7.75016E-3 4.82234E-3 8.16421E-3 6.76691E-3 4.35325E-3 3.75765E-3 4.2275E-3 3.72133E-3 4.20284E-3 4.98601E-3 4.01769E-3 3.13347E-3 3.26406E-3 2.81787E-3 4.15137E-3 4.18543E-3 2.30002E-3 7.75265E-3 2.63037E-3 7.19969E-3 9.67317E-3 9.54058E-3 1.16491E-2 1.03615E-2 6.96855E-3 8.90304E-3 9.4631E-3 8.40427E-3 8.2336E-3 7.71439E-3 5.69416E-3 5.82144E-3 5.26221E-3 3.00228E-3 3.53508E-3 1.49267E-3 1.19456E-3 2.341E-3 3.84039E-3 3.8608E-3 5.18143E-3 5.33514E-3 3.53751E-3 5.80364E-3 3.18631E-3 1.67952E-3
1.65526E-2 1.9997E-2 1.79091E-2 2.3747E-2 2.04308E-2 1.95493E-2 2.29938E-2 2.17266E-2 2.21127E-2 1.73017E-2 1.33379E-2 1.06669E-2 5.45329E-3 5.81494E-3 5.49998E-3 5.14525E-3 4.97855E-3 8.49689E-3 5.08548E-3 3.81169E-3 3.37011E-3 3.99723E-3 4.09757E-3 4.07318E-3 3.96402E-3 3.28716E-3 2.12139E-3 2.6755E-3 3.06067E-3 3.46675E-3 2.57858E-3 2.34885E-3 7.15925E-3 2.10115E-3 5.66689E-3 9.44391E-3 7.51825E-3 1.08234E-2 7.96737E-3 8.82699E-3 9.75906E-3 8.86104E-3 7.99431E-3 8.17157E-3 6.71538E-3 5.09534E-3 5.02527E-3 5.77072E-3 4.50528E-3 2.29931E-3 9.79231E-4 1.78131E-3 4.10784E-3 3.74196E-3 3.98901E-3 4.51755E-3 6.34916E-3 6.67706E-3 7.96871E-3 4.27012E-3 1.49434E-3
1.82648E-2 1.09887E-2 1.14755E-2 2.0465E-2 1.88922E-2 1.9818E-2 2.08599E-2 1.98976E-2 1.42949E-2 1.4471E-2 1.20474E-2 1.06445E-2 5.89493E-3 3.80997E-3 4.56179E-3 3.74736E-3 8.69971E-3 5.70404E-3 2.79625E-3 3.60013E-3 2.51788E-3 3.00738E-3 4.22216E-3 3.73294E-3 4.98409E-3 4.4143E-3 2.2568E-3 3.12284E-3 4.15274E-3 2.57759E-3 2.71759E-3 4.23736E-3 5.15859E-3 4.91104E-3 9.31386E-3 9.58346E-3 9.30164E-3 7.02298E-3 9.53902E-3 1.1507E-2 1.43926E-2 9.50822E-3 8.07384E-3 7.30207E-3 6.10355E-3 5.4812E-3 3.61316E-3 5.02029E-3 4.66309E-3 1.66877E-3 1.00813E-3 2.54944E-3 4.17638E-3 3.98287E-3 4.78158E-3 5.26522E-3 7.70408E-3 7.54834E-3 7.86639E-3 5.41803E-3 3.99255E-3
1.76862E-2 1.082E-2 1.2234E-2 1.78535E-2 1.89138E-2 1.44726E-2 2.09627E-2 1.83104E-2 2.013E-2 2.12312E-2 1.75975E-2 1.51659E-2 6.00448E-3 4.74957E-3 2.71256E-3 3.59411E-3 8.48518E-3 3.75681E-3 3.43724E-3 2.46145E-3 3.30435E-3 3.55069E-3 4.08259E-3 4.04811E-3 5.32383E-3 5.72858E-3 2.47673E-3 4.18663E-3 5.6761E-3 3.25023E-3 2.4802E-3 4.1846E-3 4.97121E-3 2.09542E-3 7.38849E-3 7.45724E-3 8.75249E-3 6.79705E-3 9.78471E-3 1.20719E-2 1.4097E-2 8.65403E-3 7.65657E-3 6.78745E-3 6.87193E-3 3.42136E-3 3.21827E-3 5.42636E-3 3.67668E-3 2.21906E-3 1.84435E-3 4.25488E-3 4.22216E-3 3.80105E-3 3.77697E-3 4.23936E-3 8.16555E-3 6.98286E-3 7.36738E-3 6.33953E-3 5.54166E-3
1.14851E-2 8.26014E-3 1.27164E-2 1.43764E-2 1.51029E-2 1.2525E-2 2.70125E-2 1.73249E-2 1.13996E-2 1.32276E-2 1.57506E-2 1.2093E-2 7.7713E-3 4.87204E-3 2.49576E-3 3.44523E-3 7.44693E-3 1.92321E-3 3.32336E-3 1.90295E-3 3.5813E-3 4.06566E-3 4.36366E-3 4.17527E-3 5.43482E-3 7.05439E-3 5.55826E-3 5.28877E-3 6.50606E-3 3.42937E-3 2.84148E-3 5.15321E-3 5.3675E-3 3.41097E-3 7.36757E-3 6.55528E-3 6.08899E-3 7.01983E-3 9.25807E-3 1.06595E-2 9.97579E-3 7.73976E-3 7.23113E-3 6.77625E-3 4.84559E-3 2.59324E-3 5.51473E-3 3.17218E-3 1.55594E-3 1.09343E-3 2.82298E-3 5.78476E-3 5.54597E-3 4.37607E-3 3.86E-3 6.1638E-3 6.59401E-3 6.88483E-3 8.11236E-3 6.45078E-3 6.50236E-3
5.95398E-3 7.405E-3 8.58068E-3 6.66649E-3 6.26979E-3 1.08794E-2 1.04066E-2 2.29966E-2 1.58875E-2 1.43412E-2 9.54238E-3 8.86696E-3 7.97588E-3 9.99113E-3 7.95091E-3 8.05499E-3 5.27249E-3 3.59751E-3 2.85203E-3 4.13633E-3 4.63282E-3 5.57236E-3 5.70315E-3 5.07166E-3 7.01272E-3 6.44425E-3 4.00425E-3 5.91675E-3 7.16207E-3 4.71121E-3 4.55531E-3 5.07197E-3 5.84964E-3 6.01993E-3 6.16179E-3 4.71615E-3 7.07139E-3 6.38365E-3 9.60201E-3 7.39508E-3 7.18896E-3 6.87393E-3 6.00494E-3 4.42116E-3 3.07433E-3 4.54795E-3 2.54254E-3 1.55525E-3 1.10809E-3 1.19684E-3 2.65641E-3 5.54855E-3 5.61704E-3 7.76711E-3 7.65005E-3 5.37403E-3 5.12604E-3 5.31599E-3 7.97971E-3 7.13816E-3 6.62313E-3
5.6575E-3 3.16643E-3 3.78435E-3 3.21935E-3 7.53724E-3 8.4907E-3 5.10371E-3 1.24654E-2 1.04018E-2 1.09305E-2 1.65812E-2 6.92947E-3 1.08368E-2 1.30365E-2 1.37392E-2 9.41253E-3 6.61727E-3 4.98322E-3 3.43224E-3 5.86764E-3 4.88881E-3 6.73694E-3 5.86013E-3 6.71968E-3 6.10508E-3 5.6124E-3 4.15904E-3 7.07125E-3 7.60446E-3 5.9662E-3 6.04523E-3 5.55739E-3 5.62874E-3 5.12547E-3 5.81094E-3 4.66665E-3 6.60586E-3 6.04581E-3 8.59037E-3 6.69943E-3 7.10456E-3 6.1723E-3 3.88708E-3 3.4061E-3 1.35739E-3 3.6882E-3 1.90781E-3 1.92826E-3 1.63174E-3 2.06478E-3 2.23057E-3 5.83172E-3 7.87932E-3 8.56364E-3 8.14531E-3 6.69495E-3 5.81745E-3 5.58506E-3 8.03822E-3 9.23985E-3 1.03427E-2
4.40501E-3 2.53585E-3 2.70673E-3 4.97865E-3 2.57644E-3 3.23771E-3 3.41228E-3 7.07889E-3 9.26648E-3 1.08827E-2 1.74961E-2 1.22727E-2 1.05145E-2 1.44435E-2 1.63642E-2 9.75146E-3 9.5648E-3 6.15083E-3 6.31285E-3 7.40069E-3 6.23065E-3 7.02115E-3 7.19074E-3 6.97427E-3 6.52641E-3 3.96855E-3 6.2219E-3 8.35804E-3 8.98227E-3 8.2319E-3 8.8511E-3 6.93581E-3 5.08534E-3 4.59592E-3 4.55804E-3 4.06724E-3 5.11809E-3 4.61486E-3 7.06438E-3 6.98115E-3 6.72416E-3 6.55611E-3 5.46872E-3 4.10265E-3 1.58614E-3 4.07534E-3 2.92751E-3 1.66381E-3 1.06172E-3 1.50205E-3 2.44095E-3 5.52353E-3 8.13354E-3 7.32734E-3 7.225E-3 7.43069E-3 8.85274E-3 5.97036E-3 7.45851E-3 1.15037E-2 1.06202E-2
8.59746E-3 3.40789E-3 2.07262E-3 2.49333E-3 5.50196E-3 6.35461E-3 3.57944E-3 5.80473E-3 7.88282E-3 8.73922E-3 1.52177E-2 1.63474E-2 1.24067E-2 1.62503E-2 1.31272E-2 1.09149E-2 1.16888E-2 9.73522E-3 8.62044E-3 7.8326E-3 5.73328E-3 6.22092E-3 7.9083E-3 7.15263E-3 3.73287E-3 6.45321E-3 8.13629E-3 9.25372E-3 9.06106E-3 1.12542E-2 1.11613E-2 7.86988E-3 6.94394E-3 5.96402E-3 4.77237E-3 4.15793E-3 5.06196E-3 6.60014E-3 7.86604E-3 6.60424E-3 5.99995E-3 4.5499E-3 4.18325E-3 3.47424E-3 2.44884E-3 2.5862E-3 1.9435E-3 1.8552E-3 5.88818E-4 7.07718E-4 9.13652E-4 3.51312E-3 6.47889E-3 4.6109E-3 3.67587E-3 8.28667E-3 1.17381E-2 8.11777E-3 8.33762E-3 7.59768E-3 8.30357E-3
2.86748E-2 9.42576E-3 3.55788E-3 1.64482E-3 6.26151E-3 4.54177E-3 4.0282E-3 5.07401E-3 5.63891E-3 5.66017E-3 1.26534E-2 1.41567E-2 1.3911E-2 1.48124E-2 1.47208E-2 1.43523E-2 1.20933E-2 1.02467E-2 9.43073E-3 7.17857E-3 4.70355E-3 5.3719E-3 7.37643E-3 7.29798E-3 7.71126E-3 7.13948E-3 8.17197E-3 9.24993E-3 1.03882E-2 1.25525E-2 1.11374E-2 8.16292E-3 9.00752E-3 8.29931E-3 5.32377E-3 5.9917E-3 7.07309E-3 6.66152E-3 6.65066E-3 6.28198E-3 5.91051E-3 4.88232E-3 3.73632E-3 2.36389E-3 2.77761E-3 1.63913E-3 1.86943E-3 1.3501E-3 1.69451E-3 3.41717E-3 4.31319E-3 5.72883E-3 5.81728E-3 7.57671E-3 4.29096E-3 1.00082E-2 1.65361E-2 1.07244E-2 6.86873E-3 4.308E-3 3.80851E-3
4.23793E-2 1.40098E-2 3.75259E-3 1.35613E-3 3.28387E-3 3.72005E-3 2.91796E-3 4.94124E-3 8.36067E-3 2.57089E-3 1.33501E-2 8.23084E-3 9.45438E-3 2.12879E-2 1.19586E-2 1.12303E-2 1.24592E-2 1.0829E-2 9.77599E-3 7.88751E-3 6.63374E-3 6.00809E-3 7.0626E-3 8.52916E-3 8.99398E-3 7.28309E-3 7.45529E-3 1.22622E-2 1.42554E-2 1.20611E-2 1.12265E-2 1.06636E-2 1.07466E-2 8.22948E-3 6.70393E-3 7.65304E-3 6.81825E-3 7.06626E-3 7.04367E-3 6.92788E-3 6.20471E-3 2.92486E-3 1.62818E-3 1.74542E-3 2.53112E-3 1.78997E-3 2.10977E-3 2.015E-3 4.39135E-3 6.1691E-3 7.61195E-3 8.57739E-3 7.87188E-3 1.15395E-2 1.20613E-2 1.29996E-2 2.28687E-2 1.07476E-2 5.97631E-3 3.17317E-3 3.39661E-3
1.0418E-1 2.12787E-2 5.12301E-3 7.35644E-3 5.12713E-3 2.67787E-3 3.15806E-3 6.83415E-3 2.0682E-2 1.73609E-3 5.9965E-3 1.12353E-2 1.04508E-2 1.01315E-2 1.0215E-2 1.3057E-2 1.45856E-2 1.30677E-2 9.50538E-3 9.00338E-3 8.64111E-3 7.16477E-3 6.6715E-3 9.34646E-3 9.46817E-3 9.44569E-3 1.00636E-2 1.98103E-2 1.50009E-2 1.16408E-2 1.02922E-2 1.27678E-2 1.12329E-2 8.29117E-3 7.6555E-3 7.23174E-3 7.78629E-3 7.5297E-3 5.99527E-3 7.16781E-3 3.10746E-3 1.90014E-3 1.20645E-3 1.88756E-3 2.07907E-3 2.01089E-3 4.9207E-3 4.73377E-3 4.08212E-3 5.9241E-3 8.30396E-3 9.91875E-3 1.30517E-2 1.40268E-2 2.10655E-2 2.25702E-2 1.43925E-2 1.09049E-2 7.12998E-3 4.27872E-3 6.11508E-3
1.88568E-1 6.99212E-2 2.68788E-2 2.97721E-2 7.74194E-3 2.45069E-3 1.18073E-3 1.39041E-2 2.72564E-2 6.02528E-3 4.44828E-3 1.53663E-2 9.81274E-3 6.46781E-3 1.32649E-2 1.42565E-2 1.77766E-2 1.23178E-2 9.82467E-3 9.24687E-3 9.06314E-3 7.90239E-3 7.89421E-3 1.16307E-2 9.0014E-3 1.51624E-2 1.40128E-2 1.98572E-2 1.84818E-2 1.45084E-2 1.08447E-2 1.7741E-2 1.31843E-2 9.39231E-3 1.5948E-2 1.37561E-2 1.40061E-2 7.75044E-3 3.8732E-3 1.2555E-2 4.13623E-3 3.90746E-3 3.43221E-3 3.27075E-3 2.97339E-3 3.59266E-3 6.22687E-3 6.49696E-3 6.6447E-3 7.6941E-3 8.37321E-3 9.34323E-3 1.49848E-2 1.92917E-2 2.50561E-2 1.80188E-2 1.13328E-2 1.25855E-2 8.97513E-3 5.58457E-3 8.94915E-3
2.49442E-1 2.00214E-1 9.24645E-2 2.93064E-2 6.13231E-3 3.35465E-3 9.48992E-4 2.44237E-3 7.75816E-3 1.90219E-2 8.60661E-3 2.43535E-2 2.80733E-2 3.12921E-2 1.6046E-2 1.36361E-2 2.38237E-2 2.10019E-2 1.33125E-2 1.01098E-2 6.53082E-3 5.70511E-3 1.1492E-2 1.32055E-2 1.3734E-2 1.42757E-2 1.9171E-2 1.83739E-2 3.02895E-2 1.74799E-2 2.05695E-2 2.92005E-2 3.45724E-2 2.34196E-2 3.30024E-2 2.99557E-2 3.08844E-2 1.94548E-2 2.54302E-2 2.95352E-2 1.78038E-2 1.01225E-2 7.33345E-3 7.10362E-3 5.95777E-3 5.45996E-3 7.76637E-3 1.1221E-2 1.1381E-2 1.24775E-2 1.38481E-2 1.63481E-2 9.31536E-3 2.45501E-2 2.43689E-2 2.12327E-2 2.19098E-2 1.69462E-2 1.18783E-2 1.07185E-2 1.15154E-2
3.22505E-1 3.15244E-1 1.85831E-1 5.78431E-2 1.19022E-2 5.7982E-3 1.38206E-3 1.38192E-3 2.17552E-3 2.89457E-2 4.69562E-3 1.31934E-2 3.56842E-2 3.568E-2 5.52939E-2 2.49991E-2 1.72518E-2 2.14021E-2 2.42734E-2 1.86953E-2 1.2423E-2 1.26177E-2 1.91791E-2 1.55277E-2 1.36979E-2 1.46036E-2 2.45833E-2 2.55343E-2 3.22106E-2 4.01473E-2 4.09218E-2 5.62611E-2 4.18631E-2 4.89392E-2 5.59329E-2 3.97557E-2 3.52028E-2 4.97823E-2 4.07369E-2 2.22403E-2 1.67324E-2 1.16112E-2 7.82329E-3 1.0088E-2 9.51041E-3 7.71828E-3 7.79813E-3 1.33687E-2 1.38527E-2 1.99939E-2 2.64395E-2 4.0912E-2 2.52601E-2 1.84828E-2 1.41233E-2 1.24726E-2 1.60914E-2 1.22448E-2 1.00368E-2 1.15558E-2 1.08103E-2
4.21609E-1 3.5742E-1 3.00219E-1 2.69241E-1 1.12039E-1 2.52503E-2 9.14954E-3 3.136E-3 1.51557E-3 2.70436E-2 9.27325E-3 3.51713E-2 4.4264E-2 1.79792E-2 4.57691E-2 9.23068E-2 1.74519E-2 2.77631E-2 3.95824E-2 3.00573E-2 2.61204E-2 1.90459E-2 2.56322E-2 2.70202E-2 1.98899E-2 2.91973E-2 3.01139E-2 2.74993E-2 2.78235E-2 6.36675E-2 5.88143E-2 6.342E-2 3.561E-2 7.38666E-2 8.06762E-2 7.51018E-2 3.72613E-2 3.28664E-2 3.00684E-2 1.75233E-2 1.24019E-2 1.09498E-2 1.126E-2 1.22917E-2 1.01579E-2 8.04917E-3 6.58674E-3 6.44508E-3 7.99348E-3 2.23337E-2 2.10646E-2 2.13389E-2 1.87546E-2 1.28858E-2 7.44182E-3 7.94149E-3 9.63394E-3 1.06553E-2 1.06432E-2 1.01723E-2 9.27067E-3
4.83443E-1 4.2934E-1 4.17665E-1 2.98634E-1 1.45598E-1 3.41702E-2 1.33069E-2 6.20042E-3 1.35669E-3 1.51413E-2 2.86144E-2 3.05896E-2 1.48031E-1 4.13235E-2 2.61537E-2 3.00531E-1 1.70052E-1 6.1861E-2 6.01585E-2 5.85014E-2 5.36779E-2 4.19511E-2 3.61038E-2 3.02558E-2 2.878E-2 3.66051E-2 3.36702E-2 1.52992E-2 1.78364E-2 7.25135E-2 9.34666E-2 9.45989E-2 8.84114E-2 1.09096E-1 8.986E-2 3.88594E-2 1.75026E-2 1.2986E-2 1.78766E-2 1.4746E-2 1.01912E-2 9.99383E-3 1.03487E-2 1.16441E-2 8.04038E-3 4.04097E-3 5.71063E-3 6.54634E-3 1.26641E-2 1.39992E-2 8.85534E-3 9.91646E-3 9.47318E-3 9.5037E-3 8.46644E-3 4.64174E-3 7.01933E-3 8.43651E-3 8.75472E-3 8.23952E-3 7.80257E-3
4.33832E-1 4.40816E-1 4.65755E-1 4.09793E-1 2.60541E-1 1.26006E-1 2.31907E-2 2.80323E-3 1.36116E-3 2.44402E-3 3.05392E-2 1.96876E-2 2.89196E-2 3.23176E-2 3.4176E-2 1.95239E-1 2.02979E-1 3.31339E-1 9.29495E-2 7.25261E-2 7.43795E-2 6.88168E-2 5.39887E-2 3.17172E-2 3.84922E-2 4.41197E-2 4.09043E-2 9.14562E-3 1.40336E-2 6.67322E-2 9.54403E-2 1.1133E-1 1.28508E-1 1.05018E-1 3.17843E-2 4.16209E-2 2.76082E-2 1.13977E-2 1.2577E-2 1.09887E-2 9.89514E-3 9.52337E-3 1.21817E-2 1.41879E-2 4.87514E-3 2.302E-3 3.46585E-3 1.11756E-2 1.2772E-2 6.38837E-3 5.67245E-3 5.95744E-3 5.86262E-3 5.72191E-3 5.5587E-3 4.58638E-3 4.82315E-3 4.97101E-3 7.15403E-3 7.36924E-3 6.607E-3
4.59897E-1 4.76162E-1 4.4588E-1 4.44372E-1 4.11438E-1 2.67735E-1 5.35819E-2 3.32099E-3 3.23697E-3 1.79624E-3 1.12337E-2 5.06441E-2 2.03128E-2 3.36369E-2 1.04189E-1 3.66229E-2 4.9485E-2 3.80846E-1 1.6843E-1 6.95286E-2 8.84445E-2 8.92501E-2 6.66095E-2 1.53265E-2 9.44255E-3 1.59967E-2 4.84306E-2 4.34798E-2 3.73485E-2 8.54801E-2 8.53849E-2 9.32685E-2 1.49015E-1 1.05766E-1 7.7129E-2 8.44565E-2 2.44912E-2 8.99724E-3 1.05461E-2 7.55719E-3 8.84962E-3 9.61618E-3 1.18948E-2 2.39236E-2 9.44736E-3 2.3129E-3 2.27631E-3 1.06495E-2 6.8416E-3 5.8741E-3 7.23292E-3 6.32867E-3 5.72507E-3 6.46975E-3 5.96603E-3 5.63543E-3 4.6584E-3 3.60949E-3 3.85974E-3 4.8769E-3 6.6819E-3
4.47312E-1 4.48212E-1 4.53529E-1 4.6061E-1 4.1491E-1 2.38916E-1 8.49484E-2 1.1804E-2 8.54441E-3 3.56365E-3 9.03311E-3 3.28722E-2 1.49097E-2 2.96928E-2 9.65467E-2 7.60973E-2 2.02931E-2 3.13917E-1 1.9434E-1 6.50244E-2 9.94743E-2 8.99971E-2 7.56118E-2 4.3287E-2 8.14508E-3 7.20832E-3 3.59568E-2 1.07212E-1 1.24883E-1 1.08181E-1 9.84946E-2 1.15723E-1 1.68621E-1 7.14493E-2 9.37417E-2 1.0015E-1 2.07944E-2 7.92039E-3 1.50922E-2 2.08321E-2 1.87186E-2 2.57334E-2 2.26443E-2 1.48753E-2 2.14938E-2 1.03425E-2 3.21457E-3 1.00629E-2 9.38988E-3 8.8631E-3 9.42841E-3 8.39905E-3 7.71501E-3 7.97044E-3 6.75938E-3 5.47953E-3 4.39082E-3 4.31831E-3 3.88023E-3 3.57472E-3 6.04194E-3
4.72898E-1 4.52896E-1 4.40057E-1 4.31557E-1 4.16635E-1 3.46224E-1 1.69302E-1 2.85441E-2 1.53192E-2 5.6094E-3 9.85119E-3 4.74494E-2 3.11414E-2 1.91947E-2 5.82923E-2 1.64478E-1 2.11042E-2 2.11088E-1 2.80633E-1 4.93943E-2 8.04219E-2 1.07395E-1 6.94691E-2 5.94298E-2 4.10043E-2 2.21889E-2 4.89909E-2 1.09386E-1 1.47917E-1 1.44237E-1 2.33176E-1 1.51631E-1 2.21401E-1 1.47215E-1 1.38633E-1 7.00734E-2 2.6529E-2 1.21262E-2 1.9568E-2 3.838E-2 1.11685E-2 8.37206E-3 7.33242E-3 1.02375E-2 6.44289E-3 1.38204E-2 1.61551E-2 1.78893E-2 1.2038E-2 1.28215E-2 1.33849E-2 1.13448E-2 9.15051E-3 8.35891E-3 6.46877E-3 5.5337E-3 4.84404E-3 4.2179E-3 4.14664E-3 4.31851E-3 5.47102E-3
