maxent_outputs/bumblebees/bombus_53.asc
ncols         426
nrows         180
xllcorner     -130.0
yllcorner     24.0
cellsize      0.16666666666666666
NODATA_value  -9999
[rows 27 to 53 of 180, columns 183 to 243 of 426]
3.03285E-2 3.05957E-2 2.93691E-2 2.75395E-2 2.38856E-2 2.39104E-2 2.70472E-2 3.22808E-2 3.22669E-2 3.24857E-2 3.09543E-2 3.08236E-2 2.99748E-2 2.93621E-2 2.96088E-2 3.28494E-2 3.32364E-2 3.0376E-2 3.11096E-2 3.04759E-2 3.26368E-2 3.61086E-2 3.41768E-2 3.25285E-2 3.03887E-2 3.11223E-2 3.50404E-2 3.8396E-2 4.07424E-2 3.82135E-2 3.87071E-2 3.87103E-2 3.90929E-2 4.04744E-2 3.93192E-2 3.82096E-2 3.4012E-2 3.20951E-2 3.06877E-2 3.24185E-2 3.54621E-2 3.00725E-2 3.26936E-2 3.12152E-2 2.387E-2 2.45849E-2 2.49761E-2 2.46074E-2 2.21953E-2 2.18395E-2 2.13682E-2 2.12985E-2 2.02578E-2 2.16912E-2 2.04157E-2 2.19092E-2 2.19398E-2 2.01245E-2 1.9094E-2 1.83656E-2 2.05169E-2
3.05384E-2 3.0722E-2 3.11065E-2 2.80574E-2 2.57658E-2 2.49513E-2 2.51497E-2 3.02087E-2 3.45702E-2 3.43902E-2 3.24798E-2 3.0941E-2 3.04136E-2 3.06274E-2 3.00429E-2 3.40834E-2 3.36331E-2 3.07583E-2 3.06477E-2 3.00514E-2 2.91818E-2 3.19095E-2 3.37001E-2 3.2893E-2 3.21322E-2 3.28083E-2 3.35834E-2 4.25293E-2 4.47246E-2 4.09113E-2 3.77771E-2 3.97426E-2 4.13194E-2 3.94201E-2 3.88128E-2 3.8326E-2 3.79842E-2 3.29012E-2 3.22265E-2 3.46189E-2 2.90398E-2 2.71272E-2 2.76603E-2 2.77975E-2 2.64311E-2 2.67939E-2 2.91211E-2 2.44632E-2 2.34063E-2 2.37371E-2 2.39147E-2 2.00114E-2 1.87769E-2 1.82935E-2 1.72608E-2 2.0214E-2 1.82259E-2 1.80927E-2 1.69188E-2 1.83421E-2 1.94679E-2
2.99974E-2 2.99776E-2 2.95237E-2 2.58205E-2 2.53277E-2 2.77009E-2 2.81353E-2 2.99209E-2 3.67602E-2 3.53207E-2 3.33398E-2 3.32494E-2 3.30671E-2 3.30056E-2 3.1029E-2 3.47037E-2 3.48515E-2 3.42366E-2 3.27807E-2 3.0666E-2 3.06073E-2 2.81664E-2 3.04036E-2 3.04E-2 3.33208E-2 4.32919E-2 4.70892E-2 4.76247E-2 4.58091E-2 4.13954E-2 4.69664E-2 3.9228E-2 3.91099E-2 3.76617E-2 3.62001E-2 3.71849E-2 3.64887E-2 3.49231E-2 3.29225E-2 3.12153E-2 3.1907E-2 2.88238E-2 2.78471E-2 2.93829E-2 2.97963E-2 3.65901E-2 3.44118E-2 2.91911E-2 2.48909E-2 2.74023E-2 2.70436E-2 2.16939E-2 1.96423E-2 1.85218E-2 1.76041E-2 1.65496E-2 2.00699E-2 1.67051E-2 1.59346E-2 1.63075E-2 1.72305E-2
2.40464E-2 3.25817E-2 2.95169E-2 2.70721E-2 2.63749E-2 2.57152E-2 2.47186E-2 2.69329E-2 3.39554E-2 3.65345E-2 3.59836E-2 3.41563E-2 3.3744E-2 3.44667E-2 3.25144E-2 3.17909E-2 3.38778E-2 3.54274E-2 3.37542E-2 3.42173E-2 3.08423E-2 2.93443E-2 2.89209E-2 2.8466E-2 2.91106E-2 4.09078E-2 3.87876E-2 3.75041E-2 4.78873E-2 4.08517E-2 3.73897E-2 3.59334E-2 3.54002E-2 3.43881E-2 3.60824E-2 3.66342E-2 3.66692E-2 3.73549E-2 3.4035E-2 3.44783E-2 3.20192E-2 2.92471E-2 2.95663E-2 3.02941E-2 2.74368E-2 2.98039E-2 3.10175E-2 3.24435E-2 3.64683E-2 2.60752E-2 2.50428E-2 2.41861E-2 2.89384E-2 3.42147E-2 2.90803E-2 2.16477E-2 1.68409E-2 1.56933E-2 1.54353E-2 1.73476E-2 1.67427E-2
2.39203E-2 3.13149E-2 3.12019E-2 2.50046E-2 2.69959E-2 2.94923E-2 2.42888E-2 2.55411E-2 2.72739E-2 3.42593E-2 3.61359E-2 3.36486E-2 3.36893E-2 3.36619E-2 3.35941E-2 3.20482E-2 3.32216E-2 3.54965E-2 3.40072E-2 3.18638E-2 3.03828E-2 2.88118E-2 2.79224E-2 2.67636E-2 2.8383E-2 3.06942E-2 3.28721E-2 3.2783E-2 3.38211E-2 3.09188E-2 3.24947E-2 3.30976E-2 3.49035E-2 3.29867E-2 3.2797E-2 3.49386E-2 3.75421E-2 4.27271E-2 3.76038E-2 3.79753E-2 3.55115E-2 3.40831E-2 3.27735E-2 3.09223E-2 3.17125E-2 2.92528E-2 2.95393E-2 3.03171E-2 3.29302E-2 3.15526E-2 3.44725E-2 2.99406E-2 2.90309E-2 3.57144E-2 4.50149E-2 3.06036E-2 1.69736E-2 1.53438E-2 1.53369E-2 2.72049E-2 2.88028E-2
2.71849E-2 3.39246E-2 3.30772E-2 3.23765E-2 3.38656E-2 3.11194E-2 2.6213E-2 2.54894E-2 2.77679E-2 3.42329E-2 3.5677E-2 3.36707E-2 3.44519E-2 3.3323E-2 3.34442E-2 3.12809E-2 3.0808E-2 3.3374E-2 3.40134E-2 3.22167E-2 3.08676E-2 3.26407E-2 2.98109E-2 2.94998E-2 3.17016E-2 3.21091E-2 3.35378E-2 3.38932E-2 3.61879E-2 2.91722E-2 3.15736E-2 3.60614E-2 3.51115E-2 3.41472E-2 3.33886E-2 3.18803E-2 3.34778E-2 3.8853E-2 4.11778E-2 4.06989E-2 4.08536E-2 3.76649E-2 3.28959E-2 3.08252E-2 3.24609E-2 3.72797E-2 3.56887E-2 3.53304E-2 3.94865E-2 3.35122E-2 2.9309E-2 2.53155E-2 2.38773E-2 3.28216E-2 4.45704E-2 3.76995E-2 2.54191E-2 2.29619E-2 2.27213E-2 2.60635E-2 2.4604E-2
2.91626E-2 3.21417E-2 3.24606E-2 2.71499E-2 2.96675E-2 3.059E-2 2.82923E-2 2.82814E-2 2.8875E-2 3.17249E-2 3.32128E-2 3.34798E-2 3.30977E-2 3.12018E-2 3.20664E-2 2.92247E-2 2.91558E-2 3.25596E-2 3.14016E-2 3.15259E-2 3.06932E-2 3.53302E-2 2.94704E-2 3.04185E-2 3.25178E-2 3.08239E-2 3.3516E-2 3.48197E-2 3.35553E-2 3.12287E-2 3.13882E-2 3.43063E-2 3.58076E-2 3.5876E-2 3.54846E-2 3.13091E-2 3.38105E-2 3.50258E-2 3.60248E-2 3.96521E-2 3.8182E-2 3.98642E-2 3.94553E-2 3.81646E-2 3.87858E-2 3.59243E-2 3.65052E-2 3.82227E-2 3.61502E-2 3.67089E-2 3.88507E-2 3.55506E-2 3.10182E-2 3.30688E-2 2.96905E-2 3.28282E-2 2.55067E-2 2.69557E-2 3.027E-2 3.44732E-2 3.88168E-2
2.99332E-2 3.76559E-2 4.13359E-2 3.66806E-2 3.12161E-2 3.06104E-2 3.10032E-2 3.1454E-2 2.89844E-2 2.83178E-2 3.18975E-2 3.33693E-2 3.36881E-2 3.2594E-2 3.07569E-2 2.84218E-2 2.88434E-2 3.16951E-2 3.24951E-2 3.17144E-2 3.18318E-2 3.59504E-2 2.9244E-2 2.97937E-2 3.03385E-2 3.09949E-2 3.41802E-2 3.54578E-2 3.07117E-2 3.00616E-2 2.86275E-2 3.33689E-2 3.4521E-2 3.38825E-2 3.41141E-2 3.30654E-2 3.34464E-2 3.31009E-2 3.31921E-2 3.35602E-2 3.44971E-2 3.61996E-2 3.797E-2 3.78695E-2 3.84796E-2 4.01572E-2 4.04679E-2 3.79339E-2 3.54479E-2 3.75628E-2 4.06994E-2 4.78695E-2 4.15622E-2 4.39243E-2 3.15039E-2 3.31641E-2 3.21156E-2 3.60324E-2 3.32902E-2 3.60647E-2 4.38795E-2
2.95156E-2 3.93237E-2 4.43583E-2 4.12702E-2 3.75999E-2 3.3562E-2 3.27099E-2 3.17163E-2 3.09634E-2 2.8688E-2 3.03702E-2 3.32574E-2 3.52858E-2 3.56989E-2 3.36453E-2 3.13377E-2 2.89541E-2 3.16302E-2 3.45232E-2 3.44411E-2 3.37552E-2 3.22243E-2 2.94552E-2 3.09979E-2 3.22923E-2 3.71041E-2 4.59459E-2 4.8598E-2 4.67051E-2 4.06898E-2 3.54678E-2 3.33602E-2 3.29868E-2 3.17483E-2 3.15088E-2 3.14019E-2 3.12088E-2 3.15578E-2 3.28835E-2 3.52108E-2 3.28418E-2 3.22892E-2 3.16538E-2 3.26901E-2 3.37363E-2 3.41173E-2 3.76839E-2 4.03854E-2 3.87872E-2 3.88398E-2 3.68771E-2 3.65996E-2 3.47342E-2 3.38174E-2 3.62934E-2 4.09792E-2 3.76711E-2 3.48191E-2 3.85032E-2 5.88509E-2 1.2108E-1
2.67183E-2 2.91979E-2 3.06819E-2 2.91818E-2 3.45898E-2 3.19565E-2 3.25834E-2 3.15027E-2 3.12948E-2 2.95687E-2 2.92461E-2 3.21997E-2 3.46377E-2 3.55381E-2 3.6636E-2 3.44781E-2 3.07371E-2 3.14928E-2 3.42543E-2 3.40972E-2 3.40918E-2 3.18753E-2 2.92532E-2 3.03228E-2 3.1791E-2 4.39356E-2 4.96594E-2 4.79085E-2 4.04106E-2 3.32822E-2 3.21652E-2 3.00925E-2 3.0143E-2 2.93548E-2 2.9894E-2 2.95662E-2 2.98158E-2 2.99543E-2 3.02974E-2 3.11794E-2 3.07386E-2 3.03672E-2 3.18292E-2 3.78175E-2 3.06952E-2 3.32133E-2 3.50798E-2 3.54501E-2 3.64179E-2 3.64422E-2 3.37185E-2 3.18264E-2 3.40089E-2 3.46998E-2 3.1689E-2 3.28127E-2 4.06737E-2 6.10584E-2 1.1447E-1 2.31425E-1 3.28363E-1
2.66533E-2 2.78828E-2 2.7521E-2 2.94056E-2 3.14226E-2 2.76674E-2 2.76194E-2 2.757E-2 2.79064E-2 2.78619E-2 2.85116E-2 3.14853E-2 3.18556E-2 3.47784E-2 3.44595E-2 3.43723E-2 3.26298E-2 3.34984E-2 3.21621E-2 3.21666E-2 3.16616E-2 2.94433E-2 2.79244E-2 2.86222E-2 2.95727E-2 3.29678E-2 3.38595E-2 3.37904E-2 3.3291E-2 3.33277E-2 2.96009E-2 2.91097E-2 2.9798E-2 2.90268E-2 2.91994E-2 2.85336E-2 2.84349E-2 2.86945E-2 2.84127E-2 2.92917E-2 2.88876E-2 2.76527E-2 2.66729E-2 2.59622E-2 2.69747E-2 2.89424E-2 2.90954E-2 2.88815E-2 2.9455E-2 3.10132E-2 3.05589E-2 3.00743E-2 3.56149E-2 5.66744E-2 8.26643E-2 1.30744E-1 2.16494E-1 2.98708E-1 3.58122E-1 3.84727E-1 3.83737E-1
2.644E-2 2.67281E-2 2.75593E-2 2.74543E-2 2.93149E-2 3.02346E-2 2.88457E-2 2.8973E-2 2.71401E-2 2.69988E-2 2.97831E-2 3.18605E-2 3.13965E-2 3.2181E-2 3.45128E-2 3.38425E-2 3.35236E-2 3.24783E-2 3.21758E-2 3.3703E-2 3.59939E-2 2.90261E-2 2.83351E-2 2.96479E-2 2.85428E-2 2.85237E-2 3.06597E-2 3.26561E-2 3.43525E-2 3.37375E-2 3.10207E-2 3.10674E-2 3.3843E-2 3.26179E-2 3.12103E-2 3.2694E-2 3.05792E-2 2.79383E-2 2.78424E-2 2.80029E-2 2.77281E-2 2.89509E-2 2.64235E-2 2.69442E-2 2.79943E-2 2.71354E-2 2.61123E-2 2.64059E-2 2.5188E-2 2.84231E-2 3.66357E-2 5.96381E-2 1.48374E-1 2.72046E-1 3.70625E-1 3.75143E-1 3.83718E-1 3.91311E-1 3.86966E-1 3.98938E-1 4.09217E-1
2.67278E-2 2.88843E-2 3.19144E-2 2.97445E-2 3.01227E-2 2.87622E-2 2.85471E-2 3.05404E-2 3.06186E-2 3.04173E-2 3.20575E-2 3.08542E-2 3.09837E-2 3.33487E-2 3.52532E-2 3.45564E-2 3.34421E-2 3.41473E-2 3.4501E-2 3.1323E-2 3.00494E-2 2.95747E-2 3.02575E-2 3.036E-2 2.86295E-2 2.98764E-2 3.04289E-2 3.18294E-2 3.18964E-2 3.70192E-2 3.33723E-2 4.20537E-2 3.56067E-2 2.92263E-2 2.90493E-2 3.29124E-2 2.85457E-2 2.78471E-2 2.85989E-2 2.96841E-2 2.92666E-2 2.98452E-2 3.03444E-2 2.72346E-2 2.66606E-2 2.62909E-2 2.65022E-2 2.56801E-2 2.91338E-2 4.44407E-2 1.32227E-1 3.1463E-1 4.01347E-1 3.97866E-1 3.89947E-1 3.956E-1 3.97973E-1 4.05117E-1 4.17298E-1 4.22882E-1 4.35636E-1
2.91371E-2 3.30161E-2 3.2775E-2 3.03376E-2 3.1503E-2 3.25472E-2 3.04039E-2 3.09713E-2 3.15191E-2 3.25932E-2 3.27298E-2 3.10086E-2 3.04671E-2 3.24564E-2 3.40074E-2 3.37123E-2 3.36176E-2 3.48631E-2 3.41808E-2 3.34707E-2 3.0337E-2 2.93275E-2 3.19762E-2 3.29669E-2 2.96711E-2 2.97049E-2 2.99974E-2 2.92248E-2 3.13205E-2 3.57371E-2 4.24825E-2 3.90482E-2 2.9032E-2 2.88386E-2 2.9148E-2 3.08787E-2 2.87269E-2 2.7789E-2 2.86883E-2 2.77977E-2 2.8536E-2 2.86321E-2 2.81645E-2 2.77255E-2 2.78192E-2 2.92835E-2 2.96221E-2 3.58901E-2 4.90057E-2 1.46678E-1 3.87666E-1 3.99989E-1 3.55607E-1 3.39967E-1 3.6849E-1 4.01848E-1 4.23172E-1 4.46767E-1 4.42711E-1 4.46568E-1 4.53572E-1
2.58671E-2 3.09746E-2 3.35857E-2 3.17208E-2 3.00489E-2 3.17827E-2 3.23925E-2 3.40723E-2 3.31833E-2 3.37285E-2 3.82029E-2 3.29708E-2 3.34372E-2 3.44032E-2 3.31326E-2 3.33725E-2 3.31174E-2 3.3366E-2 3.39169E-2 3.12637E-2 2.9733E-2 2.90958E-2 3.4558E-2 3.43344E-2 3.03734E-2 2.96651E-2 3.05278E-2 3.02608E-2 3.14867E-2 3.83644E-2 4.8622E-2 4.31907E-2 3.11973E-2 2.93054E-2 2.76942E-2 2.77955E-2 2.79449E-2 2.77935E-2 2.79256E-2 2.92446E-2 3.00925E-2 2.85058E-2 2.81903E-2 3.08831E-2 3.35096E-2 3.44951E-2 4.32908E-2 7.87738E-2 2.34784E-1 4.11392E-1 3.89134E-1 2.92629E-1 2.27501E-1 2.25598E-1 2.11107E-1 3.68985E-1 4.33729E-1 4.44032E-1 4.4396E-1 4.36514E-1 4.23271E-1
3.08002E-2 3.11018E-2 3.36967E-2 3.41727E-2 3.53578E-2 3.32934E-2 3.3883E-2 3.41711E-2 3.54937E-2 3.75419E-2 4.25373E-2 3.94943E-2 3.92336E-2 3.8197E-2 3.67562E-2 3.61556E-2 3.68597E-2 3.56483E-2 3.40748E-2 3.30768E-2 3.11089E-2 3.03568E-2 3.42341E-2 3.48239E-2 3.03462E-2 2.96595E-2 3.07448E-2 3.13071E-2 3.24827E-2 3.37839E-2 3.4529E-2 3.47187E-2 3.17578E-2 3.087E-2 2.73941E-2 2.74092E-2 2.7848E-2 2.90385E-2 2.95988E-2 2.9275E-2 2.91201E-2 2.92098E-2 3.21191E-2 3.87331E-2 4.44676E-2 6.70132E-2 1.5873E-1 3.3099E-1 3.45848E-1 2.12242E-1 1.39307E-1 8.8624E-2 1.06025E-1 1.46679E-1 2.07173E-1 3.25811E-1 3.76365E-1 3.97363E-1 3.28039E-1 2.72734E-1 2.1402E-1
3.17438E-2 3.46161E-2 3.59156E-2 3.62927E-2 3.7836E-2 3.60621E-2 3.65405E-2 3.51953E-2 3.6127E-2 3.90947E-2 4.16278E-2 4.26799E-2 3.98603E-2 3.91208E-2 3.86893E-2 3.48853E-2 3.53199E-2 3.65352E-2 3.49664E-2 3.50947E-2 3.64022E-2 3.65876E-2 3.38246E-2 3.028E-2 2.8199E-2 2.89384E-2 3.05799E-2 2.89875E-2 3.05295E-2 3.13422E-2 3.22806E-2 3.45208E-2 3.64445E-2 3.18585E-2 2.8579E-2 2.78701E-2 2.94575E-2 3.62397E-2 2.9431E-2 2.94153E-2 3.06293E-2 3.14186E-2 3.38325E-2 4.0529E-2 6.85147E-2 1.21647E-1 1.14909E-1 8.93432E-2 7.1181E-2 6.05646E-2 5.96196E-2 7.23501E-2 1.17399E-1 1.88083E-1 2.19555E-1 2.59422E-1 2.42179E-1 1.51141E-1 9.04146E-2 8.06593E-2 7.39233E-2
3.28814E-2 3.35734E-2 3.44354E-2 3.64559E-2 4.05556E-2 3.70397E-2 3.82895E-2 3.76623E-2 3.65275E-2 3.66544E-2 4.0371E-2 4.2257E-2 4.14425E-2 4.03227E-2 3.80171E-2 3.79375E-2 3.72268E-2 3.75569E-2 3.65271E-2 3.54225E-2 3.49527E-2 3.89293E-2 3.68229E-2 3.2579E-2 3.07998E-2 2.89091E-2 3.02151E-2 3.14446E-2 3.15133E-2 3.07407E-2 3.21404E-2 4.23733E-2 4.20193E-2 3.29288E-2 2.93798E-2 2.92954E-2 3.00337E-2 2.95833E-2 2.90661E-2 2.91351E-2 3.08004E-2 3.37416E-2 3.92947E-2 4.66007E-2 5.19936E-2 5.4099E-2 5.72217E-2 5.59743E-2 5.65569E-2 4.78921E-2 5.41929E-2 7.13966E-2 8.1445E-2 1.02539E-1 1.21953E-1 9.89389E-2 8.25387E-2 7.03898E-2 6.26548E-2 6.42338E-2 5.8408E-2
3.14937E-2 3.25168E-2 3.2602E-2 3.47689E-2 4.03471E-2 3.83294E-2 3.72054E-2 3.91241E-2 3.72169E-2 3.73017E-2 3.76072E-2 4.14361E-2 4.1205E-2 4.09113E-2 4.01409E-2 4.05545E-2 4.05281E-2 3.93435E-2 3.7376E-2 3.46597E-2 3.59963E-2 3.85729E-2 4.24494E-2 4.27351E-2 3.30168E-2 3.12051E-2 3.26731E-2 3.27121E-2 3.39983E-2 3.26925E-2 3.88826E-2 4.73681E-2 4.08198E-2 3.98317E-2 3.86875E-2 3.30763E-2 2.97963E-2 2.93904E-2 2.92914E-2 3.0126E-2 3.57826E-2 3.46172E-2 3.73874E-2 3.62134E-2 3.76914E-2 4.32832E-2 4.85565E-2 4.15264E-2 4.62077E-2 5.44605E-2 5.3989E-2 5.66491E-2 6.02438E-2 6.17774E-2 5.39735E-2 5.24266E-2 5.02017E-2 5.52269E-2 5.51815E-2 5.9854E-2 5.64408E-2
3.08477E-2 3.20275E-2 3.40623E-2 3.41839E-2 3.83975E-2 4.13626E-2 4.21021E-2 4.11668E-2 3.82821E-2 3.90983E-2 3.89823E-2 4.21574E-2 4.47542E-2 4.36583E-2 4.16008E-2 3.97882E-2 3.81035E-2 3.94071E-2 3.91578E-2 3.84864E-2 3.91662E-2 4.14985E-2 4.00206E-2 3.82233E-2 3.43453E-2 3.38444E-2 3.4106E-2 3.57692E-2 3.75189E-2 4.09308E-2 3.91429E-2 3.82864E-2 3.47954E-2 3.50388E-2 5.74756E-2 6.65952E-2 3.06022E-2 2.97752E-2 3.0736E-2 3.45127E-2 3.37608E-2 3.33152E-2 3.58864E-2 3.73757E-2 4.17155E-2 4.83618E-2 4.15041E-2 4.47036E-2 4.46156E-2 4.53489E-2 4.85539E-2 4.70816E-2 4.57565E-2 4.51058E-2 4.2226E-2 4.32536E-2 4.60644E-2 4.70903E-2 5.01531E-2 4.94691E-2 4.97606E-2
3.36046E-2 3.30431E-2 3.33681E-2 3.32571E-2 4.23631E-2 4.34198E-2 4.08182E-2 4.55468E-2 4.09359E-2 4.09398E-2 4.28297E-2 4.41691E-2 4.59243E-2 4.67093E-2 4.65627E-2 4.55789E-2 4.16895E-2 3.97655E-2 4.12281E-2 4.28766E-2 4.21093E-2 4.07685E-2 4.21411E-2 3.75663E-2 3.68137E-2 3.59392E-2 3.51467E-2 3.66676E-2 3.90022E-2 3.84669E-2 3.98606E-2 3.56144E-2 3.34305E-2 3.36567E-2 3.53459E-2 3.97682E-2 3.24774E-2 3.23931E-2 3.31334E-2 3.49303E-2 3.53486E-2 3.81693E-2 4.3669E-2 4.62512E-2 4.86708E-2 5.17437E-2 5.04091E-2 4.92069E-2 4.76582E-2 4.68148E-2 4.75238E-2 4.46721E-2 4.29391E-2 4.14072E-2 4.07296E-2 4.56039E-2 4.94323E-2 4.61377E-2 4.73083E-2 4.50432E-2 4.16177E-2
3.14805E-2 3.54646E-2 3.34818E-2 3.7519E-2 4.41051E-2 4.09429E-2 4.13354E-2 4.49286E-2 4.76369E-2 4.23467E-2 4.24833E-2 4.05736E-2 4.01493E-2 4.88558E-2 4.74064E-2 4.5897E-2 4.18837E-2 4.43257E-2 4.03249E-2 4.13013E-2 4.13139E-2 4.06995E-2 3.76016E-2 3.81221E-2 4.13568E-2 3.74705E-2 4.06798E-2 3.91426E-2 4.05633E-2 3.90993E-2 4.04185E-2 4.03153E-2 3.65417E-2 3.36887E-2 3.35132E-2 3.43767E-2 3.70539E-2 3.71854E-2 3.66264E-2 3.75629E-2 4.22912E-2 4.32154E-2 4.88045E-2 5.27838E-2 5.53427E-2 5.06232E-2 4.55681E-2 4.66004E-2 4.85238E-2 5.45253E-2 4.96084E-2 4.46478E-2 4.28383E-2 4.28512E-2 4.44865E-2 4.20563E-2 4.38706E-2 4.742E-2 4.44584E-2 4.5792E-2 4.19885E-2
3.52089E-2 3.48078E-2 3.69058E-2 4.21445E-2 4.14979E-2 4.08645E-2 4.29125E-2 4.84941E-2 5.08429E-2 4.76534E-2 4.05438E-2 3.43218E-2 3.41599E-2 3.64006E-2 5.0171E-2 5.09154E-2 5.17585E-2 4.77263E-2 4.14968E-2 4.05772E-2 4.3622E-2 4.12592E-2 4.01388E-2 3.78605E-2 3.90202E-2 3.68417E-2 3.69202E-2 4.1075E-2 4.24938E-2 4.1058E-2 4.09505E-2 4.34055E-2 4.08795E-2 3.91504E-2 3.8847E-2 3.78813E-2 3.97407E-2 4.04838E-2 4.17743E-2 4.09326E-2 4.40199E-2 4.28308E-2 4.49498E-2 4.64243E-2 4.35196E-2 4.30698E-2 4.40756E-2 4.3213E-2 4.40342E-2 4.14453E-2 4.16985E-2 4.0843E-2 4.18043E-2 4.12792E-2 4.33853E-2 3.99939E-2 3.84505E-2 4.17615E-2 3.99387E-2 4.23096E-2 4.01203E-2
3.62877E-2 3.71091E-2 4.1202E-2 4.33235E-2 4.21008E-2 4.25342E-2 4.32054E-2 4.5791E-2 4.37145E-2 4.46668E-2 3.81953E-2 3.70763E-2 3.53168E-2 3.01177E-2 3.90138E-2 5.24624E-2 5.27681E-2 4.8405E-2 4.50975E-2 4.15775E-2 4.05615E-2 4.05667E-2 4.24588E-2 4.09404E-2 4.41301E-2 3.71684E-2 3.68809E-2 3.98308E-2 4.19897E-2 4.18432E-2 4.48053E-2 4.57795E-2 4.56451E-2 4.46681E-2 4.41029E-2 4.35265E-2 4.33163E-2 4.4353E-2 4.3606E-2 4.65503E-2 4.64039E-2 4.29206E-2 4.0659E-2 4.19512E-2 4.02013E-2 4.03612E-2 3.99962E-2 4.11096E-2 4.22074E-2 4.17073E-2 4.34904E-2 4.50353E-2 4.24087E-2 3.90174E-2 3.96416E-2 3.79649E-2 3.63283E-2 3.77053E-2 4.07912E-2 4.08735E-2 4.16541E-2
4.14619E-2 4.15722E-2 4.31445E-2 4.44565E-2 4.45092E-2 4.60308E-2 4.56677E-2 4.49475E-2 4.57372E-2 4.35312E-2 4.04041E-2 4.09859E-2 4.41784E-2 3.25368E-2 3.10731E-2 4.68527E-2 5.42944E-2 5.16691E-2 5.11262E-2 4.53191E-2 4.24402E-2 4.09483E-2 4.13979E-2 4.48535E-2 4.39748E-2 4.35573E-2 4.09124E-2 4.10721E-2 4.24571E-2 4.48173E-2 4.34965E-2 4.54327E-2 4.83663E-2 4.80805E-2 4.97469E-2 4.86651E-2 5.01093E-2 4.84864E-2 4.95349E-2 5.27547E-2 4.85151E-2 4.48548E-2 4.28899E-2 4.12366E-2 4.1085E-2 4.06666E-2 4.17702E-2 4.02993E-2 4.06016E-2 4.41144E-2 4.60496E-2 4.38884E-2 4.39239E-2 4.29238E-2 4.15556E-2 3.92975E-2 3.96519E-2 4.03566E-2 4.44289E-2 4.13099E-2 3.92262E-2
4.19792E-2 4.52426E-2 4.66861E-2 4.70867E-2 4.77204E-2 4.56441E-2 4.41707E-2 4.38811E-2 4.49164E-2 4.1123E-2 4.12286E-2 4.1652E-2 4.11107E-2 3.59114E-2 2.95494E-2 3.99079E-2 5.0483E-2 5.20264E-2 5.62359E-2 5.20296E-2 5.22477E-2 4.61722E-2 4.51544E-2 4.5807E-2 4.28785E-2 4.20122E-2 4.78738E-2 4.84745E-2 4.61153E-2 4.46677E-2 4.36038E-2 4.61161E-2 4.75877E-2 4.88684E-2 4.90159E-2 5.17087E-2 5.45207E-2 5.4276E-2 5.80279E-2 5.49789E-2 5.30611E-2 4.63051E-2 4.36692E-2 4.0893E-2 4.07767E-2 4.17192E-2 4.24968E-2 4.29538E-2 4.64872E-2 4.65421E-2 4.96156E-2 4.67516E-2 4.59174E-2 4.72515E-2 4.52476E-2 4.08989E-2 4.40317E-2 4.68029E-2 4.61261E-2 4.1521E-2 3.91639E-2
4.18517E-2 4.35921E-2 4.68975E-2 4.91531E-2 4.85452E-2 4.72215E-2 4.61446E-2 4.52281E-2 4.5077E-2 4.11867E-2 4.10011E-2 3.98917E-2 4.06644E-2 3.62673E-2 3.18275E-2 3.44994E-2 4.46595E-2 5.19475E-2 5.2877E-2 4.93586E-2 4.74339E-2 5.14178E-2 4.65315E-2 4.40628E-2 4.41598E-2 4.19604E-2 4.5838E-2 4.75883E-2 4.50283E-2 4.59493E-2 4.8337E-2 4.75973E-2 4.55887E-2 4.83711E-2 4.8911E-2 5.01305E-2 5.59395E-2 5.87855E-2 6.09216E-2 5.56944E-2 5.85073E-2 4.62846E-2 4.10927E-2 4.0225E-2 4.43141E-2 4.56834E-2 4.70731E-2 4.56632E-2 4.75997E-2 4.79075E-2 4.61914E-2 4.66843E-2 4.34784E-2 4.4005E-2 4.22053E-2 4.0406E-2 4.29574E-2 4.35709E-2 4.29221E-2 4.5379E-2 4.08217E-2
