maxent_outputs/bumblebees/bombus_25.asc
ncols         426
nrows         180
xllcorner     -130.0
yllcorner     24.0
cellsize      0.16666666666666666
NODATA_value  -9999
[rows 0 to 26 of 180, columns 183 to 243 of 426]
4.88439E-2 4.5546E-2 4.46251E-2 4.70849E-2 4.51885E-2 4.11888E-2 4.26558E-2 5.54427E-2 5.48946E-2 5.24998E-2 4.24392E-2 4.2944E-2 3.84899E-2 3.90376E-2 4.11042E-2 4.0891E-2 4.01442E-2 4.14974E-2 4.14476E-2 4.33175E-2 5.06971E-2 4.62591E-2 4.24658E-2 4.11111E-2 4.31844E-2 4.42847E-2 4.50891E-2 4.94463E-2 5.44523E-2 5.05062E-2 4.65838E-2 4.57613E-2 4.33022E-2 4.69055E-2 4.52625E-2 4.33089E-2 4.27771E-2 4.31119E-2 4.45979E-2 4.46383E-2 4.50673E-2 4.63861E-2 4.64018E-2 4.43492E-2 4.54374E-2 4.47075E-2 4.56327E-2 4.63976E-2 5.00293E-2 4.95612E-2 4.86137E-2 4.97344E-2 5.42633E-2 4.81513E-2 5.05417E-2 4.85811E-2 4.84211E-2 4.58207E-2 4.59058E-2 4.75461E-2 4.68201E-2
4.47386E-2 4.48373E-2 4.97171E-2 7.85327E-2 9.71096E-2 9.66043E-2 9.97065E-2 9.60861E-2 8.10808E-2 6.46126E-2 4.64972E-2 4.49542E-2 4.36154E-2 4.17743E-2 4.32621E-2 4.20809E-2 4.05625E-2 3.99156E-2 3.9264E-2 4.21208E-2 4.21274E-2 4.12148E-2 4.48787E-2 4.44736E-2 4.41333E-2 4.1237E-2 4.5128E-2 4.82429E-2 5.11101E-2 5.44696E-2 5.63456E-2 5.39043E-2 4.71353E-2 4.47453E-2 4.64026E-2 4.26236E-2 4.30053E-2 4.39457E-2 4.32768E-2 4.21727E-2 4.27843E-2 4.08567E-2 4.18083E-2 4.67892E-2 5.03531E-2 4.88156E-2 4.71348E-2 4.52648E-2 4.64491E-2 5.00361E-2 4.85416E-2 4.79847E-2 4.76252E-2 4.55972E-2 4.79924E-2 5.21063E-2 6.72088E-2 6.74463E-2 6.21292E-2 4.83623E-2 4.86721E-2
4.26337E-2 4.40626E-2 6.09621E-2 1.00722E-1 1.0303E-1 1.03037E-1 1.05125E-1 1.08281E-1 1.07053E-1 1.03974E-1 6.78374E-2 4.8201E-2 4.74684E-2 4.46879E-2 4.30852E-2 4.20172E-2 4.08006E-2 4.09569E-2 4.18033E-2 4.52152E-2 4.21755E-2 3.87711E-2 3.87804E-2 4.05416E-2 4.34488E-2 4.06563E-2 4.04559E-2 4.31458E-2 4.34996E-2 4.25262E-2 4.38321E-2 4.31502E-2 4.12695E-2 4.24179E-2 4.173E-2 4.29164E-2 4.43848E-2 4.31353E-2 4.31395E-2 4.19921E-2 4.18606E-2 4.1317E-2 4.00076E-2 3.90615E-2 4.02808E-2 3.90153E-2 4.03688E-2 4.11224E-2 4.40464E-2 4.45495E-2 4.879E-2 4.60115E-2 4.09158E-2 4.23134E-2 4.37582E-2 4.29762E-2 4.30112E-2 4.45451E-2 4.39494E-2 4.39588E-2 4.3749E-2
4.46528E-2 5.44823E-2 8.15255E-2 1.10045E-1 1.03531E-1 1.03646E-1 1.01713E-1 1.04029E-1 1.10008E-1 1.09889E-1 1.02476E-1 5.77005E-2 5.48667E-2 4.69435E-2 4.61236E-2 4.45911E-2 4.29463E-2 4.28121E-2 4.22385E-2 4.13472E-2 4.4454E-2 4.03036E-2 3.85446E-2 3.85233E-2 3.85419E-2 4.12055E-2 4.18247E-2 3.91414E-2 3.95694E-2 3.73196E-2 3.85704E-2 4.12641E-2 3.98066E-2 3.90216E-2 3.84469E-2 3.98051E-2 4.0897E-2 3.94641E-2 3.89734E-2 4.01935E-2 3.81533E-2 3.67283E-2 3.87183E-2 3.60297E-2 3.53794E-2 3.63378E-2 4.31091E-2 4.22031E-2 4.27317E-2 4.44861E-2 4.54076E-2 4.9386E-2 4.28121E-2 3.9823E-2 4.09442E-2 4.03482E-2 4.05499E-2 4.10439E-2 4.38091E-2 4.20941E-2 4.42067E-2
6.29394E-2 7.05719E-2 9.98811E-2 1.06613E-1 1.075E-1 1.05077E-1 1.07338E-1 1.06051E-1 1.09433E-1 1.13032E-1 1.11981E-1 8.65785E-2 5.93875E-2 4.87247E-2 4.36391E-2 4.57972E-2 4.44545E-2 4.27166E-2 4.31819E-2 4.03628E-2 3.95856E-2 3.98661E-2 4.08834E-2 3.88456E-2 3.72018E-2 3.61564E-2 3.75825E-2 3.76549E-2 3.86371E-2 3.80077E-2 3.85937E-2 3.91796E-2 3.86023E-2 3.95056E-2 4.11951E-2 4.30686E-2 3.99285E-2 3.62005E-2 3.67327E-2 3.78086E-2 3.72458E-2 3.78051E-2 3.82185E-2 3.83378E-2 3.87798E-2 3.96574E-2 3.69033E-2 3.81521E-2 4.04236E-2 3.86489E-2 4.11353E-2 4.12316E-2 3.94383E-2 3.88994E-2 3.92558E-2 4.02457E-2 4.04863E-2 4.22061E-2 4.26958E-2 3.88934E-2 3.89734E-2
6.25945E-2 6.09194E-2 6.98567E-2 8.53676E-2 8.34112E-2 8.63607E-2 1.00419E-1 1.09961E-1 1.11384E-1 1.16478E-1 1.17411E-1 1.10821E-1 7.91639E-2 5.10618E-2 4.825E-2 4.51342E-2 4.45833E-2 4.41197E-2 4.21231E-2 4.22922E-2 4.2421E-2 3.96402E-2 3.81608E-2 3.99633E-2 3.9945E-2 4.14382E-2 4.03549E-2 4.13135E-2 3.88379E-2 3.96784E-2 4.01065E-2 3.87422E-2 3.85643E-2 3.95563E-2 3.89747E-2 4.45011E-2 4.76203E-2 4.47161E-2 4.53053E-2 4.5072E-2 4.69156E-2 4.4854E-2 3.92207E-2 3.90642E-2 3.86101E-2 3.96856E-2 3.60037E-2 3.56446E-2 3.80886E-2 4.00455E-2 4.03113E-2 4.03181E-2 3.61098E-2 3.51237E-2 3.54589E-2 3.72434E-2 4.03449E-2 4.43148E-2 4.26578E-2 4.04623E-2 4.23992E-2
6.05102E-2 5.55339E-2 5.50924E-2 6.26415E-2 8.24844E-2 9.62154E-2 1.10053E-1 1.09618E-1 1.11075E-1 1.15107E-1 1.17393E-1 1.13641E-1 8.58281E-2 6.02445E-2 5.70034E-2 5.08339E-2 4.79334E-2 4.48881E-2 4.53823E-2 4.40971E-2 4.24483E-2 4.20269E-2 3.93122E-2 4.02576E-2 4.07173E-2 4.03511E-2 3.86253E-2 3.97528E-2 3.85677E-2 3.79517E-2 3.74964E-2 3.63931E-2 3.98097E-2 4.30882E-2 4.05399E-2 4.10154E-2 4.33792E-2 3.98594E-2 4.11712E-2 4.10915E-2 4.20222E-2 3.98944E-2 3.74907E-2 3.65331E-2 4.0203E-2 4.22575E-2 4.18268E-2 3.93978E-2 4.31128E-2 4.1238E-2 4.1096E-2 4.23345E-2 3.9915E-2 3.55318E-2 3.48992E-2 3.56896E-2 3.72543E-2 4.17481E-2 4.2889E-2 4.37166E-2 4.56145E-2
6.25169E-2 5.74009E-2 5.7533E-2 6.4607E-2 8.88587E-2 1.06061E-1 1.07672E-1 1.11349E-1 1.14626E-1 1.16069E-1 1.17095E-1 1.1923E-1 1.09919E-1 6.98255E-2 5.88035E-2 5.67312E-2 5.49314E-2 6.01184E-2 5.18717E-2 4.98164E-2 4.64293E-2 4.30628E-2 4.13206E-2 4.04684E-2 3.79298E-2 4.12974E-2 3.82834E-2 3.82939E-2 3.88814E-2 3.92037E-2 3.84468E-2 3.55085E-2 3.86729E-2 3.80974E-2 3.76435E-2 3.82137E-2 3.89585E-2 3.7649E-2 3.65381E-2 3.6385E-2 3.79157E-2 4.00723E-2 3.68164E-2 3.5676E-2 3.64446E-2 3.64687E-2 3.55202E-2 3.54555E-2 3.91541E-2 3.82665E-2 3.59624E-2 4.09458E-2 4.22436E-2 4.17242E-2 3.61789E-2 3.62835E-2 3.88314E-2 3.88321E-2 3.88008E-2 3.71659E-2 3.93408E-2
6.31589E-2 5.74152E-2 5.88281E-2 6.24773E-2 6.28823E-2 7.87754E-2 1.0332E-1 1.0752E-1 1.08473E-1 1.07711E-1 1.14112E-1 1.14542E-1 1.15989E-1 1.05845E-1 6.54526E-2 5.62955E-2 5.86828E-2 5.26775E-2 5.34456E-2 5.3714E-2 5.14888E-2 4.55216E-2 4.37677E-2 4.15079E-2 4.05616E-2 3.90199E-2 3.81302E-2 3.88046E-2 3.69799E-2 3.78038E-2 3.77665E-2 3.69276E-2 3.92232E-2 3.68631E-2 3.70408E-2 3.64097E-2 3.56683E-2 3.71503E-2 3.74309E-2 3.69594E-2 3.50752E-2 3.58835E-2 3.71552E-2 3.70299E-2 3.46285E-2 3.2513E-2 3.26086E-2 3.91295E-2 3.72519E-2 3.48988E-2 3.4341E-2 3.45851E-2 3.38303E-2 3.38268E-2 3.71534E-2 3.76322E-2 3.77522E-2 3.61951E-2 3.57367E-2 3.57005E-2 3.5032E-2
6.47347E-2 5.65883E-2 5.87273E-2 5.87613E-2 5.97863E-2 5.93433E-2 8.11924E-2 1.00735E-1 8.90501E-2 8.32124E-2 1.1066E-1 1.06936E-1 1.07372E-1 9.92485E-2 8.1676E-2 5.9097E-2 5.93225E-2 5.32232E-2 4.97404E-2 4.73875E-2 4.42281E-2 4.39626E-2 4.28111E-2 3.94897E-2 4.10173E-2 4.01482E-2 3.76795E-2 3.77438E-2 3.62987E-2 3.60493E-2 3.55039E-2 3.54727E-2 3.51578E-2 3.43085E-2 3.63797E-2 3.63482E-2 3.54E-2 3.52339E-2 3.64527E-2 3.61293E-2 3.43059E-2 3.27722E-2 3.33211E-2 3.42873E-2 3.28682E-2 3.17734E-2 3.18912E-2 3.427E-2 3.18193E-2 3.12912E-2 2.97623E-2 3.13748E-2 3.21258E-2 3.30929E-2 3.34461E-2 3.49223E-2 3.4311E-2 3.36628E-2 3.35826E-2 3.40293E-2 3.67094E-2
6.10509E-2 5.86765E-2 5.65948E-2 5.72482E-2 6.00508E-2 5.94476E-2 6.03166E-2 6.63242E-2 9.47112E-2 9.24377E-2 1.00521E-1 1.00985E-1 9.72868E-2 8.68079E-2 8.37851E-2 5.90569E-2 5.65707E-2 5.14059E-2 4.86969E-2 4.607E-2 4.5712E-2 4.49556E-2 4.20383E-2 3.9122E-2 4.17881E-2 4.03622E-2 3.89707E-2 4.00966E-2 3.62431E-2 3.7009E-2 3.82947E-2 3.67486E-2 3.49986E-2 3.40381E-2 3.55422E-2 3.36267E-2 3.26567E-2 3.11763E-2 3.26819E-2 3.14451E-2 3.51047E-2 3.33565E-2 3.03709E-2 2.98521E-2 2.80536E-2 2.80213E-2 2.8526E-2 2.90532E-2 2.81283E-2 2.80608E-2 2.94278E-2 2.87739E-2 3.13989E-2 2.98182E-2 3.23655E-2 3.16728E-2 3.26626E-2 3.30535E-2 3.28925E-2 3.30968E-2 3.49399E-2
5.89601E-2 5.69092E-2 5.76579E-2 5.851E-2 5.88189E-2 5.82435E-2 5.95322E-2 6.03507E-2 7.09611E-2 9.59211E-2 7.53816E-2 7.00764E-2 8.30296E-2 9.43587E-2 9.17944E-2 6.50462E-2 5.44371E-2 5.03202E-2 4.97385E-2 4.68587E-2 4.54029E-2 4.59484E-2 4.23446E-2 4.4339E-2 4.74226E-2 4.6118E-2 4.31058E-2 4.20603E-2 4.2585E-2 4.08087E-2 4.02657E-2 4.09235E-2 4.05236E-2 3.59833E-2 3.54038E-2 3.13257E-2 3.03619E-2 3.07111E-2 3.01174E-2 3.05006E-2 3.1043E-2 2.99979E-2 2.89344E-2 2.75622E-2 2.84229E-2 2.81128E-2 2.69245E-2 2.78102E-2 2.92845E-2 2.93185E-2 3.0403E-2 2.99078E-2 2.84135E-2 2.9083E-2 2.99503E-2 3.12515E-2 3.25126E-2 3.31236E-2 3.35976E-2 3.43895E-2 3.35226E-2
5.82493E-2 6.04413E-2 5.89442E-2 5.80479E-2 5.71558E-2 5.9378E-2 6.12039E-2 6.11521E-2 6.0435E-2 7.00842E-2 6.26809E-2 6.08183E-2 5.67174E-2 7.62388E-2 8.40094E-2 7.75914E-2 5.58685E-2 4.90311E-2 4.56138E-2 4.51752E-2 4.39099E-2 4.42589E-2 4.44291E-2 4.52239E-2 4.87618E-2 4.2299E-2 4.34696E-2 4.05059E-2 3.90302E-2 3.8897E-2 3.92423E-2 3.98328E-2 4.15589E-2 3.92553E-2 3.53803E-2 3.19868E-2 3.11759E-2 3.22597E-2 3.14193E-2 3.20199E-2 2.99174E-2 2.91998E-2 2.78551E-2 2.67592E-2 2.7535E-2 2.90168E-2 2.68202E-2 2.71314E-2 3.07042E-2 3.02627E-2 3.19479E-2 3.04218E-2 2.94184E-2 2.84407E-2 3.00685E-2 3.19902E-2 3.31757E-2 3.25312E-2 3.13674E-2 3.18481E-2 3.39278E-2
6.77175E-2 6.19855E-2 6.06071E-2 5.86868E-2 5.57653E-2 5.74094E-2 6.46804E-2 6.22359E-2 5.43746E-2 5.22104E-2 5.52343E-2 5.42643E-2 6.46634E-2 6.88563E-2 7.17973E-2 6.80734E-2 6.06574E-2 5.10625E-2 4.63191E-2 4.60226E-2 4.50556E-2 4.4453E-2 4.46311E-2 4.6584E-2 4.37525E-2 4.46656E-2 4.13268E-2 4.29753E-2 4.03725E-2 4.18133E-2 4.02966E-2 4.0041E-2 4.21021E-2 3.9502E-2 3.98125E-2 3.72624E-2 3.4978E-2 3.49771E-2 3.53727E-2 3.34877E-2 3.23798E-2 2.94728E-2 2.76881E-2 2.65219E-2 2.85528E-2 3.09434E-2 2.92432E-2 2.89189E-2 2.86482E-2 2.9936E-2 3.1621E-2 2.98235E-2 3.12944E-2 3.14112E-2 3.23772E-2 3.36645E-2 3.14267E-2 3.18665E-2 3.3761E-2 3.24008E-2 3.24171E-2
6.40975E-2 6.37391E-2 6.70074E-2 6.52065E-2 6.12488E-2 6.2189E-2 6.10041E-2 5.01342E-2 5.12724E-2 5.53877E-2 5.64734E-2 5.40044E-2 5.41173E-2 6.55591E-2 5.88892E-2 4.8532E-2 6.09828E-2 5.80182E-2 4.72229E-2 4.60438E-2 4.55243E-2 4.58222E-2 4.56347E-2 4.65505E-2 4.3151E-2 4.35804E-2 4.23818E-2 4.24106E-2 4.30993E-2 4.09364E-2 4.00826E-2 3.96175E-2 3.79675E-2 3.79465E-2 3.75368E-2 3.51795E-2 3.3938E-2 3.21282E-2 3.20714E-2 3.19582E-2 2.96284E-2 2.90302E-2 2.7328E-2 2.76466E-2 2.91837E-2 3.26815E-2 2.84881E-2 2.82006E-2 3.01914E-2 2.9136E-2 3.04793E-2 3.09702E-2 3.11905E-2 3.16823E-2 3.17487E-2 3.31254E-2 3.16365E-2 3.15256E-2 3.07912E-2 2.98761E-2 3.07805E-2
5.09597E-2 5.7989E-2 6.75719E-2 6.53988E-2 5.636E-2 4.97579E-2 5.21446E-2 5.16899E-2 5.48431E-2 5.65868E-2 5.53844E-2 4.74284E-2 4.71228E-2 5.68608E-2 4.91409E-2 5.5223E-2 6.97632E-2 7.09946E-2 5.03335E-2 4.79764E-2 4.6131E-2 4.36381E-2 4.28386E-2 4.33375E-2 4.3532E-2 4.28025E-2 4.27595E-2 4.58669E-2 4.41284E-2 4.14041E-2 4.03681E-2 3.82881E-2 3.72507E-2 3.41311E-2 3.61092E-2 3.39025E-2 3.46666E-2 3.2441E-2 2.93207E-2 2.89045E-2 2.83217E-2 3.14211E-2 3.34276E-2 3.19437E-2 3.00162E-2 3.35581E-2 2.94424E-2 2.86492E-2 2.97533E-2 2.97545E-2 3.08136E-2 3.15995E-2 3.08641E-2 3.14791E-2 3.16725E-2 3.19771E-2 3.06203E-2 2.91437E-2 2.90502E-2 2.84781E-2 3.01324E-2
4.95775E-2 5.57607E-2 6.10571E-2 6.82182E-2 7.03318E-2 6.03684E-2 4.92414E-2 5.0367E-2 5.57704E-2 5.42487E-2 4.8974E-2 4.48585E-2 4.48412E-2 4.9975E-2 4.92347E-2 6.44044E-2 6.31302E-2 7.23041E-2 6.54517E-2 5.13487E-2 4.69991E-2 4.57144E-2 4.3597E-2 4.41482E-2 4.55207E-2 4.36706E-2 4.48836E-2 4.63134E-2 4.69416E-2 4.24369E-2 4.17758E-2 4.0495E-2 3.77053E-2 3.76529E-2 3.67404E-2 3.43098E-2 4.14873E-2 4.14978E-2 3.3469E-2 3.122E-2 3.28118E-2 3.16474E-2 3.13574E-2 3.05532E-2 3.0947E-2 3.23109E-2 3.30132E-2 3.19612E-2 3.0725E-2 3.01927E-2 2.91088E-2 3.01883E-2 3.13379E-2 3.0794E-2 3.05866E-2 3.1381E-2 3.07993E-2 2.90957E-2 2.96752E-2 3.1127E-2 2.90871E-2
5.19239E-2 5.23E-2 5.52814E-2 6.21662E-2 6.64827E-2 6.41113E-2 5.72222E-2 5.07635E-2 5.82203E-2 5.62716E-2 4.86093E-2 4.52898E-2 4.36184E-2 4.7993E-2 4.96216E-2 6.15125E-2 6.96806E-2 8.28656E-2 6.88463E-2 5.11757E-2 4.71472E-2 4.82791E-2 4.56908E-2 4.43933E-2 4.41999E-2 4.38876E-2 4.65952E-2 4.54158E-2 4.43994E-2 4.16272E-2 4.13694E-2 4.21283E-2 4.07776E-2 4.38556E-2 3.98887E-2 3.65953E-2 3.75013E-2 3.75983E-2 3.38099E-2 3.05546E-2 3.27399E-2 3.12622E-2 3.06413E-2 2.98234E-2 3.07944E-2 2.93447E-2 3.01415E-2 3.17792E-2 3.18804E-2 2.97431E-2 2.72442E-2 2.90015E-2 3.31694E-2 3.39208E-2 3.25741E-2 3.16746E-2 3.02935E-2 2.99937E-2 2.94775E-2 2.95414E-2 2.9504E-2
5.23554E-2 5.26083E-2 5.06544E-2 5.55817E-2 6.75688E-2 6.81663E-2 6.14443E-2 5.27349E-2 5.28427E-2 5.10354E-2 5.1208E-2 5.36127E-2 5.22744E-2 5.2796E-2 5.52386E-2 8.38422E-2 9.51374E-2 9.46761E-2 7.98541E-2 5.2455E-2 5.41419E-2 5.13284E-2 4.7287E-2 4.79293E-2 4.52863E-2 4.53715E-2 4.46185E-2 4.42299E-2 4.30734E-2 4.08112E-2 3.75151E-2 3.87694E-2 4.08396E-2 4.00323E-2 4.0673E-2 3.8536E-2 3.51516E-2 3.42112E-2 3.23024E-2 3.11319E-2 2.98268E-2 3.00249E-2 2.89391E-2 2.9077E-2 2.85037E-2 2.8831E-2 2.85358E-2 2.74396E-2 2.8284E-2 2.81472E-2 2.76909E-2 2.99459E-2 2.83439E-2 2.76422E-2 2.92213E-2 3.08735E-2 2.90868E-2 2.86386E-2 2.84302E-2 2.8995E-2 2.95922E-2
4.78037E-2 4.58563E-2 4.70521E-2 4.95562E-2 6.31491E-2 7.92087E-2 7.96452E-2 6.40245E-2 5.58772E-2 5.33375E-2 5.59763E-2 5.39548E-2 5.60131E-2 5.66943E-2 6.09641E-2 9.1983E-2 9.65559E-2 9.11788E-2 8.39809E-2 6.06169E-2 5.83436E-2 5.19107E-2 4.83834E-2 4.68062E-2 4.59726E-2 4.72302E-2 4.43389E-2 4.44797E-2 4.22119E-2 4.22361E-2 4.29988E-2 4.25936E-2 4.26376E-2 3.78492E-2 3.74993E-2 4.07919E-2 4.01746E-2 3.61461E-2 3.46947E-2 3.20749E-2 3.15951E-2 2.86081E-2 2.60901E-2 2.8453E-2 3.02251E-2 3.08673E-2 2.98022E-2 3.04347E-2 2.80711E-2 2.96702E-2 2.93317E-2 2.80139E-2 2.72772E-2 2.81455E-2 2.7969E-2 2.75955E-2 2.73667E-2 2.72047E-2 2.78789E-2 2.83872E-2 2.89109E-2
4.74428E-2 4.61121E-2 4.66784E-2 5.03314E-2 5.48895E-2 7.13592E-2 7.96509E-2 7.88778E-2 6.35527E-2 5.55349E-2 5.74106E-2 5.42937E-2 5.94519E-2 5.43959E-2 5.9138E-2 8.96037E-2 9.62323E-2 7.9626E-2 6.86895E-2 6.08921E-2 5.82246E-2 5.46234E-2 5.24357E-2 4.81578E-2 4.67749E-2 4.52981E-2 4.78148E-2 4.5264E-2 4.20115E-2 4.37851E-2 4.61544E-2 4.19698E-2 3.96353E-2 4.11533E-2 4.056E-2 4.33249E-2 3.90645E-2 3.68247E-2 3.93121E-2 3.52301E-2 3.37933E-2 3.10247E-2 3.15759E-2 3.05378E-2 3.25777E-2 3.35485E-2 2.96071E-2 2.78805E-2 2.66961E-2 2.78752E-2 2.80304E-2 2.63496E-2 2.59977E-2 2.60406E-2 2.74434E-2 2.57899E-2 2.60383E-2 2.71934E-2 2.81717E-2 2.71835E-2 2.86034E-2
4.42085E-2 4.696E-2 4.75932E-2 5.1094E-2 5.32991E-2 6.0727E-2 7.62054E-2 7.99584E-2 7.85504E-2 5.91492E-2 5.61462E-2 6.15406E-2 5.72422E-2 5.81616E-2 6.15066E-2 8.3796E-2 8.89058E-2 7.21404E-2 5.68094E-2 5.41915E-2 5.63326E-2 6.02546E-2 5.18E-2 4.87871E-2 5.0888E-2 4.97364E-2 4.70697E-2 4.95708E-2 4.90393E-2 4.95456E-2 4.87065E-2 4.5871E-2 4.50425E-2 4.818E-2 4.61765E-2 4.2285E-2 4.24632E-2 4.17317E-2 4.07347E-2 4.43404E-2 4.27708E-2 3.85574E-2 3.57352E-2 3.59768E-2 3.81224E-2 3.56565E-2 3.07073E-2 2.93767E-2 2.85645E-2 2.6691E-2 2.56601E-2 2.59246E-2 2.39078E-2 2.45555E-2 2.66336E-2 2.49186E-2 2.55787E-2 2.60288E-2 2.64785E-2 2.74127E-2 2.69608E-2
4.12831E-2 4.56125E-2 4.79863E-2 5.00621E-2 5.15531E-2 6.07936E-2 7.50069E-2 7.61543E-2 6.63023E-2 5.58508E-2 5.39331E-2 5.5322E-2 5.37035E-2 5.7934E-2 5.99669E-2 6.56895E-2 6.09466E-2 5.91825E-2 5.09032E-2 5.48469E-2 5.29674E-2 5.45526E-2 5.42938E-2 5.23284E-2 5.28796E-2 5.54948E-2 5.53216E-2 5.58535E-2 5.38142E-2 4.94808E-2 5.33326E-2 5.05228E-2 5.18155E-2 4.88191E-2 4.59014E-2 4.20716E-2 4.13196E-2 4.10936E-2 4.2E-2 4.01494E-2 4.25485E-2 4.42794E-2 4.16979E-2 4.03475E-2 3.8399E-2 3.45133E-2 3.19438E-2 2.9143E-2 2.84871E-2 2.57595E-2 2.47599E-2 2.33506E-2 2.25221E-2 2.22703E-2 2.39205E-2 2.46585E-2 2.40289E-2 2.36525E-2 2.41475E-2 2.56957E-2 2.58095E-2
3.57402E-2 4.03241E-2 4.60759E-2 4.7655E-2 4.82027E-2 5.16586E-2 5.61897E-2 5.92245E-2 5.61809E-2 5.34293E-2 5.11342E-2 4.9527E-2 4.89734E-2 5.14535E-2 5.42545E-2 5.81728E-2 5.41122E-2 5.16197E-2 5.0594E-2 5.48365E-2 5.21911E-2 5.16199E-2 5.55464E-2 5.31951E-2 5.24118E-2 5.60509E-2 5.21172E-2 5.4996E-2 5.50942E-2 5.30675E-2 4.78934E-2 4.75948E-2 4.79452E-2 4.42246E-2 4.89843E-2 4.7987E-2 4.21531E-2 4.10254E-2 4.00102E-2 3.59183E-2 3.57932E-2 3.66565E-2 3.5786E-2 3.94348E-2 3.8968E-2 3.64784E-2 3.09683E-2 2.88154E-2 2.65771E-2 2.61455E-2 2.41134E-2 2.24029E-2 2.46349E-2 2.36034E-2 2.33289E-2 2.46756E-2 2.34281E-2 2.13659E-2 2.17572E-2 2.31855E-2 2.48159E-2
3.69341E-2 3.90559E-2 4.24641E-2 4.51088E-2 4.57051E-2 5.037E-2 5.64738E-2 6.0153E-2 5.58782E-2 5.37953E-2 5.1159E-2 5.11341E-2 5.00015E-2 5.33083E-2 5.63975E-2 5.41225E-2 5.09371E-2 5.1857E-2 5.19866E-2 5.15696E-2 5.04707E-2 5.02434E-2 5.25922E-2 5.36148E-2 5.22859E-2 5.17941E-2 5.21755E-2 5.12309E-2 5.22953E-2 5.64852E-2 5.01877E-2 4.76262E-2 4.51369E-2 4.43395E-2 4.54908E-2 4.48348E-2 4.35267E-2 4.17832E-2 4.11911E-2 4.09662E-2 3.74976E-2 3.98694E-2 3.71358E-2 3.61936E-2 3.62221E-2 3.52959E-2 3.05755E-2 2.58006E-2 2.46324E-2 2.49191E-2 2.68557E-2 2.41325E-2 2.24127E-2 2.15708E-2 2.2031E-2 2.1858E-2 2.05796E-2 2.10399E-2 2.07429E-2 2.33958E-2 2.80821E-2
3.79979E-2 4.24032E-2 4.37516E-2 4.37631E-2 4.58113E-2 4.79549E-2 4.97925E-2 5.22132E-2 5.35409E-2 5.31977E-2 5.13538E-2 5.02424E-2 5.09955E-2 5.2791E-2 5.64387E-2 5.27342E-2 4.91583E-2 4.88317E-2 5.03144E-2 5.08626E-2 4.9378E-2 4.79673E-2 4.90707E-2 5.05231E-2 5.03314E-2 5.20798E-2 5.1172E-2 5.17089E-2 5.38855E-2 5.56863E-2 5.52743E-2 5.00878E-2 4.71243E-2 4.538E-2 4.65973E-2 4.58584E-2 4.76349E-2 4.98427E-2 4.77975E-2 4.21773E-2 4.51869E-2 3.93725E-2 3.52803E-2 3.07053E-2 3.0085E-2 2.87278E-2 2.58104E-2 2.41654E-2 2.46494E-2 2.23194E-2 2.15478E-2 2.16172E-2 2.11289E-2 2.18928E-2 2.28018E-2 2.12775E-2 2.11198E-2 2.08673E-2 2.10653E-2 2.33952E-2 2.60819E-2
3.91098E-2 4.15017E-2 4.17131E-2 4.25391E-2 3.93775E-2 4.01286E-2 4.61216E-2 4.73798E-2 4.80423E-2 4.78631E-2 4.8486E-2 4.91178E-2 4.92848E-2 5.20785E-2 5.38084E-2 5.37327E-2 5.21151E-2 4.86099E-2 4.7229E-2 4.55326E-2 4.37754E-2 4.55007E-2 4.76403E-2 4.81162E-2 4.92771E-2 5.02327E-2 6.08247E-2 5.95711E-2 5.68639E-2 6.16133E-2 6.4134E-2 5.40159E-2 4.99765E-2 5.03051E-2 4.94114E-2 4.52263E-2 4.49234E-2 4.6516E-2 4.55385E-2 4.29744E-2 4.01097E-2 4.26786E-2 3.51247E-2 2.88482E-2 2.5968E-2 2.52004E-2 2.5598E-2 2.41598E-2 2.29235E-2 2.47278E-2 2.05241E-2 2.00378E-2 2.01463E-2 2.02996E-2 2.08245E-2 2.078E-2 1.9562E-2 2.03977E-2 2.20768E-2 2.20433E-2 2.26962E-2
