maxent_outputs/bumblebees/bombus_2.asc
ncols         426
nrows         180
xllcorner     -130.0
yllcorner     24.0
cellsize      0.16666666666666666
NODATA_value  -9999
[rows 54 to 80 of 180, columns 305 to 365 of 426]
3.33794E-2 2.90232E-2 2.87644E-2 2.67482E-2 2.78585E-2 2.81559E-2 3.12695E-2 3.35389E-2 3.4453E-2 3.5423E-2 3.58529E-2 3.96595E-2 4.18516E-2 4.51186E-2 4.64579E-2 4.87308E-2 5.2313E-2 5.13459E-2 5.33954E-2 5.42248E-2 5.22422E-2 4.84758E-2 4.56031E-2 4.55225E-2 5.45364E-2 5.75637E-2 5.68185E-2 5.56276E-2 5.20548E-2 4.23473E-2 3.34387E-2 3.40937E-2 5.59839E-2 9.6731E-2 1.57562E-1 1.55331E-1 9.42935E-2 5.71839E-2 4.14284E-2 2.21066E-2 2.6382E-2 3.0906E-2 2.4716E-2 1.88768E-2 1.79994E-2 2.0928E-2 2.36833E-2 1.34477E-2 2.38008E-2 2.32665E-2 2.2398E-2 1.38834E-2 1.8812E-2 2.52976E-2 3.65274E-2 4.13876E-2 3.92181E-2 4.11749E-2 3.93163E-2 3.89925E-2 3.96167E-2
3.63645E-2 3.42343E-2 3.65984E-2 3.6534E-2 3.66853E-2 3.51E-2 3.73388E-2 3.82405E-2 3.94769E-2 4.08204E-2 4.01872E-2 4.09187E-2 4.43933E-2 4.78181E-2 4.85945E-2 5.00408E-2 5.10914E-2 6.09704E-2 5.17781E-2 5.07044E-2 5.33428E-2 5.91068E-2 6.66167E-2 5.8534E-2 5.76223E-2 5.67292E-2 5.31674E-2 4.28411E-2 2.91936E-2 2.63853E-2 2.29037E-2 2.51204E-2 3.78209E-2 7.71492E-2 1.61174E-1 1.6371E-1 7.76017E-2 5.37893E-2 3.29893E-2 2.35486E-2 2.57038E-2 2.61459E-2 2.17358E-2 2.08335E-2 2.29806E-2 2.58619E-2 1.36858E-2 2.16978E-2 3.4382E-2 2.59016E-2 1.68055E-2 1.75071E-2 2.64956E-2 2.88629E-2 3.10052E-2 4.21912E-2 4.46025E-2 4.7413E-2 4.52922E-2 4.14296E-2 3.9993E-2
4.28107E-2 4.20265E-2 4.41922E-2 4.1713E-2 4.48838E-2 4.5199E-2 4.86406E-2 4.95009E-2 5.21768E-2 4.82069E-2 4.93582E-2 5.1884E-2 5.3548E-2 5.20354E-2 5.23554E-2 5.20796E-2 5.41179E-2 5.25118E-2 5.80438E-2 5.7032E-2 6.55155E-2 6.80295E-2 6.79019E-2 6.45733E-2 5.95834E-2 4.60183E-2 3.26615E-2 2.58172E-2 2.46975E-2 2.37068E-2 2.4422E-2 3.38775E-2 4.44293E-2 7.43217E-2 1.55113E-1 1.53093E-1 7.49784E-2 4.95299E-2 2.64491E-2 3.52892E-2 3.14948E-2 2.06442E-2 2.66468E-2 2.46886E-2 2.50227E-2 3.64331E-2 2.14621E-2 3.3785E-2 2.22841E-2 1.74499E-2 3.07766E-2 3.12052E-2 3.20916E-2 3.08886E-2 3.59542E-2 4.41671E-2 5.20572E-2 5.27844E-2 4.91846E-2 3.84199E-2 3.92676E-2
4.95638E-2 4.16988E-2 4.68922E-2 4.78421E-2 5.09553E-2 4.79801E-2 4.96904E-2 5.31751E-2 5.99245E-2 5.71698E-2 5.44515E-2 5.73353E-2 5.64939E-2 5.30036E-2 4.85558E-2 4.67653E-2 4.99228E-2 4.9702E-2 5.61288E-2 6.82046E-2 7.40096E-2 6.53533E-2 6.37213E-2 5.60924E-2 4.62199E-2 3.43373E-2 2.81432E-2 2.43402E-2 2.26465E-2 2.47543E-2 2.63033E-2 2.45845E-2 4.68105E-2 5.26717E-2 1.04641E-1 1.46796E-1 7.19133E-2 3.80158E-2 3.27654E-2 2.57902E-2 3.04973E-2 2.19468E-2 3.58008E-2 3.66163E-2 3.79066E-2 3.89531E-2 1.69923E-2 2.01574E-2 1.83977E-2 2.23573E-2 3.14837E-2 2.66854E-2 3.20416E-2 3.5673E-2 4.0896E-2 4.76475E-2 5.52748E-2 5.50205E-2 4.462E-2 4.32971E-2 4.48788E-2
5.87252E-2 5.49578E-2 5.42444E-2 4.63749E-2 5.07799E-2 5.79991E-2 6.24868E-2 5.94854E-2 7.13358E-2 6.53908E-2 6.37948E-2 6.01932E-2 5.96643E-2 5.90494E-2 5.68426E-2 6.53613E-2 6.42117E-2 7.38462E-2 7.42831E-2 5.54093E-2 5.60606E-2 5.18936E-2 5.38489E-2 4.77628E-2 3.52866E-2 2.77499E-2 2.46675E-2 2.2639E-2 2.40263E-2 2.51254E-2 2.04367E-2 1.98933E-2 2.75372E-2 4.61507E-2 8.40004E-2 9.67576E-2 5.78186E-2 2.43216E-2 3.43606E-2 3.65723E-2 2.73014E-2 2.62797E-2 4.04863E-2 4.06832E-2 3.46384E-2 1.38357E-2 8.00577E-3 4.26252E-3 1.22035E-2 2.56418E-2 2.6856E-2 3.18203E-2 3.07001E-2 3.80631E-2 4.42816E-2 5.41215E-2 5.30356E-2 5.36552E-2 4.9514E-2 4.52418E-2 5.03201E-2
5.92517E-2 6.58119E-2 5.77994E-2 4.7284E-2 5.66929E-2 7.45789E-2 6.60452E-2 7.30011E-2 8.20365E-2 8.87167E-2 7.8011E-2 7.75803E-2 7.70467E-2 8.73877E-2 1.0811E-1 1.34946E-1 9.64087E-2 6.97172E-2 5.12419E-2 4.76307E-2 4.58897E-2 4.63727E-2 4.59642E-2 3.61896E-2 2.55144E-2 2.18811E-2 1.92068E-2 1.97492E-2 1.94186E-2 1.96981E-2 1.55977E-2 1.03985E-2 1.95548E-2 3.7603E-2 7.95117E-2 7.53002E-2 4.56934E-2 1.93949E-2 2.29902E-2 2.53058E-2 2.12607E-2 2.96961E-2 4.2742E-2 2.52927E-2 1.47608E-2 8.48023E-3 9.00836E-3 1.3935E-2 1.81591E-2 2.86154E-2 2.86078E-2 3.21745E-2 3.64518E-2 4.06194E-2 4.16993E-2 4.84969E-2 5.52704E-2 5.87957E-2 6.33648E-2 6.77413E-2 7.4275E-2
8.9106E-2 9.01525E-2 1.04282E-1 1.08731E-1 1.25146E-1 1.55237E-1 1.84559E-1 1.93802E-1 2.04843E-1 1.85875E-1 1.26153E-1 1.0165E-1 8.93032E-2 1.23134E-1 1.56625E-1 1.43147E-1 1.21171E-1 8.4692E-2 5.76142E-2 4.09441E-2 2.85779E-2 3.57646E-2 3.85049E-2 2.66117E-2 1.85129E-2 1.63438E-2 1.62689E-2 1.83852E-2 1.74375E-2 2.07186E-2 2.26836E-2 2.11379E-2 3.22529E-2 3.64603E-2 6.61423E-2 6.8715E-2 4.52871E-2 1.83705E-2 2.41569E-2 3.09483E-2 2.4994E-2 3.46623E-2 3.61095E-2 2.50504E-2 1.85348E-2 1.4644E-2 9.99319E-3 1.5279E-2 1.91291E-2 2.34945E-2 2.65301E-2 4.26691E-2 3.55023E-2 4.14056E-2 4.74185E-2 6.10102E-2 7.96313E-2 9.02561E-2 8.8311E-2 1.11652E-1 1.58095E-1
1.98885E-1 2.2943E-1 2.38148E-1 2.44773E-1 2.41268E-1 2.50799E-1 2.53623E-1 2.51733E-1 2.38301E-1 2.18666E-1 1.97253E-1 1.77496E-1 1.71809E-1 1.68703E-1 1.55634E-1 1.44952E-1 1.34705E-1 8.70281E-2 4.17041E-2 2.26722E-2 1.71967E-2 1.70526E-2 3.12433E-2 2.19875E-2 1.5092E-2 1.39744E-2 1.39751E-2 1.27911E-2 1.29578E-2 2.10634E-2 2.09823E-2 2.97855E-2 3.68078E-2 3.33453E-2 6.62754E-2 6.14031E-2 5.10678E-2 1.68644E-2 2.24148E-2 2.64326E-2 3.15934E-2 4.11069E-2 2.75038E-2 2.2434E-2 2.61058E-2 2.44297E-2 2.37674E-2 1.61117E-2 2.23785E-2 2.4508E-2 2.89084E-2 3.854E-2 4.02298E-2 4.90336E-2 8.1602E-2 1.04238E-1 1.01094E-1 1.33142E-1 -9999 1.53545E-1 -9999
2.67452E-1 2.54575E-1 2.48038E-1 2.4532E-1 2.53724E-1 2.63514E-1 2.68E-1 2.64138E-1 2.51493E-1 2.36721E-1 2.2198E-1 2.00449E-1 1.86099E-1 1.73138E-1 1.64267E-1 1.5153E-1 1.1865E-1 8.75159E-2 3.89296E-2 2.2334E-2 1.72226E-2 1.39885E-2 1.58786E-2 1.92038E-2 1.46812E-2 1.14761E-2 1.01248E-2 9.39573E-3 1.37383E-2 1.48167E-2 1.87124E-2 2.8675E-2 3.66125E-2 4.60326E-2 5.83447E-2 5.99369E-2 4.37365E-2 3.0119E-2 1.45872E-2 2.2589E-2 3.47695E-2 2.96402E-2 2.70858E-2 2.30778E-2 2.84604E-2 2.90358E-2 3.22308E-2 2.95537E-2 2.12721E-2 2.47501E-2 3.07649E-2 3.89192E-2 4.95992E-2 6.37914E-2 -9999 -9999 -9999 -9999 -9999 -9999 -9999
2.65718E-1 2.40816E-1 2.13364E-1 1.86807E-1 1.87617E-1 2.00464E-1 2.07462E-1 2.12841E-1 2.24522E-1 2.363E-1 2.24517E-1 2.07895E-1 2.00715E-1 1.8339E-1 1.4576E-1 8.65971E-2 6.59355E-2 5.65244E-2 4.34063E-2 3.30986E-2 2.70044E-2 1.9551E-2 1.47933E-2 1.57141E-2 1.77745E-2 1.47772E-2 1.15079E-2 1.15657E-2 1.4318E-2 2.21454E-2 1.99584E-2 2.92429E-2 3.92464E-2 5.46753E-2 6.12408E-2 5.20252E-2 2.83308E-2 2.16358E-2 1.65892E-2 2.34412E-2 3.24128E-2 2.51852E-2 2.59764E-2 2.5249E-2 3.05197E-2 3.44103E-2 2.73581E-2 2.64236E-2 2.81677E-2 3.15212E-2 3.58129E-2 4.78682E-2 6.51279E-2 -9999 -9999 -9999 -9999 -9999 -9999 -9999 -9999
1.50746E-1 1.27688E-1 1.14307E-1 1.08834E-1 1.11428E-1 1.16056E-1 1.29633E-1 1.41864E-1 1.33062E-1 1.38511E-1 1.27655E-1 1.14243E-1 1.12247E-1 1.1223E-1 9.33933E-2 7.92417E-2 7.26946E-2 6.75403E-2 6.78237E-2 6.46147E-2 5.87554E-2 5.39296E-2 4.33058E-2 3.08334E-2 2.6255E-2 2.04438E-2 1.70868E-2 1.56089E-2 1.56189E-2 2.92196E-2 3.00498E-2 3.29539E-2 5.12318E-2 6.66025E-2 5.3978E-2 3.59315E-2 1.96241E-2 1.36662E-2 1.46815E-2 2.53353E-2 3.24941E-2 2.07909E-2 1.86387E-2 2.73667E-2 3.76646E-2 4.43045E-2 4.12184E-2 3.31902E-2 4.06353E-2 4.12363E-2 4.55386E-2 6.23731E-2 -9999 -9999 -9999 -9999 -9999 -9999 -9999 -9999 -9999
1.03326E-1 9.35703E-2 8.64728E-2 8.45305E-2 8.9992E-2 9.56242E-2 1.02592E-1 1.1593E-1 1.15531E-1 1.05408E-1 1.04337E-1 1.01692E-1 1.01813E-1 1.02959E-1 9.74803E-2 8.8516E-2 7.98491E-2 7.4251E-2 7.39743E-2 6.913E-2 6.0177E-2 5.53053E-2 5.13897E-2 4.79852E-2 4.32348E-2 3.89001E-2 4.04474E-2 2.86277E-2 3.00756E-2 3.75695E-2 3.64442E-2 4.44331E-2 6.07636E-2 6.64494E-2 5.38926E-2 3.0503E-2 1.492E-2 1.03257E-2 1.72151E-2 2.25097E-2 3.16523E-2 2.05686E-2 1.6731E-2 2.45493E-2 3.12563E-2 3.98472E-2 4.613E-2 4.85114E-2 5.46012E-2 6.02815E-2 6.51414E-2 7.50251E-2 -9999 -9999 -9999 -9999 -9999 -9999 -9999 -9999 -9999
1.15067E-1 1.08135E-1 8.06149E-2 6.63342E-2 6.5552E-2 7.49473E-2 7.99095E-2 9.74717E-2 1.08362E-1 9.8142E-2 9.16436E-2 9.456E-2 9.43012E-2 1.09067E-1 1.06878E-1 8.19461E-2 6.48836E-2 5.69243E-2 5.04799E-2 4.28823E-2 3.11753E-2 3.66212E-2 3.35655E-2 3.00902E-2 3.09023E-2 3.33193E-2 4.73812E-2 5.14867E-2 4.80276E-2 4.92633E-2 4.51837E-2 5.81435E-2 6.89336E-2 6.84014E-2 5.6867E-2 3.85962E-2 1.0045E-2 9.13156E-3 1.29288E-2 2.94123E-2 3.09744E-2 2.94352E-2 1.74017E-2 2.30612E-2 2.94803E-2 3.83925E-2 4.4135E-2 4.67983E-2 5.40623E-2 6.12311E-2 7.10024E-2 1.39888E-1 -9999 -9999 -9999 -9999 -9999 -9999 -9999 -9999 -9999
1.7329E-1 1.1339E-1 6.70776E-2 5.3421E-2 4.35942E-2 4.27864E-2 5.93132E-2 9.49387E-2 9.31949E-2 8.27551E-2 7.64127E-2 8.98728E-2 8.14205E-2 1.18504E-1 1.19591E-1 6.80253E-2 5.33712E-2 4.20206E-2 3.99562E-2 3.57968E-2 3.07287E-2 3.49926E-2 3.35058E-2 3.2827E-2 3.04269E-2 3.65976E-2 3.15609E-2 4.0085E-2 4.14927E-2 4.23145E-2 4.68258E-2 6.78636E-2 7.25643E-2 5.57297E-2 3.24009E-2 3.02067E-2 1.31334E-2 1.23726E-2 1.53888E-2 2.69843E-2 3.31358E-2 2.57805E-2 2.28173E-2 2.08051E-2 3.21374E-2 3.82379E-2 4.19117E-2 4.81557E-2 5.50412E-2 6.95526E-2 8.56548E-2 1.14913E-1 -9999 -9999 -9999 -9999 -9999 -9999 -9999 -9999 -9999
1.09076E-1 7.02814E-2 4.47074E-2 3.98369E-2 3.71944E-2 3.38672E-2 5.28527E-2 6.81138E-2 7.99576E-2 5.70825E-2 6.33763E-2 6.29314E-2 8.75567E-2 1.023E-1 7.27363E-2 9.24344E-2 5.3929E-2 4.124E-2 3.75297E-2 3.77277E-2 3.36146E-2 3.77694E-2 3.53312E-2 3.64521E-2 3.54241E-2 3.7063E-2 3.1379E-2 3.09862E-2 3.79436E-2 3.4824E-2 3.44405E-2 6.22548E-2 7.21294E-2 5.37858E-2 3.04584E-2 2.04736E-2 1.55872E-2 1.70461E-2 2.14213E-2 3.64076E-2 3.06057E-2 3.25947E-2 2.61812E-2 2.34429E-2 3.42892E-2 3.95863E-2 4.46952E-2 5.11459E-2 6.03704E-2 7.22747E-2 9.24468E-2 1.07632E-1 -9999 -9999 -9999 -9999 -9999 -9999 -9999 -9999 -9999
5.3226E-2 5.42478E-2 4.38098E-2 3.34625E-2 3.2552E-2 3.628E-2 4.76412E-2 4.04886E-2 5.27716E-2 4.55749E-2 5.63146E-2 6.74759E-2 7.08084E-2 8.45101E-2 5.72915E-2 6.51974E-2 5.47689E-2 4.18964E-2 4.26673E-2 4.2978E-2 4.29201E-2 3.94702E-2 3.7007E-2 3.64785E-2 3.66877E-2 3.35141E-2 3.27194E-2 2.80223E-2 3.30277E-2 2.89309E-2 4.63447E-2 5.5809E-2 7.08986E-2 5.08898E-2 3.28352E-2 2.46167E-2 1.62914E-2 1.78426E-2 2.25862E-2 4.27105E-2 3.38183E-2 4.16341E-2 3.20077E-2 2.85292E-2 3.60065E-2 3.87748E-2 4.67554E-2 4.86504E-2 6.15831E-2 8.04284E-2 -9999 -9999 -9999 -9999 -9999 -9999 -9999 -9999 -9999 -9999 -9999
3.96563E-2 3.34497E-2 3.2706E-2 3.22818E-2 3.18697E-2 3.54168E-2 4.06411E-2 3.3977E-2 3.56432E-2 4.6416E-2 5.18279E-2 6.07459E-2 5.7238E-2 6.18479E-2 5.90254E-2 5.20275E-2 5.10302E-2 4.76851E-2 4.41387E-2 4.35899E-2 4.22347E-2 3.90512E-2 3.63713E-2 3.08016E-2 2.84875E-2 2.95741E-2 2.70335E-2 2.4383E-2 2.01162E-2 1.87454E-2 2.37194E-2 7.06299E-2 6.26075E-2 3.8796E-2 3.07733E-2 2.34351E-2 1.68465E-2 2.1042E-2 3.46914E-2 4.63094E-2 4.34648E-2 3.74741E-2 3.16031E-2 2.77815E-2 3.31699E-2 3.8424E-2 4.79683E-2 4.97739E-2 6.2546E-2 8.03667E-2 9.40275E-2 -9999 -9999 -9999 -9999 -9999 -9999 -9999 -9999 -9999 -9999
3.61445E-2 3.51281E-2 3.16308E-2 3.3076E-2 3.44168E-2 3.24697E-2 3.04186E-2 3.14179E-2 2.77611E-2 3.35716E-2 4.6639E-2 5.48989E-2 5.88116E-2 6.00842E-2 6.32922E-2 5.64105E-2 5.42554E-2 5.08994E-2 4.64951E-2 4.12686E-2 3.87796E-2 3.7159E-2 3.27722E-2 2.95849E-2 2.76774E-2 2.72605E-2 2.44985E-2 1.48749E-2 1.49411E-2 2.12523E-2 3.42448E-2 7.17726E-2 5.04905E-2 3.6643E-2 2.63707E-2 2.36095E-2 1.90725E-2 2.35091E-2 4.32807E-2 4.86062E-2 3.89556E-2 3.05351E-2 3.11243E-2 3.23776E-2 3.30199E-2 3.93352E-2 4.45362E-2 5.19085E-2 5.5616E-2 6.87047E-2 8.73648E-2 1.06637E-1 -9999 1.81156E-1 1.93664E-1 -9999 -9999 -9999 -9999 -9999 -9999
3.20054E-2 3.16841E-2 2.48594E-2 2.67403E-2 3.24465E-2 3.08923E-2 2.94887E-2 2.52717E-2 2.61293E-2 3.58215E-2 4.4994E-2 5.29678E-2 5.33093E-2 4.61317E-2 4.86239E-2 5.50631E-2 4.89507E-2 4.3069E-2 4.08192E-2 3.50691E-2 3.71306E-2 3.21402E-2 2.69236E-2 3.10906E-2 2.58918E-2 2.2427E-2 1.82643E-2 1.68022E-2 1.43714E-2 4.17733E-2 6.36776E-2 6.5922E-2 4.61942E-2 3.18484E-2 3.04807E-2 2.15316E-2 2.66729E-2 3.34178E-2 4.6853E-2 4.97491E-2 3.66473E-2 3.31849E-2 3.2288E-2 3.83673E-2 3.45423E-2 4.71282E-2 5.79272E-2 6.31471E-2 6.55276E-2 6.9714E-2 8.18076E-2 1.02032E-1 -9999 -9999 2.03419E-1 2.09317E-1 -9999 -9999 -9999 -9999 -9999
3.19044E-2 2.83979E-2 2.26872E-2 2.1166E-2 2.51311E-2 2.64215E-2 2.79311E-2 2.513E-2 2.99851E-2 3.5486E-2 4.27026E-2 4.9548E-2 4.82378E-2 3.74171E-2 4.95703E-2 5.41962E-2 5.85387E-2 5.22343E-2 4.60424E-2 3.8634E-2 3.87765E-2 2.96929E-2 2.41199E-2 2.7937E-2 3.25948E-2 2.76041E-2 2.31604E-2 2.73188E-2 3.47777E-2 4.31242E-2 5.45455E-2 6.19416E-2 4.28917E-2 3.23108E-2 3.01603E-2 2.63502E-2 3.01452E-2 4.08234E-2 4.948E-2 5.14388E-2 3.61063E-2 4.12074E-2 3.96084E-2 4.38804E-2 4.16963E-2 6.27073E-2 7.4335E-2 8.13859E-2 7.39652E-2 8.30005E-2 9.62157E-2 1.12397E-1 1.38377E-1 1.60372E-1 1.76371E-1 1.9356E-1 -9999 -9999 -9999 -9999 -9999
3.02443E-2 2.8584E-2 2.58187E-2 2.49683E-2 2.49003E-2 3.19094E-2 3.26878E-2 3.12366E-2 3.29889E-2 3.45511E-2 4.64335E-2 4.42645E-2 3.8782E-2 4.01285E-2 3.59513E-2 3.75645E-2 3.86849E-2 4.63783E-2 5.33214E-2 5.37753E-2 4.57999E-2 3.14677E-2 2.76261E-2 3.16269E-2 3.51258E-2 3.16053E-2 2.71301E-2 2.78267E-2 4.11994E-2 5.2471E-2 4.96764E-2 6.16499E-2 4.24373E-2 3.4302E-2 4.00567E-2 3.61134E-2 3.62803E-2 4.25615E-2 5.07956E-2 4.78332E-2 4.22776E-2 4.18629E-2 5.21414E-2 5.35685E-2 5.85639E-2 7.13647E-2 9.80048E-2 1.08183E-1 9.88241E-2 9.67751E-2 1.21026E-1 1.37135E-1 1.48409E-1 1.54754E-1 1.78619E-1 2.45281E-1 -9999 -9999 -9999 -9999 -9999
3.09022E-2 3.18448E-2 2.99656E-2 2.54311E-2 2.95118E-2 3.4902E-2 3.36601E-2 3.67848E-2 3.81375E-2 3.76984E-2 4.46558E-2 4.45545E-2 4.53025E-2 4.85118E-2 4.30437E-2 3.78772E-2 2.855E-2 2.59053E-2 3.69146E-2 5.20516E-2 5.06628E-2 3.28033E-2 2.86593E-2 3.24944E-2 3.34085E-2 3.46006E-2 3.65967E-2 3.67457E-2 4.49815E-2 4.92894E-2 4.5524E-2 4.49113E-2 3.75063E-2 3.84573E-2 3.96639E-2 4.39206E-2 4.34293E-2 5.13021E-2 4.97781E-2 4.79643E-2 5.45E-2 5.36871E-2 6.75311E-2 7.34387E-2 8.49721E-2 9.52006E-2 1.09356E-1 1.258E-1 1.27891E-1 1.61773E-1 1.58483E-1 1.63379E-1 1.9642E-1 2.97927E-1 3.00632E-1 -9999 -9999 -9999 -9999 -9999 -9999
2.93581E-2 2.83708E-2 2.77806E-2 2.91173E-2 2.80829E-2 2.69433E-2 3.35421E-2 3.9693E-2 3.57338E-2 4.61237E-2 4.51145E-2 5.43902E-2 5.37587E-2 5.32914E-2 5.56311E-2 4.61476E-2 4.29035E-2 4.54583E-2 5.06422E-2 5.38787E-2 3.4503E-2 2.45739E-2 2.00955E-2 2.59508E-2 3.0067E-2 3.76643E-2 4.02188E-2 4.13181E-2 3.63555E-2 3.73682E-2 3.66385E-2 5.98952E-2 4.52479E-2 4.13109E-2 4.49332E-2 5.28602E-2 6.23985E-2 6.45139E-2 6.10465E-2 6.25271E-2 6.7737E-2 7.7099E-2 8.90416E-2 1.15779E-1 1.03095E-1 1.84172E-1 -9999 -9999 -9999 -9999 1.78953E-1 -9999 -9999 2.71076E-1 2.64534E-1 2.70211E-1 -9999 -9999 -9999 -9999 -9999
2.98273E-2 2.84115E-2 2.8656E-2 2.4901E-2 2.91187E-2 3.24252E-2 3.73015E-2 3.36832E-2 4.36007E-2 5.28665E-2 4.71725E-2 3.96255E-2 4.33621E-2 5.81234E-2 5.66444E-2 5.61217E-2 5.85459E-2 5.71735E-2 4.98218E-2 3.55604E-2 3.20274E-2 2.52548E-2 2.32853E-2 3.99416E-2 4.4104E-2 4.49854E-2 4.52216E-2 3.62711E-2 3.3267E-2 4.79587E-2 5.30909E-2 7.12368E-2 5.27347E-2 5.78605E-2 6.362E-2 7.34383E-2 9.63778E-2 -9999 -9999 9.84647E-2 1.03532E-1 1.19654E-1 1.36323E-1 1.48185E-1 -9999 1.79355E-1 -9999 -9999 -9999 -9999 -9999 -9999 -9999 -9999 -9999 -9999 -9999 -9999 -9999 -9999 -9999
2.87623E-2 2.7372E-2 2.7091E-2 3.06379E-2 3.00901E-2 2.93339E-2 2.9814E-2 4.03594E-2 4.60223E-2 4.0281E-2 3.64555E-2 4.00049E-2 4.98666E-2 5.77025E-2 6.24721E-2 6.20222E-2 5.48767E-2 4.42918E-2 3.20134E-2 2.88098E-2 3.74941E-2 3.95366E-2 4.35815E-2 4.58047E-2 5.02683E-2 4.66798E-2 3.8679E-2 3.68681E-2 4.85723E-2 6.24308E-2 7.40004E-2 7.77959E-2 7.68609E-2 8.88596E-2 9.55621E-2 1.01459E-1 1.08032E-1 9.74947E-2 1.069E-1 1.2266E-1 1.19505E-1 1.14992E-1 1.24287E-1 -9999 -9999 -9999 -9999 -9999 -9999 -9999 -9999 -9999 -9999 -9999 -9999 -9999 -9999 -9999 -9999 -9999 -9999
3.03321E-2 2.60494E-2 2.91873E-2 2.9836E-2 2.82228E-2 3.13944E-2 4.0545E-2 4.0557E-2 3.67777E-2 4.19649E-2 4.33694E-2 4.65554E-2 4.99119E-2 5.96916E-2 5.52385E-2 5.23601E-2 4.36969E-2 3.9901E-2 3.73586E-2 4.14339E-2 5.23354E-2 5.64597E-2 5.27983E-2 5.49087E-2 5.20639E-2 4.46755E-2 4.28293E-2 4.84803E-2 6.27239E-2 6.9866E-2 8.80824E-2 9.5228E-2 9.79819E-2 1.16244E-1 1.11322E-1 1.21133E-1 1.26734E-1 1.27898E-1 1.381E-1 1.58264E-1 -9999 -9999 -9999 -9999 -9999 -9999 -9999 -9999 -9999 -9999 -9999 -9999 -9999 -9999 -9999 -9999 -9999 -9999 -9999 -9999 -9999
3.018E-2 2.49824E-2 2.4339E-2 2.84772E-2 3.2498E-2 4.37357E-2 5.27063E-2 5.32951E-2 5.31356E-2 5.68425E-2 5.89089E-2 5.72905E-2 5.56012E-2 6.16918E-2 5.17745E-2 4.72024E-2 5.17911E-2 5.05444E-2 5.29171E-2 5.33339E-2 5.40744E-2 6.28354E-2 6.25069E-2 6.0672E-2 5.84182E-2 5.77139E-2 6.35605E-2 6.7658E-2 7.70826E-2 8.7527E-2 9.10917E-2 9.94494E-2 1.1519E-1 1.41992E-1 1.50951E-1 1.75909E-1 2.06003E-1 -9999 -9999 -9999 -9999 -9999 -9999 -9999 -9999 -9999 -9999 -9999 -9999 -9999 -9999 -9999 -9999 -9999 -9999 -9999 -9999 -9999 -9999 -9999 -9999
