maxent_outputs/bumblebees/bombus_273.asc
ncols         426
nrows         180
xllcorner     -130.0
yllcorner     24.0
cellsize      0.16666666666666666
NODATA_value  -9999
[rows 81 to 107 of 180, columns 122 to 182 of 426]
1.8605E-1 1.93102E-1 1.9103E-1 1.58974E-1 1.60465E-1 1.6163E-1 1.75678E-1 1.77907E-1 1.77529E-1 1.81069E-1 1.88522E-1 1.94297E-1 1.96125E-1 1.94242E-1 1.92628E-1 1.88514E-1 1.85726E-1 1.69292E-1 1.54264E-1 1.56162E-1 1.45771E-1 1.41287E-1 1.14516E-1 1.04181E-1 1.31076E-1 1.49685E-1 1.85508E-1 2.02513E-1 2.0284E-1 2.0505E-1 2.0522E-1 2.01978E-1 1.99966E-1 2.03397E-1 1.98358E-1 1.98439E-1 2.05593E-1 2.09965E-1 2.07358E-1 2.03907E-1 2.08335E-1 2.16854E-1 2.23966E-1 2.3228E-1 2.36515E-1 2.37784E-1 2.43099E-1 2.49966E-1 2.58303E-1 2.61083E-1 2.65922E-1 2.6297E-1 2.72304E-1 2.79229E-1 2.82388E-1 2.81621E-1 2.81506E-1 2.87619E-1 2.92E-1 2.93767E-1 2.90895E-1
1.98438E-1 1.9649E-1 1.89379E-1 1.84644E-1 1.73679E-1 1.79305E-1 1.81564E-1 1.81254E-1 1.8231E-1 1.7095E-1 1.73558E-1 1.88997E-1 1.80704E-1 1.79066E-1 1.71438E-1 1.73518E-1 1.69716E-1 1.55308E-1 1.46357E-1 1.42725E-1 1.41976E-1 1.33835E-1 1.34047E-1 1.13579E-1 1.23081E-1 1.59077E-1 1.99923E-1 2.05369E-1 2.06456E-1 2.01859E-1 2.01057E-1 1.99136E-1 2.01092E-1 2.00655E-1 2.05111E-1 2.0899E-1 2.08181E-1 2.01557E-1 2.00464E-1 2.00309E-1 2.05791E-1 2.17136E-1 2.25431E-1 2.33427E-1 2.37619E-1 2.41507E-1 2.44405E-1 2.48683E-1 2.5382E-1 2.58201E-1 2.6564E-1 2.72363E-1 2.8062E-1 2.8995E-1 2.96999E-1 2.94688E-1 2.89225E-1 2.92626E-1 3.06788E-1 3.12535E-1 3.05139E-1
1.99201E-1 2.00666E-1 1.93581E-1 1.88488E-1 1.88541E-1 1.89115E-1 1.76088E-1 1.77497E-1 1.82739E-1 1.85757E-1 1.81418E-1 1.72938E-1 1.53327E-1 1.45739E-1 1.30713E-1 1.2489E-1 1.38902E-1 1.38268E-1 1.36551E-1 1.34531E-1 1.35332E-1 1.35249E-1 1.34178E-1 1.18222E-1 1.11642E-1 1.56613E-1 2.05427E-1 2.12798E-1 2.06631E-1 2.01757E-1 1.98467E-1 1.99244E-1 1.96365E-1 1.97106E-1 2.00662E-1 2.00473E-1 2.01241E-1 1.97825E-1 1.9625E-1 2.00966E-1 2.07922E-1 2.17304E-1 2.25142E-1 2.34453E-1 2.4133E-1 2.46895E-1 2.53379E-1 2.57092E-1 2.60103E-1 2.65489E-1 2.67562E-1 2.75747E-1 2.84442E-1 2.91532E-1 2.97515E-1 2.97481E-1 2.95475E-1 3.0073E-1 3.1306E-1 3.20473E-1 3.11941E-1
1.98346E-1 2.01766E-1 2.00847E-1 1.94924E-1 1.89764E-1 1.95378E-1 1.68722E-1 1.80598E-1 1.81466E-1 1.70007E-1 1.65428E-1 1.61831E-1 1.50503E-1 1.22138E-1 1.08138E-1 1.20126E-1 1.44517E-1 1.47247E-1 1.41976E-1 1.34224E-1 1.31728E-1 1.26025E-1 1.16344E-1 1.12263E-1 1.24882E-1 1.4563E-1 1.84597E-1 2.13901E-1 2.16465E-1 2.04628E-1 1.94531E-1 1.9208E-1 1.94587E-1 1.95047E-1 1.96868E-1 1.98961E-1 2.00728E-1 1.975E-1 1.93551E-1 2.04026E-1 2.08676E-1 2.17938E-1 2.21729E-1 2.25106E-1 2.36212E-1 2.46747E-1 2.51817E-1 2.57862E-1 2.60653E-1 2.56566E-1 2.57059E-1 2.69316E-1 2.79259E-1 2.87079E-1 2.93838E-1 2.95708E-1 2.96421E-1 2.99978E-1 3.07153E-1 3.14408E-1 3.12871E-1
1.93247E-1 1.90607E-1 1.89617E-1 1.91799E-1 1.88621E-1 1.841E-1 1.61352E-1 1.64591E-1 1.71913E-1 1.62739E-1 1.53384E-1 1.40937E-1 1.31555E-1 1.03656E-1 1.11413E-1 1.54161E-1 1.47065E-1 1.32742E-1 1.306E-1 1.13954E-1 1.08727E-1 1.13903E-1 9.41141E-2 1.0288E-1 1.30826E-1 1.39479E-1 1.67754E-1 2.13276E-1 2.18915E-1 2.00193E-1 1.89043E-1 1.87511E-1 1.9185E-1 1.90969E-1 1.95172E-1 1.98465E-1 2.00321E-1 1.95887E-1 1.93634E-1 2.0132E-1 2.10537E-1 2.17098E-1 2.20916E-1 2.27749E-1 2.2878E-1 2.33664E-1 2.47929E-1 2.5233E-1 2.44511E-1 2.46541E-1 2.57375E-1 2.65498E-1 2.72866E-1 2.84379E-1 2.90904E-1 2.92446E-1 2.95882E-1 3.01914E-1 3.03781E-1 3.09468E-1 3.15416E-1
1.86039E-1 1.82825E-1 1.8236E-1 1.68093E-1 1.75163E-1 1.71114E-1 1.55185E-1 1.61742E-1 1.45971E-1 1.53747E-1 1.66026E-1 2.1352E-1 2.11892E-1 1.68879E-1 1.44664E-1 1.47495E-1 1.43744E-1 1.35112E-1 1.24953E-1 1.17226E-1 1.00348E-1 1.06498E-1 9.70551E-2 9.06097E-2 1.02936E-1 1.23908E-1 1.42455E-1 2.00434E-1 1.99133E-1 1.83659E-1 1.70658E-1 1.76641E-1 1.80817E-1 1.85372E-1 1.89676E-1 1.95841E-1 1.90923E-1 1.89133E-1 1.94207E-1 2.01347E-1 2.08424E-1 2.16259E-1 2.20903E-1 2.27454E-1 2.30202E-1 2.31158E-1 2.38912E-1 2.41857E-1 2.42688E-1 2.42559E-1 2.48786E-1 2.53497E-1 2.68179E-1 2.75158E-1 2.83591E-1 2.88098E-1 2.94267E-1 2.98731E-1 3.04865E-1 3.06755E-1 3.14079E-1
1.69556E-1 1.74056E-1 1.84468E-1 2.04082E-1 2.20505E-1 2.16741E-1 1.79715E-1 1.95225E-1 2.11973E-1 2.11892E-1 1.50339E-1 1.6119E-1 1.69678E-1 1.26097E-1 1.74838E-1 1.51977E-1 1.29485E-1 1.21632E-1 1.00561E-1 9.7175E-2 9.11966E-2 8.90639E-2 9.35717E-2 9.86208E-2 1.01371E-1 1.1329E-1 1.30263E-1 1.62916E-1 1.7343E-1 1.64853E-1 1.54821E-1 1.62496E-1 1.70934E-1 1.74753E-1 1.80262E-1 1.80068E-1 1.77977E-1 1.85178E-1 1.89985E-1 1.97991E-1 2.07839E-1 2.14527E-1 2.21241E-1 2.24415E-1 2.26615E-1 2.28413E-1 2.35186E-1 2.39732E-1 2.39025E-1 2.41781E-1 2.44826E-1 2.51946E-1 2.63282E-1 2.74236E-1 2.8074E-1 2.86991E-1 2.91776E-1 2.96413E-1 2.9899E-1 3.05958E-1 3.17451E-1
1.61802E-1 2.03284E-1 2.29279E-1 2.28543E-1 2.37461E-1 2.38187E-1 2.27232E-1 2.10866E-1 2.29713E-1 2.02963E-1 1.67806E-1 1.30397E-1 1.16269E-1 1.02845E-1 1.29208E-1 1.15844E-1 1.34616E-1 1.08863E-1 9.28776E-2 9.27555E-2 8.76665E-2 8.86448E-2 9.14291E-2 8.49427E-2 9.04458E-2 9.79832E-2 1.26068E-1 1.20583E-1 1.48529E-1 1.3896E-1 1.36439E-1 1.49707E-1 1.58254E-1 1.62936E-1 1.67895E-1 1.75876E-1 1.80222E-1 1.82278E-1 1.85696E-1 1.9461E-1 2.02976E-1 2.08866E-1 2.17089E-1 2.21924E-1 2.25514E-1 2.29155E-1 2.315E-1 2.39155E-1 2.41777E-1 2.42248E-1 2.47684E-1 2.54184E-1 2.67579E-1 2.74281E-1 2.79512E-1 2.83886E-1 2.89399E-1 2.97965E-1 3.03365E-1 3.06685E-1 3.16818E-1
2.01131E-1 2.24141E-1 2.30697E-1 2.34755E-1 2.15608E-1 2.14014E-1 2.43579E-1 2.40179E-1 1.71647E-1 1.31078E-1 1.07499E-1 9.46906E-2 1.06691E-1 1.33457E-1 1.0861E-1 8.44822E-2 8.56194E-2 9.07479E-2 8.02046E-2 8.80659E-2 9.46821E-2 9.08603E-2 8.25551E-2 7.97509E-2 8.6248E-2 9.39083E-2 9.87939E-2 1.01422E-1 1.20819E-1 1.27363E-1 1.26114E-1 1.41062E-1 1.47074E-1 1.51916E-1 1.6066E-1 1.72196E-1 1.84598E-1 1.92421E-1 1.88416E-1 1.89682E-1 1.9867E-1 2.04104E-1 2.10452E-1 2.1624E-1 2.23137E-1 2.26161E-1 2.35619E-1 2.43183E-1 2.47269E-1 2.53383E-1 2.52942E-1 2.6026E-1 2.72701E-1 2.79425E-1 2.77066E-1 2.80356E-1 2.90797E-1 3.05854E-1 3.17658E-1 3.18921E-1 3.16066E-1
2.20312E-1 2.31219E-1 2.37834E-1 2.04905E-1 1.60192E-1 1.51341E-1 1.86472E-1 2.28549E-1 1.94114E-1 1.5028E-1 1.83803E-1 1.51401E-1 1.68419E-1 1.44735E-1 1.25219E-1 9.35045E-2 9.19525E-2 8.5299E-2 8.94191E-2 8.27787E-2 9.75313E-2 9.6333E-2 8.1806E-2 7.82543E-2 8.27946E-2 8.8606E-2 8.94642E-2 8.66708E-2 1.23528E-1 1.51614E-1 1.42332E-1 1.50885E-1 1.45345E-1 1.54062E-1 1.66565E-1 1.79648E-1 1.89116E-1 1.987E-1 2.00165E-1 2.02665E-1 2.07706E-1 2.07919E-1 2.07592E-1 2.14551E-1 2.23299E-1 2.33024E-1 2.43787E-1 2.48903E-1 2.56034E-1 2.62037E-1 2.68579E-1 2.78793E-1 2.85662E-1 2.84557E-1 2.84172E-1 2.8893E-1 3.01243E-1 3.15378E-1 3.25267E-1 3.18132E-1 3.17439E-1
2.30256E-1 2.31252E-1 2.28346E-1 2.21622E-1 1.89823E-1 1.43203E-1 1.51841E-1 1.91239E-1 2.21299E-1 2.21872E-1 2.20193E-1 2.05932E-1 1.70661E-1 1.1064E-1 1.00726E-1 9.93553E-2 9.92062E-2 9.71315E-2 8.89542E-2 8.29204E-2 9.66901E-2 1.06918E-1 8.45961E-2 7.95848E-2 8.48557E-2 9.01124E-2 9.89768E-2 8.12995E-2 1.1058E-1 1.7327E-1 1.70013E-1 1.71666E-1 1.6292E-1 1.65583E-1 1.77693E-1 1.85129E-1 1.90553E-1 2.01542E-1 2.02912E-1 2.0813E-1 2.09095E-1 2.12302E-1 2.11035E-1 2.13834E-1 2.24247E-1 2.34563E-1 2.41879E-1 2.46918E-1 2.50982E-1 2.59631E-1 2.72033E-1 2.86397E-1 2.95872E-1 3.04532E-1 3.0456E-1 3.09008E-1 3.1767E-1 3.21505E-1 3.24787E-1 3.18478E-1 3.19478E-1
2.47149E-1 2.14077E-1 1.47464E-1 1.59687E-1 2.11863E-1 1.73296E-1 1.34914E-1 1.63621E-1 1.85644E-1 2.03368E-1 2.05158E-1 1.59403E-1 1.34008E-1 1.0217E-1 1.02299E-1 1.02657E-1 1.06525E-1 1.00107E-1 9.71016E-2 8.82752E-2 9.41601E-2 1.19392E-1 1.01771E-1 8.93958E-2 9.42097E-2 1.2294E-1 1.43646E-1 1.30428E-1 1.55015E-1 1.8228E-1 1.91354E-1 1.91292E-1 1.82306E-1 1.82606E-1 1.89747E-1 1.96552E-1 1.98953E-1 2.08328E-1 2.02475E-1 2.05749E-1 2.10705E-1 2.15237E-1 2.20886E-1 2.2198E-1 2.24699E-1 2.34309E-1 2.44339E-1 2.52209E-1 2.57855E-1 2.62332E-1 2.72449E-1 2.8284E-1 2.98492E-1 2.99768E-1 3.03934E-1 3.08538E-1 3.12657E-1 3.18393E-1 3.13374E-1 3.13271E-1 3.16922E-1
2.23672E-1 2.02087E-1 1.29839E-1 1.53445E-1 2.09009E-1 2.12009E-1 1.72329E-1 1.43162E-1 1.39111E-1 1.58675E-1 1.81298E-1 1.6387E-1 1.21084E-1 1.07641E-1 1.07015E-1 1.00327E-1 9.63149E-2 9.70542E-2 9.98805E-2 9.74779E-2 9.27887E-2 9.72733E-2 1.07693E-1 1.2543E-1 1.36179E-1 1.46579E-1 1.78816E-1 2.03619E-1 1.98549E-1 1.96689E-1 2.03345E-1 2.0702E-1 2.00774E-1 1.95805E-1 2.01131E-1 2.10002E-1 2.08686E-1 2.15248E-1 2.14714E-1 2.11245E-1 2.13681E-1 2.20694E-1 2.25216E-1 2.25197E-1 2.27054E-1 2.38356E-1 2.46882E-1 2.53207E-1 2.6161E-1 2.66914E-1 2.72706E-1 2.85691E-1 3.00268E-1 3.02287E-1 3.01694E-1 3.06802E-1 3.12756E-1 3.21418E-1 3.28291E-1 3.22562E-1 3.16871E-1
2.01295E-1 1.9321E-1 1.74107E-1 1.83008E-1 2.06431E-1 1.95715E-1 2.04778E-1 1.8701E-1 1.54355E-1 1.28214E-1 1.35198E-1 1.53909E-1 1.10603E-1 9.43182E-2 9.85108E-2 9.54811E-2 8.71063E-2 9.03408E-2 9.38995E-2 9.76041E-2 1.00271E-1 9.79177E-2 9.84265E-2 9.49947E-2 1.12295E-1 1.18221E-1 1.10313E-1 1.6847E-1 1.99399E-1 2.09482E-1 2.21101E-1 2.18499E-1 2.18423E-1 2.11235E-1 2.12049E-1 2.17413E-1 2.1976E-1 2.24434E-1 2.2688E-1 2.21907E-1 2.19497E-1 2.26639E-1 2.3005E-1 2.36135E-1 2.39616E-1 2.42566E-1 2.49419E-1 2.55068E-1 2.65066E-1 2.71277E-1 2.75546E-1 2.90647E-1 3.00695E-1 3.02524E-1 3.0362E-1 3.04166E-1 3.15968E-1 3.28971E-1 3.39495E-1 3.33686E-1 3.26999E-1
2.02888E-1 1.82493E-1 1.76306E-1 1.7051E-1 1.95294E-1 1.89008E-1 1.80024E-1 1.6592E-1 1.5425E-1 1.38729E-1 1.14888E-1 1.23677E-1 9.34053E-2 7.96775E-2 8.50031E-2 8.68166E-2 8.38887E-2 8.62269E-2 9.63112E-2 9.95063E-2 1.03348E-1 1.05092E-1 1.05554E-1 9.52794E-2 9.00803E-2 1.05205E-1 8.8763E-2 1.12302E-1 1.71862E-1 1.96238E-1 2.0315E-1 2.13938E-1 2.18681E-1 2.19574E-1 2.22673E-1 2.25808E-1 2.28349E-1 2.3557E-1 2.39763E-1 2.35628E-1 2.29919E-1 2.35011E-1 2.41809E-1 2.4551E-1 2.53868E-1 2.57426E-1 2.62514E-1 2.66077E-1 2.68322E-1 2.73053E-1 2.79172E-1 2.91636E-1 2.99634E-1 2.93856E-1 2.98283E-1 3.05335E-1 3.10916E-1 3.2423E-1 3.37024E-1 3.35289E-1 3.29226E-1
1.58507E-1 1.4763E-1 1.53664E-1 1.53739E-1 1.5839E-1 1.73916E-1 1.73132E-1 1.4499E-1 1.19636E-1 1.0895E-1 1.05031E-1 8.16609E-2 7.43835E-2 7.57119E-2 8.01245E-2 7.7397E-2 8.12063E-2 8.15815E-2 8.69221E-2 1.02422E-1 1.03746E-1 1.03122E-1 1.0433E-1 1.06313E-1 8.7945E-2 9.671E-2 1.00115E-1 9.53081E-2 1.47629E-1 1.81656E-1 1.94887E-1 2.04593E-1 2.19059E-1 2.19782E-1 2.23384E-1 2.26467E-1 2.32037E-1 2.35177E-1 2.37666E-1 2.37287E-1 2.31923E-1 2.31129E-1 2.36001E-1 2.44708E-1 2.51668E-1 2.61069E-1 2.6838E-1 2.7587E-1 2.76303E-1 2.77055E-1 2.85638E-1 2.91839E-1 2.95995E-1 2.93272E-1 2.94379E-1 3.00228E-1 3.09254E-1 3.22704E-1 3.30847E-1 3.29667E-1 3.27904E-1
1.71771E-1 1.60791E-1 1.76414E-1 1.59392E-1 1.56788E-1 1.56382E-1 1.39569E-1 1.33928E-1 1.1717E-1 1.04573E-1 9.15689E-2 8.58462E-2 7.76822E-2 7.715E-2 8.39927E-2 8.54855E-2 9.25343E-2 9.42755E-2 1.04707E-1 1.0547E-1 1.04717E-1 1.04577E-1 1.05742E-1 1.06797E-1 1.06786E-1 9.61943E-2 1.20323E-1 1.39863E-1 1.6487E-1 1.82159E-1 1.84042E-1 1.86682E-1 2.11173E-1 2.18981E-1 2.23312E-1 2.23338E-1 2.29911E-1 2.41516E-1 2.37963E-1 2.32486E-1 2.31401E-1 2.27232E-1 2.30494E-1 2.35906E-1 2.48851E-1 2.58856E-1 2.7007E-1 2.7383E-1 2.76714E-1 2.81095E-1 2.86677E-1 2.88146E-1 2.90879E-1 2.9144E-1 2.95249E-1 3.04005E-1 3.11622E-1 3.19585E-1 3.23754E-1 3.21298E-1 3.22873E-1
2.07259E-1 1.97714E-1 2.06686E-1 1.92398E-1 1.74424E-1 1.61984E-1 1.54671E-1 1.44603E-1 1.24454E-1 1.11736E-1 1.14522E-1 1.09645E-1 8.37875E-2 8.59307E-2 9.49536E-2 9.03126E-2 8.66348E-2 1.02584E-1 1.01218E-1 1.08838E-1 1.04885E-1 1.03203E-1 1.0482E-1 1.07292E-1 1.04045E-1 8.73364E-2 9.20578E-2 1.19011E-1 1.52364E-1 1.70527E-1 1.77172E-1 1.91438E-1 1.99742E-1 2.05897E-1 2.12126E-1 2.2517E-1 2.34955E-1 2.33822E-1 2.29406E-1 2.28538E-1 2.21238E-1 2.23763E-1 2.29498E-1 2.36941E-1 2.48804E-1 2.59289E-1 2.71287E-1 2.75615E-1 2.80416E-1 2.86138E-1 2.87264E-1 2.85278E-1 2.87674E-1 2.90306E-1 2.98222E-1 3.0049E-1 3.08162E-1 3.15054E-1 3.16994E-1 3.11874E-1 3.14098E-1
2.2555E-1 2.21154E-1 2.20055E-1 2.14459E-1 2.00608E-1 1.80829E-1 1.76245E-1 1.5887E-1 1.36046E-1 1.01088E-1 1.32935E-1 1.24476E-1 1.16548E-1 1.11676E-1 1.19539E-1 1.09458E-1 1.14612E-1 9.95805E-2 9.00514E-2 9.97792E-2 1.1331E-1 1.06186E-1 1.06238E-1 1.07651E-1 1.08013E-1 1.04759E-1 9.26715E-2 1.04441E-1 1.15492E-1 1.49051E-1 1.73832E-1 1.84281E-1 1.94494E-1 1.97194E-1 2.09688E-1 2.14708E-1 2.09473E-1 2.06318E-1 2.03979E-1 2.09005E-1 2.13356E-1 2.24476E-1 2.35743E-1 2.41547E-1 2.4848E-1 2.61868E-1 2.71191E-1 2.78989E-1 2.82343E-1 2.86506E-1 2.92543E-1 2.97047E-1 2.96362E-1 2.98809E-1 3.06344E-1 3.1203E-1 3.20304E-1 3.17935E-1 3.18196E-1 3.21198E-1 3.24024E-1
2.30243E-1 2.28421E-1 2.31186E-1 2.24707E-1 2.03679E-1 1.82721E-1 1.74802E-1 1.60878E-1 1.55542E-1 1.41729E-1 1.57242E-1 1.51063E-1 1.49169E-1 1.39575E-1 1.40639E-1 1.36151E-1 1.32525E-1 1.06572E-1 9.03877E-2 1.01175E-1 1.09441E-1 1.06974E-1 1.08228E-1 1.1089E-1 1.07882E-1 1.03649E-1 8.53542E-2 9.0886E-2 1.23663E-1 1.40165E-1 1.61916E-1 1.84883E-1 1.92227E-1 1.94428E-1 1.97028E-1 1.93444E-1 1.81636E-1 1.81632E-1 1.92323E-1 2.01802E-1 2.11773E-1 2.21188E-1 2.32622E-1 2.43156E-1 2.52078E-1 2.62604E-1 2.75568E-1 2.78417E-1 2.82818E-1 2.83079E-1 2.87944E-1 3.0016E-1 3.11046E-1 3.11109E-1 3.13111E-1 3.21986E-1 3.27083E-1 3.40052E-1 3.3628E-1 3.4088E-1 3.5219E-1
2.19509E-1 2.13822E-1 2.13878E-1 2.27027E-1 2.14279E-1 2.06765E-1 1.92509E-1 1.78027E-1 1.67864E-1 1.67561E-1 1.72389E-1 1.61014E-1 1.62808E-1 1.63907E-1 1.54784E-1 1.51912E-1 1.37233E-1 1.23429E-1 1.02405E-1 9.93852E-2 1.08523E-1 1.11603E-1 1.09281E-1 1.1255E-1 1.09629E-1 1.0076E-1 8.3976E-2 1.01601E-1 1.26887E-1 1.42145E-1 1.50741E-1 1.3167E-1 1.67567E-1 1.8291E-1 1.771E-1 1.75285E-1 1.75596E-1 1.87746E-1 2.05543E-1 2.19244E-1 2.24527E-1 2.29867E-1 2.3883E-1 2.50612E-1 2.61484E-1 2.73045E-1 2.83628E-1 2.84169E-1 2.84739E-1 2.87516E-1 2.93704E-1 3.05675E-1 3.16846E-1 3.24448E-1 3.28916E-1 3.38554E-1 3.45013E-1 3.57393E-1 3.59611E-1 3.61147E-1 3.65735E-1
2.15111E-1 2.05541E-1 1.99316E-1 2.11985E-1 2.22406E-1 2.10005E-1 1.99707E-1 1.92272E-1 1.90184E-1 1.83112E-1 1.84552E-1 1.74055E-1 1.76098E-1 1.73341E-1 1.57696E-1 1.47823E-1 1.4124E-1 1.29654E-1 1.26603E-1 9.95801E-2 1.03212E-1 1.06344E-1 1.08737E-1 1.09908E-1 1.1408E-1 9.95446E-2 8.84245E-2 1.15941E-1 1.20595E-1 1.24908E-1 1.30349E-1 1.31463E-1 1.18122E-1 1.33636E-1 1.52977E-1 1.7609E-1 1.85756E-1 2.04099E-1 2.16693E-1 2.28146E-1 2.37304E-1 2.45343E-1 2.54375E-1 2.59555E-1 2.65056E-1 2.74172E-1 2.8135E-1 2.84572E-1 2.85029E-1 2.93856E-1 3.01665E-1 3.13128E-1 3.24957E-1 3.27243E-1 3.31298E-1 3.3724E-1 3.48977E-1 3.61335E-1 3.63951E-1 3.61974E-1 3.63083E-1
2.11307E-1 1.97716E-1 1.69329E-1 1.78602E-1 2.11104E-1 2.0858E-1 2.09712E-1 2.07603E-1 2.0248E-1 2.0042E-1 1.94467E-1 1.88607E-1 1.78658E-1 1.66858E-1 1.49513E-1 1.42109E-1 1.40302E-1 1.38297E-1 1.38136E-1 1.11063E-1 9.9681E-2 1.0779E-1 1.09631E-1 1.16128E-1 1.15416E-1 9.66991E-2 9.46709E-2 1.22199E-1 1.31117E-1 1.34887E-1 1.44679E-1 1.48267E-1 1.37274E-1 1.31338E-1 1.3806E-1 1.57201E-1 1.7121E-1 1.87887E-1 2.00242E-1 2.18091E-1 2.27662E-1 2.39641E-1 2.47243E-1 2.53879E-1 2.63599E-1 2.72391E-1 2.80172E-1 2.83455E-1 2.91637E-1 3.0088E-1 3.11163E-1 3.19845E-1 3.25635E-1 3.27893E-1 3.29153E-1 3.37383E-1 3.48916E-1 3.57019E-1 3.63133E-1 3.61442E-1 3.69375E-1
2.06498E-1 1.97466E-1 1.70522E-1 1.80068E-1 1.90829E-1 1.96372E-1 2.02716E-1 1.95792E-1 1.87634E-1 1.89828E-1 1.86204E-1 1.83027E-1 1.75454E-1 1.63974E-1 1.50294E-1 1.41865E-1 1.41194E-1 1.48191E-1 1.40965E-1 1.20937E-1 1.09095E-1 1.20654E-1 1.17939E-1 1.2825E-1 1.16803E-1 9.33224E-2 1.02484E-1 1.2525E-1 1.43671E-1 1.52241E-1 1.53733E-1 1.50631E-1 1.3397E-1 1.33835E-1 1.43445E-1 1.53301E-1 1.67078E-1 1.83245E-1 2.004E-1 2.16262E-1 2.26924E-1 2.37865E-1 2.49372E-1 2.62361E-1 2.68964E-1 2.74973E-1 2.83091E-1 2.83195E-1 2.84795E-1 2.97827E-1 3.13695E-1 3.21385E-1 3.17974E-1 3.13236E-1 3.1452E-1 3.21524E-1 3.38519E-1 3.46448E-1 3.56026E-1 3.63417E-1 3.66841E-1
2.05359E-1 1.8862E-1 1.5993E-1 1.30043E-1 1.7015E-1 1.94395E-1 2.00337E-1 1.93084E-1 1.77756E-1 1.78521E-1 1.67027E-1 1.68797E-1 1.61732E-1 1.55505E-1 1.46779E-1 1.40425E-1 1.42104E-1 1.46009E-1 1.40781E-1 1.39441E-1 1.30299E-1 1.44114E-1 1.35792E-1 1.36984E-1 1.36182E-1 1.06783E-1 9.77278E-2 1.08237E-1 1.49984E-1 1.57914E-1 1.58358E-1 1.55282E-1 1.47274E-1 1.50596E-1 1.5397E-1 1.59579E-1 1.74096E-1 1.90079E-1 2.03421E-1 2.19534E-1 2.32079E-1 2.42737E-1 2.55929E-1 2.62928E-1 2.7278E-1 2.79413E-1 2.81563E-1 2.82291E-1 2.90983E-1 3.00047E-1 3.10486E-1 3.16253E-1 3.08226E-1 3.06746E-1 3.04199E-1 3.10306E-1 3.23371E-1 3.34893E-1 3.52656E-1 3.66444E-1 3.65052E-1
1.99107E-1 1.69213E-1 1.44847E-1 1.27153E-1 1.40485E-1 1.91439E-1 1.9749E-1 1.95345E-1 1.88157E-1 1.81173E-1 1.66759E-1 1.53043E-1 1.43318E-1 1.45195E-1 1.37288E-1 1.3693E-1 1.35038E-1 1.36895E-1 1.52243E-1 1.52498E-1 1.58567E-1 1.59815E-1 1.53856E-1 1.39289E-1 1.18371E-1 9.50999E-2 1.02331E-1 1.17178E-1 1.40301E-1 1.56088E-1 1.60326E-1 1.62348E-1 1.54079E-1 1.56226E-1 1.68822E-1 1.73676E-1 1.84667E-1 1.99503E-1 2.09727E-1 2.21725E-1 2.33426E-1 2.42177E-1 2.50656E-1 2.62178E-1 2.74381E-1 2.79137E-1 2.85787E-1 2.88416E-1 2.95861E-1 3.01171E-1 3.11397E-1 3.1074E-1 3.10285E-1 3.08753E-1 3.08667E-1 3.14117E-1 3.1798E-1 3.33627E-1 3.51396E-1 3.62933E-1 3.54887E-1
1.90929E-1 1.68269E-1 1.4356E-1 1.34056E-1 1.20216E-1 1.60739E-1 1.93197E-1 1.90884E-1 1.87255E-1 1.82945E-1 1.74763E-1 1.60239E-1 1.46439E-1 1.35973E-1 1.32491E-1 1.32931E-1 1.29528E-1 1.14832E-1 1.21157E-1 1.23569E-1 1.55759E-1 1.76181E-1 1.57481E-1 1.21392E-1 9.63687E-2 1.09178E-1 1.24294E-1 1.29432E-1 1.37485E-1 1.50786E-1 1.57945E-1 1.70214E-1 1.6378E-1 1.68506E-1 1.78151E-1 1.98397E-1 2.06268E-1 2.07254E-1 2.17884E-1 2.25579E-1 2.37913E-1 2.45142E-1 2.53174E-1 2.58245E-1 2.70076E-1 2.81233E-1 2.83478E-1 2.90205E-1 2.92676E-1 2.99978E-1 3.0352E-1 3.10691E-1 3.15726E-1 3.14226E-1 3.12495E-1 3.09859E-1 3.12605E-1 3.2194E-1 3.41255E-1 3.41913E-1 3.4353E-1
