maxent_outputs/bumblebees/bombus_159.asc
ncols         426
nrows         180
xllcorner     -130.0
yllcorner     24.0
cellsize      0.16666666666666666
NODATA_value  -9999
[rows 135 to 161 of 180, columns 122 to 182 of 426]
3.84505E-1 4.00024E-1 3.91457E-1 4.0103E-1 3.75437E-1 3.8914E-1 3.91624E-1 3.97512E-1 4.01019E-1 3.96024E-1 4.04631E-1 4.1208E-1 4.05452E-1 3.97869E-1 4.00739E-1 4.00961E-1 3.96485E-1 3.97498E-1 3.98321E-1 3.94524E-1 3.96616E-1 3.91221E-1 3.86653E-1 3.97987E-1 4.02349E-1 4.00889E-1 4.04751E-1 4.12326E-1 4.32567E-1 4.12435E-1 4.28342E-1 4.22868E-1 4.2186E-1 4.20425E-1 4.2118E-1 4.27006E-1 4.31161E-1 4.34429E-1 4.39348E-1 4.38206E-1 4.40892E-1 4.43412E-1 4.52467E-1 4.65761E-1 4.76232E-1 4.79557E-1 4.80587E-1 4.8055E-1 4.84979E-1 4.84785E-1 4.87605E-1 4.98717E-1 5.0594E-1 5.13769E-1 5.21017E-1 5.27337E-1 5.32719E-1 5.40737E-1 5.49309E-1 5.61864E-1 5.73105E-1
3.89402E-1 4.03E-1 4.04861E-1 4.11043E-1 3.99271E-1 3.9855E-1 3.90657E-1 3.93661E-1 3.9792E-1 3.98001E-1 3.98204E-1 4.04643E-1 4.13519E-1 4.08395E-1 4.1663E-1 4.07737E-1 4.02561E-1 3.96217E-1 3.9834E-1 3.9183E-1 4.01444E-1 3.95304E-1 4.04155E-1 3.99418E-1 4.06243E-1 4.09805E-1 4.071E-1 4.14811E-1 4.28905E-1 4.2733E-1 4.25324E-1 4.31888E-1 4.30753E-1 4.27297E-1 4.27062E-1 4.28322E-1 4.2881E-1 4.33764E-1 4.37102E-1 4.39579E-1 4.42154E-1 4.42186E-1 4.52434E-1 4.6633E-1 4.80699E-1 4.82766E-1 4.84927E-1 4.87761E-1 4.89936E-1 4.93222E-1 4.97868E-1 5.06424E-1 5.17882E-1 5.2531E-1 5.32496E-1 5.36314E-1 5.47595E-1 5.50463E-1 5.57501E-1 5.63949E-1 5.70109E-1
3.85014E-1 4.03552E-1 4.03386E-1 4.02531E-1 3.89904E-1 4.01655E-1 3.97852E-1 3.93352E-1 3.97662E-1 3.98048E-1 3.97473E-1 4.06493E-1 4.19192E-1 4.18274E-1 4.19264E-1 4.20696E-1 4.08245E-1 4.04857E-1 4.11577E-1 4.0394E-1 4.03542E-1 3.91938E-1 4.15135E-1 4.0852E-1 4.1389E-1 4.19584E-1 4.11938E-1 4.16516E-1 4.36816E-1 4.25335E-1 4.19811E-1 4.27548E-1 4.33701E-1 4.41738E-1 4.3457E-1 4.2847E-1 4.24825E-1 4.28313E-1 4.35924E-1 4.41388E-1 4.4598E-1 4.50245E-1 4.57814E-1 4.67077E-1 4.79278E-1 4.8595E-1 4.87018E-1 4.8682E-1 4.89266E-1 4.92772E-1 4.96896E-1 5.05145E-1 5.20709E-1 5.29765E-1 5.39226E-1 5.44719E-1 5.51243E-1 5.55059E-1 5.61147E-1 5.67823E-1 5.7077E-1
3.7206E-1 3.91135E-1 4.09332E-1 4.04612E-1 3.99553E-1 3.88144E-1 3.86815E-1 3.90051E-1 3.99108E-1 4.06976E-1 4.08621E-1 4.07162E-1 4.17392E-1 4.14553E-1 4.14001E-1 4.19102E-1 4.07572E-1 4.10277E-1 4.23003E-1 4.11826E-1 4.10024E-1 4.08159E-1 4.02484E-1 4.16414E-1 4.22465E-1 4.3262E-1 4.26242E-1 4.36184E-1 4.25789E-1 4.27614E-1 4.26904E-1 4.33946E-1 4.42283E-1 4.53034E-1 4.46377E-1 4.41544E-1 4.36308E-1 4.38065E-1 4.39883E-1 4.46206E-1 4.5164E-1 4.57033E-1 4.65725E-1 4.71027E-1 4.77658E-1 4.85375E-1 4.90892E-1 4.91449E-1 4.92039E-1 4.94687E-1 5.00514E-1 5.06282E-1 5.17271E-1 5.27896E-1 5.4304E-1 5.5088E-1 5.56369E-1 5.62307E-1 5.64967E-1 5.668E-1 5.71395E-1
3.67823E-1 3.99944E-1 4.09068E-1 4.08416E-1 4.02101E-1 3.9384E-1 4.00519E-1 3.96492E-1 3.98304E-1 4.00557E-1 3.97719E-1 4.0224E-1 4.10051E-1 4.06434E-1 4.03659E-1 4.09279E-1 3.98381E-1 4.17993E-1 4.13219E-1 4.10524E-1 4.18884E-1 4.10773E-1 4.05674E-1 4.14228E-1 4.23252E-1 4.33513E-1 4.3308E-1 4.3731E-1 4.37967E-1 4.21519E-1 4.1947E-1 4.36486E-1 4.36288E-1 4.37274E-1 4.5959E-1 4.60906E-1 4.52287E-1 4.42871E-1 4.42046E-1 4.47646E-1 4.54272E-1 4.59402E-1 4.65518E-1 4.67938E-1 4.73203E-1 4.80849E-1 4.89259E-1 4.973E-1 4.98168E-1 5.00014E-1 5.04276E-1 5.1153E-1 5.23711E-1 5.34551E-1 5.44191E-1 5.57255E-1 5.66793E-1 5.72615E-1 5.70568E-1 5.7017E-1 5.72114E-1
3.71954E-1 4.06711E-1 4.03444E-1 4.02913E-1 4.06533E-1 4.02893E-1 3.94905E-1 3.9966E-1 3.95092E-1 3.95334E-1 3.95985E-1 4.08598E-1 4.10656E-1 3.98734E-1 3.94097E-1 4.04762E-1 4.05829E-1 4.1048E-1 4.12476E-1 4.21589E-1 4.28391E-1 4.27494E-1 4.2152E-1 4.22236E-1 4.19749E-1 4.22034E-1 4.29425E-1 4.2608E-1 4.37149E-1 4.32318E-1 4.09192E-1 4.21052E-1 4.35934E-1 4.35847E-1 4.44537E-1 4.5983E-1 4.54368E-1 4.46615E-1 4.49995E-1 4.56185E-1 4.61612E-1 4.62358E-1 4.64871E-1 4.70545E-1 4.74636E-1 4.81631E-1 4.90218E-1 4.96066E-1 5.00152E-1 5.04121E-1 5.09771E-1 5.18169E-1 5.31456E-1 5.41677E-1 5.53494E-1 5.62858E-1 5.72073E-1 5.68918E-1 5.68067E-1 5.6731E-1 5.73687E-1
3.78491E-1 4.10552E-1 4.06217E-1 4.01171E-1 4.00703E-1 4.07333E-1 3.94721E-1 3.84989E-1 3.94202E-1 3.97329E-1 3.94006E-1 4.02088E-1 4.02267E-1 3.95736E-1 3.92046E-1 3.93031E-1 4.06026E-1 4.06961E-1 4.05234E-1 4.08315E-1 4.21089E-1 4.24564E-1 4.29755E-1 4.22877E-1 4.23706E-1 4.2094E-1 4.22573E-1 4.16381E-1 4.36426E-1 4.37142E-1 4.24643E-1 4.13714E-1 4.30938E-1 4.31811E-1 4.43729E-1 4.57672E-1 4.49962E-1 4.57562E-1 4.64268E-1 4.62296E-1 4.6019E-1 4.66342E-1 4.7279E-1 4.78095E-1 4.79925E-1 4.85124E-1 4.91266E-1 4.98311E-1 5.00373E-1 5.0509E-1 5.12098E-1 5.22638E-1 5.35572E-1 5.48687E-1 5.62615E-1 5.71228E-1 5.75145E-1 5.73415E-1 5.71651E-1 5.73736E-1 5.83971E-1
3.78721E-1 4.02913E-1 4.08503E-1 3.99442E-1 4.04629E-1 4.03725E-1 3.8041E-1 3.67835E-1 3.80864E-1 3.95958E-1 3.96918E-1 3.99433E-1 3.90738E-1 3.93211E-1 3.93909E-1 3.98615E-1 4.07355E-1 4.08949E-1 3.86633E-1 3.78747E-1 3.96074E-1 4.11562E-1 4.1894E-1 4.20935E-1 4.15996E-1 4.24664E-1 4.22285E-1 4.14008E-1 4.34618E-1 4.34448E-1 4.34055E-1 4.24E-1 4.24391E-1 4.24448E-1 4.36414E-1 4.52396E-1 4.58291E-1 4.60353E-1 4.47875E-1 4.49473E-1 4.63246E-1 4.68508E-1 4.76165E-1 4.84286E-1 4.90256E-1 4.92437E-1 4.96729E-1 5.00014E-1 5.02422E-1 5.08566E-1 5.18269E-1 5.30368E-1 5.42623E-1 5.55632E-1 5.68181E-1 5.74868E-1 5.79454E-1 5.79266E-1 5.80918E-1 5.81966E-1 5.88021E-1
3.72755E-1 3.97135E-1 4.1138E-1 3.92374E-1 3.94791E-1 3.96378E-1 3.85416E-1 3.72392E-1 3.60057E-1 3.83362E-1 3.8365E-1 3.99078E-1 3.893E-1 3.9257E-1 3.96812E-1 4.01521E-1 4.13397E-1 4.08462E-1 3.92795E-1 3.75061E-1 3.77224E-1 4.05515E-1 4.05784E-1 4.10641E-1 4.14612E-1 4.20134E-1 4.2457E-1 4.10686E-1 4.25016E-1 4.37292E-1 4.38626E-1 4.32017E-1 4.30555E-1 4.35158E-1 4.42651E-1 4.52464E-1 4.55075E-1 4.59569E-1 4.59116E-1 4.65105E-1 4.7306E-1 4.80844E-1 4.87136E-1 4.98286E-1 4.97878E-1 4.95901E-1 5.02312E-1 5.01192E-1 5.09482E-1 5.19995E-1 5.29887E-1 5.44971E-1 5.55016E-1 5.64508E-1 5.77531E-1 5.82857E-1 5.86358E-1 5.90282E-1 5.94885E-1 5.94076E-1 5.95891E-1
3.67353E-1 3.89063E-1 4.00339E-1 3.9739E-1 3.94561E-1 3.89391E-1 3.86707E-1 3.57521E-1 3.43656E-1 3.74127E-1 3.65566E-1 3.62976E-1 3.91438E-1 3.95538E-1 3.94565E-1 4.09033E-1 4.08728E-1 4.02763E-1 3.92568E-1 3.78843E-1 3.89525E-1 3.93843E-1 4.01183E-1 4.05578E-1 4.15973E-1 4.15882E-1 4.15659E-1 4.16047E-1 4.19328E-1 4.38615E-1 4.42498E-1 4.4447E-1 4.35818E-1 4.43432E-1 4.52678E-1 4.53172E-1 4.51366E-1 4.60168E-1 4.71032E-1 4.78595E-1 4.81906E-1 4.88365E-1 4.92992E-1 5.03554E-1 5.0801E-1 5.06847E-1 5.09302E-1 5.12841E-1 5.23574E-1 5.31885E-1 5.39645E-1 5.5497E-1 5.66083E-1 5.75701E-1 5.8504E-1 5.9014E-1 5.96008E-1 6.05577E-1 6.08983E-1 6.08245E-1 6.08064E-1
3.62849E-1 3.72383E-1 3.95664E-1 3.92558E-1 3.95951E-1 3.83852E-1 3.79231E-1 3.59733E-1 3.41331E-1 3.60466E-1 3.59588E-1 3.46469E-1 3.70348E-1 3.90973E-1 3.80528E-1 3.98909E-1 3.91964E-1 3.98203E-1 3.9481E-1 3.83036E-1 3.88598E-1 3.84685E-1 3.9836E-1 4.07271E-1 4.11411E-1 4.10726E-1 3.95897E-1 4.16725E-1 4.20586E-1 4.32214E-1 4.34429E-1 4.50618E-1 4.51658E-1 4.49715E-1 4.53338E-1 4.47837E-1 4.54771E-1 4.68438E-1 4.80589E-1 4.82347E-1 4.9058E-1 5.03817E-1 5.13271E-1 5.15769E-1 5.147E-1 5.1263E-1 5.19028E-1 5.25674E-1 5.37179E-1 5.48493E-1 5.53821E-1 5.61788E-1 5.73111E-1 5.80793E-1 5.92359E-1 6.01058E-1 6.08574E-1 6.17698E-1 6.23506E-1 6.25819E-1 6.28546E-1
3.69612E-1 3.67205E-1 3.89643E-1 3.89024E-1 3.92847E-1 3.98454E-1 3.80578E-1 3.44043E-1 3.51257E-1 3.38546E-1 3.38159E-1 3.41924E-1 3.48945E-1 3.84505E-1 3.69152E-1 3.85005E-1 3.67184E-1 3.75749E-1 3.90645E-1 3.91291E-1 3.88483E-1 3.88907E-1 4.02086E-1 4.11734E-1 4.05964E-1 4.0483E-1 4.02802E-1 4.18107E-1 4.2125E-1 4.30363E-1 4.25248E-1 4.47209E-1 4.61459E-1 4.6594E-1 4.55616E-1 4.61533E-1 4.67186E-1 4.7663E-1 4.85216E-1 4.9153E-1 5.07675E-1 5.19104E-1 5.12962E-1 5.11345E-1 5.16247E-1 5.06847E-1 5.13544E-1 5.25755E-1 5.39519E-1 5.49165E-1 5.69772E-1 5.73439E-1 5.82075E-1 5.87651E-1 6.01682E-1 6.08755E-1 6.13944E-1 6.2495E-1 6.28523E-1 6.33593E-1 6.34714E-1
3.76809E-1 3.65663E-1 3.90411E-1 3.92184E-1 3.95835E-1 3.95082E-1 3.80224E-1 3.73595E-1 3.60123E-1 3.31662E-1 3.26725E-1 3.26775E-1 3.36671E-1 3.7875E-1 3.65314E-1 3.68153E-1 3.55445E-1 3.53157E-1 3.72673E-1 3.95274E-1 3.91167E-1 4.0058E-1 4.06226E-1 4.15649E-1 4.13253E-1 4.07651E-1 4.08658E-1 4.17671E-1 4.26323E-1 4.35393E-1 4.32866E-1 4.47104E-1 4.63842E-1 4.78577E-1 4.67689E-1 4.76852E-1 4.80571E-1 4.91367E-1 4.93419E-1 4.97539E-1 5.14102E-1 5.16672E-1 5.07132E-1 5.09522E-1 5.15181E-1 5.24768E-1 5.17678E-1 5.26762E-1 5.37941E-1 5.46961E-1 5.59898E-1 5.74798E-1 5.83034E-1 5.90672E-1 6.02694E-1 6.06788E-1 6.12335E-1 6.24528E-1 6.32419E-1 6.2734E-1 6.27796E-1
3.85718E-1 3.75505E-1 3.93416E-1 3.77579E-1 3.86964E-1 3.79422E-1 3.7881E-1 3.57588E-1 3.46642E-1 3.29106E-1 3.22872E-1 3.25146E-1 3.37986E-1 3.7478E-1 3.6237E-1 3.58269E-1 3.53705E-1 3.49631E-1 3.53644E-1 3.89379E-1 3.8723E-1 4.07514E-1 4.0832E-1 4.11598E-1 4.11373E-1 4.09647E-1 4.18187E-1 4.26589E-1 4.30537E-1 4.29733E-1 4.32695E-1 4.38261E-1 4.53598E-1 4.64367E-1 4.80143E-1 4.83398E-1 4.87558E-1 5.01194E-1 4.99581E-1 5.11055E-1 5.22067E-1 5.02851E-1 4.97025E-1 4.96059E-1 4.96941E-1 5.03605E-1 5.17778E-1 5.30087E-1 5.35855E-1 5.40114E-1 5.45787E-1 5.57476E-1 5.77921E-1 5.88461E-1 6.00084E-1 6.05156E-1 6.12318E-1 6.21823E-1 6.2262E-1 6.24633E-1 6.23536E-1
3.82684E-1 3.88837E-1 3.90229E-1 3.70431E-1 3.64958E-1 3.83044E-1 3.74302E-1 3.55076E-1 3.49957E-1 3.27374E-1 3.35486E-1 3.35574E-1 3.51381E-1 3.71077E-1 3.60612E-1 3.59361E-1 3.5494E-1 3.48065E-1 3.52277E-1 3.85198E-1 3.87912E-1 4.02393E-1 4.12529E-1 4.1746E-1 4.11351E-1 4.14254E-1 4.27281E-1 4.22047E-1 4.21305E-1 4.14189E-1 4.2211E-1 4.37918E-1 4.44136E-1 4.42942E-1 4.68689E-1 4.79538E-1 4.91573E-1 5.06986E-1 5.13287E-1 5.15968E-1 5.09231E-1 4.9008E-1 4.79037E-1 4.88971E-1 4.85068E-1 4.83601E-1 5.00909E-1 5.21896E-1 5.31783E-1 5.38903E-1 5.34609E-1 5.42707E-1 5.61676E-1 5.82203E-1 5.98268E-1 6.03288E-1 6.1496E-1 6.24514E-1 6.20838E-1 6.21047E-1 6.23959E-1
3.84198E-1 3.66864E-1 3.68657E-1 3.64791E-1 3.537E-1 3.74536E-1 3.6479E-1 3.48717E-1 3.22337E-1 3.32385E-1 3.31754E-1 3.36803E-1 3.53213E-1 3.67537E-1 3.63662E-1 3.60872E-1 3.51814E-1 3.40627E-1 3.42133E-1 3.71448E-1 3.8935E-1 4.03212E-1 4.28757E-1 4.21502E-1 4.2159E-1 4.23806E-1 4.30413E-1 4.17218E-1 4.15034E-1 4.13926E-1 4.24893E-1 4.38118E-1 4.36215E-1 4.35584E-1 4.62408E-1 4.78021E-1 4.89823E-1 5.04304E-1 5.08307E-1 5.0382E-1 4.94196E-1 4.89224E-1 4.73864E-1 4.81261E-1 4.77901E-1 4.84378E-1 5.00946E-1 5.11965E-1 5.23228E-1 5.28935E-1 5.24495E-1 5.27803E-1 5.48927E-1 5.72146E-1 5.96189E-1 6.01889E-1 6.11883E-1 6.14905E-1 6.17217E-1 6.21643E-1 6.22991E-1
4.00068E-1 3.5727E-1 3.53423E-1 3.54198E-1 3.34084E-1 3.55712E-1 3.36845E-1 3.29356E-1 3.04463E-1 3.29078E-1 3.36008E-1 3.36178E-1 3.47612E-1 3.54895E-1 3.68286E-1 3.65366E-1 3.63514E-1 3.55952E-1 3.49339E-1 3.60762E-1 3.84493E-1 4.11595E-1 4.27859E-1 4.27766E-1 4.27706E-1 4.26733E-1 4.17248E-1 4.13921E-1 4.19947E-1 4.21489E-1 4.24195E-1 4.33437E-1 4.41961E-1 4.34866E-1 4.45512E-1 4.64034E-1 4.8645E-1 4.98857E-1 5.01183E-1 5.00757E-1 4.88369E-1 4.73845E-1 4.78506E-1 4.8239E-1 4.95683E-1 4.96018E-1 5.05856E-1 5.09364E-1 5.14772E-1 5.15286E-1 5.07934E-1 5.16017E-1 5.37773E-1 5.61749E-1 5.92335E-1 6.02598E-1 6.12791E-1 6.14641E-1 6.21019E-1 6.24415E-1 6.28463E-1
4.09011E-1 3.71159E-1 3.49517E-1 3.52694E-1 3.2365E-1 3.35785E-1 3.09485E-1 3.12173E-1 3.01496E-1 3.08109E-1 3.31688E-1 3.39685E-1 3.45316E-1 3.59296E-1 3.55116E-1 3.63711E-1 3.63758E-1 3.70543E-1 3.61451E-1 3.54383E-1 3.77229E-1 4.02126E-1 4.01102E-1 4.26888E-1 4.21682E-1 4.21265E-1 4.19794E-1 4.1245E-1 4.12073E-1 4.18457E-1 4.21238E-1 4.23403E-1 4.35406E-1 4.43385E-1 4.45347E-1 4.53222E-1 4.69704E-1 4.91987E-1 4.87511E-1 4.9138E-1 4.933E-1 4.83642E-1 4.73584E-1 4.66617E-1 4.85603E-1 5.0637E-1 5.08707E-1 5.06753E-1 5.00876E-1 4.92331E-1 4.84022E-1 5.01085E-1 5.23099E-1 5.46354E-1 5.75913E-1 5.92339E-1 6.0127E-1 6.15645E-1 6.21123E-1 6.29023E-1 6.32023E-1
4.16303E-1 3.78208E-1 3.73313E-1 3.45684E-1 3.09446E-1 3.23902E-1 3.12676E-1 3.08611E-1 3.04321E-1 3.06979E-1 3.28453E-1 3.46705E-1 3.45549E-1 3.55666E-1 3.53965E-1 3.51724E-1 3.57757E-1 3.61522E-1 3.59758E-1 3.70089E-1 3.70783E-1 3.72582E-1 4.02835E-1 4.23747E-1 4.26903E-1 4.26366E-1 4.24786E-1 4.25867E-1 4.17128E-1 4.0723E-1 4.09417E-1 4.18759E-1 4.30456E-1 4.47508E-1 4.56145E-1 4.5932E-1 4.70562E-1 4.7972E-1 4.80533E-1 4.87526E-1 4.94861E-1 4.93041E-1 4.75438E-1 4.67627E-1 4.7654E-1 5.01855E-1 5.11436E-1 5.01522E-1 4.93194E-1 4.79479E-1 4.67282E-1 4.89794E-1 5.11588E-1 5.30529E-1 5.51795E-1 5.68609E-1 5.85532E-1 6.03861E-1 6.17697E-1 6.28318E-1 6.32785E-1
4.17697E-1 4.0117E-1 3.87288E-1 3.38086E-1 3.31366E-1 3.19626E-1 3.59325E-1 3.47104E-1 3.01683E-1 3.09277E-1 3.26375E-1 3.35498E-1 3.38382E-1 3.50653E-1 3.48595E-1 3.42769E-1 3.45873E-1 3.68536E-1 3.69665E-1 3.69624E-1 3.77774E-1 3.79998E-1 4.02474E-1 4.21235E-1 4.37361E-1 4.33636E-1 4.41598E-1 4.28963E-1 4.30593E-1 4.20227E-1 4.15705E-1 4.20938E-1 4.37442E-1 4.50731E-1 4.61502E-1 4.63301E-1 4.7225E-1 4.78925E-1 4.86117E-1 4.72268E-1 4.9292E-1 4.91184E-1 4.87008E-1 4.72695E-1 4.85442E-1 5.0058E-1 5.10316E-1 5.10095E-1 5.02235E-1 4.97031E-1 4.88981E-1 4.95883E-1 5.11044E-1 5.26459E-1 5.4152E-1 5.54961E-1 5.72906E-1 5.91765E-1 6.09291E-1 6.22212E-1 6.2669E-1
4.27528E-1 4.02978E-1 3.88664E-1 3.54541E-1 3.51941E-1 3.81281E-1 3.90698E-1 3.9571E-1 3.3836E-1 3.24958E-1 3.32102E-1 3.32689E-1 3.35566E-1 3.43227E-1 3.40741E-1 3.39502E-1 3.39324E-1 3.64251E-1 3.65393E-1 3.70055E-1 3.79634E-1 3.85174E-1 4.05706E-1 4.32226E-1 4.3681E-1 4.31567E-1 4.411E-1 4.34309E-1 4.42182E-1 4.37051E-1 4.33071E-1 4.37522E-1 4.40223E-1 4.56923E-1 4.63158E-1 4.71538E-1 4.77777E-1 4.83369E-1 4.96791E-1 4.81305E-1 4.77496E-1 4.81083E-1 4.84061E-1 4.86536E-1 4.91219E-1 5.05236E-1 5.15312E-1 5.13464E-1 5.16419E-1 5.25037E-1 5.23762E-1 5.24565E-1 5.24699E-1 5.35463E-1 5.46679E-1 5.56695E-1 5.73442E-1 5.84161E-1 5.9852E-1 6.09026E-1 6.17501E-1
4.23165E-1 3.95627E-1 3.87418E-1 3.7556E-1 3.75822E-1 4.01979E-1 3.90772E-1 3.98281E-1 3.57378E-1 3.58621E-1 3.562E-1 3.39007E-1 3.38049E-1 3.35732E-1 3.41857E-1 3.36971E-1 3.50159E-1 3.63437E-1 3.63275E-1 3.70136E-1 3.79684E-1 3.91552E-1 4.15236E-1 4.24505E-1 4.24841E-1 4.29529E-1 4.36059E-1 4.39242E-1 4.41659E-1 4.41781E-1 4.42634E-1 4.41188E-1 4.31581E-1 4.49816E-1 4.6098E-1 4.70219E-1 4.80921E-1 4.8727E-1 5.00568E-1 4.96392E-1 4.93248E-1 4.76457E-1 4.84794E-1 4.87551E-1 4.90095E-1 4.9703E-1 5.11111E-1 5.26685E-1 5.3444E-1 5.47785E-1 5.5126E-1 5.49543E-1 5.51552E-1 5.52637E-1 5.64997E-1 5.65498E-1 5.76699E-1 5.81181E-1 5.87383E-1 5.98239E-1 6.08335E-1
4.22944E-1 4.03436E-1 3.8711E-1 3.92278E-1 3.95549E-1 3.97173E-1 3.48565E-1 3.66025E-1 3.69116E-1 3.69844E-1 3.59896E-1 3.52111E-1 3.50488E-1 3.45248E-1 3.46111E-1 3.43154E-1 3.41939E-1 3.60077E-1 3.61311E-1 3.64653E-1 3.81782E-1 3.89159E-1 3.9704E-1 4.14123E-1 4.22149E-1 4.20998E-1 4.33486E-1 4.38029E-1 4.33422E-1 4.38425E-1 4.38757E-1 4.35224E-1 4.26931E-1 4.43197E-1 4.6197E-1 4.74272E-1 4.80765E-1 4.92876E-1 4.92977E-1 4.95381E-1 4.97634E-1 4.75849E-1 4.81579E-1 4.91676E-1 4.90098E-1 4.99264E-1 5.0694E-1 5.15501E-1 5.31287E-1 5.49748E-1 5.54386E-1 5.56818E-1 5.63355E-1 5.7112E-1 5.75471E-1 5.74092E-1 5.81936E-1 5.85274E-1 5.82889E-1 5.92134E-1 6.02395E-1
4.40134E-1 4.14036E-1 4.01944E-1 4.00231E-1 4.08023E-1 3.91268E-1 3.79339E-1 3.97973E-1 3.59064E-1 3.50033E-1 3.55691E-1 3.68748E-1 3.57274E-1 3.50781E-1 3.50107E-1 3.45873E-1 3.53281E-1 3.68599E-1 3.73625E-1 3.68644E-1 3.78067E-1 3.8434E-1 4.15889E-1 4.28479E-1 4.37089E-1 4.35408E-1 4.23224E-1 4.31163E-1 4.36536E-1 4.40462E-1 4.25674E-1 4.25726E-1 4.42124E-1 4.51143E-1 4.59734E-1 4.786E-1 4.83959E-1 4.92587E-1 4.95531E-1 4.92891E-1 4.94572E-1 4.77433E-1 4.77197E-1 4.93373E-1 4.96723E-1 5.01064E-1 5.14167E-1 5.19113E-1 5.37198E-1 5.48764E-1 5.5437E-1 5.60234E-1 5.65762E-1 5.73594E-1 5.76149E-1 5.74651E-1 5.83451E-1 5.96121E-1 6.03016E-1 6.04413E-1 6.06425E-1
4.53962E-1 4.30944E-1 4.2297E-1 4.30367E-1 4.2383E-1 4.06166E-1 3.89703E-1 3.93464E-1 3.63729E-1 3.43841E-1 3.54824E-1 3.70467E-1 3.61777E-1 3.54313E-1 3.43964E-1 3.38506E-1 3.48613E-1 3.67636E-1 3.664E-1 3.85821E-1 3.98429E-1 4.11E-1 4.186E-1 4.20454E-1 4.19791E-1 4.23864E-1 4.14751E-1 4.23204E-1 4.35609E-1 4.34048E-1 4.28476E-1 4.28106E-1 4.50476E-1 4.51347E-1 4.73847E-1 4.77651E-1 4.86824E-1 5.0258E-1 4.96978E-1 4.94848E-1 4.97603E-1 4.87757E-1 4.70439E-1 5.01341E-1 5.10132E-1 5.03014E-1 5.1085E-1 5.28567E-1 5.38489E-1 5.5022E-1 5.54241E-1 5.56941E-1 5.57874E-1 5.66053E-1 5.68445E-1 5.64429E-1 5.76926E-1 6.00384E-1 6.09944E-1 6.04843E-1 6.13086E-1
4.76445E-1 4.63721E-1 4.59391E-1 4.68482E-1 4.47553E-1 4.0336E-1 3.57982E-1 3.89365E-1 3.5197E-1 3.34935E-1 3.83361E-1 3.6289E-1 3.56672E-1 3.47623E-1 3.38766E-1 3.37787E-1 3.43506E-1 3.5527E-1 3.4901E-1 3.82472E-1 3.91814E-1 3.91777E-1 4.03426E-1 3.90746E-1 3.96889E-1 4.05923E-1 4.14326E-1 4.13855E-1 4.23331E-1 4.33301E-1 4.22755E-1 4.30668E-1 4.4738E-1 4.35918E-1 4.75187E-1 4.72704E-1 4.92038E-1 5.06545E-1 4.94759E-1 5.00681E-1 5.05884E-1 4.96716E-1 4.78016E-1 5.07122E-1 5.11146E-1 5.08096E-1 5.15516E-1 5.36749E-1 5.3735E-1 5.45154E-1 5.52944E-1 5.54688E-1 5.47834E-1 5.42827E-1 5.42218E-1 5.36658E-1 5.63916E-1 5.97611E-1 6.11883E-1 6.08996E-1 6.13721E-1
4.88016E-1 4.82254E-1 4.79302E-1 4.67174E-1 4.54541E-1 4.17813E-1 3.89605E-1 3.96144E-1 3.78513E-1 3.62945E-1 3.93889E-1 3.9675E-1 3.64337E-1 3.45515E-1 3.33573E-1 3.33286E-1 3.34145E-1 3.3699E-1 3.4294E-1 3.74615E-1 3.77102E-1 3.68561E-1 3.86843E-1 3.84086E-1 3.88991E-1 3.99913E-1 4.16365E-1 4.17124E-1 4.22355E-1 4.2444E-1 4.28484E-1 4.3922E-1 4.48105E-1 4.67402E-1 4.84503E-1 4.95308E-1 5.02968E-1 4.96772E-1 4.9806E-1 4.98632E-1 5.01005E-1 4.97196E-1 4.84058E-1 4.90216E-1 5.16793E-1 5.26767E-1 5.31882E-1 5.48465E-1 5.41241E-1 5.41299E-1 5.45094E-1 5.47684E-1 5.44158E-1 5.34259E-1 5.27856E-1 5.25597E-1 5.50656E-1 5.8518E-1 6.04002E-1 6.10109E-1 6.12038E-1
