maxent_outputs/bumblebees/bombus_83.asc
ncols         426
nrows         180
xllcorner     -130.0
yllcorner     24.0
cellsize      0.16666666666666666
NODATA_value  -9999
[rows 27 to 53 of 180, columns 183 to 243 of 426]
9.43838E-2 9.3874E-2 9.13585E-2 8.73431E-2 7.99955E-2 7.95043E-2 8.58571E-2 9.58412E-2 9.6402E-2 9.80121E-2 9.45697E-2 9.29024E-2 9.06624E-2 8.67502E-2 8.39115E-2 8.88083E-2 9.07744E-2 8.79459E-2 9.09258E-2 9.14449E-2 9.8062E-2 1.0222E-1 9.67925E-2 9.17279E-2 8.71467E-2 8.74315E-2 9.47475E-2 1.00566E-1 1.04545E-1 1.01663E-1 1.02166E-1 1.04303E-1 1.05848E-1 1.08743E-1 1.07999E-1 1.06251E-1 1.00137E-1 9.66972E-2 9.53216E-2 9.869E-2 1.05815E-1 9.79959E-2 1.04082E-1 1.03462E-1 9.0119E-2 9.40432E-2 9.79369E-2 9.6958E-2 8.70318E-2 8.26296E-2 8.21855E-2 8.36823E-2 8.11986E-2 8.51546E-2 8.09491E-2 8.43312E-2 8.51716E-2 8.06894E-2 7.90464E-2 7.73981E-2 8.39255E-2
9.60607E-2 9.4623E-2 9.57143E-2 8.93212E-2 8.38351E-2 8.14855E-2 8.10074E-2 9.07436E-2 9.91491E-2 9.99235E-2 9.69923E-2 9.32745E-2 9.09892E-2 8.8203E-2 8.46548E-2 9.06582E-2 9.12175E-2 8.79904E-2 9.04419E-2 9.02709E-2 9.06753E-2 9.37977E-2 9.5018E-2 9.19314E-2 8.98193E-2 9.02672E-2 9.07927E-2 1.06934E-1 1.10405E-1 1.05225E-1 1.01063E-1 1.04552E-1 1.07893E-1 1.06876E-1 1.07005E-1 1.06396E-1 1.07003E-1 9.78472E-2 9.83975E-2 1.0336E-1 9.49786E-2 9.19206E-2 9.40901E-2 9.55598E-2 9.48339E-2 9.7919E-2 1.04183E-1 9.37393E-2 8.7778E-2 8.50376E-2 8.60596E-2 7.86179E-2 7.56748E-2 7.47641E-2 7.2804E-2 8.04186E-2 7.51462E-2 7.57852E-2 7.37346E-2 7.78793E-2 8.18314E-2
9.11172E-2 9.19238E-2 9.15767E-2 8.43171E-2 8.30726E-2 8.60786E-2 8.61302E-2 8.84693E-2 1.01357E-1 9.87557E-2 9.56785E-2 9.64298E-2 9.33514E-2 9.04289E-2 8.55311E-2 9.16647E-2 9.27872E-2 9.35804E-2 9.26144E-2 9.05015E-2 9.0492E-2 8.46587E-2 8.74815E-2 8.58484E-2 9.01276E-2 1.07112E-1 1.13236E-1 1.1444E-1 1.1158E-1 1.05799E-1 1.1451E-1 1.03844E-1 1.04671E-1 1.02962E-1 1.02035E-1 1.03993E-1 1.03354E-1 1.00904E-1 9.87365E-2 9.68612E-2 9.92962E-2 9.45556E-2 9.33217E-2 9.90459E-2 1.01426E-1 1.15461E-1 1.12072E-1 9.99543E-2 8.94957E-2 9.249E-2 9.24941E-2 8.09647E-2 7.61401E-2 7.44868E-2 7.21017E-2 7.01505E-2 8.00584E-2 7.16002E-2 7.05281E-2 7.18384E-2 7.42789E-2
7.94148E-2 9.47876E-2 9.03172E-2 8.54173E-2 8.32826E-2 8.06468E-2 7.81256E-2 8.20832E-2 9.51283E-2 9.95223E-2 9.88909E-2 9.57394E-2 9.32943E-2 9.1788E-2 8.80828E-2 8.72822E-2 9.11048E-2 9.53183E-2 9.29807E-2 9.54012E-2 8.8412E-2 8.46372E-2 8.29237E-2 8.23488E-2 8.2734E-2 1.029E-1 9.98524E-2 9.82068E-2 1.14307E-1 1.02975E-1 9.85861E-2 9.8171E-2 9.81544E-2 9.78202E-2 1.00884E-1 1.0278E-1 1.03902E-1 1.04083E-1 9.97943E-2 1.02218E-1 9.85605E-2 9.55714E-2 9.71004E-2 9.89948E-2 9.4237E-2 9.91421E-2 1.01658E-1 1.03373E-1 1.10592E-1 8.87078E-2 8.74136E-2 8.57684E-2 9.66213E-2 1.07126E-1 9.76887E-2 8.20945E-2 7.10191E-2 6.89224E-2 6.85352E-2 7.39206E-2 7.26034E-2
7.82941E-2 9.26249E-2 9.18742E-2 8.02714E-2 8.3632E-2 8.72315E-2 7.64738E-2 7.86862E-2 8.22719E-2 9.48933E-2 9.82551E-2 9.38473E-2 9.20812E-2 9.2176E-2 9.09855E-2 8.81757E-2 9.06212E-2 9.46799E-2 9.27321E-2 8.91139E-2 8.63988E-2 8.22745E-2 8.02542E-2 7.8451E-2 8.12551E-2 8.54457E-2 8.93321E-2 8.9287E-2 9.09894E-2 8.61267E-2 8.94877E-2 9.19458E-2 9.67215E-2 9.55156E-2 9.57959E-2 9.88011E-2 1.03691E-1 1.13475E-1 1.04834E-1 1.06612E-1 1.03984E-1 1.03505E-1 1.01111E-1 9.78012E-2 1.00885E-1 9.58036E-2 9.64533E-2 9.81839E-2 1.01983E-1 1.00312E-1 1.05851E-1 9.73426E-2 9.63831E-2 1.10864E-1 1.27512E-1 1.02545E-1 7.18983E-2 6.81901E-2 6.8407E-2 9.75107E-2 1.0106E-1
8.43723E-2 9.68719E-2 9.50331E-2 9.35107E-2 9.47437E-2 8.91931E-2 7.94214E-2 7.86676E-2 8.32372E-2 9.49755E-2 9.67026E-2 9.40805E-2 9.42239E-2 9.23211E-2 9.27444E-2 8.90232E-2 8.81357E-2 9.16728E-2 9.21175E-2 8.8857E-2 8.64392E-2 8.85337E-2 8.36702E-2 8.34809E-2 8.72195E-2 8.81563E-2 8.97069E-2 9.03525E-2 9.49834E-2 8.29732E-2 8.78688E-2 9.58714E-2 9.60671E-2 9.6548E-2 9.57454E-2 9.258E-2 9.50877E-2 1.0487E-1 1.10199E-1 1.09411E-1 1.10084E-1 1.0521E-1 9.93609E-2 9.56195E-2 1.00241E-1 1.09121E-1 1.0596E-1 1.05614E-1 1.12943E-1 1.02015E-1 9.50237E-2 8.67831E-2 8.47625E-2 1.04643E-1 1.27532E-1 1.15613E-1 9.26318E-2 8.81088E-2 8.79092E-2 9.50344E-2 9.10705E-2
8.85645E-2 9.32685E-2 9.31324E-2 8.3056E-2 8.67853E-2 8.77611E-2 8.39663E-2 8.34948E-2 8.51622E-2 9.04834E-2 9.35213E-2 9.36335E-2 9.29621E-2 8.97343E-2 9.13649E-2 8.72585E-2 8.73281E-2 9.15423E-2 8.78061E-2 8.74428E-2 8.58196E-2 9.26275E-2 8.30414E-2 8.46547E-2 8.90132E-2 8.61629E-2 9.06844E-2 9.25881E-2 9.034E-2 8.70435E-2 8.76707E-2 9.36861E-2 9.72664E-2 9.80778E-2 9.75965E-2 9.12745E-2 9.57003E-2 9.81536E-2 1.00111E-1 1.05829E-1 1.04387E-1 1.07299E-1 1.08882E-1 1.08023E-1 1.09349E-1 1.0548E-1 1.05403E-1 1.09472E-1 1.06016E-1 1.07026E-1 1.12113E-1 1.07348E-1 9.90651E-2 1.04675E-1 9.8885E-2 1.07115E-1 9.36056E-2 9.92435E-2 1.05195E-1 1.10572E-1 1.17688E-1
9.04662E-2 1.03457E-1 1.08398E-1 1.00346E-1 8.99642E-2 8.81182E-2 8.90805E-2 9.05202E-2 8.57931E-2 8.52386E-2 9.20596E-2 9.44195E-2 9.58169E-2 9.42617E-2 9.10559E-2 8.66286E-2 8.73636E-2 9.07757E-2 9.049E-2 8.87015E-2 8.77402E-2 9.43366E-2 8.32393E-2 8.40187E-2 8.55399E-2 8.68454E-2 9.22E-2 9.39858E-2 8.56542E-2 8.51599E-2 8.32357E-2 9.19965E-2 9.4373E-2 9.42091E-2 9.55998E-2 9.414E-2 9.44775E-2 9.42853E-2 9.44923E-2 9.59019E-2 9.71577E-2 1.00758E-1 1.04949E-1 1.05231E-1 1.07436E-1 1.10933E-1 1.11413E-1 1.08654E-1 1.0466E-1 1.09378E-1 1.14867E-1 1.28777E-1 1.18165E-1 1.22944E-1 1.02686E-1 1.07952E-1 1.09308E-1 1.18765E-1 1.12039E-1 1.15814E-1 1.29836E-1
8.96246E-2 1.06337E-1 1.13593E-1 1.08312E-1 1.01041E-1 9.43472E-2 9.21341E-2 9.11157E-2 8.94777E-2 8.62789E-2 9.02294E-2 9.61172E-2 9.96014E-2 1.01286E-1 9.79103E-2 9.22392E-2 8.75572E-2 9.07973E-2 9.42427E-2 9.40634E-2 9.15847E-2 8.92032E-2 8.43547E-2 8.74949E-2 8.9421E-2 9.73768E-2 1.0996E-1 1.13946E-1 1.12042E-1 1.03633E-1 9.57933E-2 9.2867E-2 9.18629E-2 9.05209E-2 9.01834E-2 9.00058E-2 9.00696E-2 9.07688E-2 9.319E-2 9.81166E-2 9.47071E-2 9.45202E-2 9.4298E-2 9.58359E-2 9.796E-2 9.93116E-2 1.05999E-1 1.12242E-1 1.09608E-1 1.10972E-1 1.09085E-1 1.08703E-1 1.05773E-1 1.04686E-1 1.0951E-1 1.2061E-1 1.17904E-1 1.15165E-1 1.2261E-1 1.58143E-1 2.41944E-1
8.38399E-2 8.80622E-2 9.04302E-2 8.72095E-2 9.57434E-2 9.12988E-2 9.17652E-2 8.98547E-2 9.02053E-2 8.81543E-2 8.86759E-2 9.46858E-2 1.00032E-1 1.01554E-1 1.03485E-1 9.90117E-2 9.0715E-2 9.05758E-2 9.36661E-2 9.31424E-2 9.33533E-2 8.99096E-2 8.49564E-2 8.6578E-2 8.88207E-2 1.08681E-1 1.16229E-1 1.14885E-1 1.02958E-1 9.23797E-2 9.14953E-2 8.83964E-2 8.90093E-2 8.75204E-2 8.8264E-2 8.77469E-2 8.82158E-2 8.83434E-2 8.89787E-2 9.10932E-2 8.9999E-2 9.02007E-2 9.37446E-2 1.05121E-1 9.30279E-2 9.8223E-2 1.00845E-1 1.0293E-1 1.04791E-1 1.06055E-1 1.02363E-1 9.95295E-2 1.03934E-1 1.0467E-1 9.92819E-2 1.0386E-1 1.23755E-1 1.61247E-1 2.34525E-1 3.57498E-1 4.42745E-1
8.48497E-2 8.66508E-2 8.54783E-2 8.76144E-2 9.1094E-2 8.34121E-2 8.34136E-2 8.2757E-2 8.45236E-2 8.56333E-2 8.79256E-2 9.4006E-2 9.56832E-2 1.00745E-1 9.97072E-2 9.84908E-2 9.38426E-2 9.36694E-2 9.08775E-2 9.08159E-2 9.01029E-2 8.62741E-2 8.35004E-2 8.45145E-2 8.60404E-2 9.11672E-2 9.28288E-2 9.37207E-2 9.29519E-2 9.39602E-2 8.8201E-2 8.72616E-2 8.90509E-2 8.75881E-2 8.7021E-2 8.54955E-2 8.52095E-2 8.55276E-2 8.60391E-2 8.71512E-2 8.68263E-2 8.53346E-2 8.40046E-2 8.35408E-2 8.60747E-2 8.94136E-2 9.01749E-2 9.02649E-2 9.23604E-2 9.51879E-2 9.59129E-2 9.56684E-2 1.06287E-1 1.39813E-1 1.77764E-1 2.38849E-1 3.27648E-1 4.06666E-1 4.58413E-1 4.80621E-1 4.882E-1
8.36519E-2 8.38927E-2 8.5017E-2 8.43105E-2 8.75159E-2 8.94578E-2 8.61866E-2 8.65905E-2 8.3427E-2 8.45293E-2 9.06321E-2 9.51568E-2 9.4965E-2 9.60384E-2 9.85006E-2 9.63981E-2 9.50156E-2 9.25223E-2 9.14905E-2 9.44487E-2 9.8265E-2 8.59303E-2 8.42025E-2 8.67626E-2 8.50766E-2 8.45952E-2 8.86587E-2 9.22416E-2 9.61837E-2 9.50758E-2 9.11746E-2 9.06851E-2 9.51992E-2 9.32432E-2 9.0641E-2 9.34219E-2 8.92143E-2 8.41948E-2 8.49252E-2 8.5139E-2 8.53501E-2 8.79099E-2 8.38384E-2 8.59138E-2 8.81996E-2 8.6782E-2 8.50415E-2 8.58683E-2 8.45416E-2 9.13898E-2 1.08102E-1 1.43589E-1 2.47996E-1 3.58891E-1 4.32887E-1 4.42442E-1 4.55518E-1 4.74568E-1 4.80556E-1 4.9929E-1 5.16132E-1
8.36663E-2 8.73934E-2 9.35447E-2 8.9371E-2 8.99487E-2 8.75598E-2 8.60912E-2 8.97615E-2 8.99825E-2 9.08342E-2 9.38118E-2 9.2433E-2 9.35259E-2 9.70437E-2 9.93461E-2 9.73176E-2 9.5422E-2 9.56754E-2 9.59282E-2 9.02546E-2 8.89939E-2 8.7778E-2 8.91296E-2 8.91005E-2 8.6265E-2 8.89748E-2 8.94084E-2 9.21417E-2 9.20244E-2 1.02022E-1 9.51617E-2 1.09022E-1 9.80561E-2 8.69627E-2 8.65654E-2 9.31688E-2 8.6024E-2 8.50422E-2 8.66913E-2 8.83888E-2 8.72713E-2 8.87625E-2 9.08862E-2 8.63407E-2 8.66173E-2 8.61345E-2 8.69264E-2 8.63023E-2 9.33004E-2 1.21217E-1 2.3269E-1 3.86291E-1 4.45806E-1 4.51365E-1 4.51054E-1 4.63761E-1 4.74258E-1 4.88447E-1 5.07032E-1 5.21429E-1 5.40153E-1
8.65244E-2 9.33125E-2 9.34642E-2 8.9798E-2 9.28128E-2 9.48535E-2 8.98523E-2 9.08822E-2 9.17327E-2 9.37428E-2 9.50846E-2 9.18632E-2 9.18022E-2 9.45741E-2 9.76308E-2 9.61724E-2 9.58924E-2 9.69797E-2 9.54886E-2 9.47169E-2 8.96089E-2 8.75573E-2 9.22353E-2 9.49985E-2 8.94735E-2 8.96199E-2 9.03277E-2 8.83421E-2 9.19711E-2 9.98874E-2 1.10207E-1 1.0283E-1 8.68137E-2 8.68581E-2 8.66354E-2 9.00349E-2 8.61315E-2 8.46308E-2 8.66172E-2 8.45946E-2 8.60623E-2 8.63763E-2 8.62648E-2 8.79506E-2 8.96619E-2 9.24373E-2 9.44562E-2 1.06126E-1 1.28008E-1 2.45009E-1 4.34513E-1 4.43983E-1 4.22614E-1 4.17261E-1 4.44959E-1 4.77738E-1 4.96691E-1 5.22279E-1 5.3001E-1 5.4336E-1 5.57248E-1
8.05218E-2 8.90191E-2 9.42508E-2 9.15354E-2 8.96475E-2 9.29092E-2 9.38976E-2 9.65936E-2 9.50182E-2 9.61097E-2 1.03323E-1 9.56251E-2 9.62927E-2 9.7476E-2 9.55335E-2 9.64118E-2 9.59475E-2 9.53599E-2 9.50613E-2 9.06327E-2 8.76429E-2 8.71933E-2 9.75724E-2 9.72447E-2 9.04729E-2 8.94869E-2 9.14579E-2 9.03356E-2 9.38597E-2 1.05836E-1 1.20246E-1 1.11356E-1 9.16381E-2 8.79776E-2 8.43509E-2 8.46713E-2 8.47916E-2 8.45604E-2 8.48722E-2 8.74971E-2 8.92215E-2 8.68446E-2 8.66196E-2 9.41259E-2 1.00333E-1 1.03614E-1 1.19066E-1 1.68727E-1 3.22235E-1 4.4729E-1 4.37287E-1 3.76837E-1 3.31907E-1 3.36931E-1 3.29418E-1 4.62956E-1 5.14287E-1 5.30696E-1 5.3584E-1 5.40606E-1 5.3736E-1
9.14668E-2 9.08065E-2 9.51361E-2 9.66608E-2 9.85523E-2 9.49967E-2 9.64966E-2 9.68239E-2 9.88311E-2 1.02395E-1 1.10546E-1 1.05799E-1 1.0557E-1 1.03656E-1 1.01611E-1 1.01043E-1 1.02764E-1 9.96168E-2 9.60558E-2 9.34324E-2 8.98644E-2 8.86703E-2 9.57573E-2 9.79026E-2 9.06264E-2 8.84366E-2 8.98203E-2 9.23435E-2 9.42406E-2 9.8068E-2 9.92608E-2 9.82641E-2 9.32402E-2 9.09842E-2 8.41477E-2 8.32159E-2 8.38195E-2 8.61982E-2 8.80544E-2 8.76838E-2 8.90031E-2 9.03183E-2 9.63651E-2 1.10715E-1 1.21006E-1 1.54939E-1 2.57318E-1 3.97108E-1 4.06483E-1 3.05869E-1 2.42511E-1 1.87726E-1 2.1317E-1 2.63222E-1 3.28462E-1 4.36406E-1 4.79886E-1 4.99483E-1 4.57619E-1 4.17424E-1 3.68408E-1
9.48394E-2 9.89091E-2 1.00699E-1 1.00831E-1 1.02978E-1 9.96546E-2 1.0097E-1 9.89184E-2 1.00632E-1 1.04799E-1 1.09336E-1 1.11412E-1 1.06E-1 1.0472E-1 1.04398E-1 9.84907E-2 9.94228E-2 1.00878E-1 9.7133E-2 9.72181E-2 9.97147E-2 9.96632E-2 9.53637E-2 9.01098E-2 8.64245E-2 8.7116E-2 8.94439E-2 8.77535E-2 9.06968E-2 9.34698E-2 9.50443E-2 9.93518E-2 1.03758E-1 9.42331E-2 8.78907E-2 8.4798E-2 8.69333E-2 9.89481E-2 8.81014E-2 8.81688E-2 9.30448E-2 9.62162E-2 1.01747E-1 1.13458E-1 1.54877E-1 2.21463E-1 2.13657E-1 1.83594E-1 1.60279E-1 1.48733E-1 1.47547E-1 1.66698E-1 2.27536E-1 3.11788E-1 3.46272E-1 3.88938E-1 3.77435E-1 2.94466E-1 2.26678E-1 2.12451E-1 2.02086E-1
9.73871E-2 9.84942E-2 9.89559E-2 1.01955E-1 1.07906E-1 1.02251E-1 1.04816E-1 1.02984E-1 1.01008E-1 1.01636E-1 1.07204E-1 1.10585E-1 1.08363E-1 1.07981E-1 1.03782E-1 1.04218E-1 1.02407E-1 1.02385E-1 1.00343E-1 9.84335E-2 9.78627E-2 1.04841E-1 1.01209E-1 9.48048E-2 9.15045E-2 8.79533E-2 8.95281E-2 9.21224E-2 9.33983E-2 9.38097E-2 9.50757E-2 1.12538E-1 1.12185E-1 9.66775E-2 8.96101E-2 8.77218E-2 8.87873E-2 8.86082E-2 8.7717E-2 8.88944E-2 9.22868E-2 1.00568E-1 1.09717E-1 1.20965E-1 1.30337E-1 1.35673E-1 1.41937E-1 1.4057E-1 1.42331E-1 1.30016E-1 1.38377E-1 1.6433E-1 1.81528E-1 2.16758E-1 2.46723E-1 2.24276E-1 2.06157E-1 1.91671E-1 1.819E-1 1.87794E-1 1.73011E-1
9.52741E-2 9.69622E-2 9.7001E-2 1.00484E-1 1.09144E-1 1.0489E-1 1.03087E-1 1.06482E-1 1.0359E-1 1.02913E-1 1.03691E-1 1.0915E-1 1.09E-1 1.09081E-1 1.08334E-1 1.08238E-1 1.06925E-1 1.04955E-1 1.02263E-1 9.87873E-2 1.01359E-1 1.05978E-1 1.11463E-1 1.12584E-1 9.56339E-2 9.21779E-2 9.5281E-2 9.57864E-2 9.95354E-2 9.76813E-2 1.08602E-1 1.21254E-1 1.10978E-1 1.0889E-1 1.06586E-1 9.60009E-2 8.99206E-2 8.87362E-2 8.94947E-2 9.08897E-2 1.01448E-1 1.01282E-1 1.07065E-1 1.05569E-1 1.09321E-1 1.19948E-1 1.28527E-1 1.17276E-1 1.26074E-1 1.39637E-1 1.37441E-1 1.43467E-1 1.52796E-1 1.59649E-1 1.53382E-1 1.52673E-1 1.51963E-1 1.60155E-1 1.60954E-1 1.7242E-1 1.64995E-1
9.3233E-2 9.645E-2 1.01055E-1 1.0227E-1 1.07736E-1 1.11689E-1 1.12443E-1 1.10123E-1 1.05898E-1 1.07336E-1 1.06288E-1 1.11624E-1 1.15862E-1 1.14093E-1 1.10669E-1 1.08349E-1 1.04332E-1 1.06379E-1 1.05396E-1 1.0526E-1 1.07036E-1 1.11245E-1 1.09454E-1 1.0734E-1 1.00058E-1 9.88205E-2 9.97421E-2 1.04341E-1 1.07762E-1 1.13176E-1 1.10949E-1 1.07566E-1 1.00773E-1 1.00599E-1 1.34653E-1 1.46145E-1 9.1703E-2 9.10159E-2 9.37951E-2 1.0048E-1 9.9556E-2 1.01757E-1 1.06093E-1 1.09199E-1 1.1615E-1 1.27017E-1 1.15619E-1 1.23819E-1 1.24513E-1 1.24798E-1 1.30767E-1 1.2887E-1 1.28159E-1 1.30301E-1 1.28767E-1 1.32706E-1 1.38435E-1 1.37813E-1 1.44257E-1 1.44984E-1 1.47512E-1
9.81505E-2 9.82103E-2 1.01091E-1 1.0231E-1 1.16002E-1 1.15943E-1 1.11494E-1 1.18348E-1 1.10188E-1 1.10722E-1 1.13955E-1 1.16311E-1 1.19542E-1 1.20879E-1 1.20689E-1 1.19015E-1 1.11477E-1 1.08152E-1 1.09822E-1 1.13169E-1 1.11644E-1 1.1043E-1 1.1375E-1 1.05833E-1 1.05105E-1 1.03396E-1 1.03408E-1 1.08023E-1 1.12756E-1 1.10416E-1 1.12087E-1 1.0409E-1 9.82647E-2 9.91126E-2 1.01814E-1 1.09138E-1 9.65138E-2 9.79788E-2 9.90629E-2 1.03242E-1 1.05251E-1 1.11794E-1 1.21153E-1 1.24793E-1 1.26576E-1 1.31277E-1 1.31792E-1 1.31556E-1 1.29228E-1 1.27053E-1 1.27364E-1 1.23036E-1 1.21755E-1 1.2199E-1 1.22556E-1 1.32819E-1 1.3878E-1 1.30701E-1 1.34159E-1 1.32554E-1 1.26706E-1
9.4674E-2 1.02692E-1 1.00361E-1 1.08995E-1 1.19232E-1 1.12366E-1 1.12576E-1 1.17803E-1 1.21657E-1 1.12674E-1 1.1245E-1 1.11463E-1 1.11834E-1 1.25622E-1 1.24282E-1 1.20995E-1 1.13714E-1 1.1708E-1 1.09733E-1 1.10991E-1 1.12016E-1 1.11109E-1 1.07863E-1 1.08697E-1 1.14646E-1 1.08915E-1 1.14508E-1 1.13363E-1 1.16056E-1 1.11811E-1 1.12856E-1 1.11057E-1 1.04774E-1 9.90373E-2 9.90367E-2 1.00698E-1 1.06205E-1 1.07157E-1 1.06965E-1 1.0914E-1 1.18742E-1 1.2078E-1 1.30349E-1 1.36001E-1 1.3795E-1 1.29865E-1 1.23007E-1 1.2785E-1 1.31682E-1 1.39718E-1 1.30629E-1 1.23273E-1 1.21848E-1 1.22004E-1 1.26166E-1 1.23619E-1 1.26552E-1 1.32411E-1 1.27226E-1 1.29685E-1 1.23324E-1
1.01669E-1 1.01992E-1 1.06695E-1 1.15154E-1 1.13446E-1 1.1242E-1 1.15356E-1 1.24231E-1 1.27197E-1 1.21904E-1 1.10593E-1 1.01976E-1 1.02404E-1 1.0686E-1 1.30918E-1 1.31088E-1 1.30789E-1 1.2346E-1 1.12514E-1 1.10683E-1 1.1676E-1 1.14361E-1 1.14655E-1 1.13402E-1 1.14895E-1 1.10932E-1 1.09479E-1 1.17075E-1 1.18956E-1 1.1644E-1 1.15196E-1 1.1705E-1 1.11717E-1 1.08102E-1 1.08003E-1 1.0752E-1 1.11755E-1 1.12767E-1 1.15983E-1 1.15049E-1 1.21507E-1 1.20392E-1 1.243E-1 1.26292E-1 1.21228E-1 1.18944E-1 1.21591E-1 1.23324E-1 1.24065E-1 1.17647E-1 1.1868E-1 1.18059E-1 1.18874E-1 1.18209E-1 1.21872E-1 1.17647E-1 1.16541E-1 1.22056E-1 1.18628E-1 1.22859E-1 1.19011E-1
1.03747E-1 1.04955E-1 1.12203E-1 1.15296E-1 1.13344E-1 1.15013E-1 1.16146E-1 1.20501E-1 1.16683E-1 1.18238E-1 1.08245E-1 1.07945E-1 1.0386E-1 9.47983E-2 1.12666E-1 1.34659E-1 1.33374E-1 1.25859E-1 1.19687E-1 1.13279E-1 1.12766E-1 1.15043E-1 1.19598E-1 1.1667E-1 1.23705E-1 1.12999E-1 1.10957E-1 1.14869E-1 1.17492E-1 1.17297E-1 1.22859E-1 1.21913E-1 1.19245E-1 1.1839E-1 1.18343E-1 1.17743E-1 1.17892E-1 1.20075E-1 1.201E-1 1.24601E-1 1.25863E-1 1.21043E-1 1.18964E-1 1.20681E-1 1.18861E-1 1.1746E-1 1.16514E-1 1.18996E-1 1.22922E-1 1.19874E-1 1.22269E-1 1.25836E-1 1.20011E-1 1.13409E-1 1.14618E-1 1.11816E-1 1.11291E-1 1.14431E-1 1.19742E-1 1.20116E-1 1.22002E-1
1.12939E-1 1.1279E-1 1.14567E-1 1.17481E-1 1.17627E-1 1.19731E-1 1.19058E-1 1.18021E-1 1.20615E-1 1.17569E-1 1.14104E-1 1.15555E-1 1.19677E-1 9.84304E-2 9.64501E-2 1.23609E-1 1.34951E-1 1.29952E-1 1.28235E-1 1.20024E-1 1.17606E-1 1.16606E-1 1.16001E-1 1.21215E-1 1.22657E-1 1.24016E-1 1.1951E-1 1.16164E-1 1.17347E-1 1.21619E-1 1.19684E-1 1.22678E-1 1.2556E-1 1.26292E-1 1.29986E-1 1.29881E-1 1.33855E-1 1.29902E-1 1.30108E-1 1.34777E-1 1.27933E-1 1.24424E-1 1.21087E-1 1.19402E-1 1.20464E-1 1.19102E-1 1.19864E-1 1.18741E-1 1.19432E-1 1.23598E-1 1.26965E-1 1.22502E-1 1.22684E-1 1.21092E-1 1.17692E-1 1.15131E-1 1.18503E-1 1.20338E-1 1.28648E-1 1.22081E-1 1.18203E-1
1.14333E-1 1.19572E-1 1.22576E-1 1.2286E-1 1.23547E-1 1.19468E-1 1.17147E-1 1.16783E-1 1.18636E-1 1.14907E-1 1.1603E-1 1.1807E-1 1.15882E-1 1.04403E-1 9.32502E-2 1.11387E-1 1.26476E-1 1.28999E-1 1.35716E-1 1.3077E-1 1.3299E-1 1.23892E-1 1.22139E-1 1.22642E-1 1.20841E-1 1.21526E-1 1.31351E-1 1.28861E-1 1.2254E-1 1.20119E-1 1.20319E-1 1.25485E-1 1.28774E-1 1.30778E-1 1.30906E-1 1.35915E-1 1.42046E-1 1.40425E-1 1.45613E-1 1.40535E-1 1.35457E-1 1.25035E-1 1.22213E-1 1.18835E-1 1.20457E-1 1.21522E-1 1.21344E-1 1.20409E-1 1.26789E-1 1.28495E-1 1.31891E-1 1.27518E-1 1.26865E-1 1.28979E-1 1.26785E-1 1.18892E-1 1.25631E-1 1.31832E-1 1.31975E-1 1.23488E-1 1.17627E-1
1.1524E-1 1.19976E-1 1.25518E-1 1.27491E-1 1.25819E-1 1.22791E-1 1.21073E-1 1.1813E-1 1.18182E-1 1.14894E-1 1.15512E-1 1.13369E-1 1.13294E-1 1.04309E-1 9.6467E-2 1.01972E-1 1.19876E-1 1.29508E-1 1.32752E-1 1.26888E-1 1.23395E-1 1.31285E-1 1.29423E-1 1.24359E-1 1.2503E-1 1.23449E-1 1.23876E-1 1.25156E-1 1.21179E-1 1.22969E-1 1.2739E-1 1.29904E-1 1.25312E-1 1.30006E-1 1.31621E-1 1.33602E-1 1.44524E-1 1.48966E-1 1.51842E-1 1.43002E-1 1.44876E-1 1.26965E-1 1.18055E-1 1.18075E-1 1.25231E-1 1.2762E-1 1.28821E-1 1.23904E-1 1.24791E-1 1.27503E-1 1.25326E-1 1.26277E-1 1.20924E-1 1.23212E-1 1.21419E-1 1.19392E-1 1.24054E-1 1.26632E-1 1.25808E-1 1.30345E-1 1.21816E-1
