maxent_outputs/bumblebees/bombus_120.asc
ncols         426
nrows         180
xllcorner     -130.0
yllcorner     24.0
cellsize      0.16666666666666666
NODATA_value  -9999
[rows 108 to 134 of 180, columns 122 to 182 of 426]
2.67799E-1 2.64649E-1 2.486E-1 2.40751E-1 2.52162E-1 2.67481E-1 2.70219E-1 2.65847E-1 2.61513E-1 2.59235E-1 2.47142E-1 2.41052E-1 2.37306E-1 2.17985E-1 2.14499E-1 2.11029E-1 2.29878E-1 2.3919E-1 2.34452E-1 2.25139E-1 2.55352E-1 2.60524E-1 2.61148E-1 2.19892E-1 2.02395E-1 2.43449E-1 2.49075E-1 2.49771E-1 2.58507E-1 2.60513E-1 2.81927E-1 3.07298E-1 2.97431E-1 2.77912E-1 3.12013E-1 3.2663E-1 3.15588E-1 3.17202E-1 3.31871E-1 3.39963E-1 3.45324E-1 3.5132E-1 3.58855E-1 3.67602E-1 3.77962E-1 3.82523E-1 3.87956E-1 3.87399E-1 3.92507E-1 4.02772E-1 4.14298E-1 4.22486E-1 4.29264E-1 4.313E-1 4.28391E-1 4.20386E-1 4.16675E-1 4.1991E-1 4.27606E-1 4.29749E-1 4.3233E-1
2.52064E-1 2.42798E-1 2.41766E-1 2.4673E-1 2.58597E-1 2.52556E-1 2.61808E-1 2.65175E-1 2.54407E-1 2.46673E-1 2.34611E-1 2.289E-1 2.31141E-1 2.39681E-1 2.46141E-1 2.39736E-1 2.526E-1 2.72483E-1 2.6401E-1 2.72826E-1 2.67551E-1 2.53992E-1 2.55378E-1 2.33566E-1 2.17365E-1 2.5234E-1 2.51737E-1 2.39651E-1 2.49586E-1 2.64276E-1 2.95923E-1 3.29111E-1 3.27627E-1 3.16789E-1 3.2491E-1 3.30407E-1 3.16552E-1 3.18038E-1 3.3237E-1 3.4594E-1 3.52634E-1 3.61155E-1 3.71057E-1 3.75382E-1 3.78419E-1 3.79027E-1 3.97291E-1 4.06344E-1 4.15926E-1 4.2127E-1 4.19691E-1 4.23354E-1 4.23003E-1 4.2865E-1 4.27842E-1 4.22725E-1 4.21686E-1 4.22827E-1 4.26512E-1 4.29497E-1 4.31264E-1
2.50924E-1 2.44502E-1 2.39814E-1 2.42822E-1 2.36684E-1 2.41446E-1 2.50213E-1 2.44537E-1 2.40142E-1 2.44691E-1 2.31427E-1 2.29212E-1 2.33609E-1 2.47894E-1 2.64422E-1 2.64633E-1 2.78969E-1 2.97395E-1 2.8383E-1 2.91078E-1 2.74358E-1 2.46929E-1 2.46369E-1 2.51181E-1 2.45016E-1 2.58009E-1 2.63795E-1 2.37841E-1 2.44477E-1 2.65043E-1 3.18076E-1 3.25055E-1 3.22742E-1 3.30384E-1 3.46366E-1 3.43982E-1 3.23709E-1 3.25055E-1 3.32818E-1 3.5117E-1 3.56992E-1 3.72153E-1 3.80009E-1 3.88168E-1 3.88268E-1 3.97897E-1 3.99711E-1 4.16458E-1 4.11985E-1 4.10443E-1 4.0644E-1 4.05327E-1 4.06395E-1 4.20842E-1 4.23175E-1 4.20759E-1 4.23848E-1 4.23352E-1 4.26566E-1 4.33995E-1 4.38455E-1
2.63847E-1 2.62251E-1 2.55834E-1 2.62356E-1 2.51775E-1 2.41184E-1 2.47983E-1 2.45139E-1 2.41566E-1 2.35494E-1 2.32333E-1 2.33067E-1 2.36478E-1 2.14649E-1 2.68013E-1 2.79339E-1 2.80183E-1 2.88938E-1 2.95775E-1 3.02596E-1 2.85689E-1 2.73842E-1 2.5194E-1 2.39017E-1 2.51079E-1 2.8321E-1 2.95202E-1 3.01695E-1 2.92522E-1 3.11452E-1 3.27848E-1 3.31681E-1 3.41171E-1 3.49745E-1 3.65947E-1 3.63416E-1 3.47206E-1 3.34796E-1 3.43063E-1 3.62759E-1 3.6987E-1 3.82051E-1 3.89809E-1 4.0032E-1 4.06611E-1 4.09439E-1 4.13572E-1 4.11397E-1 3.93046E-1 3.9E-1 3.8743E-1 3.88802E-1 4.07412E-1 4.23497E-1 4.31407E-1 4.32212E-1 4.32411E-1 4.29687E-1 4.30142E-1 4.31616E-1 4.40535E-1
2.73715E-1 2.67171E-1 2.6596E-1 2.56867E-1 2.42238E-1 2.42524E-1 2.41674E-1 2.43943E-1 2.38748E-1 2.42538E-1 2.31878E-1 2.39534E-1 2.45132E-1 2.52394E-1 2.74836E-1 2.7927E-1 2.77733E-1 2.93838E-1 3.17544E-1 2.9821E-1 2.80859E-1 2.59719E-1 2.48437E-1 2.28519E-1 2.5697E-1 2.94601E-1 3.08538E-1 3.10566E-1 3.07125E-1 3.06663E-1 3.21253E-1 3.35763E-1 3.35287E-1 3.44554E-1 3.69994E-1 3.67124E-1 3.56239E-1 3.51827E-1 3.59499E-1 3.67111E-1 3.73259E-1 3.67691E-1 3.63007E-1 3.70975E-1 3.80118E-1 3.9134E-1 4.0462E-1 3.95819E-1 3.79763E-1 3.76547E-1 3.84124E-1 3.88618E-1 4.06084E-1 4.24154E-1 4.30675E-1 4.40634E-1 4.43978E-1 4.3949E-1 4.33975E-1 4.36886E-1 4.45335E-1
2.76962E-1 2.70847E-1 2.63754E-1 2.49229E-1 2.49732E-1 2.51392E-1 2.41558E-1 2.22731E-1 2.29958E-1 2.37011E-1 2.47781E-1 2.5232E-1 2.67697E-1 2.74347E-1 2.75365E-1 2.87275E-1 2.76788E-1 3.06829E-1 3.30677E-1 3.02211E-1 2.69205E-1 2.59591E-1 2.51834E-1 2.28981E-1 2.60935E-1 2.81899E-1 2.93877E-1 3.02512E-1 3.17895E-1 3.25521E-1 3.2318E-1 3.26988E-1 3.32057E-1 3.47139E-1 3.60148E-1 3.69078E-1 3.71881E-1 3.68522E-1 3.67655E-1 3.71073E-1 3.67744E-1 3.5724E-1 3.59353E-1 3.64662E-1 3.6029E-1 3.64102E-1 3.7333E-1 3.8117E-1 3.76797E-1 3.78003E-1 3.87832E-1 4.00726E-1 4.12261E-1 4.24868E-1 4.38818E-1 4.48381E-1 4.52791E-1 4.51256E-1 4.5123E-1 4.49426E-1 4.51433E-1
2.8308E-1 2.68544E-1 2.62798E-1 2.53897E-1 2.46569E-1 2.37641E-1 2.31871E-1 2.14956E-1 2.1028E-1 2.28305E-1 2.51471E-1 2.45636E-1 2.63456E-1 2.72506E-1 2.67131E-1 2.8441E-1 2.8123E-1 3.02109E-1 2.96882E-1 2.96556E-1 2.74971E-1 2.63511E-1 2.53274E-1 2.44415E-1 2.49874E-1 2.77549E-1 2.92406E-1 3.03693E-1 3.17172E-1 3.32728E-1 3.28928E-1 3.17446E-1 3.17692E-1 3.26474E-1 3.52015E-1 3.58551E-1 3.64556E-1 3.56858E-1 3.57315E-1 3.60622E-1 3.59186E-1 3.59067E-1 3.59311E-1 3.63094E-1 3.62234E-1 3.64339E-1 3.69612E-1 3.81735E-1 4.14398E-1 4.1209E-1 4.08035E-1 4.22507E-1 4.20317E-1 4.34399E-1 4.50788E-1 4.58336E-1 4.65545E-1 4.67363E-1 4.69346E-1 4.67833E-1 4.66407E-1
2.80965E-1 2.71459E-1 2.62694E-1 2.5416E-1 2.42692E-1 2.24421E-1 2.10283E-1 2.047E-1 2.13711E-1 2.13501E-1 2.24796E-1 2.21742E-1 2.36704E-1 2.68762E-1 2.67804E-1 2.8665E-1 2.85633E-1 3.01821E-1 2.9637E-1 2.91691E-1 2.75151E-1 2.60887E-1 2.55504E-1 2.46614E-1 2.51609E-1 2.6373E-1 2.86919E-1 2.9789E-1 3.0654E-1 3.22654E-1 3.42354E-1 3.33041E-1 3.2563E-1 3.19754E-1 3.18393E-1 3.21855E-1 3.28443E-1 3.33017E-1 3.43356E-1 3.48626E-1 3.57465E-1 3.64611E-1 3.66842E-1 3.67178E-1 3.64038E-1 3.61376E-1 3.60002E-1 3.63996E-1 3.75223E-1 4.11102E-1 4.38815E-1 4.32588E-1 4.40201E-1 4.52505E-1 4.64781E-1 4.66446E-1 4.76379E-1 4.80602E-1 4.85979E-1 4.83479E-1 4.79999E-1
2.85023E-1 2.70716E-1 2.62273E-1 2.54021E-1 2.37632E-1 2.29417E-1 2.17666E-1 2.09701E-1 2.0452E-1 1.95712E-1 2.15485E-1 2.32513E-1 2.41765E-1 2.5989E-1 2.68877E-1 2.83669E-1 2.84744E-1 2.90343E-1 2.95977E-1 2.87886E-1 2.70772E-1 2.67406E-1 2.65166E-1 2.5244E-1 2.52714E-1 2.56565E-1 2.75125E-1 2.94815E-1 3.06029E-1 3.21477E-1 3.32055E-1 3.42862E-1 3.39528E-1 3.35919E-1 3.35181E-1 3.30102E-1 3.29021E-1 3.38225E-1 3.48518E-1 3.52602E-1 3.59609E-1 3.71035E-1 3.71523E-1 3.66346E-1 3.65268E-1 3.64131E-1 3.64903E-1 3.71913E-1 3.79104E-1 4.01297E-1 4.29819E-1 4.52745E-1 4.58646E-1 4.65312E-1 4.79089E-1 4.79099E-1 4.90686E-1 4.96937E-1 4.99604E-1 4.96938E-1 4.95701E-1
2.74484E-1 2.76161E-1 2.56123E-1 2.38041E-1 2.27204E-1 2.19032E-1 2.144E-1 2.0638E-1 2.00336E-1 1.97854E-1 2.24103E-1 2.35928E-1 2.48467E-1 2.61968E-1 2.75689E-1 2.88559E-1 2.87477E-1 2.84122E-1 2.94694E-1 2.89567E-1 2.6612E-1 2.539E-1 2.66577E-1 2.66594E-1 2.63082E-1 2.76498E-1 2.81296E-1 2.90192E-1 3.04409E-1 3.20794E-1 3.26426E-1 3.36765E-1 3.52585E-1 3.48558E-1 3.47817E-1 3.42147E-1 3.40021E-1 3.42098E-1 3.55237E-1 3.57979E-1 3.62502E-1 3.69452E-1 3.72531E-1 3.73759E-1 3.73257E-1 3.77312E-1 3.78894E-1 3.86764E-1 3.93543E-1 3.92052E-1 3.97847E-1 4.45329E-1 4.59517E-1 4.72322E-1 4.85573E-1 4.91925E-1 4.92548E-1 5.00149E-1 5.09061E-1 5.1404E-1 5.1348E-1
2.49331E-1 2.4955E-1 2.39121E-1 2.17772E-1 2.09445E-1 2.03605E-1 1.99195E-1 2.03661E-1 1.98359E-1 2.01554E-1 2.17774E-1 2.19462E-1 2.15194E-1 2.38048E-1 2.63691E-1 2.77408E-1 2.96628E-1 2.84779E-1 2.85451E-1 2.75735E-1 2.71591E-1 2.55018E-1 2.60926E-1 2.6227E-1 2.70654E-1 2.85892E-1 2.92171E-1 2.97157E-1 3.09144E-1 3.28959E-1 3.37536E-1 3.44834E-1 3.53244E-1 3.49284E-1 3.44515E-1 3.53466E-1 3.56961E-1 3.56101E-1 3.57155E-1 3.60255E-1 3.63671E-1 3.7059E-1 3.79466E-1 3.81173E-1 3.83361E-1 3.88141E-1 3.96949E-1 4.12793E-1 4.15936E-1 4.08356E-1 4.18346E-1 4.55755E-1 4.62394E-1 4.77372E-1 4.91901E-1 5.03209E-1 5.12923E-1 5.1397E-1 5.21093E-1 5.24734E-1 5.23048E-1
2.1912E-1 2.26905E-1 2.22172E-1 2.07617E-1 1.95675E-1 2.01174E-1 2.04457E-1 1.99736E-1 2.10225E-1 2.06457E-1 2.10081E-1 2.02969E-1 2.02655E-1 2.21488E-1 2.47837E-1 2.75936E-1 3.06805E-1 2.93862E-1 2.82995E-1 2.73838E-1 2.76232E-1 2.61491E-1 2.60341E-1 2.60263E-1 2.71092E-1 2.92562E-1 3.03829E-1 3.08533E-1 3.18827E-1 3.27504E-1 3.39456E-1 3.45508E-1 3.4952E-1 3.4765E-1 3.47898E-1 3.51412E-1 3.58535E-1 3.63599E-1 3.70459E-1 3.72937E-1 3.73521E-1 3.74323E-1 3.84134E-1 3.90878E-1 3.90107E-1 3.97462E-1 4.11122E-1 4.23848E-1 4.27298E-1 4.26932E-1 4.24694E-1 4.516E-1 4.77235E-1 4.81352E-1 4.94203E-1 5.0542E-1 5.13209E-1 5.10585E-1 5.23435E-1 5.27859E-1 5.31296E-1
2.16905E-1 1.92426E-1 2.02855E-1 2.1085E-1 2.04884E-1 2.07321E-1 2.13643E-1 2.0712E-1 2.06505E-1 1.99423E-1 2.02261E-1 2.0452E-1 2.18769E-1 2.44299E-1 2.64844E-1 2.83873E-1 3.07707E-1 2.98208E-1 2.84305E-1 2.8387E-1 2.75847E-1 2.77302E-1 2.74183E-1 2.69849E-1 2.7321E-1 2.79793E-1 2.96131E-1 3.13986E-1 3.25347E-1 3.3042E-1 3.36766E-1 3.45641E-1 3.47735E-1 3.49087E-1 3.44893E-1 3.5027E-1 3.54382E-1 3.56899E-1 3.61047E-1 3.64268E-1 3.68013E-1 3.76999E-1 3.89519E-1 3.9601E-1 3.97682E-1 4.05056E-1 4.19361E-1 4.27205E-1 4.29535E-1 4.356E-1 4.41665E-1 4.55111E-1 4.78693E-1 4.86334E-1 4.97726E-1 5.09288E-1 5.1397E-1 5.18748E-1 5.22511E-1 5.24008E-1 5.33763E-1
2.46584E-1 2.25953E-1 2.14724E-1 2.28405E-1 2.25956E-1 2.42659E-1 2.185E-1 2.1069E-1 1.98678E-1 1.99797E-1 2.02195E-1 2.12336E-1 2.26936E-1 2.54861E-1 2.84499E-1 2.9629E-1 3.01013E-1 2.90481E-1 2.89549E-1 2.96707E-1 2.96163E-1 2.98401E-1 2.99452E-1 2.80293E-1 2.77257E-1 2.88051E-1 3.01933E-1 3.14999E-1 3.29027E-1 3.36111E-1 3.43124E-1 3.41903E-1 3.48131E-1 3.46003E-1 3.38772E-1 3.45014E-1 3.49253E-1 3.52303E-1 3.59392E-1 3.65631E-1 3.73713E-1 3.85047E-1 4.00904E-1 4.13032E-1 4.13056E-1 4.19316E-1 4.27457E-1 4.33503E-1 4.37847E-1 4.4405E-1 4.62261E-1 4.67134E-1 4.88217E-1 4.93809E-1 5.02805E-1 5.01406E-1 5.08518E-1 5.23016E-1 5.26735E-1 5.35734E-1 5.46943E-1
2.76716E-1 2.63577E-1 2.67871E-1 2.59837E-1 2.66845E-1 2.43095E-1 2.10794E-1 1.96074E-1 1.98986E-1 1.9929E-1 1.92576E-1 2.25469E-1 2.45932E-1 2.65923E-1 2.95526E-1 3.0309E-1 2.97449E-1 2.95019E-1 2.93423E-1 3.16313E-1 3.2405E-1 3.25592E-1 3.15322E-1 2.77973E-1 2.57712E-1 2.71896E-1 2.97379E-1 3.26994E-1 3.39732E-1 3.44027E-1 3.53844E-1 3.45459E-1 3.49972E-1 3.49301E-1 3.48064E-1 3.43368E-1 3.46134E-1 3.5381E-1 3.59188E-1 3.67906E-1 3.82087E-1 3.95747E-1 4.09249E-1 4.20982E-1 4.28005E-1 4.31749E-1 4.54049E-1 4.52379E-1 4.49725E-1 4.56528E-1 4.70299E-1 4.861E-1 4.86773E-1 4.93914E-1 4.99213E-1 5.01573E-1 5.08745E-1 5.27312E-1 5.30445E-1 5.41164E-1 5.42103E-1
3.04446E-1 3.00085E-1 3.1063E-1 2.9002E-1 2.96164E-1 2.51598E-1 2.09908E-1 1.98768E-1 2.05901E-1 2.14341E-1 2.11514E-1 2.36316E-1 2.61811E-1 2.94554E-1 3.06573E-1 3.15974E-1 3.03192E-1 3.08349E-1 3.11813E-1 3.42287E-1 3.54287E-1 3.46621E-1 3.06145E-1 2.45927E-1 2.65995E-1 2.92029E-1 3.07041E-1 3.26806E-1 3.49335E-1 3.54219E-1 3.66527E-1 3.6093E-1 3.54792E-1 3.54405E-1 3.57075E-1 3.53129E-1 3.54753E-1 3.61821E-1 3.68925E-1 3.78043E-1 3.87613E-1 3.99636E-1 4.18865E-1 4.26626E-1 4.28351E-1 4.34225E-1 4.44854E-1 4.52512E-1 4.67225E-1 4.84652E-1 4.89237E-1 4.92181E-1 4.8913E-1 4.92647E-1 5.10391E-1 5.13305E-1 5.22126E-1 5.38273E-1 5.39886E-1 5.46584E-1 5.46164E-1
3.27947E-1 3.14776E-1 3.41665E-1 3.18658E-1 3.09442E-1 2.68734E-1 2.34317E-1 2.29635E-1 2.41935E-1 2.30756E-1 2.23226E-1 2.49145E-1 2.80418E-1 2.98257E-1 3.16975E-1 3.25464E-1 3.08527E-1 2.99914E-1 3.28258E-1 3.56897E-1 3.56834E-1 3.58975E-1 3.1821E-1 2.64096E-1 2.51477E-1 2.73025E-1 2.9761E-1 3.18893E-1 3.49315E-1 3.6368E-1 3.67112E-1 3.70827E-1 3.64738E-1 3.63108E-1 3.64743E-1 3.54857E-1 3.59475E-1 3.70066E-1 3.80772E-1 3.90218E-1 3.98218E-1 4.12676E-1 4.22846E-1 4.31125E-1 4.35427E-1 4.41014E-1 4.50023E-1 4.59547E-1 4.67173E-1 4.89299E-1 4.96111E-1 4.98858E-1 4.97829E-1 5.03704E-1 5.11246E-1 5.23575E-1 5.3241E-1 5.45937E-1 5.48953E-1 5.55345E-1 5.61818E-1
3.6076E-1 3.6458E-1 3.62602E-1 3.07184E-1 2.84838E-1 2.90495E-1 2.91469E-1 2.73605E-1 2.59826E-1 2.38504E-1 2.25671E-1 2.5673E-1 2.88375E-1 3.09951E-1 3.30551E-1 3.1549E-1 3.1035E-1 3.11673E-1 3.50107E-1 3.50628E-1 3.55648E-1 3.66089E-1 3.40918E-1 2.55392E-1 2.45269E-1 2.72717E-1 2.96165E-1 3.21403E-1 3.54649E-1 3.68931E-1 3.73308E-1 3.73727E-1 3.78516E-1 3.7695E-1 3.7576E-1 3.56102E-1 3.61333E-1 3.76547E-1 3.88571E-1 3.99543E-1 4.10189E-1 4.23722E-1 4.3394E-1 4.36979E-1 4.40591E-1 4.45529E-1 4.54197E-1 4.63189E-1 4.76165E-1 4.9637E-1 5.03218E-1 5.08683E-1 5.09411E-1 5.13677E-1 5.17045E-1 5.24089E-1 5.34389E-1 5.44017E-1 5.5239E-1 5.70213E-1 5.7973E-1
4.04635E-1 3.88923E-1 3.6253E-1 3.40472E-1 2.96903E-1 2.98356E-1 3.06196E-1 2.89475E-1 2.569E-1 2.48871E-1 2.53143E-1 2.64157E-1 3.03719E-1 3.18905E-1 3.31112E-1 3.18931E-1 3.19273E-1 3.24719E-1 3.51071E-1 3.61558E-1 3.54957E-1 3.59422E-1 3.52224E-1 2.46615E-1 2.55587E-1 2.81621E-1 3.0039E-1 3.27554E-1 3.57232E-1 3.75466E-1 3.85244E-1 3.8868E-1 3.8249E-1 3.80298E-1 3.76374E-1 3.61662E-1 3.68122E-1 3.83037E-1 3.98237E-1 4.08716E-1 4.23274E-1 4.32515E-1 4.39656E-1 4.41086E-1 4.48309E-1 4.50121E-1 4.47445E-1 4.58347E-1 4.70668E-1 4.93272E-1 4.99563E-1 4.96212E-1 5.06226E-1 5.17489E-1 5.24713E-1 5.28469E-1 5.32829E-1 5.35705E-1 5.48223E-1 5.68433E-1 5.83593E-1
3.89156E-1 3.83132E-1 3.60804E-1 3.40982E-1 3.3361E-1 3.30717E-1 3.17215E-1 2.92501E-1 2.81411E-1 2.84211E-1 2.88838E-1 2.87022E-1 3.09635E-1 3.20094E-1 3.31112E-1 3.28769E-1 3.19766E-1 3.22764E-1 3.42209E-1 3.574E-1 3.46413E-1 3.51418E-1 3.46052E-1 2.46189E-1 2.52398E-1 2.75357E-1 3.01602E-1 3.26526E-1 3.52943E-1 3.72029E-1 3.77682E-1 3.82194E-1 3.82483E-1 3.81497E-1 3.77919E-1 3.68935E-1 3.7593E-1 3.92304E-1 4.07633E-1 4.23196E-1 4.30153E-1 4.37718E-1 4.43053E-1 4.43841E-1 4.4715E-1 4.40186E-1 4.39357E-1 4.57766E-1 4.80901E-1 4.85931E-1 4.80478E-1 4.89514E-1 4.99203E-1 5.0769E-1 5.19554E-1 5.24023E-1 5.28188E-1 5.36314E-1 5.4475E-1 5.71175E-1 5.86673E-1
3.74158E-1 3.77822E-1 3.60861E-1 3.36348E-1 3.27536E-1 3.15842E-1 3.06997E-1 2.88647E-1 2.96472E-1 3.01278E-1 3.0819E-1 3.06379E-1 3.19418E-1 3.17486E-1 3.24553E-1 3.42011E-1 3.28942E-1 3.1684E-1 3.31217E-1 3.5975E-1 3.44864E-1 3.51362E-1 3.56942E-1 3.1897E-1 2.89865E-1 2.90909E-1 3.09281E-1 3.15754E-1 3.4708E-1 3.73999E-1 3.85473E-1 3.90743E-1 3.90361E-1 3.84937E-1 3.91917E-1 3.89848E-1 3.91342E-1 4.02481E-1 4.16028E-1 4.25965E-1 4.30897E-1 4.39772E-1 4.46334E-1 4.49327E-1 4.43357E-1 4.39476E-1 4.35445E-1 4.43815E-1 4.71218E-1 4.78331E-1 4.79065E-1 4.86041E-1 4.92728E-1 4.97922E-1 5.07499E-1 5.19555E-1 5.32447E-1 5.40096E-1 5.55066E-1 5.8147E-1 5.93913E-1
3.68662E-1 3.62467E-1 3.59839E-1 3.44186E-1 3.19115E-1 3.19731E-1 3.18875E-1 3.10225E-1 3.14572E-1 3.1588E-1 3.14007E-1 3.39062E-1 3.36898E-1 3.23394E-1 3.22093E-1 3.22658E-1 3.39297E-1 3.3668E-1 3.38759E-1 3.55886E-1 3.46712E-1 3.55457E-1 3.48648E-1 3.27674E-1 3.30277E-1 3.28689E-1 3.42332E-1 3.34049E-1 3.27263E-1 3.65146E-1 3.84086E-1 4.04567E-1 4.05083E-1 3.97721E-1 4.03013E-1 3.96796E-1 3.95443E-1 4.06275E-1 4.19074E-1 4.24435E-1 4.30254E-1 4.45078E-1 4.54668E-1 4.54977E-1 4.54147E-1 4.47804E-1 4.4782E-1 4.4945E-1 4.52156E-1 4.57264E-1 4.76718E-1 4.80662E-1 4.87896E-1 4.91102E-1 4.98391E-1 5.15082E-1 5.31487E-1 5.51043E-1 5.68538E-1 5.91607E-1 5.96972E-1
3.5156E-1 3.68873E-1 3.58839E-1 3.58752E-1 3.28878E-1 3.34691E-1 3.28912E-1 3.29109E-1 3.24518E-1 3.31909E-1 3.32104E-1 3.40112E-1 3.47474E-1 3.39283E-1 3.271E-1 3.2161E-1 3.26295E-1 3.56176E-1 3.46032E-1 3.58188E-1 3.44692E-1 3.47678E-1 3.36626E-1 3.25844E-1 3.33501E-1 3.44363E-1 3.601E-1 3.71459E-1 3.4449E-1 3.49042E-1 3.78657E-1 3.96531E-1 3.94337E-1 3.97731E-1 4.04151E-1 3.95642E-1 4.0157E-1 4.13372E-1 4.18645E-1 4.23852E-1 4.27425E-1 4.3978E-1 4.5365E-1 4.58759E-1 4.56706E-1 4.52016E-1 4.48151E-1 4.64445E-1 4.76323E-1 4.73884E-1 4.79922E-1 4.83315E-1 4.8747E-1 4.96077E-1 5.02213E-1 5.03696E-1 5.14985E-1 5.34941E-1 5.64389E-1 5.82944E-1 5.92658E-1
3.36765E-1 3.2402E-1 3.37676E-1 3.47845E-1 3.34973E-1 3.31416E-1 3.32613E-1 3.26687E-1 3.27962E-1 3.36373E-1 3.36265E-1 3.41397E-1 3.69385E-1 3.52456E-1 3.40721E-1 3.40885E-1 3.32536E-1 3.43047E-1 3.52221E-1 3.45722E-1 3.43396E-1 3.49713E-1 3.25191E-1 3.22781E-1 3.37901E-1 3.53553E-1 3.61812E-1 3.68901E-1 3.45512E-1 3.36067E-1 3.79302E-1 3.74478E-1 3.7821E-1 3.8704E-1 3.97255E-1 3.95537E-1 4.02337E-1 4.08167E-1 4.18581E-1 4.25243E-1 4.31346E-1 4.41368E-1 4.54405E-1 4.6569E-1 4.66392E-1 4.69154E-1 4.63457E-1 4.70081E-1 4.79057E-1 4.72535E-1 4.73888E-1 4.79946E-1 4.91425E-1 5.03296E-1 5.11856E-1 5.16692E-1 5.32198E-1 5.35171E-1 5.55419E-1 5.75332E-1 5.90503E-1
3.2244E-1 3.05712E-1 2.80421E-1 3.33272E-1 3.3422E-1 3.28315E-1 3.39292E-1 3.38151E-1 3.33024E-1 3.42673E-1 3.49138E-1 3.64119E-1 3.63099E-1 3.5612E-1 3.50815E-1 3.52762E-1 3.44115E-1 3.36799E-1 3.7242E-1 3.78218E-1 3.53335E-1 3.53463E-1 3.23919E-1 3.25411E-1 3.34403E-1 3.59323E-1 3.68923E-1 3.6377E-1 3.66555E-1 3.65029E-1 3.71218E-1 3.6848E-1 3.77073E-1 3.88997E-1 3.97851E-1 4.02631E-1 4.06301E-1 4.1457E-1 4.201E-1 4.25485E-1 4.29863E-1 4.44771E-1 4.55075E-1 4.73928E-1 4.81855E-1 4.81896E-1 4.788E-1 4.79172E-1 4.76327E-1 4.69329E-1 4.66499E-1 4.70986E-1 4.78606E-1 5.01809E-1 5.27325E-1 5.32086E-1 5.42408E-1 5.4626E-1 5.58845E-1 5.75545E-1 5.90034E-1
3.30289E-1 2.99675E-1 2.90996E-1 3.26609E-1 3.14013E-1 3.13415E-1 3.39759E-1 3.46175E-1 3.50108E-1 3.49388E-1 3.58038E-1 3.58366E-1 3.66557E-1 3.65234E-1 3.60444E-1 3.47921E-1 3.42477E-1 3.40246E-1 3.67503E-1 4.06987E-1 3.67174E-1 3.50887E-1 3.39916E-1 3.27535E-1 3.35129E-1 3.47966E-1 3.62049E-1 3.65655E-1 3.71133E-1 3.67772E-1 3.69948E-1 3.69961E-1 3.80131E-1 3.87648E-1 3.96098E-1 4.02965E-1 4.13778E-1 4.14109E-1 4.21045E-1 4.26275E-1 4.33819E-1 4.36753E-1 4.51629E-1 4.66663E-1 4.75244E-1 4.80129E-1 4.80868E-1 4.76133E-1 4.66802E-1 4.67957E-1 4.68056E-1 4.75228E-1 4.86216E-1 5.02273E-1 5.15885E-1 5.40717E-1 5.50791E-1 5.62631E-1 5.71603E-1 5.74675E-1 5.84817E-1
3.28854E-1 3.17466E-1 3.19482E-1 3.17095E-1 2.97409E-1 3.02906E-1 3.34635E-1 3.38739E-1 3.52288E-1 3.51201E-1 3.65799E-1 3.6806E-1 3.68568E-1 3.66303E-1 3.57057E-1 3.52913E-1 3.48996E-1 3.50639E-1 3.56144E-1 3.70377E-1 3.65112E-1 3.42015E-1 3.43574E-1 3.30371E-1 3.34681E-1 3.47101E-1 3.55852E-1 3.71213E-1 3.69226E-1 3.7958E-1 3.63925E-1 3.71469E-1 3.81454E-1 3.90579E-1 3.9806E-1 4.08962E-1 4.17574E-1 4.25618E-1 4.25728E-1 4.30039E-1 4.37928E-1 4.41749E-1 4.47495E-1 4.59069E-1 4.71192E-1 4.76998E-1 4.78244E-1 4.73938E-1 4.71447E-1 4.70182E-1 4.71886E-1 4.81692E-1 4.98435E-1 5.13637E-1 5.24809E-1 5.36277E-1 5.45332E-1 5.57313E-1 5.68034E-1 5.88555E-1 5.95561E-1
