maxent_outputs/bumblebees/bombus_56.asc
ncols         426
nrows         180
xllcorner     -130.0
yllcorner     24.0
cellsize      0.16666666666666666
NODATA_value  -9999
[rows 54 to 80 of 180, columns 183 to 243 of 426]
3.94292E-2 4.06159E-2 4.84643E-2 5.31506E-2 5.25596E-2 5.09653E-2 5.03878E-2 4.76967E-2 4.68133E-2 4.44576E-2 4.18474E-2 4.28733E-2 4.47331E-2 4.5809E-2 4.04657E-2 3.57871E-2 4.19854E-2 4.78107E-2 5.70971E-2 5.49064E-2 5.35547E-2 5.17371E-2 5.22702E-2 5.07722E-2 4.92912E-2 4.6942E-2 4.73889E-2 4.92026E-2 4.6974E-2 4.84047E-2 5.14095E-2 4.96803E-2 4.86782E-2 5.09349E-2 5.58861E-2 6.26299E-2 6.51037E-2 6.89741E-2 6.768E-2 5.86949E-2 6.45463E-2 5.20624E-2 4.73826E-2 4.65378E-2 5.10755E-2 5.55624E-2 5.40418E-2 5.35764E-2 5.81128E-2 5.51401E-2 5.26799E-2 4.99174E-2 4.85363E-2 4.81348E-2 4.5653E-2 4.69027E-2 4.76195E-2 4.73653E-2 5.15819E-2 5.71746E-2 5.22569E-2
4.07279E-2 4.35386E-2 4.75764E-2 4.93062E-2 5.13016E-2 5.40404E-2 5.04384E-2 4.80635E-2 4.6598E-2 4.5141E-2 4.21892E-2 4.68809E-2 4.33847E-2 4.36955E-2 4.17566E-2 3.83773E-2 3.82322E-2 4.13176E-2 5.09699E-2 5.53105E-2 5.34509E-2 5.31567E-2 5.22818E-2 5.42817E-2 5.72777E-2 5.14144E-2 5.03659E-2 4.97554E-2 4.81312E-2 4.95254E-2 5.10597E-2 5.18767E-2 5.12357E-2 5.2174E-2 5.44119E-2 6.06623E-2 6.44044E-2 6.53894E-2 6.28793E-2 6.58894E-2 6.56025E-2 5.59564E-2 5.40143E-2 5.31588E-2 5.78076E-2 6.14432E-2 5.87259E-2 6.02809E-2 5.89043E-2 5.32242E-2 5.33632E-2 5.22876E-2 5.00323E-2 4.93654E-2 4.77556E-2 4.98946E-2 5.26997E-2 5.80329E-2 6.56455E-2 6.40229E-2 6.05052E-2
4.41411E-2 4.70776E-2 5.11225E-2 5.25835E-2 5.41532E-2 5.71222E-2 5.62821E-2 5.07993E-2 4.97892E-2 4.76456E-2 4.4132E-2 4.31599E-2 4.28679E-2 4.54606E-2 4.94659E-2 4.38025E-2 3.95775E-2 3.73124E-2 4.20957E-2 4.95255E-2 5.4705E-2 5.56978E-2 5.5318E-2 5.63671E-2 5.5027E-2 5.50534E-2 5.98484E-2 5.70782E-2 5.2325E-2 5.23889E-2 5.08337E-2 5.27457E-2 5.29969E-2 5.91353E-2 5.33205E-2 5.45056E-2 5.67753E-2 5.91801E-2 5.90659E-2 6.03353E-2 6.2066E-2 7.04381E-2 7.06686E-2 6.18338E-2 6.40936E-2 6.41539E-2 6.05116E-2 5.80209E-2 5.53883E-2 5.02512E-2 4.8967E-2 4.73856E-2 4.93701E-2 4.99898E-2 4.85495E-2 4.89226E-2 5.1637E-2 5.5653E-2 6.00462E-2 6.67161E-2 6.00111E-2
4.11149E-2 4.14152E-2 4.5304E-2 4.74951E-2 5.30676E-2 5.77489E-2 5.85414E-2 5.75425E-2 5.47924E-2 5.14576E-2 4.71343E-2 4.59344E-2 4.6617E-2 4.62394E-2 4.40989E-2 4.69952E-2 4.40718E-2 4.00018E-2 3.88209E-2 4.21118E-2 4.73895E-2 5.32854E-2 5.72222E-2 5.72704E-2 5.71445E-2 5.63907E-2 5.54926E-2 5.43026E-2 5.83183E-2 5.98963E-2 5.62759E-2 5.47558E-2 5.44136E-2 5.94438E-2 5.15264E-2 5.35243E-2 5.65622E-2 5.70633E-2 5.53673E-2 5.75775E-2 5.54509E-2 5.59984E-2 5.75052E-2 6.90546E-2 7.61201E-2 7.36438E-2 6.45136E-2 5.99184E-2 5.89983E-2 5.33272E-2 5.10622E-2 4.83133E-2 5.72378E-2 5.41099E-2 5.04867E-2 5.25787E-2 5.88991E-2 6.34242E-2 6.71397E-2 6.02379E-2 6.06247E-2
4.6161E-2 4.47017E-2 4.49947E-2 4.47321E-2 4.86334E-2 6.06198E-2 5.87199E-2 5.96655E-2 5.77113E-2 5.53243E-2 5.2391E-2 5.03777E-2 5.54994E-2 4.67482E-2 4.57539E-2 4.67923E-2 4.76324E-2 4.3166E-2 3.9302E-2 4.13935E-2 4.43566E-2 4.73102E-2 5.00072E-2 5.35028E-2 5.78946E-2 5.85873E-2 5.81778E-2 5.7659E-2 5.87544E-2 6E-2 6.21139E-2 6.50144E-2 5.92894E-2 6.15686E-2 5.82454E-2 5.60188E-2 5.58269E-2 5.39331E-2 5.05586E-2 5.22846E-2 5.48757E-2 5.75837E-2 6.1326E-2 6.33414E-2 6.47083E-2 7.94544E-2 6.79969E-2 6.46902E-2 6.09373E-2 5.88939E-2 5.62305E-2 5.6666E-2 5.6892E-2 5.87739E-2 5.878E-2 6.04922E-2 6.51951E-2 7.29848E-2 6.54951E-2 5.79882E-2 5.84855E-2
6.1671E-2 5.462E-2 5.11499E-2 4.88864E-2 4.61051E-2 5.67496E-2 6.55278E-2 6.46369E-2 6.18429E-2 5.97106E-2 5.61129E-2 5.16124E-2 4.82822E-2 4.48486E-2 4.62004E-2 4.65439E-2 4.67096E-2 4.64291E-2 4.32895E-2 4.10395E-2 4.2109E-2 4.53042E-2 4.94068E-2 4.89864E-2 5.11918E-2 5.29886E-2 5.44643E-2 5.69311E-2 5.98567E-2 6.12945E-2 5.95029E-2 5.83935E-2 6.30469E-2 5.78443E-2 5.39751E-2 5.09838E-2 5.12847E-2 5.04496E-2 4.87878E-2 5.03833E-2 5.35453E-2 5.88193E-2 5.9685E-2 5.61506E-2 6.02952E-2 6.25122E-2 7.53505E-2 7.57919E-2 7.12777E-2 6.72381E-2 6.60984E-2 5.95252E-2 5.73794E-2 6.22242E-2 6.84356E-2 6.98119E-2 7.72299E-2 8.02223E-2 6.76845E-2 6.4384E-2 6.84935E-2
6.10382E-2 6.0351E-2 5.8121E-2 5.35533E-2 5.2164E-2 5.93044E-2 7.01744E-2 7.02555E-2 6.63931E-2 6.31291E-2 6.2155E-2 5.57925E-2 4.94134E-2 4.59393E-2 4.74534E-2 5.03392E-2 5.01891E-2 4.94339E-2 4.43199E-2 4.35692E-2 4.40506E-2 4.26655E-2 4.64524E-2 4.77011E-2 5.1177E-2 5.04214E-2 5.2715E-2 5.33029E-2 5.75173E-2 6.02083E-2 5.99781E-2 5.85402E-2 5.91464E-2 5.73577E-2 5.49874E-2 5.2894E-2 5.09644E-2 4.94984E-2 4.73358E-2 4.85462E-2 5.07369E-2 5.40206E-2 5.70763E-2 5.60431E-2 5.50389E-2 5.63697E-2 5.68322E-2 6.31489E-2 7.61562E-2 8.46544E-2 6.99858E-2 6.57931E-2 6.391E-2 5.98683E-2 6.37332E-2 7.30487E-2 7.96338E-2 8.48591E-2 7.33462E-2 7.32655E-2 8.03297E-2
7.56034E-2 6.12156E-2 5.8671E-2 5.78152E-2 6.21095E-2 6.2529E-2 6.83033E-2 6.99895E-2 7.29916E-2 7.0733E-2 6.23079E-2 5.89881E-2 5.15779E-2 4.76454E-2 4.69664E-2 4.89767E-2 5.18461E-2 5.00036E-2 4.49233E-2 4.56619E-2 4.81531E-2 4.44441E-2 4.45027E-2 4.67418E-2 4.9991E-2 5.48088E-2 5.20681E-2 5.24708E-2 5.66512E-2 5.85645E-2 6.1254E-2 5.84716E-2 5.81441E-2 5.63287E-2 5.49304E-2 5.33056E-2 5.0296E-2 5.01308E-2 4.85109E-2 5.03715E-2 4.89496E-2 4.99973E-2 5.19312E-2 5.61718E-2 5.95754E-2 5.96771E-2 6.2481E-2 6.90058E-2 6.64542E-2 9.23427E-2 6.86897E-2 6.01555E-2 6.15244E-2 6.63686E-2 6.31367E-2 7.07804E-2 7.5177E-2 7.91516E-2 7.69414E-2 7.8442E-2 8.34941E-2
8.14244E-2 7.15507E-2 6.44467E-2 6.47071E-2 6.39806E-2 6.30054E-2 6.26993E-2 6.53956E-2 7.25894E-2 7.1079E-2 6.46458E-2 5.93472E-2 5.83626E-2 5.4077E-2 5.32053E-2 5.24012E-2 5.65392E-2 5.83067E-2 5.16081E-2 5.05255E-2 4.99699E-2 4.70343E-2 4.59636E-2 4.91952E-2 4.93956E-2 5.19586E-2 5.27654E-2 5.32709E-2 5.62083E-2 5.93969E-2 6.18408E-2 5.89214E-2 5.77351E-2 5.57856E-2 5.52886E-2 5.30558E-2 5.63516E-2 5.52398E-2 5.27279E-2 5.35116E-2 5.04477E-2 4.90145E-2 5.07029E-2 5.36014E-2 5.39241E-2 5.29539E-2 5.68884E-2 5.90879E-2 6.30277E-2 9.25758E-2 6.92925E-2 5.75525E-2 6.31825E-2 7.00355E-2 6.80128E-2 6.92746E-2 7.46521E-2 7.57196E-2 8.02966E-2 8.25185E-2 8.45436E-2
7.06879E-2 8.56662E-2 8.52971E-2 7.61728E-2 6.73873E-2 6.41054E-2 6.45142E-2 6.2842E-2 6.62328E-2 7.05155E-2 6.89395E-2 6.02263E-2 5.71859E-2 5.79835E-2 5.92468E-2 5.73069E-2 5.81508E-2 5.99871E-2 5.61334E-2 5.63559E-2 5.44592E-2 4.95275E-2 4.70816E-2 4.85394E-2 4.98778E-2 5.56851E-2 6.05944E-2 5.3988E-2 5.84492E-2 5.96477E-2 5.94981E-2 5.84797E-2 5.74435E-2 5.58903E-2 5.40767E-2 5.58125E-2 5.55007E-2 5.66818E-2 5.59255E-2 5.76196E-2 5.72433E-2 5.59322E-2 5.34957E-2 5.19319E-2 5.52418E-2 5.96652E-2 6.33741E-2 7.11449E-2 7.29846E-2 9.27146E-2 7.88766E-2 6.46608E-2 7.01672E-2 7.04396E-2 7.58565E-2 7.38735E-2 7.21798E-2 7.48897E-2 7.69171E-2 7.9514E-2 7.67428E-2
6.43444E-2 6.62366E-2 8.45138E-2 9.40094E-2 8.04077E-2 7.32572E-2 7.57541E-2 7.27163E-2 6.49708E-2 7.3947E-2 7.26952E-2 6.59616E-2 5.86076E-2 6.34889E-2 6.57046E-2 6.28182E-2 5.94134E-2 6.0709E-2 6.04031E-2 6.13253E-2 5.6574E-2 5.39795E-2 5.09882E-2 5.03602E-2 5.45074E-2 5.48378E-2 5.40498E-2 5.6427E-2 6.03122E-2 5.70691E-2 5.83104E-2 5.87072E-2 5.82801E-2 5.54933E-2 5.54873E-2 5.86662E-2 5.98463E-2 6.13417E-2 6.08778E-2 5.9499E-2 6.33549E-2 6.23029E-2 5.88161E-2 5.91993E-2 6.01217E-2 6.21777E-2 6.76741E-2 6.37698E-2 6.63368E-2 7.36363E-2 9.28184E-2 7.45464E-2 7.60909E-2 8.12365E-2 7.94503E-2 8.33055E-2 8.13799E-2 8.22285E-2 8.13432E-2 7.5247E-2 7.24811E-2
6.57583E-2 6.73178E-2 7.25803E-2 8.26638E-2 9.3942E-2 9.30553E-2 8.36115E-2 8.20788E-2 7.06419E-2 7.47059E-2 7.55771E-2 7.40681E-2 6.99332E-2 6.1062E-2 6.61451E-2 6.55862E-2 5.82621E-2 5.99217E-2 6.5065E-2 6.02001E-2 5.79073E-2 5.70216E-2 5.53612E-2 5.35315E-2 5.61013E-2 5.68448E-2 5.89771E-2 5.80746E-2 6.03229E-2 6.06691E-2 5.77996E-2 5.88583E-2 5.62492E-2 5.51698E-2 5.57739E-2 5.74658E-2 6.29227E-2 6.29028E-2 6.48611E-2 6.55407E-2 6.5207E-2 6.86151E-2 6.48083E-2 6.07506E-2 6.22536E-2 6.54733E-2 6.56831E-2 6.37115E-2 6.66411E-2 7.98012E-2 8.65131E-2 8.49771E-2 8.25155E-2 7.63686E-2 7.64811E-2 7.99625E-2 8.39043E-2 8.11885E-2 7.81945E-2 7.51064E-2 8.92475E-2
7.37121E-2 7.34647E-2 7.58511E-2 7.76354E-2 7.90223E-2 8.17316E-2 8.77061E-2 8.70469E-2 8.40908E-2 8.27673E-2 8.55376E-2 8.0298E-2 8.02036E-2 7.67595E-2 7.01274E-2 7.01278E-2 6.35856E-2 6.61655E-2 6.37777E-2 6.2015E-2 6.26236E-2 5.8712E-2 5.78309E-2 5.87056E-2 6.40004E-2 5.89218E-2 5.98326E-2 5.63662E-2 5.75011E-2 5.99822E-2 5.95952E-2 5.932E-2 5.69451E-2 5.75961E-2 5.78417E-2 6.03622E-2 6.24888E-2 6.68647E-2 6.77232E-2 7.07411E-2 7.02283E-2 6.92519E-2 6.72344E-2 6.5155E-2 6.10144E-2 6.13282E-2 6.56337E-2 7.11237E-2 6.8403E-2 7.09579E-2 8.82793E-2 6.95976E-2 7.37629E-2 7.03979E-2 6.79462E-2 7.09923E-2 7.15063E-2 7.49481E-2 7.22861E-2 7.54108E-2 7.42152E-2
7.82755E-2 7.37371E-2 7.28833E-2 7.28552E-2 7.75535E-2 7.94343E-2 8.05839E-2 8.72752E-2 9.49042E-2 8.88668E-2 7.07824E-2 7.21173E-2 7.5773E-2 8.06672E-2 8.31255E-2 8.36054E-2 7.44774E-2 7.16836E-2 6.53239E-2 6.62929E-2 6.27749E-2 6.19062E-2 5.94968E-2 6.41002E-2 6.02221E-2 5.9016E-2 6.27065E-2 6.11598E-2 5.84471E-2 5.89724E-2 6.03391E-2 5.95781E-2 6.13161E-2 6.55386E-2 6.04271E-2 6.29809E-2 6.30907E-2 6.83811E-2 7.31288E-2 7.64595E-2 7.52418E-2 7.7466E-2 7.5706E-2 6.96235E-2 6.8093E-2 6.33738E-2 6.1938E-2 6.62993E-2 7.49051E-2 7.89312E-2 9.10109E-2 8.57831E-2 8.22007E-2 8.07228E-2 7.11045E-2 7.40953E-2 7.75696E-2 8.15008E-2 7.68134E-2 7.8378E-2 7.99523E-2
7.01576E-2 6.89621E-2 6.97861E-2 6.969E-2 7.02191E-2 7.04458E-2 6.93027E-2 7.63826E-2 8.4456E-2 7.9761E-2 6.56495E-2 5.45121E-2 6.41323E-2 7.56811E-2 7.14227E-2 7.01199E-2 7.93411E-2 7.83793E-2 7.82239E-2 6.9466E-2 6.47357E-2 6.58463E-2 6.88689E-2 6.59774E-2 6.0864E-2 6.07237E-2 6.39819E-2 6.56452E-2 6.11298E-2 6.01192E-2 6.21968E-2 6.55898E-2 6.75567E-2 7.04252E-2 6.69027E-2 6.47465E-2 6.7644E-2 6.91191E-2 7.16411E-2 7.47263E-2 7.71929E-2 7.93057E-2 8.17657E-2 7.06966E-2 7.01886E-2 6.83115E-2 6.58869E-2 6.85414E-2 6.99652E-2 7.34428E-2 7.36355E-2 8.16407E-2 9.95161E-2 9.05592E-2 7.71096E-2 7.38497E-2 7.976E-2 8.16728E-2 8.33711E-2 7.98812E-2 8.84752E-2
6.22478E-2 6.51663E-2 7.00065E-2 7.13214E-2 7.1648E-2 7.19065E-2 7.11084E-2 7.35267E-2 7.6203E-2 7.38427E-2 6.65422E-2 6.11197E-2 5.87966E-2 6.65518E-2 6.84652E-2 6.82421E-2 7.22431E-2 8.17439E-2 8.89372E-2 7.47949E-2 7.06867E-2 6.98674E-2 7.11906E-2 6.67309E-2 6.71288E-2 6.27093E-2 6.92718E-2 7.39805E-2 6.95728E-2 6.77962E-2 6.65865E-2 6.99665E-2 7.89976E-2 7.4E-2 7.40234E-2 7.10396E-2 7.23215E-2 7.48987E-2 7.89401E-2 7.43643E-2 7.35293E-2 7.53991E-2 7.80604E-2 8.03246E-2 7.4664E-2 7.47747E-2 7.52536E-2 7.40669E-2 7.50837E-2 7.79799E-2 7.66026E-2 7.93587E-2 8.47182E-2 9.82979E-2 9.60759E-2 8.91333E-2 8.46924E-2 7.9258E-2 8.76866E-2 8.49651E-2 8.61263E-2
5.71384E-2 6.11166E-2 6.28811E-2 6.85101E-2 7.06047E-2 7.00638E-2 7.13966E-2 7.23758E-2 7.05376E-2 7.12887E-2 7.47791E-2 7.53169E-2 6.64077E-2 6.94962E-2 7.16253E-2 6.93517E-2 6.90138E-2 7.38827E-2 9.58541E-2 8.92078E-2 8.26255E-2 8.42717E-2 7.68057E-2 7.48362E-2 7.0198E-2 6.97483E-2 7.16459E-2 7.78472E-2 8.26536E-2 7.961E-2 7.4955E-2 7.18684E-2 7.20347E-2 8.27214E-2 7.47641E-2 7.67424E-2 7.48589E-2 7.82817E-2 8.1527E-2 7.72936E-2 7.62175E-2 7.77413E-2 7.95342E-2 8.01694E-2 8.48557E-2 8.60294E-2 8.32895E-2 8.14434E-2 7.79436E-2 7.92323E-2 8.32168E-2 8.80677E-2 8.72663E-2 8.59836E-2 1.03976E-1 1.01931E-1 9.11951E-2 8.89391E-2 8.68595E-2 9.0465E-2 9.02955E-2
5.94848E-2 5.99687E-2 6.2618E-2 6.53417E-2 6.78495E-2 7.05051E-2 7.08321E-2 7.1545E-2 7.55595E-2 7.72168E-2 7.66515E-2 7.99823E-2 8.21129E-2 7.46472E-2 7.39616E-2 7.2011E-2 7.23362E-2 7.49978E-2 8.40716E-2 9.67248E-2 9.21654E-2 9.3926E-2 8.46635E-2 8.05997E-2 8.00884E-2 7.64263E-2 6.91834E-2 7.66812E-2 8.21578E-2 8.66617E-2 8.23799E-2 7.8449E-2 7.50876E-2 9.01664E-2 8.2069E-2 8.5483E-2 8.13303E-2 8.02004E-2 8.22808E-2 8.79834E-2 8.46023E-2 8.42826E-2 8.73039E-2 8.42809E-2 8.42924E-2 8.74225E-2 9.98674E-2 8.9613E-2 8.34743E-2 8.71827E-2 8.43503E-2 8.93741E-2 9.39003E-2 9.51681E-2 9.72818E-2 9.78027E-2 1.06086E-1 9.10142E-2 8.8479E-2 8.90992E-2 9.79938E-2
6.56383E-2 6.58213E-2 6.72899E-2 6.86637E-2 6.53723E-2 6.58657E-2 6.72212E-2 7.03649E-2 7.3096E-2 7.18827E-2 7.28923E-2 7.68548E-2 8.28064E-2 8.53686E-2 7.85658E-2 8.04503E-2 8.18843E-2 7.78368E-2 7.84854E-2 9.23538E-2 9.80579E-2 9.58917E-2 8.86162E-2 8.97338E-2 8.52865E-2 7.55071E-2 7.38278E-2 7.54769E-2 8.14412E-2 8.35523E-2 8.31464E-2 8.69745E-2 8.65296E-2 9.32003E-2 8.77287E-2 8.79126E-2 8.81129E-2 8.49066E-2 8.58646E-2 8.54013E-2 8.4194E-2 9.12861E-2 9.7671E-2 9.5473E-2 9.28761E-2 8.96708E-2 9.48045E-2 1.02967E-1 9.37495E-2 8.60183E-2 8.43715E-2 9.19306E-2 9.02494E-2 9.00413E-2 9.41007E-2 9.65958E-2 1.08035E-1 9.6777E-2 9.76692E-2 9.71126E-2 1.07801E-1
6.78148E-2 7.23479E-2 7.54566E-2 7.09979E-2 6.9339E-2 6.72281E-2 6.97404E-2 7.10066E-2 7.71111E-2 7.63919E-2 7.76126E-2 7.693E-2 7.83119E-2 7.8138E-2 7.98903E-2 7.94515E-2 8.62939E-2 8.45678E-2 8.28308E-2 9.74205E-2 1.04392E-1 9.88567E-2 9.52195E-2 8.97351E-2 8.37312E-2 8.22763E-2 7.80313E-2 7.67288E-2 7.81976E-2 8.65059E-2 8.86569E-2 9.01637E-2 9.25247E-2 9.48497E-2 1.08496E-1 1.01342E-1 9.46384E-2 9.91967E-2 9.52497E-2 9.19583E-2 8.89217E-2 8.58339E-2 9.04926E-2 9.53542E-2 1.02568E-1 1.01556E-1 1.04203E-1 1.11784E-1 1.00156E-1 9.71816E-2 9.30994E-2 9.269E-2 1.01973E-1 1.01991E-1 1.05607E-1 1.12769E-1 1.07405E-1 1.06966E-1 1.05266E-1 1.02909E-1 9.81113E-2
7.04617E-2 7.18735E-2 7.2623E-2 7.76991E-2 7.47162E-2 6.96281E-2 7.51935E-2 8.22684E-2 8.13093E-2 8.33818E-2 8.3986E-2 8.53373E-2 8.29842E-2 8.47451E-2 8.54209E-2 8.51346E-2 8.68296E-2 9.05374E-2 9.11608E-2 9.32701E-2 1.12545E-1 1.06138E-1 9.43698E-2 8.98738E-2 8.4853E-2 8.49674E-2 8.12091E-2 8.24743E-2 7.88616E-2 8.37694E-2 9.36289E-2 1.0063E-1 1.04557E-1 1.07987E-1 1.16637E-1 1.21502E-1 1.08169E-1 1.01367E-1 1.00673E-1 9.77758E-2 9.97025E-2 9.87531E-2 9.50119E-2 1.01771E-1 1.07173E-1 1.047E-1 1.08745E-1 1.1379E-1 1.01261E-1 1.00781E-1 1.10523E-1 1.0623E-1 1.05122E-1 1.14082E-1 1.20249E-1 1.20407E-1 1.10589E-1 1.05859E-1 1.0592E-1 1.01305E-1 9.6111E-2
7.26645E-2 7.46966E-2 7.49228E-2 7.47917E-2 8.13093E-2 8.03458E-2 8.25041E-2 8.41625E-2 9.16089E-2 9.4754E-2 9.83469E-2 9.69104E-2 1.00907E-1 1.00622E-1 9.85813E-2 9.71049E-2 9.79738E-2 1.01911E-1 1.05233E-1 1.00197E-1 1.06755E-1 1.22929E-1 9.98861E-2 9.29677E-2 9.19566E-2 8.70097E-2 8.87764E-2 8.5025E-2 8.23191E-2 8.27854E-2 8.86924E-2 9.1895E-2 1.0118E-1 1.10368E-1 1.12758E-1 1.10324E-1 1.13067E-1 1.17749E-1 1.22345E-1 1.13227E-1 1.0888E-1 1.12038E-1 1.10363E-1 1.11838E-1 1.11379E-1 1.07282E-1 1.13101E-1 1.17416E-1 1.19633E-1 1.19279E-1 1.21991E-1 1.25963E-1 1.25317E-1 1.28823E-1 1.19759E-1 1.11773E-1 1.09069E-1 1.08545E-1 1.07522E-1 1.03167E-1 1.05737E-1
7.51291E-2 7.81676E-2 7.95731E-2 8.23685E-2 8.09677E-2 8.66495E-2 9.00345E-2 9.14871E-2 9.32889E-2 9.47079E-2 9.68565E-2 9.54881E-2 9.06451E-2 9.07936E-2 8.93183E-2 9.02457E-2 9.74341E-2 1.01635E-1 1.08116E-1 1.10078E-1 1.1575E-1 1.2414E-1 1.06458E-1 9.50402E-2 9.44987E-2 9.00739E-2 9.27132E-2 8.81864E-2 8.76305E-2 9.20694E-2 8.92946E-2 9.79477E-2 1.02499E-1 1.07395E-1 1.10636E-1 1.16558E-1 1.11458E-1 1.09482E-1 1.12459E-1 1.20874E-1 1.24049E-1 1.24506E-1 1.23588E-1 1.25898E-1 1.2491E-1 1.21435E-1 1.17981E-1 1.14257E-1 1.18352E-1 1.20956E-1 1.33224E-1 1.1844E-1 1.12994E-1 1.14488E-1 1.14811E-1 1.09235E-1 1.0579E-1 1.05127E-1 1.03341E-1 1.00969E-1 1.23408E-1
8.05525E-2 8.00995E-2 8.42172E-2 8.49109E-2 8.60539E-2 8.69275E-2 8.45385E-2 8.98315E-2 9.37028E-2 9.54597E-2 8.86424E-2 8.83753E-2 8.8654E-2 8.93156E-2 8.87216E-2 9.96813E-2 1.02499E-1 1.04434E-1 1.10391E-1 1.13073E-1 1.14596E-1 1.21421E-1 1.1551E-1 1.03709E-1 9.93148E-2 9.70907E-2 9.4678E-2 9.86955E-2 9.84877E-2 9.48355E-2 9.39957E-2 9.99519E-2 1.0496E-1 1.04681E-1 1.11302E-1 1.16168E-1 1.20449E-1 1.15449E-1 1.19291E-1 1.2519E-1 1.28085E-1 1.37098E-1 1.32678E-1 1.21768E-1 1.17462E-1 1.18886E-1 1.27951E-1 1.20445E-1 1.13083E-1 1.16662E-1 1.3368E-1 1.35372E-1 1.20689E-1 1.14175E-1 1.14106E-1 1.09002E-1 1.11863E-1 1.06341E-1 1.05342E-1 1.00429E-1 1.26915E-1
7.78204E-2 8.26109E-2 8.38993E-2 8.35129E-2 8.56247E-2 9.15655E-2 9.26889E-2 9.37906E-2 9.14045E-2 9.30727E-2 9.37113E-2 9.54104E-2 9.44233E-2 9.4996E-2 9.72677E-2 1.07211E-1 1.10301E-1 1.09812E-1 1.04857E-1 1.04133E-1 1.07333E-1 1.14343E-1 1.21265E-1 1.1096E-1 1.03282E-1 1.02646E-1 1.00154E-1 1.04104E-1 9.86317E-2 9.55495E-2 9.92374E-2 1.0291E-1 1.10703E-1 1.11791E-1 1.11076E-1 1.14842E-1 1.16287E-1 1.18366E-1 1.21815E-1 1.26966E-1 1.28507E-1 1.34216E-1 1.38927E-1 1.33059E-1 1.28521E-1 1.25827E-1 1.29138E-1 1.31427E-1 1.27517E-1 1.28621E-1 1.39277E-1 1.37132E-1 1.21031E-1 1.19175E-1 1.20281E-1 1.23937E-1 1.27511E-1 1.13941E-1 1.1098E-1 1.19561E-1 1.39731E-1
8.38819E-2 8.48719E-2 8.86462E-2 8.92839E-2 9.19797E-2 9.33943E-2 9.47395E-2 9.258E-2 9.45848E-2 9.75304E-2 9.87681E-2 9.95118E-2 9.91981E-2 1.00656E-1 1.01874E-1 1.08132E-1 1.1447E-1 1.07578E-1 1.06619E-1 1.06954E-1 1.0889E-1 1.18196E-1 1.22968E-1 1.18562E-1 1.1181E-1 1.07076E-1 1.0821E-1 1.10755E-1 1.04347E-1 1.03093E-1 1.06349E-1 1.11948E-1 1.11487E-1 1.22571E-1 1.21483E-1 1.21726E-1 1.18396E-1 1.19854E-1 1.20767E-1 1.27034E-1 1.27287E-1 1.29715E-1 1.30242E-1 1.30728E-1 1.32971E-1 1.37245E-1 1.31946E-1 1.30006E-1 1.36823E-1 1.41367E-1 1.49227E-1 1.26753E-1 1.19604E-1 1.23858E-1 1.2905E-1 1.32828E-1 1.27691E-1 1.22591E-1 1.28169E-1 1.36887E-1 1.18483E-1
8.54747E-2 8.85172E-2 8.86076E-2 8.89876E-2 8.91107E-2 9.16676E-2 9.46297E-2 9.6162E-2 9.78383E-2 9.86595E-2 1.00094E-1 1.0057E-1 1.00742E-1 1.02037E-1 1.04992E-1 1.07287E-1 1.067E-1 1.07486E-1 1.09309E-1 1.14457E-1 1.17857E-1 1.16403E-1 1.29623E-1 1.22481E-1 1.12885E-1 1.13328E-1 1.1701E-1 1.15092E-1 1.11651E-1 1.14248E-1 1.19839E-1 1.20672E-1 1.20814E-1 1.25473E-1 1.32986E-1 1.3153E-1 1.23877E-1 1.24423E-1 1.23621E-1 1.30004E-1 1.35967E-1 1.29205E-1 1.31329E-1 1.29425E-1 1.31533E-1 1.38532E-1 1.45609E-1 1.45334E-1 1.54925E-1 1.44529E-1 1.39824E-1 1.30572E-1 1.23413E-1 1.29329E-1 1.34808E-1 1.40771E-1 1.33399E-1 1.38477E-1 1.37138E-1 1.33295E-1 1.21215E-1
