maxent_outputs/bumblebees/bombus_229.asc
ncols         426
nrows         180
xllcorner     -130.0
yllcorner     24.0
cellsize      0.16666666666666666
NODATA_value  -9999
[rows 27 to 53 of 180, columns 305 to 365 of 426]
5.25157E-1 5.21532E-1 5.20914E-1 5.26062E-1 5.22291E-1 5.28673E-1 5.36457E-1 5.41636E-1 5.45173E-1 5.44374E-1 5.41531E-1 5.34355E-1 5.28779E-1 5.27415E-1 5.2708E-1 5.29382E-1 5.36995E-1 5.35906E-1 5.30816E-1 5.34793E-1 5.3613E-1 5.36011E-1 5.437E-1 5.46949E-1 5.39694E-1 5.50566E-1 5.59051E-1 5.52961E-1 5.62225E-1 5.69325E-1 5.63335E-1 5.61999E-1 5.64813E-1 5.64148E-1 5.69359E-1 5.70102E-1 5.69831E-1 5.67258E-1 5.71022E-1 5.66919E-1 5.63098E-1 5.6286E-1 5.64348E-1 5.62911E-1 5.65435E-1 5.63991E-1 5.64064E-1 5.66728E-1 5.7209E-1 5.80985E-1 5.80012E-1 5.86945E-1 5.93429E-1 5.95105E-1 6.00371E-1 6.10323E-1 6.07194E-1 6.03233E-1 6.11826E-1 6.22948E-1 6.37588E-1
5.29811E-1 5.25882E-1 5.21429E-1 5.2155E-1 5.23463E-1 5.28661E-1 5.34925E-1 5.38695E-1 5.3905E-1 5.39472E-1 5.39622E-1 5.38151E-1 5.28959E-1 5.23223E-1 5.23018E-1 5.27863E-1 5.33359E-1 5.30331E-1 5.30541E-1 5.33374E-1 5.31261E-1 5.36558E-1 5.39882E-1 5.42788E-1 5.39692E-1 5.53395E-1 5.52471E-1 5.54018E-1 5.5569E-1 5.59753E-1 5.59941E-1 5.57978E-1 5.62828E-1 5.61005E-1 5.63328E-1 5.62858E-1 5.62316E-1 5.62093E-1 5.6217E-1 5.65318E-1 5.64015E-1 5.6396E-1 5.63999E-1 5.66563E-1 5.67782E-1 5.70164E-1 5.70895E-1 5.75236E-1 5.77038E-1 5.83008E-1 5.90611E-1 5.91456E-1 5.98268E-1 6.0185E-1 6.04935E-1 6.12739E-1 6.13911E-1 6.15824E-1 6.29897E-1 6.49056E-1 6.59925E-1
5.34799E-1 5.3315E-1 5.25675E-1 5.25644E-1 5.28243E-1 5.35677E-1 5.40187E-1 5.42725E-1 5.44164E-1 5.47009E-1 5.44768E-1 5.41503E-1 5.38426E-1 5.33873E-1 5.26621E-1 5.29936E-1 5.26074E-1 5.28619E-1 5.28601E-1 5.30944E-1 5.32307E-1 5.33304E-1 5.36674E-1 5.4016E-1 5.40259E-1 5.46376E-1 5.54309E-1 5.52247E-1 5.52339E-1 5.52296E-1 5.52572E-1 5.54883E-1 5.5979E-1 5.62484E-1 5.61251E-1 5.57055E-1 5.59419E-1 5.57193E-1 5.60722E-1 5.66603E-1 5.66572E-1 5.63155E-1 5.66833E-1 5.67732E-1 5.70842E-1 5.74993E-1 5.80016E-1 5.8969E-1 5.88888E-1 5.89599E-1 5.9864E-1 5.9831E-1 6.02308E-1 6.08815E-1 6.13546E-1 6.19973E-1 6.25485E-1 6.32905E-1 6.40613E-1 6.61021E-1 6.81611E-1
5.3163E-1 5.3388E-1 5.25075E-1 5.3635E-1 5.37331E-1 5.34349E-1 5.42999E-1 5.45683E-1 5.45812E-1 5.52606E-1 5.50497E-1 5.48787E-1 5.44727E-1 5.35367E-1 5.35346E-1 5.33232E-1 5.33833E-1 5.35621E-1 5.29825E-1 5.36124E-1 5.36073E-1 5.39426E-1 5.40983E-1 5.40174E-1 5.45824E-1 5.48865E-1 5.52946E-1 5.54121E-1 5.5525E-1 5.51541E-1 5.53204E-1 5.54179E-1 5.56335E-1 5.58084E-1 5.54224E-1 5.5293E-1 5.54174E-1 5.56272E-1 5.57187E-1 5.63322E-1 5.60005E-1 5.59637E-1 5.56918E-1 5.62672E-1 5.70644E-1 5.75116E-1 5.87688E-1 5.9351E-1 5.94722E-1 6.04766E-1 6.14126E-1 6.07014E-1 6.21125E-1 6.17905E-1 6.25653E-1 6.3296E-1 6.36888E-1 6.48734E-1 6.6887E-1 6.8129E-1 6.98222E-1
5.43321E-1 5.47187E-1 5.31583E-1 5.35643E-1 5.40435E-1 5.44827E-1 5.57249E-1 5.55885E-1 5.54629E-1 5.56168E-1 5.6072E-1 5.61233E-1 5.62695E-1 5.65101E-1 5.51428E-1 5.42549E-1 5.3902E-1 5.37304E-1 5.37701E-1 5.36745E-1 5.45924E-1 5.44454E-1 5.44542E-1 5.53418E-1 5.55342E-1 5.56391E-1 5.65679E-1 5.69012E-1 5.56419E-1 5.57961E-1 5.5158E-1 5.50274E-1 5.54868E-1 5.54396E-1 5.57213E-1 5.5394E-1 5.57993E-1 5.61098E-1 5.57677E-1 5.58983E-1 5.5864E-1 5.67574E-1 5.71742E-1 5.72959E-1 5.75721E-1 5.79203E-1 5.9484E-1 6.04652E-1 6.09836E-1 6.17273E-1 6.24801E-1 6.21578E-1 6.2785E-1 6.27976E-1 6.35323E-1 6.45691E-1 6.58598E-1 6.73667E-1 6.89549E-1 7.01686E-1 7.107E-1
5.58972E-1 5.65422E-1 5.6562E-1 5.62968E-1 5.60926E-1 5.60355E-1 5.64843E-1 5.54672E-1 5.53427E-1 5.63047E-1 5.67856E-1 5.77584E-1 5.90168E-1 5.71798E-1 5.57799E-1 5.54922E-1 5.49189E-1 5.41573E-1 5.42304E-1 5.47505E-1 5.50892E-1 5.50344E-1 5.46242E-1 5.60204E-1 5.69876E-1 5.72168E-1 5.79637E-1 5.79089E-1 5.72951E-1 5.63178E-1 5.56196E-1 5.50116E-1 5.51608E-1 5.53417E-1 5.54432E-1 5.53825E-1 5.53792E-1 5.65938E-1 5.65185E-1 5.67161E-1 5.73397E-1 5.94446E-1 6.19925E-1 6.2061E-1 6.00476E-1 5.96843E-1 6.06543E-1 6.05708E-1 6.18598E-1 6.32447E-1 6.36208E-1 6.40299E-1 6.44629E-1 6.46758E-1 6.51263E-1 6.65471E-1 6.7631E-1 6.93882E-1 7.11165E-1 7.16987E-1 7.19306E-1
5.74395E-1 5.75879E-1 5.89192E-1 5.90157E-1 5.94218E-1 5.92987E-1 5.89628E-1 5.75994E-1 5.70783E-1 5.6856E-1 5.88196E-1 6.13886E-1 6.05797E-1 5.8412E-1 5.68236E-1 5.60992E-1 5.55019E-1 5.46339E-1 5.41072E-1 5.4252E-1 5.41817E-1 5.52367E-1 5.61258E-1 5.70198E-1 5.79187E-1 5.66776E-1 5.71591E-1 5.79083E-1 5.72071E-1 5.69633E-1 5.5975E-1 5.526E-1 5.54597E-1 5.56014E-1 5.54451E-1 5.54968E-1 5.57874E-1 5.66005E-1 5.74534E-1 5.7461E-1 5.8151E-1 5.94383E-1 6.05164E-1 6.14543E-1 6.05766E-1 6.1598E-1 6.27373E-1 6.30927E-1 6.34319E-1 6.4069E-1 6.49061E-1 6.50015E-1 6.54338E-1 6.63009E-1 6.67443E-1 6.75736E-1 6.91131E-1 7.06669E-1 7.21193E-1 7.15179E-1 -9999
5.77344E-1 5.7443E-1 5.90807E-1 6.03467E-1 6.07712E-1 6.08809E-1 6.05038E-1 5.91831E-1 5.89073E-1 5.92998E-1 6.12193E-1 6.19446E-1 6.06747E-1 5.87366E-1 5.68054E-1 5.5425E-1 5.5236E-1 5.51342E-1 5.54022E-1 5.50282E-1 5.56292E-1 5.58359E-1 5.6095E-1 5.70654E-1 5.76995E-1 5.69194E-1 5.7079E-1 5.75E-1 5.70138E-1 5.62833E-1 5.57016E-1 5.48541E-1 5.48704E-1 5.50811E-1 5.55976E-1 5.58278E-1 5.69202E-1 5.82113E-1 5.8769E-1 5.89501E-1 5.96326E-1 6.10594E-1 6.1509E-1 6.23472E-1 6.24897E-1 6.3308E-1 6.41096E-1 6.50313E-1 6.54516E-1 6.47842E-1 6.52109E-1 6.53241E-1 6.60586E-1 6.73644E-1 6.8499E-1 6.98091E-1 7.04392E-1 7.18032E-1 7.1405E-1 -9999 7.49663E-1
5.83324E-1 5.8764E-1 5.89832E-1 5.9717E-1 5.99241E-1 6.01102E-1 6.07762E-1 6.16533E-1 6.065E-1 6.01558E-1 6.118E-1 6.22532E-1 6.15539E-1 5.98053E-1 5.82526E-1 5.73351E-1 5.62826E-1 5.66473E-1 5.66052E-1 5.68301E-1 5.70525E-1 5.65974E-1 5.70206E-1 5.8161E-1 5.78977E-1 5.81399E-1 5.89149E-1 5.88313E-1 5.80336E-1 5.69528E-1 5.59999E-1 5.53307E-1 5.47621E-1 5.56316E-1 5.59853E-1 5.66454E-1 5.76044E-1 5.84573E-1 5.92025E-1 5.98347E-1 6.09314E-1 6.16922E-1 6.24813E-1 6.37519E-1 6.42345E-1 6.52262E-1 6.62377E-1 6.74747E-1 6.8073E-1 6.82717E-1 6.80937E-1 6.7325E-1 6.80121E-1 6.75363E-1 6.81085E-1 6.99962E-1 7.16519E-1 7.43867E-1 7.38144E-1 7.28071E-1 7.23477E-1
5.93929E-1 5.97718E-1 6.06461E-1 6.11243E-1 6.06524E-1 5.99067E-1 6.12955E-1 6.07567E-1 6.09553E-1 6.04255E-1 6.07935E-1 6.16294E-1 6.19356E-1 6.14564E-1 6.00938E-1 5.91985E-1 5.85913E-1 5.85395E-1 5.80952E-1 5.81077E-1 5.79143E-1 5.77558E-1 5.85836E-1 5.9071E-1 5.95401E-1 5.96791E-1 5.97573E-1 5.97343E-1 5.96453E-1 5.81303E-1 5.67665E-1 5.52501E-1 5.43843E-1 5.57546E-1 5.68165E-1 5.71618E-1 5.83072E-1 5.91715E-1 6.04024E-1 6.15447E-1 6.27058E-1 6.39317E-1 6.42237E-1 6.56595E-1 6.68041E-1 6.79456E-1 6.92671E-1 7.12559E-1 7.23639E-1 7.10666E-1 7.01149E-1 6.94303E-1 6.7915E-1 6.71826E-1 6.78294E-1 7.05849E-1 7.36995E-1 7.23927E-1 7.15833E-1 7.16365E-1 7.0485E-1
6.0462E-1 6.12279E-1 6.19603E-1 6.14415E-1 5.99744E-1 5.95612E-1 6.1311E-1 6.19445E-1 6.12561E-1 6.14176E-1 6.23508E-1 6.21998E-1 6.21995E-1 6.13896E-1 6.00089E-1 5.97932E-1 5.9704E-1 5.96123E-1 5.93033E-1 5.90933E-1 5.97442E-1 5.93208E-1 5.99516E-1 6.0656E-1 6.10882E-1 6.11758E-1 6.12369E-1 6.08901E-1 6.07963E-1 5.98383E-1 5.86839E-1 5.76031E-1 5.64492E-1 5.67018E-1 5.78513E-1 5.90927E-1 5.97596E-1 6.07777E-1 6.10553E-1 6.25758E-1 6.38866E-1 6.51664E-1 6.63308E-1 6.7673E-1 6.94545E-1 7.17876E-1 7.34812E-1 7.46903E-1 7.5138E-1 7.40736E-1 7.22802E-1 7.07797E-1 6.53761E-1 6.63539E-1 6.82986E-1 7.00994E-1 7.30884E-1 7.18149E-1 7.23341E-1 7.18347E-1 6.9929E-1
6.20424E-1 6.2701E-1 6.39502E-1 6.30292E-1 6.12449E-1 6.00541E-1 6.13295E-1 6.17255E-1 6.20298E-1 6.27646E-1 6.29675E-1 6.31757E-1 6.26605E-1 6.19543E-1 6.07888E-1 6.14493E-1 6.11743E-1 6.05692E-1 6.09518E-1 6.1161E-1 6.08326E-1 6.07038E-1 6.10759E-1 6.13099E-1 6.18103E-1 6.18718E-1 6.19774E-1 6.18694E-1 6.18335E-1 6.13891E-1 6.13226E-1 5.98592E-1 5.83186E-1 5.83052E-1 5.91463E-1 5.9409E-1 6.04798E-1 6.14981E-1 6.19112E-1 6.38821E-1 6.53764E-1 6.66731E-1 6.83803E-1 6.99944E-1 7.22987E-1 7.47892E-1 7.64681E-1 7.73261E-1 7.7331E-1 7.61764E-1 7.44738E-1 7.04573E-1 6.62751E-1 6.68886E-1 6.47599E-1 7.04316E-1 7.12881E-1 7.29206E-1 7.33295E-1 7.17419E-1 6.91591E-1
6.31137E-1 6.35947E-1 6.3599E-1 6.36241E-1 6.3097E-1 6.23255E-1 6.21421E-1 6.27711E-1 6.30204E-1 6.32301E-1 6.30656E-1 6.3889E-1 6.32163E-1 6.28442E-1 6.2673E-1 6.25233E-1 6.22207E-1 6.13567E-1 6.17966E-1 6.18766E-1 6.22461E-1 6.21807E-1 6.21161E-1 6.30725E-1 6.36408E-1 6.29433E-1 6.29839E-1 6.32767E-1 6.32661E-1 6.30116E-1 6.06485E-1 6.03094E-1 5.94147E-1 5.97052E-1 5.98752E-1 6.09784E-1 6.14119E-1 6.24819E-1 6.26211E-1 6.51305E-1 6.60252E-1 6.78532E-1 6.95603E-1 7.2226E-1 7.46279E-1 7.64239E-1 7.76108E-1 7.8752E-1 7.86733E-1 7.78743E-1 7.7614E-1 7.34439E-1 7.10728E-1 6.87072E-1 7.04057E-1 6.97203E-1 7.02951E-1 7.16448E-1 7.16313E-1 7.03806E-1 6.82974E-1
6.42307E-1 6.44671E-1 6.43093E-1 6.40324E-1 6.38909E-1 6.37359E-1 6.23559E-1 6.28103E-1 6.30936E-1 6.31515E-1 6.31608E-1 6.31439E-1 6.31106E-1 6.25197E-1 6.253E-1 6.31337E-1 6.25412E-1 6.25784E-1 6.24617E-1 6.22453E-1 6.28955E-1 6.31915E-1 6.37267E-1 6.42265E-1 6.48439E-1 6.37313E-1 6.2581E-1 6.24087E-1 6.27403E-1 6.25789E-1 6.15319E-1 6.01207E-1 5.95646E-1 6.01618E-1 6.0485E-1 6.21152E-1 6.23974E-1 6.22556E-1 6.44372E-1 6.54476E-1 6.6877E-1 6.88076E-1 7.15139E-1 7.40146E-1 7.59834E-1 7.78974E-1 7.88436E-1 7.92802E-1 7.95913E-1 7.98953E-1 7.8454E-1 7.69147E-1 -9999 6.95017E-1 6.99551E-1 6.98194E-1 6.96566E-1 6.97797E-1 6.95649E-1 6.82175E-1 6.76509E-1
6.5099E-1 6.49958E-1 6.46522E-1 6.46858E-1 6.42451E-1 6.3715E-1 6.33806E-1 6.35398E-1 6.32876E-1 6.36873E-1 6.35475E-1 6.37507E-1 6.37293E-1 6.34129E-1 6.35293E-1 6.33383E-1 6.35568E-1 6.34229E-1 6.32749E-1 6.38813E-1 6.44915E-1 6.33534E-1 6.50834E-1 6.52022E-1 6.49711E-1 6.41224E-1 6.32383E-1 6.29577E-1 6.29168E-1 6.24883E-1 6.2366E-1 6.16247E-1 6.1555E-1 6.16876E-1 6.24373E-1 6.31629E-1 6.39837E-1 6.45849E-1 6.58817E-1 6.673E-1 6.79996E-1 6.93183E-1 7.1593E-1 7.41819E-1 7.65534E-1 7.77265E-1 7.85368E-1 7.99845E-1 8.01906E-1 7.68921E-1 7.50781E-1 7.25421E-1 6.99462E-1 7.0608E-1 7.15632E-1 7.00552E-1 6.78918E-1 6.76407E-1 6.71465E-1 6.71295E-1 6.64835E-1
6.5418E-1 6.50511E-1 6.44797E-1 6.40016E-1 6.36035E-1 6.32488E-1 6.35745E-1 6.44458E-1 6.41575E-1 6.41509E-1 6.377E-1 6.35805E-1 6.34414E-1 6.36758E-1 6.42112E-1 6.43749E-1 6.45293E-1 6.48952E-1 6.43209E-1 6.47473E-1 6.50208E-1 6.53055E-1 6.59529E-1 6.49849E-1 6.55314E-1 6.54779E-1 6.48081E-1 6.40039E-1 6.37276E-1 6.31551E-1 6.22169E-1 6.15584E-1 6.21329E-1 6.28373E-1 6.35693E-1 6.4928E-1 6.54079E-1 6.65616E-1 6.76444E-1 6.84422E-1 6.77717E-1 6.8261E-1 7.02817E-1 7.17284E-1 7.37654E-1 7.42105E-1 7.44248E-1 7.48416E-1 7.37188E-1 6.94524E-1 6.66092E-1 6.89896E-1 7.09544E-1 7.17756E-1 7.16125E-1 6.89637E-1 6.58025E-1 6.5888E-1 6.6179E-1 6.60134E-1 6.58453E-1
6.44407E-1 6.4116E-1 6.40024E-1 6.40565E-1 6.37886E-1 6.34753E-1 6.40748E-1 6.42073E-1 6.43437E-1 6.41505E-1 6.44679E-1 6.4158E-1 6.38409E-1 6.42664E-1 6.45592E-1 6.49338E-1 6.50363E-1 6.47561E-1 6.49201E-1 6.571E-1 6.69698E-1 6.65703E-1 6.54677E-1 6.59599E-1 6.65916E-1 6.64055E-1 6.55052E-1 6.52675E-1 6.56391E-1 6.48832E-1 6.35992E-1 6.28285E-1 6.40841E-1 6.46032E-1 6.55388E-1 6.63192E-1 6.78238E-1 6.91119E-1 6.93199E-1 6.7551E-1 6.67779E-1 6.74821E-1 6.76054E-1 6.91499E-1 6.98954E-1 7.13968E-1 7.16533E-1 7.11296E-1 6.96831E-1 6.75425E-1 6.76492E-1 6.94207E-1 7.13315E-1 7.25433E-1 7.14007E-1 6.93823E-1 6.65899E-1 6.56592E-1 6.55077E-1 6.5502E-1 6.58958E-1
6.36438E-1 6.34283E-1 6.35196E-1 6.36779E-1 6.43182E-1 6.4269E-1 6.40714E-1 6.43409E-1 6.39414E-1 6.45003E-1 6.40196E-1 6.4783E-1 6.43204E-1 6.47469E-1 6.49383E-1 6.52363E-1 6.52273E-1 6.53092E-1 6.4922E-1 6.47818E-1 6.59755E-1 6.64406E-1 6.60763E-1 6.70437E-1 6.74091E-1 6.67552E-1 6.56961E-1 6.67135E-1 6.64768E-1 6.65279E-1 6.62443E-1 6.58687E-1 6.61335E-1 6.69694E-1 6.72551E-1 6.84602E-1 6.95166E-1 7.05427E-1 7.09844E-1 6.83528E-1 6.71699E-1 6.84924E-1 6.86941E-1 6.95912E-1 6.99E-1 7.03867E-1 7.0899E-1 7.02472E-1 6.86561E-1 6.65518E-1 6.73965E-1 7.07089E-1 7.28624E-1 7.19419E-1 7.03979E-1 6.8929E-1 6.7732E-1 6.63677E-1 6.55482E-1 6.53426E-1 6.52819E-1
6.23096E-1 6.28622E-1 6.29075E-1 6.35664E-1 6.384E-1 6.33313E-1 6.36687E-1 6.41206E-1 6.43705E-1 6.44035E-1 6.41742E-1 6.44541E-1 6.50429E-1 6.45349E-1 6.44562E-1 6.53594E-1 6.57427E-1 6.55487E-1 6.50873E-1 6.48406E-1 6.58041E-1 6.68092E-1 6.67498E-1 6.75767E-1 6.73394E-1 6.65987E-1 6.55497E-1 6.78059E-1 6.7955E-1 6.90586E-1 6.97737E-1 6.93376E-1 6.90057E-1 6.90989E-1 6.85638E-1 6.91969E-1 6.96434E-1 6.99105E-1 7.07876E-1 6.9741E-1 6.7322E-1 6.83908E-1 6.88442E-1 7.01531E-1 7.04857E-1 7.06855E-1 7.10367E-1 6.98036E-1 6.87962E-1 6.69914E-1 6.80575E-1 6.83648E-1 7.0533E-1 7.05383E-1 6.96943E-1 6.86733E-1 6.84105E-1 6.75358E-1 6.5754E-1 6.53386E-1 6.54347E-1
6.02383E-1 6.1903E-1 6.25995E-1 6.24412E-1 6.28269E-1 6.28623E-1 6.29579E-1 6.37541E-1 6.47424E-1 6.46865E-1 6.44058E-1 6.44318E-1 6.45412E-1 6.4687E-1 6.52165E-1 6.54849E-1 6.60614E-1 6.64026E-1 6.71545E-1 6.62944E-1 6.80006E-1 6.77805E-1 6.84317E-1 6.86416E-1 6.8605E-1 6.79455E-1 6.66729E-1 6.78366E-1 6.8585E-1 7.15693E-1 7.27259E-1 7.22374E-1 7.07366E-1 6.95859E-1 6.89814E-1 6.96311E-1 6.91664E-1 6.91286E-1 6.98845E-1 6.81986E-1 6.67819E-1 6.65274E-1 6.84772E-1 7.00905E-1 7.12699E-1 7.3395E-1 7.3483E-1 7.24029E-1 7.12328E-1 6.68165E-1 6.53996E-1 6.64539E-1 6.70317E-1 6.78396E-1 6.86725E-1 6.78329E-1 6.7971E-1 6.66915E-1 6.60748E-1 6.58781E-1 6.5545E-1
6.1195E-1 6.31049E-1 6.39929E-1 6.45542E-1 6.39147E-1 6.32616E-1 6.30851E-1 6.33198E-1 6.39701E-1 6.40655E-1 6.38838E-1 6.45654E-1 6.45648E-1 6.52641E-1 6.58617E-1 6.62135E-1 6.68298E-1 6.73201E-1 6.78789E-1 6.85119E-1 6.91702E-1 6.86564E-1 6.86441E-1 6.89752E-1 6.96245E-1 6.91099E-1 6.91526E-1 6.76597E-1 6.9301E-1 7.24552E-1 7.32109E-1 7.23016E-1 7.06167E-1 6.81625E-1 6.73021E-1 6.78955E-1 6.95751E-1 7.01444E-1 6.92325E-1 6.87623E-1 6.67672E-1 6.61912E-1 6.82416E-1 7.01846E-1 7.38478E-1 7.48672E-1 7.39765E-1 7.18572E-1 7.02424E-1 6.77482E-1 6.57604E-1 6.48111E-1 6.45428E-1 6.61368E-1 6.72653E-1 6.79621E-1 6.75683E-1 6.63392E-1 6.59408E-1 6.54919E-1 6.62648E-1
6.36769E-1 6.45064E-1 6.49781E-1 6.54695E-1 6.45583E-1 6.39184E-1 6.31939E-1 6.34388E-1 6.36973E-1 6.37383E-1 6.37777E-1 6.50041E-1 6.43065E-1 6.52463E-1 6.57758E-1 6.64684E-1 6.66342E-1 6.72704E-1 6.7931E-1 6.91287E-1 7.00203E-1 6.96728E-1 7.02098E-1 7.04334E-1 7.05492E-1 6.97578E-1 7.0007E-1 7.01847E-1 7.18245E-1 7.25879E-1 7.19193E-1 7.13886E-1 6.89614E-1 6.65769E-1 6.78887E-1 6.96501E-1 6.9627E-1 6.87883E-1 6.84019E-1 6.99206E-1 6.89833E-1 6.83647E-1 6.86972E-1 7.09468E-1 7.25899E-1 7.36881E-1 7.17287E-1 6.9681E-1 6.88303E-1 6.94259E-1 6.78342E-1 6.4997E-1 6.41877E-1 6.61795E-1 6.69314E-1 6.72455E-1 6.68718E-1 6.67838E-1 6.65665E-1 6.60354E-1 6.74782E-1
6.65738E-1 6.6843E-1 6.69555E-1 6.70536E-1 6.66802E-1 6.5384E-1 6.45904E-1 6.40648E-1 6.41227E-1 6.43798E-1 6.45186E-1 6.47099E-1 6.45343E-1 6.49983E-1 6.5383E-1 6.56067E-1 6.58193E-1 6.74914E-1 6.84945E-1 6.92652E-1 7.03619E-1 7.00926E-1 7.09178E-1 7.13672E-1 7.02607E-1 7.14368E-1 7.15589E-1 7.14217E-1 7.19558E-1 7.22988E-1 7.10011E-1 6.94794E-1 6.87788E-1 6.87397E-1 7.00819E-1 7.00693E-1 6.99943E-1 6.93265E-1 6.94549E-1 7.01971E-1 7.01596E-1 6.96622E-1 6.95954E-1 6.94917E-1 7.01317E-1 7.16486E-1 7.05651E-1 7.03433E-1 7.02439E-1 7.16729E-1 6.95466E-1 6.76754E-1 6.79887E-1 6.74832E-1 6.69078E-1 6.71397E-1 6.85583E-1 6.82547E-1 6.81782E-1 6.78026E-1 6.85948E-1
6.891E-1 6.98642E-1 6.9546E-1 6.87627E-1 6.73373E-1 6.65538E-1 6.52921E-1 6.48088E-1 6.49515E-1 6.44952E-1 6.48994E-1 6.4865E-1 6.52518E-1 6.48796E-1 6.50534E-1 6.56405E-1 6.48572E-1 6.55648E-1 6.79861E-1 7.00639E-1 6.98964E-1 6.91893E-1 6.9629E-1 6.98886E-1 7.01597E-1 6.93468E-1 6.86176E-1 6.90937E-1 6.89135E-1 6.98619E-1 7.03321E-1 7.04109E-1 7.04242E-1 7.04934E-1 7.13013E-1 7.1007E-1 7.07244E-1 7.05283E-1 7.11883E-1 7.15948E-1 7.16389E-1 7.0887E-1 6.92845E-1 6.74186E-1 6.92004E-1 6.9826E-1 7.10613E-1 7.22785E-1 7.3851E-1 7.141E-1 7.07599E-1 6.95012E-1 6.76561E-1 6.6554E-1 6.757E-1 6.77929E-1 6.85252E-1 7.00438E-1 7.02644E-1 7.10126E-1 7.08902E-1
7.05834E-1 7.08269E-1 7.01237E-1 6.94924E-1 6.8718E-1 6.74065E-1 6.59907E-1 6.59439E-1 6.57221E-1 6.53452E-1 6.5514E-1 6.56678E-1 6.58816E-1 6.57022E-1 6.52689E-1 6.49871E-1 6.35532E-1 6.36223E-1 6.53648E-1 6.81779E-1 6.8488E-1 6.79984E-1 6.86261E-1 6.99531E-1 7.0232E-1 6.96606E-1 6.96861E-1 6.92199E-1 6.89206E-1 7.01542E-1 7.09116E-1 7.12452E-1 7.08155E-1 7.05135E-1 7.06008E-1 6.99675E-1 7.01959E-1 7.10808E-1 7.23261E-1 7.39598E-1 7.34498E-1 7.24001E-1 6.8688E-1 6.46272E-1 6.65422E-1 6.93848E-1 7.17073E-1 7.3333E-1 7.56555E-1 7.3044E-1 7.11592E-1 7.26323E-1 6.97698E-1 6.81757E-1 6.83567E-1 6.78717E-1 6.91409E-1 6.98438E-1 7.07773E-1 7.147E-1 7.16709E-1
7.15533E-1 7.08348E-1 7.05692E-1 7.03063E-1 6.94128E-1 6.83412E-1 6.73574E-1 6.62015E-1 6.59211E-1 6.5295E-1 6.53496E-1 6.57409E-1 6.55279E-1 6.56414E-1 6.60778E-1 6.62809E-1 6.51401E-1 6.34245E-1 6.43529E-1 6.64245E-1 6.76347E-1 6.84768E-1 6.93369E-1 6.99117E-1 6.99371E-1 7.06044E-1 7.07702E-1 6.99333E-1 7.02401E-1 6.99653E-1 7.05539E-1 7.01526E-1 6.91636E-1 6.78438E-1 6.67661E-1 6.74403E-1 6.82854E-1 7.01419E-1 7.25268E-1 7.49515E-1 7.55257E-1 7.40339E-1 6.96965E-1 6.7568E-1 6.80757E-1 6.97028E-1 7.09151E-1 7.24232E-1 7.34882E-1 7.34165E-1 7.32203E-1 7.03992E-1 6.90711E-1 6.82781E-1 6.8655E-1 6.92126E-1 6.97537E-1 7.06485E-1 7.12375E-1 7.16856E-1 7.18971E-1
7.10983E-1 7.08201E-1 7.06606E-1 7.00954E-1 6.98285E-1 6.88781E-1 6.83412E-1 6.71756E-1 6.62792E-1 6.62101E-1 6.62583E-1 6.61235E-1 6.60099E-1 6.58124E-1 6.6083E-1 6.68392E-1 6.59564E-1 6.57826E-1 6.58165E-1 6.7155E-1 6.85747E-1 6.92043E-1 6.92605E-1 6.95034E-1 7.04648E-1 7.14074E-1 7.02139E-1 7.0295E-1 7.04394E-1 7.05103E-1 6.99666E-1 6.92128E-1 6.73765E-1 6.45666E-1 6.29722E-1 6.41531E-1 6.60163E-1 6.85329E-1 7.22024E-1 7.46777E-1 7.49794E-1 7.38089E-1 7.06758E-1 7.0166E-1 6.91735E-1 6.86718E-1 6.75945E-1 6.84433E-1 7.02533E-1 6.97541E-1 7.04176E-1 7.0728E-1 7.16236E-1 7.12278E-1 7.03832E-1 7.06821E-1 7.07934E-1 7.13899E-1 7.1435E-1 7.2191E-1 7.22863E-1
