maxent_outputs/bumblebees/bombus_225.asc
ncols         426
nrows         180
xllcorner     -130.0
yllcorner     24.0
cellsize      0.16666666666666666
NODATA_value  -9999
[rows 0 to 26 of 180, columns 244 to 304 of 426]
4.63612E-1 4.64122E-1 4.65492E-1 4.66356E-1 4.68551E-1 4.70302E-1 4.6969E-1 4.69608E-1 4.73072E-1 4.7407E-1 4.76245E-1 4.79661E-1 4.78284E-1 4.795E-1 4.79154E-1 4.80734E-1 4.83014E-1 4.94427E-1 4.9516E-1 4.90981E-1 4.91575E-1 4.93038E-1 4.96249E-1 4.93715E-1 4.94728E-1 4.93692E-1 4.92499E-1 4.93925E-1 4.94411E-1 5.01852E-1 4.94382E-1 4.97141E-1 4.90338E-1 4.88015E-1 4.88778E-1 4.86392E-1 4.87218E-1 4.89792E-1 4.89075E-1 4.92267E-1 4.96352E-1 4.99686E-1 5.08307E-1 5.1601E-1 -9999 -9999 -9999 -9999 -9999 -9999 -9999 -9999 -9999 -9999 -9999 -9999 8.55276E-1 -9999 -9999 -9999 8.93254E-1
4.68516E-1 4.6635E-1 4.69474E-1 4.67974E-1 4.68802E-1 4.70922E-1 4.72982E-1 4.73726E-1 4.77633E-1 4.76868E-1 4.74967E-1 4.76939E-1 4.7954E-1 4.82497E-1 4.84157E-1 4.85597E-1 4.84408E-1 4.8522E-1 4.87663E-1 4.87106E-1 4.92485E-1 4.9094E-1 4.93706E-1 4.95298E-1 4.95037E-1 4.94885E-1 4.91072E-1 4.8993E-1 4.93777E-1 4.90663E-1 4.87956E-1 4.90632E-1 4.87907E-1 4.84551E-1 4.88102E-1 4.8654E-1 4.91237E-1 4.92007E-1 4.86375E-1 4.8877E-1 4.87928E-1 4.9548E-1 5.04424E-1 5.13529E-1 -9999 -9999 -9999 -9999 -9999 -9999 -9999 -9999 -9999 -9999 -9999 -9999 -9999 -9999 -9999 -9999 8.46855E-1
4.66193E-1 4.68298E-1 4.69044E-1 4.68287E-1 4.71865E-1 4.72401E-1 4.77493E-1 4.79048E-1 4.7899E-1 4.78001E-1 4.77215E-1 4.79537E-1 4.79613E-1 4.81391E-1 4.81426E-1 4.81681E-1 4.83497E-1 4.86653E-1 4.89716E-1 4.88675E-1 4.918E-1 4.92555E-1 4.94425E-1 4.95216E-1 4.94814E-1 4.95856E-1 4.93777E-1 4.94525E-1 4.94259E-1 4.95808E-1 4.95894E-1 4.92907E-1 4.92046E-1 4.91885E-1 4.90761E-1 4.91143E-1 4.86207E-1 4.84323E-1 4.87484E-1 4.89121E-1 4.88795E-1 4.96696E-1 5.05978E-1 -9999 -9999 -9999 -9999 -9999 -9999 -9999 -9999 -9999 -9999 -9999 -9999 -9999 -9999 6.23305E-1 -9999 -9999 8.43607E-1
4.65569E-1 4.67892E-1 4.66818E-1 4.6634E-1 4.66727E-1 4.687E-1 4.72914E-1 4.74598E-1 4.7433E-1 4.76268E-1 4.8253E-1 4.82942E-1 4.8089E-1 4.82674E-1 4.85385E-1 4.86181E-1 4.84972E-1 4.8653E-1 4.88174E-1 4.94636E-1 4.95006E-1 4.97954E-1 4.99428E-1 5.05082E-1 5.01707E-1 4.99079E-1 4.9656E-1 4.9842E-1 4.95557E-1 4.9551E-1 4.95051E-1 4.93666E-1 4.93475E-1 4.93423E-1 4.91971E-1 4.88566E-1 4.8857E-1 4.86011E-1 4.88492E-1 4.92798E-1 4.88528E-1 4.86377E-1 4.92448E-1 4.98856E-1 -9999 -9999 -9999 -9999 -9999 -9999 -9999 -9999 -9999 -9999 -9999 5.68999E-1 5.6837E-1 6.62544E-1 -9999 -9999 -9999
4.66342E-1 4.66417E-1 4.67078E-1 4.67571E-1 4.66433E-1 4.71079E-1 4.72556E-1 4.7232E-1 4.73934E-1 4.76157E-1 4.81957E-1 4.84117E-1 4.86268E-1 4.86504E-1 4.86612E-1 4.87158E-1 4.89766E-1 4.89512E-1 4.92554E-1 4.92341E-1 4.96168E-1 5.00454E-1 5.02903E-1 5.05613E-1 5.00505E-1 5.00134E-1 4.96741E-1 4.97879E-1 4.96978E-1 4.95538E-1 4.95735E-1 4.92388E-1 4.90981E-1 4.90982E-1 4.90697E-1 4.89557E-1 4.86446E-1 4.90082E-1 4.86546E-1 4.88463E-1 4.86604E-1 4.88937E-1 4.88064E-1 5.18189E-1 -9999 4.99537E-1 4.98872E-1 5.04507E-1 5.12571E-1 5.13171E-1 -9999 -9999 -9999 -9999 -9999 5.67774E-1 6.24555E-1 7.62503E-1 8.38072E-1 -9999 -9999
4.68383E-1 4.70289E-1 4.67617E-1 4.75355E-1 4.73963E-1 4.73225E-1 4.7574E-1 4.77061E-1 4.77997E-1 4.82238E-1 4.87639E-1 4.90266E-1 4.91483E-1 4.90315E-1 4.9045E-1 4.91753E-1 4.8925E-1 4.90811E-1 4.9382E-1 4.94356E-1 4.97315E-1 5.01141E-1 5.05719E-1 5.02967E-1 5.03167E-1 5.00516E-1 5.00798E-1 4.97575E-1 4.98373E-1 4.97085E-1 4.93573E-1 4.91738E-1 4.89633E-1 4.89064E-1 4.85869E-1 4.86289E-1 4.84607E-1 4.86109E-1 4.90432E-1 4.91557E-1 4.92777E-1 4.92895E-1 5.03269E-1 5.10517E-1 4.911E-1 4.86586E-1 4.89477E-1 4.9456E-1 4.99144E-1 4.97607E-1 5.08292E-1 6.48149E-1 -9999 -9999 -9999 -9999 5.80709E-1 5.58818E-1 -9999 -9999 -9999
4.75428E-1 4.77503E-1 4.70999E-1 4.71111E-1 4.75048E-1 4.77008E-1 4.80604E-1 4.80538E-1 4.86712E-1 4.85919E-1 4.90283E-1 4.95129E-1 4.92946E-1 4.89993E-1 4.92298E-1 4.91656E-1 4.90692E-1 4.93394E-1 4.9496E-1 4.96292E-1 4.98736E-1 5.00329E-1 4.98453E-1 5.03863E-1 5.03874E-1 5.03269E-1 5.00003E-1 5.00204E-1 4.9961E-1 4.96192E-1 4.95579E-1 4.93767E-1 4.90175E-1 4.92848E-1 4.88526E-1 4.86711E-1 4.8702E-1 4.8639E-1 4.90862E-1 4.88632E-1 4.91047E-1 4.92156E-1 4.95349E-1 4.92562E-1 4.99158E-1 4.97196E-1 5.02126E-1 4.95762E-1 4.96069E-1 4.98902E-1 5.01534E-1 5.14574E-1 -9999 -9999 -9999 -9999 -9999 -9999 -9999 -9999 8.9035E-1
4.69731E-1 4.69928E-1 4.70052E-1 4.73767E-1 4.77654E-1 4.76174E-1 4.77221E-1 4.80145E-1 4.80585E-1 4.85439E-1 4.86955E-1 4.90458E-1 4.90628E-1 4.91096E-1 4.91901E-1 4.91763E-1 4.924E-1 4.96236E-1 4.97857E-1 5.00857E-1 5.00487E-1 4.99343E-1 4.99252E-1 5.02815E-1 5.03063E-1 5.01238E-1 5.00191E-1 5.01804E-1 5.00049E-1 4.97725E-1 4.93237E-1 4.91136E-1 4.90432E-1 4.91962E-1 4.88277E-1 4.87705E-1 4.87505E-1 4.82531E-1 4.84788E-1 4.86096E-1 4.89386E-1 4.88755E-1 4.88693E-1 4.92927E-1 5.07992E-1 -9999 -9999 -9999 5.11107E-1 5.07012E-1 5.05212E-1 5.15374E-1 -9999 -9999 -9999 -9999 -9999 -9999 -9999 -9999 8.66476E-1
4.68111E-1 4.70285E-1 4.70794E-1 4.73926E-1 4.74518E-1 4.75703E-1 4.8068E-1 4.83672E-1 4.846E-1 4.85174E-1 4.87722E-1 4.91652E-1 4.92695E-1 4.9268E-1 4.952E-1 4.97456E-1 4.95746E-1 5.00769E-1 5.00796E-1 5.02322E-1 5.01973E-1 5.04265E-1 5.02427E-1 5.08023E-1 5.01527E-1 5.0572E-1 5.04543E-1 5.04004E-1 5.03512E-1 4.99149E-1 4.96469E-1 4.95221E-1 4.94074E-1 4.96998E-1 4.96188E-1 4.86438E-1 4.88502E-1 4.82581E-1 4.8191E-1 4.83416E-1 4.84724E-1 4.85906E-1 4.80537E-1 4.84323E-1 4.93519E-1 4.96976E-1 4.92985E-1 -9999 -9999 -9999 -9999 -9999 -9999 -9999 -9999 -9999 -9999 -9999 6.62575E-1 -9999 8.73221E-1
4.66873E-1 4.71634E-1 4.72933E-1 4.7587E-1 4.75702E-1 4.78076E-1 4.8184E-1 4.84286E-1 4.85684E-1 4.86815E-1 4.89116E-1 4.89647E-1 4.90707E-1 4.92241E-1 4.94557E-1 4.99242E-1 5.04136E-1 5.05884E-1 5.05272E-1 5.0588E-1 5.04529E-1 5.03268E-1 5.06452E-1 5.08355E-1 5.1534E-1 5.11366E-1 5.08088E-1 5.08201E-1 5.04876E-1 5.04335E-1 4.99864E-1 4.98197E-1 4.96124E-1 4.99742E-1 4.96941E-1 4.94778E-1 4.92294E-1 4.88732E-1 4.83331E-1 4.82656E-1 4.83312E-1 4.75652E-1 4.72478E-1 4.80543E-1 4.79991E-1 4.83021E-1 4.91624E-1 -9999 -9999 -9999 -9999 -9999 -9999 -9999 8.84036E-1 -9999 -9999 -9999 -9999 -9999 8.90568E-1
4.68632E-1 4.71826E-1 4.73856E-1 4.74903E-1 4.72802E-1 4.78447E-1 4.80783E-1 4.83373E-1 4.87682E-1 4.89108E-1 4.91228E-1 4.93356E-1 4.92877E-1 4.96593E-1 5.00063E-1 5.03403E-1 5.0354E-1 5.06355E-1 5.0877E-1 5.09475E-1 5.08899E-1 5.09503E-1 5.10359E-1 5.10237E-1 5.20702E-1 5.24366E-1 5.13387E-1 5.1147E-1 5.09281E-1 5.08005E-1 5.03658E-1 5.01084E-1 5.02265E-1 5.00122E-1 5.01505E-1 4.97373E-1 4.92614E-1 4.88191E-1 4.86085E-1 4.84322E-1 4.81422E-1 4.79525E-1 4.7515E-1 4.74857E-1 4.79622E-1 4.83011E-1 4.9044E-1 5.9365E-1 -9999 -9999 -9999 -9999 -9999 -9999 -9999 -9999 -9999 -9999 6.12924E-1 5.70297E-1 -9999
4.73035E-1 4.73946E-1 4.73707E-1 4.76748E-1 4.79796E-1 4.81385E-1 4.81973E-1 4.83848E-1 4.82875E-1 4.87285E-1 4.91936E-1 4.92756E-1 4.96801E-1 5.00726E-1 5.04891E-1 5.0514E-1 5.07979E-1 5.09716E-1 5.10665E-1 5.10087E-1 5.1101E-1 5.11922E-1 5.11172E-1 5.13368E-1 5.15563E-1 5.1617E-1 5.12158E-1 5.10062E-1 5.11199E-1 5.10859E-1 5.1272E-1 5.10374E-1 5.07139E-1 5.02761E-1 5.00124E-1 4.96312E-1 4.96533E-1 4.91687E-1 4.8489E-1 4.87079E-1 4.81044E-1 4.77154E-1 4.7716E-1 4.75666E-1 4.74842E-1 4.7132E-1 4.81656E-1 4.9239E-1 4.99962E-1 5.08475E-1 5.10591E-1 -9999 -9999 -9999 -9999 -9999 -9999 -9999 5.44792E-1 5.41115E-1 5.51026E-1
4.71224E-1 4.73631E-1 4.75227E-1 4.80244E-1 4.83368E-1 4.8224E-1 4.84648E-1 4.86873E-1 4.8476E-1 4.88374E-1 4.92965E-1 4.98287E-1 5.00943E-1 5.03043E-1 5.04537E-1 5.09469E-1 5.09572E-1 5.12152E-1 5.13699E-1 5.13779E-1 5.14177E-1 5.15507E-1 5.16878E-1 5.19922E-1 5.20054E-1 5.16338E-1 5.17203E-1 5.1565E-1 5.15098E-1 5.15567E-1 5.13505E-1 5.09414E-1 5.11269E-1 5.07227E-1 5.04811E-1 5.03456E-1 4.99957E-1 4.94988E-1 4.9331E-1 4.94568E-1 4.89654E-1 4.83054E-1 4.79332E-1 4.77501E-1 4.74758E-1 4.74014E-1 4.77239E-1 4.82613E-1 4.89185E-1 4.98387E-1 5.09458E-1 5.22781E-1 -9999 -9999 -9999 -9999 -9999 -9999 5.3709E-1 5.31743E-1 5.79524E-1
4.74971E-1 4.77728E-1 4.8006E-1 4.83493E-1 4.83636E-1 4.85114E-1 4.85822E-1 4.90644E-1 4.93121E-1 4.96937E-1 4.97711E-1 5.02491E-1 5.02664E-1 5.03382E-1 5.10088E-1 5.12455E-1 5.17443E-1 5.16588E-1 5.17637E-1 5.17731E-1 5.19242E-1 5.20025E-1 5.20293E-1 5.21377E-1 5.19974E-1 5.19717E-1 5.2053E-1 5.19794E-1 5.20581E-1 5.20435E-1 5.17596E-1 5.15346E-1 5.15282E-1 5.10802E-1 5.09818E-1 5.09202E-1 5.04081E-1 5.02324E-1 4.9776E-1 4.9506E-1 4.91471E-1 4.8838E-1 4.83567E-1 4.80245E-1 4.80633E-1 4.80429E-1 4.81104E-1 4.83558E-1 4.8943E-1 4.94449E-1 5.02303E-1 5.10531E-1 5.20181E-1 -9999 -9999 -9999 -9999 -9999 -9999 -9999 5.98897E-1
4.76168E-1 4.78945E-1 4.8355E-1 4.87053E-1 4.87855E-1 4.87831E-1 4.88264E-1 4.90961E-1 4.95217E-1 4.98557E-1 4.98735E-1 5.03559E-1 5.04311E-1 5.08435E-1 5.11997E-1 5.17764E-1 5.21864E-1 5.20007E-1 5.22227E-1 5.22808E-1 5.25077E-1 5.2728E-1 5.28516E-1 5.26964E-1 5.25131E-1 5.29292E-1 5.27378E-1 5.26207E-1 5.23352E-1 5.2334E-1 5.2234E-1 5.17812E-1 5.1676E-1 5.21165E-1 5.16401E-1 5.13781E-1 5.11811E-1 5.07775E-1 5.01951E-1 4.99457E-1 4.97738E-1 4.93969E-1 4.89326E-1 4.85537E-1 4.87111E-1 4.86598E-1 4.8746E-1 4.90076E-1 4.92384E-1 4.95318E-1 5.03816E-1 5.10231E-1 5.19473E-1 5.22609E-1 -9999 -9999 -9999 -9999 5.31846E-1 5.39751E-1 5.41983E-1
4.77113E-1 4.81966E-1 4.85615E-1 4.88974E-1 4.90257E-1 4.93059E-1 4.94373E-1 4.95513E-1 4.99274E-1 5.03551E-1 5.02447E-1 5.07433E-1 5.08042E-1 5.13655E-1 5.16653E-1 5.19654E-1 5.23688E-1 5.25031E-1 5.24499E-1 5.23879E-1 5.24315E-1 5.29688E-1 5.36884E-1 5.34297E-1 5.31102E-1 5.33153E-1 5.3081E-1 5.29742E-1 5.26916E-1 5.27507E-1 5.29108E-1 5.25649E-1 5.25665E-1 5.21356E-1 5.19727E-1 5.18321E-1 5.13165E-1 5.08257E-1 5.0657E-1 5.01529E-1 5.01126E-1 4.96673E-1 4.92719E-1 4.92545E-1 4.90646E-1 4.9421E-1 4.98673E-1 5.02738E-1 5.01425E-1 5.05397E-1 5.12863E-1 5.20141E-1 5.18866E-1 5.2813E-1 -9999 -9999 -9999 5.38513E-1 5.36735E-1 5.31408E-1 5.33658E-1
4.83153E-1 4.85877E-1 4.88557E-1 4.9259E-1 4.94224E-1 4.95883E-1 4.99915E-1 5.02865E-1 5.05833E-1 5.10131E-1 5.13135E-1 5.12778E-1 5.14005E-1 5.17116E-1 5.18466E-1 5.21763E-1 5.21114E-1 5.25351E-1 5.28701E-1 5.31613E-1 5.30413E-1 5.31593E-1 5.33393E-1 5.36385E-1 5.39544E-1 5.40559E-1 5.34313E-1 5.3509E-1 5.35569E-1 5.34005E-1 5.31591E-1 5.29263E-1 5.25733E-1 5.26513E-1 5.22451E-1 5.2128E-1 5.18873E-1 5.18823E-1 5.12741E-1 5.07407E-1 5.0967E-1 5.04688E-1 5.0055E-1 4.9881E-1 4.99942E-1 5.01112E-1 5.06954E-1 5.10659E-1 5.09623E-1 5.14238E-1 5.17949E-1 5.20086E-1 5.26344E-1 5.30207E-1 5.28595E-1 5.28486E-1 5.40456E-1 5.39826E-1 5.40096E-1 5.33647E-1 5.35871E-1
4.86896E-1 4.8835E-1 4.90779E-1 4.94163E-1 4.97153E-1 5.01293E-1 5.0167E-1 5.0675E-1 5.10794E-1 5.12261E-1 5.14731E-1 5.15938E-1 5.18074E-1 5.19923E-1 5.22096E-1 5.23293E-1 5.27399E-1 5.30226E-1 5.32488E-1 5.37753E-1 5.37836E-1 5.39036E-1 5.38888E-1 5.39921E-1 5.40033E-1 5.38135E-1 5.39944E-1 5.39056E-1 5.40104E-1 5.39574E-1 5.35522E-1 5.3543E-1 5.33404E-1 5.29836E-1 5.28043E-1 5.26906E-1 5.2482E-1 5.23634E-1 5.22155E-1 5.19985E-1 5.13977E-1 5.0787E-1 5.06492E-1 5.03768E-1 5.02693E-1 5.13677E-1 5.18144E-1 5.16134E-1 5.15727E-1 5.18845E-1 5.198E-1 5.21468E-1 5.20079E-1 5.24458E-1 5.18611E-1 5.21216E-1 5.37479E-1 5.42718E-1 5.38528E-1 5.32138E-1 5.33494E-1
4.88677E-1 4.94193E-1 4.98494E-1 5.01468E-1 5.05032E-1 5.07529E-1 5.10914E-1 5.08243E-1 5.08434E-1 5.11842E-1 5.13701E-1 5.16439E-1 5.20187E-1 5.23427E-1 5.25037E-1 5.28314E-1 5.34877E-1 5.41935E-1 5.43463E-1 5.41085E-1 5.41102E-1 5.43117E-1 5.43804E-1 5.44953E-1 5.44366E-1 5.46859E-1 5.45056E-1 5.44422E-1 5.43999E-1 5.41155E-1 5.38711E-1 5.39377E-1 5.36422E-1 5.39372E-1 5.33577E-1 5.29962E-1 5.28782E-1 5.26334E-1 5.24579E-1 5.22883E-1 5.18995E-1 5.18426E-1 5.14073E-1 5.12313E-1 5.14681E-1 5.14588E-1 5.16662E-1 5.22451E-1 5.15379E-1 5.13301E-1 5.18394E-1 5.22264E-1 5.17553E-1 5.17657E-1 5.18637E-1 5.17468E-1 5.23903E-1 5.26301E-1 5.25258E-1 5.26259E-1 5.2776E-1
4.9191E-1 4.98573E-1 4.99281E-1 5.03772E-1 5.09733E-1 5.10129E-1 5.15814E-1 5.13261E-1 5.1101E-1 5.10319E-1 5.11229E-1 5.15147E-1 5.21213E-1 5.26897E-1 5.29732E-1 5.31393E-1 5.40526E-1 5.42227E-1 5.48583E-1 5.49596E-1 5.4933E-1 5.50547E-1 5.51512E-1 5.50338E-1 5.51192E-1 5.53288E-1 5.5162E-1 5.50899E-1 5.51473E-1 5.47385E-1 5.43123E-1 5.42415E-1 5.4373E-1 5.4359E-1 5.39196E-1 5.37563E-1 5.33174E-1 5.30552E-1 5.29581E-1 5.2819E-1 5.2648E-1 5.26745E-1 5.23053E-1 5.17797E-1 5.17548E-1 5.16492E-1 5.16727E-1 5.18726E-1 5.16207E-1 5.11535E-1 5.16332E-1 5.16131E-1 5.18628E-1 5.20349E-1 5.21332E-1 5.25141E-1 5.21121E-1 5.22068E-1 5.22304E-1 5.23074E-1 5.25789E-1
4.96378E-1 5.00387E-1 5.04721E-1 5.0817E-1 5.16215E-1 5.1789E-1 5.20341E-1 5.15959E-1 5.12716E-1 5.1838E-1 5.22647E-1 5.23423E-1 5.20964E-1 5.27209E-1 5.2854E-1 5.32E-1 5.41731E-1 5.44958E-1 5.4747E-1 5.50939E-1 5.53807E-1 5.51809E-1 5.53549E-1 5.56721E-1 5.5664E-1 5.54663E-1 5.52598E-1 5.55531E-1 5.56697E-1 5.51663E-1 5.49113E-1 5.48022E-1 5.44327E-1 5.45148E-1 5.43624E-1 5.40434E-1 5.39551E-1 5.37487E-1 5.34184E-1 5.35795E-1 5.36665E-1 5.3045E-1 5.25878E-1 5.23669E-1 5.27188E-1 5.24663E-1 5.21866E-1 5.24673E-1 5.24797E-1 5.23295E-1 5.22704E-1 5.22643E-1 5.23754E-1 5.21893E-1 5.26041E-1 5.27367E-1 5.26663E-1 5.23952E-1 5.23477E-1 5.25097E-1 5.28116E-1
5.01208E-1 5.0877E-1 5.08644E-1 5.1319E-1 5.17712E-1 5.22329E-1 5.2103E-1 5.23648E-1 5.20177E-1 5.23575E-1 5.18694E-1 5.22154E-1 5.27088E-1 5.32078E-1 5.33137E-1 5.37126E-1 5.42083E-1 5.46888E-1 5.46654E-1 5.51037E-1 5.5465E-1 5.56054E-1 5.54492E-1 5.58085E-1 5.60739E-1 5.59689E-1 5.61221E-1 5.58422E-1 5.61564E-1 5.58614E-1 5.52736E-1 5.51143E-1 5.51887E-1 5.52471E-1 5.49712E-1 5.48447E-1 5.4831E-1 5.44389E-1 5.43158E-1 5.44664E-1 5.41803E-1 5.35686E-1 5.31774E-1 5.33596E-1 5.29876E-1 5.31456E-1 5.28437E-1 5.2716E-1 5.27076E-1 5.29116E-1 5.28868E-1 5.28315E-1 5.27953E-1 5.32354E-1 5.42853E-1 5.332E-1 5.29118E-1 5.25524E-1 5.25317E-1 5.25938E-1 5.25151E-1
5.09094E-1 5.13045E-1 5.18088E-1 5.37386E-1 5.60247E-1 5.53186E-1 5.38046E-1 5.29661E-1 5.26288E-1 5.26578E-1 5.2028E-1 5.19487E-1 5.2501E-1 5.24413E-1 5.3173E-1 5.37799E-1 5.53226E-1 5.49618E-1 5.52657E-1 5.51999E-1 5.58115E-1 5.61363E-1 5.61336E-1 5.65504E-1 5.66034E-1 5.67196E-1 5.63595E-1 5.62683E-1 5.61544E-1 5.6043E-1 5.60441E-1 5.59757E-1 5.56441E-1 5.58082E-1 5.57074E-1 5.57642E-1 5.56426E-1 5.52543E-1 5.50281E-1 5.48283E-1 5.45996E-1 5.4331E-1 5.4053E-1 5.39614E-1 5.35325E-1 5.35179E-1 5.37862E-1 5.33901E-1 5.30274E-1 5.34261E-1 5.34035E-1 5.33491E-1 5.37845E-1 5.40296E-1 5.40817E-1 5.34014E-1 5.31276E-1 5.32501E-1 5.32411E-1 5.28201E-1 5.28763E-1
5.14293E-1 5.22131E-1 5.43405E-1 5.80175E-1 5.76294E-1 5.83841E-1 5.77571E-1 5.4723E-1 5.35475E-1 5.30223E-1 5.25673E-1 5.28816E-1 5.20066E-1 5.1851E-1 5.26428E-1 5.32982E-1 5.47507E-1 5.4528E-1 5.52737E-1 5.58683E-1 5.61674E-1 5.65645E-1 5.67511E-1 5.71925E-1 5.72233E-1 5.74097E-1 5.6715E-1 5.67508E-1 5.65614E-1 5.63517E-1 5.64538E-1 5.65113E-1 5.63435E-1 5.63818E-1 5.64051E-1 5.64131E-1 5.64059E-1 5.65575E-1 5.61171E-1 5.56644E-1 5.52842E-1 5.49381E-1 5.51753E-1 5.49789E-1 5.45858E-1 5.42785E-1 5.41262E-1 5.36722E-1 5.38086E-1 5.38962E-1 5.41057E-1 5.39645E-1 5.3976E-1 5.38257E-1 5.38955E-1 5.33019E-1 5.35292E-1 5.35139E-1 5.33592E-1 5.31894E-1 5.32871E-1
5.21254E-1 5.26805E-1 5.68089E-1 5.95441E-1 5.94737E-1 6.08898E-1 6.11749E-1 5.95755E-1 5.43252E-1 5.33783E-1 5.36053E-1 5.35559E-1 5.17313E-1 5.18681E-1 5.20778E-1 5.3365E-1 5.46707E-1 5.53162E-1 5.68567E-1 5.69995E-1 5.65275E-1 5.67966E-1 5.74451E-1 5.73898E-1 5.76395E-1 5.73951E-1 5.71985E-1 5.71525E-1 5.70022E-1 5.71375E-1 5.71236E-1 5.73927E-1 5.73584E-1 5.71266E-1 5.69833E-1 5.72118E-1 5.71552E-1 5.68961E-1 5.69564E-1 5.59324E-1 5.58152E-1 5.52285E-1 5.526E-1 5.54528E-1 5.49626E-1 5.51328E-1 5.49094E-1 5.47775E-1 5.47878E-1 5.46161E-1 5.45977E-1 5.45042E-1 5.43963E-1 5.42983E-1 5.40304E-1 5.4118E-1 5.38591E-1 5.41655E-1 5.39195E-1 5.33002E-1 5.30798E-1
5.24086E-1 5.39813E-1 5.94827E-1 6.1149E-1 6.17945E-1 6.19763E-1 6.20747E-1 5.93863E-1 5.48727E-1 5.41266E-1 5.41434E-1 5.31083E-1 5.30263E-1 5.2566E-1 5.23835E-1 5.375E-1 5.57851E-1 5.49239E-1 5.62949E-1 5.81324E-1 5.72773E-1 5.69474E-1 5.69511E-1 5.77486E-1 5.76801E-1 5.73692E-1 5.71381E-1 5.7024E-1 5.70329E-1 5.71161E-1 5.73073E-1 5.77063E-1 5.76031E-1 5.73374E-1 5.74283E-1 5.76564E-1 5.76013E-1 5.72866E-1 5.70517E-1 5.6371E-1 5.58198E-1 5.58266E-1 5.58804E-1 5.59124E-1 5.52888E-1 5.45113E-1 5.43755E-1 5.46304E-1 5.4931E-1 5.54458E-1 5.58141E-1 5.57425E-1 5.57505E-1 5.49126E-1 5.48733E-1 5.47315E-1 5.4363E-1 5.46071E-1 5.40891E-1 5.36131E-1 5.30062E-1
5.26677E-1 5.32512E-1 5.83071E-1 6.0334E-1 6.05599E-1 6.18455E-1 6.20776E-1 5.75796E-1 5.49413E-1 5.47605E-1 5.42156E-1 5.36814E-1 5.3734E-1 5.37709E-1 5.48614E-1 5.7328E-1 5.70081E-1 5.68988E-1 5.64908E-1 5.70522E-1 5.66848E-1 5.65955E-1 5.70698E-1 5.71115E-1 5.68743E-1 5.67906E-1 5.68096E-1 5.70484E-1 5.74328E-1 5.7168E-1 5.7359E-1 5.73268E-1 5.76069E-1 5.76996E-1 5.79359E-1 5.8031E-1 5.82585E-1 5.80142E-1 5.74822E-1 5.68073E-1 5.59745E-1 5.62504E-1 5.66167E-1 5.64875E-1 5.56702E-1 5.53869E-1 5.51409E-1 5.54893E-1 5.59772E-1 5.6625E-1 5.66402E-1 5.6445E-1 5.52124E-1 5.55726E-1 5.53554E-1 5.48906E-1 5.48201E-1 5.43151E-1 5.36353E-1 5.34499E-1 5.33062E-1
