maxent_outputs/bumblebees/bombus_176.asc
ncols         426
nrows         180
xllcorner     -130.0
yllcorner     24.0
cellsize      0.16666666666666666
NODATA_value  -9999
[rows 81 to 107 of 180, columns 183 to 243 of 426]
4.20763E-1 4.20781E-1 4.21592E-1 4.23379E-1 4.25126E-1 4.2741E-1 4.3248E-1 4.3913E-1 4.43655E-1 4.4897E-1 4.52112E-1 4.52776E-1 4.5973E-1 4.63232E-1 4.62301E-1 4.62811E-1 4.70282E-1 4.83833E-1 4.95171E-1 5.029E-1 5.04049E-1 5.0482E-1 5.08802E-1 5.1622E-1 5.21498E-1 5.25524E-1 5.31032E-1 5.33954E-1 5.36931E-1 5.38318E-1 5.43104E-1 5.47001E-1 5.46717E-1 5.50467E-1 5.52878E-1 5.69519E-1 5.86966E-1 6.0661E-1 6.02992E-1 5.95062E-1 5.92649E-1 5.81695E-1 5.70541E-1 5.6101E-1 5.61804E-1 5.69788E-1 5.74442E-1 5.75875E-1 5.84502E-1 5.88852E-1 5.93971E-1 6.00311E-1 6.03693E-1 6.00855E-1 6.06563E-1 6.12843E-1 6.19779E-1 6.22446E-1 6.1173E-1 6.11076E-1 6.11188E-1
4.2323E-1 4.23176E-1 4.24018E-1 4.23923E-1 4.26367E-1 4.29729E-1 4.37539E-1 4.47176E-1 4.55608E-1 4.57033E-1 4.56902E-1 4.62231E-1 4.68239E-1 4.754E-1 4.72476E-1 4.71045E-1 4.74338E-1 4.84908E-1 4.98924E-1 5.07161E-1 5.06625E-1 5.10194E-1 5.17248E-1 5.23564E-1 5.29293E-1 5.29271E-1 5.32678E-1 5.3609E-1 5.39264E-1 5.40762E-1 5.42382E-1 5.47769E-1 5.46427E-1 5.4818E-1 5.51371E-1 5.7092E-1 6.05837E-1 6.4593E-1 6.68647E-1 6.34299E-1 6.13209E-1 5.96698E-1 5.80027E-1 5.71632E-1 5.7104E-1 5.7857E-1 5.83136E-1 5.80692E-1 5.85565E-1 5.91579E-1 5.94275E-1 5.9742E-1 6.00355E-1 6.03822E-1 6.10616E-1 6.16781E-1 6.16804E-1 6.1391E-1 6.08959E-1 6.05116E-1 6.05401E-1
4.26711E-1 4.29072E-1 4.24539E-1 4.26414E-1 4.30394E-1 4.35444E-1 4.41205E-1 4.50665E-1 4.60416E-1 4.63655E-1 4.66168E-1 4.71132E-1 4.78045E-1 4.85745E-1 4.85038E-1 4.7954E-1 4.81236E-1 4.87736E-1 4.93029E-1 5.0136E-1 5.10411E-1 5.20624E-1 5.25143E-1 5.27835E-1 5.33941E-1 5.34649E-1 5.33498E-1 5.33655E-1 5.3937E-1 5.37647E-1 5.36577E-1 5.4175E-1 5.48882E-1 5.52418E-1 5.61465E-1 5.79177E-1 6.0988E-1 6.49183E-1 6.69456E-1 6.40863E-1 6.19059E-1 6.04595E-1 5.87819E-1 5.82675E-1 5.83366E-1 5.79668E-1 5.87706E-1 5.90178E-1 5.91078E-1 5.9807E-1 5.95743E-1 5.98347E-1 5.97977E-1 5.99274E-1 6.03003E-1 6.06793E-1 6.06242E-1 6.08873E-1 6.06315E-1 6.06251E-1 6.07126E-1
4.29292E-1 4.29357E-1 4.28098E-1 4.28179E-1 4.33784E-1 4.43655E-1 4.50661E-1 4.57818E-1 4.65998E-1 4.66865E-1 4.73356E-1 4.79933E-1 4.80404E-1 4.83446E-1 4.86269E-1 4.85807E-1 4.83889E-1 4.78626E-1 4.83224E-1 4.89773E-1 4.99898E-1 5.12446E-1 5.21354E-1 5.27847E-1 5.32964E-1 5.37048E-1 5.41647E-1 5.39805E-1 5.38272E-1 5.33106E-1 5.30788E-1 5.3813E-1 5.46543E-1 5.52649E-1 5.62524E-1 5.75563E-1 5.96521E-1 6.16553E-1 6.22151E-1 6.1964E-1 6.10662E-1 6.01173E-1 5.95245E-1 5.91121E-1 5.87996E-1 5.81225E-1 5.93694E-1 6.02127E-1 6.02046E-1 6.02362E-1 5.99983E-1 6.00521E-1 5.9828E-1 5.98588E-1 5.92928E-1 5.95317E-1 5.99472E-1 6.04306E-1 6.10199E-1 6.11387E-1 6.11949E-1
4.27485E-1 4.26047E-1 4.2693E-1 4.28451E-1 4.33025E-1 4.43499E-1 4.49104E-1 4.60132E-1 4.65123E-1 4.67282E-1 4.7158E-1 4.77044E-1 4.75726E-1 4.72847E-1 4.72944E-1 4.73859E-1 4.73273E-1 4.73357E-1 4.75834E-1 4.81961E-1 4.93403E-1 5.03458E-1 5.14549E-1 5.2157E-1 5.29753E-1 5.35514E-1 5.37917E-1 5.40301E-1 5.42443E-1 5.38733E-1 5.36389E-1 5.416E-1 5.47126E-1 5.51817E-1 5.57468E-1 5.60047E-1 5.74597E-1 5.87558E-1 5.92145E-1 5.99803E-1 5.99217E-1 5.97603E-1 5.95865E-1 5.95127E-1 5.96411E-1 5.98905E-1 6.06851E-1 6.13308E-1 6.13035E-1 6.06357E-1 6.02928E-1 6.04155E-1 5.994E-1 5.94153E-1 5.90878E-1 5.89329E-1 5.95308E-1 6.03629E-1 6.12167E-1 6.1863E-1 6.22602E-1
4.26615E-1 4.30924E-1 4.33631E-1 4.34338E-1 4.37321E-1 4.42312E-1 4.4775E-1 4.56245E-1 4.60045E-1 4.67836E-1 4.70557E-1 4.70925E-1 4.68378E-1 4.63789E-1 4.65265E-1 4.63515E-1 4.64871E-1 4.68815E-1 4.7437E-1 4.77866E-1 4.84175E-1 4.97735E-1 5.08086E-1 5.16022E-1 5.26021E-1 5.36726E-1 5.41573E-1 5.45194E-1 5.46002E-1 5.49356E-1 5.46996E-1 5.52031E-1 5.53413E-1 5.61145E-1 5.64849E-1 5.73727E-1 5.79544E-1 5.82617E-1 5.8531E-1 5.8803E-1 5.89813E-1 5.96092E-1 5.98427E-1 5.96723E-1 5.9896E-1 6.08283E-1 6.14293E-1 6.17264E-1 6.1475E-1 6.13359E-1 6.07531E-1 6.06336E-1 6.03475E-1 5.97226E-1 5.94482E-1 5.95237E-1 6.03374E-1 6.10743E-1 6.17182E-1 6.25359E-1 6.33371E-1
4.27138E-1 4.35634E-1 4.40539E-1 4.42682E-1 4.40578E-1 4.45284E-1 4.55489E-1 4.60038E-1 4.6337E-1 4.65416E-1 4.64504E-1 4.68984E-1 4.73809E-1 4.70733E-1 4.6901E-1 4.64669E-1 4.65177E-1 4.74767E-1 4.75743E-1 4.76847E-1 4.81774E-1 4.89325E-1 5.02123E-1 5.11273E-1 5.22942E-1 5.37027E-1 5.4867E-1 5.54096E-1 5.48151E-1 5.53273E-1 5.6E-1 5.64015E-1 5.68473E-1 5.73945E-1 5.78964E-1 5.81559E-1 5.82697E-1 5.80172E-1 5.79548E-1 5.82542E-1 5.88958E-1 5.9297E-1 5.94469E-1 5.95842E-1 5.97128E-1 6.03863E-1 6.0844E-1 6.08915E-1 6.12132E-1 6.13645E-1 6.129E-1 6.10225E-1 6.12835E-1 6.07413E-1 6.00658E-1 6.03417E-1 6.12049E-1 6.20014E-1 6.27847E-1 6.32453E-1 6.37236E-1
4.36967E-1 4.43603E-1 4.50541E-1 4.53828E-1 4.5169E-1 4.52011E-1 4.55507E-1 4.60452E-1 4.67556E-1 4.66208E-1 4.59557E-1 4.62402E-1 4.75839E-1 4.72985E-1 4.73716E-1 4.73814E-1 4.76437E-1 4.84123E-1 4.81306E-1 4.77842E-1 4.81465E-1 4.90606E-1 5.04021E-1 5.15058E-1 5.26419E-1 5.36704E-1 5.51925E-1 5.56501E-1 5.53152E-1 5.59168E-1 5.65699E-1 5.71561E-1 5.77347E-1 5.83253E-1 5.84618E-1 5.85329E-1 5.84128E-1 5.81055E-1 5.79368E-1 5.83535E-1 5.87831E-1 5.91204E-1 5.94182E-1 5.92267E-1 5.9238E-1 5.93551E-1 5.98307E-1 6.03581E-1 6.09294E-1 6.11266E-1 6.16269E-1 6.1624E-1 6.18523E-1 6.1975E-1 6.18022E-1 6.1812E-1 6.25279E-1 6.33748E-1 6.37012E-1 6.41821E-1 6.46495E-1
4.40132E-1 4.5024E-1 4.55954E-1 4.55536E-1 4.56302E-1 4.55855E-1 4.54586E-1 4.58933E-1 4.64812E-1 4.63277E-1 4.57265E-1 4.66426E-1 4.76523E-1 4.69573E-1 4.66502E-1 4.7413E-1 4.8315E-1 4.90323E-1 4.90393E-1 4.89009E-1 4.94518E-1 5.02939E-1 5.12501E-1 5.23682E-1 5.31963E-1 5.37356E-1 5.52154E-1 5.59349E-1 5.62214E-1 5.66639E-1 5.70992E-1 5.76437E-1 5.81537E-1 5.89099E-1 5.89593E-1 5.91295E-1 5.89894E-1 5.8806E-1 5.83799E-1 5.86388E-1 5.86521E-1 5.87444E-1 5.91412E-1 5.94774E-1 5.92475E-1 5.93796E-1 5.96747E-1 6.03213E-1 6.09823E-1 6.09752E-1 6.12803E-1 6.20358E-1 6.27234E-1 6.34645E-1 6.38224E-1 6.36529E-1 6.37062E-1 6.40657E-1 6.4492E-1 6.46676E-1 6.48086E-1
4.37265E-1 4.45433E-1 4.58911E-1 4.63727E-1 4.65433E-1 4.6339E-1 4.56427E-1 4.55322E-1 4.59219E-1 4.62917E-1 4.65203E-1 4.75986E-1 4.74397E-1 4.66902E-1 4.70204E-1 4.68188E-1 4.77698E-1 4.86291E-1 4.9478E-1 5.03613E-1 5.12717E-1 5.12888E-1 5.15551E-1 5.20164E-1 5.31113E-1 5.41334E-1 5.46942E-1 5.57246E-1 5.65565E-1 5.69955E-1 5.72952E-1 5.79366E-1 5.89317E-1 5.90692E-1 5.95538E-1 5.95909E-1 5.9634E-1 5.94219E-1 5.92305E-1 5.88766E-1 5.8833E-1 5.85759E-1 5.89427E-1 5.94032E-1 5.98108E-1 5.9827E-1 6.01149E-1 6.08097E-1 6.13235E-1 6.13795E-1 6.14127E-1 6.20119E-1 6.29866E-1 6.4272E-1 6.48267E-1 6.51247E-1 6.49211E-1 6.48218E-1 6.45471E-1 6.45511E-1 6.47209E-1
4.38214E-1 4.44317E-1 4.56932E-1 4.66675E-1 4.66436E-1 4.63195E-1 4.59094E-1 4.49631E-1 4.59836E-1 4.69658E-1 4.73805E-1 4.80779E-1 4.75143E-1 4.73122E-1 4.7269E-1 4.72305E-1 4.7172E-1 4.832E-1 4.94732E-1 5.06004E-1 5.10148E-1 5.07539E-1 5.09222E-1 5.14934E-1 5.29497E-1 5.41002E-1 5.43297E-1 5.44191E-1 5.51174E-1 5.58526E-1 5.64443E-1 5.73533E-1 5.85062E-1 5.95056E-1 5.97138E-1 6.0136E-1 6.01003E-1 5.99482E-1 5.95666E-1 5.90054E-1 5.8362E-1 5.76935E-1 5.83815E-1 5.97577E-1 6.01168E-1 6.01393E-1 6.05897E-1 6.13382E-1 6.19536E-1 6.21109E-1 6.23034E-1 6.28466E-1 6.35028E-1 6.4445E-1 6.55803E-1 6.61034E-1 6.56957E-1 6.56073E-1 6.50761E-1 6.50123E-1 6.48566E-1
4.34389E-1 4.38705E-1 4.48526E-1 4.55788E-1 4.61093E-1 4.63508E-1 4.62519E-1 4.62441E-1 4.69303E-1 4.68482E-1 4.75918E-1 4.8106E-1 4.84449E-1 4.81078E-1 4.73332E-1 4.7192E-1 4.70074E-1 4.80705E-1 4.90975E-1 4.93699E-1 4.95397E-1 5.00692E-1 5.04015E-1 5.1236E-1 5.29933E-1 5.41012E-1 5.37842E-1 5.31287E-1 5.42624E-1 5.52789E-1 5.6058E-1 5.721E-1 5.85828E-1 5.95089E-1 6.0309E-1 6.03166E-1 6.02346E-1 6.03937E-1 6.01009E-1 5.98627E-1 5.90238E-1 5.77315E-1 5.84747E-1 5.97702E-1 6.02949E-1 6.03331E-1 6.08649E-1 6.13934E-1 6.25818E-1 6.26305E-1 6.31238E-1 6.36412E-1 6.43063E-1 6.51393E-1 6.63495E-1 6.64849E-1 6.62283E-1 6.58064E-1 6.52155E-1 6.5318E-1 6.56474E-1
4.32486E-1 4.4019E-1 4.4655E-1 4.51987E-1 4.56475E-1 4.57165E-1 4.63878E-1 4.7276E-1 4.74853E-1 4.73979E-1 4.81006E-1 4.86214E-1 4.95982E-1 4.96457E-1 4.78339E-1 4.76027E-1 4.80042E-1 4.83137E-1 4.84004E-1 4.77219E-1 4.80634E-1 4.89308E-1 4.96203E-1 5.07993E-1 5.25593E-1 5.37567E-1 5.36539E-1 5.35336E-1 5.4188E-1 5.57211E-1 5.68636E-1 5.79791E-1 5.9118E-1 6.00497E-1 6.06354E-1 6.05289E-1 6.03191E-1 6.02832E-1 6.03809E-1 6.07734E-1 6.04622E-1 5.98347E-1 6.00594E-1 6.04823E-1 6.07391E-1 6.08626E-1 6.12613E-1 6.21235E-1 6.30747E-1 6.3723E-1 6.4362E-1 6.45979E-1 6.51333E-1 6.58069E-1 6.6516E-1 6.70665E-1 6.68401E-1 6.639E-1 6.61726E-1 6.6346E-1 6.64276E-1
4.37487E-1 4.43742E-1 4.54249E-1 4.54191E-1 4.5795E-1 4.61108E-1 4.66475E-1 4.72182E-1 4.75332E-1 4.78234E-1 4.85085E-1 4.91378E-1 4.95096E-1 4.98221E-1 4.851E-1 4.79994E-1 4.82672E-1 4.84591E-1 4.82806E-1 4.7826E-1 4.85553E-1 4.91297E-1 4.96847E-1 5.12577E-1 5.28668E-1 5.41205E-1 5.47927E-1 5.49764E-1 5.59956E-1 5.70716E-1 5.77816E-1 5.91061E-1 6.03706E-1 6.05734E-1 6.10603E-1 6.13007E-1 6.14392E-1 6.03207E-1 6.06373E-1 6.13366E-1 6.20487E-1 6.15772E-1 6.14583E-1 6.15371E-1 6.18092E-1 6.21888E-1 6.27516E-1 6.30629E-1 6.35914E-1 6.44049E-1 6.54128E-1 6.5681E-1 6.58433E-1 6.6001E-1 6.68136E-1 6.75607E-1 6.77456E-1 6.75568E-1 6.74546E-1 6.75794E-1 6.74871E-1
4.45473E-1 4.51237E-1 4.56558E-1 4.60148E-1 4.6159E-1 4.65589E-1 4.68561E-1 4.73965E-1 4.77398E-1 4.8142E-1 4.83256E-1 4.8719E-1 4.89423E-1 4.93575E-1 4.88855E-1 4.85056E-1 4.81279E-1 4.81784E-1 4.8597E-1 4.94117E-1 5.0354E-1 5.09252E-1 5.15181E-1 5.24493E-1 5.36596E-1 5.50101E-1 5.56568E-1 5.65611E-1 5.73528E-1 5.80495E-1 5.86748E-1 5.99566E-1 6.08101E-1 6.10595E-1 6.15967E-1 6.14263E-1 6.10106E-1 6.08018E-1 6.11018E-1 6.20026E-1 6.29691E-1 6.30931E-1 6.28435E-1 6.30005E-1 6.36158E-1 6.37692E-1 6.45125E-1 6.44459E-1 6.44385E-1 6.48563E-1 6.6217E-1 6.66689E-1 6.67021E-1 6.70245E-1 6.77639E-1 6.82935E-1 6.82349E-1 6.80787E-1 6.85282E-1 6.86181E-1 6.87631E-1
4.50696E-1 4.51546E-1 4.57349E-1 4.62098E-1 4.64835E-1 4.6926E-1 4.72995E-1 4.7617E-1 4.78627E-1 4.82129E-1 4.86737E-1 4.89616E-1 4.91972E-1 4.95411E-1 4.94009E-1 4.93036E-1 4.91654E-1 4.91977E-1 4.93555E-1 5.0237E-1 5.13045E-1 5.27641E-1 5.41377E-1 5.43552E-1 5.49662E-1 5.58348E-1 5.66273E-1 5.74853E-1 5.82585E-1 5.91449E-1 6.00146E-1 6.07641E-1 6.10192E-1 6.11808E-1 6.16973E-1 6.14458E-1 6.14809E-1 6.13854E-1 6.18349E-1 6.27208E-1 6.35249E-1 6.41731E-1 6.4276E-1 6.45876E-1 6.49109E-1 6.5634E-1 6.61822E-1 6.57644E-1 6.55029E-1 6.58684E-1 6.67357E-1 6.76947E-1 6.7755E-1 6.79666E-1 6.84544E-1 6.90772E-1 6.86694E-1 6.9013E-1 6.93587E-1 6.98613E-1 6.98663E-1
4.47625E-1 4.46746E-1 4.54414E-1 4.62022E-1 4.69306E-1 4.74771E-1 4.78707E-1 4.82794E-1 4.83078E-1 4.87456E-1 4.91605E-1 4.97065E-1 5.04715E-1 5.07619E-1 5.0283E-1 5.06538E-1 5.04712E-1 5.07155E-1 5.10774E-1 5.19182E-1 5.25639E-1 5.3774E-1 5.52206E-1 5.52271E-1 5.58588E-1 5.703E-1 5.77895E-1 5.82982E-1 5.92973E-1 6.045E-1 6.15822E-1 6.19893E-1 6.20479E-1 6.18972E-1 6.25304E-1 6.25105E-1 6.23807E-1 6.23351E-1 6.30177E-1 6.39081E-1 6.49785E-1 6.51896E-1 6.53736E-1 6.58869E-1 6.60742E-1 6.67179E-1 6.6796E-1 6.66125E-1 6.66171E-1 6.72433E-1 6.80347E-1 6.84529E-1 6.86644E-1 6.92731E-1 6.94134E-1 6.98534E-1 6.95879E-1 6.92016E-1 6.99933E-1 7.10869E-1 7.16893E-1
4.45139E-1 4.4532E-1 4.561E-1 4.64474E-1 4.74995E-1 4.79615E-1 4.82135E-1 4.85342E-1 4.89939E-1 4.89438E-1 4.97193E-1 5.04121E-1 5.12063E-1 5.14904E-1 5.13298E-1 5.1517E-1 5.19733E-1 5.2471E-1 5.31754E-1 5.37814E-1 5.43314E-1 5.52017E-1 5.64158E-1 5.67232E-1 5.71594E-1 5.83644E-1 5.88181E-1 5.91598E-1 6.01657E-1 6.14237E-1 6.29238E-1 6.38697E-1 6.39536E-1 6.37536E-1 6.43396E-1 6.39828E-1 6.37406E-1 6.39764E-1 6.40817E-1 6.48925E-1 6.57028E-1 6.57219E-1 6.6225E-1 6.67938E-1 6.70551E-1 6.70016E-1 6.69877E-1 6.70792E-1 6.74626E-1 6.82761E-1 6.89615E-1 6.9495E-1 7.0119E-1 7.01451E-1 7.01617E-1 7.04557E-1 7.07442E-1 7.08088E-1 7.092E-1 7.20288E-1 7.27414E-1
4.55573E-1 4.58275E-1 4.63417E-1 4.69915E-1 4.75942E-1 4.82586E-1 4.88912E-1 4.92248E-1 4.97115E-1 4.96946E-1 5.05328E-1 5.11032E-1 5.18537E-1 5.18893E-1 5.22803E-1 5.27736E-1 5.32473E-1 5.33944E-1 5.28073E-1 5.32442E-1 5.40494E-1 5.49612E-1 5.62341E-1 5.80482E-1 5.89859E-1 5.8966E-1 5.91416E-1 6.01242E-1 6.13768E-1 6.23452E-1 6.34327E-1 6.49647E-1 6.49471E-1 6.51871E-1 6.49084E-1 6.48545E-1 6.54798E-1 6.61054E-1 6.57266E-1 6.59248E-1 6.60142E-1 6.60814E-1 6.66771E-1 6.73771E-1 6.73419E-1 6.71871E-1 6.70003E-1 6.73087E-1 6.84501E-1 6.93587E-1 6.98017E-1 7.01893E-1 7.04103E-1 7.10851E-1 7.12925E-1 7.14241E-1 7.20193E-1 7.2644E-1 7.22915E-1 7.25324E-1 7.27831E-1
4.6365E-1 4.71667E-1 4.68668E-1 4.73856E-1 4.8091E-1 4.88534E-1 4.94247E-1 5.00537E-1 5.06021E-1 5.10794E-1 5.16092E-1 5.22646E-1 5.21685E-1 5.26423E-1 5.30734E-1 5.42008E-1 5.37921E-1 5.36441E-1 5.31202E-1 5.35258E-1 5.44907E-1 5.59158E-1 5.73156E-1 5.83122E-1 5.90936E-1 5.90171E-1 5.92467E-1 6.03973E-1 6.23224E-1 6.31366E-1 6.37613E-1 6.46294E-1 6.48738E-1 6.49091E-1 6.50246E-1 6.54394E-1 6.67312E-1 6.73629E-1 6.67525E-1 6.67531E-1 6.64463E-1 6.6222E-1 6.72063E-1 6.8057E-1 6.78907E-1 6.73714E-1 6.6801E-1 6.73787E-1 6.89364E-1 7.00933E-1 7.06796E-1 7.07618E-1 7.06436E-1 7.08334E-1 7.08794E-1 7.14325E-1 7.24559E-1 7.32201E-1 7.29309E-1 7.25482E-1 7.32761E-1
4.62027E-1 4.71583E-1 4.73038E-1 4.73835E-1 4.82833E-1 4.92829E-1 5.03674E-1 5.04001E-1 5.09791E-1 5.15913E-1 5.22843E-1 5.2938E-1 5.33769E-1 5.3761E-1 5.4371E-1 5.47088E-1 5.41175E-1 5.42707E-1 5.46266E-1 5.50762E-1 5.60389E-1 5.74261E-1 5.87497E-1 5.95368E-1 5.97017E-1 5.9956E-1 6.04522E-1 6.14401E-1 6.31709E-1 6.4407E-1 6.49238E-1 6.51169E-1 6.44371E-1 6.42017E-1 6.47757E-1 6.59937E-1 6.71666E-1 6.73296E-1 6.69873E-1 6.68642E-1 6.65219E-1 6.63723E-1 6.75256E-1 6.83071E-1 6.83578E-1 6.78456E-1 6.74862E-1 6.80951E-1 6.95542E-1 7.06099E-1 7.13084E-1 7.10908E-1 7.08543E-1 7.08728E-1 7.13196E-1 7.17967E-1 7.23929E-1 7.25676E-1 7.28437E-1 7.23336E-1 7.25896E-1
4.59013E-1 4.68587E-1 4.75904E-1 4.80843E-1 4.85425E-1 4.93057E-1 5.02796E-1 5.06577E-1 5.0836E-1 5.11775E-1 5.19891E-1 5.29973E-1 5.36972E-1 5.46434E-1 5.53699E-1 5.56276E-1 5.48391E-1 5.46074E-1 5.57253E-1 5.72568E-1 5.85761E-1 5.96859E-1 6.03814E-1 6.10674E-1 6.1303E-1 6.13404E-1 6.21057E-1 6.32259E-1 6.43276E-1 6.56253E-1 6.63136E-1 6.62514E-1 6.5097E-1 6.44928E-1 6.57589E-1 6.68912E-1 6.80072E-1 6.75174E-1 6.72657E-1 6.67573E-1 6.60835E-1 6.62223E-1 6.71328E-1 6.78884E-1 6.84589E-1 6.86259E-1 6.90597E-1 6.93361E-1 7.0421E-1 7.14513E-1 7.20812E-1 7.21891E-1 7.16281E-1 7.15099E-1 7.11648E-1 7.18782E-1 7.13403E-1 7.22806E-1 7.24999E-1 7.20053E-1 7.25555E-1
4.60045E-1 4.67824E-1 4.70003E-1 4.73825E-1 4.80347E-1 4.92086E-1 5.00295E-1 5.07303E-1 5.08901E-1 5.129E-1 5.21015E-1 5.29658E-1 5.39382E-1 5.46977E-1 5.55799E-1 5.63783E-1 5.60622E-1 5.59119E-1 5.74374E-1 5.91697E-1 6.03807E-1 6.11177E-1 6.07942E-1 6.08103E-1 6.15912E-1 6.25866E-1 6.36068E-1 6.43121E-1 6.5692E-1 6.65041E-1 6.7082E-1 6.72725E-1 6.69247E-1 6.66992E-1 6.74841E-1 6.83826E-1 6.84462E-1 6.77233E-1 6.71425E-1 6.68532E-1 6.64949E-1 6.62619E-1 6.72072E-1 6.79727E-1 6.88895E-1 6.98685E-1 7.05641E-1 7.08599E-1 7.11222E-1 7.21552E-1 7.27414E-1 7.32124E-1 7.29293E-1 7.24251E-1 7.17801E-1 7.10359E-1 7.13265E-1 7.19191E-1 7.295E-1 7.29921E-1 7.38622E-1
4.62722E-1 4.68189E-1 4.68226E-1 4.65985E-1 4.75455E-1 4.87286E-1 4.98242E-1 5.03498E-1 5.0921E-1 5.16408E-1 5.22745E-1 5.29788E-1 5.39022E-1 5.45464E-1 5.54092E-1 5.60576E-1 5.64532E-1 5.71558E-1 5.86852E-1 5.98861E-1 6.05129E-1 6.11464E-1 6.13885E-1 6.25519E-1 6.2926E-1 6.39087E-1 6.50483E-1 6.63787E-1 6.66263E-1 6.69645E-1 6.77182E-1 6.81599E-1 6.82289E-1 6.87028E-1 6.90428E-1 6.91553E-1 6.93732E-1 6.82719E-1 6.74977E-1 6.74444E-1 6.69233E-1 6.74197E-1 6.76019E-1 6.80073E-1 6.91158E-1 7.02887E-1 7.13296E-1 7.08717E-1 7.13703E-1 7.18083E-1 7.2671E-1 7.2941E-1 7.33051E-1 7.34596E-1 7.27128E-1 7.17181E-1 7.12255E-1 7.23768E-1 7.36401E-1 7.43292E-1 7.54683E-1
4.60367E-1 4.56438E-1 4.61342E-1 4.64527E-1 4.7305E-1 4.85594E-1 4.96316E-1 5.01615E-1 5.09759E-1 5.19816E-1 5.24044E-1 5.31246E-1 5.36363E-1 5.40217E-1 5.49094E-1 5.57831E-1 5.66389E-1 5.72096E-1 5.77789E-1 5.94159E-1 6.01417E-1 6.03836E-1 6.20552E-1 6.38342E-1 6.43763E-1 6.47228E-1 6.62535E-1 6.70255E-1 6.72864E-1 6.73872E-1 6.8302E-1 6.84882E-1 6.91105E-1 7.08809E-1 7.03501E-1 6.87174E-1 6.77645E-1 6.79177E-1 6.71352E-1 6.7229E-1 6.84319E-1 6.9003E-1 6.8549E-1 6.96111E-1 6.94437E-1 7.03777E-1 7.13851E-1 7.12614E-1 7.18679E-1 7.24432E-1 7.26924E-1 7.3033E-1 7.41921E-1 7.51173E-1 7.40995E-1 7.31779E-1 7.25445E-1 7.36534E-1 7.46267E-1 7.56606E-1 7.6886E-1
4.5733E-1 4.54035E-1 4.53075E-1 4.62656E-1 4.71091E-1 4.85667E-1 4.92871E-1 5.01546E-1 5.09708E-1 5.12441E-1 5.19223E-1 5.26144E-1 5.34076E-1 5.37585E-1 5.45712E-1 5.52448E-1 5.62447E-1 5.75848E-1 5.90468E-1 5.93184E-1 5.90553E-1 5.91856E-1 6.09201E-1 6.28887E-1 6.45816E-1 6.61959E-1 6.70804E-1 6.73745E-1 6.74042E-1 6.76718E-1 6.79416E-1 6.84528E-1 6.9779E-1 7.03962E-1 6.99576E-1 6.92407E-1 6.85237E-1 6.81307E-1 6.72458E-1 6.6934E-1 6.75927E-1 6.82149E-1 6.89005E-1 7.02889E-1 7.04742E-1 7.07437E-1 7.18712E-1 7.25857E-1 7.29849E-1 7.31548E-1 7.34589E-1 7.363E-1 7.4848E-1 7.5484E-1 7.46841E-1 7.38995E-1 7.37307E-1 7.45675E-1 7.55509E-1 7.67291E-1 7.73891E-1
4.50787E-1 4.50221E-1 4.49266E-1 4.54225E-1 4.70084E-1 4.81256E-1 4.91073E-1 4.96126E-1 5.03539E-1 5.12127E-1 5.18031E-1 5.24699E-1 5.30163E-1 5.37893E-1 5.41539E-1 5.46617E-1 5.52716E-1 5.6518E-1 5.78053E-1 5.83485E-1 5.83859E-1 5.90699E-1 6.06358E-1 6.22905E-1 6.43519E-1 6.63471E-1 6.71776E-1 6.75277E-1 6.74643E-1 6.74022E-1 6.81929E-1 6.89495E-1 6.97103E-1 6.98886E-1 6.99226E-1 6.93867E-1 6.90734E-1 6.81987E-1 6.69804E-1 6.70084E-1 6.72787E-1 6.83485E-1 7.03675E-1 7.11177E-1 7.1346E-1 7.18057E-1 7.18929E-1 7.22222E-1 7.33934E-1 7.4084E-1 7.4599E-1 7.43688E-1 7.51622E-1 7.56015E-1 7.481E-1 7.4448E-1 7.47078E-1 7.53673E-1 7.59126E-1 7.71981E-1 7.72671E-1
