maxent_outputs/bumblebees/bombus_255.asc
ncols         426
nrows         180
xllcorner     -130.0
yllcorner     24.0
cellsize      0.16666666666666666
NODATA_value  -9999
[rows 0 to 26 of 180, columns 305 to 365 of 426]
4.90792E-1 4.81137E-1 4.79056E-1 4.6391E-1 4.50604E-1 4.39763E-1 4.3028E-1 4.22143E-1 4.19952E-1 4.21675E-1 4.23351E-1 4.21535E-1 4.22909E-1 4.32057E-1 4.38371E-1 4.48013E-1 4.47489E-1 4.41006E-1 4.3445E-1 4.34013E-1 4.42735E-1 4.54917E-1 4.61193E-1 4.60187E-1 4.58789E-1 4.46149E-1 4.48126E-1 4.50728E-1 4.52841E-1 4.3918E-1 4.33201E-1 4.35378E-1 4.27488E-1 4.35897E-1 4.46073E-1 4.41839E-1 4.40526E-1 4.27277E-1 4.18818E-1 4.16528E-1 4.08496E-1 4.07248E-1 4.08311E-1 4.11E-1 4.07919E-1 4.02513E-1 3.98597E-1 3.9949E-1 3.98364E-1 3.93467E-1 3.97231E-1 3.99759E-1 3.98599E-1 4.01211E-1 4.04322E-1 4.01464E-1 4.06617E-1 4.09958E-1 4.05011E-1 4.05538E-1 4.10617E-1
4.97666E-1 4.86201E-1 4.83753E-1 4.72251E-1 4.61452E-1 4.4954E-1 4.39825E-1 4.35456E-1 4.26034E-1 4.3274E-1 4.46027E-1 4.54107E-1 4.51025E-1 4.58924E-1 4.55978E-1 4.44043E-1 4.46912E-1 4.45745E-1 4.45481E-1 4.53384E-1 4.57427E-1 4.62195E-1 4.65539E-1 4.62662E-1 4.66254E-1 4.69478E-1 4.58416E-1 4.5205E-1 4.48846E-1 4.48023E-1 4.47903E-1 4.46223E-1 4.40451E-1 4.33676E-1 4.28067E-1 4.27229E-1 4.23376E-1 4.22108E-1 4.24166E-1 4.20796E-1 4.15157E-1 4.14526E-1 4.09043E-1 4.07579E-1 4.07057E-1 4.02214E-1 4.03109E-1 4.02692E-1 3.95764E-1 3.96019E-1 3.95555E-1 3.9931E-1 4.01368E-1 4.0333E-1 4.0107E-1 4.00604E-1 4.00282E-1 4.02033E-1 4.02008E-1 4.06138E-1 4.07581E-1
5.12674E-1 4.87103E-1 4.77085E-1 4.61734E-1 4.53346E-1 4.42237E-1 4.36289E-1 4.32477E-1 4.28754E-1 4.29311E-1 4.45852E-1 4.51013E-1 4.53912E-1 4.51981E-1 4.48854E-1 4.5304E-1 4.47035E-1 4.43724E-1 4.35979E-1 4.42001E-1 4.58683E-1 4.56227E-1 4.54332E-1 4.49318E-1 4.46466E-1 4.54784E-1 4.52541E-1 4.54306E-1 4.46893E-1 4.46044E-1 4.38392E-1 4.34861E-1 4.29602E-1 4.2608E-1 4.24888E-1 4.25292E-1 4.22207E-1 4.18506E-1 4.20837E-1 4.21098E-1 4.18654E-1 4.16739E-1 4.13404E-1 4.14947E-1 4.09972E-1 4.03412E-1 4.00883E-1 4.01496E-1 4.01527E-1 4.02474E-1 3.97372E-1 3.98217E-1 3.97865E-1 4.04524E-1 4.04828E-1 4.03179E-1 3.98065E-1 3.99138E-1 4.01179E-1 4.03059E-1 4.04335E-1
4.9802E-1 4.91638E-1 4.77231E-1 4.6163E-1 4.53605E-1 4.40414E-1 4.44508E-1 4.43789E-1 4.35138E-1 4.33083E-1 4.33623E-1 4.31673E-1 4.33956E-1 4.36736E-1 4.4251E-1 4.49194E-1 4.41128E-1 4.37215E-1 4.39892E-1 4.46042E-1 4.49118E-1 4.48711E-1 4.46905E-1 4.40826E-1 4.39466E-1 4.47461E-1 4.51851E-1 4.51934E-1 4.46531E-1 4.43982E-1 4.47014E-1 4.44543E-1 4.34176E-1 4.31329E-1 4.29552E-1 4.26675E-1 4.23937E-1 4.27636E-1 4.22704E-1 4.22046E-1 4.21336E-1 4.19767E-1 4.12779E-1 4.15846E-1 4.10235E-1 4.04824E-1 4.04208E-1 3.98898E-1 3.98348E-1 4.00336E-1 3.98202E-1 3.98501E-1 3.98246E-1 3.98837E-1 4.00389E-1 4.03293E-1 4.00669E-1 4.02021E-1 4.05641E-1 4.03715E-1 4.1141E-1
5.64106E-1 4.93324E-1 4.7543E-1 4.62433E-1 4.52059E-1 4.42929E-1 4.37691E-1 4.37739E-1 4.34189E-1 4.34812E-1 4.31159E-1 4.27601E-1 4.33303E-1 4.43661E-1 4.52779E-1 4.42887E-1 4.4369E-1 4.45765E-1 4.47025E-1 4.47974E-1 4.47557E-1 4.45631E-1 4.48821E-1 4.48204E-1 4.46155E-1 4.5046E-1 4.549E-1 4.49104E-1 4.4698E-1 4.41764E-1 4.38E-1 4.37943E-1 4.33037E-1 4.32887E-1 4.31678E-1 4.29117E-1 4.27369E-1 4.22774E-1 4.20052E-1 4.21886E-1 4.19302E-1 4.14183E-1 4.15263E-1 4.14982E-1 4.08975E-1 4.08485E-1 4.04388E-1 4.01132E-1 3.99134E-1 4.03202E-1 4.02068E-1 4.02851E-1 4.02827E-1 3.98254E-1 3.9854E-1 3.96505E-1 4.05665E-1 4.03882E-1 4.05726E-1 4.10126E-1 4.08496E-1
5.65341E-1 4.9509E-1 4.75844E-1 4.62285E-1 4.56454E-1 4.50768E-1 4.40241E-1 4.35209E-1 4.32732E-1 4.32001E-1 4.28521E-1 4.33123E-1 4.35395E-1 4.53243E-1 4.48795E-1 4.46652E-1 4.45414E-1 4.46752E-1 4.49742E-1 4.48932E-1 4.48011E-1 4.47404E-1 4.52605E-1 4.49472E-1 4.44256E-1 4.49223E-1 4.49276E-1 4.51122E-1 4.49786E-1 4.50074E-1 4.47381E-1 4.46336E-1 4.40818E-1 4.39226E-1 4.35044E-1 4.35155E-1 4.30388E-1 4.28314E-1 4.28901E-1 4.31855E-1 4.26893E-1 4.25269E-1 4.22393E-1 4.16608E-1 4.10543E-1 4.05897E-1 4.07157E-1 4.05734E-1 4.07963E-1 4.05297E-1 4.03274E-1 4.03384E-1 4.00056E-1 4.01392E-1 4.01353E-1 3.96109E-1 3.95604E-1 3.92554E-1 3.99168E-1 4.03937E-1 4.09392E-1
6.35358E-1 5.17545E-1 4.89224E-1 4.72389E-1 4.56459E-1 4.52291E-1 4.44986E-1 4.41197E-1 4.39744E-1 4.3691E-1 4.39863E-1 4.37741E-1 4.44519E-1 4.52112E-1 4.53186E-1 4.49898E-1 4.52974E-1 4.5573E-1 4.57508E-1 4.55941E-1 4.57631E-1 4.57181E-1 4.55178E-1 4.57479E-1 4.54577E-1 4.54482E-1 4.53523E-1 4.5174E-1 4.48226E-1 4.48647E-1 4.4489E-1 4.43813E-1 4.46454E-1 4.45807E-1 4.4173E-1 4.38225E-1 4.3897E-1 4.34716E-1 4.36288E-1 4.3359E-1 4.32807E-1 4.26551E-1 4.1969E-1 4.19262E-1 4.10934E-1 4.0992E-1 4.07628E-1 4.06935E-1 4.05413E-1 4.05618E-1 4.13655E-1 4.19093E-1 4.12545E-1 4.10395E-1 4.07175E-1 4.08773E-1 4.04329E-1 4.06267E-1 4.0687E-1 4.00926E-1 4.1064E-1
6.82303E-1 5.37796E-1 4.93207E-1 4.7399E-1 4.64695E-1 4.57941E-1 4.51609E-1 4.51627E-1 4.44696E-1 4.57548E-1 4.54539E-1 4.45671E-1 4.45111E-1 4.44541E-1 4.52126E-1 4.57624E-1 4.58248E-1 4.626E-1 4.63402E-1 4.61493E-1 4.63058E-1 4.6284E-1 4.64926E-1 4.66517E-1 4.66778E-1 4.65841E-1 4.59383E-1 4.55858E-1 4.56075E-1 4.53574E-1 4.47991E-1 4.47216E-1 4.51846E-1 4.50877E-1 4.48255E-1 4.44756E-1 4.42493E-1 4.38586E-1 4.35407E-1 4.3526E-1 4.34445E-1 4.32286E-1 4.31042E-1 4.25032E-1 4.21195E-1 4.17668E-1 4.13227E-1 4.11144E-1 4.05793E-1 4.11665E-1 4.16217E-1 4.18431E-1 4.14535E-1 4.08678E-1 4.06737E-1 4.12996E-1 4.08743E-1 4.11711E-1 4.0677E-1 4.11808E-1 4.14774E-1
6.78712E-1 6.6648E-1 4.9765E-1 4.82265E-1 4.71276E-1 4.66261E-1 4.59637E-1 4.51727E-1 4.52127E-1 4.48785E-1 4.46333E-1 4.48895E-1 4.53154E-1 4.51713E-1 4.46496E-1 4.60339E-1 4.64112E-1 4.7036E-1 4.64712E-1 4.63372E-1 4.61506E-1 4.63674E-1 4.62581E-1 4.66401E-1 4.63429E-1 4.62641E-1 4.64812E-1 4.61414E-1 4.58686E-1 4.58141E-1 4.55585E-1 4.57561E-1 4.54754E-1 4.54069E-1 4.54217E-1 4.52648E-1 4.50611E-1 4.45823E-1 4.44144E-1 4.42619E-1 4.45968E-1 4.43154E-1 4.41735E-1 4.35032E-1 4.29611E-1 4.24697E-1 4.20554E-1 4.14839E-1 4.16523E-1 4.10988E-1 4.13701E-1 4.10701E-1 4.09604E-1 4.10092E-1 4.09047E-1 4.13834E-1 4.18761E-1 4.18171E-1 4.12887E-1 4.12732E-1 4.16445E-1
6.82685E-1 -9999 5.25415E-1 4.92107E-1 4.7704E-1 4.67935E-1 4.63508E-1 4.57828E-1 4.56816E-1 4.53906E-1 4.55849E-1 4.51593E-1 4.52838E-1 4.54824E-1 4.61866E-1 4.67526E-1 4.68345E-1 4.65078E-1 4.60431E-1 4.64869E-1 4.64646E-1 4.69028E-1 4.71291E-1 4.71776E-1 4.68866E-1 4.73898E-1 4.71499E-1 4.67001E-1 4.65919E-1 4.68873E-1 4.66283E-1 4.62799E-1 4.59025E-1 4.57547E-1 4.57382E-1 4.58326E-1 4.55224E-1 4.52737E-1 4.53468E-1 4.54071E-1 4.5207E-1 4.48424E-1 4.44687E-1 4.42217E-1 4.39851E-1 4.36509E-1 4.2503E-1 4.19448E-1 4.11377E-1 4.10013E-1 4.02985E-1 3.93843E-1 3.98838E-1 3.99688E-1 4.12255E-1 4.13181E-1 4.22835E-1 4.17321E-1 4.15129E-1 4.21323E-1 4.19707E-1
6.8517E-1 -9999 -9999 4.95429E-1 4.83796E-1 4.70924E-1 4.66248E-1 4.64411E-1 4.63064E-1 4.60564E-1 4.53607E-1 4.54904E-1 4.53327E-1 4.56566E-1 4.57312E-1 4.6412E-1 4.60767E-1 4.61633E-1 4.64655E-1 4.69044E-1 4.71765E-1 4.74464E-1 4.78861E-1 4.75942E-1 4.76453E-1 4.76676E-1 4.80894E-1 4.80392E-1 4.77264E-1 4.78345E-1 4.70276E-1 4.66386E-1 4.7153E-1 4.70159E-1 4.71207E-1 4.67176E-1 4.64849E-1 4.65729E-1 4.63834E-1 4.58414E-1 4.54398E-1 4.49037E-1 4.42261E-1 4.3184E-1 4.28328E-1 4.19414E-1 4.12988E-1 4.10491E-1 4.03178E-1 3.94535E-1 3.86663E-1 3.88455E-1 3.97498E-1 4.01724E-1 4.0315E-1 4.12108E-1 4.19361E-1 4.27282E-1 4.21182E-1 4.26763E-1 4.32561E-1
5.05807E-1 5.74452E-1 5.07021E-1 4.90982E-1 4.79621E-1 4.76356E-1 4.69963E-1 4.6747E-1 4.64727E-1 4.6007E-1 4.5493E-1 4.48825E-1 4.57296E-1 4.56265E-1 4.57458E-1 4.58616E-1 4.61175E-1 4.58985E-1 4.66842E-1 4.66291E-1 4.76668E-1 4.75875E-1 4.7792E-1 4.8003E-1 4.82964E-1 4.8358E-1 4.82774E-1 4.82339E-1 4.86928E-1 4.8286E-1 4.77252E-1 4.75322E-1 4.76287E-1 4.77413E-1 4.78334E-1 4.7716E-1 4.75202E-1 4.69985E-1 4.70738E-1 4.70076E-1 4.54869E-1 4.3772E-1 4.25348E-1 4.22857E-1 4.28623E-1 4.13364E-1 4.07579E-1 4.00112E-1 4.00651E-1 3.97259E-1 3.90896E-1 3.93305E-1 4.00547E-1 4.05071E-1 4.01065E-1 4.02002E-1 4.12112E-1 4.23128E-1 4.36007E-1 4.38327E-1 4.49351E-1
6.60192E-1 5.0571E-1 4.98614E-1 4.90184E-1 4.83261E-1 4.81785E-1 4.76036E-1 4.71851E-1 4.6894E-1 4.63471E-1 4.62122E-1 4.59397E-1 4.61139E-1 4.64653E-1 4.61366E-1 4.64666E-1 4.64873E-1 4.67912E-1 4.68622E-1 4.74252E-1 4.81801E-1 4.8353E-1 4.84772E-1 4.85222E-1 4.82228E-1 4.83929E-1 4.86533E-1 4.83656E-1 4.82336E-1 4.83617E-1 4.83391E-1 4.85721E-1 4.83239E-1 4.83181E-1 4.80963E-1 4.80613E-1 4.80523E-1 4.78705E-1 4.62446E-1 4.56152E-1 4.50932E-1 4.36487E-1 4.26876E-1 4.35027E-1 4.29825E-1 4.18662E-1 4.12392E-1 4.13848E-1 4.09408E-1 4.02762E-1 4.01672E-1 4.03962E-1 4.14456E-1 4.19061E-1 4.1953E-1 4.13962E-1 4.28471E-1 4.28274E-1 4.48631E-1 4.53046E-1 4.5568E-1
5.46009E-1 4.97982E-1 4.95476E-1 4.88722E-1 4.87877E-1 4.81928E-1 4.79816E-1 4.76739E-1 4.72845E-1 4.71468E-1 4.70196E-1 4.68004E-1 4.68612E-1 4.68356E-1 4.72128E-1 4.74536E-1 4.71276E-1 4.74958E-1 4.75198E-1 4.79147E-1 4.82817E-1 4.851E-1 4.86403E-1 4.88229E-1 4.9315E-1 4.90708E-1 4.91064E-1 4.88011E-1 4.88576E-1 4.92387E-1 4.9104E-1 4.91199E-1 4.92708E-1 4.89576E-1 4.85389E-1 4.83282E-1 4.84766E-1 4.64749E-1 4.52883E-1 4.51388E-1 4.49229E-1 4.44118E-1 4.42156E-1 4.41034E-1 4.3661E-1 4.32169E-1 4.23346E-1 4.22246E-1 4.14962E-1 4.15466E-1 4.0985E-1 4.11187E-1 4.19667E-1 4.29757E-1 4.48103E-1 4.29106E-1 4.3622E-1 4.32928E-1 4.46416E-1 4.61571E-1 4.61344E-1
5.28101E-1 5.01087E-1 5.01466E-1 4.92655E-1 4.9E-1 4.85783E-1 4.83273E-1 4.77758E-1 4.7771E-1 4.76841E-1 4.72372E-1 4.74648E-1 4.72979E-1 4.74272E-1 4.74028E-1 4.71928E-1 4.76203E-1 4.75655E-1 4.76416E-1 4.83732E-1 4.83777E-1 4.85136E-1 4.87554E-1 4.91713E-1 4.89894E-1 4.91588E-1 4.94287E-1 4.92145E-1 4.92792E-1 4.92941E-1 4.94546E-1 4.97117E-1 4.93242E-1 4.91956E-1 4.86362E-1 4.83796E-1 4.77652E-1 4.72574E-1 4.75559E-1 4.69015E-1 4.66566E-1 4.71047E-1 4.59267E-1 4.4389E-1 4.41414E-1 4.38909E-1 4.35556E-1 4.29566E-1 4.22255E-1 4.12004E-1 4.15862E-1 4.16731E-1 4.17571E-1 4.27241E-1 4.40094E-1 4.35443E-1 4.38478E-1 4.43324E-1 4.47628E-1 4.62502E-1 5.03665E-1
4.99175E-1 5.17799E-1 4.99424E-1 4.99606E-1 4.96744E-1 4.95702E-1 4.9201E-1 4.86608E-1 4.87255E-1 4.81273E-1 4.78424E-1 4.76428E-1 4.75143E-1 4.79183E-1 4.76895E-1 4.75212E-1 4.76148E-1 4.81929E-1 4.80926E-1 4.80027E-1 4.8071E-1 4.87435E-1 4.87614E-1 4.97206E-1 5.01159E-1 4.99709E-1 4.97269E-1 4.98044E-1 4.98004E-1 4.96904E-1 4.98027E-1 4.97677E-1 5.00073E-1 4.909E-1 4.89812E-1 4.92487E-1 4.96403E-1 5.00496E-1 4.95249E-1 4.87002E-1 4.82339E-1 4.7831E-1 4.59303E-1 4.50506E-1 4.45475E-1 4.38336E-1 4.40098E-1 4.36373E-1 4.31338E-1 4.22309E-1 4.17948E-1 4.14776E-1 4.17276E-1 4.28801E-1 4.28562E-1 4.38398E-1 4.46705E-1 4.53487E-1 4.52514E-1 4.69823E-1 5.02097E-1
5.01706E-1 5.05442E-1 5.02311E-1 5.03974E-1 5.00564E-1 4.97618E-1 4.94023E-1 4.884E-1 4.83902E-1 4.8397E-1 4.82551E-1 4.81156E-1 4.77914E-1 4.80063E-1 4.7994E-1 4.80244E-1 4.80129E-1 4.81142E-1 4.78711E-1 4.80657E-1 4.80433E-1 4.89986E-1 4.93654E-1 4.97462E-1 5.02029E-1 4.97811E-1 5.00087E-1 5.04798E-1 5.0458E-1 5.05432E-1 5.03373E-1 4.99139E-1 5.00062E-1 4.9647E-1 5.09075E-1 5.31335E-1 5.25032E-1 5.17776E-1 5.08091E-1 4.97708E-1 4.90508E-1 4.84164E-1 4.69019E-1 4.54998E-1 4.49498E-1 4.43828E-1 4.44527E-1 4.33208E-1 4.29907E-1 4.28451E-1 4.26678E-1 4.19231E-1 4.11222E-1 4.22762E-1 4.29317E-1 4.32685E-1 4.50042E-1 4.54136E-1 4.58302E-1 4.70712E-1 4.96057E-1
4.97106E-1 4.94453E-1 5.00759E-1 5.02487E-1 4.96133E-1 4.91857E-1 4.87431E-1 4.85717E-1 4.90425E-1 4.86313E-1 4.81063E-1 4.78324E-1 4.8098E-1 4.82828E-1 4.82214E-1 4.81524E-1 4.81705E-1 4.84507E-1 4.84506E-1 4.86675E-1 4.84664E-1 4.90134E-1 4.99241E-1 4.96883E-1 4.99992E-1 5.02775E-1 5.03663E-1 5.02223E-1 5.05401E-1 5.09291E-1 5.07001E-1 5.07087E-1 5.08308E-1 5.28259E-1 5.39236E-1 5.25117E-1 5.16899E-1 5.089E-1 4.99607E-1 4.89172E-1 4.80893E-1 4.76441E-1 4.60496E-1 4.55659E-1 4.51799E-1 4.49371E-1 4.47865E-1 4.34088E-1 4.29977E-1 4.24801E-1 4.26751E-1 4.36947E-1 4.18752E-1 4.20768E-1 4.29251E-1 4.27341E-1 4.37667E-1 4.54555E-1 4.56328E-1 4.62595E-1 4.63327E-1
4.89114E-1 4.90356E-1 4.94095E-1 4.92667E-1 4.90947E-1 4.90162E-1 4.8723E-1 4.8941E-1 4.90189E-1 4.8483E-1 4.8812E-1 4.87874E-1 4.89834E-1 4.95272E-1 4.86918E-1 4.89191E-1 4.88044E-1 4.89555E-1 4.89579E-1 4.86685E-1 4.88536E-1 4.92254E-1 4.9235E-1 5.0013E-1 5.03038E-1 5.03465E-1 5.03477E-1 5.09237E-1 5.11721E-1 5.12184E-1 5.09902E-1 5.17659E-1 5.4355E-1 5.46212E-1 5.25943E-1 5.16706E-1 5.05318E-1 5.02018E-1 4.98553E-1 4.92234E-1 4.91127E-1 4.70057E-1 4.62154E-1 4.53639E-1 4.48139E-1 4.42607E-1 4.39846E-1 4.38815E-1 4.37247E-1 4.3433E-1 4.29713E-1 4.36018E-1 4.31383E-1 4.41361E-1 4.34232E-1 4.2944E-1 4.26079E-1 4.49489E-1 4.59441E-1 4.63289E-1 4.59628E-1
4.86639E-1 4.85842E-1 4.8578E-1 4.8306E-1 4.82696E-1 4.852E-1 4.84732E-1 4.90756E-1 4.88877E-1 4.87271E-1 4.91321E-1 4.88407E-1 4.90985E-1 4.91793E-1 4.85813E-1 4.87675E-1 4.91558E-1 4.89121E-1 4.83886E-1 4.86748E-1 4.89274E-1 4.95011E-1 4.95505E-1 5.00376E-1 5.01348E-1 5.00847E-1 5.09229E-1 5.14569E-1 5.16117E-1 5.18705E-1 5.20806E-1 5.42282E-1 5.46858E-1 5.24261E-1 5.21467E-1 5.08431E-1 5.03789E-1 4.9692E-1 4.92129E-1 4.89454E-1 4.82297E-1 4.71303E-1 4.65525E-1 4.57702E-1 4.50128E-1 4.46141E-1 4.45595E-1 4.47388E-1 4.3661E-1 4.45875E-1 4.48119E-1 4.49186E-1 4.44453E-1 4.50849E-1 4.38826E-1 4.33239E-1 4.38361E-1 4.47723E-1 4.57325E-1 4.73523E-1 4.60542E-1
4.89803E-1 4.86703E-1 4.84145E-1 4.81701E-1 4.80805E-1 4.83358E-1 4.85822E-1 4.87679E-1 4.8881E-1 4.87551E-1 4.89865E-1 4.87156E-1 4.88373E-1 4.81579E-1 4.87619E-1 4.9179E-1 4.89013E-1 4.81312E-1 4.78708E-1 4.81493E-1 4.86407E-1 4.90358E-1 4.94776E-1 4.97563E-1 4.91866E-1 4.97199E-1 5.06251E-1 5.11659E-1 5.16265E-1 5.15936E-1 5.18624E-1 5.45376E-1 5.22759E-1 5.1808E-1 5.17653E-1 5.10268E-1 5.08218E-1 5.05265E-1 4.97431E-1 4.93788E-1 4.82294E-1 4.80537E-1 4.74603E-1 4.60342E-1 4.58445E-1 4.45191E-1 4.33183E-1 4.40337E-1 4.24399E-1 4.29961E-1 4.48976E-1 4.5003E-1 4.50478E-1 4.53795E-1 4.4641E-1 4.40562E-1 4.47911E-1 4.50804E-1 4.5464E-1 4.76179E-1 4.65263E-1
4.81176E-1 4.79513E-1 4.75993E-1 4.76703E-1 4.8089E-1 4.85097E-1 4.87803E-1 4.89175E-1 4.92762E-1 4.86635E-1 4.867E-1 4.89881E-1 4.87671E-1 4.88558E-1 4.89384E-1 4.85519E-1 4.83891E-1 4.81556E-1 4.79217E-1 4.77622E-1 4.81309E-1 4.82124E-1 4.87502E-1 4.95879E-1 4.969E-1 5.031E-1 5.07613E-1 5.15029E-1 5.19566E-1 5.19807E-1 5.23191E-1 5.34035E-1 5.27497E-1 5.20303E-1 5.14292E-1 5.13838E-1 5.15181E-1 5.05181E-1 5.051E-1 5.00617E-1 4.86604E-1 4.83253E-1 4.81371E-1 4.55663E-1 4.5361E-1 4.41602E-1 4.41962E-1 4.42201E-1 4.32654E-1 4.33877E-1 4.39507E-1 4.44304E-1 4.4867E-1 4.54605E-1 4.53711E-1 4.49237E-1 4.58122E-1 4.64669E-1 4.76897E-1 4.99934E-1 4.76341E-1
4.71824E-1 4.74315E-1 4.71738E-1 4.77325E-1 4.78863E-1 4.84483E-1 4.86277E-1 4.90767E-1 4.94012E-1 4.94822E-1 4.96024E-1 4.89728E-1 4.86255E-1 4.91753E-1 4.90891E-1 4.84588E-1 4.84694E-1 4.79178E-1 4.74421E-1 4.80575E-1 4.81403E-1 4.84817E-1 4.84233E-1 4.93422E-1 4.95141E-1 4.96808E-1 5.03507E-1 5.10478E-1 5.19394E-1 5.21355E-1 5.22927E-1 5.35669E-1 5.22339E-1 5.17452E-1 5.19279E-1 5.18124E-1 5.14972E-1 5.09206E-1 5.07253E-1 5.0217E-1 4.9658E-1 4.88027E-1 4.79977E-1 4.65767E-1 4.50161E-1 4.45824E-1 4.45225E-1 4.61692E-1 4.4569E-1 4.43888E-1 4.461E-1 4.43066E-1 4.36401E-1 4.48937E-1 4.61771E-1 4.67736E-1 4.7911E-1 4.79761E-1 4.95061E-1 5.21044E-1 5.0848E-1
4.73111E-1 4.75139E-1 4.73187E-1 4.75461E-1 4.80841E-1 4.86132E-1 4.89495E-1 4.96376E-1 4.96005E-1 4.9463E-1 4.97419E-1 4.8907E-1 4.86683E-1 4.91021E-1 4.86966E-1 4.83029E-1 4.82097E-1 4.79409E-1 4.76101E-1 4.78646E-1 4.79193E-1 4.80431E-1 4.8673E-1 4.85594E-1 4.90317E-1 4.95381E-1 5.00372E-1 5.04431E-1 5.15994E-1 5.19995E-1 5.31372E-1 5.2876E-1 5.20583E-1 5.24986E-1 5.23516E-1 5.21918E-1 5.17591E-1 5.11767E-1 5.1127E-1 4.98349E-1 4.85252E-1 4.83303E-1 4.70229E-1 4.74984E-1 4.56328E-1 4.51842E-1 4.47263E-1 4.73057E-1 4.5937E-1 4.62538E-1 4.57266E-1 4.58614E-1 4.53919E-1 4.55511E-1 4.69636E-1 4.81572E-1 4.84961E-1 4.91513E-1 5.01502E-1 5.08576E-1 5.5197E-1
4.75009E-1 4.73044E-1 4.72674E-1 4.75065E-1 4.77934E-1 4.87794E-1 4.96071E-1 4.98921E-1 5.06797E-1 5.02326E-1 4.99361E-1 4.95996E-1 4.8966E-1 4.87605E-1 4.85727E-1 4.87252E-1 4.78679E-1 4.76507E-1 4.75839E-1 4.74266E-1 4.75768E-1 4.82853E-1 4.85611E-1 4.8536E-1 4.85361E-1 4.93512E-1 4.96885E-1 5.04003E-1 5.10348E-1 5.26419E-1 5.32485E-1 5.17533E-1 5.19221E-1 5.26705E-1 5.25234E-1 5.23115E-1 5.20751E-1 5.17154E-1 5.13697E-1 5.00621E-1 4.89377E-1 4.87218E-1 4.78886E-1 4.77442E-1 4.72743E-1 4.63674E-1 4.58014E-1 4.68988E-1 4.68495E-1 4.74253E-1 4.76793E-1 4.7556E-1 4.82716E-1 4.83251E-1 4.88946E-1 4.92387E-1 4.96134E-1 4.9869E-1 5.05954E-1 5.25429E-1 5.62409E-1
4.72349E-1 4.72056E-1 4.70417E-1 4.72176E-1 4.72727E-1 4.80486E-1 4.88058E-1 4.99576E-1 5.0323E-1 5.01583E-1 4.97758E-1 4.97728E-1 4.88231E-1 4.8914E-1 4.91116E-1 4.75584E-1 4.75157E-1 4.75222E-1 4.79302E-1 4.76099E-1 4.75902E-1 4.77312E-1 4.81986E-1 4.84306E-1 4.82905E-1 4.83964E-1 4.94769E-1 5.02755E-1 5.0782E-1 5.20078E-1 5.16317E-1 5.15541E-1 5.16701E-1 5.23112E-1 5.24563E-1 5.2658E-1 5.17738E-1 5.14051E-1 5.14028E-1 5.09152E-1 5.00283E-1 4.95953E-1 4.88845E-1 4.8823E-1 4.74645E-1 4.74892E-1 4.79212E-1 4.79705E-1 4.86832E-1 4.90864E-1 4.82267E-1 4.84432E-1 5.00534E-1 5.07588E-1 5.04116E-1 5.03192E-1 5.0698E-1 5.19258E-1 5.29183E-1 5.40147E-1 5.55202E-1
4.76067E-1 4.70421E-1 4.69972E-1 4.70746E-1 4.71271E-1 4.72766E-1 4.83288E-1 4.96669E-1 4.99655E-1 4.95735E-1 4.94782E-1 4.87767E-1 4.79965E-1 4.71883E-1 4.72573E-1 4.79694E-1 4.89236E-1 4.73425E-1 4.73704E-1 4.80176E-1 4.811E-1 4.80433E-1 4.80234E-1 4.82541E-1 4.83318E-1 4.85783E-1 4.92739E-1 5.01182E-1 5.1055E-1 5.08475E-1 5.07911E-1 5.111E-1 5.09167E-1 5.20403E-1 5.27551E-1 5.22785E-1 5.09317E-1 5.12305E-1 5.15582E-1 5.10668E-1 5.07029E-1 5.05656E-1 5.08273E-1 5.03779E-1 4.8729E-1 4.87623E-1 4.90253E-1 4.97187E-1 4.96052E-1 4.96883E-1 5.00168E-1 5.10096E-1 5.31262E-1 5.12862E-1 5.24088E-1 5.18933E-1 5.17125E-1 5.35752E-1 5.35311E-1 5.51641E-1 5.7094E-1
