maxent_outputs/bumblebees/bombus_79.asc
ncols         426
nrows         180
xllcorner     -130.0
yllcorner     24.0
cellsize      0.16666666666666666
NODATA_value  -9999
[rows 27 to 53 of 180, columns 122 to 182 of 426]
5.97043E-2 5.27409E-2 4.79247E-2 4.76409E-2 5.34905E-2 5.84048E-2 5.31056E-2 5.41562E-2 5.7046E-2 5.67499E-2 5.57348E-2 5.342E-2 5.15706E-2 5.61234E-2 6.13759E-2 5.96659E-2 5.88087E-2 6.17549E-2 6.4254E-2 6.53678E-2 6.9717E-2 6.72243E-2 6.75323E-2 6.98551E-2 7.37191E-2 7.30244E-2 9.94115E-2 9.09194E-2 7.28854E-2 6.48089E-2 6.52042E-2 6.5981E-2 6.67631E-2 6.90886E-2 5.89115E-2 5.91314E-2 6.2344E-2 6.08266E-2 5.8569E-2 5.78545E-2 5.73411E-2 5.47945E-2 5.23553E-2 5.18685E-2 5.34953E-2 5.43332E-2 5.32115E-2 5.73135E-2 5.62096E-2 5.53523E-2 5.89887E-2 6.06139E-2 6.3696E-2 6.52315E-2 6.34485E-2 5.95284E-2 5.90835E-2 5.83914E-2 6.03849E-2 6.32904E-2 6.97716E-2
4.84324E-2 4.98827E-2 4.85742E-2 5.14356E-2 5.52275E-2 5.70032E-2 5.51118E-2 5.22245E-2 5.17799E-2 5.35909E-2 5.44209E-2 5.59114E-2 5.25984E-2 5.16799E-2 5.20871E-2 5.92804E-2 6.23339E-2 6.0428E-2 6.1388E-2 6.19021E-2 6.68411E-2 6.97034E-2 7.34155E-2 7.14904E-2 6.67599E-2 8.26849E-2 9.46478E-2 1.18685E-1 1.16612E-1 1.02317E-1 7.16198E-2 6.11097E-2 5.79691E-2 5.92395E-2 6.35641E-2 5.80844E-2 5.84329E-2 6.1752E-2 6.194E-2 6.11776E-2 6.04737E-2 6.00013E-2 5.97517E-2 5.73037E-2 5.89879E-2 5.77059E-2 5.72458E-2 5.75115E-2 5.55659E-2 5.50695E-2 5.65189E-2 5.57268E-2 5.57497E-2 5.404E-2 5.30039E-2 5.60759E-2 6.11226E-2 5.43438E-2 5.34514E-2 5.63816E-2 6.46836E-2
4.9041E-2 5.49482E-2 5.15806E-2 5.5286E-2 5.7009E-2 6.29181E-2 6.00712E-2 5.78622E-2 5.72671E-2 5.69526E-2 5.52602E-2 5.58133E-2 5.35964E-2 5.09303E-2 5.07972E-2 5.11821E-2 5.24198E-2 5.4163E-2 5.56444E-2 6.26673E-2 6.36559E-2 7.12011E-2 7.40373E-2 8.47085E-2 6.93307E-2 7.82515E-2 8.04824E-2 1.06639E-1 1.3563E-1 9.68845E-2 7.75618E-2 6.86991E-2 6.20285E-2 5.4318E-2 5.35773E-2 5.64558E-2 5.9608E-2 5.6921E-2 5.88854E-2 6.50022E-2 6.87041E-2 6.76571E-2 6.28832E-2 6.22905E-2 6.1031E-2 5.9929E-2 6.02521E-2 5.89332E-2 5.75447E-2 5.87524E-2 5.7402E-2 5.55301E-2 5.32584E-2 5.02875E-2 5.10598E-2 5.6355E-2 5.964E-2 6.23752E-2 5.86101E-2 5.44171E-2 5.7138E-2
5.83134E-2 5.42416E-2 5.67757E-2 5.60723E-2 5.94767E-2 6.95577E-2 7.37924E-2 7.34665E-2 7.37618E-2 6.66674E-2 6.1406E-2 6.11761E-2 6.12972E-2 5.62372E-2 6.06844E-2 5.4431E-2 5.15532E-2 4.81198E-2 5.02835E-2 6.12269E-2 6.51046E-2 6.79461E-2 6.76389E-2 7.61659E-2 1.10683E-1 1.17672E-1 9.29312E-2 1.01335E-1 1.41809E-1 7.391E-2 5.87439E-2 6.05258E-2 6.65827E-2 5.75957E-2 5.07E-2 5.39269E-2 5.45324E-2 5.54727E-2 5.62611E-2 6.06608E-2 6.47776E-2 6.64053E-2 6.51254E-2 6.24398E-2 6.15234E-2 6.20842E-2 6.2038E-2 5.97319E-2 5.76615E-2 5.81312E-2 5.9751E-2 5.73436E-2 5.56778E-2 5.07503E-2 5.17986E-2 5.76178E-2 5.82391E-2 5.8707E-2 5.83687E-2 6.36898E-2 5.73566E-2
7.463E-2 7.77224E-2 7.18945E-2 6.82066E-2 7.25136E-2 7.31838E-2 7.83373E-2 8.00008E-2 8.33058E-2 8.35599E-2 7.22449E-2 7.06791E-2 6.54137E-2 5.60802E-2 6.35231E-2 5.92963E-2 5.55612E-2 5.03471E-2 4.93249E-2 5.66981E-2 6.42416E-2 6.2534E-2 7.04892E-2 7.0407E-2 9.83817E-2 1.38536E-1 1.34304E-1 8.86139E-2 1.14384E-1 9.17201E-2 7.06756E-2 5.61865E-2 5.78302E-2 5.9267E-2 4.97451E-2 5.39506E-2 5.37596E-2 5.32712E-2 5.297E-2 5.69306E-2 5.75068E-2 5.93869E-2 6.0819E-2 6.11434E-2 6.08915E-2 6.39913E-2 6.28685E-2 6.53072E-2 6.363E-2 6.20604E-2 6.45693E-2 6.09852E-2 5.62473E-2 5.36131E-2 5.22722E-2 5.34586E-2 5.48702E-2 5.83933E-2 5.88742E-2 5.94322E-2 5.58093E-2
7.83798E-2 8.3441E-2 8.2884E-2 8.44328E-2 8.35189E-2 8.12415E-2 8.22351E-2 7.82803E-2 7.9964E-2 7.81537E-2 8.75284E-2 9.03684E-2 7.31228E-2 6.39157E-2 6.16748E-2 6.2628E-2 6.68821E-2 5.90407E-2 5.43993E-2 5.88746E-2 6.33419E-2 6.40421E-2 6.02999E-2 6.61677E-2 8.92338E-2 7.77407E-2 9.20393E-2 9.19431E-2 9.49279E-2 9.18425E-2 7.62067E-2 6.10498E-2 5.81013E-2 5.80206E-2 5.48223E-2 5.68722E-2 5.4611E-2 5.1268E-2 4.99118E-2 5.40472E-2 5.64191E-2 5.77562E-2 5.87122E-2 6.1698E-2 6.27659E-2 5.97356E-2 5.74619E-2 5.95043E-2 6.75357E-2 6.63725E-2 6.61382E-2 6.87904E-2 6.48103E-2 6.26432E-2 6.43357E-2 5.67891E-2 5.63446E-2 5.34087E-2 5.72251E-2 6.80346E-2 6.11011E-2
8.75188E-2 8.88937E-2 9.01089E-2 8.74505E-2 8.28967E-2 8.40193E-2 8.47783E-2 8.16001E-2 7.49742E-2 7.70845E-2 9.18531E-2 8.24175E-2 7.94923E-2 7.99193E-2 7.34185E-2 6.40187E-2 6.79174E-2 7.25689E-2 6.3652E-2 6.65993E-2 6.12329E-2 5.91246E-2 5.6649E-2 6.98002E-2 9.88329E-2 1.00965E-1 6.14836E-2 9.67161E-2 1.19331E-1 7.54446E-2 7.59248E-2 8.04367E-2 6.25398E-2 6.01023E-2 6.08268E-2 5.94302E-2 5.54847E-2 5.00293E-2 4.87495E-2 5.04935E-2 5.36817E-2 5.65017E-2 5.56898E-2 6.09936E-2 6.40128E-2 6.2709E-2 5.8931E-2 5.23697E-2 5.67366E-2 6.23433E-2 7.13566E-2 6.8542E-2 7.10575E-2 6.36195E-2 6.2988E-2 6.48479E-2 7.09577E-2 6.01022E-2 5.78421E-2 6.15381E-2 6.1792E-2
8.38249E-2 8.331E-2 8.72158E-2 9.08934E-2 9.15616E-2 9.05252E-2 9.57219E-2 9.40905E-2 9.68266E-2 9.67711E-2 9.30923E-2 8.29813E-2 9.51774E-2 8.6655E-2 8.85131E-2 7.9076E-2 7.99221E-2 7.43907E-2 7.07502E-2 6.84149E-2 6.25931E-2 6.6074E-2 6.19781E-2 6.5661E-2 6.94842E-2 7.06623E-2 6.57314E-2 6.5307E-2 8.83139E-2 6.97098E-2 6.3627E-2 7.53047E-2 6.39012E-2 6.29369E-2 6.34103E-2 5.89636E-2 5.93707E-2 5.28192E-2 5.08964E-2 5.2981E-2 5.10396E-2 5.3972E-2 5.2905E-2 5.78918E-2 6.10922E-2 6.45097E-2 6.40808E-2 5.97314E-2 5.20164E-2 5.73303E-2 6.25861E-2 7.1881E-2 7.14043E-2 6.87718E-2 6.545E-2 6.46873E-2 6.17232E-2 6.30348E-2 6.21041E-2 6.7019E-2 6.98623E-2
8.36293E-2 8.39858E-2 9.25977E-2 9.9749E-2 9.44105E-2 8.30766E-2 9.30445E-2 9.77499E-2 1.00665E-1 1.0009E-1 1.07703E-1 9.82172E-2 1.01224E-1 9.43807E-2 9.70898E-2 1.01201E-1 9.80095E-2 9.52963E-2 8.13387E-2 7.78288E-2 7.46746E-2 7.32171E-2 7.29136E-2 7.89515E-2 8.40208E-2 7.94436E-2 8.13526E-2 8.5495E-2 6.90252E-2 6.60689E-2 6.21489E-2 6.72879E-2 7.21441E-2 6.59739E-2 6.33393E-2 7.203E-2 7.23717E-2 6.93308E-2 7.12285E-2 6.98538E-2 6.75922E-2 6.65568E-2 6.52597E-2 6.18062E-2 6.44598E-2 6.31644E-2 6.31398E-2 6.44919E-2 6.21369E-2 6.15665E-2 5.87475E-2 6.46275E-2 7.22189E-2 7.60216E-2 7.35103E-2 6.87891E-2 6.49831E-2 6.25068E-2 6.34003E-2 6.45793E-2 6.03173E-2
8.88253E-2 8.73879E-2 9.714E-2 1.01989E-1 8.98905E-2 7.74579E-2 9.60951E-2 1.05103E-1 1.01069E-1 9.56247E-2 9.83243E-2 1.05799E-1 1.02814E-1 9.94879E-2 8.76214E-2 1.06404E-1 1.08235E-1 9.73808E-2 9.43457E-2 9.55668E-2 8.3401E-2 8.5399E-2 8.47558E-2 7.80709E-2 7.06363E-2 6.91663E-2 7.19504E-2 6.95831E-2 6.61626E-2 7.03632E-2 7.18513E-2 7.93219E-2 7.81025E-2 7.47553E-2 7.62136E-2 6.60625E-2 6.76513E-2 6.81847E-2 7.18772E-2 6.50909E-2 6.23156E-2 7.1743E-2 7.34414E-2 7.91014E-2 7.28819E-2 5.92986E-2 5.91639E-2 5.84409E-2 6.26874E-2 7.3541E-2 6.97754E-2 6.71967E-2 6.73347E-2 6.98498E-2 7.3589E-2 6.9893E-2 6.94599E-2 6.77025E-2 6.32943E-2 6.01409E-2 6.17624E-2
8.78301E-2 8.91719E-2 8.88562E-2 8.72587E-2 9.40772E-2 1.02296E-1 1.13776E-1 1.21441E-1 1.08399E-1 1.06691E-1 1.00634E-1 1.04815E-1 9.09538E-2 8.10518E-2 8.48297E-2 8.97844E-2 9.26506E-2 9.54936E-2 9.06583E-2 8.58292E-2 8.38544E-2 8.42864E-2 9.14676E-2 8.19922E-2 7.26332E-2 7.59166E-2 7.8216E-2 7.98027E-2 7.57742E-2 7.98329E-2 8.59407E-2 7.83028E-2 8.18887E-2 8.57016E-2 7.98787E-2 7.17503E-2 6.85083E-2 6.99209E-2 7.41234E-2 7.40921E-2 7.09696E-2 7.65193E-2 7.81263E-2 7.69777E-2 8.60525E-2 6.49998E-2 6.2236E-2 5.9839E-2 6.20912E-2 6.7798E-2 6.78782E-2 7.16042E-2 7.163E-2 7.56317E-2 7.40649E-2 6.85374E-2 6.94048E-2 6.77709E-2 6.39044E-2 6.02279E-2 5.88561E-2
1.00118E-1 9.76881E-2 9.07319E-2 9.58265E-2 1.04836E-1 9.99501E-2 1.0404E-1 1.00682E-1 1.00252E-1 9.70277E-2 9.64492E-2 8.58291E-2 8.33626E-2 8.08985E-2 7.9618E-2 8.13448E-2 8.30464E-2 8.45639E-2 8.80249E-2 9.90268E-2 9.44146E-2 8.47631E-2 7.86254E-2 7.66191E-2 7.26826E-2 7.19644E-2 7.81214E-2 7.89854E-2 1.01458E-1 8.20826E-2 7.12511E-2 7.66534E-2 9.1227E-2 9.54893E-2 8.35787E-2 7.52037E-2 7.47954E-2 7.85515E-2 7.82872E-2 8.00207E-2 7.85732E-2 8.6846E-2 8.46759E-2 8.28052E-2 8.67734E-2 8.01987E-2 6.88975E-2 7.06503E-2 7.45038E-2 8.00917E-2 7.88053E-2 7.87029E-2 7.34809E-2 6.99649E-2 6.96439E-2 7.25599E-2 6.99934E-2 6.58037E-2 6.38603E-2 6.11508E-2 5.90886E-2
1.05908E-1 1.04702E-1 1.006E-1 1.03267E-1 1.05858E-1 1.13599E-1 1.22678E-1 1.17209E-1 1.04561E-1 9.64919E-2 9.46583E-2 8.56913E-2 8.13483E-2 7.53905E-2 9.1642E-2 9.36798E-2 9.4415E-2 9.69665E-2 9.759E-2 1.06139E-1 9.84093E-2 8.83859E-2 7.74262E-2 7.51322E-2 7.44813E-2 6.97864E-2 6.67015E-2 8.77445E-2 1.23002E-1 9.24732E-2 8.85896E-2 1.00581E-1 9.49472E-2 8.17994E-2 7.04128E-2 7.1363E-2 7.59943E-2 7.67189E-2 7.70704E-2 7.83234E-2 8.09937E-2 9.12535E-2 9.12584E-2 9.08588E-2 8.84382E-2 7.68063E-2 7.2469E-2 7.60268E-2 7.16892E-2 7.45149E-2 7.00565E-2 7.07026E-2 7.28771E-2 7.18155E-2 7.00245E-2 6.99583E-2 7.67651E-2 7.31913E-2 6.97918E-2 6.45393E-2 6.1685E-2
1.08043E-1 1.06867E-1 9.72172E-2 1.00409E-1 1.01977E-1 1.19193E-1 1.23076E-1 1.13725E-1 1.06858E-1 1.00626E-1 9.66544E-2 9.00263E-2 8.46951E-2 7.76031E-2 8.19817E-2 8.80891E-2 8.99007E-2 9.17141E-2 9.12525E-2 9.52958E-2 9.71835E-2 9.00332E-2 7.99487E-2 7.5866E-2 7.01603E-2 7.07434E-2 7.33707E-2 6.83382E-2 1.34614E-1 1.95424E-1 1.69716E-1 1.22515E-1 1.16505E-1 7.80682E-2 7.57284E-2 7.84423E-2 8.18873E-2 7.88004E-2 7.35245E-2 7.78043E-2 8.17507E-2 8.667E-2 8.87448E-2 9.00712E-2 8.90139E-2 8.63826E-2 8.43697E-2 8.23903E-2 7.71149E-2 7.35164E-2 7.70348E-2 7.84058E-2 7.29233E-2 6.33866E-2 6.59038E-2 7.11146E-2 6.89334E-2 6.61796E-2 6.79422E-2 6.56594E-2 6.25303E-2
1.07218E-1 9.94679E-2 9.7243E-2 1.03089E-1 1.01012E-1 1.1242E-1 1.19919E-1 1.25011E-1 1.17346E-1 1.06991E-1 1.00043E-1 9.24417E-2 8.78333E-2 7.87902E-2 8.05504E-2 8.48904E-2 8.06838E-2 8.22598E-2 9.21057E-2 9.5021E-2 9.25694E-2 8.63379E-2 7.89162E-2 7.40823E-2 7.20661E-2 7.13385E-2 6.60835E-2 6.0641E-2 1.26078E-1 2.732E-1 3.03365E-1 1.19638E-1 8.77045E-2 8.45819E-2 7.58763E-2 7.50189E-2 8.16998E-2 8.13831E-2 7.72757E-2 8.12552E-2 7.99898E-2 8.44892E-2 9.30885E-2 8.60309E-2 8.54617E-2 8.26578E-2 8.08588E-2 7.76212E-2 7.72064E-2 7.56407E-2 7.87697E-2 7.84379E-2 7.16848E-2 6.329E-2 6.38593E-2 6.43117E-2 6.53348E-2 7.30926E-2 7.06823E-2 7.44421E-2 6.54079E-2
9.07845E-2 8.62061E-2 8.68381E-2 9.29719E-2 9.9847E-2 9.90995E-2 1.08955E-1 1.24894E-1 1.24357E-1 1.18966E-1 1.11594E-1 1.03214E-1 9.48744E-2 8.4259E-2 8.37014E-2 8.02919E-2 8.02169E-2 8.58033E-2 8.66928E-2 8.83885E-2 8.56691E-2 8.28747E-2 7.60804E-2 7.77556E-2 9.6143E-2 1.16912E-1 1.16705E-1 1.07144E-1 1.76557E-1 2.78813E-1 2.63483E-1 1.89608E-1 8.1048E-2 9.12773E-2 8.32404E-2 8.37426E-2 9.04964E-2 9.3079E-2 8.33742E-2 8.47282E-2 8.54909E-2 8.70287E-2 8.7477E-2 8.9486E-2 8.98281E-2 8.75616E-2 8.54751E-2 8.18172E-2 8.1099E-2 8.04363E-2 8.08174E-2 8.24762E-2 8.12609E-2 7.11686E-2 6.72101E-2 6.96567E-2 6.6676E-2 6.83818E-2 6.77583E-2 7.24283E-2 6.28752E-2
7.92071E-2 7.60794E-2 7.43011E-2 8.67018E-2 9.79879E-2 1.0404E-1 1.0495E-1 1.13571E-1 1.11902E-1 1.17566E-1 1.19692E-1 1.09455E-1 9.23491E-2 8.9885E-2 9.55561E-2 9.25852E-2 9.00797E-2 8.55439E-2 8.5353E-2 8.45495E-2 8.48382E-2 7.92335E-2 8.05066E-2 9.19812E-2 1.0829E-1 1.24299E-1 1.19225E-1 1.61861E-1 1.65608E-1 1.57585E-1 1.67702E-1 1.63843E-1 8.48325E-2 8.11623E-2 9.21907E-2 9.36553E-2 9.58107E-2 8.64808E-2 8.17165E-2 8.34696E-2 8.39523E-2 9.10853E-2 8.78267E-2 8.75702E-2 9.0119E-2 8.98153E-2 8.75979E-2 8.35029E-2 8.29041E-2 8.05417E-2 8.262E-2 8.60912E-2 8.63039E-2 8.85958E-2 7.13255E-2 6.7054E-2 6.8712E-2 7.42588E-2 7.41572E-2 7.42516E-2 7.12745E-2
9.19151E-2 8.81272E-2 8.98127E-2 1.01008E-1 1.08242E-1 1.17104E-1 1.09906E-1 1.06222E-1 1.12271E-1 1.1962E-1 1.17817E-1 1.11802E-1 1.0067E-1 8.93563E-2 9.47507E-2 1.00757E-1 9.95128E-2 9.41223E-2 9.45361E-2 9.27937E-2 9.39508E-2 9.49182E-2 9.45771E-2 1.00385E-1 1.00767E-1 1.07331E-1 1.1705E-1 1.04219E-1 1.5939E-1 1.08083E-1 1.18102E-1 1.39407E-1 9.71972E-2 8.81812E-2 1.003E-1 1.05475E-1 1.00799E-1 9.75618E-2 8.61844E-2 8.62798E-2 8.91538E-2 8.68178E-2 8.65744E-2 8.70093E-2 8.99083E-2 9.24798E-2 9.00261E-2 8.45467E-2 8.44471E-2 8.69411E-2 8.73241E-2 8.34183E-2 8.40442E-2 7.81769E-2 8.45396E-2 6.43774E-2 6.20895E-2 6.47241E-2 6.96927E-2 6.86491E-2 7.43779E-2
1.04431E-1 1.0339E-1 1.05146E-1 1.0563E-1 1.12735E-1 1.15944E-1 1.07259E-1 1.04336E-1 1.09474E-1 1.12059E-1 1.10238E-1 1.1157E-1 1.08453E-1 1.04045E-1 9.97525E-2 1.03215E-1 1.06024E-1 1.01733E-1 1.02342E-1 1.00319E-1 1.02666E-1 1.05488E-1 1.01738E-1 9.77473E-2 9.04019E-2 1.10162E-1 1.19088E-1 8.409E-2 9.63847E-2 1.14869E-1 1.05586E-1 9.95767E-2 1.16232E-1 1.07026E-1 1.06135E-1 9.75344E-2 9.62773E-2 9.14579E-2 8.46281E-2 8.83663E-2 8.85306E-2 8.99199E-2 8.90096E-2 8.62607E-2 9.2906E-2 9.18062E-2 9.29777E-2 8.43163E-2 8.00241E-2 8.73692E-2 9.47632E-2 8.99131E-2 8.63452E-2 8.53331E-2 8.29096E-2 6.11712E-2 5.542E-2 5.71539E-2 6.28998E-2 6.78376E-2 7.12638E-2
1.0281E-1 1.01766E-1 1.04701E-1 1.02418E-1 1.04882E-1 9.75387E-2 9.24075E-2 9.53003E-2 1.00846E-1 1.08696E-1 1.1169E-1 1.08387E-1 1.03736E-1 9.9008E-2 1.09202E-1 1.05967E-1 1.04889E-1 1.04E-1 1.0377E-1 1.03288E-1 1.03405E-1 9.70702E-2 9.94264E-2 9.57019E-2 9.02076E-2 9.90066E-2 1.06557E-1 9.56147E-2 7.88591E-2 9.23084E-2 8.30647E-2 1.11767E-1 1.209E-1 9.8984E-2 1.00547E-1 1.02542E-1 8.69645E-2 8.68995E-2 8.78905E-2 8.58883E-2 8.43237E-2 9.07079E-2 9.0381E-2 9.41916E-2 9.65812E-2 9.41557E-2 9.09718E-2 9.16179E-2 8.85834E-2 9.01534E-2 9.74083E-2 9.33533E-2 9.37642E-2 9.12099E-2 9.09958E-2 7.75679E-2 6.50883E-2 5.9712E-2 6.11729E-2 6.27832E-2 6.62416E-2
8.90478E-2 9.69539E-2 9.61914E-2 9.86509E-2 1.01809E-1 1.0134E-1 1.0234E-1 1.07371E-1 1.08814E-1 1.12906E-1 1.06948E-1 1.01278E-1 8.864E-2 8.18895E-2 8.6117E-2 9.10019E-2 9.46233E-2 1.09253E-1 1.15163E-1 1.13385E-1 9.70014E-2 1.01293E-1 1.07312E-1 1.0668E-1 1.0382E-1 1.04228E-1 1.10335E-1 1.07134E-1 7.74804E-2 8.10303E-2 8.76207E-2 1.39336E-1 1.33818E-1 1.03372E-1 9.74953E-2 9.67991E-2 1.1008E-1 1.08482E-1 9.72108E-2 9.0161E-2 8.5573E-2 8.77586E-2 8.77301E-2 9.22598E-2 9.33298E-2 9.33912E-2 8.74015E-2 9.0316E-2 9.41974E-2 1.00851E-1 9.50288E-2 8.91982E-2 8.94543E-2 9.75092E-2 1.02847E-1 8.53233E-2 8.03829E-2 7.22717E-2 6.28361E-2 6.47631E-2 6.71568E-2
8.72526E-2 9.44655E-2 1.04542E-1 1.0558E-1 1.01044E-1 1.04039E-1 1.08251E-1 1.09981E-1 1.06283E-1 1.01564E-1 9.24091E-2 9.82197E-2 9.05823E-2 8.40258E-2 8.21666E-2 8.31918E-2 8.75179E-2 1.06668E-1 1.14231E-1 1.11005E-1 1.03178E-1 1.06608E-1 1.03915E-1 9.98946E-2 1.08413E-1 1.12965E-1 1.04711E-1 1.03093E-1 9.52791E-2 8.90598E-2 1.20246E-1 1.52013E-1 1.54419E-1 1.43537E-1 1.147E-1 9.66379E-2 1.1054E-1 1.13585E-1 1.05335E-1 9.51065E-2 9.53495E-2 9.36529E-2 9.32562E-2 8.87863E-2 9.45506E-2 9.36163E-2 8.79055E-2 9.17174E-2 9.9951E-2 9.54119E-2 9.19759E-2 9.05551E-2 8.57621E-2 8.87134E-2 1.01709E-1 1.01268E-1 9.27443E-2 8.42398E-2 7.14148E-2 7.03169E-2 6.88951E-2
9.97221E-2 1.00822E-1 9.78884E-2 9.94682E-2 1.02261E-1 1.09378E-1 1.10047E-1 1.03051E-1 9.91133E-2 1.04986E-1 1.0381E-1 1.07461E-1 8.55953E-2 8.43917E-2 8.72209E-2 8.09134E-2 7.91123E-2 1.01659E-1 1.0404E-1 1.05075E-1 1.03889E-1 1.04323E-1 1.17733E-1 1.14156E-1 1.01963E-1 1.09758E-1 1.1106E-1 1.17911E-1 1.13212E-1 9.52635E-2 1.12062E-1 1.22229E-1 1.02118E-1 1.27673E-1 1.24437E-1 1.09745E-1 1.06218E-1 1.03419E-1 9.69137E-2 9.50566E-2 9.7893E-2 9.71212E-2 9.54365E-2 9.41895E-2 9.88541E-2 1.00908E-1 1.06338E-1 1.07436E-1 1.12688E-1 1.13646E-1 1.06114E-1 1.06212E-1 1.00075E-1 1.00704E-1 9.99537E-2 1.02063E-1 9.27555E-2 8.91114E-2 8.46044E-2 8.27749E-2 7.81919E-2
1.00995E-1 9.46071E-2 9.0505E-2 9.04248E-2 9.85546E-2 9.98219E-2 8.98691E-2 9.62184E-2 9.34954E-2 1.14002E-1 1.23792E-1 1.12195E-1 8.89619E-2 9.41676E-2 8.38582E-2 8.55529E-2 8.46244E-2 8.81329E-2 9.12082E-2 1.09503E-1 1.06479E-1 1.01538E-1 1.04654E-1 1.20689E-1 1.08541E-1 1.12839E-1 1.16302E-1 1.10003E-1 1.07699E-1 8.60147E-2 8.98331E-2 9.76738E-2 1.11632E-1 1.12307E-1 1.06932E-1 1.12159E-1 1.09198E-1 1.03401E-1 9.91314E-2 1.04962E-1 1.00249E-1 9.44864E-2 9.51816E-2 9.55321E-2 9.00309E-2 8.88968E-2 9.47247E-2 1.04687E-1 1.04552E-1 1.0257E-1 1.02502E-1 1.03173E-1 1.03745E-1 1.03066E-1 1.09854E-1 1.08746E-1 9.50337E-2 9.59059E-2 8.62108E-2 8.57453E-2 8.64142E-2
8.85876E-2 8.16565E-2 7.6134E-2 7.72944E-2 8.89288E-2 8.71494E-2 7.92638E-2 7.65121E-2 8.36769E-2 1.09852E-1 1.25477E-1 1.00612E-1 8.37051E-2 8.72363E-2 8.65587E-2 9.20818E-2 8.68519E-2 8.30487E-2 9.69334E-2 1.1475E-1 1.09091E-1 1.08095E-1 1.00215E-1 1.0427E-1 1.19985E-1 1.18314E-1 1.17999E-1 1.04951E-1 1.07898E-1 9.87939E-2 1.01178E-1 9.63053E-2 1.13801E-1 1.08853E-1 1.06877E-1 1.16965E-1 1.16649E-1 1.05833E-1 9.57315E-2 1.13824E-1 1.13649E-1 1.06366E-1 9.95413E-2 9.73834E-2 9.33395E-2 9.20104E-2 9.06602E-2 9.56495E-2 9.61973E-2 9.62316E-2 9.87477E-2 1.00698E-1 9.8204E-2 1.04132E-1 1.09675E-1 1.10391E-1 1.00852E-1 8.60885E-2 8.15652E-2 8.39337E-2 8.68578E-2
7.04362E-2 7.00312E-2 7.40454E-2 7.03786E-2 7.55031E-2 8.13678E-2 7.20051E-2 7.18821E-2 6.31508E-2 6.08004E-2 9.47066E-2 9.11744E-2 7.73585E-2 8.22873E-2 8.70628E-2 9.45328E-2 8.84708E-2 9.85901E-2 9.92392E-2 1.01106E-1 1.0286E-1 1.05323E-1 9.72635E-2 1.06972E-1 1.12689E-1 1.1108E-1 1.1558E-1 1.09884E-1 9.96921E-2 9.84428E-2 1.006E-1 1.09309E-1 1.11835E-1 9.97809E-2 1.06096E-1 1.23746E-1 1.16791E-1 1.08263E-1 1.08124E-1 1.13671E-1 1.1453E-1 1.07927E-1 1.05291E-1 1.04364E-1 1.01742E-1 1.01484E-1 1.05206E-1 1.06569E-1 1.06782E-1 1.0659E-1 1.06279E-1 1.0931E-1 1.13801E-1 1.11617E-1 1.11366E-1 1.119E-1 1.09722E-1 9.39924E-2 9.12674E-2 8.7794E-2 8.8815E-2
4.77087E-2 4.35384E-2 6.74059E-2 6.90022E-2 6.63359E-2 6.67503E-2 6.8973E-2 6.89983E-2 7.19979E-2 6.81679E-2 5.83054E-2 6.85563E-2 7.59068E-2 8.05862E-2 8.1835E-2 8.40753E-2 9.99746E-2 1.07291E-1 1.04277E-1 1.06341E-1 1.04352E-1 1.03283E-1 1.04101E-1 1.0451E-1 9.74892E-2 1.05897E-1 1.11891E-1 9.95648E-2 9.59478E-2 1.00643E-1 1.1359E-1 1.14468E-1 1.11646E-1 1.13069E-1 1.27498E-1 1.36996E-1 1.45662E-1 1.29939E-1 1.21719E-1 1.16946E-1 1.13093E-1 1.06946E-1 1.08424E-1 1.12586E-1 1.08708E-1 1.01373E-1 9.90056E-2 1.00655E-1 1.04122E-1 1.07399E-1 1.07051E-1 1.09253E-1 1.075E-1 1.07148E-1 1.15094E-1 1.18781E-1 1.08577E-1 9.25386E-2 8.59498E-2 8.6904E-2 8.93011E-2
