maxent_outputs/bumblebees/bombus_67.asc
ncols         426
nrows         180
xllcorner     -130.0
yllcorner     24.0
cellsize      0.16666666666666666
NODATA_value  -9999
[rows 0 to 26 of 180, columns 0 to 60 of 426]
6.42584E-1 5.62285E-1 5.16523E-1 4.11285E-1 4.34044E-1 5.01424E-1 5.79718E-1 6.20552E-1 4.58182E-1 3.35039E-1 2.23391E-1 1.35314E-1 1.12053E-1 1.14708E-1 1.20763E-1 1.12681E-1 1.03843E-1 8.95089E-2 8.45718E-2 7.76709E-2 7.80968E-2 8.17088E-2 7.39645E-2 6.63259E-2 6.02999E-2 5.97087E-2 6.00334E-2 5.80913E-2 5.60789E-2 5.60519E-2 5.28125E-2 5.49939E-2 5.61761E-2 5.36068E-2 5.36758E-2 5.31173E-2 4.97066E-2 5.17282E-2 5.96693E-2 6.04614E-2 6.82763E-2 6.97169E-2 7.43133E-2 8.06717E-2 7.55302E-2 7.20071E-2 8.40567E-2 8.20491E-2 8.20245E-2 9.03344E-2 9.01078E-2 7.7677E-2 5.98884E-2 5.63457E-2 6.12996E-2 5.17967E-2 4.44854E-2 4.37135E-2 4.40738E-2 4.38052E-2 4.11852E-2
8.20577E-1 7.34465E-1 5.60275E-1 6.30837E-1 5.7634E-1 6.98548E-1 7.67047E-1 6.38553E-1 3.89737E-1 3.6124E-1 2.69173E-1 1.87825E-1 1.47982E-1 1.1123E-1 1.31761E-1 1.12795E-1 1.00988E-1 1.02623E-1 9.38438E-2 9.50483E-2 8.22333E-2 6.67344E-2 7.26567E-2 7.52616E-2 6.93229E-2 5.74487E-2 5.73747E-2 5.54182E-2 5.51507E-2 5.17139E-2 4.8581E-2 5.13682E-2 5.62983E-2 5.24732E-2 4.42569E-2 4.38425E-2 4.39544E-2 5.11056E-2 5.62725E-2 5.57616E-2 6.16994E-2 6.78491E-2 7.02487E-2 8.02028E-2 7.43516E-2 6.53138E-2 7.3237E-2 6.96578E-2 7.09837E-2 7.79506E-2 5.93094E-2 6.97007E-2 8.2049E-2 9.01634E-2 9.06025E-2 6.03387E-2 5.01208E-2 4.78615E-2 4.69456E-2 4.69082E-2 4.63695E-2
9.23729E-1 8.1868E-1 8.31861E-1 7.23365E-1 8.39523E-1 6.98902E-1 7.27684E-1 6.48955E-1 3.95498E-1 3.77182E-1 2.99546E-1 2.91811E-1 2.86268E-1 1.51951E-1 1.24828E-1 9.83425E-2 1.12258E-1 1.08525E-1 1.10391E-1 1.00881E-1 8.25605E-2 7.40662E-2 7.22351E-2 6.70605E-2 5.98767E-2 5.90447E-2 5.31884E-2 5.32512E-2 5.5575E-2 5.16749E-2 5.26075E-2 5.20915E-2 4.6868E-2 4.2496E-2 4.37516E-2 4.04179E-2 4.05571E-2 4.38134E-2 4.82119E-2 5.03357E-2 5.68557E-2 6.27079E-2 6.27673E-2 8.05933E-2 7.17521E-2 5.18682E-2 5.44478E-2 6.91383E-2 5.82085E-2 6.37331E-2 6.68069E-2 5.41145E-2 4.80712E-2 5.15693E-2 5.87748E-2 8.52594E-2 8.42978E-2 5.1615E-2 4.63168E-2 4.48255E-2 4.45905E-2
9.52774E-1 9.12245E-1 8.92905E-1 9.26442E-1 9.09703E-1 8.28626E-1 8.03692E-1 6.28837E-1 5.86931E-1 4.73367E-1 4.04599E-1 4.13119E-1 2.48991E-1 1.99557E-1 1.39912E-1 1.19433E-1 1.27684E-1 1.40871E-1 1.40758E-1 1.15707E-1 8.84853E-2 6.67886E-2 7.00971E-2 6.84649E-2 6.42916E-2 5.83601E-2 5.80479E-2 6.07741E-2 5.95054E-2 5.72968E-2 5.58255E-2 4.69409E-2 4.73462E-2 4.32661E-2 4.42751E-2 4.72355E-2 4.48777E-2 4.66382E-2 4.70053E-2 4.80137E-2 5.02813E-2 5.83082E-2 6.30921E-2 7.52503E-2 7.23171E-2 5.88491E-2 5.55574E-2 5.78247E-2 5.73004E-2 5.6057E-2 6.34476E-2 6.00254E-2 4.82649E-2 4.48145E-2 4.5737E-2 4.8078E-2 5.76949E-2 7.60332E-2 5.6064E-2 4.56533E-2 4.1694E-2
9.27101E-1 9.54798E-1 9.63788E-1 9.7732E-1 9.30261E-1 9.46196E-1 8.53689E-1 7.19573E-1 5.60093E-1 4.40758E-1 3.36825E-1 3.6555E-1 4.08345E-1 3.30539E-1 2.01942E-1 1.78909E-1 1.5288E-1 1.38896E-1 1.38469E-1 1.27839E-1 1.17964E-1 9.77537E-2 7.79439E-2 7.28568E-2 6.78399E-2 6.18816E-2 6.02361E-2 5.78835E-2 5.00172E-2 4.65034E-2 4.75898E-2 4.99429E-2 4.49731E-2 4.09004E-2 4.06056E-2 4.55183E-2 4.92586E-2 4.70038E-2 4.6759E-2 4.97704E-2 5.10644E-2 5.51219E-2 6.65017E-2 6.96519E-2 6.6865E-2 6.62485E-2 5.66687E-2 5.81902E-2 5.7114E-2 5.63467E-2 5.849E-2 7.05257E-2 6.62451E-2 5.0824E-2 4.92008E-2 4.59365E-2 4.48727E-2 4.30944E-2 4.65585E-2 6.50516E-2 4.89933E-2
9.81634E-1 9.7984E-1 9.77649E-1 9.60951E-1 9.63565E-1 9.25519E-1 8.20277E-1 7.09105E-1 7.92503E-1 6.43888E-1 3.733E-1 3.42355E-1 3.79628E-1 3.79541E-1 2.91938E-1 1.9777E-1 1.78083E-1 2.03018E-1 1.24463E-1 1.33955E-1 9.9686E-2 9.51091E-2 8.56771E-2 7.20643E-2 6.89803E-2 6.67061E-2 6.05858E-2 5.59151E-2 5.07934E-2 4.5915E-2 4.5145E-2 4.68605E-2 4.68137E-2 4.68799E-2 4.10743E-2 4.0118E-2 4.57871E-2 4.36467E-2 4.90917E-2 4.3171E-2 4.17144E-2 5.05866E-2 4.96294E-2 6.13966E-2 7.24801E-2 6.80819E-2 6.67415E-2 5.97402E-2 5.30503E-2 5.12661E-2 5.4222E-2 5.53735E-2 6.2024E-2 5.60198E-2 4.48399E-2 4.49896E-2 4.41646E-2 4.27044E-2 4.37849E-2 4.41708E-2 4.8871E-2
-9999 9.95183E-1 9.83973E-1 9.90286E-1 9.88855E-1 9.65458E-1 8.88668E-1 8.39855E-1 8.52126E-1 8.02512E-1 5.67613E-1 5.81465E-1 3.88421E-1 3.24855E-1 2.22136E-1 1.97512E-1 1.81414E-1 3.24764E-1 1.65767E-1 1.99444E-1 1.18294E-1 1.17237E-1 1.00452E-1 7.96202E-2 7.16549E-2 6.48768E-2 5.78502E-2 5.17031E-2 4.73708E-2 4.52682E-2 4.38795E-2 4.71788E-2 4.90308E-2 4.5632E-2 4.32771E-2 4.18678E-2 4.2786E-2 4.30517E-2 4.86521E-2 4.2526E-2 4.01368E-2 4.86652E-2 4.59348E-2 5.28063E-2 6.84834E-2 7.73721E-2 7.1768E-2 6.30588E-2 5.69124E-2 5.07243E-2 5.04771E-2 5.09706E-2 6.05786E-2 5.57731E-2 4.87492E-2 4.5496E-2 4.72515E-2 4.23335E-2 3.95889E-2 4.16054E-2 4.22053E-2
-9999 -9999 -9999 9.97824E-1 9.68001E-1 9.71805E-1 9.34005E-1 9.15235E-1 9.01864E-1 9.64051E-1 8.92246E-1 7.65401E-1 5.83188E-1 3.48785E-1 2.55941E-1 2.38054E-1 2.2103E-1 2.98864E-1 3.72542E-1 2.01055E-1 1.53947E-1 1.39221E-1 1.19394E-1 8.80568E-2 6.98384E-2 5.74937E-2 5.80396E-2 4.69222E-2 4.28222E-2 4.82406E-2 4.36112E-2 4.136E-2 4.01119E-2 4.3559E-2 4.70136E-2 4.14296E-2 3.9359E-2 4.15509E-2 4.40716E-2 4.10139E-2 3.64256E-2 4.2641E-2 4.28071E-2 4.54726E-2 6.80958E-2 7.33185E-2 6.06231E-2 6.56325E-2 5.67034E-2 5.72331E-2 5.03095E-2 5.62506E-2 5.37035E-2 5.31911E-2 5.49591E-2 5.4461E-2 4.42665E-2 4.28182E-2 4.12032E-2 4.00506E-2 4.20216E-2
-9999 -9999 -9999 9.99534E-1 9.87431E-1 9.59698E-1 9.51435E-1 9.81803E-1 9.38794E-1 9.63962E-1 9.42043E-1 8.91301E-1 7.82588E-1 4.91402E-1 4.74575E-1 3.43819E-1 4.33216E-1 3.90633E-1 2.42296E-1 1.7917E-1 1.49237E-1 1.21547E-1 1.06468E-1 7.24492E-2 5.77964E-2 5.49461E-2 5.89136E-2 4.88508E-2 4.69057E-2 4.63757E-2 4.63989E-2 4.57258E-2 4.68781E-2 3.96614E-2 3.94793E-2 3.42348E-2 3.54898E-2 3.77342E-2 3.14343E-2 3.0883E-2 3.14159E-2 3.52671E-2 3.46029E-2 4.13366E-2 6.30267E-2 7.07569E-2 5.24761E-2 5.98111E-2 6.55491E-2 6.26982E-2 6.91659E-2 6.11872E-2 6.1685E-2 7.21426E-2 6.94337E-2 5.62833E-2 5.69912E-2 5.9283E-2 4.72167E-2 4.07625E-2 4.17305E-2
-9999 -9999 -9999 -9999 -9999 9.97665E-1 9.86529E-1 9.72344E-1 9.5023E-1 9.7014E-1 9.57201E-1 9.30849E-1 8.88417E-1 7.40606E-1 5.74011E-1 5.82028E-1 6.04602E-1 3.51184E-1 3.34382E-1 3.48005E-1 2.56172E-1 1.76771E-1 1.27355E-1 1.08623E-1 8.86125E-2 7.25192E-2 6.07949E-2 5.19413E-2 4.48316E-2 4.10461E-2 4.43281E-2 4.86818E-2 4.47754E-2 3.31742E-2 3.31002E-2 2.48819E-2 2.60827E-2 2.97412E-2 2.89358E-2 3.04192E-2 3.09034E-2 3.29328E-2 3.37871E-2 3.4435E-2 4.27673E-2 5.92286E-2 5.92067E-2 5.30188E-2 5.69864E-2 6.50007E-2 6.8819E-2 7.40087E-2 7.326E-2 6.77112E-2 7.06275E-2 5.61548E-2 4.3068E-2 4.47083E-2 5.31321E-2 4.67585E-2 4.51077E-2
-9999 -9999 -9999 -9999 -9999 -9999 -9999 9.64006E-1 9.53316E-1 9.78268E-1 9.63881E-1 9.59724E-1 9.20742E-1 8.63806E-1 7.16494E-1 6.04582E-1 5.03995E-1 3.82472E-1 4.63883E-1 2.19129E-1 1.70177E-1 1.41538E-1 8.28899E-2 9.15263E-2 7.22751E-2 7.6643E-2 5.75202E-2 5.78681E-2 5.10028E-2 4.24894E-2 4.62655E-2 5.41921E-2 5.1543E-2 3.98955E-2 2.98789E-2 2.74617E-2 2.64474E-2 2.56062E-2 3.02893E-2 2.63652E-2 2.73716E-2 3.3246E-2 3.05937E-2 3.11692E-2 3.44749E-2 4.46261E-2 6.61236E-2 5.84815E-2 5.19222E-2 5.11697E-2 5.50164E-2 6.18055E-2 5.82826E-2 5.75769E-2 6.1264E-2 5.73086E-2 4.50896E-2 4.46537E-2 7.39135E-2 4.89759E-2 4.43523E-2
-9999 -9999 -9999 -9999 -9999 -9999 -9999 -9999 9.96706E-1 9.87325E-1 9.80428E-1 9.50445E-1 9.39598E-1 8.39471E-1 7.92701E-1 5.79582E-1 4.22209E-1 2.89239E-1 2.49267E-1 3.84511E-1 3.29224E-1 1.58731E-1 8.28422E-2 7.38484E-2 8.49686E-2 6.79057E-2 6.01538E-2 5.9715E-2 5.92347E-2 5.41038E-2 4.79803E-2 4.88931E-2 4.67438E-2 3.95765E-2 3.4404E-2 3.45987E-2 3.08725E-2 2.8543E-2 2.97598E-2 2.91392E-2 3.30309E-2 3.40195E-2 3.45066E-2 3.33143E-2 4.22666E-2 4.10485E-2 6.6691E-2 6.29547E-2 6.00866E-2 5.37434E-2 4.6538E-2 5.3474E-2 5.62941E-2 4.94228E-2 4.59853E-2 5.24607E-2 4.89617E-2 4.63504E-2 5.97652E-2 6.76741E-2 4.7725E-2
-9999 -9999 -9999 -9999 -9999 -9999 -9999 -9999 -9999 9.96531E-1 9.91188E-1 9.49522E-1 9.68598E-1 8.73652E-1 6.47817E-1 4.96045E-1 4.70491E-1 2.83692E-1 2.18212E-1 3.43369E-1 2.67733E-1 1.70854E-1 1.4286E-1 9.0926E-2 6.55882E-2 7.64635E-2 5.72044E-2 5.4426E-2 6.16445E-2 5.72489E-2 5.88109E-2 5.52399E-2 4.37909E-2 4.30316E-2 4.54085E-2 4.4213E-2 3.53633E-2 3.54547E-2 3.02061E-2 3.00788E-2 3.29905E-2 3.60751E-2 3.90059E-2 3.6785E-2 4.54828E-2 4.41107E-2 5.71418E-2 4.88557E-2 5.72549E-2 5.91954E-2 5.43992E-2 5.28074E-2 5.36942E-2 6.32155E-2 6.67841E-2 7.2253E-2 7.1268E-2 6.87274E-2 6.95177E-2 8.79814E-2 4.918E-2
-9999 -9999 -9999 -9999 -9999 -9999 -9999 -9999 -9999 -9999 9.9619E-1 9.853E-1 9.66643E-1 8.62146E-1 7.35199E-1 7.52749E-1 5.91188E-1 4.68277E-1 3.09366E-1 3.04568E-1 3.56596E-1 1.81944E-1 1.29773E-1 1.04118E-1 6.53341E-2 7.25785E-2 9.87447E-2 7.32572E-2 5.47309E-2 4.52556E-2 5.70743E-2 6.62756E-2 5.75361E-2 5.96325E-2 5.4992E-2 4.67634E-2 4.55698E-2 4.22114E-2 3.84868E-2 3.88369E-2 3.47235E-2 3.32769E-2 3.30927E-2 3.85191E-2 4.70525E-2 6.93818E-2 5.62033E-2 5.06124E-2 4.71065E-2 5.09086E-2 5.68631E-2 5.54017E-2 5.54089E-2 5.78357E-2 6.20131E-2 6.01331E-2 5.38173E-2 4.80379E-2 4.32949E-2 6.62583E-2 4.96345E-2
-9999 -9999 -9999 -9999 -9999 -9999 -9999 -9999 -9999 -9999 -9999 9.38598E-1 9.02219E-1 9.65617E-1 8.92146E-1 7.32777E-1 5.36669E-1 4.27997E-1 3.45363E-1 3.18049E-1 2.56761E-1 1.79949E-1 1.3596E-1 8.69359E-2 7.94552E-2 8.80496E-2 1.2747E-1 7.75314E-2 5.40652E-2 5.77055E-2 6.0808E-2 5.1265E-2 4.67527E-2 7.62768E-2 6.71853E-2 5.84826E-2 5.29291E-2 4.86077E-2 4.94335E-2 5.01088E-2 4.69952E-2 4.19657E-2 4.27796E-2 4.25364E-2 4.76978E-2 6.40659E-2 6.42023E-2 5.18857E-2 4.33619E-2 4.02702E-2 4.58992E-2 4.96475E-2 4.76984E-2 5.16194E-2 5.16782E-2 5.40375E-2 5.19349E-2 4.57131E-2 5.79372E-2 7.91315E-2 6.1076E-2
-9999 -9999 -9999 -9999 -9999 -9999 -9999 -9999 -9999 -9999 -9999 9.69472E-1 9.58192E-1 9.80758E-1 8.96134E-1 7.91539E-1 6.8397E-1 5.99595E-1 3.7376E-1 2.56668E-1 2.35106E-1 1.99028E-1 1.39735E-1 1.04551E-1 1.22255E-1 1.637E-1 1.26433E-1 7.42604E-2 6.3819E-2 6.80136E-2 8.23264E-2 7.31283E-2 7.05965E-2 7.4698E-2 5.72965E-2 7.09287E-2 4.83003E-2 5.08492E-2 5.7859E-2 5.73902E-2 5.58369E-2 5.52115E-2 5.09688E-2 4.69216E-2 5.04017E-2 6.28402E-2 8.28687E-2 5.71597E-2 4.58942E-2 3.67045E-2 3.81534E-2 3.85478E-2 4.06399E-2 5.0487E-2 5.0292E-2 5.07375E-2 4.98365E-2 4.72272E-2 6.77865E-2 5.85167E-2 4.73749E-2
-9999 -9999 -9999 -9999 -9999 -9999 -9999 -9999 -9999 -9999 -9999 -9999 -9999 9.73719E-1 9.27238E-1 8.93806E-1 7.85409E-1 6.50448E-1 4.30311E-1 3.7373E-1 4.20346E-1 2.66838E-1 2.41699E-1 1.9792E-1 1.39135E-1 2.10783E-1 2.32623E-1 1.11916E-1 8.02756E-2 1.22896E-1 1.47335E-1 8.1265E-2 6.17753E-2 5.28682E-2 4.72413E-2 9.74293E-2 6.48873E-2 4.93208E-2 5.80353E-2 3.91107E-2 3.55924E-2 4.22534E-2 4.87952E-2 4.90426E-2 4.94394E-2 5.73899E-2 7.1789E-2 6.73704E-2 5.43258E-2 4.87204E-2 4.11127E-2 4.15783E-2 4.51002E-2 5.17507E-2 5.15499E-2 4.9172E-2 5.14113E-2 4.76533E-2 5.68095E-2 6.96477E-2 6.73705E-2
-9999 -9999 -9999 -9999 -9999 -9999 -9999 -9999 -9999 -9999 -9999 -9999 -9999 9.757E-1 9.40417E-1 9.15395E-1 8.36196E-1 7.95432E-1 7.33238E-1 6.98953E-1 5.17161E-1 3.96336E-1 3.24397E-1 3.4304E-1 1.96992E-1 2.38276E-1 4.6337E-1 1.42219E-1 8.00763E-2 1.75154E-1 2.17682E-1 1.06767E-1 7.04241E-2 6.8419E-2 5.98389E-2 6.85386E-2 5.36613E-2 4.17508E-2 4.45795E-2 3.82259E-2 3.43707E-2 3.24982E-2 4.45061E-2 5.05615E-2 4.34393E-2 4.78611E-2 5.90933E-2 8.06114E-2 6.90663E-2 6.33797E-2 6.0668E-2 5.50113E-2 5.15971E-2 5.21933E-2 5.30284E-2 5.00207E-2 5.04675E-2 4.70377E-2 6.14257E-2 6.56215E-2 6.00046E-2
-9999 -9999 -9999 -9999 -9999 9.99542E-1 -9999 -9999 -9999 -9999 9.96632E-1 9.7667E-1 9.82803E-1 9.76525E-1 9.87142E-1 9.49382E-1 9.19621E-1 8.9709E-1 8.85272E-1 8.22841E-1 7.40799E-1 6.28269E-1 5.89598E-1 4.0205E-1 3.40819E-1 3.21844E-1 4.4302E-1 2.80838E-1 1.41715E-1 1.39068E-1 3.31719E-1 2.82162E-1 1.39266E-1 1.23926E-1 7.30294E-2 6.89107E-2 5.59935E-2 5.49368E-2 4.90134E-2 4.57732E-2 4.14096E-2 3.8795E-2 5.73042E-2 6.15049E-2 5.08846E-2 4.75749E-2 6.18635E-2 6.49825E-2 8.10476E-2 6.05771E-2 6.57864E-2 6.48437E-2 5.81307E-2 5.60874E-2 6.31709E-2 5.66696E-2 5.0306E-2 5.17918E-2 8.08972E-2 5.67271E-2 5.20137E-2
-9999 -9999 -9999 -9999 -9999 -9999 9.99711E-1 9.9587E-1 9.98074E-1 9.96656E-1 9.87342E-1 9.17143E-1 8.56991E-1 8.23345E-1 8.64672E-1 9.39997E-1 9.44907E-1 9.71058E-1 9.50833E-1 9.05139E-1 9.03376E-1 7.78511E-1 6.88702E-1 5.7997E-1 4.60795E-1 5.02021E-1 4.04778E-1 3.88914E-1 2.52726E-1 2.00287E-1 3.89298E-1 2.21358E-1 1.27794E-1 9.20597E-2 1.20438E-1 8.42563E-2 8.14947E-2 6.41125E-2 6.83293E-2 5.24223E-2 4.81321E-2 4.23406E-2 4.87366E-2 4.18828E-2 3.79295E-2 5.76938E-2 9.10586E-2 9.06679E-2 1.03492E-1 6.67065E-2 5.53877E-2 6.53127E-2 9.83264E-2 7.5114E-2 8.40995E-2 9.37743E-2 8.88006E-2 8.75319E-2 7.61333E-2 6.18245E-2 6.35467E-2
-9999 -9999 -9999 -9999 -9999 -9999 -9999 -9999 -9999 -9999 9.89379E-1 9.44229E-1 9.20061E-1 8.94482E-1 9.21721E-1 9.03687E-1 8.53007E-1 8.85245E-1 8.92411E-1 8.94693E-1 9.49217E-1 8.73527E-1 8.48685E-1 7.44036E-1 7.36055E-1 6.89072E-1 6.73692E-1 4.79407E-1 3.86808E-1 3.17488E-1 4.42259E-1 2.75367E-1 1.82796E-1 2.19419E-1 2.59303E-1 2.14947E-1 1.01861E-1 6.87818E-2 7.26075E-2 8.57014E-2 7.8092E-2 7.44988E-2 4.94828E-2 5.43911E-2 6.27403E-2 9.72171E-2 4.29122E-2 6.90068E-2 6.86988E-2 7.99193E-2 6.55764E-2 8.11754E-2 8.84435E-2 6.42399E-2 6.4698E-2 6.06736E-2 6.16849E-2 5.92945E-2 5.69099E-2 6.78221E-2 7.6E-2
-9999 -9999 -9999 -9999 -9999 -9999 -9999 -9999 -9999 -9999 -9999 9.8146E-1 9.72557E-1 9.13987E-1 8.32449E-1 8.77095E-1 6.51213E-1 6.11935E-1 7.41998E-1 5.61224E-1 6.33343E-1 5.51286E-1 6.80922E-1 6.4093E-1 7.6977E-1 7.48525E-1 7.89388E-1 7.86347E-1 6.77204E-1 6.52567E-1 4.07754E-1 3.48661E-1 3.12184E-1 3.583E-1 2.23652E-1 1.87179E-1 9.49781E-2 9.8973E-2 1.29616E-1 6.42601E-2 6.23707E-2 7.4872E-2 1.12891E-1 1.08523E-1 8.16735E-2 5.18391E-2 4.45117E-2 4.38959E-2 5.08978E-2 8.88906E-2 7.87877E-2 9.29874E-2 8.84019E-2 6.5102E-2 6.19135E-2 6.03147E-2 6.07778E-2 6.27806E-2 5.2583E-2 5.39329E-2 5.45841E-2
-9999 -9999 -9999 -9999 -9999 -9999 -9999 -9999 -9999 -9999 -9999 -9999 9.94633E-1 9.66878E-1 8.70477E-1 8.43848E-1 7.69487E-1 7.16871E-1 7.27149E-1 6.12606E-1 5.74538E-1 4.74035E-1 4.19058E-1 4.47952E-1 6.39764E-1 5.83432E-1 6.69424E-1 7.21558E-1 8.0974E-1 8.08578E-1 7.44634E-1 7.09038E-1 4.49587E-1 3.6951E-1 2.24124E-1 2.49006E-1 2.7518E-1 2.157E-1 1.91003E-1 1.2073E-1 8.4009E-2 1.02124E-1 1.29755E-1 8.97285E-2 1.31163E-1 9.20495E-2 4.58995E-2 6.24589E-2 5.97559E-2 6.85978E-2 1.50281E-1 1.06878E-1 8.54792E-2 8.73508E-2 7.36623E-2 6.42373E-2 6.0351E-2 6.96043E-2 5.36613E-2 5.11462E-2 5.64677E-2
-9999 -9999 -9999 -9999 -9999 -9999 -9999 -9999 -9999 -9999 -9999 -9999 9.89631E-1 9.79566E-1 9.80508E-1 9.32987E-1 9.54689E-1 8.85816E-1 7.47016E-1 5.91129E-1 5.97726E-1 5.53541E-1 3.59673E-1 3.69035E-1 3.53372E-1 4.43524E-1 5.91443E-1 7.01335E-1 8.12294E-1 9.01958E-1 8.54329E-1 8.67487E-1 6.03996E-1 5.91778E-1 3.57835E-1 2.88261E-1 3.79769E-1 4.48964E-1 1.7623E-1 1.78587E-1 1.31107E-1 1.79012E-1 1.15508E-1 6.75275E-2 1.43632E-1 1.0828E-1 5.72781E-2 6.09901E-2 5.45483E-2 7.61772E-2 1.45551E-1 9.13449E-2 7.71006E-2 9.7267E-2 8.68651E-2 8.01132E-2 5.99415E-2 5.01379E-2 5.4737E-2 5.80553E-2 5.20372E-2
-9999 -9999 -9999 -9999 -9999 -9999 -9999 -9999 -9999 -9999 -9999 -9999 -9999 -9999 -9999 9.98061E-1 9.84827E-1 9.15098E-1 9.13327E-1 8.41999E-1 7.11223E-1 5.41609E-1 5.285E-1 4.64486E-1 3.45418E-1 3.5579E-1 4.88449E-1 5.27659E-1 7.37946E-1 8.09979E-1 9.28081E-1 8.73144E-1 7.49928E-1 6.16907E-1 5.4979E-1 5.09555E-1 5.30017E-1 3.00217E-1 1.94546E-1 2.00207E-1 3.70474E-1 2.02439E-1 1.0249E-1 9.27999E-2 1.03785E-1 1.78998E-1 1.00047E-1 8.55855E-2 1.14167E-1 1.04496E-1 1.08619E-1 1.6863E-1 9.33784E-2 1.02195E-1 9.36711E-2 8.12197E-2 6.2922E-2 6.14225E-2 6.03903E-2 5.35219E-2 5.61121E-2
-9999 -9999 -9999 -9999 -9999 -9999 -9999 -9999 -9999 -9999 -9999 -9999 -9999 -9999 -9999 -9999 -9999 9.92057E-1 9.75542E-1 8.99321E-1 8.92015E-1 8.48034E-1 6.38544E-1 6.6232E-1 4.1672E-1 3.15841E-1 3.67417E-1 2.84809E-1 4.40512E-1 7.21952E-1 8.24194E-1 -9999 8.17157E-1 7.59552E-1 7.43831E-1 8.31761E-1 6.93326E-1 4.37761E-1 3.82018E-1 3.23097E-1 3.6203E-1 5.03297E-1 1.69333E-1 2.17194E-1 1.20737E-1 1.34341E-1 2.14194E-1 2.47487E-1 1.62407E-1 1.36042E-1 1.33145E-1 2.1949E-1 1.30817E-1 9.43198E-2 8.87977E-2 8.28279E-2 7.66491E-2 6.61518E-2 5.85153E-2 6.21303E-2 6.7585E-2
-9999 -9999 -9999 -9999 -9999 -9999 -9999 -9999 -9999 -9999 -9999 -9999 -9999 -9999 -9999 -9999 -9999 -9999 9.9566E-1 9.61013E-1 9.77508E-1 8.75819E-1 8.03882E-1 7.07568E-1 5.29094E-1 3.72683E-1 4.17823E-1 2.72795E-1 4.54172E-1 5.45441E-1 6.97502E-1 8.0845E-1 8.77068E-1 7.7153E-1 7.44823E-1 8.79673E-1 6.75974E-1 6.46612E-1 4.10226E-1 5.03924E-1 5.89117E-1 3.14725E-1 3.3568E-1 2.49114E-1 3.2431E-1 1.84067E-1 1.81662E-1 1.79135E-1 4.92032E-1 3.64031E-1 1.75143E-1 2.85593E-1 1.56676E-1 1.05165E-1 9.11045E-2 9.55656E-2 7.84214E-2 6.31092E-2 6.27946E-2 5.67517E-2 6.44035E-2
