maxent_outputs/bumblebees/bombus_243.asc
ncols         426
nrows         180
xllcorner     -130.0
yllcorner     24.0
cellsize      0.16666666666666666
NODATA_value  -9999
[rows 135 to 161 of 180, columns 122 to 182 of 426]
3.66441E-1 3.68319E-1 3.72914E-1 3.67211E-1 3.4783E-1 3.54872E-1 3.69915E-1 3.70991E-1 3.79927E-1 3.85115E-1 3.87844E-1 3.90258E-1 3.93124E-1 3.92364E-1 3.95979E-1 3.98245E-1 3.95122E-1 3.96429E-1 3.95883E-1 3.89463E-1 3.91344E-1 3.89813E-1 3.8781E-1 3.93234E-1 3.84378E-1 3.87111E-1 3.89457E-1 3.85645E-1 3.94455E-1 3.99771E-1 3.9582E-1 3.98357E-1 4.03832E-1 4.10337E-1 4.16134E-1 4.24021E-1 4.3269E-1 4.38287E-1 4.40618E-1 4.41395E-1 4.45257E-1 4.46454E-1 4.50985E-1 4.5892E-1 4.63054E-1 4.65065E-1 4.67423E-1 4.69657E-1 4.73504E-1 4.7346E-1 4.76885E-1 4.8697E-1 4.94062E-1 5.04579E-1 5.12114E-1 5.2E-1 5.27682E-1 5.36351E-1 5.43073E-1 5.57254E-1 5.71174E-1
3.64094E-1 3.68445E-1 3.85774E-1 3.76781E-1 3.59381E-1 3.48211E-1 3.68313E-1 3.6941E-1 3.76084E-1 3.82794E-1 3.8254E-1 3.78734E-1 3.92922E-1 3.95014E-1 3.97461E-1 4.00255E-1 3.98332E-1 3.93391E-1 3.91861E-1 3.83605E-1 3.81572E-1 3.85084E-1 3.96257E-1 4.02423E-1 3.98529E-1 3.89443E-1 3.88495E-1 3.84103E-1 3.91029E-1 4.0569E-1 4.02418E-1 4.00482E-1 4.09366E-1 4.12862E-1 4.16053E-1 4.22216E-1 4.29555E-1 4.35157E-1 4.36778E-1 4.41123E-1 4.45669E-1 4.44707E-1 4.51529E-1 4.58726E-1 4.61858E-1 4.67581E-1 4.6986E-1 4.72166E-1 4.75212E-1 4.78688E-1 4.84209E-1 4.907E-1 5.03779E-1 5.13813E-1 5.19864E-1 5.23383E-1 5.34103E-1 5.40672E-1 5.47366E-1 5.56241E-1 5.63908E-1
3.57958E-1 3.76208E-1 3.87823E-1 3.59711E-1 3.36701E-1 3.60292E-1 3.68376E-1 3.70591E-1 3.77532E-1 3.80699E-1 3.81885E-1 3.76141E-1 3.90617E-1 3.96978E-1 4.02292E-1 4.03186E-1 4.00557E-1 3.97877E-1 3.95685E-1 3.8791E-1 3.82514E-1 3.78366E-1 3.8726E-1 4.02205E-1 4.06983E-1 3.97853E-1 3.96849E-1 3.94902E-1 4.04454E-1 4.0747E-1 4.02612E-1 3.99542E-1 4.04381E-1 4.11003E-1 4.14923E-1 4.17771E-1 4.2158E-1 4.25802E-1 4.31972E-1 4.37228E-1 4.41823E-1 4.45137E-1 4.49969E-1 4.56103E-1 4.65476E-1 4.69311E-1 4.66942E-1 4.71197E-1 4.73365E-1 4.78165E-1 4.83303E-1 4.9164E-1 5.07115E-1 5.15338E-1 5.24236E-1 5.31077E-1 5.37503E-1 5.43205E-1 5.5091E-1 5.60452E-1 5.65303E-1
3.47798E-1 3.56852E-1 3.93127E-1 3.59728E-1 3.53485E-1 3.62338E-1 3.6598E-1 3.68976E-1 3.76061E-1 3.79714E-1 3.781E-1 3.68933E-1 3.8616E-1 3.9738E-1 3.973E-1 4.00352E-1 3.97196E-1 3.99069E-1 4.02595E-1 3.97026E-1 3.90175E-1 3.83946E-1 3.84102E-1 3.90115E-1 4.04315E-1 4.14162E-1 4.11147E-1 3.98511E-1 4.0318E-1 4.04761E-1 4.05009E-1 4.02842E-1 4.00605E-1 4.05512E-1 4.1582E-1 4.171E-1 4.20977E-1 4.24507E-1 4.28719E-1 4.35106E-1 4.39832E-1 4.4286E-1 4.4695E-1 4.49955E-1 4.55974E-1 4.65197E-1 4.73819E-1 4.74605E-1 4.76102E-1 4.79674E-1 4.86149E-1 4.94252E-1 5.04856E-1 5.14868E-1 5.28848E-1 5.38465E-1 5.45468E-1 5.53685E-1 5.58353E-1 5.61118E-1 5.66563E-1
3.4026E-1 3.66648E-1 3.7896E-1 3.7886E-1 3.5505E-1 3.56995E-1 3.64404E-1 3.66459E-1 3.67007E-1 3.70884E-1 3.73908E-1 3.64625E-1 3.79902E-1 3.85489E-1 3.85099E-1 3.89871E-1 3.87423E-1 3.95343E-1 3.99075E-1 3.98462E-1 3.98377E-1 3.90852E-1 3.89241E-1 3.89512E-1 3.86657E-1 4.04548E-1 4.18968E-1 4.24329E-1 4.14421E-1 4.01432E-1 3.98347E-1 4.04097E-1 3.87634E-1 3.82444E-1 4.06743E-1 4.18492E-1 4.19047E-1 4.21616E-1 4.25041E-1 4.29222E-1 4.34069E-1 4.38502E-1 4.42663E-1 4.42016E-1 4.48766E-1 4.58631E-1 4.72361E-1 4.81964E-1 4.79548E-1 4.84261E-1 4.87972E-1 4.9692E-1 5.10123E-1 5.21495E-1 5.3192E-1 5.45596E-1 5.54554E-1 5.60733E-1 5.59655E-1 5.60981E-1 5.64943E-1
3.33396E-1 3.77844E-1 3.54417E-1 3.5222E-1 3.69497E-1 3.54497E-1 3.35488E-1 3.51741E-1 3.57481E-1 3.65208E-1 3.69931E-1 3.64589E-1 3.72662E-1 3.72779E-1 3.72468E-1 3.78653E-1 3.85372E-1 3.88758E-1 3.94903E-1 3.98478E-1 4.00628E-1 4.00965E-1 3.9786E-1 3.99732E-1 3.94473E-1 3.93762E-1 4.09196E-1 4.16461E-1 4.23371E-1 4.10205E-1 3.92941E-1 3.97121E-1 3.88919E-1 3.83619E-1 4.0348E-1 4.17532E-1 4.17372E-1 4.20401E-1 4.23225E-1 4.24036E-1 4.29563E-1 4.34283E-1 4.39094E-1 4.4496E-1 4.53092E-1 4.62613E-1 4.72931E-1 4.7909E-1 4.81862E-1 4.8743E-1 4.93092E-1 5.02616E-1 5.17243E-1 5.28739E-1 5.42414E-1 5.52996E-1 5.59973E-1 5.58408E-1 5.59463E-1 5.60077E-1 5.67453E-1
3.35359E-1 3.79232E-1 3.64695E-1 3.44592E-1 3.67543E-1 3.61645E-1 3.33233E-1 3.26689E-1 3.41229E-1 3.5682E-1 3.63621E-1 3.64078E-1 3.67233E-1 3.66614E-1 3.65026E-1 3.68386E-1 3.77579E-1 3.84744E-1 3.83206E-1 3.78087E-1 3.87427E-1 3.99329E-1 3.9759E-1 4.04341E-1 4.03967E-1 3.97986E-1 4.07081E-1 4.07603E-1 4.16061E-1 4.20285E-1 3.95776E-1 3.94936E-1 3.99944E-1 3.99189E-1 4.04395E-1 4.16216E-1 4.15116E-1 4.19543E-1 4.17255E-1 4.18134E-1 4.22089E-1 4.31593E-1 4.41267E-1 4.5078E-1 4.57777E-1 4.66235E-1 4.74035E-1 4.81087E-1 4.81919E-1 4.89184E-1 4.97222E-1 5.09283E-1 5.22078E-1 5.38258E-1 5.52011E-1 5.62046E-1 5.64303E-1 5.62389E-1 5.62902E-1 5.64983E-1 5.72887E-1
3.307E-1 3.67072E-1 3.69449E-1 3.5252E-1 3.67987E-1 3.51713E-1 3.1935E-1 3.13385E-1 3.29243E-1 3.52706E-1 3.58974E-1 3.61569E-1 3.60472E-1 3.61898E-1 3.63354E-1 3.6677E-1 3.78723E-1 3.80526E-1 3.56656E-1 3.41811E-1 3.61909E-1 3.84229E-1 3.90067E-1 3.97608E-1 3.99795E-1 3.96223E-1 4.03069E-1 4.07793E-1 4.09097E-1 4.20562E-1 4.12129E-1 3.9274E-1 3.96092E-1 4.01085E-1 4.06851E-1 4.09226E-1 4.10712E-1 4.16565E-1 4.13724E-1 4.17733E-1 4.24325E-1 4.33912E-1 4.47352E-1 4.56182E-1 4.67506E-1 4.74894E-1 4.79878E-1 4.83609E-1 4.86345E-1 4.92081E-1 5.03858E-1 5.18033E-1 5.31054E-1 5.42816E-1 5.56334E-1 5.64722E-1 5.67368E-1 5.68234E-1 5.70388E-1 5.70709E-1 5.78017E-1
3.23803E-1 3.59808E-1 3.75538E-1 3.4787E-1 3.40504E-1 3.4272E-1 3.32257E-1 3.17059E-1 3.08322E-1 3.32248E-1 3.32621E-1 3.58437E-1 3.57277E-1 3.5754E-1 3.64604E-1 3.70276E-1 3.84463E-1 3.68463E-1 3.49079E-1 3.38244E-1 3.49874E-1 3.75198E-1 3.82587E-1 3.90962E-1 3.95684E-1 3.91179E-1 3.95721E-1 3.99408E-1 3.99356E-1 4.23259E-1 4.17102E-1 3.92962E-1 3.95542E-1 4.097E-1 4.12534E-1 4.11474E-1 4.15165E-1 4.26322E-1 4.29087E-1 4.33309E-1 4.37569E-1 4.50383E-1 4.61105E-1 4.74498E-1 4.79096E-1 4.83159E-1 4.90314E-1 4.89073E-1 4.95618E-1 5.04761E-1 5.15131E-1 5.2927E-1 5.39513E-1 5.50299E-1 5.64051E-1 5.69248E-1 5.71577E-1 5.76541E-1 5.82928E-1 5.84187E-1 5.85915E-1
3.22909E-1 3.47126E-1 3.6283E-1 3.52662E-1 3.39504E-1 3.30124E-1 3.32245E-1 2.95617E-1 2.82822E-1 3.1784E-1 3.13315E-1 3.16703E-1 3.51517E-1 3.52701E-1 3.58111E-1 3.72591E-1 3.76616E-1 3.70508E-1 3.53042E-1 3.45787E-1 3.56676E-1 3.61489E-1 3.71522E-1 3.81474E-1 3.86648E-1 3.76023E-1 3.74232E-1 3.87707E-1 3.90403E-1 4.17379E-1 4.25386E-1 4.06405E-1 4.0917E-1 4.19836E-1 4.23154E-1 4.25442E-1 4.24248E-1 4.3146E-1 4.46626E-1 4.47E-1 4.56074E-1 4.66044E-1 4.77647E-1 4.90577E-1 4.94866E-1 4.94758E-1 4.99619E-1 5.03182E-1 5.13271E-1 5.20264E-1 5.27289E-1 5.40762E-1 5.51168E-1 5.59654E-1 5.66829E-1 5.76612E-1 5.81348E-1 5.91649E-1 5.96177E-1 5.96965E-1 5.96109E-1
3.32588E-1 3.28127E-1 3.58507E-1 3.51162E-1 3.49176E-1 3.17261E-1 3.16663E-1 2.94773E-1 2.7842E-1 2.9866E-1 3.08971E-1 3.03531E-1 3.19316E-1 3.46718E-1 3.33696E-1 3.56218E-1 3.48236E-1 3.6319E-1 3.56348E-1 3.47522E-1 3.49986E-1 3.52672E-1 3.60328E-1 3.77208E-1 3.77704E-1 3.68213E-1 3.61933E-1 3.82009E-1 3.96442E-1 4.07216E-1 4.32985E-1 4.36875E-1 4.31895E-1 4.325E-1 4.30962E-1 4.31407E-1 4.32932E-1 4.39659E-1 4.57506E-1 4.69647E-1 4.75135E-1 4.83622E-1 4.91536E-1 4.93996E-1 4.97439E-1 5.03917E-1 5.08569E-1 5.16229E-1 5.28192E-1 5.39619E-1 5.41629E-1 5.48243E-1 5.59098E-1 5.65631E-1 5.7518E-1 5.87673E-1 5.93756E-1 6.07471E-1 6.09351E-1 6.12067E-1 6.12288E-1
3.40456E-1 3.27558E-1 3.46135E-1 3.47045E-1 3.47761E-1 3.43333E-1 3.12049E-1 2.75217E-1 2.85863E-1 2.74625E-1 2.83038E-1 2.99192E-1 2.9795E-1 3.38816E-1 3.19204E-1 3.40444E-1 3.12718E-1 3.20294E-1 3.4886E-1 3.52593E-1 3.48646E-1 3.58253E-1 3.71837E-1 3.75252E-1 3.69588E-1 3.62383E-1 3.6636E-1 3.89801E-1 4.09854E-1 4.15867E-1 4.2913E-1 4.50335E-1 4.56614E-1 4.44079E-1 4.2372E-1 4.35799E-1 4.48409E-1 4.52507E-1 4.66556E-1 4.75553E-1 4.89423E-1 4.97581E-1 4.85357E-1 4.84579E-1 4.93772E-1 4.95006E-1 5.02772E-1 5.13519E-1 5.2831E-1 5.40409E-1 5.55656E-1 5.59573E-1 5.68588E-1 5.75777E-1 5.88921E-1 5.95962E-1 6.02368E-1 6.14503E-1 6.16611E-1 6.19924E-1 6.17924E-1
3.4516E-1 3.15233E-1 3.51488E-1 3.50405E-1 3.51392E-1 3.39746E-1 3.13694E-1 3.04112E-1 2.89894E-1 2.71512E-1 2.78959E-1 2.87395E-1 2.89597E-1 3.32994E-1 3.15524E-1 3.20565E-1 3.06291E-1 2.93577E-1 3.10155E-1 3.51809E-1 3.52247E-1 3.69322E-1 3.84936E-1 3.88939E-1 3.77767E-1 3.66732E-1 3.73083E-1 3.94705E-1 4.1435E-1 4.13397E-1 4.26524E-1 4.48753E-1 4.60508E-1 4.53637E-1 4.35044E-1 4.44413E-1 4.60996E-1 4.63977E-1 4.7191E-1 4.78926E-1 4.88188E-1 5.0421E-1 4.83555E-1 4.84657E-1 4.7611E-1 4.9267E-1 4.99055E-1 5.10374E-1 5.21706E-1 5.34409E-1 5.44829E-1 5.59126E-1 5.68545E-1 5.79277E-1 5.93653E-1 5.95159E-1 6.01825E-1 6.17281E-1 6.22325E-1 6.16982E-1 6.16941E-1
3.50148E-1 3.3046E-1 3.53503E-1 3.27614E-1 3.31084E-1 3.14529E-1 3.17985E-1 2.86932E-1 2.75525E-1 2.67695E-1 2.69039E-1 2.80789E-1 2.86385E-1 3.27751E-1 3.12414E-1 3.09319E-1 3.05846E-1 2.96252E-1 2.89961E-1 3.36359E-1 3.48452E-1 3.6105E-1 3.86765E-1 3.90813E-1 3.87788E-1 3.81607E-1 3.96906E-1 4.14979E-1 4.18173E-1 4.10571E-1 4.02298E-1 4.27837E-1 4.32799E-1 4.26877E-1 4.52278E-1 4.65958E-1 4.75989E-1 4.74734E-1 4.53373E-1 5.00987E-1 5.05333E-1 4.61593E-1 4.63099E-1 4.70464E-1 4.59015E-1 4.61979E-1 4.8105E-1 5.00423E-1 5.1165E-1 5.20178E-1 5.26951E-1 5.39653E-1 5.61211E-1 5.74582E-1 5.89845E-1 5.93392E-1 6.02444E-1 6.16583E-1 6.16811E-1 6.18289E-1 6.15768E-1
3.34977E-1 3.53485E-1 3.59268E-1 3.14296E-1 2.99379E-1 3.21426E-1 3.05505E-1 2.83878E-1 2.8582E-1 2.67321E-1 2.80243E-1 2.83483E-1 2.98989E-1 3.21076E-1 3.03392E-1 3.05918E-1 3.01474E-1 2.93647E-1 2.87896E-1 3.28999E-1 3.48628E-1 3.55775E-1 3.90224E-1 3.86902E-1 3.87348E-1 3.85878E-1 4.03988E-1 4.14433E-1 4.05609E-1 4.01797E-1 4.03515E-1 4.10636E-1 4.0453E-1 3.99358E-1 4.34937E-1 4.63685E-1 4.72838E-1 4.94361E-1 5.01514E-1 5.0872E-1 5.01845E-1 4.51557E-1 4.24358E-1 4.56986E-1 4.40572E-1 4.24424E-1 4.56899E-1 4.8692E-1 4.94701E-1 5.06517E-1 5.0981E-1 5.21291E-1 5.40647E-1 5.65969E-1 5.86463E-1 5.9217E-1 6.05731E-1 6.17038E-1 6.13315E-1 6.1211E-1 6.14002E-1
3.35364E-1 3.19151E-1 3.23187E-1 3.0826E-1 2.84502E-1 3.1138E-1 2.92008E-1 2.82067E-1 2.57534E-1 2.72382E-1 2.79215E-1 2.88766E-1 2.98234E-1 3.13218E-1 3.01981E-1 3.01272E-1 2.93693E-1 2.88085E-1 2.80033E-1 3.11282E-1 3.44616E-1 3.54421E-1 3.96249E-1 3.93558E-1 3.92986E-1 3.9981E-1 4.05854E-1 4.01315E-1 4.01651E-1 4.04171E-1 4.04343E-1 4.02404E-1 3.93315E-1 3.95872E-1 4.24522E-1 4.45739E-1 4.72185E-1 4.96164E-1 5.04854E-1 4.84118E-1 4.84494E-1 4.73309E-1 4.17641E-1 4.39648E-1 4.33291E-1 4.31943E-1 4.60232E-1 4.71068E-1 4.82346E-1 4.8728E-1 4.92177E-1 5.01557E-1 5.26263E-1 5.55166E-1 5.83845E-1 5.89887E-1 6.03571E-1 6.06608E-1 6.07285E-1 6.09713E-1 6.12955E-1
3.60464E-1 2.98841E-1 2.94501E-1 2.92898E-1 2.61058E-1 2.84567E-1 2.63919E-1 2.62076E-1 2.36984E-1 2.74061E-1 2.85448E-1 2.82692E-1 2.91898E-1 2.91577E-1 3.05108E-1 3.08786E-1 3.07899E-1 2.95399E-1 2.87523E-1 3.00636E-1 3.31943E-1 3.6468E-1 3.86186E-1 4.00596E-1 4.01562E-1 4.02542E-1 3.91954E-1 3.85186E-1 3.98134E-1 4.02145E-1 4.02095E-1 4.02392E-1 3.98151E-1 3.97526E-1 4.12916E-1 4.20659E-1 4.45624E-1 4.79397E-1 4.8935E-1 4.90478E-1 4.71541E-1 4.59131E-1 4.44637E-1 4.49134E-1 4.62594E-1 4.50671E-1 4.72453E-1 4.70343E-1 4.71947E-1 4.73508E-1 4.74778E-1 4.87592E-1 5.13107E-1 5.42813E-1 5.79756E-1 5.89442E-1 6.0283E-1 6.03995E-1 6.09025E-1 6.11942E-1 6.16905E-1
3.74299E-1 3.18467E-1 2.86182E-1 2.88978E-1 2.49467E-1 2.62142E-1 2.36923E-1 2.45919E-1 2.33328E-1 2.44521E-1 2.75825E-1 2.77084E-1 2.87776E-1 2.99637E-1 2.92832E-1 2.97586E-1 3.09292E-1 3.09756E-1 3.07387E-1 2.95842E-1 3.2396E-1 3.52126E-1 3.53418E-1 3.9114E-1 4.02737E-1 4.0212E-1 3.88001E-1 3.82754E-1 3.84377E-1 3.86855E-1 3.85683E-1 3.94428E-1 4.01858E-1 4.09124E-1 4.11064E-1 4.14203E-1 4.17028E-1 4.55432E-1 4.71327E-1 4.81794E-1 4.81109E-1 4.65666E-1 4.27798E-1 4.30421E-1 4.42803E-1 4.7694E-1 4.76097E-1 4.68852E-1 4.60424E-1 4.49322E-1 4.48195E-1 4.70031E-1 4.96751E-1 5.24176E-1 5.56865E-1 5.76387E-1 5.85881E-1 6.02374E-1 6.08287E-1 6.17827E-1 6.23169E-1
3.83608E-1 3.29036E-1 3.19808E-1 2.76123E-1 2.368E-1 2.52263E-1 2.39379E-1 2.36937E-1 2.33771E-1 2.38504E-1 2.64405E-1 2.8489E-1 2.81532E-1 2.95504E-1 2.94518E-1 2.88599E-1 3.01217E-1 3.04745E-1 3.04387E-1 3.18378E-1 3.20967E-1 3.16647E-1 3.55499E-1 3.8504E-1 4.02591E-1 4.06517E-1 3.99421E-1 3.93912E-1 3.76043E-1 3.69594E-1 3.69536E-1 3.81328E-1 3.9116E-1 4.08681E-1 4.1993E-1 4.21081E-1 4.34065E-1 4.47027E-1 4.59408E-1 4.54733E-1 4.82532E-1 4.78453E-1 4.30057E-1 4.36404E-1 4.36212E-1 4.54347E-1 4.71995E-1 4.64895E-1 4.57322E-1 4.41198E-1 4.3121E-1 4.5744E-1 4.82705E-1 5.04371E-1 5.26477E-1 5.43799E-1 5.62865E-1 5.85586E-1 6.05209E-1 6.18552E-1 6.27123E-1
3.78328E-1 3.59744E-1 3.42484E-1 2.66289E-1 2.55993E-1 2.42481E-1 2.86624E-1 2.69982E-1 2.26922E-1 2.37155E-1 2.57561E-1 2.65354E-1 2.67747E-1 2.87904E-1 2.81705E-1 2.84488E-1 2.89358E-1 3.09497E-1 3.18826E-1 3.20397E-1 3.31103E-1 3.26938E-1 3.58877E-1 3.82665E-1 3.99157E-1 4.04477E-1 4.05385E-1 3.99148E-1 3.97422E-1 3.72966E-1 3.69727E-1 3.81678E-1 3.90591E-1 4.0148E-1 4.24116E-1 4.27011E-1 4.36045E-1 4.41953E-1 4.67409E-1 4.22833E-1 4.67281E-1 4.62811E-1 4.5324E-1 4.33063E-1 4.4797E-1 4.5275E-1 4.64581E-1 4.65821E-1 4.66185E-1 4.62541E-1 4.55043E-1 4.60429E-1 4.76685E-1 4.92615E-1 5.08348E-1 5.22596E-1 5.45527E-1 5.70016E-1 5.93738E-1 6.14181E-1 6.19976E-1
3.89219E-1 3.57782E-1 3.37804E-1 2.83963E-1 2.78828E-1 3.11594E-1 3.2185E-1 3.26899E-1 2.61694E-1 2.53029E-1 2.6119E-1 2.6438E-1 2.67213E-1 2.73998E-1 2.74124E-1 2.76795E-1 2.81865E-1 3.0629E-1 3.08892E-1 3.20859E-1 3.3113E-1 3.33093E-1 3.57728E-1 3.91678E-1 4.00927E-1 4.00795E-1 4.05825E-1 4.03992E-1 4.01116E-1 3.93147E-1 3.96225E-1 4.0103E-1 4.04501E-1 4.20623E-1 4.29979E-1 4.34883E-1 4.45353E-1 4.53502E-1 4.78435E-1 4.41118E-1 4.39468E-1 4.48886E-1 4.48718E-1 4.49246E-1 4.53872E-1 4.6302E-1 4.70668E-1 4.77059E-1 4.85163E-1 4.99943E-1 4.97699E-1 4.90927E-1 4.83056E-1 4.90936E-1 5.03259E-1 5.20617E-1 5.43274E-1 5.60384E-1 5.78884E-1 5.95117E-1 6.0604E-1
3.80777E-1 3.52295E-1 3.35078E-1 3.13551E-1 3.04257E-1 3.42644E-1 3.2003E-1 3.29607E-1 2.80593E-1 2.84741E-1 2.84716E-1 2.71113E-1 2.71846E-1 2.66889E-1 2.72314E-1 2.7689E-1 2.85948E-1 3.10326E-1 3.09931E-1 3.18647E-1 3.27774E-1 3.41785E-1 3.66279E-1 3.81944E-1 3.88343E-1 3.95814E-1 4.02999E-1 4.03489E-1 4.05361E-1 4.01844E-1 4.03077E-1 3.96192E-1 3.85522E-1 4.10212E-1 4.29247E-1 4.21961E-1 4.41389E-1 4.66199E-1 4.81876E-1 4.73277E-1 4.64295E-1 4.42797E-1 4.55946E-1 4.47395E-1 4.50549E-1 4.56013E-1 4.54541E-1 4.82268E-1 5.02871E-1 5.243E-1 5.28641E-1 5.218E-1 5.11818E-1 5.05206E-1 5.17934E-1 5.28962E-1 5.44928E-1 5.5584E-1 5.66702E-1 5.80073E-1 5.93747E-1
3.79576E-1 3.56759E-1 3.40866E-1 3.31232E-1 3.30971E-1 3.30189E-1 2.71278E-1 2.90697E-1 2.95085E-1 2.99926E-1 2.9086E-1 2.82016E-1 2.83554E-1 2.76539E-1 2.76859E-1 2.80989E-1 2.73011E-1 3.00753E-1 3.08071E-1 3.08142E-1 3.3005E-1 3.37804E-1 3.46373E-1 3.68839E-1 3.83824E-1 3.88585E-1 3.97088E-1 4.0168E-1 3.99982E-1 4.0591E-1 3.95171E-1 3.92094E-1 3.8271E-1 3.96398E-1 4.15572E-1 4.3615E-1 4.33782E-1 4.67383E-1 4.75277E-1 4.7566E-1 4.7543E-1 4.34423E-1 4.4459E-1 4.5894E-1 4.48715E-1 4.54578E-1 4.63412E-1 4.73178E-1 4.81935E-1 5.13452E-1 5.31249E-1 5.34147E-1 5.35576E-1 5.35275E-1 5.39687E-1 5.42288E-1 5.52428E-1 5.604E-1 5.62233E-1 5.75426E-1 5.88237E-1
3.90404E-1 3.69823E-1 3.61032E-1 3.41768E-1 3.51903E-1 3.21807E-1 3.08604E-1 3.32727E-1 2.8478E-1 2.75011E-1 2.85298E-1 2.98383E-1 2.85021E-1 2.80953E-1 2.83578E-1 2.82365E-1 2.92341E-1 3.1109E-1 3.17327E-1 3.13671E-1 3.2325E-1 3.3128E-1 3.61843E-1 3.83041E-1 3.94206E-1 4.01358E-1 3.9797E-1 4.04458E-1 4.06825E-1 4.06138E-1 3.80486E-1 3.85479E-1 4.00775E-1 4.09893E-1 4.03313E-1 4.3916E-1 4.36448E-1 4.56059E-1 4.66621E-1 4.65899E-1 4.69665E-1 4.265E-1 4.25188E-1 4.59619E-1 4.52009E-1 4.56559E-1 4.70918E-1 4.83884E-1 4.94873E-1 5.19044E-1 5.3225E-1 5.39195E-1 5.43896E-1 5.47788E-1 5.48673E-1 5.4709E-1 5.58375E-1 5.73401E-1 5.87635E-1 5.94479E-1 5.96062E-1
4.15933E-1 3.89812E-1 3.78571E-1 3.80202E-1 3.70048E-1 3.40729E-1 3.23502E-1 3.28827E-1 2.94321E-1 2.75677E-1 2.80721E-1 2.98978E-1 2.89647E-1 2.85028E-1 2.76588E-1 2.72749E-1 2.84332E-1 3.09756E-1 3.03E-1 3.28798E-1 3.42984E-1 3.54409E-1 3.63646E-1 3.7065E-1 3.77004E-1 3.90661E-1 3.89402E-1 3.96008E-1 4.07709E-1 3.91441E-1 3.91276E-1 3.81103E-1 4.04844E-1 3.98013E-1 4.28108E-1 4.27883E-1 4.3656E-1 4.68844E-1 4.69769E-1 4.70775E-1 4.7255E-1 4.435E-1 4.14232E-1 4.64639E-1 4.74384E-1 4.64023E-1 4.58963E-1 4.86717E-1 5.03609E-1 5.16704E-1 5.33947E-1 5.3878E-1 5.39914E-1 5.41212E-1 5.37632E-1 5.37096E-1 5.54637E-1 5.83982E-1 5.96853E-1 5.93869E-1 6.0325E-1
4.43856E-1 4.25524E-1 4.11361E-1 4.11535E-1 3.9777E-1 3.34871E-1 2.84323E-1 3.24013E-1 2.8099E-1 2.62744E-1 3.10993E-1 2.89169E-1 2.78911E-1 2.74675E-1 2.75132E-1 2.74702E-1 2.78102E-1 2.92511E-1 2.80563E-1 3.25879E-1 3.37615E-1 3.34032E-1 3.52993E-1 3.41994E-1 3.54902E-1 3.69727E-1 3.81188E-1 3.86938E-1 3.97936E-1 3.94583E-1 3.83233E-1 3.90849E-1 3.95638E-1 3.69583E-1 4.2537E-1 4.06027E-1 4.34276E-1 4.70558E-1 4.73545E-1 4.75946E-1 4.77935E-1 4.57503E-1 4.29428E-1 4.69925E-1 4.84793E-1 4.60344E-1 4.62156E-1 4.95425E-1 5.10909E-1 5.19664E-1 5.26916E-1 5.2559E-1 5.21217E-1 5.17116E-1 5.11781E-1 5.09857E-1 5.42283E-1 5.83036E-1 6.02145E-1 5.9784E-1 6.04281E-1
4.56797E-1 4.41661E-1 4.25099E-1 4.04841E-1 3.93225E-1 3.4902E-1 3.16716E-1 3.28996E-1 3.09059E-1 2.89377E-1 3.2189E-1 3.24441E-1 2.86881E-1 2.72497E-1 2.65217E-1 2.6765E-1 2.69085E-1 2.74669E-1 2.74963E-1 3.1815E-1 3.2235E-1 3.05253E-1 3.26552E-1 3.27867E-1 3.4311E-1 3.58346E-1 3.73546E-1 3.8372E-1 3.93444E-1 3.91912E-1 3.80718E-1 3.98972E-1 3.90118E-1 4.11876E-1 4.43618E-1 4.53557E-1 4.7123E-1 4.76514E-1 4.67501E-1 4.77952E-1 4.73743E-1 4.59397E-1 4.24989E-1 4.29794E-1 4.77543E-1 4.84271E-1 4.8377E-1 5.10563E-1 5.175E-1 5.19177E-1 5.21953E-1 5.05595E-1 4.95812E-1 4.95141E-1 4.95479E-1 4.92848E-1 5.25853E-1 5.69155E-1 5.9245E-1 6.00109E-1 6.00891E-1
