maxent_outputs/bumblebees/bombus_80.asc
ncols         426
nrows         180
xllcorner     -130.0
yllcorner     24.0
cellsize      0.16666666666666666
NODATA_value  -9999
[rows 0 to 26 of 180, columns 61 to 121 of 426]
1.19662E-1 1.22042E-1 1.51245E-1 1.55034E-1 1.48863E-1 1.47448E-1 1.46722E-1 1.37373E-1 1.33913E-1 1.28105E-1 1.20985E-1 1.09993E-1 1.04152E-1 1.04149E-1 9.92534E-2 9.50715E-2 9.88513E-2 9.70093E-2 9.59196E-2 8.95236E-2 9.12704E-2 9.08436E-2 9.07314E-2 8.63881E-2 8.85711E-2 8.8603E-2 8.49822E-2 6.58961E-2 6.25014E-2 5.79635E-2 5.73921E-2 6.30416E-2 7.49768E-2 7.12045E-2 7.1418E-2 6.23872E-2 6.28367E-2 5.92817E-2 6.28239E-2 6.53184E-2 6.21349E-2 6.58385E-2 6.61444E-2 6.80768E-2 6.94854E-2 7.11886E-2 7.24261E-2 7.11323E-2 7.1726E-2 6.95378E-2 6.54731E-2 6.79327E-2 6.62512E-2 6.52483E-2 6.51741E-2 6.11654E-2 6.11385E-2 5.97494E-2 5.99897E-2 5.84913E-2 6.3595E-2
1.21554E-1 1.17583E-1 1.36439E-1 1.2678E-1 1.27358E-1 1.40756E-1 1.38995E-1 1.38291E-1 1.29547E-1 1.26683E-1 1.21083E-1 1.15905E-1 1.08807E-1 1.09229E-1 1.05098E-1 1.02948E-1 9.97876E-2 9.50454E-2 9.357E-2 9.59282E-2 9.56144E-2 8.67755E-2 7.33015E-2 6.75588E-2 6.41136E-2 6.06031E-2 7.42446E-2 6.25904E-2 6.17135E-2 6.66007E-2 7.61844E-2 7.91317E-2 8.73145E-2 7.22791E-2 8.22832E-2 7.58814E-2 6.0099E-2 6.18873E-2 6.21721E-2 6.68447E-2 7.25428E-2 7.4461E-2 8.32404E-2 7.16217E-2 7.42052E-2 7.48189E-2 7.2068E-2 7.3221E-2 7.24634E-2 6.96531E-2 6.65308E-2 6.6648E-2 6.70548E-2 6.37597E-2 6.22737E-2 6.11269E-2 5.98761E-2 5.79617E-2 5.78773E-2 5.39764E-2 5.49407E-2
1.23076E-1 1.12804E-1 1.15623E-1 1.1722E-1 1.13608E-1 1.15827E-1 1.20364E-1 1.21401E-1 1.24849E-1 1.24783E-1 1.08629E-1 1.11561E-1 1.08867E-1 1.05961E-1 8.59093E-2 9.18152E-2 1.02194E-1 9.95437E-2 9.65397E-2 8.49883E-2 8.24333E-2 8.01083E-2 7.81096E-2 7.87706E-2 7.42834E-2 7.53047E-2 7.39015E-2 5.97654E-2 5.7201E-2 6.1539E-2 7.80015E-2 9.13286E-2 8.87529E-2 8.17468E-2 8.55902E-2 8.30481E-2 7.30664E-2 9.23484E-2 9.5189E-2 8.47731E-2 7.84716E-2 8.34222E-2 8.26566E-2 7.53865E-2 6.85325E-2 7.34958E-2 7.31572E-2 7.05203E-2 7.17961E-2 6.99386E-2 6.94059E-2 6.61949E-2 6.68591E-2 6.54875E-2 6.24716E-2 6.01888E-2 5.89224E-2 5.78346E-2 5.71394E-2 5.47318E-2 5.36339E-2
1.15776E-1 1.2288E-1 1.265E-1 1.09479E-1 1.17207E-1 1.14112E-1 1.14668E-1 1.12454E-1 1.17544E-1 1.30704E-1 1.16013E-1 9.28579E-2 9.10991E-2 8.36626E-2 8.22438E-2 8.77069E-2 9.75819E-2 9.63418E-2 9.19482E-2 8.2997E-2 9.1532E-2 9.21482E-2 8.57847E-2 8.3653E-2 8.38698E-2 8.1504E-2 8.45393E-2 7.61671E-2 7.27251E-2 6.5286E-2 6.16134E-2 7.19737E-2 9.36234E-2 7.87655E-2 7.65484E-2 6.67252E-2 7.6128E-2 7.92912E-2 8.07914E-2 7.63081E-2 8.72783E-2 8.78866E-2 8.87452E-2 8.78726E-2 7.09501E-2 6.85908E-2 7.11867E-2 6.76353E-2 7.00527E-2 7.06907E-2 6.99919E-2 7.14968E-2 6.78514E-2 6.58244E-2 6.25938E-2 6.02966E-2 5.61597E-2 5.91027E-2 5.70861E-2 5.61803E-2 5.31784E-2
1.2579E-1 1.18858E-1 1.19554E-1 1.30582E-1 1.13549E-1 1.12082E-1 1.15719E-1 1.19068E-1 1.26393E-1 1.14839E-1 1.18103E-1 9.87674E-2 9.04953E-2 8.42534E-2 8.58789E-2 9.80365E-2 9.7037E-2 9.59196E-2 9.49268E-2 8.23714E-2 8.79076E-2 8.93545E-2 8.85888E-2 8.59853E-2 7.9093E-2 7.73259E-2 7.25882E-2 7.24375E-2 6.45061E-2 6.83619E-2 7.16448E-2 7.94452E-2 8.78808E-2 8.96561E-2 8.70844E-2 8.12621E-2 7.85173E-2 7.77196E-2 7.27796E-2 6.79034E-2 7.185E-2 8.1486E-2 8.38885E-2 8.42167E-2 7.88526E-2 7.72882E-2 7.59508E-2 7.14599E-2 7.07499E-2 7.47457E-2 7.33883E-2 7.56014E-2 6.906E-2 6.83775E-2 6.69434E-2 6.31856E-2 6.07657E-2 6.08998E-2 5.9912E-2 6.01479E-2 5.74946E-2
1.25995E-1 1.19014E-1 1.22634E-1 1.10448E-1 1.2822E-1 1.04016E-1 1.09257E-1 1.13506E-1 1.16853E-1 1.161E-1 1.09523E-1 1.09782E-1 1.05015E-1 1.02926E-1 9.69166E-2 9.17952E-2 9.48436E-2 9.56652E-2 9.37162E-2 9.04362E-2 9.16558E-2 8.86154E-2 8.68897E-2 8.73481E-2 8.5061E-2 7.96197E-2 8.51219E-2 8.17736E-2 8.01767E-2 7.53035E-2 7.94866E-2 8.30035E-2 8.65024E-2 8.93731E-2 1.00936E-1 9.41518E-2 9.22212E-2 8.68176E-2 8.00039E-2 7.57047E-2 7.53981E-2 6.90435E-2 7.12029E-2 7.73434E-2 7.36259E-2 7.0822E-2 7.26303E-2 6.92798E-2 6.85051E-2 7.40817E-2 7.45453E-2 7.43948E-2 6.56963E-2 6.23947E-2 6.46597E-2 6.43473E-2 6.16009E-2 5.90826E-2 5.98895E-2 5.85546E-2 6.00396E-2
1.26721E-1 1.18222E-1 1.23361E-1 1.21863E-1 1.31441E-1 1.15701E-1 1.05515E-1 1.11048E-1 1.10114E-1 1.17534E-1 1.00967E-1 1.10153E-1 9.76285E-2 9.72503E-2 9.50872E-2 1.00787E-1 9.3734E-2 9.12687E-2 8.90944E-2 8.99288E-2 8.77349E-2 8.45067E-2 8.4206E-2 8.6175E-2 8.51429E-2 8.04294E-2 8.72525E-2 8.90762E-2 9.27763E-2 7.2667E-2 8.24698E-2 7.62062E-2 8.05706E-2 8.05535E-2 8.92124E-2 8.66493E-2 8.299E-2 8.62744E-2 8.27473E-2 7.83417E-2 7.93783E-2 7.53072E-2 7.74055E-2 7.13403E-2 6.4801E-2 6.44235E-2 6.66995E-2 6.5114E-2 6.28715E-2 7.12255E-2 7.51689E-2 7.53833E-2 6.67006E-2 6.43406E-2 6.45177E-2 6.01034E-2 6.4003E-2 5.85404E-2 5.62322E-2 5.67243E-2 5.64219E-2
1.35618E-1 1.43804E-1 1.24834E-1 1.29606E-1 1.22572E-1 1.22096E-1 1.28515E-1 1.21839E-1 1.40721E-1 1.1527E-1 1.10976E-1 9.72239E-2 9.8328E-2 9.83687E-2 1.03284E-1 1.11438E-1 1.08107E-1 9.44868E-2 8.72177E-2 7.91954E-2 7.45249E-2 8.14948E-2 8.23215E-2 8.58602E-2 8.48289E-2 8.89884E-2 9.13396E-2 8.96008E-2 9.20269E-2 8.82929E-2 8.60064E-2 7.55623E-2 7.08338E-2 6.73951E-2 8.28765E-2 8.40218E-2 7.87391E-2 8.25939E-2 8.50351E-2 8.64339E-2 8.49897E-2 8.16548E-2 7.98178E-2 8.39595E-2 7.76343E-2 7.32311E-2 7.06695E-2 6.65341E-2 6.87654E-2 6.53331E-2 6.81583E-2 7.38539E-2 6.90437E-2 6.65733E-2 6.43539E-2 6.86972E-2 6.51398E-2 5.75705E-2 5.99389E-2 5.74297E-2 6.03837E-2
1.17541E-1 1.21816E-1 1.23471E-1 1.32441E-1 1.23834E-1 1.19761E-1 1.18305E-1 1.29043E-1 1.16549E-1 1.0572E-1 1.2017E-1 1.04254E-1 9.64669E-2 9.55206E-2 8.69246E-2 8.9765E-2 1.00429E-1 8.95777E-2 9.58422E-2 9.24888E-2 8.56814E-2 8.24817E-2 7.882E-2 7.48553E-2 7.86951E-2 8.33393E-2 9.01276E-2 9.20855E-2 8.94602E-2 8.58021E-2 8.15473E-2 7.38834E-2 5.81752E-2 7.10307E-2 8.33556E-2 8.86775E-2 8.0456E-2 8.58444E-2 9.0075E-2 8.81585E-2 8.7241E-2 9.06425E-2 8.58148E-2 8.63991E-2 8.18131E-2 8.03566E-2 7.55401E-2 7.12802E-2 6.97946E-2 7.22375E-2 7.44505E-2 7.86784E-2 7.86378E-2 7.22528E-2 7.03024E-2 7.08712E-2 6.96187E-2 6.48472E-2 7.09979E-2 7.08952E-2 6.89997E-2
1.23473E-1 1.36433E-1 1.30562E-1 1.28673E-1 1.24205E-1 1.38064E-1 1.29709E-1 1.28145E-1 1.31211E-1 1.12597E-1 1.09803E-1 9.99428E-2 1.00888E-1 9.29146E-2 8.85746E-2 8.37363E-2 8.878E-2 1.0314E-1 9.75121E-2 1.01413E-1 9.08392E-2 8.07202E-2 7.85699E-2 7.8788E-2 7.68957E-2 8.2449E-2 8.83109E-2 9.2412E-2 9.46458E-2 8.0076E-2 5.55902E-2 6.12834E-2 6.49949E-2 7.71392E-2 7.98621E-2 8.03458E-2 7.89324E-2 8.15137E-2 8.55243E-2 8.96474E-2 9.02193E-2 9.77892E-2 9.00042E-2 8.6796E-2 8.12321E-2 8.13702E-2 8.73919E-2 8.31998E-2 7.89258E-2 7.06258E-2 7.37068E-2 7.61446E-2 7.61358E-2 7.30774E-2 6.76207E-2 7.0604E-2 6.28347E-2 6.17442E-2 6.23996E-2 6.2937E-2 6.59581E-2
1.23148E-1 1.28537E-1 1.32393E-1 1.27653E-1 1.32736E-1 1.33617E-1 1.33526E-1 1.33009E-1 1.31718E-1 1.16822E-1 1.15253E-1 9.81706E-2 9.70804E-2 9.84129E-2 9.29561E-2 8.83062E-2 8.56385E-2 8.30516E-2 9.47549E-2 1.01106E-1 8.87766E-2 8.61187E-2 8.66071E-2 8.6648E-2 8.08292E-2 8.26342E-2 8.52742E-2 8.60569E-2 8.7712E-2 8.46709E-2 7.55774E-2 6.9762E-2 6.27022E-2 5.06338E-2 7.03339E-2 7.37262E-2 8.23729E-2 8.63198E-2 8.84771E-2 9.10026E-2 8.69187E-2 8.79868E-2 8.94757E-2 8.75746E-2 8.33183E-2 7.88251E-2 7.97717E-2 8.25631E-2 8.46314E-2 7.74792E-2 6.55508E-2 6.85117E-2 7.35799E-2 7.08101E-2 7.11727E-2 7.20374E-2 6.97239E-2 6.61778E-2 6.6827E-2 6.48099E-2 6.72211E-2
1.21112E-1 1.21682E-1 1.22748E-1 1.24412E-1 1.28282E-1 1.30623E-1 1.1704E-1 1.34947E-1 1.41621E-1 1.28326E-1 1.25615E-1 1.06672E-1 1.05206E-1 9.84674E-2 9.98787E-2 9.4477E-2 9.5859E-2 9.74582E-2 9.57113E-2 9.48281E-2 9.45953E-2 9.41134E-2 9.37066E-2 8.95688E-2 8.34606E-2 8.39496E-2 8.36545E-2 8.04665E-2 7.87188E-2 8.17695E-2 8.47458E-2 8.68994E-2 8.39339E-2 7.5212E-2 7.08864E-2 8.08317E-2 8.35953E-2 8.66006E-2 9.0824E-2 8.8926E-2 8.91726E-2 8.57827E-2 8.67769E-2 8.74737E-2 8.15858E-2 7.62726E-2 8.25332E-2 6.96824E-2 6.50894E-2 6.92087E-2 6.8517E-2 5.90644E-2 6.28931E-2 6.47927E-2 5.94121E-2 6.29278E-2 6.39458E-2 6.60627E-2 6.62669E-2 6.6509E-2 6.83922E-2
1.3005E-1 1.23136E-1 1.26543E-1 1.28005E-1 1.35938E-1 1.3025E-1 1.22106E-1 1.47191E-1 1.41011E-1 1.4418E-1 1.34928E-1 1.24536E-1 1.04507E-1 1.04043E-1 8.36702E-2 9.45236E-2 9.77757E-2 1.01675E-1 8.55696E-2 1.05158E-1 9.49332E-2 9.05979E-2 9.80435E-2 9.43974E-2 8.89897E-2 8.77044E-2 9.00452E-2 8.81562E-2 8.02887E-2 7.99362E-2 8.35959E-2 8.48015E-2 9.09405E-2 9.08474E-2 8.80462E-2 8.52032E-2 7.99248E-2 7.78919E-2 7.55793E-2 7.49681E-2 8.13926E-2 8.05472E-2 7.12725E-2 8.52598E-2 7.80088E-2 7.42731E-2 7.91769E-2 7.51705E-2 7.27903E-2 6.20583E-2 5.36544E-2 5.33373E-2 5.42889E-2 4.42418E-2 5.02558E-2 5.64771E-2 5.50634E-2 5.53264E-2 5.61696E-2 5.83879E-2 6.13795E-2
1.33418E-1 1.35455E-1 1.34634E-1 1.3537E-1 1.36148E-1 1.53648E-1 1.41756E-1 1.51404E-1 1.44904E-1 1.35778E-1 1.28037E-1 1.24307E-1 1.13915E-1 1.04805E-1 9.0609E-2 9.18249E-2 9.38808E-2 9.61633E-2 9.76442E-2 9.4195E-2 8.78155E-2 8.36705E-2 1.0287E-1 1.0088E-1 9.48329E-2 8.85699E-2 8.99106E-2 9.11302E-2 8.31622E-2 8.29896E-2 8.54618E-2 8.66051E-2 8.64771E-2 8.3874E-2 8.10588E-2 7.41977E-2 7.80421E-2 7.57606E-2 7.86345E-2 7.57184E-2 7.11135E-2 7.86856E-2 6.87846E-2 7.32607E-2 7.70896E-2 7.99545E-2 7.44382E-2 7.32968E-2 7.91481E-2 6.39722E-2 5.49377E-2 5.16888E-2 5.79569E-2 5.12786E-2 4.81271E-2 5.72369E-2 5.87381E-2 5.34728E-2 5.01664E-2 5.1828E-2 5.20909E-2
1.40576E-1 1.39257E-1 1.41781E-1 1.4779E-1 1.37146E-1 1.46508E-1 1.51406E-1 1.55651E-1 1.47634E-1 1.41834E-1 1.37093E-1 1.28712E-1 1.35299E-1 1.24514E-1 1.08522E-1 9.02104E-2 9.85139E-2 8.43079E-2 8.31631E-2 9.0555E-2 8.40471E-2 8.37737E-2 8.19194E-2 1.02699E-1 9.30738E-2 8.88629E-2 9.36004E-2 9.46544E-2 9.02881E-2 8.08568E-2 8.20331E-2 8.3556E-2 8.41368E-2 8.12417E-2 8.53982E-2 8.28594E-2 8.13166E-2 7.86125E-2 7.91313E-2 7.96163E-2 7.94772E-2 7.79357E-2 6.89188E-2 6.58638E-2 7.80136E-2 8.57323E-2 8.81578E-2 7.5319E-2 7.94483E-2 7.2766E-2 5.84614E-2 5.64238E-2 5.37024E-2 5.64415E-2 5.51417E-2 5.59951E-2 5.7422E-2 5.47035E-2 5.74843E-2 5.68846E-2 5.21028E-2
1.36038E-1 1.34735E-1 1.78078E-1 1.41811E-1 1.41633E-1 1.5761E-1 1.48045E-1 1.56814E-1 1.72073E-1 1.63527E-1 1.44631E-1 1.47117E-1 1.37289E-1 1.23743E-1 1.14679E-1 1.18409E-1 1.01755E-1 9.65952E-2 9.84879E-2 7.57059E-2 9.10223E-2 9.27724E-2 8.51849E-2 8.29021E-2 8.8463E-2 8.80988E-2 9.59202E-2 9.28245E-2 9.50984E-2 8.68803E-2 8.57897E-2 8.41877E-2 8.19219E-2 8.16977E-2 8.45096E-2 8.75553E-2 8.02388E-2 7.74857E-2 7.50431E-2 7.61677E-2 7.93492E-2 8.17782E-2 8.38879E-2 7.5815E-2 7.30713E-2 8.40172E-2 8.90567E-2 8.7628E-2 7.78871E-2 6.98992E-2 5.52675E-2 5.67035E-2 6.2402E-2 5.99951E-2 5.40189E-2 5.63641E-2 5.76899E-2 5.4519E-2 5.39539E-2 5.80879E-2 5.77062E-2
1.43251E-1 1.68776E-1 1.62274E-1 1.51832E-1 1.61065E-1 2.19719E-1 1.57009E-1 1.80804E-1 1.72853E-1 1.71339E-1 1.57925E-1 1.67021E-1 1.41135E-1 1.43062E-1 1.25012E-1 1.29363E-1 1.18455E-1 1.00337E-1 9.79811E-2 8.47479E-2 9.36468E-2 8.65629E-2 8.55958E-2 8.41478E-2 8.31112E-2 8.20943E-2 9.10179E-2 9.33061E-2 9.52853E-2 9.73671E-2 9.76635E-2 9.13996E-2 8.30471E-2 8.19572E-2 8.24265E-2 8.98572E-2 9.07961E-2 9.3072E-2 8.814E-2 8.25679E-2 7.72426E-2 7.97527E-2 8.05492E-2 8.24703E-2 8.52596E-2 8.42374E-2 8.28606E-2 8.00004E-2 6.71896E-2 5.56078E-2 5.09627E-2 5.3111E-2 5.80795E-2 6.71679E-2 5.58083E-2 5.63879E-2 5.61929E-2 4.84141E-2 5.2682E-2 5.71372E-2 5.76395E-2
1.70767E-1 1.73226E-1 1.41782E-1 1.3942E-1 1.8391E-1 2.27948E-1 1.62201E-1 1.60861E-1 1.80045E-1 1.79182E-1 1.60696E-1 1.50085E-1 1.56946E-1 1.29493E-1 1.37581E-1 1.20678E-1 1.1601E-1 1.0428E-1 9.39223E-2 8.80729E-2 7.95323E-2 8.55545E-2 8.2108E-2 8.68363E-2 8.64362E-2 9.00764E-2 8.90359E-2 8.66611E-2 1.01964E-1 1.06591E-1 9.83073E-2 9.07259E-2 8.29903E-2 9.59681E-2 1.11038E-1 9.58809E-2 8.67289E-2 8.41491E-2 8.86336E-2 8.9376E-2 8.14881E-2 7.79808E-2 7.59241E-2 8.48074E-2 8.78559E-2 8.69852E-2 8.27064E-2 6.69824E-2 5.92661E-2 5.74816E-2 4.88159E-2 4.71401E-2 4.48221E-2 4.98433E-2 5.37111E-2 5.6665E-2 6.43888E-2 5.25553E-2 4.81649E-2 5.17647E-2 5.70508E-2
1.5017E-1 1.97894E-1 2.36046E-1 2.37346E-1 2.53005E-1 2.02126E-1 1.85525E-1 1.69752E-1 1.725E-1 1.81277E-1 1.85425E-1 1.58092E-1 1.52988E-1 1.38739E-1 1.45169E-1 1.17607E-1 1.26529E-1 1.08543E-1 1.13815E-1 8.93425E-2 8.68908E-2 9.37551E-2 7.64537E-2 7.72139E-2 8.9756E-2 8.15409E-2 8.24037E-2 9.38275E-2 8.98557E-2 9.79265E-2 9.91048E-2 9.76312E-2 9.25894E-2 8.41881E-2 9.15774E-2 8.74115E-2 7.63481E-2 7.71376E-2 8.29585E-2 8.35097E-2 8.46304E-2 8.2633E-2 8.44221E-2 8.85048E-2 9.20399E-2 9.27702E-2 8.87818E-2 7.66214E-2 7.39468E-2 6.9828E-2 6.53996E-2 7.20503E-2 7.53528E-2 6.88945E-2 6.18984E-2 6.57207E-2 7.28422E-2 6.26929E-2 5.93128E-2 6.27159E-2 5.97844E-2
1.58211E-1 1.5293E-1 1.77154E-1 2.39546E-1 2.37452E-1 1.83265E-1 1.90393E-1 2.05655E-1 1.69585E-1 1.76576E-1 1.79197E-1 2.05728E-1 1.90814E-1 1.4625E-1 1.38399E-1 1.23559E-1 1.167E-1 1.3223E-1 1.1468E-1 1.16022E-1 9.55882E-2 8.60166E-2 9.79213E-2 8.35682E-2 8.22089E-2 8.27446E-2 8.3752E-2 9.06268E-2 8.85959E-2 9.71315E-2 1.05628E-1 9.93433E-2 9.36234E-2 8.39542E-2 8.36676E-2 8.63927E-2 7.971E-2 7.94283E-2 8.40751E-2 7.99944E-2 8.51123E-2 9.09389E-2 8.92842E-2 9.15288E-2 9.53152E-2 9.44233E-2 9.35495E-2 9.24033E-2 9.0159E-2 8.94987E-2 8.52869E-2 8.32566E-2 8.62743E-2 8.11118E-2 7.79249E-2 7.17062E-2 6.34567E-2 6.29647E-2 7.29218E-2 6.72439E-2 6.42698E-2
1.34149E-1 1.43729E-1 1.6523E-1 1.8634E-1 2.05296E-1 2.00367E-1 2.45601E-1 1.79834E-1 1.68372E-1 1.72689E-1 1.64541E-1 2.44681E-1 1.64287E-1 1.52206E-1 1.46406E-1 1.33357E-1 1.13548E-1 1.19595E-1 1.02669E-1 1.11269E-1 1.05228E-1 9.22679E-2 9.09113E-2 9.68412E-2 7.98486E-2 8.23155E-2 8.32122E-2 8.81379E-2 7.89574E-2 9.11041E-2 1.0329E-1 1.00499E-1 1.03762E-1 9.40414E-2 9.37E-2 8.76304E-2 7.93523E-2 7.15619E-2 7.43802E-2 7.60353E-2 8.56246E-2 9.38484E-2 8.6829E-2 9.05524E-2 9.51776E-2 9.66603E-2 9.22973E-2 9.4427E-2 9.23871E-2 8.79097E-2 7.83849E-2 8.24004E-2 8.78511E-2 8.22686E-2 7.74984E-2 7.49379E-2 7.26246E-2 7.55418E-2 7.22292E-2 6.74824E-2 6.33978E-2
1.42242E-1 1.45219E-1 1.74382E-1 1.98897E-1 1.7138E-1 1.89244E-1 2.18796E-1 1.73315E-1 1.79655E-1 1.64028E-1 1.63563E-1 2.64036E-1 1.55247E-1 1.55728E-1 1.43457E-1 1.27899E-1 1.2109E-1 1.50126E-1 1.25043E-1 1.10589E-1 1.19256E-1 1.03253E-1 1.00628E-1 9.18205E-2 9.69858E-2 8.23413E-2 8.94018E-2 8.08715E-2 8.3687E-2 7.39572E-2 9.00561E-2 9.9734E-2 1.08109E-1 1.03033E-1 1.01394E-1 1.04042E-1 9.26718E-2 8.04709E-2 7.61746E-2 7.77714E-2 8.46583E-2 9.14823E-2 9.16825E-2 9.57083E-2 1.00319E-1 9.61988E-2 9.24731E-2 9.2967E-2 9.18118E-2 8.83835E-2 8.42695E-2 8.27901E-2 8.10458E-2 7.81186E-2 7.5926E-2 7.43091E-2 6.98075E-2 7.1091E-2 7.21871E-2 7.16103E-2 7.02202E-2
1.46218E-1 1.51323E-1 2.38845E-1 2.07716E-1 1.79157E-1 1.89767E-1 1.89858E-1 1.97481E-1 1.75286E-1 1.64085E-1 1.70261E-1 2.32602E-1 2.17182E-1 1.3902E-1 1.39057E-1 1.33056E-1 1.29499E-1 1.62716E-1 1.29687E-1 1.16535E-1 1.10651E-1 1.13422E-1 1.03119E-1 9.79532E-2 9.44041E-2 9.10078E-2 8.16348E-2 6.66311E-2 8.09032E-2 6.6381E-2 8.67662E-2 1.00001E-1 1.03241E-1 1.07945E-1 1.03243E-1 1.149E-1 1.09317E-1 9.66755E-2 8.97573E-2 8.47132E-2 8.31431E-2 8.85952E-2 9.69388E-2 9.96612E-2 1.03332E-1 1.02229E-1 9.56499E-2 9.02114E-2 9.55756E-2 8.7896E-2 8.53933E-2 8.23933E-2 7.85432E-2 7.70208E-2 7.74454E-2 7.76079E-2 7.30488E-2 7.08491E-2 7.1257E-2 7.30407E-2 7.1453E-2
1.2552E-1 1.56019E-1 2.44746E-1 1.45537E-1 1.44771E-1 1.59897E-1 1.54408E-1 1.49029E-1 1.5344E-1 1.52872E-1 1.77126E-1 2.07126E-1 1.63748E-1 1.45859E-1 1.79033E-1 1.37618E-1 1.30185E-1 1.73654E-1 1.29335E-1 1.12736E-1 1.12772E-1 1.18584E-1 1.03747E-1 9.35622E-2 9.39444E-2 8.55839E-2 8.69897E-2 9.18541E-2 8.48217E-2 6.71635E-2 7.62435E-2 1.03382E-1 1.05769E-1 1.09808E-1 1.13592E-1 1.09794E-1 1.06505E-1 1.02064E-1 1.01575E-1 9.37965E-2 8.98193E-2 9.12296E-2 9.87252E-2 9.97918E-2 9.82109E-2 1.01037E-1 1.00499E-1 9.47542E-2 9.78492E-2 9.34228E-2 8.78042E-2 8.36577E-2 8.2124E-2 8.41656E-2 8.83798E-2 8.53056E-2 7.5338E-2 7.56102E-2 8.28903E-2 7.95825E-2 7.38432E-2
1.38153E-1 1.83619E-1 2.40965E-1 1.52784E-1 1.54574E-1 1.49427E-1 1.46215E-1 1.43301E-1 1.52485E-1 1.76898E-1 2.52181E-1 1.92454E-1 1.53517E-1 1.4506E-1 1.95325E-1 1.48018E-1 1.36722E-1 1.92541E-1 1.36486E-1 1.11771E-1 1.12202E-1 1.07722E-1 1.11812E-1 9.55798E-2 9.18517E-2 1.0538E-1 9.5508E-2 9.44456E-2 8.87018E-2 7.80225E-2 7.88526E-2 9.90778E-2 1.03558E-1 1.13445E-1 1.0917E-1 1.09801E-1 1.08155E-1 1.03149E-1 1.00284E-1 9.97102E-2 1.00624E-1 1.03054E-1 1.07774E-1 1.08737E-1 1.04123E-1 1.02431E-1 1.07397E-1 9.72302E-2 9.91063E-2 9.20344E-2 9.40222E-2 8.82315E-2 8.70073E-2 9.3E-2 9.47172E-2 8.46175E-2 7.99171E-2 8.32175E-2 8.14587E-2 7.80742E-2 7.99301E-2
2.12762E-1 1.86071E-1 1.52328E-1 1.37278E-1 1.37611E-1 1.46693E-1 1.36649E-1 1.46648E-1 1.58226E-1 1.68889E-1 2.26856E-1 1.54554E-1 1.56006E-1 1.64867E-1 1.78592E-1 1.38696E-1 1.34485E-1 1.99175E-1 1.50155E-1 1.21902E-1 1.12289E-1 1.14786E-1 1.08209E-1 8.74508E-2 9.28292E-2 1.10697E-1 9.85078E-2 8.75837E-2 8.84474E-2 9.00331E-2 8.57037E-2 9.76041E-2 1.04224E-1 1.13406E-1 9.3868E-2 1.12146E-1 1.03458E-1 1.17965E-1 1.17367E-1 1.11714E-1 1.10763E-1 1.16697E-1 1.15983E-1 1.13069E-1 1.14518E-1 1.14522E-1 1.16822E-1 1.05331E-1 1.0258E-1 9.86715E-2 9.52818E-2 8.82814E-2 8.68636E-2 8.95198E-2 8.66289E-2 8.55533E-2 8.63893E-2 8.46909E-2 8.43052E-2 8.58185E-2 8.75324E-2
1.62118E-1 2.17404E-1 1.50575E-1 1.24496E-1 1.23575E-1 1.24688E-1 1.35257E-1 1.50028E-1 1.54523E-1 1.66382E-1 2.2107E-1 1.53133E-1 1.67617E-1 1.87656E-1 1.60961E-1 1.66071E-1 1.72615E-1 1.9096E-1 1.92272E-1 1.24719E-1 1.16292E-1 1.10943E-1 1.02076E-1 8.76631E-2 9.32611E-2 9.8375E-2 9.52471E-2 8.5248E-2 8.71714E-2 9.02979E-2 9.18579E-2 1.00521E-1 1.15577E-1 1.28858E-1 1.13472E-1 1.07783E-1 1.11793E-1 1.08765E-1 1.16774E-1 1.1541E-1 1.06337E-1 1.08768E-1 1.07925E-1 1.10529E-1 1.11983E-1 1.12326E-1 1.14163E-1 1.10025E-1 1.00984E-1 1.01125E-1 9.64775E-2 9.32143E-2 8.89836E-2 8.45623E-2 7.89941E-2 7.19592E-2 7.17042E-2 7.30567E-2 7.86781E-2 8.00006E-2 8.49176E-2
