maxent_outputs/bumblebees/bombus_86.asc
ncols         426
nrows         180
xllcorner     -130.0
yllcorner     24.0
cellsize      0.16666666666666666
NODATA_value  -9999
[rows 0 to 26 of 180, columns 183 to 243 of 426]
1.14685E-1 1.05401E-1 1.08407E-1 1.15598E-1 1.14094E-1 1.10771E-1 1.13353E-1 1.33552E-1 1.37844E-1 1.33481E-1 1.21527E-1 1.21341E-1 1.13527E-1 1.10846E-1 1.14396E-1 1.12297E-1 1.13795E-1 1.12189E-1 1.1064E-1 1.12157E-1 1.19493E-1 1.15501E-1 1.11653E-1 1.14689E-1 1.14025E-1 1.14024E-1 1.16125E-1 1.16334E-1 1.21913E-1 1.15608E-1 1.13696E-1 1.13163E-1 1.12712E-1 1.14935E-1 1.1341E-1 1.10698E-1 1.10066E-1 1.11082E-1 1.13311E-1 1.13786E-1 1.13986E-1 1.14444E-1 1.14343E-1 1.12353E-1 1.18741E-1 1.16187E-1 1.17701E-1 1.19845E-1 1.25086E-1 1.23453E-1 1.21589E-1 1.2756E-1 1.30768E-1 1.24094E-1 1.27718E-1 1.23524E-1 1.22107E-1 1.16977E-1 1.16904E-1 1.18503E-1 1.16417E-1
1.05849E-1 1.04839E-1 1.11512E-1 1.61004E-1 1.85708E-1 1.90377E-1 1.965E-1 1.97673E-1 1.75258E-1 1.54056E-1 1.23326E-1 1.23302E-1 1.17249E-1 1.13311E-1 1.17016E-1 1.13104E-1 1.10138E-1 1.08475E-1 1.07706E-1 1.1121E-1 1.11619E-1 1.09072E-1 1.11236E-1 1.11663E-1 1.11853E-1 1.10044E-1 1.14459E-1 1.14157E-1 1.17439E-1 1.21823E-1 1.28473E-1 1.24943E-1 1.15743E-1 1.12696E-1 1.12682E-1 1.12685E-1 1.13576E-1 1.14761E-1 1.1307E-1 1.12634E-1 1.13343E-1 1.10104E-1 1.11336E-1 1.18793E-1 1.26105E-1 1.24081E-1 1.20925E-1 1.16742E-1 1.18995E-1 1.23943E-1 1.21138E-1 1.23935E-1 1.22397E-1 1.18329E-1 1.22306E-1 1.28656E-1 1.52909E-1 1.58565E-1 1.47682E-1 1.24183E-1 1.24905E-1
1.02613E-1 1.04087E-1 1.28697E-1 1.90591E-1 1.93477E-1 1.93588E-1 2.0408E-1 2.07381E-1 2.12824E-1 2.09417E-1 1.56884E-1 1.23901E-1 1.24123E-1 1.16793E-1 1.13485E-1 1.11823E-1 1.08909E-1 1.08546E-1 1.08835E-1 1.12654E-1 1.1008E-1 1.05731E-1 1.04214E-1 1.09147E-1 1.11909E-1 1.08219E-1 1.09937E-1 1.11244E-1 1.12768E-1 1.10829E-1 1.1264E-1 1.11308E-1 1.10536E-1 1.10118E-1 1.10416E-1 1.1248E-1 1.11407E-1 1.13205E-1 1.14384E-1 1.12982E-1 1.13791E-1 1.12153E-1 1.08209E-1 1.06105E-1 1.09221E-1 1.1054E-1 1.125E-1 1.13396E-1 1.17656E-1 1.18251E-1 1.25954E-1 1.22124E-1 1.16463E-1 1.13556E-1 1.15252E-1 1.17564E-1 1.16416E-1 1.19492E-1 1.17705E-1 1.16934E-1 1.15653E-1
1.06883E-1 1.16868E-1 1.5733E-1 1.96748E-1 1.94588E-1 1.94695E-1 1.9681E-1 1.99231E-1 2.07247E-1 2.15763E-1 2.11492E-1 1.34669E-1 1.32E-1 1.2023E-1 1.1781E-1 1.11432E-1 1.12485E-1 1.11844E-1 1.10262E-1 1.09687E-1 1.13527E-1 1.07761E-1 1.06118E-1 1.07955E-1 1.06261E-1 1.08009E-1 1.07384E-1 1.07023E-1 1.09604E-1 1.08637E-1 1.08811E-1 1.12293E-1 1.0942E-1 1.08699E-1 1.07191E-1 1.07729E-1 1.09773E-1 1.08488E-1 1.07959E-1 1.10769E-1 1.10909E-1 1.08082E-1 1.05922E-1 1.03905E-1 1.04116E-1 1.04599E-1 1.16459E-1 1.14781E-1 1.15914E-1 1.1909E-1 1.21257E-1 1.28644E-1 1.19949E-1 1.141E-1 1.15464E-1 1.13606E-1 1.13887E-1 1.13917E-1 1.17611E-1 1.12397E-1 1.15761E-1
1.33029E-1 1.41716E-1 1.78457E-1 1.91946E-1 1.93288E-1 1.9765E-1 2.01926E-1 2.0638E-1 2.07999E-1 2.12014E-1 2.12076E-1 1.81119E-1 1.3739E-1 1.16255E-1 1.07773E-1 1.1383E-1 1.12763E-1 1.09555E-1 1.09343E-1 1.09266E-1 1.08064E-1 1.07477E-1 1.09512E-1 1.06879E-1 1.03739E-1 1.05099E-1 1.0418E-1 1.07915E-1 1.10498E-1 1.09905E-1 1.09367E-1 1.09365E-1 1.0912E-1 1.09702E-1 1.11744E-1 1.12684E-1 1.09002E-1 1.05706E-1 1.03639E-1 1.05977E-1 1.08753E-1 1.09076E-1 1.08656E-1 1.08573E-1 1.08973E-1 1.1026E-1 1.05325E-1 1.08282E-1 1.11532E-1 1.12241E-1 1.13237E-1 1.16256E-1 1.1408E-1 1.12457E-1 1.12908E-1 1.14546E-1 1.13394E-1 1.16082E-1 1.16429E-1 1.11466E-1 1.10942E-1
1.31714E-1 1.27576E-1 1.38599E-1 1.64909E-1 1.62897E-1 1.67361E-1 1.92405E-1 2.07382E-1 2.05802E-1 2.08244E-1 2.11554E-1 2.08967E-1 1.6327E-1 1.18384E-1 1.14512E-1 1.11322E-1 1.11848E-1 1.11522E-1 1.08647E-1 1.0758E-1 1.11009E-1 1.05956E-1 1.04254E-1 1.06392E-1 1.07014E-1 1.0813E-1 1.09339E-1 1.10739E-1 1.07985E-1 1.08776E-1 1.10512E-1 1.08601E-1 1.07779E-1 1.08927E-1 1.07747E-1 1.14858E-1 1.18887E-1 1.14984E-1 1.19703E-1 1.20442E-1 1.23626E-1 1.19716E-1 1.09588E-1 1.09967E-1 1.09387E-1 1.14843E-1 1.07196E-1 1.07004E-1 1.12209E-1 1.15312E-1 1.16112E-1 1.16404E-1 1.11988E-1 1.0876E-1 1.08848E-1 1.08266E-1 1.11533E-1 1.19051E-1 1.19472E-1 1.154E-1 1.18331E-1
1.27901E-1 1.19374E-1 1.1663E-1 1.28178E-1 1.59286E-1 1.78005E-1 1.96106E-1 2.03802E-1 2.06765E-1 2.07006E-1 2.11209E-1 2.09233E-1 1.65798E-1 1.28334E-1 1.24896E-1 1.16578E-1 1.11941E-1 1.11354E-1 1.12692E-1 1.10047E-1 1.11232E-1 1.09247E-1 1.0517E-1 1.06397E-1 1.06674E-1 1.08839E-1 1.07379E-1 1.09311E-1 1.07658E-1 1.06857E-1 1.06818E-1 1.07623E-1 1.08284E-1 1.1197E-1 1.07806E-1 1.11E-1 1.15296E-1 1.1051E-1 1.12967E-1 1.14052E-1 1.16082E-1 1.1227E-1 1.07647E-1 1.09904E-1 1.16622E-1 1.19681E-1 1.19377E-1 1.1402E-1 1.2023E-1 1.17419E-1 1.17984E-1 1.20325E-1 1.1911E-1 1.09104E-1 1.06444E-1 1.07004E-1 1.07983E-1 1.17338E-1 1.19304E-1 1.2044E-1 1.24989E-1
1.33478E-1 1.20943E-1 1.2081E-1 1.30751E-1 1.66935E-1 1.92161E-1 1.94291E-1 1.99956E-1 2.05308E-1 2.05854E-1 2.06656E-1 2.07945E-1 1.95555E-1 1.38634E-1 1.23213E-1 1.20415E-1 1.20719E-1 1.28059E-1 1.20586E-1 1.17484E-1 1.1232E-1 1.10252E-1 1.0787E-1 1.06292E-1 1.05534E-1 1.09219E-1 1.06385E-1 1.06756E-1 1.08161E-1 1.07948E-1 1.05762E-1 1.0437E-1 1.06409E-1 1.07337E-1 1.08178E-1 1.07885E-1 1.09059E-1 1.07507E-1 1.05606E-1 1.05254E-1 1.0901E-1 1.13284E-1 1.10003E-1 1.07561E-1 1.07922E-1 1.08252E-1 1.06214E-1 1.06175E-1 1.13127E-1 1.13848E-1 1.13128E-1 1.20351E-1 1.22797E-1 1.21957E-1 1.08436E-1 1.08529E-1 1.12575E-1 1.11682E-1 1.10727E-1 1.11492E-1 1.10574E-1
1.3427E-1 1.27034E-1 1.25668E-1 1.28834E-1 1.27672E-1 1.53701E-1 1.88122E-1 1.95282E-1 1.97138E-1 1.94306E-1 2.03677E-1 2.045E-1 1.9883E-1 1.85702E-1 1.32663E-1 1.18795E-1 1.23006E-1 1.18171E-1 1.22673E-1 1.23111E-1 1.20074E-1 1.14562E-1 1.11158E-1 1.08136E-1 1.10115E-1 1.08698E-1 1.06599E-1 1.06896E-1 1.04867E-1 1.05245E-1 1.07843E-1 1.06683E-1 1.07164E-1 1.05819E-1 1.07407E-1 1.05509E-1 1.07263E-1 1.09938E-1 1.10475E-1 1.08273E-1 1.05253E-1 1.08084E-1 1.11089E-1 1.10276E-1 1.05791E-1 1.05389E-1 1.04596E-1 1.19328E-1 1.15179E-1 1.10287E-1 1.0855E-1 1.08925E-1 1.07979E-1 1.07422E-1 1.13246E-1 1.12612E-1 1.11016E-1 1.08448E-1 1.09488E-1 1.06933E-1 1.05275E-1
1.36836E-1 1.26789E-1 1.2583E-1 1.239E-1 1.23444E-1 1.22182E-1 1.55912E-1 1.84158E-1 1.69339E-1 1.56697E-1 1.94836E-1 1.92631E-1 1.88198E-1 1.76265E-1 1.5186E-1 1.23089E-1 1.23063E-1 1.18357E-1 1.16905E-1 1.14627E-1 1.13743E-1 1.12542E-1 1.10648E-1 1.08521E-1 1.11995E-1 1.10817E-1 1.06448E-1 1.05564E-1 1.04476E-1 1.03957E-1 1.05603E-1 1.04623E-1 1.02925E-1 1.02124E-1 1.06959E-1 1.09336E-1 1.07875E-1 1.07782E-1 1.10397E-1 1.08504E-1 1.06109E-1 1.05901E-1 1.0739E-1 1.09956E-1 1.06728E-1 1.05062E-1 1.04339E-1 1.09389E-1 1.02488E-1 1.02857E-1 1.03793E-1 1.03565E-1 1.05726E-1 1.07083E-1 1.05883E-1 1.08272E-1 1.09166E-1 1.05191E-1 1.03463E-1 1.02574E-1 1.09097E-1
1.31442E-1 1.25872E-1 1.23938E-1 1.26829E-1 1.25239E-1 1.23067E-1 1.23495E-1 1.34847E-1 1.74953E-1 1.71534E-1 1.8083E-1 1.81323E-1 1.76967E-1 1.56975E-1 1.51768E-1 1.2094E-1 1.21561E-1 1.18658E-1 1.1873E-1 1.15945E-1 1.15172E-1 1.12836E-1 1.09285E-1 1.07544E-1 1.12252E-1 1.11881E-1 1.09256E-1 1.10814E-1 1.04352E-1 1.07895E-1 1.1E-1 1.07093E-1 1.03584E-1 1.01011E-1 1.04764E-1 1.04245E-1 1.03086E-1 1.00806E-1 1.03796E-1 1.03851E-1 1.10921E-1 1.07352E-1 1.01471E-1 1.01055E-1 1.00093E-1 9.98997E-2 1.00181E-1 1.01416E-1 9.84428E-2 9.75297E-2 1.01436E-1 9.90978E-2 1.01099E-1 9.97592E-2 1.01677E-1 1.02294E-1 1.05714E-1 1.06586E-1 1.02759E-1 1.00935E-1 1.04629E-1
1.30308E-1 1.2799E-1 1.30191E-1 1.30158E-1 1.28635E-1 1.2572E-1 1.26466E-1 1.25701E-1 1.39266E-1 1.7679E-1 1.47908E-1 1.38293E-1 1.55185E-1 1.7113E-1 1.67554E-1 1.31033E-1 1.21685E-1 1.19603E-1 1.19848E-1 1.165E-1 1.14471E-1 1.1487E-1 1.1234E-1 1.15658E-1 1.19591E-1 1.18492E-1 1.14702E-1 1.12534E-1 1.13981E-1 1.13467E-1 1.12515E-1 1.13189E-1 1.12857E-1 1.0853E-1 1.07021E-1 9.94364E-2 9.80661E-2 1.01269E-1 1.00718E-1 1.01835E-1 1.03182E-1 1.01488E-1 9.85305E-2 9.72224E-2 1.01152E-1 1.00042E-1 9.7056E-2 9.79573E-2 1.01086E-1 9.95311E-2 1.01812E-1 9.99312E-2 9.72457E-2 9.82754E-2 9.94436E-2 1.01683E-1 1.03721E-1 1.05004E-1 1.0392E-1 1.05273E-1 1.0633E-1
1.31294E-1 1.34493E-1 1.31049E-1 1.28855E-1 1.26044E-1 1.27164E-1 1.292E-1 1.24147E-1 1.26459E-1 1.39023E-1 1.29037E-1 1.29944E-1 1.23815E-1 1.50546E-1 1.67814E-1 1.57079E-1 1.24959E-1 1.19828E-1 1.1707E-1 1.12901E-1 1.1431E-1 1.15301E-1 1.16353E-1 1.16962E-1 1.21981E-1 1.1192E-1 1.13526E-1 1.10741E-1 1.11962E-1 1.11522E-1 1.12544E-1 1.12648E-1 1.14487E-1 1.10946E-1 1.06935E-1 9.98311E-2 1.0182E-1 1.04777E-1 1.04026E-1 1.06156E-1 1.04002E-1 1.02855E-1 9.91618E-2 9.64793E-2 9.95824E-2 1.03047E-1 9.74084E-2 9.73371E-2 1.06111E-1 1.03793E-1 1.07289E-1 1.03215E-1 1.01171E-1 9.80863E-2 1.00984E-1 1.03389E-1 1.05772E-1 1.03331E-1 1.03157E-1 1.02934E-1 1.07648E-1
1.45909E-1 1.37031E-1 1.33627E-1 1.30378E-1 1.23407E-1 1.24224E-1 1.33624E-1 1.30411E-1 1.18356E-1 1.14503E-1 1.21015E-1 1.23418E-1 1.39897E-1 1.46558E-1 1.56333E-1 1.47431E-1 1.40841E-1 1.23515E-1 1.19081E-1 1.18637E-1 1.1795E-1 1.16297E-1 1.15926E-1 1.1856E-1 1.14283E-1 1.15033E-1 1.10996E-1 1.12873E-1 1.12394E-1 1.15517E-1 1.13302E-1 1.13553E-1 1.15223E-1 1.13604E-1 1.14347E-1 1.09543E-1 1.09903E-1 1.10858E-1 1.1228E-1 1.11173E-1 1.09519E-1 1.03863E-1 9.89445E-2 9.95801E-2 1.06327E-1 1.11668E-1 1.06886E-1 1.05869E-1 1.05278E-1 1.0736E-1 1.11403E-1 1.07815E-1 1.10543E-1 1.04799E-1 1.04731E-1 1.06783E-1 1.01298E-1 1.04303E-1 1.08833E-1 1.04302E-1 1.08491E-1
1.39242E-1 1.39002E-1 1.44429E-1 1.4194E-1 1.32434E-1 1.34735E-1 1.25234E-1 1.12072E-1 1.14306E-1 1.18567E-1 1.2306E-1 1.23551E-1 1.26584E-1 1.46685E-1 1.35931E-1 1.23654E-1 1.40319E-1 1.34905E-1 1.2127E-1 1.19634E-1 1.18216E-1 1.17503E-1 1.15776E-1 1.16445E-1 1.11781E-1 1.13063E-1 1.12738E-1 1.13217E-1 1.14081E-1 1.13364E-1 1.12565E-1 1.12781E-1 1.11756E-1 1.11716E-1 1.12102E-1 1.10326E-1 1.08807E-1 1.09468E-1 1.09103E-1 1.08223E-1 1.06383E-1 1.05594E-1 1.02536E-1 1.03854E-1 1.09413E-1 1.16688E-1 1.06669E-1 1.0848E-1 1.10249E-1 1.06142E-1 1.09093E-1 1.10187E-1 1.08768E-1 1.08712E-1 1.07935E-1 1.06451E-1 1.05018E-1 1.03823E-1 1.01749E-1 1.02635E-1 1.03622E-1
1.24541E-1 1.30059E-1 1.45873E-1 1.42871E-1 1.2964E-1 1.15102E-1 1.1354E-1 1.12854E-1 1.2129E-1 1.25692E-1 1.28106E-1 1.16329E-1 1.19132E-1 1.31939E-1 1.20513E-1 1.2958E-1 1.5031E-1 1.54555E-1 1.24895E-1 1.18006E-1 1.14148E-1 1.12729E-1 1.10993E-1 1.10842E-1 1.10884E-1 1.1071E-1 1.12227E-1 1.17119E-1 1.19039E-1 1.1544E-1 1.13224E-1 1.11427E-1 1.12011E-1 1.06254E-1 1.09731E-1 1.082E-1 1.11093E-1 1.10707E-1 1.07309E-1 1.061E-1 1.0481E-1 1.12711E-1 1.1614E-1 1.13651E-1 1.11374E-1 1.18983E-1 1.13823E-1 1.11487E-1 1.1433E-1 1.1347E-1 1.1529E-1 1.12642E-1 1.08945E-1 1.09584E-1 1.0762E-1 1.07569E-1 1.0369E-1 1.02491E-1 1.03387E-1 1.04137E-1 1.07899E-1
1.17809E-1 1.27759E-1 1.35817E-1 1.47496E-1 1.46134E-1 1.32619E-1 1.10672E-1 1.12846E-1 1.23214E-1 1.20468E-1 1.13354E-1 1.11461E-1 1.15111E-1 1.23475E-1 1.16527E-1 1.40688E-1 1.39402E-1 1.53693E-1 1.43885E-1 1.21424E-1 1.14949E-1 1.12593E-1 1.12183E-1 1.12316E-1 1.14667E-1 1.12661E-1 1.15946E-1 1.19641E-1 1.1998E-1 1.15984E-1 1.1494E-1 1.13444E-1 1.12695E-1 1.11403E-1 1.08683E-1 1.0868E-1 1.24029E-1 1.29642E-1 1.14999E-1 1.11746E-1 1.14498E-1 1.13996E-1 1.1428E-1 1.16014E-1 1.18001E-1 1.20949E-1 1.23192E-1 1.20364E-1 1.16227E-1 1.14824E-1 1.11794E-1 1.13405E-1 1.15554E-1 1.11598E-1 1.09825E-1 1.11083E-1 1.09813E-1 1.0916E-1 1.09984E-1 1.12027E-1 1.08693E-1
1.1863E-1 1.24937E-1 1.30348E-1 1.42901E-1 1.46015E-1 1.37069E-1 1.22665E-1 1.13626E-1 1.24801E-1 1.25046E-1 1.10549E-1 1.09402E-1 1.09268E-1 1.13688E-1 1.11029E-1 1.29198E-1 1.46188E-1 1.62E-1 1.44117E-1 1.17068E-1 1.13984E-1 1.14486E-1 1.14116E-1 1.13418E-1 1.13139E-1 1.12718E-1 1.18428E-1 1.17971E-1 1.17586E-1 1.16346E-1 1.14769E-1 1.15063E-1 1.1572E-1 1.20286E-1 1.16197E-1 1.11822E-1 1.17287E-1 1.2262E-1 1.1618E-1 1.13333E-1 1.1756E-1 1.15779E-1 1.14937E-1 1.1424E-1 1.17481E-1 1.15258E-1 1.16992E-1 1.23264E-1 1.22713E-1 1.1754E-1 1.08529E-1 1.12388E-1 1.23352E-1 1.24532E-1 1.20552E-1 1.16282E-1 1.14395E-1 1.13771E-1 1.14648E-1 1.12744E-1 1.11353E-1
1.22768E-1 1.28766E-1 1.32271E-1 1.35836E-1 1.46886E-1 1.41852E-1 1.3009E-1 1.19735E-1 1.19177E-1 1.17876E-1 1.17875E-1 1.16536E-1 1.13274E-1 1.11536E-1 1.12268E-1 1.50678E-1 1.66595E-1 1.72939E-1 1.5599E-1 1.19748E-1 1.24238E-1 1.18139E-1 1.12506E-1 1.14143E-1 1.11657E-1 1.16364E-1 1.15758E-1 1.15078E-1 1.13605E-1 1.14423E-1 1.08229E-1 1.10211E-1 1.15934E-1 1.15002E-1 1.18942E-1 1.18533E-1 1.16302E-1 1.14984E-1 1.14757E-1 1.13496E-1 1.11141E-1 1.12178E-1 1.10421E-1 1.11461E-1 1.10939E-1 1.15881E-1 1.14738E-1 1.11569E-1 1.15114E-1 1.14373E-1 1.15587E-1 1.2142E-1 1.17632E-1 1.15224E-1 1.18489E-1 1.21195E-1 1.15985E-1 1.14291E-1 1.17265E-1 1.17239E-1 1.16074E-1
1.22337E-1 1.24729E-1 1.27014E-1 1.26293E-1 1.38385E-1 1.53743E-1 1.53921E-1 1.34619E-1 1.27782E-1 1.24676E-1 1.27368E-1 1.1773E-1 1.1893E-1 1.16328E-1 1.19915E-1 1.54793E-1 1.67859E-1 1.63318E-1 1.56544E-1 1.29985E-1 1.2996E-1 1.20305E-1 1.14766E-1 1.13049E-1 1.11913E-1 1.1487E-1 1.15151E-1 1.16353E-1 1.13435E-1 1.17305E-1 1.18216E-1 1.19588E-1 1.19551E-1 1.14348E-1 1.12887E-1 1.22666E-1 1.25877E-1 1.22486E-1 1.19854E-1 1.19041E-1 1.16936E-1 1.13109E-1 1.06016E-1 1.13007E-1 1.19285E-1 1.21115E-1 1.17862E-1 1.20214E-1 1.18874E-1 1.2286E-1 1.23645E-1 1.22748E-1 1.19787E-1 1.21493E-1 1.20185E-1 1.18618E-1 1.17042E-1 1.1565E-1 1.19495E-1 1.19432E-1 1.1938E-1
1.19574E-1 1.22821E-1 1.22469E-1 1.25222E-1 1.27501E-1 1.47008E-1 1.57116E-1 1.55493E-1 1.41049E-1 1.32463E-1 1.27484E-1 1.20725E-1 1.20985E-1 1.11409E-1 1.13595E-1 1.50775E-1 1.60321E-1 1.46665E-1 1.36537E-1 1.31633E-1 1.28088E-1 1.26135E-1 1.2035E-1 1.14075E-1 1.0979E-1 1.11426E-1 1.17374E-1 1.18082E-1 1.1277E-1 1.16121E-1 1.22786E-1 1.14842E-1 1.14668E-1 1.19218E-1 1.20904E-1 1.26283E-1 1.27101E-1 1.26971E-1 1.32746E-1 1.24531E-1 1.23102E-1 1.18683E-1 1.2038E-1 1.17649E-1 1.21916E-1 1.23685E-1 1.19008E-1 1.17185E-1 1.19223E-1 1.23551E-1 1.22675E-1 1.23855E-1 1.21966E-1 1.21316E-1 1.22901E-1 1.17006E-1 1.17037E-1 1.18859E-1 1.19975E-1 1.20703E-1 1.22736E-1
1.14689E-1 1.23373E-1 1.23368E-1 1.29718E-1 1.33527E-1 1.40796E-1 1.56102E-1 1.57502E-1 1.56361E-1 1.34197E-1 1.28431E-1 1.3078E-1 1.1742E-1 1.10447E-1 1.07764E-1 1.37683E-1 1.49976E-1 1.35328E-1 1.16737E-1 1.16737E-1 1.22903E-1 1.32553E-1 1.19553E-1 1.14806E-1 1.19256E-1 1.20577E-1 1.16196E-1 1.20841E-1 1.24933E-1 1.25796E-1 1.27683E-1 1.21637E-1 1.2468E-1 1.33827E-1 1.3225E-1 1.24984E-1 1.309E-1 1.3346E-1 1.32124E-1 1.44273E-1 1.39668E-1 1.32588E-1 1.27751E-1 1.28935E-1 1.32707E-1 1.30153E-1 1.20586E-1 1.2443E-1 1.24183E-1 1.24999E-1 1.23002E-1 1.22831E-1 1.19847E-1 1.192E-1 1.22261E-1 1.18451E-1 1.19191E-1 1.20084E-1 1.20137E-1 1.21269E-1 1.22745E-1
1.10889E-1 1.20809E-1 1.23848E-1 1.26161E-1 1.29342E-1 1.36792E-1 1.51821E-1 1.54579E-1 1.43538E-1 1.27696E-1 1.2335E-1 1.19441E-1 1.10067E-1 1.05877E-1 1.03093E-1 1.11454E-1 1.13217E-1 1.13793E-1 1.05894E-1 1.16418E-1 1.18169E-1 1.2288E-1 1.23177E-1 1.21747E-1 1.23804E-1 1.28287E-1 1.32745E-1 1.33059E-1 1.30529E-1 1.25787E-1 1.37173E-1 1.31921E-1 1.37846E-1 1.34432E-1 1.30487E-1 1.26925E-1 1.29545E-1 1.33028E-1 1.34853E-1 1.30661E-1 1.35613E-1 1.38574E-1 1.3781E-1 1.3677E-1 1.3317E-1 1.26496E-1 1.24782E-1 1.26782E-1 1.27324E-1 1.26162E-1 1.24654E-1 1.21781E-1 1.21026E-1 1.16662E-1 1.18835E-1 1.2042E-1 1.18531E-1 1.16298E-1 1.17143E-1 1.20188E-1 1.22327E-1
1.04887E-1 1.15934E-1 1.24651E-1 1.2652E-1 1.23679E-1 1.20232E-1 1.20472E-1 1.21641E-1 1.21782E-1 1.20075E-1 1.18161E-1 1.09347E-1 1.04061E-1 1.0427E-1 1.04381E-1 1.09743E-1 1.06008E-1 1.07132E-1 1.0924E-1 1.22107E-1 1.20406E-1 1.22632E-1 1.26227E-1 1.20956E-1 1.20149E-1 1.28564E-1 1.26112E-1 1.32058E-1 1.32431E-1 1.3362E-1 1.24782E-1 1.26521E-1 1.33031E-1 1.28003E-1 1.371E-1 1.37597E-1 1.29575E-1 1.28898E-1 1.27248E-1 1.22072E-1 1.23624E-1 1.23325E-1 1.25273E-1 1.36596E-1 1.38802E-1 1.33746E-1 1.27236E-1 1.28386E-1 1.26273E-1 1.30504E-1 1.25191E-1 1.22675E-1 1.27709E-1 1.24892E-1 1.20944E-1 1.25193E-1 1.19275E-1 1.10807E-1 1.11243E-1 1.15422E-1 1.19481E-1
1.13265E-1 1.16121E-1 1.2014E-1 1.23748E-1 1.2249E-1 1.22059E-1 1.24557E-1 1.27601E-1 1.2181E-1 1.1599E-1 1.1747E-1 1.15322E-1 1.10044E-1 1.15768E-1 1.23413E-1 1.1574E-1 1.12541E-1 1.16426E-1 1.2091E-1 1.26426E-1 1.24294E-1 1.22538E-1 1.25586E-1 1.22877E-1 1.20233E-1 1.20229E-1 1.22158E-1 1.25036E-1 1.29215E-1 1.36713E-1 1.28932E-1 1.28551E-1 1.27259E-1 1.30456E-1 1.32722E-1 1.32692E-1 1.28411E-1 1.27948E-1 1.27682E-1 1.26057E-1 1.23102E-1 1.28997E-1 1.26793E-1 1.33742E-1 1.40544E-1 1.36484E-1 1.30466E-1 1.22325E-1 1.25431E-1 1.29545E-1 1.36897E-1 1.29943E-1 1.21718E-1 1.17292E-1 1.16805E-1 1.13915E-1 1.12416E-1 1.13781E-1 1.10467E-1 1.17164E-1 1.30564E-1
1.19497E-1 1.25306E-1 1.25526E-1 1.24504E-1 1.21257E-1 1.23544E-1 1.29278E-1 1.30145E-1 1.31041E-1 1.21063E-1 1.1773E-1 1.17837E-1 1.16312E-1 1.16628E-1 1.19239E-1 1.13519E-1 1.10706E-1 1.14547E-1 1.26594E-1 1.30199E-1 1.27638E-1 1.23177E-1 1.23236E-1 1.18579E-1 1.17366E-1 1.21285E-1 1.22088E-1 1.23082E-1 1.29773E-1 1.33353E-1 1.36207E-1 1.3413E-1 1.31458E-1 1.33185E-1 1.34719E-1 1.34902E-1 1.37699E-1 1.39905E-1 1.39644E-1 1.26573E-1 1.3952E-1 1.33171E-1 1.26451E-1 1.2318E-1 1.26791E-1 1.34224E-1 1.27919E-1 1.22156E-1 1.27028E-1 1.22556E-1 1.22007E-1 1.23376E-1 1.18997E-1 1.21491E-1 1.22387E-1 1.1481E-1 1.12246E-1 1.11392E-1 1.14529E-1 1.16996E-1 1.24495E-1
1.17269E-1 1.21667E-1 1.17842E-1 1.19364E-1 1.13877E-1 1.14622E-1 1.2634E-1 1.30324E-1 1.30186E-1 1.2821E-1 1.21485E-1 1.21468E-1 1.19537E-1 1.1564E-1 1.12472E-1 1.1217E-1 1.15371E-1 1.16863E-1 1.2611E-1 1.30017E-1 1.27901E-1 1.26413E-1 1.22118E-1 1.19531E-1 1.17605E-1 1.1881E-1 1.2808E-1 1.33159E-1 1.29886E-1 1.33615E-1 1.40504E-1 1.37063E-1 1.30386E-1 1.35435E-1 1.37613E-1 1.32131E-1 1.30454E-1 1.33258E-1 1.3428E-1 1.28037E-1 1.28155E-1 1.39531E-1 1.28345E-1 1.21395E-1 1.22019E-1 1.29468E-1 1.4082E-1 1.37052E-1 1.24033E-1 1.23887E-1 1.14451E-1 1.12826E-1 1.12721E-1 1.12827E-1 1.12806E-1 1.10294E-1 1.05871E-1 1.07292E-1 1.1387E-1 1.1637E-1 1.17649E-1
