maxent_outputs/bumblebees/bombus_152.asc
ncols         426
nrows         180
xllcorner     -130.0
yllcorner     24.0
cellsize      0.16666666666666666
NODATA_value  -9999
[rows 135 to 161 of 180, columns 122 to 182 of 426]
3.76499E-1 3.8956E-1 3.85073E-1 3.90906E-1 3.63626E-1 3.77125E-1 3.8513E-1 3.90327E-1 3.96369E-1 3.94222E-1 4.0218E-1 4.09111E-1 4.05439E-1 3.98927E-1 4.02629E-1 4.02887E-1 3.9819E-1 3.99524E-1 4.00025E-1 3.94761E-1 3.97963E-1 3.9382E-1 3.89297E-1 3.99591E-1 3.98521E-1 3.97572E-1 4.01498E-1 4.05483E-1 4.24023E-1 4.11171E-1 4.20962E-1 4.17416E-1 4.18522E-1 4.19612E-1 4.22213E-1 4.29733E-1 4.35363E-1 4.40011E-1 4.44911E-1 4.44194E-1 4.47706E-1 4.50113E-1 4.59059E-1 4.71734E-1 4.80927E-1 4.83547E-1 4.84338E-1 4.85046E-1 4.89137E-1 4.88952E-1 4.91531E-1 5.03193E-1 5.10586E-1 5.18789E-1 5.26379E-1 5.33259E-1 5.39263E-1 5.46919E-1 5.55298E-1 5.68653E-1 5.81709E-1
3.79491E-1 3.91847E-1 4.00381E-1 4.02313E-1 3.8673E-1 3.81478E-1 3.83736E-1 3.86534E-1 3.92432E-1 3.94881E-1 3.94976E-1 3.9894E-1 4.11854E-1 4.09175E-1 4.16045E-1 4.09917E-1 4.04405E-1 3.97421E-1 3.97907E-1 3.89777E-1 3.97607E-1 3.95432E-1 4.06535E-1 4.039E-1 4.07422E-1 4.05596E-1 4.0299E-1 4.06084E-1 4.19769E-1 4.25391E-1 4.21723E-1 4.25495E-1 4.27692E-1 4.2605E-1 4.26944E-1 4.30135E-1 4.32243E-1 4.38285E-1 4.41601E-1 4.45102E-1 4.48831E-1 4.49304E-1 4.5919E-1 4.72141E-1 4.84121E-1 4.87027E-1 4.89538E-1 4.91746E-1 4.93715E-1 4.96735E-1 5.01569E-1 5.09919E-1 5.2291E-1 5.31476E-1 5.38522E-1 5.41898E-1 5.5293E-1 5.56515E-1 5.62681E-1 5.7004E-1 5.77668E-1
3.74342E-1 3.9576E-1 4.00531E-1 3.8924E-1 3.70302E-1 3.88126E-1 3.88688E-1 3.86651E-1 3.92652E-1 3.94148E-1 3.94114E-1 3.99448E-1 4.14802E-1 4.1706E-1 4.19023E-1 4.20606E-1 4.0983E-1 4.0609E-1 4.09945E-1 4.01782E-1 3.99627E-1 3.90301E-1 4.10687E-1 4.12147E-1 4.17457E-1 4.1725E-1 4.09904E-1 4.12777E-1 4.31699E-1 4.24206E-1 4.17993E-1 4.21603E-1 4.28273E-1 4.3622E-1 4.32605E-1 4.28585E-1 4.26863E-1 4.31256E-1 4.38891E-1 4.45127E-1 4.50523E-1 4.55114E-1 4.62929E-1 4.7179E-1 4.84164E-1 4.90194E-1 4.90282E-1 4.90652E-1 4.92526E-1 4.9614E-1 5.00408E-1 5.09138E-1 5.25464E-1 5.35694E-1 5.44703E-1 5.50559E-1 5.571E-1 5.61175E-1 5.66944E-1 5.74706E-1 5.78723E-1
3.61012E-1 3.79361E-1 4.06969E-1 3.90716E-1 3.84532E-1 3.78602E-1 3.78916E-1 3.82655E-1 3.92501E-1 4.00181E-1 4.01802E-1 3.96681E-1 4.11029E-1 4.13368E-1 4.12891E-1 4.17485E-1 4.0725E-1 4.10177E-1 4.2166E-1 4.11391E-1 4.07592E-1 4.03895E-1 3.99344E-1 4.12706E-1 4.23581E-1 4.34541E-1 4.28114E-1 4.2907E-1 4.23086E-1 4.24999E-1 4.23683E-1 4.27753E-1 4.31965E-1 4.42381E-1 4.42366E-1 4.38919E-1 4.36068E-1 4.37937E-1 4.40896E-1 4.47434E-1 4.53454E-1 4.58882E-1 4.67429E-1 4.72809E-1 4.80323E-1 4.8909E-1 4.96649E-1 4.95695E-1 4.95793E-1 4.98266E-1 5.03486E-1 5.10112E-1 5.21836E-1 5.33068E-1 5.49388E-1 5.58132E-1 5.64063E-1 5.70749E-1 5.7356E-1 5.75083E-1 5.79755E-1
3.54713E-1 3.89588E-1 4.01506E-1 4.01055E-1 3.86832E-1 3.8106E-1 3.88488E-1 3.86774E-1 3.88606E-1 3.91943E-1 3.90767E-1 3.91142E-1 4.02893E-1 4.01903E-1 4.003E-1 4.06538E-1 3.96471E-1 4.14281E-1 4.1185E-1 4.10114E-1 4.16941E-1 4.0857E-1 4.0387E-1 4.10028E-1 4.15428E-1 4.30982E-1 4.36407E-1 4.40799E-1 4.36829E-1 4.18817E-1 4.15181E-1 4.30125E-1 4.22372E-1 4.213E-1 4.48058E-1 4.53499E-1 4.47497E-1 4.40751E-1 4.4135E-1 4.47329E-1 4.53611E-1 4.59333E-1 4.65798E-1 4.6759E-1 4.73398E-1 4.831E-1 4.94817E-1 5.03887E-1 5.02867E-1 5.0424E-1 5.08064E-1 5.16153E-1 5.29806E-1 5.41662E-1 5.52194E-1 5.66682E-1 5.76607E-1 5.81632E-1 5.78641E-1 5.78741E-1 5.80727E-1
3.55954E-1 3.98901E-1 3.87109E-1 3.86092E-1 3.95203E-1 3.86501E-1 3.731E-1 3.82735E-1 3.81938E-1 3.84956E-1 3.87978E-1 3.95612E-1 4.00829E-1 3.9268E-1 3.88868E-1 3.98943E-1 4.02239E-1 4.05737E-1 4.08826E-1 4.18191E-1 4.2457E-1 4.24891E-1 4.1986E-1 4.2113E-1 4.16307E-1 4.17716E-1 4.29059E-1 4.28736E-1 4.40052E-1 4.30461E-1 4.04925E-1 4.15119E-1 4.23181E-1 4.20554E-1 4.3478E-1 4.52195E-1 4.48522E-1 4.44189E-1 4.47122E-1 4.5243E-1 4.58006E-1 4.60178E-1 4.63966E-1 4.70744E-1 4.76966E-1 4.85987E-1 4.95741E-1 5.02656E-1 5.05256E-1 5.08641E-1 5.14298E-1 5.24394E-1 5.39448E-1 5.50837E-1 5.64246E-1 5.73688E-1 5.82675E-1 5.78614E-1 5.77451E-1 5.77071E-1 5.83837E-1
3.61469E-1 4.01418E-1 3.92706E-1 3.80852E-1 3.8954E-1 3.92266E-1 3.72024E-1 3.61707E-1 3.74948E-1 3.8362E-1 3.84238E-1 3.90882E-1 3.92799E-1 3.88038E-1 3.84498E-1 3.86557E-1 3.99583E-1 4.01433E-1 3.99465E-1 4.00145E-1 4.13751E-1 4.21016E-1 4.24772E-1 4.2242E-1 4.22807E-1 4.18279E-1 4.22572E-1 4.17542E-1 4.36716E-1 4.38558E-1 4.17461E-1 4.08389E-1 4.2398E-1 4.23749E-1 4.3523E-1 4.50786E-1 4.44112E-1 4.51899E-1 4.56544E-1 4.54485E-1 4.55005E-1 4.63323E-1 4.71213E-1 4.78982E-1 4.82925E-1 4.90072E-1 4.97782E-1 5.05193E-1 5.06255E-1 5.10854E-1 5.18414E-1 5.30303E-1 5.45298E-1 5.59701E-1 5.74888E-1 5.8441E-1 5.86549E-1 5.83565E-1 5.81407E-1 5.83001E-1 5.92167E-1
3.59052E-1 3.90756E-1 3.95964E-1 3.81974E-1 3.91083E-1 3.84925E-1 3.55021E-1 3.43565E-1 3.602E-1 3.80442E-1 3.84104E-1 3.88537E-1 3.81796E-1 3.8427E-1 3.85372E-1 3.904E-1 4.01039E-1 4.01492E-1 3.75081E-1 3.63406E-1 3.84524E-1 4.05009E-1 4.13898E-1 4.19058E-1 4.15678E-1 4.20476E-1 4.21563E-1 4.15521E-1 4.31876E-1 4.36435E-1 4.32214E-1 4.15742E-1 4.17344E-1 4.20061E-1 4.31003E-1 4.43868E-1 4.49151E-1 4.53082E-1 4.42788E-1 4.45472E-1 4.58159E-1 4.6591E-1 4.76949E-1 4.86799E-1 4.95702E-1 4.99991E-1 5.04341E-1 5.07409E-1 5.09403E-1 5.15489E-1 5.26506E-1 5.40387E-1 5.53983E-1 5.67674E-1 5.80823E-1 5.88155E-1 5.90971E-1 5.90163E-1 5.9047E-1 5.90437E-1 5.96098E-1
3.51717E-1 3.83402E-1 3.99609E-1 3.73633E-1 3.73271E-1 3.75685E-1 3.6316E-1 3.48317E-1 3.3848E-1 3.63894E-1 3.64834E-1 3.86992E-1 3.78674E-1 3.82127E-1 3.88061E-1 3.93902E-1 4.07933E-1 3.97537E-1 3.77324E-1 3.59328E-1 3.65253E-1 3.97592E-1 4.01236E-1 4.08088E-1 4.13634E-1 4.15605E-1 4.20689E-1 4.10536E-1 4.21292E-1 4.3956E-1 4.37606E-1 4.22237E-1 4.22025E-1 4.31621E-1 4.37982E-1 4.45493E-1 4.48894E-1 4.56688E-1 4.58108E-1 4.64499E-1 4.72531E-1 4.83578E-1 4.92544E-1 5.05555E-1 5.06798E-1 5.05627E-1 5.12488E-1 5.1015E-1 5.18303E-1 5.29122E-1 5.39825E-1 5.56206E-1 5.66963E-1 5.77449E-1 5.91029E-1 5.96199E-1 5.97939E-1 6.0104E-1 6.05078E-1 6.02894E-1 6.03107E-1
3.46526E-1 3.71657E-1 3.86134E-1 3.79366E-1 3.71678E-1 3.64581E-1 3.63853E-1 3.28973E-1 3.14345E-1 3.50573E-1 3.42871E-1 3.42693E-1 3.78271E-1 3.82622E-1 3.83765E-1 4.00644E-1 4.01245E-1 3.94378E-1 3.7996E-1 3.65758E-1 3.78155E-1 3.8341E-1 3.93577E-1 4.01206E-1 4.11287E-1 4.06506E-1 4.04881E-1 4.09909E-1 4.13334E-1 4.38383E-1 4.44275E-1 4.36991E-1 4.31776E-1 4.41736E-1 4.50527E-1 4.51713E-1 4.49899E-1 4.59718E-1 4.73987E-1 4.80383E-1 4.87192E-1 4.96074E-1 5.03939E-1 5.16251E-1 5.21405E-1 5.1952E-1 5.22284E-1 5.2552E-1 5.35983E-1 5.45064E-1 5.52787E-1 5.69143E-1 5.80867E-1 5.89798E-1 5.98067E-1 6.04631E-1 6.09186E-1 6.18665E-1 6.21069E-1 6.18769E-1 6.15542E-1
3.45738E-1 3.51448E-1 3.80798E-1 3.74939E-1 3.76935E-1 3.54591E-1 3.51381E-1 3.27735E-1 3.07908E-1 3.30632E-1 3.34434E-1 3.23629E-1 3.49223E-1 3.75987E-1 3.62935E-1 3.85657E-1 3.77367E-1 3.87902E-1 3.82803E-1 3.70319E-1 3.75611E-1 3.73545E-1 3.87884E-1 4.00892E-1 4.0426E-1 3.99422E-1 3.85268E-1 4.09108E-1 4.17241E-1 4.30391E-1 4.41645E-1 4.54744E-1 4.5324E-1 4.51962E-1 4.53657E-1 4.49383E-1 4.55697E-1 4.69291E-1 4.85569E-1 4.92114E-1 5.0089E-1 5.14822E-1 5.26327E-1 5.2922E-1 5.28608E-1 5.28243E-1 5.34222E-1 5.41416E-1 5.53192E-1 5.6538E-1 5.69361E-1 5.77245E-1 5.89283E-1 5.95889E-1 6.06832E-1 6.16412E-1 6.2277E-1 6.32968E-1 6.3643E-1 6.37467E-1 6.37999E-1
3.5292E-1 3.46397E-1 3.70727E-1 3.70616E-1 3.73975E-1 3.76199E-1 3.49715E-1 3.07578E-1 3.17122E-1 3.03568E-1 3.07836E-1 3.17187E-1 3.23367E-1 3.67213E-1 3.47992E-1 3.68867E-1 3.4473E-1 3.54382E-1 3.76667E-1 3.78511E-1 3.74906E-1 3.79435E-1 3.94824E-1 4.04411E-1 3.97587E-1 3.92616E-1 3.92376E-1 4.12899E-1 4.23052E-1 4.31837E-1 4.32689E-1 4.5725E-1 4.70379E-1 4.68288E-1 4.52819E-1 4.62046E-1 4.71157E-1 4.8029E-1 4.93153E-1 5.01646E-1 5.20765E-1 5.33094E-1 5.23789E-1 5.23055E-1 5.29484E-1 5.22029E-1 5.28473E-1 5.41345E-1 5.55072E-1 5.67034E-1 5.87427E-1 5.90674E-1 5.99831E-1 6.04882E-1 6.19056E-1 6.25489E-1 6.30026E-1 6.41235E-1 6.43043E-1 6.4658E-1 6.45946E-1
3.60194E-1 3.4067E-1 3.73293E-1 3.74411E-1 3.78524E-1 3.72281E-1 3.49963E-1 3.41102E-1 3.25216E-1 2.97243E-1 2.97518E-1 3.01166E-1 3.10707E-1 3.59766E-1 3.43486E-1 3.48295E-1 3.3311E-1 3.26045E-1 3.47337E-1 3.82076E-1 3.78951E-1 3.9254E-1 4.0252E-1 4.11534E-1 4.05647E-1 3.96391E-1 4.00237E-1 4.14238E-1 4.28798E-1 4.3436E-1 4.36716E-1 4.55775E-1 4.72891E-1 4.81909E-1 4.66596E-1 4.77564E-1 4.87209E-1 4.96258E-1 5.00794E-1 5.07584E-1 5.24696E-1 5.33254E-1 5.19081E-1 5.21444E-1 5.24088E-1 5.36955E-1 5.32287E-1 5.41E-1 5.51387E-1 5.62139E-1 5.75406E-1 5.91655E-1 6.01494E-1 6.09529E-1 6.21582E-1 6.23522E-1 6.28468E-1 6.41853E-1 6.48148E-1 6.42284E-1 6.41774E-1
3.69563E-1 3.53839E-1 3.76285E-1 3.54652E-1 3.63435E-1 3.50064E-1 3.51314E-1 3.21791E-1 3.09583E-1 2.94466E-1 2.91472E-1 2.98049E-1 3.09831E-1 3.54034E-1 3.40044E-1 3.36437E-1 3.31535E-1 3.24237E-1 3.2494E-1 3.70859E-1 3.74239E-1 3.94923E-1 4.04773E-1 4.08873E-1 4.07607E-1 4.04038E-1 4.16241E-1 4.2927E-1 4.32842E-1 4.28806E-1 4.27501E-1 4.41607E-1 4.54986E-1 4.60988E-1 4.82804E-1 4.91177E-1 4.98055E-1 5.08059E-1 4.98378E-1 5.27128E-1 5.38013E-1 5.0684E-1 5.03512E-1 5.0617E-1 5.02812E-1 5.09452E-1 5.27837E-1 5.42007E-1 5.47044E-1 5.51543E-1 5.57466E-1 5.71319E-1 5.94684E-1 6.06169E-1 6.18176E-1 6.21661E-1 6.29555E-1 6.40287E-1 6.40077E-1 6.4042E-1 6.38728E-1
3.61671E-1 3.73222E-1 3.75837E-1 3.43444E-1 3.33152E-1 3.56312E-1 3.42299E-1 3.18521E-1 3.16354E-1 2.92809E-1 3.04978E-1 3.06914E-1 3.25423E-1 3.4879E-1 3.3557E-1 3.3543E-1 3.30225E-1 3.22004E-1 3.22379E-1 3.63937E-1 3.73933E-1 3.87985E-1 4.09284E-1 4.12126E-1 4.07421E-1 4.09226E-1 4.26024E-1 4.25262E-1 4.20929E-1 4.13761E-1 4.19995E-1 4.34496E-1 4.36675E-1 4.33075E-1 4.6739E-1 4.87127E-1 4.99498E-1 5.20489E-1 5.28168E-1 5.33114E-1 5.26098E-1 4.92701E-1 4.7326E-1 4.95505E-1 4.85654E-1 4.77958E-1 5.05422E-1 5.32318E-1 5.4046E-1 5.46756E-1 5.43187E-1 5.52713E-1 5.74201E-1 5.97165E-1 6.15576E-1 6.20602E-1 6.33743E-1 6.43521E-1 6.3927E-1 6.38121E-1 6.40277E-1
3.62759E-1 3.4279E-1 3.45766E-1 3.36807E-1 3.18254E-1 3.46006E-1 3.29078E-1 3.1414E-1 2.85012E-1 2.98656E-1 3.02278E-1 3.10413E-1 3.2657E-1 3.43227E-1 3.36738E-1 3.34961E-1 3.24968E-1 3.13583E-1 3.11743E-1 3.46481E-1 3.73401E-1 3.87924E-1 4.23669E-1 4.16847E-1 4.17525E-1 4.21754E-1 4.29226E-1 4.16898E-1 4.15203E-1 4.14335E-1 4.22542E-1 4.31695E-1 4.26231E-1 4.26676E-1 4.58649E-1 4.78938E-1 4.97795E-1 5.1803E-1 5.25297E-1 5.14662E-1 5.07625E-1 5.00355E-1 4.66467E-1 4.81316E-1 4.77175E-1 4.81364E-1 5.05811E-1 5.17762E-1 5.28258E-1 5.32816E-1 5.29728E-1 5.34604E-1 5.58749E-1 5.86048E-1 6.13869E-1 6.19484E-1 6.31385E-1 6.34836E-1 6.36072E-1 6.39657E-1 6.40892E-1
3.84069E-1 3.27749E-1 3.22673E-1 3.22155E-1 2.93359E-1 3.19276E-1 2.96685E-1 2.91282E-1 2.63428E-1 2.96585E-1 3.06835E-1 3.0704E-1 3.19313E-1 3.25565E-1 3.41616E-1 3.41333E-1 3.40029E-1 3.28131E-1 3.20095E-1 3.34317E-1 3.64847E-1 3.98232E-1 4.19196E-1 4.24328E-1 4.25303E-1 4.24998E-1 4.13695E-1 4.08547E-1 4.17893E-1 4.20553E-1 4.22769E-1 4.29554E-1 4.34246E-1 4.27596E-1 4.41036E-1 4.58019E-1 4.8514E-1 5.07918E-1 5.13283E-1 5.13457E-1 4.98245E-1 4.82738E-1 4.80713E-1 4.85612E-1 5.01131E-1 4.97411E-1 5.12216E-1 5.13458E-1 5.16728E-1 5.16739E-1 5.11011E-1 5.21171E-1 5.46123E-1 5.74266E-1 6.10079E-1 6.19851E-1 6.32742E-1 6.34683E-1 6.40624E-1 6.43493E-1 6.47515E-1
3.96598E-1 3.46088E-1 3.15742E-1 3.18669E-1 2.80507E-1 2.9505E-1 2.65645E-1 2.71165E-1 2.59094E-1 2.68905E-1 2.99306E-1 3.06231E-1 3.15382E-1 3.31313E-1 3.26219E-1 3.3451E-1 3.40192E-1 3.44935E-1 3.37394E-1 3.27564E-1 3.56211E-1 3.86052E-1 3.85787E-1 4.2018E-1 4.20808E-1 4.20296E-1 4.1427E-1 4.06473E-1 4.07471E-1 4.13537E-1 4.14658E-1 4.18766E-1 4.30372E-1 4.38748E-1 4.41178E-1 4.47989E-1 4.61424E-1 4.93373E-1 4.96791E-1 5.02636E-1 5.03824E-1 4.91393E-1 4.69145E-1 4.65187E-1 4.85025E-1 5.13101E-1 5.13783E-1 5.08866E-1 5.00275E-1 4.90222E-1 4.8388E-1 5.04674E-1 5.30347E-1 5.57155E-1 5.8985E-1 6.09899E-1 6.19415E-1 6.34961E-1 6.40453E-1 6.48327E-1 6.5258E-1
4.06672E-1 3.56036E-1 3.47513E-1 3.0781E-1 2.64708E-1 2.81692E-1 2.67609E-1 2.63828E-1 2.59799E-1 2.64457E-1 2.91391E-1 3.13695E-1 3.125E-1 3.26159E-1 3.25242E-1 3.21871E-1 3.31835E-1 3.36599E-1 3.34916E-1 3.48558E-1 3.49929E-1 3.49826E-1 3.87895E-1 4.15315E-1 4.25098E-1 4.26023E-1 4.22171E-1 4.21173E-1 4.07842E-1 3.98407E-1 3.99454E-1 4.11149E-1 4.23378E-1 4.42781E-1 4.53166E-1 4.5555E-1 4.68447E-1 4.80416E-1 4.87127E-1 4.90364E-1 5.05742E-1 5.036E-1 4.71445E-1 4.6728E-1 4.74365E-1 5.01636E-1 5.13762E-1 5.01264E-1 4.91655E-1 4.766E-1 4.65008E-1 4.91908E-1 5.17055E-1 5.39213E-1 5.62464E-1 5.81205E-1 6.00604E-1 6.20579E-1 6.36649E-1 6.48014E-1 6.53733E-1
4.06872E-1 3.86816E-1 3.68063E-1 2.98308E-1 2.88214E-1 2.74031E-1 3.19896E-1 3.03998E-1 2.55052E-1 2.65429E-1 2.86561E-1 2.97211E-1 3.01143E-1 3.19311E-1 3.15513E-1 3.13419E-1 3.1817E-1 3.4366E-1 3.48446E-1 3.48875E-1 3.59111E-1 3.59329E-1 3.88742E-1 4.12426E-1 4.32317E-1 4.31342E-1 4.37995E-1 4.25563E-1 4.27068E-1 4.09229E-1 4.0445E-1 4.13035E-1 4.28719E-1 4.42759E-1 4.58206E-1 4.60006E-1 4.69695E-1 4.78069E-1 4.93719E-1 4.65676E-1 4.99073E-1 4.96771E-1 4.89915E-1 4.70168E-1 4.85816E-1 5.00004E-1 5.11115E-1 5.08486E-1 5.01211E-1 4.97533E-1 4.90264E-1 4.97972E-1 5.15367E-1 5.32792E-1 5.49734E-1 5.64599E-1 5.85351E-1 6.06391E-1 6.26858E-1 6.42521E-1 6.46388E-1
4.19567E-1 3.87562E-1 3.67399E-1 3.17685E-1 3.12533E-1 3.46827E-1 3.57177E-1 3.62912E-1 2.94941E-1 2.8246E-1 2.91953E-1 2.93994E-1 2.98089E-1 3.07111E-1 3.0598E-1 3.07256E-1 3.10277E-1 3.38938E-1 3.41372E-1 3.493E-1 3.60555E-1 3.65597E-1 3.9089E-1 4.2541E-1 4.325E-1 4.28186E-1 4.37743E-1 4.31517E-1 4.36915E-1 4.30038E-1 4.27975E-1 4.32459E-1 4.35881E-1 4.53774E-1 4.61499E-1 4.69364E-1 4.78218E-1 4.86564E-1 5.06344E-1 4.80316E-1 4.76611E-1 4.83631E-1 4.85924E-1 4.87182E-1 4.92619E-1 5.07275E-1 5.16367E-1 5.13171E-1 5.19368E-1 5.32662E-1 5.31912E-1 5.31349E-1 5.28791E-1 5.40496E-1 5.54153E-1 5.65552E-1 5.85119E-1 5.97827E-1 6.13941E-1 6.26228E-1 6.35071E-1
4.13035E-1 3.79709E-1 3.65331E-1 3.45976E-1 3.41241E-1 3.77129E-1 3.5697E-1 3.65555E-1 3.1554E-1 3.19171E-1 3.18219E-1 3.00986E-1 3.00818E-1 2.97991E-1 3.05912E-1 3.05784E-1 3.19221E-1 3.39415E-1 3.39118E-1 3.48428E-1 3.59344E-1 3.73898E-1 4.0248E-1 4.15649E-1 4.18209E-1 4.24611E-1 4.32453E-1 4.35173E-1 4.37871E-1 4.36906E-1 4.37308E-1 4.33537E-1 4.21201E-1 4.44969E-1 4.59344E-1 4.63389E-1 4.7918E-1 4.94811E-1 5.11187E-1 5.04687E-1 4.98901E-1 4.77615E-1 4.89048E-1 4.87323E-1 4.90539E-1 4.98094E-1 5.08346E-1 5.28123E-1 5.42353E-1 5.61618E-1 5.65192E-1 5.60745E-1 5.60023E-1 5.58779E-1 5.73539E-1 5.75719E-1 5.87493E-1 5.93844E-1 6.01609E-1 6.13221E-1 6.24295E-1
4.11785E-1 3.8763E-1 3.67989E-1 3.66889E-1 3.67672E-1 3.68458E-1 3.07275E-1 3.2693E-1 3.31114E-1 3.33575E-1 3.23311E-1 3.1389E-1 3.14231E-1 3.08422E-1 3.10499E-1 3.1104E-1 3.06649E-1 3.32548E-1 3.36818E-1 3.3957E-1 3.61731E-1 3.70469E-1 3.80555E-1 4.02367E-1 4.14265E-1 4.1502E-1 4.28133E-1 4.33474E-1 4.28377E-1 4.34663E-1 4.31137E-1 4.27206E-1 4.16418E-1 4.34497E-1 4.55118E-1 4.71665E-1 4.76048E-1 4.99554E-1 5.02387E-1 5.04576E-1 5.06256E-1 4.74061E-1 4.82342E-1 4.95644E-1 4.89879E-1 4.99397E-1 5.07842E-1 5.17338E-1 5.33549E-1 5.59735E-1 5.68713E-1 5.70956E-1 5.76161E-1 5.826E-1 5.86781E-1 5.85462E-1 5.94273E-1 5.98707E-1 5.97276E-1 6.08437E-1 6.20294E-1
4.29779E-1 4.00296E-1 3.86316E-1 3.76992E-1 3.86592E-1 3.60699E-1 3.45757E-1 3.69742E-1 3.19856E-1 3.08551E-1 3.17528E-1 3.3271E-1 3.19911E-1 3.13782E-1 3.15545E-1 3.12616E-1 3.21936E-1 3.41943E-1 3.48933E-1 3.44528E-1 3.56191E-1 3.64138E-1 4.01247E-1 4.19022E-1 4.30859E-1 4.3196E-1 4.19947E-1 4.2792E-1 4.33287E-1 4.36292E-1 4.15147E-1 4.17089E-1 4.35075E-1 4.4483E-1 4.4956E-1 4.76879E-1 4.79295E-1 4.94232E-1 5.01216E-1 4.99805E-1 5.02488E-1 4.71605E-1 4.71002E-1 4.97341E-1 4.9642E-1 5.0162E-1 5.16593E-1 5.25044E-1 5.43854E-1 5.60853E-1 5.69113E-1 5.75525E-1 5.80003E-1 5.871E-1 5.88503E-1 5.86503E-1 5.96575E-1 6.1105E-1 6.20612E-1 6.24945E-1 6.27929E-1
4.51455E-1 4.22173E-1 4.10501E-1 4.15816E-1 4.06459E-1 3.80766E-1 3.60718E-1 3.65379E-1 3.28512E-1 3.05071E-1 3.1486E-1 3.34137E-1 3.24825E-1 3.17978E-1 3.07402E-1 3.02004E-1 3.14551E-1 3.39793E-1 3.36443E-1 3.62663E-1 3.79459E-1 3.93825E-1 4.04057E-1 4.08099E-1 4.10508E-1 4.18587E-1 4.09824E-1 4.18316E-1 4.32658E-1 4.25786E-1 4.21311E-1 4.17418E-1 4.433E-1 4.41552E-1 4.69802E-1 4.72749E-1 4.82375E-1 5.07582E-1 5.04191E-1 5.02825E-1 5.05932E-1 4.86899E-1 4.6159E-1 5.05671E-1 5.15416E-1 5.06789E-1 5.1067E-1 5.3495E-1 5.4884E-1 5.62272E-1 5.69674E-1 5.72664E-1 5.72935E-1 5.79298E-1 5.81077E-1 5.7631E-1 5.90632E-1 6.17949E-1 6.29288E-1 6.24077E-1 6.33885E-1
4.80147E-1 4.62825E-1 4.52916E-1 4.59155E-1 4.3654E-1 3.76376E-1 3.22218E-1 3.60376E-1 3.14555E-1 2.94404E-1 3.49127E-1 3.24959E-1 3.16684E-1 3.08203E-1 3.02505E-1 3.01149E-1 3.07424E-1 3.224E-1 3.13989E-1 3.58816E-1 3.71337E-1 3.70876E-1 3.87948E-1 3.73794E-1 3.83365E-1 3.95819E-1 4.06485E-1 4.08215E-1 4.19119E-1 4.26199E-1 4.13819E-1 4.22936E-1 4.37452E-1 4.18783E-1 4.69867E-1 4.60787E-1 4.86671E-1 5.12305E-1 5.04534E-1 5.10268E-1 5.14534E-1 4.99149E-1 4.74039E-1 5.12342E-1 5.20808E-1 5.09715E-1 5.16495E-1 5.44817E-1 5.50452E-1 5.5989E-1 5.67905E-1 5.67083E-1 5.59034E-1 5.53358E-1 5.5175E-1 5.47312E-1 5.77295E-1 6.1521E-1 6.3342E-1 6.29603E-1 6.3474E-1
4.95634E-1 4.84228E-1 4.74255E-1 4.56523E-1 4.40787E-1 3.9375E-1 3.58517E-1 3.68062E-1 3.45989E-1 3.25941E-1 3.61885E-1 3.64991E-1 3.25445E-1 3.05871E-1 2.94109E-1 2.94844E-1 2.96032E-1 3.00932E-1 3.06286E-1 3.48975E-1 3.54074E-1 3.4125E-1 3.64174E-1 3.63193E-1 3.72616E-1 3.8684E-1 4.05463E-1 4.09748E-1 4.16694E-1 4.18041E-1 4.17432E-1 4.32737E-1 4.36826E-1 4.59594E-1 4.84096E-1 4.96353E-1 5.09687E-1 5.07261E-1 5.05138E-1 5.09248E-1 5.09881E-1 5.00995E-1 4.76354E-1 4.83316E-1 5.23082E-1 5.34544E-1 5.37592E-1 5.59779E-1 5.56035E-1 5.56431E-1 5.59451E-1 5.56068E-1 5.48949E-1 5.39434E-1 5.3493E-1 5.32211E-1 5.61539E-1 6.02033E-1 6.25465E-1 6.32184E-1 6.33082E-1
