maxent_outputs/bumblebees/bombus_104.asc
ncols         426
nrows         180
xllcorner     -130.0
yllcorner     24.0
cellsize      0.16666666666666666
NODATA_value  -9999
[rows 0 to 26 of 180, columns 122 to 182 of 426]
2.37575E-1 2.34303E-1 2.37788E-1 2.20144E-1 2.15353E-1 2.25195E-1 2.32701E-1 2.366E-1 2.33623E-1 2.29457E-1 2.22314E-1 2.20438E-1 2.22454E-1 2.24525E-1 2.25214E-1 2.22959E-1 2.28056E-1 2.23068E-1 2.18225E-1 2.18546E-1 2.28848E-1 2.26249E-1 2.20959E-1 2.23641E-1 2.13291E-1 2.1464E-1 2.11519E-1 2.06609E-1 2.07001E-1 2.08936E-1 2.12104E-1 2.15523E-1 2.18931E-1 2.19664E-1 2.21482E-1 2.22562E-1 2.24524E-1 2.31632E-1 2.35702E-1 2.3803E-1 2.41578E-1 2.43015E-1 2.42411E-1 2.43524E-1 2.43742E-1 2.41924E-1 2.38656E-1 2.40609E-1 2.4351E-1 2.42079E-1 2.3524E-1 2.39045E-1 2.3784E-1 2.33573E-1 2.39271E-1 2.50306E-1 2.59142E-1 2.46554E-1 2.51581E-1 2.57712E-1 2.37043E-1
2.21905E-1 2.17452E-1 2.13504E-1 2.09617E-1 2.09989E-1 2.12056E-1 2.12754E-1 2.14592E-1 2.29382E-1 2.37748E-1 2.27888E-1 2.21121E-1 2.13598E-1 2.21871E-1 2.3076E-1 2.2295E-1 2.19843E-1 2.19386E-1 2.19022E-1 2.14451E-1 2.24204E-1 2.25509E-1 2.24628E-1 2.20265E-1 2.16308E-1 2.20194E-1 2.22838E-1 2.13952E-1 2.15959E-1 2.17744E-1 2.19076E-1 2.26338E-1 2.27998E-1 2.35254E-1 2.30309E-1 2.25956E-1 2.29663E-1 2.35538E-1 2.3712E-1 2.42507E-1 2.4504E-1 2.44572E-1 2.43294E-1 2.40414E-1 2.4228E-1 2.46752E-1 2.44941E-1 2.43786E-1 2.35831E-1 2.2256E-1 2.25325E-1 2.41409E-1 2.46555E-1 2.44461E-1 2.44697E-1 2.46522E-1 2.66819E-1 2.59889E-1 2.42501E-1 2.40452E-1 2.34508E-1
2.12505E-1 2.10657E-1 2.05132E-1 2.04508E-1 2.12974E-1 2.1093E-1 2.1771E-1 2.13739E-1 2.17234E-1 2.19779E-1 2.31034E-1 2.20432E-1 2.11061E-1 2.12502E-1 2.22975E-1 2.23864E-1 2.186E-1 2.16775E-1 2.1772E-1 2.20688E-1 2.20442E-1 2.24619E-1 2.235E-1 2.20829E-1 2.10749E-1 2.13472E-1 2.14701E-1 2.18275E-1 2.18974E-1 2.21902E-1 2.17886E-1 2.18146E-1 2.19854E-1 2.2224E-1 2.25776E-1 2.39017E-1 2.45023E-1 2.45557E-1 2.3551E-1 2.43956E-1 2.48296E-1 2.5144E-1 2.44534E-1 2.45249E-1 2.41157E-1 2.54655E-1 2.49977E-1 2.43092E-1 2.40335E-1 2.34857E-1 2.36704E-1 2.44709E-1 2.47302E-1 2.4827E-1 2.51404E-1 2.5273E-1 2.59991E-1 2.53937E-1 2.47887E-1 2.37772E-1 2.35752E-1
2.22694E-1 2.15972E-1 2.1097E-1 2.07482E-1 2.06061E-1 2.09386E-1 2.07124E-1 2.05534E-1 2.09118E-1 2.07966E-1 2.15663E-1 2.19689E-1 2.22659E-1 2.13095E-1 2.14932E-1 2.19965E-1 2.18732E-1 2.1635E-1 2.15828E-1 2.17995E-1 2.19596E-1 2.20415E-1 2.16522E-1 2.13643E-1 2.1222E-1 2.07563E-1 2.06284E-1 2.11506E-1 2.1564E-1 2.22476E-1 2.22487E-1 2.22659E-1 2.27297E-1 2.25579E-1 2.28982E-1 2.31225E-1 2.29465E-1 2.33271E-1 2.38495E-1 2.43002E-1 2.465E-1 2.47027E-1 2.29506E-1 2.07681E-1 2.11782E-1 2.44494E-1 2.40856E-1 2.35507E-1 2.34843E-1 2.3747E-1 2.36457E-1 2.37559E-1 2.51543E-1 2.66264E-1 2.71907E-1 2.76179E-1 2.77293E-1 2.77208E-1 2.51844E-1 2.41837E-1 2.40246E-1
2.24823E-1 2.2383E-1 2.18083E-1 2.17172E-1 2.12466E-1 2.1075E-1 2.10588E-1 2.09648E-1 2.10244E-1 2.07802E-1 2.04727E-1 2.06107E-1 2.10849E-1 2.17342E-1 2.20684E-1 2.24817E-1 2.24869E-1 2.20918E-1 2.21426E-1 2.22011E-1 2.23998E-1 2.23402E-1 2.24139E-1 2.22392E-1 2.18577E-1 2.14221E-1 2.16663E-1 2.21233E-1 2.2555E-1 2.31592E-1 2.3289E-1 2.34416E-1 2.37503E-1 2.28575E-1 2.23341E-1 2.26328E-1 2.31354E-1 2.37107E-1 2.40409E-1 2.43354E-1 2.35487E-1 2.21078E-1 2.04554E-1 1.96603E-1 2.28048E-1 2.45926E-1 2.35274E-1 2.33673E-1 2.37281E-1 2.41439E-1 2.428E-1 2.48162E-1 2.43417E-1 2.4369E-1 2.57252E-1 2.67923E-1 2.8646E-1 2.83836E-1 2.68976E-1 2.60261E-1 2.58363E-1
2.3093E-1 2.33148E-1 2.32307E-1 2.28786E-1 2.27289E-1 2.21024E-1 2.14449E-1 2.30031E-1 2.16379E-1 2.081E-1 2.04131E-1 2.01953E-1 2.01736E-1 2.0805E-1 2.21637E-1 2.31661E-1 2.28333E-1 2.22783E-1 2.25448E-1 2.25776E-1 2.30566E-1 2.32107E-1 2.29128E-1 2.24721E-1 2.24045E-1 2.21549E-1 2.218E-1 2.2166E-1 2.22658E-1 2.23924E-1 2.27486E-1 2.27357E-1 2.34539E-1 2.34362E-1 2.27671E-1 2.2524E-1 2.2489E-1 2.29055E-1 2.31711E-1 2.23621E-1 2.15122E-1 2.09563E-1 2.12836E-1 2.26359E-1 2.49547E-1 2.47075E-1 2.36869E-1 2.38915E-1 2.52133E-1 2.55876E-1 2.52793E-1 2.75812E-1 2.7841E-1 2.7493E-1 2.8008E-1 2.76257E-1 2.75281E-1 2.71582E-1 2.65479E-1 2.4889E-1 2.53722E-1
2.38281E-1 2.413E-1 2.42232E-1 2.42021E-1 2.36053E-1 2.29564E-1 2.2357E-1 2.16888E-1 2.10054E-1 2.10117E-1 2.06813E-1 2.04149E-1 2.02756E-1 2.07277E-1 2.15477E-1 2.30936E-1 2.29114E-1 2.26444E-1 2.30491E-1 2.30969E-1 2.33686E-1 2.3676E-1 2.32844E-1 2.29938E-1 2.26253E-1 2.25803E-1 2.28505E-1 2.2882E-1 2.24158E-1 2.21637E-1 2.23283E-1 2.27975E-1 2.32742E-1 2.36372E-1 2.30293E-1 2.24708E-1 2.23805E-1 2.21852E-1 2.21752E-1 2.1958E-1 2.19142E-1 2.22235E-1 2.3197E-1 2.37456E-1 2.4521E-1 2.39152E-1 2.43282E-1 2.52537E-1 2.70045E-1 2.83656E-1 2.78949E-1 2.70712E-1 3.00058E-1 3.00375E-1 2.71408E-1 2.86959E-1 2.91081E-1 2.94203E-1 2.79153E-1 2.64913E-1 2.5093E-1
2.32713E-1 2.34247E-1 2.36392E-1 2.31882E-1 2.35128E-1 2.32307E-1 2.35214E-1 2.3062E-1 2.25395E-1 2.17409E-1 2.12582E-1 2.11282E-1 2.0806E-1 2.09458E-1 2.20064E-1 2.24311E-1 2.25579E-1 2.28409E-1 2.29975E-1 2.31554E-1 2.31423E-1 2.32882E-1 2.31024E-1 2.2943E-1 2.25942E-1 2.22852E-1 2.26652E-1 2.29174E-1 2.2789E-1 2.26554E-1 2.25606E-1 2.30337E-1 2.35754E-1 2.36023E-1 2.33363E-1 2.26003E-1 2.24996E-1 2.2877E-1 2.22884E-1 2.19702E-1 2.20109E-1 2.31092E-1 2.36971E-1 2.35399E-1 2.35992E-1 2.47202E-1 2.48584E-1 2.46747E-1 2.41837E-1 2.31492E-1 2.55129E-1 2.67175E-1 2.78866E-1 2.86555E-1 2.63408E-1 2.79499E-1 2.7042E-1 2.80048E-1 2.90554E-1 2.77688E-1 2.61221E-1
2.44216E-1 2.31447E-1 2.22662E-1 2.2099E-1 2.2597E-1 2.23557E-1 2.22506E-1 2.31547E-1 2.37445E-1 2.44366E-1 2.34235E-1 2.27808E-1 2.19581E-1 2.14635E-1 2.15717E-1 2.22133E-1 2.26605E-1 2.26731E-1 2.3022E-1 2.34634E-1 2.35843E-1 2.35866E-1 2.34961E-1 2.30458E-1 2.27476E-1 2.22716E-1 2.30559E-1 2.27726E-1 2.29265E-1 2.27092E-1 2.30828E-1 2.31903E-1 2.34165E-1 2.35519E-1 2.32502E-1 2.28776E-1 2.2496E-1 2.2865E-1 2.24589E-1 2.31463E-1 2.35255E-1 2.37043E-1 2.41667E-1 2.42541E-1 2.39911E-1 2.3121E-1 2.13691E-1 2.07016E-1 2.10484E-1 2.11613E-1 2.23894E-1 2.57047E-1 2.64051E-1 2.91365E-1 2.64189E-1 2.69916E-1 2.6364E-1 2.64346E-1 2.86879E-1 2.85555E-1 2.62056E-1
2.44807E-1 2.40238E-1 2.33163E-1 2.20666E-1 2.19105E-1 2.21473E-1 2.17517E-1 2.19447E-1 2.1979E-1 2.2305E-1 2.34631E-1 2.40719E-1 2.3347E-1 2.27503E-1 2.23643E-1 2.25973E-1 2.26614E-1 2.26252E-1 2.30202E-1 2.34255E-1 2.34902E-1 2.35473E-1 2.34406E-1 2.31449E-1 2.28039E-1 2.22005E-1 2.24379E-1 2.29011E-1 2.31384E-1 2.27191E-1 2.26925E-1 2.2727E-1 2.3196E-1 2.29989E-1 2.29929E-1 2.27651E-1 2.20613E-1 2.15366E-1 2.17115E-1 2.26202E-1 2.31268E-1 2.36895E-1 2.35845E-1 2.30995E-1 2.30664E-1 2.1938E-1 2.08918E-1 2.06442E-1 2.10735E-1 2.21057E-1 2.38568E-1 2.56768E-1 2.55972E-1 2.8522E-1 2.81681E-1 2.77681E-1 2.69002E-1 2.70581E-1 2.73407E-1 2.75447E-1 2.59113E-1
2.42546E-1 2.39603E-1 2.37841E-1 2.29896E-1 2.22906E-1 2.24315E-1 2.23117E-1 2.2166E-1 2.21479E-1 2.19712E-1 2.2394E-1 2.40902E-1 2.37127E-1 2.32794E-1 2.31689E-1 2.29615E-1 2.2883E-1 2.29291E-1 2.32078E-1 2.34794E-1 2.35302E-1 2.3485E-1 2.3373E-1 2.30329E-1 2.27409E-1 2.24942E-1 2.26139E-1 2.26518E-1 2.24568E-1 2.28296E-1 2.28779E-1 2.24434E-1 2.26655E-1 2.29408E-1 2.29449E-1 2.28722E-1 2.21579E-1 2.15721E-1 2.18325E-1 2.22849E-1 2.26191E-1 2.26882E-1 2.22399E-1 2.28948E-1 2.33138E-1 2.23334E-1 2.16881E-1 2.28253E-1 2.26475E-1 2.36268E-1 2.44793E-1 2.43257E-1 2.47823E-1 2.65239E-1 2.6402E-1 2.62872E-1 2.65091E-1 2.86326E-1 2.77532E-1 2.63442E-1 2.58487E-1
2.38776E-1 2.36736E-1 2.31795E-1 2.2352E-1 2.23443E-1 2.27674E-1 2.26934E-1 2.26641E-1 2.28597E-1 2.2665E-1 2.27025E-1 2.36674E-1 2.38637E-1 2.35107E-1 2.36189E-1 2.372E-1 2.34947E-1 2.36008E-1 2.33511E-1 2.33589E-1 2.34772E-1 2.3184E-1 2.3084E-1 2.2817E-1 2.25125E-1 2.21427E-1 2.2167E-1 2.23972E-1 2.23011E-1 2.26169E-1 2.28175E-1 2.281E-1 2.28036E-1 2.29366E-1 2.29643E-1 2.29183E-1 2.20446E-1 2.16552E-1 2.15161E-1 2.14374E-1 2.24061E-1 2.20712E-1 2.17442E-1 2.1536E-1 2.20568E-1 2.23644E-1 2.22913E-1 2.29231E-1 2.24734E-1 2.22096E-1 2.28152E-1 2.39877E-1 2.55321E-1 2.67562E-1 2.59282E-1 2.57677E-1 2.66221E-1 2.82734E-1 2.77728E-1 2.59497E-1 2.65168E-1
2.23112E-1 2.27693E-1 2.25104E-1 2.25231E-1 2.19934E-1 2.24522E-1 2.23303E-1 2.25164E-1 2.28991E-1 2.33469E-1 2.36131E-1 2.35634E-1 2.35849E-1 2.34462E-1 2.35605E-1 2.33251E-1 2.32238E-1 2.36604E-1 2.30757E-1 2.3583E-1 2.37932E-1 2.38042E-1 2.35884E-1 2.32415E-1 2.27032E-1 2.23112E-1 2.22285E-1 2.23824E-1 2.24849E-1 2.26805E-1 2.28379E-1 2.5028E-1 2.43166E-1 2.52219E-1 2.4479E-1 2.30533E-1 2.30336E-1 2.22555E-1 2.14691E-1 2.15992E-1 2.20181E-1 2.24503E-1 2.1959E-1 2.19531E-1 2.19897E-1 2.28154E-1 2.28817E-1 2.27429E-1 2.23918E-1 2.20847E-1 2.30002E-1 2.33266E-1 2.24754E-1 2.38479E-1 2.66227E-1 2.64849E-1 2.53007E-1 2.67982E-1 2.71636E-1 2.59062E-1 2.50627E-1
2.17739E-1 2.19977E-1 2.21257E-1 2.20402E-1 2.18763E-1 2.24357E-1 2.23401E-1 2.20181E-1 2.21274E-1 2.26147E-1 2.30864E-1 2.31218E-1 2.34735E-1 2.37288E-1 2.33325E-1 2.35033E-1 2.31485E-1 2.32108E-1 2.32789E-1 2.37748E-1 2.37946E-1 2.37246E-1 2.39318E-1 2.34693E-1 2.28183E-1 2.28189E-1 2.21526E-1 2.23961E-1 2.26816E-1 2.27956E-1 2.30447E-1 2.40701E-1 2.34832E-1 2.33638E-1 2.36801E-1 2.39692E-1 2.42557E-1 2.39359E-1 2.33672E-1 2.24264E-1 2.20465E-1 2.18545E-1 2.12535E-1 2.18086E-1 2.24738E-1 2.30744E-1 2.23447E-1 2.25243E-1 2.23165E-1 2.1979E-1 2.22938E-1 2.14009E-1 2.11628E-1 2.24975E-1 2.50654E-1 2.46846E-1 2.49322E-1 2.59211E-1 2.66819E-1 2.65712E-1 2.56061E-1
2.20282E-1 2.25465E-1 2.2165E-1 2.24751E-1 2.24369E-1 2.19388E-1 2.20868E-1 2.2929E-1 2.29207E-1 2.25474E-1 2.20557E-1 2.21055E-1 2.23949E-1 2.28399E-1 2.31669E-1 2.35895E-1 2.37644E-1 2.32499E-1 2.33002E-1 2.29725E-1 2.25436E-1 2.26494E-1 2.27978E-1 2.29293E-1 2.28757E-1 2.25716E-1 2.24531E-1 2.23973E-1 2.24381E-1 2.27799E-1 2.2478E-1 2.20335E-1 2.21557E-1 2.24973E-1 2.31755E-1 2.35867E-1 2.37397E-1 2.35674E-1 2.36151E-1 2.34735E-1 2.32399E-1 2.34874E-1 2.30795E-1 2.25806E-1 2.22461E-1 2.19638E-1 2.13929E-1 2.07886E-1 2.12941E-1 2.07584E-1 2.10778E-1 2.11311E-1 2.08037E-1 2.15912E-1 2.43343E-1 2.36873E-1 2.51263E-1 2.44768E-1 2.47113E-1 2.62302E-1 2.61818E-1
2.2746E-1 2.30268E-1 2.29464E-1 2.24774E-1 2.30872E-1 2.30527E-1 2.23215E-1 2.26093E-1 2.25675E-1 2.28174E-1 2.18097E-1 2.16258E-1 2.2002E-1 2.26382E-1 2.29212E-1 2.384E-1 2.40832E-1 2.33298E-1 2.34342E-1 2.3276E-1 2.26998E-1 2.25909E-1 2.22671E-1 2.18946E-1 2.27665E-1 2.29933E-1 2.28081E-1 2.23694E-1 2.24334E-1 2.21662E-1 2.16855E-1 2.14147E-1 2.19361E-1 2.22999E-1 2.24455E-1 2.28271E-1 2.29105E-1 2.28589E-1 2.28277E-1 2.32278E-1 2.36059E-1 2.30955E-1 2.33581E-1 2.30549E-1 2.21613E-1 2.25957E-1 2.17473E-1 2.1172E-1 1.94197E-1 1.91593E-1 1.96084E-1 2.1244E-1 2.14525E-1 2.20134E-1 2.38435E-1 2.30601E-1 2.34464E-1 2.36122E-1 2.58844E-1 2.51725E-1 2.41554E-1
2.28232E-1 2.29685E-1 2.34197E-1 2.28717E-1 2.27971E-1 2.29971E-1 2.23129E-1 2.22036E-1 2.25578E-1 2.2903E-1 2.28519E-1 2.27385E-1 2.26237E-1 2.23568E-1 2.2217E-1 2.3218E-1 2.43654E-1 2.37134E-1 2.32371E-1 2.34567E-1 2.27474E-1 2.30054E-1 2.29612E-1 2.22261E-1 2.2495E-1 2.29225E-1 2.39498E-1 2.27826E-1 2.27252E-1 2.22934E-1 2.17735E-1 2.13309E-1 2.16099E-1 2.20235E-1 2.21365E-1 2.24956E-1 2.25778E-1 2.23907E-1 2.2353E-1 2.26836E-1 2.33443E-1 2.36227E-1 2.30858E-1 2.27692E-1 2.18155E-1 2.19209E-1 2.17692E-1 2.1515E-1 2.10862E-1 2.02887E-1 2.01978E-1 2.11001E-1 2.2419E-1 2.27889E-1 2.28523E-1 2.28755E-1 2.32653E-1 2.43129E-1 2.62276E-1 2.80505E-1 2.53629E-1
2.28488E-1 2.2995E-1 2.31359E-1 2.34271E-1 2.39052E-1 2.33389E-1 2.26493E-1 2.22635E-1 2.26922E-1 2.32814E-1 2.31666E-1 2.32393E-1 2.23642E-1 2.21674E-1 2.26488E-1 2.3423E-1 2.4047E-1 2.44924E-1 2.40864E-1 2.3524E-1 2.32923E-1 2.32004E-1 2.34751E-1 2.29027E-1 2.26488E-1 2.29162E-1 2.38569E-1 2.30379E-1 2.27132E-1 2.27831E-1 2.23952E-1 2.19969E-1 2.17708E-1 2.19074E-1 2.18056E-1 2.21138E-1 2.22148E-1 2.25871E-1 2.27117E-1 2.27796E-1 2.2891E-1 2.31879E-1 2.29896E-1 2.29381E-1 2.20366E-1 2.18374E-1 2.2038E-1 2.18062E-1 2.18394E-1 2.17819E-1 2.08813E-1 2.13404E-1 2.21688E-1 2.22376E-1 2.26726E-1 2.30646E-1 2.35996E-1 2.43249E-1 2.51557E-1 2.65407E-1 2.60869E-1
2.36224E-1 2.34675E-1 2.32379E-1 2.30481E-1 2.37044E-1 2.42601E-1 2.41198E-1 2.35621E-1 2.35567E-1 2.32248E-1 2.269E-1 2.23461E-1 2.28219E-1 2.25978E-1 2.28679E-1 2.34512E-1 2.53432E-1 2.41513E-1 2.40854E-1 2.44345E-1 2.39071E-1 2.3635E-1 2.30997E-1 2.30519E-1 2.31335E-1 2.32202E-1 2.37204E-1 2.36225E-1 2.30715E-1 2.26768E-1 2.26519E-1 2.26417E-1 2.20561E-1 2.17605E-1 2.19638E-1 2.18653E-1 2.1946E-1 2.25831E-1 2.2855E-1 2.25983E-1 2.33307E-1 2.34091E-1 2.33406E-1 2.30903E-1 2.2821E-1 2.24635E-1 2.22667E-1 2.19174E-1 2.16109E-1 2.1438E-1 2.04842E-1 2.04211E-1 2.16615E-1 2.20641E-1 2.26533E-1 2.31619E-1 2.34741E-1 2.26623E-1 2.38657E-1 2.5694E-1 2.51894E-1
2.39417E-1 2.32725E-1 2.26953E-1 2.29349E-1 2.3155E-1 2.37618E-1 2.44796E-1 2.44962E-1 2.35716E-1 2.35549E-1 2.28632E-1 2.19348E-1 2.26241E-1 2.38718E-1 2.47733E-1 2.50105E-1 2.4721E-1 2.46961E-1 2.44335E-1 2.45021E-1 2.38858E-1 2.37436E-1 2.39398E-1 2.37617E-1 2.3753E-1 2.35826E-1 2.35974E-1 2.38632E-1 2.36359E-1 2.30497E-1 2.25923E-1 2.30325E-1 2.27787E-1 2.25374E-1 2.29016E-1 2.29594E-1 2.28892E-1 2.25046E-1 2.26873E-1 2.29695E-1 2.36875E-1 2.38087E-1 2.35595E-1 2.36058E-1 2.33615E-1 2.34001E-1 2.32454E-1 2.22129E-1 2.1853E-1 2.18662E-1 2.06839E-1 2.0366E-1 2.06229E-1 1.99093E-1 2.09564E-1 2.14571E-1 2.16187E-1 2.19733E-1 2.21589E-1 2.20409E-1 2.51644E-1
2.23576E-1 2.25646E-1 2.15024E-1 2.17781E-1 2.21883E-1 2.2732E-1 2.34224E-1 2.4045E-1 2.39629E-1 2.35797E-1 2.35098E-1 2.33284E-1 2.37075E-1 2.31552E-1 2.2305E-1 2.28522E-1 2.33494E-1 2.41397E-1 2.434E-1 2.41221E-1 2.41727E-1 2.38842E-1 2.39803E-1 2.37814E-1 2.33236E-1 2.39467E-1 2.39572E-1 2.3633E-1 2.33276E-1 2.27892E-1 2.18699E-1 2.15457E-1 2.16663E-1 2.17581E-1 2.18625E-1 2.24054E-1 2.31471E-1 2.3417E-1 2.36028E-1 2.385E-1 2.39362E-1 2.43893E-1 2.40518E-1 2.40846E-1 2.36262E-1 2.40324E-1 2.43604E-1 2.37569E-1 2.24878E-1 2.25022E-1 2.15247E-1 2.12735E-1 2.12543E-1 2.07923E-1 2.03225E-1 2.01746E-1 2.04423E-1 2.07257E-1 2.09445E-1 2.14463E-1 2.31047E-1
2.26436E-1 2.2366E-1 2.17241E-1 2.13586E-1 2.17182E-1 2.23361E-1 2.28101E-1 2.3292E-1 2.36219E-1 2.34301E-1 2.30851E-1 2.30137E-1 2.333E-1 2.29766E-1 2.27E-1 2.28728E-1 2.30639E-1 2.33935E-1 2.34481E-1 2.31568E-1 2.34933E-1 2.37249E-1 2.42378E-1 2.52132E-1 2.4251E-1 2.34956E-1 2.33924E-1 2.26317E-1 2.2273E-1 2.1843E-1 2.18557E-1 2.19023E-1 2.14457E-1 2.10704E-1 2.13949E-1 2.1807E-1 2.25688E-1 2.31843E-1 2.3801E-1 2.36465E-1 2.38085E-1 2.39367E-1 2.34843E-1 2.32562E-1 2.33289E-1 2.32385E-1 2.35037E-1 2.40037E-1 2.36447E-1 2.30283E-1 2.31626E-1 2.24568E-1 2.24578E-1 2.19243E-1 2.09099E-1 2.00441E-1 2.02364E-1 2.05641E-1 2.07025E-1 2.03876E-1 2.26319E-1
2.23067E-1 2.16312E-1 2.16317E-1 2.16155E-1 2.18296E-1 2.2201E-1 2.26659E-1 2.36294E-1 2.34178E-1 2.34097E-1 2.34283E-1 2.36253E-1 2.35084E-1 2.32673E-1 2.29978E-1 2.30982E-1 2.34592E-1 2.30974E-1 2.3037E-1 2.23419E-1 2.21749E-1 2.2288E-1 2.25473E-1 2.3799E-1 2.62832E-1 2.51572E-1 2.35294E-1 2.254E-1 2.18823E-1 2.16997E-1 2.17834E-1 2.14941E-1 2.14002E-1 2.18297E-1 2.17149E-1 2.19137E-1 2.20532E-1 2.23043E-1 2.2778E-1 2.28577E-1 2.30131E-1 2.31414E-1 2.32057E-1 2.30142E-1 2.28176E-1 2.29575E-1 2.29309E-1 2.32268E-1 2.35072E-1 2.37304E-1 2.41806E-1 2.37908E-1 2.28376E-1 2.17588E-1 2.11555E-1 2.02637E-1 2.01353E-1 2.05602E-1 2.14602E-1 2.2404E-1 2.34749E-1
2.30168E-1 2.2569E-1 2.2892E-1 2.32162E-1 2.26909E-1 2.29673E-1 2.33793E-1 2.34525E-1 2.3327E-1 2.30041E-1 2.27565E-1 2.24118E-1 2.24265E-1 2.30272E-1 2.30425E-1 2.34687E-1 2.33808E-1 2.28707E-1 2.31264E-1 2.25087E-1 2.27477E-1 2.47277E-1 2.58845E-1 2.33608E-1 2.39073E-1 2.5253E-1 2.51457E-1 2.46111E-1 2.32268E-1 2.23083E-1 2.19844E-1 2.18852E-1 2.18621E-1 2.20048E-1 2.23263E-1 2.242E-1 2.22924E-1 2.25838E-1 2.26824E-1 2.2653E-1 2.23746E-1 2.24968E-1 2.21685E-1 2.21845E-1 2.18557E-1 2.20288E-1 2.25718E-1 2.27807E-1 2.3096E-1 2.34038E-1 2.34779E-1 2.41293E-1 2.39716E-1 2.24237E-1 2.15229E-1 2.11319E-1 2.13038E-1 2.16322E-1 2.22147E-1 2.30171E-1 2.30657E-1
2.49849E-1 2.48903E-1 2.4663E-1 2.54469E-1 2.52296E-1 2.48278E-1 2.42625E-1 2.31678E-1 2.29027E-1 2.27354E-1 2.28037E-1 2.26846E-1 2.32411E-1 2.33733E-1 2.25842E-1 2.26979E-1 2.27534E-1 2.33814E-1 2.39518E-1 2.29119E-1 2.32917E-1 2.35246E-1 2.33783E-1 2.31841E-1 2.25325E-1 2.36474E-1 2.35126E-1 2.40857E-1 2.45375E-1 2.32022E-1 2.37177E-1 2.32582E-1 2.28165E-1 2.24753E-1 2.27032E-1 2.27928E-1 2.28751E-1 2.28178E-1 2.27392E-1 2.25738E-1 2.19009E-1 2.1155E-1 2.11657E-1 2.16903E-1 2.17057E-1 2.15296E-1 2.16207E-1 2.2134E-1 2.25549E-1 2.31789E-1 2.32864E-1 2.38622E-1 2.51406E-1 2.38434E-1 2.31191E-1 2.25668E-1 2.29629E-1 2.33911E-1 2.35133E-1 2.30295E-1 2.29421E-1
2.44929E-1 2.38562E-1 2.30918E-1 2.33321E-1 2.35251E-1 2.40162E-1 2.39725E-1 2.25969E-1 2.21429E-1 2.2389E-1 2.24385E-1 2.30913E-1 2.3342E-1 2.34468E-1 2.32411E-1 2.22878E-1 2.18216E-1 2.2144E-1 2.32222E-1 2.36704E-1 2.39429E-1 2.39753E-1 2.39367E-1 2.40806E-1 2.35053E-1 2.32629E-1 2.29526E-1 2.24078E-1 2.30755E-1 2.51344E-1 2.58309E-1 2.43575E-1 2.39557E-1 2.40447E-1 2.32084E-1 2.32482E-1 2.3063E-1 2.31744E-1 2.30183E-1 2.26846E-1 2.22001E-1 2.12156E-1 2.10329E-1 2.16604E-1 2.18177E-1 2.17053E-1 2.13855E-1 2.15873E-1 2.2092E-1 2.276E-1 2.3569E-1 2.44678E-1 2.50448E-1 2.59278E-1 2.48959E-1 2.43088E-1 2.36647E-1 2.34735E-1 2.39792E-1 2.40443E-1 2.35048E-1
2.15906E-1 2.1158E-1 2.06105E-1 2.12066E-1 2.25465E-1 2.3834E-1 2.2663E-1 2.21321E-1 2.18269E-1 2.18696E-1 2.19324E-1 2.12528E-1 2.26874E-1 2.35151E-1 2.32612E-1 2.2405E-1 2.17248E-1 2.17253E-1 2.2529E-1 2.31366E-1 2.37699E-1 2.42115E-1 2.44291E-1 2.42166E-1 2.42478E-1 2.51865E-1 2.49873E-1 2.43278E-1 2.41367E-1 2.48713E-1 2.60182E-1 2.64024E-1 2.54874E-1 2.51739E-1 2.4393E-1 2.38645E-1 2.35725E-1 2.35805E-1 2.32048E-1 2.27495E-1 2.23321E-1 2.19161E-1 2.1626E-1 2.17302E-1 2.20176E-1 2.17804E-1 2.14983E-1 2.1412E-1 2.20984E-1 2.30096E-1 2.37276E-1 2.44152E-1 2.4376E-1 2.56753E-1 2.54805E-1 2.47748E-1 2.37549E-1 2.32717E-1 2.37736E-1 2.41389E-1 2.41813E-1
