maxent_outputs/bumblebees/bombus_295.asc
ncols         426
nrows         180
xllcorner     -130.0
yllcorner     24.0
cellsize      0.16666666666666666
NODATA_value  -9999
[rows 135 to 161 of 180, columns 183 to 243 of 426]
4.63991E-1 4.68722E-1 4.88E-1 5.0191E-1 5.18797E-1 5.06322E-1 5.107E-1 5.3985E-1 5.62573E-1 6.0327E-1 6.42521E-1 6.56126E-1 6.70655E-1 6.94625E-1 7.21468E-1 7.21057E-1 7.2664E-1 7.3175E-1 7.44975E-1 7.46913E-1 7.76661E-1 8.01631E-1 8.14372E-1 8.15819E-1 8.12195E-1 8.21925E-1 8.33996E-1 8.42354E-1 8.57596E-1 8.70596E-1 8.81302E-1 8.84929E-1 8.86775E-1 8.99566E-1 9.27535E-1 9.32203E-1 9.29904E-1 9.36272E-1 9.46941E-1 9.48873E-1 9.68655E-1 9.73995E-1 9.72843E-1 9.65234E-1 9.63107E-1 9.63826E-1 9.69156E-1 9.74763E-1 9.71036E-1 9.53008E-1 9.33435E-1 9.10986E-1 8.90887E-1 8.87341E-1 8.91341E-1 8.96771E-1 9.12699E-1 9.19958E-1 9.17036E-1 9.17726E-1 9.23939E-1
4.27208E-1 4.30409E-1 4.55493E-1 4.90367E-1 5.01008E-1 5.17712E-1 5.06383E-1 5.31798E-1 5.55226E-1 5.83113E-1 6.13446E-1 6.51506E-1 6.70973E-1 6.89768E-1 7.226E-1 7.44626E-1 7.38843E-1 7.52342E-1 7.64434E-1 7.70667E-1 7.95317E-1 8.28594E-1 8.38665E-1 8.38531E-1 8.42116E-1 8.53284E-1 8.6872E-1 8.8207E-1 8.82442E-1 8.82695E-1 9.00908E-1 9.1455E-1 9.1239E-1 9.12957E-1 9.30292E-1 9.42061E-1 9.34635E-1 9.38621E-1 9.47504E-1 9.5922E-1 9.74672E-1 9.83034E-1 9.8312E-1 9.73672E-1 9.67792E-1 9.75392E-1 9.7978E-1 9.77951E-1 9.71419E-1 9.46852E-1 9.20597E-1 8.8471E-1 8.84139E-1 8.93823E-1 8.99878E-1 9.02668E-1 9.03176E-1 9.21933E-1 9.2819E-1 9.2755E-1 9.30967E-1
4.13854E-1 4.28697E-1 4.53692E-1 4.62305E-1 4.721E-1 4.95674E-1 5.07008E-1 5.24259E-1 5.55193E-1 5.47869E-1 5.67084E-1 6.34459E-1 6.73832E-1 6.98678E-1 7.26146E-1 7.43466E-1 7.54967E-1 7.8078E-1 7.80443E-1 7.92881E-1 8.04599E-1 8.38352E-1 8.61707E-1 8.65477E-1 8.75148E-1 8.8872E-1 8.98268E-1 8.98488E-1 9.0169E-1 8.99727E-1 8.97455E-1 9.09028E-1 9.2963E-1 9.23821E-1 9.26591E-1 9.37886E-1 9.40767E-1 9.45864E-1 9.55108E-1 9.67352E-1 9.78369E-1 9.8621E-1 9.86068E-1 9.81534E-1 9.78507E-1 9.83649E-1 9.79331E-1 9.76429E-1 9.62131E-1 9.4247E-1 9.24412E-1 9.04989E-1 9.05704E-1 9.05483E-1 9.09132E-1 9.04969E-1 9.05339E-1 9.15093E-1 9.28432E-1 9.24338E-1 9.25227E-1
4.18862E-1 4.25532E-1 4.40728E-1 4.53071E-1 4.63434E-1 4.85524E-1 5.20215E-1 5.12211E-1 5.50608E-1 5.77497E-1 6.10452E-1 6.40039E-1 6.8044E-1 7.16705E-1 7.3761E-1 7.48871E-1 7.7518E-1 7.86176E-1 7.82376E-1 8.05038E-1 8.19878E-1 8.40662E-1 8.64438E-1 8.86521E-1 9.07601E-1 9.19469E-1 9.12926E-1 9.04606E-1 9.0245E-1 8.99077E-1 8.95493E-1 9.00788E-1 9.21857E-1 9.38412E-1 9.39014E-1 9.48237E-1 9.50206E-1 9.55739E-1 9.62972E-1 9.71469E-1 9.82288E-1 9.9096E-1 9.9133E-1 9.88783E-1 9.895E-1 9.88875E-1 9.83449E-1 9.79375E-1 9.70699E-1 9.61205E-1 9.51249E-1 9.44325E-1 9.36967E-1 9.34454E-1 9.23036E-1 9.0691E-1 9.04479E-1 9.10705E-1 9.19402E-1 9.25434E-1 9.22091E-1
4.26729E-1 4.37319E-1 4.66692E-1 4.83282E-1 4.96184E-1 5.18845E-1 5.56632E-1 5.41373E-1 5.62497E-1 6.13726E-1 6.5883E-1 6.6529E-1 6.96655E-1 7.21558E-1 7.36569E-1 7.44966E-1 7.59426E-1 7.75358E-1 7.93817E-1 8.0827E-1 8.28763E-1 8.404E-1 8.48251E-1 8.64636E-1 8.8913E-1 9.24057E-1 9.392E-1 9.18455E-1 9.11853E-1 9.06911E-1 9.0553E-1 9.04863E-1 9.2822E-1 9.48003E-1 9.59253E-1 9.64314E-1 9.61921E-1 9.5716E-1 9.65083E-1 9.75844E-1 9.84734E-1 9.92553E-1 9.96235E-1 9.95681E-1 9.95438E-1 9.92753E-1 9.89563E-1 9.85275E-1 9.80817E-1 9.72955E-1 9.68241E-1 9.63709E-1 9.55065E-1 9.60371E-1 9.50781E-1 9.21808E-1 9.12022E-1 9.00775E-1 9.01692E-1 9.11813E-1 9.12506E-1
4.36126E-1 4.61443E-1 4.6852E-1 4.87406E-1 4.99714E-1 5.25227E-1 5.74806E-1 5.94622E-1 6.05932E-1 6.35499E-1 6.81496E-1 6.92714E-1 7.03744E-1 7.16884E-1 7.18513E-1 7.25111E-1 7.35756E-1 7.64497E-1 7.98625E-1 8.18086E-1 8.34526E-1 8.38485E-1 8.6298E-1 8.88082E-1 9.02736E-1 9.26017E-1 9.31004E-1 9.31487E-1 9.35801E-1 9.37566E-1 9.39999E-1 9.44899E-1 9.57369E-1 9.70041E-1 9.74971E-1 9.6995E-1 9.64358E-1 9.6151E-1 9.69424E-1 9.7865E-1 9.88637E-1 9.94421E-1 9.96901E-1 9.96738E-1 9.95604E-1 9.94744E-1 9.92941E-1 9.89536E-1 9.85865E-1 9.81329E-1 9.76169E-1 9.64401E-1 9.5242E-1 9.51618E-1 9.48582E-1 9.34285E-1 9.2204E-1 9.07733E-1 8.92681E-1 8.93498E-1 9.01522E-1
4.26216E-1 4.23956E-1 4.3865E-1 4.48506E-1 4.85018E-1 5.23105E-1 5.36512E-1 5.86975E-1 6.43796E-1 6.77354E-1 6.93073E-1 7.15393E-1 7.25363E-1 7.23525E-1 7.14586E-1 7.21412E-1 7.28539E-1 7.61442E-1 7.84487E-1 8.13912E-1 8.32857E-1 8.57042E-1 8.94025E-1 9.26818E-1 9.23261E-1 9.44071E-1 9.40718E-1 9.52258E-1 9.60472E-1 9.61081E-1 9.65151E-1 9.68982E-1 9.76262E-1 9.743E-1 9.74568E-1 9.69646E-1 9.68647E-1 9.7156E-1 9.76338E-1 9.83114E-1 9.89754E-1 9.94163E-1 9.95899E-1 9.95705E-1 9.95635E-1 9.95216E-1 9.92185E-1 9.89579E-1 9.84582E-1 9.84428E-1 9.81791E-1 9.66643E-1 9.41615E-1 9.30211E-1 9.39972E-1 9.39017E-1 9.31966E-1 9.11859E-1 8.99176E-1 8.99368E-1 9.07328E-1
4.14813E-1 4.21526E-1 4.49349E-1 4.77391E-1 5.05058E-1 5.29324E-1 5.60962E-1 6.03017E-1 6.17461E-1 6.63542E-1 7.20543E-1 7.45925E-1 7.45229E-1 7.33337E-1 7.11983E-1 7.18117E-1 7.41746E-1 7.59339E-1 7.68737E-1 8.01704E-1 8.35323E-1 8.68662E-1 9.11243E-1 9.17717E-1 9.29983E-1 9.45429E-1 9.67077E-1 9.70215E-1 9.73546E-1 9.71968E-1 9.75159E-1 9.75922E-1 9.7639E-1 9.71332E-1 9.70348E-1 9.72627E-1 9.72581E-1 9.78719E-1 9.78927E-1 9.82716E-1 9.89076E-1 9.92004E-1 9.92842E-1 9.93334E-1 9.9331E-1 9.91886E-1 9.89622E-1 9.86584E-1 9.83838E-1 9.82296E-1 9.78773E-1 9.69068E-1 9.55799E-1 9.51404E-1 9.53031E-1 9.63994E-1 9.59342E-1 9.34597E-1 9.29645E-1 9.16568E-1 9.20924E-1
4.35451E-1 4.57107E-1 4.75611E-1 4.88748E-1 5.16305E-1 5.4164E-1 5.82011E-1 6.09931E-1 6.4839E-1 6.88586E-1 7.11116E-1 7.28801E-1 7.39536E-1 7.47201E-1 7.46004E-1 7.45567E-1 7.58708E-1 7.7176E-1 7.81428E-1 8.08507E-1 8.41714E-1 8.69416E-1 9.01416E-1 9.21815E-1 9.32515E-1 9.4527E-1 9.52533E-1 9.64203E-1 9.67897E-1 9.6707E-1 9.72783E-1 9.76012E-1 9.78894E-1 9.75667E-1 9.76282E-1 9.75469E-1 9.75636E-1 9.74984E-1 9.76933E-1 9.82443E-1 9.86147E-1 9.8699E-1 9.86963E-1 9.85953E-1 9.8568E-1 9.84213E-1 9.83783E-1 9.83076E-1 9.81223E-1 9.81613E-1 9.80305E-1 9.74653E-1 9.66648E-1 9.60241E-1 9.54064E-1 9.578E-1 9.57426E-1 9.41217E-1 9.41271E-1 9.45926E-1 9.54238E-1
4.4086E-1 4.72816E-1 5.03802E-1 5.24451E-1 5.59812E-1 6.00508E-1 6.37383E-1 6.65379E-1 6.79987E-1 6.97332E-1 7.07442E-1 7.08803E-1 7.14414E-1 7.34219E-1 7.65623E-1 7.96517E-1 8.06711E-1 8.1138E-1 8.25762E-1 8.40593E-1 8.67038E-1 8.69449E-1 8.93312E-1 9.19433E-1 9.3235E-1 9.3156E-1 9.37026E-1 9.46805E-1 9.5657E-1 9.55868E-1 9.62844E-1 9.67371E-1 9.63912E-1 9.7067E-1 9.73636E-1 9.75578E-1 9.72399E-1 9.74175E-1 9.75738E-1 9.79262E-1 9.83082E-1 9.81576E-1 9.79476E-1 9.78952E-1 9.77744E-1 9.77494E-1 9.74931E-1 9.7707E-1 9.75462E-1 9.77018E-1 9.75382E-1 9.71636E-1 9.66592E-1 9.64876E-1 9.52132E-1 9.42164E-1 9.46502E-1 9.39107E-1 9.46924E-1 9.52849E-1 9.60592E-1
4.73515E-1 5.16685E-1 5.46738E-1 5.5868E-1 5.70655E-1 6.18956E-1 6.60407E-1 6.82387E-1 7.13317E-1 7.12888E-1 7.04663E-1 7.00326E-1 7.08876E-1 7.38686E-1 7.58057E-1 7.95481E-1 8.26345E-1 8.53545E-1 8.50437E-1 8.5724E-1 8.60996E-1 8.68079E-1 8.92768E-1 9.17343E-1 9.28178E-1 9.29404E-1 9.40771E-1 9.40547E-1 9.46771E-1 9.37314E-1 9.46223E-1 9.49575E-1 9.53648E-1 9.55791E-1 9.6002E-1 9.69078E-1 9.68205E-1 9.65067E-1 9.65208E-1 9.69822E-1 9.73287E-1 9.75267E-1 9.73067E-1 9.66682E-1 9.7076E-1 9.71766E-1 9.70514E-1 9.67361E-1 9.68741E-1 9.67472E-1 9.66309E-1 9.6108E-1 9.58926E-1 9.53395E-1 9.53557E-1 9.57131E-1 9.48418E-1 9.55309E-1 9.60979E-1 9.61218E-1 9.64123E-1
5.44595E-1 5.64206E-1 5.83794E-1 6.14241E-1 6.32447E-1 6.72686E-1 6.97983E-1 7.16543E-1 7.27249E-1 7.36138E-1 7.24521E-1 7.22463E-1 7.36182E-1 7.58567E-1 7.67574E-1 8.03793E-1 8.38006E-1 8.43268E-1 8.62275E-1 8.70981E-1 8.66883E-1 8.65953E-1 8.79393E-1 8.99388E-1 9.07441E-1 9.21519E-1 9.42111E-1 9.38665E-1 9.32331E-1 9.36746E-1 9.41355E-1 9.41384E-1 9.41919E-1 -9999 -9999 -9999 -9999 -9999 -9999 9.64308E-1 9.66494E-1 9.63305E-1 9.62633E-1 9.60136E-1 9.60711E-1 9.69026E-1 9.68321E-1 9.65642E-1 9.60591E-1 9.60141E-1 9.58559E-1 9.54293E-1 9.38446E-1 9.452E-1 9.49105E-1 9.55608E-1 9.63693E-1 9.67472E-1 9.70026E-1 9.72356E-1 9.69145E-1
5.97303E-1 6.18825E-1 6.47697E-1 6.55596E-1 6.8356E-1 7.21162E-1 7.21263E-1 7.16049E-1 7.27089E-1 7.37606E-1 7.60018E-1 7.6633E-1 7.75832E-1 7.91356E-1 8.06637E-1 8.40127E-1 8.39294E-1 8.53022E-1 8.7102E-1 8.81083E-1 8.70649E-1 8.5869E-1 8.68974E-1 8.95332E-1 9.07885E-1 9.08971E-1 9.26405E-1 9.38352E-1 9.31038E-1 9.37603E-1 -9999 -9999 -9999 -9999 -9999 -9999 -9999 -9999 -9999 -9999 -9999 -9999 -9999 -9999 -9999 9.67314E-1 9.67395E-1 -9999 9.63007E-1 9.54848E-1 9.55826E-1 9.52284E-1 9.49628E-1 9.56024E-1 9.60784E-1 9.62865E-1 9.69849E-1 9.7236E-1 9.73845E-1 9.72221E-1 9.68071E-1
6.32551E-1 6.46958E-1 6.65112E-1 6.59321E-1 6.7456E-1 6.94595E-1 7.04709E-1 7.09289E-1 7.10844E-1 7.28265E-1 7.4915E-1 7.6817E-1 7.85282E-1 7.94149E-1 8.12191E-1 8.25274E-1 8.38285E-1 8.52366E-1 8.76443E-1 8.85834E-1 8.80907E-1 8.51443E-1 8.73759E-1 9.13834E-1 9.24243E-1 9.24729E-1 9.20295E-1 9.2977E-1 9.30979E-1 -9999 -9999 -9999 -9999 -9999 -9999 -9999 -9999 -9999 -9999 -9999 -9999 -9999 -9999 -9999 -9999 -9999 -9999 -9999 9.65882E-1 9.63276E-1 9.59908E-1 9.61057E-1 9.56496E-1 9.60294E-1 9.64551E-1 9.69745E-1 9.74839E-1 9.78587E-1 9.77116E-1 9.77214E-1 9.7434E-1
6.34379E-1 6.43941E-1 6.47033E-1 6.50206E-1 6.60557E-1 6.71956E-1 6.78796E-1 6.8925E-1 6.92262E-1 7.07644E-1 7.13351E-1 7.18585E-1 7.50151E-1 7.72334E-1 7.88308E-1 7.99447E-1 8.10995E-1 8.42232E-1 8.78713E-1 9.00186E-1 8.85786E-1 8.64136E-1 8.8701E-1 9.19097E-1 9.29443E-1 9.24587E-1 9.19209E-1 -9999 -9999 -9999 -9999 -9999 -9999 -9999 -9999 -9999 -9999 -9999 -9999 -9999 -9999 -9999 -9999 -9999 -9999 -9999 -9999 -9999 -9999 -9999 -9999 9.6218E-1 9.66517E-1 9.74685E-1 9.79709E-1 9.74137E-1 9.75038E-1 -9999 -9999 -9999 9.70419E-1
6.23033E-1 6.29646E-1 6.25994E-1 6.37203E-1 6.49935E-1 6.56473E-1 6.86986E-1 6.90658E-1 6.81365E-1 6.99581E-1 7.00702E-1 7.08898E-1 7.30475E-1 7.48419E-1 7.55656E-1 7.65112E-1 7.82969E-1 8.18802E-1 8.61283E-1 8.84013E-1 8.75216E-1 8.61932E-1 8.77536E-1 8.99109E-1 9.1228E-1 9.14219E-1 -9999 -9999 -9999 -9999 -9999 -9999 -9999 -9999 -9999 -9999 -9999 -9999 -9999 -9999 -9999 -9999 -9999 -9999 -9999 -9999 -9999 -9999 -9999 -9999 -9999 -9999 -9999 -9999 -9999 -9999 -9999 -9999 -9999 -9999 9.70548E-1
6.3406E-1 6.2048E-1 6.23294E-1 6.27762E-1 6.39339E-1 6.58979E-1 6.76217E-1 6.99176E-1 6.96112E-1 7.03233E-1 7.22345E-1 7.30954E-1 7.35491E-1 7.39153E-1 7.52727E-1 7.53553E-1 7.6863E-1 7.99037E-1 8.32108E-1 8.61426E-1 8.5929E-1 8.42616E-1 8.59024E-1 8.71192E-1 -9999 -9999 -9999 -9999 -9999 -9999 -9999 -9999 -9999 -9999 -9999 -9999 -9999 -9999 -9999 -9999 -9999 -9999 -9999 -9999 -9999 -9999 -9999 -9999 -9999 -9999 -9999 -9999 -9999 -9999 -9999 -9999 -9999 -9999 -9999 -9999 -9999
6.3982E-1 6.06035E-1 6.14858E-1 6.30026E-1 6.40371E-1 6.60554E-1 6.84166E-1 7.14179E-1 7.25165E-1 7.25954E-1 7.62562E-1 7.65227E-1 7.49378E-1 7.27747E-1 7.40102E-1 7.53864E-1 7.58213E-1 7.86709E-1 8.09407E-1 8.42284E-1 8.41677E-1 8.35134E-1 8.47095E-1 -9999 -9999 -9999 -9999 -9999 -9999 -9999 -9999 -9999 -9999 -9999 -9999 -9999 -9999 -9999 -9999 -9999 -9999 -9999 -9999 -9999 -9999 -9999 -9999 -9999 -9999 -9999 -9999 -9999 -9999 -9999 -9999 -9999 -9999 -9999 -9999 -9999 -9999
6.42635E-1 5.93731E-1 5.99074E-1 6.22282E-1 6.43006E-1 6.64507E-1 6.92772E-1 7.20097E-1 7.44775E-1 7.60116E-1 7.95113E-1 7.84849E-1 7.52525E-1 7.19312E-1 7.2656E-1 7.44546E-1 7.59522E-1 7.70981E-1 8.03459E-1 8.40417E-1 -9999 -9999 -9999 -9999 -9999 -9999 -9999 -9999 -9999 -9999 -9999 -9999 -9999 -9999 -9999 -9999 -9999 -9999 -9999 -9999 -9999 -9999 -9999 -9999 -9999 -9999 -9999 -9999 -9999 -9999 -9999 -9999 -9999 -9999 -9999 -9999 -9999 -9999 -9999 -9999 -9999
6.54738E-1 6.33759E-1 6.37689E-1 6.36639E-1 6.42759E-1 6.63679E-1 6.82012E-1 7.00707E-1 7.43556E-1 7.72749E-1 7.91733E-1 7.85078E-1 7.51326E-1 7.13232E-1 7.17597E-1 7.40046E-1 7.55177E-1 7.81467E-1 7.92338E-1 -9999 -9999 -9999 -9999 -9999 -9999 -9999 -9999 -9999 -9999 -9999 -9999 -9999 -9999 -9999 -9999 -9999 -9999 -9999 -9999 -9999 -9999 -9999 -9999 -9999 -9999 -9999 -9999 -9999 -9999 -9999 -9999 -9999 -9999 -9999 -9999 -9999 -9999 -9999 -9999 -9999 -9999
6.49763E-1 6.58643E-1 6.57095E-1 6.47509E-1 6.52062E-1 6.44677E-1 6.49125E-1 6.83136E-1 7.25732E-1 7.73264E-1 7.85233E-1 7.93518E-1 7.58185E-1 7.47185E-1 7.50096E-1 7.50941E-1 7.58145E-1 -9999 -9999 -9999 -9999 -9999 -9999 -9999 -9999 -9999 -9999 -9999 -9999 -9999 -9999 -9999 -9999 -9999 -9999 -9999 -9999 -9999 -9999 -9999 -9999 -9999 -9999 -9999 -9999 -9999 -9999 -9999 -9999 -9999 -9999 -9999 -9999 -9999 -9999 -9999 -9999 -9999 -9999 -9999 -9999
6.45747E-1 6.5669E-1 6.57234E-1 6.38929E-1 6.26E-1 6.19435E-1 6.27338E-1 6.76639E-1 7.19973E-1 7.62107E-1 7.83E-1 7.98781E-1 7.7453E-1 7.54204E-1 7.39021E-1 7.38904E-1 -9999 -9999 -9999 -9999 -9999 -9999 -9999 -9999 -9999 -9999 -9999 -9999 -9999 -9999 -9999 -9999 -9999 -9999 -9999 -9999 -9999 -9999 -9999 -9999 -9999 -9999 -9999 -9999 -9999 -9999 -9999 -9999 -9999 -9999 -9999 -9999 -9999 -9999 -9999 -9999 -9999 -9999 -9999 -9999 -9999
6.37542E-1 6.47819E-1 6.39611E-1 6.22278E-1 6.00473E-1 5.87925E-1 6.14957E-1 6.71182E-1 7.28572E-1 7.4972E-1 7.54329E-1 7.74654E-1 7.8126E-1 7.36319E-1 7.40843E-1 -9999 -9999 -9999 -9999 -9999 -9999 -9999 -9999 -9999 -9999 -9999 -9999 -9999 -9999 -9999 -9999 -9999 -9999 -9999 -9999 -9999 -9999 -9999 -9999 -9999 -9999 -9999 -9999 -9999 -9999 -9999 -9999 -9999 -9999 -9999 -9999 -9999 -9999 -9999 -9999 -9999 -9999 -9999 -9999 -9999 -9999
6.44712E-1 6.29568E-1 6.2454E-1 5.89591E-1 5.736E-1 5.84774E-1 6.001E-1 6.58634E-1 7.09136E-1 7.21466E-1 7.25828E-1 7.21448E-1 7.01215E-1 7.08346E-1 -9999 -9999 -9999 -9999 -9999 -9999 -9999 -9999 -9999 -9999 -9999 -9999 -9999 -9999 -9999 -9999 -9999 -9999 -9999 -9999 -9999 -9999 -9999 -9999 -9999 -9999 -9999 -9999 -9999 -9999 -9999 -9999 -9999 -9999 -9999 -9999 -9999 -9999 -9999 -9999 -9999 -9999 -9999 -9999 -9999 -9999 -9999
6.63759E-1 6.42794E-1 6.2447E-1 5.74361E-1 5.73737E-1 5.89523E-1 6.17815E-1 6.60999E-1 6.88557E-1 6.99399E-1 6.97613E-1 6.89131E-1 6.76111E-1 6.81942E-1 -9999 -9999 -9999 -9999 -9999 -9999 -9999 -9999 -9999 -9999 -9999 -9999 -9999 -9999 -9999 -9999 -9999 -9999 -9999 -9999 -9999 -9999 -9999 -9999 -9999 -9999 -9999 -9999 -9999 -9999 -9999 -9999 -9999 -9999 -9999 -9999 -9999 -9999 -9999 -9999 -9999 -9999 -9999 -9999 -9999 -9999 -9999
6.84565E-1 6.55014E-1 6.29096E-1 5.80155E-1 5.86922E-1 6.04433E-1 6.3297E-1 6.69751E-1 6.96237E-1 6.83695E-1 6.72381E-1 6.71935E-1 6.68914E-1 -9999 -9999 -9999 -9999 -9999 -9999 -9999 -9999 -9999 -9999 -9999 -9999 -9999 -9999 -9999 -9999 -9999 -9999 -9999 -9999 -9999 -9999 -9999 -9999 -9999 -9999 -9999 -9999 -9999 -9999 -9999 -9999 -9999 -9999 -9999 -9999 -9999 -9999 -9999 -9999 -9999 -9999 -9999 -9999 -9999 -9999 -9999 -9999
6.74449E-1 6.57135E-1 6.40755E-1 6.06496E-1 5.88054E-1 6.1517E-1 6.36019E-1 6.7404E-1 6.85931E-1 6.71497E-1 6.62896E-1 6.6702E-1 6.69817E-1 -9999 -9999 -9999 -9999 -9999 -9999 -9999 -9999 -9999 -9999 -9999 -9999 -9999 -9999 -9999 -9999 -9999 -9999 -9999 -9999 -9999 -9999 -9999 -9999 -9999 -9999 -9999 -9999 -9999 -9999 -9999 -9999 -9999 -9999 -9999 -9999 -9999 -9999 -9999 -9999 -9999 -9999 -9999 -9999 -9999 -9999 -9999 -9999
