maxent_outputs/bumblebees/bombus_294.asc
ncols         426
nrows         180
xllcorner     -130.0
yllcorner     24.0
cellsize      0.16666666666666666
NODATA_value  -9999
[rows 27 to 53 of 180, columns 183 to 243 of 426]
1.4116E-1 1.4094E-1 1.38506E-1 1.33058E-1 1.27883E-1 1.23614E-1 1.34667E-1 1.57467E-1 1.6464E-1 1.70941E-1 1.66678E-1 1.64186E-1 1.6351E-1 1.52553E-1 1.40215E-1 1.37113E-1 1.38053E-1 1.39027E-1 1.42391E-1 1.38988E-1 1.50298E-1 1.50237E-1 1.42781E-1 1.34078E-1 1.28929E-1 1.28636E-1 1.37377E-1 1.40483E-1 1.43049E-1 1.41261E-1 1.38423E-1 1.4681E-1 1.49757E-1 1.48794E-1 1.48907E-1 1.46766E-1 1.42837E-1 1.40444E-1 1.43211E-1 1.46845E-1 1.53697E-1 1.49057E-1 1.55736E-1 1.61502E-1 1.53823E-1 1.58903E-1 1.69043E-1 1.70588E-1 1.55137E-1 1.4244E-1 1.43798E-1 1.48002E-1 1.44211E-1 1.4671E-1 1.42613E-1 1.45109E-1 1.47942E-1 1.46038E-1 1.47676E-1 1.47893E-1 1.59763E-1
1.41417E-1 1.38385E-1 1.40751E-1 1.36919E-1 1.30841E-1 1.24809E-1 1.22072E-1 1.39872E-1 1.58309E-1 1.64801E-1 1.66925E-1 1.64318E-1 1.61697E-1 1.51083E-1 1.39632E-1 1.3547E-1 1.36493E-1 1.37955E-1 1.42757E-1 1.40022E-1 1.41926E-1 1.38055E-1 1.3814E-1 1.33233E-1 1.29131E-1 1.31292E-1 1.31647E-1 1.47412E-1 1.49334E-1 1.43812E-1 1.42116E-1 1.43112E-1 1.45068E-1 1.46392E-1 1.48164E-1 1.45948E-1 1.49952E-1 1.41993E-1 1.45203E-1 1.51222E-1 1.45162E-1 1.45913E-1 1.5147E-1 1.54701E-1 1.58738E-1 1.61693E-1 1.65838E-1 1.56704E-1 1.45692E-1 1.35807E-1 1.3824E-1 1.387E-1 1.34483E-1 1.3436E-1 1.36452E-1 1.42617E-1 1.40508E-1 1.43585E-1 1.44843E-1 1.4695E-1 1.55913E-1
1.29638E-1 1.31795E-1 1.35052E-1 1.33023E-1 1.2873E-1 1.28032E-1 1.26413E-1 1.27487E-1 1.46294E-1 1.54448E-1 1.56787E-1 1.61765E-1 1.54509E-1 1.47296E-1 1.396E-1 1.35853E-1 1.35289E-1 1.39336E-1 1.40406E-1 1.4123E-1 1.38112E-1 1.32339E-1 1.31553E-1 1.29139E-1 1.30451E-1 1.46826E-1 1.54075E-1 1.55399E-1 1.50794E-1 1.4635E-1 1.50213E-1 1.42904E-1 1.42798E-1 1.416E-1 1.40102E-1 1.42707E-1 1.44937E-1 1.42663E-1 1.42861E-1 1.45436E-1 1.50711E-1 1.49045E-1 1.5301E-1 1.57874E-1 1.57724E-1 1.68785E-1 1.66176E-1 1.53429E-1 1.43222E-1 1.37904E-1 1.40935E-1 1.3828E-1 1.34523E-1 1.36544E-1 1.33746E-1 1.35173E-1 1.45408E-1 1.42523E-1 1.44292E-1 1.46052E-1 1.48362E-1
1.2356E-1 1.29622E-1 1.29336E-1 1.27788E-1 1.24993E-1 1.19992E-1 1.17321E-1 1.19326E-1 1.33118E-1 1.46515E-1 1.54253E-1 1.56172E-1 1.52686E-1 1.45907E-1 1.4282E-1 1.39272E-1 1.3719E-1 1.41001E-1 1.38806E-1 1.4362E-1 1.35281E-1 1.30607E-1 1.29523E-1 1.29713E-1 1.27662E-1 1.42185E-1 1.40189E-1 1.41146E-1 1.52155E-1 1.40667E-1 1.36628E-1 1.36671E-1 1.35017E-1 1.34705E-1 1.37797E-1 1.43277E-1 1.50031E-1 1.47172E-1 1.45984E-1 1.52883E-1 1.51431E-1 1.52589E-1 1.57466E-1 1.5601E-1 1.52864E-1 1.51776E-1 1.51875E-1 1.51616E-1 1.55053E-1 1.39716E-1 1.40557E-1 1.39651E-1 1.47233E-1 1.5369E-1 1.50697E-1 1.43558E-1 1.38236E-1 1.38705E-1 1.42092E-1 1.49903E-1 1.47084E-1
1.19767E-1 1.29805E-1 1.27646E-1 1.22139E-1 1.2274E-1 1.22179E-1 1.14371E-1 1.14177E-1 1.18263E-1 1.37581E-1 1.49245E-1 1.52489E-1 1.48726E-1 1.50904E-1 1.46937E-1 1.43851E-1 1.42112E-1 1.39984E-1 1.39218E-1 1.34468E-1 1.30981E-1 1.24858E-1 1.24172E-1 1.24262E-1 1.24344E-1 1.25718E-1 1.27324E-1 1.29129E-1 1.3144E-1 1.2911E-1 1.29736E-1 1.31548E-1 1.33593E-1 1.34523E-1 1.36168E-1 1.39482E-1 1.48686E-1 1.6194E-1 1.51055E-1 1.55145E-1 1.53807E-1 1.57689E-1 1.55837E-1 1.5192E-1 1.53362E-1 1.47288E-1 1.48242E-1 1.48222E-1 1.46141E-1 1.47405E-1 1.49549E-1 1.43944E-1 1.44565E-1 1.54927E-1 1.63216E-1 1.54699E-1 1.38451E-1 1.39363E-1 1.40304E-1 1.71396E-1 1.68786E-1
1.25644E-1 1.32695E-1 1.31289E-1 1.2869E-1 1.25499E-1 1.21991E-1 1.15182E-1 1.14984E-1 1.18847E-1 1.36581E-1 1.49864E-1 1.53609E-1 1.51481E-1 1.52495E-1 1.53436E-1 1.4968E-1 1.47852E-1 1.40539E-1 1.35883E-1 1.31893E-1 1.27981E-1 1.26181E-1 1.25381E-1 1.25213E-1 1.24386E-1 1.24916E-1 1.23266E-1 1.24343E-1 1.31013E-1 1.25823E-1 1.28998E-1 1.31043E-1 1.32095E-1 1.36101E-1 1.36992E-1 1.3669E-1 1.40441E-1 1.49784E-1 1.56681E-1 1.57087E-1 1.5629E-1 1.49586E-1 1.46955E-1 1.44001E-1 1.5039E-1 1.54211E-1 1.49681E-1 1.49069E-1 1.52986E-1 1.44824E-1 1.41632E-1 1.36173E-1 1.38285E-1 1.52259E-1 1.67589E-1 1.61085E-1 1.55437E-1 1.60904E-1 1.66689E-1 1.73289E-1 1.6156E-1
1.31151E-1 1.33244E-1 1.3152E-1 1.24491E-1 1.23906E-1 1.22908E-1 1.21622E-1 1.18206E-1 1.20652E-1 1.33829E-1 1.4718E-1 1.53117E-1 1.5519E-1 1.55021E-1 1.55598E-1 1.5597E-1 1.55636E-1 1.44346E-1 1.33551E-1 1.29674E-1 1.26814E-1 1.28351E-1 1.2436E-1 1.23841E-1 1.26066E-1 1.23976E-1 1.26552E-1 1.2788E-1 1.27007E-1 1.26024E-1 1.25499E-1 1.29673E-1 1.32776E-1 1.3488E-1 1.35771E-1 1.36801E-1 1.40472E-1 1.42147E-1 1.4372E-1 1.44738E-1 1.45391E-1 1.48904E-1 1.51203E-1 1.52068E-1 1.53586E-1 1.49778E-1 1.4788E-1 1.4977E-1 1.4626E-1 1.46674E-1 1.5015E-1 1.47069E-1 1.42134E-1 1.50231E-1 1.48591E-1 1.57988E-1 1.55887E-1 1.64131E-1 1.74978E-1 1.90322E-1 2.00165E-1
1.32224E-1 1.40365E-1 1.39608E-1 1.33617E-1 1.27507E-1 1.24271E-1 1.25302E-1 1.26565E-1 1.2339E-1 1.3245E-1 1.45323E-1 1.55258E-1 1.61385E-1 1.63113E-1 1.61805E-1 1.59157E-1 1.57543E-1 1.48465E-1 1.3674E-1 1.30138E-1 1.27325E-1 1.30483E-1 1.25775E-1 1.24079E-1 1.24744E-1 1.25268E-1 1.27846E-1 1.28064E-1 1.23638E-1 1.24552E-1 1.23316E-1 1.27503E-1 1.28913E-1 1.31234E-1 1.34317E-1 1.35476E-1 1.36624E-1 1.35114E-1 1.33235E-1 1.3448E-1 1.33203E-1 1.39773E-1 1.42885E-1 1.41686E-1 1.46675E-1 1.49473E-1 1.47027E-1 1.46035E-1 1.42513E-1 1.44819E-1 1.48386E-1 1.61396E-1 1.53453E-1 1.56383E-1 1.4682E-1 1.54514E-1 1.62061E-1 1.80613E-1 1.86997E-1 1.89955E-1 2.15736E-1
1.29027E-1 1.41834E-1 1.45946E-1 1.42618E-1 1.34627E-1 1.29025E-1 1.26789E-1 1.27295E-1 1.25356E-1 1.30257E-1 1.44925E-1 1.57186E-1 1.64789E-1 1.69838E-1 1.70577E-1 1.61995E-1 1.5672E-1 1.48867E-1 1.39638E-1 1.35221E-1 1.29292E-1 1.28663E-1 1.27324E-1 1.2927E-1 1.2913E-1 1.32347E-1 1.38495E-1 1.39312E-1 1.38973E-1 1.35101E-1 1.30097E-1 1.28943E-1 1.27363E-1 1.2811E-1 1.28918E-1 1.28637E-1 1.30523E-1 1.30124E-1 1.30654E-1 1.34142E-1 1.3267E-1 1.33721E-1 1.34934E-1 1.31825E-1 1.33559E-1 1.34387E-1 1.42756E-1 1.50379E-1 1.46345E-1 1.44451E-1 1.42928E-1 1.405E-1 1.38537E-1 1.38262E-1 1.42476E-1 1.52925E-1 1.65513E-1 1.80821E-1 1.94671E-1 2.36933E-1 3.18055E-1
1.26739E-1 1.27503E-1 1.28076E-1 1.23281E-1 1.28611E-1 1.27834E-1 1.28338E-1 1.24747E-1 1.25487E-1 1.28184E-1 1.4137E-1 1.51776E-1 1.64825E-1 1.70084E-1 1.72265E-1 1.67832E-1 1.57118E-1 1.4943E-1 1.41746E-1 1.36332E-1 1.34169E-1 1.3343E-1 1.30514E-1 1.3026E-1 1.30192E-1 1.41357E-1 1.44284E-1 1.45183E-1 1.35558E-1 1.28896E-1 1.26195E-1 1.24222E-1 1.27587E-1 1.2887E-1 1.29354E-1 1.284E-1 1.27498E-1 1.28513E-1 1.30226E-1 1.31049E-1 1.28488E-1 1.30078E-1 1.32554E-1 1.37215E-1 1.30576E-1 1.37025E-1 1.37645E-1 1.39087E-1 1.37256E-1 1.36455E-1 1.34529E-1 1.30058E-1 1.32658E-1 1.32947E-1 1.36222E-1 1.49051E-1 1.78158E-1 2.28104E-1 2.97438E-1 3.9142E-1 4.28893E-1
1.28337E-1 1.28108E-1 1.26188E-1 1.2443E-1 1.2605E-1 1.21346E-1 1.22973E-1 1.21915E-1 1.24211E-1 1.28048E-1 1.40424E-1 1.52625E-1 1.59866E-1 1.67849E-1 1.6926E-1 1.65055E-1 1.57551E-1 1.5046E-1 1.41708E-1 1.34914E-1 1.3397E-1 1.31546E-1 1.27903E-1 1.27275E-1 1.27246E-1 1.25541E-1 1.24734E-1 1.26539E-1 1.26969E-1 1.28224E-1 1.2636E-1 1.2538E-1 1.2909E-1 1.27985E-1 1.26135E-1 1.25322E-1 1.2335E-1 1.23927E-1 1.28278E-1 1.28712E-1 1.27278E-1 1.26662E-1 1.26001E-1 1.26703E-1 1.28629E-1 1.29201E-1 1.29876E-1 1.27849E-1 1.29223E-1 1.28696E-1 1.30962E-1 1.35285E-1 1.46161E-1 1.75357E-1 2.15104E-1 2.72236E-1 3.39898E-1 3.92384E-1 4.16497E-1 4.21465E-1 4.36155E-1
1.24172E-1 1.24835E-1 1.25259E-1 1.23867E-1 1.24313E-1 1.25813E-1 1.22582E-1 1.25785E-1 1.2638E-1 1.28207E-1 1.41358E-1 1.55042E-1 1.60403E-1 1.6298E-1 1.6162E-1 1.59816E-1 1.55031E-1 1.49964E-1 1.43183E-1 1.36464E-1 1.34906E-1 1.29563E-1 1.25208E-1 1.2238E-1 1.18386E-1 1.1859E-1 1.2246E-1 1.25461E-1 1.29788E-1 1.30369E-1 1.30435E-1 1.28929E-1 1.28589E-1 1.27897E-1 1.2662E-1 1.27094E-1 1.25284E-1 1.23017E-1 1.24418E-1 1.23193E-1 1.22672E-1 1.24266E-1 1.24103E-1 1.28066E-1 1.26419E-1 1.2545E-1 1.22686E-1 1.192E-1 1.15785E-1 1.22498E-1 1.42952E-1 1.8197E-1 2.5913E-1 3.2465E-1 3.48289E-1 3.59823E-1 3.72852E-1 3.98209E-1 4.14097E-1 4.35437E-1 4.55698E-1
1.18863E-1 1.22484E-1 1.28532E-1 1.27322E-1 1.27782E-1 1.27837E-1 1.25761E-1 1.28035E-1 1.28994E-1 1.30189E-1 1.40168E-1 1.49869E-1 1.57784E-1 1.61327E-1 1.60387E-1 1.58288E-1 1.54888E-1 1.49215E-1 1.45236E-1 1.35979E-1 1.34973E-1 1.31141E-1 1.29385E-1 1.21977E-1 1.1924E-1 1.22373E-1 1.25224E-1 1.27853E-1 1.28035E-1 1.38512E-1 1.31398E-1 1.39015E-1 1.31105E-1 1.2612E-1 1.24819E-1 1.25593E-1 1.25738E-1 1.24157E-1 1.22549E-1 1.22872E-1 1.24673E-1 1.26004E-1 1.31215E-1 1.33157E-1 1.32734E-1 1.28396E-1 1.25607E-1 1.22625E-1 1.28976E-1 1.59075E-1 2.48122E-1 3.22157E-1 3.3018E-1 3.4198E-1 3.49979E-1 3.67374E-1 3.84129E-1 4.01948E-1 4.23917E-1 4.44669E-1 4.66436E-1
1.09257E-1 1.1191E-1 1.21426E-1 1.24545E-1 1.29292E-1 1.30525E-1 1.27385E-1 1.29258E-1 1.30469E-1 1.32457E-1 1.42959E-1 1.45587E-1 1.51604E-1 1.56182E-1 1.61399E-1 1.58204E-1 1.55005E-1 1.49633E-1 1.46155E-1 1.40489E-1 1.36066E-1 1.31565E-1 1.25536E-1 1.20742E-1 1.17703E-1 1.21117E-1 1.2614E-1 1.25733E-1 1.29641E-1 1.34581E-1 1.38463E-1 1.31486E-1 1.2774E-1 1.28866E-1 1.25806E-1 1.27137E-1 1.24486E-1 1.2457E-1 1.2605E-1 1.27328E-1 1.28656E-1 1.2813E-1 1.2982E-1 1.35725E-1 1.36414E-1 1.38135E-1 1.37932E-1 1.4942E-1 1.79763E-1 2.63776E-1 3.25169E-1 3.22811E-1 3.29692E-1 3.37577E-1 3.55209E-1 3.78593E-1 3.90565E-1 4.12854E-1 4.33146E-1 4.54807E-1 4.73375E-1
1.07237E-1 1.08435E-1 1.14542E-1 1.23085E-1 1.26621E-1 1.28712E-1 1.30463E-1 1.32069E-1 1.33954E-1 1.34274E-1 1.44373E-1 1.47298E-1 1.48305E-1 1.54136E-1 1.58348E-1 1.61239E-1 1.58397E-1 1.52207E-1 1.42898E-1 1.35855E-1 1.3103E-1 1.28349E-1 1.2545E-1 1.23825E-1 1.18946E-1 1.21122E-1 1.24959E-1 1.22761E-1 1.28666E-1 1.38978E-1 1.44445E-1 1.37135E-1 1.30693E-1 1.28157E-1 1.22244E-1 1.23989E-1 1.26833E-1 1.27015E-1 1.27704E-1 1.30222E-1 1.3091E-1 1.31209E-1 1.3018E-1 1.38194E-1 1.44683E-1 1.50785E-1 1.6823E-1 2.16917E-1 2.89986E-1 3.16794E-1 3.2007E-1 3.19796E-1 3.16911E-1 3.28083E-1 3.33341E-1 3.85315E-1 4.05852E-1 4.26077E-1 4.37366E-1 4.55321E-1 4.65055E-1
1.16867E-1 1.12826E-1 1.15301E-1 1.25878E-1 1.30462E-1 1.29951E-1 1.31072E-1 1.31259E-1 1.34188E-1 1.36204E-1 1.47455E-1 1.48779E-1 1.54862E-1 1.59218E-1 1.60831E-1 1.60759E-1 1.6183E-1 1.55276E-1 1.43866E-1 1.33642E-1 1.29793E-1 1.25524E-1 1.23253E-1 1.24626E-1 1.20907E-1 1.20219E-1 1.21896E-1 1.27198E-1 1.26989E-1 1.32942E-1 1.34365E-1 1.32079E-1 1.31345E-1 1.28626E-1 1.25756E-1 1.24289E-1 1.25441E-1 1.26936E-1 1.30013E-1 1.3054E-1 1.3389E-1 1.37833E-1 1.40365E-1 1.50241E-1 1.60511E-1 2.0679E-1 2.69357E-1 3.13127E-1 3.13172E-1 2.873E-1 2.68229E-1 2.37687E-1 2.65976E-1 2.96757E-1 3.36598E-1 3.84916E-1 4.0363E-1 4.16375E-1 4.20201E-1 4.17276E-1 4.06862E-1
1.16395E-1 1.18051E-1 1.20097E-1 1.26264E-1 1.32218E-1 1.31548E-1 1.33075E-1 1.31377E-1 1.34737E-1 1.38116E-1 1.46941E-1 1.55211E-1 1.56088E-1 1.58995E-1 1.59952E-1 1.58322E-1 1.58353E-1 1.55222E-1 1.45301E-1 1.33499E-1 1.31796E-1 1.29482E-1 1.25885E-1 1.25285E-1 1.21301E-1 1.20248E-1 1.22819E-1 1.26163E-1 1.26858E-1 1.31241E-1 1.33991E-1 1.36953E-1 1.41704E-1 1.36399E-1 1.33172E-1 1.28809E-1 1.28087E-1 1.33978E-1 1.3066E-1 1.29051E-1 1.37228E-1 1.44374E-1 1.51524E-1 1.62124E-1 2.11476E-1 2.61417E-1 2.53864E-1 2.33761E-1 2.1364E-1 1.98625E-1 1.87811E-1 2.15857E-1 2.7672E-1 3.35138E-1 3.55956E-1 3.82598E-1 3.82009E-1 3.43233E-1 2.82975E-1 3.00197E-1 2.9571E-1
1.19421E-1 1.18486E-1 1.17674E-1 1.25628E-1 1.33834E-1 1.33532E-1 1.35701E-1 1.32283E-1 1.33428E-1 1.3925E-1 1.45125E-1 1.54345E-1 1.53716E-1 1.57063E-1 1.56663E-1 1.60266E-1 1.58507E-1 1.55266E-1 1.4967E-1 1.37644E-1 1.33816E-1 1.35628E-1 1.31801E-1 1.31032E-1 1.28274E-1 1.25286E-1 1.25173E-1 1.29626E-1 1.32632E-1 1.33636E-1 1.3579E-1 1.43786E-1 1.46319E-1 1.41405E-1 1.37915E-1 1.31688E-1 1.31222E-1 1.31423E-1 1.2958E-1 1.33483E-1 1.37373E-1 1.52294E-1 1.6249E-1 1.78656E-1 1.82214E-1 1.83086E-1 1.83066E-1 1.80801E-1 1.82643E-1 1.75716E-1 1.86518E-1 2.19961E-1 2.40331E-1 2.71457E-1 2.96783E-1 2.75896E-1 2.59111E-1 2.48609E-1 2.46149E-1 2.59147E-1 2.49623E-1
1.1691E-1 1.17142E-1 1.17466E-1 1.23342E-1 1.34966E-1 1.34071E-1 1.35973E-1 1.38012E-1 1.38759E-1 1.39116E-1 1.45206E-1 1.5152E-1 1.54558E-1 1.55849E-1 1.57899E-1 1.58666E-1 1.5721E-1 1.55667E-1 1.53207E-1 1.44882E-1 1.40112E-1 1.39613E-1 1.40134E-1 1.40188E-1 1.31106E-1 1.2911E-1 1.3157E-1 1.34489E-1 1.41974E-1 1.40573E-1 1.48849E-1 1.53214E-1 1.47142E-1 1.43402E-1 1.43578E-1 1.37621E-1 1.33252E-1 1.31422E-1 1.33538E-1 1.3912E-1 1.48969E-1 1.53845E-1 1.56916E-1 1.53671E-1 1.56289E-1 1.63931E-1 1.68505E-1 1.61559E-1 1.66296E-1 1.80042E-1 1.8487E-1 1.92383E-1 2.09812E-1 2.1306E-1 2.0493E-1 1.99587E-1 2.02451E-1 2.02175E-1 2.07862E-1 2.23228E-1 2.21572E-1
1.12178E-1 1.16581E-1 1.20161E-1 1.24347E-1 1.34728E-1 1.39212E-1 1.41387E-1 1.42436E-1 1.42399E-1 1.44182E-1 1.43433E-1 1.52001E-1 1.57788E-1 1.58416E-1 1.58129E-1 1.61557E-1 1.57921E-1 1.58194E-1 1.56137E-1 1.54485E-1 1.48628E-1 1.44719E-1 1.42932E-1 1.40582E-1 1.33802E-1 1.34458E-1 1.36899E-1 1.45485E-1 1.50032E-1 1.51816E-1 1.5455E-1 1.48659E-1 1.42097E-1 1.40411E-1 1.58176E-1 1.61225E-1 1.34016E-1 1.36385E-1 1.42061E-1 1.50483E-1 1.50062E-1 1.5772E-1 1.57492E-1 1.61556E-1 1.63761E-1 1.69523E-1 1.62007E-1 1.68351E-1 1.63705E-1 1.59218E-1 1.62237E-1 1.61896E-1 1.6423E-1 1.69016E-1 1.70579E-1 1.7566E-1 1.77505E-1 1.70909E-1 1.75922E-1 1.8035E-1 1.85569E-1
1.15883E-1 1.16677E-1 1.23262E-1 1.27189E-1 1.42434E-1 1.42796E-1 1.44124E-1 1.47491E-1 1.45117E-1 1.45977E-1 1.49614E-1 1.54419E-1 1.60205E-1 1.6233E-1 1.6296E-1 1.63214E-1 1.61831E-1 1.61627E-1 1.6004E-1 1.60807E-1 1.53584E-1 1.49757E-1 1.49647E-1 1.40277E-1 1.39884E-1 1.39105E-1 1.42427E-1 1.51357E-1 1.572E-1 1.56293E-1 1.57747E-1 1.51034E-1 1.41605E-1 1.41399E-1 1.43314E-1 1.46843E-1 1.41786E-1 1.50911E-1 1.52522E-1 1.58109E-1 1.6425E-1 1.71682E-1 1.77332E-1 1.77167E-1 1.71794E-1 1.70582E-1 1.71934E-1 1.71017E-1 1.64706E-1 1.57415E-1 1.56642E-1 1.56226E-1 1.57304E-1 1.60876E-1 1.62444E-1 1.6965E-1 1.68161E-1 1.59629E-1 1.63004E-1 1.67432E-1 1.63163E-1
1.13239E-1 1.20039E-1 1.20051E-1 1.3269E-1 1.47388E-1 1.44268E-1 1.45881E-1 1.49513E-1 1.52528E-1 1.46305E-1 1.46113E-1 1.47251E-1 1.44943E-1 1.6373E-1 1.65541E-1 1.66769E-1 1.64365E-1 1.67229E-1 1.6165E-1 1.60327E-1 1.59812E-1 1.55208E-1 1.54083E-1 1.48718E-1 1.50068E-1 1.50463E-1 1.53833E-1 1.55639E-1 1.60353E-1 1.57535E-1 1.58459E-1 1.54665E-1 1.47333E-1 1.40533E-1 1.43913E-1 1.46839E-1 1.56246E-1 1.62482E-1 1.6534E-1 1.68588E-1 1.79393E-1 1.81769E-1 1.84951E-1 1.83243E-1 1.78603E-1 1.68842E-1 1.65471E-1 1.69905E-1 1.67624E-1 1.65822E-1 1.60729E-1 1.58207E-1 1.57919E-1 1.58579E-1 1.61368E-1 1.63751E-1 1.61242E-1 1.62039E-1 1.59433E-1 1.60402E-1 1.59221E-1
1.2103E-1 1.2171E-1 1.27993E-1 1.41903E-1 1.43729E-1 1.46831E-1 1.49123E-1 1.56457E-1 1.56108E-1 1.53058E-1 1.46342E-1 1.33304E-1 1.2935E-1 1.39365E-1 1.73642E-1 1.75905E-1 1.75808E-1 1.71848E-1 1.64424E-1 1.61571E-1 1.63697E-1 1.63419E-1 1.67518E-1 1.69949E-1 1.64936E-1 1.61968E-1 1.57039E-1 1.60998E-1 1.61264E-1 1.60138E-1 1.61323E-1 1.60016E-1 1.50973E-1 1.4506E-1 1.49718E-1 1.55823E-1 1.64931E-1 1.68115E-1 1.72546E-1 1.73548E-1 1.80816E-1 1.79464E-1 1.77845E-1 1.77908E-1 1.70267E-1 1.61259E-1 1.61333E-1 1.66815E-1 1.59972E-1 1.59357E-1 1.62821E-1 1.61206E-1 1.59429E-1 1.58536E-1 1.56889E-1 1.56738E-1 1.55712E-1 1.60106E-1 1.58214E-1 1.58755E-1 1.57085E-1
1.23426E-1 1.24097E-1 1.33859E-1 1.41436E-1 1.42687E-1 1.48855E-1 1.52703E-1 1.56363E-1 1.53035E-1 1.53341E-1 1.40995E-1 1.34344E-1 1.2981E-1 1.24055E-1 1.49521E-1 1.79316E-1 1.76123E-1 1.71861E-1 1.67105E-1 1.61443E-1 1.63943E-1 1.71829E-1 1.7841E-1 1.76008E-1 1.78327E-1 1.70619E-1 1.63093E-1 1.59263E-1 1.59803E-1 1.5974E-1 1.65525E-1 1.65038E-1 1.58884E-1 1.58407E-1 1.62048E-1 1.65809E-1 1.69307E-1 1.73519E-1 1.76326E-1 1.80197E-1 1.83622E-1 1.73204E-1 1.69572E-1 1.69503E-1 1.6693E-1 1.63376E-1 1.63837E-1 1.65458E-1 1.61402E-1 1.67293E-1 1.69103E-1 1.68302E-1 1.61201E-1 1.5326E-1 1.53812E-1 1.48276E-1 1.5122E-1 1.58231E-1 1.60506E-1 1.57844E-1 1.59473E-1
1.30575E-1 1.33212E-1 1.37899E-1 1.44734E-1 1.46824E-1 1.50463E-1 1.51986E-1 1.52493E-1 1.56639E-1 1.50077E-1 1.40304E-1 1.38612E-1 1.38703E-1 1.2519E-1 1.27031E-1 1.63249E-1 1.7463E-1 1.72514E-1 1.67501E-1 1.64572E-1 1.71654E-1 1.7695E-1 1.78318E-1 1.79906E-1 1.81798E-1 1.79655E-1 1.71588E-1 1.57807E-1 1.55186E-1 1.62128E-1 1.61332E-1 1.65754E-1 1.69911E-1 1.73599E-1 1.77509E-1 1.80476E-1 1.88084E-1 1.84434E-1 1.82E-1 1.83659E-1 1.78982E-1 1.72876E-1 1.70235E-1 1.70217E-1 1.70152E-1 1.69764E-1 1.70078E-1 1.70723E-1 1.70776E-1 1.7536E-1 1.7415E-1 1.69154E-1 1.6804E-1 1.64702E-1 1.56246E-1 1.49862E-1 1.5762E-1 1.649E-1 1.71165E-1 1.61859E-1 1.56105E-1
1.32588E-1 1.39817E-1 1.47621E-1 1.51035E-1 1.53111E-1 1.51735E-1 1.52629E-1 1.53423E-1 1.53913E-1 1.44713E-1 1.39795E-1 1.41672E-1 1.38624E-1 1.28742E-1 1.22342E-1 1.39612E-1 1.61095E-1 1.66589E-1 1.7292E-1 1.74823E-1 1.8003E-1 1.78725E-1 1.8231E-1 1.84075E-1 1.86415E-1 1.82785E-1 1.79399E-1 1.65646E-1 1.58132E-1 1.59117E-1 1.64192E-1 1.73058E-1 1.80756E-1 1.83658E-1 1.85529E-1 1.90142E-1 1.98187E-1 1.941E-1 1.95782E-1 1.90057E-1 1.83094E-1 1.74815E-1 1.7371E-1 1.70538E-1 1.75882E-1 1.75619E-1 1.73392E-1 1.69267E-1 1.73922E-1 1.79262E-1 1.78375E-1 1.7329E-1 1.71188E-1 1.67524E-1 1.64605E-1 1.56316E-1 1.64051E-1 1.73984E-1 1.7767E-1 1.70413E-1 1.6182E-1
1.3442E-1 1.45003E-1 1.54737E-1 1.56524E-1 1.56659E-1 1.55386E-1 1.56218E-1 1.52317E-1 1.51911E-1 1.45062E-1 1.37875E-1 1.3594E-1 1.34526E-1 1.27254E-1 1.22959E-1 1.25278E-1 1.49336E-1 1.63833E-1 1.72313E-1 1.70368E-1 1.69225E-1 1.7825E-1 1.94235E-1 1.91911E-1 1.91673E-1 1.92337E-1 1.67313E-1 1.60331E-1 1.5825E-1 1.61716E-1 1.68982E-1 1.81421E-1 1.80656E-1 1.86244E-1 1.87762E-1 1.88311E-1 1.99854E-1 2.02072E-1 2.03033E-1 1.93259E-1 1.9303E-1 1.82161E-1 1.71504E-1 1.70823E-1 1.80329E-1 1.84691E-1 1.80634E-1 1.69294E-1 1.67169E-1 1.75219E-1 1.72195E-1 1.69577E-1 1.64176E-1 1.66191E-1 1.64472E-1 1.62932E-1 1.66969E-1 1.73938E-1 1.74603E-1 1.77141E-1 1.69541E-1
