maxent_outputs/bumblebees/bombus_36.asc
ncols         426
nrows         180
xllcorner     -130.0
yllcorner     24.0
cellsize      0.16666666666666666
NODATA_value  -9999
[rows 81 to 107 of 180, columns 61 to 121 of 426]
3.03038E-2 1.9723E-2 2.70035E-2 1.83505E-2 1.90824E-2 2.13771E-2 1.9376E-2 1.34887E-2 1.63489E-2 1.23045E-2 1.50321E-2 1.69255E-2 1.04531E-2 1.06073E-2 1.17769E-2 1.29783E-2 1.2801E-2 8.28758E-3 7.78195E-3 1.03395E-2 8.35681E-3 6.61178E-3 5.83678E-3 4.65199E-3 5.58937E-3 4.26074E-3 4.16396E-3 5.19353E-3 5.19647E-3 5.14932E-3 5.31586E-3 5.08328E-3 4.8423E-3 5.25221E-3 1.08559E-2 1.41202E-2 1.60121E-2 1.5006E-2 1.40995E-2 1.3264E-2 1.16162E-2 8.56622E-3 7.52993E-3 3.59994E-3 5.91347E-3 2.98066E-3 4.70039E-3 7.82545E-3 5.39878E-3 2.77552E-3 2.73697E-3 1.79828E-3 1.41417E-3 1.65649E-3 1.96695E-3 2.13078E-3 2.15069E-3 2.23149E-3 2.56637E-3 2.4451E-3 2.29679E-3
3.13071E-2 3.398E-2 2.3838E-2 2.33284E-2 1.55879E-2 2.35313E-2 1.62307E-2 1.86086E-2 1.97109E-2 1.39908E-2 1.44944E-2 1.49508E-2 1.35056E-2 1.40831E-2 1.1376E-2 1.111E-2 1.21518E-2 7.87438E-3 1.12224E-2 9.25576E-3 6.35018E-3 6.62036E-3 5.47827E-3 4.84213E-3 5.20902E-3 3.51469E-3 5.56879E-3 4.67968E-3 4.09961E-3 3.80032E-3 5.12186E-3 4.80981E-3 5.19893E-3 5.61879E-3 7.68222E-3 9.31421E-3 1.27411E-2 1.28157E-2 1.32826E-2 1.25104E-2 1.21452E-2 9.8296E-3 7.33741E-3 4.86695E-3 5.17875E-3 5.31441E-3 5.37841E-3 7.36463E-3 1.2831E-2 3.65544E-3 2.57555E-3 1.61119E-3 1.42584E-3 2.02837E-3 2.53065E-3 3.43689E-3 3.02231E-3 2.62434E-3 2.5513E-3 2.3175E-3 2.25316E-3
2.02247E-2 7.60811E-2 2.96801E-2 1.95928E-2 1.47248E-2 2.0437E-2 1.79194E-2 2.22718E-2 1.88556E-2 1.919E-2 1.61645E-2 1.28094E-2 1.95364E-2 1.75012E-2 1.12424E-2 1.12559E-2 9.20135E-3 9.54599E-3 8.2726E-3 6.32728E-3 6.23145E-3 5.95362E-3 4.84217E-3 4.46719E-3 5.23169E-3 4.08424E-3 5.72417E-3 3.95412E-3 3.6904E-3 2.65881E-3 4.74391E-3 4.63117E-3 4.17873E-3 5.21718E-3 6.38983E-3 5.88415E-3 9.97749E-3 1.21161E-2 1.23688E-2 1.11384E-2 9.49676E-3 8.95339E-3 7.36708E-3 5.07129E-3 4.97174E-3 4.96775E-3 5.36092E-3 8.83173E-3 6.66092E-3 4.54094E-3 3.05703E-3 1.76651E-3 1.2686E-3 1.69718E-3 2.83153E-3 3.05969E-3 2.85731E-3 2.36902E-3 2.4337E-3 2.50541E-3 2.4189E-3
1.52599E-2 3.16299E-2 4.06067E-2 2.37099E-2 2.08322E-2 2.247E-2 2.38002E-2 2.28256E-2 2.05393E-2 1.84732E-2 1.3983E-2 2.74789E-2 1.91148E-2 1.43845E-2 9.19491E-3 9.55851E-3 9.91302E-3 7.64307E-3 6.64861E-3 5.27793E-3 4.45309E-3 4.65227E-3 5.31419E-3 4.43829E-3 4.4909E-3 4.23222E-3 4.26513E-3 3.91064E-3 3.54213E-3 4.22062E-3 5.30994E-3 3.38063E-3 3.28178E-3 5.50381E-3 5.30808E-3 3.02732E-3 1.01073E-2 1.10738E-2 1.2361E-2 1.08851E-2 8.9047E-3 7.73845E-3 6.89491E-3 5.51901E-3 3.53417E-3 3.90426E-3 4.31916E-3 6.16548E-3 3.37092E-3 2.80652E-3 2.62593E-3 2.06458E-3 1.2535E-3 1.3583E-3 1.63487E-3 1.83643E-3 2.23844E-3 2.35619E-3 2.3671E-3 2.82711E-3 2.66752E-3
1.71816E-2 1.5644E-2 1.49814E-2 2.22666E-2 2.35148E-2 2.34308E-2 2.31677E-2 2.11499E-2 1.83702E-2 1.59436E-2 2.61914E-2 2.35173E-2 1.08142E-2 9.04719E-3 8.27171E-3 8.24749E-3 7.81124E-3 4.46617E-3 7.35469E-3 4.76611E-3 4.22206E-3 4.34911E-3 5.04501E-3 4.31057E-3 4.53325E-3 4.16034E-3 3.4044E-3 3.50378E-3 3.34439E-3 3.28767E-3 5.18816E-3 3.59222E-3 5.54645E-3 4.45763E-3 3.32661E-3 3.91134E-3 9.63477E-3 8.77782E-3 9.52888E-3 9.33349E-3 6.65183E-3 6.74525E-3 7.49801E-3 6.46357E-3 5.93526E-3 5.07396E-3 4.22391E-3 4.61358E-3 3.03643E-3 2.28011E-3 1.9743E-3 1.11751E-3 1.12237E-3 2.15186E-3 1.94236E-3 1.83397E-3 2.00382E-3 2.59323E-3 3.28246E-3 3.35709E-3 2.33157E-3
2.21886E-2 1.85905E-2 1.83111E-2 2.23512E-2 2.2921E-2 2.20473E-2 2.07803E-2 1.92743E-2 1.74799E-2 1.20175E-2 2.10299E-2 7.1934E-3 8.20162E-3 7.45413E-3 5.97826E-3 7.56196E-3 6.28888E-3 4.92464E-3 4.48284E-3 4.70867E-3 3.61917E-3 3.78102E-3 4.06912E-3 3.81467E-3 4.36922E-3 4.39494E-3 3.09299E-3 3.10114E-3 3.23675E-3 3.88869E-3 4.51013E-3 3.11663E-3 6.04052E-3 4.05574E-3 5.36607E-3 8.63869E-3 8.02767E-3 8.91446E-3 9.66676E-3 7.92008E-3 6.93991E-3 7.80136E-3 7.78801E-3 6.57041E-3 6.37198E-3 6.43081E-3 5.13339E-3 4.16921E-3 2.75197E-3 3.04679E-3 2.39198E-3 9.54881E-4 1.54644E-3 3.34043E-3 3.54621E-3 3.22263E-3 2.57559E-3 1.26029E-3 3.61629E-3 2.51981E-3 1.99248E-3
1.66333E-2 1.36014E-2 1.7283E-2 1.97444E-2 2.13539E-2 2.04683E-2 2.04237E-2 2.02691E-2 1.63127E-2 1.59017E-2 1.48572E-2 9.69516E-3 5.23203E-3 5.65362E-3 5.28728E-3 6.71069E-3 4.32467E-3 7.33581E-3 6.03572E-3 3.80124E-3 3.3221E-3 3.5969E-3 3.34464E-3 3.69566E-3 4.22457E-3 3.39498E-3 2.71972E-3 2.77081E-3 2.49364E-3 3.62616E-3 3.63052E-3 2.13139E-3 6.49172E-3 2.39228E-3 6.21154E-3 7.90391E-3 8.25333E-3 9.59335E-3 8.63318E-3 6.13809E-3 7.6228E-3 7.99256E-3 6.85481E-3 6.72733E-3 6.39102E-3 4.95555E-3 4.80324E-3 4.34355E-3 2.58313E-3 2.79674E-3 1.31401E-3 1.06003E-3 2.02981E-3 3.07977E-3 2.98095E-3 4.07735E-3 4.22799E-3 3.05168E-3 4.8421E-3 2.78341E-3 1.46131E-3
1.40564E-2 1.72067E-2 1.56466E-2 2.08404E-2 1.78053E-2 1.69322E-2 1.952E-2 1.85425E-2 1.91637E-2 1.47814E-2 1.16707E-2 9.33739E-3 4.82669E-3 5.07203E-3 4.87379E-3 4.53221E-3 4.52698E-3 7.57024E-3 4.54625E-3 3.36848E-3 2.97035E-3 3.4355E-3 3.50303E-3 3.40194E-3 3.38574E-3 2.85434E-3 1.87272E-3 2.17082E-3 2.62886E-3 2.99193E-3 2.29102E-3 2.18726E-3 6.04851E-3 1.96059E-3 5.05167E-3 7.73845E-3 6.51112E-3 9.14151E-3 6.8629E-3 7.63864E-3 8.18568E-3 7.20104E-3 6.44952E-3 6.60824E-3 5.42106E-3 4.40608E-3 4.25552E-3 4.78417E-3 3.7751E-3 1.94767E-3 8.74694E-4 1.53014E-3 3.40389E-3 2.85038E-3 3.17372E-3 3.68809E-3 4.90534E-3 5.34283E-3 6.32858E-3 3.63723E-3 1.31004E-3
1.54941E-2 9.59555E-3 1.03115E-2 1.78065E-2 1.59677E-2 1.71459E-2 1.82974E-2 1.73507E-2 1.27471E-2 1.27593E-2 1.06941E-2 9.45028E-3 5.16352E-3 3.36842E-3 4.06439E-3 3.42975E-3 7.66001E-3 5.21181E-3 2.49499E-3 3.12481E-3 2.2172E-3 2.6356E-3 3.55752E-3 3.1833E-3 4.16025E-3 3.71618E-3 1.97897E-3 2.664E-3 3.48434E-3 2.32681E-3 2.3305E-3 3.72405E-3 4.56591E-3 4.46296E-3 7.89388E-3 8.03083E-3 8.01282E-3 6.11853E-3 8.26297E-3 9.79107E-3 1.21262E-2 7.98723E-3 6.50706E-3 5.92403E-3 4.84239E-3 4.54366E-3 3.08365E-3 4.10517E-3 3.74018E-3 1.45969E-3 8.84409E-4 2.18533E-3 3.28643E-3 3.04952E-3 3.7814E-3 4.2138E-3 5.98164E-3 5.83284E-3 6.05249E-3 4.37918E-3 3.37652E-3
1.49949E-2 9.5391E-3 1.08278E-2 1.56992E-2 1.6341E-2 1.28589E-2 1.81757E-2 1.60663E-2 1.75608E-2 1.83035E-2 1.5356E-2 1.3197E-2 5.32243E-3 4.19605E-3 2.44632E-3 3.19676E-3 7.34151E-3 3.39976E-3 2.99242E-3 2.18292E-3 2.8357E-3 3.10542E-3 3.46941E-3 3.44804E-3 4.41649E-3 4.73199E-3 2.23496E-3 3.59846E-3 4.79226E-3 2.91529E-3 2.16465E-3 3.68409E-3 4.24911E-3 1.97533E-3 6.30289E-3 6.43251E-3 7.44908E-3 5.90341E-3 8.36784E-3 1.00678E-2 1.18421E-2 7.45382E-3 6.19974E-3 5.41191E-3 5.47568E-3 2.91703E-3 2.72805E-3 4.35111E-3 3.02893E-3 1.83959E-3 1.56719E-3 3.50068E-3 3.34965E-3 3.02393E-3 3.02466E-3 3.3946E-3 6.28039E-3 5.19594E-3 5.48735E-3 4.77403E-3 4.19079E-3
9.90905E-3 7.28629E-3 1.1414E-2 1.27148E-2 1.3294E-2 1.11976E-2 2.25004E-2 1.53316E-2 1.00377E-2 1.15157E-2 1.35936E-2 1.06241E-2 6.86268E-3 4.34994E-3 2.23822E-3 3.12429E-3 6.512E-3 1.7527E-3 2.87323E-3 1.72165E-3 3.02814E-3 3.48811E-3 3.70819E-3 3.49829E-3 4.58741E-3 5.65256E-3 4.64861E-3 4.53857E-3 5.57827E-3 3.04224E-3 2.50875E-3 4.44006E-3 4.5784E-3 3.0718E-3 6.2777E-3 5.62382E-3 5.26897E-3 6.07824E-3 7.79047E-3 8.74438E-3 8.28792E-3 6.36213E-3 5.97247E-3 5.53944E-3 3.98032E-3 2.18135E-3 4.44012E-3 2.56381E-3 1.30772E-3 9.5362E-4 2.3961E-3 4.76222E-3 4.44223E-3 3.57667E-3 3.14017E-3 4.91921E-3 4.92794E-3 5.15028E-3 6.09442E-3 4.91567E-3 4.93771E-3
5.43759E-3 6.44487E-3 7.58102E-3 5.9521E-3 5.59994E-3 9.65269E-3 9.09562E-3 2.03077E-2 1.42384E-2 1.2846E-2 8.55751E-3 7.74369E-3 6.98082E-3 8.8283E-3 7.13385E-3 7.04129E-3 4.62761E-3 3.14305E-3 2.46248E-3 3.56419E-3 3.94772E-3 4.73617E-3 4.78771E-3 4.34274E-3 5.64593E-3 4.99395E-3 3.39166E-3 5.05003E-3 6.14896E-3 4.20463E-3 3.99068E-3 4.30635E-3 5.1326E-3 5.2539E-3 5.34377E-3 4.15662E-3 5.87205E-3 5.524E-3 8.00917E-3 6.40022E-3 5.89946E-3 5.58558E-3 5.08993E-3 3.729E-3 2.55401E-3 3.74966E-3 2.16372E-3 1.29825E-3 9.45258E-4 1.02854E-3 2.2497E-3 4.49479E-3 4.54014E-3 6.22455E-3 5.99453E-3 4.118E-3 3.91247E-3 4.05433E-3 6.15101E-3 5.58305E-3 5.22798E-3
5.30712E-3 3.0016E-3 3.35012E-3 2.9179E-3 6.78618E-3 7.55122E-3 4.54641E-3 1.10057E-2 9.29647E-3 9.83101E-3 1.4792E-2 6.20865E-3 9.49273E-3 1.13544E-2 1.1864E-2 8.16617E-3 5.73661E-3 4.36295E-3 2.97674E-3 4.95786E-3 4.18511E-3 5.54233E-3 5.00172E-3 5.65281E-3 4.75613E-3 4.55969E-3 3.56394E-3 5.99004E-3 6.48608E-3 5.21083E-3 5.32689E-3 4.71617E-3 4.95681E-3 4.50428E-3 5.0223E-3 4.10298E-3 5.6048E-3 5.29491E-3 7.26638E-3 5.81819E-3 5.88867E-3 5.13901E-3 3.31064E-3 2.85461E-3 1.22197E-3 3.05879E-3 1.63543E-3 1.57545E-3 1.35469E-3 1.74088E-3 1.93747E-3 4.76981E-3 6.25151E-3 6.73288E-3 6.29461E-3 5.15033E-3 4.53078E-3 4.37029E-3 6.29914E-3 7.32855E-3 8.10706E-3
4.2343E-3 2.45826E-3 2.52388E-3 4.26034E-3 2.27567E-3 2.84677E-3 2.98192E-3 6.259E-3 8.30399E-3 9.88218E-3 1.55585E-2 1.10687E-2 9.14479E-3 1.26664E-2 1.42799E-2 8.75057E-3 8.38054E-3 5.41152E-3 5.49038E-3 6.31621E-3 5.39277E-3 5.7825E-3 6.16296E-3 5.76469E-3 5.38963E-3 3.40664E-3 5.32663E-3 7.18646E-3 7.8234E-3 7.28605E-3 7.79632E-3 5.96794E-3 4.45912E-3 3.9429E-3 3.92398E-3 3.53185E-3 4.33868E-3 3.99762E-3 6.01785E-3 5.86722E-3 5.54614E-3 5.57478E-3 4.58759E-3 3.44079E-3 1.40152E-3 3.39332E-3 2.47946E-3 1.37248E-3 8.61368E-4 1.2517E-3 2.05157E-3 4.62186E-3 6.46419E-3 5.78191E-3 5.67546E-3 5.75523E-3 7.03804E-3 4.7789E-3 5.91204E-3 9.11879E-3 8.33709E-3
8.14303E-3 3.32537E-3 2.03342E-3 2.34105E-3 4.77618E-3 5.53123E-3 3.12804E-3 5.16056E-3 6.95556E-3 7.70414E-3 1.37216E-2 1.45187E-2 1.12041E-2 1.42855E-2 1.12989E-2 9.48944E-3 1.00496E-2 8.41204E-3 7.4657E-3 6.76564E-3 4.97345E-3 5.34474E-3 6.69892E-3 6.10946E-3 3.2391E-3 5.51301E-3 6.90537E-3 7.87112E-3 7.88301E-3 9.75077E-3 9.59955E-3 6.81842E-3 5.96716E-3 5.10845E-3 4.09572E-3 3.52074E-3 4.36781E-3 5.64233E-3 6.61235E-3 5.41507E-3 5.08952E-3 3.87569E-3 3.56995E-3 2.94283E-3 2.04274E-3 2.17861E-3 1.62476E-3 1.53575E-3 4.81464E-4 6.20972E-4 8.23129E-4 2.9821E-3 5.25097E-3 3.77252E-3 3.13643E-3 6.5543E-3 9.35169E-3 6.52799E-3 6.65552E-3 6.04474E-3 6.67912E-3
2.63243E-2 8.91982E-3 3.44573E-3 1.61538E-3 5.48827E-3 4.01071E-3 3.62018E-3 4.46135E-3 5.08156E-3 5.09107E-3 1.13065E-2 1.25992E-2 1.21579E-2 1.29515E-2 1.29429E-2 1.23565E-2 1.03253E-2 8.72649E-3 8.01316E-3 6.2308E-3 4.0763E-3 4.62468E-3 6.3212E-3 6.30997E-3 6.57026E-3 6.15021E-3 7.04885E-3 7.79415E-3 9.06157E-3 1.08192E-2 9.32142E-3 7.04665E-3 7.59676E-3 7.03538E-3 4.53061E-3 5.05871E-3 5.90942E-3 5.48367E-3 5.45221E-3 5.19993E-3 4.96732E-3 4.04093E-3 3.08251E-3 2.00462E-3 2.26417E-3 1.39514E-3 1.57448E-3 1.14346E-3 1.44414E-3 2.8722E-3 3.59767E-3 4.74012E-3 4.77085E-3 6.18969E-3 3.61422E-3 8.08972E-3 1.32682E-2 8.6143E-3 5.56694E-3 3.55029E-3 3.17943E-3
3.97575E-2 1.31823E-2 3.65554E-3 1.349E-3 3.07718E-3 3.31365E-3 2.57837E-3 4.41665E-3 7.6192E-3 2.39151E-3 1.15577E-2 7.48074E-3 8.5471E-3 1.8435E-2 1.05042E-2 9.7244E-3 1.08569E-2 9.47831E-3 8.41596E-3 6.71257E-3 5.77581E-3 5.2179E-3 6.02172E-3 7.30947E-3 7.49728E-3 6.25607E-3 6.36048E-3 1.03557E-2 1.20065E-2 1.0407E-2 9.29875E-3 9.09071E-3 8.84075E-3 6.94218E-3 5.53275E-3 6.30513E-3 5.56117E-3 5.75658E-3 5.97727E-3 5.83962E-3 5.19274E-3 2.50177E-3 1.41313E-3 1.47231E-3 2.09779E-3 1.48798E-3 1.74013E-3 1.7188E-3 3.65653E-3 5.03505E-3 6.21231E-3 7.00229E-3 6.48926E-3 9.45038E-3 9.86509E-3 1.06728E-2 1.85415E-2 8.72703E-3 4.90662E-3 2.67446E-3 2.83085E-3
9.84118E-2 2.01983E-2 4.98674E-3 6.92569E-3 4.77097E-3 2.55882E-3 2.76176E-3 6.12887E-3 1.8732E-2 1.62111E-3 5.21807E-3 9.7734E-3 9.22573E-3 8.85126E-3 8.95514E-3 1.14257E-2 1.27827E-2 1.12063E-2 8.22442E-3 7.72639E-3 7.47593E-3 6.1235E-3 5.75098E-3 7.87182E-3 8.07816E-3 8.13067E-3 8.68573E-3 1.65588E-2 1.26779E-2 9.69033E-3 8.67889E-3 1.06773E-2 9.32153E-3 6.86565E-3 6.30809E-3 5.95594E-3 6.45567E-3 6.29483E-3 5.03741E-3 6.0098E-3 2.60517E-3 1.61993E-3 1.04568E-3 1.54731E-3 1.69597E-3 1.65329E-3 4.0581E-3 3.95591E-3 3.4468E-3 4.96271E-3 6.77912E-3 8.11165E-3 1.08238E-2 1.17154E-2 1.71551E-2 1.84339E-2 1.18388E-2 8.9499E-3 5.76687E-3 3.47805E-3 4.96128E-3
1.73064E-1 6.63843E-2 2.45869E-2 2.6623E-2 7.13722E-3 2.35942E-3 1.14897E-3 1.2389E-2 2.44766E-2 5.38327E-3 3.93221E-3 1.33235E-2 8.59276E-3 5.69841E-3 1.1614E-2 1.24304E-2 1.5466E-2 1.05798E-2 8.35222E-3 7.89336E-3 7.82486E-3 6.7709E-3 6.85456E-3 9.71209E-3 7.80723E-3 1.28184E-2 1.17834E-2 1.65849E-2 1.58338E-2 1.21501E-2 9.26435E-3 1.49969E-2 1.11573E-2 7.80207E-3 1.34167E-2 1.17387E-2 1.19043E-2 6.56712E-3 3.3087E-3 1.07109E-2 3.48767E-3 3.2196E-3 2.87096E-3 2.6811E-3 2.45953E-3 3.00018E-3 5.12144E-3 5.33478E-3 5.44602E-3 6.3527E-3 6.99537E-3 7.78971E-3 1.23245E-2 1.59878E-2 2.04951E-2 1.47295E-2 9.32113E-3 1.03328E-2 7.23779E-3 4.46617E-3 7.07953E-3
2.17441E-1 1.83726E-1 8.5422E-2 2.72898E-2 5.75365E-3 3.21797E-3 9.2352E-4 2.28706E-3 6.7255E-3 1.68323E-2 7.61574E-3 2.12979E-2 2.45567E-2 2.75342E-2 1.42431E-2 1.19906E-2 2.0528E-2 1.8047E-2 1.1429E-2 8.58746E-3 5.55385E-3 4.83853E-3 9.75535E-3 1.10567E-2 1.14148E-2 1.20627E-2 1.59817E-2 1.55483E-2 2.51687E-2 1.50003E-2 1.76986E-2 2.49722E-2 2.96262E-2 2.00833E-2 2.81613E-2 2.58416E-2 2.6249E-2 1.66925E-2 2.17839E-2 2.55163E-2 1.53492E-2 8.50776E-3 6.10087E-3 5.93488E-3 4.90676E-3 4.45758E-3 6.38016E-3 9.30704E-3 9.43365E-3 1.03037E-2 1.14942E-2 1.35103E-2 7.77883E-3 2.0229E-2 2.01023E-2 1.75376E-2 1.8139E-2 1.38712E-2 9.68913E-3 8.62657E-3 9.16596E-3
2.73794E-1 2.73514E-1 1.69144E-1 5.37099E-2 1.10994E-2 5.50518E-3 1.34699E-3 1.34755E-3 2.02962E-3 2.54437E-2 4.12577E-3 1.15151E-2 3.11154E-2 3.08942E-2 4.98156E-2 2.20838E-2 1.48021E-2 1.80974E-2 2.05722E-2 1.6012E-2 1.07117E-2 1.08842E-2 1.62784E-2 1.32119E-2 1.15345E-2 1.24296E-2 2.07298E-2 2.11748E-2 2.70325E-2 3.42211E-2 3.49506E-2 4.84187E-2 3.59481E-2 4.2173E-2 4.78844E-2 3.49761E-2 3.05135E-2 4.23232E-2 3.4354E-2 1.92809E-2 1.4406E-2 9.98623E-3 6.53788E-3 8.47765E-3 7.88238E-3 6.28615E-3 6.337E-3 1.10108E-2 1.13366E-2 1.64336E-2 2.13472E-2 3.30077E-2 2.08976E-2 1.55322E-2 1.16231E-2 1.03461E-2 1.33243E-2 9.98812E-3 8.16905E-3 9.30632E-3 8.60551E-3
3.58954E-1 3.06194E-1 2.61244E-1 2.42244E-1 1.0288E-1 2.33899E-2 8.49333E-3 2.98045E-3 1.4573E-3 2.37799E-2 8.29331E-3 3.08281E-2 3.9552E-2 1.56864E-2 3.97719E-2 8.16372E-2 1.51825E-2 2.38022E-2 3.38208E-2 2.58291E-2 2.26901E-2 1.64953E-2 2.20123E-2 2.30054E-2 1.70073E-2 2.50145E-2 2.55702E-2 2.29875E-2 2.35819E-2 5.3807E-2 5.02746E-2 5.45198E-2 3.09774E-2 6.37828E-2 6.80237E-2 6.41584E-2 3.22123E-2 2.83182E-2 2.58077E-2 1.49495E-2 1.03791E-2 9.07082E-3 9.45201E-3 1.01305E-2 8.2804E-3 6.59132E-3 5.34287E-3 5.23766E-3 6.57381E-3 1.8443E-2 1.70714E-2 1.74608E-2 1.55179E-2 1.06586E-2 6.04676E-3 6.51552E-3 7.96378E-3 8.76943E-3 8.70313E-3 8.15914E-3 7.3118E-3
4.19888E-1 3.71681E-1 3.61394E-1 2.62225E-1 1.3214E-1 3.09682E-2 1.19039E-2 5.61641E-3 1.32082E-3 1.33554E-2 2.52845E-2 2.69473E-2 1.31177E-1 3.58684E-2 2.27476E-2 2.71363E-1 1.52972E-1 5.44257E-2 5.16995E-2 5.05702E-2 4.63393E-2 3.63873E-2 3.1216E-2 2.573E-2 2.44436E-2 3.12693E-2 2.89167E-2 1.30467E-2 1.5147E-2 6.25638E-2 8.02955E-2 8.05412E-2 7.5284E-2 9.34323E-2 7.72836E-2 3.39884E-2 1.48936E-2 1.09203E-2 1.51636E-2 1.25504E-2 8.43451E-3 8.22501E-3 8.47042E-3 9.55789E-3 6.59446E-3 3.33164E-3 4.66326E-3 5.36193E-3 1.04051E-2 1.16155E-2 7.24313E-3 8.09802E-3 7.73522E-3 7.78455E-3 6.95676E-3 3.76441E-3 5.75823E-3 6.91905E-3 7.18833E-3 6.6641E-3 6.19935E-3
3.74772E-1 3.84374E-1 4.08046E-1 3.57245E-1 2.30497E-1 1.13479E-1 2.09736E-2 2.63765E-3 1.28714E-3 2.2681E-3 2.64872E-2 1.71691E-2 2.54726E-2 2.81777E-2 2.98672E-2 1.74774E-1 1.82837E-1 3.03399E-1 8.20651E-2 6.32122E-2 6.47317E-2 5.91596E-2 4.65325E-2 2.71464E-2 3.31027E-2 3.77516E-2 3.50725E-2 7.85422E-3 1.19895E-2 5.78193E-2 8.26443E-2 9.69031E-2 1.10005E-1 9.07359E-2 2.786E-2 3.58692E-2 2.36507E-2 9.50802E-3 1.0604E-2 9.31283E-3 8.35218E-3 7.87186E-3 1.00479E-2 1.16435E-2 3.96802E-3 1.92313E-3 2.84206E-3 9.16494E-3 1.04079E-2 5.22999E-3 4.57848E-3 4.83399E-3 4.75683E-3 4.65944E-3 4.49729E-3 3.68469E-3 3.91738E-3 4.05061E-3 5.79023E-3 5.97227E-3 5.29739E-3
3.94744E-1 4.14276E-1 3.82341E-1 3.81184E-1 3.55141E-1 2.38382E-1 4.80876E-2 3.03985E-3 2.87558E-3 1.57963E-3 9.72018E-3 4.33035E-2 1.74728E-2 2.91061E-2 9.27988E-2 3.18958E-2 4.30873E-2 3.49321E-1 1.51968E-1 6.06928E-2 7.66901E-2 7.76839E-2 5.79106E-2 1.31827E-2 8.02389E-3 1.35723E-2 4.15089E-2 3.75229E-2 3.21188E-2 7.43671E-2 7.46241E-2 8.22993E-2 1.28129E-1 9.23245E-2 6.66629E-2 7.27502E-2 2.09658E-2 7.44685E-3 8.7618E-3 6.35637E-3 7.40545E-3 7.92E-3 9.78207E-3 1.95739E-2 7.68667E-3 1.96111E-3 1.89792E-3 8.5555E-3 5.54105E-3 4.7423E-3 5.83229E-3 5.08703E-3 4.61426E-3 5.21212E-3 4.8338E-3 4.55853E-3 3.74332E-3 2.87564E-3 3.07724E-3 3.88845E-3 5.35419E-3
3.84813E-1 3.81165E-1 3.83409E-1 3.94442E-1 3.55432E-1 2.09249E-1 7.57088E-2 1.03709E-2 7.29852E-3 3.05903E-3 7.80848E-3 2.81783E-2 1.29322E-2 2.54831E-2 8.51257E-2 6.66015E-2 1.78681E-2 2.8659E-1 1.76756E-1 5.68291E-2 8.6994E-2 7.84424E-2 6.5394E-2 3.7029E-2 6.95489E-3 6.14709E-3 3.11661E-2 9.32233E-2 1.0889E-1 9.39958E-2 8.56146E-2 1.0109E-1 1.43611E-1 6.31283E-2 8.18901E-2 8.70234E-2 1.77612E-2 6.49975E-3 1.25851E-2 1.75832E-2 1.58453E-2 2.13806E-2 1.86473E-2 1.22195E-2 1.74473E-2 8.45449E-3 2.69724E-3 8.18626E-3 7.58684E-3 7.175E-3 7.59949E-3 6.75904E-3 6.19563E-3 6.38894E-3 5.41931E-3 4.39477E-3 3.49427E-3 3.4331E-3 3.08526E-3 2.83004E-3 4.82792E-3
4.03686E-1 3.85138E-1 3.73778E-1 3.66399E-1 3.55012E-1 3.01073E-1 1.49434E-1 2.48696E-2 1.31822E-2 4.81207E-3 8.58496E-3 4.11113E-2 2.66027E-2 1.63642E-2 5.12325E-2 1.46091E-1 1.85516E-2 1.89161E-1 2.56116E-1 4.25238E-2 6.99484E-2 9.30915E-2 6.00838E-2 5.0612E-2 3.44465E-2 1.88999E-2 4.25062E-2 9.57017E-2 1.29863E-1 1.25348E-1 1.97486E-1 1.31589E-1 1.87625E-1 1.27315E-1 1.19881E-1 6.12905E-2 2.26065E-2 1.01517E-2 1.66015E-2 3.27449E-2 9.37355E-3 6.91228E-3 6.07903E-3 8.36243E-3 5.17546E-3 1.10965E-2 1.30411E-2 1.45496E-2 9.80064E-3 1.04891E-2 1.09046E-2 9.19955E-3 7.428E-3 6.78269E-3 5.21148E-3 4.40597E-3 3.84132E-3 3.32283E-3 3.2615E-3 3.42148E-3 4.37504E-3
