maxent_outputs/bumblebees/bombus_239.asc
ncols         426
nrows         180
xllcorner     -130.0
yllcorner     24.0
cellsize      0.16666666666666666
NODATA_value  -9999
[rows 27 to 53 of 180, columns 305 to 365 of 426]
5.06762E-1 5.03526E-1 5.02335E-1 5.06029E-1 5.02844E-1 5.0989E-1 5.19295E-1 5.26149E-1 5.30608E-1 5.3022E-1 5.26664E-1 5.19427E-1 5.12233E-1 5.09313E-1 5.08795E-1 5.11456E-1 5.18625E-1 5.17034E-1 5.11212E-1 5.15281E-1 5.15952E-1 5.15677E-1 5.22575E-1 5.25833E-1 5.19893E-1 5.30551E-1 5.38214E-1 5.32909E-1 5.41783E-1 5.47702E-1 5.43954E-1 5.43662E-1 5.46016E-1 5.44959E-1 5.51062E-1 5.50164E-1 5.50897E-1 5.47375E-1 5.51402E-1 5.47705E-1 5.42336E-1 5.41794E-1 5.4318E-1 5.40344E-1 5.40268E-1 5.37045E-1 5.36448E-1 5.39556E-1 5.4245E-1 5.49968E-1 5.51234E-1 5.58646E-1 5.63812E-1 5.65997E-1 5.73264E-1 5.83139E-1 5.8189E-1 5.847E-1 5.92012E-1 6.0416E-1 6.20005E-1
5.10854E-1 5.06784E-1 5.03295E-1 5.02985E-1 5.04682E-1 5.10673E-1 5.18012E-1 5.23031E-1 5.24626E-1 5.24583E-1 5.23477E-1 5.22212E-1 5.12691E-1 5.06182E-1 5.0549E-1 5.09496E-1 5.14245E-1 5.11738E-1 5.12206E-1 5.14159E-1 5.11846E-1 5.15961E-1 5.19885E-1 5.22677E-1 5.20377E-1 5.32245E-1 5.31803E-1 5.32804E-1 5.3529E-1 5.38984E-1 5.39726E-1 5.39286E-1 5.42986E-1 5.41116E-1 5.44109E-1 5.43585E-1 5.438E-1 5.43559E-1 5.43398E-1 5.46981E-1 5.43626E-1 5.43366E-1 5.43234E-1 5.43209E-1 5.43008E-1 5.41992E-1 5.44204E-1 5.48463E-1 5.49414E-1 5.53062E-1 5.6079E-1 5.64282E-1 5.70105E-1 5.73638E-1 5.79666E-1 5.87472E-1 5.89414E-1 5.94213E-1 6.09955E-1 6.32468E-1 6.45452E-1
5.1492E-1 5.1278E-1 5.06452E-1 5.0697E-1 5.10398E-1 5.18027E-1 5.23555E-1 5.26752E-1 5.29058E-1 5.31271E-1 5.28978E-1 5.24647E-1 5.21198E-1 5.15693E-1 5.09605E-1 5.11443E-1 5.07988E-1 5.10484E-1 5.10813E-1 5.13228E-1 5.14E-1 5.1426E-1 5.17494E-1 5.2025E-1 5.20417E-1 5.25363E-1 5.31906E-1 5.30675E-1 5.3154E-1 5.31134E-1 5.32181E-1 5.34797E-1 5.39403E-1 5.41392E-1 5.40115E-1 5.37731E-1 5.41621E-1 5.39132E-1 5.43428E-1 5.49172E-1 5.4764E-1 5.43369E-1 5.46236E-1 5.45442E-1 5.47296E-1 5.5105E-1 5.532E-1 5.63099E-1 5.64025E-1 5.62425E-1 5.69393E-1 5.7154E-1 5.77284E-1 5.84362E-1 5.89116E-1 5.97366E-1 6.04201E-1 6.11747E-1 6.19866E-1 6.42992E-1 6.66281E-1
5.11756E-1 5.14774E-1 5.07042E-1 5.181E-1 5.18999E-1 5.18849E-1 5.27755E-1 5.29521E-1 5.30793E-1 5.37669E-1 5.35649E-1 5.33262E-1 5.27794E-1 5.18087E-1 5.18997E-1 5.158E-1 5.16675E-1 5.17901E-1 5.12043E-1 5.17049E-1 5.16477E-1 5.19701E-1 5.20923E-1 5.19839E-1 5.2404E-1 5.27225E-1 5.31045E-1 5.3298E-1 5.33448E-1 5.30354E-1 5.3097E-1 5.32762E-1 5.33939E-1 5.35566E-1 5.32606E-1 5.32398E-1 5.34327E-1 5.38711E-1 5.40753E-1 5.45387E-1 5.41562E-1 5.41677E-1 5.38658E-1 5.43015E-1 5.49735E-1 5.52595E-1 5.64493E-1 5.68643E-1 5.70801E-1 5.7527E-1 5.84112E-1 5.78983E-1 5.93787E-1 5.93001E-1 6.02106E-1 6.11283E-1 6.20867E-1 6.33201E-1 6.54461E-1 6.66406E-1 6.8507E-1
5.27394E-1 5.29702E-1 5.14241E-1 5.19172E-1 5.2379E-1 5.29173E-1 5.42092E-1 5.40282E-1 5.39753E-1 5.41676E-1 5.47007E-1 5.47503E-1 5.48648E-1 5.49321E-1 5.36207E-1 5.26704E-1 5.21082E-1 5.18559E-1 5.18303E-1 5.17495E-1 5.25563E-1 5.2418E-1 5.24031E-1 5.31011E-1 5.33567E-1 5.35834E-1 5.44171E-1 5.4681E-1 5.34533E-1 5.34541E-1 5.28887E-1 5.28643E-1 5.31473E-1 5.29311E-1 5.31941E-1 5.29353E-1 5.33934E-1 5.38563E-1 5.39571E-1 5.40825E-1 5.40034E-1 5.4977E-1 5.53947E-1 5.5461E-1 5.56915E-1 5.59203E-1 5.74811E-1 5.83544E-1 5.8729E-1 5.89275E-1 5.95733E-1 5.94974E-1 6.00548E-1 6.01892E-1 6.09374E-1 6.23748E-1 6.43534E-1 6.61102E-1 6.79683E-1 6.93325E-1 7.02518E-1
5.43761E-1 5.49065E-1 5.4929E-1 5.47584E-1 5.47544E-1 5.46783E-1 5.52413E-1 5.41024E-1 5.39945E-1 5.49517E-1 5.56074E-1 5.66561E-1 5.77014E-1 5.58861E-1 5.42612E-1 5.36394E-1 5.30126E-1 5.22022E-1 5.21844E-1 5.27294E-1 5.29508E-1 5.29101E-1 5.25957E-1 5.38135E-1 5.47627E-1 5.49141E-1 5.5597E-1 5.55177E-1 5.49151E-1 5.3942E-1 5.32787E-1 5.2783E-1 5.26693E-1 5.26989E-1 5.28645E-1 5.29276E-1 5.29855E-1 5.41271E-1 5.42253E-1 5.44896E-1 5.52554E-1 5.75746E-1 5.99936E-1 6.00722E-1 5.82457E-1 5.78387E-1 5.88948E-1 5.9008E-1 6.03145E-1 6.14072E-1 6.12997E-1 6.13654E-1 6.17357E-1 6.19938E-1 6.2732E-1 6.45362E-1 6.58934E-1 6.81153E-1 7.05083E-1 7.14401E-1 7.15668E-1
5.59802E-1 5.62798E-1 5.75831E-1 5.76285E-1 5.81151E-1 5.79158E-1 5.77116E-1 5.64281E-1 5.58239E-1 5.56762E-1 5.78002E-1 6.04694E-1 5.93965E-1 5.70078E-1 5.50665E-1 5.40981E-1 5.34796E-1 5.26592E-1 5.22097E-1 5.23106E-1 5.2234E-1 5.31868E-1 5.3958E-1 5.47806E-1 5.57072E-1 5.46533E-1 5.49618E-1 5.56124E-1 5.49266E-1 5.46046E-1 5.36008E-1 5.29036E-1 5.28212E-1 5.28557E-1 5.28526E-1 5.29433E-1 5.33285E-1 5.41647E-1 5.49769E-1 5.50706E-1 5.59242E-1 5.74445E-1 5.88011E-1 5.97189E-1 5.89795E-1 5.98746E-1 6.10698E-1 6.17168E-1 6.22806E-1 6.29136E-1 6.35883E-1 6.35651E-1 6.37372E-1 6.431E-1 6.48323E-1 6.61282E-1 6.79814E-1 6.98852E-1 7.18302E-1 7.12948E-1 -9999
5.63003E-1 5.60492E-1 5.76712E-1 5.90244E-1 5.94507E-1 5.95386E-1 5.92477E-1 5.80765E-1 5.78352E-1 5.82839E-1 6.00696E-1 6.08465E-1 5.95382E-1 5.74127E-1 5.50721E-1 5.35141E-1 5.33554E-1 5.32014E-1 5.3312E-1 5.30511E-1 5.36001E-1 5.37736E-1 5.39816E-1 5.49803E-1 5.56673E-1 5.49875E-1 5.50697E-1 5.53784E-1 5.48668E-1 5.40075E-1 5.33188E-1 5.253E-1 5.23313E-1 5.24644E-1 5.29705E-1 5.32089E-1 5.43669E-1 5.57107E-1 5.63407E-1 5.65318E-1 5.73122E-1 5.90332E-1 5.96061E-1 6.05623E-1 6.06952E-1 6.15028E-1 6.23941E-1 6.33949E-1 6.3918E-1 6.35182E-1 6.38662E-1 6.386E-1 6.44105E-1 6.59692E-1 6.73826E-1 6.90546E-1 6.96982E-1 7.12939E-1 7.108E-1 -9999 7.41397E-1
5.68978E-1 5.72692E-1 5.75142E-1 5.8406E-1 5.86059E-1 5.85852E-1 5.93149E-1 6.02882E-1 5.96663E-1 5.90923E-1 5.9969E-1 6.07795E-1 6.00315E-1 5.81832E-1 5.63471E-1 5.53346E-1 5.42522E-1 5.45087E-1 5.44088E-1 5.46526E-1 5.48783E-1 5.45515E-1 5.49065E-1 5.60407E-1 5.60407E-1 5.62019E-1 5.67346E-1 5.66612E-1 5.57725E-1 5.46152E-1 5.35308E-1 5.28514E-1 5.22086E-1 5.29582E-1 5.33306E-1 5.39731E-1 5.501E-1 5.59539E-1 5.6809E-1 5.75421E-1 5.87288E-1 5.96445E-1 6.0622E-1 6.19693E-1 6.25168E-1 6.343E-1 6.43956E-1 6.55307E-1 6.61145E-1 6.63697E-1 6.62135E-1 6.53616E-1 6.57411E-1 6.55398E-1 6.66746E-1 6.90502E-1 7.06474E-1 7.34015E-1 7.33038E-1 7.22279E-1 7.15105E-1
5.80089E-1 5.82911E-1 5.92424E-1 5.97138E-1 5.89706E-1 5.8151E-1 5.94864E-1 5.9267E-1 5.95815E-1 5.90154E-1 5.93244E-1 5.99857E-1 6.01539E-1 5.95105E-1 5.8131E-1 5.70743E-1 5.65154E-1 5.64503E-1 5.58876E-1 5.59337E-1 5.57866E-1 5.57009E-1 5.64739E-1 5.69254E-1 5.74288E-1 5.7622E-1 5.77212E-1 5.77065E-1 5.73429E-1 5.5824E-1 5.44497E-1 5.28567E-1 5.19164E-1 5.31237E-1 5.41628E-1 5.459E-1 5.57753E-1 5.67179E-1 5.81068E-1 5.92855E-1 6.0556E-1 6.19262E-1 6.23547E-1 6.37949E-1 6.5113E-1 6.61287E-1 6.73356E-1 6.91178E-1 6.99089E-1 6.87733E-1 6.78294E-1 6.71058E-1 6.57793E-1 6.50147E-1 6.62264E-1 6.95524E-1 7.24519E-1 7.16019E-1 7.09853E-1 7.08272E-1 6.9495E-1
5.9177E-1 5.99177E-1 6.05913E-1 5.98984E-1 5.82718E-1 5.76576E-1 5.93971E-1 6.02205E-1 5.97569E-1 5.98025E-1 6.05289E-1 6.03455E-1 6.02985E-1 5.94842E-1 5.82972E-1 5.79434E-1 5.7762E-1 5.76459E-1 5.72412E-1 5.70735E-1 5.76779E-1 5.73553E-1 5.79618E-1 5.8557E-1 5.89126E-1 5.90511E-1 5.90943E-1 5.87479E-1 5.84522E-1 5.75362E-1 5.62911E-1 5.5089E-1 5.37759E-1 5.41033E-1 5.52244E-1 5.64017E-1 5.72675E-1 5.8326E-1 5.86958E-1 6.04138E-1 6.17942E-1 6.31741E-1 6.45171E-1 6.60289E-1 6.77727E-1 6.99022E-1 7.13884E-1 7.27059E-1 7.2973E-1 7.17947E-1 7.01413E-1 6.84577E-1 6.38952E-1 6.48269E-1 6.6755E-1 6.89323E-1 7.24781E-1 7.11066E-1 7.17169E-1 7.09323E-1 6.85939E-1
6.09953E-1 6.1727E-1 6.28632E-1 6.15198E-1 5.95124E-1 5.83195E-1 5.95183E-1 6.00477E-1 6.03638E-1 6.09866E-1 6.11458E-1 6.1278E-1 6.08618E-1 6.02142E-1 5.9082E-1 5.96043E-1 5.92174E-1 5.8578E-1 5.8989E-1 5.91815E-1 5.89086E-1 5.8842E-1 5.92346E-1 5.95224E-1 5.99622E-1 6.00214E-1 5.99956E-1 5.98118E-1 5.9708E-1 5.9323E-1 5.89739E-1 5.74105E-1 5.58284E-1 5.5827E-1 5.66325E-1 5.70132E-1 5.80653E-1 5.90861E-1 5.97098E-1 6.16947E-1 6.33834E-1 6.50047E-1 6.67049E-1 6.84146E-1 7.06851E-1 7.30622E-1 7.47115E-1 7.56207E-1 7.56046E-1 7.4379E-1 7.25876E-1 6.94816E-1 6.52142E-1 6.58678E-1 6.39228E-1 7.01758E-1 7.09587E-1 7.23627E-1 7.25147E-1 7.07585E-1 6.79183E-1
6.23829E-1 6.27456E-1 6.24697E-1 6.20925E-1 6.12285E-1 6.03788E-1 6.02211E-1 6.09261E-1 6.12069E-1 6.14986E-1 6.13544E-1 6.21073E-1 6.13516E-1 6.10091E-1 6.06754E-1 6.0461E-1 6.00878E-1 5.94206E-1 6.00204E-1 6.01136E-1 6.0469E-1 6.04242E-1 6.04031E-1 6.12168E-1 6.17464E-1 6.10989E-1 6.11545E-1 6.13493E-1 6.1234E-1 6.09071E-1 5.86925E-1 5.81447E-1 5.72911E-1 5.73908E-1 5.76107E-1 5.86256E-1 5.90678E-1 6.02057E-1 6.07559E-1 6.31432E-1 6.43019E-1 6.63815E-1 6.81795E-1 7.07815E-1 7.31658E-1 7.50078E-1 7.64363E-1 7.72923E-1 7.71315E-1 7.62088E-1 7.58102E-1 7.21773E-1 7.0222E-1 6.79373E-1 7.02017E-1 6.94723E-1 6.95787E-1 7.06595E-1 7.05256E-1 6.94683E-1 6.7391E-1
6.34815E-1 6.37261E-1 6.3279E-1 6.26078E-1 6.21129E-1 6.18663E-1 6.06229E-1 6.1028E-1 6.13272E-1 6.14899E-1 6.16086E-1 6.14598E-1 6.13149E-1 6.07048E-1 6.06518E-1 6.13005E-1 6.06743E-1 6.08486E-1 6.08819E-1 6.07666E-1 6.12819E-1 6.16131E-1 6.2122E-1 6.25382E-1 6.31488E-1 6.21013E-1 6.10714E-1 6.07646E-1 6.08795E-1 6.06583E-1 5.9601E-1 5.81582E-1 5.76166E-1 5.81448E-1 5.84822E-1 5.99525E-1 6.03765E-1 6.04701E-1 6.26656E-1 6.3785E-1 6.53197E-1 6.74791E-1 7.01721E-1 7.26774E-1 7.46397E-1 7.66422E-1 7.7919E-1 7.80713E-1 7.8216E-1 7.85751E-1 7.7573E-1 7.58358E-1 -9999 6.93273E-1 6.94476E-1 6.91344E-1 6.84447E-1 6.84293E-1 6.84639E-1 6.7338E-1 6.66906E-1
6.43282E-1 6.40819E-1 6.34409E-1 6.32039E-1 6.25676E-1 6.19912E-1 6.17396E-1 6.18734E-1 6.17744E-1 6.21459E-1 6.20104E-1 6.22473E-1 6.20556E-1 6.1751E-1 6.1957E-1 6.17825E-1 6.20263E-1 6.19622E-1 6.19059E-1 6.24887E-1 6.32886E-1 6.21968E-1 6.37655E-1 6.38136E-1 6.36132E-1 6.26841E-1 6.18849E-1 6.14001E-1 6.11201E-1 6.06604E-1 6.04556E-1 5.97987E-1 5.96028E-1 5.96765E-1 6.05467E-1 6.13362E-1 6.23033E-1 6.31216E-1 6.44762E-1 6.54528E-1 6.67783E-1 6.81696E-1 7.05057E-1 7.31792E-1 7.55366E-1 7.68961E-1 7.78764E-1 7.9297E-1 7.94063E-1 7.64229E-1 7.47622E-1 7.26785E-1 6.98297E-1 6.99643E-1 7.04905E-1 6.89896E-1 6.65961E-1 6.63294E-1 6.62375E-1 6.62751E-1 6.5786E-1
6.47304E-1 6.42695E-1 6.33352E-1 6.26397E-1 6.21188E-1 6.17243E-1 6.20744E-1 6.28856E-1 6.26765E-1 6.27138E-1 6.24068E-1 6.21968E-1 6.19919E-1 6.21874E-1 6.28246E-1 6.32016E-1 6.3307E-1 6.37792E-1 6.3347E-1 6.38105E-1 6.41943E-1 6.43744E-1 6.49245E-1 6.39837E-1 6.43373E-1 6.40892E-1 6.33518E-1 6.25708E-1 6.20729E-1 6.15366E-1 6.05411E-1 5.98323E-1 6.03895E-1 6.10613E-1 6.19428E-1 6.3451E-1 6.41975E-1 6.56453E-1 6.67002E-1 6.74817E-1 6.69113E-1 6.7458E-1 6.95382E-1 7.12269E-1 7.34325E-1 7.39119E-1 7.43689E-1 7.48757E-1 7.35877E-1 6.94905E-1 6.64999E-1 6.85381E-1 7.00683E-1 7.06762E-1 7.03855E-1 6.78077E-1 6.47886E-1 6.50746E-1 6.53992E-1 6.52638E-1 6.50134E-1
6.35999E-1 6.31595E-1 6.26958E-1 6.25271E-1 6.23468E-1 6.20325E-1 6.25953E-1 6.28098E-1 6.30013E-1 6.29055E-1 6.32434E-1 6.29476E-1 6.26491E-1 6.31597E-1 6.33743E-1 6.37919E-1 6.40118E-1 6.38491E-1 6.40946E-1 6.50648E-1 6.62873E-1 6.57386E-1 6.47684E-1 6.51683E-1 6.56462E-1 6.51744E-1 6.42676E-1 6.39845E-1 6.41831E-1 6.33835E-1 6.21709E-1 6.12937E-1 6.25952E-1 6.31032E-1 6.42395E-1 6.52626E-1 6.70505E-1 6.847E-1 6.88406E-1 6.70219E-1 6.63625E-1 6.69819E-1 6.70958E-1 6.88733E-1 6.97232E-1 7.12812E-1 7.17922E-1 7.14292E-1 6.95504E-1 6.72181E-1 6.68733E-1 6.82704E-1 7.00895E-1 7.11113E-1 7.01391E-1 6.82913E-1 6.56512E-1 6.47931E-1 6.47807E-1 6.48409E-1 6.49953E-1
6.26006E-1 6.23493E-1 6.21659E-1 6.21486E-1 6.27273E-1 6.27575E-1 6.27101E-1 6.31067E-1 6.28323E-1 6.34473E-1 6.31202E-1 6.38908E-1 6.34424E-1 6.37551E-1 6.38799E-1 6.42744E-1 6.43575E-1 6.45549E-1 6.41575E-1 6.41598E-1 6.53899E-1 6.58735E-1 6.56729E-1 6.64735E-1 6.67336E-1 6.5873E-1 6.47401E-1 6.55357E-1 6.53116E-1 6.54056E-1 6.50351E-1 6.45158E-1 6.49822E-1 6.58008E-1 6.63047E-1 6.78418E-1 6.92797E-1 7.05837E-1 7.11313E-1 6.81836E-1 6.70464E-1 6.8375E-1 6.83309E-1 6.93016E-1 6.97452E-1 7.02517E-1 7.07071E-1 7.00502E-1 6.83136E-1 6.57892E-1 6.64225E-1 6.93317E-1 7.12237E-1 7.0577E-1 6.92118E-1 6.78757E-1 6.67473E-1 6.54963E-1 6.48564E-1 6.46527E-1 6.45749E-1
6.11484E-1 6.16957E-1 6.16826E-1 6.2187E-1 6.24468E-1 6.20267E-1 6.24602E-1 6.3109E-1 6.35923E-1 6.36417E-1 6.35188E-1 6.37977E-1 6.43763E-1 6.37124E-1 6.35337E-1 6.44252E-1 6.49846E-1 6.47908E-1 6.44241E-1 6.42015E-1 6.50897E-1 6.61958E-1 6.61404E-1 6.68112E-1 6.67343E-1 6.60153E-1 6.48661E-1 6.69009E-1 6.67934E-1 6.79624E-1 6.87431E-1 6.84106E-1 6.79848E-1 6.83519E-1 6.81416E-1 6.90543E-1 6.96794E-1 7.01411E-1 7.10107E-1 6.99614E-1 6.74523E-1 6.84416E-1 6.86969E-1 6.99818E-1 7.02856E-1 7.04287E-1 7.07072E-1 6.92733E-1 6.80793E-1 6.62701E-1 6.68224E-1 6.71208E-1 6.93351E-1 6.94908E-1 6.86673E-1 6.77194E-1 6.74604E-1 6.681E-1 6.51756E-1 6.48825E-1 6.49409E-1
5.9198E-1 6.09203E-1 6.15108E-1 6.13641E-1 6.17474E-1 6.17795E-1 6.20625E-1 6.30929E-1 6.43051E-1 6.4286E-1 6.38831E-1 6.38722E-1 6.39645E-1 6.39868E-1 6.45385E-1 6.47384E-1 6.54098E-1 6.58174E-1 6.64964E-1 6.5661E-1 6.70685E-1 6.68044E-1 6.74708E-1 6.77636E-1 6.79477E-1 6.74065E-1 6.61092E-1 6.71114E-1 6.7644E-1 7.06754E-1 7.19863E-1 7.16628E-1 7.0243E-1 6.94995E-1 6.91999E-1 6.98713E-1 6.96412E-1 6.96418E-1 7.01884E-1 6.847E-1 6.69672E-1 6.65981E-1 6.85932E-1 7.0174E-1 7.12142E-1 7.31509E-1 7.29167E-1 7.12825E-1 6.99606E-1 6.59851E-1 6.43907E-1 6.52608E-1 6.59447E-1 6.66252E-1 6.75123E-1 6.69517E-1 6.72008E-1 6.62155E-1 6.56627E-1 6.5498E-1 6.52087E-1
5.99061E-1 6.18509E-1 6.27251E-1 6.32288E-1 6.26677E-1 6.20546E-1 6.2134E-1 6.26137E-1 6.37077E-1 6.40173E-1 6.38099E-1 6.42733E-1 6.40858E-1 6.46971E-1 6.5323E-1 6.56573E-1 6.63002E-1 6.6866E-1 6.75537E-1 6.80025E-1 6.82849E-1 6.75988E-1 6.76551E-1 6.81607E-1 6.90102E-1 6.85922E-1 6.86715E-1 6.7109E-1 6.85789E-1 7.19292E-1 7.27905E-1 7.21058E-1 7.06589E-1 6.83901E-1 6.76671E-1 6.83266E-1 7.01644E-1 7.06992E-1 6.96822E-1 6.8949E-1 6.67684E-1 6.61194E-1 6.82888E-1 7.02097E-1 7.35015E-1 7.42129E-1 7.31229E-1 7.06715E-1 6.90879E-1 6.68832E-1 6.47631E-1 6.37896E-1 6.32237E-1 6.47235E-1 6.61274E-1 6.7077E-1 6.68936E-1 6.58469E-1 6.56767E-1 6.51207E-1 6.57984E-1
6.23239E-1 6.31882E-1 6.37369E-1 6.42486E-1 6.33414E-1 6.28159E-1 6.22849E-1 6.27273E-1 6.33571E-1 6.36614E-1 6.38276E-1 6.49394E-1 6.40196E-1 6.47657E-1 6.53749E-1 6.6127E-1 6.6409E-1 6.70855E-1 6.77805E-1 6.87082E-1 6.92312E-1 6.88629E-1 6.92764E-1 6.96888E-1 7.00827E-1 6.94609E-1 6.97566E-1 6.97116E-1 7.12347E-1 7.22079E-1 7.17403E-1 7.14441E-1 6.93577E-1 6.70429E-1 6.85273E-1 7.01781E-1 7.0027E-1 6.91781E-1 6.86209E-1 6.99274E-1 6.89607E-1 6.8195E-1 6.85907E-1 7.06884E-1 7.19025E-1 7.26792E-1 7.06488E-1 6.83222E-1 6.75454E-1 6.81866E-1 6.6625E-1 6.38421E-1 6.28881E-1 6.48797E-1 6.60558E-1 6.66121E-1 6.63615E-1 6.64507E-1 6.62741E-1 6.58517E-1 6.71008E-1
6.52423E-1 6.55903E-1 6.58034E-1 6.59324E-1 6.55239E-1 6.42089E-1 6.35594E-1 6.32479E-1 6.37641E-1 6.41411E-1 6.44631E-1 6.47886E-1 6.45277E-1 6.48065E-1 6.52411E-1 6.55883E-1 6.58133E-1 6.73724E-1 6.84006E-1 6.91392E-1 6.98741E-1 6.96049E-1 7.03095E-1 7.0949E-1 7.01597E-1 7.14768E-1 7.15389E-1 7.11227E-1 7.17176E-1 7.21675E-1 7.13054E-1 7.01567E-1 6.94687E-1 6.94289E-1 7.07964E-1 7.08072E-1 7.0417E-1 6.9597E-1 6.94692E-1 7.00133E-1 6.9925E-1 6.92644E-1 6.90749E-1 6.89298E-1 6.94842E-1 7.07159E-1 6.9532E-1 6.88981E-1 6.86533E-1 7.0234E-1 6.83537E-1 6.64675E-1 6.66547E-1 6.6379E-1 6.61877E-1 6.65963E-1 6.80447E-1 6.79785E-1 6.78721E-1 6.75828E-1 6.86351E-1
6.76919E-1 6.86962E-1 6.84072E-1 6.77003E-1 6.63568E-1 6.56179E-1 6.43658E-1 6.39878E-1 6.43585E-1 6.42713E-1 6.4864E-1 6.4869E-1 6.53288E-1 6.49734E-1 6.49943E-1 6.57084E-1 6.50001E-1 6.55142E-1 6.80916E-1 7.00802E-1 6.99647E-1 6.93469E-1 6.99182E-1 7.03361E-1 7.06734E-1 7.00187E-1 6.90952E-1 6.93389E-1 6.9215E-1 7.02798E-1 7.09666E-1 7.1134E-1 7.12587E-1 7.13624E-1 7.21711E-1 7.18278E-1 7.14358E-1 7.11504E-1 7.14042E-1 7.1545E-1 7.14354E-1 7.03563E-1 6.86906E-1 6.67126E-1 6.82618E-1 6.9089E-1 7.00344E-1 7.09157E-1 7.2446E-1 7.01014E-1 6.94821E-1 6.83951E-1 6.67773E-1 6.59258E-1 6.69007E-1 6.72828E-1 6.81441E-1 6.97863E-1 6.99975E-1 7.06441E-1 7.0912E-1
6.9415E-1 6.95063E-1 6.88601E-1 6.83305E-1 6.77942E-1 6.65974E-1 6.51154E-1 6.51224E-1 6.51072E-1 6.49253E-1 6.50855E-1 6.52816E-1 6.57118E-1 6.57447E-1 6.52766E-1 6.49381E-1 6.34148E-1 6.35737E-1 6.54789E-1 6.84725E-1 6.90065E-1 6.86686E-1 6.91827E-1 7.05212E-1 7.08017E-1 7.02054E-1 7.00341E-1 6.96706E-1 6.92296E-1 7.05308E-1 7.16033E-1 7.20481E-1 7.17026E-1 7.13729E-1 7.15007E-1 7.07486E-1 7.08937E-1 7.16509E-1 7.28867E-1 7.40779E-1 7.32296E-1 7.17377E-1 6.80459E-1 6.40554E-1 6.57088E-1 6.8607E-1 7.04653E-1 7.20024E-1 7.44659E-1 7.19614E-1 7.01126E-1 7.12119E-1 6.87785E-1 6.74894E-1 6.76453E-1 6.76086E-1 6.86428E-1 6.94927E-1 7.06157E-1 7.14962E-1 7.20272E-1
7.04117E-1 6.95335E-1 6.93164E-1 6.91871E-1 6.84136E-1 6.75607E-1 6.66023E-1 6.54999E-1 6.54475E-1 6.49396E-1 6.49767E-1 6.53827E-1 6.51175E-1 6.5232E-1 6.58322E-1 6.61957E-1 6.49208E-1 6.32483E-1 6.44363E-1 6.66474E-1 6.79843E-1 6.89233E-1 6.98947E-1 7.05831E-1 7.06336E-1 7.10651E-1 7.11728E-1 7.04055E-1 7.07224E-1 7.05715E-1 7.13296E-1 7.09265E-1 6.9821E-1 6.84972E-1 6.74226E-1 6.79056E-1 6.87337E-1 7.0592E-1 7.3042E-1 7.52796E-1 7.53487E-1 7.37911E-1 6.9409E-1 6.68527E-1 6.7169E-1 6.85322E-1 6.95605E-1 7.10054E-1 7.21826E-1 7.19794E-1 7.18191E-1 6.94741E-1 6.85906E-1 6.76541E-1 6.79645E-1 6.86356E-1 6.92417E-1 7.0358E-1 7.12916E-1 7.17186E-1 7.21008E-1
7.01429E-1 6.97564E-1 6.96125E-1 6.92529E-1 6.89944E-1 6.80698E-1 6.77206E-1 6.66464E-1 6.5837E-1 6.57115E-1 6.57311E-1 6.567E-1 6.55398E-1 6.51977E-1 6.56436E-1 6.6572E-1 6.58663E-1 6.58608E-1 6.59336E-1 6.73628E-1 6.88147E-1 6.95448E-1 6.98246E-1 7.00917E-1 7.09754E-1 7.20396E-1 7.08997E-1 7.09379E-1 7.10891E-1 7.11002E-1 7.05752E-1 6.97245E-1 6.77146E-1 6.48985E-1 6.33388E-1 6.45464E-1 6.64888E-1 6.90736E-1 7.25031E-1 7.46747E-1 7.48048E-1 7.36172E-1 7.02827E-1 6.91335E-1 6.78765E-1 6.72268E-1 6.62854E-1 6.71944E-1 6.88658E-1 6.84819E-1 6.91897E-1 6.97924E-1 7.06119E-1 7.02517E-1 6.98792E-1 7.06031E-1 7.04228E-1 7.11884E-1 7.13929E-1 7.21197E-1 7.23573E-1
