maxent_outputs/bumblebees/bombus_4.asc
ncols         426
nrows         180
xllcorner     -130.0
yllcorner     24.0
cellsize      0.16666666666666666
NODATA_value  -9999
[rows 108 to 134 of 180, columns 244 to 304 of 426]
5.88922E-2 5.51381E-2 5.20979E-2 4.93925E-2 4.34389E-2 4.04893E-2 4.08521E-2 4.48078E-2 5.05232E-2 4.45496E-2 4.24273E-2 4.07252E-2 3.85874E-2 3.94474E-2 4.53725E-2 4.56705E-2 4.40226E-2 4.34823E-2 3.76775E-2 3.24959E-2 3.154E-2 3.57174E-2 3.53359E-2 2.99846E-2 1.89753E-2 1.79203E-2 1.81615E-2 2.1245E-2 3.73085E-2 4.59507E-2 5.32691E-2 5.96573E-2 6.113E-2 5.51962E-2 5.98092E-2 6.35062E-2 5.35138E-2 4.90085E-2 3.85835E-2 3.22588E-2 1.42445E-2 1.19558E-2 1.08214E-2 1.19083E-2 1.48309E-2 2.60804E-2 2.86077E-2 2.5826E-2 2.78239E-2 3.11471E-2 3.82343E-2 4.59465E-2 5.20065E-2 5.36964E-2 5.23145E-2 5.78672E-2 6.11114E-2 5.98665E-2 5.9193E-2 5.94742E-2 6.26621E-2
6.4202E-2 5.98617E-2 5.43062E-2 5.0266E-2 4.73457E-2 4.60802E-2 4.43733E-2 4.55799E-2 4.40995E-2 4.38757E-2 4.3449E-2 4.36592E-2 3.97813E-2 3.60125E-2 3.90187E-2 3.71538E-2 3.63122E-2 3.71197E-2 3.24826E-2 2.92922E-2 2.96082E-2 3.50943E-2 3.19953E-2 2.44182E-2 1.88452E-2 2.07869E-2 2.06225E-2 3.76751E-2 3.93945E-2 4.41009E-2 5.23379E-2 5.16341E-2 5.17092E-2 4.20877E-2 3.79007E-2 2.88166E-2 1.11298E-2 1.67773E-2 1.17976E-2 2.69799E-2 2.97688E-2 8.04381E-3 5.54167E-3 1.98384E-2 2.63177E-2 2.90383E-2 2.75289E-2 3.22757E-2 3.66506E-2 3.98056E-2 4.38928E-2 4.81556E-2 5.4152E-2 5.63513E-2 5.42048E-2 5.67994E-2 6.77144E-2 6.40737E-2 6.15199E-2 5.99451E-2 6.67304E-2
6.83891E-2 6.0626E-2 5.78657E-2 5.87688E-2 5.42066E-2 5.14078E-2 4.89331E-2 4.88108E-2 4.44495E-2 4.03912E-2 3.75841E-2 3.83079E-2 3.80406E-2 3.74681E-2 3.87852E-2 3.93459E-2 3.80915E-2 3.33022E-2 2.86671E-2 2.5553E-2 2.93734E-2 2.95697E-2 1.96745E-2 1.76554E-2 2.442E-2 2.06399E-2 3.30686E-2 3.85123E-2 3.37291E-2 3.65746E-2 4.7589E-2 4.39635E-2 2.36996E-2 1.16532E-2 5.79701E-3 3.59753E-3 4.6397E-3 6.31327E-3 1.25727E-2 1.6414E-2 2.45013E-2 1.2546E-2 1.40465E-2 2.18805E-2 2.36115E-2 2.11948E-2 2.77271E-2 3.59146E-2 4.33411E-2 4.47509E-2 5.47242E-2 5.05008E-2 5.28075E-2 5.54826E-2 6.17873E-2 6.09441E-2 6.53533E-2 6.62246E-2 6.70701E-2 6.94689E-2 7.55907E-2
7.07906E-2 6.85269E-2 5.66816E-2 5.73636E-2 5.78062E-2 5.36867E-2 5.27881E-2 4.82783E-2 4.41101E-2 3.59398E-2 3.51154E-2 3.4829E-2 3.26575E-2 3.57609E-2 3.8535E-2 3.99232E-2 3.9375E-2 3.66869E-2 3.22314E-2 2.85254E-2 2.34021E-2 1.59924E-2 1.6342E-2 2.14436E-2 2.17275E-2 3.50678E-2 4.186E-2 3.64824E-2 3.48549E-2 3.71154E-2 3.70878E-2 1.59753E-2 1.41879E-2 1.34911E-2 1.46419E-2 1.10203E-2 1.04939E-2 3.18058E-3 3.1976E-3 4.62436E-3 1.37192E-2 1.12603E-2 1.57417E-2 2.8266E-2 3.04752E-2 3.10471E-2 3.8454E-2 4.30817E-2 5.09029E-2 5.53657E-2 6.25094E-2 6.10642E-2 6.23912E-2 5.96593E-2 6.13274E-2 7.15672E-2 6.83369E-2 6.95606E-2 7.47203E-2 7.91326E-2 7.95986E-2
6.45724E-2 6.37373E-2 6.12772E-2 5.94949E-2 6.04449E-2 5.67901E-2 5.66819E-2 4.53702E-2 3.94595E-2 3.41907E-2 3.44241E-2 3.52451E-2 3.5072E-2 3.96323E-2 3.98255E-2 4.24448E-2 4.12496E-2 3.8074E-2 3.64552E-2 3.25417E-2 2.44221E-2 1.69945E-2 1.9003E-2 2.43216E-2 2.49737E-2 4.52819E-2 3.89527E-2 3.89535E-2 3.51245E-2 2.97541E-2 2.15025E-2 9.56113E-3 8.70568E-3 7.4332E-3 5.23578E-3 9.76067E-3 5.30318E-3 3.47256E-3 1.83922E-3 4.87635E-3 7.12276E-3 1.12592E-2 2.17522E-2 3.22857E-2 3.42916E-2 3.85602E-2 4.50624E-2 5.01483E-2 5.86397E-2 6.69911E-2 7.15625E-2 6.91449E-2 6.87054E-2 6.82534E-2 7.29366E-2 8.56747E-2 8.38162E-2 7.58456E-2 7.79568E-2 8.35009E-2 8.73909E-2
5.93809E-2 5.57828E-2 5.61152E-2 5.8927E-2 6.21494E-2 5.76338E-2 5.80084E-2 4.43443E-2 3.85138E-2 3.77619E-2 3.96783E-2 3.95162E-2 3.93948E-2 4.09683E-2 4.49616E-2 4.45362E-2 4.39598E-2 4.05495E-2 3.52091E-2 2.58304E-2 2.38187E-2 2.5813E-2 3.48653E-2 2.86034E-2 4.883E-2 4.30149E-2 3.68893E-2 3.7152E-2 2.71144E-2 2.19166E-2 2.11648E-2 2.4054E-2 1.71206E-2 7.82948E-3 3.03558E-3 5.47177E-3 2.16618E-3 1.99377E-3 5.55048E-3 5.43454E-3 1.24364E-2 2.09058E-2 2.91567E-2 3.57794E-2 3.87287E-2 4.30465E-2 5.28114E-2 5.75464E-2 5.83878E-2 6.86498E-2 7.5632E-2 7.25843E-2 7.06819E-2 7.58382E-2 8.5499E-2 1.00532E-1 1.0451E-1 9.05707E-2 9.22185E-2 9.3038E-2 9.3606E-2
5.08327E-2 4.94201E-2 5.44512E-2 5.61478E-2 6.10973E-2 5.68892E-2 5.48409E-2 5.23485E-2 4.72857E-2 4.82034E-2 4.94955E-2 4.70623E-2 4.46856E-2 4.71265E-2 4.36704E-2 4.3703E-2 4.45956E-2 4.12148E-2 3.19048E-2 2.70753E-2 3.20562E-2 3.55917E-2 2.69977E-2 3.0392E-2 4.30008E-2 3.78887E-2 3.67025E-2 3.20889E-2 1.25434E-2 1.75377E-2 1.94312E-2 1.83694E-2 1.41927E-2 8.47925E-3 5.39074E-3 5.08869E-3 5.47521E-3 9.87352E-3 2.27095E-2 2.14726E-2 2.2744E-2 2.78626E-2 3.69306E-2 4.29499E-2 4.76733E-2 5.28791E-2 5.99841E-2 6.51645E-2 6.28951E-2 6.66904E-2 7.07603E-2 7.09857E-2 7.1745E-2 7.8236E-2 9.30233E-2 1.02086E-1 1.10464E-1 1.07527E-1 1.01328E-1 1.027E-1 1.01633E-1
5.12797E-2 5.42051E-2 5.37859E-2 5.36093E-2 5.57754E-2 5.33102E-2 5.12359E-2 5.1681E-2 5.24109E-2 5.70815E-2 5.7475E-2 5.5891E-2 5.70638E-2 5.32301E-2 5.0249E-2 4.75886E-2 4.97664E-2 4.63163E-2 3.72102E-2 3.79367E-2 4.17002E-2 2.68995E-2 2.78073E-2 2.83884E-2 3.75451E-2 3.5805E-2 4.17661E-2 3.4675E-2 1.75907E-2 1.50087E-2 1.14898E-2 8.96689E-3 8.73053E-3 8.215E-3 9.4858E-3 9.43176E-3 1.4384E-2 2.12068E-2 3.02316E-2 3.02314E-2 3.08073E-2 3.68031E-2 4.19457E-2 4.92732E-2 5.41241E-2 6.16658E-2 6.51229E-2 7.05084E-2 6.60228E-2 6.86412E-2 7.53918E-2 7.51041E-2 7.37652E-2 7.96191E-2 9.3855E-2 1.05535E-1 1.15934E-1 1.15491E-1 1.17226E-1 1.17876E-1 1.12455E-1
5.69458E-2 5.72405E-2 5.5158E-2 5.41628E-2 5.86126E-2 5.73373E-2 5.3355E-2 4.72812E-2 4.56178E-2 4.65892E-2 5.17321E-2 5.03495E-2 4.8641E-2 5.30198E-2 5.53505E-2 5.61914E-2 5.4256E-2 5.23583E-2 4.54127E-2 4.79604E-2 3.24106E-2 2.90205E-2 2.73269E-2 3.2978E-2 4.17183E-2 3.98154E-2 4.8226E-2 4.36657E-2 2.69952E-2 1.68068E-2 1.20151E-2 1.35673E-2 1.47442E-2 1.43812E-2 1.44221E-2 1.63346E-2 2.7861E-2 2.925E-2 3.61644E-2 4.06133E-2 4.00204E-2 4.29359E-2 4.84297E-2 5.18745E-2 5.91934E-2 6.59434E-2 7.39676E-2 7.74593E-2 7.22143E-2 7.58886E-2 8.64463E-2 7.76969E-2 7.44035E-2 8.66019E-2 9.38592E-2 1.0619E-1 1.16714E-1 1.25915E-1 1.23879E-1 1.20984E-1 1.23912E-1
5.99903E-2 6.54718E-2 6.26156E-2 6.51193E-2 6.16192E-2 5.83075E-2 4.94328E-2 4.65729E-2 4.4767E-2 4.53407E-2 4.37776E-2 4.48043E-2 4.56935E-2 4.92346E-2 5.07015E-2 4.76533E-2 4.73335E-2 5.4236E-2 6.41526E-2 4.66711E-2 3.99103E-2 3.87978E-2 3.77423E-2 4.8385E-2 4.72559E-2 5.05641E-2 5.13982E-2 5.03787E-2 3.13484E-2 2.61268E-2 2.13469E-2 2.02284E-2 2.23105E-2 2.01279E-2 2.37323E-2 3.21644E-2 3.65168E-2 3.84379E-2 4.37159E-2 4.64354E-2 4.78272E-2 4.97015E-2 5.54774E-2 5.81573E-2 5.76582E-2 6.54618E-2 7.8946E-2 8.62397E-2 8.41121E-2 8.38792E-2 9.53632E-2 9.56287E-2 8.58278E-2 9.43348E-2 9.88894E-2 1.09262E-1 1.18658E-1 1.32499E-1 1.27516E-1 1.27707E-1 1.29761E-1
6.5153E-2 6.84218E-2 6.79336E-2 7.41166E-2 6.52315E-2 5.73669E-2 4.92472E-2 4.72565E-2 4.54236E-2 4.46551E-2 4.16572E-2 4.32056E-2 4.33238E-2 4.24211E-2 4.27339E-2 4.38754E-2 4.73414E-2 5.74772E-2 5.8032E-2 5.40977E-2 5.42216E-2 5.03186E-2 6.14736E-2 5.42625E-2 5.32296E-2 5.22995E-2 5.47047E-2 5.17591E-2 3.86513E-2 3.30491E-2 3.02067E-2 2.90227E-2 3.10487E-2 2.9011E-2 3.59781E-2 4.13391E-2 4.74105E-2 4.99657E-2 5.21601E-2 5.48342E-2 5.59335E-2 5.63939E-2 5.83311E-2 6.03792E-2 6.15632E-2 6.47382E-2 7.6342E-2 9.02615E-2 9.79366E-2 9.06253E-2 9.19999E-2 1.0222E-1 1.06925E-1 1.02114E-1 1.08758E-1 1.16408E-1 1.28533E-1 1.403E-1 1.48098E-1 1.35351E-1 1.37944E-1
7.5795E-2 7.6215E-2 6.98566E-2 7.70999E-2 7.14414E-2 6.33833E-2 4.98206E-2 4.92245E-2 4.85615E-2 4.81985E-2 4.61295E-2 4.69078E-2 4.8656E-2 4.75837E-2 4.94811E-2 5.07225E-2 5.24952E-2 5.92153E-2 6.11931E-2 6.74694E-2 6.74917E-2 6.57877E-2 6.05736E-2 5.56989E-2 5.40002E-2 5.38399E-2 5.55964E-2 5.70444E-2 5.0667E-2 4.30068E-2 3.76338E-2 3.50278E-2 3.24002E-2 4.02291E-2 4.59337E-2 4.8592E-2 5.25917E-2 6.35568E-2 6.52189E-2 6.501E-2 6.61111E-2 5.95183E-2 6.23536E-2 6.26789E-2 6.76289E-2 6.91136E-2 8.08453E-2 1.00763E-1 1.07808E-1 1.09584E-1 1.07288E-1 1.0957E-1 1.17123E-1 1.09836E-1 1.18846E-1 1.32506E-1 1.47131E-1 1.57586E-1 1.56976E-1 1.49838E-1 1.51895E-1
8.04664E-2 8.02041E-2 7.5318E-2 7.77048E-2 7.81419E-2 6.47054E-2 5.3302E-2 5.11048E-2 5.08143E-2 5.14732E-2 4.87459E-2 5.0957E-2 5.31149E-2 5.53652E-2 5.36375E-2 5.40732E-2 5.59067E-2 5.11808E-2 6.63363E-2 8.20613E-2 7.4168E-2 6.28238E-2 5.48104E-2 4.96312E-2 5.17724E-2 4.81132E-2 4.69356E-2 4.80896E-2 5.60578E-2 5.6419E-2 4.72759E-2 4.27085E-2 3.8386E-2 4.67455E-2 5.21075E-2 5.85736E-2 6.50741E-2 6.91581E-2 7.28385E-2 6.86241E-2 6.92463E-2 7.21843E-2 7.23869E-2 7.89178E-2 8.02131E-2 7.45002E-2 7.58159E-2 8.44601E-2 9.87192E-2 1.1299E-1 1.19965E-1 1.17277E-1 1.25352E-1 1.29175E-1 1.34849E-1 1.45285E-1 1.56886E-1 1.63999E-1 1.60254E-1 1.61915E-1 1.65043E-1
8.04707E-2 7.69051E-2 7.74436E-2 7.82354E-2 7.55004E-2 6.93785E-2 5.60062E-2 5.368E-2 5.36852E-2 5.21093E-2 4.84195E-2 5.26831E-2 5.63647E-2 6.18466E-2 6.0975E-2 6.0302E-2 4.92898E-2 5.79677E-2 6.80497E-2 7.64572E-2 7.70166E-2 6.16247E-2 5.04253E-2 4.73324E-2 4.58428E-2 4.43798E-2 4.84363E-2 5.40509E-2 6.2829E-2 6.44046E-2 5.59944E-2 5.11282E-2 4.89389E-2 5.41446E-2 6.07293E-2 7.04553E-2 8.058E-2 7.8436E-2 7.32339E-2 6.56398E-2 6.91544E-2 8.02028E-2 9.77975E-2 9.36035E-2 8.80011E-2 8.18421E-2 8.64789E-2 9.3576E-2 9.76276E-2 1.06506E-1 1.21085E-1 1.3572E-1 1.50192E-1 1.42248E-1 1.50866E-1 1.60943E-1 1.6116E-1 1.63917E-1 1.61412E-1 1.65141E-1 1.74333E-1
7.25628E-2 7.16787E-2 7.55237E-2 7.34873E-2 7.27562E-2 7.22168E-2 5.69213E-2 5.74766E-2 5.54881E-2 5.44721E-2 5.04588E-2 4.93853E-2 5.91092E-2 6.40846E-2 6.58664E-2 6.33314E-2 5.72748E-2 6.04528E-2 7.32659E-2 7.43752E-2 7.40375E-2 6.53544E-2 5.29601E-2 4.64724E-2 4.49334E-2 4.98592E-2 5.42962E-2 6.20052E-2 5.88976E-2 6.24982E-2 6.11408E-2 5.88771E-2 6.10536E-2 6.39304E-2 7.33768E-2 8.38612E-2 9.68978E-2 8.95058E-2 8.47169E-2 7.65301E-2 7.91795E-2 8.46056E-2 9.81616E-2 1.1339E-1 1.04964E-1 9.74773E-2 1.00464E-1 1.05497E-1 1.11211E-1 1.21812E-1 1.26825E-1 1.42195E-1 1.66779E-1 1.90523E-1 1.84893E-1 1.81335E-1 1.75334E-1 1.73077E-1 1.65327E-1 1.66541E-1 1.83552E-1
6.61807E-2 6.46896E-2 6.87362E-2 6.65374E-2 6.94405E-2 7.1522E-2 6.51401E-2 6.55821E-2 6.05738E-2 5.75161E-2 5.68257E-2 5.39734E-2 6.20786E-2 6.83428E-2 7.43845E-2 7.46516E-2 6.37885E-2 7.02359E-2 6.90985E-2 6.18348E-2 5.37677E-2 4.69055E-2 5.05125E-2 5.02255E-2 4.78658E-2 5.74943E-2 6.48479E-2 6.54953E-2 6.53618E-2 6.41465E-2 6.45754E-2 7.01856E-2 7.8262E-2 7.69707E-2 8.71694E-2 9.2095E-2 1.04256E-1 1.01093E-1 9.6587E-2 8.57323E-2 8.41103E-2 9.06484E-2 9.85717E-2 1.19546E-1 1.33024E-1 1.13975E-1 1.18127E-1 1.23064E-1 1.32844E-1 1.38963E-1 1.47614E-1 1.63919E-1 1.8411E-1 2.04866E-1 2.45225E-1 2.27466E-1 1.99204E-1 1.86255E-1 1.71985E-1 1.91828E-1 2.19774E-1
5.81976E-2 6.14174E-2 6.40178E-2 7.42266E-2 8.19854E-2 8.69874E-2 8.91911E-2 7.57908E-2 6.63586E-2 6.3297E-2 6.96466E-2 6.95444E-2 6.95676E-2 7.12258E-2 7.67589E-2 7.73483E-2 7.51423E-2 7.56075E-2 6.90067E-2 5.42261E-2 4.61985E-2 4.76993E-2 5.78813E-2 5.51591E-2 6.0131E-2 6.8652E-2 6.92897E-2 6.7849E-2 6.87692E-2 6.92005E-2 7.23513E-2 8.11733E-2 8.95625E-2 9.3476E-2 9.37126E-2 9.78613E-2 1.04313E-1 1.04241E-1 1.06777E-1 1.05655E-1 9.66425E-2 1.04313E-1 1.12493E-1 1.23685E-1 1.37939E-1 1.43153E-1 1.38756E-1 1.42029E-1 1.47896E-1 1.56297E-1 1.77768E-1 1.94883E-1 2.01001E-1 2.02358E-1 2.01753E-1 2.6435E-1 2.24743E-1 2.08051E-1 1.9686E-1 2.22785E-1 2.54183E-1
5.53122E-2 5.91199E-2 6.06742E-2 7.51943E-2 8.72754E-2 9.5595E-2 9.75161E-2 8.22102E-2 7.16861E-2 6.93361E-2 7.35032E-2 7.1425E-2 7.28963E-2 7.56947E-2 8.09846E-2 8.47779E-2 8.44776E-2 7.78416E-2 6.55431E-2 6.27281E-2 6.42639E-2 5.95861E-2 6.60081E-2 6.839E-2 7.48169E-2 8.104E-2 7.30642E-2 7.13855E-2 7.33358E-2 7.44849E-2 8.27465E-2 9.31813E-2 1.02349E-1 1.045E-1 9.78581E-2 9.82653E-2 1.01871E-1 1.08839E-1 1.26272E-1 1.25195E-1 1.2156E-1 1.18662E-1 1.22137E-1 1.31077E-1 1.39127E-1 1.52322E-1 1.59931E-1 1.61994E-1 1.67969E-1 1.79793E-1 1.97936E-1 2.07841E-1 2.07603E-1 2.08609E-1 2.05224E-1 2.10943E-1 2.29617E-1 2.1256E-1 2.20111E-1 2.49698E-1 2.60475E-1
5.4641E-2 5.94622E-2 6.44865E-2 6.97054E-2 8.21491E-2 9.03828E-2 9.14319E-2 8.39004E-2 7.74963E-2 7.79097E-2 6.99802E-2 7.40092E-2 8.22135E-2 8.52551E-2 8.58567E-2 7.97588E-2 8.14862E-2 8.47553E-2 7.96691E-2 7.80011E-2 8.87507E-2 7.98759E-2 7.35303E-2 7.06533E-2 7.85626E-2 8.1039E-2 7.70645E-2 7.44477E-2 7.69736E-2 8.73145E-2 9.98651E-2 1.04609E-1 1.12902E-1 1.2322E-1 1.16997E-1 1.12502E-1 1.2233E-1 1.40906E-1 1.44809E-1 1.39557E-1 1.40593E-1 1.35277E-1 1.36071E-1 1.44871E-1 1.49557E-1 1.57819E-1 1.74653E-1 1.82177E-1 1.9095E-1 2.03971E-1 2.14053E-1 2.13223E-1 2.14998E-1 2.16716E-1 2.19724E-1 2.4209E-1 2.5623E-1 2.48782E-1 2.59047E-1 -9999 -9999
6.42991E-2 6.47624E-2 6.37866E-2 7.54531E-2 8.52765E-2 8.53738E-2 8.38849E-2 8.55522E-2 8.32598E-2 8.208E-2 7.58148E-2 8.0768E-2 9.66423E-2 9.30754E-2 9.60292E-2 8.97657E-2 8.53911E-2 9.85105E-2 9.94089E-2 9.74403E-2 1.19802E-1 9.25594E-2 7.80866E-2 7.58466E-2 8.32858E-2 9.74916E-2 9.74369E-2 9.0489E-2 9.01366E-2 1.05713E-1 1.22349E-1 1.27914E-1 1.25817E-1 1.36794E-1 1.41485E-1 1.36002E-1 1.48437E-1 1.57832E-1 1.59257E-1 1.55134E-1 1.58275E-1 1.58685E-1 1.56543E-1 1.58814E-1 1.67713E-1 1.69297E-1 1.86076E-1 2.09592E-1 1.99979E-1 2.11744E-1 2.24536E-1 2.27861E-1 2.32359E-1 2.37595E-1 2.35852E-1 2.54062E-1 2.8029E-1 2.83732E-1 -9999 -9999 -9999
6.15894E-2 6.10315E-2 6.66433E-2 7.55274E-2 8.12489E-2 7.93688E-2 7.99926E-2 7.92343E-2 8.91595E-2 9.66054E-2 1.0151E-1 1.0592E-1 1.1206E-1 1.1233E-1 1.10713E-1 1.08274E-1 1.05936E-1 1.19255E-1 1.41378E-1 1.26432E-1 1.19009E-1 1.09577E-1 1.01886E-1 9.60604E-2 9.97951E-2 1.29754E-1 1.42672E-1 1.31077E-1 1.18577E-1 1.13367E-1 1.3292E-1 1.54643E-1 1.45041E-1 1.52768E-1 1.5834E-1 1.44037E-1 1.55533E-1 1.61706E-1 1.69349E-1 1.7116E-1 1.75073E-1 1.80973E-1 1.70764E-1 1.56361E-1 1.72916E-1 1.87818E-1 2.04953E-1 2.16591E-1 2.22285E-1 2.23818E-1 2.42739E-1 2.57483E-1 2.63149E-1 2.66546E-1 2.79767E-1 2.71008E-1 2.97406E-1 -9999 -9999 -9999 -9999
6.00732E-2 6.8092E-2 6.9231E-2 7.45205E-2 7.13139E-2 7.52284E-2 7.45594E-2 8.67981E-2 9.36133E-2 1.03389E-1 1.1504E-1 1.26611E-1 1.3547E-1 1.47633E-1 1.46739E-1 1.36968E-1 1.42752E-1 1.62595E-1 1.83766E-1 1.5363E-1 1.45069E-1 1.31684E-1 1.25887E-1 1.21582E-1 1.32999E-1 1.61514E-1 1.86381E-1 1.66387E-1 1.39707E-1 1.38656E-1 1.57862E-1 1.79877E-1 1.7893E-1 1.69929E-1 1.65843E-1 1.55691E-1 1.53999E-1 1.576E-1 1.72039E-1 1.87421E-1 1.87192E-1 1.90567E-1 1.74979E-1 1.68058E-1 1.83918E-1 1.96116E-1 2.07988E-1 2.17179E-1 2.31266E-1 2.49786E-1 2.60555E-1 2.82692E-1 2.81524E-1 2.97908E-1 2.89473E-1 -9999 -9999 -9999 -9999 -9999 -9999
6.27055E-2 7.27132E-2 7.9882E-2 7.75551E-2 7.02066E-2 7.20856E-2 8.17271E-2 9.46813E-2 1.09855E-1 1.17722E-1 1.27032E-1 1.38277E-1 1.4972E-1 1.58882E-1 1.50229E-1 1.53313E-1 1.52629E-1 1.59901E-1 1.65006E-1 1.51093E-1 1.40633E-1 1.33518E-1 1.32148E-1 1.41009E-1 1.54996E-1 1.73631E-1 1.89663E-1 1.67467E-1 1.55898E-1 1.68307E-1 1.88498E-1 2.09238E-1 2.09788E-1 1.88831E-1 1.76434E-1 1.61829E-1 1.47344E-1 1.57706E-1 1.77814E-1 2.03415E-1 2.0987E-1 1.92787E-1 1.79628E-1 1.79265E-1 1.94262E-1 2.03686E-1 2.19958E-1 2.37725E-1 2.49845E-1 2.70162E-1 2.77099E-1 2.98687E-1 3.04767E-1 3.08389E-1 -9999 -9999 -9999 -9999 -9999 -9999 -9999
6.86207E-2 7.90813E-2 9.10386E-2 1.0269E-1 8.15834E-2 7.21124E-2 8.71609E-2 1.0939E-1 1.16443E-1 1.2802E-1 1.45599E-1 1.59493E-1 1.70816E-1 1.62941E-1 1.6235E-1 1.58647E-1 1.60925E-1 1.54224E-1 1.47927E-1 1.32545E-1 1.21641E-1 1.16923E-1 1.25863E-1 1.52767E-1 1.68963E-1 1.87841E-1 1.80168E-1 1.77889E-1 1.77252E-1 1.88284E-1 2.16747E-1 2.22393E-1 2.37419E-1 2.24126E-1 1.92345E-1 1.84777E-1 1.70379E-1 1.75032E-1 1.95633E-1 2.17176E-1 2.22287E-1 2.00071E-1 1.92037E-1 1.91065E-1 2.00749E-1 2.19903E-1 2.33368E-1 2.5724E-1 2.74179E-1 2.87802E-1 3.03886E-1 3.06533E-1 -9999 -9999 -9999 -9999 -9999 -9999 -9999 -9999 -9999
7.48155E-2 8.39163E-2 9.08144E-2 1.06026E-1 9.54331E-2 8.97647E-2 9.8566E-2 1.13691E-1 1.21266E-1 1.32763E-1 1.57209E-1 1.68876E-1 1.61563E-1 1.62867E-1 1.66974E-1 1.59564E-1 1.5519E-1 1.41864E-1 1.3452E-1 1.23328E-1 1.19199E-1 1.16886E-1 1.3347E-1 1.54871E-1 1.7783E-1 1.97923E-1 1.77051E-1 1.81138E-1 1.85306E-1 2.02425E-1 2.20485E-1 2.29855E-1 2.50731E-1 2.30794E-1 2.06859E-1 2.07274E-1 2.06707E-1 1.98815E-1 2.03442E-1 2.20197E-1 2.21114E-1 2.11764E-1 2.11055E-1 2.08969E-1 2.02802E-1 2.27739E-1 2.52278E-1 2.69953E-1 2.92117E-1 3.06777E-1 3.21299E-1 -9999 -9999 -9999 -9999 -9999 -9999 -9999 -9999 -9999 -9999
7.98079E-2 8.95119E-2 9.36254E-2 9.96636E-2 9.87025E-2 9.49025E-2 1.06487E-1 1.17048E-1 1.20934E-1 1.24433E-1 1.4587E-1 1.64578E-1 1.65106E-1 1.54199E-1 1.55686E-1 1.56206E-1 1.57929E-1 1.47969E-1 1.34505E-1 1.25097E-1 1.19072E-1 1.31186E-1 1.42945E-1 1.57567E-1 1.74587E-1 2.05636E-1 1.81322E-1 1.80838E-1 1.88186E-1 1.93624E-1 2.09774E-1 2.24046E-1 2.26854E-1 2.19867E-1 2.19417E-1 2.09299E-1 2.09538E-1 2.16448E-1 2.17358E-1 2.16115E-1 2.21061E-1 2.16683E-1 2.07038E-1 2.12325E-1 2.3035E-1 2.37511E-1 2.50071E-1 2.81208E-1 2.99607E-1 3.09819E-1 -9999 -9999 -9999 -9999 -9999 -9999 -9999 -9999 -9999 -9999 -9999
8.52162E-2 9.25129E-2 9.84506E-2 1.03837E-1 1.08088E-1 1.03584E-1 1.12324E-1 1.2355E-1 1.242E-1 1.21802E-1 1.49964E-1 1.5052E-1 1.47981E-1 1.47189E-1 1.57897E-1 1.51704E-1 1.4704E-1 1.41522E-1 1.28165E-1 1.19628E-1 1.21716E-1 1.34835E-1 1.48715E-1 1.59509E-1 1.62825E-1 1.89744E-1 1.79463E-1 1.93566E-1 2.04719E-1 2.08285E-1 2.06974E-1 2.13897E-1 2.11543E-1 2.04243E-1 2.03303E-1 1.99788E-1 2.02988E-1 2.11046E-1 2.19701E-1 2.25983E-1 2.31446E-1 2.2873E-1 2.16049E-1 2.23558E-1 2.35307E-1 2.60053E-1 2.57012E-1 2.85083E-1 3.12161E-1 3.15163E-1 -9999 -9999 -9999 -9999 -9999 -9999 -9999 -9999 -9999 -9999 -9999
