maxent_outputs/bumblebees/bombus_160.asc
ncols         426
nrows         180
xllcorner     -130.0
yllcorner     24.0
cellsize      0.16666666666666666
NODATA_value  -9999
[rows 108 to 134 of 180, columns 244 to 304 of 426]
7.69033E-1 7.75105E-1 7.75983E-1 7.78286E-1 7.81033E-1 7.79751E-1 7.76225E-1 7.70091E-1 7.72801E-1 7.63524E-1 7.63432E-1 7.65241E-1 7.65513E-1 7.61039E-1 7.56137E-1 7.57663E-1 7.63228E-1 7.74698E-1 7.80303E-1 7.87519E-1 7.86138E-1 7.81164E-1 7.83157E-1 7.87097E-1 7.94931E-1 7.9696E-1 7.94629E-1 7.90483E-1 7.75584E-1 7.57992E-1 7.46787E-1 7.47443E-1 7.4625E-1 7.39839E-1 7.39567E-1 7.40883E-1 7.37375E-1 7.32025E-1 7.37968E-1 7.33529E-1 7.60559E-1 7.71205E-1 7.79809E-1 7.80608E-1 7.91607E-1 7.95961E-1 7.92509E-1 7.97861E-1 7.93872E-1 7.84291E-1 7.76816E-1 7.69992E-1 7.68557E-1 7.73109E-1 7.74537E-1 7.67522E-1 7.60882E-1 7.65148E-1 7.62712E-1 7.69239E-1 7.78681E-1
7.67513E-1 7.74203E-1 7.78884E-1 7.8027E-1 7.78426E-1 7.72971E-1 7.7573E-1 7.70577E-1 7.71029E-1 7.65393E-1 7.64568E-1 7.62708E-1 7.65839E-1 7.68056E-1 7.66076E-1 7.67357E-1 7.73595E-1 7.79452E-1 7.8563E-1 7.87722E-1 7.83958E-1 7.78105E-1 7.84477E-1 7.90557E-1 7.93592E-1 7.92308E-1 7.91741E-1 7.89869E-1 7.77122E-1 7.62141E-1 7.59141E-1 7.48665E-1 7.51035E-1 7.58742E-1 7.59491E-1 7.67147E-1 7.95257E-1 7.67664E-1 7.71566E-1 7.37379E-1 7.31128E-1 8.01016E-1 8.18769E-1 7.99286E-1 8.03887E-1 7.99231E-1 8.00799E-1 7.94735E-1 7.88851E-1 7.81104E-1 7.78832E-1 7.68822E-1 7.69704E-1 7.76739E-1 7.85673E-1 7.74485E-1 7.66248E-1 7.68883E-1 7.64363E-1 7.74381E-1 7.78806E-1
7.68621E-1 7.75519E-1 7.79794E-1 7.7629E-1 7.72961E-1 7.68657E-1 7.72511E-1 7.72494E-1 7.76346E-1 7.71924E-1 7.71405E-1 7.69705E-1 7.70572E-1 7.71438E-1 7.65792E-1 7.67787E-1 7.72549E-1 7.80986E-1 7.89104E-1 7.93119E-1 7.845E-1 7.86632E-1 7.97744E-1 7.94473E-1 7.84683E-1 7.88813E-1 7.77174E-1 7.7708E-1 7.73583E-1 7.70135E-1 7.70409E-1 7.70323E-1 7.90902E-1 8.06877E-1 8.25671E-1 8.37656E-1 8.20862E-1 8.04402E-1 7.66094E-1 7.68319E-1 7.62619E-1 7.93305E-1 8.07346E-1 8.06524E-1 8.09856E-1 8.16921E-1 8.04236E-1 7.8679E-1 7.75925E-1 7.77771E-1 7.83394E-1 7.71762E-1 7.76335E-1 7.80378E-1 7.83361E-1 7.72282E-1 7.70764E-1 7.65442E-1 7.61417E-1 7.66488E-1 7.7126E-1
7.6996E-1 7.72663E-1 7.79645E-1 7.76511E-1 7.70134E-1 7.70279E-1 7.72908E-1 7.80829E-1 7.83208E-1 7.7995E-1 7.76328E-1 7.74305E-1 7.74805E-1 7.68962E-1 7.64717E-1 7.64019E-1 7.66334E-1 7.73687E-1 7.82591E-1 7.89828E-1 7.97383E-1 8.06037E-1 7.99828E-1 7.91646E-1 7.88476E-1 7.74584E-1 7.72494E-1 7.74259E-1 7.74581E-1 7.7437E-1 7.75394E-1 8.01489E-1 8.03603E-1 8.01278E-1 7.99281E-1 8.01764E-1 7.96493E-1 8.47869E-1 8.4743E-1 8.43051E-1 8.00562E-1 8.07984E-1 8.18527E-1 8.05332E-1 8.01395E-1 7.99693E-1 7.84762E-1 7.81336E-1 7.72582E-1 7.68956E-1 7.76953E-1 7.74974E-1 7.72806E-1 7.73049E-1 7.73251E-1 7.75553E-1 7.68843E-1 7.60639E-1 7.60162E-1 7.61797E-1 7.6739E-1
7.75004E-1 7.71251E-1 7.74951E-1 7.70017E-1 7.67554E-1 7.72523E-1 7.76101E-1 7.78143E-1 7.80213E-1 7.82978E-1 7.7814E-1 7.75229E-1 7.72018E-1 7.66169E-1 7.63687E-1 7.58897E-1 7.6283E-1 7.69029E-1 7.80451E-1 7.86683E-1 7.95568E-1 8.04155E-1 7.97726E-1 7.88215E-1 7.84411E-1 7.74721E-1 7.74469E-1 7.74216E-1 7.80902E-1 7.80648E-1 7.8601E-1 8.11226E-1 8.14234E-1 8.23417E-1 8.39269E-1 8.18382E-1 8.42294E-1 8.60628E-1 8.90361E-1 8.68574E-1 8.53992E-1 8.36062E-1 8.23898E-1 8.02754E-1 7.95744E-1 7.90739E-1 7.82565E-1 7.79966E-1 7.72335E-1 7.70818E-1 7.74142E-1 7.79503E-1 7.72627E-1 7.68277E-1 7.63235E-1 7.60362E-1 7.53827E-1 7.56046E-1 7.54781E-1 7.5831E-1 7.57812E-1
7.77058E-1 7.75147E-1 7.77265E-1 7.72398E-1 7.70849E-1 7.72522E-1 7.80893E-1 7.76088E-1 7.79545E-1 7.78639E-1 7.74944E-1 7.72474E-1 7.686E-1 7.66951E-1 7.6257E-1 7.58757E-1 7.59519E-1 7.66322E-1 7.78594E-1 7.92172E-1 7.94526E-1 7.93816E-1 7.83426E-1 7.91009E-1 7.79218E-1 7.78043E-1 7.77488E-1 7.7858E-1 7.93795E-1 7.85516E-1 7.83105E-1 7.77129E-1 7.90939E-1 8.29371E-1 8.65083E-1 8.54066E-1 8.91946E-1 9.02114E-1 8.91493E-1 8.92605E-1 8.60358E-1 8.36343E-1 8.11507E-1 7.98624E-1 7.94844E-1 7.89137E-1 7.83262E-1 7.76033E-1 7.73435E-1 7.75395E-1 7.72454E-1 7.74319E-1 7.72017E-1 7.67401E-1 7.54591E-1 7.45482E-1 7.40246E-1 7.38566E-1 7.36941E-1 7.45227E-1 7.52961E-1
7.86554E-1 7.79803E-1 7.78573E-1 7.76697E-1 7.75462E-1 7.74326E-1 7.80325E-1 7.82016E-1 7.78556E-1 7.74285E-1 7.74702E-1 7.7262E-1 7.70162E-1 7.65534E-1 7.66305E-1 7.63163E-1 7.64616E-1 7.6892E-1 7.80988E-1 7.88753E-1 7.87491E-1 7.83901E-1 7.88351E-1 7.84683E-1 7.75092E-1 7.7894E-1 7.81999E-1 7.93672E-1 8.14159E-1 7.91805E-1 7.85872E-1 7.89525E-1 8.01245E-1 8.36928E-1 8.60896E-1 8.74941E-1 8.84541E-1 8.73784E-1 8.53634E-1 8.46091E-1 8.33625E-1 8.22931E-1 8.00733E-1 7.90656E-1 7.8994E-1 7.82771E-1 7.75349E-1 7.72064E-1 7.72707E-1 7.7315E-1 7.75486E-1 7.74387E-1 7.75791E-1 7.70859E-1 7.55817E-1 7.44965E-1 7.38032E-1 7.26444E-1 7.2903E-1 7.33303E-1 7.40678E-1
7.87001E-1 7.802E-1 7.80076E-1 7.80272E-1 7.81198E-1 7.77666E-1 7.77215E-1 7.76399E-1 7.77213E-1 7.76162E-1 7.73798E-1 7.72962E-1 7.76038E-1 7.7338E-1 7.66542E-1 7.67752E-1 7.68453E-1 7.67756E-1 7.76857E-1 7.79046E-1 7.80618E-1 7.84556E-1 7.81786E-1 7.85368E-1 7.7694E-1 7.82703E-1 7.83967E-1 7.94604E-1 8.09203E-1 8.12821E-1 8.08543E-1 8.14747E-1 8.28707E-1 8.49424E-1 8.58503E-1 8.72997E-1 8.64114E-1 8.45306E-1 8.37526E-1 8.22049E-1 8.15728E-1 8.04947E-1 7.92728E-1 7.81407E-1 7.78594E-1 7.74882E-1 7.70704E-1 7.69848E-1 7.73441E-1 7.71678E-1 7.75173E-1 7.77918E-1 7.76641E-1 7.7331E-1 7.60102E-1 7.48724E-1 7.41864E-1 7.35093E-1 7.32758E-1 7.31201E-1 7.38677E-1
7.86026E-1 7.81185E-1 7.79105E-1 7.79628E-1 7.79324E-1 7.80717E-1 7.82237E-1 7.77806E-1 7.77395E-1 7.7264E-1 7.71565E-1 7.72892E-1 7.73036E-1 7.71239E-1 7.71544E-1 7.63699E-1 7.63276E-1 7.62039E-1 7.67721E-1 7.77303E-1 7.7786E-1 7.77842E-1 7.77684E-1 7.74364E-1 7.68987E-1 7.75853E-1 7.65309E-1 7.77013E-1 8.02199E-1 8.13471E-1 8.20147E-1 8.25277E-1 8.30553E-1 8.34448E-1 8.39344E-1 8.49213E-1 8.34169E-1 8.29993E-1 8.15316E-1 8.08462E-1 7.99076E-1 7.94579E-1 7.8545E-1 7.79271E-1 7.73674E-1 7.70293E-1 7.6651E-1 7.65905E-1 7.69787E-1 7.70722E-1 7.68892E-1 7.72415E-1 7.76181E-1 7.66604E-1 7.6339E-1 7.56939E-1 7.52093E-1 7.46328E-1 7.40892E-1 7.40621E-1 7.40231E-1
7.83114E-1 7.80569E-1 7.78833E-1 7.77061E-1 7.81325E-1 7.83273E-1 7.82831E-1 7.79391E-1 7.76143E-1 7.72945E-1 7.75851E-1 7.7777E-1 7.74736E-1 7.71407E-1 7.66708E-1 7.67011E-1 7.62083E-1 7.57968E-1 7.65827E-1 7.61493E-1 7.63645E-1 7.66663E-1 7.64902E-1 7.576E-1 7.64464E-1 7.60265E-1 7.57504E-1 7.6059E-1 7.88265E-1 7.99094E-1 8.0823E-1 8.14339E-1 8.1688E-1 8.22549E-1 8.24523E-1 8.16091E-1 8.06203E-1 8.07447E-1 8.09676E-1 8.0071E-1 7.8992E-1 7.82854E-1 7.76671E-1 7.72993E-1 7.74327E-1 7.72049E-1 7.6825E-1 7.67554E-1 7.66665E-1 7.69782E-1 7.70949E-1 7.70558E-1 7.68689E-1 7.63274E-1 7.62873E-1 7.60155E-1 7.56291E-1 7.5233E-1 7.44811E-1 7.43537E-1 7.42977E-1
7.78686E-1 7.79312E-1 7.78331E-1 7.73527E-1 7.80912E-1 7.84386E-1 7.85293E-1 7.81402E-1 7.77219E-1 7.77521E-1 7.81464E-1 7.80152E-1 7.77411E-1 7.76443E-1 7.73258E-1 7.70997E-1 7.62916E-1 7.51957E-1 7.50592E-1 7.48536E-1 7.51299E-1 7.61956E-1 7.64177E-1 7.59323E-1 7.61379E-1 7.57894E-1 7.55193E-1 7.65249E-1 7.84128E-1 7.889E-1 7.93527E-1 8.08751E-1 8.16029E-1 8.07868E-1 8.00024E-1 7.97031E-1 7.86788E-1 7.80313E-1 7.82083E-1 7.88746E-1 7.82103E-1 7.78051E-1 7.73584E-1 7.74733E-1 7.79068E-1 7.76252E-1 7.73065E-1 7.71367E-1 7.72526E-1 7.75321E-1 7.71519E-1 7.64149E-1 7.60981E-1 7.60853E-1 7.57906E-1 7.59026E-1 7.57158E-1 7.47293E-1 7.38923E-1 7.42363E-1 7.44323E-1
7.73715E-1 7.75249E-1 7.75856E-1 7.6828E-1 7.72857E-1 7.79634E-1 7.84717E-1 7.83697E-1 7.79106E-1 7.77634E-1 7.79257E-1 7.77676E-1 7.78326E-1 7.81106E-1 7.73142E-1 7.691E-1 7.62042E-1 7.49607E-1 7.42629E-1 7.43083E-1 7.46864E-1 7.52577E-1 7.57566E-1 7.5688E-1 7.56381E-1 7.56853E-1 7.5959E-1 7.66413E-1 7.82415E-1 7.91366E-1 8.00312E-1 8.00803E-1 8.02267E-1 7.88138E-1 7.83637E-1 7.83724E-1 7.79743E-1 7.70344E-1 7.71488E-1 7.75996E-1 7.78271E-1 7.77617E-1 7.74109E-1 7.72514E-1 7.70704E-1 7.73236E-1 7.76388E-1 7.82216E-1 7.77923E-1 7.66875E-1 7.654E-1 7.62712E-1 7.60237E-1 7.60364E-1 7.5483E-1 7.48835E-1 7.40701E-1 7.26867E-1 7.3437E-1 7.4373E-1 7.46084E-1
7.69984E-1 7.71111E-1 7.71158E-1 7.66423E-1 7.69716E-1 7.77459E-1 7.83555E-1 7.84959E-1 7.78434E-1 7.75084E-1 7.77886E-1 7.78202E-1 7.73193E-1 7.69818E-1 7.6665E-1 7.65206E-1 7.62485E-1 7.58127E-1 7.44085E-1 7.42145E-1 7.45832E-1 7.51821E-1 7.60254E-1 7.59012E-1 7.56848E-1 7.63859E-1 7.67634E-1 7.69479E-1 7.75021E-1 7.899E-1 7.99088E-1 8.00811E-1 7.9506E-1 7.79305E-1 7.75965E-1 7.7734E-1 7.68277E-1 7.65635E-1 7.64952E-1 7.71137E-1 7.79807E-1 7.80663E-1 7.72079E-1 7.67295E-1 7.65617E-1 7.70997E-1 7.76601E-1 7.70663E-1 7.6425E-1 7.5906E-1 7.58548E-1 7.59022E-1 7.60532E-1 7.5415E-1 7.50412E-1 7.47126E-1 7.43851E-1 7.37015E-1 7.39622E-1 7.4873E-1 7.49032E-1
7.70313E-1 7.69058E-1 7.6864E-1 7.69984E-1 7.7225E-1 7.8119E-1 7.86106E-1 7.83848E-1 7.76661E-1 7.75517E-1 7.78998E-1 7.76216E-1 7.70183E-1 7.6098E-1 7.60109E-1 7.60077E-1 7.65882E-1 7.56008E-1 7.47675E-1 7.44449E-1 7.4073E-1 7.55368E-1 7.60914E-1 7.58407E-1 7.64059E-1 7.69331E-1 7.67145E-1 7.65081E-1 7.70934E-1 7.84712E-1 7.91835E-1 7.90558E-1 7.83967E-1 7.76194E-1 7.67683E-1 7.61538E-1 7.5859E-1 7.60817E-1 7.65856E-1 7.73588E-1 7.74522E-1 7.74181E-1 7.79419E-1 7.64388E-1 7.63984E-1 7.69064E-1 7.67844E-1 7.64974E-1 7.63542E-1 7.62675E-1 7.62987E-1 7.60245E-1 7.56136E-1 7.48885E-1 7.46635E-1 7.46587E-1 7.51771E-1 7.50919E-1 7.51989E-1 7.5171E-1 7.54084E-1
7.69045E-1 7.71127E-1 7.72571E-1 7.80423E-1 7.8375E-1 7.94034E-1 7.92343E-1 7.8387E-1 7.78974E-1 7.77108E-1 7.81602E-1 7.82229E-1 7.76067E-1 7.64337E-1 7.64659E-1 7.74282E-1 7.61959E-1 7.58131E-1 7.56397E-1 7.47864E-1 7.44341E-1 7.51071E-1 7.57559E-1 7.6471E-1 7.66444E-1 7.66765E-1 7.65462E-1 7.60963E-1 7.66173E-1 7.75285E-1 7.76575E-1 7.74666E-1 7.7448E-1 7.68139E-1 7.5878E-1 7.53357E-1 7.53867E-1 7.56261E-1 7.60133E-1 7.69014E-1 7.72692E-1 7.72456E-1 7.66615E-1 7.64822E-1 7.62507E-1 7.68831E-1 7.64933E-1 7.63168E-1 7.65473E-1 7.62559E-1 7.62428E-1 7.53703E-1 7.48135E-1 7.5218E-1 7.48209E-1 7.43682E-1 7.45692E-1 7.47939E-1 7.5089E-1 7.54468E-1 7.50359E-1
7.76385E-1 7.76355E-1 7.80169E-1 7.86814E-1 7.84258E-1 7.92925E-1 7.85341E-1 7.79424E-1 7.7973E-1 7.83074E-1 7.89974E-1 7.87696E-1 7.74767E-1 7.68216E-1 7.70635E-1 7.74064E-1 7.65117E-1 7.57069E-1 7.60525E-1 7.57621E-1 7.60901E-1 7.62127E-1 7.63952E-1 7.62123E-1 7.67392E-1 7.64603E-1 7.61115E-1 7.59894E-1 7.60769E-1 7.66889E-1 7.67073E-1 7.64459E-1 7.62439E-1 7.59334E-1 7.50217E-1 7.50258E-1 7.54164E-1 7.5149E-1 7.53984E-1 7.63809E-1 7.67838E-1 7.67246E-1 7.66324E-1 7.64845E-1 7.61725E-1 7.6234E-1 7.57872E-1 7.54505E-1 7.56664E-1 7.57368E-1 7.53844E-1 7.46023E-1 7.39118E-1 7.42314E-1 7.58791E-1 7.5289E-1 7.46829E-1 7.4747E-1 7.50733E-1 7.49481E-1 7.51817E-1
7.81614E-1 7.86282E-1 7.88776E-1 7.80114E-1 7.74905E-1 7.73235E-1 7.71966E-1 7.7406E-1 7.80243E-1 7.90352E-1 8.00329E-1 7.90052E-1 7.725E-1 7.71162E-1 7.62709E-1 7.61242E-1 7.55384E-1 7.58789E-1 7.5939E-1 7.64694E-1 7.65802E-1 7.64222E-1 7.67979E-1 7.63753E-1 7.6284E-1 7.60207E-1 7.58161E-1 7.56031E-1 7.56775E-1 7.58012E-1 7.60789E-1 7.5506E-1 7.54638E-1 7.5362E-1 7.52018E-1 7.51622E-1 7.53208E-1 7.50802E-1 7.52088E-1 7.5676E-1 7.66848E-1 7.64996E-1 7.63031E-1 7.56406E-1 7.5143E-1 7.52724E-1 7.55044E-1 7.52275E-1 7.51153E-1 7.4989E-1 7.4561E-1 7.393E-1 7.38783E-1 7.40736E-1 7.40551E-1 7.59322E-1 7.44266E-1 7.46362E-1 7.53069E-1 7.49376E-1 7.52722E-1
7.89557E-1 7.87519E-1 7.86386E-1 7.78438E-1 7.71698E-1 7.67464E-1 7.65644E-1 7.71968E-1 7.7946E-1 7.89042E-1 7.96468E-1 7.92609E-1 7.87007E-1 7.77202E-1 7.64203E-1 7.52184E-1 7.56923E-1 7.60943E-1 7.62817E-1 7.60715E-1 7.58231E-1 7.63175E-1 7.61937E-1 7.59987E-1 7.65679E-1 7.70591E-1 7.59719E-1 7.55264E-1 7.5179E-1 7.52267E-1 7.49402E-1 7.46973E-1 7.51033E-1 7.58591E-1 7.53241E-1 7.54666E-1 7.6037E-1 7.53172E-1 7.50414E-1 7.53845E-1 7.60492E-1 7.66049E-1 7.60749E-1 7.51268E-1 7.46848E-1 7.467E-1 7.49212E-1 7.48136E-1 7.44295E-1 7.41961E-1 7.40715E-1 7.41628E-1 7.42161E-1 7.40951E-1 7.4013E-1 7.37336E-1 7.35831E-1 7.40284E-1 7.47893E-1 7.52095E-1 7.52117E-1
7.95304E-1 7.89614E-1 7.85213E-1 7.77805E-1 7.73257E-1 7.70173E-1 7.70945E-1 7.71988E-1 7.79418E-1 7.88604E-1 7.93291E-1 7.99316E-1 7.98136E-1 7.84954E-1 7.66329E-1 7.61394E-1 7.61834E-1 7.63095E-1 7.60523E-1 7.56625E-1 7.63381E-1 7.58026E-1 7.60641E-1 7.64009E-1 7.68447E-1 7.63225E-1 7.56312E-1 7.55437E-1 7.50445E-1 7.49524E-1 7.42838E-1 7.43708E-1 7.46183E-1 7.56644E-1 7.55063E-1 7.538E-1 7.54081E-1 7.51257E-1 7.50675E-1 7.53739E-1 7.57917E-1 7.60012E-1 7.56157E-1 7.5045E-1 7.47545E-1 7.47676E-1 7.44927E-1 7.44431E-1 7.36759E-1 7.33461E-1 7.39057E-1 7.42526E-1 7.42464E-1 7.39219E-1 7.34002E-1 7.27059E-1 7.32964E-1 7.39215E-1 7.49468E-1 -9999 -9999
7.9289E-1 7.91232E-1 7.86161E-1 7.77148E-1 7.71935E-1 7.73696E-1 7.76462E-1 7.8042E-1 7.84024E-1 7.85286E-1 7.86019E-1 7.85365E-1 7.83655E-1 7.7656E-1 7.6489E-1 7.61581E-1 7.60897E-1 7.59712E-1 7.56637E-1 7.61255E-1 7.76714E-1 7.61528E-1 7.59464E-1 7.62882E-1 7.62322E-1 7.58667E-1 7.49709E-1 7.47929E-1 7.43786E-1 7.41279E-1 7.40819E-1 7.42371E-1 7.45534E-1 7.50504E-1 7.53222E-1 7.51129E-1 7.4959E-1 7.50171E-1 7.51002E-1 7.53663E-1 7.50333E-1 7.47035E-1 7.48668E-1 7.52171E-1 7.48439E-1 7.49683E-1 7.45763E-1 7.42717E-1 7.34967E-1 7.29203E-1 7.32276E-1 7.36673E-1 7.35012E-1 7.30406E-1 7.25165E-1 7.21383E-1 7.35907E-1 7.41581E-1 -9999 -9999 -9999
7.93369E-1 7.91035E-1 7.85337E-1 7.82494E-1 7.80322E-1 7.84007E-1 7.84822E-1 7.88401E-1 7.84817E-1 7.79815E-1 7.743E-1 7.66349E-1 7.62888E-1 7.61787E-1 7.59767E-1 7.55386E-1 7.53971E-1 7.54955E-1 7.58842E-1 7.53657E-1 7.56161E-1 7.53062E-1 7.54994E-1 7.61749E-1 7.54456E-1 7.49947E-1 7.43254E-1 7.38976E-1 7.39065E-1 7.41758E-1 7.43439E-1 7.43059E-1 7.47694E-1 7.51314E-1 7.536E-1 7.52641E-1 7.52141E-1 7.52335E-1 7.53905E-1 7.50418E-1 7.45019E-1 7.38036E-1 7.45702E-1 7.56149E-1 7.53198E-1 7.51737E-1 7.42531E-1 7.3536E-1 7.31325E-1 7.2339E-1 7.25058E-1 7.29015E-1 7.31538E-1 7.27184E-1 7.28582E-1 7.24228E-1 7.34374E-1 -9999 -9999 -9999 -9999
7.99323E-1 7.8784E-1 7.879E-1 7.89804E-1 7.9122E-1 7.90799E-1 7.92917E-1 7.84999E-1 7.80312E-1 7.64794E-1 7.51446E-1 7.52569E-1 7.49083E-1 7.49552E-1 7.50091E-1 7.54252E-1 7.50976E-1 7.55729E-1 7.60353E-1 7.54771E-1 7.49081E-1 7.53225E-1 7.53206E-1 7.51973E-1 7.45223E-1 7.39861E-1 7.4021E-1 7.37573E-1 7.38783E-1 7.38411E-1 7.39287E-1 7.41511E-1 7.41602E-1 7.46657E-1 7.48282E-1 7.53686E-1 7.5905E-1 7.59549E-1 7.58378E-1 7.48729E-1 7.44125E-1 7.4169E-1 7.49627E-1 7.61319E-1 7.55189E-1 7.52191E-1 7.41285E-1 7.32231E-1 7.24668E-1 7.18287E-1 7.19216E-1 7.23484E-1 7.20819E-1 7.26582E-1 7.25891E-1 -9999 -9999 -9999 -9999 -9999 -9999
8.01767E-1 7.88385E-1 7.82567E-1 7.85072E-1 7.91698E-1 7.97218E-1 7.90422E-1 7.83817E-1 7.72756E-1 7.56289E-1 7.4713E-1 7.48458E-1 7.49705E-1 7.48444E-1 7.48041E-1 7.45771E-1 7.43515E-1 7.42038E-1 7.44313E-1 7.46942E-1 7.50793E-1 7.54898E-1 7.52981E-1 7.47596E-1 7.40929E-1 7.38865E-1 7.38143E-1 7.34798E-1 7.34294E-1 7.36219E-1 7.39989E-1 7.35654E-1 7.36574E-1 7.42638E-1 7.46714E-1 7.52409E-1 7.63403E-1 7.59327E-1 7.53989E-1 7.4624E-1 7.4036E-1 7.43612E-1 7.50835E-1 7.55571E-1 7.51177E-1 7.46304E-1 7.35665E-1 7.23321E-1 7.13731E-1 7.12188E-1 7.16256E-1 7.20915E-1 7.21261E-1 7.24589E-1 -9999 -9999 -9999 -9999 -9999 -9999 -9999
8.03203E-1 7.8998E-1 7.81794E-1 7.72556E-1 7.8945E-1 8.01859E-1 7.92379E-1 7.79223E-1 7.67091E-1 7.53816E-1 7.49253E-1 7.54822E-1 7.59413E-1 7.4996E-1 7.46244E-1 7.45652E-1 7.40913E-1 7.42834E-1 7.46124E-1 7.56353E-1 7.60761E-1 7.63252E-1 7.53356E-1 7.47831E-1 7.44136E-1 7.45487E-1 7.38478E-1 7.32709E-1 7.36295E-1 7.40195E-1 7.36248E-1 7.38788E-1 7.35817E-1 7.36504E-1 7.47774E-1 7.5096E-1 7.53994E-1 7.53885E-1 7.47999E-1 7.41346E-1 7.37793E-1 7.40789E-1 7.44919E-1 7.47775E-1 7.46093E-1 7.42215E-1 7.32464E-1 7.2204E-1 7.12785E-1 7.17834E-1 7.20537E-1 7.21858E-1 -9999 -9999 -9999 -9999 -9999 -9999 -9999 -9999 -9999
8.08E-1 7.98131E-1 7.9008E-1 7.80589E-1 7.86653E-1 7.90601E-1 7.87812E-1 7.84948E-1 7.69805E-1 7.59503E-1 7.53132E-1 7.56818E-1 7.55482E-1 7.54511E-1 7.52597E-1 7.53993E-1 7.50249E-1 7.49299E-1 7.49079E-1 7.56244E-1 7.60179E-1 7.62433E-1 7.52255E-1 7.47824E-1 7.47119E-1 7.54767E-1 7.43558E-1 7.43705E-1 7.44148E-1 7.45294E-1 7.42843E-1 7.41639E-1 7.39356E-1 7.40208E-1 7.46942E-1 7.47448E-1 7.47356E-1 7.46967E-1 7.43846E-1 7.41114E-1 7.38163E-1 7.38065E-1 7.40746E-1 7.43509E-1 7.44293E-1 7.39602E-1 7.34957E-1 7.27778E-1 7.23999E-1 7.27014E-1 7.29593E-1 -9999 -9999 -9999 -9999 -9999 -9999 -9999 -9999 -9999 -9999
8.15554E-1 8.10665E-1 8.00302E-1 7.94316E-1 7.94786E-1 7.94751E-1 7.93233E-1 7.88898E-1 7.78378E-1 7.71022E-1 7.67468E-1 7.63904E-1 7.60955E-1 7.62958E-1 7.65052E-1 7.66253E-1 7.63216E-1 7.61268E-1 7.61877E-1 7.65798E-1 7.68938E-1 7.62957E-1 7.57556E-1 7.53545E-1 7.58398E-1 7.65088E-1 7.55434E-1 7.58971E-1 7.55672E-1 7.54258E-1 7.4969E-1 7.46881E-1 7.46264E-1 7.47782E-1 7.54082E-1 7.59218E-1 7.59438E-1 7.49427E-1 7.45267E-1 7.4114E-1 7.33528E-1 7.33722E-1 7.32969E-1 7.36975E-1 7.43851E-1 7.39013E-1 7.34215E-1 7.33931E-1 7.39119E-1 7.3547E-1 -9999 -9999 -9999 -9999 -9999 -9999 -9999 -9999 -9999 -9999 -9999
8.24368E-1 8.18415E-1 8.09055E-1 8.03028E-1 8.00576E-1 8.02021E-1 8.01137E-1 8.00161E-1 7.95227E-1 7.86825E-1 7.79703E-1 7.78166E-1 7.75927E-1 7.74769E-1 7.74746E-1 7.79372E-1 7.78445E-1 7.77067E-1 7.80667E-1 7.8149E-1 7.78901E-1 7.73522E-1 7.71988E-1 7.73654E-1 7.73338E-1 7.72013E-1 7.67122E-1 7.67417E-1 7.62473E-1 7.58852E-1 7.56441E-1 7.55477E-1 7.54116E-1 7.60288E-1 7.6942E-1 7.71667E-1 7.66357E-1 7.51579E-1 7.40505E-1 7.37872E-1 7.3601E-1 7.34026E-1 7.33735E-1 7.30654E-1 7.34407E-1 7.3955E-1 7.37066E-1 7.38816E-1 7.48159E-1 7.46729E-1 -9999 -9999 -9999 -9999 -9999 -9999 -9999 -9999 -9999 -9999 -9999
