maxent_outputs/bumblebees/bombus_185.asc
ncols         426
nrows         180
xllcorner     -130.0
yllcorner     24.0
cellsize      0.16666666666666666
NODATA_value  -9999
[rows 27 to 53 of 180, columns 305 to 365 of 426]
4.8419E-1 4.81262E-1 4.8094E-1 4.86876E-1 4.83616E-1 4.90312E-1 4.99563E-1 5.05022E-1 5.10016E-1 5.09769E-1 5.07074E-1 5.0046E-1 4.95932E-1 4.93645E-1 4.91933E-1 4.94275E-1 5.02176E-1 4.99433E-1 4.92304E-1 4.96458E-1 4.96693E-1 4.96491E-1 5.03787E-1 5.06636E-1 4.98743E-1 5.1051E-1 5.18485E-1 5.0982E-1 5.20004E-1 5.27578E-1 5.21063E-1 5.19157E-1 5.21742E-1 5.21568E-1 5.24653E-1 5.27486E-1 5.26539E-1 5.22951E-1 5.23946E-1 5.20109E-1 5.17251E-1 5.13602E-1 5.14429E-1 5.13852E-1 5.18643E-1 5.18114E-1 5.17946E-1 5.19334E-1 5.26438E-1 5.37279E-1 5.36522E-1 5.45481E-1 5.54442E-1 5.55665E-1 5.61403E-1 5.70407E-1 5.68269E-1 5.62104E-1 5.73552E-1 5.81876E-1 5.96675E-1
4.91466E-1 4.87328E-1 4.81902E-1 4.82374E-1 4.8385E-1 4.9034E-1 4.97273E-1 5.03469E-1 5.03463E-1 5.04188E-1 5.04675E-1 5.02692E-1 4.93922E-1 4.87895E-1 4.88142E-1 4.92453E-1 4.98404E-1 4.93258E-1 4.93696E-1 4.9723E-1 4.93511E-1 4.98191E-1 5.01577E-1 5.03219E-1 4.99857E-1 5.14486E-1 5.13811E-1 5.13731E-1 5.12981E-1 5.16822E-1 5.17202E-1 5.15679E-1 5.19287E-1 5.15905E-1 5.16964E-1 5.17812E-1 5.16867E-1 5.16042E-1 5.14825E-1 5.17465E-1 5.14237E-1 5.13104E-1 5.14493E-1 5.18089E-1 5.21167E-1 5.26435E-1 5.2669E-1 5.30695E-1 5.32786E-1 5.41302E-1 5.49853E-1 5.50549E-1 5.57481E-1 5.63533E-1 5.67146E-1 5.73905E-1 5.76567E-1 5.75556E-1 5.91775E-1 6.09908E-1 6.23634E-1
4.9636E-1 4.94231E-1 4.86745E-1 4.87283E-1 4.89675E-1 4.98584E-1 5.03339E-1 5.06559E-1 5.09026E-1 5.1218E-1 5.10664E-1 5.07439E-1 5.05319E-1 5.01249E-1 4.93382E-1 4.97472E-1 4.9124E-1 4.92171E-1 4.91736E-1 4.93848E-1 4.94331E-1 4.95204E-1 4.98123E-1 5.01179E-1 5.01453E-1 5.0889E-1 5.17157E-1 5.12029E-1 5.10182E-1 5.08334E-1 5.09596E-1 5.10717E-1 5.15472E-1 5.17781E-1 5.1611E-1 5.10938E-1 5.13271E-1 5.11028E-1 5.1298E-1 5.17548E-1 5.14401E-1 5.11627E-1 5.17218E-1 5.20193E-1 5.22805E-1 5.28375E-1 5.37118E-1 5.4734E-1 5.45756E-1 5.51466E-1 5.63285E-1 5.59852E-1 5.63638E-1 5.70022E-1 5.75215E-1 5.83263E-1 5.88804E-1 5.97054E-1 6.04362E-1 6.25226E-1 6.46253E-1
4.90903E-1 4.95935E-1 4.86727E-1 5.00794E-1 5.01107E-1 4.96775E-1 5.06776E-1 5.09561E-1 5.10751E-1 5.18845E-1 5.16207E-1 5.14281E-1 5.10575E-1 5.02396E-1 5.03329E-1 5.00157E-1 4.99777E-1 5.01747E-1 4.94105E-1 4.99647E-1 4.98652E-1 5.01565E-1 5.0254E-1 5.01354E-1 5.07737E-1 5.10634E-1 5.1379E-1 5.14366E-1 5.14745E-1 5.10721E-1 5.12184E-1 5.11399E-1 5.14382E-1 5.16563E-1 5.10285E-1 5.08838E-1 5.09222E-1 5.11899E-1 5.11582E-1 5.09617E-1 5.02602E-1 5.05015E-1 5.05415E-1 5.13913E-1 5.21369E-1 5.28406E-1 5.44392E-1 5.54587E-1 5.53272E-1 5.70125E-1 5.83545E-1 5.72642E-1 5.89266E-1 5.82556E-1 5.89729E-1 6.00041E-1 6.03982E-1 6.16523E-1 6.3621E-1 6.4869E-1 6.63918E-1
5.04088E-1 5.09911E-1 4.93358E-1 4.99571E-1 5.0375E-1 5.07949E-1 5.21815E-1 5.20747E-1 5.20124E-1 5.20799E-1 5.25895E-1 5.26889E-1 5.30798E-1 5.35486E-1 5.20985E-1 5.10881E-1 5.05916E-1 5.02379E-1 5.02962E-1 5.00675E-1 5.09738E-1 5.07195E-1 5.0657E-1 5.16773E-1 5.18044E-1 5.17742E-1 5.27337E-1 5.30668E-1 5.16052E-1 5.21074E-1 5.11268E-1 5.07411E-1 5.12441E-1 5.14368E-1 5.17366E-1 5.12989E-1 5.17896E-1 5.21245E-1 5.14271E-1 5.06389E-1 5.00522E-1 5.14316E-1 5.23876E-1 5.23936E-1 5.28107E-1 5.28446E-1 5.46622E-1 5.63134E-1 5.70593E-1 5.86116E-1 5.95419E-1 5.90562E-1 5.99424E-1 5.9706E-1 6.06149E-1 6.1409E-1 6.2791E-1 6.45016E-1 6.61239E-1 6.71825E-1 6.77751E-1
5.22127E-1 5.3095E-1 5.33277E-1 5.29586E-1 5.25153E-1 5.24219E-1 5.29619E-1 5.18154E-1 5.18723E-1 5.29742E-1 5.32766E-1 5.4354E-1 5.60518E-1 5.40182E-1 5.26502E-1 5.24065E-1 5.1658E-1 5.05927E-1 5.05884E-1 5.12436E-1 5.14905E-1 5.13045E-1 5.07929E-1 5.23237E-1 5.33664E-1 5.34935E-1 5.42631E-1 5.41591E-1 5.33538E-1 5.25123E-1 5.17815E-1 5.07472E-1 5.10258E-1 5.12384E-1 5.12164E-1 5.10616E-1 5.12629E-1 5.26854E-1 5.24932E-1 5.20738E-1 5.20673E-1 5.48538E-1 5.82455E-1 5.82988E-1 5.5442E-1 5.45551E-1 5.5782E-1 5.57511E-1 5.75E-1 5.95863E-1 6.07368E-1 6.14926E-1 6.19328E-1 6.20797E-1 6.22645E-1 6.35822E-1 6.49135E-1 6.68576E-1 6.8911E-1 6.93098E-1 6.90895E-1
5.41114E-1 5.42291E-1 5.57267E-1 5.59062E-1 5.63663E-1 5.62778E-1 5.59264E-1 5.46637E-1 5.4151E-1 5.36335E-1 5.55502E-1 5.82856E-1 5.765E-1 5.5361E-1 5.3749E-1 5.27804E-1 5.20772E-1 5.09046E-1 5.02859E-1 5.04152E-1 5.03299E-1 5.15272E-1 5.25069E-1 5.34797E-1 5.43951E-1 5.27961E-1 5.31854E-1 5.39791E-1 5.33856E-1 5.33489E-1 5.2166E-1 5.11615E-1 5.15904E-1 5.14926E-1 5.10704E-1 5.11492E-1 5.156E-1 5.25258E-1 5.33014E-1 5.30594E-1 5.36916E-1 5.5152E-1 5.63779E-1 5.73887E-1 5.6136E-1 5.71961E-1 5.84638E-1 5.87415E-1 5.90282E-1 6.00686E-1 6.1325E-1 6.17048E-1 6.22669E-1 6.32096E-1 6.37592E-1 6.46231E-1 6.64353E-1 6.81476E-1 6.98789E-1 6.88696E-1 -9999
5.4311E-1 5.40345E-1 5.58168E-1 5.73496E-1 5.79161E-1 5.79578E-1 5.75849E-1 5.61459E-1 5.59755E-1 5.6431E-1 5.83153E-1 5.89599E-1 5.73664E-1 5.51871E-1 5.30863E-1 5.16199E-1 5.16425E-1 5.14903E-1 5.18018E-1 5.13356E-1 5.2076E-1 5.23206E-1 5.24767E-1 5.34752E-1 5.40329E-1 5.3012E-1 5.30819E-1 5.35532E-1 5.3029E-1 5.24192E-1 5.2063E-1 5.07753E-1 5.08185E-1 5.08122E-1 5.10674E-1 5.13543E-1 5.26364E-1 5.40304E-1 5.46554E-1 5.46867E-1 5.53668E-1 5.70793E-1 5.77306E-1 5.88252E-1 5.91094E-1 6.00491E-1 6.08011E-1 6.16144E-1 6.17593E-1 6.11768E-1 6.17398E-1 6.19891E-1 6.27879E-1 6.40379E-1 6.56466E-1 6.71095E-1 6.75718E-1 6.92939E-1 6.8532E-1 -9999 7.26884E-1
5.48751E-1 5.54795E-1 5.55819E-1 5.63404E-1 5.646E-1 5.65452E-1 5.73976E-1 5.86469E-1 5.77398E-1 5.69064E-1 5.80176E-1 5.90569E-1 5.83101E-1 5.6289E-1 5.48319E-1 5.38405E-1 5.27812E-1 5.32748E-1 5.30815E-1 5.34342E-1 5.3625E-1 5.31863E-1 5.36133E-1 5.45372E-1 5.39973E-1 5.43439E-1 5.5266E-1 5.50617E-1 5.41199E-1 5.31591E-1 5.22441E-1 5.13241E-1 5.05128E-1 5.14459E-1 5.16453E-1 5.18749E-1 5.29112E-1 5.38647E-1 5.47592E-1 5.56211E-1 5.69301E-1 5.76811E-1 5.8812E-1 6.04981E-1 6.12653E-1 6.28633E-1 6.42741E-1 6.5546E-1 6.55625E-1 6.54782E-1 6.5258E-1 6.43386E-1 6.54656E-1 6.51025E-1 6.55632E-1 6.74494E-1 6.90824E-1 7.19489E-1 7.14188E-1 6.97517E-1 6.93487E-1
5.62363E-1 5.64906E-1 5.72754E-1 5.76674E-1 5.69139E-1 5.60621E-1 5.74554E-1 5.70895E-1 5.74657E-1 5.67566E-1 5.7001E-1 5.81499E-1 5.87545E-1 5.83089E-1 5.67504E-1 5.57813E-1 5.51008E-1 5.50745E-1 5.46274E-1 5.46915E-1 5.43819E-1 5.417E-1 5.50943E-1 5.56083E-1 5.60466E-1 5.62157E-1 5.61188E-1 5.60204E-1 5.58772E-1 5.41289E-1 5.27359E-1 5.09915E-1 5.02503E-1 5.16271E-1 5.21699E-1 5.22416E-1 5.34447E-1 5.44009E-1 5.57924E-1 5.72877E-1 5.8987E-1 6.04441E-1 6.07344E-1 6.27163E-1 6.44777E-1 6.62253E-1 6.80003E-1 7.01597E-1 7.1208E-1 6.92166E-1 6.80463E-1 6.7438E-1 6.56707E-1 6.48433E-1 6.52729E-1 6.81069E-1 7.15105E-1 6.9176E-1 6.82971E-1 6.86878E-1 6.74224E-1
5.73481E-1 5.81004E-1 5.85566E-1 5.77524E-1 5.63171E-1 5.58161E-1 5.74477E-1 5.80859E-1 5.74699E-1 5.75457E-1 5.86261E-1 5.87347E-1 5.88173E-1 5.78845E-1 5.63588E-1 5.60789E-1 5.60469E-1 5.59902E-1 5.57807E-1 5.5637E-1 5.62946E-1 5.57614E-1 5.65364E-1 5.72302E-1 5.77047E-1 5.7736E-1 5.78438E-1 5.74568E-1 5.72431E-1 5.60802E-1 5.48399E-1 5.35596E-1 5.24417E-1 5.23693E-1 5.3243E-1 5.42448E-1 5.50796E-1 5.61867E-1 5.6461E-1 5.84239E-1 6.00884E-1 6.17947E-1 6.33808E-1 6.51389E-1 6.74469E-1 7.05455E-1 7.25522E-1 7.38489E-1 7.41875E-1 7.26795E-1 7.04845E-1 6.8925E-1 6.25206E-1 6.37583E-1 6.61742E-1 6.76205E-1 7.02606E-1 6.83573E-1 6.94211E-1 6.93512E-1 6.71011E-1
5.90337E-1 5.96218E-1 6.10093E-1 5.93997E-1 5.74519E-1 5.62971E-1 5.75849E-1 5.77715E-1 5.80886E-1 5.89417E-1 5.92707E-1 5.96449E-1 5.92051E-1 5.84161E-1 5.70789E-1 5.78525E-1 5.76355E-1 5.71598E-1 5.75572E-1 5.78012E-1 5.75382E-1 5.72296E-1 5.74973E-1 5.76976E-1 5.82287E-1 5.83072E-1 5.85578E-1 5.84509E-1 5.83682E-1 5.76173E-1 5.73682E-1 5.57844E-1 5.41726E-1 5.40304E-1 5.45264E-1 5.46198E-1 5.58182E-1 5.69405E-1 5.72617E-1 5.99963E-1 6.18093E-1 6.34635E-1 6.57318E-1 6.77649E-1 7.07767E-1 7.36579E-1 7.57017E-1 7.67527E-1 7.66911E-1 7.51802E-1 7.28072E-1 6.81134E-1 6.35743E-1 6.45261E-1 6.17288E-1 6.72894E-1 6.8268E-1 7.00221E-1 7.13076E-1 6.94621E-1 6.6374E-1
6.01947E-1 6.06208E-1 6.04344E-1 6.00222E-1 5.92776E-1 5.85903E-1 5.82857E-1 5.8823E-1 5.91892E-1 5.94304E-1 5.93285E-1 6.03771E-1 5.96228E-1 5.92504E-1 5.89822E-1 5.88168E-1 5.85989E-1 5.7706E-1 5.8385E-1 5.85629E-1 5.90591E-1 5.88309E-1 5.84935E-1 5.95306E-1 6.01993E-1 5.94582E-1 5.96897E-1 5.99573E-1 6.00145E-1 5.95931E-1 5.68616E-1 5.62678E-1 5.52388E-1 5.5537E-1 5.54685E-1 5.67631E-1 5.71548E-1 5.82783E-1 5.81536E-1 6.13721E-1 6.25846E-1 6.48688E-1 6.69948E-1 7.03605E-1 7.3298E-1 7.5224E-1 7.6867E-1 7.82198E-1 7.82799E-1 7.72644E-1 7.6499E-1 7.10597E-1 6.88431E-1 6.64328E-1 6.76268E-1 6.69153E-1 6.7772E-1 6.96189E-1 6.97566E-1 6.80794E-1 6.55723E-1
6.13415E-1 6.16326E-1 6.11302E-1 6.05526E-1 6.01271E-1 6.00265E-1 5.84079E-1 5.88063E-1 5.92227E-1 5.94491E-1 5.94945E-1 5.94851E-1 5.94113E-1 5.8765E-1 5.87627E-1 5.95861E-1 5.87934E-1 5.89946E-1 5.90747E-1 5.88683E-1 5.95794E-1 5.98574E-1 6.02053E-1 6.07835E-1 6.15139E-1 6.02531E-1 5.90213E-1 5.89185E-1 5.93923E-1 5.91886E-1 5.80132E-1 5.62141E-1 5.55704E-1 5.62736E-1 5.65343E-1 5.8449E-1 5.84504E-1 5.8025E-1 6.06091E-1 6.17995E-1 6.35962E-1 6.59839E-1 6.94758E-1 7.25134E-1 7.46557E-1 7.68517E-1 7.80439E-1 7.84684E-1 7.86433E-1 7.92972E-1 7.7281E-1 7.55217E-1 -9999 6.67703E-1 6.75572E-1 6.74338E-1 6.76137E-1 6.79674E-1 6.75287E-1 6.58602E-1 6.51459E-1
6.22761E-1 6.20647E-1 6.14262E-1 6.12703E-1 6.05836E-1 5.98004E-1 5.9402E-1 5.96472E-1 5.94694E-1 6.01509E-1 5.99603E-1 6.01869E-1 6.0192E-1 5.99304E-1 6.0101E-1 5.98408E-1 6.02066E-1 6.00303E-1 5.98743E-1 6.05353E-1 6.13521E-1 5.97634E-1 6.19436E-1 6.19105E-1 6.16319E-1 6.07884E-1 5.98848E-1 5.96548E-1 5.97984E-1 5.94539E-1 5.92901E-1 5.83082E-1 5.81169E-1 5.8388E-1 5.91879E-1 5.99251E-1 6.07005E-1 6.11405E-1 6.24937E-1 6.33991E-1 6.50929E-1 6.65967E-1 6.9543E-1 7.25823E-1 7.52582E-1 7.63064E-1 7.71172E-1 7.90133E-1 7.90681E-1 7.55545E-1 7.35978E-1 7.10929E-1 6.75339E-1 6.83189E-1 6.94238E-1 6.76593E-1 6.56292E-1 6.56392E-1 6.48454E-1 6.48087E-1 6.41025E-1
6.27996E-1 6.24248E-1 6.14614E-1 6.04486E-1 5.98463E-1 5.92921E-1 5.98447E-1 6.08181E-1 6.06997E-1 6.07976E-1 6.03453E-1 6.01362E-1 5.99145E-1 6.0268E-1 6.11158E-1 6.14173E-1 6.15082E-1 6.19886E-1 6.10234E-1 6.15916E-1 6.20029E-1 6.22729E-1 6.30339E-1 6.1696E-1 6.25973E-1 6.25713E-1 6.19066E-1 6.10654E-1 6.09596E-1 6.02224E-1 5.91175E-1 5.83751E-1 5.91064E-1 5.97974E-1 6.06613E-1 6.22502E-1 6.25896E-1 6.37214E-1 6.46072E-1 6.55317E-1 6.48018E-1 6.54176E-1 6.79597E-1 6.95059E-1 7.17012E-1 7.19972E-1 7.22573E-1 7.27925E-1 7.16219E-1 6.74718E-1 6.41174E-1 6.65577E-1 6.87895E-1 6.96119E-1 6.93337E-1 6.64712E-1 6.339E-1 6.35958E-1 6.40424E-1 6.3811E-1 6.36319E-1
6.17438E-1 6.12496E-1 6.07223E-1 6.04593E-1 6.01132E-1 5.98538E-1 6.05688E-1 6.07222E-1 6.09916E-1 6.08327E-1 6.13253E-1 6.08873E-1 6.06025E-1 6.11848E-1 6.15209E-1 6.20774E-1 6.20817E-1 6.1787E-1 6.18672E-1 6.30454E-1 6.46312E-1 6.42042E-1 6.23798E-1 6.3033E-1 6.40034E-1 6.39253E-1 6.28659E-1 6.27779E-1 6.32427E-1 6.23581E-1 6.08521E-1 6.00162E-1 6.14361E-1 6.22226E-1 6.32216E-1 6.40284E-1 6.57206E-1 6.69161E-1 6.66778E-1 6.45247E-1 6.36371E-1 6.44142E-1 6.44448E-1 6.62378E-1 6.69514E-1 6.86821E-1 6.9029E-1 6.86267E-1 6.68623E-1 6.46657E-1 6.51046E-1 6.69908E-1 6.91112E-1 7.05566E-1 6.90367E-1 6.7096E-1 6.43141E-1 6.35447E-1 6.34871E-1 6.3477E-1 6.40913E-1
6.0864E-1 6.05351E-1 6.01072E-1 6.02223E-1 6.08922E-1 6.08178E-1 6.06347E-1 6.10195E-1 6.05931E-1 6.15124E-1 6.08411E-1 6.18461E-1 6.12858E-1 6.17621E-1 6.21207E-1 6.25567E-1 6.22654E-1 6.24768E-1 6.18261E-1 6.16288E-1 6.33011E-1 6.38214E-1 6.32699E-1 6.44811E-1 6.50512E-1 6.42085E-1 6.29341E-1 6.44386E-1 6.41481E-1 6.40684E-1 6.38883E-1 6.35184E-1 6.40805E-1 6.50425E-1 6.54379E-1 6.66677E-1 6.78076E-1 6.85428E-1 6.83463E-1 6.53365E-1 6.42769E-1 6.5309E-1 6.52103E-1 6.63042E-1 6.6982E-1 6.7483E-1 6.80761E-1 6.74252E-1 6.57525E-1 6.40191E-1 6.54172E-1 6.88065E-1 7.12039E-1 6.97427E-1 6.79187E-1 6.66393E-1 6.58267E-1 6.45003E-1 6.34775E-1 6.342E-1 6.35381E-1
5.96314E-1 5.9932E-1 5.9612E-1 6.02669E-1 6.04091E-1 5.98485E-1 6.03347E-1 6.10208E-1 6.127E-1 6.14238E-1 6.12833E-1 6.16479E-1 6.23763E-1 6.17332E-1 6.13737E-1 6.24514E-1 6.29524E-1 6.26595E-1 6.19009E-1 6.14788E-1 6.27618E-1 6.39564E-1 6.37421E-1 6.49961E-1 6.47066E-1 6.39588E-1 6.28937E-1 6.58929E-1 6.61975E-1 6.70696E-1 6.76005E-1 6.71505E-1 6.72019E-1 6.74706E-1 6.68303E-1 6.74808E-1 6.76023E-1 6.72123E-1 6.7923E-1 6.68221E-1 6.45496E-1 6.57704E-1 6.57741E-1 6.73922E-1 6.79494E-1 6.80613E-1 6.84062E-1 6.71445E-1 6.64708E-1 6.50414E-1 6.6268E-1 6.63259E-1 6.86478E-1 6.86291E-1 6.76384E-1 6.67748E-1 6.70014E-1 6.61269E-1 6.40201E-1 6.34831E-1 6.37685E-1
5.75106E-1 5.89226E-1 5.94064E-1 5.93947E-1 5.96328E-1 5.94109E-1 5.9643E-1 6.06178E-1 6.18572E-1 6.21797E-1 6.20199E-1 6.17674E-1 6.1775E-1 6.18354E-1 6.24091E-1 6.2737E-1 6.32744E-1 6.35712E-1 6.40852E-1 6.29132E-1 6.49576E-1 6.46237E-1 6.55608E-1 6.59829E-1 6.59605E-1 6.56267E-1 6.41751E-1 6.58248E-1 6.66105E-1 6.95252E-1 7.0353E-1 7.0299E-1 6.87539E-1 6.76545E-1 6.69382E-1 6.76732E-1 6.64582E-1 6.6145E-1 6.69676E-1 6.53244E-1 6.43602E-1 6.42305E-1 6.61637E-1 6.77514E-1 6.88969E-1 7.13802E-1 7.14891E-1 7.04931E-1 6.93745E-1 6.45968E-1 6.30771E-1 6.42368E-1 6.50112E-1 6.60639E-1 6.70504E-1 6.62161E-1 6.66864E-1 6.52244E-1 6.44769E-1 6.43199E-1 6.38265E-1
5.89876E-1 6.07396E-1 6.14593E-1 6.18116E-1 6.1196E-1 6.01081E-1 5.99706E-1 6.01517E-1 6.10729E-1 6.12541E-1 6.1355E-1 6.22094E-1 6.1953E-1 6.23415E-1 6.30082E-1 6.35183E-1 6.43391E-1 6.45802E-1 6.4642E-1 6.53093E-1 6.59822E-1 6.51238E-1 6.54472E-1 6.61008E-1 6.70932E-1 6.67144E-1 6.69382E-1 6.50617E-1 6.71121E-1 7.01028E-1 7.12259E-1 7.04564E-1 6.88381E-1 6.57023E-1 6.43149E-1 6.48612E-1 6.68696E-1 6.77207E-1 6.65641E-1 6.59353E-1 6.41862E-1 6.36939E-1 6.58323E-1 6.78183E-1 7.19917E-1 7.28796E-1 7.17009E-1 6.93963E-1 6.8014E-1 6.54594E-1 6.33533E-1 6.2471E-1 6.2668E-1 6.47112E-1 6.57869E-1 6.67368E-1 6.63037E-1 6.46968E-1 6.4412E-1 6.39073E-1 6.50315E-1
6.1737E-1 6.23307E-1 6.26296E-1 6.3007E-1 6.19515E-1 6.13082E-1 6.03085E-1 6.05604E-1 6.10231E-1 6.11981E-1 6.11628E-1 6.23497E-1 6.11958E-1 6.20265E-1 6.26501E-1 6.39413E-1 6.41215E-1 6.45548E-1 6.48888E-1 6.60401E-1 6.70238E-1 6.64274E-1 6.72091E-1 6.76965E-1 6.81582E-1 6.73628E-1 6.77815E-1 6.78271E-1 6.96585E-1 7.04254E-1 6.97977E-1 6.94329E-1 6.6708E-1 6.3809E-1 6.50545E-1 6.68684E-1 6.66876E-1 6.60145E-1 6.56818E-1 6.71939E-1 6.63389E-1 6.57897E-1 6.62041E-1 6.87809E-1 7.04782E-1 7.14605E-1 6.89486E-1 6.67276E-1 6.61968E-1 6.71308E-1 6.55728E-1 6.28531E-1 6.25314E-1 6.50299E-1 6.57841E-1 6.60074E-1 6.54548E-1 6.52685E-1 6.51262E-1 6.46499E-1 6.65489E-1
6.45903E-1 6.47909E-1 6.47953E-1 6.49373E-1 6.4539E-1 6.30884E-1 6.21298E-1 6.16255E-1 6.16518E-1 6.20862E-1 6.21801E-1 6.21205E-1 6.15031E-1 6.16289E-1 6.2071E-1 6.2729E-1 6.33698E-1 6.51556E-1 6.58853E-1 6.65173E-1 6.76482E-1 6.71203E-1 6.80136E-1 6.87228E-1 6.75456E-1 6.9252E-1 6.96271E-1 6.9295E-1 6.97914E-1 7.00677E-1 6.86251E-1 6.68758E-1 6.62489E-1 6.61974E-1 6.74549E-1 6.74437E-1 6.7326E-1 6.65953E-1 6.66721E-1 6.72001E-1 6.74503E-1 6.7092E-1 6.72987E-1 6.73276E-1 6.79357E-1 6.94298E-1 6.78338E-1 6.76114E-1 6.77816E-1 6.97522E-1 6.73254E-1 6.57427E-1 6.68667E-1 6.64294E-1 6.56931E-1 6.5741E-1 6.73726E-1 6.71285E-1 6.7071E-1 6.66033E-1 6.74353E-1
6.67997E-1 6.79628E-1 6.75031E-1 6.67285E-1 6.52526E-1 6.44306E-1 6.30765E-1 6.26475E-1 6.28605E-1 6.20972E-1 6.24813E-1 6.24337E-1 6.26468E-1 6.18265E-1 6.18239E-1 6.25287E-1 6.20382E-1 6.26666E-1 6.53174E-1 6.75879E-1 6.72603E-1 6.63844E-1 6.68276E-1 6.70919E-1 6.74675E-1 6.65321E-1 6.56694E-1 6.61333E-1 6.60241E-1 6.71676E-1 6.77318E-1 6.80035E-1 6.80346E-1 6.81024E-1 6.9082E-1 6.87343E-1 6.84819E-1 6.81848E-1 6.86949E-1 6.89911E-1 6.92712E-1 6.88055E-1 6.71553E-1 6.52839E-1 6.71866E-1 6.7535E-1 6.86111E-1 6.99456E-1 7.202E-1 6.9429E-1 6.89721E-1 6.79842E-1 6.61112E-1 6.50565E-1 6.63201E-1 6.62901E-1 6.70354E-1 6.90347E-1 6.95353E-1 7.0365E-1 6.99848E-1
6.81572E-1 6.85097E-1 6.7869E-1 6.7474E-1 6.68332E-1 6.55277E-1 6.3921E-1 6.40104E-1 6.38167E-1 6.33734E-1 6.36448E-1 6.37624E-1 6.37756E-1 6.32855E-1 6.24583E-1 6.21856E-1 6.04366E-1 6.039E-1 6.21742E-1 6.53562E-1 6.58505E-1 6.54114E-1 6.57192E-1 6.72332E-1 6.76129E-1 6.66862E-1 6.6734E-1 6.63058E-1 6.58606E-1 6.75785E-1 6.87E-1 6.92114E-1 6.86945E-1 6.84182E-1 6.8545E-1 6.77804E-1 6.80503E-1 6.89135E-1 7.03716E-1 7.2218E-1 7.16163E-1 7.07517E-1 6.69613E-1 6.25189E-1 6.41918E-1 6.70646E-1 6.95354E-1 7.13676E-1 7.44891E-1 7.16059E-1 6.9759E-1 7.20285E-1 6.87651E-1 6.67745E-1 6.69097E-1 6.61791E-1 6.77078E-1 6.82848E-1 6.91899E-1 6.99002E-1 6.9945E-1
6.92599E-1 6.83094E-1 6.82978E-1 6.8108E-1 6.73899E-1 6.65558E-1 6.55707E-1 6.43168E-1 6.40741E-1 6.33578E-1 6.35002E-1 6.39648E-1 6.37371E-1 6.38058E-1 6.39879E-1 6.43183E-1 6.26575E-1 6.04597E-1 6.16676E-1 6.35459E-1 6.46298E-1 6.55614E-1 6.64599E-1 6.72172E-1 6.73493E-1 6.77946E-1 6.80923E-1 6.71257E-1 6.75225E-1 6.75165E-1 6.85289E-1 6.80673E-1 6.68578E-1 6.56197E-1 6.46061E-1 6.5229E-1 6.61046E-1 6.80588E-1 7.08935E-1 7.3585E-1 7.42699E-1 7.27053E-1 6.80013E-1 6.5549E-1 6.59073E-1 6.77032E-1 6.92495E-1 7.12877E-1 7.26693E-1 7.27047E-1 7.25759E-1 6.91835E-1 6.7659E-1 6.66577E-1 6.69623E-1 6.75275E-1 6.80703E-1 6.87821E-1 6.89504E-1 6.918E-1 6.94082E-1
6.90067E-1 6.85473E-1 6.82643E-1 6.78034E-1 6.78022E-1 6.70478E-1 6.66482E-1 6.54436E-1 6.4517E-1 6.45513E-1 6.47329E-1 6.46897E-1 6.44178E-1 6.41239E-1 6.435E-1 6.49839E-1 6.36733E-1 6.34634E-1 6.3407E-1 6.45563E-1 6.57745E-1 6.62113E-1 6.63772E-1 6.67185E-1 6.7812E-1 6.90724E-1 6.78183E-1 6.80042E-1 6.82232E-1 6.82444E-1 6.78195E-1 6.73757E-1 6.53575E-1 6.25572E-1 6.10887E-1 6.22703E-1 6.41872E-1 6.69539E-1 7.11267E-1 7.38488E-1 7.39755E-1 7.24405E-1 6.88978E-1 6.85608E-1 6.73213E-1 6.6978E-1 6.59615E-1 6.74365E-1 6.93E-1 6.86094E-1 6.93638E-1 6.96568E-1 7.07817E-1 7.00811E-1 6.88938E-1 6.90406E-1 6.89984E-1 6.92821E-1 6.88975E-1 6.94631E-1 6.9614E-1
