maxent_outputs/bumblebees/bombus_247.asc
ncols         426
nrows         180
xllcorner     -130.0
yllcorner     24.0
cellsize      0.16666666666666666
NODATA_value  -9999
[rows 54 to 80 of 180, columns 122 to 182 of 426]
3.55919E-1 3.33697E-1 3.66805E-1 3.67359E-1 3.65121E-1 3.51831E-1 3.54502E-1 3.61232E-1 3.74741E-1 3.69712E-1 3.4558E-1 3.60429E-1 3.83247E-1 3.90268E-1 3.91312E-1 3.83448E-1 3.75509E-1 3.78929E-1 3.84505E-1 3.8127E-1 3.76506E-1 3.76508E-1 3.70246E-1 3.64984E-1 3.64043E-1 3.70523E-1 3.71032E-1 3.64094E-1 3.6856E-1 3.73795E-1 3.78459E-1 3.84393E-1 3.91501E-1 3.9854E-1 4.13644E-1 4.32673E-1 4.58415E-1 4.7241E-1 4.50056E-1 4.11623E-1 3.89133E-1 3.78499E-1 3.72187E-1 3.77487E-1 3.82684E-1 3.89367E-1 3.91127E-1 3.94208E-1 3.9658E-1 4.0048E-1 4.07732E-1 4.13357E-1 4.13762E-1 4.19014E-1 4.17069E-1 4.26389E-1 4.16079E-1 4.18484E-1 4.13675E-1 4.09491E-1 4.08669E-1
3.70982E-1 3.58753E-1 3.63871E-1 3.65404E-1 3.62505E-1 3.59725E-1 3.59196E-1 3.60262E-1 3.70937E-1 3.76746E-1 3.60586E-1 3.40102E-1 3.51139E-1 3.62248E-1 3.84585E-1 3.8172E-1 3.76206E-1 3.75028E-1 3.79798E-1 3.77975E-1 3.76695E-1 3.72732E-1 3.66433E-1 3.60409E-1 3.59896E-1 3.65722E-1 3.66876E-1 3.62042E-1 3.67437E-1 3.66755E-1 3.71984E-1 3.75786E-1 3.88161E-1 4.0227E-1 4.18508E-1 4.47812E-1 4.92196E-1 5.38836E-1 4.82153E-1 4.3206E-1 4.0275E-1 3.87276E-1 3.79241E-1 3.80748E-1 3.87506E-1 3.91846E-1 3.976E-1 4.0218E-1 4.00923E-1 4.11517E-1 4.18336E-1 4.22521E-1 4.2587E-1 4.31429E-1 4.3666E-1 4.16468E-1 4.17983E-1 4.17829E-1 4.14964E-1 4.14433E-1 4.18964E-1
3.49045E-1 3.52372E-1 3.49567E-1 3.56142E-1 3.5448E-1 3.5619E-1 3.57304E-1 3.56748E-1 3.59136E-1 3.6622E-1 3.721E-1 3.73832E-1 3.48247E-1 3.27407E-1 3.48323E-1 3.62363E-1 3.7767E-1 3.74219E-1 3.74798E-1 3.75595E-1 3.71335E-1 3.70381E-1 3.58916E-1 3.55205E-1 3.59312E-1 3.63547E-1 3.65377E-1 3.59258E-1 3.58958E-1 3.60172E-1 3.61275E-1 3.59698E-1 3.74474E-1 3.91631E-1 4.04398E-1 4.19176E-1 4.60834E-1 5.00468E-1 4.76565E-1 4.40479E-1 4.15385E-1 3.9309E-1 3.84825E-1 3.88222E-1 3.9634E-1 4.02187E-1 4.0482E-1 4.08359E-1 4.07954E-1 4.15008E-1 4.20426E-1 4.17051E-1 4.17673E-1 4.18962E-1 4.34976E-1 4.19929E-1 4.14982E-1 4.17898E-1 4.16534E-1 4.18189E-1 4.2446E-1
3.57811E-1 3.51745E-1 3.53309E-1 3.50131E-1 3.49153E-1 3.4893E-1 3.52967E-1 3.5613E-1 3.56063E-1 3.582E-1 3.61846E-1 3.73656E-1 3.64324E-1 3.30873E-1 3.08296E-1 3.23225E-1 3.58771E-1 3.65247E-1 3.68009E-1 3.66993E-1 3.65177E-1 3.63975E-1 3.53074E-1 3.50021E-1 3.56104E-1 3.56224E-1 3.63182E-1 3.56855E-1 3.57222E-1 3.59856E-1 3.50954E-1 3.44102E-1 3.56536E-1 3.68382E-1 3.78819E-1 3.91186E-1 4.06213E-1 4.21943E-1 4.39008E-1 4.34632E-1 4.21462E-1 4.07811E-1 4.01613E-1 4.03471E-1 4.06047E-1 4.10844E-1 4.06204E-1 4.01758E-1 4.0161E-1 4.07306E-1 4.13308E-1 4.12369E-1 4.12228E-1 4.14613E-1 4.22171E-1 4.24387E-1 4.18548E-1 4.1823E-1 4.17225E-1 4.17816E-1 4.21869E-1
3.5584E-1 3.4239E-1 3.28877E-1 3.22606E-1 3.27815E-1 3.37242E-1 3.44293E-1 3.51811E-1 3.54281E-1 3.55064E-1 3.56709E-1 3.62323E-1 3.69678E-1 3.53883E-1 3.19681E-1 3.10462E-1 3.38538E-1 3.56404E-1 3.59153E-1 3.59755E-1 3.60392E-1 3.58907E-1 3.47345E-1 3.45696E-1 3.48947E-1 3.53594E-1 3.5954E-1 3.59547E-1 3.58583E-1 3.54426E-1 3.51073E-1 3.45388E-1 3.48446E-1 3.42851E-1 3.43793E-1 3.53622E-1 3.67937E-1 3.89413E-1 4.07344E-1 4.14537E-1 4.15383E-1 4.10297E-1 4.05562E-1 4.05319E-1 4.02943E-1 4.02351E-1 4.01293E-1 4.01138E-1 4.03977E-1 4.07763E-1 4.09241E-1 4.14895E-1 4.17888E-1 4.19941E-1 4.21035E-1 4.21976E-1 4.24273E-1 4.28974E-1 4.31922E-1 4.27188E-1 4.25442E-1
3.38547E-1 3.32162E-1 3.25265E-1 3.15251E-1 3.18866E-1 3.27776E-1 3.37653E-1 3.45505E-1 3.45041E-1 3.49296E-1 3.51145E-1 3.53443E-1 3.58373E-1 3.60404E-1 3.40844E-1 3.21276E-1 3.34172E-1 3.50911E-1 3.53021E-1 3.54392E-1 3.5841E-1 3.58447E-1 3.4819E-1 3.4513E-1 3.47524E-1 3.54376E-1 3.57358E-1 3.57817E-1 3.52214E-1 3.55804E-1 3.59742E-1 3.58316E-1 3.50205E-1 3.3766E-1 3.28793E-1 3.50273E-1 3.60331E-1 3.73033E-1 3.87723E-1 4.01706E-1 4.06565E-1 4.05264E-1 4.03111E-1 4.06521E-1 3.99244E-1 3.98898E-1 4.0434E-1 4.07377E-1 4.07755E-1 4.08327E-1 4.1162E-1 4.15115E-1 4.19631E-1 4.21914E-1 4.18293E-1 4.19148E-1 4.22671E-1 4.25795E-1 4.32043E-1 4.35848E-1 4.40344E-1
3.26678E-1 3.16418E-1 3.18981E-1 3.19326E-1 3.12641E-1 3.20737E-1 3.33164E-1 3.3923E-1 3.47774E-1 3.47466E-1 3.46723E-1 3.51554E-1 3.56574E-1 3.53182E-1 3.48649E-1 3.24625E-1 3.37495E-1 3.48135E-1 3.4873E-1 3.5057E-1 3.55682E-1 3.56474E-1 3.52807E-1 3.4577E-1 3.46768E-1 3.50806E-1 3.48976E-1 3.50075E-1 3.46951E-1 3.52426E-1 3.63119E-1 3.69993E-1 3.70868E-1 3.57287E-1 3.28484E-1 3.30027E-1 3.52523E-1 3.69507E-1 3.81895E-1 3.91883E-1 3.9784E-1 3.98814E-1 4.01971E-1 4.0189E-1 4.03507E-1 4.00707E-1 4.02627E-1 4.03025E-1 4.0444E-1 4.05689E-1 4.07562E-1 4.10887E-1 4.14373E-1 4.18939E-1 4.2346E-1 4.26781E-1 4.29179E-1 4.31065E-1 4.30967E-1 4.32553E-1 4.28534E-1
3.30242E-1 3.19036E-1 3.11592E-1 3.18728E-1 3.115E-1 3.1952E-1 3.30897E-1 3.38342E-1 3.42898E-1 3.43546E-1 3.46904E-1 3.48962E-1 3.52113E-1 3.50042E-1 3.43312E-1 3.27284E-1 3.42662E-1 3.49076E-1 3.47592E-1 3.51761E-1 3.56698E-1 3.52098E-1 3.42988E-1 3.45126E-1 3.41456E-1 3.45707E-1 3.49754E-1 3.50355E-1 3.49758E-1 3.53026E-1 3.59363E-1 3.6851E-1 3.76143E-1 3.72184E-1 3.50094E-1 3.4349E-1 3.5016E-1 3.66716E-1 3.84545E-1 3.87602E-1 3.92464E-1 3.97222E-1 3.99238E-1 3.98571E-1 4.01033E-1 4.04874E-1 4.08147E-1 4.06493E-1 4.04126E-1 4.03697E-1 4.0492E-1 4.05176E-1 4.11172E-1 4.2362E-1 4.33742E-1 4.31952E-1 4.2913E-1 4.30877E-1 4.36865E-1 4.41412E-1 4.43597E-1
3.22261E-1 3.13209E-1 3.13591E-1 3.11692E-1 3.11895E-1 3.11904E-1 3.17867E-1 3.33708E-1 3.39663E-1 3.39962E-1 3.39509E-1 3.40576E-1 3.39257E-1 3.38742E-1 3.24206E-1 3.24698E-1 3.40857E-1 3.46591E-1 3.47747E-1 3.52252E-1 3.48253E-1 3.47192E-1 3.4088E-1 3.38599E-1 3.43288E-1 3.44271E-1 3.47831E-1 3.49971E-1 3.51299E-1 3.53509E-1 3.60142E-1 3.68542E-1 3.76791E-1 3.78628E-1 3.72742E-1 3.63334E-1 3.63918E-1 3.82441E-1 3.88101E-1 3.92039E-1 3.91415E-1 3.93963E-1 3.92267E-1 3.92718E-1 3.96815E-1 3.95163E-1 3.99295E-1 4.01428E-1 3.97713E-1 3.97416E-1 3.99128E-1 3.99802E-1 4.08155E-1 4.23909E-1 4.23143E-1 4.2361E-1 4.27697E-1 4.33042E-1 4.36841E-1 4.42942E-1 4.45272E-1
3.28115E-1 3.26338E-1 3.31199E-1 3.28408E-1 3.26151E-1 3.20928E-1 3.23366E-1 3.31822E-1 3.35811E-1 3.34191E-1 3.27757E-1 3.28556E-1 3.27445E-1 3.18186E-1 3.13787E-1 3.28353E-1 3.36535E-1 3.42397E-1 3.42512E-1 3.4683E-1 3.46408E-1 3.36087E-1 3.36847E-1 3.40252E-1 3.47821E-1 3.48228E-1 3.51007E-1 3.53681E-1 3.54918E-1 3.57713E-1 3.66525E-1 3.71184E-1 3.75378E-1 3.78453E-1 3.79451E-1 3.77404E-1 3.77558E-1 3.89898E-1 3.93722E-1 3.89176E-1 3.86405E-1 3.87397E-1 3.8538E-1 3.86822E-1 3.85369E-1 3.85076E-1 3.87782E-1 3.88791E-1 3.86711E-1 3.89268E-1 3.91775E-1 3.97898E-1 4.05845E-1 4.19263E-1 4.138E-1 4.20387E-1 4.25442E-1 4.30694E-1 4.3827E-1 4.40943E-1 4.46339E-1
3.20079E-1 3.20591E-1 3.20452E-1 3.28267E-1 3.2568E-1 3.22904E-1 3.2536E-1 3.2479E-1 3.30115E-1 3.32108E-1 3.31276E-1 3.33362E-1 3.30674E-1 3.26939E-1 3.25192E-1 3.3179E-1 3.36822E-1 3.40863E-1 3.42227E-1 3.43482E-1 3.43021E-1 3.37283E-1 3.34798E-1 3.40262E-1 3.45461E-1 3.49277E-1 3.48867E-1 3.4971E-1 3.55988E-1 3.60397E-1 3.64558E-1 3.67466E-1 3.72464E-1 3.73295E-1 3.78221E-1 3.83174E-1 3.87399E-1 3.87705E-1 3.8648E-1 3.8756E-1 3.86568E-1 3.85612E-1 3.83333E-1 3.80778E-1 3.73676E-1 3.74049E-1 3.74546E-1 3.82492E-1 3.8244E-1 3.80422E-1 3.84258E-1 3.93081E-1 4.05947E-1 4.06532E-1 4.08046E-1 4.11285E-1 4.19423E-1 4.23344E-1 4.29707E-1 4.36556E-1 4.41702E-1
3.21597E-1 3.14986E-1 3.21509E-1 3.20077E-1 3.21907E-1 3.21141E-1 3.2107E-1 3.22865E-1 3.26717E-1 3.26759E-1 3.27754E-1 3.29353E-1 3.32237E-1 3.30097E-1 3.29383E-1 3.32589E-1 3.34816E-1 3.35974E-1 3.39325E-1 3.40735E-1 3.38218E-1 3.3258E-1 3.34274E-1 3.35896E-1 3.42512E-1 3.48713E-1 3.51002E-1 3.54383E-1 3.55992E-1 3.56317E-1 3.57057E-1 3.65256E-1 3.65975E-1 3.70878E-1 3.74002E-1 3.79796E-1 3.80919E-1 3.82504E-1 3.83719E-1 3.87377E-1 3.85921E-1 3.84376E-1 3.77816E-1 3.74838E-1 3.72029E-1 3.7395E-1 3.75823E-1 3.80643E-1 3.86352E-1 3.87081E-1 3.90457E-1 3.97287E-1 3.97016E-1 3.99565E-1 4.03566E-1 4.11592E-1 4.19085E-1 4.25153E-1 4.2967E-1 4.35295E-1 4.37723E-1
3.10869E-1 3.12202E-1 3.14329E-1 3.23638E-1 3.23114E-1 3.20786E-1 3.21931E-1 3.22269E-1 3.23217E-1 3.27121E-1 3.28372E-1 3.30657E-1 3.28829E-1 3.25069E-1 3.2841E-1 3.28819E-1 3.29308E-1 3.36082E-1 3.45962E-1 3.51454E-1 3.51511E-1 3.441E-1 3.42344E-1 3.43069E-1 3.44267E-1 3.43537E-1 3.44489E-1 3.49848E-1 3.50088E-1 3.53722E-1 3.5658E-1 3.58955E-1 3.6085E-1 3.64563E-1 3.68925E-1 3.72214E-1 3.74352E-1 3.81546E-1 3.84354E-1 3.81837E-1 3.82314E-1 3.80828E-1 3.75346E-1 3.69608E-1 3.69377E-1 3.71743E-1 3.78144E-1 3.8139E-1 3.86868E-1 3.91064E-1 3.91582E-1 3.97245E-1 4.01585E-1 4.03539E-1 4.07757E-1 4.13854E-1 4.19127E-1 4.2374E-1 4.27336E-1 4.33928E-1 4.41064E-1
3.01009E-1 3.08357E-1 3.10074E-1 3.13432E-1 3.27283E-1 3.28306E-1 3.24459E-1 3.2422E-1 3.27003E-1 3.17046E-1 3.16116E-1 3.21646E-1 3.131E-1 3.08494E-1 3.15487E-1 3.2036E-1 3.24927E-1 3.34621E-1 3.45615E-1 3.39531E-1 3.36179E-1 3.43805E-1 3.35867E-1 3.36037E-1 3.42457E-1 3.47278E-1 3.4251E-1 3.44467E-1 3.43727E-1 3.44277E-1 3.51168E-1 3.56999E-1 3.48601E-1 3.41179E-1 3.45668E-1 3.54742E-1 3.59948E-1 3.82242E-1 3.8913E-1 3.86276E-1 3.81061E-1 3.7399E-1 3.71499E-1 3.70189E-1 3.70473E-1 3.74188E-1 3.77181E-1 3.82143E-1 3.89357E-1 3.95518E-1 4.00169E-1 3.99587E-1 4.02857E-1 4.02108E-1 4.02279E-1 4.09933E-1 4.18405E-1 4.24687E-1 4.34436E-1 4.35359E-1 4.38508E-1
2.97414E-1 3.01652E-1 3.12936E-1 3.1481E-1 3.18469E-1 3.27205E-1 3.25722E-1 3.23683E-1 3.17136E-1 3.12757E-1 3.17047E-1 3.17564E-1 3.15561E-1 3.14235E-1 3.20868E-1 3.23613E-1 3.2356E-1 3.34744E-1 3.42699E-1 3.34325E-1 3.19515E-1 3.16828E-1 3.16608E-1 3.22296E-1 3.34852E-1 3.44016E-1 3.4323E-1 3.50583E-1 3.4999E-1 3.43734E-1 3.44791E-1 3.53651E-1 3.44601E-1 3.39063E-1 3.33774E-1 3.37288E-1 3.49191E-1 3.61209E-1 3.59188E-1 3.61154E-1 3.65774E-1 3.70077E-1 3.72746E-1 3.72773E-1 3.72037E-1 3.72609E-1 3.76635E-1 3.84885E-1 3.89194E-1 3.93447E-1 3.98423E-1 4.00421E-1 4.02844E-1 3.95598E-1 3.98843E-1 4.10109E-1 4.14473E-1 4.23588E-1 4.28671E-1 4.33121E-1 4.33403E-1
2.97932E-1 3.00139E-1 3.03708E-1 3.08582E-1 3.13731E-1 3.17996E-1 3.18604E-1 3.18606E-1 3.13893E-1 3.15903E-1 3.19962E-1 3.20086E-1 3.20668E-1 3.23979E-1 3.25864E-1 3.25365E-1 3.31253E-1 3.29263E-1 3.26569E-1 3.29802E-1 3.15402E-1 3.07471E-1 3.05792E-1 3.10655E-1 3.21253E-1 3.29713E-1 3.40619E-1 3.49829E-1 3.56397E-1 3.47966E-1 3.50028E-1 3.50741E-1 3.46054E-1 3.39349E-1 3.39307E-1 3.40044E-1 3.46441E-1 3.50275E-1 3.53995E-1 3.56149E-1 3.65146E-1 3.67866E-1 3.69665E-1 3.66941E-1 3.68905E-1 3.72625E-1 3.7381E-1 3.81278E-1 3.86435E-1 3.91572E-1 3.96537E-1 3.99162E-1 4.01688E-1 3.99039E-1 4.03368E-1 4.05411E-1 4.10382E-1 4.1729E-1 4.2543E-1 4.30327E-1 4.28929E-1
3.00604E-1 3.04244E-1 3.0104E-1 3.0711E-1 3.14509E-1 3.22127E-1 3.19718E-1 3.15708E-1 3.15359E-1 3.11018E-1 3.0524E-1 3.02834E-1 3.18758E-1 3.20732E-1 3.20095E-1 3.26694E-1 3.33916E-1 3.29999E-1 3.27816E-1 3.31339E-1 3.26523E-1 3.21755E-1 3.12519E-1 3.07678E-1 3.10621E-1 3.20466E-1 3.39528E-1 3.56403E-1 3.58921E-1 3.65322E-1 3.6592E-1 3.59134E-1 3.56427E-1 3.51067E-1 3.42361E-1 3.41028E-1 3.46122E-1 3.47299E-1 3.48923E-1 3.53686E-1 3.62015E-1 3.63643E-1 3.64674E-1 3.656E-1 3.65267E-1 3.68454E-1 3.71443E-1 3.75302E-1 3.83475E-1 3.92001E-1 3.96023E-1 3.97663E-1 4.01478E-1 4.00793E-1 4.0631E-1 4.04316E-1 4.0698E-1 4.13905E-1 4.23516E-1 4.27034E-1 4.27741E-1
3.10077E-1 3.12086E-1 3.10654E-1 3.17633E-1 3.17087E-1 3.19287E-1 3.14446E-1 3.12389E-1 3.12697E-1 3.13943E-1 3.1248E-1 3.1398E-1 3.18533E-1 3.24083E-1 3.24908E-1 3.2579E-1 3.32797E-1 3.30457E-1 3.33507E-1 3.35836E-1 3.36422E-1 3.33507E-1 3.24715E-1 3.16222E-1 3.16256E-1 3.20063E-1 3.47873E-1 3.61424E-1 3.62203E-1 3.60039E-1 3.64604E-1 3.65134E-1 3.65293E-1 3.62853E-1 3.57356E-1 3.52849E-1 3.52792E-1 3.55367E-1 3.56925E-1 3.5865E-1 3.61128E-1 3.62754E-1 3.62015E-1 3.61155E-1 3.62247E-1 3.68943E-1 3.74128E-1 3.7773E-1 3.89959E-1 4.00431E-1 4.03702E-1 4.02424E-1 4.01087E-1 4.00996E-1 4.06035E-1 4.10139E-1 4.08922E-1 4.13477E-1 4.22052E-1 4.26236E-1 4.24454E-1
3.15741E-1 3.14063E-1 3.17162E-1 3.18782E-1 3.20479E-1 3.18875E-1 3.16834E-1 3.15853E-1 3.16895E-1 3.16267E-1 3.19359E-1 3.22858E-1 3.26974E-1 3.29818E-1 3.33554E-1 3.35826E-1 3.37195E-1 3.35699E-1 3.37139E-1 3.41301E-1 3.47939E-1 3.43342E-1 3.33195E-1 3.23273E-1 3.20986E-1 3.27063E-1 3.47387E-1 3.52379E-1 3.56028E-1 3.55235E-1 3.62948E-1 3.62289E-1 3.61857E-1 3.65716E-1 3.66341E-1 3.70512E-1 3.70284E-1 3.66649E-1 3.62398E-1 3.62232E-1 3.62699E-1 3.62377E-1 3.58971E-1 3.58607E-1 3.65438E-1 3.73812E-1 3.85334E-1 3.94135E-1 4.07296E-1 4.11683E-1 4.09727E-1 4.05579E-1 3.99577E-1 4.01679E-1 4.08743E-1 4.1818E-1 4.21091E-1 4.1951E-1 4.22564E-1 4.20738E-1 4.21399E-1
3.17165E-1 3.13231E-1 3.22668E-1 3.24266E-1 3.24579E-1 3.2267E-1 3.18196E-1 3.14485E-1 3.21132E-1 3.16873E-1 3.19792E-1 3.2391E-1 3.29384E-1 3.30827E-1 3.35923E-1 3.3947E-1 3.3625E-1 3.33335E-1 3.40756E-1 3.48924E-1 3.52313E-1 3.47243E-1 3.37716E-1 3.26117E-1 3.20638E-1 3.27192E-1 3.37379E-1 3.38215E-1 3.49461E-1 3.48461E-1 3.47229E-1 3.56136E-1 3.6477E-1 3.64655E-1 3.60668E-1 3.71302E-1 3.80336E-1 3.79755E-1 3.76396E-1 3.72008E-1 3.65954E-1 3.62915E-1 3.5954E-1 3.57118E-1 3.67012E-1 3.84759E-1 4.05904E-1 4.26562E-1 4.36056E-1 4.24881E-1 4.11481E-1 3.99191E-1 3.9098E-1 3.94787E-1 4.03632E-1 4.1508E-1 4.21962E-1 4.17992E-1 4.17953E-1 4.17311E-1 4.16769E-1
3.23905E-1 3.21867E-1 3.27945E-1 3.27904E-1 3.25928E-1 3.25617E-1 3.20692E-1 3.1754E-1 3.20035E-1 3.20816E-1 3.22525E-1 3.26261E-1 3.29496E-1 3.3527E-1 3.38665E-1 3.38117E-1 3.35287E-1 3.29832E-1 3.39614E-1 3.40109E-1 3.47103E-1 3.47E-1 3.37824E-1 3.27466E-1 3.19365E-1 3.17862E-1 3.34578E-1 3.40517E-1 3.45439E-1 3.46949E-1 3.48762E-1 3.52605E-1 3.59945E-1 3.60126E-1 3.59925E-1 3.64789E-1 3.6944E-1 3.72727E-1 3.80238E-1 3.80163E-1 3.75809E-1 3.69689E-1 3.65923E-1 3.66857E-1 3.75372E-1 3.93116E-1 4.20389E-1 4.50419E-1 4.53917E-1 4.30684E-1 4.09443E-1 3.93271E-1 3.81171E-1 3.89304E-1 4.0143E-1 4.08696E-1 4.12067E-1 4.09275E-1 4.08995E-1 4.10205E-1 4.13937E-1
3.24623E-1 3.28812E-1 3.27102E-1 3.28276E-1 3.2797E-1 3.22386E-1 3.23323E-1 3.20628E-1 3.22033E-1 3.26943E-1 3.31505E-1 3.34054E-1 3.35137E-1 3.37273E-1 3.39873E-1 3.41004E-1 3.36219E-1 3.3514E-1 3.44116E-1 3.43455E-1 3.3581E-1 3.47156E-1 3.43161E-1 3.31162E-1 3.19354E-1 3.14313E-1 3.29948E-1 3.35137E-1 3.41692E-1 3.42711E-1 3.43103E-1 3.48713E-1 3.51689E-1 3.52384E-1 3.50815E-1 3.53331E-1 3.58669E-1 3.64272E-1 3.64386E-1 3.65752E-1 3.67569E-1 3.71336E-1 3.76277E-1 3.76878E-1 3.84897E-1 3.94324E-1 4.13243E-1 4.34701E-1 4.35336E-1 4.19719E-1 4.05901E-1 3.94234E-1 3.86593E-1 3.90712E-1 3.97943E-1 4.0293E-1 4.06444E-1 4.05601E-1 4.05079E-1 4.06451E-1 4.11786E-1
3.3713E-1 3.27407E-1 3.27465E-1 3.25985E-1 3.28502E-1 3.24541E-1 3.25436E-1 3.28301E-1 3.31463E-1 3.33884E-1 3.38639E-1 3.44822E-1 3.47947E-1 3.45044E-1 3.49407E-1 3.59128E-1 3.58952E-1 3.49307E-1 3.52472E-1 3.52758E-1 3.51167E-1 3.54539E-1 3.52109E-1 3.36698E-1 3.23738E-1 3.14768E-1 3.25206E-1 3.3363E-1 3.40068E-1 3.41714E-1 3.41773E-1 3.45786E-1 3.49091E-1 3.50534E-1 3.51546E-1 3.56236E-1 3.5801E-1 3.59076E-1 3.59924E-1 3.59067E-1 3.65102E-1 3.69572E-1 3.74166E-1 3.72938E-1 3.76411E-1 3.86162E-1 3.97106E-1 4.03999E-1 4.03047E-1 4.00596E-1 3.96918E-1 3.96026E-1 3.92907E-1 3.98007E-1 4.01185E-1 4.01791E-1 4.01417E-1 4.0435E-1 4.05319E-1 4.05357E-1 4.07582E-1
3.45423E-1 3.33676E-1 3.29488E-1 3.29715E-1 3.28819E-1 3.30048E-1 3.31862E-1 3.33848E-1 3.38649E-1 3.44515E-1 3.48376E-1 3.52939E-1 3.5662E-1 3.57878E-1 3.61935E-1 3.65073E-1 3.64928E-1 3.74828E-1 3.77388E-1 3.74888E-1 3.76903E-1 3.67119E-1 3.5561E-1 3.43328E-1 3.27662E-1 3.21743E-1 3.2539E-1 3.36325E-1 3.44425E-1 3.4543E-1 3.46102E-1 3.46175E-1 3.49387E-1 3.4575E-1 3.47909E-1 3.50366E-1 3.53971E-1 3.56082E-1 3.60321E-1 3.60547E-1 3.64358E-1 3.72627E-1 3.75558E-1 3.725E-1 3.71532E-1 3.7731E-1 3.78799E-1 3.79352E-1 3.85406E-1 3.87432E-1 3.88084E-1 3.93446E-1 3.96452E-1 4.06256E-1 4.08996E-1 4.07734E-1 4.05893E-1 4.0489E-1 4.04019E-1 4.04087E-1 4.06245E-1
3.47453E-1 3.45058E-1 3.47187E-1 3.48858E-1 3.37775E-1 3.39938E-1 3.4422E-1 3.41155E-1 3.45365E-1 3.54525E-1 3.58912E-1 3.61885E-1 3.65283E-1 3.72964E-1 3.70856E-1 3.75129E-1 3.78651E-1 3.69781E-1 3.93052E-1 3.96758E-1 3.90405E-1 3.74999E-1 3.61718E-1 3.45788E-1 3.37725E-1 3.43912E-1 3.46234E-1 3.56401E-1 3.53168E-1 3.51664E-1 3.51481E-1 3.49211E-1 3.45913E-1 3.4203E-1 3.44514E-1 3.49747E-1 3.594E-1 3.59924E-1 3.58611E-1 3.63092E-1 3.69294E-1 3.74076E-1 3.74965E-1 3.70747E-1 3.67938E-1 3.69993E-1 3.75878E-1 3.81677E-1 3.8799E-1 3.87315E-1 3.86539E-1 3.92261E-1 3.96912E-1 4.02965E-1 4.07859E-1 4.11256E-1 4.13163E-1 4.10466E-1 4.08713E-1 4.08724E-1 4.07601E-1
3.32777E-1 3.29254E-1 3.31757E-1 3.49833E-1 3.61009E-1 3.57765E-1 3.53221E-1 3.47741E-1 3.55042E-1 3.60893E-1 3.63154E-1 3.66934E-1 3.72521E-1 3.74968E-1 3.81856E-1 3.82498E-1 3.91707E-1 3.72649E-1 3.91792E-1 4.14889E-1 4.12633E-1 3.81318E-1 3.6545E-1 3.49035E-1 3.41231E-1 3.51745E-1 3.6003E-1 3.63645E-1 3.56318E-1 3.53735E-1 3.53215E-1 3.54324E-1 3.499E-1 3.46886E-1 3.48255E-1 3.52293E-1 3.54042E-1 3.5477E-1 3.61716E-1 3.66741E-1 3.67134E-1 3.64931E-1 3.64844E-1 3.67735E-1 3.68384E-1 3.68944E-1 3.75387E-1 3.85386E-1 3.91295E-1 3.90289E-1 3.89463E-1 3.9607E-1 3.99259E-1 4.04428E-1 4.05681E-1 4.06351E-1 4.05307E-1 4.05882E-1 4.11328E-1 4.16042E-1 4.18778E-1
3.44972E-1 3.4578E-1 3.43582E-1 3.52252E-1 3.60744E-1 3.55611E-1 3.56296E-1 3.59981E-1 3.5847E-1 3.63944E-1 3.69389E-1 3.73306E-1 3.80003E-1 3.83714E-1 3.9081E-1 3.95173E-1 3.96229E-1 3.75837E-1 4.0252E-1 4.09437E-1 4.02367E-1 3.82301E-1 3.52534E-1 3.49002E-1 3.43459E-1 3.46308E-1 3.61174E-1 3.67293E-1 3.59745E-1 3.57513E-1 3.58268E-1 3.56361E-1 3.54262E-1 3.49152E-1 3.45798E-1 3.46936E-1 3.4991E-1 3.54477E-1 3.58896E-1 3.5504E-1 3.55721E-1 3.60126E-1 3.63758E-1 3.69963E-1 3.71485E-1 3.72948E-1 3.76341E-1 3.87901E-1 3.96939E-1 3.97727E-1 3.95502E-1 3.97174E-1 4.01163E-1 4.07662E-1 4.10756E-1 4.08546E-1 4.05259E-1 4.06585E-1 4.1482E-1 4.18787E-1 4.19996E-1
