maxent_outputs/bumblebees/bombus_343.asc
ncols         426
nrows         180
xllcorner     -130.0
yllcorner     24.0
cellsize      0.16666666666666666
NODATA_value  -9999
[rows 0 to 26 of 180, columns 183 to 243 of 426]
5.74539E-2 5.17991E-2 5.3224E-2 5.7386E-2 5.5588E-2 5.21781E-2 5.4071E-2 7.18277E-2 7.33389E-2 6.99543E-2 5.81908E-2 5.75708E-2 5.14771E-2 5.0342E-2 5.30321E-2 5.21726E-2 5.15172E-2 5.14599E-2 5.10412E-2 5.29104E-2 6.10704E-2 5.60621E-2 5.16461E-2 5.16742E-2 5.27654E-2 5.38787E-2 5.51712E-2 5.94783E-2 6.51361E-2 6.00675E-2 5.58488E-2 5.46894E-2 5.33771E-2 5.63447E-2 5.46057E-2 5.18024E-2 5.11376E-2 5.14469E-2 5.30199E-2 5.32654E-2 5.37703E-2 5.50691E-2 5.51165E-2 5.24882E-2 5.56895E-2 5.42831E-2 5.5227E-2 5.60722E-2 6.0501E-2 5.98991E-2 5.88728E-2 6.22353E-2 6.60305E-2 6.01979E-2 6.32387E-2 6.07008E-2 6.00868E-2 5.68054E-2 5.67505E-2 5.8684E-2 5.76103E-2
5.09638E-2 5.14278E-2 5.76654E-2 9.62831E-2 1.19795E-1 1.2289E-1 1.27588E-1 1.26506E-1 1.06068E-1 8.6403E-2 6.17472E-2 5.99642E-2 5.61533E-2 5.3559E-2 5.55876E-2 5.25012E-2 5.03068E-2 4.91773E-2 4.8215E-2 5.13052E-2 5.13293E-2 4.98222E-2 5.35667E-2 5.32569E-2 5.30585E-2 5.00055E-2 5.46752E-2 5.75976E-2 6.08358E-2 6.48603E-2 6.91763E-2 6.60937E-2 5.75907E-2 5.44493E-2 5.50221E-2 5.20089E-2 5.24115E-2 5.33839E-2 5.22956E-2 5.1065E-2 5.182E-2 4.96052E-2 5.04972E-2 5.65726E-2 6.12842E-2 5.92631E-2 5.69446E-2 5.44364E-2 5.58353E-2 6.00547E-2 5.83012E-2 5.93676E-2 5.90048E-2 5.63069E-2 5.9394E-2 6.46442E-2 8.55904E-2 8.85313E-2 7.94613E-2 6.138E-2 6.1701E-2
4.84835E-2 5.06811E-2 7.12608E-2 1.23943E-1 1.27055E-1 1.27766E-1 1.34413E-1 1.38394E-1 1.40996E-1 1.36969E-1 8.86351E-2 6.2202E-2 6.14092E-2 5.60352E-2 5.36813E-2 5.22304E-2 5.03397E-2 5.00916E-2 5.06292E-2 5.41643E-2 5.07217E-2 4.65822E-2 4.6171E-2 4.8714E-2 5.203E-2 4.86958E-2 4.96944E-2 5.15133E-2 5.21984E-2 5.09794E-2 5.27503E-2 5.17099E-2 5.06656E-2 5.02074E-2 5.01629E-2 5.18465E-2 5.18912E-2 5.19259E-2 5.19775E-2 5.05587E-2 5.02849E-2 4.9574E-2 4.786E-2 4.65696E-2 4.79096E-2 4.77646E-2 4.94107E-2 5.03066E-2 5.40135E-2 5.46161E-2 6.00485E-2 5.6525E-2 5.1303E-2 5.15129E-2 5.33606E-2 5.40273E-2 5.38173E-2 5.59413E-2 5.50639E-2 5.47066E-2 5.42881E-2
5.10916E-2 6.13736E-2 9.62785E-2 1.31807E-1 1.27505E-1 1.27865E-1 1.29007E-1 1.31756E-1 1.39786E-1 1.442E-1 1.35861E-1 7.25765E-2 6.8947E-2 5.88012E-2 5.73553E-2 5.34995E-2 5.28243E-2 5.22415E-2 5.10646E-2 4.98516E-2 5.30598E-2 4.81544E-2 4.60052E-2 4.61418E-2 4.5734E-2 4.84097E-2 4.90795E-2 4.64578E-2 4.71343E-2 4.55655E-2 4.6864E-2 5.02149E-2 4.82466E-2 4.70157E-2 4.59394E-2 4.74624E-2 4.88093E-2 4.69125E-2 4.62956E-2 4.77677E-2 4.64358E-2 4.46828E-2 4.56418E-2 4.35638E-2 4.27083E-2 4.38703E-2 5.23391E-2 5.09864E-2 5.18827E-2 5.40964E-2 5.54809E-2 6.04805E-2 5.35889E-2 4.94372E-2 5.08613E-2 4.98496E-2 4.9876E-2 5.05429E-2 5.41617E-2 5.17354E-2 5.47203E-2
7.15893E-2 8.13153E-2 1.16E-1 1.27409E-1 1.28247E-1 1.29689E-1 1.32911E-1 1.35362E-1 1.3929E-1 1.43744E-1 1.42834E-1 1.10985E-1 7.45759E-2 5.86131E-2 5.21685E-2 5.49829E-2 5.32023E-2 5.07856E-2 5.07947E-2 4.88886E-2 4.75201E-2 4.73417E-2 4.83833E-2 4.5884E-2 4.36819E-2 4.36008E-2 4.38498E-2 4.53879E-2 4.67389E-2 4.60326E-2 4.65345E-2 4.70664E-2 4.64866E-2 4.75442E-2 4.93129E-2 5.10698E-2 4.75431E-2 4.4124E-2 4.34425E-2 4.45627E-2 4.536E-2 4.59949E-2 4.63375E-2 4.64671E-2 4.69531E-2 4.7916E-2 4.4049E-2 4.56055E-2 4.84349E-2 4.78677E-2 4.94414E-2 5.10672E-2 4.86826E-2 4.75535E-2 4.79899E-2 4.93449E-2 4.97641E-2 5.20134E-2 5.24135E-2 4.86435E-2 4.89228E-2
7.1041E-2 6.93327E-2 7.98363E-2 1.015E-1 9.8733E-2 1.02699E-1 1.24046E-1 1.36792E-1 1.3763E-1 1.43452E-1 1.45293E-1 1.38646E-1 9.77891E-2 6.13983E-2 5.77624E-2 5.39124E-2 5.31181E-2 5.23857E-2 4.95701E-2 4.93352E-2 5.06324E-2 4.68182E-2 4.4917E-2 4.6932E-2 4.66626E-2 4.80132E-2 4.79351E-2 4.90162E-2 4.62259E-2 4.71929E-2 4.79966E-2 4.62439E-2 4.57245E-2 4.71128E-2 4.63581E-2 5.25437E-2 5.61292E-2 5.27586E-2 5.48191E-2 5.48716E-2 5.70678E-2 5.43666E-2 4.73349E-2 4.71928E-2 4.64224E-2 4.90662E-2 4.4231E-2 4.35406E-2 4.66473E-2 4.8942E-2 4.92825E-2 4.9389E-2 4.51317E-2 4.35532E-2 4.40151E-2 4.50717E-2 4.90733E-2 5.41757E-2 5.36307E-2 5.06034E-2 5.32983E-2
6.76769E-2 6.17893E-2 6.12952E-2 7.07859E-2 9.70551E-2 1.13901E-1 1.31531E-1 1.35573E-1 1.37712E-1 1.41484E-1 1.45112E-1 1.41181E-1 1.02624E-1 7.06999E-2 6.67986E-2 5.92302E-2 5.53792E-2 5.30602E-2 5.34065E-2 5.12219E-2 5.04207E-2 4.93849E-2 4.60207E-2 4.69396E-2 4.71163E-2 4.7788E-2 4.55839E-2 4.68455E-2 4.5491E-2 4.48216E-2 4.40086E-2 4.39774E-2 4.66587E-2 5.02906E-2 4.72912E-2 4.91109E-2 5.21059E-2 4.77336E-2 4.95536E-2 4.96331E-2 5.06679E-2 4.78726E-2 4.46573E-2 4.49465E-2 4.96742E-2 5.21107E-2 5.15736E-2 4.837E-2 5.27224E-2 5.02504E-2 5.00282E-2 5.15117E-2 4.99393E-2 4.39491E-2 4.29045E-2 4.39404E-2 4.59615E-2 5.20447E-2 5.36829E-2 5.47965E-2 5.75636E-2
7.19848E-2 6.37762E-2 6.40236E-2 7.27198E-2 1.04673E-1 1.26512E-1 1.28812E-1 1.33618E-1 1.3818E-1 1.39632E-1 1.40962E-1 1.434E-1 1.3218E-1 8.04279E-2 6.68124E-2 6.41372E-2 6.3491E-2 6.92767E-2 6.08985E-2 5.79585E-2 5.34593E-2 5.0584E-2 4.80781E-2 4.67279E-2 4.50649E-2 4.83505E-2 4.48633E-2 4.47012E-2 4.54032E-2 4.56272E-2 4.45541E-2 4.23462E-2 4.47539E-2 4.50377E-2 4.47164E-2 4.51332E-2 4.62374E-2 4.47024E-2 4.32063E-2 4.28361E-2 4.50663E-2 4.77923E-2 4.47311E-2 4.32188E-2 4.40655E-2 4.40335E-2 4.26736E-2 4.24182E-2 4.72152E-2 4.61068E-2 4.45494E-2 5.08285E-2 5.25669E-2 5.18881E-2 4.44912E-2 4.46414E-2 4.80221E-2 4.77592E-2 4.749E-2 4.69346E-2 4.82588E-2
7.26292E-2 6.61393E-2 6.59239E-2 7.0049E-2 7.08879E-2 9.24657E-2 1.23171E-1 1.28625E-1 1.3013E-1 1.28886E-1 1.37232E-1 1.38035E-1 1.36062E-1 1.23881E-1 7.53137E-2 6.37851E-2 6.60264E-2 6.03538E-2 6.25723E-2 6.22913E-2 5.92714E-2 5.33883E-2 5.08141E-2 4.78955E-2 4.80219E-2 4.60203E-2 4.45537E-2 4.49553E-2 4.28711E-2 4.35068E-2 4.45838E-2 4.35444E-2 4.59173E-2 4.33513E-2 4.36281E-2 4.26058E-2 4.30977E-2 4.50274E-2 4.51262E-2 4.42679E-2 4.19529E-2 4.32933E-2 4.48384E-2 4.44596E-2 4.13121E-2 3.97786E-2 3.97767E-2 4.80067E-2 4.55282E-2 4.24015E-2 4.15907E-2 4.21582E-2 4.12418E-2 4.12308E-2 4.56035E-2 4.6415E-2 4.62288E-2 4.38819E-2 4.4322E-2 4.40009E-2 4.31516E-2
7.43095E-2 6.50814E-2 6.57079E-2 6.57171E-2 6.71439E-2 6.67427E-2 9.52097E-2 1.19568E-1 1.05461E-1 9.69954E-2 1.31388E-1 1.27752E-1 1.25079E-1 1.15394E-1 9.40809E-2 6.7194E-2 6.64314E-2 6.06016E-2 5.76056E-2 5.45188E-2 5.21025E-2 5.13431E-2 4.97203E-2 4.67255E-2 4.84366E-2 4.72411E-2 4.40566E-2 4.36748E-2 4.18609E-2 4.13974E-2 4.17072E-2 4.15816E-2 4.09427E-2 3.98634E-2 4.23834E-2 4.35464E-2 4.23068E-2 4.21557E-2 4.38113E-2 4.3134E-2 4.07965E-2 3.99857E-2 4.06577E-2 4.17934E-2 3.98518E-2 3.84746E-2 3.83966E-2 4.13839E-2 3.79818E-2 3.724E-2 3.66657E-2 3.75744E-2 3.86752E-2 3.9866E-2 4.02379E-2 4.22341E-2 4.25269E-2 4.13725E-2 4.10903E-2 4.14805E-2 4.52963E-2
6.97995E-2 6.54531E-2 6.34755E-2 6.61828E-2 6.75032E-2 6.68821E-2 6.80123E-2 7.68945E-2 1.11383E-1 1.08504E-1 1.18434E-1 1.19062E-1 1.15027E-1 9.89579E-2 9.51654E-2 6.64568E-2 6.47354E-2 5.98839E-2 5.79103E-2 5.44853E-2 5.37247E-2 5.21945E-2 4.85649E-2 4.60937E-2 4.91826E-2 4.7485E-2 4.54962E-2 4.64709E-2 4.17259E-2 4.3825E-2 4.51206E-2 4.30629E-2 4.06721E-2 3.90566E-2 4.16439E-2 3.96653E-2 3.8522E-2 3.68494E-2 3.8535E-2 3.80898E-2 4.24712E-2 4.03437E-2 3.64769E-2 3.57946E-2 3.45878E-2 3.41901E-2 3.46516E-2 3.5296E-2 3.399E-2 3.39398E-2 3.60027E-2 3.52001E-2 3.73274E-2 3.62799E-2 3.83466E-2 3.86779E-2 4.01293E-2 4.0721E-2 4.02964E-2 4.04229E-2 4.28757E-2
6.79237E-2 6.54205E-2 6.66179E-2 6.74406E-2 6.81013E-2 6.74145E-2 6.87326E-2 6.93175E-2 8.18507E-2 1.13085E-1 8.75473E-2 8.05678E-2 9.59133E-2 1.10063E-1 1.06926E-1 7.41991E-2 6.34155E-2 5.98842E-2 5.8896E-2 5.51003E-2 5.30056E-2 5.33362E-2 5.03279E-2 5.24036E-2 5.56622E-2 5.39069E-2 5.00002E-2 4.87207E-2 4.92247E-2 4.82354E-2 4.73906E-2 4.79919E-2 4.72109E-2 4.28304E-2 4.18673E-2 3.65755E-2 3.53848E-2 3.68163E-2 3.61878E-2 3.6559E-2 3.72939E-2 3.58706E-2 3.43625E-2 3.34113E-2 3.44615E-2 3.39383E-2 3.24731E-2 3.35666E-2 3.55258E-2 3.55093E-2 3.68342E-2 3.60316E-2 3.40863E-2 3.50361E-2 3.59753E-2 3.75869E-2 3.90314E-2 4.02352E-2 4.07453E-2 4.18532E-2 4.20491E-2
6.7719E-2 7.02221E-2 6.82444E-2 6.72292E-2 6.60363E-2 6.84E-2 7.04725E-2 6.81771E-2 6.9498E-2 8.08347E-2 7.18146E-2 7.12832E-2 6.62407E-2 8.94898E-2 1.02177E-1 9.33339E-2 6.59941E-2 5.93745E-2 5.53756E-2 5.28562E-2 5.26065E-2 5.27453E-2 5.28096E-2 5.34144E-2 5.73393E-2 4.9349E-2 5.05379E-2 4.69337E-2 4.61069E-2 4.5627E-2 4.5919E-2 4.64453E-2 4.84149E-2 4.5493E-2 4.17396E-2 3.72884E-2 3.74566E-2 3.87465E-2 3.76707E-2 3.84547E-2 3.67493E-2 3.58349E-2 3.38433E-2 3.201E-2 3.31325E-2 3.50652E-2 3.21017E-2 3.23565E-2 3.68965E-2 3.6364E-2 3.87074E-2 3.67041E-2 3.53855E-2 3.38134E-2 3.55648E-2 3.80046E-2 3.97848E-2 3.8969E-2 3.87922E-2 3.94741E-2 4.23125E-2
7.95017E-2 7.23418E-2 7.06194E-2 6.82969E-2 6.45772E-2 6.63004E-2 7.50649E-2 7.1875E-2 6.21175E-2 5.93239E-2 6.45755E-2 6.47098E-2 7.74431E-2 8.26447E-2 8.88416E-2 8.2663E-2 7.55318E-2 6.1766E-2 5.63681E-2 5.57983E-2 5.42635E-2 5.31659E-2 5.3016E-2 5.50363E-2 5.13196E-2 5.21915E-2 4.79586E-2 4.9177E-2 4.72253E-2 4.86884E-2 4.66292E-2 4.62381E-2 4.86285E-2 4.69757E-2 4.71294E-2 4.36139E-2 4.20342E-2 4.2164E-2 4.2649E-2 4.14244E-2 3.97634E-2 3.59227E-2 3.31889E-2 3.26808E-2 3.55736E-2 3.87906E-2 3.64143E-2 3.58478E-2 3.54808E-2 3.70796E-2 3.94764E-2 3.70158E-2 3.8888E-2 3.7676E-2 3.85998E-2 4.02698E-2 3.7324E-2 3.92293E-2 4.18378E-2 3.9908E-2 4.12062E-2
7.47582E-2 7.47347E-2 7.91459E-2 7.68738E-2 7.17016E-2 7.32931E-2 6.89577E-2 5.58847E-2 5.83043E-2 6.29605E-2 6.5721E-2 6.43486E-2 6.58733E-2 8.05576E-2 7.16232E-2 6.02093E-2 7.52324E-2 7.04482E-2 5.76946E-2 5.60689E-2 5.50334E-2 5.49885E-2 5.41771E-2 5.47752E-2 5.04049E-2 5.05443E-2 4.88357E-2 4.84472E-2 4.8911E-2 4.7527E-2 4.62563E-2 4.55864E-2 4.47139E-2 4.42753E-2 4.36363E-2 4.17559E-2 4.01925E-2 3.91274E-2 3.90835E-2 3.88664E-2 3.71123E-2 3.6173E-2 3.37064E-2 3.41918E-2 3.64541E-2 4.09728E-2 3.53572E-2 3.60556E-2 3.76688E-2 3.62712E-2 3.79504E-2 3.86136E-2 3.87093E-2 3.91403E-2 3.90309E-2 3.94371E-2 3.88586E-2 3.86902E-2 3.74854E-2 3.7436E-2 3.87749E-2
6.08542E-2 6.72013E-2 7.96302E-2 7.7356E-2 6.6682E-2 5.72012E-2 5.88139E-2 5.76202E-2 6.29133E-2 6.6602E-2 6.70035E-2 5.80607E-2 5.88608E-2 6.92404E-2 5.97474E-2 6.68304E-2 8.47444E-2 8.70872E-2 6.17755E-2 5.68454E-2 5.42429E-2 5.2395E-2 5.09733E-2 5.09676E-2 5.0558E-2 4.93829E-2 4.89036E-2 5.23306E-2 5.1822E-2 4.82082E-2 4.6472E-2 4.37564E-2 4.35124E-2 3.95134E-2 4.18669E-2 4.00471E-2 4.10307E-2 3.92671E-2 3.6379E-2 3.57942E-2 3.51008E-2 3.92063E-2 4.16051E-2 3.97307E-2 3.73956E-2 4.21422E-2 3.80271E-2 3.68627E-2 3.82895E-2 3.82812E-2 3.9678E-2 3.9257E-2 3.80382E-2 3.86921E-2 3.86737E-2 3.90712E-2 3.7207E-2 3.63061E-2 3.62567E-2 3.66532E-2 3.91826E-2
5.71926E-2 6.46949E-2 7.14651E-2 8.09233E-2 8.17322E-2 7.04102E-2 5.51004E-2 5.67587E-2 6.44163E-2 6.22753E-2 5.72334E-2 5.48729E-2 5.57852E-2 6.11731E-2 5.84537E-2 7.74569E-2 7.59996E-2 8.74199E-2 7.89972E-2 6.13902E-2 5.57932E-2 5.37012E-2 5.20444E-2 5.19788E-2 5.31293E-2 5.06728E-2 5.18831E-2 5.32025E-2 5.36508E-2 4.95083E-2 4.80366E-2 4.61602E-2 4.3855E-2 4.38041E-2 4.25804E-2 4.04098E-2 5.00019E-2 5.18272E-2 4.17487E-2 3.89402E-2 4.09145E-2 3.94268E-2 3.91641E-2 3.92892E-2 3.9894E-2 4.16504E-2 4.27601E-2 4.12849E-2 3.94836E-2 3.87732E-2 3.71504E-2 3.86126E-2 4.00828E-2 3.89941E-2 3.85369E-2 3.9503E-2 3.89578E-2 3.79025E-2 3.87006E-2 4.08109E-2 3.87774E-2
5.88409E-2 6.09078E-2 6.57374E-2 7.52877E-2 7.94268E-2 7.46667E-2 6.47711E-2 5.77228E-2 6.57336E-2 6.49663E-2 5.55407E-2 5.32099E-2 5.22253E-2 5.60666E-2 5.65848E-2 7.04854E-2 8.28246E-2 9.83652E-2 8.19663E-2 5.99155E-2 5.63218E-2 5.70508E-2 5.49622E-2 5.27444E-2 5.19123E-2 5.0878E-2 5.38282E-2 5.21884E-2 5.04905E-2 4.83212E-2 4.74265E-2 4.79577E-2 4.74122E-2 5.08864E-2 4.76661E-2 4.34846E-2 4.53108E-2 4.70126E-2 4.23021E-2 3.92448E-2 4.18332E-2 4.00994E-2 3.92813E-2 3.80488E-2 3.9365E-2 3.74694E-2 3.86641E-2 4.21593E-2 4.21667E-2 3.94047E-2 3.57512E-2 3.80613E-2 4.38368E-2 4.47609E-2 4.28483E-2 4.13076E-2 3.9772E-2 3.93913E-2 3.98543E-2 3.97315E-2 3.93413E-2
5.92744E-2 6.19556E-2 6.28888E-2 6.81588E-2 8.05482E-2 7.92358E-2 7.11026E-2 6.09105E-2 6.04515E-2 5.91776E-2 5.92107E-2 6.01038E-2 5.83921E-2 5.89102E-2 6.0188E-2 9.42683E-2 1.07851E-1 1.10858E-1 9.3756E-2 6.20658E-2 6.40647E-2 5.96474E-2 5.53183E-2 5.55129E-2 5.17388E-2 5.3028E-2 5.128E-2 5.03645E-2 4.86557E-2 4.69422E-2 4.25921E-2 4.37127E-2 4.71831E-2 4.60475E-2 4.83596E-2 4.72458E-2 4.41826E-2 4.28413E-2 4.17566E-2 4.01383E-2 3.83254E-2 3.85229E-2 3.67762E-2 3.67973E-2 3.60451E-2 3.78309E-2 3.73809E-2 3.57769E-2 3.7296E-2 3.70678E-2 3.75649E-2 4.07479E-2 3.83746E-2 3.74651E-2 3.96033E-2 4.17806E-2 3.92632E-2 3.8479E-2 3.95459E-2 4.03665E-2 4.08855E-2
5.68268E-2 5.59195E-2 5.83662E-2 6.06798E-2 7.49076E-2 9.19872E-2 9.23706E-2 7.38564E-2 6.50358E-2 6.30325E-2 6.56104E-2 6.07346E-2 6.27456E-2 6.17415E-2 6.63379E-2 1.00959E-1 1.10129E-1 1.0423E-1 9.64329E-2 7.08584E-2 6.82414E-2 5.97701E-2 5.57598E-2 5.42297E-2 5.24647E-2 5.34651E-2 5.09926E-2 5.0618E-2 4.75437E-2 4.85403E-2 4.91476E-2 4.97026E-2 4.98478E-2 4.5202E-2 4.45139E-2 5.01342E-2 5.08938E-2 4.70877E-2 4.47568E-2 4.24862E-2 4.05072E-2 3.75043E-2 3.35989E-2 3.68016E-2 3.95265E-2 4.05885E-2 3.91825E-2 4.0019E-2 3.80984E-2 4.03442E-2 4.00279E-2 3.92224E-2 3.80953E-2 3.93934E-2 3.90254E-2 3.83379E-2 3.80128E-2 3.77265E-2 3.99781E-2 4.07083E-2 4.14809E-2
5.51778E-2 5.63915E-2 5.71826E-2 6.0769E-2 6.47743E-2 8.40371E-2 9.40066E-2 9.31528E-2 7.58963E-2 6.65717E-2 6.58777E-2 6.1684E-2 6.48278E-2 5.90384E-2 6.35362E-2 9.81298E-2 1.06301E-1 8.79457E-2 7.79206E-2 7.15297E-2 6.83151E-2 6.41875E-2 5.98139E-2 5.46083E-2 5.17558E-2 5.09017E-2 5.33273E-2 5.16466E-2 4.71735E-2 4.87771E-2 5.3197E-2 4.77237E-2 4.58553E-2 4.92026E-2 4.98848E-2 5.3342E-2 5.08072E-2 4.91962E-2 5.24549E-2 4.67855E-2 4.49147E-2 4.08673E-2 4.13606E-2 4.00153E-2 4.27011E-2 4.39776E-2 3.9911E-2 3.73531E-2 3.69821E-2 3.89075E-2 3.89964E-2 3.80015E-2 3.73148E-2 3.72831E-2 3.92099E-2 3.66804E-2 3.71052E-2 3.88572E-2 4.03216E-2 4.01979E-2 4.23164E-2
5.09667E-2 5.72747E-2 5.85572E-2 6.35433E-2 6.59256E-2 7.42594E-2 9.14094E-2 9.41543E-2 9.30378E-2 7.02227E-2 6.59745E-2 7.02799E-2 6.22628E-2 6.08593E-2 6.23482E-2 8.71226E-2 9.59592E-2 7.89494E-2 6.26601E-2 6.16368E-2 6.49278E-2 7.00477E-2 5.99103E-2 5.49802E-2 5.68239E-2 5.652E-2 5.23017E-2 5.49816E-2 5.5914E-2 5.62183E-2 5.66062E-2 5.26777E-2 5.2714E-2 5.84247E-2 5.71551E-2 5.16572E-2 5.33923E-2 5.41381E-2 5.2654E-2 5.95387E-2 5.71169E-2 5.11731E-2 4.71396E-2 4.74855E-2 5.02303E-2 4.79809E-2 4.12815E-2 4.07846E-2 3.96728E-2 3.84951E-2 3.70136E-2 3.74065E-2 3.5176E-2 3.59845E-2 3.88927E-2 3.65312E-2 3.75329E-2 3.80863E-2 3.86884E-2 4.03316E-2 4.09308E-2
4.79723E-2 5.54477E-2 5.90098E-2 6.16667E-2 6.31914E-2 7.24611E-2 8.77471E-2 9.01075E-2 7.88789E-2 6.59439E-2 6.27882E-2 6.23752E-2 5.80269E-2 5.88824E-2 5.91007E-2 6.54505E-2 6.38408E-2 6.27E-2 5.53111E-2 6.11899E-2 6.06528E-2 6.28432E-2 6.17897E-2 5.90128E-2 5.88546E-2 6.13766E-2 6.29608E-2 6.28936E-2 6.01907E-2 5.62314E-2 6.28769E-2 5.8717E-2 6.20215E-2 5.951E-2 5.55047E-2 5.16371E-2 5.17227E-2 5.28955E-2 5.40777E-2 5.13077E-2 5.48115E-2 5.70121E-2 5.48778E-2 5.30749E-2 5.01592E-2 4.60649E-2 4.39732E-2 4.17598E-2 4.09056E-2 3.83273E-2 3.67898E-2 3.46641E-2 3.41194E-2 3.34603E-2 3.57875E-2 3.69937E-2 3.59286E-2 3.51557E-2 3.58724E-2 3.85389E-2 3.98847E-2
4.26736E-2 4.98811E-2 5.79884E-2 6.00917E-2 5.99554E-2 6.09264E-2 6.33226E-2 6.54915E-2 6.40273E-2 6.18862E-2 6.02841E-2 5.6371E-2 5.39853E-2 5.54031E-2 5.65715E-2 6.00093E-2 5.6279E-2 5.50422E-2 5.54998E-2 6.16199E-2 6.01416E-2 6.0079E-2 6.24909E-2 5.87866E-2 5.73672E-2 6.15575E-2 5.85381E-2 6.21392E-2 6.15852E-2 6.05801E-2 5.38072E-2 5.48837E-2 5.69363E-2 5.29698E-2 5.90062E-2 5.94457E-2 5.3187E-2 5.09919E-2 4.95318E-2 4.54934E-2 4.52368E-2 4.61484E-2 4.62206E-2 5.26456E-2 5.23847E-2 4.99311E-2 4.3669E-2 4.20506E-2 3.9017E-2 3.99844E-2 3.67636E-2 3.49068E-2 3.82658E-2 3.66667E-2 3.57678E-2 3.79276E-2 3.56873E-2 3.19818E-2 3.25953E-2 3.49683E-2 3.78676E-2
4.63386E-2 4.88564E-2 5.26633E-2 5.60557E-2 5.65343E-2 5.90529E-2 6.34809E-2 6.69554E-2 6.34211E-2 6.02921E-2 5.99561E-2 5.97028E-2 5.68575E-2 5.97264E-2 6.3296E-2 5.95651E-2 5.67212E-2 5.77268E-2 5.96064E-2 6.11473E-2 5.95542E-2 5.89817E-2 5.97427E-2 5.85006E-2 5.64818E-2 5.58214E-2 5.62638E-2 5.70393E-2 5.83182E-2 6.36001E-2 5.70007E-2 5.47685E-2 5.25521E-2 5.25868E-2 5.36596E-2 5.44327E-2 5.31579E-2 5.22237E-2 5.12268E-2 5.08466E-2 4.74195E-2 5.01788E-2 4.77446E-2 4.93813E-2 5.09009E-2 4.9169E-2 4.40917E-2 3.80856E-2 3.77722E-2 3.88134E-2 4.19312E-2 3.78756E-2 3.4688E-2 3.312E-2 3.36868E-2 3.31477E-2 3.17525E-2 3.24947E-2 3.17546E-2 3.61918E-2 4.46452E-2
4.84608E-2 5.38E-2 5.49573E-2 5.45465E-2 5.45545E-2 5.72844E-2 6.05558E-2 6.24386E-2 6.46426E-2 6.15226E-2 6.01863E-2 5.99815E-2 5.97325E-2 6.05672E-2 6.27144E-2 5.85262E-2 5.52546E-2 5.58629E-2 6.07613E-2 6.16831E-2 5.95278E-2 5.73371E-2 5.70311E-2 5.47428E-2 5.42235E-2 5.62876E-2 5.52634E-2 5.57465E-2 6.00542E-2 6.23153E-2 6.30606E-2 5.83293E-2 5.53649E-2 5.39229E-2 5.50621E-2 5.58359E-2 5.81193E-2 6.07557E-2 5.99925E-2 5.19901E-2 5.76513E-2 5.10806E-2 4.63781E-2 4.19968E-2 4.23116E-2 4.2965E-2 3.95663E-2 3.70685E-2 3.85793E-2 3.51725E-2 3.42305E-2 3.45133E-2 3.33002E-2 3.43873E-2 3.57037E-2 3.29724E-2 3.2336E-2 3.18785E-2 3.32256E-2 3.61718E-2 4.11037E-2
4.8984E-2 5.19054E-2 5.03124E-2 5.07022E-2 4.66508E-2 4.71168E-2 5.64513E-2 5.92045E-2 6.11071E-2 6.22531E-2 6.04076E-2 6.09939E-2 5.98877E-2 5.96858E-2 5.92058E-2 5.82697E-2 5.8072E-2 5.64256E-2 5.88794E-2 5.81053E-2 5.54701E-2 5.59588E-2 5.52292E-2 5.42209E-2 5.39778E-2 5.50253E-2 6.56725E-2 6.52757E-2 6.20816E-2 6.79805E-2 7.12094E-2 6.18029E-2 5.70386E-2 5.8664E-2 5.87919E-2 5.44676E-2 5.38982E-2 5.61529E-2 5.64578E-2 5.27901E-2 5.02557E-2 5.55814E-2 4.73739E-2 4.03589E-2 3.80035E-2 3.90927E-2 4.21568E-2 4.0126E-2 3.635E-2 3.76518E-2 3.23138E-2 3.14348E-2 3.13983E-2 3.13796E-2 3.19838E-2 3.1479E-2 2.95334E-2 3.08975E-2 3.37507E-2 3.49509E-2 3.60329E-2
