maxent_outputs/bumblebees/bombus_71.asc
ncols         426
nrows         180
xllcorner     -130.0
yllcorner     24.0
cellsize      0.16666666666666666
NODATA_value  -9999
[rows 27 to 53 of 180, columns 244 to 304 of 426]
4.18932E-2 4.26746E-2 4.95535E-2 5.35081E-2 6.60187E-2 7.80275E-2 7.21023E-2 4.98287E-2 4.34156E-2 4.28995E-2 4.34967E-2 5.07747E-2 5.64498E-2 5.25468E-2 6.68791E-2 5.18754E-2 5.52312E-2 5.56043E-2 5.6785E-2 5.898E-2 5.47521E-2 5.27102E-2 5.77542E-2 4.9804E-2 4.85706E-2 6.28976E-2 5.32143E-2 5.1283E-2 5.26132E-2 4.82959E-2 5.00512E-2 5.03622E-2 5.07776E-2 5.17192E-2 5.47028E-2 5.07963E-2 4.9766E-2 5.18975E-2 5.24714E-2 5.28242E-2 5.44195E-2 5.49746E-2 5.72888E-2 5.9396E-2 5.34945E-2 5.2184E-2 5.40532E-2 5.65467E-2 5.70556E-2 5.61385E-2 5.51028E-2 5.67216E-2 5.81634E-2 5.54405E-2 5.41923E-2 5.32967E-2 5.19307E-2 5.13003E-2 5.1392E-2 4.98398E-2 4.91408E-2
3.97256E-2 4.25385E-2 5.10195E-2 4.63275E-2 4.48621E-2 5.57753E-2 5.00912E-2 4.41197E-2 4.44566E-2 4.13592E-2 4.07932E-2 5.01303E-2 4.96099E-2 5.27371E-2 4.82984E-2 4.85911E-2 5.41911E-2 6.41316E-2 6.06621E-2 5.7695E-2 5.53217E-2 5.08494E-2 5.0456E-2 5.38514E-2 5.52425E-2 5.50871E-2 4.53024E-2 4.73783E-2 4.82947E-2 4.55656E-2 4.47594E-2 4.83305E-2 4.65888E-2 4.94822E-2 5.10303E-2 5.05341E-2 5.08107E-2 5.02846E-2 4.77941E-2 4.91918E-2 5.27878E-2 5.32419E-2 5.38704E-2 5.52628E-2 5.62796E-2 5.65745E-2 5.59438E-2 5.56912E-2 5.83463E-2 5.64035E-2 5.51742E-2 5.48825E-2 5.40308E-2 5.09315E-2 5.19115E-2 5.32267E-2 5.23373E-2 5.1913E-2 5.27262E-2 5.02391E-2 5.15095E-2
3.87962E-2 4.06359E-2 4.89027E-2 5.25216E-2 4.79684E-2 4.98925E-2 6.68113E-2 5.73498E-2 4.561E-2 4.84465E-2 5.33272E-2 5.84129E-2 5.54344E-2 6.00383E-2 4.86114E-2 5.30661E-2 6.3806E-2 7.39456E-2 6.74801E-2 6.0353E-2 5.17668E-2 5.32955E-2 5.2935E-2 6.10394E-2 6.48672E-2 6.04507E-2 4.88569E-2 5.1171E-2 5.14503E-2 5.24835E-2 5.31639E-2 4.78214E-2 4.78431E-2 4.92174E-2 4.95509E-2 5.41572E-2 5.46246E-2 6.02412E-2 5.54525E-2 5.44376E-2 5.71085E-2 5.29245E-2 5.17127E-2 5.28296E-2 5.43892E-2 5.67217E-2 5.71082E-2 5.3687E-2 5.38513E-2 5.38376E-2 5.26068E-2 5.27816E-2 5.26836E-2 5.28461E-2 5.34563E-2 5.36523E-2 5.28632E-2 5.36256E-2 5.57806E-2 5.14861E-2 5.21371E-2
3.41108E-2 3.54851E-2 4.38758E-2 5.26385E-2 5.54512E-2 5.88399E-2 8.04032E-2 1.02612E-1 8.23716E-2 1.05742E-1 9.39003E-2 7.80859E-2 7.2446E-2 7.27657E-2 7.82668E-2 6.84348E-2 6.88287E-2 7.43287E-2 7.20833E-2 6.5627E-2 5.7851E-2 5.76874E-2 5.88781E-2 5.64503E-2 5.36703E-2 5.02729E-2 5.54987E-2 5.46808E-2 5.18632E-2 7.66724E-2 5.66745E-2 5.1633E-2 4.89257E-2 5.02375E-2 5.22964E-2 6.02958E-2 5.36727E-2 5.19433E-2 5.64316E-2 5.78923E-2 5.66865E-2 5.72847E-2 5.42227E-2 5.16287E-2 5.13027E-2 5.44093E-2 5.59804E-2 5.33403E-2 5.38234E-2 5.48139E-2 5.31497E-2 5.35515E-2 5.26422E-2 5.37943E-2 5.43771E-2 8.35254E-2 8.8628E-2 5.96302E-2 5.64255E-2 5.25325E-2 5.18323E-2
3.84804E-2 3.60915E-2 3.96821E-2 4.86418E-2 7.02368E-2 1.11683E-1 7.75706E-2 9.54147E-2 1.36717E-1 1.76807E-1 2.23125E-1 2.51446E-1 2.18124E-1 1.92299E-1 2.1507E-1 2.24265E-1 1.65234E-1 1.56754E-1 8.05593E-2 6.55583E-2 5.95415E-2 5.9964E-2 7.04364E-2 5.6561E-2 5.36331E-2 5.51795E-2 5.56973E-2 5.91823E-2 5.38437E-2 6.08154E-2 5.75796E-2 5.46838E-2 5.29585E-2 5.22978E-2 5.4691E-2 5.55884E-2 5.67422E-2 5.50505E-2 5.54697E-2 5.72463E-2 5.46578E-2 5.55704E-2 5.64289E-2 5.43108E-2 5.3293E-2 5.14426E-2 5.29825E-2 5.3491E-2 5.36411E-2 5.46262E-2 5.46879E-2 5.25259E-2 5.29188E-2 5.55205E-2 5.77572E-2 9.01003E-2 1.13403E-1 7.35273E-2 1.0226E-1 6.20983E-2 5.45745E-2
5.40329E-2 6.4055E-2 8.70811E-2 9.45371E-2 1.10147E-1 1.19757E-1 2.09473E-1 3.68707E-1 4.89366E-1 5.19932E-1 5.38612E-1 5.42692E-1 5.37321E-1 5.38588E-1 5.40109E-1 5.67064E-1 5.85348E-1 5.97557E-1 2.03794E-1 7.33042E-2 6.76462E-2 6.42461E-2 6.10056E-2 6.17508E-2 5.91201E-2 6.19409E-2 5.73551E-2 5.78391E-2 6.41589E-2 5.94405E-2 6.557E-2 5.4987E-2 5.65983E-2 5.75354E-2 5.66807E-2 5.6934E-2 5.6264E-2 5.51799E-2 5.67281E-2 5.4907E-2 5.54291E-2 5.43319E-2 5.59043E-2 5.65384E-2 5.55874E-2 5.52885E-2 5.6752E-2 5.3335E-2 5.12853E-2 5.24116E-2 6.26994E-2 5.36987E-2 5.25802E-2 5.28615E-2 5.27719E-2 5.26504E-2 6.46588E-2 7.41773E-2 8.56683E-2 7.02453E-2 6.29542E-2
8.79479E-2 1.76541E-1 1.9024E-1 1.35496E-1 1.92887E-1 3.19154E-1 4.5866E-1 4.92046E-1 5.14616E-1 5.3246E-1 5.42437E-1 5.54068E-1 5.5504E-1 5.69111E-1 5.87028E-1 5.74754E-1 5.7414E-1 6.05221E-1 4.42279E-1 9.71755E-2 7.34403E-2 6.88491E-2 6.79424E-2 6.78229E-2 6.95186E-2 6.82069E-2 6.18208E-2 6.21612E-2 6.10634E-2 6.19466E-2 7.46121E-2 6.9342E-2 6.35476E-2 7.50739E-2 6.76948E-2 6.4591E-2 5.9714E-2 5.57852E-2 5.94556E-2 5.63757E-2 5.69803E-2 5.50004E-2 5.47535E-2 5.79399E-2 6.01498E-2 5.82135E-2 5.69512E-2 5.63699E-2 5.448E-2 5.68723E-2 6.97374E-2 5.79129E-2 5.611E-2 5.63457E-2 5.47655E-2 5.39275E-2 5.85139E-2 5.95625E-2 6.30786E-2 6.66455E-2 7.79463E-2
1.22224E-1 1.8958E-1 2.84076E-1 3.68993E-1 4.14235E-1 4.1156E-1 4.7645E-1 5.20235E-1 5.31791E-1 5.46757E-1 5.65565E-1 5.71812E-1 5.75035E-1 5.78364E-1 5.90934E-1 5.86846E-1 5.76665E-1 6.02187E-1 6.28914E-1 1.63126E-1 8.37889E-2 8.20165E-2 8.01504E-2 7.87652E-2 7.8981E-2 7.70753E-2 7.28568E-2 7.22662E-2 6.68325E-2 6.35163E-2 7.39906E-2 8.14978E-2 7.0104E-2 6.40994E-2 6.39071E-2 6.03376E-2 6.21092E-2 5.81638E-2 5.67165E-2 5.78977E-2 6.04032E-2 5.80209E-2 5.84779E-2 5.75203E-2 5.86888E-2 5.83119E-2 5.87954E-2 5.77425E-2 5.93846E-2 5.92415E-2 5.99915E-2 5.58545E-2 6.4677E-2 5.89024E-2 6.31312E-2 6.36456E-2 6.20677E-2 6.41368E-2 6.92614E-2 7.97127E-2 6.90072E-2
2.76321E-1 3.61902E-1 2.85955E-1 2.4667E-1 2.4108E-1 4.24618E-1 5.25626E-1 5.36142E-1 5.38597E-1 5.56969E-1 5.71127E-1 5.83117E-1 5.80364E-1 5.85069E-1 5.9708E-1 5.96985E-1 5.96958E-1 5.86614E-1 6.10881E-1 4.77061E-1 1.54903E-1 9.82752E-2 9.21878E-2 9.32782E-2 9.46769E-2 9.09909E-2 9.20468E-2 8.46765E-2 8.14309E-2 7.67708E-2 6.97792E-2 7.35238E-2 7.57542E-2 6.52914E-2 6.18263E-2 6.71133E-2 6.89117E-2 6.22852E-2 5.80603E-2 6.26011E-2 6.20782E-2 6.33584E-2 6.73229E-2 5.93118E-2 6.03468E-2 5.86167E-2 5.88484E-2 6.14397E-2 5.90686E-2 5.9653E-2 6.21654E-2 6.78668E-2 6.99994E-2 6.25394E-2 6.35887E-2 6.95725E-2 6.90725E-2 7.14815E-2 7.59207E-2 7.30199E-2 7.15471E-2
3.19054E-1 1.80554E-1 2.26024E-1 3.69953E-1 4.86584E-1 5.46023E-1 5.53086E-1 5.47658E-1 5.46375E-1 5.61679E-1 5.74773E-1 5.76798E-1 5.73404E-1 5.9282E-1 6.82597E-1 6.87493E-1 6.86991E-1 6.70856E-1 6.78629E-1 6.9869E-1 6.00065E-1 3.8032E-1 3.13064E-1 2.92332E-1 3.47694E-1 4.26303E-1 2.57382E-1 1.04277E-1 9.25196E-2 7.89681E-2 7.27511E-2 6.68235E-2 7.66262E-2 7.71713E-2 6.93997E-2 6.75335E-2 7.30785E-2 5.91403E-2 6.00362E-2 6.28307E-2 6.10226E-2 6.24797E-2 5.93713E-2 5.86705E-2 5.95737E-2 6.07879E-2 6.60385E-2 6.69718E-2 6.74371E-2 6.71157E-2 6.49046E-2 6.77933E-2 6.93864E-2 6.52434E-2 6.63576E-2 6.48401E-2 6.39409E-2 7.14498E-2 7.23545E-2 6.96314E-2 6.86754E-2
4.25403E-1 3.797E-1 4.75849E-1 5.00017E-1 5.14762E-1 5.50684E-1 5.65741E-1 5.65524E-1 5.67825E-1 5.60175E-1 5.67625E-1 5.59823E-1 5.89482E-1 6.0553E-1 6.85732E-1 6.85255E-1 6.85286E-1 6.82326E-1 6.83118E-1 6.93505E-1 4.00135E-1 2.77142E-1 4.05315E-1 6.45445E-1 6.43789E-1 6.45923E-1 1.71709E-1 1.02613E-1 9.19686E-2 8.38091E-2 8.29175E-2 7.66271E-2 7.11219E-2 6.61874E-2 7.4527E-2 6.69789E-2 6.61463E-2 5.79774E-2 6.1947E-2 6.71339E-2 6.39708E-2 6.04913E-2 6.74011E-2 6.99023E-2 6.34862E-2 6.23548E-2 6.52795E-2 7.03847E-2 6.42263E-2 6.90701E-2 6.74561E-2 6.61273E-2 6.91958E-2 7.005E-2 6.72589E-2 6.65693E-2 6.46332E-2 6.33298E-2 6.68341E-2 6.11818E-2 6.48152E-2
4.72814E-1 4.82239E-1 4.9912E-1 5.15472E-1 5.50187E-1 5.43229E-1 5.77863E-1 5.28437E-1 4.97938E-1 5.31889E-1 5.3884E-1 5.73632E-1 6.04495E-1 6.00978E-1 6.84398E-1 6.80661E-1 6.91828E-1 6.89023E-1 6.80576E-1 6.82368E-1 5.94102E-1 5.83848E-1 6.31871E-1 6.3079E-1 6.53121E-1 6.19807E-1 1.59007E-1 1.17286E-1 1.00041E-1 8.81413E-2 8.40452E-2 8.14899E-2 7.36458E-2 7.43737E-2 7.48551E-2 6.54835E-2 6.5961E-2 6.34526E-2 6.11509E-2 6.03881E-2 6.16977E-2 6.22897E-2 6.69413E-2 6.35641E-2 6.51821E-2 6.6017E-2 6.40412E-2 6.51287E-2 6.91305E-2 6.43217E-2 6.5679E-2 7.09453E-2 6.31717E-2 6.78555E-2 7.39997E-2 7.26051E-2 7.23765E-2 7.02237E-2 7.88377E-2 7.38456E-2 7.73764E-2
5.08684E-1 5.14507E-1 4.84554E-1 5.06088E-1 5.16323E-1 4.04183E-1 2.33372E-1 2.14952E-1 2.59876E-1 3.32E-1 4.74537E-1 5.47758E-1 6.20619E-1 6.12749E-1 6.75314E-1 6.85089E-1 6.94926E-1 7.0548E-1 6.98616E-1 6.98309E-1 5.79774E-1 5.36023E-1 6.16931E-1 6.21045E-1 6.46544E-1 6.59651E-1 5.387E-1 3.1425E-1 1.29516E-1 8.98962E-2 8.41535E-2 9.1344E-2 8.461E-2 8.39056E-2 7.76161E-2 7.52372E-2 7.45147E-2 8.09234E-2 7.12171E-2 7.06338E-2 6.8935E-2 6.6153E-2 6.41851E-2 6.6886E-2 6.32425E-2 6.63311E-2 6.57004E-2 6.43811E-2 6.02398E-2 6.13494E-2 6.30314E-2 6.89557E-2 7.05332E-2 7.75937E-2 8.52104E-2 9.05428E-2 8.19156E-2 7.89914E-2 1.04329E-1 7.84438E-2 7.55634E-2
5.2012E-1 5.11574E-1 4.61072E-1 4.04906E-1 2.61745E-1 1.73401E-1 1.75477E-1 2.71715E-1 4.60183E-1 5.83105E-1 5.76546E-1 5.42159E-1 5.4689E-1 5.704E-1 6.76022E-1 6.9047E-1 6.90064E-1 7.05523E-1 7.116E-1 6.97733E-1 5.86431E-1 5.88215E-1 6.10048E-1 6.14216E-1 6.4516E-1 6.63956E-1 6.37314E-1 5.06649E-1 1.88337E-1 1.02351E-1 9.89793E-2 9.13704E-2 8.68221E-2 8.15048E-2 9.13629E-2 9.01799E-2 8.70878E-2 8.26826E-2 7.49822E-2 7.3052E-2 7.82204E-2 8.00748E-2 8.92898E-2 7.70306E-2 6.74281E-2 6.43404E-2 6.85432E-2 6.39453E-2 6.40512E-2 7.23296E-2 6.8721E-2 7.65743E-2 7.69069E-2 7.51731E-2 9.76125E-2 8.7229E-2 8.09675E-2 7.91946E-2 8.34353E-2 1.02602E-1 7.82731E-2
4.49204E-1 3.69206E-1 2.78348E-1 1.85973E-1 1.62153E-1 1.77194E-1 3.10838E-1 4.81975E-1 5.43521E-1 5.71631E-1 5.60963E-1 5.32473E-1 5.14741E-1 5.44149E-1 6.88671E-1 7.02425E-1 6.97935E-1 7.05267E-1 7.24693E-1 7.11598E-1 6.05749E-1 6.05155E-1 6.0815E-1 6.18556E-1 6.40223E-1 6.53E-1 6.25284E-1 3.33629E-1 1.28227E-1 1.11169E-1 1.01505E-1 9.43639E-2 9.91848E-2 1.00237E-1 1.01911E-1 9.69101E-2 9.45443E-2 8.74879E-2 7.71658E-2 7.07137E-2 8.24674E-2 7.98453E-2 7.12333E-2 7.36958E-2 6.88636E-2 6.61147E-2 7.35093E-2 8.12049E-2 7.94729E-2 7.6546E-2 6.89093E-2 7.32068E-2 8.2915E-2 8.23621E-2 9.332E-2 1.05245E-1 8.91459E-2 8.99628E-2 8.85144E-2 1.0698E-1 8.85295E-2
1.96096E-1 1.72075E-1 1.56251E-1 1.45857E-1 1.57793E-1 1.99646E-1 2.39193E-1 2.1805E-1 2.52078E-1 3.85362E-1 5.301E-1 5.54409E-1 5.2847E-1 5.44935E-1 5.83823E-1 6.29473E-1 6.06557E-1 5.86823E-1 6.29218E-1 6.2732E-1 6.17981E-1 6.2408E-1 6.22191E-1 6.13101E-1 6.19668E-1 6.09671E-1 5.8098E-1 4.09412E-1 2.4944E-1 1.79708E-1 1.19879E-1 1.01109E-1 1.10521E-1 1.09387E-1 1.16538E-1 1.11975E-1 1.19889E-1 1.21489E-1 1.04134E-1 8.49827E-2 8.66847E-2 8.98462E-2 7.14621E-2 7.83729E-2 9.11531E-2 8.09087E-2 8.33683E-2 7.7298E-2 7.59686E-2 7.40638E-2 7.64618E-2 8.43328E-2 9.09614E-2 9.12026E-2 9.67269E-2 1.16447E-1 9.83861E-2 8.61642E-2 8.49801E-2 8.59782E-2 1.09815E-1
1.23085E-1 1.15588E-1 1.1504E-1 1.32559E-1 1.4187E-1 1.51666E-1 1.26115E-1 1.14796E-1 1.24982E-1 1.68032E-1 2.29941E-1 5.43125E-1 5.68223E-1 5.5785E-1 5.65972E-1 6.01769E-1 5.97178E-1 6.0042E-1 5.84409E-1 5.39744E-1 4.38625E-1 4.32657E-1 5.05714E-1 3.54815E-1 2.66629E-1 2.23842E-1 3.97701E-1 4.83159E-1 3.28809E-1 1.825E-1 1.25941E-1 1.18659E-1 1.26119E-1 1.25091E-1 1.21825E-1 1.17404E-1 1.1418E-1 1.20911E-1 1.10076E-1 1.15348E-1 9.97466E-2 9.13069E-2 1.00264E-1 9.45465E-2 9.72199E-2 9.51259E-2 8.64221E-2 7.94109E-2 7.85964E-2 7.8689E-2 8.4999E-2 1.66439E-1 1.12445E-1 1.04185E-1 9.21284E-2 9.41522E-2 1.01095E-1 9.47656E-2 8.55962E-2 7.86084E-2 8.43252E-2
9.22443E-2 1.04918E-1 1.00917E-1 1.04428E-1 9.44013E-2 8.2849E-2 8.11419E-2 8.33142E-2 9.04104E-2 1.1816E-1 1.49021E-1 2.34098E-1 5.06237E-1 4.81042E-1 5.26133E-1 5.30972E-1 4.98682E-1 3.91854E-1 2.37959E-1 1.75789E-1 1.77523E-1 1.75674E-1 1.68076E-1 1.60597E-1 1.60992E-1 1.76613E-1 3.64116E-1 4.39399E-1 3.1028E-1 1.46323E-1 1.34901E-1 1.51118E-1 1.48932E-1 1.34485E-1 1.34358E-1 1.43373E-1 1.33184E-1 1.39194E-1 1.29415E-1 1.37912E-1 1.19069E-1 1.24407E-1 1.15874E-1 1.14519E-1 1.15043E-1 1.13009E-1 1.02247E-1 1.03452E-1 9.343E-2 8.73889E-2 8.32796E-2 9.10675E-2 1.03437E-1 1.03683E-1 1.04062E-1 1.04683E-1 9.92013E-2 9.29912E-2 8.62796E-2 8.18402E-2 7.92451E-2
9.03243E-2 9.09304E-2 8.96537E-2 8.01438E-2 7.34227E-2 6.89396E-2 7.46456E-2 7.65348E-2 7.90911E-2 9.55634E-2 1.16354E-1 1.28333E-1 1.69759E-1 1.83678E-1 2.10418E-1 2.22578E-1 2.05623E-1 1.88583E-1 1.65732E-1 1.49364E-1 1.50132E-1 1.62121E-1 1.56698E-1 1.546E-1 1.59422E-1 1.58978E-1 1.76363E-1 1.86559E-1 1.80233E-1 1.41007E-1 1.47192E-1 1.59888E-1 1.48971E-1 1.41851E-1 1.34236E-1 1.45362E-1 1.45433E-1 1.44956E-1 1.53707E-1 1.38029E-1 1.44545E-1 1.51979E-1 1.20109E-1 1.17389E-1 1.17142E-1 1.14569E-1 1.12641E-1 1.15753E-1 1.08989E-1 1.02205E-1 9.85181E-2 1.01498E-1 1.13395E-1 1.08531E-1 1.10675E-1 1.20694E-1 1.21411E-1 1.11565E-1 9.35142E-2 7.93655E-2 8.0367E-2
7.60237E-2 7.49243E-2 7.97912E-2 7.99177E-2 7.25114E-2 7.11751E-2 8.04299E-2 8.71061E-2 9.31869E-2 1.07807E-1 1.17575E-1 1.14254E-1 1.38513E-1 1.57608E-1 1.58311E-1 1.57891E-1 1.70052E-1 1.71865E-1 1.5171E-1 1.46515E-1 1.64208E-1 2.17031E-1 1.69125E-1 1.62001E-1 1.77198E-1 1.70996E-1 1.56202E-1 1.53472E-1 1.30031E-1 1.3264E-1 1.57085E-1 1.72365E-1 1.65738E-1 2.19223E-1 2.37183E-1 2.25276E-1 2.05527E-1 1.77591E-1 1.644E-1 1.73938E-1 1.53261E-1 1.59096E-1 1.44929E-1 1.3319E-1 1.35032E-1 1.32689E-1 1.31407E-1 1.43265E-1 1.50243E-1 1.24099E-1 1.2344E-1 1.19198E-1 1.2082E-1 1.2395E-1 1.26869E-1 1.46271E-1 1.63712E-1 1.71647E-1 1.90764E-1 1.33696E-1 1.01776E-1
6.47297E-2 7.33617E-2 7.18841E-2 7.40816E-2 6.78558E-2 7.59742E-2 8.30907E-2 9.02754E-2 1.04172E-1 1.1419E-1 1.1906E-1 1.16974E-1 1.34404E-1 1.53724E-1 1.59417E-1 1.63472E-1 1.66899E-1 1.72569E-1 1.67444E-1 1.66777E-1 1.7488E-1 1.99729E-1 2.02216E-1 2.32261E-1 2.22568E-1 2.05321E-1 1.92892E-1 1.94127E-1 1.95764E-1 1.66635E-1 1.5371E-1 1.64838E-1 2.11768E-1 2.31173E-1 2.41827E-1 3.43223E-1 3.73272E-1 3.46071E-1 3.27028E-1 3.40334E-1 3.25463E-1 2.97248E-1 2.57734E-1 2.16166E-1 1.7396E-1 1.63182E-1 1.66199E-1 1.49623E-1 1.49604E-1 1.49811E-1 1.4292E-1 1.34758E-1 1.338E-1 1.30451E-1 1.2756E-1 1.27495E-1 1.25095E-1 1.22067E-1 1.176E-1 1.0354E-1 9.08614E-2
6.39556E-2 6.88113E-2 7.65783E-2 7.83731E-2 7.89621E-2 8.50371E-2 8.58205E-2 9.38407E-2 1.06195E-1 1.10417E-1 1.15834E-1 1.21818E-1 1.31059E-1 1.46754E-1 1.52987E-1 1.64816E-1 1.81371E-1 1.60921E-1 2.50603E-1 3.02683E-1 2.96711E-1 3.35244E-1 3.74717E-1 3.44564E-1 3.22662E-1 3.19938E-1 2.75134E-1 2.35795E-1 2.86533E-1 3.32977E-1 3.48648E-1 3.70461E-1 3.79054E-1 3.18487E-1 2.8077E-1 2.58934E-1 2.7103E-1 2.67677E-1 2.23795E-1 2.68809E-1 2.31213E-1 2.0701E-1 2.00069E-1 2.37373E-1 1.73273E-1 2.53031E-1 3.08661E-1 3.89906E-1 3.232E-1 2.62494E-1 2.32655E-1 1.60142E-1 1.46435E-1 1.43437E-1 1.39961E-1 1.3549E-1 1.29497E-1 1.19492E-1 1.03451E-1 9.70112E-2 9.29682E-2
6.19363E-2 6.42678E-2 6.98703E-2 7.16557E-2 7.34182E-2 7.47292E-2 8.00156E-2 9.12595E-2 1.02774E-1 1.10149E-1 1.09948E-1 1.22401E-1 1.37113E-1 1.83644E-1 2.11502E-1 2.24074E-1 2.10456E-1 2.90357E-1 4.20197E-1 5.02543E-1 5.0301E-1 4.20361E-1 2.76089E-1 2.79722E-1 3.53331E-1 3.26307E-1 2.48198E-1 2.22123E-1 2.25791E-1 2.5292E-1 4.31309E-1 5.08825E-1 5.48147E-1 5.63516E-1 5.62626E-1 5.31711E-1 5.15872E-1 4.60507E-1 4.0052E-1 4.03364E-1 3.34746E-1 2.23336E-1 2.02277E-1 2.04237E-1 2.22487E-1 2.21525E-1 3.252E-1 5.58017E-1 5.55469E-1 5.36146E-1 5.27456E-1 4.37579E-1 1.80309E-1 1.56398E-1 1.57849E-1 1.56061E-1 1.34737E-1 1.23043E-1 1.13302E-1 1.11955E-1 1.03996E-1
6.46992E-2 6.18616E-2 6.38591E-2 7.103E-2 7.0534E-2 7.62939E-2 8.00248E-2 8.93635E-2 1.0246E-1 1.10152E-1 1.12778E-1 1.33517E-1 1.9598E-1 2.66082E-1 2.71212E-1 2.58529E-1 3.0076E-1 4.40599E-1 4.69307E-1 4.819E-1 4.52121E-1 4.12303E-1 2.85336E-1 3.46326E-1 3.6964E-1 2.65835E-1 1.99515E-1 1.91728E-1 1.94745E-1 1.95774E-1 2.0482E-1 3.02846E-1 4.33057E-1 5.0388E-1 5.15171E-1 5.20543E-1 5.3574E-1 5.38683E-1 5.04226E-1 5.4678E-1 5.57482E-1 5.35215E-1 4.476E-1 3.23213E-1 2.973E-1 2.93958E-1 5.45318E-1 5.47466E-1 5.70924E-1 5.66045E-1 5.60994E-1 5.4721E-1 3.94925E-1 2.15111E-1 1.8245E-1 1.69387E-1 1.45878E-1 1.32661E-1 1.24539E-1 1.15949E-1 1.15389E-1
6.34303E-2 6.43345E-2 6.79423E-2 6.85951E-2 7.6031E-2 8.24146E-2 8.53893E-2 9.11552E-2 1.013E-1 1.08011E-1 1.16232E-1 1.50456E-1 2.4255E-1 2.77031E-1 2.39259E-1 2.91413E-1 3.70424E-1 4.28043E-1 4.38887E-1 4.35071E-1 3.80958E-1 3.70582E-1 3.95801E-1 3.80986E-1 3.35909E-1 2.65527E-1 2.07892E-1 1.9521E-1 2.02822E-1 1.7548E-1 1.90907E-1 1.87414E-1 2.00405E-1 2.71829E-1 3.46362E-1 4.26125E-1 4.66681E-1 4.7654E-1 4.88063E-1 4.89008E-1 5.1228E-1 5.28583E-1 5.33325E-1 5.35475E-1 4.91967E-1 4.30509E-1 5.40635E-1 5.53172E-1 5.67054E-1 5.63936E-1 5.6032E-1 5.44667E-1 5.14539E-1 3.56998E-1 2.19225E-1 2.30325E-1 1.61962E-1 1.42826E-1 1.35244E-1 1.27344E-1 1.3089E-1
6.21878E-2 6.07572E-2 6.58823E-2 7.28434E-2 8.55465E-2 9.33261E-2 1.00458E-1 1.00147E-1 1.06922E-1 1.20184E-1 1.43291E-1 2.10884E-1 2.50713E-1 2.18999E-1 2.73631E-1 3.36503E-1 3.60332E-1 3.81999E-1 3.84669E-1 3.64393E-1 3.57603E-1 3.52329E-1 3.03179E-1 2.92752E-1 2.25238E-1 2.11361E-1 1.82737E-1 1.63899E-1 1.58268E-1 1.67613E-1 1.58573E-1 1.61221E-1 1.63749E-1 1.76798E-1 2.04238E-1 2.56761E-1 3.70327E-1 4.20326E-1 4.28167E-1 4.37611E-1 4.52504E-1 4.74436E-1 4.79671E-1 4.85896E-1 4.91396E-1 4.46802E-1 3.82274E-1 3.80597E-1 4.67152E-1 5.16944E-1 5.09574E-1 5.0361E-1 4.98387E-1 4.74855E-1 3.31391E-1 2.71887E-1 1.82859E-1 1.76174E-1 1.68025E-1 1.53167E-1 1.41809E-1
6.56092E-2 6.62995E-2 8.10162E-2 9.02551E-2 1.05226E-1 1.00291E-1 1.03073E-1 1.07781E-1 1.12372E-1 1.3934E-1 1.99881E-1 2.4618E-1 1.93999E-1 2.25947E-1 3.11005E-1 3.23799E-1 3.29345E-1 3.4002E-1 3.36235E-1 2.76181E-1 2.77425E-1 2.84294E-1 2.31802E-1 2.65E-1 2.0639E-1 1.83274E-1 1.4972E-1 1.29409E-1 1.40009E-1 1.42672E-1 1.47772E-1 1.58012E-1 1.64374E-1 1.7979E-1 2.01277E-1 2.31219E-1 2.85763E-1 3.61341E-1 3.82772E-1 3.84776E-1 3.95608E-1 4.11429E-1 4.24408E-1 4.31968E-1 4.41842E-1 4.40178E-1 3.94241E-1 3.05892E-1 3.53488E-1 4.5629E-1 4.63399E-1 4.69163E-1 4.68305E-1 4.613E-1 4.56988E-1 3.38356E-1 2.22412E-1 1.97079E-1 2.09036E-1 1.80003E-1 1.49822E-1
