maxent_outputs/bumblebees/bombus_48.asc
ncols         426
nrows         180
xllcorner     -130.0
yllcorner     24.0
cellsize      0.16666666666666666
NODATA_value  -9999
[rows 135 to 161 of 180, columns 122 to 182 of 426]
4.43164E-2 4.25006E-2 4.67529E-2 3.37215E-2 2.08867E-2 2.2104E-2 3.2286E-2 2.9849E-2 3.64726E-2 4.10183E-2 3.80504E-2 3.77332E-2 4.38424E-2 4.16058E-2 4.01106E-2 3.99162E-2 3.59385E-2 3.32001E-2 3.09596E-2 2.78157E-2 3.47009E-2 4.15597E-2 3.43959E-2 2.98571E-2 2.38649E-2 2.68993E-2 2.84437E-2 2.4708E-2 2.73337E-2 4.53655E-2 3.2469E-2 3.70325E-2 4.76275E-2 6.17941E-2 7.05552E-2 7.95377E-2 9.01199E-2 9.0628E-2 8.99955E-2 9.31192E-2 9.65924E-2 1.03656E-1 1.09691E-1 1.1858E-1 1.12031E-1 1.06836E-1 1.08007E-1 1.1061E-1 1.12708E-1 1.19153E-1 1.30023E-1 1.40744E-1 1.52017E-1 1.68235E-1 1.85589E-1 1.9621E-1 1.90564E-1 1.93016E-1 1.97358E-1 2.09664E-1 2.29391E-1
4.94494E-2 4.74196E-2 6.18803E-2 4.34591E-2 2.67031E-2 1.92226E-2 3.30331E-2 3.03954E-2 3.40195E-2 4.02765E-2 3.75654E-2 3.06268E-2 4.2247E-2 4.53947E-2 4.16196E-2 4.29527E-2 3.86187E-2 3.57043E-2 3.0351E-2 2.55845E-2 2.4655E-2 3.23177E-2 3.97903E-2 3.9958E-2 3.43976E-2 2.79205E-2 2.83054E-2 2.36712E-2 2.69802E-2 4.51373E-2 4.14555E-2 3.72473E-2 5.19359E-2 6.18938E-2 7.29791E-2 8.44681E-2 9.63102E-2 8.95828E-2 8.633E-2 9.17237E-2 9.66998E-2 1.10493E-1 1.19648E-1 1.29063E-1 1.12875E-1 1.17937E-1 1.1595E-1 1.11595E-1 1.13304E-1 1.19644E-1 1.24357E-1 1.2841E-1 1.40181E-1 1.62992E-1 1.75252E-1 1.76615E-1 1.68134E-1 1.79493E-1 1.71543E-1 1.81148E-1 1.99875E-1
5.47208E-2 6.61288E-2 7.32671E-2 3.40434E-2 1.72902E-2 2.69321E-2 3.16764E-2 3.43364E-2 3.8641E-2 4.07849E-2 3.91284E-2 2.92787E-2 3.90612E-2 4.52669E-2 4.6352E-2 4.32448E-2 4.14033E-2 3.75968E-2 3.26479E-2 2.91332E-2 2.55791E-2 2.66699E-2 2.45708E-2 4.00704E-2 4.65303E-2 3.5137E-2 3.53449E-2 3.36178E-2 3.68071E-2 4.7841E-2 4.72193E-2 3.65423E-2 4.31382E-2 4.96766E-2 6.90764E-2 8.22004E-2 9.15863E-2 8.47942E-2 8.43138E-2 8.59954E-2 9.15366E-2 1.04221E-1 1.18848E-1 1.32512E-1 1.41154E-1 1.32547E-1 1.12292E-1 1.15365E-1 1.08906E-1 1.17905E-1 1.16678E-1 1.26612E-1 1.34277E-1 1.46659E-1 1.5563E-1 1.56409E-1 1.51241E-1 1.58312E-1 1.61576E-1 1.7049E-1 1.83467E-1
5.31694E-2 5.23639E-2 8.24813E-2 3.68675E-2 2.82633E-2 3.45009E-2 3.46032E-2 3.46303E-2 3.74233E-2 3.76309E-2 3.40073E-2 2.36378E-2 3.33199E-2 4.58079E-2 4.57162E-2 4.41009E-2 4.34379E-2 3.97528E-2 3.84275E-2 3.73954E-2 3.20625E-2 2.64901E-2 2.5383E-2 2.8412E-2 4.35469E-2 5.37449E-2 5.29833E-2 3.39325E-2 4.1947E-2 4.75887E-2 4.63029E-2 3.95403E-2 3.03606E-2 3.30047E-2 6.10283E-2 7.36742E-2 8.14364E-2 7.70114E-2 7.85316E-2 7.97729E-2 8.98932E-2 9.79767E-2 1.07367E-1 1.2348E-1 1.31944E-1 1.31711E-1 1.44101E-1 1.28997E-1 1.26662E-1 1.32722E-1 1.24553E-1 1.29715E-1 1.3545E-1 1.38528E-1 1.49732E-1 1.55245E-1 1.61589E-1 1.70045E-1 1.77568E-1 1.84919E-1 1.92124E-1
4.79894E-2 6.91401E-2 7.01376E-2 6.97178E-2 3.32402E-2 3.06663E-2 3.11379E-2 3.22707E-2 3.06395E-2 3.21603E-2 3.40804E-2 2.28885E-2 3.03808E-2 3.93663E-2 4.27678E-2 4.501E-2 3.8476E-2 3.9987E-2 4.25792E-2 4.05885E-2 3.67547E-2 3.17559E-2 3.04664E-2 2.75768E-2 2.48565E-2 4.21985E-2 6.62501E-2 7.31368E-2 5.40264E-2 4.34973E-2 3.81224E-2 3.87813E-2 2.50972E-2 2.29188E-2 3.25643E-2 4.39407E-2 5.86985E-2 6.87176E-2 7.22615E-2 7.32515E-2 7.35485E-2 8.46867E-2 9.71037E-2 9.72817E-2 1.06354E-1 1.19703E-1 1.45457E-1 1.55647E-1 1.41542E-1 1.47355E-1 1.41791E-1 1.43381E-1 1.57486E-1 1.57179E-1 1.53461E-1 1.57146E-1 1.62494E-1 1.67335E-1 1.66757E-1 1.72079E-1 1.97463E-1
4.42504E-2 9.57662E-2 4.59689E-2 3.99129E-2 5.89618E-2 2.99887E-2 1.558E-2 2.1191E-2 2.53042E-2 2.8903E-2 3.20813E-2 2.16384E-2 2.56373E-2 3.91428E-2 4.06705E-2 3.96245E-2 4.46654E-2 4.26862E-2 4.46123E-2 4.37573E-2 3.82203E-2 3.59952E-2 3.58644E-2 3.78308E-2 3.32333E-2 3.43974E-2 5.39751E-2 6.34761E-2 7.18259E-2 5.0763E-2 3.36621E-2 3.28931E-2 2.70117E-2 2.28896E-2 3.19984E-2 3.97893E-2 4.87245E-2 6.52629E-2 6.42669E-2 5.93315E-2 6.18217E-2 7.40651E-2 8.63546E-2 1.0176E-1 1.20677E-1 1.32914E-1 1.42546E-1 1.55695E-1 1.54687E-1 1.55656E-1 1.52239E-1 1.64702E-1 1.7426E-1 1.72941E-1 1.69359E-1 1.60742E-1 1.62065E-1 1.75129E-1 1.85798E-1 1.95868E-1 2.2402E-1
5.2723E-2 1.14366E-1 7.52861E-2 3.45979E-2 7.27114E-2 4.05572E-2 1.56891E-2 1.17613E-2 1.59954E-2 2.43934E-2 3.1788E-2 2.6013E-2 3.12253E-2 4.09833E-2 4.0732E-2 3.99373E-2 3.89105E-2 4.16363E-2 4.55362E-2 4.22856E-2 3.58261E-2 3.60078E-2 3.24881E-2 4.21396E-2 4.43458E-2 4.21762E-2 5.44694E-2 5.61637E-2 6.31392E-2 6.50593E-2 3.14498E-2 3.10613E-2 3.33155E-2 2.95889E-2 3.0751E-2 3.9993E-2 5.03081E-2 5.1664E-2 4.11914E-2 4.02755E-2 5.10341E-2 6.46367E-2 7.8867E-2 1.014E-1 1.23456E-1 1.378E-1 1.52208E-1 1.71433E-1 1.66207E-1 1.72532E-1 1.77101E-1 1.8352E-1 1.9713E-1 1.92127E-1 1.76318E-1 1.70454E-1 1.77449E-1 1.81375E-1 1.90773E-1 1.97035E-1 1.89048E-1
5.68529E-2 1.11816E-1 9.85216E-2 4.99713E-2 6.7595E-2 3.28677E-2 1.16648E-2 8.81115E-3 1.24625E-2 2.19363E-2 2.54321E-2 2.88655E-2 3.62508E-2 4.03979E-2 3.8411E-2 3.41539E-2 3.9163E-2 4.02524E-2 4.01293E-2 3.73829E-2 3.27799E-2 3.40366E-2 3.58243E-2 4.39942E-2 4.78799E-2 4.17717E-2 5.44723E-2 5.70071E-2 5.12269E-2 7.39862E-2 5.18212E-2 2.96877E-2 3.19173E-2 3.61602E-2 3.5566E-2 3.20718E-2 3.34933E-2 4.36752E-2 5.12938E-2 5.2833E-2 5.05321E-2 6.46026E-2 8.89013E-2 1.0996E-1 1.36631E-1 1.55989E-1 1.64434E-1 1.76366E-1 1.8701E-1 1.81905E-1 2.00549E-1 2.12965E-1 2.17087E-1 1.96425E-1 1.80127E-1 1.70875E-1 1.75138E-1 1.77848E-1 1.88407E-1 1.78628E-1 1.88266E-1
6.54584E-2 1.24969E-1 1.37736E-1 5.49809E-2 3.36511E-2 2.92844E-2 1.83905E-2 1.07508E-2 9.13345E-3 1.49438E-2 1.4368E-2 2.74056E-2 3.45632E-2 3.4584E-2 3.75829E-2 3.24717E-2 3.72045E-2 2.89734E-2 2.53616E-2 3.16459E-2 3.60544E-2 3.74784E-2 4.30696E-2 4.68244E-2 5.12733E-2 4.19851E-2 4.70213E-2 5.55028E-2 4.73736E-2 7.56204E-2 5.98196E-2 3.05241E-2 3.135E-2 4.20261E-2 4.00642E-2 3.46029E-2 4.20416E-2 6.15466E-2 7.22248E-2 7.03425E-2 6.86115E-2 9.0528E-2 1.19573E-1 1.44285E-1 1.57197E-1 1.70393E-1 1.83666E-1 1.76834E-1 2.08232E-1 2.10836E-1 2.22244E-1 2.4157E-1 2.30558E-1 2.23988E-1 2.03073E-1 1.78581E-1 1.67113E-1 1.71792E-1 1.72866E-1 1.73323E-1 1.86314E-1
9.49326E-2 1.25542E-1 1.3853E-1 8.71839E-2 4.1429E-2 2.27583E-2 2.32436E-2 8.3182E-3 5.77172E-3 1.22043E-2 1.03094E-2 1.05319E-2 2.98227E-2 2.76374E-2 2.80221E-2 3.11897E-2 3.22921E-2 3.47119E-2 2.64814E-2 2.43626E-2 3.13171E-2 3.64653E-2 4.17179E-2 4.804E-2 4.81283E-2 3.45262E-2 3.03494E-2 4.16527E-2 4.04341E-2 6.55658E-2 7.09937E-2 3.87192E-2 4.17997E-2 5.18495E-2 5.27455E-2 5.65217E-2 5.69131E-2 6.30907E-2 8.89791E-2 7.57775E-2 9.37612E-2 1.15466E-1 1.56818E-1 1.91991E-1 2.07349E-1 1.91793E-1 1.99912E-1 2.06966E-1 2.2587E-1 2.517E-1 2.51729E-1 2.78576E-1 2.75507E-1 2.48846E-1 2.07258E-1 1.99226E-1 1.75604E-1 1.95062E-1 1.98998E-1 1.91324E-1 1.8255E-1
1.63582E-1 1.22253E-1 1.77467E-1 1.23408E-1 9.05323E-2 2.19368E-2 1.99794E-2 1.06984E-2 6.71275E-3 9.41407E-3 1.01083E-2 7.88949E-3 1.12013E-2 2.30512E-2 1.44308E-2 2.37975E-2 2.04338E-2 2.89409E-2 2.51649E-2 2.1377E-2 2.94569E-2 3.82061E-2 4.08827E-2 4.8428E-2 4.74965E-2 3.24527E-2 2.80782E-2 4.01207E-2 5.16236E-2 5.71071E-2 9.55918E-2 7.64853E-2 6.20411E-2 6.73365E-2 5.99083E-2 6.8058E-2 6.60778E-2 6.81313E-2 9.20658E-2 1.26969E-1 1.2837E-1 1.38445E-1 1.66727E-1 1.69583E-1 1.81656E-1 2.2082E-1 2.18518E-1 2.30808E-1 2.4634E-1 2.79908E-1 2.74281E-1 2.8865E-1 3.03442E-1 2.67658E-1 2.38623E-1 2.27148E-1 2.05412E-1 2.54609E-1 2.22126E-1 2.4012E-1 2.36657E-1
1.87796E-1 1.44079E-1 1.68744E-1 1.49826E-1 1.29063E-1 8.37356E-2 2.6161E-2 9.91109E-3 1.13143E-2 6.61142E-3 6.13825E-3 7.51416E-3 6.6288E-3 1.78855E-2 1.04142E-2 1.92008E-2 1.11698E-2 1.24478E-2 2.20619E-2 2.64506E-2 3.25194E-2 4.44861E-2 5.12067E-2 4.99254E-2 4.55673E-2 2.98329E-2 3.26113E-2 4.95706E-2 7.57813E-2 7.12785E-2 9.40855E-2 1.03053E-1 1.00416E-1 6.97657E-2 4.82496E-2 6.41557E-2 8.19689E-2 7.76985E-2 9.99524E-2 1.12074E-1 1.46386E-1 1.62492E-1 1.05565E-1 1.0562E-1 1.34136E-1 1.62134E-1 1.76275E-1 1.94913E-1 2.19418E-1 2.66071E-1 3.22916E-1 3.2492E-1 3.42603E-1 3.24204E-1 3.06103E-1 2.62577E-1 2.60587E-1 2.71313E-1 2.70401E-1 2.74059E-1 2.83041E-1
2.04129E-1 1.2942E-1 2.04473E-1 1.85829E-1 1.83706E-1 1.1237E-1 4.04046E-2 2.60239E-2 1.45224E-2 7.79002E-3 7.13068E-3 6.48214E-3 5.73872E-3 1.69952E-2 1.12148E-2 1.54251E-2 1.24668E-2 8.60752E-3 1.35819E-2 2.93481E-2 3.57039E-2 4.94258E-2 5.71221E-2 5.62481E-2 4.49615E-2 3.0181E-2 3.47586E-2 5.23541E-2 7.62986E-2 5.62305E-2 6.8284E-2 8.99013E-2 1.0271E-1 7.94534E-2 5.90322E-2 6.69482E-2 1.04029E-1 8.05596E-2 8.4956E-2 9.58276E-2 1.0343E-1 1.65059E-1 9.15059E-2 8.73603E-2 7.53901E-2 1.01914E-1 1.46727E-1 1.71704E-1 2.02613E-1 2.49576E-1 2.98073E-1 3.41956E-1 3.75682E-1 3.59705E-1 3.49943E-1 3.32322E-1 3.1148E-1 3.27814E-1 3.15621E-1 3.29683E-1 3.49179E-1
2.32354E-1 1.76821E-1 2.15058E-1 1.53732E-1 1.55056E-1 8.12137E-2 7.18908E-2 2.24781E-2 1.29368E-2 8.84717E-3 6.7799E-3 6.76962E-3 5.51528E-3 1.62118E-2 1.18755E-2 1.55137E-2 1.52305E-2 1.18735E-2 9.8522E-3 2.46184E-2 3.38439E-2 4.22839E-2 5.89746E-2 5.50467E-2 4.79107E-2 3.90902E-2 4.79203E-2 6.74105E-2 6.60153E-2 5.04593E-2 4.17077E-2 6.96488E-2 6.81982E-2 5.25971E-2 8.76435E-2 1.28789E-1 1.44713E-1 8.8839E-2 5.02721E-2 1.41469E-1 1.33329E-1 5.3976E-2 5.89495E-2 7.33478E-2 6.17603E-2 7.09106E-2 9.86581E-2 1.30149E-1 1.79349E-1 2.21276E-1 2.60323E-1 3.19118E-1 3.75455E-1 3.92506E-1 3.6707E-1 3.71574E-1 3.60074E-1 3.619E-1 3.71465E-1 3.66104E-1 3.74237E-1
2.09893E-1 2.46603E-1 2.35844E-1 1.4292E-1 9.68066E-2 1.43681E-1 7.06549E-2 2.72957E-2 2.24049E-2 1.05815E-2 1.08866E-2 8.27145E-3 1.00362E-2 1.64752E-2 1.02103E-2 1.25743E-2 1.2884E-2 1.20531E-2 1.04928E-2 2.58779E-2 3.3596E-2 3.59965E-2 5.65695E-2 4.80469E-2 4.44021E-2 3.85855E-2 5.42101E-2 6.72868E-2 5.05839E-2 4.77907E-2 4.83699E-2 5.11511E-2 3.79251E-2 3.22784E-2 6.47414E-2 1.15655E-1 1.04559E-1 1.44877E-1 1.36796E-1 1.51612E-1 1.36349E-1 4.53903E-2 2.7431E-2 5.69234E-2 4.26898E-2 2.95922E-2 6.64715E-2 1.08785E-1 1.45419E-1 2.03872E-1 2.58678E-1 3.13745E-1 3.58563E-1 3.84328E-1 3.84379E-1 3.90262E-1 4.10509E-1 4.11722E-1 4.04478E-1 3.94878E-1 3.98066E-1
2.42708E-1 1.91322E-1 1.98015E-1 1.58853E-1 8.89378E-2 1.52202E-1 6.65031E-2 3.8239E-2 1.40839E-2 1.49474E-2 1.29496E-2 1.21738E-2 1.22498E-2 1.55992E-2 9.83062E-3 1.0375E-2 9.84333E-3 9.73043E-3 8.45813E-3 1.99037E-2 3.44266E-2 3.64496E-2 5.74943E-2 5.2326E-2 5.13962E-2 5.67016E-2 5.83252E-2 5.14427E-2 5.10951E-2 5.13608E-2 4.92545E-2 4.152E-2 2.88652E-2 3.03163E-2 4.97266E-2 6.43039E-2 9.35349E-2 1.32668E-1 1.59488E-1 9.21868E-2 9.43047E-2 7.13793E-2 2.45437E-2 3.8365E-2 3.72877E-2 3.56214E-2 6.20662E-2 7.46764E-2 1.26744E-1 1.77005E-1 2.39725E-1 2.87567E-1 3.3314E-1 3.80776E-1 4.01534E-1 4.03677E-1 4.32683E-1 4.51422E-1 4.42495E-1 4.3945E-1 4.27611E-1
3.75898E-1 1.76018E-1 1.5128E-1 1.3778E-1 6.58511E-2 9.48579E-2 4.72896E-2 3.24621E-2 9.92717E-3 2.0798E-2 1.77462E-2 1.21541E-2 1.15761E-2 9.06083E-3 1.22488E-2 1.4944E-2 1.45724E-2 1.0429E-2 1.00845E-2 1.53674E-2 3.00675E-2 4.81578E-2 5.57152E-2 6.12219E-2 6.11586E-2 5.89096E-2 4.45555E-2 3.7748E-2 4.88002E-2 5.10712E-2 4.99464E-2 4.37257E-2 3.49365E-2 3.19358E-2 3.94623E-2 3.72344E-2 5.15366E-2 9.68027E-2 1.1544E-1 1.06208E-1 7.33254E-2 5.81009E-2 3.92978E-2 4.4602E-2 5.71454E-2 4.75091E-2 8.27715E-2 9.57217E-2 1.17591E-1 1.84113E-1 2.43995E-1 2.82038E-1 3.263E-1 3.63649E-1 3.93059E-1 4.08147E-1 4.42363E-1 4.71831E-1 4.84809E-1 4.73629E-1 4.41845E-1
4.7498E-1 2.5981E-1 1.30791E-1 1.289E-1 5.95497E-2 7.51305E-2 3.32194E-2 3.12582E-2 1.13394E-2 1.03144E-2 1.58913E-2 1.02467E-2 1.15058E-2 1.25761E-2 9.72589E-3 1.00775E-2 1.5135E-2 1.50175E-2 1.70952E-2 1.38134E-2 2.64292E-2 4.1286E-2 3.58283E-2 5.37999E-2 6.60579E-2 6.65886E-2 4.22362E-2 3.74721E-2 4.06704E-2 4.17294E-2 3.88994E-2 4.23227E-2 4.09451E-2 3.95418E-2 3.82823E-2 3.48222E-2 3.17697E-2 5.97399E-2 9.11292E-2 9.50813E-2 8.45596E-2 6.16879E-2 2.86681E-2 3.11128E-2 3.90918E-2 9.54195E-2 1.22664E-1 1.32751E-1 1.31207E-1 1.45426E-1 2.14965E-1 2.63887E-1 3.23378E-1 3.58476E-1 3.82276E-1 4.25339E-1 4.27014E-1 4.53043E-1 4.78623E-1 4.74865E-1 4.59424E-1
5.05783E-1 3.02576E-1 2.48581E-1 9.88633E-2 4.79629E-2 6.76202E-2 4.53787E-2 2.79385E-2 1.47366E-2 9.20756E-3 1.10037E-2 1.25244E-2 9.55654E-3 1.19544E-2 1.08977E-2 9.2882E-3 1.28453E-2 1.53239E-2 1.64101E-2 2.54925E-2 2.56241E-2 2.20362E-2 3.94154E-2 5.33995E-2 6.7324E-2 7.06512E-2 5.63754E-2 4.77055E-2 3.57162E-2 3.38262E-2 3.47442E-2 3.89263E-2 3.73682E-2 4.15205E-2 4.46699E-2 3.96305E-2 4.51752E-2 5.95641E-2 7.21228E-2 5.29639E-2 8.10067E-2 7.68994E-2 3.02783E-2 3.29077E-2 3.33975E-2 4.51427E-2 1.19021E-1 1.70889E-1 1.83729E-1 1.70097E-1 1.9972E-1 2.52981E-1 3.06249E-1 3.49747E-1 3.86881E-1 4.32776E-1 4.46464E-1 4.32356E-1 4.36471E-1 4.51923E-1 4.49265E-1
4.72825E-1 4.1039E-1 3.34699E-1 8.08952E-2 6.42765E-2 4.91337E-2 8.72728E-2 4.75044E-2 1.30361E-2 8.23982E-3 8.18738E-3 7.02175E-3 6.6137E-3 1.04746E-2 8.29894E-3 1.00493E-2 1.13363E-2 1.84502E-2 2.5801E-2 2.70435E-2 3.49604E-2 2.86333E-2 4.43722E-2 5.13838E-2 6.56555E-2 7.4535E-2 6.57902E-2 5.28559E-2 5.40241E-2 3.62647E-2 3.64876E-2 4.05507E-2 3.62249E-2 3.86125E-2 4.72195E-2 4.34729E-2 4.45147E-2 4.98579E-2 7.01923E-2 2.91008E-2 6.05353E-2 5.58788E-2 4.71281E-2 3.16866E-2 4.05208E-2 4.58225E-2 1.03889E-1 1.65817E-1 2.12914E-1 2.25256E-1 2.3133E-1 2.45483E-1 2.75069E-1 3.3232E-1 3.93846E-1 4.53153E-1 4.71633E-1 4.46943E-1 4.29266E-1 4.31401E-1 4.16324E-1
4.9251E-1 3.90522E-1 3.07297E-1 1.11792E-1 9.0156E-2 1.44584E-1 1.39798E-1 1.20161E-1 2.42709E-2 1.0577E-2 7.50478E-3 6.30806E-3 6.13513E-3 7.09936E-3 7.84011E-3 9.5754E-3 1.07485E-2 1.79238E-2 2.19498E-2 2.99966E-2 4.06918E-2 3.81443E-2 4.6978E-2 6.26275E-2 6.71968E-2 6.63625E-2 6.66082E-2 5.84621E-2 5.26473E-2 4.70056E-2 5.10216E-2 4.93043E-2 5.07719E-2 5.40596E-2 5.62476E-2 5.1227E-2 5.27586E-2 5.93242E-2 7.80784E-2 4.11476E-2 3.89966E-2 4.52212E-2 4.36001E-2 4.11717E-2 4.51709E-2 7.06628E-2 1.30726E-1 2.19357E-1 2.42749E-1 2.75782E-1 2.91869E-1 2.81305E-1 2.60114E-1 3.06043E-1 4.12929E-1 4.51024E-1 4.71089E-1 4.687E-1 4.44531E-1 4.26838E-1 3.94275E-1
4.7048E-1 3.68831E-1 3.09582E-1 2.01311E-1 1.54709E-1 3.05902E-1 1.39465E-1 1.17682E-1 3.52964E-2 2.2611E-2 1.14665E-2 6.96671E-3 6.37924E-3 5.72509E-3 8.14864E-3 1.25784E-2 1.21767E-2 2.61739E-2 2.54431E-2 3.30274E-2 4.13916E-2 5.16159E-2 5.69699E-2 5.40944E-2 5.37179E-2 5.67614E-2 6.42861E-2 5.85777E-2 5.32376E-2 5.05252E-2 4.99528E-2 4.49342E-2 3.47838E-2 5.14955E-2 5.68674E-2 4.67031E-2 5.27073E-2 7.14748E-2 8.3389E-2 7.14606E-2 6.08735E-2 4.18634E-2 5.06709E-2 4.11907E-2 4.29434E-2 6.2751E-2 5.51205E-2 1.59641E-1 2.70759E-1 3.16185E-1 3.52375E-1 3.49158E-1 3.17335E-1 3.05227E-1 4.23064E-1 4.53049E-1 4.61143E-1 4.65843E-1 4.64637E-1 4.28386E-1 4.17985E-1
4.73901E-1 3.9471E-1 4.18317E-1 3.16835E-1 2.97521E-1 2.66732E-1 6.31525E-2 7.43307E-2 5.18839E-2 3.9945E-2 1.68435E-2 8.71437E-3 8.49183E-3 7.98854E-3 9.70426E-3 1.39285E-2 8.56858E-3 1.69557E-2 2.471E-2 2.41944E-2 4.12377E-2 4.25814E-2 4.06953E-2 4.69677E-2 4.88794E-2 4.69797E-2 5.48665E-2 5.85225E-2 4.80235E-2 5.06507E-2 4.30245E-2 4.30516E-2 3.59488E-2 4.38079E-2 4.98001E-2 5.81739E-2 5.27379E-2 6.97886E-2 7.58304E-2 7.45504E-2 7.24606E-2 3.7004E-2 4.2744E-2 5.24312E-2 4.14452E-2 5.26563E-2 7.98822E-2 1.17734E-1 1.45337E-1 2.55185E-1 3.47444E-1 3.6916E-1 3.79188E-1 3.86707E-1 4.36349E-1 4.49796E-1 4.66885E-1 4.60395E-1 4.58227E-1 4.53872E-1 4.34827E-1
5.51373E-1 5.2993E-1 5.39808E-1 3.86791E-1 4.99043E-1 2.359E-1 1.60339E-1 2.26791E-1 5.43359E-2 2.14285E-2 2.02299E-2 2.18162E-2 1.10977E-2 1.06208E-2 1.29244E-2 1.3777E-2 1.57526E-2 2.29416E-2 2.69596E-2 2.68734E-2 3.4487E-2 3.55873E-2 5.15333E-2 5.62077E-2 5.93815E-2 5.99158E-2 5.00405E-2 5.34111E-2 5.15171E-2 5.02655E-2 3.4082E-2 3.93296E-2 4.95521E-2 5.26068E-2 4.6187E-2 6.54313E-2 5.76069E-2 6.055E-2 6.36968E-2 6.46599E-2 6.90606E-2 3.04988E-2 2.99778E-2 5.40883E-2 4.40596E-2 5.31885E-2 8.86033E-2 1.67034E-1 1.88067E-1 2.8058E-1 3.41435E-1 3.7394E-1 3.95411E-1 4.16984E-1 4.31015E-1 4.47257E-1 4.46511E-1 4.24815E-1 4.1685E-1 4.35582E-1 4.59645E-1
6.96934E-1 6.37719E-1 6.26063E-1 5.72953E-1 6.05251E-1 3.84763E-1 2.57966E-1 2.56825E-1 1.04895E-1 4.67285E-2 2.40621E-2 3.65084E-2 2.09405E-2 1.55053E-2 1.11058E-2 9.41456E-3 1.33359E-2 2.5209E-2 1.89115E-2 3.54411E-2 4.79214E-2 5.15784E-2 5.13189E-2 4.64531E-2 4.72692E-2 4.89721E-2 4.48175E-2 4.58749E-2 5.02074E-2 4.04528E-2 3.97494E-2 3.52881E-2 5.0831E-2 4.66702E-2 6.8483E-2 6.50128E-2 6.58689E-2 6.89163E-2 6.92182E-2 6.63038E-2 6.83268E-2 4.09654E-2 2.39876E-2 5.87384E-2 7.33732E-2 6.76796E-2 5.62599E-2 1.50538E-1 2.41998E-1 2.71185E-1 3.512E-1 3.82441E-1 3.9597E-1 4.1502E-1 4.3326E-1 4.54278E-1 4.35866E-1 4.19914E-1 3.91941E-1 4.18164E-1 4.46972E-1
7.3962E-1 7.42164E-1 7.41884E-1 7.21024E-1 6.77696E-1 3.18594E-1 1.25893E-1 2.4723E-1 9.08634E-2 3.71207E-2 9.34586E-2 4.32994E-2 1.80695E-2 1.29723E-2 1.34446E-2 1.12988E-2 1.18876E-2 1.84534E-2 1.23494E-2 3.52476E-2 4.1197E-2 3.6685E-2 4.39909E-2 3.12868E-2 3.2217E-2 3.65193E-2 4.28122E-2 4.25185E-2 4.4708E-2 4.21287E-2 3.53302E-2 4.12514E-2 4.38503E-2 2.99836E-2 6.52174E-2 5.07697E-2 6.95211E-2 7.16175E-2 6.9571E-2 7.37455E-2 7.33085E-2 5.03109E-2 3.21089E-2 6.32951E-2 9.65677E-2 5.26377E-2 5.59354E-2 1.70881E-1 2.75466E-1 3.04417E-1 3.35684E-1 3.15745E-1 3.36748E-1 3.92251E-1 4.29704E-1 4.52946E-1 4.41157E-1 4.2845E-1 4.16771E-1 4.29518E-1 4.45808E-1
7.77134E-1 7.9017E-1 7.45582E-1 6.14795E-1 5.92771E-1 3.89894E-1 2.29E-1 2.95037E-1 1.79768E-1 9.3239E-2 1.46923E-1 1.41681E-1 3.83629E-2 1.83654E-2 1.05468E-2 1.02251E-2 1.05168E-2 1.30661E-2 1.25893E-2 3.3133E-2 3.65316E-2 2.60455E-2 3.30627E-2 2.8832E-2 2.99407E-2 3.33448E-2 4.08133E-2 4.29816E-2 4.40538E-2 4.2196E-2 3.63947E-2 4.63466E-2 4.18353E-2 5.60395E-2 7.50574E-2 8.01687E-2 8.26973E-2 7.57027E-2 6.30749E-2 7.20182E-2 6.69145E-2 5.17587E-2 2.80998E-2 2.9869E-2 6.66185E-2 8.37162E-2 8.3842E-2 1.96711E-1 2.79218E-1 2.93015E-1 3.23243E-1 2.18504E-1 2.11631E-1 2.99953E-1 4.25625E-1 4.20735E-1 4.27512E-1 4.38525E-1 4.29204E-1 4.34579E-1 4.51502E-1
