maxent_outputs/bumblebees/bombus_174.asc
ncols         426
nrows         180
xllcorner     -130.0
yllcorner     24.0
cellsize      0.16666666666666666
NODATA_value  -9999
[rows 0 to 26 of 180, columns 305 to 365 of 426]
4.89278E-1 4.64943E-1 4.59452E-1 4.4387E-1 4.28835E-1 4.22981E-1 4.19244E-1 4.18949E-1 4.22055E-1 4.26379E-1 4.29173E-1 4.28877E-1 4.31406E-1 4.42683E-1 4.52911E-1 4.73214E-1 4.7225E-1 4.53153E-1 4.43071E-1 4.43969E-1 4.56643E-1 4.8339E-1 4.92761E-1 4.91646E-1 4.79704E-1 4.58178E-1 4.58069E-1 4.6248E-1 4.68068E-1 4.51707E-1 4.47638E-1 4.58389E-1 4.42763E-1 4.589E-1 4.92654E-1 4.8334E-1 4.77758E-1 4.50925E-1 4.39563E-1 4.41953E-1 4.34844E-1 4.38757E-1 4.38857E-1 4.43206E-1 4.36956E-1 4.34164E-1 4.36753E-1 4.41226E-1 4.37113E-1 4.35996E-1 4.40752E-1 4.42011E-1 4.40732E-1 4.46633E-1 4.50303E-1 4.4644E-1 4.54602E-1 4.50629E-1 4.45252E-1 4.48101E-1 4.54915E-1
5.03756E-1 4.7183E-1 4.70184E-1 4.55878E-1 4.46597E-1 4.37667E-1 4.33814E-1 4.37188E-1 4.32827E-1 4.47208E-1 4.82375E-1 4.98845E-1 4.93974E-1 4.99674E-1 4.89491E-1 4.60518E-1 4.61795E-1 4.57239E-1 4.62357E-1 4.83389E-1 4.93347E-1 5.01531E-1 5.07587E-1 5.01554E-1 4.96555E-1 4.97358E-1 4.76139E-1 4.62795E-1 4.58496E-1 4.58945E-1 4.56454E-1 4.54089E-1 4.46908E-1 4.44348E-1 4.44022E-1 4.45672E-1 4.40932E-1 4.38216E-1 4.39847E-1 4.37446E-1 4.35213E-1 4.40353E-1 4.3494E-1 4.346E-1 4.37052E-1 4.33887E-1 4.36171E-1 4.38065E-1 4.35779E-1 4.34645E-1 4.34089E-1 4.41161E-1 4.45548E-1 4.49111E-1 4.44933E-1 4.43109E-1 4.42432E-1 4.44023E-1 4.44678E-1 4.4964E-1 4.51971E-1
5.37383E-1 4.75083E-1 4.58757E-1 4.42007E-1 4.39703E-1 4.33256E-1 4.33581E-1 4.36662E-1 4.33457E-1 4.36079E-1 4.76606E-1 4.84231E-1 4.87579E-1 4.80761E-1 4.70848E-1 4.75548E-1 4.65743E-1 4.53118E-1 4.43054E-1 4.57638E-1 4.88902E-1 4.76672E-1 4.70541E-1 4.60295E-1 4.54846E-1 4.62852E-1 4.57924E-1 4.61926E-1 4.59711E-1 4.59075E-1 4.50423E-1 4.45853E-1 4.45399E-1 4.47432E-1 4.44589E-1 4.42017E-1 4.39252E-1 4.37012E-1 4.39052E-1 4.41455E-1 4.40485E-1 4.39424E-1 4.40211E-1 4.46089E-1 4.42762E-1 4.34096E-1 4.32894E-1 4.33893E-1 4.41397E-1 4.40027E-1 4.35161E-1 4.39896E-1 4.38331E-1 4.43594E-1 4.47689E-1 4.43931E-1 4.43221E-1 4.47219E-1 4.46562E-1 4.50644E-1 4.49765E-1
5.00285E-1 4.8088E-1 4.60941E-1 4.45099E-1 4.37321E-1 4.30466E-1 4.42304E-1 4.46742E-1 4.30876E-1 4.32417E-1 4.39581E-1 4.37813E-1 4.4106E-1 4.44553E-1 4.52332E-1 4.63315E-1 4.48842E-1 4.4146E-1 4.45456E-1 4.60746E-1 4.63184E-1 4.56222E-1 4.55258E-1 4.48271E-1 4.49621E-1 4.55479E-1 4.55082E-1 4.57235E-1 4.55128E-1 4.54096E-1 4.59596E-1 4.54325E-1 4.48183E-1 4.47796E-1 4.44901E-1 4.48987E-1 4.48751E-1 4.56241E-1 4.43574E-1 4.42175E-1 4.47136E-1 4.45829E-1 4.39873E-1 4.44379E-1 4.39329E-1 4.34878E-1 4.35329E-1 4.32356E-1 4.33223E-1 4.36127E-1 4.34619E-1 4.36442E-1 4.39775E-1 4.39871E-1 4.43861E-1 4.4577E-1 4.46118E-1 4.47978E-1 4.50267E-1 4.49755E-1 4.58499E-1
6.48594E-1 4.84951E-1 4.59291E-1 4.45913E-1 4.33157E-1 4.23808E-1 4.22925E-1 4.33414E-1 4.29369E-1 4.35948E-1 4.32305E-1 4.29134E-1 4.38866E-1 4.5299E-1 4.70519E-1 4.5233E-1 4.48829E-1 4.50352E-1 4.5042E-1 4.50784E-1 4.52362E-1 4.52838E-1 4.56968E-1 4.56254E-1 4.56525E-1 4.63289E-1 4.6974E-1 4.5766E-1 4.57657E-1 4.55666E-1 4.52235E-1 4.54269E-1 4.56371E-1 4.53355E-1 4.505E-1 4.48931E-1 4.49536E-1 4.50362E-1 4.43876E-1 4.44516E-1 4.45759E-1 4.43852E-1 4.40965E-1 4.41223E-1 4.39282E-1 4.38134E-1 4.36162E-1 4.34103E-1 4.34431E-1 4.41532E-1 4.38424E-1 4.36938E-1 4.41336E-1 4.41943E-1 4.46241E-1 4.49617E-1 4.54658E-1 4.54009E-1 4.55124E-1 4.59903E-1 4.58931E-1
6.53386E-1 4.92426E-1 4.65172E-1 4.46691E-1 4.391E-1 4.36359E-1 4.2448E-1 4.26072E-1 4.28851E-1 4.29416E-1 4.29264E-1 4.3516E-1 4.36641E-1 4.60659E-1 4.5981E-1 4.53881E-1 4.48522E-1 4.51137E-1 4.52063E-1 4.51668E-1 4.55136E-1 4.56537E-1 4.59447E-1 4.61626E-1 4.58968E-1 4.61859E-1 4.6031E-1 4.61641E-1 4.60727E-1 4.59298E-1 4.55985E-1 4.56008E-1 4.5384E-1 4.52806E-1 4.50123E-1 4.53273E-1 4.50539E-1 4.48469E-1 4.49955E-1 4.52834E-1 4.47757E-1 4.46923E-1 4.45382E-1 4.42348E-1 4.42735E-1 4.44975E-1 4.43212E-1 4.43631E-1 4.51655E-1 4.48994E-1 4.42946E-1 4.40703E-1 4.41457E-1 4.47265E-1 4.50289E-1 4.60265E-1 4.57273E-1 4.54902E-1 4.56705E-1 4.56756E-1 4.64293E-1
8.27179E-1 5.45551E-1 4.84156E-1 4.57305E-1 4.31389E-1 4.27782E-1 4.25595E-1 4.27692E-1 4.30625E-1 4.33611E-1 4.40389E-1 4.37439E-1 4.50113E-1 4.58217E-1 4.61432E-1 4.53916E-1 4.56051E-1 4.60226E-1 4.60336E-1 4.56533E-1 4.58325E-1 4.60891E-1 4.62333E-1 4.64944E-1 4.6242E-1 4.61087E-1 4.62687E-1 4.61307E-1 4.61286E-1 4.61827E-1 4.58488E-1 4.58709E-1 4.5987E-1 4.6071E-1 4.59864E-1 4.5951E-1 4.57582E-1 4.57363E-1 4.56249E-1 4.52844E-1 4.54671E-1 4.54011E-1 4.5622E-1 4.54265E-1 4.50802E-1 4.55592E-1 4.48043E-1 4.42143E-1 4.44881E-1 4.44201E-1 4.55549E-1 4.68244E-1 4.53788E-1 4.54077E-1 4.57674E-1 4.58623E-1 4.57348E-1 4.5993E-1 4.61532E-1 4.59486E-1 4.69372E-1
8.92291E-1 5.92848E-1 4.89791E-1 4.54366E-1 4.39394E-1 4.32826E-1 4.28443E-1 4.31299E-1 4.31729E-1 4.58962E-1 4.54514E-1 4.4802E-1 4.50883E-1 4.52417E-1 4.59933E-1 4.64782E-1 4.65319E-1 4.66242E-1 4.67202E-1 4.60062E-1 4.60748E-1 4.62438E-1 4.66563E-1 4.69913E-1 4.69577E-1 4.72019E-1 4.69594E-1 4.67893E-1 4.6703E-1 4.67663E-1 4.66312E-1 4.6591E-1 4.64801E-1 4.64579E-1 4.62965E-1 4.63965E-1 4.62504E-1 4.61212E-1 4.58155E-1 4.56499E-1 4.55916E-1 4.53528E-1 4.56364E-1 4.54522E-1 4.54389E-1 4.51969E-1 4.46054E-1 4.47816E-1 4.45039E-1 4.50148E-1 4.58831E-1 4.62275E-1 4.54931E-1 4.50583E-1 4.52275E-1 4.55401E-1 4.57078E-1 4.58824E-1 4.61045E-1 4.65931E-1 4.69807E-1
8.80934E-1 8.84703E-1 5.06315E-1 4.76329E-1 4.53896E-1 4.46006E-1 4.42794E-1 4.36551E-1 4.41086E-1 4.43359E-1 4.44497E-1 4.48256E-1 4.52206E-1 4.50047E-1 4.49714E-1 4.74064E-1 4.74092E-1 4.83268E-1 4.72629E-1 4.65679E-1 4.64486E-1 4.70607E-1 4.72443E-1 4.75218E-1 4.75469E-1 4.7841E-1 4.77919E-1 4.75086E-1 4.7244E-1 4.74214E-1 4.74822E-1 4.72644E-1 4.6747E-1 4.67327E-1 4.71068E-1 4.70416E-1 4.69669E-1 4.70743E-1 4.69953E-1 4.63614E-1 4.57857E-1 4.57295E-1 4.57692E-1 4.55966E-1 4.53522E-1 4.52233E-1 4.51144E-1 4.46612E-1 4.48545E-1 4.46279E-1 4.49661E-1 4.48817E-1 4.50734E-1 4.56305E-1 4.53657E-1 4.53927E-1 4.55257E-1 4.59327E-1 4.62869E-1 4.68581E-1 4.68508E-1
8.92867E-1 -9999 5.61964E-1 4.96119E-1 4.67759E-1 4.5458E-1 4.50841E-1 4.45529E-1 4.50509E-1 4.52969E-1 4.55347E-1 4.48777E-1 4.51986E-1 4.54744E-1 4.66373E-1 4.8001E-1 4.79285E-1 4.73112E-1 4.66638E-1 4.66607E-1 4.6814E-1 4.74024E-1 4.74199E-1 4.75244E-1 4.77242E-1 4.79497E-1 4.77754E-1 4.77334E-1 4.80573E-1 4.83931E-1 4.81946E-1 4.7548E-1 4.72322E-1 4.7566E-1 4.75497E-1 4.7656E-1 4.75055E-1 4.71978E-1 4.71188E-1 4.67977E-1 4.67631E-1 4.63992E-1 4.62604E-1 4.62191E-1 4.61518E-1 4.59879E-1 4.56575E-1 4.55263E-1 4.55237E-1 4.65338E-1 4.61268E-1 4.64459E-1 4.63391E-1 4.64409E-1 4.59063E-1 4.57682E-1 4.60292E-1 4.6456E-1 4.67651E-1 4.72759E-1 4.80831E-1
8.94674E-1 -9999 -9999 4.93635E-1 4.71764E-1 4.53541E-1 4.47574E-1 4.5055E-1 4.56196E-1 4.56536E-1 4.51996E-1 4.53454E-1 4.51453E-1 4.54231E-1 4.57604E-1 4.68581E-1 4.66175E-1 4.63831E-1 4.64771E-1 4.67623E-1 4.73435E-1 4.7929E-1 4.82773E-1 4.81019E-1 4.7869E-1 4.78979E-1 4.85977E-1 4.84562E-1 4.80723E-1 4.8151E-1 4.76144E-1 4.76895E-1 4.82274E-1 4.81119E-1 4.792E-1 4.76315E-1 4.75005E-1 4.75309E-1 4.75217E-1 4.74964E-1 4.72487E-1 4.75974E-1 4.74189E-1 4.75961E-1 4.7115E-1 4.67025E-1 4.66468E-1 4.66593E-1 4.62007E-1 4.58777E-1 4.60475E-1 4.64423E-1 4.60557E-1 4.5891E-1 4.59292E-1 4.62457E-1 4.6385E-1 4.68981E-1 4.7037E-1 4.79288E-1 4.84761E-1
5.13313E-1 6.74142E-1 5.11501E-1 4.76835E-1 4.62597E-1 4.60303E-1 4.55424E-1 4.60476E-1 4.602E-1 4.55865E-1 4.5519E-1 4.52502E-1 4.61284E-1 4.60999E-1 4.60848E-1 4.59843E-1 4.60491E-1 4.63803E-1 4.73192E-1 4.74324E-1 4.82107E-1 4.76629E-1 4.76495E-1 4.80522E-1 4.83533E-1 4.88117E-1 4.87293E-1 4.84744E-1 4.86414E-1 4.84512E-1 4.84429E-1 4.83052E-1 4.8248E-1 4.82738E-1 4.82561E-1 4.83979E-1 4.82376E-1 4.81282E-1 4.81428E-1 4.85563E-1 4.84836E-1 4.84338E-1 4.8612E-1 4.83866E-1 4.6851E-1 4.6597E-1 4.60217E-1 4.60205E-1 4.57265E-1 4.58024E-1 4.59661E-1 4.59497E-1 4.6116E-1 4.57685E-1 4.65524E-1 4.66161E-1 4.74615E-1 4.7592E-1 4.77348E-1 4.80789E-1 4.87103E-1
8.83612E-1 5.04989E-1 4.8118E-1 4.70196E-1 4.63247E-1 4.62193E-1 4.59223E-1 4.59004E-1 4.58184E-1 4.56444E-1 4.59636E-1 4.55774E-1 4.57609E-1 4.61744E-1 4.58466E-1 4.61154E-1 4.63145E-1 4.62926E-1 4.69093E-1 4.79365E-1 4.83562E-1 4.84165E-1 4.8526E-1 4.87771E-1 4.86537E-1 4.88575E-1 4.90534E-1 4.91021E-1 4.87655E-1 4.86783E-1 4.84429E-1 4.8647E-1 4.85816E-1 4.87727E-1 4.87074E-1 4.86927E-1 4.86577E-1 4.87814E-1 4.99124E-1 4.97209E-1 4.95694E-1 4.95664E-1 4.85322E-1 4.74264E-1 4.70369E-1 4.65286E-1 4.59474E-1 4.61764E-1 4.58438E-1 4.56465E-1 4.67081E-1 4.65923E-1 4.65151E-1 4.68303E-1 4.63755E-1 4.72878E-1 4.75865E-1 4.74426E-1 4.81333E-1 4.8325E-1 4.91966E-1
5.9962E-1 4.85097E-1 4.78553E-1 4.71141E-1 4.69735E-1 4.6279E-1 4.635E-1 4.65325E-1 4.64299E-1 4.63832E-1 4.62666E-1 4.61012E-1 4.68328E-1 4.67738E-1 4.67133E-1 4.68886E-1 4.68228E-1 4.68743E-1 4.70156E-1 4.78279E-1 4.80794E-1 4.83368E-1 4.85528E-1 4.92212E-1 4.96296E-1 4.92386E-1 4.94215E-1 4.93305E-1 4.92563E-1 4.92187E-1 4.92505E-1 4.93908E-1 4.97957E-1 4.9599E-1 4.90947E-1 4.91701E-1 4.95968E-1 5.04333E-1 5.16461E-1 5.09652E-1 5.03316E-1 4.9469E-1 4.82612E-1 4.72483E-1 4.67055E-1 4.67222E-1 4.63683E-1 4.59545E-1 4.58771E-1 4.56858E-1 4.56482E-1 4.6016E-1 4.61528E-1 4.71918E-1 4.97792E-1 4.72538E-1 4.76315E-1 4.8227E-1 4.86489E-1 4.91242E-1 5.01353E-1
5.51225E-1 4.8737E-1 4.86364E-1 4.72221E-1 4.72483E-1 4.68306E-1 4.67561E-1 4.6968E-1 4.70957E-1 4.70196E-1 4.70161E-1 4.73262E-1 4.73813E-1 4.74506E-1 4.73169E-1 4.72387E-1 4.74961E-1 4.73087E-1 4.77322E-1 4.86065E-1 4.80833E-1 4.84507E-1 4.87364E-1 4.92698E-1 4.95034E-1 4.95533E-1 4.97187E-1 4.96796E-1 4.98871E-1 4.97996E-1 4.99406E-1 5.00146E-1 5.00013E-1 4.96962E-1 4.9838E-1 4.92612E-1 4.99812E-1 5.09978E-1 5.04055E-1 5.00124E-1 4.91295E-1 4.84326E-1 4.80091E-1 4.78741E-1 4.73933E-1 4.66911E-1 4.63707E-1 4.61166E-1 4.62764E-1 4.65054E-1 4.64795E-1 4.69702E-1 4.69306E-1 4.69329E-1 4.84816E-1 4.71795E-1 4.75276E-1 4.84344E-1 4.85841E-1 4.9655E-1 5.41237E-1
4.82048E-1 5.16209E-1 4.84515E-1 4.83464E-1 4.80058E-1 4.78782E-1 4.78564E-1 4.76728E-1 4.80065E-1 4.73367E-1 4.77776E-1 4.77583E-1 4.74336E-1 4.79587E-1 4.81872E-1 4.76101E-1 4.78926E-1 4.80755E-1 4.81766E-1 4.85195E-1 4.8683E-1 4.89064E-1 4.93125E-1 5.04987E-1 5.06207E-1 5.05427E-1 5.03143E-1 5.02512E-1 5.03267E-1 5.03531E-1 5.02583E-1 5.03622E-1 5.08578E-1 5.02119E-1 5.03567E-1 4.98422E-1 5.14371E-1 5.10822E-1 5.00186E-1 4.99009E-1 4.91293E-1 4.89266E-1 4.89406E-1 4.85611E-1 4.81082E-1 4.75625E-1 4.72766E-1 4.61984E-1 4.63894E-1 4.61687E-1 4.66455E-1 4.76227E-1 4.78142E-1 4.70845E-1 4.70452E-1 4.74572E-1 4.77302E-1 4.85937E-1 4.91559E-1 5.01927E-1 5.42358E-1
4.81684E-1 4.88722E-1 4.86166E-1 4.86061E-1 4.86039E-1 4.85693E-1 4.84078E-1 4.80725E-1 4.82822E-1 4.90825E-1 4.86256E-1 4.84944E-1 4.83759E-1 4.85273E-1 4.81025E-1 4.82711E-1 4.86389E-1 4.86468E-1 4.87461E-1 4.92218E-1 4.92008E-1 4.94698E-1 4.97437E-1 5.02589E-1 5.03618E-1 5.00491E-1 5.04742E-1 5.08979E-1 5.12228E-1 5.09476E-1 5.07823E-1 5.04682E-1 5.10159E-1 5.062E-1 5.30458E-1 5.71646E-1 5.6235E-1 5.39857E-1 5.20523E-1 5.01891E-1 4.96857E-1 4.94961E-1 4.90388E-1 4.94611E-1 4.87642E-1 4.77635E-1 4.71045E-1 4.67729E-1 4.64332E-1 4.65359E-1 4.6653E-1 4.74779E-1 4.89274E-1 4.87276E-1 4.77625E-1 4.80708E-1 4.84571E-1 4.8777E-1 4.93831E-1 5.00481E-1 5.27286E-1
4.78565E-1 4.79909E-1 4.85745E-1 4.85372E-1 4.83968E-1 4.84632E-1 4.80807E-1 4.83281E-1 4.91075E-1 4.9351E-1 4.86992E-1 4.8489E-1 4.88328E-1 4.87189E-1 4.82242E-1 4.86531E-1 4.90901E-1 4.92478E-1 4.87964E-1 4.91965E-1 4.89188E-1 4.92698E-1 5.03462E-1 4.98622E-1 4.98868E-1 5.03145E-1 5.05062E-1 5.0683E-1 5.09896E-1 5.12647E-1 5.13175E-1 5.15078E-1 5.21153E-1 5.60993E-1 5.90276E-1 5.55794E-1 5.38195E-1 5.28704E-1 5.15845E-1 5.08786E-1 5.0472E-1 5.02116E-1 4.96903E-1 4.9522E-1 4.84848E-1 4.79451E-1 4.6994E-1 4.70397E-1 4.69406E-1 4.68891E-1 4.6596E-1 4.71579E-1 4.80525E-1 4.87391E-1 4.85191E-1 4.87466E-1 4.89113E-1 4.93138E-1 5.02811E-1 4.98971E-1 5.03672E-1
4.7479E-1 4.75427E-1 4.78455E-1 4.80778E-1 4.83319E-1 4.87254E-1 4.89599E-1 4.95397E-1 5.00976E-1 4.9668E-1 4.95909E-1 4.96826E-1 5.02638E-1 5.07927E-1 4.95897E-1 4.94385E-1 4.92637E-1 4.9909E-1 4.97013E-1 4.92051E-1 4.92504E-1 4.95011E-1 4.98819E-1 5.05854E-1 5.04756E-1 5.0606E-1 5.08413E-1 5.19398E-1 5.18475E-1 5.1867E-1 5.16769E-1 5.31161E-1 5.97247E-1 5.94821E-1 5.50207E-1 5.345E-1 5.14307E-1 5.11548E-1 5.15522E-1 5.21689E-1 5.11909E-1 5.0047E-1 4.94032E-1 4.90956E-1 4.855E-1 4.78089E-1 4.70786E-1 4.65633E-1 4.67387E-1 4.73369E-1 4.70551E-1 4.68898E-1 4.83039E-1 4.85159E-1 4.87008E-1 4.97054E-1 5.02757E-1 4.99848E-1 5.00933E-1 5.02018E-1 5.03797E-1
4.70757E-1 4.71944E-1 4.75116E-1 4.78499E-1 4.82305E-1 4.87286E-1 4.90653E-1 4.96188E-1 4.94697E-1 4.93303E-1 4.969E-1 4.96253E-1 5.00637E-1 5.04415E-1 4.95028E-1 4.94946E-1 4.99671E-1 4.94185E-1 4.887E-1 4.90522E-1 4.89376E-1 4.92966E-1 4.93606E-1 5.01863E-1 5.05215E-1 5.10322E-1 5.15138E-1 5.21963E-1 5.19458E-1 5.2242E-1 5.26978E-1 5.77884E-1 5.92801E-1 5.40631E-1 5.30073E-1 5.24427E-1 5.19062E-1 5.15683E-1 5.15333E-1 5.09263E-1 5.03918E-1 4.95848E-1 4.91976E-1 4.88133E-1 4.81424E-1 4.76534E-1 4.76285E-1 4.71869E-1 4.69743E-1 4.87717E-1 4.89891E-1 4.82909E-1 4.80651E-1 4.94866E-1 4.95294E-1 5.03106E-1 5.0064E-1 4.98319E-1 4.99673E-1 4.98591E-1 5.05393E-1
4.7311E-1 4.74587E-1 4.75621E-1 4.82517E-1 4.8621E-1 4.91199E-1 4.94232E-1 4.95371E-1 4.97082E-1 4.95159E-1 4.9552E-1 4.95228E-1 4.98437E-1 4.94031E-1 4.97666E-1 5.01429E-1 4.97107E-1 4.88733E-1 4.91346E-1 4.95592E-1 4.93133E-1 4.95286E-1 5.01025E-1 5.05165E-1 5.03401E-1 5.1218E-1 5.13856E-1 5.20076E-1 5.25312E-1 5.25293E-1 5.31746E-1 5.83473E-1 5.40758E-1 5.27377E-1 5.29895E-1 5.28324E-1 5.22716E-1 5.1905E-1 5.19424E-1 5.10287E-1 5.03118E-1 5.00333E-1 4.92712E-1 4.87387E-1 4.844E-1 4.77008E-1 4.73505E-1 4.7344E-1 4.73028E-1 4.78907E-1 4.95493E-1 4.89009E-1 4.79519E-1 4.84098E-1 4.91961E-1 5.05617E-1 5.10939E-1 5.00254E-1 5.02384E-1 5.04918E-1 5.03561E-1
4.7235E-1 4.72547E-1 4.73538E-1 4.81547E-1 4.8786E-1 4.92258E-1 4.94485E-1 4.95921E-1 4.99894E-1 4.94388E-1 4.91647E-1 4.97868E-1 4.97659E-1 5.00044E-1 4.96251E-1 4.91332E-1 4.91423E-1 4.90755E-1 4.92651E-1 4.92101E-1 4.90998E-1 4.90378E-1 4.97879E-1 5.04813E-1 5.03777E-1 5.1391E-1 5.15045E-1 5.20722E-1 5.25422E-1 5.3112E-1 5.33205E-1 5.49703E-1 5.39656E-1 5.30011E-1 5.25502E-1 5.25292E-1 5.24391E-1 5.22588E-1 5.18509E-1 5.11277E-1 5.03386E-1 4.99944E-1 4.96194E-1 4.96408E-1 4.93708E-1 4.85143E-1 4.74869E-1 4.72643E-1 4.72801E-1 4.77047E-1 4.79475E-1 4.78077E-1 4.86844E-1 4.89944E-1 4.89395E-1 5.01306E-1 5.08446E-1 5.0443E-1 5.06158E-1 5.26645E-1 5.16536E-1
4.74062E-1 4.75803E-1 4.78358E-1 4.83768E-1 4.8553E-1 4.91811E-1 4.92195E-1 4.94115E-1 4.9725E-1 4.98734E-1 5.03457E-1 4.95707E-1 4.95124E-1 5.01869E-1 4.98873E-1 4.8952E-1 4.90578E-1 4.90194E-1 4.87331E-1 4.88803E-1 4.89097E-1 4.91698E-1 4.9259E-1 5.0154E-1 5.00528E-1 5.06091E-1 5.09204E-1 5.1371E-1 5.19287E-1 5.24749E-1 5.31308E-1 5.46495E-1 5.35626E-1 5.29881E-1 5.27843E-1 5.25173E-1 5.23366E-1 5.24358E-1 5.14668E-1 5.09465E-1 5.08551E-1 5.00005E-1 4.94832E-1 4.93679E-1 4.95216E-1 4.87153E-1 4.8096E-1 4.96383E-1 4.79126E-1 4.80604E-1 4.79272E-1 4.83961E-1 4.84734E-1 4.94065E-1 4.98348E-1 5.02171E-1 5.08467E-1 5.08525E-1 5.19644E-1 5.52884E-1 5.41866E-1
4.77689E-1 4.78553E-1 4.7951E-1 4.83702E-1 4.85952E-1 4.88698E-1 4.90514E-1 4.96398E-1 4.98869E-1 4.97742E-1 5.03424E-1 4.96458E-1 4.94033E-1 4.99519E-1 4.938E-1 4.88758E-1 4.87121E-1 4.86318E-1 4.83395E-1 4.84666E-1 4.85643E-1 4.896E-1 4.94378E-1 4.95609E-1 4.97832E-1 4.98104E-1 5.03187E-1 5.10215E-1 5.1829E-1 5.22132E-1 5.40104E-1 5.38935E-1 5.31588E-1 5.32788E-1 5.26527E-1 5.23284E-1 5.23307E-1 5.20259E-1 5.15361E-1 5.13195E-1 5.10842E-1 5.04497E-1 4.94346E-1 4.94203E-1 4.90339E-1 4.87012E-1 4.82678E-1 5.11118E-1 4.85526E-1 4.81703E-1 4.83636E-1 4.90679E-1 4.92575E-1 5.02395E-1 5.09351E-1 5.0469E-1 5.09147E-1 5.19433E-1 5.24151E-1 5.38353E-1 5.81153E-1
4.72198E-1 4.74154E-1 4.75444E-1 4.79489E-1 4.84319E-1 4.91801E-1 5.00607E-1 4.98426E-1 5.08195E-1 5.06574E-1 5.04378E-1 5.0306E-1 4.94515E-1 4.93767E-1 4.92504E-1 4.9449E-1 4.8414E-1 4.82158E-1 4.85476E-1 4.84583E-1 4.84337E-1 4.93541E-1 4.92402E-1 4.92719E-1 4.94287E-1 5.02473E-1 5.03333E-1 5.08441E-1 5.15185E-1 5.3983E-1 5.43177E-1 5.26966E-1 5.28547E-1 5.25596E-1 5.25085E-1 5.21974E-1 5.22388E-1 5.19095E-1 5.16429E-1 5.14274E-1 5.12882E-1 5.10646E-1 4.97694E-1 4.93733E-1 4.91869E-1 4.90833E-1 4.85813E-1 5.0456E-1 4.9235E-1 4.99404E-1 4.96349E-1 4.94079E-1 5.09251E-1 5.14979E-1 5.13087E-1 5.10853E-1 5.19356E-1 5.24484E-1 5.33482E-1 5.46691E-1 5.90812E-1
4.70564E-1 4.74162E-1 4.75928E-1 4.78036E-1 4.77897E-1 4.83538E-1 4.90716E-1 4.99453E-1 5.03423E-1 5.05036E-1 5.01631E-1 5.0318E-1 4.94184E-1 4.96847E-1 5.04522E-1 4.82897E-1 4.82341E-1 4.81051E-1 4.86657E-1 4.83805E-1 4.84683E-1 4.85691E-1 4.88603E-1 4.91462E-1 4.88155E-1 4.93132E-1 5.03004E-1 5.07252E-1 5.12775E-1 5.30354E-1 5.2358E-1 5.22327E-1 5.2373E-1 5.2341E-1 5.23121E-1 5.26282E-1 5.22113E-1 5.21708E-1 5.15409E-1 5.1264E-1 5.12072E-1 5.09303E-1 5.03745E-1 4.99203E-1 4.9376E-1 4.93492E-1 4.93838E-1 4.94962E-1 5.00714E-1 5.01535E-1 5.00179E-1 5.06524E-1 5.24891E-1 5.36194E-1 5.29193E-1 5.24854E-1 5.26421E-1 5.4338E-1 5.4768E-1 5.58514E-1 5.71342E-1
4.76974E-1 4.72484E-1 4.74303E-1 4.75659E-1 4.77517E-1 4.79444E-1 4.87808E-1 4.97527E-1 4.99291E-1 4.96151E-1 4.96757E-1 4.92136E-1 4.90626E-1 4.8872E-1 4.81549E-1 4.88429E-1 5.01539E-1 4.80916E-1 4.82168E-1 4.89235E-1 4.89139E-1 4.8858E-1 4.89384E-1 4.91042E-1 4.91623E-1 4.94607E-1 4.9821E-1 5.0812E-1 5.15617E-1 5.13888E-1 5.14664E-1 5.16853E-1 5.1521E-1 5.2001E-1 5.21775E-1 5.21797E-1 5.23958E-1 5.15838E-1 5.13842E-1 5.10838E-1 5.09615E-1 5.03774E-1 5.0719E-1 5.04416E-1 5.03053E-1 5.01346E-1 5.03517E-1 5.05527E-1 5.06226E-1 5.12967E-1 5.1707E-1 5.31644E-1 5.73286E-1 5.47214E-1 5.59516E-1 5.44213E-1 5.38553E-1 5.50812E-1 5.51681E-1 5.68655E-1 5.82222E-1
