maxent_outputs/bumblebees/bombus_334.asc
ncols         426
nrows         180
xllcorner     -130.0
yllcorner     24.0
cellsize      0.16666666666666666
NODATA_value  -9999
[rows 81 to 107 of 180, columns 183 to 243 of 426]
9.99117E-2 1.01738E-1 1.03376E-1 1.0358E-1 1.06101E-1 1.12206E-1 1.17811E-1 1.20748E-1 1.22942E-1 1.24537E-1 1.2781E-1 1.28625E-1 1.29404E-1 1.31705E-1 1.36033E-1 1.39126E-1 1.34437E-1 1.35566E-1 1.42231E-1 1.48519E-1 1.49244E-1 1.54384E-1 1.59486E-1 1.66193E-1 1.58414E-1 1.54313E-1 1.59123E-1 1.54718E-1 1.55201E-1 1.61194E-1 1.65816E-1 1.65887E-1 1.67808E-1 1.70713E-1 1.77638E-1 1.80329E-1 1.75945E-1 1.77655E-1 1.77496E-1 1.80114E-1 1.8699E-1 1.78057E-1 1.77163E-1 1.79296E-1 1.80997E-1 1.86917E-1 1.95049E-1 2.04955E-1 2.14481E-1 1.95267E-1 1.98043E-1 2.04825E-1 2.03461E-1 1.96477E-1 2.02531E-1 2.11358E-1 2.16558E-1 2.25041E-1 2.05909E-1 2.00137E-1 1.94429E-1
1.04389E-1 1.03562E-1 1.03063E-1 1.05053E-1 1.07921E-1 1.10294E-1 1.15034E-1 1.19828E-1 1.261E-1 1.30361E-1 1.33336E-1 1.35808E-1 1.37997E-1 1.38648E-1 1.38042E-1 1.41433E-1 1.43845E-1 1.40345E-1 1.40407E-1 1.48757E-1 1.54626E-1 1.54874E-1 1.59658E-1 1.68947E-1 1.71758E-1 1.61377E-1 1.65523E-1 1.61158E-1 1.62293E-1 1.6655E-1 1.74184E-1 1.72745E-1 1.75925E-1 1.7519E-1 1.83756E-1 1.86842E-1 1.87872E-1 1.92696E-1 1.96901E-1 1.86395E-1 1.94662E-1 1.86208E-1 1.81177E-1 1.85948E-1 1.91462E-1 1.98772E-1 2.0241E-1 2.13337E-1 2.15655E-1 2.06793E-1 2.01022E-1 2.09042E-1 2.15697E-1 2.10941E-1 2.14606E-1 2.19585E-1 2.21634E-1 2.14325E-1 2.1055E-1 2.04798E-1 2.00927E-1
1.12558E-1 1.14918E-1 1.10505E-1 1.11564E-1 1.14361E-1 1.17528E-1 1.21827E-1 1.24695E-1 1.27719E-1 1.3001E-1 1.3449E-1 1.39819E-1 1.41967E-1 1.46331E-1 1.48232E-1 1.45417E-1 1.47646E-1 1.4986E-1 1.44337E-1 1.50531E-1 1.59398E-1 1.63101E-1 1.66629E-1 1.68677E-1 1.77999E-1 1.80086E-1 1.72198E-1 1.71125E-1 1.71906E-1 1.69153E-1 1.74781E-1 1.8089E-1 1.84298E-1 1.807E-1 1.86719E-1 1.93609E-1 1.95753E-1 2.01312E-1 2.04934E-1 1.93742E-1 1.97478E-1 1.9337E-1 1.86729E-1 1.90882E-1 1.97906E-1 2.02456E-1 2.0965E-1 2.16132E-1 2.23332E-1 2.09666E-1 2.0449E-1 2.08452E-1 2.18159E-1 2.2054E-1 2.31712E-1 2.3694E-1 2.21849E-1 2.19456E-1 2.17293E-1 2.13187E-1 2.12728E-1
1.07934E-1 1.06999E-1 1.07702E-1 1.08806E-1 1.10116E-1 1.13679E-1 1.19496E-1 1.25805E-1 1.34661E-1 1.40654E-1 1.40342E-1 1.41558E-1 1.43558E-1 1.47917E-1 1.51675E-1 1.54439E-1 1.51903E-1 1.52148E-1 1.46563E-1 1.52988E-1 1.63314E-1 1.58868E-1 1.61676E-1 1.70814E-1 1.71018E-1 1.81795E-1 1.8587E-1 1.85696E-1 1.82231E-1 1.77654E-1 1.78349E-1 1.82616E-1 1.83098E-1 1.89942E-1 1.91109E-1 1.99795E-1 2.01309E-1 2.03711E-1 2.01494E-1 2.00446E-1 2.02264E-1 1.97347E-1 1.94917E-1 1.98035E-1 2.02378E-1 2.11343E-1 2.16369E-1 2.2174E-1 2.27366E-1 2.10299E-1 2.10231E-1 2.18181E-1 2.20359E-1 2.34624E-1 2.26076E-1 2.16644E-1 2.15371E-1 2.16706E-1 2.26464E-1 2.24418E-1 2.14884E-1
1.12663E-1 1.134E-1 1.1302E-1 1.14995E-1 1.15609E-1 1.18752E-1 1.23372E-1 1.27283E-1 1.34779E-1 1.44562E-1 1.4857E-1 1.49665E-1 1.4879E-1 1.5021E-1 1.52135E-1 1.56058E-1 1.58263E-1 1.57149E-1 1.60103E-1 1.60706E-1 1.62098E-1 1.62021E-1 1.66901E-1 1.70298E-1 1.74229E-1 1.78473E-1 1.81548E-1 1.97162E-1 1.92573E-1 1.86537E-1 1.81708E-1 1.84071E-1 1.83127E-1 1.87647E-1 1.96664E-1 2.03461E-1 2.07809E-1 2.11713E-1 2.06413E-1 2.06209E-1 2.07544E-1 2.04055E-1 2.03899E-1 2.04779E-1 2.07593E-1 2.125E-1 2.18645E-1 2.2004E-1 2.27312E-1 2.27273E-1 2.21238E-1 2.18461E-1 2.27386E-1 2.37393E-1 2.25444E-1 2.21967E-1 2.19646E-1 2.21081E-1 2.26688E-1 2.35333E-1 2.29528E-1
1.15606E-1 1.17544E-1 1.18098E-1 1.20204E-1 1.24865E-1 1.28124E-1 1.33191E-1 1.36604E-1 1.41587E-1 1.47493E-1 1.53332E-1 1.56221E-1 1.58568E-1 1.57616E-1 1.55041E-1 1.55642E-1 1.55987E-1 1.65618E-1 1.60127E-1 1.61863E-1 1.6591E-1 1.67447E-1 1.77767E-1 1.82334E-1 1.79532E-1 1.84499E-1 2.01046E-1 1.94633E-1 1.97276E-1 1.96639E-1 1.9141E-1 1.88781E-1 1.90032E-1 1.92728E-1 1.99735E-1 2.0201E-1 2.07266E-1 2.20793E-1 2.14992E-1 2.1453E-1 2.15121E-1 2.18918E-1 2.12442E-1 2.11808E-1 2.11458E-1 2.1962E-1 2.24295E-1 2.27336E-1 2.28407E-1 2.412E-1 2.43909E-1 2.28374E-1 2.29873E-1 2.40469E-1 2.33545E-1 2.29732E-1 2.29512E-1 2.2729E-1 2.29759E-1 2.34224E-1 2.3799E-1
1.20614E-1 1.20849E-1 1.22005E-1 1.25293E-1 1.29112E-1 1.3451E-1 1.43873E-1 1.443E-1 1.49546E-1 1.53314E-1 1.52399E-1 1.53233E-1 1.56998E-1 1.64593E-1 1.62364E-1 1.58682E-1 1.68292E-1 1.67833E-1 1.64464E-1 1.69828E-1 1.73612E-1 1.75714E-1 1.82341E-1 1.88208E-1 1.8897E-1 1.88166E-1 2.01079E-1 2.09266E-1 2.07775E-1 2.09773E-1 2.03294E-1 1.98651E-1 2.00271E-1 2.03147E-1 2.0749E-1 2.11064E-1 2.16186E-1 2.2486E-1 2.2512E-1 2.24856E-1 2.24025E-1 2.22689E-1 2.14361E-1 2.15493E-1 2.15102E-1 2.23862E-1 2.30756E-1 2.25094E-1 2.30597E-1 2.33262E-1 2.48439E-1 2.55219E-1 2.46647E-1 2.50976E-1 2.4193E-1 2.42632E-1 2.38571E-1 2.37749E-1 2.36104E-1 2.34386E-1 2.35368E-1
1.17851E-1 1.18997E-1 1.21424E-1 1.23749E-1 1.28152E-1 1.31589E-1 1.37238E-1 1.45456E-1 1.52173E-1 1.54915E-1 1.63454E-1 1.59843E-1 1.60537E-1 1.64004E-1 1.66437E-1 1.70886E-1 1.67326E-1 1.792E-1 1.80112E-1 1.86924E-1 1.86379E-1 1.88758E-1 1.893E-1 1.94364E-1 2.06304E-1 1.95212E-1 2.05582E-1 2.12506E-1 2.17589E-1 2.11223E-1 2.1139E-1 2.14418E-1 2.11668E-1 2.17465E-1 2.18145E-1 2.20365E-1 2.26702E-1 2.26911E-1 2.23442E-1 2.34388E-1 2.27916E-1 2.26902E-1 2.24783E-1 2.1755E-1 2.15299E-1 2.20811E-1 2.22433E-1 2.25509E-1 2.31737E-1 2.37191E-1 2.3987E-1 2.50189E-1 2.62342E-1 2.5889E-1 2.49447E-1 2.49882E-1 2.50645E-1 2.48876E-1 2.44342E-1 2.43852E-1 2.41175E-1
1.20925E-1 1.23887E-1 1.28044E-1 1.32889E-1 1.35812E-1 1.4129E-1 1.45089E-1 1.50517E-1 1.53962E-1 1.60798E-1 1.68274E-1 1.69829E-1 1.67496E-1 1.67256E-1 1.68335E-1 1.76943E-1 1.76106E-1 1.73223E-1 1.75067E-1 1.8353E-1 1.91191E-1 1.99518E-1 2.04374E-1 2.077E-1 2.14946E-1 2.12541E-1 2.16859E-1 2.17545E-1 2.23142E-1 2.24457E-1 2.16278E-1 2.12245E-1 2.14237E-1 2.11672E-1 2.13549E-1 2.17523E-1 2.2259E-1 2.28544E-1 2.31416E-1 2.40904E-1 2.37991E-1 2.37836E-1 2.38175E-1 2.30066E-1 2.21206E-1 2.25117E-1 2.27038E-1 2.31522E-1 2.39015E-1 2.46796E-1 2.55498E-1 2.53125E-1 2.74522E-1 2.71493E-1 2.5535E-1 2.52336E-1 2.53129E-1 2.52115E-1 2.52464E-1 2.50995E-1 2.49447E-1
1.18969E-1 1.23242E-1 1.28903E-1 1.36456E-1 1.41392E-1 1.49585E-1 1.48783E-1 1.48477E-1 1.53224E-1 1.59923E-1 1.70207E-1 1.77945E-1 1.77177E-1 1.75714E-1 1.72988E-1 1.72895E-1 1.68779E-1 1.61381E-1 1.66946E-1 1.76173E-1 1.77294E-1 1.90013E-1 1.99681E-1 2.03842E-1 2.13265E-1 2.19057E-1 2.21469E-1 2.19496E-1 2.13918E-1 2.18597E-1 2.11922E-1 2.08208E-1 2.0705E-1 2.06981E-1 2.12028E-1 2.22415E-1 2.28215E-1 2.29155E-1 2.37587E-1 2.40287E-1 2.42604E-1 2.48682E-1 2.51811E-1 2.38288E-1 2.3278E-1 2.3534E-1 2.44233E-1 2.51399E-1 2.43486E-1 2.49568E-1 2.58117E-1 2.69745E-1 2.78238E-1 2.88941E-1 2.85337E-1 2.81418E-1 2.7508E-1 2.68671E-1 2.61474E-1 2.5851E-1 2.56887E-1
1.22663E-1 1.28085E-1 1.34173E-1 1.38149E-1 1.40445E-1 1.4451E-1 1.47117E-1 1.48737E-1 1.50214E-1 1.56701E-1 1.70445E-1 1.76815E-1 1.74471E-1 1.73523E-1 1.69302E-1 1.67624E-1 1.61352E-1 1.63403E-1 1.66275E-1 1.68875E-1 1.79776E-1 1.88592E-1 1.95164E-1 2.01595E-1 2.05278E-1 2.13569E-1 2.13745E-1 2.18709E-1 2.12704E-1 2.13234E-1 2.10712E-1 2.11892E-1 2.11192E-1 2.10351E-1 2.14695E-1 2.24081E-1 2.23114E-1 2.27335E-1 2.37797E-1 2.39585E-1 2.38248E-1 2.47115E-1 2.59641E-1 2.53382E-1 2.47727E-1 2.54405E-1 2.60213E-1 2.65501E-1 2.70656E-1 2.66978E-1 2.68773E-1 2.70057E-1 2.80636E-1 2.89058E-1 2.93374E-1 2.98463E-1 2.97258E-1 2.80154E-1 2.74474E-1 2.68601E-1 2.65233E-1
1.23751E-1 1.27602E-1 1.31673E-1 1.35275E-1 1.40306E-1 1.42623E-1 1.41682E-1 1.45595E-1 1.52705E-1 1.60466E-1 1.68437E-1 1.72349E-1 1.74037E-1 1.6992E-1 1.67182E-1 1.64591E-1 1.66626E-1 1.68535E-1 1.76941E-1 1.79304E-1 1.85886E-1 1.91248E-1 1.9658E-1 2.04985E-1 2.12004E-1 2.19168E-1 2.22126E-1 2.26353E-1 2.21142E-1 2.19176E-1 2.23713E-1 2.17728E-1 2.1685E-1 2.14941E-1 2.15125E-1 2.20298E-1 2.19354E-1 2.25322E-1 2.382E-1 2.47629E-1 2.42102E-1 2.48779E-1 2.57457E-1 2.62529E-1 2.64056E-1 2.67367E-1 2.64919E-1 2.73199E-1 2.67637E-1 2.76222E-1 2.84372E-1 2.8939E-1 2.95533E-1 2.95311E-1 3.03851E-1 3.08069E-1 3.00781E-1 2.90876E-1 2.84418E-1 2.80516E-1 2.78799E-1
1.26002E-1 1.30274E-1 1.34631E-1 1.41101E-1 1.51002E-1 1.5212E-1 1.502E-1 1.51792E-1 1.54007E-1 1.58148E-1 1.6585E-1 1.67598E-1 1.68437E-1 1.72134E-1 1.75868E-1 1.70562E-1 1.78594E-1 1.84215E-1 1.86757E-1 1.92104E-1 1.92481E-1 1.93695E-1 1.9603E-1 1.99046E-1 2.09307E-1 2.20196E-1 2.27472E-1 2.30306E-1 2.31936E-1 2.28272E-1 2.29148E-1 2.26446E-1 2.25516E-1 2.31809E-1 2.30047E-1 2.33569E-1 2.28983E-1 2.32005E-1 2.37847E-1 2.47094E-1 2.50448E-1 2.52333E-1 2.61128E-1 2.68606E-1 2.66835E-1 2.65333E-1 2.70197E-1 2.71892E-1 2.65361E-1 2.74099E-1 2.82586E-1 2.89316E-1 2.99433E-1 3.00965E-1 3.0903E-1 3.07435E-1 2.92592E-1 2.99985E-1 3.00313E-1 2.93441E-1 2.83336E-1
1.28437E-1 1.32411E-1 1.40055E-1 1.46294E-1 1.51743E-1 1.56033E-1 1.58436E-1 1.61246E-1 1.62556E-1 1.67007E-1 1.70068E-1 1.7106E-1 1.70242E-1 1.7271E-1 1.76941E-1 1.818E-1 1.8615E-1 1.86989E-1 1.86281E-1 1.9188E-1 1.93948E-1 1.96794E-1 2.05118E-1 2.03474E-1 2.14874E-1 2.22484E-1 2.28754E-1 2.33351E-1 2.44516E-1 2.44659E-1 2.38222E-1 2.3085E-1 2.29301E-1 2.32613E-1 2.43302E-1 2.55332E-1 2.66224E-1 2.51185E-1 2.59444E-1 2.67763E-1 2.84008E-1 2.76484E-1 2.74078E-1 2.71788E-1 2.60848E-1 2.67337E-1 2.64165E-1 2.61311E-1 2.68488E-1 2.69951E-1 2.83979E-1 2.92435E-1 2.92472E-1 3.001E-1 3.11802E-1 3.04816E-1 2.94862E-1 3.0891E-1 3.03407E-1 2.92969E-1 2.91557E-1
1.3024E-1 1.37857E-1 1.44861E-1 1.4965E-1 1.56349E-1 1.59491E-1 1.62086E-1 1.62138E-1 1.66762E-1 1.73543E-1 1.75512E-1 1.77782E-1 1.76888E-1 1.76686E-1 1.80042E-1 1.80804E-1 1.83756E-1 1.85263E-1 1.83967E-1 1.94417E-1 1.99614E-1 1.96468E-1 2.04777E-1 2.13224E-1 2.19503E-1 2.2357E-1 2.30478E-1 2.359E-1 2.40763E-1 2.44895E-1 2.45421E-1 2.4985E-1 2.452E-1 2.43794E-1 2.47966E-1 2.51857E-1 2.51667E-1 2.45722E-1 2.50655E-1 2.66201E-1 2.81556E-1 2.76819E-1 2.64351E-1 2.63458E-1 2.58285E-1 2.70412E-1 2.62502E-1 2.61301E-1 2.64801E-1 2.72163E-1 2.80345E-1 2.79398E-1 2.87186E-1 2.95033E-1 3.01444E-1 3.17212E-1 3.07897E-1 3.04371E-1 2.98512E-1 3.01332E-1 3.09539E-1
1.32389E-1 1.3829E-1 1.44764E-1 1.51436E-1 1.57542E-1 1.60956E-1 1.64116E-1 1.67906E-1 1.7115E-1 1.7595E-1 1.80063E-1 1.83884E-1 1.85971E-1 1.84671E-1 1.90251E-1 1.89876E-1 1.97977E-1 1.91702E-1 2.00825E-1 2.03007E-1 2.05483E-1 2.05997E-1 2.12409E-1 2.22958E-1 2.33595E-1 2.29907E-1 2.319E-1 2.41541E-1 2.43779E-1 2.48776E-1 2.55471E-1 2.50501E-1 2.48281E-1 2.48716E-1 2.53429E-1 2.45134E-1 2.42166E-1 2.48072E-1 2.48558E-1 2.56871E-1 2.58889E-1 2.57629E-1 2.61129E-1 2.66193E-1 2.71647E-1 2.75567E-1 2.63577E-1 2.65019E-1 2.67643E-1 2.69242E-1 2.73872E-1 2.71559E-1 2.75449E-1 2.85155E-1 2.76497E-1 2.96494E-1 3.04219E-1 3.19705E-1 3.13242E-1 3.08452E-1 3.15958E-1
1.3267E-1 1.38131E-1 1.4368E-1 1.50175E-1 1.56538E-1 1.61136E-1 1.67347E-1 1.72348E-1 1.77094E-1 1.87244E-1 1.87075E-1 1.89026E-1 2.02367E-1 2.00142E-1 1.99772E-1 2.02294E-1 1.98869E-1 1.93552E-1 2.06773E-1 2.13308E-1 2.10453E-1 2.16725E-1 2.2624E-1 2.3283E-1 2.42361E-1 2.42021E-1 2.39633E-1 2.44628E-1 2.48807E-1 2.55086E-1 2.54714E-1 2.49878E-1 2.49039E-1 2.48951E-1 2.54532E-1 2.43018E-1 2.46277E-1 2.46431E-1 2.44752E-1 2.56919E-1 2.48865E-1 2.47753E-1 2.64261E-1 2.66388E-1 2.70862E-1 2.64993E-1 2.57477E-1 2.56961E-1 2.62425E-1 2.62843E-1 2.65418E-1 2.63757E-1 2.67428E-1 2.68875E-1 2.71147E-1 2.76787E-1 2.96555E-1 3.01442E-1 3.13287E-1 3.34262E-1 3.45567E-1
1.31209E-1 1.37839E-1 1.45636E-1 1.49284E-1 1.55828E-1 1.61676E-1 1.66469E-1 1.74466E-1 1.80125E-1 1.87541E-1 1.95689E-1 1.9852E-1 2.06152E-1 2.09519E-1 2.08393E-1 2.08616E-1 2.02118E-1 1.96459E-1 2.10473E-1 2.16955E-1 2.19933E-1 2.28139E-1 2.38229E-1 2.4245E-1 2.46241E-1 2.53671E-1 2.50625E-1 2.46283E-1 2.51305E-1 2.57779E-1 2.51312E-1 2.48886E-1 2.49813E-1 2.478E-1 2.69206E-1 2.52092E-1 2.41624E-1 2.4542E-1 2.48286E-1 2.49724E-1 2.3984E-1 2.46733E-1 2.55935E-1 2.56201E-1 2.57477E-1 2.48798E-1 2.43751E-1 2.47945E-1 2.54331E-1 2.5955E-1 2.63102E-1 2.70141E-1 2.60408E-1 2.70122E-1 2.8117E-1 2.77346E-1 2.82817E-1 2.95176E-1 3.06501E-1 3.3443E-1 3.52019E-1
1.39887E-1 1.44988E-1 1.55868E-1 1.62617E-1 1.62713E-1 1.65186E-1 1.66976E-1 1.75921E-1 1.85072E-1 1.93428E-1 1.96699E-1 2.01337E-1 2.08994E-1 2.1456E-1 2.15766E-1 2.13935E-1 2.08529E-1 2.07835E-1 2.19637E-1 2.31295E-1 2.36391E-1 2.3959E-1 2.48674E-1 2.55627E-1 2.53569E-1 2.55938E-1 2.61137E-1 2.59008E-1 2.61251E-1 2.6101E-1 2.54142E-1 2.54643E-1 2.478E-1 2.47583E-1 2.5358E-1 2.47521E-1 2.51204E-1 2.50481E-1 2.45756E-1 2.46925E-1 2.46228E-1 2.42909E-1 2.48902E-1 2.43909E-1 2.39194E-1 2.45583E-1 2.49705E-1 2.68983E-1 2.71906E-1 2.69542E-1 2.68022E-1 2.77963E-1 2.81356E-1 2.84565E-1 2.94039E-1 2.90481E-1 2.94606E-1 3.08602E-1 3.18359E-1 3.32739E-1 3.65436E-1
1.56707E-1 1.53039E-1 1.58676E-1 1.6551E-1 1.74457E-1 1.81501E-1 1.82269E-1 1.88773E-1 1.93639E-1 1.98018E-1 2.07179E-1 2.10767E-1 2.11355E-1 2.15594E-1 2.22819E-1 2.2237E-1 2.18256E-1 2.23023E-1 2.3436E-1 2.40131E-1 2.50126E-1 2.57791E-1 2.66545E-1 2.65214E-1 2.67153E-1 2.65866E-1 2.75354E-1 2.72582E-1 2.69993E-1 2.71202E-1 2.6757E-1 2.58293E-1 2.4669E-1 2.39846E-1 2.45467E-1 2.43935E-1 2.47417E-1 2.45556E-1 2.4532E-1 2.4092E-1 2.37247E-1 2.42178E-1 2.46098E-1 2.35776E-1 2.40981E-1 2.3924E-1 2.48605E-1 2.63543E-1 2.86276E-1 2.91561E-1 2.79929E-1 2.83507E-1 2.94861E-1 3.08011E-1 3.05427E-1 3.07342E-1 3.104E-1 3.26731E-1 3.39319E-1 3.55572E-1 3.72423E-1
1.66305E-1 1.6465E-1 1.71363E-1 1.77878E-1 1.79256E-1 1.87075E-1 1.92759E-1 1.98693E-1 1.9787E-1 2.04077E-1 2.12511E-1 2.20537E-1 2.22352E-1 2.2205E-1 2.2899E-1 2.32332E-1 2.24248E-1 2.37239E-1 2.54265E-1 2.59477E-1 2.68623E-1 2.72153E-1 2.72859E-1 2.83623E-1 2.75164E-1 2.73507E-1 2.84863E-1 2.81049E-1 2.84941E-1 2.82429E-1 2.68341E-1 2.59757E-1 2.50704E-1 2.40868E-1 2.33839E-1 2.32169E-1 2.43553E-1 2.48085E-1 2.44189E-1 2.43954E-1 2.44603E-1 2.52121E-1 2.51127E-1 2.51106E-1 2.53037E-1 2.53185E-1 2.61463E-1 2.71515E-1 2.84947E-1 2.9228E-1 3.03444E-1 2.93554E-1 3.04702E-1 3.09738E-1 3.26467E-1 3.25644E-1 3.39855E-1 3.33406E-1 3.43047E-1 3.44066E-1 3.65768E-1
1.7204E-1 1.72486E-1 1.74692E-1 1.85512E-1 1.95551E-1 1.99936E-1 2.03536E-1 2.09985E-1 2.04246E-1 2.11701E-1 2.18169E-1 2.25399E-1 2.32465E-1 2.34911E-1 2.31061E-1 2.41999E-1 2.41211E-1 2.38209E-1 2.57078E-1 2.77194E-1 2.89448E-1 2.94986E-1 2.84124E-1 2.95403E-1 2.87688E-1 2.83096E-1 2.90688E-1 2.99708E-1 2.96084E-1 2.81765E-1 2.7328E-1 2.61256E-1 2.51131E-1 2.36719E-1 2.34287E-1 2.43522E-1 2.59653E-1 2.6161E-1 2.70112E-1 2.70458E-1 2.65345E-1 2.71491E-1 2.82109E-1 2.79531E-1 2.80804E-1 2.67707E-1 2.71961E-1 2.7783E-1 2.88146E-1 2.96168E-1 3.06608E-1 3.1397E-1 3.02295E-1 3.22891E-1 3.37889E-1 3.54276E-1 3.2991E-1 3.37991E-1 3.51433E-1 3.45154E-1 3.52851E-1
1.76857E-1 1.8607E-1 1.90096E-1 1.90809E-1 1.99743E-1 2.0452E-1 2.08537E-1 2.24189E-1 2.15657E-1 2.20408E-1 2.2882E-1 2.3719E-1 2.4404E-1 2.50168E-1 2.51634E-1 2.69702E-1 2.66576E-1 2.5709E-1 2.71463E-1 2.85317E-1 2.98379E-1 3.07134E-1 2.99568E-1 3.1694E-1 3.05595E-1 3.03681E-1 3.07339E-1 3.06252E-1 3.16198E-1 2.92687E-1 2.78372E-1 2.69034E-1 2.53664E-1 2.40839E-1 2.5356E-1 2.75417E-1 2.75631E-1 2.85228E-1 2.93108E-1 2.91488E-1 2.8592E-1 2.87136E-1 2.93576E-1 2.94605E-1 2.93444E-1 2.78926E-1 2.847E-1 2.94077E-1 2.97451E-1 3.10166E-1 3.13113E-1 3.30168E-1 3.26433E-1 3.40406E-1 3.54222E-1 3.51449E-1 3.4644E-1 3.50477E-1 3.67454E-1 3.61745E-1 3.6935E-1
1.74939E-1 1.79455E-1 1.94255E-1 2.06522E-1 2.03972E-1 2.09431E-1 2.10687E-1 2.12096E-1 2.13538E-1 2.23841E-1 2.33685E-1 2.46406E-1 2.52583E-1 2.6082E-1 2.70978E-1 2.79579E-1 2.86621E-1 2.80211E-1 2.8831E-1 2.99221E-1 3.05543E-1 3.17062E-1 3.1302E-1 3.44391E-1 3.19115E-1 3.17797E-1 3.28414E-1 3.43297E-1 3.3068E-1 3.06615E-1 3.01143E-1 2.88654E-1 2.72411E-1 2.56989E-1 2.81714E-1 3.06549E-1 3.18679E-1 3.07317E-1 3.14846E-1 3.17015E-1 3.18874E-1 3.23775E-1 3.07251E-1 3.18254E-1 3.00506E-1 2.94191E-1 2.99817E-1 3.0808E-1 3.08679E-1 3.23402E-1 3.33344E-1 3.44241E-1 3.54091E-1 3.73228E-1 3.82008E-1 3.68766E-1 3.54653E-1 3.65796E-1 3.8217E-1 3.8547E-1 3.96698E-1
1.76206E-1 1.83102E-1 1.93781E-1 2.09888E-1 2.18789E-1 2.19274E-1 2.24506E-1 2.21583E-1 2.22716E-1 2.31321E-1 2.39022E-1 2.51322E-1 2.60436E-1 2.68583E-1 2.81319E-1 2.91311E-1 2.99626E-1 3.07756E-1 3.09289E-1 3.18707E-1 3.24909E-1 3.21217E-1 3.28201E-1 3.35298E-1 3.29242E-1 3.36118E-1 3.54767E-1 3.42664E-1 3.19985E-1 2.98517E-1 2.94988E-1 2.89054E-1 2.85147E-1 3.09484E-1 2.97037E-1 2.89436E-1 2.8076E-1 2.94162E-1 3.08237E-1 3.34624E-1 3.56906E-1 3.76626E-1 3.32875E-1 3.70954E-1 3.21215E-1 3.12772E-1 3.24186E-1 3.37989E-1 3.36142E-1 3.48078E-1 3.58987E-1 3.66919E-1 3.96348E-1 4.12179E-1 3.99596E-1 3.77376E-1 3.76174E-1 3.85879E-1 3.95493E-1 4.03641E-1 4.17767E-1
1.71625E-1 1.8499E-1 1.94963E-1 2.0547E-1 2.13868E-1 2.19716E-1 2.28807E-1 2.39772E-1 2.39253E-1 2.40971E-1 2.5051E-1 2.58661E-1 2.65609E-1 2.75962E-1 2.87385E-1 2.95542E-1 3.04665E-1 3.15667E-1 3.34057E-1 3.32564E-1 3.2506E-1 3.36487E-1 3.35067E-1 3.38786E-1 3.36627E-1 3.57753E-1 3.51492E-1 3.27076E-1 3.20857E-1 3.10867E-1 2.94339E-1 2.89982E-1 3.02005E-1 3.03795E-1 2.886E-1 2.91762E-1 2.87417E-1 2.90021E-1 3.05052E-1 3.1583E-1 3.25224E-1 3.41079E-1 3.47485E-1 3.72294E-1 3.41504E-1 3.2853E-1 3.39659E-1 3.53417E-1 3.66048E-1 3.75429E-1 3.87065E-1 4.08936E-1 4.27182E-1 4.18523E-1 3.98927E-1 3.96902E-1 4.01352E-1 4.06416E-1 4.07002E-1 4.1901E-1 4.02282E-1
1.79006E-1 1.87393E-1 1.95648E-1 2.06028E-1 2.13803E-1 2.29783E-1 2.37268E-1 2.4279E-1 2.53776E-1 2.58346E-1 2.64056E-1 2.74373E-1 2.78348E-1 2.94403E-1 3.02538E-1 3.10021E-1 3.1713E-1 3.24964E-1 3.31861E-1 3.33506E-1 3.34412E-1 3.37528E-1 3.34513E-1 3.50022E-1 3.5188E-1 3.70335E-1 3.48801E-1 3.36257E-1 3.35515E-1 3.20943E-1 3.13361E-1 3.04868E-1 3.03221E-1 2.97224E-1 2.91108E-1 2.93704E-1 2.80059E-1 2.94865E-1 3.1831E-1 3.18382E-1 3.26349E-1 3.45483E-1 3.6046E-1 3.55542E-1 3.66189E-1 3.49866E-1 3.4898E-1 3.649E-1 3.82013E-1 3.93065E-1 4.2488E-1 4.24655E-1 4.30829E-1 4.12408E-1 4.20359E-1 4.24074E-1 4.28028E-1 4.23909E-1 4.22139E-1 4.33332E-1 4.22528E-1
