maxent_outputs/bumblebees/bombus_286.asc
ncols         426
nrows         180
xllcorner     -130.0
yllcorner     24.0
cellsize      0.16666666666666666
NODATA_value  -9999
[rows 108 to 134 of 180, columns 183 to 243 of 426]
2.77019E-1 2.85144E-1 2.9771E-1 3.07137E-1 3.16506E-1 3.25637E-1 3.45101E-1 3.74114E-1 3.9239E-1 4.0875E-1 4.13908E-1 4.15593E-1 4.29098E-1 4.28863E-1 4.28172E-1 4.29711E-1 4.31709E-1 4.45643E-1 4.56392E-1 4.7118E-1 4.95302E-1 5.28936E-1 5.59155E-1 5.86371E-1 6.02249E-1 6.19665E-1 6.05962E-1 6.02227E-1 5.70703E-1 5.73505E-1 5.678E-1 5.71254E-1 5.6841E-1 5.75881E-1 5.62757E-1 5.42983E-1 5.43776E-1 5.60403E-1 5.91622E-1 6.05143E-1 6.13607E-1 6.0968E-1 6.4537E-1 6.9761E-1 7.2578E-1 7.41906E-1 7.47248E-1 7.73865E-1 8.12869E-1 8.45997E-1 8.45469E-1 8.27926E-1 8.16502E-1 8.19757E-1 8.36744E-1 8.27561E-1 8.28199E-1 8.32369E-1 8.3346E-1 8.41398E-1 8.234E-1
2.89672E-1 2.96215E-1 3.07852E-1 3.10981E-1 3.29948E-1 3.37449E-1 3.46302E-1 3.5964E-1 3.8501E-1 4.02696E-1 4.13934E-1 4.25936E-1 4.28772E-1 4.31524E-1 4.33197E-1 4.35563E-1 4.39969E-1 4.49335E-1 4.62924E-1 4.77401E-1 4.97892E-1 5.19933E-1 5.53965E-1 5.81763E-1 5.95806E-1 6.18735E-1 6.09809E-1 5.96891E-1 5.48798E-1 5.65756E-1 5.85521E-1 5.92892E-1 5.8534E-1 5.78883E-1 5.93782E-1 5.84623E-1 5.761E-1 5.90722E-1 5.718E-1 5.78957E-1 5.77797E-1 6.10801E-1 6.5092E-1 6.76298E-1 7.05848E-1 7.3223E-1 7.6723E-1 8.09923E-1 8.35145E-1 8.54263E-1 8.44839E-1 8.27524E-1 8.07316E-1 8.18566E-1 8.42168E-1 8.28122E-1 8.24082E-1 8.27293E-1 8.29345E-1 8.32367E-1 8.205E-1
3.04145E-1 3.15018E-1 3.26896E-1 3.36974E-1 3.4267E-1 3.51293E-1 3.57538E-1 3.60488E-1 3.73383E-1 3.87173E-1 4.0992E-1 4.24244E-1 4.34454E-1 4.30216E-1 4.30368E-1 4.38637E-1 4.50773E-1 4.65594E-1 4.7159E-1 4.88827E-1 5.05653E-1 5.30541E-1 5.43672E-1 5.5876E-1 5.82017E-1 6.25748E-1 6.19861E-1 5.89915E-1 5.78827E-1 6.04792E-1 6.39384E-1 6.49988E-1 6.72282E-1 6.97585E-1 6.68329E-1 6.54046E-1 6.43719E-1 6.48421E-1 6.46931E-1 6.35514E-1 6.28815E-1 6.65488E-1 7.10699E-1 7.48525E-1 7.62916E-1 7.56741E-1 7.73154E-1 8.09771E-1 8.50508E-1 8.51898E-1 8.49251E-1 8.32553E-1 8.22949E-1 8.28031E-1 8.39521E-1 8.31596E-1 8.19759E-1 8.21222E-1 8.12856E-1 8.22839E-1 8.26233E-1
2.97197E-1 3.11246E-1 3.35778E-1 3.5498E-1 3.53859E-1 3.54639E-1 3.61145E-1 3.71871E-1 3.90663E-1 4.12394E-1 4.17675E-1 4.24603E-1 4.28315E-1 4.38684E-1 4.3856E-1 4.4653E-1 4.59242E-1 4.75208E-1 4.84793E-1 4.94396E-1 5.08429E-1 5.27309E-1 5.47596E-1 5.56445E-1 5.78247E-1 6.17768E-1 6.35654E-1 6.38723E-1 6.33012E-1 6.51407E-1 6.97067E-1 7.19543E-1 7.22169E-1 7.31863E-1 7.46842E-1 7.37568E-1 7.18892E-1 7.04497E-1 7.05991E-1 7.04213E-1 7.0618E-1 7.18659E-1 7.35812E-1 7.58484E-1 7.85037E-1 8.07354E-1 8.34263E-1 8.3261E-1 8.57614E-1 8.65561E-1 8.50041E-1 8.29455E-1 8.26892E-1 8.4244E-1 8.45968E-1 8.34672E-1 8.24004E-1 8.10758E-1 8.05054E-1 8.17726E-1 8.24448E-1
3.13379E-1 3.1989E-1 3.38784E-1 3.64716E-1 3.64554E-1 3.66047E-1 3.76554E-1 3.95972E-1 4.02162E-1 4.22422E-1 4.24141E-1 4.39558E-1 4.55196E-1 4.63942E-1 4.62579E-1 4.69564E-1 4.91026E-1 5.02005E-1 5.05817E-1 5.18378E-1 5.25882E-1 5.36813E-1 5.52124E-1 5.81154E-1 5.82731E-1 6.10869E-1 6.19179E-1 6.29919E-1 6.58605E-1 6.87272E-1 7.0378E-1 7.11834E-1 7.15201E-1 7.30955E-1 7.32426E-1 7.0734E-1 7.09204E-1 7.22712E-1 7.39647E-1 7.46693E-1 7.60355E-1 7.80632E-1 8.05472E-1 8.21935E-1 8.21591E-1 8.46603E-1 8.67689E-1 8.70745E-1 8.74772E-1 8.67162E-1 8.55982E-1 8.43048E-1 8.42006E-1 8.57946E-1 8.51302E-1 8.37498E-1 8.2594E-1 8.13113E-1 8.13262E-1 8.21847E-1 8.23221E-1
3.33324E-1 3.43668E-1 3.5569E-1 3.67714E-1 3.77499E-1 3.78176E-1 3.91471E-1 4.04295E-1 4.16589E-1 4.28149E-1 4.2638E-1 4.3839E-1 4.56662E-1 4.65042E-1 4.77992E-1 4.91601E-1 5.10905E-1 5.21405E-1 5.24579E-1 5.23795E-1 5.38925E-1 5.52329E-1 5.7124E-1 5.8559E-1 5.77414E-1 5.9348E-1 6.05388E-1 6.18919E-1 6.41986E-1 6.98559E-1 6.8706E-1 6.91575E-1 6.91225E-1 7.00641E-1 7.00331E-1 7.06375E-1 7.08611E-1 7.24628E-1 7.53933E-1 7.49198E-1 7.85696E-1 8.29322E-1 8.42185E-1 8.47884E-1 8.6729E-1 8.76997E-1 8.81397E-1 8.73881E-1 8.67867E-1 8.6191E-1 8.61466E-1 8.69614E-1 8.6397E-1 8.59294E-1 8.51391E-1 8.38301E-1 8.29416E-1 8.2457E-1 8.22334E-1 8.29336E-1 8.29897E-1
3.60146E-1 3.64126E-1 3.71047E-1 3.80791E-1 3.79286E-1 3.77088E-1 3.99054E-1 3.99315E-1 4.08347E-1 4.23701E-1 4.33777E-1 4.48065E-1 4.64987E-1 4.73838E-1 4.89792E-1 5.01427E-1 5.23556E-1 5.3425E-1 5.38186E-1 5.4491E-1 5.52127E-1 5.7661E-1 5.86006E-1 5.92284E-1 5.8586E-1 5.82277E-1 6.05508E-1 6.16967E-1 6.55804E-1 6.80087E-1 6.72003E-1 6.65588E-1 6.63124E-1 6.60107E-1 6.91253E-1 7.11054E-1 7.15415E-1 7.32788E-1 7.56922E-1 7.7098E-1 8.07012E-1 8.39526E-1 8.4302E-1 8.43826E-1 8.57936E-1 8.69842E-1 8.72054E-1 8.61708E-1 8.53756E-1 8.4224E-1 8.44007E-1 8.55305E-1 8.59242E-1 8.56925E-1 8.4233E-1 8.39604E-1 8.27472E-1 8.24553E-1 8.28794E-1 8.34381E-1 8.39124E-1
3.77808E-1 3.76613E-1 3.88545E-1 3.94117E-1 3.88227E-1 4.02519E-1 4.22337E-1 4.16117E-1 4.05988E-1 4.0911E-1 4.37114E-1 4.60483E-1 4.79157E-1 5.01925E-1 5.01075E-1 4.96623E-1 5.21149E-1 5.37265E-1 5.56532E-1 5.68891E-1 5.81958E-1 5.94804E-1 5.94972E-1 5.85246E-1 5.80585E-1 5.73575E-1 5.85326E-1 6.12031E-1 6.25877E-1 6.50129E-1 6.54115E-1 6.65989E-1 6.66073E-1 6.74481E-1 6.89641E-1 7.10774E-1 7.32591E-1 7.48211E-1 7.67175E-1 7.95837E-1 8.26736E-1 8.49832E-1 8.54666E-1 8.64935E-1 8.6408E-1 8.67094E-1 8.59786E-1 8.4902E-1 8.43329E-1 8.30535E-1 8.30342E-1 8.35625E-1 8.41887E-1 8.37992E-1 8.32268E-1 8.30866E-1 8.36538E-1 8.31397E-1 8.3265E-1 8.34104E-1 8.3678E-1
3.95332E-1 3.99355E-1 4.02045E-1 4.12532E-1 4.24442E-1 4.35538E-1 4.4751E-1 4.42924E-1 4.34359E-1 4.26858E-1 4.50851E-1 4.72041E-1 4.87761E-1 5.05475E-1 5.01578E-1 4.77708E-1 4.90296E-1 5.30777E-1 5.60858E-1 5.8338E-1 6.06895E-1 6.00599E-1 5.99796E-1 5.80531E-1 5.73303E-1 5.74662E-1 5.8569E-1 5.90563E-1 6.23599E-1 6.43648E-1 6.77413E-1 6.7437E-1 7.07301E-1 7.05591E-1 7.32179E-1 7.52342E-1 7.88605E-1 8.09073E-1 8.04176E-1 8.24769E-1 8.46782E-1 8.67872E-1 8.62677E-1 8.6713E-1 8.68274E-1 8.63256E-1 8.60504E-1 8.4593E-1 8.30181E-1 8.21516E-1 8.17508E-1 8.21887E-1 8.26861E-1 8.33227E-1 8.26609E-1 8.30007E-1 8.30163E-1 8.31386E-1 8.29541E-1 8.38058E-1 8.42769E-1
4.14134E-1 4.2182E-1 4.12822E-1 4.27464E-1 4.47067E-1 4.58521E-1 4.71049E-1 4.66267E-1 4.62874E-1 4.63235E-1 4.70492E-1 4.85435E-1 5.01705E-1 5.00062E-1 5.20048E-1 4.97143E-1 4.97248E-1 5.23735E-1 5.68595E-1 5.99613E-1 6.27169E-1 6.24744E-1 6.13441E-1 6.04922E-1 6.02264E-1 5.90393E-1 6.02512E-1 6.21257E-1 6.48406E-1 6.93891E-1 6.87623E-1 6.83224E-1 7.06589E-1 7.34056E-1 7.67896E-1 7.78168E-1 7.96057E-1 8.17195E-1 8.32066E-1 8.49095E-1 8.6087E-1 8.69516E-1 8.69555E-1 8.72827E-1 8.77244E-1 8.73582E-1 8.63447E-1 8.40946E-1 8.19737E-1 8.06832E-1 8.02878E-1 8.03523E-1 8.15723E-1 8.22844E-1 8.20496E-1 8.23755E-1 8.21127E-1 8.2241E-1 8.35621E-1 8.4176E-1 8.33167E-1
4.25562E-1 4.40565E-1 4.45131E-1 4.56831E-1 4.62445E-1 4.75557E-1 4.88222E-1 4.92642E-1 4.92382E-1 4.86551E-1 5.00573E-1 5.05468E-1 5.21072E-1 5.49835E-1 5.671E-1 5.55628E-1 5.50934E-1 5.61524E-1 5.78718E-1 6.07812E-1 6.2669E-1 6.47821E-1 6.41057E-1 6.38972E-1 6.32581E-1 6.28799E-1 6.46459E-1 6.54638E-1 6.78596E-1 6.87841E-1 7.00166E-1 7.15476E-1 7.51524E-1 7.73561E-1 8.01151E-1 8.12341E-1 8.32451E-1 8.41794E-1 8.44947E-1 8.48499E-1 8.46821E-1 8.64625E-1 8.71705E-1 8.72043E-1 8.82996E-1 8.80013E-1 8.60967E-1 8.46786E-1 8.20618E-1 8.00113E-1 7.97599E-1 8.0017E-1 8.02941E-1 8.03187E-1 8.1324E-1 8.21297E-1 8.14438E-1 8.16984E-1 8.24335E-1 8.30869E-1 8.19611E-1
4.41324E-1 4.51977E-1 4.61189E-1 4.74134E-1 4.77822E-1 4.86001E-1 4.93108E-1 5.09535E-1 5.13237E-1 5.18144E-1 5.24829E-1 5.37306E-1 5.48937E-1 5.70949E-1 5.83309E-1 5.669E-1 5.64986E-1 5.83694E-1 5.89971E-1 6.09728E-1 6.29963E-1 6.40932E-1 6.54006E-1 6.71386E-1 6.84392E-1 6.65601E-1 6.81396E-1 7.02412E-1 7.14866E-1 7.31301E-1 7.27086E-1 7.43008E-1 7.84953E-1 7.93402E-1 8.18025E-1 8.37949E-1 8.48242E-1 8.64071E-1 8.57164E-1 8.53846E-1 8.53163E-1 8.61709E-1 8.70848E-1 8.7811E-1 8.79578E-1 8.74527E-1 8.64317E-1 8.45783E-1 8.2989E-1 8.03708E-1 7.99881E-1 8.0179E-1 7.99414E-1 8.03409E-1 8.05995E-1 8.1417E-1 8.1275E-1 8.15701E-1 8.20827E-1 8.19282E-1 8.07458E-1
4.54266E-1 4.60929E-1 4.69617E-1 4.76715E-1 4.87806E-1 4.92511E-1 5.08722E-1 5.19568E-1 5.28445E-1 5.38044E-1 5.52979E-1 5.77057E-1 5.83809E-1 5.87588E-1 5.74418E-1 5.86275E-1 5.84781E-1 5.99724E-1 5.93354E-1 6.14208E-1 6.29653E-1 6.49779E-1 6.68611E-1 6.92017E-1 6.98967E-1 7.02186E-1 7.14555E-1 7.40005E-1 7.55707E-1 7.47432E-1 7.45057E-1 7.68261E-1 8.05857E-1 8.24831E-1 8.47875E-1 8.80679E-1 8.74403E-1 8.83161E-1 8.84122E-1 8.72942E-1 8.67055E-1 8.66487E-1 8.70039E-1 8.77581E-1 8.77185E-1 8.69689E-1 8.61374E-1 8.47703E-1 8.29383E-1 8.10239E-1 8.034E-1 8.0124E-1 8.03324E-1 8.01737E-1 8.03353E-1 8.09077E-1 8.16202E-1 8.13057E-1 8.26432E-1 8.21642E-1 8.10991E-1
4.62715E-1 4.65967E-1 4.62408E-1 4.62828E-1 4.77222E-1 4.91583E-1 5.12557E-1 5.31594E-1 5.34934E-1 5.46122E-1 5.58414E-1 5.72245E-1 6.0371E-1 6.11133E-1 5.99844E-1 5.89682E-1 5.91379E-1 5.91214E-1 6.08056E-1 6.21948E-1 6.39567E-1 6.59857E-1 6.72666E-1 6.91256E-1 7.04335E-1 7.17739E-1 7.17278E-1 7.35114E-1 7.55512E-1 7.70934E-1 7.77654E-1 8.13729E-1 8.46091E-1 8.6723E-1 8.81217E-1 8.9153E-1 8.84519E-1 8.91705E-1 8.91524E-1 8.87635E-1 8.80945E-1 8.72552E-1 8.7558E-1 8.75636E-1 8.80453E-1 8.7487E-1 8.66689E-1 8.50496E-1 8.27341E-1 8.11946E-1 8.05931E-1 8.11234E-1 8.15154E-1 8.09678E-1 8.07907E-1 8.14406E-1 8.25907E-1 8.22858E-1 8.33213E-1 8.27411E-1 8.21344E-1
4.46869E-1 4.45705E-1 4.49802E-1 4.66935E-1 4.80028E-1 4.86454E-1 5.00535E-1 5.11445E-1 5.18427E-1 5.34754E-1 5.44045E-1 5.70356E-1 6.04614E-1 6.13571E-1 6.15362E-1 5.9994E-1 5.80148E-1 5.87317E-1 6.08466E-1 6.30947E-1 6.501E-1 6.66355E-1 6.82596E-1 6.99532E-1 7.15512E-1 7.13014E-1 7.21242E-1 7.38122E-1 7.65882E-1 7.98766E-1 8.25203E-1 8.49353E-1 8.66377E-1 8.84492E-1 9.10937E-1 9.06796E-1 8.9744E-1 8.99358E-1 9.00351E-1 8.9516E-1 8.91437E-1 8.83155E-1 8.81759E-1 8.81398E-1 8.81315E-1 8.81732E-1 8.70791E-1 8.59135E-1 8.40206E-1 8.19491E-1 8.06443E-1 8.0678E-1 8.04985E-1 8.09465E-1 8.22645E-1 8.27746E-1 8.39883E-1 8.28757E-1 8.35004E-1 8.28469E-1 8.15285E-1
4.50943E-1 4.46202E-1 4.57478E-1 4.62016E-1 4.76411E-1 4.84401E-1 5.01856E-1 5.11748E-1 5.1656E-1 5.30425E-1 5.61684E-1 5.75604E-1 5.88946E-1 6.14657E-1 6.36106E-1 6.13769E-1 5.83401E-1 6.04245E-1 6.32433E-1 6.55088E-1 6.68346E-1 6.73383E-1 6.92967E-1 7.06485E-1 7.21114E-1 7.26755E-1 7.34358E-1 7.54373E-1 7.82192E-1 8.17531E-1 8.45179E-1 8.7378E-1 8.7672E-1 8.71399E-1 9.16677E-1 9.1429E-1 9.08939E-1 9.02501E-1 9.06809E-1 8.98493E-1 8.98244E-1 8.98773E-1 8.94387E-1 8.9079E-1 8.90136E-1 8.87147E-1 8.73678E-1 8.57882E-1 8.43035E-1 8.27996E-1 8.05916E-1 7.9814E-1 8.02644E-1 8.18126E-1 8.27275E-1 8.42358E-1 8.46581E-1 8.4206E-1 8.43689E-1 8.45879E-1 8.35134E-1
4.44525E-1 4.48153E-1 4.6915E-1 4.87624E-1 4.86997E-1 4.94031E-1 4.97697E-1 5.14593E-1 5.36096E-1 5.58772E-1 5.72957E-1 5.79527E-1 5.94683E-1 6.18224E-1 6.45513E-1 6.33601E-1 6.10449E-1 6.36749E-1 6.6148E-1 6.64161E-1 6.79563E-1 6.86444E-1 6.95342E-1 7.11424E-1 7.2005E-1 7.33323E-1 7.47214E-1 7.67398E-1 7.92575E-1 8.23133E-1 8.5574E-1 8.79601E-1 8.95571E-1 9.10258E-1 9.19336E-1 9.18836E-1 9.09467E-1 9.10022E-1 9.03426E-1 8.96671E-1 8.97264E-1 9.05433E-1 9.05678E-1 9.04538E-1 9.00978E-1 8.94445E-1 8.76136E-1 8.52907E-1 8.35426E-1 8.32147E-1 8.20508E-1 8.07189E-1 8.1502E-1 8.30623E-1 8.46386E-1 8.56439E-1 8.51199E-1 8.51233E-1 8.58103E-1 8.50426E-1 8.43717E-1
4.67602E-1 4.6658E-1 4.84225E-1 5.03727E-1 5.14078E-1 5.22391E-1 5.2576E-1 5.33523E-1 5.41726E-1 5.55039E-1 5.81491E-1 6.08306E-1 6.15472E-1 6.42807E-1 6.6069E-1 6.68894E-1 6.42745E-1 6.6165E-1 6.61265E-1 6.66577E-1 6.84965E-1 6.87267E-1 6.95251E-1 7.07049E-1 7.18504E-1 7.28727E-1 7.48932E-1 7.64167E-1 7.95382E-1 8.22506E-1 8.41935E-1 8.54917E-1 8.76152E-1 9.01682E-1 9.16499E-1 9.14165E-1 9.03931E-1 8.97467E-1 8.96723E-1 8.94594E-1 9.00398E-1 9.08838E-1 9.08107E-1 9.04232E-1 9.06069E-1 8.95373E-1 8.68518E-1 8.51359E-1 8.32086E-1 8.2606E-1 8.37928E-1 8.21573E-1 8.2736E-1 8.34987E-1 8.39586E-1 8.35413E-1 8.30219E-1 8.46047E-1 8.5625E-1 8.56083E-1 8.55004E-1
4.68654E-1 4.93629E-1 5.21597E-1 5.40824E-1 5.46587E-1 5.58769E-1 5.73096E-1 5.80893E-1 5.69295E-1 5.55787E-1 5.69737E-1 6.2217E-1 6.50345E-1 6.59518E-1 6.75685E-1 6.90401E-1 6.87024E-1 6.88804E-1 6.7414E-1 6.77388E-1 6.89436E-1 6.87441E-1 6.90376E-1 7.14068E-1 7.23624E-1 7.32526E-1 7.42279E-1 7.60783E-1 7.99242E-1 8.18466E-1 8.40095E-1 8.56902E-1 8.78017E-1 8.96512E-1 9.07241E-1 9.09394E-1 8.96921E-1 8.87689E-1 8.80727E-1 8.90575E-1 9.02098E-1 9.13781E-1 9.08087E-1 9.03115E-1 8.99664E-1 8.8253E-1 8.62247E-1 8.49573E-1 8.36403E-1 8.37852E-1 8.44799E-1 8.32554E-1 8.39516E-1 8.34326E-1 8.2172E-1 8.18607E-1 8.28848E-1 8.43215E-1 8.48781E-1 8.5298E-1 8.59546E-1
4.67709E-1 4.98608E-1 5.344E-1 5.59254E-1 5.50785E-1 5.56512E-1 5.80679E-1 5.92526E-1 5.94969E-1 5.76187E-1 5.71874E-1 6.16455E-1 6.76325E-1 6.84773E-1 6.84266E-1 7.00085E-1 7.13845E-1 7.13005E-1 7.00901E-1 6.87521E-1 6.83042E-1 6.82555E-1 6.86857E-1 6.9785E-1 7.0954E-1 7.2401E-1 7.43591E-1 7.76508E-1 8.0222E-1 8.29312E-1 8.40897E-1 8.57056E-1 8.79321E-1 8.89911E-1 8.96402E-1 8.90018E-1 8.7995E-1 8.7243E-1 8.70103E-1 8.79047E-1 8.90683E-1 9.00907E-1 9.07197E-1 8.93791E-1 8.87812E-1 8.84372E-1 8.63697E-1 8.50743E-1 8.43911E-1 8.50223E-1 8.54384E-1 8.51844E-1 8.44308E-1 8.36713E-1 8.24498E-1 8.28764E-1 8.4371E-1 8.47645E-1 8.56255E-1 8.60798E-1 8.67162E-1
4.8409E-1 5.23411E-1 5.49321E-1 5.46633E-1 5.32168E-1 5.55661E-1 5.92663E-1 5.95698E-1 5.91694E-1 6.05001E-1 5.97798E-1 6.06112E-1 6.37876E-1 6.53288E-1 6.71589E-1 6.76746E-1 7.07352E-1 7.21239E-1 7.14391E-1 7.03362E-1 6.90483E-1 6.74734E-1 6.7854E-1 6.90751E-1 7.08427E-1 7.26541E-1 7.44889E-1 7.75421E-1 8.06603E-1 8.22483E-1 8.33178E-1 8.47265E-1 8.56442E-1 8.68485E-1 8.72105E-1 8.61439E-1 8.5663E-1 8.63788E-1 8.65892E-1 8.72013E-1 8.79657E-1 8.8703E-1 8.93128E-1 8.92277E-1 8.82785E-1 8.85658E-1 8.77786E-1 8.55782E-1 8.53333E-1 8.55229E-1 8.58031E-1 8.58266E-1 8.50059E-1 8.39189E-1 8.44442E-1 8.50667E-1 8.60127E-1 8.69821E-1 8.6589E-1 8.73695E-1 8.7422E-1
4.93188E-1 5.39859E-1 5.23773E-1 5.1727E-1 5.22193E-1 5.45444E-1 5.70179E-1 5.65669E-1 5.81076E-1 5.9254E-1 6.1718E-1 6.17223E-1 6.23698E-1 6.34593E-1 6.59497E-1 6.72519E-1 6.99804E-1 7.08641E-1 7.21842E-1 7.26932E-1 7.1588E-1 6.90996E-1 6.91466E-1 7.06656E-1 7.13166E-1 7.24741E-1 7.41981E-1 7.7147E-1 8.04366E-1 8.26612E-1 8.35953E-1 8.37056E-1 8.44891E-1 8.49768E-1 8.49571E-1 8.36622E-1 8.37899E-1 8.51893E-1 8.68243E-1 8.72033E-1 8.7982E-1 8.85347E-1 8.88093E-1 8.8867E-1 8.82513E-1 8.91042E-1 8.86993E-1 8.69475E-1 8.6638E-1 8.6716E-1 8.65277E-1 8.67565E-1 8.51158E-1 8.51206E-1 8.56511E-1 8.73503E-1 8.90043E-1 8.7988E-1 8.80754E-1 8.82027E-1 8.89466E-1
4.94218E-1 5.04908E-1 4.98377E-1 5.05566E-1 5.23122E-1 5.37566E-1 5.46706E-1 5.56411E-1 5.79241E-1 5.99754E-1 6.16422E-1 6.19213E-1 6.4268E-1 6.48005E-1 6.63088E-1 6.81794E-1 6.88366E-1 7.00941E-1 7.29916E-1 7.48035E-1 7.44543E-1 7.22846E-1 7.26944E-1 7.33606E-1 7.42399E-1 7.41515E-1 7.488E-1 7.59561E-1 7.91088E-1 8.22036E-1 8.35354E-1 8.48567E-1 8.47245E-1 8.43141E-1 8.35072E-1 8.34559E-1 8.42955E-1 8.55375E-1 8.72817E-1 8.86865E-1 8.95894E-1 8.9774E-1 8.99E-1 8.96231E-1 8.964E-1 8.9931E-1 8.97768E-1 8.7697E-1 8.73081E-1 8.68434E-1 8.73235E-1 8.72832E-1 8.69071E-1 8.63838E-1 8.67583E-1 8.89353E-1 8.87388E-1 8.78713E-1 8.85217E-1 8.98305E-1 8.96006E-1
4.95378E-1 4.99085E-1 5.00244E-1 5.0548E-1 5.3166E-1 5.5452E-1 5.60609E-1 5.6086E-1 5.87249E-1 5.91293E-1 6.06242E-1 6.36453E-1 6.74923E-1 6.6993E-1 6.68629E-1 6.76925E-1 6.77346E-1 7.01994E-1 7.34976E-1 7.45062E-1 7.57323E-1 7.55389E-1 7.5145E-1 7.48143E-1 7.60395E-1 7.52748E-1 7.5329E-1 7.70689E-1 7.91507E-1 8.11828E-1 8.39539E-1 8.53797E-1 8.56048E-1 8.51275E-1 8.36254E-1 8.42066E-1 8.58479E-1 8.7423E-1 8.88279E-1 9.02778E-1 9.12928E-1 9.13924E-1 9.07273E-1 9.00304E-1 9.04589E-1 9.05463E-1 9.02004E-1 8.88212E-1 8.8061E-1 8.81403E-1 8.83576E-1 8.83478E-1 8.80147E-1 8.83839E-1 8.87624E-1 8.95645E-1 8.87201E-1 8.78162E-1 8.89693E-1 8.9366E-1 8.94007E-1
4.94657E-1 5.13278E-1 5.31866E-1 5.21126E-1 5.33534E-1 5.61717E-1 5.8596E-1 5.89539E-1 5.97015E-1 6.03509E-1 6.20701E-1 6.4598E-1 6.8884E-1 6.93174E-1 6.92084E-1 6.85107E-1 6.74145E-1 7.00356E-1 7.26435E-1 7.43072E-1 7.63665E-1 7.75183E-1 7.68091E-1 7.65597E-1 7.75312E-1 7.68648E-1 7.66335E-1 7.77239E-1 7.92535E-1 8.10633E-1 8.38118E-1 8.53354E-1 8.61237E-1 8.66884E-1 8.46729E-1 8.5144E-1 8.76559E-1 8.93721E-1 9.10715E-1 9.17566E-1 9.14335E-1 9.18652E-1 9.16496E-1 9.11621E-1 9.05171E-1 9.13118E-1 9.2065E-1 9.08778E-1 8.99201E-1 8.92641E-1 8.9587E-1 8.99841E-1 8.99929E-1 9.03114E-1 9.09083E-1 9.02139E-1 8.95662E-1 8.84421E-1 8.81699E-1 8.81668E-1 8.8781E-1
4.99729E-1 5.19666E-1 5.31972E-1 5.44489E-1 5.42578E-1 5.53595E-1 5.76634E-1 5.9151E-1 6.06019E-1 6.14785E-1 6.38217E-1 6.75361E-1 6.95725E-1 7.10084E-1 7.08602E-1 6.96329E-1 6.91398E-1 7.08066E-1 7.21121E-1 7.44439E-1 7.62371E-1 7.92513E-1 7.87455E-1 7.8665E-1 7.83751E-1 7.81793E-1 7.73334E-1 7.92575E-1 8.03988E-1 8.23666E-1 8.41288E-1 8.54363E-1 8.6529E-1 8.72457E-1 8.74276E-1 8.79739E-1 9.00772E-1 9.10891E-1 9.228E-1 9.27162E-1 9.26482E-1 9.31145E-1 9.27896E-1 9.16489E-1 9.16739E-1 9.2042E-1 9.29981E-1 9.31764E-1 9.24439E-1 9.14962E-1 9.12357E-1 9.15234E-1 9.13005E-1 9.05264E-1 9.08314E-1 9.02733E-1 8.99276E-1 8.90737E-1 8.86679E-1 8.85663E-1 8.93414E-1
5.14805E-1 5.27057E-1 5.39637E-1 5.4952E-1 5.64201E-1 5.50664E-1 5.54367E-1 5.84225E-1 6.0715E-1 6.42799E-1 6.50891E-1 6.83744E-1 6.9902E-1 7.27609E-1 7.36972E-1 7.16648E-1 7.17583E-1 7.23703E-1 7.34151E-1 7.45754E-1 7.81848E-1 7.94562E-1 8.03217E-1 7.9648E-1 7.90602E-1 7.97889E-1 7.94357E-1 8.14937E-1 8.31643E-1 8.41998E-1 8.55525E-1 8.66711E-1 8.70377E-1 8.80305E-1 9.06149E-1 9.09335E-1 9.1529E-1 9.24328E-1 9.33018E-1 9.4087E-1 9.45693E-1 9.46842E-1 9.44229E-1 9.3504E-1 9.3667E-1 9.38793E-1 9.44955E-1 9.48184E-1 9.4463E-1 9.35766E-1 9.28052E-1 9.10193E-1 9.04956E-1 8.92228E-1 8.92657E-1 9.06526E-1 9.14247E-1 9.03001E-1 9.03552E-1 9.07871E-1 9.04867E-1
