maxent_outputs/bumblebees/bombus_196.asc
ncols         426
nrows         180
xllcorner     -130.0
yllcorner     24.0
cellsize      0.16666666666666666
NODATA_value  -9999
[rows 81 to 107 of 180, columns 183 to 243 of 426]
4.23393E-1 4.22529E-1 4.22898E-1 4.24706E-1 4.26139E-1 4.28338E-1 4.33367E-1 4.3822E-1 4.41396E-1 4.46261E-1 4.49925E-1 4.51188E-1 4.56996E-1 4.58608E-1 4.57258E-1 4.58864E-1 4.65342E-1 4.77214E-1 4.87254E-1 4.95402E-1 4.97375E-1 4.97261E-1 4.9973E-1 5.06458E-1 5.10314E-1 5.147E-1 5.20205E-1 5.23987E-1 5.25544E-1 5.26061E-1 5.30068E-1 5.34561E-1 5.34882E-1 5.38367E-1 5.41477E-1 5.58914E-1 5.7703E-1 5.96742E-1 5.93762E-1 5.84402E-1 5.79978E-1 5.69098E-1 5.58613E-1 5.50022E-1 5.50477E-1 5.57531E-1 5.62893E-1 5.63918E-1 5.71981E-1 5.76646E-1 5.82451E-1 5.88961E-1 5.91807E-1 5.89734E-1 5.95757E-1 6.02385E-1 6.08601E-1 6.11052E-1 6.02023E-1 6.02825E-1 6.03007E-1
4.23165E-1 4.23741E-1 4.23771E-1 4.23405E-1 4.26082E-1 4.29793E-1 4.37039E-1 4.4522E-1 4.51724E-1 4.52491E-1 4.53507E-1 4.59287E-1 4.63561E-1 4.68644E-1 4.66114E-1 4.65818E-1 4.69102E-1 4.77648E-1 4.90495E-1 4.97912E-1 4.97517E-1 5.00202E-1 5.06551E-1 5.12659E-1 5.16403E-1 5.16723E-1 5.20773E-1 5.24343E-1 5.2615E-1 5.27862E-1 5.29749E-1 5.35611E-1 5.343E-1 5.37054E-1 5.40427E-1 5.60657E-1 5.96757E-1 6.37993E-1 6.61793E-1 6.25468E-1 6.00711E-1 5.82715E-1 5.66938E-1 5.59523E-1 5.58968E-1 5.65741E-1 5.7018E-1 5.68877E-1 5.73934E-1 5.79896E-1 5.83074E-1 5.86057E-1 5.88977E-1 5.93495E-1 5.99327E-1 6.0528E-1 6.05111E-1 6.0314E-1 5.99988E-1 5.96763E-1 5.97813E-1
4.24222E-1 4.26933E-1 4.21808E-1 4.23511E-1 4.27949E-1 4.32906E-1 4.38288E-1 4.45841E-1 4.5485E-1 4.57724E-1 4.60346E-1 4.65923E-1 4.71322E-1 4.77463E-1 4.76916E-1 4.72361E-1 4.73388E-1 4.7857E-1 4.84223E-1 4.91503E-1 4.99326E-1 5.07822E-1 5.11976E-1 5.13429E-1 5.1969E-1 5.2145E-1 5.2075E-1 5.21309E-1 5.26866E-1 5.26271E-1 5.26278E-1 5.30043E-1 5.35641E-1 5.39886E-1 5.49755E-1 5.67259E-1 5.99359E-1 6.40303E-1 6.62011E-1 6.3129E-1 6.06048E-1 5.8992E-1 5.7382E-1 5.69428E-1 5.69996E-1 5.67793E-1 5.75553E-1 5.78047E-1 5.78735E-1 5.85809E-1 5.83446E-1 5.86877E-1 5.86695E-1 5.89206E-1 5.92915E-1 5.96008E-1 5.95894E-1 5.99293E-1 5.97459E-1 5.98167E-1 5.99595E-1
4.26247E-1 4.26309E-1 4.24836E-1 4.24099E-1 4.29925E-1 4.39933E-1 4.45508E-1 4.51315E-1 4.5839E-1 4.57973E-1 4.64348E-1 4.71397E-1 4.71828E-1 4.74394E-1 4.76483E-1 4.7655E-1 4.75493E-1 4.71382E-1 4.76699E-1 4.81737E-1 4.90159E-1 5.03336E-1 5.1009E-1 5.14713E-1 5.18562E-1 5.22189E-1 5.28129E-1 5.26979E-1 5.26788E-1 5.23546E-1 5.21269E-1 5.27318E-1 5.35328E-1 5.39373E-1 5.49468E-1 5.62301E-1 5.82891E-1 6.03318E-1 6.09554E-1 6.07143E-1 5.96442E-1 5.86255E-1 5.80201E-1 5.76152E-1 5.74798E-1 5.70566E-1 5.81858E-1 5.88603E-1 5.88294E-1 5.88031E-1 5.86819E-1 5.8881E-1 5.86996E-1 5.88079E-1 5.83498E-1 5.86333E-1 5.90623E-1 5.95376E-1 6.01315E-1 6.03708E-1 6.04606E-1
4.23547E-1 4.20983E-1 4.21667E-1 4.22797E-1 4.27129E-1 4.37069E-1 4.42811E-1 4.52306E-1 4.55901E-1 4.57094E-1 4.61932E-1 4.67296E-1 4.67089E-1 4.65071E-1 4.65031E-1 4.65759E-1 4.65389E-1 4.67171E-1 4.70057E-1 4.76022E-1 4.86555E-1 4.95663E-1 5.03956E-1 5.10161E-1 5.16545E-1 5.20867E-1 5.2415E-1 5.26604E-1 5.29876E-1 5.28039E-1 5.26047E-1 5.3159E-1 5.35488E-1 5.39716E-1 5.44251E-1 5.46938E-1 5.60583E-1 5.72479E-1 5.76795E-1 5.85773E-1 5.84536E-1 5.82184E-1 5.80182E-1 5.80337E-1 5.816E-1 5.85441E-1 5.93313E-1 5.99449E-1 5.98627E-1 5.91415E-1 5.89447E-1 5.92565E-1 5.88105E-1 5.83702E-1 5.82157E-1 5.80699E-1 5.87131E-1 5.95294E-1 6.04039E-1 6.10737E-1 6.14573E-1
4.227E-1 4.25566E-1 4.27798E-1 4.27998E-1 4.30352E-1 4.35052E-1 4.40174E-1 4.47907E-1 4.51426E-1 4.59108E-1 4.6119E-1 4.61492E-1 4.59169E-1 4.54996E-1 4.58271E-1 4.57269E-1 4.58931E-1 4.63259E-1 4.69423E-1 4.72769E-1 4.78428E-1 4.91295E-1 4.99191E-1 5.05842E-1 5.14331E-1 5.22609E-1 5.25929E-1 5.31349E-1 5.32392E-1 5.36918E-1 5.36011E-1 5.40984E-1 5.42326E-1 5.48159E-1 5.50405E-1 5.58392E-1 5.63757E-1 5.66901E-1 5.71589E-1 5.74299E-1 5.7638E-1 5.82376E-1 5.85199E-1 5.82769E-1 5.84589E-1 5.93855E-1 5.99638E-1 6.03048E-1 6.00468E-1 5.99148E-1 5.93807E-1 5.946E-1 5.92121E-1 5.87017E-1 5.8576E-1 5.87049E-1 5.95031E-1 6.02124E-1 6.08686E-1 6.16909E-1 6.24501E-1
4.21688E-1 4.29771E-1 4.33862E-1 4.36111E-1 4.3361E-1 4.37748E-1 4.47382E-1 4.51433E-1 4.54853E-1 4.56973E-1 4.57091E-1 4.61205E-1 4.63577E-1 4.60504E-1 4.59846E-1 4.57576E-1 4.588E-1 4.69244E-1 4.70636E-1 4.70983E-1 4.76883E-1 4.83813E-1 4.94655E-1 5.01944E-1 5.12038E-1 5.23469E-1 5.32492E-1 5.36957E-1 5.33517E-1 5.40403E-1 5.4685E-1 5.5116E-1 5.55841E-1 5.59679E-1 5.63075E-1 5.65941E-1 5.6696E-1 5.66027E-1 5.67182E-1 5.70115E-1 5.76693E-1 5.80937E-1 5.82682E-1 5.83516E-1 5.83818E-1 5.90002E-1 5.94694E-1 5.96079E-1 5.9957E-1 6.02334E-1 6.00571E-1 5.97128E-1 6.00427E-1 5.95616E-1 5.90646E-1 5.939E-1 6.02746E-1 6.10518E-1 6.18319E-1 6.23245E-1 6.27927E-1
4.2976E-1 4.36571E-1 4.43064E-1 4.4556E-1 4.43765E-1 4.44744E-1 4.47874E-1 4.51256E-1 4.57044E-1 4.57202E-1 4.52317E-1 4.54891E-1 4.65352E-1 4.62877E-1 4.62978E-1 4.64562E-1 4.68766E-1 4.76555E-1 4.73834E-1 4.70711E-1 4.75232E-1 4.83881E-1 4.95625E-1 5.05925E-1 5.15462E-1 5.23685E-1 5.34864E-1 5.38881E-1 5.38649E-1 5.45607E-1 5.51124E-1 5.56453E-1 5.62808E-1 5.68538E-1 5.69617E-1 5.69117E-1 5.68954E-1 5.66972E-1 5.67135E-1 5.70532E-1 5.75231E-1 5.78697E-1 5.8206E-1 5.8071E-1 5.80855E-1 5.82488E-1 5.87098E-1 5.91691E-1 5.97103E-1 5.99481E-1 6.04341E-1 6.02991E-1 6.04737E-1 6.05964E-1 6.0519E-1 6.05891E-1 6.13896E-1 6.22663E-1 6.26738E-1 6.31381E-1 6.35754E-1
4.32229E-1 4.40961E-1 4.46113E-1 4.44797E-1 4.46293E-1 4.46634E-1 4.45943E-1 4.50179E-1 4.55554E-1 4.54415E-1 4.50743E-1 4.58484E-1 4.65948E-1 4.60658E-1 4.58081E-1 4.66074E-1 4.74581E-1 4.82009E-1 4.82681E-1 4.81342E-1 4.86063E-1 4.94072E-1 5.02306E-1 5.11897E-1 5.2006E-1 5.24543E-1 5.36409E-1 5.42445E-1 5.46489E-1 5.50997E-1 5.55112E-1 5.60273E-1 5.65737E-1 5.73491E-1 5.74397E-1 5.75832E-1 5.74937E-1 5.73934E-1 5.69779E-1 5.72361E-1 5.72219E-1 5.73524E-1 5.77969E-1 5.83271E-1 5.81895E-1 5.83663E-1 5.86092E-1 5.91614E-1 5.98059E-1 5.97421E-1 5.99889E-1 6.07778E-1 6.12709E-1 6.19217E-1 6.22566E-1 6.21827E-1 6.24322E-1 6.28892E-1 6.33367E-1 6.35243E-1 6.36679E-1
4.30254E-1 4.37053E-1 4.48108E-1 4.5198E-1 4.54441E-1 4.53925E-1 4.48155E-1 4.48443E-1 4.51173E-1 4.5352E-1 4.56197E-1 4.65857E-1 4.64616E-1 4.59115E-1 4.63917E-1 4.61894E-1 4.70892E-1 4.79097E-1 4.86362E-1 4.94527E-1 5.02827E-1 5.02979E-1 5.04874E-1 5.09229E-1 5.19712E-1 5.27791E-1 5.32682E-1 5.42583E-1 5.50293E-1 5.54616E-1 5.57336E-1 5.62853E-1 5.72704E-1 5.7435E-1 5.7901E-1 5.7885E-1 5.79297E-1 5.77454E-1 5.76011E-1 5.72727E-1 5.71655E-1 5.70577E-1 5.75237E-1 5.81891E-1 5.86674E-1 5.86796E-1 5.89134E-1 5.95481E-1 6.00842E-1 6.01777E-1 6.01941E-1 6.06574E-1 6.15068E-1 6.26679E-1 6.315E-1 6.35058E-1 6.34315E-1 6.34639E-1 6.3265E-1 6.32852E-1 6.34489E-1
4.29943E-1 4.35111E-1 4.45482E-1 4.54566E-1 4.54651E-1 4.52459E-1 4.50229E-1 4.43368E-1 4.5124E-1 4.58296E-1 4.62718E-1 4.70401E-1 4.66113E-1 4.6553E-1 4.67365E-1 4.66954E-1 4.65859E-1 4.7531E-1 4.86103E-1 4.96248E-1 5E-1 4.97522E-1 4.98987E-1 5.04939E-1 5.18383E-1 5.28746E-1 5.31485E-1 5.32355E-1 5.39043E-1 5.4589E-1 5.50856E-1 5.58142E-1 5.68135E-1 5.77893E-1 5.79453E-1 5.83963E-1 5.83228E-1 5.81436E-1 5.78324E-1 5.72973E-1 5.67729E-1 5.62179E-1 5.6872E-1 5.83894E-1 5.88183E-1 5.88335E-1 5.91881E-1 5.98905E-1 6.04602E-1 6.0759E-1 6.10685E-1 6.15601E-1 6.20879E-1 6.28773E-1 6.39697E-1 6.44956E-1 6.41314E-1 6.41446E-1 6.37021E-1 6.35927E-1 6.33835E-1
4.27206E-1 4.30534E-1 4.39674E-1 4.45713E-1 4.49842E-1 4.51244E-1 4.51527E-1 4.52616E-1 4.57545E-1 4.55881E-1 4.63907E-1 4.70298E-1 4.747E-1 4.73481E-1 4.66628E-1 4.66295E-1 4.64347E-1 4.73402E-1 4.8216E-1 4.84567E-1 4.8732E-1 4.92179E-1 4.9451E-1 5.02103E-1 5.18287E-1 5.2797E-1 5.26758E-1 5.22181E-1 5.3274E-1 5.41947E-1 5.47566E-1 5.57159E-1 5.68911E-1 5.77161E-1 5.85002E-1 5.85274E-1 5.85015E-1 5.85749E-1 5.83234E-1 5.81131E-1 5.73664E-1 5.61596E-1 5.69692E-1 5.82018E-1 5.88214E-1 5.88805E-1 5.94031E-1 5.98492E-1 6.10779E-1 6.11247E-1 6.16078E-1 6.21847E-1 6.29298E-1 6.37076E-1 6.47419E-1 6.4784E-1 6.46033E-1 6.44225E-1 6.38209E-1 6.38413E-1 6.40548E-1
4.25871E-1 4.32562E-1 4.37988E-1 4.42363E-1 4.45643E-1 4.45565E-1 4.51721E-1 4.60147E-1 4.62464E-1 4.61613E-1 4.6772E-1 4.74669E-1 4.85243E-1 4.86644E-1 4.69022E-1 4.67786E-1 4.73048E-1 4.75475E-1 4.7584E-1 4.70906E-1 4.74913E-1 4.83672E-1 4.8924E-1 4.99853E-1 5.14576E-1 5.25265E-1 5.25606E-1 5.25244E-1 5.31078E-1 5.4515E-1 5.55006E-1 5.63968E-1 5.73136E-1 5.81246E-1 5.87107E-1 5.86498E-1 5.85584E-1 5.85673E-1 5.87054E-1 5.89921E-1 5.87021E-1 5.81093E-1 5.83406E-1 5.88089E-1 5.91497E-1 5.92989E-1 5.97357E-1 6.05652E-1 6.15433E-1 6.2208E-1 6.27744E-1 6.31095E-1 6.37555E-1 6.43878E-1 6.49152E-1 6.52636E-1 6.51439E-1 6.4841E-1 6.46747E-1 6.47799E-1 6.47753E-1
4.28804E-1 4.35437E-1 4.45185E-1 4.44142E-1 4.46812E-1 4.48826E-1 4.53997E-1 4.58972E-1 4.6259E-1 4.65082E-1 4.71265E-1 4.77931E-1 4.83347E-1 4.87541E-1 4.74894E-1 4.70525E-1 4.74837E-1 4.77152E-1 4.76183E-1 4.72338E-1 4.79711E-1 4.8509E-1 4.89829E-1 5.03596E-1 5.1709E-1 5.28259E-1 5.3501E-1 5.37029E-1 5.46283E-1 5.56177E-1 5.61861E-1 5.73133E-1 5.84133E-1 5.85441E-1 5.89772E-1 5.93932E-1 5.96576E-1 5.85353E-1 5.87983E-1 5.94212E-1 6.01062E-1 5.96074E-1 5.95402E-1 5.96721E-1 6.00847E-1 6.04439E-1 6.10853E-1 6.14674E-1 6.20449E-1 6.28224E-1 6.38148E-1 6.41939E-1 6.44349E-1 6.45645E-1 6.50482E-1 6.56773E-1 6.58188E-1 6.57029E-1 6.5807E-1 6.59527E-1 6.58879E-1
4.36114E-1 4.41264E-1 4.46455E-1 4.49393E-1 4.50011E-1 4.53398E-1 4.55814E-1 4.60508E-1 4.63505E-1 4.67134E-1 4.68804E-1 4.72414E-1 4.75854E-1 4.81551E-1 4.77626E-1 4.75413E-1 4.73107E-1 4.7529E-1 4.79278E-1 4.86154E-1 4.9365E-1 4.99123E-1 5.04237E-1 5.11964E-1 5.23584E-1 5.37341E-1 5.42953E-1 5.50738E-1 5.57097E-1 5.64251E-1 5.69163E-1 5.7927E-1 5.86215E-1 5.88812E-1 5.93799E-1 5.93942E-1 5.91212E-1 5.89386E-1 5.91647E-1 5.99144E-1 6.08623E-1 6.09489E-1 6.0812E-1 6.11137E-1 6.17803E-1 6.186E-1 6.27324E-1 6.27531E-1 6.28225E-1 6.32374E-1 6.46669E-1 6.52096E-1 6.52278E-1 6.55616E-1 6.61318E-1 6.63303E-1 6.61922E-1 6.61348E-1 6.67652E-1 6.6915E-1 6.71938E-1
4.39724E-1 4.40861E-1 4.46546E-1 4.50486E-1 4.52871E-1 4.56269E-1 4.59611E-1 4.61702E-1 4.64056E-1 4.66815E-1 4.71935E-1 4.73838E-1 4.77054E-1 4.82392E-1 4.81604E-1 4.81737E-1 4.8158E-1 4.82941E-1 4.83929E-1 4.90918E-1 5.00072E-1 5.13534E-1 5.25965E-1 5.2777E-1 5.33941E-1 5.43116E-1 5.50207E-1 5.57868E-1 5.64083E-1 5.7253E-1 5.79529E-1 5.86006E-1 5.88641E-1 5.89667E-1 5.93997E-1 5.92988E-1 5.94986E-1 5.94181E-1 5.98226E-1 6.05132E-1 6.12506E-1 6.19314E-1 6.2183E-1 6.25842E-1 6.29019E-1 6.36343E-1 6.42484E-1 6.39065E-1 6.37943E-1 6.42015E-1 6.50936E-1 6.61892E-1 6.62412E-1 6.62976E-1 6.67564E-1 6.72499E-1 6.67091E-1 6.69681E-1 6.74268E-1 6.80991E-1 6.82732E-1
4.37646E-1 4.37099E-1 4.4344E-1 4.50193E-1 4.56172E-1 4.61189E-1 4.63899E-1 4.67564E-1 4.67563E-1 4.71629E-1 4.75786E-1 4.81754E-1 4.89519E-1 4.93374E-1 4.89187E-1 4.93325E-1 4.93264E-1 4.96047E-1 4.98175E-1 5.04539E-1 5.10587E-1 5.21131E-1 5.35479E-1 5.34695E-1 5.40745E-1 5.53536E-1 5.60391E-1 5.64304E-1 5.73618E-1 5.83067E-1 5.93241E-1 5.97071E-1 5.98244E-1 5.95699E-1 6.01625E-1 6.023E-1 6.02452E-1 6.02231E-1 6.09021E-1 6.16392E-1 6.26391E-1 6.28925E-1 6.3195E-1 6.38018E-1 6.40039E-1 6.46648E-1 6.47865E-1 6.47187E-1 6.47898E-1 6.54625E-1 6.63312E-1 6.68302E-1 6.69768E-1 6.76336E-1 6.7645E-1 6.81566E-1 6.78057E-1 6.74123E-1 6.81763E-1 6.92532E-1 7.00298E-1
4.36419E-1 4.37413E-1 4.45636E-1 4.52353E-1 4.61382E-1 4.65494E-1 4.67074E-1 4.69289E-1 4.73531E-1 4.72915E-1 4.80553E-1 4.87965E-1 4.96324E-1 4.99161E-1 4.97774E-1 4.99833E-1 5.05816E-1 5.11418E-1 5.16331E-1 5.21E-1 5.25943E-1 5.33544E-1 5.45061E-1 5.47884E-1 5.51627E-1 5.64058E-1 5.67436E-1 5.70909E-1 5.80426E-1 5.91616E-1 6.05467E-1 6.14182E-1 6.15425E-1 6.1366E-1 6.19817E-1 6.15725E-1 6.14622E-1 6.17767E-1 6.18969E-1 6.26707E-1 6.34611E-1 6.34903E-1 6.40143E-1 6.46794E-1 6.49663E-1 6.4965E-1 6.50386E-1 6.515E-1 6.55917E-1 6.63817E-1 6.70953E-1 6.76254E-1 6.84233E-1 6.84183E-1 6.83876E-1 6.8806E-1 6.90713E-1 6.91557E-1 6.9178E-1 7.02851E-1 7.11681E-1
4.45071E-1 4.47852E-1 4.51192E-1 4.56142E-1 4.61766E-1 4.67889E-1 4.73686E-1 4.75889E-1 4.79528E-1 4.78937E-1 4.87571E-1 4.93195E-1 5.01224E-1 5.01222E-1 5.05434E-1 5.10359E-1 5.1635E-1 5.18316E-1 5.13699E-1 5.17266E-1 5.24168E-1 5.3263E-1 5.4375E-1 5.59856E-1 5.69048E-1 5.67918E-1 5.68777E-1 5.7807E-1 5.89683E-1 5.99123E-1 6.09602E-1 6.24169E-1 6.24829E-1 6.27366E-1 6.24666E-1 6.24937E-1 6.30447E-1 6.37203E-1 6.34996E-1 6.38715E-1 6.39508E-1 6.40213E-1 6.4568E-1 6.52895E-1 6.52759E-1 6.51174E-1 6.50001E-1 6.51749E-1 6.62966E-1 6.72978E-1 6.77917E-1 6.81669E-1 6.84879E-1 6.92666E-1 6.96001E-1 6.97456E-1 7.0416E-1 7.09829E-1 7.06496E-1 7.09741E-1 7.12875E-1
4.50548E-1 4.58964E-1 4.54912E-1 4.59477E-1 4.6564E-1 4.71745E-1 4.77229E-1 4.8201E-1 4.86631E-1 4.91321E-1 4.95907E-1 5.03069E-1 5.03333E-1 5.07725E-1 5.11254E-1 5.21855E-1 5.19686E-1 5.19932E-1 5.15389E-1 5.19721E-1 5.28277E-1 5.40417E-1 5.52499E-1 5.61524E-1 5.68927E-1 5.67759E-1 5.69356E-1 5.80024E-1 5.97717E-1 6.05015E-1 6.12162E-1 6.21288E-1 6.24198E-1 6.25728E-1 6.27417E-1 6.3172E-1 6.44206E-1 6.49293E-1 6.45294E-1 6.46977E-1 6.44845E-1 6.42083E-1 6.50967E-1 6.60186E-1 6.58366E-1 6.53946E-1 6.48636E-1 6.53497E-1 6.66683E-1 6.78662E-1 6.84899E-1 6.86331E-1 6.87621E-1 6.91213E-1 6.93178E-1 6.99869E-1 7.09796E-1 7.16693E-1 7.12659E-1 7.10417E-1 7.18451E-1
4.4784E-1 4.57019E-1 4.56583E-1 4.56511E-1 4.64979E-1 4.73706E-1 4.84259E-1 4.84527E-1 4.91214E-1 4.96524E-1 5.03145E-1 5.09096E-1 5.12722E-1 5.16102E-1 5.20984E-1 5.25255E-1 5.21808E-1 5.23831E-1 5.26777E-1 5.33138E-1 5.41583E-1 5.53082E-1 5.6464E-1 5.71455E-1 5.73239E-1 5.75752E-1 5.79997E-1 5.89571E-1 6.05046E-1 6.16952E-1 6.23343E-1 6.26232E-1 6.20877E-1 6.19919E-1 6.26018E-1 6.37472E-1 6.47998E-1 6.48663E-1 6.46873E-1 6.46898E-1 6.44376E-1 6.42053E-1 6.53679E-1 6.62263E-1 6.63257E-1 6.59399E-1 6.5478E-1 6.6003E-1 6.73713E-1 6.84741E-1 6.90567E-1 6.91395E-1 6.9109E-1 6.93919E-1 6.98947E-1 7.0466E-1 7.10091E-1 7.11096E-1 7.13065E-1 7.08657E-1 7.10779E-1
4.44993E-1 4.53433E-1 4.60288E-1 4.63695E-1 4.66389E-1 4.73508E-1 4.839E-1 4.87244E-1 4.89963E-1 4.92461E-1 5.00041E-1 5.09378E-1 5.1452E-1 5.2193E-1 5.28257E-1 5.31661E-1 5.26819E-1 5.26134E-1 5.36879E-1 5.50287E-1 5.62027E-1 5.71271E-1 5.78167E-1 5.84135E-1 5.87026E-1 5.88069E-1 5.95163E-1 6.04577E-1 6.15693E-1 6.29567E-1 6.3735E-1 6.36826E-1 6.26792E-1 6.22661E-1 6.34862E-1 6.44643E-1 6.53709E-1 6.50279E-1 6.48181E-1 6.44149E-1 6.38526E-1 6.39658E-1 6.48473E-1 6.56309E-1 6.63135E-1 6.66776E-1 6.70345E-1 6.71959E-1 6.8345E-1 6.94204E-1 7.00866E-1 7.03047E-1 7.00279E-1 7.00075E-1 6.96892E-1 7.03589E-1 6.98419E-1 7.0723E-1 7.07968E-1 7.03378E-1 7.09557E-1
4.46222E-1 4.52099E-1 4.53301E-1 4.58109E-1 4.6313E-1 4.74357E-1 4.82309E-1 4.87974E-1 4.90399E-1 4.93588E-1 5.00929E-1 5.07642E-1 5.1631E-1 5.22137E-1 5.29661E-1 5.39667E-1 5.374E-1 5.37568E-1 5.50654E-1 5.66137E-1 5.77151E-1 5.82795E-1 5.81772E-1 5.8352E-1 5.91177E-1 5.99866E-1 6.08536E-1 6.14496E-1 6.28902E-1 6.38149E-1 6.44573E-1 6.46454E-1 6.43894E-1 6.43451E-1 6.49999E-1 6.57698E-1 6.58381E-1 6.51499E-1 6.46103E-1 6.44323E-1 6.41985E-1 6.40483E-1 6.49654E-1 6.56449E-1 6.66868E-1 6.77599E-1 6.84107E-1 6.8685E-1 6.90556E-1 7.01546E-1 7.09205E-1 7.13803E-1 7.13131E-1 7.08682E-1 7.01273E-1 6.9322E-1 6.96962E-1 7.02081E-1 7.11872E-1 7.12348E-1 7.22169E-1
4.51091E-1 4.55991E-1 4.54748E-1 4.5168E-1 4.6069E-1 4.70415E-1 4.79974E-1 4.86046E-1 4.91627E-1 4.98386E-1 5.03127E-1 5.08125E-1 5.15629E-1 5.21335E-1 5.29304E-1 5.36308E-1 5.40099E-1 5.47204E-1 5.60987E-1 5.72339E-1 5.78866E-1 5.8312E-1 5.86202E-1 5.99832E-1 6.03044E-1 6.11461E-1 6.22021E-1 6.35003E-1 6.37458E-1 6.41996E-1 6.50052E-1 6.5508E-1 6.57443E-1 6.63184E-1 6.65495E-1 6.66352E-1 6.69471E-1 6.58013E-1 6.50016E-1 6.51458E-1 6.46361E-1 6.51363E-1 6.54062E-1 6.58137E-1 6.70112E-1 6.82099E-1 6.91548E-1 6.8811E-1 6.94723E-1 6.98969E-1 7.09778E-1 7.13835E-1 7.17667E-1 7.185E-1 7.09724E-1 6.98948E-1 6.93918E-1 7.05394E-1 7.17742E-1 7.26011E-1 7.3673E-1
4.49441E-1 4.44876E-1 4.50666E-1 4.5195E-1 4.58334E-1 4.68538E-1 4.7755E-1 4.84152E-1 4.91959E-1 5.02916E-1 5.05404E-1 5.11458E-1 5.14629E-1 5.18242E-1 5.26825E-1 5.34801E-1 5.42655E-1 5.48148E-1 5.53692E-1 5.67922E-1 5.75932E-1 5.76664E-1 5.92883E-1 6.09612E-1 6.15049E-1 6.17413E-1 6.32367E-1 6.41238E-1 6.44602E-1 6.46237E-1 6.56776E-1 6.58972E-1 6.65718E-1 6.84273E-1 6.79269E-1 6.62864E-1 6.54954E-1 6.57452E-1 6.49949E-1 6.4966E-1 6.6212E-1 6.68429E-1 6.64223E-1 6.74402E-1 6.73184E-1 6.83256E-1 6.91987E-1 6.925E-1 7.01389E-1 7.07963E-1 7.11498E-1 7.16008E-1 7.26099E-1 7.34223E-1 7.23892E-1 7.13914E-1 7.05282E-1 7.16509E-1 7.25805E-1 7.36098E-1 7.48064E-1
4.47491E-1 4.43875E-1 4.4254E-1 4.51772E-1 4.59202E-1 4.70011E-1 4.75019E-1 4.8388E-1 4.92221E-1 4.9517E-1 5.00875E-1 5.07571E-1 5.15273E-1 5.17939E-1 5.25238E-1 5.31959E-1 5.41022E-1 5.525E-1 5.6487E-1 5.67951E-1 5.66797E-1 5.68525E-1 5.84486E-1 6.01518E-1 6.16289E-1 6.3132E-1 6.4127E-1 6.45758E-1 6.46918E-1 6.49772E-1 6.53402E-1 6.58149E-1 6.72218E-1 6.79059E-1 6.76539E-1 6.70545E-1 6.66087E-1 6.63657E-1 6.53979E-1 6.49128E-1 6.55186E-1 6.60172E-1 6.67251E-1 6.80594E-1 6.83109E-1 6.86282E-1 6.97031E-1 7.05159E-1 7.1088E-1 7.14258E-1 7.19064E-1 7.18465E-1 7.30864E-1 7.35762E-1 7.27677E-1 7.18658E-1 7.16405E-1 7.24162E-1 7.32434E-1 7.43935E-1 7.51688E-1
4.41532E-1 4.40911E-1 4.4061E-1 4.44793E-1 4.58706E-1 4.67147E-1 4.75322E-1 4.7926E-1 4.86174E-1 4.943E-1 4.99871E-1 5.06274E-1 5.11709E-1 5.19118E-1 5.21973E-1 5.26954E-1 5.31949E-1 5.43926E-1 5.55119E-1 5.60336E-1 5.61277E-1 5.69508E-1 5.83527E-1 5.97659E-1 6.14819E-1 6.3537E-1 6.4469E-1 6.48673E-1 6.48324E-1 6.48797E-1 6.56868E-1 6.63853E-1 6.72108E-1 6.75716E-1 6.76874E-1 6.73941E-1 6.7359E-1 6.6622E-1 6.52481E-1 6.51611E-1 6.52659E-1 6.61821E-1 6.8177E-1 6.87893E-1 6.89728E-1 6.95397E-1 6.9749E-1 7.01108E-1 7.13186E-1 7.21696E-1 7.26124E-1 7.22487E-1 7.30203E-1 7.36291E-1 7.26908E-1 7.229E-1 7.24863E-1 7.29781E-1 7.34681E-1 7.47794E-1 7.50043E-1
