maxent_outputs/bumblebees/bombus_336.asc
ncols         426
nrows         180
xllcorner     -130.0
yllcorner     24.0
cellsize      0.16666666666666666
NODATA_value  -9999
[rows 27 to 53 of 180, columns 61 to 121 of 426]
1.15229E-1 2.03502E-1 8.16385E-2 7.21167E-2 8.97098E-2 9.63917E-2 7.03354E-2 8.34523E-2 1.0439E-1 7.57238E-2 1.78887E-1 1.09491E-1 8.57926E-2 1.42733E-1 9.04967E-2 7.57772E-2 5.2061E-2 6.2103E-2 1.58359E-1 4.25678E-2 5.09796E-2 4.75144E-2 4.8876E-2 5.73188E-2 6.21231E-2 5.92448E-2 8.14206E-2 5.9158E-2 4.76472E-2 3.76663E-2 3.22922E-2 3.44173E-2 5.14292E-2 6.5071E-2 7.12231E-2 6.78266E-2 6.57827E-2 6.8631E-2 7.56015E-2 7.30923E-2 7.17107E-2 7.66355E-2 7.64352E-2 7.92082E-2 7.73819E-2 7.75596E-2 7.35604E-2 6.91426E-2 6.54893E-2 6.39398E-2 6.30965E-2 6.11481E-2 5.96482E-2 5.63946E-2 4.86737E-2 4.07925E-2 3.51057E-2 3.51882E-2 3.46746E-2 3.537E-2 3.52925E-2
1.25984E-1 1.89701E-1 9.4522E-2 7.00917E-2 9.64619E-2 1.08129E-1 8.8841E-2 8.32529E-2 1.26299E-1 9.86422E-2 8.12759E-2 8.10387E-2 1.25431E-1 1.3125E-1 8.77054E-2 9.08553E-2 5.6617E-2 5.51123E-2 1.05022E-1 9.5991E-2 6.54539E-2 5.77183E-2 5.1135E-2 5.60915E-2 4.87976E-2 4.93001E-2 7.86232E-2 9.54797E-2 6.42784E-2 4.28073E-2 3.25399E-2 3.37806E-2 3.44574E-2 4.0412E-2 4.30495E-2 5.87773E-2 6.51693E-2 6.94786E-2 6.83023E-2 7.07095E-2 6.75915E-2 6.6389E-2 6.37786E-2 6.23921E-2 6.25923E-2 6.75683E-2 7.076E-2 6.71952E-2 6.28795E-2 5.99309E-2 5.8575E-2 5.81036E-2 5.75051E-2 5.67485E-2 5.23228E-2 4.35549E-2 3.60975E-2 3.38149E-2 3.31603E-2 3.01658E-2 2.99078E-2
1.41727E-1 1.69863E-1 1.50215E-1 7.87147E-2 8.75538E-2 1.04204E-1 1.04521E-1 1.05261E-1 1.33005E-1 1.6805E-1 9.41943E-2 1.05055E-1 1.39022E-1 1.56773E-1 1.06566E-1 1.1549E-1 6.03821E-2 5.79138E-2 6.84988E-2 1.67985E-1 1.03488E-1 7.14031E-2 6.55802E-2 5.214E-2 5.38165E-2 5.6786E-2 5.37609E-2 1.08864E-1 8.42568E-2 4.02986E-2 3.28305E-2 4.07686E-2 4.02431E-2 3.13353E-2 3.27368E-2 5.03633E-2 6.06408E-2 6.20086E-2 6.10954E-2 6.29335E-2 6.20051E-2 5.80064E-2 5.85106E-2 5.79012E-2 5.37839E-2 5.62639E-2 6.19777E-2 6.09749E-2 6.37778E-2 6.60336E-2 6.74366E-2 6.32124E-2 6.07003E-2 5.6926E-2 5.09072E-2 5.06603E-2 4.80822E-2 3.89212E-2 3.22105E-2 3.0263E-2 3.05016E-2
1.11786E-1 1.73652E-1 2.0518E-1 8.11229E-2 6.83559E-2 9.98849E-2 1.13126E-1 1.24236E-1 9.87006E-2 1.49892E-1 1.37573E-1 1.64305E-1 1.73547E-1 1.36058E-1 1.14918E-1 1.0676E-1 7.29797E-2 7.72704E-2 5.86486E-2 8.97156E-2 1.55939E-1 9.18044E-2 6.21074E-2 5.22526E-2 6.81941E-2 6.04356E-2 4.87648E-2 9.99396E-2 1.09406E-1 5.45848E-2 3.79285E-2 3.75897E-2 5.29755E-2 3.63213E-2 2.88244E-2 3.40148E-2 3.94095E-2 4.85974E-2 6.05562E-2 5.65719E-2 5.65291E-2 5.63658E-2 5.8254E-2 5.74896E-2 5.35093E-2 5.44623E-2 5.66173E-2 6.3868E-2 5.6887E-2 5.03806E-2 5.40686E-2 5.28585E-2 5.64849E-2 6.39201E-2 5.61798E-2 5.21164E-2 5.32311E-2 4.99823E-2 4.49651E-2 4.39273E-2 4.3624E-2
1.09392E-1 1.61855E-1 2.00655E-1 9.85356E-2 8.42523E-2 8.69302E-2 1.02539E-1 9.95509E-2 8.29126E-2 1.34403E-1 1.94427E-1 1.57584E-1 1.24832E-1 1.22245E-1 1.44051E-1 9.1987E-2 9.21411E-2 1.24945E-1 7.31423E-2 5.88117E-2 1.49069E-1 1.5098E-1 1.02808E-1 7.81695E-2 6.98551E-2 5.33826E-2 5.95293E-2 7.80211E-2 6.4288E-2 8.9907E-2 4.56076E-2 3.45183E-2 4.20748E-2 5.71607E-2 4.32494E-2 2.86488E-2 3.1511E-2 4.35291E-2 5.81444E-2 5.64491E-2 5.3972E-2 5.76523E-2 5.88354E-2 6.16192E-2 6.05171E-2 5.62042E-2 6.31513E-2 6.52226E-2 5.42235E-2 5.2424E-2 4.93394E-2 4.55801E-2 4.85645E-2 5.27547E-2 5.43426E-2 5.25897E-2 5.08856E-2 5.28299E-2 5.33459E-2 5.07573E-2 5.27168E-2
1.21118E-1 1.61807E-1 1.53111E-1 1.00754E-1 1.06663E-1 1.02337E-1 1.18003E-1 9.35051E-2 9.59801E-2 1.43289E-1 2.02566E-1 1.69895E-1 1.33654E-1 1.16396E-1 1.34541E-1 1.28432E-1 1.14054E-1 1.69652E-1 8.58064E-2 7.50985E-2 1.50276E-1 8.4654E-2 1.01878E-1 1.23445E-1 6.26762E-2 7.75345E-2 6.08361E-2 1.06099E-1 5.75914E-2 6.18068E-2 6.15734E-2 6.87897E-2 4.53774E-2 4.3608E-2 6.32939E-2 7.80968E-2 3.52547E-2 3.25216E-2 3.64071E-2 5.76386E-2 5.58568E-2 6.45511E-2 6.79517E-2 7.135E-2 7.59184E-2 7.49386E-2 7.92516E-2 6.58347E-2 5.85314E-2 5.47426E-2 5.26819E-2 4.92719E-2 4.88901E-2 4.83473E-2 4.8531E-2 5.00813E-2 5.07466E-2 5.21185E-2 5.26813E-2 5.45607E-2 5.51293E-2
1.32771E-1 1.9866E-1 1.65145E-1 1.07909E-1 9.93297E-2 1.22584E-1 1.31475E-1 9.40009E-2 1.24842E-1 2.1126E-1 1.49812E-1 1.72368E-1 1.53157E-1 1.17123E-1 1.24159E-1 1.44571E-1 1.30365E-1 1.55576E-1 9.81772E-2 1.13749E-1 1.6187E-1 8.71594E-2 6.53541E-2 1.31866E-1 7.80319E-2 1.28479E-1 1.04539E-1 1.0726E-1 6.27901E-2 5.65588E-2 4.87313E-2 7.63092E-2 9.49953E-2 8.17136E-2 8.19309E-2 5.96158E-2 5.06737E-2 3.41918E-2 3.06001E-2 5.65748E-2 5.82081E-2 6.45515E-2 7.12759E-2 7.29679E-2 7.51437E-2 7.344E-2 7.42766E-2 6.76533E-2 6.44639E-2 6.06893E-2 5.48716E-2 5.31173E-2 5.08932E-2 5.09371E-2 4.99958E-2 4.98238E-2 4.98724E-2 5.10214E-2 5.14108E-2 5.56223E-2 5.67774E-2
1.80546E-1 1.61982E-1 1.67389E-1 1.51972E-1 1.46628E-1 1.53051E-1 1.52223E-1 1.30453E-1 1.45186E-1 1.95196E-1 1.63004E-1 1.4037E-1 1.74211E-1 1.3118E-1 1.44083E-1 1.60184E-1 1.54844E-1 1.63396E-1 1.4435E-1 1.79102E-1 2.08632E-1 1.23347E-1 6.84139E-2 1.01856E-1 6.08391E-2 8.83062E-2 8.95167E-2 9.1613E-2 7.89297E-2 6.99322E-2 4.54396E-2 6.61247E-2 9.35498E-2 9.74713E-2 6.86413E-2 5.63202E-2 4.51994E-2 4.62181E-2 3.87108E-2 3.98887E-2 4.85385E-2 6.09598E-2 6.87975E-2 7.56881E-2 7.42344E-2 6.93779E-2 6.80889E-2 6.48161E-2 6.07373E-2 5.51105E-2 5.45835E-2 5.39381E-2 5.52762E-2 5.28622E-2 5.35139E-2 5.38968E-2 5.10828E-2 5.07099E-2 4.97288E-2 5.08571E-2 4.95461E-2
1.81113E-1 1.77657E-1 1.5704E-1 1.64503E-1 1.63207E-1 1.56493E-1 1.69607E-1 1.71044E-1 1.93567E-1 2.19694E-1 1.43406E-1 1.56426E-1 1.70569E-1 1.55104E-1 1.62232E-1 1.61823E-1 1.59892E-1 1.49625E-1 1.64029E-1 1.68391E-1 1.95104E-1 1.33301E-1 1.23133E-1 1.1324E-1 9.02242E-2 5.91712E-2 9.25493E-2 8.44374E-2 8.0985E-2 7.08948E-2 7.2271E-2 7.36677E-2 8.04486E-2 1.11222E-1 1.27776E-1 6.01214E-2 4.78495E-2 4.16182E-2 3.47344E-2 3.62865E-2 3.5658E-2 3.82362E-2 5.51304E-2 6.69189E-2 6.56343E-2 6.26142E-2 6.33812E-2 6.31723E-2 6.24499E-2 6.03504E-2 5.80324E-2 6.05766E-2 6.03844E-2 6.03729E-2 6.36187E-2 6.41767E-2 5.83574E-2 5.681E-2 5.32805E-2 4.62163E-2 4.44541E-2
1.19885E-1 1.38857E-1 1.27853E-1 1.32145E-1 1.90164E-1 1.68182E-1 1.94129E-1 1.8678E-1 2.07351E-1 2.00034E-1 1.80315E-1 1.86505E-1 1.98183E-1 1.79872E-1 1.81819E-1 1.73965E-1 1.41644E-1 1.59997E-1 1.60666E-1 1.51057E-1 1.23086E-1 1.03574E-1 9.52533E-2 8.74081E-2 1.19208E-1 8.95538E-2 8.31435E-2 7.85362E-2 7.80673E-2 5.97635E-2 7.43915E-2 7.63405E-2 7.94704E-2 1.11488E-1 1.67661E-1 8.15869E-2 5.00639E-2 4.10514E-2 4.49446E-2 3.21286E-2 3.20783E-2 3.22211E-2 4.45897E-2 6.23377E-2 6.96614E-2 7.7124E-2 7.65956E-2 7.91665E-2 7.84547E-2 7.66662E-2 7.32048E-2 7.45137E-2 6.9151E-2 6.69235E-2 6.92343E-2 7.51534E-2 6.88094E-2 6.32014E-2 6.75873E-2 5.92043E-2 5.16681E-2
1.19155E-1 1.31821E-1 1.27631E-1 1.58929E-1 1.48522E-1 1.45204E-1 1.40745E-1 1.32902E-1 1.48137E-1 1.53349E-1 1.65431E-1 1.63555E-1 1.65149E-1 1.94339E-1 2.14024E-1 1.89041E-1 1.8703E-1 1.82427E-1 1.83186E-1 1.38916E-1 1.14892E-1 1.10664E-1 1.06766E-1 1.00077E-1 8.52313E-2 1.1066E-1 9.17036E-2 6.23156E-2 8.78732E-2 6.46801E-2 7.69842E-2 9.17173E-2 9.23457E-2 1.14685E-1 1.53666E-1 6.79643E-2 6.10089E-2 3.11175E-2 3.99838E-2 2.89371E-2 3.26162E-2 4.12395E-2 3.67906E-2 5.96674E-2 6.7354E-2 7.64046E-2 7.88056E-2 7.40431E-2 7.42006E-2 6.67684E-2 6.50262E-2 7.16685E-2 7.67899E-2 7.88527E-2 7.94374E-2 7.59437E-2 7.17204E-2 7.0958E-2 6.93487E-2 7.15867E-2 6.57269E-2
1.38063E-1 1.38946E-1 1.77306E-1 1.99424E-1 1.664E-1 1.66295E-1 1.56761E-1 1.482E-1 1.42054E-1 1.41031E-1 1.42647E-1 1.46978E-1 1.63201E-1 1.72831E-1 2.04245E-1 1.93482E-1 1.71339E-1 1.77327E-1 2.11628E-1 1.75463E-1 1.63129E-1 1.52165E-1 1.22615E-1 1.04543E-1 7.28962E-2 8.45912E-2 1.05695E-1 9.557E-2 8.76642E-2 9.47718E-2 8.43813E-2 1.01276E-1 9.47528E-2 1.10189E-1 1.01539E-1 4.25146E-2 6.96657E-2 3.16961E-2 3.47948E-2 3.31236E-2 3.14681E-2 4.52938E-2 5.00814E-2 6.20808E-2 6.73144E-2 7.05592E-2 7.54142E-2 8.00927E-2 7.68644E-2 7.80657E-2 7.45743E-2 7.66158E-2 7.75912E-2 7.62827E-2 6.78446E-2 6.27882E-2 6.84098E-2 7.28075E-2 6.90176E-2 6.87724E-2 6.4811E-2
1.67047E-1 1.70923E-1 2.31485E-1 2.11033E-1 2.06519E-1 1.93981E-1 1.8439E-1 1.70875E-1 1.57579E-1 1.54783E-1 1.61828E-1 1.62652E-1 1.83092E-1 1.96661E-1 1.85557E-1 1.78132E-1 1.63685E-1 1.6632E-1 1.90058E-1 1.62843E-1 1.09251E-1 1.10086E-1 8.7551E-2 8.04801E-2 6.9235E-2 7.01575E-2 7.89204E-2 8.13964E-2 8.43294E-2 1.10954E-1 9.73661E-2 1.00308E-1 9.70612E-2 1.10831E-1 1.0791E-1 3.96113E-2 5.06599E-2 4.89487E-2 3.31171E-2 3.64459E-2 3.65246E-2 3.64731E-2 4.30977E-2 5.70341E-2 6.44719E-2 6.63068E-2 6.75114E-2 6.88655E-2 7.36223E-2 7.57811E-2 7.43853E-2 7.2418E-2 6.91768E-2 6.91248E-2 5.34724E-2 4.3111E-2 5.24876E-2 6.23222E-2 6.87074E-2 6.64747E-2 6.51562E-2
2.21591E-1 2.36102E-1 2.1929E-1 2.30017E-1 2.07178E-1 1.8892E-1 1.86905E-1 1.79013E-1 1.74014E-1 1.764E-1 1.87248E-1 1.95007E-1 1.9982E-1 2.10645E-1 1.97567E-1 1.83192E-1 1.75114E-1 1.61911E-1 1.45596E-1 1.50958E-1 1.31306E-1 1.16807E-1 1.05406E-1 9.2143E-2 7.81919E-2 7.68816E-2 7.27254E-2 8.29771E-2 9.72419E-2 9.5676E-2 7.61239E-2 7.01089E-2 7.74779E-2 9.44381E-2 9.40682E-2 5.8728E-2 4.1784E-2 4.7786E-2 4.20215E-2 3.28905E-2 3.27036E-2 2.8897E-2 3.12928E-2 4.13697E-2 5.25907E-2 6.33985E-2 6.77263E-2 6.28807E-2 7.40541E-2 7.35878E-2 7.08763E-2 6.06421E-2 5.55169E-2 5.67108E-2 5.31029E-2 5.24877E-2 5.56622E-2 5.78201E-2 5.88331E-2 6.12143E-2 6.24878E-2
2.56655E-1 2.50534E-1 2.84558E-1 2.85518E-1 2.6411E-1 2.28564E-1 2.05226E-1 1.9177E-1 1.89127E-1 2.01589E-1 2.08683E-1 2.15705E-1 2.22076E-1 2.17011E-1 2.06388E-1 1.85869E-1 1.76925E-1 1.69488E-1 1.49377E-1 1.31985E-1 1.27561E-1 1.04742E-1 8.1481E-2 6.57278E-2 6.77111E-2 6.72108E-2 7.3301E-2 6.20143E-2 6.2735E-2 8.08565E-2 9.40828E-2 7.66464E-2 8.47944E-2 7.3681E-2 7.47264E-2 4.46217E-2 4.50612E-2 4.33948E-2 4.92911E-2 4.46148E-2 3.82542E-2 3.23044E-2 3.40506E-2 3.98902E-2 4.29369E-2 5.46884E-2 6.89808E-2 7.50777E-2 5.54239E-2 5.77603E-2 5.44032E-2 5.44735E-2 4.02638E-2 4.20047E-2 3.89372E-2 3.55575E-2 4.49316E-2 5.15307E-2 5.56759E-2 5.74677E-2 5.83383E-2
2.81365E-1 2.87089E-1 3.07794E-1 3.16112E-1 2.74616E-1 2.38205E-1 2.2088E-1 2.13492E-1 2.10316E-1 2.22334E-1 2.29254E-1 2.37976E-1 2.31342E-1 2.24318E-1 2.15922E-1 1.96158E-1 1.79563E-1 1.7525E-1 1.64414E-1 1.40591E-1 1.29193E-1 1.13133E-1 9.02646E-2 1.16494E-1 1.05833E-1 8.34315E-2 7.93877E-2 6.42812E-2 6.10397E-2 5.69672E-2 8.33894E-2 7.06752E-2 7.20843E-2 8.01782E-2 8.85455E-2 6.84695E-2 5.63339E-2 5.94138E-2 5.79581E-2 4.77991E-2 3.92394E-2 3.79259E-2 4.7767E-2 4.53414E-2 4.21942E-2 4.34314E-2 5.33803E-2 5.48506E-2 3.77265E-2 3.69585E-2 3.64394E-2 4.24998E-2 3.37104E-2 2.94003E-2 2.78488E-2 2.78545E-2 3.34979E-2 4.21808E-2 4.9091E-2 5.35924E-2 5.48988E-2
3.08175E-1 3.16168E-1 2.98828E-1 3.09618E-1 3.10503E-1 2.73365E-1 2.57503E-1 2.38667E-1 2.47582E-1 2.70154E-1 2.65418E-1 2.55709E-1 2.6112E-1 2.63709E-1 2.44511E-1 2.00475E-1 1.82781E-1 1.55026E-1 1.50496E-1 1.44818E-1 1.40154E-1 1.35404E-1 1.29073E-1 1.31522E-1 8.35904E-2 9.02454E-2 8.61506E-2 7.28035E-2 6.78984E-2 5.55044E-2 5.37067E-2 6.40725E-2 6.3511E-2 6.40799E-2 8.28252E-2 5.97433E-2 6.4272E-2 5.63358E-2 4.96704E-2 4.585E-2 4.1538E-2 4.13086E-2 3.86391E-2 3.35243E-2 4.04038E-2 4.42931E-2 4.77111E-2 5.43468E-2 4.51498E-2 3.47381E-2 3.42394E-2 3.70078E-2 3.57549E-2 3.11713E-2 3.00035E-2 2.84744E-2 3.01089E-2 3.15258E-2 3.59995E-2 4.4989E-2 4.70416E-2
3.08884E-1 3.04015E-1 3.26145E-1 3.56563E-1 3.47581E-1 3.06641E-1 2.82071E-1 3.00326E-1 3.12849E-1 3.3444E-1 3.23525E-1 3.15613E-1 3.12553E-1 2.62026E-1 2.31507E-1 2.15395E-1 1.77733E-1 1.64362E-1 2.0357E-1 2.08817E-1 1.55662E-1 2.18319E-1 1.52197E-1 1.12241E-1 8.21684E-2 7.98831E-2 8.75501E-2 6.22781E-2 6.43571E-2 6.09554E-2 5.95904E-2 4.7023E-2 4.16777E-2 4.25938E-2 8.99311E-2 6.07092E-2 4.97299E-2 5.07907E-2 4.71798E-2 4.51211E-2 4.61546E-2 4.23003E-2 3.89319E-2 3.50095E-2 3.31772E-2 4.22082E-2 4.86102E-2 5.05809E-2 4.91262E-2 5.19264E-2 3.61823E-2 3.365E-2 3.63884E-2 3.51636E-2 3.35118E-2 3.34903E-2 3.61155E-2 3.73951E-2 4.09491E-2 4.58324E-2 4.89811E-2
1.98766E-1 2.47793E-1 3.23323E-1 3.83217E-1 3.97416E-1 3.43693E-1 3.27285E-1 3.35018E-1 2.75608E-1 2.52972E-1 2.70723E-1 2.57267E-1 2.25186E-1 1.78458E-1 1.75267E-1 2.55442E-1 2.74234E-1 2.70703E-1 2.61978E-1 1.796E-1 1.75246E-1 1.84988E-1 1.5627E-1 1.04207E-1 9.42111E-2 8.04966E-2 8.30392E-2 7.72678E-2 7.12487E-2 6.66366E-2 5.18074E-2 5.40363E-2 3.94449E-2 5.80321E-2 8.84446E-2 5.08198E-2 4.31512E-2 4.24289E-2 3.76676E-2 4.06046E-2 3.739E-2 3.8181E-2 3.96798E-2 3.36475E-2 3.61746E-2 3.54502E-2 4.10371E-2 3.88213E-2 3.38622E-2 5.17019E-2 4.7502E-2 3.34314E-2 3.33906E-2 3.51641E-2 3.16982E-2 3.36618E-2 3.98651E-2 4.62229E-2 4.91479E-2 5.109E-2 5.4418E-2
3.10566E-1 2.99514E-1 3.51481E-1 4.2238E-1 4.3528E-1 4.31048E-1 3.64844E-1 3.25168E-1 3.08369E-1 2.97993E-1 2.74399E-1 2.1674E-1 1.49055E-1 1.15716E-1 1.36639E-1 1.76864E-1 2.04235E-1 2.19845E-1 1.45804E-1 1.16872E-1 1.23501E-1 1.38237E-1 1.74761E-1 1.36381E-1 1.18706E-1 1.09285E-1 1.01236E-1 5.6847E-2 4.87583E-2 7.29911E-2 6.01788E-2 3.95522E-2 3.6228E-2 5.7836E-2 7.61761E-2 4.35694E-2 3.72558E-2 3.87027E-2 3.16334E-2 3.32088E-2 3.37743E-2 3.75679E-2 4.26542E-2 3.36982E-2 3.49498E-2 3.65535E-2 3.91124E-2 3.42916E-2 3.51492E-2 4.74371E-2 5.10408E-2 3.61411E-2 3.46782E-2 3.488E-2 3.42531E-2 3.10494E-2 3.02491E-2 3.35648E-2 4.27475E-2 4.56197E-2 4.97987E-2
3.04428E-1 3.11428E-1 2.82212E-1 2.77229E-1 3.1006E-1 4.28439E-1 3.89842E-1 4.01339E-1 3.66951E-1 3.33427E-1 2.22937E-1 1.18371E-1 9.75509E-2 1.11231E-1 1.22179E-1 1.66744E-1 1.81621E-1 2.05449E-1 1.07597E-1 1.15508E-1 1.15554E-1 1.3975E-1 1.58205E-1 1.9198E-1 1.45689E-1 1.29502E-1 1.02028E-1 8.27481E-2 8.098E-2 8.43308E-2 5.72193E-2 4.12405E-2 3.55327E-2 6.34539E-2 5.17569E-2 3.54253E-2 3.41589E-2 4.01989E-2 3.51787E-2 3.08501E-2 2.84363E-2 3.58335E-2 3.91418E-2 3.35354E-2 3.00622E-2 3.4177E-2 3.6756E-2 4.37875E-2 4.39427E-2 5.05107E-2 4.99623E-2 3.81613E-2 3.69912E-2 3.34487E-2 3.51634E-2 3.54077E-2 2.49755E-2 2.60459E-2 3.94838E-2 4.34896E-2 4.25531E-2
4.36519E-1 4.63098E-1 4.24E-1 4.151E-1 4.0378E-1 3.06128E-1 2.64363E-1 3.03459E-1 3.36613E-1 2.55845E-1 1.48696E-1 9.42306E-2 1.19262E-1 1.65402E-1 1.58022E-1 1.25765E-1 1.42902E-1 1.58631E-1 1.97988E-1 1.25267E-1 1.47566E-1 1.35602E-1 1.34812E-1 1.32904E-1 8.85165E-2 7.29366E-2 7.20201E-2 8.51632E-2 4.87167E-2 5.80325E-2 6.66858E-2 4.17559E-2 3.18238E-2 4.81654E-2 5.12163E-2 3.61273E-2 3.69839E-2 3.00618E-2 2.86629E-2 2.5473E-2 2.24889E-2 2.80843E-2 3.5643E-2 3.10201E-2 3.45328E-2 4.30845E-2 4.84654E-2 4.92711E-2 4.55627E-2 4.99446E-2 4.81145E-2 4.27586E-2 3.81494E-2 3.2197E-2 3.58674E-2 3.75442E-2 3.33427E-2 3.30893E-2 4.75629E-2 5.6543E-2 5.18194E-2
4.09065E-1 4.00338E-1 3.92822E-1 3.99739E-1 3.65462E-1 3.03156E-1 2.74537E-1 2.67931E-1 2.14792E-1 1.59165E-1 1.00967E-1 1.17381E-1 1.2235E-1 1.08677E-1 1.14909E-1 1.08967E-1 8.83308E-2 8.4937E-2 1.99328E-1 1.76875E-1 1.31238E-1 1.6466E-1 8.73555E-2 1.02968E-1 8.00626E-2 6.81746E-2 6.04454E-2 4.78699E-2 4.00782E-2 3.66608E-2 5.20946E-2 4.08371E-2 3.99845E-2 4.24677E-2 3.24465E-2 3.04398E-2 2.46613E-2 1.96734E-2 1.74401E-2 2.44592E-2 2.99998E-2 2.89892E-2 3.33048E-2 2.76351E-2 3.0242E-2 4.9315E-2 4.30047E-2 4.1253E-2 4.81084E-2 5.02372E-2 4.76211E-2 4.51825E-2 4.37548E-2 3.57793E-2 3.38208E-2 4.34885E-2 4.9265E-2 5.45135E-2 5.50894E-2 5.74736E-2 5.87024E-2
3.10503E-1 3.0774E-1 3.00018E-1 2.65894E-1 2.44671E-1 2.65081E-1 2.92298E-1 1.93772E-1 1.4825E-1 1.25793E-1 1.09523E-1 1.29914E-1 1.11094E-1 1.10146E-1 9.4187E-2 7.98334E-2 6.77027E-2 1.00244E-1 1.21239E-1 1.2289E-1 1.36749E-1 1.39651E-1 7.275E-2 4.15014E-2 3.88457E-2 3.58489E-2 4.09574E-2 4.87909E-2 4.29828E-2 3.49617E-2 3.26438E-2 2.89534E-2 3.26136E-2 3.64243E-2 2.9107E-2 3.31091E-2 2.78933E-2 1.85732E-2 1.7928E-2 2.47163E-2 2.43882E-2 2.39808E-2 3.57319E-2 3.35958E-2 3.85122E-2 4.10411E-2 2.24388E-2 2.96892E-2 4.0702E-2 4.41049E-2 3.87575E-2 3.75279E-2 3.78025E-2 3.41425E-2 3.42106E-2 4.40392E-2 3.18364E-2 3.68141E-2 3.75667E-2 3.88113E-2 4.63494E-2
2.55369E-1 2.25441E-1 1.94665E-1 1.80711E-1 1.84717E-1 1.93397E-1 1.78024E-1 1.33107E-1 1.10728E-1 1.21341E-1 1.27789E-1 1.4175E-1 9.90753E-2 8.31368E-2 8.03798E-2 8.59408E-2 6.915E-2 9.27163E-2 9.93299E-2 1.05097E-1 9.36972E-2 1.07485E-1 8.72116E-2 5.57511E-2 5.74286E-2 7.04106E-2 5.3125E-2 3.14141E-2 3.34892E-2 4.9715E-2 4.0456E-2 3.17748E-2 2.85028E-2 3.85629E-2 3.70621E-2 3.47309E-2 2.48666E-2 2.44618E-2 1.86256E-2 2.12254E-2 2.12508E-2 2.46165E-2 3.69606E-2 4.116E-2 4.33271E-2 4.00608E-2 3.34468E-2 2.49056E-2 4.11759E-2 3.33572E-2 2.53489E-2 2.89022E-2 2.27351E-2 2.04262E-2 3.66154E-2 3.38442E-2 1.79741E-2 2.22318E-2 1.98391E-2 3.11307E-2 3.98482E-2
1.81484E-1 1.61749E-1 1.36781E-1 1.10957E-1 1.09138E-1 1.02012E-1 9.12874E-2 9.08229E-2 9.40939E-2 9.61082E-2 1.06685E-1 1.3152E-1 1.01314E-1 5.93021E-2 4.02001E-2 4.35497E-2 5.52153E-2 7.9001E-2 1.00381E-1 4.25654E-2 6.83482E-2 4.83536E-2 3.24519E-2 2.80074E-2 2.7459E-2 3.88843E-2 3.28019E-2 2.55438E-2 2.84356E-2 2.56505E-2 3.03961E-2 3.50016E-2 3.45062E-2 3.05682E-2 2.65797E-2 3.64565E-2 2.38603E-2 2.3666E-2 2.01124E-2 1.84333E-2 2.11728E-2 2.67599E-2 3.78018E-2 4.087E-2 3.3229E-2 2.66878E-2 3.39818E-2 2.30185E-2 3.89071E-2 2.92726E-2 1.61553E-2 1.79488E-2 1.62193E-2 2.98431E-2 2.61943E-2 1.96988E-2 1.4047E-2 1.32803E-2 1.14462E-2 1.33174E-2 1.41516E-2
1.12758E-1 1.01662E-1 1.05252E-1 9.40884E-2 9.28605E-2 1.03481E-1 9.31846E-2 7.48361E-2 8.70181E-2 6.6015E-2 7.58858E-2 8.18431E-2 8.93658E-2 7.28405E-2 4.41938E-2 3.42034E-2 4.02971E-2 7.19165E-2 8.73299E-2 4.46329E-2 5.15013E-2 4.50037E-2 2.87479E-2 2.58765E-2 3.84673E-2 3.6789E-2 2.5008E-2 2.46961E-2 2.9002E-2 2.99474E-2 3.46481E-2 2.23355E-2 2.53802E-2 3.06327E-2 2.56917E-2 3.13681E-2 2.67366E-2 2.00886E-2 2.143E-2 2.3562E-2 2.6815E-2 3.05244E-2 3.20445E-2 3.33909E-2 2.3283E-2 2.46932E-2 2.7716E-2 1.85089E-2 2.96846E-2 2.71925E-2 1.33647E-2 1.27374E-2 1.27524E-2 1.44892E-2 2.16096E-2 1.2428E-2 1.05463E-2 9.32949E-3 9.67564E-3 9.48008E-3 1.04342E-2
