maxent_outputs/bumblebees/bombus_232.asc
ncols         426
nrows         180
xllcorner     -130.0
yllcorner     24.0
cellsize      0.16666666666666666
NODATA_value  -9999
[rows 108 to 134 of 180, columns 61 to 121 of 426]
4.8892E-1 4.98633E-1 4.85492E-1 4.97952E-1 4.97023E-1 4.77223E-1 4.64568E-1 4.28667E-1 4.1914E-1 4.00062E-1 4.08695E-1 4.40362E-1 4.39687E-1 4.43566E-1 4.48428E-1 4.53292E-1 4.56931E-1 4.625E-1 4.68218E-1 4.71744E-1 4.61477E-1 4.44796E-1 4.5226E-1 4.39722E-1 4.33919E-1 4.47095E-1 4.44075E-1 4.43373E-1 4.55971E-1 4.51827E-1 4.72857E-1 4.65855E-1 4.48691E-1 4.48369E-1 4.38808E-1 4.29689E-1 4.41764E-1 4.46251E-1 4.39929E-1 4.46457E-1 4.16655E-1 3.95039E-1 3.85678E-1 3.85752E-1 3.90846E-1 3.98436E-1 4.0305E-1 4.05989E-1 3.98784E-1 4.00676E-1 3.91859E-1 3.85269E-1 3.79433E-1 3.82028E-1 3.81198E-1 3.8412E-1 3.80352E-1 3.83432E-1 3.79669E-1 3.85809E-1 3.76376E-1
4.8722E-1 4.82029E-1 4.88372E-1 4.97303E-1 4.92229E-1 4.69612E-1 4.59533E-1 4.40091E-1 4.47721E-1 4.4188E-1 4.44382E-1 4.45811E-1 4.24819E-1 4.3355E-1 4.48976E-1 4.49193E-1 4.47729E-1 4.45265E-1 4.50455E-1 4.61288E-1 4.62903E-1 4.59816E-1 4.5629E-1 4.63659E-1 4.45379E-1 4.34001E-1 4.40375E-1 4.3887E-1 4.58553E-1 4.5568E-1 4.83811E-1 4.69625E-1 4.46449E-1 4.50056E-1 4.34942E-1 4.36215E-1 4.25775E-1 4.32454E-1 4.4165E-1 4.4071E-1 4.13393E-1 3.99999E-1 3.9061E-1 3.82641E-1 3.86667E-1 3.82402E-1 3.84784E-1 3.87946E-1 3.87223E-1 3.92995E-1 3.87759E-1 3.85705E-1 3.8547E-1 3.81219E-1 3.8097E-1 3.78049E-1 3.7554E-1 3.84929E-1 3.77842E-1 3.75826E-1 3.74066E-1
4.89865E-1 4.8876E-1 4.98434E-1 4.98362E-1 4.89141E-1 4.68833E-1 4.6287E-1 4.57471E-1 4.5038E-1 4.41747E-1 4.43202E-1 4.42839E-1 4.42551E-1 4.39573E-1 4.34845E-1 4.39151E-1 4.42117E-1 4.44239E-1 4.46659E-1 4.54701E-1 4.61484E-1 4.5666E-1 4.52511E-1 4.4925E-1 4.37351E-1 4.47435E-1 4.34878E-1 4.46952E-1 4.48719E-1 4.57994E-1 4.82773E-1 4.83334E-1 4.4781E-1 4.51414E-1 4.30468E-1 4.24784E-1 4.29637E-1 4.10069E-1 4.15437E-1 4.03535E-1 4.08376E-1 3.9955E-1 3.96862E-1 3.90264E-1 3.86772E-1 3.85524E-1 3.87651E-1 3.86691E-1 3.87474E-1 3.89669E-1 3.88622E-1 3.85521E-1 3.85231E-1 3.81194E-1 3.79665E-1 3.8094E-1 3.81973E-1 3.79503E-1 3.75993E-1 3.69856E-1 3.73326E-1
4.78933E-1 4.87052E-1 4.95664E-1 4.96118E-1 4.99299E-1 4.82494E-1 4.708E-1 4.68579E-1 4.52142E-1 4.41521E-1 4.48032E-1 4.49717E-1 4.44428E-1 4.40467E-1 4.3803E-1 4.37487E-1 4.38276E-1 4.35281E-1 4.42139E-1 4.46255E-1 4.51912E-1 4.60118E-1 4.53571E-1 4.52722E-1 4.34464E-1 4.34358E-1 4.35337E-1 4.41231E-1 4.51008E-1 4.57571E-1 4.72038E-1 4.87426E-1 4.62723E-1 4.54076E-1 4.50571E-1 4.26757E-1 4.27848E-1 4.12101E-1 4.08133E-1 3.96977E-1 3.98786E-1 4.06775E-1 4.06002E-1 4.01242E-1 4.04675E-1 3.99425E-1 4.00763E-1 4.00797E-1 3.98324E-1 3.95437E-1 3.9199E-1 3.94305E-1 3.89187E-1 3.83116E-1 3.79257E-1 3.80171E-1 3.87017E-1 3.86614E-1 3.83384E-1 3.73297E-1 3.75899E-1
4.51516E-1 4.70608E-1 4.84726E-1 4.90171E-1 5.00331E-1 4.89316E-1 4.79929E-1 4.75099E-1 4.67747E-1 4.62348E-1 4.57122E-1 4.41898E-1 4.38672E-1 4.29885E-1 4.33702E-1 4.32615E-1 4.22268E-1 4.28282E-1 4.44764E-1 4.51727E-1 4.48971E-1 4.584E-1 4.49848E-1 4.42871E-1 4.43397E-1 4.38102E-1 4.38208E-1 4.42427E-1 4.48215E-1 4.57534E-1 4.74754E-1 4.92456E-1 4.80567E-1 4.51827E-1 4.59022E-1 4.34025E-1 4.31654E-1 4.2884E-1 4.09174E-1 3.99805E-1 4.05196E-1 4.00096E-1 4.12967E-1 4.02934E-1 4.09856E-1 4.15069E-1 4.07152E-1 3.95263E-1 4.03265E-1 4.03081E-1 3.91174E-1 3.99715E-1 4.01187E-1 3.85709E-1 3.78081E-1 3.85583E-1 3.85506E-1 3.88912E-1 3.83223E-1 3.7801E-1 3.76719E-1
4.50991E-1 4.50391E-1 4.77871E-1 4.9197E-1 4.93723E-1 4.86982E-1 4.66763E-1 4.57991E-1 4.45676E-1 4.57317E-1 4.43737E-1 4.34812E-1 4.36112E-1 4.36177E-1 4.3509E-1 4.32456E-1 4.32808E-1 4.39311E-1 4.40465E-1 4.44879E-1 4.47512E-1 4.50724E-1 4.37788E-1 4.43263E-1 4.49838E-1 4.43555E-1 4.47158E-1 4.49334E-1 4.4873E-1 4.57794E-1 4.74922E-1 4.80675E-1 4.84101E-1 4.56461E-1 4.66793E-1 4.52781E-1 4.42234E-1 4.38417E-1 4.25474E-1 4.05893E-1 4.02647E-1 4.08771E-1 4.06629E-1 4.121E-1 4.09609E-1 4.25916E-1 4.23196E-1 4.24071E-1 4.16699E-1 4.04888E-1 3.95839E-1 4.02267E-1 4.01484E-1 3.95352E-1 3.86557E-1 3.80731E-1 3.79863E-1 3.82671E-1 3.79046E-1 3.87362E-1 3.84275E-1
4.576E-1 4.54925E-1 4.4567E-1 4.49201E-1 4.51551E-1 4.65402E-1 4.68881E-1 4.54477E-1 4.46653E-1 4.45871E-1 4.42398E-1 4.36447E-1 4.35294E-1 4.3461E-1 4.35075E-1 4.30963E-1 4.36417E-1 4.44528E-1 4.47968E-1 4.42132E-1 4.5066E-1 4.57519E-1 4.5337E-1 4.41898E-1 4.32886E-1 4.49707E-1 4.50663E-1 4.49653E-1 4.50516E-1 4.60544E-1 4.77297E-1 4.73426E-1 4.81422E-1 4.72415E-1 4.66589E-1 4.60932E-1 4.53927E-1 4.50856E-1 4.28506E-1 4.21159E-1 4.09122E-1 4.2127E-1 4.06322E-1 4.00242E-1 4.11485E-1 4.212E-1 4.41359E-1 4.59553E-1 4.61871E-1 4.21381E-1 3.94933E-1 3.94578E-1 3.9806E-1 3.96103E-1 3.90318E-1 3.88816E-1 3.78615E-1 3.80178E-1 3.7645E-1 3.82275E-1 3.82262E-1
4.58295E-1 4.49131E-1 4.36933E-1 4.23796E-1 4.05422E-1 4.31945E-1 4.55274E-1 4.48857E-1 4.33853E-1 4.35324E-1 4.34676E-1 4.29423E-1 4.30433E-1 4.3427E-1 4.38233E-1 4.42756E-1 4.42781E-1 4.4023E-1 4.43306E-1 4.47693E-1 4.49476E-1 4.5392E-1 4.51909E-1 4.55059E-1 4.61975E-1 4.56061E-1 4.58292E-1 4.46596E-1 4.57873E-1 4.53483E-1 4.71486E-1 4.77106E-1 4.7798E-1 4.66639E-1 4.57851E-1 4.56919E-1 4.57428E-1 4.51447E-1 4.42182E-1 4.32552E-1 4.19644E-1 4.23679E-1 4.11921E-1 4.05486E-1 3.99903E-1 4.14512E-1 4.3786E-1 4.40856E-1 4.56508E-1 4.3768E-1 4.10309E-1 3.87178E-1 3.90651E-1 3.91924E-1 3.8753E-1 3.83377E-1 3.80691E-1 3.77418E-1 3.77629E-1 3.79588E-1 3.75657E-1
5.0364E-1 4.79987E-1 4.56567E-1 4.49654E-1 4.40414E-1 4.57767E-1 4.8143E-1 4.83961E-1 4.58649E-1 4.35574E-1 4.38943E-1 4.31663E-1 4.27361E-1 4.282E-1 4.4042E-1 4.42556E-1 4.3925E-1 4.35896E-1 4.37128E-1 4.42352E-1 4.51978E-1 4.54596E-1 4.65976E-1 4.71862E-1 4.72061E-1 4.65942E-1 4.60219E-1 4.61677E-1 4.55848E-1 4.55846E-1 4.54411E-1 4.79611E-1 4.87307E-1 4.74209E-1 4.57336E-1 4.44024E-1 4.54302E-1 4.59623E-1 4.53527E-1 4.5078E-1 4.49832E-1 4.41883E-1 4.20143E-1 4.15856E-1 4.10904E-1 4.11776E-1 4.33829E-1 4.35681E-1 4.42298E-1 4.40397E-1 4.13594E-1 3.98635E-1 3.95138E-1 3.86238E-1 3.85739E-1 3.8356E-1 3.74741E-1 3.73877E-1 3.76871E-1 3.81031E-1 3.81457E-1
5.50775E-1 5.32115E-1 5.22077E-1 5.01304E-1 5.0689E-1 5.09888E-1 4.96419E-1 4.9178E-1 4.75501E-1 4.46977E-1 4.18023E-1 4.03764E-1 3.96813E-1 4.03279E-1 4.2478E-1 4.31963E-1 4.21331E-1 4.27031E-1 4.34021E-1 4.3918E-1 4.52629E-1 4.57709E-1 4.64916E-1 4.70151E-1 4.70171E-1 4.58699E-1 4.61197E-1 4.62057E-1 4.63986E-1 4.57642E-1 4.63297E-1 4.61811E-1 4.76465E-1 4.82083E-1 4.73983E-1 4.61159E-1 4.58295E-1 4.62503E-1 4.56664E-1 4.57862E-1 4.56427E-1 4.36421E-1 4.25868E-1 4.26452E-1 4.28141E-1 4.30413E-1 4.30771E-1 4.42496E-1 4.52736E-1 4.46606E-1 4.35844E-1 4.24638E-1 4.09387E-1 3.9342E-1 3.87499E-1 3.8568E-1 3.85704E-1 3.81761E-1 3.81017E-1 3.85737E-1 3.87362E-1
-9999 -9999 5.56594E-1 5.6615E-1 5.62401E-1 5.42192E-1 5.11299E-1 5.15476E-1 5.21552E-1 4.9093E-1 4.59175E-1 4.68502E-1 4.4657E-1 4.21939E-1 4.68821E-1 4.48061E-1 4.15156E-1 4.00526E-1 4.00085E-1 4.29398E-1 4.40533E-1 4.4771E-1 4.45263E-1 4.56959E-1 4.62375E-1 4.56011E-1 4.53247E-1 4.62489E-1 4.62767E-1 4.70966E-1 4.73116E-1 4.68953E-1 4.7852E-1 4.85504E-1 4.83348E-1 4.70328E-1 4.68175E-1 4.61668E-1 4.51711E-1 4.46213E-1 4.43301E-1 4.46324E-1 4.37992E-1 4.31157E-1 4.36717E-1 4.50019E-1 4.46934E-1 4.48881E-1 4.69463E-1 4.62201E-1 4.4444E-1 4.40021E-1 4.38144E-1 4.20127E-1 4.0404E-1 4.03399E-1 4.05643E-1 4.00966E-1 3.95803E-1 3.96606E-1 3.94521E-1
5.99355E-1 6.01928E-1 6.70115E-1 6.1806E-1 5.95533E-1 5.56047E-1 5.47544E-1 5.48335E-1 5.71409E-1 5.42201E-1 5.21443E-1 5.22178E-1 5.07495E-1 5.0432E-1 5.07106E-1 4.97593E-1 4.79302E-1 4.28593E-1 4.24126E-1 4.61647E-1 4.53771E-1 4.45861E-1 4.57018E-1 4.64837E-1 4.56274E-1 4.58519E-1 4.65504E-1 4.64007E-1 4.65853E-1 4.59815E-1 4.6343E-1 4.73963E-1 4.74171E-1 4.6785E-1 4.57429E-1 4.51745E-1 4.52388E-1 4.47519E-1 4.5088E-1 4.45454E-1 4.37342E-1 4.33763E-1 4.48898E-1 4.59E-1 4.65411E-1 4.77934E-1 4.75716E-1 4.62109E-1 4.79318E-1 4.76098E-1 4.5994E-1 4.62337E-1 4.32489E-1 4.24648E-1 4.23746E-1 4.16304E-1 4.14911E-1 4.1558E-1 4.16801E-1 4.22976E-1 4.12527E-1
6.09989E-1 5.96606E-1 -9999 -9999 -9999 -9999 -9999 -9999 5.98255E-1 5.71606E-1 5.53103E-1 5.42998E-1 5.25709E-1 5.20221E-1 5.05917E-1 4.82996E-1 4.76043E-1 4.69797E-1 4.71387E-1 4.85158E-1 4.8679E-1 4.73149E-1 4.56608E-1 4.70786E-1 4.59935E-1 4.66364E-1 4.76569E-1 4.75386E-1 4.80603E-1 4.76145E-1 4.65196E-1 4.82537E-1 4.79116E-1 4.53843E-1 4.58525E-1 4.50589E-1 4.50298E-1 4.56383E-1 4.42424E-1 4.38806E-1 4.36783E-1 4.40561E-1 4.556E-1 4.61808E-1 4.74476E-1 4.87436E-1 4.82601E-1 4.78606E-1 4.8058E-1 4.89047E-1 4.7615E-1 4.69706E-1 4.45248E-1 4.4081E-1 4.31829E-1 4.29339E-1 4.23243E-1 4.13012E-1 4.1956E-1 4.22847E-1 4.22479E-1
-9999 -9999 -9999 -9999 -9999 -9999 -9999 -9999 5.9891E-1 5.89972E-1 5.8015E-1 5.76494E-1 5.55561E-1 4.98479E-1 4.82734E-1 4.64639E-1 4.66719E-1 4.71078E-1 4.48889E-1 4.71213E-1 4.93232E-1 4.98546E-1 4.88842E-1 4.66758E-1 4.64229E-1 4.72101E-1 4.78296E-1 4.68316E-1 4.90833E-1 4.86715E-1 4.79231E-1 4.89318E-1 4.77076E-1 4.59355E-1 4.72508E-1 4.53045E-1 4.60761E-1 4.5193E-1 4.63138E-1 4.66434E-1 4.53051E-1 4.5475E-1 4.50718E-1 4.51364E-1 4.64658E-1 4.792E-1 4.76438E-1 4.76337E-1 4.77105E-1 4.90672E-1 4.80349E-1 4.77544E-1 4.78988E-1 4.64339E-1 4.63072E-1 4.45232E-1 4.3093E-1 4.20719E-1 4.11978E-1 4.10978E-1 4.13462E-1
-9999 -9999 -9999 -9999 -9999 -9999 -9999 -9999 -9999 -9999 6.19169E-1 6.08276E-1 5.7916E-1 5.48527E-1 4.99633E-1 4.8893E-1 4.80213E-1 4.62678E-1 4.46893E-1 4.47865E-1 4.53944E-1 4.9123E-1 4.99774E-1 5.11587E-1 4.93229E-1 4.73359E-1 4.70507E-1 4.80823E-1 4.76933E-1 4.73438E-1 4.76368E-1 4.76245E-1 4.83157E-1 4.67201E-1 4.74559E-1 4.7016E-1 4.50615E-1 4.48816E-1 4.47608E-1 4.4723E-1 4.62573E-1 4.6152E-1 4.52645E-1 4.68151E-1 4.59989E-1 4.73224E-1 4.87186E-1 4.86524E-1 4.90473E-1 4.83979E-1 4.97494E-1 4.94603E-1 4.80588E-1 4.71429E-1 4.54553E-1 4.49341E-1 4.42783E-1 4.31276E-1 4.15335E-1 3.9976E-1 4.03044E-1
-9999 -9999 -9999 -9999 6.86613E-1 -9999 -9999 6.23352E-1 6.01198E-1 6.92035E-1 -9999 -9999 5.99854E-1 5.82568E-1 5.48305E-1 5.42297E-1 5.13221E-1 4.68144E-1 4.52918E-1 4.54169E-1 4.72653E-1 4.83972E-1 5.20221E-1 5.74561E-1 5.2385E-1 5.09211E-1 4.8448E-1 4.71325E-1 4.77767E-1 4.79856E-1 4.79691E-1 4.80752E-1 4.79902E-1 4.54783E-1 4.68129E-1 4.68331E-1 4.68917E-1 4.60847E-1 4.65103E-1 4.62941E-1 4.57777E-1 4.55803E-1 4.48285E-1 4.55152E-1 4.58079E-1 4.63351E-1 4.77281E-1 4.83258E-1 4.8504E-1 4.79613E-1 4.86828E-1 4.92542E-1 4.73374E-1 4.62457E-1 4.55979E-1 4.47126E-1 4.41066E-1 4.30073E-1 4.21158E-1 4.11015E-1 3.91204E-1
-9999 6.49082E-1 6.20656E-1 -9999 -9999 -9999 -9999 -9999 6.09504E-1 6.23084E-1 -9999 -9999 -9999 -9999 6.0027E-1 5.6663E-1 5.25934E-1 4.87265E-1 4.52802E-1 4.38305E-1 4.69121E-1 4.79257E-1 5.0589E-1 5.29417E-1 5.86848E-1 5.42E-1 5.00187E-1 4.86398E-1 4.68005E-1 4.7237E-1 4.8437E-1 4.93236E-1 4.85498E-1 4.74489E-1 4.75971E-1 4.83589E-1 4.72313E-1 4.70879E-1 4.68587E-1 4.71725E-1 4.65708E-1 4.58864E-1 4.57154E-1 4.58463E-1 4.53027E-1 4.69678E-1 4.59572E-1 4.60348E-1 4.64953E-1 4.55762E-1 4.59355E-1 4.84367E-1 4.86049E-1 4.76581E-1 4.59735E-1 4.5603E-1 4.42449E-1 4.39611E-1 4.31855E-1 3.99854E-1 4.03644E-1
-9999 -9999 -9999 -9999 -9999 -9999 -9999 6.60468E-1 -9999 -9999 -9999 -9999 -9999 -9999 6.3271E-1 5.94583E-1 5.48677E-1 5.02135E-1 4.76217E-1 4.41774E-1 4.60863E-1 4.84091E-1 5.09339E-1 4.96347E-1 5.2529E-1 5.07355E-1 4.93147E-1 4.85641E-1 4.85862E-1 4.87065E-1 4.9811E-1 5.04536E-1 4.93622E-1 4.86092E-1 4.88394E-1 4.7712E-1 4.78171E-1 4.77511E-1 4.69228E-1 4.65964E-1 4.69749E-1 4.66053E-1 4.65589E-1 4.66151E-1 4.561E-1 4.54033E-1 4.55965E-1 4.45865E-1 4.5292E-1 4.4665E-1 4.53065E-1 4.74453E-1 4.77814E-1 4.80024E-1 4.73468E-1 4.65882E-1 4.52482E-1 4.44588E-1 4.33239E-1 4.30503E-1 4.19355E-1
-9999 -9999 -9999 -9999 -9999 -9999 -9999 6.3707E-1 6.09127E-1 -9999 -9999 -9999 -9999 -9999 -9999 6.04262E-1 5.60354E-1 5.30367E-1 4.9779E-1 4.34345E-1 4.59053E-1 4.95679E-1 5.10281E-1 5.03176E-1 4.99142E-1 4.94818E-1 4.91989E-1 4.78884E-1 4.71947E-1 4.77265E-1 4.92584E-1 5.025E-1 4.9764E-1 4.85484E-1 4.88763E-1 4.83544E-1 4.68471E-1 4.65603E-1 4.58413E-1 4.61638E-1 4.60546E-1 4.54047E-1 4.52436E-1 4.57554E-1 4.64222E-1 4.5439E-1 4.5709E-1 4.45163E-1 4.44649E-1 4.38129E-1 4.49874E-1 4.57861E-1 4.62963E-1 4.59405E-1 4.58777E-1 4.61504E-1 4.49208E-1 4.47007E-1 4.31859E-1 4.211E-1 4.25741E-1
-9999 -9999 -9999 -9999 -9999 -9999 -9999 -9999 6.36215E-1 -9999 -9999 -9999 -9999 -9999 -9999 6.27377E-1 5.88767E-1 5.54478E-1 5.1039E-1 4.71893E-1 4.56414E-1 4.74222E-1 5.06107E-1 5.13229E-1 5.00942E-1 4.96215E-1 4.9165E-1 4.80396E-1 4.73142E-1 4.79286E-1 4.94195E-1 4.92373E-1 5.03011E-1 5.08769E-1 4.87647E-1 4.71686E-1 4.7274E-1 4.62286E-1 4.64901E-1 4.57613E-1 4.47246E-1 4.4602E-1 4.56855E-1 4.59932E-1 4.61975E-1 4.47015E-1 4.62553E-1 4.43303E-1 4.36834E-1 4.35781E-1 4.53026E-1 4.48199E-1 4.58708E-1 4.59026E-1 4.53471E-1 4.52612E-1 4.50485E-1 4.30629E-1 4.28729E-1 4.19795E-1 4.25839E-1
-9999 -9999 -9999 -9999 -9999 -9999 -9999 -9999 -9999 -9999 -9999 -9999 -9999 -9999 -9999 -9999 6.06001E-1 5.71146E-1 5.29766E-1 4.99246E-1 4.69089E-1 4.57109E-1 4.72246E-1 5.1414E-1 5.16704E-1 5.12988E-1 5.02071E-1 4.92129E-1 4.88023E-1 4.86742E-1 4.89906E-1 4.85417E-1 4.86385E-1 4.97642E-1 4.78533E-1 4.76919E-1 4.70124E-1 4.73537E-1 4.66909E-1 4.63955E-1 4.6593E-1 4.54275E-1 4.59996E-1 4.54886E-1 4.51432E-1 4.38663E-1 4.49194E-1 4.45074E-1 4.41633E-1 4.4236E-1 4.46121E-1 4.45729E-1 4.62347E-1 4.52711E-1 4.56022E-1 4.47206E-1 4.44387E-1 4.25368E-1 4.03654E-1 4.10259E-1 4.18723E-1
-9999 -9999 -9999 -9999 -9999 -9999 -9999 -9999 -9999 -9999 -9999 -9999 -9999 -9999 -9999 6.80007E-1 5.94036E-1 5.73588E-1 5.40953E-1 5.1401E-1 4.85645E-1 4.65129E-1 4.59665E-1 4.81169E-1 5.18365E-1 5.30251E-1 5.29029E-1 5.12382E-1 4.99104E-1 4.91694E-1 4.94252E-1 4.83474E-1 4.7937E-1 4.85519E-1 4.80157E-1 4.75039E-1 4.72579E-1 4.69559E-1 4.74526E-1 4.72542E-1 4.69747E-1 4.65463E-1 4.53739E-1 4.49939E-1 4.45572E-1 4.38183E-1 4.45463E-1 4.44996E-1 4.35522E-1 4.52251E-1 4.5219E-1 4.39162E-1 4.5682E-1 4.61627E-1 4.45597E-1 4.42363E-1 4.22717E-1 4.22095E-1 4.08146E-1 3.94506E-1 4.05189E-1
-9999 -9999 -9999 -9999 -9999 -9999 -9999 -9999 -9999 -9999 -9999 -9999 -9999 -9999 -9999 -9999 6.04726E-1 5.87583E-1 5.48187E-1 5.17211E-1 4.96533E-1 4.80012E-1 4.55167E-1 4.78176E-1 5.25844E-1 5.20341E-1 5.53411E-1 5.2212E-1 5.02204E-1 4.99011E-1 4.95057E-1 4.88011E-1 4.8171E-1 4.70791E-1 4.90177E-1 4.75298E-1 4.83195E-1 4.74343E-1 4.6902E-1 4.60085E-1 4.60221E-1 4.56278E-1 4.42518E-1 4.37436E-1 4.26022E-1 4.3626E-1 4.38579E-1 4.36604E-1 4.38413E-1 4.32334E-1 4.44488E-1 4.39368E-1 4.57518E-1 4.57371E-1 4.52082E-1 4.29536E-1 4.14875E-1 4.02159E-1 3.99724E-1 3.86834E-1 3.91314E-1
-9999 -9999 -9999 -9999 -9999 -9999 -9999 -9999 -9999 -9999 -9999 -9999 -9999 -9999 -9999 -9999 -9999 5.99857E-1 5.63002E-1 5.31743E-1 5.07695E-1 4.90594E-1 4.74962E-1 4.45784E-1 5.30751E-1 5.34234E-1 5.52184E-1 5.43229E-1 5.10198E-1 5.04961E-1 5.02612E-1 4.90218E-1 4.90253E-1 4.91111E-1 4.75359E-1 4.872E-1 4.90447E-1 4.73883E-1 4.69653E-1 4.70169E-1 4.52872E-1 4.6097E-1 4.44288E-1 4.36231E-1 4.20838E-1 4.35747E-1 4.44067E-1 4.40379E-1 4.40575E-1 4.27249E-1 4.29996E-1 4.23414E-1 4.35673E-1 4.38967E-1 4.25998E-1 4.15522E-1 3.99964E-1 3.89545E-1 3.98532E-1 3.83654E-1 3.81905E-1
-9999 -9999 -9999 -9999 -9999 -9999 -9999 -9999 -9999 -9999 -9999 -9999 -9999 -9999 -9999 -9999 -9999 6.04211E-1 5.89494E-1 5.69429E-1 5.29387E-1 4.79221E-1 4.86826E-1 4.5436E-1 5.21039E-1 5.52585E-1 5.68153E-1 5.50534E-1 5.37559E-1 5.46562E-1 5.45861E-1 5.02916E-1 4.9502E-1 4.94702E-1 4.81595E-1 4.71157E-1 4.76717E-1 4.8453E-1 4.77501E-1 4.68944E-1 4.72927E-1 4.5939E-1 4.45676E-1 4.38437E-1 4.37114E-1 4.27754E-1 4.23728E-1 4.29181E-1 4.32259E-1 4.30385E-1 4.09404E-1 4.12302E-1 4.12073E-1 4.13612E-1 4.02261E-1 3.888E-1 3.89772E-1 3.75328E-1 3.93093E-1 3.95383E-1 3.81741E-1
-9999 -9999 -9999 -9999 -9999 -9999 -9999 -9999 -9999 -9999 -9999 -9999 -9999 -9999 -9999 -9999 -9999 -9999 6.36117E-1 5.78637E-1 5.47167E-1 5.06008E-1 4.88316E-1 4.83159E-1 4.94163E-1 5.30609E-1 5.64029E-1 5.47355E-1 5.64113E-1 5.64078E-1 5.63078E-1 5.42611E-1 5.11184E-1 4.96712E-1 4.90102E-1 4.87598E-1 4.84892E-1 4.96681E-1 4.92551E-1 4.72205E-1 4.67245E-1 4.65527E-1 4.50087E-1 4.3653E-1 4.2526E-1 4.24096E-1 4.14886E-1 4.17283E-1 4.17701E-1 4.22046E-1 3.96195E-1 3.95607E-1 3.93645E-1 3.94999E-1 3.8172E-1 3.66436E-1 3.88758E-1 3.76166E-1 3.91875E-1 3.90049E-1 3.83488E-1
-9999 -9999 -9999 -9999 -9999 -9999 -9999 -9999 -9999 -9999 -9999 -9999 -9999 -9999 -9999 -9999 -9999 -9999 6.36455E-1 5.80972E-1 5.46856E-1 5.25445E-1 4.98009E-1 4.78404E-1 4.90852E-1 5.00125E-1 5.42579E-1 5.56068E-1 5.61077E-1 5.62463E-1 5.59177E-1 6.27483E-1 5.37341E-1 5.07094E-1 5.08228E-1 5.30197E-1 5.0411E-1 4.87665E-1 4.94024E-1 4.74232E-1 4.75638E-1 4.58549E-1 4.59135E-1 4.3191E-1 4.19867E-1 4.20833E-1 4.26858E-1 4.137E-1 4.107E-1 4.07807E-1 3.91346E-1 3.81935E-1 3.85037E-1 3.81208E-1 3.73958E-1 3.68094E-1 3.77035E-1 3.75683E-1 3.81699E-1 3.87841E-1 3.74919E-1
