maxent_outputs/bumblebees/bombus_222.asc
ncols         426
nrows         180
xllcorner     -130.0
yllcorner     24.0
cellsize      0.16666666666666666
NODATA_value  -9999
[rows 0 to 26 of 180, columns 122 to 182 of 426]
4.58007E-1 4.56186E-1 4.56826E-1 4.44709E-1 4.41573E-1 4.51497E-1 4.58456E-1 4.59475E-1 4.55011E-1 4.51684E-1 4.46191E-1 4.45128E-1 4.4726E-1 4.49334E-1 4.47943E-1 4.46987E-1 4.52372E-1 4.51485E-1 4.52736E-1 4.54385E-1 4.57819E-1 4.53509E-1 4.48126E-1 4.47514E-1 4.40724E-1 4.41437E-1 4.40684E-1 4.38529E-1 4.37935E-1 4.38612E-1 4.40001E-1 4.42313E-1 4.43504E-1 4.43262E-1 4.43839E-1 4.44683E-1 4.457E-1 4.49598E-1 4.5278E-1 4.54031E-1 4.57351E-1 4.58031E-1 4.56302E-1 4.56553E-1 4.56421E-1 4.55191E-1 4.52627E-1 4.54317E-1 4.55932E-1 4.55551E-1 4.53286E-1 4.5818E-1 4.59903E-1 4.57869E-1 4.63178E-1 4.69677E-1 4.75385E-1 4.68453E-1 4.72782E-1 4.76618E-1 4.63886E-1
4.47295E-1 4.45376E-1 4.43265E-1 4.40531E-1 4.42451E-1 4.4507E-1 4.46268E-1 4.47447E-1 4.58126E-1 4.60445E-1 4.51553E-1 4.47031E-1 4.41987E-1 4.50664E-1 4.53955E-1 4.46768E-1 4.45461E-1 4.45824E-1 4.50021E-1 4.49135E-1 4.53478E-1 4.50485E-1 4.48883E-1 4.44301E-1 4.41658E-1 4.42798E-1 4.43112E-1 4.37483E-1 4.39149E-1 4.41426E-1 4.43153E-1 4.46728E-1 4.49265E-1 4.53331E-1 4.48996E-1 4.45707E-1 4.48009E-1 4.52756E-1 4.53773E-1 4.57133E-1 4.59784E-1 4.58384E-1 4.56105E-1 4.52525E-1 4.54984E-1 4.56898E-1 4.55795E-1 4.54578E-1 4.49258E-1 4.40457E-1 4.45941E-1 4.58503E-1 4.64744E-1 4.63987E-1 4.65239E-1 4.65541E-1 4.78179E-1 4.74765E-1 4.65382E-1 4.65036E-1 4.61184E-1
4.3444E-1 4.33983E-1 4.30681E-1 4.33142E-1 4.4321E-1 4.44977E-1 4.51805E-1 4.51433E-1 4.52808E-1 4.53781E-1 4.55309E-1 4.46016E-1 4.40442E-1 4.43157E-1 4.50511E-1 4.47664E-1 4.44231E-1 4.42777E-1 4.43977E-1 4.47886E-1 4.47578E-1 4.49866E-1 4.47067E-1 4.43868E-1 4.36352E-1 4.38064E-1 4.37231E-1 4.39364E-1 4.40311E-1 4.43351E-1 4.41864E-1 4.43759E-1 4.44897E-1 4.43466E-1 4.4557E-1 4.52745E-1 4.56626E-1 4.59772E-1 4.53042E-1 4.58036E-1 4.59295E-1 4.61807E-1 4.55649E-1 4.55691E-1 4.59664E-1 4.62148E-1 4.58196E-1 4.53564E-1 4.52279E-1 4.51048E-1 4.54768E-1 4.60189E-1 4.63262E-1 4.6672E-1 4.67755E-1 4.68848E-1 4.73469E-1 4.69856E-1 4.66506E-1 4.61592E-1 4.59644E-1
4.4243E-1 4.37781E-1 4.31804E-1 4.33292E-1 4.35232E-1 4.42757E-1 4.43904E-1 4.44517E-1 4.48287E-1 4.45648E-1 4.4869E-1 4.45482E-1 4.47365E-1 4.43046E-1 4.46241E-1 4.43703E-1 4.41912E-1 4.40549E-1 4.40626E-1 4.41803E-1 4.43519E-1 4.42978E-1 4.39001E-1 4.35688E-1 4.32838E-1 4.29255E-1 4.28538E-1 4.34198E-1 4.37756E-1 4.44153E-1 4.45226E-1 4.47335E-1 4.51905E-1 4.45874E-1 4.47558E-1 4.49623E-1 4.47377E-1 4.51772E-1 4.56078E-1 4.59893E-1 4.59626E-1 4.60839E-1 4.55537E-1 4.56579E-1 4.59135E-1 4.58667E-1 4.53063E-1 4.49246E-1 4.49866E-1 4.54324E-1 4.5604E-1 4.5629E-1 4.64877E-1 4.73858E-1 4.76783E-1 4.79887E-1 4.80724E-1 4.81607E-1 4.67336E-1 4.62009E-1 4.61724E-1
4.48372E-1 4.47026E-1 4.38101E-1 4.376E-1 4.37112E-1 4.37815E-1 4.39237E-1 4.44755E-1 4.4968E-1 4.4476E-1 4.42746E-1 4.4313E-1 4.45072E-1 4.47405E-1 4.49941E-1 4.5007E-1 4.47439E-1 4.42346E-1 4.41929E-1 4.4269E-1 4.44521E-1 4.41709E-1 4.40478E-1 4.39017E-1 4.35619E-1 4.31863E-1 4.35787E-1 4.38869E-1 4.42624E-1 4.48003E-1 4.5121E-1 4.55308E-1 4.58032E-1 4.48437E-1 4.40807E-1 4.43555E-1 4.49325E-1 4.55237E-1 4.5875E-1 4.6189E-1 4.58427E-1 4.56135E-1 4.4781E-1 4.50062E-1 4.60267E-1 4.57798E-1 4.49546E-1 4.49016E-1 4.51898E-1 4.55716E-1 4.59467E-1 4.64813E-1 4.62214E-1 4.62672E-1 4.70119E-1 4.75465E-1 4.86307E-1 4.8392E-1 4.76212E-1 4.70428E-1 4.69683E-1
4.53167E-1 4.55289E-1 4.50945E-1 4.48427E-1 4.47873E-1 4.43261E-1 4.37178E-1 4.49095E-1 4.44302E-1 4.3944E-1 4.37641E-1 4.38973E-1 4.41469E-1 4.46818E-1 4.54848E-1 4.56522E-1 4.49076E-1 4.43653E-1 4.4526E-1 4.45541E-1 4.49183E-1 4.50406E-1 4.46397E-1 4.40613E-1 4.3892E-1 4.36771E-1 4.37736E-1 4.38768E-1 4.39894E-1 4.42685E-1 4.47442E-1 4.48477E-1 4.54201E-1 4.51381E-1 4.45517E-1 4.44317E-1 4.44828E-1 4.53217E-1 4.59067E-1 4.5629E-1 4.5272E-1 4.48846E-1 4.50647E-1 4.56739E-1 4.60515E-1 4.57998E-1 4.51195E-1 4.52071E-1 4.61113E-1 4.64856E-1 4.66176E-1 4.78898E-1 4.81396E-1 4.80125E-1 4.82468E-1 4.80829E-1 4.80572E-1 4.77942E-1 4.75182E-1 4.63834E-1 4.64528E-1
4.64079E-1 4.59651E-1 4.61098E-1 4.58859E-1 4.51328E-1 4.45652E-1 4.40696E-1 4.34828E-1 4.29689E-1 4.32671E-1 4.31096E-1 4.32154E-1 4.36431E-1 4.41016E-1 4.45897E-1 4.5338E-1 4.4642E-1 4.44675E-1 4.47237E-1 4.48029E-1 4.51882E-1 4.53767E-1 4.49712E-1 4.45813E-1 4.43867E-1 4.44146E-1 4.45511E-1 4.44166E-1 4.40771E-1 4.39577E-1 4.41621E-1 4.48138E-1 4.5308E-1 4.56183E-1 4.51331E-1 4.49709E-1 4.49592E-1 4.49109E-1 4.49664E-1 4.48314E-1 4.48091E-1 4.51151E-1 4.55686E-1 4.54873E-1 4.5841E-1 4.53885E-1 4.55319E-1 4.60825E-1 4.7116E-1 4.77415E-1 4.78456E-1 4.77719E-1 4.92573E-1 4.94927E-1 4.79702E-1 4.86392E-1 4.88047E-1 4.89509E-1 4.80986E-1 4.74216E-1 4.64827E-1
4.58591E-1 4.59899E-1 4.59084E-1 4.517E-1 4.52153E-1 4.50555E-1 4.51168E-1 4.40804E-1 4.37338E-1 4.35901E-1 4.33515E-1 4.33106E-1 4.32327E-1 4.33869E-1 4.39899E-1 4.41574E-1 4.42396E-1 4.42705E-1 4.4545E-1 4.488E-1 4.49247E-1 4.48461E-1 4.48854E-1 4.47006E-1 4.47242E-1 4.45813E-1 4.47967E-1 4.48678E-1 4.46719E-1 4.45625E-1 4.46249E-1 4.54427E-1 4.6004E-1 4.60878E-1 4.59379E-1 4.53673E-1 4.50959E-1 4.51217E-1 4.45976E-1 4.41998E-1 4.44093E-1 4.50862E-1 4.56555E-1 4.54677E-1 4.54474E-1 4.62194E-1 4.63193E-1 4.63866E-1 4.68082E-1 4.71441E-1 4.78912E-1 4.77571E-1 4.84116E-1 4.87734E-1 4.77094E-1 4.81758E-1 4.78311E-1 4.81964E-1 4.85872E-1 4.79692E-1 4.71269E-1
4.59904E-1 4.4962E-1 4.46724E-1 4.46265E-1 4.48649E-1 4.45654E-1 4.4667E-1 4.51707E-1 4.56581E-1 4.56755E-1 4.45918E-1 4.42954E-1 4.35295E-1 4.30843E-1 4.31615E-1 4.3833E-1 4.40531E-1 4.42322E-1 4.45404E-1 4.48998E-1 4.49821E-1 4.49048E-1 4.49652E-1 4.49852E-1 4.49219E-1 4.46881E-1 4.49636E-1 4.49248E-1 4.51072E-1 4.52186E-1 4.54587E-1 4.57589E-1 4.60715E-1 4.62538E-1 4.59022E-1 4.5599E-1 4.51329E-1 4.5248E-1 4.482E-1 4.51341E-1 4.53978E-1 4.55763E-1 4.6013E-1 4.61598E-1 4.63037E-1 4.63741E-1 4.60384E-1 4.58471E-1 4.61645E-1 4.64764E-1 4.72597E-1 4.79754E-1 4.77652E-1 4.90956E-1 4.77754E-1 4.7767E-1 4.73251E-1 4.72272E-1 4.83597E-1 4.82416E-1 4.69047E-1
4.59501E-1 4.53485E-1 4.48719E-1 4.3975E-1 4.41186E-1 4.44243E-1 4.44218E-1 4.46816E-1 4.48291E-1 4.52147E-1 4.60339E-1 4.56006E-1 4.43443E-1 4.34754E-1 4.33535E-1 4.37208E-1 4.37618E-1 4.38822E-1 4.42022E-1 4.45304E-1 4.47263E-1 4.50087E-1 4.50947E-1 4.5085E-1 4.48786E-1 4.44823E-1 4.46848E-1 4.49227E-1 4.53057E-1 4.51196E-1 4.53131E-1 4.54478E-1 4.59711E-1 4.57821E-1 4.58254E-1 4.54595E-1 4.50082E-1 4.47241E-1 4.48578E-1 4.54598E-1 4.57862E-1 4.61972E-1 4.64101E-1 4.63096E-1 4.63597E-1 4.59525E-1 4.54596E-1 4.52257E-1 4.57435E-1 4.64712E-1 4.73118E-1 4.74628E-1 4.72717E-1 4.88521E-1 4.85634E-1 4.80373E-1 4.74866E-1 4.7416E-1 4.74071E-1 4.76007E-1 4.67433E-1
4.55289E-1 4.51511E-1 4.46388E-1 4.40136E-1 4.40756E-1 4.42696E-1 4.44172E-1 4.43876E-1 4.44169E-1 4.46817E-1 4.52593E-1 4.62058E-1 4.4732E-1 4.40391E-1 4.38441E-1 4.36861E-1 4.36762E-1 4.38403E-1 4.40179E-1 4.46684E-1 4.48903E-1 4.51905E-1 4.52004E-1 4.49572E-1 4.47152E-1 4.44584E-1 4.43773E-1 4.46869E-1 4.49441E-1 4.53777E-1 4.53819E-1 4.51103E-1 4.5388E-1 4.56994E-1 4.569E-1 4.56406E-1 4.49273E-1 4.47557E-1 4.52801E-1 4.55454E-1 4.58774E-1 4.5745E-1 4.58477E-1 4.65267E-1 4.67461E-1 4.63354E-1 4.59538E-1 4.60748E-1 4.53885E-1 4.5842E-1 4.61851E-1 4.62261E-1 4.68402E-1 4.79474E-1 4.77857E-1 4.7261E-1 4.71479E-1 4.80279E-1 4.75871E-1 4.69061E-1 4.65693E-1
4.48039E-1 4.46555E-1 4.42069E-1 4.37835E-1 4.37895E-1 4.4213E-1 4.43232E-1 4.43036E-1 4.46748E-1 4.46553E-1 4.49316E-1 4.53059E-1 4.48958E-1 4.4354E-1 4.43026E-1 4.41752E-1 4.39949E-1 4.40674E-1 4.39899E-1 4.45015E-1 4.47006E-1 4.46849E-1 4.47683E-1 4.45073E-1 4.42363E-1 4.38604E-1 4.38483E-1 4.42883E-1 4.45031E-1 4.48611E-1 4.50614E-1 4.51351E-1 4.52642E-1 4.54807E-1 4.56623E-1 4.5658E-1 4.48352E-1 4.4688E-1 4.48462E-1 4.49669E-1 4.55964E-1 4.52169E-1 4.52935E-1 4.54823E-1 4.59974E-1 4.63308E-1 4.63585E-1 4.58122E-1 4.45834E-1 4.41837E-1 4.47156E-1 4.59537E-1 4.7728E-1 4.8482E-1 4.75233E-1 4.68087E-1 4.71086E-1 4.75919E-1 4.73366E-1 4.655E-1 4.66662E-1
4.35334E-1 4.38118E-1 4.35419E-1 4.35252E-1 4.34479E-1 4.37486E-1 4.38813E-1 4.43465E-1 4.48325E-1 4.53035E-1 4.51428E-1 4.49187E-1 4.46238E-1 4.43608E-1 4.43697E-1 4.39328E-1 4.38534E-1 4.40205E-1 4.36773E-1 4.44849E-1 4.47277E-1 4.47396E-1 4.47468E-1 4.47021E-1 4.43345E-1 4.38042E-1 4.34747E-1 4.38142E-1 4.42039E-1 4.45877E-1 4.47389E-1 4.58513E-1 4.56151E-1 4.64725E-1 4.64926E-1 4.55313E-1 4.55201E-1 4.50689E-1 4.46145E-1 4.50008E-1 4.51771E-1 4.55016E-1 4.51564E-1 4.53121E-1 4.56028E-1 4.63437E-1 4.62223E-1 4.55976E-1 4.50463E-1 4.4763E-1 4.58619E-1 4.69086E-1 4.69348E-1 4.73166E-1 4.759E-1 4.68676E-1 4.59983E-1 4.64194E-1 4.68091E-1 4.63099E-1 4.57371E-1
4.30242E-1 4.32986E-1 4.33369E-1 4.31246E-1 4.32572E-1 4.35053E-1 4.33847E-1 4.32348E-1 4.38214E-1 4.40754E-1 4.40841E-1 4.41531E-1 4.45926E-1 4.44898E-1 4.39003E-1 4.40156E-1 4.3637E-1 4.3702E-1 4.3979E-1 4.50169E-1 4.52659E-1 4.51147E-1 4.49818E-1 4.45336E-1 4.41845E-1 4.39956E-1 4.31249E-1 4.36516E-1 4.4152E-1 4.4287E-1 4.42785E-1 4.51652E-1 4.51082E-1 4.543E-1 4.57989E-1 4.60964E-1 4.62058E-1 4.61724E-1 4.5706E-1 4.51256E-1 4.47067E-1 4.44623E-1 4.40046E-1 4.47829E-1 4.56066E-1 4.62081E-1 4.55403E-1 4.61252E-1 4.6067E-1 4.59278E-1 4.60673E-1 4.56496E-1 4.56566E-1 4.62067E-1 4.62058E-1 4.5483E-1 4.54624E-1 4.59409E-1 4.62085E-1 4.63851E-1 4.59428E-1
4.32672E-1 4.34364E-1 4.31469E-1 4.33414E-1 4.33386E-1 4.33147E-1 4.37628E-1 4.39976E-1 4.35117E-1 4.3149E-1 4.28193E-1 4.29212E-1 4.33036E-1 4.36253E-1 4.38193E-1 4.37979E-1 4.40566E-1 4.36858E-1 4.40691E-1 4.43053E-1 4.44586E-1 4.48152E-1 4.45318E-1 4.43625E-1 4.40024E-1 4.33821E-1 4.31524E-1 4.32722E-1 4.35526E-1 4.38128E-1 4.39275E-1 4.41266E-1 4.44679E-1 4.49791E-1 4.57111E-1 4.61159E-1 4.61015E-1 4.58329E-1 4.56856E-1 4.53999E-1 4.51652E-1 4.52199E-1 4.51341E-1 4.48931E-1 4.48634E-1 4.47916E-1 4.4403E-1 4.45271E-1 4.53769E-1 4.49362E-1 4.51167E-1 4.51373E-1 4.49778E-1 4.5551E-1 4.59079E-1 4.44001E-1 4.53101E-1 4.49805E-1 4.52367E-1 4.60058E-1 4.61957E-1
4.39122E-1 4.39585E-1 4.35994E-1 4.3486E-1 4.40899E-1 4.39745E-1 4.35563E-1 4.3405E-1 4.35683E-1 4.32698E-1 4.24483E-1 4.21295E-1 4.25086E-1 4.33385E-1 4.35808E-1 4.38133E-1 4.42401E-1 4.41411E-1 4.44134E-1 4.42796E-1 4.42907E-1 4.4394E-1 4.39147E-1 4.3747E-1 4.39362E-1 4.34366E-1 4.29944E-1 4.28371E-1 4.33352E-1 4.35062E-1 4.35273E-1 4.34303E-1 4.40492E-1 4.47394E-1 4.52341E-1 4.57521E-1 4.58363E-1 4.55739E-1 4.5332E-1 4.51752E-1 4.51831E-1 4.47736E-1 4.48867E-1 4.49816E-1 4.45664E-1 4.50177E-1 4.42696E-1 4.40352E-1 4.31408E-1 4.30803E-1 4.35041E-1 4.48506E-1 4.51193E-1 4.55911E-1 4.55825E-1 4.40378E-1 4.41523E-1 4.43714E-1 4.57876E-1 4.56059E-1 4.48626E-1
4.4058E-1 4.4171E-1 4.42031E-1 4.36776E-1 4.36972E-1 4.39163E-1 4.3176E-1 4.28688E-1 4.30831E-1 4.35187E-1 4.34193E-1 4.30121E-1 4.32216E-1 4.34339E-1 4.33576E-1 4.36894E-1 4.42497E-1 4.4309E-1 4.41643E-1 4.42025E-1 4.38603E-1 4.44771E-1 4.43434E-1 4.3478E-1 4.33891E-1 4.30109E-1 4.37132E-1 4.32877E-1 4.35717E-1 4.35924E-1 4.35221E-1 4.33292E-1 4.42601E-1 4.45334E-1 4.47905E-1 4.53827E-1 4.54893E-1 4.52285E-1 4.50511E-1 4.48767E-1 4.493E-1 4.51429E-1 4.47453E-1 4.45956E-1 4.42246E-1 4.44347E-1 4.42748E-1 4.41016E-1 4.36435E-1 4.33431E-1 4.31907E-1 4.40911E-1 4.48432E-1 4.48336E-1 4.46363E-1 4.42115E-1 4.41392E-1 4.49747E-1 4.61749E-1 4.70845E-1 4.5626E-1
4.38977E-1 4.39524E-1 4.37581E-1 4.39217E-1 4.42153E-1 4.38526E-1 4.31273E-1 4.2613E-1 4.35577E-1 4.36916E-1 4.37445E-1 4.38605E-1 4.34543E-1 4.32768E-1 4.3438E-1 4.36986E-1 4.40821E-1 4.43647E-1 4.42318E-1 4.38915E-1 4.39723E-1 4.43734E-1 4.44345E-1 4.34626E-1 4.30133E-1 4.28978E-1 4.36226E-1 4.36373E-1 4.39228E-1 4.40739E-1 4.38524E-1 4.37033E-1 4.38872E-1 4.4221E-1 4.4263E-1 4.48468E-1 4.48874E-1 4.51366E-1 4.49628E-1 4.48497E-1 4.4784E-1 4.4955E-1 4.46944E-1 4.47463E-1 4.42676E-1 4.40886E-1 4.43234E-1 4.42939E-1 4.42277E-1 4.4148E-1 4.38353E-1 4.42756E-1 4.46347E-1 4.43727E-1 4.46308E-1 4.48576E-1 4.4985E-1 4.51193E-1 4.56315E-1 4.6247E-1 4.58843E-1
4.41652E-1 4.4176E-1 4.38502E-1 4.3545E-1 4.36319E-1 4.37328E-1 4.36291E-1 4.31932E-1 4.3701E-1 4.34354E-1 4.34204E-1 4.3598E-1 4.36508E-1 4.35598E-1 4.37529E-1 4.38781E-1 4.48962E-1 4.42667E-1 4.40696E-1 4.44889E-1 4.41486E-1 4.39706E-1 4.38153E-1 4.37049E-1 4.33421E-1 4.33114E-1 4.35963E-1 4.36866E-1 4.3769E-1 4.38364E-1 4.38471E-1 4.39309E-1 4.36875E-1 4.3638E-1 4.39068E-1 4.42129E-1 4.44543E-1 4.49599E-1 4.49041E-1 4.46633E-1 4.51092E-1 4.50859E-1 4.49961E-1 4.47152E-1 4.45549E-1 4.44282E-1 4.44218E-1 4.42354E-1 4.41187E-1 4.38819E-1 4.38723E-1 4.42877E-1 4.48794E-1 4.50388E-1 4.56115E-1 4.6016E-1 4.59954E-1 4.60956E-1 4.67911E-1 4.6441E-1 4.54813E-1
4.44657E-1 4.38224E-1 4.31511E-1 4.31166E-1 4.30281E-1 4.33853E-1 4.3756E-1 4.3853E-1 4.35093E-1 4.36155E-1 4.32025E-1 4.27993E-1 4.33277E-1 4.3979E-1 4.43953E-1 4.48113E-1 4.50101E-1 4.4749E-1 4.46608E-1 4.4501E-1 4.41885E-1 4.42526E-1 4.42402E-1 4.40809E-1 4.40118E-1 4.36814E-1 4.37289E-1 4.40354E-1 4.40164E-1 4.38674E-1 4.40065E-1 4.45672E-1 4.42692E-1 4.39447E-1 4.41211E-1 4.41876E-1 4.44105E-1 4.45524E-1 4.48966E-1 4.51283E-1 4.54404E-1 4.53783E-1 4.50569E-1 4.50346E-1 4.47505E-1 4.48191E-1 4.4769E-1 4.43281E-1 4.42277E-1 4.43234E-1 4.39288E-1 4.40333E-1 4.40923E-1 4.35939E-1 4.44984E-1 4.46608E-1 4.49169E-1 4.56451E-1 4.60078E-1 4.60282E-1 4.65997E-1
4.2971E-1 4.28486E-1 4.18078E-1 4.19331E-1 4.21576E-1 4.28922E-1 4.35839E-1 4.36319E-1 4.37031E-1 4.37613E-1 4.37975E-1 4.36246E-1 4.38654E-1 4.36585E-1 4.32566E-1 4.37301E-1 4.42178E-1 4.47703E-1 4.46296E-1 4.43353E-1 4.39739E-1 4.37897E-1 4.43697E-1 4.42544E-1 4.3731E-1 4.41531E-1 4.40373E-1 4.38565E-1 4.36576E-1 4.3616E-1 4.34597E-1 4.37687E-1 4.40185E-1 4.37662E-1 4.36241E-1 4.40241E-1 4.4634E-1 4.50896E-1 4.54163E-1 4.54614E-1 4.5451E-1 4.55763E-1 4.52715E-1 4.52939E-1 4.48975E-1 4.52191E-1 4.53724E-1 4.49228E-1 4.41537E-1 4.44239E-1 4.44566E-1 4.45315E-1 4.45051E-1 4.42611E-1 4.3823E-1 4.3461E-1 4.38817E-1 4.4667E-1 4.5037E-1 4.54674E-1 4.65897E-1
4.25807E-1 4.20511E-1 4.15991E-1 4.13629E-1 4.18661E-1 4.25816E-1 4.29966E-1 4.33607E-1 4.36399E-1 4.36904E-1 4.35958E-1 4.37711E-1 4.38754E-1 4.34923E-1 4.32692E-1 4.34919E-1 4.37699E-1 4.37183E-1 4.38558E-1 4.38829E-1 4.37114E-1 4.3565E-1 4.43585E-1 4.49347E-1 4.41726E-1 4.35035E-1 4.34167E-1 4.28138E-1 4.26831E-1 4.24586E-1 4.26715E-1 4.34456E-1 4.34335E-1 4.32846E-1 4.35099E-1 4.37868E-1 4.46845E-1 4.54374E-1 4.58015E-1 4.5758E-1 4.57446E-1 4.57101E-1 4.52592E-1 4.50392E-1 4.491E-1 4.48991E-1 4.48954E-1 4.50462E-1 4.47179E-1 4.43218E-1 4.47866E-1 4.49635E-1 4.54138E-1 4.48644E-1 4.3886E-1 4.32166E-1 4.38168E-1 4.42052E-1 4.46248E-1 4.46327E-1 4.59526E-1
4.23637E-1 4.15959E-1 4.14112E-1 4.16458E-1 4.20337E-1 4.24952E-1 4.29065E-1 4.36394E-1 4.35299E-1 4.37892E-1 4.42252E-1 4.45328E-1 4.4463E-1 4.40001E-1 4.37287E-1 4.37805E-1 4.39061E-1 4.34512E-1 4.32855E-1 4.30442E-1 4.31363E-1 4.33651E-1 4.37743E-1 4.4685E-1 4.54486E-1 4.43976E-1 4.29503E-1 4.24185E-1 4.21798E-1 4.22894E-1 4.26025E-1 4.26642E-1 4.28328E-1 4.37032E-1 4.37857E-1 4.41721E-1 4.44739E-1 4.48897E-1 4.53471E-1 4.54885E-1 4.54855E-1 4.54265E-1 4.52072E-1 4.49187E-1 4.45463E-1 4.43766E-1 4.43612E-1 4.45798E-1 4.46605E-1 4.46771E-1 4.50663E-1 4.50815E-1 4.52041E-1 4.43713E-1 4.37958E-1 4.32952E-1 4.33411E-1 4.37978E-1 4.46578E-1 4.52858E-1 4.53143E-1
4.26034E-1 4.22814E-1 4.26769E-1 4.30744E-1 4.30609E-1 4.34882E-1 4.39029E-1 4.43476E-1 4.43429E-1 4.40957E-1 4.4052E-1 4.42808E-1 4.41922E-1 4.44122E-1 4.40101E-1 4.40833E-1 4.36371E-1 4.33504E-1 4.37388E-1 4.31605E-1 4.32842E-1 4.45861E-1 4.55354E-1 4.41696E-1 4.44321E-1 4.48156E-1 4.42012E-1 4.36604E-1 4.29747E-1 4.26147E-1 4.27606E-1 4.29846E-1 4.3104E-1 4.34575E-1 4.39006E-1 4.41915E-1 4.43901E-1 4.48226E-1 4.49717E-1 4.51418E-1 4.48245E-1 4.48386E-1 4.43971E-1 4.41723E-1 4.37873E-1 4.37158E-1 4.39905E-1 4.41633E-1 4.43973E-1 4.43723E-1 4.43385E-1 4.5027E-1 4.50975E-1 4.43357E-1 4.34919E-1 4.33665E-1 4.36592E-1 4.40376E-1 4.46101E-1 4.49206E-1 4.45779E-1
4.44721E-1 4.45137E-1 4.47413E-1 4.56492E-1 4.5973E-1 4.62508E-1 4.56108E-1 4.45513E-1 4.42885E-1 4.42272E-1 4.41731E-1 4.41236E-1 4.43548E-1 4.40389E-1 4.33113E-1 4.32872E-1 4.32543E-1 4.37793E-1 4.43365E-1 4.37228E-1 4.39672E-1 4.39756E-1 4.38052E-1 4.35868E-1 4.33268E-1 4.40367E-1 4.38206E-1 4.34708E-1 4.37201E-1 4.28892E-1 4.41129E-1 4.40212E-1 4.37563E-1 4.35744E-1 4.40014E-1 4.41058E-1 4.44152E-1 4.46942E-1 4.47093E-1 4.44831E-1 4.42014E-1 4.38142E-1 4.37577E-1 4.39434E-1 4.37495E-1 4.33265E-1 4.31933E-1 4.35091E-1 4.38822E-1 4.42401E-1 4.40588E-1 4.46269E-1 4.56753E-1 4.47348E-1 4.40994E-1 4.35225E-1 4.41405E-1 4.46765E-1 4.46928E-1 4.41164E-1 4.3734E-1
4.61733E-1 4.64879E-1 4.70675E-1 4.72075E-1 4.7381E-1 4.71235E-1 4.55189E-1 4.42924E-1 4.38172E-1 4.35304E-1 4.33441E-1 4.35741E-1 4.36999E-1 4.40781E-1 4.39944E-1 4.30826E-1 4.24696E-1 4.26494E-1 4.35764E-1 4.39522E-1 4.40217E-1 4.41356E-1 4.40667E-1 4.39115E-1 4.36179E-1 4.31702E-1 4.31149E-1 4.2427E-1 4.34674E-1 4.54498E-1 4.62138E-1 4.47448E-1 4.41967E-1 4.46789E-1 4.41455E-1 4.42856E-1 4.4226E-1 4.45282E-1 4.45017E-1 4.42698E-1 4.37333E-1 4.31796E-1 4.32602E-1 4.40163E-1 4.39197E-1 4.35842E-1 4.29832E-1 4.28859E-1 4.33454E-1 4.39009E-1 4.43465E-1 4.50374E-1 4.54975E-1 4.60281E-1 4.5254E-1 4.49304E-1 4.45529E-1 4.44E-1 4.45498E-1 4.43E-1 4.38365E-1
4.56597E-1 4.55888E-1 4.5336E-1 4.58873E-1 4.63985E-1 4.63387E-1 4.47059E-1 4.42115E-1 4.36773E-1 4.32873E-1 4.28668E-1 4.2964E-1 4.39829E-1 4.42972E-1 4.36031E-1 4.2558E-1 4.19041E-1 4.15596E-1 4.25618E-1 4.32168E-1 4.38637E-1 4.41965E-1 4.40314E-1 4.32598E-1 4.32517E-1 4.44009E-1 4.39414E-1 4.36559E-1 4.42405E-1 4.58216E-1 4.67801E-1 4.71986E-1 4.62482E-1 4.55704E-1 4.47858E-1 4.43703E-1 4.4368E-1 4.46732E-1 4.43829E-1 4.4066E-1 4.36865E-1 4.33704E-1 4.29843E-1 4.33076E-1 4.37306E-1 4.33801E-1 4.29312E-1 4.26104E-1 4.33019E-1 4.41981E-1 4.45754E-1 4.48321E-1 4.46686E-1 4.57823E-1 4.58793E-1 4.55987E-1 4.48174E-1 4.45064E-1 4.46805E-1 4.46173E-1 4.44759E-1
