maxent_outputs/bumblebees/bombus_33.asc
ncols         426
nrows         180
xllcorner     -130.0
yllcorner     24.0
cellsize      0.16666666666666666
NODATA_value  -9999
[rows 135 to 161 of 180, columns 183 to 243 of 426]
1.68918E-1 1.68367E-1 1.72127E-1 1.8222E-1 1.91188E-1 1.82007E-1 1.64685E-1 1.69349E-1 1.734E-1 1.87905E-1 1.96648E-1 1.99512E-1 2.04185E-1 2.21941E-1 2.43801E-1 2.48103E-1 2.44575E-1 2.32481E-1 2.48905E-1 2.42439E-1 2.32899E-1 2.32869E-1 2.42218E-1 2.36007E-1 2.25347E-1 2.31463E-1 2.33038E-1 2.24709E-1 2.17909E-1 2.03005E-1 1.88899E-1 1.71029E-1 1.5305E-1 1.52967E-1 1.75713E-1 1.55963E-1 1.37611E-1 1.3124E-1 1.25777E-1 1.29362E-1 1.25613E-1 1.20116E-1 1.20235E-1 1.34917E-1 1.49931E-1 1.4655E-1 1.373E-1 1.32353E-1 1.26381E-1 1.20736E-1 1.31316E-1 1.41879E-1 1.37786E-1 1.31809E-1 1.32662E-1 1.27506E-1 1.29904E-1 1.36446E-1 1.26624E-1 1.32107E-1 1.42944E-1
1.52856E-1 1.5122E-1 1.60359E-1 1.75145E-1 1.97487E-1 2.02945E-1 1.78035E-1 1.81579E-1 1.93128E-1 2.16802E-1 2.29436E-1 2.36234E-1 2.29859E-1 2.28263E-1 2.46749E-1 2.70211E-1 2.67096E-1 2.49288E-1 2.52451E-1 2.51911E-1 2.31985E-1 2.21706E-1 2.38922E-1 2.28802E-1 2.22436E-1 2.1001E-1 1.99254E-1 2.10982E-1 2.05726E-1 1.90242E-1 1.97547E-1 1.92184E-1 1.68194E-1 1.55952E-1 1.66929E-1 1.6877E-1 1.43133E-1 1.33204E-1 1.28412E-1 1.24166E-1 1.17133E-1 1.17948E-1 1.21483E-1 1.27852E-1 1.42025E-1 1.34752E-1 1.28509E-1 1.37368E-1 1.36352E-1 1.31621E-1 1.38775E-1 1.49141E-1 1.43688E-1 1.41179E-1 1.42443E-1 1.40857E-1 1.39293E-1 1.43303E-1 1.43032E-1 1.34766E-1 1.38095E-1
1.43004E-1 1.56045E-1 1.69167E-1 1.7369E-1 1.78997E-1 1.96412E-1 1.99023E-1 1.87766E-1 2.11868E-1 2.41397E-1 2.59989E-1 2.67241E-1 2.54989E-1 2.46593E-1 2.57566E-1 2.71085E-1 2.87989E-1 2.59639E-1 2.57203E-1 2.59962E-1 2.38218E-1 2.26657E-1 2.29351E-1 2.22011E-1 2.14996E-1 1.93492E-1 1.81394E-1 1.90093E-1 1.99146E-1 1.91641E-1 1.8485E-1 1.86399E-1 1.78428E-1 1.38651E-1 1.39887E-1 1.5586E-1 1.48119E-1 1.40351E-1 1.30181E-1 1.16225E-1 1.08585E-1 1.05391E-1 1.17812E-1 1.31772E-1 1.31988E-1 1.27415E-1 1.35975E-1 1.39627E-1 1.25203E-1 1.31406E-1 1.38406E-1 1.51495E-1 1.50431E-1 1.4825E-1 1.49698E-1 1.56778E-1 1.5325E-1 1.52456E-1 1.63971E-1 1.46665E-1 1.48386E-1
1.45921E-1 1.57114E-1 1.66958E-1 1.74261E-1 1.87843E-1 1.98208E-1 2.08659E-1 1.82973E-1 1.97685E-1 2.24613E-1 2.42562E-1 2.44677E-1 2.59443E-1 2.68117E-1 2.83221E-1 3.03841E-1 2.98857E-1 2.82196E-1 2.6706E-1 2.66756E-1 2.47744E-1 2.42527E-1 2.34747E-1 2.17111E-1 2.03553E-1 1.9469E-1 1.72343E-1 1.74467E-1 1.77919E-1 1.7914E-1 1.79044E-1 1.87466E-1 1.64373E-1 1.40849E-1 1.4764E-1 1.5831E-1 1.56656E-1 1.42748E-1 1.35228E-1 1.23926E-1 1.08888E-1 9.92333E-2 1.04667E-1 1.21664E-1 1.22857E-1 1.23374E-1 1.34001E-1 1.44073E-1 1.33641E-1 1.3743E-1 1.40069E-1 1.45046E-1 1.46466E-1 1.4578E-1 1.56256E-1 1.73643E-1 1.7096E-1 1.73372E-1 1.87838E-1 1.63115E-1 1.61255E-1
1.59489E-1 1.64933E-1 1.84163E-1 2.04986E-1 2.2423E-1 2.36362E-1 2.41348E-1 1.93331E-1 1.88998E-1 1.99449E-1 2.12873E-1 2.34892E-1 2.67864E-1 2.77644E-1 3.037E-1 3.10327E-1 3.07282E-1 3.09247E-1 2.85771E-1 2.77388E-1 2.53213E-1 2.39362E-1 2.28558E-1 2.17076E-1 1.99812E-1 1.89821E-1 2.1343E-1 1.75679E-1 1.65988E-1 1.64429E-1 1.74048E-1 1.84689E-1 1.79717E-1 1.55661E-1 1.53741E-1 1.60366E-1 1.56255E-1 1.62594E-1 1.57667E-1 1.36525E-1 1.19188E-1 1.03509E-1 1.01214E-1 1.07639E-1 1.10189E-1 1.19573E-1 1.32959E-1 1.48567E-1 1.54684E-1 1.48295E-1 1.44267E-1 1.51797E-1 1.50319E-1 1.43904E-1 1.51888E-1 1.79417E-1 1.92633E-1 2.13021E-1 2.2265E-1 2.02205E-1 1.93956E-1
1.66401E-1 1.78034E-1 1.93782E-1 2.02389E-1 2.13806E-1 2.26994E-1 2.49589E-1 2.4057E-1 2.16092E-1 2.06951E-1 2.14931E-1 2.40737E-1 2.64137E-1 2.85717E-1 3.0673E-1 3.16074E-1 3.21715E-1 3.17718E-1 2.96234E-1 2.76761E-1 2.62673E-1 2.29223E-1 2.25221E-1 2.13496E-1 1.85357E-1 1.75665E-1 1.90351E-1 1.84169E-1 1.68633E-1 1.64764E-1 1.70283E-1 1.72862E-1 1.74396E-1 1.53868E-1 1.60127E-1 1.6664E-1 1.7582E-1 1.83513E-1 1.70935E-1 1.57787E-1 1.35306E-1 1.22461E-1 1.18357E-1 1.13926E-1 1.13761E-1 1.24785E-1 1.36797E-1 1.45754E-1 1.55853E-1 1.644E-1 1.61012E-1 1.68589E-1 1.705E-1 1.70088E-1 1.7775E-1 1.90707E-1 2.0517E-1 2.33387E-1 2.60182E-1 2.50892E-1 2.39866E-1
1.48401E-1 1.49112E-1 1.61352E-1 1.60369E-1 1.81069E-1 2.02911E-1 1.94126E-1 2.14987E-1 2.42591E-1 2.47323E-1 2.4853E-1 2.45479E-1 2.64098E-1 2.87977E-1 3.17665E-1 3.30315E-1 3.31128E-1 3.2128E-1 3.07289E-1 2.74769E-1 2.48485E-1 2.23577E-1 2.12199E-1 2.17562E-1 1.85132E-1 1.69835E-1 1.86719E-1 1.87408E-1 1.78022E-1 1.65246E-1 1.66644E-1 1.67162E-1 1.66319E-1 1.66053E-1 1.88369E-1 1.9566E-1 2.02433E-1 2.04638E-1 1.93722E-1 1.83082E-1 1.64194E-1 1.43631E-1 1.38152E-1 1.32366E-1 1.1902E-1 1.28321E-1 1.51426E-1 1.57113E-1 1.60777E-1 1.69478E-1 1.81698E-1 1.86344E-1 1.98234E-1 2.16441E-1 2.21929E-1 2.26995E-1 2.48299E-1 2.49702E-1 2.7965E-1 2.84983E-1 2.83073E-1
1.31363E-1 1.41371E-1 1.54212E-1 1.71019E-1 1.75117E-1 1.79101E-1 1.8606E-1 1.97885E-1 1.97277E-1 2.25609E-1 2.82147E-1 2.70773E-1 2.70561E-1 2.82872E-1 3.0441E-1 3.2173E-1 3.29682E-1 3.23613E-1 2.88544E-1 2.73645E-1 2.56182E-1 2.26209E-1 2.1334E-1 2.29737E-1 2.36859E-1 2.11502E-1 1.88804E-1 1.83262E-1 1.80884E-1 1.79086E-1 1.78283E-1 1.87459E-1 1.96041E-1 2.02497E-1 2.2928E-1 2.25042E-1 2.33385E-1 2.45922E-1 2.19421E-1 2.00764E-1 1.79704E-1 1.64925E-1 1.64098E-1 1.51488E-1 1.41888E-1 1.49569E-1 1.71391E-1 1.76986E-1 1.83259E-1 1.79947E-1 1.85745E-1 1.98746E-1 2.17965E-1 2.65852E-1 2.98985E-1 3.80244E-1 3.90527E-1 3.1794E-1 3.32426E-1 3.15625E-1 3.14959E-1
1.47312E-1 1.61624E-1 1.63481E-1 1.67038E-1 1.70779E-1 1.58258E-1 1.66122E-1 1.79922E-1 1.96414E-1 2.18801E-1 2.44457E-1 2.6675E-1 2.74114E-1 2.76644E-1 2.78612E-1 2.97837E-1 2.91272E-1 2.76053E-1 2.80085E-1 2.77467E-1 2.64833E-1 2.37306E-1 2.4381E-1 2.66122E-1 2.84384E-1 2.76487E-1 2.52513E-1 2.14385E-1 2.12494E-1 2.15074E-1 2.15358E-1 2.21978E-1 2.44872E-1 2.50324E-1 2.56068E-1 2.66446E-1 2.91727E-1 2.79597E-1 2.43135E-1 2.32921E-1 2.17639E-1 1.97862E-1 1.92149E-1 1.8344E-1 1.71605E-1 1.74743E-1 1.86906E-1 2.13306E-1 2.09614E-1 2.04474E-1 1.9367E-1 2.03424E-1 2.24904E-1 2.46312E-1 2.95026E-1 3.6144E-1 3.94819E-1 3.46297E-1 3.54324E-1 3.72481E-1 4.00066E-1
1.47452E-1 1.66662E-1 1.7467E-1 1.73308E-1 1.80303E-1 1.83105E-1 1.88636E-1 2.10836E-1 2.14154E-1 2.54001E-1 2.58208E-1 2.76634E-1 2.71575E-1 2.69848E-1 2.80921E-1 2.902E-1 2.84429E-1 2.62132E-1 2.63402E-1 2.71597E-1 2.72429E-1 2.6364E-1 2.76125E-1 3.05777E-1 3.19173E-1 3.27E-1 3.23344E-1 2.83557E-1 2.81166E-1 2.61823E-1 2.5615E-1 2.64992E-1 2.85523E-1 3.19538E-1 3.21011E-1 2.98501E-1 3.16464E-1 3.30435E-1 2.97243E-1 2.72664E-1 2.8262E-1 2.397E-1 2.24969E-1 2.1066E-1 2.04986E-1 2.09951E-1 2.11264E-1 2.29537E-1 2.37759E-1 2.42747E-1 2.23161E-1 2.14958E-1 2.29904E-1 2.72939E-1 2.76697E-1 3.132E-1 3.21872E-1 3.37311E-1 3.54057E-1 3.80727E-1 3.94919E-1
1.69858E-1 1.90529E-1 2.01314E-1 1.90874E-1 1.74127E-1 1.89668E-1 2.01347E-1 2.19365E-1 2.40496E-1 2.58677E-1 2.82146E-1 2.99342E-1 2.95876E-1 3.06891E-1 2.99906E-1 2.7756E-1 2.66039E-1 2.53121E-1 2.52579E-1 2.64726E-1 3.02254E-1 3.01001E-1 3.11509E-1 3.41414E-1 3.59176E-1 3.72272E-1 3.91953E-1 3.64939E-1 3.64056E-1 3.31314E-1 3.27476E-1 3.29549E-1 3.53667E-1 3.60529E-1 3.28957E-1 3.02566E-1 3.22207E-1 3.19516E-1 2.95034E-1 2.94963E-1 2.80942E-1 2.88385E-1 2.76619E-1 2.5097E-1 2.58515E-1 2.5159E-1 2.40073E-1 2.45399E-1 2.47591E-1 2.67653E-1 2.60685E-1 2.43222E-1 2.41497E-1 2.64296E-1 2.81582E-1 3.59614E-1 3.42893E-1 3.63416E-1 3.96745E-1 3.8134E-1 4.0154E-1
2.22686E-1 2.28334E-1 2.23824E-1 2.38496E-1 2.32864E-1 2.66599E-1 2.73901E-1 2.6718E-1 2.76536E-1 2.88239E-1 3.13514E-1 3.28699E-1 3.3393E-1 3.31009E-1 3.05613E-1 2.96945E-1 2.73082E-1 2.75592E-1 2.84768E-1 2.94187E-1 3.05872E-1 3.10912E-1 3.22014E-1 3.376E-1 3.46908E-1 3.76053E-1 4.03578E-1 4.32877E-1 4.46854E-1 4.25871E-1 4.07184E-1 3.86471E-1 3.92719E-1 -9999 -9999 -9999 -9999 -9999 -9999 3.29806E-1 3.20344E-1 3.12089E-1 3.08339E-1 2.90844E-1 2.90834E-1 2.81253E-1 2.9578E-1 2.83126E-1 2.86774E-1 2.92247E-1 3.01888E-1 3.1026E-1 3.11548E-1 3.10746E-1 3.19227E-1 3.4639E-1 3.97102E-1 3.81505E-1 3.82367E-1 4.19259E-1 4.13844E-1
2.73391E-1 2.67006E-1 2.6723E-1 2.76581E-1 2.91512E-1 3.2479E-1 3.35885E-1 3.24845E-1 3.20869E-1 3.1656E-1 3.29577E-1 3.41575E-1 3.50514E-1 3.19472E-1 3.09639E-1 3.08486E-1 3.10717E-1 3.06233E-1 3.02817E-1 3.05435E-1 3.20488E-1 3.37247E-1 3.21719E-1 3.25412E-1 3.39331E-1 3.81968E-1 4.17543E-1 4.7384E-1 5.40401E-1 5.05605E-1 -9999 -9999 -9999 -9999 -9999 -9999 -9999 -9999 -9999 -9999 -9999 -9999 -9999 -9999 -9999 2.89893E-1 2.91143E-1 -9999 3.3109E-1 3.27108E-1 3.46057E-1 3.66247E-1 3.81071E-1 4.09272E-1 4.11649E-1 3.89969E-1 4.22718E-1 4.20238E-1 4.14732E-1 4.04806E-1 3.88997E-1
2.99946E-1 3.01633E-1 3.03623E-1 3.10995E-1 3.36634E-1 3.63446E-1 3.86024E-1 3.86377E-1 3.64026E-1 3.69554E-1 3.9197E-1 3.91646E-1 3.75381E-1 3.55937E-1 3.48298E-1 3.6431E-1 3.64546E-1 3.5164E-1 3.31525E-1 3.1609E-1 3.44163E-1 3.81002E-1 3.57645E-1 3.37531E-1 3.39785E-1 3.98124E-1 4.63373E-1 5.53794E-1 5.87722E-1 -9999 -9999 -9999 -9999 -9999 -9999 -9999 -9999 -9999 -9999 -9999 -9999 -9999 -9999 -9999 -9999 -9999 -9999 -9999 3.94754E-1 3.68358E-1 3.88068E-1 4.14598E-1 4.20054E-1 4.31416E-1 4.27818E-1 4.36627E-1 4.59006E-1 4.60097E-1 4.59639E-1 4.7222E-1 4.45668E-1
3.42181E-1 3.42423E-1 3.42306E-1 3.49252E-1 3.7355E-1 3.9871E-1 4.10081E-1 4.08796E-1 4.12468E-1 4.26856E-1 4.30641E-1 4.17954E-1 4.11537E-1 4.12306E-1 4.04141E-1 4.25489E-1 4.3325E-1 4.10022E-1 3.70873E-1 3.45928E-1 3.84615E-1 4.14751E-1 4.00825E-1 3.76726E-1 3.86712E-1 4.54041E-1 5.79753E-1 -9999 -9999 -9999 -9999 -9999 -9999 -9999 -9999 -9999 -9999 -9999 -9999 -9999 -9999 -9999 -9999 -9999 -9999 -9999 -9999 -9999 -9999 -9999 -9999 4.4917E-1 4.68551E-1 5.20996E-1 5.46333E-1 4.50984E-1 4.53883E-1 -9999 -9999 -9999 4.14055E-1
3.67821E-1 3.75322E-1 3.60969E-1 3.86043E-1 3.98503E-1 4.37294E-1 4.5617E-1 4.55584E-1 4.42198E-1 4.54509E-1 4.75541E-1 4.59455E-1 4.60304E-1 4.61713E-1 4.87858E-1 4.97281E-1 4.99955E-1 4.88172E-1 4.43582E-1 4.24097E-1 4.54809E-1 4.74445E-1 4.77799E-1 4.67783E-1 4.69907E-1 5.18225E-1 -9999 -9999 -9999 -9999 -9999 -9999 -9999 -9999 -9999 -9999 -9999 -9999 -9999 -9999 -9999 -9999 -9999 -9999 -9999 -9999 -9999 -9999 -9999 -9999 -9999 -9999 -9999 -9999 -9999 -9999 -9999 -9999 -9999 -9999 4.64265E-1
3.7913E-1 4.00227E-1 3.92979E-1 3.9944E-1 4.24817E-1 4.48611E-1 4.70807E-1 4.64323E-1 4.44011E-1 4.42415E-1 4.73304E-1 4.91273E-1 4.91716E-1 5.27068E-1 5.57334E-1 5.67951E-1 5.68264E-1 5.78731E-1 5.32162E-1 5.0777E-1 5.81254E-1 5.85196E-1 5.93537E-1 5.56025E-1 -9999 -9999 -9999 -9999 -9999 -9999 -9999 -9999 -9999 -9999 -9999 -9999 -9999 -9999 -9999 -9999 -9999 -9999 -9999 -9999 -9999 -9999 -9999 -9999 -9999 -9999 -9999 -9999 -9999 -9999 -9999 -9999 -9999 -9999 -9999 -9999 -9999
3.96311E-1 4.10361E-1 4.10914E-1 4.13427E-1 4.14334E-1 4.49032E-1 4.69926E-1 4.86343E-1 4.65341E-1 4.42286E-1 4.44276E-1 4.81346E-1 5.19761E-1 5.5843E-1 5.93054E-1 6.30823E-1 6.08985E-1 6.22712E-1 6.40094E-1 6.6928E-1 6.82137E-1 7.11244E-1 6.98637E-1 -9999 -9999 -9999 -9999 -9999 -9999 -9999 -9999 -9999 -9999 -9999 -9999 -9999 -9999 -9999 -9999 -9999 -9999 -9999 -9999 -9999 -9999 -9999 -9999 -9999 -9999 -9999 -9999 -9999 -9999 -9999 -9999 -9999 -9999 -9999 -9999 -9999 -9999
4.07879E-1 4.3061E-1 4.15363E-1 4.02527E-1 4.0693E-1 4.41712E-1 4.77896E-1 4.93981E-1 4.75495E-1 4.37539E-1 4.44283E-1 4.99411E-1 5.57532E-1 6.0928E-1 6.39117E-1 6.58372E-1 7.15083E-1 6.62858E-1 7.46784E-1 7.95767E-1 -9999 -9999 -9999 -9999 -9999 -9999 -9999 -9999 -9999 -9999 -9999 -9999 -9999 -9999 -9999 -9999 -9999 -9999 -9999 -9999 -9999 -9999 -9999 -9999 -9999 -9999 -9999 -9999 -9999 -9999 -9999 -9999 -9999 -9999 -9999 -9999 -9999 -9999 -9999 -9999 -9999
3.56787E-1 3.92486E-1 4.10523E-1 3.94245E-1 4.13322E-1 4.46227E-1 4.46646E-1 4.49689E-1 4.68401E-1 4.86684E-1 4.73768E-1 5.27006E-1 5.93966E-1 6.69642E-1 6.94034E-1 7.21793E-1 7.91882E-1 8.13492E-1 7.74163E-1 -9999 -9999 -9999 -9999 -9999 -9999 -9999 -9999 -9999 -9999 -9999 -9999 -9999 -9999 -9999 -9999 -9999 -9999 -9999 -9999 -9999 -9999 -9999 -9999 -9999 -9999 -9999 -9999 -9999 -9999 -9999 -9999 -9999 -9999 -9999 -9999 -9999 -9999 -9999 -9999 -9999 -9999
3.51626E-1 3.75701E-1 3.92489E-1 4.14547E-1 4.19345E-1 4.19995E-1 4.01624E-1 4.37478E-1 4.70121E-1 5.27487E-1 5.1552E-1 5.58508E-1 6.34366E-1 6.94533E-1 7.98824E-1 8.33311E-1 8.27165E-1 -9999 -9999 -9999 -9999 -9999 -9999 -9999 -9999 -9999 -9999 -9999 -9999 -9999 -9999 -9999 -9999 -9999 -9999 -9999 -9999 -9999 -9999 -9999 -9999 -9999 -9999 -9999 -9999 -9999 -9999 -9999 -9999 -9999 -9999 -9999 -9999 -9999 -9999 -9999 -9999 -9999 -9999 -9999 -9999
3.63076E-1 3.91101E-1 3.9484E-1 4.09957E-1 4.02756E-1 3.88109E-1 4.05044E-1 4.41493E-1 4.86046E-1 5.18181E-1 5.51796E-1 6.0984E-1 6.86703E-1 7.52573E-1 8.30355E-1 8.52562E-1 -9999 -9999 -9999 -9999 -9999 -9999 -9999 -9999 -9999 -9999 -9999 -9999 -9999 -9999 -9999 -9999 -9999 -9999 -9999 -9999 -9999 -9999 -9999 -9999 -9999 -9999 -9999 -9999 -9999 -9999 -9999 -9999 -9999 -9999 -9999 -9999 -9999 -9999 -9999 -9999 -9999 -9999 -9999 -9999 -9999
3.84356E-1 3.9407E-1 4.06078E-1 4.11825E-1 4.01266E-1 3.99512E-1 4.3744E-1 4.75403E-1 5.19906E-1 5.58169E-1 6.08381E-1 6.41317E-1 7.22992E-1 8.46572E-1 8.73538E-1 -9999 -9999 -9999 -9999 -9999 -9999 -9999 -9999 -9999 -9999 -9999 -9999 -9999 -9999 -9999 -9999 -9999 -9999 -9999 -9999 -9999 -9999 -9999 -9999 -9999 -9999 -9999 -9999 -9999 -9999 -9999 -9999 -9999 -9999 -9999 -9999 -9999 -9999 -9999 -9999 -9999 -9999 -9999 -9999 -9999 -9999
4.33129E-1 4.06176E-1 4.11051E-1 3.89507E-1 3.9419E-1 4.39187E-1 4.85566E-1 5.2076E-1 5.73283E-1 6.32019E-1 6.80379E-1 7.24917E-1 7.89195E-1 8.65975E-1 -9999 -9999 -9999 -9999 -9999 -9999 -9999 -9999 -9999 -9999 -9999 -9999 -9999 -9999 -9999 -9999 -9999 -9999 -9999 -9999 -9999 -9999 -9999 -9999 -9999 -9999 -9999 -9999 -9999 -9999 -9999 -9999 -9999 -9999 -9999 -9999 -9999 -9999 -9999 -9999 -9999 -9999 -9999 -9999 -9999 -9999 -9999
4.31347E-1 4.32377E-1 4.32763E-1 3.85212E-1 4.35104E-1 4.81992E-1 5.18117E-1 5.51279E-1 6.05383E-1 6.70047E-1 7.31355E-1 7.90271E-1 8.40162E-1 8.83354E-1 -9999 -9999 -9999 -9999 -9999 -9999 -9999 -9999 -9999 -9999 -9999 -9999 -9999 -9999 -9999 -9999 -9999 -9999 -9999 -9999 -9999 -9999 -9999 -9999 -9999 -9999 -9999 -9999 -9999 -9999 -9999 -9999 -9999 -9999 -9999 -9999 -9999 -9999 -9999 -9999 -9999 -9999 -9999 -9999 -9999 -9999 -9999
4.36998E-1 4.33577E-1 4.39873E-1 4.1646E-1 4.50372E-1 4.91195E-1 5.19321E-1 5.66052E-1 6.2199E-1 6.83797E-1 7.58287E-1 8.18457E-1 8.72456E-1 -9999 -9999 -9999 -9999 -9999 -9999 -9999 -9999 -9999 -9999 -9999 -9999 -9999 -9999 -9999 -9999 -9999 -9999 -9999 -9999 -9999 -9999 -9999 -9999 -9999 -9999 -9999 -9999 -9999 -9999 -9999 -9999 -9999 -9999 -9999 -9999 -9999 -9999 -9999 -9999 -9999 -9999 -9999 -9999 -9999 -9999 -9999 -9999
4.52796E-1 4.22783E-1 4.5719E-1 4.54151E-1 4.70065E-1 5.0183E-1 5.4262E-1 5.92469E-1 6.31676E-1 6.92939E-1 7.54994E-1 8.23668E-1 8.87503E-1 -9999 -9999 -9999 -9999 -9999 -9999 -9999 -9999 -9999 -9999 -9999 -9999 -9999 -9999 -9999 -9999 -9999 -9999 -9999 -9999 -9999 -9999 -9999 -9999 -9999 -9999 -9999 -9999 -9999 -9999 -9999 -9999 -9999 -9999 -9999 -9999 -9999 -9999 -9999 -9999 -9999 -9999 -9999 -9999 -9999 -9999 -9999 -9999
