maxent_outputs/bumblebees/bombus_213.asc
ncols         426
nrows         180
xllcorner     -130.0
yllcorner     24.0
cellsize      0.16666666666666666
NODATA_value  -9999
[rows 108 to 134 of 180, columns 122 to 182 of 426]
3.95317E-1 4.16831E-1 4.35265E-1 4.19797E-1 4.40955E-1 4.34973E-1 3.9668E-1 3.97545E-1 4.00232E-1 4.02499E-1 3.96772E-1 3.97957E-1 3.9876E-1 3.79789E-1 3.76997E-1 3.80754E-1 4.27708E-1 4.77284E-1 4.89882E-1 4.84257E-1 4.25692E-1 3.94583E-1 4.265E-1 4.95243E-1 5.14885E-1 4.6192E-1 4.24048E-1 4.15647E-1 4.20448E-1 4.05091E-1 4.14564E-1 4.21621E-1 4.18333E-1 4.01245E-1 4.17672E-1 4.12658E-1 4.03347E-1 4.12075E-1 4.15763E-1 4.16512E-1 4.1841E-1 4.2044E-1 4.22862E-1 4.31565E-1 4.39696E-1 4.41179E-1 4.39844E-1 4.3691E-1 4.37702E-1 4.42234E-1 4.45378E-1 4.46366E-1 4.51591E-1 4.51143E-1 4.47133E-1 4.38298E-1 4.36069E-1 4.39753E-1 4.44339E-1 4.45468E-1 4.47089E-1
3.95362E-1 4.02734E-1 4.26181E-1 4.16223E-1 4.24263E-1 3.92916E-1 4.07328E-1 4.18896E-1 4.08673E-1 4.00821E-1 3.92215E-1 3.92278E-1 3.89793E-1 3.95529E-1 3.93965E-1 3.95225E-1 4.27598E-1 4.55353E-1 4.81554E-1 4.63202E-1 4.16882E-1 4.07427E-1 4.36153E-1 4.87923E-1 4.84431E-1 4.59711E-1 4.22903E-1 3.98441E-1 4.03169E-1 4.09388E-1 4.243E-1 4.31952E-1 4.26552E-1 4.15706E-1 4.24363E-1 4.08534E-1 4.01019E-1 4.07813E-1 4.15651E-1 4.19693E-1 4.20694E-1 4.22453E-1 4.2631E-1 4.30665E-1 4.38081E-1 4.37124E-1 4.43464E-1 4.43737E-1 4.47557E-1 4.48648E-1 4.4663E-1 4.5231E-1 4.54847E-1 4.60597E-1 4.57743E-1 4.47835E-1 4.44053E-1 4.42486E-1 4.453E-1 4.46367E-1 4.45119E-1
3.99764E-1 4.08738E-1 4.19612E-1 4.04201E-1 3.93707E-1 3.99859E-1 4.15047E-1 4.19068E-1 4.23473E-1 4.16555E-1 4.01949E-1 3.91934E-1 3.88433E-1 4.07894E-1 4.18161E-1 4.06617E-1 4.13938E-1 4.23788E-1 4.35142E-1 4.15696E-1 4.06693E-1 3.95642E-1 4.1542E-1 4.40439E-1 4.47443E-1 4.4087E-1 4.20733E-1 3.98098E-1 4.01937E-1 4.12789E-1 4.36818E-1 4.13737E-1 4.04416E-1 4.10129E-1 4.25389E-1 4.17962E-1 3.99538E-1 4.04138E-1 4.08751E-1 4.18189E-1 4.18827E-1 4.24276E-1 4.26992E-1 4.3249E-1 4.33744E-1 4.4296E-1 4.44253E-1 4.49456E-1 4.49405E-1 4.47809E-1 4.4556E-1 4.4459E-1 4.48078E-1 4.58479E-1 4.59415E-1 4.49721E-1 4.46872E-1 4.46115E-1 4.48546E-1 4.50192E-1 4.49719E-1
3.99239E-1 4.11489E-1 4.15923E-1 4.13829E-1 4.06811E-1 4.08502E-1 4.30991E-1 4.32593E-1 4.26898E-1 4.03806E-1 3.99841E-1 4.04203E-1 4.13746E-1 4.2672E-1 4.34725E-1 4.14704E-1 4.1318E-1 4.14551E-1 4.12832E-1 4.14288E-1 4.17057E-1 4.1444E-1 3.99065E-1 4.06814E-1 4.19801E-1 4.33605E-1 4.31493E-1 4.33446E-1 4.19643E-1 4.23748E-1 4.19649E-1 4.10124E-1 4.11373E-1 4.14442E-1 4.3085E-1 4.23575E-1 4.09278E-1 4.00093E-1 4.06281E-1 4.18665E-1 4.21476E-1 4.33979E-1 4.39461E-1 4.43739E-1 4.4613E-1 4.44334E-1 4.48047E-1 4.50384E-1 4.43711E-1 4.40222E-1 4.38027E-1 4.3786E-1 4.4685E-1 4.54665E-1 4.56032E-1 4.51585E-1 4.49656E-1 4.45019E-1 4.46138E-1 4.4807E-1 4.54007E-1
4.00853E-1 3.97901E-1 4.00919E-1 4.05011E-1 4.0669E-1 4.13424E-1 4.14794E-1 4.42895E-1 4.4337E-1 4.26826E-1 3.86167E-1 4.13417E-1 4.67161E-1 4.37949E-1 4.19647E-1 4.07149E-1 4.01304E-1 4.11338E-1 4.18698E-1 4.66902E-1 4.38371E-1 4.14554E-1 3.99505E-1 3.93615E-1 4.18139E-1 4.31417E-1 4.2618E-1 4.21508E-1 4.1206E-1 4.10667E-1 4.12764E-1 4.12327E-1 4.1376E-1 4.23127E-1 4.32274E-1 4.24742E-1 4.19233E-1 4.14825E-1 4.23221E-1 4.26526E-1 4.31673E-1 4.35399E-1 4.32637E-1 4.37119E-1 4.39134E-1 4.42129E-1 4.48764E-1 4.46171E-1 4.36734E-1 4.3249E-1 4.35607E-1 4.36926E-1 4.4658E-1 4.53736E-1 4.56053E-1 4.57595E-1 4.51418E-1 4.48321E-1 4.46102E-1 4.48063E-1 4.52689E-1
3.9542E-1 3.97923E-1 4.02461E-1 4.01054E-1 3.98903E-1 4.08996E-1 4.11465E-1 3.99209E-1 4.23805E-1 4.33583E-1 4.09025E-1 4.03337E-1 4.0983E-1 4.08494E-1 4.05146E-1 4.0591E-1 3.92378E-1 4.09726E-1 4.24927E-1 4.61291E-1 4.36622E-1 4.05522E-1 3.99436E-1 3.92694E-1 4.20503E-1 4.1974E-1 4.16921E-1 4.15622E-1 4.21579E-1 4.20313E-1 4.11262E-1 4.09573E-1 4.09781E-1 4.19234E-1 4.27255E-1 4.31314E-1 4.31906E-1 4.32213E-1 4.32074E-1 4.32595E-1 4.38491E-1 4.31982E-1 4.31779E-1 4.33405E-1 4.26899E-1 4.27139E-1 4.3022E-1 4.34628E-1 4.32226E-1 4.30574E-1 4.34456E-1 4.37591E-1 4.43814E-1 4.47928E-1 4.52957E-1 4.52948E-1 4.53853E-1 4.52916E-1 4.55034E-1 4.56435E-1 4.54341E-1
4.05099E-1 4.07145E-1 4.01817E-1 3.94514E-1 3.95986E-1 4.05145E-1 4.06942E-1 3.92756E-1 3.94432E-1 4.06623E-1 4.10245E-1 4.11884E-1 4.05548E-1 3.97697E-1 3.87197E-1 3.95398E-1 3.92905E-1 4.02389E-1 4.03E-1 4.46343E-1 4.45518E-1 4.0815E-1 3.9706E-1 4.01002E-1 4.06832E-1 4.15195E-1 4.143E-1 4.15523E-1 4.20655E-1 4.19464E-1 4.14238E-1 4.07943E-1 4.10956E-1 4.22215E-1 4.27429E-1 4.29843E-1 4.35903E-1 4.40238E-1 4.39126E-1 4.38126E-1 4.35516E-1 4.32313E-1 4.30679E-1 4.29398E-1 4.26394E-1 4.24581E-1 4.268E-1 4.33154E-1 4.46962E-1 4.43877E-1 4.436E-1 4.44364E-1 4.44953E-1 4.50413E-1 4.56849E-1 4.57235E-1 4.58526E-1 4.61213E-1 4.62319E-1 4.62477E-1 4.6362E-1
4.0007E-1 3.97001E-1 3.9137E-1 3.94794E-1 3.92557E-1 3.84717E-1 3.79472E-1 3.81562E-1 3.92437E-1 3.81404E-1 4.02403E-1 4.0435E-1 3.96021E-1 3.96844E-1 4.04346E-1 3.9994E-1 3.89885E-1 3.99364E-1 4.01344E-1 4.5764E-1 4.29925E-1 4.04137E-1 3.95488E-1 3.9169E-1 3.98826E-1 4.04292E-1 4.12881E-1 4.11981E-1 4.11801E-1 4.1663E-1 4.20521E-1 4.11297E-1 4.09284E-1 4.14104E-1 4.11952E-1 4.15026E-1 4.19688E-1 4.21871E-1 4.28445E-1 4.2981E-1 4.31935E-1 4.33338E-1 4.32207E-1 4.3075E-1 4.27024E-1 4.24892E-1 4.21124E-1 4.23057E-1 4.28176E-1 4.42342E-1 4.48709E-1 4.42934E-1 4.44704E-1 4.55065E-1 4.57354E-1 4.55457E-1 4.60745E-1 4.63241E-1 4.68441E-1 4.68752E-1 4.70186E-1
4.02617E-1 3.90045E-1 3.88339E-1 3.88884E-1 3.8795E-1 3.89397E-1 3.79073E-1 3.80943E-1 3.77231E-1 3.64439E-1 3.94578E-1 4.06364E-1 3.92094E-1 3.92672E-1 4.00597E-1 3.93216E-1 3.85104E-1 3.894E-1 4.01926E-1 4.55863E-1 4.20044E-1 4.06591E-1 4.02176E-1 3.96162E-1 3.91653E-1 3.94946E-1 4.0518E-1 4.09684E-1 4.10824E-1 4.14366E-1 4.15972E-1 4.16241E-1 4.13745E-1 4.17086E-1 4.1761E-1 4.14985E-1 4.15806E-1 4.21227E-1 4.28259E-1 4.29124E-1 4.3178E-1 4.38724E-1 4.36895E-1 4.31421E-1 4.28446E-1 4.24932E-1 4.23905E-1 4.25883E-1 4.28813E-1 4.38155E-1 4.47765E-1 4.51429E-1 4.50084E-1 4.51091E-1 4.59566E-1 4.57932E-1 4.65077E-1 4.69435E-1 4.74143E-1 4.75255E-1 4.76367E-1
4.1011E-1 4.03847E-1 3.95308E-1 3.84562E-1 3.75277E-1 3.69438E-1 3.73977E-1 3.76235E-1 3.75283E-1 3.74303E-1 3.98864E-1 3.96752E-1 3.92073E-1 3.89666E-1 3.95967E-1 4.07974E-1 3.84388E-1 3.83657E-1 4.0771E-1 4.21042E-1 4.19686E-1 4.04438E-1 4.10578E-1 4.06454E-1 3.98342E-1 4.1171E-1 4.06416E-1 4.08378E-1 4.13525E-1 4.1606E-1 4.13337E-1 4.14556E-1 4.18838E-1 4.16832E-1 4.17709E-1 4.16563E-1 4.1713E-1 4.19419E-1 4.28805E-1 4.30102E-1 4.32246E-1 4.35408E-1 4.3544E-1 4.34801E-1 4.32926E-1 4.3346E-1 4.32707E-1 4.36592E-1 4.39274E-1 4.36593E-1 4.3829E-1 4.54601E-1 4.53519E-1 4.5838E-1 4.66243E-1 4.67879E-1 4.69093E-1 4.75005E-1 4.81943E-1 4.86329E-1 4.88441E-1
4.22609E-1 3.97816E-1 3.89231E-1 3.81636E-1 3.76955E-1 3.69572E-1 3.73293E-1 3.80527E-1 3.7608E-1 3.86072E-1 4.09724E-1 3.9437E-1 3.80595E-1 3.95403E-1 3.97491E-1 3.90091E-1 3.90582E-1 3.9076E-1 4.10847E-1 4.0656E-1 4.16327E-1 3.99186E-1 4.08071E-1 4.20804E-1 4.1568E-1 4.15114E-1 4.11506E-1 4.06172E-1 4.0849E-1 4.1538E-1 4.14947E-1 4.13469E-1 4.14234E-1 4.15579E-1 4.19151E-1 4.24129E-1 4.22274E-1 4.22827E-1 4.25566E-1 4.28188E-1 4.28418E-1 4.31361E-1 4.36201E-1 4.36257E-1 4.36815E-1 4.37769E-1 4.42442E-1 4.51881E-1 4.52798E-1 4.46757E-1 4.51051E-1 4.60511E-1 4.5585E-1 4.62432E-1 4.70746E-1 4.75571E-1 4.79052E-1 4.82461E-1 4.90347E-1 4.96331E-1 4.95018E-1
4.47689E-1 4.20523E-1 3.97676E-1 3.853E-1 3.84593E-1 3.86261E-1 3.97846E-1 4.00977E-1 4.03926E-1 3.80903E-1 3.81315E-1 3.6345E-1 3.60764E-1 3.78382E-1 4.03993E-1 4.03858E-1 3.99526E-1 3.98848E-1 4.02218E-1 3.87885E-1 4.08161E-1 3.9753E-1 3.9603E-1 4.04583E-1 4.11135E-1 4.1478E-1 4.10839E-1 4.06721E-1 4.0775E-1 4.09689E-1 4.08912E-1 4.08876E-1 4.10059E-1 4.1169E-1 4.17712E-1 4.23386E-1 4.25066E-1 4.28553E-1 4.31576E-1 4.32933E-1 4.33673E-1 4.3387E-1 4.39767E-1 4.40773E-1 4.39143E-1 4.41699E-1 4.49912E-1 4.57342E-1 4.58432E-1 4.57906E-1 4.55001E-1 4.67969E-1 4.71534E-1 4.69544E-1 4.74294E-1 4.79595E-1 4.85309E-1 4.84383E-1 4.94802E-1 4.95795E-1 4.96784E-1
4.68965E-1 4.24086E-1 4.18624E-1 4.2458E-1 3.89382E-1 3.89803E-1 3.88731E-1 3.89207E-1 3.75865E-1 3.63814E-1 3.63608E-1 3.64591E-1 4.00813E-1 4.05954E-1 4.12982E-1 4.18502E-1 3.98554E-1 3.93352E-1 3.83961E-1 3.90617E-1 4.06848E-1 4.04601E-1 3.93119E-1 4.01998E-1 4.11892E-1 4.03777E-1 4.04376E-1 4.05754E-1 4.06185E-1 4.05814E-1 4.08056E-1 4.08536E-1 4.05242E-1 4.11691E-1 4.16876E-1 4.23981E-1 4.26005E-1 4.27031E-1 4.28678E-1 4.29154E-1 4.29566E-1 4.33279E-1 4.40837E-1 4.41465E-1 4.41593E-1 4.44768E-1 4.51951E-1 4.56476E-1 4.57155E-1 4.61774E-1 4.65814E-1 4.73879E-1 4.80351E-1 4.7729E-1 4.8093E-1 4.86312E-1 4.85653E-1 4.8828E-1 4.91225E-1 4.90481E-1 4.95195E-1
4.50398E-1 4.25975E-1 4.1974E-1 4.11039E-1 4.03489E-1 3.94151E-1 3.99057E-1 4.00785E-1 3.66922E-1 3.75049E-1 3.82425E-1 3.80829E-1 3.95516E-1 4.18119E-1 3.93894E-1 3.88998E-1 3.86501E-1 3.81571E-1 3.82124E-1 4.08283E-1 4.20595E-1 4.07819E-1 4.04524E-1 4.19363E-1 4.16118E-1 4.10132E-1 4.09321E-1 4.05298E-1 4.07325E-1 4.05637E-1 4.02919E-1 4.00405E-1 4.05645E-1 4.08764E-1 4.09517E-1 4.19928E-1 4.22757E-1 4.22977E-1 4.25669E-1 4.27402E-1 4.30759E-1 4.37312E-1 4.46523E-1 4.52068E-1 4.50348E-1 4.50899E-1 4.54269E-1 4.57079E-1 4.59453E-1 4.65788E-1 4.7724E-1 4.81364E-1 4.89524E-1 4.87282E-1 4.89894E-1 4.82001E-1 4.84979E-1 4.92382E-1 4.91842E-1 4.97456E-1 5.02886E-1
4.38116E-1 4.51346E-1 4.37766E-1 4.22031E-1 4.0867E-1 4.07015E-1 3.97068E-1 3.8889E-1 3.8174E-1 3.76656E-1 3.70208E-1 3.93606E-1 3.88754E-1 4.27548E-1 3.95749E-1 3.82082E-1 3.82214E-1 3.81065E-1 3.80806E-1 4.15778E-1 4.1291E-1 4.08779E-1 4.17624E-1 4.20985E-1 4.0666E-1 4.2848E-1 4.35005E-1 4.15939E-1 4.08659E-1 4.06637E-1 4.05929E-1 3.97418E-1 4.06855E-1 4.09204E-1 4.11889E-1 4.15099E-1 4.19247E-1 4.21852E-1 4.23287E-1 4.28816E-1 4.35361E-1 4.43298E-1 4.51989E-1 4.58859E-1 4.60372E-1 4.58208E-1 4.67148E-1 4.65798E-1 4.63991E-1 4.71862E-1 4.81732E-1 4.84201E-1 4.81655E-1 4.82119E-1 4.82841E-1 4.81142E-1 4.83911E-1 4.94803E-1 4.94048E-1 4.98987E-1 5.00192E-1
4.35056E-1 4.34321E-1 4.31314E-1 4.20363E-1 4.07493E-1 4.29011E-1 4.17207E-1 3.85722E-1 3.95097E-1 3.8233E-1 3.93159E-1 3.96778E-1 3.98973E-1 3.97599E-1 3.90381E-1 3.95274E-1 3.83592E-1 3.9432E-1 4.03714E-1 4.17494E-1 4.12176E-1 4.18659E-1 4.36678E-1 4.44922E-1 4.15721E-1 4.21957E-1 4.18061E-1 4.16494E-1 4.14557E-1 4.10188E-1 4.11384E-1 4.0668E-1 4.06575E-1 4.09166E-1 4.15713E-1 4.21147E-1 4.21407E-1 4.24753E-1 4.27324E-1 4.33668E-1 4.38894E-1 4.449E-1 4.56172E-1 4.60181E-1 4.57947E-1 4.59352E-1 4.63882E-1 4.67293E-1 4.74948E-1 4.80241E-1 4.81295E-1 4.81528E-1 4.79045E-1 4.79834E-1 4.87104E-1 4.86865E-1 4.90995E-1 4.99978E-1 4.98364E-1 5.04424E-1 5.04097E-1
4.37606E-1 4.30369E-1 4.29722E-1 4.26318E-1 4.1956E-1 4.3084E-1 4.28672E-1 4.10038E-1 3.96142E-1 3.88497E-1 4.14581E-1 4.04835E-1 3.9679E-1 3.87777E-1 3.88368E-1 3.99125E-1 3.94407E-1 4.17573E-1 4.25654E-1 4.0936E-1 4.08007E-1 4.18062E-1 4.33369E-1 4.35412E-1 4.2584E-1 4.17965E-1 4.15738E-1 4.15537E-1 4.19222E-1 4.15892E-1 4.11876E-1 4.11934E-1 4.09055E-1 4.11379E-1 4.1785E-1 4.22875E-1 4.24227E-1 4.28895E-1 4.33593E-1 4.38866E-1 4.43109E-1 4.52015E-1 4.57328E-1 4.60084E-1 4.59933E-1 4.62186E-1 4.67316E-1 4.72842E-1 4.77188E-1 4.83903E-1 4.82204E-1 4.83263E-1 4.8139E-1 4.82484E-1 4.85491E-1 4.91636E-1 4.95492E-1 5.0243E-1 5.05564E-1 5.10549E-1 5.13918E-1
4.38454E-1 4.37612E-1 4.2829E-1 4.22996E-1 4.06727E-1 3.98407E-1 4.03454E-1 4.15435E-1 4.06509E-1 4.00026E-1 4.19768E-1 4.14437E-1 3.99237E-1 3.89025E-1 3.96569E-1 3.91824E-1 3.91183E-1 4.16669E-1 4.18058E-1 3.98178E-1 4.0459E-1 4.1651E-1 4.33564E-1 4.36833E-1 4.27223E-1 4.2189E-1 4.16093E-1 4.14371E-1 4.21307E-1 4.19114E-1 4.16513E-1 4.13056E-1 4.15593E-1 4.19451E-1 4.25037E-1 4.23607E-1 4.23585E-1 4.31015E-1 4.36503E-1 4.43012E-1 4.49133E-1 4.55777E-1 4.61683E-1 4.6053E-1 4.60567E-1 4.63458E-1 4.6845E-1 4.73755E-1 4.79761E-1 4.85529E-1 4.82978E-1 4.88204E-1 4.89207E-1 4.90863E-1 4.90033E-1 4.92568E-1 4.96508E-1 5.01166E-1 5.06225E-1 5.18372E-1 5.23622E-1
4.32366E-1 4.29026E-1 4.10261E-1 4.11786E-1 4.16224E-1 4.11561E-1 3.94907E-1 4.07146E-1 4.1361E-1 4.05113E-1 4.07016E-1 4.25458E-1 4.06226E-1 3.91062E-1 4.04391E-1 3.94969E-1 3.90639E-1 4.09022E-1 4.25828E-1 4.05424E-1 4.04557E-1 4.06418E-1 4.33808E-1 4.44521E-1 4.3273E-1 4.23796E-1 4.15144E-1 4.14953E-1 4.22573E-1 4.23983E-1 4.22509E-1 4.19925E-1 4.1812E-1 4.20946E-1 4.2357E-1 4.23855E-1 4.25424E-1 4.32561E-1 4.39493E-1 4.45733E-1 4.54029E-1 4.59494E-1 4.62037E-1 4.58769E-1 4.6216E-1 4.63838E-1 4.62242E-1 4.67859E-1 4.75217E-1 4.80833E-1 4.86861E-1 4.87358E-1 4.91403E-1 4.92625E-1 4.94816E-1 4.94141E-1 4.94873E-1 4.95589E-1 5.04088E-1 5.16691E-1 5.28584E-1
4.02541E-1 4.14047E-1 4.12749E-1 3.94308E-1 4.05958E-1 4.05522E-1 4.15554E-1 4.06552E-1 4.00292E-1 4.0402E-1 4.04814E-1 4.12385E-1 4.04864E-1 3.89614E-1 3.90534E-1 3.93182E-1 3.86549E-1 3.95209E-1 4.21949E-1 4.01619E-1 3.96739E-1 3.98348E-1 4.26845E-1 4.41712E-1 4.30741E-1 4.2001E-1 4.16869E-1 4.15453E-1 4.20309E-1 4.2151E-1 4.17392E-1 4.1519E-1 4.16729E-1 4.17328E-1 4.15708E-1 4.15788E-1 4.25195E-1 4.33742E-1 4.40923E-1 4.51332E-1 4.56155E-1 4.60312E-1 4.61054E-1 4.58453E-1 4.5953E-1 4.55943E-1 4.54178E-1 4.62175E-1 4.72277E-1 4.73455E-1 4.70148E-1 4.77639E-1 4.83738E-1 4.90365E-1 4.93474E-1 4.94433E-1 4.94136E-1 4.98834E-1 5.04824E-1 5.2139E-1 5.31654E-1
4.03365E-1 4.08592E-1 4.11048E-1 3.9449E-1 3.90491E-1 3.90461E-1 4.08817E-1 4.1466E-1 3.9897E-1 3.9233E-1 3.95924E-1 4.06713E-1 3.97201E-1 3.88358E-1 3.95578E-1 4.01959E-1 3.89759E-1 3.84505E-1 4.14562E-1 4.11515E-1 3.9334E-1 3.99312E-1 4.10003E-1 4.30357E-1 4.28027E-1 4.1705E-1 4.14673E-1 4.2111E-1 4.25808E-1 4.28063E-1 4.22067E-1 4.17631E-1 4.15496E-1 4.11172E-1 4.19264E-1 4.20743E-1 4.24687E-1 4.32814E-1 4.39178E-1 4.48751E-1 4.52126E-1 4.58208E-1 4.60271E-1 4.58695E-1 4.54917E-1 4.51959E-1 4.48101E-1 4.51859E-1 4.63685E-1 4.6594E-1 4.6493E-1 4.69931E-1 4.75019E-1 4.85278E-1 4.91524E-1 4.9663E-1 5.00022E-1 5.01672E-1 5.10371E-1 5.26777E-1 5.39517E-1
4.08415E-1 3.95567E-1 4.00444E-1 4.11548E-1 3.85822E-1 3.89044E-1 4.05498E-1 4.10954E-1 4.02302E-1 3.94094E-1 3.86436E-1 4.03066E-1 3.94494E-1 3.89067E-1 3.93369E-1 3.91553E-1 3.9605E-1 3.93933E-1 4.18786E-1 4.01421E-1 3.95358E-1 4.04873E-1 4.09825E-1 4.07442E-1 4.0863E-1 4.15796E-1 4.13842E-1 4.22444E-1 4.26266E-1 4.29827E-1 4.2865E-1 4.31382E-1 4.21577E-1 4.16071E-1 4.20723E-1 4.23054E-1 4.26563E-1 4.30526E-1 4.3749E-1 4.40092E-1 4.46032E-1 4.55358E-1 4.58443E-1 4.58115E-1 4.57239E-1 4.52629E-1 4.52593E-1 4.52095E-1 4.54347E-1 4.57609E-1 4.64339E-1 4.63369E-1 4.67513E-1 4.76686E-1 4.89271E-1 4.97499E-1 5.08863E-1 5.14072E-1 5.21083E-1 5.33054E-1 5.45371E-1
4.27921E-1 4.10562E-1 3.96502E-1 4.05874E-1 3.90454E-1 3.99883E-1 3.91979E-1 4.00033E-1 3.96217E-1 3.9629E-1 3.91808E-1 3.91563E-1 3.95032E-1 3.8895E-1 3.84627E-1 3.84966E-1 3.845E-1 3.98327E-1 4.17608E-1 4.01771E-1 3.94375E-1 4.01149E-1 4.08419E-1 4.08307E-1 4.02572E-1 4.04565E-1 4.14877E-1 4.11452E-1 4.29377E-1 4.37233E-1 4.33526E-1 4.32428E-1 4.15624E-1 4.1092E-1 4.18753E-1 4.20482E-1 4.27786E-1 4.29818E-1 4.3172E-1 4.34506E-1 4.39102E-1 4.47416E-1 4.54894E-1 4.57099E-1 4.55552E-1 4.52846E-1 4.52989E-1 4.58557E-1 4.66003E-1 4.65258E-1 4.6503E-1 4.64206E-1 4.65116E-1 4.74719E-1 4.91332E-1 4.95721E-1 5.02581E-1 5.14284E-1 5.29753E-1 5.3763E-1 5.47477E-1
4.04521E-1 4.12847E-1 4.13039E-1 3.96268E-1 3.95701E-1 4.00295E-1 3.95596E-1 3.91926E-1 3.96303E-1 3.98266E-1 3.9126E-1 3.90707E-1 4.1585E-1 3.9377E-1 3.92872E-1 3.94045E-1 3.86134E-1 3.8945E-1 3.94512E-1 3.91747E-1 3.92674E-1 4.03933E-1 4.0727E-1 4.04328E-1 4.13848E-1 4.10068E-1 4.06744E-1 4.06773E-1 4.32612E-1 4.47119E-1 4.37074E-1 4.10369E-1 4.04741E-1 4.02877E-1 4.10683E-1 4.14902E-1 4.20447E-1 4.20991E-1 4.2289E-1 4.29364E-1 4.36833E-1 4.45216E-1 4.51046E-1 4.57043E-1 4.59399E-1 4.61481E-1 4.58923E-1 4.61995E-1 4.6593E-1 4.6854E-1 4.66038E-1 4.66687E-1 4.70786E-1 4.75354E-1 4.9213E-1 4.95893E-1 5.01909E-1 5.04991E-1 5.17631E-1 5.32402E-1 5.44893E-1
3.90611E-1 4.08495E-1 4.19053E-1 3.98444E-1 4.02039E-1 3.96283E-1 3.97314E-1 4.03493E-1 3.99856E-1 4.07785E-1 3.998E-1 4.08323E-1 3.99157E-1 3.94768E-1 4.01547E-1 4.00347E-1 3.90347E-1 3.85192E-1 4.06714E-1 4.15279E-1 3.97511E-1 4.07224E-1 4.08236E-1 4.02613E-1 4.04567E-1 4.13054E-1 4.05721E-1 3.97084E-1 4.36524E-1 4.43096E-1 4.1816E-1 4.06277E-1 4.05599E-1 4.07786E-1 4.06256E-1 4.10705E-1 4.15649E-1 4.20848E-1 4.18947E-1 4.23956E-1 4.31479E-1 4.44366E-1 4.48422E-1 4.58524E-1 4.65012E-1 4.6578E-1 4.64168E-1 4.64065E-1 4.65995E-1 4.6472E-1 4.63212E-1 4.63926E-1 4.71878E-1 4.84877E-1 4.91527E-1 4.94242E-1 5.00446E-1 5.05762E-1 5.14894E-1 5.33589E-1 5.48554E-1
3.9792E-1 4.05535E-1 4.13372E-1 3.94436E-1 4.03004E-1 3.93347E-1 3.99287E-1 4.0224E-1 4.06649E-1 4.05243E-1 4.04097E-1 4.00553E-1 4.00072E-1 4.00349E-1 3.98336E-1 3.9204E-1 3.88706E-1 3.87993E-1 4.05908E-1 4.23506E-1 4.02194E-1 3.98648E-1 4.08953E-1 4.016E-1 3.98139E-1 4.00743E-1 4.03467E-1 4.00513E-1 4.09445E-1 4.312E-1 4.22111E-1 4.14317E-1 4.12583E-1 4.06998E-1 4.06541E-1 4.06386E-1 4.13562E-1 4.14723E-1 4.17466E-1 4.20097E-1 4.28209E-1 4.31485E-1 4.41706E-1 4.5309E-1 4.58569E-1 4.62164E-1 4.64096E-1 4.63395E-1 4.59769E-1 4.62539E-1 4.62573E-1 4.65168E-1 4.70271E-1 4.83333E-1 4.93384E-1 5.04505E-1 5.04548E-1 5.11028E-1 5.19421E-1 5.29076E-1 5.42115E-1
3.89648E-1 4.00248E-1 3.90641E-1 3.98937E-1 3.9147E-1 4.08655E-1 4.03701E-1 4.04642E-1 4.03769E-1 3.98939E-1 4.10911E-1 4.03796E-1 4.01284E-1 3.99227E-1 3.94725E-1 3.94588E-1 3.91961E-1 3.94555E-1 3.99862E-1 4.0327E-1 3.94795E-1 3.86448E-1 3.93422E-1 4.00897E-1 4.02348E-1 4.03208E-1 4.06509E-1 4.18721E-1 4.03498E-1 4.28018E-1 4.28653E-1 4.17152E-1 4.1516E-1 4.12248E-1 4.12098E-1 4.13115E-1 4.13377E-1 4.18526E-1 4.19788E-1 4.21059E-1 4.2688E-1 4.28535E-1 4.34578E-1 4.43113E-1 4.54892E-1 4.60511E-1 4.63059E-1 4.60961E-1 4.6145E-1 4.6213E-1 4.61622E-1 4.69131E-1 4.79572E-1 4.86288E-1 4.90489E-1 4.98588E-1 5.01178E-1 5.0797E-1 5.16122E-1 5.30655E-1 5.38949E-1
