maxent_outputs/bumblebees/bombus_121.asc
ncols         426
nrows         180
xllcorner     -130.0
yllcorner     24.0
cellsize      0.16666666666666666
NODATA_value  -9999
[rows 108 to 134 of 180, columns 183 to 243 of 426]
4.31002E-1 4.32025E-1 4.41943E-1 4.47813E-1 4.59968E-1 4.75132E-1 4.88411E-1 4.98905E-1 5.09204E-1 5.20027E-1 5.27088E-1 5.31603E-1 5.42252E-1 5.47629E-1 5.50875E-1 5.53415E-1 5.54957E-1 5.63625E-1 5.71092E-1 5.8192E-1 5.94498E-1 6.0611E-1 6.21801E-1 6.36601E-1 6.54078E-1 6.71515E-1 6.65916E-1 6.63405E-1 6.5713E-1 6.5518E-1 6.59699E-1 6.66277E-1 6.6746E-1 6.68335E-1 6.62485E-1 6.54066E-1 6.48329E-1 6.49393E-1 6.55226E-1 6.64305E-1 6.65284E-1 6.68212E-1 6.87484E-1 7.10342E-1 7.23511E-1 7.25345E-1 7.22015E-1 7.29841E-1 7.39206E-1 7.53296E-1 7.519E-1 7.49328E-1 7.48374E-1 7.46306E-1 7.53993E-1 7.48503E-1 7.59449E-1 7.66089E-1 7.70683E-1 7.76276E-1 7.69028E-1
4.31936E-1 4.39005E-1 4.45302E-1 4.52309E-1 4.65006E-1 4.79122E-1 4.89417E-1 4.96105E-1 5.0254E-1 5.13073E-1 5.22898E-1 5.33012E-1 5.45215E-1 5.48625E-1 5.52488E-1 5.5538E-1 5.57631E-1 5.63316E-1 5.68762E-1 5.82166E-1 5.96921E-1 6.10083E-1 6.20723E-1 6.36931E-1 6.48125E-1 6.6453E-1 6.65565E-1 6.63643E-1 6.48379E-1 6.52684E-1 6.60402E-1 6.67491E-1 6.68562E-1 6.70125E-1 6.72143E-1 6.65052E-1 6.58968E-1 6.60934E-1 6.59447E-1 6.62899E-1 6.6762E-1 6.76986E-1 6.9421E-1 7.06028E-1 7.17595E-1 7.26771E-1 7.33755E-1 7.42808E-1 7.52741E-1 7.58078E-1 7.58324E-1 7.54442E-1 7.49306E-1 7.46082E-1 7.57088E-1 7.53753E-1 7.57388E-1 7.71255E-1 7.7467E-1 7.73497E-1 7.70089E-1
4.48499E-1 4.58097E-1 4.5756E-1 4.6544E-1 4.72749E-1 4.81717E-1 4.91549E-1 4.95347E-1 4.94953E-1 5.02258E-1 5.19549E-1 5.36693E-1 5.46018E-1 5.51244E-1 5.56489E-1 5.61053E-1 5.67596E-1 5.74076E-1 5.78093E-1 5.90393E-1 6.04219E-1 6.12346E-1 6.21004E-1 6.27951E-1 6.40582E-1 6.63677E-1 6.65213E-1 6.56541E-1 6.51687E-1 6.55342E-1 6.66242E-1 6.72231E-1 6.82235E-1 6.97232E-1 6.93643E-1 6.8542E-1 6.82261E-1 6.8241E-1 6.86444E-1 6.87037E-1 6.85919E-1 6.96074E-1 7.13398E-1 7.34367E-1 7.39114E-1 7.30946E-1 7.31958E-1 7.46252E-1 7.62819E-1 7.57948E-1 7.66318E-1 7.62586E-1 7.59338E-1 7.5487E-1 7.60171E-1 7.59105E-1 7.5993E-1 7.75886E-1 7.72891E-1 7.74238E-1 7.74915E-1
4.51584E-1 4.64098E-1 4.68933E-1 4.7047E-1 4.72486E-1 4.76184E-1 4.85794E-1 4.97238E-1 5.01902E-1 5.11065E-1 5.23618E-1 5.37198E-1 5.48787E-1 5.57186E-1 5.62494E-1 5.70062E-1 5.76112E-1 5.83568E-1 5.9093E-1 5.95744E-1 6.03655E-1 6.10749E-1 6.23232E-1 6.33568E-1 6.41655E-1 6.5563E-1 6.62584E-1 6.68596E-1 6.61153E-1 6.65666E-1 6.83729E-1 6.86988E-1 6.92007E-1 7.05414E-1 7.11201E-1 7.0719E-1 7.01028E-1 6.98113E-1 7.03177E-1 7.07901E-1 7.05745E-1 7.10038E-1 7.19164E-1 7.30136E-1 7.44595E-1 7.44205E-1 7.50232E-1 7.56115E-1 7.68911E-1 7.73017E-1 7.6946E-1 7.60672E-1 7.63088E-1 7.63933E-1 7.65577E-1 7.67366E-1 7.71616E-1 7.65551E-1 7.68852E-1 7.73393E-1 7.77835E-1
4.526E-1 4.63588E-1 4.725E-1 4.73123E-1 4.70012E-1 4.68852E-1 4.86955E-1 5.01387E-1 5.11069E-1 5.22821E-1 5.35823E-1 5.48013E-1 5.58916E-1 5.68039E-1 5.71622E-1 5.79369E-1 5.9013E-1 5.99906E-1 6.0394E-1 6.06849E-1 6.07909E-1 6.09543E-1 6.1896E-1 6.4211E-1 6.44104E-1 6.51319E-1 6.54179E-1 6.57514E-1 6.65974E-1 6.78478E-1 6.86229E-1 6.86697E-1 6.92123E-1 7.02682E-1 7.09781E-1 7.09747E-1 7.06147E-1 7.11502E-1 7.13493E-1 7.16374E-1 7.20714E-1 7.36388E-1 7.50514E-1 7.54284E-1 7.54172E-1 7.59296E-1 7.66907E-1 7.69391E-1 7.77673E-1 7.76256E-1 7.72473E-1 7.68695E-1 7.68522E-1 7.70584E-1 7.70697E-1 7.69316E-1 7.73974E-1 7.70149E-1 7.71311E-1 7.74876E-1 7.77346E-1
4.58808E-1 4.67391E-1 4.7403E-1 4.76791E-1 4.72864E-1 4.73401E-1 4.88382E-1 5.08712E-1 5.20085E-1 5.32026E-1 5.42707E-1 5.53173E-1 5.61165E-1 5.6781E-1 5.76131E-1 5.85009E-1 5.98829E-1 6.10383E-1 6.1565E-1 6.15647E-1 6.14926E-1 6.14123E-1 6.25184E-1 6.3644E-1 6.38019E-1 6.46563E-1 6.5133E-1 6.51134E-1 6.64952E-1 6.8454E-1 6.85329E-1 6.83896E-1 6.83384E-1 6.91737E-1 7.049E-1 7.0531E-1 6.98619E-1 7.04291E-1 7.14507E-1 7.18338E-1 7.30812E-1 7.60271E-1 7.68302E-1 7.66135E-1 7.74205E-1 7.77342E-1 7.78823E-1 7.79285E-1 7.79587E-1 7.74944E-1 7.75147E-1 7.75651E-1 7.71136E-1 7.7116E-1 7.75187E-1 7.75208E-1 7.81727E-1 7.85287E-1 7.79085E-1 7.79699E-1 7.79847E-1
4.70479E-1 4.78437E-1 4.80608E-1 4.88104E-1 4.886E-1 4.89142E-1 4.9536E-1 5.08302E-1 5.20352E-1 5.31779E-1 5.41506E-1 5.5142E-1 5.61097E-1 5.66553E-1 5.77365E-1 5.88919E-1 6.01431E-1 6.13813E-1 6.18442E-1 6.19422E-1 6.20318E-1 6.25482E-1 6.29772E-1 6.34564E-1 6.38297E-1 6.42498E-1 6.46503E-1 6.46087E-1 6.60462E-1 6.76726E-1 6.81976E-1 6.84476E-1 6.75945E-1 6.90448E-1 7.02404E-1 7.08038E-1 7.12001E-1 7.20749E-1 7.28959E-1 7.352E-1 7.50095E-1 7.7286E-1 7.71029E-1 7.67391E-1 7.76002E-1 7.85902E-1 7.85883E-1 7.79456E-1 7.7714E-1 7.71833E-1 7.70741E-1 7.72072E-1 7.71312E-1 7.72481E-1 7.74304E-1 7.82057E-1 7.78731E-1 7.78889E-1 7.81219E-1 7.85408E-1 7.82439E-1
4.73108E-1 4.82141E-1 4.92169E-1 4.96269E-1 5.00824E-1 5.06931E-1 5.14239E-1 5.14904E-1 5.19679E-1 5.28539E-1 5.43267E-1 5.53467E-1 5.61644E-1 5.69575E-1 5.79816E-1 5.85453E-1 6.00993E-1 6.09992E-1 6.20012E-1 6.25837E-1 6.28655E-1 6.3309E-1 6.33032E-1 6.34526E-1 6.3888E-1 6.37973E-1 6.4191E-1 6.49822E-1 6.61462E-1 6.74267E-1 6.86081E-1 6.95762E-1 6.93255E-1 7.00859E-1 7.11269E-1 7.19662E-1 7.28174E-1 7.38812E-1 7.50076E-1 7.56434E-1 7.65884E-1 7.78703E-1 7.83741E-1 7.86803E-1 7.85508E-1 7.90522E-1 7.85782E-1 7.81448E-1 7.8238E-1 7.77049E-1 7.74727E-1 7.75003E-1 7.78679E-1 7.79378E-1 7.77463E-1 7.79262E-1 7.92828E-1 7.87412E-1 7.85025E-1 7.82828E-1 7.80518E-1
4.86981E-1 4.9066E-1 4.99646E-1 5.03441E-1 5.10978E-1 5.19225E-1 5.283E-1 5.29438E-1 5.31933E-1 5.3696E-1 5.50543E-1 5.59647E-1 5.67479E-1 5.77745E-1 5.82618E-1 5.79825E-1 5.88315E-1 6.06393E-1 6.22088E-1 6.33135E-1 6.41205E-1 6.37944E-1 6.36144E-1 6.33983E-1 6.39984E-1 6.41113E-1 6.46638E-1 6.49267E-1 6.58999E-1 6.74317E-1 6.89253E-1 7.06612E-1 7.12063E-1 7.18292E-1 7.28556E-1 7.31946E-1 7.60801E-1 7.71394E-1 7.62463E-1 7.74129E-1 7.82036E-1 7.91483E-1 7.89106E-1 7.90385E-1 7.9248E-1 7.90483E-1 7.96871E-1 7.88638E-1 7.85441E-1 7.8287E-1 7.81499E-1 7.80479E-1 7.8211E-1 7.90247E-1 7.81349E-1 7.81738E-1 7.84242E-1 7.84962E-1 7.84144E-1 7.85786E-1 7.83961E-1
5.07538E-1 5.09962E-1 5.07579E-1 5.13891E-1 5.22385E-1 5.29726E-1 5.39025E-1 5.38883E-1 5.46367E-1 5.52719E-1 5.60722E-1 5.69653E-1 5.75666E-1 5.84552E-1 5.96607E-1 5.90831E-1 5.96141E-1 6.09176E-1 6.29554E-1 6.39207E-1 6.50698E-1 6.5189E-1 6.47736E-1 6.46971E-1 6.48814E-1 6.46651E-1 6.52398E-1 6.53684E-1 6.64512E-1 6.78273E-1 6.90879E-1 7.07971E-1 7.21577E-1 7.34701E-1 7.44259E-1 7.44908E-1 7.50346E-1 7.56795E-1 7.67583E-1 7.77503E-1 7.87827E-1 7.93474E-1 7.98658E-1 8.00411E-1 8.04102E-1 7.99297E-1 8.00245E-1 7.9447E-1 7.85758E-1 7.79682E-1 7.79657E-1 7.77878E-1 7.86331E-1 7.92941E-1 7.89553E-1 7.87736E-1 7.84958E-1 7.82408E-1 7.94761E-1 7.91242E-1 7.84738E-1
5.19818E-1 5.25245E-1 5.26083E-1 5.31403E-1 5.35047E-1 5.42773E-1 5.4988E-1 5.54126E-1 5.61462E-1 5.65714E-1 5.73819E-1 5.8081E-1 5.88176E-1 6.05793E-1 6.21906E-1 6.22038E-1 6.26986E-1 6.36819E-1 6.38563E-1 6.46173E-1 6.52518E-1 6.63384E-1 6.61749E-1 6.64174E-1 6.6249E-1 6.58549E-1 6.66146E-1 6.72251E-1 6.84389E-1 6.86762E-1 6.90769E-1 7.06081E-1 7.24874E-1 7.41187E-1 7.58865E-1 7.57062E-1 7.64959E-1 7.6805E-1 7.70956E-1 7.73938E-1 7.8281E-1 7.93499E-1 8.02338E-1 8.0039E-1 8.03875E-1 8.0251E-1 7.98034E-1 7.97158E-1 7.89631E-1 7.80411E-1 7.80499E-1 7.81583E-1 7.84871E-1 7.87639E-1 7.88651E-1 7.93616E-1 7.85366E-1 7.83132E-1 7.83988E-1 7.83884E-1 7.80502E-1
5.29464E-1 5.3575E-1 5.39558E-1 5.44983E-1 5.49975E-1 5.57654E-1 5.62181E-1 5.70397E-1 5.76416E-1 5.81101E-1 5.87451E-1 5.97451E-1 6.07695E-1 6.23466E-1 6.35013E-1 6.32E-1 6.37805E-1 6.50669E-1 6.44533E-1 6.49494E-1 6.55289E-1 6.61542E-1 6.70156E-1 6.84505E-1 6.9254E-1 6.74622E-1 6.80305E-1 6.87568E-1 6.8821E-1 6.90912E-1 7.00529E-1 7.1372E-1 7.41277E-1 7.59607E-1 7.70923E-1 7.76184E-1 7.77222E-1 7.78963E-1 7.75388E-1 7.77948E-1 7.86158E-1 7.95371E-1 8.03689E-1 8.0444E-1 8.02755E-1 8.00279E-1 7.99712E-1 7.96938E-1 7.96007E-1 7.86562E-1 7.85316E-1 7.85358E-1 7.86628E-1 7.89201E-1 7.86773E-1 7.92417E-1 7.8739E-1 7.8365E-1 7.84507E-1 7.79836E-1 7.79703E-1
5.35146E-1 5.43811E-1 5.46439E-1 5.49829E-1 5.59655E-1 5.71376E-1 5.74328E-1 5.80376E-1 5.86185E-1 5.94073E-1 6.02205E-1 6.18216E-1 6.23204E-1 6.33702E-1 6.33292E-1 6.42179E-1 6.46054E-1 6.5533E-1 6.38503E-1 6.47704E-1 6.53806E-1 6.6393E-1 6.76915E-1 6.92877E-1 6.98045E-1 6.95578E-1 6.99808E-1 7.08065E-1 7.09587E-1 7.13322E-1 7.2164E-1 7.33712E-1 7.52978E-1 7.71777E-1 7.84199E-1 7.97948E-1 7.98871E-1 7.99928E-1 7.91757E-1 7.92264E-1 7.96226E-1 8.03286E-1 8.05709E-1 8.07415E-1 8.03889E-1 7.9718E-1 7.97441E-1 7.96677E-1 7.95668E-1 7.92822E-1 7.91334E-1 7.85624E-1 7.88119E-1 7.88187E-1 7.89866E-1 7.91343E-1 7.88108E-1 7.79375E-1 7.89857E-1 7.84209E-1 7.79881E-1
5.44361E-1 5.52658E-1 5.46755E-1 5.48587E-1 5.54022E-1 5.68837E-1 5.76925E-1 5.88276E-1 5.9004E-1 5.98323E-1 6.12878E-1 6.2516E-1 6.3604E-1 6.38381E-1 6.39311E-1 6.34892E-1 6.36889E-1 6.38287E-1 6.40107E-1 6.48126E-1 6.57603E-1 6.70157E-1 6.78578E-1 6.93476E-1 7.03729E-1 7.10743E-1 7.16401E-1 7.22111E-1 7.29705E-1 7.35003E-1 7.41171E-1 7.54476E-1 7.77787E-1 7.93303E-1 7.98365E-1 8.09554E-1 8.0562E-1 8.11433E-1 8.10021E-1 8.07399E-1 8.07809E-1 8.06669E-1 8.08206E-1 8.04366E-1 8.01272E-1 7.96612E-1 7.95174E-1 7.97944E-1 7.95639E-1 7.94814E-1 7.94701E-1 7.9356E-1 7.92488E-1 7.93401E-1 7.96433E-1 7.97387E-1 7.95581E-1 7.82444E-1 7.92326E-1 7.86262E-1 7.81474E-1
5.3907E-1 5.40467E-1 5.42018E-1 5.51402E-1 5.60954E-1 5.65339E-1 5.70036E-1 5.79409E-1 5.86728E-1 5.97113E-1 6.06353E-1 6.25772E-1 6.31051E-1 6.27425E-1 6.29092E-1 6.22165E-1 6.20552E-1 6.27669E-1 6.38852E-1 6.48697E-1 6.61937E-1 6.70877E-1 6.83504E-1 6.96827E-1 7.11012E-1 7.2297E-1 7.35251E-1 7.3979E-1 7.44458E-1 7.55522E-1 7.66248E-1 7.72186E-1 7.80076E-1 7.90532E-1 8.11262E-1 8.19062E-1 8.17164E-1 8.17926E-1 8.19148E-1 8.17285E-1 8.12055E-1 8.06315E-1 8.06037E-1 8.03854E-1 8.01373E-1 8.00141E-1 7.95903E-1 8.0025E-1 8.00096E-1 8.00448E-1 7.94558E-1 7.94727E-1 7.92057E-1 7.99629E-1 8.08104E-1 8.03986E-1 8.03602E-1 7.88547E-1 7.8418E-1 7.77041E-1 7.73005E-1
5.4642E-1 5.45339E-1 5.44503E-1 5.49635E-1 5.56297E-1 5.61443E-1 5.68203E-1 5.76514E-1 5.84998E-1 5.93618E-1 6.0672E-1 6.22118E-1 6.21927E-1 6.22227E-1 6.30937E-1 6.1737E-1 6.156E-1 6.28366E-1 6.42168E-1 6.57004E-1 6.71058E-1 6.80545E-1 6.93036E-1 7.07113E-1 7.22802E-1 7.36758E-1 7.44626E-1 7.51535E-1 7.58919E-1 7.72798E-1 7.83105E-1 7.93184E-1 7.95199E-1 7.93408E-1 8.15634E-1 8.25942E-1 8.20738E-1 8.1896E-1 8.21973E-1 8.14323E-1 8.15337E-1 8.15159E-1 8.09286E-1 8.0687E-1 8.07472E-1 8.06155E-1 8.04263E-1 8.05145E-1 8.04061E-1 8.05745E-1 8.01248E-1 7.94959E-1 7.92516E-1 8.02453E-1 8.06602E-1 8.08431E-1 8.04438E-1 7.92542E-1 7.84037E-1 7.81134E-1 7.76091E-1
5.5065E-1 5.47193E-1 5.54017E-1 5.61269E-1 5.60289E-1 5.64687E-1 5.73468E-1 5.80551E-1 5.88803E-1 6.03319E-1 6.06202E-1 6.17681E-1 6.20646E-1 6.24934E-1 6.35355E-1 6.25013E-1 6.27989E-1 6.38723E-1 6.51847E-1 6.67754E-1 6.84391E-1 6.91594E-1 7.07124E-1 7.17612E-1 7.27433E-1 7.4201E-1 7.50231E-1 7.59272E-1 7.70651E-1 7.84541E-1 7.97699E-1 8.12944E-1 8.12127E-1 8.14973E-1 8.21927E-1 8.29557E-1 8.27705E-1 8.27634E-1 8.21771E-1 8.11309E-1 8.06992E-1 8.19791E-1 8.15832E-1 8.17386E-1 8.1846E-1 8.15438E-1 8.12353E-1 8.03649E-1 8.00852E-1 8.04246E-1 8.05301E-1 7.9768E-1 7.9815E-1 8.02269E-1 8.05888E-1 8.09437E-1 7.98011E-1 7.92389E-1 7.89891E-1 7.83592E-1 7.79965E-1
5.73393E-1 5.65684E-1 5.70008E-1 5.79925E-1 5.79991E-1 5.81565E-1 5.8703E-1 5.90474E-1 5.95338E-1 6.02387E-1 6.11589E-1 6.25079E-1 6.30861E-1 6.3875E-1 6.50101E-1 6.54955E-1 6.48985E-1 6.5188E-1 6.6076E-1 6.74026E-1 6.95533E-1 7.00009E-1 7.05644E-1 7.1839E-1 7.28067E-1 7.39158E-1 7.56055E-1 7.61212E-1 7.77776E-1 7.87767E-1 7.95666E-1 7.98441E-1 8.07401E-1 8.19059E-1 8.25786E-1 8.29498E-1 8.26063E-1 8.25061E-1 8.2081E-1 8.12111E-1 8.0764E-1 8.14362E-1 8.18947E-1 8.20449E-1 8.27762E-1 8.18503E-1 8.13585E-1 8.07926E-1 7.98636E-1 7.99613E-1 8.08721E-1 8.00221E-1 7.98227E-1 8.01071E-1 8.05652E-1 8.04398E-1 7.91975E-1 7.92236E-1 7.9201E-1 7.88596E-1 7.84593E-1
5.86569E-1 5.87733E-1 5.9498E-1 5.97572E-1 5.97326E-1 6.07144E-1 6.15821E-1 6.10263E-1 6.06564E-1 6.07237E-1 6.16265E-1 6.4005E-1 6.5137E-1 6.53046E-1 6.60363E-1 6.74087E-1 6.78978E-1 6.73742E-1 6.69892E-1 6.86097E-1 7.06231E-1 7.13003E-1 7.07543E-1 7.27999E-1 7.30772E-1 7.38526E-1 7.4891E-1 7.63572E-1 7.87193E-1 7.93867E-1 7.9869E-1 8.10706E-1 8.1687E-1 8.23925E-1 8.25753E-1 8.27473E-1 8.28391E-1 8.25686E-1 8.23232E-1 8.201E-1 8.14282E-1 8.15125E-1 8.18277E-1 8.21078E-1 8.2614E-1 8.19236E-1 8.15109E-1 8.12363E-1 8.01E-1 8.0501E-1 8.08028E-1 7.99556E-1 8.0116E-1 8.01894E-1 8.02116E-1 7.97972E-1 7.92179E-1 7.95636E-1 7.94094E-1 7.90767E-1 7.88911E-1
5.91473E-1 5.91986E-1 6.05232E-1 6.14566E-1 6.08837E-1 6.12278E-1 6.22162E-1 6.23352E-1 6.17023E-1 6.1456E-1 6.19685E-1 6.35747E-1 6.67933E-1 6.68058E-1 6.6956E-1 6.82319E-1 6.92341E-1 6.85647E-1 6.89103E-1 6.96586E-1 7.07191E-1 7.11743E-1 7.10567E-1 7.24152E-1 7.30632E-1 7.43155E-1 7.5856E-1 7.78209E-1 7.9297E-1 8.13057E-1 8.10203E-1 8.17883E-1 8.34821E-1 8.34211E-1 8.31657E-1 8.28848E-1 8.25002E-1 8.23324E-1 8.20304E-1 8.19749E-1 8.13242E-1 8.1559E-1 8.29791E-1 8.21081E-1 8.23425E-1 8.24148E-1 8.18471E-1 8.12244E-1 8.05885E-1 8.0957E-1 8.1221E-1 8.05315E-1 8.04286E-1 8.04503E-1 8.03065E-1 7.97107E-1 8.03082E-1 7.98337E-1 7.99571E-1 7.97642E-1 7.93941E-1
6.03106E-1 6.0765E-1 6.15868E-1 6.14424E-1 6.07678E-1 6.13652E-1 6.24509E-1 6.28782E-1 6.17258E-1 6.16571E-1 6.17235E-1 6.21061E-1 6.39243E-1 6.46609E-1 6.60992E-1 6.72737E-1 6.78731E-1 6.93211E-1 7.01118E-1 7.0868E-1 7.13398E-1 7.13492E-1 7.15308E-1 7.26249E-1 7.39133E-1 7.48927E-1 7.64087E-1 7.84896E-1 8.03781E-1 8.094E-1 8.15578E-1 8.18503E-1 8.22161E-1 8.29126E-1 8.29212E-1 8.20121E-1 8.14336E-1 8.18107E-1 8.13612E-1 8.12005E-1 8.09714E-1 8.14765E-1 8.24033E-1 8.30206E-1 8.2567E-1 8.29056E-1 8.21237E-1 8.12152E-1 8.11676E-1 8.10561E-1 8.12779E-1 8.09462E-1 8.09421E-1 8.04614E-1 8.0366E-1 8.05544E-1 8.09134E-1 8.12725E-1 8.04652E-1 8.0301E-1 7.99336E-1
6.03999E-1 6.21757E-1 6.16469E-1 6.0562E-1 6.00542E-1 6.11516E-1 6.2166E-1 6.15619E-1 6.13488E-1 6.08589E-1 6.16624E-1 6.1429E-1 6.20775E-1 6.34884E-1 6.51365E-1 6.65247E-1 6.73981E-1 6.88452E-1 7.07573E-1 7.24475E-1 7.27716E-1 7.2132E-1 7.23066E-1 7.33211E-1 7.44054E-1 7.57135E-1 7.68204E-1 7.8631E-1 8.062E-1 8.14798E-1 8.15253E-1 8.10948E-1 8.10958E-1 8.12968E-1 8.17073E-1 8.01755E-1 8.09524E-1 8.07654E-1 8.10316E-1 8.09135E-1 8.09399E-1 8.1548E-1 8.23796E-1 8.29387E-1 8.27075E-1 8.36104E-1 8.27135E-1 8.19937E-1 8.1835E-1 8.15013E-1 8.12664E-1 8.17679E-1 8.08924E-1 8.09745E-1 8.07244E-1 8.16754E-1 8.29992E-1 8.11139E-1 8.06977E-1 8.09617E-1 8.0597E-1
5.99397E-1 6.14822E-1 6.05883E-1 5.97588E-1 6.00838E-1 6.01204E-1 6.03929E-1 6.03011E-1 6.12777E-1 6.10994E-1 6.14431E-1 6.14926E-1 6.23707E-1 6.39035E-1 6.53861E-1 6.64518E-1 6.7027E-1 6.8814E-1 7.12143E-1 7.31239E-1 7.44963E-1 7.37275E-1 7.40829E-1 7.48296E-1 7.63314E-1 7.65095E-1 7.73199E-1 7.81668E-1 7.95471E-1 8.13604E-1 8.08101E-1 8.0925E-1 8.03585E-1 7.99336E-1 7.93488E-1 7.94937E-1 8.01459E-1 8.01407E-1 8.1007E-1 8.13663E-1 8.2178E-1 8.2671E-1 8.30268E-1 8.3175E-1 8.38401E-1 8.42112E-1 8.34986E-1 8.26105E-1 8.23877E-1 8.16653E-1 8.17383E-1 8.18295E-1 8.13142E-1 8.12043E-1 8.14112E-1 8.22076E-1 8.19211E-1 8.12765E-1 8.09133E-1 8.14011E-1 8.10946E-1
5.9415E-1 5.99185E-1 6.02478E-1 5.99959E-1 6.07995E-1 6.11958E-1 6.12206E-1 6.1E-1 6.17076E-1 6.18187E-1 6.16944E-1 6.28134E-1 6.48058E-1 6.54E-1 6.60358E-1 6.61731E-1 6.65347E-1 6.88675E-1 7.2248E-1 7.37064E-1 7.43833E-1 7.50506E-1 7.55291E-1 7.5944E-1 7.69927E-1 7.66612E-1 7.70337E-1 7.79236E-1 7.91269E-1 7.95921E-1 8.04591E-1 8.04332E-1 7.99199E-1 7.92533E-1 7.86368E-1 7.89347E-1 7.97748E-1 8.05772E-1 8.12146E-1 8.26221E-1 8.30007E-1 8.29184E-1 8.30606E-1 8.32031E-1 8.40845E-1 8.46649E-1 8.4071E-1 8.32834E-1 8.28191E-1 8.22179E-1 8.28182E-1 8.21196E-1 8.20793E-1 8.20067E-1 8.22433E-1 8.23961E-1 8.20709E-1 8.12775E-1 8.14785E-1 8.17637E-1 8.12451E-1
5.92118E-1 6.04241E-1 6.12846E-1 6.11796E-1 6.20643E-1 6.26353E-1 6.26736E-1 6.27728E-1 6.30514E-1 6.35451E-1 6.3712E-1 6.46991E-1 6.72403E-1 6.74416E-1 6.72451E-1 6.67932E-1 6.70477E-1 6.91145E-1 7.24662E-1 7.41547E-1 7.51697E-1 7.60474E-1 7.64074E-1 7.66891E-1 7.71914E-1 7.76401E-1 7.75625E-1 7.832E-1 7.89163E-1 7.94283E-1 7.99063E-1 8.00352E-1 7.99264E-1 8.02916E-1 7.89058E-1 7.94589E-1 8.02161E-1 8.10294E-1 8.23083E-1 8.29345E-1 8.30495E-1 8.31556E-1 8.33275E-1 8.3564E-1 8.37961E-1 8.48368E-1 8.55578E-1 8.44755E-1 8.35371E-1 8.34849E-1 8.32914E-1 8.28535E-1 8.29208E-1 8.30433E-1 8.33687E-1 8.2951E-1 8.27656E-1 8.21679E-1 8.17188E-1 8.14861E-1 8.15866E-1
5.85548E-1 6.02304E-1 6.11091E-1 6.18573E-1 6.26935E-1 6.3596E-1 6.39151E-1 6.39571E-1 6.41921E-1 6.48443E-1 6.56411E-1 6.69022E-1 6.72676E-1 6.83833E-1 6.85006E-1 6.81259E-1 6.83313E-1 7.04095E-1 7.2542E-1 7.41688E-1 7.52789E-1 7.71066E-1 7.75912E-1 7.80763E-1 7.83195E-1 7.86182E-1 7.87143E-1 7.90707E-1 7.93539E-1 7.96818E-1 7.99551E-1 8.0162E-1 8.02058E-1 8.08069E-1 8.14628E-1 8.05481E-1 8.14943E-1 8.16213E-1 8.21718E-1 8.25299E-1 8.29349E-1 8.4104E-1 8.41559E-1 8.36475E-1 8.42803E-1 8.47961E-1 8.58737E-1 8.55909E-1 8.53259E-1 8.45424E-1 8.363E-1 8.36085E-1 8.36456E-1 8.36387E-1 8.36344E-1 8.33166E-1 8.3311E-1 8.25821E-1 8.24003E-1 8.24031E-1 8.26616E-1
5.93825E-1 6.01149E-1 6.12073E-1 6.2688E-1 6.37438E-1 6.39992E-1 6.34288E-1 6.43024E-1 6.47833E-1 6.59091E-1 6.66758E-1 6.75626E-1 6.82407E-1 7.01617E-1 7.03569E-1 6.9543E-1 6.97102E-1 7.15933E-1 7.33309E-1 7.46177E-1 7.64594E-1 7.78969E-1 7.85724E-1 7.90583E-1 7.88306E-1 7.96696E-1 7.95747E-1 7.96453E-1 8.02541E-1 8.01055E-1 8.04478E-1 8.06036E-1 8.04009E-1 8.12904E-1 8.4222E-1 8.24927E-1 8.2139E-1 8.20371E-1 8.25065E-1 8.31099E-1 8.43097E-1 8.51501E-1 8.52613E-1 8.48347E-1 8.55767E-1 8.55486E-1 8.6542E-1 8.68294E-1 8.66332E-1 8.529E-1 8.44493E-1 8.39772E-1 8.43039E-1 8.40373E-1 8.41027E-1 8.42723E-1 8.40876E-1 8.38241E-1 8.39143E-1 8.40907E-1 8.40992E-1
