maxent_outputs/bumblebees/bombus_32.asc
ncols         426
nrows         180
xllcorner     -130.0
yllcorner     24.0
cellsize      0.16666666666666666
NODATA_value  -9999
[rows 108 to 134 of 180, columns 122 to 182 of 426]
5.34502E-3 4.01804E-3 2.54134E-3 2.6277E-3 2.57103E-3 3.89329E-3 6.19336E-3 5.5301E-3 4.71601E-3 4.23193E-3 3.5684E-3 3.11198E-3 2.97144E-3 2.51766E-3 2.3648E-3 2.11307E-3 1.7829E-3 1.29664E-3 1.03223E-3 8.72012E-4 3.60517E-3 5.65765E-3 4.08204E-3 8.14356E-4 3.99536E-4 2.48893E-3 4.61765E-3 5.08601E-3 5.97483E-3 7.40116E-3 9.88385E-3 1.41642E-2 1.24914E-2 1.08733E-2 1.64257E-2 2.27581E-2 2.20853E-2 2.02574E-2 2.39943E-2 2.6784E-2 2.87333E-2 3.13861E-2 3.38842E-2 3.4324E-2 3.45032E-2 3.45862E-2 3.9224E-2 4.11714E-2 4.49359E-2 5.0344E-2 5.70881E-2 6.37294E-2 6.464E-2 7.15928E-2 7.68303E-2 8.09925E-2 8.05935E-2 8.05331E-2 8.44721E-2 8.67922E-2 9.10487E-2
3.99864E-3 3.10548E-3 2.4319E-3 3.1897E-3 3.76191E-3 4.86859E-3 4.84712E-3 4.36006E-3 3.89628E-3 3.53551E-3 3.04235E-3 2.74203E-3 2.9926E-3 3.37128E-3 3.8495E-3 3.17221E-3 2.84416E-3 3.20155E-3 2.02523E-3 3.03026E-3 4.98479E-3 4.19304E-3 3.47863E-3 1.33183E-3 9.51518E-4 3.31138E-3 5.13977E-3 5.4152E-3 6.15005E-3 7.63245E-3 1.15874E-2 1.78364E-2 1.84371E-2 1.78344E-2 1.89633E-2 2.56367E-2 2.33468E-2 2.16862E-2 2.41041E-2 2.87162E-2 3.20551E-2 3.60248E-2 3.9076E-2 3.92105E-2 3.53676E-2 3.5553E-2 4.30174E-2 4.94903E-2 5.57719E-2 6.01463E-2 6.18056E-2 6.00432E-2 5.80909E-2 5.85958E-2 6.38171E-2 7.14158E-2 7.51664E-2 8.07685E-2 8.3205E-2 8.786E-2 9.56501E-2
3.75281E-3 3.20757E-3 2.54722E-3 3.46846E-3 3.42603E-3 3.52885E-3 3.56901E-3 2.95383E-3 2.60635E-3 3.19505E-3 2.79301E-3 2.98586E-3 3.30315E-3 3.47022E-3 4.26747E-3 4.68588E-3 5.55077E-3 7.2865E-3 4.83677E-3 7.18161E-3 6.02386E-3 4.26141E-3 3.83853E-3 3.65233E-3 3.15181E-3 4.62946E-3 7.02519E-3 5.4474E-3 5.7708E-3 7.51098E-3 1.41308E-2 1.99087E-2 2.10082E-2 2.2212E-2 2.58808E-2 2.82015E-2 2.70774E-2 2.62198E-2 2.69187E-2 3.11787E-2 3.43606E-2 4.05259E-2 4.3907E-2 4.5743E-2 4.53262E-2 4.37275E-2 4.49541E-2 5.36322E-2 5.14269E-2 5.31489E-2 5.30784E-2 5.54858E-2 5.42906E-2 5.53362E-2 5.68535E-2 6.6793E-2 7.41015E-2 7.72622E-2 8.06897E-2 8.99159E-2 9.85287E-2
4.96909E-3 4.25459E-3 3.88118E-3 4.78941E-3 4.14251E-3 3.24405E-3 2.78639E-3 2.59902E-3 2.62815E-3 3.12251E-3 3.04585E-3 2.92406E-3 2.70388E-3 1.35709E-3 3.80266E-3 5.65102E-3 5.74479E-3 6.66226E-3 7.69615E-3 9.13049E-3 6.4838E-3 5.87201E-3 5.16341E-3 4.27682E-3 4.78771E-3 7.8662E-3 1.04891E-2 1.15249E-2 1.09898E-2 1.41196E-2 1.92154E-2 2.26427E-2 2.54926E-2 2.82757E-2 3.14569E-2 3.38355E-2 3.37638E-2 3.40881E-2 3.30482E-2 3.52962E-2 3.8964E-2 3.92221E-2 4.13992E-2 4.63581E-2 4.98117E-2 5.28606E-2 5.21805E-2 4.97155E-2 4.40636E-2 4.66441E-2 4.80773E-2 5.02657E-2 5.76934E-2 6.24725E-2 6.73327E-2 7.40993E-2 7.84655E-2 8.38165E-2 8.7955E-2 9.19923E-2 9.67362E-2
6.02568E-3 5.70423E-3 5.48886E-3 4.55361E-3 3.40893E-3 3.20639E-3 3.10822E-3 2.2984E-3 2.14652E-3 2.88335E-3 3.70071E-3 3.09109E-3 1.95988E-3 2.93636E-3 5.20909E-3 6.35366E-3 6.5206E-3 7.54738E-3 1.08859E-2 4.44778E-3 4.57306E-3 4.38185E-3 4.74595E-3 3.86252E-3 5.54008E-3 9.37217E-3 1.2245E-2 1.29244E-2 1.38072E-2 1.44754E-2 1.82971E-2 2.34027E-2 2.36175E-2 2.44279E-2 3.11702E-2 3.23457E-2 3.02272E-2 3.14222E-2 3.02902E-2 3.20242E-2 3.35547E-2 3.03234E-2 2.98739E-2 3.24159E-2 3.71462E-2 4.267E-2 4.82213E-2 4.40433E-2 4.09127E-2 4.39061E-2 4.86658E-2 5.2722E-2 5.84454E-2 6.66494E-2 6.948E-2 7.58601E-2 8.90924E-2 9.18958E-2 9.47301E-2 9.92173E-2 1.04242E-1
6.95325E-3 6.31376E-3 5.44328E-3 4.22163E-3 4.41614E-3 4.17312E-3 3.34686E-3 2.40474E-3 2.17204E-3 2.42343E-3 4.16604E-3 4.60191E-3 5.68651E-3 6.23236E-3 6.35377E-3 7.65965E-3 7.51864E-3 1.01521E-2 1.25776E-2 5.0309E-3 3.65296E-3 4.95009E-3 4.99964E-3 3.79411E-3 5.5227E-3 8.19755E-3 1.05747E-2 1.20152E-2 1.46745E-2 1.6985E-2 1.93587E-2 2.17722E-2 2.41831E-2 2.61493E-2 2.7921E-2 2.9648E-2 3.03235E-2 2.94085E-2 2.85894E-2 3.15358E-2 2.8201E-2 2.68455E-2 2.87168E-2 3.11273E-2 3.3658E-2 3.69938E-2 4.24052E-2 4.47523E-2 4.38562E-2 4.83204E-2 5.38385E-2 6.311E-2 6.70512E-2 7.34852E-2 7.87612E-2 8.89682E-2 9.54804E-2 9.69581E-2 9.92903E-2 9.83367E-2 1.0897E-1
7.02197E-3 5.76016E-3 5.56367E-3 5.33926E-3 4.435E-3 3.41821E-3 2.92665E-3 2.29582E-3 1.98316E-3 2.7539E-3 4.40336E-3 3.71938E-3 5.49232E-3 7.1459E-3 7.11717E-3 8.73944E-3 8.29988E-3 1.06948E-2 9.35626E-3 5.55417E-3 3.96966E-3 5.06217E-3 5.23951E-3 4.62727E-3 5.10247E-3 8.04496E-3 1.08335E-2 1.26073E-2 1.45717E-2 1.96712E-2 2.02416E-2 1.88721E-2 1.84976E-2 1.88447E-2 2.48266E-2 2.62491E-2 2.67307E-2 2.29005E-2 2.3347E-2 2.51153E-2 2.54261E-2 2.74076E-2 2.88588E-2 3.30034E-2 3.51243E-2 3.92735E-2 4.31558E-2 4.78924E-2 6.51515E-2 6.76597E-2 6.55082E-2 7.73885E-2 7.50974E-2 8.05622E-2 8.65545E-2 9.50883E-2 1.02451E-1 9.98125E-2 1.05811E-1 1.08697E-1 1.0872E-1
7.46588E-3 6.77591E-3 6.2856E-3 5.47913E-3 4.49059E-3 3.31588E-3 2.54877E-3 2.12638E-3 2.33905E-3 2.67545E-3 2.7115E-3 2.446E-3 3.73512E-3 7.09579E-3 6.22962E-3 9.17004E-3 9.75696E-3 1.17626E-2 9.90265E-3 5.04707E-3 4.81435E-3 4.98186E-3 5.56963E-3 5.35513E-3 5.68828E-3 6.99089E-3 9.88157E-3 1.2004E-2 1.35776E-2 1.69201E-2 2.28611E-2 2.27604E-2 2.15328E-2 1.85989E-2 1.81836E-2 1.80277E-2 1.87107E-2 2.00669E-2 2.18395E-2 2.35258E-2 2.59973E-2 2.92053E-2 3.16276E-2 3.42247E-2 3.62372E-2 3.74536E-2 4.11619E-2 4.34058E-2 4.92434E-2 6.9939E-2 9.22963E-2 8.82911E-2 9.32546E-2 9.24521E-2 1.00407E-1 1.04686E-1 1.09435E-1 1.13866E-1 1.12706E-1 1.12913E-1 1.10397E-1
8.35323E-3 7.74151E-3 6.81006E-3 5.98659E-3 4.44664E-3 3.69905E-3 3.22177E-3 2.58148E-3 2.40219E-3 2.25892E-3 2.46279E-3 3.2066E-3 4.765E-3 6.57148E-3 7.04786E-3 9.42647E-3 1.03028E-2 1.075E-2 9.78944E-3 5.11335E-3 5.11512E-3 5.84416E-3 6.28663E-3 5.67381E-3 6.62008E-3 6.94417E-3 8.61494E-3 1.15078E-2 1.33499E-2 1.667E-2 2.00103E-2 2.49844E-2 2.50228E-2 2.2681E-2 2.22877E-2 2.09886E-2 2.03956E-2 2.2362E-2 2.43372E-2 2.58132E-2 2.72053E-2 2.97117E-2 3.20696E-2 3.38968E-2 3.65924E-2 3.96466E-2 4.18158E-2 4.73009E-2 5.14803E-2 6.53765E-2 8.52939E-2 1.0199E-1 1.07716E-1 1.11433E-1 1.11829E-1 1.16673E-1 1.21994E-1 1.24335E-1 1.20104E-1 1.16791E-1 1.18972E-1
6.79131E-3 7.7982E-3 6.34625E-3 5.11735E-3 4.54629E-3 3.90836E-3 3.37821E-3 2.69239E-3 2.27137E-3 2.13045E-3 2.94008E-3 4.08369E-3 5.5996E-3 7.46663E-3 8.5146E-3 9.23004E-3 1.13311E-2 1.0411E-2 9.3433E-3 7.42623E-3 4.91338E-3 4.82078E-3 5.97997E-3 6.46037E-3 7.25065E-3 7.92285E-3 9.17449E-3 1.04337E-2 1.2328E-2 1.57534E-2 1.84893E-2 2.24674E-2 2.8119E-2 2.75649E-2 2.68793E-2 2.47199E-2 2.3563E-2 2.41378E-2 2.65561E-2 2.75249E-2 2.87692E-2 3.08887E-2 3.3291E-2 3.66656E-2 3.96471E-2 4.32686E-2 4.5263E-2 4.76985E-2 5.12261E-2 5.51445E-2 6.03895E-2 8.84944E-2 1.0312E-1 1.07245E-1 1.09625E-1 1.14761E-1 1.1753E-1 1.15795E-1 1.18472E-1 1.20886E-1 1.20189E-1
3.96377E-3 5.64132E-3 5.2731E-3 3.77219E-3 3.2058E-3 2.94756E-3 2.44283E-3 2.52697E-3 2.22543E-3 2.05577E-3 2.41538E-3 3.03021E-3 3.32951E-3 4.51771E-3 7.18018E-3 9.53903E-3 1.2354E-2 1.00014E-2 8.40878E-3 7.32098E-3 5.98794E-3 5.48204E-3 5.55076E-3 5.22848E-3 6.50162E-3 8.8313E-3 1.00062E-2 1.15704E-2 1.3686E-2 1.76439E-2 2.06616E-2 2.54893E-2 2.99683E-2 2.82746E-2 2.46353E-2 2.61813E-2 2.83423E-2 2.78543E-2 2.8068E-2 2.89389E-2 3.08051E-2 3.34595E-2 3.57855E-2 3.88143E-2 4.24597E-2 4.58615E-2 4.83444E-2 5.13476E-2 5.4696E-2 5.67845E-2 6.23002E-2 9.02552E-2 1.00866E-1 1.06308E-1 1.07909E-1 1.13486E-1 1.25653E-1 1.22195E-1 1.19196E-1 1.17069E-1 1.19048E-1
1.71706E-3 2.91423E-3 3.68359E-3 2.97351E-3 2.12157E-3 2.33052E-3 2.1853E-3 1.80318E-3 2.25438E-3 2.72527E-3 2.98438E-3 3.22003E-3 3.35317E-3 4.0848E-3 5.16112E-3 8.51354E-3 1.35912E-2 1.13529E-2 9.20778E-3 8.96461E-3 7.39389E-3 6.43245E-3 6.49701E-3 5.89806E-3 6.70476E-3 9.6148E-3 1.2199E-2 1.37525E-2 1.60479E-2 1.8384E-2 2.32048E-2 2.68126E-2 2.88258E-2 2.79227E-2 2.5565E-2 2.48267E-2 2.74177E-2 2.82147E-2 3.10638E-2 3.26195E-2 3.28676E-2 3.36946E-2 3.54109E-2 4.07597E-2 4.2991E-2 4.70158E-2 4.99777E-2 5.20984E-2 5.65509E-2 5.84983E-2 6.06177E-2 7.31079E-2 9.45124E-2 9.94064E-2 1.07091E-1 1.12021E-1 1.12266E-1 1.11466E-1 1.13589E-1 1.18828E-1 1.25303E-1
1.41304E-3 1.18032E-3 1.70095E-3 2.01607E-3 2.73719E-3 2.74514E-3 3.16388E-3 2.58484E-3 2.98335E-3 2.93068E-3 3.20756E-3 3.42391E-3 3.04534E-3 4.98114E-3 6.65997E-3 8.70784E-3 1.4087E-2 1.26215E-2 1.12013E-2 1.03292E-2 7.72851E-3 8.01443E-3 8.43721E-3 7.2732E-3 6.81049E-3 8.47215E-3 1.12295E-2 1.53801E-2 1.89628E-2 2.0921E-2 2.25787E-2 2.63912E-2 2.95727E-2 2.72628E-2 2.42945E-2 2.39809E-2 2.50463E-2 2.62852E-2 2.82189E-2 3.0083E-2 3.24545E-2 3.53036E-2 3.73469E-2 4.1773E-2 4.43093E-2 4.69006E-2 5.19828E-2 5.36337E-2 5.67475E-2 5.89716E-2 6.10472E-2 6.53127E-2 8.13214E-2 9.32965E-2 1.00181E-1 1.0567E-1 1.1206E-1 1.1635E-1 1.17573E-1 1.23864E-1 1.31268E-1
3.22621E-3 2.81489E-3 2.43114E-3 3.76628E-3 3.92378E-3 5.69389E-3 3.27385E-3 2.61794E-3 2.88442E-3 2.67207E-3 2.61956E-3 3.4338E-3 4.0321E-3 5.72975E-3 1.14202E-2 1.39279E-2 1.45133E-2 1.28364E-2 1.2432E-2 1.08839E-2 9.50357E-3 1.0937E-2 1.15234E-2 7.40951E-3 7.17558E-3 9.33831E-3 1.21006E-2 1.60423E-2 1.97013E-2 2.31563E-2 2.73069E-2 2.75443E-2 2.90654E-2 2.71072E-2 2.36999E-2 2.27907E-2 2.3764E-2 2.55627E-2 2.8557E-2 3.15722E-2 3.53245E-2 3.79273E-2 3.97997E-2 4.29842E-2 4.52216E-2 4.96104E-2 5.28985E-2 5.67649E-2 6.03136E-2 5.96423E-2 6.36322E-2 6.48036E-2 7.74781E-2 8.48858E-2 9.16165E-2 1.02269E-1 1.07598E-1 1.16819E-1 1.25668E-1 1.28518E-1 1.38402E-1
6.5001E-3 4.49355E-3 5.74384E-3 6.01709E-3 7.67671E-3 5.12173E-3 2.85149E-3 2.0702E-3 2.36679E-3 2.53674E-3 2.42158E-3 4.04634E-3 6.72821E-3 6.52735E-3 1.39759E-2 1.69034E-2 1.46628E-2 1.40566E-2 1.35648E-2 1.38851E-2 1.54615E-2 1.62388E-2 1.29583E-2 7.19563E-3 5.87951E-3 6.31661E-3 8.79951E-3 1.76137E-2 2.30819E-2 2.56557E-2 3.06125E-2 2.96555E-2 2.84612E-2 2.80596E-2 2.64819E-2 2.38495E-2 2.37461E-2 2.65014E-2 2.91058E-2 3.10522E-2 3.62077E-2 3.96658E-2 4.06952E-2 4.23771E-2 4.58494E-2 5.12987E-2 6.24557E-2 6.26511E-2 6.38728E-2 6.18875E-2 6.52451E-2 7.94659E-2 8.3692E-2 9.127E-2 9.71286E-2 1.03124E-1 1.0929E-1 1.18965E-1 1.24331E-1 1.32981E-1 1.37853E-1
1.00124E-2 9.58362E-3 1.20141E-2 9.53639E-3 1.12073E-2 4.72847E-3 2.32431E-3 2.31493E-3 2.48367E-3 3.53767E-3 3.00969E-3 5.23189E-3 8.34665E-3 1.45172E-2 1.71894E-2 1.86222E-2 1.65744E-2 1.56367E-2 1.48393E-2 2.0562E-2 2.42799E-2 2.01998E-2 9.50379E-3 3.53761E-3 6.39803E-3 9.31816E-3 1.20142E-2 1.77681E-2 2.53561E-2 2.79843E-2 3.38148E-2 3.31668E-2 3.02303E-2 2.90997E-2 2.85527E-2 2.52558E-2 2.61789E-2 2.85252E-2 3.13548E-2 3.294E-2 3.60168E-2 3.88705E-2 4.17204E-2 4.36838E-2 4.79161E-2 5.16094E-2 5.62138E-2 6.00955E-2 6.55509E-2 7.80719E-2 8.13814E-2 8.62326E-2 8.64009E-2 9.1125E-2 1.04983E-1 1.09397E-1 1.14329E-1 1.22337E-1 1.28569E-1 1.281E-1 1.33089E-1
1.42469E-2 1.23335E-2 1.88079E-2 1.40531E-2 1.28174E-2 6.26013E-3 3.52044E-3 3.72701E-3 5.24327E-3 4.63343E-3 3.20143E-3 6.31419E-3 1.18433E-2 1.61445E-2 2.05767E-2 2.03361E-2 1.58359E-2 1.14213E-2 1.64768E-2 2.70609E-2 2.65703E-2 2.3483E-2 1.24528E-2 5.44549E-3 4.75884E-3 7.03479E-3 1.08353E-2 1.60809E-2 2.44775E-2 2.99934E-2 3.33543E-2 3.60636E-2 3.37136E-2 3.15845E-2 3.07483E-2 2.47435E-2 2.67126E-2 3.00051E-2 3.27965E-2 3.52958E-2 3.81254E-2 4.0627E-2 4.19504E-2 4.60892E-2 5.10224E-2 5.37109E-2 5.67581E-2 5.96098E-2 6.13828E-2 7.64192E-2 8.59954E-2 8.89001E-2 9.16838E-2 9.91605E-2 1.0767E-1 1.15378E-1 1.21797E-1 1.30448E-1 1.26702E-1 1.27283E-1 1.32488E-1
2.21793E-2 2.36761E-2 2.46948E-2 1.24502E-2 9.93538E-3 1.18824E-2 1.16936E-2 8.12969E-3 6.95831E-3 4.99769E-3 3.34239E-3 6.50466E-3 1.28979E-2 1.9214E-2 2.38892E-2 1.92493E-2 1.76688E-2 1.43434E-2 2.47479E-2 2.88269E-2 2.73362E-2 2.62637E-2 1.68069E-2 4.8623E-3 4.28593E-3 7.11833E-3 1.10619E-2 1.74075E-2 2.59665E-2 3.09742E-2 3.38838E-2 3.61763E-2 3.66895E-2 3.44284E-2 3.21623E-2 2.41636E-2 2.66281E-2 3.04122E-2 3.46847E-2 3.72612E-2 3.9485E-2 4.2928E-2 4.428E-2 4.84357E-2 5.30797E-2 5.48656E-2 5.77922E-2 6.00508E-2 6.62999E-2 8.19169E-2 9.4579E-2 9.56376E-2 9.58177E-2 1.00967E-1 1.09141E-1 1.15912E-1 1.2414E-1 1.30551E-1 1.2871E-1 1.30318E-1 1.41819E-1
3.98483E-2 3.42494E-2 3.07191E-2 2.27275E-2 1.19438E-2 1.24874E-2 1.65694E-2 1.16531E-2 6.78027E-3 6.393E-3 6.52001E-3 6.85536E-3 1.45903E-2 2.12507E-2 2.26891E-2 2.04156E-2 2.07589E-2 1.8473E-2 2.36951E-2 3.32171E-2 2.99152E-2 2.70826E-2 1.99816E-2 3.86967E-3 5.17466E-3 8.33989E-3 1.27602E-2 1.92948E-2 2.57579E-2 3.14277E-2 3.68451E-2 4.14815E-2 3.81068E-2 3.56182E-2 3.2607E-2 2.55736E-2 2.76337E-2 3.15561E-2 3.64402E-2 3.93826E-2 4.18049E-2 4.32727E-2 4.58728E-2 5.04502E-2 5.48931E-2 5.7374E-2 5.79119E-2 6.27287E-2 6.70487E-2 8.4863E-2 8.70081E-2 8.26648E-2 9.14561E-2 1.04294E-1 1.12488E-1 1.20196E-1 1.28532E-1 1.30628E-1 1.3146E-1 1.35492E-1 1.36386E-1
4.52388E-2 3.62053E-2 2.94918E-2 2.78702E-2 2.24976E-2 2.20514E-2 1.6559E-2 1.19577E-2 1.11305E-2 1.13471E-2 1.18693E-2 1.09297E-2 1.60833E-2 2.19716E-2 2.59953E-2 2.48745E-2 2.27177E-2 2.10786E-2 2.17457E-2 3.29458E-2 2.79292E-2 2.77422E-2 1.96893E-2 3.91992E-3 5.02303E-3 7.71152E-3 1.26969E-2 1.89243E-2 2.58613E-2 3.17954E-2 3.66073E-2 4.19599E-2 4.11083E-2 3.92825E-2 3.82313E-2 3.27089E-2 3.09538E-2 3.43E-2 3.92092E-2 4.28946E-2 4.36088E-2 4.46573E-2 4.83008E-2 5.23862E-2 5.56479E-2 5.55796E-2 6.07529E-2 7.00888E-2 8.25841E-2 8.74631E-2 8.66276E-2 9.01654E-2 9.54547E-2 9.83096E-2 1.10188E-1 1.14478E-1 1.25145E-1 1.30206E-1 1.30142E-1 1.33495E-1 1.36009E-1
3.6868E-2 3.66133E-2 2.9529E-2 2.60306E-2 2.37673E-2 1.98059E-2 1.43185E-2 1.07875E-2 1.35642E-2 1.53161E-2 1.71144E-2 1.48431E-2 1.97285E-2 2.06651E-2 2.19481E-2 2.71771E-2 2.57422E-2 2.27556E-2 1.98209E-2 3.07164E-2 2.8638E-2 2.83658E-2 2.6626E-2 1.35864E-2 9.25477E-3 1.0195E-2 1.44008E-2 1.5259E-2 2.20551E-2 3.10894E-2 4.12423E-2 4.84221E-2 4.88103E-2 4.68523E-2 4.51588E-2 4.22485E-2 3.99326E-2 4.05475E-2 4.48149E-2 4.42114E-2 4.49252E-2 4.71254E-2 5.03679E-2 5.55099E-2 5.5621E-2 5.87539E-2 6.29011E-2 6.79295E-2 8.31964E-2 8.9149E-2 9.44234E-2 9.87912E-2 1.0244E-1 9.52337E-2 1.00602E-1 1.09144E-1 1.22439E-1 1.2941E-1 1.32316E-1 1.36362E-1 1.28063E-1
3.3091E-2 3.39106E-2 3.13914E-2 2.4204E-2 2.14777E-2 1.99936E-2 1.71197E-2 1.49735E-2 1.66311E-2 1.83849E-2 1.91878E-2 2.32217E-2 2.50489E-2 2.14384E-2 2.13592E-2 2.21345E-2 2.84155E-2 2.80502E-2 2.13401E-2 3.27841E-2 2.93484E-2 2.87459E-2 2.43004E-2 1.84908E-2 1.9323E-2 1.83887E-2 2.36469E-2 1.90446E-2 1.67931E-2 2.84138E-2 3.9291E-2 5.246E-2 5.86359E-2 5.34614E-2 5.15177E-2 4.43194E-2 4.00278E-2 4.38894E-2 4.7335E-2 4.99331E-2 4.88713E-2 5.24416E-2 5.93138E-2 6.04884E-2 6.25573E-2 6.61449E-2 6.75905E-2 7.06369E-2 7.11187E-2 7.71185E-2 9.43392E-2 1.04145E-1 1.12054E-1 1.03018E-1 9.46432E-2 1.06544E-1 1.08903E-1 1.23585E-1 1.32183E-1 1.39243E-1 1.18422E-1
2.56735E-2 3.27447E-2 3.31728E-2 3.11772E-2 2.39777E-2 2.27663E-2 2.23922E-2 2.03985E-2 2.03303E-2 2.27417E-2 2.28363E-2 2.5855E-2 2.7954E-2 2.66404E-2 2.43305E-2 2.27149E-2 2.57758E-2 3.56899E-2 2.36793E-2 3.28015E-2 2.82424E-2 2.62607E-2 2.04233E-2 1.75912E-2 2.16837E-2 2.52393E-2 2.92243E-2 3.55538E-2 2.04231E-2 2.0579E-2 3.57254E-2 4.71315E-2 5.35145E-2 5.85775E-2 5.38138E-2 4.48864E-2 4.2255E-2 4.81504E-2 5.11966E-2 5.32559E-2 5.20761E-2 5.68565E-2 6.24422E-2 6.51907E-2 6.54923E-2 6.75418E-2 6.64628E-2 7.54115E-2 7.78865E-2 8.57975E-2 9.93134E-2 1.09484E-1 1.17128E-1 1.16303E-1 9.82858E-2 9.33985E-2 9.50849E-2 1.02233E-1 1.13953E-1 1.2036E-1 1.13168E-1
2.55961E-2 2.10724E-2 2.48721E-2 2.98763E-2 2.55352E-2 2.24495E-2 2.36033E-2 2.19799E-2 2.08929E-2 2.29741E-2 2.46503E-2 2.69183E-2 3.15388E-2 3.0284E-2 2.61161E-2 2.65861E-2 2.64842E-2 3.02914E-2 3.26735E-2 2.91647E-2 2.66607E-2 2.55239E-2 1.77504E-2 1.72776E-2 2.03169E-2 2.69693E-2 3.16008E-2 3.6117E-2 2.03619E-2 1.55704E-2 3.46603E-2 4.34517E-2 4.7153E-2 5.3398E-2 5.41101E-2 4.78409E-2 4.77133E-2 5.14252E-2 5.88832E-2 5.90689E-2 5.84159E-2 6.16205E-2 6.83172E-2 7.31705E-2 6.97939E-2 7.22302E-2 7.20043E-2 7.64688E-2 8.26729E-2 7.91263E-2 9.20462E-2 1.00883E-1 1.13155E-1 1.24002E-1 1.10455E-1 1.09207E-1 1.19003E-1 1.14728E-1 1.20604E-1 1.18808E-1 1.1546E-1
2.50496E-2 1.8617E-2 1.19548E-2 2.6091E-2 2.49297E-2 2.28085E-2 2.62163E-2 2.44291E-2 2.3276E-2 2.3734E-2 2.81726E-2 3.16355E-2 3.38424E-2 3.13547E-2 2.68877E-2 2.91642E-2 2.88806E-2 2.74654E-2 3.51892E-2 3.29617E-2 2.66353E-2 2.46988E-2 1.66652E-2 1.80358E-2 2.10635E-2 2.8048E-2 3.54037E-2 3.94064E-2 2.53404E-2 2.4636E-2 3.72543E-2 4.09063E-2 4.57022E-2 5.08253E-2 5.66577E-2 5.56114E-2 5.39834E-2 5.77177E-2 6.52002E-2 6.56852E-2 6.34295E-2 6.76502E-2 7.35735E-2 8.18436E-2 8.01864E-2 8.08411E-2 8.24561E-2 8.70341E-2 8.39963E-2 8.16117E-2 8.55517E-2 9.35698E-2 9.41519E-2 1.05465E-1 1.29796E-1 1.31636E-1 1.32192E-1 1.2608E-1 1.27222E-1 1.17644E-1 1.11286E-1
2.88997E-2 1.86008E-2 1.53892E-2 2.64911E-2 2.02225E-2 1.99371E-2 2.73801E-2 2.89461E-2 2.84244E-2 2.80909E-2 3.21253E-2 3.18529E-2 3.5377E-2 3.34886E-2 3.2226E-2 2.89311E-2 2.6973E-2 2.57066E-2 3.02729E-2 4.03887E-2 2.9609E-2 2.49669E-2 2.01364E-2 1.85895E-2 2.20697E-2 2.63741E-2 3.2546E-2 3.76102E-2 3.78574E-2 2.89539E-2 3.40594E-2 3.65319E-2 4.33989E-2 5.02513E-2 5.50194E-2 6.05822E-2 6.2349E-2 6.32145E-2 6.84612E-2 7.13327E-2 7.01335E-2 7.14354E-2 7.78142E-2 8.05078E-2 8.27273E-2 8.44818E-2 8.49732E-2 8.46057E-2 8.2445E-2 8.38016E-2 8.81964E-2 9.56289E-2 1.03746E-1 1.05132E-1 1.07903E-1 1.23147E-1 1.35693E-1 1.38007E-1 1.3152E-1 1.20903E-1 1.1415E-1
3.19306E-2 2.64684E-2 2.73281E-2 2.29997E-2 1.75646E-2 1.61275E-2 2.55828E-2 2.64196E-2 3.17295E-2 3.18376E-2 3.45247E-2 3.66721E-2 3.7123E-2 3.55745E-2 3.16387E-2 2.96088E-2 2.82196E-2 2.68832E-2 2.61409E-2 3.11683E-2 3.46457E-2 2.65553E-2 2.45702E-2 1.93466E-2 2.06114E-2 2.50637E-2 2.8631E-2 3.19006E-2 3.97693E-2 3.4809E-2 2.84667E-2 3.58277E-2 4.24653E-2 5.00224E-2 5.42842E-2 6.10054E-2 6.72143E-2 6.99235E-2 6.97382E-2 7.2181E-2 7.34602E-2 7.75091E-2 7.82711E-2 8.19908E-2 8.29657E-2 8.41986E-2 8.39339E-2 8.51632E-2 8.5085E-2 8.71327E-2 9.34877E-2 9.7065E-2 1.0324E-1 1.13889E-1 1.22101E-1 1.24048E-1 1.29795E-1 1.33194E-1 1.35658E-1 1.43729E-1 1.38195E-1
