maxent_outputs/bumblebees/bombus_331.asc
ncols         426
nrows         180
xllcorner     -130.0
yllcorner     24.0
cellsize      0.16666666666666666
NODATA_value  -9999
[rows 108 to 134 of 180, columns 244 to 304 of 426]
4.41017E-1 4.39983E-1 4.21905E-1 4.17577E-1 4.13878E-1 4.14449E-1 4.05796E-1 4.0794E-1 4.29336E-1 3.9579E-1 3.88268E-1 3.91183E-1 3.91122E-1 3.90333E-1 3.98242E-1 4.02069E-1 4.08458E-1 4.27903E-1 4.20135E-1 4.15935E-1 4.00563E-1 4.01718E-1 4.00283E-1 3.8075E-1 3.23448E-1 3.19928E-1 3.15258E-1 3.31941E-1 4.02136E-1 4.06025E-1 4.07635E-1 4.22993E-1 4.17803E-1 3.77367E-1 3.80299E-1 3.84625E-1 3.42259E-1 3.22683E-1 2.97936E-1 2.77188E-1 2.23015E-1 2.24564E-1 2.3699E-1 2.45373E-1 2.84051E-1 3.89878E-1 4.06438E-1 3.9958E-1 4.04936E-1 4.03134E-1 4.18262E-1 4.28553E-1 4.44204E-1 4.56382E-1 4.63001E-1 4.72903E-1 4.76004E-1 4.77636E-1 4.79668E-1 4.89175E-1 5.02238E-1
4.46949E-1 4.45608E-1 4.47735E-1 4.36659E-1 4.21628E-1 4.14343E-1 4.21907E-1 4.141E-1 4.04226E-1 3.94159E-1 3.94918E-1 3.99971E-1 4.06116E-1 4.0359E-1 4.04742E-1 4.05103E-1 4.16497E-1 4.26811E-1 4.22991E-1 4.09325E-1 3.93855E-1 3.99164E-1 3.96572E-1 3.61556E-1 3.29862E-1 3.41534E-1 3.40183E-1 4.34978E-1 4.21617E-1 4.09567E-1 4.23909E-1 4.04239E-1 3.96693E-1 3.57449E-1 3.37434E-1 3.01706E-1 2.29178E-1 2.37867E-1 2.10718E-1 2.70806E-1 2.81149E-1 2.28744E-1 2.13486E-1 3.58385E-1 4.16668E-1 4.38118E-1 4.36606E-1 4.47577E-1 4.5067E-1 4.41623E-1 4.51361E-1 4.46145E-1 4.59751E-1 4.85037E-1 4.95691E-1 4.86342E-1 5.02491E-1 4.96111E-1 4.87557E-1 5.00798E-1 5.19577E-1
4.57894E-1 4.52848E-1 4.59475E-1 4.5088E-1 4.27668E-1 4.24709E-1 4.37686E-1 4.33463E-1 4.17532E-1 3.93836E-1 3.90445E-1 3.97773E-1 4.14233E-1 4.21049E-1 4.20446E-1 4.24531E-1 4.2628E-1 4.21291E-1 4.12902E-1 4.03375E-1 4.00899E-1 3.97739E-1 3.50505E-1 3.25653E-1 3.60066E-1 3.41125E-1 4.01062E-1 4.29457E-1 3.98087E-1 3.9593E-1 4.30427E-1 4.02817E-1 3.19072E-1 2.46875E-1 1.97524E-1 1.79616E-1 1.8798E-1 1.95846E-1 2.21907E-1 2.64895E-1 3.17552E-1 2.88239E-1 3.29678E-1 4.08815E-1 4.33014E-1 4.22237E-1 4.41168E-1 4.47022E-1 4.56966E-1 4.58659E-1 4.97079E-1 4.63754E-1 4.78559E-1 4.92637E-1 5.21694E-1 5.03571E-1 5.13318E-1 5.029E-1 5.10444E-1 5.19621E-1 5.43447E-1
4.70031E-1 4.70168E-1 4.56976E-1 4.46319E-1 4.34835E-1 4.34066E-1 4.47299E-1 4.50812E-1 4.35471E-1 4.02235E-1 4.00644E-1 4.03646E-1 4.09435E-1 4.12765E-1 4.11675E-1 4.11195E-1 4.17372E-1 4.17368E-1 4.11533E-1 4.09193E-1 3.93155E-1 3.46266E-1 3.33896E-1 3.5882E-1 3.53306E-1 4.09212E-1 4.43145E-1 4.2675E-1 4.14861E-1 4.07025E-1 3.91551E-1 2.90296E-1 2.74597E-1 2.66012E-1 2.82473E-1 2.62472E-1 2.5312E-1 1.95096E-1 1.99077E-1 2.38615E-1 3.19593E-1 3.18495E-1 3.8809E-1 4.64752E-1 4.63702E-1 4.52848E-1 4.61631E-1 4.66182E-1 4.73198E-1 4.78445E-1 5.06587E-1 4.99111E-1 5.02623E-1 4.97362E-1 5.12704E-1 5.47831E-1 5.24345E-1 5.14951E-1 5.3348E-1 5.48188E-1 5.50978E-1
4.66564E-1 4.61446E-1 4.66925E-1 4.43639E-1 4.36169E-1 4.47717E-1 4.66074E-1 4.34179E-1 4.16133E-1 4.01675E-1 4.06125E-1 4.16349E-1 4.1809E-1 4.29017E-1 4.21072E-1 4.18002E-1 4.20324E-1 4.17227E-1 4.23815E-1 4.21624E-1 3.93902E-1 3.58723E-1 3.57361E-1 3.77647E-1 3.75613E-1 4.56701E-1 4.36983E-1 4.36438E-1 4.21512E-1 3.75199E-1 3.14542E-1 2.46725E-1 2.42712E-1 2.40037E-1 2.2773E-1 2.82227E-1 2.50512E-1 2.37392E-1 2.23993E-1 2.97891E-1 3.21968E-1 3.64219E-1 4.51203E-1 4.7669E-1 4.71821E-1 4.76749E-1 4.82561E-1 4.87096E-1 4.9411E-1 5.15622E-1 5.29484E-1 5.28525E-1 5.08106E-1 5.12416E-1 5.27414E-1 5.5311E-1 5.47258E-1 5.30913E-1 5.3625E-1 5.5575E-1 5.67512E-1
4.60465E-1 4.52206E-1 4.60904E-1 4.48454E-1 4.52117E-1 4.49916E-1 4.73879E-1 4.30586E-1 4.14924E-1 4.10939E-1 4.2358E-1 4.26008E-1 4.27374E-1 4.3883E-1 4.41881E-1 4.30231E-1 4.27221E-1 4.24047E-1 4.15415E-1 3.89834E-1 3.88797E-1 4.07915E-1 4.32946E-1 4.08844E-1 4.78655E-1 4.54619E-1 4.33429E-1 4.35554E-1 3.90936E-1 3.34102E-1 3.20265E-1 3.33457E-1 3.08384E-1 2.66825E-1 2.17286E-1 2.80943E-1 2.42795E-1 2.5421E-1 3.62264E-1 3.57001E-1 4.31286E-1 4.78517E-1 4.81782E-1 4.86065E-1 4.85843E-1 4.85785E-1 5.04657E-1 5.01062E-1 5.01144E-1 5.31488E-1 5.41817E-1 5.28028E-1 5.15051E-1 5.20481E-1 5.31206E-1 5.5517E-1 5.66815E-1 5.45672E-1 5.50103E-1 5.65108E-1 5.77566E-1
4.65345E-1 4.45845E-1 4.60688E-1 4.55929E-1 4.67075E-1 4.57079E-1 4.68943E-1 4.67064E-1 4.51005E-1 4.44714E-1 4.56856E-1 4.53381E-1 4.50984E-1 4.54625E-1 4.45423E-1 4.35799E-1 4.40475E-1 4.31425E-1 4.07303E-1 3.95069E-1 4.31499E-1 4.45463E-1 4.01942E-1 4.13244E-1 4.51183E-1 4.40087E-1 4.41759E-1 4.29706E-1 3.02011E-1 3.19581E-1 3.25782E-1 3.25928E-1 3.10983E-1 3.04009E-1 2.91296E-1 3.21181E-1 3.62236E-1 4.27125E-1 5.306E-1 5.06433E-1 4.94933E-1 5.08916E-1 5.12142E-1 5.1193E-1 5.19753E-1 5.15769E-1 5.20603E-1 5.26341E-1 5.20356E-1 5.30864E-1 5.38951E-1 5.28721E-1 5.19108E-1 5.32096E-1 5.46575E-1 5.52287E-1 5.73235E-1 5.73524E-1 5.67232E-1 5.81901E-1 5.89503E-1
4.74154E-1 4.68847E-1 4.67292E-1 4.65014E-1 4.74071E-1 4.60212E-1 4.60922E-1 4.64487E-1 4.70432E-1 4.87532E-1 4.78751E-1 4.82355E-1 5.0148E-1 4.90684E-1 4.72295E-1 4.70005E-1 4.76917E-1 4.54739E-1 4.28476E-1 4.38722E-1 4.61261E-1 3.91947E-1 3.91094E-1 3.98311E-1 4.37509E-1 4.38838E-1 4.70241E-1 4.4325E-1 3.61013E-1 3.43278E-1 2.97743E-1 2.81212E-1 2.97803E-1 3.29489E-1 3.80643E-1 4.24004E-1 4.7842E-1 5.09644E-1 5.56781E-1 5.28552E-1 5.16138E-1 5.20253E-1 5.19638E-1 5.22985E-1 5.2757E-1 5.32365E-1 5.28628E-1 5.41838E-1 5.35897E-1 5.37753E-1 5.45713E-1 5.46216E-1 5.39246E-1 5.50372E-1 5.65237E-1 5.74534E-1 5.89283E-1 5.88552E-1 5.95212E-1 6.03391E-1 6.09666E-1
4.91861E-1 4.83419E-1 4.73499E-1 4.68323E-1 4.89273E-1 4.91861E-1 4.83939E-1 4.61712E-1 4.55327E-1 4.55657E-1 4.72557E-1 4.76408E-1 4.781E-1 4.91402E-1 5.03324E-1 4.85104E-1 4.7869E-1 4.69168E-1 4.51772E-1 4.75502E-1 4.03562E-1 3.85437E-1 3.82535E-1 4.09321E-1 4.48919E-1 4.50185E-1 4.72897E-1 4.67251E-1 4.29079E-1 3.69599E-1 3.30567E-1 3.73314E-1 4.1165E-1 4.26815E-1 4.4475E-1 4.7849E-1 5.39466E-1 5.49315E-1 5.52585E-1 5.49016E-1 5.24762E-1 5.27032E-1 5.31643E-1 5.31284E-1 5.36831E-1 5.45155E-1 5.47158E-1 5.51707E-1 5.43557E-1 5.48728E-1 5.65709E-1 5.56315E-1 5.65196E-1 5.76334E-1 5.78672E-1 5.92073E-1 6.076E-1 6.19763E-1 6.15508E-1 6.27725E-1 6.31009E-1
4.84637E-1 5.01676E-1 4.91805E-1 5.00757E-1 5.0583E-1 5.07878E-1 4.82591E-1 4.69075E-1 4.51152E-1 4.48753E-1 4.49648E-1 4.65318E-1 4.71601E-1 4.79651E-1 4.77983E-1 4.63366E-1 4.44892E-1 4.53182E-1 4.91969E-1 4.24636E-1 4.02361E-1 4.13482E-1 4.15952E-1 4.59187E-1 4.66263E-1 4.75003E-1 4.64293E-1 4.62026E-1 4.35908E-1 4.35208E-1 4.2211E-1 4.3642E-1 4.66711E-1 4.73123E-1 4.97757E-1 5.20793E-1 5.2854E-1 5.40584E-1 5.75176E-1 5.63614E-1 5.40088E-1 5.30223E-1 5.42609E-1 5.47217E-1 5.44188E-1 5.46854E-1 5.58825E-1 5.65112E-1 5.60231E-1 5.61873E-1 5.8726E-1 5.97097E-1 5.86106E-1 5.93312E-1 5.95904E-1 6.03926E-1 6.18372E-1 6.40273E-1 6.36549E-1 6.47287E-1 6.47657E-1
4.78083E-1 4.95272E-1 5.06221E-1 5.21702E-1 5.25881E-1 5.1544E-1 4.91091E-1 4.70797E-1 4.53046E-1 4.50326E-1 4.52806E-1 4.63994E-1 4.66635E-1 4.62918E-1 4.55639E-1 4.52935E-1 4.45127E-1 4.49999E-1 4.36192E-1 4.18036E-1 4.34598E-1 4.52655E-1 5.0719E-1 4.83764E-1 4.90088E-1 4.78461E-1 4.66945E-1 4.68296E-1 4.69266E-1 4.64906E-1 4.614E-1 4.86677E-1 5.22567E-1 5.12144E-1 5.18383E-1 5.28089E-1 5.27859E-1 5.27254E-1 5.43043E-1 5.7112E-1 5.57201E-1 5.49168E-1 5.50237E-1 5.61559E-1 5.65775E-1 5.56922E-1 5.52334E-1 5.71588E-1 5.87727E-1 5.77171E-1 5.80515E-1 5.97125E-1 6.08833E-1 6.07162E-1 6.15777E-1 6.2493E-1 6.34326E-1 6.4865E-1 6.60132E-1 6.61704E-1 6.65169E-1
4.93901E-1 5.08063E-1 5.05594E-1 5.23852E-1 5.31717E-1 5.24876E-1 4.94173E-1 4.79052E-1 4.65931E-1 4.67183E-1 4.67928E-1 4.73943E-1 4.86105E-1 4.93517E-1 4.83443E-1 4.802E-1 4.63066E-1 4.47626E-1 4.30562E-1 4.56329E-1 4.74726E-1 4.94271E-1 4.94193E-1 4.75298E-1 4.70083E-1 4.71922E-1 4.76426E-1 4.91519E-1 5.07254E-1 5.02157E-1 5.04797E-1 5.05602E-1 5.07897E-1 5.16085E-1 5.22494E-1 5.29434E-1 5.34246E-1 5.48944E-1 5.57094E-1 5.68351E-1 5.75754E-1 5.66104E-1 5.59441E-1 5.5085E-1 5.51014E-1 5.57109E-1 5.72252E-1 6.11617E-1 6.22618E-1 6.14711E-1 6.0758E-1 6.09732E-1 6.26286E-1 6.17822E-1 6.30315E-1 6.30359E-1 6.41243E-1 6.48983E-1 6.65642E-1 6.80166E-1 6.82057E-1
5.06397E-1 5.16529E-1 5.2009E-1 5.28765E-1 5.39267E-1 5.22904E-1 5.03084E-1 4.88044E-1 4.77427E-1 4.84062E-1 4.81002E-1 4.95313E-1 4.98867E-1 5.02302E-1 4.95052E-1 4.89683E-1 4.80909E-1 4.4196E-1 4.62103E-1 5.01619E-1 4.94228E-1 4.79647E-1 4.74712E-1 4.5017E-1 4.53707E-1 4.47668E-1 4.55654E-1 4.68551E-1 5.02952E-1 5.41507E-1 5.4062E-1 5.41339E-1 5.20614E-1 5.12403E-1 5.22793E-1 5.49506E-1 5.3687E-1 5.44272E-1 5.59076E-1 5.64246E-1 5.90902E-1 5.92816E-1 5.58066E-1 5.51766E-1 5.48002E-1 5.49842E-1 5.56512E-1 5.68019E-1 5.9437E-1 6.24236E-1 6.30213E-1 6.2185E-1 6.39002E-1 6.35335E-1 6.34592E-1 6.35828E-1 6.48947E-1 6.60895E-1 6.71709E-1 6.94391E-1 6.96421E-1
5.20213E-1 5.17604E-1 5.30206E-1 5.44269E-1 5.43217E-1 5.4685E-1 5.19761E-1 5.03493E-1 4.92096E-1 4.96278E-1 4.89056E-1 5.03808E-1 5.14957E-1 5.11736E-1 5.0293E-1 5.03756E-1 4.63303E-1 4.76963E-1 4.91618E-1 5.05662E-1 4.99834E-1 4.81924E-1 4.57695E-1 4.48992E-1 4.44727E-1 4.40841E-1 4.58233E-1 4.74058E-1 5.15484E-1 5.54841E-1 5.55041E-1 5.45314E-1 5.30186E-1 5.27827E-1 5.28583E-1 5.39889E-1 5.47454E-1 5.40633E-1 5.53528E-1 5.65456E-1 5.68797E-1 5.79765E-1 6.09074E-1 5.59597E-1 5.45498E-1 5.47414E-1 5.63049E-1 5.77257E-1 5.92478E-1 6.08534E-1 6.35204E-1 6.47282E-1 6.55311E-1 6.35543E-1 6.39112E-1 6.46216E-1 6.55977E-1 6.71407E-1 6.86307E-1 7.00432E-1 7.24489E-1
5.11746E-1 5.19847E-1 5.46297E-1 5.61742E-1 5.69148E-1 5.87873E-1 5.39192E-1 5.15388E-1 5.0381E-1 5.09621E-1 5.13371E-1 5.09342E-1 5.29781E-1 5.12605E-1 5.20141E-1 5.42942E-1 4.97968E-1 5.02164E-1 5.37453E-1 5.2194E-1 5.03171E-1 4.8954E-1 4.70556E-1 4.57543E-1 4.52099E-1 4.6563E-1 4.72304E-1 4.91484E-1 4.95646E-1 5.33046E-1 5.34611E-1 5.31879E-1 5.4458E-1 5.36245E-1 5.4441E-1 5.51996E-1 5.63729E-1 5.38898E-1 5.55684E-1 5.69148E-1 5.78679E-1 5.74838E-1 5.7466E-1 5.90043E-1 5.6803E-1 5.68444E-1 5.7672E-1 5.92705E-1 6.10273E-1 6.27495E-1 6.39315E-1 6.40795E-1 6.57466E-1 6.90598E-1 6.76252E-1 6.63187E-1 6.71666E-1 6.88066E-1 7.05594E-1 7.26472E-1 7.40772E-1
5.16808E-1 5.21898E-1 5.53782E-1 5.69921E-1 5.69752E-1 5.87558E-1 5.41392E-1 5.25649E-1 5.22009E-1 5.29469E-1 5.53236E-1 5.28757E-1 5.16116E-1 5.12463E-1 5.37554E-1 5.58377E-1 5.1872E-1 5.34184E-1 5.42303E-1 5.22732E-1 4.85418E-1 4.58502E-1 4.78692E-1 4.6844E-1 4.6125E-1 4.83697E-1 5.00718E-1 5.00073E-1 5.03884E-1 5.12075E-1 5.16077E-1 5.30518E-1 5.523E-1 5.49058E-1 5.5371E-1 5.61267E-1 5.79044E-1 5.56699E-1 5.5426E-1 5.62078E-1 5.67675E-1 5.67224E-1 5.7164E-1 6.02728E-1 6.10756E-1 5.84298E-1 5.94425E-1 6.07866E-1 6.31287E-1 6.45307E-1 6.51374E-1 6.49445E-1 6.50961E-1 6.74348E-1 7.49564E-1 7.31019E-1 7.02713E-1 7.12881E-1 7.30189E-1 7.49493E-1 7.77917E-1
5.11632E-1 5.28983E-1 5.56021E-1 5.69658E-1 5.69707E-1 5.7448E-1 5.65847E-1 5.43105E-1 5.44383E-1 5.66377E-1 6.14846E-1 5.68673E-1 5.13098E-1 5.17281E-1 5.19279E-1 5.28388E-1 5.30691E-1 5.4552E-1 5.42515E-1 4.96591E-1 4.72662E-1 4.80381E-1 5.06237E-1 4.76239E-1 4.83582E-1 5.12861E-1 5.09714E-1 4.99004E-1 5.06301E-1 5.10598E-1 5.16695E-1 5.28612E-1 5.47764E-1 5.6381E-1 5.67838E-1 5.82386E-1 5.92966E-1 5.70148E-1 5.66311E-1 5.74252E-1 5.81597E-1 5.83391E-1 5.8412E-1 5.90971E-1 6.12023E-1 6.21638E-1 6.23785E-1 6.30926E-1 6.42864E-1 6.58202E-1 6.63635E-1 6.57503E-1 6.64523E-1 6.7452E-1 6.82835E-1 7.80217E-1 7.30601E-1 7.49664E-1 7.73864E-1 7.87843E-1 8.15767E-1
5.20381E-1 5.31368E-1 5.43692E-1 5.63906E-1 5.76567E-1 5.83573E-1 5.86914E-1 5.74993E-1 5.64067E-1 5.88471E-1 6.10333E-1 5.67466E-1 5.39976E-1 5.37155E-1 5.25775E-1 5.21695E-1 5.43955E-1 5.44073E-1 5.17735E-1 5.05411E-1 5.11086E-1 5.02216E-1 5.1183E-1 5.05724E-1 5.27905E-1 5.57833E-1 5.16639E-1 5.0389E-1 5.14347E-1 5.11544E-1 5.1262E-1 5.27117E-1 5.56714E-1 5.88293E-1 5.72459E-1 5.87866E-1 6.12242E-1 5.86411E-1 5.8718E-1 5.86644E-1 6.0147E-1 6.07012E-1 6.03057E-1 6.11765E-1 6.17436E-1 6.33619E-1 6.46874E-1 6.50756E-1 6.60511E-1 6.67778E-1 6.73632E-1 6.75934E-1 6.83945E-1 6.94198E-1 7.08793E-1 7.2008E-1 7.49263E-1 7.66969E-1 7.99126E-1 8.25154E-1 8.23967E-1
5.43763E-1 5.47367E-1 5.5393E-1 5.44666E-1 5.69257E-1 5.87769E-1 6.03028E-1 5.97213E-1 5.94089E-1 6.18021E-1 5.84938E-1 5.71815E-1 5.69813E-1 5.57574E-1 5.3753E-1 5.29061E-1 5.47804E-1 5.60116E-1 5.41587E-1 5.2569E-1 5.56103E-1 5.3547E-1 5.23211E-1 5.18152E-1 5.46519E-1 5.37729E-1 5.1521E-1 5.09748E-1 5.22545E-1 5.28742E-1 5.27132E-1 5.32896E-1 5.57409E-1 6.03631E-1 6.00655E-1 5.88181E-1 6.031E-1 6.12629E-1 6.0015E-1 5.9178E-1 6.061E-1 6.28229E-1 6.28237E-1 6.34439E-1 6.30457E-1 6.46778E-1 6.64993E-1 6.76708E-1 6.78296E-1 6.84436E-1 6.97225E-1 6.93303E-1 7.0561E-1 7.29057E-1 7.44558E-1 7.59109E-1 7.88632E-1 8.091E-1 8.40667E-1 -9999 -9999
5.65427E-1 5.67318E-1 5.51324E-1 5.56303E-1 5.70278E-1 5.91323E-1 6.11525E-1 6.29153E-1 6.33254E-1 6.26217E-1 6.00912E-1 5.76733E-1 5.8853E-1 5.67994E-1 5.67287E-1 5.58508E-1 5.56386E-1 5.76851E-1 5.68175E-1 5.6295E-1 6.20781E-1 5.61119E-1 5.32988E-1 5.29434E-1 5.42389E-1 5.51928E-1 5.34347E-1 5.26485E-1 5.37567E-1 5.55444E-1 5.58858E-1 5.54283E-1 5.63534E-1 6.0773E-1 6.18897E-1 5.94123E-1 5.98818E-1 6.06929E-1 6.10252E-1 6.04908E-1 6.13049E-1 6.24823E-1 6.40715E-1 6.54797E-1 6.57331E-1 6.5995E-1 6.7675E-1 7.00853E-1 6.93094E-1 6.95416E-1 7.11113E-1 7.25257E-1 7.42982E-1 7.62591E-1 7.71142E-1 7.86141E-1 8.29688E-1 8.41626E-1 -9999 -9999 -9999
5.63693E-1 5.61079E-1 5.64708E-1 5.79428E-1 5.88463E-1 6.02992E-1 6.15523E-1 6.26915E-1 6.42872E-1 6.48222E-1 6.43089E-1 6.10663E-1 6.04578E-1 5.963E-1 5.94783E-1 5.88607E-1 5.83066E-1 5.99153E-1 6.28831E-1 5.91235E-1 5.94521E-1 5.81188E-1 5.72401E-1 5.70285E-1 5.53494E-1 5.74987E-1 5.78173E-1 5.64691E-1 5.5858E-1 5.50606E-1 5.60538E-1 5.7588E-1 5.70753E-1 6.03539E-1 6.24387E-1 5.90701E-1 5.95187E-1 6.07229E-1 6.22292E-1 6.16679E-1 6.24625E-1 6.35055E-1 6.47902E-1 6.62501E-1 6.7092E-1 6.83853E-1 6.87073E-1 7.01554E-1 7.1623E-1 7.13303E-1 7.38271E-1 7.68935E-1 7.98239E-1 8.13861E-1 8.28963E-1 8.17649E-1 8.46999E-1 -9999 -9999 -9999 -9999
5.79382E-1 5.84357E-1 5.88561E-1 6.11455E-1 5.9449E-1 6.06877E-1 6.15439E-1 6.28879E-1 6.33388E-1 6.22423E-1 6.14572E-1 6.2462E-1 6.23771E-1 6.43759E-1 6.43856E-1 6.34224E-1 6.36911E-1 6.59211E-1 6.81129E-1 6.37483E-1 6.28199E-1 6.21542E-1 6.09166E-1 5.90067E-1 5.77691E-1 5.89832E-1 6.10163E-1 5.87492E-1 5.58109E-1 5.49241E-1 5.59959E-1 5.8363E-1 5.85708E-1 6.03956E-1 6.1596E-1 6.18796E-1 6.17379E-1 6.24345E-1 6.30791E-1 6.37169E-1 6.38907E-1 6.53163E-1 6.67505E-1 6.84778E-1 6.91871E-1 7.02654E-1 7.04404E-1 7.13758E-1 7.29823E-1 7.52083E-1 7.75266E-1 8.12884E-1 8.21621E-1 8.49281E-1 8.50276E-1 -9999 -9999 -9999 -9999 -9999 -9999
5.92623E-1 5.94555E-1 5.98424E-1 5.98436E-1 5.85953E-1 6.02707E-1 6.17554E-1 6.32369E-1 6.36256E-1 6.15107E-1 6.0812E-1 6.15579E-1 6.33701E-1 6.44522E-1 6.29785E-1 6.37267E-1 6.36887E-1 6.42404E-1 6.43115E-1 6.35925E-1 6.33749E-1 6.29684E-1 6.17552E-1 6.07346E-1 5.95959E-1 5.93076E-1 6.04258E-1 5.67254E-1 5.47919E-1 5.5434E-1 5.74604E-1 6.01483E-1 6.07228E-1 6.07646E-1 6.28307E-1 6.44031E-1 6.37919E-1 6.37296E-1 6.32637E-1 6.46794E-1 6.57083E-1 6.71336E-1 6.88626E-1 6.96377E-1 7.10291E-1 7.12445E-1 7.22994E-1 7.32767E-1 7.44504E-1 7.78221E-1 7.97238E-1 8.30797E-1 8.46902E-1 8.60274E-1 -9999 -9999 -9999 -9999 -9999 -9999 -9999
6.09548E-1 5.99697E-1 6.0712E-1 6.07711E-1 5.96971E-1 6.01834E-1 6.27158E-1 6.42458E-1 6.18591E-1 6.05711E-1 6.15659E-1 6.38346E-1 6.55201E-1 6.30484E-1 6.30096E-1 6.24615E-1 6.30758E-1 6.29474E-1 6.2898E-1 6.2915E-1 6.25342E-1 6.25097E-1 6.06832E-1 6.14389E-1 6.15272E-1 6.21403E-1 5.89662E-1 5.67691E-1 5.69168E-1 5.69265E-1 5.99102E-1 6.11125E-1 6.25668E-1 6.20682E-1 6.2534E-1 6.42467E-1 6.49016E-1 6.48631E-1 6.53643E-1 6.57725E-1 6.75572E-1 6.82157E-1 6.99145E-1 7.07504E-1 7.23014E-1 7.38225E-1 7.41841E-1 7.58631E-1 7.76986E-1 8.02369E-1 8.27559E-1 8.40094E-1 -9999 -9999 -9999 -9999 -9999 -9999 -9999 -9999 -9999
6.28693E-1 6.18679E-1 6.08536E-1 6.19013E-1 6.16325E-1 6.25685E-1 6.30581E-1 6.42174E-1 6.18087E-1 6.05769E-1 6.28231E-1 6.45311E-1 6.23631E-1 6.28651E-1 6.2671E-1 6.13968E-1 6.06832E-1 6.13197E-1 6.21824E-1 6.3166E-1 6.3451E-1 6.2963E-1 6.19574E-1 6.12939E-1 6.23471E-1 6.38124E-1 5.93524E-1 5.8425E-1 5.96482E-1 6.16764E-1 6.25386E-1 6.32009E-1 6.42079E-1 6.30341E-1 6.27941E-1 6.38128E-1 6.57431E-1 6.56577E-1 6.63831E-1 6.79745E-1 6.9337E-1 6.98929E-1 7.18139E-1 7.34447E-1 7.35444E-1 7.47892E-1 7.70086E-1 7.85896E-1 8.09292E-1 8.33193E-1 8.5532E-1 -9999 -9999 -9999 -9999 -9999 -9999 -9999 -9999 -9999 -9999
6.51489E-1 6.54234E-1 6.30476E-1 6.26021E-1 6.30534E-1 6.24685E-1 6.4562E-1 6.50788E-1 6.27158E-1 6.17589E-1 6.39768E-1 6.49145E-1 6.40385E-1 6.21141E-1 6.23505E-1 6.25201E-1 6.3156E-1 6.36728E-1 6.45741E-1 6.52269E-1 6.51835E-1 6.49279E-1 6.3396E-1 6.21345E-1 6.31255E-1 6.62663E-1 6.11976E-1 6.18612E-1 6.34034E-1 6.45131E-1 6.49307E-1 6.52083E-1 6.48951E-1 6.33083E-1 6.48623E-1 6.56654E-1 6.69122E-1 6.73899E-1 6.82627E-1 6.81336E-1 6.88411E-1 7.04542E-1 7.08306E-1 7.25298E-1 7.62732E-1 7.58416E-1 7.7347E-1 8.09804E-1 8.3758E-1 8.45719E-1 -9999 -9999 -9999 -9999 -9999 -9999 -9999 -9999 -9999 -9999 -9999
6.71769E-1 6.6268E-1 6.45169E-1 6.38092E-1 6.48068E-1 6.42218E-1 6.52835E-1 6.69992E-1 6.59913E-1 6.43964E-1 6.70627E-1 6.5273E-1 6.37129E-1 6.23286E-1 6.32464E-1 6.45543E-1 6.50946E-1 6.54987E-1 6.65698E-1 6.77038E-1 6.75954E-1 6.61323E-1 6.47847E-1 6.37738E-1 6.31075E-1 6.55899E-1 6.40725E-1 6.47864E-1 6.567E-1 6.62659E-1 6.74198E-1 6.77019E-1 6.57356E-1 6.53599E-1 6.69437E-1 6.76873E-1 6.81881E-1 6.76628E-1 6.82756E-1 6.90485E-1 6.99962E-1 7.19101E-1 7.31575E-1 7.39389E-1 7.53229E-1 7.84573E-1 7.89832E-1 8.23033E-1 8.58997E-1 8.60764E-1 -9999 -9999 -9999 -9999 -9999 -9999 -9999 -9999 -9999 -9999 -9999
