maxent_outputs/bumblebees/bombus_219.asc
ncols         426
nrows         180
xllcorner     -130.0
yllcorner     24.0
cellsize      0.16666666666666666
NODATA_value  -9999
[rows 27 to 53 of 180, columns 122 to 182 of 426]
4.29847E-1 4.33241E-1 4.33612E-1 4.41191E-1 4.54276E-1 4.49199E-1 4.34348E-1 4.32317E-1 4.26203E-1 4.18268E-1 4.12623E-1 4.08906E-1 4.13907E-1 4.31466E-1 4.35942E-1 4.29669E-1 4.27021E-1 4.18961E-1 4.23097E-1 4.29126E-1 4.33501E-1 4.3448E-1 4.321E-1 4.32982E-1 4.20411E-1 4.36958E-1 4.02345E-1 4.0458E-1 4.32859E-1 4.57615E-1 4.63571E-1 4.69341E-1 4.68861E-1 4.56264E-1 4.49204E-1 4.44436E-1 4.43211E-1 4.46039E-1 4.44392E-1 4.42009E-1 4.36881E-1 4.36811E-1 4.35498E-1 4.37462E-1 4.37336E-1 4.35477E-1 4.34779E-1 4.36348E-1 4.42579E-1 4.47887E-1 4.47594E-1 4.43379E-1 4.40371E-1 4.4522E-1 4.57095E-1 4.60238E-1 4.54253E-1 4.51657E-1 4.50545E-1 4.47232E-1 4.469E-1
4.10446E-1 4.1774E-1 4.23657E-1 4.29319E-1 4.40358E-1 4.34186E-1 4.23395E-1 4.16074E-1 4.14986E-1 4.14567E-1 4.07273E-1 4.0653E-1 4.03938E-1 4.07992E-1 4.13002E-1 4.20686E-1 4.20635E-1 4.22035E-1 4.23619E-1 4.28925E-1 4.34605E-1 4.29722E-1 4.25709E-1 4.3542E-1 4.41112E-1 4.0529E-1 3.84008E-1 3.78257E-1 4.06358E-1 4.15627E-1 4.42482E-1 4.50398E-1 4.51402E-1 4.4882E-1 4.45736E-1 4.40567E-1 4.4031E-1 4.39114E-1 4.41102E-1 4.37835E-1 4.39551E-1 4.36956E-1 4.37425E-1 4.35191E-1 4.36486E-1 4.36722E-1 4.37057E-1 4.38898E-1 4.42159E-1 4.49669E-1 4.41671E-1 4.352E-1 4.33654E-1 4.39835E-1 4.45917E-1 4.51044E-1 4.53574E-1 4.5147E-1 4.47891E-1 4.48546E-1 4.49217E-1
4.04594E-1 4.09284E-1 4.10864E-1 4.20765E-1 4.36654E-1 4.32091E-1 4.25845E-1 4.1739E-1 4.14525E-1 4.07704E-1 4.08139E-1 4.08747E-1 4.01922E-1 4.00114E-1 4.05461E-1 4.01715E-1 3.98202E-1 3.97181E-1 4.02484E-1 4.10762E-1 4.21315E-1 4.21906E-1 4.12653E-1 3.88169E-1 4.13828E-1 4.27374E-1 4.46418E-1 4.03953E-1 3.75427E-1 4.01585E-1 4.03664E-1 4.12249E-1 4.2392E-1 4.3288E-1 4.33939E-1 4.36152E-1 4.38583E-1 4.34909E-1 4.3602E-1 4.37698E-1 4.36434E-1 4.3422E-1 4.35665E-1 4.34441E-1 4.34909E-1 4.37165E-1 4.34814E-1 4.32137E-1 4.26427E-1 4.36313E-1 4.33326E-1 4.29939E-1 4.27773E-1 4.31669E-1 4.38291E-1 4.48819E-1 4.5559E-1 4.62163E-1 4.57417E-1 4.51851E-1 4.45923E-1
4.14637E-1 4.08675E-1 4.08479E-1 4.16783E-1 4.3113E-1 4.35521E-1 4.31367E-1 4.23657E-1 4.20032E-1 4.15152E-1 4.0979E-1 4.08164E-1 4.00858E-1 4.07907E-1 4.0805E-1 4.01077E-1 3.96653E-1 3.97697E-1 4.04592E-1 4.18976E-1 4.1509E-1 4.09248E-1 3.94708E-1 3.94907E-1 3.79384E-1 4.01093E-1 4.18825E-1 3.74428E-1 3.57292E-1 4.28729E-1 4.30317E-1 4.21916E-1 4.18642E-1 4.26227E-1 4.2579E-1 4.28408E-1 4.30073E-1 4.32866E-1 4.31995E-1 4.39032E-1 4.39751E-1 4.36071E-1 4.37311E-1 4.35333E-1 4.32187E-1 4.33524E-1 4.30189E-1 4.29391E-1 4.26023E-1 4.28986E-1 4.29691E-1 4.24344E-1 4.25519E-1 4.26341E-1 4.27348E-1 4.3996E-1 4.48013E-1 4.49759E-1 4.50393E-1 4.50472E-1 4.43517E-1
4.31528E-1 4.25917E-1 4.2258E-1 4.23934E-1 4.30356E-1 4.34874E-1 4.33207E-1 4.28063E-1 4.24321E-1 4.19778E-1 4.16664E-1 4.09759E-1 3.99824E-1 4.00459E-1 4.04072E-1 4.00868E-1 3.99492E-1 4.03874E-1 4.05555E-1 4.08444E-1 4.13244E-1 4.04884E-1 3.93158E-1 3.87598E-1 3.58212E-1 3.53686E-1 3.94845E-1 3.97884E-1 3.57963E-1 3.77435E-1 3.96731E-1 4.12303E-1 4.22405E-1 4.2674E-1 4.26378E-1 4.27606E-1 4.25194E-1 4.27642E-1 4.34189E-1 4.35627E-1 4.3399E-1 4.32636E-1 4.32583E-1 4.34659E-1 4.30981E-1 4.32001E-1 4.2976E-1 4.24915E-1 4.26781E-1 4.26713E-1 4.29316E-1 4.24678E-1 4.2591E-1 4.25616E-1 4.25839E-1 4.25891E-1 4.2785E-1 4.29655E-1 4.29057E-1 4.33766E-1 4.35358E-1
4.40112E-1 4.39423E-1 4.38998E-1 4.34195E-1 4.30469E-1 4.28299E-1 4.24749E-1 4.23744E-1 4.18332E-1 4.1481E-1 4.10998E-1 4.06847E-1 3.98609E-1 3.98164E-1 3.99258E-1 4.04204E-1 4.05626E-1 4.10922E-1 4.06659E-1 4.02848E-1 4.03497E-1 4.01195E-1 3.97745E-1 3.92766E-1 3.70048E-1 4.00883E-1 3.95953E-1 4.02047E-1 3.8535E-1 3.7698E-1 3.96663E-1 4.11976E-1 4.21707E-1 4.27096E-1 4.30211E-1 4.31469E-1 4.29795E-1 4.25474E-1 4.27885E-1 4.31908E-1 4.26344E-1 4.24312E-1 4.21861E-1 4.26555E-1 4.28711E-1 4.30396E-1 4.28937E-1 4.26657E-1 4.26952E-1 4.30556E-1 4.30372E-1 4.24798E-1 4.22289E-1 4.26822E-1 4.28538E-1 4.28046E-1 4.26361E-1 4.26396E-1 4.2779E-1 4.34935E-1 4.34194E-1
4.6437E-1 4.64505E-1 4.59889E-1 4.56793E-1 4.44742E-1 4.34393E-1 4.23511E-1 4.21569E-1 4.16417E-1 4.12559E-1 4.11585E-1 4.06037E-1 4.04834E-1 4.128E-1 4.09708E-1 4.11095E-1 4.07276E-1 4.0554E-1 4.07092E-1 4.08415E-1 4.08074E-1 4.09044E-1 4.01532E-1 3.87473E-1 3.59762E-1 3.63346E-1 4.0696E-1 3.7819E-1 3.60558E-1 3.90802E-1 4.03985E-1 4.09771E-1 4.16853E-1 4.24311E-1 4.29686E-1 4.33646E-1 4.31257E-1 4.26015E-1 4.24503E-1 4.22996E-1 4.234E-1 4.19555E-1 4.21597E-1 4.20306E-1 4.19845E-1 4.21827E-1 4.25959E-1 4.22795E-1 4.19075E-1 4.26983E-1 4.29017E-1 4.27738E-1 4.20749E-1 4.19771E-1 4.25756E-1 4.32416E-1 4.36333E-1 4.27802E-1 4.24761E-1 4.29116E-1 4.3503E-1
4.78424E-1 4.79288E-1 4.75557E-1 4.7822E-1 4.60238E-1 4.49713E-1 4.3733E-1 4.28134E-1 4.21022E-1 4.17436E-1 4.11674E-1 4.15405E-1 4.17451E-1 4.19607E-1 4.18678E-1 4.19472E-1 4.12597E-1 4.06647E-1 4.0809E-1 4.08069E-1 4.06638E-1 4.06915E-1 4.0401E-1 3.99065E-1 3.99422E-1 4.05005E-1 4.09101E-1 4.09948E-1 3.97395E-1 4.04558E-1 4.09332E-1 4.07155E-1 4.16474E-1 4.21129E-1 4.26793E-1 4.29244E-1 4.25449E-1 4.22958E-1 4.22113E-1 4.18297E-1 4.14657E-1 4.13623E-1 4.19033E-1 4.17945E-1 4.17138E-1 4.15319E-1 4.16176E-1 4.20974E-1 4.22656E-1 4.27547E-1 4.35872E-1 4.31342E-1 4.21879E-1 4.22795E-1 4.25139E-1 4.28848E-1 4.299E-1 4.27806E-1 4.24978E-1 4.30116E-1 4.34344E-1
4.63323E-1 4.67449E-1 4.57245E-1 4.49057E-1 4.44736E-1 4.48745E-1 4.57973E-1 4.50299E-1 4.3312E-1 4.27237E-1 4.1532E-1 4.14067E-1 4.12473E-1 4.15847E-1 4.22297E-1 4.19535E-1 4.14904E-1 4.09477E-1 4.08997E-1 4.09736E-1 4.05292E-1 4.03419E-1 4.01973E-1 4.00103E-1 4.05794E-1 4.06811E-1 4.07267E-1 4.02425E-1 4.09785E-1 4.1042E-1 4.09328E-1 4.13662E-1 4.16636E-1 4.1525E-1 4.19201E-1 4.27153E-1 4.25133E-1 4.26908E-1 4.26719E-1 4.22892E-1 4.27232E-1 4.2173E-1 4.20198E-1 4.12591E-1 4.11495E-1 4.09602E-1 4.15749E-1 4.11922E-1 4.18815E-1 4.28815E-1 4.32245E-1 4.2897E-1 4.25822E-1 4.24389E-1 4.27005E-1 4.28686E-1 4.31261E-1 4.30221E-1 4.28634E-1 4.24088E-1 4.25791E-1
4.33578E-1 4.36157E-1 4.45983E-1 4.45516E-1 4.44089E-1 4.50117E-1 4.70808E-1 4.60602E-1 4.42574E-1 4.32705E-1 4.2422E-1 4.19111E-1 4.22187E-1 4.25656E-1 4.32679E-1 4.29839E-1 4.22118E-1 4.22554E-1 4.34198E-1 4.35151E-1 4.183E-1 4.11232E-1 3.99837E-1 3.97412E-1 3.97528E-1 4.08733E-1 3.99759E-1 4.09311E-1 4.17349E-1 4.20402E-1 4.1681E-1 4.13324E-1 4.14791E-1 4.12371E-1 4.18142E-1 4.12915E-1 4.13025E-1 4.13263E-1 4.06998E-1 4.07964E-1 4.10695E-1 4.16785E-1 4.22189E-1 4.2702E-1 4.2167E-1 4.12343E-1 4.15546E-1 4.16916E-1 4.16775E-1 4.19038E-1 4.27908E-1 4.27091E-1 4.26792E-1 4.24359E-1 4.2416E-1 4.24789E-1 4.20467E-1 4.2412E-1 4.19113E-1 4.18134E-1 4.20696E-1
4.32667E-1 4.41017E-1 4.44262E-1 4.40855E-1 4.39628E-1 4.35018E-1 4.32232E-1 4.34084E-1 4.32116E-1 4.23969E-1 4.27327E-1 4.22463E-1 4.30209E-1 4.40663E-1 4.38435E-1 4.38261E-1 4.40573E-1 4.39021E-1 4.34129E-1 4.24319E-1 4.15061E-1 4.07836E-1 4.02209E-1 3.99491E-1 4.08663E-1 4.12017E-1 4.02036E-1 4.09632E-1 4.17937E-1 4.21508E-1 4.18611E-1 4.13859E-1 4.06714E-1 4.14148E-1 3.9147E-1 4.02464E-1 4.07916E-1 4.08988E-1 4.07265E-1 4.06705E-1 4.09021E-1 4.11633E-1 4.22444E-1 4.26081E-1 4.31886E-1 4.09791E-1 4.1083E-1 4.12457E-1 4.12408E-1 4.14574E-1 4.17527E-1 4.15222E-1 4.10413E-1 4.17144E-1 4.22496E-1 4.1999E-1 4.16348E-1 4.10089E-1 4.10745E-1 4.1434E-1 4.17065E-1
4.41968E-1 4.39155E-1 4.29066E-1 4.34951E-1 4.34178E-1 4.3288E-1 4.28895E-1 4.29051E-1 4.27259E-1 4.27419E-1 4.26437E-1 4.35445E-1 4.44406E-1 4.44227E-1 4.38928E-1 4.41073E-1 4.39293E-1 4.31904E-1 4.22125E-1 4.16439E-1 4.11102E-1 4.03157E-1 4.02962E-1 4.03768E-1 4.0897E-1 4.0433E-1 3.99139E-1 4.24919E-1 4.21561E-1 4.26116E-1 4.2119E-1 4.13462E-1 4.07052E-1 3.81772E-1 3.77085E-1 3.91867E-1 4.03832E-1 4.10958E-1 4.09272E-1 4.12223E-1 4.17901E-1 4.14688E-1 4.15416E-1 4.21506E-1 4.31401E-1 4.26886E-1 4.16694E-1 4.15769E-1 4.2422E-1 4.28498E-1 4.25241E-1 4.17082E-1 4.08491E-1 4.08802E-1 4.13832E-1 4.13165E-1 4.12058E-1 4.09741E-1 4.10466E-1 4.10863E-1 4.12629E-1
4.49035E-1 4.51116E-1 4.50346E-1 4.45811E-1 4.38337E-1 4.32378E-1 4.21003E-1 4.21267E-1 4.25866E-1 4.29835E-1 4.28797E-1 4.29671E-1 4.29483E-1 4.29288E-1 4.204E-1 4.22152E-1 4.22323E-1 4.15054E-1 4.1137E-1 4.10456E-1 4.08104E-1 4.03781E-1 3.98455E-1 4.00194E-1 4.0104E-1 4.07659E-1 4.19083E-1 4.19923E-1 4.27149E-1 4.29245E-1 4.00222E-1 4.04885E-1 3.98327E-1 3.88344E-1 3.94855E-1 4.07337E-1 4.09961E-1 4.06943E-1 4.02511E-1 4.04172E-1 4.09931E-1 4.10775E-1 4.0983E-1 4.12175E-1 4.13748E-1 4.13939E-1 4.18866E-1 4.18265E-1 4.10623E-1 4.11681E-1 4.08878E-1 4.0899E-1 4.09027E-1 4.13351E-1 4.11189E-1 4.09107E-1 4.10631E-1 4.10285E-1 4.10465E-1 4.08127E-1 4.08996E-1
4.54367E-1 4.59346E-1 4.66823E-1 4.65575E-1 4.46708E-1 4.34161E-1 4.24265E-1 4.23332E-1 4.27018E-1 4.30507E-1 4.29448E-1 4.26308E-1 4.26904E-1 4.30025E-1 4.24101E-1 4.20916E-1 4.21245E-1 4.16822E-1 4.1667E-1 4.1474E-1 4.05267E-1 4.01598E-1 4.01342E-1 4.00228E-1 4.05443E-1 4.13297E-1 4.18111E-1 4.26475E-1 3.89048E-1 3.16713E-1 3.726E-1 3.94145E-1 3.77347E-1 4.06336E-1 4.06992E-1 4.0721E-1 4.07991E-1 4.07451E-1 4.03806E-1 4.05964E-1 4.09046E-1 4.10315E-1 4.12529E-1 4.13068E-1 4.1479E-1 4.16915E-1 4.14234E-1 4.14754E-1 4.17232E-1 4.19977E-1 4.24069E-1 4.20547E-1 4.2029E-1 4.20535E-1 4.16249E-1 4.15922E-1 4.09523E-1 4.05342E-1 4.06922E-1 4.05057E-1 4.04992E-1
4.48864E-1 4.51235E-1 4.69178E-1 4.52775E-1 4.41255E-1 4.33584E-1 4.31915E-1 4.1896E-1 4.18242E-1 4.20637E-1 4.25694E-1 4.21838E-1 4.17624E-1 4.28694E-1 4.31225E-1 4.28238E-1 4.30878E-1 4.19596E-1 4.09752E-1 4.06498E-1 4.03168E-1 4.03088E-1 4.01989E-1 4.06856E-1 4.08233E-1 4.14601E-1 4.14491E-1 4.17317E-1 3.56947E-1 3.45265E-1 3.13987E-1 3.95771E-1 4.10446E-1 4.17817E-1 4.11044E-1 4.06643E-1 4.04306E-1 3.99689E-1 3.99389E-1 4.02861E-1 4.10534E-1 4.15245E-1 4.17069E-1 4.14133E-1 4.10236E-1 4.13436E-1 4.1507E-1 4.1672E-1 4.18071E-1 4.2051E-1 4.28247E-1 4.27692E-1 4.27446E-1 4.20731E-1 4.18168E-1 4.16311E-1 4.12269E-1 4.13013E-1 4.06911E-1 4.08303E-1 4.01564E-1
4.65408E-1 4.7322E-1 4.71322E-1 4.68367E-1 4.59545E-1 4.46732E-1 4.37463E-1 4.24083E-1 4.2572E-1 4.26758E-1 4.2009E-1 4.09877E-1 4.11894E-1 4.17616E-1 4.19837E-1 4.23454E-1 4.17137E-1 4.11247E-1 4.09704E-1 4.10584E-1 4.0761E-1 4.05802E-1 4.05526E-1 4.10765E-1 3.81788E-1 3.58835E-1 3.52656E-1 3.80243E-1 3.62442E-1 3.30195E-1 3.00668E-1 3.45412E-1 4.26025E-1 4.14097E-1 4.11364E-1 4.02414E-1 3.98111E-1 3.94823E-1 4.03094E-1 4.05557E-1 4.07866E-1 4.09355E-1 4.17815E-1 4.23229E-1 4.25263E-1 4.25758E-1 4.19601E-1 4.16288E-1 4.1662E-1 4.23013E-1 4.27714E-1 4.27745E-1 4.32931E-1 4.26499E-1 4.19984E-1 4.16919E-1 4.13979E-1 4.1282E-1 4.12282E-1 4.12582E-1 4.03915E-1
4.76853E-1 4.92731E-1 4.92024E-1 4.7494E-1 4.53606E-1 4.35308E-1 4.37772E-1 4.35123E-1 4.39469E-1 4.30828E-1 4.2879E-1 4.21749E-1 4.26976E-1 4.16899E-1 4.08062E-1 4.10535E-1 4.08224E-1 4.02985E-1 4.06384E-1 4.08181E-1 4.06643E-1 4.04367E-1 4.07576E-1 3.97869E-1 3.83787E-1 3.64628E-1 3.5475E-1 3.39243E-1 3.30341E-1 3.43656E-1 3.46498E-1 3.48081E-1 4.23631E-1 4.17789E-1 4.09399E-1 3.97586E-1 3.96717E-1 4.00368E-1 4.07428E-1 4.08539E-1 4.13935E-1 4.14482E-1 4.18524E-1 4.23818E-1 4.21322E-1 4.17054E-1 4.18385E-1 4.17833E-1 4.2214E-1 4.20568E-1 4.27547E-1 4.31771E-1 4.33353E-1 4.36998E-1 4.24787E-1 4.16821E-1 4.11233E-1 4.17196E-1 4.16687E-1 4.17417E-1 4.10803E-1
4.52207E-1 4.55655E-1 4.56415E-1 4.4754E-1 4.38996E-1 4.25688E-1 4.31662E-1 4.37551E-1 4.40574E-1 4.3644E-1 4.37285E-1 4.38843E-1 4.32338E-1 4.17103E-1 4.05737E-1 4.05304E-1 4.06913E-1 4.04005E-1 4.08669E-1 4.12072E-1 4.05129E-1 4.04709E-1 4.05977E-1 3.95995E-1 3.96125E-1 3.8207E-1 3.62448E-1 3.67128E-1 3.36853E-1 3.74352E-1 3.90331E-1 3.71794E-1 4.03027E-1 4.07887E-1 3.88279E-1 3.79493E-1 3.89637E-1 3.91438E-1 4.01093E-1 4.08489E-1 4.07097E-1 4.11194E-1 4.14315E-1 4.20535E-1 4.24506E-1 4.25169E-1 4.20111E-1 4.09579E-1 4.07783E-1 4.16162E-1 4.21297E-1 4.27781E-1 4.2878E-1 4.33978E-1 4.31527E-1 4.13843E-1 4.09894E-1 4.13562E-1 4.17805E-1 4.2014E-1 4.17118E-1
4.47087E-1 4.42251E-1 4.38361E-1 4.39127E-1 4.33957E-1 4.29561E-1 4.34853E-1 4.46895E-1 4.54218E-1 4.53102E-1 4.46291E-1 4.31583E-1 4.29297E-1 4.17476E-1 4.08757E-1 4.107E-1 4.11601E-1 4.1076E-1 4.11018E-1 4.10227E-1 4.1339E-1 4.12068E-1 4.13642E-1 4.14215E-1 4.21208E-1 4.05967E-1 3.79774E-1 4.12443E-1 4.07531E-1 3.7467E-1 3.88698E-1 4.04707E-1 3.91E-1 3.85548E-1 3.7849E-1 3.81105E-1 3.90437E-1 3.92653E-1 4.10292E-1 4.08002E-1 4.12263E-1 4.13458E-1 4.15613E-1 4.17781E-1 4.21079E-1 4.19137E-1 4.18789E-1 4.14337E-1 4.08839E-1 4.18848E-1 4.24153E-1 4.15613E-1 4.16272E-1 4.13214E-1 4.22654E-1 4.11468E-1 4.08499E-1 4.09747E-1 4.1214E-1 4.19026E-1 4.14631E-1
4.46885E-1 4.44164E-1 4.40687E-1 4.3743E-1 4.28681E-1 4.3784E-1 4.47824E-1 4.52178E-1 4.55449E-1 4.47169E-1 4.43298E-1 4.28298E-1 4.33166E-1 4.32598E-1 4.42321E-1 4.32186E-1 4.29366E-1 4.26238E-1 4.21262E-1 4.19121E-1 4.23881E-1 4.2639E-1 4.23246E-1 4.1074E-1 4.01102E-1 3.99951E-1 3.83467E-1 3.9155E-1 4.13784E-1 3.94996E-1 4.16254E-1 4.01157E-1 3.91084E-1 3.86273E-1 3.75643E-1 3.75104E-1 3.98678E-1 4.06589E-1 4.07655E-1 4.08341E-1 4.13665E-1 4.16853E-1 4.19273E-1 4.22435E-1 4.21779E-1 4.18443E-1 4.12534E-1 4.09673E-1 4.01566E-1 3.97514E-1 4.10107E-1 4.09981E-1 4.12417E-1 4.10046E-1 4.19018E-1 4.12434E-1 4.06281E-1 4.02532E-1 4.06401E-1 4.11426E-1 4.11938E-1
4.56611E-1 4.52037E-1 4.48616E-1 4.42811E-1 4.33861E-1 4.2874E-1 4.40606E-1 4.3017E-1 4.35756E-1 4.33646E-1 4.34461E-1 4.36745E-1 4.34387E-1 4.26811E-1 4.3725E-1 4.22848E-1 4.37175E-1 4.32057E-1 4.34538E-1 4.23641E-1 4.27078E-1 4.27259E-1 4.16397E-1 4.20599E-1 4.13586E-1 4.09461E-1 4.0288E-1 3.89547E-1 4.05607E-1 4.10776E-1 4.13165E-1 3.74377E-1 3.81013E-1 3.91751E-1 3.82897E-1 3.80468E-1 3.8438E-1 3.89726E-1 3.99858E-1 4.08567E-1 4.08824E-1 4.17673E-1 4.247E-1 4.23739E-1 4.14668E-1 4.15699E-1 4.05713E-1 4.05738E-1 4.00147E-1 3.96463E-1 4.03265E-1 4.1184E-1 4.17423E-1 4.15512E-1 4.27745E-1 4.07964E-1 4.12897E-1 4.0222E-1 3.98929E-1 4.05479E-1 4.09168E-1
4.68423E-1 4.62725E-1 4.45368E-1 4.33984E-1 4.34507E-1 4.39225E-1 4.44929E-1 4.41119E-1 4.44245E-1 4.44652E-1 4.4497E-1 4.56322E-1 4.36469E-1 4.39416E-1 4.28358E-1 4.22267E-1 4.47979E-1 4.4071E-1 4.37146E-1 4.25779E-1 4.33794E-1 4.29059E-1 4.2153E-1 4.24012E-1 4.23954E-1 4.21843E-1 4.26075E-1 4.14803E-1 4.03321E-1 4.23734E-1 3.97927E-1 4.00897E-1 3.92397E-1 3.81943E-1 3.79176E-1 3.8795E-1 3.93273E-1 3.98496E-1 3.99654E-1 4.00255E-1 4.05945E-1 4.06431E-1 4.10474E-1 4.16852E-1 4.16091E-1 4.18085E-1 4.17401E-1 4.10946E-1 4.00906E-1 4.03715E-1 4.09272E-1 4.09511E-1 4.08623E-1 4.08803E-1 4.21934E-1 4.25899E-1 4.09596E-1 4.02755E-1 4.01836E-1 4.06837E-1 4.06327E-1
4.57756E-1 4.47619E-1 4.47029E-1 4.41123E-1 4.42725E-1 4.47692E-1 4.50086E-1 4.43587E-1 4.44294E-1 4.52877E-1 4.34713E-1 4.35979E-1 4.27886E-1 4.34316E-1 4.32331E-1 4.33497E-1 4.52696E-1 4.37388E-1 4.40169E-1 4.35185E-1 4.38849E-1 4.43675E-1 4.4897E-1 4.2775E-1 4.3192E-1 4.2185E-1 4.29489E-1 4.15792E-1 4.18286E-1 4.25234E-1 4.08419E-1 4.02938E-1 4.17353E-1 4.0064E-1 3.94028E-1 3.93888E-1 4.07383E-1 4.06324E-1 4.05185E-1 4.11544E-1 4.04982E-1 4.08109E-1 4.15322E-1 4.17746E-1 4.17727E-1 4.09489E-1 4.03611E-1 4.02301E-1 3.97955E-1 3.99865E-1 4.07577E-1 4.125E-1 4.12143E-1 4.14759E-1 4.13312E-1 4.21014E-1 4.19649E-1 4.1077E-1 4.06324E-1 4.12398E-1 4.14006E-1
4.59936E-1 4.46675E-1 4.45131E-1 4.48072E-1 4.49155E-1 4.47758E-1 4.50477E-1 4.36363E-1 4.49264E-1 4.49982E-1 4.48086E-1 4.38543E-1 4.35437E-1 4.33951E-1 4.39364E-1 4.36981E-1 4.31168E-1 4.36941E-1 4.54734E-1 4.5306E-1 4.25123E-1 4.28396E-1 4.40711E-1 4.28793E-1 4.23282E-1 4.24756E-1 4.29411E-1 4.28556E-1 4.20779E-1 4.26784E-1 4.24549E-1 4.27162E-1 4.14199E-1 4.15433E-1 4.1371E-1 4.12186E-1 4.06609E-1 3.99384E-1 4.086E-1 4.18988E-1 4.13386E-1 4.1405E-1 4.18141E-1 4.22893E-1 4.21046E-1 4.17382E-1 4.08328E-1 4.05341E-1 4.0354E-1 4.07381E-1 4.11996E-1 4.1319E-1 4.16902E-1 4.1954E-1 4.21379E-1 4.28981E-1 4.15583E-1 4.12591E-1 4.13254E-1 4.17153E-1 4.14917E-1
4.76519E-1 4.5926E-1 4.50723E-1 4.47962E-1 4.49596E-1 4.46577E-1 4.4993E-1 4.55785E-1 4.67372E-1 4.73732E-1 4.65343E-1 4.42437E-1 4.48503E-1 4.38544E-1 4.50299E-1 4.66049E-1 4.54611E-1 4.45436E-1 4.42548E-1 4.37312E-1 4.38241E-1 4.28628E-1 4.33423E-1 4.29887E-1 4.30518E-1 4.26137E-1 4.26068E-1 4.30383E-1 4.33364E-1 4.37189E-1 4.23814E-1 4.36341E-1 4.25464E-1 4.14369E-1 4.20761E-1 4.23983E-1 4.26066E-1 4.12588E-1 4.16161E-1 4.23432E-1 4.20624E-1 4.10823E-1 4.12828E-1 4.1438E-1 4.14805E-1 4.1402E-1 4.14378E-1 4.12162E-1 4.12828E-1 4.12428E-1 4.15977E-1 4.168E-1 4.16648E-1 4.16013E-1 4.15611E-1 4.24373E-1 4.24956E-1 4.14597E-1 4.15855E-1 4.13665E-1 4.16157E-1
5.38299E-1 5.05642E-1 4.76202E-1 4.4098E-1 4.3911E-1 4.56871E-1 4.88891E-1 4.97067E-1 4.69262E-1 4.78012E-1 4.89871E-1 4.63803E-1 4.54643E-1 4.44063E-1 4.53027E-1 4.73452E-1 4.46888E-1 4.33863E-1 4.29485E-1 4.31101E-1 4.30877E-1 4.27907E-1 4.28454E-1 4.26242E-1 4.26072E-1 4.264E-1 4.27188E-1 4.31385E-1 4.32899E-1 4.29132E-1 4.2949E-1 4.24614E-1 4.26387E-1 4.2366E-1 4.29335E-1 4.31602E-1 4.29854E-1 4.20851E-1 4.17333E-1 4.14939E-1 4.10302E-1 4.06985E-1 4.08189E-1 4.0515E-1 4.05977E-1 4.06325E-1 4.05863E-1 4.05952E-1 4.09916E-1 4.1181E-1 4.13835E-1 4.16249E-1 4.15367E-1 4.17412E-1 4.18098E-1 4.22936E-1 4.32021E-1 4.18601E-1 4.22895E-1 4.15403E-1 4.12799E-1
5.96035E-1 5.71193E-1 5.04179E-1 4.28472E-1 4.35088E-1 4.2862E-1 4.43877E-1 4.69378E-1 4.59834E-1 4.64817E-1 5.27647E-1 5.00126E-1 4.74563E-1 4.56007E-1 4.52348E-1 4.5912E-1 4.31243E-1 4.24981E-1 4.28575E-1 4.19607E-1 4.31546E-1 4.28968E-1 4.26064E-1 4.252E-1 4.23761E-1 4.16581E-1 4.22814E-1 4.25683E-1 4.23245E-1 4.24014E-1 4.23202E-1 4.24573E-1 4.30147E-1 4.38104E-1 4.38289E-1 4.5265E-1 4.56665E-1 4.57103E-1 4.38255E-1 4.20064E-1 4.08193E-1 4.10448E-1 4.11119E-1 4.12942E-1 4.10237E-1 4.09462E-1 4.08863E-1 4.12736E-1 4.12835E-1 4.15579E-1 4.20601E-1 4.25841E-1 4.26639E-1 4.26238E-1 4.22657E-1 4.27558E-1 4.33278E-1 4.2438E-1 4.26637E-1 4.21806E-1 4.18943E-1
