maxent_outputs/bumblebees/bombus_131.asc
ncols         426
nrows         180
xllcorner     -130.0
yllcorner     24.0
cellsize      0.16666666666666666
NODATA_value  -9999
[rows 0 to 26 of 180, columns 305 to 365 of 426]
5.73122E-1 5.29506E-1 5.15336E-1 4.90692E-1 4.63577E-1 4.52476E-1 4.4499E-1 4.44631E-1 4.49471E-1 4.56122E-1 4.57461E-1 4.54121E-1 4.57131E-1 4.73518E-1 4.89952E-1 5.23079E-1 5.19857E-1 4.86744E-1 4.66689E-1 4.61869E-1 4.83894E-1 5.22972E-1 5.35654E-1 5.32387E-1 5.0975E-1 4.73315E-1 4.73046E-1 4.79178E-1 4.89208E-1 4.57665E-1 4.47866E-1 4.64862E-1 4.40429E-1 4.67706E-1 5.18875E-1 5.03642E-1 4.94666E-1 4.50118E-1 4.3112E-1 4.34809E-1 4.21247E-1 4.27576E-1 4.30832E-1 4.37181E-1 4.27298E-1 4.24206E-1 4.26158E-1 4.31668E-1 4.25658E-1 4.21917E-1 4.2787E-1 4.27417E-1 4.23442E-1 4.33023E-1 4.36415E-1 4.2926E-1 4.41911E-1 4.32076E-1 4.22192E-1 4.27345E-1 4.36238E-1
5.95051E-1 5.39234E-1 5.32529E-1 5.10338E-1 4.96397E-1 4.80988E-1 4.74279E-1 4.77077E-1 4.71712E-1 4.91351E-1 5.45194E-1 5.66357E-1 5.57753E-1 5.63507E-1 5.47415E-1 4.99487E-1 4.99228E-1 4.90161E-1 4.92626E-1 5.22128E-1 5.34675E-1 5.45813E-1 5.53134E-1 5.40527E-1 5.30671E-1 5.3129E-1 4.99431E-1 4.7738E-1 4.68151E-1 4.7007E-1 4.6487E-1 4.60593E-1 4.4792E-1 4.41779E-1 4.3705E-1 4.40733E-1 4.34109E-1 4.31143E-1 4.31913E-1 4.26883E-1 4.21269E-1 4.29694E-1 4.23644E-1 4.22098E-1 4.24964E-1 4.21898E-1 4.23596E-1 4.26851E-1 4.21622E-1 4.18793E-1 4.14586E-1 4.25778E-1 4.3032E-1 4.33718E-1 4.27083E-1 4.20659E-1 4.16204E-1 4.20387E-1 4.20558E-1 4.26306E-1 4.27985E-1
6.44304E-1 5.43285E-1 5.13167E-1 4.85713E-1 4.79631E-1 4.68968E-1 4.67524E-1 4.73487E-1 4.66989E-1 4.714E-1 5.32311E-1 5.4171E-1 5.44498E-1 5.31721E-1 5.14737E-1 5.19924E-1 5.02469E-1 4.78856E-1 4.58495E-1 4.77167E-1 5.24222E-1 5.02067E-1 4.91125E-1 4.72955E-1 4.63778E-1 4.76414E-1 4.68671E-1 4.71035E-1 4.66546E-1 4.61752E-1 4.46198E-1 4.37633E-1 4.37715E-1 4.39497E-1 4.35337E-1 4.29779E-1 4.2799E-1 4.26428E-1 4.28614E-1 4.27999E-1 4.28656E-1 4.26889E-1 4.27793E-1 4.37362E-1 4.33061E-1 4.17329E-1 4.15651E-1 4.17645E-1 4.29282E-1 4.24988E-1 4.16259E-1 4.20936E-1 4.14336E-1 4.21724E-1 4.27617E-1 4.1863E-1 4.15268E-1 4.20047E-1 4.20082E-1 4.23069E-1 4.21263E-1
5.84433E-1 5.50992E-1 5.17716E-1 4.91442E-1 4.76474E-1 4.62669E-1 4.81E-1 4.8688E-1 4.5947E-1 4.62024E-1 4.73229E-1 4.64732E-1 4.70277E-1 4.73893E-1 4.83924E-1 4.98301E-1 4.73527E-1 4.58806E-1 4.60393E-1 4.81763E-1 4.81743E-1 4.64336E-1 4.61328E-1 4.4854E-1 4.49707E-1 4.54486E-1 4.5833E-1 4.60966E-1 4.53758E-1 4.48415E-1 4.58761E-1 4.52194E-1 4.38891E-1 4.36497E-1 4.30483E-1 4.36295E-1 4.36328E-1 4.48804E-1 4.28142E-1 4.22672E-1 4.34068E-1 4.31352E-1 4.22631E-1 4.31243E-1 4.24274E-1 4.16429E-1 4.11846E-1 4.09911E-1 4.15131E-1 4.1867E-1 4.13991E-1 4.14531E-1 4.15398E-1 4.12872E-1 4.15664E-1 4.15771E-1 4.16321E-1 4.16523E-1 4.18104E-1 4.17424E-1 4.31559E-1
7.99248E-1 5.55611E-1 5.12748E-1 4.8971E-1 4.6655E-1 4.5076E-1 4.47359E-1 4.6244E-1 4.53765E-1 4.65356E-1 4.56539E-1 4.46994E-1 4.64902E-1 4.83426E-1 5.08596E-1 4.7973E-1 4.71669E-1 4.69475E-1 4.65491E-1 4.61797E-1 4.58904E-1 4.56906E-1 4.6207E-1 4.5822E-1 4.55474E-1 4.59899E-1 4.7365E-1 4.54391E-1 4.5206E-1 4.48535E-1 4.4272E-1 4.43368E-1 4.4416E-1 4.41283E-1 4.37418E-1 4.36106E-1 4.35753E-1 4.35869E-1 4.25716E-1 4.2709E-1 4.2752E-1 4.22939E-1 4.21032E-1 4.20614E-1 4.17833E-1 4.16003E-1 4.11226E-1 4.09438E-1 4.13203E-1 4.21642E-1 4.17161E-1 4.10773E-1 4.11214E-1 4.0901E-1 4.10442E-1 4.13051E-1 4.21793E-1 4.19772E-1 4.1997E-1 4.29071E-1 4.27139E-1
8.04512E-1 5.67854E-1 5.23633E-1 4.91006E-1 4.7658E-1 4.69831E-1 4.46961E-1 4.47165E-1 4.49039E-1 4.47609E-1 4.46057E-1 4.51815E-1 4.53407E-1 4.89454E-1 4.8763E-1 4.76417E-1 4.66137E-1 4.642E-1 4.62628E-1 4.62136E-1 4.59185E-1 4.57858E-1 4.62015E-1 4.60486E-1 4.53022E-1 4.54528E-1 4.56352E-1 4.55846E-1 4.54804E-1 4.54122E-1 4.45999E-1 4.47793E-1 4.45622E-1 4.40163E-1 4.37582E-1 4.39405E-1 4.35497E-1 4.33198E-1 4.34524E-1 4.3704E-1 4.29989E-1 4.26238E-1 4.20733E-1 4.18206E-1 4.17421E-1 4.20605E-1 4.19008E-1 4.21474E-1 4.35711E-1 4.31984E-1 4.21082E-1 4.13038E-1 4.10275E-1 4.15322E-1 4.12482E-1 4.23565E-1 4.15991E-1 4.09564E-1 4.14484E-1 4.19786E-1 4.27818E-1
9.6877E-1 6.51993E-1 5.55419E-1 5.113E-1 4.64346E-1 4.54549E-1 4.49418E-1 4.4909E-1 4.49071E-1 4.55148E-1 4.61999E-1 4.51945E-1 4.70463E-1 4.82608E-1 4.87366E-1 4.7506E-1 4.75184E-1 4.7649E-1 4.75149E-1 4.67657E-1 4.64475E-1 4.64083E-1 4.62703E-1 4.61225E-1 4.55819E-1 4.4934E-1 4.54953E-1 4.52768E-1 4.49255E-1 4.48392E-1 4.42354E-1 4.43969E-1 4.48741E-1 4.50321E-1 4.45702E-1 4.41216E-1 4.39009E-1 4.39086E-1 4.36052E-1 4.29706E-1 4.3174E-1 4.2946E-1 4.32049E-1 4.30012E-1 4.21367E-1 4.31291E-1 4.22521E-1 4.15797E-1 4.21182E-1 4.19736E-1 4.33606E-1 4.51838E-1 4.27019E-1 4.23891E-1 4.22107E-1 4.20589E-1 4.14923E-1 4.19329E-1 4.23253E-1 4.16817E-1 4.3103E-1
9.93112E-1 7.197E-1 5.63065E-1 5.04705E-1 4.76173E-1 4.6418E-1 4.5365E-1 4.53186E-1 4.52005E-1 4.93886E-1 4.83696E-1 4.69956E-1 4.7014E-1 4.70793E-1 4.81059E-1 4.86022E-1 4.83079E-1 4.8357E-1 4.83614E-1 4.67789E-1 4.65173E-1 4.65147E-1 4.6879E-1 4.69579E-1 4.64674E-1 4.61972E-1 4.62139E-1 4.59957E-1 4.54103E-1 4.53046E-1 4.48047E-1 4.49339E-1 4.51826E-1 4.51004E-1 4.44239E-1 4.42361E-1 4.38918E-1 4.36292E-1 4.33402E-1 4.32394E-1 4.31771E-1 4.2915E-1 4.32384E-1 4.30667E-1 4.28422E-1 4.24834E-1 4.18252E-1 4.20213E-1 4.16145E-1 4.24168E-1 4.35924E-1 4.39469E-1 4.26014E-1 4.16732E-1 4.15991E-1 4.17409E-1 4.1681E-1 4.18431E-1 4.17392E-1 4.26345E-1 4.29844E-1
9.9015E-1 9.91692E-1 5.90847E-1 5.41047E-1 4.98573E-1 4.82571E-1 4.74716E-1 4.61918E-1 4.63028E-1 4.64135E-1 4.61674E-1 4.64755E-1 4.71021E-1 4.66767E-1 4.64741E-1 5.0068E-1 4.96744E-1 5.08258E-1 4.90811E-1 4.7454E-1 4.70464E-1 4.74372E-1 4.7244E-1 4.74083E-1 4.69946E-1 4.70436E-1 4.72403E-1 4.66682E-1 4.58153E-1 4.5974E-1 4.61712E-1 4.56456E-1 4.46494E-1 4.46127E-1 4.51337E-1 4.48568E-1 4.46177E-1 4.50176E-1 4.47909E-1 4.39159E-1 4.34903E-1 4.34491E-1 4.34856E-1 4.31774E-1 4.27067E-1 4.2516E-1 4.22469E-1 4.1597E-1 4.16742E-1 4.1485E-1 4.16063E-1 4.13151E-1 4.17335E-1 4.18611E-1 4.16531E-1 4.2023E-1 4.22002E-1 4.20186E-1 4.18361E-1 4.23573E-1 4.25253E-1
9.93197E-1 -9999 6.67634E-1 5.70207E-1 5.22067E-1 4.94034E-1 4.8439E-1 4.73393E-1 4.76014E-1 4.78222E-1 4.798E-1 4.66258E-1 4.72558E-1 4.71125E-1 4.86887E-1 5.05332E-1 5.02209E-1 4.89043E-1 4.71609E-1 4.68133E-1 4.66705E-1 4.73588E-1 4.73968E-1 4.74378E-1 4.7396E-1 4.74532E-1 4.69607E-1 4.68112E-1 4.69331E-1 4.7273E-1 4.71877E-1 4.61219E-1 4.51679E-1 4.53144E-1 4.56583E-1 4.57537E-1 4.52685E-1 4.48862E-1 4.48005E-1 4.46316E-1 4.43485E-1 4.38352E-1 4.3675E-1 4.34896E-1 4.35156E-1 4.32804E-1 4.23188E-1 4.21676E-1 4.16911E-1 4.27212E-1 4.15326E-1 4.12303E-1 4.14496E-1 4.15574E-1 4.21479E-1 4.19989E-1 4.2688E-1 4.24159E-1 4.22266E-1 4.28879E-1 4.37303E-1
9.93375E-1 -9999 -9999 5.62681E-1 5.25927E-1 4.94306E-1 4.81205E-1 4.81362E-1 4.85407E-1 4.82956E-1 4.74081E-1 4.72355E-1 4.66037E-1 4.67866E-1 4.71018E-1 4.86273E-1 4.81047E-1 4.73296E-1 4.71627E-1 4.72442E-1 4.7558E-1 4.79905E-1 4.84885E-1 4.82751E-1 4.76214E-1 4.75086E-1 4.82964E-1 4.79209E-1 4.70484E-1 4.72067E-1 4.6424E-1 4.60497E-1 4.65909E-1 4.60955E-1 4.58887E-1 4.57204E-1 4.54106E-1 4.56309E-1 4.50951E-1 4.50281E-1 4.45217E-1 4.44923E-1 4.4122E-1 4.37331E-1 4.32011E-1 4.21943E-1 4.20567E-1 4.24404E-1 4.13296E-1 4.05844E-1 4.022E-1 4.08052E-1 4.12544E-1 4.1376E-1 4.14903E-1 4.20494E-1 4.26616E-1 4.34227E-1 4.28292E-1 4.39541E-1 4.4674E-1
5.93785E-1 8.25031E-1 5.83529E-1 5.2973E-1 5.06674E-1 4.99367E-1 4.87501E-1 4.90027E-1 4.86364E-1 4.75506E-1 4.70489E-1 4.63342E-1 4.72889E-1 4.72484E-1 4.72123E-1 4.69801E-1 4.68245E-1 4.66451E-1 4.77238E-1 4.78861E-1 4.86345E-1 4.76481E-1 4.72268E-1 4.75241E-1 4.7679E-1 4.84686E-1 4.82062E-1 4.75238E-1 4.75424E-1 4.71234E-1 4.69377E-1 4.65893E-1 4.66539E-1 4.63885E-1 4.64168E-1 4.65326E-1 4.60826E-1 4.57291E-1 4.57142E-1 4.55873E-1 4.48144E-1 4.41639E-1 4.37018E-1 4.37264E-1 4.24176E-1 4.16073E-1 4.10956E-1 4.06433E-1 4.05466E-1 4.06308E-1 4.05294E-1 4.08858E-1 4.16487E-1 4.17168E-1 4.16711E-1 4.18184E-1 4.29439E-1 4.37279E-1 4.46048E-1 4.45327E-1 4.53979E-1
9.90783E-1 5.73527E-1 5.31566E-1 5.15174E-1 5.02803E-1 4.97743E-1 4.90911E-1 4.85003E-1 4.77875E-1 4.72332E-1 4.73589E-1 4.64804E-1 4.66583E-1 4.71985E-1 4.68329E-1 4.69634E-1 4.68917E-1 4.63281E-1 4.67333E-1 4.79547E-1 4.82279E-1 4.81873E-1 4.83311E-1 4.85118E-1 4.79526E-1 4.79045E-1 4.78974E-1 4.78264E-1 4.74827E-1 4.73766E-1 4.694E-1 4.71285E-1 4.69184E-1 4.69276E-1 4.69637E-1 4.66697E-1 4.65529E-1 4.64277E-1 4.64363E-1 4.57418E-1 4.51577E-1 4.44025E-1 4.33553E-1 4.31386E-1 4.25527E-1 4.17903E-1 4.1297E-1 4.16727E-1 4.1196E-1 4.09061E-1 4.19453E-1 4.21013E-1 4.28321E-1 4.32309E-1 4.24238E-1 4.30327E-1 4.39197E-1 4.34903E-1 4.55448E-1 4.5579E-1 4.63713E-1
7.19186E-1 5.37631E-1 5.25361E-1 5.12413E-1 5.07576E-1 4.94953E-1 4.91615E-1 4.90088E-1 4.83453E-1 4.80717E-1 4.75673E-1 4.71723E-1 4.82796E-1 4.79871E-1 4.75325E-1 4.75688E-1 4.72277E-1 4.67768E-1 4.6401E-1 4.72617E-1 4.76904E-1 4.77535E-1 4.8061E-1 4.8947E-1 4.91468E-1 4.82474E-1 4.79541E-1 4.77078E-1 4.7667E-1 4.75484E-1 4.75084E-1 4.79113E-1 4.8203E-1 4.75686E-1 4.69049E-1 4.70565E-1 4.716E-1 4.63662E-1 4.72559E-1 4.63759E-1 4.58049E-1 4.50413E-1 4.39675E-1 4.35586E-1 4.30858E-1 4.28997E-1 4.2378E-1 4.19474E-1 4.14624E-1 4.11648E-1 4.0898E-1 4.20436E-1 4.27148E-1 4.43165E-1 4.78628E-1 4.36677E-1 4.42987E-1 4.39804E-1 4.54371E-1 4.68296E-1 4.74525E-1
6.40121E-1 5.39932E-1 5.33655E-1 5.11346E-1 5.09381E-1 4.9963E-1 4.94482E-1 4.93777E-1 4.90831E-1 4.86358E-1 4.83336E-1 4.85864E-1 4.85873E-1 4.84504E-1 4.79139E-1 4.77019E-1 4.79682E-1 4.76639E-1 4.7636E-1 4.84937E-1 4.73262E-1 4.7791E-1 4.81659E-1 4.85964E-1 4.85653E-1 4.85247E-1 4.86621E-1 4.8436E-1 4.83469E-1 4.81254E-1 4.81486E-1 4.82942E-1 4.7892E-1 4.70586E-1 4.71817E-1 4.66884E-1 4.65123E-1 4.74404E-1 4.71113E-1 4.63754E-1 4.54282E-1 4.51322E-1 4.44163E-1 4.39415E-1 4.34663E-1 4.28355E-1 4.2929E-1 4.22642E-1 4.21557E-1 4.1707E-1 4.2305E-1 4.27956E-1 4.28437E-1 4.33698E-1 4.57732E-1 4.37679E-1 4.40733E-1 4.4782E-1 4.54593E-1 4.73721E-1 5.43329E-1
5.27851E-1 5.80822E-1 5.29323E-1 5.25935E-1 5.17955E-1 5.11866E-1 5.08632E-1 5.0256E-1 5.00398E-1 4.85644E-1 4.89543E-1 4.88344E-1 4.83995E-1 4.88416E-1 4.91879E-1 4.79141E-1 4.80941E-1 4.81261E-1 4.7876E-1 4.81966E-1 4.83188E-1 4.83934E-1 4.85694E-1 4.98438E-1 5.01518E-1 5.00284E-1 4.95061E-1 4.92033E-1 4.90781E-1 4.92046E-1 4.8827E-1 4.87979E-1 4.89944E-1 4.73179E-1 4.78069E-1 4.71644E-1 4.91742E-1 4.90423E-1 4.74619E-1 4.67961E-1 4.57226E-1 4.59642E-1 4.53014E-1 4.48522E-1 4.3956E-1 4.3742E-1 4.38016E-1 4.25739E-1 4.25476E-1 4.21574E-1 4.23627E-1 4.3319E-1 4.34021E-1 4.35306E-1 4.34099E-1 4.41461E-1 4.47936E-1 4.52801E-1 4.59721E-1 4.81455E-1 5.41607E-1
5.2452E-1 5.34095E-1 5.27106E-1 5.24569E-1 5.20757E-1 5.14204E-1 5.06171E-1 4.97962E-1 4.96087E-1 5.05668E-1 4.98884E-1 4.95228E-1 4.94907E-1 4.93899E-1 4.84379E-1 4.83113E-1 4.87024E-1 4.86949E-1 4.8393E-1 4.8514E-1 4.84369E-1 4.89264E-1 4.91377E-1 4.966E-1 4.94616E-1 4.86871E-1 4.9236E-1 4.97926E-1 5.00404E-1 4.93427E-1 4.89711E-1 4.83535E-1 4.90937E-1 4.81169E-1 5.19007E-1 5.82456E-1 5.70009E-1 5.33888E-1 5.05154E-1 4.78019E-1 4.67315E-1 4.65661E-1 4.54707E-1 4.58257E-1 4.52728E-1 4.40924E-1 4.37291E-1 4.30672E-1 4.27317E-1 4.30157E-1 4.3212E-1 4.2949E-1 4.35939E-1 4.46518E-1 4.35447E-1 4.39018E-1 4.53367E-1 4.572E-1 4.63557E-1 4.76213E-1 5.17964E-1
5.17406E-1 5.1556E-1 5.24068E-1 5.19316E-1 5.12589E-1 5.06461E-1 4.96326E-1 4.95739E-1 5.03275E-1 5.046E-1 4.94259E-1 4.91492E-1 4.95935E-1 4.94922E-1 4.85221E-1 4.8795E-1 4.93332E-1 4.92816E-1 4.85019E-1 4.87455E-1 4.80653E-1 4.85731E-1 5.00257E-1 4.89014E-1 4.83645E-1 4.88885E-1 4.90292E-1 4.90478E-1 4.92872E-1 4.91464E-1 4.90401E-1 4.94774E-1 5.06424E-1 5.64488E-1 6.08715E-1 5.54777E-1 5.27207E-1 5.11052E-1 4.86305E-1 4.73111E-1 4.67164E-1 4.64882E-1 4.552E-1 4.56598E-1 4.47892E-1 4.42771E-1 4.37175E-1 4.34098E-1 4.32474E-1 4.29343E-1 4.30227E-1 4.382E-1 4.33986E-1 4.40723E-1 4.41586E-1 4.36258E-1 4.42902E-1 4.58339E-1 4.68975E-1 4.67311E-1 4.70361E-1
5.05879E-1 5.04001E-1 5.05348E-1 5.05538E-1 5.05389E-1 5.05442E-1 5.04613E-1 5.09172E-1 5.12088E-1 5.03867E-1 5.04092E-1 5.05899E-1 5.15862E-1 5.22924E-1 5.0573E-1 4.99632E-1 4.95605E-1 5.02455E-1 4.96339E-1 4.83913E-1 4.8295E-1 4.84443E-1 4.86387E-1 4.91076E-1 4.8692E-1 4.91649E-1 4.89124E-1 5.01137E-1 4.96994E-1 4.9391E-1 4.93094E-1 5.14859E-1 6.16281E-1 6.10621E-1 5.40578E-1 5.16569E-1 4.86151E-1 4.78033E-1 4.81413E-1 4.85589E-1 4.77119E-1 4.56759E-1 4.5225E-1 4.47631E-1 4.45095E-1 4.34999E-1 4.35447E-1 4.34666E-1 4.35645E-1 4.4151E-1 4.34593E-1 4.36415E-1 4.44414E-1 4.52849E-1 4.44372E-1 4.45338E-1 4.39192E-1 4.59648E-1 4.67831E-1 4.72884E-1 4.67135E-1
4.94742E-1 4.94512E-1 4.92935E-1 4.93098E-1 4.95952E-1 4.99971E-1 5.01122E-1 5.07433E-1 5.01748E-1 4.97749E-1 5.02759E-1 5.03047E-1 5.08438E-1 5.13422E-1 5.00136E-1 4.99309E-1 5.03699E-1 4.95263E-1 4.82765E-1 4.81439E-1 4.79533E-1 4.8268E-1 4.81179E-1 4.90608E-1 4.90518E-1 4.91618E-1 4.93618E-1 4.98554E-1 4.91518E-1 4.97015E-1 5.02642E-1 5.80387E-1 6.04005E-1 5.21878E-1 5.02726E-1 4.89289E-1 4.79928E-1 4.73508E-1 4.73032E-1 4.69461E-1 4.61934E-1 4.52614E-1 4.50651E-1 4.45776E-1 4.41238E-1 4.36213E-1 4.41942E-1 4.45322E-1 4.3687E-1 4.6499E-1 4.683E-1 4.56349E-1 4.49629E-1 4.6416E-1 4.50108E-1 4.49285E-1 4.51288E-1 4.5952E-1 4.68346E-1 4.77654E-1 4.75396E-1
4.96152E-1 4.94073E-1 4.87788E-1 4.94503E-1 4.97016E-1 5.00354E-1 5.02006E-1 5.02508E-1 5.03504E-1 4.97105E-1 4.9768E-1 4.96738E-1 5.00928E-1 4.95439E-1 5.00888E-1 5.05669E-1 4.97778E-1 4.83583E-1 4.83259E-1 4.85264E-1 4.81736E-1 4.84309E-1 4.88078E-1 4.89198E-1 4.82811E-1 4.88008E-1 4.88028E-1 4.92286E-1 4.93891E-1 4.91515E-1 5.02545E-1 5.86847E-1 5.19001E-1 4.97424E-1 4.93732E-1 4.87365E-1 4.83554E-1 4.78145E-1 4.74278E-1 4.69216E-1 4.60707E-1 4.61914E-1 4.5602E-1 4.44474E-1 4.46032E-1 4.33295E-1 4.2779E-1 4.36894E-1 4.28188E-1 4.42519E-1 4.71115E-1 4.62118E-1 4.48884E-1 4.5121E-1 4.47628E-1 4.53788E-1 4.65578E-1 4.63841E-1 4.67814E-1 4.88872E-1 4.76213E-1
4.8726E-1 4.85555E-1 4.79806E-1 4.88546E-1 4.95856E-1 4.9915E-1 5.00988E-1 5.00799E-1 5.05502E-1 4.94447E-1 4.92432E-1 5.00226E-1 4.9945E-1 4.99996E-1 4.9684E-1 4.88045E-1 4.87243E-1 4.8394E-1 4.82042E-1 4.81468E-1 4.7482E-1 4.7548E-1 4.81433E-1 4.89623E-1 4.86321E-1 4.98654E-1 4.94546E-1 4.96394E-1 4.95551E-1 4.92557E-1 5.02102E-1 5.29389E-1 5.12852E-1 4.91847E-1 4.85277E-1 4.84199E-1 4.849E-1 4.7968E-1 4.77766E-1 4.70848E-1 4.63199E-1 4.6235E-1 4.59718E-1 4.47121E-1 4.50678E-1 4.36647E-1 4.34686E-1 4.35711E-1 4.28274E-1 4.34064E-1 4.40355E-1 4.41635E-1 4.50514E-1 4.55786E-1 4.51335E-1 4.53247E-1 4.65304E-1 4.70223E-1 4.81788E-1 5.19427E-1 4.84023E-1
4.81086E-1 4.83135E-1 4.82863E-1 4.89964E-1 4.89387E-1 4.96246E-1 4.94101E-1 4.96357E-1 4.99225E-1 5.01473E-1 5.09241E-1 4.97727E-1 4.94987E-1 5.02497E-1 4.9944E-1 4.86226E-1 4.84512E-1 4.79529E-1 4.74092E-1 4.78406E-1 4.74574E-1 4.77135E-1 4.76835E-1 4.85586E-1 4.82072E-1 4.86983E-1 4.88129E-1 4.89685E-1 4.89663E-1 4.9064E-1 4.96714E-1 5.19717E-1 5.01143E-1 4.91021E-1 4.88496E-1 4.85645E-1 4.83062E-1 4.85203E-1 4.78684E-1 4.73025E-1 4.67671E-1 4.62458E-1 4.55677E-1 4.47389E-1 4.45882E-1 4.42004E-1 4.40581E-1 4.71948E-1 4.4049E-1 4.40473E-1 4.40513E-1 4.36789E-1 4.32234E-1 4.52247E-1 4.62539E-1 4.66405E-1 4.72413E-1 4.75862E-1 5.0118E-1 5.5274E-1 5.23231E-1
4.84366E-1 4.85818E-1 4.83414E-1 4.88864E-1 4.89785E-1 4.91059E-1 4.91381E-1 4.97164E-1 5.01269E-1 4.98919E-1 5.05881E-1 4.97598E-1 4.9346E-1 4.99511E-1 4.92389E-1 4.84081E-1 4.81224E-1 4.79143E-1 4.73308E-1 4.74382E-1 4.73277E-1 4.75496E-1 4.81571E-1 4.79583E-1 4.82739E-1 4.78823E-1 4.81395E-1 4.85871E-1 4.9241E-1 4.92281E-1 5.12955E-1 5.05746E-1 4.91232E-1 4.96216E-1 4.89347E-1 4.88116E-1 4.84052E-1 4.79022E-1 4.80401E-1 4.69819E-1 4.58137E-1 4.59192E-1 4.50284E-1 4.56224E-1 4.4498E-1 4.40931E-1 4.36153E-1 4.92353E-1 4.57977E-1 4.55461E-1 4.48808E-1 4.50776E-1 4.47971E-1 4.57999E-1 4.75272E-1 4.75078E-1 4.77054E-1 4.8638E-1 4.96097E-1 5.13562E-1 5.85536E-1
4.74265E-1 4.7769E-1 4.77637E-1 4.81627E-1 4.85376E-1 4.942E-1 5.03057E-1 4.95963E-1 5.09331E-1 5.08608E-1 5.06611E-1 5.03789E-1 4.93194E-1 4.91196E-1 4.91636E-1 4.93784E-1 4.77454E-1 4.75209E-1 4.76046E-1 4.7286E-1 4.71668E-1 4.82992E-1 4.7976E-1 4.80063E-1 4.78274E-1 4.88612E-1 4.85146E-1 4.85311E-1 4.87325E-1 5.18185E-1 5.20893E-1 4.88482E-1 4.9122E-1 4.89989E-1 4.90325E-1 4.88663E-1 4.83925E-1 4.8126E-1 4.81519E-1 4.73175E-1 4.67705E-1 4.67777E-1 4.58764E-1 4.60292E-1 4.59363E-1 4.51767E-1 4.46153E-1 4.80086E-1 4.648E-1 4.70587E-1 4.6945E-1 4.61504E-1 4.80604E-1 4.84514E-1 4.84125E-1 4.80802E-1 4.87401E-1 4.90871E-1 5.02196E-1 5.25088E-1 5.89873E-1
4.6888E-1 4.7389E-1 4.74851E-1 4.77165E-1 4.75258E-1 4.81099E-1 4.85739E-1 4.94524E-1 4.98874E-1 5.04372E-1 4.99924E-1 5.03061E-1 4.90841E-1 4.95829E-1 5.09242E-1 4.76244E-1 4.74517E-1 4.7307E-1 4.76879E-1 4.73818E-1 4.72622E-1 4.73712E-1 4.75211E-1 4.77594E-1 4.71992E-1 4.7714E-1 4.8603E-1 4.85851E-1 4.88407E-1 5.0925E-1 4.90323E-1 4.85383E-1 4.85538E-1 4.91021E-1 4.90602E-1 4.91423E-1 4.83511E-1 4.82185E-1 4.82251E-1 4.7884E-1 4.75345E-1 4.77726E-1 4.72612E-1 4.70194E-1 4.58957E-1 4.61916E-1 4.67448E-1 4.70459E-1 4.78876E-1 4.79023E-1 4.67882E-1 4.74495E-1 5.00514E-1 5.1803E-1 5.05296E-1 4.95376E-1 4.96647E-1 5.19536E-1 5.19422E-1 5.33171E-1 5.49698E-1
4.75547E-1 4.70289E-1 4.71077E-1 4.73129E-1 4.74548E-1 4.74415E-1 4.81734E-1 4.92244E-1 4.93127E-1 4.89695E-1 4.91779E-1 4.85127E-1 4.77276E-1 4.73605E-1 4.71993E-1 4.84332E-1 5.05071E-1 4.72703E-1 4.73391E-1 4.83629E-1 4.8134E-1 4.77634E-1 4.75223E-1 4.76261E-1 4.76469E-1 4.80075E-1 4.7975E-1 4.89971E-1 4.95142E-1 4.84393E-1 4.82332E-1 4.8131E-1 4.79193E-1 4.87296E-1 4.93972E-1 4.86298E-1 4.7998E-1 4.81445E-1 4.83535E-1 4.82303E-1 4.83586E-1 4.87057E-1 4.8879E-1 4.8755E-1 4.73791E-1 4.75666E-1 4.78662E-1 4.86581E-1 4.84405E-1 4.84725E-1 4.89049E-1 5.10559E-1 5.6906E-1 5.22343E-1 5.43137E-1 5.17288E-1 5.04808E-1 5.26466E-1 5.17744E-1 5.40272E-1 5.59614E-1
