maxent_outputs/bumblebees/bombus_340.asc
ncols         426
nrows         180
xllcorner     -130.0
yllcorner     24.0
cellsize      0.16666666666666666
NODATA_value  -9999
[rows 0 to 26 of 180, columns 61 to 121 of 426]
1.83657E-2 1.88711E-2 2.81908E-2 3.64105E-2 4.91181E-2 4.02033E-2 4.06397E-2 3.90985E-2 3.94095E-2 3.79495E-2 4.18509E-2 4.50166E-2 4.12632E-2 4.46687E-2 4.52934E-2 4.33783E-2 4.95002E-2 4.3561E-2 3.46302E-2 3.2593E-2 3.73022E-2 3.85249E-2 4.14239E-2 4.82167E-2 5.00891E-2 4.93689E-2 5.16939E-2 4.57278E-2 4.58786E-2 4.554E-2 4.58227E-2 4.92119E-2 5.6553E-2 5.40568E-2 5.33673E-2 4.87318E-2 4.79255E-2 4.51061E-2 4.97411E-2 5.35635E-2 5.24142E-2 5.59976E-2 5.35435E-2 5.54157E-2 5.67574E-2 5.52401E-2 5.72192E-2 5.60899E-2 5.64653E-2 5.29587E-2 5.04416E-2 5.18985E-2 5.09266E-2 5.21804E-2 5.34284E-2 5.0813E-2 5.12421E-2 4.97236E-2 4.82084E-2 4.70068E-2 5.19082E-2
1.77895E-2 1.66881E-2 3.70884E-2 2.57185E-2 2.59905E-2 2.79696E-2 2.95089E-2 2.68629E-2 3.10539E-2 3.62685E-2 3.73544E-2 4.04246E-2 3.99166E-2 4.21223E-2 4.01529E-2 4.37443E-2 4.53952E-2 3.54008E-2 4.00631E-2 4.46271E-2 4.85546E-2 4.62817E-2 4.10847E-2 4.08313E-2 3.88266E-2 3.82397E-2 4.67715E-2 4.14248E-2 4.20099E-2 4.77877E-2 5.2108E-2 5.5558E-2 6.02392E-2 5.33071E-2 5.97157E-2 5.86192E-2 4.60371E-2 4.78548E-2 4.84909E-2 5.441E-2 5.94355E-2 5.9636E-2 6.51849E-2 5.63876E-2 5.73181E-2 5.83695E-2 5.58923E-2 5.63395E-2 5.70267E-2 5.43983E-2 5.23077E-2 5.32029E-2 5.39299E-2 5.05212E-2 4.95949E-2 5.12331E-2 5.04492E-2 4.89576E-2 4.7059E-2 4.43493E-2 4.44886E-2
1.70151E-2 1.86822E-2 1.71556E-2 2.25045E-2 1.15708E-2 1.35802E-2 1.2708E-2 1.48579E-2 1.75968E-2 2.35505E-2 3.03824E-2 3.69661E-2 3.74698E-2 3.23754E-2 3.26574E-2 4.16123E-2 4.49962E-2 4.61588E-2 4.72714E-2 4.45463E-2 4.43528E-2 4.43767E-2 4.22599E-2 4.34812E-2 4.24111E-2 4.47213E-2 4.58597E-2 3.97617E-2 3.9008E-2 4.32929E-2 5.334E-2 5.89007E-2 5.8544E-2 5.60486E-2 5.95637E-2 6.03599E-2 5.69141E-2 6.62191E-2 6.8785E-2 6.454E-2 5.87462E-2 6.17088E-2 6.22279E-2 5.69933E-2 5.31811E-2 5.67941E-2 5.65699E-2 5.43252E-2 5.41081E-2 5.2077E-2 5.42023E-2 5.13965E-2 5.19248E-2 5.1807E-2 4.95491E-2 4.93592E-2 4.93363E-2 4.77552E-2 4.80076E-2 4.66477E-2 4.50243E-2
1.60701E-2 1.11674E-2 8.10284E-3 1.91589E-2 1.05995E-2 9.13461E-3 1.08025E-2 1.49758E-2 2.48314E-2 2.46621E-2 2.32011E-2 2.92098E-2 3.59249E-2 3.7481E-2 3.29366E-2 3.40227E-2 3.96929E-2 4.27133E-2 4.56037E-2 4.32208E-2 4.52253E-2 4.39935E-2 4.27331E-2 4.16622E-2 4.14776E-2 4.20771E-2 4.6086E-2 4.47579E-2 4.49716E-2 4.27267E-2 4.23834E-2 4.86884E-2 6.22411E-2 5.50233E-2 5.5048E-2 5.10906E-2 5.66663E-2 5.88809E-2 5.68044E-2 5.32024E-2 6.06653E-2 6.12518E-2 6.42395E-2 6.79436E-2 5.52925E-2 5.333E-2 5.53383E-2 5.17375E-2 5.20048E-2 5.23483E-2 5.18191E-2 5.43827E-2 5.27167E-2 5.15332E-2 5.02916E-2 4.97101E-2 4.68924E-2 4.78141E-2 4.68653E-2 4.72391E-2 4.51484E-2
1.45977E-2 1.73345E-2 1.31648E-2 1.03832E-2 8.16125E-3 8.49336E-3 1.10598E-2 1.36267E-2 1.22482E-2 2.31773E-2 2.62621E-2 3.48286E-2 3.00648E-2 2.45144E-2 2.66812E-2 3.37782E-2 3.40447E-2 3.90462E-2 4.03098E-2 3.99376E-2 3.91955E-2 3.89718E-2 3.96285E-2 4.04874E-2 4.02334E-2 4.09734E-2 3.92552E-2 4.18455E-2 3.91736E-2 4.43748E-2 4.71842E-2 5.02642E-2 5.44446E-2 5.66817E-2 5.83676E-2 5.71802E-2 5.62728E-2 5.51339E-2 5.20277E-2 4.73986E-2 4.86115E-2 5.4461E-2 5.76871E-2 6.12302E-2 5.83916E-2 5.77973E-2 5.76138E-2 5.20438E-2 5.21423E-2 5.57118E-2 5.27548E-2 5.46907E-2 5.11869E-2 5.11476E-2 5.21688E-2 4.92497E-2 4.81798E-2 4.76391E-2 4.78524E-2 4.81229E-2 4.59567E-2
4.03846E-2 3.20941E-2 1.48613E-2 1.96931E-2 1.09466E-2 1.25569E-2 9.12555E-3 1.02196E-2 1.18243E-2 1.45831E-2 3.46036E-2 2.79825E-2 2.03266E-2 1.63127E-2 1.92963E-2 2.41223E-2 2.59658E-2 2.69181E-2 3.09432E-2 3.40962E-2 3.36223E-2 3.23963E-2 3.30744E-2 3.57335E-2 4.11608E-2 4.18901E-2 4.38294E-2 4.57182E-2 4.66207E-2 4.44229E-2 4.44525E-2 4.69898E-2 4.83017E-2 4.99946E-2 5.73392E-2 5.67867E-2 5.76522E-2 5.56578E-2 5.32694E-2 5.17971E-2 5.10564E-2 4.78143E-2 4.90273E-2 5.32342E-2 5.27602E-2 5.22865E-2 5.34673E-2 5.06687E-2 5.03532E-2 5.28475E-2 5.21007E-2 5.25464E-2 4.87721E-2 4.74502E-2 4.99796E-2 5.04511E-2 4.92202E-2 4.72625E-2 4.64846E-2 4.46019E-2 4.64502E-2
9.85454E-3 1.83559E-2 5.04883E-2 2.59814E-2 1.34238E-2 1.79278E-2 1.80903E-2 1.6212E-2 1.82882E-2 1.86299E-2 3.67618E-2 1.60886E-2 1.61511E-2 1.44509E-2 1.21525E-2 1.41549E-2 1.6622E-2 2.01507E-2 2.31182E-2 2.69585E-2 2.79488E-2 3.00628E-2 3.23629E-2 3.73492E-2 4.0274E-2 4.01035E-2 4.48168E-2 4.956E-2 4.91898E-2 3.92241E-2 4.28965E-2 4.00901E-2 4.10036E-2 4.25232E-2 4.89556E-2 5.0039E-2 5.05289E-2 5.51031E-2 5.54612E-2 5.40613E-2 5.47044E-2 5.21159E-2 5.36944E-2 5.15433E-2 4.81611E-2 4.79312E-2 5.03018E-2 4.92537E-2 4.75258E-2 5.20636E-2 5.36601E-2 5.24497E-2 4.87788E-2 4.82638E-2 4.85408E-2 4.56672E-2 4.90191E-2 4.62368E-2 4.44731E-2 4.55152E-2 4.26452E-2
6.80488E-3 1.05939E-2 1.96779E-2 4.70404E-2 3.27904E-2 1.4408E-2 1.14557E-2 1.68877E-2 1.19672E-2 8.30916E-3 1.52459E-2 2.2856E-2 1.00974E-2 9.39205E-3 9.24348E-3 8.39696E-3 9.62054E-3 1.61289E-2 1.87505E-2 1.80939E-2 2.16677E-2 2.8873E-2 3.26244E-2 3.52326E-2 3.63285E-2 3.8741E-2 4.13907E-2 4.27483E-2 4.63251E-2 4.41411E-2 4.13697E-2 3.7666E-2 3.69408E-2 3.68582E-2 4.41385E-2 4.77497E-2 4.70142E-2 5.09734E-2 5.37657E-2 5.64435E-2 5.62317E-2 5.36419E-2 5.45111E-2 5.84162E-2 5.60774E-2 5.349E-2 5.3221E-2 5.15045E-2 5.18636E-2 4.97403E-2 5.12936E-2 5.25287E-2 4.90753E-2 4.73957E-2 4.71013E-2 4.84548E-2 4.86005E-2 4.50103E-2 4.66477E-2 4.45752E-2 4.77534E-2
1.45698E-2 1.72147E-2 1.74426E-2 1.9842E-2 2.76295E-2 2.73115E-2 2.0062E-2 1.07623E-2 8.89011E-3 6.56294E-3 1.35025E-2 1.2404E-2 1.37237E-2 9.42225E-3 4.78426E-3 4.22947E-3 6.97076E-3 1.23858E-2 1.19919E-2 1.34217E-2 1.75178E-2 2.07556E-2 2.02615E-2 2.30304E-2 2.69258E-2 3.19342E-2 3.80795E-2 4.16974E-2 4.47042E-2 3.92629E-2 3.60578E-2 3.75478E-2 3.23096E-2 3.81974E-2 4.42412E-2 4.76078E-2 4.67087E-2 4.89621E-2 5.02816E-2 5.06561E-2 5.41219E-2 5.56602E-2 5.31942E-2 5.56294E-2 5.53514E-2 5.72123E-2 5.54643E-2 5.29711E-2 5.12875E-2 5.27761E-2 5.28798E-2 5.45982E-2 5.12851E-2 4.84602E-2 4.89221E-2 4.91787E-2 5.04554E-2 4.86679E-2 5.15051E-2 5.09947E-2 4.97716E-2
2.09456E-2 1.28043E-2 1.82444E-2 3.05955E-2 2.4617E-2 8.90782E-3 3.18397E-2 2.21285E-2 1.43468E-2 8.73516E-3 6.71348E-3 8.05352E-3 9.59773E-3 1.05227E-2 7.76943E-3 4.51854E-3 5.43483E-3 7.3798E-3 5.68088E-3 1.00039E-2 1.54566E-2 2.13201E-2 2.03881E-2 2.01987E-2 2.2587E-2 2.80391E-2 3.17469E-2 3.7679E-2 4.26839E-2 3.84511E-2 3.01976E-2 3.17802E-2 3.45992E-2 3.86793E-2 4.25979E-2 4.39031E-2 4.64987E-2 4.5687E-2 4.91856E-2 5.24389E-2 5.37535E-2 5.87404E-2 5.42279E-2 5.3811E-2 5.17888E-2 5.44521E-2 5.95689E-2 5.7142E-2 5.33441E-2 4.80157E-2 4.93251E-2 4.90659E-2 4.797E-2 4.95057E-2 4.64906E-2 4.86684E-2 4.58096E-2 4.51607E-2 4.43738E-2 4.47767E-2 4.70756E-2
2.31556E-2 1.91357E-2 1.6383E-2 3.20782E-2 1.83182E-2 1.02842E-2 1.01876E-2 2.8689E-2 2.24228E-2 1.18778E-2 1.0799E-2 4.62428E-3 4.38195E-3 6.29984E-3 4.06155E-3 3.92473E-3 4.90059E-3 3.82367E-3 5.70869E-3 8.71045E-3 1.72665E-2 1.5374E-2 1.53495E-2 1.73802E-2 1.89521E-2 2.16891E-2 2.48127E-2 2.97255E-2 3.55636E-2 3.70466E-2 3.548E-2 3.42141E-2 3.39465E-2 2.97271E-2 3.7032E-2 4.02503E-2 4.49307E-2 4.65028E-2 4.91295E-2 5.10486E-2 5.0968E-2 5.12705E-2 5.11347E-2 5.11576E-2 4.96566E-2 4.68742E-2 4.76226E-2 5.06208E-2 5.38859E-2 5.05093E-2 4.13672E-2 4.39403E-2 4.82523E-2 4.69281E-2 4.87014E-2 4.98562E-2 4.87631E-2 4.70695E-2 4.73584E-2 4.60101E-2 4.71736E-2
2.7186E-2 2.909E-2 2.79722E-2 3.29413E-2 2.37391E-2 1.10663E-2 1.65317E-2 3.15014E-2 3.6088E-2 2.80096E-2 1.60546E-2 9.50208E-3 7.28216E-3 4.96182E-3 7.28508E-3 4.08195E-3 6.35201E-3 7.78091E-3 5.77261E-3 1.11986E-2 1.79332E-2 9.17083E-3 1.02933E-2 1.33097E-2 1.67055E-2 1.78856E-2 1.94771E-2 2.46703E-2 2.8107E-2 3.18316E-2 3.44192E-2 3.70599E-2 3.86056E-2 3.88376E-2 3.92754E-2 4.21193E-2 4.09615E-2 4.28674E-2 4.50093E-2 4.48373E-2 4.81163E-2 4.7939E-2 4.88166E-2 4.88184E-2 4.60311E-2 4.38682E-2 4.93855E-2 4.17797E-2 3.82568E-2 4.00843E-2 4.01941E-2 3.61804E-2 3.84751E-2 4.15367E-2 3.95719E-2 4.38045E-2 4.50714E-2 4.54842E-2 4.67909E-2 4.75567E-2 4.92107E-2
2.27471E-2 2.79513E-2 2.66082E-2 2.82563E-2 3.10466E-2 1.60213E-2 2.04521E-2 3.39685E-2 1.76868E-2 1.06351E-2 1.91025E-2 2.79991E-2 1.31274E-2 6.82535E-3 1.04332E-2 8.30196E-3 4.02544E-3 5.87694E-3 1.22073E-2 6.9546E-3 7.92476E-3 4.59374E-3 6.70704E-3 9.58721E-3 1.28162E-2 1.46506E-2 1.70729E-2 2.16572E-2 2.49411E-2 2.8031E-2 3.04833E-2 3.40244E-2 3.7864E-2 4.03394E-2 4.08834E-2 4.07515E-2 3.95762E-2 4.03519E-2 4.07877E-2 4.13942E-2 4.40585E-2 4.61956E-2 4.08239E-2 4.66176E-2 4.49854E-2 4.15772E-2 4.55826E-2 4.32966E-2 4.30494E-2 3.65871E-2 3.31789E-2 3.31003E-2 3.41865E-2 3.02089E-2 3.43851E-2 4.07758E-2 3.95715E-2 3.8718E-2 4.07174E-2 4.19368E-2 4.43161E-2
3.86328E-2 3.82808E-2 3.83227E-2 3.32833E-2 2.70086E-2 1.34882E-2 2.91941E-2 3.53953E-2 1.66541E-2 1.07193E-2 8.80514E-3 5.58836E-3 2.18311E-2 3.15644E-2 2.08164E-2 1.11589E-2 7.04273E-3 3.72675E-3 6.59908E-3 4.96759E-3 4.39987E-3 3.46953E-3 5.64114E-3 6.41182E-3 8.54629E-3 1.14672E-2 1.46077E-2 1.91283E-2 2.26998E-2 2.64064E-2 3.05281E-2 3.26716E-2 3.41473E-2 3.53229E-2 3.71502E-2 3.82171E-2 4.06265E-2 3.99978E-2 4.27732E-2 4.17707E-2 4.13148E-2 4.57716E-2 4.04937E-2 4.0955E-2 4.38787E-2 4.5103E-2 4.40538E-2 4.27393E-2 4.71062E-2 3.86372E-2 3.39647E-2 3.24828E-2 3.59223E-2 3.34585E-2 3.2355E-2 3.82208E-2 4.19536E-2 3.95185E-2 3.72643E-2 3.82803E-2 3.76679E-2
5.0407E-2 4.54752E-2 3.62109E-2 4.61212E-2 2.49369E-2 1.97791E-2 1.76505E-2 3.98449E-2 2.45276E-2 2.15884E-2 1.50563E-2 5.21972E-3 8.90229E-3 1.22483E-2 3.49296E-2 2.32238E-2 1.23214E-2 1.07023E-2 8.3365E-3 3.77023E-3 4.15202E-3 5.23823E-3 4.20315E-3 6.70341E-3 7.28559E-3 9.17691E-3 1.38133E-2 1.88287E-2 2.07882E-2 2.26104E-2 2.58193E-2 3.04795E-2 3.29099E-2 3.4049E-2 3.85819E-2 3.97784E-2 4.09062E-2 4.20318E-2 4.27521E-2 4.34536E-2 4.5057E-2 4.66953E-2 4.12533E-2 3.84784E-2 4.11743E-2 4.39974E-2 4.78386E-2 4.46942E-2 4.55979E-2 4.34978E-2 3.5892E-2 3.55778E-2 3.36448E-2 3.63742E-2 3.68846E-2 3.81804E-2 4.04123E-2 3.77885E-2 4.00779E-2 4.10474E-2 3.81731E-2
3.00217E-2 3.22277E-2 7.47211E-2 3.20317E-2 2.72206E-2 3.84401E-2 2.53033E-2 2.00945E-2 4.42585E-2 1.81857E-2 1.40528E-2 7.07851E-3 7.63206E-3 1.08098E-2 1.9147E-2 1.18595E-2 3.7314E-2 1.49942E-2 6.93356E-3 1.1332E-2 6.64829E-3 7.05751E-3 7.92309E-3 3.6163E-3 6.65705E-3 7.06813E-3 7.90591E-3 1.21774E-2 1.88925E-2 2.24705E-2 2.52472E-2 2.75318E-2 3.04092E-2 3.20213E-2 3.55873E-2 4.06684E-2 4.0776E-2 4.08092E-2 4.05659E-2 4.18808E-2 4.37115E-2 4.55481E-2 4.82558E-2 4.45883E-2 3.92655E-2 3.9917E-2 4.5296E-2 4.86299E-2 4.41415E-2 4.34126E-2 3.465E-2 3.51455E-2 3.80081E-2 3.86115E-2 3.56978E-2 3.66585E-2 3.87495E-2 3.85211E-2 3.83643E-2 4.17181E-2 4.04293E-2
4.61753E-2 6.96213E-2 5.06695E-2 2.97389E-2 4.5042E-2 8.65717E-2 2.25374E-2 1.17823E-2 1.58971E-2 3.8349E-2 1.47403E-2 8.67968E-3 1.50095E-2 9.22638E-3 9.43043E-3 7.01963E-3 1.07669E-2 3.45144E-2 1.56521E-2 1.53009E-2 6.66804E-3 4.99997E-3 7.36119E-3 1.04838E-2 9.23471E-3 1.20147E-2 1.19925E-2 1.10224E-2 1.91179E-2 2.63244E-2 2.93166E-2 3.06878E-2 2.89369E-2 3.07352E-2 3.50392E-2 3.81699E-2 4.40211E-2 4.55266E-2 4.3492E-2 4.38612E-2 4.31839E-2 4.4097E-2 4.27385E-2 4.29114E-2 4.662E-2 4.81352E-2 4.5736E-2 4.40304E-2 3.83E-2 3.42151E-2 3.08668E-2 3.20567E-2 3.55586E-2 4.27113E-2 3.63292E-2 3.74176E-2 3.92187E-2 3.46599E-2 3.69712E-2 3.98588E-2 4.12579E-2
7.57805E-2 4.57862E-2 3.97535E-2 2.86436E-2 5.55411E-2 9.14875E-2 3.01436E-2 2.72439E-2 1.84871E-2 4.45399E-2 1.79841E-2 2.18109E-2 9.47941E-3 1.20918E-2 5.04744E-3 8.79787E-3 8.42002E-3 1.37593E-2 3.1008E-2 2.66419E-2 1.51751E-2 8.91678E-3 7.6494E-3 7.12402E-3 8.0452E-3 1.12906E-2 1.42234E-2 1.3302E-2 2.25994E-2 2.54136E-2 2.71402E-2 3.10758E-2 3.19974E-2 3.60781E-2 4.30241E-2 4.11711E-2 4.08629E-2 4.14612E-2 4.32896E-2 4.50821E-2 4.22909E-2 4.09652E-2 3.93002E-2 4.13655E-2 4.62418E-2 4.92577E-2 4.84015E-2 3.90551E-2 3.50928E-2 3.44491E-2 3.00863E-2 2.91468E-2 2.81224E-2 3.17828E-2 3.48775E-2 3.71738E-2 4.25512E-2 3.88296E-2 3.54544E-2 3.66986E-2 4.19312E-2
6.90381E-2 1.15593E-1 1.60641E-1 1.37754E-1 1.3994E-1 6.71237E-2 5.22649E-2 3.45179E-2 2.93569E-2 3.26062E-2 3.84633E-2 1.96122E-2 1.23169E-2 2.46915E-2 7.45938E-3 1.04295E-2 6.64262E-3 9.59496E-3 8.32285E-3 2.58341E-2 3.69431E-2 1.57997E-2 1.64681E-2 1.17579E-2 6.70836E-3 4.78241E-3 9.73874E-3 8.31728E-3 1.28034E-2 1.24838E-2 1.96423E-2 2.63116E-2 3.20278E-2 3.36236E-2 4.00278E-2 4.03198E-2 3.68031E-2 3.80231E-2 4.24412E-2 4.27514E-2 4.35238E-2 4.29846E-2 4.45971E-2 4.62763E-2 5.17476E-2 5.3982E-2 5.26374E-2 4.83441E-2 4.74913E-2 4.44102E-2 4.06336E-2 4.63525E-2 5.09143E-2 4.7922E-2 4.37478E-2 4.49261E-2 5.08523E-2 4.61004E-2 4.42218E-2 4.60806E-2 4.38217E-2
1.04429E-1 6.36549E-2 7.33217E-2 1.61979E-1 1.29801E-1 3.16433E-2 4.09913E-2 5.71452E-2 2.07275E-2 1.4591E-2 3.80961E-2 4.67141E-2 4.49677E-2 1.75162E-2 1.27915E-2 1.41107E-2 1.47367E-2 7.21275E-3 6.78737E-3 6.65344E-3 1.63743E-2 3.85666E-2 2.0916E-2 1.84909E-2 1.11768E-2 7.83834E-3 6.09905E-3 6.7589E-3 8.84481E-3 1.01414E-2 1.46564E-2 2.37216E-2 2.95235E-2 3.11449E-2 3.43312E-2 3.88188E-2 3.7126E-2 3.83002E-2 4.33628E-2 4.32389E-2 4.57158E-2 4.88865E-2 4.74544E-2 5.02065E-2 5.32923E-2 5.56368E-2 5.66487E-2 5.79319E-2 5.81027E-2 5.88418E-2 5.40764E-2 5.25337E-2 5.15201E-2 4.73132E-2 4.89803E-2 4.79277E-2 4.35763E-2 4.27916E-2 4.85419E-2 4.33699E-2 4.24425E-2
5.87981E-2 4.46331E-2 6.46376E-2 9.86797E-2 1.24641E-1 7.20849E-2 1.25735E-1 2.63212E-2 3.46764E-2 1.67747E-2 1.67261E-2 1.04379E-1 2.22756E-2 2.12917E-2 2.53583E-2 1.46905E-2 1.73648E-2 1.37282E-2 1.09563E-2 6.40197E-3 1.05208E-2 2.30125E-2 4.75033E-2 1.74608E-2 2.06672E-2 1.43221E-2 9.05817E-3 6.31122E-3 8.26376E-3 7.64518E-3 1.16392E-2 1.96199E-2 2.73578E-2 3.13014E-2 3.67139E-2 4.04216E-2 3.87089E-2 3.54318E-2 3.7069E-2 3.53571E-2 3.98482E-2 5.04376E-2 4.49045E-2 4.63641E-2 5.19763E-2 5.36481E-2 5.3894E-2 5.69653E-2 5.67322E-2 5.19147E-2 4.55078E-2 4.70374E-2 5.04784E-2 4.86203E-2 4.7993E-2 4.87191E-2 4.69171E-2 4.75599E-2 4.52762E-2 4.30413E-2 4.15001E-2
6.20873E-2 5.33119E-2 8.86883E-2 1.51419E-1 4.81732E-2 7.38621E-2 1.00625E-1 4.04367E-2 3.68713E-2 1.92521E-2 3.11032E-2 1.26018E-1 2.08288E-2 1.65108E-2 1.35157E-2 1.96126E-2 2.67414E-2 4.29324E-2 7.91651E-3 6.4515E-3 7.39972E-3 1.14163E-2 2.16517E-2 4.23819E-2 1.5603E-2 2.56357E-2 9.11408E-3 7.19632E-3 5.8319E-3 9.2507E-3 1.18684E-2 1.59854E-2 2.52385E-2 3.17285E-2 3.70909E-2 4.41894E-2 4.45351E-2 4.12107E-2 3.7382E-2 3.72585E-2 4.22217E-2 4.80434E-2 4.67982E-2 5.12289E-2 5.55329E-2 5.53534E-2 5.47115E-2 5.81357E-2 5.60485E-2 5.30122E-2 4.95588E-2 4.85313E-2 4.75937E-2 4.73333E-2 4.90538E-2 4.88239E-2 4.50916E-2 4.20748E-2 4.3307E-2 4.27396E-2 4.2903E-2
3.11581E-2 4.89941E-2 2.12772E-1 1.54612E-1 7.95989E-2 1.06331E-1 6.89395E-2 7.23019E-2 3.59188E-2 1.89713E-2 3.91261E-2 8.6632E-2 6.66853E-2 2.18098E-2 1.69075E-2 1.03566E-2 2.0398E-2 5.61696E-2 1.03897E-2 7.04872E-3 8.87166E-3 9.118E-3 1.61572E-2 3.50028E-2 2.78452E-2 1.80037E-2 1.4137E-2 1.25121E-2 7.80012E-3 1.12324E-2 8.39039E-3 1.1888E-2 1.75738E-2 2.78261E-2 3.05172E-2 3.66622E-2 4.63184E-2 4.75384E-2 4.50674E-2 4.24866E-2 4.22924E-2 4.57468E-2 5.22767E-2 5.75559E-2 6.13214E-2 6.06446E-2 5.94653E-2 5.43372E-2 5.86058E-2 5.16153E-2 4.94756E-2 4.85553E-2 4.85333E-2 4.85988E-2 4.85435E-2 4.99886E-2 4.29476E-2 4.07946E-2 4.09209E-2 4.28314E-2 4.21641E-2
3.11755E-2 6.50107E-2 2.24021E-1 3.98102E-2 3.49784E-2 2.78755E-2 2.37698E-2 3.13491E-2 2.59975E-2 2.38102E-2 4.58148E-2 6.27643E-2 3.54016E-2 2.22388E-2 5.0337E-2 1.7002E-2 1.71322E-2 5.36959E-2 1.54348E-2 1.10343E-2 8.76672E-3 1.0173E-2 1.57988E-2 2.3349E-2 4.63286E-2 2.18223E-2 1.37285E-2 8.19192E-3 8.53979E-3 1.35602E-2 8.57545E-3 1.11748E-2 1.41123E-2 2.4137E-2 2.82053E-2 3.49712E-2 4.54034E-2 4.97456E-2 5.07034E-2 4.78681E-2 4.73607E-2 4.62772E-2 5.47612E-2 5.77412E-2 5.87588E-2 6.12347E-2 6.22863E-2 5.57693E-2 5.8134E-2 5.40308E-2 4.9015E-2 4.93837E-2 4.94785E-2 5.11175E-2 5.64463E-2 5.45962E-2 4.53584E-2 4.48291E-2 4.95943E-2 4.71366E-2 4.41116E-2
5.12885E-2 1.12456E-1 2.32219E-1 5.09924E-2 4.18925E-2 2.22918E-2 2.61286E-2 2.40525E-2 1.88667E-2 4.86772E-2 1.15535E-1 4.38435E-2 1.8347E-2 1.37743E-2 6.02196E-2 1.906E-2 1.67436E-2 7.03836E-2 1.56432E-2 9.6259E-3 8.96537E-3 9.50653E-3 1.19342E-2 2.33856E-2 5.85792E-2 1.60657E-2 9.46737E-3 9.256E-3 1.05735E-2 1.754E-2 9.35941E-3 1.2426E-2 1.83486E-2 2.42693E-2 2.65735E-2 3.21765E-2 4.47632E-2 5.19305E-2 5.14762E-2 5.27238E-2 5.17679E-2 5.40796E-2 6.35032E-2 6.49422E-2 6.03641E-2 6.07201E-2 6.41671E-2 5.70829E-2 5.88874E-2 5.30938E-2 5.64544E-2 5.17804E-2 5.06028E-2 5.60294E-2 5.82915E-2 4.99089E-2 4.59896E-2 4.61069E-2 4.74585E-2 4.45369E-2 4.44185E-2
1.76044E-1 1.15377E-1 4.96263E-2 3.62345E-2 3.5377E-2 2.57752E-2 4.12261E-2 2.19564E-2 2.44397E-2 4.58538E-2 8.45158E-2 1.88608E-2 1.55345E-2 3.29177E-2 4.51866E-2 1.57891E-2 1.36865E-2 7.78368E-2 2.75E-2 1.54907E-2 1.94305E-2 1.17412E-2 1.49829E-2 3.1407E-2 6.10595E-2 2.18284E-2 1.14689E-2 1.72808E-2 1.26697E-2 1.86183E-2 1.35325E-2 1.24067E-2 1.54535E-2 2.60442E-2 2.88628E-2 2.90645E-2 3.59487E-2 5.49389E-2 5.81449E-2 5.84872E-2 5.74206E-2 6.32444E-2 6.49826E-2 6.73292E-2 6.70084E-2 6.6733E-2 6.77079E-2 5.9501E-2 5.84847E-2 5.70112E-2 5.42488E-2 4.74179E-2 4.80711E-2 4.77801E-2 4.13253E-2 3.64475E-2 3.41347E-2 3.26794E-2 3.41085E-2 3.44109E-2 3.87496E-2
1.12476E-1 1.69875E-1 2.93722E-2 3.70498E-2 4.52845E-2 3.96897E-2 3.69046E-2 2.48538E-2 3.89429E-2 4.50453E-2 7.37286E-2 2.07655E-2 3.92488E-2 5.80933E-2 3.07447E-2 4.16664E-2 4.08586E-2 6.00826E-2 5.75521E-2 1.41279E-2 1.55749E-2 1.96437E-2 2.30613E-2 3.86087E-2 5.50558E-2 5.31148E-2 1.72167E-2 2.14661E-2 1.5139E-2 1.7098E-2 1.76241E-2 1.4651E-2 2.14241E-2 3.32433E-2 4.12251E-2 4.19819E-2 4.82922E-2 4.68965E-2 5.01041E-2 5.67019E-2 5.24618E-2 5.91824E-2 5.84925E-2 5.87272E-2 5.81059E-2 5.8389E-2 5.83764E-2 5.59244E-2 5.21443E-2 5.27399E-2 5.04336E-2 4.77531E-2 4.55662E-2 4.00419E-2 3.24568E-2 2.56984E-2 2.3257E-2 2.05498E-2 2.19902E-2 2.45932E-2 2.78625E-2
