maxent_outputs/bumblebees/bombus_312.asc
ncols         426
nrows         180
xllcorner     -130.0
yllcorner     24.0
cellsize      0.16666666666666666
NODATA_value  -9999
[rows 0 to 26 of 180, columns 0 to 60 of 426]
3.35454E-1 2.81915E-1 2.56697E-1 1.98623E-1 2.04442E-1 2.39996E-1 2.92645E-1 3.39337E-1 2.58876E-1 1.94659E-1 1.31413E-1 8.06253E-2 7.80257E-2 8.06292E-2 8.8464E-2 1.04502E-1 1.06754E-1 1.11886E-1 1.13186E-1 9.42978E-2 1.00708E-1 1.14206E-1 1.0349E-1 9.42036E-2 9.21513E-2 9.21456E-2 9.17609E-2 8.4912E-2 7.853E-2 7.95344E-2 7.75501E-2 8.51297E-2 9.54199E-2 9.45796E-2 9.74138E-2 9.72824E-2 9.36101E-2 9.73688E-2 1.05437E-1 1.01728E-1 1.14293E-1 1.199E-1 1.29734E-1 1.43668E-1 1.30701E-1 1.11433E-1 1.33615E-1 1.25359E-1 1.23089E-1 1.3628E-1 1.32029E-1 1.10159E-1 8.97838E-2 8.30377E-2 9.29304E-2 7.1888E-2 6.21453E-2 3.81552E-2 4.39818E-2 3.69975E-2 3.56818E-2
4.35766E-1 3.45984E-1 2.63216E-1 3.01272E-1 2.61134E-1 3.17131E-1 3.72074E-1 3.12164E-1 1.98486E-1 2.03342E-1 1.5316E-1 9.9348E-2 8.11812E-2 7.24393E-2 8.96425E-2 8.29566E-2 8.4831E-2 1.1955E-1 1.18711E-1 1.23555E-1 1.06356E-1 7.09564E-2 9.55889E-2 1.04487E-1 1.03632E-1 9.0843E-2 8.58205E-2 8.2762E-2 8.16343E-2 7.77311E-2 7.76867E-2 8.87189E-2 8.45376E-2 7.50236E-2 5.96662E-2 6.21181E-2 6.33044E-2 7.95252E-2 9.16372E-2 8.71383E-2 9.94296E-2 1.14697E-1 1.19296E-1 1.37572E-1 1.28225E-1 9.88636E-2 1.13778E-1 1.03563E-1 1.0372E-1 1.17995E-1 7.33954E-2 9.57193E-2 1.16178E-1 1.35273E-1 1.42119E-1 7.3666E-2 5.70041E-2 5.9593E-2 5.47569E-2 4.29443E-2 3.80827E-2
5.61972E-1 4.36895E-1 4.15219E-1 3.50745E-1 3.99085E-1 3.11678E-1 3.46741E-1 3.00111E-1 1.8564E-1 1.87496E-1 1.45499E-1 1.38597E-1 1.5861E-1 8.18543E-2 7.97152E-2 7.38859E-2 9.61411E-2 9.89515E-2 1.1753E-1 1.25803E-1 8.58727E-2 7.14236E-2 8.37301E-2 8.45132E-2 7.51991E-2 8.62747E-2 8.07764E-2 7.62387E-2 7.89026E-2 7.86399E-2 8.78682E-2 8.03144E-2 6.93626E-2 6.4157E-2 6.78022E-2 6.44837E-2 6.9121E-2 7.5321E-2 8.2045E-2 8.45304E-2 9.59389E-2 1.03282E-1 1.00938E-1 1.3577E-1 1.18126E-1 7.25515E-2 7.73457E-2 1.05802E-1 8.2067E-2 9.00964E-2 9.9599E-2 7.77632E-2 6.16901E-2 6.3693E-2 8.19932E-2 1.21933E-1 1.10852E-1 5.31261E-2 4.59468E-2 4.28207E-2 3.94021E-2
6.62337E-1 5.39172E-1 5.07274E-1 5.12654E-1 5.27212E-1 3.82276E-1 3.73532E-1 3.00286E-1 2.83797E-1 2.12434E-1 1.79109E-1 1.89515E-1 1.129E-1 9.94162E-2 8.41995E-2 8.65121E-2 1.03004E-1 1.26715E-1 1.53007E-1 1.23869E-1 9.24982E-2 5.81256E-2 6.52866E-2 6.72914E-2 8.20382E-2 8.35172E-2 8.6272E-2 9.04156E-2 8.81886E-2 8.6154E-2 8.36098E-2 6.33726E-2 6.54354E-2 6.60689E-2 6.5818E-2 7.16154E-2 6.90768E-2 7.2396E-2 7.91771E-2 7.67627E-2 8.89476E-2 1.00732E-1 1.02553E-1 1.25248E-1 1.32197E-1 9.04341E-2 8.53617E-2 8.90242E-2 8.70413E-2 8.05884E-2 9.41952E-2 8.95785E-2 6.90118E-2 5.89727E-2 5.77146E-2 6.53993E-2 7.43687E-2 1.00253E-1 7.47565E-2 3.91366E-2 4.36201E-2
6.75077E-1 7.04588E-1 6.32566E-1 6.42845E-1 5.60971E-1 5.18043E-1 4.22999E-1 3.42164E-1 2.56037E-1 2.04154E-1 1.48634E-1 1.60828E-1 1.8881E-1 1.69423E-1 1.1563E-1 1.21997E-1 1.12971E-1 1.046E-1 1.17395E-1 1.23247E-1 1.29316E-1 1.19881E-1 9.08583E-2 8.63155E-2 9.05274E-2 8.61439E-2 8.69441E-2 8.03877E-2 6.17173E-2 5.31648E-2 6.01683E-2 6.94985E-2 6.01385E-2 5.79427E-2 6.02618E-2 6.6006E-2 7.31859E-2 7.84246E-2 8.07583E-2 7.55689E-2 8.16888E-2 9.25884E-2 1.08181E-1 1.12567E-1 1.1551E-1 1.15876E-1 9.61587E-2 8.85397E-2 8.36003E-2 8.01036E-2 7.92355E-2 1.05336E-1 9.87725E-2 7.13859E-2 6.52405E-2 5.16782E-2 3.94932E-2 3.92477E-2 5.88934E-2 9.63299E-2 6.33262E-2
7.94303E-1 7.91943E-1 7.7307E-1 6.59368E-1 6.18131E-1 5.1562E-1 4.41187E-1 3.74565E-1 4.0767E-1 3.21293E-1 1.74926E-1 1.6562E-1 1.88803E-1 2.04866E-1 1.80997E-1 1.27438E-1 1.19053E-1 1.45606E-1 8.47406E-2 1.07075E-1 8.01194E-2 9.37197E-2 1.03092E-1 9.95718E-2 9.60536E-2 9.37261E-2 8.48508E-2 7.6492E-2 7.04137E-2 6.43283E-2 5.80848E-2 6.48138E-2 6.60088E-2 6.56996E-2 6.11522E-2 5.82368E-2 6.20735E-2 6.88567E-2 7.75515E-2 6.22765E-2 5.75193E-2 7.41727E-2 7.70891E-2 9.55597E-2 1.3085E-1 1.22199E-1 1.11604E-1 9.68584E-2 7.9395E-2 7.1183E-2 6.88047E-2 7.1938E-2 8.93803E-2 7.99752E-2 5.77054E-2 6.04484E-2 4.14337E-2 3.21446E-2 4.15535E-2 3.80936E-2 6.33624E-2
-9999 8.72489E-1 8.12785E-1 7.74005E-1 7.30264E-1 6.39184E-1 5.22772E-1 4.72012E-1 4.74249E-1 4.14324E-1 2.90803E-1 2.97042E-1 1.98703E-1 1.75687E-1 1.26725E-1 1.16382E-1 1.04892E-1 2.0889E-1 9.78155E-2 1.59935E-1 8.9882E-2 1.07117E-1 1.2443E-1 1.0332E-1 9.44268E-2 8.49351E-2 7.65949E-2 6.76425E-2 6.16991E-2 6.24062E-2 5.79825E-2 5.28073E-2 4.89138E-2 4.9365E-2 5.49109E-2 5.53425E-2 5.8267E-2 5.83154E-2 7.22016E-2 6.29225E-2 5.25746E-2 6.87005E-2 7.2524E-2 7.88925E-2 1.11932E-1 1.36701E-1 1.19519E-1 1.03082E-1 9.0773E-2 7.85522E-2 6.71092E-2 6.3517E-2 8.92427E-2 8.01358E-2 7.21653E-2 5.96949E-2 5.06367E-2 4.31379E-2 2.82619E-2 2.48797E-2 4.39957E-2
-9999 -9999 -9999 8.59267E-1 7.43211E-1 7.14991E-1 6.26622E-1 5.67845E-1 5.33895E-1 6.1897E-1 5.37455E-1 4.21624E-1 3.11851E-1 1.813E-1 1.38769E-1 1.36421E-1 1.26199E-1 1.68783E-1 2.3949E-1 1.34842E-1 1.18202E-1 1.30468E-1 1.37135E-1 9.14986E-2 6.04373E-2 5.03873E-2 7.2302E-2 5.45448E-2 3.64299E-2 4.57857E-2 3.97721E-2 3.81227E-2 4.06278E-2 4.31835E-2 4.69232E-2 4.77475E-2 4.9037E-2 5.23125E-2 5.96504E-2 5.7118E-2 4.72683E-2 5.70426E-2 6.04636E-2 6.10087E-2 1.06548E-1 1.28167E-1 9.64841E-2 1.10084E-1 9.48617E-2 9.10689E-2 7.83396E-2 8.78088E-2 7.10981E-2 7.14789E-2 8.56238E-2 7.82902E-2 5.08578E-2 5.89824E-2 3.92069E-2 3.34774E-2 3.4257E-2
-9999 -9999 -9999 9.19014E-1 8.13216E-1 7.55307E-1 7.47974E-1 7.61301E-1 6.33892E-1 6.48864E-1 6.34345E-1 5.92887E-1 4.73427E-1 2.83423E-1 2.47716E-1 1.93915E-1 2.62444E-1 2.30505E-1 1.37051E-1 1.15392E-1 1.08234E-1 9.56384E-2 8.52791E-2 5.62141E-2 4.87157E-2 4.78254E-2 6.40279E-2 6.61785E-2 5.73609E-2 5.31712E-2 4.46305E-2 4.12521E-2 4.73467E-2 4.57131E-2 4.66967E-2 4.70981E-2 4.62812E-2 5.05116E-2 4.766E-2 5.02085E-2 4.61989E-2 4.78844E-2 5.141E-2 6.12676E-2 1.00968E-1 1.20526E-1 7.97844E-2 9.90189E-2 1.07983E-1 1.00679E-1 1.11963E-1 9.54658E-2 9.37608E-2 1.12861E-1 1.07351E-1 7.87293E-2 8.22631E-2 8.84376E-2 6.87711E-2 4.05517E-2 3.02112E-2
-9999 -9999 -9999 -9999 -9999 8.86034E-1 8.34329E-1 8.09491E-1 7.32276E-1 7.64605E-1 7.49498E-1 6.87493E-1 5.75894E-1 4.28672E-1 3.17245E-1 3.16225E-1 3.48365E-1 2.00812E-1 1.93248E-1 2.31105E-1 1.99763E-1 1.49597E-1 1.14442E-1 1.10112E-1 8.81706E-2 7.92291E-2 7.31912E-2 6.65457E-2 6.34915E-2 5.67507E-2 4.89573E-2 4.40387E-2 4.9421E-2 4.6485E-2 4.90756E-2 4.58953E-2 4.52781E-2 4.7085E-2 4.7679E-2 4.74342E-2 4.75765E-2 4.78197E-2 4.96749E-2 5.71197E-2 7.50033E-2 1.02096E-1 9.37562E-2 8.71376E-2 9.29731E-2 1.02308E-1 1.10181E-1 1.19419E-1 1.19193E-1 1.0722E-1 1.11355E-1 8.4337E-2 5.22841E-2 6.64888E-2 7.73931E-2 6.13268E-2 6.45422E-2
-9999 -9999 -9999 -9999 -9999 -9999 -9999 8.35294E-1 8.21057E-1 8.56618E-1 8.40008E-1 8.18251E-1 6.6621E-1 5.41159E-1 4.19301E-1 3.39122E-1 2.71926E-1 1.95433E-1 2.6707E-1 1.18675E-1 1.01089E-1 1.02685E-1 5.99204E-2 8.41478E-2 5.40536E-2 9.12327E-2 5.00846E-2 5.92014E-2 6.57566E-2 5.79471E-2 5.40113E-2 4.79526E-2 5.15673E-2 5.31576E-2 4.82034E-2 4.90714E-2 4.95105E-2 4.60056E-2 4.91461E-2 4.53934E-2 4.40409E-2 4.7507E-2 4.63646E-2 5.17338E-2 6.28949E-2 7.99232E-2 1.09533E-1 9.36656E-2 8.44454E-2 7.88921E-2 8.66677E-2 9.81154E-2 9.3048E-2 9.05577E-2 9.63826E-2 9.11257E-2 5.94864E-2 5.86296E-2 1.14227E-1 5.78495E-2 5.92156E-2
-9999 -9999 -9999 -9999 -9999 -9999 -9999 -9999 9.136E-1 8.81407E-1 8.72333E-1 8.15654E-1 7.49274E-1 5.4116E-1 4.72141E-1 3.24622E-1 2.62733E-1 1.6276E-1 1.21527E-1 2.17593E-1 2.20328E-1 9.27604E-2 4.71091E-2 4.90852E-2 7.4992E-2 6.07307E-2 4.75139E-2 5.11061E-2 5.36461E-2 6.52114E-2 6.14362E-2 5.76055E-2 5.92618E-2 5.6965E-2 5.62618E-2 5.62116E-2 5.3074E-2 5.23373E-2 5.61571E-2 5.50997E-2 6.04548E-2 5.17669E-2 4.66849E-2 4.9173E-2 6.70785E-2 7.68282E-2 1.11604E-1 1.04974E-1 1.02789E-1 8.51035E-2 7.65087E-2 8.4739E-2 9.02981E-2 7.67364E-2 6.24551E-2 8.19416E-2 7.43842E-2 6.35188E-2 9.32567E-2 1.02218E-1 7.20701E-2
-9999 -9999 -9999 -9999 -9999 -9999 -9999 -9999 -9999 9.08713E-1 8.74563E-1 7.76883E-1 7.66486E-1 5.89883E-1 3.96583E-1 2.84314E-1 3.02691E-1 1.69395E-1 1.13305E-1 2.07133E-1 1.54754E-1 1.06523E-1 9.07645E-2 4.95122E-2 3.69778E-2 7.41936E-2 4.49735E-2 4.30923E-2 5.54745E-2 5.78001E-2 6.51159E-2 6.65452E-2 7.03298E-2 6.59984E-2 5.84313E-2 5.81122E-2 5.42847E-2 5.69634E-2 4.9745E-2 5.12503E-2 5.89176E-2 6.59841E-2 6.34415E-2 6.22617E-2 7.50308E-2 8.41599E-2 9.29343E-2 8.25236E-2 9.01503E-2 9.36931E-2 8.63628E-2 8.21925E-2 8.34611E-2 9.5873E-2 1.03037E-1 1.11583E-1 1.1242E-1 1.04196E-1 1.04457E-1 1.41566E-1 6.11863E-2
-9999 -9999 -9999 -9999 -9999 -9999 -9999 -9999 -9999 -9999 8.82696E-1 7.8313E-1 6.88238E-1 5.61851E-1 4.4635E-1 4.60622E-1 3.49759E-1 2.86819E-1 1.94611E-1 1.91177E-1 2.52952E-1 1.21066E-1 8.89711E-2 7.18398E-2 4.54245E-2 6.45484E-2 1.0242E-1 6.41731E-2 4.52066E-2 3.41853E-2 4.46162E-2 6.50395E-2 4.63033E-2 7.48476E-2 6.07741E-2 6.53783E-2 5.89419E-2 5.79518E-2 5.67496E-2 5.45535E-2 5.22689E-2 5.31565E-2 5.53755E-2 6.45041E-2 7.1245E-2 1.10576E-1 8.73119E-2 7.90939E-2 7.44133E-2 7.69792E-2 8.55338E-2 8.65831E-2 8.5655E-2 8.71072E-2 9.01289E-2 8.91614E-2 8.51559E-2 7.96367E-2 7.01034E-2 1.08891E-1 6.33833E-2
-9999 -9999 -9999 -9999 -9999 -9999 -9999 -9999 -9999 -9999 -9999 6.76902E-1 5.85877E-1 6.69021E-1 5.86045E-1 4.23375E-1 2.97877E-1 2.48241E-1 2.00738E-1 2.03249E-1 1.68074E-1 1.20067E-1 9.25266E-2 4.58977E-2 4.43838E-2 6.25176E-2 1.22247E-1 6.02314E-2 3.54992E-2 4.86957E-2 4.0629E-2 3.3176E-2 3.41174E-2 7.55686E-2 5.29604E-2 5.88118E-2 5.39368E-2 6.25316E-2 5.27024E-2 4.84305E-2 5.22074E-2 5.38141E-2 4.94267E-2 5.45637E-2 6.57735E-2 9.80003E-2 1.03268E-1 7.33269E-2 7.05188E-2 6.46945E-2 6.7371E-2 7.01621E-2 7.30563E-2 7.72414E-2 7.55949E-2 7.64166E-2 7.61961E-2 7.3641E-2 9.9869E-2 1.36754E-1 9.74919E-2
-9999 -9999 -9999 -9999 -9999 -9999 -9999 -9999 -9999 -9999 -9999 7.20493E-1 6.65497E-1 7.22046E-1 5.90066E-1 4.81202E-1 4.17351E-1 3.61049E-1 2.05932E-1 1.40856E-1 1.30666E-1 1.19153E-1 7.64635E-2 4.7211E-2 7.03426E-2 1.16354E-1 8.74463E-2 3.662E-2 2.71834E-2 4.9728E-2 6.47075E-2 5.54248E-2 5.44904E-2 6.58446E-2 4.87155E-2 6.60859E-2 4.09663E-2 4.39324E-2 5.41873E-2 4.64556E-2 4.93858E-2 5.14856E-2 4.77666E-2 5.08503E-2 6.15178E-2 7.40933E-2 1.22635E-1 7.69739E-2 7.03817E-2 6.15631E-2 6.23718E-2 6.29723E-2 6.75074E-2 7.55876E-2 7.26968E-2 7.29864E-2 7.30056E-2 7.21748E-2 1.16452E-1 9.13934E-2 6.40704E-2
-9999 -9999 -9999 -9999 -9999 -9999 -9999 -9999 -9999 -9999 -9999 -9999 -9999 7.24378E-1 6.5369E-1 6.18387E-1 5.12395E-1 4.08765E-1 2.39925E-1 2.01278E-1 2.66314E-1 1.57672E-1 1.59402E-1 1.2106E-1 7.58176E-2 1.51088E-1 1.7456E-1 6.36408E-2 3.95003E-2 9.24512E-2 1.3652E-1 5.35854E-2 3.17765E-2 3.25631E-2 3.52791E-2 8.39364E-2 4.88265E-2 4.01354E-2 5.14565E-2 2.86717E-2 2.78142E-2 3.47491E-2 4.01104E-2 5.0863E-2 4.66224E-2 5.20802E-2 9.22764E-2 9.41389E-2 6.20829E-2 6.23035E-2 6.42429E-2 6.73411E-2 7.24585E-2 7.73464E-2 7.55441E-2 6.8137E-2 6.72053E-2 6.80294E-2 9.59442E-2 1.21451E-1 1.15657E-1
-9999 -9999 -9999 -9999 -9999 -9999 -9999 -9999 -9999 -9999 -9999 -9999 -9999 7.40464E-1 6.75711E-1 6.51654E-1 5.56683E-1 5.26692E-1 4.81517E-1 4.50405E-1 3.12801E-1 2.44807E-1 1.90917E-1 2.39437E-1 1.12296E-1 1.4501E-1 3.5788E-1 7.57535E-2 4.08993E-2 1.35552E-1 1.86898E-1 6.94907E-2 2.73635E-2 4.2896E-2 4.21812E-2 5.03952E-2 3.66833E-2 2.57781E-2 3.78789E-2 3.07418E-2 2.70123E-2 3.05512E-2 4.26388E-2 5.25766E-2 3.8379E-2 4.67579E-2 5.4905E-2 9.7857E-2 8.09267E-2 5.84729E-2 7.30707E-2 8.35715E-2 6.83802E-2 6.97061E-2 7.71467E-2 6.9199E-2 6.22985E-2 6.23712E-2 1.0033E-1 1.11044E-1 9.65482E-2
-9999 -9999 -9999 -9999 -9999 8.86719E-1 -9999 -9999 -9999 -9999 8.11918E-1 7.42901E-1 7.53635E-1 7.17495E-1 7.60356E-1 7.1213E-1 6.90526E-1 6.76444E-1 6.75546E-1 5.89206E-1 5.01144E-1 3.75524E-1 3.53401E-1 2.34977E-1 2.15179E-1 1.92354E-1 2.77172E-1 1.77394E-1 7.89095E-2 8.59743E-2 2.74607E-1 1.91938E-1 8.5024E-2 9.88689E-2 4.61401E-2 5.09134E-2 3.69704E-2 2.22887E-2 3.13494E-2 4.14919E-2 3.60648E-2 3.84903E-2 6.45891E-2 7.89666E-2 6.16248E-2 5.02656E-2 7.42976E-2 6.96818E-2 1.07363E-1 6.76753E-2 7.41124E-2 1.00778E-1 7.0803E-2 7.25326E-2 9.48292E-2 7.63141E-2 6.38961E-2 7.11782E-2 1.35847E-1 8.31262E-2 7.4127E-2
-9999 -9999 -9999 -9999 -9999 -9999 8.89559E-1 7.97582E-1 8.11397E-1 7.85178E-1 7.25249E-1 6.15306E-1 5.3745E-1 4.79755E-1 5.17002E-1 6.41432E-1 6.74187E-1 7.70094E-1 7.48996E-1 6.92463E-1 6.58129E-1 5.14652E-1 4.1778E-1 3.22944E-1 2.769E-1 3.03591E-1 2.40402E-1 2.56552E-1 1.75132E-1 1.13943E-1 2.85388E-1 1.30967E-1 7.90517E-2 5.2678E-2 8.18228E-2 4.78128E-2 5.28994E-2 3.771E-2 5.88434E-2 4.47251E-2 4.38293E-2 4.1987E-2 5.8169E-2 4.47627E-2 3.85608E-2 6.73559E-2 1.10452E-1 1.13041E-1 1.57266E-1 6.80465E-2 7.62106E-2 8.59412E-2 1.53808E-1 1.10972E-1 1.27413E-1 1.43778E-1 1.40811E-1 1.49085E-1 1.33562E-1 9.28971E-2 9.85273E-2
-9999 -9999 -9999 -9999 -9999 -9999 -9999 -9999 -9999 -9999 7.13062E-1 6.15979E-1 5.35877E-1 4.85942E-1 5.0828E-1 5.15922E-1 5.08355E-1 5.83996E-1 6.30117E-1 5.23216E-1 6.60448E-1 5.60078E-1 5.18068E-1 4.06896E-1 4.33514E-1 4.19465E-1 4.14626E-1 3.04609E-1 2.57575E-1 2.1436E-1 3.03575E-1 1.79833E-1 1.12921E-1 1.42621E-1 1.84216E-1 1.66745E-1 6.67538E-2 4.18643E-2 5.75941E-2 8.25344E-2 7.90819E-2 8.10553E-2 4.95748E-2 5.89985E-2 7.12301E-2 1.1736E-1 4.11075E-2 7.71811E-2 7.97486E-2 9.79329E-2 6.58991E-2 9.60578E-2 1.24274E-1 6.34837E-2 7.61836E-2 7.3257E-2 7.52989E-2 8.9379E-2 9.8529E-2 1.10231E-1 1.23832E-1
-9999 -9999 -9999 -9999 -9999 -9999 -9999 -9999 -9999 -9999 -9999 6.68556E-1 5.54752E-1 4.33786E-1 3.30902E-1 3.70011E-1 2.63975E-1 2.57645E-1 3.59529E-1 2.24091E-1 2.50883E-1 2.19841E-1 3.2237E-1 3.02824E-1 3.96235E-1 4.08787E-1 4.6874E-1 5.07353E-1 4.38574E-1 4.45916E-1 2.49198E-1 2.40207E-1 1.88616E-1 2.36425E-1 1.31289E-1 1.1533E-1 5.56884E-2 5.99547E-2 1.0157E-1 3.91435E-2 4.67857E-2 6.67005E-2 1.17665E-1 1.17133E-1 7.27978E-2 5.38458E-2 4.73033E-2 4.22543E-2 4.66975E-2 1.01897E-1 8.73509E-2 1.19751E-1 1.28602E-1 6.58804E-2 6.94051E-2 7.57321E-2 6.80762E-2 8.73674E-2 8.7122E-2 7.50156E-2 8.13986E-2
-9999 -9999 -9999 -9999 -9999 -9999 -9999 -9999 -9999 -9999 -9999 -9999 6.04726E-1 4.3504E-1 3.17417E-1 2.97657E-1 2.62863E-1 2.61179E-1 2.92216E-1 2.39308E-1 2.18847E-1 1.91592E-1 1.65738E-1 2.00959E-1 3.01226E-1 2.95795E-1 3.79384E-1 4.15705E-1 5.54585E-1 5.81273E-1 5.21246E-1 4.85605E-1 2.79596E-1 2.63023E-1 1.56068E-1 1.55616E-1 1.49841E-1 1.1884E-1 1.25273E-1 7.89619E-2 6.10817E-2 8.45581E-2 1.21026E-1 8.07875E-2 1.28092E-1 8.0424E-2 4.37161E-2 6.51292E-2 5.71045E-2 6.52925E-2 1.8566E-1 1.30971E-1 9.55285E-2 1.19564E-1 9.03016E-2 7.73217E-2 8.04607E-2 1.15958E-1 8.05618E-2 8.9442E-2 8.14411E-2
-9999 -9999 -9999 -9999 -9999 -9999 -9999 -9999 -9999 -9999 -9999 -9999 5.10684E-1 4.40282E-1 4.15295E-1 3.34188E-1 3.66296E-1 3.0986E-1 2.40292E-1 1.8226E-1 1.88091E-1 1.94758E-1 1.31037E-1 1.51889E-1 1.61134E-1 2.29778E-1 3.31785E-1 4.33603E-1 5.63799E-1 6.93496E-1 6.71935E-1 6.69605E-1 4.15441E-1 4.28997E-1 2.34716E-1 1.74239E-1 2.26671E-1 2.5043E-1 9.28585E-2 1.13908E-1 8.318E-2 1.38507E-1 8.71896E-2 4.65316E-2 1.25959E-1 9.1589E-2 5.1417E-2 5.86848E-2 4.77695E-2 7.54424E-2 1.62817E-1 8.64597E-2 6.5167E-2 1.13757E-1 1.18454E-1 1.13532E-1 9.70731E-2 8.33971E-2 8.33384E-2 7.79234E-2 6.97748E-2
-9999 -9999 -9999 -9999 -9999 -9999 -9999 -9999 -9999 -9999 -9999 -9999 -9999 -9999 -9999 5.13146E-1 4.13968E-1 3.06324E-1 3.08204E-1 2.49123E-1 1.9576E-1 1.61214E-1 1.73529E-1 1.62197E-1 1.29015E-1 1.48236E-1 2.49697E-1 3.01458E-1 4.90718E-1 5.75519E-1 7.41278E-1 6.93821E-1 5.76064E-1 4.23527E-1 3.60935E-1 2.99191E-1 2.86782E-1 1.5999E-1 1.00194E-1 1.10009E-1 2.1486E-1 1.15681E-1 6.02492E-2 6.02308E-2 7.47002E-2 1.5396E-1 8.28236E-2 7.66673E-2 1.02544E-1 9.50761E-2 9.85316E-2 1.78136E-1 8.25469E-2 1.02446E-1 1.02236E-1 8.83198E-2 8.89297E-2 7.14938E-2 6.15677E-2 5.71984E-2 7.0713E-2
-9999 -9999 -9999 -9999 -9999 -9999 -9999 -9999 -9999 -9999 -9999 -9999 -9999 -9999 -9999 -9999 -9999 4.67579E-1 3.7454E-1 2.94523E-1 2.83427E-1 2.60224E-1 1.81931E-1 2.01166E-1 1.27779E-1 1.05627E-1 1.35322E-1 1.20457E-1 2.07593E-1 4.7894E-1 5.73183E-1 -9999 6.55344E-1 5.72629E-1 5.00938E-1 5.79039E-1 4.07875E-1 2.05918E-1 1.81713E-1 1.6315E-1 1.64018E-1 2.23878E-1 9.39135E-2 1.26899E-1 7.24758E-2 9.72212E-2 1.7034E-1 1.88113E-1 1.20784E-1 1.057E-1 1.12052E-1 2.05002E-1 1.09971E-1 8.44454E-2 8.43451E-2 9.75612E-2 8.87696E-2 7.12586E-2 7.13296E-2 7.08084E-2 8.20951E-2
-9999 -9999 -9999 -9999 -9999 -9999 -9999 -9999 -9999 -9999 -9999 -9999 -9999 -9999 -9999 -9999 -9999 -9999 5.0237E-1 3.86552E-1 4.48562E-1 2.87073E-1 2.38317E-1 1.95118E-1 1.43229E-1 1.05679E-1 1.32491E-1 8.7707E-2 1.84073E-1 2.48054E-1 3.98697E-1 5.20455E-1 6.19514E-1 5.41532E-1 4.61881E-1 6.5615E-1 4.00819E-1 3.4321E-1 1.8724E-1 2.37392E-1 2.47911E-1 1.44314E-1 1.56432E-1 1.32055E-1 1.82113E-1 1.25704E-1 1.25101E-1 1.25655E-1 3.59378E-1 2.44323E-1 1.19092E-1 2.18841E-1 1.14713E-1 8.65153E-2 8.85253E-2 1.01306E-1 9.19469E-2 8.85709E-2 6.30984E-2 5.60982E-2 7.05476E-2
