maxent_outputs/bumblebees/bombus_170.asc
ncols         426
nrows         180
xllcorner     -130.0
yllcorner     24.0
cellsize      0.16666666666666666
NODATA_value  -9999
[rows 54 to 80 of 180, columns 305 to 365 of 426]
6.87149E-1 6.81792E-1 6.84625E-1 6.78432E-1 6.7492E-1 6.69423E-1 6.61794E-1 6.54115E-1 6.50773E-1 6.49353E-1 6.42604E-1 6.46161E-1 6.43872E-1 6.39421E-1 6.41931E-1 6.42853E-1 6.38461E-1 6.36799E-1 6.46547E-1 6.51856E-1 6.59938E-1 6.67392E-1 6.58617E-1 6.72646E-1 6.85363E-1 6.80211E-1 6.69519E-1 6.6651E-1 6.60931E-1 6.61779E-1 6.54694E-1 6.49902E-1 6.35038E-1 5.96845E-1 5.72752E-1 6.02843E-1 6.18746E-1 6.45756E-1 6.68783E-1 7.15258E-1 7.05212E-1 6.76061E-1 6.73269E-1 6.79737E-1 6.70899E-1 6.50961E-1 6.37625E-1 6.704E-1 6.40698E-1 6.45846E-1 6.59661E-1 6.93363E-1 6.97502E-1 6.98512E-1 6.97871E-1 6.93614E-1 6.89715E-1 6.90401E-1 6.90994E-1 6.91104E-1 6.96868E-1
6.82543E-1 6.80111E-1 6.8571E-1 6.8197E-1 6.77272E-1 6.69154E-1 6.6246E-1 6.57126E-1 6.55028E-1 6.51223E-1 6.47227E-1 6.45371E-1 6.44874E-1 6.43237E-1 6.45274E-1 6.52428E-1 6.57835E-1 6.6857E-1 6.60219E-1 6.55093E-1 6.56079E-1 6.53446E-1 6.50598E-1 6.45999E-1 6.46345E-1 6.4393E-1 6.41661E-1 6.44477E-1 6.50377E-1 6.49039E-1 6.58224E-1 6.58337E-1 6.4213E-1 5.97815E-1 5.82598E-1 6.0666E-1 6.1196E-1 6.36521E-1 6.76353E-1 7.02294E-1 6.88672E-1 6.63937E-1 6.71318E-1 6.63212E-1 6.51501E-1 6.40089E-1 6.7263E-1 6.4649E-1 6.26999E-1 6.46618E-1 6.89281E-1 6.99646E-1 6.99407E-1 7.14014E-1 7.20018E-1 7.04407E-1 6.93868E-1 6.89097E-1 6.93976E-1 6.97871E-1 7.12239E-1
6.83362E-1 6.8481E-1 6.83293E-1 6.76546E-1 6.76685E-1 6.66248E-1 6.64346E-1 6.62883E-1 6.63486E-1 6.55936E-1 6.51093E-1 6.51541E-1 6.50491E-1 6.50624E-1 6.57318E-1 6.70535E-1 6.79298E-1 6.73679E-1 6.7526E-1 6.66843E-1 6.6207E-1 6.5051E-1 6.32516E-1 6.28372E-1 6.29448E-1 6.42025E-1 6.42589E-1 6.53541E-1 6.52063E-1 6.51672E-1 6.52077E-1 6.39484E-1 6.22026E-1 6.05279E-1 6.19887E-1 6.18148E-1 6.13118E-1 6.37692E-1 6.81289E-1 6.54878E-1 6.58791E-1 6.67559E-1 6.52872E-1 6.39448E-1 6.50111E-1 6.2223E-1 6.63877E-1 6.38476E-1 6.61607E-1 7.01158E-1 6.83767E-1 6.8454E-1 6.96263E-1 7.20278E-1 7.27359E-1 7.22531E-1 7.00538E-1 6.89708E-1 7.04257E-1 7.15883E-1 7.26606E-1
6.77218E-1 6.75575E-1 6.73456E-1 6.72126E-1 6.70915E-1 6.57104E-1 6.52217E-1 6.56738E-1 6.58449E-1 6.56066E-1 6.56892E-1 6.62382E-1 6.62659E-1 6.5901E-1 6.70358E-1 6.86313E-1 6.85346E-1 6.77848E-1 6.74376E-1 6.76992E-1 6.7168E-1 6.49828E-1 6.34885E-1 6.35853E-1 6.41536E-1 6.51241E-1 6.54706E-1 6.52408E-1 6.53349E-1 6.48022E-1 6.41226E-1 6.52435E-1 6.24937E-1 6.26538E-1 6.32061E-1 6.34576E-1 6.15591E-1 6.47269E-1 6.58656E-1 6.72458E-1 6.58844E-1 6.61261E-1 6.31332E-1 6.22692E-1 6.23875E-1 6.16587E-1 6.86876E-1 6.9262E-1 7.0508E-1 7.00552E-1 6.86045E-1 6.98352E-1 7.07502E-1 7.22077E-1 7.27262E-1 7.24298E-1 7.13298E-1 7.144E-1 7.22785E-1 7.32605E-1 7.36512E-1
6.65516E-1 6.72699E-1 6.72276E-1 6.67397E-1 6.65426E-1 6.60375E-1 6.6049E-1 6.56238E-1 6.63085E-1 6.64048E-1 6.68434E-1 6.70409E-1 6.67846E-1 6.68454E-1 6.84542E-1 6.97699E-1 7.00171E-1 7.03691E-1 7.01487E-1 6.755E-1 6.60473E-1 6.50869E-1 6.4901E-1 6.50214E-1 6.58037E-1 6.64398E-1 6.66854E-1 6.69578E-1 6.63174E-1 6.6115E-1 6.58721E-1 6.60642E-1 6.59976E-1 6.42011E-1 6.25263E-1 6.20913E-1 6.28256E-1 6.77925E-1 6.59929E-1 6.44813E-1 6.50411E-1 6.61007E-1 6.27795E-1 6.24492E-1 6.31709E-1 6.98958E-1 7.46651E-1 7.81937E-1 7.42377E-1 7.12054E-1 7.09049E-1 7.07327E-1 7.19738E-1 7.28567E-1 7.35112E-1 7.36602E-1 7.31312E-1 7.34781E-1 7.37546E-1 7.42832E-1 7.49495E-1
6.69212E-1 6.72531E-1 6.66556E-1 6.75414E-1 6.72287E-1 6.69812E-1 6.66139E-1 6.6645E-1 6.76484E-1 6.7895E-1 6.8079E-1 6.92719E-1 6.85006E-1 7.03237E-1 7.27129E-1 7.5263E-1 7.30385E-1 7.08169E-1 6.92053E-1 6.76449E-1 6.66084E-1 6.69245E-1 6.72864E-1 6.72745E-1 6.80534E-1 6.83944E-1 6.89123E-1 6.8692E-1 6.7981E-1 6.73109E-1 6.73806E-1 6.90964E-1 6.74231E-1 6.47093E-1 6.29306E-1 6.10938E-1 6.38908E-1 6.92917E-1 6.85764E-1 6.63034E-1 6.70811E-1 6.56528E-1 6.30644E-1 6.59281E-1 7.08246E-1 7.50363E-1 7.6159E-1 7.47838E-1 7.34766E-1 7.1519E-1 7.20152E-1 7.23325E-1 7.30855E-1 7.40213E-1 7.43225E-1 7.45311E-1 7.4809E-1 7.52991E-1 7.51265E-1 7.53509E-1 7.58341E-1
6.74391E-1 6.78384E-1 6.80162E-1 6.98722E-1 7.08493E-1 7.1958E-1 7.25253E-1 7.3037E-1 7.37459E-1 7.38124E-1 7.24118E-1 7.13871E-1 6.98596E-1 7.36261E-1 7.66291E-1 7.67237E-1 7.60083E-1 7.34422E-1 7.13508E-1 7.06098E-1 7.07443E-1 6.88471E-1 6.78408E-1 6.9302E-1 7.04865E-1 7.06437E-1 7.09404E-1 7.06138E-1 7.00439E-1 6.79657E-1 6.66416E-1 6.68343E-1 6.54439E-1 6.51268E-1 6.28905E-1 6.15813E-1 6.46653E-1 7.04958E-1 6.93425E-1 6.65696E-1 6.77133E-1 6.66717E-1 6.60129E-1 6.8148E-1 7.09358E-1 7.31626E-1 7.60865E-1 7.53159E-1 7.40091E-1 7.28874E-1 7.25974E-1 7.45162E-1 7.39339E-1 7.39621E-1 7.4558E-1 7.51477E-1 7.66811E-1 7.77877E-1 7.75325E-1 7.91099E-1 8.27492E-1
7.18318E-1 7.38527E-1 7.40681E-1 7.45904E-1 7.49509E-1 7.46351E-1 7.44449E-1 7.45982E-1 7.51443E-1 7.53785E-1 7.60189E-1 7.60081E-1 7.61566E-1 7.74894E-1 7.82376E-1 7.88604E-1 7.88148E-1 7.52308E-1 7.2309E-1 7.31429E-1 7.34145E-1 7.25085E-1 7.04822E-1 7.22655E-1 7.34892E-1 7.29858E-1 7.33156E-1 7.31948E-1 7.25542E-1 6.91497E-1 6.88302E-1 6.6973E-1 6.63045E-1 6.6772E-1 6.44285E-1 6.29829E-1 6.40998E-1 7.03508E-1 7.05485E-1 6.95969E-1 6.86513E-1 6.70712E-1 6.87285E-1 7.0291E-1 7.03722E-1 7.13655E-1 7.24045E-1 7.43348E-1 7.293E-1 7.25775E-1 7.21544E-1 7.31542E-1 7.30569E-1 7.44671E-1 7.78027E-1 7.82965E-1 7.79043E-1 8.01127E-1 -9999 8.66824E-1 -9999
7.49726E-1 7.47595E-1 7.47911E-1 7.46195E-1 7.4275E-1 7.38431E-1 7.36695E-1 7.37791E-1 7.45095E-1 7.541E-1 7.58442E-1 7.63018E-1 7.66189E-1 7.74665E-1 7.83425E-1 7.88842E-1 7.77975E-1 7.56961E-1 7.35688E-1 7.46076E-1 7.51143E-1 7.46478E-1 7.42307E-1 7.42698E-1 7.57377E-1 7.5581E-1 7.53419E-1 7.52081E-1 7.42625E-1 7.23614E-1 7.08062E-1 6.90788E-1 6.7437E-1 6.76874E-1 6.49962E-1 6.31438E-1 6.42345E-1 6.65905E-1 7.33416E-1 7.17249E-1 6.91883E-1 6.912E-1 6.96251E-1 7.09067E-1 7.03349E-1 7.05541E-1 7.12473E-1 7.30742E-1 7.29092E-1 7.23971E-1 7.25727E-1 7.28649E-1 7.36603E-1 7.54244E-1 -9999 -9999 -9999 -9999 -9999 -9999 -9999
7.48803E-1 7.47654E-1 7.38288E-1 7.21033E-1 7.14575E-1 7.03494E-1 6.96447E-1 6.97125E-1 7.13614E-1 7.39007E-1 7.49296E-1 7.50765E-1 7.52902E-1 7.58372E-1 7.52979E-1 7.31876E-1 7.3271E-1 7.31318E-1 7.39893E-1 7.49897E-1 7.53359E-1 7.53664E-1 7.61789E-1 7.57013E-1 7.52714E-1 7.56063E-1 7.5863E-1 7.5923E-1 7.49377E-1 7.33462E-1 7.25932E-1 7.02828E-1 6.85553E-1 6.62716E-1 6.43695E-1 6.40993E-1 6.79226E-1 7.12752E-1 7.37311E-1 7.21484E-1 7.03449E-1 7.08737E-1 7.07968E-1 7.08506E-1 7.08772E-1 6.99131E-1 7.03497E-1 7.1386E-1 7.24479E-1 7.24765E-1 7.28533E-1 7.37557E-1 7.52272E-1 -9999 -9999 -9999 -9999 -9999 -9999 -9999 -9999
7.08582E-1 7.10802E-1 7.02085E-1 6.92602E-1 6.79513E-1 6.64543E-1 6.5475E-1 6.48143E-1 6.64083E-1 6.87436E-1 6.92171E-1 6.86631E-1 6.84984E-1 6.98294E-1 7.07612E-1 7.17601E-1 7.22395E-1 7.21522E-1 7.30184E-1 7.43918E-1 7.35931E-1 7.18269E-1 7.1361E-1 7.20278E-1 7.24108E-1 7.40399E-1 7.53367E-1 7.5295E-1 7.54012E-1 7.36057E-1 7.24361E-1 7.09008E-1 6.84925E-1 6.52327E-1 6.47207E-1 6.75173E-1 7.25444E-1 7.59214E-1 7.53931E-1 7.29805E-1 7.14197E-1 7.2928E-1 7.29294E-1 7.21425E-1 7.11332E-1 6.92867E-1 6.94271E-1 7.14044E-1 7.21333E-1 7.18221E-1 7.38558E-1 7.50954E-1 -9999 -9999 -9999 -9999 -9999 -9999 -9999 -9999 -9999
7.09611E-1 7.12114E-1 7.04932E-1 6.9195E-1 6.81977E-1 6.60368E-1 6.43451E-1 6.43929E-1 6.5407E-1 6.64157E-1 6.70157E-1 6.73848E-1 6.79137E-1 6.87283E-1 6.98865E-1 6.96399E-1 6.99486E-1 6.99364E-1 6.95266E-1 7.07203E-1 7.01757E-1 6.94578E-1 6.99248E-1 6.96447E-1 7.02712E-1 6.99095E-1 7.06475E-1 7.37957E-1 7.36094E-1 7.25358E-1 7.16257E-1 7.06588E-1 6.86028E-1 6.58406E-1 6.50844E-1 6.98973E-1 7.50727E-1 7.8717E-1 7.59311E-1 7.45709E-1 7.19039E-1 7.36865E-1 7.44247E-1 7.31466E-1 7.25482E-1 7.07773E-1 6.99235E-1 7.15794E-1 7.22031E-1 7.31483E-1 7.50229E-1 7.55202E-1 -9999 -9999 -9999 -9999 -9999 -9999 -9999 -9999 -9999
7.06268E-1 7.18396E-1 7.09902E-1 6.95303E-1 6.86815E-1 6.69545E-1 6.51418E-1 6.41631E-1 6.41641E-1 6.46033E-1 6.53857E-1 6.59041E-1 6.65171E-1 6.80066E-1 6.85529E-1 6.75048E-1 6.83695E-1 6.98369E-1 7.02033E-1 7.04754E-1 7.12896E-1 7.01905E-1 7.07304E-1 7.10794E-1 7.07305E-1 7.04973E-1 6.91662E-1 6.909E-1 6.97977E-1 6.98771E-1 7.02122E-1 6.95456E-1 6.81256E-1 6.64382E-1 6.62686E-1 6.92928E-1 7.78905E-1 7.92076E-1 7.74323E-1 7.37328E-1 7.30422E-1 7.30755E-1 7.50458E-1 7.38175E-1 7.36727E-1 7.18736E-1 7.05213E-1 7.28404E-1 7.374E-1 7.50184E-1 7.55541E-1 8.47621E-1 -9999 -9999 -9999 -9999 -9999 -9999 -9999 -9999 -9999
7.30206E-1 7.10727E-1 7.00608E-1 7.00158E-1 6.87025E-1 6.819E-1 6.54269E-1 6.31321E-1 6.32692E-1 6.47481E-1 6.61127E-1 6.51378E-1 6.49133E-1 6.70847E-1 6.81275E-1 6.72925E-1 6.88346E-1 7.07389E-1 7.09595E-1 7.10234E-1 7.10156E-1 6.98114E-1 7.04196E-1 6.98271E-1 6.97973E-1 6.98854E-1 7.02996E-1 6.94343E-1 6.94018E-1 6.97561E-1 6.95569E-1 6.82912E-1 6.74836E-1 6.7875E-1 7.10826E-1 7.2557E-1 7.68875E-1 7.78563E-1 7.70816E-1 7.50315E-1 7.33482E-1 7.40938E-1 7.39812E-1 7.46421E-1 7.46913E-1 7.37134E-1 7.38317E-1 7.51389E-1 7.65521E-1 7.64983E-1 7.70076E-1 7.91197E-1 -9999 -9999 -9999 -9999 -9999 -9999 -9999 -9999 -9999
6.88266E-1 6.85326E-1 6.93535E-1 6.91573E-1 6.75729E-1 6.67948E-1 6.43E-1 6.35337E-1 6.24922E-1 6.29835E-1 6.36466E-1 6.40808E-1 6.4069E-1 6.48391E-1 6.66309E-1 6.7811E-1 6.86054E-1 6.94646E-1 7.06619E-1 7.0749E-1 7.11092E-1 7.01289E-1 6.99596E-1 6.94243E-1 6.91235E-1 6.91013E-1 6.89679E-1 6.92338E-1 6.93118E-1 6.97201E-1 7.0089E-1 6.8437E-1 6.75128E-1 6.87871E-1 7.12787E-1 7.42307E-1 7.55735E-1 7.59826E-1 7.65107E-1 7.40082E-1 7.5115E-1 7.38079E-1 7.35953E-1 7.48043E-1 7.56793E-1 7.58675E-1 7.63656E-1 7.72687E-1 7.77507E-1 7.7393E-1 7.78398E-1 7.84088E-1 -9999 -9999 -9999 -9999 -9999 -9999 -9999 -9999 -9999
6.93942E-1 6.93651E-1 6.94344E-1 6.86037E-1 6.66297E-1 6.51519E-1 6.32645E-1 6.38577E-1 6.2487E-1 6.19402E-1 6.1498E-1 6.27743E-1 6.31153E-1 6.43248E-1 6.59779E-1 6.70698E-1 6.83776E-1 7.0337E-1 7.04447E-1 7.06881E-1 7.08506E-1 7.03705E-1 7.03312E-1 6.98526E-1 6.93582E-1 6.89962E-1 6.81145E-1 6.89728E-1 6.8924E-1 7.02076E-1 6.91326E-1 6.90325E-1 6.81823E-1 6.90251E-1 7.10116E-1 7.23013E-1 7.56124E-1 7.5889E-1 7.66811E-1 7.44355E-1 7.66473E-1 7.57234E-1 7.49167E-1 7.62132E-1 7.7045E-1 7.74569E-1 7.728E-1 7.83419E-1 7.83194E-1 7.84457E-1 -9999 -9999 -9999 -9999 -9999 -9999 -9999 -9999 -9999 -9999 -9999
7.01871E-1 7.03486E-1 7.01844E-1 6.85495E-1 6.6615E-1 6.41854E-1 6.28878E-1 6.25184E-1 6.27697E-1 6.23175E-1 6.16697E-1 6.18915E-1 6.32429E-1 6.39683E-1 6.516E-1 6.71037E-1 6.83525E-1 6.92795E-1 7.01184E-1 7.05684E-1 7.06163E-1 7.06053E-1 7.08481E-1 7.13233E-1 7.06255E-1 6.95138E-1 6.9577E-1 7.06765E-1 7.27529E-1 7.3263E-1 7.37008E-1 6.9865E-1 6.90316E-1 7.11024E-1 7.26478E-1 7.50118E-1 7.70855E-1 7.74615E-1 7.6759E-1 7.56523E-1 7.62827E-1 7.68137E-1 7.63002E-1 7.71977E-1 7.75334E-1 7.81242E-1 7.76691E-1 7.8931E-1 7.93496E-1 7.98758E-1 8.04562E-1 -9999 -9999 -9999 -9999 -9999 -9999 -9999 -9999 -9999 -9999
7.0917E-1 7.07711E-1 7.03394E-1 6.86563E-1 6.55241E-1 6.41326E-1 6.31025E-1 6.21179E-1 6.22834E-1 6.19743E-1 6.14395E-1 6.16649E-1 6.25378E-1 6.3713E-1 6.49E-1 6.647E-1 6.74142E-1 6.83165E-1 6.93648E-1 6.98613E-1 7.05019E-1 7.12724E-1 7.20725E-1 7.25289E-1 7.20648E-1 7.13719E-1 7.17256E-1 7.52911E-1 7.62837E-1 7.54464E-1 7.3983E-1 7.04309E-1 7.07065E-1 7.17983E-1 7.46038E-1 7.59266E-1 7.81144E-1 7.86669E-1 7.6398E-1 7.59889E-1 7.77218E-1 7.87424E-1 7.85441E-1 7.78451E-1 7.86353E-1 7.8703E-1 7.85228E-1 7.94136E-1 8.01998E-1 8.06113E-1 8.14425E-1 8.21837E-1 -9999 7.8567E-1 7.92897E-1 -9999 -9999 -9999 -9999 -9999 -9999
7.06913E-1 7.10301E-1 7.06374E-1 6.90171E-1 6.65841E-1 6.44816E-1 6.33163E-1 6.32325E-1 6.27677E-1 6.2286E-1 6.18343E-1 6.16187E-1 6.25847E-1 6.33539E-1 6.47896E-1 6.58077E-1 6.70431E-1 6.81716E-1 6.94495E-1 7.04485E-1 7.07276E-1 7.19514E-1 7.33356E-1 7.29624E-1 7.2959E-1 7.30562E-1 7.44279E-1 7.57479E-1 7.74816E-1 7.4977E-1 7.19482E-1 7.12169E-1 7.21171E-1 7.30743E-1 7.48129E-1 7.77085E-1 7.85442E-1 7.87804E-1 7.68551E-1 7.70356E-1 7.87762E-1 7.9711E-1 7.97331E-1 7.86858E-1 7.97437E-1 7.95387E-1 7.90444E-1 8.00991E-1 8.09984E-1 8.17612E-1 8.20695E-1 8.15395E-1 -9999 -9999 8.08043E-1 8.22252E-1 -9999 -9999 -9999 -9999 -9999
7.02254E-1 7.03545E-1 7.00384E-1 6.91473E-1 6.71562E-1 6.57932E-1 6.44204E-1 6.39739E-1 6.43088E-1 6.3681E-1 6.23998E-1 6.13883E-1 6.26143E-1 6.37736E-1 6.45174E-1 6.59197E-1 6.68911E-1 6.7469E-1 6.81785E-1 6.88155E-1 6.98655E-1 7.18696E-1 7.33339E-1 7.27767E-1 7.22414E-1 7.28006E-1 7.40369E-1 7.41355E-1 7.43996E-1 7.36467E-1 7.15178E-1 7.16249E-1 7.23493E-1 7.48753E-1 7.68226E-1 7.82467E-1 7.88229E-1 7.87461E-1 7.81882E-1 7.85584E-1 7.99722E-1 8.00803E-1 8.00455E-1 7.98028E-1 8.01676E-1 7.97995E-1 7.91636E-1 8.08164E-1 8.16803E-1 8.21471E-1 8.19108E-1 8.1431E-1 8.11192E-1 8.08741E-1 8.19828E-1 8.27506E-1 -9999 -9999 -9999 -9999 -9999
7.02566E-1 6.97781E-1 6.92222E-1 6.88844E-1 6.83211E-1 6.67818E-1 6.60942E-1 6.59934E-1 6.54341E-1 6.48401E-1 6.39282E-1 6.29633E-1 6.36247E-1 6.49526E-1 6.63878E-1 6.71146E-1 6.74085E-1 6.81156E-1 6.84656E-1 6.8268E-1 6.87206E-1 7.06527E-1 7.22871E-1 7.18575E-1 7.25302E-1 7.37433E-1 7.50956E-1 7.58821E-1 7.42854E-1 7.21067E-1 7.26143E-1 7.28381E-1 7.38716E-1 7.61861E-1 7.67461E-1 7.78465E-1 7.87879E-1 7.96394E-1 7.97675E-1 8.04988E-1 8.08633E-1 8.11175E-1 8.08534E-1 8.0779E-1 8.04806E-1 7.98802E-1 7.99683E-1 8.13666E-1 8.16761E-1 8.21736E-1 8.29328E-1 8.20121E-1 8.11773E-1 8.06131E-1 8.16261E-1 8.43489E-1 -9999 -9999 -9999 -9999 -9999
6.99655E-1 6.94475E-1 6.90408E-1 6.85861E-1 6.85178E-1 6.75758E-1 6.72804E-1 6.67634E-1 6.65288E-1 6.63149E-1 6.58988E-1 6.56763E-1 6.61975E-1 6.68965E-1 6.7789E-1 6.80081E-1 6.87847E-1 6.95313E-1 6.99547E-1 6.8776E-1 6.84117E-1 7.07185E-1 7.21291E-1 7.30786E-1 7.32962E-1 7.4197E-1 7.49809E-1 7.48891E-1 7.41321E-1 7.39831E-1 7.54861E-1 7.6385E-1 7.68443E-1 7.71527E-1 7.78479E-1 7.86746E-1 8.01595E-1 8.07973E-1 8.11249E-1 8.19775E-1 8.22017E-1 8.22657E-1 8.16077E-1 8.06634E-1 7.99043E-1 7.9673E-1 8.03228E-1 8.1375E-1 8.18652E-1 8.38556E-1 8.30357E-1 8.15568E-1 8.21698E-1 8.38291E-1 8.11317E-1 -9999 -9999 -9999 -9999 -9999 -9999
7.04692E-1 6.96252E-1 6.92276E-1 6.94608E-1 6.94775E-1 6.88901E-1 6.8228E-1 6.7628E-1 6.74885E-1 6.75505E-1 6.78808E-1 6.78735E-1 6.80911E-1 6.877E-1 6.80975E-1 6.78341E-1 6.84689E-1 6.87301E-1 6.92637E-1 6.88815E-1 7.10064E-1 7.35178E-1 7.4928E-1 7.46219E-1 7.4195E-1 7.44118E-1 7.4795E-1 7.50771E-1 7.62944E-1 7.7257E-1 7.77286E-1 7.70365E-1 7.70816E-1 7.83871E-1 7.9282E-1 7.9809E-1 8.03777E-1 8.10443E-1 8.1701E-1 8.18273E-1 8.2194E-1 8.21988E-1 8.1711E-1 8.1823E-1 7.99434E-1 8.07732E-1 -9999 -9999 -9999 -9999 8.32728E-1 -9999 -9999 8.08683E-1 7.90603E-1 7.92943E-1 -9999 -9999 -9999 -9999 -9999
7.06985E-1 7.04417E-1 6.96928E-1 7.06163E-1 6.95295E-1 6.85426E-1 6.81501E-1 6.80823E-1 6.85445E-1 6.82308E-1 6.87184E-1 6.94812E-1 7.0178E-1 6.97006E-1 6.83676E-1 6.82406E-1 6.81149E-1 6.93774E-1 7.04147E-1 7.16332E-1 7.33032E-1 7.47122E-1 7.5583E-1 7.41498E-1 7.45353E-1 7.48914E-1 7.47192E-1 7.73658E-1 7.93398E-1 7.85162E-1 7.77026E-1 7.78681E-1 7.82521E-1 7.8979E-1 7.93986E-1 7.9587E-1 8.20991E-1 -9999 -9999 8.18814E-1 8.26478E-1 8.2609E-1 8.24446E-1 8.2038E-1 -9999 7.9926E-1 -9999 -9999 -9999 -9999 -9999 -9999 -9999 -9999 -9999 -9999 -9999 -9999 -9999 -9999 -9999
7.20665E-1 7.18968E-1 7.16731E-1 7.07783E-1 7.02503E-1 6.91694E-1 6.95556E-1 6.9197E-1 6.8532E-1 6.90389E-1 6.98475E-1 7.08105E-1 7.08975E-1 7.00862E-1 6.98242E-1 6.92678E-1 6.94989E-1 7.1604E-1 7.31899E-1 7.3975E-1 7.41731E-1 7.39775E-1 7.34311E-1 7.47126E-1 7.53646E-1 7.58287E-1 7.70503E-1 7.86946E-1 7.91476E-1 7.8667E-1 7.81563E-1 7.88367E-1 7.81791E-1 7.88117E-1 7.99895E-1 7.97996E-1 8.01112E-1 8.01495E-1 7.99837E-1 7.95734E-1 8.21623E-1 8.16624E-1 8.16683E-1 -9999 -9999 -9999 -9999 -9999 -9999 -9999 -9999 -9999 -9999 -9999 -9999 -9999 -9999 -9999 -9999 -9999 -9999
7.23725E-1 7.2702E-1 7.2076E-1 7.14798E-1 7.07843E-1 7.08237E-1 6.96819E-1 6.92921E-1 6.99231E-1 6.98661E-1 7.09754E-1 7.15842E-1 7.18135E-1 7.11114E-1 7.10567E-1 7.09783E-1 7.17707E-1 7.28024E-1 7.47134E-1 7.48752E-1 7.31117E-1 7.20322E-1 7.30063E-1 7.37383E-1 7.58532E-1 7.6925E-1 7.70934E-1 7.74702E-1 7.75688E-1 7.84662E-1 7.88422E-1 7.94933E-1 7.81463E-1 7.57823E-1 7.74212E-1 7.85883E-1 7.88048E-1 7.88964E-1 7.87517E-1 7.80424E-1 -9999 -9999 -9999 -9999 -9999 -9999 -9999 -9999 -9999 -9999 -9999 -9999 -9999 -9999 -9999 -9999 -9999 -9999 -9999 -9999 -9999
7.24447E-1 7.29542E-1 7.20104E-1 7.15478E-1 7.15052E-1 7.05133E-1 6.96452E-1 6.97676E-1 6.98361E-1 7.00504E-1 7.05276E-1 7.16504E-1 7.21759E-1 7.2251E-1 7.24024E-1 7.29349E-1 7.28779E-1 7.3892E-1 7.41668E-1 7.39178E-1 7.31385E-1 7.27306E-1 7.39429E-1 7.48543E-1 7.57093E-1 7.62412E-1 7.5325E-1 7.59028E-1 7.64704E-1 7.76713E-1 7.92177E-1 7.96766E-1 7.75724E-1 7.56874E-1 7.67248E-1 7.91401E-1 8.12731E-1 -9999 -9999 -9999 -9999 -9999 -9999 -9999 -9999 -9999 -9999 -9999 -9999 -9999 -9999 -9999 -9999 -9999 -9999 -9999 -9999 -9999 -9999 -9999 -9999
