maxent_outputs/bumblebees/bombus_101.asc
ncols         426
nrows         180
xllcorner     -130.0
yllcorner     24.0
cellsize      0.16666666666666666
NODATA_value  -9999
[rows 81 to 107 of 180, columns 183 to 243 of 426]
2.6779E-1 2.68348E-1 2.70746E-1 2.71291E-1 2.74363E-1 2.8244E-1 2.91014E-1 2.95466E-1 2.98484E-1 3.03669E-1 3.10184E-1 3.11832E-1 3.15975E-1 3.17423E-1 3.21331E-1 3.27333E-1 3.25125E-1 3.33254E-1 3.45693E-1 3.60134E-1 3.62379E-1 3.68008E-1 3.72143E-1 3.80261E-1 3.75365E-1 3.75055E-1 3.83706E-1 3.77884E-1 3.76678E-1 3.83532E-1 3.90656E-1 3.93518E-1 3.95798E-1 4.01093E-1 4.11446E-1 4.29536E-1 4.44481E-1 4.66831E-1 4.61613E-1 4.50768E-1 4.51896E-1 4.3372E-1 4.24876E-1 4.21846E-1 4.24526E-1 4.35067E-1 4.47616E-1 4.56779E-1 4.66735E-1 4.58995E-1 4.68489E-1 4.78683E-1 4.77641E-1 4.71542E-1 4.80591E-1 4.95111E-1 5.05091E-1 5.13972E-1 4.95669E-1 4.91212E-1 4.84268E-1
2.74958E-1 2.72971E-1 2.70907E-1 2.72838E-1 2.77878E-1 2.82333E-1 2.91139E-1 2.99517E-1 3.09871E-1 3.14288E-1 3.19324E-1 3.26523E-1 3.29613E-1 3.31865E-1 3.29998E-1 3.33652E-1 3.38809E-1 3.37691E-1 3.44487E-1 3.59823E-1 3.67502E-1 3.69273E-1 3.78401E-1 3.87625E-1 3.93189E-1 3.83203E-1 3.8938E-1 3.8482E-1 3.84357E-1 3.91185E-1 4.01831E-1 4.04011E-1 4.05622E-1 4.05837E-1 4.18229E-1 4.39765E-1 4.77635E-1 5.263E-1 5.54476E-1 5.01781E-1 4.80972E-1 4.52427E-1 4.35636E-1 4.35374E-1 4.40882E-1 4.53002E-1 4.59947E-1 4.68794E-1 4.74471E-1 4.72945E-1 4.71707E-1 4.80266E-1 4.87537E-1 4.86909E-1 4.93201E-1 5.03198E-1 5.09926E-1 5.03358E-1 4.97826E-1 4.90408E-1 4.87317E-1
2.85995E-1 2.87818E-1 2.80185E-1 2.81184E-1 2.8832E-1 2.93991E-1 3.0152E-1 3.07757E-1 3.15533E-1 3.18424E-1 3.24413E-1 3.33694E-1 3.38676E-1 3.45696E-1 3.47265E-1 3.40162E-1 3.43683E-1 3.48679E-1 3.4354E-1 3.54819E-1 3.7146E-1 3.81298E-1 3.87938E-1 3.90722E-1 4.02193E-1 4.02242E-1 3.93959E-1 3.92344E-1 3.96788E-1 3.92747E-1 3.99607E-1 4.08007E-1 4.14508E-1 4.13052E-1 4.26784E-1 4.52495E-1 4.87271E-1 5.36901E-1 5.63304E-1 5.16031E-1 4.89733E-1 4.65057E-1 4.47625E-1 4.47683E-1 4.55749E-1 4.60435E-1 4.74134E-1 4.8214E-1 4.88045E-1 4.78938E-1 4.71775E-1 4.78367E-1 4.87188E-1 4.91597E-1 5.02128E-1 5.08677E-1 5.01348E-1 5.03443E-1 5.01245E-1 4.99288E-1 4.99686E-1
2.82022E-1 2.80715E-1 2.81125E-1 2.80746E-1 2.8466E-1 2.95351E-1 3.0328E-1 3.11588E-1 3.22449E-1 3.29434E-1 3.31338E-1 3.36898E-1 3.38804E-1 3.4367E-1 3.48216E-1 3.51299E-1 3.48026E-1 3.45093E-1 3.41459E-1 3.49719E-1 3.67909E-1 3.70951E-1 3.77886E-1 3.91607E-1 3.9355E-1 4.03823E-1 4.08861E-1 4.08003E-1 4.06231E-1 4.01448E-1 3.99153E-1 4.06858E-1 4.1004E-1 4.21992E-1 4.2924E-1 4.50376E-1 4.73323E-1 4.95713E-1 4.99162E-1 4.93972E-1 4.83595E-1 4.66833E-1 4.59039E-1 4.59319E-1 4.64678E-1 4.71217E-1 4.85709E-1 4.96937E-1 4.98303E-1 4.79061E-1 4.77649E-1 4.86575E-1 4.87959E-1 5.02401E-1 4.93936E-1 4.86182E-1 4.90342E-1 4.97612E-1 5.11242E-1 5.14777E-1 5.08683E-1
2.89825E-1 2.89273E-1 2.89688E-1 2.9258E-1 2.93487E-1 3.02037E-1 3.08716E-1 3.14864E-1 3.24405E-1 3.34546E-1 3.3924E-1 3.42678E-1 3.39728E-1 3.39085E-1 3.40571E-1 3.44817E-1 3.46092E-1 3.44796E-1 3.51242E-1 3.54448E-1 3.61334E-1 3.67053E-1 3.79428E-1 3.87566E-1 3.94413E-1 4.00319E-1 4.02334E-1 4.19398E-1 4.17939E-1 4.12847E-1 4.05239E-1 4.12116E-1 4.12446E-1 4.20536E-1 4.32384E-1 4.40438E-1 4.56392E-1 4.68984E-1 4.68076E-1 4.75922E-1 4.76989E-1 4.68372E-1 4.65478E-1 4.70173E-1 4.74608E-1 4.84233E-1 4.97044E-1 5.04132E-1 5.08241E-1 5.01308E-1 4.91126E-1 4.90374E-1 4.97069E-1 5.03653E-1 4.90524E-1 4.83622E-1 4.89979E-1 5.01557E-1 5.16137E-1 5.27324E-1 5.29398E-1
2.92002E-1 2.96655E-1 2.98465E-1 3.01123E-1 3.07047E-1 3.12473E-1 3.20204E-1 3.27315E-1 3.31753E-1 3.40671E-1 3.45727E-1 3.47011E-1 3.47586E-1 3.42312E-1 3.40409E-1 3.38754E-1 3.37752E-1 3.50325E-1 3.47015E-1 3.50953E-1 3.58469E-1 3.69111E-1 3.85919E-1 3.95539E-1 3.96335E-1 4.05227E-1 4.21424E-1 4.17704E-1 4.23974E-1 4.29476E-1 4.23084E-1 4.23098E-1 4.25444E-1 4.31817E-1 4.39805E-1 4.4401E-1 4.56312E-1 4.70362E-1 4.7184E-1 4.73921E-1 4.79682E-1 4.83544E-1 4.81771E-1 4.80429E-1 4.8268E-1 4.98406E-1 5.0644E-1 5.13567E-1 5.1228E-1 5.20006E-1 5.17783E-1 5.02656E-1 5.03534E-1 5.0938E-1 5.01279E-1 4.96834E-1 5.05551E-1 5.13797E-1 5.24366E-1 5.36434E-1 5.44566E-1
2.96327E-1 3.03536E-1 3.06482E-1 3.11489E-1 3.12227E-1 3.20802E-1 3.339E-1 3.38115E-1 3.45269E-1 3.47263E-1 3.42861E-1 3.43312E-1 3.4742E-1 3.53262E-1 3.48829E-1 3.40859E-1 3.49291E-1 3.5292E-1 3.51953E-1 3.56767E-1 3.64647E-1 3.7187E-1 3.85121E-1 3.96493E-1 4.02806E-1 4.07369E-1 4.23027E-1 4.34947E-1 4.3378E-1 4.41628E-1 4.42461E-1 4.3974E-1 4.45494E-1 4.51588E-1 4.58152E-1 4.63171E-1 4.67656E-1 4.75583E-1 4.79301E-1 4.8221E-1 4.8855E-1 4.90149E-1 4.83125E-1 4.86048E-1 4.85626E-1 4.98578E-1 5.08258E-1 5.07328E-1 5.143E-1 5.17157E-1 5.27566E-1 5.30146E-1 5.23174E-1 5.25234E-1 5.14182E-1 5.17541E-1 5.21861E-1 5.30178E-1 5.38007E-1 5.43815E-1 5.48948E-1
2.95081E-1 3.01551E-1 3.09784E-1 3.13126E-1 3.1609E-1 3.20201E-1 3.28806E-1 3.3944E-1 3.48431E-1 3.48931E-1 3.55273E-1 3.49031E-1 3.53381E-1 3.54891E-1 3.5336E-1 3.55878E-1 3.55406E-1 3.71065E-1 3.70658E-1 3.74645E-1 3.76258E-1 3.86482E-1 3.91672E-1 4.0384E-1 4.18104E-1 4.12538E-1 4.28773E-1 4.38773E-1 4.45602E-1 4.45296E-1 4.52561E-1 4.60972E-1 4.62837E-1 4.75763E-1 4.77454E-1 4.75244E-1 4.81722E-1 4.79749E-1 4.77069E-1 4.9032E-1 4.87774E-1 4.89821E-1 4.90652E-1 4.84365E-1 4.83277E-1 4.90951E-1 4.97837E-1 5.04515E-1 5.13443E-1 5.19944E-1 5.23973E-1 5.31079E-1 5.41249E-1 5.3918E-1 5.33987E-1 5.36294E-1 5.43176E-1 5.4995E-1 5.52765E-1 5.56822E-1 5.59269E-1
3.01877E-1 3.09933E-1 3.19772E-1 3.24321E-1 3.28036E-1 3.33918E-1 3.36009E-1 3.44133E-1 3.48721E-1 3.5497E-1 3.59571E-1 3.6411E-1 3.62458E-1 3.57461E-1 3.54551E-1 3.63594E-1 3.69695E-1 3.70395E-1 3.71072E-1 3.78226E-1 3.88856E-1 4.02723E-1 4.10327E-1 4.19259E-1 4.2977E-1 4.30832E-1 4.43658E-1 4.47394E-1 4.54261E-1 4.60045E-1 4.5663E-1 4.59537E-1 4.68742E-1 4.71756E-1 4.76892E-1 4.82065E-1 4.84897E-1 4.88378E-1 4.86302E-1 4.95866E-1 4.93416E-1 4.94614E-1 4.97867E-1 4.9647E-1 4.87962E-1 4.94888E-1 4.99209E-1 5.07437E-1 5.2066E-1 5.26231E-1 5.35737E-1 5.38311E-1 5.58558E-1 5.59055E-1 5.52222E-1 5.51441E-1 5.55085E-1 5.60679E-1 5.64841E-1 5.67702E-1 5.66256E-1
3.00009E-1 3.0868E-1 3.21252E-1 3.31853E-1 3.37407E-1 3.41865E-1 3.37615E-1 3.37092E-1 3.43986E-1 3.51545E-1 3.63893E-1 3.75783E-1 3.73913E-1 3.66719E-1 3.67586E-1 3.6135E-1 3.60033E-1 3.55486E-1 3.65845E-1 3.79176E-1 3.85313E-1 3.98167E-1 4.06877E-1 4.13561E-1 4.30143E-1 4.40275E-1 4.46528E-1 4.50697E-1 4.49435E-1 4.58254E-1 4.5459E-1 4.55333E-1 4.64552E-1 4.68694E-1 4.78139E-1 4.87062E-1 4.9094E-1 4.88352E-1 4.93912E-1 4.93445E-1 4.93516E-1 4.98652E-1 5.07511E-1 5.02496E-1 5.01974E-1 5.04958E-1 5.13671E-1 5.26313E-1 5.22994E-1 5.29764E-1 5.38543E-1 5.5438E-1 5.67869E-1 5.82772E-1 5.85929E-1 5.86724E-1 5.83835E-1 5.80819E-1 5.73909E-1 5.71458E-1 5.70881E-1
3.05351E-1 3.13735E-1 3.25638E-1 3.33791E-1 3.34333E-1 3.35495E-1 3.36493E-1 3.33769E-1 3.38283E-1 3.47482E-1 3.6614E-1 3.78349E-1 3.72201E-1 3.69394E-1 3.65257E-1 3.60462E-1 3.48961E-1 3.56041E-1 3.65865E-1 3.72964E-1 3.88655E-1 3.94619E-1 4.00241E-1 4.08283E-1 4.22583E-1 4.37146E-1 4.39232E-1 4.4217E-1 4.42977E-1 4.49823E-1 4.51648E-1 4.584E-1 4.66554E-1 4.7596E-1 4.80963E-1 4.91362E-1 4.87672E-1 4.87787E-1 4.94373E-1 4.89378E-1 4.84009E-1 4.8759E-1 5.05535E-1 5.15573E-1 5.15419E-1 5.21319E-1 5.28284E-1 5.38594E-1 5.48964E-1 5.46335E-1 5.51944E-1 5.59265E-1 5.74252E-1 5.88566E-1 6.00756E-1 6.09113E-1 6.08142E-1 5.9523E-1 5.89311E-1 5.82032E-1 5.76405E-1
3.03706E-1 3.07846E-1 3.17739E-1 3.23061E-1 3.29235E-1 3.30266E-1 3.2971E-1 3.33456E-1 3.41741E-1 3.46607E-1 3.62418E-1 3.70895E-1 3.75307E-1 3.69158E-1 3.59723E-1 3.55138E-1 3.52997E-1 3.59138E-1 3.74151E-1 3.77651E-1 3.86237E-1 3.94433E-1 3.97622E-1 4.10097E-1 4.28381E-1 4.42444E-1 4.43251E-1 4.44178E-1 4.46566E-1 4.52906E-1 4.62897E-1 4.64164E-1 4.72982E-1 4.78745E-1 4.8417E-1 4.87954E-1 4.8598E-1 4.88255E-1 4.96452E-1 5.0185E-1 4.91535E-1 4.86492E-1 5.03368E-1 5.21575E-1 5.29913E-1 5.32055E-1 5.31941E-1 5.44334E-1 5.49848E-1 5.61827E-1 5.73539E-1 5.81394E-1 5.93043E-1 6.00438E-1 6.1507E-1 6.20135E-1 6.14545E-1 6.08503E-1 5.99919E-1 5.94804E-1 5.92232E-1
3.04126E-1 3.11837E-1 3.19106E-1 3.28556E-1 3.36468E-1 3.3605E-1 3.38873E-1 3.4441E-1 3.46094E-1 3.48353E-1 3.60504E-1 3.66621E-1 3.75378E-1 3.81997E-1 3.66485E-1 3.59256E-1 3.70494E-1 3.76412E-1 3.78471E-1 3.80138E-1 3.83379E-1 3.90392E-1 3.94207E-1 4.04033E-1 4.23396E-1 4.40115E-1 4.46162E-1 4.4961E-1 4.55084E-1 4.63959E-1 4.74112E-1 4.78356E-1 4.83807E-1 4.96109E-1 4.99816E-1 5.02008E-1 4.95514E-1 4.95882E-1 4.98084E-1 5.07441E-1 5.1017E-1 5.07354E-1 5.18081E-1 5.31212E-1 5.33032E-1 5.31813E-1 5.39869E-1 5.47095E-1 5.51913E-1 5.67094E-1 5.80166E-1 5.9255E-1 6.07007E-1 6.10607E-1 6.2107E-1 6.24799E-1 6.13002E-1 6.19936E-1 6.19278E-1 6.12006E-1 6.02951E-1
3.09013E-1 3.16865E-1 3.30434E-1 3.33545E-1 3.37693E-1 3.40903E-1 3.46096E-1 3.52105E-1 3.54942E-1 3.58661E-1 3.67069E-1 3.72156E-1 3.7481E-1 3.81024E-1 3.72519E-1 3.70806E-1 3.77848E-1 3.78173E-1 3.75094E-1 3.78808E-1 3.87783E-1 3.94078E-1 4.01302E-1 4.10475E-1 4.30362E-1 4.41803E-1 4.53665E-1 4.60011E-1 4.77582E-1 4.87728E-1 4.87428E-1 4.87803E-1 4.95737E-1 5.00758E-1 5.11579E-1 5.21621E-1 5.30858E-1 5.12866E-1 5.18806E-1 5.27244E-1 5.42433E-1 5.37452E-1 5.38604E-1 5.40386E-1 5.33962E-1 5.43533E-1 5.44554E-1 5.4676E-1 5.60785E-1 5.68737E-1 5.88287E-1 6.01764E-1 6.06013E-1 6.13251E-1 6.25039E-1 6.23513E-1 6.18342E-1 6.30184E-1 6.29549E-1 6.2215E-1 6.20345E-1
3.14088E-1 3.24505E-1 3.33589E-1 3.38933E-1 3.43248E-1 3.47175E-1 3.49514E-1 3.52761E-1 3.59257E-1 3.64625E-1 3.68427E-1 3.72761E-1 3.73065E-1 3.76397E-1 3.76394E-1 3.73379E-1 3.72769E-1 3.74491E-1 3.73502E-1 3.91917E-1 4.03898E-1 4.0226E-1 4.1266E-1 4.24618E-1 4.38137E-1 4.52238E-1 4.62516E-1 4.729E-1 4.83365E-1 4.93664E-1 4.97755E-1 5.07912E-1 5.09734E-1 5.10612E-1 5.16856E-1 5.20185E-1 5.17079E-1 5.10595E-1 5.14624E-1 5.29517E-1 5.46892E-1 5.48649E-1 5.41276E-1 5.4561E-1 5.44996E-1 5.59398E-1 5.59977E-1 5.59809E-1 5.63191E-1 5.73713E-1 5.92302E-1 5.95981E-1 6.0662E-1 6.17313E-1 6.2279E-1 6.35848E-1 6.31022E-1 6.30376E-1 6.33999E-1 6.38293E-1 6.48169E-1
3.17324E-1 3.22256E-1 3.31918E-1 3.39237E-1 3.44894E-1 3.49072E-1 3.54856E-1 3.58626E-1 3.63533E-1 3.67543E-1 3.75413E-1 3.79165E-1 3.82213E-1 3.84411E-1 3.88947E-1 3.85727E-1 3.89425E-1 3.83859E-1 3.94901E-1 4.02437E-1 4.12767E-1 4.21167E-1 4.33539E-1 4.44624E-1 4.57413E-1 4.61505E-1 4.68029E-1 4.83393E-1 4.91273E-1 5.03841E-1 5.12812E-1 5.13073E-1 5.13551E-1 5.1357E-1 5.20687E-1 5.12566E-1 5.12011E-1 5.15525E-1 5.1888E-1 5.28555E-1 5.35518E-1 5.43602E-1 5.51455E-1 5.61399E-1 5.69231E-1 5.80499E-1 5.75674E-1 5.73691E-1 5.7478E-1 5.80573E-1 5.89587E-1 5.95288E-1 6.02522E-1 6.13244E-1 6.09066E-1 6.26631E-1 6.33119E-1 6.48308E-1 6.48875E-1 6.53249E-1 6.65853E-1
3.15031E-1 3.19795E-1 3.2778E-1 3.3768E-1 3.45541E-1 3.52961E-1 3.59363E-1 3.66176E-1 3.69564E-1 3.80745E-1 3.83281E-1 3.90246E-1 4.06744E-1 4.05737E-1 4.02328E-1 4.05584E-1 3.99628E-1 3.93067E-1 4.09161E-1 4.20971E-1 4.22697E-1 4.35991E-1 4.55406E-1 4.57217E-1 4.68835E-1 4.81141E-1 4.83313E-1 4.91456E-1 5.02519E-1 5.15591E-1 5.2253E-1 5.20957E-1 5.21507E-1 5.18047E-1 5.2566E-1 5.16354E-1 5.20644E-1 5.19782E-1 5.22381E-1 5.38549E-1 5.3951E-1 5.42649E-1 5.639E-1 5.71661E-1 5.78535E-1 5.7945E-1 5.74241E-1 5.72544E-1 5.76624E-1 5.82175E-1 5.92349E-1 5.94553E-1 6.0311E-1 6.07957E-1 6.12766E-1 6.20642E-1 6.35695E-1 6.41802E-1 6.60356E-1 6.84151E-1 6.98336E-1
3.11098E-1 3.19231E-1 3.31009E-1 3.37215E-1 3.48885E-1 3.57247E-1 3.61718E-1 3.69099E-1 3.77293E-1 3.82984E-1 3.96259E-1 4.0387E-1 4.18051E-1 4.191E-1 4.16286E-1 4.15307E-1 4.11947E-1 4.07461E-1 4.2543E-1 4.35353E-1 4.41708E-1 4.5556E-1 4.74034E-1 4.76848E-1 4.80648E-1 4.99548E-1 4.97638E-1 4.95759E-1 5.0737E-1 5.2277E-1 5.29304E-1 5.33439E-1 5.3536E-1 5.32381E-1 5.47538E-1 5.36265E-1 5.26644E-1 5.32091E-1 5.33983E-1 5.41132E-1 5.39869E-1 5.4892E-1 5.63341E-1 5.69951E-1 5.7521E-1 5.68756E-1 5.63769E-1 5.66954E-1 5.7573E-1 5.85571E-1 5.9679E-1 6.10493E-1 6.05487E-1 6.17775E-1 6.30943E-1 6.33744E-1 6.41606E-1 6.57099E-1 6.68583E-1 6.96414E-1 7.14251E-1
3.27185E-1 3.32881E-1 3.45864E-1 3.54451E-1 3.57998E-1 3.63506E-1 3.6847E-1 3.77424E-1 3.86958E-1 3.94023E-1 4.00568E-1 4.10261E-1 4.23692E-1 4.2601E-1 4.28915E-1 4.27801E-1 4.25327E-1 4.23562E-1 4.31247E-1 4.45725E-1 4.54031E-1 4.63566E-1 4.79818E-1 4.98195E-1 5.0275E-1 5.01837E-1 5.0517E-1 5.10855E-1 5.21042E-1 5.29245E-1 5.3311E-1 5.47089E-1 5.42087E-1 5.44481E-1 5.46984E-1 5.4258E-1 5.48439E-1 5.52388E-1 5.45675E-1 5.52004E-1 5.52374E-1 5.50055E-1 5.64007E-1 5.64608E-1 5.61584E-1 5.67435E-1 5.6883E-1 5.85E-1 5.97095E-1 6.03724E-1 6.11001E-1 6.26181E-1 6.35286E-1 6.44688E-1 6.56581E-1 6.56797E-1 6.69208E-1 6.87449E-1 6.95764E-1 7.04999E-1 7.29373E-1
3.49003E-1 3.49626E-1 3.51155E-1 3.58107E-1 3.7264E-1 3.85797E-1 3.89466E-1 3.97148E-1 4.02918E-1 4.10672E-1 4.19762E-1 4.27676E-1 4.27069E-1 4.32666E-1 4.37957E-1 4.43097E-1 4.36115E-1 4.39284E-1 4.46656E-1 4.53436E-1 4.67776E-1 4.83788E-1 4.99694E-1 5.06726E-1 5.12076E-1 5.08364E-1 5.14716E-1 5.20682E-1 5.34943E-1 5.41825E-1 5.4535E-1 5.46851E-1 5.38504E-1 5.32965E-1 5.42202E-1 5.46111E-1 5.5892E-1 5.57591E-1 5.53196E-1 5.50996E-1 5.46149E-1 5.50991E-1 5.64922E-1 5.6471E-1 5.71286E-1 5.64976E-1 5.65448E-1 5.82226E-1 6.12787E-1 6.29521E-1 6.30217E-1 6.40031E-1 6.53968E-1 6.70219E-1 6.72645E-1 6.82353E-1 6.92597E-1 7.12031E-1 7.17679E-1 7.26125E-1 7.38212E-1
3.57866E-1 3.59532E-1 3.63799E-1 3.70225E-1 3.77316E-1 3.93987E-1 4.08362E-1 4.12217E-1 4.14235E-1 4.21835E-1 4.32958E-1 4.42868E-1 4.43628E-1 4.41966E-1 4.47823E-1 4.52389E-1 4.41691E-1 4.53441E-1 4.71023E-1 4.8023E-1 4.94106E-1 5.05922E-1 5.14386E-1 5.2854E-1 5.20629E-1 5.19835E-1 5.31257E-1 5.35918E-1 5.51364E-1 5.56117E-1 5.5248E-1 5.49692E-1 5.37208E-1 5.29278E-1 5.28583E-1 5.38761E-1 5.59004E-1 5.60513E-1 5.52943E-1 5.49838E-1 5.4887E-1 5.56643E-1 5.69096E-1 5.80608E-1 5.8275E-1 5.80363E-1 5.83709E-1 5.96736E-1 6.21645E-1 6.39178E-1 6.57327E-1 6.56384E-1 6.71166E-1 6.7975E-1 6.95784E-1 7.03588E-1 7.2044E-1 7.188E-1 7.26985E-1 7.21268E-1 7.33664E-1
3.61868E-1 3.63496E-1 3.67692E-1 3.79489E-1 3.94624E-1 4.06604E-1 4.20973E-1 4.2567E-1 4.20253E-1 4.27305E-1 4.35085E-1 4.46155E-1 4.52395E-1 4.55494E-1 4.52557E-1 4.62443E-1 4.59598E-1 4.53438E-1 4.79376E-1 5.05444E-1 5.24337E-1 5.36555E-1 5.34352E-1 5.48569E-1 5.43148E-1 5.38294E-1 5.50322E-1 5.62498E-1 5.69007E-1 5.67182E-1 5.68727E-1 5.57612E-1 5.4081E-1 5.24143E-1 5.32748E-1 5.51913E-1 5.73647E-1 5.71272E-1 5.74821E-1 5.72371E-1 5.67473E-1 5.73629E-1 5.9413E-1 6.00802E-1 6.08021E-1 6.02993E-1 6.11732E-1 6.18205E-1 6.37219E-1 6.54827E-1 6.72938E-1 6.8586E-1 6.79951E-1 6.98204E-1 7.04409E-1 7.20724E-1 7.05159E-1 7.13298E-1 7.24323E-1 7.15895E-1 7.27079E-1
3.66222E-1 3.75318E-1 3.80456E-1 3.82119E-1 3.96783E-1 4.10344E-1 4.22668E-1 4.35001E-1 4.30696E-1 4.34253E-1 4.45005E-1 4.52483E-1 4.62457E-1 4.68121E-1 4.70603E-1 4.87791E-1 4.86924E-1 4.78737E-1 5.00333E-1 5.23911E-1 5.42342E-1 5.56252E-1 5.50413E-1 5.65789E-1 5.62678E-1 5.67831E-1 5.76116E-1 5.76825E-1 5.92113E-1 5.83474E-1 5.7738E-1 5.72692E-1 5.57703E-1 5.46061E-1 5.63759E-1 5.88026E-1 5.87844E-1 5.9311E-1 5.97006E-1 5.93374E-1 5.8712E-1 5.90964E-1 6.0481E-1 6.1566E-1 6.24292E-1 6.24995E-1 6.39539E-1 6.50683E-1 6.58391E-1 6.78086E-1 6.91302E-1 7.12745E-1 7.16433E-1 7.23295E-1 7.23611E-1 7.13655E-1 7.13191E-1 7.20522E-1 7.36838E-1 7.33471E-1 7.47841E-1
3.63012E-1 3.67793E-1 3.80919E-1 3.9265E-1 3.9492E-1 4.09631E-1 4.16608E-1 4.21906E-1 4.27389E-1 4.40092E-1 4.49025E-1 4.5899E-1 4.66983E-1 4.7588E-1 4.8738E-1 4.96742E-1 5.05602E-1 5.03762E-1 5.20559E-1 5.39213E-1 5.49074E-1 5.65111E-1 5.64727E-1 5.92996E-1 5.81659E-1 5.88087E-1 6.00316E-1 6.11813E-1 6.07476E-1 5.98106E-1 5.98937E-1 5.94701E-1 5.85303E-1 5.77894E-1 6.00429E-1 6.19501E-1 6.26796E-1 6.13409E-1 6.17531E-1 6.18502E-1 6.19101E-1 6.27649E-1 6.2338E-1 6.38627E-1 6.37445E-1 6.45685E-1 6.61563E-1 6.68114E-1 6.76842E-1 6.96972E-1 7.1334E-1 7.30936E-1 7.43638E-1 7.56218E-1 7.47615E-1 7.26642E-1 7.13337E-1 7.32139E-1 7.49752E-1 7.59925E-1 7.71924E-1
3.63096E-1 3.66744E-1 3.76801E-1 3.91182E-1 4.05004E-1 4.14077E-1 4.2424E-1 4.24761E-1 4.33359E-1 4.45945E-1 4.53266E-1 4.64434E-1 4.70322E-1 4.7844E-1 4.91642E-1 5.04265E-1 5.16143E-1 5.25161E-1 5.29422E-1 5.46692E-1 5.59384E-1 5.62429E-1 5.81011E-1 5.96318E-1 5.97297E-1 6.0418E-1 6.18029E-1 6.15281E-1 6.06782E-1 5.94965E-1 5.99837E-1 5.99469E-1 6.01828E-1 6.29218E-1 6.23735E-1 6.10138E-1 5.9587E-1 6.09371E-1 6.16565E-1 6.33306E-1 6.522E-1 6.71906E-1 6.52002E-1 6.81447E-1 6.57965E-1 6.6319E-1 6.83477E-1 6.96357E-1 7.00884E-1 7.21023E-1 7.38523E-1 7.50839E-1 7.73705E-1 7.85539E-1 7.67782E-1 7.42176E-1 7.35516E-1 7.49785E-1 7.60566E-1 7.72681E-1 7.87735E-1
3.54196E-1 3.65062E-1 3.74049E-1 3.85856E-1 3.9502E-1 4.0781E-1 4.23961E-1 4.39363E-1 4.44047E-1 4.46546E-1 4.57282E-1 4.6543E-1 4.72978E-1 4.79961E-1 4.94036E-1 5.04572E-1 5.17688E-1 5.33883E-1 5.5337E-1 5.53738E-1 5.51202E-1 5.65757E-1 5.79529E-1 5.95569E-1 6.0535E-1 6.27117E-1 6.24793E-1 6.13223E-1 6.10705E-1 6.07789E-1 5.99349E-1 6.02876E-1 6.19466E-1 6.28909E-1 6.18124E-1 6.14633E-1 6.05668E-1 6.09114E-1 6.19306E-1 6.23227E-1 6.36777E-1 6.55068E-1 6.68344E-1 6.9022E-1 6.78779E-1 6.76935E-1 6.95102E-1 7.14006E-1 7.29505E-1 7.44814E-1 7.6078E-1 7.69947E-1 7.87832E-1 7.84528E-1 7.66592E-1 7.58202E-1 7.5598E-1 7.6265E-1 7.68279E-1 7.82999E-1 7.83943E-1
3.56474E-1 3.60438E-1 3.69496E-1 3.80391E-1 3.91504E-1 4.08604E-1 4.26605E-1 4.37194E-1 4.48194E-1 4.55901E-1 4.62981E-1 4.74843E-1 4.79308E-1 4.9301E-1 4.99915E-1 5.09807E-1 5.17593E-1 5.32636E-1 5.4416E-1 5.4808E-1 5.52732E-1 5.65174E-1 5.79044E-1 6.01717E-1 6.15063E-1 6.38757E-1 6.30603E-1 6.24852E-1 6.23537E-1 6.15839E-1 6.15864E-1 6.16928E-1 6.23543E-1 6.24302E-1 6.18734E-1 6.18895E-1 6.02557E-1 6.12601E-1 6.26315E-1 6.27401E-1 6.34207E-1 6.55011E-1 6.7873E-1 6.83855E-1 6.99986E-1 6.97035E-1 7.01867E-1 7.18242E-1 7.43512E-1 7.61135E-1 7.83903E-1 7.77577E-1 7.83094E-1 7.78577E-1 7.75067E-1 7.72834E-1 7.72875E-1 7.72909E-1 7.77517E-1 7.91715E-1 7.88595E-1
