maxent_outputs/bumblebees/bombus_73.asc
ncols         426
nrows         180
xllcorner     -130.0
yllcorner     24.0
cellsize      0.16666666666666666
NODATA_value  -9999
[rows 0 to 26 of 180, columns 61 to 121 of 426]
8.16365E-2 8.384E-2 1.08806E-1 1.14115E-1 1.10937E-1 1.08924E-1 1.08511E-1 1.0115E-1 9.87497E-2 9.43217E-2 8.94214E-2 8.10337E-2 7.62079E-2 7.67471E-2 7.29222E-2 6.97216E-2 7.30735E-2 7.13218E-2 7.01127E-2 6.49244E-2 6.65393E-2 6.61417E-2 6.61145E-2 6.29945E-2 6.51859E-2 6.5549E-2 6.29582E-2 4.73444E-2 4.45134E-2 4.08015E-2 4.02388E-2 4.45514E-2 5.40242E-2 5.07523E-2 5.08659E-2 4.42154E-2 4.46973E-2 4.16701E-2 4.45068E-2 4.65884E-2 4.41329E-2 4.74117E-2 4.76827E-2 4.94008E-2 5.0513E-2 5.17851E-2 5.27697E-2 5.15133E-2 5.1943E-2 5.00955E-2 4.67213E-2 4.867E-2 4.72662E-2 4.64776E-2 4.65891E-2 4.34955E-2 4.34869E-2 4.22833E-2 4.24524E-2 4.12307E-2 4.54759E-2
8.3016E-2 8.02364E-2 9.84307E-2 8.94497E-2 9.0319E-2 1.01192E-1 1.00446E-1 9.94941E-2 9.39053E-2 9.29249E-2 8.90786E-2 8.54295E-2 7.99501E-2 8.06039E-2 7.72747E-2 7.59806E-2 7.35443E-2 6.91218E-2 6.86411E-2 7.08289E-2 7.09101E-2 6.3577E-2 5.24543E-2 4.78639E-2 4.53558E-2 4.26804E-2 5.3853E-2 4.44052E-2 4.36236E-2 4.76252E-2 5.51741E-2 5.75611E-2 6.41129E-2 5.15717E-2 5.98706E-2 5.49637E-2 4.22971E-2 4.37596E-2 4.41249E-2 4.8006E-2 5.27995E-2 5.45386E-2 6.18689E-2 5.21971E-2 5.42085E-2 5.46183E-2 5.22886E-2 5.30257E-2 5.23912E-2 5.00591E-2 4.7618E-2 4.76953E-2 4.80494E-2 4.5312E-2 4.42179E-2 4.35086E-2 4.24591E-2 4.09931E-2 4.07975E-2 3.77765E-2 3.84895E-2
8.35444E-2 7.63494E-2 7.89485E-2 8.11552E-2 7.6292E-2 7.83663E-2 8.1706E-2 8.29245E-2 8.66033E-2 8.86336E-2 7.79527E-2 8.16609E-2 7.96611E-2 7.71521E-2 6.11428E-2 6.66465E-2 7.53967E-2 7.36113E-2 7.15033E-2 6.21969E-2 6.03058E-2 5.81848E-2 5.64777E-2 5.70548E-2 5.35241E-2 5.45364E-2 5.33587E-2 4.19439E-2 3.99913E-2 4.33962E-2 5.67126E-2 6.74669E-2 6.5305E-2 5.96624E-2 6.30242E-2 6.09104E-2 5.28537E-2 6.88123E-2 7.12309E-2 6.27645E-2 5.75767E-2 6.18981E-2 6.12702E-2 5.50488E-2 4.94251E-2 5.35482E-2 5.31855E-2 5.0619E-2 5.16259E-2 5.00964E-2 4.99105E-2 4.73902E-2 4.79045E-2 4.68219E-2 4.43575E-2 4.2664E-2 4.17424E-2 4.07983E-2 4.0308E-2 3.83959E-2 3.75056E-2
7.80592E-2 8.22804E-2 8.45293E-2 7.46123E-2 7.85019E-2 7.61424E-2 7.69343E-2 7.62062E-2 8.2411E-2 9.28945E-2 8.19198E-2 6.55622E-2 6.50608E-2 5.93179E-2 5.8162E-2 6.2769E-2 7.12613E-2 7.0498E-2 6.74945E-2 6.03439E-2 6.73925E-2 6.79054E-2 6.26886E-2 6.10043E-2 6.108E-2 5.92578E-2 6.1738E-2 5.49189E-2 5.22888E-2 4.62583E-2 4.33162E-2 5.15602E-2 6.94095E-2 5.72478E-2 5.55934E-2 4.7622E-2 5.52434E-2 5.79581E-2 5.91375E-2 5.54572E-2 6.4694E-2 6.52463E-2 6.59733E-2 6.53935E-2 5.13393E-2 4.94094E-2 5.14503E-2 4.83316E-2 5.01021E-2 5.07753E-2 5.0348E-2 5.16596E-2 4.86884E-2 4.6923E-2 4.44735E-2 4.27544E-2 3.94518E-2 4.18094E-2 4.02485E-2 3.94283E-2 3.70352E-2
8.46691E-2 8.05469E-2 8.0546E-2 8.8307E-2 7.50012E-2 7.43977E-2 7.74997E-2 8.03994E-2 8.5792E-2 7.98089E-2 8.35877E-2 7.0289E-2 6.35338E-2 5.84842E-2 6.02852E-2 7.06558E-2 7.00763E-2 6.98681E-2 6.93962E-2 5.96079E-2 6.41025E-2 6.53646E-2 6.48468E-2 6.28494E-2 5.7175E-2 5.58387E-2 5.18962E-2 5.18741E-2 4.55209E-2 4.8837E-2 5.14673E-2 5.76978E-2 6.43245E-2 6.5933E-2 6.40641E-2 5.92904E-2 5.7206E-2 5.6503E-2 5.25866E-2 4.85882E-2 5.16115E-2 5.94716E-2 6.14369E-2 6.18557E-2 5.76195E-2 5.64268E-2 5.52614E-2 5.14729E-2 5.0728E-2 5.39919E-2 5.30345E-2 5.48613E-2 4.95152E-2 4.88321E-2 4.77499E-2 4.48273E-2 4.30519E-2 4.31488E-2 4.24199E-2 4.23588E-2 4.00949E-2
8.88309E-2 8.24893E-2 8.26256E-2 7.46562E-2 8.60435E-2 6.86859E-2 7.16907E-2 7.53102E-2 7.82028E-2 7.81422E-2 7.75521E-2 7.70942E-2 7.25497E-2 7.04945E-2 6.72618E-2 6.45174E-2 6.72763E-2 6.84125E-2 6.75018E-2 6.54825E-2 6.65488E-2 6.41295E-2 6.28802E-2 6.35097E-2 6.19794E-2 5.76541E-2 6.2126E-2 5.94963E-2 5.8275E-2 5.44622E-2 5.76771E-2 6.0475E-2 6.30956E-2 6.55322E-2 7.52724E-2 6.98834E-2 6.83526E-2 6.38267E-2 5.8341E-2 5.4812E-2 5.44685E-2 4.90738E-2 5.06998E-2 5.59488E-2 5.31799E-2 5.0983E-2 5.23765E-2 4.95975E-2 4.89294E-2 5.34485E-2 5.38661E-2 5.3755E-2 4.67282E-2 4.4079E-2 4.58017E-2 4.57357E-2 4.37175E-2 4.1704E-2 4.22094E-2 4.09869E-2 4.19374E-2
8.45249E-2 8.01025E-2 8.83081E-2 8.40726E-2 8.89461E-2 7.75617E-2 7.02476E-2 7.42706E-2 7.41819E-2 7.97822E-2 7.06141E-2 7.41049E-2 6.55931E-2 6.52349E-2 6.34014E-2 6.86646E-2 6.45657E-2 6.37454E-2 6.28162E-2 6.42723E-2 6.28933E-2 6.05782E-2 6.05761E-2 6.27215E-2 6.19292E-2 5.82081E-2 6.38857E-2 6.58104E-2 6.86959E-2 5.20955E-2 6.02849E-2 5.49892E-2 5.81561E-2 5.79507E-2 6.54735E-2 6.35592E-2 6.05472E-2 6.32714E-2 6.0389E-2 5.69502E-2 5.77512E-2 5.40943E-2 5.56956E-2 5.10405E-2 4.58468E-2 4.56019E-2 4.7505E-2 4.61964E-2 4.45471E-2 5.1132E-2 5.43752E-2 5.43957E-2 4.73276E-2 4.54873E-2 4.55783E-2 4.2123E-2 4.52958E-2 4.09905E-2 3.91798E-2 3.94341E-2 3.90135E-2
8.97914E-2 9.80927E-2 8.54447E-2 9.18106E-2 8.46858E-2 8.14061E-2 8.55934E-2 8.19023E-2 9.43975E-2 7.50035E-2 7.45174E-2 6.56517E-2 6.42122E-2 6.40981E-2 6.76725E-2 7.33512E-2 7.1859E-2 6.44917E-2 6.03633E-2 5.4411E-2 5.16588E-2 5.80812E-2 5.91014E-2 6.20379E-2 6.14252E-2 6.48421E-2 6.68563E-2 6.57897E-2 6.79071E-2 6.49847E-2 6.29626E-2 5.42179E-2 5.01073E-2 4.73521E-2 6.00922E-2 6.14571E-2 5.70606E-2 6.00201E-2 6.18935E-2 6.33227E-2 6.23129E-2 5.92245E-2 5.76102E-2 6.11288E-2 5.62247E-2 5.27033E-2 5.07527E-2 4.7435E-2 4.92259E-2 4.64702E-2 4.86137E-2 5.3021E-2 4.91149E-2 4.70185E-2 4.53176E-2 4.88178E-2 4.60123E-2 4.00585E-2 4.18154E-2 3.98444E-2 4.19928E-2
7.89716E-2 8.25614E-2 8.34271E-2 9.05774E-2 8.462E-2 8.14546E-2 7.93685E-2 8.53626E-2 7.57204E-2 6.7077E-2 8.00699E-2 6.88828E-2 6.34996E-2 6.2089E-2 5.41536E-2 5.59841E-2 6.48046E-2 5.92582E-2 6.3948E-2 6.2648E-2 5.9174E-2 5.76196E-2 5.49274E-2 5.21797E-2 5.5535E-2 5.96696E-2 6.56241E-2 6.775E-2 6.56838E-2 6.26264E-2 5.89787E-2 5.28879E-2 4.01991E-2 5.02469E-2 6.02531E-2 6.47218E-2 5.79866E-2 6.2445E-2 6.58171E-2 6.45153E-2 6.40309E-2 6.68047E-2 6.2675E-2 6.30648E-2 5.95193E-2 5.84936E-2 5.4549E-2 5.09648E-2 4.9771E-2 5.17402E-2 5.3335E-2 5.67537E-2 5.65153E-2 5.13746E-2 4.9963E-2 5.05445E-2 4.9567E-2 4.56298E-2 5.0427E-2 5.03266E-2 4.8751E-2
8.33907E-2 9.26055E-2 8.88956E-2 8.85329E-2 8.38516E-2 9.15422E-2 8.92177E-2 8.68791E-2 8.74031E-2 7.26982E-2 7.00353E-2 6.40586E-2 6.5328E-2 6.01734E-2 5.6651E-2 5.15328E-2 5.56585E-2 6.63778E-2 6.15087E-2 6.68736E-2 6.1971E-2 5.61114E-2 5.4401E-2 5.46304E-2 5.34869E-2 5.85362E-2 6.36485E-2 6.75271E-2 6.97613E-2 5.79958E-2 3.83326E-2 4.26587E-2 4.55213E-2 5.51759E-2 5.73673E-2 5.77359E-2 5.68655E-2 5.88859E-2 6.23604E-2 6.58647E-2 6.66145E-2 7.29103E-2 6.60619E-2 6.32567E-2 5.87429E-2 5.8952E-2 6.38779E-2 6.03575E-2 5.67406E-2 5.00536E-2 5.25729E-2 5.44601E-2 5.43538E-2 5.21794E-2 4.78653E-2 5.02583E-2 4.40846E-2 4.32377E-2 4.34906E-2 4.3804E-2 4.62707E-2
8.28933E-2 8.66499E-2 8.97783E-2 8.76936E-2 8.92919E-2 8.8488E-2 8.86159E-2 9.11558E-2 8.92104E-2 7.64516E-2 7.49469E-2 6.09436E-2 6.02814E-2 6.22113E-2 5.67594E-2 5.39817E-2 5.30557E-2 5.05471E-2 5.92749E-2 6.51253E-2 6.01153E-2 5.79772E-2 5.89553E-2 5.97066E-2 5.58576E-2 5.76131E-2 6.02422E-2 6.17616E-2 6.36248E-2 6.11658E-2 5.39151E-2 4.91643E-2 4.36157E-2 3.43867E-2 4.98538E-2 5.26109E-2 5.96551E-2 6.28987E-2 6.48973E-2 6.67622E-2 6.35523E-2 6.43295E-2 6.52538E-2 6.3708E-2 6.03438E-2 5.65967E-2 5.73369E-2 5.95301E-2 6.11252E-2 5.53406E-2 4.58016E-2 4.82711E-2 5.25762E-2 5.03377E-2 5.08301E-2 5.16488E-2 4.97864E-2 4.68201E-2 4.72357E-2 4.54854E-2 4.74225E-2
8.14768E-2 8.22913E-2 8.26926E-2 8.49512E-2 8.6405E-2 8.66957E-2 7.72917E-2 9.23618E-2 9.87275E-2 8.7069E-2 8.27791E-2 6.82029E-2 6.64522E-2 6.08088E-2 6.29195E-2 5.77801E-2 6.02304E-2 6.1787E-2 5.9734E-2 6.11809E-2 6.38364E-2 6.05373E-2 6.13007E-2 6.00567E-2 5.69077E-2 5.76904E-2 5.80858E-2 5.64708E-2 5.56601E-2 5.83927E-2 6.07787E-2 6.26482E-2 6.05406E-2 5.37388E-2 5.0412E-2 5.84099E-2 6.03968E-2 6.28478E-2 6.64293E-2 6.46133E-2 6.50159E-2 6.24568E-2 6.31688E-2 6.34665E-2 5.86526E-2 5.43142E-2 5.95746E-2 4.92254E-2 4.54361E-2 4.85884E-2 4.80237E-2 4.0732E-2 4.40132E-2 4.57638E-2 4.16124E-2 4.44136E-2 4.51944E-2 4.68444E-2 4.71067E-2 4.73446E-2 4.8804E-2
8.67999E-2 8.26489E-2 8.45661E-2 8.59696E-2 9.18076E-2 8.62194E-2 8.03711E-2 1.01005E-1 9.35202E-2 9.45682E-2 9.01139E-2 8.43508E-2 6.67805E-2 6.49958E-2 5.20661E-2 5.87463E-2 5.95984E-2 6.33911E-2 5.43838E-2 6.64527E-2 6.00095E-2 5.55139E-2 6.20896E-2 6.12115E-2 5.92004E-2 5.92225E-2 6.2081E-2 6.17027E-2 5.64085E-2 5.65474E-2 5.97408E-2 6.08882E-2 6.5914E-2 6.61958E-2 6.38518E-2 6.15022E-2 5.72284E-2 5.54608E-2 5.34815E-2 5.30039E-2 5.82528E-2 5.80217E-2 5.04791E-2 6.16175E-2 5.57433E-2 5.25252E-2 5.66632E-2 5.34163E-2 5.17485E-2 4.30909E-2 3.65665E-2 3.62886E-2 3.72492E-2 2.97211E-2 3.44639E-2 3.93864E-2 3.82253E-2 3.83447E-2 3.92002E-2 4.10942E-2 4.33266E-2
9.10838E-2 9.30747E-2 9.21546E-2 9.17832E-2 9.11362E-2 1.02234E-1 9.55843E-2 1.04143E-1 9.52543E-2 8.78651E-2 8.18485E-2 7.78561E-2 7.52225E-2 7.0564E-2 5.87118E-2 5.76485E-2 5.8117E-2 5.8301E-2 6.09754E-2 5.75202E-2 5.32937E-2 5.03382E-2 6.44671E-2 6.37222E-2 6.10729E-2 5.83986E-2 6.09209E-2 6.33465E-2 5.83205E-2 5.88664E-2 6.13273E-2 6.2351E-2 6.22532E-2 6.00751E-2 5.79726E-2 5.25111E-2 5.55971E-2 5.37189E-2 5.59691E-2 5.34498E-2 5.00128E-2 5.64541E-2 4.84458E-2 5.19507E-2 5.48624E-2 5.69713E-2 5.27515E-2 5.19273E-2 5.6896E-2 4.49235E-2 3.76769E-2 3.51371E-2 3.99394E-2 3.49799E-2 3.27229E-2 3.99119E-2 4.11393E-2 3.70032E-2 3.43429E-2 3.57733E-2 3.58544E-2
9.86047E-2 9.73058E-2 9.73995E-2 1.02612E-1 9.10043E-2 9.67268E-2 1.00328E-1 1.07761E-1 9.81716E-2 9.3058E-2 8.89829E-2 7.99644E-2 8.66451E-2 8.01897E-2 7.45021E-2 5.92615E-2 6.27488E-2 5.25048E-2 5.14011E-2 5.4619E-2 5.07799E-2 5.11938E-2 4.94017E-2 6.48381E-2 5.89007E-2 5.72401E-2 6.29833E-2 6.56023E-2 6.33823E-2 5.68438E-2 5.83981E-2 5.98916E-2 6.05647E-2 5.82008E-2 6.15622E-2 5.94886E-2 5.82836E-2 5.60992E-2 5.64395E-2 5.6835E-2 5.69197E-2 5.59107E-2 4.8551E-2 4.6019E-2 5.54495E-2 6.14683E-2 6.36879E-2 5.36797E-2 5.71676E-2 5.19568E-2 4.05302E-2 3.88254E-2 3.66538E-2 3.90177E-2 3.8222E-2 3.89079E-2 4.00612E-2 3.78627E-2 4.00278E-2 3.94788E-2 3.57681E-2
9.16156E-2 9.11281E-2 1.29822E-1 9.55375E-2 9.41565E-2 1.07234E-1 9.80158E-2 1.03719E-1 1.20837E-1 1.08292E-1 9.39234E-2 9.39308E-2 8.73214E-2 7.9275E-2 7.53012E-2 7.61572E-2 6.95176E-2 6.21278E-2 6.12416E-2 4.70374E-2 5.62957E-2 5.80551E-2 5.30076E-2 4.98447E-2 5.51886E-2 5.56473E-2 6.18966E-2 6.19268E-2 6.65402E-2 6.15908E-2 6.13112E-2 6.02296E-2 5.86557E-2 5.85732E-2 6.08239E-2 6.3377E-2 5.74804E-2 5.52613E-2 5.32857E-2 5.40281E-2 5.67097E-2 5.89018E-2 6.05466E-2 5.39157E-2 5.15744E-2 6.0115E-2 6.45315E-2 6.3708E-2 5.58795E-2 4.96132E-2 3.80419E-2 3.91777E-2 4.36017E-2 4.19011E-2 3.72773E-2 3.92418E-2 4.0303E-2 3.78039E-2 3.72722E-2 4.02441E-2 3.98953E-2
9.99318E-2 1.22227E-1 1.14446E-1 1.02604E-1 1.11354E-1 1.61693E-1 1.03321E-1 1.18891E-1 1.14944E-1 1.18617E-1 1.03368E-1 1.08595E-1 9.25437E-2 9.19772E-2 8.01703E-2 8.12477E-2 7.60923E-2 6.84672E-2 6.32074E-2 5.39844E-2 5.79962E-2 5.24039E-2 5.30447E-2 5.29933E-2 5.22491E-2 5.29941E-2 5.97573E-2 6.14006E-2 6.60423E-2 6.97402E-2 7.06128E-2 6.58991E-2 5.94014E-2 5.86344E-2 5.92251E-2 6.53562E-2 6.62424E-2 6.79297E-2 6.37652E-2 5.92745E-2 5.50251E-2 5.7E-2 5.75915E-2 5.89103E-2 6.12483E-2 6.06656E-2 5.9697E-2 5.7428E-2 4.73106E-2 3.83594E-2 3.4752E-2 3.64074E-2 4.0277E-2 4.75421E-2 3.87005E-2 3.92324E-2 3.91982E-2 3.30064E-2 3.6149E-2 3.9416E-2 3.96772E-2
1.24519E-1 1.23101E-1 9.72317E-2 9.24592E-2 1.29829E-1 1.69799E-1 1.08179E-1 1.0646E-1 1.19133E-1 1.24729E-1 1.06407E-1 9.98871E-2 1.01584E-1 8.33505E-2 8.58666E-2 7.68366E-2 7.34307E-2 6.70625E-2 6.3159E-2 5.78932E-2 4.99906E-2 5.28463E-2 5.01383E-2 5.3442E-2 5.38707E-2 5.8005E-2 5.8445E-2 5.70624E-2 7.0708E-2 7.57291E-2 7.05513E-2 6.52616E-2 5.94602E-2 7.0155E-2 8.29907E-2 7.0415E-2 6.29654E-2 6.06795E-2 6.41655E-2 6.47337E-2 5.82485E-2 5.54125E-2 5.37527E-2 6.07109E-2 6.35111E-2 6.29074E-2 5.96581E-2 4.69736E-2 4.10825E-2 3.97252E-2 3.31282E-2 3.18387E-2 3.00273E-2 3.39302E-2 3.69425E-2 3.94471E-2 4.56289E-2 3.61784E-2 3.26807E-2 3.52826E-2 3.9226E-2
1.08539E-1 1.50124E-1 1.84409E-1 1.82484E-1 1.94922E-1 1.45952E-1 1.30095E-1 1.14565E-1 1.15938E-1 1.23393E-1 1.28887E-1 1.04241E-1 9.96104E-2 9.29157E-2 9.2802E-2 7.50883E-2 8.02056E-2 6.93254E-2 7.24565E-2 5.86276E-2 5.85596E-2 5.9828E-2 4.84587E-2 4.80886E-2 5.54293E-2 4.95349E-2 5.25422E-2 6.03595E-2 5.93838E-2 6.59067E-2 6.95701E-2 7.0095E-2 6.68356E-2 6.04946E-2 6.68618E-2 6.3446E-2 5.44171E-2 5.50496E-2 5.95634E-2 5.98284E-2 6.0615E-2 5.90718E-2 6.03785E-2 6.37964E-2 6.70271E-2 6.7714E-2 6.46487E-2 5.47567E-2 5.28004E-2 4.95479E-2 4.61534E-2 5.14628E-2 5.40276E-2 4.88822E-2 4.33395E-2 4.64016E-2 5.2243E-2 4.39792E-2 4.13485E-2 4.3767E-2 4.12798E-2
1.18024E-1 1.09443E-1 1.28403E-1 1.87223E-1 1.81249E-1 1.2603E-1 1.31615E-1 1.46059E-1 1.12075E-1 1.15798E-1 1.23436E-1 1.45658E-1 1.34712E-1 9.66099E-2 9.0399E-2 8.03079E-2 7.60205E-2 8.47075E-2 7.25583E-2 7.34356E-2 6.12241E-2 5.83102E-2 6.38672E-2 5.38403E-2 5.16685E-2 5.152E-2 5.21315E-2 5.74351E-2 5.7075E-2 6.40512E-2 7.24704E-2 7.02978E-2 6.67921E-2 5.95832E-2 5.99959E-2 6.28063E-2 5.70927E-2 5.66185E-2 6.03373E-2 5.68762E-2 6.08963E-2 6.56466E-2 6.43377E-2 6.62186E-2 6.94275E-2 6.90157E-2 6.83417E-2 6.76472E-2 6.59231E-2 6.56899E-2 6.23643E-2 6.04787E-2 6.28897E-2 5.84027E-2 5.59339E-2 5.11401E-2 4.44586E-2 4.40823E-2 5.19563E-2 4.72376E-2 4.47417E-2
9.56274E-2 9.98576E-2 1.18144E-1 1.38782E-1 1.55254E-1 1.44803E-1 1.87111E-1 1.21524E-1 1.1414E-1 1.13911E-1 1.08117E-1 1.86079E-1 1.10914E-1 1.019E-1 9.90009E-2 8.76428E-2 7.4059E-2 7.81144E-2 6.56737E-2 7.00474E-2 6.71657E-2 5.99734E-2 6.29537E-2 6.24391E-2 5.1929E-2 5.28538E-2 5.25807E-2 5.52713E-2 4.99625E-2 5.84447E-2 6.9156E-2 6.93007E-2 7.33477E-2 6.64978E-2 6.7251E-2 6.32875E-2 5.66014E-2 5.03006E-2 5.2371E-2 5.34479E-2 6.08971E-2 6.77682E-2 6.2164E-2 6.51427E-2 6.92062E-2 7.0481E-2 6.71381E-2 6.89977E-2 6.7578E-2 6.41178E-2 5.63239E-2 5.95594E-2 6.39093E-2 5.9339E-2 5.54455E-2 5.34991E-2 5.16923E-2 5.39717E-2 5.13671E-2 4.74369E-2 4.42343E-2
1.01611E-1 1.0261E-1 1.28742E-1 1.53217E-1 1.2073E-1 1.3645E-1 1.62922E-1 1.19244E-1 1.23539E-1 1.08647E-1 1.10663E-1 2.04206E-1 1.04104E-1 1.03378E-1 9.47221E-2 8.48769E-2 8.11272E-2 1.04502E-1 8.04438E-2 6.97436E-2 7.60311E-2 6.58786E-2 6.5826E-2 6.30448E-2 6.21063E-2 5.46546E-2 5.63514E-2 5.04604E-2 5.20767E-2 4.67367E-2 5.91245E-2 6.73973E-2 7.51373E-2 7.29091E-2 7.28251E-2 7.59911E-2 6.71063E-2 5.72765E-2 5.36111E-2 5.47544E-2 6.02429E-2 6.5815E-2 6.59329E-2 6.94856E-2 7.35312E-2 7.01181E-2 6.70711E-2 6.77019E-2 6.67582E-2 6.41232E-2 6.09327E-2 5.9643E-2 5.81768E-2 5.57502E-2 5.4168E-2 5.27782E-2 4.9165E-2 5.01196E-2 5.10816E-2 5.07275E-2 4.96546E-2
1.01066E-1 1.07043E-1 1.9089E-1 1.60828E-1 1.30195E-1 1.42154E-1 1.35939E-1 1.41791E-1 1.20338E-1 1.08886E-1 1.1704E-1 1.72303E-1 1.58307E-1 9.28925E-2 9.23745E-2 8.6825E-2 8.63415E-2 1.15557E-1 8.47458E-2 7.3932E-2 7.07496E-2 7.26209E-2 6.63577E-2 6.60877E-2 6.29089E-2 5.88763E-2 5.20126E-2 4.1669E-2 5.04377E-2 4.15764E-2 5.52376E-2 6.60415E-2 6.99718E-2 7.55446E-2 7.31848E-2 8.39073E-2 8.04954E-2 7.02561E-2 6.46335E-2 6.03492E-2 5.90452E-2 6.3611E-2 7.05156E-2 7.28552E-2 7.61647E-2 7.50879E-2 6.96009E-2 6.50786E-2 6.98405E-2 6.35448E-2 6.14661E-2 5.91621E-2 5.60954E-2 5.48711E-2 5.51855E-2 5.53863E-2 5.15322E-2 4.98475E-2 5.00898E-2 5.18484E-2 5.06394E-2
8.55268E-2 1.12084E-1 1.96726E-1 1.00335E-1 9.78533E-2 1.07634E-1 1.02971E-1 9.99048E-2 1.02603E-1 1.02158E-1 1.23822E-1 1.49216E-1 1.1358E-1 9.86922E-2 1.27806E-1 9.20708E-2 8.67907E-2 1.24222E-1 8.5838E-2 7.28992E-2 7.22961E-2 7.69338E-2 6.73129E-2 6.0693E-2 6.5142E-2 5.57793E-2 5.52714E-2 5.72349E-2 5.29585E-2 4.21077E-2 4.76042E-2 6.77485E-2 7.05926E-2 7.62353E-2 8.08806E-2 7.97117E-2 7.80257E-2 7.46148E-2 7.41146E-2 6.77558E-2 6.44554E-2 6.5848E-2 7.21176E-2 7.2952E-2 7.15844E-2 7.40017E-2 7.3516E-2 6.86704E-2 7.12693E-2 6.77131E-2 6.3041E-2 5.9875E-2 5.86504E-2 6.03191E-2 6.38617E-2 6.14097E-2 5.31889E-2 5.34217E-2 5.9436E-2 5.68581E-2 5.22946E-2
9.81359E-2 1.38565E-1 1.94689E-1 1.07352E-1 1.0638E-1 9.94501E-2 9.73906E-2 9.5189E-2 1.01372E-1 1.24096E-1 1.90621E-1 1.36281E-1 1.03312E-1 9.61869E-2 1.41838E-1 1.00487E-1 9.13706E-2 1.40675E-1 9.11725E-2 7.16197E-2 7.17612E-2 6.89292E-2 7.24572E-2 6.18389E-2 6.45179E-2 6.8133E-2 5.98117E-2 5.88851E-2 5.56183E-2 4.96936E-2 4.89612E-2 6.4228E-2 6.91194E-2 7.86433E-2 7.69465E-2 7.91695E-2 7.92179E-2 7.53491E-2 7.29173E-2 7.25442E-2 7.34138E-2 7.57151E-2 7.98859E-2 8.04656E-2 7.63848E-2 7.48543E-2 7.88962E-2 7.03929E-2 7.19736E-2 6.6269E-2 6.79853E-2 6.32093E-2 6.22264E-2 6.74136E-2 6.88657E-2 6.03108E-2 5.65021E-2 5.90376E-2 5.78939E-2 5.51147E-2 5.65605E-2
1.67677E-1 1.40628E-1 1.07996E-1 9.50225E-2 9.39585E-2 9.84445E-2 9.24915E-2 9.77639E-2 1.07143E-1 1.18013E-1 1.68448E-1 1.04104E-1 1.04669E-1 1.14514E-1 1.27791E-1 9.24966E-2 8.91636E-2 1.47534E-1 1.03763E-1 8.06421E-2 7.41633E-2 7.45225E-2 7.04734E-2 5.73777E-2 6.50644E-2 7.27907E-2 6.2133E-2 5.56841E-2 5.54403E-2 5.76009E-2 5.38527E-2 6.2507E-2 6.82491E-2 7.82774E-2 6.51641E-2 8.03793E-2 7.47692E-2 8.73405E-2 8.68249E-2 8.22451E-2 8.14883E-2 8.69012E-2 8.65916E-2 8.40047E-2 8.52328E-2 8.48399E-2 8.66815E-2 7.68903E-2 7.45665E-2 7.12693E-2 6.86571E-2 6.28932E-2 6.19469E-2 6.38938E-2 6.12944E-2 6.0232E-2 6.08726E-2 5.93878E-2 5.90239E-2 6.03627E-2 6.19683E-2
1.22015E-1 1.70594E-1 1.04086E-1 8.56346E-2 8.51108E-2 8.47976E-2 9.15593E-2 1.01388E-1 1.06787E-1 1.1708E-1 1.64905E-1 1.04333E-1 1.18217E-1 1.36812E-1 1.12834E-1 1.17894E-1 1.23164E-1 1.39688E-1 1.41127E-1 8.24947E-2 7.65658E-2 7.31933E-2 6.72222E-2 5.86261E-2 6.45418E-2 6.82846E-2 6.13915E-2 5.48173E-2 5.53198E-2 5.77239E-2 5.86132E-2 6.41676E-2 7.65504E-2 8.98034E-2 8.10057E-2 7.76938E-2 8.15254E-2 7.9075E-2 8.56763E-2 8.49547E-2 7.76225E-2 7.99742E-2 7.91722E-2 8.17101E-2 8.29326E-2 8.31257E-2 8.442E-2 8.07496E-2 7.28701E-2 7.28722E-2 6.89828E-2 6.65087E-2 6.326E-2 5.94837E-2 5.48252E-2 4.91252E-2 4.87481E-2 4.94141E-2 5.38151E-2 5.48712E-2 5.88085E-2
