maxent_outputs/bumblebees/bombus_202.asc
ncols         426
nrows         180
xllcorner     -130.0
yllcorner     24.0
cellsize      0.16666666666666666
NODATA_value  -9999
[rows 0 to 26 of 180, columns 183 to 243 of 426]
4.76509E-1 4.70169E-1 4.67316E-1 4.64924E-1 4.59605E-1 4.58211E-1 4.59938E-1 4.77919E-1 4.79043E-1 4.75947E-1 4.65121E-1 4.58113E-1 4.52816E-1 4.52002E-1 4.54665E-1 4.59425E-1 4.56298E-1 4.54399E-1 4.55135E-1 4.60242E-1 4.73785E-1 4.66439E-1 4.58856E-1 4.58006E-1 4.55286E-1 4.56691E-1 4.5296E-1 4.62582E-1 4.68389E-1 4.64511E-1 4.57042E-1 4.55386E-1 4.57121E-1 4.56787E-1 4.53314E-1 4.51867E-1 4.51331E-1 4.52208E-1 4.56717E-1 4.55625E-1 4.5481E-1 4.58165E-1 4.58041E-1 4.56325E-1 4.59624E-1 4.61708E-1 4.62378E-1 4.63634E-1 4.67789E-1 4.67514E-1 4.65938E-1 4.69941E-1 4.70671E-1 4.6855E-1 4.71085E-1 4.67919E-1 4.69984E-1 4.67331E-1 4.68304E-1 4.70965E-1 4.71132E-1
4.68542E-1 4.6678E-1 4.69442E-1 4.9326E-1 5.04612E-1 5.07388E-1 5.05446E-1 5.04072E-1 4.95456E-1 4.87634E-1 4.68861E-1 4.65364E-1 4.6181E-1 4.59267E-1 4.6035E-1 4.54923E-1 4.54734E-1 4.54393E-1 4.54387E-1 4.59373E-1 4.59228E-1 4.60573E-1 4.69732E-1 4.6657E-1 4.61845E-1 4.5215E-1 4.56292E-1 4.63595E-1 4.66377E-1 4.68362E-1 4.73609E-1 4.71537E-1 4.66538E-1 4.63238E-1 4.60312E-1 4.57706E-1 4.58483E-1 4.60678E-1 4.6147E-1 4.59172E-1 4.59968E-1 4.55226E-1 4.58127E-1 4.642E-1 4.67583E-1 4.66592E-1 4.64704E-1 4.62452E-1 4.64007E-1 4.68761E-1 4.66971E-1 4.70009E-1 4.69315E-1 4.66525E-1 4.70319E-1 4.74155E-1 4.93414E-1 4.98504E-1 4.87404E-1 4.76052E-1 4.75198E-1
4.61855E-1 4.63532E-1 4.79994E-1 5.05984E-1 5.08054E-1 5.0615E-1 5.08631E-1 5.08874E-1 5.09851E-1 5.06604E-1 4.84419E-1 4.68248E-1 4.64931E-1 4.56852E-1 4.56823E-1 4.56108E-1 4.55328E-1 4.5822E-1 4.62444E-1 4.68824E-1 4.6338E-1 4.58845E-1 4.6189E-1 4.61333E-1 4.63509E-1 4.56726E-1 4.6018E-1 4.56652E-1 4.54014E-1 4.51651E-1 4.52285E-1 4.51239E-1 4.55686E-1 4.53815E-1 4.6103E-1 4.61188E-1 4.60288E-1 4.62378E-1 4.61995E-1 4.59129E-1 4.59476E-1 4.5921E-1 4.5708E-1 4.5688E-1 4.57622E-1 4.59771E-1 4.61799E-1 4.61557E-1 4.6484E-1 4.65604E-1 4.69455E-1 4.66629E-1 4.66587E-1 4.65013E-1 4.66578E-1 4.69009E-1 4.69108E-1 4.71486E-1 4.71501E-1 4.73668E-1 4.74389E-1
4.64064E-1 4.69045E-1 4.93118E-1 5.08237E-1 5.10327E-1 5.08218E-1 5.09726E-1 5.09927E-1 5.10329E-1 5.11045E-1 5.03433E-1 4.74854E-1 4.69186E-1 4.59926E-1 4.61243E-1 4.57645E-1 4.5909E-1 4.61374E-1 4.63456E-1 4.61446E-1 4.68699E-1 4.61267E-1 4.57433E-1 4.57593E-1 4.59183E-1 4.64852E-1 4.63349E-1 4.54164E-1 4.50445E-1 4.50886E-1 4.5305E-1 4.56577E-1 4.55806E-1 4.54792E-1 4.56494E-1 4.5933E-1 4.60544E-1 4.59504E-1 4.58954E-1 4.58892E-1 4.61422E-1 4.57951E-1 4.58194E-1 4.59245E-1 4.58451E-1 4.58666E-1 4.66568E-1 4.66908E-1 4.64584E-1 4.66435E-1 4.66083E-1 4.69985E-1 4.68195E-1 4.66724E-1 4.68247E-1 4.676E-1 4.69212E-1 4.69698E-1 4.73935E-1 4.7227E-1 4.7288E-1
4.73646E-1 4.76442E-1 4.96692E-1 5.07279E-1 5.09853E-1 5.08811E-1 5.07234E-1 5.08113E-1 5.09398E-1 5.1154E-1 5.08365E-1 4.92343E-1 4.7696E-1 4.63569E-1 4.57898E-1 4.58892E-1 4.56533E-1 4.54847E-1 4.58749E-1 4.58598E-1 4.58672E-1 4.62427E-1 4.63321E-1 4.60941E-1 4.58907E-1 4.61934E-1 4.59955E-1 4.61362E-1 4.58623E-1 4.55806E-1 4.56767E-1 4.57331E-1 4.54232E-1 4.55883E-1 4.59917E-1 4.65569E-1 4.59809E-1 4.58392E-1 4.55627E-1 4.58107E-1 4.58512E-1 4.59854E-1 4.6167E-1 4.60539E-1 4.61554E-1 4.63482E-1 4.61483E-1 4.61336E-1 4.64044E-1 4.64217E-1 4.64136E-1 4.67954E-1 4.66259E-1 4.66944E-1 4.65994E-1 4.681E-1 4.67975E-1 4.69623E-1 4.71502E-1 4.73483E-1 4.72646E-1
4.71113E-1 4.70543E-1 4.80215E-1 4.93326E-1 4.96486E-1 4.96853E-1 5.04429E-1 5.06905E-1 5.08555E-1 5.10863E-1 5.09542E-1 5.02281E-1 4.86527E-1 4.6799E-1 4.64582E-1 4.59872E-1 4.59711E-1 4.57085E-1 4.57163E-1 4.58669E-1 4.64553E-1 4.62486E-1 4.61249E-1 4.64668E-1 4.66185E-1 4.69422E-1 4.7319E-1 4.7338E-1 4.67219E-1 4.65723E-1 4.62877E-1 4.60216E-1 4.60553E-1 4.59216E-1 4.58736E-1 4.68746E-1 4.73225E-1 4.67756E-1 4.7356E-1 4.72782E-1 4.75306E-1 4.72391E-1 4.6473E-1 4.6266E-1 4.63369E-1 4.67604E-1 4.62653E-1 4.63706E-1 4.65045E-1 4.70112E-1 4.68872E-1 4.68307E-1 4.68665E-1 4.68081E-1 4.66886E-1 4.64801E-1 4.68226E-1 4.7343E-1 4.75535E-1 4.74179E-1 4.75357E-1
4.7078E-1 4.69213E-1 4.69155E-1 4.74622E-1 4.94923E-1 5.0316E-1 5.07527E-1 5.07382E-1 5.07206E-1 5.12455E-1 5.11533E-1 5.06291E-1 4.88629E-1 4.73404E-1 4.69077E-1 4.62847E-1 4.59173E-1 4.61141E-1 4.61496E-1 4.62401E-1 4.66081E-1 4.67418E-1 4.63234E-1 4.65808E-1 4.68869E-1 4.74119E-1 4.72493E-1 4.73067E-1 4.69539E-1 4.66695E-1 4.66276E-1 4.65576E-1 4.67538E-1 4.72035E-1 4.67163E-1 4.72851E-1 4.73488E-1 4.6944E-1 4.69805E-1 4.68428E-1 4.68697E-1 4.67181E-1 4.64434E-1 4.6588E-1 4.68516E-1 4.71966E-1 4.71388E-1 4.67929E-1 4.74273E-1 4.71161E-1 4.69671E-1 4.71504E-1 4.72479E-1 4.68095E-1 4.69143E-1 4.68652E-1 4.7085E-1 4.75544E-1 4.75815E-1 4.76507E-1 4.76727E-1
4.73569E-1 4.68673E-1 4.69969E-1 4.7607E-1 4.97394E-1 5.07622E-1 5.0589E-1 5.06673E-1 5.05108E-1 5.06583E-1 5.06877E-1 5.06742E-1 5.00724E-1 4.74538E-1 4.67653E-1 4.64141E-1 4.66882E-1 4.72916E-1 4.70048E-1 4.67484E-1 4.66674E-1 4.67573E-1 4.68013E-1 4.67644E-1 4.68017E-1 4.77555E-1 4.72652E-1 4.73824E-1 4.73034E-1 4.73137E-1 4.72006E-1 4.69907E-1 4.69707E-1 4.7378E-1 4.71403E-1 4.72695E-1 4.70891E-1 4.68699E-1 4.66752E-1 4.66354E-1 4.64173E-1 4.67753E-1 4.68611E-1 4.66248E-1 4.68267E-1 4.68657E-1 4.67167E-1 4.66773E-1 4.70044E-1 4.68583E-1 4.67904E-1 4.75012E-1 4.7598E-1 4.75472E-1 4.69779E-1 4.68376E-1 4.70822E-1 4.72581E-1 4.74093E-1 4.74887E-1 4.74314E-1
4.73141E-1 4.67088E-1 4.67188E-1 4.72187E-1 4.742E-1 4.90155E-1 5.03267E-1 5.05775E-1 5.05286E-1 5.04314E-1 5.0576E-1 5.03685E-1 4.9867E-1 4.94296E-1 4.71241E-1 4.64712E-1 4.67559E-1 4.65648E-1 4.69563E-1 4.72776E-1 4.72613E-1 4.71194E-1 4.70599E-1 4.70844E-1 4.7445E-1 4.71694E-1 4.73286E-1 4.77016E-1 4.72367E-1 4.745E-1 4.78107E-1 4.75558E-1 4.80241E-1 4.74949E-1 4.73064E-1 4.72649E-1 4.73061E-1 4.74478E-1 4.75018E-1 4.76474E-1 4.72283E-1 4.70878E-1 4.71146E-1 4.71042E-1 4.69202E-1 4.69124E-1 4.68758E-1 4.77048E-1 4.75428E-1 4.72118E-1 4.70741E-1 4.69322E-1 4.66488E-1 4.6663E-1 4.69965E-1 4.69545E-1 4.70678E-1 4.69613E-1 4.74887E-1 4.77112E-1 4.76231E-1
4.75059E-1 4.66657E-1 4.6599E-1 4.66425E-1 4.67954E-1 4.71703E-1 4.9386E-1 5.04917E-1 4.98661E-1 4.98909E-1 5.07127E-1 5.01386E-1 4.96689E-1 4.93E-1 4.85165E-1 4.66383E-1 4.68307E-1 4.66805E-1 4.69E-1 4.6658E-1 4.68089E-1 4.70467E-1 4.7065E-1 4.73146E-1 4.75765E-1 4.74056E-1 4.72359E-1 4.74205E-1 4.71243E-1 4.70602E-1 4.74224E-1 4.74947E-1 4.75146E-1 4.7282E-1 4.75173E-1 4.78072E-1 4.77277E-1 4.75162E-1 4.74181E-1 4.74352E-1 4.72396E-1 4.7333E-1 4.74198E-1 4.74537E-1 4.72292E-1 4.70689E-1 4.69679E-1 4.72823E-1 4.72411E-1 4.70574E-1 4.68446E-1 4.65825E-1 4.65608E-1 4.65738E-1 4.6553E-1 4.66584E-1 4.71043E-1 4.72856E-1 4.74341E-1 4.76481E-1 4.78416E-1
4.69974E-1 4.62279E-1 4.59961E-1 4.65838E-1 4.66231E-1 4.68592E-1 4.71856E-1 4.83049E-1 5.01537E-1 5.02375E-1 5.04388E-1 5.02866E-1 4.98214E-1 4.9068E-1 4.89919E-1 4.69879E-1 4.70518E-1 4.69313E-1 4.71103E-1 4.69445E-1 4.69364E-1 4.72241E-1 4.71275E-1 4.7244E-1 4.76491E-1 4.74343E-1 4.73186E-1 4.77046E-1 4.70201E-1 4.74254E-1 4.76295E-1 4.77147E-1 4.75392E-1 4.76201E-1 4.83966E-1 4.78281E-1 4.74946E-1 4.70139E-1 4.72085E-1 4.74593E-1 4.81234E-1 4.7841E-1 4.73634E-1 4.71558E-1 4.70955E-1 4.70913E-1 4.718E-1 4.72816E-1 4.71263E-1 4.71085E-1 4.70308E-1 4.67703E-1 4.68638E-1 4.68609E-1 4.671E-1 4.69741E-1 4.69509E-1 4.69351E-1 4.71297E-1 4.74417E-1 4.76036E-1
4.65542E-1 4.6404E-1 4.64566E-1 4.67811E-1 4.67014E-1 4.68308E-1 4.70491E-1 4.76132E-1 4.87251E-1 5.01446E-1 4.92808E-1 4.89078E-1 4.97225E-1 4.98114E-1 4.95474E-1 4.7971E-1 4.7282E-1 4.71565E-1 4.70737E-1 4.70831E-1 4.71093E-1 4.73522E-1 4.74468E-1 4.7872E-1 4.84781E-1 4.82804E-1 4.79607E-1 4.77194E-1 4.78462E-1 4.80654E-1 4.81214E-1 4.81818E-1 4.83218E-1 4.81092E-1 4.80622E-1 4.75829E-1 4.73043E-1 4.78068E-1 4.74662E-1 4.76071E-1 4.76299E-1 4.74106E-1 4.72731E-1 4.76783E-1 4.76587E-1 4.74264E-1 4.72202E-1 4.72517E-1 4.72504E-1 4.71873E-1 4.73866E-1 4.73186E-1 4.69956E-1 4.68645E-1 4.69782E-1 4.7193E-1 4.73302E-1 4.72442E-1 4.74063E-1 4.75832E-1 4.78102E-1
4.60452E-1 4.62651E-1 4.62346E-1 4.6294E-1 4.63011E-1 4.67839E-1 4.69772E-1 4.70138E-1 4.7584E-1 4.86471E-1 4.82241E-1 4.86453E-1 4.82087E-1 4.95872E-1 4.99757E-1 4.95972E-1 4.78761E-1 4.74883E-1 4.71167E-1 4.69012E-1 4.72825E-1 4.76275E-1 4.77131E-1 4.78623E-1 4.84348E-1 4.75525E-1 4.78159E-1 4.71773E-1 4.7651E-1 4.76909E-1 4.78128E-1 4.80258E-1 4.83212E-1 4.81427E-1 4.81389E-1 4.77844E-1 4.78457E-1 4.78841E-1 4.77712E-1 4.78145E-1 4.7886E-1 4.77651E-1 4.76542E-1 4.78927E-1 4.77035E-1 4.78727E-1 4.75722E-1 4.74554E-1 4.77723E-1 4.75661E-1 4.76356E-1 4.73487E-1 4.69456E-1 4.6965E-1 4.72795E-1 4.73827E-1 4.74715E-1 4.74114E-1 4.75369E-1 4.77247E-1 4.80486E-1
4.67288E-1 4.62744E-1 4.62059E-1 4.62171E-1 4.611E-1 4.6375E-1 4.70454E-1 4.71301E-1 4.67204E-1 4.68243E-1 4.77297E-1 4.83104E-1 4.93168E-1 4.92936E-1 4.95485E-1 4.94249E-1 4.89786E-1 4.76019E-1 4.69762E-1 4.70413E-1 4.72549E-1 4.72381E-1 4.74684E-1 4.77238E-1 4.74315E-1 4.75211E-1 4.71109E-1 4.76206E-1 4.78627E-1 4.8189E-1 4.80065E-1 4.80291E-1 4.83543E-1 4.855E-1 4.85798E-1 4.83945E-1 4.84925E-1 4.82289E-1 4.82825E-1 4.84811E-1 4.84996E-1 4.80232E-1 4.80238E-1 4.82226E-1 4.82817E-1 4.84062E-1 4.81525E-1 4.79201E-1 4.78987E-1 4.8005E-1 4.7928E-1 4.76224E-1 4.77209E-1 4.72759E-1 4.73545E-1 4.74819E-1 4.73247E-1 4.77729E-1 4.78899E-1 4.8012E-1 4.84745E-1
4.63409E-1 4.62947E-1 4.63352E-1 4.63912E-1 4.62882E-1 4.61617E-1 4.60903E-1 4.53763E-1 4.62035E-1 4.68421E-1 4.76876E-1 4.81563E-1 4.88139E-1 4.95814E-1 4.88451E-1 4.78217E-1 4.90146E-1 4.81973E-1 4.69602E-1 4.69052E-1 4.70578E-1 4.71729E-1 4.73355E-1 4.77232E-1 4.71968E-1 4.74558E-1 4.71626E-1 4.72718E-1 4.75637E-1 4.78646E-1 4.7915E-1 4.7924E-1 4.8131E-1 4.84132E-1 4.82902E-1 4.85754E-1 4.85796E-1 4.8683E-1 4.86661E-1 4.87244E-1 4.86821E-1 4.85577E-1 4.83482E-1 4.84815E-1 4.84662E-1 4.88648E-1 4.82355E-1 4.82751E-1 4.81177E-1 4.7856E-1 4.79603E-1 4.77132E-1 4.77709E-1 4.77063E-1 4.75754E-1 4.73798E-1 4.74809E-1 4.76518E-1 4.77572E-1 4.79917E-1 4.81712E-1
4.53135E-1 4.58383E-1 4.64528E-1 4.61523E-1 4.53149E-1 4.41114E-1 4.49746E-1 4.5262E-1 4.61432E-1 4.69931E-1 4.73245E-1 4.74304E-1 4.80709E-1 4.84644E-1 4.76853E-1 4.83481E-1 4.95597E-1 4.96264E-1 4.76477E-1 4.68632E-1 4.65747E-1 4.65967E-1 4.66134E-1 4.7041E-1 4.72952E-1 4.72288E-1 4.74608E-1 4.79401E-1 4.79475E-1 4.76758E-1 4.77261E-1 4.74556E-1 4.79313E-1 4.75513E-1 4.78362E-1 4.85092E-1 4.87035E-1 4.89196E-1 4.88679E-1 4.88562E-1 4.87204E-1 4.91009E-1 4.95572E-1 4.94607E-1 4.87162E-1 4.91243E-1 4.8642E-1 4.83033E-1 4.83531E-1 4.83824E-1 4.82614E-1 4.80738E-1 4.79078E-1 4.78074E-1 4.77737E-1 4.76667E-1 4.7601E-1 4.78561E-1 4.79172E-1 4.81691E-1 4.83362E-1
4.51025E-1 4.55718E-1 4.59578E-1 4.62934E-1 4.58214E-1 4.48592E-1 4.36114E-1 4.49283E-1 4.58699E-1 4.59212E-1 4.6284E-1 4.69984E-1 4.76091E-1 4.73882E-1 4.7E-1 4.80898E-1 4.80893E-1 4.88549E-1 4.81923E-1 4.6986E-1 4.63967E-1 4.62536E-1 4.64656E-1 4.68068E-1 4.72367E-1 4.71638E-1 4.72606E-1 4.76136E-1 4.78577E-1 4.76315E-1 4.78244E-1 4.7743E-1 4.79843E-1 4.80017E-1 4.81531E-1 4.85202E-1 5.05433E-1 5.08821E-1 4.94983E-1 4.90808E-1 4.92388E-1 4.90252E-1 4.90423E-1 4.93035E-1 4.92888E-1 4.93863E-1 4.92046E-1 4.91104E-1 4.87512E-1 4.85247E-1 4.8357E-1 4.83597E-1 4.84282E-1 4.83666E-1 4.81935E-1 4.8221E-1 4.79699E-1 4.80318E-1 4.81241E-1 4.8409E-1 4.89763E-1
4.5215E-1 4.53661E-1 4.62024E-1 4.64172E-1 4.59183E-1 4.52431E-1 4.4233E-1 4.47074E-1 4.55185E-1 4.59237E-1 4.53367E-1 4.5227E-1 4.57265E-1 4.60291E-1 4.58677E-1 4.69102E-1 4.75774E-1 4.87643E-1 4.76161E-1 4.61944E-1 4.62392E-1 4.65595E-1 4.65204E-1 4.65532E-1 4.67223E-1 4.70739E-1 4.74982E-1 4.73401E-1 4.73575E-1 4.74926E-1 4.76948E-1 4.78787E-1 4.84912E-1 4.88438E-1 4.88547E-1 4.86596E-1 4.97222E-1 5.01131E-1 4.94687E-1 4.92131E-1 4.97811E-1 4.95312E-1 4.92725E-1 4.92497E-1 4.9513E-1 4.9262E-1 4.91304E-1 4.97286E-1 4.96939E-1 4.90913E-1 4.87724E-1 4.8823E-1 4.93581E-1 4.93806E-1 4.89502E-1 4.89296E-1 4.82978E-1 4.82302E-1 4.85539E-1 4.89101E-1 4.91788E-1
4.53868E-1 4.66146E-1 4.69204E-1 4.65511E-1 4.60844E-1 4.57982E-1 4.52309E-1 4.44242E-1 4.45752E-1 4.5246E-1 4.52116E-1 4.4876E-1 4.47319E-1 4.53081E-1 4.53132E-1 4.7837E-1 4.82686E-1 4.86369E-1 4.75779E-1 4.61481E-1 4.61355E-1 4.61002E-1 4.64352E-1 4.65051E-1 4.6427E-1 4.68464E-1 4.70935E-1 4.73285E-1 4.72635E-1 4.76611E-1 4.72702E-1 4.76718E-1 4.85388E-1 4.85543E-1 4.91014E-1 4.94616E-1 4.96042E-1 4.92439E-1 4.9232E-1 4.90767E-1 4.89305E-1 4.93161E-1 4.92248E-1 4.93717E-1 4.92698E-1 4.94987E-1 4.95079E-1 4.94362E-1 4.91E-1 4.89598E-1 4.9269E-1 4.94606E-1 4.89838E-1 4.8665E-1 4.88351E-1 4.92077E-1 4.87977E-1 4.87115E-1 4.90584E-1 4.91615E-1 4.9706E-1
4.5785E-1 4.60232E-1 4.68228E-1 4.62478E-1 4.61774E-1 4.68362E-1 4.67603E-1 4.55506E-1 4.44815E-1 4.47473E-1 4.54158E-1 4.49173E-1 4.5005E-1 4.46843E-1 4.5151E-1 4.73895E-1 4.80049E-1 4.77463E-1 4.72778E-1 4.61723E-1 4.57474E-1 4.55659E-1 4.58441E-1 4.63443E-1 4.65489E-1 4.67887E-1 4.68931E-1 4.72155E-1 4.70638E-1 4.7417E-1 4.78541E-1 4.83169E-1 4.84311E-1 4.82317E-1 4.83861E-1 4.94126E-1 5.01526E-1 4.96481E-1 4.95539E-1 4.97191E-1 4.92994E-1 4.95079E-1 4.93755E-1 4.95675E-1 4.97194E-1 4.96775E-1 4.95037E-1 4.96165E-1 4.96231E-1 4.9715E-1 4.93585E-1 4.94644E-1 4.92455E-1 4.92076E-1 4.91165E-1 4.91783E-1 4.89946E-1 4.90269E-1 4.94635E-1 4.97459E-1 4.98508E-1
4.64069E-1 4.62943E-1 4.64831E-1 4.60718E-1 4.56898E-1 4.71168E-1 4.7513E-1 4.74416E-1 4.58384E-1 4.46508E-1 4.49382E-1 4.46534E-1 4.47379E-1 4.41356E-1 4.46808E-1 4.67226E-1 4.72854E-1 4.64568E-1 4.6084E-1 4.58925E-1 4.59647E-1 4.53607E-1 4.53145E-1 4.587E-1 4.60202E-1 4.64776E-1 4.68338E-1 4.70819E-1 4.69884E-1 4.74624E-1 4.80254E-1 4.76008E-1 4.80167E-1 4.85564E-1 4.90748E-1 4.97288E-1 5.03293E-1 5.0299E-1 5.08595E-1 5.03685E-1 5.00801E-1 4.96735E-1 4.97967E-1 4.96093E-1 4.99866E-1 5.04849E-1 5.01928E-1 4.98403E-1 4.96756E-1 4.98342E-1 5.01404E-1 4.97854E-1 4.95509E-1 4.94861E-1 4.98872E-1 4.93747E-1 4.93838E-1 4.95698E-1 4.99036E-1 5.01525E-1 5.04555E-1
4.62475E-1 4.64764E-1 4.64653E-1 4.6532E-1 4.66272E-1 4.73196E-1 4.79113E-1 4.76096E-1 4.71654E-1 4.533E-1 4.49231E-1 4.49008E-1 4.44658E-1 4.4101E-1 4.38921E-1 4.51113E-1 4.59708E-1 4.59197E-1 4.56308E-1 4.58459E-1 4.59111E-1 4.59633E-1 4.59957E-1 4.59946E-1 4.61911E-1 4.66535E-1 4.67128E-1 4.69083E-1 4.74209E-1 4.76261E-1 4.80867E-1 4.7977E-1 4.84085E-1 4.90115E-1 4.96143E-1 4.95145E-1 5.00706E-1 5.06227E-1 5.07419E-1 5.13443E-1 5.13263E-1 5.09046E-1 5.04897E-1 5.05127E-1 5.10736E-1 5.15241E-1 5.01924E-1 5.03501E-1 5.01499E-1 4.98691E-1 4.96233E-1 4.96809E-1 4.97603E-1 4.99147E-1 5.03715E-1 4.97004E-1 4.98403E-1 5.01908E-1 5.0347E-1 5.0514E-1 5.07661E-1
4.57645E-1 4.64022E-1 4.65243E-1 4.64387E-1 4.64464E-1 4.65413E-1 4.70088E-1 4.68693E-1 4.59109E-1 4.47638E-1 4.45685E-1 4.43051E-1 4.39242E-1 4.35981E-1 4.32183E-1 4.3528E-1 4.43786E-1 4.54198E-1 4.52345E-1 4.59182E-1 4.61789E-1 4.6131E-1 4.63117E-1 4.60575E-1 4.63394E-1 4.66512E-1 4.6875E-1 4.72603E-1 4.7247E-1 4.74288E-1 4.80059E-1 4.81433E-1 4.85217E-1 4.89409E-1 4.88228E-1 4.89972E-1 4.97295E-1 5.02954E-1 5.05706E-1 5.05502E-1 5.06373E-1 5.10479E-1 5.16533E-1 5.16229E-1 5.15526E-1 5.11332E-1 5.10343E-1 5.04977E-1 5.05875E-1 5.01748E-1 4.98052E-1 4.9619E-1 4.99478E-1 5.00338E-1 5.0464E-1 5.05569E-1 5.03544E-1 5.04638E-1 5.06071E-1 5.08529E-1 5.14454E-1
4.50799E-1 4.61103E-1 4.63935E-1 4.62556E-1 4.63516E-1 4.56965E-1 4.50115E-1 4.46098E-1 4.46528E-1 4.47207E-1 4.4785E-1 4.43095E-1 4.41209E-1 4.38543E-1 4.359E-1 4.40006E-1 4.47717E-1 4.55851E-1 4.6173E-1 4.64907E-1 4.64317E-1 4.61794E-1 4.61882E-1 4.63546E-1 4.63975E-1 4.66327E-1 4.68092E-1 4.70735E-1 4.74098E-1 4.76685E-1 4.74167E-1 4.78954E-1 4.82963E-1 4.85719E-1 4.91406E-1 4.94841E-1 4.93254E-1 4.94386E-1 4.94169E-1 4.93969E-1 4.94172E-1 4.98706E-1 5.05644E-1 5.20684E-1 5.19011E-1 5.18472E-1 5.12512E-1 5.1037E-1 5.06436E-1 5.08835E-1 5.03325E-1 5.05463E-1 5.13774E-1 5.09594E-1 5.11851E-1 5.12608E-1 5.11076E-1 5.11401E-1 5.12306E-1 5.15543E-1 5.17716E-1
4.49959E-1 4.52619E-1 4.58851E-1 4.61985E-1 4.61648E-1 4.59724E-1 4.53527E-1 4.48788E-1 4.50435E-1 4.46698E-1 4.49905E-1 4.48295E-1 4.4694E-1 4.43434E-1 4.38515E-1 4.49585E-1 4.55518E-1 4.60641E-1 4.65764E-1 4.64331E-1 4.63106E-1 4.66147E-1 4.65578E-1 4.66213E-1 4.63316E-1 4.6178E-1 4.63317E-1 4.66728E-1 4.68628E-1 4.71643E-1 4.73692E-1 4.78048E-1 4.82462E-1 4.86941E-1 4.88575E-1 4.93843E-1 4.90713E-1 4.92753E-1 4.91762E-1 4.93842E-1 4.94282E-1 5.00719E-1 5.06382E-1 5.17319E-1 5.24211E-1 5.24154E-1 5.17983E-1 5.13843E-1 5.15203E-1 5.10472E-1 5.15295E-1 5.08823E-1 5.07599E-1 5.06569E-1 5.09276E-1 5.10166E-1 5.14456E-1 5.15437E-1 5.17748E-1 5.23462E-1 5.29013E-1
4.42002E-1 4.48295E-1 4.51823E-1 4.54359E-1 4.60047E-1 4.65049E-1 4.61453E-1 4.58003E-1 4.58332E-1 4.56299E-1 4.51614E-1 4.53215E-1 4.51526E-1 4.47012E-1 4.41925E-1 4.47128E-1 4.5061E-1 4.55758E-1 4.65881E-1 4.66296E-1 4.66431E-1 4.67691E-1 4.64483E-1 4.60439E-1 4.60449E-1 4.61218E-1 4.60061E-1 4.62679E-1 4.70785E-1 4.72977E-1 4.79468E-1 4.76997E-1 4.82244E-1 4.86154E-1 4.87971E-1 4.91152E-1 4.92822E-1 4.97542E-1 4.97581E-1 4.96326E-1 5.03768E-1 5.06651E-1 5.09671E-1 5.15588E-1 5.22012E-1 5.30965E-1 5.28986E-1 5.25017E-1 5.20863E-1 5.124E-1 5.07398E-1 5.08945E-1 5.10378E-1 5.13409E-1 5.15421E-1 5.15071E-1 5.18686E-1 5.18741E-1 5.24371E-1 5.25333E-1 5.27574E-1
4.43687E-1 4.45825E-1 4.4303E-1 4.50475E-1 4.62349E-1 4.66322E-1 4.63461E-1 4.64676E-1 4.63246E-1 4.62218E-1 4.5058E-1 4.53921E-1 4.53849E-1 4.46617E-1 4.4114E-1 4.45436E-1 4.49257E-1 4.50682E-1 4.6208E-1 4.65167E-1 4.68008E-1 4.66715E-1 4.6339E-1 4.58312E-1 4.54095E-1 4.55188E-1 4.74065E-1 4.69019E-1 4.69002E-1 4.85592E-1 4.85587E-1 4.73896E-1 4.78943E-1 4.83966E-1 4.89718E-1 4.90901E-1 4.91786E-1 4.93534E-1 4.97196E-1 4.96934E-1 5.01095E-1 5.08736E-1 5.13327E-1 5.18399E-1 5.2611E-1 5.37311E-1 5.47514E-1 5.42829E-1 5.27639E-1 5.16203E-1 5.06381E-1 5.05927E-1 5.08283E-1 5.12868E-1 5.16604E-1 5.19502E-1 5.17222E-1 5.20446E-1 5.23673E-1 5.27255E-1 5.30441E-1
