maxent_outputs/bumblebees/bombus_191.asc
ncols         426
nrows         180
xllcorner     -130.0
yllcorner     24.0
cellsize      0.16666666666666666
NODATA_value  -9999
[rows 81 to 107 of 180, columns 122 to 182 of 426]
3.91144E-1 3.75138E-1 3.96938E-1 4.48337E-1 4.43022E-1 4.51365E-1 4.39241E-1 4.29493E-1 4.37658E-1 4.5005E-1 4.40573E-1 4.58516E-1 4.79429E-1 4.98631E-1 4.8893E-1 4.84983E-1 4.91742E-1 5.78859E-1 5.91618E-1 5.92144E-1 6.05563E-1 5.89281E-1 6.00321E-1 6.07962E-1 5.78878E-1 5.2131E-1 4.65141E-1 4.14028E-1 3.99913E-1 3.98128E-1 3.937E-1 3.84605E-1 3.79866E-1 3.81353E-1 3.80815E-1 3.77748E-1 3.76978E-1 3.74898E-1 3.71836E-1 3.79479E-1 3.81837E-1 3.85259E-1 3.87059E-1 3.92283E-1 3.92569E-1 3.89825E-1 3.89472E-1 3.93415E-1 4.01172E-1 4.02782E-1 3.9832E-1 3.95768E-1 4.02112E-1 4.05564E-1 4.07751E-1 4.06078E-1 4.00187E-1 4.03661E-1 4.07164E-1 4.1335E-1 4.14779E-1
3.62835E-1 3.67466E-1 3.76214E-1 3.91722E-1 4.19542E-1 4.15961E-1 4.03005E-1 4.16358E-1 4.3393E-1 4.84298E-1 5.00496E-1 4.8854E-1 5.17875E-1 5.4372E-1 5.57786E-1 5.63048E-1 5.31715E-1 5.79686E-1 5.58691E-1 4.99485E-1 5.71271E-1 5.83149E-1 5.5971E-1 5.86024E-1 6.00126E-1 5.26437E-1 4.54302E-1 4.1322E-1 4.01519E-1 3.94217E-1 3.87471E-1 3.77871E-1 3.76809E-1 3.74788E-1 3.76258E-1 3.78126E-1 3.74461E-1 3.72266E-1 3.80736E-1 3.79005E-1 3.78178E-1 3.85788E-1 3.89472E-1 3.92332E-1 3.92181E-1 3.92695E-1 3.89945E-1 3.90483E-1 3.91888E-1 3.9903E-1 4.02555E-1 4.00757E-1 4.02759E-1 4.09917E-1 4.12516E-1 4.09511E-1 4.02438E-1 4.03272E-1 4.14226E-1 4.18344E-1 4.12866E-1
3.52899E-1 3.63183E-1 3.72539E-1 3.81048E-1 3.85967E-1 4.08009E-1 4.49256E-1 4.36357E-1 4.34961E-1 4.64665E-1 4.71622E-1 4.95673E-1 5.50013E-1 5.67734E-1 5.89919E-1 6.01901E-1 5.10126E-1 5.36589E-1 5.56083E-1 4.49468E-1 4.49315E-1 5.12463E-1 4.77423E-1 5.61451E-1 5.99986E-1 5.26457E-1 4.49148E-1 4.20766E-1 4.04712E-1 3.98532E-1 3.9339E-1 3.8777E-1 3.81213E-1 3.77229E-1 3.78866E-1 3.6855E-1 3.66774E-1 3.78163E-1 3.83672E-1 3.82546E-1 3.84762E-1 3.91575E-1 3.93204E-1 3.94014E-1 3.95474E-1 3.94734E-1 3.93055E-1 3.91878E-1 3.90322E-1 3.94238E-1 3.96361E-1 4.04219E-1 4.11936E-1 4.1788E-1 4.21586E-1 4.16542E-1 4.09799E-1 4.09911E-1 4.17652E-1 4.22449E-1 4.17759E-1
3.79968E-1 3.9479E-1 3.99917E-1 4.2362E-1 4.34639E-1 4.51944E-1 4.85199E-1 4.5036E-1 4.58237E-1 4.83496E-1 4.88796E-1 5.02364E-1 5.41224E-1 5.67757E-1 5.66242E-1 5.66149E-1 4.90799E-1 4.69245E-1 4.91472E-1 5.07229E-1 4.97126E-1 5.23433E-1 5.59924E-1 5.56224E-1 5.83221E-1 5.30353E-1 4.70687E-1 4.45489E-1 4.30192E-1 4.12186E-1 4.03336E-1 3.94613E-1 3.92883E-1 3.82562E-1 3.90549E-1 3.81003E-1 3.74622E-1 3.82331E-1 3.87539E-1 3.89846E-1 3.88056E-1 3.92662E-1 3.91383E-1 3.88493E-1 3.92796E-1 3.95274E-1 3.98342E-1 3.94892E-1 3.94741E-1 3.95327E-1 3.95006E-1 4.01942E-1 4.09884E-1 4.15261E-1 4.18246E-1 4.15E-1 4.12601E-1 4.10838E-1 4.15071E-1 4.18795E-1 4.19036E-1
4.11314E-1 4.19096E-1 4.29637E-1 4.51349E-1 4.73471E-1 4.78849E-1 4.87981E-1 4.79496E-1 4.7505E-1 4.78698E-1 4.9676E-1 5.11475E-1 5.20133E-1 5.36128E-1 5.42036E-1 4.8936E-1 4.81892E-1 4.75512E-1 4.95908E-1 5.74211E-1 5.70599E-1 5.40074E-1 5.96951E-1 5.95591E-1 5.61041E-1 5.16053E-1 4.6788E-1 4.52168E-1 4.44377E-1 4.26608E-1 4.13057E-1 4.07859E-1 3.99235E-1 3.90576E-1 3.94903E-1 3.89179E-1 3.93238E-1 3.93031E-1 3.90654E-1 3.91977E-1 3.93333E-1 3.93195E-1 3.91011E-1 3.91027E-1 3.87409E-1 3.844E-1 3.89574E-1 3.91631E-1 3.86989E-1 3.85113E-1 3.90853E-1 3.96889E-1 4.04774E-1 4.11424E-1 4.13541E-1 4.13025E-1 4.10707E-1 4.10186E-1 4.08859E-1 4.12297E-1 4.15452E-1
4.46649E-1 4.54359E-1 4.63602E-1 4.79421E-1 4.8403E-1 4.86859E-1 4.91118E-1 4.69911E-1 4.71701E-1 4.72493E-1 4.86013E-1 4.6472E-1 4.84816E-1 5.06817E-1 5.10472E-1 4.80602E-1 4.74041E-1 4.82727E-1 5.20872E-1 5.20909E-1 5.68578E-1 5.23836E-1 5.75084E-1 5.966E-1 5.91646E-1 5.0602E-1 4.73697E-1 4.44409E-1 4.41614E-1 4.28477E-1 4.15232E-1 4.12257E-1 4.04903E-1 4.00581E-1 4.04311E-1 3.98738E-1 4.048E-1 3.99607E-1 3.95051E-1 3.93451E-1 3.9548E-1 3.99757E-1 3.96215E-1 3.89421E-1 3.85023E-1 3.79498E-1 3.87652E-1 3.87876E-1 3.8323E-1 3.80954E-1 3.85501E-1 3.88866E-1 3.98867E-1 4.0282E-1 4.08061E-1 4.08825E-1 4.08076E-1 4.05869E-1 4.04756E-1 4.05489E-1 4.12703E-1
4.56324E-1 4.66385E-1 4.80754E-1 4.63241E-1 4.52371E-1 4.65913E-1 4.91882E-1 4.80547E-1 4.64785E-1 4.5954E-1 4.94283E-1 4.77055E-1 4.77976E-1 4.96261E-1 4.72082E-1 4.69764E-1 5.26163E-1 5.34422E-1 5.67766E-1 5.58119E-1 5.53929E-1 5.81349E-1 5.55297E-1 4.94013E-1 5.26059E-1 4.53196E-1 4.45906E-1 4.56765E-1 4.29504E-1 4.21339E-1 4.14038E-1 4.16097E-1 4.11006E-1 4.07533E-1 4.04691E-1 4.06302E-1 4.02264E-1 4.0024E-1 3.98056E-1 3.9906E-1 3.9833E-1 3.98364E-1 3.97378E-1 3.95605E-1 3.92549E-1 3.87396E-1 3.85712E-1 3.84921E-1 3.81636E-1 3.81195E-1 3.80961E-1 3.87548E-1 3.95451E-1 4.01805E-1 4.05324E-1 4.06113E-1 4.04973E-1 4.02637E-1 3.99279E-1 4.02504E-1 4.12855E-1
4.71384E-1 4.64379E-1 4.3142E-1 3.98062E-1 4.03069E-1 4.10154E-1 4.43148E-1 4.70275E-1 4.37473E-1 4.62708E-1 4.71079E-1 4.65555E-1 4.69056E-1 4.92548E-1 4.93969E-1 5.06445E-1 4.76759E-1 5.35154E-1 5.48787E-1 5.35859E-1 5.34293E-1 5.52026E-1 4.446E-1 4.00845E-1 4.69854E-1 4.93235E-1 4.29473E-1 4.5246E-1 4.35211E-1 4.06246E-1 3.96552E-1 4.07538E-1 4.03218E-1 4.00634E-1 3.95037E-1 3.93521E-1 3.91645E-1 3.94636E-1 3.94381E-1 3.96676E-1 4.00807E-1 3.98637E-1 4.00719E-1 3.97588E-1 3.9627E-1 3.90204E-1 3.86603E-1 3.86651E-1 3.82857E-1 3.79694E-1 3.84063E-1 3.88718E-1 3.98404E-1 4.01915E-1 4.0343E-1 4.03917E-1 4.0539E-1 4.07435E-1 4.0769E-1 4.12625E-1 4.23846E-1
4.49068E-1 4.07266E-1 3.81425E-1 4.08115E-1 4.41797E-1 4.36641E-1 4.17879E-1 4.28288E-1 4.7389E-1 4.86371E-1 5.01749E-1 4.98382E-1 4.73828E-1 4.48347E-1 4.96758E-1 5.28708E-1 5.4042E-1 5.36642E-1 5.53163E-1 5.43567E-1 5.00562E-1 4.97459E-1 3.77811E-1 3.61068E-1 4.11751E-1 4.06378E-1 4.10104E-1 4.28567E-1 4.41846E-1 4.13078E-1 4.05341E-1 4.02661E-1 3.9746E-1 3.94876E-1 3.94237E-1 3.90209E-1 3.88272E-1 3.83042E-1 3.89613E-1 3.935E-1 3.96962E-1 3.95483E-1 3.94861E-1 3.93901E-1 3.92574E-1 3.85897E-1 3.85888E-1 3.84469E-1 3.81546E-1 3.83431E-1 3.8719E-1 3.93895E-1 4.02248E-1 4.05447E-1 4.01694E-1 4.04027E-1 4.10021E-1 4.14769E-1 4.19693E-1 4.23527E-1 4.20643E-1
3.81823E-1 3.76443E-1 3.81596E-1 4.50219E-1 4.60509E-1 4.68075E-1 4.62169E-1 4.18739E-1 4.56681E-1 4.78946E-1 4.59E-1 4.65989E-1 4.67594E-1 4.61168E-1 4.73223E-1 5.05314E-1 4.95338E-1 5.25434E-1 4.97313E-1 5.46807E-1 5.12467E-1 4.60045E-1 3.84901E-1 3.58781E-1 3.80341E-1 3.93906E-1 4.00048E-1 4.55574E-1 4.45464E-1 4.17314E-1 4.02091E-1 3.93924E-1 3.91852E-1 3.88102E-1 3.84759E-1 3.8715E-1 3.84325E-1 3.84039E-1 3.78827E-1 3.83595E-1 3.84686E-1 3.81256E-1 3.86982E-1 3.9101E-1 3.90199E-1 3.89765E-1 3.93137E-1 3.85667E-1 3.86771E-1 3.87608E-1 3.90058E-1 3.98176E-1 4.0609E-1 4.06965E-1 4.03323E-1 4.05173E-1 4.14231E-1 4.21012E-1 4.29223E-1 4.23273E-1 4.20254E-1
3.964E-1 4.05841E-1 4.26844E-1 4.50753E-1 4.80939E-1 4.80333E-1 4.57774E-1 4.60087E-1 4.21954E-1 4.09575E-1 4.19826E-1 4.38108E-1 4.50742E-1 4.84582E-1 5.03145E-1 4.88037E-1 4.48255E-1 4.8162E-1 5.15467E-1 5.39539E-1 5.17406E-1 4.00474E-1 4.14363E-1 3.95723E-1 4.04847E-1 3.94097E-1 4.05281E-1 4.70156E-1 4.69457E-1 4.10641E-1 3.97395E-1 3.93998E-1 3.91605E-1 3.82954E-1 3.77747E-1 3.72586E-1 3.817E-1 3.81287E-1 3.75994E-1 3.76024E-1 3.71986E-1 3.69106E-1 3.79574E-1 3.8825E-1 3.88575E-1 3.91013E-1 3.92769E-1 3.94364E-1 3.92941E-1 3.94638E-1 3.99889E-1 4.07293E-1 4.11838E-1 4.15959E-1 4.13869E-1 4.17126E-1 4.24785E-1 4.27344E-1 4.28239E-1 4.2429E-1 4.21426E-1
4.07984E-1 4.36185E-1 4.94382E-1 4.77249E-1 4.68322E-1 4.83725E-1 4.8506E-1 4.73914E-1 4.54956E-1 4.25784E-1 4.25219E-1 4.48141E-1 4.33324E-1 4.67176E-1 4.63658E-1 4.48268E-1 3.73777E-1 4.24385E-1 4.7834E-1 5.23308E-1 5.29056E-1 4.09618E-1 4.2798E-1 4.33999E-1 4.19869E-1 4.19521E-1 4.30525E-1 4.50574E-1 4.37584E-1 4.02425E-1 3.91987E-1 3.8782E-1 3.8752E-1 3.81489E-1 3.74394E-1 3.66346E-1 3.74677E-1 3.71953E-1 3.69753E-1 3.68557E-1 3.7173E-1 3.70609E-1 3.69304E-1 3.80711E-1 3.87304E-1 3.89705E-1 3.94117E-1 3.9517E-1 3.95895E-1 3.95652E-1 4.02331E-1 4.11416E-1 4.2146E-1 4.20601E-1 4.21459E-1 4.24845E-1 4.24492E-1 4.23176E-1 4.19559E-1 4.15133E-1 4.1208E-1
4.21025E-1 4.37813E-1 5.13789E-1 4.79449E-1 4.58429E-1 4.49794E-1 4.78448E-1 4.92456E-1 4.95383E-1 4.60082E-1 4.35425E-1 4.35566E-1 4.26819E-1 4.11492E-1 3.8271E-1 3.67442E-1 3.83644E-1 3.74033E-1 3.93628E-1 4.4021E-1 5.2801E-1 4.50709E-1 4.62733E-1 4.26088E-1 4.29509E-1 4.31949E-1 4.3459E-1 4.19604E-1 4.08415E-1 3.98088E-1 3.89444E-1 3.84582E-1 3.83625E-1 3.75576E-1 3.68963E-1 3.62789E-1 3.65586E-1 3.61663E-1 3.6406E-1 3.66347E-1 3.6669E-1 3.67594E-1 3.66427E-1 3.70311E-1 3.84516E-1 3.91025E-1 3.92717E-1 3.9412E-1 3.97307E-1 3.98722E-1 4.02716E-1 4.11295E-1 4.19423E-1 4.21648E-1 4.20103E-1 4.22202E-1 4.22708E-1 4.22191E-1 4.18691E-1 4.14974E-1 4.12927E-1
4.24179E-1 4.23792E-1 4.49758E-1 4.6449E-1 4.56731E-1 4.50769E-1 4.40371E-1 4.59009E-1 4.83639E-1 4.86315E-1 4.65059E-1 4.47831E-1 4.88968E-1 4.98656E-1 4.22694E-1 4.13393E-1 4.60276E-1 4.11076E-1 4.7971E-1 4.68798E-1 4.74473E-1 4.53496E-1 3.80095E-1 4.83067E-1 4.0808E-1 4.02226E-1 4.29063E-1 4.25669E-1 4.02477E-1 3.94509E-1 3.95072E-1 3.83857E-1 3.7817E-1 3.73557E-1 3.64975E-1 3.62627E-1 3.63049E-1 3.62748E-1 3.65377E-1 3.68123E-1 3.64924E-1 3.66607E-1 3.67282E-1 3.69738E-1 3.82615E-1 3.87824E-1 3.93732E-1 3.94309E-1 4.00626E-1 4.04235E-1 4.06902E-1 4.12138E-1 4.17166E-1 4.19058E-1 4.17625E-1 4.16588E-1 4.1981E-1 4.23785E-1 4.30566E-1 4.25232E-1 4.1971E-1
4.39785E-1 4.35175E-1 4.46806E-1 4.54517E-1 4.56703E-1 4.43568E-1 4.49654E-1 4.65829E-1 4.73528E-1 4.81055E-1 4.9287E-1 4.8974E-1 5.40974E-1 5.47619E-1 4.94312E-1 4.75914E-1 5.18265E-1 4.62386E-1 4.62834E-1 4.34322E-1 4.07529E-1 3.72453E-1 3.48514E-1 4.3784E-1 4.85992E-1 4.00113E-1 4.38882E-1 4.7293E-1 4.21121E-1 3.99165E-1 3.87944E-1 3.81885E-1 3.7726E-1 3.66539E-1 3.71801E-1 3.71052E-1 3.68402E-1 3.69615E-1 3.7356E-1 3.68168E-1 3.59901E-1 3.6609E-1 3.72102E-1 3.75291E-1 3.8415E-1 3.89269E-1 3.9435E-1 3.96995E-1 3.98771E-1 4.04031E-1 4.08634E-1 4.12963E-1 4.14671E-1 4.13134E-1 4.11678E-1 4.1442E-1 4.16229E-1 4.26565E-1 4.34849E-1 4.30429E-1 4.30245E-1
4.92562E-1 4.80769E-1 4.24248E-1 4.27659E-1 4.62853E-1 4.68159E-1 4.67726E-1 4.89133E-1 5.15175E-1 5.30213E-1 5.2926E-1 5.56169E-1 5.52655E-1 5.62161E-1 5.16088E-1 5.42935E-1 5.45302E-1 5.45471E-1 5.53891E-1 4.87874E-1 3.90833E-1 3.42917E-1 3.35908E-1 3.50176E-1 4.8723E-1 4.36721E-1 4.10811E-1 4.79914E-1 4.3441E-1 4.01255E-1 4.0507E-1 4.09024E-1 3.98149E-1 3.7717E-1 3.73792E-1 3.69448E-1 3.74484E-1 3.81046E-1 3.73894E-1 3.72669E-1 3.70554E-1 3.74215E-1 3.76905E-1 3.86249E-1 3.87548E-1 3.92491E-1 3.9928E-1 4.00156E-1 3.9862E-1 4.02027E-1 4.10509E-1 4.14066E-1 4.14114E-1 4.09788E-1 4.10488E-1 4.15189E-1 4.20261E-1 4.2927E-1 4.34487E-1 4.35192E-1 4.33867E-1
4.89365E-1 4.83434E-1 4.52773E-1 4.26748E-1 4.31352E-1 4.83062E-1 4.85463E-1 4.86029E-1 5.23667E-1 5.6477E-1 5.73301E-1 5.59022E-1 5.62736E-1 5.50751E-1 5.04387E-1 4.6289E-1 4.89655E-1 5.00692E-1 4.69556E-1 4.09083E-1 3.67268E-1 3.56075E-1 3.46937E-1 3.39043E-1 3.7577E-1 4.53805E-1 4.19212E-1 4.21751E-1 4.27434E-1 4.11366E-1 4.12221E-1 4.1857E-1 4.17056E-1 4.01204E-1 3.89754E-1 3.89697E-1 3.9128E-1 3.98958E-1 3.90219E-1 3.84394E-1 3.87679E-1 3.88293E-1 3.8974E-1 3.88675E-1 3.93028E-1 3.96008E-1 3.9904E-1 3.99028E-1 3.99541E-1 4.00438E-1 4.08062E-1 4.10012E-1 4.11535E-1 4.10729E-1 4.12649E-1 4.1786E-1 4.23585E-1 4.30763E-1 4.3407E-1 4.3181E-1 4.31783E-1
4.40101E-1 4.3557E-1 4.3896E-1 4.49707E-1 4.48244E-1 4.47482E-1 4.84083E-1 4.93714E-1 5.31494E-1 5.6426E-1 5.55832E-1 5.46879E-1 5.81178E-1 5.8288E-1 5.52721E-1 5.80816E-1 5.95065E-1 5.59713E-1 5.44822E-1 4.70699E-1 3.75419E-1 3.50887E-1 3.422E-1 3.39087E-1 4.06309E-1 4.94692E-1 4.31065E-1 4.27093E-1 4.18409E-1 4.2445E-1 4.183E-1 4.24453E-1 4.10331E-1 4.11679E-1 4.02978E-1 4.11991E-1 4.16451E-1 4.22671E-1 4.12868E-1 4.10178E-1 3.9448E-1 3.91357E-1 3.90806E-1 3.91085E-1 3.96528E-1 3.96306E-1 4.0344E-1 4.01755E-1 3.99602E-1 4.01329E-1 4.04442E-1 4.05201E-1 4.08333E-1 4.12659E-1 4.16109E-1 4.17181E-1 4.22194E-1 4.28413E-1 4.30385E-1 4.26457E-1 4.27407E-1
4.13438E-1 4.09204E-1 4.06361E-1 4.21187E-1 4.46062E-1 4.59316E-1 4.50576E-1 4.70227E-1 4.97276E-1 5.71723E-1 5.35704E-1 5.0887E-1 5.16555E-1 5.43141E-1 4.84064E-1 5.04462E-1 5.34396E-1 5.81139E-1 5.99022E-1 5.76205E-1 4.43323E-1 3.57854E-1 3.46741E-1 3.44061E-1 3.55961E-1 3.81054E-1 4.53673E-1 4.69106E-1 4.6617E-1 4.3592E-1 4.20622E-1 4.05023E-1 4.04182E-1 3.95953E-1 3.93857E-1 4.14297E-1 4.22022E-1 4.2125E-1 4.05904E-1 4.04797E-1 3.97888E-1 3.99681E-1 4.00968E-1 3.98345E-1 3.98557E-1 4.02227E-1 4.0393E-1 4.03467E-1 4.04067E-1 4.05294E-1 4.08613E-1 4.10877E-1 4.14423E-1 4.15438E-1 4.21367E-1 4.24144E-1 4.23552E-1 4.29683E-1 4.32732E-1 4.2956E-1 4.30224E-1
3.95282E-1 3.94223E-1 3.97681E-1 4.08242E-1 4.36545E-1 4.73652E-1 4.69168E-1 4.71396E-1 4.78016E-1 4.77674E-1 4.67704E-1 4.56104E-1 4.53068E-1 4.83858E-1 4.8035E-1 4.39733E-1 4.6169E-1 5.72518E-1 5.99881E-1 5.42089E-1 4.28738E-1 3.65318E-1 3.59505E-1 3.64141E-1 3.57549E-1 3.83937E-1 4.91645E-1 4.96395E-1 4.49963E-1 4.31665E-1 4.35847E-1 4.12379E-1 3.97175E-1 3.93215E-1 3.99766E-1 4.06752E-1 4.04752E-1 4.00208E-1 4.03677E-1 4.02546E-1 4.00625E-1 4.02104E-1 4.03902E-1 4.04632E-1 4.02054E-1 4.03753E-1 4.07341E-1 4.06073E-1 4.05078E-1 4.06072E-1 4.08303E-1 4.16557E-1 4.21487E-1 4.24954E-1 4.26795E-1 4.27902E-1 4.28286E-1 4.34645E-1 4.33901E-1 4.31542E-1 4.32458E-1
3.97696E-1 3.99384E-1 4.04806E-1 3.99115E-1 3.92604E-1 4.06655E-1 4.51491E-1 4.51361E-1 4.43339E-1 4.37348E-1 4.49962E-1 4.37348E-1 4.20419E-1 4.53782E-1 4.48853E-1 4.4577E-1 4.53204E-1 5.07015E-1 5.85436E-1 5.40139E-1 4.61128E-1 3.8973E-1 3.65913E-1 3.62871E-1 3.59349E-1 3.9707E-1 5.06925E-1 4.73439E-1 4.43922E-1 4.26374E-1 4.27827E-1 4.33623E-1 4.15177E-1 4.02576E-1 4.04935E-1 4.07073E-1 4.23362E-1 4.17736E-1 4.17481E-1 4.17532E-1 4.10271E-1 4.0622E-1 4.07145E-1 4.11225E-1 4.09958E-1 4.11111E-1 4.17145E-1 4.14865E-1 4.13357E-1 4.1391E-1 4.12716E-1 4.2229E-1 4.27714E-1 4.3054E-1 4.34234E-1 4.35083E-1 4.39377E-1 4.3953E-1 4.31864E-1 4.31789E-1 4.34014E-1
4.02069E-1 4.14347E-1 4.24282E-1 4.28287E-1 3.92905E-1 3.89795E-1 4.06742E-1 4.31081E-1 4.24716E-1 4.18778E-1 4.29647E-1 4.36685E-1 4.39249E-1 4.27902E-1 4.36803E-1 4.43392E-1 4.38961E-1 4.53327E-1 4.6852E-1 5.31442E-1 4.81468E-1 4.14695E-1 3.69191E-1 3.53876E-1 3.85363E-1 4.76351E-1 5.05666E-1 4.5621E-1 4.38641E-1 4.34805E-1 4.29265E-1 4.0295E-1 4.0779E-1 4.07744E-1 4.22111E-1 4.28894E-1 4.16641E-1 4.16843E-1 4.19348E-1 4.16697E-1 4.14242E-1 4.13648E-1 4.1667E-1 4.15946E-1 4.1894E-1 4.23115E-1 4.25675E-1 4.18297E-1 4.14295E-1 4.16295E-1 4.16512E-1 4.22381E-1 4.30532E-1 4.30962E-1 4.33103E-1 4.40922E-1 4.4619E-1 4.48217E-1 4.42021E-1 4.38489E-1 4.35087E-1
4.05672E-1 4.18019E-1 4.60485E-1 4.46988E-1 4.00536E-1 3.8349E-1 3.88088E-1 3.97883E-1 4.09969E-1 4.12025E-1 4.15596E-1 4.14315E-1 4.2672E-1 4.07959E-1 4.2689E-1 4.21465E-1 4.52376E-1 4.4249E-1 4.17715E-1 5.15328E-1 4.88599E-1 4.33383E-1 3.77606E-1 3.7374E-1 4.24633E-1 5.14415E-1 4.78605E-1 4.5243E-1 4.26369E-1 4.1756E-1 4.06498E-1 3.7451E-1 3.84664E-1 3.88311E-1 4.04318E-1 4.10328E-1 4.03929E-1 4.08818E-1 4.12289E-1 4.16684E-1 4.17072E-1 4.19068E-1 4.19381E-1 4.20618E-1 4.21193E-1 4.21221E-1 4.19072E-1 4.13828E-1 4.13254E-1 4.15743E-1 4.19172E-1 4.24343E-1 4.26901E-1 4.32254E-1 4.32852E-1 4.3768E-1 4.44608E-1 4.47905E-1 4.45597E-1 4.45045E-1 4.39724E-1
3.93569E-1 4.08996E-1 4.49562E-1 4.21612E-1 4.08732E-1 3.81189E-1 3.82816E-1 3.96835E-1 4.11479E-1 4.06802E-1 4.11453E-1 4.14278E-1 4.15109E-1 3.97429E-1 4.16013E-1 4.01547E-1 4.21829E-1 4.1408E-1 3.92375E-1 4.63234E-1 4.94602E-1 4.43068E-1 3.86149E-1 3.74203E-1 4.51375E-1 5.36066E-1 4.6126E-1 4.62067E-1 4.24467E-1 3.95655E-1 3.70548E-1 3.77985E-1 3.95299E-1 3.95626E-1 3.90911E-1 3.97216E-1 4.0079E-1 4.09842E-1 4.18939E-1 4.17898E-1 4.16508E-1 4.18403E-1 4.20394E-1 4.27637E-1 4.25945E-1 4.26562E-1 4.21997E-1 4.15142E-1 4.11022E-1 4.14307E-1 4.24345E-1 4.27674E-1 4.3003E-1 4.29903E-1 4.26685E-1 4.34041E-1 4.41491E-1 4.46462E-1 4.48422E-1 4.46633E-1 4.45542E-1
3.93506E-1 4.08534E-1 4.2671E-1 4.8806E-1 4.36374E-1 3.9378E-1 3.84609E-1 3.90465E-1 4.01117E-1 4.02448E-1 4.02686E-1 4.01402E-1 4.05165E-1 3.80572E-1 3.95047E-1 4.02815E-1 4.30257E-1 4.35873E-1 4.05464E-1 4.3522E-1 4.63301E-1 4.19899E-1 3.89102E-1 3.69381E-1 4.04274E-1 4.77227E-1 4.56628E-1 4.73212E-1 4.06456E-1 3.8134E-1 3.67331E-1 3.70657E-1 3.8145E-1 3.87704E-1 3.8831E-1 3.9652E-1 4.0219E-1 4.09021E-1 4.12366E-1 4.18216E-1 4.19218E-1 4.18933E-1 4.22652E-1 4.26827E-1 4.28593E-1 4.28901E-1 4.21445E-1 4.1909E-1 4.20378E-1 4.23289E-1 4.29775E-1 4.34268E-1 4.299E-1 4.26447E-1 4.18801E-1 4.23693E-1 4.32252E-1 4.36575E-1 4.47657E-1 4.50262E-1 4.46032E-1
3.96566E-1 4.14657E-1 4.27835E-1 4.56122E-1 4.55595E-1 3.99682E-1 3.83262E-1 3.89239E-1 3.91382E-1 3.91266E-1 3.98796E-1 3.89997E-1 3.91258E-1 3.69491E-1 3.69718E-1 3.85736E-1 4.06623E-1 4.57521E-1 4.04649E-1 3.91214E-1 3.91817E-1 3.84373E-1 3.89347E-1 4.15002E-1 4.50435E-1 4.92076E-1 4.60719E-1 4.45164E-1 4.17849E-1 3.95178E-1 3.75771E-1 3.71964E-1 3.72063E-1 3.81503E-1 3.90079E-1 3.91744E-1 4.0345E-1 4.09063E-1 4.10363E-1 4.13932E-1 4.13408E-1 4.13245E-1 4.19058E-1 4.25252E-1 4.29495E-1 4.28077E-1 4.26364E-1 4.26071E-1 4.27702E-1 4.28406E-1 4.33382E-1 4.35659E-1 4.33031E-1 4.28673E-1 4.22925E-1 4.18329E-1 4.19381E-1 4.31048E-1 4.41939E-1 4.49022E-1 4.4868E-1
3.89822E-1 4.18841E-1 4.31445E-1 4.18687E-1 4.61902E-1 4.2432E-1 3.86641E-1 3.90974E-1 3.94179E-1 3.95994E-1 3.93773E-1 3.85118E-1 3.71419E-1 3.69809E-1 3.63025E-1 3.78034E-1 4.48933E-1 4.9678E-1 4.78432E-1 4.80406E-1 4.17185E-1 3.86303E-1 4.09794E-1 4.32272E-1 4.98592E-1 4.58758E-1 4.41206E-1 4.14193E-1 4.02963E-1 3.92362E-1 3.89438E-1 3.98196E-1 3.86621E-1 3.8695E-1 3.95005E-1 4.07913E-1 4.05393E-1 4.03737E-1 4.07686E-1 4.04015E-1 4.12358E-1 4.15365E-1 4.16957E-1 4.21705E-1 4.28893E-1 4.34203E-1 4.2875E-1 4.32357E-1 4.28865E-1 4.28852E-1 4.31424E-1 4.37154E-1 4.37464E-1 4.34924E-1 4.29575E-1 4.23024E-1 4.25536E-1 4.32291E-1 4.36336E-1 4.4059E-1 4.40026E-1
