maxent_outputs/bumblebees/bombus_241.asc
ncols         426
nrows         180
xllcorner     -130.0
yllcorner     24.0
cellsize      0.16666666666666666
NODATA_value  -9999
[rows 81 to 107 of 180, columns 61 to 121 of 426]
4.3085E-1 4.3381E-1 4.33949E-1 4.34409E-1 4.26834E-1 4.32577E-1 4.29229E-1 4.25326E-1 4.25703E-1 4.2705E-1 4.29533E-1 4.26253E-1 4.20761E-1 4.20933E-1 4.18394E-1 4.14784E-1 4.12222E-1 4.21696E-1 4.18282E-1 4.06186E-1 4.08312E-1 4.15449E-1 4.08272E-1 4.17921E-1 4.05356E-1 4.23181E-1 4.27332E-1 4.11617E-1 4.13012E-1 4.12162E-1 4.07861E-1 4.06154E-1 3.96269E-1 4.17782E-1 3.98746E-1 3.99763E-1 4.06513E-1 4.06601E-1 4.09156E-1 4.15344E-1 4.22703E-1 4.23571E-1 4.1623E-1 4.45386E-1 4.33743E-1 4.56479E-1 4.48754E-1 4.54715E-1 4.66113E-1 4.44784E-1 4.27759E-1 4.40304E-1 4.2672E-1 4.2229E-1 4.1366E-1 4.06505E-1 3.86397E-1 3.87587E-1 3.8369E-1 3.78641E-1 3.76733E-1
4.35052E-1 4.45889E-1 4.38371E-1 4.35499E-1 4.29665E-1 4.30504E-1 4.27875E-1 4.28697E-1 4.27146E-1 4.26339E-1 4.2895E-1 4.23076E-1 4.27656E-1 4.29134E-1 4.23312E-1 4.19497E-1 4.15874E-1 4.17342E-1 4.147E-1 4.12449E-1 4.16236E-1 4.08706E-1 4.07681E-1 4.14541E-1 4.06098E-1 4.24767E-1 4.17636E-1 4.20506E-1 4.18043E-1 4.24039E-1 4.0176E-1 4.10814E-1 4.06889E-1 4.10469E-1 4.03113E-1 4.03179E-1 4.01627E-1 4.02765E-1 4.10527E-1 4.13456E-1 4.15138E-1 4.16243E-1 4.14375E-1 4.3577E-1 4.25878E-1 4.36305E-1 4.34034E-1 4.60685E-1 4.75084E-1 4.57146E-1 4.35799E-1 4.27476E-1 4.22596E-1 4.1116E-1 4.00073E-1 4.02661E-1 3.94766E-1 3.87935E-1 3.76326E-1 3.69294E-1 3.66192E-1
4.32415E-1 4.98165E-1 4.44521E-1 4.33389E-1 4.25343E-1 4.25589E-1 4.31553E-1 4.24959E-1 4.25072E-1 4.23412E-1 4.22392E-1 4.24613E-1 4.31867E-1 4.29567E-1 4.19054E-1 4.15601E-1 4.11924E-1 4.11001E-1 4.15739E-1 4.08217E-1 4.06913E-1 4.04462E-1 4.135E-1 4.04035E-1 4.11874E-1 4.24842E-1 4.21047E-1 4.14742E-1 3.99942E-1 4.15597E-1 4.06557E-1 4.01641E-1 4.12398E-1 4.01917E-1 3.99161E-1 4.06491E-1 4.0688E-1 4.00758E-1 4.10966E-1 4.14192E-1 4.06476E-1 4.09672E-1 4.24637E-1 4.36223E-1 4.28342E-1 4.34768E-1 4.37871E-1 4.47949E-1 4.54824E-1 4.53297E-1 4.35884E-1 4.24537E-1 4.16288E-1 4.11466E-1 4.09614E-1 4.03359E-1 3.94222E-1 3.85236E-1 3.77625E-1 3.68281E-1 3.65968E-1
4.2069E-1 4.50193E-1 4.55155E-1 4.35182E-1 4.32782E-1 4.31091E-1 4.28591E-1 4.24321E-1 4.19618E-1 4.21668E-1 4.27179E-1 4.40608E-1 4.27787E-1 4.23544E-1 4.083E-1 4.11114E-1 4.10902E-1 4.08114E-1 4.03816E-1 4.00935E-1 4.09444E-1 4.15909E-1 4.11319E-1 4.0553E-1 4.18298E-1 4.21381E-1 4.14921E-1 4.09615E-1 4.00618E-1 4.13619E-1 4.02325E-1 4.14643E-1 4.17111E-1 3.92992E-1 3.96964E-1 4.25327E-1 4.06127E-1 3.99688E-1 4.1009E-1 4.11066E-1 4.15957E-1 4.11091E-1 4.30049E-1 4.33403E-1 4.32356E-1 4.3281E-1 4.40918E-1 4.32106E-1 4.47657E-1 4.38261E-1 4.31163E-1 4.23817E-1 4.03501E-1 4.01478E-1 4.01936E-1 4.01301E-1 4.00953E-1 3.94015E-1 3.89835E-1 3.77696E-1 3.76098E-1
4.19493E-1 4.2222E-1 4.24554E-1 4.35634E-1 4.35472E-1 4.30749E-1 4.24068E-1 4.17198E-1 4.14233E-1 4.24063E-1 4.33962E-1 4.31298E-1 4.20802E-1 4.0919E-1 4.04825E-1 4.1036E-1 4.06516E-1 4.06768E-1 4.03811E-1 4.0708E-1 4.01144E-1 4.05115E-1 4.06455E-1 4.06544E-1 4.1473E-1 4.18451E-1 3.95726E-1 4.08511E-1 4.02627E-1 4.15736E-1 4.0303E-1 4.12692E-1 4.01184E-1 4.12883E-1 4.21286E-1 4.31166E-1 3.98519E-1 4.00165E-1 4.1508E-1 4.09044E-1 4.10856E-1 4.18026E-1 4.10443E-1 4.14178E-1 4.20249E-1 4.21402E-1 4.33288E-1 4.32988E-1 4.36718E-1 4.25059E-1 4.22158E-1 4.0432E-1 3.97935E-1 4.05189E-1 3.97236E-1 3.99453E-1 4.04449E-1 4.02007E-1 4.01793E-1 3.916E-1 3.85084E-1
4.24669E-1 4.24478E-1 4.27961E-1 4.3457E-1 4.34878E-1 4.24905E-1 4.20285E-1 4.18974E-1 4.20762E-1 4.20367E-1 4.23792E-1 4.13128E-1 4.02398E-1 3.99862E-1 4.01147E-1 3.98916E-1 3.99987E-1 4.00163E-1 4.06527E-1 3.97907E-1 3.86524E-1 3.91867E-1 4.05355E-1 4.12406E-1 4.13104E-1 4.11502E-1 3.94346E-1 4.09245E-1 3.91282E-1 4.04496E-1 3.97795E-1 4.16113E-1 3.94196E-1 4.04518E-1 4.10128E-1 3.98067E-1 4.05755E-1 4.07117E-1 4.07701E-1 4.08139E-1 4.1661E-1 4.08447E-1 4.05779E-1 4.05909E-1 4.1386E-1 4.31516E-1 4.24107E-1 4.3078E-1 4.2895E-1 4.20848E-1 4.1724E-1 4.01507E-1 4.0443E-1 4.08032E-1 4.03545E-1 4.00995E-1 4.05282E-1 3.9691E-1 4.11615E-1 3.99284E-1 3.9218E-1
4.16619E-1 4.12133E-1 4.24713E-1 4.316E-1 4.30084E-1 4.21774E-1 4.23964E-1 4.20012E-1 4.17924E-1 4.15933E-1 4.18535E-1 4.10132E-1 4.03692E-1 3.98675E-1 3.93567E-1 3.96461E-1 4.02578E-1 4.02585E-1 4.00823E-1 3.9908E-1 4.06616E-1 3.94855E-1 4.17395E-1 4.15829E-1 4.08384E-1 4.0344E-1 4.09184E-1 3.96985E-1 4.06679E-1 4.00531E-1 3.9407E-1 4.242E-1 3.95165E-1 4.16692E-1 4.10532E-1 3.93941E-1 4.10687E-1 4.02843E-1 4.07959E-1 4.23175E-1 4.14175E-1 4.07479E-1 3.97261E-1 4.07274E-1 4.11129E-1 4.36227E-1 4.2302E-1 4.28645E-1 4.23492E-1 4.132E-1 4.12326E-1 3.99862E-1 4.04702E-1 3.95897E-1 3.91493E-1 3.98516E-1 3.99993E-1 4.0883E-1 4.18723E-1 4.07919E-1 3.91604E-1
4.05919E-1 4.18907E-1 4.20375E-1 4.30239E-1 4.23387E-1 4.21726E-1 4.19519E-1 4.17534E-1 4.20249E-1 4.092E-1 4.08544E-1 4.03882E-1 4.01915E-1 3.94396E-1 4.01312E-1 4.01253E-1 4.10592E-1 4.05765E-1 4.03949E-1 4.01344E-1 4.05036E-1 4.00118E-1 3.99376E-1 3.98231E-1 4.07399E-1 4.10959E-1 4.09839E-1 3.8526E-1 4.03674E-1 3.99273E-1 4.08766E-1 4.23463E-1 4.02956E-1 4.23386E-1 4.22291E-1 3.95762E-1 4.13747E-1 4.11285E-1 4.19469E-1 4.18161E-1 4.09565E-1 4.01146E-1 4.0194E-1 4.0537E-1 4.10695E-1 4.34057E-1 4.29948E-1 4.28234E-1 4.21379E-1 4.16969E-1 3.95308E-1 3.92136E-1 3.93521E-1 3.77272E-1 3.86159E-1 3.94815E-1 3.93451E-1 4.05268E-1 4.06873E-1 4.12266E-1 3.93042E-1
4.07107E-1 3.95091E-1 4.06118E-1 4.23259E-1 4.1949E-1 4.16781E-1 4.17747E-1 4.15421E-1 4.11849E-1 4.11708E-1 4.05554E-1 4.03632E-1 3.89737E-1 3.95881E-1 3.97244E-1 4.09256E-1 4.07204E-1 4.12249E-1 4.03224E-1 3.90492E-1 4.0231E-1 4.02957E-1 3.93454E-1 4.03457E-1 4.03995E-1 4.07782E-1 4.09688E-1 4.06581E-1 4.03416E-1 4.12116E-1 3.97918E-1 4.1628E-1 4.17362E-1 4.21287E-1 4.06051E-1 4.03243E-1 4.09585E-1 4.17744E-1 4.21268E-1 4.17704E-1 4.24715E-1 4.17434E-1 4.06226E-1 4.08296E-1 4.08811E-1 4.21675E-1 4.30122E-1 4.19302E-1 4.10927E-1 4.06473E-1 3.86065E-1 3.88997E-1 3.77399E-1 3.73837E-1 3.87652E-1 3.9433E-1 3.97685E-1 3.95186E-1 3.95502E-1 4.06561E-1 4.1066E-1
4.04512E-1 3.92545E-1 4.08982E-1 4.19519E-1 4.22928E-1 4.1666E-1 4.16381E-1 4.13891E-1 4.15644E-1 4.13031E-1 4.11623E-1 4.08228E-1 3.96267E-1 3.96523E-1 3.96577E-1 4.06842E-1 4.0067E-1 4.04873E-1 3.93584E-1 3.97388E-1 3.92597E-1 4.03864E-1 3.95134E-1 3.99563E-1 4.04597E-1 4.07099E-1 4.16809E-1 4.14368E-1 4.13448E-1 4.14343E-1 4.0458E-1 4.19377E-1 4.09269E-1 4.24476E-1 4.10446E-1 4.10405E-1 4.03319E-1 4.10647E-1 4.11132E-1 4.16845E-1 4.33707E-1 4.29042E-1 4.10432E-1 4.08984E-1 4.12069E-1 4.30618E-1 4.24938E-1 4.12738E-1 4.10589E-1 3.98246E-1 3.85353E-1 3.79128E-1 3.73842E-1 3.76204E-1 3.7662E-1 3.86257E-1 3.94865E-1 3.81234E-1 3.82523E-1 3.83274E-1 3.85403E-1
3.82463E-1 3.83022E-1 4.0532E-1 4.11406E-1 4.13373E-1 4.15109E-1 4.49093E-1 4.21326E-1 4.06965E-1 4.08965E-1 4.09414E-1 4.06066E-1 3.95022E-1 4.00319E-1 3.99338E-1 4.06999E-1 4.05552E-1 3.99527E-1 3.87611E-1 4.02003E-1 3.88133E-1 4.00426E-1 3.94361E-1 3.92427E-1 4.06935E-1 4.03572E-1 4.12297E-1 4.16715E-1 4.17165E-1 4.14746E-1 4.12518E-1 4.15059E-1 4.06615E-1 4.1793E-1 4.07775E-1 4.03575E-1 4.03614E-1 4.07091E-1 3.99229E-1 4.04059E-1 4.12532E-1 4.11105E-1 4.1494E-1 4.1241E-1 4.20846E-1 4.12203E-1 4.12863E-1 3.99542E-1 3.88232E-1 3.79939E-1 3.83572E-1 3.83085E-1 3.80695E-1 3.76362E-1 3.75889E-1 3.93358E-1 3.81257E-1 3.81596E-1 3.87151E-1 3.84692E-1 3.87399E-1
3.51417E-1 3.76792E-1 3.90686E-1 3.87803E-1 3.93838E-1 4.06179E-1 4.20598E-1 4.29772E-1 4.17539E-1 4.14674E-1 4.06197E-1 3.97102E-1 3.95116E-1 4.04792E-1 4.04238E-1 4.01132E-1 3.97951E-1 3.91657E-1 3.82565E-1 3.96071E-1 3.95843E-1 4.00372E-1 3.90638E-1 3.9682E-1 3.97814E-1 3.86667E-1 4.13713E-1 4.15586E-1 4.15091E-1 4.22561E-1 4.16514E-1 4.09164E-1 4.17882E-1 4.10217E-1 4.03985E-1 4.14588E-1 3.91692E-1 4.06602E-1 3.97003E-1 4.12008E-1 4.07226E-1 4.05926E-1 4.15744E-1 4.14969E-1 4.06685E-1 4.09139E-1 4.00722E-1 3.85007E-1 3.80044E-1 3.7471E-1 3.7768E-1 3.79736E-1 3.80543E-1 3.91677E-1 3.91034E-1 3.80714E-1 3.7736E-1 3.7969E-1 3.91688E-1 3.93943E-1 3.96387E-1
3.46789E-1 3.41775E-1 3.59098E-1 3.64249E-1 3.88152E-1 3.8938E-1 3.90652E-1 4.14252E-1 4.06439E-1 4.09229E-1 4.17659E-1 4.01635E-1 4.02408E-1 4.06888E-1 4.03541E-1 3.97055E-1 3.92576E-1 3.91406E-1 3.96704E-1 3.90069E-1 3.96573E-1 3.87352E-1 3.89891E-1 3.93315E-1 3.82939E-1 3.97343E-1 4.1226E-1 4.07997E-1 4.09776E-1 4.20668E-1 4.20597E-1 4.08728E-1 4.17563E-1 4.15358E-1 4.01481E-1 4.13027E-1 3.9638E-1 4.09474E-1 3.92828E-1 4.05691E-1 4.0494E-1 4.03902E-1 4.04516E-1 4.02199E-1 3.99869E-1 3.96194E-1 3.83816E-1 3.70014E-1 3.55401E-1 3.66239E-1 3.78341E-1 3.8046E-1 3.85046E-1 3.88449E-1 3.85674E-1 3.83112E-1 3.85211E-1 3.86924E-1 3.96627E-1 4.02302E-1 4.06129E-1
3.30172E-1 3.26411E-1 3.41216E-1 3.67878E-1 3.52927E-1 3.63904E-1 3.6876E-1 3.90371E-1 4.03705E-1 4.12722E-1 4.2126E-1 4.13294E-1 4.01661E-1 4.09193E-1 4.03596E-1 4.0164E-1 3.96785E-1 3.92653E-1 3.89837E-1 3.87657E-1 3.9337E-1 3.82966E-1 3.9285E-1 3.8624E-1 3.94643E-1 4.04706E-1 4.07386E-1 4.0947E-1 4.13854E-1 4.20859E-1 4.24859E-1 4.19332E-1 4.16248E-1 4.08799E-1 4.10053E-1 4.11003E-1 3.99982E-1 4.05959E-1 4.02877E-1 3.96008E-1 3.95596E-1 4.05385E-1 3.99811E-1 3.93461E-1 3.93285E-1 3.82189E-1 3.75862E-1 3.61001E-1 3.41741E-1 3.5423E-1 3.69189E-1 3.81499E-1 3.84829E-1 3.85779E-1 3.8749E-1 3.86321E-1 3.98571E-1 3.95091E-1 3.98488E-1 4.06617E-1 4.02751E-1
3.48563E-1 3.32019E-1 3.28673E-1 3.41243E-1 3.72152E-1 3.73636E-1 3.59944E-1 3.77598E-1 3.91788E-1 3.98167E-1 4.18675E-1 4.08385E-1 4.08056E-1 4.09016E-1 4.03101E-1 4.01218E-1 3.97911E-1 3.95561E-1 3.93425E-1 3.91237E-1 3.92563E-1 3.86998E-1 3.90825E-1 3.92886E-1 4.02791E-1 4.03764E-1 4.01086E-1 4.09899E-1 4.20136E-1 4.20639E-1 4.20913E-1 4.22785E-1 4.12819E-1 4.14232E-1 4.09508E-1 3.98271E-1 4.08753E-1 4.05051E-1 4.00002E-1 3.91309E-1 3.96942E-1 3.91054E-1 3.88928E-1 3.81064E-1 3.69215E-1 3.73746E-1 3.66851E-1 3.59814E-1 3.45016E-1 3.59996E-1 3.65688E-1 3.75981E-1 3.82373E-1 3.78701E-1 3.86282E-1 3.95397E-1 4.06148E-1 4.03295E-1 4.02831E-1 4.0136E-1 4.08064E-1
3.81747E-1 3.59646E-1 3.3775E-1 3.2226E-1 3.69587E-1 3.63738E-1 3.59677E-1 3.67549E-1 3.83132E-1 3.87758E-1 4.05109E-1 4.09597E-1 4.05747E-1 4.10803E-1 4.08778E-1 4.02259E-1 3.94067E-1 3.89305E-1 3.86891E-1 3.93357E-1 3.94181E-1 3.83736E-1 3.90956E-1 3.9374E-1 3.97507E-1 4.01576E-1 4.04145E-1 4.04648E-1 4.2425E-1 4.22764E-1 4.16675E-1 4.22257E-1 4.14406E-1 4.15521E-1 4.13516E-1 4.09021E-1 4.00783E-1 3.93253E-1 3.92551E-1 3.9134E-1 3.9069E-1 3.8891E-1 3.84446E-1 3.75987E-1 3.52668E-1 3.66136E-1 3.55249E-1 3.63443E-1 3.67972E-1 3.75263E-1 3.76226E-1 3.80354E-1 3.80036E-1 3.89598E-1 3.85671E-1 4.03086E-1 4.12765E-1 4.05449E-1 4.05507E-1 4.00416E-1 4.02062E-1
3.79198E-1 3.59156E-1 3.34473E-1 3.12214E-1 3.46121E-1 3.50512E-1 3.49622E-1 3.70662E-1 3.92567E-1 3.71953E-1 4.05339E-1 4.01173E-1 4.05034E-1 4.13836E-1 4.05526E-1 4.01155E-1 4.01233E-1 3.99581E-1 3.95967E-1 3.85095E-1 3.89783E-1 3.88846E-1 3.86316E-1 3.93869E-1 3.8958E-1 3.9995E-1 4.06222E-1 4.1496E-1 4.20554E-1 4.22131E-1 4.11449E-1 4.22269E-1 4.12664E-1 4.15237E-1 4.06488E-1 4.036E-1 3.89615E-1 3.90784E-1 4.07941E-1 4.02773E-1 3.95343E-1 3.98231E-1 3.9069E-1 3.74004E-1 3.57121E-1 3.56354E-1 3.47434E-1 3.70321E-1 3.69784E-1 3.77333E-1 3.83903E-1 3.86657E-1 3.86431E-1 3.98855E-1 4.00997E-1 4.08407E-1 4.26394E-1 4.06339E-1 4.03587E-1 3.97829E-1 4.03757E-1
3.96048E-1 3.61284E-1 3.37475E-1 3.55368E-1 3.55524E-1 3.37587E-1 3.42496E-1 3.66839E-1 4.02461E-1 3.49846E-1 3.90455E-1 4.05143E-1 4.05709E-1 4.06659E-1 4.04641E-1 4.03786E-1 4.06909E-1 4.02739E-1 4.00632E-1 3.90449E-1 3.86853E-1 3.87302E-1 3.89738E-1 3.94711E-1 4.00583E-1 4.0695E-1 4.15743E-1 4.30573E-1 4.20056E-1 4.15564E-1 4.23314E-1 4.27959E-1 4.23449E-1 4.11349E-1 4.07537E-1 4.02049E-1 4.00664E-1 4.0611E-1 4.08332E-1 4.12523E-1 4.028E-1 3.96842E-1 3.83161E-1 3.77127E-1 3.71952E-1 3.71591E-1 3.76146E-1 3.73024E-1 3.74554E-1 3.80273E-1 3.85538E-1 3.90306E-1 4.00808E-1 4.06332E-1 4.14174E-1 4.21629E-1 4.12934E-1 4.11258E-1 4.03041E-1 3.99728E-1 4.11163E-1
4.24749E-1 3.87172E-1 3.63586E-1 3.70533E-1 3.52715E-1 3.31837E-1 3.20001E-1 3.81437E-1 4.02649E-1 3.7045E-1 3.74367E-1 4.1179E-1 4.02607E-1 3.96696E-1 4.07393E-1 4.08255E-1 4.14483E-1 4.05659E-1 3.9562E-1 3.87444E-1 3.90542E-1 3.87022E-1 3.97907E-1 4.01027E-1 4.09147E-1 4.10821E-1 4.16334E-1 4.26392E-1 4.295E-1 4.21713E-1 4.2513E-1 4.3655E-1 4.29625E-1 4.17232E-1 4.26935E-1 4.20186E-1 4.16308E-1 4.10431E-1 4.07685E-1 4.24856E-1 4.0494E-1 4.05381E-1 4.0744E-1 4.0104E-1 3.94788E-1 3.91448E-1 3.90645E-1 3.85124E-1 3.8137E-1 3.8652E-1 3.90854E-1 3.94142E-1 4.02959E-1 4.16144E-1 4.25855E-1 4.11262E-1 4.04985E-1 4.09632E-1 4.03556E-1 4.02355E-1 4.04381E-1
4.47523E-1 4.2328E-1 3.89377E-1 3.62551E-1 3.37451E-1 3.29482E-1 3.07391E-1 3.32776E-1 3.67382E-1 4.00105E-1 3.83808E-1 4.1835E-1 4.26607E-1 4.31378E-1 4.15507E-1 4.07457E-1 4.12975E-1 4.16309E-1 4.05543E-1 3.96333E-1 3.90769E-1 3.89745E-1 4.04244E-1 3.99106E-1 4.02321E-1 4.11719E-1 4.1875E-1 4.25536E-1 4.37583E-1 4.28198E-1 4.36089E-1 4.44188E-1 4.49875E-1 4.35842E-1 4.42179E-1 4.41566E-1 4.36593E-1 4.266E-1 4.38008E-1 4.42208E-1 4.31518E-1 4.22186E-1 4.14698E-1 4.11601E-1 4.06955E-1 3.99393E-1 3.97929E-1 4.04254E-1 3.98883E-1 3.99107E-1 4.01539E-1 4.07291E-1 3.93081E-1 4.22503E-1 4.22596E-1 4.18813E-1 4.16075E-1 4.11962E-1 4.08857E-1 4.04454E-1 4.00364E-1
4.83507E-1 4.63932E-1 4.17687E-1 3.73725E-1 3.40989E-1 3.28183E-1 3.06271E-1 3.19953E-1 3.30079E-1 4.06771E-1 3.59404E-1 3.99128E-1 4.27513E-1 4.3162E-1 4.46282E-1 4.2139E-1 4.10627E-1 4.08924E-1 4.16147E-1 4.13945E-1 4.04667E-1 4.02915E-1 4.09788E-1 4.07793E-1 4.04838E-1 4.15858E-1 4.26549E-1 4.23505E-1 4.41989E-1 4.51335E-1 4.52147E-1 4.60013E-1 4.51763E-1 4.53663E-1 4.55149E-1 4.46162E-1 4.40958E-1 4.43477E-1 4.41227E-1 4.32667E-1 4.32203E-1 4.23584E-1 4.15043E-1 4.16297E-1 4.11124E-1 4.07655E-1 4.00939E-1 4.04627E-1 4.0071E-1 4.11414E-1 4.23519E-1 4.46327E-1 4.24371E-1 4.16553E-1 4.05374E-1 4.05085E-1 4.12839E-1 4.01609E-1 4.01626E-1 3.94485E-1 3.96863E-1
5.02323E-1 4.83465E-1 4.52551E-1 4.28787E-1 3.91385E-1 3.56318E-1 3.42062E-1 3.25585E-1 3.17097E-1 4.02781E-1 3.7702E-1 4.2761E-1 4.35039E-1 4.10031E-1 4.40531E-1 4.66507E-1 4.18654E-1 4.23919E-1 4.3368E-1 4.2609E-1 4.23318E-1 4.17912E-1 4.16249E-1 4.19639E-1 4.21041E-1 4.30809E-1 4.3039E-1 4.27106E-1 4.37124E-1 4.57349E-1 4.60889E-1 4.64365E-1 4.52244E-1 4.67059E-1 4.6628E-1 4.66056E-1 4.5065E-1 4.41122E-1 4.431E-1 4.25809E-1 4.22869E-1 4.21862E-1 4.25629E-1 4.19433E-1 4.11915E-1 4.10485E-1 4.01861E-1 3.91259E-1 3.93476E-1 4.15941E-1 4.10459E-1 4.12582E-1 4.11676E-1 4.01588E-1 3.8637E-1 3.92971E-1 4.02558E-1 4.01082E-1 4.04175E-1 3.95348E-1 3.93547E-1
5.07053E-1 4.93008E-1 4.85057E-1 4.45217E-1 4.04673E-1 3.45416E-1 3.36642E-1 3.36086E-1 3.13998E-1 3.84852E-1 4.09418E-1 4.18558E-1 4.70737E-1 4.31778E-1 4.2174E-1 5.04767E-1 4.85924E-1 4.50189E-1 4.42266E-1 4.41498E-1 4.39051E-1 4.30043E-1 4.26011E-1 4.23794E-1 4.27257E-1 4.32554E-1 4.32784E-1 4.1881E-1 4.2689E-1 4.6101E-1 4.7257E-1 4.68481E-1 4.71936E-1 4.79135E-1 4.71088E-1 4.52087E-1 4.34749E-1 4.26334E-1 4.31171E-1 4.27422E-1 4.15281E-1 4.12694E-1 4.04212E-1 4.13212E-1 4.12525E-1 4.05709E-1 4.00139E-1 3.92669E-1 4.04616E-1 4.02188E-1 3.85796E-1 3.8898E-1 3.88322E-1 3.90847E-1 3.9299E-1 3.80932E-1 3.93197E-1 3.92906E-1 3.93638E-1 3.88603E-1 3.88461E-1
4.99051E-1 4.96931E-1 5.00529E-1 4.82686E-1 4.42315E-1 4.10869E-1 3.54544E-1 3.15491E-1 3.06345E-1 3.44189E-1 4.09391E-1 4.05778E-1 4.18061E-1 4.26921E-1 4.30066E-1 4.84559E-1 4.86092E-1 5.05934E-1 4.63369E-1 4.42895E-1 4.44207E-1 4.45227E-1 4.40519E-1 4.29282E-1 4.34217E-1 4.39783E-1 4.37868E-1 4.15611E-1 4.20428E-1 4.5803E-1 4.66386E-1 4.72738E-1 4.80024E-1 4.78714E-1 4.49865E-1 4.51225E-1 4.45116E-1 4.23112E-1 4.22215E-1 4.23858E-1 4.13393E-1 4.0778E-1 4.14928E-1 4.22148E-1 4.01772E-1 3.90671E-1 3.88414E-1 3.98524E-1 4.01856E-1 3.83438E-1 3.74537E-1 3.75629E-1 3.7384E-1 3.76074E-1 3.75829E-1 3.74693E-1 3.82396E-1 3.84593E-1 3.86154E-1 3.86721E-1 3.82727E-1
5.07076E-1 5.07862E-1 5.06734E-1 5.06232E-1 4.89737E-1 4.51975E-1 3.83649E-1 3.19404E-1 3.22855E-1 3.14006E-1 3.79055E-1 4.26E-1 4.05468E-1 4.22032E-1 4.63052E-1 4.30634E-1 4.44584E-1 5.11684E-1 4.86686E-1 4.51829E-1 4.5146E-1 4.52436E-1 4.53142E-1 4.24346E-1 4.11562E-1 4.15987E-1 4.44295E-1 4.46058E-1 4.4296E-1 4.63564E-1 4.61511E-1 4.69678E-1 4.88212E-1 4.75974E-1 4.63972E-1 4.70517E-1 4.42553E-1 4.16E-1 4.1494E-1 4.11245E-1 4.15938E-1 4.13015E-1 4.15893E-1 4.38826E-1 4.20985E-1 3.90126E-1 3.82039E-1 4.04571E-1 3.82861E-1 3.78973E-1 3.79014E-1 3.75811E-1 3.72575E-1 3.75929E-1 3.77344E-1 3.77769E-1 3.70658E-1 3.71718E-1 3.7601E-1 3.84023E-1 3.83733E-1
5.06127E-1 5.10968E-1 5.14918E-1 5.15721E-1 5.02031E-1 4.61376E-1 4.14268E-1 3.44931E-1 3.4166E-1 3.29382E-1 3.71713E-1 4.13433E-1 3.94819E-1 4.16367E-1 4.60618E-1 4.55061E-1 4.18903E-1 5.09006E-1 4.91992E-1 4.50119E-1 4.58616E-1 4.59457E-1 4.50033E-1 4.44687E-1 4.17663E-1 4.1434E-1 4.41262E-1 4.7565E-1 4.75036E-1 4.72371E-1 4.70992E-1 4.75129E-1 4.97234E-1 4.6449E-1 4.73947E-1 4.73421E-1 4.35424E-1 4.00778E-1 4.23544E-1 4.32449E-1 4.31551E-1 4.39589E-1 4.30574E-1 4.24427E-1 4.35022E-1 4.22758E-1 3.91319E-1 4.09087E-1 3.9192E-1 3.8662E-1 3.84628E-1 3.81307E-1 3.78856E-1 3.7994E-1 3.79059E-1 3.73655E-1 3.68461E-1 3.72835E-1 3.7489E-1 3.71436E-1 3.79865E-1
5.16226E-1 5.13991E-1 5.12866E-1 5.13175E-1 5.11786E-1 4.96795E-1 4.48701E-1 3.75204E-1 3.62152E-1 3.3634E-1 3.66022E-1 4.26671E-1 4.18427E-1 4.03583E-1 4.44043E-1 4.74353E-1 4.17931E-1 4.91723E-1 5.06552E-1 4.45604E-1 4.60759E-1 4.67023E-1 4.54511E-1 4.46037E-1 4.44744E-1 4.31376E-1 4.47336E-1 4.74638E-1 4.82313E-1 4.85579E-1 5.13815E-1 4.94012E-1 5.08152E-1 4.90482E-1 4.85206E-1 4.6099E-1 4.33133E-1 4.11845E-1 4.25772E-1 4.47561E-1 4.13004E-1 4.00995E-1 3.92226E-1 4.04142E-1 3.96506E-1 4.19125E-1 4.22096E-1 4.19875E-1 4.02509E-1 3.91763E-1 3.89E-1 3.86113E-1 3.81831E-1 3.78391E-1 3.73088E-1 3.69826E-1 3.68614E-1 3.67077E-1 3.66103E-1 3.68623E-1 3.7194E-1
