maxent_outputs/bumblebees/bombus_276.asc
ncols         426
nrows         180
xllcorner     -130.0
yllcorner     24.0
cellsize      0.16666666666666666
NODATA_value  -9999
[rows 54 to 80 of 180, columns 305 to 365 of 426]
6.26592E-1 6.21204E-1 6.24787E-1 6.17425E-1 6.01307E-1 5.85383E-1 5.73862E-1 5.67059E-1 5.61904E-1 5.54859E-1 5.42363E-1 5.5339E-1 5.51432E-1 5.47208E-1 5.61126E-1 5.85003E-1 5.97911E-1 6.09105E-1 6.23643E-1 6.36772E-1 6.54757E-1 6.68655E-1 6.61641E-1 6.76237E-1 6.86752E-1 6.79647E-1 6.63728E-1 6.59422E-1 6.44494E-1 6.27909E-1 5.84279E-1 5.53764E-1 5.52654E-1 5.1945E-1 4.93842E-1 5.36552E-1 5.55864E-1 5.72003E-1 5.90882E-1 5.97265E-1 6.17256E-1 6.11143E-1 5.80168E-1 5.51481E-1 5.33837E-1 5.14892E-1 4.99153E-1 5.04898E-1 5.04504E-1 5.14967E-1 5.35316E-1 5.6175E-1 5.91347E-1 6.22392E-1 6.57422E-1 6.65444E-1 6.6289E-1 6.75739E-1 6.86306E-1 6.98283E-1 7.08225E-1
6.33152E-1 6.25007E-1 6.33347E-1 6.26666E-1 6.1445E-1 5.97681E-1 5.87872E-1 5.83161E-1 5.7589E-1 5.69828E-1 5.69474E-1 5.69255E-1 5.69742E-1 5.75437E-1 5.85578E-1 6.10246E-1 6.29449E-1 6.50816E-1 6.48465E-1 6.48412E-1 6.48107E-1 6.45226E-1 6.38914E-1 6.28256E-1 6.24791E-1 6.14411E-1 6.04209E-1 5.90257E-1 5.66778E-1 5.46262E-1 5.21292E-1 5.06998E-1 5.08622E-1 5.12912E-1 5.2127E-1 5.44598E-1 5.33542E-1 5.44449E-1 5.5635E-1 5.72498E-1 5.77071E-1 5.68265E-1 5.48991E-1 5.35858E-1 5.21902E-1 5.15863E-1 5.10844E-1 5.07495E-1 5.16476E-1 5.21508E-1 5.63566E-1 5.87401E-1 6.2219E-1 6.62924E-1 6.86882E-1 6.92151E-1 6.86046E-1 6.87446E-1 7.03533E-1 7.13352E-1 7.28129E-1
6.39539E-1 6.36654E-1 6.34196E-1 6.23685E-1 6.24948E-1 6.09726E-1 6.02342E-1 6.03769E-1 6.08303E-1 5.9793E-1 5.98707E-1 6.03282E-1 6.01767E-1 6.02372E-1 6.21473E-1 6.47988E-1 6.69666E-1 6.69719E-1 6.72264E-1 6.60998E-1 6.52702E-1 6.35292E-1 6.0718E-1 5.94802E-1 5.794E-1 5.72651E-1 5.51361E-1 5.42323E-1 5.35453E-1 5.18915E-1 5.07646E-1 5.11808E-1 5.16019E-1 5.4026E-1 5.83785E-1 5.71152E-1 5.39288E-1 5.34261E-1 5.39496E-1 5.65479E-1 5.60411E-1 5.40718E-1 5.40692E-1 5.26072E-1 5.10723E-1 5.21108E-1 5.30217E-1 5.35581E-1 5.46565E-1 5.78171E-1 6.06414E-1 6.23702E-1 6.52278E-1 6.93357E-1 7.21986E-1 7.11795E-1 7.00987E-1 7.02366E-1 7.21342E-1 7.27958E-1 7.48813E-1
6.27381E-1 6.23141E-1 6.22579E-1 6.2317E-1 6.22317E-1 6.06459E-1 5.99027E-1 6.05734E-1 6.14408E-1 6.20505E-1 6.25109E-1 6.3904E-1 6.33423E-1 6.34408E-1 6.60696E-1 6.84352E-1 6.90267E-1 6.82848E-1 6.76182E-1 6.76271E-1 6.61025E-1 6.25591E-1 5.9396E-1 5.79651E-1 5.65342E-1 5.48539E-1 5.42414E-1 5.36799E-1 5.30324E-1 5.20053E-1 5.00828E-1 4.90573E-1 5.38411E-1 5.43331E-1 5.8727E-1 5.95817E-1 5.39805E-1 5.28577E-1 5.51553E-1 5.47707E-1 5.57363E-1 5.33267E-1 5.39532E-1 5.2568E-1 5.13288E-1 5.17795E-1 5.56738E-1 5.83511E-1 6.12513E-1 6.29383E-1 6.49967E-1 6.53138E-1 6.84704E-1 7.18897E-1 7.30215E-1 7.30437E-1 7.23406E-1 7.28892E-1 7.34484E-1 7.54428E-1 7.76316E-1
5.9723E-1 6.17662E-1 6.20615E-1 6.14671E-1 6.2604E-1 6.20194E-1 6.09369E-1 6.06476E-1 6.28996E-1 6.4534E-1 6.65017E-1 6.72345E-1 6.7141E-1 6.70244E-1 6.89791E-1 7.03925E-1 7.16504E-1 7.12756E-1 7.06959E-1 6.71335E-1 6.38798E-1 6.14543E-1 5.91148E-1 5.77056E-1 5.55102E-1 5.47266E-1 5.46268E-1 5.51076E-1 5.45854E-1 5.25053E-1 4.91366E-1 4.74997E-1 5.09555E-1 5.57549E-1 5.95675E-1 5.89814E-1 5.45727E-1 5.29052E-1 5.6095E-1 5.68447E-1 5.53066E-1 5.47315E-1 5.47827E-1 5.38881E-1 5.26109E-1 5.61093E-1 6.08082E-1 6.56395E-1 6.59127E-1 6.96413E-1 7.01308E-1 7.10434E-1 7.21902E-1 7.43672E-1 7.52399E-1 7.59121E-1 7.57794E-1 7.63241E-1 7.71627E-1 7.80877E-1 7.79137E-1
5.99867E-1 6.15387E-1 6.01517E-1 6.24473E-1 6.44792E-1 6.26003E-1 6.07263E-1 6.23692E-1 6.45376E-1 6.77146E-1 6.90875E-1 7.09163E-1 6.89282E-1 7.1828E-1 7.42553E-1 7.66292E-1 7.51735E-1 7.29027E-1 7.02925E-1 6.68343E-1 6.35675E-1 6.18493E-1 6.05522E-1 5.84228E-1 5.53428E-1 5.49661E-1 5.54979E-1 5.61112E-1 5.45595E-1 5.20864E-1 4.89551E-1 4.74977E-1 5.09007E-1 5.53061E-1 6.09275E-1 5.84395E-1 5.59038E-1 5.43719E-1 5.71815E-1 5.69145E-1 5.59127E-1 5.66119E-1 5.71844E-1 5.59036E-1 5.84505E-1 6.20553E-1 6.55095E-1 7.09672E-1 7.36068E-1 7.50622E-1 7.44724E-1 7.52552E-1 7.61826E-1 7.76248E-1 7.83082E-1 7.85628E-1 7.90618E-1 7.96319E-1 7.92148E-1 7.88463E-1 7.89274E-1
6.41364E-1 6.70513E-1 6.64848E-1 6.92373E-1 7.05218E-1 7.13722E-1 7.08576E-1 7.13944E-1 7.24803E-1 7.37165E-1 7.39439E-1 7.38853E-1 7.09211E-1 7.52991E-1 7.83524E-1 7.89018E-1 7.86105E-1 7.60044E-1 7.24988E-1 6.82696E-1 6.44818E-1 6.33065E-1 6.18997E-1 5.98741E-1 5.72149E-1 5.67595E-1 5.74004E-1 5.74665E-1 5.58101E-1 5.43887E-1 5.34562E-1 5.28777E-1 5.66265E-1 5.72038E-1 6.08003E-1 5.92456E-1 5.82245E-1 5.66068E-1 5.9728E-1 6.00834E-1 5.87493E-1 5.95832E-1 5.96693E-1 6.01011E-1 6.29609E-1 6.64317E-1 7.02353E-1 7.57425E-1 7.67451E-1 7.57303E-1 7.52721E-1 7.9406E-1 7.84947E-1 7.85577E-1 7.95054E-1 8.00903E-1 8.0956E-1 8.1402E-1 8.08347E-1 8.18215E-1 8.44742E-1
7.04425E-1 7.32137E-1 7.33488E-1 7.39661E-1 7.44171E-1 7.34326E-1 7.28348E-1 7.28642E-1 7.40103E-1 7.51263E-1 7.68501E-1 7.77192E-1 7.77992E-1 7.95242E-1 8.07283E-1 8.14538E-1 8.12917E-1 7.82058E-1 7.32166E-1 6.83152E-1 6.38934E-1 6.2474E-1 6.52691E-1 6.45213E-1 6.21934E-1 6.05607E-1 6.0501E-1 5.82773E-1 5.67491E-1 5.62096E-1 5.6495E-1 5.92697E-1 6.0601E-1 5.90304E-1 6.24115E-1 5.97832E-1 5.89182E-1 5.79174E-1 6.09736E-1 6.26175E-1 6.27487E-1 6.291E-1 6.21713E-1 6.39211E-1 6.78099E-1 7.08154E-1 7.39935E-1 7.45436E-1 7.63879E-1 7.59446E-1 7.60906E-1 7.84361E-1 7.84027E-1 7.9896E-1 8.21481E-1 8.18205E-1 8.13981E-1 8.27362E-1 -9999 8.80497E-1 -9999
7.40252E-1 7.40862E-1 7.41046E-1 7.41457E-1 7.32531E-1 7.22202E-1 7.17895E-1 7.189E-1 7.32288E-1 7.4891E-1 7.59994E-1 7.74062E-1 7.8301E-1 7.95783E-1 8.04793E-1 8.10335E-1 8.02776E-1 7.8327E-1 7.55321E-1 7.18747E-1 6.82709E-1 6.49235E-1 6.83561E-1 6.96266E-1 6.71979E-1 6.38132E-1 6.18567E-1 5.99478E-1 6.19507E-1 5.92185E-1 5.84758E-1 6.19134E-1 6.21569E-1 6.26608E-1 6.27002E-1 6.06313E-1 5.73887E-1 5.83495E-1 6.19754E-1 6.43861E-1 6.55027E-1 6.48913E-1 6.47241E-1 6.49914E-1 6.89858E-1 7.06705E-1 7.22548E-1 7.56471E-1 7.56172E-1 7.59176E-1 7.70426E-1 7.87501E-1 7.96138E-1 8.13327E-1 -9999 -9999 -9999 -9999 -9999 -9999 -9999
7.42012E-1 7.43737E-1 7.36976E-1 7.18942E-1 7.07592E-1 6.89191E-1 6.77621E-1 6.75621E-1 6.96541E-1 7.28551E-1 7.44584E-1 7.51751E-1 7.55062E-1 7.61508E-1 7.631E-1 7.48466E-1 7.44264E-1 7.41802E-1 7.50322E-1 7.51819E-1 7.34126E-1 7.10063E-1 7.2962E-1 7.23488E-1 6.91901E-1 6.62341E-1 6.42454E-1 6.46833E-1 6.49627E-1 6.49882E-1 6.16905E-1 6.34213E-1 6.3468E-1 6.37971E-1 6.27424E-1 6.04299E-1 6.01833E-1 6.19891E-1 6.48272E-1 6.69898E-1 6.78474E-1 6.7182E-1 6.61851E-1 6.72646E-1 7.11827E-1 7.13749E-1 7.0857E-1 7.30235E-1 7.5744E-1 7.74791E-1 7.84188E-1 8.01579E-1 8.12969E-1 -9999 -9999 -9999 -9999 -9999 -9999 -9999 -9999
7.10336E-1 7.13329E-1 7.01961E-1 6.8123E-1 6.5776E-1 6.32421E-1 6.11953E-1 6.09022E-1 6.43185E-1 6.77108E-1 6.81429E-1 6.76368E-1 6.71793E-1 6.92243E-1 7.00056E-1 7.0901E-1 7.17772E-1 7.19028E-1 7.2526E-1 7.42021E-1 7.27717E-1 7.03136E-1 6.92705E-1 6.85135E-1 6.72123E-1 6.62642E-1 6.56051E-1 6.55583E-1 6.4659E-1 6.71265E-1 6.57492E-1 6.45111E-1 6.54286E-1 6.4587E-1 6.10247E-1 6.16161E-1 6.4564E-1 6.73425E-1 6.90827E-1 6.98361E-1 6.99048E-1 6.92223E-1 6.80191E-1 7.2134E-1 7.37845E-1 7.17365E-1 7.1046E-1 7.30495E-1 7.58786E-1 7.81338E-1 8.0874E-1 8.15029E-1 -9999 -9999 -9999 -9999 -9999 -9999 -9999 -9999 -9999
6.91387E-1 6.98432E-1 6.86923E-1 6.65312E-1 6.40088E-1 6.07712E-1 5.86537E-1 5.89636E-1 6.12999E-1 6.3219E-1 6.3905E-1 6.42809E-1 6.46371E-1 6.60979E-1 6.75128E-1 6.71723E-1 6.72433E-1 6.76816E-1 6.7448E-1 6.84692E-1 6.7499E-1 6.62218E-1 6.60976E-1 6.55822E-1 6.52687E-1 6.45965E-1 6.54301E-1 6.6534E-1 6.74164E-1 6.84476E-1 6.66905E-1 6.72567E-1 6.75582E-1 6.4548E-1 6.14418E-1 6.38491E-1 6.65829E-1 7.03113E-1 7.23182E-1 7.25032E-1 7.10639E-1 7.09147E-1 7.21246E-1 7.49652E-1 7.52697E-1 7.40648E-1 7.28972E-1 7.4685E-1 7.69181E-1 7.92448E-1 8.22251E-1 8.18257E-1 -9999 -9999 -9999 -9999 -9999 -9999 -9999 -9999 -9999
6.71819E-1 6.93415E-1 6.86301E-1 6.60807E-1 6.29266E-1 5.94939E-1 5.71054E-1 5.71918E-1 5.84025E-1 5.78319E-1 5.8579E-1 6.03276E-1 6.12548E-1 6.42158E-1 6.51951E-1 6.27406E-1 6.22948E-1 6.36754E-1 6.40944E-1 6.3818E-1 6.26172E-1 6.27725E-1 6.28721E-1 6.24009E-1 6.15251E-1 6.18205E-1 6.33995E-1 6.5714E-1 6.68259E-1 6.74714E-1 6.73804E-1 6.85708E-1 6.75182E-1 6.47086E-1 6.2471E-1 6.51915E-1 6.81098E-1 7.20439E-1 7.39524E-1 7.3981E-1 7.2076E-1 7.24559E-1 7.36898E-1 7.54325E-1 7.727E-1 7.69954E-1 7.5943E-1 7.77858E-1 7.96453E-1 8.20253E-1 8.26746E-1 8.90579E-1 -9999 -9999 -9999 -9999 -9999 -9999 -9999 -9999 -9999
6.87314E-1 6.74172E-1 6.53991E-1 6.36636E-1 5.9761E-1 5.68609E-1 5.50025E-1 5.5549E-1 5.45561E-1 5.36374E-1 5.49119E-1 5.68832E-1 5.79462E-1 6.27842E-1 6.40582E-1 6.03029E-1 6.09024E-1 6.18638E-1 6.24789E-1 6.16159E-1 6.05612E-1 6.14671E-1 6.08307E-1 6.02213E-1 5.89701E-1 5.95103E-1 5.87373E-1 6.11311E-1 6.33836E-1 6.49201E-1 6.55005E-1 6.80617E-1 6.74735E-1 6.50645E-1 6.42781E-1 6.75833E-1 7.03284E-1 7.36425E-1 7.56275E-1 7.60803E-1 7.41966E-1 7.3365E-1 7.41476E-1 7.46685E-1 7.9158E-1 8.04467E-1 8.0968E-1 8.19835E-1 8.39281E-1 8.33607E-1 8.3493E-1 8.38961E-1 -9999 -9999 -9999 -9999 -9999 -9999 -9999 -9999 -9999
6.39983E-1 6.20523E-1 6.01647E-1 5.85708E-1 5.64126E-1 5.35622E-1 5.32858E-1 5.31534E-1 5.24037E-1 4.99715E-1 5.10103E-1 5.21161E-1 5.59274E-1 5.86275E-1 5.90033E-1 6.25635E-1 6.13435E-1 6.21171E-1 6.23402E-1 6.2498E-1 6.10439E-1 6.13117E-1 6.06489E-1 5.96375E-1 5.84527E-1 5.83092E-1 5.63955E-1 5.69585E-1 6.02569E-1 6.11447E-1 6.3068E-1 6.69131E-1 6.81819E-1 6.63552E-1 6.548E-1 6.80973E-1 7.02151E-1 7.32091E-1 7.73199E-1 7.70966E-1 7.56873E-1 7.45053E-1 7.37012E-1 7.60892E-1 8.05319E-1 8.23412E-1 8.35179E-1 8.46611E-1 8.48078E-1 8.39767E-1 8.36022E-1 8.35281E-1 -9999 -9999 -9999 -9999 -9999 -9999 -9999 -9999 -9999
5.94099E-1 5.99209E-1 5.8512E-1 5.5549E-1 5.32388E-1 5.21933E-1 5.19256E-1 5.01351E-1 5.02544E-1 4.84201E-1 4.95223E-1 5.21084E-1 5.31675E-1 5.59265E-1 5.60576E-1 5.95921E-1 6.104E-1 6.19224E-1 6.31775E-1 6.39144E-1 6.33108E-1 6.24207E-1 6.18317E-1 6.05927E-1 5.90047E-1 5.66726E-1 5.52049E-1 5.56143E-1 5.8539E-1 6.0672E-1 6.54134E-1 6.75256E-1 6.93937E-1 6.79908E-1 6.76094E-1 6.9491E-1 7.09877E-1 7.47745E-1 7.74827E-1 7.81948E-1 7.78218E-1 7.69601E-1 7.50586E-1 7.75013E-1 8.18333E-1 8.3935E-1 8.45068E-1 8.59505E-1 8.60644E-1 8.50504E-1 -9999 -9999 -9999 -9999 -9999 -9999 -9999 -9999 -9999 -9999 -9999
5.91264E-1 5.7865E-1 5.67436E-1 5.48547E-1 5.28628E-1 5.09702E-1 5.10655E-1 4.85989E-1 4.88222E-1 4.98817E-1 4.98144E-1 5.17531E-1 5.27514E-1 5.42319E-1 5.61543E-1 5.73408E-1 6.06296E-1 6.26102E-1 6.38042E-1 6.47989E-1 6.39606E-1 6.35849E-1 6.22546E-1 6.10547E-1 5.89264E-1 5.70254E-1 5.54417E-1 5.7312E-1 6.12149E-1 6.25777E-1 6.57495E-1 7.12939E-1 7.11499E-1 6.95433E-1 7.02214E-1 7.21881E-1 7.43316E-1 7.86821E-1 8.05164E-1 8.04911E-1 7.99647E-1 7.93825E-1 7.87594E-1 8.02197E-1 8.34698E-1 8.49331E-1 8.50015E-1 8.69716E-1 8.6706E-1 8.63038E-1 8.61961E-1 -9999 -9999 -9999 -9999 -9999 -9999 -9999 -9999 -9999 -9999
5.94519E-1 5.94204E-1 5.73601E-1 5.64034E-1 5.36362E-1 5.11853E-1 4.92351E-1 4.96636E-1 4.81463E-1 4.89164E-1 5.04466E-1 5.22945E-1 5.38523E-1 5.53598E-1 5.74544E-1 5.85217E-1 6.10431E-1 6.24087E-1 6.42799E-1 6.45063E-1 6.38996E-1 6.38241E-1 6.39119E-1 6.30479E-1 6.15591E-1 5.9835E-1 5.98094E-1 6.19764E-1 6.61496E-1 6.84615E-1 7.0586E-1 7.32385E-1 7.18028E-1 7.12894E-1 7.23243E-1 7.42004E-1 7.68459E-1 7.98001E-1 8.23064E-1 8.22659E-1 8.20195E-1 8.15421E-1 8.23471E-1 8.26664E-1 8.44626E-1 8.62296E-1 8.59404E-1 8.68626E-1 8.76099E-1 8.72342E-1 8.72125E-1 8.74226E-1 -9999 8.35211E-1 8.36731E-1 -9999 -9999 -9999 -9999 -9999 -9999
5.8941E-1 5.91591E-1 5.76444E-1 5.70216E-1 5.51951E-1 5.2244E-1 5.01657E-1 4.96697E-1 4.88962E-1 4.96827E-1 5.06537E-1 5.14054E-1 5.26276E-1 5.30253E-1 5.5976E-1 5.91808E-1 6.05785E-1 6.13309E-1 6.21218E-1 6.25987E-1 6.37315E-1 6.42405E-1 6.46069E-1 6.64297E-1 6.48259E-1 6.38233E-1 6.40628E-1 6.6155E-1 6.85758E-1 7.3187E-1 7.36466E-1 7.41644E-1 7.31683E-1 7.25681E-1 7.40532E-1 7.58529E-1 7.91888E-1 8.18257E-1 8.33988E-1 8.39378E-1 8.28791E-1 8.28945E-1 8.35029E-1 8.41523E-1 8.57185E-1 8.56748E-1 8.62662E-1 8.78871E-1 8.89217E-1 8.8771E-1 8.75455E-1 8.63083E-1 -9999 -9999 8.52787E-1 8.67238E-1 -9999 -9999 -9999 -9999 -9999
5.86757E-1 5.87206E-1 5.80006E-1 5.69583E-1 5.52331E-1 5.38053E-1 5.1433E-1 5.00612E-1 5.10404E-1 5.0876E-1 5.01491E-1 4.98093E-1 5.19337E-1 5.17579E-1 5.73318E-1 5.97784E-1 6.1901E-1 6.23822E-1 6.25833E-1 6.25429E-1 6.36569E-1 6.41052E-1 6.46033E-1 6.66384E-1 6.81942E-1 6.81127E-1 6.89382E-1 6.98063E-1 7.17633E-1 7.28898E-1 7.29494E-1 7.41685E-1 7.40604E-1 7.54688E-1 7.66649E-1 7.83523E-1 8.11813E-1 8.35548E-1 8.48468E-1 8.53821E-1 8.42511E-1 8.47268E-1 8.50331E-1 8.58826E-1 8.54131E-1 8.52601E-1 8.62742E-1 8.78738E-1 8.85895E-1 8.87183E-1 8.75351E-1 8.63915E-1 8.60685E-1 8.62163E-1 8.69451E-1 8.75106E-1 -9999 -9999 -9999 -9999 -9999
5.92665E-1 5.81619E-1 5.77412E-1 5.72174E-1 5.69512E-1 5.68126E-1 5.51169E-1 5.42198E-1 5.35113E-1 5.21724E-1 5.31248E-1 5.15354E-1 5.18316E-1 5.44702E-1 5.56224E-1 5.75215E-1 5.84757E-1 6.11637E-1 6.38498E-1 6.44205E-1 6.42732E-1 6.44426E-1 6.59819E-1 6.75719E-1 6.98864E-1 7.06067E-1 7.15486E-1 7.24222E-1 7.39815E-1 7.36339E-1 7.34818E-1 7.57381E-1 7.6066E-1 7.7473E-1 7.97532E-1 8.07791E-1 8.26382E-1 8.51137E-1 8.64038E-1 8.69384E-1 8.63768E-1 8.66034E-1 8.72504E-1 8.68946E-1 8.55543E-1 8.43138E-1 8.53385E-1 8.67645E-1 8.74701E-1 8.80962E-1 8.81148E-1 8.68849E-1 8.61387E-1 8.61377E-1 8.66246E-1 8.85556E-1 -9999 -9999 -9999 -9999 -9999
6.00751E-1 5.92683E-1 5.82799E-1 5.79108E-1 5.87999E-1 5.95609E-1 5.76704E-1 5.7187E-1 5.70239E-1 5.5659E-1 5.63947E-1 5.62757E-1 5.75643E-1 5.99538E-1 5.99408E-1 5.88875E-1 5.73178E-1 5.75296E-1 6.13775E-1 6.38867E-1 6.4378E-1 6.5261E-1 6.60898E-1 6.86377E-1 7.00021E-1 7.15941E-1 7.33903E-1 7.45998E-1 7.53849E-1 7.54565E-1 7.63235E-1 7.76017E-1 7.80095E-1 7.98025E-1 8.16701E-1 8.32636E-1 8.54473E-1 8.71764E-1 8.79288E-1 8.82681E-1 8.92051E-1 8.89835E-1 8.7835E-1 8.62988E-1 8.54109E-1 8.4399E-1 8.506E-1 8.67937E-1 8.74513E-1 8.7678E-1 8.68915E-1 8.59359E-1 8.6253E-1 8.70866E-1 8.43686E-1 -9999 -9999 -9999 -9999 -9999 -9999
6.1951E-1 6.0402E-1 6.00839E-1 6.05127E-1 6.07355E-1 5.87261E-1 5.92005E-1 5.98005E-1 5.77953E-1 6.01885E-1 6.05763E-1 6.42982E-1 6.56036E-1 6.73692E-1 6.63243E-1 6.26586E-1 6.20325E-1 6.28375E-1 6.48822E-1 6.55693E-1 6.44952E-1 6.57227E-1 6.72584E-1 6.93756E-1 7.02039E-1 7.27143E-1 7.3974E-1 7.59098E-1 7.69376E-1 7.72022E-1 7.75141E-1 8.02788E-1 7.9608E-1 8.11331E-1 8.34467E-1 8.52333E-1 8.71977E-1 8.90373E-1 8.99143E-1 8.98052E-1 8.9877E-1 8.90369E-1 8.78098E-1 8.70422E-1 8.56899E-1 8.45991E-1 -9999 -9999 -9999 -9999 8.69971E-1 -9999 -9999 8.40902E-1 8.21081E-1 8.22276E-1 -9999 -9999 -9999 -9999 -9999
6.38657E-1 6.32208E-1 6.24758E-1 6.13648E-1 6.23522E-1 6.20444E-1 6.21863E-1 5.97169E-1 6.26103E-1 6.50011E-1 6.41476E-1 6.27337E-1 6.47071E-1 6.99301E-1 6.81715E-1 6.62597E-1 6.58493E-1 6.67744E-1 6.72553E-1 6.53726E-1 6.63831E-1 6.68023E-1 6.86928E-1 7.20607E-1 7.37671E-1 7.44606E-1 7.51155E-1 7.67611E-1 7.84584E-1 8.02795E-1 8.02833E-1 8.17914E-1 8.16034E-1 8.37171E-1 8.53184E-1 8.61234E-1 8.86418E-1 -9999 -9999 8.8628E-1 8.9207E-1 8.8126E-1 8.73149E-1 8.65029E-1 -9999 8.4358E-1 -9999 -9999 -9999 -9999 -9999 -9999 -9999 -9999 -9999 -9999 -9999 -9999 -9999 -9999 -9999
6.67337E-1 6.5942E-1 6.47242E-1 6.48571E-1 6.45106E-1 6.21912E-1 6.13827E-1 6.35334E-1 6.54484E-1 6.39057E-1 6.40389E-1 6.47954E-1 7.05225E-1 7.09668E-1 6.9641E-1 6.75928E-1 6.6112E-1 6.66726E-1 6.71623E-1 6.79724E-1 6.91234E-1 6.99204E-1 7.11164E-1 7.3991E-1 7.5918E-1 7.67228E-1 7.70109E-1 7.88487E-1 8.08572E-1 8.18518E-1 8.3067E-1 8.35842E-1 8.38695E-1 8.54457E-1 8.6518E-1 8.65279E-1 8.64828E-1 8.74998E-1 8.62015E-1 8.48135E-1 8.78841E-1 8.68916E-1 8.67267E-1 -9999 -9999 -9999 -9999 -9999 -9999 -9999 -9999 -9999 -9999 -9999 -9999 -9999 -9999 -9999 -9999 -9999 -9999
6.81751E-1 6.6855E-1 6.61269E-1 6.47879E-1 6.38952E-1 6.37533E-1 6.58884E-1 6.58939E-1 6.45417E-1 6.56831E-1 6.66088E-1 6.90299E-1 7.1454E-1 7.21947E-1 7.05492E-1 6.84843E-1 6.69277E-1 6.84162E-1 7.15003E-1 7.30729E-1 7.19578E-1 7.16338E-1 7.3037E-1 7.52622E-1 7.73598E-1 7.8009E-1 7.84735E-1 7.98649E-1 8.11572E-1 8.27587E-1 8.45239E-1 8.53018E-1 8.53196E-1 8.12922E-1 8.36391E-1 8.53177E-1 8.57598E-1 8.5623E-1 8.42775E-1 8.20017E-1 -9999 -9999 -9999 -9999 -9999 -9999 -9999 -9999 -9999 -9999 -9999 -9999 -9999 -9999 -9999 -9999 -9999 -9999 -9999 -9999 -9999
6.82487E-1 6.67906E-1 6.39563E-1 6.39959E-1 6.39506E-1 6.66399E-1 6.78094E-1 6.85752E-1 6.79786E-1 6.87009E-1 7.03964E-1 7.21088E-1 7.37292E-1 7.39483E-1 7.15981E-1 7.06681E-1 7.105E-1 7.27518E-1 7.45289E-1 7.46972E-1 7.39901E-1 7.44482E-1 7.6132E-1 7.67286E-1 7.76869E-1 7.87718E-1 7.96242E-1 8.03349E-1 8.12114E-1 8.32653E-1 8.49129E-1 8.6283E-1 8.49703E-1 8.16708E-1 8.26631E-1 8.48116E-1 8.6307E-1 -9999 -9999 -9999 -9999 -9999 -9999 -9999 -9999 -9999 -9999 -9999 -9999 -9999 -9999 -9999 -9999 -9999 -9999 -9999 -9999 -9999 -9999 -9999 -9999
