maxent_outputs/bumblebees/bombus_145.asc
ncols         426
nrows         180
xllcorner     -130.0
yllcorner     24.0
cellsize      0.16666666666666666
NODATA_value  -9999
[rows 108 to 134 of 180, columns 244 to 304 of 426]
7.72232E-1 7.77495E-1 7.78702E-1 7.80344E-1 7.80079E-1 7.76134E-1 7.73002E-1 7.67681E-1 7.71632E-1 7.60462E-1 7.59681E-1 7.60404E-1 7.58982E-1 7.54178E-1 7.51912E-1 7.53605E-1 7.58545E-1 7.69601E-1 7.72717E-1 7.77015E-1 7.7581E-1 7.73524E-1 7.75918E-1 7.77581E-1 7.79509E-1 7.80599E-1 7.78984E-1 7.77218E-1 7.68851E-1 7.54742E-1 7.46378E-1 7.48958E-1 7.49202E-1 7.43138E-1 7.45204E-1 7.48087E-1 7.43748E-1 7.37279E-1 7.39732E-1 7.32144E-1 7.46844E-1 7.54157E-1 7.59719E-1 7.62075E-1 7.7586E-1 7.87288E-1 7.84793E-1 7.88596E-1 7.85756E-1 7.78034E-1 7.74033E-1 7.70683E-1 7.71423E-1 7.76928E-1 7.7694E-1 7.6973E-1 7.62648E-1 7.66839E-1 7.63179E-1 7.70554E-1 7.82923E-1
7.72636E-1 7.78488E-1 7.80461E-1 7.81003E-1 7.78881E-1 7.72012E-1 7.73095E-1 7.68173E-1 7.68203E-1 7.62274E-1 7.61007E-1 7.58419E-1 7.58503E-1 7.5817E-1 7.57907E-1 7.58124E-1 7.63666E-1 7.70167E-1 7.73608E-1 7.74208E-1 7.71616E-1 7.69288E-1 7.74348E-1 7.77147E-1 7.76601E-1 7.76575E-1 7.75838E-1 7.81695E-1 7.69665E-1 7.57185E-1 7.57804E-1 7.47364E-1 7.51241E-1 7.57705E-1 7.5747E-1 7.63292E-1 7.78073E-1 7.5607E-1 7.54789E-1 7.31625E-1 7.26781E-1 7.77078E-1 7.90066E-1 7.85521E-1 7.93655E-1 7.89969E-1 7.90255E-1 7.86674E-1 7.83111E-1 7.77738E-1 7.77256E-1 7.69026E-1 7.72653E-1 7.79736E-1 7.88385E-1 7.76362E-1 7.69964E-1 7.71699E-1 7.65526E-1 7.7559E-1 7.82777E-1
7.74792E-1 7.79733E-1 7.82384E-1 7.79375E-1 7.75666E-1 7.68848E-1 7.70319E-1 7.70229E-1 7.7341E-1 7.67517E-1 7.64844E-1 7.62548E-1 7.61397E-1 7.61152E-1 7.55369E-1 7.57748E-1 7.62207E-1 7.68604E-1 7.74671E-1 7.77032E-1 7.7095E-1 7.7392E-1 7.80192E-1 7.75829E-1 7.69761E-1 7.71699E-1 7.65733E-1 7.67526E-1 7.62899E-1 7.61989E-1 7.66859E-1 7.67513E-1 7.82368E-1 7.90274E-1 8.00993E-1 8.06019E-1 7.90678E-1 7.7806E-1 7.48271E-1 7.53609E-1 7.52862E-1 7.72899E-1 7.88242E-1 7.92295E-1 7.96342E-1 8.02577E-1 7.93511E-1 7.80355E-1 7.72281E-1 7.75179E-1 7.84209E-1 7.72156E-1 7.77746E-1 7.82618E-1 7.85989E-1 7.73646E-1 7.72586E-1 7.67532E-1 7.62207E-1 7.68572E-1 7.74835E-1
7.76129E-1 7.7836E-1 7.82042E-1 7.79497E-1 7.72991E-1 7.70769E-1 7.71756E-1 7.77893E-1 7.79112E-1 7.72364E-1 7.67108E-1 7.63802E-1 7.61543E-1 7.56761E-1 7.53997E-1 7.54321E-1 7.55903E-1 7.62602E-1 7.69713E-1 7.7529E-1 7.80136E-1 7.84579E-1 7.78971E-1 7.74126E-1 7.71144E-1 7.62933E-1 7.62823E-1 7.62723E-1 7.63211E-1 7.65878E-1 7.68848E-1 7.86085E-1 7.87709E-1 7.85065E-1 7.82916E-1 7.80253E-1 7.73768E-1 8.12944E-1 8.12264E-1 8.11663E-1 7.80902E-1 7.84236E-1 7.98892E-1 7.93013E-1 7.9077E-1 7.90271E-1 7.78317E-1 7.77436E-1 7.71344E-1 7.69483E-1 7.79869E-1 7.78338E-1 7.75868E-1 7.75069E-1 7.73767E-1 7.7708E-1 7.69898E-1 7.61448E-1 7.61071E-1 7.63574E-1 7.70295E-1
7.79568E-1 7.74821E-1 7.7752E-1 7.72558E-1 7.70459E-1 7.7325E-1 7.75237E-1 7.74078E-1 7.74061E-1 7.74234E-1 7.67602E-1 7.63313E-1 7.58771E-1 7.54333E-1 7.52208E-1 7.48707E-1 7.52552E-1 7.57811E-1 7.69174E-1 7.73555E-1 7.78708E-1 7.82415E-1 7.7805E-1 7.71543E-1 7.67836E-1 7.66049E-1 7.63843E-1 7.64077E-1 7.70384E-1 7.69699E-1 7.73008E-1 7.88678E-1 7.90695E-1 7.98146E-1 8.10014E-1 7.94512E-1 8.11311E-1 8.25743E-1 8.51381E-1 8.39472E-1 8.28341E-1 8.13455E-1 8.08332E-1 7.92515E-1 7.86429E-1 7.83846E-1 7.78294E-1 7.77871E-1 7.72838E-1 7.73714E-1 7.78499E-1 7.84119E-1 7.7818E-1 7.71618E-1 7.65506E-1 7.6352E-1 7.55417E-1 7.56023E-1 7.54613E-1 7.59281E-1 7.59311E-1
7.79734E-1 7.75904E-1 7.77736E-1 7.74244E-1 7.73293E-1 7.72942E-1 7.80484E-1 7.70923E-1 7.72431E-1 7.70603E-1 7.66298E-1 7.62427E-1 7.57223E-1 7.55129E-1 7.52368E-1 7.48454E-1 7.49218E-1 7.55355E-1 7.66748E-1 7.76449E-1 7.77064E-1 7.7676E-1 7.70725E-1 7.75942E-1 7.71055E-1 7.68851E-1 7.66323E-1 7.6801E-1 7.80878E-1 7.70768E-1 7.68692E-1 7.63873E-1 7.7349E-1 8.03044E-1 8.29694E-1 8.2331E-1 8.54107E-1 8.64399E-1 8.65386E-1 8.67406E-1 8.40199E-1 8.2019E-1 7.99301E-1 7.89496E-1 7.8748E-1 7.83935E-1 7.81549E-1 7.75939E-1 7.73633E-1 7.78066E-1 7.76865E-1 7.79206E-1 7.77407E-1 7.73206E-1 7.59557E-1 7.50516E-1 7.43231E-1 7.3796E-1 7.35982E-1 7.44967E-1 7.5356E-1
7.85567E-1 7.78011E-1 7.77929E-1 7.76811E-1 7.76606E-1 7.73849E-1 7.78468E-1 7.78857E-1 7.73427E-1 7.69307E-1 7.69358E-1 7.65069E-1 7.60483E-1 7.5603E-1 7.55173E-1 7.52226E-1 7.54422E-1 7.57951E-1 7.67279E-1 7.73318E-1 7.73275E-1 7.70625E-1 7.71895E-1 7.69886E-1 7.65534E-1 7.67794E-1 7.71203E-1 7.82523E-1 7.92419E-1 7.73605E-1 7.69102E-1 7.71657E-1 7.80072E-1 8.10221E-1 8.30057E-1 8.44238E-1 8.55065E-1 8.50448E-1 8.38535E-1 8.30193E-1 8.1785E-1 8.0914E-1 7.90329E-1 7.8296E-1 7.84532E-1 7.79755E-1 7.7446E-1 7.72763E-1 7.72986E-1 7.74703E-1 7.78727E-1 7.78711E-1 7.81808E-1 7.7699E-1 7.62112E-1 7.50113E-1 7.41243E-1 7.25074E-1 7.26821E-1 7.31152E-1 7.39552E-1
7.84978E-1 7.78608E-1 7.78309E-1 7.78559E-1 7.79926E-1 7.75614E-1 7.73568E-1 7.7223E-1 7.72938E-1 7.72634E-1 7.70726E-1 7.68121E-1 7.70056E-1 7.6535E-1 7.56905E-1 7.56973E-1 7.58612E-1 7.58107E-1 7.65E-1 7.67567E-1 7.70058E-1 7.68335E-1 7.6589E-1 7.70099E-1 7.64891E-1 7.70621E-1 7.74852E-1 7.84741E-1 7.90394E-1 7.9192E-1 7.84149E-1 7.86775E-1 8.01023E-1 8.22193E-1 8.33091E-1 8.47977E-1 8.43664E-1 8.28287E-1 8.24419E-1 8.08423E-1 8.02809E-1 7.94735E-1 7.83913E-1 7.74973E-1 7.74111E-1 7.73589E-1 7.70674E-1 7.71016E-1 7.74055E-1 7.73207E-1 7.79756E-1 7.83174E-1 7.81409E-1 7.78286E-1 7.65573E-1 7.54284E-1 7.46767E-1 7.37778E-1 7.34457E-1 7.30916E-1 7.37915E-1
7.84883E-1 7.79891E-1 7.77261E-1 7.7777E-1 7.77585E-1 7.7817E-1 7.78351E-1 7.71369E-1 7.7015E-1 7.64886E-1 7.65279E-1 7.65582E-1 7.64251E-1 7.62828E-1 7.63221E-1 7.55979E-1 7.5491E-1 7.5371E-1 7.58054E-1 7.68836E-1 7.64786E-1 7.63146E-1 7.61176E-1 7.60099E-1 7.57069E-1 7.63832E-1 7.55782E-1 7.67802E-1 7.87309E-1 7.93093E-1 7.95541E-1 8.01292E-1 8.06835E-1 8.09912E-1 8.15297E-1 8.28149E-1 8.19472E-1 8.15295E-1 8.031E-1 7.99005E-1 7.89837E-1 7.86463E-1 7.78686E-1 7.73445E-1 7.70554E-1 7.69056E-1 7.68218E-1 7.68684E-1 7.71772E-1 7.74308E-1 7.74091E-1 7.75515E-1 7.78096E-1 7.70227E-1 7.68241E-1 7.62929E-1 7.58232E-1 7.52083E-1 7.44871E-1 7.41676E-1 7.41135E-1
7.83844E-1 7.81745E-1 7.79092E-1 7.77295E-1 7.7999E-1 7.80157E-1 7.77043E-1 7.71953E-1 7.68375E-1 7.65013E-1 7.6725E-1 7.68819E-1 7.64841E-1 7.62205E-1 7.57403E-1 7.5723E-1 7.52856E-1 7.5141E-1 7.6181E-1 7.54229E-1 7.54193E-1 7.55585E-1 7.52147E-1 7.46479E-1 7.53355E-1 7.499E-1 7.48761E-1 7.52776E-1 7.73818E-1 7.81241E-1 7.88208E-1 7.93558E-1 7.96668E-1 8.00742E-1 8.05964E-1 8.02903E-1 7.94335E-1 7.96328E-1 7.99909E-1 7.92598E-1 7.83044E-1 7.7659E-1 7.71502E-1 7.68308E-1 7.7019E-1 7.71272E-1 7.71648E-1 7.73206E-1 7.71802E-1 7.75566E-1 7.77891E-1 7.75686E-1 7.71495E-1 7.67319E-1 7.67632E-1 7.66681E-1 7.63562E-1 7.5941E-1 7.48456E-1 7.45409E-1 7.44486E-1
7.81765E-1 7.8236E-1 7.79681E-1 7.75013E-1 7.79193E-1 7.8027E-1 7.78977E-1 7.74739E-1 7.70047E-1 7.70058E-1 7.72237E-1 7.70903E-1 7.67264E-1 7.655E-1 7.62359E-1 7.60744E-1 7.5395E-1 7.46486E-1 7.46561E-1 7.43943E-1 7.45522E-1 7.53688E-1 7.5686E-1 7.49537E-1 7.50717E-1 7.47884E-1 7.47955E-1 7.58326E-1 7.71862E-1 7.73934E-1 7.7746E-1 7.92313E-1 7.99994E-1 7.89909E-1 7.86799E-1 7.86791E-1 7.78767E-1 7.72554E-1 7.7506E-1 7.82502E-1 7.76945E-1 7.73393E-1 7.68937E-1 7.70613E-1 7.762E-1 7.75767E-1 7.77541E-1 7.78607E-1 7.81392E-1 7.83492E-1 7.78325E-1 7.7086E-1 7.67071E-1 7.65135E-1 7.62753E-1 7.65445E-1 7.65433E-1 7.5366E-1 7.43012E-1 7.43633E-1 7.45813E-1
7.79233E-1 7.79732E-1 7.77614E-1 7.69514E-1 7.71709E-1 7.766E-1 7.78365E-1 7.78123E-1 7.73026E-1 7.70863E-1 7.71439E-1 7.69301E-1 7.698E-1 7.71562E-1 7.64128E-1 7.60519E-1 7.54688E-1 7.44762E-1 7.39275E-1 7.4033E-1 7.42838E-1 7.46689E-1 7.50035E-1 7.48467E-1 7.47823E-1 7.4862E-1 7.53346E-1 7.61283E-1 7.75759E-1 7.82384E-1 7.88906E-1 7.87286E-1 7.86829E-1 7.75877E-1 7.74228E-1 7.75429E-1 7.72945E-1 7.66382E-1 7.68032E-1 7.72749E-1 7.75736E-1 7.73101E-1 7.71216E-1 7.70501E-1 7.70925E-1 7.745E-1 7.81615E-1 7.91225E-1 7.8672E-1 7.74902E-1 7.72772E-1 7.69868E-1 7.67043E-1 7.65406E-1 7.60073E-1 7.56006E-1 7.47823E-1 7.31286E-1 7.38056E-1 7.45987E-1 7.48635E-1
7.75658E-1 7.75694E-1 7.728E-1 7.67129E-1 7.70048E-1 7.75025E-1 7.78153E-1 7.7973E-1 7.72372E-1 7.68004E-1 7.70003E-1 7.70581E-1 7.65199E-1 7.61759E-1 7.57729E-1 7.56884E-1 7.55462E-1 7.51132E-1 7.402E-1 7.40674E-1 7.42777E-1 7.45861E-1 7.52099E-1 7.50133E-1 7.49012E-1 7.56321E-1 7.59994E-1 7.62675E-1 7.71046E-1 7.8593E-1 7.9178E-1 7.90694E-1 7.82552E-1 7.70432E-1 7.6896E-1 7.7188E-1 7.65647E-1 7.63862E-1 7.63772E-1 7.69505E-1 7.77827E-1 7.80282E-1 7.73801E-1 7.71717E-1 7.70869E-1 7.74794E-1 7.81659E-1 7.76132E-1 7.70413E-1 7.65204E-1 7.65995E-1 7.6635E-1 7.67927E-1 7.61241E-1 7.58022E-1 7.56264E-1 7.53126E-1 7.44183E-1 7.44623E-1 7.53149E-1 7.53351E-1
7.74195E-1 7.71253E-1 7.69807E-1 7.70413E-1 7.71974E-1 7.79758E-1 7.81425E-1 7.78375E-1 7.69993E-1 7.67193E-1 7.69951E-1 7.67987E-1 7.61578E-1 7.5343E-1 7.53082E-1 7.52894E-1 7.57034E-1 7.49048E-1 7.42699E-1 7.40918E-1 7.37305E-1 7.49195E-1 7.51915E-1 7.48308E-1 7.5511E-1 7.6162E-1 7.60444E-1 7.6036E-1 7.68872E-1 7.82998E-1 7.87336E-1 7.83944E-1 7.7627E-1 7.70216E-1 7.6357E-1 7.5975E-1 7.59853E-1 7.62747E-1 7.65879E-1 7.71038E-1 7.73766E-1 7.77183E-1 7.86783E-1 7.7294E-1 7.72E-1 7.76025E-1 7.74567E-1 7.7208E-1 7.69856E-1 7.69472E-1 7.70756E-1 7.69762E-1 7.66963E-1 7.58295E-1 7.5687E-1 7.58005E-1 7.63277E-1 7.60521E-1 7.58826E-1 7.56598E-1 7.57545E-1
7.69704E-1 7.71193E-1 7.72324E-1 7.79761E-1 7.82917E-1 7.93217E-1 7.87912E-1 7.79447E-1 7.72709E-1 7.69152E-1 7.72378E-1 7.72584E-1 7.68354E-1 7.58331E-1 7.59196E-1 7.67538E-1 7.53807E-1 7.50381E-1 7.50702E-1 7.42672E-1 7.3968E-1 7.4481E-1 7.48435E-1 7.54665E-1 7.57053E-1 7.59973E-1 7.60729E-1 7.58163E-1 7.63114E-1 7.72773E-1 7.73862E-1 7.70895E-1 7.70665E-1 7.6511E-1 7.57229E-1 7.54541E-1 7.58784E-1 7.61843E-1 7.63535E-1 7.7009E-1 7.75003E-1 7.77327E-1 7.75581E-1 7.76766E-1 7.7391E-1 7.79413E-1 7.74582E-1 7.72136E-1 7.74574E-1 7.71873E-1 7.71138E-1 7.64002E-1 7.6048E-1 7.66073E-1 7.6139E-1 7.5636E-1 7.56278E-1 7.5604E-1 7.55549E-1 7.56698E-1 7.52291E-1
7.74968E-1 7.73887E-1 7.78038E-1 7.83856E-1 7.82353E-1 7.92004E-1 7.83487E-1 7.77232E-1 7.75043E-1 7.76603E-1 7.8273E-1 7.80483E-1 7.70085E-1 7.65507E-1 7.6823E-1 7.70535E-1 7.585E-1 7.50903E-1 7.53273E-1 7.48082E-1 7.50372E-1 7.50443E-1 7.53797E-1 7.53115E-1 7.59287E-1 7.60161E-1 7.58415E-1 7.57435E-1 7.58744E-1 7.65435E-1 7.65671E-1 7.64045E-1 7.63079E-1 7.59036E-1 7.51706E-1 7.5308E-1 7.60232E-1 7.58668E-1 7.60612E-1 7.68311E-1 7.72495E-1 7.7463E-1 7.75729E-1 7.77721E-1 7.76933E-1 7.74843E-1 7.69153E-1 7.64459E-1 7.66727E-1 7.67273E-1 7.63774E-1 7.57911E-1 7.52902E-1 7.5749E-1 7.74809E-1 7.6691E-1 7.57533E-1 7.54466E-1 7.53234E-1 7.52039E-1 7.55175E-1
7.77833E-1 7.83539E-1 7.85854E-1 7.79062E-1 7.76178E-1 7.75347E-1 7.74725E-1 7.73777E-1 7.76774E-1 7.85675E-1 7.96619E-1 7.88187E-1 7.72068E-1 7.70305E-1 7.61819E-1 7.58958E-1 7.51137E-1 7.53857E-1 7.52131E-1 7.54499E-1 7.53091E-1 7.51708E-1 7.60121E-1 7.57178E-1 7.58937E-1 7.57582E-1 7.5613E-1 7.54173E-1 7.55441E-1 7.57049E-1 7.61388E-1 7.57477E-1 7.58435E-1 7.57022E-1 7.551E-1 7.55007E-1 7.58181E-1 7.57866E-1 7.60913E-1 7.65989E-1 7.74945E-1 7.75185E-1 7.7572E-1 7.69943E-1 7.64848E-1 7.6611E-1 7.66989E-1 7.63872E-1 7.61984E-1 7.59917E-1 7.58198E-1 7.53998E-1 7.5333E-1 7.54136E-1 7.5226E-1 7.72985E-1 7.54436E-1 7.51781E-1 7.54636E-1 7.51771E-1 7.56261E-1
7.85468E-1 7.83916E-1 7.82425E-1 7.77833E-1 7.73336E-1 7.70231E-1 7.67928E-1 7.70898E-1 7.76761E-1 7.85252E-1 7.94549E-1 7.93305E-1 7.89915E-1 7.7851E-1 7.65065E-1 7.51778E-1 7.5497E-1 7.57243E-1 7.56275E-1 7.53566E-1 7.51043E-1 7.55649E-1 7.57183E-1 7.57078E-1 7.65311E-1 7.70935E-1 7.59195E-1 7.54561E-1 7.50556E-1 7.52231E-1 7.52415E-1 7.52094E-1 7.577E-1 7.64693E-1 7.57909E-1 7.58698E-1 7.64836E-1 7.60972E-1 7.62789E-1 7.66999E-1 7.73153E-1 7.79172E-1 7.73498E-1 7.6293E-1 7.5847E-1 7.59415E-1 7.6217E-1 7.60352E-1 7.55295E-1 7.53439E-1 7.54124E-1 7.5647E-1 7.55675E-1 7.52443E-1 7.4851E-1 7.44541E-1 7.4196E-1 7.42137E-1 7.48359E-1 7.53878E-1 7.54964E-1
7.90309E-1 7.856E-1 7.82265E-1 7.76289E-1 7.73657E-1 7.71192E-1 7.70744E-1 7.69648E-1 7.76374E-1 7.85702E-1 7.91562E-1 8.02407E-1 8.05194E-1 7.90204E-1 7.68774E-1 7.60483E-1 7.59645E-1 7.60825E-1 7.57467E-1 7.5373E-1 7.63032E-1 7.55547E-1 7.5787E-1 7.61883E-1 7.6879E-1 7.64794E-1 7.57167E-1 7.5523E-1 7.49231E-1 7.51929E-1 7.49398E-1 7.51967E-1 7.55586E-1 7.66755E-1 7.63739E-1 7.62661E-1 7.64726E-1 7.65226E-1 7.66815E-1 7.70443E-1 7.74777E-1 7.73611E-1 7.68631E-1 7.62877E-1 7.59908E-1 7.60059E-1 7.57708E-1 7.56399E-1 7.4787E-1 7.44584E-1 7.51352E-1 7.55732E-1 7.54198E-1 7.46898E-1 7.38448E-1 7.31486E-1 7.36567E-1 7.40313E-1 7.4999E-1 -9999 -9999
7.90714E-1 7.88548E-1 7.83045E-1 7.76852E-1 7.72875E-1 7.73134E-1 7.7386E-1 7.77637E-1 7.8094E-1 7.82453E-1 7.83346E-1 7.87027E-1 7.89844E-1 7.81577E-1 7.67866E-1 7.62039E-1 7.59421E-1 7.60314E-1 7.57802E-1 7.62518E-1 7.81537E-1 7.61608E-1 7.57113E-1 7.61271E-1 7.63693E-1 7.63838E-1 7.54694E-1 7.5119E-1 7.45205E-1 7.46472E-1 7.51579E-1 7.56107E-1 7.58735E-1 7.6345E-1 7.66827E-1 7.65552E-1 7.66382E-1 7.68615E-1 7.69905E-1 7.73019E-1 7.68701E-1 7.62947E-1 7.624E-1 7.65465E-1 7.62047E-1 7.63058E-1 7.59275E-1 7.56243E-1 7.44946E-1 7.38649E-1 7.42174E-1 7.46257E-1 7.42347E-1 7.34535E-1 7.26066E-1 7.21788E-1 7.37305E-1 7.42957E-1 -9999 -9999 -9999
7.90007E-1 7.86818E-1 7.81997E-1 7.80648E-1 7.79669E-1 7.82057E-1 7.82152E-1 7.85126E-1 7.82915E-1 7.78943E-1 7.73973E-1 7.68666E-1 7.66985E-1 7.6611E-1 7.63214E-1 7.57718E-1 7.55717E-1 7.58891E-1 7.6633E-1 7.59824E-1 7.60143E-1 7.55382E-1 7.56328E-1 7.62989E-1 7.58333E-1 7.60396E-1 7.55663E-1 7.49487E-1 7.47304E-1 7.50605E-1 7.58357E-1 7.62389E-1 7.66419E-1 7.69404E-1 7.70986E-1 7.70039E-1 7.71894E-1 7.72462E-1 7.74725E-1 7.71399E-1 7.64277E-1 7.55189E-1 7.6063E-1 7.68406E-1 7.67014E-1 7.66461E-1 7.57214E-1 7.47843E-1 7.40871E-1 7.30432E-1 7.32001E-1 7.3468E-1 7.34315E-1 7.26906E-1 7.27861E-1 7.22812E-1 7.34556E-1 -9999 -9999 -9999 -9999
7.95112E-1 7.83982E-1 7.83786E-1 7.85794E-1 7.87744E-1 7.87908E-1 7.89457E-1 7.83282E-1 7.79469E-1 7.64483E-1 7.52211E-1 7.55871E-1 7.54239E-1 7.55379E-1 7.5579E-1 7.59428E-1 7.56657E-1 7.64399E-1 7.72276E-1 7.635E-1 7.55595E-1 7.58099E-1 7.58105E-1 7.57712E-1 7.54845E-1 7.54647E-1 7.58447E-1 7.54013E-1 7.52738E-1 7.54202E-1 7.5989E-1 7.65385E-1 7.65055E-1 7.67257E-1 7.67005E-1 7.71212E-1 7.78077E-1 7.78841E-1 7.80086E-1 7.70385E-1 7.63879E-1 7.59403E-1 7.64164E-1 7.7461E-1 7.68993E-1 7.66102E-1 7.5375E-1 7.41821E-1 7.31689E-1 7.2288E-1 7.21657E-1 7.24213E-1 7.19159E-1 7.24279E-1 7.22036E-1 -9999 -9999 -9999 -9999 -9999 -9999
7.97952E-1 7.85625E-1 7.80621E-1 7.82123E-1 7.88395E-1 7.94599E-1 7.88862E-1 7.83951E-1 7.74436E-1 7.58298E-1 7.50324E-1 7.54381E-1 7.57033E-1 7.56178E-1 7.5509E-1 7.52495E-1 7.49448E-1 7.49235E-1 7.53143E-1 7.53822E-1 7.56332E-1 7.60085E-1 7.5858E-1 7.56079E-1 7.53514E-1 7.56002E-1 7.57436E-1 7.52935E-1 7.5255E-1 7.57755E-1 7.65197E-1 7.61255E-1 7.62316E-1 7.6584E-1 7.65944E-1 7.68425E-1 7.79458E-1 7.76901E-1 7.75462E-1 7.69382E-1 7.6152E-1 7.5988E-1 7.64025E-1 7.68108E-1 7.63589E-1 7.58491E-1 7.46021E-1 7.311E-1 7.18343E-1 7.13974E-1 7.16927E-1 7.19933E-1 7.18657E-1 7.21176E-1 -9999 -9999 -9999 -9999 -9999 -9999 -9999
8.00711E-1 7.89648E-1 7.83178E-1 7.75189E-1 7.89324E-1 8.00194E-1 7.91921E-1 7.81495E-1 7.70686E-1 7.58408E-1 7.56713E-1 7.64589E-1 7.71015E-1 7.60167E-1 7.55529E-1 7.54374E-1 7.485E-1 7.49179E-1 7.51636E-1 7.6052E-1 7.63814E-1 7.65873E-1 7.58569E-1 7.58679E-1 7.58663E-1 7.63969E-1 7.57612E-1 7.52737E-1 7.57684E-1 7.65113E-1 7.62324E-1 7.65653E-1 7.63418E-1 7.6273E-1 7.70636E-1 7.71505E-1 7.71156E-1 7.72E-1 7.68686E-1 7.64132E-1 7.57717E-1 7.56073E-1 7.57175E-1 7.59165E-1 7.56513E-1 7.52467E-1 7.41287E-1 7.28555E-1 7.1607E-1 7.19832E-1 7.21023E-1 7.20761E-1 -9999 -9999 -9999 -9999 -9999 -9999 -9999 -9999 -9999
8.07834E-1 8.00044E-1 7.93416E-1 7.85442E-1 7.89345E-1 7.90834E-1 7.89828E-1 7.892E-1 7.74949E-1 7.66135E-1 7.62301E-1 7.68301E-1 7.67278E-1 7.65815E-1 7.64428E-1 7.65553E-1 7.60519E-1 7.55386E-1 7.52471E-1 7.57887E-1 7.61898E-1 7.64831E-1 7.58451E-1 7.58992E-1 7.62729E-1 7.74003E-1 7.62526E-1 7.65157E-1 7.65673E-1 7.68403E-1 7.68093E-1 7.67754E-1 7.67133E-1 7.66801E-1 7.71437E-1 7.70957E-1 7.6887E-1 7.66771E-1 7.62969E-1 7.60584E-1 7.54978E-1 7.52117E-1 7.52564E-1 7.53186E-1 7.5263E-1 7.48783E-1 7.43459E-1 7.33777E-1 7.27868E-1 7.28996E-1 7.30032E-1 -9999 -9999 -9999 -9999 -9999 -9999 -9999 -9999 -9999 -9999
8.17513E-1 8.14838E-1 8.05323E-1 8.00269E-1 7.99577E-1 7.98158E-1 7.97523E-1 7.94396E-1 7.84447E-1 7.76684E-1 7.75784E-1 7.75188E-1 7.72809E-1 7.746E-1 7.77271E-1 7.78643E-1 7.74719E-1 7.69548E-1 7.66375E-1 7.68835E-1 7.71339E-1 7.68018E-1 7.66151E-1 7.66454E-1 7.74927E-1 7.85019E-1 7.75618E-1 7.79998E-1 7.76043E-1 7.74136E-1 7.71185E-1 7.70082E-1 7.70567E-1 7.73248E-1 7.79833E-1 7.83795E-1 7.82706E-1 7.7034E-1 7.63644E-1 7.58164E-1 7.48522E-1 7.45958E-1 7.42253E-1 7.45696E-1 7.52667E-1 7.47824E-1 7.41168E-1 7.39539E-1 7.433E-1 7.38078E-1 -9999 -9999 -9999 -9999 -9999 -9999 -9999 -9999 -9999 -9999 -9999
8.28611E-1 8.24639E-1 8.16252E-1 8.10867E-1 8.08222E-1 8.0863E-1 8.08689E-1 8.08305E-1 8.02678E-1 7.93215E-1 7.89113E-1 7.8933E-1 7.87331E-1 7.86773E-1 7.88189E-1 7.91509E-1 7.88951E-1 7.8587E-1 7.8653E-1 7.85223E-1 7.83189E-1 7.8113E-1 7.84574E-1 7.9057E-1 7.91153E-1 7.91606E-1 7.86102E-1 7.89111E-1 7.84228E-1 7.79672E-1 7.75257E-1 7.75239E-1 7.75939E-1 7.83409E-1 7.93543E-1 7.95172E-1 7.88325E-1 7.71112E-1 7.57112E-1 7.53634E-1 7.5122E-1 7.45869E-1 7.41449E-1 7.37291E-1 7.41839E-1 7.47501E-1 7.42944E-1 7.43928E-1 7.52645E-1 7.5055E-1 -9999 -9999 -9999 -9999 -9999 -9999 -9999 -9999 -9999 -9999 -9999
