maxent_outputs/bumblebees/bombus_171.asc
ncols         426
nrows         180
xllcorner     -130.0
yllcorner     24.0
cellsize      0.16666666666666666
NODATA_value  -9999
[rows 0 to 26 of 180, columns 183 to 243 of 426]
4.15463E-1 4.07331E-1 4.04691E-1 4.04257E-1 3.98689E-1 3.95966E-1 3.98129E-1 4.1753E-1 4.18987E-1 4.15088E-1 4.02422E-1 3.96406E-1 3.89862E-1 3.8925E-1 3.9236E-1 3.965E-1 3.94368E-1 3.92523E-1 3.92649E-1 3.97771E-1 4.11486E-1 4.04153E-1 3.96678E-1 3.96281E-1 3.93714E-1 3.94454E-1 3.91178E-1 3.99154E-1 4.05386E-1 4.00334E-1 3.93615E-1 3.91991E-1 3.93241E-1 3.93799E-1 3.89891E-1 3.88214E-1 3.87642E-1 3.88748E-1 3.93705E-1 3.92718E-1 3.91774E-1 3.94893E-1 3.94552E-1 3.92657E-1 3.9669E-1 3.98081E-1 3.9918E-1 4.01113E-1 4.06223E-1 4.05093E-1 4.03156E-1 4.07802E-1 4.09602E-1 4.05471E-1 4.0866E-1 4.04333E-1 4.05987E-1 4.02144E-1 4.03018E-1 4.05842E-1 4.05295E-1
4.07065E-1 4.04221E-1 4.07993E-1 4.40007E-1 4.54268E-1 4.56667E-1 4.55521E-1 4.53468E-1 4.41857E-1 4.30352E-1 4.06624E-1 4.03978E-1 4.001E-1 3.9651E-1 3.98473E-1 3.93505E-1 3.92842E-1 3.92051E-1 3.91963E-1 3.97227E-1 3.97231E-1 3.98194E-1 4.06937E-1 4.0391E-1 3.99228E-1 3.89881E-1 3.94387E-1 4.00245E-1 4.0325E-1 4.05671E-1 4.11416E-1 4.08804E-1 4.02918E-1 3.99393E-1 3.96982E-1 3.94572E-1 3.95499E-1 3.97692E-1 3.98027E-1 3.95826E-1 3.96634E-1 3.91166E-1 3.94392E-1 4.01502E-1 4.06223E-1 4.05179E-1 4.02817E-1 3.9937E-1 4.01522E-1 4.06963E-1 4.04599E-1 4.07564E-1 4.06256E-1 4.02645E-1 4.07467E-1 4.11975E-1 4.33369E-1 4.38745E-1 4.26875E-1 4.11835E-1 4.11024E-1
3.99756E-1 4.0148E-1 4.22276E-1 4.56902E-1 4.59029E-1 4.56525E-1 4.60046E-1 4.60411E-1 4.61502E-1 4.57943E-1 4.28531E-1 4.07494E-1 4.04466E-1 3.95992E-1 3.95268E-1 3.94348E-1 3.92829E-1 3.95587E-1 3.9977E-1 4.06333E-1 4.00944E-1 3.96291E-1 3.98982E-1 3.9974E-1 4.01641E-1 3.94634E-1 3.97571E-1 3.94572E-1 3.92365E-1 3.89543E-1 3.90423E-1 3.89134E-1 3.92767E-1 3.91438E-1 3.97668E-1 3.98298E-1 3.97718E-1 3.99451E-1 3.99676E-1 3.96568E-1 3.97361E-1 3.96538E-1 3.93139E-1 3.9247E-1 3.94065E-1 3.95998E-1 3.98154E-1 3.97895E-1 4.01821E-1 4.02553E-1 4.07898E-1 4.04617E-1 4.03095E-1 4.00997E-1 4.02692E-1 4.04962E-1 4.04435E-1 4.07646E-1 4.06938E-1 4.08896E-1 4.09057E-1
4.03576E-1 4.10365E-1 4.40121E-1 4.60872E-1 4.61937E-1 4.5937E-1 4.60079E-1 4.60383E-1 4.61718E-1 4.63251E-1 4.55806E-1 4.16277E-1 4.10817E-1 3.99728E-1 4.00403E-1 3.96311E-1 3.97459E-1 3.99741E-1 4.01421E-1 3.99574E-1 4.07372E-1 3.99122E-1 3.95524E-1 3.96636E-1 3.97574E-1 4.02957E-1 4.00758E-1 3.92554E-1 3.8961E-1 3.89272E-1 3.91064E-1 3.94961E-1 3.93543E-1 3.92441E-1 3.9382E-1 3.96162E-1 3.9778E-1 3.96777E-1 3.96153E-1 3.96591E-1 3.98936E-1 3.94672E-1 3.94432E-1 3.94424E-1 3.94036E-1 3.93966E-1 4.04003E-1 4.04072E-1 4.01792E-1 4.04467E-1 4.04523E-1 4.09905E-1 4.05702E-1 4.03333E-1 4.04958E-1 4.03542E-1 4.05199E-1 4.05441E-1 4.10213E-1 4.06804E-1 4.07721E-1
4.18923E-1 4.22614E-1 4.47766E-1 4.59514E-1 4.62354E-1 4.60996E-1 4.59879E-1 4.60365E-1 4.61323E-1 4.64063E-1 4.60976E-1 4.41125E-1 4.19221E-1 4.02889E-1 3.95584E-1 3.98326E-1 3.96092E-1 3.93756E-1 3.97519E-1 3.97212E-1 3.97263E-1 4.0075E-1 4.02133E-1 3.99643E-1 3.97175E-1 4.00021E-1 3.98433E-1 3.99954E-1 3.97758E-1 3.94942E-1 3.95439E-1 3.95591E-1 3.92618E-1 3.94072E-1 3.98311E-1 4.03672E-1 3.97452E-1 3.94924E-1 3.92323E-1 3.95201E-1 3.95618E-1 3.96978E-1 3.98408E-1 3.97212E-1 3.98147E-1 4.00279E-1 3.97244E-1 3.97807E-1 4.00945E-1 4.00885E-1 4.01581E-1 4.05182E-1 4.03271E-1 4.03482E-1 4.02491E-1 4.04944E-1 4.04118E-1 4.06185E-1 4.08022E-1 4.07964E-1 4.06822E-1
4.16054E-1 4.14421E-1 4.25786E-1 4.41977E-1 4.45308E-1 4.46089E-1 4.56375E-1 4.60725E-1 4.61654E-1 4.63628E-1 4.62942E-1 4.55907E-1 4.33522E-1 4.074E-1 4.03414E-1 3.98772E-1 3.99128E-1 3.96448E-1 3.96464E-1 3.97403E-1 4.03464E-1 4.00547E-1 3.99338E-1 4.02922E-1 4.05071E-1 4.08229E-1 4.11757E-1 4.12065E-1 4.05752E-1 4.04043E-1 4.0169E-1 3.99025E-1 3.99166E-1 3.97596E-1 3.9666E-1 4.0757E-1 4.12495E-1 4.06354E-1 4.12728E-1 4.12213E-1 4.15362E-1 4.11516E-1 4.01944E-1 4.00165E-1 4.00864E-1 4.05482E-1 3.987E-1 3.99941E-1 4.02384E-1 4.0807E-1 4.07029E-1 4.06719E-1 4.05764E-1 4.03981E-1 4.02499E-1 4.00696E-1 4.04094E-1 4.10944E-1 4.12291E-1 4.10253E-1 4.11675E-1
4.15291E-1 4.11819E-1 4.10764E-1 4.18521E-1 4.42925E-1 4.54035E-1 4.60475E-1 4.60574E-1 4.60823E-1 4.65735E-1 4.65315E-1 4.60008E-1 4.36582E-1 4.15281E-1 4.1059E-1 4.03222E-1 3.98705E-1 4.00515E-1 4.01338E-1 4.01865E-1 4.05558E-1 4.06223E-1 4.01464E-1 4.04221E-1 4.07532E-1 4.12566E-1 4.11357E-1 4.12265E-1 4.085E-1 4.05492E-1 4.05449E-1 4.04149E-1 4.0624E-1 4.10858E-1 4.04935E-1 4.10708E-1 4.11928E-1 4.07402E-1 4.08362E-1 4.07326E-1 4.08152E-1 4.05874E-1 4.02169E-1 4.03732E-1 4.07486E-1 4.11247E-1 4.10765E-1 4.05938E-1 4.13496E-1 4.09673E-1 4.08634E-1 4.11016E-1 4.10888E-1 4.0416E-1 4.04358E-1 4.03647E-1 4.05538E-1 4.12483E-1 4.12826E-1 4.13509E-1 4.14938E-1
4.18116E-1 4.11312E-1 4.1273E-1 4.20609E-1 4.46706E-1 4.60716E-1 4.58833E-1 4.6039E-1 4.59394E-1 4.60801E-1 4.61079E-1 4.60911E-1 4.52717E-1 4.18726E-1 4.09546E-1 4.05581E-1 4.07763E-1 4.15314E-1 4.11063E-1 4.08001E-1 4.06554E-1 4.06687E-1 4.06999E-1 4.06345E-1 4.06193E-1 4.16097E-1 4.11495E-1 4.13017E-1 4.12595E-1 4.12474E-1 4.10767E-1 4.07915E-1 4.08601E-1 4.11854E-1 4.10043E-1 4.10993E-1 4.09243E-1 4.06898E-1 4.04708E-1 4.04257E-1 4.02822E-1 4.07342E-1 4.06837E-1 4.03834E-1 4.05765E-1 4.06283E-1 4.04223E-1 4.03833E-1 4.08413E-1 4.07562E-1 4.06316E-1 4.14288E-1 4.15423E-1 4.14716E-1 4.05742E-1 4.04403E-1 4.074E-1 4.08658E-1 4.09627E-1 4.10108E-1 4.09176E-1
4.18116E-1 4.10755E-1 4.11504E-1 4.16593E-1 4.17997E-1 4.37414E-1 4.55509E-1 4.59323E-1 4.59114E-1 4.57369E-1 4.59995E-1 4.57804E-1 4.52022E-1 4.45594E-1 4.14531E-1 4.05767E-1 4.09828E-1 4.06698E-1 4.10868E-1 4.14613E-1 4.14198E-1 4.11595E-1 4.10377E-1 4.10417E-1 4.14038E-1 4.11441E-1 4.12703E-1 4.16471E-1 4.11675E-1 4.13716E-1 4.17186E-1 4.14422E-1 4.18162E-1 4.1349E-1 4.12262E-1 4.11261E-1 4.1132E-1 4.13122E-1 4.13898E-1 4.14646E-1 4.09846E-1 4.09433E-1 4.10319E-1 4.09735E-1 4.07291E-1 4.06665E-1 4.05598E-1 4.17301E-1 4.14475E-1 4.1042E-1 4.08414E-1 4.07132E-1 4.04268E-1 4.04132E-1 4.08314E-1 4.07253E-1 4.07599E-1 4.05946E-1 4.10287E-1 4.11274E-1 4.09739E-1
4.2085E-1 4.10764E-1 4.1039E-1 4.09939E-1 4.10907E-1 4.14298E-1 4.41536E-1 4.56926E-1 4.48625E-1 4.46564E-1 4.59998E-1 4.53919E-1 4.49155E-1 4.43265E-1 4.31342E-1 4.08494E-1 4.10784E-1 4.08289E-1 4.10053E-1 4.07751E-1 4.08885E-1 4.11061E-1 4.11005E-1 4.12949E-1 4.16514E-1 4.14636E-1 4.12232E-1 4.13707E-1 4.10985E-1 4.10177E-1 4.13613E-1 4.13824E-1 4.13567E-1 4.11397E-1 4.14912E-1 4.17478E-1 4.16556E-1 4.14471E-1 4.13876E-1 4.13275E-1 4.11217E-1 4.11415E-1 4.1266E-1 4.13666E-1 4.10674E-1 4.08954E-1 4.07291E-1 4.11375E-1 4.09218E-1 4.07804E-1 4.05515E-1 4.03164E-1 4.037E-1 4.03955E-1 4.02793E-1 4.04263E-1 4.07906E-1 4.07935E-1 4.08638E-1 4.09938E-1 4.13451E-1
4.14723E-1 4.06575E-1 4.04027E-1 4.09467E-1 4.09914E-1 4.11529E-1 4.14674E-1 4.27179E-1 4.52397E-1 4.52751E-1 4.5547E-1 4.5381E-1 4.48203E-1 4.38341E-1 4.36322E-1 4.11697E-1 4.12352E-1 4.10731E-1 4.12379E-1 4.10783E-1 4.10527E-1 4.12874E-1 4.11797E-1 4.12149E-1 4.1719E-1 4.15642E-1 4.14005E-1 4.18171E-1 4.10143E-1 4.13914E-1 4.16508E-1 4.16995E-1 4.14543E-1 4.14714E-1 4.22112E-1 4.17187E-1 4.13669E-1 4.08586E-1 4.11242E-1 4.1303E-1 4.20866E-1 4.17215E-1 4.1138E-1 4.09478E-1 4.08163E-1 4.07942E-1 4.08283E-1 4.09539E-1 4.07138E-1 4.06687E-1 4.07039E-1 4.03559E-1 4.0534E-1 4.04063E-1 4.03379E-1 4.05271E-1 4.06222E-1 4.06101E-1 4.06097E-1 4.0802E-1 4.10263E-1
4.10627E-1 4.0869E-1 4.09675E-1 4.12755E-1 4.10968E-1 4.11105E-1 4.13275E-1 4.18523E-1 4.32157E-1 4.52707E-1 4.39621E-1 4.34046E-1 4.446E-1 4.47743E-1 4.4437E-1 4.22879E-1 4.14676E-1 4.12814E-1 4.12425E-1 4.12536E-1 4.12507E-1 4.1493E-1 4.14971E-1 4.19864E-1 4.26451E-1 4.24631E-1 4.2125E-1 4.18347E-1 4.20078E-1 4.21497E-1 4.22068E-1 4.22746E-1 4.24403E-1 4.21125E-1 4.2018E-1 4.13929E-1 4.11101E-1 4.1616E-1 4.12803E-1 4.14582E-1 4.1494E-1 4.12441E-1 4.10307E-1 4.13258E-1 4.14461E-1 4.11584E-1 4.08875E-1 4.08926E-1 4.09506E-1 4.08042E-1 4.10538E-1 4.09043E-1 4.05436E-1 4.04149E-1 4.05243E-1 4.07761E-1 4.09298E-1 4.08715E-1 4.09395E-1 4.11189E-1 4.1288E-1
4.06257E-1 4.08803E-1 4.07314E-1 4.07126E-1 4.06307E-1 4.10949E-1 4.13167E-1 4.13251E-1 4.18815E-1 4.31656E-1 4.25866E-1 4.30013E-1 4.24366E-1 4.42744E-1 4.48629E-1 4.43126E-1 4.20772E-1 4.16083E-1 4.12652E-1 4.10279E-1 4.13699E-1 4.17597E-1 4.18807E-1 4.20266E-1 4.26766E-1 4.16241E-1 4.19096E-1 4.12779E-1 4.17691E-1 4.17894E-1 4.196E-1 4.21687E-1 4.24805E-1 4.22513E-1 4.21331E-1 4.16425E-1 4.17047E-1 4.18173E-1 4.17187E-1 4.18301E-1 4.17757E-1 4.16349E-1 4.14247E-1 4.16186E-1 4.15179E-1 4.17504E-1 4.13207E-1 4.11622E-1 4.16906E-1 4.13872E-1 4.15238E-1 4.11256E-1 4.0679E-1 4.06105E-1 4.09302E-1 4.10237E-1 4.11676E-1 4.10117E-1 4.10426E-1 4.11669E-1 4.1611E-1
4.15849E-1 4.09636E-1 4.07725E-1 4.07149E-1 4.03988E-1 4.06431E-1 4.14348E-1 4.14822E-1 4.08612E-1 4.09145E-1 4.1881E-1 4.25093E-1 4.38723E-1 4.39693E-1 4.43193E-1 4.40199E-1 4.34177E-1 4.18346E-1 4.12092E-1 4.1253E-1 4.14947E-1 4.14145E-1 4.16141E-1 4.18872E-1 4.15382E-1 4.16192E-1 4.11811E-1 4.1743E-1 4.19487E-1 4.23553E-1 4.2137E-1 4.22101E-1 4.25514E-1 4.26586E-1 4.27218E-1 4.24591E-1 4.25601E-1 4.23185E-1 4.24295E-1 4.25266E-1 4.25531E-1 4.19761E-1 4.18457E-1 4.20121E-1 4.22614E-1 4.24773E-1 4.21059E-1 4.18199E-1 4.1806E-1 4.19077E-1 4.1908E-1 4.15772E-1 4.17142E-1 4.1116E-1 4.11042E-1 4.12314E-1 4.09478E-1 4.13639E-1 4.15727E-1 4.15347E-1 4.2045E-1
4.10695E-1 4.10148E-1 4.1132E-1 4.11622E-1 4.07598E-1 4.06955E-1 4.03741E-1 3.94977E-1 4.02457E-1 4.09731E-1 4.1896E-1 4.23983E-1 4.30683E-1 4.42802E-1 4.33405E-1 4.20556E-1 4.34836E-1 4.26565E-1 4.12685E-1 4.11838E-1 4.12885E-1 4.13415E-1 4.14321E-1 4.18134E-1 4.12245E-1 4.15321E-1 4.12774E-1 4.14284E-1 4.17401E-1 4.19821E-1 4.2051E-1 4.21085E-1 4.22236E-1 4.25375E-1 4.24526E-1 4.26411E-1 4.26616E-1 4.27614E-1 4.27438E-1 4.27791E-1 4.2643E-1 4.2512E-1 4.22691E-1 4.24561E-1 4.26133E-1 4.31318E-1 4.22848E-1 4.22818E-1 4.22163E-1 4.1804E-1 4.19672E-1 4.17363E-1 4.1704E-1 4.158E-1 4.14019E-1 4.11963E-1 4.11585E-1 4.12685E-1 4.12956E-1 4.14633E-1 4.16147E-1
3.98029E-1 4.04295E-1 4.13351E-1 4.09549E-1 3.98604E-1 3.84106E-1 3.90608E-1 3.9321E-1 4.03545E-1 4.12272E-1 4.16122E-1 4.14476E-1 4.21382E-1 4.28595E-1 4.1896E-1 4.27523E-1 4.42805E-1 4.44433E-1 4.19885E-1 4.11435E-1 4.07376E-1 4.06336E-1 4.06077E-1 4.1025E-1 4.12939E-1 4.12573E-1 4.1583E-1 4.21611E-1 4.21737E-1 4.18846E-1 4.1898E-1 4.16384E-1 4.20716E-1 4.16157E-1 4.19578E-1 4.25857E-1 4.28655E-1 4.30772E-1 4.29063E-1 4.28813E-1 4.27346E-1 4.3294E-1 4.3823E-1 4.37026E-1 4.29593E-1 4.34984E-1 4.28606E-1 4.24601E-1 4.25494E-1 4.25507E-1 4.24269E-1 4.22164E-1 4.19072E-1 4.1785E-1 4.16332E-1 4.14837E-1 4.13067E-1 4.14245E-1 4.15434E-1 4.16987E-1 4.19264E-1
3.9531E-1 4.0153E-1 4.06823E-1 4.11932E-1 4.06979E-1 3.94866E-1 3.78519E-1 3.90722E-1 4.01059E-1 4.01473E-1 4.03271E-1 4.09039E-1 4.15864E-1 4.16586E-1 4.11587E-1 4.26819E-1 4.26735E-1 4.36939E-1 4.28583E-1 4.12332E-1 4.05366E-1 4.03357E-1 4.04813E-1 4.08184E-1 4.13155E-1 4.12483E-1 4.14396E-1 4.19339E-1 4.21874E-1 4.18399E-1 4.20431E-1 4.19568E-1 4.21648E-1 4.21543E-1 4.22438E-1 4.26173E-1 4.48441E-1 4.52829E-1 4.3665E-1 4.32533E-1 4.34564E-1 4.32837E-1 4.33486E-1 4.36242E-1 4.36791E-1 4.38083E-1 4.36693E-1 4.35145E-1 4.30358E-1 4.27682E-1 4.25276E-1 4.25065E-1 4.2595E-1 4.23722E-1 4.21073E-1 4.21369E-1 4.18416E-1 4.18141E-1 4.19133E-1 4.21921E-1 4.25717E-1
3.9734E-1 3.9984E-1 4.08294E-1 4.12415E-1 4.07872E-1 3.99393E-1 3.86894E-1 3.88735E-1 3.98975E-1 4.02549E-1 3.93742E-1 3.92584E-1 3.97243E-1 4.02034E-1 4.00035E-1 4.14213E-1 4.23045E-1 4.37046E-1 4.22694E-1 4.03954E-1 4.03214E-1 4.06184E-1 4.05266E-1 4.0597E-1 4.07843E-1 4.11667E-1 4.17404E-1 4.1623E-1 4.16952E-1 4.17772E-1 4.19282E-1 4.2108E-1 4.26944E-1 4.31365E-1 4.30096E-1 4.28084E-1 4.39595E-1 4.44305E-1 4.37208E-1 4.33881E-1 4.40391E-1 4.37893E-1 4.35281E-1 4.35612E-1 4.39066E-1 4.36718E-1 4.35576E-1 4.42028E-1 4.41218E-1 4.33966E-1 4.28194E-1 4.29095E-1 4.36679E-1 4.36669E-1 4.31234E-1 4.29591E-1 4.22855E-1 4.22058E-1 4.24413E-1 4.27064E-1 4.29008E-1
4.00964E-1 4.12986E-1 4.15701E-1 4.1254E-1 4.0974E-1 4.05785E-1 3.97191E-1 3.88099E-1 3.89245E-1 3.94695E-1 3.94487E-1 3.91267E-1 3.89283E-1 3.94398E-1 3.95524E-1 4.26121E-1 4.32953E-1 4.3736E-1 4.24572E-1 4.04092E-1 4.05088E-1 4.03201E-1 4.04316E-1 4.05736E-1 4.05389E-1 4.10306E-1 4.13156E-1 4.15708E-1 4.15093E-1 4.19297E-1 4.14135E-1 4.18643E-1 4.27773E-1 4.2811E-1 4.33899E-1 4.37232E-1 4.3821E-1 4.34428E-1 4.33835E-1 4.3239E-1 4.30831E-1 4.35305E-1 4.3434E-1 4.36361E-1 4.35564E-1 4.38489E-1 4.38575E-1 4.37267E-1 4.34871E-1 4.32992E-1 4.35379E-1 4.38037E-1 4.32397E-1 4.28416E-1 4.30253E-1 4.33902E-1 4.2827E-1 4.27038E-1 4.30444E-1 4.30857E-1 4.35479E-1
4.04066E-1 4.06927E-1 4.14349E-1 4.07959E-1 4.09064E-1 4.17474E-1 4.16477E-1 4.01841E-1 3.91155E-1 3.91886E-1 3.98788E-1 3.91911E-1 3.92695E-1 3.89864E-1 3.94918E-1 4.22227E-1 4.30056E-1 4.27353E-1 4.22203E-1 4.06789E-1 4.03348E-1 4.00086E-1 4.00441E-1 4.0408E-1 4.06417E-1 4.10048E-1 4.11141E-1 4.15207E-1 4.13553E-1 4.1739E-1 4.22274E-1 4.26247E-1 4.27639E-1 4.24273E-1 4.2575E-1 4.37628E-1 4.45653E-1 4.39256E-1 4.38215E-1 4.39637E-1 4.36387E-1 4.37543E-1 4.3471E-1 4.38148E-1 4.41614E-1 4.41661E-1 4.39421E-1 4.41467E-1 4.41099E-1 4.42228E-1 4.38861E-1 4.38812E-1 4.35591E-1 4.34969E-1 4.33279E-1 4.33397E-1 4.30749E-1 4.30557E-1 4.3467E-1 4.37224E-1 4.37624E-1
4.09561E-1 4.08775E-1 4.10305E-1 4.06803E-1 4.03002E-1 4.19562E-1 4.24269E-1 4.23004E-1 4.06213E-1 3.93611E-1 3.95477E-1 3.90703E-1 3.91372E-1 3.82848E-1 3.8814E-1 4.14612E-1 4.21894E-1 4.13169E-1 4.07538E-1 4.04774E-1 4.05016E-1 3.99172E-1 3.97462E-1 4.01129E-1 4.01494E-1 4.06351E-1 4.11841E-1 4.14425E-1 4.12886E-1 4.18774E-1 4.24708E-1 4.19005E-1 4.23041E-1 4.28458E-1 4.33631E-1 4.41415E-1 4.47216E-1 4.46584E-1 4.53444E-1 4.47179E-1 4.44529E-1 4.40104E-1 4.42091E-1 4.39826E-1 4.44456E-1 4.50207E-1 4.46165E-1 4.4306E-1 4.41209E-1 4.43804E-1 4.46552E-1 4.42597E-1 4.39334E-1 4.38063E-1 4.41771E-1 4.34731E-1 4.34679E-1 4.36418E-1 4.39681E-1 4.41503E-1 4.44235E-1
4.07048E-1 4.10404E-1 4.10078E-1 4.11718E-1 4.13231E-1 4.20878E-1 4.28096E-1 4.25521E-1 4.20635E-1 4.00089E-1 3.94845E-1 3.94734E-1 3.88044E-1 3.8253E-1 3.79847E-1 3.98227E-1 4.08408E-1 4.06033E-1 3.99472E-1 4.01159E-1 4.03466E-1 4.06264E-1 4.03405E-1 4.03041E-1 4.06285E-1 4.10716E-1 4.10791E-1 4.13975E-1 4.19934E-1 4.22299E-1 4.26783E-1 4.2454E-1 4.29159E-1 4.36467E-1 4.41544E-1 4.39594E-1 4.46104E-1 4.51827E-1 4.5312E-1 4.60661E-1 4.59383E-1 4.54581E-1 4.50167E-1 4.51039E-1 4.57385E-1 4.61171E-1 4.46226E-1 4.48874E-1 4.47321E-1 4.44331E-1 4.41626E-1 4.41677E-1 4.40987E-1 4.41494E-1 4.45641E-1 4.38181E-1 4.39309E-1 4.43075E-1 4.44164E-1 4.45603E-1 4.4726E-1
4.01709E-1 4.08978E-1 4.10747E-1 4.10098E-1 4.1098E-1 4.12919E-1 4.19446E-1 4.18117E-1 4.07323E-1 3.93255E-1 3.9039E-1 3.86989E-1 3.8118E-1 3.77627E-1 3.73374E-1 3.78477E-1 3.86695E-1 3.97102E-1 3.93596E-1 4.01976E-1 4.0458E-1 4.05563E-1 4.07946E-1 4.05605E-1 4.09188E-1 4.13601E-1 4.16339E-1 4.20503E-1 4.20342E-1 4.20668E-1 4.2821E-1 4.28949E-1 4.33144E-1 4.35907E-1 4.34641E-1 4.35156E-1 4.42769E-1 4.48833E-1 4.51959E-1 4.51134E-1 4.52718E-1 4.57285E-1 4.63626E-1 4.63905E-1 4.63053E-1 4.56335E-1 4.54675E-1 4.50255E-1 4.52098E-1 4.47604E-1 4.43691E-1 4.41419E-1 4.43328E-1 4.42339E-1 4.46155E-1 4.4687E-1 4.44385E-1 4.44796E-1 4.46157E-1 4.48661E-1 4.53774E-1
3.92807E-1 4.04411E-1 4.08842E-1 4.07909E-1 4.07965E-1 4.01262E-1 3.95304E-1 3.91676E-1 3.91699E-1 3.91557E-1 3.90927E-1 3.84341E-1 3.8167E-1 3.79456E-1 3.77522E-1 3.83112E-1 3.89736E-1 3.98291E-1 4.04246E-1 4.09613E-1 4.07637E-1 4.06221E-1 4.08083E-1 4.08698E-1 4.09091E-1 4.13602E-1 4.14618E-1 4.18775E-1 4.22728E-1 4.25111E-1 4.21226E-1 4.25718E-1 4.30916E-1 4.31805E-1 4.39459E-1 4.42183E-1 4.38398E-1 4.39683E-1 4.39403E-1 4.37689E-1 4.38737E-1 4.4312E-1 4.50451E-1 4.67874E-1 4.67291E-1 4.64452E-1 4.57381E-1 4.55355E-1 4.52203E-1 4.55059E-1 4.48408E-1 4.49272E-1 4.58215E-1 4.53151E-1 4.54031E-1 4.54916E-1 4.51556E-1 4.49808E-1 4.5048E-1 4.54365E-1 4.5726E-1
3.93449E-1 3.96325E-1 4.03359E-1 4.07336E-1 4.06679E-1 4.05741E-1 4.00634E-1 3.96847E-1 3.96491E-1 3.91277E-1 3.93466E-1 3.90663E-1 3.88882E-1 3.88334E-1 3.86032E-1 3.93688E-1 3.98442E-1 4.0501E-1 4.103E-1 4.09379E-1 4.07665E-1 4.10349E-1 4.11899E-1 4.12651E-1 4.08961E-1 4.07395E-1 4.09716E-1 4.13391E-1 4.16897E-1 4.21629E-1 4.21962E-1 4.25931E-1 4.29372E-1 4.34164E-1 4.36441E-1 4.40893E-1 4.36621E-1 4.37757E-1 4.36844E-1 4.38647E-1 4.37959E-1 4.46066E-1 4.51439E-1 4.63561E-1 4.7227E-1 4.71254E-1 4.63548E-1 4.57713E-1 4.5976E-1 4.55914E-1 4.62198E-1 4.54514E-1 4.50954E-1 4.4875E-1 4.5054E-1 4.50228E-1 4.5328E-1 4.54281E-1 4.55453E-1 4.62095E-1 4.70357E-1
3.88207E-1 3.94425E-1 3.97574E-1 4.00057E-1 4.05771E-1 4.11395E-1 4.09081E-1 4.06201E-1 4.06596E-1 4.02542E-1 3.95465E-1 3.96188E-1 3.94799E-1 3.90999E-1 3.87367E-1 3.90619E-1 3.93212E-1 3.9874E-1 4.10433E-1 4.12022E-1 4.11851E-1 4.12054E-1 4.09772E-1 4.0629E-1 4.05612E-1 4.07338E-1 4.06766E-1 4.09904E-1 4.18814E-1 4.22249E-1 4.28906E-1 4.26197E-1 4.30444E-1 4.3437E-1 4.3645E-1 4.38598E-1 4.40747E-1 4.45639E-1 4.44706E-1 4.40992E-1 4.5091E-1 4.53048E-1 4.54636E-1 4.59459E-1 4.67094E-1 4.77753E-1 4.73738E-1 4.68237E-1 4.65044E-1 4.55864E-1 4.5059E-1 4.52486E-1 4.52307E-1 4.55533E-1 4.56913E-1 4.54611E-1 4.57268E-1 4.57254E-1 4.62953E-1 4.64385E-1 4.68135E-1
3.88821E-1 3.91339E-1 3.88319E-1 3.96327E-1 4.06504E-1 4.11027E-1 4.10668E-1 4.13181E-1 4.10951E-1 4.07577E-1 3.94228E-1 3.97435E-1 3.97974E-1 3.90682E-1 3.84643E-1 3.89351E-1 3.93918E-1 3.94286E-1 4.05648E-1 4.0973E-1 4.13002E-1 4.11971E-1 4.08908E-1 4.03803E-1 3.99538E-1 4.00766E-1 4.19955E-1 4.17224E-1 4.17389E-1 4.33084E-1 4.34996E-1 4.24026E-1 4.27057E-1 4.32791E-1 4.38625E-1 4.37872E-1 4.38134E-1 4.40415E-1 4.43491E-1 4.41978E-1 4.46378E-1 4.56426E-1 4.58112E-1 4.61956E-1 4.69681E-1 4.82743E-1 4.94907E-1 4.89271E-1 4.71343E-1 4.60009E-1 4.47035E-1 4.45843E-1 4.47975E-1 4.52656E-1 4.55826E-1 4.57473E-1 4.54529E-1 4.57583E-1 4.62637E-1 4.65985E-1 4.6974E-1
