maxent_outputs/bumblebees/bombus_51.asc
ncols         426
nrows         180
xllcorner     -130.0
yllcorner     24.0
cellsize      0.16666666666666666
NODATA_value  -9999
[rows 54 to 80 of 180, columns 183 to 243 of 426]
3.85325E-2 3.94631E-2 4.7799E-2 5.33367E-2 5.29782E-2 5.15215E-2 5.11764E-2 4.83448E-2 4.71987E-2 4.43572E-2 4.11608E-2 4.21975E-2 4.43186E-2 4.56275E-2 4.01081E-2 3.46345E-2 4.07603E-2 4.69769E-2 5.70983E-2 5.47175E-2 5.35075E-2 5.16559E-2 5.19879E-2 5.00448E-2 4.85522E-2 4.59159E-2 4.68567E-2 4.90618E-2 4.66884E-2 4.80488E-2 5.10768E-2 4.89453E-2 4.7586E-2 4.98317E-2 5.47543E-2 6.13631E-2 6.39573E-2 6.82004E-2 6.67774E-2 5.73444E-2 6.35025E-2 5.04394E-2 4.54204E-2 4.4617E-2 4.9354E-2 5.41648E-2 5.23941E-2 5.22996E-2 5.72993E-2 5.40508E-2 5.12345E-2 4.83552E-2 4.66858E-2 4.60963E-2 4.32528E-2 4.44884E-2 4.52118E-2 4.49524E-2 4.90302E-2 5.46105E-2 4.98413E-2
3.9905E-2 4.27829E-2 4.71432E-2 4.9207E-2 5.16064E-2 5.46786E-2 5.10596E-2 4.84783E-2 4.68031E-2 4.50088E-2 4.14616E-2 4.6328E-2 4.27739E-2 4.33871E-2 4.14168E-2 3.74189E-2 3.67563E-2 3.97849E-2 4.98259E-2 5.46202E-2 5.27991E-2 5.2655E-2 5.16455E-2 5.34052E-2 5.65136E-2 5.06409E-2 4.99108E-2 4.95912E-2 4.75969E-2 4.87272E-2 5.03304E-2 5.13036E-2 5.04874E-2 5.11671E-2 5.34491E-2 5.98454E-2 6.32024E-2 6.3969E-2 6.16291E-2 6.48212E-2 6.4318E-2 5.3735E-2 5.19078E-2 5.12138E-2 5.61343E-2 6.00734E-2 5.69163E-2 5.86078E-2 5.73899E-2 5.15361E-2 5.13973E-2 4.99902E-2 4.76886E-2 4.70051E-2 4.5239E-2 4.72478E-2 5.01681E-2 5.56474E-2 6.32958E-2 6.14541E-2 5.77973E-2
4.29452E-2 4.61497E-2 5.05412E-2 5.24151E-2 5.42781E-2 5.77324E-2 5.69495E-2 5.11598E-2 4.99815E-2 4.7585E-2 4.34375E-2 4.21741E-2 4.18349E-2 4.50192E-2 4.92607E-2 4.33711E-2 3.85013E-2 3.5728E-2 4.04926E-2 4.829E-2 5.37426E-2 5.48435E-2 5.43636E-2 5.539E-2 5.3951E-2 5.41569E-2 5.94951E-2 5.68493E-2 5.17182E-2 5.16657E-2 4.98921E-2 5.21155E-2 5.2299E-2 5.86329E-2 5.22658E-2 5.31109E-2 5.51054E-2 5.73492E-2 5.71698E-2 5.8523E-2 6.02787E-2 6.91357E-2 6.9121E-2 5.98851E-2 6.22557E-2 6.20959E-2 5.81132E-2 5.55258E-2 5.30556E-2 4.79618E-2 4.64774E-2 4.47348E-2 4.66897E-2 4.75721E-2 4.59949E-2 4.61951E-2 4.89311E-2 5.30976E-2 5.7424E-2 6.40928E-2 5.7071E-2
3.9605E-2 3.99848E-2 4.39748E-2 4.65055E-2 5.26031E-2 5.80485E-2 5.91823E-2 5.80844E-2 5.50835E-2 5.14648E-2 4.66566E-2 4.50193E-2 4.57243E-2 4.54819E-2 4.34473E-2 4.68981E-2 4.37251E-2 3.89169E-2 3.72937E-2 4.06495E-2 4.59799E-2 5.20989E-2 5.6276E-2 5.625E-2 5.61071E-2 5.53005E-2 5.45325E-2 5.33678E-2 5.77821E-2 5.93949E-2 5.56562E-2 5.42288E-2 5.41724E-2 5.94039E-2 5.02896E-2 5.19665E-2 5.46419E-2 5.49779E-2 5.31082E-2 5.52951E-2 5.30147E-2 5.37671E-2 5.5513E-2 6.77241E-2 7.50486E-2 7.20652E-2 6.22857E-2 5.72446E-2 5.67028E-2 5.09466E-2 4.84343E-2 4.55536E-2 5.4675E-2 5.13485E-2 4.7676E-2 4.99266E-2 5.62955E-2 6.08035E-2 6.44409E-2 5.73664E-2 5.76209E-2
4.535E-2 4.38268E-2 4.4058E-2 4.34998E-2 4.74916E-2 6.05898E-2 5.88787E-2 5.99502E-2 5.78455E-2 5.53456E-2 5.2129E-2 4.94936E-2 5.45812E-2 4.57056E-2 4.48695E-2 4.67091E-2 4.77021E-2 4.25419E-2 3.79915E-2 3.9793E-2 4.27377E-2 4.56284E-2 4.82476E-2 5.18992E-2 5.67667E-2 5.76303E-2 5.72413E-2 5.66872E-2 5.80144E-2 5.94895E-2 6.18574E-2 6.5139E-2 5.91406E-2 6.14082E-2 5.71599E-2 5.44159E-2 5.39373E-2 5.1577E-2 4.79961E-2 4.98354E-2 5.23399E-2 5.5373E-2 5.95227E-2 6.1674E-2 6.29014E-2 7.84401E-2 6.59877E-2 6.22376E-2 5.8414E-2 5.64363E-2 5.35606E-2 5.39838E-2 5.40944E-2 5.57417E-2 5.6046E-2 5.78834E-2 6.24569E-2 7.02964E-2 6.25024E-2 5.48254E-2 5.51468E-2
6.17458E-2 5.44298E-2 5.07628E-2 4.82355E-2 4.49366E-2 5.57005E-2 6.5907E-2 6.49455E-2 6.18929E-2 5.96661E-2 5.57679E-2 5.07727E-2 4.69455E-2 4.32955E-2 4.50441E-2 4.58462E-2 4.61724E-2 4.58385E-2 4.22609E-2 3.95222E-2 4.0304E-2 4.3418E-2 4.7416E-2 4.69599E-2 4.93431E-2 5.13204E-2 5.28618E-2 5.56426E-2 5.90461E-2 6.05955E-2 5.88283E-2 5.77565E-2 6.27669E-2 5.71979E-2 5.27197E-2 4.9222E-2 4.92156E-2 4.8056E-2 4.61155E-2 4.78372E-2 5.09499E-2 5.66148E-2 5.74955E-2 5.37873E-2 5.79533E-2 5.99157E-2 7.33751E-2 7.34371E-2 6.91301E-2 6.5049E-2 6.36076E-2 5.67548E-2 5.43752E-2 5.90707E-2 6.57747E-2 6.72376E-2 7.48114E-2 7.77111E-2 6.45974E-2 6.11318E-2 6.53078E-2
6.03589E-2 5.9708E-2 5.77497E-2 5.29094E-2 5.11576E-2 5.87248E-2 7.05982E-2 7.06589E-2 6.64015E-2 6.30104E-2 6.18641E-2 5.50393E-2 4.80451E-2 4.41984E-2 4.58043E-2 4.92393E-2 4.92643E-2 4.8539E-2 4.29763E-2 4.20154E-2 4.22411E-2 4.06115E-2 4.43979E-2 4.58419E-2 4.93911E-2 4.86364E-2 5.09487E-2 5.17072E-2 5.62347E-2 5.91524E-2 5.90366E-2 5.74805E-2 5.82706E-2 5.65295E-2 5.39669E-2 5.13115E-2 4.88474E-2 4.71624E-2 4.47846E-2 4.59875E-2 4.81744E-2 5.14771E-2 5.46085E-2 5.3319E-2 5.21618E-2 5.34054E-2 5.3636E-2 5.97466E-2 7.32407E-2 8.28118E-2 6.72151E-2 6.3013E-2 6.11391E-2 5.66497E-2 6.04124E-2 7.03209E-2 7.72243E-2 8.24105E-2 7.01113E-2 7.0034E-2 7.71106E-2
7.51787E-2 6.01542E-2 5.76936E-2 5.68562E-2 6.17033E-2 6.20159E-2 6.80241E-2 6.99566E-2 7.31502E-2 7.0829E-2 6.19019E-2 5.81434E-2 5.02662E-2 4.6127E-2 4.51851E-2 4.75461E-2 5.06315E-2 4.87739E-2 4.33308E-2 4.39101E-2 4.64567E-2 4.2382E-2 4.24172E-2 4.48627E-2 4.84052E-2 5.31569E-2 5.02509E-2 5.09035E-2 5.52179E-2 5.70916E-2 5.96945E-2 5.69893E-2 5.67915E-2 5.52349E-2 5.3826E-2 5.1584E-2 4.79775E-2 4.75506E-2 4.58893E-2 4.77177E-2 4.61944E-2 4.729E-2 4.89725E-2 5.30361E-2 5.65249E-2 5.65842E-2 5.93526E-2 6.5753E-2 6.28623E-2 8.97792E-2 6.53461E-2 5.68721E-2 5.83879E-2 6.31948E-2 5.96692E-2 6.77931E-2 7.2261E-2 7.61387E-2 7.37839E-2 7.52361E-2 7.99887E-2
8.01806E-2 7.01255E-2 6.29756E-2 6.37914E-2 6.32166E-2 6.21235E-2 6.16993E-2 6.44102E-2 7.23209E-2 7.08882E-2 6.40166E-2 5.84627E-2 5.72654E-2 5.261E-2 5.16366E-2 5.08323E-2 5.51454E-2 5.72394E-2 5.02016E-2 4.90624E-2 4.83609E-2 4.50953E-2 4.38916E-2 4.72813E-2 4.76287E-2 5.03916E-2 5.10468E-2 5.18038E-2 5.4897E-2 5.76118E-2 5.9807E-2 5.69741E-2 5.60467E-2 5.42791E-2 5.3628E-2 5.10416E-2 5.40338E-2 5.25356E-2 4.99906E-2 5.06601E-2 4.74868E-2 4.60319E-2 4.77077E-2 5.03909E-2 5.05764E-2 4.9702E-2 5.38505E-2 5.56219E-2 5.92219E-2 8.92932E-2 6.54613E-2 5.44691E-2 6.00176E-2 6.66199E-2 6.44256E-2 6.57719E-2 7.11958E-2 7.23523E-2 7.73683E-2 7.92836E-2 8.04601E-2
6.816E-2 8.38729E-2 8.45241E-2 7.51586E-2 6.65456E-2 6.31416E-2 6.35994E-2 6.1461E-2 6.49784E-2 6.98164E-2 6.84288E-2 5.90921E-2 5.57041E-2 5.67128E-2 5.82329E-2 5.62637E-2 5.70922E-2 5.92354E-2 5.50734E-2 5.5311E-2 5.3109E-2 4.7583E-2 4.49403E-2 4.65242E-2 4.80294E-2 5.40254E-2 5.8918E-2 5.24399E-2 5.71592E-2 5.8007E-2 5.74544E-2 5.64393E-2 5.55624E-2 5.38854E-2 5.20316E-2 5.36573E-2 5.30482E-2 5.38513E-2 5.29156E-2 5.45607E-2 5.41772E-2 5.27298E-2 5.02328E-2 4.85962E-2 5.17462E-2 5.63247E-2 6.00482E-2 6.79081E-2 6.911E-2 8.86063E-2 7.44772E-2 6.08005E-2 6.65889E-2 6.65749E-2 7.19636E-2 6.98543E-2 6.79787E-2 7.07572E-2 7.32455E-2 7.56151E-2 7.23622E-2
6.1087E-2 6.31791E-2 8.27945E-2 9.33243E-2 7.98214E-2 7.25627E-2 7.51674E-2 7.17242E-2 6.29372E-2 7.27783E-2 7.19818E-2 6.49035E-2 5.68318E-2 6.22554E-2 6.52582E-2 6.23347E-2 5.86185E-2 5.99628E-2 5.94802E-2 6.04059E-2 5.50458E-2 5.19473E-2 4.88522E-2 4.8354E-2 5.28111E-2 5.30659E-2 5.20264E-2 5.44849E-2 5.83969E-2 5.49311E-2 5.62288E-2 5.67939E-2 5.64066E-2 5.31859E-2 5.31893E-2 5.64861E-2 5.74788E-2 5.86789E-2 5.7904E-2 5.64026E-2 6.02634E-2 5.89676E-2 5.52558E-2 5.55907E-2 5.64804E-2 5.85572E-2 6.41721E-2 6.00423E-2 6.21379E-2 6.89225E-2 8.85538E-2 7.04634E-2 7.22591E-2 7.75643E-2 7.52424E-2 8.00276E-2 7.79947E-2 7.84517E-2 7.79598E-2 7.1105E-2 6.81244E-2
6.25143E-2 6.41923E-2 7.01781E-2 8.11643E-2 9.37226E-2 9.32949E-2 8.28088E-2 8.08628E-2 6.86795E-2 7.33024E-2 7.43201E-2 7.28514E-2 6.88291E-2 5.93848E-2 6.53684E-2 6.52219E-2 5.71578E-2 5.90119E-2 6.433E-2 5.88597E-2 5.61643E-2 5.51411E-2 5.35129E-2 5.17412E-2 5.42489E-2 5.48642E-2 5.7026E-2 5.58127E-2 5.80572E-2 5.85289E-2 5.57812E-2 5.71255E-2 5.42556E-2 5.29043E-2 5.33033E-2 5.50367E-2 6.04245E-2 6.03335E-2 6.22341E-2 6.28798E-2 6.259E-2 6.57659E-2 6.11439E-2 5.6825E-2 5.83113E-2 6.16602E-2 6.17244E-2 5.96572E-2 6.25136E-2 7.55764E-2 8.25984E-2 8.12818E-2 7.88726E-2 7.22048E-2 7.18574E-2 7.55552E-2 7.9509E-2 7.68018E-2 7.37486E-2 7.06069E-2 8.46294E-2
7.08121E-2 7.07085E-2 7.37478E-2 7.60851E-2 7.7846E-2 8.07851E-2 8.70721E-2 8.6269E-2 8.32431E-2 8.17179E-2 8.40634E-2 7.82929E-2 7.90341E-2 7.62262E-2 6.94301E-2 6.95809E-2 6.25279E-2 6.52069E-2 6.25295E-2 6.04059E-2 6.09637E-2 5.68826E-2 5.61257E-2 5.71397E-2 6.26917E-2 5.71532E-2 5.78949E-2 5.4002E-2 5.4978E-2 5.77495E-2 5.76256E-2 5.74992E-2 5.4942E-2 5.56702E-2 5.58999E-2 5.80336E-2 6.00524E-2 6.45508E-2 6.5273E-2 6.85947E-2 6.7889E-2 6.65092E-2 6.3486E-2 6.10099E-2 5.68497E-2 5.71358E-2 6.13715E-2 6.70925E-2 6.43118E-2 6.67393E-2 8.4726E-2 6.56502E-2 7.00517E-2 6.63463E-2 6.33788E-2 6.59609E-2 6.65003E-2 7.01461E-2 6.74631E-2 7.07984E-2 6.94089E-2
7.51939E-2 7.07713E-2 7.00428E-2 7.05169E-2 7.59278E-2 7.80505E-2 7.91079E-2 8.65235E-2 9.49581E-2 8.75421E-2 6.8124E-2 6.95354E-2 7.34842E-2 7.93464E-2 8.23228E-2 8.31016E-2 7.35401E-2 7.03883E-2 6.35526E-2 6.46196E-2 6.08111E-2 6.00231E-2 5.7703E-2 6.27558E-2 5.84767E-2 5.68607E-2 6.07996E-2 5.87435E-2 5.58778E-2 5.64547E-2 5.79901E-2 5.74088E-2 5.92329E-2 6.36798E-2 5.82574E-2 6.07777E-2 6.0463E-2 6.56417E-2 7.09343E-2 7.4728E-2 7.30457E-2 7.49651E-2 7.25116E-2 6.58157E-2 6.3837E-2 5.91029E-2 5.77382E-2 6.20319E-2 7.09459E-2 7.50506E-2 8.74949E-2 8.21389E-2 7.85602E-2 7.67552E-2 6.66146E-2 6.93658E-2 7.26149E-2 7.6844E-2 7.19439E-2 7.34682E-2 7.50289E-2
6.64668E-2 6.53909E-2 6.65165E-2 6.69397E-2 6.77208E-2 6.8081E-2 6.69859E-2 7.4672E-2 8.32966E-2 7.76152E-2 6.26279E-2 5.11219E-2 6.09174E-2 7.37902E-2 6.95164E-2 6.80273E-2 7.77989E-2 7.71107E-2 7.64952E-2 6.75755E-2 6.26822E-2 6.38367E-2 6.70002E-2 6.3942E-2 5.8831E-2 5.84985E-2 6.17892E-2 6.34025E-2 5.8378E-2 5.72997E-2 5.95236E-2 6.32198E-2 6.52788E-2 6.83842E-2 6.48665E-2 6.24313E-2 6.53019E-2 6.63384E-2 6.89647E-2 7.22169E-2 7.46941E-2 7.67832E-2 7.90124E-2 6.70082E-2 6.59602E-2 6.39262E-2 6.1578E-2 6.4344E-2 6.57886E-2 6.92246E-2 6.92361E-2 7.71856E-2 9.54145E-2 8.63065E-2 7.24656E-2 6.86921E-2 7.47716E-2 7.67213E-2 7.84436E-2 7.47061E-2 8.36151E-2
5.82472E-2 6.13115E-2 6.63921E-2 6.8265E-2 6.90426E-2 6.9679E-2 6.89752E-2 7.14433E-2 7.42033E-2 7.14625E-2 6.34221E-2 5.80493E-2 5.55063E-2 6.37817E-2 6.61829E-2 6.58189E-2 6.97393E-2 7.98062E-2 8.74907E-2 7.27684E-2 6.83952E-2 6.75907E-2 6.88663E-2 6.42329E-2 6.48199E-2 6.00389E-2 6.68164E-2 7.16026E-2 6.6994E-2 6.51511E-2 6.39678E-2 6.73834E-2 7.69073E-2 7.19296E-2 7.23097E-2 6.91061E-2 7.00349E-2 7.24416E-2 7.64435E-2 7.15194E-2 7.04464E-2 7.22167E-2 7.46132E-2 7.65094E-2 7.03807E-2 7.0517E-2 7.07784E-2 6.96256E-2 7.07243E-2 7.34668E-2 7.18723E-2 7.44235E-2 7.94408E-2 9.31999E-2 9.13262E-2 8.38008E-2 7.89962E-2 7.37014E-2 8.25866E-2 7.9653E-2 8.08809E-2
5.31462E-2 5.73731E-2 5.93276E-2 6.54603E-2 6.80752E-2 6.77066E-2 6.93189E-2 7.02118E-2 6.79791E-2 6.85234E-2 7.21399E-2 7.29135E-2 6.35484E-2 6.66616E-2 6.91537E-2 6.65481E-2 6.63143E-2 7.13681E-2 9.40673E-2 8.76903E-2 8.08392E-2 8.19649E-2 7.44578E-2 7.22806E-2 6.7236E-2 6.69847E-2 6.85634E-2 7.48943E-2 8.01621E-2 7.70653E-2 7.21741E-2 6.91848E-2 6.9335E-2 8.0801E-2 7.2881E-2 7.49977E-2 7.26175E-2 7.59152E-2 7.89685E-2 7.4195E-2 7.2795E-2 7.42454E-2 7.56038E-2 7.60793E-2 8.08634E-2 8.18945E-2 7.89734E-2 7.68107E-2 7.31931E-2 7.4645E-2 7.83138E-2 8.28632E-2 8.17474E-2 8.03338E-2 9.9134E-2 9.68244E-2 8.51303E-2 8.28054E-2 8.09037E-2 8.47671E-2 8.47992E-2
5.59346E-2 5.63858E-2 5.90817E-2 6.21109E-2 6.4932E-2 6.8049E-2 6.85531E-2 6.9089E-2 7.30743E-2 7.45953E-2 7.40936E-2 7.77242E-2 8.00409E-2 7.1991E-2 7.16989E-2 6.95032E-2 6.9695E-2 7.25196E-2 8.18438E-2 9.51268E-2 9.05808E-2 9.17613E-2 8.19583E-2 7.75554E-2 7.69028E-2 7.30218E-2 6.55519E-2 7.32426E-2 7.89207E-2 8.3768E-2 7.93609E-2 7.58072E-2 7.25307E-2 8.83386E-2 8.03053E-2 8.38251E-2 7.9164E-2 7.74377E-2 7.9364E-2 8.46708E-2 8.10856E-2 8.05209E-2 8.32478E-2 7.99025E-2 7.98836E-2 8.29803E-2 9.58528E-2 8.51553E-2 7.85688E-2 8.19992E-2 7.89962E-2 8.40027E-2 8.87217E-2 8.99935E-2 9.20776E-2 9.19537E-2 1.00049E-1 8.45502E-2 8.19879E-2 8.29213E-2 9.21198E-2
6.2229E-2 6.25559E-2 6.39452E-2 6.53545E-2 6.19689E-2 6.27397E-2 6.43006E-2 6.76131E-2 7.01033E-2 6.88288E-2 7.00477E-2 7.43263E-2 8.08147E-2 8.36742E-2 7.64701E-2 7.84832E-2 7.9715E-2 7.51665E-2 7.54928E-2 8.96458E-2 9.57668E-2 9.28511E-2 8.53493E-2 8.63563E-2 8.16358E-2 7.14813E-2 6.96653E-2 7.11724E-2 7.75261E-2 7.98593E-2 7.97198E-2 8.43383E-2 8.47597E-2 9.15743E-2 8.56456E-2 8.53487E-2 8.52876E-2 8.15846E-2 8.25078E-2 8.15412E-2 8.01079E-2 8.70676E-2 9.32956E-2 9.08531E-2 8.81426E-2 8.51058E-2 9.02128E-2 9.81262E-2 8.82383E-2 7.98269E-2 7.82663E-2 8.62997E-2 8.45833E-2 8.44747E-2 8.8423E-2 9.03664E-2 1.01482E-1 8.9908E-2 9.1063E-2 9.07522E-2 1.01716E-1
6.41503E-2 6.89224E-2 7.2239E-2 6.7402E-2 6.56223E-2 6.36845E-2 6.66581E-2 6.79316E-2 7.42539E-2 7.35209E-2 7.49181E-2 7.41559E-2 7.58183E-2 7.54349E-2 7.74239E-2 7.69368E-2 8.41365E-2 8.19949E-2 7.95353E-2 9.44327E-2 1.02157E-1 9.55612E-2 9.15193E-2 8.5957E-2 7.96775E-2 7.81853E-2 7.33677E-2 7.19202E-2 7.32757E-2 8.1917E-2 8.46793E-2 8.71756E-2 9.02177E-2 9.24787E-2 1.06193E-1 9.7893E-2 9.04692E-2 9.50376E-2 9.107E-2 8.78164E-2 8.41044E-2 8.07288E-2 8.54063E-2 9.02655E-2 9.79572E-2 9.68144E-2 9.92275E-2 1.06128E-1 9.38778E-2 9.02224E-2 8.62887E-2 8.62768E-2 9.59246E-2 9.57608E-2 9.91634E-2 1.0615E-1 1.00235E-1 9.98134E-2 9.83666E-2 9.63624E-2 9.15636E-2
6.67542E-2 6.80716E-2 6.89237E-2 7.42235E-2 7.10298E-2 6.58611E-2 7.20023E-2 7.94667E-2 7.85809E-2 8.06988E-2 8.12122E-2 8.27051E-2 8.03937E-2 8.24264E-2 8.2967E-2 8.24935E-2 8.40976E-2 8.77282E-2 8.7891E-2 8.98837E-2 1.10529E-1 1.03406E-1 9.05032E-2 8.56214E-2 8.05842E-2 8.07053E-2 7.63647E-2 7.72587E-2 7.33884E-2 7.83492E-2 8.90552E-2 9.70782E-2 1.01501E-1 1.04947E-1 1.13109E-1 1.16913E-1 1.02254E-1 9.42966E-2 9.40718E-2 9.24979E-2 9.45373E-2 9.31558E-2 8.95875E-2 9.65916E-2 1.0195E-1 9.93047E-2 1.03204E-1 1.07675E-1 9.44538E-2 9.36957E-2 1.03449E-1 9.92823E-2 9.82156E-2 1.07234E-1 1.12657E-1 1.12894E-1 1.03026E-1 9.8558E-2 9.87089E-2 9.42086E-2 8.89502E-2
6.91345E-2 7.10858E-2 7.09885E-2 7.05844E-2 7.76528E-2 7.70897E-2 7.95603E-2 8.1315E-2 8.90063E-2 9.22766E-2 9.57662E-2 9.46177E-2 9.91016E-2 9.87504E-2 9.63864E-2 9.42774E-2 9.53475E-2 9.90163E-2 1.02391E-1 9.74218E-2 1.03683E-1 1.20459E-1 9.60174E-2 8.87258E-2 8.78868E-2 8.23969E-2 8.40306E-2 7.9858E-2 7.6721E-2 7.70993E-2 8.33391E-2 8.71173E-2 9.70208E-2 1.06626E-1 1.08452E-1 1.05001E-1 1.05143E-1 1.05966E-1 1.0958E-1 1.05397E-1 1.02264E-1 1.06185E-1 1.05224E-1 1.06913E-1 1.05899E-1 1.01169E-1 1.06697E-1 1.10655E-1 1.12608E-1 1.11954E-1 1.1477E-1 1.18769E-1 1.1854E-1 1.22071E-1 1.12239E-1 1.03654E-1 1.00703E-1 1.00389E-1 9.9555E-2 9.56341E-2 9.83573E-2
7.18887E-2 7.49353E-2 7.57546E-2 7.84285E-2 7.74547E-2 8.40549E-2 8.77449E-2 8.87486E-2 9.05777E-2 9.18766E-2 9.39864E-2 9.26425E-2 8.75931E-2 8.7617E-2 8.57606E-2 8.67689E-2 9.46826E-2 9.94083E-2 1.05911E-1 1.07557E-1 1.12868E-1 1.2078E-1 1.02655E-1 9.09235E-2 9.0339E-2 8.52683E-2 8.76802E-2 8.25543E-2 8.1692E-2 8.5979E-2 8.32358E-2 9.23569E-2 9.7377E-2 1.02454E-1 1.0558E-1 1.1064E-1 1.02871E-1 9.60086E-2 9.65794E-2 1.09624E-1 1.16204E-1 1.18624E-1 1.18686E-1 1.2139E-1 1.19596E-1 1.15231E-1 1.11311E-1 1.06727E-1 1.10579E-1 1.13317E-1 1.26074E-1 1.10706E-1 1.04854E-1 1.06117E-1 1.06268E-1 1.00255E-1 9.65701E-2 9.60281E-2 9.46779E-2 9.23799E-2 1.15252E-1
7.79573E-2 7.72433E-2 8.13334E-2 8.19523E-2 8.27915E-2 8.41426E-2 8.14805E-2 8.67851E-2 9.03622E-2 9.2093E-2 8.50885E-2 8.48836E-2 8.52849E-2 8.60537E-2 8.53517E-2 9.67126E-2 9.96996E-2 1.0214E-1 1.08583E-1 1.10498E-1 1.1149E-1 1.18506E-1 1.1205E-1 9.96171E-2 9.48385E-2 9.22977E-2 8.90798E-2 9.27884E-2 9.21381E-2 8.83737E-2 8.74591E-2 9.3394E-2 9.89065E-2 9.86099E-2 1.05675E-1 1.10104E-1 1.13089E-1 1.05002E-1 1.07503E-1 1.15342E-1 1.20873E-1 1.31716E-1 1.28071E-1 1.1619E-1 1.10957E-1 1.11633E-1 1.20565E-1 1.1263E-1 1.04852E-1 1.08455E-1 1.25535E-1 1.26846E-1 1.1165E-1 1.04636E-1 1.04498E-1 9.92503E-2 1.01835E-1 9.69054E-2 9.61096E-2 9.10506E-2 1.17324E-1
7.50838E-2 7.97055E-2 8.07912E-2 8.02226E-2 8.26033E-2 8.90982E-2 8.96423E-2 9.02379E-2 8.78001E-2 8.94027E-2 9.005E-2 9.18418E-2 9.12266E-2 9.20562E-2 9.44842E-2 1.04548E-1 1.07647E-1 1.07037E-1 1.01864E-1 1.00433E-1 1.03387E-1 1.10415E-1 1.16774E-1 1.06519E-1 9.85594E-2 9.7386E-2 9.41756E-2 9.76639E-2 9.19259E-2 8.88816E-2 9.27352E-2 9.65536E-2 1.04181E-1 1.05209E-1 1.04309E-1 1.08192E-1 1.09389E-1 1.10165E-1 1.1309E-1 1.18966E-1 1.21554E-1 1.28191E-1 1.3333E-1 1.2698E-1 1.21813E-1 1.18128E-1 1.21089E-1 1.23146E-1 1.18814E-1 1.20222E-1 1.30414E-1 1.27518E-1 1.10502E-1 1.08614E-1 1.10384E-1 1.13854E-1 1.17144E-1 1.03608E-1 1.00696E-1 1.09093E-1 1.28985E-1
8.07282E-2 8.15734E-2 8.56669E-2 8.64809E-2 8.9307E-2 9.06681E-2 9.16383E-2 8.93414E-2 9.12603E-2 9.41269E-2 9.5383E-2 9.59517E-2 9.6053E-2 9.79865E-2 9.91919E-2 1.05371E-1 1.11264E-1 1.02748E-1 1.02213E-1 1.02976E-1 1.04405E-1 1.13417E-1 1.183E-1 1.13817E-1 1.0684E-1 1.01419E-1 1.02119E-1 1.04337E-1 9.75288E-2 9.62968E-2 9.98429E-2 1.05718E-1 1.04677E-1 1.15549E-1 1.14155E-1 1.14061E-1 1.10676E-1 1.12007E-1 1.1273E-1 1.20061E-1 1.20551E-1 1.22784E-1 1.23223E-1 1.23642E-1 1.25694E-1 1.29599E-1 1.23699E-1 1.21545E-1 1.27856E-1 1.32712E-1 1.39606E-1 1.16112E-1 1.08842E-1 1.13771E-1 1.19894E-1 1.23241E-1 1.16745E-1 1.10993E-1 1.16728E-1 1.25191E-1 1.06508E-1
8.21704E-2 8.54355E-2 8.55329E-2 8.59779E-2 8.6235E-2 8.89146E-2 9.1844E-2 9.32093E-2 9.47694E-2 9.55104E-2 9.68014E-2 9.71395E-2 9.75728E-2 9.9044E-2 1.02134E-1 1.04224E-1 1.02685E-1 1.02637E-1 1.04191E-1 1.10039E-1 1.13502E-1 1.11487E-1 1.25233E-1 1.17402E-1 1.07154E-1 1.07456E-1 1.10877E-1 1.08665E-1 1.047E-1 1.07344E-1 1.12993E-1 1.13752E-1 1.13499E-1 1.17813E-1 1.25528E-1 1.23122E-1 1.14337E-1 1.14643E-1 1.14394E-1 1.21585E-1 1.27528E-1 1.209E-1 1.23221E-1 1.21847E-1 1.23908E-1 1.30437E-1 1.37136E-1 1.36536E-1 1.46061E-1 1.34801E-1 1.28979E-1 1.19161E-1 1.1255E-1 1.19148E-1 1.2475E-1 1.29873E-1 1.21283E-1 1.25969E-1 1.25073E-1 1.20903E-1 1.08925E-1
