maxent_outputs/bumblebees/bombus_139.asc
ncols         426
nrows         180
xllcorner     -130.0
yllcorner     24.0
cellsize      0.16666666666666666
NODATA_value  -9999
[rows 0 to 26 of 180, columns 122 to 182 of 426]
4.08419E-1 4.05654E-1 4.08405E-1 3.90086E-1 3.83431E-1 3.95854E-1 4.02158E-1 4.04914E-1 3.98944E-1 3.94402E-1 3.86096E-1 3.84094E-1 3.87243E-1 3.89079E-1 3.90235E-1 3.89242E-1 3.9466E-1 3.90597E-1 3.87708E-1 3.88619E-1 3.98084E-1 3.93719E-1 3.8635E-1 3.87182E-1 3.76273E-1 3.77616E-1 3.75088E-1 3.70496E-1 3.70063E-1 3.7267E-1 3.76411E-1 3.81245E-1 3.84809E-1 3.8589E-1 3.87839E-1 3.89565E-1 3.91983E-1 3.98072E-1 4.03708E-1 4.06515E-1 4.11892E-1 4.13354E-1 4.13144E-1 4.13913E-1 4.15933E-1 4.15532E-1 4.13155E-1 4.16049E-1 4.18959E-1 4.17907E-1 4.10863E-1 4.16444E-1 4.16279E-1 4.12734E-1 4.18883E-1 4.29473E-1 4.38986E-1 4.28925E-1 4.33644E-1 4.39764E-1 4.20165E-1
3.91247E-1 3.87618E-1 3.83632E-1 3.79748E-1 3.80212E-1 3.81026E-1 3.82083E-1 3.8216E-1 3.96524E-1 4.03112E-1 3.91372E-1 3.86215E-1 3.77606E-1 3.88313E-1 3.98022E-1 3.88476E-1 3.86594E-1 3.86778E-1 3.88676E-1 3.83934E-1 3.91874E-1 3.90752E-1 3.88908E-1 3.84647E-1 3.80048E-1 3.82255E-1 3.84042E-1 3.74857E-1 3.77643E-1 3.79619E-1 3.82457E-1 3.90202E-1 3.94384E-1 4.02003E-1 3.96619E-1 3.92287E-1 3.96724E-1 4.02993E-1 4.05115E-1 4.11405E-1 4.15706E-1 4.14176E-1 4.13177E-1 4.09946E-1 4.13529E-1 4.18977E-1 4.19105E-1 4.17221E-1 4.10545E-1 3.94541E-1 3.99475E-1 4.17188E-1 4.245E-1 4.22903E-1 4.22495E-1 4.25232E-1 4.44489E-1 4.38416E-1 4.24008E-1 4.22775E-1 4.16429E-1
3.75631E-1 3.74487E-1 3.70141E-1 3.70476E-1 3.82436E-1 3.8127E-1 3.88976E-1 3.82352E-1 3.84351E-1 3.8534E-1 3.95026E-1 3.82747E-1 3.75465E-1 3.78317E-1 3.9061E-1 3.89837E-1 3.84898E-1 3.82601E-1 3.84309E-1 3.89013E-1 3.88191E-1 3.92769E-1 3.89204E-1 3.84737E-1 3.73584E-1 3.75006E-1 3.74537E-1 3.78061E-1 3.80087E-1 3.83926E-1 3.81735E-1 3.84695E-1 3.87649E-1 3.89668E-1 3.93984E-1 4.05101E-1 4.12153E-1 4.14387E-1 4.03373E-1 4.13055E-1 4.16268E-1 4.20166E-1 4.12842E-1 4.13669E-1 4.13714E-1 4.25189E-1 4.20931E-1 4.155E-1 4.14806E-1 4.09326E-1 4.12213E-1 4.1966E-1 4.22465E-1 4.25288E-1 4.27266E-1 4.29196E-1 4.36865E-1 4.32569E-1 4.26628E-1 4.17856E-1 4.14857E-1
3.86683E-1 3.80552E-1 3.72965E-1 3.72546E-1 3.72881E-1 3.78152E-1 3.75755E-1 3.73635E-1 3.76335E-1 3.73461E-1 3.80498E-1 3.82291E-1 3.86761E-1 3.78747E-1 3.82097E-1 3.85291E-1 3.84059E-1 3.81913E-1 3.81964E-1 3.84765E-1 3.85578E-1 3.858E-1 3.80299E-1 3.76932E-1 3.73201E-1 3.67183E-1 3.64025E-1 3.72056E-1 3.7772E-1 3.85746E-1 3.88083E-1 3.89387E-1 3.96573E-1 3.94171E-1 3.97296E-1 4.00395E-1 3.96703E-1 4.02371E-1 4.07846E-1 4.1236E-1 4.15472E-1 4.16582E-1 4.02062E-1 3.86633E-1 3.9132E-1 4.14817E-1 4.1091E-1 4.06961E-1 4.07373E-1 4.11766E-1 4.11285E-1 4.12362E-1 4.25231E-1 4.3851E-1 4.43886E-1 4.48906E-1 4.50259E-1 4.51468E-1 4.28732E-1 4.19426E-1 4.18695E-1
3.917E-1 3.89865E-1 3.81149E-1 3.81479E-1 3.77344E-1 3.75448E-1 3.76561E-1 3.76631E-1 3.78083E-1 3.73497E-1 3.70931E-1 3.72346E-1 3.76985E-1 3.83065E-1 3.8789E-1 3.93022E-1 3.91166E-1 3.86061E-1 3.86321E-1 3.87514E-1 3.90651E-1 3.88124E-1 3.87395E-1 3.84773E-1 3.79427E-1 3.73401E-1 3.76744E-1 3.81598E-1 3.87123E-1 3.95792E-1 3.98996E-1 4.03176E-1 4.07735E-1 3.98242E-1 3.90087E-1 3.92119E-1 3.98714E-1 4.0583E-1 4.1097E-1 4.12923E-1 4.06781E-1 3.95705E-1 3.79847E-1 3.74321E-1 4.01859E-1 4.13537E-1 4.04218E-1 4.0342E-1 4.08213E-1 4.12667E-1 4.16112E-1 4.22232E-1 4.17645E-1 4.18144E-1 4.31223E-1 4.4086E-1 4.57222E-1 4.55703E-1 4.42371E-1 4.35049E-1 4.33718E-1
3.97887E-1 4.00556E-1 3.97086E-1 3.95815E-1 3.94035E-1 3.86599E-1 3.77304E-1 3.94817E-1 3.80917E-1 3.72956E-1 3.68299E-1 3.67524E-1 3.6899E-1 3.76449E-1 3.90888E-1 4.00411E-1 3.94603E-1 3.88103E-1 3.91346E-1 3.92339E-1 3.98396E-1 3.99103E-1 3.94426E-1 3.88007E-1 3.85624E-1 3.82093E-1 3.8136E-1 3.82467E-1 3.84373E-1 3.88311E-1 3.9311E-1 3.94918E-1 4.04699E-1 4.03935E-1 3.95433E-1 3.92394E-1 3.926E-1 4.00128E-1 4.03441E-1 3.97108E-1 3.89558E-1 3.83312E-1 3.85781E-1 3.96431E-1 4.14481E-1 4.13235E-1 4.0455E-1 4.06404E-1 4.197E-1 4.25301E-1 4.23959E-1 4.443E-1 4.48424E-1 4.46162E-1 4.50439E-1 4.47423E-1 4.46903E-1 4.44917E-1 4.40023E-1 4.23828E-1 4.2791E-1
4.10216E-1 4.08454E-1 4.10958E-1 4.09407E-1 4.00212E-1 3.94159E-1 3.86559E-1 3.77543E-1 3.70491E-1 3.70765E-1 3.6677E-1 3.65852E-1 3.679E-1 3.73843E-1 3.82421E-1 3.9837E-1 3.93219E-1 3.90904E-1 3.95622E-1 3.97077E-1 4.00701E-1 4.0446E-1 3.99178E-1 3.9365E-1 3.90794E-1 3.88544E-1 3.9088E-1 3.90633E-1 3.85927E-1 3.84204E-1 3.87128E-1 3.96021E-1 4.03618E-1 4.09054E-1 4.01265E-1 3.96284E-1 3.94613E-1 3.90651E-1 3.91148E-1 3.88578E-1 3.88009E-1 3.92671E-1 4.00465E-1 4.04932E-1 4.10952E-1 4.0619E-1 4.09032E-1 4.1683E-1 4.34433E-1 4.45833E-1 4.43948E-1 4.38977E-1 4.65353E-1 4.66641E-1 4.42498E-1 4.54854E-1 4.60031E-1 4.62667E-1 4.50431E-1 4.38511E-1 4.24911E-1
4.0176E-1 4.04602E-1 4.05096E-1 3.98202E-1 4.00697E-1 3.98225E-1 4.01944E-1 3.90597E-1 3.84702E-1 3.77249E-1 3.72207E-1 3.70875E-1 3.68251E-1 3.7164E-1 3.82781E-1 3.87775E-1 3.88058E-1 3.8986E-1 3.93001E-1 3.98378E-1 3.99266E-1 3.97606E-1 3.96767E-1 3.9524E-1 3.91843E-1 3.88327E-1 3.92411E-1 3.9448E-1 3.92461E-1 3.91478E-1 3.93399E-1 4.02281E-1 4.10946E-1 4.12281E-1 4.07328E-1 3.9747E-1 3.9435E-1 3.962E-1 3.90541E-1 3.85437E-1 3.8654E-1 3.97515E-1 4.0491E-1 4.02741E-1 4.02426E-1 4.14158E-1 4.14737E-1 4.13645E-1 4.12365E-1 4.07381E-1 4.26452E-1 4.34641E-1 4.46816E-1 4.5361E-1 4.34612E-1 4.46902E-1 4.4048E-1 4.4961E-1 4.59358E-1 4.48584E-1 4.35615E-1
4.06958E-1 3.94148E-1 3.88708E-1 3.87316E-1 3.91625E-1 3.90007E-1 3.9057E-1 3.98982E-1 4.059E-1 4.08109E-1 3.9219E-1 3.86166E-1 3.78394E-1 3.73584E-1 3.75455E-1 3.83755E-1 3.88816E-1 3.88145E-1 3.93018E-1 3.99433E-1 4.01673E-1 4.00921E-1 4.00658E-1 3.97922E-1 3.94013E-1 3.89227E-1 3.95398E-1 3.9181E-1 3.96677E-1 3.97173E-1 4.01161E-1 4.05252E-1 4.09623E-1 4.10456E-1 4.05039E-1 3.98138E-1 3.93088E-1 3.95824E-1 3.91943E-1 3.98182E-1 4.01352E-1 4.04285E-1 4.09436E-1 4.11197E-1 4.09206E-1 4.03404E-1 3.89733E-1 3.84088E-1 3.86935E-1 3.90185E-1 4.0202E-1 4.28723E-1 4.32802E-1 4.5655E-1 4.32993E-1 4.36992E-1 4.32158E-1 4.33433E-1 4.55624E-1 4.5385E-1 4.33083E-1
4.06934E-1 4.01296E-1 3.96092E-1 3.84417E-1 3.83144E-1 3.87583E-1 3.85648E-1 3.88666E-1 3.87869E-1 3.92635E-1 4.03668E-1 4.03368E-1 3.92793E-1 3.85534E-1 3.8193E-1 3.84824E-1 3.84978E-1 3.86096E-1 3.91586E-1 3.97628E-1 4.00024E-1 4.01003E-1 4.01223E-1 3.99083E-1 3.94883E-1 3.88033E-1 3.8947E-1 3.94431E-1 3.99355E-1 3.95875E-1 3.97961E-1 3.99732E-1 4.05256E-1 4.02561E-1 4.01108E-1 3.95971E-1 3.87248E-1 3.83009E-1 3.84861E-1 3.94868E-1 4.00625E-1 4.06437E-1 4.06544E-1 4.03218E-1 4.02691E-1 3.92648E-1 3.81482E-1 3.79109E-1 3.83774E-1 3.94732E-1 4.10488E-1 4.24941E-1 4.25353E-1 4.50295E-1 4.47327E-1 4.42205E-1 4.35454E-1 4.37365E-1 4.39979E-1 4.43058E-1 4.30013E-1
4.04647E-1 4.01654E-1 3.97955E-1 3.90068E-1 3.85732E-1 3.88727E-1 3.89904E-1 3.89004E-1 3.87572E-1 3.87229E-1 3.94095E-1 4.1048E-1 3.98009E-1 3.91926E-1 3.90302E-1 3.87986E-1 3.87217E-1 3.89392E-1 3.92781E-1 3.98925E-1 4.01463E-1 4.03823E-1 4.03025E-1 3.98242E-1 3.94639E-1 3.89089E-1 3.88473E-1 3.905E-1 3.9239E-1 3.98875E-1 3.9979E-1 3.9486E-1 3.98943E-1 4.01653E-1 3.99418E-1 3.96663E-1 3.87341E-1 3.81727E-1 3.8739E-1 3.93666E-1 3.97312E-1 3.96952E-1 3.95052E-1 4.02867E-1 4.06198E-1 3.97401E-1 3.90523E-1 3.9804E-1 3.92681E-1 4.0143E-1 4.09773E-1 4.10029E-1 4.17318E-1 4.31912E-1 4.2991E-1 4.28324E-1 4.30556E-1 4.49053E-1 4.43561E-1 4.33149E-1 4.27876E-1
3.98589E-1 3.98765E-1 3.92343E-1 3.86014E-1 3.86152E-1 3.90641E-1 3.91509E-1 3.91379E-1 3.94789E-1 3.93938E-1 3.94572E-1 4.03062E-1 4.01037E-1 3.96306E-1 3.96317E-1 3.96328E-1 3.93252E-1 3.94948E-1 3.93053E-1 3.98492E-1 4.00942E-1 3.99144E-1 3.9951E-1 3.95469E-1 3.91056E-1 3.84913E-1 3.82634E-1 3.87058E-1 3.89205E-1 3.94731E-1 3.98263E-1 3.99212E-1 3.9889E-1 3.99855E-1 3.99734E-1 3.9706E-1 3.86118E-1 3.81896E-1 3.82928E-1 3.85314E-1 3.95074E-1 3.9091E-1 3.88904E-1 3.86479E-1 3.92297E-1 3.95763E-1 3.96076E-1 3.97274E-1 3.87362E-1 3.83793E-1 3.91807E-1 4.06083E-1 4.25869E-1 4.34148E-1 4.2387E-1 4.22142E-1 4.32171E-1 4.44944E-1 4.42706E-1 4.28016E-1 4.31455E-1
3.82356E-1 3.884E-1 3.85097E-1 3.85538E-1 3.81021E-1 3.85999E-1 3.86898E-1 3.90341E-1 3.96808E-1 4.03807E-1 4.02753E-1 3.99718E-1 3.97579E-1 3.96323E-1 3.97018E-1 3.93531E-1 3.92573E-1 3.96837E-1 3.90649E-1 3.99217E-1 4.02358E-1 4.02495E-1 4.01968E-1 3.99703E-1 3.94812E-1 3.84891E-1 3.80777E-1 3.85483E-1 3.8908E-1 3.9434E-1 3.968E-1 4.16324E-1 4.11441E-1 4.20224E-1 4.14492E-1 3.98489E-1 3.9755E-1 3.8949E-1 3.8345E-1 3.87637E-1 3.90953E-1 3.9556E-1 3.88842E-1 3.86916E-1 3.86466E-1 3.96218E-1 3.97656E-1 3.95464E-1 3.90228E-1 3.87635E-1 4.0111E-1 4.08807E-1 4.00978E-1 4.11961E-1 4.32021E-1 4.28965E-1 4.18964E-1 4.29044E-1 4.34911E-1 4.25276E-1 4.16453E-1
3.75883E-1 3.80688E-1 3.81009E-1 3.7915E-1 3.80114E-1 3.83962E-1 3.82809E-1 3.80249E-1 3.86193E-1 3.92828E-1 3.94222E-1 3.91974E-1 3.96875E-1 3.98933E-1 3.9323E-1 3.95115E-1 3.92081E-1 3.93697E-1 3.94768E-1 4.03853E-1 4.059E-1 4.04247E-1 4.04474E-1 3.98307E-1 3.91451E-1 3.91494E-1 3.79239E-1 3.86281E-1 3.91395E-1 3.93212E-1 3.93956E-1 4.06652E-1 4.03257E-1 4.03015E-1 4.06779E-1 4.09578E-1 4.11607E-1 4.10399E-1 4.0291E-1 3.92757E-1 3.86764E-1 3.84426E-1 3.75971E-1 3.8292E-1 3.90555E-1 3.98094E-1 3.89446E-1 3.97564E-1 3.97249E-1 3.94108E-1 3.96004E-1 3.87491E-1 3.85037E-1 3.96865E-1 4.17572E-1 4.13148E-1 4.14499E-1 4.22719E-1 4.28687E-1 4.30108E-1 4.20345E-1
3.8009E-1 3.84384E-1 3.79508E-1 3.82482E-1 3.83067E-1 3.79165E-1 3.83529E-1 3.90284E-1 3.89062E-1 3.86053E-1 3.78817E-1 3.75874E-1 3.79298E-1 3.86844E-1 3.90595E-1 3.94753E-1 3.98568E-1 3.92536E-1 3.9498E-1 3.93724E-1 3.92265E-1 3.93983E-1 3.93411E-1 3.92125E-1 3.88455E-1 3.82838E-1 3.81339E-1 3.82647E-1 3.85454E-1 3.89574E-1 3.88721E-1 3.87357E-1 3.8881E-1 3.94771E-1 4.02501E-1 4.06613E-1 4.07158E-1 4.03187E-1 4.01963E-1 3.98925E-1 3.97438E-1 3.99639E-1 3.95909E-1 3.88362E-1 3.84965E-1 3.82026E-1 3.78402E-1 3.76205E-1 3.84231E-1 3.78417E-1 3.81166E-1 3.82101E-1 3.78884E-1 3.87269E-1 4.11063E-1 3.9874E-1 4.14812E-1 4.0879E-1 4.11707E-1 4.24994E-1 4.24903E-1
3.88049E-1 3.89766E-1 3.85973E-1 3.84311E-1 3.90937E-1 3.90293E-1 3.82748E-1 3.83374E-1 3.84697E-1 3.8588E-1 3.71978E-1 3.67269E-1 3.71299E-1 3.81956E-1 3.86911E-1 3.94557E-1 4.00695E-1 3.96382E-1 3.95813E-1 3.94633E-1 3.89788E-1 3.8996E-1 3.83551E-1 3.80786E-1 3.86094E-1 3.83417E-1 3.80585E-1 3.77659E-1 3.82931E-1 3.83263E-1 3.80479E-1 3.76942E-1 3.83624E-1 3.90958E-1 3.94431E-1 3.98048E-1 3.99362E-1 3.95763E-1 3.93145E-1 3.95592E-1 3.98463E-1 3.94799E-1 3.9565E-1 3.9226E-1 3.82576E-1 3.88367E-1 3.7996E-1 3.75706E-1 3.578E-1 3.54879E-1 3.61856E-1 3.80583E-1 3.82664E-1 3.89481E-1 4.05131E-1 3.92181E-1 3.96855E-1 3.99429E-1 4.23175E-1 4.17105E-1 4.03672E-1
3.88654E-1 3.89688E-1 3.92747E-1 3.87135E-1 3.87225E-1 3.88588E-1 3.79641E-1 3.75776E-1 3.79853E-1 3.85532E-1 3.84391E-1 3.79574E-1 3.8008E-1 3.79726E-1 3.79016E-1 3.87666E-1 3.98977E-1 3.95424E-1 3.89956E-1 3.91741E-1 3.85649E-1 3.90888E-1 3.89404E-1 3.78277E-1 3.79359E-1 3.78836E-1 3.90375E-1 3.81361E-1 3.84334E-1 3.82813E-1 3.79373E-1 3.74258E-1 3.81702E-1 3.86843E-1 3.88161E-1 3.94373E-1 3.93691E-1 3.8964E-1 3.87338E-1 3.892E-1 3.95909E-1 3.98562E-1 3.92821E-1 3.88737E-1 3.79092E-1 3.79819E-1 3.79078E-1 3.76507E-1 3.72294E-1 3.66516E-1 3.64079E-1 3.74849E-1 3.8795E-1 3.9221E-1 3.92797E-1 3.92369E-1 3.94539E-1 4.06633E-1 4.26962E-1 4.42593E-1 4.15589E-1
3.86389E-1 3.87333E-1 3.87714E-1 3.90379E-1 3.95476E-1 3.89955E-1 3.79887E-1 3.73521E-1 3.83439E-1 3.88968E-1 3.87497E-1 3.87563E-1 3.78972E-1 3.76354E-1 3.80594E-1 3.87491E-1 3.93752E-1 3.98941E-1 3.96243E-1 3.89003E-1 3.87231E-1 3.89943E-1 3.91391E-1 3.80749E-1 3.76091E-1 3.77353E-1 3.89157E-1 3.84438E-1 3.85367E-1 3.87612E-1 3.84323E-1 3.80666E-1 3.80659E-1 3.82098E-1 3.81932E-1 3.87167E-1 3.87585E-1 3.8963E-1 3.90114E-1 3.89617E-1 3.92546E-1 3.94887E-1 3.92055E-1 3.90923E-1 3.80275E-1 3.76995E-1 3.80497E-1 3.79603E-1 3.79773E-1 3.80574E-1 3.71831E-1 3.77181E-1 3.85287E-1 3.84683E-1 3.90514E-1 3.95601E-1 4.00022E-1 4.06948E-1 4.16545E-1 4.28305E-1 4.22758E-1
3.91533E-1 3.905E-1 3.86858E-1 3.83793E-1 3.89577E-1 3.94155E-1 3.92738E-1 3.86749E-1 3.88904E-1 3.85361E-1 3.81061E-1 3.78968E-1 3.80481E-1 3.793E-1 3.82696E-1 3.86803E-1 4.04731E-1 3.93289E-1 3.91906E-1 3.96482E-1 3.91056E-1 3.88322E-1 3.84049E-1 3.83355E-1 3.79837E-1 3.80425E-1 3.86411E-1 3.87267E-1 3.84135E-1 3.82895E-1 3.8306E-1 3.84098E-1 3.79204E-1 3.76644E-1 3.79776E-1 3.80162E-1 3.82742E-1 3.88313E-1 3.89808E-1 3.88643E-1 3.96747E-1 3.97487E-1 3.96735E-1 3.92666E-1 3.8795E-1 3.83545E-1 3.82657E-1 3.79787E-1 3.78157E-1 3.75529E-1 3.6933E-1 3.71034E-1 3.81574E-1 3.85906E-1 3.94359E-1 4.02918E-1 4.05135E-1 4.01324E-1 4.12692E-1 4.22662E-1 4.13013E-1
3.93049E-1 3.85791E-1 3.77628E-1 3.77408E-1 3.79177E-1 3.85785E-1 3.94033E-1 3.94081E-1 3.85998E-1 3.86464E-1 3.79454E-1 3.70049E-1 3.76475E-1 3.88868E-1 3.95853E-1 4.00818E-1 3.99779E-1 3.97835E-1 3.96298E-1 3.95792E-1 3.90586E-1 3.90411E-1 3.91431E-1 3.89271E-1 3.88085E-1 3.85736E-1 3.86681E-1 3.89672E-1 3.88822E-1 3.84909E-1 3.8377E-1 3.89358E-1 3.85384E-1 3.82362E-1 3.8612E-1 3.8549E-1 3.87635E-1 3.85849E-1 3.89999E-1 3.92984E-1 4.02162E-1 4.02584E-1 4.0009E-1 3.97975E-1 3.93892E-1 3.92877E-1 3.90231E-1 3.82278E-1 3.80395E-1 3.79902E-1 3.71114E-1 3.6912E-1 3.7104E-1 3.63219E-1 3.75299E-1 3.81655E-1 3.8617E-1 3.92349E-1 3.95957E-1 3.95401E-1 4.19308E-1
3.73281E-1 3.73486E-1 3.60474E-1 3.61745E-1 3.6555E-1 3.75472E-1 3.84105E-1 3.87747E-1 3.85857E-1 3.84305E-1 3.83822E-1 3.8145E-1 3.85802E-1 3.81238E-1 3.73039E-1 3.78928E-1 3.85439E-1 3.9486E-1 3.9511E-1 3.91399E-1 3.90735E-1 3.8888E-1 3.93465E-1 3.89672E-1 3.8398E-1 3.90581E-1 3.91479E-1 3.88338E-1 3.85223E-1 3.80698E-1 3.75056E-1 3.74045E-1 3.76312E-1 3.75361E-1 3.74917E-1 3.80616E-1 3.8975E-1 3.94041E-1 3.982E-1 4.01681E-1 4.03971E-1 4.09126E-1 4.04188E-1 4.02193E-1 3.93557E-1 3.97174E-1 4.00935E-1 3.94216E-1 3.81916E-1 3.83752E-1 3.79398E-1 3.79145E-1 3.78959E-1 3.73702E-1 3.68002E-1 3.65112E-1 3.70942E-1 3.78567E-1 3.82975E-1 3.87759E-1 4.05146E-1
3.70806E-1 3.66706E-1 3.57937E-1 3.53681E-1 3.58096E-1 3.68077E-1 3.74445E-1 3.78588E-1 3.80697E-1 3.80312E-1 3.77844E-1 3.78613E-1 3.81116E-1 3.7806E-1 3.75511E-1 3.78831E-1 3.81181E-1 3.83239E-1 3.83545E-1 3.82079E-1 3.85235E-1 3.86632E-1 3.93708E-1 4.02581E-1 3.91445E-1 3.82781E-1 3.8264E-1 3.73205E-1 3.70689E-1 3.66738E-1 3.67425E-1 3.73557E-1 3.706E-1 3.68151E-1 3.71704E-1 3.75138E-1 3.84514E-1 3.93201E-1 4.00841E-1 4.01691E-1 4.06601E-1 4.08781E-1 4.01004E-1 3.92634E-1 3.89661E-1 3.89125E-1 3.92686E-1 3.95442E-1 3.91211E-1 3.86083E-1 3.90297E-1 3.89441E-1 3.92455E-1 3.85284E-1 3.71888E-1 3.62248E-1 3.6946E-1 3.75301E-1 3.78584E-1 3.76324E-1 3.97979E-1
3.654E-1 3.56674E-1 3.55008E-1 3.55026E-1 3.58212E-1 3.6425E-1 3.6967E-1 3.8005E-1 3.77871E-1 3.80229E-1 3.82238E-1 3.84538E-1 3.85205E-1 3.8167E-1 3.78373E-1 3.79695E-1 3.83318E-1 3.79495E-1 3.77077E-1 3.71802E-1 3.73707E-1 3.77079E-1 3.80668E-1 3.93273E-1 4.12298E-1 3.99382E-1 3.79986E-1 3.70744E-1 3.63784E-1 3.64458E-1 3.66604E-1 3.66441E-1 3.67664E-1 3.76177E-1 3.75399E-1 3.78293E-1 3.80339E-1 3.8535E-1 3.9049E-1 3.94449E-1 3.96788E-1 3.9885E-1 3.96835E-1 3.90617E-1 3.85398E-1 3.86282E-1 3.86036E-1 3.87978E-1 3.90738E-1 3.90686E-1 3.9608E-1 3.95709E-1 3.91875E-1 3.79417E-1 3.71921E-1 3.64983E-1 3.66567E-1 3.73426E-1 3.85147E-1 3.93802E-1 3.99943E-1
3.68947E-1 3.63673E-1 3.66659E-1 3.71934E-1 3.67522E-1 3.71898E-1 3.77921E-1 3.82202E-1 3.81689E-1 3.78401E-1 3.76878E-1 3.75503E-1 3.74994E-1 3.80772E-1 3.79266E-1 3.84412E-1 3.81056E-1 3.7664E-1 3.80466E-1 3.73996E-1 3.7757E-1 3.98893E-1 4.13819E-1 3.88843E-1 3.92476E-1 4.02874E-1 3.96663E-1 3.89916E-1 3.78379E-1 3.70216E-1 3.69247E-1 3.69906E-1 3.71188E-1 3.75154E-1 3.80506E-1 3.81803E-1 3.82742E-1 3.8645E-1 3.88501E-1 3.89944E-1 3.86665E-1 3.87289E-1 3.82744E-1 3.80579E-1 3.7652E-1 3.78553E-1 3.82536E-1 3.8325E-1 3.85151E-1 3.86904E-1 3.85601E-1 3.95546E-1 3.97001E-1 3.82342E-1 3.72621E-1 3.72172E-1 3.76202E-1 3.82059E-1 3.90148E-1 3.95432E-1 3.91058E-1
3.88767E-1 3.88788E-1 3.87793E-1 3.98241E-1 3.97622E-1 3.97581E-1 3.92874E-1 3.82353E-1 3.79011E-1 3.77585E-1 3.77434E-1 3.75623E-1 3.81458E-1 3.81268E-1 3.72966E-1 3.74647E-1 3.74235E-1 3.81179E-1 3.88413E-1 3.79484E-1 3.84412E-1 3.8615E-1 3.84149E-1 3.83075E-1 3.768E-1 3.88732E-1 3.84511E-1 3.85476E-1 3.9017E-1 3.75313E-1 3.87908E-1 3.8614E-1 3.82031E-1 3.78658E-1 3.83446E-1 3.84703E-1 3.86549E-1 3.8687E-1 3.86085E-1 3.84778E-1 3.77771E-1 3.70848E-1 3.71398E-1 3.761E-1 3.74843E-1 3.71838E-1 3.71019E-1 3.7496E-1 3.78844E-1 3.84049E-1 3.80662E-1 3.90813E-1 4.07847E-1 3.94398E-1 3.86979E-1 3.81896E-1 3.87917E-1 3.95917E-1 3.96812E-1 3.88395E-1 3.81767E-1
3.90903E-1 3.86544E-1 3.82747E-1 3.88266E-1 3.93194E-1 3.96853E-1 3.91927E-1 3.75965E-1 3.70507E-1 3.71192E-1 3.70361E-1 3.7701E-1 3.78618E-1 3.82289E-1 3.80789E-1 3.7051E-1 3.63593E-1 3.65438E-1 3.78371E-1 3.83532E-1 3.86854E-1 3.88738E-1 3.89835E-1 3.89281E-1 3.83825E-1 3.79641E-1 3.78007E-1 3.68843E-1 3.79697E-1 4.05562E-1 4.1456E-1 3.93221E-1 3.88746E-1 3.96037E-1 3.87465E-1 3.88636E-1 3.86893E-1 3.88648E-1 3.87333E-1 3.83033E-1 3.77311E-1 3.6788E-1 3.67951E-1 3.76168E-1 3.76393E-1 3.7354E-1 3.65699E-1 3.65578E-1 3.71266E-1 3.7896E-1 3.85923E-1 3.98438E-1 4.05773E-1 4.14607E-1 4.04471E-1 3.98744E-1 3.92175E-1 3.90418E-1 3.9554E-1 3.91953E-1 3.83233E-1
3.64393E-1 3.6154E-1 3.57886E-1 3.69315E-1 3.86115E-1 3.96315E-1 3.78979E-1 3.71784E-1 3.66842E-1 3.65488E-1 3.64488E-1 3.61026E-1 3.78288E-1 3.85115E-1 3.79503E-1 3.67286E-1 3.58895E-1 3.55524E-1 3.67452E-1 3.74533E-1 3.83417E-1 3.88844E-1 3.90218E-1 3.81926E-1 3.82738E-1 3.9685E-1 3.93181E-1 3.87335E-1 3.92405E-1 4.06611E-1 4.19154E-1 4.19974E-1 4.08924E-1 4.05471E-1 3.98251E-1 3.94218E-1 3.90755E-1 3.91992E-1 3.87074E-1 3.81619E-1 3.77486E-1 3.74259E-1 3.70769E-1 3.74943E-1 3.78758E-1 3.73E-1 3.64138E-1 3.59892E-1 3.69168E-1 3.82056E-1 3.90033E-1 3.96629E-1 3.95983E-1 4.11159E-1 4.09742E-1 4.0414E-1 3.91007E-1 3.87378E-1 3.92608E-1 3.94163E-1 3.91464E-1
