maxent_outputs/bumblebees/bombus_77.asc
ncols         426
nrows         180
xllcorner     -130.0
yllcorner     24.0
cellsize      0.16666666666666666
NODATA_value  -9999
[rows 0 to 26 of 180, columns 61 to 121 of 426]
1.02997E-1 1.05407E-1 1.3318E-1 1.37966E-1 1.33349E-1 1.31499E-1 1.30921E-1 1.22554E-1 1.19658E-1 1.14557E-1 1.0861E-1 9.88603E-2 9.34829E-2 9.38456E-2 8.93794E-2 8.5648E-2 8.93678E-2 8.7472E-2 8.62568E-2 8.03158E-2 8.19999E-2 8.15242E-2 8.14006E-2 7.75448E-2 7.99171E-2 8.02587E-2 7.71006E-2 5.91855E-2 5.58872E-2 5.15751E-2 5.09427E-2 5.60286E-2 6.7007E-2 6.33343E-2 6.34933E-2 5.55405E-2 5.60003E-2 5.25393E-2 5.58323E-2 5.8202E-2 5.53151E-2 5.89935E-2 5.92617E-2 6.11587E-2 6.24204E-2 6.38388E-2 6.49817E-2 6.36506E-2 6.41057E-2 6.1987E-2 5.81629E-2 6.04251E-2 5.87931E-2 5.78737E-2 5.79215E-2 5.43044E-2 5.42931E-2 5.29767E-2 5.31989E-2 5.17765E-2 5.65933E-2
1.04509E-1 1.01236E-1 1.20615E-1 1.11009E-1 1.11787E-1 1.24038E-1 1.2282E-1 1.21937E-1 1.14848E-1 1.13098E-1 1.08435E-1 1.04056E-1 9.77575E-2 9.83324E-2 9.45438E-2 9.2849E-2 9.00318E-2 8.52498E-2 8.43339E-2 8.67001E-2 8.65334E-2 7.80948E-2 6.54233E-2 6.0083E-2 5.71236E-2 5.40093E-2 6.68971E-2 5.59627E-2 5.50632E-2 5.96072E-2 6.83469E-2 7.10519E-2 7.85385E-2 6.4354E-2 7.37305E-2 6.79708E-2 5.32933E-2 5.49941E-2 5.53239E-2 5.97663E-2 6.52228E-2 6.72291E-2 7.54729E-2 6.44449E-2 6.67155E-2 6.71574E-2 6.44594E-2 6.53804E-2 6.46354E-2 6.20189E-2 5.91929E-2 5.9252E-2 5.9598E-2 5.64997E-2 5.51865E-2 5.42584E-2 5.30646E-2 5.13873E-2 5.12231E-2 4.7684E-2 4.8539E-2
1.05378E-1 9.68138E-2 9.95951E-2 1.01782E-1 9.69579E-2 9.92809E-2 1.03255E-1 1.04539E-1 1.08328E-1 1.09649E-1 9.62915E-2 9.98767E-2 9.75619E-2 9.48023E-2 7.64126E-2 8.23566E-2 9.21253E-2 8.99508E-2 8.73668E-2 7.6672E-2 7.43461E-2 7.1999E-2 7.0042E-2 7.06864E-2 6.65922E-2 6.77243E-2 6.64051E-2 5.31968E-2 5.08348E-2 5.48051E-2 7.01301E-2 8.23469E-2 7.99226E-2 7.34615E-2 7.71791E-2 7.47532E-2 6.5508E-2 8.35491E-2 8.62421E-2 7.66424E-2 7.0782E-2 7.56278E-2 7.48848E-2 6.77804E-2 6.13251E-2 6.59383E-2 6.54607E-2 6.2719E-2 6.38949E-2 6.21475E-2 6.18021E-2 5.88802E-2 5.94789E-2 5.81729E-2 5.535E-2 5.33241E-2 5.22166E-2 5.11999E-2 5.05955E-2 4.83534E-2 4.72907E-2
9.89033E-2 1.04351E-1 1.07067E-1 9.43282E-2 9.97319E-2 9.68661E-2 9.76632E-2 9.65846E-2 1.02675E-1 1.14672E-1 1.01815E-1 8.19936E-2 8.09548E-2 7.42368E-2 7.29577E-2 7.81476E-2 8.75949E-2 8.66057E-2 8.29215E-2 7.46644E-2 8.26626E-2 8.32164E-2 7.72689E-2 7.53401E-2 7.54969E-2 7.33688E-2 7.61989E-2 6.83457E-2 6.52258E-2 5.82342E-2 5.47811E-2 6.43288E-2 8.45414E-2 7.06911E-2 6.87349E-2 5.95755E-2 6.8306E-2 7.13292E-2 7.26833E-2 6.85051E-2 7.89304E-2 7.95305E-2 8.03143E-2 7.95266E-2 6.35251E-2 6.1272E-2 6.35622E-2 6.00927E-2 6.21846E-2 6.2869E-2 6.23118E-2 6.37377E-2 6.0352E-2 5.8365E-2 5.54882E-2 5.34439E-2 4.96645E-2 5.23903E-2 5.05621E-2 4.96225E-2 4.68287E-2
1.07312E-1 1.0182E-1 1.01848E-1 1.11104E-1 9.58254E-2 9.47803E-2 9.84305E-2 1.01731E-1 1.08189E-1 9.9882E-2 1.0366E-1 8.73435E-2 7.96601E-2 7.38923E-2 7.56909E-2 8.73E-2 8.65797E-2 8.60385E-2 8.53393E-2 7.3935E-2 7.90865E-2 8.04895E-2 7.98457E-2 7.75017E-2 7.10395E-2 6.9472E-2 6.49799E-2 6.48877E-2 5.7502E-2 6.12101E-2 6.42101E-2 7.13497E-2 7.89774E-2 8.0696E-2 7.84511E-2 7.30566E-2 7.06103E-2 6.97988E-2 6.52449E-2 6.06442E-2 6.4182E-2 7.31524E-2 7.53789E-2 7.57139E-2 7.07629E-2 6.92998E-2 6.79608E-2 6.36267E-2 6.28695E-2 6.65746E-2 6.53887E-2 6.74697E-2 6.13735E-2 6.06464E-2 5.93658E-2 5.59768E-2 5.38743E-2 5.39884E-2 5.31234E-2 5.31366E-2 5.05364E-2
1.10225E-1 1.03399E-1 1.04712E-1 9.46114E-2 1.08825E-1 8.7984E-2 9.1912E-2 9.59717E-2 9.92443E-2 9.91852E-2 9.62323E-2 9.60879E-2 9.13193E-2 8.91124E-2 8.46408E-2 8.08016E-2 8.38571E-2 8.49799E-2 8.35964E-2 8.09591E-2 8.2137E-2 7.93455E-2 7.7868E-2 7.84729E-2 7.65811E-2 7.15884E-2 7.67339E-2 7.3658E-2 7.22066E-2 6.7744E-2 7.14908E-2 7.46737E-2 7.76791E-2 8.03949E-2 9.12479E-2 8.5128E-2 8.33281E-2 7.82107E-2 7.18827E-2 6.7852E-2 6.74444E-2 6.13474E-2 6.32262E-2 6.90541E-2 6.57405E-2 6.31572E-2 6.4739E-2 6.15356E-2 6.08053E-2 6.59594E-2 6.64054E-2 6.62428E-2 5.81825E-2 5.51605E-2 5.71828E-2 5.70154E-2 5.46475E-2 5.23126E-2 5.29285E-2 5.15626E-2 5.27509E-2
1.07664E-1 1.01667E-1 1.08679E-1 1.05555E-1 1.12165E-1 9.85438E-2 8.98573E-2 9.4529E-2 9.41524E-2 1.00767E-1 8.82558E-2 9.42823E-2 8.38187E-2 8.34174E-2 8.13598E-2 8.70844E-2 8.16054E-2 8.01018E-2 7.86329E-2 7.99413E-2 7.81702E-2 7.53806E-2 7.52851E-2 7.75086E-2 7.65767E-2 7.22534E-2 7.87334E-2 8.07539E-2 8.40968E-2 6.51662E-2 7.44635E-2 6.84746E-2 7.21331E-2 7.19161E-2 8.02907E-2 7.80277E-2 7.46118E-2 7.76706E-2 7.43674E-2 7.03357E-2 7.12357E-2 6.71391E-2 6.89651E-2 6.34702E-2 5.74276E-2 5.70797E-2 5.92079E-2 5.7668E-2 5.57096E-2 6.33446E-2 6.6992E-2 6.70502E-2 5.89858E-2 5.68604E-2 5.70038E-2 5.29703E-2 5.66046E-2 5.15763E-2 4.94447E-2 4.98144E-2 4.9409E-2
1.14399E-1 1.23181E-1 1.08004E-1 1.13461E-1 1.06266E-1 1.03769E-1 1.08731E-1 1.03854E-1 1.19062E-1 9.64497E-2 9.46578E-2 8.35902E-2 8.29153E-2 8.27454E-2 8.7161E-2 9.41064E-2 9.19E-2 8.18369E-2 7.62424E-2 6.92E-2 6.55692E-2 7.25419E-2 7.3569E-2 7.69212E-2 7.61262E-2 8.00206E-2 8.22954E-2 8.09551E-2 8.32887E-2 7.99063E-2 7.76503E-2 6.76474E-2 6.29349E-2 5.96689E-2 7.42294E-2 7.5616E-2 7.06018E-2 7.40495E-2 7.62347E-2 7.77186E-2 7.65072E-2 7.30752E-2 7.12774E-2 7.51433E-2 6.93744E-2 6.52768E-2 6.29626E-2 5.91365E-2 6.11601E-2 5.79858E-2 6.04711E-2 6.55522E-2 6.108E-2 5.87323E-2 5.67592E-2 6.07318E-2 5.74786E-2 5.05805E-2 5.26681E-2 5.03592E-2 5.2944E-2
1.00838E-1 1.04934E-1 1.06131E-1 1.14417E-1 1.06993E-1 1.03134E-1 1.01096E-1 1.08782E-1 9.72383E-2 8.72925E-2 1.01709E-1 8.81112E-2 8.16972E-2 8.02243E-2 7.14986E-2 7.37992E-2 8.40108E-2 7.6387E-2 8.19448E-2 7.986E-2 7.48591E-2 7.25989E-2 6.93997E-2 6.60997E-2 6.98498E-2 7.43476E-2 8.09928E-2 8.32059E-2 8.07938E-2 7.73224E-2 7.31824E-2 6.60592E-2 5.13335E-2 6.30321E-2 7.44591E-2 7.95025E-2 7.181E-2 7.68803E-2 8.07467E-2 7.91676E-2 7.85003E-2 8.15536E-2 7.69203E-2 7.73643E-2 7.31651E-2 7.19263E-2 6.74252E-2 6.33687E-2 6.19669E-2 6.42392E-2 6.6115E-2 6.99566E-2 6.97468E-2 6.38693E-2 6.21429E-2 6.27391E-2 6.1604E-2 5.7144E-2 6.2725E-2 6.2584E-2 6.07775E-2
1.06365E-1 1.17194E-1 1.12712E-1 1.11621E-1 1.06768E-1 1.16649E-1 1.12244E-1 1.10004E-1 1.11133E-1 9.37608E-2 9.08151E-2 8.29872E-2 8.43671E-2 7.79621E-2 7.38365E-2 6.85178E-2 7.32905E-2 8.61472E-2 8.06564E-2 8.60109E-2 7.86585E-2 7.0824E-2 6.88843E-2 6.91591E-2 6.77448E-2 7.32343E-2 7.89355E-2 8.31572E-2 8.54652E-2 7.189E-2 4.91103E-2 5.4222E-2 5.75425E-2 6.86824E-2 7.11463E-2 7.15551E-2 7.0435E-2 7.28833E-2 7.67141E-2 8.05989E-2 8.12661E-2 8.83411E-2 8.07946E-2 7.76207E-2 7.24055E-2 7.26023E-2 7.8187E-2 7.4204E-2 7.01181E-2 6.24612E-2 6.53256E-2 6.74542E-2 6.73395E-2 6.4719E-2 5.96885E-2 6.24298E-2 5.53273E-2 5.43617E-2 5.47545E-2 5.51557E-2 5.79908E-2
1.05975E-1 1.10567E-1 1.14006E-1 1.10724E-1 1.13868E-1 1.13107E-1 1.1315E-1 1.15034E-1 1.12941E-1 9.81054E-2 9.65505E-2 8.03142E-2 7.94331E-2 8.12113E-2 7.54403E-2 7.18289E-2 7.02452E-2 6.75505E-2 7.79969E-2 8.46547E-2 7.66161E-2 7.41687E-2 7.50008E-2 7.55185E-2 7.0742E-2 7.26431E-2 7.54387E-2 7.68071E-2 7.86282E-2 7.57178E-2 6.72946E-2 6.18265E-2 5.53547E-2 4.43626E-2 6.24205E-2 6.5552E-2 7.36072E-2 7.73775E-2 7.95145E-2 8.16462E-2 7.79818E-2 7.88444E-2 7.99647E-2 7.81564E-2 7.42541E-2 6.99819E-2 7.083E-2 7.33935E-2 7.5265E-2 6.86083E-2 5.75586E-2 6.03754E-2 6.52165E-2 6.2655E-2 6.30926E-2 6.39134E-2 6.17828E-2 5.84616E-2 5.89982E-2 5.70404E-2 5.92746E-2
1.04163E-1 1.04978E-1 1.05624E-1 1.07667E-1 1.10408E-1 1.11076E-1 9.96621E-2 1.16819E-1 1.23533E-1 1.10398E-1 1.06213E-1 8.87618E-2 8.68822E-2 8.04521E-2 8.23062E-2 7.67363E-2 7.89427E-2 8.06503E-2 7.86552E-2 7.95541E-2 8.13284E-2 7.89148E-2 7.9294E-2 7.68761E-2 7.24042E-2 7.31394E-2 7.3303E-2 7.10246E-2 6.97918E-2 7.27444E-2 7.53767E-2 7.73906E-2 7.48022E-2 6.68624E-2 6.29798E-2 7.21293E-2 7.45182E-2 7.73353E-2 8.13129E-2 7.93641E-2 7.97067E-2 7.66674E-2 7.74513E-2 7.78413E-2 7.2327E-2 6.74381E-2 7.33592E-2 6.14491E-2 5.71224E-2 6.07872E-2 6.01037E-2 5.15792E-2 5.53247E-2 5.72476E-2 5.23829E-2 5.56175E-2 5.65129E-2 5.84244E-2 5.87044E-2 5.90043E-2 6.06732E-2
1.11188E-1 1.05681E-1 1.08351E-1 1.09899E-1 1.16818E-1 1.10927E-1 1.04007E-1 1.27414E-1 1.19749E-1 1.21262E-1 1.14859E-1 1.07137E-1 8.73899E-2 8.55966E-2 6.90956E-2 7.76461E-2 7.915E-2 8.32034E-2 7.14044E-2 8.67669E-2 7.86299E-2 7.38277E-2 8.12696E-2 7.9467E-2 7.60312E-2 7.5563E-2 7.83583E-2 7.74277E-2 7.084E-2 7.07797E-2 7.42528E-2 7.54031E-2 8.10398E-2 8.11223E-2 7.85147E-2 7.58414E-2 7.09426E-2 6.90045E-2 6.67726E-2 6.61929E-2 7.20989E-2 7.15763E-2 6.29311E-2 7.57082E-2 6.90176E-2 6.53673E-2 7.00692E-2 6.63068E-2 6.43054E-2 5.42932E-2 4.66458E-2 4.63198E-2 4.73802E-2 3.84133E-2 4.39951E-2 4.97314E-2 4.83439E-2 4.85249E-2 4.9468E-2 5.16378E-2 5.42728E-2
1.1486E-1 1.17102E-1 1.1625E-1 1.16492E-1 1.16588E-1 1.30497E-1 1.2173E-1 1.31116E-1 1.22665E-1 1.13805E-1 1.06675E-1 1.0241E-1 9.70107E-2 9.01754E-2 7.67333E-2 7.6191E-2 7.69275E-2 7.77346E-2 8.0026E-2 7.6442E-2 7.11711E-2 6.75864E-2 8.45716E-2 8.3403E-2 7.94517E-2 7.53115E-2 7.75162E-2 7.9595E-2 7.32014E-2 7.35034E-2 7.60104E-2 7.70982E-2 7.68883E-2 7.44028E-2 7.19348E-2 6.5632E-2 6.91346E-2 6.69548E-2 6.95037E-2 6.66906E-2 6.26081E-2 6.97983E-2 6.06235E-2 6.46616E-2 6.81009E-2 7.05393E-2 6.5616E-2 6.46145E-2 7.01704E-2 5.62579E-2 4.78625E-2 4.48781E-2 5.05612E-2 4.46718E-2 4.19467E-2 5.03784E-2 5.17597E-2 4.6896E-2 4.38095E-2 4.54388E-2 4.55841E-2
1.22352E-1 1.21274E-1 1.22618E-1 1.28232E-1 1.16942E-1 1.24354E-1 1.28683E-1 1.35018E-1 1.25991E-1 1.20339E-1 1.1567E-1 1.05778E-1 1.13E-1 1.04642E-1 9.43548E-2 7.68966E-2 8.22123E-2 6.96267E-2 6.82518E-2 7.30479E-2 6.79468E-2 6.81581E-2 6.62216E-2 8.47493E-2 7.72865E-2 7.4613E-2 8.02596E-2 8.23864E-2 7.93001E-2 7.13485E-2 7.28535E-2 7.43855E-2 7.495E-2 7.22193E-2 7.60519E-2 7.36087E-2 7.2162E-2 6.96161E-2 6.99963E-2 7.04143E-2 7.04374E-2 6.91485E-2 6.07396E-2 5.78288E-2 6.88643E-2 7.58843E-2 7.82053E-2 6.65421E-2 7.0433E-2 6.43301E-2 5.1114E-2 4.91831E-2 4.66742E-2 4.93868E-2 4.83909E-2 4.91987E-2 5.05078E-2 4.79681E-2 5.04799E-2 4.98381E-2 4.55076E-2
1.16318E-1 1.15569E-1 1.57302E-1 1.21426E-1 1.20653E-1 1.35353E-1 1.25929E-1 1.33208E-1 1.50086E-1 1.39036E-1 1.22013E-1 1.22655E-1 1.14623E-1 1.04175E-1 9.78875E-2 9.94412E-2 8.80347E-2 8.12288E-2 8.0963E-2 6.26067E-2 7.44503E-2 7.62084E-2 7.00034E-2 6.69435E-2 7.285E-2 7.32071E-2 8.04674E-2 7.92937E-2 8.32144E-2 7.68486E-2 7.6286E-2 7.49403E-2 7.29448E-2 7.27614E-2 7.52798E-2 7.80916E-2 7.12715E-2 6.86468E-2 6.63458E-2 6.72571E-2 7.02538E-2 7.26321E-2 7.44444E-2 6.6915E-2 6.42536E-2 7.41965E-2 7.90691E-2 7.79156E-2 6.89582E-2 6.17116E-2 4.82488E-2 4.95966E-2 5.47493E-2 5.2753E-2 4.73285E-2 4.95827E-2 5.08041E-2 4.78771E-2 4.72856E-2 5.08088E-2 5.04226E-2
1.24271E-1 1.48646E-1 1.41544E-1 1.30068E-1 1.39103E-1 1.94226E-1 1.3293E-1 1.52321E-1 1.46558E-1 1.48568E-1 1.33824E-1 1.40359E-1 1.2022E-1 1.20283E-1 1.05067E-1 1.07088E-1 9.93293E-2 8.68452E-2 8.25465E-2 7.09413E-2 7.67027E-2 7.0019E-2 7.01211E-2 6.97557E-2 6.89096E-2 6.91119E-2 7.71489E-2 7.91728E-2 8.29926E-2 8.63035E-2 8.70234E-2 8.15098E-2 7.39165E-2 7.29248E-2 7.34422E-2 8.02924E-2 8.12072E-2 8.30236E-2 7.83023E-2 7.31918E-2 6.83154E-2 7.05934E-2 7.12872E-2 7.29128E-2 7.5518E-2 7.4651E-2 7.34303E-2 7.0747E-2 5.90434E-2 4.85871E-2 4.43566E-2 4.63217E-2 5.09172E-2 5.93007E-2 4.89597E-2 4.96034E-2 4.94973E-2 4.22769E-2 4.6047E-2 4.99161E-2 5.02561E-2
1.50748E-1 1.5132E-1 1.22144E-1 1.18456E-1 1.59938E-1 2.02923E-1 1.37957E-1 1.36445E-1 1.5253E-1 1.55365E-1 1.36838E-1 1.28564E-1 1.32301E-1 1.09268E-1 1.13326E-1 1.01035E-1 9.6743E-2 8.78605E-2 8.07417E-2 7.48735E-2 6.61058E-2 7.00654E-2 6.67991E-2 7.0859E-2 7.11339E-2 7.55253E-2 7.55218E-2 7.37076E-2 8.86609E-2 9.38956E-2 8.73896E-2 8.08987E-2 7.39203E-2 8.59641E-2 1.00131E-1 8.60241E-2 7.74921E-2 7.49083E-2 7.88208E-2 7.94479E-2 7.20643E-2 6.8799E-2 6.68774E-2 7.48978E-2 7.79576E-2 7.7189E-2 7.32799E-2 5.87354E-2 5.17965E-2 5.02094E-2 4.24016E-2 4.08855E-2 3.87645E-2 4.33714E-2 4.69675E-2 4.98461E-2 5.69915E-2 4.60287E-2 4.1947E-2 4.50667E-2 4.97418E-2
1.32294E-1 1.77671E-1 2.1423E-1 2.13709E-1 2.27685E-1 1.77526E-1 1.60802E-1 1.45029E-1 1.47311E-1 1.55518E-1 1.60982E-1 1.3468E-1 1.29495E-1 1.19236E-1 1.21383E-1 9.87357E-2 1.05307E-1 9.09971E-2 9.47316E-2 7.58408E-2 7.46617E-2 7.816E-2 6.38454E-2 6.3768E-2 7.33168E-2 6.62056E-2 6.89076E-2 7.86264E-2 7.65647E-2 8.40502E-2 8.7098E-2 8.68605E-2 8.26771E-2 7.50696E-2 8.21299E-2 7.82121E-2 6.78611E-2 6.85277E-2 7.36869E-2 7.39461E-2 7.48329E-2 7.30262E-2 7.45919E-2 7.83826E-2 8.18624E-2 8.25501E-2 7.89181E-2 6.77128E-2 6.53991E-2 6.1627E-2 5.76539E-2 6.38121E-2 6.67898E-2 6.08405E-2 5.44496E-2 5.8E-2 6.46159E-2 5.51344E-2 5.21062E-2 5.50401E-2 5.22023E-2
1.41256E-1 1.34025E-1 1.5581E-1 2.17345E-1 2.12885E-1 1.57544E-1 1.63812E-1 1.79E-1 1.43734E-1 1.48966E-1 1.54696E-1 1.79775E-1 1.66745E-1 1.24796E-1 1.17386E-1 1.04686E-1 9.88691E-2 1.1015E-1 9.50768E-2 9.61228E-2 8.00013E-2 7.42256E-2 8.25074E-2 7.02747E-2 6.81084E-2 6.81742E-2 6.88921E-2 7.53115E-2 7.45313E-2 8.2531E-2 9.14416E-2 8.77635E-2 8.30743E-2 7.43988E-2 7.46242E-2 7.75967E-2 7.10905E-2 7.05857E-2 7.4771E-2 7.0808E-2 7.53798E-2 8.06479E-2 7.91015E-2 8.12365E-2 8.47273E-2 8.40913E-2 8.3287E-2 8.24248E-2 8.0436E-2 8.00714E-2 7.62749E-2 7.42868E-2 7.68548E-2 7.18331E-2 6.9075E-2 6.34586E-2 5.5745E-2 5.53589E-2 6.44686E-2 5.91113E-2 5.63048E-2
1.1751E-1 1.2411E-1 1.44453E-1 1.65781E-1 1.83648E-1 1.75589E-1 2.19747E-1 1.53469E-1 1.4405E-1 1.46149E-1 1.39216E-1 2.19682E-1 1.41337E-1 1.30521E-1 1.26173E-1 1.13411E-1 9.6306E-2 1.01176E-1 8.6085E-2 9.20495E-2 8.78439E-2 7.77756E-2 7.92642E-2 8.11328E-2 6.7622E-2 6.90762E-2 6.90927E-2 7.27862E-2 6.58643E-2 7.64067E-2 8.83955E-2 8.74912E-2 9.13329E-2 8.29449E-2 8.3385E-2 7.84429E-2 7.06175E-2 6.32966E-2 6.56935E-2 6.70524E-2 7.56932E-2 8.33185E-2 7.69057E-2 8.0224E-2 8.46116E-2 8.59352E-2 8.20231E-2 8.40861E-2 8.2384E-2 7.83532E-2 6.94903E-2 7.31803E-2 7.81429E-2 7.29496E-2 6.85572E-2 6.61966E-2 6.41105E-2 6.68044E-2 6.3827E-2 5.93836E-2 5.56639E-2
1.24443E-1 1.2641E-1 1.54617E-1 1.79418E-1 1.48682E-1 1.6554E-1 1.93979E-1 1.48953E-1 1.54423E-1 1.39111E-1 1.4016E-1 2.38464E-1 1.33208E-1 1.32903E-1 1.22208E-1 1.09418E-1 1.04015E-1 1.3044E-1 1.04627E-1 9.16167E-2 9.90513E-2 8.60456E-2 8.48571E-2 7.9676E-2 8.09975E-2 7.04679E-2 7.40896E-2 6.67033E-2 6.89569E-2 6.18218E-2 7.65476E-2 8.58154E-2 9.4106E-2 9.06619E-2 9.00393E-2 9.31572E-2 8.28363E-2 7.1493E-2 6.72882E-2 6.86295E-2 7.48985E-2 8.11937E-2 8.12612E-2 8.50935E-2 8.94577E-2 8.55408E-2 8.21048E-2 8.27418E-2 8.15915E-2 7.85118E-2 7.48061E-2 7.33983E-2 7.17309E-2 6.89942E-2 6.70704E-2 6.55154E-2 6.14275E-2 6.25792E-2 6.36535E-2 6.32081E-2 6.19546E-2
1.25956E-1 1.31707E-1 2.1864E-1 1.87653E-1 1.57321E-1 1.69138E-1 1.6546E-1 1.72281E-1 1.50453E-1 1.39297E-1 1.46571E-1 2.06068E-1 1.91595E-1 1.19244E-1 1.18863E-1 1.12597E-1 1.10833E-1 1.42516E-1 1.09504E-1 9.67176E-2 9.23077E-2 9.45493E-2 8.6201E-2 8.4045E-2 8.05792E-2 7.65589E-2 6.83307E-2 5.55299E-2 6.68766E-2 5.53816E-2 7.25671E-2 8.50339E-2 8.88877E-2 9.43341E-2 9.1023E-2 1.02597E-1 9.81408E-2 8.64314E-2 7.99195E-2 7.50464E-2 7.35204E-2 7.86745E-2 8.64269E-2 8.89677E-2 9.24644E-2 9.1208E-2 8.50521E-2 7.99538E-2 8.51301E-2 7.79284E-2 7.55649E-2 7.2894E-2 6.94053E-2 6.79988E-2 6.8333E-2 6.8567E-2 6.42231E-2 6.22539E-2 6.2605E-2 6.44759E-2 6.3053E-2
1.07777E-1 1.36636E-1 2.24534E-1 1.25182E-1 1.23326E-1 1.35864E-1 1.3094E-1 1.26696E-1 1.30477E-1 1.3025E-1 1.5349E-1 1.81611E-1 1.4211E-1 1.25636E-1 1.5725E-1 1.17984E-1 1.11454E-1 1.52537E-1 1.10085E-1 9.47834E-2 9.42217E-2 9.95217E-2 8.71703E-2 7.87077E-2 8.19275E-2 7.2412E-2 7.25291E-2 7.55993E-2 7.00762E-2 5.60174E-2 6.33001E-2 8.74305E-2 9.02682E-2 9.55707E-2 1.00195E-1 9.79634E-2 9.54717E-2 9.14695E-2 9.08234E-2 8.35127E-2 7.97761E-2 8.13113E-2 8.83067E-2 8.91664E-2 8.75911E-2 9.01736E-2 8.95859E-2 8.40886E-2 8.69539E-2 8.28203E-2 7.75109E-2 7.3896E-2 7.25376E-2 7.44198E-2 7.83719E-2 7.55544E-2 6.62532E-2 6.65173E-2 7.32942E-2 7.0321E-2 6.5097E-2
1.20661E-1 1.64223E-1 2.21584E-1 1.32364E-1 1.32523E-1 1.2659E-1 1.23932E-1 1.21487E-1 1.29469E-1 1.53311E-1 2.24637E-1 1.67774E-1 1.3155E-1 1.23595E-1 1.72655E-1 1.27587E-1 1.17023E-1 1.70392E-1 1.16472E-1 9.35108E-2 9.36477E-2 8.99721E-2 9.3898E-2 8.02961E-2 8.07013E-2 8.82039E-2 7.87266E-2 7.76472E-2 7.33826E-2 6.5338E-2 6.5155E-2 8.3358E-2 8.83409E-2 9.85284E-2 9.58991E-2 9.77123E-2 9.69883E-2 9.24162E-2 8.96687E-2 8.91125E-2 9.00011E-2 9.24587E-2 9.70599E-2 9.76647E-2 9.30936E-2 9.13408E-2 9.58047E-2 8.62218E-2 8.79436E-2 8.14225E-2 8.33353E-2 7.79836E-2 7.68469E-2 8.25397E-2 8.41748E-2 7.46494E-2 7.03343E-2 7.32901E-2 7.18343E-2 6.87226E-2 7.04074E-2
1.93933E-1 1.66475E-1 1.32637E-1 1.18507E-1 1.17952E-1 1.24673E-1 1.16492E-1 1.24488E-1 1.35203E-1 1.46116E-1 2.01036E-1 1.32265E-1 1.33303E-1 1.43065E-1 1.57094E-1 1.1853E-1 1.14627E-1 1.77462E-1 1.30085E-1 1.03669E-1 9.5478E-2 9.65926E-2 9.12396E-2 7.41151E-2 8.13519E-2 9.33333E-2 8.15918E-2 7.30909E-2 7.31724E-2 7.52366E-2 7.10504E-2 8.15841E-2 8.80254E-2 9.81869E-2 8.21156E-2 9.94645E-2 9.23855E-2 1.06038E-1 1.05394E-1 1.00169E-1 9.92228E-2 1.05024E-1 1.0453E-1 1.01729E-1 1.03041E-1 1.02699E-1 1.04695E-1 9.3755E-2 9.11021E-2 8.73563E-2 8.42819E-2 7.77331E-2 7.65091E-2 7.88452E-2 7.60725E-2 7.49529E-2 7.57152E-2 7.41302E-2 7.37571E-2 7.52444E-2 7.6942E-2
1.45284E-1 1.97685E-1 1.29508E-1 1.07308E-1 1.06583E-1 1.06844E-1 1.15472E-1 1.28047E-1 1.33119E-1 1.44528E-1 1.96697E-1 1.3173E-1 1.46333E-1 1.66256E-1 1.40522E-1 1.458E-1 1.51758E-1 1.694E-1 1.70719E-1 1.06022E-1 9.86608E-2 9.42198E-2 8.6652E-2 7.50242E-2 8.11568E-2 8.57259E-2 7.99131E-2 7.17663E-2 7.27979E-2 7.55597E-2 7.66416E-2 8.36801E-2 9.77346E-2 1.11683E-1 1.00104E-1 9.58722E-2 9.9947E-2 9.71258E-2 1.04501E-1 1.03427E-1 9.50416E-2 9.74389E-2 9.65289E-2 9.92512E-2 1.00661E-1 1.00871E-1 1.02293E-1 9.81615E-2 8.9394E-2 8.93651E-2 8.49346E-2 8.19941E-2 7.81582E-2 7.39264E-2 6.87181E-2 6.21944E-2 6.19136E-2 6.29545E-2 6.81087E-2 6.93617E-2 7.38358E-2
