maxent_outputs/bumblebees/bombus_245.asc
ncols         426
nrows         180
xllcorner     -130.0
yllcorner     24.0
cellsize      0.16666666666666666
NODATA_value  -9999
[rows 108 to 134 of 180, columns 61 to 121 of 426]
5.17481E-1 5.22978E-1 5.15276E-1 5.22641E-1 5.21051E-1 5.01736E-1 4.48704E-1 3.6936E-1 3.58348E-1 3.38501E-1 3.51218E-1 4.2444E-1 4.53797E-1 4.30198E-1 4.34244E-1 4.81416E-1 4.4062E-1 4.80287E-1 5.19943E-1 5.02353E-1 4.76631E-1 4.8433E-1 4.69413E-1 4.57785E-1 4.51806E-1 4.3623E-1 4.32137E-1 4.5684E-1 4.6863E-1 4.84438E-1 5.03146E-1 4.90973E-1 4.7712E-1 4.68097E-1 4.46565E-1 4.09505E-1 4.43011E-1 4.40228E-1 4.21514E-1 4.27376E-1 3.74271E-1 3.68132E-1 3.68013E-1 3.70451E-1 3.73391E-1 3.69832E-1 3.6237E-1 3.58647E-1 3.61057E-1 3.79127E-1 3.93249E-1 3.81363E-1 3.63704E-1 3.63621E-1 3.63124E-1 3.62236E-1 3.59524E-1 3.59254E-1 3.50004E-1 3.48338E-1 3.55312E-1
5.14753E-1 5.13444E-1 5.17959E-1 5.22215E-1 5.15026E-1 4.92885E-1 4.4378E-1 3.86632E-1 4.17572E-1 4.03716E-1 4.06169E-1 4.3236E-1 4.53988E-1 4.56536E-1 4.67897E-1 4.69476E-1 4.66865E-1 4.67767E-1 4.73153E-1 5.1013E-1 5.11302E-1 5.03871E-1 4.83217E-1 4.49632E-1 4.53081E-1 4.54097E-1 4.46111E-1 4.52486E-1 4.75324E-1 4.74026E-1 5.11545E-1 4.93319E-1 4.64593E-1 4.46388E-1 4.46473E-1 4.20752E-1 4.1038E-1 4.31956E-1 4.40757E-1 4.16073E-1 3.75199E-1 3.70073E-1 3.69183E-1 3.68211E-1 3.71369E-1 3.64119E-1 3.60522E-1 3.56371E-1 3.56293E-1 3.74804E-1 3.83801E-1 3.87099E-1 3.75837E-1 3.68305E-1 3.65762E-1 3.64077E-1 3.60118E-1 3.59516E-1 3.49051E-1 3.47816E-1 3.47158E-1
5.11884E-1 5.16252E-1 5.20958E-1 5.19848E-1 5.12207E-1 4.91621E-1 4.47398E-1 4.23266E-1 4.19347E-1 4.17212E-1 4.0518E-1 4.4113E-1 4.58148E-1 4.56441E-1 4.63711E-1 4.59254E-1 4.63135E-1 4.4815E-1 4.61742E-1 4.77821E-1 4.83327E-1 4.9959E-1 4.95074E-1 4.64465E-1 4.46691E-1 4.34682E-1 4.52749E-1 4.36195E-1 4.35303E-1 4.61112E-1 5.10573E-1 5.05339E-1 4.61226E-1 4.46571E-1 4.46816E-1 4.41545E-1 4.09701E-1 3.94553E-1 4.01064E-1 3.80669E-1 3.81301E-1 3.68798E-1 3.65782E-1 3.70668E-1 3.69249E-1 3.66128E-1 3.64006E-1 3.56358E-1 3.58454E-1 3.66609E-1 3.77003E-1 3.85333E-1 3.80034E-1 3.74006E-1 3.70377E-1 3.69076E-1 3.64339E-1 3.56162E-1 3.52921E-1 3.50422E-1 3.49328E-1
4.92817E-1 5.12917E-1 5.21306E-1 5.22323E-1 5.25384E-1 5.08715E-1 4.74193E-1 4.3317E-1 4.06383E-1 4.02719E-1 4.31976E-1 4.54395E-1 4.51656E-1 4.43039E-1 4.50673E-1 4.42672E-1 4.43699E-1 4.43947E-1 4.49806E-1 4.53959E-1 4.65533E-1 4.88957E-1 4.95797E-1 4.59543E-1 4.35353E-1 4.21019E-1 4.43538E-1 4.44291E-1 4.37911E-1 4.66163E-1 5.04234E-1 5.23893E-1 4.67445E-1 4.48188E-1 4.38788E-1 4.41819E-1 4.23426E-1 3.99836E-1 3.83111E-1 3.74512E-1 3.79314E-1 3.80824E-1 3.73978E-1 3.77188E-1 3.78229E-1 3.71448E-1 3.6483E-1 3.51635E-1 3.40479E-1 3.51313E-1 3.69451E-1 3.86524E-1 3.85589E-1 3.769E-1 3.72555E-1 3.68227E-1 3.64728E-1 3.5869E-1 3.60902E-1 3.55164E-1 3.53826E-1
4.45366E-1 4.83786E-1 5.09782E-1 5.18871E-1 5.26334E-1 5.16114E-1 4.92979E-1 4.5405E-1 4.37783E-1 4.29349E-1 4.56443E-1 4.61814E-1 4.46332E-1 4.43262E-1 4.47896E-1 4.37705E-1 4.3935E-1 4.39501E-1 4.56373E-1 4.75391E-1 4.87055E-1 4.85028E-1 4.9809E-1 4.77508E-1 4.42733E-1 4.24881E-1 4.26046E-1 4.23204E-1 4.40066E-1 4.77239E-1 4.79873E-1 5.30472E-1 4.85547E-1 4.66912E-1 4.54871E-1 4.37656E-1 4.2201E-1 4.13192E-1 3.86392E-1 3.76925E-1 3.76561E-1 3.81934E-1 3.88039E-1 3.86311E-1 3.85216E-1 3.72997E-1 3.6562E-1 3.54615E-1 3.50884E-1 3.56415E-1 3.65173E-1 3.81144E-1 3.88053E-1 3.81073E-1 3.72963E-1 3.72398E-1 3.65672E-1 3.67879E-1 3.65936E-1 3.61416E-1 3.58107E-1
4.41373E-1 4.47537E-1 4.93302E-1 5.14171E-1 5.15936E-1 5.08729E-1 4.70308E-1 4.23028E-1 4.12612E-1 4.42742E-1 4.55649E-1 4.5253E-1 4.53479E-1 4.52076E-1 4.57584E-1 4.57502E-1 4.46557E-1 4.51954E-1 4.73086E-1 4.72488E-1 4.85307E-1 4.95838E-1 4.91447E-1 4.83145E-1 4.61099E-1 4.5629E-1 4.28619E-1 4.40263E-1 4.52653E-1 4.80526E-1 5.02829E-1 5.31558E-1 4.98741E-1 4.78833E-1 4.75542E-1 4.17877E-1 4.3336E-1 4.3262E-1 4.04956E-1 3.85253E-1 3.7648E-1 3.76662E-1 3.91362E-1 3.8987E-1 3.91067E-1 3.91298E-1 3.82286E-1 3.83585E-1 3.71961E-1 3.61914E-1 3.61593E-1 3.78034E-1 3.82836E-1 3.8366E-1 3.78014E-1 3.71881E-1 3.6853E-1 3.6816E-1 3.6593E-1 3.68219E-1 3.65238E-1
4.37044E-1 4.43341E-1 4.28026E-1 4.25319E-1 4.22369E-1 4.54111E-1 4.46004E-1 4.24366E-1 4.35305E-1 4.50895E-1 4.55454E-1 4.5478E-1 4.52326E-1 4.47543E-1 4.5469E-1 4.56915E-1 4.61199E-1 4.67635E-1 4.77901E-1 4.79606E-1 4.71802E-1 4.90953E-1 4.81736E-1 4.75314E-1 4.62694E-1 4.48267E-1 4.62046E-1 4.6861E-1 4.70529E-1 4.87529E-1 5.19195E-1 5.30062E-1 5.16712E-1 4.92283E-1 4.87605E-1 4.31765E-1 4.4824E-1 4.5527E-1 4.09255E-1 3.89872E-1 3.78938E-1 3.78945E-1 3.87336E-1 3.93054E-1 4.02136E-1 4.17097E-1 4.32063E-1 4.45025E-1 4.37925E-1 3.76471E-1 3.50441E-1 3.62577E-1 3.76556E-1 3.76953E-1 3.75241E-1 3.75257E-1 3.68234E-1 3.68806E-1 3.64893E-1 3.66381E-1 3.638E-1
4.10517E-1 4.01229E-1 4.05467E-1 3.80688E-1 3.56182E-1 3.92439E-1 4.34792E-1 4.29204E-1 4.27895E-1 4.45027E-1 4.51014E-1 4.46189E-1 4.39929E-1 4.40288E-1 4.53304E-1 4.56137E-1 4.50748E-1 4.43328E-1 4.40078E-1 4.61087E-1 4.76662E-1 4.83692E-1 4.84301E-1 4.77241E-1 4.65475E-1 4.64517E-1 4.78887E-1 4.82444E-1 4.73855E-1 4.86309E-1 5.01251E-1 5.26737E-1 5.29066E-1 5.11316E-1 4.91624E-1 4.56217E-1 4.52205E-1 4.74995E-1 4.28926E-1 4.23392E-1 3.92661E-1 3.90444E-1 3.8756E-1 3.89251E-1 3.8984E-1 3.94589E-1 4.25668E-1 4.51963E-1 4.57767E-1 4.10308E-1 3.63057E-1 3.52897E-1 3.62332E-1 3.65898E-1 3.65316E-1 3.62287E-1 3.58685E-1 3.57736E-1 3.60924E-1 3.63652E-1 3.57158E-1
4.68382E-1 4.45674E-1 4.0815E-1 4.01979E-1 3.9848E-1 4.19844E-1 4.60554E-1 4.64717E-1 4.3608E-1 4.24107E-1 4.43301E-1 4.40782E-1 4.35246E-1 4.34152E-1 4.50097E-1 4.47786E-1 4.35287E-1 4.38915E-1 4.34753E-1 4.46003E-1 4.63164E-1 4.69067E-1 5.00137E-1 5.16173E-1 5.15314E-1 5.09062E-1 5.04158E-1 4.78405E-1 4.72317E-1 4.91896E-1 4.95726E-1 5.09454E-1 5.35237E-1 5.00376E-1 4.87718E-1 4.73625E-1 4.65783E-1 4.8788E-1 4.68805E-1 4.53518E-1 4.45185E-1 4.34564E-1 3.98179E-1 3.82924E-1 3.84938E-1 3.96511E-1 4.14806E-1 4.44262E-1 4.50151E-1 4.18134E-1 3.76493E-1 3.57674E-1 3.54447E-1 3.48083E-1 3.52168E-1 3.53625E-1 3.5015E-1 3.48528E-1 3.53998E-1 3.57525E-1 3.59273E-1
5.17123E-1 4.95257E-1 4.84443E-1 4.73331E-1 4.78386E-1 4.9011E-1 4.84368E-1 4.86368E-1 4.64435E-1 4.25297E-1 3.8983E-1 3.71012E-1 3.62626E-1 3.83795E-1 4.18255E-1 4.3159E-1 4.091E-1 4.2458E-1 4.3666E-1 4.54281E-1 4.70629E-1 4.76832E-1 4.82182E-1 4.99494E-1 5.14249E-1 5.14663E-1 5.14051E-1 4.9227E-1 4.9727E-1 4.95486E-1 5.02695E-1 5.10859E-1 5.25039E-1 5.28515E-1 5.10805E-1 4.99664E-1 4.86978E-1 4.93902E-1 4.70787E-1 4.75605E-1 4.71325E-1 4.33391E-1 4.15821E-1 4.04819E-1 3.8323E-1 4.13368E-1 4.34234E-1 4.31705E-1 4.56016E-1 4.27164E-1 3.96883E-1 3.83762E-1 3.5901E-1 3.42007E-1 3.41968E-1 3.47675E-1 3.51236E-1 3.51825E-1 3.54478E-1 3.5421E-1 3.51794E-1
-9999 -9999 5.19973E-1 5.36272E-1 5.42436E-1 5.2542E-1 4.9853E-1 5.06802E-1 5.13065E-1 4.70525E-1 4.27863E-1 4.35672E-1 4.10051E-1 3.73303E-1 4.49046E-1 4.2071E-1 3.68516E-1 3.42574E-1 3.46441E-1 4.0357E-1 4.47057E-1 4.72874E-1 4.75692E-1 4.88858E-1 4.89741E-1 4.93322E-1 5.05599E-1 5.10898E-1 5.17109E-1 5.03653E-1 5.0175E-1 5.14283E-1 5.15348E-1 5.30311E-1 5.28945E-1 5.17271E-1 5.10096E-1 5.01081E-1 4.94936E-1 4.76794E-1 4.6237E-1 4.49302E-1 4.20423E-1 4.24542E-1 4.09496E-1 4.39135E-1 4.58679E-1 4.41902E-1 4.75236E-1 4.58344E-1 4.39773E-1 4.24963E-1 4.13306E-1 3.78529E-1 3.5845E-1 3.57539E-1 3.63408E-1 3.59314E-1 3.5849E-1 3.56813E-1 3.46782E-1
5.53861E-1 5.58304E-1 6.16225E-1 5.86366E-1 5.67272E-1 5.26277E-1 5.24915E-1 5.24081E-1 5.50633E-1 5.30196E-1 5.15321E-1 5.17131E-1 5.00526E-1 5.01801E-1 5.07119E-1 5.00169E-1 4.67424E-1 3.6974E-1 3.67464E-1 4.46589E-1 4.47486E-1 4.46839E-1 4.63271E-1 4.87374E-1 4.92967E-1 4.90326E-1 4.94007E-1 5.05976E-1 5.1377E-1 5.10895E-1 5.13804E-1 5.23109E-1 5.29209E-1 5.25896E-1 5.08101E-1 4.95637E-1 4.91102E-1 4.83084E-1 4.72121E-1 4.73996E-1 4.6587E-1 4.58326E-1 4.68689E-1 4.59638E-1 4.63379E-1 4.78563E-1 4.92216E-1 4.58669E-1 5.01333E-1 4.75312E-1 4.53717E-1 4.63509E-1 4.13437E-1 3.98101E-1 3.93032E-1 3.8246E-1 3.8173E-1 3.79995E-1 3.73738E-1 3.74633E-1 3.48305E-1
5.68187E-1 5.56374E-1 -9999 -9999 -9999 -9999 -9999 -9999 5.75563E-1 5.61069E-1 5.45526E-1 5.33974E-1 5.16536E-1 5.18163E-1 5.07394E-1 4.83276E-1 4.79197E-1 4.63669E-1 4.59398E-1 5.05564E-1 5.12085E-1 4.76623E-1 4.50038E-1 4.84516E-1 4.90936E-1 5.00957E-1 5.14968E-1 5.21797E-1 5.15977E-1 5.18353E-1 5.14303E-1 5.30051E-1 5.32248E-1 5.08528E-1 5.07176E-1 4.99043E-1 4.89258E-1 4.81995E-1 4.7759E-1 4.7011E-1 4.69683E-1 4.66707E-1 4.82144E-1 4.84936E-1 4.97978E-1 5.21218E-1 5.13175E-1 4.91824E-1 5.00309E-1 5.0466E-1 4.73634E-1 4.83674E-1 4.21362E-1 4.1118E-1 4.11875E-1 4.04369E-1 3.95283E-1 3.8897E-1 3.81953E-1 3.79303E-1 3.50485E-1
-9999 -9999 -9999 -9999 -9999 -9999 -9999 -9999 5.67061E-1 5.71762E-1 5.66639E-1 5.66568E-1 5.42657E-1 4.76609E-1 4.78446E-1 4.74681E-1 4.78209E-1 4.75734E-1 4.08658E-1 4.51392E-1 5.26893E-1 5.43878E-1 5.1541E-1 4.76124E-1 4.80047E-1 4.93065E-1 5.24449E-1 5.26307E-1 5.30866E-1 5.32042E-1 5.30726E-1 5.35995E-1 5.29336E-1 5.12795E-1 5.1235E-1 5.01913E-1 5.01553E-1 4.89182E-1 4.89374E-1 4.92362E-1 4.8187E-1 4.90058E-1 4.92042E-1 4.94096E-1 5.08133E-1 5.23308E-1 5.18406E-1 5.09815E-1 5.11236E-1 5.20074E-1 4.79322E-1 4.98459E-1 4.92914E-1 4.53742E-1 4.70094E-1 4.26298E-1 4.04844E-1 3.98087E-1 3.84004E-1 3.73093E-1 3.56112E-1
-9999 -9999 -9999 -9999 -9999 -9999 -9999 -9999 -9999 -9999 5.90872E-1 5.83083E-1 5.62496E-1 5.383E-1 4.82536E-1 4.92132E-1 4.89963E-1 4.62536E-1 4.28021E-1 4.21114E-1 4.31297E-1 5.23262E-1 5.49886E-1 5.4948E-1 5.22069E-1 5.06395E-1 4.88552E-1 5.14795E-1 5.32067E-1 5.30249E-1 5.31939E-1 5.3095E-1 5.27371E-1 5.13412E-1 5.06268E-1 5.04087E-1 4.99331E-1 4.96621E-1 4.94915E-1 4.95633E-1 5.03285E-1 5.05172E-1 5.01259E-1 4.99703E-1 5.07256E-1 5.20111E-1 5.31452E-1 5.28297E-1 5.29886E-1 5.23728E-1 5.23504E-1 5.05306E-1 4.91471E-1 4.86103E-1 4.44887E-1 4.36843E-1 4.18598E-1 4.0167E-1 3.8449E-1 3.69255E-1 3.59946E-1
-9999 -9999 -9999 -9999 6.32799E-1 -9999 -9999 5.82007E-1 5.65536E-1 6.37283E-1 -9999 -9999 5.80646E-1 5.68328E-1 5.37479E-1 5.39285E-1 5.11488E-1 4.52258E-1 4.33871E-1 4.33847E-1 4.7407E-1 4.86663E-1 5.54667E-1 5.98578E-1 5.71713E-1 5.43704E-1 5.14805E-1 4.99749E-1 5.18541E-1 5.29209E-1 5.35215E-1 5.33855E-1 5.2431E-1 5.03197E-1 4.94152E-1 4.91282E-1 5.05094E-1 5.0343E-1 5.04938E-1 5.08517E-1 5.07426E-1 5.10074E-1 5.04063E-1 5.05349E-1 5.0739E-1 5.1204E-1 5.22212E-1 5.27069E-1 5.29523E-1 5.18902E-1 5.1324E-1 4.98012E-1 4.63422E-1 4.57714E-1 4.57714E-1 4.60635E-1 4.5297E-1 4.23185E-1 3.99835E-1 3.74111E-1 3.59949E-1
-9999 6.12147E-1 5.93996E-1 -9999 -9999 -9999 -9999 -9999 5.74531E-1 5.80423E-1 -9999 -9999 -9999 -9999 5.8698E-1 5.61434E-1 5.21493E-1 4.77105E-1 4.3973E-1 4.15475E-1 4.82508E-1 5.24239E-1 5.49239E-1 5.7324E-1 6.07285E-1 5.82722E-1 5.53395E-1 5.24261E-1 5.09966E-1 5.21535E-1 5.37111E-1 5.36406E-1 5.24637E-1 5.10758E-1 5.13759E-1 5.14856E-1 5.10679E-1 5.17455E-1 5.17412E-1 5.16175E-1 5.16385E-1 5.11992E-1 5.11912E-1 5.0966E-1 5.03775E-1 5.06328E-1 5.08591E-1 5.09921E-1 5.1096E-1 5.02184E-1 5.02565E-1 5.1221E-1 4.92715E-1 4.66753E-1 4.44975E-1 4.58723E-1 4.65174E-1 4.52701E-1 4.27003E-1 3.85006E-1 3.77255E-1
-9999 -9999 -9999 -9999 -9999 -9999 -9999 6.18517E-1 -9999 -9999 -9999 -9999 -9999 -9999 6.11437E-1 5.79204E-1 5.43183E-1 5.02084E-1 4.68729E-1 4.16175E-1 4.63803E-1 4.96156E-1 5.51874E-1 5.50414E-1 5.71919E-1 5.58753E-1 5.50629E-1 5.4249E-1 5.33328E-1 5.27299E-1 5.40809E-1 5.50761E-1 5.43478E-1 5.27995E-1 5.20162E-1 5.25831E-1 5.25262E-1 5.27255E-1 5.26265E-1 5.23175E-1 5.26031E-1 5.18246E-1 5.16948E-1 5.11695E-1 4.99897E-1 4.99002E-1 5.04789E-1 4.95846E-1 4.98047E-1 4.93538E-1 4.98517E-1 5.09332E-1 5.00231E-1 4.9889E-1 4.88104E-1 4.7214E-1 4.47964E-1 4.2901E-1 4.47838E-1 4.31423E-1 4.0326E-1
-9999 -9999 -9999 -9999 -9999 -9999 -9999 5.96697E-1 5.70265E-1 -9999 -9999 -9999 -9999 -9999 -9999 5.85493E-1 5.52751E-1 5.27057E-1 4.91486E-1 3.97489E-1 4.39715E-1 5.14869E-1 5.44558E-1 5.49707E-1 5.528E-1 5.52543E-1 5.48715E-1 5.40373E-1 5.32848E-1 5.31772E-1 5.3635E-1 5.49319E-1 5.50113E-1 5.37305E-1 5.32708E-1 5.34062E-1 5.27097E-1 5.25425E-1 5.21655E-1 5.21987E-1 5.18352E-1 5.0973E-1 5.08791E-1 5.0588E-1 4.97874E-1 4.93445E-1 4.99411E-1 4.909E-1 4.90286E-1 4.85074E-1 4.92246E-1 4.90198E-1 4.79468E-1 4.66349E-1 4.83087E-1 4.66115E-1 4.43472E-1 4.20791E-1 4.33343E-1 4.38263E-1 4.36302E-1
-9999 -9999 -9999 -9999 -9999 -9999 -9999 -9999 6.0403E-1 -9999 -9999 -9999 -9999 -9999 -9999 6.04246E-1 5.78459E-1 5.49697E-1 4.97955E-1 4.48382E-1 4.2511E-1 4.67546E-1 5.25317E-1 5.53612E-1 5.52226E-1 5.50077E-1 5.46651E-1 5.40646E-1 5.35769E-1 5.37949E-1 5.46156E-1 5.4614E-1 5.52838E-1 5.56573E-1 5.40223E-1 5.28238E-1 5.29371E-1 5.24335E-1 5.25263E-1 5.17831E-1 5.0787E-1 5.02747E-1 5.03313E-1 4.97876E-1 4.83766E-1 4.78617E-1 4.89286E-1 4.86663E-1 4.82514E-1 4.80165E-1 4.87933E-1 4.80612E-1 4.73854E-1 4.59733E-1 4.66004E-1 4.6326E-1 4.28126E-1 4.19536E-1 4.02242E-1 3.78142E-1 4.27811E-1
-9999 -9999 -9999 -9999 -9999 -9999 -9999 -9999 -9999 -9999 -9999 -9999 -9999 -9999 -9999 -9999 5.91288E-1 5.62091E-1 5.22743E-1 4.88366E-1 4.58468E-1 4.47924E-1 4.63312E-1 5.35649E-1 5.58207E-1 5.61374E-1 5.55596E-1 5.47594E-1 5.42601E-1 5.40964E-1 5.42954E-1 5.3932E-1 5.39448E-1 5.39676E-1 5.31523E-1 5.28989E-1 5.25486E-1 5.28781E-1 5.25462E-1 5.19482E-1 5.14849E-1 5.02926E-1 4.97119E-1 4.81927E-1 4.70394E-1 4.68399E-1 4.8067E-1 4.824E-1 4.80676E-1 4.79963E-1 4.82374E-1 4.76739E-1 4.70554E-1 4.58133E-1 4.42688E-1 4.58147E-1 4.32045E-1 3.96757E-1 3.96168E-1 3.84601E-1 3.97636E-1
-9999 -9999 -9999 -9999 -9999 -9999 -9999 -9999 -9999 -9999 -9999 -9999 -9999 -9999 -9999 6.31515E-1 5.7705E-1 5.61429E-1 5.35393E-1 5.11894E-1 4.75444E-1 4.4538E-1 4.33854E-1 4.62419E-1 5.5638E-1 5.62546E-1 5.58738E-1 5.59293E-1 5.4831E-1 5.44821E-1 5.49835E-1 5.42186E-1 5.3612E-1 5.31364E-1 5.24673E-1 5.19443E-1 5.2232E-1 5.21483E-1 5.2534E-1 5.21115E-1 5.11645E-1 5.00588E-1 4.88613E-1 4.70644E-1 4.66128E-1 4.64884E-1 4.75061E-1 4.77161E-1 4.71484E-1 4.76902E-1 4.77587E-1 4.71734E-1 4.74752E-1 4.5773E-1 3.99197E-1 4.34169E-1 4.24028E-1 4.00407E-1 3.8413E-1 3.88436E-1 3.91372E-1
-9999 -9999 -9999 -9999 -9999 -9999 -9999 -9999 -9999 -9999 -9999 -9999 -9999 -9999 -9999 -9999 5.88573E-1 5.69619E-1 5.29943E-1 5.10872E-1 4.86079E-1 4.48175E-1 4.19741E-1 4.46234E-1 5.45727E-1 5.56842E-1 5.72475E-1 5.64286E-1 5.49542E-1 5.5009E-1 5.51541E-1 5.46046E-1 5.38819E-1 5.25848E-1 5.32278E-1 5.15881E-1 5.21457E-1 5.19917E-1 5.16946E-1 5.11869E-1 5.03631E-1 4.91743E-1 4.78973E-1 4.67036E-1 4.58958E-1 4.60829E-1 4.65229E-1 4.66344E-1 4.65907E-1 4.6183E-1 4.65151E-1 4.63771E-1 4.70143E-1 4.73544E-1 4.57753E-1 3.98771E-1 4.03465E-1 3.92067E-1 3.79422E-1 3.81066E-1 3.83682E-1
-9999 -9999 -9999 -9999 -9999 -9999 -9999 -9999 -9999 -9999 -9999 -9999 -9999 -9999 -9999 -9999 -9999 5.81501E-1 5.53118E-1 5.24063E-1 4.95801E-1 4.67776E-1 4.3933E-1 4.03896E-1 5.17056E-1 5.53118E-1 5.78961E-1 5.71929E-1 5.56897E-1 5.54945E-1 5.56834E-1 5.46895E-1 5.45238E-1 5.42764E-1 5.30193E-1 5.32299E-1 5.30736E-1 5.22631E-1 5.20415E-1 5.14647E-1 4.97732E-1 4.94545E-1 4.70581E-1 4.6191E-1 4.56003E-1 4.60247E-1 4.63213E-1 4.5293E-1 4.48705E-1 4.41047E-1 4.43239E-1 4.39716E-1 4.49361E-1 4.54759E-1 4.32541E-1 3.97482E-1 3.8273E-1 3.79479E-1 3.76639E-1 3.76538E-1 3.77891E-1
-9999 -9999 -9999 -9999 -9999 -9999 -9999 -9999 -9999 -9999 -9999 -9999 -9999 -9999 -9999 -9999 -9999 5.89834E-1 5.73698E-1 5.55352E-1 5.09741E-1 4.72952E-1 4.62362E-1 4.10671E-1 4.94985E-1 5.50101E-1 5.84761E-1 5.83783E-1 5.77259E-1 5.82088E-1 5.82566E-1 5.52777E-1 5.48091E-1 5.4815E-1 5.37844E-1 5.27807E-1 5.30428E-1 5.28214E-1 5.22774E-1 5.19828E-1 5.12136E-1 4.96349E-1 4.80067E-1 4.66362E-1 4.66498E-1 4.59384E-1 4.53125E-1 4.49525E-1 4.42373E-1 4.13604E-1 4.15541E-1 3.98335E-1 4.07365E-1 4.20443E-1 3.9018E-1 3.74583E-1 3.66658E-1 3.68253E-1 3.72956E-1 3.69464E-1 3.73735E-1
-9999 -9999 -9999 -9999 -9999 -9999 -9999 -9999 -9999 -9999 -9999 -9999 -9999 -9999 -9999 -9999 -9999 -9999 6.06205E-1 5.67739E-1 5.28528E-1 4.8756E-1 4.67466E-1 4.5154E-1 4.60683E-1 5.23536E-1 5.68156E-1 5.77476E-1 5.92754E-1 5.96243E-1 5.94634E-1 5.78409E-1 5.54974E-1 5.48951E-1 5.446E-1 5.43938E-1 5.40913E-1 5.34587E-1 5.30493E-1 5.23944E-1 5.11455E-1 4.96709E-1 4.77652E-1 4.70192E-1 4.59944E-1 4.55744E-1 4.42908E-1 4.39663E-1 4.32303E-1 4.03629E-1 3.97451E-1 3.88237E-1 3.92641E-1 3.73889E-1 3.49087E-1 3.46249E-1 3.57277E-1 3.6614E-1 3.76537E-1 3.65368E-1 3.70517E-1
-9999 -9999 -9999 -9999 -9999 -9999 -9999 -9999 -9999 -9999 -9999 -9999 -9999 -9999 -9999 -9999 -9999 -9999 6.02122E-1 5.59577E-1 5.35333E-1 4.99849E-1 4.6738E-1 4.63019E-1 4.71954E-1 4.7429E-1 5.40639E-1 5.70355E-1 5.87703E-1 5.95887E-1 5.91836E-1 6.3455E-1 5.72823E-1 5.55446E-1 5.57862E-1 5.71499E-1 5.54808E-1 5.40151E-1 5.43759E-1 5.27558E-1 5.17904E-1 5.00933E-1 4.86561E-1 4.61629E-1 4.51357E-1 4.46842E-1 4.38095E-1 4.25631E-1 4.25326E-1 3.9976E-1 3.82452E-1 3.70448E-1 3.71425E-1 3.57221E-1 3.46972E-1 3.38246E-1 3.46836E-1 3.59587E-1 3.67509E-1 3.64387E-1 3.66298E-1
