maxent_outputs/bumblebees/bombus_137.asc
ncols         426
nrows         180
xllcorner     -130.0
yllcorner     24.0
cellsize      0.16666666666666666
NODATA_value  -9999
[rows 54 to 80 of 180, columns 122 to 182 of 426]
3.90539E-1 3.79176E-1 3.7425E-1 3.51557E-1 3.56088E-1 3.31892E-1 3.23061E-1 3.28007E-1 3.47486E-1 3.63858E-1 3.71145E-1 3.91449E-1 4.10817E-1 3.98774E-1 3.67755E-1 3.53852E-1 3.41033E-1 3.53797E-1 3.60415E-1 3.53807E-1 3.45897E-1 3.46001E-1 3.41295E-1 3.41677E-1 3.44501E-1 3.50395E-1 3.48574E-1 3.39248E-1 3.44409E-1 3.49403E-1 3.62298E-1 3.69853E-1 3.7987E-1 3.80079E-1 3.86081E-1 3.97412E-1 4.19475E-1 4.27159E-1 4.10204E-1 3.76396E-1 3.5615E-1 3.43751E-1 3.39978E-1 3.47331E-1 3.50087E-1 3.54107E-1 3.54681E-1 3.57233E-1 3.59568E-1 3.65336E-1 3.72742E-1 3.75792E-1 3.75295E-1 3.82677E-1 3.81879E-1 4.01732E-1 3.7651E-1 3.77739E-1 3.73387E-1 3.68611E-1 3.6689E-1
4.01828E-1 3.87125E-1 3.76778E-1 3.70643E-1 3.63227E-1 3.50085E-1 3.31949E-1 3.32399E-1 3.43712E-1 3.51725E-1 3.63302E-1 3.69108E-1 3.83673E-1 3.95347E-1 3.99466E-1 3.59508E-1 3.47926E-1 3.47858E-1 3.55453E-1 3.51767E-1 3.43777E-1 3.42134E-1 3.40813E-1 3.35308E-1 3.34906E-1 3.42297E-1 3.42672E-1 3.37498E-1 3.44512E-1 3.51525E-1 3.53367E-1 3.67466E-1 3.79203E-1 3.84051E-1 3.90969E-1 4.1352E-1 4.37509E-1 4.70651E-1 4.25922E-1 3.90413E-1 3.67031E-1 3.62257E-1 3.54937E-1 3.51435E-1 3.53103E-1 3.55927E-1 3.62655E-1 3.64705E-1 3.61572E-1 3.70303E-1 3.75954E-1 3.8472E-1 3.96343E-1 4.14391E-1 4.3069E-1 3.84529E-1 3.78336E-1 3.76825E-1 3.73594E-1 3.6969E-1 3.71743E-1
3.92308E-1 3.86002E-1 3.72386E-1 3.63344E-1 3.52794E-1 3.46906E-1 3.33166E-1 3.25379E-1 3.19567E-1 3.27882E-1 3.36742E-1 3.56819E-1 3.59829E-1 3.63308E-1 3.91785E-1 3.88815E-1 3.89676E-1 3.51811E-1 3.46331E-1 3.44973E-1 3.46116E-1 3.44204E-1 3.36082E-1 3.34376E-1 3.35722E-1 3.4449E-1 3.40922E-1 3.35655E-1 3.32852E-1 3.3513E-1 3.49428E-1 3.69664E-1 3.6576E-1 3.757E-1 3.83681E-1 3.93746E-1 4.27445E-1 4.5339E-1 4.32415E-1 4.00985E-1 3.81176E-1 3.64642E-1 3.63066E-1 3.68212E-1 3.71882E-1 3.74399E-1 3.75954E-1 3.79127E-1 3.75735E-1 3.78766E-1 3.84467E-1 3.81397E-1 3.82894E-1 3.88433E-1 4.28784E-1 3.90412E-1 3.76955E-1 3.77345E-1 3.73982E-1 3.74757E-1 3.79674E-1
3.92014E-1 3.70983E-1 3.73288E-1 3.57649E-1 3.46834E-1 3.35805E-1 3.34481E-1 3.29923E-1 3.18363E-1 3.14412E-1 3.17038E-1 3.446E-1 3.55466E-1 3.54849E-1 3.57635E-1 3.77519E-1 3.85945E-1 3.47126E-1 3.44949E-1 3.40162E-1 3.39428E-1 3.41233E-1 3.34617E-1 3.29043E-1 3.3425E-1 3.33429E-1 3.42285E-1 3.29591E-1 3.27883E-1 3.33163E-1 3.37193E-1 3.32576E-1 3.36842E-1 3.75733E-1 3.87034E-1 3.91947E-1 4.02724E-1 4.01562E-1 4.09761E-1 4.04684E-1 3.93997E-1 3.76059E-1 3.71251E-1 3.75901E-1 3.80564E-1 3.85405E-1 3.78903E-1 3.73376E-1 3.7119E-1 3.75211E-1 3.78894E-1 3.72855E-1 3.73951E-1 3.79127E-1 3.98047E-1 4.00961E-1 3.81189E-1 3.77908E-1 3.74533E-1 3.74814E-1 3.79625E-1
3.96858E-1 3.7966E-1 3.69454E-1 3.2466E-1 3.15968E-1 3.22874E-1 3.2683E-1 3.26363E-1 3.22741E-1 3.14996E-1 3.11269E-1 3.20914E-1 3.43778E-1 3.51903E-1 3.52132E-1 3.59132E-1 3.68292E-1 3.47246E-1 3.36875E-1 3.34022E-1 3.37865E-1 3.34872E-1 3.26829E-1 3.26186E-1 3.28781E-1 3.30272E-1 3.36355E-1 3.31099E-1 3.31083E-1 3.24789E-1 3.22297E-1 3.19428E-1 3.36321E-1 3.43387E-1 3.54538E-1 3.63221E-1 3.70379E-1 3.86759E-1 3.85993E-1 3.91816E-1 3.92535E-1 3.85342E-1 3.78994E-1 3.7492E-1 3.81603E-1 3.74877E-1 3.70841E-1 3.68435E-1 3.70118E-1 3.71285E-1 3.69944E-1 3.76189E-1 3.8101E-1 3.84208E-1 3.86189E-1 3.85669E-1 3.87571E-1 3.93211E-1 3.95932E-1 3.88328E-1 3.90135E-1
3.81095E-1 3.74295E-1 3.50493E-1 3.15323E-1 3.14917E-1 3.1571E-1 3.1711E-1 3.17595E-1 3.05752E-1 3.07299E-1 3.07739E-1 3.117E-1 3.20674E-1 3.34419E-1 3.47628E-1 3.48511E-1 3.58579E-1 3.3811E-1 3.27923E-1 3.28785E-1 3.33295E-1 3.35695E-1 3.2782E-1 3.25942E-1 3.24614E-1 3.2848E-1 3.34468E-1 3.32645E-1 3.28514E-1 3.30639E-1 3.29233E-1 3.35197E-1 3.37044E-1 3.33009E-1 3.38409E-1 3.56389E-1 3.63385E-1 3.77012E-1 3.75127E-1 3.80348E-1 3.84666E-1 3.82442E-1 3.78397E-1 3.78254E-1 3.72144E-1 3.67347E-1 3.70554E-1 3.69603E-1 3.68443E-1 3.68173E-1 3.73705E-1 3.7859E-1 3.83537E-1 3.85311E-1 3.82703E-1 3.80811E-1 3.85588E-1 3.85428E-1 3.95237E-1 4.01712E-1 4.14819E-1
3.75424E-1 3.64293E-1 3.68967E-1 3.51597E-1 3.24305E-1 3.15134E-1 3.14599E-1 3.17502E-1 3.19264E-1 3.0879E-1 3.02625E-1 3.10105E-1 3.24011E-1 3.13293E-1 3.32391E-1 3.33285E-1 3.53938E-1 3.37089E-1 3.28321E-1 3.24914E-1 3.29047E-1 3.37439E-1 3.3514E-1 3.27565E-1 3.23754E-1 3.27952E-1 3.28527E-1 3.32593E-1 3.25451E-1 3.2896E-1 3.3254E-1 3.38436E-1 3.55026E-1 3.50278E-1 3.24891E-1 3.37328E-1 3.58978E-1 3.79119E-1 3.70871E-1 3.70469E-1 3.72392E-1 3.67534E-1 3.70571E-1 3.74224E-1 3.8054E-1 3.67101E-1 3.64571E-1 3.65521E-1 3.70464E-1 3.74369E-1 3.76385E-1 3.78003E-1 3.79187E-1 3.83551E-1 3.87575E-1 3.90243E-1 3.92829E-1 3.92672E-1 3.90595E-1 3.92196E-1 3.88843E-1
3.68734E-1 3.58144E-1 3.56601E-1 3.61433E-1 3.20014E-1 3.04515E-1 3.09704E-1 3.11234E-1 3.06213E-1 3.0544E-1 3.08392E-1 3.10646E-1 3.20152E-1 3.15094E-1 3.26451E-1 3.35383E-1 3.42412E-1 3.31701E-1 3.23287E-1 3.26613E-1 3.35165E-1 3.33763E-1 3.28346E-1 3.29592E-1 3.23056E-1 3.26218E-1 3.30256E-1 3.28615E-1 3.24692E-1 3.24859E-1 3.27432E-1 3.3353E-1 3.40705E-1 3.50002E-1 3.35647E-1 3.45165E-1 3.53198E-1 3.68873E-1 3.65992E-1 3.63022E-1 3.62672E-1 3.65523E-1 3.73278E-1 3.71034E-1 3.6816E-1 3.71143E-1 3.79742E-1 3.73458E-1 3.72677E-1 3.74295E-1 3.75773E-1 3.74443E-1 3.7739E-1 3.87797E-1 3.96811E-1 3.93649E-1 3.91216E-1 3.93146E-1 3.98094E-1 4.04124E-1 4.06332E-1
3.37522E-1 3.22041E-1 3.41369E-1 3.26978E-1 3.11916E-1 3.15227E-1 3.13229E-1 3.1643E-1 3.17247E-1 3.21314E-1 3.19865E-1 3.22587E-1 3.21389E-1 3.25879E-1 3.26895E-1 3.3657E-1 3.31732E-1 3.24811E-1 3.26333E-1 3.30976E-1 3.32133E-1 3.33413E-1 3.24138E-1 3.20379E-1 3.23247E-1 3.23201E-1 3.30132E-1 3.34979E-1 3.26214E-1 3.22191E-1 3.27001E-1 3.35874E-1 3.38491E-1 3.45878E-1 3.49631E-1 3.49993E-1 3.60239E-1 3.69818E-1 3.63563E-1 3.62134E-1 3.61973E-1 3.67893E-1 3.62952E-1 3.59045E-1 3.69088E-1 3.72613E-1 3.77804E-1 3.79832E-1 3.77094E-1 3.73199E-1 3.75164E-1 3.73726E-1 3.78249E-1 3.93835E-1 3.95617E-1 3.93603E-1 3.97031E-1 4.00536E-1 4.02725E-1 4.08079E-1 4.0995E-1
3.70995E-1 3.42285E-1 3.42895E-1 3.32797E-1 3.21261E-1 3.03201E-1 2.99594E-1 3.03855E-1 3.12129E-1 3.18316E-1 3.15286E-1 3.0094E-1 3.04766E-1 3.11405E-1 3.24452E-1 3.28713E-1 3.23282E-1 3.23236E-1 3.1852E-1 3.25089E-1 3.22046E-1 3.21208E-1 3.21453E-1 3.22819E-1 3.28983E-1 3.27333E-1 3.30219E-1 3.30503E-1 3.32187E-1 3.34929E-1 3.37707E-1 3.35953E-1 3.3664E-1 3.40195E-1 3.47154E-1 3.54131E-1 3.59189E-1 3.67667E-1 3.63246E-1 3.57303E-1 3.52662E-1 3.4905E-1 3.47163E-1 3.58745E-1 3.62296E-1 3.62554E-1 3.66076E-1 3.64743E-1 3.63794E-1 3.64813E-1 3.68778E-1 3.73434E-1 3.80197E-1 3.94176E-1 3.88181E-1 3.94621E-1 3.97739E-1 4.04001E-1 4.08013E-1 4.08002E-1 4.1158E-1
3.79666E-1 3.62444E-1 3.28692E-1 3.22879E-1 3.09145E-1 2.98711E-1 2.99978E-1 2.89385E-1 2.9128E-1 2.95171E-1 2.97272E-1 3.02761E-1 3.03397E-1 3.04306E-1 3.08935E-1 3.19066E-1 3.19701E-1 3.20459E-1 3.17608E-1 3.20355E-1 3.21835E-1 3.19472E-1 3.23078E-1 3.26852E-1 3.30938E-1 3.31684E-1 3.26708E-1 3.27383E-1 3.32327E-1 3.33888E-1 3.33618E-1 3.32858E-1 3.37305E-1 3.42545E-1 3.42598E-1 3.48053E-1 3.51831E-1 3.55382E-1 3.51812E-1 3.52399E-1 3.47614E-1 3.49442E-1 3.57476E-1 3.5569E-1 3.46809E-1 3.46858E-1 3.48153E-1 3.58545E-1 3.5461E-1 3.50541E-1 3.59205E-1 3.71312E-1 3.8492E-1 3.80177E-1 3.7899E-1 3.8119E-1 3.91212E-1 3.94748E-1 3.99689E-1 4.04691E-1 4.07318E-1
3.85989E-1 3.58528E-1 3.63661E-1 3.14825E-1 2.98606E-1 2.92225E-1 2.87248E-1 2.85717E-1 2.89916E-1 2.92043E-1 2.95783E-1 3.03881E-1 3.11928E-1 3.11647E-1 3.11098E-1 3.1331E-1 3.12113E-1 3.12497E-1 3.1191E-1 3.16482E-1 3.16435E-1 3.13192E-1 3.20493E-1 3.22867E-1 3.29454E-1 3.35758E-1 3.34705E-1 3.33292E-1 3.2996E-1 3.31331E-1 3.29059E-1 3.35535E-1 3.38439E-1 3.40896E-1 3.41906E-1 3.42362E-1 3.39668E-1 3.47413E-1 3.48363E-1 3.52975E-1 3.49917E-1 3.52176E-1 3.4759E-1 3.44938E-1 3.41475E-1 3.44268E-1 3.45974E-1 3.5291E-1 3.59738E-1 3.59982E-1 3.61357E-1 3.67597E-1 3.669E-1 3.69292E-1 3.72775E-1 3.81263E-1 3.87869E-1 3.94188E-1 3.98368E-1 4.03225E-1 4.03574E-1
3.3462E-1 3.55979E-1 3.60805E-1 3.56894E-1 3.10184E-1 2.87287E-1 2.85748E-1 2.86179E-1 2.90252E-1 2.9992E-1 3.04206E-1 3.11025E-1 3.1431E-1 3.15769E-1 3.1508E-1 3.12078E-1 3.12135E-1 3.14357E-1 3.22555E-1 3.31002E-1 3.33755E-1 3.22709E-1 3.21587E-1 3.2553E-1 3.23504E-1 3.26228E-1 3.27913E-1 3.32863E-1 3.30033E-1 3.29864E-1 3.3328E-1 3.35332E-1 3.37216E-1 3.38197E-1 3.3828E-1 3.35423E-1 3.40183E-1 3.47923E-1 3.48483E-1 3.44931E-1 3.4422E-1 3.50824E-1 3.48046E-1 3.42941E-1 3.41613E-1 3.42687E-1 3.49101E-1 3.51158E-1 3.56623E-1 3.60916E-1 3.61695E-1 3.67594E-1 3.70321E-1 3.717E-1 3.75444E-1 3.8339E-1 3.89937E-1 3.96682E-1 3.99998E-1 4.05055E-1 4.09752E-1
2.81911E-1 3.26329E-1 3.46318E-1 3.57513E-1 3.61148E-1 3.15538E-1 2.93163E-1 2.9462E-1 3.02259E-1 2.96543E-1 2.96251E-1 3.02542E-1 2.93694E-1 2.94845E-1 3.09118E-1 3.10931E-1 3.11988E-1 3.17644E-1 3.24062E-1 3.30139E-1 3.42876E-1 3.34785E-1 3.34097E-1 3.31503E-1 3.31802E-1 3.30521E-1 3.19558E-1 3.19582E-1 3.16261E-1 3.17275E-1 3.3172E-1 3.30046E-1 3.1995E-1 3.14542E-1 3.23147E-1 3.31873E-1 3.38931E-1 3.55203E-1 3.59463E-1 3.58632E-1 3.57859E-1 3.4545E-1 3.3903E-1 3.38637E-1 3.39795E-1 3.42405E-1 3.44647E-1 3.5064E-1 3.58614E-1 3.64755E-1 3.67585E-1 3.6606E-1 3.71203E-1 3.72904E-1 3.73099E-1 3.81914E-1 3.90899E-1 3.98796E-1 4.11036E-1 4.12144E-1 4.13592E-1
2.65842E-1 2.75549E-1 3.16264E-1 3.34933E-1 3.53616E-1 3.42432E-1 3.14048E-1 3.04674E-1 2.93218E-1 2.84571E-1 2.936E-1 2.94405E-1 2.93224E-1 2.9521E-1 3.04206E-1 3.05341E-1 3.00381E-1 3.20215E-1 3.21783E-1 3.17404E-1 3.19968E-1 3.27992E-1 3.394E-1 3.32658E-1 3.34516E-1 3.33706E-1 3.25414E-1 3.28148E-1 3.23824E-1 3.18391E-1 3.2919E-1 3.30468E-1 3.1728E-1 3.10236E-1 3.04568E-1 3.11114E-1 3.26585E-1 3.38244E-1 3.37766E-1 3.37296E-1 3.37892E-1 3.38801E-1 3.37895E-1 3.41901E-1 3.42078E-1 3.4326E-1 3.46609E-1 3.54502E-1 3.59654E-1 3.64427E-1 3.69704E-1 3.71668E-1 3.7631E-1 3.69316E-1 3.72114E-1 3.80678E-1 3.85448E-1 3.95879E-1 3.98459E-1 4.04643E-1 3.99613E-1
2.60679E-1 2.6182E-1 2.69899E-1 2.81082E-1 2.96696E-1 3.05409E-1 3.04652E-1 3.03089E-1 2.92237E-1 2.98153E-1 3.05181E-1 3.10347E-1 3.07182E-1 3.07505E-1 3.1069E-1 3.07855E-1 3.18631E-1 3.16865E-1 3.17518E-1 3.2176E-1 3.01995E-1 2.93197E-1 3.14822E-1 3.34669E-1 3.42376E-1 3.3552E-1 3.3713E-1 3.3523E-1 3.37069E-1 3.27188E-1 3.29711E-1 3.21614E-1 3.14804E-1 3.09973E-1 3.08745E-1 3.09919E-1 3.16328E-1 3.20041E-1 3.25126E-1 3.28871E-1 3.34887E-1 3.333E-1 3.37613E-1 3.36119E-1 3.40413E-1 3.43999E-1 3.4605E-1 3.52766E-1 3.57746E-1 3.61592E-1 3.66302E-1 3.6914E-1 3.71615E-1 3.68113E-1 3.74604E-1 3.74157E-1 3.79948E-1 3.88475E-1 3.96077E-1 3.99772E-1 3.95735E-1
2.58258E-1 2.64024E-1 2.57698E-1 2.70583E-1 2.88314E-1 3.04473E-1 2.97361E-1 2.91494E-1 2.92404E-1 2.85706E-1 2.79527E-1 2.80689E-1 3.14128E-1 3.05475E-1 3.18583E-1 3.16076E-1 3.22228E-1 3.20485E-1 3.36022E-1 3.28157E-1 3.12208E-1 3.02413E-1 2.94995E-1 3.05243E-1 3.25741E-1 3.36632E-1 3.40891E-1 3.43322E-1 3.39629E-1 3.47012E-1 3.45036E-1 3.3707E-1 3.27552E-1 3.19977E-1 3.13546E-1 3.1506E-1 3.19064E-1 3.17079E-1 3.17434E-1 3.26258E-1 3.34402E-1 3.32383E-1 3.34003E-1 3.34238E-1 3.35402E-1 3.38846E-1 3.40551E-1 3.4437E-1 3.52152E-1 3.59607E-1 3.63041E-1 3.65878E-1 3.70255E-1 3.707E-1 3.74714E-1 3.70499E-1 3.72586E-1 3.8276E-1 3.90024E-1 3.9309E-1 3.92543E-1
2.74358E-1 2.78962E-1 2.7707E-1 3.00187E-1 3.02439E-1 3.00003E-1 2.85504E-1 2.81595E-1 2.80058E-1 2.81452E-1 2.82978E-1 2.88332E-1 2.97621E-1 3.02009E-1 3.0068E-1 3.10014E-1 3.16247E-1 3.15929E-1 3.3332E-1 3.28078E-1 3.29331E-1 3.18656E-1 3.07649E-1 3.04407E-1 3.17829E-1 3.25699E-1 3.48571E-1 3.49338E-1 3.48193E-1 3.47626E-1 3.49622E-1 3.42873E-1 3.35932E-1 3.30148E-1 3.24543E-1 3.21595E-1 3.24608E-1 3.26877E-1 3.2436E-1 3.26234E-1 3.30826E-1 3.33714E-1 3.3363E-1 3.29814E-1 3.32267E-1 3.3871E-1 3.44227E-1 3.46155E-1 3.59301E-1 3.69243E-1 3.71711E-1 3.69817E-1 3.67552E-1 3.6714E-1 3.73068E-1 3.75608E-1 3.73021E-1 3.76936E-1 3.86886E-1 3.91117E-1 3.8828E-1
2.82523E-1 2.81611E-1 2.91837E-1 2.98494E-1 3.05169E-1 2.96771E-1 2.90727E-1 2.86078E-1 2.87608E-1 2.8988E-1 2.984E-1 3.05353E-1 3.07989E-1 3.12562E-1 3.19143E-1 3.20942E-1 3.17204E-1 3.14237E-1 3.21527E-1 3.27608E-1 3.34278E-1 3.30184E-1 3.17785E-1 3.0867E-1 3.17368E-1 3.27667E-1 3.44463E-1 3.43474E-1 3.46489E-1 3.43749E-1 3.47129E-1 3.41459E-1 3.359E-1 3.35366E-1 3.33937E-1 3.37694E-1 3.36174E-1 3.35114E-1 3.35573E-1 3.37108E-1 3.36869E-1 3.34167E-1 3.3064E-1 3.28617E-1 3.34802E-1 3.43937E-1 3.56057E-1 3.63595E-1 3.76656E-1 3.80612E-1 3.78994E-1 3.72433E-1 3.66761E-1 3.68136E-1 3.75004E-1 3.83509E-1 3.84872E-1 3.82866E-1 3.85238E-1 3.83706E-1 3.84778E-1
2.86033E-1 2.83127E-1 2.98515E-1 3.01959E-1 3.06954E-1 3.04148E-1 3.01318E-1 2.92113E-1 2.97282E-1 2.90154E-1 2.99262E-1 3.092E-1 3.13449E-1 3.15388E-1 3.27013E-1 3.24283E-1 3.18917E-1 3.14895E-1 3.34192E-1 3.48953E-1 3.49686E-1 3.43056E-1 3.27531E-1 3.12166E-1 3.10389E-1 3.23715E-1 3.3267E-1 3.34209E-1 3.4136E-1 3.37691E-1 3.35147E-1 3.40724E-1 3.45898E-1 3.4298E-1 3.35482E-1 3.51499E-1 3.56056E-1 3.50386E-1 3.41177E-1 3.39054E-1 3.38369E-1 3.36233E-1 3.30518E-1 3.27721E-1 3.35568E-1 3.52794E-1 3.73403E-1 3.93461E-1 4.02718E-1 3.92304E-1 3.78829E-1 3.67685E-1 3.60299E-1 3.63782E-1 3.70886E-1 3.80146E-1 3.85307E-1 3.8018E-1 3.81284E-1 3.83336E-1 3.83663E-1
2.93633E-1 2.96033E-1 3.04009E-1 3.01941E-1 3.02751E-1 3.07249E-1 3.03084E-1 2.984E-1 3.01546E-1 2.99079E-1 2.95378E-1 3.06924E-1 3.14891E-1 3.36011E-1 3.321E-1 3.27025E-1 3.20574E-1 3.07948E-1 3.48949E-1 3.54486E-1 3.74804E-1 3.55254E-1 3.29277E-1 3.12158E-1 3.05707E-1 3.19014E-1 3.33947E-1 3.35538E-1 3.36605E-1 3.34874E-1 3.35186E-1 3.36424E-1 3.38593E-1 3.36221E-1 3.3869E-1 3.41004E-1 3.44665E-1 3.47422E-1 3.50989E-1 3.45482E-1 3.37556E-1 3.3635E-1 3.35066E-1 3.36539E-1 3.43557E-1 3.59693E-1 3.85654E-1 4.14041E-1 4.17217E-1 3.95677E-1 3.75131E-1 3.59628E-1 3.48679E-1 3.56957E-1 3.67364E-1 3.72092E-1 3.76207E-1 3.75315E-1 3.74189E-1 3.78955E-1 3.83462E-1
2.93353E-1 3.01192E-1 3.04102E-1 3.14139E-1 3.08111E-1 3.03415E-1 3.08788E-1 2.97998E-1 2.99476E-1 3.01446E-1 3.02609E-1 3.09439E-1 3.11942E-1 3.3451E-1 3.40004E-1 3.38275E-1 3.24078E-1 3.19765E-1 3.52003E-1 3.84214E-1 3.84625E-1 3.7349E-1 3.40167E-1 3.17879E-1 3.03326E-1 3.14143E-1 3.29585E-1 3.28532E-1 3.31335E-1 3.28512E-1 3.27286E-1 3.34709E-1 3.35273E-1 3.3182E-1 3.27223E-1 3.2732E-1 3.32569E-1 3.38639E-1 3.37458E-1 3.38589E-1 3.38357E-1 3.40324E-1 3.42608E-1 3.43254E-1 3.50241E-1 3.5951E-1 3.76678E-1 3.96613E-1 3.98364E-1 3.84651E-1 3.72303E-1 3.5987E-1 3.53561E-1 3.56715E-1 3.61257E-1 3.65974E-1 3.71918E-1 3.71967E-1 3.72925E-1 3.73281E-1 3.8102E-1
3.10404E-1 2.99221E-1 3.07669E-1 3.09152E-1 3.09515E-1 3.0442E-1 3.08038E-1 3.03046E-1 3.02798E-1 3.02177E-1 3.13186E-1 3.14973E-1 3.21247E-1 3.29649E-1 3.5147E-1 3.98755E-1 3.68236E-1 3.38401E-1 3.42202E-1 3.75072E-1 3.90547E-1 3.70418E-1 3.55018E-1 3.28296E-1 3.11607E-1 3.19186E-1 3.26636E-1 3.24262E-1 3.28134E-1 3.26956E-1 3.25734E-1 3.29749E-1 3.29769E-1 3.26494E-1 3.26266E-1 3.29082E-1 3.28965E-1 3.28391E-1 3.29663E-1 3.28244E-1 3.3313E-1 3.36323E-1 3.40068E-1 3.39816E-1 3.43466E-1 3.53474E-1 3.66116E-1 3.74937E-1 3.65317E-1 3.64846E-1 3.62423E-1 3.60545E-1 3.577E-1 3.61594E-1 3.62794E-1 3.6366E-1 3.65527E-1 3.71601E-1 3.74477E-1 3.74913E-1 3.77197E-1
3.27678E-1 3.09628E-1 3.14734E-1 3.12331E-1 3.16406E-1 3.05198E-1 3.05801E-1 3.05749E-1 3.09841E-1 3.13295E-1 3.11725E-1 3.16733E-1 3.20963E-1 3.30833E-1 3.57822E-1 3.78061E-1 3.96582E-1 4.03177E-1 3.83794E-1 3.634E-1 3.96428E-1 3.8114E-1 3.52554E-1 3.3856E-1 3.2795E-1 3.20286E-1 3.23979E-1 3.30837E-1 3.35651E-1 3.32998E-1 3.30816E-1 3.27759E-1 3.28553E-1 3.21627E-1 3.2401E-1 3.24837E-1 3.27049E-1 3.28793E-1 3.31739E-1 3.30644E-1 3.33615E-1 3.41734E-1 3.43952E-1 3.40346E-1 3.38315E-1 3.43248E-1 3.44185E-1 3.43621E-1 3.48106E-1 3.51529E-1 3.5269E-1 3.60451E-1 3.61212E-1 3.72226E-1 3.7561E-1 3.7052E-1 3.69037E-1 3.69235E-1 3.71528E-1 3.72833E-1 3.7562E-1
3.48065E-1 3.35419E-1 3.3021E-1 3.29446E-1 3.24079E-1 3.15658E-1 3.11803E-1 3.08302E-1 3.10942E-1 3.14247E-1 3.20141E-1 3.22456E-1 3.25482E-1 3.64844E-1 3.63416E-1 3.76069E-1 3.95927E-1 3.97471E-1 4.11373E-1 3.74795E-1 3.7642E-1 3.93003E-1 3.61002E-1 3.71774E-1 3.67461E-1 3.53189E-1 3.43986E-1 3.51257E-1 3.39315E-1 3.36618E-1 3.3393E-1 3.25042E-1 3.17592E-1 3.17217E-1 3.21724E-1 3.2719E-1 3.31751E-1 3.27522E-1 3.31224E-1 3.33804E-1 3.39485E-1 3.42107E-1 3.43115E-1 3.40885E-1 3.37596E-1 3.38627E-1 3.42153E-1 3.44718E-1 3.48674E-1 3.50566E-1 3.51328E-1 3.57513E-1 3.60606E-1 3.65659E-1 3.78955E-1 3.83349E-1 3.79158E-1 3.73654E-1 3.72518E-1 3.75269E-1 3.76006E-1
3.47889E-1 3.21365E-1 3.11384E-1 3.35409E-1 3.35022E-1 3.26792E-1 3.2023E-1 3.01597E-1 3.10389E-1 3.17384E-1 3.21994E-1 3.2766E-1 3.29827E-1 3.77287E-1 3.9371E-1 3.94435E-1 3.87868E-1 3.7997E-1 3.98138E-1 3.70454E-1 3.57763E-1 3.59296E-1 3.95596E-1 3.83181E-1 3.69319E-1 3.63649E-1 3.58612E-1 3.49196E-1 3.34765E-1 3.28344E-1 3.27373E-1 3.25525E-1 3.16106E-1 3.17109E-1 3.18369E-1 3.20264E-1 3.17187E-1 3.17403E-1 3.24181E-1 3.30991E-1 3.35689E-1 3.35375E-1 3.34419E-1 3.3658E-1 3.36967E-1 3.36347E-1 3.41471E-1 3.48069E-1 3.51938E-1 3.50095E-1 3.54557E-1 3.61338E-1 3.63244E-1 3.69635E-1 3.71145E-1 3.71999E-1 3.71486E-1 3.74253E-1 3.79278E-1 3.83472E-1 3.84479E-1
3.16523E-1 2.98412E-1 2.96107E-1 3.19599E-1 3.40451E-1 3.28584E-1 3.25385E-1 3.17737E-1 3.1041E-1 3.13106E-1 3.18131E-1 3.21494E-1 3.25884E-1 3.29525E-1 3.46858E-1 3.74039E-1 3.56646E-1 3.83997E-1 3.9981E-1 3.69708E-1 3.56663E-1 3.62391E-1 3.76952E-1 3.82257E-1 3.79887E-1 3.81859E-1 3.69605E-1 3.4644E-1 3.32854E-1 3.31424E-1 3.29206E-1 3.2037E-1 3.19213E-1 3.145E-1 3.1176E-1 3.11349E-1 3.13489E-1 3.15602E-1 3.19769E-1 3.22102E-1 3.24908E-1 3.29038E-1 3.31801E-1 3.38036E-1 3.40774E-1 3.41805E-1 3.43154E-1 3.49093E-1 3.56212E-1 3.57078E-1 3.57282E-1 3.62975E-1 3.65032E-1 3.72597E-1 3.7442E-1 3.68867E-1 3.66072E-1 3.68829E-1 3.79619E-1 3.85264E-1 3.85904E-1
