maxent_outputs/bumblebees/bombus_314.asc
ncols         426
nrows         180
xllcorner     -130.0
yllcorner     24.0
cellsize      0.16666666666666666
NODATA_value  -9999
[rows 81 to 107 of 180, columns 61 to 121 of 426]
6.75342E-2 4.09851E-2 6.00822E-2 4.23106E-2 4.79782E-2 5.08944E-2 4.75072E-2 3.44423E-2 4.30748E-2 3.18965E-2 4.04206E-2 4.54627E-2 2.7299E-2 2.86978E-2 3.25686E-2 3.70159E-2 3.73711E-2 2.28917E-2 2.16592E-2 3.15894E-2 2.79263E-2 2.19022E-2 2.00429E-2 1.55946E-2 1.9834E-2 1.46333E-2 1.36298E-2 1.80686E-2 1.85779E-2 1.78733E-2 1.90231E-2 1.96103E-2 2.02823E-2 2.00075E-2 3.4377E-2 4.26269E-2 4.69767E-2 4.51194E-2 4.59309E-2 4.6739E-2 4.20984E-2 3.36899E-2 3.41329E-2 1.64388E-2 2.86116E-2 1.37146E-2 2.19531E-2 3.4838E-2 2.45278E-2 1.22673E-2 1.40705E-2 8.06228E-3 5.95457E-3 7.47306E-3 8.91873E-3 8.80528E-3 9.58768E-3 1.07475E-2 1.28182E-2 1.30289E-2 1.26348E-2
6.59231E-2 6.98709E-2 5.16145E-2 5.40289E-2 3.93882E-2 6.1305E-2 4.02447E-2 4.60889E-2 5.23994E-2 3.68949E-2 3.75691E-2 4.45445E-2 3.55198E-2 3.68105E-2 3.08564E-2 3.00717E-2 3.38606E-2 2.18031E-2 3.09204E-2 2.85064E-2 1.91212E-2 2.2151E-2 1.94543E-2 1.70345E-2 1.99897E-2 1.2257E-2 1.89665E-2 1.62832E-2 1.49881E-2 1.35332E-2 1.93109E-2 1.81946E-2 2.02139E-2 2.12665E-2 2.61338E-2 3.10861E-2 4.01494E-2 4.19417E-2 4.53127E-2 4.6318E-2 4.46528E-2 3.87299E-2 3.31466E-2 2.33039E-2 2.72262E-2 2.61508E-2 2.78127E-2 3.30654E-2 4.65955E-2 1.59215E-2 1.1778E-2 7.54304E-3 6.9254E-3 9.27351E-3 1.12226E-2 1.4442E-2 1.46781E-2 1.44981E-2 1.46273E-2 1.4369E-2 1.43715E-2
4.08875E-2 1.1797E-1 6.00205E-2 4.62013E-2 3.82461E-2 5.49551E-2 4.46749E-2 5.80696E-2 5.03089E-2 5.19898E-2 4.70617E-2 3.61341E-2 5.44692E-2 4.9433E-2 3.06485E-2 3.29663E-2 2.62028E-2 2.72621E-2 2.35491E-2 1.97597E-2 2.05946E-2 2.16769E-2 1.73488E-2 1.72536E-2 1.89675E-2 1.4185E-2 1.97193E-2 1.48796E-2 1.48216E-2 1.1061E-2 1.8247E-2 1.86064E-2 1.69878E-2 2.0262E-2 2.36901E-2 2.18645E-2 3.42392E-2 4.07134E-2 4.37566E-2 4.30372E-2 3.97892E-2 3.8727E-2 3.32578E-2 2.36643E-2 2.47975E-2 2.48884E-2 2.68686E-2 3.92055E-2 3.27011E-2 2.16905E-2 1.47113E-2 8.70067E-3 6.20088E-3 7.21775E-3 1.13045E-2 1.25362E-2 1.35906E-2 1.35909E-2 1.43823E-2 1.54418E-2 1.60483E-2
3.19949E-2 6.63059E-2 8.18434E-2 5.54228E-2 5.20687E-2 5.64264E-2 6.15807E-2 5.986E-2 5.69271E-2 5.25426E-2 3.46757E-2 6.99252E-2 5.96988E-2 4.12353E-2 3.01255E-2 2.78282E-2 2.84374E-2 2.31344E-2 2.17255E-2 1.8255E-2 1.50972E-2 1.55279E-2 1.87187E-2 1.76659E-2 1.61857E-2 1.5584E-2 1.61344E-2 1.51375E-2 1.47093E-2 1.55642E-2 2.03693E-2 1.39758E-2 1.34494E-2 2.07199E-2 2.02151E-2 1.25122E-2 3.35891E-2 3.88581E-2 4.2884E-2 4.13704E-2 3.62371E-2 3.58344E-2 2.98132E-2 2.46399E-2 1.66253E-2 1.95582E-2 2.0702E-2 3.13811E-2 1.48786E-2 1.32317E-2 1.21027E-2 9.65296E-3 6.70678E-3 6.4705E-3 7.21464E-3 7.72587E-3 9.69705E-3 1.17597E-2 1.30784E-2 1.65066E-2 1.6411E-2
4.02829E-2 3.7425E-2 3.52959E-2 5.42214E-2 5.81543E-2 6.0973E-2 6.34053E-2 5.87256E-2 5.373E-2 4.35201E-2 6.87025E-2 6.43611E-2 2.93462E-2 2.77424E-2 2.47968E-2 2.32009E-2 2.26691E-2 1.32077E-2 2.27017E-2 1.58253E-2 1.5482E-2 1.57206E-2 1.93597E-2 1.77366E-2 1.72931E-2 1.54166E-2 1.51689E-2 1.42912E-2 1.397E-2 1.30731E-2 1.9581E-2 1.41602E-2 1.99059E-2 1.64569E-2 1.29943E-2 1.41365E-2 3.39956E-2 3.40284E-2 3.4713E-2 3.79938E-2 2.82253E-2 3.059E-2 3.36638E-2 3.18268E-2 2.8842E-2 2.57104E-2 2.1069E-2 2.46851E-2 1.37326E-2 1.10934E-2 9.85843E-3 5.27436E-3 5.8001E-3 9.88058E-3 9.30581E-3 9.06036E-3 9.31736E-3 1.21357E-2 1.60356E-2 1.80567E-2 1.40704E-2
4.94499E-2 4.09962E-2 4.33564E-2 6.01304E-2 6.32267E-2 6.31646E-2 5.90678E-2 5.65514E-2 5.13163E-2 3.1541E-2 6.02856E-2 1.9236E-2 2.58436E-2 2.35049E-2 1.78566E-2 2.24548E-2 1.90669E-2 1.56427E-2 1.46997E-2 1.69382E-2 1.59215E-2 1.62473E-2 1.68066E-2 1.5907E-2 1.7384E-2 1.78743E-2 1.46947E-2 1.32773E-2 1.48098E-2 1.50788E-2 1.62639E-2 1.26094E-2 2.12505E-2 1.5452E-2 1.88158E-2 3.00734E-2 2.80881E-2 3.28376E-2 3.68568E-2 3.38326E-2 2.95742E-2 3.30398E-2 3.46222E-2 3.24008E-2 3.24007E-2 2.93089E-2 2.62576E-2 2.30892E-2 1.20579E-2 1.65714E-2 1.22314E-2 4.37035E-3 6.79816E-3 1.63491E-2 1.87635E-2 1.76502E-2 1.23314E-2 6.28908E-3 1.64562E-2 1.25118E-2 1.12861E-2
3.92863E-2 3.09923E-2 4.23917E-2 5.40404E-2 5.99897E-2 5.92199E-2 5.81251E-2 5.76261E-2 4.2906E-2 4.26311E-2 3.90094E-2 2.70634E-2 1.59145E-2 1.76547E-2 1.81584E-2 2.22741E-2 1.39413E-2 2.28238E-2 2.02547E-2 1.49174E-2 1.37478E-2 1.64936E-2 1.35915E-2 1.5221E-2 1.84981E-2 1.61422E-2 1.25539E-2 1.33235E-2 1.12982E-2 1.40102E-2 1.35653E-2 9.18316E-3 2.17663E-2 1.01725E-2 2.19308E-2 2.93736E-2 2.80359E-2 3.63305E-2 3.31529E-2 2.45511E-2 3.27068E-2 3.48189E-2 3.13516E-2 3.22351E-2 3.14548E-2 2.12343E-2 2.49909E-2 2.22771E-2 1.16395E-2 1.67498E-2 6.02896E-3 4.68923E-3 8.46616E-3 1.57912E-2 1.74977E-2 2.08869E-2 2.14563E-2 1.34622E-2 2.10243E-2 1.31775E-2 8.23016E-3
3.14885E-2 4.23948E-2 3.96022E-2 5.65044E-2 5.23015E-2 5.05817E-2 5.58678E-2 5.26954E-2 5.32544E-2 4.46253E-2 3.37896E-2 2.85188E-2 1.55822E-2 1.77759E-2 1.64291E-2 1.55938E-2 1.48573E-2 2.61032E-2 1.66352E-2 1.37856E-2 1.2286E-2 1.43691E-2 1.50086E-2 1.69782E-2 1.59619E-2 1.32759E-2 9.32553E-3 1.16401E-2 1.19563E-2 1.25179E-2 1.01464E-2 9.16894E-3 2.13785E-2 8.31017E-3 1.75455E-2 2.89643E-2 2.32603E-2 3.32895E-2 2.63622E-2 3.00642E-2 3.43658E-2 3.22166E-2 3.13228E-2 3.14944E-2 2.826E-2 1.92368E-2 1.95249E-2 2.28939E-2 1.89002E-2 9.52542E-3 4.03656E-3 7.09162E-3 1.4593E-2 1.55696E-2 1.57706E-2 1.70947E-2 2.44108E-2 2.42481E-2 2.76485E-2 1.59723E-2 6.8E-3
3.77777E-2 2.26564E-2 2.46874E-2 4.92911E-2 5.09836E-2 5.09663E-2 5.23725E-2 5.10629E-2 3.55679E-2 3.68411E-2 3.10436E-2 2.87747E-2 1.81714E-2 1.21466E-2 1.48506E-2 1.18902E-2 2.66398E-2 1.88689E-2 1.03949E-2 1.29584E-2 8.94768E-3 9.86779E-3 1.47595E-2 1.33032E-2 1.8106E-2 1.74239E-2 9.64464E-3 1.25761E-2 1.62216E-2 1.0326E-2 1.12385E-2 1.49693E-2 1.75276E-2 1.61932E-2 2.82588E-2 2.86998E-2 2.65428E-2 2.22274E-2 2.97126E-2 3.55306E-2 4.4356E-2 3.49146E-2 3.18263E-2 3.03708E-2 2.693E-2 2.14673E-2 1.31007E-2 2.03236E-2 1.93891E-2 6.46307E-3 4.07571E-3 8.82935E-3 1.55933E-2 1.63616E-2 1.83379E-2 1.94872E-2 2.69097E-2 2.74879E-2 2.8996E-2 1.98519E-2 1.4876E-2
3.74986E-2 2.32915E-2 2.90586E-2 4.38579E-2 4.89976E-2 3.40147E-2 5.62428E-2 4.69635E-2 5.06238E-2 5.48926E-2 4.47709E-2 3.8202E-2 1.7488E-2 1.47388E-2 9.71303E-3 1.24508E-2 2.58565E-2 1.26201E-2 1.2195E-2 8.97241E-3 1.12387E-2 1.13215E-2 1.32584E-2 1.44546E-2 1.95278E-2 2.1777E-2 9.65928E-3 1.64937E-2 2.19145E-2 1.2734E-2 1.02559E-2 1.5489E-2 1.74577E-2 7.21868E-3 2.3285E-2 2.35865E-2 2.59427E-2 2.10286E-2 2.88811E-2 3.72875E-2 4.14816E-2 3.01255E-2 3.09975E-2 2.84815E-2 2.69432E-2 1.22089E-2 1.14717E-2 2.17634E-2 1.4506E-2 8.44599E-3 7.22311E-3 1.37929E-2 1.52821E-2 1.43851E-2 1.36634E-2 1.58661E-2 2.93009E-2 2.8497E-2 2.94423E-2 2.53582E-2 2.27242E-2
2.05043E-2 1.6957E-2 3.0423E-2 3.53335E-2 3.69304E-2 2.98808E-2 5.86412E-2 4.08744E-2 3.01756E-2 3.40748E-2 4.10161E-2 3.12102E-2 2.12677E-2 1.44403E-2 8.60186E-3 1.13593E-2 2.18758E-2 6.54259E-3 1.13468E-2 7.01024E-3 1.19597E-2 1.26492E-2 1.43996E-2 1.48902E-2 1.84417E-2 2.68964E-2 2.04879E-2 1.98581E-2 2.52948E-2 1.27929E-2 1.07195E-2 1.91104E-2 1.98235E-2 1.19605E-2 2.34545E-2 2.10984E-2 1.97635E-2 2.24847E-2 2.93303E-2 3.39707E-2 3.27402E-2 2.86889E-2 2.73761E-2 2.52563E-2 1.71837E-2 9.57229E-3 2.06573E-2 1.23521E-2 6.24863E-3 4.17161E-3 9.5562E-3 1.89538E-2 1.99745E-2 1.47195E-2 1.37207E-2 2.14763E-2 2.66211E-2 2.80871E-2 3.14331E-2 2.55284E-2 2.57514E-2
8.57016E-3 1.42794E-2 1.94733E-2 1.54638E-2 1.51091E-2 2.57266E-2 2.47846E-2 6.02898E-2 3.91398E-2 3.73481E-2 2.5081E-2 2.3423E-2 2.14948E-2 2.54822E-2 2.03042E-2 2.18644E-2 1.51607E-2 1.13838E-2 9.90332E-3 1.23628E-2 1.36877E-2 1.7466E-2 1.85444E-2 1.71195E-2 2.52141E-2 2.4303E-2 1.50133E-2 2.17953E-2 2.72658E-2 1.62674E-2 1.57681E-2 1.9839E-2 1.96058E-2 2.15785E-2 2.15801E-2 1.57146E-2 2.43343E-2 2.0459E-2 3.03305E-2 2.33481E-2 2.62525E-2 2.64294E-2 2.12848E-2 1.53201E-2 1.08138E-2 1.59755E-2 9.21482E-3 6.1203E-3 4.28075E-3 4.60405E-3 9.23961E-3 1.95112E-2 1.97141E-2 2.5842E-2 2.62688E-2 2.19457E-2 2.12567E-2 2.20783E-2 2.87652E-2 2.53718E-2 2.35974E-2
7.21412E-3 5.0849E-3 7.89361E-3 7.21554E-3 1.75875E-2 1.99909E-2 1.2235E-2 3.17093E-2 2.56696E-2 2.83732E-2 4.1927E-2 1.9097E-2 2.79972E-2 3.26497E-2 3.51527E-2 2.49228E-2 1.82136E-2 1.43645E-2 1.07101E-2 1.69277E-2 1.42116E-2 2.21565E-2 1.99068E-2 2.31935E-2 2.39534E-2 2.18659E-2 1.40545E-2 2.5643E-2 2.78244E-2 2.00218E-2 1.9862E-2 1.96404E-2 1.79326E-2 1.59749E-2 1.94236E-2 1.45668E-2 2.24319E-2 1.87438E-2 2.77102E-2 2.17265E-2 2.51366E-2 2.20508E-2 1.31163E-2 1.17163E-2 4.47502E-3 1.23503E-2 6.87871E-3 7.66091E-3 5.84618E-3 7.72727E-3 7.6703E-3 1.92127E-2 2.64441E-2 3.03908E-2 3.10531E-2 2.64438E-2 2.19863E-2 2.05692E-2 2.87469E-2 3.12706E-2 3.56415E-2
5.47461E-3 3.99629E-3 5.05438E-3 1.21818E-2 6.61613E-3 8.62983E-3 9.37825E-3 1.73576E-2 2.35096E-2 2.76297E-2 4.64375E-2 3.27749E-2 2.81867E-2 3.58469E-2 4.10489E-2 2.48543E-2 2.49134E-2 1.7127E-2 1.75251E-2 2.11212E-2 1.80656E-2 2.35823E-2 2.38444E-2 2.60618E-2 2.39994E-2 1.3152E-2 2.10345E-2 2.87768E-2 2.90636E-2 2.44739E-2 2.6625E-2 2.11627E-2 1.5031E-2 1.39648E-2 1.42887E-2 1.28714E-2 1.60909E-2 1.39822E-2 2.13742E-2 2.38585E-2 2.54379E-2 2.15502E-2 1.91059E-2 1.38556E-2 5.07594E-3 1.35725E-2 9.9401E-3 6.42571E-3 4.17756E-3 5.54021E-3 8.15198E-3 1.73582E-2 2.73116E-2 2.68676E-2 2.64981E-2 2.733E-2 2.89731E-2 2.00898E-2 2.44347E-2 3.58658E-2 3.4689E-2
9.23677E-3 4.68897E-3 3.43792E-3 4.83161E-3 1.32193E-2 1.62902E-2 1.02019E-2 1.52721E-2 2.13727E-2 2.30105E-2 4.06055E-2 4.47783E-2 3.28039E-2 3.99366E-2 3.25287E-2 2.75059E-2 2.99486E-2 2.52694E-2 2.30921E-2 2.29131E-2 1.71095E-2 2.03086E-2 2.67422E-2 2.40488E-2 1.14453E-2 2.04905E-2 2.72736E-2 2.95772E-2 2.66894E-2 3.28968E-2 3.36799E-2 2.24355E-2 2.08865E-2 1.72622E-2 1.41607E-2 1.32453E-2 1.50207E-2 1.97117E-2 2.47103E-2 2.3624E-2 1.95798E-2 1.51951E-2 1.40952E-2 1.15978E-2 8.45894E-3 8.6896E-3 6.90884E-3 6.85276E-3 2.60992E-3 2.61159E-3 3.07336E-3 1.16987E-2 2.23371E-2 1.61247E-2 1.13867E-2 2.89087E-2 3.63444E-2 2.59105E-2 2.63881E-2 2.41119E-2 2.52742E-2
2.49557E-2 1.05539E-2 5.18276E-3 2.64556E-3 1.28592E-2 1.11134E-2 1.14364E-2 1.45984E-2 1.45964E-2 1.40556E-2 3.52554E-2 3.81939E-2 3.70055E-2 3.66932E-2 3.61145E-2 3.53124E-2 3.13801E-2 2.86787E-2 2.67209E-2 2.05563E-2 1.34288E-2 1.73521E-2 2.31566E-2 2.30627E-2 2.51502E-2 2.24606E-2 2.49576E-2 2.94727E-2 2.9093E-2 3.5324E-2 3.61042E-2 2.05163E-2 2.54957E-2 2.40062E-2 1.47014E-2 1.70692E-2 2.2426E-2 2.25361E-2 2.30982E-2 2.2706E-2 2.1263E-2 1.73575E-2 1.36131E-2 7.84823E-3 1.0461E-2 5.65772E-3 6.72184E-3 4.7575E-3 5.47939E-3 1.03522E-2 1.40835E-2 1.90086E-2 1.95076E-2 2.36251E-2 1.34207E-2 3.13274E-2 4.73366E-2 3.29986E-2 2.07759E-2 1.35344E-2 1.14392E-2
3.10476E-2 1.37825E-2 5.06168E-3 2.04192E-3 5.87044E-3 8.47548E-3 7.68156E-3 1.28502E-2 2.00435E-2 5.91307E-3 3.59615E-2 2.05528E-2 2.37026E-2 5.41654E-2 3.09435E-2 2.89801E-2 3.26557E-2 2.93509E-2 2.76071E-2 2.4525E-2 1.96985E-2 1.81744E-2 2.23167E-2 2.54484E-2 2.95945E-2 2.19909E-2 2.14965E-2 3.45085E-2 4.08736E-2 3.35631E-2 3.48002E-2 2.84462E-2 3.25679E-2 2.21866E-2 1.83373E-2 2.17411E-2 2.16368E-2 2.22948E-2 2.12298E-2 2.22711E-2 2.08952E-2 9.02474E-3 4.97844E-3 5.94602E-3 8.97892E-3 6.52341E-3 7.45859E-3 6.34434E-3 1.24124E-2 1.89757E-2 2.39985E-2 2.72634E-2 2.38026E-2 3.48736E-2 3.87331E-2 3.74088E-2 6.11183E-2 3.25912E-2 1.78931E-2 9.67677E-3 1.02276E-2
6.3214E-2 1.61976E-2 5.75195E-3 8.85706E-3 7.38623E-3 4.60827E-3 7.29445E-3 1.6867E-2 4.969E-2 3.74422E-3 1.50001E-2 2.89294E-2 2.7608E-2 2.89197E-2 2.78677E-2 3.45561E-2 3.87956E-2 3.677E-2 2.66442E-2 2.71376E-2 2.66895E-2 2.21765E-2 1.98535E-2 2.69628E-2 2.62031E-2 2.62504E-2 2.53662E-2 5.34583E-2 4.04443E-2 3.50686E-2 2.70637E-2 3.38889E-2 3.05956E-2 2.16571E-2 2.06374E-2 1.87113E-2 2.11943E-2 2.04718E-2 1.59206E-2 2.00489E-2 9.09356E-3 5.60327E-3 3.6656E-3 6.33443E-3 6.90053E-3 6.65029E-3 1.5017E-2 1.40388E-2 1.20121E-2 1.69722E-2 2.56174E-2 3.17049E-2 3.74469E-2 3.78483E-2 6.2484E-2 6.13868E-2 4.13616E-2 3.13713E-2 2.12912E-2 1.32813E-2 1.73769E-2
1.27573E-1 4.36538E-2 2.13409E-2 2.84414E-2 9.38354E-3 3.64189E-3 1.9327E-3 2.97332E-2 6.43149E-2 1.33102E-2 1.01089E-2 3.76703E-2 2.49854E-2 1.66735E-2 3.56713E-2 4.03155E-2 4.6697E-2 3.45293E-2 2.85788E-2 2.7868E-2 2.66646E-2 2.27359E-2 2.04971E-2 3.25329E-2 2.2739E-2 4.04352E-2 3.71563E-2 5.07051E-2 4.7432E-2 4.13404E-2 2.65436E-2 4.26814E-2 3.14002E-2 2.30043E-2 3.73613E-2 3.13894E-2 3.24125E-2 1.88265E-2 9.66791E-3 3.14646E-2 1.08462E-2 1.14932E-2 9.51562E-3 9.45843E-3 8.64976E-3 1.02728E-2 1.79415E-2 1.94055E-2 2.02672E-2 2.20337E-2 2.31884E-2 2.65129E-2 4.42133E-2 5.29764E-2 6.58833E-2 5.1376E-2 3.27017E-2 3.58283E-2 2.64226E-2 1.73027E-2 2.66683E-2
2.02114E-1 1.36227E-1 5.92265E-2 2.16782E-2 6.6443E-3 4.41348E-3 1.53294E-3 4.20215E-3 1.66708E-2 4.23709E-2 2.0074E-2 5.54182E-2 6.49886E-2 7.31649E-2 3.91237E-2 3.45952E-2 6.40465E-2 5.4724E-2 3.41457E-2 2.70926E-2 1.8368E-2 1.50526E-2 2.89291E-2 3.78327E-2 3.83302E-2 3.70531E-2 5.1369E-2 4.58106E-2 7.95305E-2 4.52389E-2 4.91621E-2 7.07999E-2 8.23039E-2 5.69418E-2 8.05236E-2 7.03601E-2 6.95183E-2 4.50475E-2 5.63406E-2 7.19392E-2 4.43601E-2 2.50625E-2 2.03152E-2 1.94129E-2 1.71863E-2 1.55902E-2 2.17235E-2 3.17805E-2 3.17801E-2 3.4437E-2 3.887E-2 4.36243E-2 2.49163E-2 6.50677E-2 6.36282E-2 5.5098E-2 5.91544E-2 4.64486E-2 3.24837E-2 3.09678E-2 3.44861E-2
3.27789E-1 2.74513E-1 1.3285E-1 3.72035E-2 1.00588E-2 6.25772E-3 1.95466E-3 2.07961E-3 3.77431E-3 6.28459E-2 1.01192E-2 2.96293E-2 8.51873E-2 7.90673E-2 1.20232E-1 5.84796E-2 4.2596E-2 5.95249E-2 6.24946E-2 4.67254E-2 3.0575E-2 3.26356E-2 5.08082E-2 4.16803E-2 3.6281E-2 3.48938E-2 6.25315E-2 7.05874E-2 7.73272E-2 9.77579E-2 1.0012E-1 1.30374E-1 9.83701E-2 1.18322E-1 1.31749E-1 8.90341E-2 8.19228E-2 1.26551E-1 1.052E-1 5.74765E-2 4.47468E-2 2.90263E-2 2.1461E-2 2.71744E-2 2.64595E-2 2.2599E-2 2.31439E-2 3.86332E-2 4.05526E-2 5.51032E-2 6.78014E-2 8.96212E-2 6.12077E-2 4.36224E-2 3.83077E-2 3.44519E-2 4.38349E-2 3.5802E-2 2.98269E-2 3.63393E-2 3.30262E-2
4.38021E-1 3.8256E-1 2.67673E-1 2.03548E-1 8.16735E-2 2.11178E-2 9.53794E-3 4.06587E-3 2.22506E-3 5.66123E-2 1.72339E-2 7.17416E-2 9.53984E-2 3.80228E-2 9.53658E-2 1.75765E-1 3.72773E-2 6.54389E-2 8.7962E-2 6.97064E-2 5.80877E-2 4.37361E-2 6.1876E-2 6.80725E-2 4.72898E-2 6.83305E-2 7.35769E-2 7.14362E-2 6.36164E-2 1.52253E-1 1.36859E-1 1.452E-1 7.76497E-2 1.7297E-1 1.92916E-1 1.77896E-1 8.19334E-2 8.11891E-2 7.88596E-2 4.87544E-2 3.75098E-2 3.29047E-2 3.2194E-2 3.83777E-2 3.13082E-2 2.25995E-2 1.81359E-2 1.98364E-2 2.35575E-2 6.04077E-2 5.77312E-2 5.65437E-2 4.8799E-2 3.4127E-2 2.10953E-2 2.20253E-2 2.60089E-2 3.14212E-2 3.02644E-2 3.11184E-2 2.87239E-2
4.98995E-1 4.49298E-1 4.13446E-1 2.6528E-1 1.12604E-1 2.37541E-2 1.20106E-2 7.30652E-3 1.76088E-3 2.80563E-2 6.12524E-2 5.51055E-2 3.07103E-1 8.89703E-2 5.27469E-2 5.32788E-1 3.2294E-1 1.27394E-1 1.36317E-1 1.34996E-1 1.22079E-1 9.18012E-2 8.08188E-2 7.48614E-2 6.67877E-2 8.71464E-2 8.13082E-2 3.51588E-2 3.97533E-2 1.66851E-1 2.16951E-1 2.2961E-1 2.14122E-1 2.53087E-1 2.07353E-1 8.51384E-2 3.96446E-2 3.45574E-2 4.92565E-2 4.27689E-2 3.39037E-2 3.19889E-2 3.54731E-2 3.54408E-2 2.30118E-2 1.07326E-2 1.56456E-2 1.97795E-2 3.51191E-2 3.85273E-2 2.58502E-2 2.94287E-2 2.83502E-2 2.73324E-2 2.20684E-2 1.31176E-2 1.78477E-2 2.45366E-2 2.73809E-2 2.64367E-2 2.55827E-2
4.68474E-1 4.66102E-1 4.74959E-1 4.03405E-1 2.39506E-1 1.01671E-1 1.88771E-2 3.16759E-3 1.73133E-3 3.38348E-3 6.34541E-2 3.74962E-2 5.37448E-2 6.55096E-2 6.94005E-2 3.74138E-1 3.92896E-1 5.87513E-1 1.81013E-1 1.63108E-1 1.69695E-1 1.46554E-1 1.13585E-1 7.02579E-2 9.13383E-2 1.08577E-1 9.46408E-2 1.99186E-2 3.2456E-2 1.52795E-1 2.25921E-1 2.54707E-1 2.95428E-1 2.36083E-1 6.89427E-2 9.63395E-2 6.83567E-2 3.14995E-2 3.63329E-2 3.17454E-2 3.0587E-2 3.01029E-2 3.69915E-2 3.91549E-2 1.32508E-2 6.04233E-3 9.57433E-3 3.36642E-2 3.53184E-2 1.86885E-2 1.74979E-2 1.87709E-2 1.86704E-2 1.69992E-2 1.69097E-2 1.40721E-2 1.37516E-2 1.39018E-2 2.20903E-2 2.40743E-2 2.25832E-2
4.91507E-1 4.96472E-1 4.75023E-1 4.64532E-1 4.14895E-1 2.57852E-1 3.993E-2 3.60421E-3 4.0535E-3 2.64817E-3 1.81456E-2 1.04886E-1 4.16797E-2 6.99996E-2 2.10374E-1 6.94247E-2 9.56592E-2 6.48564E-1 3.0109E-1 1.33084E-1 1.96615E-1 1.84662E-1 1.32413E-1 3.14892E-2 2.06887E-2 3.51013E-2 1.13509E-1 9.7654E-2 8.15971E-2 1.96162E-1 1.98192E-1 2.04216E-1 3.24328E-1 2.37179E-1 1.76571E-1 1.95071E-1 5.64372E-2 2.47847E-2 3.01068E-2 2.16509E-2 2.49785E-2 2.78769E-2 3.40391E-2 6.25044E-2 2.38452E-2 5.86724E-3 6.02554E-3 2.96556E-2 2.10205E-2 1.79844E-2 2.18712E-2 1.97339E-2 1.77598E-2 2.02294E-2 1.79351E-2 1.63029E-2 1.41328E-2 1.08657E-2 1.11968E-2 1.42569E-2 2.10671E-2
4.97901E-1 4.92039E-1 4.86581E-1 4.84004E-1 4.35851E-1 2.46008E-1 6.9246E-2 1.07445E-2 1.02378E-2 4.97271E-3 1.43186E-2 6.49427E-2 2.79993E-2 6.02612E-2 1.87114E-1 1.50264E-1 3.49744E-2 5.36873E-1 3.36265E-1 1.31829E-1 2.14623E-1 1.75481E-1 1.60407E-1 9.42255E-2 1.66003E-2 1.41469E-2 7.41206E-2 2.26214E-1 2.64693E-1 2.41217E-1 2.07402E-1 2.48947E-1 3.47675E-1 1.55708E-1 1.959E-1 2.32577E-1 4.92618E-2 2.15967E-2 3.91024E-2 5.31185E-2 5.05062E-2 6.70209E-2 5.9424E-2 3.94965E-2 5.28916E-2 2.4696E-2 7.77138E-3 2.42407E-2 2.70042E-2 2.5766E-2 2.76963E-2 2.54721E-2 2.38873E-2 2.43676E-2 2.06158E-2 1.70531E-2 1.34052E-2 1.30688E-2 1.1471E-2 1.07678E-2 1.83241E-2
5.18287E-1 5.02925E-1 4.85443E-1 4.71053E-1 4.56438E-1 4.01336E-1 1.55094E-1 2.31574E-2 1.79526E-2 7.46237E-3 1.40283E-2 8.61267E-2 5.75554E-2 3.68994E-2 1.0045E-1 3.29073E-1 3.33238E-2 3.76289E-1 4.91589E-1 9.48271E-2 1.62476E-1 2.12865E-1 1.50285E-1 1.44783E-1 9.5336E-2 4.55767E-2 1.0154E-1 2.27052E-1 2.97119E-1 2.94344E-1 4.05501E-1 2.86023E-1 3.97811E-1 2.93434E-1 2.82652E-1 1.49868E-1 6.27305E-2 3.04674E-2 4.70059E-2 9.03068E-2 2.8873E-2 2.41446E-2 2.27112E-2 3.05545E-2 1.855E-2 3.57679E-2 3.9733E-2 4.39304E-2 3.11118E-2 3.58777E-2 4.03388E-2 3.39551E-2 2.76582E-2 2.56505E-2 2.03763E-2 1.70571E-2 1.58908E-2 1.35408E-2 1.30232E-2 1.39914E-2 1.8124E-2
