maxent_outputs/bumblebees/bombus_35.asc
ncols         426
nrows         180
xllcorner     -130.0
yllcorner     24.0
cellsize      0.16666666666666666
NODATA_value  -9999
[rows 108 to 134 of 180, columns 61 to 121 of 426]
3.85659E-1 4.08214E-1 3.39022E-1 3.76636E-1 3.60492E-1 2.439E-1 1.57399E-1 3.40935E-2 2.03505E-2 8.83875E-3 1.02601E-2 4.84252E-2 7.84284E-2 4.44193E-2 4.52803E-2 1.28888E-1 4.88386E-2 1.2063E-1 2.718E-1 1.73769E-1 9.73307E-2 1.14857E-1 7.35274E-2 5.61311E-2 4.86044E-2 3.07011E-2 3.18758E-2 5.92294E-2 7.34105E-2 1.05215E-1 1.518E-1 1.15835E-1 9.24899E-2 7.51922E-2 5.11251E-2 1.82781E-2 4.26772E-2 3.71288E-2 2.29265E-2 2.33534E-2 5.26008E-3 4.64124E-3 4.78645E-3 5.49819E-3 5.44118E-3 4.14612E-3 3.01685E-3 3.12936E-3 3.96005E-3 8.56436E-3 1.49612E-2 1.09519E-2 6.64976E-3 5.77047E-3 5.70762E-3 5.49662E-3 4.82704E-3 4.23355E-3 3.3005E-3 2.92887E-3 4.00413E-3
3.95561E-1 3.53935E-1 3.6431E-1 4.0091E-1 3.42484E-1 2.1801E-1 1.33361E-1 4.4948E-2 7.47958E-2 4.18178E-2 3.56867E-2 5.92904E-2 8.45419E-2 8.32596E-2 9.91759E-2 1.00128E-1 9.61903E-2 9.60218E-2 1.01264E-1 2.18439E-1 2.11272E-1 1.75503E-1 1.04204E-1 4.39039E-2 5.13189E-2 5.39295E-2 4.88427E-2 5.49992E-2 8.32401E-2 8.275E-2 1.66812E-1 1.20775E-1 6.98595E-2 4.86253E-2 4.8229E-2 2.52585E-2 2.1376E-2 3.84026E-2 4.32668E-2 2.05186E-2 6.63367E-3 5.17509E-3 5.66481E-3 5.58123E-3 5.56887E-3 4.48921E-3 3.79333E-3 3.03832E-3 3.6446E-3 8.6386E-3 1.25578E-2 1.37497E-2 9.70211E-3 7.62415E-3 6.49103E-3 5.89487E-3 5.1535E-3 4.44209E-3 3.26405E-3 3.15724E-3 3.17833E-3
4.19875E-1 4.2104E-1 4.54371E-1 4.31442E-1 3.30698E-1 2.20134E-1 1.3189E-1 8.55551E-2 7.02725E-2 5.19091E-2 3.35146E-2 6.54327E-2 8.97356E-2 8.17094E-2 1.04296E-1 8.2921E-2 8.76682E-2 5.76157E-2 7.4577E-2 1.04834E-1 1.11794E-1 1.64425E-1 1.39486E-1 7.05061E-2 4.75007E-2 3.59865E-2 6.04679E-2 3.90806E-2 3.91828E-2 6.31804E-2 1.75364E-1 1.52556E-1 6.65412E-2 4.82696E-2 5.32238E-2 4.49761E-2 2.16212E-2 1.69805E-2 1.90826E-2 1.01561E-2 8.18797E-3 5.56659E-3 4.94884E-3 5.90594E-3 5.6418E-3 5.01348E-3 4.12712E-3 3.21326E-3 4.02799E-3 6.34209E-3 1.00664E-2 1.29984E-2 1.06034E-2 9.29892E-3 8.26277E-3 7.13392E-3 6.1725E-3 4.8716E-3 3.92176E-3 3.75285E-3 3.52593E-3
3.24966E-1 4.2021E-1 4.51382E-1 4.34326E-1 4.25991E-1 3.42168E-1 2.05727E-1 8.29799E-2 4.23653E-2 3.46184E-2 5.49658E-2 9.205E-2 8.18022E-2 6.50885E-2 7.24066E-2 5.56045E-2 5.52195E-2 5.41501E-2 5.61822E-2 6.23632E-2 7.16016E-2 1.23701E-1 1.47613E-1 6.09104E-2 3.842E-2 2.73408E-2 4.91157E-2 4.73783E-2 3.94693E-2 6.98894E-2 1.55107E-1 2.14988E-1 7.52711E-2 4.78926E-2 4.24454E-2 4.59404E-2 3.57594E-2 2.11093E-2 1.27634E-2 9.15248E-3 9.64016E-3 8.72326E-3 6.72897E-3 7.23974E-3 6.68867E-3 5.11989E-3 3.58416E-3 2.48713E-3 1.92504E-3 3.06105E-3 5.77888E-3 1.07246E-2 1.17005E-2 9.68004E-3 8.82416E-3 7.84223E-3 6.42295E-3 4.98139E-3 5.42628E-3 4.66006E-3 4.07873E-3
1.49836E-1 2.65605E-1 3.80954E-1 4.37911E-1 4.64933E-1 4.4677E-1 3.24193E-1 1.31404E-1 8.29523E-2 5.38382E-2 1.00359E-1 1.12036E-1 7.09372E-2 6.63639E-2 6.56959E-2 5.17887E-2 5.12242E-2 4.74055E-2 6.6459E-2 9.89585E-2 1.20024E-1 1.17144E-1 1.53516E-1 1.02647E-1 4.35517E-2 2.90075E-2 3.24271E-2 3.02043E-2 4.20452E-2 9.80808E-2 9.56454E-2 2.40406E-1 1.05704E-1 6.8598E-2 5.59535E-2 4.04984E-2 3.14968E-2 2.58753E-2 1.3752E-2 1.06182E-2 9.49266E-3 1.07442E-2 1.08189E-2 1.03145E-2 8.48137E-3 4.9626E-3 3.79825E-3 2.60611E-3 2.26039E-3 3.2052E-3 4.59691E-3 7.76551E-3 1.09415E-2 1.07109E-2 9.27413E-3 8.59155E-3 7.10325E-3 7.36364E-3 6.73234E-3 6.11147E-3 5.36641E-3
1.58399E-1 1.50682E-1 3.24558E-1 4.46006E-1 4.53327E-1 4.45473E-1 2.39517E-1 5.83186E-2 4.53035E-2 7.28065E-2 1.02043E-1 9.36785E-2 8.78728E-2 8.0297E-2 8.25229E-2 7.72447E-2 6.0386E-2 6.37342E-2 1.0471E-1 9.29327E-2 1.21353E-1 1.51249E-1 1.47404E-1 1.18494E-1 7.13381E-2 6.61159E-2 3.1835E-2 4.5278E-2 5.70196E-2 1.08287E-1 1.52724E-1 2.62242E-1 1.41655E-1 9.20379E-2 8.57837E-2 2.67961E-2 3.98811E-2 3.98076E-2 2.21512E-2 1.39174E-2 9.89925E-3 9.8314E-3 1.35474E-2 1.23124E-2 1.13499E-2 8.82561E-3 5.97091E-3 5.52961E-3 3.87851E-3 3.3651E-3 3.8874E-3 6.46446E-3 8.73672E-3 1.01139E-2 9.9348E-3 9.12761E-3 7.99345E-3 7.79108E-3 6.99353E-3 7.20509E-3 6.66978E-3
1.69041E-1 1.6073E-1 1.10274E-1 9.5124E-2 8.97306E-2 1.59792E-1 1.19642E-1 6.81681E-2 8.29972E-2 1.12962E-1 1.08273E-1 1.0011E-1 8.81909E-2 7.14847E-2 7.92169E-2 8.19159E-2 8.22369E-2 9.65651E-2 1.18213E-1 1.13045E-1 9.23108E-2 1.327E-1 1.14469E-1 1.10828E-1 8.6692E-2 5.71186E-2 7.83134E-2 8.88269E-2 9.24831E-2 1.23692E-1 2.18436E-1 2.57472E-1 1.925E-1 1.23036E-1 1.04021E-1 3.55726E-2 5.18637E-2 5.96363E-2 2.40161E-2 1.45279E-2 1.04305E-2 1.14052E-2 1.40974E-2 1.53938E-2 1.6895E-2 1.96535E-2 2.11119E-2 1.85145E-2 1.33639E-2 4.49104E-3 2.73644E-3 4.10032E-3 6.7167E-3 8.11964E-3 9.25868E-3 9.56395E-3 8.87825E-3 8.67355E-3 7.67928E-3 7.27406E-3 6.69473E-3
1.3163E-1 9.39109E-2 9.41951E-2 4.42814E-2 2.16369E-2 4.72181E-2 1.23508E-1 1.06523E-1 1.29745E-1 1.28075E-1 1.0565E-1 9.01135E-2 6.87404E-2 6.2456E-2 7.32217E-2 7.67006E-2 6.82615E-2 5.72557E-2 5.85924E-2 8.50591E-2 1.08307E-1 1.20204E-1 1.31366E-1 1.11734E-1 7.71968E-2 8.28017E-2 1.20696E-1 1.31762E-1 1.0162E-1 1.24345E-1 1.57829E-1 2.52571E-1 2.55472E-1 1.70856E-1 1.15632E-1 5.72959E-2 5.71625E-2 8.53975E-2 3.65664E-2 3.34216E-2 1.60137E-2 1.64741E-2 1.57403E-2 1.52336E-2 1.50933E-2 1.32961E-2 2.18994E-2 3.24758E-2 2.43323E-2 8.22604E-3 3.4865E-3 3.17527E-3 4.57247E-3 5.94238E-3 6.98104E-3 7.12631E-3 6.8679E-3 6.79927E-3 7.46007E-3 7.13839E-3 6.54013E-3
4.30154E-1 2.94656E-1 1.15838E-1 9.27457E-2 7.07353E-2 1.03964E-1 2.76409E-1 3.00215E-1 1.68171E-1 9.42461E-2 9.93719E-2 8.30167E-2 6.74411E-2 6.39006E-2 6.97343E-2 6.95065E-2 5.65981E-2 5.86699E-2 5.34191E-2 6.34246E-2 8.11339E-2 8.39443E-2 1.74108E-1 2.56885E-1 2.39704E-1 2.13365E-1 1.94983E-1 1.15651E-1 9.90563E-2 1.48341E-1 1.48587E-1 1.72769E-1 2.75353E-1 1.51305E-1 1.10984E-1 8.10256E-2 7.28842E-2 1.14646E-1 7.96273E-2 5.90521E-2 5.01283E-2 4.08159E-2 2.0257E-2 1.498E-2 1.47212E-2 1.59901E-2 1.72525E-2 3.31257E-2 3.19382E-2 1.02863E-2 4.60624E-3 3.53307E-3 4.11478E-3 4.31842E-3 4.90268E-3 5.57425E-3 5.32778E-3 5.94195E-3 7.11701E-3 7.10889E-3 7.34575E-3
9.463E-1 8.03099E-1 7.58395E-1 7.8407E-1 5.40526E-1 6.14339E-1 5.18447E-1 4.9175E-1 3.26902E-1 1.1019E-1 5.39844E-2 3.58562E-2 2.77032E-2 3.47874E-2 5.22665E-2 6.61148E-2 4.62504E-2 5.4131E-2 6.02943E-2 7.10264E-2 9.22003E-2 9.44801E-2 1.16185E-1 1.87602E-1 2.52291E-1 2.47843E-1 2.3093E-1 1.57204E-1 1.67187E-1 1.60924E-1 1.70922E-1 1.91629E-1 2.38047E-1 2.51204E-1 1.71393E-1 1.42671E-1 1.13136E-1 1.30966E-1 8.57962E-2 9.36534E-2 8.7014E-2 4.13198E-2 2.96161E-2 2.13665E-2 1.28171E-2 2.2618E-2 2.85656E-2 2.20838E-2 3.40688E-2 1.5159E-2 8.03787E-3 6.67933E-3 4.16822E-3 3.39043E-3 3.6477E-3 4.23387E-3 4.7789E-3 5.90628E-3 6.86831E-3 6.09447E-3 5.74792E-3
-9999 -9999 9.80412E-1 9.82877E-1 9.60004E-1 8.98993E-1 6.61655E-1 6.67092E-1 7.39843E-1 4.19999E-1 1.71089E-1 1.81552E-1 9.87133E-2 3.7923E-2 1.44211E-1 9.11392E-2 2.92601E-2 1.19918E-2 1.18533E-2 3.34684E-2 5.91689E-2 8.6384E-2 1.19884E-1 1.52302E-1 1.48206E-1 1.65694E-1 2.12842E-1 2.26429E-1 2.45502E-1 1.8467E-1 1.73196E-1 2.07222E-1 1.90932E-1 2.59649E-1 2.38694E-1 2.03388E-1 1.80111E-1 1.60546E-1 1.28563E-1 9.63085E-2 7.17332E-2 5.34238E-2 3.21633E-2 3.34325E-2 2.31335E-2 3.69674E-2 4.54305E-2 2.77755E-2 4.61422E-2 3.05907E-2 2.15897E-2 1.69024E-2 1.51302E-2 6.94962E-3 4.90266E-3 4.81795E-3 5.48102E-3 5.18622E-3 5.46983E-3 4.48183E-3 3.66307E-3
9.79513E-1 9.86463E-1 9.99994E-1 9.97622E-1 9.89096E-1 8.94639E-1 8.8698E-1 8.63145E-1 9.69856E-1 9.28856E-1 8.71719E-1 8.25119E-1 6.3443E-1 5.68787E-1 5.17686E-1 4.4688E-1 1.92722E-1 2.11801E-2 1.79605E-2 7.64543E-2 6.44603E-2 5.64211E-2 7.43848E-2 1.22703E-1 1.56181E-1 1.52564E-1 1.63002E-1 2.00931E-1 2.31453E-1 2.22372E-1 2.21655E-1 2.45642E-1 2.7267E-1 2.45587E-1 1.81384E-1 1.47154E-1 1.35525E-1 1.06113E-1 9.13049E-2 9.42566E-2 7.43453E-2 6.76771E-2 7.58988E-2 6.14054E-2 5.94168E-2 6.92102E-2 8.02276E-2 3.52327E-2 7.11233E-2 3.96136E-2 2.72346E-2 3.42365E-2 1.61255E-2 1.19298E-2 1.12118E-2 9.53258E-3 1.00074E-2 9.64504E-3 7.2089E-3 4.88251E-3 2.73731E-3
9.93187E-1 9.79692E-1 -9999 -9999 -9999 -9999 -9999 -9999 9.96083E-1 9.73009E-1 9.51135E-1 9.12457E-1 7.99616E-1 7.42687E-1 5.95243E-1 3.41838E-1 2.59832E-1 1.48003E-1 1.31736E-1 2.57506E-1 2.35962E-1 1.12986E-1 5.46544E-2 1.09196E-1 1.4657E-1 1.79938E-1 2.28551E-1 2.6123E-1 2.36216E-1 2.4398E-1 2.32167E-1 2.80544E-1 2.92815E-1 2.14003E-1 2.02168E-1 1.69255E-1 1.31077E-1 1.05877E-1 9.46086E-2 8.67329E-2 8.38894E-2 8.02517E-2 1.06189E-1 1.00513E-1 1.13296E-1 1.5652E-1 1.11605E-1 6.28525E-2 6.78485E-2 6.52342E-2 3.59093E-2 4.68523E-2 1.7175E-2 1.57725E-2 1.77472E-2 1.68017E-2 1.42314E-2 1.32697E-2 9.64037E-3 8.28843E-3 3.05512E-3
-9999 -9999 -9999 -9999 -9999 -9999 -9999 -9999 9.90704E-1 9.90162E-1 9.82573E-1 9.69672E-1 9.06422E-1 4.22534E-1 3.71849E-1 2.7596E-1 2.45403E-1 2.11715E-1 4.44991E-2 1.0162E-1 3.52618E-1 4.33971E-1 2.32937E-1 9.41862E-2 9.88389E-2 1.48097E-1 2.76309E-1 2.98904E-1 2.99851E-1 3.10925E-1 2.97324E-1 3.09905E-1 2.93391E-1 2.31686E-1 2.03426E-1 1.7829E-1 1.60616E-1 1.24101E-1 1.22324E-1 1.2405E-1 1.07453E-1 1.21745E-1 1.29676E-1 1.31241E-1 1.56881E-1 1.7971E-1 1.55493E-1 1.14147E-1 1.05359E-1 1.06897E-1 4.27894E-2 6.63447E-2 6.14446E-2 3.45277E-2 5.16948E-2 2.53904E-2 1.76754E-2 1.62133E-2 1.13864E-2 7.71743E-3 4.52189E-3
-9999 -9999 -9999 -9999 -9999 -9999 -9999 -9999 -9999 -9999 9.98268E-1 9.9569E-1 9.52784E-1 8.34174E-1 4.07378E-1 3.97586E-1 3.36626E-1 1.66036E-1 6.6284E-2 4.68337E-2 6.17859E-2 3.33257E-1 4.73788E-1 4.06364E-1 2.26159E-1 1.85854E-1 1.3471E-1 2.29986E-1 3.15244E-1 3.19545E-1 3.15276E-1 3.22908E-1 2.85799E-1 2.21336E-1 1.77923E-1 1.71953E-1 1.62724E-1 1.46808E-1 1.35989E-1 1.36292E-1 1.58172E-1 1.63963E-1 1.60614E-1 1.4902E-1 1.88397E-1 2.14137E-1 2.1141E-1 1.97607E-1 1.62607E-1 1.42822E-1 1.15148E-1 7.29851E-2 6.273E-2 6.44166E-2 3.23867E-2 2.88639E-2 2.10532E-2 1.51723E-2 1.09158E-2 8.29548E-3 6.01923E-3
-9999 -9999 -9999 -9999 9.99999E-1 -9999 -9999 9.96339E-1 9.78953E-1 9.99999E-1 -9999 -9999 9.81091E-1 9.48258E-1 7.53459E-1 7.68647E-1 5.38261E-1 1.70424E-1 8.33464E-2 6.94986E-2 1.47123E-1 1.69773E-1 4.92502E-1 7.8503E-1 5.59378E-1 3.22766E-1 2.12022E-1 1.74499E-1 2.49979E-1 3.03155E-1 3.39875E-1 3.31018E-1 2.71064E-1 1.86381E-1 1.53543E-1 1.32029E-1 1.73142E-1 1.64229E-1 1.6546E-1 1.79466E-1 1.75366E-1 1.89978E-1 1.78269E-1 1.76395E-1 1.96161E-1 2.14507E-1 2.23653E-1 2.27833E-1 2.02421E-1 1.53774E-1 1.1453E-1 7.3288E-2 4.19682E-2 3.95693E-2 4.22779E-2 4.94554E-2 4.63928E-2 2.52031E-2 1.45556E-2 8.69155E-3 6.46738E-3
-9999 9.95668E-1 9.74874E-1 -9999 -9999 -9999 -9999 -9999 9.8924E-1 9.93104E-1 -9999 -9999 -9999 -9999 9.74202E-1 8.9899E-1 6.51323E-1 2.85251E-1 1.1983E-1 6.8386E-2 1.89103E-1 3.49856E-1 4.5897E-1 5.96244E-1 7.97135E-1 6.59454E-1 4.26812E-1 2.64431E-1 2.2773E-1 2.75605E-1 3.51562E-1 3.26714E-1 2.63147E-1 2.06825E-1 2.01338E-1 2.02426E-1 1.94683E-1 2.11734E-1 2.07182E-1 2.02949E-1 2.1109E-1 2.01554E-1 2.13678E-1 1.98563E-1 1.77628E-1 1.78489E-1 1.94063E-1 1.83732E-1 1.73562E-1 1.385E-1 1.26442E-1 1.21045E-1 7.63558E-2 4.79963E-2 3.3783E-2 4.6544E-2 6.0642E-2 4.92038E-2 2.91858E-2 1.19478E-2 9.71137E-3
-9999 -9999 -9999 -9999 -9999 -9999 -9999 9.99888E-1 -9999 -9999 -9999 -9999 -9999 -9999 9.9696E-1 9.69189E-1 8.41301E-1 4.85494E-1 2.28075E-1 9.94122E-2 1.40893E-1 2.13278E-1 4.90459E-1 4.90792E-1 5.79688E-1 5.06068E-1 4.26097E-1 3.87546E-1 3.37776E-1 2.9268E-1 3.54518E-1 4.02097E-1 3.51256E-1 2.64172E-1 2.25374E-1 2.72169E-1 2.61104E-1 2.65763E-1 2.46727E-1 2.41787E-1 2.54733E-1 2.32245E-1 2.39053E-1 2.09159E-1 1.70353E-1 1.5891E-1 1.74129E-1 1.52574E-1 1.53189E-1 1.37251E-1 1.33813E-1 1.41448E-1 1.10607E-1 1.03519E-1 9.08779E-2 6.31066E-2 4.11196E-2 2.97425E-2 5.00646E-2 3.35065E-2 1.85358E-2
-9999 -9999 -9999 -9999 -9999 -9999 -9999 9.97339E-1 9.70654E-1 -9999 -9999 -9999 -9999 -9999 -9999 9.84022E-1 8.83676E-1 6.90038E-1 3.767E-1 8.9039E-2 1.0531E-1 3.07639E-1 4.39673E-1 4.91083E-1 4.78416E-1 4.1502E-1 4.17098E-1 3.77411E-1 3.53443E-1 3.48423E-1 3.35285E-1 3.91595E-1 4.0509E-1 3.16482E-1 2.91171E-1 3.14277E-1 2.85431E-1 2.66045E-1 2.48663E-1 2.4504E-1 2.29603E-1 2.08951E-1 2.21064E-1 2.08455E-1 1.70363E-1 1.50972E-1 1.65365E-1 1.45412E-1 1.42464E-1 1.29687E-1 1.25287E-1 1.09212E-1 7.27215E-2 5.53186E-2 8.86541E-2 5.84852E-2 3.9214E-2 2.46753E-2 3.7764E-2 4.44553E-2 4.30782E-2
-9999 -9999 -9999 -9999 -9999 -9999 -9999 -9999 9.97884E-1 -9999 -9999 -9999 -9999 -9999 -9999 9.96448E-1 9.58781E-1 8.06637E-1 4.32093E-1 1.70052E-1 8.49459E-2 1.30421E-1 3.38056E-1 5.47111E-1 5.139E-1 4.57589E-1 4.04858E-1 3.71723E-1 3.5901E-1 3.8733E-1 4.02614E-1 3.76981E-1 4.05071E-1 4.12412E-1 3.51493E-1 3.03122E-1 3.02694E-1 2.74228E-1 2.60029E-1 2.34368E-1 2.10215E-1 1.96542E-1 2.06971E-1 1.76045E-1 1.30217E-1 1.21993E-1 1.4624E-1 1.42019E-1 1.29596E-1 1.20101E-1 1.29068E-1 9.88448E-2 7.54425E-2 4.79358E-2 6.13306E-2 6.28981E-2 2.88707E-2 2.78515E-2 1.90236E-2 1.27138E-2 3.63383E-2
-9999 -9999 -9999 -9999 -9999 -9999 -9999 -9999 -9999 -9999 -9999 -9999 -9999 -9999 -9999 -9999 9.83209E-1 8.67521E-1 5.61064E-1 2.81157E-1 1.22057E-1 8.37974E-2 1.04409E-1 4.58725E-1 5.88952E-1 5.39517E-1 4.78579E-1 3.97377E-1 3.76273E-1 3.55901E-1 3.57335E-1 3.70195E-1 3.68891E-1 3.30969E-1 3.14021E-1 2.92577E-1 2.79589E-1 2.78865E-1 2.64354E-1 2.4408E-1 2.29639E-1 1.96858E-1 1.7598E-1 1.37381E-1 1.09135E-1 1.06561E-1 1.33704E-1 1.41466E-1 1.37966E-1 1.30054E-1 1.21977E-1 1.04541E-1 7.49391E-2 5.2658E-2 3.57764E-2 6.11558E-2 3.57958E-2 1.86345E-2 2.02783E-2 1.62877E-2 2.17131E-2
-9999 -9999 -9999 -9999 -9999 -9999 -9999 -9999 -9999 -9999 -9999 -9999 -9999 -9999 -9999 9.99998E-1 9.62636E-1 8.75394E-1 6.54142E-1 3.92129E-1 1.82026E-1 8.49581E-2 5.40924E-2 9.75969E-2 6.54471E-1 5.89432E-1 4.96279E-1 4.8254E-1 3.84879E-1 3.6153E-1 4.19043E-1 3.79183E-1 3.46109E-1 2.95081E-1 2.53071E-1 2.38813E-1 2.53618E-1 2.53261E-1 2.62305E-1 2.56313E-1 2.20626E-1 1.88955E-1 1.53493E-1 1.11051E-1 1.03728E-1 1.07826E-1 1.33511E-1 1.29933E-1 1.22207E-1 1.1898E-1 1.18134E-1 1.03905E-1 9.99485E-2 6.63472E-2 1.83385E-2 4.70627E-2 4.81048E-2 2.71518E-2 1.96624E-2 2.16926E-2 2.10789E-2
-9999 -9999 -9999 -9999 -9999 -9999 -9999 -9999 -9999 -9999 -9999 -9999 -9999 -9999 -9999 -9999 9.77549E-1 9.29144E-1 6.21798E-1 4.15994E-1 2.48655E-1 9.49129E-2 4.7206E-2 7.79647E-2 6.84964E-1 6.59443E-1 6.66754E-1 5.80077E-1 4.28738E-1 3.9448E-1 4.05087E-1 3.95759E-1 3.59386E-1 2.91829E-1 2.99248E-1 2.27632E-1 2.40997E-1 2.33244E-1 2.45273E-1 2.22047E-1 2.01342E-1 1.65164E-1 1.32901E-1 1.08072E-1 9.97402E-2 1.07616E-1 1.17539E-1 1.18178E-1 1.16782E-1 9.93978E-2 1.06808E-1 9.8113E-2 1.09681E-1 1.18123E-1 8.51939E-2 3.00456E-2 4.55486E-2 3.4764E-2 2.27191E-2 2.41691E-2 2.31041E-2
-9999 -9999 -9999 -9999 -9999 -9999 -9999 -9999 -9999 -9999 -9999 -9999 -9999 -9999 -9999 -9999 -9999 9.61426E-1 8.30692E-1 5.65544E-1 3.0738E-1 1.42982E-1 7.01009E-2 3.7197E-2 4.68162E-1 7.40444E-1 7.61135E-1 6.77422E-1 5.52791E-1 4.92001E-1 4.48756E-1 4.21943E-1 4.15198E-1 4.01403E-1 3.33567E-1 3.28523E-1 2.93886E-1 2.49286E-1 2.52458E-1 2.45953E-1 1.92624E-1 1.76986E-1 1.2207E-1 1.0671E-1 1.01059E-1 1.12067E-1 1.18485E-1 9.95165E-2 8.73553E-2 8.10566E-2 9.00963E-2 7.72183E-2 8.13456E-2 8.60197E-2 7.04779E-2 4.65451E-2 4.42938E-2 4.20664E-2 2.73211E-2 2.56951E-2 2.22194E-2
-9999 -9999 -9999 -9999 -9999 -9999 -9999 -9999 -9999 -9999 -9999 -9999 -9999 -9999 -9999 -9999 -9999 9.82883E-1 9.4127E-1 8.54183E-1 4.4011E-1 2.33771E-1 1.05274E-1 4.15529E-2 2.42069E-1 7.08282E-1 8.27029E-1 7.64905E-1 7.06518E-1 6.66767E-1 6.35482E-1 4.8549E-1 4.39716E-1 4.42728E-1 3.83234E-1 3.37137E-1 3.37102E-1 2.79746E-1 2.57074E-1 2.4777E-1 2.53376E-1 2.04612E-1 1.54961E-1 1.28477E-1 1.26602E-1 1.17841E-1 1.07395E-1 9.78205E-2 8.18843E-2 5.61314E-2 7.05659E-2 5.02212E-2 6.42975E-2 7.31891E-2 5.13822E-2 4.36707E-2 3.44746E-2 4.0145E-2 2.77499E-2 2.59433E-2 2.48939E-2
-9999 -9999 -9999 -9999 -9999 -9999 -9999 -9999 -9999 -9999 -9999 -9999 -9999 -9999 -9999 -9999 -9999 -9999 9.98004E-1 9.27736E-1 6.06898E-1 2.63959E-1 1.34546E-1 6.63621E-2 7.15391E-2 4.02512E-1 6.59374E-1 6.95211E-1 7.93238E-1 7.67401E-1 7.49284E-1 6.63921E-1 5.01474E-1 4.69585E-1 4.46176E-1 4.29803E-1 3.99516E-1 3.46081E-1 3.07218E-1 2.7803E-1 2.4697E-1 2.08357E-1 1.56456E-1 1.42062E-1 1.25964E-1 1.18054E-1 1.01115E-1 9.27186E-2 7.97401E-2 5.34248E-2 6.15747E-2 5.23942E-2 6.27312E-2 4.26906E-2 2.58756E-2 2.6711E-2 2.89428E-2 3.68682E-2 3.21114E-2 2.4796E-2 2.91687E-2
-9999 -9999 -9999 -9999 -9999 -9999 -9999 -9999 -9999 -9999 -9999 -9999 -9999 -9999 -9999 -9999 -9999 -9999 9.98331E-1 8.68605E-1 6.9954E-1 3.35276E-1 1.2858E-1 1.09829E-1 9.88426E-2 1.09897E-1 4.04089E-1 5.84909E-1 7.30864E-1 7.75007E-1 7.28433E-1 9.59386E-1 6.46012E-1 5.1395E-1 5.10262E-1 6.25397E-1 4.76284E-1 3.89182E-1 4.05805E-1 3.20074E-1 2.86433E-1 2.19011E-1 1.819E-1 1.27182E-1 1.13148E-1 1.07546E-1 9.4084E-2 7.66912E-2 7.62191E-2 5.68167E-2 5.23725E-2 4.77319E-2 5.70729E-2 4.59541E-2 3.70816E-2 2.37599E-2 2.74018E-2 3.43252E-2 3.16528E-2 2.75155E-2 2.96764E-2
