maxent_outputs/bumblebees/bombus_304.asc
ncols         426
nrows         180
xllcorner     -130.0
yllcorner     24.0
cellsize      0.16666666666666666
NODATA_value  -9999
[rows 81 to 107 of 180, columns 122 to 182 of 426]
2.31141E-2 2.5632E-2 2.46728E-2 1.38089E-2 1.40895E-2 1.42002E-2 1.82336E-2 1.8863E-2 1.7673E-2 1.76497E-2 1.91484E-2 1.93256E-2 1.87144E-2 1.72684E-2 1.69559E-2 1.5732E-2 1.43393E-2 9.96377E-3 7.82131E-3 8.01072E-3 6.94766E-3 6.75492E-3 4.12537E-3 3.33729E-3 7.07646E-3 1.28545E-2 2.6313E-2 3.67009E-2 3.76768E-2 4.03239E-2 4.07538E-2 3.96085E-2 3.95642E-2 4.14248E-2 4.01649E-2 4.06416E-2 4.43132E-2 4.77459E-2 4.65628E-2 4.3685E-2 4.63641E-2 5.13792E-2 5.56579E-2 6.00648E-2 6.34953E-2 6.50072E-2 6.86749E-2 7.20699E-2 7.56691E-2 7.78775E-2 8.41443E-2 8.42768E-2 8.93934E-2 9.40319E-2 9.59029E-2 9.75562E-2 1.017E-1 1.05527E-1 1.08454E-1 1.0876E-1 1.0704E-1
2.79214E-2 2.6899E-2 2.43984E-2 2.25691E-2 1.84885E-2 1.98295E-2 2.03408E-2 1.97682E-2 1.88569E-2 1.49044E-2 1.43977E-2 1.72254E-2 1.43278E-2 1.33628E-2 1.15623E-2 1.16336E-2 1.16596E-2 8.85449E-3 7.46235E-3 7.81572E-3 6.99368E-3 6.18775E-3 6.40243E-3 4.22123E-3 5.4659E-3 1.42094E-2 3.22931E-2 3.73984E-2 3.87259E-2 3.79031E-2 3.79379E-2 3.81511E-2 3.9556E-2 4.01102E-2 4.26908E-2 4.51357E-2 4.55846E-2 4.31509E-2 4.24992E-2 4.2785E-2 4.58378E-2 5.14798E-2 5.57845E-2 6.02648E-2 6.34087E-2 6.58272E-2 6.81826E-2 7.03935E-2 7.36856E-2 7.71984E-2 8.32537E-2 8.98805E-2 9.58684E-2 1.01064E-1 1.07023E-1 1.07406E-1 1.07727E-1 1.10811E-1 1.18654E-1 1.22987E-1 1.20715E-1
2.81708E-2 2.85586E-2 2.59048E-2 2.36598E-2 2.37137E-2 2.32924E-2 1.77614E-2 1.80606E-2 1.95022E-2 1.89681E-2 1.65948E-2 1.3705E-2 9.34495E-3 7.84906E-3 5.62683E-3 4.83464E-3 7.70983E-3 7.31883E-3 6.63484E-3 8.11051E-3 7.97489E-3 7.05332E-3 7.14537E-3 4.86397E-3 4.20456E-3 1.32794E-2 3.5145E-2 3.97809E-2 3.78075E-2 3.6883E-2 3.62492E-2 3.74348E-2 3.69601E-2 3.81374E-2 4.01701E-2 4.12833E-2 4.21469E-2 4.06696E-2 3.99137E-2 4.25647E-2 4.63714E-2 5.09412E-2 5.53674E-2 6.03775E-2 6.50832E-2 6.93021E-2 7.40502E-2 7.67934E-2 7.96503E-2 8.51599E-2 8.69702E-2 9.13207E-2 9.64396E-2 1.0126E-1 1.05813E-1 1.07771E-1 1.09356E-1 1.14316E-1 1.22322E-1 1.28031E-1 1.2495E-1
2.69112E-2 2.77785E-2 2.72977E-2 2.44647E-2 2.26545E-2 2.38689E-2 1.51293E-2 1.7884E-2 1.81097E-2 1.46975E-2 1.28813E-2 1.15694E-2 9.25721E-3 5.12267E-3 3.54588E-3 4.69511E-3 9.14536E-3 1.03872E-2 8.87117E-3 7.19733E-3 6.84672E-3 5.9922E-3 4.75047E-3 4.33077E-3 5.89943E-3 1.07006E-2 2.53744E-2 3.95096E-2 4.17689E-2 3.75061E-2 3.43364E-2 3.41792E-2 3.56682E-2 3.68548E-2 3.77224E-2 3.96937E-2 4.11594E-2 3.97766E-2 3.81167E-2 4.28558E-2 4.60294E-2 5.06992E-2 5.33625E-2 5.59179E-2 6.22902E-2 6.98368E-2 7.21598E-2 7.76876E-2 8.08181E-2 7.86929E-2 7.95666E-2 8.66098E-2 9.39179E-2 9.93254E-2 1.04684E-1 1.07703E-1 1.09636E-1 1.13309E-1 1.18012E-1 1.23935E-1 1.24643E-1
2.4209E-2 2.30424E-2 2.23848E-2 2.2707E-2 2.10055E-2 1.93373E-2 1.31386E-2 1.36349E-2 1.52502E-2 1.31516E-2 1.08097E-2 8.47599E-3 7.11811E-3 3.54433E-3 4.17056E-3 1.08558E-2 9.89329E-3 7.48326E-3 6.90789E-3 4.29276E-3 3.83228E-3 4.58758E-3 2.56357E-3 3.3464E-3 7.34804E-3 1.03435E-2 2.02135E-2 3.97398E-2 4.29182E-2 3.50472E-2 3.0996E-2 3.13823E-2 3.39108E-2 3.44012E-2 3.66801E-2 3.89501E-2 3.97656E-2 3.78187E-2 3.72451E-2 4.11136E-2 4.5908E-2 4.99071E-2 5.25888E-2 5.69626E-2 5.84547E-2 6.18052E-2 7.05799E-2 7.38555E-2 7.05124E-2 7.38206E-2 8.14286E-2 8.62688E-2 9.02218E-2 9.83914E-2 1.04029E-1 1.05866E-1 1.09942E-1 1.15502E-1 1.1853E-1 1.22861E-1 1.28486E-1
2.07039E-2 1.97202E-2 1.93848E-2 1.5347E-2 1.67868E-2 1.56243E-2 1.15089E-2 1.30173E-2 1.00512E-2 1.16037E-2 1.3763E-2 2.64408E-2 2.41816E-2 1.3061E-2 8.98059E-3 9.93223E-3 9.564E-3 7.74752E-3 5.79063E-3 5.22471E-3 3.17668E-3 4.25945E-3 2.94027E-3 2.35618E-3 3.61861E-3 8.07222E-3 1.30289E-2 3.38761E-2 3.3848E-2 2.85253E-2 2.44568E-2 2.645E-2 2.91752E-2 3.12469E-2 3.3291E-2 3.72223E-2 3.4341E-2 3.36236E-2 3.62816E-2 4.00592E-2 4.39661E-2 4.86448E-2 5.20067E-2 5.67282E-2 5.99111E-2 6.12944E-2 6.51372E-2 6.76942E-2 7.05365E-2 7.25662E-2 7.63482E-2 7.94867E-2 8.82974E-2 9.34873E-2 9.98785E-2 1.0443E-1 1.10027E-1 1.15354E-1 1.2197E-1 1.24975E-1 1.30049E-1
1.59203E-2 1.7071E-2 1.96842E-2 2.62285E-2 3.2818E-2 3.0293E-2 1.75153E-2 2.13456E-2 2.67899E-2 2.72804E-2 1.083E-2 1.30384E-2 1.43783E-2 7.18096E-3 1.48882E-2 1.04753E-2 6.33207E-3 5.32919E-3 3.05836E-3 2.98672E-3 2.55298E-3 2.29303E-3 2.86954E-3 3.88915E-3 4.26059E-3 7.66039E-3 1.11041E-2 1.91095E-2 2.35118E-2 2.13891E-2 1.88661E-2 2.13332E-2 2.45628E-2 2.62148E-2 2.84617E-2 2.88843E-2 2.83567E-2 3.1658E-2 3.45808E-2 3.82081E-2 4.28949E-2 4.71309E-2 5.17159E-2 5.45299E-2 5.71383E-2 5.88119E-2 6.33244E-2 6.75163E-2 6.88683E-2 7.1355E-2 7.42073E-2 7.86401E-2 8.5222E-2 9.22308E-2 9.80224E-2 1.04199E-1 1.09782E-1 1.15499E-1 1.20125E-1 1.27102E-1 1.34734E-1
1.39112E-2 2.67423E-2 3.876E-2 3.87898E-2 4.27842E-2 4.26938E-2 3.54587E-2 2.7245E-2 3.66093E-2 2.45828E-2 1.45384E-2 8.16436E-3 6.30807E-3 4.56018E-3 7.44037E-3 5.00666E-3 7.27975E-3 4.05109E-3 2.61254E-3 2.77155E-3 2.37519E-3 2.53608E-3 3.72748E-3 3.63954E-3 3.66864E-3 4.60706E-3 1.07105E-2 9.31515E-3 1.58783E-2 1.39244E-2 1.37884E-2 1.76943E-2 2.07669E-2 2.24947E-2 2.48193E-2 2.77349E-2 2.97212E-2 3.08502E-2 3.30288E-2 3.70435E-2 4.07144E-2 4.44968E-2 4.89579E-2 5.25735E-2 5.56024E-2 5.88228E-2 6.17373E-2 6.7014E-2 6.98676E-2 7.17354E-2 7.52685E-2 7.93866E-2 8.76383E-2 9.287E-2 9.81721E-2 1.03422E-1 1.08202E-1 1.1482E-1 1.20512E-1 1.23963E-1 1.30334E-1
2.74102E-2 3.87575E-2 4.13854E-2 4.24657E-2 3.19983E-2 3.09522E-2 4.68675E-2 4.48357E-2 1.61578E-2 7.77878E-3 4.79407E-3 3.5035E-3 5.12942E-3 8.51542E-3 4.59486E-3 2.14814E-3 2.15637E-3 2.51531E-3 1.72511E-3 2.35698E-3 3.2109E-3 3.12406E-3 3.6199E-3 3.5582E-3 3.88467E-3 5.25134E-3 5.9924E-3 6.17369E-3 9.48218E-3 1.13973E-2 1.14591E-2 1.55221E-2 1.76217E-2 1.93244E-2 2.25256E-2 2.73366E-2 3.23862E-2 3.61837E-2 3.44396E-2 3.48911E-2 3.88607E-2 4.1881E-2 4.57361E-2 4.9817E-2 5.41579E-2 5.77177E-2 6.48826E-2 7.04111E-2 7.52288E-2 7.92503E-2 7.85402E-2 8.27215E-2 9.09377E-2 9.63206E-2 9.7477E-2 1.01286E-1 1.08415E-1 1.19303E-1 1.27893E-1 1.30119E-1 1.3093E-1
3.84486E-2 4.278E-2 4.60421E-2 2.80093E-2 1.37902E-2 1.16317E-2 2.09857E-2 4.07394E-2 2.41014E-2 1.1664E-2 1.98971E-2 1.1846E-2 1.48817E-2 1.01348E-2 6.67942E-3 2.87708E-3 2.69279E-3 2.1776E-3 2.49491E-3 1.91493E-3 3.4489E-3 4.29766E-3 3.58709E-3 3.42338E-3 3.86408E-3 4.60225E-3 4.63716E-3 3.68346E-3 1.02961E-2 1.85748E-2 1.62E-2 1.90952E-2 1.74587E-2 2.07931E-2 2.56581E-2 3.08792E-2 3.53777E-2 3.93997E-2 4.08895E-2 4.18737E-2 4.39462E-2 4.52386E-2 4.48778E-2 4.85815E-2 5.46107E-2 6.13191E-2 6.92446E-2 7.54201E-2 8.06464E-2 8.49235E-2 9.0321E-2 9.63914E-2 9.94499E-2 1.00388E-1 1.03105E-1 1.08066E-1 1.15731E-1 1.25306E-1 1.30533E-1 1.28534E-1 1.30563E-1
4.39478E-2 4.32967E-2 4.00575E-2 3.55519E-2 2.23057E-2 1.01272E-2 1.1884E-2 2.37657E-2 3.80904E-2 3.95132E-2 3.58926E-2 2.73991E-2 1.58881E-2 4.95302E-3 3.69823E-3 3.5154E-3 3.52039E-3 3.27648E-3 2.49199E-3 1.97394E-3 3.27575E-3 7.08717E-3 3.55256E-3 3.09098E-3 3.95922E-3 4.79367E-3 6.08566E-3 3.03809E-3 7.28968E-3 2.6605E-2 2.57362E-2 2.63412E-2 2.38893E-2 2.56177E-2 3.05306E-2 3.46746E-2 3.63793E-2 4.11598E-2 4.23781E-2 4.50806E-2 4.61454E-2 4.78683E-2 4.66107E-2 4.81387E-2 5.44279E-2 6.08806E-2 6.60653E-2 7.05212E-2 7.40776E-2 8.03436E-2 8.90298E-2 9.9539E-2 1.07525E-1 1.14136E-1 1.16606E-1 1.20839E-1 1.26537E-1 1.29261E-1 1.32396E-1 1.30324E-1 1.33117E-1
5.4271E-2 3.45839E-2 1.15276E-2 1.41762E-2 3.1016E-2 1.73544E-2 8.49979E-3 1.48085E-2 2.22463E-2 3.00347E-2 3.03044E-2 1.44648E-2 8.94965E-3 4.15372E-3 4.12881E-3 4.18507E-3 5.04766E-3 3.87997E-3 3.37391E-3 2.41875E-3 2.95858E-3 9.0906E-3 5.88555E-3 4.05306E-3 5.05046E-3 1.0689E-2 1.56417E-2 1.21024E-2 1.91911E-2 2.99064E-2 3.39291E-2 3.39864E-2 3.1095E-2 3.171E-2 3.58853E-2 4.05211E-2 4.10153E-2 4.57249E-2 4.25916E-2 4.36463E-2 4.60619E-2 4.89977E-2 5.24073E-2 5.26245E-2 5.44198E-2 6.02987E-2 6.6118E-2 7.1436E-2 7.63336E-2 8.06846E-2 8.75033E-2 9.36476E-2 1.03313E-1 1.0532E-1 1.10412E-1 1.14668E-1 1.1963E-1 1.25635E-1 1.23689E-1 1.27044E-1 1.33941E-1
4.04486E-2 2.97335E-2 8.06846E-3 1.29775E-2 3.10569E-2 3.24688E-2 1.74537E-2 9.99868E-3 9.17864E-3 1.39481E-2 2.17017E-2 1.58073E-2 6.91719E-3 5.03842E-3 5.35187E-3 4.74191E-3 3.94275E-3 4.17016E-3 4.17746E-3 3.67531E-3 2.83129E-3 4.35903E-3 5.94635E-3 1.07566E-2 1.35352E-2 1.64788E-2 2.71918E-2 3.88133E-2 3.68589E-2 3.60479E-2 3.90196E-2 4.07605E-2 3.88538E-2 3.77085E-2 4.1518E-2 4.68731E-2 4.59166E-2 4.92561E-2 4.86235E-2 4.66879E-2 4.82461E-2 5.22387E-2 5.51211E-2 5.58699E-2 5.53912E-2 6.14861E-2 6.69731E-2 7.17482E-2 7.74307E-2 8.2342E-2 8.72874E-2 9.47659E-2 1.04399E-1 1.05843E-1 1.08091E-1 1.13278E-1 1.19769E-1 1.28733E-1 1.37407E-1 1.36655E-1 1.34954E-1
2.98626E-2 2.62845E-2 1.92279E-2 2.19113E-2 3.08162E-2 2.63496E-2 2.96368E-2 2.20765E-2 1.21318E-2 7.24418E-3 8.51337E-3 1.30542E-2 5.04752E-3 3.26637E-3 4.04808E-3 3.8167E-3 2.65884E-3 3.12874E-3 3.15229E-3 3.66033E-3 4.01266E-3 4.27858E-3 5.45958E-3 3.86851E-3 7.93588E-3 9.26191E-3 7.52966E-3 2.3351E-2 3.66673E-2 4.16449E-2 4.75947E-2 4.65212E-2 4.75363E-2 4.53588E-2 4.69081E-2 4.97226E-2 5.05265E-2 5.25328E-2 5.39368E-2 5.17767E-2 5.14155E-2 5.61696E-2 5.87938E-2 6.18144E-2 6.25011E-2 6.42541E-2 6.82044E-2 7.27113E-2 7.89203E-2 8.39085E-2 8.81247E-2 9.89504E-2 1.06422E-1 1.07863E-1 1.10847E-1 1.1423E-1 1.23934E-1 1.35144E-1 1.42819E-1 1.43217E-1 1.4241E-1
3.03976E-2 2.25447E-2 2.00679E-2 1.82074E-2 2.69254E-2 2.43291E-2 2.04309E-2 1.55602E-2 1.22996E-2 8.92546E-3 5.30885E-3 6.68932E-3 2.92791E-3 1.87056E-3 2.41364E-3 2.63687E-3 2.20415E-3 2.53862E-3 3.58414E-3 4.24873E-3 5.63391E-3 6.68571E-3 6.9902E-3 4.33592E-3 3.34267E-3 6.63858E-3 3.94291E-3 7.31391E-3 2.45453E-2 3.51355E-2 3.8382E-2 4.33569E-2 4.65364E-2 4.86636E-2 5.0945E-2 5.32407E-2 5.48813E-2 5.89834E-2 6.10041E-2 5.95841E-2 5.82918E-2 6.14003E-2 6.56004E-2 6.80965E-2 7.2604E-2 7.44172E-2 7.68934E-2 7.9444E-2 8.19193E-2 8.59809E-2 9.16843E-2 1.02359E-1 1.08833E-1 1.04806E-1 1.10985E-1 1.16648E-1 1.21946E-1 1.30269E-1 1.39835E-1 1.4394E-1 1.40763E-1
1.47487E-2 1.22648E-2 1.39786E-2 1.41826E-2 1.47688E-2 1.89768E-2 1.85152E-2 1.04743E-2 5.88892E-3 4.45186E-3 4.04079E-3 1.96275E-3 1.54023E-3 1.58938E-3 1.96782E-3 1.64424E-3 1.89846E-3 1.89518E-3 2.23279E-3 4.1327E-3 6.10027E-3 6.61539E-3 6.87658E-3 7.14205E-3 3.10232E-3 4.74887E-3 5.82163E-3 4.51499E-3 1.62806E-2 2.89248E-2 3.4077E-2 3.82047E-2 4.53763E-2 4.72763E-2 4.98336E-2 5.26293E-2 5.54844E-2 5.7687E-2 5.94202E-2 5.94289E-2 5.84118E-2 5.81236E-2 6.17071E-2 6.64212E-2 7.14827E-2 7.64114E-2 8.12478E-2 8.75243E-2 9.00347E-2 9.13244E-2 9.89324E-2 1.0463E-1 1.08448E-1 1.07298E-1 1.08479E-1 1.12848E-1 1.19229E-1 1.28575E-1 1.36045E-1 1.37508E-1 1.39215E-1
1.81775E-2 1.54415E-2 2.04579E-2 1.63045E-2 1.53643E-2 1.37935E-2 9.96243E-3 8.54674E-3 5.72397E-3 3.9787E-3 2.67928E-3 2.27893E-3 1.70846E-3 1.67875E-3 2.2816E-3 2.60299E-3 3.04284E-3 3.1599E-3 4.50955E-3 5.685E-3 6.58643E-3 6.57132E-3 6.95179E-3 7.37445E-3 7.10963E-3 4.63718E-3 9.56117E-3 1.43348E-2 2.19984E-2 2.91239E-2 2.94073E-2 3.01917E-2 4.07586E-2 4.55928E-2 4.82797E-2 4.90815E-2 5.39921E-2 6.10528E-2 5.8868E-2 5.68802E-2 5.60715E-2 5.46684E-2 5.67891E-2 6.05378E-2 6.84327E-2 7.50896E-2 8.25657E-2 8.68568E-2 9.02547E-2 9.56242E-2 9.96531E-2 1.02062E-1 1.06284E-1 1.08036E-1 1.11015E-1 1.16976E-1 1.21926E-1 1.27613E-1 1.31629E-1 1.3315E-1 1.37856E-1
3.26453E-2 2.90478E-2 3.31827E-2 2.71293E-2 2.03432E-2 1.60966E-2 1.33475E-2 1.06395E-2 6.82596E-3 4.88108E-3 5.24808E-3 4.63788E-3 2.06373E-3 2.24044E-3 3.02937E-3 2.45881E-3 2.14339E-3 3.61856E-3 3.55403E-3 4.96531E-3 6.19412E-3 6.36739E-3 6.80334E-3 7.35406E-3 5.88086E-3 2.98517E-3 4.20887E-3 9.14617E-3 1.79823E-2 2.41781E-2 2.6335E-2 3.1888E-2 3.58755E-2 3.8301E-2 4.16906E-2 4.94177E-2 5.63515E-2 5.59712E-2 5.38392E-2 5.38963E-2 4.96274E-2 5.1248E-2 5.56245E-2 6.07621E-2 6.84428E-2 7.64247E-2 8.43775E-2 8.95483E-2 9.5221E-2 1.00413E-1 1.00853E-1 1.00505E-1 1.03951E-1 1.06679E-1 1.13356E-1 1.14074E-1 1.19273E-1 1.25261E-1 1.2829E-1 1.28122E-1 1.31944E-1
4.34062E-2 4.07001E-2 4.02078E-2 3.64847E-2 3.02304E-2 2.20648E-2 1.99037E-2 1.46459E-2 9.1694E-3 3.79621E-3 8.25426E-3 6.882E-3 5.78897E-3 5.02045E-3 6.57523E-3 4.79423E-3 5.24527E-3 3.23948E-3 2.28838E-3 3.16735E-3 5.93672E-3 6.64023E-3 6.99508E-3 7.38124E-3 7.40761E-3 6.55415E-3 4.04762E-3 5.6586E-3 7.85433E-3 1.65985E-2 2.52579E-2 2.91475E-2 3.32935E-2 3.51989E-2 4.13586E-2 4.43249E-2 4.20845E-2 4.09019E-2 4.05098E-2 4.32119E-2 4.59362E-2 5.19709E-2 5.88009E-2 6.37125E-2 6.96178E-2 7.80771E-2 8.48792E-2 9.16095E-2 9.64553E-2 1.00953E-1 1.06486E-1 1.10194E-1 1.09942E-1 1.12896E-1 1.18517E-1 1.23583E-1 1.32569E-1 1.29204E-1 1.2908E-1 1.36366E-1 1.40913E-1
4.69247E-2 4.59612E-2 4.68079E-2 4.22288E-2 3.1762E-2 2.24829E-2 1.97373E-2 1.56478E-2 1.40016E-2 1.04905E-2 1.434E-2 1.28392E-2 1.23389E-2 1.00443E-2 1.01772E-2 9.55879E-3 8.5021E-3 3.94113E-3 2.28265E-3 3.45267E-3 5.40395E-3 6.67908E-3 7.23827E-3 7.80079E-3 7.23739E-3 6.19927E-3 2.88332E-3 3.54545E-3 9.97968E-3 1.45421E-2 2.10118E-2 2.9915E-2 3.29989E-2 3.45095E-2 3.61404E-2 3.47648E-2 3.01593E-2 3.0366E-2 3.55152E-2 4.02685E-2 4.53804E-2 5.12874E-2 5.80753E-2 6.48772E-2 7.15101E-2 7.90093E-2 8.75809E-2 9.17441E-2 9.72641E-2 9.96402E-2 1.04361E-1 1.12675E-1 1.21764E-1 1.21652E-1 1.23841E-1 1.32806E-1 1.38617E-1 1.50629E-1 1.49663E-1 1.57026E-1 1.71181E-1
4.10181E-2 3.7784E-2 3.77155E-2 4.44103E-2 3.73844E-2 3.38104E-2 2.71355E-2 2.14858E-2 1.79858E-2 1.82614E-2 1.94385E-2 1.59649E-2 1.66821E-2 1.64477E-2 1.41052E-2 1.2934E-2 9.46585E-3 6.41095E-3 3.35345E-3 3.23353E-3 4.79611E-3 6.81378E-3 7.1737E-3 7.86007E-3 7.34058E-3 5.4108E-3 2.5785E-3 5.15497E-3 1.07572E-2 1.52077E-2 1.82138E-2 1.25824E-2 2.39181E-2 3.05056E-2 2.83208E-2 2.7804E-2 2.78899E-2 3.3634E-2 4.26274E-2 5.01377E-2 5.43534E-2 5.7504E-2 6.30395E-2 7.0203E-2 7.85588E-2 8.5938E-2 9.27374E-2 9.51619E-2 9.78155E-2 1.0341E-1 1.08361E-1 1.16323E-1 1.24769E-1 1.32704E-1 1.37717E-1 1.48388E-1 1.55139E-1 1.70103E-1 1.78583E-1 1.82475E-1 1.88286E-1
3.8243E-2 3.36049E-2 3.04835E-2 3.62029E-2 4.19978E-2 3.62789E-2 3.14966E-2 2.76499E-2 2.67043E-2 2.40669E-2 2.43372E-2 2.0597E-2 2.09203E-2 1.99705E-2 1.51925E-2 1.23549E-2 1.05944E-2 7.86874E-3 7.13874E-3 3.25527E-3 4.13986E-3 5.43601E-3 6.85568E-3 7.27927E-3 7.41819E-3 4.25174E-3 2.94563E-3 7.60813E-3 9.33355E-3 1.07232E-2 1.26342E-2 1.34511E-2 1.01125E-2 1.40482E-2 1.96523E-2 2.83708E-2 3.33899E-2 4.26026E-2 4.9736E-2 5.69847E-2 6.33374E-2 6.71117E-2 7.31259E-2 7.64284E-2 7.89207E-2 8.40267E-2 8.93971E-2 9.45064E-2 9.86219E-2 1.07152E-1 1.12867E-1 1.21581E-1 1.30417E-1 1.33743E-1 1.40533E-1 1.46162E-1 1.57247E-1 1.72804E-1 1.79363E-1 1.81238E-1 1.86456E-1
3.62645E-2 3.05475E-2 1.96883E-2 2.31901E-2 3.71173E-2 3.58422E-2 3.64986E-2 3.52843E-2 3.23745E-2 3.12507E-2 2.82563E-2 2.61564E-2 2.23406E-2 1.85261E-2 1.34265E-2 1.14013E-2 1.02867E-2 9.99668E-3 9.96037E-3 4.73528E-3 3.74415E-3 5.3361E-3 6.77343E-3 7.96645E-3 6.97107E-3 3.60585E-3 3.81305E-3 8.87263E-3 1.22393E-2 1.41358E-2 1.75595E-2 1.93513E-2 1.58167E-2 1.38449E-2 1.55298E-2 2.219E-2 2.80913E-2 3.51948E-2 4.12343E-2 5.05934E-2 5.58974E-2 6.18892E-2 6.58383E-2 6.95327E-2 7.56547E-2 8.27464E-2 8.99155E-2 9.66759E-2 1.05731E-1 1.13478E-1 1.21307E-1 1.27888E-1 1.34942E-1 1.37593E-1 1.40118E-1 1.48545E-1 1.5834E-1 1.67784E-1 1.76718E-1 1.77934E-1 1.92369E-1
3.56766E-2 3.11179E-2 2.05511E-2 2.4205E-2 2.84929E-2 3.1258E-2 3.39412E-2 3.05234E-2 2.62661E-2 2.71846E-2 2.53287E-2 2.41517E-2 2.17637E-2 1.79319E-2 1.40034E-2 1.18815E-2 1.12665E-2 1.28474E-2 1.11738E-2 6.72356E-3 5.05493E-3 7.58403E-3 8.26036E-3 1.04412E-2 6.90319E-3 3.13692E-3 4.94225E-3 9.51031E-3 1.59736E-2 2.02432E-2 2.14877E-2 2.03333E-2 1.46812E-2 1.46633E-2 1.78183E-2 2.14952E-2 2.70305E-2 3.32715E-2 4.11102E-2 4.96753E-2 5.49641E-2 6.11442E-2 6.73446E-2 7.44572E-2 7.96924E-2 8.55718E-2 9.36388E-2 9.75767E-2 1.02045E-1 1.12947E-1 1.23506E-1 1.31615E-1 1.27899E-1 1.22291E-1 1.26595E-1 1.33553E-1 1.49178E-1 1.56825E-1 1.6789E-1 1.78446E-1 1.85465E-1
3.55114E-2 2.79425E-2 1.77992E-2 9.70418E-3 2.09708E-2 3.04119E-2 3.34436E-2 2.99165E-2 2.35996E-2 2.33638E-2 1.9241E-2 1.9571E-2 1.83284E-2 1.64497E-2 1.38397E-2 1.17412E-2 1.14173E-2 1.23735E-2 1.15077E-2 1.06745E-2 8.94858E-3 1.36998E-2 1.22839E-2 1.27684E-2 1.16434E-2 5.46289E-3 4.53975E-3 6.28801E-3 1.8546E-2 2.22871E-2 2.31988E-2 2.21487E-2 1.93048E-2 2.06692E-2 2.1948E-2 2.40052E-2 2.99982E-2 3.69581E-2 4.35846E-2 5.12028E-2 5.7561E-2 6.42388E-2 7.12627E-2 7.60734E-2 8.16354E-2 8.74776E-2 9.21613E-2 9.56488E-2 1.0425E-1 1.11521E-1 1.19672E-1 1.25032E-1 1.18068E-1 1.18513E-1 1.19941E-1 1.27466E-1 1.38569E-1 1.49249E-1 1.63136E-1 1.77779E-1 1.83044E-1
3.25349E-2 2.10747E-2 1.36275E-2 9.39417E-3 1.24605E-2 2.96247E-2 3.22993E-2 3.06063E-2 2.74659E-2 2.445E-2 1.95E-2 1.62085E-2 1.43592E-2 1.43747E-2 1.23041E-2 1.15474E-2 1.05542E-2 9.9334E-3 1.56249E-2 1.74281E-2 1.95249E-2 1.98544E-2 1.76472E-2 1.26352E-2 7.79298E-3 3.90769E-3 5.44361E-3 8.51289E-3 1.54184E-2 2.13016E-2 2.33976E-2 2.45824E-2 2.19263E-2 2.2666E-2 2.76292E-2 3.01218E-2 3.50415E-2 4.18516E-2 4.70104E-2 5.29466E-2 5.89613E-2 6.43762E-2 6.92327E-2 7.61603E-2 8.36828E-2 8.79456E-2 9.421E-2 9.87157E-2 1.05595E-1 1.11568E-1 1.20706E-1 1.19894E-1 1.20238E-1 1.22833E-1 1.27834E-1 1.36056E-1 1.41413E-1 1.53574E-1 1.67356E-1 1.76124E-1 1.69804E-1
2.95737E-2 2.08645E-2 1.35226E-2 1.12811E-2 8.08724E-3 1.85524E-2 3.09045E-2 2.92984E-2 2.74112E-2 2.51283E-2 2.18232E-2 1.79493E-2 1.4679E-2 1.25276E-2 1.17102E-2 1.13138E-2 8.78114E-3 6.01807E-3 7.06248E-3 7.56082E-3 1.69078E-2 2.56331E-2 1.83173E-2 8.73493E-3 3.91591E-3 6.54592E-3 1.02271E-2 1.20402E-2 1.47308E-2 1.93282E-2 2.20945E-2 2.70201E-2 2.44369E-2 2.65425E-2 3.1337E-2 4.09803E-2 4.61961E-2 4.65045E-2 5.19267E-2 5.62579E-2 6.2264E-2 6.71486E-2 7.27436E-2 7.54689E-2 8.14334E-2 8.87797E-2 9.33006E-2 9.89225E-2 1.04362E-1 1.11579E-1 1.14811E-1 1.21E-1 1.2678E-1 1.2822E-1 1.30962E-1 1.32037E-1 1.34511E-1 1.41994E-1 1.60238E-1 1.59767E-1 1.63544E-1
