maxent_outputs/bumblebees/bombus_197.asc
ncols         426
nrows         180
xllcorner     -130.0
yllcorner     24.0
cellsize      0.16666666666666666
NODATA_value  -9999
[rows 27 to 53 of 180, columns 183 to 243 of 426]
4.36066E-1 4.33658E-1 4.32821E-1 4.36392E-1 4.409E-1 4.40835E-1 4.4222E-1 4.44356E-1 4.42795E-1 4.46141E-1 4.39627E-1 4.37884E-1 4.41457E-1 4.32651E-1 4.24495E-1 4.24458E-1 4.28391E-1 4.30427E-1 4.34989E-1 4.41938E-1 4.53757E-1 4.51322E-1 4.4544E-1 4.37147E-1 4.33328E-1 4.31616E-1 4.44346E-1 4.47098E-1 4.50543E-1 4.50703E-1 4.48929E-1 4.58117E-1 4.64504E-1 4.63688E-1 4.67882E-1 4.70635E-1 4.72817E-1 4.74535E-1 4.78916E-1 4.82077E-1 4.9107E-1 4.9216E-1 4.98228E-1 5.07336E-1 5.10378E-1 5.18507E-1 5.26317E-1 5.24752E-1 5.07655E-1 4.88933E-1 4.87002E-1 4.89839E-1 4.92784E-1 5.03343E-1 5.02459E-1 5.04122E-1 5.08491E-1 5.06996E-1 5.09632E-1 5.13409E-1 5.20386E-1
4.38174E-1 4.3498E-1 4.37127E-1 4.42394E-1 4.39104E-1 4.34257E-1 4.32842E-1 4.35342E-1 4.37575E-1 4.39467E-1 4.39806E-1 4.37546E-1 4.3749E-1 4.31005E-1 4.20758E-1 4.23014E-1 4.27105E-1 4.29084E-1 4.3437E-1 4.36436E-1 4.46694E-1 4.42777E-1 4.39907E-1 4.33969E-1 4.30834E-1 4.34051E-1 4.34732E-1 4.5576E-1 4.58378E-1 4.4991E-1 4.5161E-1 4.53225E-1 4.57589E-1 4.60736E-1 4.66276E-1 4.68838E-1 4.72161E-1 4.69597E-1 4.77768E-1 4.86356E-1 4.87098E-1 4.9117E-1 4.9636E-1 5.0252E-1 5.09397E-1 5.16821E-1 5.23586E-1 5.17099E-1 5.0129E-1 4.87407E-1 4.87784E-1 4.87189E-1 4.88826E-1 4.9557E-1 5.00994E-1 5.0923E-1 5.06034E-1 5.11928E-1 5.17064E-1 5.20825E-1 5.27432E-1
4.28714E-1 4.27653E-1 4.35986E-1 4.39729E-1 4.37252E-1 4.32094E-1 4.30313E-1 4.28837E-1 4.34352E-1 4.29159E-1 4.27008E-1 4.31323E-1 4.24427E-1 4.19823E-1 4.16549E-1 4.16469E-1 4.19293E-1 4.2526E-1 4.2864E-1 4.31472E-1 4.32812E-1 4.31016E-1 4.28552E-1 4.25538E-1 4.26254E-1 4.49047E-1 4.63135E-1 4.66841E-1 4.60645E-1 4.54248E-1 4.59693E-1 4.50384E-1 4.50743E-1 4.53151E-1 4.58091E-1 4.62753E-1 4.66789E-1 4.67612E-1 4.72198E-1 4.78258E-1 4.85858E-1 4.90195E-1 4.94162E-1 5.03562E-1 5.1118E-1 5.26448E-1 5.23013E-1 5.11598E-1 5.00342E-1 4.94205E-1 4.94566E-1 4.89308E-1 4.90232E-1 4.98756E-1 4.98592E-1 5.01681E-1 5.11927E-1 5.10672E-1 5.1646E-1 5.20304E-1 5.20325E-1
4.30001E-1 4.25707E-1 4.29587E-1 4.31058E-1 4.30411E-1 4.24056E-1 4.22366E-1 4.23988E-1 4.30001E-1 4.25103E-1 4.2611E-1 4.26089E-1 4.21466E-1 4.14756E-1 4.13892E-1 4.13778E-1 4.17111E-1 4.24211E-1 4.21646E-1 4.28006E-1 4.19036E-1 4.16298E-1 4.19418E-1 4.2186E-1 4.20642E-1 4.37942E-1 4.38708E-1 4.4332E-1 4.60624E-1 4.46906E-1 4.43246E-1 4.46166E-1 4.4696E-1 4.50782E-1 4.5366E-1 4.593E-1 4.68123E-1 4.65133E-1 4.68943E-1 4.8098E-1 4.81707E-1 4.90259E-1 4.95791E-1 5.00632E-1 5.02633E-1 5.07215E-1 5.08252E-1 5.08011E-1 5.0487E-1 4.88867E-1 4.91781E-1 4.95957E-1 5.04637E-1 5.12997E-1 5.12342E-1 5.08653E-1 5.08143E-1 5.08205E-1 5.13448E-1 5.24539E-1 5.24766E-1
4.2563E-1 4.25306E-1 4.2157E-1 4.2206E-1 4.2129E-1 4.203E-1 4.14872E-1 4.17822E-1 4.20152E-1 4.2528E-1 4.22951E-1 4.2267E-1 4.15991E-1 4.17664E-1 4.13595E-1 4.12947E-1 4.16681E-1 4.18649E-1 4.20562E-1 4.12968E-1 4.11663E-1 4.10967E-1 4.11262E-1 4.16438E-1 4.21456E-1 4.25077E-1 4.30089E-1 4.31111E-1 4.32793E-1 4.33396E-1 4.3486E-1 4.36952E-1 4.42373E-1 4.46841E-1 4.52161E-1 4.53373E-1 4.61452E-1 4.81466E-1 4.72158E-1 4.80419E-1 4.81552E-1 4.88169E-1 4.90291E-1 4.92879E-1 5.0084E-1 4.96504E-1 4.98281E-1 5.01143E-1 4.9746E-1 4.97541E-1 5.01077E-1 5.01518E-1 5.04019E-1 5.17041E-1 5.23801E-1 5.22447E-1 5.13438E-1 5.11841E-1 5.14954E-1 5.46501E-1 5.43136E-1
4.23675E-1 4.24331E-1 4.21166E-1 4.20058E-1 4.17966E-1 4.15682E-1 4.12596E-1 4.16081E-1 4.19271E-1 4.2603E-1 4.23782E-1 4.21412E-1 4.14644E-1 4.15611E-1 4.16835E-1 4.13995E-1 4.20103E-1 4.16489E-1 4.1629E-1 4.16115E-1 4.15955E-1 4.19163E-1 4.20947E-1 4.23604E-1 4.24309E-1 4.28659E-1 4.29354E-1 4.31391E-1 4.37151E-1 4.31327E-1 4.33225E-1 4.36073E-1 4.38382E-1 4.42071E-1 4.45535E-1 4.45309E-1 4.48261E-1 4.62243E-1 4.75229E-1 4.85848E-1 4.87513E-1 4.80656E-1 4.83036E-1 4.85867E-1 4.96801E-1 5.01215E-1 4.961E-1 4.9937E-1 5.00567E-1 4.92999E-1 4.94208E-1 4.89493E-1 4.94091E-1 5.13182E-1 5.34296E-1 5.26264E-1 5.23943E-1 5.26293E-1 5.32205E-1 5.33394E-1 5.33175E-1
4.24183E-1 4.2259E-1 4.17579E-1 4.08982E-1 4.10661E-1 4.1203E-1 4.12389E-1 4.13978E-1 4.18829E-1 4.22971E-1 4.22323E-1 4.19989E-1 4.17985E-1 4.18948E-1 4.19916E-1 4.22615E-1 4.27933E-1 4.19189E-1 4.14812E-1 4.17656E-1 4.16574E-1 4.21334E-1 4.21333E-1 4.23351E-1 4.27355E-1 4.28374E-1 4.31138E-1 4.32675E-1 4.31872E-1 4.30544E-1 4.31592E-1 4.36554E-1 4.4025E-1 4.43727E-1 4.44639E-1 4.45983E-1 4.50761E-1 4.55417E-1 4.62452E-1 4.67472E-1 4.73462E-1 4.81921E-1 4.8224E-1 4.8699E-1 4.93488E-1 4.90846E-1 4.91788E-1 4.94239E-1 4.91877E-1 4.90423E-1 4.93004E-1 4.92863E-1 4.97424E-1 5.13269E-1 5.14133E-1 5.25754E-1 5.2747E-1 5.41031E-1 5.39447E-1 5.29173E-1 5.28873E-1
4.23881E-1 4.26832E-1 4.23191E-1 4.15193E-1 4.11605E-1 4.10178E-1 4.16335E-1 4.20452E-1 4.20571E-1 4.23072E-1 4.22024E-1 4.23104E-1 4.24128E-1 4.26171E-1 4.26675E-1 4.26921E-1 4.30482E-1 4.21862E-1 4.1583E-1 4.13454E-1 4.15822E-1 4.23504E-1 4.2131E-1 4.21905E-1 4.26526E-1 4.30913E-1 4.31731E-1 4.3023E-1 4.26882E-1 4.29244E-1 4.30839E-1 4.37677E-1 4.41662E-1 4.45781E-1 4.47728E-1 4.49316E-1 4.53222E-1 4.56165E-1 4.59923E-1 4.65406E-1 4.68082E-1 4.73238E-1 4.74513E-1 4.77528E-1 4.82963E-1 4.89432E-1 4.88463E-1 4.92559E-1 4.94815E-1 4.95153E-1 4.966E-1 5.10821E-1 5.01381E-1 5.13699E-1 5.12799E-1 5.27319E-1 5.35935E-1 5.43373E-1 5.3854E-1 5.35998E-1 5.47036E-1
4.1729E-1 4.25939E-1 4.31722E-1 4.28666E-1 4.20703E-1 4.14016E-1 4.16319E-1 4.20424E-1 4.22404E-1 4.25706E-1 4.28536E-1 4.27591E-1 4.2964E-1 4.31404E-1 4.33965E-1 4.28217E-1 4.27007E-1 4.22751E-1 4.18113E-1 4.18752E-1 4.13772E-1 4.17382E-1 4.22331E-1 4.28369E-1 4.32378E-1 4.38645E-1 4.47258E-1 4.47484E-1 4.45071E-1 4.42719E-1 4.39798E-1 4.42828E-1 4.42757E-1 4.44886E-1 4.47423E-1 4.47785E-1 4.51476E-1 4.53879E-1 4.58062E-1 4.65457E-1 4.68923E-1 4.73256E-1 4.77326E-1 4.73135E-1 4.75471E-1 4.77313E-1 4.83355E-1 4.92325E-1 4.92096E-1 4.94104E-1 4.94812E-1 4.95896E-1 5.00948E-1 5.08695E-1 5.152E-1 5.31515E-1 5.3949E-1 5.4306E-1 5.4764E-1 5.80104E-1 6.31119E-1
4.09362E-1 4.08648E-1 4.08211E-1 4.03583E-1 4.09065E-1 4.12452E-1 4.19486E-1 4.17226E-1 4.22131E-1 4.27633E-1 4.3053E-1 4.28288E-1 4.31488E-1 4.34131E-1 4.34962E-1 4.32046E-1 4.25337E-1 4.23968E-1 4.19489E-1 4.19267E-1 4.21672E-1 4.27405E-1 4.29114E-1 4.31712E-1 4.35507E-1 4.49342E-1 4.55429E-1 4.5634E-1 4.43403E-1 4.42166E-1 4.47057E-1 4.47811E-1 4.50612E-1 4.53029E-1 4.53183E-1 4.53755E-1 4.53853E-1 4.54563E-1 4.56555E-1 4.59759E-1 4.6208E-1 4.69092E-1 4.74578E-1 4.79818E-1 4.79035E-1 4.83261E-1 4.80237E-1 4.8596E-1 4.88146E-1 4.9032E-1 4.93822E-1 5.01594E-1 5.07568E-1 5.14353E-1 5.20687E-1 5.34476E-1 5.57909E-1 5.89274E-1 6.27324E-1 6.78328E-1 6.94683E-1
4.07865E-1 4.06418E-1 4.04642E-1 4.03344E-1 4.04916E-1 4.04068E-1 4.08472E-1 4.10882E-1 4.19106E-1 4.27672E-1 4.31732E-1 4.31526E-1 4.33461E-1 4.35825E-1 4.35593E-1 4.29542E-1 4.25848E-1 4.21844E-1 4.20253E-1 4.20089E-1 4.24865E-1 4.285E-1 4.30459E-1 4.33664E-1 4.34988E-1 4.35414E-1 4.34659E-1 4.36573E-1 4.39394E-1 4.44002E-1 4.49323E-1 4.51196E-1 4.53279E-1 4.55218E-1 4.55605E-1 4.53994E-1 4.54175E-1 4.53303E-1 4.5876E-1 4.5712E-1 4.58899E-1 4.64024E-1 4.69371E-1 4.74647E-1 4.78476E-1 4.76748E-1 4.81781E-1 4.8512E-1 4.8859E-1 4.88312E-1 4.9719E-1 5.07738E-1 5.17027E-1 5.37821E-1 5.61978E-1 5.99499E-1 6.40849E-1 6.71904E-1 6.85459E-1 6.81762E-1 6.8555E-1
4.02311E-1 4.03166E-1 4.02702E-1 4.01812E-1 4.03109E-1 4.09337E-1 4.09663E-1 4.13708E-1 4.17974E-1 4.26857E-1 4.30919E-1 4.33239E-1 4.31567E-1 4.31751E-1 4.30122E-1 4.26752E-1 4.22444E-1 4.21022E-1 4.21139E-1 4.22904E-1 4.26747E-1 4.28252E-1 4.28316E-1 4.34295E-1 4.33926E-1 4.35095E-1 4.36784E-1 4.37095E-1 4.42822E-1 4.4713E-1 4.50747E-1 4.50262E-1 4.49294E-1 4.52736E-1 4.53073E-1 4.55209E-1 4.54533E-1 4.52939E-1 4.55448E-1 4.57491E-1 4.59924E-1 4.63389E-1 4.69606E-1 4.7527E-1 4.748E-1 4.79776E-1 4.83462E-1 4.84811E-1 4.88448E-1 4.96553E-1 5.11901E-1 5.34518E-1 5.8174E-1 6.22415E-1 6.35969E-1 6.42238E-1 6.48707E-1 6.62312E-1 6.72165E-1 6.82232E-1 6.91339E-1
3.99886E-1 4.02286E-1 4.053E-1 4.03197E-1 4.05896E-1 4.09251E-1 4.09078E-1 4.1286E-1 4.15004E-1 4.20637E-1 4.24315E-1 4.26994E-1 4.30871E-1 4.31067E-1 4.28987E-1 4.25447E-1 4.21166E-1 4.16809E-1 4.201E-1 4.23498E-1 4.26976E-1 4.26223E-1 4.37678E-1 4.35519E-1 4.37458E-1 4.42205E-1 4.42752E-1 4.43779E-1 4.44058E-1 4.58125E-1 4.4806E-1 4.55978E-1 4.48898E-1 4.48866E-1 4.50378E-1 4.51546E-1 4.53029E-1 4.54838E-1 4.55776E-1 4.53173E-1 4.5292E-1 4.56487E-1 4.65225E-1 4.77144E-1 4.88981E-1 4.92465E-1 4.94128E-1 4.97208E-1 5.04988E-1 5.25513E-1 5.81029E-1 6.22429E-1 6.19534E-1 6.22882E-1 6.27498E-1 6.38066E-1 6.49176E-1 6.60518E-1 6.72357E-1 6.83159E-1 6.92509E-1
3.92169E-1 3.96339E-1 3.98264E-1 3.98478E-1 4.05195E-1 4.1055E-1 4.09038E-1 4.11022E-1 4.13394E-1 4.17966E-1 4.22257E-1 4.22585E-1 4.27812E-1 4.28242E-1 4.29888E-1 4.25147E-1 4.20899E-1 4.1714E-1 4.21101E-1 4.24237E-1 4.28214E-1 4.28693E-1 4.3535E-1 4.38904E-1 4.41895E-1 4.44965E-1 4.4721E-1 4.46899E-1 4.47572E-1 4.52231E-1 4.56515E-1 4.44494E-1 4.48528E-1 4.54992E-1 4.50929E-1 4.49914E-1 4.50109E-1 4.52694E-1 4.56019E-1 4.5476E-1 4.56835E-1 4.59235E-1 4.673E-1 4.83546E-1 4.97049E-1 5.00818E-1 5.08062E-1 5.16309E-1 5.31132E-1 5.87167E-1 6.1939E-1 6.11855E-1 6.15659E-1 6.22035E-1 6.29476E-1 6.42486E-1 6.49419E-1 6.63016E-1 6.75603E-1 6.86117E-1 6.93366E-1
3.84455E-1 3.8873E-1 3.93638E-1 3.96288E-1 4.02434E-1 4.0843E-1 4.11588E-1 4.1253E-1 4.1472E-1 4.17771E-1 4.18668E-1 4.23769E-1 4.23575E-1 4.23827E-1 4.26828E-1 4.29644E-1 4.25511E-1 4.21202E-1 4.18577E-1 4.22872E-1 4.22591E-1 4.30693E-1 4.36369E-1 4.40235E-1 4.40054E-1 4.42737E-1 4.46401E-1 4.46436E-1 4.52868E-1 4.6101E-1 4.65323E-1 4.5417E-1 4.53389E-1 4.5622E-1 4.54508E-1 4.52095E-1 4.5058E-1 4.51485E-1 4.53801E-1 4.57186E-1 4.5872E-1 4.67249E-1 4.74332E-1 4.92518E-1 5.02003E-1 5.13978E-1 5.26054E-1 5.53872E-1 5.94719E-1 6.05897E-1 6.07727E-1 6.13272E-1 6.09768E-1 6.14316E-1 6.19297E-1 6.48678E-1 6.57105E-1 6.69182E-1 6.76921E-1 6.85246E-1 6.88823E-1
3.92335E-1 3.88766E-1 3.94647E-1 4.00212E-1 4.04568E-1 4.07467E-1 4.09272E-1 4.11242E-1 4.13691E-1 4.1335E-1 4.19091E-1 4.20622E-1 4.25584E-1 4.26646E-1 4.2732E-1 4.26433E-1 4.27299E-1 4.24045E-1 4.236E-1 4.2502E-1 4.25762E-1 4.29941E-1 4.32477E-1 4.37882E-1 4.40219E-1 4.37016E-1 4.36301E-1 4.42422E-1 4.45156E-1 4.55343E-1 4.54121E-1 4.52536E-1 4.58508E-1 4.56374E-1 4.5586E-1 4.47829E-1 4.47284E-1 4.52109E-1 4.55116E-1 4.59983E-1 4.70513E-1 4.79542E-1 4.87139E-1 4.98096E-1 5.09787E-1 5.44621E-1 5.83574E-1 6.05585E-1 6.04403E-1 5.89933E-1 5.80258E-1 5.67438E-1 5.79249E-1 5.96502E-1 6.18766E-1 6.53179E-1 6.60448E-1 6.67008E-1 6.68427E-1 6.66565E-1 6.56537E-1
3.95641E-1 3.9781E-1 3.99692E-1 4.01424E-1 4.04817E-1 4.06566E-1 4.1032E-1 4.09358E-1 4.12428E-1 4.1356E-1 4.19943E-1 4.25814E-1 4.26437E-1 4.26389E-1 4.23928E-1 4.23618E-1 4.24075E-1 4.24331E-1 4.22941E-1 4.2482E-1 4.31208E-1 4.31292E-1 4.32977E-1 4.36821E-1 4.374E-1 4.35588E-1 4.34573E-1 4.38631E-1 4.43309E-1 4.51342E-1 4.50124E-1 4.60029E-1 4.64149E-1 4.61795E-1 4.60644E-1 4.51254E-1 4.45835E-1 4.53248E-1 4.56654E-1 4.59876E-1 4.76557E-1 4.90024E-1 4.95747E-1 5.02225E-1 5.32409E-1 5.69662E-1 5.68387E-1 5.51488E-1 5.33148E-1 5.32455E-1 5.31501E-1 5.43672E-1 5.80598E-1 6.20697E-1 6.39741E-1 6.52103E-1 6.5124E-1 6.36268E-1 6.19769E-1 6.11935E-1 6.05515E-1
4.0044E-1 3.99189E-1 4.03017E-1 4.06798E-1 4.0618E-1 4.06279E-1 4.10057E-1 4.07811E-1 4.10399E-1 4.1464E-1 4.17072E-1 4.22598E-1 4.20575E-1 4.22977E-1 4.25193E-1 4.24818E-1 4.24601E-1 4.25127E-1 4.26269E-1 4.25922E-1 4.28766E-1 4.38543E-1 4.33838E-1 4.36265E-1 4.40406E-1 4.37271E-1 4.36249E-1 4.38738E-1 4.44416E-1 4.54281E-1 4.51703E-1 4.50948E-1 4.57953E-1 4.63633E-1 4.59836E-1 4.51763E-1 4.52696E-1 4.53371E-1 4.56198E-1 4.63219E-1 4.72437E-1 4.89828E-1 4.93816E-1 4.98188E-1 4.99919E-1 5.06072E-1 5.06723E-1 5.10417E-1 5.11142E-1 5.16738E-1 5.16943E-1 5.27159E-1 5.45626E-1 5.7786E-1 5.9852E-1 5.93781E-1 5.89567E-1 5.9681E-1 6.02143E-1 6.08424E-1 5.91296E-1
4.01884E-1 4.01941E-1 4.04428E-1 4.07905E-1 4.08528E-1 4.07725E-1 4.08512E-1 4.09844E-1 4.12196E-1 4.12847E-1 4.1402E-1 4.17565E-1 4.16925E-1 4.19645E-1 4.22543E-1 4.24235E-1 4.24339E-1 4.27477E-1 4.28602E-1 4.30673E-1 4.32728E-1 4.3799E-1 4.39909E-1 4.41285E-1 4.39934E-1 4.37763E-1 4.36109E-1 4.39043E-1 4.48271E-1 4.53799E-1 4.5817E-1 4.58454E-1 4.54852E-1 4.56311E-1 4.6353E-1 4.60156E-1 4.59863E-1 4.57886E-1 4.62541E-1 4.65143E-1 4.7503E-1 4.88182E-1 4.93978E-1 4.94436E-1 4.98592E-1 5.0192E-1 4.98973E-1 4.94599E-1 5.07249E-1 5.15883E-1 5.11377E-1 5.1709E-1 5.34278E-1 5.53275E-1 5.64505E-1 5.64061E-1 5.66962E-1 5.68413E-1 5.73795E-1 5.83649E-1 5.77713E-1
3.99132E-1 4.04238E-1 4.07517E-1 4.1323E-1 4.10625E-1 4.11418E-1 4.15922E-1 4.15271E-1 4.12916E-1 4.13355E-1 4.13447E-1 4.16859E-1 4.16576E-1 4.17313E-1 4.20365E-1 4.23314E-1 4.23436E-1 4.25588E-1 4.28382E-1 4.3304E-1 4.3461E-1 4.36621E-1 4.39519E-1 4.41727E-1 4.4513E-1 4.45517E-1 4.49382E-1 4.56233E-1 4.56209E-1 4.60467E-1 4.62613E-1 4.51698E-1 4.52133E-1 4.58381E-1 4.81941E-1 4.8967E-1 4.62069E-1 4.64164E-1 4.71003E-1 4.72966E-1 4.79174E-1 4.9471E-1 4.9701E-1 4.98185E-1 4.95307E-1 4.92362E-1 4.84126E-1 4.98768E-1 5.10743E-1 5.09618E-1 5.15027E-1 5.20383E-1 5.26074E-1 5.34897E-1 5.47202E-1 5.54622E-1 5.46796E-1 5.36806E-1 5.40056E-1 5.46242E-1 5.50692E-1
4.02591E-1 4.01214E-1 4.09842E-1 4.18193E-1 4.15445E-1 4.14512E-1 4.1914E-1 4.19979E-1 4.12738E-1 4.11227E-1 4.13712E-1 4.16609E-1 4.19269E-1 4.21081E-1 4.25497E-1 4.22426E-1 4.22769E-1 4.2557E-1 4.26036E-1 4.31252E-1 4.33794E-1 4.37609E-1 4.41143E-1 4.41305E-1 4.44877E-1 4.47044E-1 4.53462E-1 4.61245E-1 4.65779E-1 4.62037E-1 4.57511E-1 4.51705E-1 4.48032E-1 4.54778E-1 4.64015E-1 4.68992E-1 4.65753E-1 4.74719E-1 4.75212E-1 4.81343E-1 4.89039E-1 4.95856E-1 4.99669E-1 4.9403E-1 4.87147E-1 4.86933E-1 4.96952E-1 5.05673E-1 5.03181E-1 5.06266E-1 5.08432E-1 5.1273E-1 5.19168E-1 5.24445E-1 5.3222E-1 5.37579E-1 5.28663E-1 5.18459E-1 5.21138E-1 5.28482E-1 5.25728E-1
3.97001E-1 4.00974E-1 4.04543E-1 4.16308E-1 4.15416E-1 4.14782E-1 4.15596E-1 4.1679E-1 4.16204E-1 4.08923E-1 4.05875E-1 4.1338E-1 4.22663E-1 4.26958E-1 4.29899E-1 4.30065E-1 4.27543E-1 4.28401E-1 4.25815E-1 4.28301E-1 4.3766E-1 4.42588E-1 4.49427E-1 4.47793E-1 4.48534E-1 4.51231E-1 4.55448E-1 4.60673E-1 4.63282E-1 4.57418E-1 4.51392E-1 4.47885E-1 4.46094E-1 4.53123E-1 4.59673E-1 4.6356E-1 4.6945E-1 4.74742E-1 4.79719E-1 4.82657E-1 4.93064E-1 4.95394E-1 4.98646E-1 4.93476E-1 4.90843E-1 4.83006E-1 4.8798E-1 5.0267E-1 5.12213E-1 5.11454E-1 5.09865E-1 5.12132E-1 5.18467E-1 5.18504E-1 5.17888E-1 5.26966E-1 5.2255E-1 5.21401E-1 5.18333E-1 5.17394E-1 5.14236E-1
4.00062E-1 4.03581E-1 4.07859E-1 4.11788E-1 4.10821E-1 4.14929E-1 4.16003E-1 4.20267E-1 4.16466E-1 4.11742E-1 4.07393E-1 4.16799E-1 4.23663E-1 4.32292E-1 4.42318E-1 4.40369E-1 4.39939E-1 4.37957E-1 4.32972E-1 4.36651E-1 4.42808E-1 4.49508E-1 4.58846E-1 4.64834E-1 4.62234E-1 4.59921E-1 4.5529E-1 4.54532E-1 4.5526E-1 4.54818E-1 4.53566E-1 4.49237E-1 4.43193E-1 4.43131E-1 4.49368E-1 4.55592E-1 4.66496E-1 4.73272E-1 4.78582E-1 4.79273E-1 4.8767E-1 4.9065E-1 4.93682E-1 4.94691E-1 4.95689E-1 4.88837E-1 4.94034E-1 5.08541E-1 5.09904E-1 5.04338E-1 5.1127E-1 5.16871E-1 5.15702E-1 5.15819E-1 5.11342E-1 5.19638E-1 5.26466E-1 5.21299E-1 5.19033E-1 5.15575E-1 5.10125E-1
4.01797E-1 4.03901E-1 4.05386E-1 4.07354E-1 4.10916E-1 4.1555E-1 4.16733E-1 4.19281E-1 4.14115E-1 4.14851E-1 4.15316E-1 4.24125E-1 4.23923E-1 4.2702E-1 4.43313E-1 4.48441E-1 4.41308E-1 4.42413E-1 4.40286E-1 4.4015E-1 4.46516E-1 4.5845E-1 4.50266E-1 4.42974E-1 4.4948E-1 4.59604E-1 4.59709E-1 4.52223E-1 4.49239E-1 4.51646E-1 4.60245E-1 4.52777E-1 4.44779E-1 4.46514E-1 4.52713E-1 4.58462E-1 4.63562E-1 4.68044E-1 4.7393E-1 4.74257E-1 4.84833E-1 4.87762E-1 4.95973E-1 4.99379E-1 5.03061E-1 4.97135E-1 4.92685E-1 5.03552E-1 5.17374E-1 5.08392E-1 5.13912E-1 5.19418E-1 5.15566E-1 5.11781E-1 5.12567E-1 5.11006E-1 5.18191E-1 5.18541E-1 5.14377E-1 5.10904E-1 5.13353E-1
4.06368E-1 4.0697E-1 4.06058E-1 4.10708E-1 4.14378E-1 4.15667E-1 4.15442E-1 4.14792E-1 4.17034E-1 4.18844E-1 4.23318E-1 4.29832E-1 4.33618E-1 4.26248E-1 4.33476E-1 4.42921E-1 4.44067E-1 4.43984E-1 4.42366E-1 4.42541E-1 4.53009E-1 4.46325E-1 4.2698E-1 4.20198E-1 4.33637E-1 4.54647E-1 4.62615E-1 4.49494E-1 4.45891E-1 4.52042E-1 4.53665E-1 4.53588E-1 4.54465E-1 4.59112E-1 4.64034E-1 4.71165E-1 4.75335E-1 4.72225E-1 4.7261E-1 4.74886E-1 4.78821E-1 4.85627E-1 4.87252E-1 4.94029E-1 4.96716E-1 4.94622E-1 4.89746E-1 5.06874E-1 5.13993E-1 5.08423E-1 5.09646E-1 5.10945E-1 5.14656E-1 5.1498E-1 5.123E-1 5.11607E-1 5.20718E-1 5.21787E-1 5.20433E-1 5.17235E-1 5.1813E-1
4.05777E-1 4.11358E-1 4.14615E-1 4.17736E-1 4.19572E-1 4.18101E-1 4.16673E-1 4.14418E-1 4.15014E-1 4.24185E-1 4.28167E-1 4.32924E-1 4.32295E-1 4.2796E-1 4.3001E-1 4.37401E-1 4.36412E-1 4.38228E-1 4.42749E-1 4.45774E-1 4.52499E-1 4.41598E-1 4.23983E-1 4.14483E-1 4.32048E-1 4.55939E-1 4.62899E-1 4.53533E-1 4.46068E-1 4.44194E-1 4.48935E-1 4.5879E-1 4.69219E-1 4.72214E-1 4.7497E-1 4.76643E-1 4.81524E-1 4.79088E-1 4.82172E-1 4.81424E-1 4.8084E-1 4.79844E-1 4.85089E-1 4.91326E-1 5.01654E-1 4.98938E-1 4.93739E-1 4.89365E-1 4.9902E-1 5.11141E-1 5.083E-1 5.08511E-1 5.15004E-1 5.20685E-1 5.19069E-1 5.1326E-1 5.20559E-1 5.26604E-1 5.24272E-1 5.16647E-1 5.14993E-1
4.09256E-1 4.21514E-1 4.29451E-1 4.24155E-1 4.23013E-1 4.19499E-1 4.1818E-1 4.12259E-1 4.13487E-1 4.22356E-1 4.27237E-1 4.27055E-1 4.25782E-1 4.2056E-1 4.22441E-1 4.32677E-1 4.41129E-1 4.39637E-1 4.44479E-1 4.44285E-1 4.44106E-1 4.4976E-1 4.47152E-1 4.38149E-1 4.45803E-1 4.67309E-1 4.47214E-1 4.43204E-1 4.43168E-1 4.45699E-1 4.50986E-1 4.63842E-1 4.69761E-1 4.7618E-1 4.80487E-1 4.8355E-1 4.86193E-1 4.83512E-1 4.89285E-1 4.87219E-1 4.85422E-1 4.82973E-1 4.83081E-1 4.9068E-1 4.94715E-1 4.97619E-1 4.99091E-1 4.87454E-1 4.80049E-1 4.94112E-1 5.00995E-1 5.03619E-1 5.05956E-1 5.13407E-1 5.14069E-1 5.158E-1 5.18852E-1 5.22595E-1 5.21707E-1 5.21193E-1 5.22098E-1
