maxent_outputs/bumblebees/bombus_44.asc
ncols         426
nrows         180
xllcorner     -130.0
yllcorner     24.0
cellsize      0.16666666666666666
NODATA_value  -9999
[rows 54 to 80 of 180, columns 122 to 182 of 426]
3.18082E-3 2.34037E-3 1.56552E-2 1.74285E-2 1.65788E-2 1.29116E-2 1.36868E-2 1.46093E-2 1.83768E-2 1.07866E-2 3.88202E-3 4.81084E-3 9.21784E-3 1.27857E-2 1.77284E-2 1.90958E-2 2.27961E-2 2.25511E-2 2.15935E-2 2.27919E-2 2.09514E-2 2.50609E-2 2.64532E-2 2.49681E-2 2.51786E-2 2.96685E-2 2.86625E-2 2.39303E-2 2.56176E-2 2.92144E-2 3.0716E-2 3.45872E-2 3.90475E-2 4.35756E-2 4.5565E-2 4.04455E-2 3.5631E-2 3.23176E-2 3.49828E-2 3.8372E-2 4.05504E-2 3.80154E-2 3.8171E-2 4.17393E-2 4.35054E-2 4.2343E-2 4.20001E-2 4.07631E-2 4.24739E-2 4.62409E-2 4.95478E-2 5.34926E-2 5.57011E-2 5.62389E-2 5.48614E-2 5.63627E-2 4.17483E-2 3.78315E-2 3.75027E-2 3.76329E-2 3.5895E-2
4.20778E-3 6.56493E-3 1.42923E-2 1.92009E-2 1.73102E-2 1.60148E-2 1.43091E-2 1.33567E-2 1.48691E-2 1.49147E-2 6.85123E-3 2.71626E-3 2.88418E-3 4.46152E-3 1.29953E-2 1.87509E-2 2.10874E-2 2.04126E-2 1.76601E-2 1.91521E-2 2.29964E-2 2.59814E-2 2.44868E-2 2.31666E-2 2.32721E-2 2.67698E-2 2.52763E-2 2.22794E-2 2.30849E-2 2.23584E-2 2.38101E-2 2.78061E-2 3.83537E-2 4.65902E-2 4.90938E-2 4.522E-2 3.73687E-2 2.88596E-2 2.94007E-2 3.42961E-2 3.72792E-2 4.36771E-2 4.75677E-2 4.99226E-2 4.79804E-2 4.98843E-2 5.24837E-2 5.26578E-2 4.97347E-2 5.42739E-2 5.80484E-2 6.05768E-2 6.32113E-2 6.86847E-2 7.45547E-2 5.04078E-2 4.50172E-2 4.24709E-2 4.14801E-2 3.86832E-2 3.70177E-2
3.11237E-3 5.14223E-3 8.14686E-3 1.74025E-2 1.49918E-2 1.38053E-2 1.22081E-2 1.06633E-2 1.08857E-2 1.23059E-2 1.19205E-2 9.35266E-3 4.13115E-3 2.23466E-3 4.04236E-3 9.47085E-3 1.84958E-2 1.74837E-2 1.60382E-2 1.9287E-2 2.16408E-2 2.49727E-2 2.30222E-2 2.24134E-2 2.42216E-2 2.4115E-2 2.32093E-2 1.90692E-2 1.8173E-2 1.82522E-2 1.82843E-2 1.97312E-2 2.77194E-2 3.89839E-2 4.6552E-2 4.5113E-2 4.41224E-2 4.18757E-2 4.49031E-2 4.77854E-2 5.04548E-2 4.72416E-2 4.91439E-2 5.70687E-2 5.84925E-2 6.11352E-2 6.16015E-2 6.4379E-2 6.28472E-2 5.83993E-2 5.34543E-2 5.39225E-2 5.50104E-2 5.52252E-2 8.3454E-2 5.84264E-2 4.91187E-2 4.70002E-2 4.67688E-2 4.28415E-2 4.00489E-2
4.73187E-3 7.59906E-3 1.2095E-2 1.51035E-2 1.61351E-2 1.40276E-2 1.21621E-2 1.18851E-2 1.20851E-2 1.1376E-2 1.11158E-2 1.16701E-2 6.86152E-3 2.81853E-3 1.70718E-3 2.55596E-3 1.10983E-2 1.62709E-2 1.86436E-2 2.0431E-2 2.23511E-2 2.35609E-2 2.08832E-2 1.99319E-2 2.26933E-2 2.11917E-2 2.0837E-2 1.76978E-2 1.61711E-2 1.70785E-2 1.56379E-2 1.30744E-2 1.69106E-2 1.98502E-2 2.17972E-2 2.78194E-2 3.85944E-2 4.98816E-2 5.54933E-2 6.18493E-2 6.63181E-2 6.21226E-2 6.24723E-2 6.60079E-2 6.7269E-2 6.59776E-2 5.82222E-2 5.45974E-2 5.52775E-2 5.04387E-2 4.84002E-2 5.49235E-2 5.34848E-2 5.76493E-2 6.96458E-2 7.27819E-2 5.34935E-2 4.89789E-2 4.80691E-2 4.14963E-2 3.78289E-2
4.4537E-3 4.96875E-3 3.86557E-3 5.71403E-3 9.57979E-3 1.15223E-2 1.18649E-2 1.20787E-2 1.17897E-2 1.19835E-2 1.11362E-2 1.13825E-2 1.23048E-2 6.60828E-3 2.61647E-3 2.09052E-3 6.69529E-3 1.50179E-2 1.83176E-2 2.02021E-2 2.14773E-2 2.32728E-2 1.92213E-2 1.72162E-2 1.74368E-2 1.86227E-2 1.83153E-2 1.86946E-2 1.78049E-2 1.70014E-2 1.52688E-2 1.29369E-2 1.24401E-2 1.07522E-2 1.00678E-2 1.25449E-2 2.0237E-2 4.09392E-2 5.62645E-2 6.09882E-2 6.5047E-2 6.51159E-2 6.3441E-2 6.29059E-2 6.10314E-2 5.25052E-2 4.66423E-2 4.95358E-2 5.28881E-2 5.42896E-2 5.55194E-2 6.24319E-2 6.46756E-2 6.62199E-2 6.42686E-2 5.81041E-2 5.53757E-2 5.50805E-2 5.69428E-2 4.84853E-2 4.69219E-2
2.71331E-3 2.99691E-3 4.32051E-3 6.33855E-3 7.61499E-3 1.01334E-2 1.08508E-2 1.10028E-2 1.07629E-2 1.11452E-2 1.11647E-2 1.11018E-2 1.11682E-2 1.00608E-2 5.49196E-3 3.54118E-3 6.25031E-3 1.7054E-2 1.83574E-2 1.80939E-2 2.04744E-2 2.15348E-2 1.90755E-2 1.61681E-2 1.74053E-2 1.9889E-2 1.90308E-2 1.89767E-2 1.67751E-2 1.72632E-2 1.77583E-2 1.64449E-2 1.23069E-2 9.49523E-3 7.82491E-3 1.30088E-2 2.118E-2 3.67475E-2 5.71795E-2 5.82872E-2 5.87178E-2 5.97611E-2 6.12682E-2 6.4776E-2 5.38194E-2 5.11624E-2 5.5652E-2 5.69631E-2 6.11382E-2 6.11739E-2 6.03201E-2 6.39416E-2 6.33496E-2 6.30073E-2 5.29622E-2 4.77486E-2 4.86597E-2 4.82099E-2 5.52499E-2 5.86701E-2 6.18951E-2
1.46658E-3 1.18217E-3 1.97777E-3 5.31961E-3 5.72355E-3 7.06244E-3 9.79993E-3 1.04987E-2 1.1139E-2 1.04322E-2 1.04315E-2 1.07284E-2 1.14493E-2 9.60417E-3 7.9183E-3 4.65781E-3 7.30151E-3 1.53589E-2 1.6363E-2 1.59869E-2 1.83498E-2 2.01889E-2 1.79045E-2 1.6163E-2 1.77871E-2 1.8986E-2 1.74472E-2 1.70995E-2 1.80634E-2 1.88755E-2 2.03451E-2 2.13052E-2 1.87683E-2 1.41455E-2 8.25739E-3 9.21886E-3 1.9658E-2 3.56969E-2 5.19378E-2 5.62141E-2 5.75893E-2 5.83464E-2 5.96157E-2 6.30397E-2 6.19892E-2 5.77902E-2 5.60056E-2 5.86201E-2 6.22001E-2 6.0074E-2 5.95691E-2 6.08802E-2 5.89649E-2 5.41861E-2 5.27933E-2 5.37924E-2 5.56964E-2 5.67622E-2 5.65492E-2 5.49323E-2 4.94761E-2
3.55107E-3 2.69352E-3 1.78476E-3 3.51979E-3 4.98815E-3 7.45306E-3 9.01134E-3 1.04476E-2 1.02138E-2 9.7307E-3 1.08083E-2 1.07912E-2 1.10509E-2 1.00531E-2 7.8539E-3 5.54148E-3 1.01325E-2 1.54415E-2 1.61793E-2 1.69489E-2 1.96223E-2 1.77584E-2 1.46631E-2 1.59187E-2 1.60134E-2 1.81593E-2 2.0262E-2 2.0509E-2 2.13223E-2 2.20075E-2 2.15617E-2 2.23712E-2 2.3035E-2 2.07104E-2 1.32706E-2 1.40235E-2 2.00392E-2 3.50057E-2 5.06845E-2 5.22594E-2 5.21709E-2 5.76947E-2 5.71759E-2 5.94224E-2 6.30705E-2 6.38217E-2 6.85516E-2 7.00335E-2 7.07094E-2 6.79687E-2 6.6957E-2 6.11424E-2 6.42043E-2 6.68254E-2 6.58833E-2 6.33216E-2 6.37561E-2 6.3744E-2 6.16102E-2 6.59751E-2 6.53142E-2
4.33253E-3 4.38674E-3 3.42476E-3 4.11118E-3 5.35425E-3 4.82363E-3 5.49866E-3 8.47481E-3 8.91113E-3 8.65535E-3 8.58238E-3 8.23625E-3 7.89248E-3 7.63701E-3 5.54299E-3 4.99369E-3 9.84781E-3 1.28815E-2 1.43744E-2 1.58092E-2 1.52629E-2 1.53291E-2 1.40222E-2 1.41407E-2 1.65991E-2 1.8166E-2 2.10164E-2 2.21776E-2 2.41516E-2 2.37665E-2 2.46635E-2 2.50508E-2 2.49105E-2 2.53143E-2 2.25365E-2 2.0386E-2 2.46928E-2 4.25585E-2 4.79277E-2 5.12152E-2 5.36077E-2 5.50054E-2 5.61556E-2 5.87761E-2 6.38832E-2 6.13978E-2 6.4035E-2 7.13038E-2 6.8383E-2 6.71547E-2 6.75165E-2 6.6526E-2 7.07342E-2 7.35652E-2 6.52393E-2 6.52581E-2 6.85836E-2 6.92316E-2 6.68745E-2 6.30511E-2 6.60776E-2
3.22665E-3 7.3407E-3 1.10114E-2 1.15082E-2 1.06822E-2 9.06007E-3 8.75275E-3 7.62576E-3 7.46918E-3 7.36459E-3 6.00381E-3 6.17362E-3 5.64246E-3 4.3838E-3 3.76239E-3 6.17003E-3 9.01406E-3 1.15356E-2 1.08308E-2 1.2079E-2 1.20498E-2 1.01699E-2 1.26995E-2 1.51951E-2 1.77933E-2 1.94134E-2 2.19785E-2 2.24477E-2 2.35319E-2 2.56692E-2 2.82235E-2 2.77692E-2 2.77613E-2 2.68597E-2 2.84226E-2 2.755E-2 3.25667E-2 4.4051E-2 4.62447E-2 4.61506E-2 4.72148E-2 4.75115E-2 5.0874E-2 5.41373E-2 5.27774E-2 5.0244E-2 5.43999E-2 5.82906E-2 5.41812E-2 5.91517E-2 5.84922E-2 6.29824E-2 7.014E-2 6.70191E-2 5.78061E-2 6.21975E-2 6.48861E-2 6.42221E-2 6.27129E-2 5.991E-2 6.10431E-2
1.30197E-3 2.67784E-3 6.32423E-3 9.65935E-3 9.74038E-3 9.29693E-3 8.7302E-3 8.24076E-3 8.2259E-3 7.8819E-3 7.57731E-3 6.83277E-3 6.2596E-3 5.66167E-3 5.90284E-3 8.07537E-3 9.87513E-3 1.02058E-2 9.13376E-3 9.5563E-3 1.04355E-2 9.98898E-3 1.06932E-2 1.41996E-2 1.85232E-2 2.02218E-2 2.04468E-2 2.08558E-2 2.40035E-2 2.71714E-2 2.8096E-2 2.81403E-2 2.64962E-2 2.70331E-2 3.02602E-2 3.07133E-2 3.48214E-2 3.63257E-2 3.68023E-2 4.07609E-2 4.51832E-2 4.71423E-2 4.85154E-2 4.85388E-2 4.09651E-2 4.04992E-2 4.2293E-2 4.695E-2 5.03389E-2 4.80688E-2 4.69176E-2 5.68375E-2 6.42025E-2 5.41793E-2 5.23698E-2 5.36302E-2 5.339E-2 5.14893E-2 5.20665E-2 5.15062E-2 5.38571E-2
1.27389E-3 1.68014E-3 3.18119E-3 5.9739E-3 7.60909E-3 8.37488E-3 7.89023E-3 7.85804E-3 7.68864E-3 7.76211E-3 7.61961E-3 7.08199E-3 6.73412E-3 6.18737E-3 6.51214E-3 7.48129E-3 7.81674E-3 8.08767E-3 8.24754E-3 8.16384E-3 8.75746E-3 8.67502E-3 9.9874E-3 1.19014E-2 1.50286E-2 1.84399E-2 2.1746E-2 2.28794E-2 2.24137E-2 2.44207E-2 2.47836E-2 2.6179E-2 2.39968E-2 2.72059E-2 2.95152E-2 3.09782E-2 3.04043E-2 2.841E-2 3.24089E-2 3.59549E-2 3.91366E-2 4.14324E-2 3.88521E-2 3.84946E-2 3.7712E-2 3.86542E-2 3.86696E-2 4.25899E-2 4.67447E-2 4.8032E-2 4.83826E-2 5.02464E-2 4.75704E-2 4.78139E-2 4.94125E-2 5.07071E-2 5.22413E-2 5.48335E-2 5.73565E-2 5.54053E-2 5.42963E-2
1.80348E-3 1.1558E-3 1.49253E-3 3.43286E-3 6.1898E-3 7.11764E-3 7.54752E-3 7.34752E-3 7.28204E-3 7.11226E-3 7.23731E-3 6.86035E-3 6.41035E-3 5.92581E-3 7.28592E-3 7.22139E-3 7.09797E-3 7.58576E-3 8.54056E-3 1.04549E-2 1.24955E-2 1.19009E-2 1.20624E-2 1.39917E-2 1.51504E-2 1.47718E-2 1.68222E-2 1.88172E-2 1.75788E-2 1.77239E-2 1.74563E-2 1.97946E-2 2.11186E-2 2.43556E-2 3.05887E-2 3.02313E-2 2.98115E-2 2.97198E-2 3.42674E-2 3.78592E-2 3.75887E-2 3.63109E-2 3.54537E-2 3.35381E-2 3.51689E-2 3.62134E-2 3.74507E-2 3.89259E-2 4.177E-2 4.35507E-2 4.34272E-2 4.4383E-2 4.76051E-2 5.01903E-2 5.16954E-2 5.47634E-2 5.46645E-2 5.50541E-2 5.60301E-2 5.88253E-2 6.18628E-2
2.31152E-3 2.12298E-3 1.35078E-3 1.53157E-3 3.4841E-3 5.71788E-3 6.36528E-3 6.46694E-3 6.6275E-3 4.8624E-3 4.96134E-3 5.47632E-3 4.81751E-3 4.05809E-3 4.81735E-3 5.91013E-3 6.32889E-3 7.12342E-3 8.60677E-3 7.35464E-3 7.67947E-3 1.00183E-2 9.41548E-3 1.06658E-2 1.41125E-2 1.68936E-2 1.45437E-2 1.5215E-2 1.39214E-2 1.25638E-2 1.28492E-2 1.47403E-2 1.46592E-2 1.57525E-2 2.0719E-2 2.43271E-2 2.77775E-2 3.63841E-2 3.7823E-2 3.64272E-2 3.43431E-2 3.07184E-2 3.08544E-2 3.25415E-2 3.50249E-2 3.456E-2 3.35483E-2 3.58063E-2 3.83866E-2 4.12739E-2 4.30709E-2 4.55797E-2 4.89613E-2 5.18749E-2 5.22522E-2 5.1236E-2 5.39738E-2 6.16288E-2 6.81547E-2 6.7639E-2 6.86277E-2
2.12593E-3 2.13915E-3 2.58006E-3 2.0124E-3 2.04468E-3 3.40372E-3 4.26693E-3 5.3309E-3 4.59152E-3 4.26362E-3 4.80332E-3 5.04031E-3 4.91656E-3 5.10447E-3 5.61776E-3 6.16696E-3 5.39432E-3 7.28206E-3 7.6314E-3 6.089E-3 4.36739E-3 5.0143E-3 6.06257E-3 6.88817E-3 1.2313E-2 1.71405E-2 1.51045E-2 1.64222E-2 1.64222E-2 1.3489E-2 1.36399E-2 1.88502E-2 1.64159E-2 1.66789E-2 1.80511E-2 1.88406E-2 2.35047E-2 2.85227E-2 2.80917E-2 2.8013E-2 2.86002E-2 3.23519E-2 3.13707E-2 3.02157E-2 3.01277E-2 2.97073E-2 3.04634E-2 3.25501E-2 3.51199E-2 3.79256E-2 4.14739E-2 4.39147E-2 4.71622E-2 4.76723E-2 4.84991E-2 4.96624E-2 5.27823E-2 5.44195E-2 5.76191E-2 6.20686E-2 5.66199E-2
2.18585E-3 2.14654E-3 2.17977E-3 2.05402E-3 2.23971E-3 2.64756E-3 2.65942E-3 3.24876E-3 3.84734E-3 4.07981E-3 4.3118E-3 4.58006E-3 4.9701E-3 5.79372E-3 5.8947E-3 5.72933E-3 6.20464E-3 5.26499E-3 4.67342E-3 5.04341E-3 3.47933E-3 3.15616E-3 3.64539E-3 5.07627E-3 7.45637E-3 1.03386E-2 1.49726E-2 1.85102E-2 1.88665E-2 1.67949E-2 2.00808E-2 2.21794E-2 1.98001E-2 1.92519E-2 1.94041E-2 1.9641E-2 2.06129E-2 2.19079E-2 2.45964E-2 2.79115E-2 2.96411E-2 3.17151E-2 3.04173E-2 2.83267E-2 2.73698E-2 2.85057E-2 3.0293E-2 3.28877E-2 3.5484E-2 3.68781E-2 3.95066E-2 4.28405E-2 4.53569E-2 4.43407E-2 4.71781E-2 4.66398E-2 4.70411E-2 4.85451E-2 4.85009E-2 5.10191E-2 5.13993E-2
2.21033E-3 2.28912E-3 2.13786E-3 2.18452E-3 2.31013E-3 2.84853E-3 3.25097E-3 3.66593E-3 3.76904E-3 3.60995E-3 3.11941E-3 2.6178E-3 3.68595E-3 4.30135E-3 3.93431E-3 4.47457E-3 5.33341E-3 4.51437E-3 4.02159E-3 4.04759E-3 4.39265E-3 4.35346E-3 3.93182E-3 3.9105E-3 4.9045E-3 7.10805E-3 1.55853E-2 2.37843E-2 2.53358E-2 2.84056E-2 3.04099E-2 2.84176E-2 2.67128E-2 2.33062E-2 1.99201E-2 1.80548E-2 1.91758E-2 2.08623E-2 2.42697E-2 2.82019E-2 3.17595E-2 3.18315E-2 3.16338E-2 3.03912E-2 2.74773E-2 2.75201E-2 3.05788E-2 3.10618E-2 3.22494E-2 3.43837E-2 3.63186E-2 4.05647E-2 4.19109E-2 4.49027E-2 4.70861E-2 4.64254E-2 4.55954E-2 4.77815E-2 4.68535E-2 4.75775E-2 4.76206E-2
3.00301E-3 2.5936E-3 2.66078E-3 2.88746E-3 2.6606E-3 3.10584E-3 3.20789E-3 3.4976E-3 3.89277E-3 4.0622E-3 3.90796E-3 3.76998E-3 4.13851E-3 4.59346E-3 4.51937E-3 4.08252E-3 4.37791E-3 3.97441E-3 3.99323E-3 4.08325E-3 4.55888E-3 5.29889E-3 4.71452E-3 4.36865E-3 4.67848E-3 5.63189E-3 1.59175E-2 2.5791E-2 2.69817E-2 2.54026E-2 2.83351E-2 3.08148E-2 2.87325E-2 2.66584E-2 2.46792E-2 2.27951E-2 2.07881E-2 2.22526E-2 2.46708E-2 2.89233E-2 3.20408E-2 3.23359E-2 3.13521E-2 3.08043E-2 2.82775E-2 2.71784E-2 3.01325E-2 3.17248E-2 3.37509E-2 3.54051E-2 3.80211E-2 4.01967E-2 4.13959E-2 4.25114E-2 4.43163E-2 4.62784E-2 4.76389E-2 4.76665E-2 4.8841E-2 5.04096E-2 5.0538E-2
3.44877E-3 2.98777E-3 3.18723E-3 3.10729E-3 3.28748E-3 3.49086E-3 3.49567E-3 3.81146E-3 3.71625E-3 3.71094E-3 3.97928E-3 4.13389E-3 4.28053E-3 4.15821E-3 4.60447E-3 4.61573E-3 4.96598E-3 4.38766E-3 3.9616E-3 4.26198E-3 5.17275E-3 5.36928E-3 5.29529E-3 4.8305E-3 4.88993E-3 6.53742E-3 1.41302E-2 1.81479E-2 2.07526E-2 2.12726E-2 2.80273E-2 2.99167E-2 2.98749E-2 2.99396E-2 2.83523E-2 2.92141E-2 2.82904E-2 2.60519E-2 2.64766E-2 2.92671E-2 3.21546E-2 3.22755E-2 3.15312E-2 3.16657E-2 2.89E-2 2.87014E-2 2.94578E-2 3.16849E-2 3.29685E-2 3.44739E-2 3.67307E-2 3.91856E-2 4.11573E-2 4.25036E-2 4.49457E-2 4.80142E-2 4.92236E-2 4.9002E-2 4.9392E-2 4.94903E-2 5.14079E-2
3.43944E-3 2.89404E-3 3.90615E-3 3.99832E-3 3.80917E-3 3.97317E-3 3.60539E-3 3.54895E-3 3.82531E-3 3.54423E-3 3.41361E-3 3.16437E-3 3.57855E-3 3.78246E-3 4.26688E-3 4.97519E-3 5.04712E-3 3.97573E-3 3.75443E-3 3.937E-3 4.59777E-3 4.79326E-3 4.88081E-3 4.88605E-3 4.6363E-3 5.79495E-3 8.89151E-3 1.02759E-2 1.53915E-2 1.7288E-2 1.89383E-2 2.55753E-2 2.85809E-2 2.73523E-2 2.49272E-2 3.02357E-2 3.33743E-2 3.32295E-2 3.14185E-2 3.06754E-2 3.09586E-2 3.23059E-2 3.35452E-2 3.33048E-2 3.07667E-2 2.91674E-2 2.8012E-2 2.76321E-2 2.91291E-2 3.32074E-2 3.53262E-2 3.75492E-2 4.05118E-2 4.35436E-2 4.62219E-2 4.82411E-2 4.87166E-2 4.79974E-2 4.95656E-2 5.2289E-2 5.25602E-2
3.9204E-3 3.60187E-3 4.35091E-3 4.4919E-3 3.97725E-3 4.39103E-3 3.8476E-3 3.34374E-3 3.20557E-3 3.58271E-3 3.45959E-3 3.22624E-3 3.00078E-3 2.74208E-3 3.63184E-3 4.39212E-3 4.77274E-3 3.58347E-3 3.08699E-3 3.29163E-3 3.55887E-3 4.36536E-3 4.94463E-3 4.70631E-3 4.14515E-3 3.99185E-3 7.33876E-3 1.0229E-2 1.26329E-2 1.47621E-2 1.67458E-2 2.03414E-2 2.21656E-2 2.17145E-2 2.29671E-2 2.4779E-2 2.63124E-2 2.96211E-2 3.25089E-2 3.24885E-2 3.28082E-2 3.46609E-2 3.28996E-2 3.36645E-2 3.28593E-2 3.03104E-2 2.79696E-2 2.66814E-2 2.7945E-2 3.20759E-2 3.70039E-2 4.00521E-2 4.26404E-2 4.516E-2 4.71456E-2 4.70188E-2 4.78187E-2 4.86262E-2 5.08816E-2 5.58859E-2 5.76623E-2
4.24151E-3 4.081E-3 3.95605E-3 3.5837E-3 3.96312E-3 3.235E-3 3.2467E-3 3.02093E-3 3.12503E-3 3.37626E-3 3.73919E-3 3.78713E-3 3.14691E-3 2.5531E-3 2.59016E-3 2.78108E-3 3.46956E-3 3.46968E-3 2.71669E-3 2.14132E-3 1.63894E-3 3.42022E-3 4.80111E-3 4.61547E-3 4.31381E-3 3.43609E-3 6.13724E-3 8.38706E-3 9.7581E-3 1.13679E-2 1.33401E-2 1.58959E-2 1.62526E-2 1.66582E-2 1.86453E-2 1.99041E-2 2.21718E-2 2.49248E-2 2.57661E-2 2.8086E-2 2.93595E-2 3.16273E-2 3.42033E-2 3.58826E-2 3.6892E-2 3.47518E-2 3.21582E-2 3.02745E-2 3.10669E-2 3.49383E-2 4.11564E-2 4.60981E-2 4.67995E-2 4.6824E-2 4.69795E-2 4.71634E-2 4.94859E-2 5.06881E-2 5.19796E-2 5.66359E-2 5.98163E-2
4.46719E-3 3.55298E-3 3.2138E-3 2.86137E-3 3.44635E-3 2.78851E-3 2.72491E-3 3.26111E-3 3.47388E-3 3.46085E-3 3.44745E-3 3.56139E-3 3.40755E-3 2.32313E-3 2.45173E-3 2.35876E-3 2.59291E-3 3.01899E-3 2.58428E-3 2.1381E-3 1.84533E-3 3.11575E-3 4.81979E-3 5.22014E-3 4.71976E-3 3.34592E-3 5.17205E-3 7.8368E-3 9.59696E-3 1.11564E-2 1.30686E-2 1.5321E-2 1.66685E-2 1.76558E-2 1.90438E-2 2.07789E-2 2.26915E-2 2.39972E-2 2.57656E-2 2.7523E-2 2.89117E-2 3.09768E-2 3.28698E-2 3.35336E-2 3.60999E-2 3.86762E-2 3.93877E-2 3.90151E-2 4.00189E-2 4.14627E-2 4.53869E-2 4.87993E-2 5.03232E-2 4.80243E-2 4.60884E-2 4.6821E-2 4.61993E-2 5.01553E-2 5.73747E-2 6.12358E-2 6.16787E-2
5.30529E-3 3.68997E-3 2.94349E-3 2.56524E-3 2.63369E-3 2.98603E-3 3.09653E-3 3.32245E-3 3.34244E-3 3.2524E-3 3.32293E-3 3.22677E-3 3.18583E-3 2.51345E-3 2.40732E-3 2.29522E-3 1.96226E-3 2.22666E-3 2.26207E-3 2.04174E-3 2.14141E-3 2.51088E-3 3.81331E-3 5.01895E-3 4.46733E-3 4.11743E-3 5.12334E-3 7.9243E-3 1.09464E-2 1.23736E-2 1.4141E-2 1.58026E-2 1.68263E-2 1.65134E-2 1.72095E-2 1.95541E-2 2.17353E-2 2.44525E-2 2.72916E-2 2.79563E-2 2.92434E-2 3.17344E-2 3.41032E-2 3.65228E-2 3.84793E-2 3.98645E-2 4.1375E-2 4.35244E-2 4.38701E-2 4.51609E-2 4.6596E-2 4.76794E-2 4.8308E-2 5.21572E-2 5.45405E-2 5.40661E-2 5.18665E-2 5.22813E-2 5.27811E-2 5.82761E-2 6.54257E-2
4.68609E-3 4.09186E-3 4.15722E-3 3.76692E-3 2.69455E-3 3.34131E-3 3.4146E-3 2.98377E-3 3.14253E-3 3.46041E-3 3.31134E-3 3.21311E-3 3.10711E-3 2.73535E-3 2.05898E-3 1.94067E-3 1.89305E-3 1.30506E-3 1.619E-3 1.40352E-3 1.48553E-3 1.88199E-3 2.3212E-3 2.60274E-3 4.63694E-3 7.24914E-3 9.09113E-3 1.3278E-2 1.39567E-2 1.49056E-2 1.59648E-2 1.70389E-2 1.60308E-2 1.52303E-2 1.75532E-2 2.01044E-2 2.44453E-2 2.65541E-2 2.70952E-2 2.87581E-2 3.08891E-2 3.38161E-2 3.53576E-2 3.66624E-2 3.85674E-2 3.87666E-2 4.087E-2 4.13674E-2 4.16912E-2 4.1904E-2 4.47592E-2 4.55514E-2 4.53857E-2 4.61868E-2 5.17881E-2 5.65609E-2 5.86779E-2 6.14949E-2 6.17263E-2 6.13608E-2 6.42258E-2
2.09585E-3 2.01694E-3 2.28698E-3 3.44075E-3 4.59268E-3 4.18229E-3 3.27304E-3 2.83616E-3 3.05568E-3 3.2019E-3 2.77861E-3 2.69336E-3 2.5513E-3 2.29652E-3 2.12801E-3 1.743E-3 1.78797E-3 1.17982E-3 1.22197E-3 1.06424E-3 1.00868E-3 1.181E-3 1.70854E-3 1.79495E-3 4.55736E-3 7.85985E-3 1.30501E-2 1.58768E-2 1.5035E-2 1.64188E-2 1.71621E-2 1.71137E-2 1.68153E-2 1.69746E-2 1.96779E-2 2.22201E-2 2.40643E-2 2.5623E-2 2.76095E-2 3.05872E-2 3.04569E-2 3.01112E-2 3.07472E-2 3.29617E-2 3.72831E-2 3.99751E-2 4.23549E-2 4.1415E-2 4.28603E-2 4.33285E-2 4.48792E-2 4.77979E-2 4.82243E-2 5.19652E-2 5.51214E-2 5.45061E-2 5.35975E-2 5.82914E-2 6.4924E-2 7.05254E-2 7.13671E-2
3.11027E-3 3.12203E-3 2.70546E-3 3.47008E-3 4.12525E-3 3.57604E-3 3.51098E-3 3.45249E-3 2.91321E-3 2.82428E-3 2.5357E-3 2.33229E-3 2.24811E-3 2.11417E-3 1.99092E-3 1.93316E-3 1.40885E-3 1.10504E-3 1.24745E-3 1.06176E-3 9.82698E-4 1.13406E-3 1.12187E-3 1.21864E-3 2.02443E-3 5.51816E-3 1.1253E-2 1.68276E-2 1.5001E-2 1.64084E-2 1.72549E-2 1.74854E-2 1.79533E-2 1.79822E-2 1.89165E-2 2.04353E-2 2.24105E-2 2.53294E-2 2.73102E-2 2.57009E-2 2.626E-2 2.89746E-2 3.08886E-2 3.50847E-2 3.80652E-2 3.96426E-2 4.13763E-2 4.21365E-2 4.29948E-2 4.3101E-2 4.52081E-2 4.91125E-2 5.2955E-2 5.26665E-2 5.73922E-2 5.88131E-2 5.90937E-2 6.14967E-2 6.19502E-2 6.41762E-2 6.70338E-2
