maxent_outputs/bumblebees/bombus_127.asc
ncols         426
nrows         180
xllcorner     -130.0
yllcorner     24.0
cellsize      0.16666666666666666
NODATA_value  -9999
[rows 108 to 134 of 180, columns 183 to 243 of 426]
4.2409E-1 4.24781E-1 4.34778E-1 4.41265E-1 4.51519E-1 4.6485E-1 4.75675E-1 4.84553E-1 4.94012E-1 5.04406E-1 5.11213E-1 5.1595E-1 5.26569E-1 5.31666E-1 5.33766E-1 5.36651E-1 5.38243E-1 5.47762E-1 5.54409E-1 5.64094E-1 5.75492E-1 5.87034E-1 6.03567E-1 6.16315E-1 6.32065E-1 6.50906E-1 6.46773E-1 6.4567E-1 6.39391E-1 6.39904E-1 6.46919E-1 6.54623E-1 6.58067E-1 6.59667E-1 6.55415E-1 6.49412E-1 6.44533E-1 6.44755E-1 6.47851E-1 6.55083E-1 6.51606E-1 6.55451E-1 6.74054E-1 6.94741E-1 7.06251E-1 7.08513E-1 7.05946E-1 7.15659E-1 7.25488E-1 7.3883E-1 7.38014E-1 7.33903E-1 7.33185E-1 7.30891E-1 7.39077E-1 7.32841E-1 7.42977E-1 7.48675E-1 7.53016E-1 7.59282E-1 7.51698E-1
4.23028E-1 4.30023E-1 4.36732E-1 4.44158E-1 4.56299E-1 4.69101E-1 4.7766E-1 4.8334E-1 4.89297E-1 5.00253E-1 5.09936E-1 5.18978E-1 5.31004E-1 5.33724E-1 5.36044E-1 5.3893E-1 5.40981E-1 5.46899E-1 5.52748E-1 5.6461E-1 5.77918E-1 5.90998E-1 6.01331E-1 6.16111E-1 6.27017E-1 6.43336E-1 6.46877E-1 6.45699E-1 6.31436E-1 6.38244E-1 6.49356E-1 6.58134E-1 6.60425E-1 6.63776E-1 6.63764E-1 6.58174E-1 6.53464E-1 6.53569E-1 6.5348E-1 6.56172E-1 6.59327E-1 6.64942E-1 6.81232E-1 6.92887E-1 7.03683E-1 7.11945E-1 7.17254E-1 7.2704E-1 7.37414E-1 7.4324E-1 7.43002E-1 7.38088E-1 7.3212E-1 7.29382E-1 7.42415E-1 7.37606E-1 7.40193E-1 7.52046E-1 7.5551E-1 7.56524E-1 7.52133E-1
4.39075E-1 4.47147E-1 4.47134E-1 4.55763E-1 4.64061E-1 4.71803E-1 4.81086E-1 4.84205E-1 4.8547E-1 4.9261E-1 5.09012E-1 5.24307E-1 5.3277E-1 5.36069E-1 5.39749E-1 5.43392E-1 5.50078E-1 5.57154E-1 5.60855E-1 5.71805E-1 5.84808E-1 5.93049E-1 6.01211E-1 6.06946E-1 6.19695E-1 6.4291E-1 6.46128E-1 6.39121E-1 6.34736E-1 6.39782E-1 6.51772E-1 6.5995E-1 6.68578E-1 6.81426E-1 6.81795E-1 6.73396E-1 6.70443E-1 6.69811E-1 6.7472E-1 6.7559E-1 6.74756E-1 6.81393E-1 6.9673E-1 7.17892E-1 7.23574E-1 7.1667E-1 7.18076E-1 7.32166E-1 7.47409E-1 7.43225E-1 7.49837E-1 7.45216E-1 7.42221E-1 7.38091E-1 7.4441E-1 7.4239E-1 7.41376E-1 7.55121E-1 7.52374E-1 7.54661E-1 7.56045E-1
4.42403E-1 4.52323E-1 4.57663E-1 4.60181E-1 4.64558E-1 4.68152E-1 4.77033E-1 4.88362E-1 4.93256E-1 5.0282E-1 5.14004E-1 5.25558E-1 5.35479E-1 5.4326E-1 5.46533E-1 5.52718E-1 5.58762E-1 5.66586E-1 5.72873E-1 5.77812E-1 5.85295E-1 5.92461E-1 6.03946E-1 6.1314E-1 6.21603E-1 6.35353E-1 6.42701E-1 6.48799E-1 6.4182E-1 6.47724E-1 6.66542E-1 6.70157E-1 6.74731E-1 6.87918E-1 6.9283E-1 6.88131E-1 6.82192E-1 6.81001E-1 6.85333E-1 6.90447E-1 6.88112E-1 6.92996E-1 7.02728E-1 7.14412E-1 7.30398E-1 7.29041E-1 7.35196E-1 7.41704E-1 7.53235E-1 7.56889E-1 7.52436E-1 7.43211E-1 7.45871E-1 7.47456E-1 7.49073E-1 7.4897E-1 7.51897E-1 7.46541E-1 7.48713E-1 7.53755E-1 7.58557E-1
4.42419E-1 4.51378E-1 4.61526E-1 4.63874E-1 4.61901E-1 4.6201E-1 4.79081E-1 4.91996E-1 5.00484E-1 5.11799E-1 5.23884E-1 5.34387E-1 5.45043E-1 5.53812E-1 5.56324E-1 5.62542E-1 5.73214E-1 5.82279E-1 5.84601E-1 5.87999E-1 5.90239E-1 5.92908E-1 6.01224E-1 6.23887E-1 6.25948E-1 6.32151E-1 6.3495E-1 6.38807E-1 6.47465E-1 6.60014E-1 6.69217E-1 6.70963E-1 6.76045E-1 6.85997E-1 6.93924E-1 6.96839E-1 6.90512E-1 6.94238E-1 6.94835E-1 6.97445E-1 7.02127E-1 7.17417E-1 7.31676E-1 7.37709E-1 7.39272E-1 7.45789E-1 7.52917E-1 7.54482E-1 7.6243E-1 7.60001E-1 7.56088E-1 7.51526E-1 7.52394E-1 7.54813E-1 7.53705E-1 7.50316E-1 7.54305E-1 7.50431E-1 7.51675E-1 7.55639E-1 7.58715E-1
4.48459E-1 4.55812E-1 4.63083E-1 4.66838E-1 4.64768E-1 4.66366E-1 4.7991E-1 4.97414E-1 5.07325E-1 5.17595E-1 5.28161E-1 5.38129E-1 5.45979E-1 5.53501E-1 5.61033E-1 5.69116E-1 5.81382E-1 5.91851E-1 5.95496E-1 5.96245E-1 5.98135E-1 5.97737E-1 6.08628E-1 6.20072E-1 6.21522E-1 6.30476E-1 6.35831E-1 6.3532E-1 6.49867E-1 6.67217E-1 6.7136E-1 6.69346E-1 6.67975E-1 6.76243E-1 6.90576E-1 6.89006E-1 6.80021E-1 6.85537E-1 6.96254E-1 7.02996E-1 7.13174E-1 7.41657E-1 7.5042E-1 7.50187E-1 7.58788E-1 7.61928E-1 7.63527E-1 7.63183E-1 7.63101E-1 7.58764E-1 7.59196E-1 7.61057E-1 7.57942E-1 7.55516E-1 7.57136E-1 7.55402E-1 7.61728E-1 7.65525E-1 7.59856E-1 7.60664E-1 7.61522E-1
4.59496E-1 4.67205E-1 4.68906E-1 4.77798E-1 4.809E-1 4.82654E-1 4.86309E-1 4.97758E-1 5.08482E-1 5.18045E-1 5.26086E-1 5.36121E-1 5.45758E-1 5.5199E-1 5.62886E-1 5.73813E-1 5.85409E-1 5.95626E-1 5.99178E-1 6.01348E-1 6.03579E-1 6.0915E-1 6.14027E-1 6.18476E-1 6.22543E-1 6.27646E-1 6.30414E-1 6.312E-1 6.4552E-1 6.63169E-1 6.71049E-1 6.73686E-1 6.62627E-1 6.79027E-1 6.87567E-1 6.90949E-1 6.95101E-1 7.04437E-1 7.13051E-1 7.20619E-1 7.34488E-1 7.55497E-1 7.53063E-1 7.5118E-1 7.59313E-1 7.68492E-1 7.68464E-1 7.61778E-1 7.59319E-1 7.53839E-1 7.53353E-1 7.55898E-1 7.56335E-1 7.56243E-1 7.55309E-1 7.61495E-1 7.58368E-1 7.5869E-1 7.60945E-1 7.65984E-1 7.65813E-1
4.61068E-1 4.7035E-1 4.79918E-1 4.85319E-1 4.93426E-1 4.99607E-1 5.03282E-1 5.02913E-1 5.07478E-1 5.16189E-1 5.29947E-1 5.3978E-1 5.48028E-1 5.56407E-1 5.66017E-1 5.72244E-1 5.86124E-1 5.92744E-1 6.01588E-1 6.07689E-1 6.12279E-1 6.17721E-1 6.18839E-1 6.21242E-1 6.24379E-1 6.24493E-1 6.28874E-1 6.38985E-1 6.54034E-1 6.66913E-1 6.79479E-1 6.86806E-1 6.82132E-1 6.88452E-1 6.96826E-1 7.05536E-1 7.12655E-1 7.24096E-1 7.355E-1 7.409E-1 7.49417E-1 7.62192E-1 7.6676E-1 7.69654E-1 7.66912E-1 7.71892E-1 7.66981E-1 7.62416E-1 7.62483E-1 7.56334E-1 7.54528E-1 7.55172E-1 7.5955E-1 7.59611E-1 7.56963E-1 7.57961E-1 7.71352E-1 7.65758E-1 7.6438E-1 7.64453E-1 7.63516E-1
4.72784E-1 4.77261E-1 4.85676E-1 4.89959E-1 4.97897E-1 5.05651E-1 5.14277E-1 5.15884E-1 5.18111E-1 5.23549E-1 5.36696E-1 5.461E-1 5.53693E-1 5.63589E-1 5.67733E-1 5.66444E-1 5.7469E-1 5.89673E-1 6.02455E-1 6.13651E-1 6.23785E-1 6.24242E-1 6.23887E-1 6.22537E-1 6.27076E-1 6.28374E-1 6.36051E-1 6.41555E-1 6.53109E-1 6.68998E-1 6.80671E-1 6.94854E-1 7.00087E-1 7.05227E-1 7.12581E-1 7.15963E-1 7.45908E-1 7.55333E-1 7.45994E-1 7.56141E-1 7.63061E-1 7.73107E-1 7.70581E-1 7.71399E-1 7.73091E-1 7.70771E-1 7.76379E-1 7.67564E-1 7.63073E-1 7.59653E-1 7.57596E-1 7.56959E-1 7.5918E-1 7.68263E-1 7.58816E-1 7.60094E-1 7.6277E-1 7.6351E-1 7.63983E-1 7.66693E-1 7.65099E-1
4.91054E-1 4.93837E-1 4.92322E-1 4.9753E-1 5.06539E-1 5.14102E-1 5.23594E-1 5.23986E-1 5.31184E-1 5.37221E-1 5.44939E-1 5.54734E-1 5.62141E-1 5.72197E-1 5.81866E-1 5.75595E-1 5.79534E-1 5.91462E-1 6.08841E-1 6.19673E-1 6.32622E-1 6.36105E-1 6.33558E-1 6.32667E-1 6.33699E-1 6.3284E-1 6.40931E-1 6.4364E-1 6.56815E-1 6.69308E-1 6.80642E-1 6.96109E-1 7.12981E-1 7.25673E-1 7.31901E-1 7.31958E-1 7.35903E-1 7.41617E-1 7.51892E-1 7.60356E-1 7.69008E-1 7.74011E-1 7.78416E-1 7.81037E-1 7.8427E-1 7.78813E-1 7.79144E-1 7.71496E-1 7.61583E-1 7.55104E-1 7.54614E-1 7.52185E-1 7.60832E-1 7.67336E-1 7.63983E-1 7.63197E-1 7.61437E-1 7.60026E-1 7.73978E-1 7.71859E-1 7.66051E-1
5.01976E-1 5.07084E-1 5.08443E-1 5.13962E-1 5.17631E-1 5.25356E-1 5.32751E-1 5.37495E-1 5.44864E-1 5.47996E-1 5.56059E-1 5.63993E-1 5.7231E-1 5.8934E-1 6.04245E-1 6.02916E-1 6.05651E-1 6.14445E-1 6.17615E-1 6.25758E-1 6.33112E-1 6.44525E-1 6.43485E-1 6.45041E-1 6.45069E-1 6.42848E-1 6.51422E-1 6.58119E-1 6.74357E-1 6.78072E-1 6.80537E-1 6.91357E-1 7.10686E-1 7.26537E-1 7.43978E-1 7.42122E-1 7.4934E-1 7.52921E-1 7.54857E-1 7.55542E-1 7.64122E-1 7.73126E-1 7.81266E-1 7.80785E-1 7.85275E-1 7.82607E-1 7.76239E-1 7.7465E-1 7.64876E-1 7.54569E-1 7.54664E-1 7.5492E-1 7.58594E-1 7.60096E-1 7.61914E-1 7.67352E-1 7.60067E-1 7.60263E-1 7.62815E-1 7.6328E-1 7.59495E-1
5.10246E-1 5.16229E-1 5.20743E-1 5.26637E-1 5.30883E-1 5.38034E-1 5.42258E-1 5.51292E-1 5.57298E-1 5.62486E-1 5.68524E-1 5.78768E-1 5.9074E-1 6.05383E-1 6.16001E-1 6.12228E-1 6.16052E-1 6.28384E-1 6.2372E-1 6.30025E-1 6.37284E-1 6.43089E-1 6.51547E-1 6.65249E-1 6.73775E-1 6.57574E-1 6.62969E-1 6.70929E-1 6.74309E-1 6.77854E-1 6.83845E-1 6.96407E-1 7.23226E-1 7.40064E-1 7.51538E-1 7.58897E-1 7.59781E-1 7.62137E-1 7.57353E-1 7.59307E-1 7.66906E-1 7.75283E-1 7.82037E-1 7.84282E-1 7.83549E-1 7.79947E-1 7.77694E-1 7.73259E-1 7.71444E-1 7.6075E-1 7.59352E-1 7.58778E-1 7.58911E-1 7.61837E-1 7.59597E-1 7.65982E-1 7.62424E-1 7.60981E-1 7.63196E-1 7.58234E-1 7.56886E-1
5.15833E-1 5.24027E-1 5.26679E-1 5.3004E-1 5.38966E-1 5.49713E-1 5.53867E-1 5.60134E-1 5.66543E-1 5.74737E-1 5.83506E-1 5.99891E-1 6.05505E-1 6.14547E-1 6.1291E-1 6.21605E-1 6.26133E-1 6.36682E-1 6.1942E-1 6.28446E-1 6.3505E-1 6.46E-1 6.58315E-1 6.73672E-1 6.78151E-1 6.76224E-1 6.8095E-1 6.90299E-1 6.92714E-1 6.94417E-1 7.00391E-1 7.13232E-1 7.33901E-1 7.51403E-1 7.65058E-1 7.8003E-1 7.79385E-1 7.81217E-1 7.74446E-1 7.72257E-1 7.75275E-1 7.81714E-1 7.83958E-1 7.86164E-1 7.83623E-1 7.77829E-1 7.76521E-1 7.73344E-1 7.70541E-1 7.66009E-1 7.647E-1 7.58432E-1 7.6078E-1 7.60405E-1 7.61953E-1 7.64394E-1 7.63159E-1 7.56587E-1 7.67804E-1 7.62029E-1 7.56203E-1
5.25135E-1 5.34037E-1 5.28181E-1 5.2962E-1 5.3448E-1 5.47191E-1 5.56815E-1 5.68826E-1 5.71364E-1 5.79907E-1 5.95404E-1 6.09161E-1 6.20544E-1 6.21845E-1 6.2108E-1 6.16376E-1 6.18882E-1 6.20763E-1 6.21648E-1 6.29689E-1 6.40283E-1 6.52755E-1 6.61052E-1 6.7535E-1 6.83789E-1 6.91021E-1 6.94487E-1 6.99952E-1 7.08177E-1 7.14415E-1 7.20144E-1 7.35362E-1 7.59908E-1 7.75741E-1 7.80913E-1 7.90965E-1 7.86119E-1 7.91732E-1 7.90552E-1 7.86573E-1 7.85388E-1 7.85033E-1 7.87073E-1 7.84116E-1 7.81663E-1 7.7774E-1 7.76373E-1 7.75314E-1 7.703E-1 7.6775E-1 7.67512E-1 7.66583E-1 7.65934E-1 7.65816E-1 7.68296E-1 7.69965E-1 7.7054E-1 7.59254E-1 7.70457E-1 7.64299E-1 7.58967E-1
5.20959E-1 5.22683E-1 5.24329E-1 5.32749E-1 5.41288E-1 5.44829E-1 5.51407E-1 5.61774E-1 5.69363E-1 5.79871E-1 5.89634E-1 6.091E-1 6.15726E-1 6.12038E-1 6.13692E-1 6.06349E-1 6.03809E-1 6.1143E-1 6.23301E-1 6.32996E-1 6.46135E-1 6.55206E-1 6.66306E-1 6.77852E-1 6.90463E-1 6.99062E-1 7.09161E-1 7.14671E-1 7.21406E-1 7.33193E-1 7.4525E-1 7.53032E-1 7.62626E-1 7.73262E-1 7.9489E-1 8.01272E-1 7.98336E-1 7.99086E-1 7.99938E-1 7.96313E-1 7.905E-1 7.85069E-1 7.85509E-1 7.83951E-1 7.82265E-1 7.81248E-1 7.77309E-1 7.78042E-1 7.75152E-1 7.73163E-1 7.66376E-1 7.66774E-1 7.63768E-1 7.7124E-1 7.80368E-1 7.76763E-1 7.78539E-1 7.65973E-1 7.64069E-1 7.57213E-1 7.53339E-1
5.27611E-1 5.27734E-1 5.26713E-1 5.3202E-1 5.39129E-1 5.44549E-1 5.51811E-1 5.60203E-1 5.68854E-1 5.77817E-1 5.90197E-1 6.05261E-1 6.0577E-1 6.07089E-1 6.17703E-1 6.0339E-1 5.99897E-1 6.13657E-1 6.28059E-1 6.42702E-1 6.55371E-1 6.62515E-1 6.7383E-1 6.85554E-1 6.99288E-1 7.10646E-1 7.16927E-1 7.2423E-1 7.33547E-1 7.48826E-1 7.61171E-1 7.7472E-1 7.7754E-1 7.75192E-1 7.98425E-1 8.07622E-1 8.03093E-1 8.01179E-1 8.02911E-1 7.94874E-1 7.94991E-1 7.9466E-1 7.89006E-1 7.87075E-1 7.88208E-1 7.86321E-1 7.8352E-1 7.81364E-1 7.78502E-1 7.7827E-1 7.72594E-1 7.65413E-1 7.63432E-1 7.74262E-1 7.79176E-1 7.82278E-1 7.80874E-1 7.72184E-1 7.64221E-1 7.62424E-1 7.57733E-1
5.32196E-1 5.30083E-1 5.35765E-1 5.42776E-1 5.4302E-1 5.48659E-1 5.58464E-1 5.65585E-1 5.73842E-1 5.88139E-1 5.90083E-1 6.01888E-1 6.04551E-1 6.09283E-1 6.20816E-1 6.10769E-1 6.13288E-1 6.24331E-1 6.37613E-1 6.51746E-1 6.66044E-1 6.71813E-1 6.86431E-1 6.95377E-1 7.02982E-1 7.154E-1 7.22807E-1 7.32361E-1 7.43955E-1 7.58992E-1 7.75044E-1 7.93668E-1 7.93545E-1 7.97576E-1 8.03613E-1 8.11076E-1 8.08747E-1 8.08985E-1 8.02893E-1 7.93174E-1 7.89276E-1 8.0077E-1 7.96837E-1 7.97611E-1 7.98428E-1 7.94934E-1 7.89823E-1 7.79088E-1 7.74654E-1 7.77361E-1 7.77009E-1 7.68763E-1 7.70062E-1 7.75633E-1 7.80854E-1 7.8514E-1 7.76657E-1 7.72863E-1 7.70616E-1 7.65876E-1 7.62683E-1
5.54684E-1 5.46634E-1 5.50623E-1 5.6056E-1 5.61719E-1 5.64769E-1 5.72038E-1 5.75579E-1 5.80985E-1 5.87953E-1 5.96006E-1 6.0852E-1 6.1518E-1 6.23083E-1 6.35843E-1 6.40368E-1 6.34922E-1 6.37871E-1 6.45758E-1 6.55975E-1 6.74844E-1 6.79219E-1 6.843E-1 6.95354E-1 7.04234E-1 7.14078E-1 7.29515E-1 7.33293E-1 7.51202E-1 7.61241E-1 7.7155E-1 7.75791E-1 7.86301E-1 8.0006E-1 8.06772E-1 8.10693E-1 8.05694E-1 8.0423E-1 8.00503E-1 7.9262E-1 7.90031E-1 7.96774E-1 7.99943E-1 8.0024E-1 8.07683E-1 7.97289E-1 7.89201E-1 7.82012E-1 7.71995E-1 7.72572E-1 7.81972E-1 7.72526E-1 7.71327E-1 7.74884E-1 7.79962E-1 7.79795E-1 7.69244E-1 7.71376E-1 7.72272E-1 7.71089E-1 7.68228E-1
5.67321E-1 5.65939E-1 5.7384E-1 5.78342E-1 5.79513E-1 5.91177E-1 6.00482E-1 5.93624E-1 5.91263E-1 5.92736E-1 6.00712E-1 6.22869E-1 6.35353E-1 6.37543E-1 6.45154E-1 6.57507E-1 6.63871E-1 6.58529E-1 6.53983E-1 6.67103E-1 6.85419E-1 6.91688E-1 6.86033E-1 7.06156E-1 7.07092E-1 7.14037E-1 7.21673E-1 7.34748E-1 7.59638E-1 7.67018E-1 7.73299E-1 7.85633E-1 7.93882E-1 8.0276E-1 8.06375E-1 8.08131E-1 8.05935E-1 8.03127E-1 8.00704E-1 7.98613E-1 7.95628E-1 7.97704E-1 7.99324E-1 8.00821E-1 8.04064E-1 7.95668E-1 7.89116E-1 7.85378E-1 7.74312E-1 7.78307E-1 7.82482E-1 7.73152E-1 7.76141E-1 7.75766E-1 7.75212E-1 7.73252E-1 7.6878E-1 7.73346E-1 7.7365E-1 7.71981E-1 7.71813E-1
5.73354E-1 5.70958E-1 5.85084E-1 5.96731E-1 5.92744E-1 5.97465E-1 6.06335E-1 6.06023E-1 5.99976E-1 5.98177E-1 6.02682E-1 6.19229E-1 6.51518E-1 6.52041E-1 6.52968E-1 6.65622E-1 6.75306E-1 6.69267E-1 6.70253E-1 6.75881E-1 6.85087E-1 6.882E-1 6.86766E-1 6.99637E-1 7.04597E-1 7.16514E-1 7.29994E-1 7.48931E-1 7.64175E-1 7.85882E-1 7.82729E-1 7.91879E-1 8.10715E-1 8.10083E-1 8.08625E-1 8.05834E-1 8.00624E-1 7.99505E-1 7.96694E-1 7.97758E-1 7.92928E-1 7.96114E-1 8.1018E-1 7.99341E-1 7.99802E-1 8.0005E-1 7.92168E-1 7.85202E-1 7.79352E-1 7.83521E-1 7.87713E-1 7.80664E-1 7.79731E-1 7.78703E-1 7.78334E-1 7.72403E-1 7.79174E-1 7.75884E-1 7.78932E-1 7.77985E-1 7.7604E-1
5.85279E-1 5.87576E-1 5.97269E-1 5.97012E-1 5.93545E-1 5.99508E-1 6.07247E-1 6.11804E-1 6.00396E-1 6.00311E-1 6.02494E-1 6.06934E-1 6.24853E-1 6.31278E-1 6.44648E-1 6.56845E-1 6.62196E-1 6.74795E-1 6.80193E-1 6.86118E-1 6.89246E-1 6.88881E-1 6.90448E-1 6.99631E-1 7.11047E-1 7.2002E-1 7.33675E-1 7.54935E-1 7.75033E-1 7.81049E-1 7.87899E-1 7.92125E-1 7.96493E-1 8.04688E-1 8.03681E-1 7.94597E-1 7.88399E-1 7.93104E-1 7.90077E-1 7.90424E-1 7.88926E-1 7.94015E-1 8.0179E-1 8.07266E-1 8.01962E-1 8.04726E-1 7.96572E-1 7.86275E-1 7.8593E-1 7.85498E-1 7.89352E-1 7.85638E-1 7.85404E-1 7.80979E-1 7.79757E-1 7.8208E-1 7.8639E-1 7.92398E-1 7.8445E-1 7.84523E-1 7.81451E-1
5.87989E-1 6.03345E-1 5.99312E-1 5.90255E-1 5.86399E-1 5.98296E-1 6.0887E-1 6.02786E-1 5.99692E-1 5.96018E-1 6.03916E-1 6.02891E-1 6.08931E-1 6.21402E-1 6.35086E-1 6.48704E-1 6.56915E-1 6.69428E-1 6.8634E-1 7.02369E-1 7.03711E-1 6.97361E-1 6.98071E-1 7.07485E-1 7.1642E-1 7.28426E-1 7.38046E-1 7.56225E-1 7.77415E-1 7.86931E-1 7.87733E-1 7.84135E-1 7.85706E-1 7.87281E-1 7.91182E-1 7.75014E-1 7.83875E-1 7.82539E-1 7.87346E-1 7.87424E-1 7.88381E-1 7.94492E-1 8.01267E-1 8.05893E-1 8.02573E-1 8.11497E-1 8.02745E-1 7.95127E-1 7.93756E-1 7.91194E-1 7.89224E-1 7.95004E-1 7.86815E-1 7.86326E-1 7.84555E-1 7.95912E-1 8.11105E-1 7.92346E-1 7.88426E-1 7.9207E-1 7.89358E-1
5.83656E-1 5.99726E-1 5.90676E-1 5.82531E-1 5.86398E-1 5.87792E-1 5.94873E-1 5.94289E-1 6.02279E-1 5.99312E-1 6.01863E-1 6.02198E-1 6.11737E-1 6.25966E-1 6.38505E-1 6.48572E-1 6.52526E-1 6.6868E-1 6.91187E-1 7.09697E-1 7.22961E-1 7.13238E-1 7.16521E-1 7.22711E-1 7.36776E-1 7.37147E-1 7.43842E-1 7.52311E-1 7.66923E-1 7.86938E-1 7.80918E-1 7.8343E-1 7.79615E-1 7.7576E-1 7.68669E-1 7.69135E-1 7.76785E-1 7.77553E-1 7.88123E-1 7.92235E-1 8.00774E-1 8.06201E-1 8.08495E-1 8.09004E-1 8.14214E-1 8.17762E-1 8.11033E-1 8.0105E-1 7.9974E-1 7.92728E-1 7.94302E-1 7.96534E-1 7.91231E-1 7.89162E-1 7.92569E-1 8.02273E-1 7.99244E-1 7.93562E-1 7.91486E-1 7.97885E-1 7.94997E-1
5.77829E-1 5.8212E-1 5.86254E-1 5.86246E-1 5.93754E-1 5.973E-1 6.01473E-1 5.99417E-1 6.05748E-1 6.06298E-1 6.04693E-1 6.14419E-1 6.34503E-1 6.39927E-1 6.45722E-1 6.45564E-1 6.48475E-1 6.69057E-1 7.0098E-1 7.14684E-1 7.20136E-1 7.26654E-1 7.30835E-1 7.34328E-1 7.43845E-1 7.38339E-1 7.40415E-1 7.50055E-1 7.64018E-1 7.68892E-1 7.78762E-1 7.79564E-1 7.75933E-1 7.70809E-1 7.64438E-1 7.66359E-1 7.74418E-1 7.84219E-1 7.91834E-1 8.06306E-1 8.10416E-1 8.10362E-1 8.09994E-1 8.10001E-1 8.18827E-1 8.23254E-1 8.16776E-1 8.0839E-1 8.04019E-1 7.9873E-1 8.06859E-1 8.00585E-1 8.00161E-1 7.99272E-1 8.02737E-1 8.03876E-1 8.01433E-1 7.9259E-1 7.95932E-1 8.00575E-1 7.95503E-1
5.76417E-1 5.87784E-1 5.97478E-1 5.98713E-1 6.08369E-1 6.12333E-1 6.12967E-1 6.15272E-1 6.17127E-1 6.21251E-1 6.22826E-1 6.32261E-1 6.57544E-1 6.58216E-1 6.5711E-1 6.51525E-1 6.53172E-1 6.70571E-1 7.01116E-1 7.17845E-1 7.27765E-1 7.35892E-1 7.40118E-1 7.41697E-1 7.45454E-1 7.49585E-1 7.4659E-1 7.5503E-1 7.62475E-1 7.6901E-1 7.74704E-1 7.76797E-1 7.76944E-1 7.82526E-1 7.68375E-1 7.73545E-1 7.81125E-1 7.89505E-1 8.04178E-1 8.12834E-1 8.13626E-1 8.13143E-1 8.13724E-1 8.15133E-1 8.17603E-1 8.27174E-1 8.33444E-1 8.2179E-1 8.12575E-1 8.13108E-1 8.13833E-1 8.08859E-1 8.10359E-1 8.11418E-1 8.16204E-1 8.10528E-1 8.07183E-1 8.00941E-1 7.97663E-1 7.95428E-1 7.97202E-1
5.71232E-1 5.87375E-1 5.96367E-1 6.02592E-1 6.13984E-1 6.22474E-1 6.25216E-1 6.24666E-1 6.25887E-1 6.32589E-1 6.4008E-1 6.5263E-1 6.56151E-1 6.6548E-1 6.67855E-1 6.64723E-1 6.64833E-1 6.82665E-1 7.00494E-1 7.17124E-1 7.29145E-1 7.45897E-1 7.49943E-1 7.56177E-1 7.55957E-1 7.58568E-1 7.59517E-1 7.62838E-1 7.67749E-1 7.71974E-1 7.7503E-1 7.79013E-1 7.79901E-1 7.87465E-1 7.94831E-1 7.86077E-1 7.96667E-1 7.98875E-1 8.05617E-1 8.10278E-1 8.14236E-1 8.25535E-1 8.2354E-1 8.17178E-1 8.2355E-1 8.27539E-1 8.37628E-1 8.35172E-1 8.33143E-1 8.26317E-1 8.18478E-1 8.19573E-1 8.19897E-1 8.1878E-1 8.17836E-1 8.12916E-1 8.12544E-1 8.06214E-1 8.04324E-1 8.03706E-1 8.06341E-1
5.77228E-1 5.8465E-1 5.95485E-1 6.10203E-1 6.20932E-1 6.25349E-1 6.21132E-1 6.29158E-1 6.32234E-1 6.42516E-1 6.5187E-1 6.61173E-1 6.64965E-1 6.83937E-1 6.85793E-1 6.78386E-1 6.78844E-1 6.95285E-1 7.09303E-1 7.21061E-1 7.39824E-1 7.52817E-1 7.57922E-1 7.64168E-1 7.60912E-1 7.6801E-1 7.66394E-1 7.6956E-1 7.77692E-1 7.76196E-1 7.8066E-1 7.82585E-1 7.8228E-1 7.91958E-1 8.24389E-1 8.07405E-1 8.06832E-1 8.06671E-1 8.12181E-1 8.17192E-1 8.29708E-1 8.3826E-1 8.37328E-1 8.30844E-1 8.38135E-1 8.36571E-1 8.46926E-1 8.4945E-1 8.49159E-1 8.37618E-1 8.29169E-1 8.22396E-1 8.24341E-1 8.20009E-1 8.20191E-1 8.22384E-1 8.20924E-1 8.17909E-1 8.18965E-1 8.20206E-1 8.20197E-1
