maxent_outputs/bumblebees/bombus_93.asc
ncols         426
nrows         180
xllcorner     -130.0
yllcorner     24.0
cellsize      0.16666666666666666
NODATA_value  -9999
[rows 0 to 26 of 180, columns 183 to 243 of 426]
1.74346E-1 1.63397E-1 1.65685E-1 1.70246E-1 1.66924E-1 1.63821E-1 1.66348E-1 1.90182E-1 1.93709E-1 1.89143E-1 1.7582E-1 1.72435E-1 1.63703E-1 1.60598E-1 1.64321E-1 1.63972E-1 1.6305E-1 1.60707E-1 1.59868E-1 1.63015E-1 1.74058E-1 1.67281E-1 1.61082E-1 1.62554E-1 1.61529E-1 1.62266E-1 1.62731E-1 1.67926E-1 1.7439E-1 1.67809E-1 1.62646E-1 1.60724E-1 1.611E-1 1.63003E-1 1.59707E-1 1.56171E-1 1.55174E-1 1.55423E-1 1.58227E-1 1.58108E-1 1.58096E-1 1.59791E-1 1.59273E-1 1.56037E-1 1.61706E-1 1.60097E-1 1.61256E-1 1.62567E-1 1.68627E-1 1.66866E-1 1.65094E-1 1.7133E-1 1.73776E-1 1.67967E-1 1.71767E-1 1.67503E-1 1.66883E-1 1.62186E-1 1.62075E-1 1.64468E-1 1.6291E-1
1.64065E-1 1.62697E-1 1.70262E-1 2.16335E-1 2.37362E-1 2.41868E-1 2.44896E-1 2.45264E-1 2.26847E-1 2.09188E-1 1.79049E-1 1.77219E-1 1.70373E-1 1.66072E-1 1.69077E-1 1.63117E-1 1.60283E-1 1.58426E-1 1.5706E-1 1.6153E-1 1.61511E-1 1.59972E-1 1.65673E-1 1.64284E-1 1.62904E-1 1.57416E-1 1.63231E-1 1.66701E-1 1.70239E-1 1.74536E-1 1.8155E-1 1.777E-1 1.67916E-1 1.63952E-1 1.62336E-1 1.59965E-1 1.60643E-1 1.61835E-1 1.60304E-1 1.58374E-1 1.59047E-1 1.54779E-1 1.5659E-1 1.64626E-1 1.70297E-1 1.68009E-1 1.64819E-1 1.60545E-1 1.62732E-1 1.68219E-1 1.65407E-1 1.68757E-1 1.67578E-1 1.63428E-1 1.68152E-1 1.73993E-1 1.98918E-1 2.04356E-1 1.91748E-1 1.71142E-1 1.71013E-1
1.595E-1 1.62104E-1 1.88606E-1 2.4212E-1 2.44307E-1 2.4351E-1 2.51402E-1 2.53816E-1 2.58211E-1 2.54552E-1 2.09258E-1 1.79246E-1 1.77947E-1 1.68255E-1 1.65145E-1 1.6323E-1 1.60384E-1 1.60474E-1 1.61909E-1 1.66853E-1 1.61872E-1 1.56095E-1 1.55878E-1 1.59417E-1 1.63066E-1 1.5751E-1 1.6044E-1 1.60116E-1 1.60338E-1 1.57985E-1 1.59907E-1 1.58222E-1 1.59315E-1 1.5701E-1 1.5919E-1 1.61102E-1 1.59525E-1 1.61221E-1 1.61292E-1 1.586E-1 1.58489E-1 1.56996E-1 1.53599E-1 1.51376E-1 1.53457E-1 1.5495E-1 1.57003E-1 1.57759E-1 1.62707E-1 1.63123E-1 1.70243E-1 1.65586E-1 1.60855E-1 1.58539E-1 1.60458E-1 1.63238E-1 1.62419E-1 1.65593E-1 1.6398E-1 1.63798E-1 1.62988E-1
1.64317E-1 1.75206E-1 2.15735E-1 2.47242E-1 2.46099E-1 2.44797E-1 2.47345E-1 2.48847E-1 2.54963E-1 2.61168E-1 2.54423E-1 1.90324E-1 1.85965E-1 1.72492E-1 1.70922E-1 1.63928E-1 1.64762E-1 1.64501E-1 1.63253E-1 1.61332E-1 1.66709E-1 1.58837E-1 1.55537E-1 1.56218E-1 1.55567E-1 1.59512E-1 1.58937E-1 1.54502E-1 1.54765E-1 1.54076E-1 1.55569E-1 1.60161E-1 1.57275E-1 1.55435E-1 1.5414E-1 1.55996E-1 1.57905E-1 1.55443E-1 1.54426E-1 1.56198E-1 1.5634E-1 1.52644E-1 1.51673E-1 1.50038E-1 1.48974E-1 1.50004E-1 1.62499E-1 1.60475E-1 1.60713E-1 1.63868E-1 1.65254E-1 1.72307E-1 1.64462E-1 1.59144E-1 1.6071E-1 1.58665E-1 1.589E-1 1.59382E-1 1.64404E-1 1.59975E-1 1.634E-1
1.89091E-1 1.98718E-1 2.31641E-1 2.44503E-1 2.45392E-1 2.47729E-1 2.49277E-1 2.52762E-1 2.55297E-1 2.59431E-1 2.58171E-1 2.30302E-1 1.93931E-1 1.71416E-1 1.6234E-1 1.66554E-1 1.64035E-1 1.60443E-1 1.61015E-1 1.60402E-1 1.58571E-1 1.58855E-1 1.60293E-1 1.56622E-1 1.53063E-1 1.54941E-1 1.53276E-1 1.56886E-1 1.58082E-1 1.56475E-1 1.56738E-1 1.57084E-1 1.55415E-1 1.56599E-1 1.5957E-1 1.62316E-1 1.56773E-1 1.53277E-1 1.50208E-1 1.52068E-1 1.54442E-1 1.54984E-1 1.55384E-1 1.55009E-1 1.55545E-1 1.56954E-1 1.51233E-1 1.53134E-1 1.5701E-1 1.57633E-1 1.57959E-1 1.62115E-1 1.5882E-1 1.57113E-1 1.57114E-1 1.59142E-1 1.5882E-1 1.61703E-1 1.6239E-1 1.58859E-1 1.58647E-1
1.87947E-1 1.856E-1 1.97959E-1 2.21199E-1 2.20003E-1 2.23256E-1 2.4385E-1 2.53258E-1 2.53202E-1 2.5743E-1 2.58842E-1 2.53245E-1 2.16686E-1 1.75715E-1 1.70841E-1 1.65466E-1 1.64951E-1 1.63265E-1 1.60012E-1 1.59549E-1 1.63848E-1 1.58228E-1 1.55678E-1 1.58774E-1 1.59042E-1 1.60989E-1 1.6293E-1 1.64173E-1 1.59377E-1 1.59795E-1 1.60205E-1 1.57452E-1 1.56485E-1 1.57447E-1 1.56244E-1 1.65558E-1 1.70578E-1 1.64991E-1 1.70366E-1 1.70174E-1 1.73244E-1 1.68683E-1 1.5776E-1 1.57092E-1 1.56251E-1 1.61873E-1 1.53581E-1 1.52925E-1 1.57579E-1 1.61471E-1 1.61348E-1 1.61447E-1 1.57291E-1 1.54284E-1 1.54171E-1 1.53312E-1 1.58252E-1 1.66059E-1 1.66682E-1 1.62544E-1 1.6569E-1
1.84595E-1 1.77122E-1 1.75654E-1 1.87367E-1 2.18216E-1 2.34276E-1 2.48176E-1 2.52673E-1 2.54154E-1 2.579E-1 2.60511E-1 2.56671E-1 2.19457E-1 1.86164E-1 1.81172E-1 1.71393E-1 1.65766E-1 1.65279E-1 1.65905E-1 1.63155E-1 1.64644E-1 1.63065E-1 1.57785E-1 1.59478E-1 1.60259E-1 1.63413E-1 1.60739E-1 1.62362E-1 1.59551E-1 1.57985E-1 1.56887E-1 1.57669E-1 1.59637E-1 1.64521E-1 1.59249E-1 1.64214E-1 1.67632E-1 1.61359E-1 1.63821E-1 1.63631E-1 1.64873E-1 1.60795E-1 1.55468E-1 1.57402E-1 1.63874E-1 1.67463E-1 1.66564E-1 1.61003E-1 1.68033E-1 1.63783E-1 1.63492E-1 1.65765E-1 1.64879E-1 1.54965E-1 1.53206E-1 1.53939E-1 1.56251E-1 1.65712E-1 1.67426E-1 1.68479E-1 1.72372E-1
1.91041E-1 1.78837E-1 1.79346E-1 1.90259E-1 2.2564E-1 2.45615E-1 2.46096E-1 2.49769E-1 2.52457E-1 2.53663E-1 2.54688E-1 2.56339E-1 2.4591E-1 1.94491E-1 1.79562E-1 1.75724E-1 1.76939E-1 1.84596E-1 1.76649E-1 1.72483E-1 1.66976E-1 1.65009E-1 1.62007E-1 1.59876E-1 1.5928E-1 1.65343E-1 1.60317E-1 1.60341E-1 1.61067E-1 1.61007E-1 1.58745E-1 1.56668E-1 1.58317E-1 1.603E-1 1.59658E-1 1.60085E-1 1.60691E-1 1.58137E-1 1.55411E-1 1.54547E-1 1.57222E-1 1.61541E-1 1.5852E-1 1.55504E-1 1.56595E-1 1.56677E-1 1.54139E-1 1.53622E-1 1.60735E-1 1.59316E-1 1.58295E-1 1.67564E-1 1.69602E-1 1.68154E-1 1.56032E-1 1.5567E-1 1.60272E-1 1.5971E-1 1.59117E-1 1.60011E-1 1.59461E-1
1.91866E-1 1.83295E-1 1.81789E-1 1.86798E-1 1.87528E-1 2.13394E-1 2.41546E-1 2.46696E-1 2.47971E-1 2.46263E-1 2.52566E-1 2.52241E-1 2.46565E-1 2.36162E-1 1.89181E-1 1.75777E-1 1.79045E-1 1.73687E-1 1.78535E-1 1.79282E-1 1.7579E-1 1.70032E-1 1.6649E-1 1.63052E-1 1.65495E-1 1.62551E-1 1.60718E-1 1.61923E-1 1.58023E-1 1.59016E-1 1.62314E-1 1.60385E-1 1.63475E-1 1.5927E-1 1.5942E-1 1.57388E-1 1.59297E-1 1.6191E-1 1.62071E-1 1.60745E-1 1.56504E-1 1.58247E-1 1.6042E-1 1.59093E-1 1.54204E-1 1.53125E-1 1.52493E-1 1.66803E-1 1.62234E-1 1.56913E-1 1.54883E-1 1.55312E-1 1.53346E-1 1.53085E-1 1.59627E-1 1.59666E-1 1.5867E-1 1.55071E-1 1.5746E-1 1.56396E-1 1.54616E-1
1.94815E-1 1.82858E-1 1.81556E-1 1.80997E-1 1.82075E-1 1.82369E-1 2.16958E-1 2.39716E-1 2.26961E-1 2.19385E-1 2.48263E-1 2.44007E-1 2.38741E-1 2.29904E-1 2.09819E-1 1.80242E-1 1.79772E-1 1.7461E-1 1.73364E-1 1.69493E-1 1.68667E-1 1.68235E-1 1.66149E-1 1.644E-1 1.67454E-1 1.65288E-1 1.60594E-1 1.60087E-1 1.57089E-1 1.56065E-1 1.58393E-1 1.58013E-1 1.56672E-1 1.54703E-1 1.59093E-1 1.62379E-1 1.60278E-1 1.59392E-1 1.61292E-1 1.59658E-1 1.56168E-1 1.56259E-1 1.57388E-1 1.59055E-1 1.55135E-1 1.52708E-1 1.51767E-1 1.56711E-1 1.50921E-1 1.49532E-1 1.49431E-1 1.48569E-1 1.50314E-1 1.51717E-1 1.51265E-1 1.54116E-1 1.5609E-1 1.53481E-1 1.52648E-1 1.52831E-1 1.58913E-1
1.8866E-1 1.80619E-1 1.78146E-1 1.83392E-1 1.827E-1 1.82108E-1 1.83776E-1 1.9691E-1 2.32454E-1 2.30218E-1 2.3787E-1 2.37583E-1 2.32915E-1 2.1613E-1 2.12019E-1 1.80275E-1 1.80113E-1 1.76206E-1 1.7612E-1 1.72246E-1 1.71341E-1 1.69852E-1 1.65524E-1 1.63761E-1 1.68795E-1 1.66602E-1 1.63325E-1 1.65423E-1 1.57071E-1 1.61843E-1 1.63884E-1 1.6124E-1 1.5715E-1 1.5459E-1 1.60798E-1 1.57319E-1 1.54696E-1 1.50975E-1 1.53848E-1 1.54817E-1 1.62663E-1 1.58647E-1 1.5134E-1 1.49823E-1 1.48776E-1 1.47864E-1 1.47918E-1 1.48864E-1 1.45848E-1 1.45315E-1 1.48712E-1 1.46478E-1 1.48432E-1 1.47448E-1 1.48682E-1 1.50326E-1 1.52791E-1 1.53273E-1 1.5162E-1 1.51457E-1 1.55086E-1
1.86424E-1 1.83344E-1 1.8494E-1 1.86226E-1 1.8567E-1 1.84434E-1 1.85892E-1 1.87438E-1 2.02829E-1 2.34396E-1 2.0976E-1 2.02108E-1 2.17268E-1 2.29255E-1 2.25526E-1 1.91637E-1 1.80901E-1 1.78196E-1 1.77301E-1 1.73504E-1 1.71232E-1 1.72197E-1 1.70096E-1 1.73833E-1 1.79124E-1 1.76533E-1 1.7098E-1 1.68508E-1 1.69426E-1 1.69772E-1 1.6881E-1 1.69385E-1 1.68773E-1 1.63396E-1 1.6164E-1 1.52254E-1 1.49621E-1 1.54124E-1 1.52402E-1 1.53209E-1 1.54402E-1 1.51541E-1 1.48302E-1 1.48207E-1 1.50431E-1 1.48493E-1 1.45306E-1 1.46523E-1 1.49472E-1 1.48449E-1 1.50902E-1 1.48895E-1 1.45077E-1 1.45917E-1 1.4712E-1 1.498E-1 1.51781E-1 1.5327E-1 1.53348E-1 1.55121E-1 1.56823E-1
1.85815E-1 1.88661E-1 1.85903E-1 1.84552E-1 1.82545E-1 1.85632E-1 1.87988E-1 1.83717E-1 1.8812E-1 2.02066E-1 1.91611E-1 1.94161E-1 1.87171E-1 2.13811E-1 2.27319E-1 2.17927E-1 1.8623E-1 1.80118E-1 1.75576E-1 1.70568E-1 1.72725E-1 1.74207E-1 1.7461E-1 1.75503E-1 1.81369E-1 1.69098E-1 1.71167E-1 1.65486E-1 1.67021E-1 1.66116E-1 1.67003E-1 1.67859E-1 1.707E-1 1.66309E-1 1.62189E-1 1.54158E-1 1.55896E-1 1.58058E-1 1.56162E-1 1.5777E-1 1.55935E-1 1.54184E-1 1.50164E-1 1.47221E-1 1.48919E-1 1.52325E-1 1.46239E-1 1.45795E-1 1.54294E-1 1.52127E-1 1.55867E-1 1.51327E-1 1.48229E-1 1.45138E-1 1.48149E-1 1.51201E-1 1.5388E-1 1.51834E-1 1.52686E-1 1.5349E-1 1.58533E-1
2.00742E-1 1.91508E-1 1.88747E-1 1.86147E-1 1.80786E-1 1.82811E-1 1.93515E-1 1.90211E-1 1.78181E-1 1.75344E-1 1.84359E-1 1.87726E-1 2.04625E-1 2.09611E-1 2.174E-1 2.0968E-1 2.02971E-1 1.8354E-1 1.77006E-1 1.76668E-1 1.75934E-1 1.7421E-1 1.74365E-1 1.77152E-1 1.71655E-1 1.72751E-1 1.66665E-1 1.69419E-1 1.68942E-1 1.71806E-1 1.68219E-1 1.67971E-1 1.71582E-1 1.70806E-1 1.7118E-1 1.65568E-1 1.6525E-1 1.64733E-1 1.65675E-1 1.65335E-1 1.63054E-1 1.55659E-1 1.50449E-1 1.51037E-1 1.56711E-1 1.62168E-1 1.56944E-1 1.54902E-1 1.5431E-1 1.56528E-1 1.60056E-1 1.55546E-1 1.58441E-1 1.52654E-1 1.5308E-1 1.55294E-1 1.50061E-1 1.54629E-1 1.58838E-1 1.555E-1 1.60228E-1
1.94948E-1 1.94971E-1 1.99782E-1 1.97746E-1 1.90129E-1 1.91952E-1 1.83666E-1 1.68409E-1 1.73177E-1 1.79462E-1 1.85933E-1 1.87358E-1 1.92147E-1 2.10994E-1 1.98666E-1 1.84395E-1 2.03241E-1 1.95175E-1 1.79325E-1 1.77513E-1 1.76667E-1 1.76326E-1 1.75364E-1 1.76693E-1 1.70017E-1 1.70947E-1 1.68277E-1 1.68035E-1 1.69332E-1 1.6947E-1 1.6805E-1 1.67329E-1 1.67519E-1 1.6757E-1 1.66532E-1 1.65595E-1 1.63356E-1 1.63765E-1 1.63332E-1 1.62667E-1 1.61016E-1 1.5911E-1 1.54476E-1 1.55655E-1 1.60033E-1 1.67954E-1 1.56796E-1 1.58869E-1 1.59712E-1 1.5589E-1 1.58606E-1 1.58679E-1 1.57955E-1 1.57613E-1 1.56673E-1 1.54577E-1 1.54573E-1 1.54197E-1 1.52245E-1 1.53694E-1 1.55424E-1
1.79676E-1 1.85706E-1 2.01516E-1 1.98134E-1 1.84391E-1 1.68632E-1 1.70449E-1 1.69455E-1 1.79164E-1 1.86335E-1 1.88886E-1 1.79435E-1 1.83769E-1 1.95345E-1 1.82743E-1 1.92595E-1 2.13779E-1 2.17069E-1 1.8615E-1 1.76981E-1 1.72775E-1 1.71618E-1 1.6974E-1 1.70557E-1 1.70595E-1 1.69118E-1 1.69481E-1 1.74967E-1 1.76026E-1 1.7089E-1 1.68404E-1 1.6427E-1 1.65971E-1 1.59206E-1 1.63031E-1 1.63387E-1 1.65731E-1 1.65088E-1 1.61603E-1 1.60303E-1 1.58843E-1 1.66704E-1 1.71466E-1 1.68267E-1 1.62982E-1 1.71392E-1 1.64728E-1 1.61632E-1 1.6396E-1 1.63523E-1 1.64863E-1 1.61536E-1 1.58018E-1 1.58241E-1 1.57029E-1 1.56758E-1 1.53131E-1 1.52894E-1 1.53316E-1 1.55271E-1 1.59463E-1
1.74001E-1 1.83043E-1 1.91937E-1 2.02696E-1 2.00097E-1 1.85948E-1 1.63813E-1 1.69105E-1 1.80492E-1 1.7828E-1 1.73855E-1 1.7483E-1 1.79043E-1 1.84602E-1 1.78294E-1 2.0205E-1 2.01033E-1 2.14821E-1 2.04826E-1 1.82426E-1 1.74591E-1 1.71511E-1 1.71125E-1 1.71624E-1 1.74384E-1 1.7132E-1 1.73282E-1 1.76341E-1 1.77335E-1 1.72678E-1 1.71173E-1 1.68352E-1 1.67128E-1 1.66679E-1 1.64516E-1 1.64374E-1 1.83872E-1 1.89366E-1 1.71562E-1 1.66842E-1 1.70142E-1 1.67627E-1 1.67431E-1 1.69832E-1 1.71058E-1 1.73598E-1 1.74699E-1 1.71692E-1 1.67524E-1 1.65245E-1 1.61759E-1 1.63255E-1 1.65455E-1 1.62198E-1 1.60117E-1 1.61383E-1 1.59604E-1 1.59308E-1 1.60431E-1 1.63806E-1 1.62366E-1
1.76429E-1 1.80404E-1 1.88487E-1 1.9966E-1 2.00729E-1 1.91584E-1 1.76621E-1 1.70203E-1 1.80863E-1 1.82264E-1 1.6896E-1 1.6762E-1 1.68659E-1 1.72976E-1 1.7098E-1 1.89444E-1 2.0535E-1 2.22255E-1 2.04263E-1 1.77766E-1 1.75314E-1 1.76471E-1 1.75064E-1 1.728E-1 1.72246E-1 1.7186E-1 1.76963E-1 1.74852E-1 1.73028E-1 1.71872E-1 1.70588E-1 1.71327E-1 1.7328E-1 1.78371E-1 1.7505E-1 1.69229E-1 1.76484E-1 1.81775E-1 1.73453E-1 1.69605E-1 1.75078E-1 1.71708E-1 1.69678E-1 1.68297E-1 1.71107E-1 1.67491E-1 1.68835E-1 1.77017E-1 1.76252E-1 1.70009E-1 1.61673E-1 1.65238E-1 1.75979E-1 1.76742E-1 1.72158E-1 1.68726E-1 1.64583E-1 1.63784E-1 1.65933E-1 1.6566E-1 1.6484E-1
1.7915E-1 1.87231E-1 1.9127E-1 1.94422E-1 2.02495E-1 1.98022E-1 1.87046E-1 1.74868E-1 1.74084E-1 1.74836E-1 1.74628E-1 1.72644E-1 1.69852E-1 1.71266E-1 1.71743E-1 2.12091E-1 2.24551E-1 2.30624E-1 2.13978E-1 1.81306E-1 1.84406E-1 1.7842E-1 1.74512E-1 1.74841E-1 1.70496E-1 1.74963E-1 1.73576E-1 1.72881E-1 1.70486E-1 1.70889E-1 1.63389E-1 1.65781E-1 1.73731E-1 1.72258E-1 1.78083E-1 1.78887E-1 1.76787E-1 1.73644E-1 1.73519E-1 1.70844E-1 1.6756E-1 1.6896E-1 1.66007E-1 1.66308E-1 1.64889E-1 1.70017E-1 1.69195E-1 1.6596E-1 1.68028E-1 1.66851E-1 1.6939E-1 1.74788E-1 1.69299E-1 1.66475E-1 1.69834E-1 1.73456E-1 1.67623E-1 1.65658E-1 1.6957E-1 1.70466E-1 1.71427E-1
1.80965E-1 1.81923E-1 1.8703E-1 1.86002E-1 1.97643E-1 2.12449E-1 2.11862E-1 1.91347E-1 1.80892E-1 1.79709E-1 1.83737E-1 1.74255E-1 1.75807E-1 1.72274E-1 1.77798E-1 2.14293E-1 2.25839E-1 2.21436E-1 2.14636E-1 1.90479E-1 1.88197E-1 1.78484E-1 1.74354E-1 1.73833E-1 1.72192E-1 1.74202E-1 1.73063E-1 1.73769E-1 1.69394E-1 1.72977E-1 1.74606E-1 1.77299E-1 1.77759E-1 1.72125E-1 1.71237E-1 1.83472E-1 1.88239E-1 1.82927E-1 1.79431E-1 1.78324E-1 1.73294E-1 1.70121E-1 1.62405E-1 1.68688E-1 1.74151E-1 1.75674E-1 1.72598E-1 1.74587E-1 1.73121E-1 1.77042E-1 1.7546E-1 1.75366E-1 1.72197E-1 1.7355E-1 1.72017E-1 1.70484E-1 1.68785E-1 1.67863E-1 1.73547E-1 1.74856E-1 1.7549E-1
1.81073E-1 1.83475E-1 1.84314E-1 1.85671E-1 1.86769E-1 2.08408E-1 2.1725E-1 2.15925E-1 1.97191E-1 1.8538E-1 1.82619E-1 1.76122E-1 1.76876E-1 1.67643E-1 1.72435E-1 2.09936E-1 2.18583E-1 2.03427E-1 1.95596E-1 1.91389E-1 1.89193E-1 1.84418E-1 1.77845E-1 1.73213E-1 1.68953E-1 1.7058E-1 1.74929E-1 1.75353E-1 1.69079E-1 1.72724E-1 1.8056E-1 1.71929E-1 1.7208E-1 1.785E-1 1.82089E-1 1.88545E-1 1.90765E-1 1.90181E-1 1.96499E-1 1.86738E-1 1.8367E-1 1.7655E-1 1.77528E-1 1.74515E-1 1.79608E-1 1.82959E-1 1.77344E-1 1.72829E-1 1.73443E-1 1.77293E-1 1.77991E-1 1.76924E-1 1.74357E-1 1.73511E-1 1.76729E-1 1.69805E-1 1.70399E-1 1.73203E-1 1.7593E-1 1.7753E-1 1.80608E-1
1.76088E-1 1.8548E-1 1.86445E-1 1.92175E-1 1.94313E-1 2.0353E-1 2.18099E-1 2.17907E-1 2.15562E-1 1.9019E-1 1.84241E-1 1.85917E-1 1.73674E-1 1.67849E-1 1.66298E-1 1.9439E-1 2.0613E-1 1.93503E-1 1.7806E-1 1.7934E-1 1.84575E-1 1.91532E-1 1.80535E-1 1.74487E-1 1.77083E-1 1.79028E-1 1.7393E-1 1.77743E-1 1.82234E-1 1.8315E-1 1.86163E-1 1.80272E-1 1.83026E-1 1.93305E-1 1.94123E-1 1.86736E-1 1.9281E-1 1.96985E-1 1.95555E-1 2.08154E-1 2.04067E-1 1.94952E-1 1.88219E-1 1.88906E-1 1.94321E-1 1.93511E-1 1.79698E-1 1.81898E-1 1.80026E-1 1.79108E-1 1.75896E-1 1.7613E-1 1.73257E-1 1.73965E-1 1.78975E-1 1.72778E-1 1.7425E-1 1.7584E-1 1.76641E-1 1.79307E-1 1.81602E-1
1.71157E-1 1.83595E-1 1.87712E-1 1.89571E-1 1.90869E-1 1.98115E-1 2.11234E-1 2.1315E-1 2.00739E-1 1.84177E-1 1.79661E-1 1.76082E-1 1.67487E-1 1.63677E-1 1.60685E-1 1.68488E-1 1.71955E-1 1.75181E-1 1.68091E-1 1.78657E-1 1.80534E-1 1.83939E-1 1.83545E-1 1.7987E-1 1.80315E-1 1.84362E-1 1.88517E-1 1.89404E-1 1.86478E-1 1.83314E-1 1.94573E-1 1.89874E-1 1.96128E-1 1.94755E-1 1.89756E-1 1.86435E-1 1.90262E-1 1.95338E-1 1.97332E-1 1.93481E-1 1.98302E-1 2.01789E-1 2.02879E-1 2.00571E-1 1.96449E-1 1.8941E-1 1.87651E-1 1.85735E-1 1.85194E-1 1.81909E-1 1.78297E-1 1.74169E-1 1.74604E-1 1.71966E-1 1.76001E-1 1.77842E-1 1.75065E-1 1.73234E-1 1.74619E-1 1.79355E-1 1.83618E-1
1.6382E-1 1.77783E-1 1.88017E-1 1.89582E-1 1.87937E-1 1.83334E-1 1.81193E-1 1.8083E-1 1.80883E-1 1.79499E-1 1.78346E-1 1.70222E-1 1.65177E-1 1.64614E-1 1.63327E-1 1.6785E-1 1.6635E-1 1.69181E-1 1.72765E-1 1.83E-1 1.82002E-1 1.82357E-1 1.84106E-1 1.79707E-1 1.78176E-1 1.84444E-1 1.83352E-1 1.88621E-1 1.89224E-1 1.90226E-1 1.81362E-1 1.84999E-1 1.90699E-1 1.86861E-1 1.9625E-1 1.98557E-1 1.9107E-1 1.88753E-1 1.86429E-1 1.81851E-1 1.82002E-1 1.83914E-1 1.87539E-1 2.02909E-1 2.02667E-1 1.99275E-1 1.90168E-1 1.89156E-1 1.84291E-1 1.88648E-1 1.81328E-1 1.79636E-1 1.87605E-1 1.82806E-1 1.80556E-1 1.83847E-1 1.78221E-1 1.702E-1 1.71283E-1 1.76343E-1 1.81852E-1
1.72075E-1 1.75572E-1 1.81338E-1 1.85887E-1 1.85334E-1 1.84266E-1 1.84455E-1 1.85771E-1 1.82666E-1 1.76858E-1 1.79252E-1 1.77389E-1 1.72556E-1 1.75294E-1 1.78871E-1 1.74827E-1 1.73902E-1 1.77279E-1 1.82293E-1 1.85824E-1 1.83551E-1 1.83327E-1 1.83764E-1 1.8079E-1 1.77234E-1 1.76246E-1 1.77879E-1 1.81611E-1 1.84626E-1 1.91718E-1 1.85958E-1 1.85942E-1 1.85068E-1 1.87904E-1 1.89646E-1 1.9283E-1 1.8951E-1 1.89776E-1 1.88141E-1 1.87882E-1 1.84574E-1 1.90419E-1 1.89858E-1 1.99159E-1 2.0602E-1 2.02509E-1 1.94411E-1 1.85084E-1 1.87344E-1 1.88918E-1 1.96391E-1 1.87478E-1 1.79769E-1 1.75614E-1 1.76313E-1 1.7436E-1 1.73329E-1 1.74543E-1 1.7268E-1 1.82039E-1 1.9845E-1
1.7512E-1 1.81956E-1 1.83161E-1 1.82956E-1 1.82006E-1 1.86397E-1 1.89838E-1 1.89537E-1 1.91875E-1 1.84389E-1 1.8055E-1 1.81058E-1 1.79342E-1 1.77914E-1 1.77229E-1 1.73668E-1 1.71802E-1 1.75083E-1 1.86738E-1 1.88972E-1 1.86672E-1 1.83753E-1 1.81615E-1 1.74916E-1 1.7402E-1 1.77118E-1 1.76496E-1 1.78183E-1 1.87107E-1 1.9084E-1 1.95156E-1 1.90986E-1 1.89606E-1 1.90273E-1 1.91897E-1 1.94356E-1 1.97516E-1 2.01486E-1 2.01571E-1 1.90158E-1 2.01945E-1 1.96024E-1 1.91039E-1 1.88726E-1 1.93032E-1 2.00991E-1 1.95235E-1 1.89157E-1 1.91681E-1 1.83787E-1 1.81335E-1 1.82362E-1 1.79076E-1 1.81359E-1 1.83298E-1 1.76737E-1 1.75241E-1 1.73968E-1 1.79502E-1 1.83004E-1 1.92361E-1
1.75045E-1 1.78563E-1 1.73778E-1 1.76357E-1 1.74285E-1 1.75661E-1 1.87559E-1 1.92097E-1 1.93757E-1 1.93996E-1 1.84361E-1 1.8537E-1 1.83195E-1 1.77292E-1 1.72413E-1 1.72287E-1 1.75253E-1 1.75691E-1 1.85598E-1 1.8814E-1 1.86421E-1 1.84793E-1 1.79893E-1 1.7589E-1 1.72848E-1 1.74405E-1 1.90128E-1 1.90358E-1 1.87636E-1 1.98708E-1 2.02969E-1 1.9301E-1 1.88716E-1 1.93803E-1 1.96805E-1 1.92379E-1 1.91408E-1 1.9462E-1 1.973E-1 1.91599E-1 1.91547E-1 2.03302E-1 1.94975E-1 1.88381E-1 1.898E-1 1.99122E-1 2.11755E-1 2.06717E-1 1.91312E-1 1.87548E-1 1.76026E-1 1.739E-1 1.73806E-1 1.74461E-1 1.75521E-1 1.73751E-1 1.6913E-1 1.72071E-1 1.78893E-1 1.83379E-1 1.86148E-1
