maxent_outputs/bumblebees/bombus_281.asc
ncols         426
nrows         180
xllcorner     -130.0
yllcorner     24.0
cellsize      0.16666666666666666
NODATA_value  -9999
[rows 54 to 80 of 180, columns 183 to 243 of 426]
2.37055E-1 2.4159E-1 2.58955E-1 2.65661E-1 2.64523E-1 2.64096E-1 2.60411E-1 2.57631E-1 2.57482E-1 2.49981E-1 2.3726E-1 2.37646E-1 2.36845E-1 2.36068E-1 2.25538E-1 2.24555E-1 2.41277E-1 2.60425E-1 2.86112E-1 2.89889E-1 2.82271E-1 2.8161E-1 2.96723E-1 3.14672E-1 3.0829E-1 3.00362E-1 2.79526E-1 2.69632E-1 2.65888E-1 2.73425E-1 2.79523E-1 2.85866E-1 2.89217E-1 2.95155E-1 2.98693E-1 3.06996E-1 3.10559E-1 3.18498E-1 3.172E-1 3.05171E-1 3.12924E-1 2.95244E-1 2.94337E-1 2.8943E-1 2.95035E-1 3.01171E-1 3.00209E-1 2.89259E-1 2.87756E-1 2.8949E-1 2.90189E-1 2.86125E-1 2.85953E-1 2.86838E-1 2.87279E-1 2.88308E-1 2.88877E-1 2.91596E-1 3.0107E-1 3.06721E-1 3.00297E-1
2.43329E-1 2.48865E-1 2.56976E-1 2.61867E-1 2.62965E-1 2.66703E-1 2.60159E-1 2.62335E-1 2.57309E-1 2.52562E-1 2.4008E-1 2.41431E-1 2.37256E-1 2.32459E-1 2.294E-1 2.30181E-1 2.36389E-1 2.49634E-1 2.7534E-1 2.93154E-1 2.93935E-1 2.92393E-1 2.98335E-1 3.12721E-1 3.17077E-1 2.98211E-1 2.84768E-1 2.70682E-1 2.75193E-1 2.86381E-1 2.87453E-1 2.83954E-1 2.8502E-1 2.91526E-1 2.92279E-1 3.00768E-1 3.12434E-1 3.11705E-1 3.09672E-1 3.19277E-1 3.17483E-1 3.10113E-1 3.02107E-1 2.99192E-1 3.04849E-1 3.09941E-1 3.14756E-1 3.07567E-1 2.99311E-1 2.96599E-1 3.03344E-1 3.07886E-1 3.04279E-1 2.98332E-1 2.93107E-1 2.96603E-1 3.01896E-1 3.09453E-1 3.17241E-1 3.20937E-1 3.19387E-1
2.49822E-1 2.52052E-1 2.57763E-1 2.60183E-1 2.65123E-1 2.67927E-1 2.67738E-1 2.65637E-1 2.66062E-1 2.57445E-1 2.47434E-1 2.42806E-1 2.40715E-1 2.38111E-1 2.42154E-1 2.35997E-1 2.32856E-1 2.38378E-1 2.53694E-1 2.6928E-1 2.90313E-1 2.99657E-1 3.05147E-1 3.07965E-1 3.07482E-1 3.04672E-1 3.01689E-1 2.89459E-1 2.84944E-1 2.8576E-1 2.87909E-1 2.83558E-1 2.852E-1 2.92701E-1 2.91382E-1 2.97642E-1 3.02242E-1 3.0693E-1 3.14011E-1 3.15707E-1 3.15397E-1 3.20654E-1 3.19805E-1 3.09669E-1 3.15964E-1 3.14748E-1 3.16003E-1 3.15899E-1 3.07699E-1 2.9876E-1 2.99783E-1 3.06304E-1 3.13571E-1 3.08363E-1 3.04318E-1 3.03081E-1 3.06023E-1 3.1374E-1 3.24904E-1 3.31333E-1 3.27291E-1
2.35455E-1 2.36402E-1 2.42666E-1 2.47891E-1 2.57209E-1 2.67227E-1 2.68957E-1 2.70736E-1 2.71292E-1 2.63339E-1 2.54893E-1 2.50114E-1 2.46623E-1 2.41309E-1 2.35255E-1 2.35468E-1 2.31944E-1 2.31201E-1 2.37702E-1 2.46731E-1 2.62808E-1 2.8148E-1 2.94571E-1 3.02259E-1 3.03247E-1 3.04918E-1 3.00207E-1 2.97353E-1 2.96155E-1 2.95828E-1 2.87353E-1 2.80569E-1 2.73001E-1 2.81196E-1 2.85945E-1 2.93492E-1 3.04643E-1 3.09148E-1 3.0534E-1 3.04103E-1 2.99722E-1 2.98417E-1 3.00604E-1 3.13105E-1 3.19728E-1 3.12553E-1 3.13917E-1 3.14908E-1 3.17605E-1 3.08445E-1 3.09845E-1 3.11878E-1 3.28648E-1 3.27273E-1 3.18915E-1 3.19175E-1 3.24465E-1 3.31448E-1 3.35453E-1 3.31284E-1 3.28093E-1
2.38605E-1 2.3812E-1 2.36318E-1 2.39016E-1 2.46491E-1 2.69458E-1 2.73983E-1 2.75882E-1 2.75212E-1 2.68808E-1 2.62262E-1 2.59391E-1 2.5936E-1 2.44723E-1 2.38549E-1 2.31795E-1 2.3344E-1 2.32367E-1 2.3276E-1 2.41412E-1 2.50666E-1 2.6327E-1 2.75955E-1 2.87607E-1 2.97266E-1 2.99551E-1 2.97647E-1 2.97629E-1 2.94048E-1 2.91745E-1 2.88883E-1 2.84306E-1 2.78584E-1 2.80426E-1 2.87761E-1 2.96503E-1 3.00902E-1 3.02907E-1 2.95242E-1 2.92238E-1 2.96727E-1 2.99333E-1 3.00463E-1 3.03541E-1 3.0325E-1 3.18866E-1 3.15498E-1 3.20142E-1 3.16701E-1 3.18864E-1 3.15355E-1 3.26417E-1 3.3258E-1 3.31352E-1 3.24089E-1 3.31567E-1 3.39048E-1 3.46015E-1 3.39388E-1 3.33422E-1 3.29903E-1
2.60643E-1 2.47427E-1 2.40661E-1 2.41072E-1 2.39588E-1 2.60014E-1 2.73892E-1 2.79842E-1 2.78892E-1 2.74351E-1 2.68411E-1 2.60587E-1 2.55271E-1 2.46576E-1 2.43982E-1 2.39655E-1 2.38764E-1 2.39582E-1 2.39169E-1 2.40419E-1 2.44433E-1 2.56674E-1 2.66714E-1 2.74623E-1 2.8029E-1 2.80759E-1 2.84913E-1 2.90866E-1 2.89287E-1 2.91514E-1 2.85639E-1 2.81107E-1 2.83988E-1 2.80015E-1 2.84606E-1 2.86971E-1 2.91213E-1 2.93877E-1 2.92104E-1 2.86463E-1 2.89609E-1 2.9374E-1 2.96732E-1 2.94404E-1 3.05001E-1 3.09367E-1 3.27482E-1 3.38197E-1 3.32456E-1 3.28515E-1 3.33835E-1 3.25764E-1 3.27825E-1 3.2639E-1 3.35017E-1 3.41557E-1 3.48548E-1 3.51905E-1 3.42597E-1 3.38106E-1 3.44076E-1
2.63629E-1 2.62988E-1 2.54941E-1 2.4853E-1 2.46933E-1 2.60553E-1 2.75045E-1 2.81961E-1 2.82183E-1 2.77136E-1 2.76594E-1 2.68726E-1 2.61516E-1 2.57376E-1 2.55573E-1 2.52615E-1 2.51919E-1 2.50659E-1 2.47595E-1 2.43758E-1 2.5105E-1 2.50125E-1 2.60119E-1 2.64222E-1 2.73018E-1 2.72116E-1 2.75102E-1 2.79411E-1 2.8608E-1 2.88511E-1 2.83287E-1 2.84574E-1 2.80697E-1 2.79934E-1 2.79089E-1 2.82092E-1 2.84448E-1 2.86226E-1 2.84728E-1 2.81348E-1 2.81486E-1 2.85652E-1 2.90771E-1 2.95734E-1 3.02017E-1 3.07575E-1 3.13155E-1 3.24258E-1 3.41563E-1 3.49424E-1 3.39335E-1 3.34538E-1 3.28323E-1 3.19495E-1 3.33108E-1 3.45011E-1 3.50304E-1 3.56172E-1 3.51388E-1 3.51653E-1 3.72092E-1
2.81325E-1 2.6555E-1 2.58438E-1 2.5294E-1 2.56248E-1 2.62754E-1 2.75784E-1 2.79433E-1 2.83605E-1 2.82563E-1 2.73577E-1 2.76109E-1 2.65482E-1 2.59977E-1 2.57353E-1 2.60946E-1 2.61989E-1 2.58175E-1 2.52782E-1 2.53636E-1 2.58096E-1 2.51963E-1 2.51953E-1 2.58807E-1 2.63404E-1 2.73246E-1 2.69991E-1 2.70683E-1 2.77754E-1 2.80166E-1 2.86376E-1 2.83483E-1 2.83138E-1 2.80079E-1 2.7515E-1 2.77558E-1 2.80068E-1 2.87995E-1 2.88939E-1 2.8688E-1 2.77094E-1 2.75963E-1 2.86253E-1 3.01726E-1 3.14931E-1 3.18912E-1 3.24327E-1 3.3988E-1 3.43624E-1 3.6842E-1 3.35876E-1 3.17458E-1 3.13642E-1 3.28462E-1 3.23074E-1 3.32807E-1 3.43258E-1 3.5791E-1 3.52787E-1 3.64992E-1 3.81903E-1
2.83305E-1 2.7485E-1 2.65497E-1 2.61719E-1 2.62156E-1 2.64359E-1 2.65056E-1 2.75021E-1 2.83258E-1 2.82108E-1 2.79522E-1 2.73734E-1 2.73868E-1 2.72057E-1 2.66602E-1 2.67415E-1 2.75637E-1 2.72622E-1 2.63921E-1 2.58777E-1 2.60562E-1 2.56066E-1 2.53078E-1 2.56914E-1 2.59708E-1 2.62582E-1 2.65706E-1 2.62565E-1 2.66343E-1 2.80961E-1 2.93371E-1 2.94311E-1 2.89329E-1 2.82126E-1 2.78938E-1 2.77831E-1 2.83617E-1 2.92026E-1 2.9463E-1 2.9769E-1 2.87035E-1 2.79343E-1 2.82716E-1 2.94916E-1 3.08384E-1 3.06569E-1 3.06008E-1 3.17155E-1 3.40129E-1 3.80104E-1 3.53053E-1 3.07679E-1 3.23099E-1 3.36697E-1 3.34356E-1 3.3908E-1 3.51336E-1 3.56166E-1 3.58326E-1 3.75891E-1 3.92025E-1
2.72596E-1 2.85496E-1 2.77645E-1 2.74071E-1 2.62335E-1 2.63281E-1 2.66776E-1 2.73492E-1 2.77631E-1 2.84302E-1 2.82562E-1 2.79314E-1 2.76272E-1 2.73629E-1 2.76756E-1 2.69751E-1 2.714E-1 2.69455E-1 2.62464E-1 2.62643E-1 2.64961E-1 2.65839E-1 2.58773E-1 2.58917E-1 2.59278E-1 2.64664E-1 2.68429E-1 2.60705E-1 2.67193E-1 2.79092E-1 2.92721E-1 2.94743E-1 2.89148E-1 2.87708E-1 2.80655E-1 2.81888E-1 2.84362E-1 2.95721E-1 3.00958E-1 3.02657E-1 2.99778E-1 2.94526E-1 2.91398E-1 2.97773E-1 3.11038E-1 3.12732E-1 3.11242E-1 3.32668E-1 3.56919E-1 4.0306E-1 3.7815E-1 3.41602E-1 3.46791E-1 3.4453E-1 3.62639E-1 3.5818E-1 3.59677E-1 3.65343E-1 3.62993E-1 3.70474E-1 3.82549E-1
2.57532E-1 2.56576E-1 2.72076E-1 2.8173E-1 2.67562E-1 2.65082E-1 2.78285E-1 2.80734E-1 2.76432E-1 2.851E-1 2.86591E-1 2.84941E-1 2.7653E-1 2.78097E-1 2.79405E-1 2.76206E-1 2.67622E-1 2.64975E-1 2.68132E-1 2.68871E-1 2.72129E-1 2.77756E-1 2.6925E-1 2.57932E-1 2.61265E-1 2.64483E-1 2.67771E-1 2.71179E-1 2.85564E-1 2.87064E-1 2.90019E-1 2.88796E-1 2.8548E-1 2.8935E-1 2.87173E-1 2.87033E-1 2.89744E-1 2.98928E-1 3.0541E-1 3.05374E-1 3.07599E-1 3.07836E-1 3.02177E-1 3.07316E-1 3.13031E-1 3.17715E-1 3.23598E-1 3.22873E-1 3.4831E-1 3.81128E-1 3.95831E-1 3.64784E-1 3.52082E-1 3.69129E-1 3.78446E-1 3.75678E-1 3.70562E-1 3.83408E-1 3.77473E-1 3.71831E-1 3.74906E-1
2.51845E-1 2.55183E-1 2.50643E-1 2.57714E-1 2.76466E-1 2.77156E-1 2.78712E-1 2.91082E-1 2.77961E-1 2.85499E-1 2.93444E-1 2.99736E-1 2.93742E-1 2.81989E-1 2.80684E-1 2.73232E-1 2.62147E-1 2.63259E-1 2.73702E-1 2.70288E-1 2.77721E-1 2.78495E-1 2.69915E-1 2.54831E-1 2.61663E-1 2.67145E-1 2.7049E-1 2.75321E-1 2.89672E-1 2.93778E-1 2.86565E-1 2.82636E-1 2.82899E-1 2.87351E-1 2.93869E-1 2.91217E-1 2.92484E-1 2.95248E-1 3.02052E-1 3.07813E-1 3.04387E-1 3.10182E-1 3.17571E-1 3.14665E-1 3.25845E-1 3.27793E-1 3.32848E-1 3.33911E-1 3.45622E-1 3.6809E-1 3.7076E-1 3.62257E-1 3.58121E-1 3.57987E-1 3.65741E-1 3.75594E-1 3.78968E-1 3.76835E-1 3.75355E-1 3.74366E-1 3.9557E-1
2.5821E-1 2.58516E-1 2.58077E-1 2.60609E-1 2.63425E-1 2.68748E-1 2.86737E-1 2.88647E-1 2.86804E-1 2.98823E-1 3.18547E-1 3.22165E-1 3.12753E-1 2.98532E-1 2.84759E-1 2.81438E-1 2.7101E-1 2.75759E-1 2.75898E-1 2.80654E-1 2.85682E-1 2.74603E-1 2.66197E-1 2.60965E-1 2.61081E-1 2.60149E-1 2.67688E-1 2.74345E-1 2.88623E-1 2.93005E-1 2.8945E-1 2.87706E-1 2.87066E-1 2.84439E-1 2.80208E-1 2.873E-1 2.88977E-1 2.96205E-1 3.02135E-1 3.01302E-1 3.08508E-1 3.12342E-1 3.24984E-1 3.30084E-1 3.24394E-1 3.29188E-1 3.38044E-1 3.45118E-1 3.49407E-1 3.46517E-1 3.60954E-1 3.37397E-1 3.37318E-1 3.41703E-1 3.49998E-1 3.66445E-1 3.68439E-1 3.76949E-1 3.70455E-1 3.79529E-1 3.81238E-1
2.60667E-1 2.5739E-1 2.58101E-1 2.58664E-1 2.66622E-1 2.73316E-1 2.80177E-1 2.84404E-1 2.92576E-1 3.10651E-1 3.16551E-1 3.29732E-1 3.20193E-1 3.03255E-1 2.94084E-1 2.90219E-1 2.91579E-1 2.90885E-1 2.84356E-1 2.9222E-1 2.85666E-1 2.78326E-1 2.68602E-1 2.65808E-1 2.58575E-1 2.58765E-1 2.66484E-1 2.78494E-1 2.8481E-1 2.92851E-1 2.94596E-1 2.92201E-1 2.92591E-1 2.92085E-1 2.86919E-1 2.87052E-1 2.91234E-1 3.01289E-1 3.03416E-1 3.0365E-1 3.09744E-1 3.18304E-1 3.26215E-1 3.29998E-1 3.37429E-1 3.32497E-1 3.29307E-1 3.37558E-1 3.4526E-1 3.53926E-1 3.61655E-1 3.56869E-1 3.49528E-1 3.58015E-1 3.50938E-1 3.67617E-1 3.77922E-1 3.79159E-1 3.72873E-1 3.8492E-1 3.92537E-1
2.5346E-1 2.54022E-1 2.5457E-1 2.51096E-1 2.58289E-1 2.62861E-1 2.62137E-1 2.68995E-1 2.85388E-1 2.98216E-1 3.17533E-1 3.20748E-1 3.09805E-1 2.88881E-1 2.79099E-1 2.80097E-1 2.96859E-1 3.01267E-1 3.00804E-1 2.97028E-1 2.89831E-1 2.84617E-1 2.85423E-1 2.75775E-1 2.63804E-1 2.59761E-1 2.67627E-1 2.7968E-1 2.89879E-1 2.92703E-1 2.94487E-1 2.95079E-1 2.98892E-1 3.00131E-1 2.89633E-1 2.91107E-1 2.97614E-1 3.06897E-1 3.06493E-1 3.14262E-1 3.1902E-1 3.21879E-1 3.2887E-1 3.30535E-1 3.40842E-1 3.41674E-1 3.33101E-1 3.35066E-1 3.32894E-1 3.40034E-1 3.41341E-1 3.57718E-1 3.83091E-1 3.73821E-1 3.68136E-1 3.72456E-1 3.79471E-1 3.83468E-1 3.85049E-1 3.83418E-1 4.00959E-1
2.4527E-1 2.48561E-1 2.54227E-1 2.55345E-1 2.5686E-1 2.57671E-1 2.57373E-1 2.65603E-1 2.71011E-1 2.78237E-1 2.94136E-1 2.91493E-1 2.85587E-1 2.7974E-1 2.78955E-1 2.80767E-1 2.89072E-1 3.04486E-1 3.15208E-1 3.0706E-1 2.97399E-1 2.90682E-1 2.87374E-1 2.80946E-1 2.7846E-1 2.73636E-1 2.80048E-1 2.92822E-1 2.92929E-1 2.92532E-1 2.9306E-1 3.00077E-1 3.05985E-1 3.01742E-1 2.96159E-1 2.91301E-1 3.03394E-1 3.11471E-1 3.16975E-1 3.16172E-1 3.21857E-1 3.27152E-1 3.31125E-1 3.45984E-1 3.48245E-1 3.46477E-1 3.4905E-1 3.43447E-1 3.4182E-1 3.53935E-1 3.57795E-1 3.66425E-1 3.77242E-1 3.94578E-1 3.95069E-1 3.89394E-1 3.93702E-1 3.85816E-1 3.91494E-1 3.925E-1 3.95524E-1
2.36941E-1 2.37676E-1 2.42538E-1 2.48554E-1 2.51073E-1 2.5404E-1 2.562E-1 2.58665E-1 2.60719E-1 2.69302E-1 2.78095E-1 2.78245E-1 2.74718E-1 2.76401E-1 2.81177E-1 2.89327E-1 2.85462E-1 2.90333E-1 3.12117E-1 3.16201E-1 3.08023E-1 3.04648E-1 2.92711E-1 2.90907E-1 2.86719E-1 2.85153E-1 2.94373E-1 3.0065E-1 3.04655E-1 3.03436E-1 3.06197E-1 3.03179E-1 3.05708E-1 3.07008E-1 2.99528E-1 2.99346E-1 2.98824E-1 3.10075E-1 3.25316E-1 3.24479E-1 3.27862E-1 3.31463E-1 3.42622E-1 3.48211E-1 3.58014E-1 3.57471E-1 3.57911E-1 3.58709E-1 3.55624E-1 3.59039E-1 3.75797E-1 3.8681E-1 3.92387E-1 3.91227E-1 4.04635E-1 4.08653E-1 4.10891E-1 4.08273E-1 4.04161E-1 4.02724E-1 4.00296E-1
2.34892E-1 2.35391E-1 2.41579E-1 2.45649E-1 2.48824E-1 2.50584E-1 2.4991E-1 2.55358E-1 2.63291E-1 2.68337E-1 2.7141E-1 2.74059E-1 2.78853E-1 2.74404E-1 2.76405E-1 2.828E-1 2.85759E-1 2.89719E-1 2.9696E-1 3.16516E-1 3.13337E-1 3.09543E-1 3.02993E-1 2.99791E-1 3.03265E-1 3.06394E-1 2.9583E-1 3.00674E-1 3.12003E-1 3.21525E-1 3.2669E-1 3.16225E-1 3.08755E-1 3.12141E-1 3.02549E-1 3.08562E-1 3.06494E-1 3.11829E-1 3.25429E-1 3.43795E-1 3.39414E-1 3.42362E-1 3.50384E-1 3.53321E-1 3.54791E-1 3.64206E-1 3.68119E-1 3.62132E-1 3.66323E-1 3.75354E-1 3.82496E-1 3.89401E-1 3.94054E-1 3.95276E-1 4.03603E-1 4.15786E-1 4.29212E-1 4.19695E-1 4.12407E-1 4.02915E-1 4.04929E-1
2.37994E-1 2.38E-1 2.38856E-1 2.49412E-1 2.51998E-1 2.47587E-1 2.48931E-1 2.51517E-1 2.57918E-1 2.59324E-1 2.62153E-1 2.66921E-1 2.74804E-1 2.75966E-1 2.74594E-1 2.79794E-1 2.88445E-1 2.93778E-1 2.99181E-1 3.17537E-1 3.28093E-1 3.20396E-1 3.10111E-1 3.1393E-1 3.11745E-1 3.06148E-1 3.05579E-1 3.08679E-1 3.15774E-1 3.24841E-1 3.26926E-1 3.24142E-1 3.09715E-1 3.13058E-1 3.10058E-1 3.22522E-1 3.25574E-1 3.29177E-1 3.3093E-1 3.42256E-1 3.46322E-1 3.58042E-1 3.65725E-1 3.67676E-1 3.63562E-1 3.58016E-1 3.65734E-1 3.7663E-1 3.83318E-1 3.91362E-1 3.93107E-1 3.95633E-1 3.97424E-1 3.94535E-1 4.0836E-1 4.24017E-1 4.39404E-1 4.3035E-1 4.25961E-1 4.16481E-1 4.15778E-1
2.42565E-1 2.42371E-1 2.49038E-1 2.51404E-1 2.57917E-1 2.56036E-1 2.50567E-1 2.50846E-1 2.58483E-1 2.6101E-1 2.62098E-1 2.68989E-1 2.6998E-1 2.71264E-1 2.72106E-1 2.79523E-1 2.93094E-1 2.97497E-1 3.06096E-1 3.27684E-1 3.32726E-1 3.2492E-1 3.25488E-1 3.14134E-1 3.06513E-1 3.12465E-1 3.13806E-1 3.14471E-1 3.18714E-1 3.31836E-1 3.29192E-1 3.25289E-1 3.20788E-1 3.26422E-1 3.4294E-1 3.45787E-1 3.58054E-1 3.64089E-1 3.56249E-1 3.52738E-1 3.61433E-1 3.60234E-1 3.6125E-1 3.65896E-1 3.6504E-1 3.66513E-1 3.7769E-1 3.94123E-1 3.94108E-1 4.07211E-1 4.04945E-1 3.9974E-1 4.05797E-1 4.10399E-1 4.24561E-1 4.42174E-1 4.4215E-1 4.44329E-1 4.37691E-1 4.28243E-1 4.12194E-1
2.39796E-1 2.47788E-1 2.50183E-1 2.61748E-1 2.61455E-1 2.56244E-1 2.55289E-1 2.61199E-1 2.59701E-1 2.66395E-1 2.70238E-1 2.73985E-1 2.73777E-1 2.72798E-1 2.78214E-1 2.85292E-1 2.94907E-1 3.05615E-1 3.1514E-1 3.19696E-1 3.33987E-1 3.3514E-1 3.24326E-1 3.19756E-1 3.09699E-1 3.12234E-1 3.20082E-1 3.25848E-1 3.22859E-1 3.301E-1 3.37123E-1 3.3647E-1 3.40596E-1 3.43473E-1 3.58255E-1 3.8306E-1 3.988E-1 4.19711E-1 4.11778E-1 3.80075E-1 3.74918E-1 3.72219E-1 3.64209E-1 3.64619E-1 3.69716E-1 3.75342E-1 3.84617E-1 4.01711E-1 4.0445E-1 4.08185E-1 4.1436E-1 4.08871E-1 4.09029E-1 4.1215E-1 4.29929E-1 4.40678E-1 4.46061E-1 4.39979E-1 4.38334E-1 4.27275E-1 4.1539E-1
2.389E-1 2.45927E-1 2.55124E-1 2.58571E-1 2.65714E-1 2.59957E-1 2.60233E-1 2.62376E-1 2.71981E-1 2.77599E-1 2.87095E-1 2.85639E-1 2.84052E-1 2.883E-1 2.91765E-1 2.9556E-1 2.95385E-1 3.09803E-1 3.22109E-1 3.16915E-1 3.29393E-1 3.45057E-1 3.30406E-1 3.21935E-1 3.16502E-1 3.18161E-1 3.26009E-1 3.2794E-1 3.27469E-1 3.29207E-1 3.33377E-1 3.35691E-1 3.42975E-1 3.53787E-1 3.65944E-1 3.79637E-1 4.35975E-1 5.2246E-1 5.433E-1 4.3375E-1 4.00718E-1 3.86668E-1 3.72066E-1 3.67827E-1 3.74994E-1 3.82262E-1 3.96475E-1 4.0675E-1 4.14084E-1 4.1727E-1 4.23573E-1 4.24664E-1 4.17605E-1 4.20613E-1 4.24402E-1 4.34226E-1 4.44099E-1 4.48076E-1 4.45803E-1 4.30867E-1 4.30315E-1
2.36581E-1 2.42749E-1 2.5352E-1 2.60107E-1 2.56068E-1 2.60211E-1 2.66504E-1 2.74794E-1 2.80449E-1 2.85331E-1 2.87214E-1 2.81868E-1 2.78973E-1 2.82332E-1 2.84525E-1 2.85022E-1 2.89034E-1 2.92843E-1 3.11157E-1 3.21145E-1 3.35982E-1 3.50901E-1 3.34559E-1 3.19938E-1 3.20018E-1 3.21525E-1 3.32069E-1 3.34134E-1 3.34238E-1 3.40949E-1 3.35628E-1 3.43215E-1 3.46499E-1 3.53886E-1 3.59699E-1 3.81788E-1 4.30905E-1 5.50813E-1 6.17117E-1 4.96884E-1 4.27942E-1 3.89916E-1 3.77469E-1 3.74571E-1 3.89185E-1 4.00052E-1 4.06602E-1 4.13802E-1 4.13881E-1 4.2181E-1 4.3551E-1 4.32174E-1 4.33032E-1 4.32601E-1 4.35691E-1 4.42268E-1 4.47371E-1 4.46417E-1 4.41834E-1 4.37736E-1 4.5555E-1
2.36904E-1 2.38499E-1 2.45113E-1 2.492E-1 2.59646E-1 2.61024E-1 2.65424E-1 2.7499E-1 2.82212E-1 2.84369E-1 2.81629E-1 2.82339E-1 2.83113E-1 2.84658E-1 2.83822E-1 2.94156E-1 2.96601E-1 3.01511E-1 3.16241E-1 3.26778E-1 3.36466E-1 3.43806E-1 3.33466E-1 3.25977E-1 3.27736E-1 3.26864E-1 3.34691E-1 3.43607E-1 3.47412E-1 3.44034E-1 3.38874E-1 3.4919E-1 3.52525E-1 3.52829E-1 3.53078E-1 3.68124E-1 3.97499E-1 4.56683E-1 4.95918E-1 4.56511E-1 4.08888E-1 3.96236E-1 3.78033E-1 3.82499E-1 3.93559E-1 4.08779E-1 4.24176E-1 4.20781E-1 4.17332E-1 4.22452E-1 4.46873E-1 4.60285E-1 4.58086E-1 4.59273E-1 4.53108E-1 4.51372E-1 4.61736E-1 4.56187E-1 4.5379E-1 4.5094E-1 4.74133E-1
2.32015E-1 2.42335E-1 2.45868E-1 2.47661E-1 2.49345E-1 2.57147E-1 2.69559E-1 2.79542E-1 2.75397E-1 2.80705E-1 2.87663E-1 2.92694E-1 2.88667E-1 2.87365E-1 2.90985E-1 3.05349E-1 3.1679E-1 3.17412E-1 3.15271E-1 3.23673E-1 3.29664E-1 3.3649E-1 3.45897E-1 3.33374E-1 3.26106E-1 3.35553E-1 3.38189E-1 3.53149E-1 3.4658E-1 3.40012E-1 3.43072E-1 3.40809E-1 3.54856E-1 3.56614E-1 3.59954E-1 3.66155E-1 3.71926E-1 4.02043E-1 4.20413E-1 4.11597E-1 3.95421E-1 3.87277E-1 3.89678E-1 3.95362E-1 4.03945E-1 4.16703E-1 4.28039E-1 4.37412E-1 4.35642E-1 4.33787E-1 4.55104E-1 4.71658E-1 4.72643E-1 4.71971E-1 4.57253E-1 4.64057E-1 4.73139E-1 4.74201E-1 4.69977E-1 4.77755E-1 4.93155E-1
2.43069E-1 2.45882E-1 2.47424E-1 2.48293E-1 2.53919E-1 2.57702E-1 2.65159E-1 2.6834E-1 2.75025E-1 2.81796E-1 2.86515E-1 2.95484E-1 2.89629E-1 2.86915E-1 2.9488E-1 3.05977E-1 3.2112E-1 3.26481E-1 3.26674E-1 3.24688E-1 3.34733E-1 3.50139E-1 3.48652E-1 3.40106E-1 3.35198E-1 3.40252E-1 3.47222E-1 3.5382E-1 3.46588E-1 3.41258E-1 3.46387E-1 3.43554E-1 3.50357E-1 3.70454E-1 3.72372E-1 3.80228E-1 3.78963E-1 3.89927E-1 3.9656E-1 3.84515E-1 3.81376E-1 3.84772E-1 3.89668E-1 3.97733E-1 4.06414E-1 4.21911E-1 4.26985E-1 4.30692E-1 4.40631E-1 4.48585E-1 4.73925E-1 4.74921E-1 4.71854E-1 4.65492E-1 4.55997E-1 4.69293E-1 4.82433E-1 4.96857E-1 5.01105E-1 5.0916E-1 4.96454E-1
2.44714E-1 2.4652E-1 2.48584E-1 2.50231E-1 2.49701E-1 2.52629E-1 2.59785E-1 2.65363E-1 2.71818E-1 2.7509E-1 2.82651E-1 2.86784E-1 2.85139E-1 2.863E-1 2.94535E-1 3.01848E-1 3.08294E-1 3.17487E-1 3.28013E-1 3.38013E-1 3.46907E-1 3.43615E-1 3.56024E-1 3.47913E-1 3.41971E-1 3.47836E-1 3.59041E-1 3.53946E-1 3.53221E-1 3.52008E-1 3.59689E-1 3.6043E-1 3.63034E-1 3.74106E-1 3.84159E-1 3.99572E-1 4.05416E-1 4.13455E-1 4.06205E-1 3.97204E-1 4.06321E-1 3.97042E-1 4.03515E-1 3.98956E-1 4.0667E-1 4.23352E-1 4.35737E-1 4.39138E-1 4.50554E-1 4.59133E-1 4.79135E-1 4.82599E-1 4.66789E-1 4.66685E-1 4.72477E-1 4.88413E-1 4.95975E-1 5.14528E-1 5.19144E-1 5.19316E-1 5.05175E-1
