maxent_outputs/bumblebees/bombus_3.asc
ncols         426
nrows         180
xllcorner     -130.0
yllcorner     24.0
cellsize      0.16666666666666666
NODATA_value  -9999
[rows 0 to 26 of 180, columns 61 to 121 of 426]
9.91837E-3 1.07202E-2 1.76776E-2 2.51507E-2 3.42164E-2 2.83046E-2 2.84194E-2 2.81415E-2 2.88924E-2 2.86312E-2 3.24396E-2 3.49536E-2 3.23164E-2 3.54321E-2 3.53885E-2 3.48672E-2 3.91253E-2 3.49845E-2 2.90923E-2 2.71187E-2 3.00121E-2 3.05235E-2 3.20122E-2 3.64652E-2 3.93827E-2 4.0518E-2 4.25246E-2 3.6019E-2 3.53363E-2 3.45993E-2 3.47276E-2 3.62536E-2 4.09728E-2 3.79349E-2 3.76958E-2 3.83747E-2 3.85346E-2 3.48334E-2 3.83887E-2 4.12114E-2 3.99246E-2 4.4066E-2 4.20174E-2 4.48606E-2 4.5563E-2 4.40363E-2 4.58644E-2 4.39748E-2 4.40635E-2 4.14034E-2 3.93693E-2 4.0765E-2 3.94858E-2 4.00156E-2 4.19309E-2 4.10596E-2 4.14667E-2 3.93779E-2 3.86661E-2 3.7498E-2 4.25739E-2
9.66751E-3 9.73111E-3 2.40637E-2 1.68573E-2 1.77431E-2 1.884E-2 2.05072E-2 1.83573E-2 2.24495E-2 2.7553E-2 2.97036E-2 3.23079E-2 3.25716E-2 3.39114E-2 3.22746E-2 3.55186E-2 3.64584E-2 2.85408E-2 3.31818E-2 3.63306E-2 3.94799E-2 3.62671E-2 3.17382E-2 3.07993E-2 3.05536E-2 3.03836E-2 3.74977E-2 3.24457E-2 3.26325E-2 3.76281E-2 4.01428E-2 4.24634E-2 4.47474E-2 3.77255E-2 4.3642E-2 4.48468E-2 3.54805E-2 3.69384E-2 3.82979E-2 4.27969E-2 4.70171E-2 4.82268E-2 5.27082E-2 4.60622E-2 4.64715E-2 4.66313E-2 4.41734E-2 4.35573E-2 4.37999E-2 4.21477E-2 4.17987E-2 4.20309E-2 4.21369E-2 3.96653E-2 3.99832E-2 4.19899E-2 3.99561E-2 3.92451E-2 3.6986E-2 3.59093E-2 3.61301E-2
8.89006E-3 1.03186E-2 1.04832E-2 1.4142E-2 7.04505E-3 8.24717E-3 7.83105E-3 9.07003E-3 1.12673E-2 1.66584E-2 2.38259E-2 3.0636E-2 3.09273E-2 2.73569E-2 2.62086E-2 3.31731E-2 3.59186E-2 3.7782E-2 3.92174E-2 3.73588E-2 3.74603E-2 3.58803E-2 3.40679E-2 3.49308E-2 3.39585E-2 3.5997E-2 3.56428E-2 3.03317E-2 3.03104E-2 3.3445E-2 4.15053E-2 4.42873E-2 4.38393E-2 4.27667E-2 4.65491E-2 4.64336E-2 4.44908E-2 5.19048E-2 5.3635E-2 5.19966E-2 4.80793E-2 5.12404E-2 5.12069E-2 4.52166E-2 4.29493E-2 4.6811E-2 4.5686E-2 4.17584E-2 4.20853E-2 4.03964E-2 4.27328E-2 4.18601E-2 4.24517E-2 4.16121E-2 3.97248E-2 4.03574E-2 4.00901E-2 3.80987E-2 3.81377E-2 3.67194E-2 3.51507E-2
8.73195E-3 6.01477E-3 4.57962E-3 1.19666E-2 6.28547E-3 5.60135E-3 6.52674E-3 9.29944E-3 1.67198E-2 1.68953E-2 1.70773E-2 2.37661E-2 2.92901E-2 2.95027E-2 2.6717E-2 2.78222E-2 3.21779E-2 3.39742E-2 3.77709E-2 3.62183E-2 3.81017E-2 3.70916E-2 3.56131E-2 3.48517E-2 3.3899E-2 3.41617E-2 3.59692E-2 3.41747E-2 3.50063E-2 3.26313E-2 3.18409E-2 3.65283E-2 4.64066E-2 4.15079E-2 4.26499E-2 3.89677E-2 4.32952E-2 4.61181E-2 4.46859E-2 4.23471E-2 4.90981E-2 4.97578E-2 5.15434E-2 5.45583E-2 4.44707E-2 4.36494E-2 4.47608E-2 4.09971E-2 4.03034E-2 4.16935E-2 4.24134E-2 4.39638E-2 4.26419E-2 4.00024E-2 4.00545E-2 4.05412E-2 3.85166E-2 3.96695E-2 3.88147E-2 3.72911E-2 3.53102E-2
7.87152E-3 9.82933E-3 7.41126E-3 5.96449E-3 4.77998E-3 5.11027E-3 6.56496E-3 7.96593E-3 7.4136E-3 1.53401E-2 1.89591E-2 2.75178E-2 2.38352E-2 1.98196E-2 2.17971E-2 2.71117E-2 2.74883E-2 3.17396E-2 3.33378E-2 3.39793E-2 3.38223E-2 3.36939E-2 3.40904E-2 3.44602E-2 3.27108E-2 3.3145E-2 3.06876E-2 3.21804E-2 2.97323E-2 3.40668E-2 3.59077E-2 3.83854E-2 4.01852E-2 4.24044E-2 4.43578E-2 4.33093E-2 4.37734E-2 4.26913E-2 4.12334E-2 3.74125E-2 3.7577E-2 4.24922E-2 4.47239E-2 4.77259E-2 4.74655E-2 4.77061E-2 4.7102E-2 4.22389E-2 4.13498E-2 4.4145E-2 4.30762E-2 4.47666E-2 4.16361E-2 4.0143E-2 4.06231E-2 3.95747E-2 3.99455E-2 3.96596E-2 3.98081E-2 3.73911E-2 3.41875E-2
2.21381E-2 1.80309E-2 8.12994E-3 1.14593E-2 6.12055E-3 6.94936E-3 4.92987E-3 5.69969E-3 6.58434E-3 8.38478E-3 2.49384E-2 2.00253E-2 1.47016E-2 1.18395E-2 1.52106E-2 1.98206E-2 2.13395E-2 2.29124E-2 2.60723E-2 2.94401E-2 2.91334E-2 2.79807E-2 2.8421E-2 3.0224E-2 3.38531E-2 3.40464E-2 3.47543E-2 3.55921E-2 3.59129E-2 3.50417E-2 3.41777E-2 3.58686E-2 3.65749E-2 3.89068E-2 4.41515E-2 4.48776E-2 4.47634E-2 4.26625E-2 4.13732E-2 3.99192E-2 3.90941E-2 3.52703E-2 3.60705E-2 4.12651E-2 4.28055E-2 4.31112E-2 4.37857E-2 4.10865E-2 4.10566E-2 4.33735E-2 4.30258E-2 4.31033E-2 3.93951E-2 3.83486E-2 3.90119E-2 4.02065E-2 4.06376E-2 3.89452E-2 3.70782E-2 3.45071E-2 3.36814E-2
5.26629E-3 9.9128E-3 3.02244E-2 1.49352E-2 7.3028E-3 9.52372E-3 9.9101E-3 8.9144E-3 1.04888E-2 1.07116E-2 2.52632E-2 9.6387E-3 1.06342E-2 9.65384E-3 8.34824E-3 1.04679E-2 1.32965E-2 1.67425E-2 1.96147E-2 2.36303E-2 2.48467E-2 2.6077E-2 2.77203E-2 3.23511E-2 3.31895E-2 3.26846E-2 3.54795E-2 3.99787E-2 3.8791E-2 3.05328E-2 3.47074E-2 3.23423E-2 3.2695E-2 3.33337E-2 3.92105E-2 3.95871E-2 3.95016E-2 4.26216E-2 4.21702E-2 4.17873E-2 4.20949E-2 3.84517E-2 3.94077E-2 3.95319E-2 3.75473E-2 3.82021E-2 4.09871E-2 3.96134E-2 3.94107E-2 4.24066E-2 4.3862E-2 4.16415E-2 3.82498E-2 3.76526E-2 3.69117E-2 3.56503E-2 3.81408E-2 3.54121E-2 3.38938E-2 3.37493E-2 3.11405E-2
3.35351E-3 5.5414E-3 1.02716E-2 2.43924E-2 1.68516E-2 7.02978E-3 5.76721E-3 9.14618E-3 5.82583E-3 4.22251E-3 8.96674E-3 1.40382E-2 5.85962E-3 5.2278E-3 5.33474E-3 4.8886E-3 6.02383E-3 1.1976E-2 1.5543E-2 1.53674E-2 1.92722E-2 2.58837E-2 2.86064E-2 2.9808E-2 3.04993E-2 3.15024E-2 3.25238E-2 3.44933E-2 3.67863E-2 3.61156E-2 3.40371E-2 3.03755E-2 2.91349E-2 2.92109E-2 3.51983E-2 3.87058E-2 3.74426E-2 3.91516E-2 4.00358E-2 4.29608E-2 4.41211E-2 4.03362E-2 4.07601E-2 4.44468E-2 4.4301E-2 4.30807E-2 4.36967E-2 4.18381E-2 4.17592E-2 4.00819E-2 4.00709E-2 3.99485E-2 3.70598E-2 3.46646E-2 3.45606E-2 3.66842E-2 3.63564E-2 3.34265E-2 3.36145E-2 3.20736E-2 3.34467E-2
6.96905E-3 8.01355E-3 8.03554E-3 9.37454E-3 1.25537E-2 1.24494E-2 9.3353E-3 4.99598E-3 4.10125E-3 3.01756E-3 6.96545E-3 6.95285E-3 7.85117E-3 5.33591E-3 2.48777E-3 2.25468E-3 3.91721E-3 8.16991E-3 8.01853E-3 1.00978E-2 1.4823E-2 1.8308E-2 1.77301E-2 1.96082E-2 2.23605E-2 2.56183E-2 3.02603E-2 3.38656E-2 3.53863E-2 3.23596E-2 2.96604E-2 3.0783E-2 2.58611E-2 3.02072E-2 3.47792E-2 3.72693E-2 3.55185E-2 3.76996E-2 3.79371E-2 3.93587E-2 4.26369E-2 4.33447E-2 4.13412E-2 4.27015E-2 4.39511E-2 4.63938E-2 4.45564E-2 4.11512E-2 3.97153E-2 4.10886E-2 3.98629E-2 4.07064E-2 3.71534E-2 3.48915E-2 3.5896E-2 3.72308E-2 3.79585E-2 3.53744E-2 3.6701E-2 3.61966E-2 3.52032E-2
8.79125E-3 5.99852E-3 8.21693E-3 1.2513E-2 9.81976E-3 3.85468E-3 1.31965E-2 9.77016E-3 6.18793E-3 3.78515E-3 2.98876E-3 3.95985E-3 4.99586E-3 5.89638E-3 4.3659E-3 2.24638E-3 2.86482E-3 3.9284E-3 2.84318E-3 6.10195E-3 1.19546E-2 1.87777E-2 1.75565E-2 1.6973E-2 1.87398E-2 2.29667E-2 2.58277E-2 3.01709E-2 3.41673E-2 3.15304E-2 2.4252E-2 2.56492E-2 2.7563E-2 3.17796E-2 3.4111E-2 3.4692E-2 3.71082E-2 3.65572E-2 3.90838E-2 4.12334E-2 4.28955E-2 4.71578E-2 4.22293E-2 4.13201E-2 4.0091E-2 4.28885E-2 4.67569E-2 4.34869E-2 3.941E-2 3.54273E-2 3.63946E-2 3.58932E-2 3.48817E-2 3.63351E-2 3.4815E-2 3.65304E-2 3.42035E-2 3.39192E-2 3.13941E-2 3.06346E-2 3.34807E-2
8.98219E-3 7.61799E-3 6.97925E-3 1.23307E-2 7.0716E-3 4.00676E-3 4.21646E-3 1.12458E-2 8.61441E-3 4.59977E-3 4.35895E-3 1.94953E-3 2.01666E-3 3.08633E-3 1.79209E-3 1.87482E-3 2.4877E-3 1.85143E-3 2.67234E-3 4.51445E-3 1.27335E-2 1.14067E-2 1.20329E-2 1.39286E-2 1.56909E-2 1.75443E-2 2.02454E-2 2.50594E-2 2.9616E-2 2.98008E-2 2.87973E-2 2.75526E-2 2.68756E-2 2.4125E-2 3.12853E-2 3.36164E-2 3.74864E-2 3.82213E-2 3.99276E-2 3.98013E-2 4.09125E-2 4.07824E-2 3.93051E-2 4.02564E-2 3.99008E-2 3.72669E-2 3.77786E-2 3.90419E-2 4.02656E-2 3.73198E-2 3.00897E-2 3.29112E-2 3.70088E-2 3.57702E-2 3.77938E-2 3.95183E-2 3.86366E-2 3.62609E-2 3.5516E-2 3.33609E-2 3.55454E-2
1.01525E-2 1.07391E-2 9.8434E-3 1.21306E-2 8.34484E-3 4.28055E-3 5.74806E-3 1.00906E-2 1.26556E-2 9.83423E-3 5.58709E-3 3.46105E-3 2.7366E-3 1.931E-3 3.04667E-3 1.73309E-3 2.97921E-3 3.55973E-3 2.66978E-3 5.72283E-3 1.19022E-2 5.02394E-3 6.2778E-3 9.42344E-3 1.30364E-2 1.41593E-2 1.60137E-2 2.03959E-2 2.38763E-2 2.71328E-2 2.86219E-2 3.0062E-2 3.14383E-2 3.23612E-2 3.34301E-2 3.61914E-2 3.46482E-2 3.51788E-2 3.66915E-2 3.54016E-2 3.85605E-2 4.01931E-2 4.05454E-2 3.89654E-2 3.62265E-2 3.45982E-2 4.01099E-2 3.32345E-2 2.94812E-2 2.98575E-2 2.96811E-2 2.72726E-2 3.02438E-2 3.3411E-2 3.25961E-2 3.57231E-2 3.6574E-2 3.70717E-2 3.80413E-2 3.87369E-2 3.99473E-2
7.8249E-3 9.69179E-3 8.47442E-3 8.92628E-3 8.89037E-3 5.09089E-3 5.96792E-3 9.2816E-3 4.95602E-3 3.12437E-3 5.96587E-3 1.02745E-2 4.32235E-3 2.2472E-3 3.83344E-3 3.03275E-3 1.514E-3 2.44494E-3 5.75859E-3 3.06742E-3 3.70261E-3 2.0181E-3 3.33895E-3 5.58367E-3 8.78398E-3 1.0873E-2 1.36409E-2 1.79749E-2 2.15612E-2 2.42537E-2 2.65863E-2 2.85498E-2 3.10527E-2 3.4149E-2 3.45053E-2 3.4215E-2 3.29324E-2 3.23796E-2 3.14093E-2 3.15764E-2 3.42896E-2 3.85205E-2 3.36802E-2 3.7751E-2 3.60056E-2 3.19752E-2 3.64514E-2 3.41639E-2 3.48512E-2 2.80182E-2 2.50834E-2 2.50169E-2 2.68085E-2 2.41006E-2 2.85608E-2 3.35556E-2 3.21863E-2 3.17845E-2 3.44534E-2 3.66952E-2 3.75394E-2
1.33852E-2 1.35436E-2 1.25692E-2 1.00634E-2 7.66591E-3 3.84938E-3 7.36861E-3 9.3566E-3 4.02486E-3 2.69459E-3 2.23793E-3 1.47473E-3 7.02194E-3 1.24505E-2 8.02337E-3 3.89298E-3 2.43207E-3 1.35725E-3 2.71373E-3 1.98685E-3 1.85789E-3 1.54511E-3 2.60242E-3 3.11811E-3 4.8757E-3 7.76987E-3 1.10631E-2 1.57098E-2 1.99759E-2 2.38447E-2 2.7211E-2 2.85122E-2 2.8871E-2 2.92569E-2 3.14313E-2 3.15736E-2 3.32111E-2 3.22998E-2 3.40079E-2 3.21285E-2 3.23433E-2 3.76269E-2 3.31318E-2 3.37034E-2 3.51433E-2 3.46359E-2 3.45208E-2 3.45452E-2 3.91365E-2 3.18648E-2 2.67341E-2 2.54604E-2 2.77018E-2 2.64951E-2 2.64176E-2 3.27638E-2 3.51444E-2 3.25751E-2 3.06909E-2 3.25196E-2 3.10834E-2
2.02813E-2 1.77454E-2 1.23224E-2 1.40103E-2 6.62449E-3 4.79507E-3 4.32551E-3 1.02814E-2 5.59374E-3 4.64113E-3 3.37153E-3 1.13066E-3 2.11398E-3 3.16087E-3 1.4791E-2 9.6209E-3 4.36606E-3 3.96205E-3 3.23835E-3 1.44281E-3 1.80616E-3 2.32299E-3 1.79421E-3 3.11451E-3 3.83511E-3 5.53147E-3 9.98105E-3 1.49444E-2 1.81514E-2 2.09231E-2 2.47312E-2 2.7999E-2 2.99801E-2 3.02308E-2 3.37155E-2 3.38779E-2 3.41814E-2 3.43562E-2 3.45791E-2 3.48903E-2 3.59817E-2 3.78334E-2 3.33147E-2 3.09466E-2 3.32854E-2 3.5068E-2 3.8385E-2 3.66296E-2 3.86798E-2 3.7004E-2 2.97166E-2 2.85112E-2 2.62338E-2 2.95127E-2 3.0884E-2 3.19952E-2 3.34513E-2 3.13518E-2 3.31034E-2 3.35879E-2 3.12922E-2
1.0148E-2 1.07763E-2 2.73806E-2 8.87459E-3 6.76687E-3 8.73049E-3 5.50235E-3 4.2392E-3 1.12407E-2 3.62801E-3 2.85379E-3 1.41195E-3 1.58225E-3 2.51062E-3 5.54125E-3 3.40746E-3 1.75126E-2 5.9286E-3 2.39602E-3 4.90033E-3 2.68974E-3 3.29215E-3 3.69095E-3 1.59373E-3 3.24869E-3 3.92005E-3 4.71705E-3 8.57645E-3 1.64601E-2 2.17331E-2 2.45486E-2 2.61003E-2 2.84623E-2 3.0195E-2 3.26355E-2 3.61395E-2 3.51343E-2 3.4424E-2 3.38129E-2 3.35943E-2 3.48369E-2 3.7239E-2 3.87293E-2 3.54402E-2 3.13783E-2 3.22732E-2 3.74271E-2 4.00669E-2 3.69811E-2 3.66598E-2 2.8557E-2 2.93654E-2 3.08965E-2 3.25127E-2 2.9705E-2 3.1788E-2 3.32894E-2 3.25684E-2 3.13445E-2 3.28415E-2 3.2163E-2
1.82307E-2 2.71679E-2 1.75432E-2 8.43344E-3 1.17068E-2 2.17304E-2 4.54639E-3 2.37907E-3 3.15147E-3 8.53065E-3 2.70643E-3 1.55578E-3 2.96428E-3 1.80196E-3 2.25147E-3 1.55005E-3 3.19732E-3 1.75239E-2 6.34824E-3 6.83105E-3 2.58479E-3 1.94359E-3 3.37996E-3 5.21187E-3 4.71183E-3 7.31509E-3 7.67989E-3 7.19349E-3 1.53327E-2 2.37813E-2 2.65391E-2 2.78479E-2 2.73162E-2 2.91214E-2 3.29035E-2 3.53568E-2 3.9571E-2 3.86279E-2 3.63457E-2 3.61428E-2 3.51651E-2 3.60415E-2 3.53111E-2 3.47296E-2 3.71484E-2 3.81866E-2 3.73109E-2 3.53195E-2 3.09407E-2 2.80124E-2 2.52588E-2 2.64231E-2 2.99425E-2 3.57839E-2 3.08556E-2 3.21184E-2 3.42461E-2 2.89281E-2 3.01126E-2 3.14393E-2 3.15554E-2
3.27961E-2 1.7594E-2 1.31781E-2 7.61906E-3 1.46061E-2 2.6391E-2 6.06157E-3 5.0568E-3 3.20015E-3 9.43883E-3 3.40515E-3 4.42657E-3 1.71307E-3 2.42958E-3 1.02735E-3 2.17681E-3 2.32085E-3 4.7112E-3 1.56269E-2 1.27947E-2 6.40552E-3 3.54991E-3 3.02577E-3 2.96683E-3 3.70173E-3 6.29886E-3 8.70525E-3 8.67406E-3 1.57728E-2 1.98602E-2 2.34861E-2 2.77227E-2 2.94691E-2 3.35313E-2 3.99813E-2 3.77653E-2 3.67458E-2 3.55228E-2 3.6446E-2 3.75998E-2 3.46912E-2 3.34282E-2 3.20213E-2 3.30949E-2 3.76735E-2 3.9134E-2 3.82502E-2 3.00397E-2 2.75391E-2 2.7062E-2 2.40393E-2 2.32923E-2 2.24786E-2 2.63332E-2 2.94403E-2 3.25649E-2 3.73368E-2 3.2078E-2 2.84079E-2 2.87982E-2 3.16888E-2
3.34522E-2 5.2995E-2 6.66938E-2 4.922E-2 4.59485E-2 1.90181E-2 1.25145E-2 6.98137E-3 5.69553E-3 6.2595E-3 8.11401E-3 3.49494E-3 2.21437E-3 5.72211E-3 1.54326E-3 2.6329E-3 1.79432E-3 3.17965E-3 2.86542E-3 1.17031E-2 2.08616E-2 6.72929E-3 8.07652E-3 5.37477E-3 2.81525E-3 2.09711E-3 5.48238E-3 4.72676E-3 8.27072E-3 8.64612E-3 1.5357E-2 2.21443E-2 2.82925E-2 3.04445E-2 3.58803E-2 3.45087E-2 3.12045E-2 3.28596E-2 3.58217E-2 3.53196E-2 3.55825E-2 3.49193E-2 3.51729E-2 3.62683E-2 4.10992E-2 4.22972E-2 4.16436E-2 3.73656E-2 3.77459E-2 3.51046E-2 3.30792E-2 3.80522E-2 4.15598E-2 3.97776E-2 3.60127E-2 3.74091E-2 4.20116E-2 3.62828E-2 3.50714E-2 3.48358E-2 3.22653E-2
5.78517E-2 2.79128E-2 2.77797E-2 6.73506E-2 4.53188E-2 8.31078E-3 9.33952E-3 1.34244E-2 4.05435E-3 2.63663E-3 7.73925E-3 9.90615E-3 1.01686E-2 3.82089E-3 2.98984E-3 3.70762E-3 4.38033E-3 2.08598E-3 2.21892E-3 2.37181E-3 6.63057E-3 2.26744E-2 9.64698E-3 9.21189E-3 5.19321E-3 3.68E-3 2.96748E-3 3.58617E-3 5.24692E-3 6.43432E-3 1.02086E-2 1.85755E-2 2.38106E-2 2.56146E-2 2.91993E-2 3.33946E-2 3.13496E-2 3.1753E-2 3.60213E-2 3.51215E-2 3.6731E-2 3.86057E-2 3.70968E-2 3.90834E-2 4.07838E-2 4.34929E-2 4.39624E-2 4.63672E-2 4.61289E-2 4.79242E-2 4.54077E-2 4.33108E-2 4.31304E-2 3.94262E-2 4.0918E-2 4.02254E-2 3.45693E-2 3.45372E-2 3.84274E-2 3.36457E-2 3.20961E-2
3.16331E-2 1.81896E-2 2.5042E-2 4.25353E-2 4.95378E-2 2.1878E-2 4.11277E-2 5.9964E-3 7.68888E-3 3.32381E-3 3.2157E-3 3.02369E-2 5.03476E-3 4.97404E-3 6.67978E-3 3.99951E-3 5.23393E-3 4.48712E-3 3.84031E-3 2.26596E-3 4.26469E-3 1.05056E-2 2.90247E-2 7.8421E-3 1.11677E-2 7.37441E-3 4.48579E-3 3.12362E-3 4.57941E-3 4.41322E-3 7.50897E-3 1.33834E-2 1.92727E-2 2.2954E-2 2.82081E-2 3.28471E-2 3.12704E-2 2.90258E-2 2.97774E-2 2.89547E-2 3.15756E-2 3.82736E-2 3.52986E-2 3.57969E-2 3.99971E-2 4.07895E-2 4.18329E-2 4.42127E-2 4.53141E-2 4.25572E-2 3.67767E-2 3.83094E-2 4.13116E-2 4.0569E-2 3.98231E-2 3.90866E-2 3.76199E-2 3.77899E-2 3.6473E-2 3.37584E-2 3.25124E-2
3.19748E-2 2.46992E-2 4.22283E-2 7.4908E-2 1.65735E-2 2.44433E-2 3.40174E-2 1.05406E-2 8.97316E-3 4.23343E-3 6.98085E-3 3.85782E-2 5.04953E-3 3.91729E-3 3.60462E-3 5.81525E-3 8.54715E-3 1.42213E-2 2.71137E-3 2.34733E-3 2.84389E-3 4.76256E-3 9.67441E-3 2.4817E-2 6.77645E-3 1.48557E-2 4.27494E-3 3.45609E-3 2.90457E-3 5.12568E-3 7.20513E-3 9.99111E-3 1.51823E-2 2.16455E-2 2.72276E-2 3.40645E-2 3.52773E-2 3.27522E-2 2.94385E-2 2.93718E-2 3.27729E-2 3.68038E-2 3.53972E-2 3.90177E-2 4.2972E-2 4.168E-2 4.11763E-2 4.51311E-2 4.29934E-2 4.16881E-2 3.97429E-2 3.90219E-2 3.83558E-2 3.79447E-2 3.97145E-2 3.80901E-2 3.56871E-2 3.34367E-2 3.45429E-2 3.41895E-2 3.41804E-2
1.44594E-2 2.29255E-2 1.19542E-1 8.09684E-2 3.17077E-2 4.75523E-2 2.18219E-2 2.13094E-2 9.27968E-3 4.55736E-3 9.51041E-3 2.28333E-2 1.72742E-2 6.08691E-3 4.82926E-3 3.16012E-3 6.55361E-3 1.88859E-2 3.78019E-3 2.46983E-3 3.55025E-3 3.80664E-3 6.7946E-3 1.76522E-2 1.42618E-2 8.55439E-3 6.9547E-3 6.39437E-3 3.80944E-3 5.98568E-3 4.54244E-3 6.91944E-3 1.04837E-2 1.71541E-2 2.11069E-2 2.77187E-2 3.65485E-2 3.71321E-2 3.53706E-2 3.29004E-2 3.23577E-2 3.58971E-2 4.04355E-2 4.38379E-2 4.75029E-2 4.60704E-2 4.46022E-2 4.05891E-2 4.50913E-2 4.01869E-2 3.82348E-2 3.85576E-2 3.84059E-2 3.84114E-2 3.81816E-2 3.94014E-2 3.34733E-2 3.20893E-2 3.15307E-2 3.39487E-2 3.33954E-2
1.52068E-2 3.15775E-2 1.28081E-1 1.52596E-2 1.11167E-2 8.15919E-3 6.83062E-3 8.74544E-3 7.05223E-3 6.4733E-3 1.26713E-2 1.69829E-2 1.03949E-2 6.92588E-3 1.54733E-2 5.60911E-3 5.95139E-3 1.83473E-2 5.69904E-3 4.24625E-3 3.55876E-3 4.49863E-3 7.17775E-3 1.01281E-2 2.81666E-2 1.09669E-2 6.26337E-3 3.50488E-3 3.89704E-3 6.75176E-3 4.34565E-3 6.09495E-3 7.87289E-3 1.45592E-2 1.92445E-2 2.66883E-2 3.56986E-2 3.92251E-2 3.89438E-2 3.70538E-2 3.63182E-2 3.69558E-2 4.24875E-2 4.37539E-2 4.41752E-2 4.69393E-2 4.73062E-2 4.18867E-2 4.3583E-2 4.10317E-2 3.67386E-2 3.81552E-2 3.85734E-2 3.99705E-2 4.38195E-2 4.22604E-2 3.43733E-2 3.40807E-2 3.76666E-2 3.58337E-2 3.35607E-2
2.85551E-2 6.08024E-2 1.38495E-1 2.11269E-2 1.43372E-2 7.07602E-3 7.96984E-3 7.34108E-3 5.80776E-3 1.49654E-2 3.52953E-2 1.31745E-2 5.76229E-3 4.35499E-3 1.93591E-2 6.72422E-3 5.88532E-3 2.37713E-2 5.85511E-3 3.5738E-3 3.49835E-3 4.0235E-3 5.40271E-3 9.78056E-3 3.75977E-2 6.90446E-3 3.99288E-3 3.64634E-3 4.55494E-3 8.06297E-3 4.2585E-3 6.15719E-3 9.47085E-3 1.42089E-2 1.76195E-2 2.37556E-2 3.4501E-2 3.94196E-2 3.87694E-2 4.00311E-2 4.03769E-2 4.31893E-2 4.96056E-2 4.97662E-2 4.58352E-2 4.53236E-2 4.73221E-2 4.16436E-2 4.27083E-2 3.93823E-2 4.19965E-2 3.92261E-2 3.84235E-2 4.33545E-2 4.50976E-2 3.73968E-2 3.4877E-2 3.42374E-2 3.57638E-2 3.29432E-2 3.22057E-2
1.08868E-1 6.31334E-2 2.40428E-2 1.67045E-2 1.377E-2 8.79488E-3 1.36752E-2 7.25099E-3 8.18022E-3 1.50403E-2 2.88163E-2 6.29017E-3 5.17312E-3 1.05983E-2 1.58912E-2 5.49312E-3 4.96703E-3 2.86804E-2 1.06783E-2 6.24481E-3 8.18711E-3 5.03071E-3 6.75167E-3 1.48087E-2 3.80652E-2 9.34299E-3 4.66126E-3 7.25543E-3 5.13117E-3 7.78168E-3 5.57268E-3 5.6314E-3 7.29387E-3 1.44488E-2 1.90821E-2 2.0857E-2 2.76327E-2 4.07751E-2 4.23256E-2 4.30274E-2 4.29536E-2 4.97673E-2 5.22885E-2 5.24011E-2 5.19917E-2 4.97948E-2 5.02086E-2 4.3624E-2 4.23966E-2 4.09155E-2 4.00054E-2 3.49814E-2 3.57638E-2 3.49986E-2 3.06611E-2 2.70306E-2 2.5909E-2 2.43819E-2 2.448E-2 2.48365E-2 2.72595E-2
6.99081E-2 1.00841E-1 1.39489E-2 1.83737E-2 2.05147E-2 1.62233E-2 1.33927E-2 9.11537E-3 1.42553E-2 1.69644E-2 3.00081E-2 7.89483E-3 1.45744E-2 2.22746E-2 1.18183E-2 1.55497E-2 1.57287E-2 2.33536E-2 2.40711E-2 5.84724E-3 6.59036E-3 8.50152E-3 1.05365E-2 2.06145E-2 3.21165E-2 2.96867E-2 7.57405E-3 9.27563E-3 6.32043E-3 7.28206E-3 7.27561E-3 5.81567E-3 8.90651E-3 1.64899E-2 2.70555E-2 3.07719E-2 3.52454E-2 3.3848E-2 3.57899E-2 4.1443E-2 4.04786E-2 4.69937E-2 4.60736E-2 4.67524E-2 4.51942E-2 4.50936E-2 4.46108E-2 4.19824E-2 3.72247E-2 3.72785E-2 3.52632E-2 3.40901E-2 3.30696E-2 2.83894E-2 2.34485E-2 1.8519E-2 1.68947E-2 1.47091E-2 1.59046E-2 1.70388E-2 1.8414E-2
