maxent_outputs/bumblebees/bombus_162.asc
ncols         426
nrows         180
xllcorner     -130.0
yllcorner     24.0
cellsize      0.16666666666666666
NODATA_value  -9999
[rows 108 to 134 of 180, columns 183 to 243 of 426]
4.51804E-1 4.51744E-1 4.6067E-1 4.67281E-1 4.74719E-1 4.8469E-1 4.92343E-1 5.00205E-1 5.08686E-1 5.18197E-1 5.24692E-1 5.29667E-1 5.39752E-1 5.43698E-1 5.43524E-1 5.45139E-1 5.45833E-1 5.54971E-1 5.61023E-1 5.71286E-1 5.83763E-1 5.96306E-1 6.13646E-1 6.25399E-1 6.3896E-1 6.57429E-1 6.6048E-1 6.61453E-1 6.55074E-1 6.60672E-1 6.73459E-1 6.83688E-1 6.9082E-1 6.92815E-1 6.91021E-1 6.88222E-1 6.83124E-1 6.80119E-1 6.75439E-1 6.77685E-1 6.69134E-1 6.77731E-1 6.96563E-1 7.1235E-1 7.19982E-1 7.2084E-1 7.19791E-1 7.30828E-1 7.40044E-1 7.48694E-1 7.47307E-1 7.41589E-1 7.41066E-1 7.40939E-1 7.47838E-1 7.42833E-1 7.49283E-1 7.54191E-1 7.57673E-1 7.65193E-1 7.60212E-1
4.50769E-1 4.56639E-1 4.6303E-1 4.69994E-1 4.80173E-1 4.89701E-1 4.95433E-1 4.99197E-1 5.04697E-1 5.16105E-1 5.26023E-1 5.33428E-1 5.44876E-1 5.46477E-1 5.46225E-1 5.47744E-1 5.48407E-1 5.53321E-1 5.59628E-1 5.72216E-1 5.87298E-1 6.01293E-1 6.11101E-1 6.24023E-1 6.35186E-1 6.51588E-1 6.59273E-1 6.57441E-1 6.4689E-1 6.59795E-1 6.77501E-1 6.8988E-1 6.95358E-1 7.01155E-1 6.97426E-1 6.93518E-1 6.90126E-1 6.86038E-1 6.88803E-1 6.90092E-1 6.91595E-1 6.92149E-1 7.08349E-1 7.20577E-1 7.29191E-1 7.31469E-1 7.29872E-1 7.38137E-1 7.48306E-1 7.52916E-1 7.50276E-1 7.43504E-1 7.36318E-1 7.35977E-1 7.49287E-1 7.44616E-1 7.46058E-1 7.54832E-1 7.5946E-1 7.6494E-1 7.61804E-1
4.65188E-1 4.69767E-1 4.70634E-1 4.79067E-1 4.8816E-1 4.93044E-1 4.9929E-1 5.009E-1 5.03792E-1 5.10546E-1 5.26604E-1 5.39223E-1 5.46749E-1 5.48915E-1 5.50062E-1 5.51488E-1 5.56681E-1 5.63759E-1 5.67784E-1 5.78902E-1 5.93956E-1 6.02987E-1 6.10465E-1 6.15847E-1 6.29075E-1 6.51949E-1 6.56741E-1 6.52917E-1 6.50995E-1 6.58781E-1 6.73413E-1 6.86572E-1 6.93382E-1 7.01539E-1 7.07721E-1 6.98508E-1 6.95243E-1 6.91673E-1 6.98046E-1 7.00814E-1 7.03592E-1 7.06413E-1 7.18536E-1 7.35766E-1 7.41782E-1 7.39276E-1 7.39408E-1 7.48285E-1 7.57533E-1 7.52787E-1 7.55833E-1 7.49139E-1 7.46074E-1 7.43413E-1 7.49931E-1 7.4819E-1 7.46603E-1 7.57402E-1 7.58606E-1 7.62217E-1 7.64341E-1
4.69726E-1 4.76163E-1 4.80335E-1 4.83318E-1 4.89616E-1 4.91979E-1 4.98144E-1 5.07095E-1 5.12848E-1 5.24412E-1 5.33226E-1 5.42261E-1 5.50724E-1 5.5744E-1 5.58524E-1 5.62599E-1 5.67331E-1 5.74941E-1 5.81013E-1 5.87421E-1 5.95533E-1 6.02269E-1 6.109E-1 6.17716E-1 6.30426E-1 6.4677E-1 6.53828E-1 6.55229E-1 6.52809E-1 6.63216E-1 6.81466E-1 6.87397E-1 6.91414E-1 7.03891E-1 7.06043E-1 6.99384E-1 6.92335E-1 6.95597E-1 6.9972E-1 7.06551E-1 7.06298E-1 7.14494E-1 7.25722E-1 7.37799E-1 7.51509E-1 7.48822E-1 7.52759E-1 7.58337E-1 7.62962E-1 7.6463E-1 7.58011E-1 7.47802E-1 7.50575E-1 7.52411E-1 7.55296E-1 7.54381E-1 7.55275E-1 7.53031E-1 7.56684E-1 7.62307E-1 7.67014E-1
4.68325E-1 4.75685E-1 4.85092E-1 4.87901E-1 4.86665E-1 4.86974E-1 4.99754E-1 5.09691E-1 5.18134E-1 5.29899E-1 5.39887E-1 5.48626E-1 5.58654E-1 5.6608E-1 5.68728E-1 5.73211E-1 5.82718E-1 5.9092E-1 5.92669E-1 5.96811E-1 6.0068E-1 6.0448E-1 6.11371E-1 6.2959E-1 6.36254E-1 6.44266E-1 6.47288E-1 6.50407E-1 6.59658E-1 6.721E-1 6.85208E-1 6.89149E-1 6.93214E-1 7.01729E-1 7.1021E-1 7.17904E-1 7.06303E-1 7.05022E-1 7.05768E-1 7.09179E-1 7.14848E-1 7.31398E-1 7.45296E-1 7.54437E-1 7.59177E-1 7.64547E-1 7.67788E-1 7.66847E-1 7.70508E-1 7.66689E-1 7.6124E-1 7.56148E-1 7.58754E-1 7.61348E-1 7.60467E-1 7.57499E-1 7.58614E-1 7.5553E-1 7.58873E-1 7.64886E-1 7.69128E-1
4.73032E-1 4.79781E-1 4.86716E-1 4.90056E-1 4.88111E-1 4.90025E-1 4.99768E-1 5.11416E-1 5.19943E-1 5.29189E-1 5.40245E-1 5.50689E-1 5.59891E-1 5.68078E-1 5.74205E-1 5.80895E-1 5.90852E-1 6.00603E-1 6.03632E-1 6.05745E-1 6.09036E-1 6.10112E-1 6.2014E-1 6.31538E-1 6.37227E-1 6.46149E-1 6.52652E-1 6.52069E-1 6.67117E-1 6.80019E-1 6.90502E-1 6.88241E-1 6.85461E-1 6.93144E-1 7.09407E-1 7.05816E-1 6.94195E-1 6.98179E-1 7.08294E-1 7.20004E-1 7.25073E-1 7.50727E-1 7.59439E-1 7.63343E-1 7.72376E-1 7.74575E-1 7.74352E-1 7.7173E-1 7.68839E-1 7.64151E-1 7.64344E-1 7.67506E-1 7.67324E-1 7.63398E-1 7.63866E-1 7.61765E-1 7.66173E-1 7.70007E-1 7.67783E-1 7.7185E-1 7.74351E-1
4.83227E-1 4.88549E-1 4.9075E-1 4.98917E-1 5.03814E-1 5.06767E-1 5.06486E-1 5.14519E-1 5.2191E-1 5.29815E-1 5.37069E-1 5.48865E-1 5.59983E-1 5.67144E-1 5.77569E-1 5.87212E-1 5.97874E-1 6.057E-1 6.08201E-1 6.12189E-1 6.16036E-1 6.22523E-1 6.28727E-1 6.33435E-1 6.40311E-1 6.47041E-1 6.47842E-1 6.49781E-1 6.61931E-1 6.81489E-1 6.95113E-1 6.98549E-1 6.84337E-1 7.04763E-1 7.08356E-1 7.09011E-1 7.13845E-1 7.22669E-1 7.32036E-1 7.41734E-1 7.51498E-1 7.66081E-1 7.61026E-1 7.62535E-1 7.68607E-1 7.76465E-1 7.75711E-1 7.67851E-1 7.62873E-1 7.56334E-1 7.57246E-1 7.62725E-1 7.65654E-1 7.6466E-1 7.6237E-1 7.66942E-1 7.66478E-1 7.69621E-1 7.73045E-1 7.80109E-1 7.83497E-1
4.8367E-1 4.90947E-1 4.98596E-1 5.05235E-1 5.17541E-1 5.21033E-1 5.19478E-1 5.18371E-1 5.21371E-1 5.30108E-1 5.42871E-1 5.52866E-1 5.62409E-1 5.71185E-1 5.79705E-1 5.87765E-1 6.00482E-1 6.04139E-1 6.1084E-1 6.17889E-1 6.2481E-1 6.32916E-1 6.37061E-1 6.42052E-1 6.43546E-1 6.46736E-1 6.52577E-1 6.63736E-1 6.80659E-1 6.94293E-1 7.13853E-1 7.19452E-1 7.09869E-1 7.14552E-1 7.22991E-1 7.3346E-1 7.3854E-1 7.51562E-1 7.64245E-1 7.65884E-1 7.69778E-1 7.77911E-1 7.75989E-1 7.75867E-1 7.7278E-1 7.76101E-1 7.71337E-1 7.65302E-1 7.62763E-1 7.56047E-1 7.56178E-1 7.59844E-1 7.66065E-1 7.64752E-1 7.621E-1 7.63867E-1 7.76301E-1 7.75131E-1 7.77488E-1 7.82237E-1 7.84228E-1
4.91468E-1 4.95221E-1 5.01873E-1 5.07263E-1 5.15316E-1 5.21501E-1 5.28022E-1 5.29312E-1 5.30082E-1 5.35502E-1 5.48516E-1 5.5835E-1 5.65614E-1 5.74845E-1 5.79379E-1 5.82002E-1 5.91374E-1 5.99874E-1 6.09049E-1 6.21222E-1 6.33092E-1 6.41049E-1 6.45992E-1 6.47267E-1 6.48055E-1 6.51022E-1 6.63773E-1 6.7525E-1 6.89298E-1 7.08288E-1 7.1879E-1 7.33267E-1 7.36293E-1 7.3937E-1 7.40412E-1 7.41564E-1 7.65002E-1 7.74101E-1 7.73099E-1 7.78571E-1 7.80567E-1 7.86242E-1 7.80843E-1 7.78506E-1 7.77524E-1 7.74626E-1 7.75977E-1 7.67572E-1 7.6114E-1 7.58066E-1 7.57496E-1 7.60175E-1 7.64994E-1 7.72456E-1 7.63924E-1 7.65793E-1 7.72876E-1 7.75317E-1 7.79496E-1 7.83404E-1 7.82957E-1
5.04934E-1 5.07052E-1 5.06575E-1 5.10444E-1 5.20092E-1 5.27917E-1 5.37059E-1 5.37059E-1 5.41274E-1 5.46022E-1 5.52984E-1 5.64201E-1 5.72667E-1 5.8516E-1 5.90116E-1 5.87186E-1 5.91346E-1 6.01425E-1 6.13835E-1 6.25794E-1 6.39946E-1 6.48216E-1 6.50714E-1 6.50784E-1 6.52473E-1 6.55176E-1 6.67716E-1 6.7514E-1 6.91191E-1 7.03411E-1 7.17615E-1 7.34469E-1 7.55729E-1 7.68231E-1 7.66974E-1 7.65593E-1 7.66457E-1 7.69809E-1 7.75491E-1 7.80164E-1 7.84013E-1 7.84744E-1 7.87257E-1 7.8799E-1 7.87599E-1 7.8215E-1 7.78196E-1 7.68912E-1 7.58747E-1 7.53375E-1 7.53638E-1 7.54211E-1 7.63467E-1 7.69829E-1 7.67416E-1 7.67354E-1 7.70362E-1 7.72403E-1 7.84033E-1 7.86824E-1 7.85611E-1
5.13226E-1 5.1625E-1 5.17783E-1 5.24089E-1 5.27651E-1 5.35603E-1 5.42993E-1 5.47315E-1 5.5069E-1 5.52512E-1 5.60585E-1 5.69712E-1 5.79597E-1 5.95537E-1 6.07284E-1 6.0646E-1 6.08523E-1 6.16819E-1 6.22145E-1 6.29955E-1 6.38802E-1 6.50868E-1 6.52416E-1 6.54056E-1 6.58311E-1 6.60438E-1 6.70548E-1 6.81345E-1 6.98723E-1 7.09198E-1 7.14859E-1 7.21524E-1 7.42158E-1 7.58415E-1 7.72001E-1 7.70516E-1 7.7512E-1 7.7591E-1 7.72999E-1 7.70155E-1 7.78433E-1 7.81143E-1 7.87347E-1 7.87936E-1 7.90422E-1 7.85366E-1 7.76787E-1 7.72056E-1 7.61607E-1 7.52749E-1 7.52777E-1 7.55434E-1 7.59794E-1 7.62073E-1 7.65582E-1 7.70387E-1 7.66933E-1 7.71424E-1 7.77519E-1 7.80713E-1 7.77873E-1
5.18191E-1 5.23107E-1 5.28607E-1 5.34624E-1 5.37394E-1 5.43834E-1 5.47819E-1 5.55601E-1 5.59339E-1 5.64243E-1 5.7002E-1 5.80053E-1 5.93382E-1 6.06529E-1 6.15431E-1 6.12864E-1 6.1753E-1 6.26312E-1 6.27297E-1 6.34776E-1 6.42913E-1 6.47806E-1 6.56838E-1 6.72554E-1 6.78302E-1 6.69469E-1 6.75717E-1 6.87625E-1 6.9546E-1 7.01781E-1 7.04981E-1 7.17707E-1 7.4234E-1 7.58604E-1 7.69765E-1 7.79157E-1 7.77684E-1 7.77823E-1 7.69469E-1 7.70346E-1 7.77834E-1 7.83831E-1 7.86303E-1 7.89728E-1 7.9024E-1 7.84664E-1 7.79564E-1 7.72E-1 7.67333E-1 7.57051E-1 7.56279E-1 7.58049E-1 7.59447E-1 7.63027E-1 7.62795E-1 7.68049E-1 7.68756E-1 7.72026E-1 7.76031E-1 7.75107E-1 7.72865E-1
5.22882E-1 5.27951E-1 5.30253E-1 5.33351E-1 5.41022E-1 5.48975E-1 5.55128E-1 5.62263E-1 5.6707E-1 5.73612E-1 5.81889E-1 5.97444E-1 6.04755E-1 6.11893E-1 6.10549E-1 6.1707E-1 6.22283E-1 6.31297E-1 6.23823E-1 6.31911E-1 6.38487E-1 6.50261E-1 6.62094E-1 6.78005E-1 6.83193E-1 6.82693E-1 6.88649E-1 7.00561E-1 7.05969E-1 7.07788E-1 7.1227E-1 7.25266E-1 7.46233E-1 7.62877E-1 7.77476E-1 7.92738E-1 7.90144E-1 7.91131E-1 7.84169E-1 7.78364E-1 7.81165E-1 7.8739E-1 7.88251E-1 7.89941E-1 7.89185E-1 7.85273E-1 7.80331E-1 7.73299E-1 7.66904E-1 7.61193E-1 7.60638E-1 7.58306E-1 7.61921E-1 7.62134E-1 7.63271E-1 7.65596E-1 7.68653E-1 7.69092E-1 7.77044E-1 7.73563E-1 7.67814E-1
5.28342E-1 5.33484E-1 5.29068E-1 5.29932E-1 5.35876E-1 5.47137E-1 5.56199E-1 5.68787E-1 5.71583E-1 5.78118E-1 5.92512E-1 6.07309E-1 6.19987E-1 6.21756E-1 6.20754E-1 6.1814E-1 6.18443E-1 6.21639E-1 6.24379E-1 6.32786E-1 6.4452E-1 6.56E-1 6.65463E-1 6.78891E-1 6.87476E-1 6.95712E-1 6.97721E-1 7.03757E-1 7.13359E-1 7.21958E-1 7.28283E-1 7.41775E-1 7.61437E-1 7.76665E-1 7.89424E-1 8.00399E-1 7.95731E-1 7.98969E-1 7.95802E-1 7.90215E-1 7.87817E-1 7.88794E-1 7.91328E-1 7.89855E-1 7.87904E-1 7.85203E-1 7.83714E-1 7.75846E-1 7.67026E-1 7.62421E-1 7.62957E-1 7.65162E-1 7.67594E-1 7.67041E-1 7.67667E-1 7.69697E-1 7.73002E-1 7.69799E-1 7.77837E-1 7.74192E-1 7.69356E-1
5.27137E-1 5.27937E-1 5.27852E-1 5.33769E-1 5.40762E-1 5.4494E-1 5.52768E-1 5.62871E-1 5.69463E-1 5.79396E-1 5.90074E-1 6.08413E-1 6.18421E-1 6.17259E-1 6.19074E-1 6.12834E-1 6.09912E-1 6.16289E-1 6.28386E-1 6.39166E-1 6.51208E-1 6.60593E-1 6.70316E-1 6.80502E-1 6.91883E-1 6.97293E-1 7.0584E-1 7.13594E-1 7.24383E-1 7.3681E-1 7.47612E-1 7.54851E-1 7.62495E-1 7.7384E-1 7.97735E-1 8.07205E-1 8.05312E-1 8.05368E-1 8.04045E-1 7.97005E-1 7.90976E-1 7.88095E-1 7.90147E-1 7.90138E-1 7.89892E-1 7.8848E-1 7.85337E-1 7.80411E-1 7.72789E-1 7.67862E-1 7.6269E-1 7.64492E-1 7.64506E-1 7.6991E-1 7.76998E-1 7.75274E-1 7.79855E-1 7.76341E-1 7.78147E-1 7.7366E-1 7.70604E-1
5.32547E-1 5.31817E-1 5.30633E-1 5.35932E-1 5.42728E-1 5.47001E-1 5.53347E-1 5.60079E-1 5.68259E-1 5.77114E-1 5.88864E-1 6.03704E-1 6.07727E-1 6.11965E-1 6.20817E-1 6.1077E-1 6.05035E-1 6.18827E-1 6.34518E-1 6.49556E-1 6.60853E-1 6.64885E-1 6.73846E-1 6.82957E-1 6.93416E-1 7.01911E-1 7.09346E-1 7.18388E-1 7.31425E-1 7.48261E-1 7.60745E-1 7.72344E-1 7.71223E-1 7.70773E-1 7.98057E-1 8.09121E-1 8.0782E-1 8.05751E-1 8.05036E-1 7.96039E-1 7.94567E-1 7.93865E-1 7.91913E-1 7.92582E-1 7.95132E-1 7.92251E-1 7.89577E-1 7.82662E-1 7.75418E-1 7.72971E-1 7.65954E-1 7.61734E-1 7.63097E-1 7.73047E-1 7.77132E-1 7.80756E-1 7.83887E-1 7.83852E-1 7.80934E-1 7.8012E-1 7.75855E-1
5.3778E-1 5.35791E-1 5.38715E-1 5.45265E-1 5.4639E-1 5.52842E-1 5.61322E-1 5.65641E-1 5.72594E-1 5.84154E-1 5.8817E-1 6.01345E-1 6.05147E-1 6.10901E-1 6.20557E-1 6.13749E-1 6.15397E-1 6.26269E-1 6.39453E-1 6.54392E-1 6.67517E-1 6.71775E-1 6.82529E-1 6.91025E-1 6.9554E-1 7.05494E-1 7.14646E-1 7.25528E-1 7.3743E-1 7.52772E-1 7.68658E-1 7.82902E-1 7.85595E-1 7.93181E-1 8.00662E-1 8.09171E-1 8.07523E-1 8.09389E-1 8.03765E-1 7.94061E-1 7.90038E-1 8.00841E-1 7.9904E-1 8.00072E-1 8.01397E-1 8.00605E-1 7.93593E-1 7.79843E-1 7.71602E-1 7.72852E-1 7.71331E-1 7.64632E-1 7.67854E-1 7.74967E-1 7.81668E-1 7.85287E-1 7.84211E-1 7.86321E-1 7.86958E-1 7.85501E-1 7.84127E-1
5.54108E-1 5.47234E-1 5.51591E-1 5.60283E-1 5.6236E-1 5.66089E-1 5.74616E-1 5.78065E-1 5.82379E-1 5.87149E-1 5.93962E-1 6.04433E-1 6.1261E-1 6.18041E-1 6.2781E-1 6.32148E-1 6.31793E-1 6.35017E-1 6.41725E-1 6.54105E-1 6.70718E-1 6.76323E-1 6.81834E-1 6.90343E-1 6.96835E-1 7.0429E-1 7.16845E-1 7.23278E-1 7.41047E-1 7.53895E-1 7.65674E-1 7.69543E-1 7.79298E-1 7.942E-1 8.02359E-1 8.0602E-1 8.01332E-1 8.01772E-1 8.0015E-1 7.92871E-1 7.91874E-1 7.99593E-1 8.03399E-1 8.02825E-1 8.07708E-1 8.02828E-1 7.91666E-1 7.81251E-1 7.70167E-1 7.69805E-1 7.77538E-1 7.68736E-1 7.7017E-1 7.75279E-1 7.80285E-1 7.80383E-1 7.7639E-1 7.82566E-1 7.86794E-1 7.90646E-1 7.90145E-1
5.65026E-1 5.62783E-1 5.70059E-1 5.75281E-1 5.78132E-1 5.87687E-1 5.96224E-1 5.92602E-1 5.91381E-1 5.94085E-1 6.00822E-1 6.14685E-1 6.25867E-1 6.27187E-1 6.3188E-1 6.41993E-1 6.51109E-1 6.48114E-1 6.47277E-1 6.59755E-1 6.73487E-1 6.78938E-1 6.76471E-1 6.91804E-1 6.9584E-1 7.03501E-1 7.10247E-1 7.21573E-1 7.43892E-1 7.55298E-1 7.64015E-1 7.7532E-1 7.84571E-1 7.94818E-1 8.02229E-1 8.05248E-1 8.00563E-1 8.00225E-1 7.99363E-1 7.98196E-1 7.96621E-1 8.00732E-1 8.02547E-1 8.03687E-1 8.03816E-1 7.97521E-1 7.89536E-1 7.82921E-1 7.73488E-1 7.7641E-1 7.79748E-1 7.70549E-1 7.74711E-1 7.75935E-1 7.76022E-1 7.7828E-1 7.7675E-1 7.81389E-1 7.85851E-1 7.89079E-1 7.90729E-1
5.72343E-1 5.67937E-1 5.78465E-1 5.90929E-1 5.89736E-1 5.95682E-1 6.03408E-1 6.01202E-1 5.94988E-1 5.96238E-1 6.00821E-1 6.1297E-1 6.34668E-1 6.34882E-1 6.35649E-1 6.47529E-1 6.57441E-1 6.56576E-1 6.58956E-1 6.64703E-1 6.73526E-1 6.74369E-1 6.72685E-1 6.82249E-1 6.88641E-1 7.01745E-1 7.16027E-1 7.33693E-1 7.48495E-1 7.66982E-1 7.68971E-1 7.78748E-1 7.94931E-1 7.98522E-1 8.01189E-1 8.00045E-1 7.94539E-1 7.94815E-1 7.94665E-1 7.95893E-1 7.94056E-1 7.97712E-1 8.07788E-1 7.99293E-1 7.98111E-1 7.99266E-1 7.89873E-1 7.82609E-1 7.78243E-1 7.82116E-1 7.85485E-1 7.80227E-1 7.78417E-1 7.77691E-1 7.814E-1 7.78289E-1 7.82916E-1 7.82916E-1 7.89336E-1 7.9132E-1 7.9131E-1
5.81497E-1 5.81332E-1 5.89929E-1 5.91159E-1 5.92907E-1 5.97189E-1 6.00601E-1 6.02699E-1 5.9349E-1 5.94732E-1 5.99008E-1 6.03013E-1 6.16036E-1 6.20938E-1 6.31059E-1 6.44702E-1 6.50651E-1 6.58931E-1 6.6415E-1 6.69739E-1 6.72662E-1 6.7302E-1 6.73927E-1 6.81134E-1 6.91388E-1 7.01314E-1 7.15615E-1 7.37294E-1 7.56899E-1 7.65316E-1 7.75015E-1 7.81165E-1 7.84258E-1 7.9174E-1 7.90814E-1 7.85229E-1 7.81266E-1 7.87389E-1 7.89492E-1 7.93139E-1 7.91305E-1 7.95902E-1 8.0224E-1 8.0303E-1 7.9454E-1 7.98964E-1 7.9365E-1 7.83574E-1 7.83366E-1 7.83872E-1 7.87048E-1 7.84418E-1 7.84006E-1 7.82311E-1 7.8288E-1 7.85852E-1 7.89491E-1 7.97159E-1 7.93627E-1 7.97265E-1 7.96316E-1
5.86023E-1 5.95529E-1 5.93645E-1 5.87352E-1 5.86425E-1 5.94594E-1 6.02311E-1 5.9781E-1 5.95243E-1 5.93233E-1 5.96682E-1 5.99979E-1 6.05979E-1 6.14655E-1 6.25659E-1 6.39443E-1 6.45539E-1 6.5498E-1 6.67881E-1 6.8061E-1 6.82711E-1 6.79539E-1 6.80926E-1 6.893E-1 6.97453E-1 7.08774E-1 7.19839E-1 7.36589E-1 7.56663E-1 7.68788E-1 7.73915E-1 7.74299E-1 7.76898E-1 7.7716E-1 7.77887E-1 7.65052E-1 7.71161E-1 7.78351E-1 7.87804E-1 7.92205E-1 7.92735E-1 7.98755E-1 8.02894E-1 8.03065E-1 7.95683E-1 8.03773E-1 7.98924E-1 7.91751E-1 7.90637E-1 7.89482E-1 7.87833E-1 7.91751E-1 7.88318E-1 7.86834E-1 7.88441E-1 7.99738E-1 8.1144E-1 8.00366E-1 8.01148E-1 8.07141E-1 8.06719E-1
5.8465E-1 5.96854E-1 5.898E-1 5.82874E-1 5.86236E-1 5.87764E-1 5.97565E-1 5.96703E-1 5.99835E-1 5.95924E-1 5.94584E-1 5.97028E-1 6.06933E-1 6.18129E-1 6.26909E-1 6.3681E-1 6.39294E-1 6.53412E-1 6.72727E-1 6.87383E-1 6.96424E-1 6.92082E-1 6.96909E-1 7.01764E-1 7.12951E-1 7.17329E-1 7.25158E-1 7.34844E-1 7.50115E-1 7.6868E-1 7.67974E-1 7.72668E-1 7.72276E-1 7.69043E-1 7.60686E-1 7.5934E-1 7.67757E-1 7.74282E-1 7.88712E-1 7.96651E-1 8.05327E-1 8.11125E-1 8.1173E-1 8.0948E-1 8.08498E-1 8.11038E-1 8.07324E-1 7.9748E-1 7.95982E-1 7.90647E-1 7.92373E-1 7.95646E-1 7.92385E-1 7.90798E-1 7.96404E-1 8.07215E-1 8.05461E-1 8.04206E-1 8.06122E-1 8.15313E-1 8.1319E-1
5.79536E-1 5.82029E-1 5.861E-1 5.86833E-1 5.89981E-1 5.93157E-1 6.01283E-1 6.01225E-1 6.04623E-1 6.04209E-1 6.01867E-1 6.06929E-1 6.23087E-1 6.2878E-1 6.33969E-1 6.32779E-1 6.34805E-1 6.53957E-1 6.80382E-1 6.9029E-1 6.96061E-1 7.04746E-1 7.09551E-1 7.13902E-1 7.20209E-1 7.19159E-1 7.21835E-1 7.33049E-1 7.48901E-1 7.55704E-1 7.66538E-1 7.69594E-1 7.68797E-1 7.66141E-1 7.58997E-1 7.59925E-1 7.68048E-1 7.80416E-1 7.91267E-1 8.07622E-1 8.1596E-1 8.189E-1 8.15684E-1 8.12324E-1 8.16731E-1 8.17292E-1 8.13079E-1 8.04904E-1 8.00154E-1 7.96904E-1 8.03245E-1 8.02047E-1 8.02819E-1 8.0407E-1 8.09721E-1 8.11386E-1 8.10654E-1 8.0401E-1 8.0949E-1 8.1505E-1 8.10486E-1
5.77283E-1 5.85151E-1 5.92723E-1 5.96266E-1 6.03036E-1 6.03893E-1 6.06364E-1 6.11185E-1 6.11844E-1 6.13898E-1 6.16117E-1 6.2371E-1 6.40192E-1 6.4085E-1 6.41863E-1 6.36098E-1 6.36613E-1 6.5364E-1 6.7892E-1 6.92014E-1 7.01417E-1 7.11874E-1 7.18909E-1 7.21898E-1 7.24234E-1 7.29679E-1 7.26181E-1 7.34894E-1 7.46836E-1 7.5714E-1 7.64538E-1 7.68832E-1 7.70078E-1 7.73344E-1 7.63716E-1 7.69468E-1 7.76815E-1 7.86303E-1 8.01118E-1 8.12195E-1 8.17707E-1 8.19103E-1 8.19207E-1 8.18322E-1 8.20041E-1 8.24651E-1 8.29309E-1 8.18551E-1 8.10412E-1 8.0905E-1 8.15369E-1 8.13048E-1 8.15959E-1 8.18591E-1 8.26446E-1 8.20437E-1 8.16225E-1 8.1187E-1 8.1117E-1 8.06926E-1 8.08298E-1
5.73066E-1 5.84731E-1 5.91541E-1 5.9484E-1 6.07154E-1 6.1166E-1 6.14187E-1 6.13708E-1 6.14855E-1 6.22956E-1 6.29018E-1 6.39034E-1 6.4282E-1 6.45743E-1 6.49029E-1 6.47602E-1 6.49734E-1 6.65935E-1 6.8106E-1 6.95079E-1 7.0573E-1 7.20142E-1 7.25228E-1 7.3455E-1 7.32358E-1 7.35421E-1 7.37634E-1 7.41154E-1 7.50952E-1 7.59057E-1 7.64269E-1 7.72332E-1 7.74229E-1 7.79015E-1 7.83502E-1 7.8386E-1 7.9556E-1 7.97721E-1 8.04921E-1 8.12455E-1 8.19841E-1 8.29766E-1 8.2688E-1 8.21576E-1 8.27114E-1 8.28479E-1 8.35192E-1 8.34159E-1 8.31368E-1 8.27199E-1 8.24722E-1 8.28159E-1 8.2928E-1 8.29415E-1 8.28611E-1 8.2309E-1 8.21737E-1 8.20247E-1 8.17649E-1 8.13532E-1 8.13709E-1
5.74371E-1 5.79811E-1 5.88569E-1 5.98438E-1 6.06576E-1 6.13887E-1 6.12929E-1 6.18678E-1 6.19861E-1 6.2888E-1 6.40821E-1 6.48583E-1 6.47647E-1 6.59573E-1 6.61144E-1 6.57854E-1 6.61315E-1 6.75308E-1 6.87953E-1 6.9901E-1 7.17294E-1 7.27032E-1 7.3084E-1 7.38905E-1 7.38304E-1 7.41481E-1 7.41156E-1 7.46671E-1 7.57896E-1 7.61199E-1 7.70333E-1 7.75834E-1 7.79835E-1 7.8633E-1 8.08399E-1 8.03876E-1 8.07602E-1 8.07923E-1 8.12839E-1 8.19202E-1 8.31132E-1 8.41568E-1 8.41303E-1 8.34397E-1 8.38003E-1 8.37238E-1 8.45924E-1 8.49413E-1 8.50409E-1 8.46107E-1 8.39577E-1 8.32438E-1 8.32578E-1 8.29567E-1 8.30132E-1 8.32072E-1 8.30164E-1 8.29118E-1 8.29988E-1 8.28343E-1 8.27157E-1
