maxent_outputs/bumblebees/bombus_39.asc
ncols         426
nrows         180
xllcorner     -130.0
yllcorner     24.0
cellsize      0.16666666666666666
NODATA_value  -9999
[rows 0 to 26 of 180, columns 0 to 60 of 426]
2.8836E-1 2.58805E-1 2.24135E-1 1.28993E-1 1.47474E-1 2.05072E-1 3.04725E-1 4.0876E-1 2.47103E-1 1.48301E-1 7.78304E-2 3.4058E-2 3.60629E-2 3.66402E-2 4.01389E-2 4.90808E-2 4.52985E-2 4.49328E-2 4.81788E-2 4.47783E-2 5.21392E-2 6.35414E-2 5.87762E-2 5.20446E-2 4.58642E-2 4.53549E-2 4.64969E-2 4.32917E-2 3.98254E-2 3.9403E-2 3.55612E-2 3.84199E-2 3.99043E-2 3.67446E-2 3.57532E-2 3.6545E-2 3.28224E-2 3.44963E-2 4.00435E-2 3.89718E-2 4.57729E-2 4.52266E-2 4.73335E-2 5.13904E-2 4.61849E-2 4.13833E-2 4.71883E-2 4.52167E-2 4.32902E-2 4.63077E-2 4.43497E-2 3.47362E-2 2.4242E-2 2.15128E-2 2.50199E-2 1.96259E-2 1.70782E-2 1.13931E-2 1.33734E-2 1.23665E-2 1.24156E-2
4.54408E-1 3.42723E-1 2.03495E-1 2.81019E-1 2.1724E-1 3.40286E-1 4.5365E-1 3.37746E-1 1.54966E-1 1.55804E-1 1.04808E-1 5.68139E-2 4.2953E-2 3.60151E-2 5.13002E-2 3.57387E-2 3.23027E-2 4.86658E-2 5.26214E-2 6.04966E-2 5.52963E-2 3.78849E-2 5.62608E-2 6.0508E-2 5.59762E-2 4.23511E-2 4.03851E-2 3.92857E-2 3.8428E-2 3.52525E-2 3.20129E-2 3.59113E-2 3.86341E-2 3.27714E-2 2.52342E-2 2.46036E-2 2.57927E-2 3.22147E-2 3.71225E-2 3.58732E-2 4.06092E-2 4.55823E-2 4.53392E-2 5.04272E-2 4.48774E-2 3.63861E-2 3.84604E-2 3.36449E-2 3.29841E-2 3.64025E-2 2.20807E-2 2.73361E-2 3.51863E-2 4.31579E-2 4.34137E-2 2.18008E-2 1.61091E-2 1.66903E-2 1.57605E-2 1.37288E-2 1.31904E-2
5.99191E-1 4.2512E-1 4.27245E-1 3.17277E-1 4.24857E-1 2.94815E-1 3.51598E-1 2.94633E-1 1.35133E-1 1.43639E-1 1.05632E-1 1.08254E-1 1.36905E-1 4.79502E-2 4.14647E-2 2.93028E-2 4.23694E-2 3.92304E-2 5.54226E-2 6.47714E-2 4.2203E-2 3.48469E-2 4.51365E-2 4.47496E-2 3.78148E-2 4.21132E-2 3.71179E-2 3.66696E-2 3.86553E-2 3.5401E-2 3.7012E-2 3.61454E-2 2.9602E-2 2.58635E-2 2.71326E-2 2.48992E-2 2.55076E-2 2.83685E-2 3.2289E-2 3.3405E-2 3.86358E-2 4.25522E-2 3.93838E-2 5.14236E-2 4.34374E-2 2.54815E-2 2.48099E-2 3.33426E-2 2.37212E-2 2.5959E-2 2.72831E-2 1.91948E-2 1.49798E-2 1.59995E-2 2.15358E-2 3.93929E-2 3.97905E-2 1.53892E-2 1.34948E-2 1.31791E-2 1.30454E-2
6.64727E-1 5.16284E-1 4.57815E-1 4.84114E-1 4.45502E-1 3.63359E-1 3.64663E-1 2.47517E-1 2.38866E-1 1.73827E-1 1.4918E-1 1.79458E-1 8.20515E-2 6.12715E-2 4.29267E-2 3.92925E-2 4.98648E-2 6.01229E-2 7.77861E-2 6.19189E-2 4.19888E-2 2.5448E-2 3.18702E-2 3.56588E-2 4.21582E-2 4.02318E-2 4.17751E-2 4.63055E-2 4.51841E-2 4.18513E-2 4.02943E-2 2.90785E-2 2.90075E-2 2.68175E-2 2.83043E-2 3.10222E-2 2.91866E-2 3.07278E-2 3.25068E-2 3.17715E-2 3.47644E-2 4.01636E-2 4.24746E-2 5.03753E-2 4.56583E-2 3.1891E-2 2.6358E-2 2.65426E-2 2.42565E-2 2.17797E-2 2.48113E-2 2.24795E-2 1.58827E-2 1.33046E-2 1.30433E-2 1.55974E-2 2.06887E-2 3.37144E-2 2.23122E-2 1.23091E-2 1.32677E-2
5.70441E-1 6.12499E-1 5.7552E-1 5.99443E-1 4.53964E-1 4.88234E-1 3.69835E-1 2.76648E-1 1.8925E-1 1.38847E-1 9.9243E-2 1.23163E-1 1.70952E-1 1.36434E-1 6.85254E-2 6.80813E-2 5.36481E-2 4.43425E-2 5.06619E-2 5.44856E-2 6.82865E-2 6.21435E-2 4.69672E-2 4.58063E-2 4.72615E-2 4.37511E-2 4.29838E-2 3.9628E-2 2.92062E-2 2.62532E-2 2.89524E-2 3.17814E-2 2.65834E-2 2.42465E-2 2.54914E-2 3.06127E-2 3.4836E-2 3.36705E-2 3.36958E-2 3.35708E-2 3.41709E-2 3.8066E-2 4.7188E-2 4.92669E-2 4.38029E-2 4.01453E-2 2.98825E-2 2.81509E-2 2.35833E-2 2.15742E-2 2.19027E-2 2.78491E-2 2.53943E-2 1.58538E-2 1.47254E-2 1.24304E-2 1.03985E-2 1.0889E-2 1.63829E-2 3.00895E-2 1.97588E-2
7.62775E-1 6.8808E-1 6.47401E-1 5.47344E-1 5.30922E-1 4.25145E-1 3.20546E-1 2.51261E-1 3.2662E-1 2.36442E-1 1.05446E-1 1.02151E-1 1.38056E-1 1.54626E-1 1.22593E-1 6.69912E-2 5.77768E-2 7.47262E-2 3.14171E-2 4.2872E-2 3.58558E-2 4.45929E-2 5.23742E-2 4.72169E-2 4.64479E-2 4.67712E-2 4.16995E-2 3.68388E-2 3.22085E-2 2.83591E-2 2.71151E-2 3.12643E-2 3.05909E-2 3.1198E-2 2.66503E-2 2.54416E-2 3.04825E-2 3.04604E-2 3.54062E-2 2.78548E-2 2.54891E-2 3.3354E-2 3.25829E-2 4.20666E-2 5.38311E-2 4.54929E-2 3.8849E-2 3.0764E-2 2.21276E-2 1.94884E-2 1.88443E-2 1.9361E-2 2.25555E-2 1.95124E-2 1.34309E-2 1.37659E-2 1.0703E-2 9.23778E-3 1.15648E-2 1.13648E-2 1.97034E-2
-9999 8.03431E-1 6.97233E-1 7.01108E-1 6.57823E-1 5.21997E-1 3.68946E-1 3.1994E-1 3.41935E-1 3.15109E-1 1.82303E-1 2.12174E-1 1.21996E-1 1.08448E-1 6.42208E-2 5.57106E-2 4.71267E-2 1.43635E-1 4.06852E-2 8.37172E-2 3.59207E-2 5.39198E-2 6.14319E-2 5.23068E-2 4.7976E-2 4.29013E-2 3.66941E-2 3.18687E-2 2.86689E-2 2.83162E-2 2.72951E-2 2.6902E-2 2.63403E-2 2.57573E-2 2.74991E-2 2.64793E-2 2.79816E-2 2.84234E-2 3.40719E-2 2.88896E-2 2.47558E-2 3.24857E-2 3.15758E-2 3.44477E-2 4.96439E-2 5.62539E-2 4.61306E-2 3.48476E-2 2.72415E-2 2.07194E-2 1.7139E-2 1.59555E-2 2.22583E-2 1.94488E-2 1.60927E-2 1.38751E-2 1.28373E-2 1.12181E-2 8.52659E-3 8.21333E-3 1.30578E-2
-9999 -9999 -9999 8.35435E-1 6.00197E-1 5.76766E-1 4.39906E-1 3.93091E-1 3.77853E-1 4.98517E-1 3.90174E-1 2.99394E-1 2.01948E-1 9.54888E-2 6.80273E-2 6.5887E-2 5.91881E-2 1.00897E-1 1.7284E-1 6.63487E-2 5.37043E-2 6.40886E-2 7.33529E-2 4.55243E-2 2.92126E-2 2.34742E-2 3.54312E-2 2.4816E-2 1.63262E-2 2.26567E-2 1.8608E-2 1.8056E-2 1.94639E-2 2.22518E-2 2.59489E-2 2.4508E-2 2.49645E-2 2.67901E-2 2.94474E-2 2.71586E-2 2.25725E-2 2.755E-2 2.72708E-2 2.83741E-2 5.02352E-2 5.53095E-2 3.73113E-2 3.88606E-2 2.90282E-2 2.66293E-2 2.02355E-2 2.22498E-2 1.77504E-2 1.66077E-2 1.9404E-2 1.88066E-2 1.2246E-2 1.36814E-2 1.04853E-2 9.47036E-3 1.05337E-2
-9999 -9999 -9999 9.22075E-1 7.20089E-1 5.88042E-1 5.45393E-1 5.93521E-1 4.53748E-1 4.8172E-1 4.52287E-1 3.9957E-1 3.14185E-1 1.54818E-1 1.5374E-1 1.08452E-1 1.84082E-1 1.6014E-1 7.36071E-2 5.15353E-2 4.52426E-2 3.75362E-2 3.87706E-2 2.32194E-2 2.08241E-2 2.12945E-2 3.0179E-2 2.99066E-2 2.62374E-2 2.44211E-2 2.1791E-2 2.08469E-2 2.60006E-2 2.26527E-2 2.32612E-2 2.16641E-2 2.25271E-2 2.45588E-2 2.05129E-2 2.15154E-2 2.03654E-2 2.25797E-2 2.2356E-2 2.71605E-2 4.79864E-2 5.40458E-2 3.23888E-2 3.94353E-2 4.13142E-2 3.40954E-2 3.71243E-2 2.735E-2 2.53289E-2 3.10458E-2 2.94904E-2 1.87639E-2 2.00901E-2 2.30353E-2 1.67378E-2 1.10329E-2 9.39007E-3
-9999 -9999 -9999 -9999 -9999 8.43578E-1 7.18108E-1 6.35471E-1 5.14279E-1 5.64327E-1 5.22513E-1 4.59166E-1 4.02745E-1 2.83383E-1 2.02677E-1 2.33886E-1 2.94945E-1 1.23739E-1 1.23128E-1 1.71293E-1 1.29792E-1 8.00194E-2 5.07017E-2 4.92438E-2 4.56658E-2 4.12427E-2 3.6531E-2 3.11854E-2 2.73211E-2 2.50199E-2 2.40777E-2 2.32778E-2 2.53052E-2 2.07777E-2 2.1505E-2 1.68214E-2 1.73752E-2 1.95924E-2 1.95943E-2 2.04844E-2 2.06094E-2 2.1955E-2 2.24894E-2 2.39203E-2 3.20002E-2 4.62869E-2 4.30445E-2 3.66801E-2 3.81831E-2 4.18516E-2 4.23717E-2 4.475E-2 3.92449E-2 3.10565E-2 3.12814E-2 2.01517E-2 1.1269E-2 1.47152E-2 1.99055E-2 1.57434E-2 1.65793E-2
-9999 -9999 -9999 -9999 -9999 -9999 -9999 6.71443E-1 6.27402E-1 6.96E-1 6.12913E-1 5.69767E-1 4.63504E-1 3.98722E-1 2.98911E-1 2.46955E-1 1.9328E-1 1.25509E-1 2.17684E-1 5.93785E-2 4.51521E-2 4.45489E-2 1.93328E-2 3.36142E-2 2.26688E-2 4.25957E-2 2.196E-2 2.77829E-2 3.13805E-2 2.60748E-2 2.727E-2 2.739E-2 2.91855E-2 2.46868E-2 1.94501E-2 1.85325E-2 1.77896E-2 1.70389E-2 2.05043E-2 1.77938E-2 1.78116E-2 2.18535E-2 1.96701E-2 2.07998E-2 2.51016E-2 3.39641E-2 5.26585E-2 4.27577E-2 3.4293E-2 3.28878E-2 3.36112E-2 3.57775E-2 2.71368E-2 2.4636E-2 2.67195E-2 2.20333E-2 1.31169E-2 1.33176E-2 3.3261E-2 1.4662E-2 1.40734E-2
-9999 -9999 -9999 -9999 -9999 -9999 -9999 -9999 8.71206E-1 7.79464E-1 7.23255E-1 5.9732E-1 5.38883E-1 3.84582E-1 3.72855E-1 2.26465E-1 1.59652E-1 8.61632E-2 6.06272E-2 1.62542E-1 1.61593E-1 4.053E-2 1.50908E-2 1.73022E-2 3.03713E-2 2.42219E-2 2.05053E-2 2.43783E-2 2.83805E-2 3.3117E-2 3.07008E-2 3.05594E-2 3.03776E-2 2.57603E-2 2.20847E-2 2.38809E-2 1.98184E-2 1.88547E-2 2.11249E-2 2.09413E-2 2.5048E-2 2.37494E-2 2.13477E-2 2.05955E-2 3.05211E-2 3.16762E-2 5.4569E-2 4.82253E-2 4.47681E-2 3.58159E-2 2.73743E-2 2.96759E-2 2.79852E-2 1.9389E-2 1.43248E-2 1.98356E-2 1.68077E-2 1.34614E-2 2.30017E-2 2.91921E-2 1.73415E-2
-9999 -9999 -9999 -9999 -9999 -9999 -9999 -9999 -9999 8.92473E-1 8.31443E-1 6.29948E-1 6.6675E-1 4.55867E-1 2.63467E-1 1.77953E-1 1.91403E-1 8.51529E-2 5.12862E-2 1.41006E-1 9.56865E-2 4.82271E-2 3.80223E-2 1.63915E-2 1.25707E-2 2.80838E-2 1.81441E-2 1.78868E-2 2.66254E-2 2.97042E-2 3.5355E-2 3.55487E-2 3.10873E-2 3.05634E-2 2.86162E-2 2.62636E-2 2.07865E-2 2.20663E-2 1.85817E-2 1.9647E-2 2.44977E-2 2.7662E-2 2.85994E-2 2.60923E-2 3.27054E-2 3.34154E-2 4.18759E-2 3.44206E-2 4.10364E-2 4.25128E-2 3.60211E-2 3.14127E-2 2.72852E-2 3.80654E-2 3.69997E-2 3.82207E-2 3.60312E-2 3.11176E-2 3.08921E-2 4.58296E-2 1.53785E-2
-9999 -9999 -9999 -9999 -9999 -9999 -9999 -9999 -9999 -9999 8.9409E-1 8.00525E-1 7.09926E-1 4.85454E-1 3.3985E-1 3.81334E-1 2.68815E-1 2.06115E-1 1.13777E-1 1.1856E-1 1.8976E-1 6.05471E-2 3.58275E-2 2.69007E-2 1.42979E-2 2.28851E-2 4.43242E-2 2.69946E-2 1.84864E-2 1.37288E-2 2.1621E-2 3.52119E-2 2.34283E-2 3.82601E-2 3.02939E-2 2.81602E-2 2.53694E-2 2.38773E-2 2.33675E-2 2.28099E-2 2.13012E-2 2.16781E-2 2.21537E-2 2.73778E-2 3.22336E-2 5.34426E-2 3.99217E-2 3.40542E-2 3.06332E-2 3.40607E-2 4.08104E-2 4.03227E-2 3.89453E-2 3.89005E-2 3.5534E-2 2.97202E-2 2.25639E-2 1.83467E-2 1.48612E-2 2.86846E-2 1.50182E-2
-9999 -9999 -9999 -9999 -9999 -9999 -9999 -9999 -9999 -9999 -9999 6.86311E-1 5.85623E-1 7.61312E-1 5.67418E-1 3.61488E-1 2.18684E-1 1.66527E-1 1.27851E-1 1.3358E-1 9.90777E-2 5.96026E-2 4.02401E-2 1.56992E-2 1.47408E-2 2.3863E-2 5.99391E-2 2.45113E-2 1.37903E-2 1.91016E-2 1.79763E-2 1.38204E-2 1.39095E-2 3.8385E-2 2.88249E-2 2.81038E-2 2.51813E-2 2.74586E-2 2.43737E-2 2.25411E-2 2.38557E-2 2.37314E-2 2.21931E-2 2.34294E-2 2.90574E-2 4.61948E-2 4.67023E-2 3.09673E-2 2.73934E-2 2.50656E-2 2.85232E-2 3.12304E-2 3.08459E-2 3.21812E-2 3.10774E-2 2.75814E-2 2.01712E-2 1.64309E-2 2.66095E-2 3.9519E-2 2.50095E-2
-9999 -9999 -9999 -9999 -9999 -9999 -9999 -9999 -9999 -9999 -9999 8.28703E-1 7.62904E-1 8.78201E-1 6.36034E-1 4.59635E-1 3.63445E-1 3.09655E-1 1.37806E-1 7.7064E-2 7.02341E-2 6.11901E-2 3.13456E-2 1.76199E-2 3.03145E-2 6.13184E-2 4.2687E-2 1.40611E-2 1.03318E-2 2.05981E-2 2.72686E-2 2.31369E-2 2.47686E-2 3.20847E-2 2.18983E-2 3.30428E-2 1.77109E-2 2.00923E-2 2.56787E-2 2.17917E-2 2.29416E-2 2.39129E-2 2.13869E-2 2.18647E-2 2.745E-2 3.72205E-2 6.09554E-2 3.52903E-2 2.93303E-2 2.34958E-2 2.51249E-2 2.57396E-2 2.66819E-2 3.16499E-2 3.02208E-2 2.88916E-2 2.44119E-2 1.97146E-2 3.75369E-2 2.37417E-2 1.38257E-2
-9999 -9999 -9999 -9999 -9999 -9999 -9999 -9999 -9999 -9999 -9999 -9999 -9999 8.87057E-1 7.59382E-1 6.92319E-1 5.14622E-1 3.75844E-1 1.73519E-1 1.38651E-1 2.09919E-1 9.9266E-2 9.70405E-2 6.422E-2 3.39769E-2 9.02011E-2 1.07681E-1 2.79112E-2 1.57135E-2 4.10236E-2 7.00463E-2 2.28351E-2 1.28227E-2 1.29391E-2 1.34925E-2 4.64551E-2 2.07131E-2 1.57308E-2 2.21159E-2 1.06106E-2 1.03877E-2 1.39878E-2 1.60781E-2 2.00927E-2 1.92099E-2 2.33712E-2 4.29219E-2 4.48929E-2 2.75914E-2 2.77912E-2 2.73949E-2 2.86651E-2 3.06097E-2 3.52894E-2 3.31732E-2 2.76315E-2 2.37362E-2 2.03738E-2 3.06987E-2 3.55452E-2 3.29801E-2
-9999 -9999 -9999 -9999 -9999 -9999 -9999 -9999 -9999 -9999 -9999 -9999 -9999 9.08515E-1 8.27389E-1 7.80391E-1 6.25935E-1 5.75675E-1 5.0672E-1 4.63013E-1 2.79666E-1 2.01712E-1 1.41228E-1 1.92436E-1 6.05393E-2 9.35106E-2 3.45286E-1 3.87034E-2 1.50676E-2 7.2202E-2 1.05756E-1 2.92055E-2 1.04261E-2 1.57273E-2 1.51152E-2 1.94556E-2 1.36317E-2 9.30793E-3 1.36928E-2 1.06148E-2 8.92755E-3 9.12353E-3 1.39358E-2 1.93922E-2 1.2405E-2 1.58134E-2 2.17569E-2 4.77996E-2 3.66379E-2 2.71699E-2 3.76292E-2 4.11091E-2 3.026E-2 2.9309E-2 3.46792E-2 2.92123E-2 2.14134E-2 1.80066E-2 3.65211E-2 3.63622E-2 2.81179E-2
-9999 -9999 -9999 -9999 -9999 9.99473E-1 -9999 -9999 -9999 -9999 9.74035E-1 9.04067E-1 9.29302E-1 9.25319E-1 9.69185E-1 8.88952E-1 8.45584E-1 8.03562E-1 7.81875E-1 6.71764E-1 5.52739E-1 3.98752E-1 3.71617E-1 2.04985E-1 1.70797E-1 1.53126E-1 2.70085E-1 1.28828E-1 3.71806E-2 4.04536E-2 1.94523E-1 1.26896E-1 3.73884E-2 4.15849E-2 1.71258E-2 1.87389E-2 1.23439E-2 8.06857E-3 1.13005E-2 1.34892E-2 1.0888E-2 1.08827E-2 2.08939E-2 2.85019E-2 1.96177E-2 1.47206E-2 2.67395E-2 2.79321E-2 5.39082E-2 2.96808E-2 3.58037E-2 5.00043E-2 3.06807E-2 2.92893E-2 4.48253E-2 3.38432E-2 2.19965E-2 2.61928E-2 5.96144E-2 2.78528E-2 1.82267E-2
-9999 -9999 -9999 -9999 -9999 -9999 9.99532E-1 9.82641E-1 9.87559E-1 9.69793E-1 9.07136E-1 7.12108E-1 5.85015E-1 5.58874E-1 7.19965E-1 9.13907E-1 9.28666E-1 9.53956E-1 9.08881E-1 8.4404E-1 8.42067E-1 6.35467E-1 4.98127E-1 3.65438E-1 2.79572E-1 3.20053E-1 2.22698E-1 2.28023E-1 1.17107E-1 6.4859E-2 2.32754E-1 7.69162E-2 3.58529E-2 2.08344E-2 3.23999E-2 1.64974E-2 1.81742E-2 1.211E-2 1.93542E-2 1.32745E-2 1.25465E-2 1.14639E-2 1.70255E-2 1.19528E-2 9.46847E-3 2.08594E-2 4.54506E-2 4.72654E-2 7.55731E-2 2.8304E-2 3.14313E-2 3.77991E-2 8.17175E-2 5.53797E-2 6.38191E-2 7.40322E-2 6.93993E-2 6.79846E-2 5.6009E-2 3.52617E-2 3.62191E-2
-9999 -9999 -9999 -9999 -9999 -9999 -9999 -9999 -9999 -9999 9.28833E-1 7.93461E-1 7.23692E-1 7.4559E-1 8.64758E-1 8.50581E-1 7.57597E-1 8.15459E-1 8.30335E-1 7.66314E-1 9.10268E-1 8.00753E-1 7.55499E-1 5.96385E-1 6.08632E-1 5.47615E-1 5.30035E-1 3.18553E-1 2.37781E-1 1.69264E-1 2.72715E-1 1.20078E-1 5.8818E-2 7.80171E-2 1.05417E-1 8.81404E-2 2.50002E-2 1.40953E-2 1.99541E-2 2.74682E-2 2.56193E-2 2.61846E-2 1.39656E-2 1.62412E-2 2.04773E-2 4.29186E-2 9.98895E-3 2.45582E-2 2.68901E-2 4.0616E-2 2.6272E-2 4.4879E-2 6.30556E-2 2.84742E-2 3.52344E-2 3.0594E-2 3.00881E-2 3.76123E-2 3.9209E-2 4.52529E-2 4.97717E-2
-9999 -9999 -9999 -9999 -9999 -9999 -9999 -9999 -9999 -9999 -9999 9.23321E-1 8.83346E-1 7.70814E-1 5.7254E-1 7.45255E-1 3.8258E-1 3.48627E-1 5.45114E-1 3.06273E-1 3.77764E-1 3.16501E-1 5.05147E-1 4.79857E-1 6.63348E-1 6.40365E-1 6.94035E-1 6.93035E-1 5.54818E-1 5.19611E-1 2.29787E-1 1.92841E-1 1.42629E-1 1.81906E-1 7.71358E-2 6.02807E-2 2.06581E-2 2.30737E-2 4.55177E-2 1.19439E-2 1.4535E-2 2.17516E-2 4.99721E-2 4.77289E-2 2.4755E-2 1.47735E-2 1.20208E-2 1.03048E-2 1.22896E-2 3.88149E-2 3.75629E-2 5.98719E-2 6.43516E-2 2.84004E-2 3.1356E-2 3.28986E-2 2.86128E-2 3.62838E-2 3.19884E-2 2.52377E-2 2.60191E-2
-9999 -9999 -9999 -9999 -9999 -9999 -9999 -9999 -9999 -9999 -9999 -9999 9.75317E-1 8.58717E-1 6.48871E-1 6.42869E-1 5.15496E-1 4.81642E-1 5.30066E-1 3.9531E-1 3.62975E-1 2.91288E-1 2.29249E-1 2.91422E-1 5.16306E-1 4.59228E-1 5.70279E-1 6.16296E-1 7.57529E-1 7.47983E-1 6.26907E-1 5.49579E-1 2.61521E-1 2.10671E-1 9.70498E-2 9.90481E-2 9.90162E-2 6.94769E-2 7.19255E-2 3.37045E-2 2.15461E-2 3.30527E-2 5.52477E-2 3.25459E-2 5.91089E-2 3.04863E-2 1.15774E-2 1.96951E-2 1.709E-2 2.10567E-2 1.04927E-1 6.75078E-2 5.16432E-2 6.0608E-2 4.34354E-2 3.51425E-2 3.38061E-2 4.88691E-2 3.013E-2 3.08494E-2 2.67865E-2
-9999 -9999 -9999 -9999 -9999 -9999 -9999 -9999 -9999 -9999 -9999 -9999 9.3272E-1 9.01469E-1 9.50979E-1 8.19655E-1 8.84333E-1 7.20541E-1 5.01154E-1 3.25979E-1 3.52952E-1 3.73313E-1 1.83309E-1 2.25638E-1 2.21156E-1 3.3776E-1 5.22689E-1 6.58559E-1 8.05955E-1 8.86705E-1 8.18541E-1 8.03795E-1 4.44168E-1 4.26779E-1 1.93882E-1 1.29428E-1 1.97373E-1 2.34274E-1 5.33685E-2 6.67975E-2 3.85598E-2 8.55576E-2 3.96719E-2 1.4982E-2 6.50909E-2 3.80462E-2 1.56071E-2 1.84174E-2 1.37153E-2 2.68377E-2 8.43578E-2 3.41434E-2 2.9299E-2 6.28463E-2 6.10872E-2 5.67215E-2 3.98361E-2 3.09776E-2 3.1795E-2 2.89694E-2 2.20198E-2
-9999 -9999 -9999 -9999 -9999 -9999 -9999 -9999 -9999 -9999 -9999 -9999 -9999 -9999 -9999 9.958E-1 9.45871E-1 7.55765E-1 7.58705E-1 6.09064E-1 4.39312E-1 3.0898E-1 3.49819E-1 3.01863E-1 1.974E-1 2.18352E-1 4.09454E-1 4.62247E-1 7.31969E-1 8.35701E-1 9.29508E-1 8.43875E-1 6.67341E-1 4.70107E-1 3.80143E-1 3.17922E-1 3.28412E-1 1.39205E-1 6.53873E-2 7.3779E-2 2.26596E-1 7.87714E-2 2.5088E-2 2.33236E-2 3.1848E-2 9.14752E-2 3.43368E-2 2.93051E-2 4.63827E-2 4.07044E-2 4.30773E-2 1.03041E-1 3.36402E-2 5.47467E-2 5.38727E-2 4.52227E-2 3.82429E-2 3.10058E-2 2.56629E-2 2.17006E-2 2.56816E-2
-9999 -9999 -9999 -9999 -9999 -9999 -9999 -9999 -9999 -9999 -9999 -9999 -9999 -9999 -9999 -9999 -9999 9.67903E-1 8.90683E-1 7.17305E-1 7.03687E-1 6.63493E-1 4.16773E-1 4.93662E-1 2.38267E-1 1.59712E-1 2.23748E-1 1.60738E-1 3.20481E-1 7.35689E-1 8.52156E-1 -9999 8.16001E-1 7.16962E-1 6.37256E-1 7.56764E-1 5.30568E-1 2.36035E-1 1.89465E-1 1.61462E-1 1.76013E-1 3.11374E-1 5.63352E-2 8.74549E-2 3.26724E-2 4.77346E-2 1.09022E-1 1.25453E-1 6.22357E-2 5.28226E-2 5.63329E-2 1.43209E-1 5.5188E-2 3.59738E-2 3.85243E-2 4.69228E-2 4.22702E-2 3.11436E-2 2.90313E-2 2.9007E-2 3.41975E-2
-9999 -9999 -9999 -9999 -9999 -9999 -9999 -9999 -9999 -9999 -9999 -9999 -9999 -9999 -9999 -9999 -9999 -9999 9.75846E-1 8.46509E-1 9.03053E-1 6.89348E-1 6.04854E-1 4.95357E-1 3.28101E-1 1.89347E-1 2.72753E-1 1.1891E-1 3.50769E-1 4.56452E-1 7.18662E-1 8.71243E-1 9.29001E-1 7.51705E-1 6.89218E-1 8.6254E-1 5.55027E-1 4.84548E-1 2.31815E-1 3.11691E-1 3.78906E-1 1.50422E-1 1.63509E-1 1.03287E-1 1.52884E-1 7.53935E-2 7.11396E-2 7.18121E-2 3.42852E-1 2.11383E-1 7.18086E-2 1.81802E-1 6.51886E-2 3.91782E-2 3.62033E-2 5.00747E-2 4.30601E-2 3.55679E-2 2.59684E-2 2.15663E-2 2.98234E-2
