maxent_outputs/bumblebees/bombus_345.asc
ncols         426
nrows         180
xllcorner     -130.0
yllcorner     24.0
cellsize      0.16666666666666666
NODATA_value  -9999
[rows 0 to 26 of 180, columns 122 to 182 of 426]
3.64857E-2 3.47684E-2 3.73159E-2 3.09693E-2 2.93427E-2 3.13259E-2 3.32081E-2 3.61823E-2 3.72851E-2 3.64168E-2 3.42474E-2 3.39697E-2 3.45156E-2 3.54294E-2 3.7541E-2 3.66159E-2 3.78228E-2 3.40856E-2 2.92155E-2 2.87772E-2 3.47673E-2 3.60204E-2 3.52192E-2 3.88739E-2 3.45025E-2 3.57239E-2 3.42214E-2 3.15806E-2 3.27809E-2 3.40633E-2 3.6021E-2 3.79247E-2 4.07264E-2 4.2262E-2 4.40588E-2 4.43595E-2 4.57089E-2 5.08907E-2 5.26542E-2 5.42671E-2 5.49349E-2 5.63877E-2 5.77248E-2 5.90104E-2 5.96288E-2 5.8507E-2 5.69985E-2 5.84568E-2 6.15657E-2 6.07317E-2 5.46806E-2 5.5106E-2 5.2443E-2 4.9924E-2 5.21812E-2 5.9419E-2 6.50055E-2 5.63811E-2 5.83478E-2 6.35668E-2 5.06628E-2
3.03462E-2 2.82748E-2 2.67303E-2 2.57945E-2 2.51923E-2 2.52964E-2 2.53317E-2 2.61792E-2 3.10607E-2 3.67565E-2 3.48929E-2 3.28583E-2 3.02691E-2 3.15863E-2 3.72084E-2 3.57263E-2 3.41682E-2 3.36877E-2 3.10565E-2 2.79759E-2 3.28357E-2 3.64352E-2 3.73186E-2 3.70643E-2 3.55532E-2 3.87728E-2 4.24768E-2 3.82969E-2 3.91857E-2 3.99036E-2 3.95435E-2 4.42436E-2 4.36222E-2 4.81778E-2 4.71503E-2 4.57898E-2 4.80171E-2 5.06022E-2 5.14094E-2 5.42884E-2 5.50979E-2 5.65836E-2 5.82034E-2 5.83245E-2 5.81599E-2 6.22679E-2 6.16565E-2 6.23176E-2 5.81732E-2 4.97341E-2 4.86537E-2 5.69516E-2 5.7366E-2 5.61223E-2 5.52879E-2 5.75784E-2 7.29176E-2 6.6342E-2 5.32388E-2 5.0991E-2 4.76381E-2
2.97872E-2 2.88537E-2 2.70981E-2 2.5431E-2 2.59885E-2 2.40974E-2 2.54457E-2 2.31516E-2 2.50108E-2 2.66281E-2 3.43754E-2 3.22491E-2 2.85809E-2 2.82858E-2 3.20648E-2 3.52453E-2 3.27497E-2 3.21757E-2 3.25579E-2 3.28049E-2 3.26809E-2 3.50386E-2 3.63564E-2 3.66911E-2 3.30094E-2 3.4944E-2 3.74796E-2 4.01664E-2 4.07205E-2 4.11492E-2 3.88011E-2 3.77459E-2 3.84515E-2 4.21283E-2 4.42694E-2 5.22683E-2 5.64869E-2 5.51061E-2 4.91632E-2 5.45797E-2 5.99344E-2 6.08224E-2 5.84573E-2 5.93138E-2 4.94375E-2 6.48791E-2 6.58356E-2 6.22268E-2 6.00204E-2 5.44124E-2 5.34215E-2 5.85845E-2 5.91247E-2 5.7306E-2 6.09683E-2 6.19765E-2 6.68664E-2 6.34042E-2 5.7541E-2 5.06429E-2 5.00095E-2
3.12798E-2 2.93217E-2 2.94621E-2 2.62944E-2 2.44133E-2 2.3336E-2 2.18357E-2 2.07275E-2 2.17327E-2 2.27561E-2 2.63678E-2 3.1513E-2 3.28088E-2 2.82344E-2 2.7988E-2 3.33507E-2 3.35574E-2 3.22531E-2 3.16054E-2 3.26139E-2 3.27506E-2 3.37753E-2 3.34685E-2 3.41068E-2 3.52547E-2 3.41576E-2 3.42277E-2 3.59757E-2 3.79207E-2 3.99069E-2 3.93214E-2 3.80517E-2 3.90557E-2 4.20483E-2 4.45205E-2 4.58704E-2 4.50209E-2 4.58423E-2 4.80008E-2 5.01491E-2 5.46085E-2 5.412E-2 3.92492E-2 2.23837E-2 2.41484E-2 5.37655E-2 5.7338E-2 5.55001E-2 5.49396E-2 5.43506E-2 5.1328E-2 5.28591E-2 6.1803E-2 7.33478E-2 7.87013E-2 8.24466E-2 8.35552E-2 8.26222E-2 6.25916E-2 5.37497E-2 5.21877E-2
2.85693E-2 2.8511E-2 2.94184E-2 2.95037E-2 2.65252E-2 2.51078E-2 2.47026E-2 2.19506E-2 2.11264E-2 2.23777E-2 2.17416E-2 2.26728E-2 2.48698E-2 2.81945E-2 2.93138E-2 3.25704E-2 3.442E-2 3.40486E-2 3.43919E-2 3.45256E-2 3.48985E-2 3.6016E-2 3.78846E-2 3.78514E-2 3.77047E-2 3.70635E-2 3.71572E-2 4.03886E-2 4.24827E-2 4.42777E-2 4.31504E-2 4.16791E-2 4.28056E-2 4.18901E-2 4.26262E-2 4.39838E-2 4.45424E-2 4.57212E-2 4.63606E-2 4.65742E-2 4.17998E-2 3.13789E-2 2.46981E-2 1.91785E-2 3.53806E-2 5.71146E-2 5.42483E-2 5.32201E-2 5.5204E-2 5.73695E-2 5.55348E-2 5.68112E-2 5.39039E-2 5.3586E-2 6.34786E-2 7.28239E-2 8.97307E-2 8.97852E-2 7.5782E-2 6.85501E-2 6.54982E-2
2.92756E-2 2.94901E-2 3.13302E-2 3.06899E-2 2.97752E-2 2.81336E-2 2.70905E-2 3.33209E-2 2.63798E-2 2.38736E-2 2.27016E-2 2.11906E-2 2.04592E-2 2.19805E-2 2.6749E-2 3.31098E-2 3.49119E-2 3.34675E-2 3.449E-2 3.42169E-2 3.66539E-2 3.67257E-2 3.6628E-2 3.76854E-2 3.90961E-2 3.88316E-2 3.89409E-2 3.8878E-2 3.9816E-2 3.92207E-2 3.96573E-2 3.84931E-2 4.08533E-2 4.31888E-2 4.12453E-2 4.00763E-2 3.93923E-2 3.7891E-2 3.61611E-2 3.20713E-2 2.84235E-2 2.71243E-2 2.83624E-2 3.53189E-2 5.75699E-2 5.92629E-2 5.38011E-2 5.62388E-2 6.43209E-2 6.55589E-2 6.02522E-2 7.83504E-2 8.10637E-2 7.66287E-2 8.151E-2 7.931E-2 7.81958E-2 7.6174E-2 7.04024E-2 5.93244E-2 6.49425E-2
2.79989E-2 3.17981E-2 3.16159E-2 3.29423E-2 3.32951E-2 3.21671E-2 3.06755E-2 2.94996E-2 2.79247E-2 2.7144E-2 2.60616E-2 2.42668E-2 2.23052E-2 2.35346E-2 2.66431E-2 3.35211E-2 3.58024E-2 3.45081E-2 3.63888E-2 3.61009E-2 3.58689E-2 3.75093E-2 3.64175E-2 3.73468E-2 3.62487E-2 3.61774E-2 3.83175E-2 4.02592E-2 3.83992E-2 3.70874E-2 3.7216E-2 3.71803E-2 3.82572E-2 3.96226E-2 3.8111E-2 3.52333E-2 3.52059E-2 3.38868E-2 3.37561E-2 3.36293E-2 3.37013E-2 3.47005E-2 4.06903E-2 4.81077E-2 5.46198E-2 5.29044E-2 5.6397E-2 6.32052E-2 7.69053E-2 9.22596E-2 8.44352E-2 7.00504E-2 9.93476E-2 9.74267E-2 7.04469E-2 8.57536E-2 9.30761E-2 9.90242E-2 8.45937E-2 6.98669E-2 6.04294E-2
2.68671E-2 2.68409E-2 2.83549E-2 2.9267E-2 3.13811E-2 3.02969E-2 3.23153E-2 3.501E-2 3.33006E-2 2.91729E-2 2.80932E-2 2.78619E-2 2.64415E-2 2.7085E-2 3.157E-2 3.35332E-2 3.37509E-2 3.60658E-2 3.59145E-2 3.48008E-2 3.43628E-2 3.58815E-2 3.45545E-2 3.50548E-2 3.28332E-2 3.19272E-2 3.42266E-2 3.61793E-2 3.63854E-2 3.61725E-2 3.52646E-2 3.44384E-2 3.55119E-2 3.56462E-2 3.5036E-2 3.34316E-2 3.44863E-2 3.82822E-2 3.69747E-2 3.77743E-2 3.69083E-2 4.27241E-2 4.46263E-2 4.55439E-2 4.68626E-2 5.26198E-2 5.31304E-2 5.02412E-2 4.14804E-2 3.0701E-2 4.69626E-2 6.44358E-2 7.37178E-2 8.25473E-2 6.17541E-2 7.90845E-2 7.08338E-2 8.02396E-2 9.63867E-2 8.28824E-2 6.66195E-2
3.24875E-2 2.89724E-2 2.52052E-2 2.47548E-2 2.67362E-2 2.67567E-2 2.55399E-2 2.92378E-2 3.12346E-2 3.64859E-2 3.53507E-2 3.29029E-2 3.21782E-2 3.14864E-2 3.15166E-2 3.23334E-2 3.45438E-2 3.3826E-2 3.52098E-2 3.63462E-2 3.65105E-2 3.6938E-2 3.62392E-2 3.35727E-2 3.23606E-2 3.03359E-2 3.55629E-2 3.39477E-2 3.51581E-2 3.2449E-2 3.43452E-2 3.35451E-2 3.37491E-2 3.37808E-2 3.44319E-2 3.35822E-2 3.35264E-2 3.59488E-2 3.5886E-2 4.05739E-2 4.28146E-2 4.38151E-2 4.54787E-2 4.54839E-2 4.24152E-2 3.42781E-2 2.40271E-2 2.13286E-2 2.24629E-2 2.18976E-2 2.57904E-2 4.9086E-2 6.05352E-2 8.47023E-2 6.14095E-2 6.95681E-2 6.70151E-2 6.8353E-2 8.99638E-2 9.17617E-2 7.0546E-2
3.25469E-2 3.26133E-2 3.02127E-2 2.68546E-2 2.54602E-2 2.56788E-2 2.33733E-2 2.35531E-2 2.34049E-2 2.42762E-2 2.78495E-2 3.41684E-2 3.64439E-2 3.77556E-2 3.49907E-2 3.48457E-2 3.57809E-2 3.47165E-2 3.59372E-2 3.70564E-2 3.62414E-2 3.5183E-2 3.44649E-2 3.29317E-2 3.22E-2 3.01929E-2 3.12564E-2 3.3854E-2 3.4074E-2 3.21089E-2 3.12713E-2 3.10481E-2 3.20814E-2 3.21811E-2 3.22795E-2 3.33453E-2 3.03523E-2 2.81583E-2 2.9014E-2 3.29387E-2 3.50446E-2 3.80034E-2 3.60378E-2 3.32314E-2 3.35849E-2 2.79011E-2 2.38547E-2 2.34034E-2 2.39127E-2 2.71538E-2 3.55437E-2 5.32658E-2 5.52798E-2 7.5836E-2 7.56328E-2 7.60428E-2 7.23425E-2 7.44404E-2 7.8309E-2 8.15538E-2 6.72178E-2
3.19788E-2 3.24344E-2 3.39163E-2 3.18161E-2 2.70862E-2 2.7285E-2 2.60389E-2 2.536E-2 2.53681E-2 2.35961E-2 2.43325E-2 3.06019E-2 3.5527E-2 3.66506E-2 3.72772E-2 3.66865E-2 3.65683E-2 3.6088E-2 3.69383E-2 3.50345E-2 3.45201E-2 3.29172E-2 3.26391E-2 3.21554E-2 3.1891E-2 3.1778E-2 3.38435E-2 3.24788E-2 2.98003E-2 3.05186E-2 3.1356E-2 3.00702E-2 3.06961E-2 3.13272E-2 3.18788E-2 3.20392E-2 3.11528E-2 2.79953E-2 2.73286E-2 2.97614E-2 3.05031E-2 3.24968E-2 2.90104E-2 3.03921E-2 3.29992E-2 2.84963E-2 2.63509E-2 3.41481E-2 3.74948E-2 4.33995E-2 5.03516E-2 4.87329E-2 4.81811E-2 5.78902E-2 5.84873E-2 6.35661E-2 6.8178E-2 9.00952E-2 8.29085E-2 6.99631E-2 6.77714E-2
3.25883E-2 3.19431E-2 3.09848E-2 2.77082E-2 2.77375E-2 2.84909E-2 2.7653E-2 2.77206E-2 2.72284E-2 2.62587E-2 2.56722E-2 3.02119E-2 3.4236E-2 3.56035E-2 3.72295E-2 3.87355E-2 3.83748E-2 3.83408E-2 3.6541E-2 3.42673E-2 3.45892E-2 3.30237E-2 3.21772E-2 3.2337E-2 3.21761E-2 3.20502E-2 3.27295E-2 3.18782E-2 3.02481E-2 3.11423E-2 3.20604E-2 3.21734E-2 3.14526E-2 3.15013E-2 3.10206E-2 3.119E-2 2.98591E-2 2.8339E-2 2.69037E-2 2.63633E-2 3.02779E-2 3.04506E-2 2.8046E-2 2.57709E-2 2.72379E-2 2.80522E-2 2.75686E-2 3.59526E-2 4.03022E-2 4.13799E-2 4.37846E-2 4.58568E-2 4.66948E-2 5.36885E-2 5.43673E-2 6.07168E-2 6.9196E-2 8.84035E-2 8.53954E-2 6.77299E-2 7.35969E-2
2.7796E-2 2.90888E-2 2.87958E-2 2.92193E-2 2.63413E-2 2.78759E-2 2.63807E-2 2.52705E-2 2.57169E-2 2.65548E-2 2.87551E-2 2.99876E-2 3.26975E-2 3.41211E-2 3.53848E-2 3.61308E-2 3.55249E-2 3.82681E-2 3.5313E-2 3.49348E-2 3.5769E-2 3.64151E-2 3.50921E-2 3.33376E-2 3.21554E-2 3.31378E-2 3.51114E-2 3.41069E-2 3.25988E-2 3.22679E-2 3.32209E-2 4.70592E-2 4.27078E-2 4.45107E-2 3.80315E-2 3.21401E-2 3.28403E-2 2.98253E-2 2.65952E-2 2.62264E-2 2.92068E-2 3.11222E-2 2.95479E-2 2.89089E-2 2.80076E-2 3.04036E-2 3.13431E-2 3.44074E-2 3.47167E-2 3.41573E-2 3.54294E-2 3.21951E-2 2.64027E-2 3.40584E-2 6.07621E-2 6.77721E-2 6.27071E-2 7.81346E-2 7.96287E-2 6.8773E-2 6.31418E-2
2.56864E-2 2.57605E-2 2.66763E-2 2.71298E-2 2.56014E-2 2.8202E-2 2.83693E-2 2.69688E-2 2.52229E-2 2.7081E-2 3.02952E-2 3.09295E-2 3.11247E-2 3.43341E-2 3.46988E-2 3.56602E-2 3.49912E-2 3.49486E-2 3.37943E-2 3.19905E-2 3.14098E-2 3.21854E-2 3.51868E-2 3.52329E-2 3.33759E-2 3.51156E-2 3.57155E-2 3.43545E-2 3.3563E-2 3.42167E-2 3.67402E-2 4.03195E-2 3.53486E-2 3.22813E-2 3.35805E-2 3.44171E-2 3.71581E-2 3.54702E-2 3.47932E-2 3.12423E-2 3.11185E-2 3.14401E-2 2.95752E-2 2.98359E-2 3.07525E-2 3.21399E-2 2.99198E-2 2.83451E-2 2.80459E-2 2.67469E-2 2.8935E-2 2.55656E-2 2.41274E-2 2.98347E-2 5.41734E-2 5.81518E-2 6.22155E-2 6.97707E-2 7.7986E-2 7.53979E-2 6.71564E-2
2.51171E-2 2.75843E-2 2.70225E-2 2.81202E-2 2.80444E-2 2.49508E-2 2.41997E-2 2.81065E-2 3.09182E-2 3.04357E-2 2.93404E-2 3.00623E-2 3.03124E-2 3.18156E-2 3.29059E-2 3.59874E-2 3.6008E-2 3.443E-2 3.2776E-2 2.96033E-2 2.66651E-2 2.59776E-2 2.87391E-2 3.11594E-2 3.40001E-2 3.64294E-2 3.6621E-2 3.53903E-2 3.45239E-2 3.61951E-2 3.31398E-2 2.90369E-2 2.86184E-2 2.83992E-2 2.93542E-2 3.04635E-2 3.20768E-2 3.30384E-2 3.53793E-2 3.71864E-2 3.75777E-2 4.00803E-2 3.75498E-2 3.44259E-2 3.21875E-2 3.07205E-2 2.86472E-2 2.39402E-2 2.45384E-2 2.3491E-2 2.50004E-2 2.56891E-2 2.45326E-2 2.66349E-2 4.79717E-2 5.50141E-2 6.53305E-2 6.02604E-2 5.9081E-2 7.28317E-2 7.07529E-2
2.53214E-2 2.6969E-2 2.8958E-2 2.65225E-2 2.73728E-2 2.77316E-2 2.5432E-2 2.81499E-2 2.70388E-2 3.03626E-2 2.84488E-2 2.96557E-2 3.03758E-2 3.04619E-2 3.1163E-2 3.65428E-2 3.57824E-2 3.11774E-2 3.10141E-2 3.10849E-2 2.73157E-2 2.66561E-2 2.72109E-2 2.65405E-2 3.23465E-2 3.82505E-2 4.02064E-2 3.6905E-2 3.4721E-2 3.18896E-2 2.85837E-2 2.80041E-2 2.85516E-2 2.76962E-2 2.66916E-2 2.68139E-2 2.73081E-2 2.87553E-2 3.03532E-2 3.50724E-2 3.90465E-2 3.84776E-2 4.08679E-2 3.74595E-2 3.23472E-2 3.3602E-2 3.12493E-2 2.85878E-2 2.19785E-2 2.12496E-2 2.23518E-2 2.72449E-2 2.74334E-2 2.86251E-2 4.43048E-2 4.92911E-2 5.35245E-2 5.33243E-2 6.80064E-2 6.16098E-2 5.635E-2
2.43333E-2 2.50272E-2 2.77787E-2 2.71711E-2 2.64113E-2 2.63814E-2 2.62867E-2 2.75458E-2 2.90753E-2 2.90617E-2 2.92424E-2 3.12008E-2 2.94898E-2 2.71102E-2 2.69841E-2 3.16973E-2 3.64438E-2 3.18554E-2 3.00522E-2 3.18142E-2 2.88501E-2 2.79356E-2 2.87948E-2 2.93183E-2 3.27084E-2 3.92592E-2 4.4163E-2 3.6317E-2 3.4421E-2 3.16306E-2 2.86871E-2 2.70943E-2 2.47584E-2 2.6788E-2 2.68158E-2 2.63035E-2 2.6442E-2 2.701E-2 2.80505E-2 3.17912E-2 3.71962E-2 3.8913E-2 3.7447E-2 3.58846E-2 3.09162E-2 3.06681E-2 3.1058E-2 3.03348E-2 2.99564E-2 2.64994E-2 2.65765E-2 2.88916E-2 3.55285E-2 3.87466E-2 4.05881E-2 4.40232E-2 4.95516E-2 5.40976E-2 6.54717E-2 8.38727E-2 6.26762E-2
2.43319E-2 2.53964E-2 2.70795E-2 2.77463E-2 2.91268E-2 2.75704E-2 2.74152E-2 2.77177E-2 2.5809E-2 2.90236E-2 2.80894E-2 2.86891E-2 2.59854E-2 2.6324E-2 2.89794E-2 3.29517E-2 3.50037E-2 3.58362E-2 3.38512E-2 3.24526E-2 3.08944E-2 2.86891E-2 3.05935E-2 3.30254E-2 3.56055E-2 3.89708E-2 4.22014E-2 3.49641E-2 3.11341E-2 3.1829E-2 3.04641E-2 2.91141E-2 2.70294E-2 2.68514E-2 2.64806E-2 2.58052E-2 2.64279E-2 2.79403E-2 3.02971E-2 3.17563E-2 3.32103E-2 3.49663E-2 3.55309E-2 3.5589E-2 3.16992E-2 3.13045E-2 3.16831E-2 3.04838E-2 3.15106E-2 3.19843E-2 2.7186E-2 2.88029E-2 3.31452E-2 3.48977E-2 3.73926E-2 3.93023E-2 4.39423E-2 5.05823E-2 5.55661E-2 6.78562E-2 6.72888E-2
2.61709E-2 2.56325E-2 2.63196E-2 2.68722E-2 3.04859E-2 3.34974E-2 3.35298E-2 3.2496E-2 2.97816E-2 2.9279E-2 2.60956E-2 2.44783E-2 2.74505E-2 2.67342E-2 2.75751E-2 3.10405E-2 3.85776E-2 3.35406E-2 3.39309E-2 3.45906E-2 3.28581E-2 3.22E-2 2.9789E-2 3.15622E-2 3.49112E-2 3.63045E-2 3.85079E-2 3.80731E-2 3.36263E-2 3.0872E-2 3.10756E-2 3.14672E-2 2.89136E-2 2.76086E-2 2.83786E-2 2.64276E-2 2.59437E-2 2.80949E-2 3.07987E-2 3.03572E-2 3.35019E-2 3.46821E-2 3.49634E-2 3.53613E-2 3.4578E-2 3.27587E-2 3.14966E-2 3.02524E-2 2.9204E-2 2.94572E-2 2.35998E-2 2.20791E-2 2.79136E-2 3.01482E-2 3.17244E-2 3.34629E-2 3.64563E-2 2.98307E-2 3.40777E-2 5.41414E-2 5.73675E-2
2.64111E-2 2.5692E-2 2.57482E-2 2.76289E-2 2.97943E-2 3.21631E-2 3.52958E-2 3.4287E-2 3.00553E-2 3.01082E-2 2.84212E-2 2.52676E-2 2.71253E-2 3.1492E-2 3.53097E-2 3.51448E-2 3.23391E-2 3.3359E-2 3.24553E-2 3.40523E-2 3.17812E-2 3.07108E-2 3.2514E-2 3.25546E-2 3.36846E-2 3.49565E-2 3.53827E-2 3.66551E-2 3.61342E-2 3.23508E-2 2.87024E-2 2.93971E-2 2.97646E-2 3.10451E-2 3.3393E-2 3.34673E-2 3.20396E-2 2.85132E-2 2.82288E-2 2.91309E-2 3.27036E-2 3.44274E-2 3.53058E-2 3.63474E-2 3.65254E-2 3.67237E-2 3.61788E-2 3.09321E-2 2.93361E-2 2.92254E-2 2.41865E-2 2.19627E-2 2.35841E-2 2.16287E-2 2.47133E-2 2.77447E-2 2.80301E-2 2.67675E-2 2.61582E-2 2.52839E-2 4.61105E-2
2.41063E-2 2.58083E-2 2.40472E-2 2.5751E-2 2.75459E-2 2.80477E-2 2.89515E-2 3.25525E-2 3.13809E-2 2.95421E-2 2.98708E-2 2.99045E-2 3.09809E-2 2.8594E-2 2.55071E-2 2.64515E-2 2.70592E-2 2.89821E-2 3.09385E-2 3.09811E-2 3.36259E-2 3.25238E-2 3.06889E-2 3.01153E-2 3.06415E-2 3.35812E-2 3.49368E-2 3.47577E-2 3.4749E-2 3.12781E-2 2.6358E-2 2.37288E-2 2.36627E-2 2.58469E-2 2.74989E-2 2.91315E-2 3.11124E-2 3.05774E-2 3.06071E-2 3.22251E-2 3.2912E-2 3.67019E-2 3.63964E-2 3.74055E-2 3.67785E-2 3.81176E-2 4.0474E-2 3.88378E-2 3.38538E-2 3.26365E-2 2.60841E-2 2.44266E-2 2.47538E-2 2.33011E-2 2.29735E-2 2.37035E-2 2.37318E-2 2.19978E-2 2.22297E-2 2.37965E-2 2.88101E-2
2.73978E-2 2.825E-2 2.60373E-2 2.53318E-2 2.56036E-2 2.65157E-2 2.76382E-2 2.86106E-2 2.9342E-2 2.8555E-2 2.73302E-2 2.64506E-2 2.78111E-2 2.76952E-2 2.71373E-2 2.71165E-2 2.67184E-2 2.87486E-2 2.84852E-2 2.68086E-2 2.97893E-2 3.1486E-2 3.03546E-2 3.39217E-2 3.17958E-2 3.1642E-2 3.27198E-2 3.15587E-2 3.08707E-2 2.95275E-2 2.75951E-2 2.64431E-2 2.42021E-2 2.31022E-2 2.4267E-2 2.55083E-2 2.58543E-2 2.62494E-2 2.84275E-2 2.77871E-2 2.90641E-2 3.06605E-2 3.11916E-2 3.17428E-2 3.39354E-2 3.3211E-2 3.53626E-2 3.92282E-2 3.91913E-2 3.70996E-2 3.51486E-2 2.89101E-2 2.67993E-2 2.68893E-2 2.5611E-2 2.37906E-2 2.21201E-2 2.23026E-2 2.14473E-2 1.99183E-2 2.70841E-2
2.61485E-2 2.56392E-2 2.64079E-2 2.51584E-2 2.47478E-2 2.53989E-2 2.66747E-2 2.87894E-2 2.79651E-2 2.68131E-2 2.55385E-2 2.55544E-2 2.52766E-2 2.58838E-2 2.53396E-2 2.58155E-2 2.78004E-2 2.75641E-2 2.7632E-2 2.52632E-2 2.41548E-2 2.36809E-2 2.32534E-2 2.58001E-2 3.76186E-2 3.6793E-2 3.40778E-2 3.13692E-2 2.90242E-2 2.78287E-2 2.73768E-2 2.62E-2 2.55368E-2 2.46243E-2 2.42316E-2 2.37659E-2 2.33505E-2 2.31888E-2 2.38251E-2 2.38175E-2 2.48959E-2 2.63605E-2 2.84986E-2 2.96883E-2 3.09193E-2 3.30867E-2 3.33535E-2 3.50831E-2 3.79893E-2 4.05031E-2 4.23694E-2 3.85405E-2 3.0101E-2 2.76417E-2 2.72533E-2 2.39516E-2 2.28906E-2 2.32003E-2 2.48111E-2 2.82358E-2 3.6117E-2
2.73515E-2 2.64487E-2 2.68194E-2 2.81873E-2 2.51096E-2 2.53904E-2 2.60414E-2 2.44705E-2 2.39808E-2 2.32998E-2 2.21061E-2 1.9856E-2 2.02518E-2 2.18046E-2 2.31793E-2 2.54885E-2 2.71939E-2 2.57588E-2 2.53159E-2 2.45589E-2 2.58611E-2 3.2584E-2 3.60165E-2 2.52495E-2 2.65255E-2 3.31608E-2 3.67313E-2 3.76123E-2 3.34659E-2 2.91191E-2 2.65365E-2 2.54787E-2 2.55065E-2 2.5497E-2 2.63488E-2 2.5833E-2 2.42979E-2 2.43131E-2 2.46225E-2 2.37903E-2 2.38433E-2 2.44446E-2 2.48314E-2 2.64185E-2 2.67362E-2 2.85006E-2 3.17457E-2 3.35166E-2 3.52384E-2 3.89424E-2 4.09368E-2 4.13044E-2 3.89676E-2 3.18009E-2 3.07391E-2 2.84415E-2 2.80836E-2 2.82134E-2 2.93349E-2 3.4035E-2 3.77841E-2
2.8845E-2 2.84365E-2 2.65723E-2 2.7184E-2 2.53834E-2 2.26423E-2 2.28023E-2 2.17229E-2 2.1208E-2 2.0662E-2 2.12441E-2 2.08252E-2 2.24908E-2 2.3812E-2 2.27093E-2 2.37071E-2 2.42999E-2 2.5153E-2 2.5852E-2 2.31114E-2 2.49424E-2 2.59237E-2 2.52173E-2 2.51323E-2 2.25302E-2 2.67013E-2 2.80327E-2 3.49464E-2 3.73137E-2 3.0263E-2 2.86998E-2 2.75114E-2 2.67203E-2 2.62664E-2 2.67568E-2 2.74901E-2 2.66814E-2 2.519E-2 2.52743E-2 2.58093E-2 2.30647E-2 2.0849E-2 2.13617E-2 2.35794E-2 2.48761E-2 2.66306E-2 2.87388E-2 3.16779E-2 3.31758E-2 3.66466E-2 4.03316E-2 4.07815E-2 4.34728E-2 3.93558E-2 3.82754E-2 3.70454E-2 3.64347E-2 3.67402E-2 3.79106E-2 3.87641E-2 4.15004E-2
1.96942E-2 1.67695E-2 1.28428E-2 1.31972E-2 1.31559E-2 1.53522E-2 2.05684E-2 1.91569E-2 1.88555E-2 2.10802E-2 2.19454E-2 2.37584E-2 2.40631E-2 2.26078E-2 2.18534E-2 2.12254E-2 2.17862E-2 2.25836E-2 2.42189E-2 2.50931E-2 2.70032E-2 2.63715E-2 2.63408E-2 2.72847E-2 2.55027E-2 2.6705E-2 2.73317E-2 2.94748E-2 2.87037E-2 3.06641E-2 3.12679E-2 2.85894E-2 2.98497E-2 2.98445E-2 2.74242E-2 2.77178E-2 2.74594E-2 2.72694E-2 2.71914E-2 2.69242E-2 2.68998E-2 2.30722E-2 2.18341E-2 2.25241E-2 2.42166E-2 2.56308E-2 2.75323E-2 3.04341E-2 3.21012E-2 3.42448E-2 3.86534E-2 4.13115E-2 4.22921E-2 4.8035E-2 4.43278E-2 4.16584E-2 3.93258E-2 3.874E-2 4.28524E-2 4.58926E-2 4.43236E-2
1.10714E-2 1.01605E-2 9.2209E-3 9.59055E-3 1.18665E-2 1.61266E-2 1.70142E-2 1.67225E-2 1.72588E-2 1.8782E-2 2.08193E-2 1.69104E-2 1.95364E-2 2.15787E-2 2.26023E-2 2.2699E-2 2.2121E-2 2.36677E-2 2.35597E-2 2.407E-2 2.52994E-2 2.60731E-2 2.72334E-2 2.77294E-2 2.83657E-2 3.17276E-2 3.41617E-2 3.38303E-2 3.01639E-2 2.62887E-2 2.80503E-2 2.95545E-2 2.9288E-2 3.10556E-2 3.11448E-2 3.02375E-2 2.87942E-2 2.77761E-2 2.76589E-2 2.69844E-2 2.69883E-2 2.66654E-2 2.704E-2 2.61327E-2 2.59803E-2 2.69988E-2 2.84339E-2 3.04707E-2 3.18808E-2 3.34622E-2 3.70337E-2 4.08219E-2 4.08648E-2 4.5656E-2 4.29896E-2 3.94903E-2 3.76555E-2 3.61643E-2 3.95535E-2 4.39088E-2 4.55601E-2
