maxent_outputs/bumblebees/bombus_259.asc
ncols         426
nrows         180
xllcorner     -130.0
yllcorner     24.0
cellsize      0.16666666666666666
NODATA_value  -9999
[rows 0 to 26 of 180, columns 305 to 365 of 426]
4.81046E-1 4.71676E-1 4.69522E-1 4.53516E-1 4.39978E-1 4.28016E-1 4.17826E-1 4.08691E-1 4.05867E-1 4.07284E-1 4.08849E-1 4.06469E-1 4.07978E-1 4.17293E-1 4.23717E-1 4.33536E-1 4.33091E-1 4.26701E-1 4.19982E-1 4.18384E-1 4.27422E-1 4.39103E-1 4.454E-1 4.44068E-1 4.43075E-1 4.29752E-1 4.31963E-1 4.34534E-1 4.36877E-1 4.22174E-1 4.15472E-1 4.17133E-1 4.09421E-1 4.17706E-1 4.26943E-1 4.22835E-1 4.22033E-1 4.0887E-1 4.00206E-1 3.97551E-1 3.8912E-1 3.86942E-1 3.88656E-1 3.91446E-1 3.88511E-1 3.82205E-1 3.77242E-1 3.77804E-1 3.76882E-1 3.71362E-1 3.75405E-1 3.77899E-1 3.76434E-1 3.791E-1 3.82322E-1 3.79171E-1 3.85123E-1 3.88853E-1 3.83362E-1 3.83884E-1 3.89278E-1
4.8721E-1 4.76288E-1 4.73298E-1 4.61714E-1 4.50304E-1 4.37501E-1 4.27002E-1 4.21782E-1 4.1175E-1 4.18352E-1 4.30334E-1 4.38577E-1 4.35292E-1 4.44195E-1 4.41484E-1 4.29858E-1 4.33056E-1 4.31362E-1 4.30104E-1 4.36873E-1 4.4093E-1 4.46123E-1 4.49348E-1 4.45544E-1 4.50007E-1 4.53152E-1 4.42505E-1 4.36035E-1 4.3268E-1 4.31787E-1 4.31585E-1 4.30223E-1 4.24021E-1 4.16297E-1 4.09885E-1 4.09042E-1 4.05125E-1 4.04161E-1 4.06553E-1 4.0281E-1 3.96263E-1 3.95294E-1 3.89634E-1 3.88068E-1 3.87134E-1 3.81775E-1 3.8225E-1 3.81757E-1 3.73834E-1 3.74202E-1 3.73629E-1 3.77427E-1 3.79078E-1 3.81086E-1 3.78855E-1 3.7828E-1 3.77852E-1 3.79946E-1 3.79773E-1 3.84203E-1 3.85526E-1
5.01422E-1 4.77069E-1 4.66373E-1 4.50832E-1 4.4129E-1 4.29313E-1 4.2281E-1 4.18184E-1 4.14063E-1 4.14369E-1 4.30241E-1 4.35887E-1 4.3881E-1 4.37253E-1 4.3428E-1 4.39236E-1 4.32847E-1 4.29694E-1 4.21266E-1 4.26733E-1 4.43165E-1 4.41234E-1 4.39323E-1 4.33963E-1 4.30688E-1 4.39404E-1 4.37287E-1 4.38592E-1 4.3009E-1 4.29208E-1 4.20938E-1 4.17027E-1 4.11383E-1 4.07099E-1 4.06152E-1 4.06764E-1 4.03769E-1 3.99712E-1 4.02383E-1 4.02631E-1 3.99865E-1 3.979E-1 3.93723E-1 3.95173E-1 3.89686E-1 3.82993E-1 3.79966E-1 3.80629E-1 3.79733E-1 3.81024E-1 3.75452E-1 3.7567E-1 3.75222E-1 3.82497E-1 3.82594E-1 3.81E-1 3.7507E-1 3.75806E-1 3.78619E-1 3.80422E-1 3.81883E-1
4.8752E-1 4.81316E-1 4.66378E-1 4.50032E-1 4.41847E-1 4.27308E-1 4.31068E-1 4.29625E-1 4.21483E-1 4.18985E-1 4.1877E-1 4.1642E-1 4.189E-1 4.22224E-1 4.28439E-1 4.35579E-1 4.27109E-1 4.22783E-1 4.25185E-1 4.31081E-1 4.34147E-1 4.3351E-1 4.31444E-1 4.24686E-1 4.22655E-1 4.30868E-1 4.36491E-1 4.36322E-1 4.29642E-1 4.26752E-1 4.29915E-1 4.2788E-1 4.16059E-1 4.12819E-1 4.11139E-1 4.07464E-1 4.04155E-1 4.08341E-1 4.03887E-1 4.03169E-1 4.02164E-1 4.00396E-1 3.92668E-1 3.96115E-1 3.90056E-1 3.84118E-1 3.83253E-1 3.77481E-1 3.7703E-1 3.79008E-1 3.76128E-1 3.76251E-1 3.75276E-1 3.75996E-1 3.77421E-1 3.80652E-1 3.77658E-1 3.79084E-1 3.83064E-1 3.80957E-1 3.89025E-1
5.49988E-1 4.826E-1 4.64294E-1 4.50579E-1 4.40228E-1 4.30665E-1 4.24894E-1 4.237E-1 4.20211E-1 4.20344E-1 4.16505E-1 4.12208E-1 4.18077E-1 4.28822E-1 4.38322E-1 4.28239E-1 4.2927E-1 4.31076E-1 4.32321E-1 4.3328E-1 4.32177E-1 4.29643E-1 4.33029E-1 4.31813E-1 4.29148E-1 4.32963E-1 4.37757E-1 4.31774E-1 4.29412E-1 4.23636E-1 4.19668E-1 4.19513E-1 4.13519E-1 4.13847E-1 4.12811E-1 4.10081E-1 4.07946E-1 4.02551E-1 4.0042E-1 4.02848E-1 3.99615E-1 3.93717E-1 3.95272E-1 3.94871E-1 3.87937E-1 3.87524E-1 3.82962E-1 3.79705E-1 3.77497E-1 3.81338E-1 3.79949E-1 3.80901E-1 3.80157E-1 3.74634E-1 3.74704E-1 3.71817E-1 3.82075E-1 3.8014E-1 3.82303E-1 3.87228E-1 3.85387E-1
5.50381E-1 4.83603E-1 4.64045E-1 4.50281E-1 4.44584E-1 4.38158E-1 4.2717E-1 4.21146E-1 4.18087E-1 4.17239E-1 4.13197E-1 4.17676E-1 4.19949E-1 4.38439E-1 4.33849E-1 4.31627E-1 4.30597E-1 4.31367E-1 4.34658E-1 4.33973E-1 4.32328E-1 4.31024E-1 4.36634E-1 4.32253E-1 4.26117E-1 4.30946E-1 4.3143E-1 4.33344E-1 4.32005E-1 4.32549E-1 4.2964E-1 4.2877E-1 4.22571E-1 4.20693E-1 4.16469E-1 4.16297E-1 4.112E-1 4.09076E-1 4.09909E-1 4.13126E-1 4.08111E-1 4.06013E-1 4.02632E-1 3.96405E-1 3.88978E-1 3.83433E-1 3.85264E-1 3.83572E-1 3.85435E-1 3.82897E-1 3.81082E-1 3.80775E-1 3.7681E-1 3.77633E-1 3.77239E-1 3.70138E-1 3.69691E-1 3.66442E-1 3.73934E-1 3.80011E-1 3.85484E-1
6.15154E-1 5.04221E-1 4.77362E-1 4.60702E-1 4.44909E-1 4.40455E-1 4.32196E-1 4.27601E-1 4.25403E-1 4.2205E-1 4.24609E-1 4.22291E-1 4.28501E-1 4.37056E-1 4.38093E-1 4.35057E-1 4.3818E-1 4.40585E-1 4.42874E-1 4.41371E-1 4.42732E-1 4.41605E-1 4.38704E-1 4.40502E-1 4.3719E-1 4.37015E-1 4.35883E-1 4.34059E-1 4.30068E-1 4.30173E-1 4.25991E-1 4.25029E-1 4.27988E-1 4.27222E-1 4.22635E-1 4.18545E-1 4.19991E-1 4.15201E-1 4.17295E-1 4.1451E-1 4.13766E-1 4.06113E-1 3.9787E-1 3.97667E-1 3.88103E-1 3.86641E-1 3.84645E-1 3.84883E-1 3.82788E-1 3.83007E-1 3.91295E-1 3.96541E-1 3.89642E-1 3.8712E-1 3.82752E-1 3.84587E-1 3.79484E-1 3.81511E-1 3.82196E-1 3.75592E-1 3.86033E-1
6.61058E-1 5.22997E-1 4.81193E-1 4.62701E-1 4.53297E-1 4.46066E-1 4.39234E-1 4.38792E-1 4.30664E-1 4.42972E-1 4.39912E-1 4.29881E-1 4.28869E-1 4.28338E-1 4.36523E-1 4.4259E-1 4.42932E-1 4.48027E-1 4.48804E-1 4.46887E-1 4.48591E-1 4.47865E-1 4.49886E-1 4.50817E-1 4.50801E-1 4.49123E-1 4.4191E-1 4.38157E-1 4.38018E-1 4.34869E-1 4.28329E-1 4.27914E-1 4.33837E-1 4.32649E-1 4.29587E-1 4.2549E-1 4.23226E-1 4.18872E-1 4.15783E-1 4.15937E-1 4.15146E-1 4.12722E-1 4.10864E-1 4.03946E-1 3.99335E-1 3.95736E-1 3.9128E-1 3.88743E-1 3.82605E-1 3.88926E-1 3.93249E-1 3.95756E-1 3.91732E-1 3.85148E-1 3.82696E-1 3.89888E-1 3.84539E-1 3.87973E-1 3.82051E-1 3.87463E-1 3.90584E-1
6.58001E-1 6.43498E-1 4.8429E-1 4.69565E-1 4.59302E-1 4.54059E-1 4.46747E-1 4.37969E-1 4.38051E-1 4.3365E-1 4.30597E-1 4.33125E-1 4.38046E-1 4.36642E-1 4.30566E-1 4.45237E-1 4.49166E-1 4.55926E-1 4.49947E-1 4.48387E-1 4.4637E-1 4.48235E-1 4.46218E-1 4.50185E-1 4.46165E-1 4.44506E-1 4.47085E-1 4.43232E-1 4.40461E-1 4.39509E-1 4.36344E-1 4.38748E-1 4.35664E-1 4.35365E-1 4.35593E-1 4.34076E-1 4.31631E-1 4.26491E-1 4.24512E-1 4.23333E-1 4.28372E-1 4.25069E-1 4.23372E-1 4.15379E-1 4.09302E-1 4.03435E-1 3.98659E-1 3.92473E-1 3.94375E-1 3.88127E-1 3.90978E-1 3.87587E-1 3.86184E-1 3.85981E-1 3.85307E-1 3.91044E-1 3.96682E-1 3.95427E-1 3.88609E-1 3.87954E-1 3.92355E-1
6.6088E-1 -9999 5.11155E-1 4.79214E-1 4.64394E-1 4.54921E-1 4.50163E-1 4.43865E-1 4.41943E-1 4.38688E-1 4.40815E-1 4.36205E-1 4.37696E-1 4.39547E-1 4.46739E-1 4.52543E-1 4.53166E-1 4.49672E-1 4.44329E-1 4.49132E-1 4.48626E-1 4.5321E-1 4.55842E-1 4.562E-1 4.51906E-1 4.5733E-1 4.54789E-1 4.49257E-1 4.47677E-1 4.50771E-1 4.47957E-1 4.44406E-1 4.40132E-1 4.3819E-1 4.38498E-1 4.39831E-1 4.36524E-1 4.34008E-1 4.34875E-1 4.36218E-1 4.34151E-1 4.301E-1 4.2584E-1 4.22978E-1 4.19978E-1 4.1605E-1 4.02844E-1 3.96562E-1 3.86882E-1 3.84396E-1 3.76626E-1 3.65786E-1 3.71768E-1 3.72563E-1 3.88351E-1 3.89491E-1 4.00618E-1 3.93292E-1 3.90575E-1 3.97405E-1 3.94577E-1
6.63142E-1 -9999 -9999 4.82667E-1 4.72101E-1 4.58625E-1 4.53438E-1 4.50875E-1 4.48754E-1 4.45808E-1 4.38458E-1 4.39485E-1 4.3771E-1 4.412E-1 4.41816E-1 4.49039E-1 4.45226E-1 4.46281E-1 4.4952E-1 4.54117E-1 4.56277E-1 4.58708E-1 4.63423E-1 4.59993E-1 4.60704E-1 4.60649E-1 4.64836E-1 4.64186E-1 4.60447E-1 4.62048E-1 4.53012E-1 4.483E-1 4.53686E-1 4.52121E-1 4.5412E-1 4.50273E-1 4.47569E-1 4.49006E-1 4.46555E-1 4.40455E-1 4.3601E-1 4.2878E-1 4.20799E-1 4.08126E-1 4.04494E-1 3.94484E-1 3.87095E-1 3.845E-1 3.76561E-1 3.66916E-1 3.57742E-1 3.5962E-1 3.70636E-1 3.75888E-1 3.77397E-1 3.87499E-1 3.95814E-1 4.04566E-1 3.9713E-1 4.0283E-1 4.09228E-1
4.92894E-1 5.57504E-1 4.95039E-1 4.79311E-1 4.67746E-1 4.63935E-1 4.56706E-1 4.53227E-1 4.4991E-1 4.44721E-1 4.38905E-1 4.32228E-1 4.41027E-1 4.39777E-1 4.41387E-1 4.42984E-1 4.45654E-1 4.42304E-1 4.5096E-1 4.50762E-1 4.61246E-1 4.60637E-1 4.62281E-1 4.64178E-1 4.66885E-1 4.67471E-1 4.6643E-1 4.66042E-1 4.71027E-1 4.66324E-1 4.59877E-1 4.57591E-1 4.59032E-1 4.6024E-1 4.61767E-1 4.6054E-1 4.5841E-1 4.52698E-1 4.53854E-1 4.52396E-1 4.34473E-1 4.13928E-1 3.99194E-1 3.96665E-1 4.05313E-1 3.87481E-1 3.81404E-1 3.72632E-1 3.73946E-1 3.70046E-1 3.62493E-1 3.65697E-1 3.74165E-1 3.79668E-1 3.73908E-1 3.7529E-1 3.86005E-1 3.98886E-1 4.13855E-1 4.1616E-1 4.28243E-1
6.35544E-1 4.93481E-1 4.87882E-1 4.79063E-1 4.71342E-1 4.69471E-1 4.62854E-1 4.57648E-1 4.54243E-1 4.47804E-1 4.45933E-1 4.43196E-1 4.45177E-1 4.48607E-1 4.45749E-1 4.49261E-1 4.49021E-1 4.52568E-1 4.5247E-1 4.58077E-1 4.66526E-1 4.6815E-1 4.69469E-1 4.69371E-1 4.65645E-1 4.67251E-1 4.69986E-1 4.66416E-1 4.65363E-1 4.66952E-1 4.66653E-1 4.69405E-1 4.66485E-1 4.66343E-1 4.64066E-1 4.63744E-1 4.64096E-1 4.61867E-1 4.40957E-1 4.33862E-1 4.27873E-1 4.10933E-1 4.01035E-1 4.12237E-1 4.06201E-1 3.93724E-1 3.87063E-1 3.8861E-1 3.84248E-1 3.76344E-1 3.74278E-1 3.77445E-1 3.89594E-1 3.94766E-1 3.95775E-1 3.88307E-1 4.05136E-1 4.05062E-1 4.28392E-1 4.3328E-1 4.35188E-1
5.30734E-1 4.86551E-1 4.84286E-1 4.76594E-1 4.75603E-1 4.69041E-1 4.66196E-1 4.62577E-1 4.5793E-1 4.56299E-1 4.54734E-1 4.52605E-1 4.52897E-1 4.52251E-1 4.56573E-1 4.59079E-1 4.55431E-1 4.59833E-1 4.59566E-1 4.63661E-1 4.67566E-1 4.69829E-1 4.71008E-1 4.72085E-1 4.77078E-1 4.74492E-1 4.74257E-1 4.70748E-1 4.71583E-1 4.76128E-1 4.74372E-1 4.74859E-1 4.76151E-1 4.72354E-1 4.68571E-1 4.66134E-1 4.67399E-1 4.42191E-1 4.2743E-1 4.26723E-1 4.25101E-1 4.19929E-1 4.19487E-1 4.19354E-1 4.14938E-1 4.09604E-1 3.99529E-1 3.98748E-1 3.90444E-1 3.91456E-1 3.8491E-1 3.86249E-1 3.96125E-1 4.07247E-1 4.26531E-1 4.05959E-1 4.14045E-1 4.09445E-1 4.25222E-1 4.42335E-1 4.41029E-1
5.14997E-1 4.9042E-1 4.90745E-1 4.80644E-1 4.77132E-1 4.72555E-1 4.696E-1 4.63058E-1 4.6243E-1 4.61162E-1 4.56057E-1 4.58585E-1 4.56613E-1 4.57809E-1 4.57487E-1 4.55396E-1 4.60228E-1 4.60014E-1 4.60338E-1 4.67744E-1 4.68466E-1 4.69517E-1 4.71936E-1 4.7605E-1 4.72904E-1 4.74926E-1 4.77582E-1 4.74965E-1 4.75289E-1 4.7571E-1 4.77122E-1 4.8042E-1 4.75955E-1 4.7469E-1 4.68089E-1 4.66151E-1 4.57471E-1 4.50621E-1 4.55221E-1 4.48269E-1 4.46955E-1 4.53473E-1 4.3998E-1 4.21924E-1 4.19528E-1 4.1771E-1 4.14256E-1 4.07257E-1 3.98408E-1 3.86149E-1 3.90707E-1 3.91013E-1 3.92504E-1 4.04047E-1 4.18043E-1 4.139E-1 4.16961E-1 4.2151E-1 4.26753E-1 4.43135E-1 4.87125E-1
4.8802E-1 5.06676E-1 4.87985E-1 4.87516E-1 4.84122E-1 4.8286E-1 4.78351E-1 4.72454E-1 4.72085E-1 4.65498E-1 4.61883E-1 4.59675E-1 4.58848E-1 4.62812E-1 4.60182E-1 4.58711E-1 4.59654E-1 4.65913E-1 4.645E-1 4.63424E-1 4.64387E-1 4.72229E-1 4.71462E-1 4.80891E-1 4.85048E-1 4.83419E-1 4.80512E-1 4.80981E-1 4.80839E-1 4.79575E-1 4.80903E-1 4.80562E-1 4.82383E-1 4.72238E-1 4.71095E-1 4.74796E-1 4.77978E-1 4.83602E-1 4.78997E-1 4.69532E-1 4.65232E-1 4.61189E-1 4.38223E-1 4.28345E-1 4.22948E-1 4.15352E-1 4.18083E-1 4.14931E-1 4.08856E-1 3.98548E-1 3.92858E-1 3.88103E-1 3.90892E-1 4.05608E-1 4.05691E-1 4.16885E-1 4.2656E-1 4.33236E-1 4.3175E-1 4.5109E-1 4.85269E-1
4.9086E-1 4.94763E-1 4.90677E-1 4.91705E-1 4.87387E-1 4.83787E-1 4.79391E-1 4.72667E-1 4.67485E-1 4.66681E-1 4.65609E-1 4.64165E-1 4.60837E-1 4.63024E-1 4.62862E-1 4.62884E-1 4.62767E-1 4.64256E-1 4.61095E-1 4.62921E-1 4.63042E-1 4.74173E-1 4.78151E-1 4.81208E-1 4.86082E-1 4.8103E-1 4.83098E-1 4.88271E-1 4.87335E-1 4.88371E-1 4.86023E-1 4.81234E-1 4.81879E-1 4.7815E-1 4.90586E-1 5.13566E-1 5.07601E-1 5.01154E-1 4.91878E-1 4.82012E-1 4.74039E-1 4.6721E-1 4.49422E-1 4.32522E-1 4.26748E-1 4.21262E-1 4.23257E-1 4.10241E-1 4.07265E-1 4.05419E-1 4.02956E-1 3.9283E-1 3.82302E-1 3.96627E-1 4.05142E-1 4.08996E-1 4.29469E-1 4.33867E-1 4.38443E-1 4.52455E-1 4.79391E-1
4.8591E-1 4.81866E-1 4.88458E-1 4.89959E-1 4.82588E-1 4.77117E-1 4.71886E-1 4.69194E-1 4.73669E-1 4.68814E-1 4.63396E-1 4.60483E-1 4.63512E-1 4.65608E-1 4.65175E-1 4.63973E-1 4.64144E-1 4.67079E-1 4.67557E-1 4.70043E-1 4.68016E-1 4.74283E-1 4.83864E-1 4.80849E-1 4.83896E-1 4.86074E-1 4.8703E-1 4.84875E-1 4.88204E-1 4.92361E-1 4.89045E-1 4.89031E-1 4.89822E-1 5.09642E-1 5.20991E-1 5.07907E-1 4.99567E-1 4.91231E-1 4.81372E-1 4.70233E-1 4.61373E-1 4.56791E-1 4.38611E-1 4.33077E-1 4.29895E-1 4.27791E-1 4.27321E-1 4.10825E-1 4.06274E-1 4.0027E-1 4.02863E-1 4.14152E-1 3.92093E-1 3.93962E-1 4.0424E-1 4.01541E-1 4.14013E-1 4.33722E-1 4.3496E-1 4.42548E-1 4.42466E-1
4.76491E-1 4.7713E-1 4.81061E-1 4.78767E-1 4.76398E-1 4.74832E-1 4.70726E-1 4.7241E-1 4.72428E-1 4.66393E-1 4.7022E-1 4.70388E-1 4.72334E-1 4.78406E-1 4.69818E-1 4.72078E-1 4.7104E-1 4.7222E-1 4.72416E-1 4.69542E-1 4.71754E-1 4.76111E-1 4.75782E-1 4.83475E-1 4.86428E-1 4.86715E-1 4.85982E-1 4.914E-1 4.94242E-1 4.94256E-1 4.91854E-1 4.99259E-1 5.23859E-1 5.27871E-1 5.082E-1 4.99199E-1 4.87427E-1 4.8423E-1 4.8006E-1 4.72234E-1 4.72397E-1 4.49294E-1 4.40815E-1 4.31133E-1 4.25401E-1 4.19833E-1 4.17687E-1 4.16935E-1 4.14811E-1 4.10556E-1 4.0539E-1 4.13188E-1 4.06485E-1 4.18181E-1 4.09639E-1 4.02938E-1 3.98198E-1 4.26648E-1 4.38158E-1 4.4283E-1 4.37836E-1
4.7337E-1 4.72219E-1 4.71364E-1 4.67519E-1 4.66385E-1 4.68769E-1 4.67374E-1 4.73713E-1 4.71129E-1 4.69347E-1 4.73536E-1 4.70545E-1 4.73273E-1 4.7393E-1 4.67757E-1 4.70049E-1 4.74186E-1 4.722E-1 4.66395E-1 4.69624E-1 4.72826E-1 4.79464E-1 4.80033E-1 4.8477E-1 4.84727E-1 4.83113E-1 4.91957E-1 4.9706E-1 4.98927E-1 5.01627E-1 5.03189E-1 5.22612E-1 5.27694E-1 5.06447E-1 5.04211E-1 4.89586E-1 4.84651E-1 4.76989E-1 4.72141E-1 4.70406E-1 4.62768E-1 4.51082E-1 4.44964E-1 4.36202E-1 4.28351E-1 4.24223E-1 4.23744E-1 4.26547E-1 4.13651E-1 4.22811E-1 4.25478E-1 4.27046E-1 4.21758E-1 4.2787E-1 4.1358E-1 4.06812E-1 4.13244E-1 4.24686E-1 4.3587E-1 4.55222E-1 4.38341E-1
4.7677E-1 4.72621E-1 4.68718E-1 4.653E-1 4.63529E-1 4.6579E-1 4.68195E-1 4.70035E-1 4.70878E-1 4.69269E-1 4.71713E-1 4.68637E-1 4.69689E-1 4.62481E-1 4.69317E-1 4.73741E-1 4.71197E-1 4.63203E-1 4.59931E-1 4.62872E-1 4.68855E-1 4.73449E-1 4.78012E-1 4.80909E-1 4.73895E-1 4.78424E-1 4.88635E-1 4.93711E-1 4.97957E-1 4.97122E-1 4.99116E-1 5.25742E-1 5.03646E-1 4.99992E-1 4.9921E-1 4.90812E-1 4.89474E-1 4.8686E-1 4.77846E-1 4.75359E-1 4.62797E-1 4.61392E-1 4.55682E-1 4.39567E-1 4.37785E-1 4.22971E-1 4.09403E-1 4.17835E-1 3.98944E-1 4.04985E-1 4.25776E-1 4.27541E-1 4.28821E-1 4.32401E-1 4.22952E-1 4.14878E-1 4.23769E-1 4.27945E-1 4.32096E-1 4.57446E-1 4.43691E-1
4.66325E-1 4.64114E-1 4.59382E-1 4.59219E-1 4.63185E-1 4.67344E-1 4.69978E-1 4.71506E-1 4.74903E-1 4.67898E-1 4.68414E-1 4.71382E-1 4.68804E-1 4.69555E-1 4.7115E-1 4.66901E-1 4.65377E-1 4.62774E-1 4.60244E-1 4.58564E-1 4.62688E-1 4.64248E-1 4.6981E-1 4.78759E-1 4.79969E-1 4.85808E-1 4.90543E-1 4.98252E-1 5.02179E-1 5.00775E-1 5.04251E-1 5.15582E-1 5.08749E-1 5.01441E-1 4.95579E-1 4.953E-1 4.97511E-1 4.86017E-1 4.87316E-1 4.83456E-1 4.67875E-1 4.64612E-1 4.63129E-1 4.32326E-1 4.30855E-1 4.17579E-1 4.19599E-1 4.20243E-1 4.08499E-1 4.0947E-1 4.15952E-1 4.21647E-1 4.25869E-1 4.32926E-1 4.31721E-1 4.25349E-1 4.35587E-1 4.43875E-1 4.58356E-1 4.82907E-1 4.5516E-1
4.54842E-1 4.5731E-1 4.53987E-1 4.59725E-1 4.60702E-1 4.66571E-1 4.68192E-1 4.73322E-1 4.76344E-1 4.77166E-1 4.78114E-1 4.71417E-1 4.67203E-1 4.73051E-1 4.72503E-1 4.66079E-1 4.66052E-1 4.59587E-1 4.54705E-1 4.62274E-1 4.6293E-1 4.6716E-1 4.66488E-1 4.76227E-1 4.78388E-1 4.79116E-1 4.86666E-1 4.93773E-1 5.03356E-1 5.04071E-1 5.04196E-1 5.17264E-1 5.0283E-1 4.98121E-1 5.00877E-1 5.00342E-1 4.9735E-1 4.9077E-1 4.90487E-1 4.85413E-1 4.79147E-1 4.70403E-1 4.61308E-1 4.44468E-1 4.26245E-1 4.22404E-1 4.2299E-1 4.40299E-1 4.23321E-1 4.20938E-1 4.23706E-1 4.19303E-1 4.11447E-1 4.25596E-1 4.40572E-1 4.47323E-1 4.6051E-1 4.61543E-1 4.78061E-1 5.04489E-1 4.90183E-1
4.55984E-1 4.58163E-1 4.55205E-1 4.57279E-1 4.63132E-1 4.68834E-1 4.72072E-1 4.79245E-1 4.78266E-1 4.76642E-1 4.79329E-1 4.70315E-1 4.67738E-1 4.72482E-1 4.68027E-1 4.64222E-1 4.63194E-1 4.60508E-1 4.57237E-1 4.60261E-1 4.60835E-1 4.62117E-1 4.69069E-1 4.67415E-1 4.72897E-1 4.78734E-1 4.8393E-1 4.87448E-1 4.99832E-1 5.03503E-1 5.14276E-1 5.10775E-1 5.01693E-1 5.06983E-1 5.06663E-1 5.05616E-1 5.00595E-1 4.94619E-1 4.95218E-1 4.80023E-1 4.64747E-1 4.63654E-1 4.49667E-1 4.55539E-1 4.34409E-1 4.29449E-1 4.25042E-1 4.52474E-1 4.38953E-1 4.43451E-1 4.36447E-1 4.37283E-1 4.31405E-1 4.32201E-1 4.48681E-1 4.63524E-1 4.67421E-1 4.73559E-1 4.84565E-1 4.90929E-1 5.3734E-1
4.58534E-1 4.55732E-1 4.54904E-1 4.57267E-1 4.59505E-1 4.70053E-1 4.78614E-1 4.81653E-1 4.89508E-1 4.84574E-1 4.81266E-1 4.77459E-1 4.70776E-1 4.68425E-1 4.66754E-1 4.68634E-1 4.59612E-1 4.5787E-1 4.56705E-1 4.55117E-1 4.57116E-1 4.64486E-1 4.67748E-1 4.67783E-1 4.67436E-1 4.76547E-1 4.79848E-1 4.87521E-1 4.94155E-1 5.09602E-1 5.15862E-1 4.99349E-1 5.01045E-1 5.10701E-1 5.09225E-1 5.07465E-1 5.04805E-1 5.01369E-1 4.97812E-1 4.82336E-1 4.69223E-1 4.6741E-1 4.59328E-1 4.58646E-1 4.53655E-1 4.43134E-1 4.37435E-1 4.48565E-1 4.4905E-1 4.5474E-1 4.58133E-1 4.56998E-1 4.63603E-1 4.63694E-1 4.71136E-1 4.75829E-1 4.79255E-1 4.81417E-1 4.88695E-1 5.1049E-1 5.48935E-1
4.55259E-1 4.54466E-1 4.52125E-1 4.53754E-1 4.54159E-1 4.62427E-1 4.6982E-1 4.81756E-1 4.85304E-1 4.8322E-1 4.7895E-1 4.79171E-1 4.68927E-1 4.69967E-1 4.72381E-1 4.55834E-1 4.5575E-1 4.56453E-1 4.60242E-1 4.57168E-1 4.56806E-1 4.5864E-1 4.6371E-1 4.66183E-1 4.65184E-1 4.65962E-1 4.77686E-1 4.86602E-1 4.91362E-1 5.03565E-1 4.99228E-1 4.98099E-1 4.99461E-1 5.07161E-1 5.09137E-1 5.11417E-1 5.01358E-1 4.97099E-1 4.9811E-1 4.92857E-1 4.82497E-1 4.78251E-1 4.70702E-1 4.70557E-1 4.55239E-1 4.56045E-1 4.61547E-1 4.62203E-1 4.69728E-1 4.74331E-1 4.64463E-1 4.66004E-1 4.82832E-1 4.89895E-1 4.8703E-1 4.86385E-1 4.90929E-1 5.0331E-1 5.14649E-1 5.26786E-1 5.42879E-1
4.58747E-1 4.52547E-1 4.51584E-1 4.52237E-1 4.52384E-1 4.53812E-1 4.64581E-1 4.78642E-1 4.81651E-1 4.77293E-1 4.7581E-1 4.68359E-1 4.59022E-1 4.50047E-1 4.52293E-1 4.60135E-1 4.70652E-1 4.54392E-1 4.54381E-1 4.61615E-1 4.62646E-1 4.61914E-1 4.61424E-1 4.64075E-1 4.65292E-1 4.68106E-1 4.75567E-1 4.8476E-1 4.94634E-1 4.92043E-1 4.90903E-1 4.94227E-1 4.91765E-1 5.0511E-1 5.13564E-1 5.07751E-1 4.9126E-1 4.96003E-1 5.00582E-1 4.94807E-1 4.90734E-1 4.90555E-1 4.93588E-1 4.88719E-1 4.68912E-1 4.70044E-1 4.73103E-1 4.81465E-1 4.80239E-1 4.79992E-1 4.83383E-1 4.9343E-1 5.14008E-1 4.94748E-1 5.07213E-1 5.02389E-1 5.01165E-1 5.22092E-1 5.21566E-1 5.38727E-1 5.60162E-1
