maxent_outputs/bumblebees/bombus_292.asc
ncols         426
nrows         180
xllcorner     -130.0
yllcorner     24.0
cellsize      0.16666666666666666
NODATA_value  -9999
[rows 81 to 107 of 180, columns 244 to 304 of 426]
4.35848E-1 4.31032E-1 4.33527E-1 4.34196E-1 4.38149E-1 4.38247E-1 4.42387E-1 4.44611E-1 4.5352E-1 4.56439E-1 4.60114E-1 4.58055E-1 4.66526E-1 4.7185E-1 4.78186E-1 4.99067E-1 5.12795E-1 5.13942E-1 5.17453E-1 5.20093E-1 5.16501E-1 5.12488E-1 5.14049E-1 5.14839E-1 5.05655E-1 5.05186E-1 5.0652E-1 5.10245E-1 5.11225E-1 5.07537E-1 5.09165E-1 4.99059E-1 5.02637E-1 4.82635E-1 4.86884E-1 4.94579E-1 5.02617E-1 4.95773E-1 4.95013E-1 4.8535E-1 5.09917E-1 5.35028E-1 5.44982E-1 5.47359E-1 5.44119E-1 5.43049E-1 5.4986E-1 5.64241E-1 5.55607E-1 5.45737E-1 5.42669E-1 5.49107E-1 5.6405E-1 5.5948E-1 5.72832E-1 5.93138E-1 6.06415E-1 5.92065E-1 5.67724E-1 5.90293E-1 5.94573E-1
4.43102E-1 4.44269E-1 4.50852E-1 4.60686E-1 4.57763E-1 4.55627E-1 4.58395E-1 4.65924E-1 4.66875E-1 4.82007E-1 4.83157E-1 4.91845E-1 4.91073E-1 4.8747E-1 4.87714E-1 5.0211E-1 5.17962E-1 5.21605E-1 5.19351E-1 5.24064E-1 5.25952E-1 5.20792E-1 5.28203E-1 5.28251E-1 5.03695E-1 4.95388E-1 4.99274E-1 5.0026E-1 5.08901E-1 5.20241E-1 5.2361E-1 5.06394E-1 5.01756E-1 4.854E-1 4.84159E-1 5.09824E-1 5.12776E-1 5.20785E-1 5.1729E-1 5.00573E-1 5.17523E-1 5.44344E-1 5.58792E-1 5.66399E-1 5.71988E-1 5.73787E-1 5.71488E-1 5.64414E-1 5.61877E-1 5.59668E-1 5.5639E-1 5.62253E-1 5.72293E-1 5.62346E-1 5.70572E-1 5.8273E-1 6.01525E-1 5.97432E-1 5.90205E-1 5.91851E-1 5.90036E-1
4.56434E-1 4.65178E-1 4.67309E-1 4.79215E-1 4.78868E-1 4.75218E-1 4.77151E-1 4.83416E-1 4.93987E-1 5.08484E-1 5.1264E-1 5.21511E-1 5.14736E-1 5.11723E-1 5.18903E-1 5.20637E-1 5.27579E-1 5.24575E-1 5.21817E-1 5.30326E-1 5.2604E-1 5.31593E-1 5.30985E-1 5.24095E-1 5.15092E-1 5.01868E-1 4.99435E-1 5.0969E-1 5.1504E-1 5.30157E-1 5.42992E-1 5.25432E-1 5.0521E-1 4.96664E-1 4.94028E-1 5.12612E-1 5.36074E-1 5.46895E-1 5.43325E-1 5.26891E-1 5.39239E-1 5.71621E-1 5.80323E-1 5.82278E-1 5.82276E-1 5.78374E-1 5.8363E-1 5.72804E-1 5.66648E-1 5.66847E-1 5.67613E-1 5.88688E-1 5.76323E-1 5.73329E-1 5.7779E-1 5.8718E-1 6.05353E-1 6.00872E-1 5.91947E-1 5.58991E-1 5.20605E-1
4.84714E-1 4.84989E-1 4.96286E-1 4.92311E-1 4.92985E-1 4.91451E-1 4.96363E-1 5.05616E-1 5.05853E-1 5.15948E-1 5.29957E-1 5.48136E-1 5.42657E-1 5.37904E-1 5.3403E-1 5.27038E-1 5.34132E-1 5.44596E-1 5.5221E-1 5.49505E-1 5.35831E-1 5.3401E-1 5.32546E-1 5.34988E-1 5.23098E-1 5.28262E-1 5.22229E-1 5.1941E-1 5.24002E-1 5.39261E-1 5.65276E-1 5.63233E-1 5.39391E-1 5.28297E-1 5.21761E-1 5.39135E-1 5.52152E-1 5.74103E-1 5.72491E-1 5.62482E-1 5.70873E-1 5.77862E-1 5.80853E-1 5.90744E-1 5.85501E-1 5.81559E-1 5.83504E-1 5.85619E-1 5.77893E-1 5.72717E-1 5.88686E-1 5.95349E-1 5.82479E-1 5.79929E-1 5.84482E-1 5.88833E-1 6.0236E-1 5.9981E-1 5.6396E-1 5.42747E-1 5.20726E-1
5.0679E-1 5.09246E-1 5.13304E-1 5.09912E-1 5.09608E-1 5.15284E-1 5.19724E-1 5.21203E-1 5.26703E-1 5.35637E-1 5.51232E-1 5.57032E-1 5.61268E-1 5.4941E-1 5.38243E-1 5.36124E-1 5.44729E-1 5.67583E-1 5.86685E-1 5.67502E-1 5.48333E-1 5.46389E-1 5.51161E-1 5.4961E-1 5.50863E-1 5.58694E-1 5.54047E-1 5.42403E-1 5.52739E-1 5.68733E-1 5.87266E-1 5.75154E-1 5.55629E-1 5.43641E-1 5.44874E-1 5.53778E-1 5.71887E-1 5.82282E-1 5.81455E-1 5.71774E-1 5.7847E-1 5.82604E-1 5.98445E-1 6.01667E-1 5.88935E-1 5.90151E-1 5.88944E-1 5.97815E-1 5.94754E-1 6.07371E-1 6.11945E-1 6.09694E-1 6.03877E-1 5.99416E-1 6.0173E-1 5.98826E-1 6.11552E-1 5.71063E-1 5.49807E-1 5.38626E-1 5.00785E-1
5.27199E-1 5.337E-1 5.35271E-1 5.36025E-1 5.34386E-1 5.3245E-1 5.31466E-1 5.4134E-1 5.42567E-1 5.53306E-1 5.58832E-1 5.70869E-1 5.66731E-1 5.57102E-1 5.56125E-1 5.59247E-1 5.68065E-1 5.85584E-1 5.97562E-1 5.85308E-1 5.77547E-1 5.69734E-1 5.67226E-1 5.64348E-1 5.7576E-1 5.87152E-1 5.80787E-1 5.7879E-1 5.86664E-1 6.00286E-1 6.00578E-1 5.96805E-1 5.87559E-1 5.84712E-1 5.78033E-1 5.74801E-1 5.85858E-1 5.87834E-1 5.85732E-1 5.76082E-1 5.84536E-1 5.99149E-1 6.13583E-1 6.20895E-1 6.13461E-1 6.20088E-1 6.2315E-1 6.34717E-1 6.34448E-1 6.41405E-1 6.50617E-1 6.39708E-1 6.35646E-1 6.30055E-1 6.27278E-1 6.24567E-1 6.0782E-1 5.89902E-1 5.57781E-1 5.08409E-1 4.81889E-1
5.44298E-1 5.47665E-1 5.53917E-1 5.59533E-1 5.49411E-1 5.4456E-1 5.55953E-1 5.63191E-1 5.64806E-1 5.80992E-1 5.88212E-1 5.85463E-1 5.74852E-1 5.77054E-1 5.76339E-1 5.81255E-1 5.91835E-1 6.00901E-1 6.06538E-1 6.05279E-1 6.04966E-1 5.9443E-1 5.76268E-1 5.78382E-1 6.03971E-1 6.21358E-1 6.16016E-1 6.16199E-1 6.37844E-1 6.34583E-1 6.24994E-1 6.23355E-1 6.02698E-1 5.62735E-1 5.88594E-1 5.96916E-1 5.96169E-1 6.05452E-1 6.08372E-1 5.99492E-1 6.00249E-1 6.05232E-1 6.25257E-1 6.46617E-1 6.43964E-1 6.45547E-1 6.58696E-1 6.76313E-1 6.76407E-1 6.77085E-1 6.73461E-1 6.61746E-1 6.56449E-1 6.57106E-1 6.4733E-1 6.4442E-1 6.28005E-1 6.11537E-1 5.53081E-1 4.99514E-1 4.90435E-1
5.44398E-1 5.56889E-1 5.62182E-1 5.64329E-1 5.70387E-1 5.70123E-1 5.78464E-1 5.83232E-1 5.89469E-1 6.01034E-1 6.15399E-1 5.98983E-1 5.9207E-1 5.89743E-1 5.8698E-1 5.95021E-1 6.07435E-1 6.18935E-1 6.28375E-1 6.35339E-1 6.40143E-1 6.26521E-1 6.08263E-1 6.01753E-1 6.15408E-1 6.28472E-1 6.45978E-1 6.61285E-1 6.49259E-1 6.61531E-1 6.52023E-1 6.44201E-1 6.22864E-1 6.10756E-1 6.23157E-1 6.29097E-1 6.14745E-1 6.19139E-1 6.34559E-1 6.32947E-1 6.21988E-1 6.26718E-1 6.3918E-1 6.49561E-1 6.722E-1 6.86054E-1 6.98996E-1 6.99354E-1 7.03191E-1 6.93816E-1 6.91876E-1 6.85428E-1 6.766E-1 6.75235E-1 6.69215E-1 6.57644E-1 6.46452E-1 6.0736E-1 5.55399E-1 4.81261E-1 4.67404E-1
5.48645E-1 5.67972E-1 5.71778E-1 5.74592E-1 5.83362E-1 5.96639E-1 6.06017E-1 6.1475E-1 6.18432E-1 6.19227E-1 6.31123E-1 6.1766E-1 6.11073E-1 6.04168E-1 5.98199E-1 6.11536E-1 6.29424E-1 6.63749E-1 6.58176E-1 6.6041E-1 6.67187E-1 6.60122E-1 6.49231E-1 6.4061E-1 6.43615E-1 6.548E-1 6.84337E-1 6.7331E-1 6.7461E-1 6.88451E-1 6.80276E-1 6.66013E-1 6.58923E-1 6.41999E-1 6.39636E-1 6.47219E-1 6.39185E-1 6.49496E-1 6.61161E-1 6.57677E-1 6.49849E-1 6.46397E-1 6.48755E-1 6.71525E-1 6.90025E-1 7.11859E-1 7.07143E-1 7.1835E-1 7.1508E-1 7.14985E-1 7.05213E-1 6.97496E-1 6.85055E-1 6.83357E-1 6.70926E-1 6.41715E-1 6.11535E-1 5.85775E-1 5.14591E-1 4.4252E-1 4.91413E-1
5.56438E-1 5.69782E-1 5.76835E-1 5.83295E-1 6.00411E-1 6.12165E-1 6.22759E-1 6.31565E-1 6.38954E-1 6.34112E-1 6.37449E-1 6.30597E-1 6.23996E-1 6.28969E-1 6.25051E-1 6.44959E-1 6.66625E-1 6.783E-1 6.78994E-1 6.9552E-1 6.91369E-1 6.94298E-1 6.79169E-1 6.75855E-1 6.78676E-1 6.9394E-1 6.97207E-1 6.95459E-1 6.7516E-1 6.96777E-1 7.03139E-1 6.76973E-1 6.65947E-1 6.57187E-1 6.61162E-1 6.67984E-1 6.61442E-1 6.71544E-1 6.70671E-1 6.69653E-1 6.66126E-1 6.62826E-1 6.73121E-1 6.90485E-1 7.11086E-1 7.30018E-1 7.2748E-1 7.27076E-1 7.26501E-1 7.18696E-1 7.07446E-1 7.06087E-1 6.95266E-1 6.86693E-1 6.45827E-1 5.94351E-1 5.80435E-1 5.35071E-1 4.8817E-1 4.64504E-1 5.3358E-1
5.78779E-1 5.72865E-1 5.79187E-1 5.97867E-1 6.16314E-1 6.32469E-1 6.42792E-1 6.60344E-1 6.53558E-1 6.52089E-1 6.47243E-1 6.39208E-1 6.46519E-1 6.51253E-1 6.66784E-1 6.82336E-1 6.84589E-1 6.98977E-1 7.12024E-1 7.20125E-1 7.19912E-1 7.16042E-1 7.09584E-1 7.13652E-1 7.27003E-1 7.3189E-1 7.23551E-1 7.12104E-1 6.96958E-1 7.07002E-1 6.98404E-1 6.97327E-1 6.87676E-1 6.82054E-1 6.82077E-1 6.812E-1 6.70831E-1 6.85648E-1 6.87164E-1 6.85356E-1 6.86673E-1 6.72946E-1 6.95189E-1 7.02578E-1 7.2208E-1 7.29776E-1 7.27822E-1 7.23441E-1 7.19957E-1 7.1223E-1 7.07949E-1 6.97375E-1 6.86357E-1 6.59523E-1 5.96652E-1 5.64475E-1 5.61394E-1 4.94371E-1 4.54537E-1 4.79163E-1 5.08927E-1
5.81782E-1 5.7875E-1 5.9049E-1 6.08221E-1 6.28185E-1 6.37355E-1 6.59633E-1 6.64663E-1 6.66359E-1 6.73122E-1 6.71275E-1 6.66761E-1 6.74582E-1 6.81623E-1 6.95744E-1 7.03489E-1 7.10213E-1 7.19287E-1 7.20004E-1 7.17013E-1 7.23635E-1 7.36422E-1 7.36753E-1 7.46007E-1 7.39277E-1 7.46608E-1 7.30169E-1 7.23821E-1 7.14174E-1 7.15251E-1 7.0634E-1 6.94408E-1 6.88794E-1 6.88838E-1 6.93074E-1 6.90546E-1 6.9608E-1 6.90399E-1 7.02967E-1 7.07458E-1 7.06886E-1 6.95143E-1 7.11288E-1 7.18812E-1 7.14544E-1 7.07639E-1 7.1032E-1 7.16863E-1 7.19468E-1 7.08066E-1 6.96288E-1 6.74721E-1 6.35913E-1 6.20833E-1 5.65403E-1 5.59454E-1 5.05782E-1 4.93189E-1 4.68514E-1 4.85268E-1 4.96005E-1
5.89574E-1 6.05355E-1 6.17298E-1 6.35424E-1 6.55038E-1 6.48789E-1 6.65918E-1 6.73085E-1 6.86502E-1 6.96412E-1 6.93838E-1 6.90334E-1 6.95647E-1 7.06171E-1 7.19951E-1 7.32491E-1 7.45205E-1 7.36007E-1 7.28206E-1 7.18909E-1 7.22883E-1 7.52063E-1 7.54821E-1 7.45994E-1 7.36865E-1 7.32788E-1 7.31641E-1 7.18235E-1 7.07432E-1 7.04108E-1 7.05493E-1 7.00245E-1 6.98213E-1 6.87744E-1 6.88408E-1 6.75696E-1 6.81301E-1 6.95794E-1 7.08382E-1 7.10456E-1 7.23478E-1 7.17459E-1 7.17797E-1 7.104E-1 7.02323E-1 6.97828E-1 6.82006E-1 6.95432E-1 6.99305E-1 6.89312E-1 6.43765E-1 5.97311E-1 5.74881E-1 5.69368E-1 5.42812E-1 5.30262E-1 5.18459E-1 4.95949E-1 4.94518E-1 4.97966E-1 5.00779E-1
6.2763E-1 6.42202E-1 6.61395E-1 6.67296E-1 6.85784E-1 6.86161E-1 6.79965E-1 6.91897E-1 7.09395E-1 7.14968E-1 7.09063E-1 7.12444E-1 7.18346E-1 7.31697E-1 7.41209E-1 7.52088E-1 7.43814E-1 7.39673E-1 7.29274E-1 7.15921E-1 7.2969E-1 7.66763E-1 7.52255E-1 7.45169E-1 7.30738E-1 7.19874E-1 7.13733E-1 7.01607E-1 6.89896E-1 6.85818E-1 6.89845E-1 6.91638E-1 6.90893E-1 6.96472E-1 6.98537E-1 6.79493E-1 6.77445E-1 6.8906E-1 7.0671E-1 7.06387E-1 7.15072E-1 7.11886E-1 7.07583E-1 7.02666E-1 6.91899E-1 6.83755E-1 6.72317E-1 6.77857E-1 6.71682E-1 6.5386E-1 6.15934E-1 5.70888E-1 5.43506E-1 5.17112E-1 5.06631E-1 5.52362E-1 5.44326E-1 5.37752E-1 5.47267E-1 5.4441E-1 5.56908E-1
6.68723E-1 6.82212E-1 7.00539E-1 7.05435E-1 7.21179E-1 7.19127E-1 7.13503E-1 7.18814E-1 7.29852E-1 7.38874E-1 7.44412E-1 7.49028E-1 7.57741E-1 7.63121E-1 7.68556E-1 7.60864E-1 7.53486E-1 7.5115E-1 7.31392E-1 7.11447E-1 7.26173E-1 7.50192E-1 7.46693E-1 7.41899E-1 7.33419E-1 7.16894E-1 7.10856E-1 6.88263E-1 6.73111E-1 6.73522E-1 6.80403E-1 6.85668E-1 6.81089E-1 6.95415E-1 7.08652E-1 6.94099E-1 6.7951E-1 6.95451E-1 7.08579E-1 7.13273E-1 7.10389E-1 7.06843E-1 7.04286E-1 7.05905E-1 6.95288E-1 6.80766E-1 6.69747E-1 6.53496E-1 6.52945E-1 6.13758E-1 5.57828E-1 5.32462E-1 4.99734E-1 5.19258E-1 5.60145E-1 5.58469E-1 5.7673E-1 5.75814E-1 5.97182E-1 5.95177E-1 6.02711E-1
7.09722E-1 7.17291E-1 7.26762E-1 7.31308E-1 7.45764E-1 7.48845E-1 7.45083E-1 7.45146E-1 7.3853E-1 7.61566E-1 7.64535E-1 7.73454E-1 7.86696E-1 7.91257E-1 7.92279E-1 7.74863E-1 7.67825E-1 7.42703E-1 7.25248E-1 7.03223E-1 7.03831E-1 7.49919E-1 7.45668E-1 7.32539E-1 7.29833E-1 7.28037E-1 7.16596E-1 7.07387E-1 6.8237E-1 6.83888E-1 6.94029E-1 6.95727E-1 6.93037E-1 6.91495E-1 6.81004E-1 6.87763E-1 6.81171E-1 6.87716E-1 7.08506E-1 7.16851E-1 7.08551E-1 7.0881E-1 7.02431E-1 7.15472E-1 7.06729E-1 6.85407E-1 6.53637E-1 6.21538E-1 5.99034E-1 5.89753E-1 5.24922E-1 5.30264E-1 5.47769E-1 5.71822E-1 5.70243E-1 5.78535E-1 5.93643E-1 6.31786E-1 6.26575E-1 6.5878E-1 6.54795E-1
7.39778E-1 7.48455E-1 7.49352E-1 7.58853E-1 7.73098E-1 7.66298E-1 7.4863E-1 7.40635E-1 7.50852E-1 7.56039E-1 7.66725E-1 7.76147E-1 7.93846E-1 8.0476E-1 7.90306E-1 7.72737E-1 7.6221E-1 7.53269E-1 7.38674E-1 7.15501E-1 7.12404E-1 7.39836E-1 7.45474E-1 7.27912E-1 7.37361E-1 7.3661E-1 7.27461E-1 7.16386E-1 7.08734E-1 7.09467E-1 6.97667E-1 7.16999E-1 6.968E-1 6.87246E-1 6.8474E-1 6.82733E-1 6.81226E-1 6.9146E-1 7.10612E-1 7.26954E-1 7.14753E-1 7.17711E-1 7.2041E-1 7.0292E-1 7.10572E-1 6.79803E-1 6.34233E-1 6.05057E-1 5.61103E-1 5.39136E-1 5.50792E-1 5.41354E-1 5.71806E-1 5.62883E-1 5.75115E-1 6.13674E-1 6.38648E-1 6.75238E-1 6.72462E-1 7.21148E-1 6.80571E-1
7.51937E-1 7.61794E-1 7.64388E-1 7.67066E-1 7.66683E-1 7.62451E-1 7.53699E-1 7.52959E-1 7.56185E-1 7.69308E-1 7.70242E-1 7.68359E-1 7.62335E-1 7.82231E-1 7.8516E-1 7.7822E-1 7.6973E-1 7.72038E-1 7.60774E-1 7.42336E-1 7.34604E-1 7.4308E-1 7.55484E-1 7.52278E-1 7.39954E-1 7.4006E-1 7.27277E-1 7.24841E-1 7.08086E-1 7.04598E-1 7.04593E-1 7.05569E-1 7.01516E-1 6.96025E-1 7.05645E-1 7.09637E-1 7.0313E-1 7.0589E-1 7.14845E-1 7.29459E-1 7.22656E-1 7.15294E-1 7.20301E-1 7.23602E-1 7.26644E-1 7.12919E-1 6.79369E-1 6.24607E-1 5.56912E-1 5.27045E-1 5.61465E-1 5.66383E-1 5.36222E-1 5.29899E-1 5.57793E-1 6.10546E-1 6.6842E-1 6.90651E-1 7.04454E-1 7.41074E-1 7.72073E-1
7.7473E-1 7.91482E-1 7.85617E-1 7.87058E-1 7.81909E-1 7.77573E-1 7.75311E-1 7.63335E-1 7.72422E-1 7.84487E-1 7.8617E-1 7.756E-1 7.64048E-1 7.72258E-1 7.73409E-1 7.65844E-1 7.61928E-1 7.6538E-1 7.6357E-1 7.50143E-1 7.40807E-1 7.47307E-1 7.54986E-1 7.5163E-1 7.5253E-1 7.53713E-1 7.46689E-1 7.29755E-1 7.19274E-1 7.14737E-1 6.99599E-1 6.88923E-1 6.84517E-1 6.96522E-1 6.98909E-1 7.13594E-1 7.24102E-1 7.21337E-1 7.14456E-1 7.22182E-1 7.21809E-1 7.18057E-1 7.03905E-1 7.08397E-1 7.05929E-1 6.91444E-1 6.58443E-1 5.85828E-1 5.38386E-1 5.36361E-1 5.44882E-1 5.45449E-1 4.89838E-1 5.2349E-1 5.7638E-1 6.36574E-1 6.91083E-1 7.09981E-1 7.20882E-1 7.76832E-1 8.00736E-1
7.92015E-1 7.97387E-1 8.07248E-1 8.05695E-1 8.00998E-1 8.02144E-1 7.89067E-1 7.8047E-1 7.81227E-1 7.95665E-1 8.00739E-1 7.91357E-1 7.71474E-1 7.66649E-1 7.68219E-1 7.68131E-1 7.65182E-1 7.62089E-1 7.57875E-1 7.51374E-1 7.43025E-1 7.51233E-1 7.67959E-1 7.70625E-1 7.72892E-1 7.64577E-1 7.60495E-1 7.43272E-1 7.37175E-1 7.2905E-1 7.06879E-1 6.90365E-1 6.85377E-1 7.00714E-1 7.02413E-1 7.12696E-1 7.33732E-1 7.26038E-1 7.07076E-1 6.92639E-1 6.87818E-1 6.85866E-1 6.84358E-1 6.75031E-1 6.47054E-1 6.27948E-1 6.2528E-1 5.5011E-1 5.35732E-1 5.27756E-1 5.16773E-1 5.35053E-1 5.64303E-1 5.68933E-1 6.24824E-1 6.82701E-1 7.42994E-1 7.63695E-1 7.92559E-1 8.12737E-1 8.24455E-1
7.89764E-1 8.07259E-1 8.06555E-1 8.17611E-1 8.3019E-1 8.28878E-1 8.28378E-1 8.19382E-1 7.96053E-1 7.97947E-1 8.03632E-1 7.97801E-1 7.7822E-1 7.69913E-1 7.70001E-1 7.64059E-1 7.65955E-1 7.67068E-1 7.58829E-1 7.54462E-1 7.46721E-1 7.51243E-1 7.60326E-1 7.76019E-1 7.72988E-1 7.61122E-1 7.62562E-1 7.60488E-1 7.57633E-1 7.36632E-1 7.13052E-1 6.77172E-1 6.87335E-1 7.11916E-1 7.10088E-1 7.16547E-1 7.06719E-1 7.07724E-1 6.93496E-1 6.36209E-1 6.41356E-1 6.46117E-1 6.45725E-1 6.41837E-1 6.25878E-1 6.15189E-1 5.78982E-1 5.22905E-1 5.18928E-1 5.20555E-1 5.21803E-1 5.47113E-1 5.7814E-1 5.72333E-1 5.93812E-1 6.50029E-1 7.64226E-1 8.07186E-1 8.30982E-1 8.37877E-1 8.50113E-1
7.91832E-1 8.1878E-1 8.28131E-1 8.4115E-1 8.50335E-1 8.4415E-1 8.48919E-1 8.43602E-1 8.29277E-1 8.12062E-1 8.12756E-1 7.99227E-1 7.77396E-1 7.60268E-1 7.72512E-1 7.67885E-1 7.63509E-1 7.81364E-1 7.73715E-1 7.70881E-1 7.59747E-1 7.445E-1 7.64591E-1 7.74615E-1 7.8405E-1 7.9099E-1 7.78015E-1 7.62698E-1 7.69426E-1 7.46081E-1 7.29882E-1 7.12854E-1 7.18667E-1 7.20947E-1 6.99572E-1 6.85928E-1 6.76435E-1 6.31422E-1 5.89471E-1 6.20984E-1 5.71335E-1 6.21714E-1 6.35121E-1 6.25456E-1 6.13717E-1 6.05876E-1 6.10922E-1 5.7279E-1 5.55686E-1 5.35528E-1 5.48852E-1 5.48983E-1 5.364E-1 5.56179E-1 6.12799E-1 7.40413E-1 7.82229E-1 8.14255E-1 8.31915E-1 8.36283E-1 8.53486E-1
8.2268E-1 8.37194E-1 8.52186E-1 8.55501E-1 8.59082E-1 8.54318E-1 8.50532E-1 8.51913E-1 8.42286E-1 8.26389E-1 8.28661E-1 8.11034E-1 7.83297E-1 7.59598E-1 7.67727E-1 7.60026E-1 7.54094E-1 7.67614E-1 7.71286E-1 7.83751E-1 7.7626E-1 7.64273E-1 7.76603E-1 7.91844E-1 7.82021E-1 7.66213E-1 7.52084E-1 7.5909E-1 7.6495E-1 7.48317E-1 7.35011E-1 7.34942E-1 7.35254E-1 7.2535E-1 7.14532E-1 6.66282E-1 6.72335E-1 6.52081E-1 6.43505E-1 6.25643E-1 6.50805E-1 6.27355E-1 6.27805E-1 6.40575E-1 6.62088E-1 6.50655E-1 5.84104E-1 5.36835E-1 5.32782E-1 5.26156E-1 5.3809E-1 5.36412E-1 5.55569E-1 5.57561E-1 7.3397E-1 7.9388E-1 8.11658E-1 8.19017E-1 8.31292E-1 8.41749E-1 8.54918E-1
8.3988E-1 8.55825E-1 8.67907E-1 8.59195E-1 8.49777E-1 8.46685E-1 8.44012E-1 8.57629E-1 8.4686E-1 8.31957E-1 8.20544E-1 8.19836E-1 7.93849E-1 7.7171E-1 7.61065E-1 7.51738E-1 7.50544E-1 7.66074E-1 7.78885E-1 7.89291E-1 7.89979E-1 7.79687E-1 7.81395E-1 7.88527E-1 7.86466E-1 7.65122E-1 7.45873E-1 7.5313E-1 7.7981E-1 7.57406E-1 7.32737E-1 7.32203E-1 6.96141E-1 7.05724E-1 7.11366E-1 6.91824E-1 6.74014E-1 6.64022E-1 6.58142E-1 6.5937E-1 6.66016E-1 6.44789E-1 6.4291E-1 6.65373E-1 6.20169E-1 5.77887E-1 4.99634E-1 5.65957E-1 5.57271E-1 5.46809E-1 5.75716E-1 6.74722E-1 7.4426E-1 7.6074E-1 7.90319E-1 8.107E-1 8.22531E-1 8.24385E-1 8.37834E-1 8.46506E-1 8.53835E-1
8.47075E-1 8.54707E-1 8.72082E-1 8.48252E-1 8.36932E-1 8.2824E-1 8.31562E-1 8.49459E-1 8.32663E-1 8.28831E-1 8.23777E-1 8.0425E-1 7.9044E-1 7.67694E-1 7.54313E-1 7.45479E-1 7.60306E-1 7.88881E-1 8.03236E-1 8.11887E-1 7.97248E-1 7.95832E-1 7.8653E-1 7.62961E-1 7.53963E-1 7.5191E-1 7.22248E-1 7.4706E-1 7.74825E-1 7.52119E-1 7.09314E-1 7.21422E-1 7.32463E-1 7.27097E-1 7.04244E-1 6.82179E-1 6.63395E-1 6.55886E-1 6.62285E-1 6.4911E-1 6.2924E-1 6.47797E-1 6.51365E-1 6.30622E-1 6.00524E-1 5.48256E-1 5.32708E-1 5.80266E-1 5.84955E-1 6.4294E-1 7.26868E-1 7.93185E-1 8.11351E-1 8.15498E-1 8.17891E-1 8.17778E-1 8.22366E-1 8.22803E-1 8.30489E-1 8.40767E-1 8.54972E-1
8.50128E-1 8.6017E-1 8.60724E-1 8.30249E-1 8.24429E-1 8.20992E-1 8.27132E-1 8.2835E-1 8.24053E-1 8.05084E-1 8.03604E-1 7.91441E-1 7.87161E-1 7.74361E-1 7.63642E-1 7.73071E-1 7.87699E-1 7.94499E-1 8.07108E-1 8.17374E-1 8.1565E-1 8.0399E-1 7.75703E-1 7.54095E-1 7.35023E-1 7.16436E-1 7.19147E-1 7.41984E-1 7.42777E-1 7.07042E-1 6.87171E-1 7.46154E-1 7.35092E-1 7.10911E-1 6.89652E-1 6.92693E-1 6.72326E-1 6.61013E-1 6.57743E-1 6.24051E-1 6.19312E-1 6.07202E-1 6.13619E-1 5.90865E-1 5.49077E-1 5.21838E-1 5.76797E-1 6.7328E-1 7.83873E-1 8.164E-1 8.09548E-1 8.12907E-1 8.12472E-1 8.03825E-1 7.96892E-1 8.0207E-1 8.00677E-1 8.17271E-1 8.22413E-1 8.36711E-1 8.46807E-1
8.3343E-1 8.41386E-1 8.38241E-1 8.26774E-1 8.27661E-1 8.37949E-1 8.28448E-1 8.18091E-1 8.05931E-1 7.86118E-1 7.82956E-1 7.8609E-1 7.82235E-1 7.79739E-1 7.72764E-1 7.78829E-1 7.96368E-1 8.01873E-1 8.06437E-1 8.14125E-1 8.1414E-1 8.05224E-1 7.78272E-1 7.55709E-1 7.15459E-1 7.08517E-1 7.19794E-1 7.40246E-1 7.45221E-1 7.06979E-1 7.21832E-1 7.31622E-1 7.17737E-1 7.12344E-1 6.896E-1 6.62309E-1 6.49638E-1 6.44039E-1 6.37658E-1 5.93501E-1 5.59795E-1 5.72785E-1 5.75189E-1 5.03206E-1 4.83828E-1 6.2053E-1 7.17041E-1 8.01061E-1 8.19087E-1 8.17938E-1 8.21201E-1 8.15568E-1 8.17824E-1 8.15582E-1 7.91993E-1 7.86131E-1 8.01457E-1 8.17025E-1 8.28207E-1 8.38048E-1 8.43604E-1
