maxent_outputs/bumblebees/bombus_19.asc
ncols         426
nrows         180
xllcorner     -130.0
yllcorner     24.0
cellsize      0.16666666666666666
NODATA_value  -9999
[rows 27 to 53 of 180, columns 122 to 182 of 426]
1.49204E-2 1.34272E-2 1.17933E-2 1.18148E-2 1.46295E-2 1.83619E-2 1.8275E-2 1.96308E-2 2.19126E-2 2.19867E-2 2.22477E-2 2.07076E-2 1.9039E-2 2.28699E-2 2.62817E-2 2.76562E-2 2.80071E-2 2.73092E-2 2.61222E-2 2.52119E-2 2.6859E-2 2.75102E-2 2.74144E-2 2.92048E-2 3.01626E-2 3.61169E-2 3.3598E-2 3.20363E-2 3.28809E-2 3.21298E-2 2.8098E-2 2.52204E-2 2.51881E-2 2.78033E-2 2.76762E-2 2.85416E-2 2.72917E-2 2.55088E-2 2.5343E-2 2.50358E-2 2.61604E-2 2.5567E-2 2.49942E-2 2.48575E-2 2.62468E-2 2.70144E-2 2.42037E-2 2.5301E-2 2.56483E-2 2.58763E-2 2.70591E-2 2.88038E-2 3.07866E-2 3.04609E-2 2.86514E-2 2.62222E-2 2.74422E-2 2.70504E-2 2.93197E-2 2.99905E-2 3.04906E-2
1.37828E-2 1.34673E-2 1.35077E-2 1.48429E-2 1.7535E-2 1.94156E-2 1.95741E-2 2.04832E-2 2.15878E-2 2.20797E-2 2.2227E-2 2.31356E-2 2.09429E-2 1.89871E-2 1.97061E-2 2.32587E-2 2.46773E-2 2.21511E-2 2.18283E-2 2.13121E-2 2.37647E-2 2.56788E-2 2.67971E-2 2.93227E-2 3.11388E-2 2.74516E-2 2.55719E-2 2.72147E-2 3.48315E-2 3.23308E-2 3.0044E-2 2.77178E-2 2.45203E-2 2.62026E-2 2.96535E-2 2.88608E-2 2.747E-2 2.84198E-2 2.76384E-2 2.70309E-2 2.5644E-2 2.69597E-2 2.71811E-2 2.767E-2 2.81429E-2 2.84076E-2 2.65688E-2 2.46445E-2 2.56943E-2 2.50156E-2 2.557E-2 2.85758E-2 3.05446E-2 2.92252E-2 2.62632E-2 2.64627E-2 2.7286E-2 2.50728E-2 2.56125E-2 2.74055E-2 2.76256E-2
1.50377E-2 1.61664E-2 1.54481E-2 1.78403E-2 1.9416E-2 2.27495E-2 2.388E-2 2.38602E-2 2.34192E-2 2.36134E-2 2.32076E-2 2.47469E-2 2.27357E-2 2.1503E-2 1.99888E-2 1.95499E-2 1.93891E-2 1.85292E-2 1.77416E-2 2.01858E-2 2.13812E-2 2.53501E-2 2.47998E-2 2.17685E-2 2.66043E-2 3.2656E-2 4.18327E-2 3.4375E-2 2.97692E-2 3.20585E-2 2.90916E-2 2.63669E-2 2.72496E-2 2.64981E-2 2.77864E-2 2.94142E-2 3.02423E-2 2.92258E-2 2.86833E-2 2.9572E-2 3.01981E-2 2.92246E-2 2.85723E-2 2.8687E-2 2.9921E-2 2.90356E-2 2.9616E-2 3.10837E-2 3.04707E-2 2.9328E-2 2.84388E-2 2.99838E-2 3.14298E-2 2.93869E-2 2.62184E-2 2.52701E-2 2.40446E-2 2.31974E-2 2.53529E-2 2.71858E-2 2.82809E-2
2.19018E-2 1.90019E-2 1.91564E-2 1.9025E-2 1.95244E-2 2.35411E-2 2.66371E-2 2.74796E-2 2.90495E-2 2.70091E-2 2.65429E-2 2.6444E-2 2.67029E-2 2.38216E-2 2.52525E-2 2.21744E-2 2.10476E-2 1.88524E-2 1.90665E-2 2.17854E-2 2.36991E-2 2.31338E-2 2.05752E-2 2.40165E-2 2.64018E-2 3.4615E-2 3.5447E-2 2.59813E-2 2.69762E-2 4.06301E-2 3.65483E-2 3.27554E-2 3.25151E-2 3.02016E-2 2.85905E-2 2.75219E-2 2.66975E-2 2.8658E-2 2.99691E-2 3.0849E-2 3.26181E-2 3.25254E-2 3.05878E-2 2.97475E-2 3.09505E-2 3.07309E-2 3.28067E-2 3.44677E-2 3.49654E-2 3.36914E-2 3.2801E-2 3.34201E-2 3.33512E-2 3.013E-2 2.74475E-2 2.46371E-2 2.27239E-2 2.21842E-2 2.31436E-2 2.94736E-2 3.06675E-2
2.94806E-2 2.90683E-2 2.74308E-2 2.43302E-2 2.43566E-2 2.47421E-2 2.66396E-2 2.83173E-2 3.11536E-2 3.30933E-2 3.01784E-2 3.10808E-2 2.7888E-2 2.40334E-2 2.78244E-2 2.57412E-2 2.42516E-2 2.11971E-2 1.93897E-2 2.20883E-2 2.50319E-2 2.3903E-2 2.2805E-2 2.19785E-2 2.03511E-2 2.62427E-2 3.63327E-2 3.00626E-2 2.48085E-2 2.8175E-2 3.0785E-2 2.95183E-2 3.30552E-2 3.36505E-2 2.87785E-2 2.73139E-2 2.64392E-2 2.72474E-2 2.61178E-2 2.67982E-2 2.6691E-2 2.77657E-2 2.92912E-2 3.00077E-2 3.17254E-2 3.27473E-2 3.3044E-2 3.53988E-2 3.548E-2 3.50335E-2 3.66945E-2 3.64132E-2 3.56576E-2 3.2907E-2 3.04403E-2 3.01722E-2 2.88016E-2 2.7774E-2 2.83703E-2 3.08131E-2 2.89839E-2
3.35857E-2 3.48524E-2 3.54093E-2 3.41689E-2 3.25483E-2 3.13606E-2 2.98409E-2 2.84156E-2 2.99359E-2 2.998E-2 3.45358E-2 3.63906E-2 3.29473E-2 2.93607E-2 2.71652E-2 2.74085E-2 2.80679E-2 2.47669E-2 2.25601E-2 2.41914E-2 2.49939E-2 2.49251E-2 2.2519E-2 2.40831E-2 2.38039E-2 3.14973E-2 3.29367E-2 3.44004E-2 2.99392E-2 2.83573E-2 3.32244E-2 3.47038E-2 3.45353E-2 3.37304E-2 2.91594E-2 2.94204E-2 2.82654E-2 2.49713E-2 2.44541E-2 2.51058E-2 2.63878E-2 2.70097E-2 2.75297E-2 2.68179E-2 2.69776E-2 2.84791E-2 2.92418E-2 3.19958E-2 3.72767E-2 3.82497E-2 3.80145E-2 3.7147E-2 3.52164E-2 3.6005E-2 3.47371E-2 3.18392E-2 3.11224E-2 2.94816E-2 2.99689E-2 3.48735E-2 3.30807E-2
3.10989E-2 3.19797E-2 3.43364E-2 3.40975E-2 3.27526E-2 3.35252E-2 3.33842E-2 3.21903E-2 3.12153E-2 3.09793E-2 3.57816E-2 3.66882E-2 3.64052E-2 3.77124E-2 3.56206E-2 3.27037E-2 3.055E-2 3.09178E-2 2.74238E-2 2.92647E-2 2.66723E-2 2.65511E-2 2.41637E-2 2.38222E-2 2.09605E-2 2.47903E-2 3.14732E-2 2.94658E-2 2.80075E-2 3.08765E-2 3.76365E-2 3.98353E-2 3.3887E-2 3.1234E-2 2.94331E-2 3.05076E-2 2.90911E-2 2.45888E-2 2.3916E-2 2.39908E-2 2.55508E-2 2.64968E-2 2.63458E-2 2.70052E-2 2.63794E-2 2.52143E-2 2.65714E-2 2.752E-2 3.03603E-2 3.34821E-2 3.71146E-2 3.60548E-2 3.69792E-2 3.36871E-2 3.24878E-2 3.24642E-2 3.73213E-2 3.15528E-2 3.14434E-2 3.32871E-2 3.37842E-2
2.24037E-2 2.25295E-2 2.61632E-2 2.86976E-2 3.27181E-2 3.63782E-2 3.71805E-2 3.63651E-2 3.51077E-2 3.65202E-2 3.51455E-2 3.38891E-2 4.02679E-2 3.68234E-2 3.83741E-2 3.76242E-2 3.7036E-2 3.43098E-2 3.26431E-2 3.15807E-2 2.81865E-2 2.97922E-2 2.74125E-2 2.82642E-2 2.81555E-2 3.27386E-2 3.3816E-2 3.5861E-2 3.74366E-2 3.58147E-2 3.28548E-2 3.46023E-2 3.13914E-2 3.05746E-2 3.01026E-2 2.9426E-2 2.90613E-2 2.5399E-2 2.45873E-2 2.59241E-2 2.42252E-2 2.59887E-2 2.56521E-2 2.6801E-2 2.62866E-2 2.56351E-2 2.60192E-2 2.60623E-2 2.66987E-2 2.89766E-2 3.1454E-2 3.56487E-2 3.59212E-2 3.44782E-2 3.30507E-2 3.14087E-2 3.23296E-2 3.26764E-2 3.34838E-2 3.66311E-2 3.71176E-2
2.02893E-2 2.08728E-2 2.66824E-2 3.02981E-2 3.22577E-2 3.13175E-2 3.44059E-2 4.05513E-2 3.96067E-2 3.80688E-2 3.88437E-2 3.63961E-2 3.79605E-2 3.64617E-2 3.98642E-2 4.35271E-2 4.17255E-2 3.97754E-2 3.66897E-2 3.92458E-2 3.65848E-2 3.42763E-2 3.3915E-2 3.51851E-2 3.70383E-2 3.69093E-2 3.84923E-2 3.92802E-2 3.52406E-2 3.44197E-2 3.33046E-2 3.4266E-2 3.66835E-2 3.2845E-2 3.05554E-2 3.55671E-2 3.42305E-2 3.3126E-2 3.52631E-2 3.41712E-2 3.46276E-2 3.43213E-2 3.23207E-2 2.69509E-2 2.68476E-2 2.65824E-2 2.61107E-2 2.68933E-2 2.70575E-2 2.70204E-2 2.80547E-2 3.24299E-2 3.4698E-2 3.65451E-2 3.58898E-2 3.48806E-2 3.47505E-2 3.58624E-2 3.53513E-2 3.49281E-2 3.23715E-2
2.52214E-2 2.48502E-2 3.04647E-2 3.53217E-2 3.16882E-2 2.53714E-2 2.95085E-2 3.87037E-2 4.28353E-2 3.91268E-2 3.96074E-2 4.00005E-2 3.97574E-2 3.98963E-2 3.80794E-2 4.43859E-2 4.54559E-2 4.41388E-2 5.02044E-2 5.36451E-2 3.85402E-2 3.75165E-2 3.54246E-2 3.10357E-2 2.95376E-2 3.04667E-2 3.11799E-2 3.24641E-2 3.41755E-2 3.52239E-2 3.45742E-2 3.49752E-2 3.61009E-2 3.61854E-2 3.85962E-2 3.02327E-2 3.06059E-2 3.00863E-2 3.02367E-2 2.81073E-2 2.76292E-2 3.43583E-2 3.69863E-2 4.1461E-2 3.50755E-2 2.62126E-2 2.675E-2 2.65217E-2 2.71286E-2 2.93015E-2 3.05561E-2 3.03234E-2 3.1128E-2 3.42503E-2 3.70806E-2 3.6235E-2 3.51574E-2 3.64583E-2 3.41176E-2 3.15456E-2 3.34058E-2
3.23544E-2 3.18617E-2 3.28814E-2 3.50849E-2 4.02765E-2 3.88699E-2 3.95342E-2 4.12801E-2 4.16295E-2 3.95919E-2 3.99426E-2 4.21263E-2 3.62553E-2 3.99458E-2 3.7141E-2 4.22344E-2 4.62464E-2 5.02351E-2 4.64337E-2 4.12396E-2 4.12474E-2 3.54523E-2 3.7048E-2 3.15997E-2 3.05464E-2 3.23665E-2 3.09126E-2 3.30213E-2 3.46429E-2 3.63324E-2 3.73823E-2 3.46382E-2 3.50355E-2 4.12784E-2 3.00114E-2 3.11163E-2 2.99652E-2 3.09227E-2 3.1844E-2 3.21343E-2 3.09911E-2 3.43529E-2 3.77406E-2 3.97547E-2 4.66464E-2 2.89833E-2 2.84534E-2 2.77225E-2 2.8413E-2 3.04444E-2 3.10342E-2 2.9526E-2 2.78224E-2 3.14958E-2 3.32829E-2 3.4799E-2 3.51026E-2 3.54894E-2 3.29189E-2 3.12394E-2 3.08622E-2
3.47798E-2 2.9949E-2 2.61781E-2 3.38166E-2 4.07508E-2 4.0139E-2 4.20045E-2 4.21331E-2 4.12608E-2 4.04892E-2 4.0843E-2 4.25988E-2 3.98846E-2 3.8979E-2 3.58657E-2 3.76919E-2 4.04572E-2 3.68938E-2 3.77556E-2 4.09777E-2 4.26021E-2 3.64412E-2 3.24529E-2 3.09088E-2 2.98283E-2 2.94901E-2 2.86563E-2 3.38724E-2 3.55401E-2 3.64166E-2 3.38301E-2 3.5539E-2 4.03093E-2 3.12345E-2 2.75382E-2 2.9498E-2 3.3984E-2 3.54717E-2 3.38895E-2 3.6354E-2 3.66947E-2 3.97291E-2 3.71411E-2 4.06595E-2 4.55644E-2 4.17754E-2 3.4846E-2 3.5676E-2 3.99183E-2 4.56428E-2 4.16217E-2 3.63859E-2 3.01469E-2 2.96759E-2 3.03103E-2 3.23821E-2 3.33495E-2 3.20713E-2 3.26697E-2 3.07969E-2 2.95709E-2
3.36061E-2 3.05258E-2 2.99222E-2 3.59721E-2 3.69435E-2 3.97479E-2 4.08085E-2 4.03382E-2 3.93555E-2 4.08123E-2 4.17032E-2 3.67355E-2 3.36053E-2 2.9487E-2 3.09878E-2 3.13826E-2 3.20481E-2 3.39914E-2 3.68275E-2 4.09381E-2 4.08916E-2 3.70693E-2 3.26737E-2 3.20193E-2 3.03273E-2 2.828E-2 2.71912E-2 3.09629E-2 4.1607E-2 3.95631E-2 3.14399E-2 3.98908E-2 3.73949E-2 3.05292E-2 2.92225E-2 3.41283E-2 3.79849E-2 3.55003E-2 3.19697E-2 3.33528E-2 3.26107E-2 3.81721E-2 3.52306E-2 3.69152E-2 3.72351E-2 3.44196E-2 3.61784E-2 3.80797E-2 3.54747E-2 4.05648E-2 3.48841E-2 3.16121E-2 3.21463E-2 3.26537E-2 3.11151E-2 3.05465E-2 3.36778E-2 3.31913E-2 3.32847E-2 3.22862E-2 3.22552E-2
2.79149E-2 2.52743E-2 2.35182E-2 2.86027E-2 3.4517E-2 4.10028E-2 3.85242E-2 3.92104E-2 3.99744E-2 4.10475E-2 4.14355E-2 3.36403E-2 3.0091E-2 2.84281E-2 3.00689E-2 3.02803E-2 3.17284E-2 3.37261E-2 3.59773E-2 3.78872E-2 3.88637E-2 3.67022E-2 3.37689E-2 3.3074E-2 3.02233E-2 2.83127E-2 2.86342E-2 2.91714E-2 3.2043E-2 1.89209E-2 3.6021E-2 3.83841E-2 3.13876E-2 3.3984E-2 3.52747E-2 3.71246E-2 3.92634E-2 3.57392E-2 3.15601E-2 3.39724E-2 3.5024E-2 3.70115E-2 3.59951E-2 3.62666E-2 3.7571E-2 3.84386E-2 3.89553E-2 4.13614E-2 3.96885E-2 3.90666E-2 3.96024E-2 3.91374E-2 3.558E-2 3.09058E-2 3.05579E-2 3.17164E-2 3.10916E-2 2.98274E-2 3.11767E-2 3.13122E-2 3.07307E-2
2.51008E-2 2.16753E-2 2.15719E-2 2.93603E-2 3.37967E-2 3.85631E-2 3.98224E-2 3.95338E-2 3.60145E-2 3.60784E-2 3.84767E-2 3.24477E-2 2.82354E-2 2.73768E-2 3.04138E-2 3.06871E-2 3.01128E-2 3.0361E-2 3.32101E-2 3.51267E-2 3.75305E-2 3.52161E-2 3.2459E-2 3.11471E-2 2.87114E-2 2.83989E-2 2.7916E-2 2.54931E-2 2.19033E-2 3.43487E-2 2.50705E-2 3.23359E-2 3.21393E-2 3.56359E-2 3.44908E-2 3.42168E-2 3.68548E-2 3.3313E-2 3.27537E-2 3.3457E-2 3.39012E-2 3.69208E-2 3.92692E-2 3.64262E-2 3.51329E-2 3.62723E-2 3.65431E-2 3.49685E-2 3.48435E-2 3.44704E-2 3.53418E-2 3.55238E-2 3.74237E-2 2.88304E-2 2.86683E-2 2.85008E-2 3.042E-2 3.41028E-2 3.10275E-2 3.52034E-2 3.2759E-2
1.97542E-2 1.86293E-2 1.93206E-2 2.28373E-2 2.76833E-2 3.05516E-2 3.7212E-2 3.82237E-2 3.90454E-2 3.94807E-2 3.73431E-2 3.0386E-2 2.73281E-2 2.72171E-2 2.69197E-2 2.65043E-2 2.77597E-2 2.87232E-2 3.1585E-2 3.35448E-2 3.53698E-2 3.44924E-2 3.13448E-2 3.16427E-2 2.81E-2 2.56554E-2 2.3032E-2 2.78928E-2 3.13429E-2 2.87467E-2 1.79143E-2 2.37716E-2 3.30323E-2 3.35469E-2 3.20922E-2 3.29024E-2 3.52946E-2 3.41017E-2 3.32452E-2 3.49264E-2 3.4017E-2 3.54288E-2 3.62072E-2 3.50198E-2 3.68107E-2 3.70586E-2 3.70899E-2 3.48593E-2 3.45989E-2 3.39602E-2 3.44636E-2 3.78089E-2 4.08422E-2 3.15264E-2 3.14439E-2 3.21397E-2 3.07336E-2 3.16809E-2 3.02617E-2 3.32622E-2 3.01123E-2
1.49599E-2 1.18142E-2 1.27043E-2 2.0687E-2 2.63753E-2 2.78701E-2 3.12806E-2 3.40571E-2 3.67396E-2 3.77543E-2 3.82228E-2 3.35297E-2 3.10619E-2 2.94431E-2 2.98082E-2 2.8951E-2 2.80008E-2 2.68561E-2 2.76787E-2 3.03786E-2 3.14605E-2 2.93525E-2 3.07593E-2 3.15875E-2 3.22304E-2 3.00245E-2 2.49973E-2 2.35277E-2 2.00369E-2 2.1663E-2 2.21795E-2 2.09146E-2 2.9288E-2 3.03719E-2 3.31928E-2 3.35803E-2 3.57446E-2 3.32577E-2 3.3104E-2 3.43144E-2 3.48602E-2 3.45518E-2 3.49613E-2 3.65672E-2 3.66473E-2 3.59313E-2 3.67082E-2 3.65071E-2 3.75434E-2 3.55679E-2 3.77458E-2 3.98452E-2 4.05493E-2 4.25384E-2 3.36922E-2 3.31804E-2 3.50999E-2 3.64305E-2 3.45252E-2 3.2538E-2 3.19442E-2
2.27192E-2 2.14939E-2 2.22983E-2 2.64644E-2 2.91463E-2 3.07529E-2 3.01169E-2 3.23566E-2 3.67344E-2 3.87825E-2 3.71302E-2 3.50693E-2 3.19906E-2 2.94068E-2 2.94601E-2 3.09836E-2 3.06423E-2 2.96376E-2 3.04311E-2 3.15307E-2 3.12731E-2 3.1672E-2 3.24924E-2 3.26196E-2 3.34599E-2 3.08851E-2 2.5706E-2 2.31423E-2 1.99161E-2 2.22879E-2 2.54861E-2 2.24622E-2 2.48319E-2 2.78578E-2 2.79541E-2 3.01861E-2 3.3149E-2 3.27729E-2 3.15577E-2 3.28859E-2 3.30553E-2 3.13808E-2 3.17908E-2 3.38267E-2 3.63919E-2 3.90156E-2 4.07572E-2 3.66204E-2 3.59453E-2 3.81868E-2 3.9237E-2 3.92236E-2 3.94691E-2 3.63554E-2 4.30791E-2 3.08986E-2 3.17599E-2 3.16809E-2 3.14487E-2 2.91771E-2 3.3343E-2
2.90854E-2 2.85853E-2 3.00921E-2 2.96396E-2 3.19211E-2 3.34024E-2 3.39724E-2 3.44452E-2 3.63022E-2 3.49172E-2 3.29204E-2 3.1518E-2 3.26776E-2 3.12937E-2 3.02907E-2 3.1111E-2 3.25269E-2 3.11361E-2 3.19852E-2 3.14347E-2 3.34149E-2 3.47987E-2 3.58017E-2 3.49888E-2 3.32129E-2 3.51242E-2 3.05142E-2 2.97026E-2 2.90438E-2 2.41051E-2 2.37812E-2 2.58989E-2 2.53676E-2 2.63787E-2 2.90862E-2 2.74476E-2 3.06922E-2 3.00277E-2 3.34723E-2 3.39715E-2 3.41092E-2 3.46637E-2 3.47386E-2 3.44533E-2 3.61503E-2 3.81958E-2 4.02571E-2 4.00809E-2 3.83102E-2 4.09547E-2 4.54829E-2 3.99353E-2 3.66451E-2 3.62487E-2 3.99474E-2 2.93372E-2 2.72705E-2 2.65047E-2 2.78763E-2 2.92694E-2 2.95494E-2
2.81777E-2 2.82332E-2 2.95106E-2 3.00336E-2 3.06661E-2 2.96775E-2 2.73784E-2 2.46556E-2 2.73022E-2 2.81848E-2 3.14873E-2 2.8385E-2 3.14271E-2 3.42964E-2 4.16201E-2 3.72083E-2 3.61039E-2 3.51577E-2 3.37248E-2 3.38914E-2 3.55957E-2 3.43622E-2 3.46417E-2 3.3613E-2 2.85309E-2 3.10485E-2 2.89762E-2 2.70118E-2 2.79858E-2 2.68675E-2 2.63143E-2 2.6462E-2 2.82338E-2 2.87354E-2 2.736E-2 2.65039E-2 2.97668E-2 3.11464E-2 3.35325E-2 3.36057E-2 3.49475E-2 3.53402E-2 3.5284E-2 3.52384E-2 3.68373E-2 3.91029E-2 3.93593E-2 4.25392E-2 3.8389E-2 3.64997E-2 4.00376E-2 3.96724E-2 4.05546E-2 3.93201E-2 4.42948E-2 3.60249E-2 3.05263E-2 2.81799E-2 2.77002E-2 2.79811E-2 3.1393E-2
2.09142E-2 2.39665E-2 2.4227E-2 2.48852E-2 2.59111E-2 2.30735E-2 2.61056E-2 2.56177E-2 2.62386E-2 2.77338E-2 2.77424E-2 2.82765E-2 2.81858E-2 2.61037E-2 2.62375E-2 2.62432E-2 2.75585E-2 3.10269E-2 3.29032E-2 3.08815E-2 2.8017E-2 3.02499E-2 3.23533E-2 3.57745E-2 3.55334E-2 3.38629E-2 3.24715E-2 2.81891E-2 2.46578E-2 2.70852E-2 2.62901E-2 2.26256E-2 2.7558E-2 3.03899E-2 2.85604E-2 2.63336E-2 2.9505E-2 3.21746E-2 3.29678E-2 3.45395E-2 3.28034E-2 3.51145E-2 3.54625E-2 3.54208E-2 3.43492E-2 3.61336E-2 3.63627E-2 3.9426E-2 3.85002E-2 3.99139E-2 3.9982E-2 3.76239E-2 3.93519E-2 4.56444E-2 5.55618E-2 3.75843E-2 3.68214E-2 3.5579E-2 3.04684E-2 2.978E-2 3.11754E-2
1.7401E-2 2.10335E-2 2.50727E-2 2.39759E-2 2.38296E-2 2.40277E-2 2.70548E-2 2.83305E-2 2.9416E-2 2.64092E-2 2.38374E-2 2.60064E-2 2.68758E-2 2.38482E-2 2.20965E-2 2.08775E-2 2.42724E-2 2.88898E-2 3.05385E-2 2.86626E-2 2.92194E-2 3.17053E-2 3.18856E-2 3.21564E-2 3.64598E-2 3.63369E-2 3.44753E-2 3.2208E-2 2.72501E-2 2.57819E-2 2.18386E-2 2.59748E-2 3.01641E-2 3.27245E-2 2.91149E-2 2.77337E-2 3.176E-2 3.52777E-2 3.42687E-2 3.4033E-2 3.43312E-2 3.35784E-2 3.42689E-2 3.24992E-2 3.246E-2 3.34008E-2 3.55853E-2 4.03464E-2 3.95726E-2 3.94052E-2 4.003E-2 3.71492E-2 3.53047E-2 3.6473E-2 4.71218E-2 5.07288E-2 4.04299E-2 3.91975E-2 3.40145E-2 3.42543E-2 3.32281E-2
2.40436E-2 2.30715E-2 2.03273E-2 2.1511E-2 2.5126E-2 2.96562E-2 2.90797E-2 2.34403E-2 2.08835E-2 2.19351E-2 2.16318E-2 2.31695E-2 2.09458E-2 1.93659E-2 1.99814E-2 1.83565E-2 1.93968E-2 2.4065E-2 2.60519E-2 2.68159E-2 2.84108E-2 3.02507E-2 3.40968E-2 3.45537E-2 3.25089E-2 3.39584E-2 3.41058E-2 3.46484E-2 3.20986E-2 2.66233E-2 2.21749E-2 2.33467E-2 2.77474E-2 3.11046E-2 3.27974E-2 2.99028E-2 3.46408E-2 3.50371E-2 3.37388E-2 3.54206E-2 3.36741E-2 3.33533E-2 3.35886E-2 3.60801E-2 3.68548E-2 3.73592E-2 3.87025E-2 3.8405E-2 4.19506E-2 4.35783E-2 4.50789E-2 4.46688E-2 4.15553E-2 4.11336E-2 4.33914E-2 4.53139E-2 4.23813E-2 4.31227E-2 3.93913E-2 3.96979E-2 3.62372E-2
1.89745E-2 2.06682E-2 2.21579E-2 2.24602E-2 2.76301E-2 2.58557E-2 1.82052E-2 1.89745E-2 1.91912E-2 2.42318E-2 2.41203E-2 2.34372E-2 1.8523E-2 1.84277E-2 1.73795E-2 1.67588E-2 1.78921E-2 1.9558E-2 2.00781E-2 2.63476E-2 2.50703E-2 2.32655E-2 2.66589E-2 3.02956E-2 2.9223E-2 3.13515E-2 3.46142E-2 3.31257E-2 3.03216E-2 2.45624E-2 2.42206E-2 2.63783E-2 2.38862E-2 3.03428E-2 3.4021E-2 3.54022E-2 3.48989E-2 3.29153E-2 3.37911E-2 3.89287E-2 3.62358E-2 3.40492E-2 3.61917E-2 3.57249E-2 3.43312E-2 3.41566E-2 3.60988E-2 3.85303E-2 4.07676E-2 4.19298E-2 4.13774E-2 4.2683E-2 4.4952E-2 4.34987E-2 4.8471E-2 5.2432E-2 4.19466E-2 4.48542E-2 4.14091E-2 4.23675E-2 4.22995E-2
1.37952E-2 1.43238E-2 1.38607E-2 1.68307E-2 2.31824E-2 1.87194E-2 1.58852E-2 1.5666E-2 1.83857E-2 2.53472E-2 2.62325E-2 2.06271E-2 1.59097E-2 1.62708E-2 1.58787E-2 1.79765E-2 1.66443E-2 1.56363E-2 2.13935E-2 2.65298E-2 2.33315E-2 2.50175E-2 2.21991E-2 2.55413E-2 3.1777E-2 3.18333E-2 3.14996E-2 2.99688E-2 3.15584E-2 2.99847E-2 2.70454E-2 2.89499E-2 2.98613E-2 2.95816E-2 3.02996E-2 3.46293E-2 3.79351E-2 3.42284E-2 3.133E-2 4.02961E-2 4.10501E-2 3.62593E-2 3.47355E-2 3.46527E-2 3.41868E-2 3.4648E-2 3.47795E-2 3.62526E-2 3.70581E-2 3.85419E-2 4.03739E-2 4.17298E-2 4.17618E-2 4.20416E-2 4.4682E-2 5.01057E-2 4.71325E-2 3.97157E-2 3.81249E-2 3.91229E-2 3.96549E-2
5.7347E-3 7.7252E-3 1.03127E-2 1.49616E-2 1.97566E-2 1.65296E-2 1.07552E-2 8.64262E-3 1.19182E-2 1.2477E-2 1.86602E-2 1.83626E-2 1.44726E-2 1.50058E-2 1.57376E-2 1.50097E-2 1.4889E-2 1.96181E-2 2.1673E-2 1.90479E-2 1.84248E-2 2.16856E-2 2.0175E-2 2.78555E-2 3.1087E-2 3.05319E-2 3.23128E-2 2.97426E-2 2.69396E-2 2.47951E-2 2.72035E-2 2.83283E-2 3.21853E-2 2.7883E-2 2.90015E-2 3.19297E-2 2.9681E-2 2.87288E-2 3.01593E-2 3.67292E-2 3.86669E-2 3.61792E-2 3.81482E-2 3.71299E-2 3.73387E-2 3.77999E-2 3.85804E-2 3.99628E-2 3.99089E-2 4.11757E-2 4.23432E-2 4.50961E-2 4.75555E-2 4.71477E-2 4.49403E-2 4.76738E-2 5.23114E-2 3.89207E-2 4.08137E-2 4.10075E-2 4.02492E-2
1.82934E-3 2.63731E-3 7.15E-3 1.66297E-2 1.71712E-2 1.5323E-2 1.10304E-2 8.51878E-3 1.3926E-2 9.52241E-3 4.88955E-3 9.83138E-3 1.40807E-2 1.38508E-2 1.37328E-2 1.3725E-2 1.85431E-2 2.11375E-2 1.83779E-2 1.79003E-2 1.68805E-2 1.8765E-2 2.28585E-2 2.68826E-2 2.56549E-2 2.83576E-2 2.93437E-2 2.41552E-2 2.17323E-2 2.54618E-2 2.81349E-2 2.90286E-2 3.00832E-2 3.10209E-2 3.06973E-2 3.0309E-2 2.82301E-2 2.53913E-2 2.63275E-2 3.16951E-2 3.53542E-2 3.73512E-2 4.03832E-2 4.20564E-2 4.01369E-2 3.86411E-2 3.78313E-2 3.77651E-2 3.89859E-2 4.0799E-2 4.08131E-2 4.33414E-2 4.26215E-2 4.23186E-2 4.61744E-2 5.19761E-2 5.08226E-2 3.89667E-2 3.79396E-2 3.81784E-2 4.03462E-2
