maxent_outputs/bumblebees/bombus_116.asc
ncols         426
nrows         180
xllcorner     -130.0
yllcorner     24.0
cellsize      0.16666666666666666
NODATA_value  -9999
[rows 27 to 53 of 180, columns 183 to 243 of 426]
3.30664E-1 3.29967E-1 3.27436E-1 3.27895E-1 3.26931E-1 3.24748E-1 3.34329E-1 3.51319E-1 3.51583E-1 3.54251E-1 3.44691E-1 3.45126E-1 3.50303E-1 3.40932E-1 3.31994E-1 3.31341E-1 3.32987E-1 3.29061E-1 3.31573E-1 3.33096E-1 3.45922E-1 3.48537E-1 3.42619E-1 3.33814E-1 3.28554E-1 3.29235E-1 3.47485E-1 3.52742E-1 3.57886E-1 3.54024E-1 3.51012E-1 3.60518E-1 3.66441E-1 3.63338E-1 3.6475E-1 3.65461E-1 3.61653E-1 3.60851E-1 3.63547E-1 3.68946E-1 3.795E-1 3.70719E-1 3.78815E-1 3.84639E-1 3.74074E-1 3.79544E-1 3.85458E-1 3.84192E-1 3.67943E-1 3.51029E-1 3.47601E-1 3.48334E-1 3.47729E-1 3.58763E-1 3.56749E-1 3.6044E-1 3.63569E-1 3.60028E-1 3.60148E-1 3.62672E-1 3.74593E-1
3.30708E-1 3.29787E-1 3.32507E-1 3.3523E-1 3.28385E-1 3.20938E-1 3.20018E-1 3.35571E-1 3.47578E-1 3.48985E-1 3.47785E-1 3.4542E-1 3.47085E-1 3.41629E-1 3.28907E-1 3.29954E-1 3.31589E-1 3.29432E-1 3.31167E-1 3.29307E-1 3.36128E-1 3.35504E-1 3.37461E-1 3.32749E-1 3.29192E-1 3.35757E-1 3.38806E-1 3.68372E-1 3.72219E-1 3.57698E-1 3.55645E-1 3.56829E-1 3.6053E-1 3.59549E-1 3.63467E-1 3.64165E-1 3.67042E-1 3.58104E-1 3.64556E-1 3.76027E-1 3.66153E-1 3.66849E-1 3.72496E-1 3.77091E-1 3.79867E-1 3.83623E-1 3.9067E-1 3.76951E-1 3.62625E-1 3.51735E-1 3.5159E-1 3.44656E-1 3.42461E-1 3.4752E-1 3.5052E-1 3.63054E-1 3.57548E-1 3.61929E-1 3.6385E-1 3.68621E-1 3.77882E-1
3.24914E-1 3.22919E-1 3.31492E-1 3.32009E-1 3.25719E-1 3.24269E-1 3.23733E-1 3.25972E-1 3.43083E-1 3.41217E-1 3.38047E-1 3.42186E-1 3.37516E-1 3.34976E-1 3.29151E-1 3.26119E-1 3.264E-1 3.30131E-1 3.29751E-1 3.28158E-1 3.27522E-1 3.25143E-1 3.26631E-1 3.26198E-1 3.30667E-1 3.64675E-1 3.8294E-1 3.86984E-1 3.77717E-1 3.65632E-1 3.73029E-1 3.54139E-1 3.5111E-1 3.504E-1 3.5118E-1 3.57211E-1 3.61327E-1 3.59774E-1 3.60763E-1 3.64513E-1 3.72042E-1 3.71226E-1 3.74178E-1 3.81187E-1 3.85249E-1 4.08276E-1 4.00103E-1 3.81991E-1 3.6602E-1 3.63122E-1 3.6325E-1 3.52358E-1 3.49318E-1 3.54858E-1 3.51986E-1 3.52222E-1 3.67585E-1 3.61761E-1 3.64717E-1 3.68763E-1 3.7047E-1
3.23452E-1 3.26293E-1 3.26479E-1 3.2603E-1 3.23676E-1 3.16864E-1 3.14676E-1 3.1859E-1 3.34032E-1 3.37127E-1 3.4055E-1 3.40803E-1 3.3805E-1 3.34089E-1 3.31146E-1 3.26544E-1 3.27234E-1 3.32584E-1 3.26903E-1 3.31767E-1 3.19735E-1 3.17326E-1 3.22287E-1 3.24209E-1 3.24181E-1 3.52809E-1 3.51105E-1 3.55629E-1 3.81235E-1 3.59419E-1 3.49067E-1 3.46102E-1 3.42604E-1 3.42078E-1 3.46919E-1 3.54598E-1 3.66273E-1 3.63538E-1 3.62483E-1 3.75284E-1 3.71384E-1 3.73906E-1 3.79432E-1 3.82656E-1 3.78802E-1 3.82848E-1 3.83844E-1 3.86443E-1 3.86913E-1 3.61407E-1 3.61982E-1 3.64491E-1 3.76835E-1 3.90109E-1 3.83356E-1 3.69353E-1 3.59992E-1 3.56923E-1 3.6299E-1 3.78572E-1 3.75915E-1
3.20326E-1 3.27212E-1 3.22861E-1 3.17726E-1 3.18278E-1 3.19548E-1 3.0974E-1 3.12744E-1 3.16853E-1 3.34805E-1 3.38108E-1 3.39497E-1 3.34917E-1 3.37184E-1 3.33059E-1 3.30351E-1 3.31142E-1 3.30607E-1 3.29854E-1 3.19853E-1 3.16064E-1 3.14459E-1 3.15216E-1 3.19182E-1 3.2486E-1 3.29758E-1 3.35965E-1 3.37671E-1 3.40923E-1 3.38643E-1 3.37991E-1 3.36338E-1 3.38191E-1 3.36786E-1 3.42072E-1 3.49082E-1 3.64116E-1 3.91766E-1 3.74068E-1 3.82125E-1 3.76783E-1 3.79673E-1 3.79678E-1 3.78673E-1 3.84404E-1 3.75267E-1 3.77111E-1 3.7996E-1 3.78393E-1 3.76704E-1 3.82028E-1 3.769E-1 3.76702E-1 3.94984E-1 4.09219E-1 3.9296E-1 3.64966E-1 3.60248E-1 3.63314E-1 4.20804E-1 4.15872E-1
3.25257E-1 3.30655E-1 3.26939E-1 3.24564E-1 3.23336E-1 3.19572E-1 3.12381E-1 3.13337E-1 3.18173E-1 3.3637E-1 3.43003E-1 3.40632E-1 3.35501E-1 3.36339E-1 3.37363E-1 3.31802E-1 3.36334E-1 3.29776E-1 3.27627E-1 3.24896E-1 3.21767E-1 3.25892E-1 3.2593E-1 3.27807E-1 3.28825E-1 3.33141E-1 3.35107E-1 3.37701E-1 3.45888E-1 3.34798E-1 3.3642E-1 3.39062E-1 3.36383E-1 3.36483E-1 3.3943E-1 3.41336E-1 3.49899E-1 3.69536E-1 3.84169E-1 3.94567E-1 3.93518E-1 3.79287E-1 3.72467E-1 3.72192E-1 3.84423E-1 3.92022E-1 3.83556E-1 3.85729E-1 3.90473E-1 3.76364E-1 3.71522E-1 3.61609E-1 3.63822E-1 3.91441E-1 4.2199E-1 4.05524E-1 3.90374E-1 3.92402E-1 4.00781E-1 4.09309E-1 4.02874E-1
3.30297E-1 3.31616E-1 3.26571E-1 3.13021E-1 3.16754E-1 3.19142E-1 3.17243E-1 3.16309E-1 3.21074E-1 3.32984E-1 3.3905E-1 3.40539E-1 3.3993E-1 3.39707E-1 3.40352E-1 3.39961E-1 3.44648E-1 3.33873E-1 3.25524E-1 3.26277E-1 3.23473E-1 3.32182E-1 3.27566E-1 3.29119E-1 3.32884E-1 3.31991E-1 3.36996E-1 3.39895E-1 3.38299E-1 3.33849E-1 3.33053E-1 3.3796E-1 3.40486E-1 3.43147E-1 3.44168E-1 3.43704E-1 3.52499E-1 3.57964E-1 3.65574E-1 3.72083E-1 3.75482E-1 3.85903E-1 3.82094E-1 3.83712E-1 3.90454E-1 3.81692E-1 3.83857E-1 3.85483E-1 3.79948E-1 3.78842E-1 3.81547E-1 3.76032E-1 3.74888E-1 3.92558E-1 3.88321E-1 4.0142E-1 3.94168E-1 4.07901E-1 4.164E-1 4.2332E-1 4.31871E-1
3.31839E-1 3.42365E-1 3.39369E-1 3.27547E-1 3.20847E-1 3.19006E-1 3.2462E-1 3.27156E-1 3.24819E-1 3.31034E-1 3.37182E-1 3.44415E-1 3.4681E-1 3.48697E-1 3.47383E-1 3.45243E-1 3.47863E-1 3.38551E-1 3.28785E-1 3.22517E-1 3.25219E-1 3.35627E-1 3.28347E-1 3.27876E-1 3.30732E-1 3.35171E-1 3.38747E-1 3.38012E-1 3.30794E-1 3.3155E-1 3.29951E-1 3.38924E-1 3.42158E-1 3.45273E-1 3.47072E-1 3.48541E-1 3.54545E-1 3.55919E-1 3.58159E-1 3.6208E-1 3.64042E-1 3.71085E-1 3.72386E-1 3.73551E-1 3.79394E-1 3.86719E-1 3.84207E-1 3.83894E-1 3.8247E-1 3.82585E-1 3.86943E-1 4.0781E-1 3.91761E-1 4.04706E-1 3.88818E-1 4.03358E-1 4.08463E-1 4.23448E-1 4.23769E-1 4.28194E-1 4.56552E-1
3.24435E-1 3.43921E-1 3.53285E-1 3.48058E-1 3.36514E-1 3.25093E-1 3.26834E-1 3.28328E-1 3.28765E-1 3.32412E-1 3.42279E-1 3.47331E-1 3.53588E-1 3.55612E-1 3.57916E-1 3.49511E-1 3.44874E-1 3.39796E-1 3.33577E-1 3.31612E-1 3.25475E-1 3.27509E-1 3.30358E-1 3.35634E-1 3.39518E-1 3.49136E-1 3.65639E-1 3.66626E-1 3.61525E-1 3.53562E-1 3.44585E-1 3.44143E-1 3.43205E-1 3.4315E-1 3.45976E-1 3.46192E-1 3.50274E-1 3.52385E-1 3.56875E-1 3.64531E-1 3.63742E-1 3.65891E-1 3.67539E-1 3.6195E-1 3.64995E-1 3.66645E-1 3.78241E-1 3.89507E-1 3.8599E-1 3.84102E-1 3.80444E-1 3.79714E-1 3.81755E-1 3.87893E-1 3.96866E-1 4.15489E-1 4.2266E-1 4.27311E-1 4.40809E-1 5.02873E-1 6.06175E-1
3.16146E-1 3.16912E-1 3.17192E-1 3.09775E-1 3.21627E-1 3.22918E-1 3.31466E-1 3.26351E-1 3.2892E-1 3.3279E-1 3.4143E-1 3.44679E-1 3.53421E-1 3.58395E-1 3.61064E-1 3.55906E-1 3.45129E-1 3.42164E-1 3.37006E-1 3.33741E-1 3.34022E-1 3.37714E-1 3.36831E-1 3.39379E-1 3.43244E-1 3.66969E-1 3.77846E-1 3.76425E-1 3.56075E-1 3.46592E-1 3.46747E-1 3.43775E-1 3.46919E-1 3.49622E-1 3.50528E-1 3.50304E-1 3.49922E-1 3.51354E-1 3.54022E-1 3.55853E-1 3.56214E-1 3.61336E-1 3.66242E-1 3.73612E-1 3.65305E-1 3.7367E-1 3.7335E-1 3.76916E-1 3.77799E-1 3.76677E-1 3.75236E-1 3.78248E-1 3.85815E-1 3.94556E-1 4.01369E-1 4.17969E-1 4.51632E-1 5.11091E-1 5.93241E-1 6.92722E-1 7.25259E-1
3.14641E-1 3.13627E-1 3.10684E-1 3.10683E-1 3.13628E-1 3.10379E-1 3.14936E-1 3.17626E-1 3.24334E-1 3.32269E-1 3.41865E-1 3.47852E-1 3.51731E-1 3.5907E-1 3.60011E-1 3.52772E-1 3.47287E-1 3.42653E-1 3.35605E-1 3.31362E-1 3.34723E-1 3.35524E-1 3.3431E-1 3.37052E-1 3.38719E-1 3.40845E-1 3.39584E-1 3.40362E-1 3.42815E-1 3.45609E-1 3.45948E-1 3.46829E-1 3.49818E-1 3.50705E-1 3.51974E-1 3.49948E-1 3.48922E-1 3.48697E-1 3.54081E-1 3.53327E-1 3.52074E-1 3.53498E-1 3.55177E-1 3.57533E-1 3.6214E-1 3.63363E-1 3.67858E-1 3.68984E-1 3.70747E-1 3.70433E-1 3.77027E-1 3.8903E-1 4.06988E-1 4.54104E-1 5.03527E-1 5.72476E-1 6.47763E-1 6.96914E-1 7.1714E-1 7.13553E-1 7.16561E-1
3.09558E-1 3.10685E-1 3.10951E-1 3.09177E-1 3.10634E-1 3.16963E-1 3.16184E-1 3.21588E-1 3.24546E-1 3.31457E-1 3.42198E-1 3.50835E-1 3.50281E-1 3.52406E-1 3.53648E-1 3.501E-1 3.43982E-1 3.4004E-1 3.36255E-1 3.33805E-1 3.3698E-1 3.32966E-1 3.30351E-1 3.33809E-1 3.29807E-1 3.32296E-1 3.36919E-1 3.39747E-1 3.46091E-1 3.50164E-1 3.50463E-1 3.49562E-1 3.49728E-1 3.51843E-1 3.51035E-1 3.53827E-1 3.51761E-1 3.47575E-1 3.48675E-1 3.49873E-1 3.4948E-1 3.54188E-1 3.55512E-1 3.60918E-1 3.59396E-1 3.62575E-1 3.62959E-1 3.61353E-1 3.59179E-1 3.72406E-1 4.01275E-1 4.56111E-1 5.59308E-1 6.39521E-1 6.67064E-1 6.72821E-1 6.79033E-1 6.9312E-1 7.02237E-1 7.13816E-1 7.24086E-1
3.06486E-1 3.11592E-1 3.17144E-1 3.13596E-1 3.15827E-1 3.1785E-1 3.17974E-1 3.22995E-1 3.25387E-1 3.29003E-1 3.38912E-1 3.44274E-1 3.50311E-1 3.53649E-1 3.52812E-1 3.48954E-1 3.41478E-1 3.35227E-1 3.36101E-1 3.33898E-1 3.33997E-1 3.30874E-1 3.40271E-1 3.32943E-1 3.31572E-1 3.37935E-1 3.42097E-1 3.45208E-1 3.4565E-1 3.65014E-1 3.50097E-1 3.65715E-1 3.52086E-1 3.46564E-1 3.46993E-1 3.50492E-1 3.48498E-1 3.48528E-1 3.4849E-1 3.46658E-1 3.46788E-1 3.51006E-1 3.59751E-1 3.67657E-1 3.75509E-1 3.75102E-1 3.74103E-1 3.72006E-1 3.85152E-1 4.30084E-1 5.52684E-1 6.45243E-1 6.48984E-1 6.51161E-1 6.55336E-1 6.66979E-1 6.78406E-1 6.90401E-1 7.04218E-1 7.15921E-1 7.27019E-1
2.97908E-1 3.04578E-1 3.10699E-1 3.09902E-1 3.16775E-1 3.2216E-1 3.1989E-1 3.22639E-1 3.25527E-1 3.31245E-1 3.39306E-1 3.40373E-1 3.46181E-1 3.50294E-1 3.53761E-1 3.48551E-1 3.41716E-1 3.36279E-1 3.37855E-1 3.36578E-1 3.36384E-1 3.33715E-1 3.3652E-1 3.34285E-1 3.33191E-1 3.37921E-1 3.43162E-1 3.44013E-1 3.47953E-1 3.56578E-1 3.65955E-1 3.52005E-1 3.47687E-1 3.53708E-1 3.48837E-1 3.48347E-1 3.45775E-1 3.47338E-1 3.51261E-1 3.50211E-1 3.52926E-1 3.5436E-1 3.6184E-1 3.75433E-1 3.85471E-1 3.90574E-1 3.94579E-1 4.12502E-1 4.4974E-1 5.71932E-1 6.48704E-1 6.38544E-1 6.36923E-1 6.42161E-1 6.52263E-1 6.69526E-1 6.78834E-1 6.95453E-1 7.08629E-1 7.20293E-1 7.28184E-1
2.88539E-1 2.96713E-1 3.04297E-1 3.0963E-1 3.14036E-1 3.20808E-1 3.24781E-1 3.26934E-1 3.29585E-1 3.32652E-1 3.40822E-1 3.43347E-1 3.43692E-1 3.47557E-1 3.50953E-1 3.54072E-1 3.47272E-1 3.40578E-1 3.35082E-1 3.33846E-1 3.30183E-1 3.3374E-1 3.36428E-1 3.38352E-1 3.33259E-1 3.36276E-1 3.42106E-1 3.4235E-1 3.5018E-1 3.6683E-1 3.7984E-1 3.63278E-1 3.54437E-1 3.54868E-1 3.49309E-1 3.46959E-1 3.47381E-1 3.48003E-1 3.50276E-1 3.54897E-1 3.56704E-1 3.63449E-1 3.6858E-1 3.86935E-1 3.98111E-1 4.11034E-1 4.36471E-1 5.03552E-1 5.99822E-1 6.33541E-1 6.32604E-1 6.28727E-1 6.12929E-1 6.15626E-1 6.18083E-1 6.72582E-1 6.86401E-1 7.00004E-1 7.08725E-1 7.16796E-1 7.19849E-1
3.01683E-1 2.97961E-1 3.05698E-1 3.15416E-1 3.22118E-1 3.23223E-1 3.23911E-1 3.25685E-1 3.30138E-1 3.31426E-1 3.44472E-1 3.45493E-1 3.53071E-1 3.56242E-1 3.55837E-1 3.53479E-1 3.53547E-1 3.46919E-1 3.41312E-1 3.38205E-1 3.34751E-1 3.33903E-1 3.33949E-1 3.37571E-1 3.34945E-1 3.33152E-1 3.35769E-1 3.42501E-1 3.45148E-1 3.56353E-1 3.56344E-1 3.55849E-1 3.59707E-1 3.56209E-1 3.52778E-1 3.45222E-1 3.45742E-1 3.5178E-1 3.54081E-1 3.58205E-1 3.67127E-1 3.75271E-1 3.84037E-1 3.97924E-1 4.16863E-1 4.84572E-1 5.7229E-1 6.26993E-1 6.26768E-1 5.89747E-1 5.60378E-1 5.2296E-1 5.43659E-1 5.73912E-1 6.15882E-1 6.71906E-1 6.83045E-1 6.92098E-1 6.85004E-1 6.7608E-1 6.54665E-1
3.02654E-1 3.08544E-1 3.12075E-1 3.17561E-1 3.2431E-1 3.24875E-1 3.27494E-1 3.23535E-1 3.28144E-1 3.33833E-1 3.45081E-1 3.55007E-1 3.56984E-1 3.58375E-1 3.54934E-1 3.51014E-1 3.50214E-1 3.49355E-1 3.43809E-1 3.38789E-1 3.42315E-1 3.39613E-1 3.36296E-1 3.35748E-1 3.32607E-1 3.32013E-1 3.35183E-1 3.38159E-1 3.43153E-1 3.51461E-1 3.52429E-1 3.64133E-1 3.69272E-1 3.64538E-1 3.60308E-1 3.51095E-1 3.47133E-1 3.60026E-1 3.55975E-1 3.57428E-1 3.73434E-1 3.87312E-1 3.95411E-1 4.10688E-1 4.79066E-1 5.48728E-1 5.42254E-1 5.09924E-1 4.7689E-1 4.632E-1 4.56093E-1 4.84528E-1 5.51508E-1 6.1825E-1 6.4501E-1 6.63961E-1 6.57768E-1 6.13244E-1 5.54277E-1 5.494E-1 5.39442E-1
3.09035E-1 3.07773E-1 3.12754E-1 3.21986E-1 3.27484E-1 3.24682E-1 3.27853E-1 3.23916E-1 3.26337E-1 3.33245E-1 3.41609E-1 3.5208E-1 3.51161E-1 3.52537E-1 3.54143E-1 3.54028E-1 3.53198E-1 3.52369E-1 3.49993E-1 3.42708E-1 3.41153E-1 3.50773E-1 3.41875E-1 3.40355E-1 3.4139E-1 3.35377E-1 3.36661E-1 3.41884E-1 3.46746E-1 3.53679E-1 3.55323E-1 3.62881E-1 3.7048E-1 3.69987E-1 3.62993E-1 3.54283E-1 3.55277E-1 3.53728E-1 3.5462E-1 3.60956E-1 3.72049E-1 3.93023E-1 4.05237E-1 4.21535E-1 4.24333E-1 4.28433E-1 4.27483E-1 4.2939E-1 4.30817E-1 4.29656E-1 4.39766E-1 4.69282E-1 4.94802E-1 5.38313E-1 5.67194E-1 5.42847E-1 5.22333E-1 5.17004E-1 5.14318E-1 5.21927E-1 5.04088E-1
3.08286E-1 3.09023E-1 3.11664E-1 3.19295E-1 3.28679E-1 3.26753E-1 3.26663E-1 3.28104E-1 3.29676E-1 3.32148E-1 3.36741E-1 3.46201E-1 3.4672E-1 3.49339E-1 3.51546E-1 3.54149E-1 3.55653E-1 3.57446E-1 3.54856E-1 3.49308E-1 3.46988E-1 3.5058E-1 3.54403E-1 3.53985E-1 3.4414E-1 3.40086E-1 3.4023E-1 3.443E-1 3.55165E-1 3.58595E-1 3.70053E-1 3.77228E-1 3.68103E-1 3.66954E-1 3.73478E-1 3.65294E-1 3.60934E-1 3.57687E-1 3.60982E-1 3.67068E-1 3.84069E-1 3.95535E-1 4.01933E-1 3.982E-1 4.0177E-1 4.08897E-1 4.1026E-1 3.99923E-1 4.15686E-1 4.3403E-1 4.33934E-1 4.41974E-1 4.63865E-1 4.79337E-1 4.75495E-1 4.68359E-1 4.66765E-1 4.70342E-1 4.76771E-1 4.90196E-1 4.85407E-1
3.0465E-1 3.10616E-1 3.1472E-1 3.20434E-1 3.27853E-1 3.31813E-1 3.37395E-1 3.37659E-1 3.32808E-1 3.34325E-1 3.35923E-1 3.44628E-1 3.47793E-1 3.48421E-1 3.50736E-1 3.53085E-1 3.52805E-1 3.55504E-1 3.57539E-1 3.58822E-1 3.55313E-1 3.53782E-1 3.53126E-1 3.51129E-1 3.49086E-1 3.49438E-1 3.54047E-1 3.63297E-1 3.66455E-1 3.74427E-1 3.7695E-1 3.65409E-1 3.61026E-1 3.66247E-1 4.08405E-1 4.19436E-1 3.63698E-1 3.64482E-1 3.72587E-1 3.80818E-1 3.85568E-1 3.9914E-1 4.02559E-1 4.04832E-1 4.05335E-1 4.07847E-1 3.93759E-1 4.07396E-1 4.15492E-1 4.13841E-1 4.21112E-1 4.25262E-1 4.29226E-1 4.35015E-1 4.41377E-1 4.48737E-1 4.41101E-1 4.31332E-1 4.36219E-1 4.41951E-1 4.46464E-1
3.11601E-1 3.08612E-1 3.16664E-1 3.24157E-1 3.35695E-1 3.36951E-1 3.41031E-1 3.45587E-1 3.36576E-1 3.34195E-1 3.38961E-1 3.44623E-1 3.50316E-1 3.53359E-1 3.57532E-1 3.53058E-1 3.5377E-1 3.55994E-1 3.56544E-1 3.60663E-1 3.58999E-1 3.57795E-1 3.59053E-1 3.52468E-1 3.53598E-1 3.54375E-1 3.59504E-1 3.69544E-1 3.77607E-1 3.75455E-1 3.74491E-1 3.64451E-1 3.56961E-1 3.61305E-1 3.71931E-1 3.79918E-1 3.70648E-1 3.8168E-1 3.83168E-1 3.90689E-1 3.99154E-1 4.08348E-1 4.17416E-1 4.1322E-1 4.07263E-1 4.07317E-1 4.12578E-1 4.17321E-1 4.10427E-1 4.10485E-1 4.13945E-1 4.16703E-1 4.2067E-1 4.22197E-1 4.27776E-1 4.35901E-1 4.27722E-1 4.15335E-1 4.1814E-1 4.24209E-1 4.17904E-1
3.04177E-1 3.11514E-1 3.1183E-1 3.29641E-1 3.39027E-1 3.37408E-1 3.39344E-1 3.43671E-1 3.45665E-1 3.34478E-1 3.32289E-1 3.37161E-1 3.43965E-1 3.60605E-1 3.61491E-1 3.61921E-1 3.57547E-1 3.60985E-1 3.55225E-1 3.57341E-1 3.63802E-1 3.65468E-1 3.67375E-1 3.63148E-1 3.64117E-1 3.63096E-1 3.6977E-1 3.7265E-1 3.78017E-1 3.72634E-1 3.70165E-1 3.67343E-1 3.58439E-1 3.59898E-1 3.66294E-1 3.71568E-1 3.82406E-1 3.90028E-1 3.93784E-1 3.97043E-1 4.1232E-1 4.15996E-1 4.22684E-1 4.18276E-1 4.16628E-1 4.02977E-1 4.01974E-1 4.13617E-1 4.2153E-1 4.23163E-1 4.19347E-1 4.18073E-1 4.20957E-1 4.2112E-1 4.20424E-1 4.27085E-1 4.21986E-1 4.22845E-1 4.17655E-1 4.17779E-1 4.12636E-1
3.13271E-1 3.14934E-1 3.21373E-1 3.34676E-1 3.3428E-1 3.3922E-1 3.42259E-1 3.51781E-1 3.49149E-1 3.42986E-1 3.33604E-1 3.30032E-1 3.32818E-1 3.47333E-1 3.77839E-1 3.77273E-1 3.7791E-1 3.73439E-1 3.63739E-1 3.65431E-1 3.70924E-1 3.74079E-1 3.83174E-1 3.86235E-1 3.82087E-1 3.75997E-1 3.70112E-1 3.71413E-1 3.72905E-1 3.71239E-1 3.72421E-1 3.71313E-1 3.60284E-1 3.56441E-1 3.62976E-1 3.69443E-1 3.84325E-1 3.93939E-1 3.99732E-1 3.98879E-1 4.09711E-1 4.10869E-1 4.13537E-1 4.15082E-1 4.11091E-1 4.01632E-1 4.04844E-1 4.16643E-1 4.14236E-1 4.09737E-1 4.18104E-1 4.21694E-1 4.21823E-1 4.20966E-1 4.16343E-1 4.20304E-1 4.23056E-1 4.21693E-1 4.18193E-1 4.1643E-1 4.09461E-1
3.17175E-1 3.1995E-1 3.26689E-1 3.3318E-1 3.3626E-1 3.42103E-1 3.4541E-1 3.50396E-1 3.43773E-1 3.45393E-1 3.36978E-1 3.38088E-1 3.35988E-1 3.32717E-1 3.63992E-1 3.87149E-1 3.79364E-1 3.77741E-1 3.72661E-1 3.68787E-1 3.73376E-1 3.85834E-1 3.80385E-1 3.73847E-1 3.79883E-1 3.8019E-1 3.76961E-1 3.68693E-1 3.67595E-1 3.69506E-1 3.81122E-1 3.76898E-1 3.68691E-1 3.67674E-1 3.73125E-1 3.80278E-1 3.86531E-1 3.93064E-1 3.97361E-1 4.00676E-1 4.09972E-1 4.05395E-1 4.07595E-1 4.11421E-1 4.10355E-1 4.04902E-1 4.00883E-1 4.12403E-1 4.19491E-1 4.16099E-1 4.24793E-1 4.2964E-1 4.23421E-1 4.15625E-1 4.16854E-1 4.11148E-1 4.14242E-1 4.17349E-1 4.16265E-1 4.11633E-1 4.15232E-1
3.27783E-1 3.29867E-1 3.32292E-1 3.38581E-1 3.42633E-1 3.46238E-1 3.46882E-1 3.46278E-1 3.49132E-1 3.4674E-1 3.42355E-1 3.46986E-1 3.53504E-1 3.35788E-1 3.42588E-1 3.76798E-1 3.83921E-1 3.82658E-1 3.78579E-1 3.73628E-1 3.83536E-1 3.76187E-1 3.61521E-1 3.59086E-1 3.67733E-1 3.83391E-1 3.83924E-1 3.6665E-1 3.63318E-1 3.73267E-1 3.73626E-1 3.76387E-1 3.82657E-1 3.86884E-1 3.91812E-1 3.97471E-1 4.02962E-1 4.00021E-1 4.01514E-1 4.05828E-1 4.05408E-1 4.04557E-1 4.03438E-1 4.0699E-1 4.06647E-1 4.04465E-1 4.0294E-1 4.1653E-1 4.22792E-1 4.23665E-1 4.24492E-1 4.24068E-1 4.27292E-1 4.25416E-1 4.19515E-1 4.11763E-1 4.20375E-1 4.23911E-1 4.2566E-1 4.1844E-1 4.15188E-1
3.2858E-1 3.38568E-1 3.44151E-1 3.48795E-1 3.51472E-1 3.48969E-1 3.47797E-1 3.46205E-1 3.47585E-1 3.47767E-1 3.46666E-1 3.50031E-1 3.49417E-1 3.41478E-1 3.36402E-1 3.58472E-1 3.73522E-1 3.76704E-1 3.83424E-1 3.83857E-1 3.9041E-1 3.76617E-1 3.62249E-1 3.56353E-1 3.68582E-1 3.85876E-1 3.89699E-1 3.76146E-1 3.67292E-1 3.6555E-1 3.69662E-1 3.83592E-1 3.97416E-1 4.02061E-1 4.05876E-1 4.08534E-1 4.15487E-1 4.13416E-1 4.18373E-1 4.14251E-1 4.11836E-1 4.03806E-1 4.04511E-1 4.05099E-1 4.14818E-1 4.12799E-1 4.09434E-1 4.05574E-1 4.18309E-1 4.30255E-1 4.29795E-1 4.2545E-1 4.30174E-1 4.3447E-1 4.27802E-1 4.15781E-1 4.26213E-1 4.36165E-1 4.33491E-1 4.20784E-1 4.15834E-1
3.3248E-1 3.47549E-1 3.60827E-1 3.57861E-1 3.5655E-1 3.52476E-1 3.51528E-1 3.45901E-1 3.47024E-1 3.46556E-1 3.44993E-1 3.43341E-1 3.43467E-1 3.34909E-1 3.32101E-1 3.4348E-1 3.67557E-1 3.7679E-1 3.82082E-1 3.80261E-1 3.78914E-1 3.87355E-1 3.83019E-1 3.74984E-1 3.81775E-1 3.9867E-1 3.72263E-1 3.66321E-1 3.64433E-1 3.68988E-1 3.78084E-1 3.91111E-1 3.99008E-1 4.08508E-1 4.11817E-1 4.15593E-1 4.23952E-1 4.23636E-1 4.30187E-1 4.21783E-1 4.23268E-1 4.08993E-1 4.01077E-1 4.04692E-1 4.14987E-1 4.20558E-1 4.22418E-1 4.07617E-1 4.02645E-1 4.17356E-1 4.20906E-1 4.21558E-1 4.19393E-1 4.25409E-1 4.21855E-1 4.19752E-1 4.25687E-1 4.31105E-1 4.30202E-1 4.32187E-1 4.27281E-1
