maxent_outputs/bumblebees/bombus_153.asc
ncols         426
nrows         180
xllcorner     -130.0
yllcorner     24.0
cellsize      0.16666666666666666
NODATA_value  -9999
[rows 81 to 107 of 180, columns 61 to 121 of 426]
4.41868E-1 4.63993E-1 4.50989E-1 4.6011E-1 4.40398E-1 4.50767E-1 4.44717E-1 4.45177E-1 4.39713E-1 4.48488E-1 4.4588E-1 4.38075E-1 4.41845E-1 4.39359E-1 4.33204E-1 4.24561E-1 4.20639E-1 4.46742E-1 4.42413E-1 4.1422E-1 4.15657E-1 4.29874E-1 4.17009E-1 4.33775E-1 4.09571E-1 4.40622E-1 4.49128E-1 4.20482E-1 4.2351E-1 4.2556E-1 4.18568E-1 4.14769E-1 3.98475E-1 4.34779E-1 4.05075E-1 4.01759E-1 4.10831E-1 4.08667E-1 4.08577E-1 4.14579E-1 4.24255E-1 4.26396E-1 4.0877E-1 4.64052E-1 4.29738E-1 4.78995E-1 4.55378E-1 4.55371E-1 4.75332E-1 4.63579E-1 4.33116E-1 4.6766E-1 4.59239E-1 4.49537E-1 4.33851E-1 4.2862E-1 3.93797E-1 3.91297E-1 3.81059E-1 3.72479E-1 3.68204E-1
4.56161E-1 4.74355E-1 4.65012E-1 4.56512E-1 4.5176E-1 4.38065E-1 4.49141E-1 4.46632E-1 4.37207E-1 4.45264E-1 4.49005E-1 4.28418E-1 4.47072E-1 4.49082E-1 4.42662E-1 4.40701E-1 4.30279E-1 4.41006E-1 4.32805E-1 4.25711E-1 4.38263E-1 4.18806E-1 4.16349E-1 4.2644E-1 4.08031E-1 4.45042E-1 4.30239E-1 4.37661E-1 4.34866E-1 4.47314E-1 4.09274E-1 4.2397E-1 4.16886E-1 4.22978E-1 4.13045E-1 4.09676E-1 4.03317E-1 4.03556E-1 4.1007E-1 4.1061E-1 4.12728E-1 4.14107E-1 4.07303E-1 4.40456E-1 4.18363E-1 4.33205E-1 4.27317E-1 4.67298E-1 4.89987E-1 4.74285E-1 4.51275E-1 4.50422E-1 4.46566E-1 4.23674E-1 4.06251E-1 4.09951E-1 3.94736E-1 3.82311E-1 3.64049E-1 3.51039E-1 3.46442E-1
4.67775E-1 5.69062E-1 4.76588E-1 4.58188E-1 4.46058E-1 4.34182E-1 4.52742E-1 4.32645E-1 4.37093E-1 4.31619E-1 4.29051E-1 4.40807E-1 4.40128E-1 4.38744E-1 4.35277E-1 4.274E-1 4.2881E-1 4.27541E-1 4.38795E-1 4.24749E-1 4.20119E-1 4.11549E-1 4.28071E-1 4.09223E-1 4.20705E-1 4.4608E-1 4.35692E-1 4.30106E-1 4.06424E-1 4.32671E-1 4.17412E-1 4.08726E-1 4.26357E-1 4.10041E-1 4.04896E-1 4.16473E-1 4.12668E-1 4.00895E-1 4.10845E-1 4.11423E-1 3.9707E-1 4.00681E-1 4.22872E-1 4.42357E-1 4.27671E-1 4.3444E-1 4.35909E-1 4.53299E-1 4.51936E-1 4.5752E-1 4.42714E-1 4.40489E-1 4.40079E-1 4.36983E-1 4.25834E-1 4.15734E-1 3.95908E-1 3.77363E-1 3.65637E-1 3.48878E-1 3.42747E-1
4.52181E-1 4.87895E-1 4.8975E-1 4.59435E-1 4.52064E-1 4.46691E-1 4.37661E-1 4.30625E-1 4.21938E-1 4.27536E-1 4.55072E-1 4.54906E-1 4.29445E-1 4.3688E-1 4.13879E-1 4.25656E-1 4.26585E-1 4.24206E-1 4.15255E-1 4.11527E-1 4.29717E-1 4.39183E-1 4.24567E-1 4.10657E-1 4.353E-1 4.40397E-1 4.28815E-1 4.22074E-1 4.07586E-1 4.31833E-1 4.10194E-1 4.31463E-1 4.36227E-1 3.96276E-1 4.02934E-1 4.47858E-1 4.12689E-1 3.97097E-1 4.09715E-1 4.08131E-1 4.15722E-1 4.03296E-1 4.35889E-1 4.40624E-1 4.4361E-1 4.3622E-1 4.45833E-1 4.26706E-1 4.64304E-1 4.49511E-1 4.44006E-1 4.37867E-1 4.14617E-1 4.19947E-1 4.23926E-1 4.25083E-1 4.1936E-1 3.98856E-1 3.86743E-1 3.63883E-1 3.60066E-1
4.42009E-1 4.48633E-1 4.53401E-1 4.59273E-1 4.54606E-1 4.41289E-1 4.27403E-1 4.18305E-1 4.13376E-1 4.39575E-1 4.43285E-1 4.39939E-1 4.45514E-1 4.23031E-1 4.18804E-1 4.31201E-1 4.25156E-1 4.34314E-1 4.18099E-1 4.25627E-1 4.14125E-1 4.19502E-1 4.15381E-1 4.12786E-1 4.27484E-1 4.37526E-1 3.96111E-1 4.20547E-1 4.12189E-1 4.35905E-1 4.12693E-1 4.31002E-1 4.11485E-1 4.302E-1 4.44649E-1 4.58663E-1 3.98231E-1 3.97586E-1 4.19836E-1 4.04202E-1 4.11091E-1 4.17878E-1 4.03772E-1 4.05933E-1 4.15783E-1 4.16322E-1 4.33529E-1 4.27054E-1 4.51989E-1 4.33803E-1 4.30946E-1 4.25828E-1 4.1364E-1 4.18014E-1 4.073E-1 4.12898E-1 4.24392E-1 4.13726E-1 4.04704E-1 3.86895E-1 3.76375E-1
4.48306E-1 4.53722E-1 4.55592E-1 4.50258E-1 4.45652E-1 4.28137E-1 4.23044E-1 4.21098E-1 4.28507E-1 4.4555E-1 4.29191E-1 4.42848E-1 4.12674E-1 4.10453E-1 4.21495E-1 4.12987E-1 4.15904E-1 4.18316E-1 4.28894E-1 4.09282E-1 3.86212E-1 3.9375E-1 4.14506E-1 4.2472E-1 4.24749E-1 4.21736E-1 3.93607E-1 4.22526E-1 3.92046E-1 4.18683E-1 4.08978E-1 4.36017E-1 3.98749E-1 4.15759E-1 4.23785E-1 3.9945E-1 4.1074E-1 4.09287E-1 4.05963E-1 4.03559E-1 4.18492E-1 4.02866E-1 3.96224E-1 3.92257E-1 4.01677E-1 4.32142E-1 4.1596E-1 4.22949E-1 4.47107E-1 4.16212E-1 4.21968E-1 4.27937E-1 4.2701E-1 4.10379E-1 4.00319E-1 3.97869E-1 4.17724E-1 4.18893E-1 4.21007E-1 4.052E-1 3.90321E-1
4.41836E-1 4.40911E-1 4.48142E-1 4.47776E-1 4.41669E-1 4.27428E-1 4.32084E-1 4.2594E-1 4.35868E-1 4.30102E-1 4.37494E-1 4.30341E-1 4.26699E-1 4.1637E-1 4.04078E-1 4.03526E-1 4.24484E-1 4.15892E-1 4.13408E-1 4.11783E-1 4.23252E-1 3.97743E-1 4.40374E-1 4.32995E-1 4.14857E-1 4.07032E-1 4.20758E-1 4.01031E-1 4.19701E-1 4.13611E-1 4.05695E-1 4.49847E-1 4.00915E-1 4.38911E-1 4.22009E-1 3.89915E-1 4.18247E-1 3.97678E-1 4.05464E-1 4.33362E-1 4.12503E-1 3.99594E-1 3.83804E-1 3.95355E-1 3.98097E-1 4.46571E-1 4.14199E-1 4.24407E-1 4.3846E-1 4.04098E-1 4.34434E-1 4.28889E-1 4.27532E-1 3.95008E-1 3.82168E-1 3.94752E-1 3.9647E-1 4.25098E-1 4.29975E-1 4.19725E-1 3.95287E-1
4.32532E-1 4.41154E-1 4.43825E-1 4.44376E-1 4.34408E-1 4.32878E-1 4.2891E-1 4.26916E-1 4.32218E-1 4.14605E-1 4.22759E-1 4.16879E-1 4.23845E-1 4.06074E-1 4.20295E-1 4.18877E-1 4.35455E-1 4.13439E-1 4.2119E-1 4.17314E-1 4.24828E-1 4.12405E-1 4.09706E-1 3.97343E-1 4.15558E-1 4.23412E-1 4.25677E-1 3.80965E-1 4.14497E-1 4.09668E-1 4.23286E-1 4.51224E-1 4.10476E-1 4.54782E-1 4.42718E-1 3.9141E-1 4.23211E-1 4.13284E-1 4.26574E-1 4.23315E-1 4.04666E-1 3.88692E-1 3.88545E-1 3.91887E-1 3.96502E-1 4.44147E-1 4.3347E-1 4.27331E-1 4.21428E-1 4.29596E-1 4.22679E-1 4.08277E-1 4.01274E-1 3.69211E-1 3.86187E-1 3.9942E-1 3.85861E-1 4.07775E-1 4.09524E-1 4.26075E-1 4.06868E-1
4.26832E-1 4.22104E-1 4.34818E-1 4.36954E-1 4.26567E-1 4.25771E-1 4.28075E-1 4.23434E-1 4.30818E-1 4.27527E-1 4.19897E-1 4.16818E-1 3.99246E-1 4.16294E-1 4.14338E-1 4.37483E-1 4.13974E-1 4.29206E-1 4.25431E-1 4.00578E-1 4.26548E-1 4.28369E-1 4.01364E-1 4.18311E-1 4.10206E-1 4.12082E-1 4.26236E-1 4.15748E-1 4.06327E-1 4.31212E-1 4.00788E-1 4.32181E-1 4.3046E-1 4.41676E-1 4.07086E-1 4.03414E-1 4.17146E-1 4.31325E-1 4.29771E-1 4.20705E-1 4.25271E-1 4.12006E-1 3.92993E-1 3.91738E-1 3.89748E-1 4.19561E-1 4.49849E-1 4.18417E-1 4.0781E-1 4.32491E-1 4.10845E-1 4.06647E-1 3.74825E-1 3.65578E-1 3.89003E-1 3.97412E-1 3.95619E-1 3.90163E-1 3.88705E-1 4.13104E-1 4.21632E-1
4.21699E-1 4.17086E-1 4.30712E-1 4.33793E-1 4.33966E-1 4.38842E-1 4.20251E-1 4.231E-1 4.26597E-1 4.15546E-1 4.20536E-1 4.18779E-1 4.1232E-1 4.14313E-1 4.16651E-1 4.26073E-1 4.0504E-1 4.27424E-1 4.06199E-1 4.16446E-1 4.0708E-1 4.27122E-1 4.07468E-1 4.09038E-1 4.08188E-1 4.06858E-1 4.41503E-1 4.22608E-1 4.13847E-1 4.29848E-1 4.16234E-1 4.34526E-1 4.14521E-1 4.63201E-1 4.17392E-1 4.17444E-1 4.07804E-1 4.22898E-1 4.18637E-1 4.17071E-1 4.42144E-1 4.35172E-1 3.98203E-1 3.93339E-1 4.02661E-1 4.53737E-1 4.49933E-1 4.10625E-1 4.20546E-1 4.17938E-1 4.02762E-1 3.86039E-1 3.7299E-1 3.77736E-1 3.81123E-1 3.90317E-1 3.88107E-1 3.62251E-1 3.65102E-1 3.69406E-1 3.72017E-1
4.1041E-1 4.11361E-1 4.24737E-1 4.2744E-1 4.29442E-1 4.3823E-1 4.82491E-1 4.44263E-1 4.22839E-1 4.23778E-1 4.18931E-1 4.20006E-1 4.07843E-1 4.23131E-1 4.24853E-1 4.32242E-1 4.1935E-1 4.31266E-1 3.98621E-1 4.2998E-1 3.99054E-1 4.20046E-1 4.05861E-1 3.96375E-1 4.17955E-1 3.95093E-1 4.17514E-1 4.23281E-1 4.15254E-1 4.32658E-1 4.32231E-1 4.22321E-1 4.08215E-1 4.40755E-1 4.13942E-1 4.09367E-1 4.12058E-1 4.16632E-1 3.98524E-1 3.98765E-1 4.12771E-1 4.07095E-1 4.11696E-1 4.1018E-1 4.32844E-1 4.3572E-1 4.18151E-1 4.09071E-1 4.0768E-1 4.06362E-1 4.02089E-1 3.88217E-1 3.80498E-1 3.83968E-1 3.82213E-1 3.97472E-1 3.64294E-1 3.63345E-1 3.71684E-1 3.70459E-1 3.7345E-1
3.90429E-1 4.06746E-1 4.15537E-1 4.17861E-1 4.23958E-1 4.29502E-1 4.54207E-1 4.40587E-1 4.3598E-1 4.30786E-1 4.26675E-1 4.11438E-1 4.07589E-1 4.22462E-1 4.2818E-1 4.17163E-1 4.18952E-1 4.10607E-1 3.93644E-1 4.17245E-1 4.14863E-1 4.13049E-1 3.93655E-1 4.05346E-1 3.91457E-1 3.73838E-1 4.27242E-1 4.21214E-1 4.12472E-1 4.41619E-1 4.32173E-1 4.09697E-1 4.30174E-1 4.13454E-1 4.07214E-1 4.30551E-1 3.87627E-1 4.18548E-1 3.95973E-1 4.24124E-1 4.02961E-1 3.99536E-1 4.20674E-1 4.29146E-1 4.27964E-1 4.22944E-1 4.23949E-1 4.07749E-1 4.09124E-1 4.01313E-1 3.95624E-1 3.8181E-1 3.83526E-1 3.94743E-1 3.89061E-1 3.67659E-1 3.62687E-1 3.63464E-1 3.8197E-1 3.88429E-1 3.9302E-1
3.91592E-1 3.8335E-1 3.89298E-1 3.97198E-1 4.13828E-1 4.08912E-1 4.22841E-1 4.33701E-1 4.2688E-1 4.27578E-1 4.34018E-1 4.22579E-1 4.1689E-1 4.20989E-1 4.11833E-1 4.10284E-1 4.08776E-1 4.09477E-1 4.2124E-1 4.01948E-1 4.16942E-1 3.83829E-1 3.91744E-1 3.90475E-1 3.65071E-1 3.90105E-1 4.32514E-1 4.05612E-1 4.04336E-1 4.32903E-1 4.34032E-1 4.111E-1 4.30896E-1 4.33326E-1 4.05391E-1 4.30932E-1 3.97591E-1 4.25788E-1 3.92236E-1 4.15733E-1 4.02295E-1 4.02382E-1 4.19835E-1 4.2093E-1 4.42363E-1 4.17487E-1 4.10647E-1 3.82111E-1 3.69913E-1 3.80227E-1 4.04732E-1 3.87603E-1 3.83382E-1 3.80806E-1 3.70904E-1 3.69176E-1 3.78135E-1 3.81042E-1 3.90843E-1 3.99791E-1 4.01829E-1
3.69507E-1 3.61433E-1 3.77843E-1 3.88923E-1 3.78241E-1 3.85521E-1 3.88894E-1 4.12583E-1 4.24175E-1 4.34005E-1 4.33466E-1 4.30461E-1 4.13607E-1 4.23274E-1 4.08687E-1 4.20903E-1 4.11269E-1 4.10744E-1 4.04491E-1 3.92992E-1 4.06921E-1 3.74213E-1 3.92973E-1 3.7402E-1 3.88686E-1 4.2381E-1 4.13291E-1 4.076E-1 4.1621E-1 4.34131E-1 4.37037E-1 4.317E-1 4.36977E-1 4.26799E-1 4.25134E-1 4.28267E-1 4.09581E-1 4.2386E-1 4.12556E-1 3.93041E-1 3.83361E-1 4.10445E-1 4.02319E-1 4.07075E-1 4.33859E-1 3.97684E-1 3.95952E-1 3.74889E-1 3.53225E-1 3.69936E-1 3.896E-1 3.95813E-1 3.82719E-1 3.79266E-1 3.79927E-1 3.74903E-1 3.9866E-1 4.00042E-1 4.01402E-1 4.07612E-1 3.99678E-1
3.91096E-1 3.7346E-1 3.68952E-1 3.77488E-1 3.96849E-1 3.90881E-1 3.7396E-1 3.96176E-1 4.07204E-1 4.14865E-1 4.30929E-1 4.11001E-1 4.2316E-1 4.19119E-1 4.1489E-1 4.16336E-1 4.08821E-1 4.08339E-1 4.0561E-1 3.96732E-1 4.06333E-1 3.89774E-1 3.8562E-1 3.91481E-1 4.26661E-1 4.13646E-1 3.97182E-1 4.09553E-1 4.32408E-1 4.26445E-1 4.24735E-1 4.37274E-1 4.18953E-1 4.30009E-1 4.25619E-1 4.05642E-1 4.24196E-1 4.13993E-1 3.99184E-1 3.81524E-1 4.00055E-1 3.98138E-1 3.98376E-1 3.95603E-1 3.85913E-1 3.96567E-1 3.8861E-1 3.76823E-1 3.61751E-1 3.91824E-1 4.01141E-1 3.95578E-1 3.86315E-1 3.8715E-1 4.09971E-1 3.91287E-1 4.07598E-1 4.09244E-1 4.08104E-1 4.05111E-1 4.15836E-1
4.32938E-1 4.10692E-1 3.8183E-1 3.65172E-1 3.99499E-1 3.87101E-1 3.73018E-1 3.78103E-1 4.0646E-1 4.13622E-1 4.11348E-1 4.18832E-1 4.13748E-1 4.26173E-1 4.24604E-1 4.12587E-1 3.99156E-1 3.91177E-1 3.87237E-1 4.05615E-1 4.1629E-1 3.87807E-1 3.92351E-1 3.978E-1 3.98654E-1 4.07542E-1 4.07862E-1 4.01814E-1 4.39127E-1 4.30022E-1 4.11893E-1 4.4535E-1 4.20247E-1 4.21874E-1 4.33171E-1 4.21622E-1 3.97382E-1 3.81867E-1 3.79564E-1 3.78977E-1 3.82743E-1 3.85834E-1 3.86419E-1 3.96932E-1 3.54814E-1 3.91339E-1 3.71561E-1 3.90373E-1 3.99671E-1 4.00858E-1 3.92147E-1 3.92149E-1 3.89155E-1 3.98906E-1 4.03893E-1 4.06976E-1 4.17258E-1 4.10898E-1 4.17692E-1 4.15705E-1 4.20632E-1
4.329E-1 4.06427E-1 3.77278E-1 3.55318E-1 3.84256E-1 3.74463E-1 3.69998E-1 3.93649E-1 4.19826E-1 4.13118E-1 4.11689E-1 4.24825E-1 4.28744E-1 4.1746E-1 4.20656E-1 4.14503E-1 4.12329E-1 4.10407E-1 4.03315E-1 3.84265E-1 3.98134E-1 3.97888E-1 3.85178E-1 3.96101E-1 3.78771E-1 4.06505E-1 4.17219E-1 4.20705E-1 4.24811E-1 4.30711E-1 4.08171E-1 4.33959E-1 4.09935E-1 4.27652E-1 4.17579E-1 4.07337E-1 3.81716E-1 3.81986E-1 4.10078E-1 3.98205E-1 3.91783E-1 4.20176E-1 4.24036E-1 3.94188E-1 3.64083E-1 3.70887E-1 3.57374E-1 4.01455E-1 3.91025E-1 3.88555E-1 3.92054E-1 3.93015E-1 3.98339E-1 4.0336E-1 4.00067E-1 4.16788E-1 4.36557E-1 4.13121E-1 4.19862E-1 4.19115E-1 4.24804E-1
4.53584E-1 4.19757E-1 3.86318E-1 4.03671E-1 4.02898E-1 3.7664E-1 3.66516E-1 3.85032E-1 4.1266E-1 3.9254E-1 4.16217E-1 4.21328E-1 4.22649E-1 4.1914E-1 4.18985E-1 4.13232E-1 4.14758E-1 4.07074E-1 4.12852E-1 3.91759E-1 3.84216E-1 3.8853E-1 3.9658E-1 3.96912E-1 4.07553E-1 4.18038E-1 4.35408E-1 4.37412E-1 4.26971E-1 4.16463E-1 4.386E-1 4.40632E-1 4.33072E-1 4.23741E-1 4.19554E-1 4.163E-1 4.07381E-1 4.15521E-1 4.24408E-1 4.24224E-1 4.21849E-1 4.26149E-1 4.14508E-1 3.92815E-1 3.86755E-1 3.93953E-1 3.89116E-1 3.89901E-1 3.98531E-1 3.98775E-1 3.92355E-1 3.92568E-1 4.09023E-1 4.19951E-1 4.12054E-1 4.27223E-1 4.20604E-1 4.2264E-1 4.14614E-1 4.15509E-1 4.28954E-1
4.70045E-1 4.43939E-1 4.1415E-1 4.17043E-1 4.0207E-1 3.78463E-1 3.65183E-1 4.02118E-1 4.10377E-1 4.01399E-1 4.08063E-1 4.28585E-1 4.23265E-1 4.23134E-1 4.19366E-1 4.15087E-1 4.24972E-1 4.14572E-1 4.01667E-1 3.85486E-1 3.92067E-1 3.90406E-1 4.13321E-1 4.03853E-1 4.29274E-1 4.15695E-1 4.25844E-1 4.35977E-1 4.41142E-1 4.24604E-1 4.45922E-1 4.54921E-1 4.51092E-1 4.35569E-1 4.4395E-1 4.40318E-1 4.33337E-1 4.2988E-1 4.38032E-1 4.38537E-1 4.2884E-1 4.21594E-1 4.31203E-1 4.18938E-1 4.16312E-1 4.15181E-1 4.04527E-1 3.96052E-1 3.89952E-1 4.0136E-1 4.09043E-1 4.07706E-1 4.05024E-1 4.24494E-1 4.35416E-1 4.12708E-1 4.13405E-1 4.18867E-1 4.13521E-1 4.13702E-1 4.10706E-1
4.85869E-1 4.66942E-1 4.4343E-1 4.19348E-1 3.91029E-1 3.76616E-1 3.48687E-1 3.72658E-1 3.9297E-1 4.20931E-1 4.08399E-1 4.36956E-1 4.45058E-1 4.48393E-1 4.36637E-1 4.24791E-1 4.13468E-1 4.24141E-1 4.19449E-1 4.06362E-1 4.02256E-1 4.05398E-1 4.1611E-1 3.95238E-1 4.00751E-1 4.19964E-1 4.21409E-1 4.37985E-1 4.4269E-1 4.39063E-1 4.53257E-1 4.56316E-1 4.6257E-1 4.47921E-1 4.49817E-1 4.53714E-1 4.48444E-1 4.40321E-1 4.55183E-1 4.50716E-1 4.44478E-1 4.42041E-1 4.25688E-1 4.24023E-1 4.16349E-1 4.12021E-1 4.08485E-1 4.13111E-1 4.0818E-1 4.08126E-1 4.09918E-1 4.18277E-1 4.09688E-1 4.30678E-1 4.32821E-1 4.29765E-1 4.21621E-1 4.20046E-1 4.21203E-1 4.1129E-1 3.99743E-1
5.16147E-1 5.04206E-1 4.61792E-1 4.29141E-1 3.96709E-1 3.77633E-1 3.51379E-1 3.68479E-1 3.66345E-1 4.23242E-1 3.90983E-1 4.22379E-1 4.38814E-1 4.51257E-1 4.63666E-1 4.38928E-1 4.24936E-1 4.07603E-1 4.21903E-1 4.25531E-1 4.20665E-1 4.12699E-1 4.09378E-1 4.09918E-1 4.09025E-1 4.32756E-1 4.33591E-1 4.2181E-1 4.55482E-1 4.62326E-1 4.62009E-1 4.69431E-1 4.61701E-1 4.60303E-1 4.606E-1 4.60283E-1 4.50577E-1 4.38371E-1 4.38645E-1 4.37407E-1 4.40297E-1 4.41235E-1 4.26893E-1 4.26653E-1 4.17782E-1 4.13223E-1 4.07578E-1 4.06159E-1 4.0064E-1 4.14819E-1 4.32823E-1 4.71835E-1 4.41916E-1 4.37721E-1 4.1667E-1 4.18363E-1 4.22916E-1 4.05185E-1 4.073E-1 3.90299E-1 3.94725E-1
5.371E-1 5.13178E-1 4.90405E-1 4.74234E-1 4.42334E-1 4.11812E-1 3.97011E-1 3.75116E-1 3.64211E-1 4.20935E-1 4.15358E-1 4.52434E-1 4.55552E-1 4.37768E-1 4.63519E-1 4.92032E-1 4.5008E-1 4.38554E-1 4.49162E-1 4.40293E-1 4.4082E-1 4.35722E-1 4.19831E-1 4.20279E-1 4.35295E-1 4.42248E-1 4.38152E-1 4.29791E-1 4.54344E-1 4.62103E-1 4.72029E-1 4.76103E-1 4.73434E-1 4.73645E-1 4.6762E-1 4.6964E-1 4.65967E-1 4.45298E-1 4.45616E-1 4.26228E-1 4.21929E-1 4.23637E-1 4.34012E-1 4.1519E-1 4.10025E-1 4.19575E-1 4.16898E-1 3.96153E-1 4.0082E-1 4.20283E-1 4.13487E-1 4.18987E-1 4.23333E-1 4.15517E-1 3.99366E-1 4.1017E-1 4.21887E-1 4.07791E-1 4.14563E-1 3.94903E-1 3.92393E-1
5.46428E-1 5.25487E-1 5.21479E-1 4.8329E-1 4.49443E-1 3.99497E-1 3.89883E-1 3.88397E-1 3.68441E-1 4.15725E-1 4.2831E-1 4.53015E-1 4.76293E-1 4.5195E-1 4.50672E-1 5.11051E-1 5.01585E-1 4.71347E-1 4.50355E-1 4.46507E-1 4.453E-1 4.4003E-1 4.33116E-1 4.25567E-1 4.36671E-1 4.39004E-1 4.41907E-1 4.39654E-1 4.4993E-1 4.67675E-1 4.78077E-1 4.66247E-1 4.73782E-1 4.81956E-1 4.73817E-1 4.70776E-1 4.55795E-1 4.36372E-1 4.34792E-1 4.29959E-1 4.08099E-1 4.11103E-1 3.95117E-1 4.1342E-1 4.22872E-1 4.31172E-1 4.16835E-1 3.98954E-1 4.12413E-1 4.09084E-1 3.89529E-1 3.92761E-1 3.92209E-1 3.98651E-1 4.12565E-1 3.99631E-1 4.17415E-1 4.02262E-1 3.94986E-1 3.84545E-1 3.82827E-1
5.31385E-1 5.29128E-1 5.35899E-1 5.19167E-1 4.80118E-1 4.59599E-1 4.0888E-1 3.66439E-1 3.57779E-1 3.97844E-1 4.29017E-1 4.3919E-1 4.51514E-1 4.5558E-1 4.59312E-1 4.92817E-1 4.91594E-1 5.07253E-1 4.84344E-1 4.44571E-1 4.43539E-1 4.52311E-1 4.52845E-1 4.41725E-1 4.39585E-1 4.42452E-1 4.47674E-1 4.47999E-1 4.43742E-1 4.67234E-1 4.6581E-1 4.73737E-1 4.79596E-1 4.85707E-1 4.74735E-1 4.64231E-1 4.57483E-1 4.31797E-1 4.25709E-1 4.31056E-1 4.15589E-1 4.07097E-1 4.18644E-1 4.3125E-1 4.1963E-1 4.17578E-1 4.07035E-1 3.98535E-1 4.08989E-1 3.9067E-1 3.76552E-1 3.77129E-1 3.75907E-1 3.84852E-1 3.82604E-1 3.8432E-1 4.0031E-1 4.03525E-1 3.90775E-1 3.86053E-1 3.77775E-1
5.44719E-1 5.45633E-1 5.42172E-1 5.42365E-1 5.27183E-1 4.92073E-1 4.44056E-1 3.75105E-1 3.74159E-1 3.59878E-1 4.19425E-1 4.43372E-1 4.32846E-1 4.46524E-1 4.80211E-1 4.63084E-1 4.74829E-1 5.13273E-1 5.09061E-1 4.74501E-1 4.5196E-1 4.59335E-1 4.71965E-1 4.56382E-1 4.39472E-1 4.37748E-1 4.52859E-1 4.64021E-1 4.64556E-1 4.67913E-1 4.6389E-1 4.80007E-1 4.9209E-1 4.81842E-1 4.70932E-1 4.77105E-1 4.62563E-1 4.2859E-1 4.21437E-1 4.22818E-1 4.30107E-1 4.23649E-1 4.25235E-1 4.5221E-1 4.42679E-1 4.17521E-1 4.0506E-1 4.15053E-1 3.85439E-1 3.84239E-1 3.80697E-1 3.76363E-1 3.74432E-1 3.77848E-1 3.85097E-1 3.88941E-1 3.77448E-1 3.84157E-1 3.91241E-1 3.99529E-1 3.86371E-1
5.40274E-1 5.47678E-1 5.54552E-1 5.54694E-1 5.38613E-1 4.98976E-1 4.70998E-1 4.0281E-1 3.8753E-1 3.74881E-1 4.1256E-1 4.37294E-1 4.28201E-1 4.42627E-1 4.81978E-1 4.78719E-1 4.63576E-1 5.2175E-1 5.15421E-1 4.70127E-1 4.63039E-1 4.75742E-1 4.57096E-1 4.6135E-1 4.56832E-1 4.54252E-1 4.66781E-1 4.89139E-1 4.8268E-1 4.78557E-1 4.84428E-1 4.84312E-1 5.09356E-1 4.79925E-1 4.88367E-1 4.76923E-1 4.56023E-1 4.10596E-1 4.39561E-1 4.47438E-1 4.4503E-1 4.55052E-1 4.43053E-1 4.41826E-1 4.54627E-1 4.50032E-1 4.19847E-1 4.32666E-1 3.98029E-1 3.91501E-1 3.87305E-1 3.81712E-1 3.78218E-1 3.81582E-1 3.84055E-1 3.79138E-1 3.74735E-1 3.82216E-1 3.88404E-1 3.84038E-1 3.85443E-1
5.55419E-1 5.50562E-1 5.48425E-1 5.48849E-1 5.46429E-1 5.28529E-1 5.00185E-1 4.36025E-1 4.07387E-1 3.7934E-1 4.09341E-1 4.53589E-1 4.52271E-1 4.35971E-1 4.78391E-1 4.82008E-1 4.67249E-1 5.10513E-1 5.22641E-1 4.75488E-1 4.80457E-1 4.82195E-1 4.65572E-1 4.4627E-1 4.59459E-1 4.63444E-1 4.69281E-1 4.89799E-1 4.94098E-1 4.97021E-1 5.4092E-1 5.17782E-1 5.28982E-1 5.05981E-1 4.96547E-1 4.74762E-1 4.49854E-1 4.28363E-1 4.4234E-1 4.66448E-1 4.32335E-1 4.10833E-1 3.95148E-1 4.09313E-1 4.06094E-1 4.35767E-1 4.41566E-1 4.38118E-1 4.17559E-1 3.96282E-1 3.86847E-1 3.84562E-1 3.82439E-1 3.78284E-1 3.74385E-1 3.72954E-1 3.69049E-1 3.69263E-1 3.69866E-1 3.73272E-1 3.70756E-1
