maxent_outputs/bumblebees/bombus_309.asc
ncols         426
nrows         180
xllcorner     -130.0
yllcorner     24.0
cellsize      0.16666666666666666
NODATA_value  -9999
[rows 108 to 134 of 180, columns 244 to 304 of 426]
7.40795E-1 7.46497E-1 7.28506E-1 7.23818E-1 7.29992E-1 7.37618E-1 7.21909E-1 7.09272E-1 7.15515E-1 6.85095E-1 6.66141E-1 6.7037E-1 6.68023E-1 6.58716E-1 6.6404E-1 6.64983E-1 6.86957E-1 7.26847E-1 7.21939E-1 7.08506E-1 6.76524E-1 6.72546E-1 6.66984E-1 6.37319E-1 5.53537E-1 5.46706E-1 5.39683E-1 5.70118E-1 6.5699E-1 6.52318E-1 6.29793E-1 6.2861E-1 6.23345E-1 5.84436E-1 5.75574E-1 5.53525E-1 4.89708E-1 4.55401E-1 4.08976E-1 3.77588E-1 3.19373E-1 3.3644E-1 3.77542E-1 3.83367E-1 4.28204E-1 6.43545E-1 6.91627E-1 6.8479E-1 7.03836E-1 7.01678E-1 7.11302E-1 7.11932E-1 7.20786E-1 7.35572E-1 7.4023E-1 7.27633E-1 7.2516E-1 7.303E-1 7.42439E-1 7.61037E-1 7.78958E-1
7.34605E-1 7.38409E-1 7.45486E-1 7.35013E-1 7.22426E-1 7.14655E-1 7.24903E-1 7.12984E-1 6.92367E-1 6.73731E-1 6.7272E-1 6.76481E-1 6.95505E-1 6.92754E-1 6.89304E-1 6.85836E-1 7.09977E-1 7.3233E-1 7.25093E-1 6.99972E-1 6.73712E-1 6.67384E-1 6.60093E-1 6.05968E-1 5.64146E-1 5.80636E-1 5.7623E-1 7.005E-1 6.81381E-1 6.58085E-1 6.53046E-1 6.27782E-1 6.07908E-1 5.36905E-1 4.95171E-1 4.43885E-1 3.31838E-1 3.33932E-1 2.98738E-1 3.78612E-1 4.12074E-1 3.49734E-1 3.24529E-1 5.81291E-1 6.875E-1 7.39853E-1 7.35475E-1 7.44664E-1 7.41876E-1 7.35108E-1 7.36585E-1 7.2915E-1 7.37755E-1 7.61337E-1 7.77407E-1 7.55026E-1 7.57518E-1 7.49489E-1 7.53345E-1 7.70882E-1 7.89366E-1
7.31182E-1 7.38397E-1 7.4259E-1 7.28396E-1 7.13889E-1 7.09105E-1 7.3439E-1 7.24377E-1 7.03008E-1 6.71051E-1 6.60074E-1 6.70101E-1 7.05558E-1 7.17294E-1 7.11999E-1 7.1597E-1 7.18921E-1 7.15365E-1 7.0459E-1 6.98867E-1 6.83692E-1 6.59353E-1 5.89246E-1 5.54553E-1 6.03112E-1 5.70127E-1 6.64231E-1 7.0172E-1 6.65772E-1 6.50704E-1 6.69816E-1 6.29105E-1 4.92907E-1 3.84861E-1 3.03234E-1 2.74818E-1 2.92049E-1 3.00232E-1 3.31654E-1 3.99693E-1 4.71941E-1 4.61489E-1 5.38969E-1 6.88693E-1 7.35381E-1 7.02419E-1 7.23305E-1 7.32492E-1 7.38686E-1 7.33235E-1 7.62044E-1 7.39784E-1 7.53593E-1 7.64829E-1 7.85558E-1 7.67368E-1 7.65456E-1 7.56484E-1 7.7799E-1 7.84762E-1 8.09314E-1
7.33168E-1 7.36873E-1 7.3736E-1 7.20437E-1 7.06114E-1 7.11464E-1 7.32069E-1 7.44043E-1 7.21559E-1 6.88923E-1 6.79267E-1 6.75605E-1 6.8667E-1 6.84444E-1 6.75725E-1 6.69245E-1 6.79492E-1 6.86792E-1 6.80794E-1 6.91369E-1 6.70277E-1 5.97062E-1 5.73747E-1 5.98909E-1 5.83028E-1 6.58401E-1 7.10678E-1 7.02162E-1 6.91157E-1 6.60943E-1 6.26945E-1 4.59556E-1 4.4094E-1 4.30296E-1 4.5894E-1 4.30458E-1 4.06854E-1 3.35862E-1 3.45483E-1 4.25501E-1 5.39742E-1 5.55018E-1 6.59353E-1 7.81157E-1 7.75695E-1 7.48313E-1 7.50479E-1 7.4234E-1 7.36451E-1 7.42367E-1 7.59551E-1 7.61058E-1 7.64998E-1 7.66061E-1 7.77856E-1 7.96279E-1 7.69443E-1 7.65391E-1 7.83333E-1 8.01452E-1 7.99308E-1
7.30786E-1 7.23293E-1 7.41727E-1 7.10308E-1 6.88731E-1 7.16514E-1 7.40614E-1 7.18822E-1 7.02972E-1 6.78858E-1 6.82133E-1 6.90208E-1 6.86753E-1 6.98727E-1 6.7921E-1 6.66022E-1 6.75185E-1 6.76758E-1 6.80051E-1 6.93263E-1 6.56159E-1 6.11312E-1 6.04536E-1 6.23984E-1 6.16584E-1 7.09791E-1 7.05985E-1 7.12227E-1 6.86019E-1 6.05071E-1 5.03433E-1 3.97331E-1 3.9892E-1 4.09019E-1 3.97528E-1 4.91374E-1 4.52491E-1 4.59972E-1 4.64153E-1 5.96095E-1 6.03587E-1 6.36105E-1 7.374E-1 7.85149E-1 7.77284E-1 7.73816E-1 7.64896E-1 7.50247E-1 7.39279E-1 7.60064E-1 7.64955E-1 7.67456E-1 7.61709E-1 7.68867E-1 7.8378E-1 7.90347E-1 7.8293E-1 7.60988E-1 7.68883E-1 7.88157E-1 8.05317E-1
7.32126E-1 7.23149E-1 7.38472E-1 7.16845E-1 7.0474E-1 7.11803E-1 7.37615E-1 7.04101E-1 6.87486E-1 6.74881E-1 6.98903E-1 6.95415E-1 6.9374E-1 7.02072E-1 7.03227E-1 6.8037E-1 6.74031E-1 6.77252E-1 6.71611E-1 6.35393E-1 6.40642E-1 6.72838E-1 7.00863E-1 6.50987E-1 7.20466E-1 7.07563E-1 7.04608E-1 7.1129E-1 6.29305E-1 5.42847E-1 5.17146E-1 5.2723E-1 5.05389E-1 4.64125E-1 4.05958E-1 5.36423E-1 5.07778E-1 5.50176E-1 7.00065E-1 6.9881E-1 7.69834E-1 7.98092E-1 7.84858E-1 7.81176E-1 7.78733E-1 7.70502E-1 7.75429E-1 7.6209E-1 7.56491E-1 7.76399E-1 7.77115E-1 7.65035E-1 7.62903E-1 7.68246E-1 7.68252E-1 7.79269E-1 7.7921E-1 7.6035E-1 7.64395E-1 7.81416E-1 7.99228E-1
7.53666E-1 7.26732E-1 7.34946E-1 7.23865E-1 7.26369E-1 7.17041E-1 7.33166E-1 7.30388E-1 7.18792E-1 7.14272E-1 7.16903E-1 7.17059E-1 7.13705E-1 7.13011E-1 6.98709E-1 6.83273E-1 6.944E-1 6.73764E-1 6.41582E-1 6.33811E-1 6.99343E-1 7.23209E-1 6.51622E-1 6.61167E-1 7.10835E-1 7.05907E-1 7.24904E-1 7.05368E-1 4.94523E-1 5.32616E-1 5.41103E-1 5.32314E-1 5.21443E-1 5.35787E-1 5.56343E-1 6.406E-1 7.19238E-1 7.78687E-1 8.55571E-1 8.34933E-1 8.25013E-1 8.1632E-1 8.00413E-1 7.94811E-1 7.9509E-1 7.90187E-1 7.88121E-1 7.87114E-1 7.77622E-1 7.83079E-1 7.87499E-1 7.76085E-1 7.62258E-1 7.70334E-1 7.7516E-1 7.59589E-1 7.74908E-1 7.70058E-1 7.67634E-1 7.87835E-1 8.0311E-1
7.62666E-1 7.4451E-1 7.37669E-1 7.34027E-1 7.42363E-1 7.30022E-1 7.30195E-1 7.31675E-1 7.36373E-1 7.44983E-1 7.34985E-1 7.38134E-1 7.4917E-1 7.40253E-1 7.25244E-1 7.22623E-1 7.13574E-1 6.96891E-1 6.65549E-1 6.94925E-1 7.27124E-1 6.39398E-1 6.32967E-1 6.369E-1 6.96853E-1 6.98883E-1 7.50431E-1 7.15162E-1 6.14479E-1 5.8744E-1 5.16467E-1 4.95158E-1 5.23992E-1 5.9315E-1 7.03273E-1 7.76938E-1 8.32201E-1 8.44932E-1 8.6452E-1 8.38574E-1 8.25085E-1 8.1142E-1 8.00316E-1 7.98043E-1 7.97764E-1 7.96162E-1 7.85363E-1 7.96755E-1 7.93053E-1 7.93623E-1 7.92758E-1 7.90864E-1 7.83179E-1 7.86756E-1 7.87146E-1 7.90868E-1 7.96875E-1 7.89313E-1 7.91966E-1 7.96036E-1 8.10735E-1
7.70514E-1 7.56359E-1 7.47365E-1 7.37925E-1 7.58224E-1 7.65144E-1 7.53622E-1 7.34855E-1 7.2085E-1 7.08966E-1 7.30379E-1 7.36172E-1 7.36648E-1 7.39331E-1 7.51226E-1 7.29308E-1 7.14153E-1 7.09715E-1 6.95276E-1 7.24499E-1 6.42502E-1 6.18845E-1 6.07178E-1 6.43356E-1 7.00579E-1 6.9954E-1 7.34708E-1 7.33433E-1 6.99417E-1 6.27998E-1 5.76768E-1 6.60996E-1 7.27814E-1 7.50027E-1 7.90247E-1 8.22127E-1 8.58921E-1 8.66667E-1 8.51889E-1 8.37716E-1 8.16063E-1 8.11301E-1 8.08124E-1 8.02389E-1 8.02232E-1 8.05919E-1 7.99831E-1 8.01621E-1 7.93824E-1 7.96875E-1 7.99969E-1 7.93592E-1 8.10633E-1 8.10938E-1 8.01733E-1 8.07616E-1 8.17831E-1 8.22439E-1 8.13365E-1 8.24259E-1 8.23032E-1
7.57497E-1 7.65973E-1 7.49107E-1 7.65624E-1 7.72592E-1 7.84526E-1 7.66216E-1 7.40515E-1 7.10648E-1 6.91091E-1 6.93774E-1 7.23874E-1 7.29479E-1 7.38997E-1 7.29428E-1 7.0734E-1 6.68986E-1 6.68728E-1 6.99078E-1 6.37961E-1 6.18609E-1 6.3545E-1 6.42339E-1 7.03607E-1 7.08398E-1 7.23057E-1 7.02293E-1 7.02209E-1 6.85374E-1 7.01015E-1 7.03881E-1 7.47131E-1 7.75939E-1 7.95172E-1 8.15304E-1 8.27128E-1 8.2909E-1 8.29829E-1 8.54665E-1 8.43767E-1 8.18689E-1 8.04727E-1 8.12448E-1 8.14738E-1 8.145E-1 8.08065E-1 8.05869E-1 8.05988E-1 8.00561E-1 8.02661E-1 8.16301E-1 8.22195E-1 8.22586E-1 8.21337E-1 8.17914E-1 8.17587E-1 8.2684E-1 8.36358E-1 8.32246E-1 8.39009E-1 8.33909E-1
7.35033E-1 7.45976E-1 7.57633E-1 7.71473E-1 7.86147E-1 7.9441E-1 7.80383E-1 7.43525E-1 7.10115E-1 6.99673E-1 7.04233E-1 7.23095E-1 7.25327E-1 7.14788E-1 6.9734E-1 6.92646E-1 6.71536E-1 6.5809E-1 6.2563E-1 6.05549E-1 6.40148E-1 6.70792E-1 7.3443E-1 7.18519E-1 7.32151E-1 7.20073E-1 6.95237E-1 6.91141E-1 7.13324E-1 7.343E-1 7.38977E-1 7.6454E-1 7.97764E-1 8.13798E-1 8.11394E-1 8.11423E-1 8.0061E-1 7.9024E-1 8.09476E-1 8.40613E-1 8.27129E-1 8.21339E-1 8.18093E-1 8.31096E-1 8.36394E-1 8.26371E-1 7.99277E-1 8.0352E-1 8.17392E-1 8.12146E-1 8.08479E-1 8.19114E-1 8.2867E-1 8.26158E-1 8.30523E-1 8.33701E-1 8.31748E-1 8.30373E-1 8.33656E-1 8.41557E-1 8.39939E-1
7.37517E-1 7.50339E-1 7.52258E-1 7.69299E-1 7.88212E-1 7.93653E-1 7.82973E-1 7.58169E-1 7.32443E-1 7.25162E-1 7.26753E-1 7.32582E-1 7.45669E-1 7.51709E-1 7.36099E-1 7.33089E-1 6.92635E-1 6.48725E-1 6.09953E-1 6.45185E-1 6.77492E-1 7.1602E-1 7.20033E-1 6.94228E-1 6.89627E-1 6.97793E-1 7.04229E-1 7.14434E-1 7.36678E-1 7.49562E-1 7.65601E-1 7.78161E-1 7.9153E-1 7.9293E-1 7.93528E-1 7.94861E-1 7.94139E-1 7.97629E-1 8.07257E-1 8.26177E-1 8.35183E-1 8.39897E-1 8.2752E-1 8.17428E-1 8.11847E-1 8.20434E-1 8.17873E-1 8.27516E-1 8.30167E-1 8.29506E-1 8.18899E-1 8.22766E-1 8.37266E-1 8.27341E-1 8.34696E-1 8.20793E-1 8.14007E-1 8.07967E-1 8.25415E-1 8.43513E-1 8.41424E-1
7.46129E-1 7.54956E-1 7.61945E-1 7.73926E-1 7.86693E-1 7.88103E-1 7.88668E-1 7.69792E-1 7.47888E-1 7.4811E-1 7.4604E-1 7.63436E-1 7.61505E-1 7.59797E-1 7.53231E-1 7.409E-1 7.15634E-1 6.43242E-1 6.54081E-1 6.94452E-1 6.95548E-1 6.85089E-1 6.84364E-1 6.50933E-1 6.57626E-1 6.54852E-1 6.73428E-1 6.98182E-1 7.15535E-1 7.62672E-1 7.82812E-1 8.00862E-1 7.94739E-1 7.72245E-1 7.7882E-1 7.98579E-1 7.74486E-1 7.80868E-1 8.03124E-1 8.20528E-1 8.49894E-1 8.48596E-1 8.14597E-1 7.99549E-1 7.91492E-1 7.97048E-1 8.01987E-1 7.98807E-1 8.11786E-1 8.34679E-1 8.36941E-1 8.26331E-1 8.37655E-1 8.25401E-1 8.2296E-1 8.14533E-1 8.13982E-1 8.15817E-1 8.27051E-1 8.45911E-1 8.42476E-1
7.54856E-1 7.54117E-1 7.73718E-1 7.92243E-1 7.95154E-1 8.09959E-1 8.0368E-1 7.83253E-1 7.60984E-1 7.65012E-1 7.59046E-1 7.73567E-1 7.79777E-1 7.64151E-1 7.46361E-1 7.46797E-1 6.83966E-1 6.9184E-1 7.01861E-1 7.08096E-1 6.93614E-1 6.74699E-1 6.52872E-1 6.59025E-1 6.5146E-1 6.46791E-1 6.70777E-1 6.86234E-1 7.29645E-1 7.6412E-1 7.83359E-1 7.93904E-1 7.91253E-1 7.78985E-1 7.72137E-1 7.7284E-1 7.67742E-1 7.61199E-1 7.91891E-1 8.23757E-1 8.26377E-1 8.24759E-1 8.30319E-1 7.91612E-1 7.72979E-1 7.82638E-1 7.9606E-1 8.02597E-1 8.10506E-1 8.14219E-1 8.31157E-1 8.32653E-1 8.30159E-1 8.13389E-1 8.12341E-1 8.12173E-1 8.21364E-1 8.2816E-1 8.39178E-1 8.45224E-1 8.55571E-1
7.47934E-1 7.6222E-1 7.97839E-1 8.1984E-1 8.30214E-1 8.46112E-1 8.25981E-1 7.91466E-1 7.71221E-1 7.81073E-1 7.90626E-1 7.83605E-1 7.89851E-1 7.55468E-1 7.45503E-1 7.59305E-1 7.21363E-1 7.24528E-1 7.52652E-1 7.31676E-1 6.91403E-1 6.74794E-1 6.76576E-1 6.68013E-1 6.67297E-1 6.76857E-1 6.80327E-1 7.06976E-1 7.1553E-1 7.48903E-1 7.66587E-1 7.77295E-1 7.88498E-1 7.73563E-1 7.70338E-1 7.69089E-1 7.64479E-1 7.41513E-1 7.76575E-1 8.1041E-1 8.21597E-1 8.11997E-1 8.03854E-1 8.03056E-1 7.83098E-1 7.90759E-1 7.95361E-1 8.05483E-1 8.15816E-1 8.22386E-1 8.26219E-1 8.14923E-1 8.1437E-1 8.2632E-1 8.15443E-1 8.07415E-1 8.18149E-1 8.30515E-1 8.47772E-1 8.6003E-1 8.56142E-1
7.63494E-1 7.76501E-1 8.14497E-1 8.3427E-1 8.36311E-1 8.52218E-1 8.09814E-1 7.86779E-1 7.85947E-1 8.01972E-1 8.25213E-1 7.97793E-1 7.61889E-1 7.41287E-1 7.38906E-1 7.55348E-1 7.32321E-1 7.5941E-1 7.64988E-1 7.45977E-1 6.83588E-1 6.53528E-1 6.89461E-1 6.80892E-1 6.70867E-1 6.95387E-1 7.11545E-1 7.01581E-1 7.12591E-1 7.31994E-1 7.3568E-1 7.50925E-1 7.71836E-1 7.68788E-1 7.64378E-1 7.68537E-1 7.72897E-1 7.55248E-1 7.57301E-1 7.86713E-1 7.99883E-1 7.95916E-1 7.89879E-1 8.05416E-1 8.14318E-1 7.9131E-1 7.95015E-1 7.99473E-1 8.15267E-1 8.22314E-1 8.19344E-1 8.05442E-1 7.9195E-1 7.97466E-1 8.35093E-1 8.28759E-1 8.22368E-1 8.37386E-1 8.59843E-1 8.56234E-1 8.58089E-1
7.69224E-1 7.85518E-1 8.19011E-1 8.24817E-1 8.13016E-1 8.13552E-1 7.98229E-1 7.902E-1 8.06222E-1 8.33103E-1 8.6418E-1 8.12776E-1 7.39446E-1 7.3759E-1 7.26634E-1 7.23771E-1 7.40878E-1 7.58665E-1 7.63655E-1 7.03946E-1 6.80998E-1 6.96921E-1 7.15039E-1 6.74823E-1 6.83832E-1 7.22214E-1 7.16759E-1 6.98028E-1 7.13814E-1 7.2059E-1 7.18229E-1 7.32449E-1 7.5102E-1 7.65111E-1 7.71022E-1 7.89681E-1 7.95746E-1 7.69022E-1 7.63401E-1 7.81462E-1 8.02231E-1 7.95415E-1 7.94704E-1 7.92047E-1 8.04597E-1 8.07941E-1 8.0245E-1 8.06907E-1 8.10087E-1 8.17245E-1 8.07496E-1 7.86985E-1 7.89793E-1 7.95826E-1 7.99065E-1 8.43359E-1 8.24594E-1 8.47734E-1 8.72104E-1 8.63383E-1 8.68421E-1
7.85818E-1 7.87496E-1 8.01044E-1 8.13504E-1 8.13956E-1 8.07492E-1 8.09598E-1 8.14715E-1 8.18391E-1 8.4655E-1 8.62042E-1 8.1945E-1 7.80965E-1 7.65205E-1 7.29337E-1 7.07314E-1 7.3787E-1 7.43821E-1 7.1328E-1 6.99689E-1 7.13215E-1 7.0544E-1 7.18128E-1 7.05117E-1 7.25016E-1 7.47794E-1 7.1658E-1 6.99181E-1 7.1667E-1 7.08468E-1 6.97909E-1 7.07088E-1 7.44469E-1 7.85115E-1 7.72065E-1 7.93043E-1 8.23135E-1 7.86791E-1 7.73861E-1 7.7276E-1 7.9952E-1 8.12595E-1 8.00519E-1 8.0111E-1 7.98377E-1 8.05258E-1 8.1114E-1 8.05361E-1 8.07177E-1 8.06615E-1 7.98728E-1 7.93278E-1 7.9933E-1 8.04124E-1 8.16168E-1 8.20941E-1 8.34393E-1 8.55247E-1 8.7393E-1 8.78585E-1 8.73429E-1
8.14833E-1 8.10037E-1 8.06004E-1 7.8483E-1 8.06282E-1 8.17997E-1 8.32667E-1 8.34721E-1 8.36628E-1 8.62525E-1 8.40295E-1 8.15494E-1 8.09713E-1 7.77986E-1 7.37312E-1 7.20823E-1 7.41991E-1 7.50525E-1 7.26675E-1 7.03649E-1 7.29308E-1 7.18399E-1 7.17266E-1 7.1454E-1 7.45273E-1 7.32636E-1 7.04099E-1 6.91572E-1 7.09467E-1 7.06174E-1 6.9745E-1 7.03532E-1 7.36901E-1 7.77912E-1 7.8334E-1 7.79539E-1 7.94523E-1 7.93226E-1 7.72926E-1 7.63518E-1 7.87555E-1 8.18063E-1 8.14589E-1 8.12544E-1 7.98322E-1 8.08864E-1 8.16202E-1 8.15428E-1 8.05368E-1 8.00205E-1 8.06474E-1 8.01556E-1 8.11864E-1 8.26693E-1 8.33332E-1 8.32655E-1 8.50025E-1 8.67416E-1 8.87873E-1 -9999 -9999
8.16296E-1 8.13846E-1 7.95184E-1 7.87809E-1 7.94787E-1 8.25847E-1 8.44984E-1 8.62207E-1 8.66491E-1 8.62009E-1 8.44169E-1 8.08337E-1 8.03276E-1 7.73046E-1 7.6078E-1 7.49538E-1 7.43712E-1 7.55235E-1 7.39402E-1 7.23149E-1 7.59081E-1 7.26339E-1 7.1592E-1 7.13563E-1 7.31489E-1 7.28106E-1 6.97654E-1 6.9586E-1 7.19712E-1 7.33029E-1 7.29404E-1 7.20604E-1 7.36232E-1 7.78201E-1 7.92017E-1 7.65589E-1 7.63278E-1 7.69966E-1 7.77076E-1 7.71378E-1 7.76811E-1 7.85587E-1 8.04634E-1 8.1649E-1 8.12871E-1 8.0673E-1 8.12411E-1 8.1967E-1 8.09855E-1 8.01128E-1 8.06856E-1 8.18332E-1 8.28296E-1 8.3749E-1 8.42525E-1 8.44511E-1 8.7065E-1 8.78456E-1 -9999 -9999 -9999
8.17688E-1 8.10546E-1 8.04588E-1 8.06817E-1 8.16634E-1 8.37655E-1 8.54317E-1 8.63737E-1 8.68397E-1 8.63681E-1 8.47617E-1 8.0756E-1 7.97792E-1 7.80375E-1 7.74572E-1 7.66827E-1 7.56582E-1 7.56183E-1 7.78643E-1 7.40474E-1 7.48674E-1 7.40884E-1 7.34947E-1 7.32456E-1 7.18573E-1 7.22685E-1 7.11657E-1 7.10137E-1 7.20096E-1 7.14031E-1 7.17644E-1 7.32367E-1 7.26825E-1 7.5853E-1 7.8696E-1 7.60525E-1 7.51893E-1 7.66984E-1 7.85441E-1 7.73478E-1 7.75846E-1 7.77696E-1 7.95836E-1 8.18311E-1 8.13085E-1 8.18288E-1 8.06372E-1 8.09302E-1 8.16014E-1 8.04349E-1 8.15914E-1 8.33293E-1 8.53914E-1 8.63261E-1 8.67063E-1 8.60897E-1 8.762E-1 -9999 -9999 -9999 -9999
8.36049E-1 8.25733E-1 8.24762E-1 8.34835E-1 8.23801E-1 8.41889E-1 8.54968E-1 8.57825E-1 8.52639E-1 8.25339E-1 7.99257E-1 7.97467E-1 7.906E-1 7.99206E-1 7.98861E-1 7.92459E-1 7.90095E-1 7.93241E-1 7.96617E-1 7.7599E-1 7.73844E-1 7.72564E-1 7.6256E-1 7.42397E-1 7.25807E-1 7.21367E-1 7.26692E-1 7.12795E-1 6.9351E-1 6.9068E-1 7.01819E-1 7.2091E-1 7.18308E-1 7.47753E-1 7.71795E-1 7.81861E-1 7.82518E-1 7.9197E-1 7.94298E-1 7.87798E-1 7.79465E-1 7.90655E-1 8.14354E-1 8.33823E-1 8.25023E-1 8.25528E-1 8.20431E-1 8.15658E-1 8.16848E-1 8.20795E-1 8.32463E-1 8.52727E-1 8.59465E-1 8.75804E-1 8.7892E-1 -9999 -9999 -9999 -9999 -9999 -9999
8.41691E-1 8.26482E-1 8.20897E-1 8.16966E-1 8.15198E-1 8.36933E-1 8.47996E-1 8.47544E-1 8.31798E-1 7.95358E-1 7.77008E-1 7.75434E-1 7.86463E-1 7.89228E-1 7.7013E-1 7.80038E-1 7.76325E-1 7.78388E-1 7.72297E-1 7.73613E-1 7.82426E-1 7.8141E-1 7.62797E-1 7.49295E-1 7.34133E-1 7.19656E-1 7.22883E-1 6.8763E-1 6.72977E-1 6.74798E-1 6.90501E-1 7.135E-1 7.19662E-1 7.34995E-1 7.71685E-1 8.05704E-1 8.09033E-1 8.02373E-1 7.87284E-1 7.84903E-1 7.86141E-1 8.0283E-1 8.30873E-1 8.32901E-1 8.35709E-1 8.30841E-1 8.26898E-1 8.17686E-1 8.14526E-1 8.2961E-1 8.40843E-1 8.58802E-1 8.69484E-1 8.79248E-1 -9999 -9999 -9999 -9999 -9999 -9999 -9999
8.48169E-1 8.17676E-1 8.13853E-1 8.00507E-1 8.13963E-1 8.30984E-1 8.42507E-1 8.37179E-1 7.98626E-1 7.6445E-1 7.67362E-1 7.83145E-1 7.89058E-1 7.61045E-1 7.61449E-1 7.52379E-1 7.55412E-1 7.56758E-1 7.57576E-1 7.71233E-1 7.7714E-1 7.8168E-1 7.49596E-1 7.4773E-1 7.4697E-1 7.43024E-1 7.07011E-1 6.7596E-1 6.84464E-1 6.80537E-1 6.92575E-1 7.11311E-1 7.24051E-1 7.22108E-1 7.53445E-1 7.88932E-1 8.02695E-1 7.9621E-1 7.9236E-1 7.84315E-1 7.94086E-1 8.08947E-1 8.28863E-1 8.32774E-1 8.36464E-1 8.39033E-1 8.31913E-1 8.26929E-1 8.29154E-1 8.44534E-1 8.55641E-1 8.62529E-1 -9999 -9999 -9999 -9999 -9999 -9999 -9999 -9999 -9999
8.57357E-1 8.34913E-1 8.13181E-1 8.12741E-1 8.17846E-1 8.36209E-1 8.34475E-1 8.27274E-1 7.88099E-1 7.47689E-1 7.64584E-1 7.82037E-1 7.53367E-1 7.56785E-1 7.46795E-1 7.29363E-1 7.17869E-1 7.36606E-1 7.53296E-1 7.78384E-1 7.89129E-1 7.86079E-1 7.58742E-1 7.3357E-1 7.4112E-1 7.47909E-1 7.13805E-1 6.99084E-1 7.06699E-1 7.22795E-1 7.27199E-1 7.29821E-1 7.31747E-1 7.26622E-1 7.39949E-1 7.56425E-1 7.86432E-1 7.85577E-1 7.91973E-1 7.98241E-1 8.04105E-1 8.14061E-1 8.31311E-1 8.45725E-1 8.46285E-1 8.40822E-1 8.44136E-1 8.44117E-1 8.49593E-1 8.61741E-1 8.73888E-1 -9999 -9999 -9999 -9999 -9999 -9999 -9999 -9999 -9999 -9999
8.75605E-1 8.6706E-1 8.38301E-1 8.27124E-1 8.31547E-1 8.25974E-1 8.40012E-1 8.34896E-1 7.97578E-1 7.67448E-1 7.75707E-1 7.77438E-1 7.69673E-1 7.42547E-1 7.45289E-1 7.46532E-1 7.53283E-1 7.64973E-1 7.86426E-1 8.05297E-1 8.08431E-1 7.97237E-1 7.67987E-1 7.45028E-1 7.48356E-1 7.69007E-1 7.30158E-1 7.35831E-1 7.51109E-1 7.61141E-1 7.59829E-1 7.54505E-1 7.51363E-1 7.32733E-1 7.53687E-1 7.7399E-1 7.88434E-1 7.88057E-1 7.92247E-1 7.85078E-1 7.8796E-1 8.06047E-1 8.14812E-1 8.26036E-1 8.51878E-1 8.43693E-1 8.46793E-1 8.58637E-1 8.72803E-1 8.72056E-1 -9999 -9999 -9999 -9999 -9999 -9999 -9999 -9999 -9999 -9999 -9999
8.8813E-1 8.73893E-1 8.49686E-1 8.34327E-1 8.43179E-1 8.38119E-1 8.42601E-1 8.46951E-1 8.27818E-1 8.0614E-1 8.1451E-1 7.91792E-1 7.68041E-1 7.45191E-1 7.51986E-1 7.75302E-1 7.85243E-1 7.95056E-1 8.19259E-1 8.43553E-1 8.41157E-1 8.11508E-1 7.90721E-1 7.74642E-1 7.61143E-1 7.73299E-1 7.62112E-1 7.64593E-1 7.69405E-1 7.74794E-1 7.85756E-1 7.85503E-1 7.62646E-1 7.63748E-1 7.8912E-1 8.02634E-1 8.01999E-1 7.8561E-1 7.79997E-1 7.81977E-1 7.9025E-1 8.08554E-1 8.27022E-1 8.26878E-1 8.34192E-1 8.4965E-1 8.55106E-1 8.67142E-1 8.86535E-1 8.84002E-1 -9999 -9999 -9999 -9999 -9999 -9999 -9999 -9999 -9999 -9999 -9999
