maxent_outputs/bumblebees/bombus_293.asc
ncols         426
nrows         180
xllcorner     -130.0
yllcorner     24.0
cellsize      0.16666666666666666
NODATA_value  -9999
[rows 81 to 107 of 180, columns 244 to 304 of 426]
4.21991E-1 4.17309E-1 4.20016E-1 4.20795E-1 4.24833E-1 4.2487E-1 4.28968E-1 4.31119E-1 4.40035E-1 4.42983E-1 4.46759E-1 4.44708E-1 4.53344E-1 4.58861E-1 4.65382E-1 4.86692E-1 5.0079E-1 5.01897E-1 5.0528E-1 5.0786E-1 5.04124E-1 4.99991E-1 5.01846E-1 5.03E-1 4.93668E-1 4.93243E-1 4.94706E-1 4.987E-1 4.99794E-1 4.96159E-1 4.97805E-1 4.87486E-1 4.9115E-1 4.71112E-1 4.7526E-1 4.82887E-1 4.9092E-1 4.83851E-1 4.82874E-1 4.7315E-1 4.98025E-1 5.23552E-1 5.33732E-1 5.3642E-1 5.32978E-1 5.31865E-1 5.38854E-1 5.53652E-1 5.45204E-1 5.35133E-1 5.31856E-1 5.38405E-1 5.53778E-1 5.49312E-1 5.6313E-1 5.84125E-1 5.97727E-1 5.82679E-1 5.57407E-1 5.80133E-1 5.84585E-1
4.29264E-1 4.30555E-1 4.37387E-1 4.47521E-1 4.4444E-1 4.42218E-1 4.4493E-1 4.52437E-1 4.53428E-1 4.68808E-1 4.70001E-1 4.78954E-1 4.78229E-1 4.7467E-1 4.75037E-1 4.89839E-1 5.06047E-1 5.09673E-1 5.07213E-1 5.11931E-1 5.13788E-1 5.0864E-1 5.16533E-1 5.16935E-1 4.91873E-1 4.83368E-1 4.87415E-1 4.88444E-1 4.97297E-1 5.0901E-1 5.1252E-1 4.94882E-1 4.90142E-1 4.73547E-1 4.72362E-1 4.98488E-1 5.01457E-1 5.0944E-1 5.05694E-1 4.8845E-1 5.05571E-1 5.32846E-1 5.47758E-1 5.55545E-1 5.61316E-1 5.63176E-1 5.61038E-1 5.54154E-1 5.51772E-1 5.49411E-1 5.45926E-1 5.5186E-1 5.62182E-1 5.52227E-1 5.60899E-1 5.73457E-1 5.92724E-1 5.88298E-1 5.80522E-1 5.82168E-1 5.80423E-1
4.42735E-1 4.5165E-1 4.54054E-1 4.6619E-1 4.65598E-1 4.61822E-1 4.63751E-1 4.70051E-1 4.80807E-1 4.95668E-1 4.99906E-1 5.08993E-1 5.02266E-1 4.99332E-1 5.06706E-1 5.08538E-1 5.15678E-1 5.1254E-1 5.09639E-1 5.18341E-1 5.13901E-1 5.19732E-1 5.19376E-1 5.1253E-1 5.03399E-1 4.89905E-1 4.87473E-1 4.97929E-1 5.03394E-1 5.18924E-1 5.32095E-1 5.14248E-1 4.93591E-1 4.84511E-1 4.82144E-1 5.01064E-1 5.25169E-1 5.36111E-1 5.32223E-1 5.15379E-1 5.2793E-1 5.60791E-1 5.6975E-1 5.71701E-1 5.71845E-1 5.68103E-1 5.73606E-1 5.6288E-1 5.56793E-1 5.56919E-1 5.57556E-1 5.79163E-1 5.66458E-1 5.63499E-1 5.68194E-1 5.77977E-1 5.9668E-1 5.9191E-1 5.82325E-1 5.49052E-1 5.10731E-1
4.71456E-1 4.7177E-1 4.83458E-1 4.79378E-1 4.79866E-1 4.78229E-1 4.8317E-1 4.92583E-1 4.92847E-1 5.0316E-1 5.17478E-1 5.3608E-1 5.30602E-1 5.25786E-1 5.21861E-1 5.14823E-1 5.22135E-1 5.32814E-1 5.40647E-1 5.37922E-1 5.23818E-1 5.21962E-1 5.20728E-1 5.23298E-1 5.11077E-1 5.16351E-1 5.10362E-1 5.07567E-1 5.12246E-1 5.2801E-1 5.54804E-1 5.52753E-1 5.28387E-1 5.17065E-1 5.10526E-1 5.28297E-1 5.4153E-1 5.63972E-1 5.62032E-1 5.51829E-1 5.60342E-1 5.67416E-1 5.70358E-1 5.80457E-1 5.75233E-1 5.71398E-1 5.7352E-1 5.76101E-1 5.68327E-1 5.6299E-1 5.79276E-1 5.86058E-1 5.72708E-1 5.70079E-1 5.74858E-1 5.79491E-1 5.93397E-1 5.9062E-1 5.5416E-1 5.32571E-1 5.10435E-1
4.94054E-1 4.96578E-1 5.00889E-1 4.97353E-1 4.96936E-1 5.02603E-1 5.06985E-1 5.08505E-1 5.14103E-1 5.23239E-1 5.39155E-1 5.45045E-1 5.49356E-1 5.37286E-1 5.25857E-1 5.23861E-1 5.3284E-1 5.56227E-1 5.75837E-1 5.56205E-1 5.36471E-1 5.34421E-1 5.39526E-1 5.37819E-1 5.39018E-1 5.47022E-1 5.4246E-1 5.30753E-1 5.41382E-1 5.57871E-1 5.77061E-1 5.64792E-1 5.44853E-1 5.32575E-1 5.33808E-1 5.42939E-1 5.61465E-1 5.71976E-1 5.71158E-1 5.61511E-1 5.6822E-1 5.72231E-1 5.88446E-1 5.91776E-1 5.7882E-1 5.80076E-1 5.79107E-1 5.88484E-1 5.85493E-1 5.98386E-1 6.03096E-1 6.00582E-1 5.9435E-1 5.89784E-1 5.92314E-1 5.89602E-1 6.02667E-1 5.61433E-1 5.39374E-1 5.28098E-1 4.9055E-1
5.15015E-1 5.21648E-1 5.23364E-1 5.24265E-1 5.22523E-1 5.20339E-1 5.19148E-1 5.29234E-1 5.30443E-1 5.41491E-1 5.4701E-1 5.59173E-1 5.54803E-1 5.44994E-1 5.43953E-1 5.47354E-1 5.56512E-1 5.74766E-1 5.87012E-1 5.7446E-1 5.66377E-1 5.58366E-1 5.55796E-1 5.52756E-1 5.64479E-1 5.76117E-1 5.69684E-1 5.67851E-1 5.76004E-1 5.90056E-1 5.90495E-1 5.86758E-1 5.77327E-1 5.74338E-1 5.67473E-1 5.64176E-1 5.75475E-1 5.7741E-1 5.75317E-1 5.65705E-1 5.74458E-1 5.89212E-1 6.04092E-1 6.11677E-1 6.03769E-1 6.10584E-1 6.14024E-1 6.26173E-1 6.2602E-1 6.33065E-1 6.42475E-1 6.31081E-1 6.26641E-1 6.20825E-1 6.18432E-1 6.15833E-1 5.98858E-1 5.80357E-1 5.47519E-1 4.97745E-1 4.71313E-1
5.32663E-1 5.36065E-1 5.42459E-1 5.48394E-1 5.38141E-1 5.32958E-1 5.44389E-1 5.51706E-1 5.53375E-1 5.69937E-1 5.77158E-1 5.74131E-1 5.63155E-1 5.65323E-1 5.64836E-1 5.70001E-1 5.809E-1 5.90377E-1 5.96247E-1 5.94953E-1 5.94515E-1 5.83684E-1 5.65107E-1 5.67256E-1 5.93458E-1 6.11282E-1 6.05861E-1 6.06172E-1 6.2842E-1 6.2512E-1 6.15298E-1 6.13798E-1 5.9268E-1 5.51776E-1 5.78201E-1 5.86742E-1 5.86071E-1 5.95543E-1 5.98572E-1 5.89687E-1 5.90483E-1 5.95534E-1 6.16161E-1 6.38098E-1 6.35145E-1 6.36759E-1 6.50489E-1 6.68837E-1 6.69107E-1 6.69726E-1 6.65792E-1 6.5356E-1 6.48089E-1 6.48937E-1 6.39122E-1 6.36234E-1 6.19219E-1 6.02224E-1 5.42878E-1 4.88624E-1 4.80023E-1
5.3288E-1 5.45611E-1 5.50923E-1 5.53268E-1 5.59529E-1 5.59229E-1 5.67555E-1 5.72409E-1 5.78748E-1 5.90541E-1 6.0506E-1 5.88068E-1 5.80876E-1 5.78437E-1 5.75646E-1 5.83925E-1 5.96786E-1 6.08847E-1 6.18657E-1 6.25885E-1 6.30614E-1 6.16597E-1 5.97921E-1 5.91345E-1 6.05383E-1 6.18814E-1 6.36802E-1 6.52512E-1 6.40397E-1 6.5291E-1 6.43118E-1 6.3518E-1 6.13303E-1 6.00911E-1 6.13693E-1 6.19848E-1 6.05332E-1 6.09887E-1 6.25543E-1 6.23937E-1 6.12745E-1 6.17623E-1 6.3041E-1 6.40985E-1 6.6412E-1 6.78303E-1 6.91879E-1 6.9251E-1 6.96781E-1 6.86926E-1 6.84692E-1 6.77948E-1 6.68977E-1 6.67893E-1 6.6186E-1 6.49898E-1 6.38144E-1 5.98247E-1 5.45507E-1 4.70743E-1 4.57216E-1
5.37253E-1 5.57042E-1 5.60906E-1 5.63848E-1 5.7286E-1 5.86444E-1 5.95979E-1 6.04874E-1 6.08425E-1 6.09103E-1 6.21122E-1 6.07069E-1 6.00362E-1 5.93027E-1 5.86995E-1 6.00842E-1 6.19242E-1 6.54844E-1 6.49149E-1 6.51525E-1 6.58344E-1 6.51152E-1 6.40103E-1 6.31346E-1 6.34457E-1 6.46017E-1 6.76302E-1 6.65134E-1 6.66656E-1 6.8081E-1 6.72294E-1 6.57681E-1 6.50346E-1 6.33023E-1 6.3062E-1 6.38466E-1 6.30516E-1 6.40993E-1 6.53003E-1 6.49526E-1 6.41297E-1 6.3764E-1 6.40015E-1 6.6344E-1 6.82315E-1 7.04831E-1 7.00189E-1 7.11794E-1 7.08632E-1 7.08493E-1 6.98264E-1 6.90173E-1 6.77619E-1 6.76043E-1 6.63553E-1 6.3359E-1 6.02712E-1 5.76539E-1 5.0481E-1 4.3249E-1 4.8175E-1
5.4528E-1 5.5894E-1 5.66249E-1 5.72827E-1 5.90342E-1 6.02288E-1 6.13026E-1 6.21909E-1 6.29373E-1 6.24248E-1 6.27388E-1 6.20115E-1 6.13346E-1 6.18285E-1 6.14453E-1 6.35132E-1 6.57389E-1 6.69547E-1 6.70579E-1 6.87465E-1 6.83112E-1 6.8634E-1 6.70967E-1 6.6763E-1 6.70593E-1 6.86354E-1 6.8984E-1 6.88067E-1 6.67276E-1 6.895E-1 6.96132E-1 6.69126E-1 6.57643E-1 6.48645E-1 6.52703E-1 6.59774E-1 6.5336E-1 6.63753E-1 6.62987E-1 6.61774E-1 6.57801E-1 6.54325E-1 6.64946E-1 6.82899E-1 7.04032E-1 7.23357E-1 7.20846E-1 7.20538E-1 7.20077E-1 7.12062E-1 7.00301E-1 6.98805E-1 6.87845E-1 6.79262E-1 6.37475E-1 5.85169E-1 5.71381E-1 5.25915E-1 4.78722E-1 4.55233E-1 5.24836E-1
5.6834E-1 5.62167E-1 5.68689E-1 5.87785E-1 6.06551E-1 6.22923E-1 6.33378E-1 6.51341E-1 6.44269E-1 6.42525E-1 6.37257E-1 6.28851E-1 6.36221E-1 6.41112E-1 6.57229E-1 6.73454E-1 6.75982E-1 6.9089E-1 7.04569E-1 7.13111E-1 7.12882E-1 7.0887E-1 7.02381E-1 7.06614E-1 7.20435E-1 7.25568E-1 7.17051E-1 7.05352E-1 6.89915E-1 7.00202E-1 6.91415E-1 6.90184E-1 6.80012E-1 6.74159E-1 6.74286E-1 6.73568E-1 6.63241E-1 6.78416E-1 6.79924E-1 6.7782E-1 6.78944E-1 6.64531E-1 6.87784E-1 6.95594E-1 7.15475E-1 7.23343E-1 7.21232E-1 7.16805E-1 7.13317E-1 7.05418E-1 7.00918E-1 6.89902E-1 6.78349E-1 6.51003E-1 5.8692E-1 5.54828E-1 5.52412E-1 4.85269E-1 4.45469E-1 4.70289E-1 5.00355E-1
5.71275E-1 5.68122E-1 5.80187E-1 5.98247E-1 6.18584E-1 6.27787E-1 6.50574E-1 6.55585E-1 6.57228E-1 6.64062E-1 6.61927E-1 6.57194E-1 6.65202E-1 6.7259E-1 6.87248E-1 6.95484E-1 7.02566E-1 7.12047E-1 7.13049E-1 7.10158E-1 7.17256E-1 7.30241E-1 7.30522E-1 7.40124E-1 7.33184E-1 7.40746E-1 7.23942E-1 7.17533E-1 7.07705E-1 7.08813E-1 6.99596E-1 6.87209E-1 6.81292E-1 6.81169E-1 6.85577E-1 6.83233E-1 6.88954E-1 6.83231E-1 6.96019E-1 7.00516E-1 6.99691E-1 6.87463E-1 7.04461E-1 7.12313E-1 7.07976E-1 7.00719E-1 7.03404E-1 7.10207E-1 7.12979E-1 7.01286E-1 6.88999E-1 6.66581E-1 6.26518E-1 6.11294E-1 5.55386E-1 5.50191E-1 4.96774E-1 4.84349E-1 4.59818E-1 4.76905E-1 4.87633E-1
5.79287E-1 5.95336E-1 6.07535E-1 6.25975E-1 6.45967E-1 6.39378E-1 6.56908E-1 6.6419E-1 6.77836E-1 6.88081E-1 6.8529E-1 6.81664E-1 6.87188E-1 6.98163E-1 7.12644E-1 7.25768E-1 7.39167E-1 7.29735E-1 7.21811E-1 7.12412E-1 7.16694E-1 7.46445E-1 7.49335E-1 7.40162E-1 7.30709E-1 7.26532E-1 7.25511E-1 7.11936E-1 7.00909E-1 6.97396E-1 6.98764E-1 6.93259E-1 6.91046E-1 6.8012E-1 6.80847E-1 6.67908E-1 6.73545E-1 6.88479E-1 7.01352E-1 7.0352E-1 7.16961E-1 7.10634E-1 7.11072E-1 7.03543E-1 6.95398E-1 6.90776E-1 6.74495E-1 6.88336E-1 6.92447E-1 6.82169E-1 6.3528E-1 5.87401E-1 5.64361E-1 5.59447E-1 5.33497E-1 5.21278E-1 5.09623E-1 4.87379E-1 4.8631E-1 4.89842E-1 4.93002E-1
6.18306E-1 6.33078E-1 6.52769E-1 6.5873E-1 6.77539E-1 6.77778E-1 6.71306E-1 6.83552E-1 7.01541E-1 7.07195E-1 7.01074E-1 7.04612E-1 7.10901E-1 7.24872E-1 7.34819E-1 7.46322E-1 7.37989E-1 7.33769E-1 7.23266E-1 7.09592E-1 7.2392E-1 7.6194E-1 7.46859E-1 7.39345E-1 7.24311E-1 7.1329E-1 7.07093E-1 6.94748E-1 6.82784E-1 6.78634E-1 6.82634E-1 6.84454E-1 6.83506E-1 6.88867E-1 6.90812E-1 6.71425E-1 6.69336E-1 6.81354E-1 6.99564E-1 6.99385E-1 7.08279E-1 7.04974E-1 7.00603E-1 6.955E-1 6.84536E-1 6.76265E-1 6.64683E-1 6.70449E-1 6.64174E-1 6.4606E-1 6.06995E-1 5.6083E-1 5.33282E-1 5.07592E-1 4.97639E-1 5.43746E-1 5.35952E-1 5.299E-1 5.39577E-1 5.36941E-1 5.4963E-1
6.60358E-1 6.74119E-1 6.93199E-1 6.97976E-1 7.14174E-1 7.11865E-1 7.06007E-1 7.11278E-1 7.22694E-1 7.32007E-1 7.37928E-1 7.42695E-1 7.51838E-1 7.57492E-1 7.63226E-1 7.55426E-1 7.4805E-1 7.45785E-1 7.25685E-1 7.05164E-1 7.20537E-1 7.45021E-1 7.41061E-1 7.35967E-1 7.27217E-1 7.10378E-1 7.04286E-1 6.81134E-1 6.65625E-1 6.66083E-1 6.73045E-1 6.78461E-1 6.7335E-1 6.87712E-1 7.01127E-1 6.86292E-1 6.71303E-1 6.87856E-1 7.01595E-1 7.06496E-1 7.03464E-1 6.9999E-1 6.97349E-1 6.98936E-1 6.88101E-1 6.73345E-1 6.62038E-1 6.45733E-1 6.45444E-1 6.05276E-1 5.48415E-1 5.22732E-1 4.90197E-1 5.10091E-1 5.51662E-1 5.50479E-1 5.69227E-1 5.68582E-1 5.90241E-1 5.88344E-1 5.9602E-1
7.02439E-1 7.10225E-1 7.20086E-1 7.24767E-1 7.39554E-1 7.4255E-1 7.38665E-1 7.38702E-1 7.31745E-1 7.55665E-1 7.58974E-1 7.68296E-1 7.82021E-1 7.86729E-1 7.87859E-1 7.70015E-1 7.62893E-1 7.37103E-1 7.19216E-1 6.96701E-1 6.97481E-1 7.44769E-1 7.40165E-1 7.26393E-1 7.23705E-1 7.21986E-1 7.10332E-1 7.00972E-1 6.75329E-1 6.7684E-1 6.87172E-1 6.88843E-1 6.8574E-1 6.84052E-1 6.72983E-1 6.79617E-1 6.72931E-1 6.80133E-1 7.0175E-1 7.10274E-1 7.01692E-1 7.02162E-1 6.95808E-1 7.09178E-1 7.00317E-1 6.78459E-1 6.46167E-1 6.13633E-1 5.90802E-1 5.81347E-1 5.15773E-1 5.2106E-1 5.39001E-1 5.63677E-1 5.62674E-1 5.71361E-1 5.86967E-1 6.25753E-1 6.20656E-1 6.53208E-1 6.491E-1
7.33509E-1 7.42529E-1 7.4342E-1 7.53217E-1 7.67755E-1 7.60718E-1 7.42509E-1 7.34344E-1 7.44851E-1 7.5023E-1 7.61437E-1 7.71294E-1 7.89405E-1 8.00651E-1 7.85935E-1 7.67896E-1 7.57006E-1 7.47952E-1 7.33113E-1 7.09302E-1 7.06092E-1 7.34248E-1 7.3977E-1 7.21607E-1 7.315E-1 7.3094E-1 7.2162E-1 7.10394E-1 7.02553E-1 7.03231E-1 6.90932E-1 7.10868E-1 6.8998E-1 6.79899E-1 6.7703E-1 6.74918E-1 6.73665E-1 6.84417E-1 7.04375E-1 7.2108E-1 7.08548E-1 7.11672E-1 7.14703E-1 6.96941E-1 7.04858E-1 6.7355E-1 6.27099E-1 5.97314E-1 5.52789E-1 5.30718E-1 5.42418E-1 5.3295E-1 5.63867E-1 5.55216E-1 5.68271E-1 6.07406E-1 6.33231E-1 6.70468E-1 6.67659E-1 7.1708E-1 6.76251E-1
7.46174E-1 7.564E-1 7.5912E-1 7.61844E-1 7.61495E-1 7.57115E-1 7.48147E-1 7.47378E-1 7.50645E-1 7.64343E-1 7.65303E-1 7.63392E-1 7.56992E-1 7.77608E-1 7.80732E-1 7.73515E-1 7.64788E-1 7.67246E-1 7.55697E-1 7.36812E-1 7.28686E-1 7.37443E-1 7.50201E-1 7.46756E-1 7.34184E-1 7.34532E-1 7.21669E-1 7.19187E-1 7.0188E-1 6.98238E-1 6.98317E-1 6.99537E-1 6.95039E-1 6.8884E-1 6.98676E-1 7.03007E-1 6.96615E-1 6.99742E-1 7.09184E-1 7.24159E-1 7.17127E-1 7.09797E-1 7.15148E-1 7.18623E-1 7.21859E-1 7.07848E-1 6.7347E-1 6.17683E-1 5.4924E-1 5.18993E-1 5.53713E-1 5.58537E-1 5.28357E-1 5.2234E-1 5.50992E-1 6.04685E-1 6.63475E-1 6.86093E-1 7.00537E-1 7.38079E-1 7.69353E-1
7.69529E-1 7.86745E-1 7.80934E-1 7.82496E-1 7.77227E-1 7.72739E-1 7.70374E-1 7.58233E-1 7.67552E-1 7.80032E-1 7.81926E-1 7.70836E-1 7.58968E-1 7.67554E-1 7.68679E-1 7.60852E-1 7.56727E-1 7.6029E-1 7.58425E-1 7.4459E-1 7.35037E-1 7.41691E-1 7.49582E-1 7.46115E-1 7.47225E-1 7.48774E-1 7.417E-1 7.24316E-1 7.13607E-1 7.08927E-1 6.9349E-1 6.82621E-1 6.77678E-1 6.89651E-1 6.9229E-1 7.07523E-1 7.18515E-1 7.16108E-1 7.09517E-1 7.17468E-1 7.17039E-1 7.13038E-1 6.98695E-1 7.03526E-1 7.01166E-1 6.86359E-1 6.52575E-1 5.78842E-1 5.31016E-1 5.28767E-1 5.37333E-1 5.37888E-1 4.82189E-1 5.16225E-1 5.69998E-1 6.31398E-1 6.8681E-1 7.06154E-1 7.17402E-1 7.74325E-1 7.98652E-1
7.87316E-1 7.92886E-1 8.033E-1 8.01802E-1 7.97095E-1 7.98289E-1 7.84723E-1 7.75948E-1 7.76799E-1 7.9173E-1 7.97033E-1 7.87348E-1 7.66779E-1 7.61771E-1 7.63411E-1 7.6319E-1 7.60089E-1 7.5679E-1 7.52461E-1 7.4594E-1 7.37202E-1 7.45521E-1 7.62797E-1 7.65596E-1 7.68441E-1 7.59975E-1 7.55911E-1 7.38319E-1 7.31954E-1 7.23779E-1 7.01142E-1 6.83963E-1 6.78532E-1 6.94217E-1 6.96238E-1 7.06954E-1 7.28702E-1 7.21439E-1 7.02474E-1 6.87905E-1 6.82965E-1 6.80707E-1 6.79058E-1 6.69604E-1 6.413E-1 6.22062E-1 6.19298E-1 5.43121E-1 5.2874E-1 5.20588E-1 5.09449E-1 5.27821E-1 5.57453E-1 5.62274E-1 6.19363E-1 6.78623E-1 7.39949E-1 7.61018E-1 7.90479E-1 8.11041E-1 8.23014E-1
7.84995E-1 8.03245E-1 8.02595E-1 8.14264E-1 8.27315E-1 8.2597E-1 8.25538E-1 8.16349E-1 7.9222E-1 7.94223E-1 8.0006E-1 7.94042E-1 7.73752E-1 7.65212E-1 7.65165E-1 7.59002E-1 7.60901E-1 7.6185E-1 7.53384E-1 7.49122E-1 7.41184E-1 7.45933E-1 7.55395E-1 7.71675E-1 7.68699E-1 7.56698E-1 7.58315E-1 7.56184E-1 7.53236E-1 7.31718E-1 7.07648E-1 6.70411E-1 6.80694E-1 7.05973E-1 7.04296E-1 7.11187E-1 7.01507E-1 7.03138E-1 6.88886E-1 6.30457E-1 6.35558E-1 6.40355E-1 6.39974E-1 6.36094E-1 6.1985E-1 6.09125E-1 5.72514E-1 5.15785E-1 5.11866E-1 5.13481E-1 5.14694E-1 5.40089E-1 5.71567E-1 5.65629E-1 5.87878E-1 6.45314E-1 7.61447E-1 8.05591E-1 8.30351E-1 8.37052E-1 8.49441E-1
7.86941E-1 8.15218E-1 8.24958E-1 8.38595E-1 8.48025E-1 8.41719E-1 8.46883E-1 8.41549E-1 8.26672E-1 8.08597E-1 8.09346E-1 7.95359E-1 7.72855E-1 7.55089E-1 7.67541E-1 7.62937E-1 7.58301E-1 7.76654E-1 7.6884E-1 7.66268E-1 7.54852E-1 7.39281E-1 7.60205E-1 7.70657E-1 7.80402E-1 7.87882E-1 7.74687E-1 7.58768E-1 7.65676E-1 7.4157E-1 7.25016E-1 7.07396E-1 7.12976E-1 7.1551E-1 6.94073E-1 6.80317E-1 6.70929E-1 6.25347E-1 5.82923E-1 6.1499E-1 5.6457E-1 6.1554E-1 6.29094E-1 6.19493E-1 6.07875E-1 5.99951E-1 6.04861E-1 5.66406E-1 5.48929E-1 5.28426E-1 5.41804E-1 5.42007E-1 5.29435E-1 5.49552E-1 6.07242E-1 7.36993E-1 7.79607E-1 8.1255E-1 8.30777E-1 8.35302E-1 8.52788E-1
8.18957E-1 8.34257E-1 8.4985E-1 8.53273E-1 8.56965E-1 8.52141E-1 8.48309E-1 8.49971E-1 8.39968E-1 8.2334E-1 8.25555E-1 8.07294E-1 7.78652E-1 7.5414E-1 7.6253E-1 7.54741E-1 7.48803E-1 7.6273E-1 7.6659E-1 7.79734E-1 7.72033E-1 7.59771E-1 7.72533E-1 7.88329E-1 7.7841E-1 7.6237E-1 7.47967E-1 7.55161E-1 7.61109E-1 7.43934E-1 7.30124E-1 7.2997E-1 7.3037E-1 7.20396E-1 7.09377E-1 6.60372E-1 6.66548E-1 6.45886E-1 6.37518E-1 6.19646E-1 6.45023E-1 6.21097E-1 6.21684E-1 6.3492E-1 6.56817E-1 6.45186E-1 5.77867E-1 5.29959E-1 5.2581E-1 5.1902E-1 5.30815E-1 5.29145E-1 5.48688E-1 5.51193E-1 7.30403E-1 7.91357E-1 8.09498E-1 8.17292E-1 8.29841E-1 8.40684E-1 8.54236E-1
8.36949E-1 8.53506E-1 8.66062E-1 8.5705E-1 8.47368E-1 8.44211E-1 8.41415E-1 8.5573E-1 8.44499E-1 8.2898E-1 8.17102E-1 8.16275E-1 7.89407E-1 7.66571E-1 7.55758E-1 7.46329E-1 7.45231E-1 7.61309E-1 7.74635E-1 7.85453E-1 7.86053E-1 7.75473E-1 7.77403E-1 7.85067E-1 7.83091E-1 7.61106E-1 7.41658E-1 7.4901E-1 7.76354E-1 7.53476E-1 7.28243E-1 7.27428E-1 6.90679E-1 7.00419E-1 7.06054E-1 6.86106E-1 6.67949E-1 6.57938E-1 6.52254E-1 6.53766E-1 6.60436E-1 6.3877E-1 6.37014E-1 6.60124E-1 6.14698E-1 5.71844E-1 4.92371E-1 5.59304E-1 5.5025E-1 5.39521E-1 5.68979E-1 6.69978E-1 7.40942E-1 7.57809E-1 7.8756E-1 8.08308E-1 8.20637E-1 8.22525E-1 8.36478E-1 8.45409E-1 8.52977E-1
8.44583E-1 8.52406E-1 8.70376E-1 8.45699E-1 8.33952E-1 8.24992E-1 8.28487E-1 8.47192E-1 8.29664E-1 8.25542E-1 8.20266E-1 8.00076E-1 7.85811E-1 7.6252E-1 7.48939E-1 7.40044E-1 7.55253E-1 7.84651E-1 7.99455E-1 8.08418E-1 7.93438E-1 7.9192E-1 7.82512E-1 7.58554E-1 7.49445E-1 7.47487E-1 7.1714E-1 7.4257E-1 7.71176E-1 7.48031E-1 7.04296E-1 7.16584E-1 7.27988E-1 7.22299E-1 6.98809E-1 6.76317E-1 6.57301E-1 6.49788E-1 6.56505E-1 6.43233E-1 6.226E-1 6.41755E-1 6.45549E-1 6.25445E-1 5.9494E-1 5.41687E-1 5.25836E-1 5.73613E-1 5.78325E-1 6.37575E-1 7.23277E-1 7.90918E-1 8.09621E-1 8.13862E-1 8.16139E-1 8.15732E-1 8.2048E-1 8.21057E-1 8.29032E-1 8.39619E-1 8.54288E-1
8.47713E-1 8.58019E-1 8.58554E-1 8.27038E-1 8.20934E-1 8.17433E-1 8.23733E-1 8.25069E-1 8.2056E-1 8.0086E-1 7.99394E-1 7.8694E-1 7.82421E-1 7.69302E-1 7.58578E-1 7.68555E-1 7.83706E-1 7.90397E-1 8.03266E-1 8.13934E-1 8.12154E-1 8.00245E-1 7.71189E-1 7.49142E-1 7.29847E-1 7.10847E-1 7.13599E-1 7.37061E-1 7.38156E-1 7.01833E-1 6.81644E-1 7.42103E-1 7.30792E-1 7.0583E-1 6.84002E-1 6.87451E-1 6.66688E-1 6.54959E-1 6.51779E-1 6.17281E-1 6.12102E-1 6.00358E-1 6.07608E-1 5.85406E-1 5.42576E-1 5.14808E-1 5.70414E-1 6.68785E-1 7.81747E-1 8.1487E-1 8.07837E-1 8.11268E-1 8.109E-1 8.01965E-1 7.94677E-1 7.99978E-1 7.98581E-1 8.15721E-1 8.20918E-1 8.35685E-1 8.46123E-1
8.30428E-1 8.38621E-1 8.35376E-1 8.23486E-1 8.24346E-1 8.34909E-1 8.25031E-1 8.14263E-1 8.0163E-1 7.81036E-1 7.78064E-1 7.81374E-1 7.77373E-1 7.74852E-1 7.68071E-1 7.74723E-1 7.92715E-1 7.97887E-1 8.02615E-1 8.1053E-1 8.10556E-1 8.01556E-1 7.73699E-1 7.50736E-1 7.09538E-1 7.02366E-1 7.13902E-1 7.35014E-1 7.4027E-1 7.01536E-1 7.17001E-1 7.2698E-1 7.12817E-1 7.07034E-1 6.83805E-1 6.56238E-1 6.43153E-1 6.37769E-1 6.31302E-1 5.86806E-1 5.53285E-1 5.66489E-1 5.69285E-1 4.96185E-1 4.76237E-1 6.15176E-1 7.13655E-1 7.99468E-1 8.17802E-1 8.16781E-1 8.19971E-1 8.14137E-1 8.16522E-1 8.1439E-1 7.90179E-1 7.84026E-1 7.99837E-1 8.15755E-1 8.27033E-1 8.37131E-1 8.43019E-1
