maxent_outputs/bumblebees/bombus_41.asc
ncols         426
nrows         180
xllcorner     -130.0
yllcorner     24.0
cellsize      0.16666666666666666
NODATA_value  -9999
[rows 54 to 80 of 180, columns 305 to 365 of 426]
5.28652E-2 4.58715E-2 4.51629E-2 4.08949E-2 4.06767E-2 4.00837E-2 4.29291E-2 4.52791E-2 4.59831E-2 4.65347E-2 4.67285E-2 5.1753E-2 5.42109E-2 5.86732E-2 6.16799E-2 6.57474E-2 7.16145E-2 7.17646E-2 7.57985E-2 7.90785E-2 7.82596E-2 7.43613E-2 6.99795E-2 7.12002E-2 8.61103E-2 8.8875E-2 8.54858E-2 8.3312E-2 7.97571E-2 6.72111E-2 5.22879E-2 5.13673E-2 7.72478E-2 1.14519E-1 1.67796E-1 1.80646E-1 1.21293E-1 8.14412E-2 6.49297E-2 3.92093E-2 4.56526E-2 5.07176E-2 3.98742E-2 3.09915E-2 2.92582E-2 3.20091E-2 3.39837E-2 2.14185E-2 3.41025E-2 3.36479E-2 3.27669E-2 2.3088E-2 3.183E-2 4.24458E-2 6.08494E-2 6.88382E-2 6.59372E-2 7.10825E-2 6.96454E-2 6.9887E-2 7.15856E-2
5.65483E-2 5.25942E-2 5.62456E-2 5.54085E-2 5.34707E-2 4.89336E-2 5.14195E-2 5.20596E-2 5.307E-2 5.45031E-2 5.35202E-2 5.44712E-2 5.86972E-2 6.42248E-2 6.68381E-2 7.08145E-2 7.45808E-2 8.99834E-2 7.76005E-2 7.66468E-2 8.00294E-2 8.73637E-2 9.61722E-2 8.58109E-2 8.43139E-2 8.14476E-2 7.53827E-2 6.26954E-2 4.57905E-2 4.18307E-2 3.51975E-2 3.70571E-2 5.24961E-2 9.5866E-2 1.78102E-1 1.87132E-1 9.99982E-2 7.55825E-2 5.14842E-2 3.99602E-2 4.25504E-2 4.18819E-2 3.48213E-2 3.24472E-2 3.4664E-2 3.77573E-2 2.2168E-2 3.18125E-2 4.79329E-2 3.75875E-2 2.76504E-2 3.001E-2 4.48227E-2 5.0671E-2 5.61023E-2 7.28135E-2 7.67121E-2 8.2434E-2 8.12169E-2 7.69669E-2 7.76111E-2
6.53995E-2 6.38287E-2 6.59917E-2 6.09448E-2 6.52017E-2 6.35506E-2 6.66424E-2 6.82562E-2 7.25822E-2 6.67008E-2 6.72099E-2 7.07998E-2 7.39802E-2 7.27715E-2 7.5945E-2 7.81995E-2 8.31208E-2 8.13455E-2 8.96668E-2 8.81727E-2 9.78509E-2 9.8057E-2 9.50406E-2 9.09245E-2 8.38342E-2 6.52984E-2 4.7992E-2 3.93443E-2 3.80482E-2 3.62228E-2 3.6054E-2 4.78773E-2 6.04985E-2 9.54896E-2 1.8979E-1 1.8729E-1 9.7854E-2 7.00032E-2 4.23343E-2 5.39461E-2 4.89395E-2 3.31178E-2 4.06082E-2 3.67621E-2 3.72175E-2 5.0858E-2 3.37747E-2 4.81427E-2 3.46465E-2 2.98476E-2 5.00434E-2 5.28203E-2 5.5832E-2 5.64829E-2 6.71149E-2 8.02801E-2 9.11686E-2 9.3181E-2 9.2146E-2 7.749E-2 8.2737E-2
7.22295E-2 6.16993E-2 6.78192E-2 6.94664E-2 7.31409E-2 6.63196E-2 6.83926E-2 7.36008E-2 8.40307E-2 8.1376E-2 7.78391E-2 8.38313E-2 8.3017E-2 7.87037E-2 7.58651E-2 7.51428E-2 8.08985E-2 7.94125E-2 8.8252E-2 1.05812E-1 1.10527E-1 9.3884E-2 8.86221E-2 7.86984E-2 6.62645E-2 5.01029E-2 4.2405E-2 3.70135E-2 3.44374E-2 3.72463E-2 3.77343E-2 3.48538E-2 6.45555E-2 7.27989E-2 1.37917E-1 1.8769E-1 9.4429E-2 5.49766E-2 5.05569E-2 4.08977E-2 4.7244E-2 3.44335E-2 5.19295E-2 5.18117E-2 5.2557E-2 5.36255E-2 2.85347E-2 3.3486E-2 3.26136E-2 3.99197E-2 5.49226E-2 4.88419E-2 5.93392E-2 6.79816E-2 7.78036E-2 8.93306E-2 1.00593E-1 1.01841E-1 8.94669E-2 9.20532E-2 1.00436E-1
7.87034E-2 7.69014E-2 7.72742E-2 6.70774E-2 7.29857E-2 8.05771E-2 8.66748E-2 8.21819E-2 1.0018E-1 9.52065E-2 9.52702E-2 9.25247E-2 9.1305E-2 9.05492E-2 9.11478E-2 1.0499E-1 1.06643E-1 1.20144E-1 1.20981E-1 8.79177E-2 8.37238E-2 7.49885E-2 7.69056E-2 6.90156E-2 5.24378E-2 4.25308E-2 3.76241E-2 3.50733E-2 3.71807E-2 3.74839E-2 2.96225E-2 2.76896E-2 3.89076E-2 6.57276E-2 1.14842E-1 1.29315E-1 8.05765E-2 3.85389E-2 5.32136E-2 5.56256E-2 4.26028E-2 4.03361E-2 5.74992E-2 5.72769E-2 4.91937E-2 2.43021E-2 1.65293E-2 1.07576E-2 2.53097E-2 5.05278E-2 5.35916E-2 6.25308E-2 6.21626E-2 7.55081E-2 8.76523E-2 1.05514E-1 1.03181E-1 1.06143E-1 1.04494E-1 1.00916E-1 1.12826E-1
8.06348E-2 9.0406E-2 8.04785E-2 7.10417E-2 8.55307E-2 1.04787E-1 9.25377E-2 1.03018E-1 1.18319E-1 1.32737E-1 1.19383E-1 1.23252E-1 1.1878E-1 1.38763E-1 1.74521E-1 2.16244E-1 1.63217E-1 1.21237E-1 8.71727E-2 7.7371E-2 7.15994E-2 6.87339E-2 6.9062E-2 5.55461E-2 4.02071E-2 3.44029E-2 3.07416E-2 3.14274E-2 3.02679E-2 2.97932E-2 2.3325E-2 1.63909E-2 2.97832E-2 5.62432E-2 1.11754E-1 1.0212E-1 6.74126E-2 3.23422E-2 3.87548E-2 4.04246E-2 3.47068E-2 4.44614E-2 6.03154E-2 3.90461E-2 2.61703E-2 1.75244E-2 1.92321E-2 3.04759E-2 4.0728E-2 6.14682E-2 6.10184E-2 6.79706E-2 7.68798E-2 8.50898E-2 8.90651E-2 1.02609E-1 1.14801E-1 1.2337E-1 1.33891E-1 1.43109E-1 1.56786E-1
1.24575E-1 1.31594E-1 1.48604E-1 1.56321E-1 1.77082E-1 2.11042E-1 2.44028E-1 2.56567E-1 2.74307E-1 2.58979E-1 1.90073E-1 1.64456E-1 1.41256E-1 1.93705E-1 2.50181E-1 2.36666E-1 2.07786E-1 1.52908E-1 1.03567E-1 7.17888E-2 4.91416E-2 5.80928E-2 5.98281E-2 4.33854E-2 3.12181E-2 2.77165E-2 2.73808E-2 3.03967E-2 2.78999E-2 3.19284E-2 3.42783E-2 3.21284E-2 4.98747E-2 5.6782E-2 9.46944E-2 9.49056E-2 6.8447E-2 3.20565E-2 4.13541E-2 4.93628E-2 4.0278E-2 5.31423E-2 5.47045E-2 4.04063E-2 3.28416E-2 2.83524E-2 2.26562E-2 3.62448E-2 4.55148E-2 5.37731E-2 5.92722E-2 9.64763E-2 7.92871E-2 8.9564E-2 1.03049E-1 1.2985E-1 1.65547E-1 1.84561E-1 1.80715E-1 2.20202E-1 2.90099E-1
2.67108E-1 3.19127E-1 3.30329E-1 3.37603E-1 3.32455E-1 3.38646E-1 3.38114E-1 3.3402E-1 3.2191E-1 3.04642E-1 2.88697E-1 2.71575E-1 2.68766E-1 2.74996E-1 2.63815E-1 2.51944E-1 2.37705E-1 1.62136E-1 7.97109E-2 4.30575E-2 3.20656E-2 3.14603E-2 5.32183E-2 3.97294E-2 2.75907E-2 2.52495E-2 2.53205E-2 2.25405E-2 2.20646E-2 3.29029E-2 3.31314E-2 4.7714E-2 5.87898E-2 5.3257E-2 9.68536E-2 8.70031E-2 7.48076E-2 2.95708E-2 3.88501E-2 4.48408E-2 5.1453E-2 6.37012E-2 4.49036E-2 3.8712E-2 4.58209E-2 4.59187E-2 4.85986E-2 3.72602E-2 5.16628E-2 5.63813E-2 6.56684E-2 8.788E-2 8.9711E-2 1.07999E-1 1.65961E-1 2.09543E-1 2.05906E-1 2.53826E-1 -9999 3.14469E-1 -9999
3.68254E-1 3.5614E-1 3.45676E-1 3.41901E-1 3.44308E-1 3.48842E-1 3.49798E-1 3.43703E-1 3.34966E-1 3.27643E-1 3.20137E-1 3.04378E-1 2.94389E-1 2.85248E-1 2.77967E-1 2.62411E-1 2.12028E-1 1.62409E-1 7.86374E-2 4.60171E-2 3.49179E-2 2.80256E-2 3.28554E-2 3.91096E-2 2.94553E-2 2.24984E-2 1.97071E-2 1.7835E-2 2.50846E-2 2.54997E-2 3.09099E-2 4.69808E-2 5.81677E-2 7.21854E-2 8.76192E-2 8.64061E-2 6.35859E-2 4.72612E-2 2.72402E-2 3.95797E-2 5.69369E-2 4.94164E-2 4.59762E-2 4.01312E-2 5.01829E-2 5.34618E-2 5.99984E-2 6.08844E-2 4.86531E-2 5.69647E-2 7.14628E-2 8.88593E-2 1.10931E-1 1.40994E-1 -9999 -9999 -9999 -9999 -9999 -9999 -9999
3.69984E-1 3.40308E-1 3.02458E-1 2.63891E-1 2.56974E-1 2.65191E-1 2.68734E-1 2.72855E-1 2.92104E-1 3.1853E-1 3.14844E-1 3.03294E-1 3.01731E-1 2.82494E-1 2.35625E-1 1.50557E-1 1.18045E-1 1.03881E-1 8.37095E-2 6.77526E-2 5.55531E-2 4.05141E-2 3.28277E-2 3.43304E-2 3.62408E-2 2.93129E-2 2.30664E-2 2.32678E-2 2.76153E-2 3.93633E-2 3.44879E-2 4.90955E-2 6.2615E-2 8.225E-2 8.91044E-2 7.50924E-2 4.52236E-2 3.75201E-2 3.1576E-2 4.22951E-2 5.50684E-2 4.4489E-2 4.51334E-2 4.52936E-2 5.68418E-2 6.38714E-2 5.28839E-2 5.39156E-2 6.24797E-2 7.24151E-2 8.30525E-2 1.0881E-1 1.46034E-1 -9999 -9999 -9999 -9999 -9999 -9999 -9999 -9999
2.22497E-1 1.93142E-1 1.71699E-1 1.56184E-1 1.54257E-1 1.55347E-1 1.64363E-1 1.77147E-1 1.74208E-1 1.84137E-1 1.77882E-1 1.63651E-1 1.63144E-1 1.70777E-1 1.45657E-1 1.27418E-1 1.1948E-1 1.13033E-1 1.15143E-1 1.16692E-1 1.05063E-1 9.367E-2 7.62147E-2 5.54768E-2 4.73514E-2 3.70962E-2 3.21649E-2 2.98099E-2 2.91778E-2 5.23528E-2 5.26501E-2 5.50839E-2 8.02502E-2 9.86346E-2 7.91892E-2 5.6149E-2 3.57233E-2 2.75372E-2 2.95886E-2 4.6447E-2 5.66859E-2 3.94195E-2 3.61647E-2 5.37517E-2 7.28483E-2 7.97988E-2 7.48983E-2 6.70705E-2 8.49344E-2 8.94835E-2 1.05115E-1 1.41917E-1 -9999 -9999 -9999 -9999 -9999 -9999 -9999 -9999 -9999
1.56048E-1 1.46604E-1 1.31585E-1 1.23581E-1 1.26198E-1 1.2937E-1 1.31988E-1 1.46711E-1 1.50964E-1 1.40538E-1 1.4169E-1 1.39812E-1 1.40944E-1 1.46568E-1 1.40567E-1 1.31033E-1 1.20715E-1 1.13743E-1 1.12129E-1 1.09667E-1 9.70324E-2 8.96032E-2 8.41483E-2 7.78843E-2 7.03084E-2 6.29545E-2 6.60866E-2 4.96964E-2 5.32732E-2 6.50289E-2 6.23633E-2 7.34082E-2 9.59864E-2 1.00015E-1 8.03834E-2 5.03139E-2 2.88291E-2 2.24914E-2 3.54328E-2 4.40167E-2 5.7336E-2 4.02805E-2 3.53441E-2 5.21431E-2 6.58541E-2 7.87959E-2 8.64571E-2 9.62303E-2 1.10197E-1 1.25271E-1 1.4331E-1 1.62869E-1 -9999 -9999 -9999 -9999 -9999 -9999 -9999 -9999 -9999
1.67703E-1 1.63056E-1 1.22697E-1 1.00028E-1 9.53856E-2 1.03716E-1 1.05596E-1 1.23644E-1 1.36965E-1 1.24384E-1 1.17732E-1 1.2344E-1 1.24054E-1 1.46461E-1 1.46816E-1 1.15563E-1 9.55222E-2 8.63086E-2 7.77349E-2 6.76555E-2 5.13718E-2 5.92211E-2 5.42063E-2 4.83012E-2 4.86147E-2 5.28215E-2 7.43347E-2 8.10196E-2 7.76874E-2 8.02164E-2 7.38346E-2 9.35754E-2 1.07121E-1 1.03318E-1 8.49885E-2 6.32742E-2 2.10841E-2 2.09939E-2 2.90623E-2 5.72861E-2 5.79093E-2 5.5658E-2 3.7416E-2 5.07536E-2 6.65367E-2 8.15393E-2 8.87977E-2 9.75459E-2 1.12989E-1 1.32904E-1 1.55642E-1 2.90433E-1 -9999 -9999 -9999 -9999 -9999 -9999 -9999 -9999 -9999
2.42103E-1 1.68651E-1 1.01705E-1 8.06061E-2 6.36274E-2 6.06806E-2 7.9738E-2 1.18847E-1 1.13944E-1 1.00933E-1 9.46977E-2 1.12234E-1 1.04892E-1 1.54689E-1 1.60109E-1 9.49245E-2 7.80992E-2 6.43775E-2 6.19506E-2 5.60724E-2 4.85859E-2 5.5007E-2 5.21028E-2 5.00943E-2 4.60166E-2 5.49708E-2 4.71052E-2 6.059E-2 6.45036E-2 6.71448E-2 7.4345E-2 1.05427E-1 1.08534E-1 8.6456E-2 5.39543E-2 5.29045E-2 2.75827E-2 2.78777E-2 3.47498E-2 5.55014E-2 6.38894E-2 5.07176E-2 4.69036E-2 4.55011E-2 7.41765E-2 8.58613E-2 9.29651E-2 1.05958E-1 1.23162E-1 1.50671E-1 1.78375E-1 2.28691E-1 -9999 -9999 -9999 -9999 -9999 -9999 -9999 -9999 -9999
1.60385E-1 1.02586E-1 6.51302E-2 5.72907E-2 5.28823E-2 4.71173E-2 7.00451E-2 8.68886E-2 9.7326E-2 6.96998E-2 7.65113E-2 7.69474E-2 1.09671E-1 1.29914E-1 9.66261E-2 1.25388E-1 7.7257E-2 6.30701E-2 5.78939E-2 5.85379E-2 5.26288E-2 5.89365E-2 5.48609E-2 5.49936E-2 5.23241E-2 5.37181E-2 4.46295E-2 4.45741E-2 5.63377E-2 5.31172E-2 5.50215E-2 9.73845E-2 1.10899E-1 8.55402E-2 5.22561E-2 3.87421E-2 3.21692E-2 3.63081E-2 4.69689E-2 7.29803E-2 6.20667E-2 6.3327E-2 5.23096E-2 5.1868E-2 7.88163E-2 9.20766E-2 1.05136E-1 1.18535E-1 1.36012E-1 1.56393E-1 1.95047E-1 2.22239E-1 -9999 -9999 -9999 -9999 -9999 -9999 -9999 -9999 -9999
7.95726E-2 7.9041E-2 6.22605E-2 4.69581E-2 4.47297E-2 4.94263E-2 6.35826E-2 5.30129E-2 6.58644E-2 5.58833E-2 6.83816E-2 8.23839E-2 8.7888E-2 1.05854E-1 7.53035E-2 8.74859E-2 7.68934E-2 6.3025E-2 6.63573E-2 6.68274E-2 6.69693E-2 6.18999E-2 5.76196E-2 5.60431E-2 5.43221E-2 4.82176E-2 4.64794E-2 4.07847E-2 4.89967E-2 4.49916E-2 7.43057E-2 8.96348E-2 1.13463E-1 8.35404E-2 5.82575E-2 4.70146E-2 3.3762E-2 3.89714E-2 4.96081E-2 8.5528E-2 7.10338E-2 8.4026E-2 6.37978E-2 6.27175E-2 8.42501E-2 9.43808E-2 1.12327E-1 1.17008E-1 1.38877E-1 1.71647E-1 -9999 -9999 -9999 -9999 -9999 -9999 -9999 -9999 -9999 -9999 -9999
5.91751E-2 4.91707E-2 4.77556E-2 4.61369E-2 4.42066E-2 4.82727E-2 5.45826E-2 4.41482E-2 4.56291E-2 5.80176E-2 6.39065E-2 7.55053E-2 7.2417E-2 7.90812E-2 7.70301E-2 7.03881E-2 7.26774E-2 7.13801E-2 6.7899E-2 6.82654E-2 6.63574E-2 6.20576E-2 5.69502E-2 4.80303E-2 4.35084E-2 4.4393E-2 3.99938E-2 3.78814E-2 3.41565E-2 3.27054E-2 4.26781E-2 1.18792E-1 1.04852E-1 6.75657E-2 5.68185E-2 4.70228E-2 3.6604E-2 4.80485E-2 7.75055E-2 9.66529E-2 9.1491E-2 8.04948E-2 6.9373E-2 6.56878E-2 8.01314E-2 9.58281E-2 1.16251E-1 1.23615E-1 1.45531E-1 1.80753E-1 2.10344E-1 -9999 -9999 -9999 -9999 -9999 -9999 -9999 -9999 -9999 -9999
5.48465E-2 5.39691E-2 4.72694E-2 4.91539E-2 4.94649E-2 4.4816E-2 4.08257E-2 4.1759E-2 3.61085E-2 4.36499E-2 5.93559E-2 7.0437E-2 7.54969E-2 7.85295E-2 8.42639E-2 7.63684E-2 7.74253E-2 7.50725E-2 7.11216E-2 6.46531E-2 6.13461E-2 5.87998E-2 5.27899E-2 4.80458E-2 4.52015E-2 4.39975E-2 4.05043E-2 2.72862E-2 2.90241E-2 4.21013E-2 6.50199E-2 1.26018E-1 8.98738E-2 6.63422E-2 5.14709E-2 4.84543E-2 4.21678E-2 5.43423E-2 9.56282E-2 1.02398E-1 8.54121E-2 7.10893E-2 7.43773E-2 7.82723E-2 8.36522E-2 1.0117E-1 1.12494E-1 1.29628E-1 1.38137E-1 1.65698E-1 2.05498E-1 2.36045E-1 -9999 3.38737E-1 3.61827E-1 -9999 -9999 -9999 -9999 -9999 -9999
4.90894E-2 4.87762E-2 3.86288E-2 4.10689E-2 4.75404E-2 4.38496E-2 4.08448E-2 3.46944E-2 3.49039E-2 4.66821E-2 5.75895E-2 6.73748E-2 6.81373E-2 5.99362E-2 6.57535E-2 7.74352E-2 7.11532E-2 6.42123E-2 6.19945E-2 5.53116E-2 5.89301E-2 5.21683E-2 4.49574E-2 5.22207E-2 4.46329E-2 3.97401E-2 3.3454E-2 3.22532E-2 2.98722E-2 8.23381E-2 1.17685E-1 1.21834E-1 8.76314E-2 6.12677E-2 6.03241E-2 4.63478E-2 5.98962E-2 7.6726E-2 1.03245E-1 1.08201E-1 8.39081E-2 7.92636E-2 7.95187E-2 9.39496E-2 9.10822E-2 1.19692E-1 1.42108E-1 1.56759E-1 1.64829E-1 1.75725E-1 1.98584E-1 2.31807E-1 -9999 -9999 3.87697E-1 4.03192E-1 -9999 -9999 -9999 -9999 -9999
4.86768E-2 4.38515E-2 3.53886E-2 3.3057E-2 3.76891E-2 3.86957E-2 3.95625E-2 3.5297E-2 4.12146E-2 4.74826E-2 5.4829E-2 6.15179E-2 6.146E-2 4.9686E-2 6.92996E-2 7.69591E-2 8.52494E-2 7.80904E-2 6.99238E-2 6.08693E-2 6.14196E-2 4.90862E-2 4.13143E-2 4.80793E-2 5.69575E-2 5.059E-2 4.43643E-2 5.2661E-2 6.7861E-2 8.47978E-2 1.02982E-1 1.15713E-1 8.4631E-2 6.62252E-2 6.35525E-2 5.84828E-2 6.92302E-2 9.24832E-2 1.09813E-1 1.14751E-1 8.60198E-2 9.82493E-2 9.75339E-2 1.09907E-1 1.08945E-1 1.52497E-1 1.72173E-1 1.92819E-1 1.8305E-1 2.02947E-1 2.28174E-1 2.52493E-1 2.93489E-1 3.28732E-1 3.55163E-1 3.81402E-1 -9999 -9999 -9999 -9999 -9999
4.59937E-2 4.30277E-2 3.95483E-2 3.83973E-2 3.84179E-2 4.81237E-2 4.7986E-2 4.54588E-2 4.66283E-2 4.73045E-2 6.18195E-2 5.78688E-2 5.15542E-2 5.55334E-2 5.1231E-2 5.44288E-2 5.67373E-2 6.98644E-2 8.21499E-2 8.37357E-2 7.24079E-2 5.25891E-2 4.78768E-2 5.51823E-2 6.28137E-2 5.87055E-2 5.33204E-2 5.61296E-2 8.16861E-2 1.00542E-1 9.57083E-2 1.17577E-1 8.78507E-2 7.37553E-2 8.66018E-2 8.08975E-2 8.37459E-2 1.00407E-1 1.19144E-1 1.16152E-1 1.05151E-1 1.0619E-1 1.31136E-1 1.35939E-1 1.46342E-1 1.70235E-1 2.18936E-1 2.40083E-1 2.30274E-1 2.27707E-1 2.68565E-1 2.96249E-1 3.11489E-1 3.19831E-1 3.51437E-1 4.58359E-1 -9999 -9999 -9999 -9999 -9999
4.71052E-2 4.78386E-2 4.53608E-2 3.99209E-2 4.615E-2 5.43491E-2 5.13126E-2 5.50081E-2 5.58453E-2 5.38289E-2 6.30141E-2 6.33826E-2 6.60002E-2 7.23272E-2 6.46912E-2 5.68798E-2 4.38018E-2 4.05819E-2 5.80927E-2 8.18167E-2 8.09826E-2 5.59346E-2 5.01038E-2 5.81867E-2 6.11748E-2 6.49796E-2 7.07851E-2 7.42179E-2 8.95664E-2 9.81735E-2 9.32251E-2 9.38197E-2 8.09063E-2 8.46708E-2 8.99919E-2 1.02192E-1 1.04043E-1 1.23168E-1 1.23002E-1 1.23179E-1 1.40894E-1 1.3932E-1 1.65222E-1 1.73994E-1 1.95392E-1 2.13894E-1 2.37854E-1 2.70412E-1 2.84854E-1 3.20765E-1 3.17237E-1 3.33097E-1 3.79413E-1 5.10692E-1 5.11523E-1 -9999 -9999 -9999 -9999 -9999 -9999
4.64807E-2 4.42487E-2 4.36916E-2 4.5623E-2 4.44853E-2 4.18766E-2 5.16215E-2 6.05725E-2 5.37736E-2 6.88954E-2 6.81723E-2 8.55908E-2 8.68652E-2 8.87269E-2 8.9888E-2 7.28469E-2 6.80424E-2 7.28725E-2 8.25759E-2 8.81961E-2 5.85585E-2 4.39876E-2 3.79948E-2 4.90733E-2 5.60457E-2 7.18153E-2 7.85673E-2 8.31091E-2 7.56034E-2 7.93623E-2 7.82647E-2 1.2077E-1 9.49875E-2 9.1692E-2 1.03083E-1 1.22943E-1 1.45711E-1 1.52658E-1 1.5055E-1 1.57128E-1 1.71367E-1 1.85628E-1 2.02978E-1 2.42906E-1 2.23777E-1 3.2622E-1 -9999 -9999 -9999 -9999 3.39602E-1 -9999 -9999 4.62557E-1 4.49579E-1 4.57235E-1 -9999 -9999 -9999 -9999 -9999
4.87058E-2 4.62734E-2 4.60933E-2 3.99149E-2 4.70358E-2 5.14351E-2 5.79576E-2 5.15329E-2 6.80394E-2 8.46626E-2 7.53699E-2 6.33143E-2 7.15941E-2 9.96019E-2 9.45592E-2 9.1792E-2 9.54117E-2 9.54555E-2 8.57013E-2 6.26319E-2 5.65402E-2 4.69578E-2 4.50047E-2 7.63066E-2 8.51078E-2 8.72426E-2 8.85325E-2 7.61293E-2 7.31251E-2 1.02703E-1 1.11884E-1 1.4081E-1 1.0888E-1 1.25226E-1 1.42692E-1 1.62962E-1 2.0217E-1 -9999 -9999 2.18407E-1 2.33698E-1 2.58345E-1 2.77331E-1 2.94E-1 -9999 3.2846E-1 -9999 -9999 -9999 -9999 -9999 -9999 -9999 -9999 -9999 -9999 -9999 -9999 -9999 -9999 -9999
4.93146E-2 4.67629E-2 4.51015E-2 5.04245E-2 4.92606E-2 4.61277E-2 4.64808E-2 6.45563E-2 7.47453E-2 6.54332E-2 6.01387E-2 6.63264E-2 8.75711E-2 1.00507E-1 1.06588E-1 1.02353E-1 9.09673E-2 7.71256E-2 5.91598E-2 5.46038E-2 6.9227E-2 7.40366E-2 8.2326E-2 8.98748E-2 9.94698E-2 9.50503E-2 8.21145E-2 8.1619E-2 1.06775E-1 1.33305E-1 1.53595E-1 1.56468E-1 1.56928E-1 1.836E-1 2.00474E-1 2.09998E-1 2.20597E-1 2.09332E-1 2.2183E-1 2.45078E-1 2.56661E-1 2.45167E-1 2.58189E-1 -9999 -9999 -9999 -9999 -9999 -9999 -9999 -9999 -9999 -9999 -9999 -9999 -9999 -9999 -9999 -9999 -9999 -9999
5.35766E-2 4.55999E-2 4.93032E-2 4.84286E-2 4.54109E-2 5.00502E-2 6.57801E-2 6.62707E-2 6.03411E-2 6.92902E-2 7.2778E-2 8.06446E-2 8.88238E-2 1.05634E-1 9.69122E-2 8.97352E-2 7.56582E-2 7.24217E-2 7.13779E-2 8.04169E-2 9.73548E-2 1.04269E-1 9.94417E-2 1.06063E-1 1.05539E-1 9.4967E-2 9.46983E-2 1.08558E-1 1.38894E-1 1.53218E-1 1.85938E-1 1.93689E-1 2.0211E-1 2.22937E-1 2.20777E-1 2.39579E-1 2.50649E-1 2.57974E-1 2.70311E-1 2.92262E-1 -9999 -9999 -9999 -9999 -9999 -9999 -9999 -9999 -9999 -9999 -9999 -9999 -9999 -9999 -9999 -9999 -9999 -9999 -9999 -9999 -9999
5.37081E-2 4.38953E-2 4.05231E-2 4.57472E-2 5.1131E-2 7.00556E-2 8.45036E-2 8.68919E-2 8.67526E-2 9.39574E-2 1.00365E-1 1.00484E-1 1.00317E-1 1.10573E-1 9.22839E-2 8.42909E-2 9.28914E-2 9.36018E-2 1.00533E-1 1.02302E-1 1.03712E-1 1.1977E-1 1.21665E-1 1.18565E-1 1.17975E-1 1.21376E-1 1.3804E-1 1.4976E-1 1.69406E-1 1.88441E-1 1.94324E-1 2.0794E-1 2.34308E-1 2.64866E-1 2.78418E-1 3.16111E-1 3.56828E-1 -9999 -9999 -9999 -9999 -9999 -9999 -9999 -9999 -9999 -9999 -9999 -9999 -9999 -9999 -9999 -9999 -9999 -9999 -9999 -9999 -9999 -9999 -9999 -9999
