maxent_outputs/bumblebees/bombus_172.asc
ncols         426
nrows         180
xllcorner     -130.0
yllcorner     24.0
cellsize      0.16666666666666666
NODATA_value  -9999
[rows 135 to 161 of 180, columns 183 to 243 of 426]
5.7453E-1 5.84075E-1 5.89957E-1 5.93745E-1 6.0244E-1 6.07294E-1 6.08939E-1 6.09276E-1 6.17337E-1 6.2179E-1 6.35079E-1 6.40619E-1 6.44455E-1 6.50215E-1 6.509E-1 6.53662E-1 6.59709E-1 6.71969E-1 6.92435E-1 7.04985E-1 7.23236E-1 7.38068E-1 7.42146E-1 7.51153E-1 7.53832E-1 7.59527E-1 7.59463E-1 7.58421E-1 7.65564E-1 7.7389E-1 7.85403E-1 7.90298E-1 7.91633E-1 7.98859E-1 8.15359E-1 8.12307E-1 8.08924E-1 8.11287E-1 8.1735E-1 8.22736E-1 8.39808E-1 8.51015E-1 8.60816E-1 8.53913E-1 8.51929E-1 8.53018E-1 8.58834E-1 8.69428E-1 8.71043E-1 8.61232E-1 8.51036E-1 8.46015E-1 8.44348E-1 8.46636E-1 8.48245E-1 8.47923E-1 8.48753E-1 8.49E-1 8.521E-1 8.50656E-1 8.48741E-1
5.79026E-1 5.83498E-1 5.8702E-1 5.92185E-1 5.91786E-1 5.96408E-1 6.04148E-1 6.04294E-1 6.07863E-1 6.11095E-1 6.23298E-1 6.42652E-1 6.49227E-1 6.53345E-1 6.56228E-1 6.62021E-1 6.65719E-1 6.83912E-1 6.96329E-1 7.09424E-1 7.2806E-1 7.38437E-1 7.43426E-1 7.52052E-1 7.57132E-1 7.62786E-1 7.65603E-1 7.67105E-1 7.69076E-1 7.75008E-1 7.94423E-1 8.09103E-1 8.04116E-1 8.05827E-1 8.1454E-1 8.18099E-1 8.1268E-1 8.12792E-1 8.19595E-1 8.31282E-1 8.49768E-1 8.67501E-1 8.70729E-1 8.61789E-1 8.53917E-1 8.5945E-1 8.68246E-1 8.7521E-1 8.8025E-1 8.67879E-1 8.5941E-1 8.47414E-1 8.49993E-1 8.55615E-1 8.58818E-1 8.5749E-1 8.5784E-1 8.62164E-1 8.6248E-1 8.62498E-1 8.62121E-1
5.77706E-1 5.7785E-1 5.85769E-1 5.92599E-1 5.95558E-1 5.93906E-1 5.98718E-1 6.03324E-1 6.01039E-1 5.99736E-1 6.08134E-1 6.39644E-1 6.50482E-1 6.56418E-1 6.61429E-1 6.65711E-1 6.74488E-1 6.94987E-1 7.05065E-1 7.16114E-1 7.26349E-1 7.3616E-1 7.4353E-1 7.51289E-1 7.57428E-1 7.6525E-1 7.73423E-1 7.72952E-1 7.76334E-1 7.82162E-1 7.87298E-1 8.01718E-1 8.18971E-1 8.18681E-1 8.17354E-1 8.13607E-1 8.13175E-1 8.18944E-1 8.32466E-1 8.421E-1 8.55292E-1 8.74796E-1 8.7791E-1 8.749E-1 8.67251E-1 8.68239E-1 8.69605E-1 8.80513E-1 8.86454E-1 8.78575E-1 8.70953E-1 8.59889E-1 8.64158E-1 8.67542E-1 8.69988E-1 8.64051E-1 8.67676E-1 8.69096E-1 8.66614E-1 8.66428E-1 8.64981E-1
5.78451E-1 5.83566E-1 5.86735E-1 5.88962E-1 5.84726E-1 5.8944E-1 5.99611E-1 6.04492E-1 6.05495E-1 6.11487E-1 6.29375E-1 6.43203E-1 6.5082E-1 6.58675E-1 6.6632E-1 6.71182E-1 6.84003E-1 6.97635E-1 7.08602E-1 7.17488E-1 7.25311E-1 7.32048E-1 7.44824E-1 7.54932E-1 7.65905E-1 7.77622E-1 7.759E-1 7.80287E-1 7.87217E-1 7.89019E-1 7.93034E-1 7.94609E-1 8.11796E-1 8.2661E-1 8.2357E-1 8.2228E-1 8.2403E-1 8.28484E-1 8.39166E-1 8.48557E-1 8.63182E-1 8.81715E-1 8.8929E-1 8.89397E-1 8.87694E-1 8.82643E-1 8.77266E-1 8.84432E-1 8.90423E-1 8.90486E-1 8.83859E-1 8.80064E-1 8.82654E-1 8.83781E-1 8.80236E-1 8.72162E-1 8.75516E-1 8.7465E-1 8.68101E-1 8.68531E-1 8.68286E-1
5.76892E-1 5.8107E-1 5.79514E-1 5.77342E-1 5.76936E-1 5.81156E-1 5.99265E-1 6.08012E-1 6.13485E-1 6.25392E-1 6.4814E-1 6.54045E-1 6.6027E-1 6.63873E-1 6.67275E-1 6.79563E-1 6.88404E-1 6.94707E-1 7.10908E-1 7.18641E-1 7.29989E-1 7.39558E-1 7.46775E-1 7.56825E-1 7.67681E-1 7.85527E-1 8.00624E-1 7.8956E-1 7.96132E-1 7.99559E-1 8.02514E-1 8.04338E-1 8.19129E-1 8.35286E-1 8.37379E-1 8.38921E-1 8.42593E-1 8.41814E-1 8.51611E-1 8.63276E-1 8.76316E-1 8.91435E-1 9.01545E-1 9.04268E-1 9.02769E-1 8.97571E-1 8.94189E-1 8.93643E-1 8.94665E-1 8.93473E-1 8.92986E-1 8.94481E-1 8.90901E-1 8.94017E-1 8.90162E-1 8.80934E-1 8.76607E-1 8.69599E-1 8.65413E-1 8.66484E-1 8.66557E-1
5.84887E-1 5.92082E-1 5.93411E-1 5.96425E-1 5.94749E-1 5.98626E-1 5.99072E-1 6.07057E-1 6.27102E-1 6.3732E-1 6.50548E-1 6.52705E-1 6.59627E-1 6.62503E-1 6.7026E-1 6.77723E-1 6.87356E-1 6.96086E-1 7.12423E-1 7.24438E-1 7.3525E-1 7.4167E-1 7.55866E-1 7.688E-1 7.75684E-1 7.88548E-1 7.98973E-1 7.99579E-1 8.1156E-1 8.16594E-1 8.20921E-1 8.29355E-1 8.39345E-1 8.53464E-1 8.5744E-1 8.57909E-1 8.58682E-1 8.59293E-1 8.66707E-1 8.78329E-1 8.93955E-1 9.03384E-1 9.10461E-1 9.09788E-1 9.03958E-1 9.04992E-1 9.07574E-1 9.03544E-1 9.00491E-1 8.98894E-1 8.95655E-1 8.87154E-1 8.80919E-1 8.81527E-1 8.81993E-1 8.7616E-1 8.7067E-1 8.65643E-1 8.59784E-1 8.62234E-1 8.68201E-1
5.95368E-1 6.05193E-1 6.11179E-1 6.17714E-1 6.18044E-1 6.15057E-1 6.13525E-1 6.14581E-1 6.28515E-1 6.4476E-1 6.52027E-1 6.50564E-1 6.58166E-1 6.67028E-1 6.67997E-1 6.73565E-1 6.82817E-1 7.00052E-1 7.11519E-1 7.27697E-1 7.32714E-1 7.49614E-1 7.65221E-1 7.87981E-1 7.88054E-1 8.01255E-1 8.09216E-1 8.21804E-1 8.34001E-1 8.35424E-1 8.39561E-1 8.43692E-1 8.53226E-1 8.59136E-1 8.70028E-1 8.71058E-1 8.73396E-1 8.74774E-1 8.80811E-1 8.92099E-1 9.02576E-1 9.09087E-1 9.12602E-1 9.1029E-1 9.05645E-1 9.07451E-1 9.05068E-1 8.99338E-1 8.93024E-1 8.95411E-1 8.95225E-1 8.83227E-1 8.6793E-1 8.65886E-1 8.73948E-1 8.71947E-1 8.68401E-1 8.59528E-1 8.58425E-1 8.63917E-1 8.74222E-1
6.03265E-1 6.11091E-1 6.19101E-1 6.22064E-1 6.26468E-1 6.30264E-1 6.2911E-1 6.31454E-1 6.37885E-1 6.43613E-1 6.4825E-1 6.53076E-1 6.60301E-1 6.69614E-1 6.68171E-1 6.71791E-1 6.86819E-1 7.08106E-1 7.15926E-1 7.26313E-1 7.33084E-1 7.53988E-1 7.74933E-1 7.85141E-1 7.97508E-1 8.10239E-1 8.3277E-1 8.39286E-1 8.44968E-1 8.44753E-1 8.50721E-1 8.54622E-1 8.60925E-1 8.62846E-1 8.70394E-1 8.7568E-1 8.75863E-1 8.8325E-1 8.84013E-1 8.91083E-1 9.01396E-1 9.05356E-1 8.99702E-1 8.97316E-1 8.95963E-1 8.91948E-1 8.90078E-1 8.88499E-1 8.8786E-1 8.88513E-1 8.86553E-1 8.8101E-1 8.76704E-1 8.81255E-1 8.86211E-1 9.02816E-1 8.99891E-1 8.73912E-1 8.71327E-1 8.71302E-1 8.81821E-1
6.14455E-1 6.21995E-1 6.32303E-1 6.3751E-1 6.44027E-1 6.54647E-1 6.50177E-1 6.48503E-1 6.50596E-1 6.46693E-1 6.44479E-1 6.53003E-1 6.60327E-1 6.7131E-1 6.73661E-1 6.80011E-1 6.93963E-1 7.06264E-1 7.1788E-1 7.27615E-1 7.35997E-1 7.46114E-1 7.71263E-1 7.92911E-1 8.04292E-1 8.1529E-1 8.21261E-1 8.34207E-1 8.43252E-1 8.48004E-1 8.53823E-1 8.60142E-1 8.74303E-1 8.7456E-1 8.75901E-1 8.77411E-1 8.80279E-1 8.75826E-1 8.76829E-1 8.88402E-1 8.9448E-1 8.90265E-1 8.82683E-1 8.75685E-1 8.71325E-1 8.66624E-1 8.67817E-1 8.77626E-1 8.81001E-1 8.83871E-1 8.84325E-1 8.84671E-1 8.83951E-1 8.84781E-1 8.86688E-1 8.96101E-1 8.96879E-1 8.79044E-1 8.77171E-1 8.84179E-1 8.93143E-1
6.22688E-1 6.31902E-1 6.34495E-1 6.46067E-1 6.49121E-1 6.56866E-1 6.63969E-1 6.62866E-1 6.58882E-1 6.48271E-1 6.45015E-1 6.49152E-1 6.63231E-1 6.72404E-1 6.81047E-1 6.96169E-1 7.07019E-1 7.12353E-1 7.25909E-1 7.3234E-1 7.40628E-1 7.47314E-1 7.6666E-1 7.93959E-1 8.04547E-1 8.0403E-1 8.11445E-1 8.20934E-1 8.35038E-1 8.39227E-1 8.44301E-1 8.53745E-1 8.58086E-1 8.70923E-1 8.76857E-1 8.76411E-1 8.70533E-1 8.75443E-1 8.75509E-1 8.79341E-1 8.86226E-1 8.73762E-1 8.63524E-1 8.54816E-1 8.49268E-1 8.46744E-1 8.48831E-1 8.69828E-1 8.75519E-1 8.78368E-1 8.77406E-1 8.79378E-1 8.82646E-1 8.86568E-1 8.78477E-1 8.76797E-1 8.7936E-1 8.73919E-1 8.75642E-1 8.82413E-1 8.89619E-1
6.33108E-1 6.28469E-1 6.28668E-1 6.52823E-1 6.66608E-1 6.66647E-1 6.73278E-1 6.69766E-1 6.54603E-1 6.47494E-1 6.43545E-1 6.46582E-1 6.62215E-1 6.73931E-1 6.82559E-1 6.93275E-1 7.05611E-1 7.17988E-1 7.2517E-1 7.34888E-1 7.45114E-1 7.53172E-1 7.7044E-1 7.94712E-1 8.05257E-1 8.03509E-1 8.17757E-1 8.18643E-1 8.23805E-1 8.16385E-1 8.27868E-1 8.34772E-1 8.46514E-1 8.54325E-1 8.59051E-1 8.65975E-1 8.6285E-1 8.59857E-1 8.58199E-1 8.62088E-1 8.6196E-1 8.60916E-1 8.50632E-1 8.33588E-1 8.37527E-1 8.41583E-1 8.46649E-1 8.54529E-1 8.63431E-1 8.64546E-1 8.66022E-1 8.68806E-1 8.71802E-1 8.69243E-1 8.71156E-1 8.80295E-1 8.73793E-1 8.8145E-1 8.84774E-1 8.83253E-1 8.86486E-1
6.31294E-1 6.29543E-1 6.39074E-1 6.54503E-1 6.6374E-1 6.68002E-1 6.65916E-1 6.61381E-1 6.57083E-1 6.59328E-1 6.59404E-1 6.56348E-1 6.64264E-1 6.78755E-1 6.84245E-1 6.94206E-1 7.11656E-1 7.18777E-1 7.31176E-1 7.45025E-1 7.48454E-1 7.51479E-1 7.62732E-1 7.82202E-1 7.94746E-1 8.0345E-1 8.17595E-1 8.10252E-1 8.0247E-1 8.08812E-1 8.17128E-1 8.24538E-1 8.32679E-1 -9999 -9999 -9999 -9999 -9999 -9999 8.5441E-1 8.52251E-1 8.44732E-1 8.38551E-1 8.28593E-1 8.28529E-1 8.37226E-1 8.43844E-1 8.50777E-1 8.47605E-1 8.51148E-1 8.52942E-1 8.56699E-1 8.50218E-1 8.56786E-1 8.62879E-1 8.71853E-1 8.80861E-1 8.84658E-1 8.8741E-1 8.90471E-1 8.89929E-1
6.20637E-1 6.18813E-1 6.27661E-1 6.42545E-1 6.54581E-1 6.62737E-1 6.60064E-1 6.57318E-1 6.60888E-1 6.73787E-1 6.75256E-1 6.72261E-1 6.77385E-1 6.88084E-1 6.943E-1 7.08663E-1 7.15178E-1 7.27133E-1 7.3867E-1 7.50486E-1 7.45906E-1 7.44547E-1 7.54178E-1 7.77458E-1 7.91558E-1 7.87416E-1 7.91779E-1 7.96559E-1 7.92586E-1 8.04238E-1 -9999 -9999 -9999 -9999 -9999 -9999 -9999 -9999 -9999 -9999 -9999 -9999 -9999 -9999 -9999 8.37535E-1 8.38876E-1 -9999 8.5384E-1 8.43361E-1 8.47576E-1 8.5043E-1 8.52946E-1 8.6242E-1 8.68748E-1 8.70563E-1 8.79822E-1 8.8658E-1 8.86183E-1 8.79267E-1 8.68093E-1
6.22455E-1 6.22164E-1 6.28076E-1 6.38498E-1 6.42235E-1 6.48776E-1 6.5313E-1 6.57411E-1 6.59464E-1 6.6563E-1 6.66753E-1 6.72992E-1 6.82148E-1 6.92986E-1 7.01112E-1 7.09817E-1 7.21053E-1 7.31694E-1 7.47939E-1 7.51375E-1 7.49152E-1 7.38034E-1 7.59803E-1 7.93706E-1 8.02317E-1 7.94195E-1 7.81967E-1 7.86686E-1 7.86255E-1 -9999 -9999 -9999 -9999 -9999 -9999 -9999 -9999 -9999 -9999 -9999 -9999 -9999 -9999 -9999 -9999 -9999 -9999 -9999 8.53828E-1 8.48728E-1 8.50327E-1 8.55888E-1 8.55007E-1 8.61446E-1 8.70126E-1 8.73315E-1 8.82097E-1 8.9744E-1 8.85003E-1 8.80039E-1 8.71732E-1
6.17389E-1 6.16995E-1 6.21502E-1 6.2526E-1 6.33403E-1 6.38655E-1 6.40442E-1 6.46739E-1 6.42295E-1 6.46921E-1 6.52982E-1 6.59111E-1 6.66296E-1 6.76405E-1 6.92031E-1 7.01983E-1 7.11383E-1 7.26519E-1 7.4556E-1 7.60018E-1 7.52958E-1 7.45055E-1 7.66117E-1 7.96434E-1 8.07474E-1 7.96577E-1 7.95014E-1 -9999 -9999 -9999 -9999 -9999 -9999 -9999 -9999 -9999 -9999 -9999 -9999 -9999 -9999 -9999 -9999 -9999 -9999 -9999 -9999 -9999 -9999 -9999 -9999 8.5681E-1 8.62533E-1 8.74919E-1 8.92889E-1 8.75688E-1 8.78605E-1 -9999 -9999 -9999 8.61779E-1
6.14885E-1 6.14141E-1 6.14321E-1 6.16571E-1 6.23356E-1 6.2679E-1 6.38154E-1 6.36289E-1 6.34656E-1 6.40239E-1 6.46232E-1 6.56762E-1 6.62836E-1 6.68638E-1 6.74654E-1 6.81357E-1 6.91503E-1 7.11004E-1 7.34366E-1 7.49896E-1 7.46006E-1 7.41457E-1 7.57269E-1 7.77034E-1 7.84997E-1 7.90133E-1 -9999 -9999 -9999 -9999 -9999 -9999 -9999 -9999 -9999 -9999 -9999 -9999 -9999 -9999 -9999 -9999 -9999 -9999 -9999 -9999 -9999 -9999 -9999 -9999 -9999 -9999 -9999 -9999 -9999 -9999 -9999 -9999 -9999 -9999 8.60304E-1
6.15719E-1 6.10276E-1 6.09606E-1 6.1142E-1 6.146E-1 6.23218E-1 6.23808E-1 6.34069E-1 6.38748E-1 6.48909E-1 6.57899E-1 6.65292E-1 6.71962E-1 6.70194E-1 6.73577E-1 6.75102E-1 6.82153E-1 7.00643E-1 7.16767E-1 7.32849E-1 7.37273E-1 7.28649E-1 7.44335E-1 7.53867E-1 -9999 -9999 -9999 -9999 -9999 -9999 -9999 -9999 -9999 -9999 -9999 -9999 -9999 -9999 -9999 -9999 -9999 -9999 -9999 -9999 -9999 -9999 -9999 -9999 -9999 -9999 -9999 -9999 -9999 -9999 -9999 -9999 -9999 -9999 -9999 -9999 -9999
6.14445E-1 6.01278E-1 6.00251E-1 6.01395E-1 6.02994E-1 6.10863E-1 6.21912E-1 6.33709E-1 6.43865E-1 6.57777E-1 6.7533E-1 6.78359E-1 6.72161E-1 6.62119E-1 6.67624E-1 6.73343E-1 6.76451E-1 6.92029E-1 7.07147E-1 7.2769E-1 7.26525E-1 7.29075E-1 7.39258E-1 -9999 -9999 -9999 -9999 -9999 -9999 -9999 -9999 -9999 -9999 -9999 -9999 -9999 -9999 -9999 -9999 -9999 -9999 -9999 -9999 -9999 -9999 -9999 -9999 -9999 -9999 -9999 -9999 -9999 -9999 -9999 -9999 -9999 -9999 -9999 -9999 -9999 -9999
6.0448E-1 5.8179E-1 5.8132E-1 5.86236E-1 5.91733E-1 6.02187E-1 6.15757E-1 6.32871E-1 6.4461E-1 6.63123E-1 6.81869E-1 6.79741E-1 6.62633E-1 6.49397E-1 6.54003E-1 6.6675E-1 6.82464E-1 6.8306E-1 7.05348E-1 7.31522E-1 -9999 -9999 -9999 -9999 -9999 -9999 -9999 -9999 -9999 -9999 -9999 -9999 -9999 -9999 -9999 -9999 -9999 -9999 -9999 -9999 -9999 -9999 -9999 -9999 -9999 -9999 -9999 -9999 -9999 -9999 -9999 -9999 -9999 -9999 -9999 -9999 -9999 -9999 -9999 -9999 -9999
6.05086E-1 5.89501E-1 5.83643E-1 5.84909E-1 5.85522E-1 5.96956E-1 6.11365E-1 6.25387E-1 6.41234E-1 6.58163E-1 6.69137E-1 6.67812E-1 6.50665E-1 6.35787E-1 6.43222E-1 6.61836E-1 6.77894E-1 6.96341E-1 6.96459E-1 -9999 -9999 -9999 -9999 -9999 -9999 -9999 -9999 -9999 -9999 -9999 -9999 -9999 -9999 -9999 -9999 -9999 -9999 -9999 -9999 -9999 -9999 -9999 -9999 -9999 -9999 -9999 -9999 -9999 -9999 -9999 -9999 -9999 -9999 -9999 -9999 -9999 -9999 -9999 -9999 -9999 -9999
6.02319E-1 5.9385E-1 5.83361E-1 5.78842E-1 5.8408E-1 5.93561E-1 6.03523E-1 6.14252E-1 6.32119E-1 6.55606E-1 6.59201E-1 6.61754E-1 6.48495E-1 6.42316E-1 6.52328E-1 6.64212E-1 6.739E-1 -9999 -9999 -9999 -9999 -9999 -9999 -9999 -9999 -9999 -9999 -9999 -9999 -9999 -9999 -9999 -9999 -9999 -9999 -9999 -9999 -9999 -9999 -9999 -9999 -9999 -9999 -9999 -9999 -9999 -9999 -9999 -9999 -9999 -9999 -9999 -9999 -9999 -9999 -9999 -9999 -9999 -9999 -9999 -9999
5.98119E-1 5.90587E-1 5.83414E-1 5.75335E-1 5.79584E-1 5.85543E-1 5.90893E-1 6.09219E-1 6.26666E-1 6.42962E-1 6.52207E-1 6.62939E-1 6.54323E-1 6.442E-1 6.46415E-1 6.53276E-1 -9999 -9999 -9999 -9999 -9999 -9999 -9999 -9999 -9999 -9999 -9999 -9999 -9999 -9999 -9999 -9999 -9999 -9999 -9999 -9999 -9999 -9999 -9999 -9999 -9999 -9999 -9999 -9999 -9999 -9999 -9999 -9999 -9999 -9999 -9999 -9999 -9999 -9999 -9999 -9999 -9999 -9999 -9999 -9999 -9999
5.94317E-1 5.89048E-1 5.82843E-1 5.76803E-1 5.73822E-1 5.72448E-1 5.77783E-1 5.99128E-1 6.25663E-1 6.35171E-1 6.39995E-1 6.50199E-1 6.5425E-1 6.41893E-1 6.49639E-1 -9999 -9999 -9999 -9999 -9999 -9999 -9999 -9999 -9999 -9999 -9999 -9999 -9999 -9999 -9999 -9999 -9999 -9999 -9999 -9999 -9999 -9999 -9999 -9999 -9999 -9999 -9999 -9999 -9999 -9999 -9999 -9999 -9999 -9999 -9999 -9999 -9999 -9999 -9999 -9999 -9999 -9999 -9999 -9999 -9999 -9999
5.94989E-1 5.88046E-1 5.84531E-1 5.78337E-1 5.71996E-1 5.66961E-1 5.65288E-1 5.91146E-1 6.17313E-1 6.29977E-1 6.31119E-1 6.26739E-1 6.1706E-1 6.28623E-1 -9999 -9999 -9999 -9999 -9999 -9999 -9999 -9999 -9999 -9999 -9999 -9999 -9999 -9999 -9999 -9999 -9999 -9999 -9999 -9999 -9999 -9999 -9999 -9999 -9999 -9999 -9999 -9999 -9999 -9999 -9999 -9999 -9999 -9999 -9999 -9999 -9999 -9999 -9999 -9999 -9999 -9999 -9999 -9999 -9999 -9999 -9999
5.98144E-1 5.8816E-1 5.84891E-1 5.75993E-1 5.69516E-1 5.67967E-1 5.75937E-1 5.94294E-1 6.1233E-1 6.21823E-1 6.22239E-1 6.15552E-1 6.08215E-1 6.16462E-1 -9999 -9999 -9999 -9999 -9999 -9999 -9999 -9999 -9999 -9999 -9999 -9999 -9999 -9999 -9999 -9999 -9999 -9999 -9999 -9999 -9999 -9999 -9999 -9999 -9999 -9999 -9999 -9999 -9999 -9999 -9999 -9999 -9999 -9999 -9999 -9999 -9999 -9999 -9999 -9999 -9999 -9999 -9999 -9999 -9999 -9999 -9999
5.98083E-1 5.8755E-1 5.83302E-1 5.76438E-1 5.70533E-1 5.72042E-1 5.82638E-1 5.98279E-1 6.15715E-1 6.13774E-1 6.09405E-1 6.08916E-1 6.08074E-1 -9999 -9999 -9999 -9999 -9999 -9999 -9999 -9999 -9999 -9999 -9999 -9999 -9999 -9999 -9999 -9999 -9999 -9999 -9999 -9999 -9999 -9999 -9999 -9999 -9999 -9999 -9999 -9999 -9999 -9999 -9999 -9999 -9999 -9999 -9999 -9999 -9999 -9999 -9999 -9999 -9999 -9999 -9999 -9999 -9999 -9999 -9999 -9999
5.89167E-1 5.7862E-1 5.75566E-1 5.76566E-1 5.69694E-1 5.73865E-1 5.83333E-1 6.03368E-1 6.08613E-1 6.03755E-1 6.00263E-1 6.01097E-1 6.06431E-1 -9999 -9999 -9999 -9999 -9999 -9999 -9999 -9999 -9999 -9999 -9999 -9999 -9999 -9999 -9999 -9999 -9999 -9999 -9999 -9999 -9999 -9999 -9999 -9999 -9999 -9999 -9999 -9999 -9999 -9999 -9999 -9999 -9999 -9999 -9999 -9999 -9999 -9999 -9999 -9999 -9999 -9999 -9999 -9999 -9999 -9999 -9999 -9999
