maxent_outputs/bumblebees/bombus_238.asc
ncols         426
nrows         180
xllcorner     -130.0
yllcorner     24.0
cellsize      0.16666666666666666
NODATA_value  -9999
[rows 54 to 80 of 180, columns 244 to 304 of 426]
5.21842E-1 5.24844E-1 5.37106E-1 5.40703E-1 5.53207E-1 5.59262E-1 5.67698E-1 5.82294E-1 5.91532E-1 6.28783E-1 6.34204E-1 6.2608E-1 6.07541E-1 6.42195E-1 6.4047E-1 6.43209E-1 6.42519E-1 6.44192E-1 6.49574E-1 6.44424E-1 6.23638E-1 6.12879E-1 6.05932E-1 5.96632E-1 5.90616E-1 5.75032E-1 5.77173E-1 5.89236E-1 5.85638E-1 5.79633E-1 5.75038E-1 5.7615E-1 5.79379E-1 5.89656E-1 6.01095E-1 6.23437E-1 6.66533E-1 6.81969E-1 6.88601E-1 6.9814E-1 7.06972E-1 7.18114E-1 7.26581E-1 7.34079E-1 7.37554E-1 7.37636E-1 7.44366E-1 7.25689E-1 7.18379E-1 7.31427E-1 7.42824E-1 7.70895E-1 7.76583E-1 7.76593E-1 7.52701E-1 7.46114E-1 7.25524E-1 7.21888E-1 7.19702E-1 7.20246E-1 7.07519E-1
5.34856E-1 5.38875E-1 5.43063E-1 5.51905E-1 5.5724E-1 5.67465E-1 5.7376E-1 5.81942E-1 6.04902E-1 6.257E-1 6.09632E-1 6.07679E-1 6.37163E-1 6.45346E-1 6.48106E-1 6.45905E-1 6.47975E-1 6.51235E-1 6.57727E-1 6.34126E-1 6.09291E-1 5.96768E-1 5.91557E-1 5.82942E-1 5.75752E-1 5.64977E-1 5.72482E-1 5.8103E-1 5.7452E-1 5.71891E-1 5.67153E-1 5.65386E-1 5.72512E-1 5.86676E-1 6.04513E-1 6.15689E-1 6.47733E-1 6.83691E-1 6.93206E-1 7.0249E-1 7.12727E-1 7.23678E-1 7.28914E-1 7.35091E-1 7.39641E-1 7.45444E-1 7.47842E-1 7.46053E-1 7.20177E-1 7.34671E-1 7.45629E-1 7.55565E-1 7.62894E-1 7.80083E-1 7.65872E-1 7.30377E-1 7.17943E-1 7.16523E-1 7.10126E-1 7.15285E-1 7.1201E-1
5.3958E-1 5.5141E-1 5.51096E-1 5.58588E-1 5.66228E-1 5.66283E-1 5.66186E-1 5.77428E-1 5.94574E-1 5.97433E-1 6.06743E-1 6.26902E-1 6.47758E-1 6.53271E-1 6.49559E-1 6.49036E-1 6.46389E-1 6.50211E-1 6.53615E-1 6.2028E-1 6.03881E-1 5.9031E-1 5.74181E-1 5.68457E-1 5.61308E-1 5.65572E-1 5.66987E-1 5.72207E-1 5.70786E-1 5.70888E-1 5.63646E-1 5.67026E-1 5.79232E-1 5.87899E-1 6.01037E-1 6.17819E-1 6.59117E-1 6.82733E-1 6.93197E-1 7.04593E-1 7.15893E-1 7.24958E-1 7.35184E-1 7.41298E-1 7.47202E-1 7.47906E-1 7.46635E-1 7.35801E-1 7.18328E-1 7.27872E-1 7.32205E-1 7.29478E-1 7.24424E-1 7.48923E-1 7.57924E-1 7.452E-1 7.03314E-1 6.9986E-1 7.01466E-1 7.1864E-1 7.21778E-1
5.44267E-1 5.539E-1 5.57882E-1 5.55417E-1 5.58396E-1 5.61465E-1 5.60333E-1 5.64284E-1 5.73274E-1 5.89847E-1 6.07848E-1 6.45078E-1 6.49856E-1 6.51802E-1 6.53151E-1 6.51686E-1 6.52881E-1 6.54901E-1 6.40835E-1 6.08878E-1 5.97533E-1 5.86742E-1 5.76741E-1 5.60252E-1 5.58768E-1 5.61162E-1 5.65395E-1 5.80435E-1 5.7049E-1 5.68319E-1 5.704E-1 5.77213E-1 5.82474E-1 5.84653E-1 6.00432E-1 6.19949E-1 6.57125E-1 6.82638E-1 6.93932E-1 7.05922E-1 7.17039E-1 7.31917E-1 7.41714E-1 7.50268E-1 7.58607E-1 7.61644E-1 7.45315E-1 7.13751E-1 7.15052E-1 7.28957E-1 7.41574E-1 7.27145E-1 7.13491E-1 7.23122E-1 7.34813E-1 7.10138E-1 6.91386E-1 6.77136E-1 6.87092E-1 7.25931E-1 7.17916E-1
5.4686E-1 5.58507E-1 5.60731E-1 5.54544E-1 5.55713E-1 5.65048E-1 5.66852E-1 5.63639E-1 5.78288E-1 5.91965E-1 6.05914E-1 6.50142E-1 6.50815E-1 6.58025E-1 6.55691E-1 6.55501E-1 6.55114E-1 6.54414E-1 6.26013E-1 6.09857E-1 6.0293E-1 5.89624E-1 5.69954E-1 5.59527E-1 5.55586E-1 5.54155E-1 5.63081E-1 5.72218E-1 5.70673E-1 5.6863E-1 5.67153E-1 5.7375E-1 5.80071E-1 5.88731E-1 6.06759E-1 6.42509E-1 6.66797E-1 6.79015E-1 6.9099E-1 7.03379E-1 7.17147E-1 7.30512E-1 7.46778E-1 7.57265E-1 7.66802E-1 7.55927E-1 7.32724E-1 7.11783E-1 7.19049E-1 7.32952E-1 7.46845E-1 7.50493E-1 7.31475E-1 7.27055E-1 7.22535E-1 7.06722E-1 6.86501E-1 6.75152E-1 6.81895E-1 6.95708E-1 6.8714E-1
5.49013E-1 5.6104E-1 5.6541E-1 5.6024E-1 5.56077E-1 5.76856E-1 5.73425E-1 5.73749E-1 5.83277E-1 5.93146E-1 6.22791E-1 6.53065E-1 6.57151E-1 6.59344E-1 6.58063E-1 6.55922E-1 6.55211E-1 6.36095E-1 6.13846E-1 6.09873E-1 6.03421E-1 5.92184E-1 5.79783E-1 5.65204E-1 5.61779E-1 5.61896E-1 5.69967E-1 5.75828E-1 5.73776E-1 5.69151E-1 5.73267E-1 5.76141E-1 5.82456E-1 5.93407E-1 6.17216E-1 6.49718E-1 6.59118E-1 6.62196E-1 6.68576E-1 6.94443E-1 7.19727E-1 7.30797E-1 7.46874E-1 7.61229E-1 7.58956E-1 7.479E-1 7.25702E-1 7.21415E-1 7.31721E-1 7.43274E-1 7.36565E-1 7.33379E-1 7.33475E-1 7.21148E-1 6.93146E-1 6.86749E-1 6.81196E-1 6.71766E-1 6.70085E-1 6.77922E-1 6.8235E-1
5.53253E-1 5.61285E-1 5.63321E-1 5.60058E-1 5.53597E-1 5.68329E-1 5.71827E-1 5.77762E-1 5.88486E-1 6.09049E-1 6.50877E-1 6.53261E-1 6.55242E-1 6.55434E-1 6.56337E-1 6.54214E-1 6.60321E-1 6.31202E-1 6.13882E-1 6.10913E-1 6.05424E-1 6.00206E-1 5.92987E-1 5.82367E-1 5.74594E-1 5.79779E-1 5.83863E-1 5.82637E-1 5.80728E-1 5.78562E-1 5.81273E-1 5.83896E-1 5.90069E-1 6.13054E-1 6.20795E-1 6.1585E-1 6.11942E-1 6.24359E-1 6.40247E-1 6.6153E-1 7.09788E-1 7.28518E-1 7.42893E-1 7.57948E-1 7.66577E-1 7.46487E-1 7.33374E-1 7.26381E-1 7.35209E-1 7.45632E-1 7.32274E-1 7.20523E-1 7.09739E-1 6.82062E-1 6.61948E-1 6.76727E-1 6.8293E-1 6.7608E-1 6.74719E-1 6.84395E-1 6.84375E-1
5.60958E-1 5.64515E-1 5.56887E-1 5.57802E-1 5.5866E-1 5.53889E-1 5.65537E-1 5.72507E-1 5.80278E-1 6.02843E-1 6.46343E-1 6.52472E-1 6.52916E-1 6.5774E-1 6.56347E-1 6.58007E-1 6.54924E-1 6.28748E-1 6.13226E-1 6.11088E-1 6.12709E-1 6.10801E-1 6.11728E-1 6.05428E-1 5.96169E-1 5.87481E-1 5.90762E-1 5.8899E-1 5.88169E-1 5.888E-1 5.85515E-1 5.8344E-1 5.93183E-1 6.13865E-1 6.00249E-1 5.82072E-1 5.89399E-1 6.1109E-1 6.28247E-1 6.45681E-1 6.87725E-1 7.1976E-1 7.38983E-1 7.54496E-1 7.65756E-1 7.52739E-1 7.39113E-1 7.27733E-1 7.35736E-1 7.3792E-1 7.24265E-1 7.15018E-1 6.96201E-1 6.73996E-1 6.67674E-1 6.80237E-1 6.89404E-1 6.77761E-1 6.82318E-1 6.91215E-1 6.92895E-1
5.6898E-1 5.67194E-1 5.58221E-1 5.50779E-1 5.53024E-1 5.51485E-1 5.57232E-1 5.65537E-1 5.76365E-1 6.16045E-1 6.4674E-1 6.534E-1 6.56653E-1 6.57739E-1 6.57682E-1 6.57203E-1 6.50126E-1 6.18017E-1 6.09023E-1 6.10453E-1 6.14574E-1 6.14491E-1 6.20076E-1 6.15015E-1 6.05999E-1 5.99745E-1 6.0132E-1 5.98294E-1 5.97532E-1 5.92571E-1 5.84184E-1 5.79294E-1 5.82765E-1 5.78954E-1 5.71071E-1 5.65682E-1 5.80921E-1 6.00893E-1 6.15797E-1 6.28567E-1 6.69896E-1 7.12698E-1 7.29563E-1 7.46449E-1 7.57496E-1 7.54241E-1 7.40174E-1 7.37596E-1 7.398E-1 7.30047E-1 7.05553E-1 7.04734E-1 7.00696E-1 6.88254E-1 6.87123E-1 6.93977E-1 6.99865E-1 6.93737E-1 7.05781E-1 7.25599E-1 7.30982E-1
5.66284E-1 5.70658E-1 5.66628E-1 5.53975E-1 5.51108E-1 5.54854E-1 5.57553E-1 5.64861E-1 5.82833E-1 6.37392E-1 6.46715E-1 6.50904E-1 6.56365E-1 6.58324E-1 6.57893E-1 6.55862E-1 6.58268E-1 6.34714E-1 6.18194E-1 6.13989E-1 6.11506E-1 6.1556E-1 6.18925E-1 6.11265E-1 6.05262E-1 6.03081E-1 6.05912E-1 6.01205E-1 5.96574E-1 5.81701E-1 5.80379E-1 5.79013E-1 5.7919E-1 5.71799E-1 5.69921E-1 5.71507E-1 5.81914E-1 5.93684E-1 6.01315E-1 6.17114E-1 6.45376E-1 7.03401E-1 7.25288E-1 7.39628E-1 7.50552E-1 7.37074E-1 7.061E-1 7.13935E-1 7.29397E-1 7.28715E-1 7.11509E-1 7.02844E-1 6.92101E-1 6.80465E-1 6.80342E-1 7.05332E-1 7.16577E-1 7.21361E-1 7.49208E-1 7.45778E-1 7.40062E-1
5.60817E-1 5.68073E-1 5.74912E-1 5.72176E-1 5.6765E-1 5.67365E-1 5.65905E-1 5.74523E-1 5.95948E-1 6.47271E-1 6.5372E-1 6.58189E-1 6.60763E-1 6.58999E-1 6.59486E-1 6.60328E-1 6.57491E-1 6.48199E-1 6.24931E-1 6.13467E-1 6.07305E-1 6.08637E-1 6.10904E-1 6.13414E-1 6.08167E-1 6.09104E-1 6.0641E-1 6.0123E-1 5.94855E-1 5.87681E-1 5.84925E-1 5.83807E-1 5.82881E-1 5.80418E-1 5.80103E-1 5.80316E-1 5.86147E-1 5.95344E-1 6.04723E-1 6.18739E-1 6.41763E-1 6.99483E-1 7.20226E-1 7.28408E-1 7.20232E-1 7.11679E-1 7.10494E-1 7.15249E-1 7.25656E-1 7.26576E-1 7.17822E-1 7.09804E-1 6.94676E-1 6.7406E-1 6.69828E-1 7.01146E-1 7.20296E-1 7.2854E-1 7.41021E-1 7.37325E-1 7.21918E-1
5.59547E-1 5.67445E-1 5.70999E-1 5.68634E-1 5.68729E-1 5.75352E-1 5.81629E-1 5.91966E-1 5.98768E-1 6.58617E-1 6.646E-1 6.67682E-1 6.66905E-1 6.64114E-1 6.6105E-1 6.5914E-1 6.56547E-1 6.54053E-1 6.3108E-1 6.17079E-1 6.12298E-1 6.1543E-1 6.1931E-1 6.18241E-1 6.16937E-1 6.1547E-1 6.10389E-1 6.0341E-1 5.96166E-1 5.94085E-1 5.91375E-1 5.92338E-1 5.92044E-1 5.93721E-1 5.92711E-1 5.96295E-1 6.03186E-1 6.10497E-1 6.16911E-1 6.27233E-1 6.43694E-1 6.82456E-1 7.03889E-1 6.97413E-1 7.01562E-1 7.17103E-1 7.31433E-1 7.27849E-1 7.28234E-1 7.27166E-1 7.19428E-1 7.13352E-1 7.07309E-1 6.94781E-1 6.79915E-1 6.95649E-1 7.13868E-1 7.15074E-1 7.1688E-1 7.15274E-1 7.09344E-1
5.65515E-1 5.70389E-1 5.71221E-1 5.67134E-1 5.71684E-1 5.76533E-1 5.86802E-1 5.98845E-1 6.0848E-1 6.613E-1 6.70513E-1 6.72235E-1 6.72656E-1 6.71283E-1 6.67962E-1 6.63132E-1 6.60954E-1 6.56753E-1 6.46614E-1 6.23423E-1 6.24638E-1 6.29914E-1 6.28265E-1 6.25677E-1 6.20733E-1 6.20685E-1 6.17424E-1 6.10045E-1 6.0452E-1 6.04752E-1 6.04485E-1 6.05121E-1 6.05221E-1 6.09628E-1 6.12493E-1 6.14829E-1 6.15311E-1 6.28406E-1 6.3765E-1 6.43762E-1 6.54098E-1 6.64146E-1 6.7105E-1 6.86387E-1 7.00099E-1 7.16779E-1 7.2735E-1 7.28729E-1 7.31538E-1 7.2488E-1 7.19334E-1 7.16262E-1 7.11704E-1 7.11868E-1 7.1217E-1 7.11899E-1 7.14386E-1 7.16797E-1 7.17674E-1 7.17079E-1 7.08652E-1
5.68635E-1 5.69896E-1 5.72275E-1 5.73473E-1 5.80072E-1 5.83388E-1 5.88008E-1 5.99361E-1 6.13702E-1 6.52612E-1 6.75303E-1 6.78098E-1 6.77431E-1 6.75689E-1 6.72713E-1 6.71709E-1 6.66924E-1 6.656E-1 6.58308E-1 6.33182E-1 6.37059E-1 6.42393E-1 6.36718E-1 6.28202E-1 6.18112E-1 6.21478E-1 6.19028E-1 6.1622E-1 6.17105E-1 6.19539E-1 6.20306E-1 6.15615E-1 6.19043E-1 6.26619E-1 6.24193E-1 6.24707E-1 6.25506E-1 6.44067E-1 6.56751E-1 6.60534E-1 6.69425E-1 6.71205E-1 6.70304E-1 6.83168E-1 6.98415E-1 7.14078E-1 7.22647E-1 7.25181E-1 7.25301E-1 7.23051E-1 7.22073E-1 7.20975E-1 7.18756E-1 7.25316E-1 7.36956E-1 7.46312E-1 7.43749E-1 7.46938E-1 7.44092E-1 7.38203E-1 7.30298E-1
5.69221E-1 5.71689E-1 5.7245E-1 5.80753E-1 5.88876E-1 5.96694E-1 5.91501E-1 6.07354E-1 6.15989E-1 6.64393E-1 6.80492E-1 6.84345E-1 6.8355E-1 6.83077E-1 6.78502E-1 6.77373E-1 6.74155E-1 6.70493E-1 6.58002E-1 6.44899E-1 6.57073E-1 6.55846E-1 6.42153E-1 6.3905E-1 6.2618E-1 6.22396E-1 6.20793E-1 6.1655E-1 6.18751E-1 6.14965E-1 6.15723E-1 6.22212E-1 6.28794E-1 6.32882E-1 6.37127E-1 6.37517E-1 6.39949E-1 6.57466E-1 6.72766E-1 6.93669E-1 6.94488E-1 6.82225E-1 6.72246E-1 6.80636E-1 7.00205E-1 7.10027E-1 7.2129E-1 7.4194E-1 7.50606E-1 7.50145E-1 7.49603E-1 7.44814E-1 7.37204E-1 7.4026E-1 7.47939E-1 7.48364E-1 7.52062E-1 7.47171E-1 7.40142E-1 7.32877E-1 7.15783E-1
5.72065E-1 5.77646E-1 5.79169E-1 5.85088E-1 5.9162E-1 5.99991E-1 6.0205E-1 6.10456E-1 6.14019E-1 6.58398E-1 6.86185E-1 6.92865E-1 6.91602E-1 6.89927E-1 6.88768E-1 6.86085E-1 6.83228E-1 6.78414E-1 6.51882E-1 6.47571E-1 6.5671E-1 6.55715E-1 6.47462E-1 6.41898E-1 6.38041E-1 6.3512E-1 6.32716E-1 6.24138E-1 6.20173E-1 6.12156E-1 6.18893E-1 6.32029E-1 6.42232E-1 6.53907E-1 6.53053E-1 6.49993E-1 6.60871E-1 6.75037E-1 6.87253E-1 7.16558E-1 7.15779E-1 6.98049E-1 6.88899E-1 6.94847E-1 7.08335E-1 7.23885E-1 7.53101E-1 7.58708E-1 7.55076E-1 7.57114E-1 7.56184E-1 7.59049E-1 7.63924E-1 7.6127E-1 7.59108E-1 7.52964E-1 7.52235E-1 7.42929E-1 7.28778E-1 7.07847E-1 7.01235E-1
5.72889E-1 5.75877E-1 5.79065E-1 5.83809E-1 5.88902E-1 5.95296E-1 6.02723E-1 6.0646E-1 6.15432E-1 6.5778E-1 6.87467E-1 6.94868E-1 6.99277E-1 6.98085E-1 6.96225E-1 6.9575E-1 6.92818E-1 6.72081E-1 6.51936E-1 6.50744E-1 6.529E-1 6.51831E-1 6.47904E-1 6.49497E-1 6.48816E-1 6.49979E-1 6.38947E-1 6.2848E-1 6.20695E-1 6.16598E-1 6.25271E-1 6.34825E-1 6.50853E-1 6.67144E-1 6.66324E-1 6.6078E-1 6.70937E-1 6.8495E-1 6.85131E-1 6.91729E-1 6.9868E-1 6.97953E-1 7.00818E-1 7.2321E-1 7.40755E-1 7.56851E-1 7.56357E-1 7.55301E-1 7.52404E-1 7.54764E-1 7.55288E-1 7.6029E-1 7.6036E-1 7.57276E-1 7.53319E-1 7.47931E-1 7.3423E-1 7.2156E-1 7.24806E-1 7.24559E-1 7.17391E-1
5.76234E-1 5.7693E-1 5.81434E-1 5.8585E-1 5.88912E-1 5.9646E-1 6.0544E-1 6.10191E-1 6.13924E-1 6.36817E-1 6.81314E-1 6.99531E-1 7.06288E-1 7.04468E-1 7.05089E-1 7.04424E-1 6.92913E-1 6.61666E-1 6.5945E-1 6.58764E-1 6.57638E-1 6.59176E-1 6.55208E-1 6.54045E-1 6.54977E-1 6.52936E-1 6.44306E-1 6.36695E-1 6.27714E-1 6.27168E-1 6.33144E-1 6.44579E-1 6.52305E-1 6.58046E-1 6.62441E-1 6.67787E-1 6.77374E-1 6.89416E-1 6.85261E-1 6.99736E-1 7.0941E-1 7.25514E-1 7.46453E-1 7.53463E-1 7.55775E-1 7.54003E-1 7.52731E-1 7.51463E-1 7.51001E-1 7.51294E-1 7.54086E-1 7.5851E-1 7.58613E-1 7.47502E-1 7.29781E-1 7.20867E-1 7.3053E-1 7.39814E-1 7.39556E-1 7.35289E-1 7.18658E-1
5.77533E-1 5.80801E-1 5.85608E-1 5.88849E-1 5.94089E-1 6.03826E-1 6.13558E-1 6.18381E-1 6.26965E-1 6.38666E-1 6.7525E-1 6.96665E-1 7.00379E-1 7.04158E-1 7.05383E-1 7.07242E-1 6.84752E-1 6.77021E-1 6.75705E-1 6.73898E-1 6.71736E-1 6.62914E-1 6.47891E-1 6.53798E-1 6.55867E-1 6.52633E-1 6.53316E-1 6.45179E-1 6.39637E-1 6.37089E-1 6.40727E-1 6.4618E-1 6.48913E-1 6.51923E-1 6.56835E-1 6.63841E-1 6.91522E-1 7.13494E-1 7.09897E-1 7.28311E-1 7.35264E-1 7.50485E-1 7.53137E-1 7.53378E-1 7.54614E-1 7.52864E-1 7.49367E-1 7.4527E-1 7.47614E-1 7.50797E-1 7.44607E-1 7.34821E-1 7.24793E-1 7.26372E-1 7.27167E-1 7.29385E-1 7.31782E-1 7.33407E-1 7.30801E-1 7.25789E-1 7.12936E-1
5.78895E-1 5.83619E-1 5.88638E-1 5.93405E-1 6.03071E-1 6.12149E-1 6.19446E-1 6.3088E-1 6.4282E-1 6.44181E-1 6.49283E-1 6.72394E-1 6.85569E-1 6.81197E-1 6.75519E-1 6.74275E-1 6.71714E-1 6.72536E-1 6.76423E-1 6.73732E-1 6.65237E-1 6.58946E-1 6.55559E-1 6.58168E-1 6.58447E-1 6.56394E-1 6.5524E-1 6.51617E-1 6.4968E-1 6.46184E-1 6.42712E-1 6.41647E-1 6.44412E-1 6.48222E-1 6.53883E-1 6.64344E-1 6.87277E-1 7.06325E-1 7.13013E-1 7.15691E-1 7.29564E-1 7.38313E-1 7.45588E-1 7.48205E-1 7.48903E-1 7.49789E-1 7.46729E-1 7.28217E-1 7.24492E-1 7.27458E-1 7.18364E-1 7.13974E-1 7.1033E-1 7.12707E-1 7.20659E-1 7.22044E-1 7.24776E-1 7.21345E-1 7.18698E-1 7.15378E-1 7.08525E-1
5.85498E-1 5.89244E-1 5.92023E-1 6.00971E-1 6.09333E-1 6.14839E-1 6.22786E-1 6.29195E-1 6.31373E-1 6.36207E-1 6.40064E-1 6.38625E-1 6.3867E-1 6.45164E-1 6.49367E-1 6.55975E-1 6.63307E-1 6.62729E-1 6.67557E-1 6.64123E-1 6.54438E-1 6.52298E-1 6.54288E-1 6.59266E-1 6.58193E-1 6.55713E-1 6.52652E-1 6.54796E-1 6.55884E-1 6.51124E-1 6.47595E-1 6.43565E-1 6.44724E-1 6.45798E-1 6.47387E-1 6.44656E-1 6.50794E-1 6.66072E-1 6.81483E-1 6.82037E-1 7.06601E-1 7.19664E-1 7.2745E-1 7.31443E-1 7.34837E-1 7.39484E-1 7.28457E-1 7.24446E-1 7.36544E-1 7.29081E-1 7.12033E-1 7.02004E-1 6.97755E-1 6.98335E-1 7.0496E-1 7.09976E-1 7.10545E-1 7.07826E-1 7.08721E-1 7.07096E-1 7.07504E-1
5.9479E-1 5.95759E-1 5.98696E-1 6.10367E-1 6.16342E-1 6.22448E-1 6.34577E-1 6.27642E-1 6.2059E-1 6.21761E-1 6.32336E-1 6.3998E-1 6.32908E-1 6.29522E-1 6.33574E-1 6.4222E-1 6.47126E-1 6.52904E-1 6.56314E-1 6.54584E-1 6.51919E-1 6.53578E-1 6.56036E-1 6.53637E-1 6.52316E-1 6.45038E-1 6.46441E-1 6.51768E-1 6.50996E-1 6.52868E-1 6.52914E-1 6.517E-1 6.46279E-1 6.42507E-1 6.42064E-1 6.45167E-1 6.46353E-1 6.49334E-1 6.53345E-1 6.55229E-1 6.72708E-1 6.86173E-1 6.88411E-1 6.94518E-1 7.059E-1 7.11373E-1 7.18382E-1 7.25097E-1 7.29723E-1 7.17493E-1 6.98813E-1 6.93446E-1 6.82317E-1 6.7934E-1 6.86441E-1 6.95111E-1 7.00616E-1 6.99321E-1 7.04667E-1 7.04448E-1 7.06614E-1
6.09375E-1 6.10582E-1 6.14974E-1 6.20287E-1 6.27722E-1 6.27837E-1 6.35572E-1 6.27818E-1 6.22381E-1 6.22482E-1 6.34193E-1 6.44689E-1 6.3176E-1 6.19412E-1 6.25892E-1 6.35613E-1 6.45638E-1 6.50872E-1 6.53188E-1 6.55135E-1 6.56134E-1 6.57923E-1 6.56108E-1 6.52228E-1 6.48516E-1 6.45822E-1 6.44873E-1 6.46652E-1 6.51127E-1 6.52052E-1 6.50953E-1 6.52275E-1 6.46862E-1 6.456E-1 6.43943E-1 6.46434E-1 6.48207E-1 6.49291E-1 6.50155E-1 6.49622E-1 6.57636E-1 6.65962E-1 6.75384E-1 6.84762E-1 6.97921E-1 7.06889E-1 7.10732E-1 7.11642E-1 7.16933E-1 7.07409E-1 6.88621E-1 6.76373E-1 6.78082E-1 6.76214E-1 6.78121E-1 6.83389E-1 6.91179E-1 6.96864E-1 6.98448E-1 7.02007E-1 7.08596E-1
6.21794E-1 6.25731E-1 6.31902E-1 6.25289E-1 6.23231E-1 6.27033E-1 6.27193E-1 6.28859E-1 6.30636E-1 6.34796E-1 6.38002E-1 6.39394E-1 6.31549E-1 6.22735E-1 6.2587E-1 6.33217E-1 6.42443E-1 6.52012E-1 6.57223E-1 6.61152E-1 6.6228E-1 6.61292E-1 6.56921E-1 6.52216E-1 6.52602E-1 6.50414E-1 6.44673E-1 6.47524E-1 6.50382E-1 6.52536E-1 6.58342E-1 6.5453E-1 6.55914E-1 6.55212E-1 6.53218E-1 6.51127E-1 6.53254E-1 6.56114E-1 6.55329E-1 6.5718E-1 6.63677E-1 6.69532E-1 6.76638E-1 6.82502E-1 6.907E-1 6.91323E-1 6.9408E-1 6.9505E-1 6.95648E-1 6.92584E-1 6.80728E-1 6.72292E-1 6.75274E-1 6.74803E-1 6.76023E-1 6.79426E-1 6.86058E-1 6.93964E-1 6.98018E-1 7.04593E-1 7.13788E-1
6.26464E-1 6.25029E-1 6.31623E-1 6.29524E-1 6.21648E-1 6.24449E-1 6.24381E-1 6.28773E-1 6.39578E-1 6.40891E-1 6.39122E-1 6.33947E-1 6.31814E-1 6.32541E-1 6.3315E-1 6.43073E-1 6.49765E-1 6.59142E-1 6.62346E-1 6.6348E-1 6.66396E-1 6.65416E-1 6.60028E-1 6.54088E-1 6.53466E-1 6.53165E-1 6.52322E-1 6.54911E-1 6.54461E-1 6.58175E-1 6.61369E-1 6.60248E-1 6.62296E-1 6.59891E-1 6.58627E-1 6.55714E-1 6.58839E-1 6.58485E-1 6.57126E-1 6.64548E-1 6.72775E-1 6.78781E-1 6.79231E-1 6.80919E-1 6.83545E-1 6.78614E-1 6.79612E-1 6.78784E-1 6.81994E-1 6.82897E-1 6.80987E-1 6.7579E-1 6.75851E-1 6.76719E-1 6.78863E-1 6.86249E-1 6.89791E-1 6.94836E-1 7.0235E-1 7.13748E-1 7.23871E-1
6.29698E-1 6.28219E-1 6.27921E-1 6.27899E-1 6.27051E-1 6.24303E-1 6.23483E-1 6.312E-1 6.41851E-1 6.46499E-1 6.41518E-1 6.34959E-1 6.34208E-1 6.34896E-1 6.38749E-1 6.51553E-1 6.61206E-1 6.64553E-1 6.58762E-1 6.5355E-1 6.6014E-1 6.60926E-1 6.65111E-1 6.60962E-1 6.57587E-1 6.56451E-1 6.56531E-1 6.60578E-1 6.63069E-1 6.60806E-1 6.59634E-1 6.65371E-1 6.64429E-1 6.59198E-1 6.57617E-1 6.50277E-1 6.49843E-1 6.55392E-1 6.59638E-1 6.73462E-1 6.81064E-1 6.85703E-1 6.85656E-1 6.78854E-1 6.78846E-1 6.75714E-1 6.69986E-1 6.74995E-1 6.80558E-1 6.82376E-1 6.82374E-1 6.79235E-1 6.80115E-1 6.84935E-1 6.83711E-1 6.90232E-1 6.99385E-1 7.01358E-1 7.00626E-1 7.10505E-1 7.23587E-1
6.33262E-1 6.31338E-1 6.31753E-1 6.27774E-1 6.30693E-1 6.29461E-1 6.27881E-1 6.33999E-1 6.38956E-1 6.39178E-1 6.41484E-1 6.37478E-1 6.36774E-1 6.37289E-1 6.44928E-1 6.58701E-1 6.6474E-1 6.67217E-1 6.57171E-1 6.52951E-1 6.57693E-1 6.54842E-1 6.57319E-1 6.6475E-1 6.61065E-1 6.60086E-1 6.59395E-1 6.64994E-1 6.70592E-1 6.59311E-1 6.59432E-1 6.60197E-1 6.59212E-1 6.56179E-1 6.55331E-1 6.55135E-1 6.52693E-1 6.55447E-1 6.58848E-1 6.73319E-1 6.84011E-1 6.90282E-1 6.92764E-1 6.85928E-1 6.78108E-1 6.76373E-1 6.71066E-1 6.77633E-1 6.84923E-1 6.84075E-1 6.82666E-1 6.84451E-1 6.86324E-1 6.8999E-1 6.90643E-1 6.98033E-1 7.04178E-1 7.05299E-1 7.03105E-1 7.0858E-1 7.22018E-1
