data/maxent/outputs/red_50.asc
ncols         426
nrows         180
xllcorner     -130.0
yllcorner     24.0
cellsize      0.16666666666666666
NODATA_value  -9999
[rows 54 to 80 of 180, columns 183 to 243 of 426]
8.61152E-7 1.26527E-6 1.57047E-6 1.22215E-6 1.00316E-6 8.39413E-7 8.19126E-7 7.58318E-7 9.20866E-7 1.18939E-6 1.65497E-6 1.7508E-6 1.84398E-6 1.84761E-6 1.17754E-6 1.46504E-6 2.54242E-6 2.8458E-6 3.09496E-6 3.05077E-6 2.53912E-6 2.31666E-6 2.90308E-6 3.34806E-6 3.12859E-6 2.8504E-6 2.40382E-6 2.29525E-6 2.01021E-6 2.53168E-6 3.73067E-6 3.50812E-6 3.08096E-6 3.80519E-6 6.56526E-6 1.22839E-5 1.37446E-5 1.42145E-5 1.46616E-5 9.3783E-6 1.18045E-5 6.72309E-6 5.22645E-6 4.95167E-6 7.17672E-6 7.03569E-6 5.90745E-6 4.73246E-6 5.81833E-6 5.39415E-6 5.49202E-6 4.37488E-6 4.54046E-6 5.27896E-6 5.87254E-6 6.33449E-6 8.11972E-6 8.37573E-6 1.25749E-5 1.43486E-5 1.26083E-5
6.65598E-7 8.16405E-7 9.66201E-7 9.55731E-7 9.69657E-7 1.21464E-6 9.50175E-7 9.06953E-7 1.04816E-6 1.23011E-6 1.71649E-6 2.45738E-6 1.73771E-6 1.54537E-6 1.3142E-6 1.40622E-6 2.07513E-6 2.8435E-6 4.62859E-6 4.32248E-6 3.3506E-6 3.18563E-6 3.22243E-6 3.83909E-6 4.74529E-6 3.28016E-6 2.56916E-6 2.19319E-6 2.34951E-6 2.99257E-6 3.48052E-6 3.52797E-6 3.51716E-6 4.36271E-6 4.65979E-6 6.74456E-6 1.0818E-5 1.41509E-5 1.01668E-5 1.11213E-5 1.24945E-5 1.00144E-5 8.6361E-6 8.29732E-6 1.06107E-5 9.74668E-6 7.76449E-6 8.4186E-6 8.08772E-6 6.93517E-6 8.70529E-6 1.02973E-5 7.60205E-6 6.20243E-6 6.4085E-6 7.84161E-6 8.547E-6 1.35218E-5 2.22791E-5 2.2917E-5 2.13449E-5
1.30923E-6 1.58801E-6 1.98207E-6 1.6794E-6 1.72281E-6 1.65484E-6 1.62115E-6 1.24014E-6 1.37226E-6 1.37153E-6 1.72682E-6 2.12673E-6 2.13564E-6 1.98728E-6 2.87371E-6 1.57952E-6 1.67906E-6 2.34803E-6 3.56914E-6 4.87751E-6 5.06382E-6 4.59565E-6 4.50145E-6 4.53223E-6 4.22087E-6 3.90266E-6 4.35804E-6 3.8705E-6 3.21235E-6 3.2974E-6 3.20947E-6 3.62011E-6 3.97969E-6 5.50029E-6 4.16615E-6 5.77719E-6 7.59528E-6 8.6995E-6 8.28335E-6 9.876E-6 1.27981E-5 1.87165E-5 2.31853E-5 1.66903E-5 1.73703E-5 1.71208E-5 1.46982E-5 1.11753E-5 9.77456E-6 6.84148E-6 7.57056E-6 6.93719E-6 8.99822E-6 5.77096E-6 5.93892E-6 8.31279E-6 9.11284E-6 1.19768E-5 1.6167E-5 2.28646E-5 1.81303E-5
1.57668E-6 1.58481E-6 2.49435E-6 2.52316E-6 2.96539E-6 2.43563E-6 2.05236E-6 2.00291E-6 1.9889E-6 1.84638E-6 1.94099E-6 2.68421E-6 3.01327E-6 2.97931E-6 2.33415E-6 1.79366E-6 1.5405E-6 1.78799E-6 2.64233E-6 3.20516E-6 4.41303E-6 5.76565E-6 6.6847E-6 5.53339E-6 4.95236E-6 4.9082E-6 4.1541E-6 4.03545E-6 4.65472E-6 4.97334E-6 4.14941E-6 3.84413E-6 3.5124E-6 5.26537E-6 4.47615E-6 5.77388E-6 8.52843E-6 8.83982E-6 9.49452E-6 1.18799E-5 1.08172E-5 1.07468E-5 1.31114E-5 2.32977E-5 2.63349E-5 2.57322E-5 1.9953E-5 1.72183E-5 1.0753E-5 8.06512E-6 7.97921E-6 6.96916E-6 1.0885E-5 1.03052E-5 9.91704E-6 9.93737E-6 1.38839E-5 1.79287E-5 2.29405E-5 1.49308E-5 1.70403E-5
1.35086E-6 1.24893E-6 1.50886E-6 2.34043E-6 3.54094E-6 3.79213E-6 2.65654E-6 2.58593E-6 2.35772E-6 2.18601E-6 2.35375E-6 3.51225E-6 7.64908E-6 3.78205E-6 3.44601E-6 1.82776E-6 1.66961E-6 1.54239E-6 1.89173E-6 3.0964E-6 4.13262E-6 5.4114E-6 6.84529E-6 6.85808E-6 6.39652E-6 5.86416E-6 5.80487E-6 5.32722E-6 5.36453E-6 4.92391E-6 5.49865E-6 6.58582E-6 5.50938E-6 6.54397E-6 7.48312E-6 7.23056E-6 8.36684E-6 8.9623E-6 8.05001E-6 8.35312E-6 1.09873E-5 1.14352E-5 1.36762E-5 1.59143E-5 1.75678E-5 2.7156E-5 2.17959E-5 1.90651E-5 1.30706E-5 1.21932E-5 1.24323E-5 1.07633E-5 1.25374E-5 1.7633E-5 1.41866E-5 1.56802E-5 2.52167E-5 2.92629E-5 2.13591E-5 1.40265E-5 1.76191E-5
3.65074E-6 1.88565E-6 1.71096E-6 1.79778E-6 2.41536E-6 6.68969E-6 4.28411E-6 3.47535E-6 3.1751E-6 2.95322E-6 2.94885E-6 3.01654E-6 3.84422E-6 4.45744E-6 3.92456E-6 2.67179E-6 2.0565E-6 1.88324E-6 1.70174E-6 2.02739E-6 3.48026E-6 5.00927E-6 7.6495E-6 6.82488E-6 6.6279E-6 6.93187E-6 7.56149E-6 6.98508E-6 6.25359E-6 6.15515E-6 5.45E-6 5.54333E-6 7.68366E-6 5.82865E-6 5.60597E-6 5.95462E-6 7.02154E-6 7.62844E-6 7.62238E-6 7.49346E-6 1.02287E-5 1.23611E-5 1.32415E-5 1.18049E-5 1.53184E-5 2.02156E-5 2.90533E-5 3.16683E-5 2.04565E-5 1.99579E-5 2.26944E-5 1.79629E-5 1.54607E-5 2.24941E-5 2.32065E-5 2.86795E-5 3.88708E-5 3.9247E-5 2.69063E-5 2.5958E-5 2.88318E-5
5.80406E-6 5.62219E-6 3.29661E-6 2.71381E-6 3.69453E-6 4.95835E-6 5.90889E-6 5.59977E-6 4.77063E-6 4.02171E-6 4.07858E-6 3.60225E-6 3.74949E-6 5.03286E-6 5.55072E-6 4.2473E-6 3.13275E-6 2.62471E-6 2.2037E-6 2.49193E-6 3.35358E-6 4.88542E-6 6.38546E-6 5.59458E-6 6.23092E-6 5.98077E-6 7.37405E-6 6.98234E-6 7.40247E-6 7.42283E-6 6.67016E-6 6.52999E-6 7.1076E-6 5.79662E-6 5.42693E-6 5.42373E-6 6.43812E-6 6.59939E-6 6.74649E-6 6.61155E-6 7.92669E-6 1.08241E-5 1.20088E-5 1.34657E-5 1.28221E-5 1.3687E-5 1.85083E-5 3.07487E-5 4.75461E-5 4.20456E-5 3.32186E-5 2.53301E-5 1.95168E-5 2.18766E-5 2.85108E-5 3.76898E-5 4.5627E-5 5.26049E-5 3.77358E-5 3.56299E-5 4.96696E-5
1.47864E-5 6.93637E-6 4.79734E-6 4.36412E-6 5.12217E-6 5.78889E-6 7.9591E-6 7.8588E-6 7.9648E-6 6.55972E-6 5.00024E-6 4.83052E-6 4.25976E-6 4.3709E-6 5.42231E-6 4.26781E-6 4.58659E-6 3.608E-6 3.04827E-6 3.50223E-6 3.77412E-6 4.67135E-6 5.63173E-6 5.76679E-6 5.84109E-6 8.27118E-6 8.19298E-6 6.28959E-6 8.12462E-6 9.1971E-6 1.05364E-5 8.19942E-6 8.04882E-6 6.09505E-6 5.90702E-6 7.1979E-6 7.37925E-6 7.633E-6 8.04596E-6 9.76427E-6 7.62142E-6 7.79478E-6 1.09159E-5 1.51812E-5 1.76912E-5 2.05782E-5 2.44047E-5 3.55527E-5 4.10986E-5 8.09493E-5 4.72564E-5 2.80625E-5 2.41468E-5 3.10349E-5 3.08455E-5 3.91921E-5 4.60765E-5 5.11519E-5 4.39697E-5 4.48459E-5 6.39264E-5
2.66143E-5 1.84659E-5 1.09536E-5 8.00903E-6 6.74976E-6 7.66311E-6 9.35201E-6 1.13022E-5 9.70584E-6 8.51567E-6 6.96784E-6 5.70845E-6 6.63317E-6 6.53714E-6 7.10318E-6 6.50288E-6 6.84764E-6 6.26082E-6 4.19848E-6 3.99072E-6 4.2524E-6 4.75064E-6 5.46207E-6 6.90257E-6 6.75119E-6 6.68777E-6 7.62958E-6 6.78428E-6 7.38521E-6 1.09242E-5 1.32235E-5 9.34547E-6 8.42784E-6 6.90416E-6 8.69389E-6 8.28212E-6 1.13798E-5 1.19586E-5 9.92077E-6 1.25271E-5 1.07593E-5 8.56924E-6 1.0016E-5 1.48237E-5 1.78477E-5 1.76115E-5 1.94016E-5 2.53018E-5 4.31387E-5 1.22825E-4 6.32135E-5 2.0691E-5 2.91762E-5 4.68255E-5 4.23172E-5 4.41502E-5 6.03246E-5 5.17095E-5 4.99232E-5 5.76926E-5 7.29756E-5
2.39523E-5 5.00893E-5 3.54953E-5 1.68297E-5 1.01128E-5 1.02E-5 1.02151E-5 1.08378E-5 1.28155E-5 1.10837E-5 8.55733E-6 7.33111E-6 8.06478E-6 7.79765E-6 6.7522E-6 6.33324E-6 6.43644E-6 5.97356E-6 4.88922E-6 4.97385E-6 4.98737E-6 5.42474E-6 5.76851E-6 6.28791E-6 6.95365E-6 9.12626E-6 1.2249E-5 7.02857E-6 8.96489E-6 1.00122E-5 1.08825E-5 1.00754E-5 8.7197E-6 8.57798E-6 8.66794E-6 9.6592E-6 1.1056E-5 1.21418E-5 1.21286E-5 1.50584E-5 1.37763E-5 1.40945E-5 1.27061E-5 1.17113E-5 1.73003E-5 2.48093E-5 3.41701E-5 5.37899E-5 7.85304E-5 1.8453E-4 1.19407E-4 4.91895E-5 5.10118E-5 5.73941E-5 5.74637E-5 6.64056E-5 7.08253E-5 7.98276E-5 7.32997E-5 8.34978E-5 7.17379E-5
2.59318E-5 2.54932E-5 4.41119E-5 6.09362E-5 2.49317E-5 1.91328E-5 2.05463E-5 1.69051E-5 1.99864E-5 1.99534E-5 1.23839E-5 9.00963E-6 9.61421E-6 1.07309E-5 7.94636E-6 6.84319E-6 6.61384E-6 6.85096E-6 6.40542E-6 7.70016E-6 7.401E-6 7.68904E-6 7.09352E-6 7.35395E-6 7.58957E-6 6.75528E-6 7.40367E-6 9.12967E-6 1.18322E-5 1.1247E-5 1.15137E-5 1.10943E-5 1.00626E-5 1.05375E-5 1.11016E-5 1.16474E-5 1.22594E-5 1.37282E-5 1.52523E-5 1.54323E-5 1.80411E-5 1.83034E-5 1.67934E-5 1.75931E-5 2.22828E-5 2.88579E-5 4.32372E-5 4.34543E-5 5.95158E-5 1.13103E-4 1.72327E-4 8.50018E-5 8.10815E-5 8.61186E-5 8.37821E-5 8.58106E-5 8.57854E-5 9.51309E-5 7.26567E-5 7.95502E-5 6.02255E-5
2.80616E-5 2.68726E-5 2.79807E-5 3.84348E-5 6.79888E-5 6.39107E-5 4.25328E-5 3.05447E-5 2.41745E-5 2.09455E-5 2.08659E-5 1.66275E-5 1.22074E-5 1.06167E-5 9.26869E-6 8.25888E-6 7.3823E-6 6.67288E-6 8.89181E-6 1.05333E-5 1.03461E-5 9.64208E-6 8.37456E-6 7.87724E-6 9.31637E-6 8.83142E-6 9.73973E-6 1.18706E-5 1.34513E-5 1.2751E-5 1.08372E-5 1.14116E-5 1.0438E-5 1.14707E-5 1.3467E-5 1.28607E-5 1.64699E-5 1.48282E-5 1.66399E-5 1.69708E-5 1.76293E-5 2.0662E-5 2.11699E-5 2.23414E-5 2.7019E-5 3.57817E-5 4.31758E-5 4.44283E-5 5.31863E-5 1.0811E-4 1.1402E-4 1.16144E-4 9.31867E-5 8.75484E-5 1.01341E-4 1.19062E-4 1.40415E-4 1.21414E-4 1.13574E-4 8.66529E-5 1.80044E-4
3.41345E-5 3.11428E-5 2.67206E-5 2.60768E-5 3.09515E-5 4.1768E-5 4.83693E-5 4.10148E-5 3.26872E-5 3.32504E-5 6.08835E-5 5.95837E-5 2.80351E-5 1.46656E-5 9.50097E-6 9.47754E-6 8.82507E-6 1.06065E-5 1.08138E-5 1.11105E-5 1.20005E-5 1.05627E-5 9.64354E-6 9.83432E-6 1.21983E-5 1.00589E-5 1.06661E-5 1.08523E-5 1.20293E-5 1.1506E-5 1.10049E-5 1.02066E-5 9.73156E-6 1.04804E-5 1.1397E-5 1.47606E-5 1.50718E-5 1.60035E-5 1.88932E-5 2.06009E-5 1.95798E-5 2.04007E-5 2.53227E-5 2.88909E-5 2.82319E-5 3.15325E-5 4.87599E-5 6.15545E-5 5.52696E-5 7.87125E-5 1.15135E-4 6.61044E-5 6.22432E-5 5.96031E-5 7.12961E-5 9.49475E-5 9.90913E-5 1.03317E-4 8.97596E-5 8.22314E-5 8.1466E-5
5.52791E-5 3.85174E-5 3.4943E-5 3.09973E-5 3.63707E-5 3.78498E-5 4.35237E-5 4.65539E-5 5.45127E-5 6.57552E-5 6.65415E-5 7.07484E-5 4.03967E-5 2.59017E-5 2.46096E-5 2.09466E-5 1.49855E-5 1.80474E-5 1.46672E-5 1.39349E-5 1.41469E-5 1.31078E-5 1.21506E-5 1.32205E-5 1.0706E-5 1.2087E-5 1.18096E-5 1.3082E-5 1.21237E-5 1.19575E-5 1.27182E-5 1.16014E-5 1.15597E-5 1.44848E-5 1.35435E-5 1.65377E-5 1.88476E-5 2.51072E-5 2.4564E-5 2.71156E-5 2.79199E-5 3.02124E-5 3.65832E-5 3.36768E-5 3.63317E-5 3.35245E-5 3.05699E-5 5.4063E-5 7.52004E-5 9.08483E-5 1.28352E-4 1.07863E-4 9.49655E-5 9.1511E-5 8.0865E-5 1.0076E-4 1.08203E-4 1.21944E-4 1.15632E-4 1.04963E-4 9.92031E-5
4.72603E-5 3.93494E-5 3.18489E-5 2.99297E-5 3.15928E-5 3.14867E-5 3.27002E-5 3.97227E-5 4.41797E-5 5.52291E-5 5.56445E-5 4.96173E-5 4.25288E-5 2.92467E-5 1.97988E-5 1.96366E-5 2.64596E-5 2.39135E-5 2.78062E-5 1.79133E-5 1.565E-5 1.87471E-5 2.25986E-5 2.12642E-5 1.28149E-5 1.33441E-5 1.40902E-5 1.51058E-5 1.52092E-5 1.51942E-5 1.63913E-5 1.68481E-5 1.75753E-5 2.01058E-5 1.88526E-5 1.97415E-5 2.21598E-5 2.7599E-5 2.88796E-5 2.87673E-5 3.17256E-5 3.42584E-5 4.33854E-5 3.47359E-5 4.12316E-5 4.22407E-5 3.577E-5 4.4769E-5 5.32507E-5 7.48431E-5 8.90031E-5 1.21718E-4 1.89841E-4 1.45571E-4 1.05933E-4 1.1574E-4 1.20762E-4 1.27538E-4 1.34633E-4 1.21133E-4 1.37621E-4
4.22747E-5 4.36267E-5 4.39514E-5 3.731E-5 3.2936E-5 3.11306E-5 3.27713E-5 3.68794E-5 3.76779E-5 3.86802E-5 3.98709E-5 2.86811E-5 3.22933E-5 3.09678E-5 2.21732E-5 2.12145E-5 2.75512E-5 3.52684E-5 4.07108E-5 2.62256E-5 2.90504E-5 2.95615E-5 3.36911E-5 2.6858E-5 2.13945E-5 1.8594E-5 2.15894E-5 2.58112E-5 2.20179E-5 2.1786E-5 2.10352E-5 2.58831E-5 3.59774E-5 3.03259E-5 2.66678E-5 2.45973E-5 2.75238E-5 3.23519E-5 3.84493E-5 3.34534E-5 3.16065E-5 3.41677E-5 4.42868E-5 5.01701E-5 5.1989E-5 5.39322E-5 5.99518E-5 5.83716E-5 6.97274E-5 9.13137E-5 1.04611E-4 1.27485E-4 1.71757E-4 2.38119E-4 2.00951E-4 1.9253E-4 1.80395E-4 1.49309E-4 1.62669E-4 1.53515E-4 1.5118E-4
3.1993E-5 3.62605E-5 3.56148E-5 4.04423E-5 3.71252E-5 3.01019E-5 2.94692E-5 3.01549E-5 3.25917E-5 3.48494E-5 3.98196E-5 3.81391E-5 3.13654E-5 4.35227E-5 3.62231E-5 2.95509E-5 2.61834E-5 3.23095E-5 8.39482E-5 4.67079E-5 4.04657E-5 6.84771E-5 4.51277E-5 4.30252E-5 3.47409E-5 2.93459E-5 3.55876E-5 4.15517E-5 3.97482E-5 3.54254E-5 3.28056E-5 2.85331E-5 3.22828E-5 4.73423E-5 3.14536E-5 3.22279E-5 3.22792E-5 3.57509E-5 4.09438E-5 4.08693E-5 4.2194E-5 4.5551E-5 5.2581E-5 5.99837E-5 7.12594E-5 8.53766E-5 8.39428E-5 8.77688E-5 9.57419E-5 1.03921E-4 1.55254E-4 1.90176E-4 1.76493E-4 1.77845E-4 2.53368E-4 2.41305E-4 2.40723E-4 2.19471E-4 1.96046E-4 2.04605E-4 2.06922E-4
2.55712E-5 3.0663E-5 3.56187E-5 3.55468E-5 3.60708E-5 3.27186E-5 2.83305E-5 2.99136E-5 3.1809E-5 3.7197E-5 3.69588E-5 4.1021E-5 4.38474E-5 4.83806E-5 4.17367E-5 3.91365E-5 3.92643E-5 3.81542E-5 5.67288E-5 7.8399E-5 6.16562E-5 1.04007E-4 7.43545E-5 6.48936E-5 6.33174E-5 5.22718E-5 3.79773E-5 4.96063E-5 5.34912E-5 5.26222E-5 5.02004E-5 3.97817E-5 3.59537E-5 6.78342E-5 4.40731E-5 5.13834E-5 4.83253E-5 5.0856E-5 5.34509E-5 6.89187E-5 6.20955E-5 6.28026E-5 7.15471E-5 7.53852E-5 8.95336E-5 1.07658E-4 1.39041E-4 1.09419E-4 1.2353E-4 1.69185E-4 1.65341E-4 1.9391E-4 2.07069E-4 2.16691E-4 2.2229E-4 2.94479E-4 3.36912E-4 2.19672E-4 2.24506E-4 2.44806E-4 3.04842E-4
3.42485E-5 3.5436E-5 3.86701E-5 3.25512E-5 2.90043E-5 2.7457E-5 2.63679E-5 2.57325E-5 3.08754E-5 2.97389E-5 3.18337E-5 3.58229E-5 4.10772E-5 5.42214E-5 5.57496E-5 5.80945E-5 5.69413E-5 5.17191E-5 5.45832E-5 8.29466E-5 8.28782E-5 1.20929E-4 9.60749E-5 9.87652E-5 9.37087E-5 6.77124E-5 5.44097E-5 5.7993E-5 6.73701E-5 6.28657E-5 6.37327E-5 6.17824E-5 4.6418E-5 6.61799E-5 6.25585E-5 8.00141E-5 8.62413E-5 8.34602E-5 7.75041E-5 7.77664E-5 7.15447E-5 9.40206E-5 1.13312E-4 1.11188E-4 1.24105E-4 1.22539E-4 1.42938E-4 2.21591E-4 2.20738E-4 1.97378E-4 1.90361E-4 2.21973E-4 2.23197E-4 2.14295E-4 2.5329E-4 3.1088E-4 4.12792E-4 3.0078E-4 2.985E-4 3.15919E-4 4.66385E-4
4.75949E-5 6.2163E-5 5.15073E-5 4.12635E-5 3.60482E-5 2.89332E-5 2.76684E-5 2.72275E-5 3.01162E-5 3.05944E-5 3.49343E-5 3.72178E-5 4.51161E-5 6.16104E-5 6.67369E-5 6.56655E-5 6.82772E-5 6.37591E-5 6.73527E-5 9.59791E-5 9.1219E-5 1.22377E-4 1.101E-4 1.01028E-4 9.11766E-5 7.58824E-5 7.77563E-5 7.47848E-5 8.38189E-5 1.04652E-4 1.08452E-4 8.17503E-5 7.63976E-5 8.10165E-5 1.53893E-4 1.67349E-4 1.52115E-4 1.75606E-4 1.50953E-4 1.15079E-4 1.15335E-4 1.04573E-4 1.17337E-4 1.35627E-4 1.61277E-4 1.89397E-4 2.4313E-4 3.75429E-4 3.13817E-4 3.52363E-4 3.00279E-4 3.04142E-4 3.77988E-4 4.08674E-4 4.78063E-4 5.04488E-4 4.58231E-4 4.12402E-4 4.08017E-4 3.95867E-4 4.09294E-4
5.16577E-5 5.1627E-5 4.45097E-5 4.34805E-5 4.02561E-5 3.30695E-5 3.15127E-5 3.62061E-5 3.61988E-5 4.36094E-5 5.2933E-5 5.89754E-5 6.60056E-5 7.35884E-5 7.41986E-5 7.44642E-5 7.75272E-5 8.50915E-5 9.49884E-5 1.07889E-4 1.49973E-4 1.23433E-4 1.09567E-4 1.01262E-4 8.95408E-5 8.92292E-5 8.71603E-5 1.02667E-4 1.04288E-4 1.35653E-4 1.45089E-4 1.46661E-4 1.5083E-4 1.75526E-4 2.45595E-4 3.49321E-4 3.40415E-4 3.58816E-4 3.33196E-4 2.03788E-4 1.79614E-4 1.77009E-4 1.44998E-4 1.78889E-4 2.15712E-4 2.34652E-4 3.07154E-4 4.18711E-4 3.77984E-4 4.12837E-4 5.80993E-4 5.53183E-4 5.48682E-4 6.90625E-4 8.4106E-4 7.03953E-4 5.18541E-4 4.36097E-4 4.64959E-4 4.59084E-4 4.29125E-4
4.66845E-5 5.35774E-5 5.02284E-5 5.57557E-5 5.17913E-5 4.5668E-5 4.89062E-5 5.03453E-5 6.64606E-5 7.64803E-5 9.08738E-5 8.64832E-5 1.09425E-4 1.10208E-4 1.068E-4 1.29453E-4 1.17619E-4 1.34315E-4 1.46453E-4 1.24589E-4 1.91794E-4 2.58212E-4 1.34946E-4 1.11397E-4 9.89544E-5 1.01109E-4 1.08482E-4 1.13613E-4 1.15563E-4 1.28859E-4 1.46864E-4 1.42042E-4 1.80337E-4 2.17739E-4 2.48075E-4 3.02899E-4 5.50964E-4 1.12745E-3 1.47285E-3 5.36591E-4 3.23262E-4 2.75106E-4 2.46869E-4 2.72661E-4 3.22743E-4 3.39833E-4 4.14176E-4 5.57381E-4 6.38529E-4 7.34393E-4 8.15117E-4 1.03351E-3 9.86223E-4 1.08623E-3 8.58977E-4 6.91073E-4 6.43623E-4 6.34534E-4 5.89472E-4 5.01913E-4 5.25408E-4
4.75405E-5 5.05877E-5 5.8159E-5 6.70064E-5 5.4621E-5 5.48953E-5 6.46069E-5 7.76457E-5 7.8125E-5 9.1939E-5 1.12454E-4 1.20819E-4 1.12102E-4 1.1461E-4 1.23601E-4 1.26121E-4 1.0831E-4 1.00353E-4 1.56811E-4 1.86102E-4 2.1628E-4 3.12854E-4 1.85438E-4 1.1723E-4 1.14613E-4 1.18579E-4 1.33677E-4 1.39421E-4 1.48909E-4 1.68544E-4 1.72261E-4 2.02779E-4 2.34777E-4 2.70581E-4 2.87036E-4 3.76886E-4 5.59021E-4 1.20746E-3 1.65455E-3 1.07997E-3 5.92372E-4 4.12704E-4 4.11688E-4 4.31653E-4 4.40035E-4 4.88635E-4 5.17642E-4 5.76823E-4 7.14494E-4 8.34441E-4 1.13358E-3 8.93869E-4 8.5833E-4 9.94787E-4 9.39457E-4 7.86634E-4 7.62246E-4 7.99201E-4 6.84863E-4 6.50119E-4 1.06243E-3
4.52099E-5 4.99329E-5 5.20487E-5 5.5744E-5 6.55293E-5 6.45537E-5 7.17562E-5 9.12146E-5 1.38895E-4 1.49305E-4 1.21911E-4 1.25479E-4 1.15325E-4 1.15612E-4 1.12811E-4 1.3769E-4 1.34024E-4 1.12747E-4 1.38512E-4 2.09513E-4 2.14922E-4 2.46688E-4 2.43387E-4 1.51554E-4 1.38147E-4 1.44894E-4 1.57197E-4 1.73846E-4 2.02391E-4 1.85106E-4 2.03659E-4 2.74644E-4 2.86014E-4 2.92843E-4 3.1512E-4 3.76641E-4 5.40769E-4 8.5368E-4 1.21239E-3 9.38618E-4 6.50584E-4 6.14298E-4 5.43109E-4 4.59508E-4 4.87234E-4 6.00333E-4 8.25073E-4 7.91628E-4 7.50579E-4 1.00766E-3 1.36567E-3 1.44935E-3 1.11494E-3 1.14059E-3 1.17172E-3 9.89944E-4 1.13975E-3 8.71818E-4 8.39695E-4 7.95769E-4 1.64804E-3
4.33598E-5 5.03342E-5 5.17158E-5 5.90251E-5 6.12004E-5 6.79396E-5 1.0217E-4 1.35898E-4 1.35229E-4 1.38224E-4 1.39522E-4 1.54366E-4 1.36636E-4 1.3797E-4 1.35455E-4 1.7114E-4 1.57855E-4 1.52264E-4 1.46813E-4 1.74898E-4 1.84548E-4 2.25113E-4 3.20681E-4 1.77758E-4 1.6621E-4 1.75197E-4 1.83262E-4 2.13253E-4 2.04524E-4 2.01236E-4 2.33843E-4 2.86861E-4 3.69063E-4 3.54625E-4 3.43607E-4 3.60743E-4 3.98849E-4 5.64507E-4 7.74984E-4 7.9402E-4 6.83E-4 7.17901E-4 7.90226E-4 7.96085E-4 7.15969E-4 8.48971E-4 1.05554E-3 1.12841E-3 1.23276E-3 1.36282E-3 1.77883E-3 1.76901E-3 1.5339E-3 1.59398E-3 1.51115E-3 1.52984E-3 1.66204E-3 1.27706E-3 1.30837E-3 1.6201E-3 2.61359E-3
4.85621E-5 5.7454E-5 6.10493E-5 6.13031E-5 7.41734E-5 9.23602E-5 1.21102E-4 1.1386E-4 1.26686E-4 1.3872E-4 1.45973E-4 1.66625E-4 1.52583E-4 1.59828E-4 1.52956E-4 1.83978E-4 2.16909E-4 2.48543E-4 1.87094E-4 1.70326E-4 1.9577E-4 2.45433E-4 3.09957E-4 2.59658E-4 2.22893E-4 2.09713E-4 2.28972E-4 2.79205E-4 2.87881E-4 3.0055E-4 3.3569E-4 3.99117E-4 4.06956E-4 4.88116E-4 5.06435E-4 4.88779E-4 4.89377E-4 5.66159E-4 6.73475E-4 6.75837E-4 6.6501E-4 7.58993E-4 7.6572E-4 9.01712E-4 1.09424E-3 1.2957E-3 1.19322E-3 1.17517E-3 1.61631E-3 1.76655E-3 2.42672E-3 1.62068E-3 1.55913E-3 1.59283E-3 1.6828E-3 1.81991E-3 1.95649E-3 1.92321E-3 2.25023E-3 2.96094E-3 2.2928E-3
5.2325E-5 5.26463E-5 6.1196E-5 6.44654E-5 6.76351E-5 7.82666E-5 1.02415E-4 1.14125E-4 1.21739E-4 1.28141E-4 1.33992E-4 1.47109E-4 1.52197E-4 1.65486E-4 1.67184E-4 1.87407E-4 1.97376E-4 2.19523E-4 2.5673E-4 2.1658E-4 2.16922E-4 2.84691E-4 3.93276E-4 3.65384E-4 2.75465E-4 2.66729E-4 3.15721E-4 3.68869E-4 4.04152E-4 4.41378E-4 5.13895E-4 5.61385E-4 5.44493E-4 6.14696E-4 7.4984E-4 8.62575E-4 8.50695E-4 9.35542E-4 9.26472E-4 1.03016E-3 1.19855E-3 1.03475E-3 1.01876E-3 1.03056E-3 1.14604E-3 1.44505E-3 1.83779E-3 1.95635E-3 2.45536E-3 2.06496E-3 2.02418E-3 1.87672E-3 1.67839E-3 1.78298E-3 2.16343E-3 2.79669E-3 2.8738E-3 3.32918E-3 3.21975E-3 3.49572E-3 2.74213E-3
