data/maxent/outputs/red_336.asc
ncols         426
nrows         180
xllcorner     -130.0
yllcorner     24.0
cellsize      0.16666666666666666
NODATA_value  -9999
[rows 0 to 26 of 180, columns 122 to 182 of 426]
2.52784E-3 2.10907E-3 2.20895E-3 1.2741E-3 1.13211E-3 1.9797E-3 2.85445E-3 3.00785E-3 2.59288E-3 2.28108E-3 2.14832E-3 2.32528E-3 2.27755E-3 2.1703E-3 2.22126E-3 1.9154E-3 2.59822E-3 2.31104E-3 2.5799E-3 2.87702E-3 3.01454E-3 2.67178E-3 2.12564E-3 2.6664E-3 2.13884E-3 2.55318E-3 2.83954E-3 2.47373E-3 2.45537E-3 2.20866E-3 2.21205E-3 2.06412E-3 1.89962E-3 1.86401E-3 1.85834E-3 2.01587E-3 2.05099E-3 2.34919E-3 2.37834E-3 2.3542E-3 2.16371E-3 2.22366E-3 2.08983E-3 2.01488E-3 2.09957E-3 1.8324E-3 1.61632E-3 1.4387E-3 1.46583E-3 1.36061E-3 1.29933E-3 1.32915E-3 1.38095E-3 1.26927E-3 1.5288E-3 2.22174E-3 2.81512E-3 2.21692E-3 2.51371E-3 2.72457E-3 1.80823E-3
1.61083E-3 1.4212E-3 1.27243E-3 1.08424E-3 1.16983E-3 1.43205E-3 1.77774E-3 2.0337E-3 3.2253E-3 3.79129E-3 2.71845E-3 2.68408E-3 2.09268E-3 2.41554E-3 2.48676E-3 1.87496E-3 1.66213E-3 1.61947E-3 2.00557E-3 2.12666E-3 2.1448E-3 2.15685E-3 2.45423E-3 2.09711E-3 2.25152E-3 2.98613E-3 3.49824E-3 2.74388E-3 2.74597E-3 2.52899E-3 2.37117E-3 2.42289E-3 2.29607E-3 2.48131E-3 2.08678E-3 2.11641E-3 2.21622E-3 2.57392E-3 2.51855E-3 2.6962E-3 2.38392E-3 2.28026E-3 2.11951E-3 2.03083E-3 1.86807E-3 1.89313E-3 1.66106E-3 1.5836E-3 1.2761E-3 9.98303E-4 1.06459E-3 1.5105E-3 1.63455E-3 1.73338E-3 1.87732E-3 2.01918E-3 2.98438E-3 2.88904E-3 1.98893E-3 1.92792E-3 1.70857E-3
1.22497E-3 1.32416E-3 1.0169E-3 9.68367E-4 1.53134E-3 1.55102E-3 2.29275E-3 2.42641E-3 3.20303E-3 3.99325E-3 3.77629E-3 2.5521E-3 1.89173E-3 1.98527E-3 2.20087E-3 1.82439E-3 1.68539E-3 1.64487E-3 1.50072E-3 1.57674E-3 1.51876E-3 1.69973E-3 1.99777E-3 2.04006E-3 1.84085E-3 2.56271E-3 2.9456E-3 3.39512E-3 2.98591E-3 2.49047E-3 1.88955E-3 1.62131E-3 1.58576E-3 1.68404E-3 1.78157E-3 2.5677E-3 2.85036E-3 3.01884E-3 2.45333E-3 2.68949E-3 2.68825E-3 2.59234E-3 2.18903E-3 2.3545E-3 2.51276E-3 2.3433E-3 1.93598E-3 1.7236E-3 1.5891E-3 1.52218E-3 1.55596E-3 1.89176E-3 2.00458E-3 1.99301E-3 2.47908E-3 2.58632E-3 3.10715E-3 2.9608E-3 2.54151E-3 1.96619E-3 1.98056E-3
1.83705E-3 1.6139E-3 1.2403E-3 1.01241E-3 9.96242E-4 1.2496E-3 1.35305E-3 1.57746E-3 2.44072E-3 2.87131E-3 3.70322E-3 3.16628E-3 3.2276E-3 2.14439E-3 2.10569E-3 1.98132E-3 1.49897E-3 1.45051E-3 1.39685E-3 1.2747E-3 1.3466E-3 1.24292E-3 1.31757E-3 1.43123E-3 1.86549E-3 1.98616E-3 2.18221E-3 2.28491E-3 2.1593E-3 2.14414E-3 1.74236E-3 1.53906E-3 1.70891E-3 1.59092E-3 1.99751E-3 2.16968E-3 1.81E-3 2.47307E-3 2.73249E-3 2.69615E-3 2.66377E-3 2.58485E-3 2.34143E-3 2.54503E-3 2.63905E-3 2.53888E-3 1.85505E-3 1.46804E-3 1.50136E-3 1.74014E-3 1.79462E-3 1.82029E-3 2.31856E-3 3.58397E-3 4.13083E-3 3.92314E-3 3.97818E-3 3.80442E-3 3.12631E-3 2.34685E-3 2.26438E-3
1.74257E-3 1.75576E-3 1.3668E-3 1.12256E-3 1.15113E-3 1.20254E-3 1.39652E-3 1.81592E-3 2.61837E-3 2.61193E-3 2.85091E-3 3.50984E-3 3.14071E-3 2.91693E-3 2.66902E-3 2.39924E-3 2.18205E-3 1.50485E-3 1.46942E-3 1.40373E-3 1.29331E-3 1.18424E-3 1.23464E-3 1.61539E-3 1.9219E-3 1.97203E-3 2.23419E-3 2.51765E-3 2.62459E-3 2.38136E-3 1.93622E-3 1.70869E-3 1.84244E-3 1.7051E-3 1.55497E-3 1.95832E-3 2.16794E-3 2.4636E-3 2.68168E-3 3.04099E-3 2.65527E-3 2.48809E-3 2.03421E-3 2.11254E-3 2.62064E-3 2.38129E-3 1.76261E-3 1.64911E-3 1.80832E-3 1.98015E-3 2.04548E-3 2.4398E-3 2.45141E-3 2.35218E-3 3.24259E-3 4.13752E-3 5.13972E-3 4.62166E-3 3.7961E-3 3.58026E-3 3.27441E-3
2.03703E-3 2.11953E-3 1.78046E-3 1.40427E-3 1.21103E-3 1.32525E-3 1.36963E-3 3.06029E-3 2.44831E-3 2.25535E-3 2.67457E-3 2.79889E-3 2.80705E-3 2.78437E-3 3.1415E-3 3.17209E-3 2.27157E-3 1.76116E-3 1.68281E-3 1.40069E-3 1.38873E-3 1.26991E-3 1.23427E-3 1.42993E-3 1.79888E-3 2.1369E-3 2.24247E-3 2.04636E-3 1.844E-3 1.60995E-3 1.57508E-3 1.53402E-3 1.68346E-3 1.73265E-3 1.72574E-3 2.13995E-3 2.14541E-3 2.61534E-3 2.93793E-3 2.94786E-3 2.48033E-3 2.06653E-3 2.2979E-3 2.69865E-3 2.76659E-3 2.29972E-3 1.73823E-3 1.82579E-3 2.4037E-3 2.82863E-3 2.93199E-3 4.5368E-3 5.58462E-3 5.28643E-3 5.62973E-3 5.35979E-3 5.34066E-3 4.54442E-3 4.00791E-3 2.78667E-3 3.32849E-3
2.84518E-3 2.38667E-3 2.28224E-3 2.03982E-3 1.53927E-3 1.46641E-3 1.4955E-3 1.49442E-3 1.59617E-3 2.02946E-3 2.3018E-3 2.15167E-3 1.98015E-3 2.32676E-3 2.38758E-3 2.8493E-3 2.29701E-3 1.90984E-3 1.97204E-3 1.57723E-3 1.40064E-3 1.47172E-3 1.45267E-3 1.64293E-3 2.02746E-3 2.51235E-3 2.84392E-3 2.51123E-3 1.94416E-3 1.61559E-3 1.55305E-3 1.74925E-3 1.9814E-3 2.13248E-3 2.14997E-3 2.2824E-3 2.73096E-3 2.87514E-3 2.68415E-3 2.36434E-3 2.15465E-3 2.26285E-3 2.34669E-3 2.18824E-3 2.13588E-3 1.90131E-3 2.09162E-3 2.38813E-3 3.30291E-3 5.29466E-3 5.70586E-3 5.01862E-3 9.23619E-3 8.60217E-3 5.43089E-3 7.36728E-3 6.53584E-3 5.62325E-3 4.98663E-3 4.40831E-3 3.14278E-3
2.58982E-3 2.3887E-3 2.36229E-3 1.99261E-3 2.0919E-3 1.81875E-3 2.04212E-3 1.9662E-3 2.0179E-3 2.01679E-3 1.98147E-3 1.85767E-3 1.63025E-3 1.64258E-3 1.95858E-3 2.15743E-3 2.1533E-3 2.18676E-3 2.15052E-3 1.69622E-3 1.39726E-3 1.47324E-3 1.67614E-3 1.97469E-3 2.22585E-3 2.24051E-3 2.65514E-3 2.72216E-3 2.44528E-3 2.04034E-3 1.89559E-3 2.27154E-3 2.57592E-3 2.58315E-3 2.9942E-3 3.09629E-3 2.96665E-3 2.82484E-3 2.21812E-3 1.57356E-3 1.39433E-3 2.16311E-3 2.2239E-3 2.04577E-3 2.10943E-3 2.51464E-3 2.88258E-3 3.13108E-3 3.75322E-3 4.49921E-3 5.74866E-3 5.87664E-3 7.17053E-3 8.68747E-3 5.42339E-3 7.28835E-3 6.08149E-3 6.49478E-3 5.39967E-3 4.92544E-3 3.89596E-3
3.28369E-3 2.34276E-3 1.91405E-3 1.66628E-3 2.0435E-3 1.75877E-3 1.83246E-3 2.43032E-3 2.81015E-3 3.53685E-3 2.73823E-3 2.17494E-3 1.56112E-3 1.38743E-3 1.49025E-3 1.93322E-3 2.02896E-3 2.15744E-3 2.05718E-3 1.84152E-3 1.87238E-3 2.06931E-3 2.1873E-3 2.1941E-3 2.3547E-3 2.30146E-3 3.12839E-3 3.03189E-3 2.84955E-3 2.55731E-3 2.53142E-3 2.61227E-3 2.86809E-3 3.17176E-3 3.81165E-3 3.89519E-3 3.36889E-3 3.10838E-3 2.52769E-3 2.54301E-3 2.46116E-3 2.53429E-3 2.59712E-3 2.76192E-3 2.76552E-3 3.23906E-3 3.04047E-3 2.64928E-3 3.13382E-3 3.36777E-3 4.4712E-3 6.16512E-3 5.921E-3 1.13844E-2 6.28086E-3 6.76439E-3 5.91468E-3 5.18723E-3 6.4274E-3 5.42684E-3 4.55214E-3
3.32463E-3 2.62205E-3 2.63542E-3 1.82497E-3 1.74699E-3 1.72184E-3 1.51324E-3 1.52984E-3 1.78833E-3 1.97468E-3 2.97207E-3 2.78654E-3 1.65641E-3 1.39807E-3 1.36021E-3 1.82119E-3 2.00345E-3 1.9426E-3 2.117E-3 2.13121E-3 2.14275E-3 2.33428E-3 2.24084E-3 2.30669E-3 2.41686E-3 2.56185E-3 2.68991E-3 3.04398E-3 2.935E-3 2.39391E-3 2.45589E-3 2.44137E-3 2.98922E-3 3.12199E-3 3.65872E-3 3.60142E-3 3.25742E-3 2.9916E-3 2.89599E-3 3.02845E-3 3.11629E-3 3.16864E-3 3.18122E-3 3.44632E-3 3.2601E-3 2.72968E-3 2.50328E-3 2.31521E-3 2.59678E-3 3.50756E-3 4.69012E-3 5.1784E-3 5.01448E-3 1.04522E-2 1.01345E-2 8.33526E-3 7.02028E-3 6.56447E-3 6.6341E-3 6.1141E-3 4.216E-3
2.93878E-3 2.7202E-3 2.77582E-3 2.35077E-3 1.78228E-3 1.70453E-3 1.53522E-3 1.39253E-3 1.36444E-3 1.4192E-3 1.73996E-3 2.81327E-3 1.8174E-3 1.48185E-3 1.40391E-3 1.4955E-3 1.60033E-3 1.58008E-3 1.86121E-3 2.03874E-3 2.13503E-3 2.28006E-3 2.37216E-3 2.47541E-3 2.46459E-3 2.75239E-3 3.03441E-3 3.05638E-3 2.5376E-3 2.53244E-3 2.32613E-3 2.33945E-3 2.5939E-3 2.83571E-3 3.04073E-3 3.13855E-3 3.01547E-3 3.10135E-3 3.39072E-3 3.26049E-3 3.29895E-3 3.08195E-3 3.01131E-3 3.79924E-3 3.67333E-3 3.33721E-3 3.17795E-3 3.1674E-3 2.42634E-3 2.97039E-3 3.2256E-3 3.29662E-3 4.33999E-3 7.80265E-3 7.16759E-3 6.49085E-3 6.33646E-3 8.96535E-3 7.09302E-3 5.41152E-3 4.60426E-3
2.41374E-3 2.34433E-3 2.22931E-3 1.61572E-3 1.90636E-3 2.1456E-3 2.02162E-3 2.03152E-3 1.78571E-3 1.69342E-3 1.68139E-3 1.84522E-3 1.57126E-3 1.45446E-3 1.75928E-3 1.5074E-3 1.50817E-3 1.74179E-3 1.88554E-3 1.81531E-3 2.01301E-3 2.13983E-3 2.11519E-3 2.18639E-3 2.27131E-3 2.46593E-3 2.71367E-3 2.78682E-3 2.37201E-3 2.50578E-3 2.27665E-3 2.25782E-3 2.37239E-3 2.53003E-3 2.86084E-3 3.16143E-3 2.69492E-3 2.7021E-3 2.71079E-3 2.70212E-3 2.80168E-3 2.35914E-3 2.35539E-3 2.75545E-3 3.30165E-3 3.49219E-3 3.8526E-3 3.14004E-3 2.32879E-3 2.08353E-3 2.64105E-3 3.85935E-3 6.71333E-3 9.78804E-3 7.18888E-3 5.61131E-3 5.56607E-3 9.13575E-3 7.224E-3 5.17634E-3 5.84839E-3
1.76041E-3 1.63786E-3 1.63547E-3 1.63277E-3 1.3838E-3 1.72557E-3 1.75881E-3 1.95245E-3 2.11521E-3 2.1304E-3 2.0882E-3 1.94527E-3 1.70864E-3 1.53852E-3 1.65253E-3 1.57109E-3 1.3922E-3 1.60377E-3 1.63649E-3 1.82427E-3 1.92448E-3 2.18747E-3 2.27915E-3 2.20788E-3 2.24364E-3 2.34307E-3 2.40947E-3 2.48181E-3 2.22616E-3 2.28634E-3 2.28173E-3 4.32145E-3 3.49398E-3 4.35425E-3 3.92084E-3 2.85585E-3 3.31277E-3 2.83812E-3 2.35497E-3 2.61863E-3 3.12365E-3 3.02295E-3 2.7003E-3 3.12656E-3 3.71277E-3 4.55913E-3 4.44039E-3 3.84826E-3 3.02028E-3 2.76464E-3 3.802E-3 5.41235E-3 5.8524E-3 7.32793E-3 6.99777E-3 5.47703E-3 3.69441E-3 7.32792E-3 7.83708E-3 5.48334E-3 4.29139E-3
1.19814E-3 1.2016E-3 1.36241E-3 1.28185E-3 1.43616E-3 1.45504E-3 1.50782E-3 1.36001E-3 1.58018E-3 1.9214E-3 1.47603E-3 1.49573E-3 1.70186E-3 1.87027E-3 1.39915E-3 1.37527E-3 1.39082E-3 1.53959E-3 1.62025E-3 1.98236E-3 2.20832E-3 2.29608E-3 2.29361E-3 2.18338E-3 2.15075E-3 2.29728E-3 2.23033E-3 2.21458E-3 2.14857E-3 2.36637E-3 2.71812E-3 3.47791E-3 3.15555E-3 3.18092E-3 3.48251E-3 3.72849E-3 4.26932E-3 4.17423E-3 3.80643E-3 3.33043E-3 3.03122E-3 2.42406E-3 2.12363E-3 2.89883E-3 4.11525E-3 4.73396E-3 3.97373E-3 4.56231E-3 3.93666E-3 4.04953E-3 4.51731E-3 4.25833E-3 4.468E-3 5.68787E-3 4.30554E-3 3.10005E-3 3.38104E-3 4.97349E-3 7.55075E-3 6.81302E-3 5.1597E-3
1.02772E-3 1.19783E-3 1.20709E-3 1.44164E-3 1.48123E-3 1.33132E-3 1.8522E-3 2.09034E-3 1.56322E-3 1.27676E-3 1.11389E-3 1.28175E-3 1.56204E-3 1.93825E-3 1.95873E-3 1.74873E-3 1.51552E-3 1.52369E-3 1.71878E-3 1.64479E-3 1.73866E-3 2.00172E-3 2.24841E-3 2.47348E-3 2.57231E-3 2.49299E-3 2.19406E-3 2.13847E-3 2.20727E-3 2.65845E-3 2.53953E-3 2.81519E-3 3.34806E-3 3.51255E-3 3.8885E-3 4.19476E-3 4.42945E-3 4.73689E-3 5.07329E-3 4.39891E-3 4.01759E-3 3.55877E-3 3.07258E-3 3.07763E-3 3.36855E-3 3.57833E-3 2.90869E-3 3.19348E-3 4.16736E-3 3.64249E-3 4.08235E-3 4.31726E-3 3.9012E-3 4.75218E-3 4.39067E-3 2.47344E-3 3.24421E-3 3.06893E-3 4.0402E-3 6.82538E-3 6.25951E-3
9.97508E-4 1.08341E-3 1.1318E-3 1.35169E-3 1.52975E-3 1.47951E-3 1.54075E-3 1.50401E-3 1.49854E-3 1.34282E-3 9.26014E-4 1.17335E-3 1.34409E-3 1.86735E-3 2.16584E-3 1.6298E-3 1.57637E-3 1.70413E-3 1.68591E-3 1.64119E-3 1.59274E-3 1.71097E-3 1.78818E-3 2.09324E-3 2.71301E-3 2.63289E-3 2.4329E-3 2.13756E-3 2.34052E-3 2.34026E-3 2.54731E-3 2.97146E-3 3.48596E-3 3.77802E-3 4.1806E-3 4.84106E-3 5.26006E-3 5.71052E-3 5.25811E-3 5.02734E-3 4.4574E-3 3.25789E-3 3.42364E-3 3.37366E-3 3.35587E-3 4.4231E-3 3.33529E-3 3.08397E-3 2.5552E-3 2.84901E-3 2.95497E-3 4.59593E-3 4.76395E-3 4.95175E-3 4.09369E-3 2.26818E-3 2.11678E-3 2.21218E-3 5.01569E-3 4.52923E-3 3.13952E-3
7.98567E-4 1.07809E-3 1.09441E-3 9.57895E-4 9.17726E-4 9.58708E-4 1.07849E-3 1.32157E-3 1.43152E-3 1.0982E-3 1.30504E-3 1.5306E-3 1.9402E-3 2.04699E-3 2.14678E-3 1.84839E-3 1.75589E-3 1.66834E-3 1.77043E-3 1.95036E-3 1.63733E-3 1.96884E-3 1.97639E-3 2.03626E-3 2.83569E-3 2.60026E-3 3.39617E-3 2.70452E-3 2.45296E-3 2.46798E-3 2.46653E-3 2.73433E-3 3.70104E-3 3.98235E-3 4.33224E-3 4.66962E-3 5.2713E-3 5.73349E-3 6.01578E-3 5.70192E-3 4.52055E-3 3.91912E-3 3.15748E-3 2.95453E-3 3.19179E-3 4.14582E-3 4.20272E-3 4.10789E-3 3.76717E-3 3.03344E-3 3.23396E-3 3.56206E-3 3.75685E-3 3.07051E-3 2.02765E-3 1.68156E-3 1.72035E-3 2.01027E-3 3.89491E-3 7.71588E-3 4.83625E-3
6.37742E-4 7.27374E-4 8.87232E-4 1.07713E-3 9.88876E-4 7.84062E-4 6.88445E-4 8.01519E-4 1.42528E-3 1.33233E-3 1.81431E-3 2.06864E-3 2.05925E-3 2.13187E-3 2.5744E-3 2.32144E-3 2.05341E-3 2.61069E-3 2.27769E-3 1.90233E-3 1.67899E-3 2.15942E-3 2.42909E-3 2.44916E-3 2.97414E-3 2.72557E-3 3.20537E-3 2.82908E-3 3.04877E-3 2.73272E-3 2.52366E-3 2.75326E-3 3.14194E-3 3.67648E-3 3.59847E-3 4.26378E-3 5.12127E-3 5.87663E-3 6.12273E-3 5.84362E-3 4.46913E-3 3.66106E-3 3.29626E-3 3.73657E-3 4.03069E-3 4.49464E-3 4.52648E-3 4.1929E-3 4.20678E-3 3.9137E-3 3.72508E-3 4.07809E-3 3.81839E-3 2.58745E-3 2.0235E-3 1.78861E-3 1.64002E-3 1.75017E-3 2.50075E-3 4.31335E-3 4.33667E-3
7.69549E-4 8.30553E-4 8.3908E-4 1.035E-3 1.26693E-3 1.41022E-3 1.32711E-3 1.12361E-3 1.51483E-3 1.35593E-3 1.92421E-3 2.02364E-3 2.23752E-3 2.11414E-3 2.38257E-3 2.26598E-3 3.0439E-3 2.28807E-3 2.29972E-3 2.11699E-3 2.1222E-3 1.75447E-3 1.96369E-3 2.6182E-3 3.27747E-3 3.30938E-3 3.22505E-3 2.94149E-3 2.63707E-3 2.50603E-3 2.70802E-3 2.59863E-3 2.38225E-3 2.47081E-3 2.95558E-3 3.1564E-3 3.47146E-3 4.67802E-3 4.44795E-3 3.68445E-3 3.78624E-3 3.47427E-3 3.38976E-3 3.88807E-3 4.31016E-3 3.97405E-3 4.12136E-3 3.79205E-3 3.75983E-3 3.76039E-3 3.17147E-3 3.96094E-3 5.03113E-3 4.1703E-3 3.96769E-3 3.25492E-3 2.50657E-3 2.55783E-3 2.76313E-3 3.13211E-3 2.6967E-3
9.11768E-4 8.37664E-4 9.12662E-4 1.007E-3 1.13795E-3 1.3566E-3 1.39104E-3 1.31004E-3 1.51236E-3 1.82671E-3 2.03569E-3 1.98157E-3 2.18621E-3 2.88818E-3 3.52369E-3 3.31573E-3 2.76046E-3 2.48637E-3 2.29769E-3 2.16994E-3 1.83741E-3 1.78417E-3 1.94402E-3 2.07261E-3 2.65273E-3 2.95555E-3 3.12982E-3 3.05927E-3 2.762E-3 2.41843E-3 2.71945E-3 3.21504E-3 2.45352E-3 2.6981E-3 3.09156E-3 3.17799E-3 3.06698E-3 2.88995E-3 3.04922E-3 3.45744E-3 3.49924E-3 3.28657E-3 3.14629E-3 3.72396E-3 3.66637E-3 3.8279E-3 4.22533E-3 3.83341E-3 3.60643E-3 3.8905E-3 3.28514E-3 3.00376E-3 3.0377E-3 2.94396E-3 3.48936E-3 2.81582E-3 2.16844E-3 2.01025E-3 2.05227E-3 2.07502E-3 3.09163E-3
7.70098E-4 8.25361E-4 8.05757E-4 8.1256E-4 9.26726E-4 1.21294E-3 1.20003E-3 1.38376E-3 1.64408E-3 1.83175E-3 2.28046E-3 2.39288E-3 2.77436E-3 2.64894E-3 2.28926E-3 2.04697E-3 2.06231E-3 2.4811E-3 2.22996E-3 2.0186E-3 1.76888E-3 1.52993E-3 1.44597E-3 1.87461E-3 2.06258E-3 2.3965E-3 2.53602E-3 2.60571E-3 2.48112E-3 2.2677E-3 1.97946E-3 2.17868E-3 2.36263E-3 2.49042E-3 2.27951E-3 2.36393E-3 2.51732E-3 2.59365E-3 2.76099E-3 3.09712E-3 3.00739E-3 2.97991E-3 2.95709E-3 3.52965E-3 3.88915E-3 4.23054E-3 4.3196E-3 4.70113E-3 4.21604E-3 4.08181E-3 3.26183E-3 2.9071E-3 2.69364E-3 2.49995E-3 2.36589E-3 2.66237E-3 2.26351E-3 1.92856E-3 1.39276E-3 1.64599E-3 2.79997E-3
8.67428E-4 9.77795E-4 8.93368E-4 8.52463E-4 9.09748E-4 1.07811E-3 1.24895E-3 1.30926E-3 1.66524E-3 1.83824E-3 2.23671E-3 2.28217E-3 2.4114E-3 2.28476E-3 2.27539E-3 2.07953E-3 1.98734E-3 2.0856E-3 2.01174E-3 1.65441E-3 1.7619E-3 1.5335E-3 1.83715E-3 2.02027E-3 1.79004E-3 1.87084E-3 1.99383E-3 1.99856E-3 1.8135E-3 1.77952E-3 2.03866E-3 1.93236E-3 1.98369E-3 1.98034E-3 2.26819E-3 2.28588E-3 2.59918E-3 2.8095E-3 2.67469E-3 2.47301E-3 2.34479E-3 2.10816E-3 2.54147E-3 3.64653E-3 4.33666E-3 3.91323E-3 3.60705E-3 4.6878E-3 5.13317E-3 4.35847E-3 4.01985E-3 2.84956E-3 2.51174E-3 2.79066E-3 2.53191E-3 2.1655E-3 1.9145E-3 1.9309E-3 1.38148E-3 1.40366E-3 2.84395E-3
7.78535E-4 8.58522E-4 8.63913E-4 9.78058E-4 1.03244E-3 1.11611E-3 1.25367E-3 1.63382E-3 1.64491E-3 1.98571E-3 2.29214E-3 2.4706E-3 2.15781E-3 2.16638E-3 2.04477E-3 1.80952E-3 1.74204E-3 1.83142E-3 1.89932E-3 1.57879E-3 1.44759E-3 1.28547E-3 1.53286E-3 2.06348E-3 2.61439E-3 2.33789E-3 1.96702E-3 1.84622E-3 1.78901E-3 1.65634E-3 1.81641E-3 1.62494E-3 1.65854E-3 1.79124E-3 1.87286E-3 1.95696E-3 2.16953E-3 2.43126E-3 2.62563E-3 2.51125E-3 2.58519E-3 2.46515E-3 2.30801E-3 2.91687E-3 3.30762E-3 3.01282E-3 3.23894E-3 4.09712E-3 4.77149E-3 5.06848E-3 4.91701E-3 3.76777E-3 2.7759E-3 2.52692E-3 2.72531E-3 1.98298E-3 1.75498E-3 1.50443E-3 1.33443E-3 1.85605E-3 2.64453E-3
7.85639E-4 8.97177E-4 1.14911E-3 1.3507E-3 1.39711E-3 1.82556E-3 1.83807E-3 2.05877E-3 1.93582E-3 1.85218E-3 2.00173E-3 1.81273E-3 1.77211E-3 2.05083E-3 2.00047E-3 2.06114E-3 1.46335E-3 1.39711E-3 1.5877E-3 1.51311E-3 1.6916E-3 3.21109E-3 4.96186E-3 2.02122E-3 2.3269E-3 2.85732E-3 2.92616E-3 2.71767E-3 2.27603E-3 1.81844E-3 1.75551E-3 1.69528E-3 1.55783E-3 1.50632E-3 1.84505E-3 1.90284E-3 1.9132E-3 2.10566E-3 2.43177E-3 2.40592E-3 2.3044E-3 2.23455E-3 2.11838E-3 2.11937E-3 2.20367E-3 2.28509E-3 2.62633E-3 3.6102E-3 4.6396E-3 4.91947E-3 4.94312E-3 4.09001E-3 3.4637E-3 3.07396E-3 2.84572E-3 1.99835E-3 1.79982E-3 1.68486E-3 1.51325E-3 1.94089E-3 2.10569E-3
1.4553E-3 1.66654E-3 1.99837E-3 2.62904E-3 3.31794E-3 4.03385E-3 2.74663E-3 1.70091E-3 1.65151E-3 1.77592E-3 1.92805E-3 1.61192E-3 1.5921E-3 1.19681E-3 1.11647E-3 1.24462E-3 1.4217E-3 1.59762E-3 1.67915E-3 1.58653E-3 1.80302E-3 1.64527E-3 1.7134E-3 1.82096E-3 2.21292E-3 2.71453E-3 3.18586E-3 3.47132E-3 3.40536E-3 3.47819E-3 2.6461E-3 1.97222E-3 1.57023E-3 1.4909E-3 1.79241E-3 1.91922E-3 1.97096E-3 2.12742E-3 2.46801E-3 2.46974E-3 2.29472E-3 2.32024E-3 2.54831E-3 2.5884E-3 2.28409E-3 2.13696E-3 2.42883E-3 3.13199E-3 4.13718E-3 5.03157E-3 6.14856E-3 4.37664E-3 3.33858E-3 3.24015E-3 2.48836E-3 1.84483E-3 2.10648E-3 1.76036E-3 1.688E-3 1.80292E-3 2.48796E-3
2.84683E-3 4.07971E-3 5.82014E-3 5.4858E-3 5.84919E-3 4.03721E-3 2.30824E-3 1.59728E-3 1.44328E-3 1.38567E-3 1.40523E-3 1.37973E-3 1.27211E-3 1.21763E-3 1.23464E-3 1.18209E-3 1.18393E-3 1.22256E-3 1.54934E-3 1.81247E-3 1.72709E-3 1.60761E-3 1.68844E-3 1.9755E-3 2.12907E-3 2.74569E-3 3.23814E-3 4.13345E-3 3.79776E-3 3.65522E-3 3.76655E-3 4.09121E-3 3.53503E-3 2.3641E-3 1.80353E-3 1.89524E-3 1.85484E-3 2.11206E-3 2.22398E-3 2.4972E-3 2.18984E-3 1.93566E-3 2.16749E-3 2.55177E-3 2.33967E-3 2.19636E-3 2.73591E-3 3.44497E-3 4.38644E-3 4.80994E-3 5.08304E-3 3.91104E-3 2.98968E-3 5.26006E-3 4.29939E-3 3.24098E-3 2.63388E-3 2.46886E-3 2.96183E-3 2.81896E-3 2.46708E-3
2.54068E-3 2.72918E-3 2.3292E-3 3.0472E-3 3.95073E-3 3.21519E-3 1.91619E-3 1.84306E-3 1.42533E-3 1.28003E-3 1.16064E-3 1.09005E-3 1.63129E-3 1.5669E-3 1.47232E-3 1.2734E-3 1.4987E-3 1.3288E-3 1.48929E-3 1.86573E-3 1.83912E-3 2.19353E-3 2.30088E-3 2.71016E-3 3.16588E-3 3.80098E-3 4.20684E-3 5.22187E-3 4.38126E-3 5.02168E-3 4.98564E-3 6.22509E-3 6.74509E-3 3.52019E-3 2.31919E-3 1.7993E-3 1.91333E-3 2.03121E-3 2.21877E-3 2.22343E-3 2.1343E-3 1.88294E-3 1.75471E-3 1.45283E-3 1.5056E-3 2.2157E-3 3.23043E-3 4.35397E-3 4.84406E-3 4.3593E-3 3.98449E-3 3.56482E-3 3.01532E-3 5.01282E-3 4.47894E-3 3.44033E-3 3.34927E-3 2.58571E-3 3.42529E-3 3.09917E-3 3.61805E-3
