data/maxent/outputs/red_331.asc
ncols         426
nrows         180
xllcorner     -130.0
yllcorner     24.0
cellsize      0.16666666666666666
NODATA_value  -9999
[rows 27 to 53 of 180, columns 305 to 365 of 426]
2.70483E-4 2.34474E-4 2.59595E-4 3.15443E-4 2.46854E-4 2.6622E-4 2.65663E-4 2.39439E-4 2.54115E-4 2.5595E-4 2.42086E-4 2.17378E-4 2.11452E-4 2.47958E-4 2.54159E-4 3.55097E-4 5.92655E-4 4.91364E-4 3.39625E-4 3.78678E-4 3.42155E-4 3.43683E-4 4.64615E-4 5.63412E-4 2.94944E-4 4.79255E-4 6.56173E-4 3.38037E-4 4.96898E-4 5.93464E-4 4.15588E-4 3.8883E-4 4.21149E-4 3.92066E-4 4.52884E-4 3.46878E-4 4.44868E-4 4.90062E-4 5.34204E-4 5.16771E-4 5.44903E-4 7.11123E-4 8.28118E-4 9.30759E-4 1.05026E-3 9.56102E-4 1.27767E-3 1.58802E-3 1.36529E-3 1.8724E-3 1.04725E-3 1.83784E-3 1.92076E-3 1.66263E-3 2.12263E-3 2.93645E-3 2.3361E-3 2.82424E-3 2.6899E-3 2.3947E-3 3.43942E-3
3.45241E-4 3.14556E-4 2.80187E-4 2.59311E-4 2.25327E-4 2.28474E-4 2.41437E-4 2.37064E-4 2.17559E-4 2.34102E-4 2.88799E-4 2.74811E-4 2.29539E-4 2.14454E-4 2.28755E-4 2.62569E-4 3.69699E-4 2.66924E-4 2.64524E-4 2.81799E-4 2.48411E-4 3.05241E-4 3.86414E-4 3.81877E-4 2.81793E-4 5.4741E-4 4.01473E-4 3.84272E-4 4.40026E-4 5.25442E-4 5.24554E-4 3.82889E-4 4.74574E-4 3.61537E-4 3.90582E-4 3.90579E-4 3.75231E-4 4.39144E-4 4.93137E-4 6.07905E-4 6.14734E-4 7.26781E-4 8.86167E-4 1.15203E-3 1.17189E-3 1.10904E-3 1.27408E-3 1.83627E-3 1.34141E-3 1.23221E-3 1.16204E-3 1.31201E-3 1.65057E-3 1.48678E-3 2.27112E-3 2.54087E-3 1.77473E-3 1.90596E-3 3.11206E-3 6.97849E-3 7.84286E-3
5.45974E-4 5.15627E-4 3.6225E-4 2.90348E-4 2.49052E-4 2.97668E-4 2.80723E-4 2.64142E-4 2.47931E-4 3.19171E-4 3.22868E-4 3.49186E-4 4.10778E-4 6.2597E-4 2.50685E-4 2.73686E-4 2.33278E-4 2.48395E-4 2.44459E-4 2.59726E-4 2.58268E-4 2.69328E-4 3.07431E-4 3.36017E-4 3.11941E-4 3.56566E-4 4.89062E-4 4.23228E-4 4.16864E-4 4.07316E-4 3.82429E-4 3.38915E-4 4.41804E-4 5.10821E-4 4.87727E-4 4.13569E-4 4.68795E-4 5.26003E-4 5.13134E-4 6.38493E-4 7.90178E-4 8.20795E-4 1.0289E-3 1.30934E-3 1.68348E-3 1.62133E-3 1.58894E-3 2.33315E-3 2.52473E-3 1.49131E-3 1.66939E-3 1.16539E-3 1.5464E-3 1.70672E-3 1.45354E-3 1.74431E-3 2.44335E-3 2.3281E-3 2.99362E-3 7.84949E-3 1.67787E-2
4.66575E-4 5.17731E-4 3.19907E-4 4.60796E-4 3.74627E-4 2.30671E-4 2.74007E-4 2.92379E-4 2.74895E-4 3.77008E-4 3.56797E-4 3.37547E-4 3.85471E-4 3.54667E-4 2.71018E-4 2.78523E-4 2.71189E-4 3.10173E-4 2.65242E-4 3.43742E-4 3.61703E-4 4.18917E-4 4.01537E-4 3.86085E-4 4.03103E-4 4.11265E-4 4.83762E-4 4.67603E-4 5.19178E-4 4.22129E-4 4.55458E-4 4.4416E-4 4.52504E-4 4.66988E-4 4.24592E-4 4.4368E-4 4.85216E-4 5.26272E-4 5.72697E-4 7.23444E-4 9.04279E-4 1.01886E-3 8.78753E-4 1.32607E-3 1.80803E-3 2.33864E-3 3.223E-3 2.42374E-3 2.02836E-3 1.48475E-3 2.05786E-3 1.06806E-3 2.65504E-3 1.66113E-3 2.0162E-3 2.44438E-3 3.95489E-3 5.17532E-3 9.20121E-3 1.70097E-2 3.53645E-2
5.01097E-4 8.21036E-4 3.93217E-4 3.41791E-4 3.08327E-4 2.93018E-4 4.16887E-4 4.71004E-4 4.26201E-4 3.4316E-4 3.54731E-4 3.46802E-4 5.31362E-4 9.01525E-4 3.49578E-4 2.91116E-4 3.06978E-4 3.27478E-4 3.93054E-4 3.8559E-4 6.21592E-4 5.06899E-4 4.82262E-4 7.89372E-4 7.78929E-4 7.08275E-4 1.11639E-3 1.35654E-3 6.42971E-4 6.6874E-4 4.32054E-4 4.84987E-4 4.70871E-4 3.88163E-4 4.7552E-4 4.42288E-4 5.64297E-4 7.49595E-4 9.26393E-4 1.12616E-3 1.15845E-3 2.6064E-3 2.93994E-3 2.16432E-3 2.62046E-3 2.40381E-3 3.68839E-3 3.76953E-3 3.23515E-3 2.09047E-3 1.8233E-3 1.70936E-3 1.98884E-3 1.52093E-3 3.08684E-3 4.4531E-3 7.2417E-3 1.08715E-2 1.87708E-2 2.79347E-2 4.05184E-2
8.16118E-4 1.13783E-3 1.22671E-3 7.0757E-4 3.55947E-4 4.20923E-4 4.70579E-4 3.08532E-4 3.29174E-4 4.48327E-4 3.34114E-4 3.95587E-4 1.10122E-3 4.35046E-4 3.70536E-4 4.9002E-4 5.1262E-4 4.04353E-4 4.81848E-4 6.69138E-4 7.96627E-4 6.69888E-4 5.19936E-4 1.39073E-3 2.15837E-3 2.26431E-3 2.88963E-3 2.71135E-3 1.79775E-3 8.98713E-4 8.39088E-4 6.04174E-4 6.00565E-4 4.28897E-4 4.13111E-4 4.22849E-4 4.11935E-4 7.53272E-4 9.6484E-4 1.47904E-3 2.11337E-3 1.09479E-2 1.1518E-2 1.32484E-2 1.40958E-2 4.97833E-3 5.15902E-3 3.58376E-3 5.55063E-3 7.55181E-3 4.91626E-3 3.67751E-3 3.03659E-3 2.79095E-3 5.15188E-3 8.4189E-3 9.64404E-3 1.55132E-2 2.92344E-2 2.55037E-2 2.48551E-2
1.73317E-3 1.09186E-3 1.11425E-3 1.37964E-3 1.42494E-3 1.42416E-3 1.10609E-3 6.02738E-4 5.71315E-4 4.10378E-4 5.4938E-4 9.79879E-4 1.27521E-3 6.34734E-4 5.82242E-4 7.78411E-4 6.20439E-4 4.44244E-4 3.63621E-4 3.81591E-4 4.5566E-4 7.65176E-4 1.24743E-3 2.26672E-3 3.25273E-3 1.25581E-3 1.73316E-3 2.20231E-3 1.66244E-3 1.79824E-3 1.3741E-3 7.93957E-4 7.86923E-4 6.67966E-4 5.75373E-4 6.1376E-4 6.45925E-4 8.25678E-4 1.12918E-3 1.27471E-3 1.75773E-3 3.25162E-3 7.29091E-3 1.50729E-2 6.24721E-3 8.53332E-3 1.22878E-2 1.2616E-2 1.27352E-2 1.46938E-2 1.98575E-2 1.5055E-2 1.40305E-2 1.0134E-2 1.05399E-2 1.47953E-2 1.82804E-2 2.68452E-2 3.15597E-2 2.10588E-2 -9999
1.95046E-3 2.03217E-3 1.70718E-3 2.35688E-3 4.15832E-3 2.69377E-3 2.5287E-3 9.05807E-4 8.86023E-4 8.76012E-4 2.21812E-3 1.69819E-3 9.5591E-4 6.43323E-4 7.13741E-4 6.16878E-4 5.7133E-4 5.34878E-4 6.37668E-4 4.84129E-4 7.57886E-4 8.36686E-4 1.00143E-3 1.69726E-3 1.8536E-3 1.10394E-3 1.09167E-3 1.51042E-3 1.25772E-3 1.21383E-3 1.1391E-3 8.44294E-4 7.63469E-4 6.46264E-4 8.44747E-4 9.67714E-4 1.13088E-3 1.97957E-3 1.76744E-3 1.96629E-3 2.38445E-3 4.17986E-3 4.21398E-3 5.98593E-3 6.18534E-3 9.38356E-3 1.36983E-2 1.77595E-2 1.8232E-2 1.6001E-2 1.60242E-2 1.46967E-2 1.73623E-2 2.57322E-2 3.30257E-2 3.84376E-2 3.00168E-2 3.5994E-2 2.17749E-2 -9999 8.13054E-2
2.12816E-3 2.35701E-3 1.81254E-3 1.72847E-3 1.79952E-3 2.07711E-3 2.56879E-3 3.6032E-3 1.50923E-3 1.09438E-3 1.97771E-3 3.82908E-3 3.00159E-3 1.49825E-3 1.55021E-3 1.20116E-3 8.66944E-4 9.45103E-4 9.60488E-4 1.18409E-3 1.19118E-3 9.76823E-4 1.4514E-3 2.17627E-3 1.14144E-3 1.27324E-3 1.94758E-3 1.93028E-3 1.64895E-3 1.23911E-3 1.21495E-3 1.35052E-3 1.07261E-3 1.10333E-3 1.35203E-3 1.72537E-3 2.13613E-3 2.6409E-3 2.92987E-3 2.41962E-3 2.71884E-3 3.35614E-3 3.15279E-3 6.71857E-3 6.23808E-3 7.5807E-3 1.04666E-2 1.34253E-2 1.87599E-2 2.24135E-2 2.19941E-2 1.7447E-2 1.60278E-2 1.83341E-2 2.62566E-2 3.85514E-2 5.06903E-2 7.00069E-2 7.26126E-2 5.52359E-2 4.42307E-2
3.42583E-3 2.97395E-3 2.96281E-3 3.33816E-3 3.61821E-3 3.14177E-3 3.9688E-3 1.99668E-3 1.93893E-3 1.67229E-3 2.17204E-3 4.22139E-3 4.86237E-3 3.97708E-3 2.67636E-3 3.0001E-3 2.14777E-3 2.38433E-3 1.86545E-3 1.58688E-3 1.4726E-3 1.49979E-3 2.13657E-3 2.37625E-3 2.04859E-3 1.70488E-3 2.3525E-3 2.20837E-3 2.61459E-3 1.6332E-3 1.40728E-3 1.3646E-3 1.45969E-3 1.97792E-3 2.63497E-3 2.50491E-3 3.65983E-3 4.13701E-3 5.38874E-3 6.62326E-3 7.45985E-3 7.26298E-3 5.91838E-3 7.17697E-3 9.38129E-3 7.96067E-3 8.91548E-3 1.08988E-2 1.10575E-2 1.1513E-2 1.36258E-2 1.40271E-2 1.75696E-2 1.652E-2 2.52204E-2 4.75297E-2 6.49976E-2 6.77648E-2 3.8619E-2 3.13563E-2 2.53412E-2
3.56909E-3 4.00797E-3 4.09342E-3 4.33561E-3 3.75277E-3 5.32436E-3 6.89084E-3 6.32038E-3 2.85393E-3 3.58287E-3 7.68484E-3 6.79874E-3 6.0169E-3 4.13114E-3 2.05529E-3 2.40052E-3 2.87733E-3 2.84875E-3 2.927E-3 2.22994E-3 2.62708E-3 2.18849E-3 2.90422E-3 3.18459E-3 3.33499E-3 3.15688E-3 3.56556E-3 2.85183E-3 3.18159E-3 2.63578E-3 2.54239E-3 2.91014E-3 2.37846E-3 2.75143E-3 4.26289E-3 6.44422E-3 5.96492E-3 7.53479E-3 7.74279E-3 9.45525E-3 1.00128E-2 9.94735E-3 1.18085E-2 1.2011E-2 1.40805E-2 1.42727E-2 1.35053E-2 1.44553E-2 1.34419E-2 1.38925E-2 9.57453E-3 1.84955E-2 2.08686E-2 2.10253E-2 2.68493E-2 4.49305E-2 8.00289E-2 3.38304E-2 2.98433E-2 2.12951E-2 1.92435E-2
4.78524E-3 5.07705E-3 1.38496E-2 9.02045E-3 4.50533E-3 4.08559E-3 6.87578E-3 5.10056E-3 5.01655E-3 8.32247E-3 9.1669E-3 1.05741E-2 8.15711E-3 5.63108E-3 3.83975E-3 5.37359E-3 4.9253E-3 3.27288E-3 4.00629E-3 4.67216E-3 3.50992E-3 2.9705E-3 3.47743E-3 3.49093E-3 3.63867E-3 3.42421E-3 3.54544E-3 3.29941E-3 3.55499E-3 3.4529E-3 4.74833E-3 4.59732E-3 2.9449E-3 3.38526E-3 5.97742E-3 5.85955E-3 7.43492E-3 9.0601E-3 9.51294E-3 1.16674E-2 1.16738E-2 1.68785E-2 1.86689E-2 1.81577E-2 1.654E-2 1.609E-2 1.86147E-2 1.88375E-2 1.7733E-2 1.48112E-2 1.95199E-2 3.27096E-2 1.53583E-2 2.19485E-2 2.32248E-2 4.37018E-2 3.19987E-2 3.05296E-2 2.52136E-2 2.20631E-2 1.77041E-2
5.07644E-3 4.40496E-3 4.94376E-3 7.12657E-3 7.9312E-3 8.56993E-3 7.97506E-3 8.58832E-3 9.05478E-3 9.301E-3 8.83842E-3 1.4771E-2 1.10432E-2 1.05036E-2 1.12598E-2 1.22291E-2 8.64902E-3 4.1582E-3 4.93196E-3 5.21575E-3 5.35893E-3 4.75785E-3 4.43399E-3 5.47853E-3 6.8477E-3 4.32418E-3 3.99479E-3 5.27491E-3 6.08044E-3 7.15816E-3 3.06379E-3 3.90418E-3 3.2684E-3 4.10801E-3 5.4037E-3 8.91148E-3 1.22864E-2 1.41649E-2 1.39712E-2 1.97213E-2 1.58561E-2 2.11186E-2 2.37821E-2 3.46142E-2 3.01014E-2 2.54029E-2 3.42081E-2 2.6998E-2 2.04244E-2 2.08665E-2 6.61303E-2 7.29277E-2 6.57156E-2 4.16103E-2 7.70785E-2 3.65309E-2 2.81555E-2 2.2336E-2 2.48473E-2 2.0078E-2 1.85833E-2
5.94686E-3 7.28857E-3 5.93487E-3 6.63948E-3 8.821E-3 1.09288E-2 6.07165E-3 8.05815E-3 8.60726E-3 8.09243E-3 7.60596E-3 9.29666E-3 9.37476E-3 7.42166E-3 8.48604E-3 1.35794E-2 7.88095E-3 5.87569E-3 5.0426E-3 3.9166E-3 5.46893E-3 6.32523E-3 5.89313E-3 6.41504E-3 7.21779E-3 4.85409E-3 3.18171E-3 3.18729E-3 4.98095E-3 4.97401E-3 3.97842E-3 3.62851E-3 3.19738E-3 4.14212E-3 4.77298E-3 8.00816E-3 9.35455E-3 1.08004E-2 1.54288E-2 1.3313E-2 1.90721E-2 3.06523E-2 4.01469E-2 4.53056E-2 5.19791E-2 5.62769E-2 8.40203E-2 7.13382E-2 5.65337E-2 8.49755E-2 1.02631E-1 8.43108E-2 -9999 6.96684E-2 5.26035E-2 3.50609E-2 2.64023E-2 2.74274E-2 2.1498E-2 1.59135E-2 1.81556E-2
1.40197E-2 1.14911E-2 1.04769E-2 1.65862E-2 1.29449E-2 1.14626E-2 8.27951E-3 8.92211E-3 6.94479E-3 7.40685E-3 7.47292E-3 8.46558E-3 9.48124E-3 8.38965E-3 8.21786E-3 9.23021E-3 9.16261E-3 6.90129E-3 6.0543E-3 6.66846E-3 8.74109E-3 5.68225E-3 8.74196E-3 7.70428E-3 6.80476E-3 5.0048E-3 3.23107E-3 3.71947E-3 4.30846E-3 4.38917E-3 5.04967E-3 5.05971E-3 5.46975E-3 5.66962E-3 6.37828E-3 8.58035E-3 1.05666E-2 1.91342E-2 1.97807E-2 2.16594E-2 2.29441E-2 3.48472E-2 4.44332E-2 7.83156E-2 8.90515E-2 1.17958E-1 1.38848E-1 1.49874E-1 1.83785E-1 1.25825E-1 8.86014E-2 2.45638E-1 1.03427E-1 6.09837E-2 4.32092E-2 2.89435E-2 2.03607E-2 2.17135E-2 1.50267E-2 1.36375E-2 1.3857E-2
2.02761E-2 2.53933E-2 2.11567E-2 1.59995E-2 1.05962E-2 7.91669E-3 7.89121E-3 1.20221E-2 8.39817E-3 7.27998E-3 6.41746E-3 7.21578E-3 6.64618E-3 6.95154E-3 8.64222E-3 8.83519E-3 9.10275E-3 9.68962E-3 7.09085E-3 1.00268E-2 1.17336E-2 1.06674E-2 1.00706E-2 6.26197E-3 7.46559E-3 6.75116E-3 5.53642E-3 4.30111E-3 4.47448E-3 4.78233E-3 4.95167E-3 4.93687E-3 5.53665E-3 7.40674E-3 8.87279E-3 1.15758E-2 1.5615E-2 2.35683E-2 2.67875E-2 3.61703E-2 2.6876E-2 3.77171E-2 5.77288E-2 5.41416E-2 7.64486E-2 8.1615E-2 9.68601E-2 1.18362E-1 1.3618E-1 1.06262E-1 6.33797E-2 7.73005E-2 5.49005E-2 4.49253E-2 3.92288E-2 2.34487E-2 1.77839E-2 1.51158E-2 1.38933E-2 1.2261E-2 1.10012E-2
1.90065E-2 2.43527E-2 1.77469E-2 1.56768E-2 1.12087E-2 8.24548E-3 9.17414E-3 8.78879E-3 9.52664E-3 6.8096E-3 7.76209E-3 8.01137E-3 6.51504E-3 7.00375E-3 9.12433E-3 9.0504E-3 1.28419E-2 1.11751E-2 1.05046E-2 2.11879E-2 3.18171E-2 1.00986E-2 6.27827E-3 7.92354E-3 1.01103E-2 6.79711E-3 5.97324E-3 5.25655E-3 6.27329E-3 6.0449E-3 5.9469E-3 8.10894E-3 9.97663E-3 7.7067E-3 1.08688E-2 1.1187E-2 2.56049E-2 2.82716E-2 4.40015E-2 2.56522E-2 2.4254E-2 3.80615E-2 4.32971E-2 4.67777E-2 5.5372E-2 6.42859E-2 7.66968E-2 1.12787E-1 7.09623E-2 5.41333E-2 4.67806E-2 4.83559E-2 4.36344E-2 5.39988E-2 3.39071E-2 2.32E-2 1.76327E-2 1.46097E-2 1.3109E-2 1.31414E-2 9.9381E-3
1.46727E-2 2.24198E-2 1.68006E-2 1.29269E-2 1.54813E-2 1.35306E-2 9.92937E-3 9.58755E-3 7.68528E-3 7.05406E-3 6.3877E-3 9.14914E-3 8.34232E-3 8.73989E-3 9.7905E-3 1.15248E-2 1.25559E-2 1.48315E-2 1.18843E-2 8.21682E-3 9.59753E-3 8.46339E-3 7.72632E-3 8.73494E-3 1.42517E-2 8.69859E-3 7.95898E-3 8.06324E-3 7.29948E-3 7.47979E-3 8.29535E-3 8.45285E-3 7.71744E-3 1.0795E-2 1.28033E-2 2.27276E-2 2.94757E-2 3.82192E-2 4.96621E-2 2.95618E-2 3.18897E-2 4.64907E-2 6.11149E-2 6.98977E-2 6.58329E-2 5.56567E-2 5.83618E-2 6.07019E-2 5.40779E-2 3.88871E-2 3.97581E-2 5.54259E-2 6.99834E-2 5.00541E-2 2.81281E-2 2.25247E-2 2.22685E-2 1.35985E-2 1.07392E-2 9.85033E-3 1.00468E-2
1.1602E-2 1.88563E-2 2.35077E-2 1.4476E-2 1.34422E-2 9.54481E-3 8.98561E-3 9.3396E-3 9.11539E-3 6.99282E-3 7.16807E-3 8.90839E-3 1.53659E-2 1.35852E-2 1.03117E-2 1.23497E-2 1.5895E-2 1.48739E-2 1.32475E-2 1.06638E-2 1.41905E-2 1.59664E-2 1.27506E-2 1.20823E-2 1.26223E-2 1.30824E-2 1.13859E-2 1.28218E-2 9.82738E-3 1.26731E-2 1.6217E-2 1.41535E-2 1.40769E-2 1.71476E-2 2.21007E-2 3.17846E-2 3.65486E-2 3.69252E-2 5.728E-2 6.21184E-2 4.128E-2 6.69225E-2 4.48662E-2 5.38686E-2 6.12224E-2 5.54736E-2 5.84342E-2 5.86418E-2 6.23106E-2 4.1919E-2 4.84754E-2 4.09878E-2 5.35686E-2 3.72462E-2 2.69114E-2 2.26569E-2 2.11607E-2 2.12579E-2 1.48692E-2 1.30387E-2 1.04484E-2
1.16462E-2 1.55976E-2 1.56067E-2 1.26263E-2 1.29818E-2 1.36204E-2 1.28598E-2 1.34694E-2 1.36965E-2 1.05303E-2 7.86318E-3 9.03242E-3 1.1888E-2 1.31233E-2 1.37199E-2 1.335E-2 1.50954E-2 1.97348E-2 3.42946E-2 2.06198E-2 4.69471E-2 3.47202E-2 2.37296E-2 2.07272E-2 3.05775E-2 2.66367E-2 2.08491E-2 2.03E-2 1.27837E-2 1.85668E-2 2.44408E-2 2.92686E-2 2.55132E-2 2.82586E-2 2.81142E-2 3.64558E-2 4.24466E-2 4.53361E-2 8.74132E-2 7.82883E-2 5.32954E-2 4.09691E-2 4.29849E-2 5.99484E-2 6.54256E-2 1.02166E-1 1.18795E-1 1.18998E-1 9.12202E-2 4.8323E-2 3.49136E-2 3.12812E-2 2.90733E-2 3.15386E-2 2.51229E-2 1.91631E-2 1.71962E-2 2.25529E-2 2.01127E-2 1.99051E-2 1.3075E-2
1.13139E-2 1.54009E-2 1.62405E-2 1.66978E-2 1.5219E-2 1.17423E-2 1.1143E-2 1.28239E-2 1.34137E-2 1.2936E-2 1.47212E-2 1.35088E-2 1.4588E-2 1.57855E-2 1.6877E-2 1.60637E-2 1.95471E-2 2.2285E-2 2.24412E-2 4.38441E-2 8.37791E-2 3.62929E-2 2.50913E-2 2.62764E-2 4.46033E-2 3.63447E-2 3.91532E-2 2.67656E-2 2.33138E-2 2.78802E-2 3.32722E-2 4.21011E-2 4.96679E-2 3.71525E-2 4.24625E-2 5.20854E-2 1.15775E-1 1.3164E-1 9.29013E-2 6.87421E-2 5.37176E-2 4.63036E-2 5.02869E-2 7.9585E-2 1.16381E-1 1.63898E-1 1.45042E-1 1.04424E-1 8.03552E-2 4.4498E-2 3.48918E-2 3.20525E-2 2.77279E-2 2.30963E-2 2.05462E-2 1.7195E-2 1.67182E-2 1.44167E-2 1.68571E-2 1.122E-2 1.3245E-2
1.656E-2 1.66194E-2 1.7394E-2 1.89054E-2 1.61491E-2 1.57958E-2 1.2606E-2 1.14219E-2 1.19966E-2 1.3267E-2 1.13061E-2 1.87803E-2 1.27617E-2 1.77311E-2 1.86867E-2 1.96184E-2 1.80848E-2 1.90122E-2 2.01399E-2 4.39801E-2 6.969E-2 4.6101E-2 3.58341E-2 3.30968E-2 5.4743E-2 3.11967E-2 4.05387E-2 5.90493E-2 4.63436E-2 4.90177E-2 6.11347E-2 6.4195E-2 5.1941E-2 4.38226E-2 6.57841E-2 1.27173E-1 1.12871E-1 8.95387E-2 9.2573E-2 1.23185E-1 1.0128E-1 7.00364E-2 6.88587E-2 8.78172E-2 1.07502E-1 1.45576E-1 1.31154E-1 1.18296E-1 8.09704E-2 6.48845E-2 4.86319E-2 3.05739E-2 2.6114E-2 2.48904E-2 2.24974E-2 2.02801E-2 1.93041E-2 1.62886E-2 1.57662E-2 1.6432E-2 1.46757E-2
2.04338E-2 1.82371E-2 1.96058E-2 2.18531E-2 2.54013E-2 1.6246E-2 1.24981E-2 1.16865E-2 1.50962E-2 1.35456E-2 1.43195E-2 1.29667E-2 1.09389E-2 1.42407E-2 1.70773E-2 1.48328E-2 1.50868E-2 2.53E-2 2.97841E-2 3.71251E-2 6.05401E-2 6.30074E-2 5.64301E-2 5.85877E-2 3.11109E-2 5.25225E-2 8.81759E-2 8.24027E-2 7.9262E-2 8.32667E-2 7.1252E-2 5.89097E-2 7.68624E-2 1.10041E-1 1.30096E-1 1.24729E-1 1.25527E-1 1.25623E-1 1.19411E-1 1.17116E-1 1.02687E-1 1.08022E-1 1.22989E-1 9.32666E-2 8.15814E-2 1.20088E-1 1.12507E-1 1.28322E-1 1.05512E-1 9.57873E-2 5.28744E-2 3.48647E-2 3.05471E-2 2.26995E-2 1.8884E-2 2.04234E-2 4.70554E-2 2.43105E-2 1.36906E-2 1.66835E-2 2.74402E-2
2.64557E-2 2.50588E-2 2.56623E-2 2.33424E-2 1.85548E-2 1.6356E-2 1.35897E-2 1.42613E-2 1.35306E-2 1.36063E-2 1.66409E-2 1.61411E-2 1.60336E-2 1.14958E-2 1.56867E-2 1.95356E-2 1.62486E-2 2.54808E-2 4.36566E-2 6.34633E-2 5.9731E-2 5.32212E-2 5.89495E-2 6.2219E-2 6.97871E-2 5.17177E-2 6.07138E-2 7.82715E-2 9.26964E-2 1.05919E-1 7.62629E-2 1.29175E-1 1.60392E-1 1.89613E-1 1.50029E-1 1.4501E-1 1.57578E-1 1.53473E-1 1.52147E-1 1.47717E-1 1.05476E-1 1.10732E-1 1.26696E-1 9.44419E-2 1.08964E-1 8.76553E-2 1.00424E-1 1.16668E-1 1.13911E-1 7.62115E-2 5.26498E-2 3.60266E-2 2.72752E-2 1.81565E-2 1.77346E-2 1.73442E-2 2.70249E-2 5.37638E-2 1.5588E-2 1.91516E-2 2.44215E-2
5.26224E-2 4.26626E-2 3.01819E-2 2.63228E-2 2.12789E-2 1.70431E-2 1.4382E-2 2.02743E-2 2.02893E-2 1.51674E-2 1.14318E-2 1.4906E-2 2.02462E-2 1.99564E-2 1.97874E-2 2.48458E-2 2.97218E-2 3.02693E-2 3.77901E-2 8.46212E-2 1.22805E-1 8.53946E-2 4.87851E-2 5.59815E-2 5.92116E-2 5.18621E-2 5.53961E-2 5.55901E-2 8.65677E-2 1.48734E-1 1.95559E-1 2.11035E-1 1.8451E-1 1.78266E-1 1.48133E-1 1.45664E-1 1.51559E-1 1.58367E-1 1.82128E-1 1.81063E-1 1.14978E-1 1.51089E-1 1.46559E-1 1.22365E-1 8.80404E-2 8.13463E-2 9.77901E-2 9.70459E-2 1.10736E-1 7.03518E-2 4.54559E-2 4.86354E-2 2.49932E-2 2.01314E-2 1.6772E-2 1.68385E-2 1.8254E-2 2.14444E-2 2.52211E-2 3.01357E-2 3.16405E-2
9.40773E-2 7.18003E-2 6.70748E-2 4.40393E-2 2.91214E-2 1.90284E-2 1.78951E-2 1.53412E-2 1.52952E-2 1.46164E-2 1.42356E-2 1.90381E-2 2.29199E-2 3.51457E-2 4.72862E-2 4.92152E-2 4.63323E-2 3.25146E-2 4.06547E-2 6.36821E-2 7.66416E-2 6.92581E-2 5.91434E-2 6.19376E-2 6.2218E-2 7.15143E-2 8.58928E-2 7.81596E-2 1.03905E-1 1.16183E-1 1.6975E-1 1.57309E-1 1.21857E-1 1.11658E-1 9.61316E-2 1.45945E-1 1.34936E-1 1.50324E-1 1.68036E-1 1.79016E-1 1.65382E-1 1.86527E-1 1.58994E-1 1.29456E-1 9.51167E-2 8.88105E-2 7.90945E-2 7.05211E-2 6.51752E-2 5.76531E-2 5.55453E-2 3.09329E-2 2.1937E-2 2.33217E-2 2.35109E-2 2.30749E-2 1.90066E-2 2.83098E-2 3.92272E-2 4.72759E-2 4.39895E-2
7.33203E-2 6.50696E-2 7.24671E-2 4.59614E-2 4.08975E-2 3.12039E-2 3.08711E-2 2.40511E-2 1.99227E-2 2.24453E-2 2.89261E-2 2.31625E-2 3.41711E-2 5.10867E-2 5.31031E-2 6.36486E-2 5.44382E-2 6.24654E-2 7.06804E-2 8.65629E-2 1.15081E-1 9.94053E-2 6.31924E-2 6.48703E-2 8.99783E-2 1.1331E-1 1.04979E-1 1.18918E-1 1.40515E-1 1.44138E-1 1.4811E-1 1.62475E-1 1.36823E-1 9.42616E-2 8.14425E-2 1.10496E-1 1.64382E-1 1.26702E-1 1.456E-1 1.73087E-1 1.52629E-1 1.75634E-1 1.10199E-1 1.00236E-1 7.77188E-2 6.33984E-2 4.2979E-2 3.69056E-2 4.18443E-2 3.36945E-2 2.90334E-2 2.43076E-2 3.21067E-2 3.72351E-2 2.94074E-2 3.6738E-2 3.0416E-2 3.87646E-2 4.59465E-2 5.26392E-2 5.81532E-2
