data/maxent/outputs/red_317.asc
ncols         426
nrows         180
xllcorner     -130.0
yllcorner     24.0
cellsize      0.16666666666666666
NODATA_value  -9999
[rows 27 to 53 of 180, columns 183 to 243 of 426]
3.96528E-4 3.28155E-4 3.11903E-4 2.78274E-4 2.17528E-4 2.35338E-4 2.93863E-4 3.80138E-4 3.43515E-4 4.16648E-4 4.14723E-4 3.40192E-4 2.67669E-4 1.9654E-4 1.51045E-4 1.70351E-4 1.84879E-4 2.34232E-4 3.35154E-4 4.143E-4 5.37023E-4 4.64236E-4 3.22923E-4 2.21147E-4 1.76672E-4 1.8002E-4 3.53218E-4 4.08975E-4 4.63308E-4 4.18779E-4 4.08442E-4 6.27171E-4 8.10985E-4 7.63509E-4 8.40416E-4 8.72212E-4 8.59815E-4 8.25092E-4 8.84101E-4 9.41119E-4 1.26142E-3 1.10801E-3 1.42685E-3 1.73886E-3 1.34839E-3 1.5705E-3 1.76149E-3 1.62224E-3 8.95821E-4 5.01678E-4 4.03813E-4 4.84173E-4 4.27357E-4 5.14418E-4 3.5543E-4 4.01018E-4 3.63958E-4 2.69198E-4 2.20242E-4 1.94841E-4 2.70205E-4
3.85465E-4 3.12627E-4 3.17598E-4 2.68298E-4 2.35931E-4 2.23137E-4 2.16924E-4 3.27957E-4 3.89311E-4 4.54219E-4 4.57698E-4 3.9739E-4 2.93549E-4 1.90245E-4 1.4943E-4 1.67785E-4 1.79436E-4 1.96702E-4 2.96996E-4 3.59116E-4 4.01317E-4 3.55014E-4 2.83245E-4 2.01018E-4 1.74072E-4 2.00715E-4 2.03871E-4 5.65205E-4 5.52575E-4 4.07295E-4 4.36837E-4 5.41314E-4 7.09702E-4 7.85224E-4 9.38033E-4 9.57957E-4 9.63761E-4 7.68847E-4 8.90756E-4 1.07256E-3 9.23423E-4 9.48383E-4 1.07076E-3 1.20061E-3 1.33069E-3 1.70319E-3 2.08235E-3 1.41956E-3 8.01489E-4 4.69705E-4 4.48735E-4 3.14689E-4 2.76276E-4 2.88394E-4 2.4604E-4 3.29681E-4 2.10307E-4 2.23432E-4 1.95478E-4 2.4041E-4 2.71508E-4
2.26394E-4 2.12398E-4 2.48557E-4 2.14762E-4 2.34747E-4 2.34163E-4 2.0017E-4 2.03752E-4 3.60105E-4 3.46378E-4 3.40808E-4 4.11446E-4 2.52E-4 1.48155E-4 1.24168E-4 1.43302E-4 1.56738E-4 2.09742E-4 2.71837E-4 3.43896E-4 3.10315E-4 2.12368E-4 1.65825E-4 1.37324E-4 1.43682E-4 4.49785E-4 4.83397E-4 4.74342E-4 5.04535E-4 4.66631E-4 6.77356E-4 4.91034E-4 5.96864E-4 6.77375E-4 7.58251E-4 8.67313E-4 8.21829E-4 7.39484E-4 7.58744E-4 8.01294E-4 9.19383E-4 9.47826E-4 1.00192E-3 1.29886E-3 1.57715E-3 2.9821E-3 2.41582E-3 1.44416E-3 8.04982E-4 6.15382E-4 5.99595E-4 3.41312E-4 2.73195E-4 2.8722E-4 2.49862E-4 1.9869E-4 3.39351E-4 2.01334E-4 1.95697E-4 1.98558E-4 1.98306E-4
1.69206E-4 1.85015E-4 1.90311E-4 1.83545E-4 1.72399E-4 1.2821E-4 9.89688E-5 1.11822E-4 2.05701E-4 2.62253E-4 2.70807E-4 2.64725E-4 1.84893E-4 1.15523E-4 1.12127E-4 1.16305E-4 1.42181E-4 1.93315E-4 2.15067E-4 3.0696E-4 2.07946E-4 1.52297E-4 1.09972E-4 9.94821E-5 9.80233E-5 3.08134E-4 2.63275E-4 2.73871E-4 4.84528E-4 3.05915E-4 2.838E-4 3.96247E-4 5.21109E-4 7.09692E-4 7.66452E-4 7.47105E-4 9.0593E-4 7.11645E-4 6.59136E-4 9.17843E-4 8.17582E-4 9.79947E-4 1.01808E-3 1.0796E-3 1.05311E-3 1.25364E-3 1.2365E-3 1.20673E-3 1.15984E-3 5.10076E-4 4.51071E-4 4.66827E-4 6.48822E-4 9.14026E-4 7.04549E-4 3.76897E-4 2.06014E-4 1.90504E-4 1.9657E-4 2.52569E-4 1.94869E-4
1.22245E-4 1.64476E-4 1.56114E-4 1.26683E-4 1.28015E-4 1.16895E-4 7.12412E-5 7.46994E-5 1.02812E-4 1.87079E-4 1.94366E-4 1.92952E-4 1.39873E-4 1.33689E-4 1.21341E-4 1.17828E-4 1.36806E-4 1.54434E-4 1.72963E-4 1.74334E-4 1.50562E-4 1.15643E-4 8.32938E-5 7.88349E-5 1.00414E-4 1.2315E-4 1.48907E-4 1.40089E-4 1.46592E-4 1.25228E-4 1.8313E-4 2.77255E-4 4.94544E-4 6.73828E-4 7.18823E-4 5.99743E-4 6.98645E-4 1.36234E-3 7.5021E-4 9.75029E-4 8.25852E-4 9.25082E-4 8.0177E-4 8.02642E-4 1.00693E-3 7.76087E-4 7.53676E-4 8.39085E-4 7.4231E-4 7.63435E-4 8.79266E-4 6.25991E-4 5.38346E-4 8.63434E-4 1.48586E-3 7.3946E-4 2.42229E-4 1.84831E-4 1.77529E-4 7.91008E-4 7.24131E-4
1.29765E-4 1.71127E-4 1.56166E-4 1.64677E-4 1.49977E-4 1.12471E-4 7.18072E-5 7.71498E-5 9.86845E-5 1.68384E-4 1.74422E-4 1.74563E-4 1.46779E-4 1.41917E-4 1.4999E-4 1.33781E-4 1.5632E-4 1.36091E-4 1.4647E-4 1.493E-4 1.31593E-4 1.26554E-4 1.07505E-4 1.06791E-4 1.19794E-4 1.41874E-4 1.51189E-4 1.56018E-4 1.88648E-4 1.20552E-4 1.81327E-4 3.30084E-4 4.70262E-4 6.44159E-4 5.88405E-4 3.91739E-4 3.36466E-4 5.55508E-4 9.28974E-4 1.32243E-3 1.3093E-3 8.28377E-4 5.85989E-4 5.91845E-4 8.59076E-4 1.11241E-3 8.12382E-4 8.46924E-4 9.67674E-4 6.25806E-4 5.17226E-4 3.50014E-4 3.28555E-4 6.1768E-4 1.46143E-3 8.6425E-4 5.09433E-4 5.44456E-4 5.53693E-4 6.21793E-4 3.76839E-4
1.7834E-4 1.96364E-4 1.73254E-4 1.16034E-4 1.1306E-4 1.11332E-4 8.64436E-5 8.25416E-5 1.09724E-4 1.42683E-4 1.59939E-4 1.61736E-4 1.61743E-4 1.52996E-4 1.50344E-4 1.58634E-4 1.93466E-4 1.54832E-4 1.22126E-4 1.25999E-4 1.20666E-4 1.44756E-4 1.08961E-4 1.10476E-4 1.31688E-4 1.34206E-4 1.57166E-4 1.7503E-4 1.66642E-4 1.57504E-4 1.83927E-4 2.8753E-4 4.38278E-4 5.18316E-4 4.7252E-4 3.47215E-4 3.38614E-4 3.74267E-4 4.58244E-4 6.02172E-4 7.17661E-4 9.99766E-4 8.46855E-4 7.99862E-4 8.92367E-4 6.30586E-4 6.73593E-4 7.74015E-4 6.85656E-4 6.55707E-4 6.94727E-4 6.0127E-4 4.81666E-4 5.64568E-4 4.92666E-4 7.08905E-4 5.8501E-4 8.02796E-4 9.02011E-4 9.99294E-4 9.79417E-4
2.24598E-4 3.17195E-4 3.04188E-4 2.27824E-4 1.52348E-4 1.33789E-4 1.25971E-4 1.38741E-4 1.32427E-4 1.45007E-4 1.67454E-4 1.85833E-4 2.03899E-4 2.10757E-4 2.11306E-4 1.86821E-4 2.10571E-4 1.84594E-4 1.40209E-4 1.2898E-4 1.23621E-4 1.56305E-4 1.2018E-4 1.15425E-4 1.23996E-4 1.43908E-4 1.73508E-4 1.73924E-4 1.37121E-4 1.54473E-4 1.57968E-4 2.63263E-4 3.39095E-4 3.90769E-4 4.21661E-4 3.74032E-4 3.6703E-4 3.80722E-4 3.98985E-4 4.53584E-4 4.64193E-4 4.81193E-4 6.25783E-4 6.3425E-4 7.12533E-4 8.21047E-4 7.5355E-4 7.76508E-4 7.43624E-4 7.31198E-4 7.76149E-4 1.56235E-3 9.41783E-4 1.15022E-3 6.13447E-4 7.71408E-4 1.01809E-3 1.57024E-3 1.43715E-3 1.39698E-3 2.13957E-3
2.15212E-4 4.12684E-4 5.3389E-4 4.89486E-4 3.17084E-4 2.06916E-4 1.63433E-4 1.60695E-4 1.5892E-4 1.66606E-4 1.93075E-4 2.30646E-4 2.40154E-4 2.66436E-4 2.88459E-4 2.32108E-4 2.07165E-4 1.83705E-4 1.79327E-4 1.82733E-4 1.58467E-4 1.47183E-4 1.44322E-4 1.5759E-4 1.68816E-4 2.42966E-4 4.00325E-4 4.11392E-4 3.77237E-4 3.32754E-4 2.71221E-4 2.95076E-4 3.03811E-4 3.03022E-4 3.11913E-4 3.19762E-4 3.30391E-4 3.5314E-4 3.87314E-4 5.11129E-4 4.17816E-4 4.20848E-4 4.09997E-4 3.77305E-4 3.81184E-4 3.96816E-4 5.60682E-4 8.1588E-4 7.81776E-4 7.08483E-4 6.52065E-4 6.63661E-4 5.55886E-4 5.19113E-4 5.6253E-4 9.47827E-4 1.18179E-3 1.48121E-3 2.02724E-3 4.56863E-3 1.09195E-2
1.97927E-4 1.99658E-4 2.00021E-4 1.73268E-4 2.22393E-4 1.88627E-4 1.96138E-4 1.62108E-4 1.66028E-4 1.70959E-4 2.06235E-4 2.54451E-4 3.08119E-4 2.92172E-4 3.8308E-4 3.25686E-4 2.51841E-4 2.23572E-4 2.2259E-4 2.20952E-4 2.12204E-4 2.06932E-4 1.77038E-4 1.7964E-4 1.95001E-4 4.36755E-4 6.06049E-4 6.13759E-4 3.00171E-4 2.50005E-4 2.71734E-4 2.81284E-4 3.3471E-4 3.28235E-4 3.45454E-4 3.34466E-4 3.54225E-4 3.4641E-4 3.17126E-4 3.34728E-4 3.17585E-4 3.74321E-4 5.14853E-4 7.1112E-4 3.92182E-4 4.95129E-4 4.25658E-4 4.62786E-4 5.22395E-4 4.9732E-4 4.28315E-4 4.21515E-4 4.30101E-4 3.70446E-4 3.06702E-4 3.8857E-4 1.13985E-3 3.60017E-3 1.07195E-2 1.38436E-2 1.31435E-2
2.51735E-4 2.32259E-4 1.99145E-4 1.7785E-4 1.88806E-4 1.40587E-4 1.36218E-4 1.16989E-4 1.46334E-4 1.83769E-4 2.18304E-4 2.66657E-4 3.16114E-4 3.48983E-4 3.70196E-4 3.38443E-4 2.95657E-4 2.76246E-4 2.40542E-4 2.2993E-4 2.41199E-4 2.16189E-4 2.01234E-4 1.98725E-4 2.20635E-4 2.29113E-4 2.20115E-4 2.38846E-4 2.4643E-4 2.74268E-4 2.67293E-4 2.7711E-4 3.26773E-4 3.38756E-4 3.24026E-4 3.05765E-4 3.21946E-4 3.12038E-4 3.53912E-4 3.073E-4 3.05399E-4 2.97273E-4 2.96797E-4 2.9576E-4 3.0479E-4 3.22743E-4 3.41767E-4 3.70906E-4 3.92124E-4 3.78926E-4 4.06976E-4 3.80883E-4 4.5106E-4 9.70681E-4 2.05013E-3 5.8293E-3 1.22243E-2 1.32777E-2 1.45327E-2 1.72377E-2 1.93687E-2
2.30099E-4 2.19941E-4 2.18526E-4 1.9858E-4 1.81843E-4 1.9954E-4 1.60872E-4 1.66589E-4 1.54397E-4 1.95327E-4 2.38594E-4 2.89288E-4 2.98698E-4 3.26623E-4 3.3473E-4 3.37427E-4 3.18956E-4 3.16756E-4 3.11466E-4 3.2166E-4 3.46226E-4 2.62077E-4 2.4393E-4 2.52972E-4 2.13496E-4 1.95884E-4 2.2301E-4 2.46689E-4 3.02738E-4 3.3315E-4 3.23018E-4 3.29553E-4 3.75182E-4 3.64935E-4 3.56845E-4 4.10328E-4 3.94234E-4 3.056E-4 3.17006E-4 3.19488E-4 3.14803E-4 3.87827E-4 2.81904E-4 3.30628E-4 3.29488E-4 3.14055E-4 2.64363E-4 2.90206E-4 3.03398E-4 3.71021E-4 7.29423E-4 1.46391E-3 6.41855E-3 1.09584E-2 1.03502E-2 1.26696E-2 1.50736E-2 1.99808E-2 2.14327E-2 2.30043E-2 2.50473E-2
2.35352E-4 2.37066E-4 2.7117E-4 2.42699E-4 2.28621E-4 2.00932E-4 1.76137E-4 1.83122E-4 1.86239E-4 2.17444E-4 2.39076E-4 2.43839E-4 2.93357E-4 3.16039E-4 3.32061E-4 3.43147E-4 3.54381E-4 3.63498E-4 3.92568E-4 3.41098E-4 3.70458E-4 3.39554E-4 3.67949E-4 2.64473E-4 2.36668E-4 2.73231E-4 2.53678E-4 3.04804E-4 3.05279E-4 6.26828E-4 3.54946E-4 7.07998E-4 4.38292E-4 3.1555E-4 3.19327E-4 4.38421E-4 3.83187E-4 3.69392E-4 3.96322E-4 3.18249E-4 2.15057E-4 2.72354E-4 3.10442E-4 2.95914E-4 3.47873E-4 3.1677E-4 3.15347E-4 3.33184E-4 4.64094E-4 1.16936E-3 7.30934E-3 1.15604E-2 1.32039E-2 1.61281E-2 1.78741E-2 2.07948E-2 2.29864E-2 2.68893E-2 2.87235E-2 3.21267E-2 3.46898E-2
2.06981E-4 2.29981E-4 2.15856E-4 2.01784E-4 2.49267E-4 2.67023E-4 2.10654E-4 2.04145E-4 2.04302E-4 2.23395E-4 2.46979E-4 2.40574E-4 2.54186E-4 2.90595E-4 3.45459E-4 3.65326E-4 4.08181E-4 4.0876E-4 4.27451E-4 4.17592E-4 4.23162E-4 3.93891E-4 3.9395E-4 3.67207E-4 3.21751E-4 3.28272E-4 3.38035E-4 3.01547E-4 3.34695E-4 4.20914E-4 6.67323E-4 4.58808E-4 3.38706E-4 3.8134E-4 3.61637E-4 4.8741E-4 4.08206E-4 3.68188E-4 3.63493E-4 2.55183E-4 2.39936E-4 2.2131E-4 2.69467E-4 3.77194E-4 4.42947E-4 4.5882E-4 5.3312E-4 7.4598E-4 1.44135E-3 1.11174E-2 1.30923E-2 1.83234E-2 2.42277E-2 2.811E-2 2.89502E-2 3.02934E-2 3.40647E-2 3.78525E-2 3.91082E-2 4.20145E-2 4.51052E-2
1.47547E-4 1.77235E-4 2.18197E-4 1.92078E-4 2.15432E-4 2.50096E-4 2.45408E-4 2.44321E-4 2.26016E-4 2.4487E-4 2.63524E-4 2.49228E-4 2.52352E-4 2.59536E-4 3.1107E-4 4.29773E-4 4.47E-4 4.3332E-4 3.7058E-4 3.73802E-4 3.54982E-4 3.92239E-4 4.5573E-4 4.31501E-4 3.50059E-4 3.18759E-4 3.38928E-4 3.20455E-4 3.84432E-4 6.48354E-4 1.02943E-3 6.57681E-4 3.9973E-4 4.18966E-4 3.75961E-4 3.942E-4 3.56189E-4 3.34564E-4 3.06539E-4 2.84608E-4 2.96545E-4 2.8918E-4 3.18057E-4 5.12824E-4 6.43694E-4 7.8245E-4 1.16754E-3 3.76885E-3 1.38998E-2 1.51429E-2 1.973E-2 2.58689E-2 3.2773E-2 3.77585E-2 4.43981E-2 4.50294E-2 4.65202E-2 4.95577E-2 4.99813E-2 5.27113E-2 5.70369E-2
2.41726E-4 2.06505E-4 2.42008E-4 2.35489E-4 2.67149E-4 2.42098E-4 2.59024E-4 2.4759E-4 2.46841E-4 2.51078E-4 2.97549E-4 2.72237E-4 2.92402E-4 2.9647E-4 3.66725E-4 4.48157E-4 5.32575E-4 4.51154E-4 3.80494E-4 3.59178E-4 3.77243E-4 3.98307E-4 4.21987E-4 4.77939E-4 3.74E-4 2.81511E-4 2.75144E-4 3.50331E-4 3.65604E-4 4.6629E-4 4.76154E-4 4.64093E-4 4.69875E-4 4.50302E-4 3.96366E-4 3.29594E-4 3.288E-4 3.90886E-4 3.45939E-4 3.37789E-4 4.0066E-4 4.33254E-4 5.06546E-4 8.80002E-4 1.15851E-3 3.23459E-3 1.27619E-2 2.03677E-2 2.03898E-2 1.93372E-2 1.82265E-2 1.22964E-2 2.21155E-2 3.42088E-2 5.36263E-2 5.97488E-2 5.31984E-2 5.59066E-2 6.98791E-2 9.02631E-2 1.0975E-1
2.63411E-4 3.0404E-4 3.19715E-4 2.82137E-4 2.78714E-4 2.62111E-4 2.96138E-4 2.89724E-4 2.67883E-4 2.80039E-4 3.16098E-4 3.58622E-4 3.09996E-4 3.25672E-4 3.80757E-4 4.03817E-4 4.56192E-4 4.69609E-4 3.76841E-4 4.11386E-4 5.09195E-4 5.01488E-4 4.8778E-4 4.27327E-4 3.62486E-4 2.91713E-4 2.78769E-4 2.95859E-4 3.23476E-4 4.11096E-4 4.56709E-4 6.16945E-4 7.14287E-4 5.5659E-4 4.97392E-4 3.6819E-4 3.58802E-4 5.34349E-4 3.83395E-4 3.67278E-4 4.87536E-4 5.83732E-4 6.71655E-4 9.67293E-4 4.12378E-3 1.24949E-2 1.00711E-2 5.3422E-3 2.98286E-3 3.02743E-3 3.16322E-3 6.37387E-3 2.85039E-2 6.78257E-2 8.85343E-2 9.6345E-2 9.86193E-2 7.98343E-2 3.77902E-2 2.6555E-2 1.91316E-2
2.87478E-4 3.15183E-4 3.39507E-4 3.52119E-4 3.25195E-4 2.86971E-4 3.23666E-4 3.09881E-4 2.95716E-4 2.95501E-4 3.34134E-4 3.88165E-4 3.51076E-4 3.7481E-4 3.90304E-4 4.35719E-4 4.57616E-4 4.73695E-4 4.4748E-4 4.82224E-4 5.2265E-4 7.63665E-4 6.73464E-4 6.24964E-4 5.29252E-4 3.60141E-4 3.40368E-4 3.46622E-4 3.86745E-4 5.00776E-4 4.83477E-4 7.89554E-4 7.8167E-4 6.63056E-4 5.21965E-4 4.52115E-4 4.50894E-4 3.95088E-4 3.66494E-4 3.75371E-4 4.13174E-4 6.31451E-4 7.97667E-4 1.00926E-3 1.34831E-3 1.59204E-3 1.94126E-3 1.95346E-3 2.41628E-3 1.89315E-3 1.90719E-3 3.80791E-3 7.48386E-3 2.43418E-2 4.57052E-2 3.20489E-2 2.43952E-2 1.77711E-2 1.47028E-2 1.76355E-2 1.00736E-2
2.76393E-4 3.19111E-4 3.71561E-4 4.07992E-4 4.05108E-4 3.22137E-4 3.24455E-4 3.85629E-4 3.59943E-4 3.28987E-4 3.58491E-4 3.99408E-4 3.91094E-4 4.12667E-4 4.6999E-4 4.84612E-4 4.92912E-4 5.07727E-4 5.51302E-4 6.28195E-4 6.87249E-4 8.08421E-4 9.83165E-4 1.17556E-3 6.7168E-4 4.92543E-4 4.87407E-4 4.88573E-4 5.79313E-4 6.26758E-4 8.83338E-4 1.20904E-3 8.40782E-4 8.03916E-4 8.81965E-4 6.7311E-4 4.8568E-4 4.21106E-4 4.32229E-4 4.21687E-4 6.73297E-4 6.44693E-4 8.06613E-4 7.96166E-4 9.31528E-4 1.18114E-3 1.52004E-3 1.18809E-3 1.79148E-3 2.28504E-3 1.78491E-3 2.78215E-3 4.8528E-3 7.80469E-3 8.64594E-3 8.09736E-3 7.78116E-3 8.40603E-3 9.03509E-3 1.2676E-2 1.00195E-2
2.6234E-4 3.5744E-4 4.46095E-4 5.13893E-4 4.36483E-4 3.98686E-4 4.35059E-4 4.54933E-4 4.12481E-4 4.24947E-4 4.36748E-4 5.39264E-4 5.54236E-4 5.34823E-4 5.27213E-4 5.64222E-4 4.90282E-4 5.70994E-4 6.26666E-4 7.82974E-4 9.07623E-4 1.04419E-3 1.09251E-3 1.10309E-3 8.77895E-4 6.9639E-4 7.07657E-4 8.2891E-4 9.38965E-4 1.10123E-3 1.0708E-3 8.32946E-4 6.84348E-4 7.31109E-4 2.74343E-3 3.05249E-3 5.13182E-4 4.8251E-4 5.96596E-4 7.36066E-4 7.45896E-4 8.61698E-4 9.30851E-4 9.93125E-4 1.16626E-3 1.62563E-3 1.13746E-3 1.71188E-3 1.94408E-3 1.82906E-3 2.17068E-3 2.0962E-3 2.41813E-3 3.09971E-3 3.79462E-3 4.50567E-3 5.21591E-3 4.81678E-3 6.03492E-3 6.67322E-3 7.4604E-3
3.55038E-4 3.4761E-4 5.01815E-4 5.97337E-4 5.6606E-4 4.7564E-4 4.62424E-4 5.98916E-4 4.63535E-4 5.02686E-4 5.64214E-4 6.97169E-4 7.13307E-4 7.38535E-4 8.07367E-4 7.96126E-4 6.08881E-4 6.20815E-4 7.09556E-4 9.56994E-4 9.77544E-4 1.04213E-3 1.21086E-3 1.07332E-3 1.10163E-3 9.33697E-4 9.40364E-4 1.14707E-3 1.3603E-3 1.02058E-3 1.00174E-3 8.69906E-4 6.39936E-4 7.08304E-4 8.56609E-4 1.09126E-3 6.02915E-4 6.87292E-4 6.9478E-4 9.40654E-4 1.05832E-3 1.43043E-3 1.91265E-3 1.89947E-3 1.80969E-3 2.06576E-3 2.15568E-3 2.19099E-3 2.19492E-3 2.03275E-3 1.80871E-3 1.66394E-3 1.90109E-3 2.23159E-3 2.99045E-3 4.20442E-3 4.26552E-3 2.94021E-3 3.64675E-3 4.3125E-3 3.34659E-3
2.74567E-4 3.892E-4 4.05435E-4 6.14339E-4 5.61088E-4 4.54893E-4 4.69424E-4 5.74677E-4 6.31942E-4 5.19363E-4 5.49194E-4 6.36276E-4 8.03101E-4 8.66663E-4 9.29658E-4 8.9486E-4 7.07124E-4 8.07801E-4 7.37346E-4 8.1809E-4 1.01531E-3 1.09983E-3 1.17487E-3 1.3061E-3 1.6713E-3 1.3306E-3 1.51085E-3 1.57108E-3 1.64798E-3 1.15765E-3 1.07972E-3 9.95932E-4 8.65724E-4 7.16376E-4 7.72744E-4 7.91677E-4 8.03488E-4 8.6248E-4 9.47571E-4 1.23728E-3 1.97875E-3 2.25392E-3 3.22528E-3 3.1787E-3 3.08023E-3 2.17017E-3 1.90334E-3 2.64171E-3 3.91293E-3 3.59306E-3 2.29725E-3 1.92763E-3 2.17441E-3 2.32519E-3 2.89165E-3 3.1455E-3 3.15012E-3 3.71721E-3 3.16495E-3 3.44543E-3 2.7334E-3
3.50664E-4 4.43109E-4 5.27411E-4 5.33618E-4 4.67632E-4 4.65565E-4 5.22651E-4 6.99808E-4 7.45036E-4 7.18723E-4 5.70293E-4 6.93605E-4 7.18754E-4 8.5782E-4 1.13246E-3 1.0497E-3 1.12692E-3 1.04237E-3 8.31883E-4 8.60677E-4 1.12499E-3 1.26259E-3 1.45008E-3 1.72754E-3 1.97627E-3 1.69038E-3 1.51819E-3 1.7692E-3 1.80413E-3 1.61813E-3 1.35992E-3 1.2665E-3 1.0342E-3 9.24669E-4 1.05886E-3 1.10202E-3 1.24939E-3 1.16835E-3 1.54816E-3 1.72553E-3 2.49106E-3 2.7432E-3 2.99308E-3 2.81709E-3 2.50417E-3 2.04511E-3 2.48995E-3 3.49581E-3 3.06617E-3 1.87424E-3 2.03882E-3 2.2064E-3 2.16577E-3 2.23768E-3 2.39649E-3 2.36535E-3 2.56682E-3 2.61649E-3 2.34265E-3 2.85935E-3 2.38477E-3
3.97593E-4 4.94197E-4 4.74863E-4 4.70464E-4 4.61488E-4 5.13347E-4 5.33033E-4 6.14776E-4 5.90021E-4 7.26117E-4 6.66276E-4 1.0111E-3 8.13464E-4 6.41834E-4 9.90514E-4 1.16872E-3 1.1396E-3 1.0687E-3 9.93684E-4 9.37883E-4 1.07135E-3 1.31387E-3 1.74824E-3 1.99471E-3 2.63485E-3 1.94021E-3 1.65607E-3 1.71609E-3 1.7333E-3 1.79696E-3 2.21019E-3 1.60017E-3 1.26451E-3 1.32336E-3 1.46158E-3 1.71416E-3 1.91948E-3 2.1092E-3 2.24503E-3 2.28366E-3 2.75045E-3 3.07062E-3 3.0945E-3 3.26485E-3 3.40167E-3 2.66696E-3 2.2637E-3 2.85846E-3 3.55158E-3 2.26681E-3 2.31387E-3 2.81082E-3 2.33604E-3 1.92354E-3 1.94781E-3 1.83831E-3 2.09493E-3 2.24942E-3 2.58305E-3 2.78684E-3 3.10667E-3
5.23963E-4 5.06573E-4 4.31846E-4 4.66831E-4 4.95726E-4 5.16994E-4 5.08917E-4 5.11245E-4 6.45895E-4 7.56092E-4 9.96539E-4 1.2221E-3 1.39435E-3 6.50001E-4 6.29286E-4 9.58142E-4 1.12783E-3 1.10685E-3 1.15619E-3 1.10617E-3 1.23699E-3 1.36961E-3 1.74106E-3 2.93431E-3 2.81328E-3 2.70046E-3 2.26775E-3 1.75711E-3 1.827E-3 2.14711E-3 2.13245E-3 1.98236E-3 1.86819E-3 2.0778E-3 2.4109E-3 2.90358E-3 3.18307E-3 2.98178E-3 2.79108E-3 3.33712E-3 2.93229E-3 3.33085E-3 3.17502E-3 3.37572E-3 3.4737E-3 2.9314E-3 3.06743E-3 3.22813E-3 3.15657E-3 2.70001E-3 2.69678E-3 2.39303E-3 2.52949E-3 2.59024E-3 2.34222E-3 2.46634E-3 2.98181E-3 3.03199E-3 3.8918E-3 3.42937E-3 3.12802E-3
5.27307E-4 5.369E-4 5.20658E-4 5.26965E-4 5.41583E-4 4.78036E-4 4.59647E-4 5.03514E-4 5.94667E-4 9.15775E-4 1.1988E-3 1.37318E-3 1.18746E-3 7.99762E-4 5.69738E-4 9.05984E-4 8.41696E-4 9.35607E-4 1.23477E-3 1.27109E-3 1.54021E-3 1.35635E-3 1.82408E-3 2.98038E-3 2.57368E-3 2.5087E-3 3.26043E-3 2.95979E-3 2.26061E-3 1.98573E-3 2.10499E-3 2.58703E-3 2.97437E-3 3.08363E-3 3.15616E-3 3.40102E-3 4.11157E-3 4.07902E-3 4.57641E-3 4.80665E-3 4.09544E-3 3.27738E-3 3.49388E-3 3.5781E-3 3.87932E-3 3.95368E-3 3.62982E-3 3.24274E-3 4.11855E-3 4.45885E-3 3.77525E-3 2.90285E-3 3.35618E-3 4.14E-3 3.86619E-3 3.16851E-3 3.61416E-3 4.14057E-3 4.4236E-3 3.65518E-3 2.90579E-3
5.28946E-4 6.01988E-4 6.30147E-4 5.7848E-4 5.4571E-4 4.96227E-4 5.01595E-4 4.72917E-4 5.60995E-4 8.47065E-4 1.20275E-3 1.14206E-3 9.92931E-4 6.84485E-4 5.76175E-4 7.75446E-4 1.08146E-3 1.02886E-3 1.22794E-3 1.20631E-3 1.14214E-3 1.47592E-3 1.98745E-3 2.13958E-3 2.28219E-3 2.40965E-3 2.15859E-3 2.1478E-3 1.9686E-3 2.30793E-3 2.7046E-3 3.13903E-3 2.46798E-3 2.82108E-3 3.346E-3 3.84794E-3 5.52105E-3 6.03423E-3 6.86886E-3 5.77164E-3 5.40096E-3 3.84493E-3 3.21997E-3 3.57357E-3 3.84781E-3 4.10125E-3 4.37544E-3 3.40148E-3 2.87508E-3 3.54113E-3 3.30988E-3 3.21212E-3 2.80272E-3 3.54942E-3 3.58673E-3 3.76209E-3 3.7833E-3 4.26356E-3 4.20483E-3 4.79095E-3 3.54104E-3
