data/maxent/outputs/red_26.asc
ncols         426
nrows         180
xllcorner     -130.0
yllcorner     24.0
cellsize      0.16666666666666666
NODATA_value  -9999
[rows 81 to 107 of 180, columns 122 to 182 of 426]
4.783E-5 2.58621E-5 6.58598E-5 1.53616E-4 1.21033E-4 1.59934E-4 1.37401E-4 9.91129E-5 1.00346E-4 1.36232E-4 9.98141E-5 1.51995E-4 2.01461E-4 2.66946E-4 1.82056E-4 1.08697E-4 7.56566E-5 4.34659E-4 4.07158E-4 3.98455E-4 6.31906E-4 5.60471E-4 6.12475E-4 7.26284E-4 1.86864E-3 1.1221E-3 4.76058E-4 1.50623E-4 9.97791E-5 1.1323E-4 8.5637E-5 5.68925E-5 4.72296E-5 4.6339E-5 4.90532E-5 4.17121E-5 3.72023E-5 3.26667E-5 2.76726E-5 2.92231E-5 3.09555E-5 3.66251E-5 3.73923E-5 4.0049E-5 3.9744E-5 3.1263E-5 2.60826E-5 2.56894E-5 2.85957E-5 2.60402E-5 2.3201E-5 2.00639E-5 2.27623E-5 2.39291E-5 2.29461E-5 2.07757E-5 1.6224E-5 1.75759E-5 1.97923E-5 1.93372E-5 1.59883E-5
2.15035E-5 2.70727E-5 3.67459E-5 6.75321E-5 1.2208E-4 8.87744E-5 4.74858E-5 6.5585E-5 8.56511E-5 3.45383E-4 4.65183E-4 2.89241E-4 4.26055E-4 5.93365E-4 6.33033E-4 6.15982E-4 3.53474E-4 7.96087E-4 3.20557E-4 1.04532E-4 4.74784E-4 6.64325E-4 4.10457E-4 5.81205E-4 1.50542E-3 1.30468E-3 5.28836E-4 1.75625E-4 1.14185E-4 9.38239E-5 6.95527E-5 5.16175E-5 4.29362E-5 3.79401E-5 3.93384E-5 3.99286E-5 3.57187E-5 3.28465E-5 3.80717E-5 3.4076E-5 3.20557E-5 3.76364E-5 3.82426E-5 4.32384E-5 4.16885E-5 3.52308E-5 2.75284E-5 2.52242E-5 2.27928E-5 2.61657E-5 2.64036E-5 2.38027E-5 2.39518E-5 2.85335E-5 3.00044E-5 2.43998E-5 2.10898E-5 2.33775E-5 2.81053E-5 2.63591E-5 1.95022E-5
1.66348E-5 2.94718E-5 3.94518E-5 4.60041E-5 4.85996E-5 8.62757E-5 1.99099E-4 1.1223E-4 1.04081E-4 2.22949E-4 1.91498E-4 2.87515E-4 6.29053E-4 6.77152E-4 7.30185E-4 7.50393E-4 2.37122E-4 4.1357E-4 4.59845E-4 6.01332E-5 5.71275E-5 2.20368E-4 8.54746E-5 4.62083E-4 1.1021E-3 1.27892E-3 5.70589E-4 2.50143E-4 1.29821E-4 1.0842E-4 8.82898E-5 6.61885E-5 5.46882E-5 4.55711E-5 4.83269E-5 3.58913E-5 3.01365E-5 3.83132E-5 4.11887E-5 3.71433E-5 3.85952E-5 4.6279E-5 4.75568E-5 4.62578E-5 5.31321E-5 4.54147E-5 3.71052E-5 3.14532E-5 2.76704E-5 3.05786E-5 2.77863E-5 2.91365E-5 3.35388E-5 3.83024E-5 4.07428E-5 3.39063E-5 3.1298E-5 3.12237E-5 3.58345E-5 3.47532E-5 2.41468E-5
5.67248E-5 9.66875E-5 1.07631E-4 2.12925E-4 2.62534E-4 3.50442E-4 6.12102E-4 1.84037E-4 2.07987E-4 3.62351E-4 2.82491E-4 3.09793E-4 6.07259E-4 5.60239E-4 3.14352E-4 4.43624E-4 2.76925E-4 2.12622E-4 2.9946E-4 2.77008E-4 1.93944E-4 3.13234E-4 5.14411E-4 4.25091E-4 1.55132E-3 1.22932E-3 7.24906E-4 6.70739E-4 3.69305E-4 1.78817E-4 1.29111E-4 9.39429E-5 8.48274E-5 5.71603E-5 6.56152E-5 5.14493E-5 3.67567E-5 4.09553E-5 4.4461E-5 4.30544E-5 4.45259E-5 4.85518E-5 4.68398E-5 4.63578E-5 5.34703E-5 5.4131E-5 5.26925E-5 4.4068E-5 4.19437E-5 3.95756E-5 3.54757E-5 3.50748E-5 3.83134E-5 4.18684E-5 4.23946E-5 3.78147E-5 3.74134E-5 3.57016E-5 3.76136E-5 3.70335E-5 3.08452E-5
1.60742E-4 2.27699E-4 3.03669E-4 5.1513E-4 7.97332E-4 7.60664E-4 5.8113E-4 4.21248E-4 3.62577E-4 3.1068E-4 3.68514E-4 3.87511E-4 3.99214E-4 2.40916E-4 3.01619E-4 3.02911E-4 2.98912E-4 1.7015E-4 2.57491E-4 6.36184E-4 4.78848E-4 3.97711E-4 4.44981E-4 7.87926E-4 2.18884E-3 1.06047E-3 6.01277E-4 8.72893E-4 6.13887E-4 2.79181E-4 1.53493E-4 1.30154E-4 9.76589E-5 7.08548E-5 7.87825E-5 6.2398E-5 6.18322E-5 5.1676E-5 4.40451E-5 4.65373E-5 4.87482E-5 5.13504E-5 5.04752E-5 5.39794E-5 4.75674E-5 4.16555E-5 4.83045E-5 4.73268E-5 3.90653E-5 3.77492E-5 3.83207E-5 3.73882E-5 4.18295E-5 4.58568E-5 4.43219E-5 4.28749E-5 4.2439E-5 4.17999E-5 4.18368E-5 4.10266E-5 3.36683E-5
5.20407E-4 6.47399E-4 8.13911E-4 9.87223E-4 9.55846E-4 8.00491E-4 5.29877E-4 3.18419E-4 2.5991E-4 2.70624E-4 4.27029E-4 4.54222E-4 5.632E-4 4.58939E-4 3.82009E-4 2.3252E-4 2.31531E-4 2.18449E-4 3.36643E-4 3.91925E-4 4.48111E-4 4.09716E-4 4.94534E-4 4.78239E-4 1.23521E-3 6.3038E-4 3.37936E-4 6.31388E-4 5.68639E-4 2.73954E-4 1.35588E-4 1.10637E-4 9.7895E-5 8.10674E-5 8.68589E-5 7.89523E-5 6.98521E-5 5.20262E-5 4.61266E-5 4.56088E-5 4.88898E-5 5.78062E-5 5.5616E-5 5.45403E-5 4.81522E-5 3.91357E-5 4.73902E-5 4.48973E-5 3.83761E-5 3.45433E-5 3.43895E-5 3.26961E-5 4.18813E-5 4.66104E-5 4.73934E-5 4.73795E-5 4.96514E-5 4.92661E-5 4.60872E-5 4.21633E-5 3.98577E-5
6.41543E-4 9.52109E-4 1.44797E-3 1.10938E-3 9.24852E-4 1.1279E-3 1.15005E-3 8.11682E-4 6.81385E-4 5.54539E-4 4.76047E-4 3.3046E-4 3.34937E-4 2.96929E-4 2.19182E-4 1.74167E-4 4.46677E-4 4.13653E-4 3.57469E-4 3.60621E-4 2.82094E-4 3.95254E-4 4.83944E-4 3.1199E-4 6.33679E-4 1.60019E-4 1.42782E-4 3.23026E-4 2.63524E-4 1.61052E-4 9.56233E-5 9.72E-5 9.07597E-5 7.50164E-5 6.19479E-5 6.48711E-5 5.07401E-5 5.13467E-5 5.57056E-5 5.55744E-5 5.45288E-5 5.81385E-5 6.35202E-5 7.01774E-5 7.15511E-5 5.72115E-5 5.18501E-5 4.88502E-5 4.29631E-5 3.52733E-5 3.10589E-5 3.14092E-5 3.81909E-5 4.94499E-5 5.13342E-5 5.10627E-5 5.31315E-5 5.22826E-5 5.03104E-5 4.65105E-5 4.56115E-5
8.53725E-4 1.19721E-3 8.8019E-4 3.50535E-4 3.89769E-4 4.25246E-4 8.47375E-4 1.00444E-3 6.77291E-4 5.99063E-4 3.371E-4 1.85657E-4 1.55009E-4 2.11191E-4 2.79186E-4 2.06114E-4 1.22576E-4 3.11232E-4 2.11065E-4 2.44086E-4 1.96418E-4 4.56322E-4 1.07174E-4 2.90505E-5 1.72707E-4 2.93651E-4 9.70377E-5 1.72026E-4 1.43277E-4 5.42428E-5 3.77938E-5 6.27178E-5 6.18258E-5 5.92845E-5 5.43253E-5 5.10653E-5 4.66809E-5 5.28145E-5 5.72463E-5 6.12319E-5 6.34961E-5 6.39008E-5 6.99614E-5 7.93028E-5 8.64235E-5 6.97156E-5 5.87056E-5 5.57558E-5 5.10967E-5 4.0297E-5 3.86788E-5 3.81763E-5 4.74774E-5 5.22663E-5 5.12928E-5 5.10551E-5 5.64014E-5 6.08996E-5 5.84153E-5 5.6342E-5 5.12316E-5
1.14241E-3 6.56489E-4 2.72683E-4 6.0198E-4 1.01833E-3 6.9981E-4 6.89344E-4 1.01978E-3 7.56659E-4 3.84132E-4 3.0891E-4 2.08967E-4 1.4784E-4 9.84422E-5 2.06408E-4 1.09412E-4 1.16701E-4 1.51797E-4 9.83693E-5 2.08819E-4 2.01585E-4 2.97455E-4 1.29813E-5 7.91205E-6 4.0839E-5 3.3279E-5 3.75662E-5 5.86568E-5 1.0571E-4 5.05993E-5 3.89929E-5 5.04906E-5 4.71452E-5 4.95964E-5 5.71869E-5 6.30822E-5 6.20147E-5 5.48655E-5 6.2496E-5 6.19853E-5 6.35652E-5 6.00097E-5 6.14287E-5 6.7762E-5 7.19428E-5 6.41168E-5 7.41037E-5 6.98185E-5 6.03816E-5 4.98469E-5 4.81337E-5 5.1361E-5 6.09419E-5 6.1527E-5 4.98301E-5 4.95247E-5 6.00115E-5 7.24236E-5 8.08232E-5 6.72898E-5 5.3394E-5
3.8174E-4 3.21486E-4 3.85879E-4 1.181E-3 6.9722E-4 6.5129E-4 9.16457E-4 8.00104E-4 9.31683E-4 6.38591E-4 5.53807E-4 3.70499E-4 3.77974E-4 1.89351E-4 1.60318E-4 8.38648E-5 4.34919E-5 8.80334E-5 4.7984E-5 1.12647E-4 3.08389E-4 1.79123E-4 1.522E-5 6.91625E-6 1.4316E-5 1.99766E-5 2.20508E-5 7.72782E-5 1.44205E-4 1.23589E-4 6.63441E-5 6.01139E-5 4.78676E-5 5.77803E-5 6.825E-5 8.50705E-5 8.37842E-5 7.39568E-5 6.07325E-5 6.64794E-5 5.67779E-5 5.00854E-5 5.2136E-5 5.83969E-5 6.52912E-5 7.30208E-5 8.89932E-5 8.28576E-5 7.54889E-5 6.22685E-5 5.91968E-5 6.31413E-5 6.99522E-5 6.55253E-5 5.464E-5 5.17747E-5 6.60874E-5 7.68475E-5 8.21176E-5 6.58214E-5 5.75857E-5
8.61372E-4 1.0227E-3 1.23884E-3 1.57483E-3 1.86608E-3 7.8949E-4 4.60219E-4 9.81958E-4 8.03669E-4 6.0161E-4 7.04312E-4 6.33368E-4 3.66152E-4 2.04935E-4 1.5824E-4 7.17681E-5 1.97983E-5 5.2646E-5 7.78044E-5 9.86423E-5 2.49352E-4 6.81795E-5 4.03343E-5 2.08051E-5 3.66858E-5 2.61013E-5 4.50015E-5 1.1741E-4 2.16032E-4 1.56181E-4 1.11816E-4 9.60578E-5 9.38939E-5 8.64666E-5 8.29682E-5 8.47124E-5 1.03702E-4 8.50215E-5 6.58571E-5 6.07981E-5 4.83217E-5 3.73788E-5 4.38823E-5 5.37508E-5 5.55122E-5 6.41596E-5 7.40565E-5 7.65481E-5 7.19528E-5 6.77729E-5 7.27963E-5 8.63618E-5 9.21643E-5 9.26446E-5 7.80058E-5 7.58758E-5 8.83971E-5 8.77404E-5 8.0154E-5 7.13288E-5 6.18872E-5
1.83623E-3 1.78231E-3 1.65668E-3 1.16244E-3 1.88465E-3 1.50526E-3 6.58344E-4 8.16484E-4 7.4797E-4 5.74496E-4 5.26762E-4 3.77563E-4 1.12964E-4 1.17298E-4 8.44021E-5 4.83545E-5 4.98751E-6 1.84053E-5 5.94169E-5 9.35075E-5 2.28812E-4 1.12111E-4 1.21421E-4 8.04504E-5 7.21979E-5 1.39089E-4 2.53683E-4 3.25856E-4 2.97297E-4 1.76676E-4 1.40025E-4 1.08847E-4 1.11394E-4 9.50979E-5 9.4242E-5 8.78635E-5 1.04687E-4 9.14196E-5 6.58539E-5 5.22976E-5 4.60678E-5 3.9313E-5 3.55483E-5 4.62416E-5 5.71005E-5 6.30105E-5 6.96054E-5 7.26866E-5 6.78502E-5 6.49586E-5 7.61562E-5 8.96547E-5 1.18882E-4 1.0103E-4 9.41304E-5 9.09318E-5 9.16632E-5 8.87673E-5 7.67668E-5 6.7495E-5 6.48381E-5
1.93184E-3 1.68893E-3 1.50709E-3 1.1634E-3 1.7073E-3 1.51324E-3 1.20354E-3 7.92486E-4 7.59395E-4 4.99879E-4 4.6099E-4 2.90624E-4 7.3752E-5 2.60839E-5 1.20335E-5 6.86582E-6 8.52674E-6 6.19731E-6 9.20045E-6 3.37179E-5 1.638E-4 1.07425E-4 2.34045E-4 1.82644E-4 2.63422E-4 3.10059E-4 5.06464E-4 5.0894E-4 3.46174E-4 2.26161E-4 1.67906E-4 1.34031E-4 1.26462E-4 1.08505E-4 1.07728E-4 9.06172E-5 9.02729E-5 7.65161E-5 6.7986E-5 5.79774E-5 4.93224E-5 4.24537E-5 3.77165E-5 4.14071E-5 5.20981E-5 5.88576E-5 6.37335E-5 6.80781E-5 6.79103E-5 6.90202E-5 7.20353E-5 9.12707E-5 1.13094E-4 1.12688E-4 1.00431E-4 1.01573E-4 1.01828E-4 1.0003E-4 9.92081E-5 8.99271E-5 8.07928E-5
1.46988E-3 1.08113E-3 1.11887E-3 1.6646E-3 1.95504E-3 1.29807E-3 9.6177E-4 8.38762E-4 7.43117E-4 4.21934E-4 2.97253E-4 3.39339E-4 2.78315E-4 1.40833E-4 3.24954E-5 2.13326E-5 2.89809E-5 1.03707E-5 6.26193E-5 9.90035E-5 1.56459E-4 1.07974E-4 1.91506E-5 2.25634E-4 7.79109E-5 8.46723E-5 1.3655E-4 3.16841E-4 2.84335E-4 2.3411E-4 2.30824E-4 1.4112E-4 1.30816E-4 1.31987E-4 1.07752E-4 8.7454E-5 7.55672E-5 7.13006E-5 6.754E-5 7.13477E-5 5.82588E-5 5.25835E-5 4.61597E-5 4.09863E-5 5.01048E-5 5.58038E-5 6.81836E-5 7.02649E-5 7.76859E-5 7.93612E-5 7.88343E-5 9.05598E-5 1.05603E-4 1.09629E-4 1.05533E-4 1.0173E-4 1.10604E-4 1.18713E-4 1.38887E-4 1.18571E-4 1.03522E-4
2.2658E-3 1.23643E-3 1.13072E-3 1.05142E-3 1.80978E-3 1.17828E-3 8.44857E-4 7.18323E-4 5.94336E-4 4.46437E-4 2.33204E-4 3.53139E-4 1.88107E-4 8.0326E-5 5.5183E-5 4.11182E-5 5.66416E-5 2.17019E-5 6.47028E-5 5.48778E-5 5.05198E-5 1.95669E-5 8.34136E-6 9.1299E-5 1.90999E-4 5.54965E-5 8.95303E-5 3.34254E-4 2.80565E-4 2.37658E-4 1.82393E-4 1.49446E-4 1.45561E-4 1.05556E-4 1.18402E-4 1.04249E-4 9.75304E-5 9.25913E-5 9.65398E-5 7.50424E-5 6.32569E-5 5.89862E-5 5.64121E-5 5.41045E-5 5.45845E-5 5.90325E-5 6.93663E-5 8.47944E-5 8.4053E-5 8.61317E-5 8.78466E-5 1.03391E-4 1.11047E-4 1.01288E-4 1.03355E-4 1.02277E-4 1.08431E-4 1.32793E-4 1.55933E-4 1.50517E-4 1.369E-4
2.48187E-3 1.46593E-3 3.8624E-4 4.08717E-4 9.51977E-4 1.4794E-3 1.349E-3 7.57482E-4 4.54312E-4 3.50261E-4 2.3547E-4 8.56471E-5 4.45672E-5 5.92386E-5 3.23363E-5 2.71285E-5 4.43411E-5 3.80075E-5 8.91375E-5 1.69523E-4 3.21536E-5 6.46018E-6 5.87427E-6 9.9942E-6 1.61284E-4 8.81866E-5 7.16078E-5 2.68675E-4 2.80487E-4 2.47389E-4 3.08428E-4 3.3433E-4 2.56442E-4 1.58239E-4 1.32439E-4 1.1352E-4 1.17176E-4 1.4675E-4 1.10283E-4 9.73157E-5 9.4599E-5 8.77244E-5 8.33207E-5 8.28015E-5 7.74732E-5 7.43187E-5 9.60998E-5 1.08215E-4 9.92352E-5 9.79008E-5 1.09939E-4 1.14071E-4 1.16975E-4 1.03826E-4 9.44213E-5 1.04108E-4 1.13397E-4 1.39055E-4 1.64966E-4 1.60585E-4 1.5765E-4
3.21626E-3 2.26247E-3 1.62555E-3 6.14501E-4 5.85003E-4 1.46504E-3 7.96829E-4 4.86888E-4 5.19138E-4 4.65603E-4 2.29728E-4 1.11592E-4 5.74389E-5 3.89656E-5 2.70839E-5 1.9323E-5 4.32997E-5 6.30739E-5 1.08427E-4 4.67577E-5 1.43152E-5 7.41993E-6 7.3548E-6 9.44793E-6 3.48371E-5 1.39349E-4 1.42976E-4 2.17283E-4 4.26158E-4 4.17917E-4 3.84466E-4 4.15448E-4 4.44113E-4 3.18422E-4 2.12582E-4 2.03042E-4 2.23959E-4 2.6861E-4 1.91155E-4 1.51907E-4 1.47667E-4 1.39906E-4 1.20183E-4 1.03944E-4 1.04594E-4 9.89973E-5 1.01727E-4 1.08733E-4 1.08619E-4 1.04694E-4 1.1185E-4 1.15963E-4 1.20192E-4 1.10087E-4 1.09455E-4 1.15066E-4 1.24902E-4 1.50581E-4 1.68867E-4 1.527E-4 1.59247E-4
3.52281E-3 2.92743E-3 3.32918E-3 2.71361E-3 1.5388E-3 1.02259E-3 1.38106E-3 8.64783E-4 8.2236E-4 6.42732E-4 5.92894E-4 3.16545E-4 1.01829E-4 1.19217E-4 1.08093E-4 8.22902E-5 6.96316E-5 1.40872E-4 1.55664E-4 1.37633E-4 1.63435E-5 6.18824E-6 5.87976E-6 8.658E-6 5.48731E-5 1.69773E-4 5.12358E-5 1.56137E-4 2.6727E-4 4.39989E-4 4.2495E-4 5.42695E-4 3.70267E-4 3.71258E-4 2.78002E-4 3.72427E-4 4.05157E-4 4.4019E-4 3.32089E-4 2.74698E-4 1.61744E-4 1.33066E-4 1.27031E-4 1.13569E-4 1.24683E-4 1.22799E-4 1.33468E-4 1.35601E-4 1.23696E-4 1.24396E-4 1.20932E-4 1.11673E-4 1.16717E-4 1.24181E-4 1.32949E-4 1.19071E-4 1.2819E-4 1.56577E-4 1.55497E-4 1.4929E-4 1.46204E-4
2.99392E-3 2.5109E-3 2.07266E-3 2.14702E-3 2.79355E-3 2.28921E-3 1.28037E-3 1.13534E-3 7.09864E-4 5.03507E-4 9.68792E-4 3.46634E-4 2.54756E-4 2.76898E-4 1.75647E-4 1.10135E-4 2.30722E-4 1.19868E-4 7.88458E-5 1.77025E-4 1.12098E-4 8.51837E-6 7.0828E-6 8.47277E-6 1.39791E-5 2.45465E-5 1.06821E-4 2.13375E-4 3.37361E-4 3.21923E-4 3.66124E-4 2.70398E-4 2.91377E-4 2.30958E-4 2.18506E-4 3.45164E-4 3.63745E-4 3.33952E-4 2.21187E-4 2.17743E-4 1.79896E-4 1.81309E-4 1.82191E-4 1.49633E-4 1.42692E-4 1.5319E-4 1.57523E-4 1.54865E-4 1.54924E-4 1.49428E-4 1.64445E-4 1.62742E-4 1.6027E-4 1.57763E-4 1.669E-4 1.66724E-4 1.71153E-4 1.72468E-4 1.75233E-4 1.84504E-4 1.88534E-4
2.0387E-3 2.14277E-3 2.14597E-3 2.1323E-3 2.82938E-3 3.42406E-3 2.66778E-3 1.66917E-3 1.2551E-3 5.38605E-4 7.11186E-4 4.10671E-4 3.09411E-4 4.06684E-4 3.72503E-4 1.09533E-4 1.42317E-4 1.54709E-4 7.30213E-5 1.03514E-4 7.16654E-5 1.67148E-5 1.39911E-5 2.16382E-5 1.46181E-5 2.85505E-5 1.45893E-4 2.57926E-4 2.93476E-4 2.53531E-4 3.86277E-4 3.17799E-4 2.11048E-4 1.93681E-4 2.3182E-4 2.47555E-4 1.95093E-4 1.64949E-4 2.04676E-4 1.94545E-4 1.84555E-4 1.96995E-4 1.94604E-4 1.79073E-4 1.59815E-4 1.7609E-4 1.93128E-4 1.96241E-4 1.72125E-4 1.74616E-4 1.762E-4 2.17376E-4 2.44682E-4 2.36414E-4 2.26005E-4 2.30327E-4 2.24376E-4 2.58557E-4 2.45463E-4 2.47835E-4 2.69775E-4
1.77733E-3 1.79013E-3 2.31026E-3 1.96205E-3 1.15204E-3 1.41562E-3 3.4148E-3 2.18963E-3 1.2252E-3 1.15245E-3 1.38531E-3 6.03442E-4 4.54738E-4 7.83985E-4 4.67844E-4 2.94048E-4 1.51412E-4 1.91192E-4 1.53975E-4 7.3908E-5 8.83821E-5 4.22659E-5 1.9034E-5 2.29971E-5 1.35969E-5 3.21469E-5 1.32815E-4 2.43896E-4 2.72779E-4 2.34939E-4 2.74814E-4 1.98512E-4 2.14028E-4 2.28822E-4 2.17349E-4 2.16982E-4 2.96626E-4 3.07702E-4 3.41331E-4 3.74828E-4 2.83802E-4 2.47321E-4 2.22049E-4 2.36863E-4 2.37054E-4 2.35351E-4 2.94222E-4 2.60228E-4 2.27606E-4 2.45955E-4 2.29238E-4 2.95159E-4 3.38155E-4 3.39976E-4 3.48165E-4 3.37505E-4 3.62412E-4 4.1394E-4 3.90368E-4 3.94904E-4 3.99066E-4
1.72906E-3 2.67415E-3 2.8399E-3 3.40842E-3 1.55306E-3 9.89179E-4 1.50066E-3 2.32973E-3 1.72924E-3 1.35576E-3 1.67017E-3 1.46175E-3 1.4188E-3 8.78667E-4 4.91364E-4 3.00783E-4 1.51448E-4 9.01057E-5 1.17035E-4 6.14147E-5 9.17932E-5 7.215E-5 2.77318E-5 1.4989E-5 3.46381E-5 1.80846E-4 1.58131E-4 2.12174E-4 1.95759E-4 1.90448E-4 1.99532E-4 1.12183E-4 8.17655E-5 1.09431E-4 2.39961E-4 3.41866E-4 2.93438E-4 3.42691E-4 3.78879E-4 3.72668E-4 3.47288E-4 2.96686E-4 3.10996E-4 2.74458E-4 2.76986E-4 3.0215E-4 3.27892E-4 2.83478E-4 2.61537E-4 2.86947E-4 3.07045E-4 3.36868E-4 3.85551E-4 3.67444E-4 3.79396E-4 4.3105E-4 5.16217E-4 6.04844E-4 5.84364E-4 5.22922E-4 5.05851E-4
1.80685E-3 2.58837E-3 3.80384E-3 3.61061E-3 1.98885E-3 8.16597E-4 9.15277E-4 1.1196E-3 1.35403E-3 1.38022E-3 1.38897E-3 1.27551E-3 1.30074E-3 5.15532E-4 3.82303E-4 1.74167E-4 2.33108E-4 1.82913E-4 8.47918E-5 1.45972E-4 6.53672E-5 9.70166E-5 3.21195E-5 3.0475E-5 9.32229E-5 2.33874E-4 1.38581E-4 2.18871E-4 1.7719E-4 1.63693E-4 1.50448E-4 6.76801E-5 8.32635E-5 6.74788E-5 1.23826E-4 2.10484E-4 1.988E-4 2.26887E-4 2.63439E-4 3.01565E-4 2.99538E-4 2.89899E-4 2.59676E-4 2.38004E-4 2.6037E-4 2.87178E-4 2.85284E-4 2.82174E-4 2.82722E-4 3.19804E-4 3.66897E-4 3.94062E-4 4.17514E-4 4.49159E-4 4.43424E-4 5.17836E-4 6.23167E-4 7.17071E-4 7.59682E-4 7.33987E-4 7.00151E-4
1.76584E-3 2.15195E-3 3.16117E-3 1.98377E-3 1.67635E-3 7.27042E-4 8.42946E-4 1.08205E-3 1.01109E-3 9.23707E-4 1.01E-3 9.70749E-4 8.66398E-4 3.60442E-4 3.68187E-4 1.49324E-4 1.82655E-4 1.84506E-4 6.5142E-5 1.8317E-4 2.01719E-4 2.62569E-4 5.7243E-5 4.87776E-5 2.02356E-4 2.65349E-4 1.35259E-4 3.26626E-4 2.2321E-4 1.16899E-4 5.03839E-5 7.45082E-5 1.02629E-4 9.07121E-5 9.39641E-5 1.37576E-4 1.72048E-4 2.16412E-4 2.94874E-4 3.07829E-4 2.66326E-4 2.67461E-4 2.62395E-4 3.16282E-4 3.21988E-4 3.51756E-4 3.43983E-4 2.97082E-4 2.76271E-4 3.34015E-4 4.24915E-4 4.74005E-4 4.37285E-4 3.92581E-4 4.13472E-4 5.14872E-4 6.30377E-4 7.85028E-4 8.5083E-4 9.05248E-4 8.75207E-4
1.66449E-3 2.07038E-3 1.82297E-3 2.23318E-3 2.3406E-3 1.03864E-3 8.92922E-4 8.9845E-4 9.46923E-4 7.45883E-4 5.00716E-4 4.54633E-4 5.4242E-4 1.91364E-4 2.25103E-4 1.70159E-4 2.46899E-4 3.87695E-4 1.47537E-4 3.60337E-4 5.48661E-4 3.28765E-4 1.22586E-4 7.33879E-5 1.28206E-4 2.60585E-4 1.10595E-4 3.1501E-4 1.35716E-4 6.79689E-5 4.35368E-5 5.38607E-5 7.32402E-5 1.00288E-4 1.1056E-4 1.40118E-4 1.82074E-4 2.46801E-4 2.60884E-4 2.86205E-4 2.78263E-4 2.86394E-4 3.08403E-4 3.27399E-4 3.46217E-4 3.56305E-4 3.22011E-4 3.26056E-4 3.62476E-4 4.16921E-4 4.92092E-4 5.32259E-4 3.94341E-4 3.68283E-4 3.38298E-4 4.45312E-4 5.79819E-4 7.22743E-4 9.58817E-4 1.11812E-3 1.00475E-3
1.51325E-3 1.57589E-3 1.08692E-3 1.15412E-3 1.75597E-3 1.12021E-3 7.0691E-4 6.88469E-4 6.27183E-4 5.0658E-4 4.01225E-4 2.66209E-4 3.1811E-4 1.13989E-4 8.7771E-5 9.9265E-5 1.23985E-4 3.53275E-4 2.54971E-4 2.19028E-4 2.77215E-4 2.2018E-4 2.04055E-4 2.38812E-4 2.88333E-4 2.19585E-4 2.10531E-4 2.10954E-4 1.85788E-4 1.12585E-4 5.68997E-5 5.76061E-5 5.72195E-5 8.60064E-5 1.35078E-4 1.48941E-4 2.13554E-4 2.55274E-4 2.7013E-4 2.82187E-4 2.43254E-4 2.41244E-4 2.60553E-4 3.33062E-4 3.59075E-4 3.85212E-4 3.81588E-4 4.05169E-4 4.37465E-4 4.99854E-4 5.83258E-4 5.67758E-4 4.93138E-4 4.5761E-4 4.17084E-4 4.51963E-4 5.29887E-4 7.5872E-4 1.02955E-3 1.19619E-3 1.06442E-3
1.24837E-3 1.57761E-3 1.13911E-3 5.99452E-4 9.95963E-4 1.20537E-3 7.0555E-4 7.04736E-4 6.18466E-4 5.21045E-4 3.41211E-4 2.0166E-4 1.0147E-4 9.97855E-5 6.80439E-5 8.13344E-5 3.04907E-4 3.00675E-4 3.45856E-4 4.85559E-4 4.6282E-4 3.03061E-4 4.02797E-4 2.98231E-4 2.53243E-4 3.05973E-4 3.08557E-4 1.44513E-4 1.19002E-4 8.78048E-5 9.56593E-5 1.66643E-4 9.59232E-5 1.09838E-4 1.69905E-4 2.77794E-4 2.92308E-4 2.51564E-4 2.88766E-4 2.481E-4 2.71229E-4 2.66114E-4 2.80331E-4 2.96589E-4 3.50399E-4 4.3299E-4 4.48265E-4 4.7929E-4 5.02586E-4 5.40686E-4 5.83571E-4 6.60272E-4 6.23533E-4 5.72755E-4 5.09813E-4 5.17543E-4 6.07375E-4 7.38854E-4 9.24365E-4 1.00755E-3 9.52241E-4
