data/maxent/outputs/red_168.asc
ncols         426
nrows         180
xllcorner     -130.0
yllcorner     24.0
cellsize      0.16666666666666666
NODATA_value  -9999
[rows 108 to 134 of 180, columns 61 to 121 of 426]
4.06311E-2 5.95536E-2 4.4151E-2 7.01193E-2 8.75307E-2 1.34784E-1 7.45962E-1 9.14042E-1 9.24955E-1 8.70928E-1 8.41805E-1 2.4043E-1 3.88433E-2 1.22572E-1 1.23424E-1 3.47143E-2 1.34087E-1 4.77593E-2 2.52407E-2 3.78796E-2 4.37329E-2 1.61749E-2 3.34396E-2 2.43069E-2 2.24361E-2 8.3383E-2 8.74577E-2 3.87522E-2 6.04535E-2 4.05639E-2 6.23276E-2 7.22176E-2 6.13119E-2 7.38186E-2 7.46295E-2 1.71657E-1 7.32769E-2 1.0417E-1 1.69114E-1 1.9013E-1 3.41293E-1 1.62276E-1 8.93497E-2 7.61668E-2 8.95987E-2 1.67359E-1 2.47502E-1 3.24E-1 2.35812E-1 8.88975E-2 1.81982E-2 1.95337E-2 3.7398E-2 4.51604E-2 4.36322E-2 6.30313E-2 6.27407E-2 8.63611E-2 1.25824E-1 2.12013E-1 6.47722E-2
4.74871E-2 4.10097E-2 4.38781E-2 6.16591E-2 7.18582E-2 1.1952E-1 6.8473E-1 9.18713E-1 8.0445E-1 8.22757E-1 7.46046E-1 2.09205E-1 1.24773E-2 1.8768E-2 3.68886E-2 3.8032E-2 3.89478E-2 3.33838E-2 3.38028E-2 2.07287E-2 2.08695E-2 2.0357E-2 2.84688E-2 1.1262E-1 4.01382E-2 2.36752E-2 4.49349E-2 4.19261E-2 5.9805E-2 6.50287E-2 7.38459E-2 8.38014E-2 6.94109E-2 1.02455E-1 6.14662E-2 1.49013E-1 1.36102E-1 7.5828E-2 7.99202E-2 2.15737E-1 3.01771E-1 2.0945E-1 1.2062E-1 6.8688E-2 7.3152E-2 8.62504E-2 1.29854E-1 1.98456E-1 1.77687E-1 6.64769E-2 2.3421E-2 1.55669E-2 2.74632E-2 3.16026E-2 3.57261E-2 3.2187E-2 3.72119E-2 9.04865E-2 1.14348E-1 1.06183E-1 9.34829E-2
8.70684E-2 5.03247E-2 6.24459E-2 6.15348E-2 5.77404E-2 1.0537E-1 6.58865E-1 8.59414E-1 8.05673E-1 5.72517E-1 7.43933E-1 9.06919E-2 3.26865E-2 2.76951E-2 2.10155E-2 2.99777E-2 2.95554E-2 5.13732E-2 3.70984E-2 3.64421E-2 5.00246E-2 2.21829E-2 1.77197E-2 3.86064E-2 3.71546E-2 9.60604E-2 3.26917E-2 1.03697E-1 1.2526E-1 9.09921E-2 7.32285E-2 9.39997E-2 7.448E-2 1.08332E-1 5.06727E-2 4.19448E-2 1.7325E-1 1.02923E-1 1.00376E-1 1.25692E-1 1.65733E-1 2.07073E-1 2.15727E-1 1.07073E-1 9.35556E-2 1.11441E-1 1.4354E-1 2.26205E-1 2.05308E-1 1.20502E-1 4.25837E-2 1.91355E-2 2.31801E-2 2.35459E-2 2.45157E-2 2.97879E-2 4.57305E-2 7.55879E-2 6.89851E-2 4.95182E-2 6.6562E-2
1.66545E-1 5.46656E-2 4.47731E-2 3.84431E-2 4.37386E-2 5.37395E-2 2.84495E-1 8.44664E-1 8.67981E-1 7.97179E-1 2.84303E-1 6.34971E-2 5.02288E-2 5.73601E-2 3.19862E-2 4.59897E-2 4.61113E-2 3.82125E-2 4.33607E-2 4.48083E-2 3.79996E-2 3.27269E-2 2.01768E-2 5.29295E-2 5.05614E-2 9.13861E-2 4.8115E-2 6.4768E-2 1.25012E-1 8.15709E-2 5.86774E-2 6.00115E-2 1.09742E-1 1.15403E-1 1.49225E-1 4.29773E-2 8.66133E-2 9.43638E-2 1.62264E-1 1.16514E-1 9.99665E-2 1.65668E-1 2.42496E-1 1.52833E-1 1.9533E-1 2.2998E-1 3.20641E-1 4.00104E-1 4.83925E-1 3.84852E-1 1.39449E-1 4.35374E-2 2.65125E-2 2.40047E-2 2.11416E-2 2.87894E-2 6.64357E-2 1.05547E-1 7.08249E-2 4.39373E-2 5.52577E-2
3.99917E-1 1.50032E-1 5.2148E-2 3.01433E-2 4.30911E-2 4.32965E-2 1.51049E-1 5.94668E-1 6.58558E-1 6.83735E-1 1.00148E-1 2.73522E-2 3.88677E-2 2.31835E-2 2.29922E-2 3.92001E-2 1.81141E-2 2.99767E-2 3.84624E-2 2.72935E-2 1.62509E-2 3.46093E-2 1.49825E-2 2.12106E-2 6.80408E-2 1.08205E-1 1.13934E-1 1.67086E-1 1.01535E-1 6.33538E-2 1.19852E-1 6.58393E-2 1.42705E-1 6.73634E-2 1.1133E-1 6.5474E-2 1.17242E-1 1.45534E-1 1.54921E-1 1.38184E-1 2.04091E-1 1.00745E-1 1.75329E-1 9.58657E-2 1.98934E-1 4.50129E-1 3.98322E-1 3.31282E-1 4.36513E-1 4.34499E-1 2.29243E-1 1.2777E-1 7.12771E-2 2.58312E-2 1.90786E-2 3.20144E-2 5.35137E-2 6.45166E-2 4.47005E-2 4.11784E-2 4.1121E-2
4.27105E-1 3.30128E-1 1.18501E-1 6.72334E-2 7.77921E-2 8.4601E-2 2.76453E-1 7.60817E-1 7.1923E-1 2.98842E-1 4.47477E-2 2.12377E-2 1.62593E-2 1.70504E-2 1.18154E-2 1.14775E-2 2.52068E-2 3.41853E-2 1.46482E-2 2.09221E-2 1.6227E-2 1.51686E-2 9.29291E-3 1.78633E-2 5.55737E-2 5.42205E-2 1.74271E-1 1.10244E-1 7.58387E-2 5.86885E-2 6.67503E-2 4.21385E-2 1.2976E-1 6.42283E-2 1.00182E-1 4.49669E-1 1.31459E-1 1.13899E-1 1.94382E-1 1.52522E-1 1.89368E-1 2.74413E-1 1.06583E-1 1.82762E-1 1.65467E-1 4.56875E-1 4.98706E-1 4.80883E-1 4.59954E-1 4.27583E-1 3.81331E-1 2.4469E-1 1.28618E-1 5.71175E-2 2.94071E-2 2.5188E-2 2.95627E-2 3.88289E-2 3.2449E-2 4.99503E-2 4.58115E-2
7.43902E-1 5.40236E-1 6.26981E-1 7.54799E-1 8.06165E-1 5.59219E-1 6.73146E-1 7.32805E-1 3.57849E-1 1.2136E-1 4.32626E-2 1.92795E-2 1.437E-2 1.7256E-2 1.21454E-2 9.74326E-3 1.34232E-2 1.99274E-2 1.79107E-2 1.29765E-2 3.57863E-2 2.60429E-2 3.27664E-2 2.35992E-2 2.29298E-2 1.05105E-1 6.23571E-2 4.8459E-2 5.25203E-2 5.32736E-2 5.04324E-2 2.63785E-2 7.59383E-2 8.98072E-2 7.26866E-2 3.86193E-1 1.41412E-1 9.68124E-2 2.18972E-1 3.38056E-1 2.69068E-1 4.758E-1 1.55831E-1 8.62242E-2 1.2853E-1 1.37262E-1 2.55318E-1 3.60224E-1 4.98774E-1 4.99306E-1 4.42737E-1 3.61013E-1 1.95936E-1 1.1893E-1 6.37959E-2 4.6593E-2 3.30758E-2 3.56916E-2 3.14559E-2 4.02835E-2 4.35746E-2
9.07429E-1 8.96642E-1 8.03183E-1 8.46239E-1 8.31463E-1 8.39324E-1 6.46992E-1 6.40951E-1 3.88166E-1 1.1601E-1 3.81112E-2 2.08771E-2 2.92302E-2 3.32442E-2 1.25191E-2 1.87181E-2 4.41534E-2 7.73172E-2 1.47948E-1 5.67992E-2 2.69323E-2 2.77098E-2 2.55332E-2 3.93043E-2 8.93482E-2 7.04533E-2 5.47495E-2 2.66724E-2 6.82439E-2 3.80086E-2 6.37019E-2 4.21766E-2 4.36378E-2 4.87171E-2 5.34388E-2 1.2733E-1 1.58206E-1 7.40689E-2 2.18277E-1 1.69427E-1 2.88686E-1 3.9312E-1 2.49328E-1 1.7078E-1 1.31387E-1 2.79305E-1 2.76145E-1 9.63724E-2 2.08996E-1 4.3161E-1 4.88216E-1 3.65268E-1 2.73281E-1 2.2603E-1 1.37379E-1 9.88462E-2 9.12101E-2 6.6651E-2 4.68308E-2 4.11113E-2 4.24801E-2
9.18424E-1 9.08857E-1 9.18822E-1 9.11465E-1 8.73194E-1 8.84352E-1 8.19225E-1 8.00145E-1 7.68342E-1 4.16762E-1 1.16201E-1 5.63053E-2 4.52787E-2 3.99592E-2 2.27588E-2 4.26989E-2 1.776E-1 1.02598E-1 1.64974E-1 9.51462E-2 5.88344E-2 5.36641E-2 2.63013E-2 1.58506E-2 2.4343E-2 2.30596E-2 2.27711E-2 6.37937E-2 5.94897E-2 3.58842E-2 3.25522E-2 7.25619E-2 5.17985E-2 8.87922E-2 6.27671E-2 5.24165E-2 1.08564E-1 8.95984E-2 1.20122E-1 1.4728E-1 1.98299E-1 1.89873E-1 2.64466E-1 4.3223E-1 3.30956E-1 2.25506E-1 3.2021E-1 1.07268E-1 1.25351E-1 3.766E-1 4.36209E-1 4.24864E-1 4.45007E-1 3.91093E-1 2.89299E-1 2.236E-1 1.26797E-1 1.12467E-1 8.12069E-2 8.51383E-2 7.08091E-2
9.17512E-1 9.62072E-1 9.64232E-1 9.28196E-1 9.16195E-1 7.80568E-1 6.53024E-1 6.12063E-1 6.47176E-1 7.02365E-1 7.74649E-1 8.1419E-1 8.03384E-1 5.51308E-1 2.50941E-1 1.41604E-1 4.70028E-1 2.43138E-1 1.39255E-1 4.16895E-2 4.02924E-2 3.86972E-2 4.84434E-2 2.84778E-2 1.71716E-2 1.17829E-2 1.50728E-2 3.92845E-2 3.52255E-2 3.59883E-2 4.24285E-2 3.01963E-2 4.72738E-2 5.92562E-2 6.95188E-2 5.88158E-2 8.52066E-2 8.46345E-2 1.34954E-1 1.24952E-1 1.30702E-1 1.61904E-1 1.79493E-1 2.83718E-1 5.93919E-1 2.93318E-1 1.21862E-1 2.72102E-1 1.9473E-1 3.67832E-1 5.3348E-1 5.03271E-1 5.44321E-1 5.28679E-1 4.50749E-1 3.48601E-1 2.94565E-1 2.14078E-1 1.50108E-1 2.07373E-1 2.39848E-1
-9999 -9999 9.67737E-1 8.75566E-1 7.76502E-1 7.5406E-1 6.41532E-1 7.21088E-1 7.33535E-1 8.30737E-1 8.89069E-1 9.11605E-1 8.97095E-1 8.98059E-1 6.93086E-1 8.16348E-1 8.65414E-1 8.56661E-1 8.51113E-1 6.55257E-1 7.7839E-2 2.2973E-2 1.34661E-2 1.79295E-2 3.41837E-2 2.21909E-2 1.2943E-2 2.00827E-2 1.6497E-2 5.10238E-2 6.44856E-2 3.89524E-2 6.12893E-2 6.03774E-2 5.76432E-2 4.83506E-2 5.9556E-2 6.46755E-2 4.68939E-2 7.1914E-2 9.10029E-2 1.43411E-1 3.13158E-1 1.77169E-1 4.26068E-1 3.03522E-1 1.22653E-1 2.48001E-1 2.12977E-1 2.60879E-1 1.98384E-1 2.70271E-1 3.86469E-1 5.07774E-1 5.0428E-1 5.09092E-1 4.58412E-1 4.72701E-1 3.89027E-1 4.16008E-1 4.4978E-1
9.58828E-1 9.36049E-1 4.97892E-1 9.02847E-1 7.68584E-1 8.69846E-1 8.30132E-1 9.35096E-1 8.68459E-1 8.3552E-1 7.5521E-1 7.25425E-1 6.74875E-1 5.45506E-1 4.23033E-1 3.47106E-1 5.62172E-1 8.73009E-1 8.69236E-1 4.57842E-1 2.32485E-1 1.33068E-1 8.59343E-2 4.28077E-2 2.17608E-2 2.75791E-2 3.60963E-2 2.43824E-2 2.20564E-2 2.07806E-2 2.48241E-2 3.4683E-2 2.20777E-2 2.16525E-2 2.29373E-2 2.95713E-2 4.61909E-2 4.88241E-2 1.0239E-1 7.27784E-2 5.37657E-2 5.84771E-2 9.1036E-2 1.99879E-1 2.39732E-1 2.57964E-1 2.12327E-1 2.51632E-1 1.82093E-1 2.65846E-1 2.79619E-1 2.26101E-1 2.91881E-1 3.36167E-1 3.80933E-1 3.91141E-1 3.88163E-1 4.17248E-1 5.13282E-1 5.37579E-1 5.84829E-1
9.49282E-1 9.41069E-1 -9999 -9999 -9999 -9999 -9999 -9999 8.02694E-1 8.27522E-1 8.16321E-1 8.26778E-1 7.50121E-1 5.88409E-1 4.53157E-1 3.59319E-1 2.53235E-1 4.04208E-1 5.06375E-1 9.80278E-2 5.85298E-2 1.35852E-1 1.94276E-1 6.74522E-2 2.61834E-2 2.73445E-2 2.71111E-2 2.3042E-2 4.07106E-2 3.41557E-2 2.63143E-2 3.67341E-2 1.84581E-2 1.79979E-2 2.35546E-2 2.05428E-2 3.74004E-2 7.36694E-2 4.31025E-2 4.96967E-2 4.1601E-2 6.3369E-2 8.5797E-2 1.23731E-1 1.82325E-1 1.58571E-1 1.818E-1 2.03943E-1 1.96926E-1 2.41407E-1 2.86893E-1 1.82793E-1 3.9955E-1 4.65699E-1 3.09731E-1 3.72571E-1 3.69585E-1 2.58457E-1 4.34255E-1 4.95015E-1 6.31764E-1
-9999 -9999 -9999 -9999 -9999 -9999 -9999 -9999 9.43419E-1 8.21711E-1 8.01202E-1 8.65228E-1 8.54948E-1 8.61028E-1 5.407E-1 1.994E-1 1.60816E-1 2.2339E-1 8.47588E-1 6.5715E-1 6.05482E-2 3.3507E-2 5.4422E-2 7.56906E-2 5.29395E-2 4.38039E-2 2.19802E-2 1.29727E-2 3.861E-2 3.44927E-2 2.52253E-2 3.39455E-2 2.16646E-2 2.07068E-2 4.256E-2 2.05917E-2 3.77183E-2 4.07899E-2 8.25057E-2 8.34236E-2 7.56707E-2 5.62578E-2 4.67797E-2 4.92569E-2 6.38727E-2 7.5482E-2 8.55624E-2 1.28184E-1 1.53061E-1 2.24519E-1 2.82252E-1 2.33977E-1 2.44761E-1 3.5653E-1 1.97745E-1 3.8111E-1 4.13194E-1 2.95385E-1 2.93242E-1 4.03149E-1 5.62936E-1
-9999 -9999 -9999 -9999 -9999 -9999 -9999 -9999 -9999 -9999 8.21697E-1 8.47689E-1 8.90335E-1 7.57201E-1 7.85065E-1 3.92887E-1 2.25218E-1 3.03295E-1 5.41889E-1 6.83718E-1 6.28961E-1 6.18714E-2 2.0763E-2 3.69903E-2 4.23436E-2 2.60645E-2 4.9915E-2 3.77739E-2 1.925E-2 1.78927E-2 1.88003E-2 1.55411E-2 4.00208E-2 3.16959E-2 5.60991E-2 5.23124E-2 2.39431E-2 2.52419E-2 2.66617E-2 2.62558E-2 5.27444E-2 4.89426E-2 3.66802E-2 9.56503E-2 3.72726E-2 4.53555E-2 6.65204E-2 7.53694E-2 1.1556E-1 1.39624E-1 2.81813E-1 3.2443E-1 2.78083E-1 2.44467E-1 3.17893E-1 3.12673E-1 4.16181E-1 4.24626E-1 3.68542E-1 2.93413E-1 4.46134E-1
-9999 -9999 -9999 -9999 1.05266E-1 -9999 -9999 7.02338E-1 8.84486E-1 8.82569E-2 -9999 -9999 8.74744E-1 8.26841E-1 7.64393E-1 5.58649E-1 4.95832E-1 6.6508E-1 6.1672E-1 6.35845E-1 2.57224E-1 2.37794E-1 5.97521E-2 7.10124E-2 2.44955E-2 3.751E-2 3.36053E-2 3.47066E-2 2.77595E-2 2.48175E-2 1.79384E-2 2.29084E-2 3.76329E-2 2.01467E-2 6.50138E-2 7.22641E-2 5.34231E-2 3.76888E-2 4.75022E-2 3.99886E-2 3.0724E-2 3.1219E-2 2.471E-2 2.6581E-2 2.59155E-2 2.94476E-2 5.17897E-2 5.60043E-2 6.39714E-2 1.04339E-1 2.35555E-1 3.09491E-1 3.77149E-1 3.02123E-1 2.271E-1 1.57981E-1 1.33666E-1 1.82329E-1 2.67153E-1 4.45124E-1 2.70661E-1
-9999 6.0585E-1 5.59285E-1 -9999 -9999 -9999 -9999 -9999 7.34168E-1 8.43346E-1 -9999 -9999 -9999 -9999 8.0423E-1 6.67755E-1 5.92565E-1 6.25355E-1 5.47178E-1 6.7487E-1 2.4069E-1 5.192E-2 4.85709E-2 3.3908E-2 7.35817E-2 2.34255E-2 1.35155E-2 2.87344E-2 2.35617E-2 2.25085E-2 2.32139E-2 3.68478E-2 3.92389E-2 4.04812E-2 4.06957E-2 5.99519E-2 4.48186E-2 3.34382E-2 3.13115E-2 4.67443E-2 3.92521E-2 3.58689E-2 2.93997E-2 3.61985E-2 3.05762E-2 6.74632E-2 3.37641E-2 3.22042E-2 3.99359E-2 4.03928E-2 7.05447E-2 2.23657E-1 3.25313E-1 3.8217E-1 3.91672E-1 2.2538E-1 1.11636E-1 1.1347E-1 1.64127E-1 1.54221E-1 2.51676E-1
-9999 -9999 -9999 -9999 -9999 -9999 -9999 2.20484E-1 -9999 -9999 -9999 -9999 -9999 -9999 7.51018E-1 8.57539E-1 6.735E-1 4.72495E-1 5.29259E-1 7.50864E-1 2.72325E-1 1.85406E-1 5.049E-2 1.96106E-2 2.57987E-2 1.17416E-2 7.57094E-3 1.00087E-2 1.5333E-2 3.0152E-2 3.44355E-2 3.31142E-2 2.59076E-2 3.29881E-2 5.2759E-2 2.52413E-2 2.92301E-2 2.96846E-2 1.86835E-2 2.03822E-2 2.73273E-2 3.10706E-2 3.35891E-2 4.50476E-2 4.41518E-2 3.68295E-2 2.59625E-2 2.18316E-2 3.7632E-2 3.41252E-2 4.11416E-2 1.16496E-1 2.28902E-1 2.64715E-1 2.59512E-1 2.53774E-1 2.64879E-1 3.33674E-1 7.19652E-2 1.09656E-1 2.14384E-1
-9999 -9999 -9999 -9999 -9999 -9999 -9999 4.5302E-1 7.9102E-1 -9999 -9999 -9999 -9999 -9999 -9999 8.60741E-1 7.02072E-1 5.75929E-1 5.69984E-1 8.28565E-1 6.64221E-1 1.45994E-1 6.47874E-2 2.8744E-2 1.69479E-2 1.04356E-2 7.42038E-3 6.78988E-3 6.64997E-3 1.01987E-2 2.70099E-2 3.06173E-2 2.23275E-2 2.17346E-2 3.159E-2 2.37553E-2 1.34823E-2 1.28319E-2 1.10374E-2 1.55413E-2 1.96983E-2 1.53121E-2 1.94636E-2 3.46169E-2 6.79626E-2 4.53657E-2 3.33468E-2 2.00643E-2 2.8256E-2 2.22432E-2 3.99028E-2 9.61058E-2 2.04448E-1 2.42237E-1 1.61505E-1 2.37972E-1 2.50926E-1 4.614E-1 1.25763E-1 3.46572E-2 4.62099E-2
-9999 -9999 -9999 -9999 -9999 -9999 -9999 -9999 5.66465E-1 -9999 -9999 -9999 -9999 -9999 -9999 8.32738E-1 7.6412E-1 5.90469E-1 6.8441E-1 7.6296E-1 7.79581E-1 2.92589E-1 1.00105E-1 3.66296E-2 1.13121E-2 7.26402E-3 7.29884E-3 6.07467E-3 5.62492E-3 6.94003E-3 1.64278E-2 1.61252E-2 2.2311E-2 2.93619E-2 1.7022E-2 1.04546E-2 1.45111E-2 1.13444E-2 1.37701E-2 1.34356E-2 1.37714E-2 1.55188E-2 3.47428E-2 4.97728E-2 9.3636E-2 5.13257E-2 8.19919E-2 2.76592E-2 2.2397E-2 2.13257E-2 5.79205E-2 7.28186E-2 1.94085E-1 2.50005E-1 1.87895E-1 1.7506E-1 4.18143E-1 2.15834E-1 3.9084E-1 6.01523E-1 7.06684E-2
-9999 -9999 -9999 -9999 -9999 -9999 -9999 -9999 -9999 -9999 -9999 -9999 -9999 -9999 -9999 -9999 7.67036E-1 6.52829E-1 5.76851E-1 5.87039E-1 3.87355E-1 2.35767E-1 1.70953E-1 7.47273E-2 1.96836E-2 1.34584E-2 1.0148E-2 6.25769E-3 5.14504E-3 4.95069E-3 1.01223E-2 1.2429E-2 1.60689E-2 2.82454E-2 1.50279E-2 1.55822E-2 1.33523E-2 1.67627E-2 1.43179E-2 1.69613E-2 2.70343E-2 2.54033E-2 4.58321E-2 6.65302E-2 8.50851E-2 4.22788E-2 4.98684E-2 3.72384E-2 3.39375E-2 2.96268E-2 4.19781E-2 5.96157E-2 2.20882E-1 1.88348E-1 3.39566E-1 1.39321E-1 2.64398E-1 4.17928E-1 1.08591E-1 2.74294E-1 2.51033E-1
-9999 -9999 -9999 -9999 -9999 -9999 -9999 -9999 -9999 -9999 -9999 -9999 -9999 -9999 -9999 2.3338E-1 7.79895E-1 6.82572E-1 4.88534E-1 3.75348E-1 4.09126E-1 3.9479E-1 3.93294E-1 3.01022E-1 2.29658E-2 2.91849E-2 3.83263E-2 7.8427E-3 5.6092E-3 5.25269E-3 1.10606E-2 9.36338E-3 9.3649E-3 1.44201E-2 1.68944E-2 1.77457E-2 1.53983E-2 1.52782E-2 1.95642E-2 2.28017E-2 3.45152E-2 5.04085E-2 4.18734E-2 7.00219E-2 6.51903E-2 4.6352E-2 4.79594E-2 4.29802E-2 3.17048E-2 7.07039E-2 6.99115E-2 3.49297E-2 1.08151E-1 2.54808E-1 7.28669E-1 2.28973E-1 9.94454E-2 2.87181E-1 2.71148E-1 6.5553E-2 1.34975E-1
-9999 -9999 -9999 -9999 -9999 -9999 -9999 -9999 -9999 -9999 -9999 -9999 -9999 -9999 -9999 -9999 7.11017E-1 7.58483E-1 7.45745E-1 4.55066E-1 4.16545E-1 6.62118E-1 6.00632E-1 5.97196E-1 7.80668E-2 2.46817E-2 5.82611E-2 8.12301E-3 5.29128E-3 7.90636E-3 8.7508E-3 9.04802E-3 8.43361E-3 6.75156E-3 1.73006E-2 1.74334E-2 2.54619E-2 1.73698E-2 1.71689E-2 1.407E-2 2.5058E-2 3.57076E-2 2.86971E-2 3.52882E-2 2.33323E-2 4.67253E-2 4.69132E-2 4.14079E-2 4.78396E-2 3.6017E-2 6.95003E-2 5.08443E-2 1.29889E-1 1.15095E-1 1.62941E-1 4.78484E-1 1.59908E-1 1.10537E-1 1.8037E-1 5.28685E-2 6.5586E-2
-9999 -9999 -9999 -9999 -9999 -9999 -9999 -9999 -9999 -9999 -9999 -9999 -9999 -9999 -9999 -9999 -9999 7.33991E-1 5.84935E-1 4.84906E-1 4.65694E-1 5.3458E-1 6.19133E-1 6.58299E-1 3.97387E-1 7.2885E-2 3.91081E-2 1.77216E-2 5.63424E-3 6.45712E-3 8.9994E-3 6.05142E-3 6.81839E-3 7.70564E-3 5.17446E-3 9.91211E-3 2.01168E-2 1.26967E-2 1.35747E-2 2.0956E-2 1.83442E-2 3.76462E-2 4.25907E-2 3.84993E-2 1.8886E-2 4.41564E-2 6.55534E-2 8.96249E-2 1.05357E-1 7.31041E-2 7.23645E-2 5.84194E-2 8.53927E-2 7.81456E-2 1.00876E-1 2.31911E-1 1.76403E-1 8.03996E-2 1.93013E-1 5.52415E-2 3.90931E-2
-9999 -9999 -9999 -9999 -9999 -9999 -9999 -9999 -9999 -9999 -9999 -9999 -9999 -9999 -9999 -9999 -9999 5.64034E-1 7.21557E-1 6.79778E-1 5.94306E-1 2.47936E-1 4.60353E-1 6.50216E-1 5.30998E-1 2.90038E-1 8.2692E-2 1.70156E-2 1.04325E-2 1.30761E-2 1.5027E-2 7.56855E-3 6.75887E-3 7.32325E-3 5.48003E-3 4.36094E-3 5.81223E-3 1.75677E-2 1.74064E-2 1.27693E-2 2.72868E-2 2.94003E-2 2.58584E-2 3.61979E-2 3.33333E-2 2.64884E-2 2.69915E-2 4.5855E-2 7.37112E-2 2.75317E-1 7.05175E-2 2.21444E-1 1.47294E-1 7.97039E-2 1.7154E-1 1.41814E-1 2.10526E-1 5.1601E-2 1.48505E-1 2.23642E-1 4.99787E-2
-9999 -9999 -9999 -9999 -9999 -9999 -9999 -9999 -9999 -9999 -9999 -9999 -9999 -9999 -9999 -9999 -9999 -9999 7.63081E-1 6.30737E-1 6.39164E-1 4.62651E-1 3.77069E-1 4.61723E-1 4.91213E-1 2.47818E-1 1.52208E-1 2.45085E-2 2.16962E-2 1.61296E-2 1.81578E-2 1.40287E-2 9.44323E-3 6.80923E-3 5.47497E-3 4.68591E-3 5.44553E-3 1.68923E-2 2.51034E-2 1.14592E-2 1.76395E-2 3.7886E-2 3.89463E-2 2.68138E-2 2.16044E-2 2.58508E-2 2.73946E-2 3.46816E-2 5.00313E-2 2.67587E-1 7.11599E-2 1.12857E-1 8.42196E-2 2.5397E-1 3.6368E-1 1.39908E-1 2.95699E-1 6.18254E-2 1.0615E-1 1.89726E-1 6.94196E-2
-9999 -9999 -9999 -9999 -9999 -9999 -9999 -9999 -9999 -9999 -9999 -9999 -9999 -9999 -9999 -9999 -9999 -9999 7.69171E-1 7.44224E-1 5.30914E-1 6.10731E-1 5.34686E-1 2.08318E-1 2.47069E-1 3.49617E-1 1.59225E-1 7.29041E-2 2.25399E-2 1.50129E-2 1.64274E-2 1.38167E-2 1.44223E-2 7.42581E-3 7.2773E-3 1.29716E-2 7.06561E-3 6.47734E-3 9.82254E-3 9.74925E-3 2.09919E-2 1.81749E-2 4.27682E-2 3.01809E-2 2.50859E-2 3.22114E-2 6.96638E-2 5.50868E-2 4.41994E-2 1.2935E-1 1.12801E-1 1.16761E-1 1.43118E-1 2.42303E-1 2.45695E-1 2.297E-1 2.46303E-1 9.63563E-2 9.03133E-2 1.79794E-1 4.49924E-2
