data/maxent/outputs/red_34.asc
ncols         426
nrows         180
xllcorner     -130.0
yllcorner     24.0
cellsize      0.16666666666666666
NODATA_value  -9999
[rows 135 to 161 of 180, columns 122 to 182 of 426]
6.84259E-3 2.08834E-2 1.01288E-2 2.1659E-2 6.78132E-3 1.30755E-2 1.06053E-2 1.40387E-2 1.26741E-2 6.99251E-3 1.06882E-2 1.52525E-2 1.0328E-2 7.20868E-3 6.81022E-3 6.19848E-3 5.28215E-3 5.5377E-3 6.08554E-3 5.22598E-3 6.17213E-3 4.62995E-3 3.06952E-3 3.49172E-3 4.5219E-3 3.29144E-3 3.69111E-3 5.7901E-3 1.33964E-2 5.70743E-3 1.20816E-2 8.70686E-3 8.50977E-3 8.47236E-3 9.81484E-3 1.261E-2 1.37358E-2 1.49422E-2 1.63345E-2 1.69211E-2 1.84027E-2 2.42035E-2 3.194E-2 4.65839E-2 5.32821E-2 4.80665E-2 4.30272E-2 3.58633E-2 3.7263E-2 3.47623E-2 3.80611E-2 5.11896E-2 6.38641E-2 7.48606E-2 9.18354E-2 1.10863E-1 1.16166E-1 1.38918E-1 1.71863E-1 1.98848E-1 2.22919E-1
1.21673E-2 2.88514E-2 1.83704E-2 2.94057E-2 2.19066E-2 2.44274E-2 9.79537E-3 1.07175E-2 1.06185E-2 8.36217E-3 8.23919E-3 1.25668E-2 1.56668E-2 1.14375E-2 1.67781E-2 7.93474E-3 5.72659E-3 5.26934E-3 5.27622E-3 3.88699E-3 7.54813E-3 5.105E-3 6.10594E-3 4.11912E-3 4.58809E-3 5.3465E-3 4.4182E-3 6.50772E-3 1.2084E-2 1.05472E-2 9.71918E-3 1.20387E-2 1.13107E-2 1.01664E-2 1.2673E-2 1.46811E-2 1.49376E-2 1.63398E-2 1.75382E-2 1.92907E-2 2.10258E-2 2.69008E-2 3.64374E-2 5.54509E-2 7.04448E-2 5.74314E-2 5.48686E-2 5.15806E-2 4.81894E-2 4.78029E-2 5.01354E-2 6.0491E-2 7.48567E-2 9.32404E-2 1.16219E-1 1.29279E-1 1.58836E-1 1.58688E-1 1.79618E-1 1.88805E-1 2.08327E-1
1.48274E-2 2.64132E-2 2.27936E-2 3.30498E-2 2.07447E-2 2.30949E-2 1.55246E-2 9.76196E-3 8.99825E-3 7.99784E-3 6.9577E-3 1.39224E-2 2.09571E-2 1.84005E-2 1.59747E-2 1.60312E-2 6.34109E-3 6.00534E-3 1.01798E-2 7.91649E-3 7.33163E-3 3.90942E-3 9.29937E-3 5.81934E-3 7.69994E-3 8.61343E-3 4.83699E-3 6.48753E-3 1.43942E-2 8.81172E-3 7.21831E-3 8.60384E-3 1.1179E-2 1.56733E-2 1.48261E-2 1.45711E-2 1.58379E-2 1.57472E-2 1.80977E-2 2.15828E-2 2.51103E-2 3.59263E-2 5.10195E-2 6.20047E-2 7.55801E-2 7.42278E-2 6.14532E-2 4.96422E-2 4.57246E-2 4.64033E-2 4.54855E-2 5.35084E-2 7.24495E-2 9.06034E-2 1.14475E-1 1.26344E-1 1.41165E-1 1.56624E-1 1.66129E-1 1.73353E-1 1.85632E-1
1.11428E-2 3.17368E-2 3.84424E-2 4.16898E-2 3.16782E-2 1.18539E-2 7.0669E-3 7.30992E-3 9.91426E-3 1.45342E-2 1.60525E-2 1.4355E-2 1.68884E-2 1.22875E-2 1.32563E-2 1.48134E-2 6.8837E-3 6.97875E-3 1.49237E-2 8.92443E-3 8.08372E-3 6.89819E-3 4.27276E-3 8.84861E-3 1.10607E-2 1.47549E-2 1.01311E-2 1.49496E-2 9.11198E-3 1.0358E-2 8.92743E-3 1.07239E-2 1.22104E-2 1.76643E-2 1.92454E-2 2.10367E-2 1.71822E-2 1.70965E-2 1.77529E-2 2.22026E-2 3.03264E-2 4.16887E-2 5.61315E-2 6.80999E-2 7.74489E-2 7.68441E-2 7.43902E-2 6.06611E-2 5.09596E-2 5.03181E-2 5.08288E-2 5.03092E-2 6.20626E-2 7.56522E-2 1.05495E-1 1.27187E-1 1.37041E-1 1.5406E-1 1.55261E-1 1.62805E-1 1.80437E-1
1.3207E-2 5.73153E-2 6.36215E-2 5.06862E-2 4.41647E-2 2.45107E-2 1.91959E-2 1.21354E-2 1.17136E-2 1.10209E-2 7.30874E-3 1.17338E-2 1.21437E-2 9.4356E-3 8.97456E-3 1.19644E-2 4.44227E-3 1.24258E-2 7.25292E-3 6.61136E-3 9.80669E-3 6.41641E-3 4.49609E-3 6.54397E-3 9.31892E-3 1.40007E-2 1.37612E-2 1.43071E-2 1.65325E-2 8.5643E-3 6.7153E-3 1.04884E-2 1.10972E-2 1.12491E-2 1.83682E-2 1.83465E-2 2.04813E-2 1.76682E-2 1.67225E-2 2.10822E-2 2.71369E-2 3.52367E-2 4.52162E-2 4.79155E-2 5.22839E-2 6.11933E-2 6.86443E-2 7.32349E-2 6.63992E-2 5.98296E-2 5.84509E-2 6.46028E-2 7.56488E-2 8.84899E-2 1.02255E-1 1.2782E-1 1.60905E-1 1.84487E-1 1.86944E-1 1.80111E-1 1.95739E-1
2.32348E-2 9.79721E-2 7.0091E-2 5.62601E-2 5.98781E-2 3.9205E-2 2.30429E-2 1.78895E-2 1.10249E-2 8.61328E-3 7.26459E-3 1.30612E-2 1.22203E-2 9.85688E-3 7.33682E-3 1.15642E-2 9.62396E-3 9.80575E-3 7.71026E-3 1.23003E-2 1.43862E-2 1.19854E-2 9.31039E-3 8.38587E-3 7.33611E-3 8.65602E-3 1.19468E-2 1.01099E-2 1.59083E-2 1.50533E-2 4.26634E-3 5.47694E-3 1.06462E-2 9.21616E-3 8.22105E-3 1.41213E-2 1.59318E-2 1.64763E-2 1.9624E-2 2.48711E-2 2.86338E-2 3.33619E-2 3.7475E-2 4.56141E-2 5.06487E-2 6.05806E-2 7.16929E-2 7.72643E-2 7.61616E-2 7.05042E-2 7.38122E-2 8.02721E-2 9.47628E-2 1.07866E-1 1.23807E-1 1.33578E-1 1.67299E-1 1.75872E-1 1.77061E-1 1.83123E-1 2.1135E-1
3.73434E-2 1.47518E-1 9.61512E-2 5.58921E-2 5.47457E-2 4.99743E-2 2.49719E-2 1.01607E-2 1.0702E-2 1.10844E-2 7.55033E-3 1.04042E-2 1.17787E-2 1.02432E-2 9.11174E-3 7.35188E-3 1.14626E-2 7.83781E-3 7.7882E-3 1.10597E-2 1.39642E-2 1.01732E-2 1.10409E-2 7.54475E-3 8.21204E-3 7.96068E-3 8.16724E-3 7.26153E-3 1.66514E-2 1.70572E-2 7.99861E-3 3.64965E-3 6.10019E-3 4.95507E-3 7.59993E-3 1.28287E-2 1.33988E-2 1.81819E-2 2.23892E-2 2.06796E-2 2.37533E-2 3.24279E-2 4.01373E-2 4.71499E-2 5.33588E-2 6.75035E-2 7.69717E-2 8.84925E-2 8.61025E-2 7.98146E-2 8.67601E-2 9.25637E-2 1.12245E-1 1.26743E-1 1.4537E-1 1.55423E-1 1.81469E-1 1.86679E-1 1.89921E-1 2.08129E-1 2.39914E-1
4.3301E-2 1.09883E-1 1.05071E-1 5.44043E-2 5.34519E-2 4.30364E-2 1.36299E-2 4.52625E-3 6.10819E-3 8.8253E-3 8.77033E-3 1.00747E-2 7.94092E-3 9.45029E-3 8.96207E-3 9.92666E-3 1.00591E-2 9.11727E-3 5.99248E-3 6.67325E-3 6.96071E-3 7.03545E-3 8.7163E-3 8.71909E-3 6.47891E-3 1.02415E-2 9.76038E-3 6.97329E-3 1.44643E-2 1.63754E-2 1.28954E-2 6.03432E-3 4.87369E-3 4.05471E-3 5.53406E-3 1.07714E-2 1.43815E-2 1.60571E-2 1.33136E-2 1.59358E-2 2.62716E-2 3.15841E-2 4.14788E-2 5.43547E-2 6.72492E-2 7.55953E-2 8.44641E-2 9.58867E-2 9.30867E-2 9.7473E-2 1.07904E-1 1.16861E-1 1.29037E-1 1.49365E-1 1.60107E-1 1.62615E-1 1.88611E-1 1.95448E-1 2.10525E-1 2.16111E-1 2.24062E-1
4.12961E-2 9.89651E-2 1.37109E-1 4.73745E-2 3.54214E-2 3.13738E-2 1.51705E-2 6.22454E-3 2.53209E-3 5.52204E-3 5.89648E-3 9.50344E-3 6.59817E-3 8.59872E-3 8.73582E-3 9.38197E-3 1.00688E-2 9.22047E-3 5.98966E-3 3.6687E-3 2.63292E-3 6.59983E-3 5.79713E-3 6.31825E-3 7.47752E-3 9.56821E-3 1.14287E-2 6.67109E-3 1.11578E-2 1.76787E-2 1.54024E-2 8.3391E-3 6.79761E-3 6.97822E-3 8.06821E-3 1.09123E-2 1.40823E-2 1.75161E-2 2.1555E-2 2.77838E-2 3.71408E-2 4.58803E-2 6.05842E-2 7.71621E-2 8.28196E-2 8.99514E-2 1.07432E-1 1.03489E-1 1.19892E-1 1.28878E-1 1.39464E-1 1.59149E-1 1.65676E-1 1.76058E-1 1.87951E-1 1.88972E-1 2.10817E-1 2.22332E-1 2.33222E-1 2.23924E-1 2.23598E-1
3.74618E-2 7.45697E-2 1.00407E-1 6.31756E-2 3.41512E-2 1.90948E-2 1.6561E-2 3.58158E-3 1.48473E-3 4.25289E-3 2.86112E-3 2.36838E-3 7.66645E-3 9.03152E-3 7.81653E-3 1.08117E-2 8.26328E-3 6.78656E-3 4.84147E-3 2.05809E-3 3.16055E-3 4.12329E-3 5.81361E-3 6.83141E-3 1.01617E-2 1.02624E-2 9.0862E-3 9.01587E-3 1.05905E-2 2.05718E-2 2.51222E-2 1.40447E-2 9.64346E-3 1.22578E-2 1.54513E-2 1.48983E-2 1.45189E-2 2.02199E-2 3.17884E-2 3.85187E-2 4.70773E-2 5.96875E-2 7.31407E-2 1.07268E-1 1.28585E-1 1.27055E-1 1.32064E-1 1.37233E-1 1.5464E-1 1.79317E-1 1.81538E-1 1.90407E-1 1.97914E-1 2.05921E-1 2.11495E-1 2.08047E-1 2.24534E-1 2.49353E-1 2.646E-1 2.49108E-1 2.41787E-1
5.74094E-2 5.58143E-2 1.17891E-1 5.96414E-2 5.2096E-2 1.75324E-2 1.24122E-2 4.18083E-3 1.80537E-3 3.20568E-3 2.02127E-3 9.33331E-4 3.24519E-3 6.83311E-3 4.42135E-3 7.49074E-3 5.1383E-3 5.18218E-3 4.10195E-3 2.1999E-3 3.73141E-3 3.65757E-3 7.03882E-3 8.59318E-3 1.02834E-2 9.65751E-3 4.88978E-3 1.15492E-2 1.28809E-2 1.99546E-2 4.82372E-2 4.275E-2 2.46439E-2 2.13323E-2 1.88157E-2 1.48596E-2 1.71765E-2 2.76576E-2 4.07828E-2 5.40605E-2 6.49626E-2 8.76334E-2 1.14071E-1 1.26607E-1 1.33995E-1 1.64288E-1 1.72888E-1 1.86738E-1 2.06682E-1 2.43037E-1 2.21716E-1 2.11816E-1 2.27964E-1 2.19713E-1 2.36807E-1 2.398E-1 2.51981E-1 2.81245E-1 3.10516E-1 3.19668E-1 3.3941E-1
7.68093E-2 6.12776E-2 8.85105E-2 6.52891E-2 5.09881E-2 4.95363E-2 1.67993E-2 2.71358E-3 2.8638E-3 1.84412E-3 1.05042E-3 6.88156E-4 1.34005E-3 4.28985E-3 2.56332E-3 4.05501E-3 2.18828E-3 2.36953E-3 3.02542E-3 3.31766E-3 4.13709E-3 5.16139E-3 8.23409E-3 1.18915E-2 1.03262E-2 7.86053E-3 7.22653E-3 1.40044E-2 2.70485E-2 2.9622E-2 5.10017E-2 8.2784E-2 8.03023E-2 3.68807E-2 2.31326E-2 2.53127E-2 2.98942E-2 3.97865E-2 5.28883E-2 5.92422E-2 9.45301E-2 1.25755E-1 1.04917E-1 1.08556E-1 1.25184E-1 1.35941E-1 1.50782E-1 1.71968E-1 1.96909E-1 2.27055E-1 2.50243E-1 2.45783E-1 2.59642E-1 2.57666E-1 2.85298E-1 2.76095E-1 2.79033E-1 3.21659E-1 3.39672E-1 3.81606E-1 4.22571E-1
8.1494E-2 3.84739E-2 1.02824E-1 8.0505E-2 6.71483E-2 4.63286E-2 1.8756E-2 1.09534E-2 5.46072E-3 1.27967E-3 5.71814E-4 3.55131E-4 7.994E-4 3.01972E-3 2.28224E-3 2.3084E-3 1.24872E-3 1.11113E-3 2.1982E-3 4.09489E-3 4.43249E-3 7.4677E-3 8.10531E-3 1.21422E-2 1.18058E-2 8.32524E-3 9.50091E-3 1.39584E-2 2.9735E-2 2.14122E-2 3.05374E-2 6.91971E-2 8.72205E-2 5.30532E-2 3.65376E-2 4.04286E-2 4.96314E-2 5.8612E-2 6.11303E-2 6.98074E-2 9.38285E-2 1.33186E-1 9.4919E-2 1.04557E-1 1.26258E-1 1.51722E-1 1.49286E-1 1.68696E-1 1.88296E-1 2.15186E-1 2.26873E-1 2.39844E-1 2.6663E-1 2.78008E-1 2.88215E-1 3.00907E-1 3.103E-1 3.48667E-1 3.90784E-1 3.92619E-1 4.44163E-1
1.00284E-1 5.53583E-2 1.00505E-1 3.75631E-2 4.4132E-2 2.86726E-2 1.7775E-2 6.36172E-3 3.68348E-3 1.31151E-3 7.60632E-4 3.88744E-4 8.55994E-4 2.1993E-3 1.85924E-3 1.44029E-3 1.10855E-3 7.71197E-4 1.04749E-3 3.33698E-3 3.55911E-3 1.0079E-2 9.30437E-3 9.6885E-3 1.00188E-2 1.07892E-2 1.28706E-2 2.20105E-2 2.37537E-2 1.50657E-2 1.53518E-2 3.46239E-2 3.94456E-2 3.8589E-2 5.47266E-2 7.14233E-2 8.33226E-2 7.09776E-2 6.92953E-2 1.20569E-1 1.19389E-1 8.78134E-2 8.10197E-2 8.54224E-2 1.05098E-1 1.38874E-1 1.78768E-1 1.76998E-1 1.65873E-1 1.69797E-1 1.80319E-1 2.05878E-1 2.54851E-1 2.86257E-1 2.94021E-1 3.26438E-1 3.39311E-1 3.50434E-1 3.67128E-1 3.98406E-1 4.41905E-1
6.08469E-2 1.04005E-1 9.79797E-2 2.82158E-2 2.19063E-2 3.05199E-2 1.86007E-2 6.60922E-3 4.01202E-3 1.29244E-3 1.37555E-3 8.53731E-4 1.19307E-3 1.76903E-3 1.51932E-3 1.24827E-3 1.05261E-3 6.61605E-4 8.98253E-4 2.96295E-3 3.39335E-3 7.17227E-3 9.97155E-3 1.23723E-2 9.55536E-3 1.16568E-2 1.93156E-2 1.98694E-2 1.28672E-2 9.58586E-3 1.18005E-2 2.08322E-2 2.09595E-2 1.79427E-2 4.12199E-2 6.41895E-2 6.00156E-2 1.05553E-1 1.16562E-1 1.37187E-1 1.27307E-1 6.75723E-2 5.69538E-2 7.63182E-2 7.75537E-2 6.78212E-2 1.20468E-1 1.53554E-1 1.62957E-1 1.6372E-1 1.44004E-1 1.62243E-1 2.03071E-1 2.82508E-1 3.04607E-1 3.2244E-1 3.69392E-1 4.03777E-1 4.03989E-1 4.36338E-1 4.88846E-1
5.95907E-2 3.71303E-2 3.94219E-2 2.23093E-2 1.58343E-2 2.19612E-2 1.50979E-2 5.57106E-3 1.5023E-3 2.05837E-3 1.21174E-3 7.82893E-4 1.2557E-3 1.5097E-3 1.43426E-3 1.2029E-3 8.40158E-4 4.004E-4 5.18384E-4 1.75804E-3 3.82557E-3 7.53095E-3 1.6282E-2 1.36152E-2 1.5362E-2 1.76256E-2 2.02381E-2 1.2367E-2 1.09561E-2 9.4934E-3 1.12182E-2 1.79355E-2 1.4911E-2 1.41187E-2 3.49031E-2 4.83194E-2 6.14813E-2 1.0398E-1 1.34335E-1 8.54443E-2 9.05847E-2 8.01267E-2 5.28302E-2 5.58384E-2 5.86035E-2 5.97635E-2 8.11936E-2 9.85762E-2 1.31622E-1 1.44868E-1 1.30637E-1 1.39618E-1 1.80648E-1 2.50133E-1 2.89259E-1 3.30328E-1 3.76764E-1 4.23315E-1 4.35742E-1 4.68708E-1 5.02829E-1
1.1518E-1 2.09697E-2 1.75369E-2 1.56312E-2 9.79884E-3 1.39138E-2 7.29862E-3 3.40432E-3 8.96752E-4 1.84997E-3 1.50592E-3 8.80643E-4 9.09046E-4 1.14418E-3 1.46608E-3 9.52238E-4 8.75684E-4 8.00397E-4 6.45276E-4 1.13803E-3 3.46761E-3 1.08656E-2 1.66341E-2 1.58957E-2 1.97378E-2 1.77507E-2 1.06348E-2 9.44047E-3 1.29577E-2 1.27554E-2 1.11093E-2 1.45133E-2 1.919E-2 1.37449E-2 1.80224E-2 3.41282E-2 5.33066E-2 7.28918E-2 9.81439E-2 9.40503E-2 7.2827E-2 5.50287E-2 5.48881E-2 5.24538E-2 6.59686E-2 6.63268E-2 7.4864E-2 9.17193E-2 1.04926E-1 1.23163E-1 1.18461E-1 1.24837E-1 1.602E-1 2.06586E-1 2.94724E-1 3.47973E-1 3.77572E-1 4.10662E-1 4.72024E-1 4.95071E-1 5.32203E-1
1.44782E-1 3.71717E-2 1.6036E-2 1.53421E-2 8.05743E-3 9.48432E-3 3.69103E-3 2.38244E-3 9.89653E-4 7.76662E-4 1.55557E-3 1.32281E-3 8.91406E-4 1.00591E-3 8.63232E-4 1.19269E-3 8.09285E-4 1.27445E-3 9.91788E-4 8.86353E-4 2.46507E-3 7.4191E-3 7.31462E-3 1.57176E-2 1.63448E-2 1.77235E-2 1.16349E-2 8.7544E-3 9.20454E-3 1.12305E-2 1.14236E-2 1.01401E-2 1.39707E-2 1.72946E-2 1.85509E-2 2.21977E-2 4.00134E-2 5.59388E-2 6.09181E-2 7.53634E-2 7.98602E-2 5.15469E-2 4.51369E-2 3.43437E-2 5.34463E-2 7.00996E-2 8.20493E-2 7.88398E-2 7.79439E-2 8.58939E-2 9.04056E-2 1.0659E-1 1.25785E-1 1.58479E-1 2.23086E-1 2.79204E-1 3.24639E-1 3.91747E-1 4.6213E-1 5.14894E-1 5.13929E-1
1.5991E-1 4.69662E-2 2.96108E-2 1.4298E-2 4.37493E-3 7.12985E-3 4.61289E-3 3.17797E-3 1.62267E-3 9.21646E-4 1.32914E-3 1.67874E-3 1.13422E-3 1.06572E-3 7.61213E-4 8.10887E-4 7.29785E-4 1.02728E-3 1.02519E-3 1.70142E-3 1.87029E-3 2.45183E-3 7.59425E-3 1.422E-2 1.34626E-2 1.65233E-2 1.56265E-2 1.39112E-2 1.09081E-2 7.74392E-3 8.4668E-3 1.12903E-2 1.45704E-2 2.21527E-2 2.59891E-2 2.65131E-2 3.38314E-2 3.87395E-2 3.95675E-2 4.44188E-2 6.05166E-2 5.54044E-2 4.19435E-2 2.63234E-2 3.78426E-2 6.13839E-2 7.93106E-2 6.42332E-2 6.36541E-2 6.39077E-2 7.63684E-2 9.79641E-2 9.85659E-2 1.18325E-1 1.61349E-1 2.24881E-1 3.00196E-1 3.49741E-1 4.22071E-1 4.90854E-1 4.88804E-1
1.38794E-1 9.09622E-2 5.05574E-2 1.37354E-2 1.30387E-2 6.39494E-3 1.74592E-2 1.39776E-2 1.4499E-3 1.21613E-3 1.21097E-3 1.48915E-3 1.49658E-3 1.22822E-3 1.10383E-3 5.73607E-4 5.50796E-4 1.37451E-3 1.40724E-3 1.5003E-3 2.38821E-3 3.2142E-3 7.12562E-3 1.20471E-2 1.99795E-2 1.75962E-2 2.37358E-2 1.43662E-2 1.5733E-2 1.2346E-2 1.17559E-2 1.14572E-2 1.9178E-2 2.949E-2 2.93351E-2 2.64694E-2 3.18867E-2 3.35477E-2 3.02502E-2 3.24644E-2 4.43216E-2 4.47703E-2 4.36139E-2 3.191E-2 4.06593E-2 5.7125E-2 7.6048E-2 7.65439E-2 6.28687E-2 6.66561E-2 7.93299E-2 9.80629E-2 1.05674E-1 1.18204E-1 1.43832E-1 2.08818E-1 2.70513E-1 3.27831E-1 3.91908E-1 4.47155E-1 4.57141E-1
1.21193E-1 7.49642E-2 4.04424E-2 1.95893E-2 1.95114E-2 3.14225E-2 3.3211E-2 3.44061E-2 9.27517E-3 2.24168E-3 1.49711E-3 1.13435E-3 1.1735E-3 1.49678E-3 1.01775E-3 7.63612E-4 5.25772E-4 1.1434E-3 1.44942E-3 1.63221E-3 2.92348E-3 4.08101E-3 8.11489E-3 1.696E-2 1.97998E-2 1.76938E-2 2.13052E-2 1.67299E-2 2.09167E-2 1.76312E-2 1.3823E-2 1.55724E-2 1.93806E-2 2.64702E-2 2.8745E-2 3.03681E-2 2.91763E-2 3.00959E-2 3.00963E-2 3.60111E-2 3.39499E-2 3.55141E-2 3.92512E-2 4.34114E-2 4.40611E-2 6.6792E-2 8.01073E-2 7.18649E-2 7.47567E-2 9.49096E-2 1.02914E-1 1.16369E-1 1.3451E-1 1.48485E-1 1.68204E-1 1.98789E-1 2.69341E-1 3.24941E-1 3.9267E-1 4.13418E-1 4.21574E-1
1.02064E-1 5.0785E-2 3.39986E-2 2.14568E-2 3.16115E-2 4.35638E-2 4.13771E-2 4.24652E-2 2.43887E-2 1.29683E-2 4.08163E-3 1.43578E-3 1.22648E-3 1.27391E-3 1.56265E-3 9.15545E-4 1.05212E-3 1.2251E-3 1.32499E-3 2.06323E-3 3.18208E-3 5.21638E-3 1.01693E-2 1.27148E-2 1.40248E-2 1.54685E-2 1.88128E-2 1.96274E-2 1.88757E-2 1.74972E-2 1.70363E-2 2.12571E-2 2.04986E-2 2.71421E-2 2.73185E-2 3.90395E-2 3.67388E-2 2.93688E-2 3.73804E-2 4.07986E-2 4.26152E-2 3.12496E-2 3.48668E-2 4.46025E-2 4.43837E-2 5.52368E-2 7.61469E-2 9.10207E-2 1.03836E-1 1.27751E-1 1.56687E-1 1.64432E-1 1.79333E-1 1.81424E-1 1.98552E-1 2.20294E-1 2.78362E-1 3.32425E-1 4.0846E-1 4.24074E-1 4.42779E-1
8.43938E-2 4.67177E-2 3.48706E-2 3.36965E-2 4.20273E-2 4.77396E-2 2.76947E-2 3.52533E-2 2.8521E-2 2.16554E-2 7.37533E-3 2.65698E-3 2.22404E-3 2.23379E-3 2.51364E-3 1.50172E-3 1.14572E-3 1.39104E-3 1.41408E-3 1.76169E-3 3.61022E-3 4.49712E-3 6.26971E-3 9.85495E-3 1.18606E-2 1.20221E-2 1.72104E-2 1.86749E-2 1.53747E-2 1.69414E-2 1.93082E-2 1.97333E-2 1.88177E-2 2.82952E-2 3.56547E-2 3.62598E-2 4.77584E-2 4.0239E-2 3.88906E-2 4.20998E-2 4.79571E-2 3.68572E-2 3.71773E-2 4.2058E-2 4.48011E-2 5.90615E-2 7.35795E-2 9.05026E-2 1.2639E-1 1.49737E-1 1.77811E-1 1.89254E-1 1.94961E-1 2.26031E-1 2.38711E-1 2.6093E-1 3.08363E-1 3.66193E-1 4.27853E-1 4.70206E-1 4.80324E-1
1.01029E-1 5.70183E-2 4.34781E-2 4.28089E-2 7.44926E-2 4.42224E-2 4.08695E-2 5.44373E-2 2.99366E-2 1.56914E-2 1.1741E-2 1.24329E-2 5.00646E-3 3.97586E-3 4.15401E-3 2.37235E-3 1.96832E-3 2.31146E-3 2.5331E-3 2.32108E-3 3.79551E-3 4.07091E-3 9.84236E-3 1.34818E-2 1.90257E-2 1.97363E-2 1.39093E-2 1.61365E-2 1.7929E-2 1.99816E-2 1.6097E-2 1.62716E-2 2.50166E-2 2.86404E-2 3.9671E-2 4.25081E-2 5.53809E-2 5.34393E-2 5.50409E-2 5.08012E-2 5.15559E-2 4.21603E-2 3.89021E-2 4.30892E-2 5.61283E-2 6.241E-2 8.5701E-2 1.00747E-1 1.43998E-1 1.58499E-1 1.90981E-1 2.11692E-1 2.33974E-1 2.43267E-1 2.54052E-1 2.86832E-1 3.35997E-1 4.07639E-1 4.52119E-1 5.25497E-1 5.81425E-1
1.25702E-1 8.46659E-2 7.1926E-2 7.56102E-2 9.53782E-2 7.14122E-2 4.99673E-2 6.38318E-2 3.79263E-2 2.25177E-2 1.82233E-2 2.48754E-2 1.27465E-2 6.5408E-3 3.73749E-3 2.49953E-3 2.33108E-3 3.21486E-3 2.80143E-3 4.71398E-3 6.83581E-3 8.18131E-3 9.88553E-3 1.06219E-2 1.12768E-2 1.42682E-2 1.34357E-2 1.50767E-2 1.90981E-2 1.91179E-2 1.60107E-2 1.77038E-2 3.02094E-2 3.24369E-2 4.76475E-2 5.3976E-2 6.60342E-2 6.9499E-2 6.5675E-2 5.75837E-2 5.64947E-2 5.18295E-2 3.32227E-2 5.50372E-2 7.16438E-2 6.98188E-2 8.18344E-2 1.27751E-1 1.68346E-1 1.88821E-1 2.1252E-1 2.27235E-1 2.5098E-1 2.80033E-1 2.74701E-1 3.38346E-1 3.87653E-1 4.83879E-1 5.11151E-1 5.71147E-1 6.30236E-1
1.79452E-1 1.501E-1 1.27838E-1 1.33277E-1 1.21252E-1 6.12596E-2 3.32329E-2 5.84389E-2 3.23943E-2 2.00312E-2 5.20015E-2 2.96404E-2 1.53864E-2 6.49253E-3 4.05706E-3 3.06397E-3 2.602E-3 2.64498E-3 1.80182E-3 4.77268E-3 5.5013E-3 5.41306E-3 6.38257E-3 8.1292E-3 8.9195E-3 1.2871E-2 1.05033E-2 1.18599E-2 1.47113E-2 1.77939E-2 1.31001E-2 1.68006E-2 2.77656E-2 2.14995E-2 4.97736E-2 5.52272E-2 8.23153E-2 8.51266E-2 7.47923E-2 7.82891E-2 7.81683E-2 6.36888E-2 4.01345E-2 6.67531E-2 7.88408E-2 7.74404E-2 8.96729E-2 1.57905E-1 1.7662E-1 2.09037E-1 2.28494E-1 2.35807E-1 2.49135E-1 2.96798E-1 3.58966E-1 3.86613E-1 4.32007E-1 5.13472E-1 5.72111E-1 5.95073E-1 6.29487E-1
1.30506E-1 1.89453E-1 1.6129E-1 1.22428E-1 1.12635E-1 8.16258E-2 5.15386E-2 6.76219E-2 5.17459E-2 4.15719E-2 6.89268E-2 7.47408E-2 2.97929E-2 1.08844E-2 3.78909E-3 3.09262E-3 2.33572E-3 1.73762E-3 1.8943E-3 4.48044E-3 4.33149E-3 3.19186E-3 4.49517E-3 7.18429E-3 7.43506E-3 1.04618E-2 9.95513E-3 1.03033E-2 1.262E-2 1.37354E-2 1.66398E-2 2.09851E-2 2.6514E-2 4.28868E-2 5.50912E-2 7.10998E-2 7.654E-2 8.01186E-2 7.59257E-2 7.4017E-2 7.27318E-2 6.19249E-2 4.92151E-2 5.40543E-2 8.24697E-2 1.14256E-1 1.33332E-1 2.24686E-1 2.0361E-1 2.1676E-1 2.4841E-1 2.53361E-1 2.70309E-1 2.90986E-1 3.88485E-1 3.65306E-1 4.1748E-1 5.13728E-1 5.6488E-1 6.11501E-1 6.28841E-1
