data/maxent/outputs/red_48.asc
ncols         426
nrows         180
xllcorner     -130.0
yllcorner     24.0
cellsize      0.16666666666666666
NODATA_value  -9999
[rows 81 to 107 of 180, columns 61 to 121 of 426]
4.47622E-3 5.51346E-2 1.34043E-2 3.31424E-2 4.66807E-3 1.27968E-2 7.35631E-3 8.11262E-3 3.75002E-3 7.41123E-3 5.05628E-3 3.33962E-3 1.28778E-2 7.93373E-3 3.76738E-3 1.38891E-3 8.87307E-4 1.4593E-2 1.25319E-2 5.67295E-4 4.44958E-4 2.23258E-3 5.04481E-4 2.08853E-3 2.45452E-4 2.41859E-3 3.65651E-3 4.00611E-4 6.63775E-4 8.27063E-4 5.06707E-4 3.32548E-4 6.81509E-5 2.12432E-3 3.534E-4 1.90719E-4 3.95738E-4 2.48097E-4 2.29051E-4 3.36596E-4 9.4316E-4 1.16775E-3 1.60598E-4 1.30323E-2 3.37251E-4 1.02607E-2 1.55227E-3 9.80237E-4 3.9092E-3 2.95866E-3 2.82704E-4 1.05394E-2 6.80798E-3 8.92811E-3 4.83364E-3 2.68789E-3 6.72328E-5 3.24613E-5 9.91403E-6 3.39747E-6 3.52506E-6
2.91915E-2 1.02738E-1 5.91753E-2 2.47936E-2 1.59366E-2 2.34629E-3 1.43946E-2 9.55146E-3 1.89434E-3 7.30208E-3 9.11479E-3 7.30692E-4 1.18191E-2 1.47969E-2 1.10786E-2 1.53464E-2 3.67162E-3 1.40687E-2 5.2177E-3 1.28461E-3 7.29643E-3 7.77747E-4 5.41756E-4 1.54219E-3 2.47596E-4 4.31697E-3 1.63381E-3 2.82971E-3 2.02931E-3 6.30001E-3 2.33494E-4 1.40562E-3 4.94058E-4 7.90823E-4 4.39651E-4 3.35641E-4 1.71717E-4 1.6514E-4 2.61453E-4 2.79412E-4 3.07795E-4 6.16134E-4 1.9949E-4 1.98593E-3 1.32891E-4 4.08168E-4 1.11195E-4 2.70162E-3 6.19219E-3 6.06448E-3 1.36279E-3 4.03129E-3 4.75248E-3 9.91778E-4 1.80605E-4 2.21124E-4 3.31361E-5 7.79974E-6 1.37283E-6 3.99535E-7 3.39153E-7
6.71726E-2 4.81707E-1 1.36886E-1 4.01402E-2 1.26935E-2 2.47568E-3 1.87351E-2 1.71143E-3 1.98203E-3 1.72274E-3 1.06813E-3 5.47529E-3 2.9849E-3 3.35352E-3 5.35117E-3 2.39445E-3 4.77213E-3 3.99449E-3 1.18988E-2 2.14626E-3 1.49376E-3 4.46975E-4 2.09599E-3 2.68077E-4 1.00331E-3 5.39898E-3 3.29282E-3 2.10429E-3 2.98111E-4 2.54685E-3 6.1248E-4 3.31969E-4 1.5072E-3 3.2037E-4 1.68177E-4 4.33264E-4 4.06747E-4 1.35617E-4 2.40749E-4 3.79204E-4 9.83644E-5 1.51374E-4 1.99377E-3 6.69408E-3 8.38703E-4 9.32018E-4 4.76071E-4 9.22011E-4 2.86606E-4 1.01251E-3 5.35677E-4 1.77351E-3 3.37555E-3 3.64302E-3 1.40723E-3 5.78158E-4 5.77042E-5 7.65238E-6 2.74445E-6 7.0496E-7 3.68409E-7
4.27271E-2 1.47588E-1 1.94339E-1 5.8385E-2 2.09718E-2 1.19137E-2 3.20601E-3 1.37732E-3 5.4643E-4 7.0781E-4 2.27111E-2 7.03688E-3 6.96212E-4 3.92053E-3 5.09924E-4 3.69471E-3 3.74214E-3 3.37928E-3 1.00998E-3 5.29328E-4 3.26711E-3 5.4036E-3 1.21694E-3 2.67944E-4 3.2147E-3 6.16964E-3 2.37845E-3 1.41001E-3 3.91946E-4 3.64255E-3 3.69018E-4 3.14833E-3 3.48757E-3 9.79493E-5 1.52681E-4 5.60085E-3 2.94104E-4 9.25124E-5 2.89734E-4 3.17288E-4 1.02466E-3 2.3575E-4 9.60732E-3 5.71405E-3 9.12374E-3 1.94329E-3 2.39355E-3 2.59851E-4 6.26076E-3 1.33326E-3 1.32777E-3 1.35312E-3 3.95604E-4 1.37877E-3 2.20618E-3 2.56118E-3 1.51139E-3 1.57407E-4 3.46286E-5 4.81513E-6 3.22742E-6
1.49137E-2 3.22875E-2 5.38678E-2 5.17134E-2 2.59494E-2 6.60928E-3 1.16529E-3 4.90523E-4 2.23198E-4 3.32574E-3 2.37078E-3 2.1947E-3 1.18824E-2 1.86677E-3 2.03619E-3 8.4162E-3 4.70639E-3 7.8343E-3 1.81421E-3 3.12395E-3 1.00991E-3 1.41038E-3 6.61319E-4 3.29304E-4 1.20485E-3 4.85289E-3 1.22051E-4 1.64626E-3 6.85954E-4 5.59847E-3 4.84651E-4 2.10836E-3 5.22462E-4 1.82877E-3 4.9749E-3 1.14551E-2 1.53979E-4 2.49459E-4 1.44545E-3 3.50159E-4 1.04045E-3 2.07006E-3 1.99973E-4 2.01391E-4 4.23916E-4 3.85684E-4 1.09639E-3 3.19859E-4 4.84572E-3 1.13759E-3 1.15691E-3 1.28594E-3 4.01787E-4 5.70214E-4 3.37013E-4 6.30066E-4 2.09915E-3 7.27137E-4 1.98509E-4 4.50346E-5 1.96012E-5
2.29156E-2 7.44143E-2 7.23682E-2 1.82281E-2 7.87943E-3 1.64781E-3 6.32622E-4 3.66749E-4 8.12434E-4 1.33228E-2 9.6458E-4 1.13897E-2 6.07856E-4 6.51034E-4 4.04786E-3 1.95644E-3 2.586E-3 2.95238E-3 6.2612E-3 8.56419E-4 5.92069E-5 1.08641E-4 6.06916E-4 1.03146E-3 8.55657E-4 1.6346E-3 1.17128E-4 2.89582E-3 9.04251E-5 9.1524E-4 4.85489E-4 2.41977E-3 1.67971E-4 8.15324E-4 1.2715E-3 1.70448E-4 6.9139E-4 7.88657E-4 5.67946E-4 4.81188E-4 2.30276E-3 2.27269E-4 9.57844E-5 4.96222E-5 1.1286E-4 1.54373E-3 2.29154E-4 1.93248E-4 6.9206E-3 1.69557E-4 6.26329E-4 1.4313E-3 1.51678E-3 2.31698E-4 7.713E-5 7.68994E-5 1.05621E-3 2.40414E-3 9.13292E-4 5.29602E-4 1.12203E-4
1.78063E-2 5.47271E-2 4.29013E-2 1.56744E-2 8.21846E-3 1.67734E-3 9.06345E-4 7.80058E-4 5.91605E-3 2.52476E-3 5.81446E-3 4.20453E-3 3.36297E-3 1.83076E-3 5.71716E-4 4.18401E-4 4.14787E-3 2.23976E-3 1.66448E-3 7.73983E-4 1.81169E-3 1.53153E-4 6.46304E-3 2.50059E-3 6.11715E-4 3.88597E-4 2.01625E-3 1.95601E-4 1.53892E-3 5.07206E-4 3.32611E-4 5.53554E-3 1.40379E-4 7.64048E-3 9.11251E-4 6.99803E-5 1.58295E-3 2.15809E-4 3.12057E-4 6.22185E-3 1.06178E-3 1.85281E-4 2.1477E-5 4.33715E-5 8.36174E-5 4.71684E-3 1.37739E-4 2.64162E-4 4.06245E-3 3.9478E-5 5.00771E-3 1.24158E-3 2.17073E-3 8.11347E-5 2.04083E-5 8.80032E-5 1.21219E-4 2.90447E-3 2.14602E-3 2.1238E-3 2.30952E-4
1.81594E-2 1.87749E-2 2.59366E-2 1.064E-2 4.89284E-3 5.03826E-3 2.16653E-3 1.8339E-3 2.84546E-3 5.13981E-4 1.68339E-3 1.16021E-3 2.91789E-3 4.96334E-4 1.8329E-3 1.59727E-3 8.29544E-3 9.76064E-4 2.46766E-3 1.20833E-3 2.0128E-3 5.84799E-4 4.68094E-4 1.20648E-4 1.35513E-3 1.8155E-3 2.05207E-3 1.55981E-5 3.65832E-4 2.42879E-4 7.06412E-4 5.82121E-3 2.81317E-4 9.19454E-3 4.82158E-3 8.11488E-5 1.53993E-3 8.61643E-4 2.20966E-3 2.29972E-3 3.00011E-4 3.47688E-5 2.63756E-5 3.32998E-5 5.76604E-5 3.77933E-3 8.6741E-4 3.67475E-4 4.26213E-4 1.97453E-3 8.51482E-4 5.15747E-4 2.94749E-4 1.35741E-5 9.93031E-5 2.99734E-4 5.27772E-5 5.03412E-4 6.67059E-4 4.25332E-3 1.05703E-3
6.60582E-3 1.97922E-2 3.41487E-2 6.51988E-3 1.47824E-3 2.87039E-3 3.91403E-3 2.2117E-3 6.8353E-3 3.93723E-3 2.31267E-3 1.75649E-3 3.79775E-4 1.86598E-3 1.42531E-3 5.89929E-3 6.82374E-4 5.44642E-3 3.4582E-3 4.24507E-4 2.38033E-3 2.94646E-3 2.58324E-4 9.34313E-4 4.03853E-4 5.15154E-4 2.03282E-3 5.6754E-4 1.99899E-4 3.36641E-3 8.98118E-5 1.4822E-3 1.68527E-3 6.41874E-3 2.72596E-4 2.42045E-4 1.15991E-3 3.33477E-3 2.32485E-3 1.06704E-3 8.23426E-4 2.44636E-4 3.82099E-5 3.48569E-5 1.85489E-5 3.31597E-4 9.71769E-3 2.41682E-4 1.23374E-4 2.4077E-3 6.2752E-4 7.44673E-4 3.96233E-5 1.64312E-5 1.60997E-4 2.96532E-4 1.7713E-4 1.30803E-4 1.13929E-4 1.4069E-3 2.55822E-3
3.45359E-3 1.31353E-2 1.04484E-2 6.58378E-3 3.56359E-3 1.51487E-2 1.56856E-3 2.7268E-3 3.63881E-3 8.08511E-4 1.76037E-3 1.61668E-3 1.73537E-3 1.84542E-3 3.34615E-3 6.23197E-3 5.3071E-4 1.08611E-2 1.58284E-3 1.71213E-3 5.65314E-4 3.82117E-3 4.90851E-4 5.26372E-4 3.74138E-4 3.22899E-4 1.11188E-2 1.4952E-3 3.20325E-4 2.7577E-3 5.88981E-4 2.12061E-3 2.47927E-4 7.49609E-3 6.10434E-4 8.7649E-4 5.47284E-4 1.67793E-3 1.19274E-3 5.53296E-4 2.34E-3 2.26011E-3 5.53856E-5 3.39472E-5 7.88694E-5 1.33041E-2 7.77587E-3 1.40627E-4 5.35077E-4 5.59524E-4 4.36153E-4 1.8312E-4 6.72828E-5 1.07919E-4 1.70178E-4 2.67985E-4 9.10949E-5 9.32242E-6 1.45525E-5 3.29666E-5 4.03401E-5
1.14847E-2 1.16225E-2 9.07268E-3 5.98586E-3 6.36766E-3 1.37093E-2 1.25475E-1 2.69093E-2 4.802E-3 4.32682E-3 2.001E-3 3.17731E-3 1.42327E-3 6.69584E-3 9.12125E-3 1.85933E-2 2.8881E-3 6.9468E-3 4.66162E-4 6.08089E-3 3.13646E-4 1.62589E-3 5.16862E-4 1.66596E-4 1.24537E-3 7.35712E-5 1.31849E-3 1.29411E-3 4.97822E-4 4.39887E-3 3.43428E-3 9.41351E-4 2.36749E-4 7.69014E-3 5.14377E-4 5.0133E-4 8.02904E-4 1.16407E-3 2.57919E-4 1.16694E-4 3.2497E-4 1.43376E-4 2.63302E-4 2.54869E-4 1.14932E-3 2.54288E-3 2.97242E-4 2.01217E-4 3.78466E-4 4.53496E-4 6.38487E-4 3.10063E-4 1.59393E-4 3.7158E-4 3.0905E-4 4.99082E-4 1.22369E-5 1.23943E-5 2.60781E-5 3.62111E-5 4.89653E-5
3.38591E-3 6.67711E-3 6.82227E-3 7.32995E-3 7.0643E-3 9.16519E-3 2.23901E-2 1.15123E-2 1.97024E-2 1.06059E-2 1.03371E-2 1.91651E-3 1.35291E-3 5.83453E-3 1.37908E-2 3.90734E-3 4.80536E-3 1.66884E-3 4.6848E-4 2.15212E-3 1.62181E-3 1.10363E-3 1.8517E-4 6.10207E-4 5.58747E-5 9.33029E-6 2.89963E-3 1.16888E-3 4.88529E-4 1.27797E-2 3.02093E-3 3.42409E-4 2.58303E-3 5.02392E-4 3.66587E-4 2.56676E-3 8.37375E-5 1.35249E-3 1.79333E-4 1.65311E-3 1.15301E-4 7.84717E-5 6.86988E-4 1.37564E-3 1.38344E-3 9.1592E-4 2.7036E-3 5.03985E-4 6.05747E-4 6.08321E-4 6.68953E-4 2.46706E-4 3.43112E-4 6.17101E-4 2.56659E-4 2.39463E-5 1.7295E-5 1.59051E-5 9.70904E-5 2.52394E-4 4.08282E-4
2.94115E-3 1.30924E-3 2.10323E-3 1.94728E-3 5.95744E-3 2.82472E-3 5.28745E-3 1.23909E-2 9.97151E-3 1.64769E-2 1.5924E-2 1.07881E-2 3.92969E-3 5.07782E-3 2.01732E-3 2.60206E-3 1.96964E-3 2.14727E-3 3.43742E-3 6.03008E-4 2.15667E-3 6.50108E-5 2.67369E-4 1.57585E-4 4.86371E-6 6.58731E-5 4.68028E-3 2.46331E-4 1.6489E-4 3.23147E-3 4.16664E-3 3.96927E-4 3.59068E-3 4.57449E-3 3.956E-4 2.79986E-3 2.06434E-4 2.55076E-3 1.75044E-4 1.21626E-3 1.51586E-4 1.59732E-4 8.85501E-4 9.13415E-4 1.23376E-3 1.19404E-3 1.37906E-3 8.71578E-5 8.91469E-5 1.71046E-4 2.0783E-3 6.40278E-4 3.16772E-4 1.30404E-4 3.29056E-5 3.51697E-5 1.01817E-4 1.24879E-4 2.70111E-4 6.54642E-4 5.42266E-4
1.42265E-3 5.67061E-4 1.02018E-3 7.37241E-4 8.2556E-4 6.63452E-4 7.33731E-4 3.94158E-3 8.97464E-3 2.69169E-2 1.9161E-2 2.01823E-2 2.94956E-3 6.224E-3 1.73475E-3 9.87582E-3 2.90869E-3 3.04297E-3 1.40152E-3 3.11232E-4 1.23365E-3 3.03126E-5 2.79712E-4 3.79628E-5 8.75499E-5 3.41653E-3 8.79254E-4 4.00721E-4 9.83935E-4 6.16954E-3 6.54456E-3 3.816E-3 9.37882E-3 2.78448E-3 1.87301E-3 2.31415E-3 4.89663E-4 2.03876E-3 7.63662E-4 1.30644E-4 2.99692E-5 5.77942E-4 1.81789E-4 4.40674E-4 1.11635E-3 4.13542E-4 6.20148E-4 9.93657E-5 2.94547E-5 1.34088E-4 5.23313E-4 1.51103E-3 3.17333E-4 1.65694E-4 1.30472E-4 6.57789E-5 7.459E-4 1.16333E-3 1.17858E-3 1.24389E-3 5.804E-4
5.95289E-3 1.27584E-3 5.48877E-4 8.79319E-4 3.26174E-3 1.69069E-3 4.2508E-4 2.47792E-3 3.58303E-3 5.06177E-3 3.14225E-2 2.07755E-3 1.34467E-2 3.77164E-3 2.81972E-3 4.52266E-3 2.32923E-3 2.31268E-3 1.70271E-3 4.74819E-4 1.2497E-3 3.09899E-4 1.20281E-4 2.4755E-4 5.35185E-3 1.431E-3 2.01216E-4 4.71419E-4 4.8009E-3 2.58949E-3 2.19158E-3 6.72519E-3 1.35388E-3 3.48614E-3 2.21249E-3 3.21553E-4 1.62948E-3 7.29623E-4 1.78745E-4 3.50475E-5 3.61468E-4 3.78285E-4 3.92568E-4 3.51092E-4 2.10066E-4 7.14101E-4 3.46095E-4 1.57758E-4 4.44832E-5 3.23784E-4 5.92547E-4 1.6199E-3 6.72695E-4 8.19873E-4 7.15377E-3 3.3864E-4 1.31377E-3 2.7007E-3 2.08276E-3 1.35926E-3 2.96622E-3
8.91029E-2 1.30463E-2 1.59601E-3 4.56792E-4 8.83245E-3 2.94787E-3 7.03587E-4 7.23509E-4 7.4016E-3 8.67243E-3 3.74473E-3 5.78992E-3 2.98533E-3 9.22025E-3 9.71264E-3 3.42738E-3 8.6162E-4 4.29641E-4 2.62996E-4 1.58361E-3 3.14626E-3 2.86919E-4 3.23796E-4 6.49501E-4 4.35823E-4 8.54629E-4 7.21393E-4 2.93672E-4 1.12098E-2 4.29206E-3 4.41176E-4 2.39466E-2 1.52303E-3 1.34314E-3 4.14986E-3 1.04279E-3 9.4032E-5 2.36644E-5 2.17161E-5 3.07624E-5 7.30804E-5 9.83648E-5 1.15495E-4 6.12698E-4 1.3866E-5 7.24962E-4 1.18463E-4 5.43581E-4 8.63827E-4 1.9838E-3 1.13475E-3 1.76236E-3 1.4303E-3 2.64742E-3 4.62421E-3 1.86057E-3 2.93718E-3 2.92615E-3 4.86346E-3 4.15643E-3 4.67868E-3
1.44593E-1 1.66686E-2 1.71628E-3 3.49905E-4 2.30374E-3 2.21032E-3 1.14779E-3 5.3197E-3 3.24314E-2 3.60166E-3 2.07745E-3 1.92429E-2 2.41522E-2 2.0824E-3 7.96974E-3 4.86066E-3 4.3543E-3 3.45976E-3 1.31062E-3 2.26202E-4 8.59438E-4 7.79108E-4 2.12992E-4 4.92068E-4 4.43765E-5 9.09438E-4 2.01155E-3 2.03418E-3 2.33594E-3 5.75261E-3 5.01768E-4 6.96496E-3 4.36387E-4 3.33469E-3 1.10284E-3 3.14333E-4 3.12904E-5 3.23331E-5 5.4011E-4 2.07443E-4 1.47473E-4 2.70985E-3 1.31938E-3 3.89773E-4 3.40162E-5 8.49251E-5 3.74481E-5 1.3142E-3 9.95152E-4 7.49728E-4 1.23162E-3 1.73327E-3 4.60011E-3 2.20881E-3 1.16952E-3 5.77222E-3 1.06907E-2 4.21642E-3 9.15233E-3 5.9001E-3 5.08824E-3
5.85166E-1 5.05621E-2 3.83785E-3 9.9975E-3 6.56245E-3 1.64304E-3 1.66114E-3 5.81799E-3 1.11732E-2 2.10865E-3 7.08108E-3 8.0888E-3 1.07539E-2 5.48198E-3 5.96164E-3 4.25961E-3 3.86247E-3 1.6771E-3 3.70585E-3 5.10932E-4 2.54096E-4 3.15996E-4 7.0272E-4 4.2881E-4 9.2695E-4 2.92326E-3 1.25895E-2 3.82595E-3 3.75709E-3 1.20925E-3 1.12554E-2 9.01988E-3 4.1115E-3 2.83305E-3 1.9733E-3 2.11396E-3 7.87975E-4 1.42731E-3 3.02716E-3 2.57997E-3 1.54078E-3 1.29675E-3 6.87568E-4 1.99523E-4 1.64258E-4 4.66077E-4 4.32741E-4 9.44843E-4 2.65306E-3 2.55426E-3 1.38776E-3 1.16885E-3 4.86047E-3 1.40106E-2 1.69577E-3 5.88363E-3 5.95947E-3 1.04003E-2 5.85006E-3 5.24502E-3 9.74519E-3
6.08981E-1 3.06183E-1 7.40519E-2 1.35796E-1 1.43061E-2 1.35511E-3 4.45468E-4 2.58538E-2 9.28721E-3 1.68456E-2 8.62363E-3 1.51151E-2 1.31674E-2 1.53744E-2 7.4407E-3 3.61712E-3 7.46811E-3 3.61443E-3 1.37066E-3 3.2644E-4 5.39815E-4 4.60403E-4 3.52149E-3 7.94274E-4 9.4504E-3 1.90343E-3 4.32874E-3 5.99217E-3 1.19666E-2 2.19099E-3 2.84136E-2 3.39073E-2 3.70171E-2 9.72127E-3 2.00857E-2 2.62416E-2 1.64253E-2 8.77941E-3 6.42848E-3 1.4501E-2 4.97259E-3 1.49424E-3 3.07362E-3 9.5668E-4 1.4142E-3 2.12749E-3 1.20203E-3 1.07532E-3 1.00669E-3 3.68806E-3 8.789E-3 6.97687E-3 2.09017E-3 8.11738E-3 1.15339E-2 2.47716E-3 5.50286E-3 7.1331E-3 5.76138E-3 3.79144E-3 2.52314E-3
6.00382E-1 6.37251E-1 5.38823E-1 1.13942E-1 7.62099E-3 2.29433E-3 2.4262E-4 2.09006E-3 1.38809E-2 5.58861E-2 2.2944E-2 4.11314E-2 4.54291E-2 3.60099E-2 4.87491E-2 1.86753E-2 1.88261E-3 4.90125E-3 8.98893E-3 2.59129E-3 1.39022E-3 1.56586E-3 3.07665E-3 3.51024E-4 4.71495E-4 3.39453E-3 1.90035E-3 1.06924E-2 5.75166E-3 1.15913E-2 3.20549E-2 2.12785E-2 2.78236E-2 1.71409E-2 1.15089E-2 2.42095E-2 1.99537E-2 2.24271E-2 4.69915E-2 2.32151E-2 2.86361E-2 2.26109E-2 3.03661E-3 3.09748E-3 1.19622E-3 1.2973E-3 1.92642E-3 4.05892E-3 4.2335E-3 4.41583E-3 4.87067E-3 8.53884E-3 1.23925E-2 9.64418E-3 1.34176E-2 1.36113E-2 5.82635E-3 5.71327E-3 1.03098E-2 3.37781E-3 8.74307E-4
5.3901E-1 7.21187E-1 6.58481E-1 3.31511E-1 2.48133E-2 5.08938E-3 4.97946E-4 7.44563E-4 1.04843E-3 4.39435E-2 1.05383E-2 3.78695E-2 2.47176E-2 6.19398E-2 9.43365E-2 3.57017E-2 1.30986E-2 1.10365E-3 3.83564E-3 8.24155E-3 1.0032E-2 3.97363E-3 1.06357E-3 1.38929E-3 1.72613E-3 1.56578E-2 5.73707E-3 1.84187E-3 2.27227E-2 2.88302E-2 2.6178E-2 3.81355E-2 2.46652E-2 2.22592E-2 2.20231E-2 5.91306E-2 2.64383E-2 4.81073E-3 5.65975E-3 1.22941E-2 1.50682E-2 2.91768E-2 4.66271E-3 6.56754E-3 3.16965E-3 1.55369E-3 1.64383E-3 1.65108E-3 1.25115E-3 3.57005E-3 1.06327E-2 1.46844E-1 3.77602E-2 5.56973E-2 9.18548E-3 1.37551E-2 9.25712E-3 2.08312E-3 2.82127E-3 4.80079E-4 5.95086E-4
2.18016E-1 4.96204E-1 7.39388E-1 8.13571E-1 7.06185E-1 1.07504E-1 1.7872E-2 2.37663E-3 8.30117E-4 5.9386E-2 6.02637E-2 1.76148E-1 1.51665E-1 1.35369E-1 1.22377E-1 3.71902E-1 1.47538E-1 1.99777E-2 2.92884E-2 1.9013E-2 3.03041E-2 2.52482E-2 3.22973E-3 2.44439E-3 1.4896E-2 1.49211E-2 9.00092E-3 3.76188E-3 3.56677E-2 2.05684E-2 5.16995E-2 7.12662E-2 1.17125E-1 4.75524E-2 2.4528E-2 3.17381E-2 6.22712E-2 1.32059E-2 1.18722E-2 4.50024E-3 2.43536E-3 2.88228E-3 8.26799E-3 1.09924E-3 1.06879E-3 3.02428E-3 3.26294E-3 8.26705E-4 2.01162E-3 5.03292E-3 3.40963E-3 6.40891E-3 1.27625E-2 1.31272E-2 5.93197E-3 1.39078E-2 3.0894E-2 3.72052E-3 7.19219E-3 8.04802E-4 5.95783E-4
2.86856E-1 2.07031E-1 5.36727E-1 7.62938E-1 6.75319E-1 1.33391E-1 2.61317E-2 9.20835E-3 6.65688E-4 1.6357E-1 7.94645E-2 3.60639E-1 1.47121E-1 1.06812E-1 2.10426E-1 3.20629E-1 3.7538E-1 1.59424E-1 2.3954E-2 1.57919E-2 1.52904E-2 1.88814E-2 1.0197E-2 3.48419E-3 1.02477E-2 1.001E-2 1.52224E-2 4.36937E-2 6.39706E-2 3.9095E-2 6.03689E-2 2.98454E-2 4.6881E-2 6.9184E-2 4.86623E-2 1.31916E-1 6.28824E-2 1.10057E-2 7.02007E-3 5.50289E-3 6.80546E-4 1.37641E-3 3.4764E-4 1.64484E-3 4.04073E-3 5.10182E-3 2.66541E-3 1.20151E-3 4.31131E-3 4.43327E-3 1.39109E-3 1.66818E-3 1.67696E-3 3.44382E-3 1.85497E-2 5.67662E-3 2.69654E-2 4.78835E-3 1.24782E-3 4.00833E-4 2.57559E-4
5.4557E-2 7.60542E-2 2.81723E-1 5.59828E-1 7.60046E-1 6.89094E-1 6.24673E-2 1.55075E-3 5.28482E-4 3.13091E-3 7.82876E-2 2.78471E-1 4.16661E-1 3.17302E-1 2.85805E-1 2.55953E-1 2.28872E-1 3.65914E-1 2.84467E-1 1.60534E-2 1.18002E-2 2.16867E-2 3.39419E-2 1.77035E-2 9.08346E-3 7.86331E-3 1.97715E-2 5.36321E-2 6.4007E-2 5.88967E-2 4.1115E-2 7.54255E-2 6.56119E-2 1.33489E-1 2.17863E-1 6.4096E-2 3.35644E-2 6.81311E-3 3.80307E-3 7.26788E-3 3.02704E-3 1.34971E-3 3.05766E-3 7.65697E-3 2.18116E-3 1.29305E-3 9.29097E-4 1.0812E-3 3.63089E-3 1.20982E-3 3.52999E-4 4.67922E-4 5.88403E-4 1.82228E-3 1.1325E-3 1.35843E-3 5.84006E-3 8.20299E-3 1.58858E-3 7.12673E-4 2.78065E-4
4.3981E-2 4.96717E-2 9.83155E-2 2.38224E-1 3.0936E-1 8.16885E-1 3.63634E-1 2.4999E-3 3.14123E-3 1.23733E-3 7.10117E-2 9.07175E-2 2.14304E-1 1.8847E-1 3.26312E-1 3.62642E-1 3.90327E-1 2.85171E-1 7.18968E-1 2.02839E-1 1.63221E-2 3.2835E-2 1.29677E-1 1.17636E-1 3.96996E-2 4.18051E-2 2.095E-2 8.81809E-2 1.35108E-1 6.06657E-2 6.00343E-2 1.75163E-1 1.46142E-1 1.32282E-1 8.67398E-2 1.08618E-1 8.14912E-2 6.66561E-3 3.84877E-3 6.16743E-3 1.25075E-2 7.2635E-3 7.11654E-3 2.63356E-2 2.12757E-2 1.04621E-3 5.91423E-4 4.68337E-3 5.85545E-4 7.3193E-4 5.78647E-4 4.30784E-4 4.85825E-4 7.10442E-4 1.49338E-3 2.27109E-3 7.22793E-4 1.07466E-3 1.90632E-3 3.53004E-3 9.1781E-4
3.72024E-2 4.63654E-2 4.89359E-2 1.04092E-1 2.44001E-1 7.58492E-1 6.54423E-1 2.15746E-2 1.66115E-2 3.57694E-3 3.92505E-2 1.67412E-1 1.91334E-1 2.19557E-1 4.05553E-1 4.22746E-1 3.22169E-1 6.75041E-1 8.45615E-1 1.99804E-1 4.8594E-2 1.45432E-1 3.00067E-2 6.17074E-2 4.53288E-2 2.58178E-2 1.83574E-1 1.85306E-1 1.65628E-1 1.14329E-1 2.34024E-1 2.42344E-1 3.94582E-1 2.47212E-1 2.52908E-1 1.13356E-1 7.03116E-2 1.91547E-3 2.04677E-2 3.00778E-2 2.61558E-2 3.82269E-2 1.99009E-2 2.91902E-2 4.86566E-2 4.56958E-2 1.9272E-3 2.48944E-2 1.72884E-3 1.39345E-3 9.88184E-4 5.84669E-4 4.70121E-4 7.61168E-4 1.20242E-3 8.51446E-4 5.08639E-4 8.56661E-4 1.38233E-3 1.09699E-3 9.4257E-4
9.61261E-2 9.3221E-2 8.33856E-2 8.05817E-2 9.01278E-2 5.55672E-1 7.37943E-1 1.05453E-1 5.47117E-2 8.53601E-3 4.184E-2 3.38903E-1 3.90721E-1 2.66752E-1 5.64773E-1 2.24667E-1 3.94512E-1 6.8538E-1 8.54585E-1 4.17108E-1 2.47963E-1 1.80928E-1 6.01973E-2 1.02136E-2 5.41246E-2 1.96508E-1 1.76225E-1 2.79804E-1 3.42965E-1 3.28937E-1 8.63825E-1 8.03524E-1 6.77092E-1 4.81372E-1 3.00916E-1 1.27233E-1 3.51182E-2 1.19731E-2 2.15633E-2 9.0956E-2 2.66331E-2 3.23424E-3 9.02163E-4 1.90721E-3 9.61527E-4 1.53008E-2 2.68269E-2 2.45223E-2 1.00101E-2 1.91871E-3 8.63329E-4 6.24182E-4 6.74702E-4 5.61579E-4 5.29808E-4 4.61783E-4 2.43387E-4 2.45769E-4 2.98092E-4 4.76948E-4 3.16583E-4
