data/maxent/outputs/red_154.asc
ncols         426
nrows         180
xllcorner     -130.0
yllcorner     24.0
cellsize      0.16666666666666666
NODATA_value  -9999
[rows 54 to 80 of 180, columns 61 to 121 of 426]
6.59221E-1 6.43736E-1 6.21411E-1 6.16225E-1 6.80327E-1 6.48499E-1 6.36484E-1 6.08211E-1 5.83203E-1 5.91381E-1 5.65247E-1 3.34702E-1 3.38031E-1 4.12828E-1 5.80643E-1 6.67103E-1 7.11323E-1 7.73464E-1 7.69294E-1 6.90908E-1 6.97432E-1 6.16238E-1 5.33351E-1 4.85454E-1 5.41581E-1 4.98516E-1 4.39792E-1 4.28981E-1 4.31255E-1 4.57263E-1 5.15234E-1 4.18396E-1 3.22876E-1 3.31332E-1 2.41366E-1 2.32511E-1 1.90981E-1 1.57927E-1 2.12853E-1 1.45187E-1 1.77056E-1 1.70093E-1 2.09555E-1 2.14355E-1 2.2657E-1 2.707E-1 3.58619E-1 3.77377E-1 4.38764E-1 4.5736E-1 4.31279E-1 4.17667E-1 3.88155E-1 4.09626E-1 4.20585E-1 4.27349E-1 4.19554E-1 4.16447E-1 4.32103E-1 4.43499E-1 4.27085E-1
6.16854E-1 6.01453E-1 5.81789E-1 6.38971E-1 6.33596E-1 6.65965E-1 6.21046E-1 6.02647E-1 5.86063E-1 5.94575E-1 5.80846E-1 4.72684E-1 3.60498E-1 4.13895E-1 5.71611E-1 6.61146E-1 7.48433E-1 7.90508E-1 6.30113E-1 7.46237E-1 7.48245E-1 5.58575E-1 5.60113E-1 5.09343E-1 5.05448E-1 4.71647E-1 4.42066E-1 4.53102E-1 4.65074E-1 4.78827E-1 4.6174E-1 4.26244E-1 3.92291E-1 2.41902E-1 1.72832E-1 2.75583E-1 2.45067E-1 1.658E-1 1.77045E-1 1.9675E-1 2.45207E-1 2.36158E-1 1.673E-1 1.64845E-1 2.31359E-1 2.83073E-1 3.00115E-1 3.32241E-1 3.6012E-1 3.80321E-1 3.72095E-1 3.93405E-1 3.38799E-1 3.54699E-1 3.67535E-1 4.08924E-1 4.29008E-1 4.5342E-1 4.53984E-1 4.66224E-1 4.6362E-1
6.29822E-1 6.09181E-1 6.40495E-1 5.92034E-1 6.34351E-1 6.50529E-1 6.64603E-1 6.1243E-1 6.07596E-1 5.80576E-1 5.75383E-1 5.69662E-1 5.59137E-1 5.52705E-1 5.17593E-1 7.22363E-1 7.62382E-1 7.39351E-1 7.13827E-1 6.88654E-1 7.05199E-1 6.77038E-1 6.03675E-1 5.50314E-1 5.04514E-1 4.75611E-1 4.55241E-1 4.53265E-1 4.31276E-1 4.15082E-1 4.24524E-1 4.23802E-1 3.91514E-1 2.12131E-1 1.96311E-1 1.30835E-1 2.32469E-1 3.15688E-1 1.95795E-1 1.40518E-1 2.7528E-1 1.85697E-1 2.04549E-1 2.33636E-1 1.94991E-1 2.01472E-1 2.88916E-1 3.6882E-1 4.10715E-1 4.00586E-1 4.0969E-1 3.86674E-1 3.64092E-1 3.50542E-1 3.50517E-1 3.87812E-1 4.35198E-1 4.49192E-1 4.99074E-1 4.94791E-1 4.64973E-1
6.15652E-1 4.96109E-1 5.84717E-1 5.26624E-1 4.70353E-1 5.83306E-1 6.04065E-1 6.58332E-1 5.88401E-1 5.41579E-1 4.69088E-1 4.90864E-1 4.05154E-1 5.68561E-1 5.18741E-1 6.18625E-1 7.04908E-1 7.23734E-1 7.15652E-1 6.87896E-1 7.06177E-1 7.23524E-1 5.4617E-1 5.95434E-1 5.54053E-1 4.92766E-1 4.53927E-1 4.35317E-1 4.15383E-1 4.02727E-1 3.94312E-1 4.00902E-1 4.19605E-1 2.76262E-1 2.2524E-1 2.67719E-1 1.38136E-1 2.48737E-1 2.86952E-1 2.32965E-1 2.08579E-1 3.15734E-1 2.62911E-1 2.23617E-1 2.6426E-1 2.49295E-1 3.14817E-1 3.63E-1 4.21085E-1 4.27494E-1 4.50383E-1 4.23445E-1 3.67369E-1 3.63242E-1 3.85703E-1 3.6841E-1 4.27444E-1 4.74099E-1 5.34742E-1 4.98031E-1 4.42206E-1
5.20822E-1 5.02459E-1 5.17145E-1 5.76467E-1 5.1607E-1 5.58017E-1 5.89191E-1 5.8412E-1 5.85981E-1 5.96382E-1 5.83332E-1 4.39758E-1 4.7947E-1 4.20162E-1 4.5444E-1 4.55704E-1 5.05104E-1 5.64722E-1 6.98415E-1 7.06982E-1 7.12943E-1 7.12644E-1 6.40628E-1 6.95305E-1 5.58628E-1 5.3462E-1 4.77582E-1 4.86161E-1 4.37181E-1 4.03386E-1 4.14549E-1 4.04047E-1 3.96997E-1 2.96197E-1 3.04925E-1 3.5629E-1 2.74515E-1 2.23655E-1 1.77214E-1 2.56731E-1 2.41771E-1 2.29095E-1 2.50216E-1 1.91923E-1 1.87814E-1 2.07385E-1 2.57823E-1 3.52536E-1 4.22002E-1 4.68519E-1 4.55751E-1 4.51715E-1 3.94505E-1 4.07146E-1 4.29804E-1 3.50217E-1 3.6793E-1 4.50564E-1 5.42749E-1 4.9164E-1 4.70931E-1
4.26567E-1 4.86322E-1 4.76778E-1 5.21996E-1 4.88456E-1 4.50054E-1 5.64206E-1 5.64186E-1 5.64293E-1 5.26722E-1 5.16952E-1 3.87622E-1 4.12359E-1 4.76083E-1 3.28532E-1 3.39423E-1 4.15162E-1 4.48071E-1 5.29598E-1 6.19453E-1 7.44007E-1 7.23969E-1 7.3398E-1 7.30986E-1 6.37351E-1 6.20877E-1 5.76787E-1 5.23937E-1 4.68662E-1 4.37087E-1 4.15824E-1 4.29756E-1 4.26712E-1 3.97763E-1 4.09379E-1 2.34746E-1 4.5419E-1 4.34953E-1 2.40488E-1 1.89563E-1 3.54888E-1 2.23808E-1 2.25494E-1 1.39873E-1 1.43201E-1 1.66362E-1 2.28284E-1 3.24051E-1 3.89504E-1 4.28737E-1 4.96717E-1 4.66165E-1 4.6003E-1 4.26318E-1 3.77822E-1 3.6228E-1 3.97662E-1 4.53933E-1 5.21061E-1 4.85574E-1 4.47128E-1
4.33296E-1 5.05628E-1 4.93897E-1 4.65616E-1 4.9581E-1 4.62113E-1 5.20831E-1 4.15037E-1 5.00882E-1 4.20371E-1 5.01024E-1 4.96156E-1 3.48383E-1 2.75446E-1 2.49452E-1 2.68206E-1 3.50536E-1 3.85963E-1 4.14576E-1 4.98183E-1 6.82776E-1 7.16584E-1 7.58895E-1 7.01446E-1 6.74739E-1 6.29157E-1 6.08411E-1 5.41561E-1 4.73734E-1 4.48515E-1 4.25878E-1 4.2485E-1 4.18831E-1 4.22753E-1 4.04697E-1 3.92635E-1 3.69631E-1 2.78816E-1 2.82795E-1 2.78303E-1 2.15485E-1 2.74472E-1 1.45346E-1 1.28172E-1 1.45169E-1 1.62128E-1 2.08421E-1 2.59036E-1 3.26593E-1 4.48891E-1 4.77389E-1 4.30071E-1 4.37931E-1 4.49894E-1 4.45147E-1 4.12783E-1 3.56571E-1 4.15597E-1 5.34962E-1 4.98304E-1 4.14642E-1
3.71427E-1 3.7173E-1 3.91971E-1 3.78578E-1 4.34769E-1 5.1522E-1 5.05646E-1 4.23759E-1 3.26271E-1 3.88262E-1 3.81036E-1 4.46509E-1 3.64307E-1 3.55804E-1 3.17349E-1 3.19038E-1 3.04393E-1 3.38838E-1 3.80879E-1 4.12215E-1 4.84293E-1 7.25077E-1 7.85452E-1 7.60996E-1 7.34114E-1 7.45738E-1 6.58292E-1 5.76124E-1 5.13846E-1 4.61307E-1 4.62339E-1 4.48426E-1 4.63396E-1 4.30673E-1 4.46856E-1 4.2815E-1 4.31598E-1 3.62255E-1 2.60008E-1 3.21333E-1 2.74827E-1 1.55019E-1 1.44927E-1 1.5574E-1 1.80225E-1 1.89797E-1 2.27662E-1 2.82913E-1 3.82387E-1 5.11898E-1 4.75783E-1 4.50325E-1 4.15869E-1 4.73697E-1 4.01573E-1 3.5531E-1 3.82962E-1 4.58789E-1 4.92963E-1 4.67795E-1 3.99326E-1
3.13119E-1 2.88856E-1 3.2553E-1 3.68775E-1 3.58315E-1 3.37978E-1 3.30403E-1 3.8538E-1 4.62078E-1 3.49487E-1 3.7617E-1 4.09657E-1 3.90064E-1 4.10444E-1 3.41487E-1 4.34674E-1 2.81173E-1 2.84731E-1 3.46348E-1 3.41994E-1 3.56064E-1 4.80532E-1 7.58235E-1 7.6584E-1 7.62489E-1 7.21596E-1 5.9454E-1 6.62317E-1 5.78855E-1 5.36793E-1 5.08706E-1 4.9285E-1 5.29511E-1 5.25442E-1 4.90267E-1 4.47542E-1 4.22649E-1 4.0867E-1 2.70331E-1 2.45114E-1 2.17609E-1 1.78906E-1 1.9578E-1 2.13401E-1 2.32662E-1 2.48048E-1 2.58851E-1 3.3513E-1 4.4786E-1 5.36996E-1 5.12759E-1 4.92077E-1 4.83421E-1 4.62889E-1 3.82942E-1 3.76173E-1 4.20857E-1 4.59696E-1 4.96671E-1 4.04623E-1 2.28884E-1
3.11835E-1 2.70951E-1 2.63828E-1 2.96413E-1 3.05649E-1 2.83477E-1 3.06298E-1 3.14966E-1 3.64212E-1 2.93952E-1 3.93522E-1 4.32311E-1 3.49933E-1 3.61037E-1 2.89516E-1 3.67982E-1 4.19563E-1 4.04214E-1 3.04011E-1 2.7756E-1 2.64204E-1 2.91041E-1 4.36429E-1 6.69703E-1 7.57297E-1 7.41644E-1 7.26344E-1 6.67326E-1 6.22312E-1 5.98813E-1 5.87087E-1 5.93546E-1 5.70939E-1 5.15854E-1 5.25593E-1 4.66799E-1 5.00384E-1 5.04986E-1 3.95987E-1 2.68765E-1 2.43156E-1 2.40205E-1 2.38442E-1 2.61202E-1 2.87648E-1 2.94288E-1 3.19678E-1 4.59994E-1 5.2565E-1 5.38323E-1 5.24167E-1 5.35429E-1 4.86859E-1 4.63151E-1 4.44471E-1 4.59956E-1 4.60988E-1 5.04297E-1 4.94251E-1 3.78497E-1 4.5455E-1
2.88983E-1 2.82705E-1 2.69225E-1 2.69193E-1 2.57034E-1 2.50487E-1 2.71228E-1 2.73091E-1 2.84544E-1 3.28767E-1 3.84169E-1 2.76207E-1 3.26576E-1 3.2742E-1 3.13713E-1 5.13432E-1 4.22701E-1 5.83797E-1 4.30773E-1 2.30297E-1 2.13284E-1 2.31411E-1 2.60169E-1 3.38553E-1 4.91206E-1 7.49579E-1 7.08248E-1 6.38437E-1 5.82514E-1 5.75506E-1 5.38152E-1 5.39483E-1 5.13714E-1 4.87356E-1 4.69836E-1 4.47041E-1 4.26956E-1 4.10378E-1 3.9236E-1 2.9152E-1 2.91821E-1 2.77925E-1 2.6087E-1 2.71043E-1 2.82719E-1 3.21124E-1 4.36601E-1 5.92279E-1 5.24904E-1 4.89026E-1 4.98893E-1 5.13281E-1 5.41918E-1 4.90611E-1 4.79715E-1 4.63357E-1 3.81484E-1 4.80551E-1 4.71742E-1 4.03187E-1 4.6312E-1
2.62305E-1 2.84307E-1 2.91543E-1 2.94845E-1 2.80789E-1 2.66282E-1 2.42925E-1 2.86992E-1 3.73569E-1 3.20842E-1 2.58791E-1 2.44888E-1 2.0716E-1 2.70829E-1 3.42342E-1 3.74882E-1 4.36781E-1 6.04639E-1 6.41013E-1 3.79295E-1 1.76579E-1 1.41318E-1 1.72297E-1 1.8791E-1 2.66875E-1 3.96989E-1 4.97675E-1 5.64729E-1 5.51254E-1 5.36681E-1 5.27008E-1 4.98863E-1 4.79035E-1 4.37258E-1 4.05751E-1 4.03546E-1 3.62132E-1 3.28677E-1 3.30572E-1 2.98856E-1 3.20592E-1 2.57569E-1 2.58008E-1 2.87212E-1 3.3247E-1 4.30623E-1 5.46199E-1 5.13251E-1 5.03502E-1 4.48735E-1 4.74279E-1 4.99639E-1 5.09063E-1 5.15421E-1 4.79457E-1 5.25182E-1 4.54683E-1 3.86211E-1 2.6505E-1 2.66612E-1 3.91455E-1
2.98031E-1 2.9292E-1 2.94175E-1 2.76442E-1 2.80457E-1 2.80191E-1 2.93135E-1 3.82375E-1 4.1054E-1 2.85011E-1 3.24833E-1 2.2268E-1 1.73026E-1 1.92506E-1 2.88327E-1 3.24846E-1 3.96689E-1 4.85257E-1 6.21597E-1 5.77997E-1 3.06014E-1 1.74957E-1 1.41829E-1 1.6142E-1 1.96655E-1 2.26832E-1 2.76101E-1 2.92377E-1 2.89445E-1 3.49644E-1 3.64855E-1 3.6457E-1 3.71376E-1 3.6631E-1 3.41049E-1 3.3683E-1 3.01395E-1 2.72404E-1 2.68879E-1 3.29779E-1 3.06104E-1 2.67916E-1 3.16297E-1 3.6409E-1 4.45082E-1 5.6453E-1 5.82753E-1 5.14616E-1 4.9681E-1 4.82906E-1 4.85164E-1 4.96197E-1 5.26157E-1 4.99826E-1 5.47261E-1 5.66639E-1 4.78629E-1 2.47945E-1 1.68862E-1 1.41857E-1 1.69781E-1
2.77749E-1 2.54687E-1 2.63411E-1 2.35272E-1 2.35593E-1 2.86101E-1 4.05739E-1 5.6606E-1 2.5828E-1 2.73702E-1 2.52665E-1 1.9449E-1 1.41083E-1 1.62062E-1 2.78119E-1 3.34827E-1 4.16127E-1 5.98803E-1 5.8516E-1 5.28528E-1 5.47759E-1 4.23519E-1 2.35026E-1 1.69427E-1 1.69423E-1 2.28914E-1 2.25614E-1 2.2878E-1 2.42103E-1 2.83157E-1 2.98429E-1 3.30545E-1 3.58614E-1 3.20658E-1 3.36483E-1 3.32521E-1 2.91393E-1 2.59362E-1 2.45448E-1 2.6825E-1 2.44128E-1 2.98212E-1 4.52333E-1 4.76612E-1 5.87235E-1 5.21947E-1 6.24357E-1 4.55723E-1 4.88664E-1 4.54503E-1 4.95455E-1 5.39128E-1 5.27825E-1 5.16076E-1 6.27882E-1 6.15285E-1 3.7625E-1 1.9838E-1 1.28356E-1 1.13154E-1 9.4751E-2
3.13004E-1 3.22898E-1 2.78647E-1 2.28627E-1 2.12711E-1 3.02144E-1 3.78665E-1 4.38172E-1 1.86117E-1 2.02121E-1 1.67454E-1 1.53986E-1 1.85554E-1 1.99086E-1 3.00414E-1 3.2597E-1 3.45285E-1 4.72151E-1 5.23951E-1 5.00411E-1 5.15024E-1 4.96617E-1 4.37488E-1 3.65341E-1 2.73486E-1 2.7562E-1 2.70077E-1 2.75082E-1 2.61561E-1 2.74316E-1 2.89362E-1 2.93729E-1 2.92072E-1 3.32391E-1 3.2525E-1 2.99142E-1 2.65694E-1 2.56241E-1 2.40816E-1 2.32275E-1 3.02249E-1 3.65371E-1 6.21366E-1 5.34436E-1 5.78049E-1 5.03088E-1 5.63676E-1 5.8725E-1 4.26788E-1 5.43372E-1 5.43856E-1 5.93307E-1 5.57612E-1 5.60551E-1 6.47584E-1 6.28607E-1 3.14625E-1 1.43421E-1 8.64669E-2 7.9219E-2 8.07891E-2
4.7656E-1 3.5849E-1 3.0844E-1 3.0245E-1 2.43906E-1 2.35031E-1 3.47727E-1 1.79822E-1 1.8571E-1 1.65009E-1 2.15233E-1 2.57861E-1 2.85659E-1 3.22846E-1 3.3452E-1 3.28874E-1 3.59805E-1 5.23047E-1 4.18771E-1 4.01966E-1 4.63567E-1 4.55196E-1 4.85876E-1 3.97593E-1 3.5067E-1 3.17637E-1 3.0518E-1 3.03043E-1 2.63081E-1 2.51285E-1 2.43444E-1 2.44086E-1 2.76392E-1 3.10009E-1 3.02496E-1 2.70287E-1 2.73203E-1 3.26545E-1 2.98877E-1 2.36081E-1 4.58436E-1 5.20838E-1 6.14317E-1 5.6936E-1 5.7925E-1 6.07815E-1 5.20469E-1 6.07795E-1 4.23603E-1 6.16909E-1 3.91081E-1 5.32419E-1 4.39913E-1 4.215E-1 5.66606E-1 5.00569E-1 3.4117E-1 1.42695E-1 8.31102E-2 7.4826E-2 6.96913E-2
3.93605E-1 3.66266E-1 3.22066E-1 3.02253E-1 2.63192E-1 2.74527E-1 2.87658E-1 1.80433E-1 2.49328E-1 2.54882E-1 4.27315E-1 3.25408E-1 3.24256E-1 4.27328E-1 3.97818E-1 3.69159E-1 3.6339E-1 3.43579E-1 3.48762E-1 3.46882E-1 3.95658E-1 3.89484E-1 4.03039E-1 4.12301E-1 3.51226E-1 3.30864E-1 2.98429E-1 2.94109E-1 2.90315E-1 2.88624E-1 2.74598E-1 2.49495E-1 3.45164E-1 4.51264E-1 4.6326E-1 2.84154E-1 4.37404E-1 5.17317E-1 2.95571E-1 2.41373E-1 3.62342E-1 5.25813E-1 4.98047E-1 5.60307E-1 6.01433E-1 5.51464E-1 5.93237E-1 4.42174E-1 4.89477E-1 6.45503E-1 3.35734E-1 2.95201E-1 2.52409E-1 3.61511E-1 4.69354E-1 4.02946E-1 2.21164E-1 1.15599E-1 9.43538E-2 7.91898E-2 6.62849E-2
4.32777E-1 3.76794E-1 3.58057E-1 3.40218E-1 3.26654E-1 2.63511E-1 3.24497E-1 2.49295E-1 3.31848E-1 5.14155E-1 4.193E-1 4.14546E-1 2.43497E-1 4.36807E-1 4.75162E-1 4.14342E-1 3.71172E-1 3.38292E-1 3.30862E-1 3.27783E-1 3.55358E-1 3.71187E-1 4.78058E-1 4.74721E-1 3.73792E-1 3.6676E-1 3.24506E-1 2.82385E-1 3.44126E-1 4.28041E-1 2.88148E-1 3.01142E-1 2.82895E-1 4.87803E-1 3.66054E-1 3.69071E-1 5.00072E-1 2.95321E-1 2.83056E-1 2.81858E-1 5.34484E-1 2.55361E-1 3.53065E-1 4.9594E-1 5.32594E-1 4.6785E-1 5.90972E-1 4.03691E-1 5.22305E-1 6.97801E-1 4.4146E-1 3.45085E-1 2.56701E-1 1.87148E-1 2.93691E-1 2.45289E-1 1.50819E-1 9.64858E-2 8.17284E-2 6.61288E-2 6.37718E-2
4.93478E-1 4.28064E-1 4.28142E-1 3.47045E-1 2.95088E-1 2.05876E-1 2.13085E-1 2.39899E-1 4.38488E-1 3.63082E-1 3.95425E-1 3.25163E-1 2.24933E-1 3.72774E-1 5.054E-1 4.69567E-1 3.66744E-1 3.36841E-1 3.30086E-1 3.04112E-1 3.43835E-1 3.61553E-1 4.61689E-1 5.26188E-1 4.67711E-1 4.54946E-1 5.17565E-1 4.995E-1 4.75488E-1 3.46867E-1 2.75518E-1 2.52829E-1 3.60083E-1 3.07142E-1 2.43616E-1 4.5498E-1 4.38142E-1 4.80564E-1 6.75282E-1 4.70166E-1 1.98577E-1 1.77305E-1 3.01255E-1 4.54276E-1 5.27144E-1 5.22523E-1 5.27676E-1 4.21083E-1 6.08246E-1 6.80424E-1 5.31043E-1 3.53891E-1 1.95832E-1 1.5681E-1 2.36211E-1 1.81291E-1 1.26349E-1 7.75361E-2 6.13492E-2 5.99237E-2 5.81238E-2
4.93816E-1 4.64524E-1 3.98526E-1 3.96271E-1 3.32039E-1 2.75626E-1 3.38853E-1 3.16742E-1 3.48212E-1 2.381E-1 3.72392E-1 2.3985E-1 2.42382E-1 5.45576E-1 4.98433E-1 4.70789E-1 3.74112E-1 3.25617E-1 3.23007E-1 3.00332E-1 2.89688E-1 3.47335E-1 5.63129E-1 4.44244E-1 4.56711E-1 5.0088E-1 5.43411E-1 5.03441E-1 2.7816E-1 3.24531E-1 3.0983E-1 3.22626E-1 2.77453E-1 3.0681E-1 4.10934E-1 3.47202E-1 5.45488E-1 3.16649E-1 2.14428E-1 2.00534E-1 1.65092E-1 1.92426E-1 3.21056E-1 4.45537E-1 4.43014E-1 5.05203E-1 5.28697E-1 4.58661E-1 6.19433E-1 5.39272E-1 5.05141E-1 2.77223E-1 1.46256E-1 1.74482E-1 1.77761E-1 1.49197E-1 1.12293E-1 7.77268E-2 6.91542E-2 6.78258E-2 6.85416E-2
4.65484E-1 4.5557E-1 4.15731E-1 3.93596E-1 3.69065E-1 3.57329E-1 4.01646E-1 2.71332E-1 1.77805E-1 2.01737E-1 2.49838E-1 1.79832E-1 3.73481E-1 5.0596E-1 4.13813E-1 3.94584E-1 3.36461E-1 3.01947E-1 3.02046E-1 2.93897E-1 3.20821E-1 3.81748E-1 4.74067E-1 5.39258E-1 4.26708E-1 4.13756E-1 3.9554E-1 2.86498E-1 3.92789E-1 2.76253E-1 2.58416E-1 3.10656E-1 2.13288E-1 3.3297E-1 3.67933E-1 2.17446E-1 4.31161E-1 1.90407E-1 1.76363E-1 1.52303E-1 2.24297E-1 4.14021E-1 4.09636E-1 4.586E-1 3.97806E-1 4.72889E-1 5.31332E-1 5.38725E-1 5.86238E-1 5.20631E-1 6.28817E-1 2.40397E-1 1.5561E-1 2.23516E-1 1.87909E-1 1.36967E-1 1.12988E-1 8.56794E-2 7.68208E-2 7.4644E-2 7.5114E-2
4.95085E-1 4.81988E-1 3.72272E-1 3.54937E-1 3.78656E-1 3.93948E-1 1.62159E-1 1.55257E-1 3.2157E-1 1.5846E-1 1.55842E-1 1.56013E-1 3.87555E-1 2.86014E-1 2.41886E-1 2.26543E-1 2.82381E-1 3.75192E-1 3.486E-1 4.01135E-1 4.76158E-1 4.36077E-1 4.20951E-1 4.92107E-1 4.04522E-1 3.45485E-1 4.10303E-1 2.6346E-1 3.35285E-1 3.45597E-1 2.32381E-1 1.76162E-1 2.44831E-1 2.53716E-1 1.87977E-1 1.03157E-1 1.47198E-1 1.13409E-1 1.23925E-1 2.36092E-1 2.8409E-1 4.39022E-1 5.2184E-1 5.07306E-1 5.10948E-1 5.22529E-1 6.41883E-1 5.81167E-1 6.07137E-1 5.97709E-1 6.55346E-1 2.73017E-1 1.45267E-1 2.15058E-1 1.75962E-1 1.44822E-1 1.2513E-1 1.03285E-1 9.90785E-2 8.77155E-2 7.97007E-2
5.34856E-1 4.62887E-1 4.17053E-1 3.25787E-1 3.07512E-1 1.87515E-1 1.26487E-1 2.4906E-1 3.55126E-1 1.432E-1 1.81154E-1 1.96411E-1 2.77474E-1 1.47028E-1 2.61481E-1 2.84914E-1 2.77062E-1 4.86945E-1 3.34673E-1 2.95134E-1 4.02185E-1 4.00236E-1 4.42033E-1 4.02516E-1 3.34567E-1 3.4369E-1 3.47653E-1 2.25262E-1 2.04473E-1 3.16875E-1 3.46096E-1 2.42898E-1 3.47126E-1 1.53575E-1 1.85769E-1 1.07179E-1 7.0893E-2 1.0601E-1 1.5594E-1 1.48801E-1 2.1272E-1 3.84251E-1 5.03099E-1 5.71194E-1 5.91946E-1 6.30782E-1 5.25339E-1 6.39127E-1 5.17524E-1 5.74322E-1 5.4991E-1 3.39573E-1 2.11756E-1 1.97953E-1 2.12746E-1 1.72061E-1 1.45752E-1 1.21034E-1 1.0937E-1 1.11043E-1 9.3987E-2
4.91596E-1 4.7627E-1 4.62934E-1 4.18316E-1 1.50457E-1 1.52071E-1 1.19339E-1 2.48932E-1 1.6226E-1 1.22365E-1 1.57967E-1 1.51976E-1 1.87747E-1 1.22667E-1 2.54754E-1 1.8659E-1 1.37473E-1 2.66596E-1 2.65807E-1 2.91383E-1 3.4816E-1 5.26471E-1 3.81774E-1 3.98392E-1 4.69365E-1 3.09389E-1 2.71756E-1 2.34491E-1 3.68179E-1 3.10612E-1 3.02336E-1 4.16659E-1 2.49955E-1 2.69178E-1 3.30916E-1 8.29313E-2 8.29951E-2 1.1506E-1 1.50744E-1 1.73935E-1 1.74164E-1 2.19838E-1 3.86004E-1 5.50601E-1 5.91731E-1 7.1307E-1 6.34251E-1 6.47176E-1 5.17225E-1 5.7611E-1 5.26283E-1 4.05934E-1 3.39218E-1 2.75292E-1 3.03856E-1 3.3645E-1 2.69321E-1 1.99173E-1 1.61109E-1 1.40087E-1 1.16808E-1
4.10765E-1 4.64898E-1 3.64987E-1 1.79454E-1 1.19558E-1 1.13061E-1 1.1668E-1 1.75264E-1 1.49178E-1 1.3009E-1 1.68267E-1 1.40618E-1 1.79841E-1 3.56876E-1 1.96649E-1 1.2753E-1 1.18008E-1 1.99303E-1 1.93134E-1 2.33811E-1 2.2406E-1 3.01946E-1 3.52373E-1 3.87784E-1 3.47347E-1 2.69293E-1 2.30726E-1 4.64521E-1 5.34069E-1 2.65384E-1 2.39038E-1 4.19006E-1 1.98856E-1 1.68178E-1 7.57934E-2 6.2169E-2 1.06002E-1 1.14086E-1 1.61453E-1 1.4065E-1 2.17547E-1 1.66632E-1 2.61295E-1 4.37949E-1 6.31218E-1 7.14917E-1 5.66665E-1 5.93139E-1 6.30291E-1 5.73524E-1 5.4539E-1 5.73337E-1 6.87245E-1 6.17243E-1 7.11372E-1 6.99987E-1 6.29005E-1 4.78861E-1 3.69246E-1 2.60328E-1 1.77075E-1
4.57927E-1 3.4282E-1 3.48372E-1 1.61011E-1 1.69389E-1 1.5783E-1 1.69195E-1 2.29095E-1 1.67556E-1 1.67393E-1 1.30163E-1 2.53111E-1 1.48948E-1 3.77925E-1 2.27444E-1 2.30909E-1 1.76422E-1 1.95245E-1 2.72012E-1 1.38309E-1 1.73345E-1 3.33071E-1 1.91656E-1 2.8434E-1 2.78468E-1 2.9783E-1 5.2377E-1 5.24207E-1 4.09191E-1 2.41838E-1 2.4797E-1 3.02702E-1 1.62519E-1 3.33792E-1 6.9864E-2 6.57714E-2 7.23946E-2 7.80659E-2 1.02232E-1 1.10539E-1 1.18077E-1 2.56685E-1 2.05483E-1 3.47877E-1 5.0015E-1 7.21612E-1 5.07454E-1 5.32901E-1 6.26772E-1 6.24857E-1 6.13301E-1 8.05453E-1 8.91154E-1 8.40257E-1 7.78754E-1 7.36404E-1 6.93002E-1 6.97635E-1 6.60259E-1 6.41807E-1 4.44041E-1
2.3396E-1 2.22323E-1 1.71275E-1 2.43152E-1 2.20648E-1 2.31474E-1 2.52471E-1 1.84012E-1 1.48045E-1 1.8573E-1 1.91651E-1 2.92356E-1 2.04591E-1 2.3298E-1 3.33787E-1 2.63866E-1 3.38914E-1 1.30582E-1 2.32132E-1 2.28381E-1 1.61819E-1 2.95818E-1 3.98415E-1 3.60633E-1 2.88749E-1 5.15416E-1 5.74262E-1 3.90774E-1 3.58214E-1 4.0228E-1 5.09517E-1 3.9576E-1 1.44495E-1 3.99865E-1 5.60614E-2 6.68117E-2 6.60291E-2 6.66758E-2 6.89377E-2 8.35832E-2 1.23857E-1 3.187E-1 1.88496E-1 6.34243E-1 3.21595E-1 6.0598E-1 6.06524E-1 4.84365E-1 7.53753E-1 7.58132E-1 5.58244E-1 7.05499E-1 8.22779E-1 8.08318E-1 7.86841E-1 7.27782E-1 6.08979E-1 5.46785E-1 3.85731E-1 3.29899E-1 2.71054E-1
