data/maxent/outputs/red_283.asc
ncols         426
nrows         180
xllcorner     -130.0
yllcorner     24.0
cellsize      0.16666666666666666
NODATA_value  -9999
[rows 0 to 26 of 180, columns 122 to 182 of 426]
5.22449E-3 4.61499E-3 4.95803E-3 3.26098E-3 2.94696E-3 3.95816E-3 4.91001E-3 5.6811E-3 5.24393E-3 4.73486E-3 3.9022E-3 3.73976E-3 3.95578E-3 3.95952E-3 4.00207E-3 3.53838E-3 3.92364E-3 3.45666E-3 3.01625E-3 2.99684E-3 3.71575E-3 3.53302E-3 3.24761E-3 3.47883E-3 2.67683E-3 2.64947E-3 2.19063E-3 1.8225E-3 1.79941E-3 1.85494E-3 1.93789E-3 1.88074E-3 1.88797E-3 1.86335E-3 1.89343E-3 1.89584E-3 1.93206E-3 2.27075E-3 2.33739E-3 2.4249E-3 2.29607E-3 2.30014E-3 2.15521E-3 2.06771E-3 1.87697E-3 1.71049E-3 1.55575E-3 1.55668E-3 1.60535E-3 1.55771E-3 1.35424E-3 1.36708E-3 1.37516E-3 1.31366E-3 1.47274E-3 1.8914E-3 2.21031E-3 1.65169E-3 1.75894E-3 1.85581E-3 1.20386E-3
3.89677E-3 3.32698E-3 2.86386E-3 2.55606E-3 2.51349E-3 2.6979E-3 2.8483E-3 3.12843E-3 5.06425E-3 6.5052E-3 4.97853E-3 4.019E-3 3.34719E-3 3.99537E-3 4.77507E-3 3.88805E-3 3.42176E-3 3.37609E-3 3.31617E-3 2.9521E-3 3.75191E-3 3.98167E-3 3.95518E-3 3.41933E-3 3.15395E-3 3.49784E-3 3.37649E-3 2.47185E-3 2.46394E-3 2.42844E-3 2.41334E-3 2.61091E-3 2.60337E-3 2.98617E-3 2.46569E-3 2.23699E-3 2.35123E-3 2.58583E-3 2.60453E-3 2.73417E-3 2.65922E-3 2.47473E-3 2.26249E-3 2.13743E-3 2.01968E-3 2.0509E-3 1.85284E-3 1.8018E-3 1.54104E-3 1.16554E-3 1.26051E-3 1.68874E-3 1.88437E-3 1.8728E-3 1.93402E-3 1.98528E-3 2.64944E-3 2.34326E-3 1.58643E-3 1.52961E-3 1.40052E-3
4.32607E-3 3.866E-3 3.14274E-3 2.83534E-3 3.30686E-3 2.81534E-3 3.33445E-3 3.2348E-3 3.82927E-3 4.34782E-3 6.0479E-3 4.55767E-3 3.45919E-3 3.48186E-3 4.24935E-3 4.32478E-3 3.6263E-3 3.49535E-3 3.47134E-3 3.63377E-3 3.62133E-3 3.89844E-3 4.02158E-3 3.78055E-3 3.05701E-3 3.32722E-3 3.25493E-3 3.18659E-3 2.91681E-3 3.00123E-3 2.60406E-3 2.29944E-3 2.25006E-3 2.27136E-3 2.46817E-3 3.55453E-3 3.68414E-3 3.27252E-3 2.75932E-3 2.95501E-3 3.18595E-3 3.13357E-3 2.65235E-3 2.78874E-3 2.61556E-3 3.09828E-3 2.34576E-3 1.96231E-3 1.78732E-3 1.64682E-3 1.73274E-3 2.155E-3 2.35874E-3 2.30565E-3 2.59288E-3 2.56882E-3 2.86322E-3 2.35564E-3 2.1679E-3 1.61156E-3 1.62075E-3
5.73475E-3 4.59898E-3 4.11812E-3 3.3761E-3 2.97692E-3 3.02272E-3 2.84046E-3 2.74429E-3 3.231E-3 3.37214E-3 4.40888E-3 5.08812E-3 5.34054E-3 3.82771E-3 3.78946E-3 4.75801E-3 4.2589E-3 3.723E-3 3.6243E-3 3.56957E-3 3.67625E-3 3.63147E-3 3.46351E-3 3.37086E-3 3.55546E-3 3.35484E-3 3.23075E-3 3.20675E-3 3.07677E-3 3.27638E-3 2.92107E-3 2.66273E-3 2.76555E-3 2.64328E-3 3.08758E-3 3.11496E-3 3.09483E-3 3.18112E-3 3.23449E-3 3.42749E-3 3.34362E-3 3.21033E-3 2.38493E-3 1.39084E-3 1.46906E-3 3.02891E-3 2.25332E-3 1.89804E-3 1.8429E-3 1.87643E-3 1.93143E-3 2.10859E-3 2.89253E-3 3.8567E-3 4.34874E-3 4.32666E-3 4.21955E-3 3.85899E-3 2.39891E-3 2.05464E-3 1.91316E-3
5.79373E-3 5.49874E-3 5.24405E-3 4.86481E-3 4.23441E-3 3.76978E-3 3.59629E-3 3.64752E-3 3.56718E-3 3.6515E-3 3.54207E-3 3.7471E-3 4.1194E-3 4.75505E-3 4.83185E-3 5.28251E-3 5.36709E-3 4.71243E-3 4.74368E-3 4.50113E-3 4.1873E-3 4.21423E-3 4.36685E-3 4.63956E-3 4.40833E-3 4.12271E-3 4.12229E-3 4.22623E-3 4.038E-3 4.04831E-3 3.74209E-3 3.48859E-3 3.47473E-3 2.96111E-3 2.85367E-3 3.33375E-3 3.57193E-3 3.74492E-3 3.80838E-3 3.94283E-3 3.02699E-3 2.06119E-3 1.33614E-3 1.04731E-3 2.40365E-3 3.31418E-3 2.39171E-3 2.24453E-3 2.36701E-3 2.53986E-3 2.56366E-3 2.93155E-3 2.76834E-3 2.7887E-3 3.75506E-3 4.42821E-3 5.19014E-3 4.43401E-3 3.55298E-3 3.34484E-3 3.23486E-3
7.49511E-3 7.61056E-3 7.67403E-3 6.7772E-3 5.84641E-3 5.23444E-3 4.56056E-3 6.86396E-3 4.85358E-3 4.17552E-3 4.0922E-3 3.77113E-3 3.41968E-3 3.75829E-3 5.23139E-3 6.85722E-3 6.2346E-3 5.21616E-3 5.63659E-3 5.34038E-3 4.91918E-3 4.72999E-3 4.67413E-3 4.79892E-3 5.04519E-3 4.99456E-3 4.92136E-3 4.43631E-3 4.10825E-3 3.58368E-3 3.5288E-3 3.28425E-3 3.7058E-3 3.84103E-3 3.26192E-3 3.44316E-3 3.3014E-3 3.52975E-3 3.47904E-3 2.65904E-3 1.94536E-3 1.57119E-3 1.85449E-3 2.80886E-3 4.32306E-3 3.45704E-3 2.73674E-3 2.91128E-3 3.88213E-3 4.23129E-3 3.88263E-3 6.26011E-3 5.96828E-3 5.53114E-3 6.2595E-3 5.14181E-3 4.78966E-3 4.17711E-3 3.63783E-3 2.93315E-3 3.41875E-3
8.92226E-3 1.04208E-2 1.05464E-2 1.01709E-2 8.65136E-3 7.22651E-3 6.36044E-3 5.35888E-3 4.82952E-3 5.31856E-3 5.61952E-3 4.95164E-3 4.09795E-3 4.206E-3 5.01729E-3 7.16461E-3 6.78051E-3 5.91214E-3 6.81457E-3 6.25859E-3 5.6015E-3 5.46442E-3 5.47204E-3 5.81258E-3 5.52198E-3 5.58916E-3 5.98597E-3 5.66497E-3 4.7104E-3 3.97797E-3 3.81596E-3 3.89286E-3 4.01828E-3 4.24472E-3 3.83859E-3 3.34703E-3 3.36084E-3 3.42578E-3 3.19796E-3 2.59685E-3 2.50673E-3 2.43327E-3 3.1489E-3 3.47902E-3 3.79247E-3 3.49656E-3 3.79024E-3 4.57984E-3 6.72521E-3 9.00015E-3 7.59621E-3 6.74314E-3 1.05328E-2 9.48272E-3 5.92322E-3 8.02666E-3 7.03385E-3 5.89428E-3 5.08013E-3 4.05396E-3 3.33707E-3
8.32624E-3 7.97655E-3 9.14965E-3 8.26228E-3 8.84038E-3 7.9148E-3 8.70615E-3 9.79214E-3 8.78522E-3 7.13349E-3 6.4094E-3 6.08124E-3 5.23823E-3 5.31232E-3 6.7128E-3 7.10605E-3 6.8291E-3 7.27466E-3 7.28099E-3 6.0454E-3 5.71993E-3 6.41742E-3 6.29463E-3 6.23314E-3 5.74003E-3 5.26677E-3 5.49061E-3 5.72214E-3 5.15952E-3 4.66057E-3 4.23775E-3 4.04868E-3 4.1024E-3 4.1578E-3 4.23533E-3 3.75777E-3 3.74E-3 4.28837E-3 3.65067E-3 3.19565E-3 3.00865E-3 3.60182E-3 3.56828E-3 3.57016E-3 3.68099E-3 4.56675E-3 4.79696E-3 4.81896E-3 4.47913E-3 3.60752E-3 6.08597E-3 7.51043E-3 8.70317E-3 9.13409E-3 5.82552E-3 8.48596E-3 6.22432E-3 7.10798E-3 6.16284E-3 5.21413E-3 4.17097E-3
1.39199E-2 1.04036E-2 7.63096E-3 6.09108E-3 7.11983E-3 6.52831E-3 6.17878E-3 8.49258E-3 9.88744E-3 1.34874E-2 1.30726E-2 1.07348E-2 7.94714E-3 7.02989E-3 6.95593E-3 7.24067E-3 7.96058E-3 7.4387E-3 7.35264E-3 7.38377E-3 7.64293E-3 8.03264E-3 7.84139E-3 6.66978E-3 6.25716E-3 5.588E-3 6.27791E-3 5.66357E-3 4.86432E-3 4.34977E-3 4.43512E-3 4.36902E-3 4.15524E-3 4.2983E-3 4.54328E-3 4.59937E-3 4.39984E-3 4.58248E-3 4.00119E-3 4.33089E-3 4.51575E-3 4.43749E-3 4.48243E-3 4.37489E-3 3.88009E-3 3.36147E-3 2.18298E-3 1.75984E-3 1.80947E-3 1.92609E-3 2.70463E-3 6.18518E-3 7.12439E-3 1.11542E-2 6.47284E-3 7.75449E-3 6.0657E-3 6.26989E-3 7.62427E-3 6.07628E-3 4.8735E-3
1.55265E-2 1.37089E-2 1.12257E-2 7.63884E-3 6.80923E-3 6.84891E-3 5.86587E-3 6.08785E-3 6.39943E-3 6.97837E-3 1.00178E-2 1.39927E-2 1.21243E-2 1.09959E-2 8.99463E-3 8.82255E-3 9.11864E-3 8.03532E-3 8.28355E-3 8.56441E-3 8.37923E-3 8.59184E-3 8.16978E-3 7.48287E-3 7.07448E-3 6.14498E-3 6.08535E-3 6.38694E-3 5.6504E-3 5.14463E-3 4.68199E-3 4.48815E-3 4.58544E-3 4.54851E-3 4.79326E-3 4.93585E-3 4.73409E-3 3.97725E-3 3.82871E-3 4.16219E-3 4.67474E-3 4.74413E-3 4.34127E-3 3.61284E-3 3.2032E-3 2.49648E-3 1.94773E-3 1.8058E-3 2.00694E-3 2.84587E-3 4.34662E-3 6.86266E-3 6.60794E-3 1.14429E-2 1.00707E-2 1.01275E-2 7.29084E-3 7.58301E-3 7.87282E-3 6.74311E-3 4.93789E-3
1.46159E-2 1.39592E-2 1.46238E-2 1.24998E-2 8.61571E-3 8.62752E-3 7.6417E-3 7.47877E-3 7.61301E-3 7.24345E-3 7.81762E-3 1.20421E-2 1.38584E-2 1.2256E-2 1.11458E-2 1.04623E-2 1.02838E-2 9.2029E-3 1.00254E-2 9.33355E-3 8.7649E-3 8.35439E-3 8.35295E-3 8.12793E-3 7.70417E-3 7.37152E-3 7.48454E-3 6.37958E-3 5.34737E-3 5.29748E-3 5.05875E-3 4.75386E-3 4.80823E-3 5.22755E-3 5.49016E-3 5.70241E-3 5.37162E-3 4.65398E-3 3.8902E-3 3.77505E-3 4.07815E-3 3.9445E-3 3.32164E-3 3.50889E-3 3.50399E-3 2.88809E-3 2.50851E-3 3.39547E-3 3.57348E-3 4.9244E-3 6.18409E-3 5.88736E-3 6.21383E-3 8.90149E-3 8.61326E-3 7.95488E-3 7.70649E-3 1.06814E-2 7.94736E-3 6.16973E-3 5.43672E-3
1.52437E-2 1.35471E-2 1.24269E-2 9.22658E-3 1.00211E-2 1.094E-2 1.02896E-2 1.03504E-2 9.96186E-3 1.00086E-2 1.00187E-2 1.303E-2 1.41773E-2 1.27849E-2 1.28644E-2 1.26634E-2 1.19581E-2 1.22587E-2 1.18314E-2 9.53175E-3 9.52825E-3 8.73432E-3 8.41707E-3 8.61653E-3 8.24362E-3 7.68995E-3 7.51155E-3 6.58092E-3 5.58048E-3 5.69665E-3 5.54375E-3 5.48662E-3 5.21652E-3 5.58143E-3 6.08453E-3 6.23547E-3 5.58593E-3 5.17982E-3 4.23341E-3 3.46266E-3 3.97395E-3 3.7124E-3 3.30853E-3 3.0273E-3 3.31241E-3 3.39697E-3 3.11517E-3 3.94269E-3 4.2028E-3 4.05918E-3 4.89389E-3 6.26264E-3 7.649E-3 1.01195E-2 8.69131E-3 7.85789E-3 8.32552E-3 1.12985E-2 8.63548E-3 6.14242E-3 7.37137E-3
1.01123E-2 1.01007E-2 9.71431E-3 9.78546E-3 8.96038E-3 1.16579E-2 1.14705E-2 1.08519E-2 1.08478E-2 1.10291E-2 1.26069E-2 1.3219E-2 1.46724E-2 1.32181E-2 1.28711E-2 1.31336E-2 1.16857E-2 1.25536E-2 1.1732E-2 1.11319E-2 1.14722E-2 1.17924E-2 1.10269E-2 1.01668E-2 9.19629E-3 8.69538E-3 8.49532E-3 7.76763E-3 6.61963E-3 6.22237E-3 6.14748E-3 8.60597E-3 6.8999E-3 8.45436E-3 7.37209E-3 6.55005E-3 6.5367E-3 5.52068E-3 4.21355E-3 3.9247E-3 4.19844E-3 4.29373E-3 3.80439E-3 3.92353E-3 3.98546E-3 4.64324E-3 5.0468E-3 4.90283E-3 4.50983E-3 3.98799E-3 4.76123E-3 4.55114E-3 3.59849E-3 5.16923E-3 9.78295E-3 9.16655E-3 6.51265E-3 9.86997E-3 9.32063E-3 6.78522E-3 6.05452E-3
7.81736E-3 7.59166E-3 8.4467E-3 8.20498E-3 9.55086E-3 1.18568E-2 1.25705E-2 1.15894E-2 1.05769E-2 1.15962E-2 1.24195E-2 1.32221E-2 1.47533E-2 1.59754E-2 1.40051E-2 1.36999E-2 1.23978E-2 1.25796E-2 1.25279E-2 1.25308E-2 1.18057E-2 1.22809E-2 1.39105E-2 1.28563E-2 1.09188E-2 1.0406E-2 9.64723E-3 8.21043E-3 7.25467E-3 7.57288E-3 8.05701E-3 8.91411E-3 7.64834E-3 7.93163E-3 8.02264E-3 8.39297E-3 8.48666E-3 6.75963E-3 6.00596E-3 5.1361E-3 4.87429E-3 4.41444E-3 3.91669E-3 4.40037E-3 5.23595E-3 5.89962E-3 5.32542E-3 4.69902E-3 3.71039E-3 3.39875E-3 3.43727E-3 2.78573E-3 2.75825E-3 3.98159E-3 6.96965E-3 6.14104E-3 6.58737E-3 8.35686E-3 9.46231E-3 8.89069E-3 7.50248E-3
7.78342E-3 9.07617E-3 9.09675E-3 1.06214E-2 1.14842E-2 1.02542E-2 1.22212E-2 1.62851E-2 1.59379E-2 1.35356E-2 1.16059E-2 1.24399E-2 1.40996E-2 1.61458E-2 1.59052E-2 1.72667E-2 1.48947E-2 1.39229E-2 1.29418E-2 1.1185E-2 9.25666E-3 9.31674E-3 1.13051E-2 1.33337E-2 1.39554E-2 1.41847E-2 1.15601E-2 9.79003E-3 8.90039E-3 9.08134E-3 8.29837E-3 7.36871E-3 6.84729E-3 7.13404E-3 8.28877E-3 9.00132E-3 9.29817E-3 9.04061E-3 8.60054E-3 7.92757E-3 7.28403E-3 7.2329E-3 6.75152E-3 6.29957E-3 5.86447E-3 5.49465E-3 4.19055E-3 3.47232E-3 3.09904E-3 2.71389E-3 2.95414E-3 2.9393E-3 2.63948E-3 3.4232E-3 6.07611E-3 5.95215E-3 7.44254E-3 6.41981E-3 6.98977E-3 9.31354E-3 9.48578E-3
9.30515E-3 1.03836E-2 1.14824E-2 1.16986E-2 1.3202E-2 1.34652E-2 1.32274E-2 1.59931E-2 1.503E-2 1.58685E-2 1.12904E-2 1.32256E-2 1.50757E-2 1.89471E-2 1.9564E-2 1.97278E-2 1.75772E-2 1.48435E-2 1.34611E-2 1.36015E-2 1.15177E-2 1.0636E-2 1.11411E-2 1.13231E-2 1.61219E-2 1.82929E-2 1.52951E-2 1.21155E-2 1.13785E-2 9.55421E-3 7.81692E-3 7.44081E-3 7.93284E-3 7.82784E-3 8.22486E-3 9.03148E-3 8.91141E-3 9.10235E-3 8.57485E-3 9.17476E-3 9.86999E-3 8.05352E-3 8.09489E-3 7.98073E-3 6.60764E-3 7.61654E-3 5.81777E-3 4.90765E-3 2.58863E-3 2.31527E-3 2.67233E-3 3.52686E-3 3.66135E-3 4.18249E-3 6.26311E-3 5.68999E-3 5.54978E-3 5.96709E-3 9.57936E-3 7.83592E-3 7.25041E-3
9.61261E-3 1.06707E-2 1.23541E-2 1.10657E-2 9.95503E-3 1.08104E-2 1.19347E-2 1.55682E-2 1.70206E-2 1.47276E-2 1.59936E-2 1.76576E-2 2.06201E-2 1.78854E-2 1.69705E-2 1.83064E-2 2.19391E-2 1.72508E-2 1.58093E-2 1.79929E-2 1.42193E-2 1.41616E-2 1.45241E-2 1.46097E-2 1.87089E-2 2.09277E-2 2.1785E-2 1.78266E-2 1.42646E-2 1.10956E-2 9.12526E-3 8.63216E-3 7.63506E-3 8.11869E-3 9.42629E-3 9.48849E-3 9.73827E-3 9.25718E-3 8.77084E-3 9.32363E-3 1.03596E-2 1.02439E-2 8.52522E-3 8.19052E-3 6.83055E-3 6.9952E-3 6.73674E-3 6.00263E-3 5.36324E-3 4.09069E-3 4.18815E-3 4.53493E-3 5.65346E-3 6.27577E-3 6.00913E-3 5.62683E-3 6.0827E-3 7.26616E-3 1.09192E-2 1.41288E-2 1.02969E-2
9.77521E-3 1.04235E-2 1.22605E-2 1.52087E-2 1.41009E-2 1.12535E-2 1.09297E-2 1.30561E-2 1.75838E-2 1.8151E-2 2.03082E-2 2.05789E-2 1.68782E-2 1.77639E-2 2.22685E-2 2.37956E-2 2.42284E-2 2.83636E-2 2.46202E-2 2.11835E-2 1.84727E-2 1.83038E-2 2.10617E-2 2.27553E-2 2.48342E-2 2.52665E-2 2.46788E-2 1.98453E-2 1.57139E-2 1.32261E-2 1.17844E-2 1.0848E-2 1.01622E-2 1.01553E-2 9.98391E-3 1.00616E-2 1.02144E-2 1.08934E-2 1.07695E-2 1.08352E-2 9.93582E-3 9.57047E-3 8.77445E-3 8.69983E-3 7.96504E-3 8.02874E-3 7.84005E-3 6.86657E-3 6.95375E-3 6.13098E-3 5.20174E-3 5.49827E-3 6.80032E-3 6.515E-3 6.59555E-3 6.65556E-3 6.83442E-3 8.27342E-3 9.48958E-3 1.26459E-2 1.18849E-2
1.45942E-2 1.47579E-2 1.4191E-2 1.5823E-2 2.01475E-2 2.3931E-2 2.41025E-2 2.15961E-2 2.39082E-2 2.01248E-2 1.94228E-2 1.51671E-2 1.96656E-2 1.96115E-2 2.23066E-2 2.40441E-2 3.78111E-2 2.69875E-2 2.75732E-2 2.67675E-2 2.56218E-2 2.30772E-2 2.26547E-2 2.58589E-2 3.11003E-2 3.09895E-2 3.16113E-2 2.48309E-2 1.87537E-2 1.57071E-2 1.55204E-2 1.43028E-2 1.16936E-2 1.11243E-2 1.12051E-2 1.04965E-2 1.00506E-2 1.10063E-2 1.15812E-2 1.05423E-2 1.14718E-2 1.04757E-2 1.02136E-2 1.03659E-2 1.08151E-2 9.44006E-3 8.88487E-3 7.65148E-3 6.84426E-3 6.28947E-3 4.79444E-3 4.14852E-3 5.31964E-3 5.61368E-3 5.65283E-3 5.45647E-3 5.40987E-3 4.06748E-3 5.2041E-3 9.62556E-3 1.10105E-2
1.52187E-2 1.47048E-2 1.51534E-2 1.5975E-2 1.80486E-2 2.38894E-2 2.86293E-2 2.84972E-2 2.58032E-2 2.59928E-2 2.31999E-2 1.80907E-2 2.16293E-2 3.2373E-2 4.3278E-2 4.06969E-2 2.97483E-2 3.22158E-2 2.89412E-2 3.00175E-2 2.47477E-2 2.33798E-2 2.70242E-2 2.90717E-2 3.23867E-2 3.20567E-2 3.09982E-2 2.68706E-2 2.14075E-2 1.86201E-2 1.65515E-2 1.71394E-2 1.56031E-2 1.45091E-2 1.44274E-2 1.47306E-2 1.32645E-2 1.1361E-2 1.12361E-2 1.17756E-2 1.2288E-2 1.19567E-2 1.0911E-2 1.1681E-2 1.19497E-2 1.27724E-2 1.23534E-2 8.62085E-3 7.49637E-3 7.55272E-3 5.33436E-3 4.39092E-3 4.65479E-3 4.0576E-3 4.48285E-3 4.33712E-3 3.71276E-3 3.64769E-3 3.5364E-3 3.44877E-3 8.92996E-3
1.2868E-2 1.42851E-2 1.35031E-2 1.2717E-2 1.54204E-2 2.0279E-2 2.21063E-2 2.68071E-2 2.69219E-2 2.46523E-2 2.64597E-2 2.79772E-2 3.13942E-2 2.70405E-2 2.01249E-2 1.92441E-2 2.06706E-2 2.72743E-2 2.95975E-2 3.00204E-2 2.98937E-2 2.62156E-2 2.42136E-2 2.73081E-2 2.77496E-2 3.24587E-2 3.1481E-2 2.67977E-2 2.38632E-2 2.06653E-2 1.53653E-2 1.26233E-2 1.28798E-2 1.3339E-2 1.33122E-2 1.41511E-2 1.51535E-2 1.48922E-2 1.37643E-2 1.40036E-2 1.31763E-2 1.27085E-2 1.29175E-2 1.4179E-2 1.51779E-2 1.55397E-2 1.54564E-2 1.42699E-2 1.03635E-2 9.61734E-3 6.81989E-3 5.48896E-3 5.09843E-3 4.81068E-3 4.30668E-3 4.45345E-3 4.02803E-3 3.44699E-3 2.85435E-3 3.12931E-3 4.77782E-3
1.63511E-2 1.74308E-2 1.68932E-2 1.48576E-2 1.61641E-2 1.97101E-2 2.19606E-2 2.27277E-2 2.55256E-2 2.43203E-2 2.57289E-2 2.57428E-2 2.67699E-2 2.38646E-2 2.27285E-2 2.23967E-2 2.25141E-2 2.55695E-2 2.54842E-2 2.19262E-2 2.84433E-2 2.80687E-2 3.23572E-2 4.0941E-2 3.39797E-2 3.07656E-2 3.05148E-2 2.5256E-2 2.0784E-2 1.81492E-2 2.18342E-2 1.59395E-2 1.35656E-2 1.15811E-2 1.18993E-2 1.27221E-2 1.42316E-2 1.44039E-2 1.47732E-2 1.29593E-2 1.138E-2 1.08312E-2 1.13422E-2 1.36648E-2 1.58464E-2 1.46617E-2 1.43202E-2 1.69952E-2 1.61591E-2 1.32604E-2 1.17804E-2 7.81939E-3 6.50275E-3 6.66885E-3 5.64329E-3 4.38837E-3 3.90688E-3 3.75856E-3 3.17643E-3 2.75713E-3 5.33293E-3
1.64703E-2 1.708E-2 1.74694E-2 1.9263E-2 2.12085E-2 2.04537E-2 2.217E-2 2.87958E-2 2.62364E-2 2.80922E-2 2.79094E-2 2.78197E-2 2.45998E-2 2.46114E-2 2.31882E-2 2.13848E-2 2.24191E-2 2.40883E-2 2.64528E-2 2.12581E-2 1.90655E-2 1.73547E-2 1.92188E-2 2.98082E-2 5.87411E-2 4.77328E-2 3.47395E-2 2.67484E-2 2.17255E-2 1.89422E-2 1.87837E-2 1.52174E-2 1.43003E-2 1.44001E-2 1.32809E-2 1.27403E-2 1.22316E-2 1.21487E-2 1.28968E-2 1.18668E-2 1.13988E-2 1.10913E-2 1.18215E-2 1.37021E-2 1.49045E-2 1.45855E-2 1.45605E-2 1.63653E-2 1.80516E-2 1.84492E-2 1.79134E-2 1.40437E-2 9.26704E-3 7.99175E-3 7.12064E-3 4.75728E-3 4.05969E-3 3.79087E-3 3.78683E-3 5.21963E-3 9.15976E-3
2.20069E-2 2.29546E-2 2.67255E-2 2.66581E-2 2.48346E-2 2.8476E-2 2.723E-2 2.70499E-2 2.41821E-2 2.16161E-2 2.21742E-2 1.7815E-2 1.70479E-2 2.13991E-2 2.41453E-2 2.66221E-2 2.25224E-2 2.05014E-2 2.36253E-2 2.41873E-2 2.78956E-2 4.95852E-2 5.58237E-2 2.87585E-2 3.86995E-2 5.8704E-2 5.7275E-2 4.7837E-2 3.17101E-2 2.43299E-2 2.13295E-2 1.82393E-2 1.64713E-2 1.58219E-2 1.58576E-2 1.49247E-2 1.38386E-2 1.37056E-2 1.37323E-2 1.31606E-2 1.21257E-2 1.23854E-2 1.19222E-2 1.24006E-2 1.20213E-2 1.19427E-2 1.36521E-2 1.55083E-2 1.79177E-2 2.00481E-2 1.9466E-2 1.83888E-2 1.53203E-2 1.09259E-2 9.19859E-3 6.87238E-3 6.2197E-3 5.65432E-3 5.66447E-3 8.05226E-3 1.00794E-2
4.14083E-2 4.36324E-2 4.12232E-2 4.56727E-2 4.38666E-2 4.15764E-2 3.05264E-2 2.06731E-2 2.00619E-2 2.05913E-2 2.31168E-2 1.91368E-2 2.1334E-2 2.02343E-2 1.82398E-2 2.00894E-2 2.28265E-2 2.70605E-2 2.95639E-2 2.67765E-2 3.02939E-2 3.29503E-2 3.52227E-2 3.60578E-2 3.65136E-2 4.30629E-2 4.35614E-2 5.2829E-2 5.56513E-2 5.47273E-2 4.02194E-2 2.61923E-2 2.12675E-2 1.91115E-2 1.85383E-2 1.65604E-2 1.60695E-2 1.58109E-2 1.55866E-2 1.52027E-2 1.37736E-2 1.12373E-2 1.08449E-2 1.20883E-2 1.16744E-2 1.14342E-2 1.27626E-2 1.50905E-2 1.77621E-2 2.0553E-2 2.25361E-2 2.1706E-2 2.03864E-2 1.67552E-2 1.41089E-2 1.16143E-2 1.09413E-2 9.75927E-3 9.73428E-3 1.02872E-2 1.23052E-2
3.72854E-2 3.28652E-2 2.72502E-2 2.70596E-2 2.57566E-2 2.49298E-2 2.496E-2 1.82557E-2 1.69225E-2 1.90194E-2 2.08395E-2 2.49444E-2 2.52252E-2 2.39198E-2 2.35083E-2 1.99877E-2 1.96543E-2 2.28513E-2 3.14962E-2 3.78998E-2 3.82477E-2 3.85259E-2 4.18834E-2 5.31625E-2 4.76205E-2 5.3118E-2 4.55237E-2 4.49661E-2 4.41732E-2 4.66439E-2 4.62479E-2 5.30312E-2 4.17651E-2 2.96757E-2 2.31178E-2 2.12499E-2 1.93177E-2 1.9316E-2 1.84005E-2 1.79015E-2 1.5389E-2 1.34226E-2 1.21264E-2 1.25167E-2 1.23382E-2 1.26415E-2 1.42188E-2 1.60267E-2 1.83151E-2 1.99936E-2 2.31166E-2 2.46217E-2 2.23815E-2 2.46032E-2 2.19031E-2 1.94056E-2 1.6514E-2 1.45015E-2 1.655E-2 1.83402E-2 1.68642E-2
1.59184E-2 1.45933E-2 1.20228E-2 1.44677E-2 1.86213E-2 2.22189E-2 1.85147E-2 1.85344E-2 1.65956E-2 1.78146E-2 1.92932E-2 1.49281E-2 2.49793E-2 2.99121E-2 3.21032E-2 2.75755E-2 3.13556E-2 3.25018E-2 3.8068E-2 4.62076E-2 4.55441E-2 5.42908E-2 6.8066E-2 9.80153E-2 1.10397E-1 8.38395E-2 8.86792E-2 8.10087E-2 5.79191E-2 5.61864E-2 5.72256E-2 6.04227E-2 5.94704E-2 4.24339E-2 3.10681E-2 2.47241E-2 2.33045E-2 2.24173E-2 2.16814E-2 2.01935E-2 1.83097E-2 1.58074E-2 1.43161E-2 1.30034E-2 1.32989E-2 1.52648E-2 1.77242E-2 1.89285E-2 2.06112E-2 2.20732E-2 2.44739E-2 2.65181E-2 2.47999E-2 2.68701E-2 2.65238E-2 2.36793E-2 2.09142E-2 1.678E-2 1.89592E-2 2.08746E-2 2.28389E-2
