data/maxent/outputs/red_164.asc
ncols         426
nrows         180
xllcorner     -130.0
yllcorner     24.0
cellsize      0.16666666666666666
NODATA_value  -9999
[rows 108 to 134 of 180, columns 61 to 121 of 426]
3.43214E-2 5.69436E-2 4.28244E-2 6.71656E-2 8.43084E-2 1.3518E-1 7.91079E-1 9.24373E-1 9.30775E-1 8.75491E-1 8.67574E-1 2.41638E-1 3.85797E-2 1.27991E-1 1.2912E-1 3.15412E-2 1.43013E-1 4.51253E-2 1.95644E-2 3.43267E-2 4.35592E-2 1.45501E-2 3.35787E-2 2.47134E-2 2.27562E-2 8.96902E-2 9.46143E-2 4.03132E-2 5.95067E-2 3.59617E-2 5.4579E-2 6.33889E-2 5.35055E-2 6.82587E-2 7.82587E-2 1.80303E-1 8.13677E-2 1.15265E-1 1.79227E-1 2.02853E-1 3.5405E-1 1.62396E-1 9.10913E-2 7.81376E-2 9.08995E-2 1.59437E-1 2.49693E-1 3.34494E-1 2.24464E-1 8.82539E-2 2.09072E-2 2.20507E-2 3.91179E-2 4.60438E-2 4.44009E-2 6.29102E-2 6.23301E-2 8.45353E-2 1.20376E-1 2.02917E-1 6.45123E-2
4.00725E-2 3.86789E-2 4.24935E-2 5.97438E-2 6.98678E-2 1.25107E-1 7.22763E-1 9.31023E-1 8.4597E-1 8.53059E-1 7.63227E-1 2.1165E-1 1.14602E-2 1.87729E-2 3.56582E-2 3.64306E-2 3.69153E-2 3.12943E-2 3.20039E-2 1.81779E-2 1.83016E-2 1.83445E-2 2.71268E-2 1.22597E-1 4.30028E-2 2.3861E-2 4.91917E-2 4.29797E-2 5.68067E-2 6.03939E-2 6.51392E-2 7.33504E-2 6.48497E-2 1.13294E-1 6.28798E-2 1.5888E-1 1.4168E-1 8.34825E-2 8.84688E-2 2.25339E-1 2.9838E-1 2.07055E-1 1.22079E-1 7.02894E-2 7.43888E-2 8.56262E-2 1.25902E-1 1.91625E-1 1.70149E-1 6.6986E-2 2.58686E-2 1.79257E-2 2.97523E-2 3.33858E-2 3.69774E-2 3.32528E-2 3.77136E-2 8.84167E-2 1.10029E-1 1.03418E-1 9.17019E-2
8.36665E-2 4.8718E-2 5.95324E-2 5.93432E-2 6.50179E-2 1.07111E-1 7.1877E-1 8.86582E-1 8.39665E-1 5.98881E-1 7.61011E-1 9.56472E-2 3.33121E-2 2.80825E-2 1.95465E-2 2.90383E-2 2.84791E-2 5.40897E-2 3.70986E-2 3.43079E-2 4.63049E-2 1.99699E-2 1.59476E-2 3.93015E-2 3.9254E-2 1.04794E-1 3.38814E-2 1.15368E-1 1.38291E-1 9.41366E-2 6.48712E-2 8.36051E-2 7.27445E-2 1.2149E-1 5.09284E-2 4.20801E-2 1.81404E-1 1.06034E-1 1.03367E-1 1.26784E-1 1.6504E-1 2.04102E-1 2.15982E-1 1.09008E-1 9.51884E-2 1.12856E-1 1.49218E-1 2.29114E-1 2.02075E-1 1.20664E-1 4.48914E-2 2.13983E-2 2.53967E-2 2.55627E-2 2.62438E-2 3.12028E-2 4.65992E-2 7.4545E-2 6.79724E-2 4.93789E-2 6.57922E-2
1.68526E-1 5.32261E-2 4.38053E-2 3.79599E-2 5.09106E-2 5.81998E-2 3.1364E-1 8.84401E-1 9.03171E-1 8.18091E-1 2.91639E-1 6.91367E-2 5.26988E-2 6.09998E-2 3.29541E-2 4.86859E-2 4.82352E-2 3.91826E-2 4.56074E-2 4.72491E-2 3.91161E-2 3.01863E-2 1.82299E-2 5.4438E-2 5.58182E-2 9.91625E-2 5.03418E-2 6.98112E-2 1.38494E-1 8.29785E-2 5.15742E-2 5.22567E-2 1.10947E-1 1.28704E-1 1.63184E-1 4.40073E-2 9.2942E-2 9.79849E-2 1.6276E-1 1.15575E-1 1.00171E-1 1.65169E-1 2.42146E-1 1.54314E-1 1.99976E-1 2.38573E-1 3.3045E-1 4.14329E-1 4.95193E-1 3.91452E-1 1.40759E-1 4.62505E-2 2.87656E-2 2.58436E-2 2.27499E-2 3.03465E-2 6.65385E-2 1.03106E-1 7.05721E-2 4.45938E-2 5.50775E-2
4.99758E-1 1.72775E-1 5.86641E-2 3.04142E-2 4.93298E-2 4.97782E-2 1.61097E-1 6.18028E-1 6.78938E-1 7.03507E-1 1.07929E-1 2.54048E-2 4.10139E-2 2.43753E-2 2.42175E-2 4.21034E-2 1.87368E-2 3.11108E-2 3.96705E-2 2.72037E-2 1.51101E-2 3.25773E-2 1.21259E-2 1.94125E-2 7.31042E-2 1.19144E-1 1.26402E-1 1.82626E-1 1.14947E-1 5.957E-2 1.194E-1 5.64755E-2 1.40657E-1 6.66266E-2 1.24199E-1 7.14286E-2 1.25014E-1 1.50802E-1 1.55755E-1 1.36564E-1 1.99371E-1 1.00645E-1 1.76797E-1 9.81713E-2 2.07157E-1 4.69005E-1 4.1691E-1 3.37011E-1 4.51533E-1 4.5423E-1 2.40471E-1 1.30684E-1 7.31366E-2 2.77375E-2 2.05529E-2 3.35215E-2 5.43046E-2 6.52998E-2 4.59058E-2 4.22022E-2 4.20434E-2
4.68394E-1 3.79477E-1 1.32248E-1 7.61351E-2 8.75005E-2 9.51646E-2 3.00605E-1 7.86884E-1 7.44213E-1 3.07456E-1 4.72325E-2 1.75831E-2 1.39056E-2 1.72483E-2 1.16444E-2 1.20452E-2 2.62445E-2 3.4113E-2 1.40034E-2 2.02438E-2 1.50228E-2 1.25764E-2 7.64944E-3 1.63572E-2 5.57279E-2 5.39346E-2 1.92159E-1 1.25482E-1 7.94958E-2 5.44208E-2 6.01215E-2 3.52703E-2 1.20806E-1 6.10684E-2 1.03109E-1 4.62722E-1 1.42067E-1 1.2227E-1 1.9924E-1 1.54136E-1 1.87704E-1 2.74802E-1 1.08242E-1 1.86074E-1 1.73639E-1 4.71153E-1 5.19499E-1 5.04996E-1 4.85573E-1 4.46315E-1 3.92205E-1 2.58348E-1 1.31257E-1 5.85504E-2 3.11905E-2 2.67263E-2 3.09436E-2 4.0267E-2 3.39271E-2 5.12923E-2 4.67941E-2
7.32927E-1 5.2869E-1 6.45627E-1 7.86266E-1 8.4274E-1 6.01902E-1 7.03265E-1 7.5563E-1 3.79158E-1 1.25721E-1 4.59987E-2 1.64499E-2 1.2809E-2 1.77761E-2 1.34004E-2 1.0393E-2 1.38911E-2 1.98382E-2 1.73307E-2 1.23375E-2 3.50623E-2 2.44097E-2 3.09263E-2 2.21309E-2 2.18021E-2 1.14447E-1 6.24312E-2 4.65706E-2 4.99159E-2 4.85773E-2 4.3593E-2 2.19575E-2 6.53992E-2 8.50813E-2 7.01663E-2 4.07907E-1 1.56434E-1 1.0629E-1 2.26512E-1 3.48325E-1 2.75704E-1 4.81121E-1 1.58561E-1 8.96403E-2 1.40767E-1 1.56636E-1 2.87886E-1 4.10945E-1 5.39589E-1 5.32045E-1 4.63116E-1 3.70343E-1 2.04368E-1 1.2087E-1 6.47779E-2 4.80807E-2 3.44856E-2 3.7089E-2 3.28175E-2 4.15492E-2 4.4554E-2
9.11613E-1 8.9777E-1 7.91434E-1 8.30714E-1 8.09392E-1 8.65295E-1 6.83559E-1 6.7688E-1 4.16646E-1 1.19607E-1 4.03075E-2 2.06892E-2 3.10588E-2 3.50489E-2 1.42926E-2 2.08311E-2 4.74434E-2 8.0565E-2 1.56021E-1 5.83564E-2 2.56428E-2 2.59628E-2 2.40434E-2 3.78511E-2 9.44641E-2 7.18255E-2 5.22786E-2 2.4178E-2 6.57231E-2 3.43971E-2 5.66105E-2 3.56902E-2 3.67678E-2 4.13144E-2 4.74455E-2 1.41529E-1 1.77785E-1 7.14602E-2 2.36148E-1 1.81222E-1 3.04163E-1 3.9964E-1 2.59785E-1 1.8193E-1 1.43599E-1 3.01201E-1 3.0634E-1 1.15101E-1 2.48351E-1 4.6198E-1 5.16246E-1 3.76269E-1 2.84928E-1 2.39596E-1 1.38451E-1 9.92547E-2 9.08403E-2 6.63238E-2 4.77548E-2 4.22329E-2 4.34901E-2
9.26981E-1 9.1233E-1 9.2225E-1 9.15988E-1 8.84206E-1 9.1067E-1 8.63233E-1 8.39057E-1 7.98746E-1 4.43715E-1 1.17616E-1 5.6961E-2 4.52347E-2 4.04018E-2 2.38672E-2 4.476E-2 1.8359E-1 1.05488E-1 1.75583E-1 1.02178E-1 6.18384E-2 5.44761E-2 2.47813E-2 1.53381E-2 2.20426E-2 2.09228E-2 2.04906E-2 6.16938E-2 5.82724E-2 3.26544E-2 2.82603E-2 6.47401E-2 4.36121E-2 8.18687E-2 5.75419E-2 4.85088E-2 1.12221E-1 8.32648E-2 1.22806E-1 1.65598E-1 2.15851E-1 2.08582E-1 2.77721E-1 4.40239E-1 3.44729E-1 2.47519E-1 3.5673E-1 1.28291E-1 1.50861E-1 4.14482E-1 4.54112E-1 4.42902E-1 4.58349E-1 3.88005E-1 2.93598E-1 2.27727E-1 1.26624E-1 1.11292E-1 8.04407E-2 8.40682E-2 7.08878E-2
9.23898E-1 9.62408E-1 9.63699E-1 9.16584E-1 9.04406E-1 8.24326E-1 7.74523E-1 5.76594E-1 6.8722E-1 7.52926E-1 7.84851E-1 8.13256E-1 7.98199E-1 5.62415E-1 2.67118E-1 1.46279E-1 5.17876E-1 2.67726E-1 1.51978E-1 4.46789E-2 4.09929E-2 3.8841E-2 4.85362E-2 3.62077E-2 1.94162E-2 9.54867E-3 1.32415E-2 3.70364E-2 3.29805E-2 3.23505E-2 3.75228E-2 2.54572E-2 3.94445E-2 4.94404E-2 6.08477E-2 5.13926E-2 7.8427E-2 7.71573E-2 1.36255E-1 1.25748E-1 1.35922E-1 1.85879E-1 1.9933E-1 3.00243E-1 6.22775E-1 3.2358E-1 1.46572E-1 3.15596E-1 2.33908E-1 4.10425E-1 5.58107E-1 5.28318E-1 5.70239E-1 5.45636E-1 4.57858E-1 3.43531E-1 2.93104E-1 2.21346E-1 1.4998E-1 2.04555E-1 2.33229E-1
-9999 -9999 9.52484E-1 8.53174E-1 7.32773E-1 7.67971E-1 6.66762E-1 7.0095E-1 7.594E-1 8.63047E-1 8.96257E-1 9.20299E-1 8.99338E-1 9.0177E-1 7.39999E-1 8.21562E-1 8.66728E-1 8.59319E-1 8.50939E-1 7.05828E-1 8.43206E-2 2.33698E-2 1.78644E-2 2.30671E-2 3.33054E-2 2.10034E-2 1.15749E-2 1.81039E-2 1.43211E-2 4.62947E-2 5.8807E-2 3.33708E-2 5.30604E-2 5.0538E-2 4.80119E-2 4.07488E-2 5.16241E-2 5.72306E-2 4.03952E-2 6.68933E-2 9.31236E-2 1.61664E-1 3.46624E-1 2.02179E-1 4.61956E-1 3.46804E-1 1.51791E-1 2.94003E-1 2.61088E-1 3.11139E-1 2.36066E-1 3.07922E-1 4.21429E-1 5.28447E-1 5.20026E-1 5.2091E-1 4.60141E-1 4.66232E-1 3.78997E-1 4.07521E-1 4.41415E-1
9.53661E-1 8.98927E-1 4.33853E-1 8.47018E-1 7.45633E-1 8.96241E-1 8.46336E-1 9.20244E-1 9.09767E-1 8.70604E-1 7.95023E-1 7.74641E-1 7.00578E-1 5.81202E-1 4.4865E-1 3.6323E-1 5.90864E-1 8.81467E-1 8.75921E-1 5.13463E-1 2.61873E-1 1.43156E-1 9.60802E-2 4.22145E-2 2.03812E-2 2.64816E-2 3.49733E-2 2.24766E-2 1.98722E-2 1.79235E-2 2.10956E-2 2.9491E-2 1.8574E-2 1.80985E-2 1.96369E-2 2.57619E-2 4.04388E-2 4.35214E-2 9.84365E-2 6.71735E-2 5.18664E-2 6.01613E-2 9.50783E-2 2.39883E-1 2.92603E-1 3.21151E-1 2.44644E-1 3.03579E-1 2.08478E-1 3.30327E-1 3.29771E-1 2.70739E-1 3.2605E-1 3.61282E-1 4.00823E-1 4.06497E-1 3.93801E-1 4.17009E-1 5.16366E-1 5.53849E-1 5.91011E-1
9.42804E-1 9.34534E-1 -9999 -9999 -9999 -9999 -9999 -9999 8.18562E-1 8.33011E-1 8.49338E-1 8.63365E-1 7.96744E-1 6.24899E-1 4.86586E-1 3.76414E-1 2.68846E-1 4.33446E-1 5.62523E-1 9.55527E-2 5.59297E-2 1.47115E-1 2.11505E-1 6.92974E-2 2.5218E-2 2.60892E-2 2.55978E-2 2.09546E-2 3.75569E-2 3.05712E-2 2.28893E-2 3.16756E-2 1.656E-2 1.56082E-2 2.04359E-2 1.8102E-2 3.32471E-2 6.89399E-2 3.86161E-2 4.6103E-2 3.97952E-2 6.21805E-2 8.37561E-2 1.23394E-1 1.80466E-1 1.46593E-1 1.77713E-1 2.42242E-1 2.26848E-1 2.85587E-1 3.47876E-1 2.22935E-1 4.39892E-1 4.97394E-1 3.40318E-1 4.01352E-1 3.89964E-1 2.69859E-1 4.37589E-1 4.96793E-1 6.33134E-1
-9999 -9999 -9999 -9999 -9999 -9999 -9999 -9999 9.28102E-1 8.71053E-1 8.522E-1 8.91078E-1 8.7766E-1 8.69583E-1 5.85918E-1 2.14831E-1 1.74334E-1 2.42511E-1 8.47396E-1 7.40274E-1 5.65409E-2 2.99275E-2 5.21007E-2 8.12066E-2 5.51756E-2 4.40058E-2 1.86693E-2 8.96349E-3 3.21665E-2 2.80157E-2 2.02356E-2 2.75528E-2 1.90351E-2 1.78807E-2 3.79249E-2 1.81219E-2 3.31539E-2 3.67428E-2 7.75026E-2 7.85596E-2 6.99362E-2 5.13574E-2 4.26767E-2 4.39058E-2 5.56651E-2 6.52863E-2 7.43273E-2 1.21479E-1 1.54298E-1 2.42413E-1 3.49507E-1 2.65206E-1 2.90167E-1 4.17743E-1 2.41038E-1 4.27829E-1 4.42401E-1 3.14114E-1 3.05462E-1 4.04997E-1 5.65956E-1
-9999 -9999 -9999 -9999 -9999 -9999 -9999 -9999 -9999 -9999 8.85475E-1 9.37008E-1 9.10977E-1 7.88512E-1 8.16966E-1 4.18336E-1 2.44895E-1 3.27998E-1 5.75417E-1 7.21263E-1 7.05758E-1 5.80095E-2 1.49582E-2 3.5134E-2 4.08573E-2 2.53777E-2 5.01507E-2 3.53732E-2 1.32589E-2 1.20437E-2 1.49033E-2 1.28882E-2 3.52111E-2 2.78655E-2 5.11101E-2 4.75714E-2 2.11441E-2 2.23657E-2 2.32778E-2 2.29549E-2 4.64383E-2 4.27264E-2 3.1572E-2 8.83907E-2 3.1992E-2 3.93909E-2 5.79399E-2 6.86387E-2 1.05911E-1 1.29946E-1 3.09035E-1 3.76292E-1 3.2959E-1 2.83289E-1 3.73457E-1 3.59993E-1 4.60098E-1 4.50755E-1 3.86157E-1 2.99339E-1 4.3935E-1
-9999 -9999 -9999 -9999 8.28666E-2 -9999 -9999 7.02481E-1 8.65165E-1 8.55902E-2 -9999 -9999 9.09797E-1 8.55981E-1 7.98345E-1 6.03557E-1 5.33998E-1 7.01004E-1 6.38371E-1 6.8649E-1 2.96243E-1 2.52637E-1 5.58321E-2 5.93271E-2 1.86735E-2 3.61812E-2 3.25983E-2 3.34924E-2 2.33899E-2 2.01272E-2 1.44478E-2 1.85319E-2 3.32654E-2 1.78912E-2 6.1515E-2 6.82805E-2 4.86379E-2 3.33607E-2 4.23181E-2 3.50937E-2 2.68936E-2 2.63393E-2 2.10156E-2 2.30906E-2 2.24074E-2 2.57546E-2 4.48402E-2 5.04403E-2 5.95198E-2 9.82477E-2 2.52812E-1 3.73124E-1 4.47732E-1 3.65556E-1 2.81426E-1 1.85015E-1 1.56137E-1 2.09988E-1 2.90991E-1 4.5278E-1 2.70247E-1
-9999 5.12905E-1 4.56467E-1 -9999 -9999 -9999 -9999 -9999 7.1759E-1 8.55849E-1 -9999 -9999 -9999 -9999 8.39316E-1 7.09993E-1 6.33928E-1 6.71662E-1 5.57836E-1 6.84389E-1 2.5637E-1 4.35707E-2 4.26192E-2 2.5643E-2 6.27549E-2 2.20791E-2 1.14721E-2 2.49823E-2 1.98202E-2 1.82048E-2 1.88482E-2 3.04518E-2 3.58701E-2 3.74796E-2 3.74975E-2 5.59561E-2 4.07262E-2 2.92301E-2 2.72108E-2 4.03736E-2 3.28613E-2 2.9815E-2 2.47618E-2 3.00636E-2 2.55055E-2 6.0571E-2 2.90023E-2 2.82576E-2 3.72441E-2 3.83471E-2 6.54186E-2 2.23349E-1 3.78338E-1 4.55108E-1 4.53793E-1 2.75272E-1 1.14411E-1 1.22352E-1 1.87278E-1 1.66328E-1 2.58184E-1
-9999 -9999 -9999 -9999 -9999 -9999 -9999 2.10764E-1 -9999 -9999 -9999 -9999 -9999 -9999 8.56012E-1 8.90393E-1 7.21592E-1 5.08238E-1 5.69463E-1 7.58861E-1 3.13969E-1 1.85191E-1 4.41479E-2 1.3874E-2 1.9909E-2 1.04167E-2 6.62794E-3 8.28654E-3 1.30575E-2 2.56475E-2 2.87712E-2 2.7467E-2 2.14002E-2 3.02543E-2 4.96294E-2 2.23569E-2 2.58126E-2 2.59006E-2 1.62411E-2 1.7504E-2 2.29492E-2 2.65129E-2 2.85514E-2 3.81381E-2 3.79424E-2 3.13827E-2 2.27245E-2 1.95236E-2 3.38232E-2 3.11738E-2 3.82645E-2 1.07232E-1 2.30109E-1 2.775E-1 2.8933E-1 2.98196E-1 3.16604E-1 3.81397E-1 7.60692E-2 1.20222E-1 2.31842E-1
-9999 -9999 -9999 -9999 -9999 -9999 -9999 4.35508E-1 7.59485E-1 -9999 -9999 -9999 -9999 -9999 -9999 8.98688E-1 7.45796E-1 6.21141E-1 6.33743E-1 8.14584E-1 7.17166E-1 1.40934E-1 5.89143E-2 2.44418E-2 1.4355E-2 7.73199E-3 6.52999E-3 5.72983E-3 5.58186E-3 9.8615E-3 2.3021E-2 2.54124E-2 1.86858E-2 1.92497E-2 2.90601E-2 2.11251E-2 1.202E-2 1.14182E-2 9.71811E-3 1.34415E-2 1.67881E-2 1.37073E-2 1.68093E-2 2.95684E-2 6.20526E-2 3.97566E-2 2.98327E-2 1.8726E-2 2.5758E-2 2.07717E-2 3.66069E-2 8.97574E-2 2.22638E-1 2.80914E-1 1.5349E-1 2.78606E-1 2.93135E-1 5.04472E-1 1.39408E-1 3.66158E-2 4.91236E-2
-9999 -9999 -9999 -9999 -9999 -9999 -9999 -9999 4.8986E-1 -9999 -9999 -9999 -9999 -9999 -9999 8.73583E-1 7.98414E-1 6.30431E-1 7.42015E-1 7.75588E-1 8.04286E-1 3.2071E-1 9.76206E-2 3.4948E-2 1.35266E-2 5.71456E-3 6.48887E-3 5.28876E-3 4.83026E-3 5.98493E-3 1.19231E-2 1.33897E-2 1.91103E-2 2.50948E-2 1.44093E-2 9.06654E-3 1.31877E-2 1.00782E-2 1.21813E-2 1.17869E-2 1.18182E-2 1.35236E-2 2.99633E-2 4.38355E-2 8.97007E-2 4.73336E-2 7.74863E-2 2.48013E-2 2.03124E-2 1.97706E-2 5.39122E-2 6.69592E-2 1.95476E-1 2.95012E-1 2.05934E-1 1.9201E-1 4.64853E-1 2.42567E-1 4.16877E-1 6.14496E-1 7.65037E-2
-9999 -9999 -9999 -9999 -9999 -9999 -9999 -9999 -9999 -9999 -9999 -9999 -9999 -9999 -9999 -9999 7.70714E-1 6.85602E-1 6.17187E-1 6.30617E-1 4.07636E-1 2.43207E-1 1.84025E-1 7.54946E-2 2.65558E-2 1.42015E-2 8.89201E-3 5.6352E-3 4.69846E-3 4.502E-3 7.74768E-3 1.07951E-2 1.36433E-2 2.47876E-2 1.28137E-2 1.44734E-2 1.22793E-2 1.50448E-2 1.27467E-2 1.505E-2 2.37161E-2 2.22852E-2 4.06783E-2 6.20016E-2 8.19221E-2 4.03783E-2 4.63868E-2 3.39604E-2 3.08876E-2 2.80889E-2 3.86197E-2 5.52787E-2 2.3443E-1 2.12108E-1 3.91348E-1 1.49498E-1 2.9402E-1 4.44587E-1 1.19732E-1 2.8213E-1 2.6983E-1
-9999 -9999 -9999 -9999 -9999 -9999 -9999 -9999 -9999 -9999 -9999 -9999 -9999 -9999 -9999 2.45206E-1 8.07575E-1 7.14224E-1 5.24119E-1 4.03254E-1 4.29205E-1 4.05372E-1 3.92593E-1 3.15892E-1 2.96604E-2 3.73923E-2 3.97829E-2 6.49006E-3 5.26875E-3 4.88398E-3 8.4406E-3 7.02149E-3 7.09215E-3 1.30571E-2 1.5057E-2 1.70681E-2 1.45315E-2 1.41739E-2 1.78992E-2 2.07147E-2 3.11099E-2 4.53844E-2 3.80482E-2 6.67869E-2 6.33022E-2 4.46363E-2 4.53126E-2 3.95944E-2 2.92015E-2 6.5256E-2 6.44993E-2 3.22646E-2 1.02054E-1 2.91119E-1 7.31065E-1 2.55021E-1 1.07695E-1 3.02805E-1 2.81688E-1 6.71676E-2 1.42189E-1
-9999 -9999 -9999 -9999 -9999 -9999 -9999 -9999 -9999 -9999 -9999 -9999 -9999 -9999 -9999 -9999 6.57488E-1 7.64924E-1 7.80148E-1 4.9059E-1 4.43714E-1 6.88532E-1 6.14959E-1 6.34354E-1 8.71803E-2 2.07256E-2 6.01044E-2 7.13748E-3 4.44504E-3 5.52042E-3 5.88243E-3 6.87293E-3 6.4809E-3 5.27208E-3 1.57666E-2 1.57623E-2 2.25423E-2 1.65302E-2 1.609E-2 1.30258E-2 2.29333E-2 3.25581E-2 2.66871E-2 3.36425E-2 2.22245E-2 4.55315E-2 4.45003E-2 3.87277E-2 4.50918E-2 3.36479E-2 6.55988E-2 4.76059E-2 1.25297E-1 1.08218E-1 1.61369E-1 5.04788E-1 1.7546E-1 1.1526E-1 1.92759E-1 5.4235E-2 6.75488E-2
-9999 -9999 -9999 -9999 -9999 -9999 -9999 -9999 -9999 -9999 -9999 -9999 -9999 -9999 -9999 -9999 -9999 6.8738E-1 5.86981E-1 5.18135E-1 4.95706E-1 5.5769E-1 6.47393E-1 7.03908E-1 4.259E-1 5.723E-2 3.73879E-2 1.96964E-2 4.9577E-3 5.47958E-3 6.20703E-3 4.7821E-3 6.18358E-3 7.10352E-3 4.71122E-3 9.07854E-3 1.81418E-2 1.11615E-2 1.17102E-2 1.97077E-2 1.71309E-2 3.51046E-2 4.12453E-2 3.73524E-2 1.78495E-2 4.30939E-2 6.35988E-2 8.903E-2 1.06777E-1 7.2448E-2 7.02959E-2 5.63298E-2 8.22478E-2 7.41268E-2 9.93949E-2 2.54068E-1 1.90074E-1 8.35088E-2 2.04215E-1 5.65418E-2 3.99856E-2
-9999 -9999 -9999 -9999 -9999 -9999 -9999 -9999 -9999 -9999 -9999 -9999 -9999 -9999 -9999 -9999 -9999 5.22666E-1 6.67807E-1 7.08962E-1 6.21704E-1 2.59441E-1 4.71258E-1 6.93651E-1 5.59509E-1 3.22417E-1 7.97186E-2 1.85828E-2 9.69802E-3 1.04281E-2 1.15734E-2 6.22956E-3 5.42864E-3 6.72855E-3 5.03214E-3 3.94953E-3 5.18304E-3 1.56648E-2 1.52222E-2 1.08498E-2 2.62131E-2 2.82019E-2 2.45389E-2 3.51106E-2 3.18898E-2 2.52261E-2 2.58591E-2 4.44501E-2 7.3911E-2 3.00272E-1 7.1841E-2 2.36102E-1 1.62199E-1 7.83157E-2 1.88647E-1 1.54717E-1 2.22766E-1 5.25592E-2 1.52469E-1 2.38687E-1 5.03617E-2
-9999 -9999 -9999 -9999 -9999 -9999 -9999 -9999 -9999 -9999 -9999 -9999 -9999 -9999 -9999 -9999 -9999 -9999 6.80939E-1 5.66526E-1 6.7047E-1 4.83541E-1 3.86804E-1 4.72126E-1 5.04978E-1 2.72786E-1 1.79874E-1 3.07319E-2 2.3902E-2 1.3125E-2 1.46808E-2 1.0959E-2 7.94953E-3 5.55213E-3 4.41115E-3 3.73054E-3 4.88774E-3 1.54782E-2 2.24345E-2 9.86347E-3 1.55717E-2 3.72917E-2 3.84678E-2 2.57139E-2 2.06297E-2 2.45205E-2 2.63622E-2 3.3299E-2 4.94251E-2 2.87003E-1 7.70512E-2 1.21964E-1 9.08074E-2 2.53349E-1 3.52078E-1 1.36195E-1 2.99867E-1 6.24774E-2 1.09163E-1 2.03982E-1 6.95772E-2
-9999 -9999 -9999 -9999 -9999 -9999 -9999 -9999 -9999 -9999 -9999 -9999 -9999 -9999 -9999 -9999 -9999 -9999 7.36684E-1 7.70827E-1 5.52037E-1 6.41912E-1 5.57658E-1 2.11114E-1 2.47839E-1 3.62167E-1 1.85066E-1 8.47446E-2 2.44356E-2 1.22114E-2 1.31691E-2 1.16179E-2 1.28168E-2 6.17434E-3 6.01512E-3 1.13505E-2 5.7405E-3 5.82373E-3 8.73388E-3 7.28531E-3 1.88331E-2 1.74539E-2 4.1946E-2 2.95112E-2 2.43263E-2 3.09702E-2 6.96375E-2 5.52165E-2 4.38737E-2 1.40762E-1 1.19046E-1 1.18151E-1 1.45961E-1 2.32474E-1 2.30155E-1 2.0999E-1 2.41603E-1 9.74429E-2 9.23761E-2 1.92782E-1 4.50111E-2
