data/maxent/outputs/red_293.asc
ncols         426
nrows         180
xllcorner     -130.0
yllcorner     24.0
cellsize      0.16666666666666666
NODATA_value  -9999
[rows 54 to 80 of 180, columns 244 to 304 of 426]
1.0284E-1 9.44257E-2 1.57846E-1 2.00524E-1 2.62802E-1 2.25488E-1 2.39562E-1 3.13203E-1 4.12254E-1 4.97833E-1 4.12116E-1 4.52615E-1 4.71296E-1 3.65247E-1 3.79103E-1 3.954E-1 4.03227E-1 4.07499E-1 3.71522E-1 6.08522E-1 6.97795E-1 6.59573E-1 6.26547E-1 6.08938E-1 6.03485E-1 5.19996E-1 4.14051E-1 4.12119E-1 3.66878E-1 3.46443E-1 3.83558E-1 3.82591E-1 4.21514E-1 4.38888E-1 4.73119E-1 5.61017E-1 5.00213E-1 4.43382E-1 4.7983E-1 5.07365E-1 5.37123E-1 5.18632E-1 5.20429E-1 4.90845E-1 4.34789E-1 3.53082E-1 2.70355E-1 5.32218E-1 8.603E-1 7.64144E-1 5.16527E-1 3.12564E-1 2.97054E-1 2.62618E-1 3.87665E-1 4.55857E-1 7.19654E-1 8.03991E-1 8.25196E-1 8.319E-1 7.96437E-1
1.85181E-1 1.68265E-1 1.85155E-1 2.13397E-1 2.97129E-1 3.16005E-1 3.08876E-1 3.85285E-1 5.38984E-1 4.0928E-1 5.33171E-1 5.00599E-1 4.72011E-1 3.83954E-1 4.10286E-1 4.29323E-1 4.55058E-1 4.36038E-1 4.732E-1 7.40912E-1 6.82813E-1 6.68976E-1 6.10037E-1 5.63393E-1 5.19049E-1 4.31139E-1 4.04773E-1 3.58255E-1 2.91773E-1 2.84111E-1 3.07604E-1 3.33488E-1 3.67854E-1 4.27167E-1 5.07076E-1 5.40491E-1 6.34878E-1 4.33338E-1 4.88301E-1 4.89361E-1 4.89945E-1 4.86267E-1 5.16259E-1 5.16936E-1 4.88298E-1 4.05128E-1 2.82769E-1 2.73472E-1 7.46585E-1 8.5022E-1 7.24769E-1 5.19478E-1 3.91528E-1 2.78573E-1 3.69038E-1 7.61451E-1 8.47152E-1 8.37551E-1 8.71522E-1 8.6738E-1 8.76456E-1
2.53016E-1 2.59544E-1 2.60421E-1 2.9591E-1 3.27157E-1 3.16187E-1 3.33581E-1 4.15721E-1 5.13478E-1 5.06736E-1 5.10978E-1 4.845E-1 3.88703E-1 4.16397E-1 4.40163E-1 4.80462E-1 5.0759E-1 4.84308E-1 7.14867E-1 7.19991E-1 6.71551E-1 6.31701E-1 5.44218E-1 4.93238E-1 4.25518E-1 4.05012E-1 3.61769E-1 3.64057E-1 3.08378E-1 3.05374E-1 2.77736E-1 3.23117E-1 3.67447E-1 4.16921E-1 4.32547E-1 4.99948E-1 6.37184E-1 4.24842E-1 4.70679E-1 5.03906E-1 4.93324E-1 4.76594E-1 4.88649E-1 5.10221E-1 4.73759E-1 3.97553E-1 2.91975E-1 3.2493E-1 8.2852E-1 8.79702E-1 8.79946E-1 8.68646E-1 8.63614E-1 7.19557E-1 4.92299E-1 4.82691E-1 8.97039E-1 8.83908E-1 8.6424E-1 8.29942E-1 8.25881E-1
2.96717E-1 3.10118E-1 3.15561E-1 3.58339E-1 3.89979E-1 3.76881E-1 3.44476E-1 3.86063E-1 4.50136E-1 4.90172E-1 4.94912E-1 4.59514E-1 4.03859E-1 4.37597E-1 4.79997E-1 5.24375E-1 5.49531E-1 4.95675E-1 7.17435E-1 6.7122E-1 6.28332E-1 5.84279E-1 5.14951E-1 4.40948E-1 3.98689E-1 3.79479E-1 3.42277E-1 4.5089E-1 3.35186E-1 3.07598E-1 3.24402E-1 3.22791E-1 3.75784E-1 3.72888E-1 4.41344E-1 4.98592E-1 6.29037E-1 4.24875E-1 4.48737E-1 4.73768E-1 4.77377E-1 4.89296E-1 4.73296E-1 4.7215E-1 4.69337E-1 3.92926E-1 3.87424E-1 8.52138E-1 8.84547E-1 8.88353E-1 8.97976E-1 8.74545E-1 8.66271E-1 8.37487E-1 9.1117E-1 9.20627E-1 8.89584E-1 8.90426E-1 8.38459E-1 4.58696E-1 5.63133E-1
3.01917E-1 3.24316E-1 3.44066E-1 3.6609E-1 4.12788E-1 4.68724E-1 4.31189E-1 4.23977E-1 4.49171E-1 4.89312E-1 5.00819E-1 4.16963E-1 3.91265E-1 4.45676E-1 4.92926E-1 5.34587E-1 5.49829E-1 6.0631E-1 6.73949E-1 6.30706E-1 6.16713E-1 5.59705E-1 4.99888E-1 4.27352E-1 3.6613E-1 3.1145E-1 3.39431E-1 3.8241E-1 3.57135E-1 3.47374E-1 3.21285E-1 3.19215E-1 3.40012E-1 3.58359E-1 4.53131E-1 5.64735E-1 4.35787E-1 3.67699E-1 3.92667E-1 4.08388E-1 4.47796E-1 4.66109E-1 4.47598E-1 4.23885E-1 4.12801E-1 3.8266E-1 7.932E-1 8.73403E-1 8.85736E-1 8.91974E-1 9.06062E-1 9.21403E-1 8.40649E-1 7.66329E-1 8.5561E-1 9.22155E-1 8.75121E-1 8.54454E-1 8.67825E-1 8.5069E-1 8.76243E-1
2.8971E-1 3.05114E-1 4.12656E-1 4.8889E-1 4.6041E-1 3.42446E-1 4.86657E-1 4.72741E-1 4.90893E-1 5.2623E-1 5.11198E-1 3.50327E-1 3.89454E-1 4.38897E-1 4.94746E-1 5.1912E-1 5.46713E-1 6.81976E-1 6.25814E-1 6.21299E-1 6.04905E-1 5.21368E-1 4.90343E-1 4.24377E-1 3.80411E-1 3.31262E-1 3.56278E-1 3.92213E-1 3.50129E-1 3.35285E-1 3.23732E-1 3.3687E-1 3.4177E-1 3.95103E-1 5.07958E-1 3.45043E-1 3.95839E-1 5.63372E-1 7.19843E-1 5.81719E-1 4.136E-1 4.47252E-1 4.41666E-1 3.85901E-1 3.5453E-1 6.35991E-1 8.72342E-1 8.86967E-1 8.96646E-1 9.01374E-1 9.17691E-1 9.32963E-1 8.74762E-1 8.04411E-1 7.53924E-1 8.5317E-1 8.49822E-1 8.27251E-1 8.45726E-1 8.76364E-1 8.69912E-1
2.78123E-1 2.90795E-1 3.78528E-1 3.99444E-1 4.19596E-1 3.95449E-1 4.973E-1 5.04501E-1 5.199E-1 5.14912E-1 3.52276E-1 3.51969E-1 3.93515E-1 4.48873E-1 4.97842E-1 5.29225E-1 5.51429E-1 6.71944E-1 6.19711E-1 6.18922E-1 5.87413E-1 5.34766E-1 4.94908E-1 4.48243E-1 4.15019E-1 4.08731E-1 4.22803E-1 3.74163E-1 3.57921E-1 3.62134E-1 3.68981E-1 3.6957E-1 4.42384E-1 4.66233E-1 3.15872E-1 4.25352E-1 5.64554E-1 6.17568E-1 7.51744E-1 8.34752E-1 5.47472E-1 4.24944E-1 4.30349E-1 3.84493E-1 3.67892E-1 7.38572E-1 8.88061E-1 8.91427E-1 8.90342E-1 9.01104E-1 9.20948E-1 9.18702E-1 8.62017E-1 8.03681E-1 7.53255E-1 8.4878E-1 8.61318E-1 8.48663E-1 8.57504E-1 8.87451E-1 8.94273E-1
3.40065E-1 3.87377E-1 3.59646E-1 3.66666E-1 3.68491E-1 4.22932E-1 4.62457E-1 5.00776E-1 5.34579E-1 5.49467E-1 3.6265E-1 3.65295E-1 4.26413E-1 4.84595E-1 5.31092E-1 5.45573E-1 6.17814E-1 6.69385E-1 6.19707E-1 6.05137E-1 5.82952E-1 5.41898E-1 5.25563E-1 4.85879E-1 4.88706E-1 4.10297E-1 3.93634E-1 3.68524E-1 3.73505E-1 3.96426E-1 4.22563E-1 4.15793E-1 5.40444E-1 3.45117E-1 3.95494E-1 5.07143E-1 4.79368E-1 5.62016E-1 6.94101E-1 7.9442E-1 7.78718E-1 4.06908E-1 4.35916E-1 4.04224E-1 3.77294E-1 7.15654E-1 9.0706E-1 8.88952E-1 8.93335E-1 9.07097E-1 9.15247E-1 8.91682E-1 8.62512E-1 8.39145E-1 8.26488E-1 8.58773E-1 8.76066E-1 8.72018E-1 8.82229E-1 8.78699E-1 8.90768E-1
3.00555E-1 3.06492E-1 3.52429E-1 3.39357E-1 4.11165E-1 3.85342E-1 4.37355E-1 4.68293E-1 5.12721E-1 5.103E-1 3.3843E-1 3.99284E-1 4.54099E-1 5.08776E-1 5.6098E-1 5.66418E-1 6.83087E-1 6.51308E-1 6.06906E-1 5.77743E-1 5.6936E-1 5.41147E-1 5.57701E-1 5.05407E-1 4.76172E-1 4.42467E-1 4.31874E-1 4.0374E-1 4.07207E-1 4.40198E-1 4.74728E-1 4.45023E-1 5.00537E-1 5.05718E-1 4.52737E-1 4.21258E-1 4.72366E-1 5.3203E-1 5.94931E-1 7.10646E-1 8.06652E-1 4.0498E-1 4.30739E-1 4.25809E-1 3.9989E-1 6.37535E-1 9.17723E-1 9.02395E-1 8.98456E-1 9.15931E-1 8.79771E-1 8.80023E-1 8.75448E-1 8.65359E-1 8.74502E-1 8.88234E-1 9.08866E-1 9.06596E-1 8.98748E-1 7.35645E-1 6.00636E-1
2.71699E-1 2.71434E-1 3.33835E-1 3.00147E-1 3.73295E-1 3.76679E-1 4.57134E-1 4.67722E-1 5.0992E-1 3.97179E-1 3.65974E-1 4.17414E-1 4.63715E-1 5.19179E-1 5.79111E-1 6.04367E-1 5.9023E-1 6.88515E-1 6.3404E-1 6.02594E-1 5.77902E-1 5.7693E-1 5.81509E-1 5.11276E-1 4.9049E-1 4.64101E-1 4.63199E-1 4.31425E-1 4.34644E-1 4.16612E-1 4.51784E-1 4.97775E-1 5.03686E-1 4.39708E-1 4.47343E-1 4.80014E-1 4.78987E-1 4.89484E-1 5.30031E-1 6.13913E-1 7.81256E-1 4.47158E-1 4.29118E-1 4.25039E-1 3.94705E-1 6.98253E-1 8.97402E-1 8.98785E-1 9.08047E-1 9.29646E-1 9.12964E-1 8.85881E-1 8.82145E-1 8.76122E-1 8.79744E-1 9.03152E-1 9.2693E-1 9.41763E-1 6.53684E-1 4.60004E-1 4.19546E-1
2.40026E-1 2.47215E-1 3.00858E-1 3.17097E-1 3.46774E-1 3.97959E-1 4.5452E-1 4.77409E-1 5.3726E-1 3.76622E-1 4.06113E-1 4.49868E-1 5.10427E-1 5.52909E-1 5.99212E-1 6.22799E-1 6.15748E-1 6.9399E-1 7.19537E-1 6.37344E-1 5.82483E-1 5.76249E-1 5.78718E-1 5.50107E-1 5.2045E-1 5.07415E-1 4.92925E-1 4.60829E-1 4.38291E-1 4.48136E-1 4.7286E-1 4.74636E-1 4.87456E-1 4.88419E-1 4.91237E-1 4.88387E-1 4.67508E-1 4.85847E-1 5.0327E-1 5.81252E-1 7.51271E-1 4.4324E-1 3.92559E-1 5.00441E-1 8.10239E-1 9.09166E-1 9.08518E-1 9.07228E-1 9.26886E-1 9.43135E-1 9.32013E-1 9.01793E-1 8.85824E-1 8.6675E-1 8.49273E-1 8.86359E-1 9.26755E-1 9.275E-1 8.6622E-1 7.61864E-1 6.56772E-1
2.57394E-1 2.53852E-1 3.12057E-1 3.26845E-1 3.62793E-1 4.86818E-1 4.74462E-1 5.3481E-1 5.76472E-1 4.24726E-1 4.46163E-1 5.05318E-1 5.39703E-1 5.80689E-1 6.18536E-1 6.3208E-1 6.38131E-1 6.04824E-1 7.04292E-1 6.50792E-1 6.04908E-1 6.03252E-1 6.20976E-1 5.9216E-1 5.52084E-1 5.43887E-1 5.04754E-1 4.75019E-1 4.55599E-1 4.56992E-1 4.62376E-1 4.66161E-1 4.90453E-1 5.29459E-1 5.09277E-1 5.07927E-1 5.07298E-1 5.12281E-1 5.32056E-1 6.26833E-1 7.51948E-1 7.57449E-1 6.72066E-1 9.05929E-1 8.98727E-1 9.31811E-1 9.57627E-1 9.47631E-1 9.50232E-1 9.44618E-1 9.30571E-1 9.07056E-1 8.92671E-1 8.7375E-1 8.64582E-1 8.8749E-1 9.1299E-1 9.36744E-1 9.53315E-1 9.44627E-1 9.21245E-1
2.87561E-1 2.75108E-1 3.25576E-1 2.96227E-1 3.59248E-1 4.48721E-1 4.82214E-1 5.61178E-1 6.04365E-1 4.84718E-1 4.91905E-1 5.44304E-1 5.77606E-1 6.03344E-1 6.29073E-1 6.4186E-1 6.40202E-1 6.03864E-1 6.81909E-1 6.42463E-1 6.28851E-1 6.44761E-1 6.25133E-1 6.00296E-1 5.70418E-1 5.57016E-1 5.34623E-1 4.86424E-1 4.79934E-1 5.01303E-1 5.1191E-1 5.18246E-1 5.19294E-1 5.60677E-1 5.50426E-1 5.5103E-1 5.71888E-1 5.83178E-1 6.20622E-1 7.30953E-1 8.16089E-1 8.7482E-1 8.78413E-1 8.88879E-1 9.03072E-1 9.3358E-1 9.50133E-1 9.53348E-1 9.53293E-1 9.32425E-1 9.21479E-1 9.13302E-1 9.09236E-1 9.01999E-1 9.05209E-1 8.95962E-1 8.98356E-1 9.10791E-1 9.06441E-1 9.01595E-1 8.89832E-1
2.59606E-1 2.80987E-1 2.67288E-1 3.05579E-1 3.89032E-1 4.24191E-1 4.73188E-1 5.04637E-1 5.64103E-1 6.32007E-1 5.22503E-1 5.78279E-1 6.18981E-1 6.35367E-1 6.46604E-1 6.58048E-1 6.54794E-1 6.34462E-1 7.0009E-1 6.41506E-1 6.20289E-1 6.32407E-1 6.28659E-1 6.12647E-1 5.68039E-1 5.50787E-1 5.15427E-1 5.06582E-1 5.42896E-1 5.41702E-1 5.47718E-1 5.50106E-1 5.85556E-1 6.26266E-1 6.36436E-1 6.49244E-1 6.63674E-1 7.25696E-1 7.52323E-1 8.14388E-1 8.65484E-1 8.87551E-1 8.82092E-1 8.88899E-1 8.92213E-1 9.12705E-1 9.21453E-1 9.20262E-1 9.09595E-1 8.98557E-1 8.94124E-1 8.98522E-1 8.87219E-1 9.02445E-1 9.07946E-1 7.34325E-1 5.90401E-1 4.32943E-1 3.88932E-1 3.89524E-1 4.01431E-1
2.5943E-1 2.54101E-1 2.65912E-1 2.87471E-1 4.16466E-1 4.92022E-1 4.64885E-1 5.25747E-1 5.45786E-1 6.04285E-1 5.53675E-1 6.19476E-1 6.48378E-1 6.56479E-1 6.68507E-1 6.74756E-1 6.83599E-1 6.57132E-1 7.02877E-1 6.23518E-1 6.78211E-1 6.66525E-1 6.55512E-1 6.73023E-1 6.00269E-1 5.81604E-1 5.3728E-1 5.13224E-1 5.12744E-1 5.08229E-1 5.36164E-1 5.70825E-1 6.32262E-1 6.94115E-1 7.23226E-1 7.55818E-1 7.42974E-1 7.58553E-1 8.06147E-1 8.09331E-1 8.81217E-1 8.94269E-1 8.76913E-1 8.82499E-1 8.82845E-1 8.87474E-1 8.85563E-1 7.3436E-1 5.38084E-1 5.57418E-1 6.37041E-1 7.7352E-1 8.8479E-1 8.92489E-1 7.24561E-1 5.91932E-1 3.94157E-1 3.84838E-1 3.77152E-1 4.16808E-1 6.52364E-1
2.75313E-1 2.88818E-1 3.01353E-1 2.86837E-1 3.32575E-1 3.72945E-1 4.839E-1 5.76317E-1 5.77654E-1 6.21469E-1 5.90093E-1 6.56794E-1 6.71486E-1 6.78991E-1 6.85393E-1 6.92528E-1 7.0319E-1 6.99467E-1 6.81166E-1 6.10368E-1 6.54388E-1 6.70284E-1 6.58402E-1 6.71409E-1 6.44416E-1 6.0848E-1 5.63084E-1 5.36985E-1 5.22663E-1 5.03909E-1 5.39681E-1 6.41109E-1 7.2179E-1 7.7924E-1 7.78714E-1 7.58512E-1 7.77315E-1 8.03253E-1 8.61521E-1 5.10424E-1 6.15633E-1 8.9598E-1 9.02107E-1 9.01384E-1 9.0093E-1 8.71254E-1 4.5814E-1 2.85452E-1 3.16364E-1 3.60781E-1 3.95858E-1 4.24799E-1 4.50414E-1 4.43671E-1 4.34451E-1 4.49011E-1 4.2384E-1 4.45312E-1 5.91615E-1 8.33584E-1 7.97163E-1
2.8237E-1 3.18125E-1 2.76431E-1 2.75406E-1 3.0707E-1 3.6111E-1 4.74471E-1 5.33629E-1 5.81221E-1 6.42157E-1 6.00847E-1 6.64324E-1 6.89319E-1 6.95729E-1 7.0324E-1 7.3054E-1 7.42972E-1 7.20239E-1 6.16313E-1 6.09527E-1 6.26967E-1 6.69622E-1 6.62331E-1 6.51516E-1 6.30082E-1 6.03477E-1 5.75071E-1 5.64374E-1 5.60458E-1 5.53501E-1 5.90239E-1 6.58123E-1 7.23783E-1 7.84087E-1 7.88528E-1 7.82922E-1 7.93593E-1 8.41195E-1 8.58556E-1 8.88126E-1 9.08032E-1 9.17605E-1 9.14567E-1 8.29006E-1 5.81827E-1 3.08064E-1 2.77542E-1 3.09783E-1 3.52332E-1 4.02832E-1 4.36412E-1 4.69033E-1 4.82476E-1 4.86558E-1 4.55506E-1 5.53937E-1 7.92761E-1 8.12723E-1 7.82551E-1 7.94004E-1 7.42506E-1
3.14341E-1 2.68868E-1 2.70161E-1 2.87377E-1 3.04263E-1 3.63331E-1 4.61517E-1 5.13546E-1 5.45184E-1 6.44917E-1 6.29954E-1 6.47055E-1 7.10669E-1 7.18522E-1 7.37115E-1 7.63725E-1 7.871E-1 5.47368E-1 5.56181E-1 6.18732E-1 6.34225E-1 6.52714E-1 6.42634E-1 6.21332E-1 6.20382E-1 6.13541E-1 5.99602E-1 5.75647E-1 6.01667E-1 6.10034E-1 6.45466E-1 7.16601E-1 6.92349E-1 6.93609E-1 7.47338E-1 7.7457E-1 8.09346E-1 8.64987E-1 8.33482E-1 8.94758E-1 9.21088E-1 8.49656E-1 4.96001E-1 3.29716E-1 3.17363E-1 3.01806E-1 3.17052E-1 3.47149E-1 3.90879E-1 4.26204E-1 4.76049E-1 5.14328E-1 5.62039E-1 7.11371E-1 8.41773E-1 8.13999E-1 7.85532E-1 7.73268E-1 7.53305E-1 7.46758E-1 7.2445E-1
2.96016E-1 2.74539E-1 2.89023E-1 2.96181E-1 3.09592E-1 3.75407E-1 4.39328E-1 5.02263E-1 5.58557E-1 5.91325E-1 7.11105E-1 6.06553E-1 6.73323E-1 7.12443E-1 7.40147E-1 7.55713E-1 7.06935E-1 5.7876E-1 6.12143E-1 6.66722E-1 7.08327E-1 6.90141E-1 6.20838E-1 6.27777E-1 6.19343E-1 6.30648E-1 6.33168E-1 6.27074E-1 6.31395E-1 6.15649E-1 6.43123E-1 6.37138E-1 6.274E-1 6.523E-1 7.0464E-1 7.53744E-1 7.81934E-1 4.64405E-1 5.80531E-1 4.52543E-1 5.56058E-1 4.71211E-1 3.83672E-1 3.75314E-1 3.56945E-1 3.5117E-1 3.73364E-1 3.78152E-1 4.17748E-1 5.33879E-1 7.43321E-1 8.39253E-1 7.85213E-1 7.62421E-1 7.52644E-1 7.4577E-1 7.25506E-1 7.20952E-1 7.00966E-1 6.96396E-1 6.65559E-1
2.88368E-1 2.77288E-1 2.87256E-1 2.87357E-1 3.18285E-1 3.74187E-1 4.16941E-1 5.14673E-1 5.93869E-1 5.87026E-1 6.32215E-1 6.98595E-1 6.14691E-1 7.27024E-1 7.37492E-1 7.15664E-1 6.23562E-1 5.97014E-1 6.54176E-1 6.69314E-1 6.64143E-1 6.4878E-1 6.22136E-1 6.2835E-1 6.38108E-1 6.58774E-1 6.5723E-1 6.30422E-1 6.21168E-1 5.87732E-1 5.64264E-1 5.75023E-1 6.07041E-1 6.85435E-1 7.21092E-1 7.80681E-1 6.37678E-1 4.10347E-1 3.96939E-1 4.82697E-1 5.20215E-1 4.57448E-1 4.39753E-1 4.42644E-1 4.18185E-1 3.93697E-1 4.11144E-1 7.55522E-1 8.51002E-1 8.13645E-1 7.67398E-1 7.23952E-1 6.96331E-1 6.99962E-1 6.90039E-1 6.85795E-1 6.84661E-1 6.62056E-1 6.43081E-1 6.49896E-1 6.44116E-1
2.78364E-1 2.62495E-1 2.61859E-1 3.05836E-1 3.47482E-1 3.38288E-1 3.89287E-1 4.84971E-1 5.0354E-1 5.48491E-1 5.64181E-1 5.64541E-1 5.75078E-1 5.96443E-1 5.84847E-1 6.11266E-1 5.81443E-1 5.69128E-1 6.62991E-1 6.47107E-1 6.3253E-1 6.21065E-1 6.1558E-1 6.70282E-1 6.72255E-1 6.47649E-1 6.36784E-1 5.89785E-1 6.04992E-1 5.62342E-1 5.30669E-1 5.39822E-1 6.2851E-1 6.92321E-1 6.84479E-1 6.3722E-1 6.72837E-1 7.75513E-1 6.53479E-1 7.08509E-1 4.62129E-1 5.07505E-1 5.29923E-1 6.61216E-1 6.40399E-1 6.07057E-1 8.46082E-1 8.42777E-1 8.2392E-1 7.87044E-1 7.09128E-1 6.65146E-1 6.59464E-1 6.79902E-1 6.28524E-1 6.55046E-1 6.58769E-1 6.13715E-1 6.12526E-1 6.22669E-1 6.0213E-1
2.64817E-1 2.75475E-1 2.88728E-1 3.56996E-1 3.3103E-1 3.58815E-1 4.95803E-1 4.23825E-1 3.79251E-1 4.5373E-1 4.9698E-1 5.4292E-1 5.29789E-1 5.14041E-1 4.77734E-1 4.85657E-1 4.92531E-1 5.67959E-1 5.77497E-1 5.83891E-1 5.90005E-1 6.56314E-1 6.54538E-1 6.65632E-1 6.74496E-1 6.15372E-1 5.9157E-1 5.94305E-1 5.60322E-1 5.70682E-1 5.32923E-1 5.40364E-1 5.83424E-1 5.99618E-1 5.71144E-1 6.06999E-1 6.21682E-1 6.58992E-1 7.04123E-1 7.18812E-1 7.99999E-1 8.47597E-1 8.29251E-1 8.14798E-1 8.39054E-1 8.34285E-1 8.26927E-1 8.20351E-1 8.02478E-1 7.26352E-1 6.28714E-1 6.4528E-1 5.42792E-1 5.31138E-1 5.66484E-1 6.1779E-1 6.33285E-1 6.22796E-1 5.99178E-1 5.8723E-1 5.67533E-1
3.53644E-1 3.40234E-1 3.73532E-1 3.7943E-1 4.48388E-1 3.76338E-1 4.98029E-1 4.16844E-1 3.69122E-1 3.687E-1 4.30197E-1 4.82227E-1 4.65485E-1 4.38908E-1 4.70273E-1 4.90965E-1 5.30655E-1 5.70544E-1 5.56364E-1 5.7197E-1 6.21027E-1 6.66793E-1 6.71821E-1 6.6535E-1 6.47638E-1 6.62331E-1 6.16778E-1 5.58392E-1 5.87018E-1 6.17188E-1 5.77935E-1 5.60245E-1 5.44217E-1 5.47303E-1 5.78744E-1 5.94185E-1 6.13696E-1 6.31279E-1 6.31727E-1 6.05749E-1 6.64751E-1 7.0126E-1 7.22763E-1 7.39148E-1 7.78823E-1 8.11476E-1 8.07318E-1 7.80663E-1 7.45437E-1 6.76478E-1 5.83005E-1 5.73815E-1 5.30263E-1 5.39672E-1 5.04606E-1 5.43405E-1 5.70189E-1 5.89993E-1 5.39676E-1 5.32944E-1 5.73099E-1
3.51014E-1 3.26146E-1 3.54986E-1 3.8685E-1 3.43547E-1 3.50258E-1 3.55415E-1 3.72393E-1 4.02778E-1 4.23768E-1 4.52347E-1 4.65335E-1 4.67422E-1 4.54028E-1 4.55821E-1 4.48374E-1 4.86838E-1 5.08748E-1 5.46612E-1 6.024E-1 6.29342E-1 6.29234E-1 6.26589E-1 6.36999E-1 6.68114E-1 6.80066E-1 5.89026E-1 5.66811E-1 5.69224E-1 5.94818E-1 6.21981E-1 6.05955E-1 6.00206E-1 6.28257E-1 6.49011E-1 6.13575E-1 6.45812E-1 6.62409E-1 6.49785E-1 6.39934E-1 6.6082E-1 6.82281E-1 7.08505E-1 7.07842E-1 7.33075E-1 7.37449E-1 7.46897E-1 7.48305E-1 6.97717E-1 6.60023E-1 5.99405E-1 5.5401E-1 5.11507E-1 4.92699E-1 4.98461E-1 4.95353E-1 5.22958E-1 5.60377E-1 5.25388E-1 4.99633E-1 5.22663E-1
3.31746E-1 3.2996E-1 3.41654E-1 3.55405E-1 3.7565E-1 3.60971E-1 3.58637E-1 3.6696E-1 3.89087E-1 4.09434E-1 4.21054E-1 4.40765E-1 4.52606E-1 4.69334E-1 4.59965E-1 4.83034E-1 4.94235E-1 5.33905E-1 5.74569E-1 6.14811E-1 6.16602E-1 6.14912E-1 6.24363E-1 6.27827E-1 6.40341E-1 6.50724E-1 6.53236E-1 6.26103E-1 5.92451E-1 5.77658E-1 5.95825E-1 6.1285E-1 6.53606E-1 6.52647E-1 6.36928E-1 6.13897E-1 6.09873E-1 6.41949E-1 6.14554E-1 6.25221E-1 6.5924E-1 6.83975E-1 6.72898E-1 6.62708E-1 6.42521E-1 6.23149E-1 6.86877E-1 6.87009E-1 6.25786E-1 6.0608E-1 5.66179E-1 5.10001E-1 4.98275E-1 4.74706E-1 5.10568E-1 5.64133E-1 5.17021E-1 5.19565E-1 5.56263E-1 5.62165E-1 5.52553E-1
3.5727E-1 3.66196E-1 3.51255E-1 3.54676E-1 3.85591E-1 3.89263E-1 3.9803E-1 3.98606E-1 4.24951E-1 4.62283E-1 4.45848E-1 4.37247E-1 4.5828E-1 4.66877E-1 4.83777E-1 5.33358E-1 5.45884E-1 5.98013E-1 6.25763E-1 6.34718E-1 6.4576E-1 6.28987E-1 6.48631E-1 6.16725E-1 6.22646E-1 6.33596E-1 6.37674E-1 6.41274E-1 6.19681E-1 5.93264E-1 6.33642E-1 6.88671E-1 6.86791E-1 6.60542E-1 6.55272E-1 6.23279E-1 6.01212E-1 5.99903E-1 6.03207E-1 6.69047E-1 7.18643E-1 6.96216E-1 6.54867E-1 6.02023E-1 5.94444E-1 5.97923E-1 5.90688E-1 6.32012E-1 5.86159E-1 5.54344E-1 5.24642E-1 5.1333E-1 5.09319E-1 5.27781E-1 5.11219E-1 5.11144E-1 5.26938E-1 5.06514E-1 5.08748E-1 5.32708E-1 5.14919E-1
4.23743E-1 4.57373E-1 4.48695E-1 3.91793E-1 4.03833E-1 4.14037E-1 4.0851E-1 4.3308E-1 4.14862E-1 4.13504E-1 4.25062E-1 4.45942E-1 4.53898E-1 4.68631E-1 4.97979E-1 5.4107E-1 5.7183E-1 6.11013E-1 6.29559E-1 6.37192E-1 6.31222E-1 6.1914E-1 6.3584E-1 6.27938E-1 6.17748E-1 6.33007E-1 6.30502E-1 6.22147E-1 6.64262E-1 6.58822E-1 6.04595E-1 6.30963E-1 6.31083E-1 6.3312E-1 6.43221E-1 6.22825E-1 5.92742E-1 5.7072E-1 5.76008E-1 6.79004E-1 6.68961E-1 6.76061E-1 6.5002E-1 6.45497E-1 5.89568E-1 5.69569E-1 5.66895E-1 5.87826E-1 5.91283E-1 5.32963E-1 5.23893E-1 5.40904E-1 5.47951E-1 5.58402E-1 5.51257E-1 5.80282E-1 5.67021E-1 5.38495E-1 5.416E-1 5.15326E-1 5.36178E-1
