data/maxent/outputs/red_29.asc
ncols         426
nrows         180
xllcorner     -130.0
yllcorner     24.0
cellsize      0.16666666666666666
NODATA_value  -9999
[rows 54 to 80 of 180, columns 183 to 243 of 426]
1.25245E-6 1.59809E-6 1.89192E-6 1.69253E-6 1.37911E-6 1.17288E-6 1.12156E-6 1.06356E-6 1.09671E-6 1.15072E-6 1.24118E-6 1.25657E-6 1.1674E-6 1.0604E-6 7.36634E-7 8.62585E-7 1.25226E-6 1.4838E-6 1.83987E-6 1.87447E-6 1.53314E-6 1.57156E-6 2.12009E-6 2.90997E-6 2.71318E-6 2.05173E-6 1.26726E-6 9.53963E-7 8.69239E-7 1.07085E-6 1.40415E-6 1.48525E-6 1.40639E-6 1.63777E-6 2.07746E-6 2.29416E-6 2.78241E-6 3.02378E-6 3.11111E-6 2.77102E-6 3.10692E-6 2.34684E-6 2.36706E-6 2.31656E-6 2.9036E-6 3.00363E-6 2.99495E-6 2.38838E-6 2.45182E-6 2.44816E-6 2.69414E-6 2.42977E-6 2.56402E-6 2.82662E-6 3.13856E-6 3.4427E-6 4.04424E-6 4.37132E-6 5.83893E-6 6.34656E-6 6.71699E-6
1.20933E-6 1.34288E-6 1.46664E-6 1.43203E-6 1.34158E-6 1.47982E-6 1.27147E-6 1.20695E-6 1.19822E-6 1.21285E-6 1.2742E-6 1.4187E-6 1.13274E-6 9.4604E-7 7.80362E-7 8.33146E-7 1.16208E-6 1.49408E-6 2.44647E-6 2.59834E-6 2.1256E-6 2.07662E-6 2.27565E-6 2.82435E-6 3.02789E-6 2.02186E-6 1.31117E-6 9.21803E-7 1.03267E-6 1.32005E-6 1.44726E-6 1.38628E-6 1.42638E-6 1.69429E-6 1.73468E-6 2.07968E-6 2.81097E-6 3.24154E-6 2.96803E-6 3.3721E-6 3.67858E-6 3.60226E-6 3.31764E-6 3.19136E-6 3.71516E-6 3.70639E-6 3.69688E-6 3.54351E-6 3.13407E-6 3.07701E-6 3.72601E-6 4.5535E-6 3.85997E-6 3.56503E-6 3.58349E-6 4.19037E-6 4.6942E-6 6.08863E-6 8.20683E-6 9.6724E-6 9.70823E-6
1.77618E-6 1.8399E-6 2.05088E-6 1.8048E-6 1.91426E-6 1.80207E-6 1.71228E-6 1.40091E-6 1.4334E-6 1.33161E-6 1.3887E-6 1.43439E-6 1.35793E-6 1.10644E-6 1.20962E-6 8.66089E-7 9.25504E-7 1.20794E-6 1.73219E-6 2.36087E-6 2.58996E-6 2.66131E-6 2.95222E-6 2.94201E-6 2.77386E-6 2.24515E-6 1.94783E-6 1.50955E-6 1.31252E-6 1.38677E-6 1.40558E-6 1.37241E-6 1.48502E-6 1.78913E-6 1.67647E-6 2.11327E-6 2.68013E-6 3.02896E-6 3.1157E-6 3.39286E-6 3.80424E-6 4.6863E-6 5.06531E-6 4.7077E-6 4.92206E-6 4.88559E-6 5.03161E-6 4.55244E-6 4.05572E-6 3.17386E-6 3.52219E-6 3.79226E-6 4.69346E-6 3.72899E-6 3.78977E-6 4.6101E-6 4.96418E-6 6.45425E-6 8.26074E-6 9.86864E-6 9.44633E-6
1.8957E-6 1.78626E-6 2.14687E-6 2.16886E-6 2.38676E-6 2.22578E-6 1.94493E-6 1.9062E-6 1.79125E-6 1.61465E-6 1.56998E-6 1.78039E-6 1.70066E-6 1.43471E-6 1.09958E-6 8.24425E-7 7.63185E-7 8.91432E-7 1.22545E-6 1.59976E-6 2.11046E-6 2.86042E-6 3.39847E-6 3.17146E-6 2.77432E-6 2.6453E-6 2.1757E-6 1.95821E-6 1.75889E-6 1.66544E-6 1.42577E-6 1.33697E-6 1.20821E-6 1.51457E-6 1.70827E-6 2.19075E-6 3.00683E-6 3.20472E-6 3.21091E-6 3.58219E-6 3.47768E-6 3.49478E-6 3.96673E-6 4.938E-6 5.14908E-6 4.93813E-6 5.08866E-6 5.20695E-6 4.41763E-6 3.53054E-6 3.86601E-6 3.65808E-6 5.41229E-6 5.85829E-6 5.83722E-6 5.71702E-6 6.79371E-6 8.66404E-6 9.78911E-6 8.06985E-6 8.64267E-6
1.74333E-6 1.63481E-6 1.63994E-6 2.04223E-6 2.45828E-6 2.8588E-6 2.40559E-6 2.26726E-6 2.06163E-6 1.77244E-6 1.7087E-6 2.07187E-6 2.72563E-6 1.83363E-6 1.47569E-6 8.7895E-7 7.56054E-7 8.38545E-7 1.02042E-6 1.39586E-6 1.88506E-6 2.42878E-6 2.99182E-6 3.20165E-6 2.84803E-6 2.70352E-6 2.71392E-6 2.42189E-6 2.01249E-6 1.58198E-6 1.57425E-6 1.65787E-6 1.50612E-6 1.69445E-6 2.1078E-6 2.42385E-6 2.9172E-6 3.24399E-6 3.1339E-6 2.97457E-6 3.30996E-6 3.30169E-6 3.75094E-6 4.08734E-6 4.04431E-6 4.78759E-6 5.18757E-6 5.41504E-6 4.52223E-6 4.41992E-6 4.61018E-6 4.7898E-6 6.00187E-6 7.77456E-6 7.23807E-6 7.89583E-6 1.02755E-5 1.11768E-5 9.74085E-6 7.61702E-6 8.68369E-6
3.0596E-6 2.04156E-6 1.72494E-6 1.79041E-6 2.04544E-6 3.80677E-6 2.98759E-6 2.66577E-6 2.48398E-6 2.16321E-6 2.01128E-6 1.90691E-6 2.13578E-6 2.38216E-6 2.0531E-6 1.33405E-6 1.10496E-6 1.01748E-6 1.00921E-6 1.154E-6 1.7114E-6 2.21841E-6 2.87686E-6 2.90615E-6 2.93873E-6 2.71893E-6 2.87825E-6 2.69529E-6 2.10494E-6 1.90028E-6 1.70428E-6 1.67533E-6 1.89768E-6 1.7018E-6 1.90074E-6 2.14068E-6 2.52867E-6 2.8232E-6 3.05237E-6 2.79751E-6 3.04998E-6 3.22102E-6 3.49148E-6 3.53661E-6 4.14122E-6 4.97006E-6 6.08308E-6 7.99846E-6 6.2121E-6 5.96163E-6 6.67926E-6 6.08475E-6 6.17758E-6 8.21095E-6 9.36319E-6 1.10593E-5 1.28003E-5 1.26967E-5 1.07675E-5 9.74803E-6 1.16005E-5
4.02368E-6 3.69602E-6 2.61482E-6 2.33341E-6 2.85085E-6 3.3905E-6 3.62891E-6 3.35616E-6 3.08984E-6 2.52742E-6 2.36454E-6 2.09461E-6 2.29018E-6 2.92943E-6 3.06294E-6 2.25714E-6 1.79E-6 1.4831E-6 1.30553E-6 1.38477E-6 1.77451E-6 2.10273E-6 2.51264E-6 2.37049E-6 2.55727E-6 2.4297E-6 2.53843E-6 2.33964E-6 2.22593E-6 2.0809E-6 2.02421E-6 2.00088E-6 1.92469E-6 1.75996E-6 1.79424E-6 2.02712E-6 2.41603E-6 2.62972E-6 2.68397E-6 2.64977E-6 2.66867E-6 2.90107E-6 3.21043E-6 3.72604E-6 4.06531E-6 4.55869E-6 5.46969E-6 7.85355E-6 1.04011E-5 9.94297E-6 9.21913E-6 7.73692E-6 6.79834E-6 7.39268E-6 9.73911E-6 1.19844E-5 1.43007E-5 1.56675E-5 1.34094E-5 1.34455E-5 1.96232E-5
7.31422E-6 4.48339E-6 3.58789E-6 3.17961E-6 3.4335E-6 3.59024E-6 4.37459E-6 4.12594E-6 3.91793E-6 3.14969E-6 2.52248E-6 2.62529E-6 2.52133E-6 2.62737E-6 3.09942E-6 2.66509E-6 2.60285E-6 2.1284E-6 1.69368E-6 1.96321E-6 2.00986E-6 2.12457E-6 2.31717E-6 2.35225E-6 2.31514E-6 2.69544E-6 2.5381E-6 1.94716E-6 2.11674E-6 2.43544E-6 2.67329E-6 2.3335E-6 2.16358E-6 1.83375E-6 1.78089E-6 2.15612E-6 2.44209E-6 2.78744E-6 2.99844E-6 3.21619E-6 2.6081E-6 2.36145E-6 3.0142E-6 4.2679E-6 5.26014E-6 5.83892E-6 6.47263E-6 9.03779E-6 1.09319E-5 1.51558E-5 1.14704E-5 7.39636E-6 6.86827E-6 9.13646E-6 9.79987E-6 1.23678E-5 1.4552E-5 1.72795E-5 1.52754E-5 1.67681E-5 2.29656E-5
1.10885E-5 8.43697E-6 5.92113E-6 4.59228E-6 4.25575E-6 4.45152E-6 4.88751E-6 5.39839E-6 4.56658E-6 3.62942E-6 3.10704E-6 2.90849E-6 3.36819E-6 3.71751E-6 3.75158E-6 3.72491E-6 3.67352E-6 2.91472E-6 2.14124E-6 1.94748E-6 2.03944E-6 2.17E-6 2.34279E-6 2.49008E-6 2.44145E-6 2.30597E-6 2.13159E-6 1.7111E-6 1.84221E-6 2.70586E-6 3.22128E-6 2.77489E-6 2.42454E-6 1.9671E-6 2.13277E-6 2.30215E-6 2.89257E-6 3.49908E-6 3.58143E-6 3.88596E-6 3.19492E-6 2.66035E-6 2.9736E-6 4.15444E-6 5.39269E-6 5.28756E-6 5.10113E-6 6.48925E-6 1.20487E-5 2.26131E-5 1.68874E-5 6.274E-6 8.16117E-6 1.21944E-5 1.3016E-5 1.44156E-5 1.87821E-5 1.84415E-5 1.6573E-5 1.98668E-5 2.35855E-5
1.22489E-5 1.49581E-5 1.04998E-5 7.63204E-6 5.14514E-6 5.36746E-6 5.59608E-6 5.89235E-6 5.70679E-6 4.86423E-6 3.79214E-6 3.47106E-6 3.9415E-6 4.1427E-6 3.88418E-6 3.33011E-6 3.11793E-6 2.44052E-6 1.98946E-6 1.92958E-6 2.0261E-6 2.43756E-6 2.4708E-6 2.50633E-6 2.56661E-6 2.65315E-6 2.68019E-6 1.69918E-6 2.04437E-6 2.68522E-6 3.11196E-6 3.09386E-6 2.59921E-6 2.42704E-6 2.31702E-6 2.54759E-6 2.92326E-6 3.63761E-6 3.89655E-6 4.33855E-6 3.97171E-6 3.74297E-6 3.66338E-6 3.98395E-6 5.4834E-6 6.4815E-6 7.11463E-6 1.03365E-5 1.8254E-5 3.10847E-5 2.63431E-5 1.30458E-5 1.30285E-5 1.53625E-5 1.93783E-5 2.10767E-5 2.24002E-5 2.41283E-5 2.21141E-5 2.30078E-5 2.23839E-5
1.31651E-5 1.11015E-5 1.22808E-5 1.27999E-5 7.99714E-6 7.35767E-6 8.76203E-6 8.49217E-6 8.26197E-6 7.70128E-6 5.19605E-6 4.07765E-6 4.69748E-6 4.99997E-6 4.00857E-6 3.31892E-6 2.69662E-6 2.28019E-6 2.34969E-6 2.48814E-6 2.73681E-6 3.32785E-6 3.02021E-6 2.52623E-6 2.53803E-6 2.29594E-6 2.23938E-6 2.42298E-6 3.21101E-6 3.17363E-6 3.20183E-6 2.99033E-6 2.77167E-6 3.04971E-6 3.01599E-6 2.88413E-6 3.10691E-6 3.57222E-6 4.04714E-6 4.14917E-6 4.55668E-6 4.5941E-6 4.68043E-6 5.23598E-6 6.06482E-6 7.04967E-6 8.91056E-6 9.79534E-6 1.59003E-5 2.50648E-5 2.852E-5 2.01913E-5 1.79378E-5 2.18429E-5 2.50327E-5 2.41048E-5 2.38094E-5 2.81467E-5 2.46633E-5 2.33375E-5 2.14697E-5
1.28043E-5 1.19167E-5 9.16472E-6 9.28245E-6 1.18742E-5 1.18573E-5 1.28399E-5 1.29062E-5 9.92909E-6 8.91547E-6 8.49677E-6 7.5224E-6 6.16238E-6 5.51794E-6 4.45398E-6 3.51617E-6 2.94179E-6 2.64638E-6 3.12378E-6 3.52075E-6 3.74215E-6 3.5682E-6 2.88743E-6 2.28711E-6 2.73974E-6 2.69946E-6 2.85924E-6 3.262E-6 3.93238E-6 3.78232E-6 3.01697E-6 2.75534E-6 2.81573E-6 3.30329E-6 3.79579E-6 3.2975E-6 3.62637E-6 3.60665E-6 3.98639E-6 4.00564E-6 3.79449E-6 4.38984E-6 5.39553E-6 5.8517E-6 7.07757E-6 8.17235E-6 9.79899E-6 1.10595E-5 1.46936E-5 2.25536E-5 2.21732E-5 2.13184E-5 1.87158E-5 1.98546E-5 2.4311E-5 2.74825E-5 3.02601E-5 2.84371E-5 2.71984E-5 2.4489E-5 3.68599E-5
1.44802E-5 1.25474E-5 9.32824E-6 8.33914E-6 8.45017E-6 1.03881E-5 1.33563E-5 1.26096E-5 1.08203E-5 1.15012E-5 1.79315E-5 1.88788E-5 1.14452E-5 6.32505E-6 4.22742E-6 3.80823E-6 3.42157E-6 3.98164E-6 4.03384E-6 4.09406E-6 4.23048E-6 3.38895E-6 2.83139E-6 2.61135E-6 2.80599E-6 2.59961E-6 2.88403E-6 3.24237E-6 3.83831E-6 3.58051E-6 3.06761E-6 2.77621E-6 2.80532E-6 2.95712E-6 2.9927E-6 3.57011E-6 3.55398E-6 3.71026E-6 4.11029E-6 4.14795E-6 4.12124E-6 4.51725E-6 6.16594E-6 7.33906E-6 7.22344E-6 8.11589E-6 1.08525E-5 1.34903E-5 1.47601E-5 1.63648E-5 1.88172E-5 1.33409E-5 1.26499E-5 1.42048E-5 1.74598E-5 2.21337E-5 2.30226E-5 2.50634E-5 2.35965E-5 2.46807E-5 2.60921E-5
1.87181E-5 1.42176E-5 1.17709E-5 9.52822E-6 1.00215E-5 1.0407E-5 1.16502E-5 1.13039E-5 1.14469E-5 1.80247E-5 2.78615E-5 3.07711E-5 1.7914E-5 9.27857E-6 6.85697E-6 5.42687E-6 5.06669E-6 5.88649E-6 5.24447E-6 4.89632E-6 4.63857E-6 3.96234E-6 3.32298E-6 2.99551E-6 2.42659E-6 2.4012E-6 2.52508E-6 3.42531E-6 3.67514E-6 3.70616E-6 3.4924E-6 3.08036E-6 3.17658E-6 3.6701E-6 3.47626E-6 3.6576E-6 3.94748E-6 4.74736E-6 4.65648E-6 4.86675E-6 5.31213E-6 6.02168E-6 7.49861E-6 8.02133E-6 9.426E-6 8.72994E-6 8.73688E-6 1.2313E-5 1.54007E-5 1.79317E-5 2.02831E-5 1.85317E-5 1.68298E-5 1.85382E-5 1.72602E-5 2.12632E-5 2.40426E-5 2.65014E-5 2.57832E-5 2.76414E-5 2.83836E-5
1.86522E-5 1.58932E-5 1.19643E-5 1.00201E-5 9.95419E-6 1.01933E-5 1.03835E-5 1.02939E-5 1.12172E-5 1.81483E-5 3.06876E-5 3.49731E-5 2.09691E-5 9.70949E-6 6.76603E-6 6.49051E-6 7.78474E-6 7.16159E-6 7.66766E-6 5.85343E-6 5.08541E-6 4.977E-6 5.16889E-6 4.67133E-6 2.93835E-6 2.45201E-6 2.6003E-6 3.45282E-6 4.06942E-6 4.24315E-6 4.2126E-6 4.06104E-6 4.29552E-6 4.76094E-6 4.24669E-6 4.22227E-6 4.51096E-6 5.22476E-6 5.56685E-6 5.92727E-6 6.60178E-6 7.14244E-6 8.33518E-6 8.48112E-6 1.02415E-5 1.07244E-5 9.74126E-6 1.09924E-5 1.20777E-5 1.55147E-5 1.78001E-5 2.23685E-5 2.90337E-5 2.58713E-5 2.18072E-5 2.31231E-5 2.57499E-5 2.89199E-5 3.07403E-5 2.91765E-5 3.20238E-5
1.71231E-5 1.58449E-5 1.48326E-5 1.2395E-5 1.11107E-5 1.00979E-5 9.98014E-6 1.02116E-5 1.06098E-5 1.29686E-5 1.91911E-5 1.66348E-5 1.52373E-5 1.19291E-5 8.8484E-6 7.85755E-6 8.93527E-6 9.72802E-6 1.00752E-5 7.83714E-6 7.63459E-6 6.92303E-6 7.01242E-6 6.09308E-6 4.73736E-6 3.90936E-6 4.09474E-6 5.10723E-6 5.09502E-6 5.11358E-6 5.04966E-6 5.53297E-6 6.5352E-6 6.01959E-6 5.17932E-6 4.69684E-6 5.19289E-6 6.00569E-6 7.02947E-6 7.19715E-6 7.5496E-6 8.16748E-6 9.22468E-6 1.11263E-5 1.24299E-5 1.27239E-5 1.38422E-5 1.32067E-5 1.42194E-5 1.86333E-5 2.12424E-5 2.45393E-5 2.89734E-5 3.69967E-5 3.44796E-5 3.3E-5 3.47989E-5 3.27306E-5 3.63652E-5 3.58237E-5 3.42469E-5
1.55242E-5 1.4433E-5 1.28427E-5 1.30793E-5 1.21042E-5 9.84251E-6 9.34269E-6 9.23385E-6 1.0161E-5 1.15982E-5 1.3752E-5 1.32907E-5 1.20514E-5 1.43772E-5 1.26825E-5 1.13618E-5 9.8597E-6 1.01448E-5 1.63624E-5 1.1495E-5 9.30051E-6 1.19771E-5 9.1787E-6 8.71901E-6 7.25485E-6 6.01459E-6 6.65269E-6 7.2499E-6 7.42563E-6 7.20017E-6 7.36414E-6 6.3074E-6 6.56676E-6 7.87672E-6 5.75839E-6 5.55054E-6 5.58075E-6 6.45707E-6 8.13214E-6 8.66378E-6 9.20436E-6 9.53845E-6 1.13304E-5 1.31118E-5 1.56115E-5 1.75332E-5 1.7132E-5 1.74369E-5 1.81726E-5 1.94468E-5 2.58905E-5 3.16018E-5 3.2332E-5 3.27072E-5 3.97494E-5 3.84807E-5 4.10496E-5 4.01749E-5 3.98916E-5 4.18434E-5 3.99781E-5
1.3567E-5 1.33218E-5 1.34723E-5 1.2714E-5 1.27092E-5 1.02764E-5 9.25392E-6 9.48838E-6 1.02065E-5 1.12558E-5 1.13703E-5 1.17248E-5 1.29822E-5 1.44116E-5 1.30583E-5 1.23169E-5 1.19403E-5 1.17179E-5 1.29031E-5 1.50227E-5 1.21217E-5 1.51734E-5 1.30398E-5 1.19458E-5 1.21861E-5 1.08788E-5 8.13642E-6 8.88134E-6 9.43681E-6 1.03737E-5 1.07965E-5 8.60418E-6 7.27081E-6 1.00908E-5 6.91401E-6 7.35518E-6 6.93508E-6 7.75332E-6 9.16104E-6 1.2748E-5 1.184E-5 1.17935E-5 1.35719E-5 1.48862E-5 1.71968E-5 2.00658E-5 2.22027E-5 1.97375E-5 2.11099E-5 2.50439E-5 2.73839E-5 3.17473E-5 3.41613E-5 3.48928E-5 3.7082E-5 4.16195E-5 4.50785E-5 3.75731E-5 3.96075E-5 4.14369E-5 4.6306E-5
1.46573E-5 1.34539E-5 1.35339E-5 1.31288E-5 1.2566E-5 1.02795E-5 9.0246E-6 8.51342E-6 9.78415E-6 9.404E-6 9.65592E-6 9.92147E-6 1.08063E-5 1.32081E-5 1.36903E-5 1.42069E-5 1.43437E-5 1.36283E-5 1.36138E-5 1.60416E-5 1.6284E-5 1.84849E-5 1.60759E-5 1.64107E-5 1.62483E-5 1.39394E-5 1.18806E-5 1.20511E-5 1.26237E-5 1.32405E-5 1.34956E-5 1.1833E-5 8.83004E-6 1.03431E-5 9.23717E-6 1.07634E-5 1.12967E-5 1.18308E-5 1.27244E-5 1.40676E-5 1.39292E-5 1.62626E-5 1.87562E-5 1.96183E-5 2.07857E-5 2.01255E-5 2.22668E-5 2.8476E-5 2.89887E-5 2.97784E-5 3.00519E-5 3.35515E-5 3.48002E-5 3.38295E-5 3.78982E-5 4.19869E-5 4.9274E-5 4.3398E-5 4.4578E-5 4.46566E-5 5.40906E-5
1.756E-5 1.77399E-5 1.66918E-5 1.55184E-5 1.44481E-5 1.10071E-5 9.93115E-6 9.04014E-6 9.62503E-6 9.58505E-6 9.89141E-6 1.02362E-5 1.13161E-5 1.39518E-5 1.48503E-5 1.44223E-5 1.54369E-5 1.49609E-5 1.53851E-5 1.86338E-5 1.75208E-5 1.95664E-5 1.88953E-5 1.6946E-5 1.58447E-5 1.51243E-5 1.59416E-5 1.6053E-5 1.67571E-5 1.95048E-5 1.82703E-5 1.43615E-5 1.22992E-5 1.27415E-5 1.81338E-5 2.02796E-5 2.21648E-5 2.59111E-5 2.25141E-5 1.96105E-5 2.16449E-5 2.01829E-5 2.02769E-5 2.14383E-5 2.28774E-5 2.60896E-5 3.11909E-5 3.77693E-5 3.6897E-5 4.14642E-5 4.02384E-5 4.02956E-5 4.76489E-5 4.8921E-5 5.39561E-5 5.54511E-5 5.37134E-5 5.11188E-5 5.03348E-5 4.94914E-5 4.97136E-5
1.74142E-5 1.9387E-5 1.68308E-5 1.66737E-5 1.45873E-5 1.20449E-5 1.08119E-5 1.15376E-5 1.07253E-5 1.18358E-5 1.36513E-5 1.40178E-5 1.45027E-5 1.50826E-5 1.56464E-5 1.57049E-5 1.63783E-5 1.7442E-5 1.88902E-5 1.96458E-5 2.24029E-5 2.01053E-5 1.84982E-5 1.76489E-5 1.60496E-5 1.64359E-5 1.85566E-5 2.11729E-5 2.11824E-5 2.421E-5 2.33641E-5 2.10087E-5 2.03211E-5 2.16226E-5 2.7726E-5 4.05455E-5 4.18441E-5 4.68037E-5 4.53744E-5 3.3304E-5 3.09168E-5 3.0133E-5 2.45335E-5 2.64361E-5 2.99271E-5 3.24908E-5 3.85854E-5 4.56319E-5 4.42578E-5 4.85652E-5 5.96273E-5 5.77803E-5 5.8994E-5 6.19428E-5 7.01759E-5 6.89016E-5 5.97526E-5 5.52655E-5 5.67176E-5 5.62651E-5 5.64226E-5
1.51701E-5 1.81948E-5 1.80721E-5 1.88933E-5 1.62337E-5 1.33873E-5 1.31946E-5 1.33133E-5 1.56103E-5 1.78737E-5 2.11474E-5 1.87373E-5 1.92849E-5 1.8507E-5 1.84985E-5 2.08146E-5 1.94406E-5 2.18838E-5 2.32885E-5 1.98385E-5 2.53211E-5 3.00827E-5 2.15582E-5 1.85645E-5 1.74642E-5 1.85879E-5 2.15915E-5 2.24933E-5 2.1992E-5 2.31024E-5 2.36642E-5 2.23523E-5 2.40054E-5 2.69266E-5 3.23675E-5 4.18016E-5 6.36845E-5 1.17712E-4 1.35857E-4 6.36857E-5 4.95197E-5 4.24768E-5 3.44755E-5 3.44974E-5 3.99692E-5 4.58275E-5 5.12679E-5 5.84085E-5 6.40177E-5 7.13793E-5 7.7848E-5 8.20605E-5 7.67451E-5 7.20003E-5 6.79075E-5 6.85051E-5 7.06348E-5 7.06927E-5 7.06511E-5 6.62686E-5 7.26259E-5
1.36859E-5 1.57341E-5 1.92751E-5 1.9836E-5 1.59431E-5 1.39131E-5 1.47103E-5 1.84204E-5 1.91551E-5 2.13722E-5 2.3598E-5 2.26257E-5 1.95472E-5 1.84779E-5 1.95367E-5 2.0427E-5 1.83824E-5 1.63659E-5 2.11889E-5 2.34979E-5 2.68244E-5 3.46285E-5 2.49573E-5 1.88741E-5 1.87404E-5 1.98664E-5 2.27027E-5 2.404E-5 2.50413E-5 2.80465E-5 2.70041E-5 2.99684E-5 3.09016E-5 3.18903E-5 3.4704E-5 4.95261E-5 6.75978E-5 1.41115E-4 2.52425E-4 1.13902E-4 7.217E-5 5.28969E-5 4.5205E-5 4.45706E-5 5.3492E-5 5.86778E-5 6.19621E-5 6.60339E-5 7.28774E-5 8.27809E-5 1.01856E-4 8.85749E-5 8.17873E-5 8.03323E-5 7.84455E-5 7.78873E-5 8.0403E-5 8.31566E-5 8.21511E-5 8.37071E-5 1.1644E-4
1.35964E-5 1.43035E-5 1.51631E-5 1.52965E-5 1.71056E-5 1.62614E-5 1.79243E-5 2.20624E-5 2.65442E-5 2.7169E-5 2.37273E-5 2.28227E-5 2.02862E-5 1.87643E-5 1.6864E-5 2.17188E-5 2.1911E-5 1.86757E-5 2.02341E-5 2.45938E-5 2.75974E-5 3.04871E-5 2.79634E-5 2.24968E-5 2.0795E-5 2.13679E-5 2.40335E-5 2.61358E-5 2.89149E-5 2.86162E-5 3.03203E-5 3.71452E-5 3.89188E-5 3.78069E-5 3.67165E-5 4.59764E-5 6.20439E-5 9.37755E-5 1.20226E-4 9.2108E-5 6.55519E-5 6.19663E-5 5.1464E-5 5.49581E-5 5.85153E-5 6.57308E-5 7.85343E-5 7.77508E-5 8.00241E-5 9.74266E-5 1.25006E-4 1.25854E-4 1.06508E-4 1.00908E-4 9.95436E-5 9.63529E-5 1.07533E-4 1.01329E-4 1.05529E-4 1.078E-4 1.61668E-4
1.28897E-5 1.44351E-5 1.45968E-5 1.52814E-5 1.45668E-5 1.61746E-5 2.21311E-5 2.83718E-5 2.72164E-5 2.72834E-5 2.60062E-5 2.55809E-5 2.17808E-5 1.98407E-5 1.82422E-5 2.45176E-5 2.69301E-5 2.48144E-5 2.24364E-5 2.44298E-5 2.62413E-5 2.98582E-5 3.64338E-5 2.50686E-5 2.28682E-5 2.42045E-5 2.50947E-5 2.94877E-5 2.87362E-5 2.93054E-5 3.21445E-5 3.74239E-5 4.42833E-5 4.37351E-5 4.34042E-5 4.47055E-5 5.05135E-5 6.70845E-5 7.72616E-5 7.32679E-5 6.65516E-5 6.68168E-5 6.99563E-5 7.15479E-5 7.13894E-5 7.95958E-5 9.02757E-5 9.62156E-5 1.08094E-4 1.19581E-4 1.50055E-4 1.49235E-4 1.35658E-4 1.28707E-4 1.17629E-4 1.27834E-4 1.44701E-4 1.39635E-4 1.50006E-4 1.69559E-4 2.1845E-4
1.49348E-5 1.52286E-5 1.45105E-5 1.449E-5 1.63425E-5 1.86386E-5 2.2874E-5 2.31855E-5 2.55367E-5 2.62264E-5 2.45448E-5 2.67817E-5 2.22885E-5 2.13929E-5 2.11983E-5 2.47675E-5 3.19515E-5 3.55995E-5 3.04133E-5 2.59624E-5 2.92761E-5 3.63336E-5 3.69693E-5 3.04049E-5 2.78091E-5 2.79837E-5 2.88941E-5 3.22865E-5 3.46294E-5 3.62595E-5 4.04196E-5 4.31941E-5 4.77451E-5 5.78025E-5 5.7838E-5 6.28912E-5 6.24946E-5 6.72063E-5 7.07027E-5 6.8014E-5 6.74857E-5 7.17537E-5 7.45314E-5 7.97741E-5 8.708E-5 9.83468E-5 1.02226E-4 1.05381E-4 1.30267E-4 1.45329E-4 1.82836E-4 1.53986E-4 1.4626E-4 1.38983E-4 1.3348E-4 1.48036E-4 1.70346E-4 1.93853E-4 2.12496E-4 2.42947E-4 2.19938E-4
1.42109E-5 1.29939E-5 1.38916E-5 1.3983E-5 1.41652E-5 1.55475E-5 1.90909E-5 2.13041E-5 2.36875E-5 2.33916E-5 2.1427E-5 2.10188E-5 2.18573E-5 2.33064E-5 2.33026E-5 2.53321E-5 2.93613E-5 3.419E-5 3.77143E-5 3.38776E-5 3.47046E-5 3.92498E-5 4.37558E-5 3.95132E-5 3.46445E-5 3.37823E-5 3.82672E-5 3.81618E-5 4.34342E-5 4.7685E-5 5.52251E-5 5.94854E-5 6.05185E-5 6.90091E-5 7.84224E-5 8.92907E-5 9.10135E-5 9.2341E-5 8.40739E-5 8.47217E-5 9.60338E-5 8.94752E-5 9.28118E-5 9.15673E-5 9.69626E-5 1.135E-4 1.309E-4 1.39709E-4 1.61031E-4 1.6324E-4 1.77379E-4 1.71783E-4 1.60016E-4 1.62741E-4 1.75415E-4 2.02153E-4 2.16625E-4 2.57409E-4 2.69245E-4 2.7967E-4 2.4676E-4
