data/maxent/outputs/red_1.asc
ncols         426
nrows         180
xllcorner     -130.0
yllcorner     24.0
cellsize      0.16666666666666666
NODATA_value  -9999
[rows 108 to 134 of 180, columns 61 to 121 of 426]
7.60469E-2 1.3991E-1 8.41022E-2 1.39605E-1 2.02066E-1 3.87324E-1 6.21105E-1 2.41045E-1 1.80143E-1 7.13192E-2 9.36189E-2 4.98083E-1 2.39295E-1 3.27003E-1 2.56616E-1 2.59852E-1 2.44438E-1 3.51196E-1 4.20354E-1 4.14822E-1 2.24509E-1 7.12095E-2 1.13865E-1 3.88623E-2 2.93656E-2 6.30613E-2 5.68492E-2 7.55027E-2 1.62627E-1 2.37723E-1 4.51814E-1 3.40913E-1 2.00537E-1 1.62373E-1 8.99252E-2 3.11601E-2 5.60876E-2 5.85976E-2 3.68951E-2 4.59515E-2 6.11631E-3 9.03826E-4 3.80126E-4 3.72867E-4 4.37366E-4 5.15789E-4 6.87225E-4 2.06346E-3 1.5159E-3 1.95502E-3 1.90498E-3 8.25337E-4 6.42316E-4 6.40141E-4 5.38695E-4 7.8845E-4 5.58721E-4 6.51068E-4 7.51775E-4 1.65583E-3 4.35519E-4
1.18283E-1 1.12217E-1 9.86068E-2 1.60966E-1 2.13671E-1 4.20508E-1 3.94721E-1 3.3299E-1 5.42968E-1 3.45816E-1 3.3974E-1 5.45841E-1 2.50078E-2 5.85924E-2 2.21291E-1 2.19558E-1 2.49265E-1 2.22707E-1 2.229E-1 2.7257E-1 3.18293E-1 2.18747E-1 1.72192E-1 1.19012E-1 8.0364E-2 3.35374E-2 6.97781E-2 8.07375E-2 2.06298E-1 2.30732E-1 5.73135E-1 4.04332E-1 1.54158E-1 1.39226E-1 7.66737E-2 5.58127E-2 2.56284E-2 4.3056E-2 5.59303E-2 3.6072E-2 5.70997E-3 1.65498E-3 7.44229E-4 2.91374E-4 3.14221E-4 2.38591E-4 2.98881E-4 4.37983E-4 6.47212E-4 1.33675E-3 1.28692E-3 9.17598E-4 8.26772E-4 6.12102E-4 5.0598E-4 3.30183E-4 2.78908E-4 8.03751E-4 6.37043E-4 5.70232E-4 5.005E-4
3.7172E-1 1.71278E-1 1.56828E-1 1.53759E-1 2.39357E-1 4.943E-1 4.8073E-1 5.04228E-1 5.05849E-1 4.98724E-1 3.42714E-1 4.16577E-1 1.65989E-1 1.18575E-1 1.00595E-1 1.52443E-1 1.72732E-1 1.93376E-1 1.64378E-1 2.33736E-1 3.19073E-1 2.06587E-1 1.18988E-1 1.35196E-1 7.29381E-2 8.18214E-2 6.95353E-2 1.18457E-1 1.3132E-1 2.21962E-1 5.91523E-1 5.59029E-1 1.59106E-1 1.50449E-1 6.06887E-2 3.3084E-2 3.74892E-2 7.41368E-3 8.7749E-3 2.60966E-3 2.62034E-3 1.70581E-3 1.50971E-3 6.46241E-4 4.6039E-4 4.76207E-4 6.19637E-4 7.63497E-4 1.19696E-3 2.15398E-3 2.04288E-3 1.01372E-3 7.42045E-4 5.33766E-4 4.22296E-4 4.24792E-4 6.27786E-4 8.42963E-4 4.61724E-4 2.8271E-4 4.11865E-4
3.10362E-1 2.20809E-1 1.16395E-1 8.80722E-2 2.78589E-1 3.26878E-1 8.07245E-1 5.5408E-1 3.95081E-1 3.33162E-1 6.15187E-1 3.96823E-1 2.79281E-1 2.79584E-1 1.28398E-1 1.86521E-1 2.08844E-1 1.24262E-1 1.5116E-1 1.58852E-1 1.66793E-1 2.65654E-1 1.58748E-1 1.616E-1 8.45965E-2 6.74397E-2 9.18195E-2 1.19933E-1 1.6103E-1 2.87098E-1 4.84258E-1 6.09736E-1 2.83699E-1 1.58924E-1 1.38939E-1 3.39131E-2 4.63578E-2 1.06823E-2 6.22885E-3 1.54642E-3 1.24896E-3 2.63966E-3 3.55625E-3 1.58716E-3 2.40318E-3 2.03377E-3 1.69917E-3 1.72747E-3 2.42515E-3 2.60718E-3 2.42507E-3 2.36316E-3 1.05912E-3 4.66479E-4 3.11857E-4 4.35204E-4 1.23329E-3 1.52344E-3 1.05928E-3 3.63989E-4 3.98182E-4
1.7458E-1 2.85816E-1 3.36398E-1 8.5418E-2 1.70844E-1 1.99246E-1 8.32292E-1 6.63813E-1 5.7554E-1 4.76929E-1 5.4783E-1 1.03243E-1 1.32179E-1 5.45406E-2 5.31777E-2 1.01322E-1 2.86198E-2 6.3717E-2 1.55261E-1 1.37864E-1 8.50258E-2 2.29357E-1 1.01551E-1 1.01899E-1 1.54907E-1 1.27728E-1 1.15775E-1 1.51077E-1 2.02075E-1 3.34118E-1 4.37953E-1 7.02995E-1 4.71953E-1 2.07145E-1 2.03977E-1 5.57551E-2 6.01808E-2 3.94688E-2 6.33171E-3 2.51048E-3 3.57169E-3 1.40097E-3 4.8508E-3 1.61759E-3 4.51036E-3 7.24812E-3 2.5737E-3 7.07407E-4 1.74882E-3 3.15079E-3 2.35712E-3 4.64526E-3 3.12871E-3 5.8919E-4 2.35606E-4 5.10546E-4 8.5102E-4 1.37489E-3 6.78099E-4 4.67178E-4 3.37189E-4
1.34446E-1 1.12113E-1 4.43631E-1 4.13653E-1 4.52924E-1 5.04309E-1 7.80834E-1 4.24873E-1 4.00312E-1 6.62113E-1 2.1358E-1 4.01813E-2 2.56374E-2 3.13077E-2 1.95379E-2 1.87359E-2 5.14641E-2 1.29544E-1 5.69547E-2 8.65568E-2 8.31744E-2 1.00554E-1 4.17932E-2 8.98521E-2 2.24915E-1 2.23259E-1 2.39627E-1 2.92874E-1 2.53869E-1 3.67369E-1 5.65176E-1 6.1141E-1 6.5521E-1 3.12474E-1 3.57149E-1 1.72482E-1 1.00451E-1 8.8953E-2 3.55806E-2 5.8633E-3 3.72963E-3 6.9013E-3 2.36416E-3 5.51879E-3 4.71997E-3 1.94214E-2 1.05808E-2 7.79318E-3 4.10792E-3 2.37974E-3 2.61439E-3 6.802E-3 4.46224E-3 1.5809E-3 5.11777E-4 3.53443E-4 3.96911E-4 6.46678E-4 4.04437E-4 8.40913E-4 5.65205E-4
3.72917E-1 2.01325E-1 2.68852E-1 4.18803E-1 4.54524E-1 6.34415E-1 6.12815E-1 5.51588E-1 6.85181E-1 6.43201E-1 1.7258E-1 3.02563E-2 1.65306E-2 2.33331E-2 1.92392E-2 1.40732E-2 2.72003E-2 7.66633E-2 8.69786E-2 4.77604E-2 1.95676E-1 2.20909E-1 2.22524E-1 1.27175E-1 7.57423E-2 3.45507E-1 3.62805E-1 3.31271E-1 3.40194E-1 4.49633E-1 6.27318E-1 3.76414E-1 7.43059E-1 5.29785E-1 3.43837E-1 2.23246E-1 2.40759E-1 2.18278E-1 5.79675E-2 3.38408E-2 7.83186E-3 2.81298E-2 3.71273E-3 2.36999E-3 8.18148E-3 1.85633E-2 6.45893E-2 7.94798E-2 5.4124E-2 8.06146E-3 2.3003E-3 3.24727E-3 4.34804E-3 2.9124E-3 1.31951E-3 8.57237E-4 4.67372E-4 5.81984E-4 3.88969E-4 5.13227E-4 4.43636E-4
5.36552E-1 4.49107E-1 2.59887E-1 2.58402E-1 1.39445E-1 4.01085E-1 6.49636E-1 6.53773E-1 7.79578E-1 3.98662E-1 8.19022E-2 2.2914E-2 3.35043E-2 3.46665E-2 1.33027E-2 3.51654E-2 1.34664E-1 3.22055E-1 6.47984E-1 3.1964E-1 1.50125E-1 2.09531E-1 2.39369E-1 3.02448E-1 4.46599E-1 4.48259E-1 4.77815E-1 2.24091E-1 4.50016E-1 3.50685E-1 6.41058E-1 6.18022E-1 6.38337E-1 5.41808E-1 2.91854E-1 3.66372E-1 3.9162E-1 2.72912E-1 2.09149E-1 8.22343E-2 2.23807E-2 3.00788E-2 9.00167E-3 5.47734E-3 5.13792E-3 2.29523E-2 5.38159E-2 4.73937E-2 6.49497E-2 1.72512E-2 5.25137E-3 1.3752E-3 2.31556E-3 4.00229E-3 1.88646E-3 1.12889E-3 9.19967E-4 6.03938E-4 4.64715E-4 3.65461E-4 3.19336E-4
7.86126E-1 7.0105E-1 5.71382E-1 5.35652E-1 4.86288E-1 6.88275E-1 8.82224E-1 9.18649E-1 8.16771E-1 6.93544E-1 3.18986E-1 1.10957E-1 4.81868E-2 3.97501E-2 2.00421E-2 6.35735E-2 3.67433E-1 3.11745E-1 4.48169E-1 4.69368E-1 3.64364E-1 3.36617E-1 3.63779E-1 2.72743E-1 4.94581E-1 4.26492E-1 3.7004E-1 4.59729E-1 3.77226E-1 3.82712E-1 3.18013E-1 7.01687E-1 7.49343E-1 7.05019E-1 3.99744E-1 1.92492E-1 4.91016E-1 5.8547E-1 5.31067E-1 3.5934E-1 2.18472E-1 7.8301E-2 1.99517E-2 2.67751E-2 1.8538E-2 1.9028E-2 4.60352E-2 3.72192E-2 4.48744E-2 2.17885E-2 3.99461E-3 2.32826E-3 3.66836E-3 3.99835E-3 3.5932E-3 2.51554E-3 7.47023E-4 7.75107E-4 5.70825E-4 7.98036E-4 7.05672E-4
6.65001E-1 9.07078E-1 9.13402E-1 9.03276E-1 8.73551E-1 7.18123E-1 8.05593E-1 8.69859E-1 9.21979E-1 7.29283E-1 5.28098E-1 3.87978E-1 2.7872E-1 1.54501E-1 1.0636E-1 1.41317E-1 2.82667E-1 2.2854E-1 2.62691E-1 1.40462E-1 2.00049E-1 2.16391E-1 3.91939E-1 3.58145E-1 3.09417E-1 1.7475E-1 2.25774E-1 4.25531E-1 4.24433E-1 4.75185E-1 5.63115E-1 4.10426E-1 7.30005E-1 8.02166E-1 7.53179E-1 5.53106E-1 6.49391E-1 6.97312E-1 6.75676E-1 6.66794E-1 5.19914E-1 6.73478E-2 2.8994E-2 2.5524E-2 5.31532E-2 4.37677E-2 3.31276E-2 6.75498E-2 7.71806E-2 3.80017E-2 1.96033E-2 1.09885E-2 9.41567E-3 6.58734E-3 4.08479E-3 2.83264E-3 3.35786E-3 2.38953E-3 1.28589E-3 2.48217E-3 3.16341E-3
-9999 -9999 8.86481E-1 5.10755E-1 4.89464E-1 6.43044E-1 6.26401E-1 9.27542E-1 9.75885E-1 9.49073E-1 8.4657E-1 8.04592E-1 6.07816E-1 3.28393E-1 7.12404E-1 5.83756E-1 1.97038E-1 1.10711E-1 1.26652E-1 4.29565E-1 2.83673E-1 6.68712E-2 5.80856E-2 1.5717E-1 3.70315E-1 2.32229E-1 1.45126E-1 3.06256E-1 2.59721E-1 6.5526E-1 7.09819E-1 6.51879E-1 8.20386E-1 8.70526E-1 8.19893E-1 6.52127E-1 7.00615E-1 6.54038E-1 3.39654E-1 4.04323E-1 2.86757E-1 1.57614E-1 1.20422E-1 4.15219E-2 7.34588E-2 1.24872E-1 9.56011E-2 8.61393E-2 2.02213E-1 8.38556E-2 1.73822E-2 1.5038E-2 2.0959E-2 1.33612E-2 8.63212E-3 9.66497E-3 9.47342E-3 9.79572E-3 6.92705E-3 5.73838E-3 6.00539E-3
9.04497E-1 7.52297E-1 6.31163E-1 8.12455E-1 5.18377E-1 6.89098E-1 6.80695E-1 9.39507E-1 9.0245E-1 9.93392E-1 9.87222E-1 9.83252E-1 9.38517E-1 9.48979E-1 9.7012E-1 9.43212E-1 7.5619E-1 1.76094E-1 1.68929E-1 7.14166E-1 5.72178E-1 4.25052E-1 4.92741E-1 3.64452E-1 1.99123E-1 3.26496E-1 3.73276E-1 3.58791E-1 3.63364E-1 3.39278E-1 4.40026E-1 6.87349E-1 3.47275E-1 3.05457E-1 2.29697E-1 2.238E-1 3.78736E-1 2.85482E-1 6.17585E-1 4.25706E-1 1.44288E-1 1.13534E-1 2.03852E-1 3.5196E-1 4.14982E-1 5.57969E-1 5.71487E-1 1.49396E-1 3.18526E-1 2.48404E-1 7.54177E-2 7.28111E-2 1.3034E-2 9.73974E-3 1.246E-2 1.07768E-2 1.42213E-2 1.60862E-2 1.60433E-2 1.12755E-2 1.01742E-2
8.99424E-1 8.43649E-1 -9999 -9999 -9999 -9999 -9999 -9999 8.46513E-1 9.92284E-1 9.94252E-1 9.88198E-1 9.59819E-1 9.60441E-1 9.53087E-1 7.97243E-1 6.20307E-1 6.5261E-1 7.86739E-1 9.78062E-1 8.00915E-1 9.11538E-1 7.18386E-1 5.79163E-1 2.7941E-1 4.31451E-1 4.78858E-1 4.80355E-1 6.32434E-1 6.2653E-1 4.54738E-1 7.35383E-1 2.237E-1 1.91376E-1 2.77613E-1 1.58057E-1 2.58836E-1 4.94275E-1 2.09094E-1 2.10668E-1 1.29009E-1 1.95876E-1 3.98558E-1 5.22559E-1 7.93791E-1 9.13736E-1 7.53798E-1 3.89566E-1 3.76794E-1 4.87137E-1 1.56426E-1 1.55203E-1 3.39854E-2 3.37243E-2 1.97394E-2 2.64684E-2 2.12504E-2 9.45091E-3 1.55543E-2 1.71642E-2 1.96859E-2
-9999 -9999 -9999 -9999 -9999 -9999 -9999 -9999 9.59418E-1 9.30938E-1 9.1792E-1 9.95226E-1 9.79892E-1 9.41762E-1 9.04883E-1 5.39128E-1 4.28488E-1 5.48511E-1 3.65392E-1 7.95986E-1 9.48383E-1 8.59382E-1 8.46551E-1 6.15656E-1 4.01163E-1 4.4742E-1 4.84163E-1 2.42238E-1 7.31846E-1 7.58977E-1 5.6767E-1 6.76543E-1 3.66319E-1 2.92714E-1 6.34481E-1 1.90513E-1 3.83923E-1 2.75716E-1 6.65066E-1 6.57775E-1 5.26302E-1 3.63134E-1 2.99468E-1 3.11026E-1 6.01972E-1 8.1871E-1 8.11117E-1 6.05888E-1 5.59176E-1 7.4721E-1 2.81869E-1 3.96763E-1 3.89382E-1 1.86463E-1 2.12394E-1 9.4561E-2 3.99343E-2 1.62499E-2 9.51192E-3 9.45056E-3 1.29073E-2
-9999 -9999 -9999 -9999 -9999 -9999 -9999 -9999 -9999 -9999 9.71782E-1 9.3762E-1 9.83756E-1 9.61962E-1 9.23598E-1 8.66596E-1 6.66669E-1 4.47015E-1 2.94933E-1 3.77009E-1 5.51588E-1 9.55786E-1 4.98637E-1 8.53221E-1 7.61634E-1 4.14875E-1 4.99226E-1 6.3121E-1 4.47846E-1 3.99677E-1 4.11252E-1 2.07562E-1 7.56932E-1 5.00327E-1 6.71494E-1 6.2457E-1 1.88507E-1 1.50957E-1 1.57545E-1 1.62575E-1 5.96474E-1 5.42816E-1 3.32068E-1 8.25881E-1 3.6624E-1 5.95775E-1 8.38334E-1 8.03975E-1 8.99903E-1 8.06414E-1 9.11647E-1 6.34727E-1 4.45462E-1 4.30217E-1 1.48849E-1 1.17646E-1 9.668E-2 4.08473E-2 1.31338E-2 5.34179E-3 8.06104E-3
-9999 -9999 -9999 -9999 2.4387E-1 -9999 -9999 5.31642E-1 9.47473E-1 3.25769E-1 -9999 -9999 9.90362E-1 9.77907E-1 9.77921E-1 9.58915E-1 9.47421E-1 6.91228E-1 3.90456E-1 4.96973E-1 9.62698E-1 9.89606E-1 9.18917E-1 6.03727E-1 6.92032E-1 7.69037E-1 6.34635E-1 5.50961E-1 5.93391E-1 6.56977E-1 4.05407E-1 5.17219E-1 7.42974E-1 2.38189E-1 6.19098E-1 6.38497E-1 6.2977E-1 3.79559E-1 4.52093E-1 4.23659E-1 2.63422E-1 3.38853E-1 1.77589E-1 1.79109E-1 1.98076E-1 2.70855E-1 6.90009E-1 7.30384E-1 7.12365E-1 8.46493E-1 9.19073E-1 6.7632E-1 2.87634E-1 2.35628E-1 2.35875E-1 1.52294E-1 1.07863E-1 4.15728E-2 2.11487E-2 1.49742E-2 3.08067E-3
-9999 7.72772E-1 8.26898E-1 -9999 -9999 -9999 -9999 -9999 5.85635E-1 9.14282E-1 -9999 -9999 -9999 -9999 9.82159E-1 9.7134E-1 9.57634E-1 8.1636E-1 3.08136E-1 3.61478E-1 9.94005E-1 9.75637E-1 9.85468E-1 7.6539E-1 4.79761E-1 3.56962E-1 3.19452E-1 6.13522E-1 4.40052E-1 5.40471E-1 6.63265E-1 7.60567E-1 7.58531E-1 6.46517E-1 6.40223E-1 7.82616E-1 6.38345E-1 4.84676E-1 4.05643E-1 6.10875E-1 5.47582E-1 4.62782E-1 2.90187E-1 4.18903E-1 2.94043E-1 6.79536E-1 3.47576E-1 2.91802E-1 3.02008E-1 2.26054E-1 5.38813E-1 9.61175E-1 7.5194E-1 3.59688E-1 2.14277E-1 2.47622E-1 1.14066E-1 8.48071E-2 5.20698E-2 5.87776E-3 8.02468E-3
-9999 -9999 -9999 -9999 -9999 -9999 -9999 4.12471E-1 -9999 -9999 -9999 -9999 -9999 -9999 9.81008E-1 9.89534E-1 9.76527E-1 8.85563E-1 6.84111E-1 4.96793E-1 8.42723E-1 9.98213E-1 9.91455E-1 5.39251E-1 6.65359E-1 1.69808E-1 7.17723E-2 1.79742E-1 3.18791E-1 6.90188E-1 8.04868E-1 8.20397E-1 7.23413E-1 7.16792E-1 7.84411E-1 5.05731E-1 5.55279E-1 5.49693E-1 2.65887E-1 2.73949E-1 4.37947E-1 4.0088E-1 4.42076E-1 5.97407E-1 4.59324E-1 2.89408E-1 1.48109E-1 9.95279E-2 2.61929E-1 1.88778E-1 2.28989E-1 8.80503E-1 9.10688E-1 8.39745E-1 7.34076E-1 4.60266E-1 2.10747E-1 1.58255E-1 5.00712E-2 4.88145E-2 4.06671E-2
-9999 -9999 -9999 -9999 -9999 -9999 -9999 4.98593E-1 9.29969E-1 -9999 -9999 -9999 -9999 -9999 -9999 9.93197E-1 9.81641E-1 9.81393E-1 9.34752E-1 3.76057E-1 6.28059E-1 9.99823E-1 9.93992E-1 8.2342E-1 5.01305E-1 1.44944E-1 5.64347E-2 7.33352E-2 8.1583E-2 2.00664E-1 7.07482E-1 8.16668E-1 6.58417E-1 5.65388E-1 7.24073E-1 5.28933E-1 1.89189E-1 1.51951E-1 9.59491E-2 1.83307E-1 2.4961E-1 9.31194E-2 1.85815E-1 3.96885E-1 7.03266E-1 3.33235E-1 1.94474E-1 5.83541E-2 1.27464E-1 6.2737E-2 1.7493E-1 5.96391E-1 6.00024E-1 4.73426E-1 4.96062E-1 4.33109E-1 1.82354E-1 1.47928E-1 6.6579E-2 1.06191E-2 2.25457E-2
-9999 -9999 -9999 -9999 -9999 -9999 -9999 -9999 8.29124E-1 -9999 -9999 -9999 -9999 -9999 -9999 9.82883E-1 9.94847E-1 9.87702E-1 9.38992E-1 6.58768E-1 4.62191E-1 7.93404E-1 9.9206E-1 9.16744E-1 2.75076E-1 5.32317E-2 5.43851E-2 4.94114E-2 5.67579E-2 9.25123E-2 4.07486E-1 3.4488E-1 6.05895E-1 7.80041E-1 3.15757E-1 9.09277E-2 1.92306E-1 1.35437E-1 1.65804E-1 1.4047E-1 1.05612E-1 1.23355E-1 4.35294E-1 5.62973E-1 7.2884E-1 2.80514E-1 6.34268E-1 1.11132E-1 6.69427E-2 5.06172E-2 3.33809E-1 3.40786E-1 6.13391E-1 4.24203E-1 3.57329E-1 3.18406E-1 1.91946E-1 6.56393E-2 8.21001E-2 7.11751E-2 2.09533E-2
-9999 -9999 -9999 -9999 -9999 -9999 -9999 -9999 -9999 -9999 -9999 -9999 -9999 -9999 -9999 -9999 9.92203E-1 9.92819E-1 9.70559E-1 8.68542E-1 3.79252E-1 3.32132E-1 5.82667E-1 9.24467E-1 6.46023E-1 3.74348E-1 1.68762E-1 4.73056E-2 2.88226E-2 2.32949E-2 1.02746E-1 2.00521E-1 3.83287E-1 6.30021E-1 2.29712E-1 2.14994E-1 1.604E-1 2.45581E-1 1.79369E-1 2.14508E-1 3.97439E-1 2.74305E-1 5.2817E-1 5.64818E-1 4.93656E-1 1.52405E-1 2.53424E-1 1.64652E-1 1.39646E-1 8.68058E-2 1.60042E-1 2.32152E-1 6.98811E-1 2.98507E-1 2.69553E-1 2.04064E-1 1.78506E-1 8.62511E-2 1.34064E-2 3.2838E-2 5.372E-2
-9999 -9999 -9999 -9999 -9999 -9999 -9999 -9999 -9999 -9999 -9999 -9999 -9999 -9999 -9999 8.52803E-1 9.88411E-1 9.84385E-1 9.63114E-1 9.2852E-1 6.57105E-1 2.95198E-1 2.07686E-1 5.16174E-1 6.3168E-1 6.33302E-1 6.74177E-1 6.34561E-2 2.35114E-2 2.27237E-2 1.98099E-1 1.39847E-1 1.25029E-1 1.92209E-1 1.89508E-1 1.99898E-1 1.71439E-1 1.66957E-1 2.53496E-1 3.16484E-1 4.782E-1 5.79463E-1 3.80588E-1 4.32167E-1 2.98884E-1 1.65543E-1 2.01464E-1 1.53354E-1 8.37677E-2 3.14737E-1 3.04775E-1 7.26749E-2 4.21921E-1 5.66377E-1 1.37732E-1 2.19002E-1 7.63095E-2 1.135E-1 4.97902E-2 5.11887E-3 2.50945E-2
-9999 -9999 -9999 -9999 -9999 -9999 -9999 -9999 -9999 -9999 -9999 -9999 -9999 -9999 -9999 -9999 9.41304E-1 9.78585E-1 9.65905E-1 9.14012E-1 7.5554E-1 3.99295E-1 1.64592E-1 4.25992E-1 9.55475E-1 4.79741E-1 7.41659E-1 6.6038E-2 1.85477E-2 4.72683E-2 9.66486E-2 1.37359E-1 1.09249E-1 4.2618E-2 2.32716E-1 1.69783E-1 3.44653E-1 1.83343E-1 1.93899E-1 1.20552E-1 2.49938E-1 3.31945E-1 1.61789E-1 1.2631E-1 4.05389E-2 1.28219E-1 1.27642E-1 1.12482E-1 1.36349E-1 6.14253E-2 2.04379E-1 1.06267E-1 5.55867E-1 5.36536E-1 4.55755E-1 1.84941E-1 1.01526E-1 3.34686E-2 4.38076E-2 5.06084E-3 7.40237E-3
-9999 -9999 -9999 -9999 -9999 -9999 -9999 -9999 -9999 -9999 -9999 -9999 -9999 -9999 -9999 -9999 -9999 9.26544E-1 9.53309E-1 9.40026E-1 8.29868E-1 5.01565E-1 2.78172E-1 1.8564E-1 9.62875E-1 7.02134E-1 5.73987E-1 1.91216E-1 3.67082E-2 4.63223E-2 1.15935E-1 4.81102E-2 7.91631E-2 7.83924E-2 2.79677E-2 8.2318E-2 2.84855E-1 1.22754E-1 1.38638E-1 2.54101E-1 1.36921E-1 3.5085E-1 2.2666E-1 1.18452E-1 2.51133E-2 1.20081E-1 2.03789E-1 2.43896E-1 2.35913E-1 1.03502E-1 1.14554E-1 5.9638E-2 1.44076E-1 1.52145E-1 1.46083E-1 2.34092E-1 9.11733E-2 2.29609E-2 5.59503E-2 5.62032E-3 2.40575E-3
-9999 -9999 -9999 -9999 -9999 -9999 -9999 -9999 -9999 -9999 -9999 -9999 -9999 -9999 -9999 -9999 -9999 5.92751E-1 9.2473E-1 9.77496E-1 8.83112E-1 3.86721E-1 3.1121E-1 1.98197E-1 7.95583E-1 9.92398E-1 7.48508E-1 2.50545E-1 1.35342E-1 1.03973E-1 1.13779E-1 8.33354E-2 6.48941E-2 9.49015E-2 4.23948E-2 1.9742E-2 3.10386E-2 2.41618E-1 2.31461E-1 1.26412E-1 3.00533E-1 2.13508E-1 1.16426E-1 1.46907E-1 9.55399E-2 4.48035E-2 3.48392E-2 7.07018E-2 9.65279E-2 3.25421E-1 5.27755E-2 2.40338E-1 2.36859E-1 7.6054E-2 2.2244E-1 8.39072E-2 8.55219E-2 7.4318E-3 3.25154E-2 6.20407E-2 4.25475E-3
-9999 -9999 -9999 -9999 -9999 -9999 -9999 -9999 -9999 -9999 -9999 -9999 -9999 -9999 -9999 -9999 -9999 -9999 8.28191E-1 9.17999E-1 9.33634E-1 7.12568E-1 3.47799E-1 2.20285E-1 3.82647E-1 9.16266E-1 9.07753E-1 3.96917E-1 2.83625E-1 1.31731E-1 1.16726E-1 1.22585E-1 1.2027E-1 7.03483E-2 3.95785E-2 2.24079E-2 3.35546E-2 2.12146E-1 4.28511E-1 9.33005E-2 1.3497E-1 2.75523E-1 1.74467E-1 8.34554E-2 4.04617E-2 4.22534E-2 3.12992E-2 3.27387E-2 4.45283E-2 2.51696E-1 4.18245E-2 9.62834E-2 6.06214E-2 1.64252E-1 9.72894E-2 2.84096E-2 1.17655E-1 1.09423E-2 2.96083E-2 5.82695E-2 9.29568E-3
-9999 -9999 -9999 -9999 -9999 -9999 -9999 -9999 -9999 -9999 -9999 -9999 -9999 -9999 -9999 -9999 -9999 -9999 8.99164E-1 9.87596E-1 9.64461E-1 8.42186E-1 4.967E-1 1.81502E-1 2.89382E-1 5.40448E-1 8.06754E-1 7.20496E-1 2.9009E-1 1.36071E-1 1.2116E-1 2.86288E-2 1.71076E-1 8.06594E-2 6.68775E-2 1.47123E-1 4.5433E-2 4.06204E-2 9.51699E-2 6.19119E-2 1.76244E-1 8.54336E-2 2.5066E-1 7.09723E-2 3.93744E-2 4.93631E-2 1.25413E-1 5.22822E-2 2.6457E-2 1.04437E-1 5.98416E-2 5.23415E-2 1.01626E-1 1.43033E-1 8.79805E-2 3.57075E-2 6.96906E-2 2.52442E-2 2.20529E-2 6.2492E-2 4.71198E-3
