data/maxent/outputs/red_111.asc
ncols         426
nrows         180
xllcorner     -130.0
yllcorner     24.0
cellsize      0.16666666666666666
NODATA_value  -9999
[rows 27 to 53 of 180, columns 61 to 121 of 426]
1.10397E-1 1.79785E-1 5.84122E-2 5.5349E-2 1.05163E-1 1.2695E-1 5.79252E-2 9.2821E-2 1.91039E-1 7.01124E-2 3.49608E-1 1.59883E-1 1.02097E-1 3.67859E-1 1.23344E-1 1.01953E-1 2.82848E-2 5.99271E-2 3.65369E-1 1.92078E-2 4.58726E-2 3.05006E-2 3.34742E-2 8.56075E-2 9.02779E-2 8.53547E-2 1.55096E-1 1.11561E-1 7.60697E-2 3.77011E-2 2.63589E-2 2.5202E-2 4.469E-2 5.40361E-2 5.85903E-2 5.26324E-2 5.55197E-2 6.34725E-2 7.02253E-2 6.39806E-2 6.63474E-2 7.60898E-2 7.44848E-2 7.9447E-2 8.32607E-2 8.81113E-2 8.17692E-2 8.05676E-2 7.05065E-2 6.80823E-2 6.38174E-2 5.34095E-2 4.62863E-2 3.74352E-2 2.69216E-2 1.79446E-2 1.26187E-2 1.26312E-2 1.07492E-2 1.09672E-2 1.06332E-2
1.5071E-1 1.64215E-1 8.97125E-2 4.42331E-2 9.43326E-2 1.48019E-1 1.01814E-1 9.56962E-2 2.55484E-1 1.34209E-1 9.66997E-2 1.03586E-1 2.52781E-1 3.23566E-1 1.51935E-1 1.74083E-1 4.19257E-2 3.50559E-2 1.67598E-1 1.80797E-1 1.041E-1 8.89647E-2 5.74306E-2 8.78908E-2 5.84025E-2 6.66499E-2 1.41841E-1 1.82835E-1 1.36872E-1 5.32557E-2 2.5692E-2 3.37792E-2 2.84799E-2 2.59647E-2 2.50193E-2 5.24752E-2 6.17621E-2 6.3224E-2 6.18651E-2 6.16089E-2 5.03101E-2 4.65496E-2 3.77411E-2 4.03113E-2 4.9951E-2 6.8087E-2 7.86718E-2 7.91017E-2 7.05944E-2 6.26562E-2 6.06954E-2 5.27425E-2 5.04616E-2 4.67458E-2 3.6054E-2 2.44084E-2 1.56747E-2 1.29144E-2 1.06099E-2 8.53216E-3 8.3895E-3
1.51572E-1 1.74623E-1 1.81878E-1 6.87691E-2 1.00341E-1 1.63489E-1 1.62929E-1 1.65553E-1 2.99649E-1 3.30316E-1 1.3444E-1 1.80471E-1 3.56241E-1 3.83505E-1 2.25073E-1 2.70972E-1 4.86527E-2 5.02147E-2 1.01257E-1 3.62307E-1 2.51413E-1 1.52022E-1 1.31816E-1 7.78009E-2 8.05835E-2 8.70709E-2 7.27899E-2 1.88717E-1 1.71491E-1 4.04712E-2 3.0182E-2 5.00993E-2 5.53784E-2 2.68551E-2 1.8574E-2 4.4604E-2 5.25939E-2 4.58708E-2 4.43083E-2 5.05635E-2 3.94889E-2 3.38246E-2 3.60682E-2 4.53399E-2 4.99706E-2 4.95831E-2 5.77297E-2 5.74216E-2 7.35392E-2 8.1284E-2 8.03008E-2 6.96179E-2 6.06674E-2 5.36266E-2 4.29113E-2 4.42475E-2 3.02925E-2 1.72726E-2 1.12757E-2 9.80347E-3 9.71986E-3
9.84247E-2 1.74772E-1 1.83959E-1 1.02612E-1 8.4402E-2 1.25979E-1 1.75752E-1 2.20474E-1 1.52091E-1 3.01351E-1 3.08645E-1 3.28033E-1 3.36738E-1 3.51725E-1 2.25137E-1 2.16538E-1 8.85159E-2 1.31877E-1 7.05619E-2 1.50086E-1 3.57898E-1 2.11602E-1 1.00072E-1 5.91563E-2 1.3164E-1 1.14016E-1 5.94219E-2 1.76274E-1 1.68616E-1 7.03022E-2 3.88523E-2 3.96702E-2 8.7884E-2 4.62236E-2 2.24786E-2 2.57074E-2 2.13879E-2 2.34878E-2 3.67793E-2 3.44329E-2 3.36495E-2 3.44359E-2 4.09182E-2 4.34447E-2 3.35264E-2 2.9844E-2 2.78322E-2 3.89335E-2 3.93602E-2 3.37034E-2 4.35807E-2 3.72223E-2 3.70647E-2 6.48119E-2 4.58621E-2 3.88669E-2 3.51053E-2 2.78651E-2 2.15872E-2 2.02265E-2 1.9779E-2
9.48769E-2 1.73543E-1 1.68209E-1 1.47897E-1 7.69252E-2 9.14249E-2 1.24152E-1 1.71482E-1 8.52986E-2 2.42849E-1 2.75965E-1 3.13176E-1 2.87694E-1 2.78262E-1 3.64109E-1 1.53245E-1 1.58285E-1 3.19837E-1 1.18397E-1 6.28361E-2 3.65782E-1 3.57944E-1 2.6743E-1 1.57828E-1 1.356E-1 8.81488E-2 9.41943E-2 1.31933E-1 9.57428E-2 1.2092E-1 5.33032E-2 3.38312E-2 5.32529E-2 1.00036E-1 7.16592E-2 2.97631E-2 2.58225E-2 2.172E-2 3.31503E-2 3.14002E-2 3.86019E-2 4.53096E-2 4.97134E-2 5.42616E-2 3.92926E-2 2.73526E-2 3.09955E-2 3.22638E-2 2.75034E-2 3.18019E-2 4.00013E-2 3.61978E-2 4.33909E-2 3.81524E-2 2.9299E-2 3.20379E-2 2.78095E-2 2.85392E-2 2.9107E-2 2.68705E-2 2.92419E-2
1.83236E-1 1.67389E-1 1.69098E-1 1.29184E-1 1.21753E-1 1.1165E-1 1.60619E-1 1.19036E-1 1.03193E-1 2.69677E-1 2.99908E-1 2.91467E-1 3.10362E-1 2.46801E-1 3.34848E-1 3.43125E-1 2.6603E-1 3.9643E-1 1.54141E-1 1.43304E-1 3.59878E-1 1.81477E-1 2.45756E-1 3.28848E-1 1.12142E-1 1.64367E-1 1.01292E-1 2.07081E-1 8.74547E-2 8.96989E-2 8.59296E-2 1.14025E-1 5.90171E-2 6.97978E-2 1.21391E-1 1.48799E-1 3.08168E-2 2.13034E-2 1.47771E-2 3.57419E-2 5.3222E-2 6.29803E-2 7.49732E-2 6.53782E-2 3.69644E-2 3.00207E-2 2.96381E-2 3.17019E-2 3.09995E-2 3.11494E-2 3.01079E-2 2.88763E-2 2.91247E-2 2.10337E-2 1.37226E-2 1.89943E-2 2.19443E-2 2.40609E-2 3.03289E-2 3.10269E-2 4.31568E-2
2.0657E-1 1.79086E-1 1.80668E-1 1.36896E-1 9.24679E-2 1.31028E-1 1.90574E-1 1.14992E-1 1.74339E-1 2.71307E-1 2.9145E-1 2.90458E-1 3.11449E-1 2.45975E-1 2.91409E-1 3.63676E-1 3.28371E-1 3.67053E-1 2.16518E-1 2.87532E-1 3.68466E-1 1.91515E-1 1.07758E-1 3.40435E-1 1.54517E-1 3.01416E-1 2.58725E-1 2.34435E-1 1.02415E-1 8.49073E-2 6.80494E-2 1.25041E-1 1.86156E-1 1.58195E-1 1.53414E-1 9.86741E-2 8.07363E-2 3.35833E-2 1.8351E-2 3.68234E-2 4.95301E-2 7.06795E-2 8.38274E-2 7.81516E-2 3.71816E-2 2.61402E-2 3.1542E-2 3.41592E-2 3.29153E-2 3.55897E-2 3.35212E-2 2.99255E-2 2.38681E-2 1.88775E-2 1.88362E-2 2.22611E-2 2.72318E-2 3.10071E-2 3.26375E-2 3.92941E-2 6.24891E-2
1.98907E-1 1.85837E-1 1.85965E-1 1.76497E-1 1.80441E-1 1.76897E-1 2.00976E-1 2.10153E-1 2.39097E-1 2.57761E-1 2.92027E-1 3.08933E-1 3.11487E-1 3.2486E-1 3.53228E-1 3.51414E-1 3.76328E-1 3.73133E-1 3.64542E-1 4.01703E-1 4.56809E-1 3.26741E-1 1.24888E-1 2.48534E-1 8.71069E-2 2.01072E-1 2.07382E-1 2.2546E-1 1.49121E-1 1.25163E-1 6.2509E-2 1.00783E-1 1.7862E-1 1.66926E-1 1.27876E-1 9.45496E-2 7.05006E-2 6.13753E-2 3.44266E-2 2.29026E-2 2.39826E-2 3.86876E-2 6.39233E-2 7.48557E-2 4.96416E-2 2.9378E-2 3.22946E-2 4.42646E-2 4.15176E-2 3.97313E-2 4.03471E-2 3.06672E-2 2.85305E-2 2.49825E-2 2.96916E-2 3.14281E-2 3.64724E-2 3.81789E-2 3.79783E-2 5.58523E-2 4.29152E-2
1.90759E-1 1.79631E-1 1.61079E-1 1.66697E-1 1.76103E-1 1.86381E-1 2.23375E-1 2.29469E-1 2.47697E-1 2.78278E-1 3.0246E-1 3.00254E-1 3.05198E-1 3.28583E-1 3.41284E-1 3.54437E-1 3.61662E-1 3.67181E-1 3.70658E-1 3.91885E-1 4.57181E-1 3.54347E-1 3.32232E-1 3.1016E-1 2.07681E-1 9.32418E-2 2.24914E-1 1.93509E-1 1.62174E-1 1.2314E-1 1.21001E-1 1.17124E-1 1.38827E-1 2.00502E-1 2.08492E-1 1.00872E-1 9.39482E-2 6.35758E-2 3.71681E-2 2.86671E-2 2.01652E-2 1.6255E-2 2.7874E-2 6.15865E-2 7.23736E-2 3.70525E-2 3.23767E-2 4.25297E-2 4.00115E-2 4.26609E-2 4.477E-2 5.61241E-2 5.44227E-2 5.41997E-2 5.44115E-2 5.15665E-2 4.57362E-2 4.22021E-2 4.43866E-2 5.35761E-2 4.51274E-2
1.70554E-1 1.48688E-1 1.40781E-1 1.49882E-1 2.06544E-1 1.92483E-1 2.29865E-1 2.2801E-1 2.68229E-1 2.81178E-1 2.99904E-1 3.0458E-1 3.61144E-1 3.40547E-1 3.49166E-1 3.67242E-1 3.50927E-1 3.7825E-1 3.52939E-1 3.72863E-1 3.16302E-1 2.64446E-1 2.3962E-1 2.00261E-1 3.23228E-1 2.26578E-1 1.7764E-1 1.58677E-1 1.54791E-1 8.93948E-2 1.31767E-1 1.94154E-1 1.55089E-1 2.12616E-1 2.58363E-1 1.50495E-1 8.1861E-2 6.32817E-2 6.75727E-2 2.83326E-2 1.68258E-2 1.49456E-2 1.75086E-2 5.93424E-2 6.91652E-2 2.73112E-2 2.37979E-2 3.52479E-2 4.44325E-2 5.24797E-2 6.83634E-2 6.84813E-2 6.21239E-2 5.78203E-2 6.13508E-2 6.12642E-2 5.75169E-2 5.60892E-2 5.98378E-2 5.33379E-2 5.09694E-2
1.55133E-1 1.37799E-1 1.29034E-1 1.58427E-1 1.53163E-1 1.48439E-1 1.4439E-1 1.50655E-1 1.88346E-1 2.05883E-1 2.34764E-1 2.54248E-1 2.81312E-1 3.36328E-1 4.0659E-1 3.90377E-1 4.01946E-1 4.05736E-1 4.29209E-1 3.58195E-1 2.95838E-1 2.94411E-1 2.91111E-1 2.73673E-1 1.9458E-1 3.16717E-1 2.36169E-1 8.20356E-2 1.91329E-1 1.05131E-1 1.41435E-1 1.67668E-1 1.84476E-1 1.82259E-1 2.30123E-1 1.04917E-1 1.07514E-1 3.01816E-2 5.53304E-2 2.27661E-2 1.3937E-2 2.59667E-2 1.33659E-2 6.50614E-2 7.01841E-2 3.49001E-2 2.41743E-2 3.36451E-2 4.95666E-2 6.88705E-2 7.24006E-2 7.52802E-2 7.93149E-2 8.1719E-2 8.87608E-2 9.12384E-2 9.12845E-2 7.32473E-2 6.11923E-2 6.26574E-2 5.57572E-2
1.42293E-1 1.37008E-1 1.67483E-1 1.73714E-1 1.45049E-1 1.5362E-1 1.58068E-1 1.6097E-1 1.66069E-1 1.66332E-1 1.78043E-1 2.12678E-1 2.53652E-1 2.92733E-1 3.72755E-1 4.06998E-1 4.04022E-1 4.05247E-1 4.73153E-1 4.14413E-1 3.81733E-1 3.6542E-1 3.41748E-1 2.99248E-1 1.40972E-1 1.9055E-1 3.04348E-1 2.3287E-1 1.72002E-1 2.13111E-1 1.43319E-1 1.5132E-1 1.50717E-1 1.35872E-1 1.6713E-1 4.39203E-2 1.59338E-1 2.69274E-2 3.82882E-2 4.14218E-2 1.53501E-2 2.80389E-2 3.04803E-2 8.51201E-2 7.34656E-2 5.50287E-2 3.9735E-2 4.1918E-2 5.30032E-2 7.32659E-2 7.69697E-2 8.20652E-2 8.52851E-2 9.45339E-2 1.08807E-1 1.16063E-1 1.01609E-1 8.22649E-2 6.60742E-2 6.38593E-2 6.75317E-2
1.51376E-1 1.50207E-1 1.87769E-1 1.66108E-1 1.71602E-1 1.69138E-1 1.75556E-1 1.77914E-1 1.75027E-1 1.7923E-1 2.07308E-1 2.26996E-1 2.72384E-1 3.05003E-1 3.26229E-1 3.51093E-1 3.54975E-1 3.80914E-1 4.26058E-1 3.99138E-1 2.66425E-1 2.99037E-1 2.12082E-1 2.03358E-1 1.53293E-1 1.38416E-1 1.81824E-1 1.71411E-1 1.59522E-1 2.2231E-1 1.84807E-1 1.52811E-1 1.47741E-1 1.2638E-1 1.27813E-1 3.38448E-2 9.45849E-2 7.73887E-2 2.30038E-2 3.46219E-2 2.72986E-2 1.82066E-2 2.37147E-2 6.66944E-2 7.81357E-2 7.21035E-2 5.98894E-2 6.18606E-2 6.82084E-2 7.51975E-2 8.04868E-2 8.43921E-2 9.07172E-2 9.94322E-2 1.00977E-1 5.39506E-2 9.49817E-2 8.88811E-2 7.70649E-2 7.41763E-2 6.92158E-2
1.65552E-1 1.74853E-1 1.66985E-1 1.57866E-1 1.58376E-1 1.59199E-1 1.72126E-1 1.80093E-1 1.85837E-1 2.03229E-1 2.33637E-1 2.60021E-1 2.96469E-1 3.31741E-1 3.44871E-1 3.60414E-1 3.88278E-1 3.85163E-1 3.65379E-1 3.71224E-1 3.40134E-1 3.29331E-1 3.06895E-1 2.64739E-1 2.00442E-1 1.73591E-1 1.2903E-1 1.54795E-1 2.15281E-1 1.84004E-1 8.11304E-2 6.93766E-2 8.8101E-2 1.40411E-1 1.45306E-1 6.9758E-2 4.25573E-2 9.85828E-2 4.59384E-2 2.45741E-2 2.17125E-2 1.88199E-2 1.49356E-2 2.29115E-2 5.20199E-2 8.02915E-2 7.61073E-2 7.98187E-2 7.91596E-2 7.73462E-2 7.9824E-2 8.35293E-2 8.3437E-2 9.14096E-2 9.10745E-2 8.94607E-2 9.20457E-2 8.21354E-2 7.44009E-2 7.13894E-2 6.98173E-2
1.4935E-1 1.54811E-1 1.91264E-1 1.93902E-1 1.75238E-1 1.7317E-1 1.81829E-1 1.8688E-1 1.99121E-1 2.2629E-1 2.50523E-1 2.76477E-1 3.08622E-1 3.4721E-1 3.75219E-1 3.71664E-1 3.85523E-1 4.02386E-1 3.79609E-1 3.4499E-1 3.39079E-1 2.9525E-1 1.77703E-1 1.15819E-1 1.4091E-1 1.29495E-1 1.37898E-1 8.1047E-2 6.57444E-2 9.57845E-2 1.29421E-1 7.61304E-2 9.5047E-2 8.45495E-2 9.79233E-2 3.16455E-2 4.30626E-2 7.2807E-2 9.77432E-2 8.253E-2 5.05127E-2 3.41235E-2 1.80388E-2 2.71636E-2 3.36072E-2 6.10923E-2 7.85694E-2 8.01152E-2 6.66533E-2 7.31865E-2 7.47974E-2 6.58158E-2 3.27928E-2 3.77853E-2 3.62306E-2 2.47555E-2 4.70114E-2 6.97803E-2 7.14558E-2 6.99493E-2 7.15081E-2
1.72916E-1 1.77895E-1 1.97717E-1 2.19204E-1 1.84387E-1 1.77415E-1 1.89352E-1 2.06095E-1 2.20152E-1 2.49345E-1 2.81355E-1 3.02734E-1 3.23144E-1 3.71571E-1 4.03699E-1 3.957E-1 3.9325E-1 3.99729E-1 3.84161E-1 3.63619E-1 3.34234E-1 3.0866E-1 2.30976E-1 3.33486E-1 3.10854E-1 1.89123E-1 1.74818E-1 8.66945E-2 7.13387E-2 4.14059E-2 7.81028E-2 6.35489E-2 6.17888E-2 9.73544E-2 1.13445E-1 1.05879E-1 7.42935E-2 1.05528E-1 9.63978E-2 5.17752E-2 6.51568E-2 6.18558E-2 4.9851E-2 3.98458E-2 3.18172E-2 5.12972E-2 8.47012E-2 8.19176E-2 3.12161E-2 2.45184E-2 3.52015E-2 4.6967E-2 2.49213E-2 1.31991E-2 1.22633E-2 1.03512E-2 1.82515E-2 4.20482E-2 5.82043E-2 6.58778E-2 6.93108E-2
2.07878E-1 2.23388E-1 2.12162E-1 2.00561E-1 1.99039E-1 1.88271E-1 2.03117E-1 2.0688E-1 2.51581E-1 3.10327E-1 3.41072E-1 3.4579E-1 3.69651E-1 3.98491E-1 4.48866E-1 3.99786E-1 3.97924E-1 3.90951E-1 3.62675E-1 3.66923E-1 3.67126E-1 3.49477E-1 3.56958E-1 3.48303E-1 2.39304E-1 2.62881E-1 1.9876E-1 1.20688E-1 8.4202E-2 4.35329E-2 3.09042E-2 3.99979E-2 4.16085E-2 4.35053E-2 1.06083E-1 7.26401E-2 8.38611E-2 7.09302E-2 5.53683E-2 5.27374E-2 4.74682E-2 3.21699E-2 3.59133E-2 2.38078E-2 2.88424E-2 4.98753E-2 8.02474E-2 7.58838E-2 6.73198E-2 2.65927E-2 2.70785E-2 4.43236E-2 4.18946E-2 2.21186E-2 1.45616E-2 1.19697E-2 1.47306E-2 1.60123E-2 2.32343E-2 4.46401E-2 6.00941E-2
2.23606E-1 2.2083E-1 2.23649E-1 2.17129E-1 2.08288E-1 2.10688E-1 2.17081E-1 2.68711E-1 3.35794E-1 3.98032E-1 4.33712E-1 4.43999E-1 4.40526E-1 4.1306E-1 4.09585E-1 4.11007E-1 3.74019E-1 3.62546E-1 4.18003E-1 4.59684E-1 3.99599E-1 5.1205E-1 3.97757E-1 3.09474E-1 2.3017E-1 2.03325E-1 2.26249E-1 8.39038E-2 6.35628E-2 4.24889E-2 3.64442E-2 2.70973E-2 1.98697E-2 1.7969E-2 9.57501E-2 9.52917E-2 3.42073E-2 3.38574E-2 3.07098E-2 6.65036E-2 6.30253E-2 5.29936E-2 4.00303E-2 3.95742E-2 2.61304E-2 3.64992E-2 7.23638E-2 6.59907E-2 6.93311E-2 6.13008E-2 3.13841E-2 2.26181E-2 4.5659E-2 3.61752E-2 2.4961E-2 2.64917E-2 3.04373E-2 3.41541E-2 4.48678E-2 6.11383E-2 6.51001E-2
1.96698E-1 2.1848E-1 2.32645E-1 2.50049E-1 2.29947E-1 2.34158E-1 2.58354E-1 3.17906E-1 3.2392E-1 3.99321E-1 4.73303E-1 4.76758E-1 4.55001E-1 3.88568E-1 3.51016E-1 3.56483E-1 3.37958E-1 3.21064E-1 3.65617E-1 3.90185E-1 4.12702E-1 4.49705E-1 4.13661E-1 2.88635E-1 2.63509E-1 1.58534E-1 1.72596E-1 1.33998E-1 7.68463E-2 4.96311E-2 2.78671E-2 2.89823E-2 1.71503E-2 4.00751E-2 9.27109E-2 4.3064E-2 2.0967E-2 2.01387E-2 2.00085E-2 2.46522E-2 1.26686E-2 1.89538E-2 4.77653E-2 2.1751E-2 1.3529E-2 1.27771E-2 3.84137E-2 3.12651E-2 2.02025E-2 4.71286E-2 5.43998E-2 2.05275E-2 2.40426E-2 3.81965E-2 1.91719E-2 2.92083E-2 4.14153E-2 5.60466E-2 6.27117E-2 6.30664E-2 6.57713E-2
2.01041E-1 2.16491E-1 2.40985E-1 2.79884E-1 2.84917E-1 2.85714E-1 2.78757E-1 3.12715E-1 3.79619E-1 4.59981E-1 5.12445E-1 4.61518E-1 3.77225E-1 2.48134E-1 3.21186E-1 3.11646E-1 2.79319E-1 3.11479E-1 2.99108E-1 2.48406E-1 2.73305E-1 3.20879E-1 4.229E-1 3.71192E-1 3.2612E-1 2.96374E-1 2.61327E-1 6.66662E-2 4.49047E-2 7.34996E-2 4.25752E-2 2.1836E-2 1.56331E-2 4.56964E-2 9.40367E-2 2.30305E-2 1.22378E-2 1.82506E-2 1.98027E-2 1.30735E-2 9.78489E-3 2.36743E-2 4.53211E-2 1.46085E-2 1.38142E-2 1.75085E-2 3.61409E-2 2.10294E-2 2.94495E-2 4.12177E-2 3.88672E-2 3.92093E-2 3.11112E-2 3.62849E-2 3.57896E-2 2.38276E-2 1.63686E-2 2.35478E-2 4.74574E-2 6.1581E-2 6.6939E-2
2.23859E-1 2.16191E-1 2.16097E-1 2.30332E-1 2.6553E-1 3.27247E-1 3.36998E-1 3.64673E-1 3.95366E-1 5.49342E-1 5.13484E-1 2.84286E-1 1.77625E-1 2.37262E-1 2.86669E-1 3.04359E-1 2.88167E-1 3.28336E-1 2.31159E-1 2.35549E-1 2.41466E-1 2.71647E-1 3.55056E-1 4.47374E-1 3.75961E-1 3.41114E-1 2.45246E-1 1.65265E-1 1.36597E-1 1.19607E-1 5.63056E-2 2.57991E-2 1.62205E-2 5.96925E-2 5.79546E-2 1.72139E-2 1.02453E-2 1.33388E-2 1.07965E-2 7.32823E-3 8.08995E-3 2.24804E-2 3.43453E-2 1.92761E-2 1.14052E-2 1.18959E-2 3.05221E-2 4.15925E-2 4.60433E-2 2.7081E-2 3.61702E-2 5.3963E-2 4.76351E-2 2.99181E-2 4.4918E-2 4.55249E-2 1.3798E-2 1.26348E-2 4.50641E-2 6.31479E-2 6.92326E-2
2.58191E-1 2.83959E-1 2.80089E-1 2.91416E-1 2.97192E-1 3.0516E-1 3.31581E-1 3.905E-1 4.51569E-1 5.55421E-1 4.31043E-1 1.60282E-1 2.8023E-1 3.42979E-1 2.85744E-1 2.35078E-1 2.6703E-1 2.83578E-1 3.24383E-1 2.64141E-1 2.78297E-1 2.44834E-1 3.01941E-1 3.28726E-1 1.53481E-1 1.26273E-1 1.23097E-1 1.52284E-1 4.5014E-2 6.75584E-2 8.31057E-2 2.53289E-2 1.27055E-2 2.83945E-2 6.7026E-2 2.98474E-2 1.42731E-2 7.87451E-3 7.03891E-3 8.66135E-3 9.06921E-3 7.63712E-3 1.66869E-2 2.27511E-2 1.87046E-2 3.04133E-2 3.93553E-2 3.67647E-2 3.7741E-2 2.73973E-2 3.56295E-2 7.11311E-2 5.77689E-2 2.64097E-2 5.11035E-2 6.71723E-2 3.87319E-2 3.2584E-2 7.55915E-2 7.5484E-2 7.74873E-2
2.88071E-1 2.79955E-1 2.8027E-1 2.87399E-1 2.98247E-1 2.9709E-1 3.02021E-1 3.38779E-1 4.50809E-1 4.39095E-1 2.20577E-1 2.99798E-1 2.94672E-1 2.14461E-1 1.93701E-1 1.5764E-1 1.48257E-1 1.33436E-1 3.11986E-1 3.09625E-1 2.93641E-1 3.19914E-1 1.4556E-1 1.87939E-1 1.15628E-1 1.00066E-1 9.91846E-2 5.44079E-2 3.48532E-2 2.61741E-2 4.97528E-2 2.20257E-2 1.9278E-2 2.45628E-2 1.20425E-2 1.23242E-2 6.86125E-3 7.96028E-3 9.05076E-3 6.91285E-3 7.37723E-3 9.06483E-3 1.85937E-2 1.24521E-2 1.26721E-2 2.08076E-2 4.03028E-2 4.67543E-2 3.52697E-2 4.70814E-2 7.0372E-2 7.82107E-2 8.11106E-2 4.73789E-2 3.88536E-2 8.05302E-2 7.94337E-2 7.9326E-2 7.85164E-2 8.22057E-2 8.11294E-2
2.63953E-1 2.64277E-1 2.88783E-1 2.96023E-1 2.99347E-1 2.88921E-1 2.93859E-1 4.2921E-1 4.19445E-1 3.88166E-1 3.06367E-1 3.1689E-1 2.50664E-1 1.8975E-1 1.30542E-1 1.18509E-1 1.30403E-1 1.9218E-1 2.69677E-1 3.23027E-1 3.15686E-1 3.24083E-1 8.31204E-2 3.11476E-2 3.18362E-2 3.05514E-2 4.30676E-2 7.44918E-2 5.53521E-2 2.6994E-2 1.97363E-2 1.28414E-2 1.2032E-2 1.57244E-2 1.04766E-2 1.82779E-2 7.93102E-3 8.53674E-3 7.51926E-3 4.83276E-3 5.00697E-3 4.88365E-3 1.79981E-2 2.43444E-2 2.11934E-2 2.90399E-2 8.03148E-3 1.36359E-2 6.44571E-2 7.91563E-2 7.13198E-2 8.11111E-2 6.11676E-2 3.50963E-2 4.40398E-2 8.48614E-2 3.07873E-2 4.7667E-2 4.72847E-2 4.91384E-2 8.66193E-2
2.5308E-1 2.63709E-1 2.8359E-1 3.00603E-1 3.00458E-1 3.17509E-1 4.02955E-1 3.83224E-1 3.17735E-1 3.44584E-1 3.18368E-1 2.76337E-1 1.62287E-1 9.77888E-2 8.10556E-2 1.0574E-1 1.34655E-1 2.14404E-1 2.68282E-1 2.7799E-1 2.42264E-1 3.03535E-1 2.04795E-1 8.32735E-2 1.03802E-1 2.4374E-1 9.7766E-2 2.57661E-2 3.1559E-2 8.4405E-2 3.86957E-2 1.89623E-2 1.43098E-2 3.46574E-2 3.49598E-2 4.5901E-2 6.03115E-3 6.12704E-3 6.25894E-3 4.45149E-3 4.69691E-3 5.21828E-3 1.49416E-2 1.52126E-2 1.41602E-2 2.23249E-2 3.05502E-2 1.31607E-2 6.46387E-2 3.90111E-2 1.66997E-2 2.34544E-2 1.7159E-2 1.53629E-2 7.17163E-2 5.2039E-2 1.14027E-2 1.53784E-2 1.21015E-2 2.98676E-2 5.91605E-2
2.40633E-1 2.42354E-1 2.71887E-1 2.84276E-1 2.75429E-1 2.51105E-1 1.87923E-1 1.82601E-1 2.45921E-1 2.50172E-1 2.63978E-1 1.86109E-1 1.86397E-1 5.44581E-2 2.5877E-2 2.98901E-2 5.60103E-2 1.26525E-1 2.83878E-1 4.13298E-2 1.19016E-1 5.97641E-2 2.47032E-2 2.00202E-2 2.08975E-2 4.53821E-2 2.82043E-2 1.74392E-2 2.42617E-2 1.79741E-2 2.19903E-2 3.36267E-2 4.16488E-2 1.86915E-2 6.53355E-3 4.72078E-2 1.75202E-2 4.71837E-3 4.59057E-3 4.49323E-3 9.56175E-3 1.12039E-2 1.84302E-2 1.67679E-2 1.70042E-2 1.56361E-2 3.47499E-2 1.59754E-2 6.70652E-2 4.1828E-2 1.14679E-2 1.7048E-2 1.34413E-2 4.32908E-2 4.20198E-2 1.74833E-2 1.15657E-2 1.01593E-2 5.59028E-3 7.55295E-3 4.49246E-3
2.1966E-1 1.97011E-1 2.27721E-1 1.89858E-1 2.00565E-1 2.04876E-1 1.91059E-1 1.04016E-1 1.48407E-1 7.58011E-2 1.4108E-1 1.23538E-1 1.50322E-1 1.16551E-1 4.12672E-2 2.64409E-2 3.80215E-2 1.89695E-1 3.31545E-1 6.43779E-2 8.86214E-2 8.11519E-2 2.29501E-2 1.71535E-2 4.98883E-2 5.13557E-2 1.45883E-2 1.5457E-2 2.523E-2 3.33513E-2 5.90619E-2 8.32314E-3 8.52427E-3 1.3434E-2 7.35236E-3 4.3701E-2 4.4234E-2 1.08429E-2 4.77469E-3 8.91024E-3 1.25954E-2 1.4639E-2 1.58804E-2 1.5385E-2 1.49667E-2 2.04108E-2 2.72086E-2 9.34173E-3 3.02278E-2 4.94198E-2 1.00744E-2 1.39356E-2 1.39589E-2 1.90607E-2 3.72359E-2 1.61997E-2 1.23289E-2 1.05219E-2 1.12512E-2 6.39371E-3 3.15529E-3
