data/maxent/outputs/red_77.asc
ncols         426
nrows         180
xllcorner     -130.0
yllcorner     24.0
cellsize      0.16666666666666666
NODATA_value  -9999
[rows 108 to 134 of 180, columns 122 to 182 of 426]
2.64503E-3 5.38516E-3 3.31523E-3 2.32504E-3 4.70253E-3 8.35815E-3 1.93936E-3 1.88658E-3 1.6591E-3 1.56167E-3 1.1562E-3 1.22903E-3 1.36916E-3 4.7493E-4 4.0512E-4 3.96644E-4 1.55642E-3 1.75818E-3 2.57224E-3 2.26242E-3 6.32724E-3 1.83842E-3 7.32749E-3 2.64347E-3 1.1219E-3 4.19174E-3 3.40423E-3 2.87358E-3 4.75838E-3 1.99284E-3 4.48768E-3 7.71599E-3 6.13515E-3 2.51028E-3 8.77299E-3 1.18637E-2 8.35424E-3 9.8186E-3 1.28584E-2 1.01198E-2 9.64476E-3 8.22452E-3 9.18332E-3 7.59722E-3 6.55212E-3 7.95666E-3 1.26052E-2 1.24008E-2 1.43175E-2 1.85633E-2 2.19418E-2 2.15188E-2 2.31918E-2 2.73119E-2 2.80278E-2 2.37382E-2 2.2037E-2 2.38029E-2 2.93242E-2 3.18663E-2 3.61413E-2
2.48173E-3 1.99987E-3 2.42639E-3 2.70249E-3 5.76341E-3 1.69883E-3 3.15791E-3 4.61997E-3 2.49824E-3 1.4172E-3 8.07252E-4 9.10635E-4 8.59699E-4 1.50644E-3 1.62384E-3 1.31829E-3 5.24663E-3 1.18118E-2 1.07635E-2 1.36727E-2 6.00218E-3 3.87878E-3 1.13658E-2 4.18372E-3 2.24145E-3 6.25302E-3 4.08062E-3 1.35101E-3 1.74683E-3 3.00333E-3 9.12876E-3 1.39345E-2 1.14425E-2 8.05545E-3 1.13241E-2 1.03466E-2 6.7629E-3 6.92693E-3 9.7837E-3 1.19828E-2 1.00985E-2 1.07821E-2 1.10318E-2 1.02214E-2 9.10499E-3 1.04037E-2 1.82324E-2 2.04405E-2 2.45256E-2 2.80521E-2 2.61231E-2 2.77816E-2 2.63651E-2 2.74294E-2 3.01381E-2 2.60641E-2 2.4765E-2 2.67544E-2 3.05347E-2 3.46153E-2 3.66179E-2
2.49759E-3 2.4147E-3 1.95157E-3 1.96244E-3 1.094E-3 1.52064E-3 2.67286E-3 2.2235E-3 2.55799E-3 3.18319E-3 1.63779E-3 1.06538E-3 8.78229E-4 2.78202E-3 5.72671E-3 3.46224E-3 5.21571E-3 1.08149E-2 1.27885E-2 5.51234E-3 3.2375E-3 1.77498E-3 6.69521E-3 9.34647E-3 7.47981E-3 8.38477E-3 4.85364E-3 1.67942E-3 2.01082E-3 4.1193E-3 1.70134E-2 8.52592E-3 6.18103E-3 7.57626E-3 1.68381E-2 1.37426E-2 6.89863E-3 6.72981E-3 6.62759E-3 9.12937E-3 9.75926E-3 1.37107E-2 1.33413E-2 1.41058E-2 1.34242E-2 1.59425E-2 1.97058E-2 2.5435E-2 2.51422E-2 2.66522E-2 2.50445E-2 2.39221E-2 2.21015E-2 2.45785E-2 2.56013E-2 2.53139E-2 2.57877E-2 2.79311E-2 3.39864E-2 3.94919E-2 4.1692E-2
2.73708E-3 3.72403E-3 3.57833E-3 4.57543E-3 2.30713E-3 1.62608E-3 2.78736E-3 2.31195E-3 2.54214E-3 1.75664E-3 1.89349E-3 2.33129E-3 2.80419E-3 1.93429E-3 1.17466E-2 5.9824E-3 6.01099E-3 7.79873E-3 6.79181E-3 7.21616E-3 6.09737E-3 4.8119E-3 2.41343E-3 5.15024E-3 6.54924E-3 1.33384E-2 1.42662E-2 1.63504E-2 8.5009E-3 1.14067E-2 1.22322E-2 1.10092E-2 1.28042E-2 1.53064E-2 2.54604E-2 1.93798E-2 1.21975E-2 1.02336E-2 9.70743E-3 1.04176E-2 1.20462E-2 1.65729E-2 1.74636E-2 2.00807E-2 2.15291E-2 2.09973E-2 2.37344E-2 2.55114E-2 1.90521E-2 1.86369E-2 1.84018E-2 1.79092E-2 2.3824E-2 2.73901E-2 2.70035E-2 2.68261E-2 2.83883E-2 2.76044E-2 3.30814E-2 4.00058E-2 4.82088E-2
3.2779E-3 2.48126E-3 2.32417E-3 2.5004E-3 1.84649E-3 1.7294E-3 1.48699E-3 2.63529E-3 2.83719E-3 3.45211E-3 1.12016E-3 4.06435E-3 8.07228E-3 9.88609E-3 8.57801E-3 4.63818E-3 3.9327E-3 8.32517E-3 1.1593E-2 3.80824E-2 1.28218E-2 3.97995E-3 2.31011E-3 2.21512E-3 7.65054E-3 1.56985E-2 1.27932E-2 9.38306E-3 6.33278E-3 6.95773E-3 1.00782E-2 1.33696E-2 1.60694E-2 1.83646E-2 2.48106E-2 1.50239E-2 1.26351E-2 1.23212E-2 1.26306E-2 1.18298E-2 1.39456E-2 1.2254E-2 9.37697E-3 1.05007E-2 1.25914E-2 1.67066E-2 2.68305E-2 2.18672E-2 1.37249E-2 1.32925E-2 1.54547E-2 1.81363E-2 2.57521E-2 3.12598E-2 3.07508E-2 3.20733E-2 3.30315E-2 3.47644E-2 3.86736E-2 4.33751E-2 5.01806E-2
2.24197E-3 2.48498E-3 3.25776E-3 1.97761E-3 1.62535E-3 2.48737E-3 1.78579E-3 7.84258E-4 1.8194E-3 3.33607E-3 4.69475E-3 4.12584E-3 5.72757E-3 5.58754E-3 4.35418E-3 5.14362E-3 3.09607E-3 9.46847E-3 2.18989E-2 3.68521E-2 8.43957E-3 2.14681E-3 1.92669E-3 1.77675E-3 8.54736E-3 9.82692E-3 9.96925E-3 8.11098E-3 1.34373E-2 1.26169E-2 1.03472E-2 1.34096E-2 1.58399E-2 1.80179E-2 2.05207E-2 1.95543E-2 1.68103E-2 1.73434E-2 1.49503E-2 1.57854E-2 1.52318E-2 8.87946E-3 8.1805E-3 8.08746E-3 7.66297E-3 9.70399E-3 1.39128E-2 1.64401E-2 1.36826E-2 1.31554E-2 1.70035E-2 2.18439E-2 2.66115E-2 2.9591E-2 3.07987E-2 3.29772E-2 3.82822E-2 3.98486E-2 4.69672E-2 5.01906E-2 5.47041E-2
3.78369E-3 4.51148E-3 2.90917E-3 1.71206E-3 1.60248E-3 2.04527E-3 1.53743E-3 7.12317E-4 7.02626E-4 2.34948E-3 5.99067E-3 5.77931E-3 4.45357E-3 3.6223E-3 2.11611E-3 3.49994E-3 2.9151E-3 4.34463E-3 5.5021E-3 2.39109E-2 1.24724E-2 2.33437E-3 1.78129E-3 3.30452E-3 4.91929E-3 9.61661E-3 1.00712E-2 1.03755E-2 1.42679E-2 1.57007E-2 1.22257E-2 9.6466E-3 1.13228E-2 1.72807E-2 1.94227E-2 1.85208E-2 2.11172E-2 1.88367E-2 1.63734E-2 1.51492E-2 1.07678E-2 9.13001E-3 7.24655E-3 7.32459E-3 8.19315E-3 1.10848E-2 1.40297E-2 1.77855E-2 3.30115E-2 2.96122E-2 2.89542E-2 3.22359E-2 3.38672E-2 3.61167E-2 3.97323E-2 4.29094E-2 4.75902E-2 4.80185E-2 5.32049E-2 5.90747E-2 6.15439E-2
3.1231E-3 2.50551E-3 1.64095E-3 2.07391E-3 1.44491E-3 7.61159E-4 4.84838E-4 4.80934E-4 1.01511E-3 8.01684E-4 2.2365E-3 2.43615E-3 2.56717E-3 4.33923E-3 6.89274E-3 5.69712E-3 2.68061E-3 3.07792E-3 4.70595E-3 3.76132E-2 7.42175E-3 1.90137E-3 1.61486E-3 1.95536E-3 3.67481E-3 5.7273E-3 1.02986E-2 1.00717E-2 8.80195E-3 1.26595E-2 1.81725E-2 9.86641E-3 9.71751E-3 1.15162E-2 7.30646E-3 6.61133E-3 6.75178E-3 7.31045E-3 8.99161E-3 9.33163E-3 9.18958E-3 9.33277E-3 8.77565E-3 9.39481E-3 9.96627E-3 1.10202E-2 1.12017E-2 1.16598E-2 1.54371E-2 3.36645E-2 4.99968E-2 3.66259E-2 3.79226E-2 4.76783E-2 4.57325E-2 4.83094E-2 5.48404E-2 5.66375E-2 5.96039E-2 6.1227E-2 6.57523E-2
4.75566E-3 2.37582E-3 1.82325E-3 1.64677E-3 1.2344E-3 1.17379E-3 5.34127E-4 5.67398E-4 4.77707E-4 2.40703E-4 1.40458E-3 4.20002E-3 2.98018E-3 3.91108E-3 6.21951E-3 3.76934E-3 2.41205E-3 2.12117E-3 4.93899E-3 3.50263E-2 5.50303E-3 3.37975E-3 3.357E-3 3.17328E-3 3.20392E-3 4.00443E-3 6.73546E-3 8.21441E-3 8.14203E-3 1.12809E-2 1.24476E-2 1.23706E-2 9.92784E-3 1.25581E-2 1.11899E-2 7.42052E-3 6.63654E-3 8.37076E-3 1.00294E-2 8.83994E-3 8.66008E-3 1.04499E-2 9.86722E-3 9.52356E-3 1.05222E-2 1.21335E-2 1.27317E-2 1.56688E-2 1.82307E-2 3.18428E-2 4.86423E-2 5.55696E-2 5.1202E-2 4.72249E-2 5.16907E-2 5.56628E-2 6.92074E-2 7.23107E-2 7.1431E-2 6.91236E-2 7.59785E-2
8.20707E-3 5.92447E-3 3.61172E-3 1.53791E-3 6.854E-4 4.43306E-4 5.51756E-4 5.07633E-4 4.1617E-4 3.86081E-4 2.3887E-3 3.2214E-3 3.2951E-3 3.37001E-3 4.78839E-3 1.01696E-2 2.81466E-3 1.94843E-3 7.88645E-3 1.18303E-2 8.17564E-3 4.03713E-3 7.10653E-3 5.85461E-3 4.82117E-3 1.08185E-2 6.99318E-3 6.96625E-3 9.14976E-3 1.13144E-2 1.0415E-2 1.11882E-2 1.15109E-2 1.11704E-2 1.15828E-2 9.41014E-3 7.71126E-3 7.86377E-3 1.11952E-2 9.34508E-3 8.02125E-3 9.01488E-3 9.0416E-3 8.88336E-3 1.00233E-2 1.38058E-2 1.70032E-2 2.12366E-2 2.34162E-2 2.29493E-2 2.66677E-2 5.4733E-2 5.54788E-2 5.76866E-2 6.55269E-2 6.67426E-2 7.67507E-2 7.62567E-2 8.34414E-2 8.93764E-2 9.5674E-2
7.34341E-3 3.85304E-3 2.10976E-3 1.02888E-3 7.39034E-4 3.87239E-4 3.51968E-4 4.98205E-4 3.31243E-4 5.32708E-4 2.74446E-3 2.07536E-3 1.25913E-3 3.87928E-3 6.48288E-3 3.9109E-3 3.3606E-3 3.27941E-3 1.09569E-2 7.10681E-3 9.15575E-3 3.93837E-3 7.34951E-3 1.4984E-2 1.34752E-2 1.48276E-2 9.08184E-3 6.15344E-3 6.87489E-3 1.10839E-2 1.05381E-2 1.13046E-2 1.07964E-2 1.28638E-2 1.35302E-2 1.48386E-2 1.0736E-2 8.92745E-3 8.47264E-3 8.33912E-3 8.46748E-3 9.21582E-3 1.02803E-2 1.19614E-2 1.43221E-2 1.75423E-2 2.3282E-2 3.27941E-2 3.33502E-2 2.95241E-2 3.54805E-2 6.36895E-2 5.42102E-2 6.07847E-2 6.92923E-2 7.27619E-2 8.8612E-2 9.07801E-2 9.83863E-2 1.06569E-1 1.05822E-1
2.99305E-3 3.55255E-3 1.68057E-3 7.31973E-4 5.01005E-4 4.74597E-4 6.72499E-4 6.19937E-4 1.10635E-3 5.16763E-4 8.37326E-4 3.10236E-4 3.21688E-4 1.32255E-3 6.78641E-3 8.85396E-3 5.50346E-3 6.01513E-3 7.21923E-3 2.56461E-3 8.47541E-3 4.49271E-3 4.57008E-3 7.03185E-3 1.12416E-2 1.40459E-2 1.03694E-2 7.6712E-3 7.72727E-3 8.7937E-3 8.95131E-3 9.11519E-3 8.37171E-3 9.95003E-3 1.28909E-2 1.44311E-2 1.43137E-2 1.33843E-2 1.4335E-2 1.41887E-2 1.3801E-2 1.25817E-2 1.25879E-2 1.49021E-2 1.61974E-2 2.02826E-2 2.85932E-2 3.47463E-2 3.73221E-2 3.63556E-2 3.44815E-2 6.1235E-2 7.67685E-2 6.75045E-2 7.49003E-2 7.98078E-2 8.35615E-2 8.22311E-2 1.05572E-1 1.10372E-1 1.14899E-1
2.52767E-3 6.22748E-4 8.696E-4 1.86851E-3 4.22079E-4 4.80615E-4 5.07194E-4 5.32541E-4 3.1881E-4 2.13718E-4 2.92701E-4 3.23594E-4 2.46656E-3 6.51731E-3 1.32789E-2 1.97911E-2 5.7442E-3 3.9594E-3 2.15337E-3 3.46791E-3 1.04016E-2 8.19903E-3 3.58453E-3 7.86773E-3 1.22346E-2 7.75145E-3 7.79501E-3 8.84073E-3 9.26595E-3 8.31586E-3 9.66235E-3 8.98628E-3 7.32256E-3 9.41622E-3 1.15932E-2 1.60384E-2 1.53803E-2 1.40269E-2 1.24996E-2 1.14103E-2 1.05461E-2 1.19747E-2 1.3333E-2 1.49652E-2 1.75863E-2 2.2226E-2 3.06386E-2 3.48871E-2 3.63434E-2 3.83861E-2 4.32462E-2 5.68562E-2 7.98749E-2 7.37698E-2 7.44108E-2 8.04382E-2 8.00847E-2 9.28095E-2 1.01801E-1 1.09163E-1 1.20797E-1
5.00077E-3 1.53042E-3 1.23087E-3 1.5295E-3 1.16134E-3 9.39293E-4 1.04201E-3 8.88543E-4 2.24481E-4 4.15184E-4 7.22677E-4 8.55975E-4 2.13098E-3 1.42904E-2 5.80251E-3 4.69187E-3 2.78644E-3 2.03128E-3 1.82025E-3 1.26239E-2 1.98916E-2 9.07532E-3 7.98602E-3 2.65064E-2 1.88606E-2 1.3413E-2 1.26636E-2 1.11946E-2 1.15698E-2 1.05165E-2 8.723E-3 6.43041E-3 8.25185E-3 8.92389E-3 6.91665E-3 1.12838E-2 1.18397E-2 1.04038E-2 9.83089E-3 9.67958E-3 1.17058E-2 1.50182E-2 1.66673E-2 2.03625E-2 2.09046E-2 2.51411E-2 3.26291E-2 3.90174E-2 4.01915E-2 4.11786E-2 5.54047E-2 6.19544E-2 9.20213E-2 7.74955E-2 8.44627E-2 7.18574E-2 8.20289E-2 1.07599E-1 1.17952E-1 1.32859E-1 1.59186E-1
1.22704E-2 1.38596E-2 1.13885E-2 5.62774E-3 3.13019E-3 2.05055E-3 5.6743E-4 3.18652E-4 4.34387E-4 3.68919E-4 2.24169E-4 1.80359E-3 3.0444E-3 2.65091E-2 9.78089E-3 3.17247E-3 3.03495E-3 2.59288E-3 2.12628E-3 2.24844E-2 1.3713E-2 1.01653E-2 2.20687E-2 2.73053E-2 1.29489E-2 3.81646E-2 4.10208E-2 2.10781E-2 1.53843E-2 1.2683E-2 1.09512E-2 5.52683E-3 8.93861E-3 8.92135E-3 8.65177E-3 9.20611E-3 9.7646E-3 9.72185E-3 8.94873E-3 9.83445E-3 1.42224E-2 1.92067E-2 1.9904E-2 2.37134E-2 2.66981E-2 3.18599E-2 6.17686E-2 5.13742E-2 4.52715E-2 4.80418E-2 6.56388E-2 8.36865E-2 7.39186E-2 6.97141E-2 7.31519E-2 7.06578E-2 8.06972E-2 1.18173E-1 1.22198E-1 1.41553E-1 1.5402E-1
2.13371E-2 1.99604E-2 1.61765E-2 8.57043E-3 3.9045E-3 7.19859E-3 1.25009E-3 3.09441E-4 7.24611E-4 5.29419E-4 8.94124E-4 2.8895E-3 7.48334E-3 1.36373E-2 8.53828E-3 1.03272E-2 4.91485E-3 7.6521E-3 1.21802E-2 2.51147E-2 1.76E-2 2.40549E-2 6.48838E-2 2.68562E-2 2.0902E-2 3.13242E-2 2.01138E-2 2.60175E-2 2.42032E-2 1.70291E-2 1.62479E-2 8.7413E-3 1.0153E-2 9.35461E-3 1.21049E-2 1.41245E-2 1.11908E-2 1.10788E-2 1.10621E-2 1.14601E-2 1.24072E-2 1.70429E-2 2.27241E-2 2.55625E-2 2.64743E-2 3.08889E-2 4.02171E-2 4.23732E-2 5.4267E-2 7.20971E-2 6.77287E-2 7.14105E-2 6.12695E-2 6.26351E-2 8.96515E-2 9.04399E-2 1.02144E-1 1.34429E-1 1.34477E-1 1.47257E-1 1.55924E-1
3.94197E-2 2.41523E-2 3.06509E-2 2.01401E-2 1.01408E-2 1.27026E-2 4.81212E-3 1.96953E-3 1.20571E-3 9.13132E-4 3.10752E-3 6.19273E-3 9.12058E-3 7.65651E-3 1.04531E-2 1.52379E-2 9.37599E-3 2.90382E-2 4.66779E-2 1.50449E-2 1.44388E-2 2.2696E-2 6.41561E-2 3.48413E-2 2.7354E-2 2.21078E-2 2.13612E-2 2.52672E-2 3.16046E-2 2.47186E-2 1.81643E-2 1.14206E-2 1.21182E-2 1.16987E-2 1.40817E-2 1.5233E-2 1.33244E-2 1.31664E-2 1.37183E-2 1.50486E-2 1.59359E-2 1.99597E-2 2.18257E-2 2.54807E-2 3.12401E-2 3.41195E-2 4.33695E-2 4.86319E-2 4.89805E-2 7.72813E-2 7.13765E-2 7.28281E-2 6.89438E-2 7.60273E-2 9.25709E-2 1.1319E-1 1.22483E-1 1.58974E-1 1.60144E-1 1.80866E-1 1.90703E-1
7.91045E-2 7.97879E-2 5.61937E-2 2.0147E-2 5.22075E-3 3.78285E-3 4.14905E-3 6.58152E-3 3.59035E-3 2.5877E-3 5.59021E-3 1.06584E-2 1.21542E-2 1.00737E-2 1.89709E-2 1.15595E-2 7.8689E-3 3.12303E-2 3.58707E-2 9.20386E-3 1.01712E-2 2.29135E-2 6.81086E-2 3.49222E-2 2.55376E-2 2.84173E-2 2.51742E-2 2.79556E-2 3.6053E-2 2.76987E-2 2.10816E-2 1.29146E-2 1.39879E-2 1.79887E-2 2.2877E-2 1.62607E-2 1.33784E-2 1.49291E-2 1.60773E-2 1.79666E-2 2.08912E-2 2.54357E-2 2.58915E-2 2.98082E-2 3.38954E-2 3.76034E-2 4.66875E-2 5.21971E-2 6.78128E-2 9.73301E-2 9.59015E-2 1.01867E-1 1.00265E-1 1.12416E-1 1.2184E-1 1.38138E-1 1.55253E-1 1.82086E-1 1.85223E-1 2.1787E-1 2.51603E-1
1.04161E-1 9.3667E-2 3.47101E-2 2.25666E-2 1.92293E-2 1.30997E-2 3.89631E-3 7.27816E-3 9.90403E-3 6.04638E-3 7.49012E-3 1.98751E-2 1.73928E-2 1.18078E-2 2.53269E-2 1.37014E-2 6.85219E-3 2.04241E-2 6.12525E-2 1.35829E-2 8.61077E-3 1.74856E-2 7.73816E-2 3.09337E-2 3.14346E-2 3.16102E-2 3.13723E-2 2.97225E-2 3.64416E-2 3.2882E-2 2.46305E-2 1.65658E-2 1.76344E-2 1.97964E-2 2.19861E-2 1.89047E-2 1.72172E-2 1.88885E-2 2.10689E-2 2.2604E-2 2.8032E-2 2.88635E-2 3.05633E-2 3.04559E-2 3.88882E-2 4.31818E-2 4.51006E-2 6.03407E-2 7.51423E-2 1.05255E-1 1.28071E-1 1.09015E-1 1.28053E-1 1.37383E-1 1.64082E-1 1.73052E-1 2.05391E-1 2.08505E-1 2.33459E-1 2.59306E-1 2.89626E-1
2.98168E-2 4.10197E-2 3.37126E-2 8.77426E-3 1.59755E-2 1.24909E-2 1.83404E-2 9.12352E-3 9.43818E-3 1.49613E-2 1.47632E-2 2.2885E-2 2.02143E-2 1.20058E-2 1.04739E-2 1.34861E-2 6.64326E-3 8.81078E-3 5.52949E-2 1.82196E-2 9.21212E-3 1.25055E-2 5.64548E-2 3.0582E-2 2.98291E-2 2.4804E-2 3.68982E-2 3.26911E-2 3.71237E-2 2.99092E-2 2.38757E-2 1.72012E-2 2.20639E-2 2.17594E-2 2.03021E-2 1.67735E-2 2.14093E-2 2.35701E-2 2.99525E-2 3.60096E-2 3.2554E-2 3.78105E-2 4.09682E-2 3.84921E-2 4.74168E-2 4.25789E-2 4.94017E-2 7.5849E-2 1.13253E-1 1.14449E-1 8.98308E-2 1.10358E-1 1.2645E-1 1.61645E-1 1.9365E-1 2.00935E-1 2.32495E-1 2.64914E-1 2.80632E-1 3.09962E-1 3.23506E-1
2.46981E-2 3.06705E-2 3.29677E-2 1.01091E-2 6.21598E-3 4.83845E-3 1.23473E-2 2.24529E-2 9.13081E-3 6.64236E-3 1.20609E-2 2.49164E-2 1.76325E-2 9.20435E-3 1.76457E-2 2.665E-2 1.06416E-2 6.29548E-3 3.9277E-2 3.99504E-2 1.15376E-2 1.51503E-2 2.69524E-2 6.70309E-2 4.55084E-2 2.93224E-2 3.07468E-2 4.42432E-2 4.33634E-2 4.4803E-2 3.97768E-2 3.15939E-2 2.95937E-2 2.52469E-2 3.30835E-2 3.1828E-2 3.0939E-2 3.44528E-2 3.99528E-2 4.40195E-2 4.07645E-2 4.87665E-2 5.64816E-2 5.76567E-2 5.31784E-2 5.21025E-2 5.30774E-2 6.43005E-2 1.13164E-1 1.20101E-1 1.04855E-1 1.15663E-1 1.32032E-1 1.73966E-1 2.24446E-1 2.56848E-1 2.86717E-1 2.82914E-1 2.98541E-1 3.29644E-1 3.56279E-1
3.12663E-2 1.52524E-2 1.60407E-2 3.01989E-2 4.06938E-3 4.00034E-3 1.33861E-2 2.25145E-2 1.29123E-2 9.41199E-3 7.37838E-3 2.84179E-2 1.95272E-2 1.12254E-2 1.778E-2 1.52107E-2 2.0922E-2 1.95296E-2 6.35744E-2 2.83214E-2 1.54908E-2 2.40789E-2 2.72833E-2 2.10696E-2 2.2059E-2 3.16354E-2 3.25692E-2 4.38551E-2 4.82091E-2 5.76578E-2 7.06217E-2 8.89675E-2 5.39668E-2 3.82698E-2 4.55215E-2 4.50908E-2 3.99258E-2 4.22652E-2 5.16578E-2 5.22003E-2 5.59556E-2 7.30389E-2 9.47114E-2 8.93874E-2 8.81407E-2 8.31772E-2 7.70264E-2 6.82245E-2 7.73445E-2 1.03E-1 1.34368E-1 1.31273E-1 1.58749E-1 1.90094E-1 2.49099E-1 3.00449E-1 3.52583E-1 3.54122E-1 3.59543E-1 3.84136E-1 3.77896E-1
1.35571E-1 3.1197E-2 1.3477E-2 2.37598E-2 7.10039E-3 1.33836E-2 6.67362E-3 1.1186E-2 1.08487E-2 1.37328E-2 1.10655E-2 1.70448E-2 2.26865E-2 1.3708E-2 1.07381E-2 1.06897E-2 1.18702E-2 2.80414E-2 7.99197E-2 3.46415E-2 1.49861E-2 1.85795E-2 2.50175E-2 2.16999E-2 1.73005E-2 1.90499E-2 3.6839E-2 2.68078E-2 5.49352E-2 8.17007E-2 1.04074E-1 1.07545E-1 4.72438E-2 3.50925E-2 5.19917E-2 4.79952E-2 5.00165E-2 4.95693E-2 5.16886E-2 5.1978E-2 5.5012E-2 7.9101E-2 1.08852E-1 1.149E-1 1.00797E-1 9.42126E-2 8.65923E-2 9.69769E-2 1.06056E-1 1.49299E-1 1.65476E-1 1.74392E-1 1.8401E-1 2.27044E-1 2.78308E-1 2.65035E-1 2.74004E-1 3.24643E-1 3.77993E-1 3.91485E-1 3.96174E-1
3.34734E-2 6.4117E-2 5.51084E-2 1.39624E-2 1.34434E-2 1.92303E-2 1.33701E-2 9.15144E-3 1.1507E-2 1.48963E-2 1.24718E-2 1.76721E-2 1.06546E-1 2.36425E-2 2.22957E-2 2.56883E-2 1.57768E-2 1.87122E-2 2.87568E-2 1.9333E-2 1.37269E-2 2.39503E-2 2.70347E-2 1.89378E-2 3.60115E-2 2.83114E-2 2.26323E-2 2.351E-2 6.76047E-2 8.87764E-2 1.1786E-1 4.18658E-2 2.79984E-2 3.01009E-2 4.65031E-2 4.31458E-2 4.46596E-2 4.60877E-2 4.83355E-2 5.2835E-2 7.15706E-2 1.03278E-1 1.25632E-1 1.46322E-1 1.25782E-1 1.30959E-1 1.07742E-1 1.07009E-1 1.15821E-1 1.47874E-1 1.81429E-1 1.91151E-1 2.26006E-1 2.38186E-1 2.9596E-1 2.71071E-1 2.68388E-1 2.55051E-1 3.04013E-1 3.54459E-1 3.82176E-1
1.46491E-2 5.82268E-2 6.22131E-2 2.0735E-2 2.80298E-2 1.63945E-2 1.84297E-2 2.9962E-2 2.48782E-2 4.37676E-2 3.16295E-2 6.2898E-2 3.67044E-2 2.49483E-2 3.95831E-2 4.57898E-2 2.27536E-2 1.73752E-2 5.67379E-2 7.38709E-2 1.71133E-2 2.6967E-2 2.62032E-2 1.63236E-2 2.10706E-2 3.41946E-2 2.0297E-2 1.73302E-2 8.57039E-2 1.09971E-1 6.55811E-2 3.5413E-2 3.43603E-2 3.60577E-2 3.98546E-2 4.69788E-2 4.77786E-2 5.96848E-2 5.92893E-2 5.92483E-2 7.04686E-2 1.33631E-1 1.54944E-1 1.95261E-1 1.84545E-1 1.66021E-1 1.49579E-1 1.4178E-1 1.3518E-1 1.34937E-1 1.50797E-1 1.70754E-1 2.04078E-1 2.61291E-1 2.77391E-1 2.74291E-1 2.70306E-1 2.67415E-1 2.94827E-1 3.79206E-1 4.10153E-1
4.07882E-2 7.16502E-2 8.14157E-2 2.31309E-2 4.11523E-2 1.70583E-2 2.84384E-2 3.79547E-2 5.06215E-2 4.82059E-2 5.28224E-2 4.147E-2 4.05894E-2 3.25223E-2 2.93585E-2 2.08508E-2 1.84326E-2 1.56517E-2 4.44562E-2 9.76455E-2 2.43974E-2 1.54802E-2 2.59489E-2 1.55041E-2 1.28457E-2 1.53444E-2 2.1597E-2 2.08708E-2 3.26387E-2 9.62156E-2 7.29835E-2 4.67803E-2 4.53699E-2 3.49323E-2 4.13606E-2 4.41459E-2 5.17715E-2 5.28278E-2 6.28105E-2 6.19774E-2 7.26182E-2 9.08962E-2 1.41568E-1 1.82199E-1 1.85461E-1 1.86477E-1 1.72425E-1 1.5247E-1 1.1912E-1 1.33072E-1 1.44527E-1 1.65658E-1 1.89211E-1 2.20122E-1 2.64231E-1 3.29943E-1 3.09059E-1 3.03103E-1 3.10212E-1 3.5342E-1 3.89794E-1
3.05074E-2 7.81019E-2 3.12047E-2 3.95915E-2 1.84407E-2 6.44389E-2 4.48233E-2 4.51404E-2 4.65407E-2 3.17651E-2 8.90399E-2 6.02278E-2 4.89018E-2 3.37673E-2 2.10948E-2 1.98548E-2 1.74746E-2 1.92715E-2 2.35087E-2 3.19725E-2 2.20202E-2 1.14653E-2 1.17588E-2 1.72341E-2 1.67791E-2 1.72136E-2 2.35743E-2 4.69361E-2 2.81226E-2 8.69698E-2 8.57467E-2 4.66845E-2 4.7584E-2 4.37397E-2 4.78543E-2 5.31928E-2 5.41232E-2 6.20917E-2 6.13186E-2 6.50765E-2 7.62966E-2 9.4154E-2 1.14164E-1 1.3477E-1 1.93953E-1 2.00248E-1 1.80215E-1 1.4576E-1 1.36554E-1 1.32318E-1 1.38309E-1 1.81066E-1 2.25535E-1 2.44128E-1 2.51842E-1 2.952E-1 2.7832E-1 2.95493E-1 3.32034E-1 4.07766E-1 4.17466E-1
