data/maxent/outputs/red_285.asc
ncols         426
nrows         180
xllcorner     -130.0
yllcorner     24.0
cellsize      0.16666666666666666
NODATA_value  -9999
[rows 0 to 26 of 180, columns 61 to 121 of 426]
3.43193E-3 3.46591E-3 6.12813E-3 8.74631E-3 1.43299E-2 1.0055E-2 9.30515E-3 8.59191E-3 8.79567E-3 8.25494E-3 9.43763E-3 1.23926E-2 1.2939E-2 1.31855E-2 1.44109E-2 1.337E-2 1.64749E-2 1.21828E-2 7.07968E-3 5.96828E-3 6.68422E-3 7.22164E-3 7.58395E-3 1.08263E-2 1.15339E-2 9.08415E-3 8.76908E-3 5.83138E-3 6.69109E-3 7.83343E-3 9.01583E-3 1.19817E-2 1.71355E-2 1.73609E-2 1.90147E-2 1.25376E-2 1.08415E-2 9.07195E-3 1.16285E-2 1.17346E-2 1.29119E-2 1.36258E-2 1.06605E-2 1.00051E-2 1.01731E-2 8.69365E-3 1.14524E-2 1.15241E-2 9.91596E-3 8.12666E-3 8.16412E-3 9.49462E-3 8.45201E-3 8.88317E-3 8.75211E-3 7.85497E-3 7.39901E-3 7.70451E-3 7.14423E-3 5.89883E-3 6.86704E-3
3.38638E-3 3.091E-3 1.21095E-2 5.57294E-3 4.92422E-3 5.24008E-3 5.33695E-3 4.61624E-3 6.2215E-3 7.72601E-3 7.48511E-3 8.94806E-3 9.93511E-3 1.07072E-2 9.75794E-3 1.16172E-2 1.38333E-2 7.56308E-3 8.04617E-3 1.03762E-2 1.09665E-2 9.0992E-3 7.91027E-3 6.36537E-3 5.2558E-3 6.45139E-3 1.24516E-2 7.13637E-3 7.3977E-3 1.04676E-2 1.19493E-2 1.47918E-2 2.16913E-2 1.7684E-2 2.31365E-2 1.91197E-2 1.12383E-2 1.26158E-2 1.03309E-2 1.4833E-2 1.72629E-2 1.70119E-2 1.85813E-2 1.1487E-2 1.12659E-2 1.22642E-2 9.6502E-3 1.2062E-2 1.18762E-2 1.12575E-2 8.76944E-3 9.0422E-3 9.80986E-3 9.1315E-3 8.34262E-3 8.79642E-3 8.50978E-3 8.59714E-3 7.85483E-3 5.86438E-3 5.734E-3
3.33054E-3 4.47354E-3 3.31911E-3 6.06728E-3 1.47221E-3 1.95969E-3 1.65328E-3 2.1446E-3 2.67013E-3 4.30148E-3 6.62914E-3 7.608E-3 8.23535E-3 6.09338E-3 8.28429E-3 1.20483E-2 1.20572E-2 1.23585E-2 1.24421E-2 1.17303E-2 1.03581E-2 1.03116E-2 7.95226E-3 7.96317E-3 6.72497E-3 8.2908E-3 1.29917E-2 9.5275E-3 7.05615E-3 1.01389E-2 1.77692E-2 2.40631E-2 2.04975E-2 1.78955E-2 2.18842E-2 2.18769E-2 2.00535E-2 4.93625E-2 5.8943E-2 3.14573E-2 1.73629E-2 1.87822E-2 1.70928E-2 1.19118E-2 1.067E-2 1.23705E-2 1.0751E-2 1.14326E-2 1.21875E-2 9.73385E-3 9.93225E-3 9.07367E-3 1.01461E-2 9.02614E-3 8.98484E-3 8.84363E-3 8.47647E-3 8.52846E-3 8.61352E-3 7.35697E-3 6.08773E-3
3.70459E-3 1.71288E-3 7.9504E-4 4.65643E-3 1.2704E-3 8.88427E-4 1.29502E-3 2.49344E-3 5.26678E-3 4.83354E-3 4.56018E-3 7.3901E-3 9.82803E-3 1.28124E-2 9.62625E-3 8.64929E-3 9.64913E-3 1.09371E-2 1.23126E-2 1.13665E-2 1.02325E-2 8.92748E-3 8.56664E-3 8.25314E-3 8.08719E-3 8.40767E-3 1.1067E-2 1.03129E-2 1.1281E-2 9.97761E-3 1.00303E-2 1.70207E-2 2.734E-2 1.82423E-2 1.59236E-2 1.50438E-2 1.92343E-2 3.02902E-2 2.87441E-2 1.56923E-2 2.17851E-2 2.12217E-2 2.08457E-2 2.2093E-2 1.15242E-2 1.10946E-2 1.04526E-2 1.06558E-2 1.14378E-2 1.09758E-2 9.76252E-3 9.57604E-3 9.52584E-3 9.92345E-3 9.57607E-3 8.87697E-3 9.57061E-3 9.29878E-3 8.45217E-3 8.45237E-3 7.56839E-3
3.70819E-3 4.91605E-3 2.51465E-3 1.47358E-3 9.63203E-4 8.50295E-4 1.39129E-3 2.21668E-3 1.8551E-3 4.72657E-3 5.82124E-3 1.06321E-2 9.0688E-3 6.21004E-3 5.7344E-3 7.25627E-3 7.90066E-3 1.03685E-2 1.04343E-2 9.6645E-3 8.1141E-3 7.47804E-3 7.67015E-3 7.77565E-3 8.36468E-3 9.05826E-3 9.08692E-3 1.03496E-2 9.05396E-3 1.25484E-2 1.35725E-2 1.53442E-2 1.89449E-2 2.09314E-2 1.92935E-2 2.07729E-2 1.97765E-2 2.07516E-2 1.60477E-2 1.13719E-2 1.31724E-2 1.75247E-2 1.99725E-2 2.11827E-2 1.7353E-2 1.46814E-2 1.33923E-2 1.03261E-2 1.10051E-2 1.40791E-2 1.05347E-2 1.04679E-2 9.88727E-3 1.0741E-2 1.16092E-2 1.04864E-2 1.05867E-2 9.75823E-3 9.80213E-3 9.62877E-3 8.13581E-3
3.37209E-2 2.253E-2 3.9625E-3 8.09695E-3 2.03816E-3 3.14106E-3 1.29374E-3 1.33507E-3 1.70083E-3 2.6341E-3 1.04135E-2 7.79321E-3 4.13975E-3 2.60225E-3 3.54291E-3 4.50317E-3 5.019E-3 5.20628E-3 6.23885E-3 6.78682E-3 6.14968E-3 5.438E-3 5.63903E-3 6.6805E-3 9.25344E-3 1.08913E-2 1.24197E-2 1.40695E-2 1.53115E-2 1.29001E-2 1.22216E-2 1.32244E-2 1.53573E-2 1.59257E-2 2.39038E-2 2.21842E-2 2.18124E-2 1.99581E-2 1.69659E-2 1.65212E-2 1.78704E-2 1.71828E-2 1.84105E-2 1.7107E-2 1.38502E-2 1.24077E-2 1.31367E-2 1.08185E-2 1.09074E-2 1.1529E-2 1.08068E-2 1.03422E-2 9.62122E-3 1.01695E-2 1.17617E-2 1.16168E-2 1.23168E-2 1.08843E-2 9.23129E-3 8.36636E-3 9.60608E-3
1.33025E-3 5.69535E-3 5.8925E-2 1.54298E-2 2.79156E-3 6.89327E-3 7.78451E-3 4.9256E-3 5.23833E-3 4.99307E-3 1.33965E-2 3.76298E-3 2.98277E-3 2.3848E-3 1.68937E-3 2.08887E-3 2.70486E-3 3.31295E-3 3.80251E-3 4.43923E-3 4.4578E-3 4.86917E-3 5.71692E-3 7.44464E-3 8.97853E-3 1.00264E-2 1.33057E-2 1.63479E-2 1.57717E-2 1.0403E-2 1.20072E-2 9.82599E-3 9.72506E-3 1.07504E-2 1.5799E-2 1.61298E-2 1.75828E-2 2.27308E-2 2.29373E-2 2.03264E-2 2.03947E-2 1.95384E-2 2.19219E-2 1.65577E-2 1.30232E-2 1.15724E-2 1.22234E-2 1.0921E-2 1.05689E-2 1.23559E-2 1.27993E-2 1.27259E-2 1.15693E-2 1.23086E-2 1.33752E-2 1.08462E-2 1.21814E-2 9.98368E-3 9.02847E-3 1.11961E-2 9.78867E-3
7.97856E-4 1.45488E-3 6.13664E-3 5.59808E-2 2.87659E-2 4.53206E-3 2.32796E-3 6.18523E-3 2.6078E-3 1.44775E-3 3.76048E-3 9.04752E-3 1.70821E-3 1.33266E-3 1.32356E-3 1.12026E-3 1.32881E-3 3.01708E-3 3.4482E-3 3.38583E-3 4.06256E-3 4.81058E-3 6.24293E-3 7.88329E-3 7.6507E-3 9.25012E-3 1.09792E-2 1.16448E-2 1.47413E-2 1.17775E-2 1.02663E-2 8.05095E-3 9.05723E-3 8.99422E-3 1.34888E-2 1.48298E-2 1.4825E-2 2.09156E-2 2.52775E-2 2.5307E-2 2.98736E-2 2.52359E-2 3.07097E-2 2.90015E-2 2.09862E-2 1.62537E-2 1.5142E-2 1.36088E-2 1.4666E-2 1.35914E-2 1.45372E-2 1.50044E-2 1.29698E-2 1.2759E-2 1.25736E-2 1.23509E-2 1.14688E-2 1.02436E-2 1.27389E-2 1.19853E-2 1.50203E-2
3.36596E-3 4.81422E-3 6.07653E-3 6.14154E-3 2.04116E-2 1.84596E-2 1.12474E-2 2.61014E-3 1.83891E-3 1.24584E-3 3.85442E-3 2.70723E-3 3.7324E-3 1.63763E-3 5.7241E-4 4.97052E-4 9.60012E-4 2.25919E-3 2.14584E-3 2.35114E-3 2.83169E-3 3.32707E-3 3.17834E-3 4.23922E-3 5.12497E-3 6.07719E-3 9.35134E-3 1.13842E-2 1.43237E-2 1.03012E-2 7.67747E-3 8.86145E-3 8.30729E-3 1.01689E-2 1.60828E-2 2.08451E-2 1.74557E-2 2.11178E-2 2.2204E-2 2.29212E-2 2.67249E-2 3.01604E-2 2.78461E-2 2.86532E-2 2.49406E-2 2.27654E-2 2.01526E-2 1.89534E-2 1.74966E-2 2.09132E-2 2.0616E-2 1.89307E-2 1.66089E-2 1.43027E-2 1.34401E-2 1.26566E-2 1.39505E-2 1.47418E-2 1.95641E-2 1.81915E-2 1.62253E-2
8.10532E-3 1.97661E-3 4.69729E-3 2.60612E-2 1.86343E-2 1.62049E-3 2.64178E-2 1.41519E-2 5.26987E-3 1.97911E-3 1.55974E-3 1.62602E-3 2.16241E-3 2.45483E-3 1.20191E-3 5.64448E-4 7.46476E-4 1.25604E-3 8.80404E-4 1.8803E-3 3.09324E-3 3.82854E-3 3.85228E-3 3.68564E-3 4.80493E-3 5.33735E-3 6.83786E-3 9.80877E-3 1.22749E-2 9.52901E-3 6.70271E-3 8.60687E-3 9.49432E-3 1.20704E-2 1.30602E-2 1.55122E-2 1.73769E-2 1.8528E-2 1.91601E-2 2.22281E-2 2.21291E-2 3.49506E-2 2.92864E-2 2.5346E-2 2.00584E-2 2.59666E-2 3.47695E-2 2.75799E-2 2.45552E-2 1.92268E-2 1.97351E-2 1.5931E-2 1.44013E-2 1.53652E-2 1.25697E-2 1.30494E-2 1.29713E-2 1.37328E-2 1.39558E-2 1.5203E-2 1.69039E-2
1.1598E-2 6.70293E-3 3.80006E-3 3.55911E-2 7.93991E-3 2.29524E-3 1.80255E-3 2.20221E-2 1.3324E-2 3.68653E-3 4.03089E-3 9.74316E-4 9.11871E-4 1.27108E-3 8.34513E-4 6.90614E-4 6.8506E-4 5.0267E-4 8.91212E-4 1.94169E-3 4.89003E-3 4.48092E-3 3.16937E-3 3.27751E-3 3.43813E-3 4.14795E-3 4.41197E-3 5.5881E-3 7.45955E-3 8.55657E-3 8.05636E-3 9.01744E-3 1.07714E-2 7.45471E-3 9.53525E-3 1.1592E-2 1.79178E-2 1.83513E-2 1.81267E-2 1.90501E-2 2.2769E-2 2.29382E-2 2.33259E-2 2.38165E-2 1.99885E-2 1.69026E-2 1.78095E-2 2.32299E-2 3.05853E-2 2.27212E-2 1.17165E-2 1.42577E-2 1.6689E-2 1.6274E-2 1.46721E-2 1.19644E-2 1.26575E-2 1.34625E-2 1.48172E-2 1.63266E-2 1.64664E-2
2.42384E-2 2.87407E-2 3.18832E-2 4.44601E-2 1.51116E-2 2.7237E-3 8.25558E-3 4.21291E-2 4.1599E-2 2.41728E-2 8.47869E-3 3.18859E-3 2.21852E-3 1.11595E-3 2.05975E-3 9.21372E-4 1.33778E-3 1.7703E-3 1.13639E-3 3.47104E-3 6.61119E-3 2.23622E-3 2.36272E-3 3.16105E-3 3.277E-3 3.50459E-3 3.25654E-3 4.0352E-3 4.68837E-3 5.80747E-3 6.77597E-3 8.19392E-3 8.34809E-3 1.01761E-2 1.09631E-2 1.24809E-2 1.13614E-2 1.27878E-2 1.41086E-2 1.62936E-2 1.89917E-2 1.93445E-2 1.70429E-2 1.54606E-2 1.33997E-2 1.43809E-2 1.97756E-2 1.23656E-2 9.65156E-3 1.01721E-2 9.9542E-3 8.56112E-3 9.62631E-3 1.01407E-2 9.942E-3 1.18612E-2 1.26021E-2 1.1975E-2 1.40985E-2 1.77177E-2 1.70926E-2
1.28671E-2 3.19476E-2 2.90678E-2 3.74857E-2 4.80477E-2 8.11917E-3 1.7027E-2 6.3359E-2 1.29151E-2 3.46901E-3 1.15997E-2 3.05634E-2 7.18589E-3 1.67785E-3 5.66409E-3 4.16685E-3 1.05315E-3 1.51144E-3 5.36925E-3 1.59831E-3 1.85127E-3 7.57248E-4 1.36655E-3 2.29491E-3 3.18036E-3 3.22948E-3 3.06759E-3 3.59897E-3 3.66358E-3 4.38632E-3 4.70649E-3 6.39526E-3 8.12652E-3 9.33295E-3 1.14484E-2 1.19853E-2 1.06428E-2 1.26315E-2 1.26654E-2 1.34761E-2 1.36247E-2 1.29976E-2 8.66815E-3 1.1216E-2 1.16284E-2 9.77863E-3 1.3814E-2 1.16136E-2 1.20525E-2 7.34031E-3 6.16421E-3 5.9395E-3 6.72756E-3 5.60314E-3 7.49258E-3 1.00237E-2 8.2884E-3 8.04219E-3 9.77125E-3 1.02632E-2 1.19801E-2
6.44087E-2 6.45672E-2 6.81106E-2 5.29641E-2 3.77106E-2 4.62209E-3 4.52553E-2 7.81598E-2 1.18762E-2 5.00862E-3 3.45841E-3 1.65593E-3 2.40891E-2 5.6302E-2 2.71296E-2 6.77611E-3 2.29194E-3 9.21469E-4 2.03533E-3 1.35046E-3 9.33307E-4 6.17023E-4 9.81832E-4 1.24946E-3 1.90289E-3 2.77781E-3 3.07591E-3 3.38542E-3 3.47391E-3 3.85157E-3 4.64967E-3 5.78585E-3 5.77839E-3 7.35139E-3 1.00744E-2 1.02358E-2 1.28762E-2 1.18662E-2 1.09709E-2 1.16939E-2 1.05892E-2 1.21033E-2 8.84439E-3 8.55909E-3 1.19899E-2 1.16396E-2 1.24154E-2 1.15365E-2 1.43092E-2 7.80766E-3 5.40785E-3 4.95425E-3 6.3075E-3 6.02621E-3 6.05655E-3 9.43509E-3 1.04187E-2 8.64404E-3 7.47488E-3 7.15477E-3 6.84711E-3
1.00033E-1 8.36875E-2 5.71805E-2 9.66227E-2 3.37887E-2 1.46961E-2 1.09857E-2 8.99675E-2 4.38927E-2 3.02139E-2 1.57997E-2 2.03674E-3 4.88286E-3 9.92702E-3 7.72435E-2 3.298E-2 7.17656E-3 7.03666E-3 3.59722E-3 9.95551E-4 9.85674E-4 1.26753E-3 8.6308E-4 1.34965E-3 1.67406E-3 2.11307E-3 3.22032E-3 3.20343E-3 2.89045E-3 2.97925E-3 3.39513E-3 5.06841E-3 5.82713E-3 7.39743E-3 1.12588E-2 1.11185E-2 1.0928E-2 1.11253E-2 1.12979E-2 1.11114E-2 1.14756E-2 1.28019E-2 9.71138E-3 7.83188E-3 1.26423E-2 1.85919E-2 1.74805E-2 1.30477E-2 1.33819E-2 1.02955E-2 5.51773E-3 6.03021E-3 5.30886E-3 7.44232E-3 8.41566E-3 9.27441E-3 9.64269E-3 8.80003E-3 8.66723E-3 8.62932E-3 7.69146E-3
4.3217E-2 4.87626E-2 1.9199E-1 5.17621E-2 4.12779E-2 8.2875E-2 3.81729E-2 1.75283E-2 1.11093E-1 1.97032E-2 1.45055E-2 3.96774E-3 5.32164E-3 1.06869E-2 2.82193E-2 7.96537E-3 8.38706E-2 1.2803E-2 2.11684E-3 7.84152E-3 2.29159E-3 2.28351E-3 3.12815E-3 7.70044E-4 1.49771E-3 1.58441E-3 1.55723E-3 2.70973E-3 2.60933E-3 2.69225E-3 3.31098E-3 4.20589E-3 5.89148E-3 7.18351E-3 9.77896E-3 1.45035E-2 1.14492E-2 1.02663E-2 9.98437E-3 1.13128E-2 1.16181E-2 1.21736E-2 1.22838E-2 1.17685E-2 8.55214E-3 1.1094E-2 1.4036E-2 1.53856E-2 1.15385E-2 1.26062E-2 7.58196E-3 8.46526E-3 8.34662E-3 1.00819E-2 8.81867E-3 8.39269E-3 9.0785E-3 8.8543E-3 8.76572E-3 9.73774E-3 9.25133E-3
8.56134E-2 1.59109E-1 9.28173E-2 3.34252E-2 9.57624E-2 2.9457E-1 2.4106E-2 5.93546E-3 1.40642E-2 1.10719E-1 2.2002E-2 6.28405E-3 2.52287E-2 8.49871E-3 7.86879E-3 3.68138E-3 6.34846E-3 6.99456E-2 1.43554E-2 1.37014E-2 2.34702E-3 1.52448E-3 3.11698E-3 5.00107E-3 3.25745E-3 3.58299E-3 3.21952E-3 2.57555E-3 3.53386E-3 4.16392E-3 6.0182E-3 7.4983E-3 7.03491E-3 7.7452E-3 1.15897E-2 1.36005E-2 1.7715E-2 1.53607E-2 1.3076E-2 1.27835E-2 1.16829E-2 1.33333E-2 1.33054E-2 1.60291E-2 1.98229E-2 1.88441E-2 1.43046E-2 1.04627E-2 7.12807E-3 6.97742E-3 5.82584E-3 6.90695E-3 9.76314E-3 1.24993E-2 7.82448E-3 8.50607E-3 8.57878E-3 6.97401E-3 8.79802E-3 9.48619E-3 1.07582E-2
1.74736E-1 6.85141E-2 6.82497E-2 3.88903E-2 1.34978E-1 3.01089E-1 5.40201E-2 5.77248E-2 1.66415E-2 1.42608E-1 3.34328E-2 5.22236E-2 8.54156E-3 1.70076E-2 2.63869E-3 6.41629E-3 4.76361E-3 1.19011E-2 6.15516E-2 4.4161E-2 1.73454E-2 5.85447E-3 4.45884E-3 3.20098E-3 3.35516E-3 3.7161E-3 5.27656E-3 4.31844E-3 6.39286E-3 7.12648E-3 5.90494E-3 7.6985E-3 8.95031E-3 1.59393E-2 2.71161E-2 2.33844E-2 1.68389E-2 1.50762E-2 1.53032E-2 1.60843E-2 1.17316E-2 1.08369E-2 9.45272E-3 1.16848E-2 1.45014E-2 1.63543E-2 1.30022E-2 8.4925E-3 6.31653E-3 6.45122E-3 5.32671E-3 5.23369E-3 5.14721E-3 5.9234E-3 7.25021E-3 8.45898E-3 1.01913E-2 9.96641E-3 9.60415E-3 9.85253E-3 1.38415E-2
1.48637E-1 3.94852E-1 5.88156E-1 5.11494E-1 4.90436E-1 1.88684E-1 1.28162E-1 6.9679E-2 6.4353E-2 6.315E-2 1.13719E-1 4.36555E-2 1.61747E-2 7.2904E-2 5.50566E-3 9.67863E-3 2.97373E-3 5.34928E-3 3.10711E-3 4.10308E-2 6.87133E-2 2.0772E-2 1.94855E-2 1.11254E-2 2.89837E-3 1.35374E-3 2.89361E-3 2.05687E-3 4.08745E-3 3.29363E-3 4.1183E-3 5.20673E-3 8.24245E-3 1.12185E-2 2.44523E-2 2.40331E-2 1.37363E-2 1.46824E-2 1.79209E-2 1.63172E-2 1.47888E-2 1.36268E-2 1.71552E-2 1.55585E-2 2.04678E-2 1.91821E-2 1.36079E-2 1.53863E-2 1.64689E-2 1.38726E-2 1.22316E-2 1.93463E-2 2.2306E-2 1.77602E-2 1.4334E-2 1.74599E-2 2.11153E-2 1.68458E-2 1.81961E-2 1.98027E-2 1.53673E-2
2.75696E-1 1.5463E-1 2.08037E-1 6.10519E-1 4.79175E-1 4.38314E-2 7.39903E-2 1.51038E-1 2.2367E-2 1.31906E-2 1.01927E-1 1.42097E-1 1.36947E-1 3.41976E-2 1.64614E-2 1.80571E-2 1.71308E-2 2.99796E-3 2.19871E-3 1.82704E-3 1.74246E-2 6.41846E-2 3.54494E-2 2.07871E-2 9.5587E-3 4.14154E-3 1.67027E-3 1.63582E-3 2.51457E-3 2.71086E-3 3.95798E-3 6.80558E-3 9.53736E-3 1.3065E-2 1.60305E-2 2.29878E-2 2.05492E-2 2.2682E-2 2.98661E-2 2.72834E-2 3.04184E-2 2.75059E-2 2.44887E-2 3.20329E-2 2.86894E-2 2.77435E-2 2.45222E-2 2.65193E-2 2.68264E-2 3.47335E-2 3.59119E-2 3.29645E-2 2.09977E-2 1.41884E-2 1.85668E-2 1.84882E-2 1.38989E-2 1.62922E-2 2.14947E-2 1.3317E-2 1.4013E-2
9.94811E-2 9.3297E-2 1.81792E-1 3.71468E-1 5.46468E-1 2.25236E-1 4.90474E-1 3.81755E-2 6.75583E-2 1.90923E-2 1.98838E-2 4.01265E-1 4.60677E-2 4.19149E-2 5.62954E-2 1.9208E-2 2.36927E-2 1.26263E-2 7.33291E-3 1.9659E-3 5.61401E-3 3.68581E-2 8.33226E-2 2.50917E-2 1.9578E-2 1.06341E-2 4.06653E-3 1.81741E-3 2.68439E-3 2.08292E-3 3.77709E-3 7.80315E-3 1.04995E-2 1.62104E-2 2.14717E-2 2.76471E-2 2.68015E-2 1.93447E-2 2.22767E-2 2.40362E-2 3.24238E-2 4.82865E-2 3.70375E-2 3.38356E-2 4.15914E-2 3.56022E-2 2.9362E-2 3.29373E-2 3.28376E-2 2.80654E-2 1.89255E-2 1.99176E-2 2.06201E-2 2.13357E-2 2.37612E-2 2.07972E-2 1.79018E-2 1.6459E-2 1.40217E-2 1.37394E-2 1.34297E-2
1.13873E-1 1.12255E-1 2.83577E-1 4.52932E-1 1.25507E-1 2.54231E-1 3.84532E-1 7.3591E-2 7.01993E-2 2.42691E-2 6.24708E-2 4.58741E-1 4.39794E-2 1.92822E-2 1.34706E-2 3.44185E-2 5.56665E-2 1.1885E-1 3.26373E-3 2.11786E-3 2.56157E-3 8.1161E-3 3.78053E-2 7.40369E-2 2.2223E-2 2.71524E-2 5.90454E-3 2.9223E-3 1.72634E-3 3.89096E-3 4.91911E-3 7.16873E-3 1.22662E-2 1.71941E-2 2.36306E-2 3.32371E-2 3.79577E-2 3.65244E-2 3.28812E-2 3.23705E-2 4.14454E-2 5.69559E-2 4.61837E-2 4.17508E-2 4.23697E-2 3.88224E-2 3.85204E-2 5.33641E-2 3.04261E-2 2.66049E-2 2.50205E-2 2.55585E-2 2.22738E-2 2.31427E-2 2.45358E-2 2.35737E-2 2.21756E-2 1.54679E-2 1.55269E-2 1.55452E-2 1.57853E-2
3.30905E-2 8.35276E-2 3.6483E-1 4.27761E-1 3.05424E-1 4.15419E-1 2.54478E-1 2.76809E-1 6.6747E-2 1.64395E-2 9.47879E-2 3.23277E-1 2.31931E-1 4.87964E-2 2.59819E-2 7.93203E-3 2.94163E-2 1.96381E-1 5.479E-3 2.50277E-3 3.80404E-3 4.37051E-3 2.26988E-2 6.65486E-2 4.37632E-2 2.44199E-2 1.43692E-2 1.11053E-2 4.04586E-3 7.76463E-3 3.44418E-3 5.45841E-3 9.33967E-3 1.49702E-2 1.72789E-2 2.20666E-2 3.90871E-2 4.80736E-2 5.08732E-2 4.88429E-2 4.72012E-2 6.33468E-2 7.20515E-2 6.63336E-2 5.67933E-2 4.96982E-2 5.02729E-2 4.3671E-2 3.70656E-2 2.74896E-2 2.51607E-2 2.48165E-2 2.44396E-2 2.36085E-2 2.30693E-2 2.95885E-2 1.70989E-2 1.44913E-2 1.54179E-2 1.54229E-2 1.41374E-2
3.48856E-2 1.33865E-1 3.55795E-1 9.10643E-2 6.92597E-2 4.07515E-2 2.8463E-2 5.81236E-2 3.9428E-2 3.35251E-2 1.16546E-1 1.91004E-1 8.01493E-2 3.59122E-2 1.57639E-1 2.14736E-2 1.89255E-2 1.57441E-1 1.59907E-2 7.36364E-3 3.88403E-3 4.61018E-3 1.70282E-2 4.97998E-2 8.2977E-2 3.46039E-2 1.67316E-2 5.67261E-3 5.78709E-3 1.37368E-2 4.89761E-3 5.48545E-3 7.79795E-3 1.39656E-2 1.67033E-2 2.2266E-2 4.65633E-2 5.39085E-2 6.18931E-2 6.05959E-2 6.49721E-2 6.07851E-2 8.34202E-2 9.42708E-2 8.50589E-2 7.95726E-2 7.10555E-2 5.45348E-2 5.04914E-2 3.41002E-2 2.40653E-2 3.40929E-2 3.76353E-2 3.66425E-2 4.33126E-2 3.80576E-2 2.3617E-2 2.41954E-2 2.50175E-2 2.3391E-2 2.1661E-2
5.82765E-2 2.33371E-1 3.04006E-1 1.47165E-1 1.03868E-1 2.38001E-2 3.82571E-2 3.3709E-2 1.36705E-2 1.17286E-1 4.76086E-1 9.81832E-2 2.05759E-2 9.80532E-3 1.83152E-1 2.31847E-2 1.66319E-2 2.64317E-1 1.63719E-2 5.64936E-3 4.57482E-3 4.99586E-3 7.38819E-3 4.844E-2 1.2039E-1 2.72679E-2 8.0303E-3 7.70676E-3 1.0655E-2 2.75039E-2 8.42027E-3 8.18358E-3 1.40934E-2 1.69984E-2 1.80051E-2 2.3501E-2 5.40503E-2 6.93819E-2 6.79628E-2 7.45269E-2 7.23175E-2 7.1522E-2 9.39269E-2 1.07116E-1 1.05724E-1 9.37264E-2 9.28674E-2 7.07673E-2 6.59852E-2 5.21208E-2 5.60685E-2 5.07585E-2 5.16088E-2 4.66595E-2 5.16278E-2 4.8345E-2 4.36987E-2 4.69239E-2 3.82739E-2 3.83942E-2 3.67213E-2
2.0997E-1 2.53982E-1 9.073E-2 6.30501E-2 7.15117E-2 3.73948E-2 1.34519E-1 2.38653E-2 2.59451E-2 1.05831E-1 2.68853E-1 1.69586E-2 1.11597E-2 6.99348E-2 1.31381E-1 1.50712E-2 9.5057E-3 2.96959E-1 5.20927E-2 1.50337E-2 2.74759E-2 8.18249E-3 1.5638E-2 8.27041E-2 1.33858E-1 4.94787E-2 1.29358E-2 3.46568E-2 1.89378E-2 4.07717E-2 2.35143E-2 1.17156E-2 1.38144E-2 2.54133E-2 3.09638E-2 2.60731E-2 4.41143E-2 1.05046E-1 9.97926E-2 1.03914E-1 1.08821E-1 1.07318E-1 1.05745E-1 1.00269E-1 1.06891E-1 1.15261E-1 1.16887E-1 9.82826E-2 8.59382E-2 6.97483E-2 5.79809E-2 4.36494E-2 3.68539E-2 4.47141E-2 4.1917E-2 3.0905E-2 2.8126E-2 2.86186E-2 3.32873E-2 3.4104E-2 3.47834E-2
1.80227E-1 2.7779E-1 3.26015E-2 6.44645E-2 1.06943E-1 1.00844E-1 9.92128E-2 3.19232E-2 8.52428E-2 1.01644E-1 2.07134E-1 2.03032E-2 8.81383E-2 1.92015E-1 6.46856E-2 1.09091E-1 9.90046E-2 1.80753E-1 1.761E-1 1.21271E-2 1.68138E-2 3.00795E-2 4.51726E-2 1.03877E-1 1.53563E-1 1.52359E-1 3.24406E-2 5.26598E-2 2.77034E-2 3.61206E-2 3.91888E-2 2.28815E-2 3.16943E-2 5.48786E-2 6.24516E-2 6.16674E-2 8.83728E-2 8.1111E-2 8.79618E-2 1.07879E-1 8.10718E-2 9.60241E-2 9.28566E-2 9.16282E-2 1.02187E-1 1.10099E-1 1.07883E-1 1.04395E-1 8.55547E-2 7.58223E-2 6.42088E-2 5.07553E-2 3.72089E-2 2.86381E-2 1.98458E-2 1.16687E-2 1.35216E-2 1.53202E-2 1.8641E-2 2.44993E-2 2.69638E-2
