data/maxent/outputs/red_253.asc
ncols         426
nrows         180
xllcorner     -130.0
yllcorner     24.0
cellsize      0.16666666666666666
NODATA_value  -9999
[rows 27 to 53 of 180, columns 122 to 182 of 426]
3.17679E-2 3.43154E-2 3.50724E-2 3.74185E-2 5.37528E-2 5.02857E-2 3.91478E-2 3.68402E-2 3.63133E-2 2.91321E-2 2.68526E-2 2.37664E-2 2.37932E-2 3.59851E-2 4.69208E-2 4.97267E-2 5.46437E-2 5.86471E-2 6.92588E-2 7.92343E-2 7.8442E-2 7.1986E-2 7.87143E-2 8.98779E-2 9.92798E-2 8.93012E-2 9.13574E-2 9.56828E-2 8.38058E-2 7.34214E-2 8.64343E-2 1.08143E-1 1.04936E-1 7.33014E-2 4.49994E-2 3.33249E-2 2.88882E-2 2.9973E-2 2.9692E-2 2.93735E-2 2.82555E-2 2.66559E-2 2.62048E-2 2.45891E-2 2.20939E-2 2.40967E-2 3.17742E-2 4.09553E-2 4.10799E-2 3.8785E-2 3.51223E-2 3.1162E-2 3.0552E-2 3.3271E-2 3.58359E-2 3.78236E-2 3.68031E-2 3.29936E-2 3.15498E-2 3.07363E-2 3.82652E-2
1.45716E-2 1.66028E-2 2.54057E-2 3.03079E-2 3.91409E-2 3.74711E-2 3.23368E-2 2.87993E-2 2.81993E-2 2.5015E-2 2.26892E-2 2.39612E-2 2.21955E-2 2.26489E-2 2.82051E-2 4.11034E-2 4.93748E-2 4.93862E-2 4.62139E-2 4.7944E-2 5.58588E-2 6.1185E-2 7.851E-2 9.18925E-2 1.01344E-1 1.00424E-1 7.36846E-2 6.95104E-2 9.15213E-2 8.85004E-2 7.97293E-2 7.1349E-2 6.89717E-2 5.75545E-2 4.53704E-2 3.28129E-2 2.90504E-2 2.92884E-2 2.88538E-2 3.04054E-2 3.07007E-2 2.951E-2 2.92338E-2 2.73127E-2 2.68756E-2 2.75614E-2 3.35658E-2 4.19775E-2 3.28909E-2 3.12434E-2 2.85956E-2 2.56374E-2 2.58773E-2 2.69497E-2 2.91365E-2 3.54695E-2 4.15936E-2 3.33521E-2 2.94537E-2 3.03454E-2 3.83551E-2
1.48243E-2 1.97749E-2 2.10643E-2 3.10719E-2 4.27608E-2 4.46224E-2 3.83615E-2 2.92739E-2 2.65991E-2 2.36007E-2 2.31207E-2 2.37923E-2 2.08738E-2 2.17159E-2 2.65219E-2 2.57082E-2 2.42346E-2 2.64833E-2 3.61596E-2 4.83219E-2 5.21049E-2 5.5935E-2 7.55073E-2 7.86948E-2 1.39854E-1 1.50597E-1 1.25627E-1 1.0384E-1 4.95367E-2 6.07501E-2 5.11358E-2 6.55853E-2 6.28506E-2 4.02449E-2 3.05875E-2 3.15607E-2 3.08826E-2 2.7742E-2 2.72349E-2 3.37961E-2 3.736E-2 3.19846E-2 2.69749E-2 2.60729E-2 2.57804E-2 2.66997E-2 2.86058E-2 2.44069E-2 1.77713E-2 2.11317E-2 2.081E-2 1.98927E-2 1.97941E-2 2.04536E-2 2.53339E-2 3.03002E-2 3.59297E-2 3.97556E-2 3.40963E-2 2.91381E-2 3.05437E-2
2.69993E-2 2.80446E-2 2.79568E-2 3.87827E-2 4.5644E-2 4.79945E-2 4.36035E-2 3.78694E-2 3.65776E-2 3.12659E-2 2.98937E-2 2.80389E-2 2.36698E-2 2.54926E-2 2.90685E-2 2.8439E-2 2.47065E-2 2.60051E-2 3.52366E-2 4.53575E-2 4.6103E-2 4.50417E-2 4.589E-2 6.41546E-2 7.3092E-2 9.63317E-2 1.0561E-1 4.41113E-2 3.1133E-2 7.33344E-2 4.66212E-2 4.45682E-2 4.87651E-2 3.1638E-2 2.38771E-2 2.02125E-2 2.31883E-2 2.5348E-2 2.54558E-2 2.97302E-2 3.33521E-2 2.92625E-2 2.81288E-2 2.74449E-2 2.58524E-2 2.52106E-2 2.33978E-2 1.61355E-2 1.30335E-2 1.70393E-2 1.84606E-2 1.62445E-2 1.78873E-2 1.76739E-2 2.02662E-2 2.44516E-2 2.77418E-2 2.78488E-2 2.74863E-2 2.65822E-2 2.44336E-2
3.96739E-2 4.64087E-2 4.8196E-2 5.05642E-2 5.41976E-2 4.96932E-2 4.61107E-2 3.91622E-2 3.9184E-2 4.10063E-2 3.59714E-2 3.77942E-2 2.66957E-2 2.11656E-2 2.82854E-2 2.95687E-2 2.77581E-2 2.76363E-2 2.66881E-2 2.46283E-2 2.80242E-2 3.44684E-2 3.83441E-2 5.03892E-2 4.14545E-2 3.81538E-2 7.73172E-2 5.74086E-2 2.32989E-2 3.03467E-2 4.07117E-2 4.6026E-2 3.83122E-2 3.34744E-2 2.5399E-2 2.15372E-2 2.03411E-2 2.12965E-2 2.19415E-2 2.05454E-2 1.98535E-2 2.05822E-2 2.40512E-2 2.89752E-2 2.89866E-2 3.07043E-2 2.45534E-2 2.1019E-2 2.26086E-2 2.24161E-2 2.09265E-2 1.68963E-2 1.75821E-2 1.8289E-2 1.81883E-2 1.72087E-2 1.82046E-2 1.80495E-2 1.68588E-2 1.69676E-2 1.82572E-2
5.50757E-2 5.41529E-2 5.49911E-2 4.79353E-2 4.23721E-2 3.83669E-2 3.99965E-2 3.94725E-2 3.78504E-2 3.46297E-2 3.58585E-2 3.37568E-2 3.13287E-2 2.51572E-2 2.25951E-2 2.92853E-2 3.03192E-2 2.94915E-2 2.47821E-2 2.17374E-2 2.30433E-2 3.00683E-2 3.74662E-2 3.70087E-2 3.54067E-2 5.18905E-2 5.95569E-2 7.20781E-2 4.19598E-2 2.91736E-2 3.92478E-2 4.75086E-2 4.22008E-2 3.85517E-2 3.5407E-2 3.04229E-2 2.36559E-2 2.02575E-2 1.7697E-2 1.71005E-2 1.51741E-2 1.5062E-2 1.59806E-2 2.32258E-2 2.8292E-2 3.24096E-2 3.42686E-2 3.18276E-2 3.63239E-2 3.02234E-2 2.99439E-2 2.51612E-2 2.26098E-2 2.22437E-2 2.20699E-2 1.87965E-2 1.73157E-2 1.78658E-2 1.96616E-2 2.59331E-2 2.11044E-2
9.08158E-2 8.76036E-2 8.55218E-2 7.96207E-2 6.45434E-2 4.4777E-2 2.98303E-2 2.99373E-2 2.93048E-2 2.85959E-2 3.08625E-2 3.10403E-2 2.97531E-2 4.10928E-2 3.41575E-2 3.43049E-2 2.92658E-2 2.72769E-2 2.78166E-2 2.58668E-2 2.83517E-2 3.05186E-2 3.59533E-2 3.74401E-2 3.05314E-2 2.99708E-2 4.20457E-2 4.34087E-2 3.09039E-2 4.03858E-2 5.15512E-2 4.57261E-2 4.26554E-2 4.01191E-2 3.88083E-2 3.87483E-2 3.13243E-2 2.49715E-2 1.94693E-2 1.57968E-2 1.56E-2 1.69978E-2 2.11846E-2 2.74927E-2 2.8284E-2 3.12899E-2 3.71017E-2 3.8602E-2 4.53091E-2 4.58983E-2 4.98804E-2 3.67057E-2 2.86894E-2 2.38114E-2 2.32736E-2 2.29056E-2 2.71234E-2 2.36137E-2 2.37771E-2 2.74712E-2 2.70722E-2
1.27597E-1 1.28203E-1 1.21624E-1 1.27282E-1 8.86542E-2 7.38472E-2 4.9399E-2 3.62945E-2 3.11298E-2 2.84663E-2 2.81019E-2 3.32183E-2 3.87485E-2 4.35772E-2 4.26912E-2 4.60952E-2 3.54071E-2 2.63011E-2 2.8519E-2 2.65632E-2 2.75E-2 3.0457E-2 3.52374E-2 3.47561E-2 4.04367E-2 4.84691E-2 4.99423E-2 4.98643E-2 4.89794E-2 4.1648E-2 4.60671E-2 4.95365E-2 4.75305E-2 4.82944E-2 4.41555E-2 4.3511E-2 4.03808E-2 2.92791E-2 2.50312E-2 2.31807E-2 2.08064E-2 2.45676E-2 2.88702E-2 3.42208E-2 3.45958E-2 3.43645E-2 3.53744E-2 4.00971E-2 4.6369E-2 5.52514E-2 6.82058E-2 5.63249E-2 4.1775E-2 3.35483E-2 2.94418E-2 2.76828E-2 2.72231E-2 2.94967E-2 2.82473E-2 3.42045E-2 3.69782E-2
1.28789E-1 1.28172E-1 1.17781E-1 1.01484E-1 8.96857E-2 8.27304E-2 8.33345E-2 6.45303E-2 4.28241E-2 3.76095E-2 2.84344E-2 2.86156E-2 2.85464E-2 3.42672E-2 4.51967E-2 4.26229E-2 3.61031E-2 2.93781E-2 2.66267E-2 2.80672E-2 2.66572E-2 2.63072E-2 3.00203E-2 3.36285E-2 4.03747E-2 4.48785E-2 4.90446E-2 4.39919E-2 4.34259E-2 4.41041E-2 4.35998E-2 5.02948E-2 5.36335E-2 5.24233E-2 5.57073E-2 6.10338E-2 5.89092E-2 5.58949E-2 5.33563E-2 4.67503E-2 4.74805E-2 4.68978E-2 5.42284E-2 4.78442E-2 4.31315E-2 3.95508E-2 4.07137E-2 4.12794E-2 4.68724E-2 5.50764E-2 6.25433E-2 6.45711E-2 6.26003E-2 4.93867E-2 4.28099E-2 3.89993E-2 3.75037E-2 3.65753E-2 3.63696E-2 3.41437E-2 2.92867E-2
7.48675E-2 9.38262E-2 1.0792E-1 1.07861E-1 9.86169E-2 9.10818E-2 1.05333E-1 8.83892E-2 6.88604E-2 5.1821E-2 4.26399E-2 3.12583E-2 3.96108E-2 4.32546E-2 5.65333E-2 5.29429E-2 4.51697E-2 4.33402E-2 4.89794E-2 4.26951E-2 3.99606E-2 3.33161E-2 2.82358E-2 3.23015E-2 4.07687E-2 5.6454E-2 4.44226E-2 5.16156E-2 5.54369E-2 5.82099E-2 5.6321E-2 5.82755E-2 5.36234E-2 4.98178E-2 6.16177E-2 5.54263E-2 5.31896E-2 5.25443E-2 4.02655E-2 3.93079E-2 3.97117E-2 6.15857E-2 7.53183E-2 8.69396E-2 7.29592E-2 4.41908E-2 4.63387E-2 4.7543E-2 4.67684E-2 4.90888E-2 5.66568E-2 5.83101E-2 6.704E-2 5.81465E-2 4.93704E-2 4.63947E-2 4.03632E-2 4.78289E-2 4.01792E-2 3.90216E-2 3.99572E-2
6.70587E-2 9.28777E-2 1.06725E-1 1.03524E-1 9.2754E-2 8.41911E-2 7.40362E-2 7.47352E-2 6.5209E-2 4.44146E-2 4.83297E-2 3.95354E-2 5.15976E-2 6.75642E-2 6.27615E-2 6.20614E-2 6.47913E-2 6.31399E-2 5.21321E-2 4.29845E-2 3.7824E-2 3.27406E-2 3.15159E-2 3.84767E-2 5.18976E-2 6.16595E-2 4.53566E-2 5.07843E-2 5.88415E-2 6.56424E-2 6.33518E-2 5.85052E-2 4.51598E-2 5.419E-2 4.7585E-2 5.14843E-2 5.56167E-2 5.27116E-2 5.38412E-2 5.06831E-2 4.94927E-2 5.87817E-2 8.64217E-2 1.00183E-1 1.16744E-1 4.4945E-2 4.57928E-2 4.66723E-2 4.55788E-2 4.90576E-2 5.14531E-2 4.97331E-2 4.37497E-2 5.52556E-2 6.01396E-2 5.63736E-2 4.77244E-2 4.3169E-2 4.31218E-2 4.82457E-2 4.93812E-2
9.67547E-2 1.03876E-1 8.31125E-2 8.55775E-2 7.34295E-2 6.34539E-2 6.03608E-2 5.88223E-2 5.20444E-2 5.00872E-2 4.55237E-2 6.32522E-2 7.46763E-2 7.41217E-2 6.4632E-2 6.4881E-2 6.57824E-2 5.92806E-2 4.40687E-2 3.67016E-2 3.14006E-2 2.84547E-2 3.2047E-2 3.84463E-2 4.92412E-2 4.66089E-2 4.27785E-2 6.57764E-2 7.04705E-2 7.54824E-2 5.99337E-2 5.04472E-2 4.53338E-2 4.09493E-2 4.21136E-2 5.13613E-2 5.81238E-2 7.41657E-2 7.09545E-2 7.68489E-2 8.19982E-2 7.5886E-2 7.03107E-2 9.62347E-2 1.23862E-1 9.70663E-2 7.11041E-2 6.86076E-2 8.03677E-2 8.50881E-2 8.34096E-2 7.58728E-2 5.24304E-2 4.86542E-2 6.08045E-2 6.38007E-2 5.73265E-2 5.25196E-2 5.1883E-2 5.25895E-2 5.36856E-2
1.32362E-1 1.53137E-1 1.44327E-1 1.22114E-1 9.35057E-2 7.17997E-2 4.96295E-2 5.03095E-2 5.41903E-2 5.57997E-2 5.00488E-2 5.89501E-2 5.88712E-2 5.6021E-2 3.78534E-2 3.93756E-2 3.85687E-2 3.37683E-2 3.15898E-2 2.85343E-2 2.91646E-2 2.66757E-2 2.76781E-2 3.23943E-2 3.95906E-2 4.93884E-2 6.70409E-2 6.413E-2 6.39626E-2 6.48565E-2 4.19548E-2 4.33838E-2 4.5889E-2 4.20042E-2 5.17778E-2 6.42324E-2 7.14642E-2 7.22505E-2 5.77457E-2 6.06062E-2 6.48578E-2 6.78267E-2 5.7917E-2 6.94265E-2 7.11657E-2 6.49283E-2 8.0502E-2 8.43837E-2 6.10609E-2 5.97362E-2 5.60226E-2 6.46532E-2 6.21058E-2 6.05076E-2 5.63111E-2 5.56112E-2 5.98723E-2 5.88594E-2 5.99203E-2 5.69889E-2 5.24283E-2
1.654E-1 1.85271E-1 1.71487E-1 1.64249E-1 1.353E-1 9.78076E-2 6.48983E-2 5.53827E-2 5.785E-2 6.03294E-2 5.69724E-2 5.24105E-2 5.12135E-2 5.20695E-2 4.22007E-2 3.42625E-2 3.61438E-2 3.40077E-2 3.5441E-2 3.08011E-2 2.45608E-2 2.55952E-2 2.62943E-2 3.00598E-2 4.29911E-2 6.33423E-2 6.49442E-2 5.28389E-2 2.71102E-2 1.18938E-2 2.64763E-2 4.04342E-2 3.27202E-2 5.70847E-2 6.05107E-2 6.38978E-2 6.95996E-2 7.24674E-2 5.90046E-2 6.04634E-2 6.68436E-2 7.13615E-2 6.71067E-2 7.42705E-2 8.30846E-2 8.4048E-2 8.06221E-2 7.75464E-2 7.07774E-2 7.41491E-2 8.15785E-2 7.74238E-2 6.90927E-2 6.2747E-2 5.55035E-2 6.08697E-2 4.90827E-2 4.66188E-2 5.18058E-2 4.67268E-2 4.60134E-2
1.50688E-1 1.61255E-1 1.57571E-1 1.56553E-1 1.44556E-1 1.19742E-1 8.79533E-2 4.90722E-2 4.47113E-2 4.76716E-2 5.43571E-2 5.193E-2 4.43107E-2 5.43431E-2 5.06518E-2 4.12399E-2 4.9284E-2 3.47029E-2 2.59128E-2 2.46316E-2 2.37587E-2 2.63847E-2 2.86948E-2 3.84308E-2 4.72833E-2 5.43686E-2 4.28668E-2 4.18755E-2 1.52197E-2 1.75361E-2 1.60254E-2 4.3771E-2 5.99346E-2 6.4326E-2 7.24376E-2 7.40054E-2 6.65205E-2 6.48931E-2 5.51415E-2 5.65594E-2 6.85389E-2 8.3031E-2 8.08267E-2 7.2652E-2 7.58613E-2 8.3771E-2 9.13637E-2 8.2758E-2 7.2709E-2 6.72381E-2 7.48684E-2 7.11289E-2 6.91358E-2 5.36163E-2 5.00556E-2 4.52124E-2 4.29851E-2 4.97062E-2 4.1471E-2 4.69702E-2 3.99349E-2
1.45047E-1 1.30578E-1 1.25892E-1 1.29177E-1 1.45393E-1 1.24951E-1 9.68824E-2 5.14537E-2 5.04954E-2 5.24784E-2 4.39854E-2 3.77639E-2 3.65653E-2 4.10896E-2 3.66997E-2 3.86523E-2 3.48324E-2 2.75232E-2 2.77948E-2 2.56425E-2 2.56942E-2 2.83447E-2 3.55511E-2 3.86752E-2 2.09302E-2 1.37871E-2 1.28842E-2 1.74993E-2 1.31899E-2 1.32338E-2 1.39748E-2 2.25954E-2 8.5731E-2 6.58932E-2 7.48603E-2 7.59264E-2 5.97785E-2 5.78081E-2 5.73736E-2 5.83527E-2 6.11099E-2 7.08976E-2 8.07328E-2 9.68555E-2 1.0527E-1 1.1294E-1 9.06848E-2 7.51441E-2 7.02944E-2 7.41332E-2 7.09174E-2 6.5707E-2 7.1889E-2 5.62275E-2 4.48034E-2 3.82096E-2 3.86698E-2 4.2088E-2 4.63261E-2 5.36436E-2 4.13627E-2
1.07029E-1 9.66062E-2 9.43663E-2 1.10201E-1 1.21097E-1 9.97018E-2 8.9961E-2 7.29978E-2 7.33223E-2 6.07754E-2 5.95026E-2 5.17598E-2 5.59917E-2 3.67678E-2 2.45131E-2 2.56825E-2 2.33005E-2 2.14889E-2 2.48743E-2 2.57232E-2 2.40029E-2 2.70995E-2 3.58349E-2 2.77273E-2 2.20907E-2 1.40408E-2 1.17771E-2 8.02881E-3 7.68005E-3 1.10765E-2 1.50322E-2 2.15906E-2 8.64482E-2 8.49577E-2 6.98768E-2 5.93535E-2 6.42788E-2 7.15163E-2 6.97886E-2 6.78466E-2 7.9813E-2 7.55209E-2 8.10501E-2 8.9504E-2 8.77828E-2 8.38199E-2 8.72972E-2 8.52937E-2 8.58535E-2 7.6504E-2 7.79218E-2 7.15462E-2 6.94853E-2 7.32409E-2 4.80738E-2 3.81633E-2 3.57227E-2 4.89951E-2 5.14019E-2 5.55757E-2 4.81036E-2
9.22781E-2 8.84087E-2 8.81479E-2 9.2461E-2 8.67556E-2 6.10207E-2 6.13077E-2 5.94679E-2 6.94688E-2 6.67774E-2 7.68002E-2 8.14226E-2 6.44035E-2 3.78479E-2 2.38498E-2 2.00962E-2 2.14897E-2 2.12107E-2 2.66578E-2 2.89806E-2 2.44809E-2 2.62582E-2 3.14845E-2 2.44418E-2 2.71138E-2 2.56103E-2 1.92041E-2 1.62451E-2 8.91083E-3 1.78238E-2 2.79887E-2 2.64798E-2 6.55238E-2 7.41382E-2 5.3895E-2 4.87339E-2 5.90203E-2 5.76066E-2 6.4868E-2 6.78537E-2 6.31487E-2 7.10736E-2 7.18466E-2 8.22518E-2 8.84813E-2 9.59677E-2 8.97554E-2 7.78975E-2 7.26507E-2 7.68672E-2 7.64371E-2 7.47921E-2 6.39905E-2 6.94122E-2 6.11072E-2 3.63442E-2 3.5483E-2 4.17184E-2 4.85691E-2 5.69869E-2 5.47919E-2
7.71622E-2 6.36186E-2 5.79333E-2 6.14907E-2 5.35095E-2 4.65281E-2 5.55612E-2 7.60554E-2 1.0077E-1 1.11009E-1 1.04777E-1 6.57931E-2 5.49662E-2 3.6694E-2 2.53733E-2 2.42667E-2 2.50359E-2 2.47294E-2 2.55115E-2 2.76489E-2 3.44355E-2 3.21609E-2 3.86293E-2 4.16438E-2 6.01313E-2 4.63301E-2 2.60156E-2 5.03165E-2 4.20513E-2 2.10081E-2 2.89444E-2 4.62345E-2 5.36393E-2 5.27967E-2 4.35418E-2 5.60829E-2 6.66952E-2 6.62981E-2 7.88418E-2 6.92064E-2 6.69492E-2 6.1683E-2 6.52778E-2 7.14983E-2 8.03357E-2 8.13914E-2 9.03831E-2 8.18768E-2 7.83965E-2 8.57336E-2 8.26122E-2 5.91125E-2 5.43821E-2 4.46853E-2 5.35346E-2 3.59449E-2 3.79304E-2 3.94919E-2 4.48373E-2 5.56631E-2 5.10738E-2
7.57687E-2 6.56042E-2 5.69268E-2 5.30338E-2 4.56747E-2 6.09089E-2 8.96061E-2 1.07653E-1 1.16654E-1 9.49942E-2 8.74238E-2 5.8171E-2 6.24686E-2 5.48565E-2 6.25404E-2 4.29821E-2 3.75945E-2 3.71009E-2 3.44365E-2 3.79727E-2 4.47835E-2 5.53089E-2 5.50703E-2 4.20719E-2 4.22557E-2 4.1771E-2 2.78145E-2 4.45261E-2 5.9332E-2 3.59835E-2 6.38047E-2 7.37099E-2 6.48111E-2 5.03282E-2 4.15248E-2 4.86962E-2 7.40015E-2 7.81065E-2 6.93172E-2 6.61901E-2 7.1951E-2 6.6676E-2 6.77428E-2 7.54267E-2 8.54536E-2 8.739E-2 8.33385E-2 7.99952E-2 6.49271E-2 5.84451E-2 6.71682E-2 5.51243E-2 5.41379E-2 4.33611E-2 5.87568E-2 4.51847E-2 4.40862E-2 3.77001E-2 4.15083E-2 4.27555E-2 4.46657E-2
1.08108E-1 1.00002E-1 9.33305E-2 8.28155E-2 6.67788E-2 5.78707E-2 6.34871E-2 4.39425E-2 5.93506E-2 5.8367E-2 6.18505E-2 6.87269E-2 6.79543E-2 5.82578E-2 7.64561E-2 4.70182E-2 7.01282E-2 5.41523E-2 6.08614E-2 4.64211E-2 6.02947E-2 6.05581E-2 4.7937E-2 5.97939E-2 5.36879E-2 5.27576E-2 4.35688E-2 3.39802E-2 6.25694E-2 6.04862E-2 7.17908E-2 4.96358E-2 4.9403E-2 5.35505E-2 4.19263E-2 4.77686E-2 5.61886E-2 5.57358E-2 6.12864E-2 6.37852E-2 6.34686E-2 6.1726E-2 7.47194E-2 8.18832E-2 8.99034E-2 9.8148E-2 7.32902E-2 6.99094E-2 5.96736E-2 5.66165E-2 6.0447E-2 6.98915E-2 7.04347E-2 5.62349E-2 8.09715E-2 5.43809E-2 5.77597E-2 4.79975E-2 3.89546E-2 4.00704E-2 4.57796E-2
1.44729E-1 1.42917E-1 1.01383E-1 7.46013E-2 8.05459E-2 7.9596E-2 7.16841E-2 5.29381E-2 6.66406E-2 7.84009E-2 1.02339E-1 1.44401E-1 7.19054E-2 8.72946E-2 6.21906E-2 5.40598E-2 1.02048E-1 8.35083E-2 7.32532E-2 5.28115E-2 6.97426E-2 6.46983E-2 6.0673E-2 7.68502E-2 7.44352E-2 6.17094E-2 7.52829E-2 5.82156E-2 5.32254E-2 1.10971E-1 9.23851E-2 1.11495E-1 5.34679E-2 3.4157E-2 3.42313E-2 5.00948E-2 6.66653E-2 7.00046E-2 6.45982E-2 6.10959E-2 5.49547E-2 5.03078E-2 5.80856E-2 8.60927E-2 9.96323E-2 1.178E-1 1.00981E-1 8.06456E-2 6.69599E-2 7.07415E-2 7.24151E-2 6.80179E-2 5.90213E-2 5.91985E-2 7.64221E-2 1.06591E-1 6.74674E-2 5.47633E-2 4.50282E-2 4.3762E-2 4.54558E-2
1.31641E-1 1.072E-1 1.32387E-1 1.08882E-1 1.00013E-1 8.1887E-2 8.34636E-2 8.69007E-2 1.03307E-1 1.33871E-1 8.30896E-2 8.25781E-2 6.20058E-2 8.15998E-2 7.1022E-2 8.02183E-2 1.39226E-1 8.84061E-2 9.31282E-2 7.81745E-2 8.16364E-2 1.12106E-1 1.3507E-1 7.73389E-2 8.87474E-2 5.95141E-2 7.25176E-2 4.9464E-2 6.1126E-2 1.09437E-1 8.90995E-2 6.71751E-2 8.21891E-2 5.34349E-2 4.15727E-2 4.69014E-2 6.40196E-2 6.49881E-2 6.47618E-2 6.53364E-2 5.131E-2 5.46486E-2 6.71545E-2 8.21373E-2 9.80924E-2 8.39988E-2 7.0058E-2 6.94565E-2 5.8011E-2 6.19561E-2 6.84586E-2 7.5447E-2 7.57432E-2 7.60756E-2 7.92731E-2 1.05883E-1 1.00336E-1 6.5083E-2 5.46733E-2 5.81782E-2 5.73765E-2
1.80986E-1 1.23969E-1 1.02592E-1 1.07261E-1 9.44888E-2 1.07479E-1 1.73582E-1 1.11708E-1 1.57092E-1 1.41765E-1 1.26603E-1 1.02322E-1 9.70992E-2 8.14477E-2 9.93502E-2 9.40388E-2 8.35458E-2 1.01674E-1 1.65963E-1 1.39354E-1 6.39338E-2 8.64342E-2 1.37485E-1 7.02732E-2 6.40879E-2 5.8699E-2 6.00346E-2 6.19103E-2 5.67411E-2 8.57136E-2 7.49647E-2 6.96877E-2 7.79786E-2 6.77816E-2 5.44232E-2 6.18509E-2 5.31624E-2 4.91709E-2 6.93033E-2 8.10052E-2 6.47504E-2 6.3991E-2 7.16612E-2 8.66823E-2 9.04158E-2 8.94234E-2 7.36966E-2 6.77414E-2 7.386E-2 7.71489E-2 8.02071E-2 8.33625E-2 9.04261E-2 9.07254E-2 1.00689E-1 1.38809E-1 7.96972E-2 7.9847E-2 7.77216E-2 8.12529E-2 7.01849E-2
2.22416E-1 1.81587E-1 1.59866E-1 1.28389E-1 9.45596E-2 1.41091E-1 1.8561E-1 1.92193E-1 2.37845E-1 2.66821E-1 2.04098E-1 1.17085E-1 1.47069E-1 1.02073E-1 1.34269E-1 2.08984E-1 1.67046E-1 1.35619E-1 1.21533E-1 9.49597E-2 1.11487E-1 8.60137E-2 1.08113E-1 8.02266E-2 6.17712E-2 5.07604E-2 4.87671E-2 6.59773E-2 7.36181E-2 8.72597E-2 6.07742E-2 7.67313E-2 6.73712E-2 5.19486E-2 8.66184E-2 9.27402E-2 9.4026E-2 6.49286E-2 8.72411E-2 9.46922E-2 7.63761E-2 6.00797E-2 6.15023E-2 6.42836E-2 6.59576E-2 7.15063E-2 8.36165E-2 8.08175E-2 8.63687E-2 9.13397E-2 9.26704E-2 9.9869E-2 1.00603E-1 8.81358E-2 8.9839E-2 1.1478E-1 1.19928E-1 8.52098E-2 7.73886E-2 6.88734E-2 7.97831E-2
1.46279E-1 1.68425E-1 2.15039E-1 9.78928E-2 5.91031E-2 1.38567E-1 1.45707E-1 1.30805E-1 1.76619E-1 2.25624E-1 2.92071E-1 2.16331E-1 1.6977E-1 1.19095E-1 1.49328E-1 2.15763E-1 1.32521E-1 9.08245E-2 8.31753E-2 1.09256E-1 1.23085E-1 1.00126E-1 1.02103E-1 6.52796E-2 5.47979E-2 5.28215E-2 5.31785E-2 6.70439E-2 8.2219E-2 8.2979E-2 7.42355E-2 5.7737E-2 5.71105E-2 7.26507E-2 1.00203E-1 1.09004E-1 1.16164E-1 1.03299E-1 9.6061E-2 8.10558E-2 6.39589E-2 6.08032E-2 5.67848E-2 4.68174E-2 4.92984E-2 5.57534E-2 6.0482E-2 6.31703E-2 7.27507E-2 8.04977E-2 8.69962E-2 8.79894E-2 8.53227E-2 9.11044E-2 9.00014E-2 1.06058E-1 1.28791E-1 9.13541E-2 1.01533E-1 8.09374E-2 8.1038E-2
1.31303E-2 6.75485E-2 1.44991E-1 4.01289E-2 4.27999E-2 4.78641E-2 8.39777E-2 1.28408E-1 1.36411E-1 1.64603E-1 1.04416E-1 1.9861E-1 2.22195E-1 1.54654E-1 1.46257E-1 1.70595E-1 7.24339E-2 6.47917E-2 8.18423E-2 7.58628E-2 1.22747E-1 1.16252E-1 8.20662E-2 6.57687E-2 5.81058E-2 4.16225E-2 4.68012E-2 7.45209E-2 7.66855E-2 6.68032E-2 5.72175E-2 5.51352E-2 6.7602E-2 1.01746E-1 1.25559E-1 1.86838E-1 2.26642E-1 2.50062E-1 1.65645E-1 1.03036E-1 6.57719E-2 7.11788E-2 6.5612E-2 5.99476E-2 5.5107E-2 6.72465E-2 7.27467E-2 7.80966E-2 7.94568E-2 8.71423E-2 1.00053E-1 1.08838E-1 1.11999E-1 1.13336E-1 9.30721E-2 1.06717E-1 1.29016E-1 9.78923E-2 1.07443E-1 9.49956E-2 9.54882E-2
