data/maxent/outputs/red_107.asc
ncols         426
nrows         180
xllcorner     -130.0
yllcorner     24.0
cellsize      0.16666666666666666
NODATA_value  -9999
[rows 54 to 80 of 180, columns 122 to 182 of 426]
4.95621E-3 2.84406E-3 6.70149E-2 1.96805E-2 2.88744E-2 2.79243E-2 1.80447E-2 2.27131E-2 3.76416E-2 6.53954E-2 5.08812E-3 6.94288E-3 2.2488E-2 5.84131E-2 5.81973E-2 4.94324E-2 4.07761E-2 5.00734E-2 5.24258E-2 5.0628E-2 5.18836E-2 4.53606E-2 4.40583E-2 4.73471E-2 4.4697E-2 3.34737E-2 3.45048E-2 4.50505E-2 4.46086E-2 4.54468E-2 5.98922E-2 5.55372E-2 5.17205E-2 5.9351E-2 6.41247E-2 7.22999E-2 9.09393E-2 9.73513E-2 8.18043E-2 5.79763E-2 4.65708E-2 3.08177E-2 2.55671E-2 2.41537E-2 2.37421E-2 2.45054E-2 2.69988E-2 2.92582E-2 3.15604E-2 3.46898E-2 3.67692E-2 3.69663E-2 3.50261E-2 3.63319E-2 3.84369E-2 5.41601E-2 3.61412E-2 3.83762E-2 3.40588E-2 3.02508E-2 2.80649E-2
8.15872E-3 1.33392E-2 6.29661E-2 5.13413E-2 2.73772E-2 1.38321E-2 1.22975E-2 1.5718E-2 2.31901E-2 3.69493E-2 2.02866E-2 3.42106E-3 3.06585E-3 5.17325E-3 4.38924E-2 5.67449E-2 4.53749E-2 4.68629E-2 5.38307E-2 5.14511E-2 4.27038E-2 4.22161E-2 4.58533E-2 4.56096E-2 4.21807E-2 3.35776E-2 3.29651E-2 4.4123E-2 4.90043E-2 6.59132E-2 6.50304E-2 8.64816E-2 7.40647E-2 6.39445E-2 6.66717E-2 8.23364E-2 9.57355E-2 1.20207E-1 8.81742E-2 6.4332E-2 5.03977E-2 4.93613E-2 3.06483E-2 2.51132E-2 2.41974E-2 2.46525E-2 2.87043E-2 2.995E-2 3.17501E-2 3.34389E-2 3.21728E-2 3.4993E-2 4.46888E-2 5.51131E-2 7.27887E-2 3.65024E-2 3.95011E-2 3.91658E-2 3.59199E-2 2.93348E-2 2.81383E-2
4.75653E-3 9.30568E-3 1.94423E-2 5.44966E-2 2.94885E-2 2.22484E-2 1.2168E-2 1.39262E-2 1.21516E-2 1.55511E-2 3.29644E-2 6.09299E-2 7.61504E-3 2.03405E-3 3.61059E-3 1.31782E-2 5.80446E-2 5.33674E-2 4.52737E-2 4.34371E-2 4.70549E-2 4.35611E-2 4.53993E-2 4.81811E-2 4.453E-2 4.67853E-2 3.40446E-2 4.66592E-2 4.50673E-2 5.10038E-2 7.63611E-2 1.05158E-1 8.15884E-2 7.04212E-2 7.59578E-2 8.5487E-2 1.0008E-1 1.0573E-1 8.69598E-2 6.51874E-2 5.4881E-2 4.93826E-2 3.94661E-2 3.30194E-2 3.06579E-2 3.02155E-2 3.41457E-2 3.75574E-2 3.82508E-2 3.69432E-2 3.7797E-2 3.44856E-2 3.58226E-2 3.49534E-2 5.7361E-2 3.22283E-2 3.54183E-2 3.84424E-2 3.27171E-2 2.85575E-2 2.701E-2
8.70125E-3 1.9654E-2 4.41788E-2 5.0511E-2 3.11971E-2 2.20393E-2 1.74607E-2 1.30838E-2 1.0449E-2 9.17431E-3 1.55984E-2 4.3052E-2 3.75691E-2 3.22418E-3 8.99561E-4 1.59326E-3 1.66371E-2 5.39956E-2 4.51345E-2 4.16384E-2 4.03704E-2 4.01916E-2 4.23076E-2 4.5277E-2 5.01612E-2 4.92884E-2 4.69145E-2 4.23713E-2 3.94342E-2 4.70727E-2 6.83267E-2 6.598E-2 6.79451E-2 1.04049E-1 1.21682E-1 1.32413E-1 1.20268E-1 8.29083E-2 7.20752E-2 6.64788E-2 5.89731E-2 4.78055E-2 3.76856E-2 3.40926E-2 3.4212E-2 3.72629E-2 3.68361E-2 3.76351E-2 3.66864E-2 3.73276E-2 3.5681E-2 3.0896E-2 3.22505E-2 3.08618E-2 3.59791E-2 3.50075E-2 3.73924E-2 3.62674E-2 2.96909E-2 2.90912E-2 2.91622E-2
6.37371E-3 7.89853E-3 3.4712E-3 1.17848E-2 2.81902E-2 2.84333E-2 2.23828E-2 1.48701E-2 1.45682E-2 9.9967E-3 1.10647E-2 2.13754E-2 4.73088E-2 2.10074E-2 2.0729E-3 1.29838E-3 6.62351E-3 6.13589E-2 3.35965E-2 3.12597E-2 3.38015E-2 2.76711E-2 3.0706E-2 4.2179E-2 5.02488E-2 4.78585E-2 4.63837E-2 3.82767E-2 3.63399E-2 3.67803E-2 4.24591E-2 5.17707E-2 6.04328E-2 3.10352E-2 2.60929E-2 4.80353E-2 9.52036E-2 8.4695E-2 5.94735E-2 5.92357E-2 5.72632E-2 4.93979E-2 4.05185E-2 3.16684E-2 4.08567E-2 3.47967E-2 3.4855E-2 3.61494E-2 3.42815E-2 3.32222E-2 2.96328E-2 2.92293E-2 3.13121E-2 3.15643E-2 2.99725E-2 3.20279E-2 3.65843E-2 3.68399E-2 3.18583E-2 3.02371E-2 3.1098E-2
2.91321E-3 2.38699E-3 4.09033E-3 1.25025E-2 1.7481E-2 2.85355E-2 2.82021E-2 1.75624E-2 1.17411E-2 1.17218E-2 1.1243E-2 2.11832E-2 3.3589E-2 5.14962E-2 1.08474E-2 2.91208E-3 7.10521E-3 4.38722E-2 2.62977E-2 2.7283E-2 2.67714E-2 2.74633E-2 3.01775E-2 3.84412E-2 4.23755E-2 4.26958E-2 4.32592E-2 3.73951E-2 3.77707E-2 3.51379E-2 3.82901E-2 5.26842E-2 5.95272E-2 2.96561E-2 1.33599E-2 4.78734E-2 8.35459E-2 7.74004E-2 4.63654E-2 4.63577E-2 4.55745E-2 4.24654E-2 3.66275E-2 3.36271E-2 3.38462E-2 3.42411E-2 3.58188E-2 3.17428E-2 2.99735E-2 2.78488E-2 2.79683E-2 2.92242E-2 3.22376E-2 3.26279E-2 3.62749E-2 3.49667E-2 3.50376E-2 2.99746E-2 3.15169E-2 3.01429E-2 3.91269E-2
1.49017E-3 1.15837E-3 1.4888E-3 3.46424E-3 6.80113E-3 1.80701E-2 2.87651E-2 2.37355E-2 2.0588E-2 1.44926E-2 1.40289E-2 2.32076E-2 4.08147E-2 3.63511E-2 4.55791E-2 5.23749E-3 1.47121E-2 5.50651E-2 3.35291E-2 2.79071E-2 2.79601E-2 3.33904E-2 3.89728E-2 4.18935E-2 3.86544E-2 4.12381E-2 3.97587E-2 4.02904E-2 3.29032E-2 2.96931E-2 2.96758E-2 3.63529E-2 6.2444E-2 7.13138E-2 1.99073E-2 2.34552E-2 6.85791E-2 8.24812E-2 4.36229E-2 3.57825E-2 3.2755E-2 2.77464E-2 2.85242E-2 3.34755E-2 3.84916E-2 2.84887E-2 2.91036E-2 3.0667E-2 2.93212E-2 3.06477E-2 2.87426E-2 3.18966E-2 3.29519E-2 3.92714E-2 4.43011E-2 3.96054E-2 3.72363E-2 3.09559E-2 2.49021E-2 2.50526E-2 2.63586E-2
2.32754E-3 1.83918E-3 1.34635E-3 2.32039E-3 7.56271E-3 2.66262E-2 2.46818E-2 2.14295E-2 1.83509E-2 2.06735E-2 2.13729E-2 2.68152E-2 4.22155E-2 4.17678E-2 4.24273E-2 8.09176E-3 5.04299E-2 5.01056E-2 3.41438E-2 3.31281E-2 3.7281E-2 4.03768E-2 4.59169E-2 4.51462E-2 4.21762E-2 3.88881E-2 3.5609E-2 3.14004E-2 2.63099E-2 2.4996E-2 2.48455E-2 2.62075E-2 3.02977E-2 5.25659E-2 5.50781E-2 4.78535E-2 6.19504E-2 6.55482E-2 3.67483E-2 2.88741E-2 2.77694E-2 2.64211E-2 3.01977E-2 2.83441E-2 2.79452E-2 3.00375E-2 3.37389E-2 3.21336E-2 2.92512E-2 2.85201E-2 2.83974E-2 2.86443E-2 3.14616E-2 3.74185E-2 4.07986E-2 3.82444E-2 3.22045E-2 3.13841E-2 3.02806E-2 3.07056E-2 3.25766E-2
4.65051E-3 5.17794E-3 2.51273E-3 4.52397E-3 1.14098E-2 9.86164E-3 1.80041E-2 2.83466E-2 3.04095E-2 4.25157E-2 5.03324E-2 5.05861E-2 4.84314E-2 4.97885E-2 1.2821E-2 7.59088E-3 5.56864E-2 4.61507E-2 4.52313E-2 4.71968E-2 5.33328E-2 5.67101E-2 5.19805E-2 4.67903E-2 4.14166E-2 3.59368E-2 3.50128E-2 3.07465E-2 2.31571E-2 2.21291E-2 2.17014E-2 2.4785E-2 2.21621E-2 3.23153E-2 4.17882E-2 5.19318E-2 5.96938E-2 4.90398E-2 3.19866E-2 2.75298E-2 2.70315E-2 3.08542E-2 2.74008E-2 2.51282E-2 2.96586E-2 3.09561E-2 3.53164E-2 3.28838E-2 3.276E-2 3.04957E-2 3.01608E-2 3.04646E-2 2.92767E-2 3.78897E-2 4.50092E-2 4.1735E-2 4.03476E-2 3.84506E-2 3.50362E-2 4.09061E-2 4.13016E-2
2.46087E-3 9.56616E-3 2.23097E-2 2.67752E-2 2.78048E-2 1.93228E-2 1.67797E-2 1.92976E-2 2.67261E-2 3.9449E-2 3.61671E-2 2.58489E-2 3.25113E-2 1.20807E-2 4.87709E-3 2.46938E-2 5.87913E-2 4.87331E-2 4.29514E-2 4.68176E-2 4.4308E-2 6.04485E-2 5.38968E-2 4.85657E-2 4.21185E-2 3.47987E-2 2.98366E-2 2.57436E-2 2.52433E-2 2.54698E-2 2.35803E-2 2.21328E-2 2.01953E-2 2.27456E-2 2.76788E-2 3.81691E-2 4.26959E-2 3.72833E-2 2.85432E-2 2.68459E-2 2.64235E-2 2.26931E-2 2.09777E-2 2.66825E-2 3.01243E-2 3.00221E-2 2.94097E-2 2.81475E-2 2.9002E-2 2.84659E-2 3.07539E-2 3.05713E-2 3.44502E-2 4.03291E-2 4.25591E-2 4.76591E-2 4.30201E-2 4.31371E-2 4.41369E-2 4.64574E-2 4.63532E-2
9.8909E-4 1.93724E-3 1.02077E-2 2.66044E-2 2.00077E-2 1.37481E-2 1.23503E-2 1.04653E-2 9.53765E-3 9.84262E-3 1.39103E-2 1.56615E-2 1.88937E-2 2.90267E-2 3.51186E-2 5.31463E-2 4.61477E-2 4.45171E-2 4.37053E-2 4.61605E-2 5.02807E-2 5.6251E-2 6.07694E-2 5.47008E-2 4.70293E-2 3.61136E-2 2.78347E-2 2.7974E-2 2.77379E-2 2.63496E-2 2.41985E-2 2.00267E-2 2.25193E-2 2.72065E-2 2.46991E-2 3.03061E-2 3.09574E-2 3.20644E-2 3.21276E-2 3.03107E-2 2.40104E-2 2.26875E-2 2.84338E-2 2.92207E-2 2.76372E-2 3.01355E-2 2.85583E-2 2.95695E-2 2.63232E-2 2.70792E-2 3.50789E-2 3.50799E-2 3.69887E-2 3.54016E-2 3.60882E-2 3.78278E-2 4.22664E-2 4.46643E-2 5.0906E-2 5.18889E-2 5.17386E-2
6.40721E-4 1.48619E-3 2.39843E-3 2.01855E-2 2.44093E-2 1.66157E-2 1.33232E-2 1.18424E-2 9.95336E-3 1.15575E-2 1.43431E-2 1.73951E-2 2.40688E-2 2.77331E-2 3.49718E-2 3.74912E-2 3.97012E-2 4.27516E-2 4.25849E-2 4.76318E-2 4.87932E-2 5.25351E-2 5.76132E-2 5.52899E-2 5.32392E-2 4.45734E-2 3.64391E-2 3.23386E-2 3.0154E-2 3.23374E-2 3.0293E-2 2.93603E-2 3.20472E-2 2.87029E-2 2.95078E-2 2.77661E-2 2.79078E-2 3.3254E-2 3.16728E-2 3.07668E-2 2.50053E-2 2.5686E-2 2.6617E-2 2.66435E-2 2.74212E-2 2.63038E-2 2.61271E-2 2.72483E-2 2.95565E-2 3.20176E-2 3.24533E-2 3.23834E-2 2.98146E-2 3.17124E-2 3.14024E-2 3.59991E-2 3.81027E-2 3.97407E-2 4.52972E-2 5.12723E-2 5.35727E-2
1.65935E-3 1.09094E-3 1.33899E-3 3.65498E-3 2.63845E-2 2.51455E-2 1.6144E-2 1.34053E-2 1.4836E-2 1.91864E-2 1.93945E-2 2.47358E-2 3.12631E-2 3.16932E-2 3.70345E-2 3.61425E-2 4.17826E-2 4.12729E-2 4.29902E-2 4.83093E-2 5.2179E-2 4.68291E-2 4.56145E-2 4.57446E-2 3.67438E-2 3.98102E-2 3.69272E-2 3.66044E-2 3.91379E-2 4.39315E-2 5.07891E-2 4.64153E-2 3.94368E-2 3.54974E-2 2.84302E-2 2.51712E-2 3.23349E-2 3.2173E-2 2.85077E-2 2.58837E-2 2.40831E-2 2.67921E-2 2.65553E-2 2.89132E-2 2.87249E-2 2.77372E-2 2.75336E-2 2.70392E-2 2.71732E-2 2.89727E-2 2.90402E-2 3.08403E-2 3.0821E-2 2.91913E-2 3.10526E-2 3.29165E-2 3.77722E-2 4.32049E-2 4.79836E-2 4.91794E-2 5.20044E-2
2.48543E-3 1.8038E-3 1.38714E-3 1.48437E-3 3.55618E-3 2.71129E-2 3.41816E-2 3.05463E-2 2.60995E-2 2.7249E-2 2.21838E-2 2.73309E-2 1.86357E-2 1.41175E-2 2.36448E-2 4.01786E-2 4.5959E-2 4.58097E-2 4.44378E-2 6.31612E-2 4.68825E-2 6.06475E-2 6.32046E-2 6.01981E-2 4.57391E-2 3.36808E-2 3.00526E-2 2.82135E-2 3.17081E-2 4.13369E-2 5.54376E-2 4.56027E-2 4.14659E-2 4.09186E-2 3.92913E-2 3.94322E-2 4.16762E-2 3.43385E-2 3.2023E-2 3.42395E-2 3.54922E-2 2.96318E-2 2.56215E-2 2.61882E-2 2.56013E-2 2.54416E-2 2.42796E-2 2.53025E-2 2.76613E-2 3.08039E-2 3.15571E-2 2.76041E-2 2.92599E-2 3.14342E-2 3.20683E-2 3.5579E-2 4.11782E-2 4.34492E-2 5.21825E-2 5.5653E-2 6.13428E-2
2.2071E-3 2.63947E-3 2.6764E-3 1.92081E-3 2.16128E-3 4.70053E-3 1.83249E-2 3.56081E-2 2.53978E-2 2.05364E-2 2.56672E-2 2.58788E-2 2.91166E-2 3.16953E-2 4.01755E-2 3.61874E-2 3.28375E-2 4.30253E-2 4.02206E-2 5.16288E-2 1.77138E-2 1.31124E-2 1.65924E-2 3.36668E-2 5.68751E-2 4.24144E-2 3.23672E-2 2.99239E-2 2.81885E-2 3.5729E-2 5.2807E-2 3.95128E-2 3.36728E-2 2.93452E-2 2.64557E-2 3.12933E-2 3.55595E-2 4.35719E-2 4.63561E-2 4.12156E-2 3.45093E-2 2.50041E-2 2.33101E-2 2.43334E-2 2.41368E-2 2.3889E-2 2.51946E-2 2.83197E-2 3.0394E-2 3.15376E-2 3.39322E-2 3.52614E-2 3.81543E-2 3.36856E-2 3.79651E-2 3.95456E-2 4.47665E-2 4.77407E-2 5.16719E-2 5.35395E-2 4.91302E-2
2.22125E-3 2.51488E-3 3.36915E-3 3.34634E-3 4.00741E-3 5.71946E-3 6.75159E-3 1.12279E-2 1.59106E-2 1.88552E-2 2.35514E-2 3.11666E-2 3.82206E-2 4.1053E-2 4.45519E-2 4.16697E-2 4.31737E-2 5.15024E-2 3.74011E-2 4.5387E-2 1.44526E-2 9.03621E-3 6.10876E-3 9.58664E-3 3.37021E-2 5.7672E-2 4.37625E-2 3.19234E-2 2.96412E-2 3.05763E-2 2.74625E-2 1.85789E-2 2.16876E-2 2.35157E-2 2.1249E-2 2.1896E-2 2.73616E-2 3.38522E-2 3.74346E-2 3.72331E-2 3.14923E-2 2.30393E-2 2.47221E-2 2.4984E-2 2.45017E-2 2.55588E-2 2.84088E-2 2.99597E-2 3.21024E-2 3.68058E-2 3.82411E-2 4.06127E-2 4.14602E-2 3.64867E-2 4.24095E-2 4.0804E-2 4.58714E-2 4.89342E-2 4.93448E-2 4.89203E-2 4.83016E-2
1.90602E-3 2.52004E-3 2.91451E-3 3.7903E-3 5.14811E-3 9.53787E-3 1.12061E-2 1.18085E-2 1.2665E-2 9.95706E-3 7.63146E-3 6.08539E-3 1.46747E-2 2.59475E-2 1.61634E-2 3.78936E-2 5.44328E-2 4.12579E-2 1.41635E-2 2.19868E-2 2.65075E-2 2.18942E-2 1.58953E-2 1.17304E-2 1.31372E-2 3.31667E-2 4.46947E-2 3.33774E-2 2.44673E-2 2.61419E-2 2.30155E-2 2.39741E-2 1.87908E-2 2.09681E-2 2.38753E-2 2.94129E-2 3.21744E-2 3.26429E-2 3.57418E-2 3.83501E-2 3.33321E-2 2.62283E-2 2.56469E-2 2.62767E-2 2.64482E-2 2.60614E-2 2.76352E-2 3.0553E-2 3.5021E-2 4.03199E-2 4.10456E-2 4.15022E-2 4.20874E-2 4.29522E-2 4.35726E-2 4.13587E-2 4.23944E-2 4.59654E-2 4.45211E-2 4.52631E-2 4.61272E-2
3.43882E-3 2.60564E-3 4.52259E-3 6.79946E-3 6.4443E-3 1.09709E-2 9.99138E-3 9.78553E-3 9.05414E-3 9.83664E-3 1.08792E-2 1.3067E-2 1.8939E-2 3.06328E-2 3.32736E-2 3.22905E-2 4.60718E-2 3.70989E-2 2.02307E-2 2.91017E-2 3.24242E-2 3.52701E-2 2.56561E-2 1.9189E-2 1.91656E-2 2.95145E-2 3.99133E-2 3.23494E-2 2.84107E-2 3.4986E-2 3.16497E-2 2.26096E-2 1.88387E-2 1.9298E-2 2.49522E-2 2.98188E-2 3.61692E-2 3.79991E-2 3.25796E-2 3.06857E-2 2.81369E-2 2.71443E-2 2.40784E-2 2.51045E-2 2.64491E-2 2.95769E-2 3.09219E-2 3.60442E-2 4.40681E-2 4.58441E-2 4.50844E-2 4.36259E-2 4.09691E-2 4.00787E-2 4.21735E-2 4.3401E-2 4.18984E-2 4.16661E-2 4.30544E-2 4.36245E-2 4.27051E-2
5.74211E-3 5.2676E-3 8.80432E-3 8.6537E-3 1.20477E-2 1.35426E-2 1.14609E-2 1.20683E-2 1.0174E-2 9.31413E-3 1.14888E-2 1.58749E-2 2.31855E-2 3.07937E-2 4.43901E-2 4.80109E-2 5.07814E-2 4.41315E-2 3.55499E-2 3.8318E-2 4.58892E-2 4.06299E-2 3.42379E-2 2.8139E-2 2.39312E-2 4.26153E-2 4.49269E-2 4.12653E-2 4.54192E-2 4.59924E-2 3.6651E-2 2.47755E-2 2.15169E-2 2.25103E-2 2.66759E-2 3.05901E-2 3.64662E-2 3.81802E-2 3.84301E-2 3.66103E-2 3.0708E-2 2.72848E-2 2.40405E-2 2.51525E-2 3.04838E-2 3.8051E-2 4.56505E-2 4.86254E-2 5.32548E-2 5.44823E-2 5.17572E-2 4.60158E-2 4.32978E-2 4.21424E-2 4.40573E-2 4.64185E-2 4.53063E-2 4.33146E-2 4.08451E-2 4.03998E-2 4.09373E-2
7.91218E-3 6.06327E-3 1.27987E-2 1.75354E-2 1.76019E-2 1.53405E-2 1.25875E-2 9.49795E-3 1.10195E-2 6.84242E-3 7.4208E-3 1.36585E-2 2.15881E-2 2.80784E-2 3.63232E-2 4.77384E-2 4.81979E-2 3.75788E-2 2.80629E-2 3.00308E-2 4.17828E-2 3.85794E-2 3.76218E-2 3.25305E-2 2.39253E-2 4.02062E-2 4.40453E-2 5.32747E-2 5.87162E-2 5.8457E-2 5.2463E-2 4.27652E-2 4.3579E-2 4.13442E-2 3.10012E-2 4.28232E-2 4.48564E-2 3.5773E-2 2.79195E-2 2.99455E-2 3.39267E-2 3.02066E-2 2.50913E-2 2.52632E-2 3.29963E-2 4.40672E-2 5.1639E-2 6.07014E-2 6.41524E-2 5.98846E-2 5.33862E-2 4.77593E-2 4.39098E-2 4.33482E-2 4.37677E-2 4.47293E-2 4.48309E-2 4.15271E-2 4.16328E-2 4.44949E-2 4.54435E-2
1.33834E-2 1.32477E-2 1.82019E-2 1.94243E-2 1.97197E-2 1.89014E-2 1.31857E-2 1.06975E-2 1.1085E-2 1.05647E-2 9.12842E-3 1.42415E-2 2.15227E-2 1.38599E-2 2.55092E-2 3.64707E-2 4.16358E-2 2.92508E-2 1.16172E-2 9.70248E-3 1.08316E-2 2.53137E-2 3.47968E-2 2.95562E-2 2.16474E-2 1.70638E-2 4.55933E-2 5.24316E-2 5.39501E-2 5.46359E-2 5.54645E-2 5.03969E-2 5.08076E-2 4.87013E-2 3.78101E-2 3.68987E-2 3.77322E-2 3.92802E-2 3.32806E-2 2.85367E-2 2.55999E-2 2.75605E-2 2.87749E-2 2.92113E-2 3.92577E-2 4.72594E-2 5.66351E-2 7.05788E-2 7.12483E-2 5.92952E-2 5.15963E-2 4.51615E-2 3.46441E-2 3.66534E-2 4.1999E-2 4.04354E-2 4.24285E-2 4.34125E-2 4.21826E-2 4.69727E-2 4.74823E-2
1.53677E-2 2.00485E-2 2.06622E-2 1.73609E-2 2.1518E-2 1.62743E-2 1.70457E-2 1.2566E-2 1.40094E-2 1.5553E-2 1.93452E-2 2.52904E-2 2.52423E-2 1.2373E-2 1.17323E-2 1.66453E-2 2.74227E-2 2.76243E-2 9.80626E-3 3.97827E-3 2.42961E-3 1.05769E-2 3.0815E-2 2.53583E-2 2.03448E-2 1.19135E-2 3.70112E-2 4.844E-2 5.14224E-2 5.13295E-2 4.74811E-2 5.00667E-2 5.48135E-2 5.0528E-2 3.98444E-2 3.22409E-2 3.45415E-2 3.66527E-2 3.33168E-2 3.5978E-2 3.82861E-2 3.38227E-2 2.90814E-2 3.24891E-2 4.1934E-2 4.64433E-2 5.44976E-2 6.12188E-2 6.23388E-2 5.44033E-2 4.92413E-2 4.09832E-2 3.6432E-2 3.44995E-2 3.54798E-2 3.77223E-2 4.00792E-2 4.29532E-2 4.57698E-2 4.17093E-2 4.5167E-2
2.02433E-2 2.05088E-2 1.62082E-2 1.46636E-2 1.92347E-2 1.48673E-2 1.63552E-2 2.14315E-2 2.37269E-2 2.39616E-2 3.27314E-2 3.50966E-2 3.9918E-2 1.80431E-2 1.08233E-2 9.86368E-3 1.39606E-2 2.30677E-2 1.65669E-2 5.57144E-3 3.92631E-3 1.23743E-2 3.42475E-2 3.00945E-2 2.12701E-2 8.9923E-3 2.48888E-2 3.87478E-2 4.4994E-2 4.25575E-2 3.76592E-2 3.6191E-2 2.79527E-2 2.33567E-2 2.5986E-2 2.63797E-2 2.7771E-2 2.51312E-2 2.43641E-2 2.55187E-2 2.70312E-2 3.03793E-2 3.14404E-2 3.43409E-2 3.92646E-2 4.60838E-2 5.28107E-2 5.70123E-2 4.78028E-2 4.53206E-2 3.5022E-2 3.19493E-2 2.96253E-2 3.17634E-2 3.30962E-2 3.3161E-2 3.66096E-2 3.99333E-2 3.96911E-2 3.8126E-2 3.87965E-2
2.89639E-2 2.67195E-2 1.64767E-2 1.37309E-2 1.38851E-2 1.72827E-2 1.98348E-2 2.58099E-2 3.15313E-2 3.41103E-2 3.22073E-2 3.7424E-2 3.96258E-2 3.15658E-2 1.67125E-2 1.1588E-2 9.34931E-3 1.12593E-2 1.23306E-2 1.43137E-2 7.47555E-3 9.12891E-3 2.76518E-2 3.15356E-2 1.82299E-2 1.71527E-2 2.52637E-2 3.99009E-2 4.32529E-2 4.06832E-2 3.50046E-2 2.45891E-2 1.76899E-2 1.39651E-2 1.81472E-2 2.12632E-2 2.33051E-2 2.42586E-2 2.47346E-2 2.26027E-2 2.38274E-2 3.12471E-2 3.43362E-2 3.09408E-2 3.28963E-2 3.64483E-2 3.92151E-2 3.94699E-2 3.47909E-2 2.82683E-2 2.62937E-2 2.91873E-2 2.87464E-2 3.4469E-2 3.63368E-2 3.45811E-2 3.45632E-2 3.54486E-2 3.60749E-2 3.70377E-2 4.0313E-2
3.48818E-2 3.61022E-2 4.00232E-2 3.87649E-2 2.09439E-2 2.6211E-2 2.51071E-2 2.74619E-2 3.19185E-2 3.0039E-2 4.45822E-2 4.99694E-2 4.9219E-2 4.80989E-2 2.81309E-2 2.16789E-2 1.39058E-2 7.71644E-3 1.35546E-2 2.13563E-2 1.40765E-2 7.83886E-3 1.11316E-2 6.73184E-3 1.20443E-2 4.32242E-2 4.90454E-2 5.2794E-2 4.39999E-2 3.78477E-2 3.30755E-2 1.86875E-2 1.26215E-2 1.44564E-2 1.74088E-2 2.0385E-2 2.0644E-2 1.99887E-2 2.51561E-2 2.49708E-2 2.76812E-2 2.903E-2 3.37813E-2 3.46294E-2 3.10196E-2 3.20646E-2 3.12886E-2 3.39051E-2 3.30645E-2 3.19534E-2 2.54663E-2 2.91652E-2 2.75228E-2 3.0604E-2 4.30951E-2 4.42717E-2 4.03991E-2 3.38852E-2 3.58044E-2 3.6123E-2 3.72977E-2
4.5584E-3 7.2581E-3 1.47441E-2 3.85488E-2 3.85071E-2 3.40164E-2 3.63021E-2 1.86612E-2 2.46954E-2 3.76617E-2 5.26623E-2 6.50027E-2 6.21209E-2 3.86226E-2 2.84808E-2 2.18165E-2 2.91032E-2 9.16617E-3 1.33851E-2 3.03969E-2 1.78405E-2 1.00829E-2 5.38077E-3 3.74035E-3 1.455E-2 5.08838E-2 6.05719E-2 4.47974E-2 3.58463E-2 2.74244E-2 2.44587E-2 1.90107E-2 1.16568E-2 1.24782E-2 1.29318E-2 1.33277E-2 1.30782E-2 1.57149E-2 1.81758E-2 2.0437E-2 2.7705E-2 3.07224E-2 2.93145E-2 3.1032E-2 3.13232E-2 2.5405E-2 2.73678E-2 3.04019E-2 3.32549E-2 2.95584E-2 2.89842E-2 2.89572E-2 3.15675E-2 3.26434E-2 3.48618E-2 3.52667E-2 3.96149E-2 4.46503E-2 4.25837E-2 3.65504E-2 3.53851E-2
3.54767E-2 2.48951E-2 2.6567E-2 4.38633E-2 6.2605E-2 5.04284E-2 4.50529E-2 2.90403E-2 2.51292E-2 2.87299E-2 4.36834E-2 5.2233E-2 5.59379E-2 6.55072E-2 7.26292E-2 6.97743E-2 3.62399E-2 1.20834E-2 1.99365E-2 2.56179E-2 1.77315E-2 9.45721E-3 3.57302E-3 3.11479E-3 5.27302E-3 1.99267E-2 6.48962E-2 4.5892E-2 2.68622E-2 2.49768E-2 2.08111E-2 1.62966E-2 1.36293E-2 1.15639E-2 1.09281E-2 1.08991E-2 1.28358E-2 1.44341E-2 1.7365E-2 2.52284E-2 2.88077E-2 2.67633E-2 2.74688E-2 3.23882E-2 3.15931E-2 2.53947E-2 2.08202E-2 2.769E-2 3.63848E-2 3.22301E-2 3.05513E-2 3.48929E-2 3.36379E-2 3.64623E-2 3.5215E-2 3.12094E-2 3.13503E-2 3.62447E-2 4.43629E-2 4.20389E-2 4.22467E-2
