data/maxent/outputs/red_122.asc
ncols         426
nrows         180
xllcorner     -130.0
yllcorner     24.0
cellsize      0.16666666666666666
NODATA_value  -9999
[rows 54 to 80 of 180, columns 244 to 304 of 426]
1.90241E-1 1.83066E-1 2.15758E-1 2.38281E-1 2.75159E-1 2.60309E-1 2.70464E-1 3.15043E-1 3.71262E-1 4.62215E-1 4.53175E-1 4.54293E-1 3.77673E-1 2.90296E-1 2.92166E-1 3.01148E-1 3.05931E-1 3.08759E-1 2.94727E-1 4.38352E-1 5.00048E-1 4.86408E-1 4.67613E-1 4.52929E-1 4.35139E-1 3.90748E-1 3.17588E-1 3.03939E-1 2.91008E-1 2.79523E-1 3.04439E-1 3.21993E-1 3.50603E-1 3.50854E-1 3.70366E-1 4.12064E-1 3.39847E-1 2.89156E-1 3.12294E-1 3.44017E-1 3.76623E-1 3.65824E-1 3.72668E-1 3.62098E-1 3.37388E-1 3.03801E-1 2.71735E-1 3.92409E-1 6.367E-1 4.91702E-1 3.26989E-1 2.43241E-1 2.41239E-1 2.28808E-1 2.80784E-1 3.4111E-1 5.87974E-1 7.23256E-1 7.1665E-1 7.31189E-1 6.86316E-1
2.34612E-1 2.26993E-1 2.31916E-1 2.50934E-1 2.9329E-1 3.09584E-1 3.12403E-1 3.64012E-1 4.69264E-1 4.81793E-1 4.30399E-1 4.01207E-1 3.73693E-1 2.9594E-1 3.12104E-1 3.21962E-1 3.33896E-1 3.31608E-1 3.61271E-1 5.21185E-1 4.82716E-1 4.76185E-1 4.52893E-1 4.12845E-1 3.87287E-1 3.49539E-1 3.21723E-1 2.95123E-1 2.65813E-1 2.65384E-1 2.77061E-1 2.99611E-1 3.21504E-1 3.38299E-1 3.86535E-1 3.93649E-1 4.4633E-1 2.91319E-1 3.41869E-1 3.58558E-1 3.77742E-1 3.86314E-1 3.94777E-1 3.86973E-1 3.70357E-1 3.36091E-1 2.82466E-1 2.65524E-1 5.61327E-1 6.08061E-1 4.67221E-1 3.44137E-1 2.96664E-1 2.57932E-1 3.01771E-1 5.85684E-1 7.20573E-1 7.41467E-1 7.31549E-1 7.59277E-1 7.40881E-1
2.67916E-1 2.75213E-1 2.72046E-1 2.92171E-1 3.31079E-1 3.23565E-1 3.36168E-1 3.94305E-1 4.78776E-1 4.30694E-1 4.09532E-1 3.87335E-1 2.94715E-1 3.15893E-1 3.29743E-1 3.51706E-1 3.6384E-1 3.65396E-1 5.05095E-1 5.0992E-1 4.65908E-1 4.52641E-1 4.09918E-1 3.8349E-1 3.537E-1 3.39588E-1 3.2057E-1 3.12245E-1 2.89165E-1 2.85986E-1 2.70162E-1 2.91333E-1 3.09101E-1 3.33945E-1 3.44228E-1 3.78894E-1 4.46554E-1 2.94329E-1 3.44799E-1 3.8606E-1 3.85661E-1 3.87256E-1 3.92779E-1 3.9493E-1 3.71276E-1 3.30502E-1 2.84862E-1 2.9406E-1 6.40755E-1 6.4138E-1 6.37326E-1 5.8664E-1 6.53594E-1 5.31972E-1 4.06263E-1 4.14628E-1 7.42415E-1 7.26264E-1 7.2727E-1 7.87158E-1 7.97914E-1
2.77558E-1 2.96274E-1 3.01888E-1 3.34374E-1 3.65091E-1 3.57547E-1 3.42874E-1 3.77851E-1 4.0984E-1 4.20279E-1 3.95186E-1 3.57648E-1 3.06045E-1 3.29282E-1 3.53791E-1 3.80672E-1 3.91012E-1 3.71856E-1 5.20524E-1 4.73903E-1 4.44926E-1 4.22511E-1 3.84317E-1 3.62142E-1 3.40031E-1 3.25614E-1 3.07335E-1 3.58465E-1 3.1216E-1 2.94868E-1 2.92871E-1 3.03623E-1 3.26844E-1 3.24422E-1 3.50133E-1 3.80218E-1 4.54467E-1 3.05301E-1 3.41038E-1 3.8247E-1 3.92514E-1 4.14271E-1 4.02057E-1 3.89136E-1 3.70577E-1 3.29547E-1 3.08033E-1 6.27869E-1 6.44424E-1 6.5502E-1 6.36757E-1 5.82233E-1 5.89238E-1 6.14497E-1 7.36001E-1 7.91543E-1 7.51057E-1 7.39271E-1 7.2391E-1 5.0751E-1 6.06782E-1
2.81336E-1 3.00804E-1 3.20365E-1 3.41281E-1 3.73533E-1 4.27013E-1 4.00244E-1 4.03412E-1 4.10133E-1 4.14568E-1 3.96136E-1 3.20463E-1 3.02613E-1 3.32702E-1 3.61878E-1 3.87143E-1 3.94168E-1 4.37889E-1 4.6751E-1 4.40646E-1 4.30582E-1 4.0045E-1 3.68263E-1 3.59834E-1 3.3027E-1 3.07876E-1 3.22918E-1 3.42272E-1 3.26304E-1 3.19782E-1 3.13206E-1 3.09582E-1 3.21824E-1 3.23714E-1 3.58072E-1 4.41673E-1 3.29944E-1 2.8652E-1 3.23599E-1 3.48304E-1 3.94249E-1 4.14757E-1 4.07648E-1 3.81794E-1 3.52787E-1 3.13211E-1 5.23619E-1 5.87864E-1 6.04013E-1 6.59356E-1 6.87297E-1 7.04145E-1 6.33349E-1 6.04748E-1 7.02983E-1 7.78425E-1 7.40122E-1 6.71328E-1 6.79987E-1 7.36286E-1 7.16304E-1
2.79885E-1 2.97578E-1 3.70597E-1 4.26036E-1 4.09062E-1 5.23359E-1 4.68218E-1 4.25981E-1 4.30352E-1 4.28043E-1 3.99122E-1 2.86658E-1 3.07451E-1 3.31627E-1 3.62264E-1 3.76896E-1 3.99504E-1 4.91462E-1 4.42513E-1 4.41439E-1 4.32642E-1 3.90812E-1 3.75808E-1 3.56549E-1 3.39684E-1 3.19521E-1 3.28256E-1 3.43735E-1 3.3065E-1 3.26147E-1 3.1092E-1 3.1662E-1 3.20872E-1 3.41324E-1 4.22648E-1 3.14542E-1 3.25524E-1 4.09632E-1 5.42565E-1 4.78951E-1 3.94797E-1 4.14759E-1 4.17993E-1 3.8073E-1 3.33557E-1 4.39474E-1 5.88992E-1 5.84531E-1 6.14431E-1 6.84401E-1 7.46087E-1 7.60757E-1 7.0654E-1 6.46065E-1 5.74773E-1 6.2124E-1 6.71722E-1 6.32832E-1 6.26904E-1 6.62506E-1 6.67529E-1
2.80222E-1 2.96574E-1 3.4313E-1 3.67725E-1 3.83798E-1 5.09886E-1 4.42152E-1 4.37981E-1 4.45245E-1 4.06034E-1 2.92754E-1 2.94193E-1 3.1677E-1 3.44884E-1 3.69376E-1 3.86085E-1 4.05043E-1 4.78998E-1 4.45181E-1 4.43419E-1 4.26483E-1 4.00105E-1 3.82809E-1 3.63678E-1 3.48681E-1 3.45271E-1 3.53076E-1 3.4036E-1 3.3281E-1 3.33725E-1 3.28501E-1 3.33935E-1 3.63722E-1 4.27152E-1 3.22428E-1 4.02272E-1 4.39021E-1 4.34886E-1 5.16311E-1 6.44369E-1 4.81344E-1 4.0983E-1 4.19028E-1 3.9103E-1 3.60094E-1 5.22198E-1 6.16532E-1 5.99262E-1 6.30142E-1 6.93767E-1 7.51971E-1 7.40525E-1 6.66776E-1 5.81819E-1 5.00125E-1 6.11276E-1 6.57481E-1 6.61526E-1 6.48281E-1 6.90652E-1 6.7426E-1
3.17043E-1 3.53116E-1 3.36796E-1 3.48292E-1 3.57145E-1 3.96078E-1 4.12064E-1 4.34395E-1 4.43438E-1 4.2553E-1 3.06646E-1 3.0596E-1 3.36792E-1 3.65776E-1 3.90239E-1 3.96333E-1 4.60846E-1 4.71623E-1 4.4769E-1 4.42935E-1 4.26778E-1 4.09733E-1 3.9919E-1 3.80466E-1 3.78481E-1 3.47661E-1 3.44609E-1 3.40298E-1 3.36066E-1 3.43454E-1 3.52755E-1 3.56565E-1 4.23351E-1 3.37656E-1 3.96595E-1 4.10929E-1 3.88092E-1 4.22108E-1 4.7008E-1 5.60151E-1 6.30408E-1 3.91579E-1 4.29073E-1 4.17182E-1 3.85386E-1 5.42049E-1 6.66462E-1 6.277E-1 6.61749E-1 7.29205E-1 7.61445E-1 7.16263E-1 6.62468E-1 6.13947E-1 5.68743E-1 6.33125E-1 7.05915E-1 6.9687E-1 6.90202E-1 6.93525E-1 6.32316E-1
2.89077E-1 3.01244E-1 3.36956E-1 3.37692E-1 3.86611E-1 3.63951E-1 3.94148E-1 4.05247E-1 4.28467E-1 3.99502E-1 2.95453E-1 3.23689E-1 3.51129E-1 3.80918E-1 4.08781E-1 4.10052E-1 5.28711E-1 4.61506E-1 4.49039E-1 4.35774E-1 4.26797E-1 4.10724E-1 4.13091E-1 3.87917E-1 3.77881E-1 3.59875E-1 3.58008E-1 3.52566E-1 3.43733E-1 3.53119E-1 3.78838E-1 3.75244E-1 4.02319E-1 4.10637E-1 3.85869E-1 3.72149E-1 3.84243E-1 4.11954E-1 4.38788E-1 4.72843E-1 6.15404E-1 3.73459E-1 4.14912E-1 4.26753E-1 4.14551E-1 5.30097E-1 7.18215E-1 6.80036E-1 6.88823E-1 7.62394E-1 7.2868E-1 7.23101E-1 7.1479E-1 6.86637E-1 6.85664E-1 7.06456E-1 7.56773E-1 7.49653E-1 7.27977E-1 5.83985E-1 4.63825E-1
2.70067E-1 2.79381E-1 3.23802E-1 3.08657E-1 3.57404E-1 3.53701E-1 4.05373E-1 4.04679E-1 4.13578E-1 3.36064E-1 3.09203E-1 3.33953E-1 3.60038E-1 3.91468E-1 4.23672E-1 4.35545E-1 4.41825E-1 5.1676E-1 4.64971E-1 4.46046E-1 4.29178E-1 4.23891E-1 4.18744E-1 3.90252E-1 3.85008E-1 3.73559E-1 3.66957E-1 3.59646E-1 3.64923E-1 3.59987E-1 3.76551E-1 3.94222E-1 3.99993E-1 3.80495E-1 3.802E-1 3.82893E-1 3.84526E-1 3.89194E-1 4.09501E-1 4.45384E-1 5.43141E-1 4.08754E-1 4.08115E-1 4.22276E-1 4.18625E-1 5.8114E-1 7.20609E-1 6.93657E-1 7.12507E-1 7.94442E-1 7.85845E-1 7.45264E-1 7.30852E-1 6.9846E-1 6.70349E-1 7.22003E-1 7.73287E-1 8.1671E-1 6.06652E-1 4.54088E-1 3.88129E-1
2.50419E-1 2.63006E-1 2.98533E-1 3.04881E-1 3.26544E-1 3.58704E-1 3.94834E-1 4.06789E-1 4.17719E-1 3.18501E-1 3.29871E-1 3.5155E-1 3.84466E-1 4.12223E-1 4.40122E-1 4.53628E-1 4.54195E-1 5.5099E-1 5.15438E-1 4.64082E-1 4.33954E-1 4.27708E-1 4.24425E-1 4.02986E-1 3.94528E-1 3.87194E-1 3.82488E-1 3.72124E-1 3.67779E-1 3.68821E-1 3.78385E-1 3.84011E-1 3.86828E-1 3.90285E-1 3.8914E-1 3.86096E-1 3.74169E-1 3.82294E-1 3.90939E-1 4.22417E-1 5.01794E-1 3.94387E-1 3.80874E-1 4.82466E-1 6.73429E-1 7.42107E-1 7.49061E-1 7.38869E-1 7.82672E-1 8.30709E-1 8.15061E-1 7.66432E-1 7.31995E-1 6.65921E-1 5.94176E-1 6.79116E-1 7.37406E-1 8.20929E-1 7.83555E-1 6.69556E-1 5.22658E-1
2.68359E-1 2.69074E-1 3.07419E-1 3.12549E-1 3.33373E-1 4.15637E-1 4.01448E-1 4.26006E-1 4.48826E-1 3.41319E-1 3.46631E-1 3.78536E-1 4.00721E-1 4.27839E-1 4.58159E-1 4.76701E-1 4.71607E-1 4.7013E-1 5.4871E-1 4.65153E-1 4.43794E-1 4.39973E-1 4.37746E-1 4.17749E-1 4.00224E-1 3.96669E-1 3.83222E-1 3.7352E-1 3.70378E-1 3.73414E-1 3.78187E-1 3.80085E-1 3.87989E-1 4.05656E-1 3.92234E-1 3.93148E-1 3.8775E-1 3.89493E-1 3.98375E-1 4.34982E-1 4.90714E-1 5.65954E-1 5.44782E-1 7.36922E-1 7.36437E-1 7.93239E-1 8.44946E-1 8.27111E-1 8.373E-1 8.33292E-1 8.08806E-1 7.69956E-1 7.43927E-1 6.96408E-1 6.23852E-1 6.84336E-1 7.39912E-1 7.81425E-1 8.22322E-1 8.01196E-1 7.35982E-1
2.90858E-1 2.8202E-1 3.2004E-1 3.00883E-1 3.33741E-1 3.8125E-1 3.9375E-1 4.31877E-1 4.43731E-1 3.84863E-1 3.74079E-1 3.9881E-1 4.19104E-1 4.36194E-1 4.55376E-1 4.738E-1 4.73882E-1 4.6946E-1 5.53653E-1 4.60699E-1 4.55416E-1 4.60424E-1 4.46693E-1 4.1385E-1 4.00133E-1 3.98007E-1 3.94069E-1 3.78251E-1 3.77462E-1 3.8624E-1 3.90613E-1 3.95473E-1 3.98871E-1 4.21059E-1 4.08847E-1 4.04516E-1 4.15239E-1 4.12605E-1 4.17833E-1 4.63326E-1 5.43108E-1 6.27594E-1 6.55209E-1 7.02336E-1 7.39019E-1 7.91157E-1 8.25379E-1 8.34336E-1 8.39642E-1 8.0756E-1 7.91636E-1 7.77703E-1 7.69784E-1 7.61075E-1 7.62159E-1 7.32296E-1 7.28988E-1 7.42365E-1 7.34001E-1 7.2403E-1 6.77616E-1
2.69918E-1 2.92931E-1 2.82707E-1 3.02863E-1 3.45655E-1 3.59795E-1 3.88318E-1 3.9432E-1 4.13463E-1 4.45113E-1 3.93098E-1 4.17784E-1 4.40204E-1 4.56873E-1 4.68391E-1 4.83164E-1 4.84696E-1 4.8473E-1 5.66478E-1 4.61756E-1 4.46437E-1 4.48736E-1 4.42089E-1 4.1707E-1 3.96533E-1 3.89159E-1 3.83511E-1 3.8367E-1 3.99145E-1 3.97917E-1 4.03408E-1 4.10392E-1 4.24517E-1 4.46269E-1 4.52476E-1 4.64408E-1 4.60451E-1 4.65728E-1 4.75049E-1 5.384E-1 6.15394E-1 6.54753E-1 6.54721E-1 6.8839E-1 7.132E-1 7.52904E-1 7.67679E-1 7.68553E-1 7.5643E-1 7.46776E-1 7.44713E-1 7.47632E-1 7.26273E-1 7.51722E-1 7.90738E-1 6.41669E-1 5.32693E-1 4.23384E-1 3.77528E-1 3.63116E-1 3.52412E-1
2.7606E-1 2.79742E-1 2.81703E-1 2.87259E-1 3.59047E-1 3.91434E-1 3.8082E-1 4.01878E-1 4.01778E-1 4.72434E-1 4.04379E-1 4.37587E-1 4.6597E-1 4.87782E-1 5.01317E-1 5.17528E-1 5.13309E-1 4.96972E-1 5.52868E-1 4.56146E-1 4.76274E-1 4.64121E-1 4.51287E-1 4.44312E-1 4.09137E-1 4.01248E-1 3.91317E-1 3.87697E-1 3.86676E-1 3.86454E-1 3.99235E-1 4.13466E-1 4.38533E-1 4.6308E-1 4.74694E-1 5.177E-1 5.10866E-1 5.17464E-1 5.60691E-1 6.20924E-1 6.91573E-1 6.95844E-1 6.42078E-1 6.65117E-1 6.80718E-1 6.95728E-1 7.04098E-1 6.08472E-1 4.94068E-1 5.09648E-1 5.65307E-1 6.52219E-1 7.39836E-1 7.53869E-1 6.1379E-1 5.30476E-1 4.00537E-1 3.69143E-1 3.44168E-1 3.54553E-1 4.9626E-1
2.93044E-1 3.09248E-1 3.02751E-1 2.86126E-1 3.06628E-1 3.26958E-1 3.9181E-1 4.34443E-1 4.20857E-1 4.8272E-1 4.26258E-1 4.61648E-1 4.8787E-1 5.10688E-1 5.30959E-1 5.3646E-1 5.43112E-1 5.2861E-1 4.99291E-1 4.47211E-1 4.60542E-1 4.59349E-1 4.49721E-1 4.50673E-1 4.31707E-1 4.12588E-1 3.95993E-1 3.91343E-1 3.87853E-1 3.8151E-1 3.94737E-1 4.29604E-1 4.59083E-1 4.98459E-1 4.96171E-1 5.11197E-1 5.50333E-1 6.05724E-1 6.65796E-1 4.60199E-1 5.41597E-1 7.50313E-1 7.26703E-1 7.13884E-1 7.0686E-1 7.00658E-1 4.4156E-1 3.52382E-1 3.68435E-1 3.94179E-1 4.15989E-1 4.34038E-1 4.53003E-1 4.38589E-1 4.2605E-1 4.19465E-1 3.92418E-1 3.74531E-1 4.39821E-1 5.98889E-1 5.588E-1
3.0119E-1 3.37571E-1 2.98187E-1 2.87497E-1 3.02979E-1 3.31247E-1 3.92091E-1 4.12469E-1 4.32904E-1 4.93185E-1 4.37995E-1 4.68014E-1 5.03637E-1 5.33219E-1 5.57155E-1 5.70032E-1 5.77335E-1 5.51E-1 4.45446E-1 4.43824E-1 4.50979E-1 4.55183E-1 4.58427E-1 4.33978E-1 4.22542E-1 4.07067E-1 3.95564E-1 3.92038E-1 3.94181E-1 3.92395E-1 4.08269E-1 4.26246E-1 4.57828E-1 5.30055E-1 5.35767E-1 5.32969E-1 5.75668E-1 6.20477E-1 6.36414E-1 6.9331E-1 7.32216E-1 7.53063E-1 7.44025E-1 6.98147E-1 5.11773E-1 3.5936E-1 3.36171E-1 3.50331E-1 3.71348E-1 3.99446E-1 4.18252E-1 4.34956E-1 4.42543E-1 4.41881E-1 4.14361E-1 4.57779E-1 6.02495E-1 5.76654E-1 5.27476E-1 5.41112E-1 5.04708E-1
3.23473E-1 2.964E-1 2.93781E-1 2.98821E-1 3.05121E-1 3.34702E-1 3.93868E-1 4.23162E-1 4.60393E-1 4.78072E-1 4.7955E-1 4.67971E-1 5.0287E-1 5.34305E-1 5.60763E-1 5.73542E-1 5.80451E-1 4.28291E-1 4.33562E-1 4.61553E-1 4.45682E-1 4.39397E-1 4.37246E-1 4.18945E-1 4.15981E-1 4.08966E-1 4.01797E-1 3.94332E-1 4.06625E-1 4.10908E-1 4.23214E-1 4.4445E-1 4.47524E-1 4.76673E-1 5.02617E-1 5.10817E-1 5.58054E-1 6.19053E-1 5.99619E-1 6.98179E-1 7.57104E-1 7.31201E-1 4.93802E-1 3.86925E-1 3.71747E-1 3.48354E-1 3.49746E-1 3.59992E-1 3.83802E-1 3.79914E-1 4.25401E-1 4.47209E-1 4.69704E-1 5.46448E-1 6.58917E-1 5.99649E-1 5.43795E-1 5.18979E-1 5.05303E-1 5.07492E-1 4.9511E-1
3.13424E-1 3.0644E-1 3.09385E-1 3.15188E-1 3.13204E-1 3.48623E-1 3.83742E-1 4.32216E-1 4.72865E-1 5.02113E-1 5.22866E-1 4.59596E-1 4.97835E-1 5.20462E-1 5.39296E-1 5.62387E-1 4.93546E-1 4.55214E-1 4.80094E-1 4.83801E-1 4.66242E-1 4.51736E-1 4.34196E-1 4.29438E-1 4.17421E-1 4.16435E-1 4.14293E-1 4.14035E-1 4.14815E-1 4.08092E-1 4.17553E-1 4.17229E-1 4.23501E-1 4.47169E-1 4.7204E-1 5.0622E-1 6.10536E-1 3.93251E-1 4.69668E-1 4.32909E-1 5.1871E-1 4.71373E-1 4.18731E-1 4.06688E-1 3.86005E-1 3.73088E-1 3.70298E-1 3.6516E-1 3.86625E-1 4.46968E-1 5.65593E-1 6.63296E-1 5.90293E-1 5.58241E-1 5.26494E-1 5.09661E-1 4.98348E-1 5.01521E-1 4.93403E-1 4.95029E-1 4.78062E-1
3.15043E-1 3.08837E-1 3.13995E-1 3.11909E-1 3.25889E-1 3.60174E-1 3.83194E-1 4.38737E-1 4.67822E-1 4.97983E-1 4.94972E-1 5.36076E-1 4.88165E-1 5.57727E-1 5.51208E-1 4.95654E-1 4.5692E-1 4.63553E-1 4.97431E-1 4.76666E-1 4.60826E-1 4.46259E-1 4.35455E-1 4.31901E-1 4.30196E-1 4.358E-1 4.27715E-1 4.16973E-1 4.13137E-1 4.0053E-1 3.97071E-1 4.03566E-1 4.19709E-1 4.62011E-1 4.95078E-1 5.4492E-1 4.8171E-1 3.54942E-1 3.55089E-1 4.07845E-1 4.49583E-1 4.32593E-1 4.33614E-1 4.32497E-1 4.14517E-1 3.98887E-1 4.01769E-1 5.7939E-1 6.68889E-1 6.38945E-1 5.58177E-1 5.09249E-1 4.83449E-1 4.86436E-1 4.77473E-1 4.72869E-1 4.78974E-1 4.67942E-1 4.67456E-1 4.71446E-1 4.7228E-1
3.08172E-1 3.05713E-1 3.08916E-1 3.29522E-1 3.51369E-1 3.43669E-1 3.74564E-1 4.31593E-1 4.22355E-1 4.54742E-1 4.65798E-1 4.62324E-1 4.50169E-1 4.51338E-1 4.44681E-1 4.58082E-1 4.44475E-1 4.39298E-1 4.69272E-1 4.54777E-1 4.49551E-1 4.38683E-1 4.32373E-1 4.50147E-1 4.46219E-1 4.35243E-1 4.27632E-1 4.08992E-1 4.13593E-1 3.99498E-1 3.9128E-1 3.99205E-1 4.31619E-1 4.65177E-1 4.86774E-1 4.55383E-1 4.68192E-1 5.61558E-1 5.23161E-1 5.61188E-1 3.80085E-1 4.29112E-1 4.58714E-1 5.44911E-1 5.39484E-1 5.24579E-1 7.01648E-1 6.81728E-1 6.36873E-1 5.80045E-1 5.20056E-1 4.72258E-1 4.53917E-1 4.63869E-1 4.41816E-1 4.50516E-1 4.52513E-1 4.31588E-1 4.42652E-1 4.53724E-1 4.52994E-1
3.10249E-1 3.19287E-1 3.29722E-1 3.64386E-1 3.46343E-1 3.6749E-1 4.39041E-1 3.9052E-1 3.6434E-1 3.99365E-1 4.15981E-1 4.36686E-1 4.24744E-1 4.13944E-1 4.05005E-1 4.18841E-1 4.17682E-1 4.43349E-1 4.39171E-1 4.37917E-1 4.33544E-1 4.59098E-1 4.52881E-1 4.56061E-1 4.56768E-1 4.36048E-1 4.25702E-1 4.21664E-1 4.10883E-1 4.10901E-1 3.98362E-1 4.04362E-1 4.20195E-1 4.32756E-1 4.27185E-1 4.41374E-1 4.50196E-1 4.75778E-1 5.06718E-1 5.22298E-1 5.87097E-1 6.06933E-1 6.16175E-1 6.26779E-1 6.7059E-1 6.8173E-1 6.68932E-1 6.4594E-1 6.16956E-1 5.55129E-1 4.87511E-1 4.71295E-1 4.08607E-1 3.95103E-1 4.08043E-1 4.3058E-1 4.37954E-1 4.3559E-1 4.34394E-1 4.36247E-1 4.42736E-1
3.68167E-1 3.59959E-1 3.79768E-1 3.80257E-1 4.20455E-1 3.8047E-1 4.43791E-1 3.94502E-1 3.66301E-1 3.6502E-1 3.91949E-1 4.13746E-1 4.03601E-1 3.88524E-1 3.98381E-1 4.11043E-1 4.33077E-1 4.46545E-1 4.36503E-1 4.38684E-1 4.52597E-1 4.73894E-1 4.66723E-1 4.64632E-1 4.55453E-1 4.6624E-1 4.41651E-1 4.20318E-1 4.32069E-1 4.38616E-1 4.22427E-1 4.19337E-1 4.17287E-1 4.24109E-1 4.40717E-1 4.45259E-1 4.53482E-1 4.61134E-1 4.55564E-1 4.47511E-1 4.6915E-1 4.67907E-1 5.03012E-1 5.3967E-1 5.81575E-1 6.15598E-1 6.26562E-1 6.09717E-1 5.82276E-1 5.37241E-1 4.70805E-1 4.37546E-1 4.11306E-1 4.14932E-1 3.98168E-1 4.11789E-1 4.27835E-1 4.34102E-1 4.08892E-1 4.17275E-1 4.52479E-1
3.65875E-1 3.49658E-1 3.67247E-1 3.89107E-1 3.63188E-1 3.69827E-1 3.70575E-1 3.75187E-1 3.91399E-1 3.99275E-1 4.07982E-1 4.10532E-1 4.10232E-1 4.00918E-1 3.9756E-1 3.93504E-1 4.11862E-1 4.20901E-1 4.3707E-1 4.55831E-1 4.61162E-1 4.58398E-1 4.57128E-1 4.61194E-1 4.7872E-1 4.95594E-1 4.41554E-1 4.30525E-1 4.31326E-1 4.39996E-1 4.51152E-1 4.49946E-1 4.4775E-1 4.61562E-1 4.72214E-1 4.52472E-1 4.6388E-1 4.65326E-1 4.5589E-1 4.53623E-1 4.5137E-1 4.56745E-1 4.76514E-1 5.02433E-1 5.29159E-1 5.47257E-1 5.84724E-1 5.84819E-1 5.55575E-1 5.30185E-1 4.7922E-1 4.44658E-1 4.22125E-1 4.14801E-1 4.214E-1 4.22531E-1 4.29473E-1 4.43427E-1 4.32313E-1 4.25455E-1 4.46534E-1
3.5698E-1 3.57107E-1 3.6619E-1 3.77053E-1 3.8863E-1 3.7691E-1 3.72176E-1 3.74094E-1 3.84095E-1 3.92629E-1 3.9527E-1 4.04058E-1 4.09209E-1 4.13518E-1 4.04757E-1 4.1596E-1 4.1937E-1 4.36031E-1 4.53671E-1 4.70748E-1 4.73115E-1 4.6691E-1 4.67031E-1 4.68111E-1 4.69996E-1 4.71608E-1 4.68691E-1 4.64339E-1 4.57017E-1 4.48103E-1 4.55104E-1 4.63124E-1 4.72531E-1 4.66511E-1 4.60734E-1 4.54238E-1 4.54677E-1 4.55861E-1 4.4313E-1 4.41227E-1 4.46059E-1 4.52485E-1 4.5702E-1 4.61342E-1 4.71295E-1 4.80464E-1 5.28067E-1 5.41638E-1 5.15346E-1 5.07968E-1 4.80579E-1 4.45745E-1 4.37789E-1 4.28055E-1 4.49768E-1 4.78992E-1 4.57895E-1 4.51289E-1 4.69704E-1 4.82651E-1 4.82321E-1
3.75571E-1 3.84139E-1 3.75853E-1 3.81049E-1 3.99274E-1 3.9883E-1 3.9916E-1 3.96516E-1 4.07424E-1 4.24668E-1 4.08583E-1 4.0183E-1 4.09803E-1 4.15443E-1 4.24049E-1 4.45757E-1 4.5166E-1 4.75829E-1 4.9193E-1 5.02778E-1 5.00071E-1 4.84926E-1 4.84312E-1 4.64295E-1 4.67938E-1 4.71467E-1 4.76662E-1 4.7807E-1 4.75205E-1 4.57856E-1 4.73669E-1 4.98147E-1 4.80245E-1 4.67745E-1 4.66872E-1 4.6283E-1 4.5733E-1 4.50363E-1 4.46255E-1 4.57652E-1 4.70058E-1 4.63683E-1 4.55104E-1 4.47646E-1 4.44427E-1 4.5562E-1 4.67557E-1 5.11174E-1 5.00326E-1 4.89257E-1 4.74008E-1 4.66591E-1 4.65046E-1 4.80259E-1 4.86167E-1 4.93156E-1 4.93268E-1 4.68628E-1 4.62192E-1 4.80871E-1 4.77364E-1
4.21999E-1 4.3873E-1 4.38618E-1 4.07775E-1 4.12918E-1 4.13072E-1 4.05972E-1 4.1742E-1 4.06868E-1 4.0569E-1 4.02847E-1 4.07093E-1 4.13844E-1 4.25774E-1 4.40606E-1 4.63525E-1 4.72899E-1 4.84609E-1 4.97722E-1 5.05656E-1 4.97681E-1 4.89183E-1 4.85989E-1 4.72021E-1 4.67087E-1 4.74026E-1 4.7567E-1 4.69252E-1 4.90045E-1 4.83444E-1 4.60977E-1 4.66744E-1 4.61242E-1 4.60068E-1 4.65447E-1 4.64083E-1 4.59586E-1 4.47659E-1 4.46514E-1 4.63377E-1 4.53757E-1 4.63305E-1 4.66341E-1 4.66733E-1 4.54337E-1 4.45628E-1 4.57097E-1 4.90585E-1 5.10376E-1 4.86256E-1 4.80219E-1 4.92439E-1 5.03373E-1 5.12167E-1 5.30606E-1 5.46542E-1 5.45611E-1 5.14005E-1 4.89261E-1 4.78373E-1 4.90943E-1
