data/maxent/outputs/red_325.asc
ncols         426
nrows         180
xllcorner     -130.0
yllcorner     24.0
cellsize      0.16666666666666666
NODATA_value  -9999
[rows 108 to 134 of 180, columns 183 to 243 of 426]
2.09018E-2 2.22284E-2 2.73084E-2 3.24016E-2 3.51644E-2 3.85643E-2 4.20913E-2 4.60412E-2 5.36324E-2 6.37803E-2 7.32119E-2 8.80345E-2 1.10353E-1 1.17461E-1 1.1104E-1 1.12572E-1 1.10375E-1 1.29796E-1 1.35659E-1 1.45788E-1 1.46051E-1 1.42821E-1 1.65962E-1 1.58207E-1 1.65864E-1 2.18959E-1 1.83631E-1 1.81254E-1 1.6615E-1 1.43196E-1 1.45018E-1 1.5399E-1 1.62366E-1 1.53442E-1 1.47128E-1 1.46981E-1 1.39008E-1 1.23178E-1 1.0553E-1 1.00063E-1 6.99829E-2 6.91641E-2 6.86931E-2 6.73049E-2 6.81857E-2 7.51051E-2 7.35224E-2 9.58748E-2 1.18719E-1 1.73795E-1 2.12523E-1 2.03532E-1 2.01583E-1 1.78397E-1 1.98818E-1 1.52848E-1 1.86278E-1 1.77092E-1 1.91517E-1 2.08767E-1 1.63275E-1
2.01001E-2 2.36508E-2 2.82719E-2 3.28546E-2 3.94193E-2 4.55994E-2 4.73673E-2 5.02211E-2 5.72193E-2 7.22881E-2 8.88233E-2 1.07203E-1 1.37671E-1 1.34053E-1 1.25393E-1 1.27126E-1 1.233E-1 1.3299E-1 1.45306E-1 1.50265E-1 1.43973E-1 1.48265E-1 1.47428E-1 1.54507E-1 1.62832E-1 1.83661E-1 2.00445E-1 2.12893E-1 1.87688E-1 1.56333E-1 1.47665E-1 1.58516E-1 1.62974E-1 1.694E-1 1.43121E-1 1.32683E-1 1.25589E-1 1.08316E-1 1.09833E-1 1.03072E-1 9.42173E-2 7.64528E-2 7.39265E-2 7.65473E-2 8.04382E-2 9.18242E-2 9.79948E-2 1.15159E-1 1.39484E-1 1.8459E-1 2.17359E-1 2.2341E-1 2.12147E-1 1.87019E-1 2.30648E-1 1.8206E-1 1.81309E-1 1.94927E-1 1.88359E-1 1.90124E-1 1.57452E-1
2.83629E-2 3.15187E-2 3.37989E-2 4.13028E-2 4.87012E-2 5.13442E-2 5.74451E-2 5.85022E-2 6.793E-2 8.09215E-2 1.0596E-1 1.36443E-1 1.50719E-1 1.39632E-1 1.33876E-1 1.32817E-1 1.4066E-1 1.5513E-1 1.57525E-1 1.54572E-1 1.49951E-1 1.47346E-1 1.48236E-1 1.40796E-1 1.51243E-1 1.80836E-1 2.01379E-1 1.93495E-1 1.70084E-1 1.43149E-1 1.27503E-1 1.24782E-1 1.18006E-1 1.19624E-1 1.31314E-1 1.08971E-1 9.80647E-2 8.8333E-2 9.0422E-2 8.85025E-2 8.30696E-2 6.54896E-2 6.72994E-2 9.48655E-2 1.05736E-1 9.58503E-2 1.00895E-1 1.35085E-1 1.73812E-1 1.91993E-1 2.25543E-1 2.33601E-1 2.39279E-1 2.12669E-1 2.32719E-1 2.02776E-1 1.83161E-1 2.05414E-1 1.68561E-1 1.683E-1 1.70647E-1
3.2888E-2 3.46555E-2 4.12479E-2 4.74044E-2 5.58958E-2 5.92891E-2 6.34115E-2 7.70294E-2 8.78029E-2 1.11119E-1 1.2478E-1 1.40215E-1 1.45863E-1 1.59404E-1 1.53882E-1 1.53698E-1 1.59019E-1 1.73764E-1 1.72236E-1 1.62681E-1 1.56847E-1 1.61089E-1 1.72935E-1 1.80822E-1 1.67959E-1 1.59866E-1 1.66096E-1 1.84168E-1 1.44842E-1 1.25206E-1 1.34303E-1 1.09651E-1 1.00377E-1 1.03547E-1 9.37912E-2 7.71554E-2 7.1501E-2 6.63581E-2 6.06606E-2 6.11903E-2 5.68124E-2 5.86289E-2 6.62449E-2 7.80347E-2 1.1409E-1 1.01793E-1 1.17878E-1 1.47567E-1 1.91194E-1 2.09971E-1 2.17297E-1 2.20433E-1 2.40076E-1 2.45829E-1 2.31614E-1 2.12097E-1 2.27203E-1 2.10952E-1 1.83473E-1 1.78076E-1 1.76016E-1
3.48031E-2 3.65086E-2 4.628E-2 5.5739E-2 5.92347E-2 6.53029E-2 7.89382E-2 8.77143E-2 9.22174E-2 1.108E-1 1.26487E-1 1.37619E-1 1.56474E-1 1.86192E-1 1.78848E-1 1.80584E-1 1.97067E-1 2.06412E-1 1.81057E-1 1.73813E-1 1.69783E-1 1.71822E-1 1.70628E-1 2.1623E-1 1.88793E-1 1.5732E-1 1.48648E-1 1.49614E-1 1.33749E-1 1.29798E-1 1.2193E-1 1.09332E-1 1.00139E-1 9.82903E-2 1.01189E-1 1.12647E-1 9.01506E-2 8.38788E-2 6.6014E-2 6.47729E-2 7.10789E-2 7.68803E-2 9.25827E-2 1.07173E-1 1.14909E-1 1.43221E-1 1.69877E-1 1.83398E-1 2.4433E-1 2.23863E-1 2.46028E-1 2.44433E-1 2.51878E-1 2.6019E-1 2.39329E-1 2.11987E-1 2.52903E-1 2.43381E-1 2.1581E-1 1.97202E-1 1.81574E-1
4.45441E-2 4.53475E-2 5.1579E-2 5.88091E-2 6.7531E-2 7.45348E-2 8.2606E-2 8.97122E-2 9.65564E-2 1.03391E-1 1.23177E-1 1.41211E-1 1.57508E-1 1.8455E-1 1.96765E-1 2.07602E-1 2.12476E-1 2.12243E-1 1.88986E-1 1.81007E-1 1.95409E-1 1.77155E-1 1.81343E-1 1.95363E-1 1.71844E-1 1.73798E-1 1.68338E-1 1.4725E-1 1.43866E-1 1.2666E-1 1.30633E-1 1.06065E-1 9.18828E-2 9.08699E-2 1.0361E-1 8.58403E-2 6.51379E-2 6.25893E-2 6.92449E-2 8.69614E-2 9.36928E-2 1.27148E-1 1.55785E-1 1.4874E-1 1.59875E-1 1.69531E-1 2.0278E-1 2.24172E-1 2.40025E-1 2.31798E-1 2.58146E-1 2.88119E-1 2.89311E-1 2.54284E-1 2.51374E-1 2.39602E-1 2.81959E-1 2.91814E-1 2.28699E-1 1.87694E-1 1.71318E-1
5.84294E-2 6.29824E-2 5.99403E-2 7.19655E-2 8.88838E-2 9.51697E-2 9.03896E-2 9.62137E-2 1.05763E-1 1.13477E-1 1.24727E-1 1.46103E-1 1.69414E-1 1.90055E-1 2.09361E-1 2.15424E-1 2.16312E-1 2.09163E-1 1.99246E-1 1.9687E-1 1.93974E-1 1.80775E-1 1.7922E-1 1.77819E-1 1.72676E-1 1.72705E-1 1.45923E-1 1.28053E-1 1.26414E-1 1.28563E-1 1.34543E-1 1.25118E-1 9.24991E-2 1.0824E-1 8.7585E-2 7.2605E-2 7.34727E-2 7.84496E-2 8.39047E-2 9.52119E-2 1.15386E-1 1.56159E-1 1.60329E-1 1.67066E-1 1.74659E-1 1.85226E-1 1.99024E-1 2.17029E-1 2.27636E-1 2.22744E-1 2.26202E-1 2.27988E-1 2.52691E-1 2.59129E-1 2.44669E-1 2.57652E-1 2.38952E-1 2.10543E-1 1.83144E-1 1.69691E-1 1.69702E-1
6.18056E-2 6.93821E-2 7.68717E-2 8.50428E-2 1.10709E-1 1.27557E-1 1.11576E-1 1.05884E-1 1.11753E-1 1.23783E-1 1.52649E-1 1.76929E-1 1.99498E-1 2.2043E-1 2.315E-1 2.25164E-1 2.16984E-1 2.01445E-1 2.04914E-1 2.05264E-1 2.0356E-1 1.96311E-1 1.85156E-1 1.86663E-1 1.81195E-1 1.69724E-1 1.46153E-1 1.43916E-1 1.64535E-1 1.57894E-1 1.50373E-1 1.28359E-1 1.09249E-1 9.83609E-2 8.12103E-2 7.97139E-2 7.63725E-2 8.22062E-2 9.17338E-2 9.40655E-2 1.03778E-1 1.31944E-1 1.7916E-1 2.12309E-1 1.82188E-1 2.07146E-1 2.09152E-1 2.22431E-1 2.25666E-1 2.09996E-1 1.99851E-1 1.89538E-1 2.06902E-1 2.38588E-1 2.60192E-1 2.47732E-1 2.62071E-1 1.99763E-1 1.71118E-1 1.53073E-1 1.5054E-1
7.02883E-2 7.74826E-2 8.18553E-2 8.58476E-2 9.88127E-2 1.08003E-1 1.23574E-1 1.25541E-1 1.29807E-1 1.43043E-1 1.69962E-1 1.93549E-1 2.1586E-1 2.36945E-1 2.35098E-1 2.26701E-1 2.13717E-1 2.15112E-1 2.05992E-1 2.08634E-1 2.23325E-1 2.26265E-1 2.01513E-1 1.91453E-1 1.85807E-1 1.6606E-1 1.48471E-1 1.35108E-1 1.30439E-1 1.30836E-1 1.08358E-1 9.26657E-2 8.92224E-2 8.31686E-2 6.65656E-2 6.80288E-2 1.13587E-1 1.05739E-1 7.67158E-2 7.78477E-2 8.77384E-2 1.21841E-1 1.32968E-1 1.46142E-1 1.7979E-1 1.875E-1 2.22524E-1 2.1925E-1 2.16949E-1 1.94137E-1 1.82858E-1 1.66372E-1 1.67146E-1 2.17533E-1 2.22543E-1 2.38746E-1 2.05105E-1 1.77619E-1 1.59742E-1 1.53753E-1 1.41701E-1
8.35387E-2 8.9029E-2 8.76768E-2 9.1573E-2 1.05455E-1 1.16619E-1 1.37337E-1 1.44792E-1 1.52255E-1 1.62502E-1 1.75587E-1 2.05574E-1 2.40444E-1 2.67033E-1 2.7302E-1 2.3981E-1 2.11726E-1 2.14212E-1 2.08771E-1 2.15075E-1 2.33952E-1 2.27643E-1 2.00946E-1 1.79147E-1 1.57561E-1 1.38341E-1 1.25131E-1 9.95045E-2 1.05377E-1 9.33338E-2 8.45314E-2 8.02537E-2 1.08917E-1 1.09156E-1 8.54944E-2 7.97297E-2 7.66734E-2 7.8923E-2 9.94082E-2 8.9563E-2 8.80641E-2 1.01318E-1 1.10262E-1 1.36371E-1 1.812E-1 1.85777E-1 2.20964E-1 2.12584E-1 1.98352E-1 1.85714E-1 1.75705E-1 1.62835E-1 1.71342E-1 1.92152E-1 1.95454E-1 2.06467E-1 1.73625E-1 1.59764E-1 1.97204E-1 1.72614E-1 1.44951E-1
9.38277E-2 1.01367E-1 1.06569E-1 1.16343E-1 1.22196E-1 1.3154E-1 1.49537E-1 1.65407E-1 1.77722E-1 1.69175E-1 1.85822E-1 2.14597E-1 2.42771E-1 2.68015E-1 2.87588E-1 2.68069E-1 2.41284E-1 2.30232E-1 2.14874E-1 2.10612E-1 2.04543E-1 2.03664E-1 1.77443E-1 1.57016E-1 1.38934E-1 1.1864E-1 1.06802E-1 8.68242E-2 1.19682E-1 1.11461E-1 8.45705E-2 6.54572E-2 7.02942E-2 7.12626E-2 8.0893E-2 7.82027E-2 8.54565E-2 9.83204E-2 9.78192E-2 8.17964E-2 8.67411E-2 9.1852E-2 1.03295E-1 1.21506E-1 1.74388E-1 2.0467E-1 1.93077E-1 2.13456E-1 1.93293E-1 1.70958E-1 1.81302E-1 1.74159E-1 1.80572E-1 1.84272E-1 1.8925E-1 1.95227E-1 1.65837E-1 1.66054E-1 1.61802E-1 1.43496E-1 1.26367E-1
1.0373E-1 1.11169E-1 1.24452E-1 1.40057E-1 1.40938E-1 1.48429E-1 1.53187E-1 1.83673E-1 1.95588E-1 2.06404E-1 2.14015E-1 2.42273E-1 2.82834E-1 2.98943E-1 3.01317E-1 2.85426E-1 2.56765E-1 2.68856E-1 2.27733E-1 2.2003E-1 2.12338E-1 1.85324E-1 1.66314E-1 1.44715E-1 1.50149E-1 1.16383E-1 9.7996E-2 8.3182E-2 8.73997E-2 8.44886E-2 6.56344E-2 6.24357E-2 6.90288E-2 6.72679E-2 6.98292E-2 8.486E-2 9.29194E-2 9.95082E-2 9.58664E-2 9.12319E-2 9.07383E-2 9.0277E-2 9.50174E-2 1.09968E-1 1.30214E-1 1.4275E-1 1.61067E-1 1.80039E-1 2.07595E-1 1.93554E-1 2.02315E-1 1.99476E-1 1.90947E-1 2.03376E-1 1.91489E-1 2.05371E-1 1.71508E-1 1.62842E-1 1.72138E-1 1.39908E-1 1.31079E-1
1.17061E-1 1.28872E-1 1.36157E-1 1.46797E-1 1.57291E-1 1.69859E-1 1.84844E-1 2.04265E-1 2.23085E-1 2.46365E-1 2.73965E-1 3.27014E-1 3.35738E-1 3.25885E-1 2.99913E-1 3.18488E-1 3.19372E-1 3.40061E-1 2.36628E-1 2.21605E-1 2.06045E-1 1.87197E-1 1.59707E-1 1.44936E-1 1.25191E-1 1.13529E-1 1.03758E-1 9.9325E-2 9.32767E-2 7.15037E-2 6.13995E-2 6.71145E-2 7.6941E-2 7.33567E-2 8.37101E-2 1.0323E-1 9.92459E-2 1.07061E-1 1.13247E-1 1.04439E-1 9.62628E-2 9.14244E-2 9.25485E-2 9.99717E-2 1.09977E-1 1.19836E-1 1.41765E-1 1.65489E-1 1.99561E-1 2.11909E-1 2.14358E-1 1.99145E-1 2.01894E-1 1.94844E-1 2.01073E-1 2.07515E-1 1.76372E-1 1.43157E-1 1.82227E-1 1.63428E-1 1.46356E-1
1.44765E-1 1.59508E-1 1.54451E-1 1.59186E-1 1.61411E-1 1.69911E-1 2.05009E-1 2.48081E-1 2.55974E-1 2.82178E-1 3.36912E-1 3.8723E-1 3.89469E-1 3.51142E-1 3.26296E-1 3.07407E-1 3.22533E-1 3.17207E-1 2.60009E-1 2.36306E-1 2.18707E-1 2.04864E-1 1.76325E-1 1.61899E-1 1.34836E-1 1.18997E-1 1.02833E-1 9.40136E-2 8.87334E-2 8.04819E-2 7.64634E-2 9.01056E-2 1.28187E-1 1.36581E-1 1.15568E-1 1.12023E-1 9.81509E-2 1.05613E-1 1.13643E-1 1.06919E-1 9.60986E-2 9.55033E-2 9.63579E-2 9.50278E-2 1.01041E-1 1.13698E-1 1.37003E-1 1.69455E-1 1.99702E-1 2.24049E-1 2.34475E-1 2.27742E-1 2.2573E-1 2.10254E-1 2.13834E-1 2.10756E-1 1.87293E-1 1.46663E-1 1.98285E-1 1.77358E-1 1.61957E-1
1.53597E-1 1.54176E-1 1.61577E-1 1.73216E-1 1.81104E-1 1.86454E-1 2.12834E-1 2.47212E-1 2.70002E-1 3.04148E-1 3.30958E-1 3.86233E-1 3.77708E-1 3.23925E-1 3.27796E-1 3.08993E-1 2.95216E-1 2.95972E-1 2.84279E-1 2.45487E-1 2.35952E-1 2.18013E-1 1.91609E-1 1.66875E-1 1.44192E-1 1.19503E-1 1.20116E-1 1.08234E-1 9.86384E-2 9.53053E-2 1.09458E-1 1.23568E-1 1.59515E-1 1.51419E-1 1.58629E-1 1.31974E-1 1.17104E-1 1.17443E-1 1.17817E-1 1.13253E-1 1.03524E-1 9.11021E-2 9.07106E-2 8.90099E-2 1.00523E-1 1.13983E-1 1.4177E-1 1.65462E-1 2.15891E-1 2.38549E-1 2.32595E-1 2.33251E-1 2.10913E-1 2.22067E-1 2.46792E-1 2.1603E-1 1.88031E-1 1.47525E-1 1.58171E-1 1.49747E-1 1.40518E-1
1.62346E-1 1.64405E-1 1.66364E-1 1.77404E-1 2.00917E-1 2.13987E-1 2.40935E-1 2.6022E-1 2.85947E-1 3.18754E-1 3.5447E-1 3.9367E-1 3.81936E-1 3.60926E-1 4.04237E-1 3.46968E-1 3.10372E-1 3.07769E-1 2.92124E-1 2.50759E-1 2.14411E-1 1.84137E-1 1.77395E-1 1.50447E-1 1.41246E-1 1.35853E-1 1.22652E-1 1.16357E-1 1.13881E-1 1.17064E-1 1.31427E-1 1.72837E-1 2.01551E-1 1.47357E-1 1.73054E-1 1.52204E-1 1.37055E-1 1.35669E-1 1.34263E-1 1.23898E-1 1.2097E-1 1.12532E-1 9.80745E-2 9.45298E-2 1.07511E-1 1.29232E-1 1.48897E-1 1.82433E-1 2.47406E-1 2.60977E-1 2.65504E-1 2.32077E-1 2.13265E-1 2.33009E-1 2.34167E-1 2.33328E-1 1.99794E-1 1.6477E-1 1.54033E-1 1.58045E-1 1.49733E-1
1.70238E-1 1.68082E-1 1.77216E-1 1.97364E-1 2.09519E-1 2.37095E-1 2.61022E-1 2.8713E-1 3.21279E-1 3.65935E-1 3.66031E-1 4.0229E-1 3.92488E-1 3.89221E-1 4.25301E-1 3.85101E-1 3.57353E-1 3.36047E-1 3.1095E-1 2.31903E-1 1.82928E-1 1.65487E-1 1.70478E-1 1.58416E-1 1.47476E-1 1.44042E-1 1.33765E-1 1.37141E-1 1.42923E-1 1.55679E-1 1.86291E-1 2.7396E-1 2.33916E-1 2.0047E-1 1.87007E-1 1.69378E-1 1.55708E-1 1.57388E-1 1.42885E-1 1.4297E-1 1.51542E-1 1.36899E-1 1.1784E-1 1.19978E-1 1.39578E-1 1.59252E-1 1.78112E-1 2.05312E-1 2.54053E-1 2.86109E-1 2.80858E-1 2.47739E-1 2.45456E-1 2.61812E-1 2.63378E-1 2.5848E-1 1.98036E-1 1.71701E-1 1.64103E-1 1.58986E-1 1.59797E-1
2.16355E-1 1.92889E-1 1.96016E-1 2.24127E-1 2.44097E-1 2.68712E-1 3.00951E-1 3.10363E-1 3.4094E-1 3.67349E-1 3.84135E-1 4.09341E-1 4.20043E-1 4.4122E-1 4.92151E-1 4.9781E-1 4.42295E-1 3.89013E-1 3.29656E-1 2.23218E-1 1.86589E-1 1.79053E-1 1.68208E-1 1.63994E-1 1.70144E-1 1.78412E-1 1.83856E-1 1.681E-1 2.01249E-1 1.95394E-1 2.14934E-1 2.30149E-1 2.25105E-1 2.14317E-1 2.00905E-1 1.84094E-1 1.54444E-1 1.41237E-1 1.33077E-1 1.33482E-1 1.45408E-1 1.38386E-1 1.25645E-1 1.36548E-1 1.94983E-1 1.75979E-1 1.72679E-1 2.1631E-1 2.34719E-1 2.45806E-1 2.97309E-1 2.54153E-1 2.52025E-1 2.49797E-1 2.399E-1 2.21865E-1 1.71308E-1 1.75358E-1 1.78537E-1 1.8776E-1 1.83363E-1
2.37046E-1 2.21523E-1 2.40495E-1 2.72619E-1 2.89961E-1 3.39609E-1 3.72189E-1 3.56454E-1 3.69862E-1 3.72588E-1 3.70738E-1 4.25443E-1 4.72037E-1 5.14726E-1 5.55626E-1 5.70104E-1 5.56927E-1 4.55323E-1 3.48111E-1 2.4919E-1 2.54527E-1 2.5539E-1 2.26843E-1 2.5757E-1 2.17515E-1 2.02502E-1 1.80299E-1 1.90792E-1 2.56557E-1 2.36185E-1 2.31286E-1 2.32297E-1 2.28436E-1 2.29506E-1 2.0667E-1 1.73784E-1 1.42604E-1 1.30405E-1 1.22189E-1 1.22793E-1 1.38837E-1 1.44782E-1 1.39402E-1 1.56772E-1 2.07702E-1 2.1139E-1 2.00044E-1 2.21987E-1 2.19929E-1 2.4952E-1 2.8406E-1 2.56696E-1 2.63611E-1 2.32276E-1 2.05618E-1 1.7597E-1 1.72068E-1 1.85327E-1 1.95632E-1 1.92091E-1 2.01883E-1
2.39956E-1 2.32624E-1 2.75713E-1 3.26122E-1 3.2458E-1 3.49386E-1 3.76302E-1 3.82271E-1 3.87408E-1 3.7772E-1 3.59505E-1 4.10803E-1 5.70177E-1 5.99389E-1 5.90102E-1 5.87604E-1 5.66304E-1 4.53704E-1 3.19722E-1 2.83607E-1 2.64388E-1 2.68447E-1 2.54044E-1 2.71336E-1 2.38399E-1 2.2136E-1 1.93215E-1 2.01007E-1 2.26155E-1 2.7371E-1 2.2013E-1 2.27045E-1 2.69356E-1 2.22588E-1 1.88882E-1 1.46789E-1 1.29868E-1 1.32392E-1 1.17676E-1 1.31374E-1 1.33547E-1 1.48341E-1 1.96044E-1 1.75676E-1 2.12084E-1 2.77679E-1 2.41501E-1 2.14461E-1 2.23573E-1 2.68666E-1 2.97542E-1 2.88913E-1 2.57641E-1 2.34312E-1 1.99512E-1 1.82022E-1 2.09135E-1 2.0665E-1 2.3067E-1 2.22432E-1 2.20479E-1
2.64396E-1 2.73919E-1 3.16811E-1 3.18176E-1 3.29617E-1 3.53444E-1 3.65135E-1 3.96381E-1 3.80842E-1 3.9899E-1 4.1711E-1 4.33869E-1 5.10192E-1 5.11813E-1 5.16484E-1 5.0787E-1 4.70407E-1 4.08309E-1 3.52893E-1 3.21543E-1 2.9503E-1 2.84889E-1 2.8612E-1 2.87639E-1 2.66381E-1 2.35513E-1 2.01056E-1 2.05243E-1 2.29679E-1 2.07606E-1 2.01423E-1 1.98953E-1 2.02292E-1 2.16244E-1 2.03076E-1 1.49017E-1 1.40012E-1 1.53592E-1 1.25729E-1 1.31444E-1 1.44584E-1 1.6026E-1 1.7012E-1 2.19351E-1 2.53092E-1 2.80825E-1 2.68867E-1 2.28157E-1 2.50436E-1 2.82521E-1 3.05447E-1 2.92637E-1 2.63092E-1 2.30535E-1 2.08156E-1 2.19188E-1 2.5556E-1 2.86734E-1 2.38469E-1 2.32126E-1 2.14866E-1
2.85223E-1 3.22199E-1 3.12708E-1 2.99241E-1 3.02515E-1 3.58547E-1 4.10758E-1 4.08394E-1 3.94356E-1 4.19368E-1 4.72198E-1 4.89749E-1 5.01507E-1 4.93926E-1 4.68179E-1 4.44383E-1 4.18725E-1 3.91469E-1 3.75979E-1 3.94787E-1 3.5176E-1 3.18816E-1 2.9887E-1 3.00641E-1 2.86124E-1 2.58629E-1 2.10937E-1 2.11223E-1 2.29448E-1 2.17956E-1 1.90513E-1 1.64822E-1 1.64799E-1 1.67124E-1 1.94013E-1 1.51694E-1 1.80622E-1 1.3944E-1 1.35563E-1 1.36078E-1 1.49381E-1 1.56448E-1 1.66947E-1 2.02835E-1 2.22696E-1 2.78143E-1 2.91256E-1 2.55999E-1 2.77151E-1 3.09268E-1 3.03326E-1 2.98339E-1 2.52885E-1 2.32099E-1 2.23872E-1 2.81E-1 3.7344E-1 2.67894E-1 2.34677E-1 2.14526E-1 2.0779E-1
2.8745E-1 3.25586E-1 2.96029E-1 2.88486E-1 3.13444E-1 3.43934E-1 4.1931E-1 4.37962E-1 4.55338E-1 4.42448E-1 4.71461E-1 4.76435E-1 5.10532E-1 4.99887E-1 4.74533E-1 4.47198E-1 4.05976E-1 3.80176E-1 3.83823E-1 4.09367E-1 4.25765E-1 3.51511E-1 3.28379E-1 3.2061E-1 3.29034E-1 2.68073E-1 2.2796E-1 1.99336E-1 1.91E-1 2.16853E-1 1.67087E-1 1.57672E-1 1.46436E-1 1.4495E-1 1.43492E-1 1.48623E-1 1.64408E-1 1.4249E-1 1.49501E-1 1.51485E-1 1.68119E-1 1.8034E-1 1.67764E-1 1.80832E-1 2.32763E-1 2.85175E-1 3.06569E-1 2.75101E-1 2.74904E-1 2.78769E-1 2.94894E-1 2.78946E-1 2.51175E-1 2.38644E-1 2.45266E-1 2.95329E-1 2.61601E-1 2.26408E-1 2.11297E-1 2.00307E-1 1.90903E-1
2.79023E-1 2.881E-1 3.0005E-1 3.20136E-1 3.45201E-1 3.69282E-1 4.47524E-1 4.39581E-1 4.51333E-1 4.47636E-1 4.52665E-1 4.82165E-1 5.34557E-1 5.05246E-1 4.93328E-1 4.47947E-1 4.12476E-1 3.76565E-1 3.81991E-1 4.12125E-1 3.81851E-1 3.55653E-1 3.35688E-1 3.17445E-1 3.15195E-1 2.48356E-1 2.15263E-1 1.94699E-1 1.91787E-1 1.68812E-1 1.63683E-1 1.50524E-1 1.39562E-1 1.37634E-1 1.50054E-1 1.53301E-1 1.66869E-1 1.75732E-1 1.81901E-1 1.99892E-1 1.91581E-1 1.86741E-1 1.7393E-1 1.79186E-1 2.2643E-1 2.83213E-1 3.23003E-1 3.05539E-1 2.85266E-1 2.86386E-1 3.13652E-1 2.73884E-1 2.64133E-1 2.51279E-1 2.54865E-1 2.48075E-1 2.27071E-1 1.80521E-1 1.77611E-1 1.93329E-1 1.89938E-1
3.00799E-1 3.29494E-1 3.70657E-1 3.72905E-1 4.02241E-1 4.15093E-1 4.37632E-1 4.63025E-1 4.58498E-1 4.61612E-1 4.62644E-1 4.79995E-1 5.44823E-1 5.26602E-1 5.18869E-1 4.7233E-1 4.08836E-1 3.68732E-1 3.65122E-1 3.90615E-1 3.84852E-1 3.49478E-1 3.36439E-1 2.94647E-1 2.74493E-1 2.50572E-1 2.17432E-1 2.19287E-1 1.88067E-1 1.71312E-1 1.59831E-1 1.45198E-1 1.41985E-1 1.70727E-1 1.51262E-1 1.57117E-1 1.7919E-1 2.10629E-1 2.45673E-1 2.68732E-1 2.32127E-1 1.9976E-1 1.86593E-1 1.90186E-1 2.10834E-1 2.72442E-1 3.42728E-1 3.28946E-1 3.09032E-1 3.08402E-1 3.02645E-1 2.77914E-1 2.83553E-1 2.71356E-1 2.87182E-1 2.406E-1 2.11875E-1 1.78572E-1 1.68153E-1 1.76779E-1 1.83442E-1
3.18881E-1 3.65114E-1 3.95202E-1 3.99759E-1 4.09095E-1 4.25169E-1 4.42461E-1 4.36671E-1 4.39991E-1 4.68998E-1 4.78907E-1 5.06194E-1 5.12736E-1 5.2458E-1 5.2007E-1 4.81091E-1 3.92518E-1 3.53272E-1 3.28967E-1 3.6819E-1 3.90454E-1 3.43541E-1 3.09755E-1 3.04574E-1 2.57634E-1 2.33422E-1 2.25786E-1 2.10151E-1 1.99272E-1 1.80295E-1 1.58419E-1 1.52135E-1 1.45852E-1 1.74921E-1 2.11833E-1 1.73021E-1 2.09653E-1 2.38218E-1 2.90986E-1 2.6892E-1 2.3721E-1 2.4123E-1 2.07779E-1 1.89693E-1 2.06317E-1 2.37269E-1 3.16521E-1 3.52453E-1 3.62568E-1 3.13799E-1 2.8945E-1 3.05644E-1 2.96328E-1 2.68395E-1 2.51404E-1 2.16939E-1 2.09136E-1 1.75741E-1 1.63377E-1 1.61884E-1 1.59728E-1
3.31681E-1 3.54719E-1 3.77543E-1 4.03411E-1 3.93052E-1 4.11676E-1 4.12501E-1 4.36111E-1 4.42261E-1 4.96054E-1 5.12483E-1 5.39728E-1 5.25987E-1 5.77265E-1 5.86793E-1 5.17496E-1 4.59319E-1 4.17184E-1 3.81839E-1 3.9092E-1 3.88932E-1 3.26082E-1 2.72646E-1 2.66886E-1 2.34835E-1 2.33779E-1 2.14936E-1 2.2104E-1 2.19445E-1 1.94607E-1 1.65709E-1 1.46414E-1 1.37753E-1 1.61044E-1 2.9056E-1 2.22652E-1 2.53997E-1 2.77634E-1 3.06057E-1 2.92623E-1 3.06352E-1 2.87083E-1 2.34787E-1 2.10903E-1 2.63153E-1 2.69085E-1 3.32517E-1 3.49309E-1 3.93373E-1 3.42252E-1 3.03401E-1 2.39761E-1 2.23436E-1 1.96742E-1 2.03907E-1 2.10771E-1 2.10505E-1 1.7664E-1 1.59122E-1 1.53886E-1 1.47416E-1
