data/maxent/outputs/red_276.asc
ncols         426
nrows         180
xllcorner     -130.0
yllcorner     24.0
cellsize      0.16666666666666666
NODATA_value  -9999
[rows 54 to 80 of 180, columns 305 to 365 of 426]
7.59518E-1 7.86688E-1 7.96727E-1 7.77982E-1 7.52939E-1 6.74838E-1 6.93595E-1 6.8287E-1 6.94311E-1 7.03552E-1 6.74207E-1 7.26048E-1 7.19372E-1 7.28305E-1 7.91096E-1 8.95886E-1 9.2619E-1 9.27832E-1 9.49119E-1 9.60894E-1 9.65168E-1 9.6713E-1 9.54341E-1 9.55628E-1 9.73559E-1 9.74373E-1 9.59551E-1 9.48584E-1 9.40908E-1 9.30521E-1 8.34655E-1 7.13999E-1 7.85213E-1 7.9932E-1 7.68392E-1 8.36001E-1 8.72487E-1 8.08377E-1 7.90171E-1 6.18131E-1 6.45229E-1 7.68316E-1 5.89675E-1 4.06554E-1 3.30782E-1 3.15966E-1 2.92267E-1 2.69718E-1 3.09122E-1 3.40094E-1 4.14129E-1 3.69861E-1 4.96532E-1 6.50522E-1 7.78233E-1 7.98291E-1 7.72029E-1 8.19425E-1 8.77146E-1 8.93265E-1 9.03111E-1
8.70245E-1 8.62053E-1 8.7818E-1 8.3081E-1 8.44364E-1 8.46075E-1 8.2595E-1 8.15462E-1 8.1197E-1 7.85787E-1 8.24103E-1 8.32784E-1 8.43999E-1 8.69983E-1 9.04265E-1 9.48218E-1 9.61594E-1 9.66821E-1 9.69791E-1 9.63679E-1 9.62985E-1 9.59785E-1 9.61387E-1 9.31297E-1 9.12648E-1 8.8915E-1 8.5245E-1 8.35378E-1 7.20716E-1 6.01246E-1 4.19342E-1 3.8585E-1 5.16605E-1 7.73638E-1 7.88727E-1 8.0043E-1 8.3642E-1 7.63779E-1 5.9619E-1 4.70633E-1 5.05678E-1 5.77032E-1 4.38928E-1 3.69889E-1 3.37052E-1 3.50151E-1 2.8164E-1 3.06492E-1 3.95984E-1 3.76965E-1 3.89348E-1 4.78736E-1 6.75641E-1 8.1049E-1 8.70646E-1 8.60822E-1 8.75887E-1 8.78888E-1 8.93146E-1 9.21247E-1 9.29398E-1
9.26019E-1 9.2235E-1 9.40799E-1 9.16993E-1 9.33791E-1 9.26393E-1 9.157E-1 9.21812E-1 9.25804E-1 9.0422E-1 9.24647E-1 9.2845E-1 9.24878E-1 9.27774E-1 9.5143E-1 9.6865E-1 9.66674E-1 9.74893E-1 9.75825E-1 9.66454E-1 9.58883E-1 9.5257E-1 9.19351E-1 8.73888E-1 8.29069E-1 8.1533E-1 6.61605E-1 5.29314E-1 4.43579E-1 3.84037E-1 3.66985E-1 4.5194E-1 6.6954E-1 8.07499E-1 8.17682E-1 8.47496E-1 8.26532E-1 7.14885E-1 4.62993E-1 6.67424E-1 5.40304E-1 3.92274E-1 4.32562E-1 4.05409E-1 3.32161E-1 4.64297E-1 3.83644E-1 4.45717E-1 3.91172E-1 4.50572E-1 6.57293E-1 7.79008E-1 8.35744E-1 9.0108E-1 9.27721E-1 9.60605E-1 9.55238E-1 9.38502E-1 9.23416E-1 9.04016E-1 9.02348E-1
9.31563E-1 9.16545E-1 9.42069E-1 9.36248E-1 9.54526E-1 9.35287E-1 9.0745E-1 9.27283E-1 9.42592E-1 9.43075E-1 9.56204E-1 9.53254E-1 9.42114E-1 9.40586E-1 9.59305E-1 9.72012E-1 9.73742E-1 9.76176E-1 9.73203E-1 9.62302E-1 9.52219E-1 9.33457E-1 8.71493E-1 8.55832E-1 7.9252E-1 6.23373E-1 5.4206E-1 4.06913E-1 4.33904E-1 4.18129E-1 3.54927E-1 3.59021E-1 7.59526E-1 7.88664E-1 8.36343E-1 8.20523E-1 8.21481E-1 6.8009E-1 6.22257E-1 5.10654E-1 5.76481E-1 4.0577E-1 5.35227E-1 5.64854E-1 5.23406E-1 4.86874E-1 4.28257E-1 5.06636E-1 6.19095E-1 7.10321E-1 8.12805E-1 8.302E-1 8.88129E-1 9.3734E-1 9.57482E-1 9.66741E-1 9.6444E-1 9.64674E-1 9.31212E-1 9.04807E-1 8.75902E-1
9.02847E-1 9.35681E-1 9.42689E-1 9.25226E-1 9.45291E-1 9.48202E-1 9.4163E-1 9.33421E-1 9.50873E-1 9.69212E-1 9.80895E-1 9.73387E-1 9.68718E-1 9.66879E-1 9.78855E-1 9.78071E-1 9.77245E-1 9.72595E-1 9.66423E-1 9.52779E-1 9.35353E-1 8.96107E-1 8.70755E-1 8.41565E-1 7.41505E-1 5.63641E-1 4.83547E-1 5.06717E-1 5.38562E-1 4.57566E-1 3.31621E-1 2.77707E-1 4.69975E-1 7.49482E-1 8.49686E-1 7.99172E-1 7.67213E-1 4.85537E-1 6.57826E-1 7.01548E-1 6.0998E-1 4.90927E-1 6.4748E-1 6.2863E-1 5.91436E-1 4.66872E-1 4.10464E-1 3.46365E-1 6.39351E-1 8.72766E-1 8.7462E-1 8.84407E-1 9.1701E-1 9.43304E-1 9.64544E-1 9.80491E-1 9.71405E-1 9.58515E-1 9.32572E-1 9.082E-1 8.88753E-1
8.83953E-1 9.08181E-1 8.96891E-1 9.19424E-1 9.4138E-1 9.53634E-1 9.26414E-1 9.34936E-1 9.51958E-1 9.8059E-1 9.86781E-1 9.81353E-1 9.77387E-1 9.7466E-1 9.45491E-1 7.17834E-1 9.34714E-1 9.67875E-1 9.56346E-1 9.36191E-1 9.19275E-1 9.13201E-1 8.93452E-1 8.05256E-1 5.72332E-1 5.21146E-1 5.20336E-1 5.11044E-1 4.67587E-1 3.71335E-1 2.64901E-1 2.17509E-1 3.92638E-1 7.59402E-1 8.60702E-1 6.92587E-1 7.32726E-1 4.03047E-1 5.69988E-1 6.44641E-1 5.54817E-1 5.97103E-1 6.52616E-1 6.29953E-1 4.74063E-1 4.28107E-1 5.0188E-1 7.98569E-1 8.71413E-1 8.86744E-1 9.01574E-1 9.20714E-1 9.37706E-1 9.52859E-1 9.52736E-1 9.53451E-1 9.58697E-1 9.41113E-1 9.26724E-1 8.60543E-1 8.29E-1
9.1465E-1 9.40659E-1 9.23994E-1 9.20152E-1 9.07001E-1 8.71266E-1 7.85229E-1 7.72478E-1 6.8124E-1 7.11644E-1 9.24462E-1 9.56373E-1 9.65464E-1 8.61312E-1 5.34904E-1 5.96398E-1 6.86884E-1 9.31344E-1 9.55848E-1 9.39548E-1 8.87484E-1 9.18101E-1 9.0846E-1 8.10858E-1 5.84857E-1 5.52647E-1 4.85306E-1 5.14242E-1 4.71816E-1 4.58604E-1 4.24734E-1 4.18914E-1 7.5713E-1 8.07455E-1 8.5443E-1 7.021E-1 7.76692E-1 4.41379E-1 6.58175E-1 7.55765E-1 6.89868E-1 7.59477E-1 7.51923E-1 6.82004E-1 6.66896E-1 6.98521E-1 7.19023E-1 8.87036E-1 9.00282E-1 8.80336E-1 8.79849E-1 9.21733E-1 9.42528E-1 9.03487E-1 9.08626E-1 9.307E-1 9.02725E-1 8.55926E-1 8.50117E-1 7.06614E-1 5.2211E-1
7.39111E-1 5.45783E-1 5.35196E-1 5.29453E-1 5.78225E-1 5.89416E-1 5.87021E-1 5.86235E-1 5.92474E-1 5.78615E-1 5.66375E-1 5.8587E-1 5.9106E-1 5.29745E-1 5.31825E-1 5.35238E-1 5.567E-1 9.1678E-1 9.4455E-1 8.7795E-1 6.99543E-1 7.51367E-1 9.30573E-1 8.48533E-1 6.4584E-1 6.10065E-1 5.77965E-1 4.57734E-1 4.48559E-1 5.65368E-1 5.80288E-1 7.83552E-1 8.66224E-1 8.31247E-1 9.06394E-1 8.18648E-1 7.94663E-1 5.91887E-1 6.81512E-1 7.92763E-1 8.35808E-1 8.40092E-1 7.57444E-1 7.24356E-1 8.10636E-1 8.76119E-1 9.03316E-1 8.93759E-1 8.74285E-1 8.50666E-1 8.33446E-1 8.6136E-1 8.88763E-1 8.99542E-1 8.00967E-1 7.98876E-1 8.18757E-1 7.46875E-1 -9999 5.41758E-1 -9999
3.99807E-1 4.60918E-1 5.22058E-1 5.76858E-1 6.07988E-1 6.19077E-1 6.22526E-1 6.51114E-1 6.76959E-1 6.74212E-1 6.53862E-1 6.36973E-1 6.06013E-1 6.03999E-1 6.1684E-1 6.18843E-1 7.48551E-1 9.21433E-1 9.46388E-1 9.04979E-1 7.88257E-1 6.43957E-1 8.69846E-1 9.0644E-1 7.60721E-1 6.30321E-1 5.25068E-1 4.70958E-1 5.93483E-1 5.6871E-1 6.05703E-1 8.64687E-1 8.95504E-1 9.22378E-1 8.90655E-1 8.38324E-1 8.0634E-1 7.62385E-1 6.09353E-1 7.98223E-1 8.92526E-1 8.83852E-1 8.11356E-1 7.6261E-1 8.375E-1 8.87612E-1 9.40453E-1 9.45314E-1 8.8874E-1 8.58781E-1 8.17274E-1 8.17686E-1 8.62495E-1 8.79354E-1 -9999 -9999 -9999 -9999 -9999 -9999 -9999
4.31074E-1 5.45751E-1 7.33099E-1 8.86414E-1 8.92836E-1 8.59528E-1 8.43306E-1 8.49528E-1 8.38134E-1 7.31604E-1 7.25431E-1 6.98331E-1 6.35955E-1 6.58291E-1 8.13338E-1 9.65757E-1 9.68961E-1 9.60323E-1 9.51111E-1 9.48923E-1 9.42901E-1 9.09079E-1 9.26809E-1 9.29053E-1 8.59103E-1 7.23782E-1 6.40516E-1 7.18654E-1 7.51132E-1 8.46378E-1 7.75135E-1 9.1297E-1 9.37479E-1 9.05661E-1 8.35643E-1 8.37167E-1 8.07587E-1 7.57749E-1 7.21179E-1 8.62761E-1 9.11026E-1 8.82569E-1 8.70101E-1 8.61494E-1 8.85472E-1 8.75824E-1 8.83499E-1 8.88623E-1 8.74824E-1 8.30841E-1 8.26212E-1 8.22873E-1 8.1866E-1 -9999 -9999 -9999 -9999 -9999 -9999 -9999 -9999
9.60499E-1 9.76075E-1 9.70731E-1 9.56526E-1 9.32143E-1 8.9056E-1 8.43209E-1 8.18392E-1 9.03611E-1 9.48982E-1 9.3119E-1 9.02844E-1 8.74725E-1 9.14331E-1 9.359E-1 9.50222E-1 9.61913E-1 9.58969E-1 9.6966E-1 9.76462E-1 9.54277E-1 9.12213E-1 9.33132E-1 9.21164E-1 9.1067E-1 8.317E-1 7.90218E-1 8.17278E-1 8.10214E-1 9.29513E-1 9.40103E-1 9.3799E-1 9.31612E-1 8.10272E-1 8.21504E-1 8.45527E-1 8.22814E-1 7.54916E-1 8.38477E-1 9.06206E-1 9.18563E-1 8.72848E-1 8.62679E-1 9.13667E-1 9.12907E-1 8.95013E-1 8.78799E-1 9.06353E-1 8.86243E-1 8.426E-1 8.5556E-1 8.50229E-1 -9999 -9999 -9999 -9999 -9999 -9999 -9999 -9999 -9999
9.70425E-1 9.77336E-1 9.74878E-1 9.47271E-1 9.08685E-1 8.45035E-1 7.79366E-1 7.81683E-1 8.39649E-1 8.77676E-1 8.73747E-1 8.51631E-1 8.42778E-1 8.73026E-1 9.10721E-1 9.18772E-1 9.33835E-1 9.43918E-1 9.37789E-1 9.31431E-1 9.07784E-1 8.70521E-1 8.84906E-1 9.01521E-1 9.04823E-1 8.87656E-1 8.93988E-1 9.14854E-1 9.37121E-1 9.5612E-1 9.51539E-1 9.23447E-1 9.12939E-1 8.37199E-1 8.07874E-1 8.76046E-1 8.20963E-1 7.02724E-1 8.95942E-1 9.16858E-1 9.13161E-1 8.83881E-1 8.98115E-1 9.24637E-1 9.27896E-1 9.17793E-1 8.99383E-1 9.11982E-1 8.98034E-1 9.00854E-1 9.03121E-1 8.66199E-1 -9999 -9999 -9999 -9999 -9999 -9999 -9999 -9999 -9999
9.40794E-1 9.65806E-1 9.58739E-1 9.45218E-1 8.73215E-1 8.00544E-1 7.54527E-1 7.31684E-1 7.09989E-1 7.12844E-1 7.4549E-1 7.83266E-1 8.07586E-1 8.35861E-1 8.75428E-1 8.61276E-1 8.77461E-1 9.10736E-1 9.09297E-1 8.98155E-1 8.7676E-1 8.6386E-1 8.75096E-1 8.73238E-1 8.75814E-1 8.95531E-1 8.78395E-1 8.61626E-1 8.87832E-1 8.9195E-1 9.10805E-1 9.01373E-1 8.93744E-1 8.29899E-1 7.93088E-1 8.42538E-1 7.0931E-1 7.16605E-1 9.00615E-1 9.19754E-1 9.20918E-1 9.06117E-1 9.1543E-1 9.23176E-1 9.26243E-1 9.05072E-1 8.80281E-1 9.36754E-1 9.35287E-1 9.36201E-1 9.18951E-1 8.89306E-1 -9999 -9999 -9999 -9999 -9999 -9999 -9999 -9999 -9999
7.25193E-1 9.46273E-1 9.31115E-1 8.8243E-1 8.20134E-1 7.75831E-1 7.19868E-1 6.74264E-1 6.76327E-1 6.54311E-1 6.55292E-1 7.06351E-1 7.22236E-1 7.70245E-1 8.11455E-1 8.23623E-1 8.50855E-1 8.6517E-1 8.7631E-1 8.43072E-1 7.93644E-1 8.13966E-1 8.17472E-1 7.98568E-1 7.95367E-1 8.56583E-1 8.24237E-1 8.6625E-1 8.76132E-1 8.8941E-1 8.91581E-1 8.71356E-1 8.36932E-1 8.53319E-1 8.82154E-1 8.91586E-1 8.67441E-1 8.79891E-1 9.0819E-1 9.16081E-1 9.21068E-1 9.01589E-1 8.93788E-1 9.18275E-1 9.19928E-1 9.03099E-1 9.03975E-1 9.2802E-1 9.50911E-1 9.44823E-1 9.44393E-1 9.26387E-1 -9999 -9999 -9999 -9999 -9999 -9999 -9999 -9999 -9999
8.70656E-1 8.53823E-1 8.29116E-1 7.95688E-1 7.32547E-1 6.64171E-1 6.32811E-1 6.22768E-1 6.14294E-1 5.89703E-1 5.89627E-1 6.01014E-1 7.00709E-1 6.89819E-1 7.43559E-1 7.93493E-1 8.27212E-1 8.65072E-1 8.71647E-1 8.41395E-1 8.09031E-1 8.06714E-1 8.15605E-1 7.86022E-1 7.71814E-1 7.81481E-1 7.29688E-1 7.71391E-1 8.66571E-1 8.80963E-1 8.83145E-1 8.63237E-1 7.90903E-1 8.45312E-1 8.78417E-1 8.9688E-1 8.72869E-1 8.93067E-1 9.22621E-1 9.04359E-1 9.21015E-1 9.13413E-1 8.94375E-1 9.16264E-1 9.06371E-1 8.93342E-1 9.10108E-1 9.2708E-1 9.55635E-1 9.57373E-1 9.50844E-1 9.40687E-1 -9999 -9999 -9999 -9999 -9999 -9999 -9999 -9999 -9999
7.93885E-1 7.92652E-1 7.41429E-1 6.90327E-1 6.09406E-1 5.7517E-1 5.37079E-1 5.18377E-1 5.40515E-1 5.36639E-1 5.40149E-1 5.91774E-1 6.29436E-1 6.39227E-1 7.13335E-1 7.58165E-1 8.26017E-1 8.52869E-1 8.63368E-1 8.67641E-1 8.31878E-1 8.18813E-1 8.20552E-1 7.9015E-1 7.74541E-1 7.15328E-1 6.57486E-1 7.05547E-1 8.16358E-1 8.53046E-1 8.40879E-1 8.49524E-1 7.96368E-1 8.2574E-1 8.9239E-1 9.03687E-1 8.72991E-1 8.86503E-1 9.22052E-1 8.93414E-1 9.13535E-1 9.33355E-1 8.89696E-1 9.08759E-1 9.00512E-1 8.98056E-1 9.10726E-1 9.31882E-1 9.45055E-1 9.62323E-1 -9999 -9999 -9999 -9999 -9999 -9999 -9999 -9999 -9999 -9999 -9999
7.44691E-1 7.19639E-1 6.69187E-1 6.12332E-1 5.52379E-1 5.08738E-1 4.97035E-1 4.74351E-1 4.82507E-1 5.19485E-1 5.20785E-1 5.43999E-1 5.84204E-1 6.26812E-1 6.91026E-1 7.33446E-1 7.98639E-1 8.44257E-1 8.69702E-1 8.94844E-1 8.70891E-1 8.37908E-1 8.20272E-1 7.85843E-1 7.20393E-1 6.86238E-1 6.30065E-1 6.6894E-1 7.77987E-1 8.0813E-1 8.71601E-1 8.48275E-1 7.94928E-1 8.62471E-1 8.89432E-1 9.21319E-1 9.1492E-1 9.24202E-1 9.17871E-1 8.94028E-1 9.01131E-1 9.07702E-1 9.0179E-1 9.20954E-1 8.9353E-1 9.14315E-1 9.27082E-1 9.40764E-1 9.54247E-1 9.61298E-1 9.54651E-1 -9999 -9999 -9999 -9999 -9999 -9999 -9999 -9999 -9999 -9999
7.49049E-1 7.40813E-1 6.50075E-1 6.31346E-1 5.8659E-1 4.91351E-1 4.60064E-1 4.49398E-1 4.14683E-1 4.62643E-1 4.79021E-1 5.2995E-1 5.93906E-1 6.72258E-1 7.21725E-1 7.60749E-1 8.05545E-1 8.50862E-1 8.9788E-1 9.1313E-1 8.82529E-1 8.48355E-1 8.23699E-1 8.45564E-1 8.04074E-1 7.86241E-1 7.50697E-1 6.99542E-1 8.17602E-1 9.04183E-1 9.0916E-1 8.21934E-1 8.28258E-1 8.38928E-1 9.18225E-1 9.22413E-1 9.1702E-1 9.24491E-1 8.96113E-1 8.91271E-1 8.98898E-1 9.0713E-1 9.17232E-1 9.02637E-1 9.17968E-1 9.08553E-1 9.30968E-1 9.46779E-1 9.49115E-1 9.56725E-1 9.53935E-1 9.4389E-1 -9999 9.36101E-1 9.33208E-1 -9999 -9999 -9999 -9999 -9999 -9999
7.29859E-1 7.2739E-1 6.40927E-1 6.19289E-1 5.38337E-1 4.86425E-1 4.49209E-1 4.25563E-1 4.28971E-1 4.70748E-1 4.98745E-1 5.33742E-1 5.8496E-1 6.05119E-1 7.02453E-1 7.6023E-1 8.00365E-1 7.98863E-1 8.28193E-1 8.35998E-1 8.42839E-1 8.26451E-1 8.07241E-1 8.44282E-1 8.18309E-1 7.85294E-1 7.57104E-1 7.85635E-1 8.50389E-1 9.14848E-1 8.66893E-1 8.16067E-1 8.22601E-1 8.43101E-1 8.94048E-1 9.28779E-1 9.21748E-1 9.27224E-1 9.01691E-1 8.80504E-1 9.08138E-1 9.132E-1 9.2124E-1 8.98158E-1 9.32105E-1 9.42012E-1 9.39649E-1 9.43069E-1 9.43111E-1 9.57361E-1 9.52465E-1 9.52098E-1 -9999 -9999 9.26179E-1 8.95808E-1 -9999 -9999 -9999 -9999 -9999
6.84091E-1 6.466E-1 6.11301E-1 5.92542E-1 5.46716E-1 5.10037E-1 4.70012E-1 4.57147E-1 4.79008E-1 4.96978E-1 5.05973E-1 5.18814E-1 5.39252E-1 5.73022E-1 6.89878E-1 7.36546E-1 7.77516E-1 7.77402E-1 7.81694E-1 7.7643E-1 7.91503E-1 7.83859E-1 7.76149E-1 8.09252E-1 8.24434E-1 8.27485E-1 8.41619E-1 8.71775E-1 8.94865E-1 8.81446E-1 7.91602E-1 7.704E-1 7.80821E-1 8.6908E-1 9.24335E-1 9.16817E-1 9.13332E-1 9.25769E-1 9.18763E-1 9.08275E-1 9.25104E-1 9.13295E-1 9.18991E-1 9.12528E-1 9.50736E-1 9.53848E-1 9.36868E-1 9.47548E-1 9.54982E-1 9.55827E-1 9.53871E-1 9.61508E-1 9.68181E-1 9.68579E-1 9.64924E-1 9.29408E-1 -9999 -9999 -9999 -9999 -9999
6.3928E-1 6.0678E-1 5.67851E-1 5.70868E-1 5.98108E-1 5.72449E-1 5.62146E-1 5.63141E-1 5.43631E-1 5.33188E-1 5.35093E-1 5.21559E-1 5.24114E-1 6.02051E-1 6.32329E-1 6.54247E-1 6.92316E-1 7.59421E-1 7.87913E-1 7.77523E-1 7.6069E-1 7.89731E-1 8.00403E-1 8.09994E-1 8.40811E-1 8.57984E-1 8.84956E-1 9.09037E-1 8.62117E-1 7.32119E-1 7.80405E-1 7.73653E-1 7.91187E-1 8.75816E-1 9.03134E-1 9.02958E-1 9.21533E-1 9.31525E-1 9.25455E-1 9.37608E-1 9.34755E-1 9.34557E-1 9.2954E-1 9.43925E-1 9.53358E-1 9.36647E-1 9.29606E-1 9.50679E-1 9.47823E-1 9.53128E-1 9.72774E-1 9.72444E-1 9.68813E-1 9.70233E-1 9.62091E-1 7.99629E-1 -9999 -9999 -9999 -9999 -9999
6.32003E-1 6.04883E-1 6.12053E-1 6.39547E-1 6.38125E-1 6.22823E-1 6.53229E-1 6.3168E-1 6.15911E-1 6.20043E-1 6.19925E-1 6.17213E-1 6.74726E-1 7.10233E-1 7.08022E-1 6.90909E-1 6.51235E-1 6.38309E-1 7.32128E-1 7.60253E-1 7.75292E-1 8.00929E-1 7.7573E-1 8.45725E-1 8.24754E-1 8.50277E-1 8.6394E-1 8.62701E-1 7.63994E-1 7.40286E-1 8.54693E-1 8.85644E-1 8.80621E-1 8.87855E-1 9.08651E-1 9.19855E-1 9.32546E-1 9.38564E-1 9.33377E-1 9.52963E-1 9.57022E-1 9.54527E-1 9.6172E-1 9.45051E-1 9.32325E-1 9.2377E-1 9.27226E-1 9.50613E-1 9.58664E-1 9.56842E-1 9.64477E-1 9.70362E-1 9.69261E-1 6.23409E-1 7.75027E-1 -9999 -9999 -9999 -9999 -9999 -9999
7.03087E-1 6.90797E-1 6.76446E-1 6.68713E-1 6.79194E-1 6.58662E-1 6.78225E-1 6.7982E-1 6.98425E-1 7.02332E-1 7.27639E-1 7.24604E-1 7.35253E-1 7.59149E-1 7.25285E-1 7.27912E-1 7.16216E-1 6.97731E-1 7.20572E-1 7.53926E-1 7.82341E-1 7.43222E-1 7.98374E-1 8.21678E-1 8.18595E-1 8.42561E-1 8.42024E-1 8.08552E-1 8.24653E-1 8.73706E-1 8.96103E-1 8.71756E-1 8.27071E-1 9.00787E-1 9.19419E-1 9.31072E-1 9.36107E-1 9.3026E-1 9.31336E-1 9.43327E-1 9.58082E-1 9.65027E-1 9.56167E-1 9.56786E-1 9.357E-1 9.51615E-1 -9999 -9999 -9999 -9999 9.62523E-1 -9999 -9999 8.74174E-1 9.11667E-1 9.08561E-1 -9999 -9999 -9999 -9999 -9999
7.06965E-1 7.19774E-1 7.02382E-1 7.27984E-1 7.02549E-1 6.85511E-1 6.84452E-1 7.07652E-1 7.48719E-1 7.37048E-1 7.51242E-1 7.61688E-1 7.87635E-1 7.19997E-1 6.34554E-1 6.91728E-1 6.62975E-1 7.29955E-1 7.34431E-1 7.35286E-1 7.09356E-1 7.54259E-1 8.13085E-1 8.08394E-1 8.3266E-1 8.25402E-1 7.84732E-1 8.80493E-1 9.30527E-1 9.05178E-1 8.62619E-1 9.02308E-1 8.8588E-1 9.06089E-1 9.13078E-1 9.29183E-1 9.78251E-1 -9999 -9999 9.62726E-1 9.7478E-1 9.75017E-1 9.69019E-1 9.6714E-1 -9999 9.57132E-1 -9999 -9999 -9999 -9999 -9999 -9999 -9999 -9999 -9999 -9999 -9999 -9999 -9999 -9999 -9999
6.97941E-1 7.04746E-1 7.30443E-1 7.13196E-1 7.15052E-1 7.12132E-1 7.57628E-1 8.03186E-1 7.53545E-1 7.64673E-1 7.70782E-1 7.95514E-1 7.49189E-1 7.0118E-1 7.31129E-1 6.98319E-1 6.90204E-1 7.45634E-1 7.7075E-1 7.77355E-1 7.73027E-1 8.00822E-1 7.79937E-1 8.07561E-1 7.89321E-1 7.78004E-1 8.48958E-1 9.14485E-1 9.05318E-1 8.91057E-1 8.6777E-1 9.209E-1 8.79048E-1 9.38047E-1 9.65078E-1 9.69787E-1 9.75245E-1 9.59745E-1 9.3685E-1 9.2343E-1 9.65223E-1 9.49557E-1 9.55169E-1 -9999 -9999 -9999 -9999 -9999 -9999 -9999 -9999 -9999 -9999 -9999 -9999 -9999 -9999 -9999 -9999 -9999 -9999
6.54981E-1 7.02566E-1 7.07112E-1 7.32121E-1 7.3918E-1 8.02521E-1 7.91638E-1 8.01098E-1 8.30299E-1 7.83643E-1 8.17733E-1 8.20861E-1 8.01833E-1 7.66613E-1 7.75729E-1 7.60388E-1 7.70342E-1 7.80176E-1 8.0991E-1 8.24699E-1 7.81561E-1 7.36766E-1 7.18477E-1 6.82854E-1 7.85115E-1 8.11788E-1 7.94988E-1 8.25962E-1 8.57765E-1 8.98719E-1 9.14429E-1 9.32337E-1 9.30849E-1 8.94708E-1 9.20619E-1 9.45778E-1 9.53401E-1 9.38442E-1 9.12296E-1 8.92223E-1 -9999 -9999 -9999 -9999 -9999 -9999 -9999 -9999 -9999 -9999 -9999 -9999 -9999 -9999 -9999 -9999 -9999 -9999 -9999 -9999 -9999
7.02248E-1 7.39748E-1 7.5998E-1 7.64713E-1 8.18125E-1 8.21106E-1 7.90045E-1 8.04605E-1 8.07572E-1 7.79827E-1 7.53943E-1 7.8631E-1 7.83748E-1 7.97111E-1 8.08581E-1 8.20556E-1 8.00385E-1 8.22645E-1 8.08005E-1 7.86775E-1 7.45191E-1 7.21082E-1 7.81394E-1 7.8278E-1 7.71997E-1 7.80785E-1 6.83871E-1 7.45931E-1 8.21722E-1 8.76583E-1 9.22266E-1 9.36091E-1 9.26059E-1 8.96193E-1 9.17375E-1 9.64294E-1 8.78672E-1 -9999 -9999 -9999 -9999 -9999 -9999 -9999 -9999 -9999 -9999 -9999 -9999 -9999 -9999 -9999 -9999 -9999 -9999 -9999 -9999 -9999 -9999 -9999 -9999
