data/maxent/outputs/red_31.asc
ncols         426
nrows         180
xllcorner     -130.0
yllcorner     24.0
cellsize      0.16666666666666666
NODATA_value  -9999
[rows 108 to 134 of 180, columns 61 to 121 of 426]
3.73362E-2 5.35433E-2 3.53536E-2 4.59633E-2 6.03168E-2 3.44494E-1 6.68956E-1 2.68977E-1 2.41594E-1 7.85418E-2 1.12306E-1 4.11689E-1 4.04721E-1 3.6459E-1 2.95778E-1 4.77637E-1 3.35073E-1 5.33169E-1 4.179E-1 6.93626E-1 3.28506E-1 3.19156E-1 1.73994E-1 7.93938E-2 6.63602E-2 6.56412E-2 5.96911E-2 9.63023E-2 1.98292E-1 3.64738E-1 5.48246E-1 4.32493E-1 2.59919E-1 1.73419E-1 8.82449E-2 3.2653E-2 5.37383E-2 5.72855E-2 3.40493E-2 4.44017E-2 4.82683E-3 2.20331E-3 1.84825E-3 1.76109E-3 1.89971E-3 1.72634E-3 1.21587E-3 1.88949E-3 2.17278E-3 2.68569E-3 3.62987E-3 1.81868E-3 1.24477E-3 1.33025E-3 1.16682E-3 1.3612E-3 1.10022E-3 1.17814E-3 1.10924E-3 1.71096E-3 9.36341E-4
4.3382E-2 5.79999E-2 4.93551E-2 5.81935E-2 6.09039E-2 4.64344E-1 4.30315E-1 3.47899E-1 6.27023E-1 4.28283E-1 4.17029E-1 4.64593E-1 1.00034E-1 2.25576E-1 3.63498E-1 3.59385E-1 4.05267E-1 3.92708E-1 4.00448E-1 5.2967E-1 6.52747E-1 6.47856E-1 3.36515E-1 1.42418E-1 8.97964E-2 6.99577E-2 7.48484E-2 9.88805E-2 2.65364E-1 2.85232E-1 6.19407E-1 4.71986E-1 1.67215E-1 1.3826E-1 7.49367E-2 5.46999E-2 3.08639E-2 4.09119E-2 5.16363E-2 3.30596E-2 5.69229E-3 3.44557E-3 2.54585E-3 1.59202E-3 1.6492E-3 1.34296E-3 1.26855E-3 1.11605E-3 1.61749E-3 2.46682E-3 2.53115E-3 2.22858E-3 1.63892E-3 1.27737E-3 1.18677E-3 9.18933E-4 8.37763E-4 1.44805E-3 1.09053E-3 9.7705E-4 8.60509E-4
9.91813E-2 7.32311E-2 6.74934E-2 6.16025E-2 9.56252E-2 5.11415E-1 5.03827E-1 5.28557E-1 5.96301E-1 5.01207E-1 4.15288E-1 4.41169E-1 2.99975E-1 2.43243E-1 2.93971E-1 2.92612E-1 3.2221E-1 2.28979E-1 2.41027E-1 3.97691E-1 4.62402E-1 6.16838E-1 5.08362E-1 1.74182E-1 8.50593E-2 8.57927E-2 9.24181E-2 1.15407E-1 1.3271E-1 2.01367E-1 6.30839E-1 5.65242E-1 1.60288E-1 1.48045E-1 7.27834E-2 5.47661E-2 3.92249E-2 1.36672E-2 1.42133E-2 6.31649E-3 5.86676E-3 3.71143E-3 2.91449E-3 2.61753E-3 2.15438E-3 1.99901E-3 1.81832E-3 1.47058E-3 2.31818E-3 3.65517E-3 3.2866E-3 2.24786E-3 1.62559E-3 1.27548E-3 1.09908E-3 1.12231E-3 1.36636E-3 1.48748E-3 1.03207E-3 7.57398E-4 9.05655E-4
9.22711E-2 8.16478E-2 5.76896E-2 4.67292E-2 1.13354E-1 1.33904E-1 7.35217E-1 6.21494E-1 4.7531E-1 3.94284E-1 5.01393E-1 5.35755E-1 4.11327E-1 3.96122E-1 2.65087E-1 2.33664E-1 2.46167E-1 1.81519E-1 1.75259E-1 1.85901E-1 2.16165E-1 4.92816E-1 5.62435E-1 1.7843E-1 7.53156E-2 6.46839E-2 9.1036E-2 1.03563E-1 1.55256E-1 2.41435E-1 5.73798E-1 6.92148E-1 2.72707E-1 1.52133E-1 1.46015E-1 5.51537E-2 5.15693E-2 1.83173E-2 1.07177E-2 4.91417E-3 4.35888E-3 6.43326E-3 5.69608E-3 4.34109E-3 4.85524E-3 3.49661E-3 2.62274E-3 1.69484E-3 1.5687E-3 2.29246E-3 4.06473E-3 4.20184E-3 2.32084E-3 1.27184E-3 9.75246E-4 1.11667E-3 2.05093E-3 2.21122E-3 1.77001E-3 8.95844E-4 1.00016E-3
7.82059E-2 1.04647E-1 1.40098E-1 4.86502E-2 8.33611E-2 9.19832E-2 6.58068E-1 6.67769E-1 5.96429E-1 5.65102E-1 6.6246E-1 1.80611E-1 2.1301E-1 1.39321E-1 1.56098E-1 1.92052E-1 1.03819E-1 1.28417E-1 2.15206E-1 3.01561E-1 4.11087E-1 4.86607E-1 2.37364E-1 3.536E-1 1.27564E-1 1.08547E-1 1.02852E-1 1.35428E-1 1.6814E-1 3.61503E-1 4.11779E-1 7.62188E-1 4.64552E-1 1.98032E-1 2.11972E-1 6.82947E-2 6.29392E-2 4.64042E-2 1.27674E-2 6.894E-3 7.09007E-3 5.11173E-3 9.82269E-3 5.20517E-3 7.65142E-3 5.79018E-3 2.86227E-3 1.20553E-3 1.51225E-3 2.57693E-3 3.21774E-3 7.27007E-3 4.80011E-3 1.54044E-3 8.39463E-4 1.24432E-3 1.63964E-3 2.21557E-3 1.41547E-3 1.12889E-3 9.3568E-4
5.17052E-2 5.73533E-2 1.36604E-1 1.48284E-1 1.47577E-1 1.53386E-1 6.53462E-1 4.33768E-1 4.00612E-1 5.85194E-1 3.85954E-1 7.42885E-2 5.41705E-2 7.32982E-2 7.36066E-2 1.28668E-1 1.50669E-1 2.28299E-1 2.99978E-1 2.85803E-1 3.40581E-1 3.27951E-1 7.28235E-2 3.8545E-1 2.28646E-1 2.17286E-1 2.21865E-1 2.43721E-1 2.06899E-1 4.13802E-1 5.86773E-1 7.21837E-1 5.66406E-1 3.02442E-1 3.23166E-1 1.42636E-1 1.00007E-1 9.32125E-2 4.02639E-2 1.2468E-2 7.37536E-3 8.50078E-3 7.39884E-3 1.05629E-2 8.86794E-3 1.31586E-2 7.51426E-3 5.96807E-3 3.17952E-3 2.19587E-3 2.58852E-3 7.02367E-3 6.76907E-3 3.14368E-3 1.42326E-3 1.08212E-3 1.13355E-3 1.45629E-3 1.06603E-3 1.68592E-3 1.32358E-3
4.98758E-1 2.11729E-1 3.78581E-1 4.68168E-1 5.05755E-1 6.01632E-1 7.18458E-1 5.98729E-1 6.26496E-1 6.29855E-1 3.07748E-1 6.19936E-2 4.16562E-2 5.79148E-2 9.89219E-2 9.86128E-2 1.62303E-1 2.68005E-1 3.47724E-1 3.06191E-1 3.38408E-1 5.46907E-1 4.52202E-1 3.64109E-1 2.01635E-1 2.72415E-1 3.30487E-1 3.45253E-1 3.56669E-1 4.96582E-1 7.86651E-1 4.21704E-1 7.39052E-1 4.7498E-1 3.45677E-1 2.11117E-1 2.13023E-1 2.03083E-1 5.11545E-2 2.51513E-2 9.46077E-3 1.54549E-2 8.10943E-3 8.19765E-3 1.39316E-2 2.23324E-2 4.70919E-2 5.78287E-2 3.54315E-2 3.86856E-3 1.34418E-3 3.05622E-3 6.03175E-3 5.04831E-3 2.71121E-3 1.97542E-3 1.32963E-3 1.52622E-3 1.12094E-3 1.31415E-3 1.20213E-3
6.65985E-1 5.10531E-1 3.53883E-1 2.56675E-1 1.35507E-1 3.96424E-1 6.84268E-1 7.58268E-1 7.48679E-1 4.55641E-1 2.3712E-1 8.10488E-2 1.15133E-1 1.06033E-1 9.21531E-2 1.34041E-1 2.48627E-1 3.29696E-1 4.55698E-1 3.95513E-1 3.66396E-1 4.82626E-1 5.71529E-1 4.60983E-1 3.65793E-1 3.92295E-1 5.45201E-1 4.79322E-1 4.257E-1 4.78847E-1 6.59554E-1 7.26883E-1 7.06703E-1 6.32851E-1 3.68812E-1 3.21497E-1 3.02418E-1 3.69321E-1 1.27658E-1 7.21285E-2 2.08715E-2 2.12387E-2 1.08296E-2 9.11437E-3 9.42228E-3 1.99809E-2 4.21504E-2 6.72326E-2 6.63241E-2 1.10861E-2 2.4266E-3 1.18398E-3 2.25958E-3 4.98376E-3 4.00714E-3 2.72578E-3 2.19545E-3 1.55861E-3 1.26156E-3 1.13581E-3 1.03171E-3
9.13979E-1 8.44373E-1 6.98323E-1 6.34691E-1 5.27987E-1 8.0468E-1 9.47485E-1 9.62256E-1 9.30726E-1 6.55652E-1 4.31833E-1 2.68753E-1 1.85189E-1 1.66598E-1 1.03469E-1 1.72142E-1 3.34323E-1 3.17431E-1 3.79177E-1 4.14461E-1 4.12552E-1 3.96274E-1 6.84072E-1 1.93158E-1 7.88599E-1 7.1555E-1 6.43035E-1 4.42043E-1 3.67253E-1 5.74775E-1 5.87663E-1 6.84272E-1 8.72852E-1 6.09971E-1 4.52435E-1 3.07506E-1 4.31253E-1 6.39649E-1 4.46245E-1 2.38539E-1 1.51847E-1 7.11984E-2 2.00044E-2 1.74032E-2 1.56146E-2 1.98551E-2 2.96844E-2 5.20121E-2 5.58829E-2 1.53182E-2 2.64169E-3 1.54596E-3 2.21605E-3 2.48943E-3 3.04328E-3 4.22998E-3 2.07704E-3 1.92939E-3 1.51092E-3 1.80773E-3 1.67761E-3
4.60078E-1 9.57139E-1 9.61566E-1 9.31501E-1 8.80932E-1 3.97767E-1 4.86068E-1 7.15124E-1 9.35108E-1 7.59303E-1 4.84241E-1 3.33831E-1 2.08059E-1 1.92972E-1 2.14505E-1 2.38522E-1 2.90272E-1 2.91769E-1 3.16429E-1 2.81395E-1 3.44019E-1 3.65451E-1 4.86536E-1 2.78618E-1 2.59984E-1 1.47354E-1 3.11543E-1 5.6665E-1 5.71596E-1 6.54479E-1 7.14837E-1 5.02265E-1 8.15894E-1 8.90673E-1 7.09251E-1 6.05132E-1 6.35498E-1 6.81662E-1 5.60778E-1 5.6049E-1 3.96438E-1 6.84504E-2 3.39114E-2 2.4476E-2 1.92444E-2 3.65077E-2 5.02618E-2 4.76976E-2 8.13244E-2 2.5301E-2 8.37574E-3 5.09941E-3 3.29724E-3 2.38739E-3 2.11749E-3 2.17941E-3 3.59826E-3 4.02684E-3 2.63153E-3 3.83448E-3 4.3348E-3
-9999 -9999 9.62274E-1 3.72183E-1 2.88724E-1 3.63622E-1 2.83421E-1 8.54493E-1 9.66198E-1 9.89023E-1 9.42159E-1 9.17678E-1 6.84246E-1 3.99029E-1 7.38798E-1 5.98699E-1 1.99263E-1 9.3895E-2 1.04566E-1 3.3115E-1 3.00721E-1 2.20009E-1 1.16211E-1 2.03908E-1 5.34418E-1 5.21462E-1 2.39766E-1 4.64006E-1 4.02868E-1 7.59386E-1 7.55292E-1 7.86475E-1 8.24936E-1 9.31164E-1 8.49952E-1 6.81681E-1 6.74615E-1 6.55744E-1 5.54812E-1 5.31293E-1 3.12544E-1 1.40321E-1 7.80067E-2 4.66895E-2 3.78181E-2 9.15913E-2 1.35841E-1 6.59558E-2 1.81331E-1 6.81797E-2 2.21658E-2 1.56074E-2 1.52515E-2 6.50818E-3 3.86447E-3 4.2769E-3 4.84883E-3 6.01603E-3 5.21875E-3 4.39069E-3 3.94512E-3
9.55962E-1 8.65362E-1 2.66186E-1 8.5099E-1 3.84252E-1 4.79315E-1 4.30022E-1 9.47286E-1 7.45966E-1 9.9943E-1 9.97103E-1 9.93751E-1 8.7946E-1 9.4509E-1 9.76115E-1 9.57254E-1 8.0669E-1 2.05931E-1 1.80244E-1 6.58188E-1 4.40117E-1 3.45131E-1 4.57557E-1 4.84514E-1 4.44958E-1 5.39152E-1 5.41197E-1 6.7914E-1 6.17324E-1 4.47333E-1 5.22908E-1 7.35631E-1 5.95932E-1 3.50224E-1 3.35316E-1 4.25648E-1 4.99219E-1 4.36796E-1 5.45565E-1 5.34861E-1 2.99999E-1 2.27915E-1 2.80469E-1 2.30923E-1 2.70701E-1 4.05824E-1 5.0493E-1 1.11981E-1 3.9565E-1 1.66405E-1 5.82037E-2 8.46112E-2 1.29762E-2 8.75719E-3 9.09244E-3 7.28857E-3 1.08763E-2 1.09043E-2 9.08742E-3 6.75368E-3 4.18123E-3
9.45695E-1 9.43979E-1 -9999 -9999 -9999 -9999 -9999 -9999 5.90574E-1 9.97503E-1 9.99725E-1 9.98691E-1 9.81826E-1 9.71798E-1 9.76787E-1 8.86891E-1 7.80255E-1 6.88123E-1 7.83866E-1 9.16813E-1 8.44973E-1 7.65584E-1 4.83796E-1 5.97424E-1 5.60602E-1 7.06633E-1 7.6137E-1 7.36575E-1 7.94895E-1 8.55497E-1 6.03922E-1 8.98245E-1 6.14877E-1 2.48251E-1 3.8901E-1 2.60662E-1 4.09602E-1 4.75062E-1 3.92175E-1 3.73173E-1 3.09659E-1 3.70997E-1 5.22497E-1 5.38121E-1 7.11697E-1 8.68098E-1 7.72229E-1 3.75456E-1 4.29933E-1 4.44251E-1 1.1632E-1 1.72372E-1 2.25218E-2 1.88919E-2 2.09946E-2 2.14912E-2 1.68952E-2 1.03029E-2 1.08596E-2 1.05734E-2 7.08156E-3
-9999 -9999 -9999 -9999 -9999 -9999 -9999 -9999 9.59717E-1 7.98769E-1 7.69922E-1 9.99943E-1 9.97724E-1 9.81328E-1 9.32832E-1 7.71168E-1 6.62178E-1 6.73055E-1 3.72501E-1 8.60841E-1 9.65351E-1 9.37847E-1 8.593E-1 5.48611E-1 4.58549E-1 5.63317E-1 6.39074E-1 1.24557E-1 7.6119E-1 8.19003E-1 5.29043E-1 7.00492E-1 6.23485E-1 3.17474E-1 6.75441E-1 2.68856E-1 5.29603E-1 4.09266E-1 5.52806E-1 5.77063E-1 6.30049E-1 6.11882E-1 6.20525E-1 6.70487E-1 8.38502E-1 9.26646E-1 9.05711E-1 7.35343E-1 7.03246E-1 7.56825E-1 1.94253E-1 3.80883E-1 3.02926E-1 1.3026E-1 1.7105E-1 6.09425E-2 2.73219E-2 1.54377E-2 9.84125E-3 7.91678E-3 6.174E-3
-9999 -9999 -9999 -9999 -9999 -9999 -9999 -9999 -9999 -9999 8.88497E-1 7.58005E-1 9.99496E-1 9.88743E-1 9.65006E-1 9.13693E-1 8.11854E-1 5.81261E-1 3.24768E-1 3.42181E-1 5.37055E-1 9.6511E-1 5.73579E-1 9.41431E-1 8.50025E-1 7.25944E-1 5.62083E-1 8.27704E-1 2.60404E-1 2.06068E-1 3.95246E-1 4.2325E-1 8.25279E-1 6.50426E-1 6.49813E-1 6.06071E-1 2.78647E-1 2.50554E-1 2.31107E-1 2.22502E-1 7.1627E-1 7.31616E-1 4.14441E-1 8.14694E-1 4.7724E-1 7.42514E-1 8.91185E-1 8.84173E-1 8.92171E-1 8.22346E-1 8.12426E-1 5.35493E-1 3.51853E-1 3.2363E-1 1.07447E-1 8.81389E-2 5.89522E-2 2.80142E-2 1.17245E-2 6.22591E-3 6.10575E-3
-9999 -9999 -9999 -9999 1.18477E-2 -9999 -9999 2.52667E-1 9.48309E-1 1.17955E-2 -9999 -9999 9.99773E-1 9.98013E-1 9.95772E-1 9.86952E-1 9.52797E-1 7.24332E-1 4.339E-1 4.95304E-1 8.93586E-1 9.39287E-1 9.74744E-1 6.39226E-1 6.99394E-1 8.99418E-1 8.0734E-1 6.92955E-1 6.87802E-1 6.16106E-1 4.35855E-1 5.22142E-1 8.66507E-1 3.35331E-1 6.00511E-1 5.35407E-1 6.61835E-1 5.87475E-1 5.70122E-1 6.20672E-1 4.40865E-1 2.98271E-1 1.77068E-1 3.18879E-1 3.42558E-1 4.31042E-1 7.31631E-1 7.75364E-1 8.23747E-1 8.09493E-1 7.52645E-1 5.39036E-1 2.3176E-1 1.81695E-1 1.83737E-1 1.67689E-1 1.23804E-1 4.74123E-2 2.26053E-2 1.12571E-2 4.31862E-3
-9999 6.15874E-1 7.81115E-1 -9999 -9999 -9999 -9999 -9999 3.00072E-1 7.94437E-1 -9999 -9999 -9999 -9999 9.9822E-1 9.8848E-1 9.70802E-1 8.57585E-1 4.00429E-1 3.4712E-1 9.523E-1 9.99045E-1 9.89961E-1 7.09458E-1 5.11072E-1 2.14467E-1 1.98026E-1 6.7903E-1 5.91022E-1 4.88208E-1 5.62046E-1 7.44034E-1 8.46017E-1 7.27581E-1 7.36164E-1 7.628E-1 7.2122E-1 6.38039E-1 5.37807E-1 7.58003E-1 5.12198E-1 3.53199E-1 2.60649E-1 3.44066E-1 2.66584E-1 6.84291E-1 3.8466E-1 3.80372E-1 5.7765E-1 5.71731E-1 7.50208E-1 8.43165E-1 6.22037E-1 3.17856E-1 1.53684E-1 1.85643E-1 1.63707E-1 1.09529E-1 5.79575E-2 1.07914E-2 1.02366E-2
-9999 -9999 -9999 -9999 -9999 -9999 -9999 9.85669E-2 -9999 -9999 -9999 -9999 -9999 -9999 9.41653E-1 9.99324E-1 9.96078E-1 9.22612E-1 7.80961E-1 4.9415E-1 7.86999E-1 9.57875E-1 9.89488E-1 5.90137E-1 6.44453E-1 1.29526E-1 1.00397E-1 7.90827E-2 1.94882E-1 7.18683E-1 8.27967E-1 8.50585E-1 6.52044E-1 7.53988E-1 8.01001E-1 6.116E-1 7.04964E-1 6.08989E-1 2.71084E-1 2.51685E-1 3.50027E-1 4.37774E-1 4.62123E-1 6.47279E-1 5.48551E-1 4.28778E-1 3.02107E-1 1.96743E-1 4.84014E-1 3.68951E-1 5.53197E-1 8.41205E-1 7.40608E-1 6.77001E-1 5.53507E-1 3.30817E-1 1.46088E-1 1.02638E-1 9.81158E-2 6.64215E-2 4.10468E-2
-9999 -9999 -9999 -9999 -9999 -9999 -9999 1.8797E-1 8.97967E-1 -9999 -9999 -9999 -9999 -9999 -9999 9.99539E-1 9.93692E-1 9.88922E-1 9.34005E-1 3.98255E-1 6.70566E-1 9.88717E-1 9.96454E-1 8.32064E-1 7.52393E-1 3.87975E-1 9.20224E-2 3.76346E-2 2.62695E-2 9.54781E-2 7.6346E-1 8.38954E-1 6.34578E-1 5.70144E-1 7.68555E-1 5.68945E-1 1.67718E-1 1.69143E-1 1.07933E-1 1.50923E-1 1.92904E-1 1.80836E-1 1.63947E-1 4.1344E-1 6.7249E-1 5.22263E-1 4.40124E-1 2.48294E-1 3.01778E-1 1.89811E-1 4.73655E-1 6.75093E-1 4.92042E-1 3.35352E-1 4.8023E-1 3.05538E-1 1.39176E-1 9.85849E-2 7.65888E-2 4.49918E-2 5.82581E-2
-9999 -9999 -9999 -9999 -9999 -9999 -9999 -9999 6.1214E-1 -9999 -9999 -9999 -9999 -9999 -9999 9.52078E-1 9.99583E-1 9.96608E-1 9.56436E-1 6.95392E-1 4.68776E-1 7.01861E-1 9.85637E-1 9.78301E-1 3.01025E-1 6.53022E-2 9.00403E-2 4.3419E-2 2.47812E-2 4.50514E-2 4.93735E-1 5.57614E-1 7.26356E-1 7.87844E-1 4.81756E-1 1.75465E-1 2.60282E-1 9.82267E-2 1.55892E-1 1.19613E-1 1.05798E-1 1.02867E-1 4.48433E-1 6.41133E-1 6.39158E-1 4.70518E-1 6.10818E-1 3.09922E-1 1.74144E-1 1.85994E-1 5.52502E-1 5.7213E-1 5.07852E-1 2.93363E-1 3.16099E-1 2.77272E-1 1.29994E-1 6.49706E-2 5.2655E-2 3.63401E-2 4.41803E-2
-9999 -9999 -9999 -9999 -9999 -9999 -9999 -9999 -9999 -9999 -9999 -9999 -9999 -9999 -9999 -9999 9.94372E-1 9.99178E-1 9.81288E-1 8.83352E-1 4.43121E-1 2.87353E-1 5.27705E-1 9.6402E-1 6.50919E-1 2.44181E-1 1.50666E-1 8.41897E-2 6.30831E-2 5.90835E-2 3.24368E-1 4.42378E-1 4.65661E-1 5.91578E-1 3.13682E-1 4.11142E-1 2.31032E-1 2.78729E-1 1.59946E-1 2.30838E-1 4.57309E-1 3.16881E-1 6.1817E-1 5.85324E-1 5.10453E-1 3.51555E-1 4.27234E-1 3.81237E-1 3.74441E-1 3.08034E-1 4.20095E-1 4.70362E-1 4.89854E-1 2.56107E-1 1.77268E-1 2.16563E-1 1.30237E-1 5.37404E-2 2.60707E-2 3.00008E-2 4.7442E-2
-9999 -9999 -9999 -9999 -9999 -9999 -9999 -9999 -9999 -9999 -9999 -9999 -9999 -9999 -9999 1.94177E-1 9.99184E-1 9.99109E-1 9.88382E-1 9.31681E-1 7.07239E-1 2.90505E-1 1.69214E-1 4.8444E-1 3.56251E-1 3.71854E-1 8.15713E-1 5.01683E-2 4.3381E-2 5.38336E-2 3.51332E-1 1.77601E-1 1.69691E-1 3.6265E-1 3.27734E-1 4.43976E-1 3.88303E-1 2.97455E-1 4.07983E-1 5.46409E-1 6.87861E-1 6.6141E-1 5.35606E-1 4.96814E-1 4.08571E-1 3.54985E-1 3.67793E-1 3.52074E-1 2.97412E-1 4.58755E-1 4.69382E-1 2.89961E-1 5.20716E-1 3.83602E-1 1.06601E-1 1.52821E-1 1.05517E-1 7.82136E-2 4.0954E-2 1.98746E-2 4.30143E-2
-9999 -9999 -9999 -9999 -9999 -9999 -9999 -9999 -9999 -9999 -9999 -9999 -9999 -9999 -9999 -9999 9.27692E-1 9.85107E-1 9.9626E-1 9.47959E-1 8.28447E-1 4.13477E-1 1.53682E-1 4.53304E-1 9.55469E-1 4.40038E-1 7.28073E-1 4.43905E-2 2.89271E-2 1.55087E-1 2.04205E-1 2.05628E-1 1.69878E-1 1.14468E-1 3.29528E-1 2.8031E-1 3.68125E-1 4.41782E-1 4.05598E-1 2.19439E-1 5.42214E-1 5.07791E-1 4.15875E-1 3.44842E-1 1.96756E-1 2.74343E-1 2.8454E-1 3.07171E-1 3.18235E-1 2.46596E-1 3.48779E-1 2.82349E-1 4.86944E-1 4.96948E-1 4.00508E-1 1.21722E-1 9.5677E-2 5.50564E-2 4.51087E-2 1.78131E-2 2.19336E-2
-9999 -9999 -9999 -9999 -9999 -9999 -9999 -9999 -9999 -9999 -9999 -9999 -9999 -9999 -9999 -9999 -9999 9.11202E-1 9.26189E-1 9.76373E-1 8.81352E-1 5.67347E-1 2.71425E-1 1.50376E-1 9.71229E-1 4.75399E-1 4.42144E-1 8.95576E-2 3.76311E-2 4.67038E-2 2.47263E-1 3.92416E-2 6.40493E-2 7.87053E-2 3.20767E-2 5.83294E-2 3.39254E-1 2.75989E-1 2.26687E-1 4.97878E-1 3.12361E-1 4.80111E-1 3.86468E-1 2.93006E-1 1.62197E-1 2.74185E-1 3.13608E-1 3.10046E-1 2.96913E-1 2.0507E-1 2.20433E-1 1.54762E-1 2.42968E-1 2.69574E-1 2.05477E-1 1.34655E-1 8.21384E-2 3.46242E-2 5.93384E-2 1.67485E-2 1.15122E-2
-9999 -9999 -9999 -9999 -9999 -9999 -9999 -9999 -9999 -9999 -9999 -9999 -9999 -9999 -9999 -9999 -9999 2.94142E-1 8.95954E-1 9.98142E-1 9.47582E-1 6.16263E-1 3.78261E-1 1.70393E-1 8.42346E-1 9.95621E-1 6.39975E-1 1.01218E-1 7.24285E-2 4.69729E-2 5.39387E-2 6.12838E-2 6.07505E-2 8.31084E-2 3.84695E-2 2.08226E-2 2.98885E-2 3.50149E-1 3.72914E-1 2.00087E-1 4.48452E-1 3.61476E-1 3.20534E-1 3.23356E-1 2.82963E-1 1.88514E-1 1.58225E-1 1.96818E-1 1.84744E-1 1.98396E-1 1.11933E-1 1.32578E-1 1.61735E-1 1.37865E-1 1.22502E-1 7.33228E-2 6.59356E-2 1.74812E-2 4.23192E-2 5.61997E-2 1.46739E-2
-9999 -9999 -9999 -9999 -9999 -9999 -9999 -9999 -9999 -9999 -9999 -9999 -9999 -9999 -9999 -9999 -9999 -9999 7.32359E-1 8.60938E-1 9.86269E-1 7.80939E-1 4.30285E-1 2.36254E-1 3.66363E-1 9.0638E-1 9.76416E-1 1.49556E-1 1.66856E-1 6.1782E-2 6.11602E-2 5.81641E-2 6.10435E-2 6.19825E-2 3.98383E-2 2.82988E-2 3.76016E-2 7.204E-2 3.93549E-1 1.73706E-1 2.61801E-1 4.03818E-1 3.09324E-1 2.79075E-1 1.98684E-1 1.9333E-1 1.50374E-1 1.35994E-1 1.31652E-1 1.59103E-1 8.34296E-2 8.5729E-2 9.45055E-2 8.23836E-2 4.45133E-2 2.52029E-2 7.28745E-2 2.23979E-2 3.98911E-2 5.7767E-2 2.03975E-2
-9999 -9999 -9999 -9999 -9999 -9999 -9999 -9999 -9999 -9999 -9999 -9999 -9999 -9999 -9999 -9999 -9999 -9999 8.79466E-1 9.99604E-1 9.85394E-1 9.27919E-1 5.57429E-1 2.52592E-1 3.18336E-1 5.48514E-1 8.89944E-1 7.92856E-1 1.70423E-1 6.56697E-2 6.02329E-2 3.79031E-3 8.10891E-2 5.71197E-2 4.9503E-2 5.88661E-2 3.83385E-2 4.95873E-2 6.29148E-2 1.10792E-1 2.45715E-1 2.4771E-1 3.5195E-1 2.23298E-1 1.76772E-1 1.8326E-1 2.15955E-1 1.36451E-1 9.33914E-2 9.63697E-2 6.21343E-2 5.0336E-2 7.16028E-2 7.14708E-2 4.48074E-2 2.39085E-2 5.20961E-2 3.44957E-2 3.30841E-2 6.00839E-2 1.40668E-2
