data/maxent/outputs/red_314.asc
ncols         426
nrows         180
xllcorner     -130.0
yllcorner     24.0
cellsize      0.16666666666666666
NODATA_value  -9999
[rows 0 to 26 of 180, columns 61 to 121 of 426]
2.50693E-4 2.43896E-4 4.99697E-4 6.75147E-4 1.04175E-3 6.54388E-4 5.53265E-4 4.66363E-4 4.31837E-4 3.55518E-4 4.11971E-4 5.5102E-4 5.4353E-4 5.42252E-4 5.95647E-4 5.13803E-4 6.8906E-4 4.55843E-4 2.21031E-4 1.70744E-4 2.09232E-4 2.28619E-4 2.51961E-4 4.20468E-4 4.02509E-4 2.69116E-4 2.92506E-4 3.18694E-4 4.78399E-4 6.14055E-4 7.13804E-4 1.00925E-3 1.36267E-3 1.51521E-3 1.61273E-3 8.81632E-4 7.64641E-4 6.96138E-4 8.8351E-4 9.32587E-4 1.1154E-3 1.04067E-3 8.30774E-4 6.97603E-4 6.75247E-4 6.44657E-4 8.69426E-4 9.16958E-4 8.68098E-4 7.34321E-4 7.04474E-4 7.0803E-4 7.25694E-4 7.71759E-4 7.24478E-4 5.90653E-4 5.53998E-4 5.0078E-4 4.17929E-4 3.83794E-4 4.24071E-4
2.63448E-4 2.20353E-4 1.16099E-3 4.04908E-4 3.06725E-4 3.18542E-4 2.94594E-4 2.32533E-4 2.64365E-4 3.21398E-4 2.87233E-4 3.65969E-4 3.95923E-4 4.3269E-4 3.63348E-4 4.4117E-4 5.57365E-4 2.48795E-4 2.61651E-4 3.67054E-4 3.92088E-4 3.59547E-4 3.5127E-4 3.33368E-4 2.32223E-4 2.72133E-4 4.62857E-4 3.311E-4 3.7788E-4 6.12684E-4 6.2914E-4 8.0984E-4 1.29731E-3 1.32433E-3 1.64169E-3 1.38443E-3 9.53514E-4 1.04283E-3 8.48476E-4 1.27238E-3 1.37269E-3 1.03093E-3 1.14167E-3 7.34686E-4 7.05236E-4 8.6918E-4 8.16777E-4 1.111E-3 1.2565E-3 1.10204E-3 7.36394E-4 8.01348E-4 9.63969E-4 8.07819E-4 6.94863E-4 6.92876E-4 7.62312E-4 6.73717E-4 5.85542E-4 3.90351E-4 3.66351E-4
2.64053E-4 3.89527E-4 2.25118E-4 4.47406E-4 7.52939E-5 1.00867E-4 8.21018E-5 1.13322E-4 1.33079E-4 2.04825E-4 2.26538E-4 2.74032E-4 3.00216E-4 1.91562E-4 2.62183E-4 4.49884E-4 4.82622E-4 4.86107E-4 4.67531E-4 3.91376E-4 3.22179E-4 3.37858E-4 2.74608E-4 2.83916E-4 2.64733E-4 3.1146E-4 5.71535E-4 4.85805E-4 3.92542E-4 5.94308E-4 9.63155E-4 1.48526E-3 1.13284E-3 9.96988E-4 1.22055E-3 1.5519E-3 1.5969E-3 5.46142E-3 6.23069E-3 2.65307E-3 1.01884E-3 9.17822E-4 8.64325E-4 8.59898E-4 6.99135E-4 7.81351E-4 8.79955E-4 1.15473E-3 1.20415E-3 9.0273E-4 9.51461E-4 7.40891E-4 8.0408E-4 8.76346E-4 8.25923E-4 7.45457E-4 7.41689E-4 7.1389E-4 7.63895E-4 6.62048E-4 6.0592E-4
2.85614E-4 1.20866E-4 6.5094E-5 3.43682E-4 7.71025E-5 4.58438E-5 5.9674E-5 1.3656E-4 3.02863E-4 2.69397E-4 2.00364E-4 2.33155E-4 3.50252E-4 4.65886E-4 3.09274E-4 2.85766E-4 3.60611E-4 4.35772E-4 4.7308E-4 3.81242E-4 3.35929E-4 2.84044E-4 2.64798E-4 2.47599E-4 2.51427E-4 2.66836E-4 3.90971E-4 4.05965E-4 4.87999E-4 5.335E-4 6.33102E-4 1.14021E-3 1.74783E-3 1.25701E-3 1.01129E-3 1.1322E-3 1.46523E-3 2.82027E-3 2.79456E-3 9.85567E-4 1.16305E-3 1.10537E-3 1.12198E-3 1.45882E-3 8.07314E-4 7.51321E-4 8.37526E-4 9.57817E-4 1.10712E-3 1.03324E-3 8.54093E-4 9.28433E-4 9.28173E-4 1.15129E-3 1.0217E-3 8.84364E-4 7.28464E-4 6.55272E-4 5.96357E-4 7.97678E-4 7.88319E-4
3.83283E-4 4.42572E-4 1.75015E-4 1.10048E-4 5.67203E-5 4.91897E-5 8.38171E-5 1.32709E-4 1.05977E-4 2.89215E-4 3.29905E-4 4.61059E-4 3.22798E-4 1.66002E-4 1.56971E-4 2.44858E-4 2.78236E-4 4.02688E-4 3.82413E-4 3.19002E-4 2.50813E-4 2.21091E-4 2.30665E-4 2.36104E-4 2.63688E-4 2.88166E-4 3.02626E-4 3.99946E-4 4.05894E-4 6.93401E-4 8.00421E-4 8.68633E-4 1.08082E-3 1.33468E-3 1.22169E-3 1.33423E-3 1.29222E-3 1.56732E-3 1.15397E-3 7.87916E-4 8.91514E-4 1.04094E-3 1.24403E-3 1.55993E-3 1.24239E-3 1.07268E-3 1.06599E-3 9.5573E-4 1.03174E-3 1.44057E-3 1.00557E-3 9.64342E-4 9.80041E-4 1.19564E-3 1.31814E-3 9.59617E-4 7.89331E-4 7.22732E-4 7.42533E-4 9.44407E-4 1.03429E-3
5.26591E-3 2.97045E-3 4.07552E-4 7.45894E-4 1.78777E-4 2.04666E-4 7.61059E-5 7.92979E-5 1.01834E-4 1.79704E-4 7.67035E-4 5.04195E-4 2.17551E-4 1.05907E-4 1.0557E-4 1.16559E-4 1.45576E-4 1.5637E-4 1.91107E-4 2.02313E-4 1.7734E-4 1.4958E-4 1.55317E-4 1.92091E-4 3.03676E-4 3.68148E-4 4.39015E-4 5.20786E-4 5.97458E-4 5.27646E-4 5.20785E-4 5.91295E-4 7.02786E-4 6.62341E-4 1.14446E-3 9.78911E-4 1.18297E-3 1.24497E-3 1.1931E-3 1.19718E-3 1.41599E-3 1.48475E-3 1.63462E-3 1.36631E-3 1.04276E-3 9.55666E-4 1.13114E-3 1.03557E-3 9.83619E-4 1.04197E-3 9.77716E-4 1.00326E-3 1.07935E-3 1.03452E-3 1.31052E-3 1.2267E-3 9.82561E-4 8.37903E-4 9.02505E-4 9.8042E-4 1.40032E-3
1.85672E-4 9.06372E-4 1.11345E-2 1.95336E-3 2.7584E-4 6.13593E-4 6.47346E-4 3.49362E-4 3.88332E-4 3.745E-4 1.27852E-3 2.57251E-4 1.76748E-4 1.27889E-4 7.42741E-5 7.07076E-5 6.10626E-5 7.55212E-5 9.06429E-5 1.14171E-4 1.12176E-4 1.27915E-4 1.59276E-4 2.22928E-4 2.95235E-4 3.35406E-4 4.90362E-4 6.01575E-4 5.93844E-4 3.83795E-4 3.97731E-4 3.02354E-4 3.25699E-4 3.77207E-4 6.06185E-4 6.91943E-4 9.0635E-4 1.24685E-3 1.49347E-3 1.44249E-3 1.50084E-3 1.73201E-3 2.07048E-3 1.49089E-3 1.16609E-3 1.0272E-3 1.11888E-3 1.11775E-3 9.07367E-4 1.14982E-3 1.27798E-3 1.42942E-3 1.43544E-3 1.44783E-3 1.5422E-3 1.23525E-3 1.37098E-3 1.22267E-3 1.09725E-3 1.39112E-3 1.31584E-3
1.50094E-4 2.80896E-4 1.43084E-3 1.22448E-2 4.7626E-3 5.10461E-4 2.12752E-4 5.12897E-4 1.74014E-4 8.30868E-5 2.49805E-4 7.23345E-4 8.32019E-5 6.2017E-5 6.77761E-5 5.75081E-5 5.72155E-5 9.1952E-5 8.11322E-5 7.05756E-5 9.13309E-5 1.20069E-4 1.74655E-4 2.45459E-4 2.39388E-4 3.19177E-4 4.09173E-4 4.162E-4 5.38726E-4 3.78939E-4 3.11539E-4 2.39709E-4 3.17156E-4 3.62577E-4 5.00122E-4 6.28219E-4 7.55553E-4 1.20114E-3 1.55721E-3 1.57503E-3 1.81716E-3 1.91583E-3 2.40396E-3 2.46052E-3 1.83966E-3 1.44964E-3 1.3233E-3 1.24661E-3 1.45847E-3 1.41563E-3 1.79237E-3 2.06085E-3 1.83278E-3 1.80629E-3 1.72227E-3 1.67457E-3 1.6814E-3 1.46371E-3 1.78601E-3 1.62808E-3 2.09723E-3
9.13443E-4 1.50899E-3 1.58233E-3 1.70728E-3 6.13667E-3 3.59842E-3 1.5843E-3 2.33591E-4 1.20462E-4 7.43333E-5 2.318E-4 1.53576E-4 2.07531E-4 6.74115E-5 2.92811E-5 2.74707E-5 3.96998E-5 8.62868E-5 7.72174E-5 6.42507E-5 6.32625E-5 7.39087E-5 7.03569E-5 1.03114E-4 1.36905E-4 1.9147E-4 3.38178E-4 4.18583E-4 5.32482E-4 3.18713E-4 2.2426E-4 2.73645E-4 3.18363E-4 4.14253E-4 6.74708E-4 8.5875E-4 9.08312E-4 1.08904E-3 1.23158E-3 1.25994E-3 1.59211E-3 2.24115E-3 2.15074E-3 2.50638E-3 2.39807E-3 1.99798E-3 1.87625E-3 1.94284E-3 1.96693E-3 2.35391E-3 2.61152E-3 2.61268E-3 2.27208E-3 1.87048E-3 1.93264E-3 1.72903E-3 1.93921E-3 2.1554E-3 2.8603E-3 2.78167E-3 2.50376E-3
3.33418E-3 6.59952E-4 1.89105E-3 1.22122E-2 6.67773E-3 2.9626E-4 8.51516E-3 2.95758E-3 6.47578E-4 1.42589E-4 1.1841E-4 8.90512E-5 1.05803E-4 1.18933E-4 4.94768E-5 2.94766E-5 3.43614E-5 5.91082E-5 3.94457E-5 7.61765E-5 8.27751E-5 8.95691E-5 9.30627E-5 9.01827E-5 1.27386E-4 1.5591E-4 2.21939E-4 3.66229E-4 4.62594E-4 3.06298E-4 2.52365E-4 3.32063E-4 4.15674E-4 4.44691E-4 5.49896E-4 6.57413E-4 8.60116E-4 7.47413E-4 9.44569E-4 1.32262E-3 1.60987E-3 2.29379E-3 2.11411E-3 2.22988E-3 1.93957E-3 2.64204E-3 3.73494E-3 3.47993E-3 3.54127E-3 2.63717E-3 2.62889E-3 2.14447E-3 1.93509E-3 2.1384E-3 1.78452E-3 1.82773E-3 1.78431E-3 1.87948E-3 2.23153E-3 2.60568E-3 2.60504E-3
5.39163E-3 3.38947E-3 1.69516E-3 1.81214E-2 3.7693E-3 6.26006E-4 5.99993E-4 9.01682E-3 3.84926E-3 5.18669E-4 5.21472E-4 1.02655E-4 8.25713E-5 7.56706E-5 5.22696E-5 4.21194E-5 3.44662E-5 2.84567E-5 4.78578E-5 1.03396E-4 1.85759E-4 1.51221E-4 8.47332E-5 8.44529E-5 8.54197E-5 1.11618E-4 1.24066E-4 1.64794E-4 2.45577E-4 2.82018E-4 2.83301E-4 3.48705E-4 4.86144E-4 3.61234E-4 3.76817E-4 5.20892E-4 8.51433E-4 6.8688E-4 8.51291E-4 1.17886E-3 1.34627E-3 1.54596E-3 1.72564E-3 1.90483E-3 1.68492E-3 1.63252E-3 1.7954E-3 2.53197E-3 3.95686E-3 3.45148E-3 1.87899E-3 2.03601E-3 2.29291E-3 2.19754E-3 1.88463E-3 1.50731E-3 1.55131E-3 1.68851E-3 1.93131E-3 2.26606E-3 2.18351E-3
8.449E-3 1.15318E-2 1.62331E-2 2.30771E-2 1.08673E-2 1.15822E-3 4.96844E-3 3.27346E-2 2.36057E-2 1.04007E-2 2.44759E-3 5.16298E-4 3.21806E-4 1.29739E-4 1.70464E-4 8.31222E-5 7.17216E-5 8.95125E-5 6.53243E-5 2.02146E-4 3.48796E-4 1.07469E-4 9.42658E-5 1.00268E-4 8.78298E-5 9.30548E-5 8.02407E-5 1.09498E-4 1.30437E-4 1.72049E-4 2.1735E-4 2.77972E-4 3.32417E-4 4.59645E-4 4.76343E-4 5.64652E-4 4.36135E-4 5.05072E-4 6.67258E-4 8.94714E-4 1.12231E-3 1.16161E-3 1.14792E-3 1.27433E-3 1.43168E-3 1.45134E-3 2.02028E-3 1.49225E-3 1.27932E-3 1.57532E-3 1.71392E-3 1.45543E-3 1.23714E-3 1.25775E-3 1.16575E-3 1.31458E-3 1.4047E-3 1.33317E-3 1.42822E-3 1.56729E-3 1.64287E-3
5.80451E-3 1.40575E-2 1.69853E-2 2.39992E-2 3.90735E-2 5.64636E-3 1.67415E-2 6.99622E-2 8.7755E-3 1.60955E-3 5.80935E-3 1.32051E-2 2.36612E-3 3.43506E-4 7.59881E-4 4.49968E-4 1.19246E-4 1.04391E-4 3.84162E-4 9.85476E-5 1.10102E-4 4.57527E-5 6.66169E-5 9.98366E-5 1.05524E-4 9.55922E-5 7.78243E-5 8.99673E-5 9.31387E-5 1.17466E-4 1.2986E-4 2.0044E-4 2.85738E-4 3.61734E-4 4.32398E-4 4.75238E-4 4.74263E-4 6.35195E-4 7.78024E-4 1.01103E-3 1.15166E-3 1.17335E-3 8.17542E-4 9.84431E-4 1.26755E-3 1.25829E-3 1.55484E-3 1.58645E-3 1.58986E-3 1.14101E-3 1.0125E-3 1.04406E-3 1.02557E-3 7.79778E-4 8.49752E-4 1.04447E-3 8.77318E-4 8.78552E-4 9.0775E-4 9.67903E-4 1.10692E-3
1.8644E-2 2.53287E-2 3.52926E-2 3.59773E-2 3.12274E-2 3.84443E-3 5.65103E-2 9.16117E-2 1.39436E-2 3.62739E-3 2.15666E-3 1.01061E-3 1.34598E-2 1.87142E-2 8.68877E-3 1.53627E-3 2.84538E-4 1.23967E-4 1.63008E-4 8.79287E-5 5.07479E-5 3.47259E-5 5.86206E-5 6.19717E-5 8.31553E-5 9.17149E-5 8.57821E-5 8.81952E-5 8.0253E-5 9.3248E-5 1.23886E-4 1.67058E-4 1.9109E-4 2.73372E-4 3.82094E-4 4.48635E-4 6.54796E-4 7.54082E-4 8.68165E-4 1.06015E-3 1.10595E-3 1.33503E-3 9.55552E-4 8.70414E-4 1.25895E-3 1.48907E-3 1.72238E-3 1.51868E-3 1.6952E-3 9.06895E-4 7.57637E-4 7.53995E-4 9.94648E-4 8.36918E-4 7.20022E-4 9.64531E-4 9.99319E-4 8.06906E-4 7.89836E-4 7.82578E-4 7.38923E-4
3.00374E-2 3.5125E-2 3.24153E-2 6.63205E-2 3.21276E-2 1.74022E-2 1.38969E-2 1.12132E-1 7.31135E-2 5.80731E-2 2.309E-2 1.74337E-3 4.24742E-3 8.22942E-3 2.80071E-2 8.41183E-3 1.7655E-3 9.39018E-4 3.30836E-4 1.06799E-4 6.70938E-5 5.87749E-5 4.01754E-5 7.38177E-5 8.07408E-5 8.7859E-5 9.95138E-5 8.45334E-5 6.51535E-5 6.1413E-5 7.1481E-5 1.25014E-4 1.5525E-4 2.15032E-4 3.88181E-4 4.78535E-4 5.68418E-4 7.73317E-4 9.1805E-4 1.068E-3 1.22603E-3 1.40702E-3 1.15016E-3 1.02977E-3 1.23391E-3 1.34651E-3 1.72146E-3 1.62082E-3 1.48895E-3 1.11158E-3 6.71952E-4 7.68895E-4 7.90525E-4 8.84759E-4 8.47353E-4 8.9993E-4 8.64978E-4 8.34547E-4 8.38022E-4 8.88567E-4 8.28318E-4
1.28202E-2 1.86876E-2 1.22961E-1 3.63577E-2 3.69309E-2 1.04602E-1 6.10693E-2 3.16886E-2 1.53247E-1 3.87137E-2 2.43105E-2 4.51597E-3 6.35735E-3 1.3501E-2 2.4106E-2 4.84919E-3 1.94213E-2 3.19861E-3 3.26077E-4 9.02947E-4 1.48137E-4 1.19889E-4 1.25815E-4 3.45712E-5 7.01055E-5 7.72441E-5 6.84712E-5 8.38718E-5 6.05556E-5 5.48154E-5 6.82359E-5 9.10582E-5 1.39252E-4 1.75457E-4 2.83591E-4 5.22003E-4 5.22749E-4 6.40693E-4 7.53252E-4 1.0286E-3 1.23963E-3 1.25701E-3 1.45288E-3 1.48934E-3 1.19802E-3 1.14334E-3 1.43274E-3 1.79651E-3 1.31577E-3 1.24795E-3 7.80668E-4 9.092E-4 9.34525E-4 1.02043E-3 8.32313E-4 8.38258E-4 8.89086E-4 8.27209E-4 7.74267E-4 9.62542E-4 9.81198E-4
2.66475E-2 7.24148E-2 5.3856E-2 2.50514E-2 7.75221E-2 4.0257E-1 4.67272E-2 1.04521E-2 2.06922E-2 1.84525E-1 4.34652E-2 9.89778E-3 4.08452E-2 1.29175E-2 7.82633E-3 3.04131E-3 3.42421E-3 1.59021E-2 3.59191E-3 2.01447E-3 1.8078E-4 8.13766E-5 1.28137E-4 2.46952E-4 1.71406E-4 1.83296E-4 1.48767E-4 1.10836E-4 1.05166E-4 1.25857E-4 1.88453E-4 2.26906E-4 1.79629E-4 1.93498E-4 3.31825E-4 4.22655E-4 6.98103E-4 9.58601E-4 9.75768E-4 1.11392E-3 1.22769E-3 1.38367E-3 1.33895E-3 1.48377E-3 2.19281E-3 2.08485E-3 1.58605E-3 1.2053E-3 7.65332E-4 6.60155E-4 5.7254E-4 6.69246E-4 9.59809E-4 1.13264E-3 7.71758E-4 8.34812E-4 8.79331E-4 6.89713E-4 8.21545E-4 9.66774E-4 1.17391E-3
7.07547E-2 3.13434E-2 2.80304E-2 2.69579E-2 1.24691E-1 4.47178E-1 9.01411E-2 1.13349E-1 4.6823E-2 2.74816E-1 5.88289E-2 1.00129E-1 1.67895E-2 2.53511E-2 3.28172E-3 5.82348E-3 3.04013E-3 5.47211E-3 1.19677E-2 7.31229E-3 1.74048E-3 3.3408E-4 1.74678E-4 1.1343E-4 1.25746E-4 2.1492E-4 2.92534E-4 1.93527E-4 3.15392E-4 3.32881E-4 2.10634E-4 2.46158E-4 2.60453E-4 5.57047E-4 1.33078E-3 9.26481E-4 5.87663E-4 7.16987E-4 9.88324E-4 1.16443E-3 1.16462E-3 1.27276E-3 1.17374E-3 1.42132E-3 1.6495E-3 1.86362E-3 1.36418E-3 8.86784E-4 6.05157E-4 5.95527E-4 4.66601E-4 4.61912E-4 4.835E-4 6.06769E-4 7.637E-4 8.67094E-4 9.91233E-4 8.34901E-4 7.81833E-4 9.2464E-4 1.31343E-3
4.9145E-2 2.88189E-1 4.15825E-1 4.78648E-1 5.15531E-1 2.16332E-1 1.48157E-1 1.18656E-1 1.28697E-1 1.35849E-1 2.10742E-1 1.1012E-1 3.6112E-2 1.14808E-1 6.92847E-3 9.06717E-3 1.93898E-3 2.54501E-3 9.21957E-4 6.58886E-3 1.13399E-2 1.86222E-3 1.23889E-3 4.70742E-4 9.20953E-5 4.64073E-5 1.49199E-4 1.06936E-4 1.83904E-4 1.16533E-4 1.42056E-4 1.78184E-4 2.65254E-4 3.29802E-4 9.82124E-4 1.01974E-3 5.72773E-4 6.29245E-4 1.01613E-3 1.46481E-3 1.57375E-3 1.54175E-3 1.97922E-3 1.89146E-3 2.12199E-3 2.0353E-3 1.48667E-3 1.41636E-3 1.3107E-3 1.05802E-3 8.74687E-4 1.28885E-3 1.58803E-3 1.44804E-3 1.18794E-3 1.32405E-3 1.46111E-3 1.16662E-3 1.23026E-3 1.62323E-3 1.56209E-3
1.5459E-1 5.45777E-2 1.12925E-1 4.3012E-1 4.7519E-1 4.78518E-2 8.93462E-2 2.08951E-1 4.83113E-2 2.79938E-2 2.08373E-1 3.00167E-1 2.64304E-1 5.46129E-2 1.97735E-2 1.88845E-2 1.19277E-2 1.62498E-3 7.17722E-4 4.40685E-4 2.52083E-3 1.08485E-2 3.23721E-3 1.40084E-3 3.74275E-4 1.49767E-4 5.95109E-5 8.31294E-5 1.36364E-4 1.24201E-4 1.52757E-4 2.932E-4 3.93123E-4 4.80605E-4 5.77738E-4 9.34627E-4 8.21972E-4 9.72006E-4 1.56923E-3 1.8987E-3 2.54447E-3 2.71E-3 2.42411E-3 2.86091E-3 2.68151E-3 2.60286E-3 2.46771E-3 2.43965E-3 2.28058E-3 2.25405E-3 2.03358E-3 2.0288E-3 1.57943E-3 1.36603E-3 1.61533E-3 1.47023E-3 1.05184E-3 1.20099E-3 1.57487E-3 1.30531E-3 1.52048E-3
2.74467E-2 1.86407E-2 7.24418E-2 2.54842E-1 3.31106E-1 1.68053E-1 4.60793E-1 5.07407E-2 9.31586E-2 3.31876E-2 3.78793E-2 6.06938E-1 8.58001E-2 6.57685E-2 6.49666E-2 1.67696E-2 1.68997E-2 6.07339E-3 2.31395E-3 4.75671E-4 1.06352E-3 4.43579E-3 1.68128E-2 1.78605E-3 1.66349E-3 6.12597E-4 1.82115E-4 8.37709E-5 1.41897E-4 1.11207E-4 1.78901E-4 4.2309E-4 6.39067E-4 9.03972E-4 1.2214E-3 1.46608E-3 1.28174E-3 9.19805E-4 1.27483E-3 1.21071E-3 2.17037E-3 4.07705E-3 3.11502E-3 3.13017E-3 3.26588E-3 3.08858E-3 2.75995E-3 3.0785E-3 2.75372E-3 2.06626E-3 1.39178E-3 1.50473E-3 1.6739E-3 1.72701E-3 1.84909E-3 1.51411E-3 1.31064E-3 1.34051E-3 1.23313E-3 1.33887E-3 1.33271E-3
3.27E-2 2.59563E-2 1.58753E-1 1.91587E-1 6.03459E-2 1.30008E-1 2.85168E-1 6.10433E-2 7.53712E-2 3.43427E-2 9.41939E-2 6.34185E-1 6.57368E-2 3.50185E-2 1.65447E-2 3.34934E-2 4.21502E-2 8.22428E-2 1.31991E-3 5.18221E-4 5.02168E-4 1.04585E-3 3.87927E-3 1.46069E-2 1.43173E-3 2.90277E-3 2.79284E-4 1.1613E-4 8.03139E-5 2.18583E-4 2.69331E-4 3.68462E-4 1.04859E-3 1.36211E-3 1.70914E-3 2.53059E-3 2.60286E-3 2.10394E-3 1.83467E-3 1.92766E-3 3.11723E-3 4.37616E-3 3.8494E-3 3.334E-3 3.35599E-3 3.2241E-3 3.35329E-3 4.22664E-3 2.82221E-3 2.26488E-3 1.86903E-3 1.89345E-3 1.79202E-3 1.83859E-3 1.79355E-3 1.73296E-3 1.68046E-3 1.53564E-3 1.55556E-3 1.50336E-3 1.5109E-3
5.33158E-3 1.66209E-2 2.47968E-1 2.21178E-1 1.35991E-1 2.34516E-1 1.38046E-1 1.82256E-1 5.20412E-2 2.41191E-2 1.10278E-1 4.47269E-1 3.48974E-1 5.59107E-2 2.88956E-2 6.06176E-3 2.21001E-2 1.58655E-1 2.48329E-3 6.54335E-4 7.3664E-4 6.72603E-4 2.27677E-3 1.24458E-2 6.21894E-3 1.96862E-3 9.72551E-4 7.36066E-4 2.17912E-4 4.82475E-4 2.10255E-4 3.15982E-4 5.63028E-4 1.25079E-3 1.20501E-3 1.53793E-3 3.22824E-3 3.90484E-3 3.74877E-3 3.40603E-3 3.49957E-3 4.20916E-3 4.74075E-3 4.57732E-3 4.16285E-3 3.89318E-3 3.9463E-3 3.56469E-3 3.09931E-3 2.36122E-3 2.19713E-3 1.99301E-3 1.90847E-3 1.84412E-3 1.794E-3 2.08667E-3 1.59177E-3 1.42781E-3 1.64286E-3 1.43485E-3 1.3467E-3
5.54448E-3 3.64218E-2 2.1393E-1 1.80344E-2 1.51204E-2 1.43316E-2 1.39332E-2 2.78706E-2 2.87738E-2 3.23945E-2 1.09806E-1 2.39754E-1 8.6502E-2 3.62067E-2 1.8346E-1 1.89042E-2 1.46577E-2 1.25367E-1 6.49732E-3 2.09461E-3 8.23505E-4 9.80421E-4 2.10053E-3 5.83169E-3 1.80515E-2 3.49043E-3 1.10557E-3 3.21021E-4 3.24947E-4 9.2514E-4 3.22558E-4 3.64219E-4 4.65167E-4 1.13585E-3 1.23899E-3 1.61188E-3 4.49896E-3 5.32578E-3 5.79561E-3 4.69248E-3 4.89225E-3 4.55549E-3 5.26057E-3 5.46051E-3 5.41368E-3 5.42737E-3 5.30838E-3 4.27513E-3 4.20009E-3 3.08268E-3 2.42087E-3 2.72561E-3 2.88643E-3 2.81131E-3 3.13901E-3 2.87425E-3 2.17056E-3 2.23545E-3 2.29814E-3 2.10777E-3 1.92522E-3
1.30011E-2 1.4659E-1 1.38433E-1 2.92267E-2 1.74829E-2 8.27552E-3 1.31063E-2 1.67545E-2 1.1052E-2 8.28386E-2 5.20118E-1 1.04353E-1 2.02656E-2 8.72677E-3 2.23915E-1 2.07872E-2 1.28846E-2 2.65923E-1 7.20262E-3 1.59016E-3 1.02529E-3 9.2554E-4 1.29096E-3 5.87994E-3 3.0009E-2 2.7308E-3 5.67197E-4 5.10285E-4 7.25492E-4 2.04811E-3 5.46457E-4 6.2723E-4 1.06778E-3 1.63866E-3 1.50662E-3 1.83161E-3 5.98306E-3 7.87725E-3 7.32756E-3 7.11309E-3 6.6337E-3 6.28588E-3 7.7735E-3 7.45403E-3 6.51165E-3 6.27826E-3 6.75767E-3 5.4443E-3 5.25739E-3 4.30257E-3 4.563E-3 4.32009E-3 4.34628E-3 3.79986E-3 3.94211E-3 3.86137E-3 3.60532E-3 4.01268E-3 3.25469E-3 3.30831E-3 3.29049E-3
1.8887E-1 1.89777E-1 1.99196E-2 1.0288E-2 1.19603E-2 9.88466E-3 2.82371E-2 1.10225E-2 1.49545E-2 5.65029E-2 2.59178E-1 1.51731E-2 1.01191E-2 6.55829E-2 1.35039E-1 1.15878E-2 6.36862E-3 3.11488E-1 2.77408E-2 5.51107E-3 7.76561E-3 2.07564E-3 2.86951E-3 1.44242E-2 3.54893E-2 6.68324E-3 1.29193E-3 3.52419E-3 1.58837E-3 3.50548E-3 1.72044E-3 9.65458E-4 1.23707E-3 3.4004E-3 3.51705E-3 2.40401E-3 4.56354E-3 1.30856E-2 1.18846E-2 1.04938E-2 9.57658E-3 9.3863E-3 8.77199E-3 9.19393E-3 8.9162E-3 9.2985E-3 9.57335E-3 7.57736E-3 6.88559E-3 6.11572E-3 5.15602E-3 4.17452E-3 3.51396E-3 4.09287E-3 4.39988E-3 3.97275E-3 3.45546E-3 2.9107E-3 3.87881E-3 4.17482E-3 4.31166E-3
1.31091E-1 2.11466E-1 4.84734E-3 9.33069E-3 1.88872E-2 1.70655E-2 2.14458E-2 1.08979E-2 2.93077E-2 5.10313E-2 1.73205E-1 1.31665E-2 6.66953E-2 1.88034E-1 4.91107E-2 9.46135E-2 7.98033E-2 1.63306E-1 1.36327E-1 4.49022E-3 4.78637E-3 7.59312E-3 9.28602E-3 2.88072E-2 5.41023E-2 5.0749E-2 4.11968E-3 8.29758E-3 3.58732E-3 3.72818E-3 3.09404E-3 1.8698E-3 3.96238E-3 1.12462E-2 1.18256E-2 9.28027E-3 1.55753E-2 1.27274E-2 1.36036E-2 1.31823E-2 9.87201E-3 9.63312E-3 9.16356E-3 8.67981E-3 9.05905E-3 9.04887E-3 8.90716E-3 7.66419E-3 7.06436E-3 6.85016E-3 6.26791E-3 4.99318E-3 3.83319E-3 3.31931E-3 3.00135E-3 2.17107E-3 1.69863E-3 1.1638E-3 1.2794E-3 1.92976E-3 3.27816E-3
