data/maxent/outputs/red_20.asc
ncols         426
nrows         180
xllcorner     -130.0
yllcorner     24.0
cellsize      0.16666666666666666
NODATA_value  -9999
[rows 54 to 80 of 180, columns 61 to 121 of 426]
2.29225E-2 2.30604E-2 2.0353E-2 1.97354E-2 2.66363E-2 2.06265E-2 2.1102E-2 1.62052E-2 1.39542E-2 1.56651E-2 1.49229E-2 4.88748E-3 6.04014E-3 8.95373E-3 1.37145E-2 1.68505E-2 1.26023E-2 1.79871E-2 1.44639E-2 8.89362E-3 9.75257E-3 7.59645E-3 7.38751E-3 9.84564E-3 1.023E-2 1.04858E-2 9.96944E-3 1.14242E-2 1.1154E-2 1.20064E-2 8.05142E-3 7.37531E-3 5.59391E-3 6.23469E-3 2.9038E-3 2.37052E-3 1.60049E-3 1.07375E-3 2.12295E-3 1.01366E-3 1.40012E-3 1.17567E-3 1.39899E-3 1.19469E-3 1.29966E-3 1.74238E-3 4.89599E-3 5.94696E-3 1.09214E-2 8.36653E-3 8.44267E-3 7.55833E-3 5.79261E-3 7.39246E-3 6.36425E-3 5.96361E-3 5.08045E-3 5.42255E-3 7.46451E-3 9.9271E-3 7.78085E-3
2.2436E-2 2.12617E-2 1.94832E-2 2.29285E-2 2.06539E-2 2.37286E-2 1.636E-2 1.50551E-2 1.28248E-2 1.41136E-2 1.44335E-2 9.79084E-3 6.40252E-3 8.79205E-3 1.26057E-2 1.78839E-2 2.24936E-2 1.96644E-2 1.1766E-2 1.04479E-2 8.8898E-3 9.97091E-3 5.81326E-3 8.52821E-3 9.05185E-3 9.04845E-3 1.10164E-2 9.41621E-3 9.01852E-3 9.88386E-3 9.66814E-3 9.21062E-3 8.19595E-3 3.06123E-3 1.48817E-3 3.25725E-3 2.61863E-3 1.21448E-3 1.4335E-3 1.51901E-3 2.08061E-3 1.68942E-3 9.03547E-4 8.11206E-4 1.31844E-3 2.72733E-3 3.50222E-3 4.43257E-3 5.49926E-3 4.56359E-3 5.44919E-3 4.94116E-3 2.84081E-3 4.50026E-3 5.13596E-3 6.40577E-3 6.63975E-3 7.95477E-3 7.12028E-3 9.82914E-3 9.39732E-3
2.3608E-2 2.47847E-2 2.67303E-2 1.99913E-2 2.4197E-2 2.32546E-2 2.19696E-2 1.47135E-2 1.23743E-2 1.1892E-2 1.23154E-2 1.42748E-2 1.34978E-2 1.3237E-2 1.23549E-2 1.93622E-2 2.19424E-2 1.43159E-2 9.7079E-3 7.72297E-3 7.3172E-3 1.06835E-2 8.91208E-3 9.35436E-3 9.20809E-3 8.88361E-3 8.84966E-3 9.2013E-3 1.06206E-2 1.15149E-2 1.01645E-2 1.04461E-2 7.95735E-3 2.06599E-3 1.82861E-3 1.12927E-3 2.32227E-3 5.09918E-3 1.64373E-3 8.55454E-4 2.83901E-3 1.1103E-3 1.24918E-3 1.55395E-3 1.04961E-3 1.28855E-3 3.0553E-3 5.38394E-3 5.55141E-3 4.96494E-3 4.4687E-3 3.65252E-3 3.94826E-3 3.93269E-3 4.16206E-3 5.54062E-3 6.93881E-3 7.13158E-3 9.31743E-3 9.87427E-3 9.7469E-3
2.45596E-2 1.49033E-2 2.19133E-2 1.87299E-2 1.34398E-2 1.79928E-2 1.67675E-2 1.93604E-2 1.84407E-2 1.0423E-2 8.82628E-3 1.04979E-2 7.18543E-3 1.35251E-2 1.12726E-2 2.53707E-2 1.71868E-2 1.5898E-2 1.46082E-2 8.68883E-3 8.20889E-3 1.10751E-2 7.91048E-3 9.02625E-3 1.05209E-2 8.69743E-3 6.7345E-3 8.44051E-3 8.31539E-3 1.07642E-2 1.11291E-2 1.09239E-2 1.00043E-2 3.02007E-3 2.28301E-3 3.5923E-3 1.11918E-3 2.67212E-3 3.86275E-3 2.1048E-3 1.39334E-3 3.93475E-3 2.36409E-3 1.58162E-3 2.34042E-3 2.46274E-3 3.87458E-3 3.71696E-3 3.55149E-3 3.15915E-3 3.46369E-3 3.45436E-3 4.21174E-3 4.88619E-3 5.39336E-3 5.46194E-3 7.57776E-3 7.94721E-3 1.00419E-2 9.43258E-3 6.85999E-3
1.37258E-2 1.44016E-2 1.7187E-2 2.0449E-2 1.41039E-2 1.76518E-2 1.75114E-2 1.52321E-2 1.58515E-2 1.45472E-2 1.38072E-2 9.2676E-3 1.08308E-2 1.0824E-2 1.41735E-2 2.19863E-2 2.74565E-2 3.15169E-2 2.84153E-2 1.36641E-2 9.74736E-3 8.609E-3 1.03294E-2 1.16556E-2 9.78698E-3 9.15254E-3 8.83527E-3 8.93552E-3 8.11865E-3 6.70906E-3 1.09158E-2 9.32168E-3 6.85732E-3 3.51891E-3 3.53548E-3 4.90858E-3 3.55399E-3 2.14948E-3 1.18213E-3 2.51301E-3 2.16042E-3 1.83328E-3 2.28423E-3 1.24794E-3 1.30213E-3 1.43468E-3 2.19868E-3 3.18677E-3 4.31783E-3 4.87164E-3 3.96127E-3 4.00251E-3 3.21998E-3 4.3847E-3 5.74145E-3 4.65031E-3 5.10553E-3 7.39635E-3 9.475E-3 1.03664E-2 1.01968E-2
1.21039E-2 1.49732E-2 1.46016E-2 1.68672E-2 1.30505E-2 9.8269E-3 1.79461E-2 1.40104E-2 1.5563E-2 1.18936E-2 1.19141E-2 8.09661E-3 1.00253E-2 1.23145E-2 1.25024E-2 1.50793E-2 1.99445E-2 2.69782E-2 2.8537E-2 2.53378E-2 1.63441E-2 1.25139E-2 1.23297E-2 1.09999E-2 1.01187E-2 8.70982E-3 8.78177E-3 8.93438E-3 9.73231E-3 8.1729E-3 9.51051E-3 1.29211E-2 9.18817E-3 6.70522E-3 6.34685E-3 1.89551E-3 7.43449E-3 8.61755E-3 2.28143E-3 1.34528E-3 5.22189E-3 1.71082E-3 1.78312E-3 1.05843E-3 1.11703E-3 1.18799E-3 1.71117E-3 2.75463E-3 3.22197E-3 4.28838E-3 5.83679E-3 5.13459E-3 5.49422E-3 4.84094E-3 3.56513E-3 4.61512E-3 6.07157E-3 8.17337E-3 9.25712E-3 9.93111E-3 9.30487E-3
1.15915E-2 1.5727E-2 1.54404E-2 1.24877E-2 1.50005E-2 1.22411E-2 1.47704E-2 8.99558E-3 1.19291E-2 9.1151E-3 1.36354E-2 1.40117E-2 1.05375E-2 9.24768E-3 9.27124E-3 1.09836E-2 1.66834E-2 1.93027E-2 2.0833E-2 2.73369E-2 3.31933E-2 1.93873E-2 1.43987E-2 9.115E-3 1.17201E-2 8.2659E-3 8.14722E-3 7.99052E-3 9.58182E-3 9.30091E-3 8.455E-3 1.17864E-2 1.2544E-2 1.15561E-2 7.56139E-3 6.25261E-3 5.09343E-3 2.84475E-3 2.96178E-3 3.17477E-3 1.84998E-3 2.97954E-3 1.2189E-3 9.62484E-4 1.14474E-3 1.09128E-3 1.41944E-3 1.77055E-3 2.49078E-3 4.43884E-3 5.98247E-3 4.20931E-3 4.85457E-3 7.18958E-3 7.59278E-3 4.29066E-3 4.3253E-3 5.65667E-3 9.1534E-3 9.59286E-3 7.11961E-3
8.51476E-3 8.10886E-3 8.21924E-3 7.3802E-3 1.01854E-2 1.63941E-2 1.53753E-2 1.03179E-2 7.73761E-3 1.03608E-2 1.19585E-2 1.36276E-2 1.22282E-2 1.08074E-2 9.86801E-3 1.16307E-2 1.35581E-2 1.48154E-2 1.88873E-2 2.075E-2 2.63578E-2 2.87364E-2 1.78018E-2 1.19555E-2 1.26932E-2 1.09007E-2 1.03207E-2 9.40434E-3 8.87982E-3 8.64184E-3 1.02011E-2 1.00916E-2 8.67826E-3 1.03246E-2 1.28107E-2 1.0835E-2 8.33572E-3 3.97254E-3 2.29338E-3 3.79931E-3 2.86058E-3 1.24555E-3 1.25911E-3 1.28E-3 1.3847E-3 1.35267E-3 1.66765E-3 2.33513E-3 3.50244E-3 6.65591E-3 7.73202E-3 5.23573E-3 4.17345E-3 8.62683E-3 5.61486E-3 2.95887E-3 5.22375E-3 7.80387E-3 9.83108E-3 7.78804E-3 6.53651E-3
7.40809E-3 6.33053E-3 7.21557E-3 8.57912E-3 9.30534E-3 7.96175E-3 8.32822E-3 9.9757E-3 1.2601E-2 1.09246E-2 1.05395E-2 8.90615E-3 9.09576E-3 1.00469E-2 1.14197E-2 1.53813E-2 1.20997E-2 1.28205E-2 1.75303E-2 1.76299E-2 1.78191E-2 2.86225E-2 2.9973E-2 1.59619E-2 1.20577E-2 1.03909E-2 1.08884E-2 1.15966E-2 9.53577E-3 8.69216E-3 8.17464E-3 9.29785E-3 7.79105E-3 7.31408E-3 7.62362E-3 7.84951E-3 6.8868E-3 5.08384E-3 2.68132E-3 2.29167E-3 2.01291E-3 1.58118E-3 1.70194E-3 1.97169E-3 2.11531E-3 2.16474E-3 2.17603E-3 3.04417E-3 4.46527E-3 6.16859E-3 7.86844E-3 7.96865E-3 7.06547E-3 7.99789E-3 3.81929E-3 4.65707E-3 6.51022E-3 6.17033E-3 5.87641E-3 4.65002E-3 2.06357E-3
8.02104E-3 6.09197E-3 5.75738E-3 7.47695E-3 8.25393E-3 6.93904E-3 8.59764E-3 7.87079E-3 1.02925E-2 7.79431E-3 1.06254E-2 1.10761E-2 7.69095E-3 8.40129E-3 1.00805E-2 1.2665E-2 1.14483E-2 1.17736E-2 1.34653E-2 1.22024E-2 1.14672E-2 1.38573E-2 1.96587E-2 2.191E-2 1.61517E-2 1.12532E-2 1.25136E-2 8.9605E-3 8.28407E-3 7.0351E-3 6.55964E-3 7.18179E-3 6.69272E-3 6.83213E-3 7.19159E-3 5.62195E-3 7.37895E-3 6.98894E-3 5.43611E-3 2.87118E-3 2.62294E-3 3.20646E-3 2.6101E-3 2.64023E-3 3.12262E-3 3.14203E-3 2.95061E-3 4.35706E-3 4.67759E-3 6.55307E-3 6.05882E-3 7.58591E-3 8.21469E-3 6.7847E-3 5.69373E-3 8.22746E-3 8.66576E-3 8.79927E-3 5.39119E-3 4.13794E-3 8.87048E-3
7.27062E-3 7.2413E-3 6.43078E-3 6.54548E-3 5.93502E-3 6.11193E-3 7.52599E-3 7.12094E-3 7.31713E-3 7.94513E-3 9.58373E-3 5.89867E-3 7.43808E-3 9.48705E-3 9.49955E-3 1.48349E-2 9.47015E-3 1.57182E-2 1.22893E-2 1.12588E-2 1.08084E-2 1.25173E-2 1.38815E-2 1.92206E-2 2.63691E-2 2.07451E-2 1.32066E-2 8.95047E-3 8.66388E-3 7.80366E-3 6.98607E-3 7.428E-3 8.83709E-3 8.71801E-3 8.57106E-3 8.21282E-3 7.61966E-3 6.98186E-3 7.04025E-3 3.72214E-3 3.25576E-3 3.61015E-3 3.02325E-3 2.92436E-3 3.43555E-3 3.61389E-3 4.14661E-3 6.69687E-3 4.75055E-3 4.47412E-3 6.69461E-3 7.95634E-3 7.92444E-3 7.65892E-3 6.80437E-3 7.21657E-3 4.42871E-3 6.10124E-3 4.11627E-3 4.82971E-3 7.72786E-3
6.3878E-3 6.89386E-3 6.99956E-3 6.99354E-3 7.48016E-3 7.46992E-3 6.17204E-3 8.36834E-3 1.02388E-2 8.83175E-3 5.95116E-3 5.47753E-3 6.22267E-3 6.50117E-3 8.78462E-3 8.27629E-3 9.24454E-3 1.42074E-2 1.79016E-2 1.33538E-2 9.96965E-3 1.0433E-2 1.26156E-2 1.45354E-2 1.77487E-2 2.39508E-2 2.65533E-2 2.67317E-2 2.49795E-2 2.29274E-2 2.0359E-2 1.7795E-2 1.42385E-2 1.08859E-2 9.54177E-3 9.65979E-3 8.03851E-3 7.28257E-3 6.42687E-3 4.57275E-3 4.25871E-3 3.04832E-3 2.94103E-3 3.48751E-3 3.99406E-3 4.40864E-3 5.50384E-3 3.85765E-3 3.90104E-3 3.29254E-3 3.84909E-3 7.02695E-3 5.30766E-3 7.29965E-3 6.26794E-3 7.89634E-3 4.52025E-3 2.93506E-3 1.67337E-3 2.19164E-3 6.05424E-3
7.17608E-3 7.13432E-3 6.7754E-3 6.19373E-3 6.30773E-3 7.17162E-3 7.68204E-3 9.73234E-3 9.87696E-3 7.78376E-3 9.02913E-3 5.747E-3 5.0927E-3 5.00677E-3 8.49042E-3 7.35652E-3 1.0383E-2 1.14815E-2 1.61986E-2 1.70557E-2 1.08536E-2 1.00097E-2 1.03839E-2 1.29619E-2 1.5515E-2 1.81164E-2 2.05601E-2 2.26991E-2 2.06482E-2 1.80078E-2 1.58706E-2 1.57844E-2 1.37392E-2 1.16973E-2 1.06343E-2 9.18739E-3 7.01965E-3 5.90824E-3 4.90331E-3 4.90679E-3 3.42855E-3 3.0711E-3 4.45559E-3 4.77975E-3 5.1395E-3 6.27685E-3 6.80305E-3 3.66769E-3 3.48706E-3 3.26667E-3 3.98051E-3 5.30164E-3 5.14213E-3 4.7897E-3 6.59619E-3 7.32725E-3 4.30797E-3 1.64792E-3 9.41087E-4 6.94103E-4 1.17576E-3
7.17634E-3 6.10925E-3 5.94762E-3 4.66603E-3 4.65856E-3 6.93059E-3 9.94637E-3 1.77046E-2 7.06583E-3 8.71204E-3 7.03966E-3 5.46176E-3 4.07413E-3 4.57003E-3 8.18399E-3 8.98654E-3 1.05895E-2 1.5401E-2 1.54687E-2 1.22035E-2 1.39566E-2 1.26283E-2 1.16607E-2 1.18366E-2 1.2266E-2 1.3342E-2 1.38232E-2 1.52198E-2 1.36601E-2 1.51645E-2 1.43794E-2 1.48453E-2 1.32858E-2 1.09605E-2 9.82601E-3 8.17587E-3 6.192E-3 5.04985E-3 4.43111E-3 4.36284E-3 2.88961E-3 3.66672E-3 5.19478E-3 5.34032E-3 7.00449E-3 4.91355E-3 7.31891E-3 2.88028E-3 3.31528E-3 2.76534E-3 3.37986E-3 5.59937E-3 4.38371E-3 3.66608E-3 6.90902E-3 7.5238E-3 3.24387E-3 1.29515E-3 6.54999E-4 5.41087E-4 4.10627E-4
8.21995E-3 7.7658E-3 6.80627E-3 4.97108E-3 4.54948E-3 7.045E-3 8.30396E-3 1.11148E-2 4.67894E-3 5.70846E-3 4.44826E-3 4.14087E-3 4.94022E-3 5.27545E-3 8.34715E-3 8.44778E-3 8.86049E-3 1.1027E-2 1.25054E-2 1.10529E-2 1.05877E-2 1.06907E-2 1.47172E-2 1.22057E-2 1.0805E-2 1.00085E-2 8.97706E-3 9.81118E-3 9.67878E-3 9.90841E-3 1.12433E-2 1.16125E-2 1.14687E-2 1.21316E-2 9.99993E-3 7.83059E-3 6.61018E-3 4.96309E-3 3.31737E-3 2.60546E-3 3.52706E-3 3.96363E-3 8.34365E-3 6.01935E-3 6.34955E-3 4.31663E-3 5.05586E-3 5.58028E-3 3.08059E-3 4.43055E-3 4.03123E-3 5.44396E-3 4.08625E-3 4.4315E-3 6.04702E-3 6.85454E-3 2.64128E-3 8.48913E-4 4.44874E-4 3.94127E-4 3.96346E-4
1.41194E-2 8.67885E-3 8.13466E-3 8.15342E-3 6.33965E-3 6.38327E-3 8.83016E-3 5.17619E-3 5.17754E-3 4.70616E-3 5.49676E-3 6.48013E-3 8.00354E-3 9.00732E-3 8.89656E-3 8.98927E-3 9.61528E-3 1.42225E-2 9.94475E-3 9.4051E-3 9.95782E-3 9.05825E-3 1.06496E-2 1.00511E-2 1.01003E-2 9.72502E-3 8.0596E-3 7.42491E-3 6.72573E-3 6.67644E-3 6.35391E-3 5.55437E-3 6.82691E-3 7.55433E-3 7.02072E-3 5.17935E-3 4.39602E-3 3.957E-3 3.01595E-3 2.07204E-3 5.04983E-3 5.42582E-3 6.72554E-3 6.01945E-3 5.49118E-3 5.65973E-3 4.39673E-3 5.91043E-3 2.96263E-3 6.46073E-3 2.13135E-3 3.81489E-3 2.59777E-3 2.62508E-3 4.63531E-3 4.23882E-3 3.21546E-3 8.99589E-4 4.65941E-4 4.33697E-4 3.74531E-4
1.3589E-2 9.28863E-3 8.03846E-3 8.00228E-3 7.23442E-3 7.23723E-3 8.41186E-3 5.72667E-3 8.18078E-3 7.41358E-3 1.16405E-2 8.16789E-3 8.53722E-3 1.08283E-2 1.03313E-2 1.02429E-2 8.9706E-3 8.97499E-3 8.48022E-3 8.86386E-3 9.27452E-3 8.23107E-3 7.92308E-3 9.93436E-3 8.98681E-3 8.26574E-3 5.63011E-3 5.31725E-3 4.62088E-3 4.95367E-3 4.98571E-3 3.9273E-3 3.98995E-3 5.67871E-3 5.72699E-3 3.93447E-3 4.81827E-3 5.68893E-3 2.43393E-3 1.78241E-3 3.18331E-3 4.62911E-3 4.2497E-3 5.2132E-3 5.64692E-3 4.76473E-3 5.47116E-3 3.47609E-3 3.87653E-3 5.95119E-3 1.72366E-3 1.5535E-3 1.13679E-3 1.9274E-3 3.4413E-3 3.02939E-3 1.60776E-3 6.95871E-4 6.08658E-4 5.55873E-4 4.59022E-4
1.49845E-2 1.12435E-2 9.7079E-3 8.56308E-3 8.71539E-3 7.53478E-3 8.77704E-3 6.69004E-3 1.03579E-2 1.36875E-2 1.05142E-2 1.09579E-2 5.60986E-3 1.10666E-2 1.13735E-2 1.06562E-2 9.59892E-3 8.828E-3 8.26148E-3 7.66188E-3 8.40482E-3 8.05757E-3 9.6763E-3 1.00001E-2 7.77964E-3 7.4984E-3 5.57396E-3 3.84162E-3 4.76984E-3 6.52824E-3 4.31534E-3 3.21109E-3 2.36767E-3 4.87641E-3 3.49056E-3 3.8718E-3 4.74693E-3 2.70862E-3 2.40248E-3 2.33706E-3 4.95604E-3 2.34614E-3 3.22886E-3 4.10823E-3 4.22769E-3 4.04169E-3 5.36817E-3 3.28057E-3 4.36781E-3 6.55178E-3 3.8251E-3 3.03898E-3 1.20056E-3 8.24719E-4 1.81196E-3 1.58968E-3 1.04617E-3 6.00512E-4 7.20019E-4 6.06639E-4 5.98786E-4
1.63903E-2 1.32146E-2 1.19947E-2 9.47062E-3 8.43199E-3 6.12187E-3 6.70176E-3 7.04402E-3 1.23975E-2 1.02472E-2 9.94353E-3 9.37841E-3 5.77932E-3 1.05174E-2 1.29351E-2 1.2054E-2 9.96541E-3 9.03904E-3 8.49367E-3 6.29975E-3 7.62994E-3 7.54942E-3 8.73199E-3 9.51196E-3 8.76266E-3 8.78108E-3 9.38321E-3 8.20919E-3 7.20313E-3 4.33286E-3 3.12065E-3 2.37297E-3 3.37885E-3 2.73338E-3 2.15759E-3 4.17261E-3 3.86098E-3 4.58326E-3 7.85762E-3 4.23032E-3 1.80379E-3 1.63686E-3 2.92764E-3 3.90143E-3 4.45097E-3 5.022E-3 5.08372E-3 3.69121E-3 5.92648E-3 5.46635E-3 4.90016E-3 2.78452E-3 8.999E-4 7.5288E-4 1.30859E-3 1.05072E-3 8.59952E-4 5.87114E-4 5.76273E-4 6.6725E-4 6.55353E-4
1.44916E-2 1.35829E-2 1.10616E-2 1.09369E-2 9.99849E-3 9.04712E-3 1.00107E-2 1.00947E-2 1.18489E-2 7.52259E-3 1.1214E-2 6.56891E-3 6.64499E-3 1.45366E-2 1.25906E-2 1.22988E-2 1.03318E-2 8.70951E-3 8.22698E-3 7.18736E-3 6.40449E-3 7.07682E-3 1.09612E-2 6.96709E-3 6.60222E-3 7.4911E-3 1.20912E-2 8.64638E-3 3.31111E-3 3.94845E-3 3.62274E-3 3.43527E-3 2.48718E-3 2.87257E-3 3.48286E-3 2.93027E-3 4.95845E-3 2.72367E-3 1.82466E-3 1.77438E-3 1.91849E-3 2.46187E-3 4.13195E-3 4.31307E-3 4.2634E-3 5.8846E-3 6.22047E-3 4.53515E-3 6.5808E-3 4.06565E-3 3.02245E-3 1.32034E-3 7.67209E-4 9.31224E-4 9.67058E-4 9.34451E-4 7.77365E-4 5.85792E-4 6.55534E-4 7.23373E-4 7.81014E-4
1.38872E-2 1.34575E-2 1.18467E-2 1.05027E-2 9.33868E-3 1.08828E-2 1.38418E-2 9.03944E-3 7.53838E-3 8.33514E-3 8.11314E-3 5.93702E-3 1.1014E-2 1.46585E-2 1.30302E-2 1.16762E-2 9.64865E-3 8.11553E-3 7.5228E-3 6.71901E-3 7.29147E-3 8.02151E-3 7.78451E-3 9.28881E-3 6.28274E-3 6.01341E-3 5.44178E-3 3.52977E-3 5.11922E-3 3.21156E-3 2.44827E-3 3.15418E-3 1.93985E-3 3.26796E-3 3.68697E-3 2.06355E-3 4.12715E-3 2.02617E-3 2.05135E-3 1.97422E-3 3.38015E-3 6.5518E-3 6.61637E-3 5.63364E-3 5.93147E-3 8.03417E-3 8.30193E-3 6.74878E-3 6.32135E-3 3.70166E-3 4.32182E-3 1.18372E-3 8.69342E-4 1.22673E-3 1.12293E-3 9.25497E-4 8.43162E-4 7.31891E-4 8.00828E-4 8.58175E-4 8.37266E-4
1.58716E-2 1.58886E-2 1.19346E-2 1.24681E-2 1.34887E-2 1.41653E-2 7.89223E-3 7.22774E-3 1.27016E-2 6.64383E-3 6.29893E-3 5.68614E-3 1.19773E-2 8.29992E-3 8.01927E-3 6.986E-3 7.76013E-3 1.02674E-2 8.50515E-3 9.03959E-3 9.64558E-3 8.17398E-3 6.75692E-3 7.72215E-3 6.14899E-3 4.69093E-3 5.54264E-3 2.92695E-3 3.90158E-3 3.74888E-3 2.24145E-3 1.63514E-3 2.15475E-3 2.43339E-3 1.99726E-3 1.65844E-3 2.54225E-3 2.33854E-3 2.7069E-3 3.20023E-3 4.08774E-3 7.04284E-3 7.35866E-3 9.87347E-3 9.09467E-3 1.15733E-2 1.47714E-2 7.33941E-3 6.61185E-3 4.30554E-3 4.72297E-3 1.46111E-3 7.94166E-4 1.26121E-3 1.2205E-3 1.05212E-3 9.4123E-4 8.66128E-4 8.82821E-4 8.74109E-4 8.0048E-4
1.88657E-2 1.63493E-2 1.49878E-2 1.40274E-2 1.30179E-2 8.45151E-3 6.1575E-3 8.72976E-3 1.25524E-2 6.3268E-3 7.08247E-3 7.56572E-3 8.82269E-3 5.60099E-3 8.71851E-3 8.51151E-3 7.99273E-3 1.16918E-2 7.73056E-3 6.54746E-3 8.00935E-3 7.164E-3 7.45293E-3 6.3234E-3 3.99539E-3 4.13474E-3 4.82968E-3 2.28626E-3 2.01749E-3 3.16317E-3 3.1682E-3 2.06689E-3 2.83654E-3 1.67465E-3 1.73463E-3 2.21443E-3 2.01948E-3 2.89769E-3 3.97029E-3 3.65303E-3 4.42539E-3 7.31611E-3 7.97799E-3 9.40202E-3 1.46541E-2 1.79851E-2 1.20172E-2 1.19433E-2 5.82716E-3 5.00463E-3 3.64282E-3 1.77744E-3 1.0914E-3 1.0934E-3 1.34694E-3 1.25771E-3 1.11988E-3 8.90595E-4 7.8401E-4 8.41788E-4 7.4387E-4
2.17166E-2 1.76934E-2 1.87509E-2 1.78861E-2 9.50119E-3 7.99277E-3 6.05727E-3 1.0547E-2 7.53177E-3 5.7449E-3 6.79838E-3 6.46077E-3 6.96452E-3 5.03238E-3 8.87627E-3 6.26155E-3 4.8352E-3 9.48762E-3 7.01018E-3 7.13059E-3 8.42378E-3 9.83418E-3 6.77906E-3 6.29175E-3 7.54361E-3 4.0105E-3 3.07824E-3 2.2731E-3 4.27391E-3 3.73162E-3 2.91393E-3 3.83169E-3 2.0065E-3 2.53124E-3 2.95876E-3 4.12474E-3 3.6303E-3 4.23456E-3 4.57729E-3 5.12624E-3 3.97293E-3 4.59549E-3 1.0403E-2 1.07636E-2 1.16724E-2 1.93995E-2 1.73098E-2 1.29848E-2 6.47172E-3 5.6396E-3 3.95204E-3 2.48057E-3 1.9187E-3 1.54905E-3 2.08254E-3 2.83083E-3 2.21754E-3 1.62044E-3 1.12074E-3 9.13915E-4 6.91605E-4
1.82255E-2 2.00034E-2 1.78083E-2 1.16591E-2 6.78503E-3 6.65278E-3 7.01983E-3 7.41811E-3 6.8635E-3 5.66654E-3 7.15816E-3 6.21068E-3 6.28126E-3 1.12151E-2 7.89177E-3 4.89456E-3 4.23657E-3 6.30953E-3 4.51975E-3 5.24433E-3 5.41192E-3 6.33525E-3 6.5496E-3 5.74611E-3 5.53999E-3 3.62258E-3 2.53637E-3 5.4367E-3 7.85303E-3 3.17608E-3 2.43629E-3 3.83557E-3 1.71928E-3 2.67597E-3 2.99426E-3 3.45283E-3 3.59331E-3 5.02547E-3 5.67221E-3 4.61351E-3 4.45535E-3 3.85622E-3 6.94191E-3 1.27479E-2 1.28356E-2 1.95505E-2 1.79742E-2 1.5305E-2 1.05685E-2 6.74611E-3 4.21757E-3 3.58169E-3 4.72151E-3 4.9585E-3 6.65837E-3 7.81096E-3 7.90428E-3 5.69675E-3 3.95216E-3 2.32072E-3 1.09552E-3
2.20596E-2 1.6926E-2 1.68802E-2 1.09091E-2 9.43464E-3 9.77109E-3 9.27236E-3 9.53777E-3 7.34277E-3 7.92171E-3 6.09529E-3 1.02468E-2 5.81773E-3 1.2856E-2 8.02947E-3 7.94589E-3 5.6736E-3 5.49163E-3 7.57409E-3 3.40331E-3 3.83777E-3 7.4394E-3 3.77648E-3 5.05817E-3 4.4499E-3 3.53585E-3 6.03726E-3 8.45507E-3 6.32844E-3 3.00894E-3 2.48744E-3 2.6819E-3 1.46286E-3 3.50222E-3 3.50623E-3 4.98188E-3 5.15265E-3 5.03397E-3 4.70709E-3 4.43853E-3 3.85449E-3 5.42254E-3 6.34417E-3 1.01593E-2 1.65968E-2 1.71679E-2 1.41989E-2 1.54529E-2 1.33043E-2 9.57559E-3 5.48258E-3 6.63346E-3 1.00738E-2 1.07212E-2 1.06137E-2 1.11528E-2 1.0411E-2 9.6677E-3 9.02827E-3 8.45244E-3 5.0195E-3
2.02674E-2 1.75536E-2 1.45119E-2 1.4767E-2 1.22771E-2 1.1088E-2 1.1218E-2 9.16564E-3 8.11594E-3 7.68715E-3 7.95901E-3 1.15488E-2 8.01736E-3 9.27223E-3 1.18319E-2 9.69109E-3 1.23169E-2 3.81862E-3 6.20803E-3 5.90851E-3 3.77463E-3 7.40243E-3 8.70508E-3 6.33096E-3 4.52129E-3 6.12615E-3 1.37955E-2 4.80181E-3 5.07797E-3 4.90418E-3 5.60003E-3 3.36395E-3 1.37458E-3 3.88777E-3 3.71234E-3 4.5845E-3 5.07631E-3 4.42059E-3 3.70975E-3 3.58533E-3 4.07673E-3 5.67758E-3 5.23613E-3 1.07983E-2 7.89115E-3 1.15355E-2 1.21546E-2 1.17675E-2 1.58522E-2 1.35766E-2 6.54255E-3 6.02134E-3 8.20697E-3 9.29452E-3 1.0585E-2 9.15252E-3 6.45425E-3 4.50077E-3 2.76809E-3 2.23743E-3 1.64548E-3
