data/maxent/outputs/red_221.asc
ncols         426
nrows         180
xllcorner     -130.0
yllcorner     24.0
cellsize      0.16666666666666666
NODATA_value  -9999
[rows 81 to 107 of 180, columns 244 to 304 of 426]
6.19532E-1 6.43589E-1 6.68432E-1 6.71703E-1 6.57497E-1 6.51546E-1 6.59267E-1 6.62557E-1 6.58215E-1 6.57687E-1 6.5988E-1 6.56104E-1 6.72597E-1 6.8077E-1 6.91919E-1 7.02845E-1 7.14094E-1 7.25937E-1 7.44117E-1 7.57716E-1 7.42324E-1 7.26636E-1 7.28845E-1 7.45399E-1 7.30279E-1 7.24902E-1 7.20773E-1 7.25737E-1 7.18303E-1 7.09451E-1 7.16633E-1 7.15042E-1 7.1864E-1 7.42279E-1 7.24466E-1 7.09735E-1 7.01536E-1 6.97683E-1 6.9592E-1 7.14607E-1 7.35496E-1 7.42045E-1 7.42361E-1 7.42574E-1 7.20345E-1 7.32445E-1 7.41258E-1 7.48031E-1 7.66005E-1 7.63999E-1 7.55653E-1 7.4796E-1 7.46613E-1 7.60089E-1 7.74432E-1 7.89634E-1 7.97755E-1 7.91101E-1 7.81335E-1 7.88527E-1 8.17027E-1
6.08241E-1 6.3135E-1 6.47538E-1 6.55044E-1 6.34883E-1 6.50754E-1 6.49187E-1 6.31417E-1 6.3464E-1 6.55217E-1 6.52196E-1 6.59384E-1 6.55994E-1 6.65206E-1 6.73905E-1 6.86573E-1 7.04157E-1 7.27409E-1 7.36508E-1 7.4483E-1 7.34611E-1 7.35669E-1 7.5726E-1 7.6887E-1 7.30418E-1 7.0838E-1 7.07918E-1 7.06617E-1 7.09554E-1 7.16584E-1 7.26218E-1 7.11884E-1 7.13619E-1 7.07165E-1 7.13162E-1 7.10101E-1 7.08493E-1 7.0272E-1 7.03666E-1 7.02845E-1 7.19152E-1 7.30288E-1 7.43696E-1 7.35335E-1 7.30594E-1 7.27122E-1 7.38737E-1 7.57778E-1 7.60524E-1 7.59598E-1 7.56327E-1 7.41564E-1 7.4775E-1 7.58192E-1 7.67315E-1 7.81074E-1 7.89996E-1 7.8467E-1 7.89279E-1 8.21738E-1 8.44702E-1
5.96899E-1 6.16792E-1 6.43559E-1 6.34845E-1 6.3122E-1 6.31982E-1 6.48377E-1 6.23834E-1 6.29247E-1 6.50875E-1 6.50913E-1 6.43508E-1 6.5364E-1 6.62504E-1 6.66177E-1 6.78663E-1 7.14319E-1 7.26486E-1 7.30345E-1 7.33658E-1 7.19362E-1 7.31426E-1 7.48857E-1 7.5104E-1 7.3897E-1 7.21353E-1 7.17135E-1 7.14771E-1 7.0908E-1 7.17898E-1 7.20903E-1 7.17902E-1 7.12911E-1 6.93223E-1 6.9906E-1 6.88611E-1 7.08629E-1 7.06492E-1 7.0189E-1 7.11462E-1 7.2531E-1 7.30541E-1 7.31395E-1 7.17602E-1 7.17654E-1 7.31073E-1 7.41533E-1 7.45667E-1 7.63883E-1 7.70928E-1 7.60226E-1 7.65153E-1 7.65611E-1 7.73858E-1 7.6885E-1 7.74021E-1 7.85224E-1 7.95079E-1 8.06187E-1 8.47242E-1 8.62963E-1
5.93159E-1 6.08771E-1 6.36939E-1 6.27273E-1 6.17217E-1 6.1707E-1 6.19173E-1 6.23891E-1 6.2018E-1 6.22926E-1 6.25922E-1 6.36306E-1 6.58304E-1 6.69076E-1 6.69183E-1 6.81635E-1 7.09095E-1 7.25929E-1 7.38322E-1 7.30251E-1 7.09967E-1 7.07296E-1 7.1819E-1 7.32023E-1 7.12931E-1 7.15906E-1 7.2659E-1 7.29953E-1 7.26093E-1 7.39666E-1 7.50288E-1 7.33165E-1 7.18935E-1 7.06517E-1 7.17076E-1 7.23992E-1 7.13441E-1 6.9724E-1 6.7836E-1 7.0775E-1 7.14696E-1 7.26373E-1 7.17905E-1 7.05165E-1 6.95895E-1 7.16007E-1 7.24986E-1 7.55378E-1 7.75724E-1 7.78645E-1 7.85034E-1 7.75888E-1 7.78529E-1 7.81311E-1 7.72867E-1 7.703E-1 7.7849E-1 7.96114E-1 8.42467E-1 8.49912E-1 8.53824E-1
5.99321E-1 6.05289E-1 6.26452E-1 6.16208E-1 6.15587E-1 6.18927E-1 6.15565E-1 6.21513E-1 6.13142E-1 6.12699E-1 6.20127E-1 6.22883E-1 6.45056E-1 6.61303E-1 6.6646E-1 6.75184E-1 6.96522E-1 7.07215E-1 7.16351E-1 7.18676E-1 6.86523E-1 6.84618E-1 7.00822E-1 7.07404E-1 7.1252E-1 7.16042E-1 7.34665E-1 7.4732E-1 7.46248E-1 7.49375E-1 7.53704E-1 7.47751E-1 7.34564E-1 7.30169E-1 7.28383E-1 7.32777E-1 7.14673E-1 6.86895E-1 6.73993E-1 7.16532E-1 7.23853E-1 7.21398E-1 7.24591E-1 7.20753E-1 7.06856E-1 7.17749E-1 7.29534E-1 7.61704E-1 7.82341E-1 7.96425E-1 8.03592E-1 7.97761E-1 7.96709E-1 7.96982E-1 7.87062E-1 7.82041E-1 7.73675E-1 8.29844E-1 8.27722E-1 8.3759E-1 8.60885E-1
6.05099E-1 6.0012E-1 6.12979E-1 6.33773E-1 6.40784E-1 6.31412E-1 6.29361E-1 6.43167E-1 6.34781E-1 6.39002E-1 6.28711E-1 6.2369E-1 6.21301E-1 6.4268E-1 6.53481E-1 6.74713E-1 6.82418E-1 7.12902E-1 7.14212E-1 7.09886E-1 6.80073E-1 6.70397E-1 6.87608E-1 7.03562E-1 7.33022E-1 7.34433E-1 7.44645E-1 7.63174E-1 7.68102E-1 7.60973E-1 7.57389E-1 7.51259E-1 7.45596E-1 7.41191E-1 7.43303E-1 7.31935E-1 7.11287E-1 6.82364E-1 6.8816E-1 7.28049E-1 7.3501E-1 7.36802E-1 7.48012E-1 7.40984E-1 7.35321E-1 7.35403E-1 7.43173E-1 7.67679E-1 7.9732E-1 8.01635E-1 8.15462E-1 8.13655E-1 8.14061E-1 8.08279E-1 8.04455E-1 7.91582E-1 8.11948E-1 8.3212E-1 8.27205E-1 8.29903E-1 8.40438E-1
6.1047E-1 6.16424E-1 6.23158E-1 6.55978E-1 6.46401E-1 6.58614E-1 6.65712E-1 6.74159E-1 6.58741E-1 6.58007E-1 6.25402E-1 6.10232E-1 6.15597E-1 6.20986E-1 6.66721E-1 6.86579E-1 6.97273E-1 7.16728E-1 7.34612E-1 7.24809E-1 6.88369E-1 6.73755E-1 6.81729E-1 7.14304E-1 7.37294E-1 7.50392E-1 7.6046E-1 7.57751E-1 7.55349E-1 7.61737E-1 7.5421E-1 7.60728E-1 7.50986E-1 7.35245E-1 7.49214E-1 7.3942E-1 7.32944E-1 7.09413E-1 7.08909E-1 7.40129E-1 7.45694E-1 7.39557E-1 7.48489E-1 7.5017E-1 7.48135E-1 7.53957E-1 7.64921E-1 7.74621E-1 8.16172E-1 8.27171E-1 8.24098E-1 8.2012E-1 8.28317E-1 8.2599E-1 8.07313E-1 8.13274E-1 8.22906E-1 8.30579E-1 8.24006E-1 8.10445E-1 8.37958E-1
6.03687E-1 6.23398E-1 6.22929E-1 6.4363E-1 6.51488E-1 6.56456E-1 6.57174E-1 6.63131E-1 6.58832E-1 6.41117E-1 6.17054E-1 6.10039E-1 6.04792E-1 6.09169E-1 6.43707E-1 6.8094E-1 7.10291E-1 7.45883E-1 7.51003E-1 7.54857E-1 6.96016E-1 6.91392E-1 6.98631E-1 7.2031E-1 7.44989E-1 7.65091E-1 7.54509E-1 7.40255E-1 7.71057E-1 7.70147E-1 7.6599E-1 7.71138E-1 7.65012E-1 7.72294E-1 7.75257E-1 7.58161E-1 7.5551E-1 7.42122E-1 7.10109E-1 7.28521E-1 7.34751E-1 7.28401E-1 7.32245E-1 7.4806E-1 7.60116E-1 7.65276E-1 7.79295E-1 8.08419E-1 8.46877E-1 8.39436E-1 8.38321E-1 8.33731E-1 8.36363E-1 8.26759E-1 8.25617E-1 8.28666E-1 8.26788E-1 8.3067E-1 8.26559E-1 8.22288E-1 8.37569E-1
5.82408E-1 5.93629E-1 6.22404E-1 6.34833E-1 6.42143E-1 6.52237E-1 6.59858E-1 6.63639E-1 6.47385E-1 6.43629E-1 6.25404E-1 6.01197E-1 6.22709E-1 6.03446E-1 6.32339E-1 6.90474E-1 7.19521E-1 7.5044E-1 7.43456E-1 7.38799E-1 7.03478E-1 7.10304E-1 7.16048E-1 7.34496E-1 7.5187E-1 7.55348E-1 7.39806E-1 7.44141E-1 7.62903E-1 7.56759E-1 7.67405E-1 7.69454E-1 7.72774E-1 7.76659E-1 7.70215E-1 7.62304E-1 7.65206E-1 7.26974E-1 7.17295E-1 7.37601E-1 7.2794E-1 7.22933E-1 7.23713E-1 7.471E-1 7.61383E-1 7.86204E-1 8.1615E-1 8.1399E-1 8.37828E-1 8.33603E-1 8.26865E-1 8.12014E-1 8.3162E-1 8.24669E-1 8.38715E-1 8.3882E-1 8.35795E-1 8.34086E-1 8.48184E-1 8.12342E-1 8.54841E-1
5.80176E-1 5.86676E-1 6.09933E-1 6.09712E-1 6.25708E-1 6.39159E-1 6.54328E-1 6.42772E-1 6.32931E-1 6.41029E-1 6.09749E-1 5.7406E-1 5.82157E-1 5.83445E-1 6.35121E-1 6.9761E-1 7.05737E-1 7.19636E-1 7.45039E-1 7.13954E-1 6.96798E-1 7.08471E-1 7.25188E-1 7.42265E-1 7.55456E-1 7.55304E-1 7.5333E-1 7.39972E-1 7.53064E-1 7.47024E-1 7.62186E-1 7.66766E-1 7.59786E-1 7.59779E-1 7.49719E-1 7.39214E-1 7.55167E-1 7.32385E-1 7.40266E-1 7.32162E-1 7.22323E-1 7.10438E-1 7.23726E-1 7.3413E-1 7.60498E-1 7.75268E-1 8.04164E-1 8.10226E-1 8.17085E-1 8.14673E-1 7.92572E-1 7.83972E-1 8.00494E-1 8.28594E-1 8.35742E-1 8.51746E-1 8.50127E-1 8.69673E-1 8.67922E-1 8.6716E-1 8.31187E-1
6.18079E-1 5.83701E-1 6.01679E-1 6.16316E-1 6.12623E-1 6.1103E-1 6.25295E-1 6.43259E-1 6.36635E-1 6.16314E-1 5.73491E-1 5.6785E-1 5.49852E-1 5.71829E-1 6.36874E-1 6.88278E-1 7.14574E-1 7.12888E-1 7.25804E-1 7.34213E-1 7.12195E-1 7.05392E-1 7.28538E-1 7.43984E-1 7.50506E-1 7.54986E-1 7.45825E-1 7.43266E-1 7.53569E-1 7.39919E-1 7.40773E-1 7.46637E-1 7.35674E-1 7.23414E-1 7.31449E-1 7.40797E-1 7.77925E-1 7.45963E-1 7.28353E-1 7.26189E-1 7.29648E-1 7.06594E-1 7.2681E-1 7.4674E-1 7.52759E-1 7.75443E-1 7.81246E-1 8.01947E-1 8.0926E-1 8.09903E-1 7.96123E-1 7.90252E-1 7.706E-1 8.12165E-1 8.36765E-1 8.51507E-1 8.73086E-1 8.65773E-1 8.53774E-1 8.83121E-1 8.31918E-1
5.81841E-1 5.80179E-1 5.94908E-1 6.00527E-1 6.06369E-1 5.88748E-1 6.00454E-1 6.02844E-1 6.03884E-1 6.04039E-1 5.72516E-1 5.75141E-1 5.64051E-1 5.93435E-1 6.36517E-1 6.96126E-1 7.15959E-1 7.24081E-1 7.36635E-1 7.39823E-1 7.65825E-1 7.18787E-1 7.26293E-1 7.45825E-1 7.44893E-1 7.41852E-1 7.51586E-1 7.51174E-1 7.48275E-1 7.30732E-1 7.23145E-1 7.30242E-1 7.30407E-1 7.17012E-1 7.14941E-1 7.38013E-1 7.35909E-1 7.46994E-1 7.23911E-1 7.14339E-1 7.15794E-1 7.09539E-1 7.33407E-1 7.4007E-1 7.39776E-1 7.55225E-1 7.59416E-1 7.83781E-1 7.99349E-1 8.10475E-1 7.85557E-1 7.89872E-1 7.8651E-1 8.09888E-1 8.32096E-1 8.60201E-1 8.41487E-1 8.91703E-1 9.06125E-1 9.00355E-1 8.6536E-1
5.84119E-1 6.02038E-1 6.14242E-1 6.0359E-1 5.85464E-1 5.7466E-1 5.71161E-1 5.69858E-1 5.65882E-1 5.91373E-1 5.91081E-1 5.8995E-1 6.01991E-1 6.12559E-1 6.48522E-1 7.03453E-1 7.40481E-1 7.46643E-1 7.39914E-1 7.44997E-1 7.58585E-1 6.88683E-1 7.23825E-1 7.34887E-1 7.385E-1 7.44322E-1 7.44107E-1 7.52169E-1 7.44129E-1 7.24875E-1 7.14815E-1 7.16715E-1 7.13196E-1 7.17278E-1 7.25753E-1 7.53755E-1 7.26727E-1 7.20083E-1 6.97699E-1 7.00158E-1 7.08433E-1 7.06518E-1 7.15729E-1 7.28317E-1 7.32741E-1 7.29538E-1 7.37506E-1 7.71051E-1 7.93545E-1 8.01058E-1 8.06123E-1 7.94657E-1 7.86411E-1 8.24543E-1 8.37234E-1 8.58429E-1 8.97858E-1 9.08542E-1 9.25604E-1 9.07473E-1 9.05988E-1
5.99163E-1 5.99823E-1 6.11218E-1 6.05374E-1 5.76456E-1 5.58852E-1 5.45346E-1 5.50713E-1 5.61094E-1 5.73765E-1 5.82639E-1 5.90364E-1 6.21929E-1 6.4273E-1 6.58051E-1 7.02651E-1 7.45357E-1 7.44698E-1 7.57212E-1 7.44466E-1 7.61674E-1 7.12876E-1 7.2613E-1 7.26761E-1 7.17383E-1 7.46134E-1 7.37295E-1 7.20209E-1 7.1748E-1 7.16981E-1 7.07958E-1 7.17442E-1 7.18775E-1 6.98771E-1 6.90697E-1 7.18029E-1 7.12163E-1 7.00231E-1 6.88941E-1 7.0199E-1 7.01169E-1 7.14448E-1 7.24285E-1 7.27583E-1 7.29576E-1 7.34626E-1 7.58622E-1 7.76369E-1 7.76649E-1 8.05015E-1 7.98418E-1 7.95059E-1 8.1441E-1 8.42191E-1 8.39719E-1 8.96231E-1 9.10945E-1 9.24865E-1 9.14427E-1 9.07916E-1 8.89829E-1
5.84614E-1 5.96095E-1 6.2449E-1 6.10101E-1 5.94808E-1 5.72911E-1 5.54584E-1 5.34744E-1 5.62939E-1 5.72069E-1 5.92314E-1 6.02227E-1 6.34673E-1 6.54444E-1 6.62201E-1 6.79934E-1 7.36243E-1 7.41601E-1 7.52088E-1 7.41004E-1 7.37192E-1 7.27563E-1 7.06844E-1 7.15767E-1 7.23183E-1 7.43788E-1 7.32213E-1 7.08981E-1 7.02858E-1 7.12699E-1 7.1511E-1 7.25046E-1 7.16022E-1 6.98883E-1 6.94316E-1 7.10914E-1 6.96225E-1 6.98608E-1 7.08789E-1 7.11805E-1 7.003E-1 7.38712E-1 7.35088E-1 7.28855E-1 7.42714E-1 7.68675E-1 7.67134E-1 8.08472E-1 8.1569E-1 8.05422E-1 8.23228E-1 8.34709E-1 8.51865E-1 8.69184E-1 8.88117E-1 9.08035E-1 9.11589E-1 9.15766E-1 8.94086E-1 8.89757E-1 8.81557E-1
5.63336E-1 5.84217E-1 6.10709E-1 6.17494E-1 5.99946E-1 5.68753E-1 5.66266E-1 5.63519E-1 5.58224E-1 5.8374E-1 6.01401E-1 6.25428E-1 6.46569E-1 6.67684E-1 6.76028E-1 6.96833E-1 7.26244E-1 7.47711E-1 7.50521E-1 7.44745E-1 7.33747E-1 7.06727E-1 7.11622E-1 6.93817E-1 7.22509E-1 7.37623E-1 7.33709E-1 7.20718E-1 7.1224E-1 7.15369E-1 7.1904E-1 7.17313E-1 7.13117E-1 7.38347E-1 7.19868E-1 6.84141E-1 6.80136E-1 7.17724E-1 7.26355E-1 7.20543E-1 7.1156E-1 7.3188E-1 7.54772E-1 7.57149E-1 7.786E-1 7.97535E-1 8.2492E-1 8.29377E-1 8.25206E-1 8.22636E-1 8.50273E-1 8.54045E-1 8.5766E-1 8.57902E-1 8.93728E-1 9.08677E-1 9.14515E-1 8.9501E-1 9.10135E-1 8.69084E-1 8.76844E-1
5.72509E-1 6.03796E-1 6.16918E-1 6.25982E-1 5.96375E-1 5.91873E-1 5.73895E-1 5.7938E-1 5.88327E-1 5.92656E-1 6.16895E-1 6.38472E-1 6.58181E-1 6.81054E-1 6.94462E-1 7.25772E-1 7.38952E-1 7.65695E-1 7.72021E-1 7.60038E-1 7.45562E-1 7.19287E-1 6.76455E-1 6.81437E-1 7.22061E-1 7.51605E-1 7.41892E-1 7.39428E-1 7.30631E-1 7.32569E-1 7.27626E-1 7.23821E-1 7.45545E-1 7.49658E-1 7.26243E-1 7.09788E-1 7.28506E-1 7.34857E-1 7.61366E-1 7.44724E-1 7.38295E-1 7.40883E-1 7.67714E-1 8.04334E-1 8.1458E-1 8.50017E-1 8.53748E-1 8.40756E-1 8.40826E-1 8.54876E-1 8.48309E-1 8.59333E-1 8.37818E-1 8.65338E-1 9.03161E-1 8.73892E-1 9.07329E-1 8.81417E-1 8.99554E-1 8.3373E-1 9.27734E-1
6.22158E-1 6.3932E-1 6.53791E-1 6.50078E-1 6.54996E-1 6.50744E-1 6.32845E-1 6.11325E-1 6.04926E-1 6.27039E-1 6.33537E-1 6.33454E-1 6.38563E-1 6.79259E-1 7.10938E-1 7.22767E-1 7.47377E-1 7.63051E-1 7.57463E-1 7.53314E-1 7.1124E-1 7.22482E-1 7.14104E-1 7.07245E-1 7.32905E-1 7.59232E-1 7.82716E-1 7.66936E-1 7.48372E-1 7.50594E-1 7.60221E-1 7.7803E-1 7.6765E-1 7.37268E-1 7.28545E-1 7.31904E-1 7.44725E-1 7.70282E-1 7.8156E-1 7.66893E-1 7.61532E-1 7.81689E-1 8.00342E-1 8.07598E-1 8.24423E-1 8.3935E-1 8.46504E-1 8.51698E-1 8.62148E-1 8.64491E-1 8.44413E-1 8.09119E-1 8.473E-1 8.86754E-1 9.06567E-1 9.02367E-1 8.42004E-1 8.4672E-1 8.9479E-1 9.07482E-1 8.56959E-1
5.98477E-1 5.84378E-1 6.16707E-1 6.2914E-1 6.40639E-1 6.34242E-1 6.20973E-1 6.4069E-1 6.20907E-1 6.25671E-1 6.47375E-1 6.29636E-1 6.38561E-1 6.79043E-1 7.00949E-1 7.25301E-1 7.35091E-1 7.48939E-1 7.40235E-1 7.20898E-1 7.19074E-1 7.23153E-1 7.34156E-1 7.39278E-1 7.51257E-1 7.77246E-1 7.9266E-1 7.8891E-1 7.88142E-1 7.81831E-1 7.94117E-1 7.9574E-1 7.86004E-1 7.57863E-1 7.79133E-1 7.76156E-1 7.79468E-1 7.97626E-1 8.28933E-1 8.21937E-1 8.10539E-1 7.98597E-1 8.2009E-1 8.34484E-1 8.57224E-1 8.61744E-1 8.60941E-1 8.68969E-1 8.69751E-1 8.49238E-1 8.48102E-1 8.43445E-1 8.99328E-1 8.95076E-1 8.97448E-1 8.99685E-1 8.46017E-1 8.61729E-1 8.93812E-1 8.47713E-1 8.39739E-1
5.75556E-1 5.81451E-1 6.05541E-1 6.1232E-1 6.3543E-1 6.38219E-1 6.20717E-1 6.38974E-1 6.36659E-1 6.33611E-1 6.50787E-1 6.56113E-1 6.72907E-1 6.80886E-1 6.96563E-1 7.01065E-1 7.03243E-1 6.99287E-1 7.0646E-1 7.15299E-1 6.95289E-1 6.84965E-1 7.03105E-1 7.17461E-1 7.64005E-1 7.72256E-1 7.83056E-1 7.98493E-1 7.85519E-1 7.85283E-1 7.84393E-1 7.78211E-1 7.7369E-1 7.74998E-1 8.02989E-1 8.05901E-1 8.01108E-1 8.3007E-1 8.53097E-1 8.65551E-1 8.6315E-1 8.4825E-1 8.36199E-1 8.48001E-1 8.81193E-1 8.8684E-1 8.78864E-1 8.80666E-1 8.75665E-1 8.70154E-1 8.76342E-1 8.61998E-1 8.5579E-1 8.6826E-1 8.84779E-1 8.95566E-1 8.42509E-1 8.42359E-1 8.27429E-1 8.24828E-1 8.34934E-1
5.64273E-1 5.95498E-1 5.98222E-1 6.12901E-1 6.21328E-1 6.17314E-1 6.26891E-1 6.46524E-1 6.35212E-1 6.53199E-1 6.66478E-1 6.79209E-1 6.78631E-1 7.03051E-1 6.94079E-1 6.8921E-1 6.84524E-1 6.70002E-1 6.72443E-1 6.91133E-1 6.82527E-1 7.02837E-1 7.23978E-1 7.39949E-1 7.6136E-1 7.86247E-1 7.96647E-1 7.95201E-1 7.91491E-1 7.92995E-1 7.91048E-1 7.70359E-1 7.7419E-1 7.86681E-1 8.10419E-1 8.2981E-1 8.4855E-1 8.72529E-1 8.7357E-1 8.97983E-1 8.75688E-1 8.63034E-1 8.68618E-1 8.75872E-1 8.76869E-1 8.788E-1 8.84469E-1 8.86309E-1 8.88968E-1 8.76139E-1 8.70042E-1 8.41624E-1 8.45658E-1 8.61636E-1 9.01938E-1 9.20717E-1 8.45687E-1 8.53242E-1 9.04574E-1 8.51537E-1 8.29474E-1
5.27867E-1 5.9399E-1 5.99387E-1 6.14602E-1 6.07049E-1 6.09747E-1 6.57618E-1 6.7097E-1 6.59166E-1 6.29081E-1 6.55158E-1 6.79149E-1 6.93544E-1 6.95223E-1 6.74028E-1 6.80534E-1 6.54527E-1 6.46174E-1 6.59095E-1 6.70856E-1 6.78968E-1 7.12781E-1 7.33779E-1 7.50841E-1 7.50449E-1 8.13103E-1 8.27304E-1 8.0592E-1 8.07953E-1 8.04378E-1 8.11065E-1 7.90572E-1 7.65024E-1 7.91525E-1 8.4613E-1 8.62085E-1 8.78251E-1 9.01242E-1 9.06679E-1 8.9761E-1 8.98273E-1 8.75337E-1 8.56276E-1 8.80242E-1 8.87358E-1 8.88417E-1 8.77812E-1 8.87882E-1 8.72245E-1 8.65543E-1 8.42292E-1 8.68325E-1 8.90978E-1 8.95599E-1 9.02626E-1 8.60372E-1 8.3176E-1 8.33725E-1 8.41097E-1 8.47143E-1 8.10274E-1
5.32966E-1 5.84072E-1 5.96115E-1 6.10691E-1 6.09032E-1 6.17234E-1 6.21625E-1 6.70199E-1 6.57969E-1 6.4525E-1 6.39747E-1 6.46886E-1 6.53589E-1 6.45116E-1 6.40654E-1 6.41485E-1 6.41773E-1 6.46584E-1 6.6443E-1 6.80996E-1 6.93098E-1 7.23462E-1 7.2382E-1 7.23727E-1 7.56892E-1 8.00351E-1 8.06961E-1 8.07939E-1 8.03859E-1 8.07735E-1 8.05189E-1 7.94354E-1 8.02041E-1 8.18174E-1 8.12915E-1 8.62702E-1 8.45381E-1 8.52639E-1 8.65621E-1 8.79298E-1 8.37511E-1 8.46088E-1 8.51867E-1 8.63216E-1 8.43212E-1 8.5627E-1 8.94966E-1 9.08021E-1 9.04863E-1 8.9279E-1 8.72765E-1 8.82268E-1 8.90327E-1 9.11257E-1 8.69152E-1 8.26008E-1 8.03783E-1 8.23864E-1 8.08311E-1 8.08853E-1 8.01458E-1
5.4857E-1 5.68773E-1 5.8441E-1 6.03496E-1 6.14585E-1 6.26996E-1 6.21302E-1 6.62605E-1 6.51694E-1 6.47762E-1 6.4254E-1 6.31812E-1 6.31372E-1 6.29242E-1 6.38985E-1 6.4188E-1 6.47684E-1 6.58927E-1 6.73657E-1 6.90572E-1 6.94377E-1 7.14313E-1 7.14457E-1 7.43131E-1 7.63737E-1 7.75298E-1 8.22441E-1 8.15215E-1 8.08923E-1 8.23364E-1 8.43161E-1 8.09346E-1 8.43217E-1 8.22291E-1 7.97485E-1 7.97351E-1 8.03184E-1 8.14073E-1 8.22763E-1 8.14959E-1 8.03764E-1 8.06964E-1 8.22017E-1 8.33079E-1 8.94498E-1 9.08378E-1 9.01496E-1 9.02501E-1 8.93683E-1 8.8392E-1 8.90613E-1 8.76888E-1 8.3749E-1 8.51755E-1 8.10753E-1 7.81353E-1 7.86425E-1 7.68741E-1 7.70908E-1 7.57783E-1 7.52329E-1
5.60678E-1 5.60257E-1 5.71513E-1 5.8426E-1 5.94E-1 6.15118E-1 6.22689E-1 6.64064E-1 6.46297E-1 6.21265E-1 6.02703E-1 6.0503E-1 6.09621E-1 6.32633E-1 6.38242E-1 6.339E-1 6.24501E-1 6.21284E-1 6.32637E-1 6.42859E-1 6.83236E-1 6.74649E-1 6.87074E-1 7.35026E-1 7.53314E-1 7.78048E-1 8.11703E-1 8.00329E-1 7.96835E-1 8.19377E-1 8.39261E-1 8.03917E-1 8.0539E-1 7.7523E-1 7.73917E-1 7.78248E-1 7.9049E-1 7.89831E-1 7.77597E-1 7.95774E-1 7.7847E-1 7.76349E-1 7.99168E-1 8.99466E-1 9.00889E-1 9.05563E-1 9.04572E-1 8.88416E-1 8.94267E-1 9.0512E-1 8.69025E-1 8.04549E-1 8.02992E-1 8.19504E-1 8.14516E-1 7.64736E-1 7.44971E-1 7.57351E-1 7.59255E-1 7.51375E-1 7.48E-1
5.24321E-1 5.41047E-1 5.57075E-1 5.72122E-1 5.85854E-1 6.0661E-1 5.94629E-1 6.01191E-1 6.17948E-1 5.98182E-1 5.98848E-1 6.10546E-1 5.96114E-1 5.98283E-1 6.16711E-1 6.11632E-1 6.20278E-1 6.13589E-1 6.21772E-1 6.35588E-1 6.42237E-1 6.64836E-1 6.91698E-1 7.18035E-1 7.5794E-1 7.89876E-1 7.87174E-1 7.73741E-1 8.00353E-1 8.39006E-1 8.40751E-1 7.89199E-1 7.94835E-1 7.6521E-1 7.50017E-1 7.75589E-1 7.6214E-1 7.26178E-1 7.34125E-1 7.50806E-1 7.29831E-1 8.02979E-1 8.64704E-1 9.05832E-1 9.02952E-1 9.0093E-1 9.02532E-1 9.07375E-1 8.57014E-1 8.07704E-1 8.07282E-1 8.02321E-1 7.99172E-1 7.96508E-1 7.86861E-1 7.70639E-1 7.67831E-1 7.63729E-1 7.47804E-1 7.47724E-1 7.53847E-1
5.09784E-1 5.24177E-1 5.50319E-1 5.61056E-1 5.73311E-1 5.88115E-1 5.68851E-1 5.63789E-1 5.80491E-1 5.60809E-1 5.87053E-1 5.96585E-1 5.97201E-1 6.03215E-1 6.27216E-1 6.48552E-1 6.3884E-1 6.11549E-1 6.43901E-1 6.53902E-1 6.49014E-1 6.78333E-1 6.80851E-1 7.20277E-1 7.62522E-1 7.62906E-1 7.58029E-1 7.48191E-1 7.37547E-1 7.94053E-1 7.63929E-1 7.23137E-1 7.35764E-1 7.02428E-1 6.9943E-1 7.17941E-1 6.77345E-1 6.97196E-1 7.26932E-1 8.14011E-1 8.93283E-1 8.89486E-1 8.97073E-1 8.96891E-1 8.89397E-1 9.21998E-1 9.13082E-1 8.57566E-1 8.33658E-1 8.52155E-1 8.22856E-1 7.91019E-1 7.70272E-1 7.81159E-1 7.87416E-1 7.71624E-1 7.67255E-1 7.57463E-1 7.19728E-1 7.09687E-1 7.48379E-1
