data/maxent/outputs/red_288.asc
ncols         426
nrows         180
xllcorner     -130.0
yllcorner     24.0
cellsize      0.16666666666666666
NODATA_value  -9999
[rows 54 to 80 of 180, columns 244 to 304 of 426]
1.66361E-1 1.57067E-1 2.53349E-1 2.8963E-1 3.6311E-1 3.04954E-1 3.14408E-1 4.3108E-1 5.29898E-1 5.6784E-1 4.7525E-1 5.2542E-1 5.3488E-1 3.7652E-1 3.74772E-1 3.88292E-1 3.9042E-1 3.82401E-1 3.3861E-1 5.96905E-1 6.92608E-1 6.86532E-1 6.63791E-1 6.44533E-1 6.43321E-1 5.79349E-1 4.34501E-1 4.28803E-1 3.85818E-1 3.63014E-1 4.23935E-1 4.55635E-1 5.06116E-1 5.13025E-1 5.43063E-1 5.93658E-1 5.04194E-1 4.25367E-1 4.59283E-1 4.88996E-1 5.25026E-1 5.10714E-1 5.05449E-1 4.68906E-1 4.01131E-1 3.09722E-1 2.25834E-1 4.71215E-1 8.26862E-1 6.76752E-1 4.00953E-1 2.14182E-1 2.01159E-1 1.71576E-1 2.72949E-1 3.36333E-1 6.03071E-1 7.15384E-1 7.59925E-1 7.91375E-1 7.8213E-1
2.60674E-1 2.55588E-1 2.6156E-1 2.89313E-1 3.6766E-1 4.01891E-1 4.11074E-1 5.11771E-1 6.22183E-1 4.66897E-1 6.18074E-1 5.77295E-1 4.8765E-1 3.76229E-1 3.96523E-1 4.14641E-1 4.34752E-1 4.05596E-1 4.17174E-1 7.08934E-1 7.00324E-1 7.01072E-1 6.61759E-1 6.12212E-1 5.7854E-1 4.95985E-1 4.49201E-1 3.94306E-1 3.23701E-1 3.18927E-1 3.43681E-1 3.8866E-1 4.43965E-1 4.96836E-1 5.67356E-1 5.7924E-1 6.45035E-1 4.08613E-1 4.86045E-1 4.82826E-1 4.84003E-1 4.8005E-1 5.04088E-1 5.02868E-1 4.60709E-1 3.64264E-1 2.32676E-1 2.18502E-1 6.93753E-1 7.80415E-1 6.39638E-1 4.15491E-1 2.97787E-1 2.03095E-1 2.87176E-1 7.11078E-1 8.1891E-1 7.92315E-1 8.31744E-1 8.41923E-1 8.56811E-1
3.478E-1 3.5419E-1 3.35482E-1 3.7017E-1 4.59067E-1 4.47112E-1 4.58861E-1 5.37465E-1 6.11219E-1 6.14004E-1 5.92667E-1 5.1706E-1 3.76902E-1 3.98216E-1 4.20016E-1 4.56788E-1 4.77013E-1 4.54617E-1 6.68942E-1 7.16939E-1 6.93385E-1 6.69822E-1 6.05613E-1 5.58731E-1 4.95856E-1 4.72391E-1 4.22396E-1 4.23413E-1 3.5819E-1 3.55997E-1 3.2716E-1 3.75732E-1 4.37107E-1 4.88632E-1 5.06166E-1 5.60725E-1 6.33941E-1 3.97077E-1 4.65807E-1 5.06307E-1 4.98202E-1 4.75724E-1 4.84311E-1 4.98723E-1 4.42569E-1 3.43463E-1 2.32563E-1 2.68852E-1 8.06862E-1 8.32385E-1 8.33248E-1 7.44852E-1 8.09244E-1 6.73327E-1 4.48795E-1 4.37246E-1 9.00503E-1 8.59013E-1 8.38356E-1 8.36661E-1 8.40915E-1
3.74157E-1 3.95617E-1 3.97778E-1 4.61565E-1 5.18481E-1 5.0767E-1 4.76391E-1 5.14038E-1 5.7059E-1 5.96357E-1 5.71459E-1 4.62894E-1 3.84333E-1 4.16623E-1 4.55809E-1 4.96618E-1 5.13974E-1 4.74026E-1 6.89407E-1 6.96473E-1 6.64245E-1 6.30195E-1 5.68265E-1 5.09991E-1 4.67311E-1 4.41663E-1 3.97558E-1 5.19233E-1 4.00389E-1 3.64461E-1 3.73776E-1 3.85799E-1 4.54166E-1 4.54291E-1 5.10063E-1 5.55608E-1 6.19228E-1 3.9586E-1 4.36968E-1 4.73918E-1 4.79311E-1 5.02549E-1 4.7101E-1 4.52578E-1 4.28361E-1 3.29615E-1 2.94662E-1 8.03654E-1 8.36381E-1 8.43394E-1 8.01969E-1 7.29027E-1 7.23866E-1 7.3044E-1 8.86344E-1 9.45167E-1 9.19009E-1 9.0311E-1 8.60258E-1 4.44611E-1 5.58278E-1
3.83828E-1 4.00746E-1 4.26826E-1 4.71319E-1 5.26934E-1 5.80927E-1 5.53317E-1 5.55494E-1 5.71889E-1 5.88446E-1 5.74484E-1 4.12264E-1 3.78377E-1 4.25409E-1 4.70285E-1 5.08096E-1 5.19886E-1 5.77394E-1 6.82086E-1 6.57008E-1 6.44236E-1 5.97942E-1 5.44944E-1 4.95236E-1 4.31384E-1 3.70727E-1 4.0459E-1 4.61644E-1 4.26852E-1 4.09696E-1 3.90558E-1 3.89302E-1 4.16175E-1 4.34767E-1 5.1614E-1 5.74603E-1 4.12331E-1 3.26614E-1 3.66663E-1 3.91766E-1 4.48144E-1 4.7417E-1 4.4598E-1 3.98239E-1 3.57117E-1 2.94896E-1 6.91485E-1 7.33228E-1 7.63192E-1 8.33145E-1 8.69124E-1 8.67292E-1 7.50244E-1 7.11314E-1 8.34421E-1 9.35659E-1 9.21998E-1 8.9276E-1 8.87796E-1 8.88415E-1 8.9397E-1
3.57496E-1 3.80492E-1 5.20709E-1 5.79196E-1 5.6347E-1 3.92311E-1 6.09697E-1 5.9506E-1 6.07013E-1 6.09515E-1 5.32859E-1 3.35577E-1 3.85041E-1 4.26902E-1 4.75542E-1 4.97182E-1 5.17245E-1 6.67323E-1 6.58525E-1 6.54826E-1 6.40152E-1 5.65996E-1 5.44254E-1 4.82804E-1 4.43715E-1 3.91757E-1 4.22831E-1 4.64471E-1 4.15527E-1 4.03592E-1 3.83017E-1 4.05345E-1 4.13551E-1 4.70913E-1 5.52173E-1 3.44092E-1 3.73457E-1 5.67944E-1 7.53103E-1 5.78096E-1 4.09806E-1 4.52734E-1 4.44668E-1 3.62453E-1 2.93342E-1 5.25016E-1 7.6422E-1 7.33425E-1 7.65788E-1 8.5506E-1 9.19427E-1 9.18973E-1 8.32388E-1 7.73365E-1 7.19313E-1 8.28793E-1 8.97286E-1 8.81366E-1 8.72713E-1 8.87689E-1 8.64195E-1
3.36093E-1 3.79338E-1 4.64515E-1 5.12707E-1 5.34138E-1 4.67887E-1 6.19329E-1 6.14236E-1 6.15705E-1 5.67641E-1 3.37313E-1 3.41524E-1 3.88809E-1 4.40904E-1 4.83976E-1 5.1082E-1 5.24297E-1 6.68831E-1 6.56123E-1 6.52927E-1 6.23163E-1 5.74467E-1 5.39793E-1 4.98115E-1 4.71456E-1 4.67264E-1 4.9053E-1 4.39663E-1 4.16061E-1 4.23508E-1 4.33612E-1 4.36435E-1 5.00803E-1 5.22393E-1 3.16667E-1 4.5431E-1 6.14695E-1 6.38543E-1 7.77265E-1 8.66047E-1 5.3921E-1 4.2635E-1 4.34475E-1 3.6613E-1 3.17566E-1 6.59117E-1 7.89404E-1 7.59463E-1 7.90815E-1 8.70977E-1 9.2358E-1 9.14382E-1 8.43065E-1 7.40592E-1 6.75918E-1 8.2461E-1 8.82642E-1 8.99559E-1 8.92483E-1 9.09065E-1 9.03771E-1
4.08538E-1 4.89525E-1 4.60838E-1 4.91234E-1 5.02747E-1 5.47573E-1 5.82957E-1 5.97807E-1 6.20563E-1 6.04978E-1 3.51612E-1 3.60531E-1 4.25479E-1 4.73699E-1 5.15829E-1 5.27663E-1 5.83712E-1 6.7245E-1 6.54495E-1 6.41692E-1 6.18038E-1 5.79842E-1 5.6744E-1 5.18725E-1 5.4477E-1 4.62793E-1 4.47775E-1 4.20776E-1 4.27071E-1 4.58088E-1 4.8814E-1 4.769E-1 5.82003E-1 3.39209E-1 4.2807E-1 5.68356E-1 5.46738E-1 6.11905E-1 7.0582E-1 8.15709E-1 8.05881E-1 3.96613E-1 4.47138E-1 4.03782E-1 3.46644E-1 6.64321E-1 8.47941E-1 7.87055E-1 8.28397E-1 9.08187E-1 9.33942E-1 9.02161E-1 8.54154E-1 8.11743E-1 7.89707E-1 8.54506E-1 9.2137E-1 9.29322E-1 9.28311E-1 9.14439E-1 8.86878E-1
3.64839E-1 3.94981E-1 4.61404E-1 4.70111E-1 5.37947E-1 5.11271E-1 5.529E-1 5.70964E-1 6.03746E-1 5.33768E-1 3.375E-1 4.01855E-1 4.50654E-1 4.98299E-1 5.45192E-1 5.48018E-1 6.47856E-1 6.68552E-1 6.42211E-1 6.17441E-1 6.05856E-1 5.80758E-1 5.94016E-1 5.3343E-1 5.164E-1 4.90578E-1 4.80338E-1 4.59593E-1 4.59331E-1 4.88612E-1 5.26942E-1 5.07655E-1 5.54409E-1 5.60318E-1 5.21532E-1 4.95037E-1 5.35486E-1 5.88278E-1 6.36603E-1 7.16774E-1 8.09937E-1 3.97181E-1 4.37431E-1 4.32308E-1 3.86631E-1 6.11998E-1 9.04636E-1 8.47587E-1 8.6159E-1 9.33105E-1 9.11697E-1 9.05942E-1 9.02719E-1 8.89094E-1 8.9222E-1 9.10031E-1 9.48338E-1 9.53418E-1 9.36581E-1 7.98472E-1 6.1706E-1
3.32431E-1 3.4729E-1 4.43853E-1 4.12885E-1 4.94736E-1 4.95791E-1 5.60981E-1 5.60191E-1 5.85827E-1 3.98567E-1 3.71725E-1 4.22474E-1 4.63291E-1 5.1162E-1 5.6471E-1 5.86328E-1 5.76045E-1 6.74889E-1 6.43977E-1 6.2514E-1 6.02748E-1 6.06241E-1 6.1062E-1 5.36125E-1 5.25587E-1 5.04981E-1 5.06783E-1 4.73781E-1 4.79503E-1 4.68429E-1 5.09928E-1 5.49212E-1 5.5517E-1 5.07728E-1 5.11416E-1 5.34348E-1 5.38714E-1 5.49922E-1 5.88076E-1 6.53392E-1 7.82868E-1 4.48658E-1 4.4521E-1 4.32984E-1 3.89018E-1 6.91338E-1 9.03922E-1 8.70728E-1 8.81053E-1 9.51472E-1 9.45925E-1 9.2225E-1 9.13889E-1 8.95822E-1 8.82206E-1 9.21821E-1 9.53403E-1 9.72828E-1 7.52615E-1 5.07167E-1 4.16733E-1
2.78803E-1 3.10248E-1 3.93385E-1 4.17571E-1 4.59821E-1 5.07919E-1 5.53574E-1 5.67166E-1 5.92448E-1 3.823E-1 4.12787E-1 4.52006E-1 5.04078E-1 5.4499E-1 5.86879E-1 6.0908E-1 6.02875E-1 6.73944E-1 7.02415E-1 6.47649E-1 6.12153E-1 6.05963E-1 6.09525E-1 5.791E-1 5.58856E-1 5.45701E-1 5.34441E-1 5.00079E-1 4.82545E-1 4.97867E-1 5.22795E-1 5.28487E-1 5.37749E-1 5.40756E-1 5.42244E-1 5.40952E-1 5.22693E-1 5.39628E-1 5.54824E-1 6.13256E-1 7.59009E-1 4.33907E-1 3.96956E-1 4.89986E-1 8.39424E-1 9.28521E-1 9.29476E-1 9.23631E-1 9.43345E-1 9.69316E-1 9.6271E-1 9.38797E-1 9.20579E-1 8.78804E-1 8.36181E-1 8.97162E-1 9.44178E-1 9.59119E-1 9.3479E-1 8.39309E-1 6.74896E-1
3.04556E-1 3.18287E-1 4.01065E-1 4.26532E-1 4.69624E-1 5.80979E-1 5.65356E-1 6.01124E-1 6.08182E-1 4.28662E-1 4.50016E-1 4.99879E-1 5.32673E-1 5.71549E-1 6.12656E-1 6.26779E-1 6.27111E-1 5.99069E-1 6.87737E-1 6.48592E-1 6.23759E-1 6.27174E-1 6.37405E-1 6.13296E-1 5.79257E-1 5.72208E-1 5.38084E-1 5.16022E-1 5.0351E-1 5.09593E-1 5.16498E-1 5.21449E-1 5.43708E-1 5.7414E-1 5.5547E-1 5.51963E-1 5.51735E-1 5.57222E-1 5.73111E-1 6.32884E-1 7.51987E-1 7.78053E-1 6.7118E-1 9.24622E-1 9.2624E-1 9.5779E-1 9.80723E-1 9.73198E-1 9.75613E-1 9.73218E-1 9.62354E-1 9.40731E-1 9.31303E-1 9.0766E-1 8.74492E-1 9.09264E-1 9.42127E-1 9.61226E-1 9.75686E-1 9.65627E-1 9.28838E-1
3.56998E-1 3.47212E-1 4.13522E-1 3.85332E-1 4.5978E-1 5.41997E-1 5.62273E-1 6.18067E-1 6.30787E-1 4.85015E-1 4.87065E-1 5.37289E-1 5.68615E-1 5.92002E-1 6.15052E-1 6.35102E-1 6.30368E-1 6.01249E-1 6.65679E-1 6.33488E-1 6.23883E-1 6.34618E-1 6.26614E-1 6.12619E-1 5.88775E-1 5.75145E-1 5.66084E-1 5.27276E-1 5.27813E-1 5.46953E-1 5.57329E-1 5.64758E-1 5.71364E-1 6.02067E-1 5.90488E-1 5.87889E-1 6.0491E-1 6.10531E-1 6.25311E-1 7.26188E-1 8.14555E-1 8.68956E-1 8.82226E-1 9.05653E-1 9.30264E-1 9.58822E-1 9.75834E-1 9.77069E-1 9.78782E-1 9.64814E-1 9.5678E-1 9.50243E-1 9.51083E-1 9.46089E-1 9.47799E-1 9.30305E-1 9.26551E-1 9.3264E-1 9.25894E-1 9.15015E-1 8.75365E-1
3.18055E-1 3.59102E-1 3.41788E-1 4.02373E-1 4.8208E-1 5.13495E-1 5.48705E-1 5.67611E-1 6.07551E-1 6.22188E-1 5.15725E-1 5.70647E-1 6.07536E-1 6.24924E-1 6.3726E-1 6.51031E-1 6.47486E-1 6.30389E-1 6.85508E-1 6.2714E-1 5.9767E-1 6.12593E-1 6.30028E-1 6.20137E-1 5.8341E-1 5.67488E-1 5.45721E-1 5.46997E-1 5.74715E-1 5.79626E-1 5.90446E-1 5.96336E-1 6.22371E-1 6.58688E-1 6.6385E-1 6.71161E-1 6.74711E-1 7.1727E-1 7.41959E-1 8.15844E-1 8.76223E-1 8.91749E-1 8.8004E-1 8.9559E-1 9.15591E-1 9.3952E-1 9.48232E-1 9.48666E-1 9.39149E-1 9.30526E-1 9.30318E-1 9.3784E-1 9.30089E-1 9.37559E-1 9.33697E-1 7.75044E-1 6.096E-1 4.22904E-1 3.59004E-1 3.48732E-1 3.52116E-1
3.18541E-1 3.21092E-1 3.45458E-1 3.72766E-1 5.00125E-1 5.59493E-1 5.36618E-1 5.79077E-1 5.84044E-1 5.90283E-1 5.47719E-1 6.09131E-1 6.42283E-1 6.53636E-1 6.64671E-1 6.74996E-1 6.79295E-1 6.54858E-1 6.71102E-1 5.94725E-1 6.4779E-1 6.42664E-1 6.37006E-1 6.70895E-1 6.12658E-1 5.9465E-1 5.64642E-1 5.4942E-1 5.5218E-1 5.51501E-1 5.77575E-1 6.09213E-1 6.48776E-1 6.94876E-1 7.20641E-1 7.37405E-1 7.12536E-1 7.30903E-1 7.81937E-1 8.27368E-1 9.07653E-1 9.22153E-1 8.83881E-1 8.86149E-1 8.99118E-1 9.03239E-1 9.04378E-1 7.47019E-1 5.42885E-1 5.71197E-1 6.64206E-1 8.09067E-1 9.04858E-1 9.10935E-1 7.47362E-1 6.09481E-1 3.73112E-1 3.41516E-1 3.19046E-1 3.55622E-1 5.95207E-1
3.49294E-1 3.74165E-1 3.89142E-1 3.64194E-1 4.09063E-1 4.4488E-1 5.4519E-1 6.10996E-1 6.04166E-1 6.13584E-1 5.86054E-1 6.49257E-1 6.6595E-1 6.76572E-1 6.87274E-1 6.94617E-1 7.02895E-1 6.94909E-1 6.51052E-1 5.79599E-1 6.24901E-1 6.39028E-1 6.36453E-1 6.65683E-1 6.42307E-1 6.16777E-1 5.82536E-1 5.66432E-1 5.57275E-1 5.40704E-1 5.70109E-1 6.41007E-1 7.10599E-1 7.787E-1 7.78362E-1 7.3253E-1 7.49906E-1 7.81842E-1 8.41148E-1 4.96503E-1 6.16264E-1 9.29869E-1 9.29253E-1 9.17847E-1 9.12066E-1 8.85403E-1 4.52007E-1 2.64868E-1 2.97353E-1 3.49019E-1 3.90743E-1 4.25336E-1 4.57948E-1 4.4855E-1 4.28581E-1 4.31036E-1 3.87967E-1 3.83916E-1 5.21299E-1 7.55237E-1 7.43969E-1
3.65959E-1 4.06229E-1 3.5208E-1 3.46614E-1 3.81485E-1 4.36614E-1 5.31867E-1 5.73855E-1 5.96835E-1 6.27365E-1 5.9949E-1 6.54338E-1 6.85542E-1 6.97455E-1 7.03619E-1 7.17213E-1 7.25102E-1 6.81138E-1 5.71982E-1 5.7772E-1 5.97644E-1 6.35787E-1 6.47336E-1 6.42191E-1 6.29013E-1 6.07867E-1 5.89906E-1 5.80908E-1 5.79109E-1 5.72249E-1 6.04498E-1 6.48668E-1 7.20083E-1 7.91378E-1 7.93196E-1 7.68825E-1 7.77136E-1 8.17329E-1 8.4399E-1 8.97737E-1 9.28417E-1 9.39392E-1 9.33561E-1 8.71364E-1 5.87352E-1 2.9177E-1 2.51947E-1 2.83779E-1 3.28157E-1 3.85416E-1 4.24928E-1 4.62645E-1 4.84146E-1 4.82766E-1 4.34024E-1 5.28514E-1 7.65459E-1 7.48189E-1 7.22383E-1 7.47974E-1 7.12142E-1
3.97884E-1 3.45049E-1 3.43471E-1 3.60027E-1 3.75574E-1 4.36163E-1 5.17436E-1 5.51627E-1 5.69578E-1 6.32179E-1 6.33256E-1 6.4262E-1 7.01931E-1 7.14893E-1 7.25111E-1 7.46038E-1 7.37902E-1 5.14358E-1 5.30953E-1 5.99519E-1 6.08669E-1 6.26225E-1 6.27598E-1 6.14797E-1 6.16549E-1 6.1344E-1 6.05834E-1 5.87011E-1 6.1213E-1 6.1555E-1 6.35305E-1 6.88661E-1 6.86233E-1 7.07721E-1 7.52785E-1 7.63451E-1 7.7718E-1 8.24075E-1 7.99111E-1 8.8912E-1 9.31479E-1 8.86643E-1 5.14628E-1 3.24518E-1 3.05798E-1 2.80043E-1 2.92197E-1 3.19824E-1 3.68688E-1 4.08547E-1 4.62557E-1 5.08244E-1 5.56851E-1 7.07649E-1 8.15836E-1 7.64433E-1 7.61041E-1 7.54295E-1 7.37156E-1 7.27766E-1 7.1858E-1
3.74315E-1 3.52314E-1 3.66014E-1 3.7317E-1 3.79845E-1 4.42891E-1 4.92732E-1 5.37888E-1 5.7838E-1 5.98492E-1 6.55638E-1 6.01666E-1 6.68387E-1 6.98999E-1 7.11037E-1 7.28125E-1 6.4947E-1 5.62669E-1 6.05292E-1 6.49637E-1 6.73859E-1 6.56416E-1 6.1376E-1 6.1952E-1 6.12247E-1 6.24279E-1 6.2834E-1 6.21171E-1 6.23986E-1 6.0344E-1 6.21236E-1 6.17067E-1 6.12741E-1 6.50485E-1 6.95352E-1 7.22976E-1 7.52979E-1 3.77787E-1 4.86381E-1 3.79739E-1 5.18613E-1 4.70213E-1 3.7601E-1 3.69437E-1 3.44482E-1 3.31985E-1 3.47289E-1 3.4741E-1 3.89614E-1 5.14468E-1 7.49888E-1 8.24062E-1 7.48374E-1 7.26314E-1 7.25667E-1 7.22788E-1 7.11877E-1 7.17961E-1 7.06382E-1 6.99409E-1 6.72396E-1
3.64867E-1 3.51814E-1 3.64778E-1 3.56763E-1 3.83093E-1 4.35715E-1 4.68706E-1 5.43651E-1 5.98771E-1 5.94625E-1 6.17195E-1 6.49223E-1 6.00975E-1 6.85453E-1 6.63572E-1 6.50596E-1 5.96837E-1 5.84865E-1 6.3523E-1 6.39939E-1 6.29903E-1 6.21194E-1 6.10848E-1 6.20509E-1 6.29308E-1 6.46761E-1 6.39902E-1 6.13639E-1 6.02389E-1 5.70595E-1 5.48692E-1 5.59324E-1 5.93085E-1 6.66152E-1 6.80593E-1 7.14944E-1 5.40012E-1 3.11206E-1 2.95109E-1 3.78121E-1 4.49722E-1 4.11684E-1 4.18295E-1 4.30292E-1 4.01489E-1 3.7308E-1 3.85165E-1 7.39432E-1 8.23121E-1 7.89412E-1 7.39992E-1 6.93874E-1 6.66362E-1 6.71036E-1 6.68127E-1 6.66979E-1 6.77392E-1 6.58089E-1 6.42184E-1 6.47398E-1 6.40822E-1
3.47942E-1 3.27279E-1 3.27839E-1 3.7107E-1 4.10248E-1 3.93975E-1 4.39703E-1 5.16487E-1 5.32835E-1 5.64802E-1 5.71881E-1 5.66477E-1 5.68024E-1 5.87135E-1 5.77466E-1 5.84656E-1 5.62892E-1 5.49748E-1 6.26331E-1 6.14331E-1 6.04556E-1 6.0242E-1 6.04573E-1 6.45807E-1 6.52222E-1 6.36618E-1 6.21979E-1 5.73662E-1 5.90821E-1 5.45137E-1 5.14826E-1 5.24111E-1 6.11198E-1 6.56088E-1 6.40539E-1 6.01328E-1 6.25683E-1 7.00424E-1 5.64283E-1 6.41867E-1 3.67201E-1 4.38654E-1 4.85216E-1 6.39543E-1 6.26168E-1 5.92345E-1 8.53908E-1 8.38465E-1 8.28658E-1 7.88685E-1 6.98808E-1 6.3853E-1 6.18473E-1 6.34056E-1 5.9893E-1 6.27653E-1 6.37586E-1 5.90596E-1 5.9427E-1 6.06514E-1 6.01552E-1
3.26318E-1 3.3637E-1 3.4775E-1 4.14538E-1 3.84089E-1 4.09091E-1 5.21425E-1 4.61959E-1 4.21621E-1 4.9175E-1 5.24447E-1 5.54574E-1 5.42689E-1 5.29E-1 4.95802E-1 4.92553E-1 4.82749E-1 5.46433E-1 5.51634E-1 5.61084E-1 5.71716E-1 6.27296E-1 6.23205E-1 6.41606E-1 6.49437E-1 6.12739E-1 5.86812E-1 5.76639E-1 5.44809E-1 5.5394E-1 5.1707E-1 5.24291E-1 5.63452E-1 5.75412E-1 5.60673E-1 5.83229E-1 5.93085E-1 6.23445E-1 6.63129E-1 6.77098E-1 7.26698E-1 7.83715E-1 7.92222E-1 8.05359E-1 8.38965E-1 8.36846E-1 8.31036E-1 8.31524E-1 8.11145E-1 7.34856E-1 6.09962E-1 6.07728E-1 4.95036E-1 4.78828E-1 5.26387E-1 5.83271E-1 5.89852E-1 5.77936E-1 5.68864E-1 5.77009E-1 5.77251E-1
4.11352E-1 3.96018E-1 4.26243E-1 4.30473E-1 4.87108E-1 4.22032E-1 5.19787E-1 4.53418E-1 4.06666E-1 4.04924E-1 4.60398E-1 5.03135E-1 4.88457E-1 4.65786E-1 4.88542E-1 5.04943E-1 5.39925E-1 5.67545E-1 5.53587E-1 5.5861E-1 5.91627E-1 6.27428E-1 6.34278E-1 6.33243E-1 6.20918E-1 6.38052E-1 5.95854E-1 5.43964E-1 5.72E-1 5.95532E-1 5.57602E-1 5.45297E-1 5.28472E-1 5.38468E-1 5.73059E-1 5.79092E-1 5.82523E-1 5.93225E-1 5.97185E-1 5.76753E-1 6.09083E-1 6.44067E-1 6.85812E-1 7.18913E-1 7.66197E-1 8.05859E-1 8.08514E-1 7.86598E-1 7.59099E-1 6.7866E-1 5.67816E-1 5.37161E-1 4.81E-1 4.9374E-1 4.55292E-1 5.03877E-1 5.34421E-1 5.49761E-1 5.02108E-1 5.07158E-1 5.7489E-1
4.00459E-1 3.68298E-1 3.95958E-1 4.32177E-1 3.87435E-1 3.91909E-1 3.94336E-1 4.08468E-1 4.39103E-1 4.55586E-1 4.78318E-1 4.87289E-1 4.89144E-1 4.78648E-1 4.74763E-1 4.59785E-1 4.98361E-1 5.15395E-1 5.47018E-1 5.8279E-1 5.96285E-1 5.99542E-1 5.99624E-1 6.09178E-1 6.34355E-1 6.45272E-1 5.74782E-1 5.55514E-1 5.55619E-1 5.7347E-1 5.96784E-1 5.83516E-1 5.7753E-1 5.96084E-1 6.14476E-1 5.86598E-1 6.02539E-1 6.12274E-1 6.05833E-1 5.96965E-1 6.03085E-1 6.23701E-1 6.57526E-1 6.73121E-1 7.09962E-1 7.24084E-1 7.52384E-1 7.51966E-1 7.09031E-1 6.63703E-1 5.84054E-1 5.23535E-1 4.77045E-1 4.56554E-1 4.61439E-1 4.59177E-1 4.88003E-1 5.2734E-1 4.91726E-1 4.76133E-1 5.14882E-1
3.69596E-1 3.63135E-1 3.7346E-1 3.91477E-1 4.1804E-1 3.99723E-1 3.96128E-1 4.0089E-1 4.18735E-1 4.36389E-1 4.46443E-1 4.64943E-1 4.73141E-1 4.85702E-1 4.74469E-1 4.94581E-1 5.04294E-1 5.33908E-1 5.63386E-1 5.84526E-1 5.86379E-1 5.86778E-1 5.95743E-1 5.97947E-1 6.10314E-1 6.23739E-1 6.31637E-1 6.13365E-1 5.76778E-1 5.59165E-1 5.72574E-1 5.86717E-1 6.21531E-1 6.12461E-1 5.98683E-1 5.85777E-1 5.82341E-1 6.03183E-1 5.85709E-1 5.82181E-1 5.96927E-1 6.19567E-1 6.2042E-1 6.17696E-1 6.1168E-1 6.08339E-1 6.80295E-1 6.88275E-1 6.2986E-1 6.08617E-1 5.57235E-1 4.89114E-1 4.76442E-1 4.5223E-1 4.9323E-1 5.55239E-1 5.02782E-1 4.98385E-1 5.43331E-1 5.61785E-1 5.50169E-1
3.88702E-1 3.96263E-1 3.80224E-1 3.87513E-1 4.22007E-1 4.26522E-1 4.33777E-1 4.29743E-1 4.51012E-1 4.83716E-1 4.6816E-1 4.57636E-1 4.7534E-1 4.82338E-1 4.95888E-1 5.38166E-1 5.42668E-1 5.68701E-1 5.9005E-1 6.0251E-1 6.0714E-1 5.92561E-1 6.10508E-1 5.85907E-1 5.93168E-1 6.02289E-1 6.06791E-1 6.15093E-1 5.98917E-1 5.69542E-1 5.99735E-1 6.44601E-1 6.40303E-1 6.17779E-1 6.10855E-1 5.91299E-1 5.78739E-1 5.7425E-1 5.73493E-1 6.03238E-1 6.44262E-1 6.2786E-1 6.01263E-1 5.65228E-1 5.58904E-1 5.70383E-1 5.70801E-1 6.28107E-1 5.85967E-1 5.52298E-1 5.1899E-1 5.02261E-1 4.97993E-1 5.2327E-1 5.1561E-1 5.23854E-1 5.39749E-1 5.06206E-1 5.03985E-1 5.35437E-1 5.20688E-1
4.52857E-1 4.83453E-1 4.74358E-1 4.19505E-1 4.31615E-1 4.43455E-1 4.38753E-1 4.60301E-1 4.36242E-1 4.34566E-1 4.41669E-1 4.6048E-1 4.6646E-1 4.82741E-1 5.08931E-1 5.45881E-1 5.57807E-1 5.79246E-1 5.93374E-1 5.97942E-1 5.96112E-1 5.80958E-1 5.93635E-1 5.92596E-1 5.86417E-1 5.95496E-1 5.91339E-1 5.91059E-1 6.30755E-1 6.20621E-1 5.77692E-1 5.95892E-1 5.90708E-1 5.91797E-1 6.01065E-1 5.84543E-1 5.6922E-1 5.44971E-1 5.42162E-1 6.08235E-1 6.04005E-1 6.15847E-1 6.03733E-1 6.00963E-1 5.55684E-1 5.37466E-1 5.39917E-1 5.76316E-1 5.92696E-1 5.29797E-1 5.1723E-1 5.3658E-1 5.48435E-1 5.64059E-1 5.71147E-1 6.09476E-1 6.0035E-1 5.56936E-1 5.4383E-1 5.19011E-1 5.41216E-1
