data/maxent/outputs/red_148.asc
ncols         426
nrows         180
xllcorner     -130.0
yllcorner     24.0
cellsize      0.16666666666666666
NODATA_value  -9999
[rows 0 to 26 of 180, columns 122 to 182 of 426]
9.05492E-2 8.64967E-2 8.75654E-2 6.03181E-2 5.5153E-2 7.34307E-2 9.79414E-2 1.05785E-1 9.597E-2 8.95742E-2 7.98736E-2 7.88017E-2 7.96832E-2 7.39386E-2 7.30038E-2 6.27341E-2 6.2999E-2 6.22765E-2 6.68039E-2 6.87895E-2 6.7349E-2 5.6415E-2 5.31499E-2 5.3539E-2 4.56772E-2 4.66254E-2 4.2479E-2 3.93871E-2 4.01989E-2 3.88319E-2 3.84248E-2 3.64472E-2 3.56804E-2 3.23144E-2 3.13758E-2 3.2257E-2 3.19108E-2 3.24825E-2 3.17228E-2 3.10674E-2 3.10825E-2 3.01923E-2 2.77173E-2 2.62364E-2 2.58805E-2 2.38233E-2 2.2321E-2 1.98588E-2 1.96337E-2 1.88197E-2 1.87638E-2 1.98901E-2 1.979E-2 1.8446E-2 2.07546E-2 2.49819E-2 2.77196E-2 2.34508E-2 2.47198E-2 2.51128E-2 2.0517E-2
6.75226E-2 6.11996E-2 5.56085E-2 5.04061E-2 5.30565E-2 6.33752E-2 7.31172E-2 7.96062E-2 1.04974E-1 1.14868E-1 9.34144E-2 7.86777E-2 7.37624E-2 7.84087E-2 8.53524E-2 7.04938E-2 6.04014E-2 5.85161E-2 6.2646E-2 6.41878E-2 6.90111E-2 5.95407E-2 5.68131E-2 5.15019E-2 4.94976E-2 5.73848E-2 5.30542E-2 4.63831E-2 4.86349E-2 4.43313E-2 4.38927E-2 4.5319E-2 4.28035E-2 4.58747E-2 3.8239E-2 3.54479E-2 3.53763E-2 3.60168E-2 3.56738E-2 3.61811E-2 3.58693E-2 3.42389E-2 3.05031E-2 2.87734E-2 2.79838E-2 2.83627E-2 2.52742E-2 2.17519E-2 1.85679E-2 1.60226E-2 1.70232E-2 2.24702E-2 2.43108E-2 2.4956E-2 2.5823E-2 2.73293E-2 3.17447E-2 2.8769E-2 2.42264E-2 2.44574E-2 2.23187E-2
5.25314E-2 4.77779E-2 3.94639E-2 4.04419E-2 5.21505E-2 5.72965E-2 6.79948E-2 7.24557E-2 8.34513E-2 9.38744E-2 1.08865E-1 8.24617E-2 6.96818E-2 7.1847E-2 8.24245E-2 7.08865E-2 6.50705E-2 6.24043E-2 5.91031E-2 5.7831E-2 5.53618E-2 5.45164E-2 5.29195E-2 5.00241E-2 4.31841E-2 5.08462E-2 5.14522E-2 5.29924E-2 4.98785E-2 4.64911E-2 3.89548E-2 3.41282E-2 3.25667E-2 3.19437E-2 3.30036E-2 4.23633E-2 4.2828E-2 3.94066E-2 3.70821E-2 3.80929E-2 3.73465E-2 3.90276E-2 3.45336E-2 3.69806E-2 4.02347E-2 4.26127E-2 2.95136E-2 2.40319E-2 2.25343E-2 2.26292E-2 2.4649E-2 2.85546E-2 3.01119E-2 2.76549E-2 3.04073E-2 2.95385E-2 3.21227E-2 3.06403E-2 2.9877E-2 2.48219E-2 2.40982E-2
7.37318E-2 6.49367E-2 4.89351E-2 4.54646E-2 4.65352E-2 5.20624E-2 5.43111E-2 5.57299E-2 6.03173E-2 6.9391E-2 9.25786E-2 9.42949E-2 8.88537E-2 7.1703E-2 7.57896E-2 7.62447E-2 6.73141E-2 6.56119E-2 6.37172E-2 5.97514E-2 5.61094E-2 5.12814E-2 4.58425E-2 4.29575E-2 4.33049E-2 4.35326E-2 4.17504E-2 4.27402E-2 4.33122E-2 4.49588E-2 3.98489E-2 3.62881E-2 3.65161E-2 3.20511E-2 3.31167E-2 3.5605E-2 3.61149E-2 3.92349E-2 4.03866E-2 3.85868E-2 4.05965E-2 4.13621E-2 4.02918E-2 3.73547E-2 4.53012E-2 4.9609E-2 3.40917E-2 2.76928E-2 2.63289E-2 2.7107E-2 2.89577E-2 3.11449E-2 3.83895E-2 4.49302E-2 4.47606E-2 4.35226E-2 4.23786E-2 4.04375E-2 3.18473E-2 2.88101E-2 2.73473E-2
9.65794E-2 9.10476E-2 7.43546E-2 5.81127E-2 5.49488E-2 5.57492E-2 5.73288E-2 5.81393E-2 6.52942E-2 6.73243E-2 7.14488E-2 8.4361E-2 8.79241E-2 9.09412E-2 8.84865E-2 8.43827E-2 7.88996E-2 6.92748E-2 7.0056E-2 6.55096E-2 5.6363E-2 5.28994E-2 4.93376E-2 4.7516E-2 4.77527E-2 4.62693E-2 4.71385E-2 4.90193E-2 5.16722E-2 5.2612E-2 4.81203E-2 4.42383E-2 4.2863E-2 3.58512E-2 3.5136E-2 3.8757E-2 4.18318E-2 4.28667E-2 4.36117E-2 4.68412E-2 4.43956E-2 3.94213E-2 3.41973E-2 3.25204E-2 5.41317E-2 5.06377E-2 3.53936E-2 3.19696E-2 3.42513E-2 3.41895E-2 3.48495E-2 3.79473E-2 3.62116E-2 3.80765E-2 4.49689E-2 5.01111E-2 5.19917E-2 4.4695E-2 3.99953E-2 3.81222E-2 3.79974E-2
1.15365E-1 1.15948E-1 1.05951E-1 8.0879E-2 6.84373E-2 6.30936E-2 5.9115E-2 7.23437E-2 6.73629E-2 7.04233E-2 7.3172E-2 7.42423E-2 7.53801E-2 8.70085E-2 1.03364E-1 1.11998E-1 8.46659E-2 7.39753E-2 7.22011E-2 6.8004E-2 6.07747E-2 5.46197E-2 5.15137E-2 4.81693E-2 4.89678E-2 5.09285E-2 5.09491E-2 4.82553E-2 4.61584E-2 4.24872E-2 4.30132E-2 4.32152E-2 4.43182E-2 4.348E-2 4.06582E-2 4.36839E-2 4.35239E-2 4.45055E-2 5.10111E-2 4.966E-2 4.29495E-2 3.94309E-2 4.4107E-2 5.42435E-2 6.49215E-2 4.69853E-2 3.90051E-2 3.94979E-2 4.67644E-2 5.36008E-2 5.12722E-2 6.97368E-2 6.26931E-2 5.87784E-2 6.30268E-2 5.42907E-2 5.2553E-2 4.87907E-2 4.35227E-2 3.50628E-2 3.87146E-2
1.34727E-1 1.43055E-1 1.26417E-1 1.16959E-1 9.29554E-2 7.54106E-2 6.65283E-2 5.92966E-2 6.04901E-2 7.09029E-2 7.60332E-2 7.57622E-2 7.39896E-2 7.95198E-2 8.55125E-2 9.76947E-2 8.22731E-2 8.05573E-2 7.85479E-2 7.29694E-2 6.59045E-2 5.8501E-2 5.48461E-2 5.4965E-2 5.48139E-2 5.72934E-2 6.21144E-2 5.74539E-2 5.16187E-2 4.58309E-2 4.44205E-2 4.80084E-2 4.93616E-2 5.06206E-2 4.77522E-2 4.45376E-2 4.45501E-2 4.54885E-2 4.29602E-2 4.22001E-2 4.32475E-2 4.52579E-2 4.97381E-2 4.8231E-2 5.17639E-2 4.23387E-2 5.00923E-2 5.72062E-2 7.36605E-2 9.03599E-2 7.62118E-2 7.65185E-2 9.74089E-2 8.00658E-2 6.0278E-2 7.19989E-2 6.33657E-2 4.95251E-2 4.97434E-2 4.316E-2 3.9033E-2
1.07345E-1 1.23247E-1 1.27646E-1 1.1149E-1 1.06158E-1 9.26575E-2 9.03264E-2 7.77425E-2 7.74512E-2 8.12112E-2 8.01353E-2 8.09797E-2 7.46043E-2 7.30196E-2 7.92037E-2 7.74227E-2 7.72501E-2 8.46536E-2 8.53477E-2 7.40393E-2 6.34394E-2 6.176E-2 5.81235E-2 5.86632E-2 5.73965E-2 5.51791E-2 6.07493E-2 6.12632E-2 5.68964E-2 5.11646E-2 4.88804E-2 5.08972E-2 5.26762E-2 5.30482E-2 5.46777E-2 5.08925E-2 5.01323E-2 4.8725E-2 4.01794E-2 3.61588E-2 3.56322E-2 4.71263E-2 4.89179E-2 4.54765E-2 4.68225E-2 6.00402E-2 6.98522E-2 7.35094E-2 7.47131E-2 7.10613E-2 8.52855E-2 8.27557E-2 8.81527E-2 8.32196E-2 5.87764E-2 7.33741E-2 5.69715E-2 6.6507E-2 5.1909E-2 4.8058E-2 4.64186E-2
1.51755E-1 1.16789E-1 9.26968E-2 8.72034E-2 9.58051E-2 8.49316E-2 8.15517E-2 9.73965E-2 1.13078E-1 1.31263E-1 1.19632E-1 1.08785E-1 8.77444E-2 7.15931E-2 7.11951E-2 7.30289E-2 7.42959E-2 7.48467E-2 7.48549E-2 7.12599E-2 6.8408E-2 6.71651E-2 6.45508E-2 6.11216E-2 6.07908E-2 5.73223E-2 6.49138E-2 6.14239E-2 5.56143E-2 5.22991E-2 5.32603E-2 5.32886E-2 5.63476E-2 5.96844E-2 6.11109E-2 5.75771E-2 5.77324E-2 5.79804E-2 4.83058E-2 5.17649E-2 5.36209E-2 5.58655E-2 5.87127E-2 6.28487E-2 5.84494E-2 6.11812E-2 5.31531E-2 5.03191E-2 5.03401E-2 5.43853E-2 6.9736E-2 8.10977E-2 7.32731E-2 9.22355E-2 6.43495E-2 6.87593E-2 5.75485E-2 5.9949E-2 6.78628E-2 5.21661E-2 4.93046E-2
1.54503E-1 1.35307E-1 1.17606E-1 8.33283E-2 7.68298E-2 7.64123E-2 7.23252E-2 7.78825E-2 8.75758E-2 1.03893E-1 1.31453E-1 1.39029E-1 1.07056E-1 8.52414E-2 7.53662E-2 7.60577E-2 7.36581E-2 6.98427E-2 6.95715E-2 6.96782E-2 6.92421E-2 7.00633E-2 6.66213E-2 6.57489E-2 6.34542E-2 5.98541E-2 5.98766E-2 6.4926E-2 6.1867E-2 5.66283E-2 5.6226E-2 5.51714E-2 5.76059E-2 5.85433E-2 5.75533E-2 5.67822E-2 5.48452E-2 5.4099E-2 5.37852E-2 6.13673E-2 6.80193E-2 6.90984E-2 6.49354E-2 6.1751E-2 5.51022E-2 4.79005E-2 4.55607E-2 4.84844E-2 5.18255E-2 6.8773E-2 8.60344E-2 7.3268E-2 5.74065E-2 8.84793E-2 8.4273E-2 8.45362E-2 6.52775E-2 6.99564E-2 7.18313E-2 5.93362E-2 5.13407E-2
1.49808E-1 1.31722E-1 1.2699E-1 9.63292E-2 7.99093E-2 7.78584E-2 7.58546E-2 7.66156E-2 8.06472E-2 8.75198E-2 9.99463E-2 1.38274E-1 1.24802E-1 9.8786E-2 8.35096E-2 7.62067E-2 7.35874E-2 6.58732E-2 6.77305E-2 6.87228E-2 6.8125E-2 6.84265E-2 6.9546E-2 6.90515E-2 6.71014E-2 6.36798E-2 6.52961E-2 6.01388E-2 5.8865E-2 6.16409E-2 5.92865E-2 5.85672E-2 6.03232E-2 6.11167E-2 6.02882E-2 5.73488E-2 5.61317E-2 5.30478E-2 5.62715E-2 6.40075E-2 6.2965E-2 6.2635E-2 5.14252E-2 5.62762E-2 5.51825E-2 4.78592E-2 5.06508E-2 6.56284E-2 6.43869E-2 6.93284E-2 6.70441E-2 5.54279E-2 5.50388E-2 8.0866E-2 7.85259E-2 7.50061E-2 6.82557E-2 8.47978E-2 6.83659E-2 5.89632E-2 5.21289E-2
1.29111E-1 1.19924E-1 1.05404E-1 8.1458E-2 8.32602E-2 8.59805E-2 9.05399E-2 9.56351E-2 9.60825E-2 9.89581E-2 1.13384E-1 1.34796E-1 1.22936E-1 1.02382E-1 9.39784E-2 8.27286E-2 7.6938E-2 7.40934E-2 7.19135E-2 6.71446E-2 6.96535E-2 7.06631E-2 6.90268E-2 6.94403E-2 6.69769E-2 6.19575E-2 6.24757E-2 5.97789E-2 5.93808E-2 6.35601E-2 6.26681E-2 6.01102E-2 6.04555E-2 6.45246E-2 6.41955E-2 6.14812E-2 5.73209E-2 5.36984E-2 5.02671E-2 5.18507E-2 5.6196E-2 4.81332E-2 4.24923E-2 4.07329E-2 4.22486E-2 4.15548E-2 4.80342E-2 5.42778E-2 5.2464E-2 4.79131E-2 5.48574E-2 6.19197E-2 7.87169E-2 9.66483E-2 8.60849E-2 8.14463E-2 7.65435E-2 8.79636E-2 7.31547E-2 5.74377E-2 5.97435E-2
9.75635E-2 9.84633E-2 9.047E-2 8.54931E-2 7.72698E-2 8.74689E-2 8.96081E-2 9.78822E-2 1.10485E-1 1.16095E-1 1.34723E-1 1.32587E-1 1.23619E-1 1.02791E-1 9.15547E-2 8.18898E-2 7.34045E-2 7.33545E-2 7.08139E-2 7.09723E-2 7.51285E-2 7.93558E-2 7.83778E-2 7.77131E-2 7.35327E-2 6.87088E-2 6.53918E-2 6.39419E-2 6.31887E-2 6.3931E-2 6.59925E-2 8.87256E-2 7.64609E-2 9.72838E-2 7.8021E-2 6.83133E-2 6.73617E-2 5.90055E-2 5.37021E-2 5.23748E-2 5.45062E-2 5.21023E-2 4.62096E-2 4.42414E-2 4.24242E-2 4.45251E-2 4.53252E-2 4.90173E-2 5.13913E-2 5.50084E-2 6.67941E-2 7.69235E-2 7.60153E-2 9.37811E-2 1.06722E-1 1.00096E-1 7.13116E-2 8.4028E-2 7.71452E-2 6.07121E-2 5.41325E-2
8.45515E-2 8.11772E-2 8.53674E-2 8.10303E-2 8.17953E-2 8.65346E-2 8.62156E-2 8.39958E-2 8.37957E-2 9.34383E-2 1.07478E-1 1.12858E-1 1.28669E-1 1.18599E-1 9.57624E-2 8.63122E-2 7.37895E-2 7.03342E-2 7.10911E-2 8.14448E-2 8.82732E-2 9.27959E-2 9.63347E-2 9.11391E-2 8.52875E-2 7.79575E-2 6.64849E-2 6.30892E-2 6.28037E-2 6.53354E-2 7.13863E-2 8.66691E-2 8.40501E-2 8.90058E-2 9.32237E-2 9.1034E-2 8.92641E-2 7.78654E-2 7.07081E-2 6.11321E-2 6.03771E-2 5.57847E-2 5.08172E-2 4.81372E-2 4.7265E-2 4.66056E-2 4.85329E-2 5.72836E-2 5.69582E-2 6.73001E-2 7.53118E-2 6.5676E-2 6.82513E-2 8.9764E-2 1.03632E-1 8.15308E-2 7.92086E-2 7.95467E-2 7.95044E-2 7.38123E-2 6.11124E-2
8.53878E-2 9.04222E-2 8.54903E-2 9.23595E-2 9.23584E-2 8.53227E-2 9.95591E-2 1.17865E-1 1.0225E-1 8.66414E-2 8.32761E-2 9.5654E-2 1.11572E-1 1.12777E-1 1.07821E-1 1.00575E-1 8.95682E-2 7.63968E-2 7.46114E-2 7.13975E-2 7.36644E-2 7.96101E-2 9.12639E-2 1.00873E-1 1.02519E-1 9.44316E-2 7.82087E-2 6.74428E-2 6.52421E-2 6.99114E-2 6.94029E-2 7.04829E-2 7.92363E-2 8.64086E-2 9.8152E-2 9.96868E-2 1.01548E-1 9.96734E-2 9.66292E-2 8.94378E-2 8.1991E-2 7.96427E-2 7.26405E-2 6.30922E-2 5.69717E-2 4.90229E-2 4.34595E-2 4.61076E-2 5.41076E-2 5.62165E-2 6.08568E-2 6.96175E-2 6.75358E-2 8.26451E-2 1.07443E-1 7.22203E-2 8.5171E-2 7.04426E-2 6.60119E-2 7.86002E-2 6.99851E-2
1.00117E-1 1.07647E-1 1.01089E-1 9.73041E-2 1.07616E-1 1.0971E-1 1.11333E-1 1.17803E-1 1.22162E-1 1.21122E-1 9.35185E-2 9.68896E-2 1.05831E-1 1.29728E-1 1.37981E-1 1.30145E-1 1.17571E-1 9.31828E-2 8.97985E-2 8.41212E-2 8.16391E-2 8.27262E-2 8.75389E-2 9.29327E-2 1.15343E-1 1.09875E-1 9.54473E-2 8.10833E-2 7.6554E-2 7.46113E-2 6.95713E-2 6.64953E-2 8.28179E-2 9.15781E-2 1.00343E-1 1.00281E-1 9.7859E-2 1.04094E-1 1.0875E-1 1.17841E-1 1.07676E-1 8.36552E-2 8.08771E-2 7.30049E-2 6.47387E-2 6.59646E-2 5.93207E-2 4.82695E-2 3.83839E-2 3.89946E-2 4.49975E-2 6.67215E-2 7.93935E-2 9.36251E-2 1.10133E-1 7.41534E-2 6.67583E-2 6.49515E-2 8.59797E-2 7.03005E-2 6.29546E-2
1.08844E-1 1.17459E-1 1.12961E-1 9.79227E-2 9.27934E-2 1.03544E-1 1.1247E-1 1.24383E-1 1.35403E-1 1.29554E-1 1.29998E-1 1.28337E-1 1.43618E-1 1.55349E-1 1.60573E-1 1.57345E-1 1.44496E-1 1.14699E-1 9.91641E-2 1.02081E-1 9.2826E-2 9.33679E-2 1.02058E-1 1.01783E-1 1.19785E-1 1.24389E-1 1.35092E-1 1.05118E-1 9.66382E-2 8.3591E-2 7.68393E-2 7.88321E-2 9.25237E-2 9.96326E-2 1.02376E-1 1.01382E-1 1.01647E-1 1.01423E-1 1.07215E-1 1.19449E-1 1.17136E-1 1.05581E-1 8.47396E-2 8.35422E-2 6.80146E-2 6.6499E-2 6.26887E-2 5.8779E-2 5.54324E-2 4.95931E-2 5.1969E-2 6.16618E-2 7.9179E-2 8.60581E-2 7.85561E-2 7.25421E-2 6.99981E-2 7.27822E-2 9.21922E-2 1.02042E-1 7.48455E-2
1.16001E-1 1.15599E-1 1.15133E-1 1.18992E-1 1.18021E-1 1.10508E-1 1.0789E-1 1.15455E-1 1.58233E-1 1.58838E-1 1.60077E-1 1.69687E-1 1.64364E-1 1.60098E-1 1.67694E-1 1.58097E-1 1.45995E-1 1.56926E-1 1.48568E-1 1.24756E-1 1.17132E-1 1.22922E-1 1.31234E-1 1.37039E-1 1.40737E-1 1.37432E-1 1.49394E-1 1.19932E-1 1.1197E-1 1.01634E-1 9.6259E-2 9.56919E-2 9.63813E-2 1.04127E-1 1.0363E-1 1.05332E-1 1.06771E-1 1.09805E-1 1.1601E-1 1.19843E-1 1.1603E-1 1.0715E-1 9.80024E-2 8.89337E-2 7.75469E-2 7.52513E-2 7.29199E-2 6.66926E-2 6.22805E-2 6.24489E-2 5.96554E-2 6.86152E-2 7.80792E-2 7.93506E-2 7.62045E-2 7.51801E-2 7.6712E-2 8.15789E-2 8.94477E-2 9.95856E-2 8.75129E-2
1.41788E-1 1.40419E-1 1.29199E-1 1.26846E-1 1.22263E-1 1.28299E-1 1.37456E-1 1.37416E-1 1.57519E-1 1.47214E-1 1.55453E-1 1.72197E-1 1.75236E-1 1.6901E-1 1.68248E-1 1.72529E-1 1.90736E-1 1.7388E-1 1.77885E-1 1.7035E-1 1.64296E-1 1.51887E-1 1.43949E-1 1.54673E-1 1.80988E-1 1.71774E-1 1.61832E-1 1.49348E-1 1.2769E-1 1.20375E-1 1.24413E-1 1.16893E-1 1.11714E-1 1.07631E-1 1.12697E-1 1.08185E-1 1.06809E-1 1.14576E-1 1.13738E-1 1.09547E-1 1.17815E-1 1.11684E-1 1.08809E-1 1.04622E-1 1.01131E-1 8.91505E-2 8.40454E-2 7.51105E-2 6.44125E-2 6.3192E-2 5.62838E-2 5.90305E-2 7.77906E-2 7.82266E-2 8.22284E-2 8.71661E-2 8.49378E-2 7.33078E-2 8.71286E-2 1.04678E-1 8.71058E-2
1.66941E-1 1.49108E-1 1.39538E-1 1.34803E-1 1.28877E-1 1.36314E-1 1.51694E-1 1.56634E-1 1.58579E-1 1.65886E-1 1.68696E-1 1.69473E-1 1.80953E-1 1.93102E-1 1.90881E-1 2.01676E-1 2.00613E-1 2.03174E-1 1.95393E-1 1.88145E-1 1.61936E-1 1.60137E-1 1.69849E-1 1.76631E-1 1.94142E-1 1.89288E-1 1.75525E-1 1.5861E-1 1.45855E-1 1.42849E-1 1.40611E-1 1.53775E-1 1.46028E-1 1.374E-1 1.34729E-1 1.34509E-1 1.22943E-1 1.09793E-1 1.12175E-1 1.17976E-1 1.25626E-1 1.23188E-1 1.19482E-1 1.19097E-1 1.15987E-1 1.13682E-1 1.04945E-1 8.49425E-2 7.38249E-2 6.93004E-2 5.90611E-2 5.13746E-2 5.19078E-2 5.15647E-2 6.42062E-2 6.69848E-2 5.98945E-2 6.26061E-2 6.82604E-2 6.94514E-2 9.93665E-2
1.57387E-1 1.53379E-1 1.35463E-1 1.39782E-1 1.37997E-1 1.50341E-1 1.63165E-1 1.74061E-1 1.81074E-1 1.86111E-1 2.07563E-1 2.09769E-1 2.12445E-1 1.98562E-1 1.8828E-1 1.8703E-1 1.93494E-1 2.1967E-1 2.07899E-1 1.85187E-1 1.64742E-1 1.53487E-1 1.62141E-1 1.91441E-1 1.89706E-1 1.92866E-1 1.87203E-1 1.57087E-1 1.40468E-1 1.34339E-1 1.24872E-1 1.27504E-1 1.31142E-1 1.29208E-1 1.27136E-1 1.34848E-1 1.35834E-1 1.30695E-1 1.25942E-1 1.29868E-1 1.32708E-1 1.37671E-1 1.36683E-1 1.42867E-1 1.39629E-1 1.37458E-1 1.33111E-1 1.18741E-1 9.17992E-2 8.32725E-2 6.73452E-2 5.91316E-2 5.60454E-2 5.26452E-2 5.13959E-2 5.15282E-2 5.0002E-2 4.80648E-2 4.80513E-2 6.16562E-2 7.73669E-2
1.66952E-1 1.49553E-1 1.52663E-1 1.57604E-1 1.68575E-1 1.71561E-1 1.81585E-1 1.84419E-1 1.90081E-1 1.99717E-1 2.13705E-1 2.26714E-1 2.23492E-1 2.0475E-1 1.92654E-1 1.8785E-1 1.88564E-1 1.9487E-1 1.94908E-1 1.78201E-1 1.72777E-1 1.58679E-1 1.98446E-1 2.24952E-1 2.15487E-1 1.95484E-1 1.85678E-1 1.63832E-1 1.37553E-1 1.24127E-1 1.38378E-1 1.25456E-1 1.21255E-1 1.14148E-1 1.20356E-1 1.27427E-1 1.35891E-1 1.40763E-1 1.407E-1 1.33568E-1 1.34607E-1 1.26075E-1 1.28468E-1 1.41528E-1 1.45251E-1 1.34693E-1 1.34442E-1 1.37344E-1 1.25103E-1 1.04474E-1 9.39715E-2 7.36999E-2 6.58876E-2 6.47454E-2 5.87316E-2 5.17615E-2 5.06214E-2 5.07548E-2 4.83968E-2 4.96319E-2 7.64496E-2
1.7563E-1 1.67919E-1 1.69269E-1 1.86704E-1 1.9807E-1 2.06378E-1 2.06581E-1 2.15975E-1 2.04385E-1 2.19638E-1 2.39039E-1 2.49714E-1 2.35069E-1 2.28533E-1 2.15614E-1 1.94643E-1 1.81563E-1 1.75478E-1 1.85158E-1 1.81679E-1 1.72154E-1 1.55424E-1 1.73182E-1 2.11053E-1 2.39636E-1 2.18301E-1 1.9806E-1 1.75704E-1 1.53164E-1 1.3929E-1 1.4313E-1 1.26743E-1 1.22533E-1 1.16223E-1 1.1602E-1 1.2413E-1 1.25405E-1 1.25376E-1 1.29885E-1 1.2865E-1 1.33477E-1 1.34169E-1 1.33736E-1 1.41018E-1 1.46149E-1 1.42043E-1 1.35956E-1 1.44081E-1 1.39603E-1 1.31045E-1 1.22314E-1 1.01849E-1 7.79138E-2 7.10612E-2 6.78705E-2 5.7343E-2 5.55028E-2 5.60589E-2 5.80212E-2 7.03342E-2 8.89563E-2
2.0927E-1 2.131E-1 2.32977E-1 2.35406E-1 2.54313E-1 2.70989E-1 2.5575E-1 2.49529E-1 2.39025E-1 2.29405E-1 2.34947E-1 2.35859E-1 2.29675E-1 2.36272E-1 2.19976E-1 2.09263E-1 1.7751E-1 1.64759E-1 1.89493E-1 1.93671E-1 1.96342E-1 2.28926E-1 2.22536E-1 1.9683E-1 2.11664E-1 2.25149E-1 2.21078E-1 2.13489E-1 1.91615E-1 1.71551E-1 1.636E-1 1.5411E-1 1.4045E-1 1.2884E-1 1.28879E-1 1.31107E-1 1.35297E-1 1.38912E-1 1.34296E-1 1.31738E-1 1.35758E-1 1.42785E-1 1.44294E-1 1.46491E-1 1.36183E-1 1.32331E-1 1.37371E-1 1.4937E-1 1.56649E-1 1.49801E-1 1.3699E-1 1.25352E-1 1.10918E-1 8.71679E-2 8.15426E-2 7.37827E-2 7.04341E-2 6.82483E-2 6.95994E-2 8.58673E-2 8.21936E-2
2.81355E-1 3.01329E-1 3.13047E-1 3.20308E-1 3.32466E-1 3.37728E-1 3.15953E-1 2.47548E-1 2.32643E-1 2.32794E-1 2.34597E-1 2.29268E-1 2.27854E-1 2.16104E-1 2.02942E-1 1.88743E-1 1.86769E-1 2.04456E-1 2.26698E-1 2.19772E-1 2.27775E-1 2.16802E-1 2.13916E-1 2.01446E-1 2.00302E-1 2.00245E-1 2.0193E-1 2.02814E-1 2.24879E-1 2.50415E-1 2.53688E-1 2.18431E-1 1.80132E-1 1.58691E-1 1.48429E-1 1.46665E-1 1.52025E-1 1.52074E-1 1.51961E-1 1.48703E-1 1.45179E-1 1.40861E-1 1.40053E-1 1.55425E-1 1.44485E-1 1.34804E-1 1.41164E-1 1.5604E-1 1.629E-1 1.67086E-1 1.6268E-1 1.47732E-1 1.40861E-1 1.24382E-1 1.10893E-1 9.46278E-2 9.45249E-2 9.15481E-2 9.33684E-2 9.10849E-2 9.33082E-2
3.22175E-1 3.24273E-1 3.12674E-1 3.03394E-1 3.00889E-1 3.03287E-1 2.92874E-1 2.46695E-1 2.24129E-1 2.10651E-1 2.08335E-1 2.10033E-1 2.09887E-1 2.14349E-1 2.15849E-1 2.03249E-1 1.91346E-1 1.99811E-1 2.22031E-1 2.44206E-1 2.41079E-1 2.35361E-1 2.32763E-1 2.21264E-1 2.0509E-1 1.89469E-1 1.79173E-1 1.80112E-1 2.21597E-1 2.91081E-1 3.09981E-1 3.02535E-1 2.78201E-1 2.28307E-1 1.8178E-1 1.72366E-1 1.6601E-1 1.71737E-1 1.64898E-1 1.62599E-1 1.48659E-1 1.41951E-1 1.44562E-1 1.51953E-1 1.46409E-1 1.44519E-1 1.48623E-1 1.61003E-1 1.65496E-1 1.68339E-1 1.68495E-1 1.61199E-1 1.48967E-1 1.57492E-1 1.4607E-1 1.33881E-1 1.20264E-1 1.13222E-1 1.2497E-1 1.21454E-1 1.11148E-1
2.77114E-1 2.6271E-1 2.44279E-1 2.54891E-1 2.8535E-1 2.91632E-1 2.67307E-1 2.49964E-1 2.20045E-1 2.04023E-1 1.88669E-1 1.89888E-1 2.1006E-1 2.16104E-1 2.19359E-1 2.04769E-1 2.0046E-1 1.93055E-1 2.21613E-1 2.5038E-1 2.5101E-1 2.65768E-1 2.6209E-1 2.4794E-1 2.45103E-1 2.42626E-1 2.19868E-1 2.22888E-1 2.37579E-1 3.23301E-1 3.23784E-1 3.10092E-1 3.07274E-1 2.86671E-1 2.29095E-1 1.89881E-1 1.86277E-1 1.8881E-1 1.85779E-1 1.77829E-1 1.65209E-1 1.4582E-1 1.32766E-1 1.20228E-1 1.20016E-1 1.36978E-1 1.54445E-1 1.62381E-1 1.66672E-1 1.64386E-1 1.63863E-1 1.63031E-1 1.56163E-1 1.62064E-1 1.59788E-1 1.4343E-1 1.32505E-1 1.22612E-1 1.37359E-1 1.38884E-1 1.3367E-1
