data/maxent/outputs/red_240.asc
ncols         426
nrows         180
xllcorner     -130.0
yllcorner     24.0
cellsize      0.16666666666666666
NODATA_value  -9999
[rows 135 to 161 of 180, columns 183 to 243 of 426]
3.27612E-1 3.71136E-1 3.75647E-1 3.74447E-1 4.0066E-1 4.46816E-1 4.74065E-1 4.73546E-1 5.0282E-1 4.96168E-1 5.017E-1 5.00686E-1 5.04949E-1 5.16404E-1 4.98454E-1 5.09244E-1 5.02989E-1 5.03834E-1 5.23013E-1 5.10576E-1 5.29283E-1 5.97826E-1 6.15135E-1 6.4067E-1 6.50983E-1 6.73093E-1 6.71493E-1 6.58508E-1 6.62213E-1 6.60765E-1 6.62422E-1 6.48702E-1 6.33507E-1 6.56197E-1 7.3777E-1 7.10895E-1 6.75683E-1 6.70382E-1 6.67144E-1 6.65402E-1 6.79471E-1 6.76286E-1 7.04598E-1 6.81001E-1 6.90788E-1 6.67388E-1 6.49119E-1 6.49834E-1 6.54465E-1 6.25371E-1 6.21161E-1 6.32504E-1 6.30809E-1 6.19443E-1 6.04133E-1 5.90176E-1 5.8797E-1 5.832E-1 6.0696E-1 6.18284E-1 6.22274E-1
3.38332E-1 3.70268E-1 3.75969E-1 3.72279E-1 3.79025E-1 4.18382E-1 4.82553E-1 4.88626E-1 5.0191E-1 5.07036E-1 5.19907E-1 5.45408E-1 5.32031E-1 5.11767E-1 5.13277E-1 5.19195E-1 5.19646E-1 5.35854E-1 5.22193E-1 5.20017E-1 5.68559E-1 6.05464E-1 6.13433E-1 6.43982E-1 6.59349E-1 6.78895E-1 6.76867E-1 6.74938E-1 6.64574E-1 6.47607E-1 6.82284E-1 7.05189E-1 6.65282E-1 6.70777E-1 7.20163E-1 7.45874E-1 6.98089E-1 6.72559E-1 6.69857E-1 6.77343E-1 7.05233E-1 7.30016E-1 7.06633E-1 6.8371E-1 6.71612E-1 6.8856E-1 6.94146E-1 7.11856E-1 6.95279E-1 6.60567E-1 6.60236E-1 6.48824E-1 6.40426E-1 6.42311E-1 6.31777E-1 6.07294E-1 5.97363E-1 5.95899E-1 6.087E-1 6.24754E-1 6.3636E-1
3.31037E-1 3.37476E-1 3.71343E-1 4.09332E-1 4.34429E-1 4.46115E-1 4.92205E-1 5.06238E-1 5.01171E-1 5.27025E-1 5.22011E-1 5.53011E-1 5.25221E-1 5.11011E-1 5.21688E-1 5.23312E-1 5.30738E-1 5.38147E-1 5.37511E-1 5.40411E-1 5.53974E-1 5.73859E-1 5.90572E-1 6.33753E-1 6.59648E-1 6.66831E-1 6.71056E-1 6.60795E-1 6.56154E-1 6.45342E-1 6.29591E-1 6.63997E-1 7.15289E-1 6.94132E-1 7.03309E-1 6.92044E-1 6.84594E-1 6.84379E-1 7.14589E-1 6.90295E-1 6.90006E-1 7.39806E-1 7.25056E-1 7.18614E-1 6.97848E-1 7.14965E-1 7.39225E-1 7.63284E-1 7.32484E-1 6.88351E-1 6.73117E-1 6.56876E-1 6.57609E-1 6.44753E-1 6.34559E-1 6.09444E-1 6.03117E-1 6.06229E-1 6.19518E-1 6.38482E-1 6.32443E-1
3.24295E-1 3.54735E-1 3.93061E-1 4.17655E-1 4.27877E-1 4.67652E-1 5.11072E-1 5.35595E-1 5.16199E-1 5.21426E-1 5.33013E-1 5.09049E-1 4.98028E-1 5.17288E-1 5.32088E-1 5.34688E-1 5.40231E-1 5.42508E-1 5.42484E-1 5.3292E-1 5.30458E-1 5.37582E-1 5.81521E-1 6.13524E-1 6.4056E-1 6.71701E-1 6.50257E-1 6.54815E-1 6.5864E-1 6.37526E-1 6.2383E-1 6.08312E-1 6.42532E-1 6.81365E-1 7.00478E-1 6.96094E-1 6.96271E-1 6.83375E-1 6.92324E-1 6.78078E-1 6.84421E-1 7.26661E-1 7.50143E-1 7.41559E-1 7.35461E-1 7.56235E-1 7.66424E-1 7.90929E-1 7.62889E-1 7.26556E-1 7.0241E-1 6.83519E-1 6.66401E-1 6.48672E-1 6.39087E-1 6.16994E-1 6.07109E-1 6.12364E-1 6.32039E-1 6.47811E-1 6.3255E-1
3.1286E-1 3.48561E-1 3.64243E-1 3.84178E-1 4.11197E-1 4.44331E-1 5.04273E-1 5.40336E-1 5.35795E-1 5.26762E-1 5.34288E-1 5.05401E-1 5.21215E-1 5.3449E-1 5.40911E-1 5.60766E-1 5.60796E-1 5.38706E-1 5.41885E-1 5.30234E-1 5.36884E-1 5.49381E-1 5.77246E-1 6.09525E-1 6.31192E-1 6.69918E-1 7.37421E-1 6.4774E-1 6.50266E-1 6.32778E-1 6.14284E-1 6.17082E-1 6.45481E-1 6.91178E-1 7.07604E-1 7.15742E-1 7.27577E-1 7.13664E-1 7.17764E-1 7.04866E-1 7.16883E-1 7.42015E-1 7.65998E-1 7.72744E-1 7.71117E-1 7.85021E-1 8.00898E-1 7.98379E-1 7.83852E-1 7.40979E-1 7.09635E-1 6.96756E-1 6.70533E-1 6.59112E-1 6.57862E-1 6.4198E-1 6.28901E-1 6.18573E-1 6.30269E-1 6.42303E-1 6.3226E-1
3.29002E-1 3.76213E-1 4.17051E-1 4.54764E-1 4.74524E-1 4.97044E-1 4.92615E-1 5.1211E-1 5.72165E-1 5.59615E-1 5.40279E-1 5.11265E-1 5.14729E-1 5.21709E-1 5.57762E-1 5.67E-1 5.59213E-1 5.34393E-1 5.37581E-1 5.42939E-1 5.52513E-1 5.54931E-1 6.03539E-1 6.38894E-1 6.27326E-1 6.3395E-1 6.68838E-1 6.4018E-1 6.50925E-1 6.37626E-1 6.27786E-1 6.47991E-1 6.76223E-1 6.90199E-1 7.16865E-1 7.31683E-1 7.33658E-1 7.3776E-1 7.3335E-1 7.33007E-1 7.4247E-1 7.658E-1 7.96448E-1 7.88796E-1 7.76793E-1 7.96067E-1 8.1548E-1 7.93853E-1 7.69382E-1 7.62763E-1 7.21151E-1 6.91344E-1 6.56832E-1 6.5213E-1 6.62932E-1 6.59121E-1 6.51627E-1 6.29491E-1 6.1237E-1 6.14317E-1 6.00775E-1
3.77192E-1 4.45236E-1 4.8426E-1 5.26122E-1 5.43073E-1 5.37258E-1 5.30995E-1 5.18324E-1 5.48415E-1 5.93146E-1 5.76798E-1 5.14137E-1 5.10312E-1 5.40482E-1 5.52497E-1 5.45684E-1 5.33724E-1 5.34185E-1 5.21158E-1 5.40405E-1 5.45502E-1 5.78942E-1 6.1369E-1 6.92297E-1 6.47774E-1 6.55488E-1 6.71897E-1 6.61123E-1 6.6625E-1 6.54986E-1 6.61157E-1 6.67975E-1 6.80556E-1 6.78143E-1 7.02474E-1 7.08768E-1 7.21653E-1 7.36901E-1 7.42766E-1 7.54896E-1 7.57972E-1 7.71829E-1 7.88545E-1 7.73347E-1 7.43243E-1 7.58502E-1 7.85874E-1 7.76649E-1 7.44411E-1 7.43829E-1 7.29872E-1 6.86974E-1 6.3058E-1 6.26997E-1 6.7514E-1 6.82788E-1 6.86968E-1 6.31252E-1 6.2451E-1 6.16516E-1 6.17425E-1
4.25956E-1 4.61641E-1 4.87695E-1 5.02687E-1 5.2799E-1 5.51375E-1 5.35276E-1 5.2818E-1 5.48098E-1 5.54955E-1 5.58315E-1 5.27713E-1 5.17103E-1 5.46053E-1 5.38012E-1 5.27077E-1 5.25329E-1 5.53248E-1 5.0948E-1 5.18329E-1 5.41067E-1 5.88995E-1 6.2903E-1 6.56119E-1 6.75703E-1 6.74557E-1 6.91804E-1 6.83776E-1 6.6868E-1 6.62759E-1 6.79466E-1 6.89604E-1 6.91485E-1 6.72253E-1 6.7878E-1 6.84404E-1 7.02017E-1 7.39742E-1 7.25778E-1 7.36055E-1 7.50427E-1 7.54701E-1 7.40947E-1 7.16707E-1 6.91809E-1 6.90812E-1 7.13788E-1 7.07332E-1 7.00864E-1 6.99982E-1 6.95931E-1 6.84648E-1 6.71036E-1 7.20003E-1 7.43677E-1 6.04044E-1 6.14171E-1 7.19997E-1 7.06017E-1 6.71937E-1 6.70419E-1
4.59777E-1 4.89672E-1 5.20252E-1 5.37389E-1 5.62238E-1 5.83169E-1 5.42002E-1 5.37933E-1 5.47262E-1 5.21917E-1 5.0395E-1 5.21305E-1 5.10713E-1 5.17648E-1 5.08738E-1 5.16583E-1 5.18096E-1 4.97263E-1 4.90493E-1 5.06774E-1 5.28598E-1 5.40033E-1 6.07354E-1 6.54657E-1 6.5632E-1 6.80035E-1 6.84638E-1 6.53567E-1 6.41087E-1 6.68092E-1 6.80821E-1 6.82171E-1 7.05101E-1 6.88723E-1 6.67404E-1 6.67473E-1 6.69048E-1 6.74981E-1 6.77509E-1 7.09666E-1 7.19695E-1 7.07722E-1 6.66437E-1 6.19517E-1 5.90203E-1 5.84548E-1 5.88615E-1 6.19384E-1 6.33323E-1 6.47852E-1 6.63116E-1 6.76893E-1 6.80951E-1 6.84634E-1 7.16723E-1 7.11604E-1 6.11904E-1 7.12303E-1 7.16513E-1 7.17822E-1 6.85049E-1
4.8047E-1 5.099E-1 5.17933E-1 5.48218E-1 5.33004E-1 5.31615E-1 5.42054E-1 5.65453E-1 5.50834E-1 5.13145E-1 4.94454E-1 5.01151E-1 5.18064E-1 5.12154E-1 5.07751E-1 5.09471E-1 5.15096E-1 5.00027E-1 5.12389E-1 5.20055E-1 5.31941E-1 5.4037E-1 5.86485E-1 6.39061E-1 6.24025E-1 6.40041E-1 6.3725E-1 6.20379E-1 6.42092E-1 6.45807E-1 6.63811E-1 6.81436E-1 6.60226E-1 6.57311E-1 6.40865E-1 6.1897E-1 5.91566E-1 5.74395E-1 6.34245E-1 6.51443E-1 6.19597E-1 6.16819E-1 5.68231E-1 5.11469E-1 4.82834E-1 4.75395E-1 4.68817E-1 5.04085E-1 5.35998E-1 5.78398E-1 6.07632E-1 6.12919E-1 6.36833E-1 6.8448E-1 6.5269E-1 6.6008E-1 6.78697E-1 6.83624E-1 6.90611E-1 7.09696E-1 6.97932E-1
5.09429E-1 4.83602E-1 4.9504E-1 5.69587E-1 5.71191E-1 5.53079E-1 5.71481E-1 5.80993E-1 5.29154E-1 4.97835E-1 4.91968E-1 4.98734E-1 5.12577E-1 5.15307E-1 5.23735E-1 5.00003E-1 4.98186E-1 5.07452E-1 5.11162E-1 5.16676E-1 5.43987E-1 5.59003E-1 5.98684E-1 6.30052E-1 6.14087E-1 5.93331E-1 6.11874E-1 5.96549E-1 6.1829E-1 6.33135E-1 6.53007E-1 6.43693E-1 6.36429E-1 6.17674E-1 5.93508E-1 5.75981E-1 5.51061E-1 5.61593E-1 5.66388E-1 5.70462E-1 5.64609E-1 5.45144E-1 5.19948E-1 4.78602E-1 4.77656E-1 4.78372E-1 4.70619E-1 4.60451E-1 4.68885E-1 4.92852E-1 5.2534E-1 5.44056E-1 5.48052E-1 5.79875E-1 5.97077E-1 6.7179E-1 6.47745E-1 6.90203E-1 6.7531E-1 7.0604E-1 6.42567E-1
4.56505E-1 4.96592E-1 5.42207E-1 5.82528E-1 5.88842E-1 5.87288E-1 5.79572E-1 5.55636E-1 5.24382E-1 5.19812E-1 5.22984E-1 5.09082E-1 5.0818E-1 5.31392E-1 5.22172E-1 5.11813E-1 5.24188E-1 5.19896E-1 5.19769E-1 5.42336E-1 5.40604E-1 5.32755E-1 5.45624E-1 5.63463E-1 5.70781E-1 5.82619E-1 6.05859E-1 5.2955E-1 5.21884E-1 5.48221E-1 5.57579E-1 6.18528E-1 6.14451E-1 -9999 -9999 -9999 -9999 -9999 -9999 5.48235E-1 5.417E-1 5.25206E-1 5.14816E-1 4.89247E-1 4.89766E-1 4.87201E-1 5.02854E-1 4.79856E-1 4.77984E-1 4.80797E-1 4.91433E-1 5.03379E-1 5.03664E-1 5.35863E-1 5.69796E-1 6.17317E-1 6.1001E-1 6.59761E-1 6.59146E-1 5.37319E-1 5.66637E-1
3.95769E-1 4.65238E-1 4.97856E-1 5.09062E-1 5.27409E-1 5.53274E-1 5.59488E-1 5.43515E-1 5.34455E-1 5.52888E-1 5.24553E-1 5.08542E-1 5.14371E-1 5.31179E-1 5.24494E-1 5.38867E-1 5.46587E-1 5.3784E-1 5.26591E-1 5.3306E-1 5.26454E-1 5.20602E-1 5.10059E-1 5.43568E-1 5.58306E-1 5.82791E-1 6.12757E-1 4.80554E-1 3.60321E-1 3.77929E-1 -9999 -9999 -9999 -9999 -9999 -9999 -9999 -9999 -9999 -9999 -9999 -9999 -9999 -9999 -9999 4.96387E-1 4.98846E-1 -9999 4.55287E-1 5.05541E-1 5.17823E-1 5.38412E-1 5.54165E-1 5.06116E-1 5.12784E-1 6.04653E-1 4.92862E-1 5.1962E-1 5.41842E-1 5.33113E-1 5.23408E-1
3.7942E-1 4.48803E-1 4.73627E-1 4.76562E-1 4.78479E-1 5.10875E-1 5.32922E-1 5.39437E-1 5.15854E-1 5.18162E-1 5.21259E-1 5.21116E-1 5.14516E-1 5.21231E-1 5.30161E-1 5.43478E-1 5.48052E-1 5.39169E-1 5.35815E-1 5.22415E-1 5.39804E-1 5.34544E-1 5.38755E-1 5.53097E-1 5.55359E-1 5.94023E-1 5.50923E-1 3.5536E-1 3.21008E-1 -9999 -9999 -9999 -9999 -9999 -9999 -9999 -9999 -9999 -9999 -9999 -9999 -9999 -9999 -9999 -9999 -9999 -9999 -9999 3.30636E-1 5.02509E-1 4.96929E-1 4.4206E-1 4.83162E-1 4.43554E-1 4.65235E-1 4.5429E-1 3.86925E-1 3.55978E-1 3.91202E-1 3.71789E-1 4.21827E-1
3.50938E-1 3.99733E-1 4.28565E-1 4.2637E-1 4.43667E-1 4.64869E-1 4.72502E-1 4.70477E-1 4.796E-1 4.99315E-1 5.21233E-1 5.17175E-1 5.10169E-1 5.18895E-1 5.29056E-1 5.31029E-1 5.3659E-1 5.41101E-1 5.41831E-1 5.43864E-1 5.68024E-1 5.60259E-1 5.71625E-1 5.63824E-1 5.58419E-1 5.31042E-1 3.31612E-1 -9999 -9999 -9999 -9999 -9999 -9999 -9999 -9999 -9999 -9999 -9999 -9999 -9999 -9999 -9999 -9999 -9999 -9999 -9999 -9999 -9999 -9999 -9999 -9999 3.92967E-1 3.6564E-1 2.67872E-1 2.6078E-1 4.17976E-1 4.0533E-1 -9999 -9999 -9999 4.36463E-1
3.35061E-1 3.63018E-1 3.79476E-1 3.83858E-1 4.03317E-1 4.23631E-1 4.29916E-1 4.42399E-1 4.67237E-1 4.93288E-1 5.03342E-1 5.15094E-1 5.05126E-1 5.11377E-1 5.14439E-1 5.28255E-1 5.25223E-1 5.44242E-1 5.58177E-1 5.71562E-1 5.76545E-1 5.68315E-1 5.81041E-1 5.8243E-1 5.73717E-1 4.39056E-1 -9999 -9999 -9999 -9999 -9999 -9999 -9999 -9999 -9999 -9999 -9999 -9999 -9999 -9999 -9999 -9999 -9999 -9999 -9999 -9999 -9999 -9999 -9999 -9999 -9999 -9999 -9999 -9999 -9999 -9999 -9999 -9999 -9999 -9999 4.10485E-1
3.25193E-1 3.59698E-1 3.69222E-1 3.63982E-1 3.64387E-1 3.74956E-1 3.86325E-1 4.20554E-1 4.66411E-1 5.05034E-1 5.13087E-1 5.10521E-1 5.04888E-1 5.12269E-1 5.37201E-1 5.32015E-1 5.32648E-1 5.59809E-1 5.62059E-1 5.71613E-1 6.05106E-1 5.8906E-1 5.80782E-1 5.78284E-1 -9999 -9999 -9999 -9999 -9999 -9999 -9999 -9999 -9999 -9999 -9999 -9999 -9999 -9999 -9999 -9999 -9999 -9999 -9999 -9999 -9999 -9999 -9999 -9999 -9999 -9999 -9999 -9999 -9999 -9999 -9999 -9999 -9999 -9999 -9999 -9999 -9999
3.1689E-1 3.45937E-1 3.44293E-1 3.27422E-1 3.13752E-1 3.34604E-1 3.67848E-1 4.16174E-1 4.62167E-1 5.13207E-1 5.3283E-1 5.21752E-1 4.97322E-1 4.98286E-1 5.34968E-1 5.64189E-1 5.54009E-1 5.65976E-1 5.92979E-1 4.87969E-1 4.97217E-1 4.34901E-1 3.66259E-1 -9999 -9999 -9999 -9999 -9999 -9999 -9999 -9999 -9999 -9999 -9999 -9999 -9999 -9999 -9999 -9999 -9999 -9999 -9999 -9999 -9999 -9999 -9999 -9999 -9999 -9999 -9999 -9999 -9999 -9999 -9999 -9999 -9999 -9999 -9999 -9999 -9999 -9999
2.78976E-1 3.20253E-1 3.10885E-1 2.88867E-1 2.88595E-1 3.01206E-1 3.45613E-1 4.20746E-1 4.614E-1 5.04893E-1 5.2376E-1 5.33808E-1 5.25942E-1 5.24364E-1 5.51371E-1 5.6987E-1 6.12766E-1 5.82871E-1 5.30263E-1 3.14679E-1 -9999 -9999 -9999 -9999 -9999 -9999 -9999 -9999 -9999 -9999 -9999 -9999 -9999 -9999 -9999 -9999 -9999 -9999 -9999 -9999 -9999 -9999 -9999 -9999 -9999 -9999 -9999 -9999 -9999 -9999 -9999 -9999 -9999 -9999 -9999 -9999 -9999 -9999 -9999 -9999 -9999
2.50922E-1 2.80482E-1 2.85421E-1 2.82818E-1 2.86699E-1 3.11562E-1 3.65455E-1 4.21983E-1 4.6231E-1 4.94459E-1 4.99148E-1 5.37626E-1 5.39659E-1 5.60594E-1 5.81554E-1 6.15796E-1 5.47482E-1 4.17952E-1 4.65571E-1 -9999 -9999 -9999 -9999 -9999 -9999 -9999 -9999 -9999 -9999 -9999 -9999 -9999 -9999 -9999 -9999 -9999 -9999 -9999 -9999 -9999 -9999 -9999 -9999 -9999 -9999 -9999 -9999 -9999 -9999 -9999 -9999 -9999 -9999 -9999 -9999 -9999 -9999 -9999 -9999 -9999 -9999
2.31579E-1 2.42845E-1 2.52107E-1 2.68559E-1 2.89169E-1 3.42276E-1 3.99651E-1 4.32135E-1 4.52643E-1 5.12412E-1 4.93543E-1 5.37389E-1 5.69183E-1 5.84133E-1 5.55332E-1 4.91912E-1 4.81907E-1 -9999 -9999 -9999 -9999 -9999 -9999 -9999 -9999 -9999 -9999 -9999 -9999 -9999 -9999 -9999 -9999 -9999 -9999 -9999 -9999 -9999 -9999 -9999 -9999 -9999 -9999 -9999 -9999 -9999 -9999 -9999 -9999 -9999 -9999 -9999 -9999 -9999 -9999 -9999 -9999 -9999 -9999 -9999 -9999
2.17473E-1 2.26457E-1 2.39678E-1 2.63415E-1 3.09012E-1 3.63116E-1 4.00446E-1 4.37432E-1 4.47286E-1 4.58605E-1 4.9579E-1 5.65955E-1 6.12879E-1 6.36315E-1 5.29551E-1 4.57797E-1 -9999 -9999 -9999 -9999 -9999 -9999 -9999 -9999 -9999 -9999 -9999 -9999 -9999 -9999 -9999 -9999 -9999 -9999 -9999 -9999 -9999 -9999 -9999 -9999 -9999 -9999 -9999 -9999 -9999 -9999 -9999 -9999 -9999 -9999 -9999 -9999 -9999 -9999 -9999 -9999 -9999 -9999 -9999 -9999 -9999
2.11874E-1 2.21421E-1 2.42098E-1 2.70638E-1 3.19071E-1 3.67287E-1 3.92655E-1 4.23297E-1 4.36111E-1 4.45336E-1 4.86225E-1 5.51517E-1 6.39614E-1 5.09649E-1 4.30902E-1 -9999 -9999 -9999 -9999 -9999 -9999 -9999 -9999 -9999 -9999 -9999 -9999 -9999 -9999 -9999 -9999 -9999 -9999 -9999 -9999 -9999 -9999 -9999 -9999 -9999 -9999 -9999 -9999 -9999 -9999 -9999 -9999 -9999 -9999 -9999 -9999 -9999 -9999 -9999 -9999 -9999 -9999 -9999 -9999 -9999 -9999
1.96743E-1 2.2165E-1 2.48747E-1 2.96268E-1 3.27596E-1 3.53451E-1 3.80626E-1 4.17378E-1 4.39453E-1 4.62799E-1 4.87805E-1 5.54558E-1 6.35479E-1 5.33785E-1 -9999 -9999 -9999 -9999 -9999 -9999 -9999 -9999 -9999 -9999 -9999 -9999 -9999 -9999 -9999 -9999 -9999 -9999 -9999 -9999 -9999 -9999 -9999 -9999 -9999 -9999 -9999 -9999 -9999 -9999 -9999 -9999 -9999 -9999 -9999 -9999 -9999 -9999 -9999 -9999 -9999 -9999 -9999 -9999 -9999 -9999 -9999
1.83224E-1 2.0735E-1 2.4524E-1 2.88293E-1 3.11249E-1 3.38466E-1 3.71684E-1 4.04789E-1 4.3276E-1 4.61661E-1 4.9486E-1 5.73193E-1 6.50484E-1 5.64416E-1 -9999 -9999 -9999 -9999 -9999 -9999 -9999 -9999 -9999 -9999 -9999 -9999 -9999 -9999 -9999 -9999 -9999 -9999 -9999 -9999 -9999 -9999 -9999 -9999 -9999 -9999 -9999 -9999 -9999 -9999 -9999 -9999 -9999 -9999 -9999 -9999 -9999 -9999 -9999 -9999 -9999 -9999 -9999 -9999 -9999 -9999 -9999
1.72067E-1 2.05189E-1 2.43133E-1 2.88904E-1 2.96369E-1 3.21691E-1 3.52662E-1 3.82695E-1 4.21336E-1 4.53067E-1 4.99791E-1 5.90276E-1 6.68541E-1 -9999 -9999 -9999 -9999 -9999 -9999 -9999 -9999 -9999 -9999 -9999 -9999 -9999 -9999 -9999 -9999 -9999 -9999 -9999 -9999 -9999 -9999 -9999 -9999 -9999 -9999 -9999 -9999 -9999 -9999 -9999 -9999 -9999 -9999 -9999 -9999 -9999 -9999 -9999 -9999 -9999 -9999 -9999 -9999 -9999 -9999 -9999 -9999
1.71987E-1 1.97942E-1 2.35548E-1 2.82994E-1 2.99459E-1 3.191E-1 3.46528E-1 3.91092E-1 4.05327E-1 4.42949E-1 4.91604E-1 5.78867E-1 6.60135E-1 -9999 -9999 -9999 -9999 -9999 -9999 -9999 -9999 -9999 -9999 -9999 -9999 -9999 -9999 -9999 -9999 -9999 -9999 -9999 -9999 -9999 -9999 -9999 -9999 -9999 -9999 -9999 -9999 -9999 -9999 -9999 -9999 -9999 -9999 -9999 -9999 -9999 -9999 -9999 -9999 -9999 -9999 -9999 -9999 -9999 -9999 -9999 -9999
