data/maxent/outputs/red_36.asc
ncols         426
nrows         180
xllcorner     -130.0
yllcorner     24.0
cellsize      0.16666666666666666
NODATA_value  -9999
[rows 108 to 134 of 180, columns 244 to 304 of 426]
1.04517E-1 1.04069E-1 9.22501E-2 8.98703E-2 8.73125E-2 7.8411E-2 6.76997E-2 6.05342E-2 7.51105E-2 4.81416E-2 4.99712E-2 5.65738E-2 6.49224E-2 7.43494E-2 8.79326E-2 9.79856E-2 9.64769E-2 1.11865E-1 1.0968E-1 1.04326E-1 1.11057E-1 1.16685E-1 1.14995E-1 1.06791E-1 6.7664E-2 6.34474E-2 6.81236E-2 7.69754E-2 1.08237E-1 1.14689E-1 1.40699E-1 1.70956E-1 1.5454E-1 1.04217E-1 1.06768E-1 1.31494E-1 1.25185E-1 1.38699E-1 1.73982E-1 1.63911E-1 1.83574E-1 1.94642E-1 1.80684E-1 2.23724E-1 3.30985E-1 3.97586E-1 3.35104E-1 3.01405E-1 2.8908E-1 2.8428E-1 3.05401E-1 3.09152E-1 3.21481E-1 4.17826E-1 4.48517E-1 4.10828E-1 3.3867E-1 3.1921E-1 2.583E-1 2.83247E-1 3.52025E-1
1.06101E-1 1.0985E-1 1.12377E-1 1.04297E-1 9.07955E-2 8.01113E-2 7.58635E-2 5.99632E-2 5.71265E-2 5.02983E-2 5.06429E-2 5.43507E-2 6.06842E-2 7.19004E-2 8.7185E-2 9.12318E-2 1.00735E-1 1.04041E-1 9.07062E-2 8.65631E-2 9.54249E-2 1.17674E-1 1.16895E-1 8.6438E-2 6.16711E-2 6.68279E-2 6.57991E-2 1.22255E-1 1.09836E-1 1.115E-1 1.51445E-1 1.24186E-1 1.26847E-1 1.27184E-1 1.31274E-1 1.39603E-1 1.89668E-1 1.86169E-1 1.83758E-1 1.664E-1 1.42946E-1 1.8566E-1 1.18658E-1 3.39171E-1 4.03355E-1 3.58313E-1 3.46621E-1 3.77477E-1 3.96872E-1 3.70318E-1 4.14515E-1 3.61461E-1 4.06195E-1 5.11158E-1 5.35078E-1 4.32479E-1 3.56517E-1 3.26202E-1 2.4933E-1 2.8436E-1 3.30739E-1
1.13132E-1 1.17203E-1 1.22293E-1 1.11932E-1 8.78039E-2 7.97009E-2 7.24397E-2 6.60186E-2 6.33209E-2 5.38741E-2 5.75299E-2 6.18793E-2 6.6018E-2 7.63767E-2 7.66326E-2 8.7408E-2 9.92044E-2 9.07602E-2 7.80374E-2 7.00059E-2 9.06547E-2 1.11482E-1 7.59088E-2 6.16578E-2 7.6554E-2 6.55167E-2 8.81019E-2 1.00409E-1 9.01024E-2 1.04644E-1 1.50234E-1 1.38037E-1 1.53442E-1 1.10891E-1 7.26772E-2 4.5896E-2 5.88761E-2 9.44192E-2 1.51919E-1 2.11932E-1 2.53411E-1 2.13898E-1 2.47052E-1 2.93176E-1 2.99388E-1 3.41008E-1 3.95805E-1 4.05956E-1 3.64964E-1 4.31485E-1 5.77989E-1 4.29786E-1 4.63869E-1 4.97335E-1 5.2151E-1 3.82827E-1 3.65675E-1 2.94536E-1 2.38667E-1 2.53365E-1 2.83552E-1
1.16388E-1 1.19229E-1 1.14414E-1 9.97187E-2 8.22071E-2 7.51952E-2 7.39231E-2 7.77366E-2 7.62575E-2 5.81987E-2 6.26742E-2 6.9686E-2 6.90249E-2 8.14236E-2 8.52926E-2 8.81859E-2 9.25741E-2 9.84903E-2 9.01612E-2 7.67259E-2 6.9179E-2 5.23809E-2 5.31935E-2 7.09746E-2 7.21627E-2 1.03248E-1 1.07136E-1 9.43329E-2 9.23395E-2 1.15157E-1 1.26059E-1 1.11518E-1 9.22422E-2 8.38949E-2 9.11763E-2 7.38505E-2 8.38744E-2 3.12767E-2 3.85075E-2 5.88992E-2 1.70746E-1 1.29862E-1 2.12379E-1 2.95149E-1 3.20133E-1 3.74709E-1 3.83082E-1 3.93114E-1 3.91976E-1 4.49009E-1 6.05836E-1 5.23574E-1 4.37547E-1 3.91104E-1 3.3627E-1 3.92398E-1 3.39313E-1 2.69849E-1 2.59676E-1 2.54192E-1 2.77184E-1
1.1956E-1 1.12016E-1 1.03671E-1 8.23108E-2 7.54037E-2 7.83168E-2 8.40788E-2 7.08982E-2 6.47763E-2 6.50722E-2 6.88045E-2 7.66536E-2 8.22836E-2 9.02635E-2 9.04515E-2 8.65855E-2 9.01658E-2 9.22484E-2 1.08575E-1 8.8694E-2 7.1271E-2 4.92101E-2 5.77281E-2 7.50892E-2 7.806E-2 1.34934E-1 1.15591E-1 1.12525E-1 1.22007E-1 1.23577E-1 1.15865E-1 5.73201E-2 4.45343E-2 3.55129E-2 2.57611E-2 4.60871E-2 2.56481E-2 1.58854E-2 9.48402E-3 3.20723E-2 6.80919E-2 1.32211E-1 2.86829E-1 3.1473E-1 3.17793E-1 3.87561E-1 3.7701E-1 4.16671E-1 4.32011E-1 5.28603E-1 6.42767E-1 6.08743E-1 4.17068E-1 3.30831E-1 2.84362E-1 3.1419E-1 2.73218E-1 2.78496E-1 2.48035E-1 2.53826E-1 2.37206E-1
1.08565E-1 1.00813E-1 9.29244E-2 7.971E-2 7.81175E-2 7.63774E-2 9.81709E-2 7.17195E-2 7.26806E-2 7.93056E-2 8.31874E-2 9.03076E-2 9.24062E-2 9.78904E-2 9.67878E-2 9.00991E-2 8.98791E-2 9.40788E-2 1.02849E-1 8.01432E-2 6.69347E-2 6.84773E-2 9.71421E-2 1.01439E-1 1.63559E-1 1.43289E-1 1.19852E-1 1.23119E-1 1.27171E-1 9.93786E-2 9.79815E-2 1.03264E-1 6.87847E-2 3.07285E-2 1.03177E-2 1.57338E-2 4.83451E-3 4.60811E-3 2.82168E-2 3.06163E-2 1.07511E-1 2.03384E-1 2.95798E-1 3.52119E-1 3.82805E-1 4.12247E-1 4.07017E-1 3.87201E-1 4.28439E-1 5.33042E-1 5.45728E-1 4.98631E-1 3.67557E-1 3.1331E-1 2.67909E-1 2.44746E-1 2.34068E-1 2.10702E-1 1.93484E-1 2.15959E-1 2.31228E-1
1.11754E-1 9.2734E-2 8.91981E-2 8.37335E-2 8.38961E-2 7.69046E-2 9.20083E-2 1.02227E-1 9.55229E-2 9.74275E-2 1.14989E-1 1.14377E-1 1.09679E-1 1.0393E-1 1.04038E-1 9.8063E-2 1.01261E-1 1.07379E-1 1.03573E-1 8.41674E-2 8.12632E-2 8.35213E-2 7.66534E-2 9.35637E-2 1.22649E-1 1.23983E-1 1.2097E-1 1.31235E-1 6.61418E-2 7.02198E-2 7.45442E-2 8.03117E-2 5.69397E-2 3.16534E-2 1.54163E-2 1.17864E-2 1.44166E-2 4.71635E-2 1.81205E-1 1.67903E-1 1.73374E-1 2.66086E-1 3.8632E-1 4.53649E-1 4.93785E-1 4.48554E-1 3.89121E-1 3.78526E-1 3.85653E-1 4.20865E-1 4.48081E-1 4.02019E-1 3.59162E-1 3.35616E-1 2.78422E-1 2.50973E-1 2.282E-1 1.78116E-1 1.73808E-1 1.74994E-1 1.77984E-1
1.09055E-1 9.46281E-2 9.18033E-2 8.91823E-2 8.86746E-2 7.81315E-2 8.03263E-2 8.86606E-2 1.05112E-1 1.30143E-1 1.3874E-1 1.38858E-1 1.58477E-1 1.42251E-1 1.14303E-1 1.13921E-1 1.30155E-1 1.13705E-1 1.19441E-1 1.09748E-1 1.1529E-1 7.26829E-2 7.9074E-2 9.50467E-2 1.14176E-1 1.27429E-1 1.57226E-1 1.61305E-1 6.59645E-2 5.57627E-2 4.11964E-2 2.92571E-2 3.58591E-2 3.37823E-2 3.31537E-2 3.34619E-2 6.80273E-2 1.13116E-1 2.26215E-1 2.17508E-1 2.57191E-1 3.65385E-1 4.47643E-1 4.4911E-1 4.60049E-1 4.40047E-1 3.98103E-1 3.67438E-1 3.6063E-1 3.49153E-1 3.85431E-1 3.80413E-1 3.65314E-1 3.60535E-1 3.10366E-1 2.46396E-1 2.22399E-1 2.01591E-1 2.02728E-1 1.90869E-1 1.91498E-1
1.11876E-1 9.93446E-2 9.27228E-2 9.17309E-2 9.50925E-2 9.3678E-2 9.5853E-2 8.41085E-2 9.50387E-2 1.05714E-1 1.1753E-1 1.24316E-1 1.24854E-1 1.34343E-1 1.38875E-1 1.20298E-1 1.22582E-1 1.14234E-1 1.14121E-1 1.42585E-1 1.05087E-1 8.97088E-2 8.67682E-2 1.09933E-1 1.19708E-1 1.48635E-1 1.36758E-1 1.62922E-1 1.06416E-1 6.04025E-2 4.52092E-2 4.42462E-2 4.52166E-2 4.61253E-2 4.40987E-2 7.08569E-2 1.54164E-1 1.73054E-1 2.41002E-1 3.3252E-1 3.49887E-1 4.2531E-1 4.48291E-1 4.37946E-1 4.39352E-1 4.08158E-1 3.72501E-1 3.5747E-1 3.5361E-1 3.55474E-1 3.52592E-1 3.6555E-1 3.7281E-1 3.27973E-1 3.22972E-1 2.85911E-1 2.56581E-1 2.45898E-1 2.30119E-1 2.18699E-1 2.07843E-1
1.0712E-1 1.11757E-1 1.1087E-1 1.08873E-1 1.10614E-1 1.04226E-1 8.85693E-2 8.54508E-2 8.71691E-2 9.82683E-2 1.09545E-1 1.19481E-1 1.2061E-1 1.21898E-1 1.17406E-1 1.17292E-1 1.12241E-1 1.17244E-1 1.69361E-1 1.14115E-1 1.02206E-1 1.05518E-1 1.02882E-1 1.10502E-1 1.40759E-1 1.38489E-1 1.38924E-1 1.45681E-1 1.35056E-1 1.01438E-1 7.92715E-2 6.46676E-2 8.302E-2 7.36928E-2 1.08406E-1 1.83102E-1 2.03545E-1 2.6788E-1 3.69111E-1 3.98157E-1 3.99212E-1 3.93934E-1 3.94053E-1 3.98633E-1 4.27013E-1 3.95887E-1 3.70191E-1 3.70635E-1 3.61704E-1 3.76933E-1 3.80309E-1 3.81688E-1 3.38527E-1 3.23735E-1 3.18405E-1 3.04186E-1 2.75848E-1 2.8288E-1 2.43057E-1 2.31512E-1 2.21888E-1
1.05664E-1 1.2136E-1 1.2576E-1 1.30961E-1 1.28701E-1 1.10608E-1 9.57498E-2 8.80012E-2 8.43917E-2 9.19445E-2 1.01843E-1 1.11828E-1 1.13297E-1 1.21072E-1 1.23679E-1 1.2195E-1 1.14495E-1 1.09677E-1 1.14175E-1 1.03966E-1 1.01343E-1 1.1605E-1 1.52242E-1 1.37145E-1 1.56002E-1 1.51429E-1 1.59616E-1 2.03051E-1 2.12904E-1 1.4624E-1 1.30321E-1 1.6002E-1 2.09234E-1 1.48933E-1 2.11484E-1 2.76714E-1 3.24446E-1 3.32206E-1 3.55095E-1 4.11834E-1 3.90649E-1 3.73064E-1 3.69646E-1 4.05216E-1 4.38549E-1 3.81354E-1 3.71908E-1 3.87452E-1 4.01294E-1 3.88366E-1 3.77801E-1 3.27438E-1 3.10648E-1 3.02108E-1 2.87706E-1 2.88281E-1 3.03592E-1 2.98722E-1 2.59971E-1 2.30345E-1 2.30357E-1
1.20353E-1 1.32661E-1 1.35054E-1 1.34995E-1 1.31111E-1 1.26107E-1 1.00879E-1 9.48758E-2 8.92953E-2 9.20558E-2 1.00527E-1 1.05824E-1 1.23542E-1 1.4244E-1 1.31616E-1 1.25007E-1 1.17074E-1 1.0713E-1 1.02419E-1 1.10903E-1 1.14494E-1 1.14033E-1 1.32806E-1 1.43936E-1 1.49587E-1 1.59292E-1 1.85999E-1 2.39654E-1 3.26954E-1 3.44595E-1 2.96195E-1 2.43036E-1 2.19205E-1 2.71273E-1 3.31238E-1 3.53059E-1 3.54982E-1 3.36917E-1 3.32635E-1 3.63603E-1 4.04283E-1 3.6424E-1 3.66011E-1 3.65974E-1 3.71338E-1 3.56875E-1 3.8446E-1 4.87151E-1 4.75226E-1 3.95129E-1 3.74318E-1 3.24215E-1 2.98323E-1 2.84315E-1 2.72697E-1 2.77389E-1 2.83839E-1 2.54684E-1 2.56559E-1 2.54636E-1 2.53301E-1
1.33008E-1 1.40694E-1 1.44799E-1 1.41705E-1 1.51539E-1 1.38853E-1 1.13008E-1 1.00832E-1 8.93137E-2 8.9337E-2 9.86165E-2 1.06192E-1 1.08556E-1 1.18782E-1 1.16416E-1 1.22859E-1 1.23348E-1 1.1773E-1 1.17016E-1 1.38228E-1 1.33123E-1 1.38022E-1 1.5637E-1 1.50332E-1 1.54369E-1 1.78436E-1 1.97697E-1 2.27195E-1 3.45747E-1 4.97439E-1 5.07821E-1 4.13402E-1 3.15806E-1 3.40785E-1 3.54685E-1 4.03037E-1 3.56163E-1 3.37701E-1 3.30996E-1 3.54154E-1 4.22597E-1 4.43277E-1 3.68679E-1 3.58191E-1 3.56934E-1 3.54327E-1 3.48886E-1 3.38343E-1 3.369E-1 3.37005E-1 3.27076E-1 3.09837E-1 3.17284E-1 2.88758E-1 2.72502E-1 2.79602E-1 2.90736E-1 2.76658E-1 2.67391E-1 2.85449E-1 2.6789E-1
1.51525E-1 1.46791E-1 1.47954E-1 1.59643E-1 1.69547E-1 1.74851E-1 1.29756E-1 1.03968E-1 8.93487E-2 8.91172E-2 9.93182E-2 1.03624E-1 1.05158E-1 1.06004E-1 1.20325E-1 1.32777E-1 1.48768E-1 1.3333E-1 1.33946E-1 1.49201E-1 1.47123E-1 1.79521E-1 1.69693E-1 1.44925E-1 1.69563E-1 1.94171E-1 2.11473E-1 2.49239E-1 3.71375E-1 5.4625E-1 5.56145E-1 4.77427E-1 4.00836E-1 3.78662E-1 3.5088E-1 3.40342E-1 3.31585E-1 3.22992E-1 3.46136E-1 3.83652E-1 3.97265E-1 4.32695E-1 5.2353E-1 3.72938E-1 3.74824E-1 3.46824E-1 3.05184E-1 2.92673E-1 2.91625E-1 3.13365E-1 3.46723E-1 3.53922E-1 3.48485E-1 2.87041E-1 2.80099E-1 2.87889E-1 2.99521E-1 3.04454E-1 2.94988E-1 2.87198E-1 2.93486E-1
1.43649E-1 1.49616E-1 1.59635E-1 1.88803E-1 2.03332E-1 2.40356E-1 1.60202E-1 1.2144E-1 1.0241E-1 1.01272E-1 1.08183E-1 1.19475E-1 1.34837E-1 1.28357E-1 1.65764E-1 2.52216E-1 1.67285E-1 1.5986E-1 1.89954E-1 1.68917E-1 1.74236E-1 1.82585E-1 1.56447E-1 1.65129E-1 1.7218E-1 2.04761E-1 2.33067E-1 2.59231E-1 3.21037E-1 4.61248E-1 4.40869E-1 3.90776E-1 4.02528E-1 3.76366E-1 3.56791E-1 3.47528E-1 3.56806E-1 3.08541E-1 3.32329E-1 3.84844E-1 4.32247E-1 4.41349E-1 4.15697E-1 4.51386E-1 3.92003E-1 3.46469E-1 2.91519E-1 2.89323E-1 3.16852E-1 3.28241E-1 3.50669E-1 3.32103E-1 3.50027E-1 3.9187E-1 3.51631E-1 2.99582E-1 3.02379E-1 3.05646E-1 2.93098E-1 2.98636E-1 2.90857E-1
1.52576E-1 1.51543E-1 1.71557E-1 1.97571E-1 1.91206E-1 2.26032E-1 1.70147E-1 1.34041E-1 1.20174E-1 1.37864E-1 1.66564E-1 1.73149E-1 1.57604E-1 1.56865E-1 2.31159E-1 2.89002E-1 2.03574E-1 1.75231E-1 2.02339E-1 1.79481E-1 1.81833E-1 1.57552E-1 1.62378E-1 1.55053E-1 1.82796E-1 2.0763E-1 2.34563E-1 2.74083E-1 3.07067E-1 3.56008E-1 3.67386E-1 3.66507E-1 3.73628E-1 3.69303E-1 3.46143E-1 3.6803E-1 4.04759E-1 3.31319E-1 3.32283E-1 3.7441E-1 4.03771E-1 4.31502E-1 4.49098E-1 4.92822E-1 4.36493E-1 3.48945E-1 3.01112E-1 3.06895E-1 3.37577E-1 3.48658E-1 3.53208E-1 3.29165E-1 3.1606E-1 3.47558E-1 4.8018E-1 3.99615E-1 3.25274E-1 3.06851E-1 2.99563E-1 3.15254E-1 3.65774E-1
1.45908E-1 1.7089E-1 1.88454E-1 1.8758E-1 1.96616E-1 2.01129E-1 1.93853E-1 1.6169E-1 1.58023E-1 2.03838E-1 3.09429E-1 2.64033E-1 1.88646E-1 1.72156E-1 1.67756E-1 1.95714E-1 1.66982E-1 1.92683E-1 1.89192E-1 1.84087E-1 1.56748E-1 1.41252E-1 1.87847E-1 1.72004E-1 1.85094E-1 2.02436E-1 2.20367E-1 2.43409E-1 2.72489E-1 2.92897E-1 3.29576E-1 3.08277E-1 3.23869E-1 3.50061E-1 3.70848E-1 3.99355E-1 4.29193E-1 3.7307E-1 3.5758E-1 3.77096E-1 4.24107E-1 4.45918E-1 4.34627E-1 4.03964E-1 3.85091E-1 3.57374E-1 3.59172E-1 3.32565E-1 3.34583E-1 3.3206E-1 3.30767E-1 3.16978E-1 3.06037E-1 3.06101E-1 2.98646E-1 4.67226E-1 3.48151E-1 3.35923E-1 3.554E-1 3.79057E-1 4.39969E-1
1.57701E-1 1.68642E-1 1.79892E-1 1.89374E-1 1.96656E-1 2.11872E-1 2.09044E-1 1.93085E-1 1.93613E-1 2.36928E-1 3.12805E-1 2.86033E-1 2.48361E-1 1.94792E-1 1.69074E-1 1.69983E-1 1.94201E-1 2.00463E-1 1.88894E-1 1.73588E-1 1.62551E-1 1.67626E-1 1.74362E-1 1.84953E-1 2.35399E-1 2.99391E-1 2.28465E-1 2.37237E-1 2.50122E-1 2.67794E-1 2.74409E-1 2.80058E-1 3.13729E-1 3.81388E-1 3.8651E-1 4.25134E-1 4.88619E-1 4.25392E-1 4.11628E-1 4.19395E-1 4.41215E-1 4.69892E-1 4.44705E-1 4.05715E-1 3.74345E-1 3.64216E-1 3.66813E-1 3.47479E-1 3.23015E-1 3.11933E-1 3.15166E-1 3.11371E-1 3.06383E-1 3.0666E-1 3.0582E-1 3.1787E-1 3.43641E-1 3.40269E-1 3.90635E-1 4.57712E-1 4.59948E-1
1.82733E-1 1.8021E-1 1.87759E-1 1.86206E-1 1.94895E-1 2.07676E-1 2.26368E-1 2.10655E-1 2.26505E-1 2.72799E-1 2.85747E-1 3.47919E-1 3.33518E-1 2.90335E-1 2.08358E-1 1.95672E-1 2.09054E-1 2.31144E-1 2.03852E-1 1.89307E-1 2.56445E-1 2.04397E-1 1.91113E-1 2.08193E-1 2.60427E-1 2.57047E-1 2.35809E-1 2.60119E-1 2.75295E-1 2.98986E-1 2.81861E-1 2.94826E-1 3.1925E-1 4.58787E-1 4.60908E-1 4.43218E-1 4.65013E-1 4.58641E-1 4.43731E-1 4.41061E-1 4.47874E-1 4.63095E-1 4.39348E-1 4.04191E-1 3.84214E-1 3.73258E-1 3.56451E-1 3.4528E-1 3.12526E-1 3.09079E-1 3.2029E-1 3.13573E-1 3.17332E-1 3.25081E-1 3.29064E-1 3.58176E-1 4.21037E-1 4.29775E-1 4.68677E-1 -9999 -9999
2.19655E-1 2.16657E-1 1.95699E-1 1.90541E-1 1.99322E-1 2.0478E-1 2.3402E-1 2.56002E-1 2.7316E-1 2.78438E-1 2.67892E-1 2.92027E-1 3.15968E-1 2.95121E-1 2.58536E-1 2.33937E-1 2.32779E-1 2.6126E-1 2.41715E-1 2.73156E-1 4.46763E-1 2.67774E-1 2.11574E-1 2.23537E-1 2.45412E-1 2.9055E-1 2.79304E-1 2.76415E-1 2.71087E-1 2.95798E-1 3.13155E-1 3.32876E-1 3.58976E-1 4.53796E-1 4.86232E-1 4.52735E-1 4.48365E-1 4.61024E-1 4.55525E-1 4.50917E-1 4.46164E-1 4.33949E-1 4.20825E-1 4.18564E-1 3.93726E-1 3.87494E-1 3.6978E-1 3.62161E-1 3.25825E-1 3.08806E-1 3.16511E-1 3.33736E-1 3.48262E-1 3.60204E-1 3.61161E-1 3.877E-1 4.63715E-1 4.65446E-1 -9999 -9999 -9999
2.17524E-1 2.11298E-1 2.065E-1 2.21487E-1 2.1535E-1 2.2413E-1 2.30408E-1 2.60144E-1 2.86464E-1 3.05841E-1 3.13528E-1 2.88034E-1 2.77185E-1 2.96876E-1 3.03899E-1 2.83264E-1 2.7784E-1 3.29258E-1 3.79064E-1 3.1603E-1 3.16387E-1 2.72947E-1 2.67403E-1 3.00075E-1 2.73484E-1 3.39382E-1 3.68574E-1 3.2761E-1 3.13996E-1 3.30385E-1 3.6971E-1 3.92274E-1 4.15732E-1 4.77924E-1 5.04893E-1 4.62995E-1 4.77727E-1 4.72707E-1 4.70113E-1 4.5963E-1 4.51731E-1 4.27851E-1 4.23332E-1 4.2665E-1 4.22116E-1 4.12554E-1 3.75953E-1 3.52704E-1 3.44355E-1 3.17268E-1 3.47809E-1 4.0629E-1 4.54193E-1 4.60167E-1 4.74051E-1 4.47285E-1 4.57869E-1 -9999 -9999 -9999 -9999
2.45913E-1 2.32359E-1 2.35742E-1 2.69487E-1 2.40536E-1 2.2963E-1 2.4174E-1 2.55439E-1 2.76584E-1 2.64752E-1 2.65229E-1 3.0019E-1 2.96373E-1 3.53313E-1 3.65415E-1 3.72452E-1 3.66992E-1 4.41131E-1 5.06927E-1 3.98646E-1 3.40563E-1 3.35606E-1 3.23807E-1 3.17078E-1 3.0999E-1 3.54748E-1 4.23116E-1 3.89801E-1 3.65009E-1 3.53654E-1 3.72654E-1 4.24279E-1 4.47622E-1 4.83675E-1 4.81493E-1 5.01601E-1 5.03998E-1 4.95582E-1 4.92832E-1 4.77763E-1 4.76907E-1 4.49924E-1 4.34884E-1 4.49657E-1 4.43454E-1 4.47791E-1 3.86569E-1 3.57021E-1 3.46761E-1 3.50903E-1 4.02707E-1 4.7376E-1 4.69954E-1 4.6666E-1 4.59117E-1 -9999 -9999 -9999 -9999 -9999 -9999
2.64454E-1 2.52387E-1 2.49948E-1 2.48176E-1 2.13816E-1 2.20639E-1 2.28078E-1 2.61529E-1 2.84109E-1 2.59043E-1 2.58406E-1 2.87836E-1 3.27033E-1 3.58595E-1 3.62744E-1 3.5871E-1 3.57869E-1 3.58595E-1 3.82133E-1 3.67392E-1 3.54521E-1 3.58748E-1 3.56659E-1 3.47462E-1 3.38306E-1 3.67341E-1 3.98942E-1 3.69656E-1 3.47095E-1 3.77467E-1 4.20847E-1 4.48291E-1 4.7398E-1 4.94281E-1 5.02828E-1 4.99209E-1 5.05135E-1 4.94905E-1 4.89975E-1 4.99138E-1 4.88405E-1 4.73842E-1 4.51693E-1 4.58052E-1 4.476E-1 4.18015E-1 3.86683E-1 3.63513E-1 3.50787E-1 3.86109E-1 4.36066E-1 4.73403E-1 4.63669E-1 4.57707E-1 -9999 -9999 -9999 -9999 -9999 -9999 -9999
2.96832E-1 2.79286E-1 2.6985E-1 2.5322E-1 2.20429E-1 2.2298E-1 2.50553E-1 2.71383E-1 2.64101E-1 2.62025E-1 2.80719E-1 3.31604E-1 3.84433E-1 3.59366E-1 3.53689E-1 3.5881E-1 3.44479E-1 3.64376E-1 3.8146E-1 4.04902E-1 3.93731E-1 3.94012E-1 3.67719E-1 3.78525E-1 3.70281E-1 4.1466E-1 3.85347E-1 3.67286E-1 3.75056E-1 4.03317E-1 4.59723E-1 4.82994E-1 4.98635E-1 5.09075E-1 5.08102E-1 4.87757E-1 4.85587E-1 4.99371E-1 4.91308E-1 4.89346E-1 4.8611E-1 4.59212E-1 4.53251E-1 4.53789E-1 4.51643E-1 4.29192E-1 3.93087E-1 3.87071E-1 4.02866E-1 4.75278E-1 4.82693E-1 4.70236E-1 -9999 -9999 -9999 -9999 -9999 -9999 -9999 -9999 -9999
3.71789E-1 3.40399E-1 3.07768E-1 2.84747E-1 2.6253E-1 2.46452E-1 2.57126E-1 2.94907E-1 2.69459E-1 2.81002E-1 3.00364E-1 3.37812E-1 3.42578E-1 3.5673E-1 3.63291E-1 3.76262E-1 3.70783E-1 3.62609E-1 3.65873E-1 3.78471E-1 3.82138E-1 3.87477E-1 3.85899E-1 4.09653E-1 4.08971E-1 4.89638E-1 3.85459E-1 3.98815E-1 4.18178E-1 4.48678E-1 4.66805E-1 4.88525E-1 5.229E-1 5.27933E-1 5.22826E-1 5.1537E-1 4.894E-1 4.83406E-1 4.61848E-1 4.60662E-1 4.64402E-1 4.43708E-1 4.44583E-1 4.41099E-1 4.41165E-1 4.21843E-1 4.39688E-1 4.21274E-1 4.65368E-1 4.91591E-1 4.7441E-1 -9999 -9999 -9999 -9999 -9999 -9999 -9999 -9999 -9999 -9999
4.5284E-1 4.46311E-1 3.82033E-1 3.56362E-1 3.39779E-1 2.95963E-1 2.91599E-1 2.91748E-1 2.69322E-1 2.79878E-1 3.27904E-1 3.58907E-1 3.54736E-1 3.60708E-1 3.66421E-1 3.76561E-1 3.88846E-1 3.92097E-1 4.00277E-1 4.24062E-1 4.35727E-1 4.19841E-1 4.25012E-1 4.20456E-1 4.52533E-1 5.38204E-1 4.2375E-1 4.52758E-1 4.60381E-1 4.7434E-1 4.72093E-1 4.87892E-1 4.99408E-1 5.24761E-1 5.56804E-1 5.63036E-1 5.62729E-1 4.9822E-1 4.69978E-1 4.46581E-1 4.32218E-1 4.34899E-1 4.05023E-1 4.0741E-1 4.41779E-1 4.10957E-1 4.14322E-1 4.64547E-1 5.18395E-1 4.94051E-1 -9999 -9999 -9999 -9999 -9999 -9999 -9999 -9999 -9999 -9999 -9999
5.08258E-1 4.79707E-1 4.39933E-1 4.12362E-1 3.84029E-1 3.46149E-1 3.2459E-1 3.28212E-1 3.24946E-1 2.99658E-1 3.53326E-1 3.72514E-1 3.67052E-1 3.60367E-1 3.55933E-1 3.86724E-1 4.02747E-1 4.22844E-1 4.78933E-1 5.27961E-1 5.19471E-1 4.75261E-1 4.6952E-1 4.77365E-1 4.71421E-1 4.99584E-1 4.54355E-1 4.80483E-1 4.91946E-1 4.79996E-1 4.85073E-1 4.98785E-1 5.10078E-1 5.53283E-1 5.99573E-1 6.02641E-1 5.8036E-1 5.0208E-1 4.47453E-1 4.32455E-1 4.35849E-1 4.35396E-1 4.15503E-1 4.05811E-1 4.24467E-1 4.56337E-1 4.34749E-1 4.85994E-1 5.09626E-1 4.94908E-1 -9999 -9999 -9999 -9999 -9999 -9999 -9999 -9999 -9999 -9999 -9999
