data/maxent/outputs/red_224.asc
ncols         426
nrows         180
xllcorner     -130.0
yllcorner     24.0
cellsize      0.16666666666666666
NODATA_value  -9999
[rows 0 to 26 of 180, columns 0 to 60 of 426]
1.23414E-1 1.15746E-1 1.3568E-1 1.60096E-1 1.58242E-1 1.35233E-1 1.31538E-1 1.46686E-1 1.70807E-1 1.90562E-1 2.37243E-1 2.8047E-1 3.21818E-1 3.58839E-1 3.42972E-1 4.14945E-1 4.00309E-1 3.82528E-1 3.72692E-1 3.67518E-1 3.05137E-1 2.26495E-1 1.85656E-1 1.73466E-1 1.70761E-1 1.75641E-1 1.67932E-1 1.72673E-1 1.76221E-1 1.73892E-1 1.77386E-1 1.70653E-1 1.71536E-1 1.68515E-1 1.57001E-1 1.49023E-1 1.52721E-1 1.62592E-1 1.84534E-1 1.92452E-1 2.11716E-1 2.26988E-1 2.45736E-1 2.82992E-1 2.73505E-1 2.88033E-1 3.89197E-1 3.89119E-1 3.83567E-1 4.11012E-1 4.02322E-1 3.8858E-1 3.58855E-1 3.32092E-1 3.37753E-1 3.0206E-1 2.89062E-1 2.76773E-1 2.92894E-1 2.83623E-1 3.0593E-1
1.21339E-1 1.0954E-1 1.15732E-1 1.0261E-1 1.19945E-1 1.11211E-1 1.12218E-1 1.51696E-1 1.61303E-1 1.8052E-1 2.23176E-1 2.47779E-1 3.01849E-1 3.45453E-1 4.21801E-1 4.06281E-1 3.94016E-1 3.87165E-1 3.80563E-1 3.7248E-1 3.29453E-1 3.24036E-1 2.19637E-1 1.77262E-1 1.67773E-1 1.80391E-1 1.75284E-1 1.73414E-1 1.70417E-1 1.67463E-1 1.60901E-1 1.54998E-1 1.75886E-1 1.8722E-1 2.03329E-1 2.0154E-1 2.0042E-1 1.93975E-1 1.8807E-1 2.01396E-1 2.06561E-1 2.25443E-1 2.39208E-1 2.67747E-1 2.79471E-1 2.9316E-1 3.48308E-1 3.83058E-1 3.95448E-1 4.20816E-1 3.87982E-1 4.00431E-1 3.97014E-1 4.03251E-1 4.0678E-1 3.48107E-1 3.03553E-1 3.0112E-1 3.16326E-1 3.10303E-1 3.24531E-1
1.2432E-1 9.74762E-2 8.78031E-2 8.06559E-2 7.97714E-2 1.03641E-1 1.03722E-1 1.39085E-1 1.56496E-1 1.62424E-1 1.888E-1 2.10431E-1 2.63666E-1 2.78028E-1 3.55844E-1 3.50722E-1 4.13469E-1 4.15405E-1 4.06579E-1 3.71527E-1 4.0927E-1 3.82621E-1 2.92752E-1 2.36332E-1 2.2929E-1 2.00346E-1 1.91944E-1 1.83966E-1 1.69586E-1 1.6281E-1 1.53057E-1 1.6091E-1 1.71827E-1 1.59076E-1 1.56736E-1 1.52491E-1 1.39908E-1 1.51704E-1 1.63915E-1 1.77302E-1 1.94302E-1 2.14556E-1 2.39543E-1 2.80392E-1 2.71953E-1 3.06067E-1 3.54876E-1 3.8496E-1 3.9015E-1 4.043E-1 4.24964E-1 4.04525E-1 3.60848E-1 3.568E-1 3.4909E-1 3.95046E-1 3.74003E-1 3.54608E-1 3.30651E-1 3.29151E-1 3.36352E-1
1.3687E-1 1.0938E-1 8.9428E-2 8.41083E-2 8.2438E-2 8.95781E-2 9.27967E-2 1.04378E-1 1.21078E-1 1.3999E-1 1.5496E-1 1.69948E-1 1.90346E-1 2.25632E-1 3.13926E-1 3.75128E-1 3.81088E-1 3.38636E-1 3.07235E-1 4.08442E-1 4.33329E-1 4.04115E-1 4.33267E-1 3.51046E-1 2.47287E-1 2.19796E-1 1.94093E-1 1.72745E-1 1.54891E-1 1.51642E-1 1.51923E-1 1.75784E-1 1.65622E-1 1.4021E-1 1.50333E-1 1.43404E-1 1.50699E-1 1.55765E-1 1.46594E-1 1.72522E-1 1.81757E-1 2.05144E-1 2.2464E-1 2.55137E-1 2.76897E-1 2.83621E-1 3.29239E-1 3.64663E-1 4.0095E-1 4.0066E-1 4.23118E-1 4.22523E-1 3.86011E-1 3.61015E-1 3.4978E-1 3.41813E-1 3.33808E-1 3.65369E-1 3.41835E-1 3.71412E-1 3.52239E-1
1.6332E-1 1.36538E-1 1.01576E-1 8.9482E-2 8.6571E-2 8.26395E-2 7.5499E-2 8.64317E-2 1.11709E-1 1.33055E-1 1.69534E-1 1.62601E-1 1.57846E-1 1.84142E-1 2.38448E-1 3.56304E-1 3.56803E-1 3.13608E-1 3.08291E-1 3.37564E-1 3.68078E-1 3.8531E-1 3.91149E-1 3.36946E-1 2.68579E-1 2.35817E-1 1.96801E-1 1.84986E-1 1.979E-1 2.0201E-1 1.76988E-1 1.55968E-1 1.62003E-1 1.41739E-1 1.34177E-1 1.40406E-1 1.32695E-1 1.27315E-1 1.26187E-1 1.65394E-1 1.80862E-1 1.98874E-1 2.21566E-1 2.37093E-1 2.56714E-1 2.74988E-1 2.93378E-1 3.31748E-1 3.94146E-1 4.04524E-1 4.01139E-1 4.27584E-1 4.11923E-1 4.02174E-1 4.01136E-1 3.64978E-1 3.54989E-1 3.38017E-1 3.45097E-1 3.43703E-1 3.49828E-1
1.35469E-1 1.08634E-1 1.105E-1 1.06087E-1 9.29338E-2 7.99538E-2 6.62216E-2 6.88452E-2 7.24173E-2 8.90428E-2 1.44431E-1 1.63945E-1 1.53086E-1 1.704E-1 2.16461E-1 2.86754E-1 2.77799E-1 2.64401E-1 2.50115E-1 3.76606E-1 3.53618E-1 4.43082E-1 3.98279E-1 3.62781E-1 3.00282E-1 2.45884E-1 2.21528E-1 1.92557E-1 1.64887E-1 1.52125E-1 1.60813E-1 1.29585E-1 1.2723E-1 1.28797E-1 1.1759E-1 1.24199E-1 1.41425E-1 1.22328E-1 1.28493E-1 1.62422E-1 1.93404E-1 1.98753E-1 2.07093E-1 2.22505E-1 2.42171E-1 2.68405E-1 2.9049E-1 3.17665E-1 3.72712E-1 3.89713E-1 4.03961E-1 3.97254E-1 4.15599E-1 4.13053E-1 3.64225E-1 3.78821E-1 3.92113E-1 3.39944E-1 3.60104E-1 3.1612E-1 3.36629E-1
-9999 7.93107E-2 1.11169E-1 8.30839E-2 8.53623E-2 8.39212E-2 8.15044E-2 6.23337E-2 5.94376E-2 7.15542E-2 9.61426E-2 1.02292E-1 1.47174E-1 1.6962E-1 2.10527E-1 2.7201E-1 2.59242E-1 2.24751E-1 2.34916E-1 3.15443E-1 3.57262E-1 4.33154E-1 3.91815E-1 3.83333E-1 3.31327E-1 2.80867E-1 2.43406E-1 2.06579E-1 1.77316E-1 1.47203E-1 1.4176E-1 1.64687E-1 1.82783E-1 1.67952E-1 1.36158E-1 1.29977E-1 1.29804E-1 1.3732E-1 1.22024E-1 1.31441E-1 1.80832E-1 1.75297E-1 1.78027E-1 2.1404E-1 2.20079E-1 2.53922E-1 2.72011E-1 2.98788E-1 3.2857E-1 3.72459E-1 4.01682E-1 3.90081E-1 4.15569E-1 4.16093E-1 4.1045E-1 3.6448E-1 3.64892E-1 3.37952E-1 3.05988E-1 2.93958E-1 2.99258E-1
-9999 -9999 -9999 6.45064E-2 1.17808E-1 1.01139E-1 9.26656E-2 6.80833E-2 5.95889E-2 5.7918E-2 6.1962E-2 8.20653E-2 1.04283E-1 1.57891E-1 1.87639E-1 2.2207E-1 2.34035E-1 2.19348E-1 2.17464E-1 2.43952E-1 3.42496E-1 4.30135E-1 4.02936E-1 4.36315E-1 4.53945E-1 4.15456E-1 2.61737E-1 2.53583E-1 3.0125E-1 2.33215E-1 2.48734E-1 2.34135E-1 1.86357E-1 1.77194E-1 1.65606E-1 1.33776E-1 1.25561E-1 1.30067E-1 1.24223E-1 1.23498E-1 1.48389E-1 1.55799E-1 1.73E-1 2.14296E-1 2.02225E-1 2.44355E-1 2.43521E-1 2.81561E-1 3.00241E-1 3.282E-1 3.70028E-1 3.99602E-1 4.1716E-1 4.25358E-1 4.23114E-1 3.99431E-1 2.79519E-1 3.05951E-1 3.5136E-1 3.22503E-1 3.16874E-1
-9999 -9999 -9999 5.59832E-2 9.93728E-2 1.25682E-1 1.2853E-1 7.66218E-2 7.86556E-2 6.57611E-2 6.84745E-2 6.87767E-2 7.61073E-2 1.12594E-1 1.32821E-1 1.64415E-1 1.49182E-1 1.84875E-1 2.45794E-1 2.67348E-1 3.25919E-1 4.16889E-1 4.66941E-1 4.37593E-1 4.44953E-1 4.57646E-1 3.1355E-1 2.04715E-1 1.93433E-1 1.72986E-1 2.13547E-1 2.0983E-1 1.43078E-1 1.21836E-1 1.15904E-1 9.49521E-2 1.09535E-1 1.0862E-1 9.09662E-2 8.52509E-2 1.0615E-1 1.31224E-1 1.32993E-1 1.58272E-1 1.73529E-1 2.07349E-1 2.19742E-1 2.53202E-1 2.77637E-1 2.94039E-1 3.21467E-1 3.3471E-1 3.8564E-1 3.90907E-1 4.06538E-1 4.12804E-1 4.12758E-1 4.0825E-1 3.47384E-1 2.95988E-1 2.63729E-1
-9999 -9999 -9999 -9999 -9999 6.38699E-2 9.79203E-2 1.05706E-1 1.02662E-1 8.51026E-2 8.54488E-2 8.01554E-2 7.43815E-2 7.94277E-2 1.04974E-1 1.17029E-1 1.29204E-1 1.96809E-1 2.24002E-1 2.1698E-1 2.77576E-1 4.23263E-1 4.32768E-1 4.46909E-1 4.4813E-1 4.12723E-1 3.00134E-1 2.30436E-1 1.55732E-1 1.23191E-1 1.53179E-1 1.94749E-1 1.23349E-1 8.43523E-2 7.63073E-2 5.15449E-2 6.65459E-2 7.89848E-2 6.96278E-2 8.22339E-2 9.00899E-2 1.07279E-1 1.15217E-1 1.16353E-1 1.32661E-1 1.66341E-1 1.78229E-1 2.13953E-1 2.40511E-1 2.63777E-1 3.07936E-1 3.2496E-1 3.27494E-1 3.56407E-1 3.93644E-1 4.20646E-1 2.56422E-1 3.08307E-1 3.66602E-1 3.02018E-1 2.96475E-1
-9999 -9999 -9999 -9999 -9999 -9999 -9999 1.37549E-1 1.36865E-1 1.0087E-1 1.09489E-1 9.83641E-2 8.30821E-2 8.35145E-2 9.25455E-2 1.20328E-1 1.46809E-1 1.67876E-1 1.99444E-1 2.38786E-1 2.69673E-1 3.97683E-1 3.24513E-1 4.45608E-1 4.4933E-1 4.10105E-1 4.66375E-1 3.23235E-1 1.96003E-1 1.24341E-1 1.31165E-1 1.86984E-1 1.39691E-1 8.98226E-2 6.59453E-2 6.07341E-2 5.32808E-2 5.84035E-2 7.54588E-2 6.28995E-2 8.0356E-2 1.06993E-1 1.02109E-1 1.00688E-1 1.02872E-1 1.2204E-1 1.48798E-1 1.67121E-1 1.99222E-1 2.26532E-1 2.72842E-1 2.99328E-1 3.19755E-1 3.80203E-1 3.92433E-1 4.24554E-1 3.1412E-1 2.58979E-1 4.00435E-1 2.7375E-1 2.26207E-1
-9999 -9999 -9999 -9999 -9999 -9999 -9999 -9999 7.11562E-2 9.00588E-2 9.54388E-2 1.18324E-1 1.03934E-1 1.02084E-1 9.80747E-2 1.24488E-1 1.60602E-1 2.26584E-1 2.24179E-1 1.95444E-1 2.5356E-1 3.18073E-1 2.69665E-1 3.31262E-1 4.78878E-1 4.60407E-1 4.82321E-1 4.06989E-1 3.11191E-1 1.55228E-1 1.04674E-1 1.16392E-1 1.04936E-1 8.27738E-2 7.1044E-2 7.9445E-2 6.81787E-2 6.46019E-2 6.70535E-2 6.3609E-2 6.87158E-2 9.11526E-2 1.19277E-1 1.17578E-1 1.09641E-1 1.02368E-1 1.19815E-1 1.3647E-1 1.6334E-1 1.98337E-1 2.40913E-1 2.6229E-1 2.88142E-1 4.05458E-1 4.27338E-1 4.19688E-1 4.07114E-1 3.1586E-1 4.02402E-1 3.64898E-1 3.32982E-1
-9999 -9999 -9999 -9999 -9999 -9999 -9999 -9999 -9999 7.59569E-2 8.31616E-2 1.24066E-1 1.0268E-1 1.01884E-1 1.16821E-1 1.25958E-1 1.49298E-1 2.29248E-1 2.556E-1 2.07991E-1 2.49141E-1 3.51289E-1 4.54277E-1 3.45179E-1 2.65585E-1 4.66777E-1 4.54987E-1 4.27032E-1 3.98775E-1 2.78048E-1 1.7128E-1 1.30594E-1 8.31954E-2 9.9893E-2 1.3328E-1 1.17826E-1 1.02678E-1 9.60838E-2 8.6298E-2 8.11344E-2 7.62069E-2 7.67214E-2 8.66623E-2 9.16577E-2 9.90391E-2 1.06094E-1 1.11976E-1 1.26749E-1 1.37517E-1 1.61209E-1 1.92457E-1 2.25614E-1 2.59368E-1 2.71545E-1 2.84201E-1 2.97369E-1 3.05955E-1 3.56088E-1 3.69696E-1 3.63836E-1 2.749E-1
-9999 -9999 -9999 -9999 -9999 -9999 -9999 -9999 -9999 -9999 7.41027E-2 9.42961E-2 1.02984E-1 1.16391E-1 1.1257E-1 1.10137E-1 1.3438E-1 1.84339E-1 2.7053E-1 2.42746E-1 2.71156E-1 3.4482E-1 4.44651E-1 4.75047E-1 3.3157E-1 4.61602E-1 4.84358E-1 4.79065E-1 4.55109E-1 4.06247E-1 3.77127E-1 2.62669E-1 3.02453E-1 1.63546E-1 1.95671E-1 1.48461E-1 1.55614E-1 1.41752E-1 1.30218E-1 1.30609E-1 1.16324E-1 9.4829E-2 8.43701E-2 8.77651E-2 1.05071E-1 1.04282E-1 1.13686E-1 1.24296E-1 1.41967E-1 1.51114E-1 1.51982E-1 1.72678E-1 1.99327E-1 2.35954E-1 2.66017E-1 2.94698E-1 3.37665E-1 3.94739E-1 3.71293E-1 3.7536E-1 2.99021E-1
-9999 -9999 -9999 -9999 -9999 -9999 -9999 -9999 -9999 -9999 -9999 1.4414E-1 1.24072E-1 1.06535E-1 1.19569E-1 1.34081E-1 1.45023E-1 1.74979E-1 2.36041E-1 2.74101E-1 3.13102E-1 4.35202E-1 4.56997E-1 3.31381E-1 3.34412E-1 4.08604E-1 4.68129E-1 4.654E-1 2.81394E-1 4.45264E-1 3.46325E-1 2.79584E-1 3.36662E-1 3.15745E-1 3.13074E-1 2.69365E-1 2.51084E-1 1.91135E-1 2.25501E-1 2.50561E-1 2.07572E-1 1.60664E-1 2.021E-1 1.76687E-1 1.41799E-1 1.07351E-1 1.26211E-1 1.42886E-1 1.3423E-1 1.51914E-1 1.67681E-1 1.80373E-1 1.81167E-1 2.07253E-1 2.45671E-1 2.88781E-1 3.61845E-1 3.95621E-1 3.19519E-1 3.22887E-1 3.50714E-1
-9999 -9999 -9999 -9999 -9999 -9999 -9999 -9999 -9999 -9999 -9999 1.40478E-1 1.35188E-1 1.16543E-1 1.48919E-1 1.50956E-1 1.62658E-1 1.63745E-1 1.93358E-1 2.71095E-1 2.91972E-1 3.83993E-1 3.76229E-1 3.84765E-1 4.31383E-1 4.38182E-1 3.97442E-1 2.54464E-1 2.13594E-1 4.04986E-1 4.63397E-1 4.42274E-1 4.64185E-1 4.06508E-1 3.77308E-1 3.4418E-1 3.56699E-1 3.35941E-1 2.94546E-1 3.26272E-1 2.90696E-1 2.72305E-1 2.71016E-1 2.42023E-1 1.85874E-1 1.58608E-1 1.27789E-1 1.35192E-1 1.30181E-1 1.29135E-1 1.33213E-1 1.42914E-1 1.51607E-1 1.73033E-1 2.2357E-1 2.53896E-1 2.8394E-1 3.22416E-1 2.82344E-1 3.32933E-1 3.05739E-1
-9999 -9999 -9999 -9999 -9999 -9999 -9999 -9999 -9999 -9999 -9999 -9999 -9999 1.47493E-1 1.80808E-1 1.79003E-1 1.76862E-1 1.81024E-1 1.76873E-1 2.01786E-1 2.31703E-1 3.27203E-1 3.87262E-1 4.41385E-1 3.29818E-1 2.95568E-1 3.36681E-1 3.30984E-1 2.73062E-1 4.33793E-1 4.5044E-1 3.4503E-1 2.32474E-1 2.58007E-1 3.09146E-1 4.01259E-1 4.67158E-1 4.32845E-1 3.93406E-1 3.81972E-1 3.94454E-1 3.89785E-1 3.76694E-1 2.73499E-1 2.83196E-1 2.73003E-1 1.54666E-1 1.35025E-1 2.12016E-1 1.85365E-1 1.26087E-1 1.21792E-1 1.30335E-1 1.36556E-1 1.64671E-1 2.36429E-1 2.91351E-1 3.05295E-1 2.68414E-1 3.05335E-1 3.19471E-1
-9999 -9999 -9999 -9999 -9999 -9999 -9999 -9999 -9999 -9999 -9999 -9999 -9999 1.65315E-1 1.87605E-1 1.95601E-1 1.88551E-1 1.84628E-1 1.91637E-1 1.99436E-1 1.9914E-1 2.3612E-1 2.64453E-1 3.12646E-1 3.83743E-1 2.62747E-1 1.92691E-1 2.75575E-1 2.52662E-1 3.29587E-1 2.88951E-1 3.70581E-1 2.4922E-1 2.97385E-1 3.2131E-1 4.30894E-1 3.72177E-1 2.29703E-1 4.38655E-1 3.47861E-1 2.4428E-1 3.92283E-1 4.30751E-1 3.42915E-1 4.31063E-1 3.80305E-1 3.03415E-1 1.56218E-1 1.90312E-1 2.73307E-1 1.48459E-1 1.03166E-1 1.59113E-1 1.8031E-1 1.42497E-1 1.99407E-1 2.92938E-1 3.17869E-1 2.49605E-1 2.68279E-1 2.96463E-1
-9999 -9999 -9999 -9999 -9999 8.25958E-2 -9999 -9999 -9999 -9999 1.08682E-1 1.66103E-1 1.52128E-1 1.47629E-1 1.44419E-1 1.99249E-1 2.1509E-1 2.09384E-1 2.12789E-1 2.22172E-1 2.29984E-1 2.27394E-1 2.27178E-1 2.76577E-1 2.86148E-1 2.26774E-1 1.84124E-1 2.52832E-1 3.04257E-1 2.97879E-1 1.95821E-1 2.5443E-1 2.91229E-1 4.50968E-1 3.23504E-1 4.02723E-1 3.05916E-1 1.90324E-1 3.0087E-1 4.15927E-1 3.37074E-1 3.77431E-1 4.03341E-1 3.06743E-1 3.43434E-1 4.1612E-1 2.78912E-1 2.5879E-1 1.46216E-1 2.10856E-1 1.91667E-1 9.72383E-2 1.77387E-1 1.79475E-1 1.1421E-1 1.61156E-1 2.64101E-1 2.36391E-1 2.11854E-1 2.48959E-1 3.60265E-1
-9999 -9999 -9999 -9999 -9999 -9999 7.78663E-2 1.12843E-1 8.57406E-2 9.73553E-2 1.21927E-1 2.10247E-1 2.33454E-1 2.473E-1 2.59715E-1 2.4579E-1 2.61132E-1 1.90048E-1 1.92605E-1 2.21572E-1 2.21431E-1 2.60377E-1 2.66738E-1 2.39848E-1 2.58219E-1 1.98116E-1 2.05802E-1 2.06375E-1 2.94013E-1 2.83379E-1 2.10695E-1 2.60319E-1 3.76677E-1 3.20006E-1 4.00545E-1 2.96295E-1 3.57501E-1 2.81869E-1 4.62257E-1 3.7028E-1 3.5163E-1 3.36508E-1 4.35144E-1 4.15323E-1 3.17664E-1 3.92013E-1 2.82109E-1 2.45419E-1 1.72345E-1 2.61308E-1 1.79852E-1 1.62333E-1 1.06165E-1 9.8668E-2 1.05605E-1 1.04317E-1 1.24303E-1 1.67656E-1 1.94418E-1 2.2024E-1 2.32689E-1
-9999 -9999 -9999 -9999 -9999 -9999 -9999 -9999 -9999 -9999 1.24454E-1 2.01249E-1 2.11323E-1 2.44788E-1 2.52585E-1 2.82709E-1 2.82281E-1 2.64569E-1 2.5623E-1 1.96837E-1 1.94335E-1 2.43674E-1 2.33032E-1 2.53704E-1 2.40602E-1 2.32261E-1 2.02301E-1 2.18922E-1 2.01915E-1 2.09689E-1 1.82081E-1 2.29669E-1 3.75218E-1 3.70449E-1 3.46598E-1 3.94145E-1 3.70231E-1 2.81743E-1 4.06023E-1 4.68613E-1 4.55499E-1 4.34465E-1 4.24503E-1 4.24194E-1 4.33601E-1 3.99318E-1 3.26093E-1 3.86931E-1 3.28414E-1 2.62462E-1 3.06809E-1 1.84394E-1 1.18233E-1 2.30734E-1 1.60456E-1 1.82273E-1 1.98274E-1 1.4406E-1 1.5054E-1 1.69408E-1 1.95889E-1
-9999 -9999 -9999 -9999 -9999 -9999 -9999 -9999 -9999 -9999 -9999 1.41977E-1 1.40154E-1 2.15269E-1 2.09542E-1 2.45275E-1 2.51477E-1 2.51634E-1 2.81481E-1 2.65068E-1 1.9861E-1 2.43614E-1 2.53333E-1 2.68245E-1 2.25063E-1 2.23809E-1 2.00269E-1 2.04014E-1 2.10748E-1 1.93679E-1 2.01096E-1 1.98711E-1 2.27591E-1 1.9689E-1 2.8571E-1 4.17325E-1 3.07639E-1 3.44686E-1 4.74938E-1 2.62751E-1 3.47376E-1 4.43128E-1 4.32587E-1 4.28274E-1 4.26544E-1 4.27731E-1 3.99657E-1 3.1118E-1 3.27579E-1 3.26107E-1 2.93402E-1 1.95392E-1 1.42003E-1 2.51108E-1 1.91343E-1 1.66104E-1 2.16443E-1 1.51564E-1 1.50693E-1 2.19339E-1 2.21235E-1
-9999 -9999 -9999 -9999 -9999 -9999 -9999 -9999 -9999 -9999 -9999 -9999 1.12405E-1 1.53173E-1 2.00699E-1 2.08934E-1 2.13603E-1 2.47687E-1 2.99926E-1 3.28204E-1 2.94991E-1 3.12204E-1 2.83739E-1 2.94787E-1 2.89102E-1 3.20195E-1 2.98967E-1 2.33869E-1 2.29737E-1 2.18846E-1 1.97453E-1 1.72007E-1 1.8619E-1 1.92859E-1 2.7028E-1 2.60118E-1 2.32356E-1 2.88452E-1 4.13704E-1 3.69994E-1 4.28039E-1 4.53983E-1 4.04662E-1 4.02673E-1 4.10985E-1 3.66909E-1 3.42602E-1 4.25771E-1 3.49257E-1 3.38569E-1 3.02095E-1 2.42037E-1 2.3135E-1 1.73842E-1 1.76152E-1 1.85514E-1 1.66186E-1 1.2491E-1 1.70194E-1 1.60685E-1 2.25764E-1
-9999 -9999 -9999 -9999 -9999 -9999 -9999 -9999 -9999 -9999 -9999 -9999 1.16098E-1 1.42399E-1 1.35912E-1 1.86333E-1 1.78728E-1 2.05669E-1 2.60778E-1 2.47773E-1 2.25752E-1 3.1298E-1 3.20695E-1 3.08929E-1 3.12365E-1 3.89345E-1 3.82744E-1 3.00505E-1 2.87605E-1 2.33264E-1 2.45177E-1 1.97197E-1 2.13109E-1 2.28986E-1 2.24559E-1 2.04549E-1 1.75294E-1 1.81826E-1 2.60387E-1 3.02021E-1 3.8465E-1 3.5725E-1 4.06164E-1 3.00535E-1 4.07188E-1 4.01023E-1 4.05685E-1 4.1276E-1 2.98552E-1 4.08164E-1 3.33693E-1 3.89838E-1 3.68999E-1 2.36254E-1 1.83397E-1 1.58453E-1 1.39721E-1 1.49275E-1 1.6945E-1 2.16769E-1 2.71564E-1
-9999 -9999 -9999 -9999 -9999 -9999 -9999 -9999 -9999 -9999 -9999 -9999 -9999 -9999 -9999 1.06675E-1 1.42947E-1 1.91426E-1 1.93939E-1 2.04752E-1 2.19352E-1 2.25773E-1 2.7443E-1 2.91833E-1 2.9732E-1 3.15871E-1 3.91286E-1 3.97473E-1 4.12425E-1 3.82416E-1 2.21716E-1 2.42467E-1 2.37435E-1 2.40704E-1 2.53935E-1 1.86263E-1 1.86082E-1 2.0282E-1 2.93563E-1 3.06974E-1 2.4054E-1 2.44037E-1 3.0974E-1 3.687E-1 3.68598E-1 3.08699E-1 4.129E-1 4.28876E-1 3.98945E-1 3.77376E-1 3.43385E-1 3.05166E-1 3.61219E-1 3.20419E-1 2.76386E-1 2.50135E-1 1.8915E-1 2.35089E-1 2.91351E-1 3.08963E-1 2.59693E-1
-9999 -9999 -9999 -9999 -9999 -9999 -9999 -9999 -9999 -9999 -9999 -9999 -9999 -9999 -9999 -9999 -9999 1.74468E-1 1.58814E-1 1.97709E-1 1.90703E-1 2.17574E-1 2.59637E-1 2.66616E-1 2.85176E-1 2.74921E-1 3.24569E-1 3.20235E-1 3.01194E-1 4.3536E-1 4.51039E-1 -9999 3.33676E-1 3.11876E-1 2.23303E-1 1.83411E-1 2.03131E-1 1.96634E-1 2.15502E-1 2.11119E-1 1.99264E-1 2.35704E-1 2.84979E-1 3.31994E-1 3.29267E-1 3.58312E-1 2.94879E-1 3.19753E-1 3.43276E-1 3.45599E-1 3.51126E-1 2.58852E-1 2.97052E-1 3.70216E-1 3.83196E-1 2.76871E-1 2.46038E-1 2.67239E-1 2.32405E-1 2.44851E-1 2.13604E-1
-9999 -9999 -9999 -9999 -9999 -9999 -9999 -9999 -9999 -9999 -9999 -9999 -9999 -9999 -9999 -9999 -9999 -9999 1.65548E-1 1.90641E-1 1.70134E-1 2.0494E-1 2.31683E-1 2.54265E-1 2.72235E-1 2.71933E-1 2.86047E-1 3.09176E-1 3.26374E-1 3.17715E-1 3.98971E-1 4.02222E-1 3.21617E-1 3.01254E-1 2.39567E-1 2.34238E-1 2.6434E-1 2.40261E-1 2.24554E-1 2.09864E-1 2.02094E-1 2.14943E-1 2.24261E-1 2.20856E-1 2.6509E-1 3.30736E-1 3.0911E-1 2.70007E-1 3.02223E-1 2.87856E-1 2.70755E-1 2.12803E-1 2.73003E-1 3.50118E-1 4.04167E-1 3.55966E-1 2.73731E-1 2.17366E-1 2.79547E-1 2.70873E-1 2.3143E-1
