data/maxent/outputs/red_248.asc
ncols         426
nrows         180
xllcorner     -130.0
yllcorner     24.0
cellsize      0.16666666666666666
NODATA_value  -9999
[rows 108 to 134 of 180, columns 183 to 243 of 426]
1.54129E-1 1.55199E-1 1.77306E-1 1.97149E-1 2.09718E-1 2.30897E-1 2.38283E-1 2.3229E-1 2.51384E-1 2.79805E-1 3.07555E-1 3.36392E-1 3.67915E-1 3.90525E-1 3.88441E-1 3.99172E-1 3.9851E-1 4.18832E-1 4.2038E-1 4.26342E-1 4.16429E-1 4.01091E-1 4.24159E-1 4.08306E-1 4.28948E-1 4.87926E-1 4.62272E-1 4.60121E-1 4.69474E-1 4.668E-1 5.03319E-1 5.2481E-1 5.52881E-1 5.61193E-1 5.8096E-1 6.08204E-1 5.994E-1 5.80496E-1 5.42194E-1 5.45402E-1 4.86504E-1 4.95112E-1 5.22799E-1 5.39135E-1 5.5484E-1 5.46717E-1 5.32096E-1 5.51028E-1 5.34916E-1 5.394E-1 5.46075E-1 5.44586E-1 5.68826E-1 5.37336E-1 5.63148E-1 5.50665E-1 6.18732E-1 6.31193E-1 6.48064E-1 6.47003E-1 6.10152E-1
1.32393E-1 1.51372E-1 1.66147E-1 1.91908E-1 2.08552E-1 2.4304E-1 2.55124E-1 2.59183E-1 2.58436E-1 2.97684E-1 3.33209E-1 3.55497E-1 4.15599E-1 4.13196E-1 4.04773E-1 4.0908E-1 4.04209E-1 4.13848E-1 4.19079E-1 4.23964E-1 4.2295E-1 4.27384E-1 4.0675E-1 4.11903E-1 4.28807E-1 4.49843E-1 4.74785E-1 4.91952E-1 4.92377E-1 4.89886E-1 5.13741E-1 5.46949E-1 5.63113E-1 5.98582E-1 5.6857E-1 5.74584E-1 5.867E-1 5.65786E-1 5.96754E-1 5.83848E-1 5.77689E-1 5.27968E-1 5.34346E-1 5.46607E-1 5.53585E-1 5.60471E-1 5.43994E-1 5.4099E-1 5.3748E-1 5.34407E-1 5.50394E-1 5.52633E-1 5.55716E-1 5.2668E-1 5.65388E-1 5.60318E-1 5.84379E-1 6.23986E-1 6.32571E-1 6.18219E-1 5.87008E-1
1.66745E-1 1.77434E-1 1.70577E-1 1.97009E-1 2.30464E-1 2.41977E-1 2.71823E-1 2.7992E-1 2.90686E-1 3.2046E-1 3.67977E-1 4.08523E-1 4.21616E-1 4.18437E-1 4.17164E-1 4.11476E-1 4.16872E-1 4.24748E-1 4.27513E-1 4.26179E-1 4.31533E-1 4.20888E-1 4.214E-1 4.06086E-1 4.18897E-1 4.43629E-1 4.68644E-1 4.7877E-1 4.64201E-1 4.49383E-1 4.45957E-1 4.66924E-1 4.61094E-1 4.62175E-1 5.30849E-1 5.3021E-1 5.46118E-1 5.47416E-1 5.7249E-1 5.7999E-1 5.65248E-1 5.15127E-1 5.09941E-1 5.56433E-1 5.64532E-1 5.42782E-1 5.35265E-1 5.47565E-1 5.41549E-1 5.36561E-1 5.51107E-1 5.5965E-1 5.63707E-1 5.36596E-1 5.56437E-1 5.54814E-1 5.51892E-1 5.95001E-1 5.85828E-1 5.71956E-1 5.67566E-1
1.92368E-1 1.92982E-1 1.92342E-1 1.9393E-1 2.32929E-1 2.55018E-1 2.72342E-1 3.13781E-1 3.20547E-1 3.53957E-1 3.86747E-1 4.08059E-1 4.21683E-1 4.32813E-1 4.30642E-1 4.29181E-1 4.29492E-1 4.37145E-1 4.35733E-1 4.37298E-1 4.35238E-1 4.3709E-1 4.49641E-1 4.63244E-1 4.43284E-1 4.23514E-1 4.26816E-1 4.53638E-1 4.23224E-1 4.11992E-1 4.23622E-1 4.01947E-1 4.13267E-1 4.48471E-1 4.53868E-1 4.60665E-1 4.71329E-1 4.96328E-1 5.15746E-1 5.3307E-1 4.96648E-1 4.88311E-1 5.019E-1 5.2148E-1 5.64474E-1 5.2241E-1 5.07242E-1 5.31968E-1 5.38163E-1 5.37434E-1 5.47663E-1 5.41882E-1 5.53521E-1 5.36064E-1 5.33352E-1 5.38068E-1 5.60399E-1 5.55963E-1 5.49296E-1 5.49293E-1 5.55964E-1
1.73558E-1 1.81837E-1 2.06111E-1 2.07526E-1 2.24103E-1 2.45515E-1 2.9152E-1 3.0094E-1 3.21027E-1 3.47436E-1 3.90401E-1 3.93584E-1 4.09344E-1 4.37843E-1 4.34887E-1 4.34558E-1 4.3899E-1 4.47002E-1 4.32783E-1 4.32805E-1 4.36533E-1 4.37319E-1 4.3936E-1 4.89595E-1 4.68864E-1 4.27821E-1 4.21971E-1 4.24533E-1 4.10414E-1 4.0882E-1 4.15672E-1 4.20874E-1 4.46726E-1 4.63867E-1 5.01125E-1 5.6473E-1 5.20764E-1 5.12752E-1 4.88852E-1 4.82558E-1 4.73916E-1 4.97377E-1 5.13077E-1 5.26443E-1 5.38077E-1 5.39013E-1 5.31925E-1 5.18605E-1 5.41083E-1 5.38919E-1 5.51592E-1 5.46097E-1 5.45731E-1 5.29055E-1 5.20082E-1 5.1003E-1 5.58045E-1 5.53723E-1 5.47821E-1 5.40025E-1 5.49789E-1
1.80218E-1 1.81735E-1 1.99256E-1 2.17006E-1 2.31037E-1 2.56405E-1 2.76412E-1 3.00431E-1 3.15116E-1 3.31355E-1 3.84322E-1 3.97724E-1 4.00886E-1 4.2624E-1 4.31695E-1 4.36379E-1 4.38477E-1 4.46425E-1 4.36109E-1 4.40861E-1 4.51275E-1 4.33489E-1 4.42708E-1 4.63684E-1 4.51647E-1 4.56457E-1 4.5498E-1 4.34019E-1 4.44276E-1 4.16679E-1 4.55317E-1 4.45609E-1 4.44698E-1 4.71762E-1 5.33948E-1 5.03228E-1 4.40531E-1 4.41561E-1 4.55928E-1 4.97606E-1 4.73599E-1 5.17234E-1 5.39519E-1 5.40007E-1 5.42427E-1 5.36602E-1 5.39017E-1 5.3147E-1 5.46667E-1 5.51077E-1 5.57058E-1 5.5849E-1 5.4914E-1 5.1214E-1 5.09539E-1 5.08134E-1 5.68651E-1 5.97112E-1 5.62512E-1 5.44455E-1 5.44327E-1
1.9001E-1 2.13721E-1 2.06593E-1 2.44134E-1 3.0148E-1 3.30203E-1 2.87906E-1 3.22806E-1 3.52452E-1 3.58268E-1 3.65442E-1 3.82364E-1 3.95536E-1 4.12194E-1 4.28407E-1 4.39076E-1 4.40156E-1 4.41198E-1 4.37635E-1 4.41158E-1 4.44907E-1 4.32703E-1 4.36793E-1 4.37399E-1 4.42914E-1 4.58378E-1 4.30227E-1 4.23926E-1 4.19492E-1 4.39203E-1 4.83158E-1 5.0712E-1 4.56836E-1 5.36753E-1 5.20978E-1 4.90458E-1 4.87897E-1 5.0519E-1 5.14046E-1 5.30147E-1 5.31177E-1 5.54709E-1 5.49937E-1 5.42559E-1 5.52588E-1 5.58842E-1 5.58161E-1 5.38739E-1 5.57545E-1 5.57748E-1 5.56279E-1 5.40638E-1 5.26812E-1 5.05524E-1 4.92043E-1 5.11806E-1 5.17241E-1 5.25241E-1 5.27314E-1 5.43557E-1 5.63474E-1
1.71871E-1 2.11409E-1 2.32818E-1 2.60151E-1 3.49382E-1 3.77243E-1 3.20847E-1 3.22458E-1 3.63245E-1 3.84412E-1 3.92655E-1 3.98022E-1 4.03749E-1 4.0888E-1 4.32753E-1 4.47495E-1 4.45005E-1 4.30829E-1 4.30412E-1 4.33161E-1 4.38748E-1 4.38858E-1 4.40502E-1 4.57342E-1 4.59942E-1 4.6144E-1 4.51727E-1 4.61534E-1 5.1522E-1 5.15505E-1 5.46468E-1 5.41349E-1 5.12972E-1 5.27064E-1 5.34605E-1 5.39885E-1 5.26469E-1 5.58475E-1 5.75891E-1 5.58505E-1 5.44814E-1 5.61713E-1 5.92908E-1 5.98794E-1 5.69817E-1 5.88842E-1 5.66875E-1 5.67151E-1 5.76232E-1 5.64817E-1 5.60426E-1 5.38177E-1 5.3858E-1 5.24262E-1 4.96069E-1 4.84685E-1 5.33896E-1 5.11424E-1 5.18654E-1 5.42974E-1 5.46513E-1
1.78384E-1 2.01848E-1 2.23454E-1 2.31182E-1 2.60945E-1 2.8408E-1 3.09922E-1 3.25588E-1 3.51492E-1 3.85212E-1 3.95564E-1 4.02913E-1 4.12032E-1 4.22622E-1 4.29566E-1 4.47928E-1 4.45735E-1 4.35259E-1 4.22194E-1 4.283E-1 4.42851E-1 4.59329E-1 4.54E-1 4.69113E-1 4.83383E-1 4.73175E-1 4.78206E-1 4.90066E-1 4.87101E-1 5.12739E-1 4.79743E-1 5.08128E-1 4.94377E-1 5.16287E-1 5.14972E-1 5.05745E-1 6.01411E-1 5.92511E-1 5.48061E-1 5.53387E-1 5.43535E-1 5.64881E-1 5.79245E-1 5.85591E-1 5.95738E-1 5.8423E-1 6.16886E-1 5.89588E-1 5.74565E-1 5.59072E-1 5.42775E-1 5.30173E-1 5.2357E-1 5.59165E-1 4.972E-1 4.95804E-1 4.9629E-1 5.01587E-1 5.18248E-1 5.29602E-1 5.18762E-1
1.9686E-1 2.06686E-1 2.20739E-1 2.22725E-1 2.43079E-1 2.69284E-1 2.95652E-1 3.15375E-1 3.4834E-1 3.69911E-1 3.84292E-1 4.05604E-1 4.2432E-1 4.58713E-1 4.56026E-1 4.46743E-1 4.37278E-1 4.36792E-1 4.24615E-1 4.26908E-1 4.4279E-1 4.55366E-1 4.53782E-1 4.51632E-1 4.43027E-1 4.48867E-1 4.59633E-1 4.3939E-1 4.56475E-1 4.2914E-1 4.5768E-1 5.02727E-1 5.57464E-1 5.69912E-1 5.46757E-1 5.37959E-1 5.23303E-1 5.14055E-1 5.42993E-1 5.44429E-1 5.60117E-1 5.7738E-1 5.98222E-1 6.18548E-1 6.31429E-1 6.07696E-1 6.25779E-1 6.08523E-1 5.72959E-1 5.48599E-1 5.4307E-1 5.11895E-1 5.27255E-1 5.33165E-1 5.03358E-1 4.94833E-1 4.87813E-1 4.87888E-1 5.43951E-1 5.42216E-1 5.23066E-1
2.05897E-1 2.12153E-1 2.26057E-1 2.43235E-1 2.59251E-1 2.76277E-1 2.93361E-1 3.14947E-1 3.51729E-1 3.56693E-1 3.68122E-1 3.98652E-1 4.13462E-1 4.30452E-1 4.52573E-1 4.47303E-1 4.39103E-1 4.40112E-1 4.32978E-1 4.28854E-1 4.30323E-1 4.34839E-1 4.28943E-1 4.20786E-1 4.28974E-1 4.25956E-1 4.3056E-1 4.33033E-1 4.79845E-1 4.7132E-1 4.45331E-1 4.40589E-1 4.72065E-1 5.0006E-1 5.46283E-1 5.21362E-1 5.19434E-1 5.2899E-1 5.40338E-1 5.39103E-1 5.82833E-1 5.99927E-1 6.18112E-1 6.31654E-1 6.55394E-1 6.42753E-1 6.19603E-1 6.24785E-1 5.8522E-1 5.4127E-1 5.37522E-1 5.15359E-1 5.20647E-1 5.00429E-1 4.89746E-1 4.97569E-1 4.816E-1 4.92766E-1 4.97904E-1 4.95992E-1 4.89497E-1
1.9992E-1 2.13195E-1 2.44118E-1 2.71798E-1 2.82189E-1 2.9694E-1 2.99527E-1 3.2741E-1 3.50956E-1 3.67564E-1 3.75585E-1 3.99191E-1 4.32364E-1 4.46693E-1 4.58865E-1 4.60381E-1 4.50211E-1 4.67642E-1 4.40931E-1 4.41391E-1 4.44215E-1 4.39931E-1 4.38126E-1 4.3836E-1 4.58401E-1 4.26508E-1 4.18803E-1 4.16965E-1 4.20525E-1 4.05537E-1 4.09876E-1 4.3011E-1 4.77599E-1 5.21125E-1 5.36071E-1 5.50903E-1 5.36082E-1 5.40105E-1 5.37593E-1 5.57807E-1 5.98576E-1 6.28418E-1 6.36504E-1 6.48556E-1 6.47498E-1 6.29262E-1 6.15024E-1 6.01546E-1 6.0182E-1 5.59467E-1 5.46633E-1 5.25076E-1 5.03178E-1 4.99503E-1 4.81216E-1 4.95902E-1 4.90753E-1 4.9378E-1 4.96935E-1 4.7292E-1 4.72985E-1
2.00824E-1 2.31628E-1 2.47998E-1 2.75178E-1 2.96292E-1 3.30037E-1 3.29495E-1 3.37509E-1 3.64695E-1 3.87062E-1 4.04767E-1 4.33463E-1 4.4206E-1 4.5511E-1 4.52531E-1 4.75391E-1 4.9598E-1 5.26835E-1 4.39737E-1 4.37772E-1 4.37131E-1 4.42596E-1 4.41891E-1 4.47158E-1 4.39619E-1 4.313E-1 4.30131E-1 4.43951E-1 4.33696E-1 4.34843E-1 4.39104E-1 4.66247E-1 5.15819E-1 5.56168E-1 5.81196E-1 5.91076E-1 5.89617E-1 5.95251E-1 5.90196E-1 5.88991E-1 6.12663E-1 6.38744E-1 6.43311E-1 6.50881E-1 6.46875E-1 6.33798E-1 6.2239E-1 5.95971E-1 5.79315E-1 5.50966E-1 5.50116E-1 5.05724E-1 4.99104E-1 4.90836E-1 4.87967E-1 4.93688E-1 4.88728E-1 4.7478E-1 5.07353E-1 4.85378E-1 4.5712E-1
2.36356E-1 2.86064E-1 2.82226E-1 3.03925E-1 3.08658E-1 3.1944E-1 3.49201E-1 3.72902E-1 3.83617E-1 4.05737E-1 4.45256E-1 4.78756E-1 4.79377E-1 4.6509E-1 4.66355E-1 4.59717E-1 4.77792E-1 4.81481E-1 4.43128E-1 4.41067E-1 4.4992E-1 4.54908E-1 4.52125E-1 4.62735E-1 4.54156E-1 4.52147E-1 4.48081E-1 4.57277E-1 4.77156E-1 4.91361E-1 5.02423E-1 5.35416E-1 6.12409E-1 6.51583E-1 6.28357E-1 6.35894E-1 6.35498E-1 6.45194E-1 6.47316E-1 6.33153E-1 6.34843E-1 6.59429E-1 6.63922E-1 6.59546E-1 6.41204E-1 6.29349E-1 6.24267E-1 5.98257E-1 5.6756E-1 5.42643E-1 5.4192E-1 5.21106E-1 5.02187E-1 5.00638E-1 5.02008E-1 5.04984E-1 5.04628E-1 4.70764E-1 5.15091E-1 4.8762E-1 4.62589E-1
2.6708E-1 2.86456E-1 3.03126E-1 3.23511E-1 3.37455E-1 3.40258E-1 3.57433E-1 3.87322E-1 4.06153E-1 4.22798E-1 4.41002E-1 4.7162E-1 4.59955E-1 4.34979E-1 4.46981E-1 4.4002E-1 4.43419E-1 4.58008E-1 4.65397E-1 4.5571E-1 4.63416E-1 4.62115E-1 4.60621E-1 4.57512E-1 4.60276E-1 4.64721E-1 4.66461E-1 4.90323E-1 5.12447E-1 5.3568E-1 5.67837E-1 5.88747E-1 6.18958E-1 6.29873E-1 6.74269E-1 6.79332E-1 6.79025E-1 6.80644E-1 6.90611E-1 6.80826E-1 6.71375E-1 6.68589E-1 6.7217E-1 6.64194E-1 6.46955E-1 6.32639E-1 6.14969E-1 5.86577E-1 5.67182E-1 5.48556E-1 5.16956E-1 5.1076E-1 4.91991E-1 5.1728E-1 5.46463E-1 5.2064E-1 5.24259E-1 4.8764E-1 4.83278E-1 4.61777E-1 4.63766E-1
2.76825E-1 3.03668E-1 3.03128E-1 3.32887E-1 3.54966E-1 3.66758E-1 3.77785E-1 3.92105E-1 4.13932E-1 4.3193E-1 4.32354E-1 4.58266E-1 4.48099E-1 4.32482E-1 4.6545E-1 4.36938E-1 4.41246E-1 4.55554E-1 4.60398E-1 4.61448E-1 4.63123E-1 4.6064E-1 4.63973E-1 4.62777E-1 4.76389E-1 4.96401E-1 4.94477E-1 5.09229E-1 5.29437E-1 5.67869E-1 6.03147E-1 6.55111E-1 6.83352E-1 6.72814E-1 6.88533E-1 7.06446E-1 7.00158E-1 7.01434E-1 7.01717E-1 6.96455E-1 6.96728E-1 7.05153E-1 6.81693E-1 6.64934E-1 6.54104E-1 6.25234E-1 6.01136E-1 5.65946E-1 5.54806E-1 5.41198E-1 5.33026E-1 4.98465E-1 4.8513E-1 5.09708E-1 5.25221E-1 5.24467E-1 5.23868E-1 5.01697E-1 4.72797E-1 4.61347E-1 4.62193E-1
2.97473E-1 3.07601E-1 3.14595E-1 3.33944E-1 3.51088E-1 3.73311E-1 4.00353E-1 4.08804E-1 4.16957E-1 4.41801E-1 4.2606E-1 4.54097E-1 4.43752E-1 4.39441E-1 4.60232E-1 4.41121E-1 4.62104E-1 4.60739E-1 4.64079E-1 4.68705E-1 4.65497E-1 4.6272E-1 4.91173E-1 4.83145E-1 4.96209E-1 5.201E-1 5.32428E-1 5.43755E-1 5.57733E-1 5.81825E-1 6.29664E-1 7.09229E-1 6.81515E-1 6.95954E-1 7.0782E-1 7.30923E-1 7.28392E-1 7.28179E-1 7.24455E-1 7.01753E-1 6.82237E-1 7.22047E-1 7.01134E-1 6.74999E-1 6.52967E-1 6.13471E-1 5.84064E-1 5.44155E-1 5.3485E-1 5.23319E-1 5.16116E-1 5.00374E-1 5.00374E-1 5.04704E-1 5.09334E-1 5.20311E-1 4.9986E-1 4.89922E-1 4.69789E-1 4.67255E-1 4.62596E-1
3.41287E-1 3.30371E-1 3.37635E-1 3.62859E-1 3.69334E-1 3.819E-1 4.08218E-1 4.10116E-1 4.27959E-1 4.42007E-1 4.35034E-1 4.43408E-1 4.5998E-1 4.61947E-1 5.02969E-1 5.12077E-1 5.17793E-1 4.86103E-1 4.91914E-1 4.71638E-1 4.81332E-1 4.8207E-1 4.76128E-1 4.82827E-1 5.08441E-1 5.34647E-1 5.66107E-1 5.45266E-1 5.77429E-1 5.68963E-1 5.91257E-1 6.0551E-1 6.58917E-1 7.13168E-1 7.27703E-1 7.52657E-1 7.33652E-1 7.28572E-1 7.20521E-1 6.94083E-1 6.80062E-1 6.9053E-1 6.80034E-1 6.53821E-1 6.51929E-1 5.84698E-1 5.53589E-1 5.30399E-1 5.11292E-1 5.07734E-1 5.18634E-1 5.03411E-1 4.89893E-1 4.91883E-1 5.03174E-1 5.13685E-1 4.79435E-1 4.71008E-1 4.6143E-1 4.65433E-1 4.61538E-1
3.77032E-1 3.48537E-1 3.61327E-1 3.7803E-1 3.86282E-1 4.24343E-1 4.42481E-1 4.07562E-1 4.26092E-1 4.48863E-1 4.52488E-1 4.67331E-1 4.90475E-1 5.01417E-1 5.27469E-1 5.50928E-1 5.8464E-1 5.32136E-1 4.97683E-1 4.95343E-1 5.29714E-1 5.49771E-1 5.04544E-1 5.45067E-1 5.17363E-1 5.3347E-1 5.29825E-1 5.45441E-1 5.97007E-1 6.04162E-1 6.09384E-1 6.38468E-1 6.75075E-1 7.10615E-1 7.26422E-1 7.35996E-1 7.29896E-1 7.25245E-1 7.21416E-1 7.0238E-1 6.86943E-1 6.68974E-1 6.56848E-1 6.32701E-1 6.0822E-1 5.54499E-1 5.31062E-1 5.26384E-1 4.99687E-1 5.02003E-1 5.17931E-1 5.01925E-1 5.02017E-1 4.88352E-1 4.88915E-1 4.82356E-1 4.58401E-1 4.61556E-1 4.59521E-1 4.58417E-1 4.61575E-1
3.87666E-1 3.60434E-1 3.84032E-1 4.14236E-1 4.24739E-1 4.41109E-1 4.40872E-1 4.27968E-1 4.17825E-1 4.34723E-1 4.47959E-1 4.60639E-1 5.39718E-1 5.44858E-1 5.45037E-1 5.65051E-1 5.71228E-1 5.2161E-1 4.94349E-1 5.03229E-1 5.20478E-1 5.1765E-1 4.9919E-1 5.17817E-1 5.00639E-1 5.34935E-1 5.50235E-1 5.77409E-1 6.06489E-1 6.81994E-1 6.49628E-1 6.75648E-1 7.41427E-1 7.19254E-1 7.17582E-1 7.18977E-1 7.00244E-1 7.08894E-1 7.02919E-1 6.99571E-1 6.65157E-1 6.53291E-1 6.89418E-1 6.19699E-1 5.85574E-1 5.49208E-1 5.32518E-1 5.18447E-1 4.96168E-1 4.98467E-1 5.15356E-1 4.88101E-1 4.93836E-1 4.9032E-1 4.97572E-1 4.64367E-1 4.66707E-1 4.47898E-1 4.51876E-1 4.59908E-1 4.67009E-1
3.84601E-1 3.71158E-1 3.99923E-1 4.21958E-1 4.49677E-1 4.49648E-1 4.24428E-1 4.44571E-1 4.20929E-1 4.15446E-1 4.40021E-1 4.48719E-1 4.82615E-1 4.84762E-1 5.02361E-1 5.31487E-1 4.98874E-1 5.0444E-1 4.98539E-1 5.08366E-1 5.12872E-1 5.19287E-1 5.14677E-1 5.11332E-1 5.13789E-1 5.39387E-1 5.63478E-1 6.10829E-1 6.56878E-1 6.60193E-1 6.76723E-1 6.85552E-1 7.0095E-1 7.26413E-1 7.21731E-1 6.92356E-1 6.59366E-1 6.71118E-1 6.6356E-1 6.59869E-1 6.37359E-1 6.34112E-1 6.25858E-1 6.38223E-1 6.26799E-1 5.78271E-1 5.43863E-1 5.18347E-1 5.08838E-1 4.97522E-1 5.18477E-1 4.96469E-1 5.04944E-1 5.05352E-1 4.85259E-1 4.89068E-1 4.92987E-1 5.04875E-1 4.74755E-1 4.82882E-1 4.82655E-1
3.82615E-1 3.83192E-1 4.22738E-1 4.37593E-1 4.34055E-1 4.63578E-1 4.82823E-1 4.70267E-1 4.4039E-1 4.33011E-1 4.43443E-1 4.46731E-1 4.62425E-1 4.80182E-1 4.74647E-1 4.91631E-1 4.84946E-1 4.92652E-1 5.06999E-1 5.46657E-1 5.35911E-1 5.31537E-1 5.19814E-1 5.26458E-1 5.42598E-1 5.84178E-1 5.97226E-1 6.32071E-1 6.7979E-1 6.85816E-1 6.80378E-1 6.68682E-1 6.85534E-1 6.86603E-1 7.02928E-1 6.3989E-1 6.64575E-1 6.34016E-1 6.35029E-1 6.17798E-1 6.03669E-1 6.06979E-1 6.07454E-1 6.13838E-1 6.09443E-1 6.0143E-1 5.5079E-1 5.35585E-1 5.20759E-1 5.00967E-1 5.00565E-1 5.3207E-1 5.25173E-1 5.13936E-1 5.06608E-1 5.36587E-1 5.88474E-1 5.13593E-1 4.89929E-1 5.14421E-1 4.9262E-1
3.77962E-1 4.4575E-1 4.43189E-1 4.27324E-1 4.31771E-1 4.37792E-1 4.83781E-1 4.77871E-1 4.7422E-1 4.43169E-1 4.38119E-1 4.365E-1 4.51173E-1 4.78279E-1 4.86973E-1 4.87169E-1 4.81173E-1 4.94009E-1 5.09045E-1 5.39358E-1 5.94381E-1 5.44543E-1 5.44769E-1 5.52171E-1 6.26433E-1 6.20454E-1 6.29056E-1 6.43084E-1 6.64003E-1 7.14583E-1 6.70989E-1 6.74013E-1 6.78458E-1 6.67609E-1 6.32414E-1 6.19133E-1 6.31677E-1 6.13124E-1 6.30477E-1 5.98394E-1 6.05776E-1 6.12984E-1 6.10566E-1 6.01507E-1 6.12709E-1 6.04029E-1 5.60519E-1 5.36684E-1 5.35272E-1 5.10098E-1 5.14687E-1 5.35296E-1 5.20489E-1 5.17433E-1 5.32854E-1 5.52754E-1 5.39163E-1 5.1663E-1 5.04781E-1 5.06698E-1 5.01861E-1
3.66373E-1 4.03289E-1 4.32123E-1 4.48969E-1 4.51031E-1 4.4364E-1 4.83935E-1 4.76793E-1 4.66184E-1 4.62037E-1 4.47929E-1 4.48027E-1 4.73876E-1 4.86605E-1 5.0372E-1 4.84723E-1 4.87776E-1 4.88424E-1 5.27017E-1 5.57973E-1 5.38117E-1 5.51785E-1 5.68749E-1 5.95813E-1 6.40141E-1 6.13164E-1 6.11803E-1 6.32802E-1 6.6811E-1 6.59512E-1 6.77769E-1 6.68321E-1 6.63383E-1 6.52172E-1 6.23478E-1 6.04368E-1 6.04047E-1 6.16876E-1 6.18051E-1 6.27179E-1 6.00351E-1 5.83173E-1 5.94594E-1 5.94772E-1 6.2914E-1 6.17096E-1 5.68371E-1 5.45008E-1 5.36909E-1 5.19477E-1 5.58233E-1 5.3435E-1 5.40911E-1 5.36606E-1 5.50167E-1 5.33326E-1 5.375E-1 5.10854E-1 5.1029E-1 5.30022E-1 5.11551E-1
3.93934E-1 4.25812E-1 4.48476E-1 4.75659E-1 5.01647E-1 4.83279E-1 4.68676E-1 4.81407E-1 4.74693E-1 4.76932E-1 4.67347E-1 4.71957E-1 5.12525E-1 5.05285E-1 5.1016E-1 4.96783E-1 5.035E-1 4.86396E-1 5.18771E-1 5.50356E-1 5.51814E-1 5.64046E-1 5.94949E-1 6.08141E-1 6.23882E-1 6.61216E-1 6.33082E-1 6.51138E-1 6.72028E-1 6.81334E-1 6.75098E-1 6.69942E-1 6.63299E-1 6.80613E-1 6.23527E-1 6.14441E-1 6.01231E-1 5.99294E-1 6.29701E-1 6.53482E-1 6.32808E-1 5.94504E-1 5.94045E-1 6.07999E-1 6.25155E-1 6.29242E-1 6.18936E-1 5.74745E-1 5.46804E-1 5.62784E-1 5.66141E-1 5.33914E-1 5.50994E-1 5.45681E-1 5.52976E-1 5.36345E-1 5.23042E-1 5.22669E-1 5.32968E-1 5.27659E-1 5.37587E-1
3.94978E-1 4.29605E-1 4.48224E-1 4.4846E-1 5.01146E-1 5.18624E-1 5.073E-1 4.86011E-1 4.71237E-1 4.85381E-1 4.83592E-1 4.89191E-1 4.81069E-1 4.95571E-1 5.13829E-1 5.17781E-1 4.95392E-1 4.9672E-1 4.99902E-1 5.29313E-1 5.57333E-1 5.92511E-1 6.16593E-1 6.54032E-1 6.55635E-1 6.83032E-1 6.91146E-1 6.7566E-1 6.92441E-1 6.86283E-1 6.6924E-1 6.76012E-1 6.59759E-1 6.76007E-1 6.96545E-1 6.26273E-1 6.23713E-1 6.14803E-1 6.24865E-1 6.20417E-1 6.1757E-1 6.42145E-1 6.26917E-1 6.16644E-1 6.36375E-1 6.24391E-1 6.26206E-1 5.86741E-1 5.93369E-1 5.80251E-1 5.485E-1 5.45365E-1 5.5174E-1 5.54195E-1 5.37907E-1 5.22653E-1 5.34371E-1 5.35379E-1 5.45478E-1 5.60589E-1 5.71354E-1
3.74007E-1 3.98313E-1 4.15846E-1 4.48024E-1 4.65008E-1 5.0843E-1 5.06823E-1 5.03755E-1 4.8632E-1 4.84897E-1 5.11793E-1 5.13818E-1 5.05045E-1 5.476E-1 5.46226E-1 5.34598E-1 5.12634E-1 5.21397E-1 5.18636E-1 5.32885E-1 5.70463E-1 6.30323E-1 6.4155E-1 6.81457E-1 6.793E-1 6.97073E-1 6.86735E-1 6.91153E-1 7.14882E-1 6.78282E-1 6.71641E-1 6.528E-1 6.5029E-1 6.67111E-1 7.81747E-1 6.71631E-1 6.6326E-1 6.35463E-1 6.35009E-1 6.22369E-1 6.52493E-1 6.69288E-1 6.53377E-1 6.35585E-1 6.67562E-1 6.24763E-1 6.31783E-1 6.00119E-1 6.03201E-1 5.6317E-1 5.52543E-1 5.68471E-1 5.85229E-1 5.76759E-1 5.66604E-1 5.42886E-1 5.30457E-1 5.44461E-1 5.61082E-1 5.77524E-1 5.93686E-1
