data/maxent/outputs/red_343.asc
ncols         426
nrows         180
xllcorner     -130.0
yllcorner     24.0
cellsize      0.16666666666666666
NODATA_value  -9999
[rows 54 to 80 of 180, columns 244 to 304 of 426]
2.79047E-3 2.64317E-3 3.11832E-3 3.45399E-3 4.34263E-3 4.31847E-3 4.58832E-3 5.51854E-3 6.80328E-3 7.59888E-3 6.97092E-3 6.9409E-3 7.62654E-3 6.88081E-3 7.72937E-3 8.31774E-3 8.92356E-3 9.47661E-3 9.02653E-3 1.14046E-2 1.25309E-2 1.41589E-2 1.46676E-2 1.4079E-2 1.38708E-2 9.48705E-3 6.18871E-3 6.4405E-3 5.42817E-3 5.14572E-3 6.14599E-3 6.88579E-3 7.79552E-3 8.44635E-3 9.50806E-3 1.05448E-2 9.73646E-3 9.05987E-3 9.37737E-3 9.2379E-3 9.20653E-3 9.17293E-3 9.11355E-3 8.98021E-3 8.6152E-3 8.1287E-3 7.68946E-3 9.19455E-3 9.72901E-3 8.27287E-3 6.88272E-3 6.01015E-3 5.84906E-3 5.65416E-3 6.26098E-3 7.1532E-3 7.45477E-3 7.2745E-3 6.81195E-3 6.90121E-3 6.82487E-3
3.11696E-3 3.09134E-3 3.20785E-3 3.88137E-3 4.87626E-3 5.3296E-3 5.44817E-3 6.53027E-3 7.97318E-3 7.15991E-3 8.19283E-3 8.05014E-3 7.69244E-3 7.82841E-3 8.50761E-3 9.25432E-3 1.00309E-2 9.93345E-3 1.02916E-2 1.25455E-2 1.35588E-2 1.44549E-2 1.55512E-2 1.3909E-2 1.08642E-2 7.22576E-3 6.31838E-3 5.55347E-3 4.54363E-3 4.48141E-3 4.83131E-3 5.46699E-3 6.36811E-3 7.89017E-3 9.62042E-3 1.01939E-2 1.14743E-2 9.26759E-3 1.00208E-2 9.52568E-3 9.34542E-3 9.09244E-3 9.03995E-3 8.94922E-3 8.64935E-3 8.42632E-3 7.64821E-3 7.4701E-3 9.44526E-3 8.37913E-3 8.36865E-3 6.7312E-3 6.70358E-3 6.35116E-3 6.9549E-3 8.66511E-3 8.51969E-3 8.19144E-3 7.79429E-3 7.33303E-3 8.08369E-3
3.82475E-3 4.07475E-3 4.30414E-3 4.90159E-3 5.58133E-3 5.36246E-3 5.87761E-3 8.17408E-3 8.1857E-3 8.19179E-3 8.26166E-3 8.23012E-3 7.71131E-3 8.53965E-3 9.25174E-3 1.01508E-2 1.06937E-2 1.04095E-2 1.15937E-2 1.33282E-2 1.44225E-2 1.37624E-2 1.13727E-2 1.02045E-2 8.10093E-3 7.24521E-3 5.77093E-3 5.80464E-3 4.82118E-3 4.87462E-3 4.63411E-3 5.2395E-3 6.58887E-3 8.03749E-3 8.78932E-3 1.06568E-2 1.16071E-2 9.46092E-3 1.01807E-2 1.00086E-2 9.7305E-3 9.3552E-3 9.22446E-3 8.92026E-3 8.40355E-3 7.91885E-3 7.46258E-3 8.01684E-3 9.91571E-3 8.74317E-3 8.90617E-3 7.1611E-3 8.09448E-3 8.78665E-3 8.20692E-3 9.55904E-3 1.04981E-2 8.77853E-3 7.84488E-3 9.10147E-3 1.12433E-2
4.43993E-3 5.18128E-3 5.58506E-3 6.26945E-3 6.50041E-3 6.39365E-3 6.30721E-3 7.49383E-3 7.45712E-3 7.46886E-3 7.99691E-3 7.87139E-3 8.45968E-3 9.17916E-3 1.012E-2 1.10523E-2 1.14224E-2 1.10112E-2 1.30094E-2 1.43885E-2 1.37069E-2 1.27655E-2 1.13267E-2 8.69571E-3 7.34626E-3 6.57079E-3 5.84505E-3 8.77664E-3 5.76875E-3 5.10789E-3 5.13106E-3 5.46745E-3 6.96451E-3 7.67996E-3 9.62946E-3 1.20447E-2 1.20141E-2 9.91123E-3 1.02279E-2 1.00776E-2 9.70289E-3 1.05124E-2 9.85516E-3 8.74421E-3 8.33469E-3 7.94008E-3 7.4667E-3 1.02355E-2 8.92166E-3 8.1253E-3 6.95611E-3 6.14111E-3 6.04997E-3 6.17243E-3 1.40703E-2 1.69366E-2 1.1892E-2 1.06036E-2 9.53374E-3 9.39957E-3 1.0868E-2
4.73976E-3 5.82933E-3 6.41289E-3 6.71413E-3 7.12991E-3 7.77411E-3 7.25514E-3 6.38169E-3 6.5802E-3 7.79845E-3 8.50707E-3 8.02753E-3 8.74985E-3 9.69145E-3 1.06551E-2 1.16454E-2 1.20122E-2 1.29066E-2 1.56805E-2 1.50326E-2 1.39432E-2 1.22607E-2 9.75116E-3 7.85248E-3 6.55481E-3 5.39806E-3 6.16456E-3 7.30183E-3 6.40372E-3 5.99041E-3 5.73758E-3 5.94408E-3 6.47131E-3 7.52038E-3 1.11177E-2 1.21451E-2 1.10878E-2 9.89215E-3 1.03314E-2 1.00504E-2 9.90569E-3 9.96455E-3 1.05046E-2 8.66484E-3 8.19495E-3 7.98767E-3 9.37152E-3 7.37591E-3 7.35732E-3 7.68287E-3 9.03089E-3 1.3498E-2 8.96774E-3 9.8972E-3 1.91805E-2 1.69505E-2 1.2194E-2 1.17947E-2 1.07825E-2 1.03844E-2 1.04095E-2
5.11502E-3 5.94239E-3 8.04857E-3 8.4541E-3 8.48757E-3 6.66904E-3 7.11761E-3 7.23534E-3 7.62866E-3 8.61436E-3 8.49147E-3 8.33808E-3 9.33768E-3 1.02013E-2 1.12771E-2 1.21291E-2 1.21373E-2 1.58945E-2 1.57606E-2 1.47861E-2 1.34143E-2 1.07535E-2 9.88003E-3 7.69198E-3 6.95448E-3 6.11335E-3 6.69941E-3 7.51218E-3 6.84281E-3 6.88171E-3 6.62035E-3 6.92887E-3 7.35909E-3 9.73161E-3 1.22595E-2 1.10491E-2 1.14963E-2 1.36768E-2 1.55471E-2 1.31423E-2 1.02184E-2 1.01609E-2 1.09576E-2 9.17974E-3 8.67504E-3 1.00657E-2 9.58169E-3 7.00465E-3 6.94029E-3 8.13632E-3 1.45241E-2 1.75016E-2 1.63005E-2 1.38039E-2 7.60483E-3 8.79579E-3 1.25613E-2 1.27825E-2 1.14067E-2 1.08819E-2 9.93628E-3
5.66319E-3 6.07566E-3 7.33448E-3 7.31573E-3 7.93394E-3 7.07316E-3 7.67535E-3 7.89446E-3 8.2257E-3 8.94855E-3 8.27873E-3 9.17543E-3 9.92058E-3 1.08791E-2 1.18438E-2 1.28097E-2 1.263E-2 1.78286E-2 1.63277E-2 1.54594E-2 1.32028E-2 1.12287E-2 9.58797E-3 8.58343E-3 8.07813E-3 8.26973E-3 8.65329E-3 7.70836E-3 7.69491E-3 8.27632E-3 8.47405E-3 8.52078E-3 1.15733E-2 1.19741E-2 1.058E-2 1.16031E-2 1.36086E-2 1.50058E-2 1.68954E-2 1.66223E-2 1.12164E-2 1.05201E-2 1.08734E-2 9.71948E-3 9.06488E-3 1.06922E-2 9.51254E-3 7.22671E-3 7.43142E-3 8.85262E-3 1.58568E-2 1.50665E-2 9.92224E-3 7.65068E-3 7.854E-3 9.02061E-3 1.06966E-2 1.31825E-2 1.27165E-2 1.29956E-2 1.36531E-2
7.27394E-3 8.18477E-3 7.09517E-3 6.85495E-3 6.89625E-3 7.43821E-3 7.37463E-3 7.70677E-3 9.5243E-3 1.05626E-2 8.76561E-3 9.85498E-3 1.08566E-2 1.18472E-2 1.28427E-2 1.34688E-2 1.56138E-2 1.90093E-2 1.66788E-2 1.47562E-2 1.39387E-2 1.13752E-2 1.03929E-2 9.62929E-3 1.00514E-2 8.37575E-3 8.36917E-3 8.06469E-3 8.67947E-3 9.85987E-3 1.07461E-2 1.06125E-2 1.47008E-2 1.16963E-2 1.1746E-2 1.31456E-2 1.3253E-2 1.39462E-2 1.53051E-2 1.69187E-2 1.53285E-2 1.09341E-2 1.24351E-2 1.30496E-2 1.01956E-2 1.15581E-2 1.05788E-2 7.81826E-3 8.02246E-3 1.28503E-2 1.70321E-2 1.1773E-2 9.23091E-3 9.24457E-3 9.14563E-3 9.79714E-3 1.29191E-2 1.75278E-2 1.98181E-2 1.90824E-2 1.93896E-2
6.96543E-3 6.87362E-3 7.44823E-3 7.09422E-3 7.72984E-3 7.06158E-3 7.63591E-3 8.28955E-3 9.47699E-3 9.73051E-3 9.50623E-3 1.07474E-2 1.17183E-2 1.27342E-2 1.38386E-2 1.41328E-2 1.7301E-2 2.02355E-2 1.69578E-2 1.51164E-2 1.40888E-2 1.24159E-2 1.2267E-2 1.05774E-2 1.02127E-2 9.42341E-3 9.74307E-3 9.83323E-3 1.02593E-2 1.17292E-2 1.33996E-2 1.20271E-2 1.51998E-2 1.52444E-2 1.35527E-2 1.21046E-2 1.28068E-2 1.29644E-2 1.38611E-2 1.62377E-2 1.65528E-2 1.17542E-2 1.16956E-2 1.36543E-2 1.36585E-2 1.49394E-2 1.25088E-2 9.56611E-3 9.26674E-3 1.65353E-2 1.26334E-2 1.06785E-2 1.10424E-2 1.11078E-2 1.13099E-2 1.10984E-2 1.87182E-2 2.85139E-2 3.41554E-2 2.30081E-2 1.77294E-2
6.54792E-3 6.79761E-3 7.9104E-3 7.01258E-3 8.0751E-3 7.59969E-3 8.68585E-3 9.50568E-3 1.02218E-2 9.45659E-3 1.05403E-2 1.13972E-2 1.24512E-2 1.33883E-2 1.46078E-2 1.50943E-2 1.46505E-2 2.15955E-2 2.21101E-2 1.86014E-2 1.61558E-2 1.58187E-2 1.50111E-2 1.15588E-2 1.10588E-2 1.0405E-2 1.08889E-2 1.05056E-2 1.08369E-2 1.04594E-2 1.21505E-2 1.46243E-2 1.57033E-2 1.27433E-2 1.2496E-2 1.34658E-2 1.28808E-2 1.34507E-2 1.41727E-2 1.58883E-2 1.86492E-2 1.36423E-2 1.36822E-2 1.51591E-2 1.47598E-2 1.73174E-2 1.36768E-2 1.07721E-2 9.92146E-3 2.05445E-2 1.87307E-2 1.27743E-2 1.1807E-2 1.27628E-2 1.24709E-2 1.2829E-2 2.22482E-2 5.31943E-2 5.20064E-2 2.44702E-2 1.69847E-2
6.29622E-3 6.69666E-3 7.82963E-3 8.22707E-3 8.43761E-3 8.81203E-3 9.78331E-3 1.07465E-2 1.18315E-2 1.0296E-2 1.15293E-2 1.23964E-2 1.36236E-2 1.44826E-2 1.56371E-2 1.58962E-2 1.57927E-2 2.00292E-2 2.62604E-2 2.25693E-2 1.76351E-2 1.60225E-2 1.52246E-2 1.40662E-2 1.34371E-2 1.24703E-2 1.23708E-2 1.16087E-2 1.12688E-2 1.20849E-2 1.35661E-2 1.39539E-2 1.42974E-2 1.41231E-2 1.33835E-2 1.31583E-2 1.29226E-2 1.37702E-2 1.46236E-2 1.60099E-2 1.92426E-2 1.57539E-2 1.34444E-2 1.69688E-2 1.83665E-2 2.1117E-2 1.85556E-2 1.52978E-2 1.97948E-2 2.70069E-2 2.54342E-2 1.92427E-2 1.37866E-2 1.34945E-2 1.41099E-2 1.48458E-2 2.18002E-2 4.54119E-2 7.65648E-2 4.89163E-2 2.12163E-2
7.26244E-3 7.04795E-3 8.67812E-3 8.88783E-3 9.1892E-3 1.11601E-2 1.13462E-2 1.27069E-2 1.53337E-2 1.16058E-2 1.27052E-2 1.3881E-2 1.47182E-2 1.55592E-2 1.66115E-2 1.68937E-2 1.68332E-2 1.94071E-2 2.42464E-2 2.50485E-2 1.95695E-2 1.79663E-2 1.94053E-2 1.68177E-2 1.53921E-2 1.45227E-2 1.33363E-2 1.31093E-2 1.30252E-2 1.30125E-2 1.30622E-2 1.34067E-2 1.4143E-2 1.65079E-2 1.51236E-2 1.4298E-2 1.39616E-2 1.47122E-2 1.54671E-2 1.65642E-2 1.96125E-2 1.96843E-2 1.76433E-2 1.94419E-2 2.10319E-2 3.08203E-2 4.62173E-2 3.73733E-2 3.87356E-2 3.74132E-2 3.07199E-2 2.33299E-2 2.18379E-2 1.6123E-2 1.66563E-2 1.70074E-2 2.47431E-2 3.3735E-2 4.65723E-2 4.12144E-2 2.44035E-2
7.98259E-3 7.65078E-3 9.26524E-3 8.67506E-3 9.51753E-3 1.11907E-2 1.1949E-2 1.38391E-2 1.59264E-2 1.26915E-2 1.39279E-2 1.52994E-2 1.60273E-2 1.69494E-2 1.72625E-2 1.76879E-2 1.77005E-2 1.91132E-2 2.04121E-2 2.35273E-2 2.05247E-2 2.20458E-2 2.26764E-2 1.87705E-2 1.69473E-2 1.57524E-2 1.53438E-2 1.39459E-2 1.41509E-2 1.50969E-2 1.52101E-2 1.56175E-2 1.55624E-2 1.72028E-2 1.63463E-2 1.46451E-2 1.41668E-2 1.6138E-2 1.80784E-2 2.03046E-2 2.18697E-2 2.25376E-2 2.02038E-2 1.86684E-2 2.13916E-2 3.03233E-2 4.22782E-2 4.05985E-2 4.49952E-2 3.61161E-2 3.28688E-2 3.13196E-2 3.34547E-2 3.09817E-2 3.32003E-2 2.64433E-2 2.4576E-2 2.59299E-2 2.36088E-2 2.06347E-2 2.0301E-2
7.51543E-3 8.48713E-3 8.05331E-3 8.576E-3 1.03731E-2 1.10245E-2 1.27183E-2 1.32796E-2 1.55643E-2 1.5219E-2 1.50124E-2 1.67593E-2 1.76335E-2 1.84399E-2 1.85128E-2 1.87363E-2 1.8771E-2 1.92086E-2 1.92522E-2 2.23708E-2 1.82868E-2 1.85432E-2 1.93454E-2 1.95905E-2 1.75841E-2 1.61185E-2 1.48112E-2 1.49481E-2 1.73969E-2 1.71713E-2 1.65905E-2 1.69469E-2 1.78192E-2 1.72882E-2 1.68819E-2 1.63423E-2 1.72262E-2 2.03797E-2 2.3534E-2 2.39608E-2 2.42142E-2 2.28322E-2 2.04114E-2 1.87743E-2 1.89636E-2 2.55842E-2 2.89503E-2 2.99287E-2 2.80648E-2 2.71411E-2 2.92863E-2 3.31382E-2 3.2089E-2 3.22094E-2 3.38311E-2 2.90591E-2 1.77745E-2 1.53153E-2 1.48948E-2 1.4764E-2 1.49621E-2
8.21659E-3 8.71481E-3 8.38867E-3 8.46511E-3 1.21497E-2 1.37535E-2 1.35482E-2 1.51158E-2 1.62743E-2 1.56818E-2 1.65034E-2 1.83764E-2 1.94943E-2 1.98578E-2 2.00554E-2 2.03049E-2 2.00642E-2 1.97252E-2 2.03269E-2 2.06441E-2 2.07899E-2 1.92269E-2 2.00715E-2 2.12459E-2 1.96812E-2 1.81743E-2 1.60822E-2 1.52613E-2 1.55998E-2 1.52953E-2 1.59917E-2 1.76774E-2 1.91541E-2 2.00384E-2 2.01863E-2 2.09801E-2 2.35461E-2 2.92237E-2 3.00381E-2 2.41307E-2 2.39321E-2 2.56286E-2 2.19518E-2 1.99844E-2 2.03478E-2 1.93723E-2 1.89869E-2 1.74792E-2 1.59468E-2 1.62473E-2 2.05067E-2 2.32765E-2 2.49186E-2 2.49537E-2 2.27529E-2 1.71314E-2 1.48514E-2 1.46529E-2 1.45658E-2 1.49955E-2 1.6801E-2
9.2389E-3 1.05942E-2 9.84041E-3 8.84015E-3 1.0195E-2 1.15222E-2 1.51968E-2 1.71727E-2 1.86744E-2 1.71295E-2 1.81878E-2 2.01105E-2 2.08593E-2 2.12395E-2 2.16305E-2 2.16576E-2 2.13657E-2 2.03923E-2 2.40378E-2 1.919E-2 1.93891E-2 2.01467E-2 2.13994E-2 2.30163E-2 2.18824E-2 2.0159E-2 1.76196E-2 1.6323E-2 1.59455E-2 1.53015E-2 1.66916E-2 2.01102E-2 2.19019E-2 2.38971E-2 2.44042E-2 2.91196E-2 3.19494E-2 3.35853E-2 3.15344E-2 2.10735E-2 2.43295E-2 2.67668E-2 2.54531E-2 2.17995E-2 2.02986E-2 1.9395E-2 1.63555E-2 1.4696E-2 1.48518E-2 1.51705E-2 1.5446E-2 1.56742E-2 1.61091E-2 1.60377E-2 1.57197E-2 1.5581E-2 1.52061E-2 1.5089E-2 1.62125E-2 1.68862E-2 1.62902E-2
9.82363E-3 1.34104E-2 1.11636E-2 1.01452E-2 1.12654E-2 1.30206E-2 1.60524E-2 1.80099E-2 2.05665E-2 1.85506E-2 1.92714E-2 2.10405E-2 2.20369E-2 2.26153E-2 2.31106E-2 2.25112E-2 2.15398E-2 2.32329E-2 2.16064E-2 1.87015E-2 1.90577E-2 2.08807E-2 2.52166E-2 2.29062E-2 2.17709E-2 2.0269E-2 1.83551E-2 1.73162E-2 1.74337E-2 1.73723E-2 1.81104E-2 1.91347E-2 2.14635E-2 2.61427E-2 2.8177E-2 3.04223E-2 3.28585E-2 2.99566E-2 2.82845E-2 2.71288E-2 3.27002E-2 3.3507E-2 2.87324E-2 2.32656E-2 1.86748E-2 1.58742E-2 1.54324E-2 1.56014E-2 1.59143E-2 1.62843E-2 1.64635E-2 1.66952E-2 1.68919E-2 1.67724E-2 1.61348E-2 1.70984E-2 1.81941E-2 1.70072E-2 1.40041E-2 1.38189E-2 1.30861E-2
1.19573E-2 1.05875E-2 1.04189E-2 1.0875E-2 1.11421E-2 1.34083E-2 1.76005E-2 2.11315E-2 2.69406E-2 2.54539E-2 2.03367E-2 2.14436E-2 2.28137E-2 2.35916E-2 2.36824E-2 2.27914E-2 2.41483E-2 2.09737E-2 1.92998E-2 1.97351E-2 1.97738E-2 2.09054E-2 2.30843E-2 2.18852E-2 2.1488E-2 2.09142E-2 1.95427E-2 1.79301E-2 1.86468E-2 1.90201E-2 2.02513E-2 2.17738E-2 2.0721E-2 2.14752E-2 2.5633E-2 2.86302E-2 2.94776E-2 2.64067E-2 2.72018E-2 2.63346E-2 3.44142E-2 3.13314E-2 2.72162E-2 1.96078E-2 1.73317E-2 1.67311E-2 1.67511E-2 1.67871E-2 1.71364E-2 1.75816E-2 1.77724E-2 1.81749E-2 1.84983E-2 1.91802E-2 1.97328E-2 1.9787E-2 1.62297E-2 1.39506E-2 1.3293E-2 1.4709E-2 1.52858E-2
1.17119E-2 1.16103E-2 1.13196E-2 1.25155E-2 1.2197E-2 1.51253E-2 1.85484E-2 2.39658E-2 2.96682E-2 3.43629E-2 2.44214E-2 2.11839E-2 2.26924E-2 2.34047E-2 2.29162E-2 2.27971E-2 2.84749E-2 2.17386E-2 2.18981E-2 2.26729E-2 2.36194E-2 2.44626E-2 2.39834E-2 2.35115E-2 2.1781E-2 2.13822E-2 2.03563E-2 1.88334E-2 1.84806E-2 1.79575E-2 1.92479E-2 1.9263E-2 1.94869E-2 2.15457E-2 2.55911E-2 3.0443E-2 2.70059E-2 2.24024E-2 2.2605E-2 2.11712E-2 2.18117E-2 2.26297E-2 2.06304E-2 1.96592E-2 1.8819E-2 1.83328E-2 1.84516E-2 1.82292E-2 1.86006E-2 1.96519E-2 2.11483E-2 2.21151E-2 2.19101E-2 2.16691E-2 1.88504E-2 1.73016E-2 1.69349E-2 1.524E-2 1.42508E-2 1.40471E-2 1.32439E-2
1.22923E-2 1.17929E-2 1.21492E-2 1.25471E-2 1.38882E-2 1.7548E-2 2.06057E-2 2.54338E-2 2.89414E-2 3.43688E-2 3.0864E-2 2.5666E-2 2.22824E-2 2.45754E-2 2.64291E-2 2.76849E-2 2.3951E-2 2.22878E-2 2.71188E-2 2.66437E-2 2.57302E-2 2.50809E-2 2.39495E-2 2.38153E-2 2.26017E-2 2.2982E-2 2.07622E-2 1.88469E-2 1.83151E-2 1.75882E-2 1.76873E-2 1.79375E-2 1.92983E-2 2.5778E-2 3.16447E-2 2.97389E-2 2.47712E-2 2.22247E-2 2.14758E-2 2.21444E-2 2.34417E-2 2.25308E-2 2.15625E-2 2.13124E-2 2.05136E-2 1.99421E-2 2.00412E-2 2.44815E-2 2.63258E-2 2.27668E-2 2.22133E-2 2.12824E-2 1.91154E-2 1.88554E-2 1.70718E-2 1.62496E-2 1.57207E-2 1.44843E-2 1.34372E-2 1.36172E-2 1.30976E-2
1.21639E-2 1.24811E-2 1.30934E-2 1.48715E-2 1.68116E-2 1.66655E-2 2.01608E-2 2.55868E-2 2.36581E-2 2.87222E-2 3.16137E-2 3.15481E-2 3.03275E-2 2.90972E-2 2.50021E-2 2.31314E-2 2.17422E-2 2.16768E-2 2.57245E-2 2.46028E-2 2.61853E-2 2.4886E-2 2.32287E-2 2.48607E-2 2.40113E-2 2.19726E-2 2.07511E-2 1.8299E-2 1.88598E-2 1.80329E-2 1.76609E-2 1.81669E-2 2.20058E-2 2.87553E-2 3.24643E-2 2.82572E-2 3.04936E-2 2.95142E-2 2.62412E-2 2.63705E-2 2.33249E-2 2.36017E-2 2.36675E-2 2.51799E-2 2.46853E-2 2.42531E-2 2.79511E-2 2.73366E-2 2.17284E-2 2.04627E-2 2.11963E-2 1.89382E-2 1.85467E-2 1.94991E-2 1.6163E-2 1.61733E-2 1.53321E-2 1.40612E-2 1.396E-2 1.41609E-2 1.23335E-2
1.37723E-2 1.48267E-2 1.57123E-2 1.83755E-2 1.69251E-2 1.92431E-2 2.66826E-2 2.18585E-2 1.92132E-2 2.1754E-2 2.38493E-2 2.66367E-2 2.55487E-2 2.35202E-2 2.07461E-2 2.05073E-2 2.01826E-2 2.33902E-2 2.26978E-2 2.31145E-2 2.32276E-2 2.72169E-2 2.45582E-2 2.50301E-2 2.43278E-2 2.28934E-2 2.13665E-2 2.04479E-2 1.92218E-2 2.02361E-2 1.941E-2 2.0582E-2 2.21014E-2 2.45234E-2 2.49906E-2 2.70215E-2 2.79922E-2 3.26536E-2 3.19382E-2 3.18243E-2 2.96011E-2 2.85086E-2 3.06741E-2 3.41453E-2 3.37495E-2 3.43092E-2 3.27648E-2 2.75693E-2 2.35643E-2 2.16094E-2 2.01847E-2 2.10646E-2 1.5997E-2 1.50256E-2 1.48776E-2 1.57001E-2 1.67233E-2 1.64545E-2 1.4572E-2 1.28621E-2 1.12697E-2
1.95821E-2 1.87597E-2 2.02064E-2 2.03059E-2 2.34818E-2 2.05423E-2 2.81178E-2 2.23946E-2 1.99117E-2 1.98065E-2 2.204E-2 2.36442E-2 2.30813E-2 2.20418E-2 2.26973E-2 2.33723E-2 2.49741E-2 2.63062E-2 2.42572E-2 2.4136E-2 2.57291E-2 2.74777E-2 2.52565E-2 2.47507E-2 2.45905E-2 2.70047E-2 2.40028E-2 2.08824E-2 2.22045E-2 2.42849E-2 2.26158E-2 2.18047E-2 2.15442E-2 2.29535E-2 2.63572E-2 2.61739E-2 2.57447E-2 2.75157E-2 2.71398E-2 2.61868E-2 2.79343E-2 2.63252E-2 2.68639E-2 2.86862E-2 3.01919E-2 2.82568E-2 2.97448E-2 2.9179E-2 2.43022E-2 2.21232E-2 1.9944E-2 2.06728E-2 1.67564E-2 1.702E-2 1.37745E-2 1.37772E-2 1.46948E-2 1.56891E-2 1.26579E-2 1.18316E-2 1.20832E-2
2.01524E-2 1.82625E-2 1.98494E-2 2.18878E-2 1.95244E-2 2.02706E-2 2.0485E-2 2.09559E-2 2.29178E-2 2.40287E-2 2.43036E-2 2.41809E-2 2.3837E-2 2.32953E-2 2.26224E-2 2.14315E-2 2.35784E-2 2.35028E-2 2.51678E-2 2.65461E-2 2.6633E-2 2.50603E-2 2.43076E-2 2.46414E-2 2.80961E-2 3.13221E-2 2.39699E-2 2.24567E-2 2.24234E-2 2.48261E-2 2.67156E-2 2.54549E-2 2.42328E-2 2.64342E-2 2.83692E-2 2.58144E-2 2.64413E-2 2.63971E-2 2.55925E-2 2.57135E-2 2.41609E-2 2.42349E-2 2.51754E-2 2.54378E-2 2.51899E-2 2.5053E-2 2.97238E-2 2.80029E-2 2.28347E-2 2.21753E-2 2.05857E-2 2.01687E-2 1.78379E-2 1.5548E-2 1.40298E-2 1.31545E-2 1.3793E-2 1.49519E-2 1.38252E-2 1.16774E-2 1.15202E-2
1.98435E-2 1.91328E-2 2.02723E-2 2.19545E-2 2.2633E-2 2.11321E-2 2.06371E-2 2.11174E-2 2.29387E-2 2.40902E-2 2.38372E-2 2.41242E-2 2.42276E-2 2.44272E-2 2.40303E-2 2.46943E-2 2.46661E-2 2.56447E-2 2.68643E-2 2.75202E-2 2.72019E-2 2.62004E-2 2.62912E-2 2.66232E-2 2.6625E-2 2.72853E-2 2.76722E-2 2.65119E-2 2.52761E-2 2.51677E-2 2.67469E-2 2.72085E-2 2.82402E-2 2.69741E-2 2.68181E-2 2.64054E-2 2.70472E-2 2.61661E-2 2.42816E-2 2.33772E-2 2.31842E-2 2.34232E-2 2.27996E-2 2.26613E-2 2.19007E-2 2.15879E-2 2.48146E-2 2.44021E-2 2.00484E-2 2.02305E-2 1.76644E-2 1.59788E-2 1.56762E-2 1.51516E-2 1.5774E-2 1.67403E-2 1.44759E-2 1.42809E-2 1.54904E-2 1.50554E-2 1.3329E-2
2.24034E-2 2.30065E-2 2.21511E-2 2.28873E-2 2.42863E-2 2.37153E-2 2.32302E-2 2.36022E-2 2.55804E-2 2.7154E-2 2.5616E-2 2.43711E-2 2.4733E-2 2.53213E-2 2.64305E-2 2.95233E-2 2.86605E-2 2.98283E-2 3.03178E-2 3.08619E-2 2.95106E-2 2.77555E-2 2.84335E-2 2.61313E-2 2.63749E-2 2.69953E-2 2.79637E-2 2.81041E-2 2.75701E-2 2.67316E-2 3.05627E-2 3.34711E-2 2.97556E-2 2.67863E-2 2.70108E-2 2.77103E-2 2.73553E-2 2.54851E-2 2.41861E-2 2.3928E-2 2.42227E-2 2.40344E-2 2.19405E-2 2.16241E-2 2.21372E-2 2.05393E-2 2.1031E-2 2.36469E-2 2.00845E-2 1.81909E-2 1.62177E-2 1.65218E-2 1.72945E-2 1.7955E-2 1.81809E-2 1.69819E-2 1.62573E-2 1.51113E-2 1.58689E-2 1.48167E-2 1.36766E-2
2.8011E-2 2.91337E-2 2.88469E-2 2.56249E-2 2.56641E-2 2.53373E-2 2.48899E-2 2.64E-2 2.57868E-2 2.59406E-2 2.51622E-2 2.5188E-2 2.53441E-2 2.66266E-2 2.88076E-2 3.23052E-2 3.08304E-2 3.00024E-2 2.94577E-2 2.89661E-2 2.79912E-2 2.76993E-2 2.80037E-2 2.71812E-2 2.63143E-2 2.76804E-2 2.87315E-2 2.7761E-2 3.18973E-2 3.37609E-2 2.90702E-2 2.84768E-2 2.74485E-2 2.63046E-2 2.66541E-2 2.69964E-2 2.74597E-2 2.49702E-2 2.3487E-2 2.29417E-2 2.1633E-2 2.20768E-2 2.24855E-2 2.31794E-2 2.27004E-2 2.03501E-2 2.10169E-2 2.24458E-2 2.24772E-2 1.87839E-2 1.80126E-2 1.95703E-2 2.09734E-2 2.13625E-2 2.25421E-2 2.26973E-2 2.17236E-2 1.97774E-2 1.77125E-2 1.55016E-2 1.52213E-2
