data/maxent/outputs/red_176.asc
ncols         426
nrows         180
xllcorner     -130.0
yllcorner     24.0
cellsize      0.16666666666666666
NODATA_value  -9999
[rows 0 to 26 of 180, columns 244 to 304 of 426]
1.49699E-2 1.42284E-2 1.48124E-2 1.40814E-2 1.32812E-2 1.33136E-2 1.31973E-2 1.31634E-2 1.34407E-2 1.38065E-2 1.36147E-2 1.33097E-2 1.25853E-2 1.24998E-2 1.30972E-2 1.29348E-2 1.28663E-2 1.19036E-2 1.18105E-2 1.19077E-2 1.19835E-2 1.1424E-2 1.12343E-2 1.15263E-2 1.09092E-2 1.10023E-2 1.1072E-2 1.00842E-2 1.04836E-2 1.05122E-2 9.83803E-3 9.80859E-3 1.0047E-2 1.04271E-2 1.03827E-2 1.08457E-2 1.07862E-2 1.08062E-2 1.1517E-2 1.12943E-2 1.04049E-2 9.38273E-3 9.38519E-3 9.22558E-3 -9999 -9999 -9999 -9999 -9999 -9999 -9999 -9999 -9999 -9999 -9999 -9999 1.31423E-1 -9999 -9999 -9999 -9999
1.68058E-2 1.62006E-2 1.58552E-2 1.45712E-2 1.41534E-2 1.37519E-2 1.38179E-2 1.30959E-2 1.37176E-2 1.3686E-2 1.42766E-2 1.44879E-2 1.3995E-2 1.32229E-2 1.31212E-2 1.36953E-2 1.44267E-2 1.4199E-2 1.38437E-2 1.39078E-2 1.30241E-2 1.35212E-2 1.34165E-2 1.22934E-2 1.178E-2 1.23309E-2 1.23621E-2 1.27409E-2 1.12968E-2 1.2076E-2 1.21047E-2 1.22785E-2 1.20809E-2 1.19635E-2 1.19981E-2 1.18495E-2 1.20892E-2 1.22629E-2 1.28091E-2 1.27831E-2 1.30207E-2 1.09137E-2 1.00459E-2 9.25191E-3 -9999 -9999 -9999 -9999 -9999 -9999 -9999 -9999 -9999 -9999 -9999 -9999 -9999 -9999 -9999 -9999 1.2416E-1
1.72366E-2 1.79659E-2 1.7599E-2 1.711E-2 1.76533E-2 1.72859E-2 1.77852E-2 1.60143E-2 1.60894E-2 1.40169E-2 1.41603E-2 1.40128E-2 1.44792E-2 1.49304E-2 1.49255E-2 1.51903E-2 1.54878E-2 1.58183E-2 1.48621E-2 1.50127E-2 1.39762E-2 1.35201E-2 1.42051E-2 1.37488E-2 1.30691E-2 1.32568E-2 1.25989E-2 1.28834E-2 1.26012E-2 1.25411E-2 1.29319E-2 1.34667E-2 1.3579E-2 1.39729E-2 1.33062E-2 1.32719E-2 1.42076E-2 1.43209E-2 1.40321E-2 1.37848E-2 1.38198E-2 1.11601E-2 1.04515E-2 -9999 -9999 -9999 -9999 -9999 -9999 -9999 -9999 -9999 -9999 -9999 -9999 -9999 -9999 2.14691E-2 -9999 -9999 2.84521E-1
1.96143E-2 1.93168E-2 1.80724E-2 1.86904E-2 1.68817E-2 1.58746E-2 1.58179E-2 1.62628E-2 1.5832E-2 1.45284E-2 1.4321E-2 1.38214E-2 1.4447E-2 1.48958E-2 1.538E-2 1.58716E-2 1.62848E-2 1.61649E-2 1.61113E-2 1.52221E-2 1.47952E-2 1.43376E-2 1.45742E-2 1.47832E-2 1.37524E-2 1.36354E-2 1.41478E-2 1.41043E-2 1.38816E-2 1.40791E-2 1.42851E-2 1.47218E-2 1.49252E-2 1.53075E-2 1.5036E-2 1.60075E-2 1.55859E-2 1.53743E-2 1.57106E-2 1.47336E-2 1.60649E-2 1.53405E-2 1.31703E-2 1.26046E-2 -9999 -9999 -9999 -9999 -9999 -9999 -9999 -9999 -9999 -9999 -9999 1.67355E-2 2.67394E-2 7.69096E-2 -9999 -9999 -9999
1.97252E-2 1.99477E-2 2.05699E-2 1.9943E-2 1.71421E-2 1.78763E-2 1.78396E-2 1.72039E-2 1.71246E-2 1.66478E-2 1.58468E-2 1.50308E-2 1.52308E-2 1.56941E-2 1.55441E-2 1.58441E-2 1.6443E-2 1.70712E-2 1.67449E-2 1.67453E-2 1.65534E-2 1.57528E-2 1.63389E-2 1.58108E-2 1.56367E-2 1.59088E-2 1.60635E-2 1.61108E-2 1.64075E-2 1.57132E-2 1.53765E-2 1.6194E-2 1.67694E-2 1.7372E-2 1.68008E-2 1.70536E-2 1.78167E-2 1.84717E-2 1.70627E-2 1.75636E-2 1.80777E-2 1.63322E-2 1.58556E-2 1.50141E-2 -9999 1.61304E-2 1.59107E-2 1.48874E-2 1.39661E-2 1.38113E-2 -9999 -9999 -9999 -9999 -9999 1.94756E-2 1.02288E-1 2.44029E-1 2.71364E-1 -9999 -9999
2.22865E-2 2.29714E-2 2.2247E-2 2.27919E-2 1.99581E-2 2.00227E-2 2.00154E-2 1.97639E-2 1.89117E-2 1.89035E-2 1.82534E-2 1.92696E-2 1.67369E-2 1.61377E-2 1.63002E-2 1.63962E-2 1.74564E-2 1.75859E-2 1.83964E-2 1.84969E-2 1.77905E-2 1.6612E-2 1.68721E-2 1.77047E-2 1.81772E-2 1.70487E-2 1.69846E-2 1.70694E-2 1.74015E-2 1.83746E-2 1.77707E-2 1.84715E-2 1.86063E-2 1.93088E-2 1.95512E-2 1.92528E-2 1.97149E-2 1.89522E-2 1.74945E-2 1.71829E-2 1.76416E-2 1.75051E-2 1.62395E-2 1.72306E-2 1.7602E-2 1.77042E-2 1.78704E-2 1.68138E-2 1.68137E-2 1.6908E-2 1.64307E-2 1.13831E-1 -9999 -9999 -9999 -9999 2.60385E-2 3.0035E-2 -9999 -9999 -9999
3.09166E-2 2.8916E-2 2.44527E-2 2.33064E-2 2.35966E-2 2.13714E-2 2.27999E-2 2.18228E-2 2.28011E-2 2.14437E-2 2.00297E-2 2.51477E-2 2.03977E-2 1.84684E-2 1.78902E-2 1.7668E-2 1.8764E-2 1.88726E-2 1.90912E-2 1.95309E-2 1.94253E-2 1.94325E-2 1.90692E-2 1.81461E-2 1.9077E-2 1.88509E-2 1.90513E-2 1.90534E-2 1.82067E-2 1.94065E-2 2.02106E-2 2.08888E-2 2.1787E-2 2.04674E-2 2.11956E-2 2.18769E-2 2.11814E-2 1.92799E-2 1.83838E-2 1.84769E-2 1.85482E-2 1.90376E-2 1.91348E-2 2.25374E-2 1.76901E-2 1.83534E-2 1.73981E-2 2.06271E-2 2.16966E-2 2.27001E-2 2.09819E-2 1.73311E-2 -9999 -9999 -9999 -9999 -9999 -9999 -9999 -9999 -9999
2.57244E-2 2.43459E-2 2.51911E-2 2.54737E-2 2.56331E-2 2.25494E-2 2.1584E-2 2.25341E-2 2.25041E-2 2.10839E-2 2.18653E-2 2.16236E-2 2.03556E-2 1.91341E-2 1.9026E-2 1.91101E-2 1.92467E-2 1.98154E-2 2.00387E-2 1.98933E-2 2.04871E-2 2.09319E-2 2.07469E-2 2.02242E-2 2.136E-2 2.10878E-2 2.11464E-2 2.07012E-2 2.13538E-2 2.1813E-2 2.15509E-2 2.26776E-2 2.39402E-2 2.38893E-2 2.4864E-2 2.47912E-2 2.45786E-2 2.26868E-2 2.29029E-2 2.14327E-2 1.96903E-2 2.08856E-2 2.14223E-2 2.23829E-2 2.04623E-2 -9999 -9999 -9999 1.94648E-2 2.17736E-2 2.43212E-2 2.10842E-2 -9999 -9999 -9999 -9999 -9999 -9999 -9999 -9999 1.77664E-1
2.54926E-2 2.3999E-2 2.33964E-2 2.28858E-2 2.19095E-2 2.2853E-2 2.34271E-2 2.43451E-2 2.68838E-2 2.40248E-2 2.3584E-2 2.25737E-2 2.16824E-2 1.98411E-2 2.01031E-2 2.13263E-2 2.09462E-2 2.13855E-2 2.10889E-2 2.15632E-2 2.26618E-2 2.32115E-2 2.24014E-2 2.14044E-2 2.12775E-2 2.2031E-2 2.18059E-2 2.17856E-2 2.4007E-2 2.51936E-2 2.57969E-2 2.56662E-2 2.58885E-2 2.41473E-2 2.49229E-2 2.81546E-2 2.87546E-2 2.77231E-2 2.73864E-2 2.58303E-2 2.34063E-2 2.25788E-2 2.40907E-2 2.35807E-2 2.08902E-2 2.08039E-2 2.78141E-2 -9999 -9999 -9999 -9999 -9999 -9999 -9999 -9999 -9999 -9999 -9999 8.34615E-2 -9999 1.81445E-1
2.69967E-2 2.70574E-2 2.66306E-2 2.59657E-2 2.46277E-2 2.42978E-2 2.25624E-2 2.4064E-2 2.33343E-2 2.40763E-2 2.35056E-2 2.37782E-2 2.29917E-2 2.22636E-2 2.12056E-2 2.24702E-2 2.34766E-2 2.33257E-2 2.33097E-2 2.3768E-2 2.39227E-2 2.42742E-2 2.4266E-2 2.26697E-2 2.42011E-2 2.19459E-2 2.33115E-2 2.39895E-2 2.62E-2 2.71294E-2 2.84038E-2 2.87222E-2 2.9218E-2 2.754E-2 2.8296E-2 3.08358E-2 3.12537E-2 3.0849E-2 3.18851E-2 3.11852E-2 2.89491E-2 3.13257E-2 3.18799E-2 2.78537E-2 2.71088E-2 2.72209E-2 2.74562E-2 -9999 -9999 -9999 -9999 -9999 -9999 -9999 -9999 -9999 -9999 -9999 -9999 -9999 -9999
2.87537E-2 2.92385E-2 2.85943E-2 2.9104E-2 2.85466E-2 3.12331E-2 2.86797E-2 2.82797E-2 3.30707E-2 2.68146E-2 2.68757E-2 2.74838E-2 2.56437E-2 2.47559E-2 2.33543E-2 2.44917E-2 2.47305E-2 2.50484E-2 2.50045E-2 2.46652E-2 2.54751E-2 2.55823E-2 2.53845E-2 2.5938E-2 2.99272E-2 2.52805E-2 2.52162E-2 2.53468E-2 2.84193E-2 3.00547E-2 3.09182E-2 3.15688E-2 3.10706E-2 3.1198E-2 3.34174E-2 3.32074E-2 3.39869E-2 3.61538E-2 3.57882E-2 3.5073E-2 3.73457E-2 3.69291E-2 3.55607E-2 3.14283E-2 2.93125E-2 2.85869E-2 2.8772E-2 9.04812E-2 -9999 -9999 -9999 -9999 -9999 -9999 -9999 -9999 -9999 -9999 6.1756E-2 3.32442E-2 -9999
3.32862E-2 3.10872E-2 2.9622E-2 3.02109E-2 3.12731E-2 3.20776E-2 2.99409E-2 2.81842E-2 2.79875E-2 2.73405E-2 2.68677E-2 2.72108E-2 2.81235E-2 2.67308E-2 2.63262E-2 2.67737E-2 2.64664E-2 2.6721E-2 2.77498E-2 2.77477E-2 2.69421E-2 2.73748E-2 2.83134E-2 2.76311E-2 2.83301E-2 2.82472E-2 2.99573E-2 3.03978E-2 3.16097E-2 3.11502E-2 3.02909E-2 2.97436E-2 3.08511E-2 3.4085E-2 3.50308E-2 3.93568E-2 3.93495E-2 4.06658E-2 3.99149E-2 4.15596E-2 4.10344E-2 3.80185E-2 3.7935E-2 3.42388E-2 3.42033E-2 3.66818E-2 3.17426E-2 3.11805E-2 3.23887E-2 3.20468E-2 3.39708E-2 -9999 -9999 -9999 -9999 -9999 -9999 -9999 3.76091E-2 4.35431E-2 4.02461E-2
3.34767E-2 3.23784E-2 3.15521E-2 3.22252E-2 3.2724E-2 2.93642E-2 3.16122E-2 2.8994E-2 2.81966E-2 2.80869E-2 2.60984E-2 2.58221E-2 2.65059E-2 2.67496E-2 2.81771E-2 2.90163E-2 2.93936E-2 2.92884E-2 3.00642E-2 3.00674E-2 3.10936E-2 2.99457E-2 2.94532E-2 3.01531E-2 3.14751E-2 3.2015E-2 3.22048E-2 3.28102E-2 3.26815E-2 3.26981E-2 3.28135E-2 3.23812E-2 3.25808E-2 3.48731E-2 3.6857E-2 3.89923E-2 4.26282E-2 4.25516E-2 4.24775E-2 4.2335E-2 4.22459E-2 4.21308E-2 4.38565E-2 4.13177E-2 4.0694E-2 4.1594E-2 4.03265E-2 4.06336E-2 3.96483E-2 3.93031E-2 3.53011E-2 2.95303E-2 -9999 -9999 -9999 -9999 -9999 -9999 4.59061E-2 4.67927E-2 3.68223E-2
3.69257E-2 3.41858E-2 3.44679E-2 3.20252E-2 3.28963E-2 3.13425E-2 3.0038E-2 2.98375E-2 2.75797E-2 2.71655E-2 2.63487E-2 2.63522E-2 2.82252E-2 2.94162E-2 2.95178E-2 3.0322E-2 3.14128E-2 3.22548E-2 3.31894E-2 3.33925E-2 3.3658E-2 3.40049E-2 3.28772E-2 3.35744E-2 3.3763E-2 3.31252E-2 3.22959E-2 3.33509E-2 3.49995E-2 3.57053E-2 3.77033E-2 3.65175E-2 3.47719E-2 3.7129E-2 3.94341E-2 4.05389E-2 4.2183E-2 4.31814E-2 4.40094E-2 4.57373E-2 4.64035E-2 4.67436E-2 4.77785E-2 4.59666E-2 4.77384E-2 4.66855E-2 4.57444E-2 4.48396E-2 4.43662E-2 4.65605E-2 3.93361E-2 3.55431E-2 3.4861E-2 -9999 -9999 -9999 -9999 -9999 -9999 -9999 3.69468E-2
3.70209E-2 3.74922E-2 3.71702E-2 3.69074E-2 3.87436E-2 3.45264E-2 3.27784E-2 3.37841E-2 3.40392E-2 3.22474E-2 2.98562E-2 2.94015E-2 3.13561E-2 3.11054E-2 3.15395E-2 3.3319E-2 3.55971E-2 3.58628E-2 3.6454E-2 3.70273E-2 3.65587E-2 3.63654E-2 3.8323E-2 3.70887E-2 3.62876E-2 3.58854E-2 3.42069E-2 3.49052E-2 3.61519E-2 3.86211E-2 3.99197E-2 4.17085E-2 4.1804E-2 3.89664E-2 4.10201E-2 4.37836E-2 4.39055E-2 4.44492E-2 4.61096E-2 4.71996E-2 4.70025E-2 5.16832E-2 5.37654E-2 5.3265E-2 5.10477E-2 5.13627E-2 5.10756E-2 5.10336E-2 5.1447E-2 5.19088E-2 4.51481E-2 4.339E-2 4.30484E-2 4.70644E-2 -9999 -9999 -9999 -9999 5.86797E-2 6.4309E-2 7.207E-2
4.12736E-2 4.10795E-2 4.2174E-2 3.84206E-2 3.87918E-2 4.00208E-2 3.68561E-2 3.54148E-2 3.76967E-2 3.6637E-2 3.30122E-2 3.38085E-2 3.78691E-2 4.04965E-2 3.77716E-2 3.91938E-2 4.0322E-2 4.09216E-2 4.07769E-2 4.05853E-2 3.94978E-2 3.81923E-2 4.23862E-2 3.90267E-2 3.89049E-2 3.83994E-2 3.71406E-2 3.84873E-2 4.13083E-2 4.2918E-2 4.48547E-2 4.52771E-2 4.45516E-2 4.6161E-2 4.49107E-2 4.46778E-2 4.47374E-2 4.71329E-2 5.11347E-2 5.08954E-2 5.19863E-2 5.29458E-2 5.45374E-2 5.40111E-2 5.48427E-2 5.4003E-2 4.90793E-2 4.77402E-2 5.0023E-2 4.83588E-2 4.76866E-2 4.65332E-2 4.85137E-2 4.81203E-2 -9999 -9999 -9999 6.7758E-2 7.10732E-2 8.75378E-2 8.9143E-2
4.58946E-2 4.7719E-2 4.47903E-2 4.26636E-2 4.41742E-2 4.0047E-2 4.08106E-2 4.24794E-2 3.9351E-2 4.03654E-2 4.22565E-2 4.5803E-2 4.42499E-2 4.407E-2 4.41394E-2 4.33792E-2 4.54992E-2 4.6357E-2 4.58304E-2 4.49545E-2 4.29999E-2 4.23145E-2 4.20482E-2 3.97848E-2 3.93047E-2 4.19619E-2 4.21673E-2 4.12546E-2 4.13892E-2 4.51637E-2 4.76513E-2 4.8442E-2 4.78456E-2 4.65201E-2 4.77664E-2 4.81503E-2 4.71097E-2 4.7738E-2 5.1643E-2 5.18043E-2 5.48657E-2 5.41111E-2 5.33433E-2 5.41873E-2 5.26506E-2 5.25765E-2 5.15644E-2 5.30083E-2 5.24007E-2 5.16629E-2 5.245E-2 5.37801E-2 5.72656E-2 5.27078E-2 5.45846E-2 6.10548E-2 6.34258E-2 6.91984E-2 7.90485E-2 9.78167E-2 1.03265E-1
4.85839E-2 4.73227E-2 4.78224E-2 4.97896E-2 4.49748E-2 4.38039E-2 4.48483E-2 4.53999E-2 4.43363E-2 4.3379E-2 4.23649E-2 4.43372E-2 4.42474E-2 4.37307E-2 4.71294E-2 4.7812E-2 4.66576E-2 4.79687E-2 4.72993E-2 4.70327E-2 4.64197E-2 4.54159E-2 4.57084E-2 4.37999E-2 4.4215E-2 4.42776E-2 4.5692E-2 4.66639E-2 5.06206E-2 4.84233E-2 4.92126E-2 4.82809E-2 4.78631E-2 4.98853E-2 5.00827E-2 5.2273E-2 5.20071E-2 5.26955E-2 5.45267E-2 5.56223E-2 5.38944E-2 5.38042E-2 5.49913E-2 5.84896E-2 5.80495E-2 5.75557E-2 5.83099E-2 5.86998E-2 6.08188E-2 6.27624E-2 6.52424E-2 6.33704E-2 6.29389E-2 5.9183E-2 6.36948E-2 7.13657E-2 6.87269E-2 7.43292E-2 8.57105E-2 1.06447E-1 1.16262E-1
5.83117E-2 5.63787E-2 5.58465E-2 5.29048E-2 5.21712E-2 5.09133E-2 4.60302E-2 4.63726E-2 5.09872E-2 4.79323E-2 4.80329E-2 4.63408E-2 5.12442E-2 4.92779E-2 4.73414E-2 4.85963E-2 5.02536E-2 5.20055E-2 5.47764E-2 5.23495E-2 5.19773E-2 5.1568E-2 5.11106E-2 4.98702E-2 5.22535E-2 5.46225E-2 5.21405E-2 5.10891E-2 5.74781E-2 5.2381E-2 5.00146E-2 5.45703E-2 5.27241E-2 5.83681E-2 5.17102E-2 5.25907E-2 5.27966E-2 5.29295E-2 5.36607E-2 5.37117E-2 5.58394E-2 5.88177E-2 5.97644E-2 6.1392E-2 6.41354E-2 6.50142E-2 6.39572E-2 6.67968E-2 7.20719E-2 7.38245E-2 7.09234E-2 7.1882E-2 7.29898E-2 7.71576E-2 8.23996E-2 8.77548E-2 9.08341E-2 9.69596E-2 1.0558E-1 1.10441E-1 1.12772E-1
6.84323E-2 6.72607E-2 5.78167E-2 5.66667E-2 5.84391E-2 5.51738E-2 5.99164E-2 5.34758E-2 5.11543E-2 5.10251E-2 5.09697E-2 4.92454E-2 5.46611E-2 6.1389E-2 5.44263E-2 5.47765E-2 5.56367E-2 5.15195E-2 5.98884E-2 6.40481E-2 6.22345E-2 5.53209E-2 5.5093E-2 5.501E-2 5.78967E-2 5.81288E-2 5.98367E-2 5.95362E-2 5.90203E-2 5.88164E-2 5.63706E-2 5.64409E-2 5.46908E-2 5.53902E-2 5.48819E-2 5.1971E-2 5.03068E-2 5.11437E-2 5.09432E-2 5.49268E-2 5.98575E-2 6.25852E-2 6.41846E-2 6.79689E-2 7.03255E-2 7.14624E-2 7.25774E-2 7.63897E-2 7.83372E-2 8.06957E-2 7.78977E-2 7.87446E-2 7.62873E-2 7.52376E-2 7.65889E-2 8.38276E-2 9.33594E-2 1.02162E-1 1.09829E-1 1.16318E-1 1.13433E-1
6.77832E-2 6.46979E-2 6.17388E-2 6.18186E-2 6.02004E-2 5.84079E-2 5.90746E-2 5.67665E-2 5.72008E-2 5.50013E-2 5.97617E-2 6.34125E-2 5.69791E-2 5.75193E-2 5.75594E-2 5.93274E-2 6.0828E-2 5.6998E-2 5.87975E-2 6.24136E-2 6.03464E-2 5.88793E-2 5.86284E-2 6.07426E-2 5.77097E-2 5.57875E-2 5.63176E-2 6.00429E-2 7.0523E-2 6.46885E-2 6.20192E-2 5.97116E-2 5.5879E-2 5.5712E-2 5.49983E-2 5.13424E-2 5.15063E-2 5.35082E-2 5.40672E-2 5.87989E-2 6.69154E-2 6.99952E-2 7.06762E-2 7.52439E-2 7.65115E-2 7.59928E-2 8.17411E-2 8.22816E-2 8.05513E-2 8.02812E-2 7.89217E-2 7.44994E-2 6.85248E-2 6.55975E-2 6.35573E-2 6.81536E-2 7.66221E-2 8.53254E-2 9.75842E-2 1.08133E-1 1.12628E-1
7.4327E-2 7.49648E-2 7.0589E-2 6.71944E-2 6.64328E-2 6.60464E-2 6.21102E-2 6.26244E-2 6.10284E-2 6.05238E-2 6.46672E-2 6.89104E-2 6.87719E-2 6.71487E-2 6.75296E-2 6.38886E-2 6.11775E-2 6.2224E-2 5.90024E-2 6.26903E-2 6.56771E-2 6.62561E-2 6.40553E-2 6.13345E-2 6.07887E-2 6.33012E-2 6.35702E-2 6.69855E-2 7.42238E-2 7.49536E-2 6.75994E-2 6.32514E-2 6.27715E-2 6.18412E-2 5.89201E-2 5.82848E-2 5.82153E-2 5.88381E-2 6.17024E-2 7.00603E-2 7.77629E-2 7.65318E-2 7.94453E-2 7.78803E-2 8.12289E-2 8.45064E-2 8.59602E-2 8.33789E-2 7.8338E-2 7.43095E-2 6.90697E-2 6.45493E-2 6.32278E-2 6.30688E-2 6.8811E-2 6.64431E-2 7.12783E-2 7.67491E-2 8.32617E-2 9.05112E-2 9.85764E-2
7.70561E-2 7.8978E-2 8.32747E-2 9.614E-2 1.1261E-1 9.50684E-2 7.96763E-2 6.89274E-2 6.72325E-2 6.31468E-2 6.41917E-2 6.7297E-2 6.41696E-2 6.38093E-2 7.11176E-2 6.81022E-2 6.8184E-2 6.50377E-2 6.46994E-2 6.23581E-2 6.75959E-2 7.49704E-2 7.66291E-2 7.43873E-2 7.35348E-2 7.45949E-2 7.66109E-2 7.71591E-2 7.27531E-2 7.79879E-2 7.81351E-2 7.71306E-2 7.305E-2 6.60962E-2 6.4784E-2 6.45604E-2 7.06209E-2 6.92968E-2 7.15451E-2 7.62643E-2 8.32627E-2 8.36685E-2 8.21993E-2 8.96994E-2 8.50879E-2 8.57396E-2 9.09189E-2 8.17292E-2 7.41727E-2 6.56893E-2 6.45058E-2 6.27089E-2 6.52606E-2 6.66815E-2 7.08542E-2 6.83598E-2 7.33679E-2 7.80984E-2 8.01306E-2 8.40546E-2 8.70794E-2
9.30756E-2 9.6066E-2 1.09882E-1 1.44433E-1 1.39273E-1 1.39471E-1 1.20212E-1 8.18095E-2 6.87327E-2 6.80718E-2 6.71549E-2 7.93394E-2 6.70983E-2 7.32461E-2 7.87008E-2 6.85369E-2 6.90909E-2 6.58083E-2 7.06847E-2 6.82827E-2 6.6344E-2 7.7473E-2 8.3291E-2 8.90044E-2 8.90073E-2 8.56459E-2 7.9004E-2 7.80889E-2 8.57583E-2 8.59317E-2 8.96774E-2 9.42169E-2 7.9078E-2 7.23986E-2 7.0855E-2 6.89896E-2 7.8734E-2 8.31331E-2 8.25048E-2 8.16881E-2 8.57259E-2 9.28598E-2 9.38251E-2 9.67112E-2 8.6164E-2 8.39814E-2 8.22178E-2 7.44897E-2 6.99839E-2 6.56261E-2 6.50176E-2 6.62572E-2 6.67509E-2 6.5168E-2 6.65397E-2 6.91715E-2 7.23015E-2 7.71029E-2 7.94219E-2 8.25025E-2 8.56304E-2
1.09075E-1 1.08432E-1 1.90559E-1 1.97386E-1 2.11329E-1 1.97102E-1 2.02022E-1 2.18798E-1 8.53659E-2 7.1185E-2 8.26451E-2 8.68764E-2 8.45513E-2 7.76633E-2 7.84072E-2 7.7366E-2 7.14206E-2 7.38102E-2 9.7334E-2 8.07241E-2 7.93145E-2 7.73088E-2 8.18951E-2 8.55704E-2 8.82605E-2 8.39421E-2 8.69162E-2 9.10817E-2 9.47897E-2 9.93144E-2 9.19565E-2 9.86787E-2 9.16852E-2 7.92446E-2 8.01223E-2 8.06676E-2 7.89414E-2 7.49787E-2 7.7944E-2 7.73311E-2 8.32196E-2 8.36217E-2 8.82813E-2 9.20306E-2 8.29562E-2 7.43246E-2 8.30443E-2 7.76049E-2 7.14487E-2 7.17701E-2 7.0011E-2 6.96677E-2 7.01217E-2 7.16569E-2 7.12813E-2 7.2059E-2 7.23033E-2 7.8686E-2 8.58411E-2 8.80779E-2 8.91707E-2
1.11167E-1 1.34483E-1 2.19085E-1 2.24608E-1 2.17694E-1 2.10026E-1 1.98954E-1 2.2826E-1 9.3923E-2 7.96948E-2 8.34869E-2 8.00905E-2 8.38183E-2 8.04067E-2 9.14861E-2 7.95254E-2 8.86442E-2 6.74891E-2 7.77519E-2 1.04104E-1 9.17916E-2 9.0014E-2 9.42977E-2 9.77906E-2 9.15968E-2 8.59966E-2 8.32237E-2 8.10114E-2 8.74254E-2 8.71148E-2 9.5203E-2 9.86025E-2 9.71396E-2 8.89036E-2 8.88168E-2 8.93235E-2 7.77199E-2 7.1712E-2 7.2617E-2 7.75834E-2 7.99849E-2 8.68232E-2 8.95261E-2 8.7791E-2 8.07962E-2 7.67019E-2 7.81069E-2 7.69445E-2 7.32753E-2 7.51732E-2 7.52987E-2 7.32482E-2 7.39149E-2 7.34283E-2 7.60753E-2 7.71455E-2 7.58614E-2 7.82656E-2 8.37768E-2 8.90102E-2 9.13281E-2
1.11316E-1 1.26103E-1 2.12519E-1 2.3937E-1 2.59947E-1 2.7143E-1 2.64246E-1 1.68627E-1 8.00505E-2 6.9432E-2 6.78417E-2 7.42189E-2 7.33627E-2 8.85132E-2 1.13026E-1 1.64977E-1 9.68805E-2 9.32924E-2 8.07632E-2 8.5701E-2 8.12697E-2 9.43627E-2 9.68466E-2 8.85113E-2 7.8429E-2 7.86796E-2 8.49529E-2 8.40565E-2 9.39803E-2 9.16739E-2 9.79871E-2 9.61882E-2 9.83918E-2 9.82277E-2 9.57683E-2 9.11741E-2 8.70017E-2 8.23847E-2 8.32551E-2 8.15821E-2 8.496E-2 9.11037E-2 9.34817E-2 8.49727E-2 7.73986E-2 8.31445E-2 8.35801E-2 8.91022E-2 8.0279E-2 7.87431E-2 8.23557E-2 8.24717E-2 7.55968E-2 7.77193E-2 8.07131E-2 8.2877E-2 8.34215E-2 8.40537E-2 8.62257E-2 9.18281E-2 9.06847E-2
