data/maxent/outputs/red_145.asc
ncols         426
nrows         180
xllcorner     -130.0
yllcorner     24.0
cellsize      0.16666666666666666
NODATA_value  -9999
[rows 27 to 53 of 180, columns 122 to 182 of 426]
1.75735E-1 1.74545E-1 1.74146E-1 1.77059E-1 1.99862E-1 1.95479E-1 1.76788E-1 1.72122E-1 1.61987E-1 1.44058E-1 1.3901E-1 1.3424E-1 1.42141E-1 1.72597E-1 1.9212E-1 1.95226E-1 2.00615E-1 2.02476E-1 2.26204E-1 2.43945E-1 2.46989E-1 2.42452E-1 2.4454E-1 2.55089E-1 2.43868E-1 2.26042E-1 2.0966E-1 2.13689E-1 2.51525E-1 2.47192E-1 2.68668E-1 2.63724E-1 2.57418E-1 2.44651E-1 2.01404E-1 1.7767E-1 1.6909E-1 1.72632E-1 1.68425E-1 1.60417E-1 1.5261E-1 1.42419E-1 1.36376E-1 1.29697E-1 1.24564E-1 1.30911E-1 1.37608E-1 1.49862E-1 1.50189E-1 1.4498E-1 1.44149E-1 1.41181E-1 1.44218E-1 1.46563E-1 1.39691E-1 1.32381E-1 1.27844E-1 1.19142E-1 1.21055E-1 1.20535E-1 1.23596E-1
1.34538E-1 1.43773E-1 1.63088E-1 1.69928E-1 1.76757E-1 1.69276E-1 1.5538E-1 1.3658E-1 1.2915E-1 1.18844E-1 1.14854E-1 1.17039E-1 1.16941E-1 1.3353E-1 1.54755E-1 1.84251E-1 1.98604E-1 2.03201E-1 2.00876E-1 2.04166E-1 2.1717E-1 2.23185E-1 2.32771E-1 2.4758E-1 2.55534E-1 2.42596E-1 2.01111E-1 1.84037E-1 2.23431E-1 2.41226E-1 2.46571E-1 2.42289E-1 2.37789E-1 2.20052E-1 1.94401E-1 1.65955E-1 1.6E-1 1.66851E-1 1.65187E-1 1.67293E-1 1.64267E-1 1.60506E-1 1.56724E-1 1.48193E-1 1.47265E-1 1.48336E-1 1.58692E-1 1.58594E-1 1.467E-1 1.39148E-1 1.38146E-1 1.33722E-1 1.32681E-1 1.30406E-1 1.29018E-1 1.39894E-1 1.39985E-1 1.23753E-1 1.17816E-1 1.21009E-1 1.29572E-1
1.21443E-1 1.36732E-1 1.39782E-1 1.57956E-1 1.71298E-1 1.70325E-1 1.4553E-1 1.21913E-1 1.1558E-1 1.07573E-1 1.0751E-1 1.06013E-1 9.86765E-2 1.04503E-1 1.26828E-1 1.37336E-1 1.34081E-1 1.4044E-1 1.62632E-1 1.8683E-1 1.98443E-1 1.8951E-1 2.05114E-1 2.17844E-1 2.59575E-1 2.6382E-1 2.44164E-1 2.07979E-1 1.49279E-1 1.58174E-1 1.44985E-1 1.93514E-1 2.12927E-1 1.79375E-1 1.45187E-1 1.44768E-1 1.4214E-1 1.41328E-1 1.49828E-1 1.74706E-1 1.82134E-1 1.69025E-1 1.52961E-1 1.5041E-1 1.51352E-1 1.52476E-1 1.57498E-1 1.42287E-1 1.07726E-1 1.26767E-1 1.22445E-1 1.18452E-1 1.13696E-1 1.122E-1 1.22186E-1 1.33367E-1 1.29515E-1 1.3482E-1 1.37427E-1 1.26122E-1 1.27887E-1
1.27627E-1 1.36523E-1 1.35531E-1 1.51341E-1 1.75127E-1 1.7187E-1 1.46085E-1 1.29187E-1 1.25595E-1 1.12081E-1 1.07131E-1 1.04454E-1 9.36489E-2 1.06606E-1 1.12003E-1 1.17946E-1 1.12473E-1 1.14564E-1 1.34313E-1 1.63847E-1 1.4856E-1 1.42573E-1 1.46486E-1 1.75353E-1 2.02655E-1 2.30558E-1 2.04167E-1 1.30283E-1 1.06763E-1 1.47606E-1 1.21283E-1 1.32872E-1 1.48194E-1 1.25501E-1 1.13473E-1 1.06301E-1 1.18565E-1 1.21645E-1 1.24231E-1 1.39981E-1 1.52951E-1 1.46205E-1 1.41888E-1 1.36936E-1 1.37794E-1 1.36767E-1 1.31113E-1 9.83989E-2 8.38998E-2 1.04559E-1 1.09012E-1 9.73542E-2 9.98116E-2 9.59115E-2 1.07387E-1 1.17618E-1 1.2212E-1 1.2062E-1 1.21685E-1 1.30111E-1 1.21289E-1
1.49776E-1 1.62249E-1 1.61385E-1 1.63631E-1 1.82076E-1 1.75259E-1 1.61923E-1 1.40001E-1 1.30836E-1 1.25852E-1 1.11398E-1 1.08939E-1 9.19715E-2 8.34522E-2 9.928E-2 1.07261E-1 1.03993E-1 1.05846E-1 1.05118E-1 9.60448E-2 9.85076E-2 1.06976E-1 1.19144E-1 1.39393E-1 1.34095E-1 1.2387E-1 1.85188E-1 1.41018E-1 9.18062E-2 9.70657E-2 1.04847E-1 1.15497E-1 1.18235E-1 1.16885E-1 1.07554E-1 1.07144E-1 1.08181E-1 1.12434E-1 1.16924E-1 1.18394E-1 1.17876E-1 1.17759E-1 1.2726E-1 1.32919E-1 1.35876E-1 1.477E-1 1.29239E-1 1.13222E-1 1.17807E-1 1.18165E-1 1.18728E-1 1.02532E-1 1.01189E-1 9.81138E-2 9.42129E-2 8.83439E-2 9.59635E-2 1.00694E-1 9.59457E-2 9.0459E-2 1.00924E-1
1.81135E-1 1.82825E-1 1.80806E-1 1.66106E-1 1.57423E-1 1.43059E-1 1.40363E-1 1.32554E-1 1.23431E-1 1.17058E-1 1.16751E-1 1.08906E-1 9.45909E-2 8.7037E-2 8.65249E-2 9.97919E-2 1.02474E-1 1.0192E-1 9.15103E-2 7.8468E-2 7.79648E-2 9.08798E-2 1.07569E-1 1.08376E-1 1.11982E-1 1.29661E-1 1.38684E-1 1.46082E-1 1.16868E-1 9.6662E-2 1.04699E-1 1.08084E-1 1.12182E-1 1.19597E-1 1.24936E-1 1.19579E-1 1.09818E-1 1.0445E-1 1.02199E-1 1.03225E-1 9.8098E-2 9.68238E-2 9.95519E-2 1.24993E-1 1.41774E-1 1.5088E-1 1.5226E-1 1.40066E-1 1.47408E-1 1.3411E-1 1.38458E-1 1.27539E-1 1.19987E-1 1.20056E-1 1.17476E-1 9.97159E-2 9.25314E-2 9.24406E-2 9.84672E-2 1.17498E-1 1.09081E-1
2.76309E-1 2.73176E-1 2.73299E-1 2.59611E-1 2.05907E-1 1.5745E-1 1.27288E-1 1.20341E-1 1.09309E-1 1.06897E-1 1.16666E-1 1.09184E-1 9.74804E-2 1.1229E-1 9.89154E-2 9.51766E-2 9.6731E-2 9.17553E-2 9.03611E-2 8.36462E-2 8.63676E-2 8.81332E-2 9.71732E-2 1.08251E-1 1.08311E-1 1.03453E-1 1.06889E-1 1.18221E-1 1.06881E-1 1.05611E-1 1.17337E-1 1.14827E-1 1.12479E-1 1.20055E-1 1.31651E-1 1.31536E-1 1.19302E-1 1.12153E-1 1.0315E-1 9.57896E-2 9.49373E-2 9.95352E-2 1.1371E-1 1.32645E-1 1.4447E-1 1.66643E-1 1.7508E-1 1.56504E-1 1.59835E-1 1.71715E-1 1.819E-1 1.52295E-1 1.31227E-1 1.2018E-1 1.20639E-1 1.2033E-1 1.33388E-1 1.18964E-1 1.12436E-1 1.25561E-1 1.31785E-1
3.35356E-1 3.3777E-1 3.20704E-1 3.30666E-1 2.75149E-1 2.23609E-1 1.74149E-1 1.42867E-1 1.31849E-1 1.17219E-1 1.16091E-1 1.18204E-1 1.27167E-1 1.26621E-1 1.2572E-1 1.22301E-1 1.04917E-1 8.98424E-2 9.07978E-2 8.40157E-2 8.45798E-2 8.86896E-2 9.80527E-2 1.01911E-1 1.15538E-1 1.23608E-1 1.22758E-1 1.18682E-1 1.23257E-1 1.07205E-1 1.17883E-1 1.26585E-1 1.24231E-1 1.33324E-1 1.36774E-1 1.36162E-1 1.32232E-1 1.16494E-1 1.1136E-1 1.02958E-1 1.01642E-1 1.12228E-1 1.29379E-1 1.43386E-1 1.56518E-1 1.65267E-1 1.71164E-1 1.77069E-1 1.72401E-1 1.91366E-1 2.12072E-1 1.90049E-1 1.49068E-1 1.3413E-1 1.28135E-1 1.27585E-1 1.26655E-1 1.31786E-1 1.28834E-1 1.44373E-1 1.60926E-1
3.20264E-1 3.22303E-1 3.20164E-1 2.96647E-1 2.70076E-1 2.50292E-1 2.50405E-1 1.98751E-1 1.54705E-1 1.45622E-1 1.23946E-1 1.20661E-1 1.19884E-1 1.22346E-1 1.35515E-1 1.29277E-1 1.15134E-1 1.04154E-1 9.66588E-2 9.37793E-2 9.03334E-2 8.96537E-2 9.78132E-2 1.0915E-1 1.26002E-1 1.32301E-1 1.40314E-1 1.29905E-1 1.23578E-1 1.22033E-1 1.20219E-1 1.27733E-1 1.30709E-1 1.33427E-1 1.4163E-1 1.53183E-1 1.55345E-1 1.51035E-1 1.41901E-1 1.32689E-1 1.40722E-1 1.40125E-1 1.65337E-1 1.58516E-1 1.57706E-1 1.56709E-1 1.69406E-1 1.66423E-1 1.83475E-1 1.97041E-1 2.03356E-1 1.97806E-1 1.83147E-1 1.54477E-1 1.45132E-1 1.4314E-1 1.43801E-1 1.44523E-1 1.46554E-1 1.44961E-1 1.35201E-1
2.69718E-1 2.93786E-1 3.03868E-1 2.9423E-1 2.7964E-1 2.75788E-1 3.0769E-1 2.41791E-1 1.9232E-1 1.6488E-1 1.4861E-1 1.27857E-1 1.39322E-1 1.42472E-1 1.56053E-1 1.57563E-1 1.42413E-1 1.29929E-1 1.40672E-1 1.29015E-1 1.13786E-1 1.07771E-1 1.02709E-1 1.14255E-1 1.3111E-1 1.56238E-1 1.40096E-1 1.46389E-1 1.45713E-1 1.53573E-1 1.52112E-1 1.5406E-1 1.42904E-1 1.34582E-1 1.47362E-1 1.43264E-1 1.42062E-1 1.38921E-1 1.25421E-1 1.21156E-1 1.23612E-1 1.49686E-1 1.74364E-1 1.92584E-1 1.92589E-1 1.52191E-1 1.67056E-1 1.69836E-1 1.67699E-1 1.80148E-1 1.96989E-1 1.91867E-1 1.95495E-1 1.61375E-1 1.52723E-1 1.48781E-1 1.37635E-1 1.52759E-1 1.39138E-1 1.46522E-1 1.52379E-1
2.52555E-1 2.81242E-1 2.95155E-1 2.80884E-1 2.44047E-1 2.30875E-1 2.16002E-1 2.12589E-1 1.91746E-1 1.6036E-1 1.62942E-1 1.48587E-1 1.61677E-1 1.78602E-1 1.76349E-1 1.71869E-1 1.75619E-1 1.70551E-1 1.48675E-1 1.25369E-1 1.17288E-1 1.09368E-1 1.11356E-1 1.29473E-1 1.56018E-1 1.74459E-1 1.60168E-1 1.62708E-1 1.68607E-1 1.69553E-1 1.6698E-1 1.56702E-1 1.39462E-1 1.46341E-1 1.35933E-1 1.35292E-1 1.37787E-1 1.35499E-1 1.3592E-1 1.27726E-1 1.27732E-1 1.4467E-1 1.78848E-1 1.95238E-1 2.21252E-1 1.42509E-1 1.50854E-1 1.53659E-1 1.47214E-1 1.53274E-1 1.61364E-1 1.65236E-1 1.54256E-1 1.72416E-1 1.7117E-1 1.59342E-1 1.46316E-1 1.35907E-1 1.36197E-1 1.50615E-1 1.62388E-1
2.92337E-1 3.08842E-1 2.90494E-1 2.65254E-1 2.21398E-1 2.01833E-1 1.94069E-1 1.87246E-1 1.75668E-1 1.71738E-1 1.61542E-1 1.78337E-1 1.98287E-1 2.00691E-1 1.81447E-1 1.82048E-1 1.79238E-1 1.6694E-1 1.37992E-1 1.24759E-1 1.10744E-1 1.04711E-1 1.10404E-1 1.27196E-1 1.54732E-1 1.60553E-1 1.637E-1 1.88401E-1 1.99812E-1 1.917E-1 1.64316E-1 1.53365E-1 1.44193E-1 1.36891E-1 1.27941E-1 1.35339E-1 1.40328E-1 1.59134E-1 1.50915E-1 1.52461E-1 1.60236E-1 1.5831E-1 1.57364E-1 1.84851E-1 2.12049E-1 1.94969E-1 1.72313E-1 1.66853E-1 1.77988E-1 1.81754E-1 1.9371E-1 1.87177E-1 1.61133E-1 1.55576E-1 1.74769E-1 1.73285E-1 1.60836E-1 1.54197E-1 1.51095E-1 1.53988E-1 1.61214E-1
3.28323E-1 3.5842E-1 3.4805E-1 3.09366E-1 2.58641E-1 2.22613E-1 1.90382E-1 1.89125E-1 1.89012E-1 1.80744E-1 1.70679E-1 1.8053E-1 1.79E-1 1.75217E-1 1.58307E-1 1.6324E-1 1.61293E-1 1.44191E-1 1.29925E-1 1.17537E-1 1.12086E-1 1.02801E-1 9.89349E-2 1.11926E-1 1.37917E-1 1.60265E-1 1.84091E-1 1.94712E-1 1.97552E-1 1.90083E-1 1.63022E-1 1.59744E-1 1.52684E-1 1.34055E-1 1.35264E-1 1.47944E-1 1.51043E-1 1.48813E-1 1.3132E-1 1.34715E-1 1.45745E-1 1.51762E-1 1.45403E-1 1.61606E-1 1.63786E-1 1.55212E-1 1.70454E-1 1.72478E-1 1.48876E-1 1.41494E-1 1.45024E-1 1.60918E-1 1.62456E-1 1.63279E-1 1.6024E-1 1.5879E-1 1.72086E-1 1.70976E-1 1.71283E-1 1.65417E-1 1.57324E-1
3.65022E-1 3.65713E-1 3.57079E-1 3.52467E-1 3.22631E-1 2.68587E-1 2.29806E-1 2.02153E-1 1.94704E-1 1.92694E-1 1.86252E-1 1.79069E-1 1.78955E-1 1.75564E-1 1.61917E-1 1.53801E-1 1.5585E-1 1.41251E-1 1.30121E-1 1.1874E-1 1.06194E-1 1.01943E-1 9.60007E-2 1.07082E-1 1.32764E-1 1.68269E-1 1.81803E-1 1.76119E-1 1.62649E-1 5.69253E-2 1.42025E-1 1.61041E-1 1.43976E-1 1.54682E-1 1.4638E-1 1.49066E-1 1.54962E-1 1.52167E-1 1.29867E-1 1.3257E-1 1.42721E-1 1.53185E-1 1.5171E-1 1.6193E-1 1.72241E-1 1.73424E-1 1.68287E-1 1.60977E-1 1.55109E-1 1.64631E-1 1.71341E-1 1.66522E-1 1.603E-1 1.60654E-1 1.51691E-1 1.63858E-1 1.49622E-1 1.49465E-1 1.58797E-1 1.48177E-1 1.47794E-1
3.54914E-1 3.62766E-1 3.48198E-1 3.53937E-1 3.4312E-1 3.15008E-1 2.64921E-1 2.00428E-1 2.00035E-1 1.96905E-1 1.95399E-1 1.92078E-1 1.81535E-1 1.85082E-1 1.71878E-1 1.5944E-1 1.68379E-1 1.40454E-1 1.21468E-1 1.12608E-1 1.03153E-1 1.02813E-1 1.0217E-1 1.20213E-1 1.38561E-1 1.53965E-1 1.44151E-1 1.51286E-1 1.05301E-1 6.7902E-2 4.20106E-2 1.76869E-1 1.81404E-1 1.68498E-1 1.6882E-1 1.65094E-1 1.55345E-1 1.48184E-1 1.23616E-1 1.30214E-1 1.44478E-1 1.64622E-1 1.64726E-1 1.52614E-1 1.61523E-1 1.67726E-1 1.76067E-1 1.71794E-1 1.63673E-1 1.6031E-1 1.71667E-1 1.64638E-1 1.58236E-1 1.47748E-1 1.42804E-1 1.35074E-1 1.33777E-1 1.48395E-1 1.34312E-1 1.46473E-1 1.31773E-1
3.2271E-1 3.19479E-1 3.1675E-1 3.20206E-1 3.32275E-1 3.22868E-1 2.68515E-1 2.10178E-1 2.08936E-1 2.10791E-1 1.96257E-1 1.90355E-1 1.81264E-1 1.69673E-1 1.58237E-1 1.54498E-1 1.4441E-1 1.29019E-1 1.22421E-1 1.10547E-1 1.04046E-1 1.05846E-1 1.18761E-1 1.22609E-1 1.08782E-1 9.85518E-2 9.4606E-2 1.13824E-1 8.32904E-2 5.02998E-2 3.22257E-2 1.08917E-1 2.0923E-1 1.80448E-1 1.83997E-1 1.82283E-1 1.59953E-1 1.52183E-1 1.37028E-1 1.36288E-1 1.41124E-1 1.53347E-1 1.64479E-1 1.83558E-1 1.89715E-1 1.95829E-1 1.76264E-1 1.61597E-1 1.59954E-1 1.65658E-1 1.64049E-1 1.52333E-1 1.56013E-1 1.47138E-1 1.32494E-1 1.21492E-1 1.23092E-1 1.31659E-1 1.4027E-1 1.51865E-1 1.28852E-1
2.97839E-1 2.88907E-1 2.91663E-1 3.09688E-1 3.05426E-1 2.84469E-1 2.51117E-1 2.34348E-1 2.34894E-1 2.31147E-1 2.38322E-1 2.27341E-1 2.09064E-1 1.71281E-1 1.36468E-1 1.34996E-1 1.26235E-1 1.21131E-1 1.21899E-1 1.16765E-1 1.0761E-1 1.08846E-1 1.2503E-1 1.16885E-1 1.1181E-1 9.73133E-2 8.93739E-2 5.87446E-2 4.87184E-2 7.29314E-2 9.18558E-2 1.15264E-1 2.1871E-1 2.06136E-1 1.85608E-1 1.66193E-1 1.73362E-1 1.69105E-1 1.57539E-1 1.5365E-1 1.68634E-1 1.64727E-1 1.67761E-1 1.76729E-1 1.73927E-1 1.70156E-1 1.72688E-1 1.67259E-1 1.67409E-1 1.59173E-1 1.62191E-1 1.53269E-1 1.52428E-1 1.62536E-1 1.3539E-1 1.16943E-1 1.10063E-1 1.38298E-1 1.46723E-1 1.54844E-1 1.41406E-1
2.70966E-1 2.625E-1 2.60124E-1 2.54208E-1 2.47224E-1 2.20949E-1 2.18061E-1 2.10367E-1 2.31782E-1 2.42114E-1 2.75083E-1 2.75252E-1 2.32294E-1 1.75857E-1 1.43261E-1 1.29575E-1 1.29829E-1 1.27043E-1 1.33565E-1 1.3171E-1 1.2312E-1 1.28599E-1 1.38411E-1 1.28682E-1 1.27271E-1 1.23533E-1 1.13266E-1 1.11669E-1 6.4739E-2 1.34799E-1 1.66934E-1 1.71489E-1 2.07323E-1 1.98416E-1 1.76343E-1 1.63231E-1 1.67756E-1 1.59709E-1 1.56016E-1 1.59746E-1 1.52488E-1 1.60012E-1 1.58791E-1 1.70413E-1 1.76354E-1 1.82854E-1 1.68318E-1 1.53783E-1 1.49662E-1 1.55339E-1 1.56765E-1 1.56179E-1 1.43454E-1 1.5481E-1 1.4433E-1 1.12019E-1 1.0798E-1 1.23104E-1 1.40266E-1 1.58453E-1 1.51634E-1
2.18694E-1 2.03039E-1 1.94865E-1 2.06241E-1 1.98132E-1 1.89386E-1 2.017E-1 2.26471E-1 2.64083E-1 2.97604E-1 3.06867E-1 2.72021E-1 2.35153E-1 1.9534E-1 1.5838E-1 1.50975E-1 1.51537E-1 1.46418E-1 1.46763E-1 1.48043E-1 1.59047E-1 1.5922E-1 1.65122E-1 1.63774E-1 1.82907E-1 1.68859E-1 1.31667E-1 1.71673E-1 1.76302E-1 1.46098E-1 1.72586E-1 1.92362E-1 1.99652E-1 1.83029E-1 1.62022E-1 1.69754E-1 1.7828E-1 1.70245E-1 1.73506E-1 1.61726E-1 1.57176E-1 1.50913E-1 1.56402E-1 1.61911E-1 1.717E-1 1.63979E-1 1.72676E-1 1.50749E-1 1.43543E-1 1.54146E-1 1.5632E-1 1.34948E-1 1.33085E-1 1.2263E-1 1.32369E-1 1.10926E-1 1.14507E-1 1.18053E-1 1.31204E-1 1.49697E-1 1.43041E-1
2.23103E-1 2.08411E-1 1.98063E-1 1.92215E-1 1.88455E-1 2.02915E-1 2.52335E-1 2.9367E-1 3.04596E-1 3.00811E-1 2.98629E-1 2.74016E-1 2.65691E-1 2.27727E-1 2.20028E-1 1.92693E-1 1.81985E-1 1.8022E-1 1.78365E-1 1.86772E-1 1.90681E-1 2.05296E-1 2.06938E-1 1.77191E-1 1.72385E-1 1.65573E-1 1.52329E-1 1.75363E-1 1.98891E-1 1.76735E-1 2.14697E-1 2.33652E-1 2.10645E-1 1.7389E-1 1.59782E-1 1.61628E-1 1.79372E-1 1.84032E-1 1.61889E-1 1.54047E-1 1.59854E-1 1.58761E-1 1.60481E-1 1.71655E-1 1.81567E-1 1.7359E-1 1.6197E-1 1.53705E-1 1.38325E-1 1.30736E-1 1.47021E-1 1.29465E-1 1.27399E-1 1.13971E-1 1.32435E-1 1.22258E-1 1.26036E-1 1.12418E-1 1.20694E-1 1.24157E-1 1.28843E-1
2.99238E-1 2.77124E-1 2.64543E-1 2.43907E-1 2.22169E-1 2.33079E-1 2.51972E-1 2.37904E-1 2.70608E-1 2.77239E-1 2.82191E-1 2.89037E-1 2.84539E-1 2.54409E-1 2.70901E-1 2.17896E-1 2.49097E-1 2.34907E-1 2.39546E-1 2.27937E-1 2.44129E-1 2.37352E-1 2.16111E-1 2.13596E-1 1.96005E-1 1.94383E-1 1.81451E-1 1.72204E-1 2.19955E-1 2.2294E-1 2.39111E-1 2.13057E-1 1.96691E-1 1.75826E-1 1.53954E-1 1.56341E-1 1.72E-1 1.69151E-1 1.64761E-1 1.5657E-1 1.51991E-1 1.45508E-1 1.68206E-1 1.81309E-1 1.94545E-1 1.97858E-1 1.54173E-1 1.48E-1 1.36751E-1 1.33431E-1 1.37567E-1 1.50104E-1 1.4592E-1 1.28456E-1 1.51419E-1 1.33192E-1 1.39531E-1 1.23657E-1 1.09936E-1 1.13956E-1 1.26121E-1
3.39676E-1 3.43984E-1 3.01186E-1 2.69359E-1 2.73744E-1 2.88763E-1 2.89782E-1 2.68552E-1 2.85223E-1 3.08136E-1 3.36562E-1 3.68962E-1 3.02625E-1 3.0481E-1 2.72041E-1 2.58072E-1 2.97372E-1 2.9177E-1 2.83554E-1 2.58349E-1 2.76744E-1 2.71248E-1 2.44196E-1 2.44898E-1 2.31859E-1 2.17656E-1 2.28804E-1 2.15448E-1 2.09155E-1 2.96584E-1 2.99253E-1 3.20113E-1 2.10411E-1 1.50838E-1 1.41617E-1 1.57498E-1 1.88636E-1 1.89991E-1 1.76228E-1 1.62821E-1 1.51164E-1 1.40514E-1 1.53188E-1 1.90902E-1 2.11426E-1 2.27034E-1 1.97121E-1 1.67359E-1 1.53622E-1 1.54203E-1 1.54863E-1 1.49514E-1 1.3686E-1 1.38429E-1 1.5931E-1 1.87522E-1 1.49936E-1 1.30399E-1 1.16578E-1 1.13611E-1 1.17674E-1
3.34731E-1 3.17788E-1 3.44246E-1 3.26154E-1 3.19183E-1 3.00855E-1 3.1288E-1 3.25807E-1 3.49119E-1 3.78053E-1 3.46753E-1 3.47333E-1 3.12245E-1 3.27048E-1 2.99938E-1 3.01973E-1 3.44083E-1 3.03941E-1 3.12453E-1 2.98174E-1 2.99507E-1 3.16216E-1 3.33393E-1 2.58643E-1 2.60244E-1 2.27361E-1 2.43257E-1 2.10094E-1 2.24866E-1 2.93678E-1 2.86984E-1 2.60697E-1 2.3451E-1 1.84276E-1 1.56404E-1 1.5986E-1 1.73228E-1 1.73995E-1 1.72065E-1 1.7064E-1 1.53017E-1 1.57496E-1 1.75067E-1 1.9393E-1 2.14135E-1 1.96941E-1 1.73397E-1 1.71633E-1 1.52167E-1 1.5686E-1 1.59317E-1 1.70693E-1 1.66737E-1 1.69508E-1 1.67121E-1 1.95038E-1 1.81712E-1 1.39001E-1 1.26416E-1 1.31416E-1 1.32909E-1
3.79506E-1 3.45048E-1 3.18673E-1 3.20856E-1 3.14772E-1 3.33521E-1 3.8949E-1 3.58148E-1 3.88947E-1 3.93578E-1 3.83356E-1 3.72434E-1 3.61209E-1 3.46273E-1 3.47555E-1 3.32501E-1 3.10601E-1 3.199E-1 3.67525E-1 3.48433E-1 2.8677E-1 3.04002E-1 3.3765E-1 2.6471E-1 2.45065E-1 2.34296E-1 2.2859E-1 2.23769E-1 2.19802E-1 2.47842E-1 2.30289E-1 2.24265E-1 2.39337E-1 2.01429E-1 1.68878E-1 1.81985E-1 1.7196E-1 1.67171E-1 1.81025E-1 1.90504E-1 1.74361E-1 1.70896E-1 1.81727E-1 2.05482E-1 2.02298E-1 1.99656E-1 1.77823E-1 1.73323E-1 1.72195E-1 1.71909E-1 1.84335E-1 1.85536E-1 1.91789E-1 1.94698E-1 2.0715E-1 2.33404E-1 1.63448E-1 1.58329E-1 1.50502E-1 1.49788E-1 1.40374E-1
3.78497E-1 3.8262E-1 3.77869E-1 3.48485E-1 3.15929E-1 3.65633E-1 3.91638E-1 3.9728E-1 4.23635E-1 4.44813E-1 4.23832E-1 3.76823E-1 3.79601E-1 3.56753E-1 3.69619E-1 3.99677E-1 3.82139E-1 3.59089E-1 3.38245E-1 3.18639E-1 3.39022E-1 3.08258E-1 3.16774E-1 2.70302E-1 2.34369E-1 2.26311E-1 2.1218E-1 2.26332E-1 2.32544E-1 2.41276E-1 2.07687E-1 2.10528E-1 2.06942E-1 1.86836E-1 2.25016E-1 2.30267E-1 2.30774E-1 1.90483E-1 2.10305E-1 2.09894E-1 1.89393E-1 1.76408E-1 1.74053E-1 1.75989E-1 1.72962E-1 1.7665E-1 1.9E-1 1.87118E-1 1.88937E-1 1.93879E-1 1.97934E-1 2.07454E-1 2.06368E-1 1.93672E-1 1.97869E-1 2.2101E-1 2.13105E-1 1.64985E-1 1.5172E-1 1.42256E-1 1.5518E-1
3.1688E-1 3.13257E-1 3.56504E-1 3.09446E-1 2.60021E-1 3.42663E-1 3.67882E-1 3.30856E-1 3.72642E-1 4.18549E-1 4.57841E-1 4.1089E-1 3.84686E-1 3.6459E-1 3.7752E-1 3.97833E-1 3.66713E-1 3.18867E-1 3.07963E-1 3.44777E-1 3.60326E-1 3.29519E-1 3.15296E-1 2.36878E-1 2.11204E-1 2.09908E-1 2.12463E-1 2.28218E-1 2.3932E-1 2.43136E-1 2.19847E-1 1.94277E-1 1.88282E-1 2.16388E-1 2.57815E-1 2.92855E-1 3.08093E-1 2.91156E-1 2.55905E-1 2.2152E-1 1.85654E-1 1.78172E-1 1.6525E-1 1.49564E-1 1.50376E-1 1.58882E-1 1.69429E-1 1.69416E-1 1.82866E-1 1.91858E-1 2.0026E-1 2.04308E-1 2.0252E-1 2.05669E-1 2.06088E-1 2.20779E-1 2.3372E-1 1.79841E-1 1.83657E-1 1.54591E-1 1.54928E-1
1.49805E-1 2.63741E-1 3.09378E-1 1.85496E-1 1.79923E-1 1.96123E-1 2.84297E-1 3.37436E-1 3.64311E-1 3.75417E-1 2.91876E-1 3.75813E-1 4.02374E-1 3.75989E-1 3.71536E-1 3.82106E-1 3.08098E-1 2.91579E-1 3.18162E-1 3.2105E-1 3.62912E-1 3.4866E-1 2.892E-1 2.32285E-1 2.0837E-1 1.84906E-1 1.97164E-1 2.33755E-1 2.39677E-1 2.2145E-1 2.08581E-1 2.02542E-1 2.12138E-1 2.64422E-1 3.24688E-1 3.82986E-1 3.87131E-1 3.87026E-1 3.59428E-1 2.91574E-1 2.05311E-1 1.92391E-1 1.74395E-1 1.66835E-1 1.62118E-1 1.80524E-1 1.87441E-1 1.9385E-1 1.92365E-1 2.07836E-1 2.27017E-1 2.38698E-1 2.37407E-1 2.38989E-1 2.15494E-1 2.33611E-1 2.44226E-1 1.93501E-1 1.95141E-1 1.76488E-1 1.73028E-1
