data/maxent/outputs/red_27.asc
ncols         426
nrows         180
xllcorner     -130.0
yllcorner     24.0
cellsize      0.16666666666666666
NODATA_value  -9999
[rows 81 to 107 of 180, columns 61 to 121 of 426]
9.76499E-3 1.80557E-2 1.04456E-2 1.14122E-2 5.479E-3 7.34107E-3 5.76273E-3 5.25709E-3 3.79073E-3 5.18851E-3 4.49812E-3 4.516E-3 7.38219E-3 6.36177E-3 4.5084E-3 2.79353E-3 2.17561E-3 6.63784E-3 6.14912E-3 1.56721E-3 1.40414E-3 2.92483E-3 1.58951E-3 2.68826E-3 1.30608E-3 2.69365E-3 3.09869E-3 1.51951E-3 2.09072E-3 2.15562E-3 1.62077E-3 1.22707E-3 4.85051E-4 2.25433E-3 4.32109E-4 3.31413E-4 4.10572E-4 3.58646E-4 4.14353E-4 6.12838E-4 1.5504E-3 2.20217E-3 1.06455E-3 5.13999E-3 1.34135E-3 5.85186E-3 2.13173E-3 1.97912E-3 3.82221E-3 2.67599E-3 1.14644E-3 4.52102E-3 4.15845E-3 3.48753E-3 2.32735E-3 1.84749E-3 3.89307E-4 2.23919E-4 9.0281E-5 4.877E-5 5.26523E-5
1.84239E-2 2.45667E-2 1.64524E-2 1.06171E-2 7.62237E-3 3.57247E-3 6.45437E-3 5.14762E-3 2.50712E-3 4.89186E-3 5.52575E-3 2.38858E-3 7.11599E-3 7.68892E-3 6.78196E-3 7.19155E-3 4.12802E-3 6.89175E-3 4.04874E-3 2.18637E-3 4.81717E-3 1.88324E-3 1.67535E-3 2.49289E-3 1.4158E-3 3.27457E-3 2.87625E-3 3.4247E-3 3.07199E-3 4.39486E-3 1.10398E-3 2.23239E-3 1.32336E-3 1.425E-3 6.32624E-4 4.78652E-4 3.07358E-4 2.92189E-4 4.25443E-4 5.99023E-4 7.85193E-4 1.53403E-3 1.15513E-3 2.77672E-3 1.0534E-3 1.89735E-3 9.31219E-4 3.29871E-3 3.54078E-3 4.29714E-3 2.30675E-3 2.57385E-3 2.42343E-3 1.64379E-3 8.85745E-4 7.70797E-4 2.67872E-4 8.82982E-5 3.50554E-5 2.07067E-5 1.82487E-5
2.46911E-2 9.57189E-2 2.45094E-2 1.22035E-2 6.74661E-3 3.30876E-3 6.91497E-3 2.50077E-3 2.39044E-3 2.48241E-3 2.13929E-3 4.46079E-3 4.17005E-3 4.49422E-3 5.29627E-3 3.75422E-3 4.76149E-3 4.13823E-3 5.70772E-3 2.8921E-3 2.48205E-3 1.52639E-3 2.72778E-3 1.15828E-3 2.3725E-3 4.12661E-3 4.40577E-3 3.15958E-3 1.40088E-3 2.89768E-3 1.63419E-3 1.21552E-3 2.1204E-3 9.05404E-4 4.75132E-4 8.28999E-4 4.98985E-4 2.73943E-4 3.88708E-4 7.75022E-4 5.35173E-4 7.63118E-4 2.15814E-3 3.32338E-3 1.69447E-3 2.1692E-3 1.77729E-3 1.64981E-3 1.32665E-3 2.16323E-3 1.74384E-3 2.00413E-3 1.95662E-3 2.47856E-3 1.76962E-3 1.09552E-3 3.70763E-4 1.08323E-4 5.06522E-5 2.76854E-5 2.05023E-5
1.9611E-2 3.15051E-2 2.81415E-2 1.33229E-2 7.62751E-3 5.69298E-3 3.4756E-3 2.39785E-3 1.6644E-3 1.54585E-3 6.33665E-3 3.63753E-3 1.82217E-3 4.17722E-3 2.08065E-3 4.42782E-3 4.29065E-3 4.10434E-3 2.31859E-3 1.70036E-3 3.26118E-3 3.77177E-3 2.19916E-3 1.3129E-3 3.68588E-3 4.60908E-3 3.43635E-3 2.62571E-3 1.49763E-3 3.12987E-3 1.22584E-3 2.56106E-3 2.72745E-3 4.25365E-4 4.88147E-4 3.20354E-3 4.03038E-4 2.42509E-4 4.56699E-4 5.81116E-4 1.4755E-3 8.55841E-4 3.73999E-3 3.46109E-3 4.0169E-3 2.58962E-3 3.45255E-3 1.3152E-3 4.06992E-3 2.42326E-3 2.3407E-3 1.92845E-3 1.01674E-3 1.61528E-3 1.95581E-3 1.89977E-3 1.41226E-3 5.32993E-4 1.973E-4 6.80841E-5 5.27741E-5
1.34208E-2 1.54671E-2 1.71598E-2 1.20654E-2 7.89644E-3 5.20054E-3 2.63827E-3 1.75172E-3 1.17017E-3 2.69964E-3 2.27391E-3 2.17982E-3 5.21902E-3 2.82851E-3 3.28227E-3 6.009E-3 4.72089E-3 5.82772E-3 3.00139E-3 3.35332E-3 2.01569E-3 2.40904E-3 1.86327E-3 1.47655E-3 2.36816E-3 4.17448E-3 1.01578E-3 2.34043E-3 1.70845E-3 3.36587E-3 1.21903E-3 2.34249E-3 1.08015E-3 1.97063E-3 3.10192E-3 4.86472E-3 3.30962E-4 4.55255E-4 1.30522E-3 7.41536E-4 1.66089E-3 2.0773E-3 8.23812E-4 1.00126E-3 1.65855E-3 1.64334E-3 2.81955E-3 1.76837E-3 3.86432E-3 2.113E-3 1.73406E-3 1.46612E-3 9.91225E-4 1.23965E-3 9.19504E-4 1.03767E-3 1.47526E-3 9.04102E-4 4.4024E-4 1.76977E-4 1.41749E-4
1.65608E-2 2.12636E-2 1.68695E-2 7.64341E-3 5.29487E-3 3.02589E-3 1.78809E-3 1.34301E-3 1.61154E-3 5.00478E-3 1.52707E-3 5.74121E-3 1.73929E-3 1.77131E-3 4.01237E-3 3.28158E-3 3.78504E-3 3.83859E-3 4.57562E-3 1.94866E-3 7.5484E-4 9.54607E-4 1.77404E-3 2.19427E-3 1.96205E-3 2.59014E-3 9.04499E-4 2.48514E-3 8.09787E-4 1.71576E-3 1.17871E-3 2.46581E-3 4.50184E-4 1.59415E-3 1.60275E-3 3.60003E-4 7.53401E-4 8.18609E-4 7.33231E-4 9.56011E-4 2.36695E-3 7.65723E-4 5.8832E-4 5.72709E-4 1.0157E-3 3.044E-3 1.57344E-3 1.50229E-3 3.63858E-3 1.26069E-3 1.53959E-3 1.77398E-3 1.78115E-3 8.82466E-4 4.81167E-4 4.23167E-4 1.0599E-3 1.53746E-3 9.73247E-4 8.22138E-4 5.21228E-4
1.45159E-2 2.04519E-2 1.39317E-2 6.16673E-3 4.46591E-3 2.42989E-3 1.67829E-3 1.55542E-3 2.71942E-3 2.05154E-3 3.11009E-3 3.28764E-3 3.68355E-3 2.71857E-3 1.72453E-3 1.83609E-3 4.00223E-3 3.3781E-3 2.72865E-3 1.96214E-3 2.79795E-3 1.09037E-3 4.30859E-3 2.97221E-3 1.73475E-3 1.35807E-3 2.11965E-3 9.25912E-4 1.93115E-3 1.29454E-3 1.00083E-3 4.02558E-3 3.65018E-4 3.40558E-3 1.10271E-3 2.69164E-4 1.08365E-3 4.33541E-4 5.65235E-4 3.50124E-3 1.55028E-3 7.48209E-4 3.18888E-4 5.17883E-4 9.2364E-4 4.35074E-3 1.26505E-3 1.62259E-3 2.98597E-3 6.75983E-4 2.48851E-3 2.1398E-3 1.7554E-3 4.82958E-4 2.33035E-4 3.25152E-4 3.58498E-4 1.42982E-3 1.21841E-3 1.43567E-3 7.30058E-4
1.56389E-2 1.20157E-2 1.05682E-2 4.94051E-3 3.39457E-3 3.178E-3 1.91566E-3 1.85475E-3 1.85744E-3 1.08819E-3 1.66237E-3 1.61229E-3 3.37386E-3 1.50371E-3 2.63655E-3 2.49028E-3 5.53947E-3 2.50143E-3 3.2036E-3 2.27034E-3 2.68475E-3 1.57914E-3 1.4086E-3 9.6209E-4 1.86435E-3 2.26655E-3 2.26581E-3 4.03137E-4 1.23755E-3 9.97511E-4 1.66202E-3 4.62571E-3 5.90804E-4 6.18553E-3 2.96977E-3 3.03223E-4 1.3651E-3 8.28421E-4 1.86777E-3 1.86307E-3 7.61139E-4 3.17602E-4 3.51006E-4 5.06186E-4 8.17946E-4 4.24685E-3 2.55503E-3 1.80631E-3 1.71685E-3 1.97508E-3 1.77731E-3 1.06879E-3 6.54091E-4 1.35577E-4 3.02957E-4 4.81359E-4 2.30369E-4 5.54787E-4 6.36631E-4 1.79868E-3 1.23797E-3
1.07238E-2 1.46077E-2 1.63506E-2 4.17903E-3 2.34111E-3 2.52108E-3 2.69753E-3 2.26117E-3 2.63841E-3 2.22425E-3 1.84175E-3 1.7857E-3 1.07554E-3 2.7084E-3 2.36744E-3 5.35561E-3 1.89432E-3 5.05002E-3 3.6216E-3 1.55178E-3 2.68285E-3 2.72456E-3 9.24487E-4 1.70048E-3 1.14458E-3 1.4099E-3 2.20845E-3 1.33061E-3 1.03806E-3 2.85801E-3 7.83333E-4 2.09206E-3 2.32692E-3 3.74052E-3 5.97715E-4 5.10018E-4 1.00889E-3 2.06384E-3 1.64856E-3 9.59917E-4 9.18364E-4 8.61822E-4 4.24235E-4 7.06006E-4 5.95682E-4 1.60634E-3 3.71549E-3 1.33424E-3 8.98431E-4 2.44867E-3 1.24627E-3 9.57462E-4 2.03912E-4 1.24264E-4 3.09537E-4 4.34195E-4 3.38214E-4 3.17598E-4 3.254E-4 1.07585E-3 1.63999E-3
9.19517E-3 1.3144E-2 1.08338E-2 5.35235E-3 3.64525E-3 5.61495E-3 2.54374E-3 2.35917E-3 2.21912E-3 1.37057E-3 1.62588E-3 1.47097E-3 1.95703E-3 2.2048E-3 3.3141E-3 3.86489E-3 1.53083E-3 4.86908E-3 2.10426E-3 2.42443E-3 1.36881E-3 2.84018E-3 1.10541E-3 1.26874E-3 1.06425E-3 1.10073E-3 4.53767E-3 1.98191E-3 1.42699E-3 2.82556E-3 1.50179E-3 2.50853E-3 1.03078E-3 7.5446E-3 9.86141E-4 1.18632E-3 7.13989E-4 1.43539E-3 9.35342E-4 7.01536E-4 1.47565E-3 2.55933E-3 6.43798E-4 6.6778E-4 8.48229E-4 4.17224E-3 3.23027E-3 9.32554E-4 1.24344E-3 9.67949E-4 8.142E-4 4.34344E-4 2.38006E-4 2.73387E-4 3.47797E-4 4.24215E-4 2.65187E-4 1.21079E-4 1.48323E-4 2.36752E-4 3.14103E-4
9.30287E-3 9.29527E-3 1.09763E-2 6.55868E-3 5.3861E-3 7.02775E-3 1.20425E-2 5.67661E-3 2.86136E-3 2.37277E-3 1.60792E-3 1.94056E-3 1.52221E-3 3.38555E-3 4.30674E-3 5.9694E-3 2.49996E-3 5.66019E-3 1.40338E-3 4.39352E-3 1.01334E-3 1.92637E-3 1.1059E-3 8.01158E-4 1.68614E-3 6.48984E-4 1.70835E-3 2.10139E-3 1.73454E-3 3.23893E-3 2.84299E-3 1.90442E-3 1.10234E-3 4.23905E-3 9.24368E-4 8.83573E-4 1.04116E-3 1.08863E-3 5.03087E-4 3.71853E-4 6.09382E-4 6.80915E-4 1.1271E-3 1.14793E-3 1.76839E-3 1.95725E-3 9.77891E-4 7.2272E-4 8.50385E-4 1.03143E-3 8.08433E-4 4.5204E-4 3.17317E-4 4.45622E-4 4.50684E-4 4.95947E-4 1.30598E-4 1.37242E-4 1.98513E-4 2.66598E-4 3.66499E-4
5.48823E-3 6.41854E-3 8.74268E-3 7.7423E-3 7.12251E-3 5.73346E-3 9.85168E-3 6.52997E-3 5.97998E-3 3.86024E-3 3.67326E-3 1.51795E-3 1.41255E-3 2.40598E-3 3.92079E-3 2.40656E-3 2.96783E-3 2.29772E-3 1.34894E-3 2.08519E-3 1.65474E-3 1.62323E-3 7.4918E-4 1.27065E-3 5.02322E-4 2.11149E-4 2.44409E-3 2.12266E-3 1.85439E-3 5.1128E-3 3.17747E-3 1.46769E-3 2.95405E-3 1.55638E-3 1.03298E-3 2.3182E-3 3.70142E-4 1.20069E-3 3.99434E-4 1.28526E-3 5.52561E-4 5.63631E-4 1.51744E-3 1.70924E-3 1.42978E-3 1.42786E-3 1.93777E-3 8.57491E-4 1.12607E-3 9.05929E-4 8.06299E-4 3.79755E-4 4.11173E-4 5.29203E-4 3.91093E-4 1.69486E-4 1.56571E-4 1.7802E-4 3.83241E-4 6.69823E-4 1.00334E-3
5.55921E-3 3.96075E-3 3.57756E-3 4.06669E-3 7.12941E-3 4.41913E-3 5.69187E-3 6.75824E-3 5.11816E-3 5.01088E-3 4.12097E-3 3.75306E-3 1.93143E-3 2.20285E-3 1.61332E-3 1.68567E-3 1.68294E-3 2.13186E-3 2.9765E-3 1.05252E-3 1.90538E-3 5.40063E-4 9.35077E-4 7.97769E-4 1.97535E-4 6.17043E-4 3.36581E-3 1.50012E-3 1.43347E-3 3.54765E-3 3.99451E-3 1.62269E-3 3.69583E-3 3.41512E-3 1.34737E-3 2.42794E-3 6.00007E-4 1.82624E-3 4.67764E-4 1.41138E-3 7.34236E-4 7.65276E-4 1.23058E-3 1.19572E-3 2.72649E-3 1.10467E-3 1.16192E-3 3.70784E-4 3.70126E-4 5.27165E-4 1.24211E-3 4.95116E-4 4.23581E-4 3.64928E-4 2.47815E-4 2.17932E-4 3.52129E-4 4.22702E-4 6.67539E-4 1.13236E-3 1.4082E-3
2.93339E-3 1.90874E-3 3.11543E-3 3.5029E-3 2.59331E-3 2.80159E-3 2.77621E-3 4.2387E-3 6.44679E-3 8.32213E-3 5.39239E-3 5.09827E-3 1.91134E-3 2.3915E-3 1.62309E-3 3.11031E-3 1.7241E-3 2.14523E-3 1.54937E-3 8.62541E-4 1.46883E-3 4.21324E-4 9.41144E-4 5.2401E-4 6.84523E-4 2.91315E-3 2.2347E-3 1.79836E-3 2.82934E-3 5.28147E-3 5.67861E-3 4.06715E-3 5.01732E-3 2.74062E-3 2.28211E-3 2.36523E-3 1.08972E-3 1.82697E-3 1.09209E-3 6.95934E-4 5.32035E-4 1.31761E-3 7.94079E-4 8.16872E-4 2.16039E-3 6.89046E-4 7.81267E-4 3.75405E-4 2.19129E-4 4.22502E-4 6.83588E-4 7.0598E-4 4.31949E-4 3.68179E-4 3.49619E-4 3.14779E-4 8.14475E-4 1.09516E-3 1.28486E-3 1.56734E-3 1.45089E-3
7.10922E-3 3.63876E-3 2.61707E-3 3.05458E-3 6.2115E-3 5.82084E-3 2.99083E-3 4.93213E-3 4.55558E-3 4.47793E-3 7.12739E-3 2.48828E-3 4.34323E-3 2.02099E-3 1.67444E-3 2.02444E-3 1.72035E-3 1.59577E-3 1.44229E-3 1.1065E-3 1.66111E-3 9.4509E-4 7.00172E-4 1.00863E-3 3.49891E-3 2.40586E-3 1.3511E-3 2.01297E-3 4.42941E-3 4.29309E-3 4.43509E-3 5.52496E-3 3.26314E-3 3.45339E-3 2.57528E-3 1.12915E-3 1.92415E-3 1.3045E-3 8.85898E-4 5.47749E-4 1.04515E-3 8.85005E-4 8.13038E-4 6.66037E-4 4.82266E-4 7.78406E-4 5.80884E-4 4.41885E-4 2.50158E-4 8.19903E-4 1.32533E-3 9.05431E-4 5.31262E-4 6.57733E-4 1.84021E-3 6.1442E-4 1.30109E-3 1.6544E-3 1.61987E-3 1.6186E-3 2.20998E-3
3.82013E-2 1.6736E-2 5.20507E-3 2.63862E-3 8.77627E-3 6.12562E-3 4.47531E-3 4.44819E-3 7.97987E-3 6.46001E-3 4.35734E-3 3.46497E-3 2.25493E-3 2.99243E-3 2.8878E-3 2.08611E-3 1.32901E-3 1.07141E-3 9.73467E-4 1.69756E-3 2.68576E-3 1.03041E-3 9.81338E-4 1.47555E-3 1.68927E-3 2.10625E-3 2.15282E-3 1.74201E-3 6.63985E-3 5.30099E-3 2.73602E-3 7.65756E-3 3.20345E-3 2.81735E-3 3.31426E-3 1.70314E-3 9.28964E-4 6.44728E-4 6.43452E-4 7.2013E-4 8.93483E-4 6.86633E-4 5.83963E-4 8.30797E-4 1.68827E-4 8.25081E-4 4.02459E-4 8.04016E-4 1.19206E-3 1.14437E-3 8.36076E-4 8.85714E-4 8.22343E-4 1.10112E-3 1.72716E-3 1.23573E-3 2.32912E-3 1.88477E-3 2.33684E-3 2.1339E-3 2.40009E-3
5.18746E-2 1.5048E-2 4.80671E-3 2.02847E-3 5.77919E-3 4.63375E-3 3.81486E-3 8.13246E-3 1.80182E-2 9.2569E-3 3.11111E-3 8.05474E-3 6.91029E-3 2.27415E-3 3.13722E-3 2.47357E-3 2.37727E-3 2.24664E-3 1.47568E-3 9.30253E-4 1.63602E-3 1.60737E-3 1.02389E-3 1.43853E-3 6.7282E-4 2.10769E-3 2.85197E-3 3.24292E-3 4.21394E-3 5.49071E-3 2.48381E-3 5.5567E-3 2.23971E-3 3.41613E-3 1.86756E-3 1.23925E-3 6.85014E-4 7.85599E-4 1.73166E-3 1.44912E-3 1.01295E-3 1.98422E-3 1.76954E-3 7.94994E-4 3.07047E-4 3.71639E-4 2.83726E-4 1.39772E-3 9.60641E-4 7.9771E-4 8.77384E-4 9.79359E-4 1.46395E-3 1.43854E-3 1.59616E-3 2.32794E-3 4.51479E-3 2.36049E-3 2.89635E-3 2.5958E-3 2.55124E-3
1.55732E-1 3.55658E-2 8.25258E-3 1.56968E-2 1.3354E-2 5.16264E-3 3.87205E-3 1.21375E-2 2.24809E-2 6.60359E-3 6.12919E-3 4.48433E-3 4.91105E-3 3.72828E-3 3.37045E-3 2.85626E-3 2.89134E-3 2.10569E-3 2.64132E-3 1.50762E-3 1.31859E-3 1.3572E-3 1.74043E-3 1.51148E-3 1.99556E-3 3.31568E-3 5.56096E-3 4.59282E-3 4.90462E-3 3.52161E-3 6.22938E-3 5.68251E-3 4.19884E-3 3.40986E-3 2.61552E-3 2.50695E-3 2.00322E-3 2.48147E-3 2.78979E-3 2.98454E-3 1.73027E-3 1.52762E-3 1.10122E-3 6.8788E-4 6.25895E-4 8.31558E-4 9.3572E-4 1.14468E-3 1.50062E-3 1.56746E-3 1.08655E-3 1.18919E-3 2.13931E-3 2.99081E-3 3.3323E-3 4.64632E-3 2.8741E-3 3.48604E-3 2.88235E-3 2.64286E-3 3.53432E-3
3.04229E-1 1.0348E-1 3.49522E-2 5.20549E-2 1.91892E-2 5.88593E-3 2.82095E-3 2.6199E-2 3.38319E-2 1.33233E-2 9.19958E-3 6.11602E-3 5.92012E-3 6.40842E-3 3.72729E-3 3.09622E-3 4.68658E-3 2.90948E-3 2.19087E-3 1.54049E-3 1.7881E-3 1.62632E-3 3.29312E-3 2.26661E-3 4.94957E-3 3.6578E-3 4.42077E-3 5.98634E-3 9.12557E-3 5.47825E-3 9.31029E-3 1.1228E-2 1.01979E-2 5.5811E-3 8.69535E-3 9.06575E-3 7.79646E-3 4.88109E-3 3.89691E-3 8.29116E-3 3.04883E-3 2.16462E-3 2.60636E-3 1.69852E-3 1.73778E-3 1.93425E-3 1.61388E-3 1.53759E-3 1.51758E-3 2.01736E-3 2.48271E-3 2.15345E-3 2.39937E-3 3.99553E-3 5.72134E-3 3.22601E-3 2.58856E-3 3.42381E-3 3.00485E-3 2.52355E-3 2.56799E-3
4.01248E-1 3.58007E-1 1.60795E-1 6.14196E-2 1.4532E-2 7.323E-3 1.6958E-3 5.77724E-3 1.50633E-2 3.34417E-2 1.54794E-2 1.75947E-2 1.51508E-2 1.25979E-2 9.46281E-3 6.59652E-3 5.25427E-3 5.66173E-3 5.12918E-3 3.35829E-3 2.58049E-3 2.49956E-3 3.74694E-3 2.34317E-3 2.3242E-3 4.6927E-3 5.13259E-3 8.28017E-3 9.56138E-3 9.87318E-3 1.39802E-2 1.99017E-2 2.57449E-2 1.60239E-2 2.19072E-2 2.26005E-2 2.20353E-2 1.46753E-2 2.29717E-2 3.17569E-2 1.58081E-2 7.68786E-3 3.98603E-3 3.90224E-3 2.63505E-3 2.15382E-3 2.49945E-3 3.51013E-3 3.26567E-3 3.13865E-3 3.00221E-3 3.67492E-3 2.66909E-3 5.73245E-3 6.04771E-3 5.66322E-3 4.80214E-3 3.20007E-3 3.52683E-3 2.94193E-3 2.29104E-3
4.21288E-1 6.36906E-1 3.726E-1 1.15153E-1 2.36543E-2 1.06899E-2 2.7038E-3 3.69872E-3 3.54508E-3 6.13746E-2 1.1021E-2 1.72711E-2 2.22524E-2 2.11864E-2 4.27355E-2 1.3468E-2 7.71161E-3 4.71057E-3 7.32747E-3 7.61564E-3 6.70914E-3 5.33311E-3 5.02649E-3 4.72649E-3 4.65517E-3 7.81379E-3 7.36266E-3 7.53871E-3 1.56631E-2 2.93313E-2 3.5245E-2 5.75872E-2 3.52925E-2 5.42732E-2 7.36535E-2 5.35529E-2 3.87878E-2 5.5838E-2 4.82068E-2 2.25726E-2 1.54212E-2 9.51465E-3 4.69621E-3 6.34655E-3 5.25141E-3 3.57437E-3 2.70341E-3 3.87209E-3 3.22179E-3 5.43166E-3 8.29524E-3 1.70345E-2 7.99145E-3 6.0744E-3 3.17141E-3 3.4035E-3 3.86358E-3 2.03996E-3 2.1926E-3 1.54225E-3 1.74682E-3
1.23036E-1 5.37391E-1 6.7734E-1 5.50441E-1 2.82458E-1 6.04987E-2 2.21153E-2 7.07115E-3 3.60647E-3 7.55264E-2 3.73874E-2 6.56112E-2 6.85154E-2 2.38815E-2 3.64417E-2 1.09718E-1 2.12406E-2 1.38609E-2 1.99244E-2 1.47728E-2 1.78551E-2 1.3006E-2 1.03461E-2 1.04124E-2 1.09831E-2 1.47493E-2 1.16139E-2 8.34196E-3 1.72894E-2 4.47913E-2 6.17541E-2 8.96928E-2 4.25439E-2 1.27197E-1 1.27874E-1 1.25251E-1 4.39863E-2 3.39548E-2 3.41796E-2 1.35215E-2 8.77282E-3 7.3667E-3 7.85362E-3 7.23119E-3 5.44981E-3 4.07078E-3 2.90831E-3 1.82562E-3 2.38172E-3 6.69293E-3 5.26633E-3 6.00191E-3 5.3216E-3 3.86452E-3 2.36027E-3 3.04871E-3 4.45512E-3 2.39991E-3 3.17062E-3 1.63268E-3 1.50589E-3
2.16906E-1 1.47142E-1 2.78542E-1 6.53449E-1 3.76722E-1 5.264E-2 2.35092E-2 1.39368E-2 2.77294E-3 5.39238E-2 8.059E-2 9.21243E-2 4.22041E-1 4.76516E-2 3.77687E-2 6.18441E-1 3.42106E-1 6.71421E-2 4.95612E-2 4.74834E-2 4.10241E-2 3.33237E-2 2.39914E-2 1.36689E-2 1.54042E-2 1.6249E-2 1.735E-2 1.25205E-2 1.46488E-2 6.79252E-2 1.18875E-1 1.37258E-1 1.62519E-1 2.14979E-1 1.81028E-1 6.39777E-2 1.62272E-2 1.00303E-2 1.47528E-2 1.15637E-2 5.43897E-3 5.47223E-3 3.71593E-3 5.5236E-3 4.36964E-3 3.01255E-3 2.57853E-3 2.15064E-3 4.45885E-3 4.40908E-3 2.17839E-3 2.15588E-3 2.01422E-3 2.46728E-3 3.66833E-3 2.24557E-3 3.97412E-3 2.85649E-3 1.95661E-3 1.40717E-3 1.15377E-3
6.30018E-2 8.8068E-2 1.74397E-1 2.89876E-1 6.54281E-1 3.71229E-1 4.03247E-2 4.00702E-3 2.31937E-3 6.28837E-3 8.319E-2 7.75388E-2 1.14433E-1 7.6672E-2 6.18572E-2 4.78574E-1 4.82779E-1 2.17452E-1 1.50614E-1 7.47268E-2 7.11502E-2 6.26938E-2 5.08799E-2 2.18264E-2 2.09617E-2 2.22243E-2 2.21438E-2 1.41062E-2 1.39859E-2 7.85856E-2 1.43185E-1 2.24191E-1 2.44033E-1 2.85804E-1 4.57495E-2 7.61809E-2 2.8969E-2 7.33906E-3 7.80917E-3 7.74981E-3 6.28685E-3 4.72338E-3 5.7517E-3 7.31089E-3 2.46717E-3 1.56492E-3 1.48439E-3 3.48549E-3 4.51198E-3 1.92692E-3 1.27994E-3 1.3087E-3 1.2865E-3 2.01455E-3 1.67443E-3 1.63519E-3 2.49017E-3 2.88367E-3 1.97791E-3 1.70766E-3 1.24988E-3
4.51661E-2 6.04897E-2 8.90468E-2 1.49056E-1 1.942E-1 7.01811E-1 1.58338E-1 5.32322E-3 5.95692E-3 3.29315E-3 3.28795E-2 1.14463E-1 7.32264E-2 8.64323E-2 3.33771E-1 8.77333E-2 1.0059E-1 1.15145E-1 5.14605E-1 9.40221E-2 8.49467E-2 8.7267E-2 1.00041E-1 2.40692E-2 1.17638E-2 1.37206E-2 2.66598E-2 4.51327E-2 5.23336E-2 1.36166E-1 1.60886E-1 2.34193E-1 3.55834E-1 2.87686E-1 2.10289E-1 2.74253E-1 2.8703E-2 5.26269E-3 5.73842E-3 4.93985E-3 6.31078E-3 5.40366E-3 6.44298E-3 1.62849E-2 6.38443E-3 1.30088E-3 1.08746E-3 3.6159E-3 1.71887E-3 1.68821E-3 1.59096E-3 1.43805E-3 1.43002E-3 1.53959E-3 1.9126E-3 2.20273E-3 1.44421E-3 1.36165E-3 1.65374E-3 2.14565E-3 1.70153E-3
4.4943E-2 5.01808E-2 5.48652E-2 9.1435E-2 1.42996E-1 6.5704E-1 2.89441E-1 2.17116E-2 1.58472E-2 6.16023E-3 2.28828E-2 1.11916E-1 6.36793E-2 9.3305E-2 3.26157E-1 2.51707E-1 7.64916E-2 7.96882E-1 6.14277E-1 1.34486E-1 1.51589E-1 1.50499E-1 7.74789E-2 5.26136E-2 1.71682E-2 1.2621E-2 4.24051E-2 1.7653E-1 2.64442E-1 2.09433E-1 2.58643E-1 3.69933E-1 5.45929E-1 2.14502E-1 2.80881E-1 3.31861E-1 2.17274E-2 3.13092E-3 1.03321E-2 1.62786E-2 1.5034E-2 1.80703E-2 1.38737E-2 9.61604E-3 1.38358E-2 8.11694E-3 1.78332E-3 5.28826E-3 2.59983E-3 2.55397E-3 2.14351E-3 1.57461E-3 1.45888E-3 1.66409E-3 1.91166E-3 1.61953E-3 1.25835E-3 1.34537E-3 1.46544E-3 1.35235E-3 1.62014E-3
6.18506E-2 6.38929E-2 5.77388E-2 5.88379E-2 7.86835E-2 5.93265E-1 5.32039E-1 7.80502E-2 3.57659E-2 9.91321E-3 2.69792E-2 2.01421E-1 1.70247E-1 8.02993E-2 2.33797E-1 4.91889E-1 1.02938E-1 6.63819E-1 8.60518E-1 1.37821E-1 1.81266E-1 2.1097E-1 9.73387E-2 5.35199E-2 5.63547E-2 3.69828E-2 6.9479E-2 2.48327E-1 4.33836E-1 4.4328E-1 6.79006E-1 5.76458E-1 6.36407E-1 5.51171E-1 4.57916E-1 1.31056E-1 1.92765E-2 6.25792E-3 1.11017E-2 3.80819E-2 7.89968E-3 3.57375E-3 2.61997E-3 3.47579E-3 2.12981E-3 6.22542E-3 7.74177E-3 8.80274E-3 4.88506E-3 3.10239E-3 2.91108E-3 1.86931E-3 1.65124E-3 1.579E-3 1.46432E-3 1.45316E-3 1.1844E-3 1.07969E-3 1.03339E-3 1.1387E-3 1.29162E-3
