data/maxent/outputs/red_94.asc
ncols         426
nrows         180
xllcorner     -130.0
yllcorner     24.0
cellsize      0.16666666666666666
NODATA_value  -9999
[rows 54 to 80 of 180, columns 244 to 304 of 426]
2.96119E-2 2.83567E-2 3.84695E-2 5.20919E-2 7.04232E-2 7.3331E-2 8.12561E-2 1.08565E-1 1.3884E-1 1.71419E-1 1.54399E-1 1.55226E-1 1.4261E-1 1.01688E-1 1.08022E-1 1.17817E-1 1.2845E-1 1.42804E-1 1.53041E-1 1.97457E-1 2.35233E-1 2.56132E-1 2.34239E-1 2.15173E-1 2.16072E-1 1.68602E-1 1.06388E-1 9.77229E-2 9.14316E-2 8.27698E-2 9.79524E-2 1.17968E-1 1.30443E-1 1.38625E-1 1.58136E-1 1.93737E-1 1.45754E-1 1.38757E-1 1.537E-1 1.71732E-1 1.78418E-1 1.77427E-1 1.84125E-1 1.87728E-1 1.88352E-1 1.84183E-1 1.87172E-1 2.51503E-1 3.47799E-1 2.92968E-1 2.17376E-1 1.98717E-1 2.08612E-1 2.10974E-1 2.37789E-1 2.769E-1 3.33832E-1 3.42544E-1 3.16918E-1 3.20617E-1 2.65727E-1
4.73526E-2 4.59317E-2 5.67758E-2 7.51119E-2 9.79612E-2 9.75659E-2 1.04181E-1 1.26208E-1 1.82407E-1 1.65516E-1 1.78472E-1 1.62954E-1 1.22787E-1 1.08785E-1 1.18248E-1 1.29262E-1 1.44865E-1 1.64472E-1 1.99506E-1 2.66373E-1 2.68294E-1 2.54074E-1 2.34785E-1 2.03571E-1 1.82045E-1 1.38979E-1 1.16241E-1 1.011E-1 8.45108E-2 8.23068E-2 8.25985E-2 9.63226E-2 1.15274E-1 1.31562E-1 1.64899E-1 1.72624E-1 1.98522E-1 1.46995E-1 1.70824E-1 1.82626E-1 1.90071E-1 1.93657E-1 1.95112E-1 1.9254E-1 1.92339E-1 1.9356E-1 1.89855E-1 2.00417E-1 3.53478E-1 3.57755E-1 2.95358E-1 2.39283E-1 2.27308E-1 2.23656E-1 2.47393E-1 3.41938E-1 3.80883E-1 3.71632E-1 3.45509E-1 3.55194E-1 3.28433E-1
7.04079E-2 7.93695E-2 8.72103E-2 1.02037E-1 1.13286E-1 1.08814E-1 1.15536E-1 1.40019E-1 1.75436E-1 1.67727E-1 1.71181E-1 1.50289E-1 1.10429E-1 1.18412E-1 1.28582E-1 1.40189E-1 1.55095E-1 1.77449E-1 2.38807E-1 3.03878E-1 2.71585E-1 2.38652E-1 2.00581E-1 1.77607E-1 1.5069E-1 1.40372E-1 1.20131E-1 1.17026E-1 9.90451E-2 9.32318E-2 8.50722E-2 9.25658E-2 1.1512E-1 1.31459E-1 1.51624E-1 1.8181E-1 1.85015E-1 1.49001E-1 1.7616E-1 1.96606E-1 2.01231E-1 2.02179E-1 2.0383E-1 2.03028E-1 1.99348E-1 1.93511E-1 1.91377E-1 2.03624E-1 3.61804E-1 3.81864E-1 3.80029E-1 3.35455E-1 3.91623E-1 3.39E-1 2.81188E-1 2.89038E-1 4.07046E-1 3.35499E-1 3.10277E-1 3.92851E-1 4.1055E-1
9.05267E-2 1.03356E-1 1.06802E-1 1.19637E-1 1.29273E-1 1.26182E-1 1.19351E-1 1.28286E-1 1.40295E-1 1.5993E-1 1.6221E-1 1.21238E-1 1.17281E-1 1.2618E-1 1.3935E-1 1.47935E-1 1.62649E-1 1.77341E-1 2.53197E-1 2.85576E-1 2.59445E-1 2.26565E-1 1.90192E-1 1.57668E-1 1.36223E-1 1.25897E-1 1.17608E-1 1.41314E-1 1.14417E-1 1.00579E-1 9.53201E-2 1.09244E-1 1.28743E-1 1.36157E-1 1.58741E-1 1.89357E-1 1.84634E-1 1.54839E-1 1.83735E-1 2.03277E-1 2.09635E-1 2.20136E-1 2.23799E-1 2.20132E-1 2.14896E-1 2.10183E-1 2.27558E-1 3.79093E-1 4.08005E-1 4.05888E-1 3.69806E-1 2.99943E-1 2.94655E-1 2.73806E-1 3.9876E-1 4.86082E-1 4.15501E-1 3.77666E-1 3.46319E-1 3.21653E-1 3.60523E-1
9.77436E-2 1.08855E-1 1.15827E-1 1.24095E-1 1.31896E-1 1.45062E-1 1.33337E-1 1.28348E-1 1.43065E-1 1.6479E-1 1.66732E-1 1.2208E-1 1.20925E-1 1.34021E-1 1.44928E-1 1.55041E-1 1.65057E-1 1.97332E-1 2.78313E-1 2.60189E-1 2.4785E-1 2.15486E-1 1.67191E-1 1.53686E-1 1.32118E-1 1.09425E-1 1.25749E-1 1.41597E-1 1.27573E-1 1.22574E-1 1.19978E-1 1.23771E-1 1.35981E-1 1.44188E-1 1.7129E-1 1.9133E-1 1.57735E-1 1.53294E-1 1.86085E-1 2.02792E-1 2.21246E-1 2.32092E-1 2.40382E-1 2.38932E-1 2.29141E-1 2.21307E-1 3.44911E-1 4.13199E-1 4.28213E-1 4.29045E-1 4.05476E-1 3.91593E-1 2.78943E-1 2.50009E-1 3.33557E-1 4.1311E-1 3.91847E-1 3.42774E-1 3.55421E-1 3.86837E-1 3.68348E-1
1.0075E-1 1.10101E-1 1.35648E-1 1.49644E-1 1.46658E-1 1.54317E-1 1.55286E-1 1.47835E-1 1.62258E-1 1.77099E-1 1.4949E-1 1.19865E-1 1.27635E-1 1.39909E-1 1.51874E-1 1.60958E-1 1.73832E-1 2.68581E-1 2.69418E-1 2.62379E-1 2.53454E-1 2.2277E-1 1.99959E-1 1.69696E-1 1.50325E-1 1.35397E-1 1.42278E-1 1.54828E-1 1.47706E-1 1.42805E-1 1.33669E-1 1.38858E-1 1.46763E-1 1.67477E-1 2.01612E-1 1.55417E-1 1.67406E-1 2.08765E-1 2.80417E-1 2.7261E-1 2.35243E-1 2.45003E-1 2.58028E-1 2.56972E-1 2.39047E-1 3.21139E-1 4.37584E-1 4.27704E-1 4.42995E-1 4.5813E-1 4.96661E-1 4.37398E-1 3.48214E-1 2.82179E-1 2.02039E-1 2.49882E-1 3.54832E-1 3.29917E-1 3.38019E-1 3.6422E-1 3.33724E-1
1.08091E-1 1.15073E-1 1.30498E-1 1.33865E-1 1.38876E-1 1.59887E-1 1.56499E-1 1.69314E-1 1.78287E-1 1.72225E-1 1.20508E-1 1.22552E-1 1.31701E-1 1.42931E-1 1.53847E-1 1.63231E-1 1.77187E-1 2.79789E-1 2.83322E-1 2.7494E-1 2.60431E-1 2.40072E-1 2.18156E-1 1.99274E-1 1.8067E-1 1.76093E-1 1.75054E-1 1.63192E-1 1.59084E-1 1.62174E-1 1.59806E-1 1.6336E-1 1.83783E-1 1.89556E-1 1.67723E-1 1.89233E-1 2.25241E-1 2.51412E-1 3.24455E-1 4.11617E-1 2.79717E-1 2.54763E-1 2.66533E-1 2.68756E-1 2.61312E-1 3.62244E-1 4.72191E-1 4.39014E-1 4.42114E-1 4.45852E-1 4.90945E-1 4.32611E-1 2.97053E-1 2.19934E-1 1.87966E-1 2.54488E-1 3.09822E-1 3.63884E-1 3.69292E-1 4.22933E-1 4.35877E-1
1.24569E-1 1.33368E-1 1.24859E-1 1.29403E-1 1.2777E-1 1.33136E-1 1.47772E-1 1.66499E-1 1.806E-1 1.83124E-1 1.21062E-1 1.24815E-1 1.37235E-1 1.50164E-1 1.61194E-1 1.70607E-1 1.9848E-1 2.88864E-1 2.92097E-1 2.8116E-1 2.7638E-1 2.6198E-1 2.47462E-1 2.30372E-1 2.16123E-1 1.80739E-1 1.76796E-1 1.63583E-1 1.68868E-1 1.77564E-1 1.78512E-1 1.81231E-1 2.10218E-1 1.65234E-1 1.75421E-1 1.85201E-1 1.8947E-1 2.29991E-1 2.80349E-1 3.77889E-1 3.44789E-1 2.46281E-1 2.72034E-1 2.80423E-1 2.74189E-1 3.88246E-1 5.05798E-1 4.68486E-1 4.6357E-1 4.87189E-1 4.98958E-1 3.94233E-1 3.23117E-1 2.84492E-1 2.55884E-1 2.95729E-1 3.99229E-1 4.38188E-1 4.3001E-1 4.23188E-1 4.02212E-1
1.18641E-1 1.24107E-1 1.30269E-1 1.26636E-1 1.33641E-1 1.28246E-1 1.42319E-1 1.57014E-1 1.74894E-1 1.6167E-1 1.15725E-1 1.30663E-1 1.43973E-1 1.5716E-1 1.69008E-1 1.77657E-1 2.29082E-1 2.96565E-1 2.97137E-1 2.9161E-1 2.8985E-1 2.69872E-1 2.70903E-1 2.45496E-1 2.26582E-1 2.02979E-1 1.94534E-1 1.83356E-1 1.86505E-1 1.9282E-1 1.94226E-1 1.85944E-1 2.01965E-1 1.96821E-1 1.80403E-1 1.71643E-1 1.85671E-1 2.11411E-1 2.45328E-1 2.9663E-1 3.36404E-1 2.38107E-1 2.64216E-1 2.80669E-1 2.88111E-1 3.88012E-1 5.41564E-1 5.17093E-1 5.11039E-1 5.57299E-1 4.29488E-1 4.11729E-1 4.06688E-1 3.84196E-1 3.95045E-1 3.94366E-1 4.73845E-1 5.07137E-1 4.25109E-1 3.15017E-1 2.77559E-1
1.12528E-1 1.17357E-1 1.33086E-1 1.21419E-1 1.29836E-1 1.28467E-1 1.44008E-1 1.56009E-1 1.71766E-1 1.21807E-1 1.22027E-1 1.35072E-1 1.48145E-1 1.59091E-1 1.73238E-1 1.82072E-1 1.89026E-1 3.03553E-1 3.02602E-1 3.04158E-1 2.95397E-1 2.87346E-1 2.71834E-1 2.40572E-1 2.31673E-1 2.18649E-1 2.10929E-1 1.98996E-1 1.98235E-1 1.80995E-1 1.95806E-1 1.9818E-1 1.96931E-1 1.86811E-1 1.8998E-1 1.89759E-1 1.90935E-1 2.00493E-1 2.18896E-1 2.62304E-1 3.57505E-1 2.44886E-1 2.63882E-1 2.7944E-1 2.91079E-1 4.16416E-1 5.42146E-1 5.31505E-1 5.37007E-1 6.20896E-1 5.42959E-1 4.54179E-1 4.44812E-1 4.36797E-1 4.24121E-1 4.68172E-1 5.33529E-1 5.54093E-1 4.22098E-1 3.08192E-1 2.73845E-1
1.04492E-1 1.09793E-1 1.26124E-1 1.25927E-1 1.26041E-1 1.36363E-1 1.46771E-1 1.59094E-1 1.8184E-1 1.22004E-1 1.31245E-1 1.42871E-1 1.5734E-1 1.65975E-1 1.75851E-1 1.84909E-1 1.93947E-1 2.3866E-1 3.13658E-1 2.95895E-1 2.80987E-1 2.78733E-1 2.74763E-1 2.54083E-1 2.43233E-1 2.39017E-1 2.2507E-1 2.10562E-1 1.99278E-1 1.9559E-1 1.98654E-1 1.97611E-1 1.96525E-1 1.9639E-1 2.02439E-1 1.91781E-1 1.87705E-1 1.97005E-1 2.06887E-1 2.43109E-1 3.27378E-1 2.42176E-1 2.53804E-1 3.16749E-1 4.28846E-1 5.40181E-1 5.68383E-1 5.767E-1 6.36264E-1 6.73267E-1 6.1838E-1 5.3223E-1 4.81911E-1 4.35966E-1 4.09047E-1 4.66185E-1 4.86853E-1 4.91488E-1 5.44425E-1 4.23218E-1 2.9093E-1
1.11181E-1 1.12236E-1 1.26923E-1 1.29673E-1 1.34119E-1 1.5953E-1 1.58081E-1 1.82206E-1 1.83291E-1 1.34933E-1 1.40997E-1 1.53402E-1 1.61436E-1 1.69208E-1 1.79168E-1 1.86612E-1 1.91476E-1 2.08901E-1 2.72161E-1 2.74776E-1 2.72217E-1 2.81242E-1 2.68966E-1 2.64082E-1 2.48202E-1 2.47749E-1 2.26012E-1 2.10133E-1 1.98169E-1 1.94996E-1 1.97607E-1 1.97431E-1 1.9597E-1 2.01468E-1 1.97899E-1 1.97193E-1 1.99478E-1 2.05217E-1 2.16593E-1 2.50611E-1 3.1618E-1 3.05175E-1 3.12028E-1 4.67458E-1 5.23538E-1 6.31388E-1 7.45599E-1 7.19952E-1 7.281E-1 7.05459E-1 6.38485E-1 5.64642E-1 5.23948E-1 4.69543E-1 4.31841E-1 4.72246E-1 5.25268E-1 5.83675E-1 6.17905E-1 5.54355E-1 4.38576E-1
1.19609E-1 1.18174E-1 1.33846E-1 1.28068E-1 1.40442E-1 1.5844E-1 1.67718E-1 1.9746E-1 2.0074E-1 1.44765E-1 1.52455E-1 1.5944E-1 1.65532E-1 1.74242E-1 1.7974E-1 1.86949E-1 1.91401E-1 1.99858E-1 2.29739E-1 2.67141E-1 2.6826E-1 2.73198E-1 2.56829E-1 2.55459E-1 2.4402E-1 2.4302E-1 2.32944E-1 2.1374E-1 2.03155E-1 2.08563E-1 2.08113E-1 2.11049E-1 2.0635E-1 2.12798E-1 2.11856E-1 2.1625E-1 2.25676E-1 2.37633E-1 2.45563E-1 2.90531E-1 3.56314E-1 4.13294E-1 4.4278E-1 4.79073E-1 5.17092E-1 6.19971E-1 7.03306E-1 7.05397E-1 7.18953E-1 6.64359E-1 6.38895E-1 6.20771E-1 6.08552E-1 5.72991E-1 5.75556E-1 5.17011E-1 4.90206E-1 4.90815E-1 4.63361E-1 4.41572E-1 3.96884E-1
1.15474E-1 1.2282E-1 1.2113E-1 1.313E-1 1.5383E-1 1.65311E-1 1.68589E-1 1.79335E-1 2.05666E-1 1.79765E-1 1.57362E-1 1.62969E-1 1.73491E-1 1.80949E-1 1.86177E-1 1.91091E-1 1.91022E-1 2.01114E-1 2.22732E-1 2.65054E-1 2.60554E-1 2.71589E-1 2.75708E-1 2.4844E-1 2.31766E-1 2.27536E-1 2.24742E-1 2.17504E-1 2.16547E-1 2.17849E-1 2.26181E-1 2.26034E-1 2.35537E-1 2.50414E-1 2.5943E-1 2.62482E-1 2.60935E-1 2.74436E-1 2.88777E-1 3.3623E-1 4.07693E-1 4.33123E-1 4.34636E-1 4.54501E-1 4.7418E-1 5.30263E-1 5.68571E-1 5.73143E-1 5.63193E-1 5.52198E-1 5.62493E-1 5.89592E-1 5.69011E-1 5.81154E-1 4.80085E-1 3.88085E-1 3.10607E-1 2.77516E-1 2.65781E-1 2.63118E-1 2.58467E-1
1.23051E-1 1.16559E-1 1.19061E-1 1.29281E-1 1.61535E-1 1.84816E-1 1.71682E-1 1.85364E-1 1.93722E-1 1.6056E-1 1.56586E-1 1.72672E-1 1.84017E-1 1.89871E-1 1.95555E-1 2.01499E-1 2.09105E-1 2.01898E-1 2.54202E-1 2.64139E-1 2.8446E-1 2.88554E-1 2.81776E-1 2.69865E-1 2.34325E-1 2.26462E-1 2.26242E-1 2.19153E-1 2.13355E-1 2.11792E-1 2.21584E-1 2.36356E-1 2.53616E-1 2.77435E-1 2.90496E-1 2.89994E-1 2.68495E-1 2.76903E-1 3.0775E-1 3.16518E-1 3.94817E-1 4.40398E-1 4.15716E-1 4.26586E-1 4.46483E-1 4.61011E-1 4.49012E-1 3.36542E-1 2.96395E-1 3.06443E-1 3.30005E-1 3.66933E-1 4.30562E-1 4.30657E-1 3.67767E-1 3.13776E-1 2.7785E-1 2.6426E-1 2.52697E-1 2.54904E-1 2.85456E-1
1.28312E-1 1.27739E-1 1.30601E-1 1.2956E-1 1.47036E-1 1.58744E-1 1.75738E-1 1.98105E-1 2.02773E-1 1.59296E-1 1.63288E-1 1.83008E-1 1.9471E-1 2.01571E-1 2.08679E-1 2.12819E-1 2.18911E-1 2.08344E-1 2.56322E-1 2.70952E-1 2.90472E-1 2.84862E-1 2.79331E-1 2.69594E-1 2.46676E-1 2.35313E-1 2.30435E-1 2.19361E-1 2.09321E-1 2.05288E-1 2.22325E-1 2.56209E-1 2.83572E-1 3.22554E-1 3.25561E-1 2.82222E-1 2.85295E-1 3.06545E-1 3.46239E-1 2.75087E-1 3.36967E-1 4.32724E-1 4.44739E-1 4.40022E-1 4.37077E-1 3.73711E-1 2.67662E-1 2.44914E-1 2.50773E-1 2.63622E-1 2.7026E-1 2.81653E-1 2.90171E-1 2.85966E-1 2.86685E-1 2.80775E-1 2.73562E-1 2.53039E-1 2.56255E-1 3.34179E-1 4.06145E-1
1.32626E-1 1.3382E-1 1.25216E-1 1.2361E-1 1.35214E-1 1.48989E-1 1.6187E-1 1.86253E-1 1.96277E-1 1.65506E-1 1.6908E-1 1.86551E-1 2.02314E-1 2.11615E-1 2.18844E-1 2.31066E-1 2.23168E-1 2.53737E-1 2.53586E-1 2.7556E-1 2.82021E-1 2.8473E-1 2.66581E-1 2.58006E-1 2.48699E-1 2.3944E-1 2.27253E-1 2.226E-1 2.18557E-1 2.14397E-1 2.37003E-1 2.64719E-1 3.00348E-1 3.42397E-1 3.35841E-1 3.06791E-1 3.06156E-1 3.44871E-1 3.7155E-1 4.12428E-1 4.42209E-1 4.63279E-1 4.39142E-1 3.4892E-1 2.92259E-1 2.47712E-1 2.39722E-1 2.44331E-1 2.52485E-1 2.61651E-1 2.65188E-1 2.72884E-1 2.72675E-1 2.79044E-1 2.74392E-1 2.72683E-1 3.05759E-1 3.81207E-1 4.03072E-1 4.1038E-1 3.60438E-1
1.38644E-1 1.27024E-1 1.24965E-1 1.29028E-1 1.34049E-1 1.48698E-1 1.59424E-1 1.76888E-1 1.91938E-1 2.14054E-1 1.75542E-1 1.84643E-1 2.02841E-1 2.15905E-1 2.2845E-1 2.28201E-1 2.43608E-1 2.35997E-1 2.56625E-1 2.89486E-1 2.8479E-1 2.82557E-1 2.58923E-1 2.44615E-1 2.44291E-1 2.40852E-1 2.38591E-1 2.37181E-1 2.45268E-1 2.4498E-1 2.55468E-1 2.83368E-1 2.92844E-1 3.07877E-1 3.14506E-1 3.06677E-1 3.10908E-1 3.44292E-1 3.53356E-1 4.11228E-1 4.44074E-1 3.57046E-1 2.88025E-1 2.65918E-1 2.58787E-1 2.45876E-1 2.46246E-1 2.47053E-1 2.53509E-1 2.51559E-1 2.63863E-1 2.68764E-1 2.7575E-1 2.92648E-1 3.24532E-1 3.65309E-1 4.116E-1 4.08555E-1 3.91064E-1 3.91472E-1 3.94094E-1
1.35199E-1 1.2961E-1 1.33831E-1 1.35457E-1 1.37404E-1 1.54452E-1 1.60622E-1 1.74581E-1 1.97436E-1 2.07983E-1 1.96436E-1 1.75525E-1 1.88637E-1 2.02664E-1 2.14255E-1 2.16489E-1 2.56374E-1 2.55991E-1 2.77944E-1 2.94884E-1 2.95972E-1 2.74502E-1 2.43104E-1 2.46074E-1 2.46286E-1 2.49463E-1 2.57937E-1 2.67434E-1 2.70343E-1 2.5962E-1 2.60052E-1 2.62089E-1 2.67756E-1 2.7531E-1 2.84759E-1 2.86836E-1 2.68757E-1 2.28034E-1 2.55291E-1 2.59609E-1 2.96507E-1 2.80295E-1 2.6958E-1 2.68271E-1 2.60667E-1 2.56399E-1 2.54647E-1 2.45135E-1 2.48085E-1 2.61148E-1 2.84756E-1 3.05096E-1 3.31269E-1 3.41104E-1 3.62331E-1 3.84071E-1 3.84881E-1 3.90014E-1 3.78942E-1 3.65756E-1 3.52832E-1
1.32885E-1 1.30085E-1 1.32377E-1 1.32067E-1 1.40731E-1 1.54018E-1 1.61474E-1 1.77465E-1 2.05568E-1 2.08079E-1 2.12465E-1 1.92171E-1 1.74745E-1 2.05006E-1 2.48743E-1 2.59681E-1 2.60153E-1 2.61215E-1 2.75705E-1 2.79513E-1 2.65629E-1 2.57767E-1 2.49245E-1 2.47912E-1 2.57449E-1 2.63023E-1 2.706E-1 2.69183E-1 2.67182E-1 2.49774E-1 2.3748E-1 2.41847E-1 2.55035E-1 2.66645E-1 2.60019E-1 2.68662E-1 2.2112E-1 2.00217E-1 2.12461E-1 2.36213E-1 2.5011E-1 2.548E-1 2.57836E-1 2.63443E-1 2.59963E-1 2.56067E-1 2.54442E-1 2.75548E-1 3.03216E-1 3.6475E-1 3.33938E-1 3.15939E-1 3.16073E-1 3.25404E-1 3.36894E-1 3.46307E-1 3.5948E-1 3.584E-1 3.38287E-1 3.41251E-1 3.29913E-1
1.31439E-1 1.27228E-1 1.24065E-1 1.34956E-1 1.50265E-1 1.4798E-1 1.58576E-1 1.68665E-1 1.79316E-1 1.93987E-1 2.01135E-1 2.00963E-1 2.03207E-1 2.23019E-1 2.40913E-1 2.54438E-1 2.53539E-1 2.50977E-1 2.75275E-1 2.63914E-1 2.52657E-1 2.47797E-1 2.51257E-1 2.64385E-1 2.66467E-1 2.67122E-1 2.64393E-1 2.55486E-1 2.57221E-1 2.36743E-1 2.22128E-1 2.26592E-1 2.49799E-1 2.53602E-1 2.42225E-1 2.33212E-1 2.36497E-1 2.5869E-1 2.31795E-1 2.44731E-1 2.12988E-1 2.37972E-1 2.51291E-1 2.71715E-1 2.71706E-1 2.73133E-1 3.06479E-1 3.60378E-1 4.12895E-1 3.98151E-1 3.28752E-1 2.99559E-1 2.95022E-1 3.00899E-1 2.96948E-1 3.14457E-1 3.30392E-1 3.11585E-1 3.13386E-1 3.19037E-1 3.13319E-1
1.24311E-1 1.26708E-1 1.30109E-1 1.47858E-1 1.48331E-1 1.53015E-1 1.73456E-1 1.63228E-1 1.58053E-1 1.73342E-1 1.84755E-1 2.02104E-1 2.0019E-1 2.02339E-1 2.06277E-1 2.21626E-1 2.22732E-1 2.45414E-1 2.51187E-1 2.49288E-1 2.44574E-1 2.56231E-1 2.65314E-1 2.64219E-1 2.68367E-1 2.48913E-1 2.4383E-1 2.46587E-1 2.36742E-1 2.33617E-1 2.19263E-1 2.21758E-1 2.33706E-1 2.34016E-1 2.25229E-1 2.31613E-1 2.32106E-1 2.39776E-1 2.5408E-1 2.55195E-1 2.6052E-1 2.84012E-1 3.16275E-1 3.16868E-1 3.341E-1 3.33939E-1 3.3777E-1 3.67223E-1 3.85261E-1 3.48581E-1 2.7391E-1 2.73059E-1 2.37773E-1 2.34791E-1 2.5974E-1 2.89693E-1 2.88152E-1 2.86836E-1 2.95355E-1 3.10863E-1 3.15179E-1
1.38158E-1 1.42864E-1 1.52931E-1 1.57759E-1 1.65121E-1 1.57997E-1 1.7755E-1 1.64466E-1 1.56167E-1 1.58658E-1 1.78935E-1 1.91263E-1 1.87278E-1 1.75186E-1 1.90977E-1 2.04213E-1 2.26683E-1 2.39323E-1 2.40535E-1 2.45163E-1 2.52065E-1 2.65112E-1 2.69757E-1 2.70635E-1 2.60252E-1 2.55312E-1 2.42876E-1 2.33176E-1 2.40937E-1 2.39676E-1 2.28858E-1 2.33003E-1 2.32059E-1 2.33138E-1 2.336E-1 2.40704E-1 2.46004E-1 2.48205E-1 2.47073E-1 2.37859E-1 2.46997E-1 2.65182E-1 2.833E-1 2.84984E-1 3.05395E-1 3.37747E-1 3.37044E-1 3.37973E-1 3.41561E-1 3.07358E-1 2.44363E-1 2.27744E-1 2.1985E-1 2.16924E-1 2.19524E-1 2.49411E-1 2.6775E-1 2.72686E-1 2.63678E-1 2.72541E-1 3.14047E-1
1.49478E-1 1.48078E-1 1.57347E-1 1.65647E-1 1.51684E-1 1.53156E-1 1.51314E-1 1.57484E-1 1.67328E-1 1.7282E-1 1.81866E-1 1.85645E-1 1.89293E-1 1.83324E-1 1.87131E-1 1.8638E-1 2.09273E-1 2.24018E-1 2.33546E-1 2.504E-1 2.58602E-1 2.60071E-1 2.61563E-1 2.64548E-1 2.70417E-1 2.61259E-1 2.39477E-1 2.37603E-1 2.41783E-1 2.39605E-1 2.44261E-1 2.47634E-1 2.53329E-1 2.59392E-1 2.61522E-1 2.48709E-1 2.54543E-1 2.62182E-1 2.58497E-1 2.52986E-1 2.5642E-1 2.64004E-1 2.75751E-1 2.82392E-1 3.00355E-1 3.0994E-1 3.09603E-1 3.12521E-1 3.08036E-1 2.85556E-1 2.50959E-1 2.22038E-1 2.05031E-1 2.01172E-1 2.10764E-1 2.18794E-1 2.37605E-1 2.5978E-1 2.42441E-1 2.48543E-1 2.72865E-1
1.52126E-1 1.57154E-1 1.5897E-1 1.56791E-1 1.57729E-1 1.55972E-1 1.52519E-1 1.56711E-1 1.65258E-1 1.7051E-1 1.7377E-1 1.79878E-1 1.86683E-1 1.96265E-1 1.91286E-1 2.02082E-1 2.1011E-1 2.27169E-1 2.40535E-1 2.52129E-1 2.55674E-1 2.56843E-1 2.59614E-1 2.593E-1 2.61948E-1 2.63053E-1 2.61395E-1 2.62648E-1 2.57306E-1 2.45705E-1 2.46828E-1 2.52616E-1 2.63443E-1 2.60631E-1 2.57566E-1 2.513E-1 2.4856E-1 2.57422E-1 2.51413E-1 2.51991E-1 2.58145E-1 2.6459E-1 2.67718E-1 2.67499E-1 2.69858E-1 2.6188E-1 2.85592E-1 2.91049E-1 2.75893E-1 2.64942E-1 2.47071E-1 2.17151E-1 2.09437E-1 1.96285E-1 2.15337E-1 2.49728E-1 2.29868E-1 2.35338E-1 2.52945E-1 2.65659E-1 2.85438E-1
1.63926E-1 1.65815E-1 1.60003E-1 1.57615E-1 1.62252E-1 1.62062E-1 1.63862E-1 1.64796E-1 1.74192E-1 1.84887E-1 1.77011E-1 1.74323E-1 1.84304E-1 1.91434E-1 1.9955E-1 2.12404E-1 2.25083E-1 2.43512E-1 2.53413E-1 2.60098E-1 2.64598E-1 2.62341E-1 2.66709E-1 2.57382E-1 2.58318E-1 2.60629E-1 2.61403E-1 2.67879E-1 2.66075E-1 2.49722E-1 2.4573E-1 2.6268E-1 2.63941E-1 2.57521E-1 2.5803E-1 2.48308E-1 2.42347E-1 2.43087E-1 2.46493E-1 2.65081E-1 2.77593E-1 2.70097E-1 2.6338E-1 2.47796E-1 2.4119E-1 2.44501E-1 2.43731E-1 2.63274E-1 2.50909E-1 2.4202E-1 2.31229E-1 2.20639E-1 2.15332E-1 2.24845E-1 2.17016E-1 2.22757E-1 2.35448E-1 2.25052E-1 2.19384E-1 2.42148E-1 2.4974E-1
1.81469E-1 1.85706E-1 1.82736E-1 1.6729E-1 1.72783E-1 1.75256E-1 1.69242E-1 1.73047E-1 1.69201E-1 1.6709E-1 1.69733E-1 1.77713E-1 1.8566E-1 1.95136E-1 2.05234E-1 2.16406E-1 2.33691E-1 2.46462E-1 2.57403E-1 2.63465E-1 2.63599E-1 2.60461E-1 2.61653E-1 2.55337E-1 2.53431E-1 2.5572E-1 2.53762E-1 2.54854E-1 2.65224E-1 2.44528E-1 2.38129E-1 2.48994E-1 2.48608E-1 2.47013E-1 2.48599E-1 2.42927E-1 2.34826E-1 2.33671E-1 2.36644E-1 2.64308E-1 2.67471E-1 2.6917E-1 2.60033E-1 2.54519E-1 2.3758E-1 2.31503E-1 2.29159E-1 2.42712E-1 2.51533E-1 2.31972E-1 2.256E-1 2.29585E-1 2.31909E-1 2.36607E-1 2.39148E-1 2.52092E-1 2.50558E-1 2.33015E-1 2.32047E-1 2.29934E-1 2.54054E-1
