data/maxent/outputs/red_282.asc
ncols         426
nrows         180
xllcorner     -130.0
yllcorner     24.0
cellsize      0.16666666666666666
NODATA_value  -9999
[rows 0 to 26 of 180, columns 61 to 121 of 426]
8.38817E-3 8.41578E-3 1.38437E-2 1.65414E-2 1.75761E-2 1.4064E-2 1.19926E-2 1.04964E-2 9.8546E-3 8.83502E-3 9.09726E-3 1.16959E-2 1.21139E-2 1.21402E-2 1.3048E-2 1.17865E-2 1.35383E-2 1.03038E-2 6.66624E-3 5.19018E-3 5.3569E-3 5.60888E-3 5.6534E-3 7.17677E-3 7.41818E-3 5.97546E-3 5.82259E-3 4.58025E-3 5.53389E-3 6.2144E-3 6.96345E-3 9.14491E-3 1.26141E-2 1.27823E-2 1.36855E-2 9.32236E-3 8.42734E-3 7.20003E-3 8.84709E-3 9.18011E-3 9.71804E-3 9.97543E-3 8.25605E-3 7.74829E-3 7.70663E-3 7.02401E-3 8.94935E-3 8.90558E-3 8.23409E-3 6.98823E-3 6.72677E-3 7.59374E-3 6.90131E-3 7.11031E-3 6.9872E-3 6.16235E-3 5.82914E-3 5.72846E-3 5.30199E-3 4.56257E-3 5.29726E-3
8.51915E-3 7.75378E-3 2.18508E-2 1.20453E-2 1.07207E-2 1.08847E-2 9.85054E-3 8.46397E-3 8.50688E-3 8.56776E-3 7.79867E-3 8.46745E-3 9.03701E-3 9.68058E-3 8.92049E-3 1.04546E-2 1.19684E-2 6.79361E-3 6.57662E-3 8.0563E-3 7.97429E-3 6.45247E-3 5.80223E-3 4.84941E-3 3.86539E-3 4.43314E-3 7.80841E-3 4.94328E-3 5.19883E-3 7.59988E-3 8.34277E-3 1.02284E-2 1.492E-2 1.2422E-2 1.62314E-2 1.41744E-2 8.78772E-3 9.73775E-3 8.39993E-3 1.16549E-2 1.32548E-2 1.22227E-2 1.3507E-2 8.8136E-3 8.71266E-3 9.44953E-3 7.97863E-3 9.75848E-3 9.79354E-3 9.116E-3 7.12926E-3 7.34955E-3 8.07596E-3 7.3702E-3 6.74794E-3 6.75815E-3 6.5439E-3 6.30525E-3 5.7879E-3 4.42629E-3 4.36649E-3
8.55707E-3 1.06666E-2 8.43324E-3 1.31543E-2 4.54508E-3 5.61982E-3 4.90291E-3 5.68181E-3 6.31071E-3 7.46667E-3 7.45637E-3 7.40069E-3 7.71449E-3 6.03897E-3 7.23183E-3 9.98903E-3 1.03979E-2 1.03643E-2 9.76038E-3 8.2942E-3 6.79421E-3 6.50453E-3 5.38079E-3 5.38243E-3 4.71493E-3 5.48902E-3 8.41525E-3 6.35445E-3 5.06683E-3 7.23504E-3 1.20119E-2 1.69327E-2 1.41489E-2 1.26787E-2 1.53528E-2 1.61836E-2 1.51637E-2 3.66939E-2 4.38658E-2 2.37144E-2 1.31283E-2 1.33607E-2 1.22711E-2 9.53394E-3 8.28944E-3 9.3957E-3 8.83176E-3 9.57716E-3 1.00749E-2 8.14122E-3 8.2004E-3 7.24125E-3 7.99549E-3 7.4776E-3 7.28746E-3 6.92687E-3 6.61558E-3 6.36728E-3 6.44923E-3 5.55874E-3 4.97714E-3
9.11759E-3 5.21314E-3 3.06171E-3 1.09425E-2 4.24875E-3 3.15586E-3 4.1298E-3 6.54196E-3 9.72845E-3 8.96932E-3 7.50837E-3 7.69282E-3 8.72618E-3 1.05486E-2 8.29633E-3 7.62534E-3 8.55054E-3 9.04874E-3 9.50985E-3 7.96592E-3 7.49264E-3 6.58284E-3 5.90813E-3 5.67376E-3 5.55996E-3 5.55697E-3 7.05934E-3 6.43639E-3 7.28096E-3 6.80791E-3 7.20802E-3 1.23774E-2 1.93615E-2 1.39153E-2 1.21518E-2 1.15604E-2 1.4436E-2 2.24531E-2 2.21193E-2 1.20788E-2 1.55426E-2 1.53201E-2 1.49395E-2 1.63498E-2 9.0964E-3 8.68106E-3 8.53745E-3 8.7892E-3 9.44752E-3 9.09043E-3 8.17762E-3 8.14882E-3 7.87288E-3 8.20258E-3 7.82259E-3 7.22119E-3 7.00516E-3 6.85309E-3 6.18412E-3 6.45873E-3 6.03316E-3
1.01505E-2 1.13086E-2 6.8195E-3 4.61192E-3 3.30876E-3 2.92662E-3 4.44502E-3 6.27097E-3 5.45093E-3 9.27165E-3 9.35364E-3 1.04616E-2 8.84966E-3 6.50906E-3 5.65989E-3 6.74378E-3 7.43097E-3 9.23131E-3 8.84388E-3 7.16132E-3 6.34883E-3 5.87475E-3 5.88134E-3 5.70053E-3 5.49576E-3 5.7347E-3 5.52774E-3 6.41635E-3 5.8615E-3 8.58639E-3 9.59134E-3 1.11286E-2 1.33492E-2 1.52681E-2 1.42359E-2 1.49032E-2 1.43632E-2 1.56288E-2 1.27087E-2 9.37253E-3 1.05762E-2 1.32545E-2 1.48405E-2 1.61653E-2 1.34954E-2 1.16496E-2 1.07334E-2 8.78271E-3 9.31366E-3 1.16004E-2 9.16241E-3 9.10371E-3 8.45714E-3 9.00735E-3 9.53647E-3 8.39982E-3 8.03431E-3 7.48868E-3 7.39371E-3 7.71849E-3 7.10807E-3
5.20635E-2 3.82222E-2 1.02512E-2 1.62598E-2 6.40925E-3 7.98015E-3 4.11551E-3 4.2546E-3 5.04938E-3 6.93214E-3 1.3444E-2 1.11522E-2 7.34008E-3 5.21259E-3 5.05494E-3 4.9442E-3 5.21621E-3 5.31288E-3 5.94824E-3 5.92466E-3 5.38968E-3 4.60228E-3 4.64341E-3 5.1664E-3 6.49217E-3 7.05054E-3 8.20877E-3 8.72909E-3 9.27853E-3 8.29832E-3 8.06679E-3 8.85005E-3 1.04689E-2 1.10115E-2 1.72471E-2 1.56258E-2 1.55104E-2 1.48074E-2 1.35599E-2 1.33215E-2 1.42461E-2 1.33894E-2 1.42004E-2 1.37078E-2 1.126E-2 1.00523E-2 1.0696E-2 9.12556E-3 9.0769E-3 9.9117E-3 9.50344E-3 9.23262E-3 8.32064E-3 8.36911E-3 9.64643E-3 9.50703E-3 9.33618E-3 8.1318E-3 7.59105E-3 7.31875E-3 8.58929E-3
4.91341E-3 1.36765E-2 7.48959E-2 2.83182E-2 7.98885E-3 1.49329E-2 1.61205E-2 1.14887E-2 1.2265E-2 1.17731E-2 1.67743E-2 8.7858E-3 6.70644E-3 5.53516E-3 4.25499E-3 4.31884E-3 3.9976E-3 4.03346E-3 3.9751E-3 4.33321E-3 4.15829E-3 4.1494E-3 4.63009E-3 5.74947E-3 6.3614E-3 6.68598E-3 8.80891E-3 1.06116E-2 1.05639E-2 6.5763E-3 7.82434E-3 6.21346E-3 6.48711E-3 7.18189E-3 1.10208E-2 1.11755E-2 1.26067E-2 1.61173E-2 1.67797E-2 1.57855E-2 1.60438E-2 1.56722E-2 1.74659E-2 1.3394E-2 1.04392E-2 9.37656E-3 9.89823E-3 8.99924E-3 8.49326E-3 1.03179E-2 1.11446E-2 1.13081E-2 1.00939E-2 1.03696E-2 1.08375E-2 8.94692E-3 1.00622E-2 8.46779E-3 7.70067E-3 9.30476E-3 8.42189E-3
3.13925E-3 5.13683E-3 1.47661E-2 7.56555E-2 4.67238E-2 1.13967E-2 6.87652E-3 1.43277E-2 7.62041E-3 4.72979E-3 9.48851E-3 1.60126E-2 5.04301E-3 3.8899E-3 3.95118E-3 3.53915E-3 3.80674E-3 4.75855E-3 4.23806E-3 3.907E-3 3.81275E-3 4.16941E-3 5.02808E-3 6.13166E-3 5.73059E-3 6.90039E-3 7.92067E-3 8.29741E-3 1.00753E-2 7.9898E-3 7.08798E-3 5.17374E-3 5.80287E-3 6.10982E-3 8.94444E-3 1.02824E-2 1.09181E-2 1.51622E-2 1.80969E-2 1.8277E-2 2.05974E-2 1.89133E-2 2.16395E-2 2.20229E-2 1.66765E-2 1.31201E-2 1.20546E-2 1.08458E-2 1.17545E-2 1.1081E-2 1.23055E-2 1.31804E-2 1.13495E-2 1.09028E-2 1.05968E-2 1.07652E-2 9.98463E-3 8.70252E-3 1.08065E-2 1.0175E-2 1.2225E-2
8.58036E-3 1.12243E-2 1.34776E-2 1.5092E-2 3.67535E-2 3.17814E-2 2.19969E-2 7.32993E-3 5.53469E-3 3.98274E-3 1.01195E-2 7.16113E-3 9.09914E-3 4.67489E-3 1.95981E-3 1.77285E-3 3.2269E-3 4.96819E-3 4.70264E-3 4.09243E-3 3.59624E-3 3.48274E-3 3.05929E-3 3.56328E-3 4.05901E-3 4.52769E-3 6.96165E-3 8.29467E-3 9.6004E-3 7.26547E-3 5.40159E-3 5.69658E-3 5.47093E-3 6.86138E-3 1.07653E-2 1.39282E-2 1.2177E-2 1.47543E-2 1.62155E-2 1.66559E-2 1.89258E-2 2.25682E-2 2.1221E-2 2.25572E-2 2.03148E-2 1.80515E-2 1.59677E-2 1.51002E-2 1.43891E-2 1.69475E-2 1.70686E-2 1.61511E-2 1.40737E-2 1.18276E-2 1.14506E-2 1.10501E-2 1.20786E-2 1.23479E-2 1.61172E-2 1.53965E-2 1.39284E-2
1.80189E-2 6.16937E-3 1.19355E-2 4.24225E-2 3.13184E-2 5.07905E-3 4.27093E-2 2.66111E-2 1.23359E-2 5.50955E-3 4.61505E-3 4.34641E-3 6.09304E-3 6.59232E-3 3.3814E-3 1.97104E-3 2.68359E-3 4.1381E-3 3.14064E-3 4.89984E-3 4.48953E-3 3.85925E-3 3.75098E-3 3.47146E-3 4.17813E-3 4.25291E-3 5.40229E-3 7.44173E-3 8.82858E-3 6.46352E-3 4.68104E-3 5.94588E-3 6.74158E-3 8.15504E-3 8.93963E-3 1.04612E-2 1.21158E-2 1.23568E-2 1.35762E-2 1.62655E-2 1.73847E-2 2.50867E-2 2.19717E-2 2.04533E-2 1.70787E-2 2.06803E-2 2.65106E-2 2.2869E-2 2.1066E-2 1.66037E-2 1.69645E-2 1.40689E-2 1.25586E-2 1.29476E-2 1.09493E-2 1.14263E-2 1.09926E-2 1.14357E-2 1.17701E-2 1.28734E-2 1.39917E-2
2.43448E-2 1.55504E-2 9.89719E-3 4.95687E-2 1.77384E-2 6.0203E-3 5.69635E-3 3.47037E-2 2.42315E-2 8.80391E-3 9.73063E-3 2.73363E-3 2.76333E-3 3.82707E-3 2.78405E-3 2.34028E-3 2.28497E-3 1.78255E-3 3.22403E-3 5.70047E-3 7.12282E-3 6.44928E-3 4.4236E-3 3.87695E-3 3.5136E-3 3.84533E-3 3.85026E-3 4.52088E-3 5.61803E-3 6.02372E-3 5.78814E-3 6.41694E-3 7.57592E-3 5.53509E-3 6.89241E-3 8.55482E-3 1.27049E-2 1.20177E-2 1.27766E-2 1.43066E-2 1.6449E-2 1.72241E-2 1.79377E-2 1.88887E-2 1.67616E-2 1.4869E-2 1.55271E-2 1.9514E-2 2.54381E-2 1.99836E-2 1.10034E-2 1.2774E-2 1.46793E-2 1.39927E-2 1.28595E-2 1.08007E-2 1.12342E-2 1.15059E-2 1.2478E-2 1.34858E-2 1.34987E-2
3.96855E-2 4.57518E-2 4.74831E-2 6.15592E-2 2.86298E-2 7.24333E-3 1.49659E-2 4.9328E-2 5.07076E-2 3.46454E-2 1.63742E-2 7.36457E-3 5.69403E-3 3.21143E-3 5.44277E-3 2.8331E-3 3.95035E-3 4.97161E-3 3.90994E-3 8.58785E-3 1.0737E-2 6.09401E-3 5.50916E-3 5.17475E-3 4.06736E-3 3.90486E-3 3.2852E-3 3.40234E-3 3.62304E-3 4.40636E-3 5.11428E-3 5.86773E-3 6.47029E-3 7.98682E-3 8.32057E-3 9.61915E-3 8.38739E-3 9.22747E-3 1.067E-2 1.24792E-2 1.46291E-2 1.50396E-2 1.38E-2 1.32962E-2 1.2762E-2 1.30867E-2 1.72499E-2 1.15496E-2 9.30379E-3 1.00504E-2 9.89141E-3 8.31748E-3 9.11894E-3 9.41588E-3 8.80808E-3 1.02914E-2 1.10223E-2 1.03312E-2 1.16409E-2 1.34773E-2 1.34706E-2
2.72392E-2 4.8196E-2 4.44322E-2 5.30789E-2 6.17528E-2 1.6136E-2 2.68945E-2 6.55776E-2 2.00144E-2 7.89055E-3 1.93204E-2 4.35411E-2 1.37934E-2 4.23975E-3 1.10402E-2 9.61804E-3 2.92346E-3 4.46361E-3 1.22186E-2 5.15474E-3 5.64717E-3 2.85148E-3 4.40427E-3 5.76338E-3 5.37348E-3 4.5964E-3 3.62008E-3 3.51574E-3 3.08957E-3 3.48015E-3 3.71288E-3 4.72885E-3 6.09921E-3 7.39281E-3 8.53628E-3 8.9168E-3 8.23575E-3 9.35413E-3 9.69231E-3 1.0791E-2 1.16192E-2 1.13873E-2 8.07215E-3 1.0274E-2 1.11658E-2 9.89148E-3 1.31223E-2 1.13923E-2 1.14782E-2 7.40529E-3 6.10197E-3 5.96305E-3 6.52882E-3 5.13684E-3 6.56282E-3 8.70502E-3 7.35252E-3 6.80433E-3 7.72887E-3 8.6446E-3 9.76699E-3
9.00056E-2 8.85473E-2 8.96763E-2 7.04722E-2 5.11861E-2 1.06651E-2 5.04894E-2 7.86494E-2 1.98919E-2 9.47742E-3 7.26767E-3 4.23433E-3 3.23879E-2 6.92603E-2 3.97395E-2 1.36414E-2 5.28143E-3 2.5663E-3 5.28023E-3 4.16643E-3 3.01537E-3 2.113E-3 3.54267E-3 4.20247E-3 5.1092E-3 5.16811E-3 4.2947E-3 3.61101E-3 3.24624E-3 3.30064E-3 3.68507E-3 4.41815E-3 4.41231E-3 5.65957E-3 7.49597E-3 7.59006E-3 9.70978E-3 9.57239E-3 9.50815E-3 1.02095E-2 9.80448E-3 1.13875E-2 8.47948E-3 8.37558E-3 1.12209E-2 1.14409E-2 1.21223E-2 1.1158E-2 1.32941E-2 7.45646E-3 5.31434E-3 4.91732E-3 6.33054E-3 5.74778E-3 5.45352E-3 8.15086E-3 8.79609E-3 7.13985E-3 6.31971E-3 6.43924E-3 6.15123E-3
1.27977E-1 1.10681E-1 8.08084E-2 1.14946E-1 4.88307E-2 2.68727E-2 1.95717E-2 8.79796E-2 5.3419E-2 4.07983E-2 2.23204E-2 4.66117E-3 8.78628E-3 1.50151E-2 8.28516E-2 4.58535E-2 1.43769E-2 1.34463E-2 7.52388E-3 2.75006E-3 2.79749E-3 3.35938E-3 2.5195E-3 4.65698E-3 5.16749E-3 5.31305E-3 5.0757E-3 3.62306E-3 2.94989E-3 2.70952E-3 2.97937E-3 4.08404E-3 4.40487E-3 5.33899E-3 8.18701E-3 8.35614E-3 8.71581E-3 9.4177E-3 1.00043E-2 1.03656E-2 1.09939E-2 1.24897E-2 9.42151E-3 7.97429E-3 1.17077E-2 1.47266E-2 1.51665E-2 1.26E-2 1.25194E-2 9.58497E-3 5.39374E-3 5.66373E-3 5.286E-3 6.99311E-3 7.31131E-3 7.80183E-3 8.09076E-3 7.37963E-3 7.5611E-3 7.85723E-3 6.88992E-3
6.67593E-2 7.26371E-2 2.1512E-1 7.05002E-2 5.69803E-2 9.5438E-2 5.04793E-2 2.76337E-2 1.06564E-1 2.85212E-2 1.95676E-2 6.54782E-3 8.03369E-3 1.45215E-2 3.06454E-2 1.32838E-2 9.61904E-2 2.30167E-2 5.26892E-3 1.49693E-2 5.56944E-3 6.05032E-3 7.79542E-3 2.58301E-3 4.84326E-3 4.85581E-3 4.54634E-3 4.61856E-3 3.03928E-3 2.65584E-3 3.04407E-3 3.70221E-3 4.67839E-3 5.48573E-3 7.27386E-3 1.03428E-2 8.47245E-3 8.54147E-3 8.84108E-3 1.01899E-2 1.10619E-2 1.15039E-2 1.26614E-2 1.2247E-2 9.52889E-3 1.0984E-2 1.32766E-2 1.56507E-2 1.14272E-2 1.14183E-2 6.98517E-3 7.51874E-3 7.82667E-3 8.71629E-3 7.44279E-3 7.24585E-3 7.82679E-3 7.64081E-3 7.61211E-3 8.74239E-3 8.34489E-3
1.15809E-1 1.91472E-1 1.26261E-1 5.36985E-2 1.12994E-1 2.86428E-1 3.99861E-2 1.21257E-2 1.89683E-2 1.01286E-1 2.48215E-2 9.30913E-3 2.35804E-2 1.1101E-2 1.06161E-2 7.0915E-3 1.12372E-2 8.14994E-2 2.51834E-2 2.46443E-2 5.91925E-3 3.89956E-3 7.76603E-3 1.1819E-2 8.58421E-3 8.07947E-3 7.21215E-3 5.8298E-3 4.30675E-3 4.07136E-3 5.42461E-3 6.46933E-3 5.91964E-3 6.05845E-3 8.23828E-3 9.76061E-3 1.23712E-2 1.25334E-2 1.13014E-2 1.1267E-2 1.07685E-2 1.20475E-2 1.21321E-2 1.3972E-2 1.78085E-2 1.93878E-2 1.5239E-2 1.17727E-2 7.80504E-3 6.99409E-3 5.73696E-3 6.63479E-3 8.50389E-3 1.10004E-2 7.34869E-3 7.84044E-3 8.09955E-3 6.31545E-3 7.52159E-3 8.80117E-3 1.03383E-2
2.1065E-1 1.06017E-1 9.43345E-2 5.8045E-2 1.55697E-1 3.0109E-1 6.88469E-2 6.69237E-2 2.49835E-2 1.26866E-1 3.25189E-2 4.59213E-2 1.1782E-2 1.72087E-2 5.06258E-3 9.31167E-3 8.37786E-3 1.82875E-2 7.26652E-2 5.91321E-2 2.96525E-2 1.23877E-2 9.49106E-3 7.90903E-3 8.81255E-3 9.46712E-3 1.04908E-2 7.98149E-3 7.73905E-3 7.47858E-3 5.60455E-3 6.75824E-3 7.29416E-3 1.19851E-2 1.83467E-2 1.61195E-2 1.11911E-2 1.12431E-2 1.23454E-2 1.31826E-2 1.08585E-2 1.06563E-2 9.77553E-3 1.21605E-2 1.43291E-2 1.71018E-2 1.50969E-2 1.02117E-2 7.19571E-3 7.10941E-3 5.65873E-3 5.43513E-3 5.16953E-3 6.18709E-3 7.30293E-3 8.50118E-3 1.02361E-2 9.12337E-3 8.24034E-3 9.23878E-3 1.40072E-2
1.75158E-1 3.92549E-1 5.43462E-1 4.85316E-1 4.81245E-1 2.12293E-1 1.44247E-1 8.28255E-2 7.10005E-2 6.56775E-2 1.04788E-1 4.26448E-2 1.81839E-2 6.06023E-2 8.03307E-3 1.26648E-2 5.93222E-3 9.63829E-3 7.26999E-3 5.51821E-2 8.45784E-2 3.57233E-2 3.15597E-2 2.11769E-2 7.55241E-3 3.82402E-3 7.33402E-3 5.86562E-3 7.83011E-3 5.77631E-3 4.9666E-3 4.97387E-3 7.10823E-3 8.83278E-3 1.68238E-2 1.59451E-2 9.98059E-3 1.06639E-2 1.32033E-2 1.39131E-2 1.3305E-2 1.32058E-2 1.66973E-2 1.6324E-2 2.13391E-2 2.11135E-2 1.63883E-2 1.77406E-2 1.81654E-2 1.52556E-2 1.30749E-2 1.94263E-2 2.22522E-2 1.85668E-2 1.5317E-2 1.77676E-2 2.17977E-2 1.66057E-2 1.71243E-2 1.95844E-2 1.59847E-2
2.75055E-1 1.83071E-1 2.40999E-1 5.7188E-1 4.811E-1 6.79223E-2 1.00257E-1 1.68879E-1 3.60288E-2 2.13831E-2 9.67082E-2 1.30346E-1 1.20046E-1 3.38762E-2 1.84807E-2 2.13541E-2 2.1927E-2 6.39509E-3 5.3683E-3 5.12445E-3 3.05852E-2 7.85798E-2 5.33708E-2 3.29017E-2 1.88299E-2 1.01265E-2 4.51009E-3 5.06677E-3 6.49408E-3 6.40785E-3 6.41356E-3 7.46707E-3 8.58066E-3 1.0947E-2 1.22697E-2 1.63458E-2 1.42005E-2 1.54287E-2 2.02173E-2 1.91408E-2 2.29609E-2 2.4097E-2 2.38599E-2 2.97E-2 2.95059E-2 2.9164E-2 2.6576E-2 2.68433E-2 2.76194E-2 3.39325E-2 3.47974E-2 2.93599E-2 2.18337E-2 1.57776E-2 1.84984E-2 1.91254E-2 1.49188E-2 1.60511E-2 2.19753E-2 1.42995E-2 1.48276E-2
1.19691E-1 1.25484E-1 2.14783E-1 3.67578E-1 5.07637E-1 2.55822E-1 4.82014E-1 5.55391E-2 8.45985E-2 3.05166E-2 2.76469E-2 3.59355E-1 4.91668E-2 4.36301E-2 5.72E-2 2.31618E-2 2.93151E-2 1.92893E-2 1.33806E-2 5.31386E-3 1.28259E-2 5.36465E-2 8.95111E-2 4.23407E-2 2.96039E-2 1.95309E-2 9.42602E-3 5.42119E-3 6.77526E-3 5.75317E-3 8.14075E-3 1.06899E-2 1.06654E-2 1.43503E-2 1.6971E-2 2.02186E-2 1.77867E-2 1.32618E-2 1.5673E-2 1.62482E-2 2.36715E-2 3.68819E-2 2.89182E-2 2.92586E-2 4.0423E-2 3.81105E-2 3.24729E-2 3.45673E-2 3.38497E-2 3.02806E-2 2.11013E-2 2.18231E-2 2.18847E-2 2.22652E-2 2.3634E-2 2.30506E-2 1.97701E-2 1.78913E-2 1.51302E-2 1.47308E-2 1.42624E-2
1.37955E-1 1.43571E-1 2.95648E-1 4.48621E-1 1.60884E-1 2.76967E-1 3.98691E-1 1.01484E-1 9.27996E-2 3.61233E-2 7.31649E-2 4.30918E-1 4.87883E-2 2.6398E-2 1.94412E-2 3.84354E-2 6.14408E-2 1.31043E-1 7.48374E-3 5.55126E-3 6.86333E-3 1.73901E-2 5.58516E-2 8.24763E-2 3.91397E-2 3.68471E-2 1.37752E-2 6.94258E-3 5.19167E-3 8.69112E-3 1.01048E-2 1.17956E-2 1.45952E-2 1.61669E-2 1.92832E-2 2.47717E-2 2.71702E-2 2.49008E-2 2.12725E-2 2.16297E-2 2.94052E-2 4.14733E-2 3.74296E-2 3.77593E-2 4.04952E-2 4.21392E-2 4.05407E-2 5.17846E-2 3.35817E-2 3.08942E-2 2.98812E-2 2.88259E-2 2.48012E-2 2.53449E-2 2.72124E-2 2.69526E-2 2.3937E-2 1.69686E-2 1.69141E-2 1.70107E-2 1.71852E-2
6.18768E-2 1.21061E-1 3.90408E-1 4.24764E-1 3.14659E-1 3.97161E-1 2.80007E-1 2.94581E-1 9.22384E-2 3.03443E-2 1.09739E-1 3.11942E-1 2.21389E-1 5.21645E-2 3.27696E-2 1.32227E-2 3.80337E-2 1.96369E-1 1.22563E-2 6.29658E-3 9.34569E-3 1.08511E-2 4.02895E-2 8.12454E-2 5.81237E-2 3.91795E-2 2.54946E-2 1.99661E-2 1.00154E-2 1.45236E-2 8.75178E-3 1.1574E-2 1.43555E-2 1.5788E-2 1.55069E-2 1.81059E-2 2.87024E-2 3.36745E-2 3.4862E-2 3.34684E-2 3.44491E-2 4.54166E-2 5.26424E-2 5.15589E-2 4.91299E-2 4.8741E-2 4.97392E-2 4.63771E-2 3.9384E-2 3.47901E-2 3.26768E-2 3.06118E-2 2.89308E-2 2.76659E-2 2.84019E-2 3.44705E-2 2.07702E-2 1.7337E-2 1.82953E-2 1.78732E-2 1.62946E-2
6.25366E-2 1.7002E-1 3.77319E-1 1.27404E-1 9.91838E-2 6.8624E-2 4.87435E-2 8.44975E-2 5.98978E-2 5.00212E-2 1.39305E-1 2.09465E-1 9.34238E-2 4.50867E-2 1.61373E-1 3.04598E-2 2.87344E-2 1.75524E-1 2.60322E-2 1.43617E-2 9.33134E-3 1.24353E-2 3.17865E-2 6.79522E-2 8.44226E-2 4.81043E-2 2.93749E-2 1.35758E-2 1.33956E-2 2.28851E-2 1.15972E-2 1.28996E-2 1.44458E-2 1.6895E-2 1.6598E-2 1.81021E-2 3.33397E-2 3.81427E-2 4.27461E-2 4.16815E-2 4.44041E-2 4.17829E-2 5.5513E-2 6.95222E-2 6.68233E-2 6.7211E-2 6.28804E-2 5.7621E-2 5.46597E-2 4.28061E-2 3.34004E-2 4.21796E-2 4.29928E-2 4.09671E-2 4.92503E-2 4.58294E-2 2.91575E-2 2.99406E-2 3.20399E-2 2.95341E-2 2.67143E-2
8.66713E-2 2.56782E-1 3.11495E-1 1.78803E-1 1.40438E-1 4.57196E-2 6.32804E-2 5.53166E-2 2.97358E-2 1.52941E-1 4.88282E-1 1.25537E-1 3.36639E-2 1.81035E-2 1.97137E-1 3.6202E-2 2.83791E-2 2.64261E-1 2.75129E-2 1.16126E-2 1.03516E-2 1.17383E-2 1.75936E-2 7.01525E-2 1.09155E-1 4.67276E-2 1.78886E-2 1.69572E-2 2.16645E-2 3.96296E-2 1.75937E-2 1.78709E-2 2.21349E-2 2.14088E-2 1.83063E-2 1.94002E-2 3.8078E-2 4.72466E-2 4.68788E-2 5.11675E-2 4.9794E-2 4.85036E-2 6.09172E-2 7.12911E-2 7.51654E-2 7.79938E-2 8.27231E-2 7.52974E-2 7.35803E-2 6.33804E-2 6.26304E-2 4.95519E-2 5.02512E-2 4.75282E-2 5.19154E-2 5.14819E-2 4.29854E-2 4.58362E-2 4.10725E-2 3.95936E-2 3.71349E-2
2.42773E-1 2.80062E-1 1.29981E-1 9.45976E-2 1.04602E-1 6.50371E-2 1.59168E-1 4.53154E-2 4.94565E-2 1.41177E-1 3.2908E-1 3.33266E-2 2.24854E-2 8.84246E-2 1.50251E-1 2.63866E-2 1.90527E-2 3.04138E-1 7.33088E-2 2.63927E-2 4.43161E-2 1.86105E-2 3.06533E-2 9.49537E-2 1.21355E-1 7.2388E-2 2.52014E-2 5.12109E-2 3.28371E-2 5.61704E-2 3.71797E-2 2.37403E-2 2.59993E-2 3.06512E-2 2.73666E-2 2.28355E-2 3.26612E-2 7.05803E-2 6.69809E-2 6.94514E-2 7.22893E-2 7.28671E-2 7.16513E-2 6.86749E-2 7.41495E-2 8.28899E-2 8.64514E-2 7.88339E-2 7.54984E-2 6.73753E-2 5.91292E-2 4.78204E-2 4.52854E-2 5.03213E-2 4.08049E-2 2.91138E-2 2.57397E-2 2.44432E-2 2.81843E-2 2.98551E-2 3.31003E-2
1.86458E-1 3.12651E-1 6.34441E-2 9.33048E-2 1.29055E-1 1.26649E-1 1.35287E-1 5.75589E-2 1.23974E-1 1.45402E-1 2.729E-1 3.85992E-2 1.1712E-1 2.15246E-1 8.54244E-2 1.30108E-1 1.23138E-1 2.07141E-1 2.12773E-1 2.34106E-2 2.94037E-2 4.90625E-2 6.84361E-2 1.14537E-1 1.53154E-1 1.51504E-1 5.00575E-2 6.92556E-2 4.26168E-2 5.32659E-2 5.56757E-2 3.85476E-2 4.8237E-2 6.46289E-2 5.28903E-2 4.67301E-2 6.36127E-2 5.73361E-2 6.18882E-2 7.41124E-2 5.77639E-2 6.8337E-2 6.59657E-2 6.42468E-2 7.13789E-2 7.67924E-2 7.87073E-2 7.89582E-2 7.90847E-2 7.53576E-2 7.10826E-2 6.11355E-2 4.76138E-2 3.75981E-2 2.30937E-2 1.40772E-2 1.41588E-2 1.37738E-2 1.60447E-2 1.97505E-2 2.45803E-2
