data/maxent/outputs/red_261.asc
ncols         426
nrows         180
xllcorner     -130.0
yllcorner     24.0
cellsize      0.16666666666666666
NODATA_value  -9999
[rows 108 to 134 of 180, columns 244 to 304 of 426]
5.27764E-1 5.25672E-1 5.04064E-1 4.98356E-1 4.76278E-1 4.39633E-1 4.16046E-1 4.05973E-1 4.55094E-1 3.73873E-1 3.82155E-1 3.93966E-1 4.17289E-1 4.47225E-1 4.73307E-1 4.89227E-1 4.73591E-1 4.82364E-1 4.64128E-1 4.98064E-1 5.24789E-1 5.18131E-1 5.1294E-1 5.24013E-1 5.54341E-1 5.62141E-1 5.62116E-1 5.28645E-1 4.96678E-1 4.84211E-1 5.247E-1 5.76993E-1 5.37773E-1 4.54879E-1 4.62127E-1 5.35739E-1 5.68397E-1 6.16659E-1 7.45333E-1 7.46026E-1 8.51748E-1 8.4293E-1 7.98517E-1 8.26916E-1 9.11161E-1 7.33315E-1 6.22495E-1 6.43948E-1 5.91423E-1 5.54039E-1 5.61197E-1 5.56537E-1 5.57384E-1 6.03733E-1 6.30747E-1 6.47786E-1 6.13766E-1 6.09103E-1 5.52772E-1 5.58021E-1 5.79386E-1
5.05055E-1 5.10707E-1 5.18576E-1 5.0025E-1 4.68315E-1 4.43923E-1 4.20537E-1 3.84822E-1 3.87404E-1 3.68977E-1 3.65756E-1 3.7075E-1 3.75022E-1 4.04329E-1 4.52655E-1 4.47211E-1 4.48307E-1 4.49304E-1 4.62349E-1 4.83281E-1 4.94564E-1 5.11575E-1 5.24513E-1 5.37444E-1 5.27003E-1 5.20208E-1 5.17517E-1 5.17469E-1 4.76383E-1 4.78031E-1 5.39539E-1 4.81679E-1 4.95E-1 5.75699E-1 6.25206E-1 6.90916E-1 8.65252E-1 8.61011E-1 8.58866E-1 7.33335E-1 6.41908E-1 8.82219E-1 8.52913E-1 7.96525E-1 7.49934E-1 6.18027E-1 6.35188E-1 6.15231E-1 6.17333E-1 5.90058E-1 6.22071E-1 5.68286E-1 5.88994E-1 6.48328E-1 6.62445E-1 6.33091E-1 5.9444E-1 5.94926E-1 5.27027E-1 5.55578E-1 5.70321E-1
4.98277E-1 5.01175E-1 5.14993E-1 4.92674E-1 4.40852E-1 4.23324E-1 3.94989E-1 3.82504E-1 3.80915E-1 3.62972E-1 3.7561E-1 3.8099E-1 3.74347E-1 3.9422E-1 3.93398E-1 4.14803E-1 4.34709E-1 4.50858E-1 4.64221E-1 4.69956E-1 4.81125E-1 5.4395E-1 5.84606E-1 5.49472E-1 4.9321E-1 5.12601E-1 4.30393E-1 4.27981E-1 4.15069E-1 4.52662E-1 5.36259E-1 5.3122E-1 6.91299E-1 7.72212E-1 7.74638E-1 7.19304E-1 7.34657E-1 7.80485E-1 7.60003E-1 7.66552E-1 7.48328E-1 7.88941E-1 8.09735E-1 6.79098E-1 6.547E-1 7.61531E-1 6.9661E-1 5.99523E-1 5.69033E-1 6.38399E-1 7.3764E-1 6.04387E-1 6.29234E-1 6.53442E-1 6.8329E-1 6.01517E-1 6.07678E-1 5.5433E-1 4.94687E-1 5.07317E-1 5.23881E-1
4.87163E-1 4.85696E-1 4.80174E-1 4.51523E-1 4.14328E-1 3.97105E-1 3.89078E-1 3.85638E-1 3.92205E-1 3.50197E-1 3.64456E-1 3.89717E-1 3.99563E-1 4.12709E-1 4.28257E-1 4.40022E-1 4.4025E-1 4.46135E-1 4.66009E-1 4.58619E-1 5.04076E-1 5.57437E-1 5.39278E-1 5.22443E-1 5.18958E-1 4.61611E-1 4.26589E-1 3.99669E-1 3.9516E-1 4.58494E-1 5.0688E-1 6.99728E-1 6.62215E-1 6.23151E-1 6.06707E-1 6.17789E-1 6.50288E-1 6.98609E-1 7.19153E-1 7.74421E-1 6.64431E-1 6.53816E-1 7.2052E-1 5.79982E-1 5.67995E-1 6.12661E-1 5.54959E-1 5.82804E-1 5.92544E-1 6.08224E-1 7.20941E-1 6.47893E-1 6.08581E-1 5.84288E-1 5.73769E-1 6.34871E-1 5.89938E-1 5.24706E-1 5.11872E-1 4.98709E-1 5.1924E-1
4.78564E-1 4.6448E-1 4.39627E-1 4.03573E-1 3.92915E-1 3.91469E-1 3.99301E-1 3.64697E-1 3.51269E-1 3.67152E-1 3.77496E-1 3.97823E-1 4.13652E-1 4.14345E-1 4.27916E-1 4.28691E-1 4.26885E-1 4.26766E-1 4.79993E-1 4.64001E-1 5.01323E-1 5.19273E-1 5.08907E-1 4.87416E-1 4.84075E-1 4.85743E-1 4.29096E-1 4.06621E-1 4.536E-1 5.08696E-1 5.86664E-1 6.91315E-1 6.32265E-1 6.13555E-1 6.45208E-1 5.40779E-1 6.11646E-1 6.12064E-1 6.36663E-1 5.68277E-1 6.28912E-1 6.80845E-1 7.10251E-1 5.55122E-1 5.27408E-1 5.36438E-1 5.46725E-1 6.09178E-1 6.28259E-1 6.53412E-1 7.28325E-1 7.1811E-1 5.93848E-1 5.52836E-1 5.17728E-1 5.55376E-1 5.17947E-1 5.35965E-1 5.07957E-1 5.05492E-1 4.76277E-1
4.43946E-1 4.32473E-1 4.12456E-1 3.88613E-1 3.87477E-1 3.83309E-1 4.28493E-1 3.59915E-1 3.63433E-1 3.9424E-1 3.81398E-1 4.06326E-1 4.10174E-1 4.12191E-1 4.13246E-1 4.17948E-1 4.25668E-1 4.27928E-1 4.59069E-1 5.08297E-1 4.87142E-1 4.62238E-1 4.44929E-1 5.41698E-1 5.38379E-1 4.85235E-1 4.29427E-1 4.22299E-1 5.55302E-1 5.25323E-1 5.15612E-1 4.86425E-1 4.82497E-1 5.82526E-1 6.17622E-1 5.12561E-1 5.57954E-1 5.6165E-1 6.17928E-1 5.84363E-1 5.97543E-1 6.0583E-1 5.74366E-1 5.54729E-1 5.49577E-1 5.60424E-1 5.74985E-1 5.77524E-1 5.94553E-1 6.61101E-1 6.68151E-1 6.50972E-1 5.6456E-1 5.25194E-1 4.93673E-1 4.7826E-1 4.81946E-1 4.69523E-1 4.49217E-1 4.68238E-1 4.76314E-1
4.26048E-1 4.03894E-1 3.96487E-1 3.90656E-1 3.90794E-1 3.77306E-1 4.02301E-1 4.26668E-1 4.01446E-1 4.0664E-1 4.35814E-1 4.37726E-1 4.24436E-1 4.12523E-1 4.24993E-1 4.29439E-1 4.27373E-1 4.56066E-1 4.90651E-1 4.87429E-1 4.24802E-1 3.99613E-1 4.64096E-1 4.70753E-1 4.36718E-1 4.38276E-1 4.15433E-1 4.83511E-1 6.72405E-1 4.90198E-1 4.52971E-1 4.95923E-1 5.03818E-1 5.66702E-1 5.46741E-1 4.86788E-1 5.03345E-1 5.53942E-1 6.145E-1 5.52151E-1 5.05716E-1 5.70899E-1 5.76281E-1 5.67171E-1 5.96098E-1 5.77205E-1 5.58446E-1 5.55538E-1 5.72946E-1 5.92147E-1 6.11392E-1 5.87026E-1 5.57244E-1 5.34783E-1 4.91243E-1 4.87691E-1 4.73586E-1 4.31582E-1 4.25876E-1 4.15261E-1 4.12444E-1
4.06783E-1 3.9365E-1 3.86302E-1 3.81575E-1 3.774E-1 3.58091E-1 3.59686E-1 3.76553E-1 4.05147E-1 4.44327E-1 4.61809E-1 4.5882E-1 4.94619E-1 4.70719E-1 4.25774E-1 4.24718E-1 4.65513E-1 4.35669E-1 4.6984E-1 4.25495E-1 4.18725E-1 4.39789E-1 4.47723E-1 4.88902E-1 4.27532E-1 4.6217E-1 4.39672E-1 5.0294E-1 5.01467E-1 5.17694E-1 5.10328E-1 5.08972E-1 5.90866E-1 6.15536E-1 5.30711E-1 5.34669E-1 5.12435E-1 4.86589E-1 5.85832E-1 5.09987E-1 5.12272E-1 5.51951E-1 5.70637E-1 5.65376E-1 5.78476E-1 5.77546E-1 5.67122E-1 5.53271E-1 5.53222E-1 5.40656E-1 5.65938E-1 5.59833E-1 5.50813E-1 5.46405E-1 5.0946E-1 4.56291E-1 4.42134E-1 4.28405E-1 4.20235E-1 4.04244E-1 4.06414E-1
4.061E-1 3.87957E-1 3.70491E-1 3.69702E-1 3.65475E-1 3.6206E-1 3.75833E-1 3.51369E-1 3.80287E-1 4.04543E-1 4.10762E-1 4.14151E-1 4.1203E-1 4.37329E-1 4.43854E-1 4.25196E-1 4.4006E-1 4.19186E-1 4.23411E-1 4.6748E-1 4.53559E-1 4.50425E-1 4.62289E-1 4.56855E-1 4.21733E-1 4.76663E-1 4.10782E-1 4.39068E-1 4.78079E-1 4.99067E-1 5.49773E-1 4.9401E-1 4.63644E-1 4.5209E-1 3.98845E-1 4.74649E-1 4.87908E-1 4.87354E-1 5.13759E-1 5.45176E-1 5.22017E-1 5.47951E-1 5.56434E-1 5.62381E-1 5.69322E-1 5.58305E-1 5.42781E-1 5.31533E-1 5.38014E-1 5.33343E-1 5.36467E-1 5.54071E-1 5.47269E-1 5.05311E-1 5.09901E-1 4.78831E-1 4.55192E-1 4.42441E-1 4.21363E-1 4.07249E-1 3.99532E-1
3.94521E-1 3.9495E-1 3.94231E-1 3.7892E-1 3.78155E-1 3.62412E-1 3.38959E-1 3.43626E-1 3.62233E-1 3.91335E-1 4.07499E-1 4.02304E-1 4.01315E-1 4.00912E-1 4.012E-1 4.13572E-1 4.32618E-1 4.46118E-1 5.47631E-1 4.61961E-1 4.49894E-1 4.39448E-1 4.22334E-1 3.97134E-1 4.48443E-1 4.25862E-1 4.32287E-1 4.28341E-1 4.74733E-1 4.75739E-1 4.6418E-1 4.13398E-1 4.50261E-1 4.35253E-1 4.69932E-1 4.74924E-1 4.49107E-1 5.08754E-1 5.80796E-1 5.53438E-1 5.28211E-1 5.33866E-1 5.40511E-1 5.42676E-1 5.48402E-1 5.44859E-1 5.28471E-1 5.25269E-1 5.22177E-1 5.30903E-1 5.39208E-1 5.49732E-1 5.06242E-1 4.89582E-1 4.92908E-1 4.81644E-1 4.49216E-1 4.50634E-1 4.1085E-1 3.96022E-1 3.92261E-1
3.84953E-1 4.03743E-1 4.06065E-1 3.96484E-1 3.93156E-1 3.60269E-1 3.3727E-1 3.40896E-1 3.48085E-1 3.65297E-1 3.79258E-1 3.77623E-1 3.77212E-1 3.97762E-1 4.14893E-1 4.1766E-1 4.26882E-1 4.17515E-1 4.47623E-1 4.3231E-1 4.03071E-1 4.3223E-1 4.59159E-1 4.29054E-1 4.483E-1 4.34157E-1 4.49072E-1 5.254E-1 5.25542E-1 4.46151E-1 4.36011E-1 5.36806E-1 6.17006E-1 4.72203E-1 4.63365E-1 4.83745E-1 4.82659E-1 4.99323E-1 5.06235E-1 5.31722E-1 5.25101E-1 5.15192E-1 5.20665E-1 5.38075E-1 5.52592E-1 5.17895E-1 5.18244E-1 5.32814E-1 5.31349E-1 5.25104E-1 5.25437E-1 4.84447E-1 4.68256E-1 4.70053E-1 4.56149E-1 4.5226E-1 4.5694E-1 4.44429E-1 4.08308E-1 3.86809E-1 3.92008E-1
3.82107E-1 4.0173E-1 4.07428E-1 3.90752E-1 3.90932E-1 3.80575E-1 3.35423E-1 3.40702E-1 3.46002E-1 3.5165E-1 3.59976E-1 3.63731E-1 3.86003E-1 4.11288E-1 4.03039E-1 3.93459E-1 4.06587E-1 4.03739E-1 4.04018E-1 3.91386E-1 3.85548E-1 3.81134E-1 4.13754E-1 4.37546E-1 4.39957E-1 4.41545E-1 4.63152E-1 5.25213E-1 6.05967E-1 5.87609E-1 5.83762E-1 5.4232E-1 5.25599E-1 4.81055E-1 4.93054E-1 5.1058E-1 5.1402E-1 5.07946E-1 5.01789E-1 5.15522E-1 5.38438E-1 4.92952E-1 5.04058E-1 5.07272E-1 5.06792E-1 4.89309E-1 5.11508E-1 5.85839E-1 5.80262E-1 5.14891E-1 5.09787E-1 4.71811E-1 4.48924E-1 4.47767E-1 4.22877E-1 4.23348E-1 4.21071E-1 4.01922E-1 4.02854E-1 4.02186E-1 4.09009E-1
3.73433E-1 3.92499E-1 4.04583E-1 3.92981E-1 4.08876E-1 3.92127E-1 3.4699E-1 3.4427E-1 3.36135E-1 3.32415E-1 3.44583E-1 3.44875E-1 3.48683E-1 3.6918E-1 3.64569E-1 3.80788E-1 3.97876E-1 4.20442E-1 3.98991E-1 4.03903E-1 3.9819E-1 4.17952E-1 4.55451E-1 4.60889E-1 4.46804E-1 4.83951E-1 4.90146E-1 4.94593E-1 6.11424E-1 6.97939E-1 6.72753E-1 6.2019E-1 5.39265E-1 5.14112E-1 5.21281E-1 5.52485E-1 5.25726E-1 5.05874E-1 4.85426E-1 4.91797E-1 5.3428E-1 5.47401E-1 4.96915E-1 4.85523E-1 4.82145E-1 4.85184E-1 4.78143E-1 4.74418E-1 4.67551E-1 4.56874E-1 4.44418E-1 4.38455E-1 4.38058E-1 4.10579E-1 3.97335E-1 4.04177E-1 4.09279E-1 4.03329E-1 4.0064E-1 4.1742E-1 4.13121E-1
3.90547E-1 3.91882E-1 3.9183E-1 4.03293E-1 4.17562E-1 4.17887E-1 3.54648E-1 3.36151E-1 3.27961E-1 3.21788E-1 3.36275E-1 3.32703E-1 3.29288E-1 3.41976E-1 3.70225E-1 3.86995E-1 4.42756E-1 4.06424E-1 3.93497E-1 4.10048E-1 4.0648E-1 4.75221E-1 4.87184E-1 4.27655E-1 4.6422E-1 4.93574E-1 4.88069E-1 5.05188E-1 5.80988E-1 7.04531E-1 6.90661E-1 6.09898E-1 5.39302E-1 5.35097E-1 5.14948E-1 5.0193E-1 4.94406E-1 4.87163E-1 4.8873E-1 5.04299E-1 5.08479E-1 5.26603E-1 5.86349E-1 4.83315E-1 4.89146E-1 4.65377E-1 4.31976E-1 4.18571E-1 4.18471E-1 4.30981E-1 4.4713E-1 4.44713E-1 4.35073E-1 3.93508E-1 3.87672E-1 3.93835E-1 4.02156E-1 4.06602E-1 4.06858E-1 4.17893E-1 4.46186E-1
3.79032E-1 3.88755E-1 3.93629E-1 4.2089E-1 4.25893E-1 4.54467E-1 3.70649E-1 3.48645E-1 3.3653E-1 3.26497E-1 3.27287E-1 3.46808E-1 3.66952E-1 3.75367E-1 4.25005E-1 5.17043E-1 4.32526E-1 4.18572E-1 4.41957E-1 4.13215E-1 4.35312E-1 4.63065E-1 4.26384E-1 4.39099E-1 4.37047E-1 4.64641E-1 4.85755E-1 4.79625E-1 5.27349E-1 6.23973E-1 5.85572E-1 5.39489E-1 5.41514E-1 5.2509E-1 5.07156E-1 4.90855E-1 4.98952E-1 4.70909E-1 4.71743E-1 4.95818E-1 5.17222E-1 5.20881E-1 4.94217E-1 5.13385E-1 4.80356E-1 4.48752E-1 4.07957E-1 4.04447E-1 4.18646E-1 4.15797E-1 4.33526E-1 4.11634E-1 4.25469E-1 4.75214E-1 4.43085E-1 3.9717E-1 3.98337E-1 4.1136E-1 4.11891E-1 4.38664E-1 4.49139E-1
3.89288E-1 3.85815E-1 3.91375E-1 4.07752E-1 3.96019E-1 4.21923E-1 3.88501E-1 3.62698E-1 3.44554E-1 3.54502E-1 3.76671E-1 3.9111E-1 3.97441E-1 4.01145E-1 4.89884E-1 5.46017E-1 4.60448E-1 4.02358E-1 4.38179E-1 4.179E-1 4.71195E-1 4.53098E-1 4.18472E-1 4.02439E-1 4.40662E-1 4.3655E-1 4.4858E-1 4.90065E-1 5.03367E-1 5.26393E-1 5.30428E-1 5.15299E-1 5.09259E-1 5.06845E-1 4.82342E-1 4.91727E-1 5.15185E-1 4.64898E-1 4.64309E-1 4.82094E-1 4.88262E-1 4.95584E-1 5.09869E-1 5.2107E-1 4.79133E-1 4.37639E-1 4.06251E-1 4.02267E-1 4.14016E-1 4.10703E-1 4.18854E-1 4.02237E-1 4.01384E-1 4.41264E-1 5.94123E-1 5.19592E-1 4.43762E-1 4.3072E-1 4.31154E-1 4.66777E-1 5.3234E-1
3.67417E-1 3.96318E-1 3.97854E-1 3.9485E-1 4.00643E-1 4.01059E-1 4.0135E-1 3.81095E-1 3.70008E-1 3.98864E-1 4.72048E-1 4.65689E-1 4.18483E-1 4.02788E-1 3.96944E-1 4.35241E-1 3.88954E-1 4.10299E-1 4.04353E-1 4.37553E-1 4.1449E-1 3.74378E-1 4.29229E-1 4.17705E-1 4.1372E-1 4.07806E-1 4.21355E-1 4.45448E-1 4.57082E-1 4.67777E-1 4.97288E-1 4.63911E-1 4.64343E-1 4.77838E-1 4.8442E-1 4.89865E-1 5.05207E-1 4.74502E-1 4.61629E-1 4.62097E-1 4.83398E-1 4.91778E-1 4.7696E-1 4.60759E-1 4.49881E-1 4.37006E-1 4.35772E-1 3.98909E-1 3.92465E-1 4.00658E-1 4.06853E-1 4.05768E-1 4.02598E-1 4.13279E-1 4.19502E-1 6.38165E-1 4.90215E-1 4.8128E-1 5.02751E-1 5.35839E-1 6.04065E-1
3.59596E-1 3.73881E-1 3.75929E-1 3.8668E-1 3.84996E-1 3.95736E-1 3.93732E-1 3.9738E-1 3.93839E-1 4.11149E-1 4.58092E-1 4.53546E-1 4.32751E-1 3.96948E-1 3.83407E-1 3.79854E-1 4.08615E-1 4.19327E-1 4.26139E-1 4.12878E-1 3.84042E-1 3.93055E-1 3.76451E-1 3.84719E-1 4.23819E-1 4.73808E-1 4.12495E-1 4.26893E-1 4.24972E-1 4.39016E-1 4.41647E-1 4.37709E-1 4.42942E-1 4.75947E-1 4.78561E-1 4.90171E-1 5.1472E-1 4.82237E-1 4.71121E-1 4.75643E-1 4.75737E-1 4.79837E-1 4.75467E-1 4.54888E-1 4.41244E-1 4.22843E-1 4.13821E-1 4.01944E-1 3.93781E-1 3.95309E-1 4.07737E-1 4.10105E-1 4.13126E-1 4.25954E-1 4.36216E-1 4.56472E-1 4.93102E-1 4.90236E-1 5.43708E-1 6.15688E-1 6.26043E-1
3.58224E-1 3.59715E-1 3.65358E-1 3.7573E-1 3.75386E-1 3.81855E-1 4.01333E-1 3.96211E-1 4.08984E-1 4.2636E-1 4.3657E-1 4.94954E-1 4.67727E-1 4.56197E-1 4.05355E-1 4.07153E-1 4.15188E-1 4.32694E-1 4.07883E-1 3.94223E-1 4.50515E-1 3.93846E-1 3.7727E-1 3.93688E-1 4.24209E-1 4.16065E-1 4.0409E-1 4.47561E-1 4.4604E-1 4.56737E-1 4.27304E-1 4.29006E-1 4.27279E-1 5.08701E-1 5.02515E-1 4.82775E-1 4.79663E-1 4.7281E-1 4.73067E-1 4.73716E-1 4.66856E-1 4.69964E-1 4.62076E-1 4.40041E-1 4.36156E-1 4.17166E-1 3.98439E-1 4.10045E-1 3.98636E-1 4.10647E-1 4.24788E-1 4.22325E-1 4.28831E-1 4.49093E-1 4.70402E-1 5.20805E-1 5.92198E-1 5.95102E-1 6.47433E-1 -9999 -9999
3.90809E-1 3.89689E-1 3.70532E-1 3.59146E-1 3.58821E-1 3.62818E-1 3.93558E-1 4.10907E-1 4.18947E-1 4.2437E-1 4.1931E-1 4.52139E-1 4.56831E-1 4.52751E-1 4.29648E-1 4.20434E-1 4.2136E-1 4.32563E-1 4.10937E-1 4.5136E-1 6.11076E-1 4.37146E-1 3.87972E-1 3.95764E-1 3.96652E-1 4.26401E-1 4.24127E-1 4.32972E-1 4.20804E-1 4.19125E-1 4.13169E-1 4.20916E-1 4.30981E-1 4.75244E-1 4.92474E-1 4.73691E-1 4.64037E-1 4.6635E-1 4.59907E-1 4.61209E-1 4.60623E-1 4.53726E-1 4.4634E-1 4.45095E-1 4.23972E-1 4.21539E-1 4.15921E-1 4.2979E-1 4.17842E-1 4.19298E-1 4.36303E-1 4.47558E-1 4.67824E-1 4.96214E-1 5.15609E-1 5.62845E-1 6.74083E-1 6.84821E-1 -9999 -9999 -9999
3.80722E-1 3.79793E-1 3.70433E-1 3.82448E-1 3.64367E-1 3.67292E-1 3.66867E-1 3.9589E-1 4.22263E-1 4.38325E-1 4.42495E-1 4.29435E-1 4.15281E-1 4.4431E-1 4.53335E-1 4.35116E-1 4.29964E-1 4.59743E-1 4.86622E-1 4.39972E-1 4.39449E-1 4.03141E-1 4.04247E-1 4.39512E-1 4.09719E-1 4.40482E-1 4.52912E-1 4.27546E-1 4.19047E-1 4.33012E-1 4.36848E-1 4.20491E-1 4.41835E-1 4.77478E-1 4.94368E-1 4.66908E-1 4.74637E-1 4.66656E-1 4.60398E-1 4.53252E-1 4.53155E-1 4.36895E-1 4.36811E-1 4.45522E-1 4.42205E-1 4.37401E-1 4.27468E-1 4.29794E-1 4.45278E-1 4.42301E-1 4.75019E-1 5.42489E-1 6.00158E-1 6.22243E-1 6.6439E-1 6.26379E-1 6.89907E-1 -9999 -9999 -9999 -9999
3.85289E-1 3.85381E-1 3.86747E-1 4.07167E-1 3.88406E-1 3.66623E-1 3.70928E-1 3.84518E-1 4.10902E-1 3.96115E-1 3.86929E-1 4.09132E-1 3.99367E-1 4.469E-1 4.6038E-1 4.76668E-1 4.66328E-1 5.37423E-1 5.96802E-1 4.93674E-1 4.35561E-1 4.37237E-1 4.2565E-1 4.25717E-1 4.08453E-1 4.25665E-1 4.69466E-1 4.41817E-1 4.39389E-1 4.19846E-1 4.07821E-1 4.18183E-1 4.38457E-1 4.71452E-1 4.73197E-1 4.84826E-1 4.8152E-1 4.75629E-1 4.6697E-1 4.54939E-1 4.60516E-1 4.41274E-1 4.34449E-1 4.53871E-1 4.59128E-1 4.73733E-1 4.4547E-1 4.47932E-1 4.63005E-1 4.86542E-1 5.5223E-1 6.53069E-1 6.58946E-1 6.9056E-1 6.9481E-1 -9999 -9999 -9999 -9999 -9999 -9999
3.9529E-1 3.97743E-1 3.98739E-1 4.02292E-1 3.76124E-1 3.70235E-1 3.66476E-1 3.91184E-1 4.02836E-1 3.84415E-1 3.785E-1 3.89048E-1 4.114E-1 4.4414E-1 4.59843E-1 4.51158E-1 4.51991E-1 4.51335E-1 4.75533E-1 4.66928E-1 4.55031E-1 4.59695E-1 4.60956E-1 4.38637E-1 4.12829E-1 4.26575E-1 4.39996E-1 4.21194E-1 4.03818E-1 4.07846E-1 4.20187E-1 4.30701E-1 4.46898E-1 4.71738E-1 4.84703E-1 4.83129E-1 4.87815E-1 4.77095E-1 4.60908E-1 4.58787E-1 4.54725E-1 4.57917E-1 4.44126E-1 4.61676E-1 4.67234E-1 4.6177E-1 4.61611E-1 4.72874E-1 4.88732E-1 5.39692E-1 5.95659E-1 6.81806E-1 6.90185E-1 6.91635E-1 -9999 -9999 -9999 -9999 -9999 -9999 -9999
4.15525E-1 4.23294E-1 4.02995E-1 3.82557E-1 3.84633E-1 3.82808E-1 3.91587E-1 3.90754E-1 3.87711E-1 3.86515E-1 3.81481E-1 4.12283E-1 4.56211E-1 4.45302E-1 4.44966E-1 4.55681E-1 4.38969E-1 4.71078E-1 4.97763E-1 5.25851E-1 5.15582E-1 5.11404E-1 4.78433E-1 4.60237E-1 4.27561E-1 4.51666E-1 4.24119E-1 4.09028E-1 3.99973E-1 4.1153E-1 4.5061E-1 4.57672E-1 4.65553E-1 4.74585E-1 4.77106E-1 4.57462E-1 4.65915E-1 4.77185E-1 4.56891E-1 4.48455E-1 4.61465E-1 4.51876E-1 4.5495E-1 4.64237E-1 4.80538E-1 4.8888E-1 4.83537E-1 5.12632E-1 5.49444E-1 6.31003E-1 6.64916E-1 6.86192E-1 -9999 -9999 -9999 -9999 -9999 -9999 -9999 -9999 -9999
4.50682E-1 4.4967E-1 4.34295E-1 4.02787E-1 4.00708E-1 3.89515E-1 3.9315E-1 4.25227E-1 3.95202E-1 4.06387E-1 3.99977E-1 4.17539E-1 4.28427E-1 4.43207E-1 4.54681E-1 4.778E-1 4.80718E-1 4.86241E-1 4.92178E-1 4.98934E-1 4.94346E-1 4.95777E-1 4.80032E-1 4.83566E-1 4.55954E-1 5.13276E-1 4.13589E-1 4.1867E-1 4.28501E-1 4.4315E-1 4.47543E-1 4.62823E-1 4.88269E-1 4.91069E-1 4.8494E-1 4.79356E-1 4.55986E-1 4.54917E-1 4.39741E-1 4.4377E-1 4.6124E-1 4.5305E-1 4.62487E-1 4.70344E-1 4.79214E-1 4.91828E-1 5.35467E-1 5.46243E-1 6.07605E-1 6.73244E-1 6.87665E-1 -9999 -9999 -9999 -9999 -9999 -9999 -9999 -9999 -9999 -9999
4.80183E-1 4.90294E-1 4.5902E-1 4.40289E-1 4.37174E-1 4.22413E-1 4.21082E-1 4.18816E-1 4.02212E-1 4.18553E-1 4.42124E-1 4.49291E-1 4.41572E-1 4.61336E-1 4.66672E-1 4.75274E-1 4.85669E-1 4.96867E-1 5.08623E-1 5.22867E-1 5.29726E-1 4.98635E-1 4.90998E-1 4.689E-1 4.8012E-1 5.42683E-1 4.35785E-1 4.4712E-1 4.48032E-1 4.60115E-1 4.57643E-1 4.705E-1 4.71821E-1 4.90998E-1 5.04937E-1 5.09539E-1 5.10212E-1 4.70993E-1 4.61061E-1 4.54272E-1 4.51152E-1 4.58182E-1 4.45858E-1 4.58262E-1 4.94988E-1 4.87344E-1 5.10148E-1 5.7722E-1 6.55874E-1 6.73122E-1 -9999 -9999 -9999 -9999 -9999 -9999 -9999 -9999 -9999 -9999 -9999
5.03779E-1 5.00787E-1 4.87604E-1 4.74588E-1 4.5086E-1 4.43052E-1 4.34641E-1 4.48281E-1 4.59836E-1 4.36394E-1 4.56195E-1 4.68756E-1 4.72654E-1 4.73047E-1 4.6291E-1 4.83465E-1 4.94101E-1 5.07349E-1 5.40309E-1 5.59683E-1 5.52354E-1 5.30339E-1 5.03261E-1 4.91293E-1 4.77131E-1 4.93699E-1 4.52007E-1 4.59743E-1 4.69101E-1 4.6535E-1 4.77576E-1 4.86783E-1 4.87353E-1 5.08928E-1 5.3394E-1 5.38348E-1 5.23078E-1 4.82827E-1 4.61169E-1 4.54519E-1 4.56911E-1 4.65791E-1 4.62043E-1 4.64976E-1 4.77132E-1 5.13679E-1 5.16876E-1 5.8347E-1 6.74916E-1 6.7777E-1 -9999 -9999 -9999 -9999 -9999 -9999 -9999 -9999 -9999 -9999 -9999
