data/maxent/outputs/red_238.asc
ncols         426
nrows         180
xllcorner     -130.0
yllcorner     24.0
cellsize      0.16666666666666666
NODATA_value  -9999
[rows 27 to 53 of 180, columns 183 to 243 of 426]
7.17736E-2 6.43752E-2 6.09782E-2 5.4956E-2 4.30932E-2 4.30732E-2 5.55464E-2 7.34287E-2 6.54476E-2 6.66057E-2 6.33608E-2 5.84591E-2 5.27516E-2 4.87302E-2 4.50284E-2 4.76013E-2 4.68147E-2 4.43489E-2 4.8122E-2 5.0102E-2 5.60012E-2 5.74148E-2 5.19588E-2 4.62058E-2 4.23368E-2 4.53965E-2 5.91533E-2 6.67096E-2 7.01845E-2 6.77932E-2 6.91389E-2 7.71967E-2 8.22876E-2 8.0353E-2 7.9262E-2 7.50173E-2 6.65632E-2 6.03017E-2 5.77682E-2 6.21384E-2 6.86395E-2 5.79869E-2 6.46921E-2 6.15397E-2 4.47755E-2 4.84503E-2 5.025E-2 4.53454E-2 3.5079E-2 2.93905E-2 2.62375E-2 2.51888E-2 2.23026E-2 2.43247E-2 2.06561E-2 2.12355E-2 2.06549E-2 1.8537E-2 1.68932E-2 1.63876E-2 1.98803E-2
6.96443E-2 6.50616E-2 6.23335E-2 5.23086E-2 4.7778E-2 4.60593E-2 4.71366E-2 7.1345E-2 8.30095E-2 8.04562E-2 7.32502E-2 6.54799E-2 5.90246E-2 5.31279E-2 4.75523E-2 4.96969E-2 4.80467E-2 4.44601E-2 4.75264E-2 4.88068E-2 4.91916E-2 5.23707E-2 5.1792E-2 4.8335E-2 4.76483E-2 5.43184E-2 5.31112E-2 7.736E-2 6.69163E-2 7.29624E-2 7.34313E-2 7.87539E-2 8.48163E-2 8.51894E-2 8.6564E-2 8.36304E-2 8.00035E-2 6.47422E-2 6.649E-2 7.12802E-2 5.97735E-2 5.33507E-2 5.49219E-2 5.52174E-2 5.20975E-2 5.59259E-2 6.03115E-2 4.58997E-2 3.51755E-2 3.11717E-2 2.97267E-2 2.19699E-2 1.98493E-2 1.93367E-2 1.68349E-2 2.03837E-2 1.6701E-2 1.66846E-2 1.58499E-2 1.77711E-2 1.9361E-2
6.56208E-2 5.9499E-2 5.79702E-2 4.81066E-2 4.87376E-2 5.37967E-2 5.22422E-2 5.60258E-2 9.00415E-2 8.75622E-2 8.08044E-2 7.85426E-2 6.68542E-2 4.58089E-2 4.18339E-2 4.78301E-2 4.98135E-2 5.28951E-2 5.30016E-2 5.19235E-2 4.99616E-2 4.34654E-2 4.41502E-2 4.29176E-2 4.34371E-2 6.70112E-2 4.08395E-2 4.04173E-2 5.8245E-2 7.93524E-2 8.71988E-2 8.00272E-2 8.21664E-2 8.27529E-2 8.25453E-2 8.55148E-2 8.11622E-2 7.44382E-2 6.97836E-2 6.7646E-2 6.86539E-2 6.31289E-2 5.99621E-2 6.49512E-2 6.48318E-2 8.55422E-2 7.40301E-2 5.33038E-2 4.02578E-2 3.93377E-2 3.72524E-2 2.63448E-2 2.21915E-2 2.05328E-2 1.83278E-2 1.61289E-2 2.1426E-2 1.63292E-2 1.57506E-2 1.60428E-2 1.68147E-2
4.78801E-2 5.59381E-2 5.29235E-2 5.00605E-2 4.97461E-2 4.10751E-2 3.22647E-2 3.36381E-2 5.6209E-2 7.26801E-2 7.3907E-2 7.2918E-2 5.21923E-2 3.6315E-2 3.62807E-2 3.93695E-2 4.52265E-2 5.41015E-2 5.5932E-2 6.09338E-2 5.06524E-2 4.6592E-2 3.61561E-2 3.31018E-2 3.27606E-2 6.02686E-2 5.53852E-2 5.68546E-2 5.88751E-2 6.53685E-2 6.91638E-2 7.45946E-2 7.79573E-2 8.19056E-2 8.62241E-2 8.57111E-2 9.10333E-2 8.33874E-2 7.48851E-2 8.40808E-2 7.29831E-2 6.89922E-2 6.9502E-2 7.02618E-2 6.24088E-2 6.29395E-2 6.08542E-2 6.13625E-2 6.27115E-2 4.03948E-2 3.59835E-2 3.38166E-2 3.88738E-2 4.41384E-2 3.67138E-2 2.44673E-2 1.75057E-2 1.67934E-2 1.69094E-2 1.93618E-2 1.82876E-2
3.67592E-2 4.68729E-2 4.62867E-2 3.86652E-2 3.78011E-2 3.391E-2 2.32525E-2 2.40139E-2 3.2934E-2 5.40846E-2 5.67217E-2 5.49066E-2 4.37642E-2 3.99476E-2 3.73246E-2 3.61192E-2 4.04673E-2 4.46719E-2 5.22619E-2 5.71889E-2 5.02728E-2 4.10025E-2 3.15931E-2 2.87941E-2 3.29854E-2 3.84886E-2 4.3395E-2 4.19029E-2 4.37222E-2 4.03788E-2 5.51177E-2 6.78123E-2 7.91875E-2 7.96791E-2 8.19716E-2 8.5177E-2 9.72705E-2 1.01307E-1 9.37153E-2 9.97707E-2 8.62021E-2 8.13263E-2 7.34631E-2 6.93555E-2 7.30943E-2 5.98837E-2 5.8308E-2 6.09398E-2 5.95574E-2 5.62037E-2 5.63864E-2 4.47387E-2 4.01123E-2 4.98044E-2 6.42822E-2 3.97379E-2 1.99167E-2 1.83409E-2 1.86793E-2 4.55995E-2 4.38649E-2
3.70682E-2 4.59937E-2 4.23283E-2 4.39355E-2 3.96694E-2 3.11266E-2 2.29602E-2 2.41327E-2 3.13685E-2 4.7805E-2 4.98627E-2 4.89653E-2 4.52339E-2 4.19699E-2 4.16002E-2 3.89565E-2 4.33452E-2 3.99588E-2 4.5475E-2 5.05619E-2 4.52962E-2 4.30254E-2 3.65347E-2 3.55398E-2 3.93542E-2 4.30786E-2 4.56791E-2 4.74028E-2 5.20984E-2 4.09578E-2 5.64854E-2 8.30665E-2 8.57495E-2 8.93328E-2 8.51115E-2 7.59177E-2 8.14175E-2 1.00959E-1 1.15742E-1 1.17627E-1 1.14718E-1 9.4794E-2 7.03355E-2 6.70158E-2 7.82029E-2 8.74063E-2 7.47892E-2 7.28484E-2 7.86875E-2 6.06085E-2 4.89692E-2 3.74876E-2 3.3303E-2 4.85379E-2 6.97752E-2 5.39961E-2 3.57764E-2 3.72961E-2 3.90932E-2 4.65642E-2 3.62689E-2
4.59411E-2 4.98459E-2 4.5718E-2 3.52295E-2 3.21028E-2 3.00255E-2 2.47253E-2 2.57276E-2 3.43955E-2 4.30506E-2 4.79027E-2 4.66311E-2 4.52824E-2 4.26596E-2 4.11908E-2 4.27125E-2 4.86665E-2 4.52558E-2 4.20515E-2 4.539E-2 4.45265E-2 5.06663E-2 3.95688E-2 4.01258E-2 4.40084E-2 4.44436E-2 4.91189E-2 5.21919E-2 5.16886E-2 5.21647E-2 6.11724E-2 8.27962E-2 9.40084E-2 9.70003E-2 9.34246E-2 7.85473E-2 8.33017E-2 8.68042E-2 9.35194E-2 1.06218E-1 1.06786E-1 1.15652E-1 1.07631E-1 9.72289E-2 9.76805E-2 7.66134E-2 7.98751E-2 8.18814E-2 7.45132E-2 7.30368E-2 7.28485E-2 6.13249E-2 4.86133E-2 5.0652E-2 4.27071E-2 5.09774E-2 4.18127E-2 4.9753E-2 5.95582E-2 7.53417E-2 7.84979E-2
5.46089E-2 6.794E-2 6.57791E-2 5.35597E-2 3.96663E-2 3.52244E-2 3.28687E-2 3.6974E-2 4.01998E-2 4.65503E-2 5.13686E-2 5.27261E-2 5.395E-2 5.40764E-2 5.296E-2 4.91702E-2 5.48611E-2 5.42805E-2 5.02375E-2 5.07931E-2 4.90029E-2 5.54399E-2 4.45468E-2 4.37277E-2 4.49932E-2 4.90586E-2 5.49069E-2 5.66926E-2 4.92909E-2 5.46862E-2 5.93618E-2 8.46708E-2 9.16146E-2 9.37448E-2 9.51208E-2 8.93465E-2 9.03143E-2 8.93637E-2 8.86001E-2 8.87192E-2 8.70471E-2 8.58881E-2 1.01003E-1 9.8574E-2 9.77731E-2 1.01617E-1 9.68684E-2 8.97242E-2 8.16128E-2 8.00607E-2 8.38498E-2 1.10669E-1 8.7167E-2 8.37182E-2 5.46903E-2 5.90244E-2 6.71337E-2 8.76959E-2 8.6165E-2 9.3354E-2 1.21836E-1
5.32807E-2 8.53818E-2 9.42316E-2 8.77994E-2 6.78042E-2 5.06811E-2 4.26919E-2 4.41819E-2 4.71516E-2 5.26745E-2 5.89995E-2 6.37099E-2 6.34718E-2 6.59742E-2 6.85851E-2 6.34068E-2 5.84615E-2 5.80877E-2 6.36085E-2 6.45721E-2 5.9528E-2 5.71345E-2 5.40768E-2 5.39607E-2 5.52907E-2 6.89998E-2 8.46053E-2 8.83027E-2 8.99545E-2 9.18759E-2 8.53478E-2 9.26697E-2 9.29352E-2 8.87212E-2 8.94777E-2 8.98876E-2 9.00274E-2 8.97943E-2 9.21216E-2 1.01282E-1 8.44916E-2 7.85122E-2 7.20441E-2 7.06638E-2 7.03978E-2 7.33958E-2 8.88464E-2 1.0354E-1 9.77099E-2 8.81103E-2 7.95298E-2 7.82444E-2 6.56867E-2 6.26511E-2 6.58308E-2 7.93658E-2 8.61338E-2 9.20985E-2 1.16751E-1 2.07165E-1 2.80611E-1
5.45399E-2 5.52468E-2 5.3618E-2 4.91491E-2 5.76042E-2 5.11685E-2 5.2764E-2 4.93748E-2 5.31734E-2 5.67605E-2 6.61748E-2 7.49009E-2 7.83134E-2 7.40583E-2 9.34397E-2 8.32459E-2 7.14239E-2 6.94558E-2 7.33715E-2 7.35534E-2 7.34287E-2 7.09466E-2 6.0272E-2 5.88119E-2 6.0849E-2 9.27524E-2 9.7297E-2 1.03583E-1 8.49452E-2 8.03055E-2 8.72544E-2 8.90296E-2 9.38495E-2 9.16501E-2 9.38727E-2 9.21385E-2 9.34158E-2 9.11506E-2 8.63211E-2 8.398E-2 7.86206E-2 7.7569E-2 8.81019E-2 1.01313E-1 6.92068E-2 7.96508E-2 8.07647E-2 7.97075E-2 8.30956E-2 7.77983E-2 6.61369E-2 6.09251E-2 6.23634E-2 6.06727E-2 5.26052E-2 5.95739E-2 9.92648E-2 2.01864E-1 2.96744E-1 1.15863E-1 8.25448E-2
6.79391E-2 6.41269E-2 5.77866E-2 5.24323E-2 5.41947E-2 4.72362E-2 4.63714E-2 4.28487E-2 5.15191E-2 6.44306E-2 6.98492E-2 7.56532E-2 8.16144E-2 8.46718E-2 9.0806E-2 8.95433E-2 8.44113E-2 8.25095E-2 7.8784E-2 7.78492E-2 8.1026E-2 7.15217E-2 6.49476E-2 6.30911E-2 6.63752E-2 6.96589E-2 6.87884E-2 7.28839E-2 7.91644E-2 8.86377E-2 8.66155E-2 9.02943E-2 9.65003E-2 9.59344E-2 9.62571E-2 9.22454E-2 9.26682E-2 9.10959E-2 9.0658E-2 8.54613E-2 7.91847E-2 7.17029E-2 6.46724E-2 5.92413E-2 5.93297E-2 6.69613E-2 6.70659E-2 6.85203E-2 6.9011E-2 6.91449E-2 6.74889E-2 6.52786E-2 7.60331E-2 1.39348E-1 2.26592E-1 2.70237E-1 1.56112E-1 1.07453E-1 9.56565E-2 1.03956E-1 1.05751E-1
7.20477E-2 6.87106E-2 6.73726E-2 6.11876E-2 5.53221E-2 6.12325E-2 5.68714E-2 5.87448E-2 5.75558E-2 7.12725E-2 7.65727E-2 8.03459E-2 7.67185E-2 8.315E-2 8.93239E-2 9.39846E-2 9.37941E-2 9.68849E-2 9.75311E-2 1.01241E-1 1.05763E-1 8.3491E-2 7.41761E-2 7.35584E-2 6.69885E-2 6.5882E-2 7.14476E-2 7.91759E-2 9.28234E-2 1.06078E-1 1.01015E-1 1.04983E-1 1.14943E-1 1.11506E-1 1.077E-1 1.15372E-1 1.09577E-1 9.35109E-2 9.08206E-2 8.85752E-2 8.26351E-2 9.30961E-2 6.92528E-2 7.1644E-2 7.25306E-2 6.69226E-2 5.98287E-2 6.1283E-2 6.13183E-2 7.08426E-2 1.02355E-1 1.84392E-1 2.90311E-1 1.32957E-1 9.41033E-2 9.71858E-2 1.041E-1 1.157E-1 1.17459E-1 1.17145E-1 1.16547E-1
7.19987E-2 7.49861E-2 8.06192E-2 7.28447E-2 6.91412E-2 6.53541E-2 6.32246E-2 6.44276E-2 6.79807E-2 7.59031E-2 7.81471E-2 7.2664E-2 7.71566E-2 8.13549E-2 9.11096E-2 9.6684E-2 1.04223E-1 1.11832E-1 1.18576E-1 1.10994E-1 1.1744E-1 1.10036E-1 9.94134E-2 7.98691E-2 7.69649E-2 8.51969E-2 8.2164E-2 9.41277E-2 9.91722E-2 1.54303E-1 1.138E-1 1.61743E-1 1.30707E-1 1.05355E-1 1.04174E-1 1.2373E-1 1.06781E-1 1.02921E-1 1.07474E-1 9.8259E-2 8.1223E-2 8.94883E-2 9.04413E-2 7.4949E-2 7.08953E-2 6.59636E-2 6.71986E-2 6.72598E-2 8.20231E-2 1.56793E-1 2.89766E-1 1.20607E-1 1.15565E-1 1.24519E-1 1.28295E-1 1.27438E-1 1.27287E-1 1.30119E-1 1.30149E-1 1.3222E-1 1.2578E-1
6.05695E-2 6.64184E-2 6.86272E-2 6.71293E-2 7.46697E-2 8.13874E-2 7.14414E-2 6.85691E-2 7.03343E-2 7.43705E-2 7.7545E-2 7.23695E-2 7.1054E-2 7.83633E-2 9.0301E-2 1.02049E-1 1.19112E-1 1.23817E-1 1.29815E-1 1.28162E-1 1.28244E-1 1.23931E-1 1.13383E-1 1.04621E-1 9.64351E-2 1.01915E-1 1.02018E-1 9.52994E-2 1.08676E-1 1.30438E-1 1.64603E-1 1.3772E-1 1.12034E-1 1.17961E-1 1.15278E-1 1.29406E-1 1.15969E-1 1.06389E-1 1.06092E-1 8.99798E-2 8.73125E-2 8.28694E-2 8.6411E-2 8.58964E-2 8.13236E-2 8.24227E-2 8.61984E-2 1.14993E-1 1.83929E-1 2.76924E-1 1.18556E-1 1.4633E-1 1.70921E-1 1.82727E-1 1.73867E-1 1.64002E-1 1.62369E-1 1.57462E-1 1.52574E-1 1.47257E-1 1.4186E-1
4.58639E-2 5.43705E-2 6.47958E-2 6.31459E-2 6.69292E-2 7.56994E-2 7.62721E-2 7.63693E-2 7.08562E-2 7.65764E-2 7.71203E-2 7.22045E-2 7.35471E-2 7.28325E-2 8.45988E-2 1.1193E-1 1.25495E-1 1.29897E-1 1.19332E-1 1.18231E-1 1.17242E-1 1.18605E-1 1.25456E-1 1.1966E-1 1.03525E-1 9.86589E-2 1.0135E-1 1.00165E-1 1.18064E-1 1.67395E-1 2.08064E-1 1.75205E-1 1.27477E-1 1.28986E-1 1.17515E-1 1.16418E-1 1.12325E-1 1.07472E-1 1.03098E-1 1.00177E-1 1.02132E-1 9.69572E-2 9.35265E-2 1.03589E-1 1.10199E-1 1.12058E-1 1.57126E-1 2.81565E-1 2.33341E-1 1.4283E-1 1.61289E-1 1.94552E-1 2.58091E-1 2.93658E-1 3.27916E-1 2.10783E-1 1.91453E-1 1.84298E-1 1.72049E-1 1.6588E-1 1.69087E-1
6.22652E-2 5.84604E-2 6.97691E-2 7.09161E-2 7.61346E-2 7.23661E-2 7.79328E-2 7.79182E-2 7.70779E-2 7.47608E-2 8.26394E-2 7.63429E-2 7.78671E-2 7.61641E-2 9.25007E-2 1.15421E-1 1.38796E-1 1.29121E-1 1.18052E-1 1.12998E-1 1.16271E-1 1.17991E-1 1.19789E-1 1.31776E-1 1.11815E-1 9.36318E-2 9.17755E-2 1.0596E-1 1.17315E-1 1.40292E-1 1.48593E-1 1.50719E-1 1.46536E-1 1.41845E-1 1.28039E-1 1.18958E-1 1.17084E-1 1.24403E-1 1.1703E-1 1.13118E-1 1.17195E-1 1.15762E-1 1.21678E-1 1.55261E-1 1.83411E-1 2.76923E-1 3.17191E-1 1.74034E-1 1.7218E-1 2.80539E-1 3.94237E-1 4.15374E-1 4.57879E-1 4.61735E-1 3.81982E-1 2.36827E-1 2.14257E-1 2.07906E-1 2.43742E-1 2.90472E-1 4.35724E-1
7.04565E-2 7.7482E-2 8.23713E-2 8.00182E-2 7.9582E-2 8.05848E-2 8.87321E-2 9.27182E-2 8.56735E-2 8.42917E-2 8.90396E-2 9.02459E-2 7.96322E-2 8.06635E-2 9.25316E-2 1.04484E-1 1.21164E-1 1.31826E-1 1.15766E-1 1.22459E-1 1.39455E-1 1.363E-1 1.33949E-1 1.24702E-1 1.13402E-1 1.01957E-1 9.90718E-2 1.04887E-1 1.14086E-1 1.35951E-1 1.47769E-1 1.8027E-1 1.87203E-1 1.62116E-1 1.47686E-1 1.29937E-1 1.25032E-1 1.53164E-1 1.28939E-1 1.24104E-1 1.34254E-1 1.40033E-1 1.47766E-1 1.88125E-1 3.59878E-1 3.59501E-1 3.56241E-1 3.5414E-1 3.22265E-1 3.23698E-1 3.31402E-1 4.13064E-1 5.08844E-1 3.45382E-1 3.1964E-1 2.92456E-1 3.3789E-1 5.1748E-1 5.40773E-1 5.16563E-1 4.74513E-1
7.74615E-2 8.04206E-2 8.79411E-2 9.17992E-2 8.61783E-2 8.60565E-2 9.67649E-2 1.0025E-1 9.69011E-2 9.17656E-2 9.53703E-2 9.59481E-2 8.79002E-2 9.07833E-2 9.91193E-2 1.08511E-1 1.19421E-1 1.28487E-1 1.2801E-1 1.38338E-1 1.44932E-1 1.88765E-1 1.76786E-1 1.74098E-1 1.55385E-1 1.23037E-1 1.21855E-1 1.25992E-1 1.3441E-1 1.57615E-1 1.58818E-1 2.2352E-1 2.2212E-1 1.89341E-1 1.58443E-1 1.51224E-1 1.48847E-1 1.36659E-1 1.30991E-1 1.28557E-1 1.36866E-1 1.57845E-1 1.85351E-1 2.20843E-1 2.49114E-1 2.62653E-1 2.85564E-1 2.83155E-1 3.11711E-1 2.7051E-1 2.82667E-1 3.73085E-1 4.428E-1 5.40689E-1 5.91705E-1 5.90391E-1 5.83684E-1 4.84564E-1 4.16381E-1 4.35477E-1 3.75294E-1
7.56266E-2 8.21216E-2 9.39891E-2 1.00602E-1 1.00866E-1 9.91795E-2 1.06046E-1 1.17101E-1 1.08567E-1 9.79596E-2 9.9131E-2 1.00623E-1 9.59219E-2 9.84226E-2 1.13052E-1 1.25676E-1 1.29101E-1 1.32717E-1 1.49275E-1 1.671E-1 1.75792E-1 1.97558E-1 2.43225E-1 2.74806E-1 1.89534E-1 1.59475E-1 1.63018E-1 1.62018E-1 1.79017E-1 1.86639E-1 2.3415E-1 2.89197E-1 2.37707E-1 2.30038E-1 2.28965E-1 1.83783E-1 1.54778E-1 1.47592E-1 1.44377E-1 1.44338E-1 1.82669E-1 1.73686E-1 1.91258E-1 1.83072E-1 1.89114E-1 2.11902E-1 2.47081E-1 2.2021E-1 2.62291E-1 2.95233E-1 2.77045E-1 3.25351E-1 3.79669E-1 4.20832E-1 4.03196E-1 3.9103E-1 3.80908E-1 3.85635E-1 3.77324E-1 4.13311E-1 3.92658E-1
7.51619E-2 9.01872E-2 1.06618E-1 1.2115E-1 1.09009E-1 1.12611E-1 1.28799E-1 1.3085E-1 1.17177E-1 1.12685E-1 1.13695E-1 1.22818E-1 1.16108E-1 1.17429E-1 1.23746E-1 1.35149E-1 1.25593E-1 1.397E-1 1.56431E-1 1.95227E-1 2.19584E-1 2.40967E-1 2.54851E-1 2.60451E-1 2.26627E-1 2.01136E-1 2.0264E-1 2.15104E-1 2.36082E-1 2.76188E-1 2.67443E-1 2.30665E-1 2.11196E-1 2.20203E-1 4.0617E-1 3.61185E-1 1.65356E-1 1.59099E-1 1.69273E-1 1.91624E-1 1.89341E-1 1.88786E-1 1.98135E-1 1.99391E-1 2.23252E-1 2.7152E-1 2.32226E-1 2.52267E-1 2.53407E-1 2.57245E-1 2.7883E-1 2.6499E-1 2.65736E-1 2.77716E-1 2.7781E-1 2.90874E-1 3.29699E-1 3.31473E-1 3.55219E-1 3.55545E-1 3.63131E-1
9.25854E-2 9.06307E-2 1.18185E-1 1.40693E-1 1.26652E-1 1.18435E-1 1.30615E-1 1.46553E-1 1.21901E-1 1.21323E-1 1.27558E-1 1.4092E-1 1.41907E-1 1.4733E-1 1.65332E-1 1.74329E-1 1.49649E-1 1.53579E-1 1.68294E-1 2.16283E-1 2.28732E-1 2.43935E-1 2.77017E-1 2.69686E-1 2.7399E-1 2.46115E-1 2.41347E-1 2.53935E-1 2.84119E-1 2.60767E-1 2.59862E-1 2.36492E-1 2.01374E-1 2.15357E-1 2.31775E-1 2.56733E-1 1.86481E-1 1.93254E-1 1.91871E-1 2.14341E-1 2.18115E-1 2.43562E-1 2.80142E-1 2.88357E-1 2.95916E-1 3.16693E-1 2.95157E-1 2.79994E-1 2.81022E-1 2.71858E-1 2.65146E-1 2.47814E-1 2.44453E-1 2.49012E-1 2.66795E-1 3.11047E-1 3.31465E-1 2.88462E-1 3.09826E-1 3.12411E-1 2.78214E-1
7.91111E-2 9.41359E-2 1.04534E-1 1.33186E-1 1.19631E-1 1.13398E-1 1.17477E-1 1.30749E-1 1.30378E-1 1.16996E-1 1.21838E-1 1.34792E-1 1.65866E-1 1.6693E-1 1.77289E-1 1.83825E-1 1.63163E-1 1.82606E-1 1.82474E-1 1.99131E-1 2.31055E-1 2.50159E-1 2.66956E-1 2.96431E-1 3.51875E-1 2.99701E-1 3.21472E-1 3.11991E-1 3.15159E-1 2.74277E-1 2.58963E-1 2.44803E-1 2.39427E-1 2.23047E-1 2.23087E-1 2.23286E-1 2.27103E-1 2.25249E-1 2.25305E-1 2.45612E-1 2.89104E-1 3.03777E-1 3.60402E-1 3.72095E-1 3.85884E-1 3.30548E-1 2.94488E-1 3.08494E-1 3.61009E-1 3.55338E-1 2.94548E-1 2.67012E-1 2.63905E-1 2.73735E-1 3.01844E-1 2.84884E-1 2.99022E-1 3.29538E-1 3.05182E-1 3.1548E-1 2.82897E-1
8.38786E-2 1.00274E-1 1.12743E-1 1.14124E-1 1.09017E-1 1.11002E-1 1.1854E-1 1.32706E-1 1.38919E-1 1.36826E-1 1.22869E-1 1.57781E-1 1.6977E-1 1.85576E-1 1.91707E-1 1.87765E-1 2.1393E-1 2.20149E-1 2.01567E-1 2.10986E-1 2.50005E-1 2.66026E-1 2.91087E-1 3.30233E-1 3.56583E-1 3.22621E-1 3.07041E-1 3.23723E-1 3.29118E-1 3.07057E-1 2.86448E-1 2.79777E-1 2.52457E-1 2.52185E-1 2.58003E-1 2.52142E-1 2.63847E-1 2.60346E-1 2.83413E-1 2.8261E-1 3.16953E-1 3.26692E-1 3.50025E-1 3.44304E-1 3.24104E-1 3.11246E-1 3.24886E-1 3.44028E-1 3.16757E-1 2.63361E-1 2.64914E-1 2.66462E-1 2.70634E-1 2.73216E-1 2.95013E-1 2.68865E-1 2.61152E-1 2.824E-1 2.68699E-1 2.9605E-1 2.80767E-1
8.98355E-2 1.06548E-1 1.05436E-1 1.08092E-1 1.09511E-1 1.1578E-1 1.17708E-1 1.21544E-1 1.23742E-1 1.40346E-1 1.42948E-1 2.00255E-1 1.82091E-1 1.65471E-1 1.9081E-1 2.01572E-1 2.10974E-1 2.1841E-1 2.21084E-1 2.22681E-1 2.43501E-1 2.6947E-1 3.25958E-1 3.22625E-1 3.80912E-1 3.33037E-1 3.11966E-1 3.20279E-1 3.241E-1 3.26419E-1 3.61319E-1 3.16986E-1 2.78514E-1 2.86078E-1 2.87239E-1 3.06376E-1 3.18603E-1 3.32181E-1 3.26619E-1 3.23748E-1 3.38717E-1 3.49689E-1 3.48177E-1 3.51992E-1 3.45931E-1 3.21403E-1 3.04081E-1 3.26011E-1 3.23069E-1 2.83248E-1 2.87839E-1 3.06139E-1 2.8528E-1 2.65899E-1 2.64039E-1 2.55665E-1 2.52025E-1 2.63236E-1 2.9339E-1 3.04309E-1 3.14755E-1
1.01647E-1 1.00876E-1 9.69926E-2 1.07799E-1 1.15917E-1 1.17508E-1 1.1661E-1 1.1313E-1 1.2567E-1 1.48294E-1 1.8915E-1 2.23382E-1 2.48151E-1 1.62581E-1 1.57186E-1 1.92494E-1 2.11679E-1 2.23375E-1 2.38528E-1 2.40357E-1 2.53829E-1 2.71846E-1 2.78749E-1 3.20741E-1 3.4254E-1 3.88578E-1 3.49565E-1 3.18759E-1 3.3406E-1 3.63374E-1 3.55706E-1 3.41993E-1 3.44022E-1 3.48216E-1 3.57225E-1 3.75567E-1 3.72341E-1 3.6769E-1 3.65797E-1 3.98308E-1 3.70096E-1 3.73941E-1 3.58262E-1 3.55748E-1 3.50427E-1 3.27163E-1 3.37037E-1 3.30793E-1 3.20727E-1 3.15748E-1 3.18206E-1 3.00436E-1 2.99331E-1 2.97065E-1 2.88363E-1 2.87715E-1 2.9475E-1 2.9744E-1 3.40639E-1 3.22262E-1 2.94188E-1
9.74429E-2 9.99504E-2 1.03025E-1 1.1183E-1 1.19293E-1 1.15612E-1 1.09899E-1 1.09916E-1 1.17274E-1 1.69829E-1 2.22201E-1 2.42088E-1 2.22585E-1 1.78292E-1 1.48674E-1 1.93026E-1 1.74643E-1 1.93445E-1 2.3676E-1 2.52284E-1 2.82168E-1 2.69412E-1 2.82744E-1 3.01733E-1 3.24254E-1 3.69103E-1 4.16518E-1 4.14297E-1 3.7425E-1 3.48613E-1 3.448E-1 3.76241E-1 4.05568E-1 4.05892E-1 4.02691E-1 3.97618E-1 4.13978E-1 4.1773E-1 4.47672E-1 4.61918E-1 4.36924E-1 3.90786E-1 3.79502E-1 3.62388E-1 3.61327E-1 3.63716E-1 3.61846E-1 3.55285E-1 3.96446E-1 3.87338E-1 3.74247E-1 3.34102E-1 3.45086E-1 3.61078E-1 3.45644E-1 3.19205E-1 3.30061E-1 3.47168E-1 3.61852E-1 3.34837E-1 2.98057E-1
9.66037E-2 1.08814E-1 1.1433E-1 1.12141E-1 1.13712E-1 1.13948E-1 1.08222E-1 1.02599E-1 1.12672E-1 1.64253E-1 2.29434E-1 2.25228E-1 2.07192E-1 1.63781E-1 1.52043E-1 1.80707E-1 2.13316E-1 2.00057E-1 2.28995E-1 2.37832E-1 2.39714E-1 2.79874E-1 3.27677E-1 3.04405E-1 3.38512E-1 3.50358E-1 3.5879E-1 3.65685E-1 3.50169E-1 3.79398E-1 4.05075E-1 4.00949E-1 3.75041E-1 3.93039E-1 4.10964E-1 4.32292E-1 4.79493E-1 4.85163E-1 5.2201E-1 4.92428E-1 4.85461E-1 4.06552E-1 3.71725E-1 3.70154E-1 3.84653E-1 3.89154E-1 4.07157E-1 3.80369E-1 3.65672E-1 3.85202E-1 3.6686E-1 3.59711E-1 3.30557E-1 3.45938E-1 3.42632E-1 3.42219E-1 3.48413E-1 3.59711E-1 3.61483E-1 3.86253E-1 3.27315E-1
