data/maxent/outputs/red_318.asc
ncols         426
nrows         180
xllcorner     -130.0
yllcorner     24.0
cellsize      0.16666666666666666
NODATA_value  -9999
[rows 54 to 80 of 180, columns 183 to 243 of 426]
4.5434E-4 5.62474E-4 5.89025E-4 5.65889E-4 5.30631E-4 4.86222E-4 4.51984E-4 4.36614E-4 5.17026E-4 6.43337E-4 9.43941E-4 1.01471E-3 9.31987E-4 9.33385E-4 6.264E-4 7.41081E-4 1.15427E-3 1.33565E-3 1.53049E-3 1.63191E-3 1.36703E-3 1.40903E-3 2.00803E-3 2.4265E-3 2.24535E-3 2.16977E-3 1.77502E-3 1.59944E-3 1.44678E-3 1.84748E-3 2.54237E-3 2.54116E-3 2.09273E-3 2.65907E-3 4.43285E-3 8.02141E-3 7.89905E-3 8.65647E-3 7.93562E-3 5.45336E-3 6.5611E-3 4.60242E-3 4.69754E-3 4.37282E-3 4.65181E-3 4.44483E-3 4.29282E-3 3.58524E-3 3.98864E-3 3.90993E-3 3.96296E-3 3.36886E-3 3.35714E-3 3.63159E-3 3.773E-3 3.88317E-3 4.0063E-3 4.4566E-3 6.25796E-3 8.58187E-3 4.39107E-3
4.19768E-4 4.52073E-4 4.85639E-4 4.9335E-4 5.15468E-4 6.08673E-4 4.88398E-4 4.95177E-4 5.45651E-4 6.31292E-4 8.88082E-4 1.19719E-3 8.84547E-4 7.42101E-4 6.48161E-4 7.26634E-4 1.06227E-3 1.44056E-3 2.19013E-3 2.10281E-3 1.77823E-3 1.78248E-3 2.0208E-3 2.54265E-3 2.98328E-3 2.0454E-3 1.62835E-3 1.26893E-3 1.57999E-3 2.20105E-3 2.53359E-3 2.32419E-3 2.26585E-3 3.00493E-3 3.07137E-3 4.22194E-3 6.58682E-3 7.5356E-3 5.26063E-3 5.31628E-3 5.9081E-3 6.21421E-3 5.64251E-3 5.13761E-3 5.3696E-3 4.64327E-3 4.70183E-3 4.93553E-3 4.90602E-3 4.74417E-3 5.4516E-3 5.61229E-3 4.99655E-3 4.67921E-3 4.24385E-3 4.65013E-3 5.15622E-3 6.67648E-3 1.08655E-2 9.26129E-3 7.72675E-3
5.62819E-4 5.7815E-4 6.25973E-4 5.87481E-4 6.62982E-4 6.68494E-4 6.52307E-4 5.59515E-4 6.49429E-4 6.34324E-4 8.30733E-4 1.07643E-3 1.04274E-3 8.87459E-4 1.17923E-3 7.61557E-4 8.89445E-4 1.17978E-3 1.71809E-3 2.02181E-3 2.01838E-3 2.05675E-3 2.30203E-3 2.43259E-3 2.36044E-3 2.10294E-3 2.16885E-3 1.85503E-3 1.75778E-3 2.04207E-3 2.23121E-3 2.2476E-3 2.47321E-3 3.35607E-3 2.83195E-3 3.80902E-3 5.16151E-3 5.6316E-3 4.81449E-3 5.21017E-3 5.75217E-3 8.03412E-3 9.78253E-3 7.30625E-3 7.02606E-3 7.09999E-3 6.73089E-3 6.13239E-3 5.64952E-3 4.79408E-3 6.05483E-3 5.80793E-3 5.94042E-3 5.20668E-3 4.70586E-3 4.90934E-3 5.58728E-3 6.75978E-3 8.02824E-3 1.06675E-2 8.79209E-3
5.75574E-4 5.71907E-4 7.12356E-4 7.10273E-4 8.04739E-4 8.00446E-4 7.07184E-4 7.24422E-4 7.51025E-4 7.16752E-4 8.46616E-4 1.29508E-3 1.35989E-3 1.24325E-3 9.83637E-4 7.67258E-4 6.94901E-4 8.37831E-4 1.17789E-3 1.34517E-3 1.71324E-3 2.11057E-3 2.50167E-3 2.39633E-3 2.22556E-3 2.22739E-3 1.95076E-3 1.9318E-3 2.20367E-3 2.52959E-3 2.27517E-3 2.07956E-3 1.97745E-3 2.71999E-3 2.90525E-3 3.86464E-3 6.06614E-3 5.96658E-3 5.223E-3 5.71613E-3 5.2122E-3 5.32987E-3 5.97031E-3 9.09287E-3 9.89924E-3 9.52835E-3 7.75484E-3 8.20667E-3 6.08857E-3 5.11312E-3 5.78015E-3 5.83749E-3 6.66022E-3 6.09758E-3 5.87246E-3 6.13636E-3 7.22301E-3 9.13955E-3 1.01672E-2 7.53238E-3 8.45678E-3
4.51814E-4 4.69131E-4 5.07704E-4 7.12722E-4 8.69191E-4 9.5582E-4 8.67962E-4 8.40173E-4 7.86343E-4 7.67333E-4 8.7239E-4 1.36118E-3 2.50428E-3 1.40002E-3 1.29542E-3 7.36384E-4 6.78328E-4 6.85773E-4 8.32274E-4 1.24892E-3 1.47149E-3 1.9377E-3 2.48381E-3 2.43249E-3 2.36029E-3 2.25582E-3 2.17617E-3 2.10721E-3 2.20687E-3 2.21629E-3 2.50632E-3 2.8615E-3 2.50226E-3 3.17743E-3 4.14725E-3 4.54807E-3 5.32207E-3 5.89844E-3 5.35537E-3 4.76721E-3 5.38512E-3 5.10825E-3 5.69216E-3 6.48021E-3 7.26712E-3 9.29098E-3 8.04342E-3 8.30288E-3 7.15333E-3 6.5632E-3 6.88651E-3 6.78204E-3 7.1764E-3 8.81395E-3 7.63327E-3 8.05698E-3 8.70867E-3 1.16564E-2 9.18049E-3 6.81121E-3 8.36094E-3
7.48982E-4 5.53257E-4 5.05579E-4 5.53356E-4 7.15928E-4 1.28266E-3 9.95374E-4 9.95741E-4 9.76267E-4 9.24356E-4 9.77178E-4 1.09664E-3 1.41394E-3 1.48466E-3 1.30136E-3 9.17293E-4 7.87606E-4 7.40164E-4 7.48675E-4 9.04808E-4 1.37165E-3 1.84971E-3 2.62483E-3 2.55354E-3 2.46303E-3 2.46551E-3 2.58819E-3 2.43527E-3 2.18229E-3 2.34127E-3 2.21803E-3 2.35875E-3 3.21403E-3 2.73036E-3 3.02375E-3 3.41317E-3 3.94543E-3 4.56538E-3 5.22202E-3 4.91977E-3 5.43186E-3 5.90458E-3 6.61068E-3 6.29769E-3 7.1943E-3 8.57516E-3 1.04631E-2 1.24461E-2 9.58578E-3 8.27709E-3 8.47761E-3 7.84138E-3 8.00383E-3 1.02693E-2 9.97626E-3 1.00884E-2 1.12523E-2 1.31471E-2 8.89268E-3 8.25358E-3 9.45893E-3
9.24096E-4 9.0247E-4 7.00019E-4 6.70453E-4 8.90398E-4 1.05326E-3 1.13007E-3 1.12351E-3 1.13113E-3 1.04512E-3 1.11779E-3 1.16456E-3 1.35192E-3 1.64569E-3 1.63399E-3 1.25991E-3 1.00202E-3 9.1834E-4 9.09723E-4 1.02481E-3 1.43066E-3 1.89551E-3 2.18695E-3 2.06053E-3 2.41812E-3 2.31215E-3 2.6275E-3 2.37737E-3 2.4603E-3 2.47976E-3 2.52153E-3 2.86794E-3 2.93326E-3 2.70443E-3 2.64932E-3 2.91408E-3 3.60531E-3 4.01009E-3 4.50895E-3 4.85636E-3 4.97481E-3 5.42169E-3 6.38323E-3 7.17829E-3 6.89224E-3 6.93098E-3 8.44442E-3 1.26139E-2 1.55123E-2 1.42991E-2 1.12903E-2 9.11787E-3 8.13911E-3 9.60087E-3 1.15087E-2 1.15613E-2 1.22823E-2 1.4178E-2 1.09462E-2 1.04969E-2 1.37973E-2
1.56878E-3 1.05315E-3 8.9929E-4 8.86192E-4 1.01585E-3 1.11445E-3 1.36518E-3 1.37674E-3 1.49429E-3 1.29872E-3 1.14558E-3 1.36522E-3 1.36372E-3 1.35966E-3 1.55087E-3 1.28012E-3 1.23851E-3 1.09023E-3 1.07925E-3 1.38477E-3 1.52747E-3 1.81476E-3 2.11504E-3 2.15042E-3 2.16048E-3 2.9186E-3 2.73674E-3 2.18452E-3 2.53777E-3 2.92025E-3 3.58656E-3 3.31353E-3 3.38395E-3 2.91451E-3 2.73977E-3 3.29959E-3 3.72232E-3 4.33919E-3 5.01703E-3 5.70144E-3 4.95899E-3 4.74333E-3 6.11656E-3 8.00421E-3 8.60869E-3 8.78632E-3 9.589E-3 1.32306E-2 1.54116E-2 2.51598E-2 1.3749E-2 9.79003E-3 8.96038E-3 9.85904E-3 1.01535E-2 1.10052E-2 1.22796E-2 1.36101E-2 1.23221E-2 1.24795E-2 1.74673E-2
2.1788E-3 1.77559E-3 1.35402E-3 1.1683E-3 1.18264E-3 1.40227E-3 1.55075E-3 1.72663E-3 1.62065E-3 1.44995E-3 1.33988E-3 1.3594E-3 1.68335E-3 1.73351E-3 1.73378E-3 1.6203E-3 1.76274E-3 1.40324E-3 1.21531E-3 1.29181E-3 1.51101E-3 1.82809E-3 2.13161E-3 2.60068E-3 2.42988E-3 2.28873E-3 2.43904E-3 1.98399E-3 2.15055E-3 3.42808E-3 4.95255E-3 3.77395E-3 3.5588E-3 3.27357E-3 3.86059E-3 3.60845E-3 4.7051E-3 5.44428E-3 5.72839E-3 7.0946E-3 6.27805E-3 5.53031E-3 5.67259E-3 7.71061E-3 9.07813E-3 8.11802E-3 6.80623E-3 9.5213E-3 1.65253E-2 3.58329E-2 1.72737E-2 7.44279E-3 8.73651E-3 1.15529E-2 1.1594E-2 1.26069E-2 1.61622E-2 1.42514E-2 1.34743E-2 1.55043E-2 2.09758E-2
2.17236E-3 3.14708E-3 2.44976E-3 1.70283E-3 1.35661E-3 1.58268E-3 1.72577E-3 1.9071E-3 1.85985E-3 1.7084E-3 1.50757E-3 1.45431E-3 1.66289E-3 1.7057E-3 1.55141E-3 1.3814E-3 1.37742E-3 1.1491E-3 1.12732E-3 1.29545E-3 1.53113E-3 1.97075E-3 2.07339E-3 2.25074E-3 2.405E-3 2.73615E-3 3.42426E-3 1.91339E-3 2.28649E-3 2.97579E-3 3.77234E-3 3.76436E-3 3.41455E-3 3.72501E-3 3.83917E-3 4.13906E-3 4.70234E-3 5.59229E-3 6.41797E-3 7.25315E-3 7.20008E-3 7.14638E-3 6.61528E-3 6.62968E-3 8.59417E-3 8.85996E-3 9.0564E-3 1.28117E-2 2.15284E-2 5.13593E-2 3.12527E-2 1.31331E-2 1.23568E-2 1.33372E-2 1.49799E-2 1.776E-2 2.0251E-2 2.07767E-2 1.84696E-2 2.19713E-2 2.15228E-2
2.53456E-3 2.3421E-3 2.80262E-3 3.30717E-3 2.03451E-3 2.01308E-3 2.48325E-3 2.39921E-3 2.55558E-3 2.32641E-3 1.73158E-3 1.42799E-3 1.62284E-3 1.73324E-3 1.54319E-3 1.4224E-3 1.23316E-3 1.16505E-3 1.31929E-3 1.63324E-3 1.93311E-3 2.37589E-3 2.41298E-3 2.15088E-3 2.17589E-3 2.06613E-3 2.14474E-3 2.50765E-3 3.38321E-3 3.43178E-3 3.71039E-3 3.54094E-3 3.34394E-3 4.25951E-3 4.90007E-3 4.92109E-3 5.17607E-3 5.95292E-3 7.16469E-3 7.24115E-3 7.99739E-3 8.26643E-3 8.15511E-3 8.48611E-3 9.35173E-3 1.04145E-2 1.22041E-2 1.22891E-2 1.92187E-2 3.09826E-2 4.51899E-2 1.89038E-2 1.58806E-2 1.78611E-2 2.0529E-2 2.14514E-2 2.27857E-2 2.37941E-2 1.89497E-2 2.19995E-2 1.95338E-2
2.4419E-3 2.44052E-3 2.0847E-3 2.34345E-3 3.43831E-3 3.41895E-3 3.38999E-3 3.3738E-3 2.89609E-3 2.45204E-3 2.19349E-3 1.96312E-3 1.67994E-3 1.70661E-3 1.57386E-3 1.49075E-3 1.37668E-3 1.29909E-3 1.6586E-3 2.08666E-3 2.45488E-3 2.47129E-3 2.28617E-3 2.04917E-3 2.32055E-3 2.28532E-3 2.47832E-3 3.09097E-3 3.89598E-3 4.05959E-3 3.48254E-3 3.40635E-3 3.56352E-3 4.56365E-3 6.18434E-3 5.42176E-3 6.7867E-3 6.23349E-3 6.73852E-3 6.98465E-3 6.89828E-3 8.40051E-3 1.02884E-2 1.06099E-2 1.18355E-2 1.29537E-2 1.42594E-2 1.38542E-2 1.65474E-2 2.56128E-2 2.67803E-2 2.02029E-2 1.83217E-2 1.91483E-2 2.4126E-2 2.90549E-2 3.30128E-2 3.02731E-2 2.88223E-2 2.55699E-2 3.79343E-2
2.47656E-3 2.43586E-3 2.02184E-3 1.95729E-3 2.0826E-3 2.59491E-3 3.31092E-3 3.22034E-3 2.76215E-3 2.69074E-3 3.71149E-3 3.63341E-3 2.34752E-3 1.69516E-3 1.41627E-3 1.45118E-3 1.44518E-3 1.8304E-3 1.92619E-3 2.1526E-3 2.40324E-3 2.23796E-3 2.15072E-3 2.18363E-3 2.47552E-3 2.1977E-3 2.43799E-3 2.82986E-3 3.6626E-3 3.81758E-3 3.63168E-3 3.49631E-3 3.56398E-3 3.70223E-3 4.06495E-3 5.72693E-3 6.15717E-3 6.34594E-3 6.73923E-3 6.49028E-3 7.04383E-3 7.84158E-3 1.10316E-2 1.30555E-2 1.20563E-2 1.3284E-2 1.69914E-2 1.74401E-2 1.56635E-2 1.74679E-2 2.36937E-2 1.40161E-2 1.37063E-2 1.51146E-2 1.9356E-2 2.75037E-2 2.99855E-2 2.98372E-2 2.74886E-2 2.45844E-2 2.43156E-2
3.04785E-3 2.56856E-3 2.32003E-3 2.1195E-3 2.36902E-3 2.50913E-3 2.94934E-3 3.02066E-3 3.05538E-3 3.64148E-3 3.64082E-3 3.55186E-3 2.80703E-3 2.1746E-3 2.19422E-3 1.94274E-3 1.84985E-3 2.43857E-3 2.3039E-3 2.27805E-3 2.35628E-3 2.38053E-3 2.36549E-3 2.44932E-3 2.19191E-3 2.28169E-3 2.22251E-3 2.96734E-3 3.34941E-3 3.84719E-3 4.31014E-3 4.22877E-3 4.14041E-3 4.50025E-3 4.60456E-3 5.93241E-3 7.45737E-3 9.71883E-3 7.71744E-3 7.43837E-3 8.19403E-3 9.01323E-3 1.19639E-2 1.23352E-2 1.37367E-2 1.345E-2 1.31845E-2 1.59806E-2 1.75715E-2 1.88707E-2 2.31077E-2 1.98331E-2 1.75349E-2 1.94644E-2 2.00623E-2 2.57446E-2 3.02228E-2 2.94159E-2 2.94875E-2 2.78452E-2 2.73301E-2
3.1518E-3 2.81573E-3 2.34364E-3 2.03273E-3 2.25105E-3 2.36299E-3 2.34736E-3 2.60783E-3 2.77792E-3 3.26633E-3 3.43025E-3 3.07259E-3 2.78645E-3 2.25636E-3 1.94066E-3 2.01295E-3 2.58567E-3 2.56609E-3 3.24094E-3 2.5768E-3 2.41546E-3 2.74455E-3 3.30123E-3 3.41015E-3 2.4719E-3 2.538E-3 2.48796E-3 2.91648E-3 3.58655E-3 4.02599E-3 4.72101E-3 4.93432E-3 5.2194E-3 5.55046E-3 5.42557E-3 6.68116E-3 8.29554E-3 1.01978E-2 9.4885E-3 8.51251E-3 9.23111E-3 9.49387E-3 1.19657E-2 1.08233E-2 1.3341E-2 1.40825E-2 1.23605E-2 1.35818E-2 1.39197E-2 1.62807E-2 1.8285E-2 2.33581E-2 3.49962E-2 2.81226E-2 2.2754E-2 2.70445E-2 2.78822E-2 2.78708E-2 2.88251E-2 2.98486E-2 3.24254E-2
2.81333E-3 2.71162E-3 2.67686E-3 2.44045E-3 2.34936E-3 2.28004E-3 2.29178E-3 2.46975E-3 2.46632E-3 2.50491E-3 2.76778E-3 2.50278E-3 2.68822E-3 2.57953E-3 2.28466E-3 2.35879E-3 2.60048E-3 3.02413E-3 3.65621E-3 3.01626E-3 3.33903E-3 3.53545E-3 4.04395E-3 4.19353E-3 3.61714E-3 3.25236E-3 3.44295E-3 4.04058E-3 3.94823E-3 4.17766E-3 4.62916E-3 6.2431E-3 7.58681E-3 6.67009E-3 6.63936E-3 7.05381E-3 8.86532E-3 1.05698E-2 1.14842E-2 9.83278E-3 9.1141E-3 9.43948E-3 1.15816E-2 1.32997E-2 1.31902E-2 1.34073E-2 1.47671E-2 1.45319E-2 1.57217E-2 1.94126E-2 2.21811E-2 2.65459E-2 3.55757E-2 4.21564E-2 3.529E-2 3.65288E-2 3.51603E-2 2.92985E-2 2.92334E-2 3.06384E-2 3.12312E-2
2.42195E-3 2.35047E-3 2.23536E-3 2.37254E-3 2.32557E-3 2.21832E-3 2.24499E-3 2.18907E-3 2.27414E-3 2.44413E-3 2.78947E-3 2.96234E-3 2.82197E-3 3.49498E-3 3.22923E-3 3.11054E-3 2.84585E-3 2.98942E-3 5.39121E-3 3.94136E-3 3.80225E-3 5.37234E-3 4.44159E-3 4.99172E-3 4.98373E-3 4.49031E-3 5.21357E-3 5.24882E-3 5.39726E-3 5.16421E-3 5.60115E-3 5.66173E-3 7.04003E-3 8.68349E-3 6.80285E-3 7.51258E-3 8.22229E-3 9.37585E-3 1.10944E-2 1.09518E-2 1.08395E-2 1.09355E-2 1.22358E-2 1.29782E-2 1.39557E-2 1.60691E-2 1.69401E-2 1.95724E-2 2.04491E-2 2.18125E-2 3.0516E-2 3.60674E-2 3.67668E-2 3.56825E-2 4.24314E-2 4.38881E-2 4.31507E-2 4.16456E-2 3.57479E-2 3.59402E-2 3.34938E-2
2.04454E-3 2.15752E-3 2.29363E-3 2.26084E-3 2.28408E-3 2.13178E-3 2.02763E-3 2.15806E-3 2.31904E-3 2.58864E-3 2.61283E-3 2.96471E-3 3.62681E-3 4.09372E-3 3.53303E-3 3.55751E-3 3.62641E-3 3.64682E-3 4.28528E-3 5.3439E-3 4.58455E-3 6.61395E-3 5.92435E-3 6.29587E-3 7.11208E-3 7.07514E-3 5.83034E-3 6.22428E-3 6.95976E-3 8.01959E-3 8.22965E-3 7.06675E-3 7.04858E-3 1.11207E-2 7.40231E-3 8.93094E-3 8.68673E-3 1.01856E-2 1.11966E-2 1.57879E-2 1.41478E-2 1.43577E-2 1.49143E-2 1.45607E-2 1.46002E-2 1.78288E-2 2.5142E-2 2.32854E-2 2.51844E-2 3.40825E-2 3.39479E-2 3.7426E-2 3.86674E-2 3.93097E-2 4.00101E-2 5.0023E-2 6.14747E-2 4.69018E-2 4.40393E-2 4.0475E-2 4.49449E-2
2.25054E-3 2.19627E-3 2.21219E-3 2.20135E-3 2.18139E-3 1.96431E-3 1.90396E-3 1.89585E-3 2.22733E-3 2.18631E-3 2.31997E-3 2.53276E-3 3.20669E-3 3.98912E-3 4.22307E-3 4.44695E-3 4.7073E-3 4.52916E-3 4.57161E-3 5.6831E-3 6.08715E-3 8.18331E-3 7.41352E-3 8.41422E-3 8.69905E-3 8.36377E-3 7.70211E-3 8.2407E-3 8.9886E-3 9.63674E-3 9.81826E-3 9.04968E-3 6.85555E-3 9.48539E-3 8.81457E-3 1.17099E-2 1.31325E-2 1.37736E-2 1.30336E-2 1.49159E-2 1.46878E-2 1.8951E-2 2.10382E-2 2.00223E-2 1.91087E-2 1.7989E-2 2.44806E-2 3.78003E-2 3.83838E-2 4.02086E-2 3.79767E-2 3.9273E-2 3.77392E-2 3.71279E-2 4.31352E-2 5.57769E-2 7.23829E-2 5.82099E-2 5.34987E-2 5.25818E-2 6.2797E-2
2.64228E-3 2.76202E-3 2.54373E-3 2.43966E-3 2.38387E-3 2.0691E-3 1.95952E-3 1.93497E-3 2.08311E-3 2.17673E-3 2.38465E-3 2.62896E-3 3.02919E-3 4.14183E-3 4.57686E-3 4.64823E-3 5.43704E-3 5.22085E-3 5.36038E-3 6.26501E-3 6.33276E-3 8.5626E-3 9.01232E-3 8.26955E-3 8.13876E-3 7.98583E-3 9.13368E-3 1.01013E-2 1.18345E-2 1.4897E-2 1.42273E-2 1.06318E-2 9.26619E-3 9.99897E-3 1.68315E-2 2.04767E-2 2.26199E-2 2.52887E-2 1.95388E-2 1.71276E-2 2.25571E-2 1.91069E-2 1.90547E-2 2.02682E-2 2.11002E-2 2.43285E-2 3.21683E-2 5.41822E-2 4.84531E-2 5.49362E-2 4.99569E-2 4.49894E-2 4.72097E-2 5.21679E-2 6.18064E-2 7.93949E-2 7.48314E-2 7.19176E-2 6.80804E-2 6.13942E-2 5.56668E-2
2.47394E-3 2.6491E-3 2.45429E-3 2.59994E-3 2.40862E-3 2.15028E-3 2.07218E-3 2.27527E-3 2.24432E-3 2.57339E-3 3.10069E-3 3.4115E-3 3.78419E-3 4.38298E-3 4.65774E-3 4.90133E-3 5.48176E-3 6.2525E-3 6.87307E-3 6.93816E-3 8.04416E-3 8.31801E-3 8.90381E-3 8.60861E-3 7.80414E-3 8.1672E-3 9.68749E-3 1.19525E-2 1.4025E-2 1.79631E-2 1.74624E-2 1.53553E-2 1.43366E-2 1.55599E-2 2.38519E-2 3.8592E-2 5.09376E-2 6.21157E-2 5.12063E-2 2.63863E-2 2.39504E-2 2.34266E-2 1.88441E-2 1.99403E-2 2.33336E-2 2.60399E-2 3.46719E-2 4.70643E-2 4.62795E-2 5.01691E-2 6.29504E-2 5.68243E-2 5.73757E-2 7.39089E-2 9.5485E-2 8.93417E-2 7.63467E-2 6.44979E-2 6.45007E-2 5.85058E-2 5.44562E-2
2.16767E-3 2.49329E-3 2.60069E-3 2.79195E-3 2.6872E-3 2.36645E-3 2.44409E-3 2.56938E-3 3.23373E-3 3.98306E-3 4.78405E-3 4.48761E-3 5.11101E-3 5.24648E-3 5.48434E-3 6.75714E-3 6.38184E-3 7.82963E-3 8.35896E-3 7.21291E-3 9.75697E-3 1.24084E-2 9.99936E-3 9.14827E-3 8.3154E-3 9.20758E-3 1.01775E-2 1.17387E-2 1.38691E-2 1.55893E-2 1.6168E-2 1.48422E-2 1.58819E-2 1.74006E-2 2.2362E-2 3.2068E-2 8.16778E-2 1.50459E-1 1.80058E-1 7.1048E-2 3.43792E-2 2.62568E-2 2.10035E-2 2.08913E-2 2.58746E-2 2.96172E-2 4.03014E-2 5.20118E-2 5.50194E-2 6.22153E-2 6.66424E-2 8.16357E-2 8.04376E-2 9.49238E-2 9.06144E-2 7.95898E-2 7.85462E-2 7.65461E-2 7.0544E-2 5.73764E-2 5.64696E-2
2.061E-3 2.27815E-3 2.73063E-3 3.00252E-3 2.56886E-3 2.5459E-3 2.77148E-3 3.42631E-3 3.75213E-3 4.39221E-3 5.11426E-3 5.1161E-3 4.72462E-3 4.96148E-3 5.70751E-3 5.68459E-3 5.3149E-3 5.32713E-3 7.63912E-3 9.12137E-3 1.19874E-2 1.71137E-2 1.22066E-2 8.79891E-3 8.94978E-3 9.95411E-3 1.18091E-2 1.32514E-2 1.51795E-2 1.76238E-2 1.72499E-2 1.84571E-2 1.93235E-2 2.03379E-2 2.21285E-2 3.40755E-2 7.72954E-2 1.41076E-1 1.7672E-1 1.23351E-1 5.85855E-2 3.24895E-2 2.66963E-2 2.68057E-2 3.14052E-2 3.99492E-2 4.65113E-2 5.17664E-2 5.64432E-2 5.88381E-2 7.10845E-2 6.43244E-2 7.47262E-2 8.99647E-2 9.22648E-2 8.63669E-2 8.69741E-2 8.81043E-2 7.31625E-2 6.88141E-2 8.29309E-2
2.04207E-3 2.17393E-3 2.29403E-3 2.42951E-3 2.8728E-3 2.82203E-3 3.02693E-3 3.80792E-3 4.93006E-3 5.33099E-3 4.84662E-3 5.01106E-3 4.75561E-3 4.71554E-3 4.67364E-3 5.61929E-3 5.55082E-3 5.42212E-3 6.81105E-3 9.46402E-3 1.08828E-2 1.27026E-2 1.27356E-2 1.00063E-2 1.01355E-2 1.09608E-2 1.35017E-2 1.59794E-2 1.91202E-2 1.77773E-2 1.78527E-2 2.22809E-2 2.23162E-2 2.27739E-2 2.24617E-2 2.85959E-2 5.1966E-2 1.09404E-1 1.29656E-1 1.08593E-1 5.73099E-2 4.13129E-2 3.21284E-2 3.07137E-2 3.84836E-2 5.28328E-2 6.60307E-2 6.22194E-2 5.52537E-2 6.31497E-2 7.92666E-2 9.10176E-2 8.4845E-2 9.70777E-2 1.01815E-1 9.38386E-2 1.03013E-1 8.06283E-2 7.49099E-2 7.02881E-2 9.8175E-2
1.94069E-3 2.26668E-3 2.34939E-3 2.53786E-3 2.51833E-3 2.82152E-3 3.8063E-3 4.8546E-3 4.70581E-3 4.91314E-3 5.05568E-3 5.59044E-3 4.96028E-3 4.76833E-3 4.76147E-3 6.04607E-3 6.2988E-3 6.79001E-3 6.96848E-3 8.83281E-3 9.9261E-3 1.12215E-2 1.56903E-2 1.05019E-2 1.07356E-2 1.28019E-2 1.42376E-2 1.84336E-2 1.83E-2 1.68734E-2 1.7771E-2 1.98083E-2 2.43526E-2 2.38877E-2 2.46681E-2 2.62944E-2 3.10027E-2 5.30256E-2 7.49828E-2 6.82276E-2 4.73914E-2 4.15782E-2 4.27136E-2 4.54384E-2 5.02754E-2 6.26614E-2 7.32375E-2 7.86948E-2 7.78633E-2 7.77189E-2 9.46081E-2 1.07071E-1 1.07935E-1 1.14848E-1 1.07697E-1 1.10353E-1 1.1478E-1 9.27649E-2 8.9297E-2 9.63942E-2 1.24928E-1
2.33334E-3 2.44549E-3 2.48775E-3 2.47043E-3 2.83708E-3 3.29666E-3 4.07042E-3 4.03806E-3 4.3513E-3 4.70192E-3 4.68453E-3 5.48232E-3 4.84431E-3 4.86711E-3 4.9337E-3 5.8824E-3 7.70492E-3 1.0873E-2 9.42412E-3 8.34413E-3 9.98484E-3 1.26722E-2 1.45139E-2 1.26635E-2 1.25072E-2 1.36623E-2 1.59834E-2 1.91789E-2 1.93176E-2 1.86648E-2 1.96842E-2 2.10543E-2 2.33254E-2 2.93888E-2 3.07749E-2 3.26269E-2 3.50403E-2 4.19387E-2 5.06332E-2 4.28562E-2 3.95552E-2 4.30739E-2 4.37476E-2 5.20844E-2 6.24781E-2 7.29153E-2 7.23677E-2 7.08471E-2 8.59556E-2 8.83895E-2 1.18386E-1 1.01999E-1 1.00582E-1 9.71556E-2 9.45249E-2 9.96095E-2 1.08785E-1 1.07174E-1 1.14297E-1 1.3163E-1 1.12194E-1
2.33573E-3 2.26619E-3 2.46609E-3 2.50024E-3 2.49422E-3 2.79633E-3 3.46139E-3 3.6934E-3 4.03695E-3 4.15898E-3 4.24113E-3 4.45335E-3 4.62651E-3 5.01742E-3 5.08118E-3 5.852E-3 6.93143E-3 9.02172E-3 1.10166E-2 9.58575E-3 1.01784E-2 1.2973E-2 1.59863E-2 1.54639E-2 1.38233E-2 1.45136E-2 1.7907E-2 1.95008E-2 2.14398E-2 2.15413E-2 2.36359E-2 2.57917E-2 2.70659E-2 3.25753E-2 3.83785E-2 5.1698E-2 6.2593E-2 7.23754E-2 6.77066E-2 6.11662E-2 6.7975E-2 5.92834E-2 5.8081E-2 5.7173E-2 6.24026E-2 7.51594E-2 8.86099E-2 9.12827E-2 1.04221E-1 9.77997E-2 1.08885E-1 1.09412E-1 9.56288E-2 9.24321E-2 1.00588E-1 1.2222E-1 1.25855E-1 1.31639E-1 1.19723E-1 1.26755E-1 1.09517E-1
