data/maxent/outputs/red_138.asc
ncols         426
nrows         180
xllcorner     -130.0
yllcorner     24.0
cellsize      0.16666666666666666
NODATA_value  -9999
[rows 27 to 53 of 180, columns 244 to 304 of 426]
2.35911E-2 2.46442E-2 3.23506E-2 4.34959E-2 5.67335E-2 7.31033E-2 6.37441E-2 3.61571E-2 2.82925E-2 2.60547E-2 2.59187E-2 3.16683E-2 3.438E-2 3.03184E-2 5.19508E-2 3.20474E-2 3.25891E-2 3.2207E-2 3.27072E-2 3.48296E-2 3.17242E-2 3.29882E-2 3.63396E-2 2.77683E-2 2.62568E-2 3.84056E-2 2.83122E-2 2.73409E-2 2.80143E-2 2.44166E-2 2.53855E-2 2.61133E-2 2.67296E-2 2.86168E-2 3.357E-2 3.1138E-2 2.85673E-2 3.13626E-2 3.0343E-2 3.02279E-2 3.16291E-2 3.21374E-2 3.39559E-2 3.34974E-2 2.90833E-2 2.82662E-2 3.05566E-2 3.2085E-2 3.24877E-2 3.06494E-2 2.873E-2 3.12656E-2 3.28348E-2 3.01677E-2 2.86823E-2 2.76884E-2 2.53314E-2 2.4665E-2 2.50853E-2 2.39324E-2 2.35063E-2
2.36303E-2 2.79656E-2 3.59558E-2 3.13239E-2 3.05878E-2 4.05768E-2 3.68351E-2 3.24055E-2 2.92372E-2 2.62606E-2 2.38669E-2 3.42311E-2 3.04989E-2 3.72655E-2 3.14093E-2 3.0495E-2 3.21491E-2 4.54781E-2 4.0915E-2 4.08765E-2 4.05214E-2 3.29701E-2 3.29044E-2 3.71632E-2 3.67084E-2 3.54337E-2 2.68434E-2 2.71525E-2 2.77725E-2 2.54558E-2 2.47728E-2 2.74685E-2 2.49526E-2 2.80292E-2 3.11287E-2 3.18053E-2 3.02007E-2 2.9642E-2 2.59475E-2 2.73985E-2 3.14862E-2 3.07307E-2 3.149E-2 3.29514E-2 3.39533E-2 3.48636E-2 3.43608E-2 3.28644E-2 3.60097E-2 3.43849E-2 3.12962E-2 3.10885E-2 3.06962E-2 2.79207E-2 2.78385E-2 2.82359E-2 2.62889E-2 2.58249E-2 2.78544E-2 2.54411E-2 2.69045E-2
2.47545E-2 2.80837E-2 3.60265E-2 3.92528E-2 3.803E-2 4.11211E-2 6.14493E-2 5.31865E-2 3.51554E-2 3.43443E-2 4.0821E-2 4.42774E-2 3.84795E-2 4.68913E-2 3.43189E-2 3.81381E-2 5.45717E-2 6.59377E-2 5.68248E-2 4.89762E-2 3.69656E-2 4.03296E-2 3.91406E-2 4.50859E-2 4.64605E-2 3.98206E-2 3.1458E-2 3.34211E-2 3.28011E-2 3.41335E-2 3.65506E-2 3.01967E-2 2.93989E-2 2.99994E-2 3.00442E-2 3.5424E-2 3.57885E-2 4.28806E-2 3.58578E-2 3.46327E-2 3.87884E-2 3.23679E-2 2.99122E-2 3.26967E-2 3.36351E-2 3.72033E-2 3.64499E-2 3.26936E-2 3.35768E-2 3.33185E-2 3.26897E-2 3.09459E-2 2.95151E-2 3.0116E-2 3.15581E-2 3.13909E-2 2.92407E-2 3.03437E-2 3.23995E-2 2.81314E-2 2.86414E-2
2.37544E-2 2.47805E-2 3.54812E-2 4.46068E-2 4.84475E-2 5.34198E-2 9.49083E-2 1.13337E-1 1.08956E-1 1.55001E-1 1.24808E-1 8.56037E-2 6.70987E-2 7.44843E-2 7.82631E-2 6.44936E-2 6.36327E-2 7.76256E-2 7.45245E-2 6.57956E-2 5.17155E-2 5.38772E-2 5.00193E-2 4.33293E-2 3.97772E-2 3.47873E-2 4.00766E-2 3.97548E-2 3.54809E-2 6.22048E-2 4.00067E-2 3.59541E-2 3.25056E-2 3.13085E-2 3.39561E-2 4.41798E-2 3.71789E-2 3.3822E-2 3.65204E-2 3.70045E-2 3.5915E-2 3.59871E-2 3.31907E-2 3.10058E-2 3.18417E-2 3.57794E-2 3.6519E-2 3.41016E-2 3.33146E-2 3.52299E-2 3.28766E-2 3.34979E-2 3.01992E-2 3.28524E-2 3.38691E-2 5.75218E-2 5.80398E-2 3.72997E-2 3.62756E-2 3.01153E-2 2.96018E-2
3.15844E-2 2.82005E-2 3.3943E-2 4.60455E-2 7.67326E-2 1.24272E-1 8.60865E-2 1.25125E-1 2.04078E-1 2.59869E-1 2.19374E-1 1.99279E-1 1.93303E-1 2.44375E-1 2.18308E-1 2.17188E-1 2.43616E-1 2.20518E-1 1.02212E-1 7.08279E-2 5.99906E-2 6.12873E-2 7.13426E-2 4.75288E-2 4.08573E-2 4.25587E-2 4.36799E-2 4.81803E-2 3.76418E-2 4.63683E-2 4.22477E-2 4.02938E-2 3.81154E-2 3.67845E-2 4.12999E-2 4.26841E-2 4.38012E-2 3.87395E-2 3.6065E-2 3.72027E-2 3.41691E-2 3.80587E-2 3.59942E-2 3.55541E-2 3.38145E-2 3.22758E-2 3.54551E-2 3.56939E-2 3.47643E-2 3.59244E-2 3.65598E-2 3.34113E-2 3.52219E-2 3.85544E-2 4.25223E-2 6.96653E-2 7.69486E-2 5.24048E-2 7.31329E-2 3.94235E-2 3.36378E-2
5.17866E-2 6.99201E-2 1.16755E-1 1.27637E-1 1.82664E-1 1.95145E-1 2.32355E-1 1.31174E-1 9.40648E-2 9.26361E-2 8.93914E-2 8.69569E-2 8.81065E-2 9.11592E-2 9.45403E-2 9.04101E-2 9.16513E-2 9.83863E-2 2.59134E-1 9.19777E-2 8.02069E-2 6.73058E-2 5.7819E-2 5.31385E-2 4.89285E-2 5.38918E-2 4.73482E-2 4.68434E-2 5.77312E-2 4.82824E-2 5.63164E-2 4.07038E-2 4.3746E-2 4.73088E-2 4.36183E-2 4.36604E-2 4.29812E-2 4.09648E-2 4.27364E-2 3.92828E-2 3.95806E-2 3.68687E-2 3.7146E-2 3.814E-2 3.9571E-2 3.85486E-2 4.35937E-2 3.91525E-2 3.8264E-2 3.85286E-2 4.712E-2 3.77694E-2 3.58152E-2 3.63436E-2 3.73768E-2 3.83471E-2 5.19937E-2 5.97535E-2 6.87598E-2 5.34937E-2 4.50217E-2
1.32993E-1 2.47636E-1 2.21101E-1 2.54551E-1 2.44305E-1 1.49594E-1 1.02706E-1 1.02668E-1 9.88576E-2 9.3902E-2 9.00887E-2 8.83181E-2 8.88048E-2 8.67795E-2 8.56125E-2 8.95534E-2 9.29469E-2 8.7415E-2 1.44058E-1 1.57974E-1 1.01446E-1 8.4321E-2 6.95874E-2 6.37868E-2 6.44695E-2 6.14792E-2 5.20723E-2 5.66443E-2 5.61892E-2 5.69345E-2 7.5781E-2 6.71884E-2 5.96361E-2 8.40528E-2 7.16616E-2 6.29122E-2 5.49619E-2 4.40346E-2 4.84078E-2 4.32821E-2 4.06439E-2 3.8587E-2 4.05976E-2 4.34764E-2 4.41769E-2 4.50168E-2 4.34751E-2 4.57508E-2 4.51069E-2 4.7328E-2 5.51678E-2 4.56183E-2 4.51423E-2 4.62179E-2 4.24444E-2 4.16886E-2 5.08203E-2 5.12311E-2 5.55517E-2 5.84958E-2 6.6717E-2
2.43646E-1 2.39079E-1 1.61682E-1 1.25818E-1 1.08615E-1 1.2416E-1 1.05688E-1 1.05886E-1 1.00056E-1 9.60063E-2 9.11436E-2 8.77011E-2 8.8705E-2 9.14863E-2 9.10426E-2 9.32468E-2 9.32206E-2 8.8818E-2 8.99499E-2 2.8417E-1 1.15059E-1 1.01254E-1 9.03544E-2 7.83038E-2 7.74366E-2 7.72529E-2 7.06695E-2 7.33887E-2 6.87138E-2 6.34652E-2 8.97807E-2 9.49257E-2 7.71798E-2 6.99888E-2 6.57482E-2 6.15939E-2 6.11403E-2 4.98371E-2 4.60268E-2 4.62149E-2 5.028E-2 4.43142E-2 4.48121E-2 4.45805E-2 4.6257E-2 4.74827E-2 4.72167E-2 4.84434E-2 4.84841E-2 5.02986E-2 4.83719E-2 4.64567E-2 5.76619E-2 5.03687E-2 5.63812E-2 5.83601E-2 5.72646E-2 5.90303E-2 6.54366E-2 7.66626E-2 6.50151E-2
1.54735E-1 1.1667E-1 1.98265E-1 2.77373E-1 2.8763E-1 1.49432E-1 1.15431E-1 1.09061E-1 1.00047E-1 9.70706E-2 8.96905E-2 8.82967E-2 9.02416E-2 9.54885E-2 9.42204E-2 9.48602E-2 9.34704E-2 9.38232E-2 9.17259E-2 1.5378E-1 2.98867E-1 1.59014E-1 1.31927E-1 1.23772E-1 1.18269E-1 1.08517E-1 1.15365E-1 9.99973E-2 9.55365E-2 9.97173E-2 8.53277E-2 8.99506E-2 9.44524E-2 7.60963E-2 7.256E-2 7.77832E-2 7.74139E-2 6.51806E-2 5.05396E-2 5.69128E-2 5.70857E-2 5.68134E-2 6.37313E-2 5.02092E-2 5.02161E-2 4.75994E-2 4.88526E-2 5.25448E-2 4.96249E-2 5.31851E-2 5.71856E-2 6.37398E-2 6.65312E-2 5.6953E-2 5.92048E-2 7.06386E-2 6.85157E-2 7.24326E-2 7.81716E-2 7.42615E-2 7.20684E-2
1.64143E-1 3.21905E-1 2.99136E-1 1.69638E-1 1.21552E-1 1.23238E-1 1.21308E-1 1.1478E-1 1.07756E-1 9.97131E-2 9.2597E-2 9.34786E-2 9.56412E-2 9.34175E-2 1.02704E-1 1.05617E-1 1.05481E-1 1.07571E-1 1.07182E-1 1.12588E-1 1.13687E-1 2.1247E-1 2.61787E-1 2.75039E-1 2.52475E-1 2.21227E-1 3.10587E-1 1.67475E-1 1.22706E-1 9.80625E-2 8.59707E-2 7.29706E-2 1.0184E-1 9.99091E-2 8.7345E-2 8.29402E-2 8.7274E-2 6.56564E-2 6.14449E-2 6.45733E-2 6.13396E-2 6.23141E-2 5.41732E-2 4.99141E-2 5.42622E-2 5.51752E-2 6.35618E-2 6.53822E-2 6.58621E-2 6.49262E-2 6.57519E-2 7.05453E-2 6.88156E-2 6.28487E-2 6.63828E-2 6.84869E-2 6.66928E-2 7.76443E-2 7.87765E-2 7.53598E-2 7.45748E-2
1.32366E-1 1.69722E-1 1.30986E-1 1.35298E-1 1.3477E-1 1.33246E-1 1.24915E-1 1.1846E-1 1.11805E-1 1.09417E-1 1.02665E-1 1.06196E-1 1.01244E-1 1.02348E-1 1.09792E-1 1.09222E-1 1.12478E-1 1.14238E-1 1.1515E-1 1.15442E-1 2.17637E-1 3.38142E-1 2.45381E-1 1.0973E-1 1.19089E-1 1.18251E-1 3.18926E-1 1.5717E-1 1.14362E-1 9.69414E-2 9.95368E-2 9.2818E-2 8.53977E-2 8.17463E-2 1.02467E-1 8.44121E-2 7.96413E-2 6.47157E-2 7.37903E-2 7.74477E-2 7.36779E-2 6.15102E-2 7.11138E-2 7.47793E-2 6.34215E-2 6.0561E-2 6.81387E-2 7.51281E-2 6.70481E-2 7.42725E-2 7.18187E-2 7.06656E-2 7.44209E-2 7.76676E-2 7.61889E-2 7.97708E-2 7.52935E-2 7.26619E-2 7.69791E-2 6.92716E-2 7.55725E-2
1.3558E-1 1.37039E-1 1.39991E-1 1.39793E-1 1.4506E-1 1.38936E-1 1.34351E-1 1.62647E-1 1.72626E-1 1.43952E-1 1.35885E-1 1.23353E-1 1.07791E-1 1.07732E-1 1.18031E-1 1.21552E-1 1.20434E-1 1.22671E-1 1.26266E-1 1.22065E-1 1.16573E-1 1.33943E-1 1.16579E-1 1.18687E-1 1.18395E-1 1.37736E-1 3.161E-1 1.90618E-1 1.31806E-1 1.12668E-1 1.01054E-1 1.05071E-1 9.06945E-2 1.03958E-1 1.08024E-1 8.74415E-2 8.23997E-2 7.61051E-2 7.32742E-2 7.15634E-2 7.42196E-2 7.04906E-2 7.51977E-2 6.86304E-2 6.73864E-2 7.06254E-2 7.03453E-2 7.42534E-2 7.67324E-2 6.95715E-2 7.54711E-2 8.45857E-2 7.46277E-2 8.37834E-2 9.14844E-2 9.36958E-2 9.26185E-2 9.01299E-2 1.0321E-1 9.28271E-2 9.8935E-2
1.48008E-1 1.47191E-1 1.42235E-1 1.4799E-1 1.52383E-1 2.55331E-1 4.76754E-1 4.81015E-1 4.84164E-1 3.30959E-1 1.59264E-1 1.51166E-1 1.19229E-1 1.1501E-1 1.2709E-1 1.27347E-1 1.23712E-1 1.24051E-1 1.28561E-1 1.28538E-1 1.25336E-1 1.66964E-1 1.23348E-1 1.26129E-1 1.22784E-1 1.24382E-1 2.01318E-1 3.56159E-1 2.23381E-1 1.2434E-1 1.07047E-1 1.24573E-1 1.22255E-1 1.32417E-1 1.23311E-1 1.24939E-1 1.12964E-1 1.19362E-1 1.00076E-1 1.01468E-1 9.8668E-2 8.61483E-2 7.67457E-2 7.99557E-2 6.90255E-2 7.30115E-2 7.30866E-2 7.05576E-2 6.36351E-2 6.81291E-2 7.30293E-2 9.13773E-2 9.28741E-2 1.0199E-1 1.16575E-1 1.24829E-1 1.1398E-1 1.08683E-1 1.61584E-1 1.07511E-1 1.00484E-1
1.50623E-1 1.53048E-1 1.57285E-1 2.43312E-1 4.85616E-1 4.44623E-1 4.37005E-1 4.75552E-1 2.17524E-1 1.52154E-1 1.53821E-1 1.71994E-1 1.65451E-1 1.47794E-1 1.44689E-1 1.41116E-1 1.37771E-1 1.33065E-1 1.36451E-1 1.38263E-1 1.3163E-1 1.36344E-1 1.32043E-1 1.33281E-1 1.28817E-1 1.27578E-1 1.37452E-1 2.16786E-1 3.06626E-1 1.49572E-1 1.40927E-1 1.27013E-1 1.31033E-1 1.27649E-1 1.52221E-1 1.55381E-1 1.56632E-1 1.40692E-1 1.18065E-1 1.11013E-1 1.20449E-1 1.18142E-1 1.34524E-1 1.0793E-1 8.42786E-2 7.57031E-2 8.66153E-2 7.79558E-2 8.19539E-2 9.87485E-2 9.3723E-2 1.04125E-1 1.08042E-1 1.08515E-1 1.48347E-1 1.33753E-1 1.24147E-1 1.1582E-1 1.28387E-1 1.57167E-1 1.12603E-1
1.84031E-1 2.17807E-1 4.09494E-1 4.26238E-1 4.3555E-1 4.677E-1 4.11895E-1 2.02479E-1 1.80599E-1 1.57684E-1 1.62031E-1 1.78113E-1 1.89876E-1 1.81564E-1 1.65802E-1 1.52584E-1 1.49716E-1 1.48624E-1 1.46012E-1 1.47022E-1 1.3988E-1 1.39701E-1 1.40465E-1 1.40993E-1 1.39122E-1 1.39157E-1 1.49811E-1 3.8039E-1 2.39754E-1 1.86961E-1 1.67586E-1 1.56596E-1 1.70724E-1 1.73309E-1 1.78019E-1 1.79343E-1 1.88737E-1 1.68028E-1 1.37412E-1 1.18809E-1 1.37009E-1 1.29232E-1 1.10572E-1 1.11939E-1 1.03655E-1 9.15295E-2 1.0579E-1 1.17686E-1 1.18702E-1 1.14026E-1 9.88301E-2 1.09865E-1 1.2786E-1 1.34541E-1 1.64363E-1 1.97644E-1 1.47879E-1 1.43679E-1 1.41073E-1 1.85318E-1 1.59996E-1
3.95364E-1 3.62586E-1 3.34689E-1 3.21574E-1 3.48131E-1 4.28924E-1 4.70371E-1 4.54443E-1 4.67254E-1 3.13662E-1 1.83872E-1 1.67557E-1 1.91025E-1 1.92216E-1 1.74262E-1 1.49653E-1 1.557E-1 1.72192E-1 1.52478E-1 1.47979E-1 1.43138E-1 1.40976E-1 1.44217E-1 1.52283E-1 1.55751E-1 1.6254E-1 1.79724E-1 3.47292E-1 4.23869E-1 3.68352E-1 2.40505E-1 1.97307E-1 2.20498E-1 2.07024E-1 2.33331E-1 2.29756E-1 2.57836E-1 2.62062E-1 2.13394E-1 1.63747E-1 1.59289E-1 1.59867E-1 1.21588E-1 1.34537E-1 1.58031E-1 1.38103E-1 1.39679E-1 1.24259E-1 1.23341E-1 1.24008E-1 1.34671E-1 1.51234E-1 1.69584E-1 1.80732E-1 2.04705E-1 2.46117E-1 1.89104E-1 1.54015E-1 1.49577E-1 1.54871E-1 2.17588E-1
3.25983E-1 2.82762E-1 2.76369E-1 2.96479E-1 3.0744E-1 3.30122E-1 2.97428E-1 2.82636E-1 3.03379E-1 3.79435E-1 4.4114E-1 1.76509E-1 1.74119E-1 1.8693E-1 1.86621E-1 1.77254E-1 1.79526E-1 1.79751E-1 1.85657E-1 2.20794E-1 3.23938E-1 3.4515E-1 2.48648E-1 3.98814E-1 4.50146E-1 4.39035E-1 3.19874E-1 2.19573E-1 4.0043E-1 4.08142E-1 2.93655E-1 2.63561E-1 2.78258E-1 2.7181E-1 2.63331E-1 2.63928E-1 2.56681E-1 2.7577E-1 2.53641E-1 2.65113E-1 2.10261E-1 1.83664E-1 2.01652E-1 1.88912E-1 1.93428E-1 1.95066E-1 1.67994E-1 1.60104E-1 1.62696E-1 1.56678E-1 1.74501E-1 3.29806E-1 2.56612E-1 2.47962E-1 2.1552E-1 2.09053E-1 2.20395E-1 1.91465E-1 1.581E-1 1.44627E-1 1.6194E-1
2.22586E-1 2.55891E-1 2.30082E-1 2.55121E-1 2.07579E-1 1.74898E-1 1.62539E-1 1.75284E-1 1.89384E-1 2.70894E-1 3.53201E-1 4.4238E-1 2.06209E-1 2.54218E-1 2.10079E-1 2.22014E-1 2.76013E-1 4.01908E-1 4.30263E-1 3.88693E-1 3.79392E-1 3.71315E-1 3.56351E-1 3.62265E-1 3.66205E-1 4.03462E-1 3.02802E-1 2.18058E-1 4.15187E-1 4.0171E-1 3.92557E-1 4.14957E-1 4.13126E-1 3.54015E-1 3.37056E-1 3.58883E-1 3.45741E-1 3.65817E-1 3.32939E-1 3.517E-1 2.97597E-1 2.94531E-1 2.72546E-1 2.71475E-1 2.68213E-1 2.55923E-1 2.33771E-1 2.739E-1 2.452E-1 1.93842E-1 1.83888E-1 2.34331E-1 2.73398E-1 2.78668E-1 2.72782E-1 2.62944E-1 2.33331E-1 2.06494E-1 1.78291E-1 1.60381E-1 1.55052E-1
2.22947E-1 2.19769E-1 2.06028E-1 1.70528E-1 1.40726E-1 1.28267E-1 1.44861E-1 1.55281E-1 1.61738E-1 2.19537E-1 3.0099E-1 3.19162E-1 3.66972E-1 3.83081E-1 4.17331E-1 4.51054E-1 4.38984E-1 4.06695E-1 3.64949E-1 3.37784E-1 3.28214E-1 3.47937E-1 3.4465E-1 3.43015E-1 3.5987E-1 3.84151E-1 4.09967E-1 4.12312E-1 4.09684E-1 3.7648E-1 4.08503E-1 4.42181E-1 4.36879E-1 4.05648E-1 3.60629E-1 3.85672E-1 3.84949E-1 3.78571E-1 3.9764E-1 3.80663E-1 3.9404E-1 3.95033E-1 3.21602E-1 3.08304E-1 3.06607E-1 2.94868E-1 2.92139E-1 3.342E-1 3.3485E-1 3.34554E-1 2.74894E-1 3.0126E-1 3.36012E-1 3.12679E-1 3.03626E-1 3.32639E-1 3.25286E-1 2.6918E-1 2.02647E-1 1.68352E-1 1.7364E-1
1.86841E-1 1.73695E-1 1.75774E-1 1.5855E-1 1.38911E-1 1.38255E-1 1.66501E-1 1.80958E-1 2.00463E-1 2.44807E-1 2.68407E-1 2.76102E-1 2.94655E-1 3.12103E-1 3.23025E-1 3.54179E-1 3.97617E-1 3.93487E-1 3.57436E-1 3.58048E-1 3.84645E-1 4.26466E-1 3.76169E-1 3.71977E-1 3.85603E-1 3.83432E-1 3.76417E-1 3.7524E-1 3.48274E-1 3.60063E-1 3.79167E-1 4.0286E-1 3.8853E-1 4.24081E-1 4.21594E-1 4.28192E-1 4.20321E-1 4.03112E-1 4.20606E-1 4.35492E-1 4.3077E-1 4.43513E-1 4.21476E-1 3.94741E-1 3.96574E-1 4.0708E-1 4.23563E-1 4.63789E-1 4.59282E-1 3.91096E-1 3.69769E-1 3.8212E-1 3.83103E-1 3.80182E-1 3.90699E-1 4.31247E-1 4.04021E-1 3.32496E-1 2.50442E-1 3.27225E-1 2.40511E-1
1.41597E-1 1.67498E-1 1.63343E-1 1.60131E-1 1.4008E-1 1.71457E-1 1.83216E-1 1.94777E-1 2.35116E-1 2.59802E-1 2.67886E-1 2.70181E-1 2.80287E-1 2.98572E-1 3.23498E-1 3.49037E-1 3.70355E-1 3.78956E-1 3.74021E-1 3.72928E-1 3.84347E-1 4.04444E-1 4.16223E-1 4.45912E-1 4.32837E-1 4.19282E-1 4.14951E-1 4.14349E-1 4.09674E-1 3.8654E-1 3.76907E-1 3.91336E-1 4.19453E-1 4.23035E-1 4.30724E-1 2.42845E-1 2.13652E-1 2.54919E-1 2.80208E-1 2.72655E-1 3.02495E-1 3.53314E-1 3.96373E-1 4.32456E-1 4.47819E-1 4.53029E-1 4.63659E-1 4.88235E-1 4.86353E-1 4.63209E-1 4.50082E-1 4.4997E-1 4.52528E-1 4.15442E-1 4.11527E-1 4.00435E-1 3.83859E-1 3.76419E-1 3.3532E-1 2.77223E-1 2.28276E-1
1.57764E-1 1.69107E-1 1.74628E-1 1.76721E-1 1.84966E-1 2.02555E-1 2.06225E-1 2.33031E-1 2.64661E-1 2.72322E-1 2.69241E-1 2.77018E-1 2.85387E-1 3.14416E-1 3.47726E-1 3.6355E-1 3.8348E-1 3.80144E-1 4.55072E-1 4.38931E-1 4.39348E-1 4.02263E-1 3.32138E-1 3.10506E-1 3.28904E-1 3.47335E-1 4.70266E-1 4.49633E-1 4.51819E-1 4.12384E-1 3.84585E-1 3.67142E-1 3.47937E-1 3.99502E-1 4.19361E-1 4.09245E-1 4.10065E-1 4.17697E-1 4.53025E-1 4.49658E-1 5.1044E-1 5.14275E-1 5.18764E-1 4.67952E-1 4.87566E-1 3.88926E-1 3.81212E-1 4.19982E-1 4.92065E-1 5.55716E-1 5.6057E-1 5.1534E-1 4.88132E-1 4.62917E-1 4.3966E-1 4.34156E-1 4.15827E-1 3.77377E-1 3.05523E-1 2.71289E-1 2.53415E-1
1.49103E-1 1.59138E-1 1.75236E-1 1.74062E-1 1.86351E-1 1.88097E-1 2.02052E-1 2.37509E-1 2.71797E-1 2.79157E-1 2.73674E-1 2.97936E-1 3.15461E-1 3.95572E-1 4.10032E-1 4.36385E-1 4.3009E-1 4.3436E-1 3.14837E-1 2.60095E-1 2.58558E-1 3.21647E-1 4.58342E-1 4.62756E-1 3.42504E-1 3.83604E-1 4.94096E-1 4.69188E-1 4.46909E-1 4.6272E-1 3.71596E-1 2.85331E-1 2.60174E-1 2.47159E-1 2.43348E-1 2.56894E-1 2.62131E-1 2.91365E-1 3.39182E-1 3.45551E-1 4.16652E-1 5.2367E-1 5.27428E-1 5.21947E-1 4.98365E-1 5.32778E-1 5.01843E-1 3.22325E-1 3.17877E-1 3.20136E-1 3.14301E-1 3.50893E-1 5.23635E-1 4.8019E-1 4.62126E-1 4.61389E-1 4.40028E-1 3.94067E-1 3.58048E-1 3.47618E-1 3.11557E-1
1.71467E-1 1.5916E-1 1.78311E-1 2.06864E-1 1.98872E-1 2.07049E-1 2.1574E-1 2.48334E-1 2.87877E-1 3.00582E-1 2.99236E-1 3.28132E-1 4.06977E-1 3.02744E-1 3.00578E-1 3.76375E-1 4.08606E-1 2.92722E-1 2.83293E-1 2.7164E-1 2.88789E-1 2.9997E-1 4.52207E-1 3.64226E-1 3.33507E-1 5.06113E-1 4.70809E-1 4.75966E-1 4.64115E-1 4.51173E-1 4.42295E-1 4.86722E-1 3.64583E-1 3.1167E-1 3.05824E-1 2.99267E-1 2.87509E-1 2.75982E-1 2.85957E-1 2.92505E-1 2.93018E-1 2.99809E-1 3.45788E-1 4.81101E-1 4.72469E-1 5.23245E-1 3.25407E-1 3.29792E-1 3.02576E-1 2.9447E-1 2.8206E-1 2.60618E-1 3.40463E-1 4.81333E-1 4.58313E-1 4.44679E-1 4.42482E-1 4.3383E-1 4.19349E-1 3.81806E-1 3.82872E-1
1.94904E-1 1.88697E-1 2.05343E-1 2.10434E-1 2.27745E-1 2.48421E-1 2.50056E-1 2.7077E-1 3.04733E-1 3.21773E-1 3.40708E-1 3.77498E-1 4.09677E-1 2.94554E-1 4.20588E-1 3.9253E-1 3.28192E-1 3.12589E-1 3.09976E-1 3.04788E-1 3.60048E-1 3.761E-1 3.2508E-1 3.26276E-1 3.81308E-1 5.21136E-1 4.88759E-1 4.84998E-1 4.8392E-1 4.40035E-1 4.50299E-1 4.27793E-1 4.37022E-1 4.82098E-1 4.30807E-1 3.4437E-1 3.34272E-1 3.3639E-1 3.2731E-1 3.47401E-1 3.55264E-1 3.4057E-1 2.96408E-1 2.79269E-1 3.33126E-1 4.25946E-1 3.28085E-1 3.39958E-1 3.24823E-1 3.02833E-1 2.83645E-1 2.52769E-1 2.43736E-1 3.1286E-1 4.82074E-1 4.65541E-1 4.30232E-1 4.2894E-1 4.19306E-1 4.19853E-1 4.28798E-1
1.84026E-1 1.77283E-1 2.09227E-1 2.29397E-1 2.75734E-1 2.84502E-1 2.99493E-1 3.12107E-1 3.31532E-1 3.58054E-1 3.91715E-1 4.52974E-1 3.61846E-1 4.48962E-1 4.26869E-1 3.60893E-1 3.47206E-1 3.44949E-1 3.44314E-1 3.70752E-1 3.51872E-1 3.58849E-1 4.43871E-1 4.76452E-1 5.1209E-1 5.08085E-1 4.85465E-1 4.49696E-1 4.29202E-1 4.14859E-1 4.05325E-1 4.07252E-1 4.15507E-1 4.22242E-1 4.42302E-1 4.84554E-1 3.87374E-1 3.83427E-1 3.90221E-1 4.11863E-1 4.22628E-1 3.89318E-1 3.5227E-1 3.26587E-1 3.00335E-1 3.92371E-1 5.2098E-1 4.82356E-1 3.65727E-1 3.32795E-1 2.95249E-1 2.5206E-1 2.24687E-1 2.2269E-1 3.49962E-1 4.47362E-1 4.47585E-1 4.72306E-1 4.7408E-1 4.56668E-1 4.5512E-1
2.09622E-1 2.09085E-1 2.72906E-1 2.89758E-1 3.12263E-1 3.04983E-1 3.16742E-1 3.32389E-1 3.57574E-1 4.01213E-1 4.71388E-1 3.21713E-1 4.45822E-1 4.6626E-1 3.88075E-1 4.0193E-1 4.0542E-1 3.89194E-1 3.69493E-1 5.04509E-1 4.41859E-1 4.85563E-1 5.35418E-1 5.35813E-1 5.03773E-1 4.83001E-1 4.4197E-1 3.94668E-1 3.96484E-1 3.91278E-1 3.9972E-1 4.05659E-1 4.15459E-1 4.24208E-1 4.38149E-1 4.73066E-1 4.88871E-1 3.85573E-1 4.15076E-1 4.63749E-1 4.81146E-1 4.3847E-1 4.09143E-1 3.78829E-1 3.3833E-1 3.07078E-1 3.69152E-1 6.0334E-1 4.79855E-1 3.23999E-1 3.01362E-1 2.5838E-1 2.28487E-1 2.07978E-1 2.0684E-1 3.19855E-1 4.67765E-1 5.04369E-1 5.1005E-1 5.1588E-1 4.61358E-1
