data/maxent/outputs/red_37.asc
ncols         426
nrows         180
xllcorner     -130.0
yllcorner     24.0
cellsize      0.16666666666666666
NODATA_value  -9999
[rows 81 to 107 of 180, columns 244 to 304 of 426]
1.53398E-3 1.72634E-3 1.98885E-3 2.0424E-3 1.9536E-3 1.93127E-3 1.92081E-3 1.87018E-3 1.88055E-3 1.91261E-3 2.04512E-3 2.159E-3 2.71881E-3 3.2294E-3 3.66191E-3 4.28456E-3 4.89334E-3 5.16781E-3 5.32204E-3 5.71811E-3 5.20353E-3 4.74191E-3 4.92329E-3 5.34056E-3 4.83745E-3 5.0858E-3 5.40578E-3 6.07126E-3 6.25599E-3 6.26409E-3 6.5605E-3 6.40662E-3 6.83437E-3 7.76557E-3 7.07889E-3 6.64355E-3 6.35526E-3 6.29885E-3 6.03758E-3 6.85013E-3 7.25886E-3 7.85635E-3 8.79742E-3 1.07128E-2 9.39537E-3 9.74047E-3 1.13101E-2 1.29064E-2 1.53351E-2 1.37456E-2 1.22077E-2 1.28858E-2 1.58286E-2 1.52326E-2 1.63353E-2 2.30155E-2 2.66318E-2 1.92534E-2 1.45323E-2 1.44919E-2 1.78563E-2
1.69387E-3 1.98375E-3 2.2716E-3 2.49405E-3 2.27433E-3 2.38661E-3 2.23438E-3 2.03868E-3 2.0502E-3 2.51032E-3 2.57265E-3 2.99751E-3 3.21709E-3 3.34176E-3 3.70447E-3 4.28587E-3 4.86455E-3 5.25426E-3 5.3559E-3 5.75209E-3 5.41539E-3 5.51974E-3 6.35291E-3 6.90194E-3 5.47233E-3 4.91047E-3 5.18091E-3 5.42284E-3 5.97625E-3 6.88656E-3 7.73355E-3 6.90206E-3 7.23585E-3 6.83229E-3 7.31335E-3 7.7617E-3 7.84592E-3 8.10583E-3 8.57338E-3 6.95352E-3 7.21708E-3 8.09148E-3 1.00466E-2 1.03369E-2 1.15548E-2 1.10086E-2 1.26717E-2 1.51221E-2 1.64675E-2 1.47762E-2 1.35226E-2 1.41737E-2 1.66039E-2 1.57408E-2 1.68897E-2 1.95098E-2 2.31382E-2 1.8566E-2 1.65526E-2 1.90069E-2 2.28527E-2
1.96994E-3 2.33666E-3 2.84502E-3 2.87573E-3 2.83317E-3 2.8008E-3 2.88339E-3 2.62671E-3 2.77916E-3 3.30357E-3 3.48732E-3 3.77926E-3 3.92004E-3 3.99936E-3 4.31183E-3 4.61395E-3 5.40201E-3 5.54871E-3 5.75225E-3 6.34206E-3 5.94131E-3 6.18261E-3 6.86407E-3 6.76427E-3 6.29177E-3 5.64627E-3 5.66551E-3 5.96743E-3 6.18681E-3 7.25525E-3 8.44098E-3 8.11201E-3 8.13501E-3 6.95367E-3 7.35823E-3 6.8472E-3 8.82472E-3 1.06765E-2 1.06441E-2 9.0227E-3 9.49762E-3 1.02565E-2 1.10424E-2 1.06686E-2 1.11096E-2 1.29159E-2 1.47441E-2 1.49235E-2 1.70691E-2 1.66627E-2 1.51063E-2 1.92802E-2 1.7675E-2 1.82222E-2 1.7866E-2 1.87441E-2 2.23027E-2 2.15164E-2 1.86827E-2 2.37795E-2 2.97132E-2
2.50244E-3 2.78969E-3 3.45059E-3 3.36464E-3 3.28078E-3 3.38941E-3 3.46775E-3 3.47774E-3 3.28771E-3 3.39855E-3 3.75697E-3 4.61898E-3 5.01677E-3 5.11128E-3 4.93856E-3 5.13735E-3 5.63693E-3 6.39166E-3 7.55896E-3 7.6651E-3 6.53617E-3 6.0135E-3 5.99347E-3 6.60588E-3 5.75842E-3 6.16921E-3 6.96575E-3 7.2884E-3 7.04108E-3 8.61262E-3 1.21563E-2 1.18651E-2 1.01605E-2 9.25145E-3 8.95388E-3 1.01833E-2 1.0548E-2 1.17528E-2 1.11816E-2 1.05801E-2 1.02445E-2 1.11322E-2 1.06627E-2 1.07346E-2 1.08056E-2 1.23995E-2 1.36814E-2 1.87132E-2 1.9215E-2 1.80278E-2 2.06643E-2 2.13718E-2 1.92935E-2 1.98701E-2 1.89458E-2 1.94163E-2 2.09693E-2 2.16194E-2 2.75936E-2 2.67214E-2 2.28997E-2
3.47375E-3 3.52318E-3 3.99613E-3 3.83591E-3 4.04292E-3 4.29046E-3 4.35923E-3 4.43359E-3 4.07192E-3 4.05861E-3 4.59906E-3 4.98223E-3 5.69954E-3 5.93324E-3 5.62422E-3 5.78447E-3 6.34211E-3 7.43929E-3 8.76164E-3 8.15835E-3 6.58927E-3 6.30373E-3 6.54322E-3 6.05146E-3 6.37341E-3 7.06661E-3 8.11162E-3 8.3856E-3 9.27136E-3 1.10742E-2 1.47969E-2 1.44806E-2 1.25368E-2 1.08261E-2 1.02061E-2 1.11673E-2 1.18614E-2 1.15837E-2 1.11324E-2 1.22672E-2 1.23968E-2 1.15754E-2 1.21598E-2 1.25273E-2 1.22599E-2 1.31019E-2 1.48728E-2 1.85576E-2 2.11745E-2 2.22929E-2 2.60995E-2 2.39391E-2 2.22396E-2 2.26842E-2 2.16014E-2 2.30365E-2 2.35412E-2 2.90568E-2 2.17406E-2 2.38543E-2 2.98693E-2
4.62475E-3 4.46454E-3 4.5381E-3 5.25753E-3 5.59363E-3 5.30584E-3 5.11715E-3 5.78835E-3 5.31096E-3 5.62667E-3 5.5977E-3 6.1387E-3 5.90916E-3 6.29994E-3 6.59311E-3 6.88192E-3 7.19139E-3 9.59266E-3 9.72184E-3 8.51794E-3 7.562E-3 7.24282E-3 7.18626E-3 7.2043E-3 9.02839E-3 9.70512E-3 9.75077E-3 1.15008E-2 1.32221E-2 1.50413E-2 1.58581E-2 1.58143E-2 1.49514E-2 1.29421E-2 1.28299E-2 1.29365E-2 1.26648E-2 1.1703E-2 1.20172E-2 1.30978E-2 1.56122E-2 1.49124E-2 1.61719E-2 1.57084E-2 1.46749E-2 1.64436E-2 1.85607E-2 2.2399E-2 2.62638E-2 2.68029E-2 2.95753E-2 2.7115E-2 2.59266E-2 2.52871E-2 2.60877E-2 2.50193E-2 3.00926E-2 2.94866E-2 2.5226E-2 2.60874E-2 2.62926E-2
5.69891E-3 5.5821E-3 5.81845E-3 6.67102E-3 6.32996E-3 6.67616E-3 7.11047E-3 7.71726E-3 7.24504E-3 7.77904E-3 7.29566E-3 6.85408E-3 6.52898E-3 6.85539E-3 8.33043E-3 8.96659E-3 1.02496E-2 1.22273E-2 1.26052E-2 1.1579E-2 9.93507E-3 9.00971E-3 8.9288E-3 9.85401E-3 1.24007E-2 1.41786E-2 1.42768E-2 1.51101E-2 1.7568E-2 1.78777E-2 1.73278E-2 1.87711E-2 1.69821E-2 1.37667E-2 1.46584E-2 1.49126E-2 1.48538E-2 1.44896E-2 1.44295E-2 1.66386E-2 1.71412E-2 1.62622E-2 1.86983E-2 1.95794E-2 1.92625E-2 2.02927E-2 2.40121E-2 2.9659E-2 3.55314E-2 3.5639E-2 3.04297E-2 2.86925E-2 2.92962E-2 2.90565E-2 2.66062E-2 2.84708E-2 2.96588E-2 3.0725E-2 2.98276E-2 2.32377E-2 2.81713E-2
6.25366E-3 6.9627E-3 7.01412E-3 7.42631E-3 7.57778E-3 8.04239E-3 8.62646E-3 8.96013E-3 9.12001E-3 8.84166E-3 8.67627E-3 7.61526E-3 7.44849E-3 7.47986E-3 8.67693E-3 1.04493E-2 1.25888E-2 1.65159E-2 1.72874E-2 1.74786E-2 1.29797E-2 1.21297E-2 1.24468E-2 1.39547E-2 1.6115E-2 1.801E-2 1.92139E-2 2.0696E-2 2.4051E-2 2.38061E-2 2.19103E-2 2.14356E-2 1.92696E-2 1.89366E-2 1.91231E-2 1.91155E-2 1.97202E-2 1.82943E-2 1.63111E-2 1.76005E-2 1.76204E-2 1.74241E-2 1.89483E-2 2.10278E-2 2.35697E-2 2.64099E-2 3.22435E-2 3.70168E-2 4.8227E-2 3.94813E-2 3.48549E-2 3.26523E-2 3.23664E-2 2.99846E-2 2.98047E-2 3.09555E-2 3.17328E-2 3.60973E-2 3.24977E-2 2.87123E-2 3.29432E-2
7.0111E-3 7.73466E-3 8.40865E-3 8.46007E-3 9.0177E-3 9.65806E-3 1.04221E-2 1.10725E-2 1.06419E-2 1.06686E-2 1.08636E-2 8.86584E-3 9.99009E-3 8.36714E-3 9.67583E-3 1.27282E-2 1.49879E-2 2.19196E-2 2.0868E-2 2.00279E-2 1.66291E-2 1.75682E-2 1.85654E-2 2.02344E-2 2.1228E-2 2.27719E-2 2.49358E-2 2.57543E-2 2.9787E-2 2.97803E-2 2.61889E-2 2.48623E-2 2.25716E-2 2.16781E-2 2.12589E-2 2.11528E-2 2.24698E-2 1.83747E-2 1.80613E-2 1.98764E-2 1.89356E-2 1.96601E-2 2.09274E-2 2.57197E-2 2.75537E-2 3.5487E-2 3.98629E-2 3.91853E-2 4.78606E-2 4.33517E-2 3.75463E-2 3.27148E-2 3.50884E-2 3.14663E-2 3.39504E-2 3.43671E-2 3.42094E-2 3.69731E-2 4.04782E-2 4.80235E-2 3.8158E-2
8.46422E-3 9.03861E-3 9.5509E-3 9.42881E-3 1.09344E-2 1.14801E-2 1.20692E-2 1.17747E-2 1.19778E-2 1.26931E-2 1.12746E-2 8.96279E-3 9.63128E-3 8.99461E-3 1.14183E-2 1.59948E-2 1.65354E-2 1.90759E-2 2.28666E-2 2.14349E-2 1.88791E-2 2.18997E-2 2.42243E-2 2.56882E-2 2.73082E-2 2.95248E-2 3.1851E-2 3.055E-2 2.82286E-2 2.97743E-2 3.12144E-2 2.7504E-2 2.43745E-2 2.24158E-2 2.1452E-2 2.09392E-2 2.38509E-2 2.24545E-2 2.366E-2 2.15136E-2 2.06629E-2 2.15709E-2 2.46594E-2 3.03827E-2 3.40852E-2 3.74403E-2 4.21412E-2 4.16283E-2 4.41799E-2 4.15312E-2 3.63114E-2 3.3709E-2 3.47799E-2 3.87091E-2 3.29681E-2 4.23069E-2 3.95575E-2 5.9001E-2 5.89078E-2 6.34439E-2 4.64754E-2
1.32565E-2 1.06307E-2 1.12383E-2 1.24856E-2 1.2706E-2 1.28794E-2 1.3424E-2 1.47921E-2 1.42644E-2 1.39608E-2 1.13233E-2 1.01962E-2 9.76559E-3 1.02795E-2 1.3402E-2 1.83904E-2 2.04472E-2 2.02366E-2 2.47663E-2 2.95593E-2 2.79562E-2 2.6156E-2 2.98089E-2 3.26175E-2 3.77514E-2 3.89054E-2 3.7123E-2 3.54538E-2 3.33387E-2 3.20636E-2 3.09779E-2 3.03311E-2 2.67424E-2 2.41226E-2 2.41685E-2 2.69023E-2 3.12082E-2 2.96331E-2 2.82662E-2 2.54015E-2 2.65099E-2 2.37817E-2 3.15593E-2 3.74851E-2 3.68881E-2 4.15847E-2 4.13266E-2 4.3463E-2 4.39415E-2 4.45948E-2 4.15243E-2 3.91769E-2 3.1348E-2 3.59792E-2 3.76456E-2 4.40443E-2 6.60656E-2 1.04098E-1 1.17593E-1 6.10049E-2 4.9306E-2
1.27925E-2 1.20644E-2 1.27715E-2 1.34381E-2 1.39586E-2 1.32623E-2 1.48722E-2 1.46704E-2 1.48194E-2 1.54232E-2 1.34155E-2 1.28839E-2 1.30781E-2 1.48163E-2 1.66649E-2 2.18783E-2 2.3859E-2 2.48431E-2 2.81526E-2 3.17617E-2 4.1623E-2 3.59293E-2 3.53676E-2 4.25899E-2 4.00584E-2 4.05691E-2 3.96119E-2 3.84471E-2 3.722E-2 3.41816E-2 3.14737E-2 3.02499E-2 2.73548E-2 2.46568E-2 2.48018E-2 2.94519E-2 2.98518E-2 3.06088E-2 2.89423E-2 2.98896E-2 2.885E-2 2.77207E-2 3.70938E-2 3.90959E-2 4.1618E-2 4.17459E-2 4.35134E-2 4.77222E-2 4.93802E-2 5.02425E-2 4.20767E-2 3.8729E-2 3.57812E-2 3.7128E-2 2.85063E-2 4.37555E-2 7.66204E-2 1.3299E-1 1.37891E-1 8.7368E-2 6.02391E-2
1.39368E-2 1.48626E-2 1.51315E-2 1.46715E-2 1.4222E-2 1.4014E-2 1.54069E-2 1.5455E-2 1.56126E-2 1.98659E-2 1.82709E-2 1.78799E-2 1.93995E-2 1.92852E-2 2.22813E-2 2.7578E-2 3.6209E-2 3.64135E-2 3.72313E-2 4.02942E-2 4.83805E-2 3.97794E-2 4.53313E-2 4.33505E-2 3.9728E-2 4.01039E-2 4.42747E-2 4.40069E-2 4.11647E-2 3.54679E-2 3.13798E-2 3.13745E-2 2.9624E-2 2.56257E-2 2.84722E-2 3.17352E-2 2.8141E-2 2.73031E-2 2.68792E-2 2.85496E-2 3.54417E-2 3.6117E-2 3.79652E-2 3.99306E-2 4.48347E-2 4.75191E-2 4.75532E-2 5.17343E-2 5.35632E-2 5.03785E-2 4.47327E-2 3.66543E-2 2.9046E-2 3.01726E-2 3.82277E-2 5.78714E-2 1.08788E-1 1.54558E-1 1.55785E-1 1.03119E-1 1.06032E-1
1.78709E-2 1.74304E-2 1.92719E-2 1.68965E-2 1.55197E-2 1.55637E-2 1.55019E-2 1.73405E-2 2.05024E-2 1.98969E-2 1.99725E-2 2.15184E-2 2.57827E-2 2.74011E-2 2.74108E-2 3.44548E-2 4.24477E-2 4.4678E-2 5.27939E-2 4.92642E-2 6.32732E-2 6.684E-2 5.68717E-2 4.63607E-2 3.82267E-2 4.28591E-2 4.53823E-2 4.01129E-2 3.75883E-2 3.51496E-2 3.20914E-2 3.26192E-2 3.16893E-2 2.78526E-2 2.62498E-2 2.94347E-2 2.68539E-2 2.74814E-2 2.85569E-2 3.34328E-2 3.67778E-2 4.0788E-2 4.27785E-2 4.27338E-2 4.42735E-2 4.77203E-2 5.57724E-2 5.51966E-2 4.86131E-2 5.25812E-2 3.96872E-2 3.28402E-2 3.48625E-2 4.14846E-2 6.01812E-2 9.95804E-2 1.21642E-1 1.65435E-1 1.26074E-1 1.18133E-1 9.88948E-2
2.18147E-2 2.09112E-2 2.71593E-2 2.04528E-2 1.98316E-2 1.87481E-2 1.9314E-2 1.88016E-2 2.37005E-2 2.38762E-2 2.77087E-2 2.86778E-2 3.22649E-2 3.48904E-2 3.52037E-2 3.77719E-2 4.94092E-2 5.48845E-2 6.25558E-2 6.03628E-2 7.31613E-2 7.45373E-2 5.76628E-2 5.29038E-2 4.85663E-2 5.12264E-2 4.84319E-2 4.16212E-2 3.92915E-2 3.91462E-2 3.70997E-2 3.76945E-2 3.29458E-2 3.14066E-2 3.39146E-2 3.62102E-2 2.7604E-2 3.05547E-2 3.53819E-2 4.06964E-2 4.10177E-2 5.0724E-2 4.87368E-2 4.81902E-2 4.8757E-2 5.64632E-2 5.21946E-2 6.06478E-2 6.12417E-2 4.62734E-2 4.45883E-2 4.41549E-2 4.88425E-2 6.62857E-2 7.83476E-2 1.19634E-1 1.25429E-1 1.42521E-1 1.14113E-1 1.13072E-1 9.89413E-2
2.44581E-2 2.57224E-2 2.73373E-2 2.5894E-2 2.48809E-2 2.29414E-2 2.41332E-2 2.78861E-2 2.77235E-2 3.24607E-2 3.8211E-2 3.98871E-2 4.10434E-2 4.32016E-2 4.54548E-2 4.89241E-2 5.66797E-2 5.79639E-2 6.01098E-2 7.00529E-2 7.87001E-2 7.73616E-2 7.03437E-2 5.30449E-2 5.70482E-2 6.03533E-2 5.6255E-2 5.38208E-2 4.69915E-2 4.66137E-2 4.57668E-2 4.38809E-2 4.17306E-2 4.50605E-2 3.69479E-2 2.90764E-2 2.86924E-2 3.80929E-2 4.39553E-2 4.63898E-2 4.74678E-2 5.46123E-2 5.78928E-2 6.26526E-2 6.54471E-2 6.35981E-2 6.6604E-2 6.48095E-2 5.7693E-2 5.41757E-2 5.51264E-2 4.96278E-2 4.95238E-2 4.25538E-2 9.14085E-2 1.27225E-1 1.53797E-1 1.35514E-1 1.64677E-1 1.36508E-1 1.26151E-1
3.17918E-2 3.47018E-2 3.18011E-2 3.24408E-2 3.01212E-2 3.08159E-2 3.03868E-2 3.62573E-2 3.9139E-2 3.85458E-2 4.26024E-2 4.61496E-2 4.98411E-2 5.4841E-2 5.36378E-2 5.80221E-2 5.83126E-2 6.33987E-2 7.04074E-2 7.33695E-2 7.38396E-2 7.71742E-2 6.75006E-2 5.83712E-2 6.4116E-2 7.06408E-2 6.46262E-2 6.55125E-2 6.44655E-2 6.1064E-2 5.1965E-2 5.27636E-2 5.7526E-2 5.23163E-2 4.31084E-2 3.82087E-2 4.37422E-2 4.78253E-2 6.14699E-2 6.13543E-2 5.7078E-2 6.15286E-2 7.29768E-2 8.03821E-2 8.31313E-2 8.51751E-2 8.10483E-2 6.90653E-2 6.30311E-2 6.4704E-2 6.36322E-2 6.35422E-2 5.04284E-2 5.46833E-2 1.17428E-1 1.07358E-1 1.65919E-1 1.61531E-1 1.8912E-1 1.52998E-1 2.60468E-1
3.91275E-2 4.18268E-2 4.38908E-2 4.37874E-2 4.65802E-2 4.82736E-2 4.92813E-2 5.07318E-2 4.73188E-2 5.28536E-2 5.45633E-2 5.29701E-2 5.05611E-2 5.86756E-2 6.67777E-2 6.54637E-2 6.76764E-2 7.30491E-2 7.24628E-2 7.66923E-2 6.66911E-2 7.11827E-2 7.94285E-2 7.28598E-2 7.2304E-2 8.13888E-2 9.0628E-2 7.86168E-2 7.22379E-2 6.96385E-2 7.00258E-2 7.40978E-2 6.6061E-2 5.2222E-2 5.18939E-2 5.51526E-2 5.61736E-2 6.41734E-2 7.42775E-2 7.53396E-2 7.50362E-2 8.30725E-2 9.38558E-2 9.10681E-2 1.06792E-1 1.11171E-1 9.29737E-2 7.82164E-2 8.0031E-2 7.52727E-2 7.41152E-2 5.78287E-2 6.52685E-2 8.91094E-2 1.42029E-1 1.55313E-1 1.29853E-1 1.48717E-1 2.20048E-1 3.05218E-1 2.43364E-1
3.94063E-2 3.83163E-2 4.75806E-2 5.20735E-2 5.46361E-2 5.73579E-2 5.72524E-2 6.35091E-2 6.11553E-2 6.40297E-2 6.75121E-2 5.92096E-2 5.83374E-2 6.98972E-2 7.28006E-2 7.3998E-2 7.25509E-2 7.41147E-2 7.45002E-2 7.61171E-2 7.87035E-2 8.13532E-2 8.73645E-2 8.63517E-2 8.97671E-2 1.03305E-1 1.13806E-1 1.01929E-1 9.68281E-2 8.94774E-2 8.79742E-2 7.87356E-2 6.72787E-2 6.21824E-2 7.55927E-2 7.72488E-2 7.88859E-2 9.4961E-2 1.31266E-1 1.30197E-1 1.14134E-1 9.91938E-2 1.03845E-1 1.15338E-1 1.4113E-1 1.33023E-1 1.0151E-1 9.22431E-2 8.87625E-2 7.6598E-2 8.34271E-2 8.00566E-2 1.16655E-1 1.18303E-1 1.44627E-1 1.79093E-1 1.69321E-1 1.97718E-1 2.70296E-1 2.5607E-1 2.73893E-1
4.36256E-2 4.60439E-2 5.75002E-2 5.8982E-2 6.82666E-2 7.38817E-2 6.72881E-2 7.0497E-2 7.44435E-2 7.69972E-2 7.96466E-2 7.88448E-2 7.61017E-2 7.56709E-2 7.89051E-2 7.66427E-2 7.46143E-2 7.21681E-2 7.70401E-2 8.6428E-2 8.18222E-2 7.93452E-2 8.85027E-2 9.22326E-2 1.26358E-1 1.2507E-1 1.34581E-1 1.32063E-1 1.09884E-1 1.03092E-1 9.64812E-2 7.83682E-2 7.07613E-2 7.57562E-2 9.3486E-2 1.07472E-1 1.16564E-1 1.50156E-1 1.85839E-1 1.78193E-1 1.57791E-1 1.31292E-1 1.1483E-1 1.13962E-1 1.31139E-1 1.32855E-1 1.11078E-1 1.01778E-1 9.81327E-2 9.85826E-2 1.03255E-1 9.76655E-2 9.603E-2 1.03234E-1 1.54783E-1 2.2734E-1 2.26724E-1 2.46743E-1 2.65623E-1 2.86565E-1 3.19544E-1
4.93883E-2 6.19012E-2 5.7381E-2 7.14343E-2 8.6492E-2 8.96962E-2 9.77729E-2 1.05636E-1 8.46899E-2 8.76026E-2 8.89889E-2 8.86254E-2 8.27753E-2 8.46089E-2 8.15695E-2 7.7732E-2 7.83298E-2 7.39332E-2 7.36418E-2 8.54765E-2 8.35173E-2 9.10644E-2 1.06516E-1 1.19024E-1 1.37508E-1 1.49758E-1 1.70183E-1 1.6539E-1 1.50985E-1 1.36283E-1 1.12914E-1 8.13108E-2 7.85076E-2 8.93495E-2 1.07392E-1 1.37634E-1 1.60599E-1 2.18244E-1 2.20686E-1 1.90288E-1 1.57786E-1 1.33923E-1 1.34061E-1 1.34447E-1 1.22885E-1 1.21194E-1 1.1868E-1 1.12429E-1 1.07236E-1 1.00667E-1 1.0573E-1 9.01097E-2 9.82833E-2 9.96578E-2 1.61335E-1 2.41335E-1 2.51797E-1 3.58568E-1 5.56067E-1 4.25565E-1 3.73579E-1
4.05206E-2 6.5697E-2 6.73855E-2 7.88661E-2 8.618E-2 9.23984E-2 1.37652E-1 1.42586E-1 1.17383E-1 8.04193E-2 8.26728E-2 8.51795E-2 8.69E-2 8.25944E-2 7.73816E-2 7.89948E-2 7.30814E-2 7.69076E-2 8.69925E-2 1.014E-1 9.74808E-2 1.07123E-1 1.25623E-1 1.43818E-1 1.58314E-1 2.39433E-1 2.55255E-1 2.10323E-1 2.13673E-1 1.767E-1 1.65253E-1 1.13351E-1 8.63997E-2 1.03108E-1 1.41675E-1 1.51822E-1 1.83782E-1 2.07415E-1 2.09152E-1 1.9803E-1 1.6912E-1 1.50668E-1 1.32516E-1 1.39074E-1 1.458E-1 1.45036E-1 1.19436E-1 1.27525E-1 9.39679E-2 9.49257E-2 9.0821E-2 1.04205E-1 1.29654E-1 1.41087E-1 1.72254E-1 2.27798E-1 2.43442E-1 3.31051E-1 4.01454E-1 4.33234E-1 3.88316E-1
4.88121E-2 6.94864E-2 7.21492E-2 8.10683E-2 8.4605E-2 9.34433E-2 1.03159E-1 1.39713E-1 1.21446E-1 8.78477E-2 8.0187E-2 7.76355E-2 7.58101E-2 7.01574E-2 7.03137E-2 7.20257E-2 7.59637E-2 8.66283E-2 1.03742E-1 1.19937E-1 1.18497E-1 1.28917E-1 1.41189E-1 1.59319E-1 1.73148E-1 2.0438E-1 2.08807E-1 2.14036E-1 2.02479E-1 1.85681E-1 1.71169E-1 1.49349E-1 1.36558E-1 1.4428E-1 1.27517E-1 1.55749E-1 1.57085E-1 1.71374E-1 1.92695E-1 1.95763E-1 1.65429E-1 1.43254E-1 1.37843E-1 1.42019E-1 1.26068E-1 1.27479E-1 1.67377E-1 1.9816E-1 1.67463E-1 1.31909E-1 1.02149E-1 1.16712E-1 1.34128E-1 1.94836E-1 2.2768E-1 2.46811E-1 2.45468E-1 3.11649E-1 3.34089E-1 3.81297E-1 4.16355E-1
6.24935E-2 6.96994E-2 7.02403E-2 7.81998E-2 8.76266E-2 9.50031E-2 9.48875E-2 1.3861E-1 1.16185E-1 9.42086E-2 8.56665E-2 8.1735E-2 7.77247E-2 7.4235E-2 7.7037E-2 7.99745E-2 8.61595E-2 1.001E-1 1.19756E-1 1.3332E-1 1.35354E-1 1.41048E-1 1.52368E-1 1.91703E-1 2.03077E-1 1.7824E-1 2.1756E-1 2.07544E-1 2.14803E-1 2.08577E-1 2.11882E-1 1.68558E-1 1.63555E-1 1.4537E-1 1.20829E-1 1.15068E-1 1.20641E-1 1.44237E-1 1.65988E-1 1.66619E-1 1.59529E-1 1.42158E-1 1.39864E-1 1.44459E-1 1.83226E-1 2.20275E-1 2.36498E-1 2.0508E-1 1.58578E-1 1.22402E-1 1.43488E-1 2.04697E-1 2.08527E-1 2.48192E-1 2.19786E-1 2.05437E-1 2.55604E-1 2.77117E-1 3.34623E-1 3.64023E-1 3.76352E-1
7.2829E-2 7.0779E-2 7.5066E-2 8.16651E-2 8.52311E-2 8.90251E-2 9.40362E-2 1.4324E-1 1.04931E-1 8.71039E-2 7.83306E-2 7.45945E-2 7.51518E-2 7.78244E-2 8.13887E-2 8.39631E-2 9.06331E-2 1.01939E-1 1.13216E-1 1.2773E-1 1.46401E-1 1.455E-1 1.49006E-1 1.58287E-1 1.6001E-1 1.71522E-1 1.76229E-1 1.76625E-1 1.68361E-1 1.72144E-1 1.87253E-1 1.59126E-1 1.67466E-1 1.21595E-1 1.09777E-1 1.09508E-1 1.25532E-1 1.37231E-1 1.37259E-1 1.46257E-1 1.16085E-1 1.33602E-1 1.34602E-1 1.99407E-1 2.05042E-1 2.23733E-1 2.47856E-1 1.80648E-1 1.8721E-1 2.29168E-1 2.72029E-1 2.41856E-1 2.62563E-1 3.05587E-1 2.94438E-1 2.40304E-1 2.53428E-1 3.02317E-1 3.42629E-1 3.73124E-1 3.94895E-1
7.26676E-2 7.74726E-2 7.9879E-2 8.18489E-2 8.50557E-2 8.92214E-2 8.41521E-2 9.34262E-2 1.01505E-1 7.18469E-2 7.2667E-2 7.43671E-2 7.34373E-2 7.62159E-2 8.75781E-2 1.07137E-1 1.26078E-1 1.07323E-1 1.12553E-1 1.24733E-1 1.36626E-1 1.46118E-1 1.37065E-1 1.38838E-1 1.51057E-1 1.48063E-1 1.37184E-1 1.3961E-1 1.4766E-1 1.646E-1 1.76297E-1 1.80604E-1 1.75104E-1 1.21621E-1 1.05524E-1 1.5047E-1 1.46084E-1 1.04551E-1 1.08854E-1 1.07581E-1 9.22602E-2 1.24841E-1 1.47972E-1 2.19472E-1 2.12103E-1 2.26629E-1 2.34174E-1 2.5939E-1 3.29442E-1 2.79456E-1 3.00475E-1 3.19501E-1 3.36828E-1 3.29309E-1 3.15118E-1 2.94134E-1 2.89261E-1 3.29178E-1 3.19022E-1 3.55061E-1 3.8138E-1
8.34395E-2 8.21983E-2 8.70086E-2 8.5412E-2 8.68709E-2 9.02497E-2 7.63868E-2 7.33815E-2 8.68285E-2 6.03097E-2 6.7139E-2 7.02292E-2 7.28264E-2 7.85263E-2 1.07714E-1 1.48689E-1 1.53125E-1 1.06892E-1 1.19999E-1 1.2864E-1 1.34531E-1 1.59668E-1 1.27066E-1 1.41903E-1 1.17723E-1 1.01329E-1 1.05245E-1 1.11343E-1 1.18656E-1 1.44605E-1 1.41022E-1 1.22676E-1 1.27214E-1 1.00877E-1 9.64351E-2 1.14858E-1 9.82983E-2 1.02299E-1 1.14876E-1 1.39841E-1 1.76407E-1 1.72223E-1 2.10057E-1 2.28486E-1 2.09557E-1 3.46553E-1 3.88562E-1 3.90073E-1 3.43613E-1 3.5977E-1 3.89549E-1 3.66095E-1 3.68431E-1 4.106E-1 3.76749E-1 3.18305E-1 3.21335E-1 3.45194E-1 2.99164E-1 2.94329E-1 3.93547E-1
