data/maxent/outputs/red_230.asc
ncols         426
nrows         180
xllcorner     -130.0
yllcorner     24.0
cellsize      0.16666666666666666
NODATA_value  -9999
[rows 108 to 134 of 180, columns 244 to 304 of 426]
5.59035E-1 5.69299E-1 5.70218E-1 5.81611E-1 5.92469E-1 5.82023E-1 5.66704E-1 5.4771E-1 5.6981E-1 5.26587E-1 5.38244E-1 5.5785E-1 5.86312E-1 6.1066E-1 6.22578E-1 6.31275E-1 6.17764E-1 6.26694E-1 6.32898E-1 6.733E-1 6.92915E-1 6.76498E-1 6.71519E-1 6.90487E-1 7.42135E-1 7.51925E-1 7.57318E-1 7.31406E-1 6.63181E-1 6.53413E-1 6.86318E-1 7.10557E-1 6.86862E-1 6.5324E-1 6.52051E-1 6.88028E-1 7.23529E-1 7.64709E-1 8.48004E-1 8.60008E-1 9.07222E-1 9.09072E-1 9.06255E-1 9.18297E-1 9.46567E-1 8.79827E-1 8.21417E-1 8.37756E-1 8.0577E-1 7.80816E-1 7.71013E-1 7.56326E-1 7.43984E-1 7.6899E-1 7.80103E-1 7.70272E-1 7.34693E-1 7.3003E-1 6.9165E-1 6.99952E-1 7.22086E-1
5.365E-1 5.5497E-1 5.72927E-1 5.80064E-1 5.75313E-1 5.67401E-1 5.58973E-1 5.28038E-1 5.33444E-1 5.2419E-1 5.23906E-1 5.31204E-1 5.49578E-1 5.86588E-1 6.1445E-1 6.18126E-1 6.21802E-1 6.19892E-1 6.44605E-1 6.69934E-1 6.76256E-1 6.72553E-1 6.86934E-1 7.1271E-1 7.26675E-1 7.15942E-1 7.16921E-1 6.63012E-1 6.37955E-1 6.38919E-1 6.82082E-1 6.50567E-1 6.63503E-1 7.29827E-1 7.69303E-1 8.25406E-1 9.05342E-1 9.04283E-1 9.03859E-1 8.70393E-1 8.1714E-1 9.31587E-1 9.31995E-1 9.14617E-1 8.85108E-1 8.22308E-1 8.33437E-1 8.03954E-1 7.9273E-1 7.72856E-1 7.8526E-1 7.5469E-1 7.56016E-1 7.85421E-1 7.85139E-1 7.5634E-1 7.07062E-1 7.08634E-1 6.64814E-1 6.89018E-1 6.99114E-1
5.2593E-1 5.48664E-1 5.66707E-1 5.62459E-1 5.44173E-1 5.41123E-1 5.21245E-1 5.13937E-1 5.26711E-1 5.2629E-1 5.42459E-1 5.46469E-1 5.46114E-1 5.69267E-1 5.70124E-1 5.85795E-1 6.02673E-1 6.2616E-1 6.51949E-1 6.70441E-1 6.64964E-1 7.0254E-1 7.55957E-1 7.41911E-1 6.82697E-1 7.08543E-1 6.14908E-1 6.02303E-1 6.14853E-1 6.3914E-1 6.721E-1 6.78315E-1 8.14526E-1 8.69576E-1 8.75753E-1 8.75087E-1 8.77342E-1 8.87627E-1 8.84101E-1 8.95373E-1 8.75901E-1 9.17594E-1 9.28866E-1 8.6623E-1 8.52395E-1 9.02404E-1 8.55994E-1 7.83604E-1 7.46809E-1 7.83302E-1 8.23184E-1 7.60915E-1 7.67473E-1 7.74569E-1 7.74008E-1 7.18759E-1 7.10948E-1 6.68763E-1 6.18437E-1 6.2775E-1 6.33295E-1
5.15539E-1 5.27262E-1 5.44584E-1 5.32191E-1 5.11253E-1 5.0523E-1 4.99067E-1 5.14614E-1 5.33588E-1 5.25746E-1 5.395E-1 5.58792E-1 5.76313E-1 5.8193E-1 5.89631E-1 5.93835E-1 5.94165E-1 6.04723E-1 6.32728E-1 6.44271E-1 6.91473E-1 7.52442E-1 7.39496E-1 7.09553E-1 7.06279E-1 6.25707E-1 5.89777E-1 5.92078E-1 6.02227E-1 6.40957E-1 6.73405E-1 8.40185E-1 8.32165E-1 8.21648E-1 8.2164E-1 8.40533E-1 8.55666E-1 8.82839E-1 8.94818E-1 9.17119E-1 8.73351E-1 8.8054E-1 8.93441E-1 7.96842E-1 7.83262E-1 8.04491E-1 7.51907E-1 7.49597E-1 7.38956E-1 7.50992E-1 8.0736E-1 7.65288E-1 7.27174E-1 7.10255E-1 6.86553E-1 7.03358E-1 6.81399E-1 6.28303E-1 6.05493E-1 5.87358E-1 6.09748E-1
5.24324E-1 5.22376E-1 5.06038E-1 4.87039E-1 4.83463E-1 4.84524E-1 4.90207E-1 4.99497E-1 5.1065E-1 5.40146E-1 5.48476E-1 5.61187E-1 5.74732E-1 5.67401E-1 5.78258E-1 5.71299E-1 5.7521E-1 5.83569E-1 6.22713E-1 6.25037E-1 6.76807E-1 7.19296E-1 7.05935E-1 6.74996E-1 6.71008E-1 6.18342E-1 6.03918E-1 5.98699E-1 6.41698E-1 6.94488E-1 7.62422E-1 8.45765E-1 8.32084E-1 8.362E-1 8.52064E-1 8.20129E-1 8.62096E-1 8.70422E-1 8.86546E-1 8.86048E-1 8.93076E-1 8.88017E-1 8.68211E-1 7.61966E-1 7.42747E-1 7.40203E-1 7.24272E-1 7.44235E-1 7.44096E-1 7.5564E-1 7.95568E-1 7.86316E-1 6.99331E-1 6.60074E-1 6.13664E-1 6.16864E-1 5.86668E-1 6.16469E-1 5.86144E-1 5.7393E-1 5.43907E-1
5.07331E-1 5.0839E-1 4.8637E-1 4.68296E-1 4.64221E-1 4.68132E-1 5.0525E-1 4.92687E-1 5.19102E-1 5.46536E-1 5.38244E-1 5.55509E-1 5.59508E-1 5.59053E-1 5.50478E-1 5.52423E-1 5.59116E-1 5.72041E-1 6.09521E-1 6.69544E-1 6.64746E-1 6.4394E-1 6.06593E-1 6.85935E-1 6.3344E-1 6.23427E-1 6.11668E-1 6.14662E-1 7.30188E-1 7.28314E-1 7.25336E-1 7.02188E-1 7.35734E-1 8.31617E-1 8.47064E-1 8.32404E-1 8.49215E-1 8.64556E-1 8.94614E-1 8.82769E-1 8.49424E-1 8.16946E-1 7.74875E-1 7.4466E-1 7.35923E-1 7.33393E-1 7.16509E-1 7.06075E-1 7.1814E-1 7.45119E-1 7.38238E-1 7.29392E-1 6.63112E-1 6.17156E-1 5.69533E-1 5.25652E-1 5.16689E-1 5.25552E-1 5.04579E-1 5.18941E-1 5.24838E-1
5.11363E-1 4.95364E-1 4.73866E-1 4.66579E-1 4.58112E-1 4.55795E-1 4.88132E-1 5.20139E-1 5.22756E-1 5.28429E-1 5.51062E-1 5.57238E-1 5.53813E-1 5.37369E-1 5.5378E-1 5.53836E-1 5.55061E-1 5.84549E-1 6.3515E-1 6.5173E-1 5.95126E-1 5.67409E-1 6.40179E-1 6.36647E-1 5.82174E-1 6.04298E-1 6.04777E-1 6.69206E-1 8.35294E-1 7.21937E-1 7.012E-1 7.3099E-1 7.62011E-1 8.34731E-1 8.47151E-1 8.35936E-1 8.44764E-1 8.39468E-1 8.13546E-1 7.84769E-1 7.52452E-1 7.70839E-1 7.49354E-1 7.33449E-1 7.43211E-1 7.17768E-1 6.83716E-1 6.69151E-1 6.78976E-1 6.81719E-1 6.89202E-1 6.72352E-1 6.4565E-1 6.12594E-1 5.49464E-1 5.26388E-1 4.96614E-1 4.58967E-1 4.61829E-1 4.49063E-1 4.50474E-1
4.95049E-1 4.72034E-1 4.65099E-1 4.61923E-1 4.50996E-1 4.45635E-1 4.58671E-1 4.79437E-1 5.09564E-1 5.34564E-1 5.49667E-1 5.50326E-1 5.69671E-1 5.59992E-1 5.31935E-1 5.36638E-1 5.63299E-1 5.56252E-1 6.05424E-1 5.77746E-1 5.63647E-1 6.19795E-1 6.23111E-1 6.53431E-1 5.90725E-1 6.25554E-1 6.06037E-1 6.73018E-1 7.28023E-1 7.507E-1 7.68479E-1 7.90269E-1 8.36684E-1 8.56784E-1 8.19795E-1 8.27162E-1 7.92196E-1 7.42656E-1 7.62077E-1 7.20534E-1 7.23206E-1 7.29914E-1 7.30391E-1 7.11368E-1 7.13787E-1 6.95139E-1 6.78658E-1 6.50277E-1 6.45277E-1 6.24713E-1 6.35379E-1 6.29742E-1 6.27131E-1 6.10774E-1 5.55791E-1 4.9045E-1 4.61131E-1 4.47986E-1 4.34983E-1 4.17387E-1 4.26908E-1
4.77475E-1 4.58422E-1 4.48812E-1 4.50339E-1 4.33376E-1 4.37622E-1 4.65972E-1 4.66812E-1 5.03012E-1 5.25721E-1 5.20629E-1 5.26817E-1 5.27636E-1 5.34377E-1 5.32382E-1 5.16129E-1 5.34096E-1 5.27441E-1 5.49702E-1 5.76315E-1 6.05971E-1 6.15682E-1 6.34079E-1 6.17176E-1 5.74897E-1 6.21573E-1 5.59105E-1 5.98102E-1 6.68769E-1 7.23005E-1 7.83077E-1 7.5149E-1 7.33489E-1 7.36756E-1 7.10002E-1 7.51134E-1 7.114E-1 7.08271E-1 6.95075E-1 7.04931E-1 6.93586E-1 7.08648E-1 7.027E-1 6.99835E-1 6.89345E-1 6.6788E-1 6.4248E-1 6.15848E-1 6.19124E-1 6.05571E-1 5.84264E-1 6.15386E-1 6.1395E-1 5.59823E-1 5.49933E-1 5.03291E-1 4.65476E-1 4.43214E-1 4.25052E-1 4.11256E-1 4.06605E-1
4.62484E-1 4.49498E-1 4.54759E-1 4.33979E-1 4.40697E-1 4.37637E-1 4.43874E-1 4.59592E-1 4.85602E-1 5.13313E-1 5.33382E-1 5.29175E-1 5.24971E-1 5.16228E-1 5.12544E-1 5.31969E-1 5.44244E-1 5.40838E-1 5.88945E-1 5.67145E-1 5.73223E-1 5.74246E-1 5.71899E-1 5.32542E-1 5.81572E-1 5.60395E-1 5.59177E-1 5.60469E-1 6.4086E-1 6.57358E-1 6.77525E-1 6.56467E-1 6.77531E-1 6.88117E-1 7.04319E-1 6.82358E-1 6.46731E-1 6.83663E-1 7.13701E-1 6.91347E-1 6.70158E-1 6.71164E-1 6.63096E-1 6.61496E-1 6.71137E-1 6.48573E-1 6.09899E-1 5.88497E-1 5.8267E-1 5.85829E-1 5.68867E-1 5.77291E-1 5.59495E-1 5.3174E-1 5.23489E-1 4.96831E-1 4.55998E-1 4.40921E-1 4.07229E-1 3.96151E-1 3.99016E-1
4.53256E-1 4.62844E-1 4.61306E-1 4.39263E-1 4.47957E-1 4.41365E-1 4.45927E-1 4.56809E-1 4.70289E-1 4.91044E-1 5.12901E-1 5.12499E-1 5.12966E-1 5.34465E-1 5.48754E-1 5.47143E-1 5.38805E-1 5.16584E-1 5.38304E-1 5.35671E-1 5.1321E-1 5.34567E-1 5.39071E-1 5.40654E-1 5.64987E-1 5.59393E-1 5.68838E-1 6.18323E-1 6.45287E-1 6.12853E-1 6.18688E-1 6.89913E-1 7.39491E-1 6.71981E-1 6.52994E-1 6.5165E-1 6.28967E-1 6.34372E-1 6.32444E-1 6.46088E-1 6.36911E-1 6.30982E-1 6.32272E-1 6.4217E-1 6.53624E-1 6.17922E-1 5.91835E-1 5.72588E-1 5.56421E-1 5.57742E-1 5.56682E-1 5.11917E-1 4.92899E-1 4.95192E-1 4.71618E-1 4.57535E-1 4.48952E-1 4.21179E-1 3.96713E-1 3.88529E-1 3.97217E-1
4.43128E-1 4.56783E-1 4.67718E-1 4.3778E-1 4.41332E-1 4.51546E-1 4.51246E-1 4.59693E-1 4.66077E-1 4.70631E-1 4.84927E-1 4.86746E-1 5.02797E-1 5.30743E-1 5.19895E-1 5.0808E-1 5.0943E-1 5.02323E-1 5.03703E-1 4.80477E-1 4.69776E-1 4.60825E-1 5.02534E-1 5.41873E-1 5.51915E-1 5.56216E-1 5.73599E-1 6.10073E-1 6.6321E-1 6.76951E-1 6.8863E-1 6.74621E-1 6.83055E-1 6.40112E-1 6.35352E-1 6.41307E-1 6.30468E-1 5.98405E-1 5.89699E-1 5.99085E-1 6.16162E-1 6.03586E-1 6.11656E-1 6.15156E-1 6.09873E-1 5.81785E-1 5.64699E-1 5.84293E-1 5.61491E-1 5.03746E-1 5.04219E-1 4.80062E-1 4.56096E-1 4.59817E-1 4.27865E-1 4.17526E-1 4.03101E-1 3.92067E-1 3.94847E-1 3.97838E-1 4.06652E-1
4.30508E-1 4.46451E-1 4.59686E-1 4.42863E-1 4.5675E-1 4.64394E-1 4.56485E-1 4.57559E-1 4.51663E-1 4.46593E-1 4.65376E-1 4.60837E-1 4.57546E-1 4.67986E-1 4.73375E-1 4.85765E-1 4.91351E-1 5.23616E-1 4.89522E-1 4.65121E-1 4.71561E-1 5.09214E-1 5.49189E-1 5.69456E-1 5.61675E-1 5.95566E-1 6.01334E-1 6.00631E-1 6.53151E-1 7.09487E-1 7.19275E-1 7.02099E-1 6.7337E-1 6.42105E-1 6.33693E-1 6.33827E-1 6.06888E-1 5.87335E-1 5.67239E-1 5.80538E-1 6.04155E-1 6.12715E-1 5.90551E-1 5.79147E-1 5.74316E-1 5.67722E-1 5.43824E-1 5.13957E-1 4.79367E-1 4.42604E-1 4.32106E-1 4.35599E-1 4.26726E-1 4.00505E-1 3.91161E-1 3.93702E-1 3.92741E-1 3.90214E-1 3.9264E-1 4.05665E-1 4.04936E-1
4.44543E-1 4.49816E-1 4.47234E-1 4.52296E-1 4.68066E-1 4.79597E-1 4.5814E-1 4.43864E-1 4.32464E-1 4.31869E-1 4.54078E-1 4.42829E-1 4.31792E-1 4.30411E-1 4.59228E-1 4.77898E-1 5.47273E-1 5.01013E-1 4.81419E-1 4.828E-1 4.81048E-1 5.55731E-1 5.80239E-1 5.50171E-1 5.82736E-1 6.10106E-1 5.96757E-1 5.997E-1 6.35368E-1 7.01868E-1 7.13636E-1 6.82543E-1 6.50153E-1 6.33847E-1 6.05867E-1 5.77742E-1 5.5629E-1 5.56538E-1 5.6794E-1 5.92367E-1 5.95975E-1 5.96244E-1 6.17313E-1 5.5345E-1 5.61634E-1 5.36103E-1 4.88041E-1 4.614E-1 4.44144E-1 4.37621E-1 4.34568E-1 4.21683E-1 4.11348E-1 3.88447E-1 3.81453E-1 3.83586E-1 3.87088E-1 3.90806E-1 3.96263E-1 4.05681E-1 4.2291E-1
4.41637E-1 4.50519E-1 4.46421E-1 4.6891E-1 4.752E-1 5.00634E-1 4.66015E-1 4.45082E-1 4.32178E-1 4.26806E-1 4.42403E-1 4.59636E-1 4.49638E-1 4.50216E-1 4.89525E-1 5.63646E-1 5.21319E-1 5.04242E-1 5.02069E-1 4.84707E-1 5.09672E-1 5.43083E-1 5.32391E-1 5.58109E-1 5.65221E-1 5.77032E-1 5.9045E-1 5.78443E-1 6.12163E-1 6.5819E-1 6.42517E-1 6.17005E-1 6.14078E-1 6.04077E-1 5.77632E-1 5.47201E-1 5.3198E-1 5.19455E-1 5.33677E-1 5.73195E-1 5.93239E-1 5.93137E-1 5.56863E-1 5.39714E-1 5.21365E-1 4.87874E-1 4.46857E-1 4.35034E-1 4.3251E-1 4.13174E-1 4.19324E-1 3.95845E-1 4.00136E-1 4.23901E-1 4.08776E-1 3.83567E-1 3.83925E-1 3.95439E-1 4.00779E-1 4.20555E-1 4.19881E-1
4.52024E-1 4.52729E-1 4.51075E-1 4.66445E-1 4.52538E-1 4.71977E-1 4.58881E-1 4.34453E-1 4.28154E-1 4.44556E-1 4.65905E-1 4.88413E-1 4.73455E-1 4.68951E-1 5.2491E-1 5.6205E-1 5.29795E-1 4.7686E-1 5.01239E-1 4.99933E-1 5.54639E-1 5.53271E-1 5.25823E-1 5.17899E-1 5.55389E-1 5.43393E-1 5.44058E-1 5.74067E-1 5.85808E-1 6.05522E-1 6.07908E-1 5.85653E-1 5.6707E-1 5.69899E-1 5.38181E-1 5.39771E-1 5.35616E-1 5.01551E-1 5.13481E-1 5.50129E-1 5.64825E-1 5.71562E-1 5.68105E-1 5.32822E-1 4.87301E-1 4.69514E-1 4.31437E-1 4.16307E-1 4.07368E-1 3.95157E-1 3.98366E-1 3.85322E-1 3.82837E-1 4.02923E-1 4.81322E-1 4.4334E-1 4.10037E-1 4.07829E-1 4.11154E-1 4.27449E-1 4.53282E-1
4.48941E-1 4.65731E-1 4.63523E-1 4.40826E-1 4.36607E-1 4.34782E-1 4.38122E-1 4.34291E-1 4.41232E-1 4.72238E-1 5.14411E-1 5.17694E-1 4.88198E-1 4.67797E-1 4.57826E-1 4.85126E-1 4.56262E-1 4.66895E-1 4.71753E-1 5.29371E-1 5.27605E-1 4.90427E-1 5.09059E-1 5.13951E-1 5.12967E-1 4.93812E-1 5.08055E-1 5.3399E-1 5.4431E-1 5.51089E-1 5.67386E-1 5.2574E-1 5.12679E-1 5.18882E-1 5.28545E-1 5.2734E-1 5.27801E-1 5.09379E-1 4.99691E-1 5.08609E-1 5.36259E-1 5.3919E-1 5.24517E-1 4.97671E-1 4.66752E-1 4.39358E-1 4.2786E-1 3.93998E-1 3.83086E-1 3.87927E-1 3.88946E-1 3.85584E-1 3.80841E-1 3.8905E-1 3.94934E-1 5.02668E-1 4.25694E-1 4.29148E-1 4.45427E-1 4.57714E-1 4.87105E-1
4.46834E-1 4.46118E-1 4.43899E-1 4.29886E-1 4.1923E-1 4.21014E-1 4.19204E-1 4.38073E-1 4.54321E-1 4.73314E-1 5.03657E-1 5.13E-1 5.01848E-1 4.61938E-1 4.41023E-1 4.32129E-1 4.51513E-1 4.68118E-1 4.89834E-1 4.86973E-1 4.61165E-1 4.72618E-1 4.54267E-1 4.65467E-1 4.88159E-1 5.1421E-1 4.85628E-1 5.12673E-1 5.12203E-1 5.20036E-1 5.08053E-1 4.88278E-1 4.76903E-1 4.99162E-1 5.15761E-1 5.2496E-1 5.35455E-1 5.12243E-1 4.90491E-1 4.94889E-1 4.97729E-1 5.07217E-1 5.04046E-1 4.81012E-1 4.57559E-1 4.20237E-1 3.96268E-1 3.86319E-1 3.80174E-1 3.79634E-1 3.85207E-1 3.86378E-1 3.86532E-1 3.94786E-1 3.97816E-1 4.04403E-1 4.21181E-1 4.29394E-1 4.59576E-1 4.9707E-1 4.99067E-1
4.44824E-1 4.35592E-1 4.22072E-1 4.2209E-1 4.16117E-1 4.15112E-1 4.2754E-1 4.33114E-1 4.54009E-1 4.70579E-1 4.99861E-1 5.46494E-1 5.16727E-1 5.02427E-1 4.58215E-1 4.57776E-1 4.57109E-1 4.64778E-1 4.5366E-1 4.46662E-1 4.76753E-1 4.44529E-1 4.42879E-1 4.61643E-1 4.75922E-1 4.68025E-1 4.72894E-1 5.2173E-1 5.16833E-1 5.12171E-1 4.77335E-1 4.75229E-1 4.63035E-1 4.99792E-1 5.03549E-1 5.02931E-1 4.91545E-1 4.74478E-1 4.7155E-1 4.7441E-1 4.69459E-1 4.70136E-1 4.6798E-1 4.47736E-1 4.3462E-1 4.05589E-1 3.81772E-1 3.88943E-1 3.76649E-1 3.79215E-1 3.90188E-1 3.8761E-1 3.90664E-1 4.02975E-1 4.1048E-1 4.23476E-1 4.62682E-1 4.74551E-1 5.10848E-1 -9999 -9999
4.51261E-1 4.45786E-1 4.28943E-1 4.07147E-1 4.00625E-1 4.01467E-1 4.19166E-1 4.38197E-1 4.48734E-1 4.58819E-1 4.67984E-1 4.97719E-1 4.89398E-1 4.93264E-1 4.66459E-1 4.58805E-1 4.58514E-1 4.52269E-1 4.34774E-1 4.67948E-1 5.51368E-1 4.61147E-1 4.42003E-1 4.52783E-1 4.49912E-1 4.60676E-1 4.64959E-1 4.87913E-1 4.85239E-1 4.69611E-1 4.50624E-1 4.50857E-1 4.52602E-1 4.58939E-1 4.72401E-1 4.72469E-1 4.56148E-1 4.54119E-1 4.50005E-1 4.49436E-1 4.43887E-1 4.3425E-1 4.31156E-1 4.274E-1 4.03201E-1 3.96666E-1 3.88564E-1 3.94234E-1 3.84865E-1 3.83115E-1 3.92933E-1 3.97597E-1 4.07533E-1 4.20579E-1 4.27387E-1 4.45724E-1 5.12575E-1 5.26211E-1 -9999 -9999 -9999
4.54136E-1 4.53128E-1 4.28899E-1 4.1776E-1 4.0096E-1 4.08609E-1 4.07646E-1 4.35842E-1 4.44658E-1 4.44247E-1 4.4038E-1 4.43063E-1 4.34692E-1 4.61329E-1 4.69683E-1 4.54081E-1 4.47691E-1 4.52498E-1 4.51438E-1 4.33754E-1 4.35903E-1 4.18389E-1 4.28148E-1 4.57146E-1 4.42437E-1 4.42803E-1 4.40065E-1 4.40978E-1 4.51764E-1 4.69321E-1 4.54149E-1 4.20925E-1 4.38746E-1 4.49192E-1 4.58101E-1 4.66774E-1 4.59106E-1 4.47089E-1 4.32794E-1 4.26288E-1 4.23147E-1 4.0232E-1 4.04475E-1 4.13718E-1 4.04832E-1 3.98196E-1 3.92462E-1 3.90148E-1 3.96196E-1 3.95357E-1 4.07731E-1 4.39713E-1 4.71646E-1 4.83573E-1 5.10462E-1 4.85655E-1 5.3096E-1 -9999 -9999 -9999 -9999
4.64231E-1 4.43397E-1 4.4149E-1 4.39901E-1 4.32899E-1 4.18513E-1 4.24358E-1 4.19389E-1 4.32434E-1 4.19288E-1 4.0018E-1 4.08768E-1 4.02426E-1 4.27991E-1 4.39738E-1 4.59796E-1 4.42176E-1 4.64488E-1 4.82014E-1 4.4736E-1 4.16398E-1 4.31256E-1 4.30165E-1 4.38087E-1 4.23564E-1 4.14712E-1 4.24366E-1 4.2257E-1 4.44462E-1 4.37828E-1 4.16976E-1 3.98733E-1 4.05776E-1 4.33856E-1 4.4485E-1 4.61346E-1 4.55012E-1 4.47945E-1 4.33028E-1 4.15546E-1 4.14025E-1 3.97451E-1 3.95798E-1 4.08793E-1 4.10076E-1 4.15202E-1 4.00288E-1 3.99777E-1 4.01768E-1 4.11828E-1 4.42378E-1 4.97885E-1 5.04016E-1 5.33283E-1 5.33904E-1 -9999 -9999 -9999 -9999 -9999 -9999
4.68289E-1 4.4726E-1 4.34694E-1 4.38608E-1 4.34801E-1 4.31325E-1 4.15222E-1 4.17789E-1 4.18349E-1 4.0518E-1 3.96986E-1 3.98054E-1 4.06117E-1 4.26462E-1 4.46101E-1 4.3264E-1 4.27358E-1 4.17252E-1 4.29454E-1 4.38845E-1 4.40258E-1 4.52346E-1 4.59615E-1 4.39219E-1 4.21124E-1 4.1962E-1 4.12789E-1 4.16752E-1 4.15467E-1 4.06984E-1 4.00673E-1 3.88967E-1 3.90932E-1 4.16384E-1 4.32331E-1 4.39507E-1 4.53442E-1 4.42179E-1 4.25091E-1 4.05399E-1 3.9799E-1 4.04427E-1 3.95853E-1 4.10096E-1 4.09988E-1 4.09364E-1 4.03979E-1 4.03859E-1 4.04406E-1 4.30286E-1 4.62008E-1 5.20098E-1 5.30575E-1 5.38741E-1 -9999 -9999 -9999 -9999 -9999 -9999 -9999
4.71528E-1 4.58171E-1 4.32455E-1 4.08483E-1 4.26799E-1 4.4446E-1 4.27572E-1 4.09315E-1 4.07531E-1 4.01922E-1 3.90464E-1 4.03678E-1 4.27815E-1 4.28643E-1 4.27942E-1 4.37658E-1 4.19728E-1 4.46084E-1 4.70432E-1 5.0372E-1 5.0458E-1 5.06157E-1 4.81983E-1 4.5406E-1 4.2227E-1 4.24762E-1 4.12417E-1 4.12452E-1 4.02811E-1 4.01809E-1 4.07622E-1 4.04853E-1 3.96969E-1 4.04269E-1 4.16673E-1 4.0606E-1 4.18088E-1 4.25919E-1 4.00526E-1 3.93352E-1 4.03097E-1 4.01163E-1 4.0373E-1 4.08724E-1 4.18116E-1 4.22944E-1 4.10996E-1 4.19288E-1 4.23511E-1 4.68378E-1 5.03944E-1 5.28117E-1 -9999 -9999 -9999 -9999 -9999 -9999 -9999 -9999 -9999
4.9276E-1 4.78221E-1 4.67538E-1 4.34567E-1 4.36837E-1 4.27666E-1 4.21008E-1 4.29702E-1 4.1006E-1 4.10772E-1 3.95121E-1 4.00922E-1 4.17502E-1 4.29539E-1 4.3599E-1 4.58407E-1 4.62746E-1 4.73794E-1 4.80291E-1 4.9074E-1 4.87943E-1 4.94833E-1 4.76666E-1 4.66828E-1 4.30513E-1 4.59175E-1 4.09546E-1 4.1194E-1 4.10164E-1 4.08056E-1 3.99678E-1 4.0141E-1 4.10976E-1 4.14497E-1 4.1782E-1 4.11319E-1 3.944E-1 3.99426E-1 3.93486E-1 3.93423E-1 4.02978E-1 4.02442E-1 4.0879E-1 4.14926E-1 4.1778E-1 4.21164E-1 4.28544E-1 4.36518E-1 4.64598E-1 5.10538E-1 5.31928E-1 -9999 -9999 -9999 -9999 -9999 -9999 -9999 -9999 -9999 -9999
5.14472E-1 5.05482E-1 4.91437E-1 4.7952E-1 4.73904E-1 4.58466E-1 4.3882E-1 4.27022E-1 4.17556E-1 4.24889E-1 4.30281E-1 4.26511E-1 4.26685E-1 4.5055E-1 4.53031E-1 4.57288E-1 4.62667E-1 4.75736E-1 4.89895E-1 5.07146E-1 5.135E-1 4.83337E-1 4.74235E-1 4.48257E-1 4.4686E-1 4.71147E-1 4.19431E-1 4.20255E-1 4.12707E-1 4.16507E-1 4.05799E-1 4.07077E-1 4.09949E-1 4.26528E-1 4.28895E-1 4.32526E-1 4.29941E-1 4.14039E-1 4.09201E-1 4.09479E-1 4.01731E-1 4.02821E-1 4.02845E-1 4.0995E-1 4.20423E-1 4.12833E-1 4.19408E-1 4.53431E-1 5.06689E-1 5.21599E-1 -9999 -9999 -9999 -9999 -9999 -9999 -9999 -9999 -9999 -9999 -9999
5.28589E-1 5.17238E-1 5.141E-1 5.04085E-1 4.83535E-1 4.71691E-1 4.4898E-1 4.4148E-1 4.49704E-1 4.4172E-1 4.39491E-1 4.54592E-1 4.61233E-1 4.59939E-1 4.41704E-1 4.60644E-1 4.73097E-1 4.8912E-1 5.24246E-1 5.50032E-1 5.40397E-1 5.08525E-1 4.81655E-1 4.68311E-1 4.48033E-1 4.48931E-1 4.23921E-1 4.19253E-1 4.16591E-1 4.16215E-1 4.17035E-1 4.17924E-1 4.24984E-1 4.38662E-1 4.49468E-1 4.56309E-1 4.43262E-1 4.22231E-1 4.05975E-1 4.02643E-1 4.02364E-1 4.02784E-1 3.99691E-1 3.96707E-1 3.97767E-1 4.23934E-1 4.27007E-1 4.63952E-1 5.26799E-1 5.34384E-1 -9999 -9999 -9999 -9999 -9999 -9999 -9999 -9999 -9999 -9999 -9999
