data/maxent/outputs/red_189.asc
ncols         426
nrows         180
xllcorner     -130.0
yllcorner     24.0
cellsize      0.16666666666666666
NODATA_value  -9999
[rows 81 to 107 of 180, columns 61 to 121 of 426]
5.46635E-2 1.91586E-1 5.88682E-2 1.19276E-1 4.49865E-2 5.02707E-2 4.36547E-2 7.94661E-2 4.42176E-2 1.10819E-1 6.4478E-2 4.44725E-2 1.48108E-1 1.38495E-1 9.63263E-2 5.8468E-2 5.20583E-2 2.49583E-1 2.4081E-1 6.08879E-2 7.39241E-2 1.86967E-1 1.62169E-1 3.25686E-1 1.33237E-1 3.87513E-1 3.832E-1 1.99418E-1 2.11497E-1 2.22643E-1 1.8752E-1 1.66445E-1 8.3237E-2 2.27424E-1 2.40744E-2 1.18158E-2 1.38361E-2 1.34422E-2 1.36636E-2 1.81884E-2 4.65211E-2 8.21272E-2 4.29557E-2 6.23878E-1 1.52629E-1 5.90851E-1 4.8763E-1 2.53718E-1 5.09367E-1 5.12535E-1 4.4457E-1 5.90154E-1 5.87002E-1 4.87636E-1 3.86419E-1 3.25233E-1 1.662E-1 1.25419E-1 6.42586E-2 4.27736E-2 4.11165E-2
1.05354E-1 1.12723E-1 1.15517E-1 6.83182E-2 8.96224E-2 2.28451E-2 6.80163E-2 4.54789E-2 2.42885E-2 6.99479E-2 7.81614E-2 2.83421E-2 1.00685E-1 1.05766E-1 1.36385E-1 1.54792E-1 9.28735E-2 2.49403E-1 1.26543E-1 1.14895E-1 2.70379E-1 1.35074E-1 1.68453E-1 2.50168E-1 1.05749E-1 4.17439E-1 2.31692E-1 3.1573E-1 3.21634E-1 3.79596E-1 1.44641E-1 2.33299E-1 1.5929E-1 1.60233E-1 6.58324E-2 3.46205E-2 1.3946E-2 1.23887E-2 1.31721E-2 1.50527E-2 1.94757E-2 3.60377E-2 3.87421E-2 2.67433E-1 9.27294E-2 1.73865E-1 1.30469E-1 3.29239E-1 3.67216E-1 5.4678E-1 4.80397E-1 5.05267E-1 4.57353E-1 3.56297E-1 2.34797E-1 1.82545E-1 1.06366E-1 6.01694E-2 2.61017E-2 1.46079E-2 1.29711E-2
3.00998E-1 1.94807E-1 1.21517E-1 9.23672E-2 7.44109E-2 2.3562E-2 5.95089E-2 1.66636E-2 2.4433E-2 2.08898E-2 2.50053E-2 7.16436E-2 3.10008E-2 4.08205E-2 1.12994E-1 8.14686E-2 1.55605E-1 1.43341E-1 2.3398E-1 2.066E-1 1.7438E-1 1.11689E-1 2.51969E-1 1.67322E-1 1.85936E-1 3.73078E-1 2.43246E-1 3.13569E-1 2.07953E-1 4.08593E-1 1.988E-1 1.53157E-1 2.57073E-1 1.22695E-1 6.09606E-2 1.21513E-1 2.84228E-2 1.2025E-2 1.3929E-2 1.86517E-2 1.25892E-2 1.73848E-2 6.90593E-2 2.57024E-1 1.44518E-1 1.88851E-1 1.7111E-1 1.6614E-1 2.17935E-1 4.33331E-1 4.57125E-1 4.72021E-1 4.46631E-1 4.15954E-1 3.09919E-1 2.48111E-1 1.31474E-1 6.32603E-2 3.18706E-2 1.36602E-2 9.96322E-3
2.9042E-1 1.62331E-1 9.72345E-2 6.41401E-2 4.53197E-2 3.1746E-2 1.80293E-2 1.3413E-2 1.0258E-2 1.64151E-2 1.10939E-1 2.77276E-2 1.52793E-2 5.85669E-2 5.22382E-2 1.21162E-1 1.29426E-1 1.85916E-1 1.50824E-1 1.80667E-1 2.90223E-1 3.06978E-1 2.12232E-1 1.68532E-1 3.0339E-1 3.56707E-1 2.8919E-1 2.78674E-1 2.21251E-1 3.1449E-1 1.26044E-1 3.15384E-1 3.32263E-1 5.61884E-2 7.98944E-2 3.67177E-1 2.85716E-2 9.89121E-3 1.4676E-2 1.54473E-2 3.6922E-2 2.37147E-2 1.43064E-1 2.15531E-1 4.63039E-1 3.26059E-1 3.73128E-1 9.49622E-2 5.42647E-1 5.04329E-1 4.6538E-1 4.28428E-1 3.97135E-1 4.14143E-1 3.80578E-1 3.46493E-1 2.86525E-1 1.74372E-1 8.64942E-2 2.33544E-2 1.96259E-2
1.39759E-1 1.54556E-1 1.7685E-1 6.06467E-2 3.96905E-2 2.07231E-2 1.01366E-2 8.36119E-3 7.78608E-3 4.38238E-2 1.54948E-2 1.82992E-2 1.2972E-1 8.94731E-2 1.12863E-1 2.10221E-1 2.15903E-1 3.52453E-1 1.58193E-1 2.69969E-1 2.23721E-1 2.45395E-1 1.74615E-1 1.72602E-1 2.46752E-1 3.32827E-1 1.41803E-1 2.88756E-1 2.45688E-1 3.5021E-1 1.28884E-1 2.79614E-1 1.20285E-1 2.30485E-1 3.21837E-1 3.68902E-1 1.46414E-2 1.46272E-2 4.18012E-2 1.71137E-2 5.88048E-2 6.85107E-2 2.74606E-2 3.54675E-2 6.91557E-2 9.72084E-2 2.51565E-1 1.48494E-1 5.39508E-1 4.85014E-1 4.65594E-1 4.60519E-1 3.84667E-1 3.01005E-1 2.80677E-1 2.90661E-1 3.03903E-1 2.3496E-1 1.13907E-1 4.90973E-2 5.153E-2
9.55812E-2 1.35542E-1 9.93727E-2 3.07617E-2 2.02728E-2 1.07666E-2 8.96154E-3 8.37978E-3 1.51484E-2 1.03392E-1 1.19109E-2 1.74511E-1 5.99557E-2 7.71558E-2 2.01474E-1 1.32272E-1 2.20623E-1 2.68815E-1 2.89113E-1 1.77857E-1 8.31382E-2 1.07609E-1 2.02852E-1 2.48643E-1 2.22425E-1 2.28486E-1 1.33173E-1 3.18358E-1 1.16249E-1 2.10826E-1 1.47988E-1 2.97763E-1 4.24513E-2 1.91452E-1 1.58908E-1 1.77553E-2 3.40592E-2 2.28949E-2 1.66335E-2 2.10904E-2 6.64651E-2 2.38108E-2 1.8244E-2 1.79989E-2 2.95634E-2 1.25841E-1 9.25881E-2 1.4212E-1 5.00632E-1 2.32138E-1 3.85378E-1 5.24697E-1 3.9336E-1 1.57404E-1 7.48273E-2 7.67311E-2 2.45574E-1 3.85711E-1 1.84464E-1 1.92952E-1 1.3207E-1
1.64894E-1 2.12273E-1 7.27013E-2 3.10632E-2 1.96312E-2 1.10685E-2 1.09631E-2 8.9758E-3 3.01399E-2 2.66149E-2 4.87526E-2 9.8903E-2 1.76047E-1 1.47886E-1 1.07384E-1 6.93238E-2 2.70395E-1 1.28307E-1 1.34558E-1 1.92399E-1 2.57133E-1 1.08147E-1 2.99073E-1 2.68762E-1 1.77604E-1 1.70134E-1 3.03941E-1 1.84571E-1 3.10108E-1 1.91579E-1 1.60581E-1 4.599E-1 3.93058E-2 3.90531E-1 1.0018E-1 1.09544E-2 4.05116E-2 9.37168E-3 1.64346E-2 1.38639E-1 3.34752E-2 1.81241E-2 1.24973E-2 2.04276E-2 2.82023E-2 3.50335E-1 9.56981E-2 1.63292E-1 4.59977E-1 1.31014E-1 5.32386E-1 4.89537E-1 3.14161E-1 8.53671E-2 3.97753E-2 4.05596E-2 3.89466E-2 2.5844E-1 1.59927E-1 2.59006E-1 2.61435E-1
2.60851E-1 8.41933E-2 8.17173E-2 2.11781E-2 1.97422E-2 2.09012E-2 1.17349E-2 1.19832E-2 1.47268E-2 1.13623E-2 3.45691E-2 4.46544E-2 1.64347E-1 9.96897E-2 1.65999E-1 1.72504E-1 2.50142E-1 6.59181E-2 1.94244E-1 2.0307E-1 2.36561E-1 1.61445E-1 1.57828E-1 9.22024E-2 2.01416E-1 2.7157E-1 3.71041E-1 1.08743E-1 2.27926E-1 1.93226E-1 3.01063E-1 4.73877E-1 5.73533E-2 5.33742E-1 2.46245E-1 1.10631E-2 7.63647E-2 2.00691E-2 7.81046E-2 5.11313E-2 1.82286E-2 1.07826E-2 1.47249E-2 1.88426E-2 3.17118E-2 3.65205E-1 2.69742E-1 1.6309E-1 1.90346E-1 3.97887E-1 4.96125E-1 2.91766E-1 1.14819E-1 2.57947E-2 5.59478E-2 7.76462E-2 1.83219E-2 4.54546E-2 4.34117E-2 2.30471E-1 3.66848E-1
1.239E-1 3.12587E-1 2.25513E-1 2.34176E-2 1.41875E-2 1.28718E-2 1.30152E-2 1.13371E-2 3.44278E-2 3.16888E-2 3.4477E-2 3.89619E-2 5.93964E-2 1.86873E-1 1.49682E-1 2.48279E-1 4.81976E-2 1.84785E-1 2.71842E-1 1.44057E-1 2.57481E-1 2.308E-1 1.01932E-1 1.84118E-1 1.17058E-1 1.35376E-1 3.40636E-1 2.35844E-1 1.354E-1 3.71181E-1 1.73268E-1 2.31102E-1 1.95392E-1 2.86387E-1 2.0009E-2 1.72944E-2 3.573E-2 1.32504E-1 5.49118E-2 2.27342E-2 1.771E-2 2.64297E-2 1.6137E-2 2.10812E-2 2.4622E-2 1.54592E-1 4.03035E-1 1.2974E-1 9.41276E-2 4.21459E-1 4.31841E-1 2.07838E-1 2.92326E-2 1.82419E-2 3.97157E-2 4.63213E-2 2.1521E-2 1.77839E-2 1.6956E-2 9.96302E-2 2.13185E-1
1.32483E-1 3.08541E-1 1.6689E-1 3.12227E-2 1.92725E-2 5.39274E-2 8.40502E-3 1.27951E-2 1.29314E-2 6.26548E-3 1.3099E-2 1.78569E-2 9.73728E-2 1.34239E-1 2.5441E-1 2.34791E-1 3.23904E-2 2.345E-1 1.67978E-1 2.53297E-1 1.46938E-1 1.924E-1 1.17727E-1 1.28787E-1 8.02428E-2 6.43859E-2 3.92669E-1 2.11828E-1 8.07495E-2 3.19847E-1 3.00252E-1 2.51757E-1 1.09502E-1 6.02597E-1 6.41118E-2 6.31243E-2 2.965E-2 1.05397E-1 3.55331E-2 1.61889E-2 4.11101E-2 8.9498E-2 2.2538E-2 2.39146E-2 5.1334E-2 3.99436E-1 3.23552E-1 7.12236E-2 1.87868E-1 2.27073E-1 2.2769E-1 6.51607E-2 2.68548E-2 4.1365E-2 6.13051E-2 5.91625E-2 1.21306E-2 5.00066E-3 6.04732E-3 1.21365E-2 1.93819E-2
6.81928E-1 5.65494E-1 1.41746E-1 5.33797E-2 3.83717E-2 7.26372E-2 7.24905E-2 4.159E-2 3.97739E-2 3.11687E-2 1.53495E-2 3.10998E-2 4.58615E-2 1.57671E-1 2.67624E-1 2.50851E-1 7.55369E-2 3.49018E-1 1.28302E-1 3.41459E-1 1.12007E-1 1.53729E-1 1.0328E-1 7.68581E-2 1.30164E-1 1.9348E-2 1.18251E-1 1.47723E-1 6.31791E-2 3.22793E-1 3.48968E-1 1.53632E-1 8.03629E-2 3.55924E-1 5.79683E-2 6.21358E-2 8.30541E-2 7.38984E-2 1.60017E-2 1.00915E-2 2.33787E-2 3.18748E-2 5.46751E-2 7.23304E-2 2.51062E-1 2.97943E-1 9.70061E-2 1.5892E-1 3.03179E-1 3.87797E-1 1.67356E-1 2.82834E-2 1.80729E-2 5.46184E-2 6.43666E-2 3.43484E-2 5.49314E-3 5.16327E-3 6.91565E-3 1.2409E-2 1.48738E-2
8.45997E-1 6.73876E-1 3.22853E-1 2.77236E-1 2.14716E-1 8.2721E-2 1.28549E-1 1.72682E-2 3.69161E-2 3.30249E-2 6.73273E-2 3.78054E-2 3.88479E-2 4.59691E-2 1.01927E-1 6.32704E-2 1.3557E-1 1.50037E-1 1.34867E-1 1.46173E-1 1.28187E-1 1.01427E-1 3.68337E-2 8.7846E-2 1.71215E-2 1.0086E-2 2.25785E-1 1.16621E-1 4.94289E-2 3.05491E-1 2.63748E-1 8.79954E-2 1.88204E-1 7.92646E-2 6.35806E-2 2.29162E-1 1.68312E-2 1.11584E-1 1.48198E-2 1.04204E-1 2.66751E-2 3.06596E-2 1.17248E-1 2.36141E-1 2.46852E-1 1.76646E-1 2.83121E-1 2.81782E-1 3.62268E-1 3.13576E-1 1.75195E-1 2.05649E-2 2.18852E-2 1.79017E-2 1.25238E-2 7.93934E-3 8.38473E-3 8.68951E-3 1.25649E-2 2.52065E-2 3.79962E-2
8.57753E-1 8.51038E-1 7.0489E-1 6.48502E-1 1.73052E-1 8.05329E-2 1.67765E-1 6.21111E-2 5.9573E-2 5.56179E-2 2.71467E-2 1.00975E-1 2.77777E-2 2.21294E-2 1.32973E-2 3.15201E-2 6.41448E-2 1.08119E-1 1.65904E-1 5.9936E-2 1.30258E-1 1.47284E-2 3.64139E-2 2.17246E-2 5.7861E-3 2.93834E-2 2.37192E-1 4.05828E-2 3.16537E-2 1.97675E-1 2.14325E-1 9.59672E-2 2.2126E-1 2.72237E-1 8.02446E-2 2.52912E-1 3.73982E-2 1.72335E-1 1.88542E-2 1.02549E-1 3.69401E-2 5.50211E-2 2.35494E-1 2.30932E-1 5.17034E-1 1.77536E-1 2.71024E-1 1.63793E-1 2.0141E-1 1.74548E-1 2.28827E-1 3.16306E-2 9.84578E-3 6.02787E-3 3.85294E-3 5.83398E-3 1.52167E-2 2.12542E-2 1.85772E-2 2.60244E-2 2.27432E-2
8.8135E-1 8.81844E-1 8.20765E-1 3.04539E-1 4.49857E-1 2.49703E-1 1.76329E-1 9.20399E-2 7.46631E-2 7.11647E-2 2.37133E-2 3.80873E-2 2.47366E-2 1.92786E-2 8.2944E-3 4.42597E-2 2.86063E-2 8.33534E-2 6.35889E-2 2.09531E-2 6.71307E-2 8.15221E-3 2.31934E-2 8.67987E-3 2.26265E-2 2.23885E-1 8.17136E-2 3.44069E-2 5.0199E-2 1.37481E-1 1.27517E-1 1.68668E-1 3.19423E-1 2.87059E-1 2.55179E-1 2.86699E-1 1.47006E-1 2.44339E-1 9.28283E-2 3.05353E-2 1.6876E-2 9.04898E-2 8.53215E-2 1.75902E-1 4.50142E-1 1.36095E-1 1.74234E-1 2.01795E-1 2.30984E-1 2.26614E-1 1.86536E-1 7.48632E-2 9.67377E-3 8.36453E-3 8.78167E-3 7.15263E-3 1.92878E-2 5.60029E-2 4.31769E-2 2.79644E-2 2.41004E-2
8.82708E-1 8.88531E-1 8.88945E-1 8.12508E-1 3.38074E-1 1.5335E-1 1.4203E-1 1.09073E-1 5.57376E-2 5.04787E-2 2.83829E-2 7.98408E-3 2.90232E-2 1.25136E-2 1.7792E-2 2.5471E-2 1.52671E-2 2.26545E-2 2.91017E-2 2.26864E-2 8.60688E-2 2.99837E-2 1.26656E-2 2.4108E-2 2.10348E-1 9.12153E-2 2.31545E-2 2.95497E-2 1.05491E-1 5.14225E-2 4.38981E-2 1.72287E-1 1.0412E-1 2.4316E-1 2.74082E-1 1.79126E-1 2.34515E-1 1.16478E-1 3.63842E-2 1.92803E-2 8.12962E-2 1.46268E-1 1.69989E-1 1.86603E-1 1.98446E-1 2.10139E-1 2.33113E-1 2.11245E-1 3.55741E-1 4.84865E-1 5.08101E-1 1.8021E-1 2.34862E-2 6.28693E-2 2.46804E-1 1.23839E-2 1.65682E-2 4.43122E-2 4.68536E-2 5.36823E-2 8.1002E-2
8.46902E-1 8.76131E-1 8.85212E-1 8.86184E-1 5.5325E-1 3.6765E-1 1.71229E-1 8.61197E-2 1.51937E-1 1.25066E-1 1.58732E-2 1.68247E-2 1.36638E-2 2.13726E-2 2.07447E-2 1.42657E-2 1.06804E-2 9.15325E-3 9.19264E-3 4.60369E-2 1.3263E-1 3.94547E-2 2.57382E-2 3.7278E-2 2.98935E-2 5.76185E-2 4.46995E-2 2.24431E-2 1.0124E-1 4.85605E-2 1.98604E-2 2.60399E-1 7.25172E-2 8.54668E-2 2.91882E-1 1.89831E-1 3.80465E-2 1.9912E-2 1.76361E-2 1.99341E-2 2.9397E-2 5.80163E-2 1.13606E-1 2.72821E-1 8.14738E-2 3.22383E-1 2.34337E-1 3.35379E-1 3.16804E-1 1.90704E-1 1.37152E-1 6.25166E-2 4.8371E-2 3.67615E-2 1.8585E-1 2.21421E-2 1.46738E-2 2.96969E-2 1.03603E-1 2.33254E-1 3.21987E-1
8.70755E-1 8.75695E-1 8.93725E-1 9.11837E-1 7.93579E-1 5.79543E-1 4.44906E-1 2.42757E-1 2.04065E-1 3.81465E-1 1.47237E-2 9.48933E-2 8.33345E-2 6.32935E-3 2.90014E-2 2.51706E-2 1.79863E-2 2.22295E-2 1.85928E-2 1.08003E-2 3.84005E-2 5.47279E-2 1.93103E-2 2.42366E-2 6.68106E-3 5.49126E-2 8.52799E-2 3.47791E-2 2.80813E-2 5.41501E-2 2.05435E-2 9.26035E-2 2.5741E-2 1.47567E-1 1.68642E-1 7.34562E-2 3.27272E-2 3.53634E-2 9.53967E-2 4.64368E-2 4.58042E-2 3.72604E-1 4.55336E-1 3.66676E-1 1.46716E-1 2.47978E-1 1.68475E-1 3.16617E-1 1.7187E-1 7.76604E-2 3.9862E-2 2.56211E-2 4.46211E-2 1.56071E-2 9.95584E-3 2.30818E-2 1.69917E-2 3.2957E-2 1.60897E-1 3.4958E-1 3.51572E-1
9.08612E-1 8.86488E-1 8.98544E-1 8.71315E-1 8.2691E-1 8.18832E-1 6.28453E-1 2.2364E-1 2.14887E-2 5.89665E-1 1.30715E-1 3.98303E-2 4.59136E-2 4.04616E-2 3.49694E-2 1.57369E-2 1.28888E-2 1.0313E-2 3.1573E-2 1.26674E-2 1.01441E-2 2.10873E-2 4.17412E-2 2.21085E-2 3.80959E-2 5.52192E-2 1.04908E-1 2.16146E-2 2.9622E-2 2.51636E-2 1.12807E-1 8.673E-2 8.66224E-2 1.57523E-1 1.78271E-1 2.51935E-1 1.6074E-1 2.24387E-1 3.44209E-1 2.52296E-1 3.67726E-1 4.35569E-1 4.71029E-1 3.46901E-1 3.01735E-1 3.16971E-1 1.38476E-1 1.6254E-1 2.17745E-1 1.4706E-1 3.56096E-2 1.68862E-2 1.99167E-2 3.05765E-2 7.48625E-3 1.20689E-2 2.10642E-2 4.93086E-2 8.69118E-2 2.27164E-1 2.26112E-1
7.16495E-1 9.01528E-1 8.34102E-1 8.57958E-1 8.57764E-1 8.61271E-1 8.83958E-1 1.99668E-1 1.50975E-2 2.40173E-1 2.23808E-1 3.00239E-2 6.0529E-2 1.09257E-1 1.98088E-2 1.17998E-2 1.26265E-2 1.76293E-2 1.84274E-2 9.78548E-3 1.66881E-2 2.46481E-2 7.31295E-2 1.75758E-2 1.03802E-1 1.85737E-2 3.35078E-2 2.57584E-2 3.40003E-2 2.2627E-2 1.60632E-1 8.8516E-2 1.68891E-1 2.22376E-1 1.2399E-1 2.14685E-1 2.07006E-1 3.97818E-1 4.44891E-1 2.53422E-1 4.3299E-1 3.70154E-1 3.9311E-1 3.54024E-1 3.51535E-1 2.99053E-1 1.57917E-1 9.77348E-2 6.76272E-2 8.77308E-2 9.7191E-2 5.91127E-2 1.1332E-2 1.41525E-2 1.37918E-2 1.01234E-2 2.88308E-2 3.05899E-2 5.5988E-2 1.24358E-1 5.60412E-2
5.46298E-1 6.85326E-1 9.12312E-1 8.63789E-1 8.8532E-1 8.7842E-1 9.1257E-1 7.73256E-1 3.18291E-1 5.49025E-2 1.49366E-1 2.65022E-2 1.80643E-2 1.1525E-2 3.49364E-2 3.34374E-2 4.30774E-3 9.20376E-3 2.85037E-2 2.89071E-2 5.59775E-2 1.05714E-1 3.95163E-2 9.42573E-3 1.16924E-2 2.693E-2 1.36063E-2 3.27941E-2 1.06308E-2 3.69922E-2 5.51061E-2 2.70562E-2 2.56599E-2 4.52871E-2 2.35282E-2 4.77248E-2 5.51463E-2 1.28786E-1 1.37312E-1 6.80892E-2 1.63951E-1 3.5098E-1 2.36858E-1 2.50613E-1 2.11259E-1 2.26908E-1 1.11058E-1 5.25103E-2 4.43438E-2 3.51864E-2 2.49351E-2 2.3187E-2 7.61751E-2 1.28558E-2 1.43866E-2 1.78284E-2 1.17317E-2 1.82659E-2 4.81385E-2 3.84392E-2 2.17227E-2
3.59624E-1 5.23463E-1 6.87348E-1 9.29998E-1 8.85223E-1 8.86145E-1 9.0751E-1 8.95665E-1 7.9167E-1 3.29332E-2 3.30346E-1 7.82635E-2 1.05402E-2 1.70144E-2 8.07393E-3 1.76506E-2 2.32253E-2 4.50183E-3 8.09285E-3 1.88036E-2 4.10108E-2 2.71178E-2 9.12999E-3 1.32513E-2 1.92537E-2 5.17169E-2 1.57796E-2 6.78692E-3 2.15457E-2 1.48951E-2 1.3994E-2 1.46421E-2 1.8192E-2 1.4463E-2 1.60889E-2 3.6449E-2 3.70788E-2 1.45169E-2 1.95175E-2 6.28537E-2 1.15994E-1 2.70191E-1 2.43504E-1 1.67384E-1 1.15019E-1 9.9257E-2 8.50087E-2 2.44983E-2 1.78364E-2 1.34767E-2 1.61248E-2 2.81582E-2 2.33888E-2 5.13167E-2 2.61537E-2 3.4963E-2 2.03946E-2 1.72695E-2 2.94362E-2 1.18086E-2 1.97081E-2
1.62912E-1 2.36076E-1 4.63477E-1 6.19517E-1 8.6784E-1 8.6613E-1 8.81836E-1 8.66389E-1 8.71825E-1 5.38852E-2 3.56965E-1 3.92055E-2 1.75529E-2 6.5133E-2 2.21423E-2 1.5015E-2 7.45817E-2 1.54301E-2 1.23877E-2 1.57136E-2 2.52381E-2 3.56603E-2 1.1511E-2 8.46322E-3 3.03425E-2 1.86748E-2 1.38377E-2 1.0411E-2 3.39391E-2 1.03149E-2 1.5651E-2 1.89177E-2 4.69164E-2 1.7802E-2 1.52174E-2 1.96474E-2 5.24154E-2 2.86233E-2 2.96637E-2 4.78471E-2 5.33093E-2 6.47012E-2 1.02127E-1 3.00903E-2 4.26214E-2 1.29899E-1 2.17842E-1 7.75142E-2 6.28141E-2 1.41887E-2 1.19077E-2 1.34862E-2 1.95586E-2 3.4409E-2 6.23041E-2 8.65271E-2 8.47738E-2 2.56615E-2 3.99198E-2 1.88492E-2 2.26701E-2
1.24603E-1 1.3734E-1 2.73663E-1 4.56145E-1 7.10129E-1 9.0816E-1 8.65924E-1 8.66845E-1 9.03982E-1 3.42714E-1 4.01736E-2 1.49292E-1 1.80452E-2 1.8957E-2 5.39741E-2 1.53196E-2 1.51922E-2 1.26108E-2 6.5396E-3 5.67718E-3 6.41125E-3 1.21477E-2 1.2352E-2 9.18911E-3 1.76418E-2 9.78217E-3 1.2998E-2 7.67932E-2 8.2757E-2 1.27536E-2 1.42904E-2 1.20996E-2 1.73182E-2 2.02963E-2 2.16704E-2 4.94803E-2 1.64856E-1 1.12651E-1 5.00215E-2 5.49439E-2 3.03118E-2 4.09717E-2 1.5983E-2 3.67829E-2 1.4759E-1 4.07539E-1 2.73244E-1 8.62703E-2 3.88173E-2 2.73038E-2 2.90217E-2 2.18062E-2 2.07149E-2 2.8364E-2 8.93602E-2 1.76289E-1 1.79716E-1 4.38727E-2 2.22725E-2 1.60759E-2 1.64132E-2
7.04335E-2 9.17718E-2 1.41724E-1 2.80937E-1 4.55765E-1 8.07808E-1 8.85346E-1 8.98366E-1 8.99429E-1 8.55678E-1 5.66886E-2 1.79006E-1 1.21751E-1 5.19468E-2 4.12915E-2 1.55891E-2 1.48174E-2 1.45955E-2 1.57294E-2 5.78997E-3 5.06906E-3 8.66049E-3 1.36354E-2 2.16043E-2 9.40799E-3 5.65171E-3 1.06264E-2 2.51013E-1 1.06466E-1 1.48099E-2 1.32149E-2 1.87889E-2 1.7498E-2 3.01092E-2 7.82945E-2 2.94225E-2 4.48858E-2 9.79121E-2 6.23497E-2 9.62983E-2 6.42509E-2 4.43744E-2 4.68656E-2 6.60929E-2 3.6932E-1 5.07364E-1 3.78099E-1 2.26851E-2 3.25564E-2 6.49525E-2 3.7516E-2 3.0794E-2 3.05147E-2 5.70991E-2 5.03361E-2 8.49352E-2 1.64179E-1 1.84865E-1 3.65145E-2 2.22043E-2 1.79838E-2
6.59973E-2 8.10681E-2 9.7137E-2 1.35306E-1 2.37618E-1 4.41974E-1 9.4858E-1 8.88789E-1 8.59802E-1 8.36079E-1 6.33313E-1 2.27274E-2 1.0066E-1 3.70856E-2 2.00153E-2 5.65598E-2 3.49211E-2 1.72453E-2 2.73009E-2 1.90212E-2 5.60365E-3 9.17627E-3 1.71693E-2 1.44768E-1 2.01986E-1 7.92314E-2 7.44903E-3 1.8213E-2 3.00738E-2 1.54285E-2 1.80323E-2 3.02607E-2 2.56162E-2 3.1508E-2 3.15313E-2 3.29772E-2 8.1501E-2 1.53069E-1 8.04182E-2 1.78335E-1 1.84681E-1 1.16685E-1 8.15371E-2 4.75179E-2 2.91456E-1 5.24444E-1 4.96987E-1 6.6848E-2 4.13245E-2 5.33627E-2 2.62526E-2 2.5102E-2 3.03767E-2 2.5938E-2 4.9822E-2 7.35417E-2 6.52335E-2 1.70157E-1 1.9587E-1 1.5486E-1 3.45682E-2
4.49183E-2 6.31409E-2 8.73399E-2 1.04995E-1 1.48054E-1 4.13514E-1 9.30213E-1 8.58628E-1 8.23773E-1 8.1849E-1 7.1967E-1 7.29834E-2 2.87875E-1 5.74496E-2 2.4037E-2 2.33945E-2 2.6592E-1 2.40354E-2 3.51153E-2 1.82577E-2 9.32313E-3 1.75102E-2 9.61998E-3 1.97391E-2 3.10366E-1 3.11951E-1 3.89271E-2 1.60935E-2 1.87884E-2 1.89246E-2 3.34085E-2 3.66363E-2 4.18802E-2 4.19467E-2 4.40793E-2 3.26657E-2 9.7918E-2 1.28687E-1 1.08914E-1 6.90813E-2 6.92408E-2 5.37804E-2 4.72291E-2 1.09223E-1 8.19461E-2 3.17571E-1 4.82404E-1 2.16513E-1 4.01616E-2 2.99891E-2 1.92069E-2 1.55675E-2 1.49637E-2 1.74558E-2 3.15794E-2 4.38123E-2 6.73751E-2 1.03636E-1 1.79651E-1 1.8285E-1 5.18174E-2
4.85435E-2 5.21732E-2 6.014E-2 7.09638E-2 8.44799E-2 1.29008E-1 7.46267E-1 8.81431E-1 8.26576E-1 8.3094E-1 7.69842E-1 6.69953E-2 1.23719E-1 1.82392E-1 6.52992E-2 1.65669E-2 3.71595E-1 2.91904E-2 3.23051E-2 3.80679E-2 2.071E-2 1.79823E-2 1.33165E-2 6.31858E-3 1.6677E-2 9.4979E-2 2.3817E-2 2.25851E-2 2.86905E-2 3.13764E-2 5.88259E-2 7.13911E-2 5.24388E-2 5.64619E-2 4.79255E-2 3.62766E-2 5.66989E-2 1.34567E-1 8.9033E-2 4.40039E-2 1.90826E-1 1.2406E-1 7.64962E-2 6.129E-2 1.63074E-1 1.14393E-1 1.01572E-1 6.80095E-2 6.81156E-2 1.94137E-2 7.26378E-3 8.24538E-3 1.32247E-2 1.34192E-2 2.19001E-2 3.54958E-2 3.35678E-2 5.02417E-2 6.40938E-2 6.48846E-2 2.77968E-2
