data/maxent/outputs/red_194.asc
ncols         426
nrows         180
xllcorner     -130.0
yllcorner     24.0
cellsize      0.16666666666666666
NODATA_value  -9999
[rows 54 to 80 of 180, columns 305 to 365 of 426]
7.48436E-1 7.53433E-1 7.72778E-1 7.72075E-1 7.68646E-1 7.45819E-1 7.48783E-1 7.48051E-1 7.50807E-1 7.4906E-1 7.34502E-1 7.40445E-1 7.33128E-1 7.28764E-1 7.55008E-1 8.07587E-1 8.30336E-1 8.34809E-1 8.42857E-1 8.62031E-1 8.69249E-1 8.78138E-1 8.73172E-1 8.59496E-1 8.72574E-1 8.76997E-1 8.58284E-1 8.44781E-1 8.39113E-1 8.23257E-1 7.57628E-1 7.17794E-1 7.55533E-1 7.64206E-1 7.77618E-1 7.77437E-1 7.91193E-1 7.427E-1 7.38127E-1 6.05002E-1 6.62824E-1 7.31673E-1 6.479E-1 5.57189E-1 5.40638E-1 5.45616E-1 5.46921E-1 5.66323E-1 5.88823E-1 6.08043E-1 6.4847E-1 6.5055E-1 7.04736E-1 7.76251E-1 8.25993E-1 8.30676E-1 8.11202E-1 8.32657E-1 8.55874E-1 8.64686E-1 8.7039E-1
8.08686E-1 8.02363E-1 8.15025E-1 7.98928E-1 8.01117E-1 7.95115E-1 7.94508E-1 7.93192E-1 7.89001E-1 7.80478E-1 7.85987E-1 7.82317E-1 7.83625E-1 7.9687E-1 8.19078E-1 8.46451E-1 8.55515E-1 8.44034E-1 8.66725E-1 8.61256E-1 8.64421E-1 8.64711E-1 8.67374E-1 8.415E-1 8.28229E-1 8.099E-1 7.79441E-1 7.66347E-1 7.00777E-1 6.47814E-1 5.81445E-1 5.74853E-1 6.39304E-1 7.45591E-1 7.79376E-1 7.38424E-1 7.7536E-1 7.23553E-1 6.48606E-1 5.82228E-1 6.18925E-1 6.68167E-1 5.95553E-1 5.74327E-1 5.6556E-1 5.76636E-1 5.62255E-1 5.93028E-1 6.29833E-1 6.38452E-1 6.47088E-1 6.91363E-1 7.79915E-1 8.36238E-1 8.66375E-1 8.70322E-1 8.70514E-1 8.71738E-1 8.72181E-1 8.762E-1 8.74662E-1
8.36802E-1 8.32864E-1 8.47045E-1 8.34877E-1 8.43228E-1 8.38379E-1 8.30325E-1 8.40044E-1 8.4665E-1 8.32489E-1 8.41866E-1 8.38648E-1 8.38693E-1 8.39947E-1 8.59201E-1 8.63566E-1 8.27493E-1 8.75952E-1 8.78305E-1 8.67234E-1 8.59628E-1 8.53354E-1 8.28733E-1 8.08316E-1 7.90005E-1 7.66776E-1 6.94661E-1 6.45743E-1 6.12585E-1 5.73551E-1 5.7675E-1 6.17216E-1 7.09863E-1 7.61393E-1 7.71825E-1 7.94571E-1 7.78568E-1 7.06209E-1 5.86121E-1 7.04743E-1 6.61648E-1 5.88979E-1 6.20227E-1 6.05519E-1 5.84349E-1 6.46794E-1 6.21537E-1 6.58611E-1 6.44206E-1 6.64708E-1 7.6307E-1 8.09853E-1 8.43213E-1 8.77768E-1 9.01694E-1 9.18725E-1 9.19696E-1 9.09922E-1 8.87227E-1 8.43677E-1 8.24055E-1
8.36592E-1 8.3125E-1 8.50422E-1 8.43861E-1 8.5485E-1 8.49753E-1 8.36106E-1 8.49153E-1 8.57911E-1 8.69904E-1 8.73427E-1 8.69407E-1 8.55813E-1 8.52918E-1 8.6525E-1 8.75048E-1 8.74938E-1 8.87781E-1 8.8269E-1 8.65707E-1 8.52724E-1 8.33556E-1 8.07172E-1 8.0304E-1 7.74978E-1 7.00549E-1 6.65198E-1 6.1193E-1 6.20072E-1 6.14969E-1 5.90318E-1 5.86023E-1 7.55086E-1 7.65248E-1 7.87135E-1 7.88357E-1 7.79411E-1 6.874E-1 6.81449E-1 6.42186E-1 6.92795E-1 6.14197E-1 6.85348E-1 7.03809E-1 6.84177E-1 6.85305E-1 6.4079E-1 6.78967E-1 7.16482E-1 7.64691E-1 8.26207E-1 8.23344E-1 8.62516E-1 9.01808E-1 9.20462E-1 9.31871E-1 9.32762E-1 9.18299E-1 8.65444E-1 8.20569E-1 7.78289E-1
7.97313E-1 8.23968E-1 8.35074E-1 8.29275E-1 8.53949E-1 8.61979E-1 8.50723E-1 8.55133E-1 8.71574E-1 8.90549E-1 9.08938E-1 8.91001E-1 8.80261E-1 8.80584E-1 9.02168E-1 9.02159E-1 8.95391E-1 8.93773E-1 8.84484E-1 8.67241E-1 8.4952E-1 8.24592E-1 8.16073E-1 8.03105E-1 7.46794E-1 6.83149E-1 6.54943E-1 6.69044E-1 6.91669E-1 6.47278E-1 5.97319E-1 5.74037E-1 6.33332E-1 7.53327E-1 8.13083E-1 7.94241E-1 7.5779E-1 6.10184E-1 7.18056E-1 7.59658E-1 7.17759E-1 6.68093E-1 7.4976E-1 7.45324E-1 7.28233E-1 6.45405E-1 5.91898E-1 5.56309E-1 6.79858E-1 8.3629E-1 8.43528E-1 8.62325E-1 8.78446E-1 9.03642E-1 9.16881E-1 9.35932E-1 9.34323E-1 9.06659E-1 8.59499E-1 8.05724E-1 7.78156E-1
7.75003E-1 7.9515E-1 7.94792E-1 8.20947E-1 8.48364E-1 8.58521E-1 8.41177E-1 8.59405E-1 8.81455E-1 9.16666E-1 9.19439E-1 9.0119E-1 8.99243E-1 8.87912E-1 8.22193E-1 6.24262E-1 8.1442E-1 8.8998E-1 8.75272E-1 8.63558E-1 8.53871E-1 8.41828E-1 8.26808E-1 7.82878E-1 6.86125E-1 6.66328E-1 6.68601E-1 6.75737E-1 6.65095E-1 6.3857E-1 6.0187E-1 5.69006E-1 6.26656E-1 7.75464E-1 8.30754E-1 7.57223E-1 7.70089E-1 5.98356E-1 6.8239E-1 7.41583E-1 7.06168E-1 7.33524E-1 7.59855E-1 7.37072E-1 6.47188E-1 6.00092E-1 6.24657E-1 7.47962E-1 7.96767E-1 8.41646E-1 8.49322E-1 8.64906E-1 8.83858E-1 9.04235E-1 8.97105E-1 8.95245E-1 9.0259E-1 8.80258E-1 8.51458E-1 8.01402E-1 7.72741E-1
8.29423E-1 8.66517E-1 8.58601E-1 8.56647E-1 8.49731E-1 7.94195E-1 6.84099E-1 6.71299E-1 6.14672E-1 6.30278E-1 8.05697E-1 8.61093E-1 9.05336E-1 7.23223E-1 5.32388E-1 5.57233E-1 5.94808E-1 8.14532E-1 8.66303E-1 8.35692E-1 7.84736E-1 8.51764E-1 8.58004E-1 7.80948E-1 6.66479E-1 6.59048E-1 6.54059E-1 6.81237E-1 6.76534E-1 6.80819E-1 6.63637E-1 6.59344E-1 7.91872E-1 8.11667E-1 8.35298E-1 7.70565E-1 8.02953E-1 6.23233E-1 7.28949E-1 8.25783E-1 7.84293E-1 8.14244E-1 8.01418E-1 7.59557E-1 7.35237E-1 7.28511E-1 6.83795E-1 7.83009E-1 8.02018E-1 8.14359E-1 8.2169E-1 8.66752E-1 8.68644E-1 8.62095E-1 8.63346E-1 8.81796E-1 8.66796E-1 8.26692E-1 8.11809E-1 6.99966E-1 3.90417E-1
6.4028E-1 5.30213E-1 5.23743E-1 5.18122E-1 5.49563E-1 5.59715E-1 5.60273E-1 5.61693E-1 5.65813E-1 5.59864E-1 5.5418E-1 5.66207E-1 5.69067E-1 5.35945E-1 5.33841E-1 5.29513E-1 5.33569E-1 7.97821E-1 8.38008E-1 7.27751E-1 6.45207E-1 6.88949E-1 8.61476E-1 7.8058E-1 6.74451E-1 6.74759E-1 6.79958E-1 6.59059E-1 6.78238E-1 7.33761E-1 7.33889E-1 8.17843E-1 8.5021E-1 8.28911E-1 8.71936E-1 8.24209E-1 8.1527E-1 6.80137E-1 7.41681E-1 8.30275E-1 8.6629E-1 8.66157E-1 8.0543E-1 7.82508E-1 8.27391E-1 8.50259E-1 8.54323E-1 8.00884E-1 8.11162E-1 7.97867E-1 8.04192E-1 8.28521E-1 8.49934E-1 8.66455E-1 8.20674E-1 8.07165E-1 8.18103E-1 7.39898E-1 -9999 3.49004E-1 -9999
4.41702E-1 4.84592E-1 5.2286E-1 5.53873E-1 5.71054E-1 5.7595E-1 5.78263E-1 5.96413E-1 6.15246E-1 6.18441E-1 6.10946E-1 6.01781E-1 5.85687E-1 5.86464E-1 5.97952E-1 5.94885E-1 6.56773E-1 8.06416E-1 8.3832E-1 7.33415E-1 6.74183E-1 6.01857E-1 7.32705E-1 7.89924E-1 7.05141E-1 6.70042E-1 6.55019E-1 6.6324E-1 7.159E-1 7.26825E-1 7.44026E-1 8.53373E-1 8.72541E-1 8.77773E-1 8.71105E-1 8.3645E-1 8.16342E-1 8.08808E-1 6.94913E-1 8.25331E-1 8.97993E-1 8.81857E-1 8.34383E-1 8.0614E-1 8.46115E-1 8.69168E-1 9.02593E-1 8.90834E-1 8.24615E-1 8.07035E-1 7.9803E-1 8.1492E-1 8.51131E-1 8.76379E-1 -9999 -9999 -9999 -9999 -9999 -9999 -9999
4.68556E-1 5.43522E-1 6.55461E-1 7.83561E-1 8.00764E-1 7.82986E-1 7.83907E-1 7.9904E-1 7.52015E-1 6.62893E-1 6.62342E-1 6.489E-1 6.15334E-1 6.3569E-1 7.35291E-1 9.28643E-1 9.2463E-1 9.11394E-1 8.79243E-1 8.36974E-1 8.13018E-1 7.61315E-1 7.51901E-1 7.84656E-1 7.69422E-1 7.11812E-1 6.92656E-1 7.15318E-1 7.58448E-1 8.43009E-1 8.11247E-1 8.89764E-1 9.07E-1 8.90937E-1 8.48655E-1 8.45669E-1 8.17023E-1 7.85071E-1 7.5778E-1 8.71243E-1 9.08716E-1 8.72013E-1 8.6047E-1 8.60681E-1 8.83262E-1 8.90184E-1 8.82609E-1 8.73619E-1 8.56097E-1 8.3095E-1 8.2166E-1 8.39911E-1 8.60998E-1 -9999 -9999 -9999 -9999 -9999 -9999 -9999 -9999
8.87656E-1 9.38768E-1 9.347E-1 9.21641E-1 9.01799E-1 8.71365E-1 8.44321E-1 8.36389E-1 8.83784E-1 9.11104E-1 9.05876E-1 8.90454E-1 8.71746E-1 8.89148E-1 9.09339E-1 9.23885E-1 9.34803E-1 9.34906E-1 9.35841E-1 9.24078E-1 9.06399E-1 8.85426E-1 8.88269E-1 8.61504E-1 8.49857E-1 7.94356E-1 7.77016E-1 7.92815E-1 7.97027E-1 9.00699E-1 9.11048E-1 9.11102E-1 9.15717E-1 8.51474E-1 8.48083E-1 8.5222E-1 7.95899E-1 7.38785E-1 8.00853E-1 8.97009E-1 9.15176E-1 8.62337E-1 8.42486E-1 8.90697E-1 9.13712E-1 9.17327E-1 9.10113E-1 9.05952E-1 8.99348E-1 8.65093E-1 8.60568E-1 8.78341E-1 -9999 -9999 -9999 -9999 -9999 -9999 -9999 -9999 -9999
9.31734E-1 9.44175E-1 9.41308E-1 9.17355E-1 8.84542E-1 8.42447E-1 8.11611E-1 8.2023E-1 8.54535E-1 8.72875E-1 8.70889E-1 8.58837E-1 8.53591E-1 8.71963E-1 8.95486E-1 9.03309E-1 9.10635E-1 9.17876E-1 9.14156E-1 9.09985E-1 8.92653E-1 8.77796E-1 8.85313E-1 8.91911E-1 8.90761E-1 8.82264E-1 8.92434E-1 8.88563E-1 9.06492E-1 9.33178E-1 9.29495E-1 9.22134E-1 9.08683E-1 8.59623E-1 8.40798E-1 8.59187E-1 7.74058E-1 7.01968E-1 8.44869E-1 8.81964E-1 9.14727E-1 8.70919E-1 8.49961E-1 8.95996E-1 9.12301E-1 9.19382E-1 9.22346E-1 9.28475E-1 9.24653E-1 9.18678E-1 9.16259E-1 9.06576E-1 -9999 -9999 -9999 -9999 -9999 -9999 -9999 -9999 -9999
9.08789E-1 9.24638E-1 9.34211E-1 9.17634E-1 8.6617E-1 8.25595E-1 7.97807E-1 7.91763E-1 7.94714E-1 8.03982E-1 8.12127E-1 8.22086E-1 8.32152E-1 8.49429E-1 8.73294E-1 8.66929E-1 8.69491E-1 8.85207E-1 8.8467E-1 8.76064E-1 8.4393E-1 8.57606E-1 8.59319E-1 8.50456E-1 8.64299E-1 8.84107E-1 8.9252E-1 8.88384E-1 9.05021E-1 9.08059E-1 9.16827E-1 9.09169E-1 8.9574E-1 8.595E-1 8.41928E-1 8.68488E-1 7.13208E-1 6.89322E-1 8.0618E-1 9.08405E-1 9.15632E-1 9.0462E-1 8.58149E-1 8.87755E-1 9.0332E-1 9.13264E-1 9.07013E-1 9.3094E-1 9.35963E-1 9.38775E-1 9.36252E-1 7.91217E-1 -9999 -9999 -9999 -9999 -9999 -9999 -9999 -9999 -9999
6.51228E-1 9.17727E-1 9.16615E-1 8.77385E-1 8.29547E-1 7.91013E-1 7.82958E-1 7.74275E-1 7.78868E-1 7.4352E-1 7.39525E-1 7.86189E-1 8.03575E-1 8.25322E-1 8.39551E-1 8.40777E-1 8.46621E-1 8.38147E-1 8.51399E-1 8.35147E-1 8.13358E-1 8.39342E-1 8.4093E-1 8.36462E-1 8.38524E-1 8.64388E-1 8.5089E-1 8.81777E-1 8.96515E-1 9.04412E-1 9.0415E-1 8.87341E-1 8.61385E-1 8.73394E-1 8.78194E-1 8.81434E-1 8.0716E-1 7.84099E-1 8.27622E-1 8.98235E-1 9.14721E-1 8.89943E-1 8.79978E-1 8.76556E-1 9.05241E-1 9.03986E-1 9.0896E-1 9.25301E-1 9.37786E-1 9.50343E-1 9.54702E-1 9.35565E-1 -9999 -9999 -9999 -9999 -9999 -9999 -9999 -9999 -9999
8.8324E-1 8.75611E-1 8.4957E-1 8.21178E-1 7.89271E-1 7.5163E-1 7.49573E-1 7.47941E-1 7.56991E-1 7.13383E-1 6.99302E-1 7.11025E-1 7.81033E-1 7.90837E-1 8.03268E-1 8.32913E-1 8.45321E-1 8.62051E-1 8.59924E-1 8.55152E-1 8.36969E-1 8.51298E-1 8.52799E-1 8.45026E-1 8.35969E-1 8.3464E-1 8.12919E-1 8.26364E-1 8.73108E-1 8.835E-1 8.9282E-1 8.87527E-1 8.45419E-1 8.78733E-1 8.87098E-1 8.74028E-1 8.40516E-1 8.44581E-1 8.76417E-1 9.09825E-1 9.14323E-1 9.12528E-1 8.94922E-1 8.98446E-1 9.06433E-1 9.032E-1 9.12552E-1 9.23665E-1 9.46043E-1 9.57039E-1 9.56114E-1 9.50071E-1 -9999 -9999 -9999 -9999 -9999 -9999 -9999 -9999 -9999
8.30953E-1 8.45665E-1 8.12965E-1 7.71462E-1 7.37088E-1 7.17866E-1 7.06539E-1 6.78145E-1 7.02251E-1 6.81721E-1 6.9504E-1 7.24551E-1 7.51216E-1 7.65088E-1 7.82839E-1 8.12735E-1 8.4527E-1 8.52142E-1 8.74628E-1 8.84696E-1 8.68884E-1 8.67475E-1 8.65602E-1 8.53628E-1 8.41565E-1 8.09592E-1 7.85522E-1 8.02547E-1 8.47545E-1 8.66808E-1 8.89052E-1 8.87131E-1 8.57672E-1 8.83143E-1 9.05846E-1 9.01583E-1 8.46979E-1 8.45773E-1 8.83527E-1 9.13231E-1 9.17616E-1 9.32455E-1 9.063E-1 9.08883E-1 9.08016E-1 9.01401E-1 9.11736E-1 9.22194E-1 9.40582E-1 9.60272E-1 -9999 -9999 -9999 -9999 -9999 -9999 -9999 -9999 -9999 -9999 -9999
8.03479E-1 7.86113E-1 7.59959E-1 7.40601E-1 7.1163E-1 6.89787E-1 6.82814E-1 6.52425E-1 6.58636E-1 6.83976E-1 6.91129E-1 7.15199E-1 7.38761E-1 7.67774E-1 7.96574E-1 8.02468E-1 8.43441E-1 8.70891E-1 8.91729E-1 9.04378E-1 8.94489E-1 8.79261E-1 8.65524E-1 8.42047E-1 8.07618E-1 7.92395E-1 7.68559E-1 7.83543E-1 8.16344E-1 8.33428E-1 8.6868E-1 9.00115E-1 8.66224E-1 9.0398E-1 9.11129E-1 9.01236E-1 8.56698E-1 8.70366E-1 9.13003E-1 9.12852E-1 9.23611E-1 9.21282E-1 9.11401E-1 9.0701E-1 8.99848E-1 9.07173E-1 9.18629E-1 9.24508E-1 9.43804E-1 9.55214E-1 9.51525E-1 -9999 -9999 -9999 -9999 -9999 -9999 -9999 -9999 -9999 -9999
8.11236E-1 8.05603E-1 7.56274E-1 7.59656E-1 7.46706E-1 6.76898E-1 6.45066E-1 6.4696E-1 6.25549E-1 6.54153E-1 6.86343E-1 7.23685E-1 7.62645E-1 7.97728E-1 8.26264E-1 8.3801E-1 8.60255E-1 8.82253E-1 9.04277E-1 9.10902E-1 8.98949E-1 8.79685E-1 8.62529E-1 8.5849E-1 8.34648E-1 8.19393E-1 8.00337E-1 7.48513E-1 7.78921E-1 8.67262E-1 9.14642E-1 8.89652E-1 8.94044E-1 8.96355E-1 9.1501E-1 9.0001E-1 8.67852E-1 8.88044E-1 9.08648E-1 9.0595E-1 9.19843E-1 9.09312E-1 9.09048E-1 9.02843E-1 9.07318E-1 9.04205E-1 9.13267E-1 9.27834E-1 9.32563E-1 9.44378E-1 9.4266E-1 9.39366E-1 -9999 9.09254E-1 8.65448E-1 -9999 -9999 -9999 -9999 -9999 -9999
8.00675E-1 7.84528E-1 7.38415E-1 7.41295E-1 7.22597E-1 6.83293E-1 6.46112E-1 6.30924E-1 6.41379E-1 6.77451E-1 7.02299E-1 7.27123E-1 7.53492E-1 7.61858E-1 8.14294E-1 8.48095E-1 8.63982E-1 8.58726E-1 8.66193E-1 8.68561E-1 8.78903E-1 8.58815E-1 8.36239E-1 8.73555E-1 8.46569E-1 8.15157E-1 7.85697E-1 7.79306E-1 7.81707E-1 9.18784E-1 9.08375E-1 8.82619E-1 8.90966E-1 8.90647E-1 9.09667E-1 8.91536E-1 9.06481E-1 9.20644E-1 9.1218E-1 9.05652E-1 9.18523E-1 9.11174E-1 9.06978E-1 9.06044E-1 9.08879E-1 9.24577E-1 9.26541E-1 9.31925E-1 9.32781E-1 9.38578E-1 9.34935E-1 9.42611E-1 -9999 -9999 8.32022E-1 7.81203E-1 -9999 -9999 -9999 -9999 -9999
7.86068E-1 7.54952E-1 7.29232E-1 7.1729E-1 7.08057E-1 6.88206E-1 6.66647E-1 6.53881E-1 6.75406E-1 7.01679E-1 6.98667E-1 7.05995E-1 7.30694E-1 7.39673E-1 8.21503E-1 8.45842E-1 8.6204E-1 8.61924E-1 8.62584E-1 8.57848E-1 8.63964E-1 8.42989E-1 8.13341E-1 8.57929E-1 8.81749E-1 8.69774E-1 8.55565E-1 8.77887E-1 8.99277E-1 9.00712E-1 8.64148E-1 8.59145E-1 8.60544E-1 9.01207E-1 9.17017E-1 9.06824E-1 9.13464E-1 9.26389E-1 9.20067E-1 9.19682E-1 9.21729E-1 9.18827E-1 9.13805E-1 9.12898E-1 9.21835E-1 9.41045E-1 9.34457E-1 9.45268E-1 9.41203E-1 9.40733E-1 9.44658E-1 9.52358E-1 9.50265E-1 9.3265E-1 8.83861E-1 8.10951E-1 -9999 -9999 -9999 -9999 -9999
7.68928E-1 7.455E-1 7.24473E-1 7.23121E-1 7.30011E-1 7.48299E-1 7.43716E-1 7.32324E-1 7.26184E-1 7.1485E-1 7.37473E-1 7.15719E-1 7.19859E-1 7.67604E-1 7.75886E-1 7.91779E-1 8.16014E-1 8.50496E-1 8.68624E-1 8.63568E-1 8.61221E-1 8.5594E-1 8.51132E-1 8.79531E-1 8.96138E-1 8.90808E-1 8.87087E-1 9.01067E-1 8.93132E-1 8.38715E-1 8.52248E-1 8.55783E-1 8.58875E-1 9.04854E-1 9.13638E-1 9.14335E-1 9.15412E-1 9.22122E-1 9.23337E-1 9.31182E-1 9.2324E-1 9.19102E-1 9.23306E-1 9.2856E-1 9.37646E-1 9.32524E-1 9.39254E-1 9.47352E-1 9.44878E-1 9.4584E-1 9.51133E-1 9.51732E-1 9.5145E-1 9.46701E-1 8.92863E-1 6.3554E-1 -9999 -9999 -9999 -9999 -9999
7.80224E-1 7.69314E-1 7.66961E-1 7.69621E-1 7.76432E-1 7.8928E-1 7.90957E-1 7.89098E-1 7.85267E-1 7.72526E-1 7.85854E-1 7.84496E-1 8.1124E-1 8.36406E-1 8.24521E-1 8.07503E-1 7.67488E-1 7.46213E-1 8.16275E-1 8.61163E-1 8.6234E-1 8.65032E-1 8.512E-1 8.87055E-1 8.87746E-1 9.01719E-1 9.03793E-1 8.95981E-1 8.48089E-1 8.41457E-1 8.81456E-1 8.98068E-1 8.97603E-1 8.97421E-1 9.01822E-1 9.10438E-1 9.2033E-1 9.27593E-1 9.2605E-1 9.27415E-1 9.28493E-1 9.27407E-1 9.4082E-1 9.44135E-1 9.42188E-1 9.34926E-1 9.36918E-1 9.49902E-1 9.54213E-1 8.77356E-1 9.1514E-1 9.56314E-1 8.99889E-1 5.79667E-1 6.68603E-1 -9999 -9999 -9999 -9999 -9999 -9999
8.16134E-1 8.13229E-1 8.05099E-1 7.96931E-1 7.96022E-1 7.81527E-1 8.12454E-1 8.24856E-1 8.15852E-1 8.35334E-1 8.39457E-1 8.4652E-1 8.49472E-1 8.59538E-1 8.49436E-1 8.45624E-1 8.3893E-1 8.3396E-1 8.47259E-1 8.5614E-1 8.55264E-1 8.0757E-1 8.21245E-1 8.6397E-1 8.83966E-1 9.02157E-1 9.00509E-1 8.76656E-1 8.70468E-1 8.90467E-1 9.00767E-1 9.02654E-1 8.78048E-1 9.02456E-1 9.11902E-1 9.20396E-1 9.29239E-1 9.31164E-1 9.30789E-1 9.32711E-1 9.3624E-1 9.44158E-1 9.52235E-1 9.52843E-1 9.50718E-1 9.28877E-1 -9999 -9999 -9999 -9999 8.84544E-1 -9999 -9999 7.61385E-1 8.18059E-1 8.08466E-1 -9999 -9999 -9999 -9999 -9999
8.29931E-1 8.37113E-1 8.28969E-1 8.12661E-1 8.27836E-1 8.28306E-1 8.36078E-1 8.33659E-1 8.59499E-1 8.52828E-1 8.55698E-1 8.56611E-1 8.67212E-1 8.44467E-1 8.09438E-1 8.3221E-1 8.1876E-1 8.47164E-1 8.46434E-1 8.25817E-1 8.0792E-1 8.06749E-1 8.37962E-1 8.88471E-1 9.01825E-1 8.94876E-1 8.71164E-1 9.01405E-1 9.18517E-1 9.06418E-1 8.8673E-1 9.25425E-1 9.15118E-1 9.15517E-1 9.11088E-1 9.29555E-1 9.66002E-1 -9999 -9999 9.57592E-1 9.61813E-1 9.59253E-1 9.53596E-1 9.44732E-1 -9999 9.56204E-1 -9999 -9999 -9999 -9999 -9999 -9999 -9999 -9999 -9999 -9999 -9999 -9999 -9999 -9999 -9999
8.25355E-1 8.29014E-1 8.39949E-1 8.42417E-1 8.4214E-1 8.43125E-1 8.51659E-1 8.85796E-1 8.68367E-1 8.64176E-1 8.58671E-1 8.71258E-1 8.53211E-1 8.32751E-1 8.49007E-1 8.35475E-1 8.27586E-1 8.41887E-1 8.2818E-1 8.23779E-1 8.51305E-1 8.74186E-1 8.7564E-1 8.84821E-1 8.77314E-1 8.69002E-1 8.87064E-1 9.06532E-1 9.02121E-1 8.88772E-1 8.62614E-1 9.30693E-1 9.13534E-1 9.45672E-1 9.61212E-1 9.65429E-1 9.69457E-1 9.59033E-1 9.54829E-1 9.4943E-1 9.576E-1 9.5439E-1 9.56938E-1 -9999 -9999 -9999 -9999 -9999 -9999 -9999 -9999 -9999 -9999 -9999 -9999 -9999 -9999 -9999 -9999 -9999 -9999
8.09373E-1 8.27924E-1 8.41261E-1 8.54425E-1 8.55151E-1 8.80536E-1 8.87751E-1 8.91094E-1 8.97443E-1 8.78981E-1 8.85697E-1 8.85117E-1 8.75891E-1 8.62696E-1 8.66441E-1 8.59584E-1 8.52732E-1 8.50576E-1 8.59818E-1 8.74436E-1 8.7169E-1 8.50873E-1 8.46094E-1 8.24532E-1 8.69527E-1 8.73851E-1 8.53608E-1 8.61222E-1 8.63136E-1 8.79779E-1 8.85654E-1 9.20497E-1 9.31385E-1 9.24497E-1 9.41664E-1 9.54522E-1 9.57335E-1 9.51156E-1 9.47264E-1 9.43045E-1 -9999 -9999 -9999 -9999 -9999 -9999 -9999 -9999 -9999 -9999 -9999 -9999 -9999 -9999 -9999 -9999 -9999 -9999 -9999 -9999 -9999
8.23584E-1 8.40535E-1 8.53405E-1 8.68214E-1 8.91265E-1 9.01727E-1 8.95018E-1 9.0061E-1 8.99212E-1 8.83536E-1 8.66773E-1 8.77804E-1 8.72389E-1 8.77229E-1 8.80347E-1 8.7798E-1 8.73187E-1 8.79869E-1 8.71832E-1 8.64711E-1 8.49882E-1 8.29997E-1 8.60579E-1 8.71586E-1 8.64559E-1 8.52109E-1 7.6143E-1 7.85275E-1 8.23578E-1 8.60588E-1 9.0814E-1 9.27394E-1 9.23016E-1 9.24427E-1 9.4137E-1 9.4132E-1 8.12333E-1 -9999 -9999 -9999 -9999 -9999 -9999 -9999 -9999 -9999 -9999 -9999 -9999 -9999 -9999 -9999 -9999 -9999 -9999 -9999 -9999 -9999 -9999 -9999 -9999
