data/maxent/outputs/red_82.asc
ncols         426
nrows         180
xllcorner     -130.0
yllcorner     24.0
cellsize      0.16666666666666666
NODATA_value  -9999
[rows 108 to 134 of 180, columns 61 to 121 of 426]
8.03349E-2 1.70584E-1 9.52619E-2 1.55242E-1 2.13268E-1 3.95277E-1 7.91889E-1 4.19902E-1 5.25817E-1 1.30457E-1 2.53178E-1 5.15464E-1 3.65057E-1 4.77575E-1 4.62523E-1 4.62377E-1 5.6857E-1 4.9806E-1 7.03409E-1 5.2949E-1 3.65201E-1 1.59841E-1 2.20332E-1 8.66296E-2 6.69837E-2 2.23864E-1 2.25762E-1 2.24739E-1 3.79117E-1 4.85826E-1 6.76506E-1 6.26429E-1 5.40882E-1 4.44509E-1 2.65413E-1 7.57313E-2 1.6732E-1 1.92135E-1 1.04236E-1 1.39385E-1 1.08355E-2 1.82681E-3 8.8179E-4 9.65041E-4 1.12446E-3 1.03661E-3 6.5034E-4 1.87991E-3 4.41321E-3 1.34084E-2 1.52786E-2 7.42791E-3 4.4208E-3 4.08723E-3 3.36492E-3 4.82838E-3 2.96054E-3 3.38322E-3 3.68509E-3 8.65802E-3 2.4457E-3
1.02786E-1 1.31295E-1 1.30618E-1 2.02336E-1 2.1653E-1 3.85924E-1 5.67228E-1 5.22817E-1 7.78521E-1 6.38893E-1 6.17614E-1 5.40121E-1 7.19436E-2 1.55886E-1 3.77554E-1 4.01952E-1 4.34322E-1 4.00163E-1 3.94795E-1 5.3925E-1 5.33867E-1 4.14593E-1 2.98068E-1 4.14397E-1 2.11815E-1 9.0638E-2 2.34905E-1 2.30603E-1 4.24274E-1 4.68383E-1 6.87974E-1 6.43399E-1 4.00413E-1 3.57555E-1 1.78143E-1 1.34801E-1 7.90474E-2 1.29224E-1 1.78161E-1 1.12296E-1 1.19019E-2 3.84563E-3 1.92196E-3 7.85066E-4 8.45512E-4 5.20911E-4 5.71807E-4 7.70781E-4 1.64623E-3 8.61134E-3 1.10334E-2 8.03778E-3 7.13695E-3 4.23035E-3 3.40992E-3 1.99499E-3 1.42752E-3 4.20076E-3 2.92584E-3 2.84796E-3 2.93937E-3
3.13974E-1 2.02705E-1 2.21915E-1 2.22792E-1 3.52773E-1 4.16372E-1 6.24687E-1 7.00178E-1 7.58668E-1 6.18637E-1 6.01663E-1 4.0683E-1 3.22687E-1 2.69296E-1 2.63112E-1 2.90954E-1 3.15633E-1 3.67948E-1 2.90637E-1 4.03163E-1 4.70906E-1 4.08506E-1 2.63668E-1 2.80695E-1 1.89528E-1 2.98085E-1 2.0008E-1 3.50422E-1 3.70684E-1 4.4843E-1 7.11519E-1 6.99112E-1 3.4411E-1 3.62551E-1 1.45326E-1 8.12235E-2 9.59939E-2 2.90486E-2 3.9216E-2 9.94423E-3 9.12989E-3 4.28228E-3 3.20277E-3 1.75558E-3 1.14898E-3 1.00261E-3 1.08907E-3 1.35697E-3 2.65856E-3 8.77069E-3 1.39547E-2 7.76E-3 5.77287E-3 4.10244E-3 2.93901E-3 2.83471E-3 3.84335E-3 4.3952E-3 2.36134E-3 1.31155E-3 2.26015E-3
3.65475E-1 2.39523E-1 2.0184E-1 1.86566E-1 4.44715E-1 4.2682E-1 7.25338E-1 7.56719E-1 6.52515E-1 5.58542E-1 5.55701E-1 5.268E-1 4.53667E-1 4.69394E-1 2.76162E-1 3.08272E-1 3.27661E-1 2.396E-1 2.62851E-1 3.12932E-1 2.69039E-1 4.07711E-1 3.45089E-1 3.6473E-1 2.11172E-1 2.02858E-1 2.44949E-1 3.01563E-1 3.9659E-1 4.71377E-1 6.56818E-1 6.81017E-1 5.05658E-1 3.59501E-1 3.43795E-1 7.38938E-2 1.25305E-1 3.84418E-2 2.21327E-2 5.12492E-3 4.5201E-3 9.06933E-3 9.58584E-3 4.84157E-3 6.1167E-3 4.25977E-3 3.83325E-3 1.83928E-3 1.5028E-3 3.86066E-3 8.21631E-3 1.46155E-2 7.65021E-3 3.62782E-3 2.49646E-3 3.29969E-3 8.01589E-3 9.68643E-3 6.22885E-3 2.02255E-3 2.28048E-3
4.13692E-1 4.56538E-1 4.33917E-1 1.71504E-1 3.6971E-1 3.76246E-1 6.62822E-1 7.18743E-1 6.9866E-1 6.9287E-1 6.1165E-1 2.91228E-1 2.97533E-1 1.45472E-1 1.35551E-1 2.40365E-1 6.01484E-2 1.20293E-1 2.58664E-1 2.8946E-1 1.95055E-1 4.34382E-1 3.0756E-1 2.82336E-1 3.25474E-1 2.62362E-1 2.79531E-1 3.29659E-1 3.89596E-1 5.25716E-1 6.48648E-1 7.56433E-1 6.85084E-1 2.9515E-1 4.12226E-1 1.31011E-1 1.30039E-1 9.77199E-2 1.89066E-2 7.34296E-3 1.0994E-2 4.77015E-3 1.68123E-2 5.83733E-3 1.126E-2 1.78379E-2 5.72494E-3 9.30932E-4 1.55675E-3 4.44593E-3 4.73734E-3 1.49504E-2 1.78137E-2 4.18685E-3 1.85791E-3 4.03006E-3 6.17456E-3 1.01961E-2 4.65266E-3 3.01623E-3 2.44654E-3
3.11339E-1 2.95659E-1 5.16967E-1 4.77958E-1 4.89263E-1 5.07644E-1 7.22518E-1 5.57894E-1 5.47899E-1 6.07716E-1 3.73841E-1 1.17508E-1 7.89522E-2 9.89922E-2 6.01394E-2 5.2054E-2 1.23948E-1 2.30782E-1 1.42839E-1 2.01399E-1 1.94804E-1 2.64824E-1 1.86413E-1 2.87338E-1 4.19176E-1 3.90571E-1 4.2054E-1 4.81149E-1 3.86684E-1 5.58297E-1 7.03039E-1 7.91926E-1 7.39311E-1 4.06102E-1 4.70058E-1 3.18567E-1 1.71783E-1 1.60687E-1 7.49902E-2 1.6198E-2 9.64249E-3 1.69706E-2 7.25028E-3 1.6916E-2 1.19139E-2 4.89809E-2 2.91941E-2 2.14316E-2 7.36716E-3 3.83303E-3 6.13349E-3 1.37989E-2 1.67236E-2 8.90833E-3 4.05815E-3 2.69298E-3 2.7533E-3 4.517E-3 2.79139E-3 6.9605E-3 4.53422E-3
5.75108E-1 3.46065E-1 4.29944E-1 5.86525E-1 6.37019E-1 7.45096E-1 7.98729E-1 6.97517E-1 6.63288E-1 5.5459E-1 3.20471E-1 9.49584E-2 5.51907E-2 8.12184E-2 5.90577E-2 4.20585E-2 7.19191E-2 1.86177E-1 2.0632E-1 1.18282E-1 3.5247E-1 3.91156E-1 4.54532E-1 3.67508E-1 2.80307E-1 5.29826E-1 4.68779E-1 4.57504E-1 4.78758E-1 6.16905E-1 7.85781E-1 5.30458E-1 8.01264E-1 5.93864E-1 4.19556E-1 4.03609E-1 3.03125E-1 2.49314E-1 9.80368E-2 6.24592E-2 1.75897E-2 5.12669E-2 9.1003E-3 5.04732E-3 1.67895E-2 3.3918E-2 1.2185E-1 1.62582E-1 1.33111E-1 1.65042E-2 3.51279E-3 7.86152E-3 9.09818E-3 1.13623E-2 7.83061E-3 6.23532E-3 3.01205E-3 3.63574E-3 2.58689E-3 4.01145E-3 3.84356E-3
6.80064E-1 5.49131E-1 4.36216E-1 3.27007E-1 1.80587E-1 5.09202E-1 7.99344E-1 8.22285E-1 7.93877E-1 4.39504E-1 1.40202E-1 6.28321E-2 8.95195E-2 1.03725E-1 4.30527E-2 1.01264E-1 2.38218E-1 2.92757E-1 4.93395E-1 3.94633E-1 3.19484E-1 3.88627E-1 4.70078E-1 5.47575E-1 5.89629E-1 5.35494E-1 6.99195E-1 5.15477E-1 5.84272E-1 5.49297E-1 7.47123E-1 7.95568E-1 7.94369E-1 6.51379E-1 4.10658E-1 4.01259E-1 3.92271E-1 2.87343E-1 2.24253E-1 1.13886E-1 4.24978E-2 6.01796E-2 2.09028E-2 1.233E-2 1.06263E-2 5.932E-2 1.10812E-1 6.22761E-2 1.3682E-1 5.17485E-2 8.76198E-3 3.20057E-3 4.82005E-3 8.54587E-3 6.68814E-3 5.44114E-3 5.19787E-3 3.75823E-3 3.46735E-3 3.00472E-3 2.81983E-3
8.7168E-1 8.34776E-1 7.06818E-1 6.67729E-1 5.94557E-1 8.28537E-1 9.28999E-1 9.44642E-1 9.06044E-1 7.02038E-1 3.43925E-1 1.35601E-1 6.88592E-2 7.58169E-2 6.47483E-2 1.37194E-1 3.45312E-1 2.68012E-1 4.05287E-1 4.07571E-1 4.12344E-1 4.24033E-1 5.2282E-1 5.62055E-1 6.83602E-1 6.40134E-1 6.25282E-1 6.15786E-1 5.1489E-1 6.43805E-1 5.63029E-1 7.6307E-1 8.18058E-1 7.25658E-1 4.83289E-1 2.42344E-1 3.65482E-1 4.98645E-1 3.8053E-1 2.98198E-1 2.4304E-1 1.17557E-1 3.97933E-2 6.31317E-2 4.84517E-2 4.91665E-2 1.03903E-1 5.53777E-2 6.82899E-2 6.25306E-2 1.12203E-2 4.68276E-3 9.04239E-3 9.11351E-3 8.18486E-3 7.704E-3 2.80039E-3 4.02316E-3 4.36887E-3 6.2826E-3 6.08725E-3
8.26079E-1 9.72152E-1 9.7791E-1 9.34739E-1 9.18079E-1 8.629E-1 8.99895E-1 7.9642E-1 8.92552E-1 7.60371E-1 6.4135E-1 5.61943E-1 4.26466E-1 2.4793E-1 1.92673E-1 1.82637E-1 4.08917E-1 3.25763E-1 3.10421E-1 1.90309E-1 3.19264E-1 3.44295E-1 5.32414E-1 7.02368E-1 6.77263E-1 4.35828E-1 5.01259E-1 6.95722E-1 6.55824E-1 7.11645E-1 7.54559E-1 5.97611E-1 8.20092E-1 8.75833E-1 7.53959E-1 5.95991E-1 5.71257E-1 5.98346E-1 4.59147E-1 4.30449E-1 3.45255E-1 9.95958E-2 5.31308E-2 5.39676E-2 9.99199E-2 9.81779E-2 6.05668E-2 1.4807E-1 1.56036E-1 9.48524E-2 4.74355E-2 2.62786E-2 1.59454E-2 1.01267E-2 9.5615E-3 6.34587E-3 8.5225E-3 8.70865E-3 7.0477E-3 1.3235E-2 1.94963E-2
-9999 -9999 9.26787E-1 5.50913E-1 4.32043E-1 5.91878E-1 6.07404E-1 8.20681E-1 8.96421E-1 9.39335E-1 8.99108E-1 8.95438E-1 8.03131E-1 6.5712E-1 7.19186E-1 7.48536E-1 4.68702E-1 2.10838E-1 2.49977E-1 5.61567E-1 2.64696E-1 1.59231E-1 2.69505E-1 4.71247E-1 5.97262E-1 5.16928E-1 3.93055E-1 5.92899E-1 4.62932E-1 8.30836E-1 8.22681E-1 7.69055E-1 8.03038E-1 8.81544E-1 8.39763E-1 7.16837E-1 7.14419E-1 6.64984E-1 3.74394E-1 3.73506E-1 2.39564E-1 1.83628E-1 1.86997E-1 7.58228E-2 1.39457E-1 2.21558E-1 1.46686E-1 1.78451E-1 3.18173E-1 1.80675E-1 4.454E-2 4.00362E-2 5.42038E-2 3.41742E-2 2.06799E-2 2.33639E-2 2.23111E-2 2.65307E-2 2.01557E-2 1.71126E-2 1.56575E-2
8.80357E-1 6.90282E-1 4.10919E-1 7.09087E-1 5.30326E-1 7.60981E-1 7.12137E-1 9.19903E-1 9.25712E-1 8.89379E-1 8.93059E-1 8.88969E-1 8.62865E-1 8.52568E-1 8.26913E-1 8.00276E-1 6.97786E-1 4.04057E-1 3.82615E-1 7.28476E-1 5.57865E-1 3.97311E-1 4.64805E-1 4.79E-1 4.39561E-1 5.64748E-1 6.48512E-1 6.08461E-1 6.01355E-1 5.70955E-1 6.40666E-1 7.64124E-1 4.57712E-1 4.1403E-1 3.65893E-1 3.52227E-1 4.98814E-1 3.57685E-1 4.95263E-1 4.11285E-1 1.48135E-1 1.06614E-1 1.89441E-1 3.28064E-1 4.05158E-1 5.15016E-1 4.49567E-1 2.66646E-1 3.75262E-1 3.67097E-1 1.6968E-1 1.68026E-1 3.55781E-2 2.71971E-2 3.24782E-2 2.66002E-2 3.5819E-2 4.04722E-2 4.10706E-2 3.16033E-2 1.15998E-2
8.59502E-1 8.82667E-1 -9999 -9999 -9999 -9999 -9999 -9999 7.46992E-1 9.29491E-1 9.27429E-1 9.08693E-1 8.64968E-1 8.51458E-1 8.54743E-1 6.95059E-1 5.57368E-1 6.54692E-1 7.70749E-1 6.64475E-1 6.04222E-1 6.47972E-1 5.40791E-1 5.66146E-1 4.72138E-1 5.97487E-1 6.5062E-1 6.76618E-1 7.87476E-1 7.59729E-1 6.65987E-1 7.73091E-1 3.56791E-1 3.70592E-1 4.66565E-1 3.01454E-1 3.93955E-1 4.82837E-1 2.64797E-1 2.46931E-1 1.50987E-1 1.90245E-1 3.16308E-1 3.65106E-1 5.30859E-1 6.17691E-1 5.55739E-1 4.15658E-1 4.26561E-1 5.02258E-1 2.81855E-1 2.72717E-1 8.80471E-2 8.72435E-2 5.25041E-2 6.5677E-2 5.34535E-2 2.4176E-2 4.20672E-2 4.36187E-2 1.65975E-2
-9999 -9999 -9999 -9999 -9999 -9999 -9999 -9999 9.12516E-1 9.36901E-1 9.47497E-1 9.74724E-1 9.08467E-1 9.0877E-1 7.97457E-1 4.85354E-1 4.02611E-1 5.16042E-1 5.92303E-1 8.77363E-1 7.63102E-1 7.64518E-1 7.29432E-1 5.24503E-1 4.57967E-1 5.82349E-1 6.39554E-1 4.46459E-1 7.68618E-1 7.7127E-1 6.7439E-1 7.09446E-1 5.48057E-1 5.16444E-1 7.17769E-1 3.60043E-1 5.56603E-1 3.99923E-1 5.813E-1 5.34241E-1 4.98583E-1 3.64852E-1 2.95853E-1 2.88564E-1 4.85279E-1 6.21665E-1 5.576E-1 4.46268E-1 4.64846E-1 5.97469E-1 4.19107E-1 4.55039E-1 4.41289E-1 3.34155E-1 2.79478E-1 1.83455E-1 9.80612E-2 4.24481E-2 2.75367E-2 2.91546E-2 3.01933E-2
-9999 -9999 -9999 -9999 -9999 -9999 -9999 -9999 -9999 -9999 9.51011E-1 9.75409E-1 9.71461E-1 8.78578E-1 8.63675E-1 7.64112E-1 5.83636E-1 4.79783E-1 4.29882E-1 5.18243E-1 7.32259E-1 7.98689E-1 4.95665E-1 6.54029E-1 6.39323E-1 5.06369E-1 6.17725E-1 7.41683E-1 5.34752E-1 5.28092E-1 5.92376E-1 3.77516E-1 8.22248E-1 7.36926E-1 7.43446E-1 7.01898E-1 3.81844E-1 3.18327E-1 2.59893E-1 2.4243E-1 6.0912E-1 5.37592E-1 3.58025E-1 6.32026E-1 4.48359E-1 6.05259E-1 6.84736E-1 6.09463E-1 6.06777E-1 5.71564E-1 7.02817E-1 6.71943E-1 5.38146E-1 4.40054E-1 2.78444E-1 2.34124E-1 1.93851E-1 1.06803E-1 4.11934E-2 1.71089E-2 2.32981E-2
-9999 -9999 -9999 -9999 8.91132E-2 -9999 -9999 4.46068E-1 9.00139E-1 2.41972E-1 -9999 -9999 9.83149E-1 9.56073E-1 8.65555E-1 8.45008E-1 8.14552E-1 7.05151E-1 5.32292E-1 6.35556E-1 8.11029E-1 8.46871E-1 7.79038E-1 4.6464E-1 4.6077E-1 5.84917E-1 6.08594E-1 6.52285E-1 6.73852E-1 6.94523E-1 5.89357E-1 6.64235E-1 8.158E-1 4.81675E-1 7.3364E-1 6.60089E-1 7.44922E-1 6.15659E-1 6.31355E-1 5.90097E-1 3.8456E-1 4.42542E-1 2.79182E-1 2.52446E-1 3.11742E-1 3.94648E-1 6.88215E-1 6.63248E-1 5.82763E-1 5.64066E-1 6.38847E-1 6.55484E-1 5.19748E-1 4.12363E-1 3.60067E-1 2.19026E-1 1.41887E-1 9.18756E-2 5.93278E-2 4.7527E-2 1.00366E-2
-9999 4.91152E-1 5.87569E-1 -9999 -9999 -9999 -9999 -9999 5.07581E-1 8.39724E-1 -9999 -9999 -9999 -9999 9.68782E-1 8.94985E-1 8.19205E-1 7.38297E-1 4.5828E-1 5.24613E-1 8.407E-1 8.76761E-1 8.39239E-1 5.06104E-1 3.75968E-1 2.82756E-1 2.87512E-1 6.13671E-1 6.37411E-1 6.81763E-1 6.94414E-1 7.67799E-1 7.81921E-1 7.57879E-1 7.35276E-1 7.80044E-1 7.36828E-1 6.89768E-1 6.05459E-1 7.34229E-1 6.86426E-1 5.79067E-1 4.40365E-1 4.96244E-1 3.80956E-1 6.28244E-1 4.38448E-1 3.61949E-1 3.43051E-1 2.22069E-1 3.78578E-1 6.99643E-1 7.06886E-1 5.94508E-1 4.27775E-1 3.45937E-1 1.20636E-1 1.0205E-1 1.01306E-1 1.48111E-2 2.35631E-2
-9999 -9999 -9999 -9999 -9999 -9999 -9999 2.21818E-1 -9999 -9999 -9999 -9999 -9999 -9999 9.3493E-1 9.76925E-1 8.74489E-1 7.63371E-1 6.7971E-1 6.77976E-1 7.44221E-1 8.06273E-1 8.3104E-1 5.18794E-1 4.39093E-1 2.18649E-1 1.45626E-1 2.84824E-1 3.36238E-1 6.96429E-1 7.48949E-1 6.43829E-1 6.05329E-1 7.03562E-1 7.86204E-1 7.05455E-1 7.29467E-1 7.4467E-1 4.48034E-1 4.63214E-1 6.1632E-1 5.59836E-1 6.12917E-1 6.6847E-1 5.38796E-1 3.73153E-1 2.35187E-1 1.6185E-1 3.11082E-1 2.14572E-1 2.25053E-1 6.12433E-1 6.18505E-1 6.12534E-1 5.36033E-1 4.62253E-1 3.04661E-1 2.70774E-1 6.77878E-2 8.60933E-2 9.0375E-2
-9999 -9999 -9999 -9999 -9999 -9999 -9999 3.12875E-1 8.47059E-1 -9999 -9999 -9999 -9999 -9999 -9999 9.73707E-1 8.79278E-1 8.18379E-1 8.07077E-1 6.14508E-1 7.43916E-1 8.19301E-1 8.06208E-1 6.76895E-1 5.21178E-1 2.14215E-1 1.2995E-1 2.33608E-1 1.97763E-1 4.56413E-1 6.66345E-1 5.99793E-1 5.65188E-1 6.27261E-1 7.0192E-1 6.76856E-1 3.86203E-1 3.12738E-1 2.05237E-1 3.52371E-1 4.27066E-1 2.08742E-1 3.41276E-1 5.80604E-1 6.54224E-1 4.3542E-1 2.89658E-1 1.12468E-1 1.89762E-1 1.01916E-1 1.94141E-1 4.44537E-1 4.33668E-1 4.42095E-1 3.94045E-1 4.1351E-1 2.85131E-1 2.95596E-1 1.10572E-1 2.43903E-2 4.88689E-2
-9999 -9999 -9999 -9999 -9999 -9999 -9999 -9999 4.99712E-1 -9999 -9999 -9999 -9999 -9999 -9999 9.27705E-1 9.48102E-1 8.25133E-1 8.38822E-1 7.15857E-1 6.34344E-1 6.60607E-1 7.54695E-1 7.01368E-1 4.6674E-1 8.73116E-2 1.79846E-1 1.77008E-1 2.04998E-1 2.19774E-1 4.76501E-1 5.13231E-1 5.66922E-1 6.28522E-1 4.94174E-1 2.35123E-1 3.89756E-1 2.91911E-1 3.34949E-1 3.05976E-1 2.20638E-1 2.63707E-1 6.31644E-1 6.22437E-1 5.62881E-1 3.66093E-1 5.45969E-1 1.87166E-1 1.21575E-1 9.03974E-2 3.51956E-1 3.04938E-1 4.14294E-1 4.43427E-1 3.36357E-1 2.8706E-1 3.52289E-1 1.34776E-1 1.66912E-1 1.76142E-1 6.46128E-2
-9999 -9999 -9999 -9999 -9999 -9999 -9999 -9999 -9999 -9999 -9999 -9999 -9999 -9999 -9999 -9999 9.33309E-1 8.46882E-1 8.18095E-1 7.47768E-1 4.53532E-1 3.27363E-1 5.24935E-1 7.27777E-1 5.84997E-1 4.04626E-1 3.17762E-1 1.67772E-1 1.31454E-1 7.76465E-2 2.1234E-1 4.31483E-1 5.4763E-1 6.03572E-1 4.48634E-1 4.31962E-1 3.56555E-1 4.59747E-1 3.61344E-1 4.4028E-1 6.33264E-1 4.7601E-1 6.05144E-1 5.59354E-1 4.48571E-1 2.35042E-1 3.62909E-1 2.68206E-1 2.35285E-1 1.55192E-1 2.22691E-1 2.62494E-1 4.41512E-1 3.09259E-1 4.15708E-1 2.00556E-1 2.82046E-1 1.85327E-1 2.95329E-2 7.46496E-2 1.15058E-1
-9999 -9999 -9999 -9999 -9999 -9999 -9999 -9999 -9999 -9999 -9999 -9999 -9999 -9999 -9999 6.62125E-1 9.41426E-1 8.71211E-1 8.26804E-1 7.54853E-1 6.08476E-1 3.91281E-1 2.70414E-1 5.38416E-1 6.18265E-1 5.16273E-1 4.6144E-1 1.29423E-1 1.02938E-1 1.00237E-1 3.46103E-1 3.00708E-1 2.73701E-1 3.55486E-1 3.7055E-1 4.1506E-1 3.83507E-1 3.79922E-1 5.0097E-1 5.85769E-1 6.70444E-1 6.92594E-1 4.95159E-1 4.37041E-1 3.43558E-1 2.60703E-1 3.27515E-1 2.65526E-1 1.67928E-1 3.8512E-1 3.67668E-1 1.337E-1 3.83602E-1 4.63637E-1 4.40618E-1 2.94177E-1 1.17074E-1 2.10576E-1 1.0941E-1 1.53859E-2 6.86749E-2
-9999 -9999 -9999 -9999 -9999 -9999 -9999 -9999 -9999 -9999 -9999 -9999 -9999 -9999 -9999 -9999 8.41723E-1 9.2154E-1 9.00014E-1 8.07206E-1 6.84114E-1 5.83398E-1 2.69266E-1 6.28237E-1 7.16644E-1 4.21656E-1 5.22943E-1 1.16179E-1 5.90789E-2 1.20436E-1 1.62751E-1 3.03979E-1 2.71911E-1 1.24396E-1 4.00111E-1 3.77643E-1 5.5134E-1 4.04952E-1 4.61921E-1 3.03434E-1 4.85586E-1 4.68453E-1 2.80968E-1 2.19829E-1 9.02084E-2 2.32973E-1 2.4861E-1 2.199E-1 2.58284E-1 1.41046E-1 3.0137E-1 2.05703E-1 4.32142E-1 4.57131E-1 3.60297E-1 3.5256E-1 1.85385E-1 8.82325E-2 9.76416E-2 1.99408E-2 2.71591E-2
-9999 -9999 -9999 -9999 -9999 -9999 -9999 -9999 -9999 -9999 -9999 -9999 -9999 -9999 -9999 -9999 -9999 8.57935E-1 8.0271E-1 8.17992E-1 7.36137E-1 5.89015E-1 4.15922E-1 2.90986E-1 8.94065E-1 3.211E-1 3.78492E-1 1.46509E-1 9.86981E-2 1.29762E-1 2.51156E-1 1.11229E-1 1.96755E-1 1.9252E-1 1.03518E-1 1.79875E-1 4.66479E-1 3.18757E-1 3.52216E-1 5.10838E-1 3.34364E-1 4.81598E-1 3.35354E-1 2.2089E-1 6.39747E-2 2.18645E-1 2.96803E-1 2.98656E-1 2.80758E-1 1.9437E-1 2.12905E-1 1.37984E-1 2.14148E-1 2.28462E-1 1.98673E-1 2.87404E-1 2.07573E-1 9.09154E-2 1.52187E-1 2.48498E-2 1.00454E-2
-9999 -9999 -9999 -9999 -9999 -9999 -9999 -9999 -9999 -9999 -9999 -9999 -9999 -9999 -9999 -9999 -9999 4.64032E-1 8.2965E-1 8.80331E-1 8.25636E-1 4.19585E-1 4.39808E-1 2.998E-1 8.36307E-1 8.60935E-1 4.89715E-1 1.38441E-1 1.18258E-1 8.21994E-2 1.04147E-1 1.43891E-1 1.27731E-1 2.08624E-1 1.4602E-1 8.24856E-2 1.13055E-1 4.52724E-1 4.74441E-1 3.25254E-1 5.2347E-1 4.22165E-1 2.44487E-1 2.60101E-1 1.93846E-1 1.09496E-1 9.01502E-2 1.54472E-1 1.63952E-1 3.46673E-1 1.14665E-1 2.98211E-1 2.40378E-1 1.43446E-1 2.60344E-1 1.64423E-1 1.95931E-1 4.4647E-2 1.12704E-1 1.63128E-1 2.32742E-2
-9999 -9999 -9999 -9999 -9999 -9999 -9999 -9999 -9999 -9999 -9999 -9999 -9999 -9999 -9999 -9999 -9999 -9999 6.36614E-1 7.64122E-1 8.68452E-1 6.44852E-1 4.30922E-1 3.29567E-1 4.72401E-1 7.28234E-1 7.58359E-1 3.02134E-1 1.50401E-1 8.02443E-2 1.18993E-1 7.74291E-2 1.45339E-1 1.28663E-1 9.68059E-2 6.42378E-2 1.13344E-1 2.94651E-1 5.53349E-1 2.8601E-1 3.43244E-1 4.43989E-1 2.94029E-1 1.77558E-1 9.98985E-2 1.04445E-1 8.38498E-2 8.80048E-2 1.07457E-1 3.0808E-1 8.3289E-2 1.38279E-1 1.04345E-1 2.56982E-1 2.10308E-1 6.51446E-2 2.23204E-1 6.29684E-2 1.19487E-1 1.66747E-1 4.82533E-2
-9999 -9999 -9999 -9999 -9999 -9999 -9999 -9999 -9999 -9999 -9999 -9999 -9999 -9999 -9999 -9999 -9999 -9999 8.33862E-1 9.29416E-1 7.96017E-1 8.29537E-1 5.66004E-1 2.27209E-1 3.19744E-1 5.32048E-1 7.16543E-1 5.3275E-1 1.49397E-1 8.56217E-2 1.04795E-1 2.96465E-2 1.42613E-1 1.27827E-1 1.10313E-1 1.34212E-1 8.63055E-2 1.21403E-1 1.94439E-1 1.99999E-1 4.01588E-1 2.42558E-1 3.377E-1 1.53599E-1 9.40792E-2 1.14767E-1 1.97993E-1 1.09457E-1 6.89931E-2 1.55968E-1 1.06584E-1 9.85617E-2 1.54513E-1 2.31822E-1 1.71808E-1 8.82706E-2 1.83503E-1 1.13019E-1 9.52254E-2 1.8564E-1 3.12875E-2
