data/maxent/outputs/red_56.asc
ncols         426
nrows         180
xllcorner     -130.0
yllcorner     24.0
cellsize      0.16666666666666666
NODATA_value  -9999
[rows 54 to 80 of 180, columns 183 to 243 of 426]
2.15652E-6 2.83712E-6 3.65418E-6 2.94165E-6 2.39041E-6 2.02586E-6 1.9753E-6 1.81106E-6 2.04027E-6 2.37617E-6 2.75029E-6 2.83663E-6 3.01815E-6 2.94113E-6 2.10501E-6 2.38416E-6 3.48741E-6 3.93751E-6 4.58076E-6 4.36542E-6 3.77757E-6 3.32206E-6 3.70883E-6 4.16945E-6 3.93638E-6 3.51937E-6 3.05645E-6 2.93973E-6 2.69743E-6 3.09613E-6 3.9412E-6 3.80401E-6 3.60109E-6 4.14311E-6 6.00422E-6 9.19239E-6 1.08719E-5 1.1583E-5 1.19452E-5 8.58483E-6 1.03375E-5 6.48429E-6 5.16978E-6 4.90454E-6 6.93971E-6 7.30924E-6 6.5072E-6 5.42994E-6 6.24733E-6 5.60922E-6 5.68637E-6 4.7215E-6 4.74096E-6 5.1263E-6 5.37575E-6 5.66442E-6 7.02798E-6 7.18309E-6 1.04189E-5 1.23124E-5 1.14716E-5
1.85797E-6 2.19138E-6 2.55069E-6 2.44698E-6 2.38422E-6 2.78395E-6 2.29941E-6 2.13711E-6 2.2948E-6 2.53724E-6 2.97679E-6 3.70175E-6 2.99274E-6 2.75571E-6 2.40358E-6 2.44952E-6 3.1013E-6 3.74956E-6 5.6077E-6 5.77308E-6 4.71673E-6 4.4019E-6 4.30378E-6 4.82379E-6 5.37503E-6 4.19611E-6 3.44794E-6 3.09776E-6 3.09944E-6 3.54133E-6 3.87452E-6 3.98891E-6 4.05549E-6 4.67577E-6 4.96963E-6 6.53004E-6 9.25698E-6 1.15718E-5 9.32634E-6 1.02637E-5 1.12883E-5 9.1267E-6 8.08838E-6 7.84653E-6 1.00493E-5 1.01434E-5 8.74162E-6 8.8127E-6 8.18404E-6 6.85859E-6 8.14797E-6 9.67453E-6 7.44631E-6 6.3465E-6 6.31188E-6 7.36097E-6 8.04458E-6 1.16951E-5 1.75468E-5 1.93635E-5 1.8906E-5
3.48339E-6 4.10288E-6 4.97537E-6 4.20499E-6 4.05301E-6 3.8589E-6 3.77041E-6 2.87362E-6 2.95529E-6 2.9281E-6 3.23212E-6 3.51327E-6 3.55739E-6 3.44482E-6 4.23059E-6 2.83343E-6 2.80096E-6 3.35488E-6 4.39107E-6 5.96043E-6 6.73506E-6 6.32256E-6 5.90664E-6 5.79227E-6 5.43845E-6 5.11931E-6 5.39098E-6 4.85259E-6 4.15302E-6 4.11221E-6 3.92646E-6 4.29743E-6 4.61013E-6 5.68229E-6 4.78147E-6 5.9449E-6 7.20728E-6 8.09361E-6 8.24963E-6 9.52639E-6 1.17678E-5 1.58923E-5 1.82687E-5 1.43506E-5 1.5527E-5 1.54659E-5 1.38185E-5 1.10622E-5 9.66326E-6 6.95183E-6 7.0841E-6 6.79193E-6 8.92943E-6 6.2369E-6 6.33589E-6 8.09363E-6 8.87285E-6 1.15564E-5 1.53891E-5 1.99035E-5 1.72592E-5
4.03193E-6 3.94368E-6 5.65674E-6 5.73701E-6 6.56529E-6 5.48823E-6 4.73852E-6 4.44135E-6 4.22946E-6 3.94394E-6 3.77989E-6 4.36163E-6 4.71884E-6 4.53961E-6 3.80216E-6 3.27547E-6 2.88067E-6 3.00607E-6 3.68265E-6 4.39047E-6 5.72639E-6 7.34361E-6 8.15574E-6 7.03086E-6 6.48997E-6 6.30805E-6 5.55429E-6 5.22813E-6 5.57297E-6 5.68498E-6 4.96525E-6 4.73303E-6 4.34374E-6 5.69486E-6 5.02807E-6 5.94145E-6 7.80407E-6 8.26802E-6 9.06205E-6 1.08567E-5 1.02639E-5 1.02357E-5 1.20575E-5 1.87873E-5 2.13001E-5 2.08699E-5 1.74263E-5 1.50833E-5 1.08687E-5 8.52375E-6 8.16469E-6 7.27624E-6 1.16806E-5 1.1371E-5 1.06267E-5 1.02349E-5 1.33968E-5 1.69643E-5 2.0993E-5 1.59031E-5 1.70222E-5
4.13898E-6 3.59497E-6 4.00484E-6 5.32843E-6 7.62025E-6 8.46555E-6 5.92186E-6 5.67704E-6 5.16199E-6 4.75618E-6 4.74325E-6 5.81959E-6 8.98611E-6 5.64005E-6 4.96632E-6 3.37865E-6 3.18772E-6 2.86551E-6 3.16503E-6 4.28794E-6 5.5597E-6 6.56943E-6 7.61851E-6 7.99784E-6 7.89708E-6 7.41316E-6 7.25884E-6 6.73768E-6 6.48632E-6 5.974E-6 6.30389E-6 7.03904E-6 6.21127E-6 6.75384E-6 7.1209E-6 7.03914E-6 7.93877E-6 8.4668E-6 7.81897E-6 8.22634E-6 1.03445E-5 1.1048E-5 1.30442E-5 1.49779E-5 1.58444E-5 2.27282E-5 1.89916E-5 1.70922E-5 1.25252E-5 1.21344E-5 1.19721E-5 1.11654E-5 1.35904E-5 1.74119E-5 1.48804E-5 1.60703E-5 2.48635E-5 2.63194E-5 2.11291E-5 1.55745E-5 1.76807E-5
1.03845E-5 5.62263E-6 4.95282E-6 4.83588E-6 5.64393E-6 1.34054E-5 9.61364E-6 7.57743E-6 6.71011E-6 6.18228E-6 5.8615E-6 5.50535E-6 6.10849E-6 6.64628E-6 6.09778E-6 4.71701E-6 3.82283E-6 3.48755E-6 3.09371E-6 3.38704E-6 4.77994E-6 6.2094E-6 8.1435E-6 7.52901E-6 7.69169E-6 7.98799E-6 8.58474E-6 8.34328E-6 7.79619E-6 7.5603E-6 6.79086E-6 6.58505E-6 8.05952E-6 6.58305E-6 6.18964E-6 6.29184E-6 7.24897E-6 7.68916E-6 7.52013E-6 7.41106E-6 9.69528E-6 1.15466E-5 1.24262E-5 1.1571E-5 1.43134E-5 1.7674E-5 2.37713E-5 2.65671E-5 1.90132E-5 1.88068E-5 2.09514E-5 1.70406E-5 1.52592E-5 2.0599E-5 2.22642E-5 2.74721E-5 3.60812E-5 3.39492E-5 2.73229E-5 2.60353E-5 2.85163E-5
1.56278E-5 1.45377E-5 9.25147E-6 7.3218E-6 8.67122E-6 1.13669E-5 1.35251E-5 1.24274E-5 1.00079E-5 8.33394E-6 8.04261E-6 6.70387E-6 6.29364E-6 7.54057E-6 8.32264E-6 7.00718E-6 5.63819E-6 4.76453E-6 3.85024E-6 4.06406E-6 4.84389E-6 5.89868E-6 7.42226E-6 6.77842E-6 7.27045E-6 7.13616E-6 8.30698E-6 8.34196E-6 8.92074E-6 9.08604E-6 8.07684E-6 7.64638E-6 7.951E-6 6.73889E-6 6.29969E-6 6.2231E-6 6.89523E-6 7.01601E-6 6.92734E-6 6.76446E-6 7.94469E-6 1.03768E-5 1.12851E-5 1.24971E-5 1.2338E-5 1.33066E-5 1.6353E-5 2.49582E-5 3.74144E-5 3.52913E-5 2.90943E-5 2.35278E-5 1.93589E-5 1.9772E-5 2.50408E-5 3.38166E-5 4.18833E-5 4.55755E-5 3.71205E-5 3.59901E-5 4.76524E-5
3.55719E-5 1.77266E-5 1.27046E-5 1.1359E-5 1.25944E-5 1.37409E-5 1.75463E-5 1.67935E-5 1.60874E-5 1.34127E-5 1.00261E-5 8.89468E-6 7.37211E-6 7.26525E-6 8.43387E-6 7.25707E-6 7.86056E-6 6.34731E-6 5.14638E-6 5.40663E-6 5.64524E-6 6.16262E-6 6.8102E-6 7.01506E-6 7.29941E-6 9.12553E-6 9.17881E-6 7.91824E-6 9.55334E-6 1.03177E-5 1.13265E-5 9.2471E-6 8.85217E-6 7.1787E-6 6.91026E-6 7.7744E-6 7.7667E-6 7.90665E-6 8.10557E-6 9.49629E-6 7.78566E-6 7.95141E-6 1.04119E-5 1.38051E-5 1.61094E-5 1.83647E-5 2.12117E-5 2.94847E-5 3.27535E-5 5.80081E-5 3.82458E-5 2.42099E-5 2.18323E-5 2.81583E-5 2.76873E-5 3.55878E-5 4.25763E-5 4.81083E-5 4.29589E-5 4.565E-5 5.8653E-5
6.16995E-5 4.25472E-5 2.68737E-5 2.03233E-5 1.6821E-5 1.72896E-5 1.96708E-5 2.2793E-5 2.0029E-5 1.74343E-5 1.38161E-5 1.09086E-5 1.13824E-5 1.07348E-5 1.12965E-5 1.0582E-5 1.10893E-5 1.07318E-5 7.31304E-6 6.64429E-6 6.62743E-6 6.75267E-6 7.05629E-6 8.00992E-6 8.22252E-6 8.4635E-6 9.23795E-6 8.79501E-6 9.43294E-6 1.17614E-5 1.34559E-5 1.07799E-5 9.62824E-6 8.1254E-6 9.30813E-6 9.03658E-6 1.10664E-5 1.17129E-5 1.01507E-5 1.19315E-5 1.03897E-5 8.65907E-6 1.01302E-5 1.36423E-5 1.58713E-5 1.57004E-5 1.77711E-5 2.18258E-5 3.4072E-5 8.08733E-5 5.01838E-5 1.99364E-5 2.73337E-5 4.12308E-5 3.79686E-5 3.99203E-5 5.16293E-5 4.84154E-5 4.75649E-5 5.61835E-5 6.66858E-5
5.65252E-5 9.99935E-5 7.49645E-5 4.15307E-5 2.51995E-5 2.26792E-5 2.16294E-5 2.17044E-5 2.57014E-5 2.25754E-5 1.75113E-5 1.44124E-5 1.4383E-5 1.33686E-5 1.2063E-5 1.15725E-5 1.1728E-5 1.13867E-5 9.13833E-6 8.82079E-6 8.22683E-6 8.01138E-6 8.13946E-6 8.50786E-6 9.10947E-6 1.11328E-5 1.33158E-5 9.66415E-6 1.14686E-5 1.2062E-5 1.25978E-5 1.20404E-5 1.04873E-5 1.00112E-5 9.85622E-6 1.06191E-5 1.15159E-5 1.2682E-5 1.26518E-5 1.49708E-5 1.39296E-5 1.38191E-5 1.29935E-5 1.23556E-5 1.65894E-5 2.23841E-5 2.94547E-5 4.38915E-5 5.96245E-5 1.16674E-4 8.43284E-5 4.25538E-5 4.56601E-5 5.06854E-5 5.29951E-5 5.63538E-5 5.81276E-5 6.44844E-5 6.17561E-5 6.79495E-5 6.52717E-5
5.70175E-5 5.63613E-5 9.34377E-5 1.18685E-4 5.63821E-5 4.16268E-5 4.11692E-5 3.39135E-5 3.70575E-5 3.86169E-5 2.56399E-5 1.88625E-5 1.7801E-5 1.93451E-5 1.49981E-5 1.31433E-5 1.28562E-5 1.31943E-5 1.19808E-5 1.3147E-5 1.18574E-5 1.14836E-5 1.02129E-5 1.06429E-5 1.11428E-5 1.0138E-5 1.0906E-5 1.20748E-5 1.42193E-5 1.38523E-5 1.37463E-5 1.31574E-5 1.19856E-5 1.2021E-5 1.21402E-5 1.26428E-5 1.33431E-5 1.49022E-5 1.59598E-5 1.60392E-5 1.83663E-5 1.86925E-5 1.73306E-5 1.85518E-5 2.17895E-5 2.60328E-5 3.63921E-5 3.67764E-5 4.8057E-5 8.27591E-5 1.11704E-4 6.98089E-5 6.84792E-5 7.3713E-5 7.09909E-5 7.1776E-5 7.01892E-5 7.72536E-5 6.46403E-5 6.77279E-5 6.04032E-5
6.45488E-5 6.14427E-5 6.62531E-5 8.64385E-5 1.26668E-4 1.16448E-4 7.93372E-5 5.8357E-5 4.49308E-5 4.18362E-5 4.15314E-5 3.28403E-5 2.4165E-5 1.96909E-5 1.81179E-5 1.60687E-5 1.40447E-5 1.28918E-5 1.60374E-5 1.71445E-5 1.60052E-5 1.48003E-5 1.29159E-5 1.20963E-5 1.37253E-5 1.32084E-5 1.40671E-5 1.51303E-5 1.67441E-5 1.60096E-5 1.3759E-5 1.37278E-5 1.261E-5 1.30852E-5 1.43094E-5 1.42219E-5 1.68717E-5 1.64207E-5 1.80842E-5 1.84195E-5 1.88299E-5 2.10127E-5 2.14809E-5 2.27023E-5 2.63928E-5 3.22893E-5 3.73321E-5 3.89702E-5 4.62308E-5 8.34944E-5 8.68933E-5 9.36988E-5 7.71927E-5 7.17919E-5 7.93764E-5 9.00924E-5 1.02435E-4 9.15922E-5 8.86648E-5 7.53539E-5 1.35773E-4
8.34852E-5 7.51897E-5 6.73536E-5 6.4869E-5 7.21867E-5 8.72588E-5 9.43131E-5 8.13553E-5 6.76862E-5 6.72809E-5 9.97376E-5 9.10023E-5 5.12975E-5 2.98478E-5 2.01422E-5 1.9614E-5 1.7387E-5 1.92115E-5 1.9003E-5 1.87824E-5 1.95642E-5 1.69956E-5 1.53088E-5 1.51604E-5 1.75621E-5 1.52546E-5 1.5718E-5 1.51258E-5 1.60862E-5 1.53079E-5 1.43548E-5 1.33453E-5 1.26419E-5 1.32277E-5 1.36636E-5 1.63337E-5 1.70495E-5 1.87238E-5 2.11525E-5 2.29202E-5 2.21155E-5 2.28042E-5 2.60015E-5 2.83801E-5 2.83192E-5 3.06671E-5 4.23425E-5 5.30874E-5 5.16126E-5 6.69949E-5 8.93122E-5 5.79305E-5 5.52911E-5 5.25419E-5 6.00805E-5 7.44402E-5 7.74502E-5 8.30023E-5 7.63363E-5 7.59039E-5 7.73094E-5
1.28456E-4 9.22399E-5 8.40869E-5 7.47908E-5 8.27627E-5 8.33218E-5 8.90381E-5 9.52504E-5 1.09803E-4 1.187E-4 1.02488E-4 1.06481E-4 7.03579E-5 5.11499E-5 4.72553E-5 4.10442E-5 2.95359E-5 3.1062E-5 2.49448E-5 2.39094E-5 2.32969E-5 2.13062E-5 1.89885E-5 2.00569E-5 1.65795E-5 1.84268E-5 1.85731E-5 1.88438E-5 1.70224E-5 1.63457E-5 1.63427E-5 1.4725E-5 1.51721E-5 1.84505E-5 1.6799E-5 1.85493E-5 2.02516E-5 2.56755E-5 2.67942E-5 2.93285E-5 3.04325E-5 3.27696E-5 3.67976E-5 3.48124E-5 3.7262E-5 3.42792E-5 3.17154E-5 4.94018E-5 6.61434E-5 7.87844E-5 1.018E-4 8.92272E-5 8.04502E-5 7.79383E-5 6.87261E-5 8.3721E-5 8.82217E-5 9.79219E-5 9.25639E-5 9.21274E-5 9.45083E-5
1.09076E-4 9.13425E-5 7.68626E-5 7.28328E-5 7.36999E-5 7.20536E-5 7.26673E-5 8.46279E-5 9.334E-5 1.03916E-4 8.85485E-5 7.1741E-5 7.16008E-5 5.66436E-5 3.93557E-5 3.75158E-5 4.75697E-5 4.26916E-5 4.43944E-5 3.01782E-5 2.63717E-5 3.00283E-5 3.34739E-5 3.01033E-5 1.98618E-5 2.00661E-5 2.19363E-5 2.28443E-5 2.17949E-5 2.11361E-5 2.17447E-5 2.20655E-5 2.3455E-5 2.60267E-5 2.35786E-5 2.2854E-5 2.441E-5 2.87631E-5 3.07958E-5 3.20896E-5 3.51945E-5 3.80848E-5 4.42777E-5 3.89278E-5 4.24474E-5 4.32056E-5 3.93673E-5 4.71806E-5 5.38163E-5 6.97595E-5 7.73328E-5 9.99794E-5 1.43718E-4 1.17473E-4 9.31134E-5 9.75904E-5 1.04039E-4 1.08372E-4 1.11505E-4 1.04773E-4 1.2786E-4
9.8339E-5 1.01134E-4 1.02138E-4 8.81938E-5 7.79063E-5 7.3331E-5 7.44427E-5 8.10199E-5 8.24205E-5 8.22932E-5 7.63423E-5 5.34215E-5 5.68668E-5 5.75475E-5 4.25903E-5 3.90164E-5 4.96147E-5 6.22378E-5 6.75134E-5 4.43963E-5 4.56901E-5 4.45361E-5 4.77055E-5 3.82588E-5 3.17361E-5 2.77427E-5 3.21442E-5 3.74003E-5 3.24247E-5 3.10058E-5 2.95838E-5 3.38309E-5 4.39423E-5 3.85264E-5 3.33519E-5 2.98278E-5 3.14153E-5 3.50508E-5 3.956E-5 3.76949E-5 3.77121E-5 4.07158E-5 4.78005E-5 5.30141E-5 5.64543E-5 5.88525E-5 6.44829E-5 6.30103E-5 7.06248E-5 8.518E-5 9.32557E-5 1.07639E-4 1.35667E-4 1.80095E-4 1.60659E-4 1.53337E-4 1.50147E-4 1.32633E-4 1.44395E-4 1.38611E-4 1.4285E-4
7.67459E-5 8.67035E-5 8.62011E-5 9.58041E-5 8.80025E-5 7.24942E-5 7.02714E-5 7.10701E-5 7.39117E-5 7.63767E-5 8.2077E-5 7.55224E-5 5.96855E-5 7.6125E-5 6.50407E-5 5.20033E-5 4.63546E-5 5.74529E-5 1.23279E-4 7.88156E-5 6.64344E-5 9.57743E-5 6.62522E-5 6.13897E-5 4.94094E-5 4.20924E-5 4.90669E-5 5.84467E-5 5.67091E-5 5.11496E-5 4.68852E-5 4.00915E-5 4.21109E-5 5.6503E-5 4.08077E-5 4.00466E-5 3.80261E-5 4.13189E-5 4.63806E-5 4.71841E-5 4.90809E-5 5.27028E-5 6.05387E-5 6.85323E-5 7.95313E-5 8.88431E-5 8.87636E-5 8.70991E-5 9.13579E-5 9.65046E-5 1.28843E-4 1.54769E-4 1.50308E-4 1.52421E-4 1.98594E-4 1.94895E-4 2.04823E-4 1.88705E-4 1.78943E-4 1.91021E-4 2.01549E-4
6.50673E-5 7.55969E-5 8.60526E-5 8.59537E-5 8.55961E-5 8.01838E-5 7.00461E-5 7.17599E-5 7.39348E-5 8.16561E-5 8.00841E-5 8.38736E-5 8.30621E-5 8.42388E-5 7.55743E-5 6.81932E-5 6.7306E-5 6.54614E-5 9.14936E-5 1.20463E-4 1.00231E-4 1.38856E-4 1.04495E-4 9.04514E-5 8.58609E-5 7.05826E-5 5.2987E-5 6.88394E-5 7.40972E-5 7.17269E-5 6.81738E-5 5.48561E-5 4.83223E-5 7.59479E-5 5.65859E-5 6.04092E-5 5.63842E-5 5.58064E-5 5.90588E-5 7.22308E-5 6.75477E-5 6.96255E-5 7.96051E-5 8.60618E-5 1.00171E-4 1.1319E-4 1.27836E-4 1.09918E-4 1.15382E-4 1.42369E-4 1.45318E-4 1.65163E-4 1.80174E-4 1.86184E-4 1.9747E-4 2.42162E-4 2.76484E-4 2.13546E-4 2.18105E-4 2.35306E-4 2.8109E-4
8.60064E-5 8.91812E-5 9.63564E-5 8.17905E-5 7.11206E-5 6.88189E-5 6.68105E-5 6.52198E-5 7.343E-5 6.98735E-5 7.22229E-5 7.75615E-5 8.29599E-5 9.90586E-5 9.60841E-5 9.688E-5 9.41615E-5 8.60695E-5 8.86913E-5 1.26425E-4 1.27591E-4 1.58701E-4 1.31521E-4 1.31652E-4 1.21126E-4 8.96321E-5 7.39839E-5 7.88611E-5 8.9936E-5 8.4787E-5 8.47685E-5 8.20588E-5 6.55052E-5 8.313E-5 7.88357E-5 8.84329E-5 8.89808E-5 8.47995E-5 8.40582E-5 8.42953E-5 8.19464E-5 9.63951E-5 1.12033E-4 1.16469E-4 1.30565E-4 1.32588E-4 1.39358E-4 1.88254E-4 1.89059E-4 1.78923E-4 1.76998E-4 2.00019E-4 2.06206E-4 2.01429E-4 2.34647E-4 2.71595E-4 3.38855E-4 2.84163E-4 2.90162E-4 3.00835E-4 3.82749E-4
1.138E-4 1.46521E-4 1.25883E-4 9.95034E-5 8.65063E-5 7.24301E-5 6.95677E-5 6.8838E-5 7.456E-5 7.36398E-5 8.05363E-5 8.197E-5 9.1308E-5 1.08738E-4 1.14147E-4 1.12029E-4 1.13496E-4 1.05485E-4 1.08008E-4 1.47621E-4 1.42391E-4 1.6747E-4 1.50483E-4 1.3914E-4 1.24959E-4 1.06762E-4 1.03905E-4 9.86352E-5 1.05501E-4 1.25716E-4 1.28382E-4 1.06302E-4 1.00627E-4 1.05747E-4 1.59589E-4 1.63803E-4 1.49367E-4 1.64935E-4 1.50653E-4 1.23195E-4 1.20473E-4 1.15431E-4 1.24987E-4 1.4037E-4 1.64296E-4 1.85193E-4 2.13231E-4 2.88817E-4 2.59051E-4 2.93034E-4 2.6122E-4 2.68695E-4 3.26392E-4 3.52097E-4 4.00385E-4 4.0613E-4 3.91441E-4 3.6963E-4 3.62699E-4 3.63395E-4 3.75252E-4
1.27857E-4 1.23618E-4 1.08934E-4 1.05105E-4 9.71513E-5 8.18299E-5 8.01482E-5 9.0024E-5 8.82448E-5 1.00344E-4 1.13567E-4 1.21394E-4 1.26106E-4 1.30954E-4 1.31065E-4 1.30938E-4 1.32911E-4 1.38907E-4 1.46914E-4 1.62233E-4 2.19316E-4 1.80742E-4 1.54148E-4 1.43278E-4 1.28607E-4 1.26604E-4 1.20083E-4 1.31821E-4 1.2819E-4 1.52663E-4 1.66333E-4 1.7019E-4 1.78346E-4 1.99191E-4 2.43689E-4 3.10171E-4 2.90825E-4 3.12848E-4 2.99081E-4 2.09312E-4 1.9161E-4 1.84783E-4 1.60303E-4 1.89159E-4 2.20197E-4 2.34805E-4 2.80331E-4 3.57888E-4 3.36761E-4 3.61244E-4 4.65483E-4 4.6173E-4 4.56704E-4 5.3365E-4 6.20958E-4 5.4296E-4 4.43833E-4 4.11577E-4 4.30345E-4 4.28411E-4 4.05202E-4
1.23111E-4 1.3133E-4 1.20819E-4 1.29067E-4 1.23903E-4 1.12417E-4 1.18982E-4 1.21268E-4 1.47379E-4 1.55237E-4 1.73973E-4 1.67624E-4 1.96895E-4 1.95412E-4 1.84578E-4 2.04365E-4 1.91928E-4 2.09992E-4 2.21549E-4 1.8904E-4 2.60932E-4 3.26527E-4 1.89871E-4 1.59651E-4 1.45721E-4 1.43759E-4 1.50515E-4 1.49331E-4 1.45544E-4 1.58303E-4 1.78032E-4 1.76216E-4 2.12431E-4 2.46132E-4 2.66435E-4 2.93519E-4 4.63423E-4 8.76835E-4 1.07278E-3 4.67747E-4 3.31664E-4 2.97903E-4 2.72377E-4 2.85837E-4 3.21719E-4 3.46942E-4 3.97317E-4 4.82626E-4 5.46236E-4 5.9889E-4 6.46245E-4 7.4702E-4 7.23897E-4 7.74387E-4 6.66468E-4 5.72138E-4 5.49522E-4 5.51265E-4 5.31786E-4 4.85259E-4 5.05056E-4
1.298E-4 1.30752E-4 1.39469E-4 1.55663E-4 1.3218E-4 1.35298E-4 1.55381E-4 1.7554E-4 1.71545E-4 1.85546E-4 2.11383E-4 2.22354E-4 2.08535E-4 2.06568E-4 2.05764E-4 2.07779E-4 1.89298E-4 1.77629E-4 2.40346E-4 2.65815E-4 2.9076E-4 3.69177E-4 2.52826E-4 1.75607E-4 1.70149E-4 1.68763E-4 1.82099E-4 1.82331E-4 1.8865E-4 2.08855E-4 2.10644E-4 2.38947E-4 2.64293E-4 2.90028E-4 3.05271E-4 3.67953E-4 5.00954E-4 1.05163E-3 1.52823E-3 9.12899E-4 5.43202E-4 4.15852E-4 4.1506E-4 4.18417E-4 4.32155E-4 4.7322E-4 5.01123E-4 5.44607E-4 6.2931E-4 7.03568E-4 8.73056E-4 7.41136E-4 7.09635E-4 7.78298E-4 7.51061E-4 6.6531E-4 6.46762E-4 6.56329E-4 6.12356E-4 5.964E-4 8.6152E-4
1.29224E-4 1.34684E-4 1.36201E-4 1.41637E-4 1.59174E-4 1.5651E-4 1.68581E-4 2.01998E-4 2.73539E-4 2.81105E-4 2.32193E-4 2.31042E-4 2.14979E-4 2.13012E-4 2.04172E-4 2.35743E-4 2.29769E-4 2.00957E-4 2.28189E-4 3.03389E-4 3.11101E-4 3.47022E-4 3.34587E-4 2.29347E-4 2.05956E-4 2.06619E-4 2.13031E-4 2.26809E-4 2.45798E-4 2.34279E-4 2.52034E-4 3.0398E-4 3.19061E-4 3.19801E-4 3.38152E-4 3.88717E-4 4.9608E-4 7.44393E-4 1.02423E-3 8.05521E-4 5.84879E-4 5.71338E-4 5.24297E-4 4.79235E-4 4.85856E-4 5.51952E-4 7.03069E-4 7.08172E-4 7.03139E-4 8.56821E-4 1.07911E-3 1.12265E-3 9.47221E-4 9.35358E-4 9.32982E-4 8.29756E-4 9.07549E-4 7.84541E-4 7.76131E-4 7.70368E-4 1.33344E-3
1.28284E-4 1.4094E-4 1.40136E-4 1.51847E-4 1.56004E-4 1.68663E-4 2.29459E-4 2.79141E-4 2.73263E-4 2.71006E-4 2.66812E-4 2.79413E-4 2.56363E-4 2.57892E-4 2.51953E-4 2.94162E-4 2.70761E-4 2.57935E-4 2.43852E-4 2.71057E-4 2.82785E-4 3.32785E-4 4.27947E-4 2.73938E-4 2.47982E-4 2.49202E-4 2.49334E-4 2.75049E-4 2.61327E-4 2.60059E-4 2.94182E-4 3.37495E-4 3.9531E-4 3.89701E-4 3.80137E-4 3.95778E-4 4.24852E-4 5.39804E-4 6.82236E-4 6.70315E-4 6.19635E-4 6.61834E-4 7.13784E-4 7.16991E-4 6.78914E-4 7.66825E-4 9.06972E-4 9.53019E-4 1.0273E-3 1.11146E-3 1.37792E-3 1.36778E-3 1.24988E-3 1.26267E-3 1.18382E-3 1.19838E-3 1.28948E-3 1.10311E-3 1.13963E-3 1.37402E-3 1.98755E-3
1.42771E-4 1.60927E-4 1.6718E-4 1.63487E-4 1.86628E-4 2.1722E-4 2.6404E-4 2.47995E-4 2.678E-4 2.85374E-4 2.93581E-4 3.11507E-4 2.95192E-4 3.05064E-4 2.90754E-4 3.26226E-4 3.51931E-4 3.6777E-4 2.98581E-4 2.76165E-4 3.05431E-4 3.67946E-4 4.37047E-4 3.77317E-4 3.26596E-4 3.00442E-4 3.11674E-4 3.54893E-4 3.59657E-4 3.74571E-4 4.079E-4 4.49767E-4 4.57151E-4 5.28506E-4 5.33449E-4 5.34732E-4 5.24077E-4 5.70388E-4 6.32979E-4 6.33603E-4 6.4158E-4 7.10173E-4 7.31494E-4 8.19353E-4 9.5952E-4 1.11771E-3 1.09081E-3 1.09839E-3 1.34053E-3 1.44511E-3 1.83393E-3 1.38685E-3 1.35035E-3 1.3637E-3 1.38433E-3 1.48427E-3 1.59172E-3 1.6288E-3 1.80755E-3 2.25742E-3 1.90015E-3
1.5363E-4 1.534E-4 1.69139E-4 1.73808E-4 1.77018E-4 1.95182E-4 2.36319E-4 2.57694E-4 2.6896E-4 2.8047E-4 2.88939E-4 3.02952E-4 3.07213E-4 3.2548E-4 3.25095E-4 3.40498E-4 3.37456E-4 3.55299E-4 3.91215E-4 3.50429E-4 3.52291E-4 4.22499E-4 5.44405E-4 5.03944E-4 4.00162E-4 3.81932E-4 4.2428E-4 4.6379E-4 4.90589E-4 5.32171E-4 6.01101E-4 6.26547E-4 6.12435E-4 6.69481E-4 7.73771E-4 8.42617E-4 8.3512E-4 9.03031E-4 8.58272E-4 9.08136E-4 1.03424E-3 9.30675E-4 9.37348E-4 9.47187E-4 1.04685E-3 1.29311E-3 1.56642E-3 1.64552E-3 1.93064E-3 1.7377E-3 1.74033E-3 1.65015E-3 1.52065E-3 1.59006E-3 1.80283E-3 2.17613E-3 2.24838E-3 2.5776E-3 2.59507E-3 2.74993E-3 2.38083E-3
