data/maxent/outputs/red_162.asc
ncols         426
nrows         180
xllcorner     -130.0
yllcorner     24.0
cellsize      0.16666666666666666
NODATA_value  -9999
[rows 54 to 80 of 180, columns 61 to 121 of 426]
6.67798E-1 6.79698E-1 6.09112E-1 6.00547E-1 6.87169E-1 6.92897E-1 7.08298E-1 6.85168E-1 6.648E-1 6.64717E-1 6.43954E-1 3.10253E-1 2.98726E-1 3.7336E-1 5.82138E-1 6.68616E-1 6.9096E-1 7.29862E-1 7.51124E-1 6.83949E-1 6.90869E-1 6.29866E-1 5.72926E-1 5.71826E-1 6.06213E-1 5.82351E-1 5.29013E-1 5.24782E-1 5.26422E-1 5.59315E-1 5.48922E-1 4.90894E-1 3.86477E-1 3.99296E-1 2.5576E-1 2.15082E-1 1.79713E-1 1.34975E-1 2.15638E-1 1.39645E-1 1.73691E-1 1.64966E-1 2.09254E-1 2.13946E-1 2.2419E-1 2.78268E-1 3.80441E-1 4.14885E-1 5.33194E-1 5.29796E-1 5.06407E-1 4.89896E-1 4.66301E-1 4.85325E-1 5.16801E-1 5.31688E-1 5.2346E-1 5.23046E-1 5.27749E-1 5.28009E-1 4.90129E-1
6.19802E-1 5.90045E-1 5.65027E-1 6.56103E-1 6.3754E-1 7.00656E-1 6.91473E-1 6.77872E-1 6.54737E-1 6.59182E-1 6.45573E-1 4.60873E-1 3.21905E-1 3.59352E-1 5.58741E-1 6.42339E-1 7.08412E-1 7.58817E-1 6.78195E-1 7.29428E-1 7.11991E-1 6.24158E-1 5.75774E-1 5.71768E-1 5.76265E-1 5.50974E-1 5.36322E-1 5.30723E-1 5.2456E-1 5.38226E-1 5.41472E-1 5.18544E-1 4.79303E-1 2.60078E-1 1.4883E-1 2.78462E-1 2.55153E-1 1.4762E-1 1.65505E-1 1.91715E-1 2.50596E-1 2.39168E-1 1.60005E-1 1.55727E-1 2.25392E-1 3.04639E-1 3.33055E-1 3.74085E-1 4.19936E-1 4.33114E-1 4.33801E-1 4.46815E-1 3.90441E-1 4.19855E-1 4.43781E-1 4.97945E-1 5.3159E-1 5.59624E-1 5.69272E-1 5.67513E-1 5.4588E-1
6.36615E-1 6.02147E-1 6.86462E-1 6.47897E-1 7.08153E-1 7.17299E-1 7.28282E-1 6.72452E-1 6.54618E-1 6.12466E-1 5.90028E-1 5.76641E-1 5.57991E-1 5.33566E-1 4.75541E-1 7.16662E-1 7.35101E-1 7.34475E-1 6.7446E-1 6.47485E-1 6.60906E-1 6.96248E-1 6.2836E-1 6.06474E-1 5.75069E-1 5.52917E-1 5.34473E-1 5.28522E-1 5.19604E-1 5.10287E-1 5.19053E-1 5.23694E-1 4.69017E-1 1.86891E-1 1.68913E-1 1.16568E-1 2.30745E-1 3.56271E-1 1.88858E-1 1.25889E-1 2.97002E-1 1.81522E-1 1.99693E-1 2.30334E-1 1.85624E-1 2.02792E-1 3.19434E-1 4.11913E-1 4.60584E-1 4.54256E-1 4.61006E-1 4.37775E-1 4.23528E-1 4.10227E-1 4.17775E-1 4.70324E-1 5.26998E-1 5.66372E-1 6.13942E-1 6.10778E-1 5.5039E-1
6.87664E-1 4.75829E-1 5.83161E-1 5.10977E-1 4.54153E-1 5.77745E-1 6.09811E-1 6.84705E-1 6.66054E-1 5.7324E-1 4.23362E-1 4.49612E-1 3.41868E-1 5.61385E-1 4.79528E-1 5.83743E-1 6.72421E-1 6.84514E-1 6.79329E-1 6.45252E-1 6.60714E-1 7.13375E-1 5.91089E-1 6.28588E-1 6.20767E-1 5.60349E-1 5.08393E-1 5.08791E-1 4.85932E-1 4.91897E-1 4.86284E-1 4.97418E-1 5.09169E-1 2.69741E-1 2.0472E-1 2.85956E-1 1.19862E-1 2.55429E-1 3.19413E-1 2.38881E-1 1.98456E-1 3.45395E-1 2.79239E-1 2.27359E-1 2.72665E-1 2.50546E-1 3.2496E-1 3.84082E-1 4.51663E-1 4.60276E-1 4.84357E-1 4.6226E-1 4.25704E-1 4.26214E-1 4.4793E-1 4.40252E-1 5.02365E-1 5.8287E-1 6.52208E-1 6.20522E-1 4.80789E-1
5.28997E-1 4.81952E-1 5.18663E-1 6.4697E-1 5.60942E-1 6.17284E-1 6.66004E-1 6.55745E-1 6.57264E-1 6.41955E-1 6.03666E-1 3.65171E-1 4.19387E-1 3.38718E-1 3.7561E-1 3.86921E-1 4.54668E-1 5.33177E-1 6.7306E-1 6.67819E-1 6.77813E-1 6.82948E-1 6.72048E-1 7.03595E-1 6.2285E-1 5.94861E-1 5.48672E-1 5.52074E-1 5.01897E-1 4.58507E-1 5.01007E-1 4.82985E-1 4.46332E-1 2.8734E-1 3.22529E-1 4.08387E-1 2.96452E-1 2.24002E-1 1.53457E-1 2.60019E-1 2.46224E-1 2.24761E-1 2.59052E-1 1.62351E-1 1.52363E-1 1.66059E-1 2.28728E-1 3.53136E-1 4.53235E-1 4.94741E-1 4.84943E-1 4.85219E-1 4.40744E-1 4.61003E-1 4.76004E-1 4.15441E-1 4.49693E-1 5.71429E-1 6.42161E-1 6.10061E-1 5.7869E-1
3.87207E-1 5.11304E-1 4.75425E-1 5.78497E-1 5.27729E-1 4.52981E-1 6.32056E-1 6.06002E-1 6.12852E-1 5.07622E-1 4.72548E-1 3.11119E-1 3.33348E-1 4.05896E-1 2.54092E-1 2.59516E-1 3.35134E-1 3.68127E-1 4.97845E-1 5.88473E-1 7.07032E-1 6.86925E-1 7.26071E-1 7.14755E-1 6.7293E-1 6.43319E-1 6.15064E-1 5.81238E-1 5.42096E-1 5.03573E-1 4.95306E-1 5.20211E-1 5.04145E-1 4.45118E-1 4.57495E-1 2.23954E-1 5.10137E-1 4.88456E-1 2.36998E-1 1.61127E-1 3.9548E-1 1.97967E-1 1.92686E-1 1.17753E-1 1.19867E-1 1.36381E-1 1.99872E-1 3.15153E-1 3.92671E-1 4.52129E-1 5.14807E-1 4.91924E-1 4.9995E-1 4.75449E-1 4.31895E-1 4.26399E-1 4.86754E-1 5.73027E-1 6.28687E-1 5.92929E-1 5.46512E-1
4.18689E-1 5.62142E-1 5.43236E-1 4.71226E-1 5.26226E-1 4.61754E-1 5.40724E-1 3.47308E-1 4.48347E-1 3.43466E-1 4.33659E-1 4.31496E-1 2.7505E-1 2.13465E-1 1.89111E-1 2.03542E-1 2.76144E-1 3.02402E-1 3.38489E-1 4.45216E-1 6.50096E-1 6.70795E-1 7.47353E-1 6.92787E-1 7.101E-1 6.50759E-1 6.27623E-1 5.83357E-1 5.46132E-1 5.20046E-1 4.95667E-1 5.10033E-1 5.0753E-1 5.15138E-1 4.64324E-1 4.38582E-1 4.14598E-1 2.74216E-1 2.85792E-1 2.79846E-1 1.8243E-1 2.5588E-1 1.18657E-1 1.09403E-1 1.24219E-1 1.37369E-1 1.83424E-1 2.39064E-1 3.26235E-1 4.45518E-1 4.99481E-1 4.69337E-1 4.84103E-1 5.27564E-1 5.05537E-1 4.67447E-1 4.24402E-1 5.30462E-1 6.42057E-1 5.97422E-1 4.9109E-1
3.57212E-1 3.43703E-1 3.75273E-1 3.46793E-1 3.9109E-1 5.20762E-1 4.92512E-1 3.55857E-1 2.51484E-1 3.11484E-1 3.02133E-1 3.72534E-1 2.89172E-1 2.86183E-1 2.58917E-1 2.58876E-1 2.42908E-1 2.69043E-1 3.01156E-1 3.3034E-1 4.17812E-1 6.86745E-1 7.72649E-1 7.44674E-1 7.41583E-1 7.35913E-1 6.78349E-1 6.19154E-1 5.73329E-1 5.29279E-1 5.37695E-1 5.25634E-1 5.20497E-1 5.07962E-1 5.43887E-1 5.20089E-1 4.92876E-1 3.66805E-1 2.42873E-1 3.15273E-1 2.53966E-1 1.26396E-1 1.19093E-1 1.2701E-1 1.48528E-1 1.64133E-1 2.0195E-1 2.67426E-1 3.89333E-1 5.36126E-1 5.31212E-1 4.99656E-1 4.62818E-1 5.70986E-1 4.70598E-1 4.06883E-1 4.55863E-1 5.90041E-1 6.11274E-1 5.73744E-1 4.80267E-1
2.70121E-1 2.41803E-1 2.76525E-1 3.20176E-1 2.93867E-1 2.67073E-1 2.60994E-1 3.20734E-1 4.03213E-1 2.77545E-1 3.07551E-1 3.4717E-1 3.2828E-1 3.49451E-1 2.79771E-1 3.72601E-1 2.29784E-1 2.25491E-1 2.76305E-1 2.7159E-1 2.83637E-1 3.96245E-1 7.27635E-1 7.38907E-1 7.35528E-1 7.21915E-1 6.47279E-1 6.76078E-1 6.13013E-1 5.77576E-1 5.5159E-1 5.52318E-1 5.5733E-1 5.489E-1 5.25379E-1 5.0028E-1 4.69818E-1 4.12813E-1 2.50832E-1 2.22874E-1 1.84769E-1 1.48706E-1 1.61569E-1 1.83868E-1 2.0478E-1 2.2857E-1 2.42741E-1 3.29846E-1 4.66927E-1 5.55181E-1 5.7358E-1 5.69077E-1 5.62418E-1 5.64466E-1 4.54421E-1 4.46004E-1 5.2362E-1 5.84733E-1 5.77109E-1 4.93064E-1 2.53481E-1
2.65926E-1 2.221E-1 2.14741E-1 2.42428E-1 2.45141E-1 2.26222E-1 2.50519E-1 2.58454E-1 3.0465E-1 2.30912E-1 3.33887E-1 3.76949E-1 2.92282E-1 3.034E-1 2.40559E-1 3.10429E-1 3.6654E-1 3.45257E-1 2.46971E-1 2.18282E-1 2.04205E-1 2.21465E-1 3.73708E-1 6.40367E-1 7.31673E-1 7.22292E-1 7.19799E-1 6.65178E-1 6.21406E-1 5.98458E-1 5.87852E-1 5.96435E-1 5.82357E-1 5.29446E-1 5.48495E-1 4.79756E-1 5.07911E-1 5.1358E-1 3.57339E-1 2.42699E-1 2.14341E-1 2.0471E-1 2.05858E-1 2.35183E-1 2.60426E-1 2.66812E-1 3.00141E-1 4.91557E-1 5.46448E-1 6.00563E-1 5.60425E-1 6.03512E-1 5.87965E-1 5.50318E-1 5.21257E-1 5.75451E-1 5.98571E-1 6.24901E-1 5.60729E-1 4.55975E-1 5.45901E-1
2.43722E-1 2.38077E-1 2.23248E-1 2.22108E-1 2.09887E-1 2.03519E-1 2.22172E-1 2.21033E-1 2.31138E-1 2.76564E-1 3.31663E-1 2.19999E-1 2.72545E-1 2.70052E-1 2.57409E-1 4.65731E-1 3.6967E-1 5.76743E-1 3.7576E-1 1.82102E-1 1.65437E-1 1.73121E-1 1.89836E-1 2.52131E-1 4.50417E-1 7.22323E-1 7.03586E-1 6.39438E-1 5.79719E-1 5.74767E-1 5.3728E-1 5.39465E-1 4.96457E-1 4.50735E-1 4.21602E-1 3.83002E-1 3.58425E-1 3.54526E-1 3.47221E-1 2.58498E-1 2.65095E-1 2.45318E-1 2.28831E-1 2.44088E-1 2.50903E-1 2.96606E-1 4.52653E-1 6.27232E-1 5.67509E-1 5.4596E-1 5.82442E-1 6.0211E-1 6.28179E-1 5.91828E-1 5.70438E-1 5.66609E-1 4.72291E-1 5.78207E-1 5.41485E-1 4.85919E-1 5.29169E-1
2.2353E-1 2.53546E-1 2.56928E-1 2.56748E-1 2.36342E-1 2.18709E-1 1.94803E-1 2.37637E-1 3.34621E-1 2.7112E-1 2.07339E-1 1.94084E-1 1.64225E-1 2.18322E-1 2.831E-1 3.17468E-1 3.80096E-1 6.08289E-1 6.6292E-1 3.16184E-1 1.36158E-1 1.05634E-1 1.20785E-1 1.27017E-1 1.8953E-1 3.12744E-1 4.48749E-1 5.2451E-1 4.93703E-1 4.72195E-1 4.57565E-1 4.20881E-1 4.00968E-1 3.56728E-1 3.2544E-1 3.28407E-1 2.92431E-1 2.68508E-1 2.79036E-1 2.59492E-1 2.92815E-1 2.25918E-1 2.26002E-1 2.59061E-1 3.10869E-1 4.35288E-1 5.93361E-1 5.44828E-1 5.56788E-1 5.11428E-1 5.46537E-1 5.98637E-1 5.78178E-1 6.23688E-1 5.9133E-1 6.42696E-1 5.58065E-1 4.66437E-1 3.28299E-1 3.15501E-1 4.77246E-1
2.70588E-1 2.58561E-1 2.64601E-1 2.37357E-1 2.40965E-1 2.36301E-1 2.50367E-1 3.58594E-1 3.89119E-1 2.36975E-1 2.77047E-1 1.75717E-1 1.35599E-1 1.5075E-1 2.29786E-1 2.65882E-1 3.36728E-1 4.36395E-1 6.44482E-1 5.72646E-1 2.44838E-1 1.34758E-1 1.02944E-1 1.16467E-1 1.39897E-1 1.6267E-1 2.00681E-1 2.14642E-1 2.12009E-1 2.64501E-1 2.75466E-1 2.72946E-1 2.83396E-1 2.82522E-1 2.62381E-1 2.6427E-1 2.37808E-1 2.20539E-1 2.24379E-1 2.96265E-1 2.8143E-1 2.38235E-1 2.88991E-1 3.45421E-1 4.48667E-1 6.05913E-1 6.34298E-1 5.48134E-1 5.36376E-1 5.23303E-1 5.54525E-1 5.88102E-1 6.05393E-1 5.94587E-1 6.43427E-1 6.58285E-1 5.479E-1 2.95179E-1 1.79724E-1 1.38361E-1 1.68582E-1
2.36621E-1 2.1059E-1 2.22407E-1 1.92332E-1 1.93203E-1 2.45426E-1 3.98525E-1 6.23388E-1 2.12039E-1 2.24148E-1 2.04801E-1 1.56847E-1 1.08109E-1 1.24619E-1 2.22114E-1 2.74871E-1 3.62905E-1 6.08767E-1 5.95642E-1 5.10721E-1 5.4376E-1 3.59808E-1 1.84597E-1 1.22025E-1 1.24988E-1 1.67367E-1 1.62452E-1 1.63485E-1 1.7516E-1 2.06085E-1 2.19339E-1 2.45811E-1 2.71152E-1 2.4509E-1 2.5965E-1 2.61008E-1 2.30478E-1 2.07342E-1 1.99616E-1 2.27643E-1 2.05738E-1 2.6748E-1 4.61117E-1 4.88804E-1 6.27598E-1 5.47063E-1 6.76138E-1 4.87569E-1 5.08673E-1 4.8637E-1 5.48045E-1 6.16786E-1 5.93932E-1 5.73027E-1 7.02326E-1 6.90136E-1 4.5618E-1 2.10367E-1 1.23459E-1 1.07212E-1 8.94324E-2
2.80394E-1 2.94438E-1 2.36459E-1 1.84687E-1 1.68718E-1 2.64199E-1 3.64511E-1 4.33109E-1 1.46299E-1 1.62557E-1 1.33607E-1 1.20094E-1 1.46259E-1 1.56091E-1 2.43348E-1 2.68021E-1 2.86431E-1 4.25906E-1 4.86823E-1 4.58748E-1 5.03757E-1 4.62312E-1 3.69533E-1 2.93945E-1 2.09622E-1 2.12753E-1 2.05876E-1 2.10049E-1 1.99582E-1 2.0937E-1 2.19894E-1 2.2475E-1 2.21911E-1 2.541E-1 2.50343E-1 2.36197E-1 2.10364E-1 2.06901E-1 1.94147E-1 1.85092E-1 2.72951E-1 3.50429E-1 6.67747E-1 5.52791E-1 6.21685E-1 5.18681E-1 6.02263E-1 6.17574E-1 4.37689E-1 5.75274E-1 5.81058E-1 6.43327E-1 5.95798E-1 6.02614E-1 7.00972E-1 6.89928E-1 3.75672E-1 1.37797E-1 8.32741E-2 7.62492E-2 7.70525E-2
4.94238E-1 3.36542E-1 2.73368E-1 2.64157E-1 1.99392E-1 1.89593E-1 3.19113E-1 1.41011E-1 1.47533E-1 1.30561E-1 1.70376E-1 2.06588E-1 2.31552E-1 2.70025E-1 2.80697E-1 2.71153E-1 3.02883E-1 4.89633E-1 3.64438E-1 3.4511E-1 4.1163E-1 4.03638E-1 4.44664E-1 3.38909E-1 2.85509E-1 2.5281E-1 2.47115E-1 2.45992E-1 2.1413E-1 2.00146E-1 1.9133E-1 1.8922E-1 2.21935E-1 2.56823E-1 2.49665E-1 2.18294E-1 2.28456E-1 2.97309E-1 2.58707E-1 1.93692E-1 4.82577E-1 5.6949E-1 6.664E-1 6.08037E-1 6.28871E-1 6.45645E-1 5.29631E-1 6.45723E-1 4.208E-1 6.65383E-1 4.24228E-1 5.75978E-1 4.96561E-1 4.84168E-1 6.27051E-1 5.70206E-1 4.14138E-1 1.29042E-1 7.9642E-2 7.301E-2 6.79846E-2
3.62482E-1 3.38249E-1 2.9093E-1 2.672E-1 2.20712E-1 2.32131E-1 2.41732E-1 1.4224E-1 1.98925E-1 2.05054E-1 3.98044E-1 2.77556E-1 2.72704E-1 3.83663E-1 3.46495E-1 3.12938E-1 3.05318E-1 2.83298E-1 2.89354E-1 2.84154E-1 3.39806E-1 3.33447E-1 3.52563E-1 3.61576E-1 2.95942E-1 2.76392E-1 2.48333E-1 2.4624E-1 2.48203E-1 2.45252E-1 2.27964E-1 2.01392E-1 3.29418E-1 4.67001E-1 4.82131E-1 2.40994E-1 4.56659E-1 5.56901E-1 2.54475E-1 2.01474E-1 3.57841E-1 5.74198E-1 5.30866E-1 5.88447E-1 6.21466E-1 5.62312E-1 6.24184E-1 4.2278E-1 4.90425E-1 6.8214E-1 3.62219E-1 3.12672E-1 2.84152E-1 4.13012E-1 5.33356E-1 4.65052E-1 2.36082E-1 1.05006E-1 8.67414E-2 7.43846E-2 6.25906E-2
3.99639E-1 3.43781E-1 3.29108E-1 3.11125E-1 2.98644E-1 2.20611E-1 2.83139E-1 1.96318E-1 2.80917E-1 5.19673E-1 3.82261E-1 3.6924E-1 1.93512E-1 3.90068E-1 4.29156E-1 3.60978E-1 3.12885E-1 2.79504E-1 2.71467E-1 2.68578E-1 2.9799E-1 3.20163E-1 4.52089E-1 4.5285E-1 3.28661E-1 3.23483E-1 2.82814E-1 2.4354E-1 3.29054E-1 4.37054E-1 2.48654E-1 2.75638E-1 2.62378E-1 5.20173E-1 3.62859E-1 3.57174E-1 5.60531E-1 2.70588E-1 2.5057E-1 2.48782E-1 5.91996E-1 2.2808E-1 3.43181E-1 5.1861E-1 5.48815E-1 4.61852E-1 5.97819E-1 3.70775E-1 5.28365E-1 7.37896E-1 4.90083E-1 3.53665E-1 2.79055E-1 1.95729E-1 3.39702E-1 2.70862E-1 1.40284E-1 8.89037E-2 7.54511E-2 6.05587E-2 5.88972E-2
4.61991E-1 3.98216E-1 4.12051E-1 3.17595E-1 2.54259E-1 1.65773E-1 1.69624E-1 1.88072E-1 4.11419E-1 3.1056E-1 3.46896E-1 2.6556E-1 1.7612E-1 3.13901E-1 4.69476E-1 4.22132E-1 3.06005E-1 2.76365E-1 2.70402E-1 2.49368E-1 2.87542E-1 3.09368E-1 4.42323E-1 5.36524E-1 4.61937E-1 4.47681E-1 5.31963E-1 5.11538E-1 4.85177E-1 3.42512E-1 2.40171E-1 2.17909E-1 3.62214E-1 2.91134E-1 2.15774E-1 4.97716E-1 4.79342E-1 5.34453E-1 7.19567E-1 5.20701E-1 1.63831E-1 1.47072E-1 2.86071E-1 4.70407E-1 5.41004E-1 5.10189E-1 4.96688E-1 3.76928E-1 6.37018E-1 7.14167E-1 5.83719E-1 3.76255E-1 1.92996E-1 1.53448E-1 2.49908E-1 1.74065E-1 1.14736E-1 7.2582E-2 5.71447E-2 5.60418E-2 5.42538E-2
4.5788E-1 4.34759E-1 3.65808E-1 3.70067E-1 2.96994E-1 2.27293E-1 2.9189E-1 2.59322E-1 2.8902E-1 1.81146E-1 3.13909E-1 1.88346E-1 1.89373E-1 5.35914E-1 4.66376E-1 4.20481E-1 3.11559E-1 2.6366E-1 2.63187E-1 2.42188E-1 2.3492E-1 3.00061E-1 5.82698E-1 4.39942E-1 4.6115E-1 5.08141E-1 6.01768E-1 5.31575E-1 2.5388E-1 3.14902E-1 2.80795E-1 3.15139E-1 2.59186E-1 2.90568E-1 4.27871E-1 3.48269E-1 6.10719E-1 3.0841E-1 1.84069E-1 1.68303E-1 1.3192E-1 1.61619E-1 3.04838E-1 4.66362E-1 4.49805E-1 4.78071E-1 4.87465E-1 4.0817E-1 6.46524E-1 5.9096E-1 5.45406E-1 2.98907E-1 1.36746E-1 1.65556E-1 1.71873E-1 1.38211E-1 1.02192E-1 7.17034E-2 6.37309E-2 6.25774E-2 6.35064E-2
4.11376E-1 4.19657E-1 3.81839E-1 3.62113E-1 3.3687E-1 3.15705E-1 3.54431E-1 2.14723E-1 1.34967E-1 1.51969E-1 1.9503E-1 1.34564E-1 3.15307E-1 4.61521E-1 3.50681E-1 3.28533E-1 2.69183E-1 2.39808E-1 2.43423E-1 2.37676E-1 2.67112E-1 3.38952E-1 4.78974E-1 5.55329E-1 4.22392E-1 4.11076E-1 3.9243E-1 2.60892E-1 4.03624E-1 2.49456E-1 2.32862E-1 2.91146E-1 1.78793E-1 3.23376E-1 3.65927E-1 1.8651E-1 4.46866E-1 1.59299E-1 1.46182E-1 1.21457E-1 1.89612E-1 3.5024E-1 3.91358E-1 4.76062E-1 3.84822E-1 4.40817E-1 4.90086E-1 5.13652E-1 6.01356E-1 5.65375E-1 6.72106E-1 2.46918E-1 1.44924E-1 2.19625E-1 1.78122E-1 1.21418E-1 1.00242E-1 7.76458E-2 6.98964E-2 6.78577E-2 6.73871E-2
4.46384E-1 4.4611E-1 3.1815E-1 3.01735E-1 3.30705E-1 3.44577E-1 1.22385E-1 1.16696E-1 2.55861E-1 1.19201E-1 1.16274E-1 1.1633E-1 3.29332E-1 2.22846E-1 1.84758E-1 1.73953E-1 2.25729E-1 3.20179E-1 2.94185E-1 3.58613E-1 4.51761E-1 4.09933E-1 4.08988E-1 4.98219E-1 3.83906E-1 3.10172E-1 4.09697E-1 2.29454E-1 3.25537E-1 3.48146E-1 2.03846E-1 1.41558E-1 2.20656E-1 2.29025E-1 1.58461E-1 8.38871E-2 1.24276E-1 9.31868E-2 1.01968E-1 2.0677E-1 2.60257E-1 3.76242E-1 4.57427E-1 4.85896E-1 5.0031E-1 4.87315E-1 6.00076E-1 6.17446E-1 6.57484E-1 6.3095E-1 7.00016E-1 2.87029E-1 1.29642E-1 2.05613E-1 1.63651E-1 1.28367E-1 1.09833E-1 9.19197E-2 8.83132E-2 7.88847E-2 6.96624E-2
4.98725E-1 4.12595E-1 3.64462E-1 2.64188E-1 2.5018E-1 1.47594E-1 9.50387E-2 1.98897E-1 2.98965E-1 1.07627E-1 1.3723E-1 1.49052E-1 2.2284E-1 1.10352E-1 2.05971E-1 2.27523E-1 2.24446E-1 4.55177E-1 2.83717E-1 2.43109E-1 3.63981E-1 3.67841E-1 4.23937E-1 3.7204E-1 2.96845E-1 3.07116E-1 3.0896E-1 1.86825E-1 1.70611E-1 3.0145E-1 3.44592E-1 2.20657E-1 3.51697E-1 1.29274E-1 1.61769E-1 9.15416E-2 5.79271E-2 9.04869E-2 1.35963E-1 1.2519E-1 1.80105E-1 3.44252E-1 4.28899E-1 4.96694E-1 5.64771E-1 5.80544E-1 4.71715E-1 6.31237E-1 5.02571E-1 6.16895E-1 5.90934E-1 3.79059E-1 2.05469E-1 1.86232E-1 2.04135E-1 1.59737E-1 1.32462E-1 1.09685E-1 9.62344E-2 9.85243E-2 8.16903E-2
4.34596E-1 4.31382E-1 4.1539E-1 3.67359E-1 1.14441E-1 1.17035E-1 8.97942E-2 2.00422E-1 1.24325E-1 9.15756E-2 1.19194E-1 1.14955E-1 1.44105E-1 9.24408E-2 2.05343E-1 1.43715E-1 1.04405E-1 2.18036E-1 2.16903E-1 2.41568E-1 2.97076E-1 5.13825E-1 3.42189E-1 3.64421E-1 4.44678E-1 2.63065E-1 2.30238E-1 1.97672E-1 3.62203E-1 2.8635E-1 2.86098E-1 4.49398E-1 2.30963E-1 2.4638E-1 3.23478E-1 7.4442E-2 7.17855E-2 1.01852E-1 1.33023E-1 1.51624E-1 1.42032E-1 1.90136E-1 3.42084E-1 4.74936E-1 4.99007E-1 6.39878E-1 5.71822E-1 6.19386E-1 5.15787E-1 6.0473E-1 5.80478E-1 4.58437E-1 3.78487E-1 2.93798E-1 3.39961E-1 3.99674E-1 3.0357E-1 1.9352E-1 1.50658E-1 1.283E-1 1.0158E-1
3.39788E-1 4.08601E-1 3.0015E-1 1.3806E-1 8.90271E-2 8.28068E-2 8.55257E-2 1.38311E-1 1.15028E-1 9.88673E-2 1.28991E-1 1.05194E-1 1.39367E-1 3.06446E-1 1.54618E-1 9.50919E-2 8.73897E-2 1.548E-1 1.49742E-1 1.91117E-1 1.80812E-1 2.52407E-1 3.07372E-1 3.50742E-1 3.00817E-1 2.28574E-1 1.93903E-1 4.48459E-1 5.59028E-1 2.33863E-1 2.12771E-1 4.35247E-1 1.72253E-1 1.52207E-1 6.53849E-2 5.37296E-2 9.47934E-2 1.00678E-1 1.39559E-1 1.23835E-1 1.87611E-1 1.32083E-1 2.28877E-1 3.94086E-1 5.34904E-1 6.4173E-1 5.10302E-1 5.4642E-1 7.0496E-1 6.13521E-1 5.83182E-1 6.14762E-1 7.3543E-1 6.90254E-1 7.82383E-1 7.73985E-1 7.16658E-1 5.93079E-1 4.7525E-1 3.00115E-1 1.67214E-1
3.93246E-1 2.7681E-1 2.84054E-1 1.22914E-1 1.31581E-1 1.22648E-1 1.34134E-1 1.88014E-1 1.33342E-1 1.30468E-1 9.68438E-2 2.0528E-1 1.12176E-1 3.26438E-1 1.80279E-1 1.81957E-1 1.34293E-1 1.48841E-1 2.22122E-1 1.0646E-1 1.35413E-1 2.83194E-1 1.53141E-1 2.38928E-1 2.35284E-1 2.60608E-1 5.03042E-1 5.52183E-1 3.91088E-1 2.1054E-1 2.21726E-1 2.90638E-1 1.43763E-1 3.21874E-1 6.07896E-2 5.86859E-2 6.48649E-2 6.85705E-2 9.14369E-2 9.54592E-2 9.32715E-2 2.32261E-1 1.66496E-1 3.15192E-1 4.57019E-1 6.43952E-1 4.54658E-1 4.70073E-1 6.43005E-1 7.18594E-1 6.62851E-1 8.25011E-1 9.19365E-1 8.86037E-1 8.47685E-1 8.20639E-1 7.79105E-1 7.64832E-1 7.27583E-1 7.14977E-1 5.6061E-1
1.65438E-1 1.63508E-1 1.26504E-1 1.94662E-1 1.76924E-1 1.90679E-1 2.09536E-1 1.48339E-1 1.15543E-1 1.48618E-1 1.49409E-1 2.46831E-1 1.5602E-1 1.81737E-1 2.85521E-1 2.13008E-1 2.85654E-1 9.56714E-2 1.86116E-1 1.8425E-1 1.24899E-1 2.47494E-1 3.50897E-1 3.14769E-1 2.46301E-1 4.79469E-1 6.48044E-1 3.64606E-1 3.26275E-1 3.94914E-1 5.5666E-1 4.00289E-1 1.26677E-1 4.03994E-1 4.6782E-2 5.5693E-2 5.69892E-2 5.72418E-2 5.72324E-2 7.01151E-2 1.02627E-1 3.08692E-1 1.52919E-1 6.23438E-1 2.82131E-1 5.65056E-1 5.70928E-1 4.24386E-1 8.20641E-1 8.44198E-1 6.12427E-1 7.4129E-1 8.58613E-1 8.54263E-1 8.4014E-1 7.91517E-1 6.89475E-1 6.22511E-1 4.37742E-1 3.58309E-1 2.81518E-1
