data/maxent/outputs/red_123.asc
ncols         426
nrows         180
xllcorner     -130.0
yllcorner     24.0
cellsize      0.16666666666666666
NODATA_value  -9999
[rows 81 to 107 of 180, columns 122 to 182 of 426]
7.15121E-2 3.44443E-2 7.8328E-2 1.27669E-1 1.06765E-1 1.2879E-1 1.17631E-1 1.02229E-1 1.13747E-1 1.52623E-1 1.19182E-1 1.6854E-1 1.85302E-1 2.49038E-1 2.28938E-1 1.39737E-1 7.78541E-2 1.02068E-1 6.34276E-2 6.84182E-2 4.74917E-2 3.45432E-2 1.72045E-2 1.46568E-2 2.85994E-2 8.12774E-2 1.80199E-1 1.29535E-1 7.67726E-2 7.55874E-2 4.68203E-2 2.77864E-2 2.21161E-2 2.06618E-2 2.0296E-2 1.93944E-2 2.22015E-2 2.51981E-2 2.97978E-2 4.39689E-2 4.51056E-2 5.16955E-2 5.38537E-2 6.46762E-2 6.28486E-2 4.57123E-2 3.95517E-2 5.32654E-2 8.52715E-2 8.13089E-2 7.63349E-2 6.87531E-2 7.94109E-2 8.46794E-2 8.33375E-2 7.80189E-2 6.29621E-2 8.32556E-2 1.09841E-1 1.13149E-1 1.06186E-1
2.83177E-2 4.01323E-2 5.50307E-2 7.30817E-2 1.03003E-1 8.53503E-2 5.51511E-2 7.64432E-2 1.0721E-1 1.92301E-1 2.0323E-1 1.95278E-1 2.06081E-1 1.67219E-1 1.38573E-1 1.52278E-1 1.87796E-1 8.98863E-2 6.29656E-2 6.67467E-2 5.66801E-2 4.06996E-2 3.10772E-2 2.26457E-2 2.7194E-2 9.77332E-2 2.15602E-1 1.30789E-1 8.80053E-2 6.68425E-2 4.55234E-2 3.14114E-2 2.46821E-2 1.80517E-2 1.86964E-2 1.90131E-2 2.10709E-2 2.58933E-2 3.67398E-2 3.65451E-2 3.45084E-2 4.34874E-2 4.94571E-2 6.43789E-2 6.318E-2 5.46742E-2 4.66389E-2 5.52082E-2 6.53873E-2 8.01558E-2 8.35249E-2 8.09267E-2 8.25108E-2 1.04158E-1 1.06444E-1 8.99354E-2 8.61288E-2 1.13881E-1 1.17048E-1 1.1512E-1 1.03793E-1
2.10064E-2 3.95737E-2 5.31695E-2 5.3294E-2 5.53666E-2 8.52134E-2 1.56938E-1 9.32959E-2 8.93982E-2 1.62408E-1 1.23235E-1 1.44885E-1 8.83807E-2 6.63655E-2 4.83996E-2 4.40307E-2 6.94729E-2 6.57493E-2 5.95349E-2 3.84833E-2 3.47995E-2 7.41457E-2 3.54612E-2 3.16419E-2 2.56369E-2 9.20315E-2 2.23498E-1 1.47791E-1 9.83574E-2 7.56825E-2 5.7873E-2 4.08109E-2 3.55256E-2 2.63723E-2 2.86707E-2 2.09752E-2 2.04047E-2 2.80594E-2 3.73776E-2 3.47951E-2 3.55048E-2 5.05537E-2 5.87915E-2 6.4283E-2 7.64845E-2 6.75899E-2 5.83875E-2 6.00746E-2 7.10839E-2 8.67797E-2 8.9545E-2 9.95318E-2 1.1485E-1 1.21848E-1 1.24028E-1 1.18689E-1 1.19049E-1 1.20507E-1 1.2071E-1 1.21455E-1 1.07716E-1
6.56832E-2 8.17004E-2 8.05969E-2 1.15753E-1 1.38837E-1 1.76879E-1 2.12732E-1 1.12857E-1 1.23903E-1 1.73813E-1 1.43576E-1 1.28257E-1 8.23282E-2 3.85311E-2 2.23683E-2 4.21553E-2 1.10401E-1 1.21733E-1 1.10778E-1 7.49757E-2 7.45314E-2 5.37399E-2 3.10303E-2 2.71291E-2 3.34511E-2 6.18349E-2 2.05544E-1 2.47073E-1 2.13362E-1 1.22838E-1 8.75061E-2 6.59675E-2 6.11715E-2 3.85241E-2 4.27593E-2 3.26914E-2 2.40859E-2 3.06411E-2 3.71681E-2 3.96521E-2 4.35907E-2 5.3054E-2 5.5341E-2 6.39439E-2 7.83874E-2 7.65581E-2 8.09974E-2 7.54893E-2 9.08789E-2 1.1743E-1 1.25841E-1 1.24363E-1 1.23894E-1 1.29803E-1 1.29823E-1 1.25482E-1 1.26638E-1 1.275E-1 1.29656E-1 1.28218E-1 1.25306E-1
9.52846E-2 1.14112E-1 1.39072E-1 2.04843E-1 2.91173E-1 2.75854E-1 1.9562E-1 1.84998E-1 1.71646E-1 1.4317E-1 1.2097E-1 8.05981E-2 5.54714E-2 2.08211E-2 2.74245E-2 1.35376E-1 1.54709E-1 7.99631E-2 7.54286E-2 3.50466E-2 2.87163E-2 3.44549E-2 1.82654E-2 2.54754E-2 3.98911E-2 7.23217E-2 1.68219E-1 2.61028E-1 2.56003E-1 1.78923E-1 1.07911E-1 9.37755E-2 7.59245E-2 5.99167E-2 6.06758E-2 4.2217E-2 4.57401E-2 4.07172E-2 3.85564E-2 3.97883E-2 4.86653E-2 5.32322E-2 5.90876E-2 7.1205E-2 7.23806E-2 6.55161E-2 7.95008E-2 8.17355E-2 8.07672E-2 1.03749E-1 1.16203E-1 1.19841E-1 1.29854E-1 1.32023E-1 1.30691E-1 1.32458E-1 1.31111E-1 1.33142E-1 1.36158E-1 1.34079E-1 1.25509E-1
1.87642E-1 2.1568E-1 2.60625E-1 2.70391E-1 2.61522E-1 2.35408E-1 1.73836E-1 1.48709E-1 1.30244E-1 1.32669E-1 2.07654E-1 2.54392E-1 3.63095E-1 2.18718E-1 1.03824E-1 1.27952E-1 1.24524E-1 9.41706E-2 5.48641E-2 3.75749E-2 1.96184E-2 2.26201E-2 1.95377E-2 1.6765E-2 2.17125E-2 4.32733E-2 9.59298E-2 2.31406E-1 2.38006E-1 1.56824E-1 8.37895E-2 8.20572E-2 7.2698E-2 6.50292E-2 6.69503E-2 4.97682E-2 5.8451E-2 4.85891E-2 4.39337E-2 4.34996E-2 4.64468E-2 5.54044E-2 5.82185E-2 6.60089E-2 6.44549E-2 5.8228E-2 7.30584E-2 7.305E-2 6.24464E-2 6.77644E-2 8.37685E-2 8.17099E-2 1.06819E-1 1.1765E-1 1.18467E-1 1.2793E-1 1.4182E-1 1.4311E-1 1.41688E-1 1.37596E-1 1.33261E-1
2.12711E-1 2.8143E-1 3.38894E-1 2.91379E-1 2.44325E-1 3.16366E-1 3.00608E-1 3.07077E-1 2.62427E-1 2.29643E-1 1.51663E-1 1.99313E-1 2.27901E-1 4.73117E-2 1.98774E-1 1.27974E-1 6.79283E-2 4.10324E-2 1.86786E-2 1.72182E-2 1.44625E-2 1.56074E-2 1.49543E-2 1.70876E-2 1.92049E-2 4.35628E-2 7.69279E-2 1.44871E-1 1.67984E-1 1.3327E-1 7.3945E-2 7.58609E-2 7.23592E-2 6.30077E-2 4.96715E-2 5.36482E-2 4.78017E-2 4.70462E-2 4.65363E-2 4.61981E-2 4.98483E-2 5.36466E-2 6.10202E-2 6.92031E-2 7.58379E-2 7.36745E-2 7.5119E-2 7.5932E-2 6.99262E-2 6.18353E-2 6.04798E-2 6.13427E-2 7.364E-2 1.01804E-1 1.12107E-1 1.21079E-1 1.42753E-1 1.45017E-1 1.47144E-1 1.2873E-1 1.30722E-1
2.48753E-1 2.94429E-1 1.82343E-1 9.35327E-2 8.46481E-2 8.40634E-2 2.15039E-1 3.11417E-1 1.97955E-1 2.46207E-1 1.73981E-1 6.34914E-2 3.65435E-2 2.28405E-2 5.57051E-2 3.33355E-2 5.73051E-2 2.62076E-2 1.26972E-2 1.31266E-2 1.18776E-2 1.29354E-2 1.81201E-2 1.50868E-2 1.74525E-2 2.12797E-2 7.34982E-2 6.80581E-2 1.11792E-1 5.6772E-2 3.8883E-2 5.64857E-2 4.94314E-2 4.92996E-2 4.34959E-2 4.19522E-2 3.83494E-2 4.84963E-2 4.62832E-2 4.94192E-2 5.01703E-2 5.14046E-2 6.33436E-2 7.11162E-2 7.8888E-2 7.76989E-2 7.38506E-2 7.94562E-2 8.20123E-2 6.26025E-2 6.36395E-2 6.30997E-2 7.74621E-2 8.99724E-2 9.72434E-2 1.13596E-1 1.46434E-1 1.48597E-1 1.47771E-1 1.41816E-1 1.1277E-1
2.48579E-1 1.32119E-1 5.63652E-2 1.2959E-1 2.38557E-1 1.82916E-1 1.27436E-1 1.70202E-1 2.7441E-1 9.25775E-2 2.64155E-2 1.48502E-2 2.28566E-2 4.74896E-2 2.61188E-2 9.48976E-3 1.10428E-2 1.30112E-2 6.72293E-3 1.13852E-2 1.3494E-2 1.28489E-2 7.77853E-3 5.12168E-3 2.36341E-2 3.09374E-2 3.96191E-2 3.14825E-2 6.2832E-2 5.66333E-2 4.47847E-2 4.57532E-2 3.98782E-2 4.27697E-2 4.2748E-2 4.0869E-2 4.01724E-2 3.71006E-2 4.56882E-2 4.89985E-2 4.90157E-2 4.77387E-2 4.88008E-2 5.22616E-2 6.54636E-2 6.27332E-2 8.39221E-2 9.23166E-2 7.70599E-2 6.3499E-2 7.1203E-2 7.61906E-2 9.31535E-2 9.95586E-2 9.08284E-2 1.06297E-1 1.46493E-1 1.50637E-1 1.51597E-1 1.45644E-1 1.13006E-1
7.85758E-2 5.41829E-2 6.52848E-2 2.50903E-1 2.2883E-1 1.95253E-1 2.51999E-1 1.53271E-1 2.45866E-1 1.63297E-1 1.91175E-1 1.39678E-1 1.72022E-1 9.6831E-2 5.77122E-2 1.32095E-2 9.56947E-3 8.51023E-3 7.63009E-3 8.33241E-3 1.61775E-2 2.18544E-2 1.04507E-2 5.8709E-3 1.7998E-2 2.62347E-2 2.35172E-2 1.46625E-2 7.54752E-2 1.01024E-1 5.4819E-2 4.04912E-2 3.6433E-2 3.39576E-2 3.24996E-2 4.28775E-2 3.91779E-2 4.08864E-2 3.49437E-2 3.84167E-2 3.36195E-2 3.14974E-2 3.74153E-2 4.42873E-2 4.93402E-2 6.38177E-2 8.87438E-2 9.54746E-2 8.60232E-2 7.01226E-2 6.64776E-2 7.76E-2 9.85528E-2 1.00961E-1 9.06803E-2 9.56253E-2 1.42472E-1 1.45134E-1 1.46267E-1 1.42211E-1 1.277E-1
1.27299E-1 1.44066E-1 1.97358E-1 2.65406E-1 3.22555E-1 1.52023E-1 1.48609E-1 2.53989E-1 1.61963E-1 8.84229E-2 1.37037E-1 1.79552E-1 1.7867E-1 3.00657E-2 1.94679E-2 1.54064E-2 6.73536E-3 1.40782E-2 9.75182E-3 7.49957E-3 1.44664E-2 3.44985E-2 1.85412E-2 1.63409E-2 2.40017E-2 2.6983E-2 3.98256E-2 1.22916E-2 3.88071E-2 9.67385E-2 6.22984E-2 4.32779E-2 4.20101E-2 3.04751E-2 3.04989E-2 3.07087E-2 4.81102E-2 4.40683E-2 3.49864E-2 3.24925E-2 2.45833E-2 2.12023E-2 2.82441E-2 3.48739E-2 3.69133E-2 4.88645E-2 7.14641E-2 8.00918E-2 7.82898E-2 7.13769E-2 8.03946E-2 1.04448E-1 1.21755E-1 1.40428E-1 1.24995E-1 1.33537E-1 1.51068E-1 1.49588E-1 1.40525E-1 1.26124E-1 1.19969E-1
1.7717E-1 2.47769E-1 2.45634E-1 2.29757E-1 3.15655E-1 2.77006E-1 1.05264E-1 1.9966E-1 2.30655E-1 1.47334E-1 1.34758E-1 1.63707E-1 6.81246E-2 2.54057E-2 2.28562E-2 1.53652E-2 2.36231E-3 6.45544E-3 1.35259E-2 9.32599E-3 1.28924E-2 4.82809E-2 3.95307E-2 2.33805E-2 3.26623E-2 7.30754E-2 1.2296E-1 1.18865E-1 1.39629E-1 7.39819E-2 4.58833E-2 2.98536E-2 3.22285E-2 2.46163E-2 2.35673E-2 2.20747E-2 3.83887E-2 3.40222E-2 2.9743E-2 2.59035E-2 2.73462E-2 2.07476E-2 1.65235E-2 2.31349E-2 3.14665E-2 4.14052E-2 5.4072E-2 6.37951E-2 6.07669E-2 6.20236E-2 8.16988E-2 1.13118E-1 1.48558E-1 1.45778E-1 1.52038E-1 1.53337E-1 1.52114E-1 1.47601E-1 1.39604E-1 1.28231E-1 1.379E-1
2.1212E-1 2.49461E-1 1.45816E-1 2.0691E-1 2.92892E-1 2.60068E-1 2.55634E-1 1.14705E-1 1.04961E-1 1.85623E-1 1.51396E-1 1.26264E-1 4.0763E-2 1.16087E-2 8.21041E-3 4.5301E-3 4.25325E-3 3.35068E-3 4.41083E-3 9.95782E-3 1.26226E-2 2.50176E-2 3.94384E-2 4.97311E-2 7.84135E-2 9.78601E-2 1.2818E-1 1.12424E-1 9.55282E-2 6.02697E-2 4.27232E-2 2.7381E-2 2.43432E-2 1.72678E-2 1.8901E-2 1.8993E-2 2.54114E-2 2.18614E-2 2.43429E-2 2.64563E-2 2.12255E-2 1.79872E-2 1.54831E-2 1.57802E-2 2.5835E-2 3.33661E-2 4.36561E-2 4.9055E-2 5.64204E-2 5.9818E-2 6.71165E-2 1.12642E-1 1.37516E-1 1.45825E-1 1.49001E-1 1.53056E-1 1.54208E-1 1.50479E-1 1.44499E-1 1.4659E-1 1.54572E-1
2.01985E-1 1.78191E-1 2.47078E-1 2.98385E-1 3.06031E-1 2.56286E-1 1.99434E-1 2.34445E-1 1.55902E-1 7.58244E-2 9.5858E-2 1.32991E-1 3.53804E-2 1.58866E-2 1.17342E-2 7.54631E-3 6.88049E-3 3.10074E-3 1.35765E-2 2.15862E-2 2.3064E-2 2.74802E-2 3.02681E-2 2.26257E-2 6.30244E-2 7.97256E-2 6.6368E-2 1.19603E-1 6.69706E-2 5.16157E-2 4.91266E-2 2.3602E-2 1.85609E-2 1.92058E-2 1.57101E-2 1.62748E-2 1.8884E-2 2.19385E-2 2.7067E-2 2.83617E-2 2.13589E-2 1.60129E-2 1.49026E-2 1.55258E-2 2.45374E-2 3.14703E-2 4.58912E-2 4.88043E-2 6.07468E-2 6.529E-2 7.28597E-2 9.84001E-2 1.36585E-1 1.46963E-1 1.52189E-1 1.55272E-1 1.54965E-1 1.53441E-1 1.58331E-1 1.58635E-1 1.58657E-1
2.75166E-1 2.15497E-1 2.34456E-1 2.53717E-1 2.93735E-1 2.2961E-1 2.15277E-1 2.15968E-1 1.5412E-1 1.06652E-1 5.0117E-2 6.30907E-2 1.8404E-2 9.52699E-3 1.05946E-2 8.27007E-3 8.55638E-3 4.94783E-3 1.67424E-2 2.0626E-2 4.07103E-2 1.37395E-2 4.41559E-3 4.09402E-2 1.74095E-2 5.57706E-2 2.77397E-2 5.16004E-2 1.07687E-1 6.35999E-2 3.9552E-2 2.67788E-2 2.15742E-2 1.41114E-2 1.87004E-2 1.78604E-2 2.35697E-2 2.82571E-2 3.28021E-2 2.44849E-2 1.72883E-2 1.52866E-2 1.94255E-2 2.06494E-2 2.48072E-2 2.91092E-2 3.91476E-2 5.73147E-2 6.27563E-2 6.86376E-2 7.71421E-2 1.00739E-1 1.27538E-1 1.45706E-1 1.55533E-1 1.57913E-1 1.58436E-1 1.63881E-1 1.67331E-1 1.67939E-1 1.75797E-1
3.14765E-1 2.4433E-1 9.79886E-2 1.15016E-1 2.44118E-1 2.83374E-1 2.78176E-1 1.49369E-1 6.50437E-2 3.88129E-2 2.8977E-2 1.06287E-2 6.69558E-3 8.10598E-3 6.83773E-3 5.08698E-3 7.38914E-3 6.86149E-3 1.09839E-2 2.11186E-2 3.92885E-2 2.52887E-3 3.31304E-3 6.77094E-3 1.8553E-2 4.01586E-2 6.3873E-2 2.77785E-2 1.23917E-1 7.08351E-2 9.38403E-2 9.32863E-2 4.45844E-2 2.31147E-2 1.94804E-2 1.89847E-2 2.57852E-2 3.98494E-2 3.30552E-2 3.15284E-2 2.75028E-2 2.81757E-2 2.96681E-2 3.53163E-2 3.53378E-2 3.74755E-2 5.33585E-2 6.59461E-2 6.05272E-2 6.75908E-2 7.8537E-2 9.69312E-2 1.2265E-1 1.32964E-1 1.43066E-1 1.62048E-1 1.62714E-1 1.6665E-1 1.71774E-1 1.76389E-1 1.78683E-1
3.51882E-1 3.03264E-1 2.84322E-1 1.46295E-1 1.55768E-1 2.41168E-1 1.70901E-1 1.24378E-1 5.93204E-2 2.732E-2 1.64377E-2 1.28192E-2 8.44957E-3 6.19919E-3 6.99484E-3 4.4937E-3 1.22843E-2 1.41897E-2 2.88542E-2 3.80757E-2 9.82166E-3 2.84622E-3 3.30081E-3 5.75201E-3 3.36401E-2 3.72942E-2 8.07164E-2 8.34888E-2 1.14729E-1 9.46712E-2 1.10713E-1 1.22863E-1 1.10439E-1 5.92511E-2 3.69479E-2 4.18011E-2 5.53437E-2 7.73762E-2 5.99365E-2 5.07842E-2 5.58813E-2 5.39912E-2 5.04485E-2 4.50904E-2 4.77283E-2 4.18939E-2 4.32595E-2 5.15215E-2 5.7246E-2 6.40514E-2 8.06296E-2 9.67315E-2 1.09797E-1 1.15896E-1 1.4182E-1 1.68951E-1 1.70962E-1 1.75709E-1 1.80093E-1 1.80395E-1 1.85578E-1
3.06888E-1 2.85058E-1 3.01651E-1 3.24217E-1 2.79709E-1 2.29119E-1 2.60307E-1 1.7078E-1 8.09542E-2 4.02275E-2 4.21904E-2 3.77297E-2 1.07248E-2 1.1885E-2 1.59134E-2 1.14474E-2 9.26588E-3 2.01859E-2 2.15695E-2 3.61392E-2 2.49711E-2 2.58824E-3 2.60559E-3 5.31128E-3 6.6096E-2 1.78723E-2 3.48441E-2 1.01805E-1 9.92313E-2 1.19781E-1 1.30003E-1 1.52132E-1 9.70523E-2 9.5947E-2 6.87724E-2 1.0888E-1 1.1205E-1 1.30178E-1 1.16539E-1 1.06116E-1 6.61798E-2 5.47547E-2 4.92374E-2 4.55018E-2 4.8652E-2 4.95147E-2 5.44412E-2 5.04841E-2 4.76292E-2 6.25865E-2 7.92241E-2 8.63488E-2 9.90285E-2 1.19404E-1 1.49397E-1 1.62704E-1 1.69545E-1 1.78309E-1 1.82576E-1 1.86604E-1 1.92059E-1
2.01388E-1 1.78221E-1 1.56056E-1 1.97611E-1 3.1199E-1 3.28654E-1 2.17594E-1 2.63478E-1 1.5645E-1 3.70192E-2 1.08658E-1 8.85065E-2 6.06868E-2 3.6593E-2 4.77899E-2 3.47716E-2 3.25603E-2 1.65881E-2 1.02223E-2 1.85167E-2 5.67547E-2 5.78726E-3 2.62154E-3 3.25823E-3 9.32475E-3 2.76711E-2 3.3819E-2 4.01461E-2 7.82272E-2 1.32189E-1 1.36863E-1 8.99422E-2 8.63228E-2 6.01857E-2 5.65886E-2 1.1915E-1 1.32613E-1 1.32875E-1 1.05028E-1 1.01626E-1 7.70598E-2 7.1467E-2 7.12383E-2 5.56277E-2 4.90266E-2 5.93016E-2 6.26013E-2 6.22368E-2 5.62988E-2 6.93918E-2 9.63622E-2 1.11904E-1 1.24679E-1 1.41078E-1 1.67632E-1 1.75763E-1 1.75026E-1 1.84317E-1 1.87881E-1 1.93504E-1 1.95022E-1
1.18917E-1 1.24436E-1 1.33386E-1 1.52076E-1 2.70736E-1 3.60868E-1 3.4837E-1 3.14698E-1 2.60808E-1 1.77092E-1 2.29733E-1 1.53449E-1 1.20201E-1 1.4198E-1 1.19216E-1 4.65023E-2 5.11227E-2 2.32858E-2 1.00094E-2 2.10785E-2 4.66217E-2 2.11728E-2 4.59694E-3 1.10101E-2 1.25963E-2 4.52915E-2 1.71219E-2 1.8236E-2 1.01339E-1 1.08725E-1 1.46545E-1 1.31136E-1 6.9534E-2 6.22016E-2 9.34333E-2 1.15878E-1 1.22514E-1 9.52615E-2 1.07663E-1 9.01769E-2 7.92281E-2 7.44404E-2 7.4128E-2 6.46351E-2 5.7493E-2 6.59861E-2 7.70978E-2 7.96131E-2 7.04512E-2 8.63902E-2 1.02977E-1 1.39522E-1 1.7492E-1 1.89519E-1 1.96022E-1 1.89565E-1 1.84161E-1 1.88768E-1 1.95904E-1 1.93855E-1 1.9478E-1
1.21704E-1 1.34966E-1 1.56588E-1 1.23406E-1 7.14116E-2 1.08677E-1 3.44672E-1 3.30415E-1 2.45248E-1 2.20861E-1 2.89315E-1 1.67484E-1 1.04864E-1 2.3058E-1 1.54791E-1 8.81187E-2 5.72403E-2 5.48907E-2 2.0793E-2 1.84796E-2 4.56384E-2 4.60624E-2 1.25738E-2 1.83732E-2 1.26976E-2 3.52447E-2 1.42243E-2 3.2037E-2 1.11448E-1 1.10377E-1 1.13504E-1 1.26212E-1 1.27416E-1 1.14228E-1 1.27359E-1 1.26538E-1 1.31961E-1 1.27802E-1 1.26181E-1 1.40043E-1 1.07337E-1 9.31383E-2 7.80569E-2 8.26858E-2 8.50394E-2 9.07003E-2 1.24255E-1 1.05605E-1 9.99535E-2 1.19038E-1 1.27967E-1 1.86411E-1 2.04117E-1 2.07055E-1 2.18321E-1 2.10481E-1 2.14964E-1 2.10962E-1 1.95411E-1 2.04452E-1 2.07727E-1
1.36873E-1 1.98326E-1 2.3721E-1 2.63086E-1 8.66236E-2 6.62698E-2 1.34998E-1 2.66808E-1 2.11274E-1 1.74218E-1 2.46671E-1 2.74609E-1 2.79028E-1 1.91585E-1 1.34825E-1 9.25751E-2 5.39356E-2 4.07403E-2 4.56248E-2 2.00675E-2 3.65529E-2 6.04495E-2 3.62245E-2 1.6911E-2 4.22657E-2 3.05374E-2 1.49706E-2 6.9371E-2 9.6324E-2 1.06112E-1 9.14686E-2 8.21725E-2 8.96713E-2 1.09195E-1 1.5016E-1 1.36855E-1 1.12383E-1 1.11921E-1 1.156E-1 1.17823E-1 1.18779E-1 9.88021E-2 1.00399E-1 9.51887E-2 1.12031E-1 1.24949E-1 1.40388E-1 1.25218E-1 1.12915E-1 1.37323E-1 1.71188E-1 1.98041E-1 2.00761E-1 2.03472E-1 2.13827E-1 2.37728E-1 2.46576E-1 2.43915E-1 2.35507E-1 2.38034E-1 2.29016E-1
1.44245E-1 2.17865E-1 3.62115E-1 3.38484E-1 1.35354E-1 5.51252E-2 6.37448E-2 9.01154E-2 1.48079E-1 1.50377E-1 1.69478E-1 1.81483E-1 2.48693E-1 1.19656E-1 1.12994E-1 5.65397E-2 8.21905E-2 6.86242E-2 3.19185E-2 4.385E-2 3.13598E-2 6.13178E-2 3.44503E-2 3.33367E-2 7.96674E-2 1.99493E-2 2.15205E-2 8.4517E-2 1.17894E-1 9.48106E-2 7.28868E-2 3.6597E-2 6.91401E-2 7.65784E-2 1.35403E-1 1.18848E-1 9.42848E-2 8.66103E-2 9.14393E-2 1.03669E-1 1.11792E-1 1.17485E-1 1.11856E-1 1.04762E-1 1.22225E-1 1.25408E-1 1.22401E-1 1.13557E-1 1.10454E-1 1.37294E-1 1.76317E-1 2.04268E-1 2.12433E-1 2.29495E-1 2.34906E-1 2.42219E-1 2.52254E-1 2.58545E-1 2.58558E-1 2.77798E-1 2.62735E-1
1.12675E-1 1.92974E-1 3.246E-1 2.44275E-1 1.92822E-1 5.99479E-2 5.97884E-2 9.05222E-2 1.28784E-1 1.22758E-1 1.68479E-1 1.91606E-1 2.03162E-1 9.20256E-2 1.1426E-1 4.63605E-2 6.44561E-2 6.53136E-2 2.71628E-2 8.46518E-2 4.67395E-2 8.56649E-2 4.35512E-2 3.41849E-2 7.29316E-2 1.83924E-2 3.35491E-2 9.01232E-2 1.49276E-1 6.86656E-2 2.44066E-2 4.40507E-2 9.24648E-2 8.83489E-2 8.28682E-2 7.65536E-2 7.1995E-2 7.97391E-2 8.72118E-2 8.90123E-2 1.00374E-1 1.02055E-1 1.11828E-1 1.43245E-1 1.4674E-1 1.48904E-1 1.42112E-1 1.15194E-1 9.91277E-2 1.33568E-1 1.92334E-1 2.27974E-1 2.26448E-1 2.22077E-1 2.28396E-1 2.50152E-1 2.61826E-1 2.78989E-1 2.84037E-1 2.84266E-1 2.92333E-1
1.03607E-1 2.01225E-1 2.81024E-1 2.40596E-1 2.87034E-1 1.00106E-1 6.69488E-2 8.19809E-2 1.29259E-1 1.20128E-1 1.24338E-1 1.17857E-1 1.721E-1 5.90164E-2 8.51518E-2 6.15016E-2 9.47912E-2 1.38791E-1 6.44659E-2 1.33788E-1 1.28573E-1 1.56671E-1 7.92937E-2 3.80396E-2 8.15271E-2 3.81954E-2 3.06823E-2 4.92589E-2 1.08724E-1 4.33772E-2 2.3826E-2 3.08392E-2 5.03856E-2 5.59204E-2 6.64816E-2 7.86002E-2 7.01359E-2 7.70694E-2 6.93247E-2 7.60359E-2 9.32931E-2 1.06056E-1 1.33369E-1 1.44886E-1 1.63236E-1 1.64065E-1 1.36382E-1 1.27166E-1 1.42551E-1 1.85692E-1 2.33673E-1 2.46043E-1 2.21285E-1 2.18541E-1 2.15736E-1 2.42152E-1 2.59671E-1 2.70341E-1 2.90382E-1 3.01444E-1 3.08393E-1
1.16399E-1 2.27895E-1 2.42238E-1 1.89716E-1 2.49901E-1 1.31956E-1 6.22967E-2 7.07345E-2 7.87896E-2 7.16977E-2 1.02751E-1 9.40656E-2 1.33514E-1 4.08007E-2 3.52651E-2 4.47855E-2 5.93524E-2 1.24085E-1 1.50168E-1 1.43862E-1 1.36246E-1 8.29777E-2 1.13506E-1 1.63205E-1 8.42168E-2 2.43179E-2 3.69949E-2 8.41329E-2 1.47703E-1 8.65346E-2 3.59299E-2 3.21341E-2 3.02171E-2 4.88304E-2 6.62762E-2 6.46937E-2 7.48835E-2 7.36258E-2 7.47852E-2 7.18329E-2 6.24106E-2 8.52827E-2 1.11524E-1 1.55661E-1 1.62782E-1 1.80726E-1 1.68116E-1 1.67304E-1 1.80631E-1 2.23879E-1 2.59141E-1 2.5508E-1 2.39506E-1 2.42695E-1 2.42333E-1 2.46806E-1 2.56097E-1 2.79259E-1 2.99674E-1 3.15996E-1 3.41027E-1
9.22625E-2 2.4347E-1 2.2896E-1 1.58658E-1 1.64932E-1 2.35852E-1 7.47919E-2 8.17917E-2 8.62786E-2 8.19684E-2 6.82052E-2 5.91843E-2 4.06945E-2 4.5264E-2 3.15543E-2 4.04135E-2 1.14058E-1 5.94184E-2 1.03358E-1 1.23153E-1 2.37234E-1 9.39913E-2 2.06189E-1 1.25727E-1 2.76217E-2 5.74203E-2 1.13701E-1 1.03865E-1 1.13582E-1 8.95325E-2 7.89442E-2 9.07156E-2 5.84133E-2 6.41947E-2 7.67617E-2 9.35564E-2 8.27481E-2 7.53759E-2 7.7336E-2 5.91145E-2 6.75047E-2 8.69184E-2 1.2071E-1 1.3962E-1 1.60516E-1 1.94428E-1 1.92045E-1 1.99081E-1 2.05126E-1 2.4006E-1 2.67112E-1 2.72877E-1 2.70403E-1 2.66616E-1 2.67498E-1 2.70358E-1 2.85219E-1 2.99582E-1 2.97641E-1 3.15692E-1 3.28942E-1
