data/maxent/outputs/red_140.asc
ncols         426
nrows         180
xllcorner     -130.0
yllcorner     24.0
cellsize      0.16666666666666666
NODATA_value  -9999
[rows 108 to 134 of 180, columns 244 to 304 of 426]
5.97814E-1 5.81122E-1 5.53768E-1 5.40543E-1 5.20325E-1 4.9457E-1 4.74066E-1 4.62484E-1 4.94667E-1 4.33635E-1 4.35408E-1 4.47335E-1 4.66078E-1 4.92619E-1 5.29643E-1 5.39743E-1 5.19698E-1 5.34333E-1 5.15046E-1 5.24974E-1 5.27241E-1 5.15592E-1 4.99074E-1 4.87861E-1 4.67177E-1 4.67718E-1 4.67219E-1 4.66184E-1 4.93303E-1 5.30043E-1 6.09956E-1 6.43932E-1 6.13197E-1 5.46479E-1 5.52283E-1 5.96274E-1 6.04879E-1 6.40218E-1 7.19319E-1 7.17251E-1 7.60765E-1 7.56519E-1 7.3426E-1 7.76904E-1 8.7257E-1 8.36587E-1 7.79182E-1 7.77045E-1 7.5351E-1 7.4385E-1 7.6984E-1 7.76902E-1 7.76548E-1 8.27056E-1 8.30503E-1 8.0219E-1 7.50495E-1 7.28927E-1 6.73323E-1 6.92558E-1 7.43315E-1
5.85705E-1 5.7639E-1 5.64599E-1 5.42487E-1 5.15634E-1 4.98994E-1 4.77043E-1 4.45021E-1 4.35762E-1 4.2174E-1 4.21157E-1 4.3099E-1 4.38464E-1 4.59102E-1 4.97024E-1 4.90415E-1 4.88156E-1 4.873E-1 4.88899E-1 4.8983E-1 4.87692E-1 5.03535E-1 4.99923E-1 4.78964E-1 4.47689E-1 4.49921E-1 4.45257E-1 4.97355E-1 4.7793E-1 5.01877E-1 5.68981E-1 5.37466E-1 5.36886E-1 5.42174E-1 5.58138E-1 5.90275E-1 7.30322E-1 7.38842E-1 7.41452E-1 7.12443E-1 6.68054E-1 8.20847E-1 8.39729E-1 8.35483E-1 8.52031E-1 7.98762E-1 7.99617E-1 7.79478E-1 7.80134E-1 7.80623E-1 8.12519E-1 7.91253E-1 8.14132E-1 8.52174E-1 8.40021E-1 7.86818E-1 7.30368E-1 7.01716E-1 6.3504E-1 6.60453E-1 6.9698E-1
5.82088E-1 5.68692E-1 5.65236E-1 5.46523E-1 5.02794E-1 4.87261E-1 4.55447E-1 4.38039E-1 4.25425E-1 4.05408E-1 4.10438E-1 4.20678E-1 4.27293E-1 4.48418E-1 4.54068E-1 4.67487E-1 4.74699E-1 4.70325E-1 4.64594E-1 4.60986E-1 4.74377E-1 5.11479E-1 4.98712E-1 4.58311E-1 4.44889E-1 4.38986E-1 4.31407E-1 4.45336E-1 4.32329E-1 4.63165E-1 5.2931E-1 5.06849E-1 5.43601E-1 5.92727E-1 6.51379E-1 6.59068E-1 6.31438E-1 6.54079E-1 6.50309E-1 7.04867E-1 7.29079E-1 7.50002E-1 8.0471E-1 7.93005E-1 7.98812E-1 8.5439E-1 8.16144E-1 7.65275E-1 7.46592E-1 7.9587E-1 8.74523E-1 8.04784E-1 8.12707E-1 8.19513E-1 8.18689E-1 7.30709E-1 7.09188E-1 6.41857E-1 5.79236E-1 5.90292E-1 6.13828E-1
5.67779E-1 5.6077E-1 5.3467E-1 5.07458E-1 4.77463E-1 4.55535E-1 4.42022E-1 4.34564E-1 4.27312E-1 3.86059E-1 3.96012E-1 4.14256E-1 4.25149E-1 4.42777E-1 4.5794E-1 4.64792E-1 4.62729E-1 4.59166E-1 4.58491E-1 4.485E-1 4.66518E-1 4.68167E-1 4.4998E-1 4.55837E-1 4.48249E-1 4.52797E-1 4.51434E-1 4.30322E-1 4.26029E-1 4.60963E-1 4.74488E-1 5.34594E-1 5.00415E-1 4.82909E-1 4.90868E-1 5.08491E-1 5.37469E-1 6.3658E-1 6.69981E-1 7.05502E-1 6.67877E-1 6.64644E-1 7.71829E-1 7.52528E-1 7.49969E-1 7.67081E-1 7.29286E-1 7.33512E-1 7.42047E-1 7.90791E-1 8.72497E-1 8.2547E-1 7.68122E-1 7.32252E-1 6.74202E-1 7.0054E-1 6.51395E-1 5.81714E-1 5.68659E-1 5.58723E-1 5.7239E-1
5.47141E-1 5.33544E-1 4.99959E-1 4.6367E-1 4.52208E-1 4.4062E-1 4.411E-1 4.08017E-1 3.90123E-1 3.87435E-1 3.9857E-1 4.17246E-1 4.30275E-1 4.43075E-1 4.49862E-1 4.51672E-1 4.51464E-1 4.43091E-1 4.67479E-1 4.50977E-1 4.56993E-1 4.42941E-1 4.40423E-1 4.41384E-1 4.39842E-1 4.9147E-1 4.52957E-1 4.44229E-1 4.58887E-1 4.67653E-1 4.66175E-1 5.09578E-1 4.72829E-1 4.74222E-1 5.07245E-1 4.6604E-1 5.07903E-1 5.25469E-1 6.04706E-1 5.89378E-1 6.51805E-1 7.03398E-1 7.88589E-1 7.17997E-1 7.05416E-1 7.1878E-1 7.05279E-1 7.32255E-1 7.4848E-1 8.08189E-1 8.74019E-1 8.48223E-1 7.30832E-1 6.59726E-1 5.8975E-1 6.09111E-1 5.7623E-1 5.80152E-1 5.53341E-1 5.49564E-1 5.27256E-1
4.98991E-1 4.82444E-1 4.58111E-1 4.39658E-1 4.35728E-1 4.24326E-1 4.57685E-1 3.97018E-1 3.92568E-1 4.07832E-1 4.1094E-1 4.27413E-1 4.3191E-1 4.36936E-1 4.4415E-1 4.43442E-1 4.4657E-1 4.41769E-1 4.48226E-1 4.57248E-1 4.39178E-1 4.3268E-1 4.42802E-1 4.89613E-1 5.31224E-1 4.85842E-1 4.48617E-1 4.49335E-1 5.03734E-1 4.51521E-1 4.308E-1 4.13106E-1 4.01941E-1 4.59105E-1 4.92978E-1 4.44655E-1 4.62291E-1 4.8999E-1 6.39637E-1 6.29286E-1 6.78386E-1 7.0824E-1 7.07455E-1 7.03773E-1 7.07942E-1 7.16586E-1 7.10083E-1 7.00171E-1 7.29328E-1 7.88828E-1 7.96042E-1 7.63174E-1 6.65637E-1 6.00838E-1 5.58889E-1 5.44629E-1 5.41428E-1 5.2103E-1 5.00979E-1 5.12842E-1 5.15648E-1
4.63703E-1 4.40729E-1 4.32224E-1 4.25837E-1 4.26466E-1 4.09105E-1 4.29297E-1 4.46997E-1 4.28256E-1 4.3377E-1 4.55932E-1 4.55629E-1 4.44736E-1 4.37918E-1 4.40102E-1 4.40694E-1 4.45056E-1 4.54257E-1 4.57327E-1 4.44536E-1 4.21011E-1 4.14116E-1 4.29398E-1 4.4232E-1 4.50145E-1 4.4629E-1 4.40005E-1 4.84284E-1 5.15982E-1 4.14154E-1 3.99754E-1 4.2298E-1 4.27496E-1 4.69498E-1 4.63614E-1 4.49284E-1 4.93248E-1 5.86032E-1 6.93687E-1 6.51795E-1 6.32968E-1 6.92052E-1 7.13098E-1 7.24833E-1 7.50241E-1 7.33326E-1 6.94161E-1 6.78679E-1 6.75964E-1 6.92944E-1 7.0387E-1 6.69209E-1 6.14855E-1 5.7474E-1 5.47785E-1 5.41417E-1 5.23919E-1 4.77295E-1 4.70474E-1 4.56681E-1 4.51715E-1
4.38685E-1 4.24186E-1 4.15615E-1 4.10517E-1 4.05141E-1 3.89019E-1 3.9096E-1 4.0726E-1 4.33795E-1 4.67108E-1 4.80133E-1 4.77221E-1 5.06133E-1 4.82054E-1 4.43075E-1 4.41689E-1 4.74246E-1 4.48126E-1 4.54085E-1 4.32042E-1 4.35206E-1 4.12566E-1 4.16839E-1 4.43074E-1 4.31093E-1 4.5276E-1 4.62812E-1 4.9711E-1 4.32205E-1 4.29602E-1 4.09918E-1 4.04881E-1 4.71171E-1 5.19561E-1 4.94124E-1 5.32113E-1 5.53557E-1 5.57995E-1 6.57053E-1 6.11932E-1 6.42451E-1 6.8524E-1 7.1247E-1 7.17077E-1 7.34713E-1 7.24803E-1 6.93413E-1 6.51395E-1 6.21667E-1 5.92247E-1 6.06812E-1 5.89353E-1 5.77567E-1 5.74116E-1 5.5194E-1 5.0566E-1 4.8724E-1 4.74556E-1 4.686E-1 4.45867E-1 4.41584E-1
4.31887E-1 4.14837E-1 4.01704E-1 3.98553E-1 3.96419E-1 3.9213E-1 4.01907E-1 3.83898E-1 4.06558E-1 4.27105E-1 4.35922E-1 4.37191E-1 4.33393E-1 4.52211E-1 4.58983E-1 4.43617E-1 4.54387E-1 4.43027E-1 4.39979E-1 4.74307E-1 4.32111E-1 4.19406E-1 4.21133E-1 4.33878E-1 4.34979E-1 4.67984E-1 4.52069E-1 4.64668E-1 4.41331E-1 4.09916E-1 4.36068E-1 4.25587E-1 4.29953E-1 4.44518E-1 4.35867E-1 5.08277E-1 5.51695E-1 5.68867E-1 5.83439E-1 6.26112E-1 6.3443E-1 6.76081E-1 6.90713E-1 7.02127E-1 7.14183E-1 6.88816E-1 6.53814E-1 6.06438E-1 5.79148E-1 5.72849E-1 5.73883E-1 5.78096E-1 5.66858E-1 5.37622E-1 5.45112E-1 5.19623E-1 4.93979E-1 4.82092E-1 4.64358E-1 4.4642E-1 4.37013E-1
4.18526E-1 4.20821E-1 4.19663E-1 4.08774E-1 4.03654E-1 3.88823E-1 3.70734E-1 3.73241E-1 3.86786E-1 4.06813E-1 4.16142E-1 4.18415E-1 4.1915E-1 4.21688E-1 4.21816E-1 4.288E-1 4.36267E-1 4.56408E-1 5.44998E-1 4.54931E-1 4.34783E-1 4.27671E-1 4.17729E-1 4.26499E-1 4.59607E-1 4.53555E-1 4.59807E-1 4.58327E-1 4.46692E-1 4.32869E-1 4.16433E-1 3.92933E-1 4.29691E-1 4.41709E-1 4.97164E-1 5.30173E-1 5.15947E-1 5.66106E-1 6.35149E-1 6.2222E-1 6.16814E-1 6.34987E-1 6.47732E-1 6.61388E-1 6.82568E-1 6.51316E-1 5.9747E-1 5.76781E-1 5.69624E-1 5.73888E-1 5.75077E-1 5.7737E-1 5.33894E-1 5.24112E-1 5.27056E-1 5.17898E-1 4.82734E-1 4.83047E-1 4.46992E-1 4.35481E-1 4.33363E-1
4.15211E-1 4.30706E-1 4.30848E-1 4.28319E-1 4.1251E-1 3.84801E-1 3.68029E-1 3.66678E-1 3.69774E-1 3.80928E-1 3.87031E-1 3.92301E-1 3.9435E-1 4.09769E-1 4.21308E-1 4.24926E-1 4.30679E-1 4.4139E-1 4.6158E-1 4.48231E-1 4.2707E-1 4.3089E-1 4.66268E-1 4.45527E-1 4.61593E-1 4.5608E-1 4.74839E-1 5.1579E-1 4.99241E-1 4.42986E-1 4.3296E-1 5.02319E-1 5.74628E-1 4.80208E-1 5.08839E-1 5.31509E-1 5.19146E-1 5.31661E-1 5.4341E-1 5.70474E-1 5.82637E-1 5.89426E-1 5.98608E-1 6.32266E-1 6.50686E-1 5.9315E-1 5.5717E-1 5.68144E-1 5.68683E-1 5.59841E-1 5.57159E-1 5.18975E-1 5.01063E-1 5.01055E-1 4.88076E-1 4.80641E-1 4.8378E-1 4.74189E-1 4.50225E-1 4.27206E-1 4.363E-1
4.22405E-1 4.3448E-1 4.33398E-1 4.25395E-1 4.13202E-1 4.01979E-1 3.64813E-1 3.6498E-1 3.66395E-1 3.68278E-1 3.74036E-1 3.78694E-1 4.00344E-1 4.23166E-1 4.18711E-1 4.13459E-1 4.17749E-1 4.27117E-1 4.34438E-1 4.32869E-1 4.22818E-1 4.07379E-1 4.2707E-1 4.44026E-1 4.46197E-1 4.5411E-1 4.81722E-1 5.29848E-1 5.88301E-1 5.69886E-1 5.61919E-1 5.30068E-1 5.21938E-1 5.0727E-1 5.2167E-1 5.34231E-1 5.41158E-1 5.44454E-1 5.41614E-1 5.53936E-1 5.75622E-1 5.46752E-1 5.62975E-1 5.73087E-1 5.74722E-1 5.26749E-1 5.37592E-1 6.04175E-1 5.99006E-1 5.4031E-1 5.34832E-1 4.9958E-1 4.75207E-1 4.69813E-1 4.47154E-1 4.53174E-1 4.57256E-1 4.51734E-1 4.51211E-1 4.44375E-1 4.56421E-1
4.22282E-1 4.30626E-1 4.35278E-1 4.26341E-1 4.36985E-1 4.13386E-1 3.7232E-1 3.64001E-1 3.56427E-1 3.52453E-1 3.61097E-1 3.64833E-1 3.707E-1 3.90196E-1 3.8958E-1 4.02234E-1 4.08968E-1 4.17641E-1 4.31706E-1 4.498E-1 4.36157E-1 4.37267E-1 4.48634E-1 4.4379E-1 4.44736E-1 4.63647E-1 4.75185E-1 4.95868E-1 5.99216E-1 6.72019E-1 6.51398E-1 6.11528E-1 5.47034E-1 5.37127E-1 5.46671E-1 5.70774E-1 5.57766E-1 5.48803E-1 5.39538E-1 5.41953E-1 5.71486E-1 5.85492E-1 5.54732E-1 5.53447E-1 5.48295E-1 5.26052E-1 5.03458E-1 4.97225E-1 4.88093E-1 4.736E-1 4.6413E-1 4.60638E-1 4.61684E-1 4.34432E-1 4.23898E-1 4.34425E-1 4.40658E-1 4.43106E-1 4.42475E-1 4.57517E-1 4.55773E-1
4.28184E-1 4.25253E-1 4.23462E-1 4.30309E-1 4.40299E-1 4.32227E-1 3.76193E-1 3.53775E-1 3.44875E-1 3.39788E-1 3.5163E-1 3.51496E-1 3.50776E-1 3.62394E-1 3.8901E-1 4.05773E-1 4.32697E-1 4.17887E-1 4.26407E-1 4.48938E-1 4.49073E-1 4.74652E-1 4.57739E-1 4.23048E-1 4.44096E-1 4.64308E-1 4.78264E-1 5.12116E-1 5.91424E-1 6.89438E-1 6.72586E-1 6.09738E-1 5.58106E-1 5.57353E-1 5.4911E-1 5.48822E-1 5.49354E-1 5.41093E-1 5.40381E-1 5.47449E-1 5.55583E-1 5.7817E-1 6.30727E-1 5.56084E-1 5.57857E-1 5.08281E-1 4.6168E-1 4.44756E-1 4.3726E-1 4.45827E-1 4.6228E-1 4.65388E-1 4.71263E-1 4.33011E-1 4.27035E-1 4.29919E-1 4.23279E-1 4.28438E-1 4.36899E-1 4.51084E-1 4.79388E-1
4.05814E-1 4.1166E-1 4.1562E-1 4.36052E-1 4.37948E-1 4.59026E-1 3.88633E-1 3.61883E-1 3.46889E-1 3.40151E-1 3.43459E-1 3.59986E-1 3.76211E-1 3.82898E-1 4.24031E-1 5.01478E-1 4.32258E-1 4.25727E-1 4.56309E-1 4.43476E-1 4.62511E-1 4.6734E-1 4.25088E-1 4.26757E-1 4.31091E-1 4.60881E-1 4.89047E-1 5.08368E-1 5.44065E-1 6.24644E-1 5.93029E-1 5.55124E-1 5.60072E-1 5.58267E-1 5.58986E-1 5.56293E-1 5.63353E-1 5.29684E-1 5.31577E-1 5.47163E-1 5.6837E-1 5.7631E-1 5.6166E-1 5.71251E-1 5.3631E-1 4.87202E-1 4.38088E-1 4.27172E-1 4.33376E-1 4.29267E-1 4.43433E-1 4.36011E-1 4.63813E-1 5.1783E-1 4.85459E-1 4.39056E-1 4.2748E-1 4.36817E-1 4.39093E-1 4.62902E-1 4.71454E-1
3.9879E-1 3.98246E-1 4.0633E-1 4.24083E-1 4.1205E-1 4.29995E-1 4.00458E-1 3.67835E-1 3.48322E-1 3.61375E-1 3.81378E-1 3.9425E-1 3.96088E-1 3.99514E-1 4.70574E-1 5.22395E-1 4.47633E-1 4.13838E-1 4.4005E-1 4.24603E-1 4.42554E-1 4.19182E-1 4.10708E-1 4.04635E-1 4.29893E-1 4.50399E-1 4.75212E-1 5.1125E-1 5.29332E-1 5.4828E-1 5.52742E-1 5.48532E-1 5.52838E-1 5.56126E-1 5.51319E-1 5.63631E-1 5.76395E-1 5.30383E-1 5.30704E-1 5.41611E-1 5.46688E-1 5.57571E-1 5.71258E-1 5.66825E-1 5.23294E-1 4.76681E-1 4.35179E-1 4.22963E-1 4.27137E-1 4.24877E-1 4.35266E-1 4.33414E-1 4.45447E-1 4.85822E-1 6.41472E-1 5.66568E-1 4.83309E-1 4.64405E-1 4.58256E-1 4.88719E-1 5.52577E-1
3.74918E-1 3.98379E-1 4.06419E-1 4.06086E-1 4.19916E-1 4.20943E-1 4.22789E-1 3.8984E-1 3.73237E-1 3.98145E-1 4.57664E-1 4.51186E-1 4.18365E-1 3.97879E-1 3.9942E-1 4.30442E-1 3.96081E-1 4.10922E-1 4.03552E-1 4.16957E-1 3.93265E-1 3.70935E-1 4.13408E-1 4.09971E-1 4.23659E-1 4.31264E-1 4.50171E-1 4.74785E-1 4.93062E-1 5.03569E-1 5.27866E-1 5.1478E-1 5.20032E-1 5.35845E-1 5.48286E-1 5.54072E-1 5.64636E-1 5.38175E-1 5.25652E-1 5.25328E-1 5.39103E-1 5.46542E-1 5.31763E-1 5.1254E-1 4.95143E-1 4.70733E-1 4.57874E-1 4.16708E-1 4.14721E-1 4.32251E-1 4.43753E-1 4.49696E-1 4.47672E-1 4.58643E-1 4.67355E-1 6.84948E-1 5.3545E-1 5.15883E-1 5.28806E-1 5.55275E-1 6.20876E-1
3.64234E-1 3.75198E-1 3.82958E-1 3.96465E-1 4.01574E-1 4.17121E-1 4.1566E-1 4.03848E-1 3.96201E-1 4.06756E-1 4.43124E-1 4.40188E-1 4.25511E-1 3.92067E-1 3.86639E-1 3.90531E-1 4.05965E-1 4.08638E-1 4.01884E-1 3.92988E-1 3.76651E-1 3.78809E-1 3.81361E-1 3.98633E-1 4.34968E-1 4.7349E-1 4.34192E-1 4.57596E-1 4.67981E-1 4.81639E-1 4.91882E-1 4.911E-1 4.97106E-1 5.25702E-1 5.37327E-1 5.44895E-1 5.57432E-1 5.37382E-1 5.28303E-1 5.28433E-1 5.23661E-1 5.21558E-1 5.17066E-1 4.96545E-1 4.78187E-1 4.49373E-1 4.33745E-1 4.27307E-1 4.29295E-1 4.38048E-1 4.53163E-1 4.55126E-1 4.57224E-1 4.68566E-1 4.73046E-1 4.92012E-1 5.29051E-1 5.18213E-1 5.66891E-1 6.39164E-1 6.45731E-1
3.63083E-1 3.64189E-1 3.70587E-1 3.82409E-1 3.83834E-1 3.92156E-1 4.07628E-1 3.98848E-1 4.05851E-1 4.16372E-1 4.27496E-1 4.7054E-1 4.5161E-1 4.4713E-1 4.08066E-1 4.00989E-1 4.01372E-1 4.1359E-1 3.90155E-1 3.82961E-1 4.32821E-1 3.91292E-1 3.79549E-1 3.95138E-1 4.27964E-1 4.32515E-1 4.30302E-1 4.67189E-1 4.78098E-1 4.94885E-1 4.80242E-1 4.85859E-1 4.86347E-1 5.50923E-1 5.47832E-1 5.33205E-1 5.25503E-1 5.18771E-1 5.19751E-1 5.17204E-1 5.05616E-1 5.00484E-1 4.9284E-1 4.69214E-1 4.6091E-1 4.36314E-1 4.25106E-1 4.4371E-1 4.4136E-1 4.56366E-1 4.68524E-1 4.64951E-1 4.68227E-1 4.84555E-1 5.01544E-1 5.519E-1 6.25888E-1 6.24425E-1 6.79311E-1 -9999 -9999
3.83627E-1 3.79239E-1 3.67163E-1 3.65916E-1 3.72254E-1 3.62983E-1 3.83842E-1 4.01165E-1 4.06014E-1 4.09285E-1 4.06966E-1 4.38945E-1 4.50534E-1 4.51604E-1 4.32118E-1 4.15804E-1 4.0737E-1 4.19833E-1 4.01937E-1 4.30743E-1 5.79197E-1 4.23534E-1 3.83294E-1 3.88804E-1 4.04515E-1 4.48035E-1 4.53703E-1 4.64976E-1 4.6458E-1 4.68022E-1 4.67179E-1 4.7882E-1 4.87775E-1 5.18091E-1 5.34261E-1 5.2109E-1 5.08718E-1 5.08408E-1 5.00113E-1 4.96723E-1 4.92383E-1 4.83039E-1 4.69974E-1 4.60315E-1 4.39599E-1 4.39211E-1 4.39941E-1 4.62454E-1 4.57511E-1 4.63567E-1 4.7882E-1 4.84991E-1 5.0327E-1 5.30579E-1 5.47378E-1 5.95169E-1 7.15404E-1 7.30605E-1 -9999 -9999 -9999
3.73896E-1 3.72024E-1 3.6238E-1 3.70444E-1 3.55251E-1 3.52348E-1 3.49627E-1 3.77112E-1 4.00278E-1 4.11671E-1 4.1972E-1 4.27055E-1 4.23109E-1 4.52723E-1 4.59594E-1 4.38233E-1 4.27752E-1 4.53936E-1 4.75464E-1 4.36363E-1 4.35801E-1 4.0539E-1 4.05111E-1 4.26428E-1 4.19091E-1 4.59431E-1 4.80585E-1 4.64592E-1 4.60753E-1 4.77382E-1 4.85171E-1 4.73794E-1 4.92025E-1 5.16741E-1 5.31341E-1 5.153E-1 5.165E-1 5.04056E-1 4.8997E-1 4.82947E-1 4.83103E-1 4.67501E-1 4.57876E-1 4.50276E-1 4.49921E-1 4.48572E-1 4.55447E-1 4.64601E-1 4.84339E-1 4.85215E-1 5.14061E-1 5.84495E-1 6.43718E-1 6.66807E-1 7.10303E-1 6.66598E-1 7.48044E-1 -9999 -9999 -9999 -9999
3.71838E-1 3.70285E-1 3.70648E-1 3.80868E-1 3.64716E-1 3.44548E-1 3.49142E-1 3.59407E-1 3.84318E-1 3.89648E-1 3.99962E-1 4.24554E-1 4.16961E-1 4.57533E-1 4.66452E-1 4.76427E-1 4.62561E-1 5.22115E-1 5.75709E-1 4.79076E-1 4.30232E-1 4.28586E-1 4.22189E-1 4.26884E-1 4.24165E-1 4.49545E-1 4.96685E-1 4.79151E-1 4.80267E-1 4.67731E-1 4.60216E-1 4.69143E-1 4.86799E-1 5.11122E-1 5.10492E-1 5.17461E-1 5.0769E-1 4.98592E-1 4.88562E-1 4.80469E-1 4.87466E-1 4.67673E-1 4.47334E-1 4.46236E-1 4.61482E-1 4.85235E-1 4.74209E-1 4.83745E-1 4.99286E-1 5.22534E-1 5.925E-1 7.00305E-1 7.05167E-1 7.57111E-1 7.6227E-1 -9999 -9999 -9999 -9999 -9999 -9999
3.73131E-1 3.73245E-1 3.73474E-1 3.74637E-1 3.5088E-1 3.41504E-1 3.36861E-1 3.56768E-1 3.80206E-1 3.85597E-1 3.97848E-1 4.12628E-1 4.26166E-1 4.53361E-1 4.64563E-1 4.53192E-1 4.51959E-1 4.41494E-1 4.58487E-1 4.5343E-1 4.40804E-1 4.45227E-1 4.51566E-1 4.39823E-1 4.30847E-1 4.53519E-1 4.73606E-1 4.69315E-1 4.58416E-1 4.61778E-1 4.7378E-1 4.83391E-1 4.92288E-1 5.0415E-1 5.0652E-1 4.95335E-1 4.95137E-1 4.86965E-1 4.80752E-1 4.86037E-1 4.89646E-1 4.80159E-1 4.50151E-1 4.56916E-1 4.69544E-1 4.79172E-1 4.88545E-1 5.04557E-1 5.20728E-1 5.74568E-1 6.38487E-1 7.33486E-1 7.56763E-1 7.75961E-1 -9999 -9999 -9999 -9999 -9999 -9999 -9999
3.82083E-1 3.85934E-1 3.77173E-1 3.73779E-1 3.49626E-1 3.44206E-1 3.47322E-1 3.5526E-1 3.6942E-1 3.85056E-1 3.91194E-1 4.20696E-1 4.54109E-1 4.47448E-1 4.43965E-1 4.51925E-1 4.35974E-1 4.61028E-1 4.83158E-1 5.0437E-1 4.89827E-1 4.81057E-1 4.63536E-1 4.5895E-1 4.40261E-1 4.67938E-1 4.61201E-1 4.68638E-1 4.58057E-1 4.68329E-1 5.02698E-1 5.05686E-1 5.08632E-1 5.12657E-1 4.97495E-1 4.68414E-1 4.7003E-1 4.79517E-1 4.71159E-1 4.81463E-1 4.95182E-1 4.75945E-1 4.65214E-1 4.61693E-1 4.83818E-1 5.07052E-1 5.08018E-1 5.42054E-1 5.79889E-1 6.71471E-1 7.17201E-1 7.48781E-1 -9999 -9999 -9999 -9999 -9999 -9999 -9999 -9999 -9999
4.0175E-1 3.97839E-1 3.94911E-1 3.79066E-1 3.61714E-1 3.40547E-1 3.43521E-1 3.75201E-1 3.66505E-1 3.87196E-1 3.94492E-1 4.09818E-1 4.22428E-1 4.3304E-1 4.38823E-1 4.56314E-1 4.59473E-1 4.63195E-1 4.699E-1 4.71974E-1 4.63918E-1 4.65536E-1 4.65443E-1 4.81543E-1 4.61534E-1 5.25171E-1 4.50702E-1 4.63392E-1 4.68736E-1 4.82026E-1 4.83237E-1 4.94555E-1 5.21218E-1 5.21781E-1 5.06633E-1 4.97857E-1 4.67331E-1 4.68187E-1 4.60052E-1 4.69597E-1 4.85101E-1 4.75149E-1 4.78514E-1 4.77864E-1 4.84468E-1 5.10143E-1 5.60139E-1 5.77423E-1 6.48759E-1 7.37642E-1 7.77506E-1 -9999 -9999 -9999 -9999 -9999 -9999 -9999 -9999 -9999 -9999
4.16013E-1 4.18137E-1 4.03767E-1 3.96401E-1 3.86016E-1 3.63832E-1 3.58043E-1 3.57111E-1 3.55909E-1 3.78E-1 4.06696E-1 4.18045E-1 4.1607E-1 4.29471E-1 4.293E-1 4.3447E-1 4.45576E-1 4.57353E-1 4.70399E-1 4.85036E-1 4.89362E-1 4.70286E-1 4.74676E-1 4.63234E-1 4.78026E-1 5.5273E-1 4.55017E-1 4.63673E-1 4.66402E-1 4.80055E-1 4.72872E-1 4.85708E-1 4.89699E-1 5.14172E-1 5.20893E-1 5.13772E-1 5.13683E-1 4.87141E-1 4.77539E-1 4.79712E-1 4.78951E-1 4.83851E-1 4.76099E-1 4.81989E-1 5.09978E-1 5.06444E-1 5.33253E-1 6.14364E-1 7.21563E-1 7.49144E-1 -9999 -9999 -9999 -9999 -9999 -9999 -9999 -9999 -9999 -9999 -9999
4.19895E-1 4.13993E-1 4.12202E-1 4.09043E-1 3.85136E-1 3.68633E-1 3.56675E-1 3.63695E-1 3.76388E-1 3.65307E-1 3.96685E-1 4.14041E-1 4.1781E-1 4.1605E-1 4.06984E-1 4.20066E-1 4.32547E-1 4.51886E-1 4.83652E-1 5.09687E-1 5.0937E-1 4.94682E-1 4.75368E-1 4.68536E-1 4.61041E-1 4.93474E-1 4.55784E-1 4.64995E-1 4.706E-1 4.71148E-1 4.73184E-1 4.8044E-1 4.91511E-1 5.10736E-1 5.26628E-1 5.24988E-1 5.15407E-1 4.92015E-1 4.82403E-1 4.83271E-1 4.85342E-1 4.91214E-1 4.85587E-1 4.87113E-1 5.00292E-1 5.45471E-1 5.43516E-1 6.3271E-1 7.65014E-1 7.70499E-1 -9999 -9999 -9999 -9999 -9999 -9999 -9999 -9999 -9999 -9999 -9999
