data/maxent/outputs/red_169.asc
ncols         426
nrows         180
xllcorner     -130.0
yllcorner     24.0
cellsize      0.16666666666666666
NODATA_value  -9999
[rows 27 to 53 of 180, columns 244 to 304 of 426]
9.72519E-2 1.04867E-1 1.22651E-1 1.5303E-1 1.76678E-1 2.04132E-1 1.84456E-1 1.27333E-1 9.97953E-2 9.46454E-2 9.72176E-2 1.11076E-1 1.13982E-1 1.1223E-1 1.54523E-1 1.15809E-1 1.12986E-1 1.11406E-1 1.13779E-1 1.22543E-1 1.2096E-1 1.22387E-1 1.25348E-1 1.0956E-1 1.06624E-1 1.3177E-1 1.1351E-1 1.10042E-1 1.08596E-1 1.04857E-1 1.09832E-1 1.10892E-1 1.14478E-1 1.16518E-1 1.2491E-1 1.23118E-1 1.09732E-1 1.1142E-1 1.09186E-1 1.09515E-1 1.10811E-1 1.12376E-1 1.13359E-1 1.07849E-1 1.01276E-1 1.0019E-1 1.06154E-1 1.06377E-1 1.06166E-1 1.0191E-1 9.97959E-2 1.04156E-1 1.09662E-1 1.04003E-1 1.00109E-1 1.00933E-1 1.00738E-1 1.0155E-1 1.03203E-1 1.01092E-1 1.00488E-1
9.6666E-2 1.12211E-1 1.344E-1 1.2416E-1 1.20508E-1 1.42669E-1 1.32409E-1 1.15804E-1 1.00966E-1 9.55299E-2 9.75219E-2 1.0948E-1 1.0878E-1 1.20231E-1 1.15532E-1 1.15314E-1 1.16095E-1 1.3467E-1 1.3128E-1 1.36011E-1 1.36821E-1 1.23451E-1 1.23573E-1 1.26054E-1 1.25617E-1 1.24162E-1 1.11425E-1 1.13285E-1 1.16419E-1 1.13467E-1 1.10039E-1 1.1531E-1 1.10025E-1 1.22966E-1 1.25412E-1 1.30391E-1 1.25839E-1 1.18469E-1 1.03455E-1 1.06158E-1 1.18555E-1 1.13649E-1 1.13939E-1 1.14281E-1 1.15896E-1 1.16657E-1 1.1392E-1 1.08584E-1 1.11749E-1 1.06987E-1 1.05835E-1 1.07862E-1 1.08972E-1 1.04581E-1 1.0384E-1 1.05274E-1 1.04232E-1 1.04736E-1 1.08497E-1 1.0482E-1 1.05752E-1
9.87081E-2 1.11779E-1 1.33156E-1 1.43444E-1 1.44418E-1 1.51698E-1 1.90702E-1 1.72379E-1 1.28351E-1 1.18946E-1 1.22152E-1 1.22905E-1 1.17088E-1 1.42056E-1 1.25712E-1 1.35725E-1 1.55627E-1 1.70117E-1 1.57468E-1 1.54377E-1 1.31987E-1 1.41682E-1 1.39825E-1 1.40253E-1 1.39134E-1 1.33858E-1 1.24991E-1 1.30585E-1 1.30896E-1 1.29916E-1 1.27265E-1 1.23168E-1 1.24399E-1 1.29376E-1 1.29096E-1 1.40213E-1 1.36478E-1 1.38258E-1 1.29163E-1 1.30562E-1 1.33599E-1 1.231E-1 1.20009E-1 1.23591E-1 1.22295E-1 1.26949E-1 1.21345E-1 1.1201E-1 1.10904E-1 1.0855E-1 1.09672E-1 1.11707E-1 1.11183E-1 1.12088E-1 1.15119E-1 1.14239E-1 1.11313E-1 1.14217E-1 1.16156E-1 1.10093E-1 1.10911E-1
9.87278E-2 1.03991E-1 1.32889E-1 1.59592E-1 1.71267E-1 1.84832E-1 2.55343E-1 2.64546E-1 2.4967E-1 3.18822E-1 2.54151E-1 1.80831E-1 1.54704E-1 1.74191E-1 1.7664E-1 1.7174E-1 1.73954E-1 1.77986E-1 1.82642E-1 1.71021E-1 1.64824E-1 1.6278E-1 1.57794E-1 1.47484E-1 1.42437E-1 1.35464E-1 1.41408E-1 1.43692E-1 1.38719E-1 1.72032E-1 1.35738E-1 1.34702E-1 1.29947E-1 1.3206E-1 1.41758E-1 1.53977E-1 1.39611E-1 1.29634E-1 1.36697E-1 1.40408E-1 1.36623E-1 1.3513E-1 1.309E-1 1.25269E-1 1.24074E-1 1.28551E-1 1.27879E-1 1.23798E-1 1.22238E-1 1.22872E-1 1.20199E-1 1.23754E-1 1.20007E-1 1.21833E-1 1.25907E-1 1.55988E-1 1.57031E-1 1.27685E-1 1.27611E-1 1.16857E-1 1.14911E-1
1.19295E-1 1.13725E-1 1.26661E-1 1.59186E-1 2.29644E-1 3.11955E-1 2.36212E-1 2.79714E-1 4.11692E-1 4.3755E-1 3.44402E-1 3.03676E-1 3.25274E-1 4.22114E-1 3.7495E-1 3.70736E-1 4.02402E-1 3.77609E-1 2.19708E-1 2.00576E-1 1.92618E-1 1.84135E-1 1.88446E-1 1.63832E-1 1.50122E-1 1.4689E-1 1.44134E-1 1.49563E-1 1.41236E-1 1.52723E-1 1.47476E-1 1.43163E-1 1.43267E-1 1.46359E-1 1.54284E-1 1.53622E-1 1.51828E-1 1.40335E-1 1.3748E-1 1.45699E-1 1.38232E-1 1.47245E-1 1.44632E-1 1.42463E-1 1.34821E-1 1.30449E-1 1.36215E-1 1.34745E-1 1.31322E-1 1.33482E-1 1.31458E-1 1.29212E-1 1.28724E-1 1.29442E-1 1.38811E-1 1.7773E-1 1.80661E-1 1.60788E-1 1.84957E-1 1.38878E-1 1.29064E-1
1.78547E-1 2.07932E-1 3.05889E-1 3.16492E-1 4.09185E-1 4.27483E-1 3.75296E-1 2.12111E-1 1.50821E-1 1.45425E-1 1.41271E-1 1.35494E-1 1.36229E-1 1.4504E-1 1.52954E-1 1.45257E-1 1.51139E-1 1.68577E-1 4.59169E-1 2.38723E-1 2.20771E-1 2.07434E-1 1.89185E-1 1.77738E-1 1.62061E-1 1.54758E-1 1.54297E-1 1.57668E-1 1.61233E-1 1.55825E-1 1.61656E-1 1.50109E-1 1.56997E-1 1.66608E-1 1.64161E-1 1.5818E-1 1.5484E-1 1.51647E-1 1.56322E-1 1.54275E-1 1.49916E-1 1.49099E-1 1.53179E-1 1.52361E-1 1.51937E-1 1.50291E-1 1.57331E-1 1.48999E-1 1.46058E-1 1.44525E-1 1.52969E-1 1.38241E-1 1.33657E-1 1.29441E-1 1.33331E-1 1.3756E-1 1.5864E-1 1.69201E-1 1.81807E-1 1.66462E-1 1.49998E-1
3.44411E-1 3.79281E-1 3.64652E-1 4.57976E-1 3.93925E-1 2.29604E-1 1.66132E-1 1.63438E-1 1.52947E-1 1.46083E-1 1.38922E-1 1.32829E-1 1.32202E-1 1.3267E-1 1.31917E-1 1.35606E-1 1.44463E-1 1.48696E-1 2.48824E-1 3.33043E-1 2.42773E-1 2.14675E-1 1.96511E-1 1.8414E-1 1.83142E-1 1.75846E-1 1.6388E-1 1.66105E-1 1.70307E-1 1.64949E-1 1.85525E-1 1.83753E-1 1.81954E-1 2.19315E-1 1.99422E-1 1.80316E-1 1.71414E-1 1.60477E-1 1.65036E-1 1.57991E-1 1.54301E-1 1.5173E-1 1.55152E-1 1.63858E-1 1.64265E-1 1.63733E-1 1.6327E-1 1.63795E-1 1.62653E-1 1.62082E-1 1.72313E-1 1.61981E-1 1.59107E-1 1.53017E-1 1.46748E-1 1.43766E-1 1.50596E-1 1.55956E-1 1.68359E-1 1.75173E-1 1.85979E-1
4.28199E-1 3.74577E-1 2.57467E-1 2.0085E-1 1.7369E-1 1.93762E-1 1.66118E-1 1.65058E-1 1.53369E-1 1.45344E-1 1.35747E-1 1.29712E-1 1.29934E-1 1.33857E-1 1.345E-1 1.37056E-1 1.3933E-1 1.41908E-1 1.57834E-1 4.80931E-1 2.84807E-1 2.56201E-1 2.26917E-1 2.18992E-1 2.14382E-1 2.02408E-1 1.97155E-1 1.95923E-1 1.83902E-1 1.84459E-1 2.15206E-1 2.23958E-1 2.09187E-1 2.02434E-1 1.9342E-1 1.77442E-1 1.78467E-1 1.74326E-1 1.68864E-1 1.6808E-1 1.68778E-1 1.57404E-1 1.59627E-1 1.66263E-1 1.69336E-1 1.67683E-1 1.70947E-1 1.6625E-1 1.68007E-1 1.7371E-1 1.73136E-1 1.65254E-1 1.75435E-1 1.59888E-1 1.61554E-1 1.61446E-1 1.57512E-1 1.65658E-1 1.77135E-1 1.94678E-1 1.86625E-1
2.37232E-1 1.88173E-1 3.17591E-1 4.18129E-1 4.28022E-1 2.32997E-1 1.8181E-1 1.65278E-1 1.50403E-1 1.40737E-1 1.29256E-1 1.26767E-1 1.28042E-1 1.33515E-1 1.34311E-1 1.35841E-1 1.36126E-1 1.40436E-1 1.48361E-1 2.45276E-1 4.87535E-1 3.65279E-1 3.17519E-1 2.83502E-1 2.85652E-1 2.69499E-1 2.72725E-1 2.36654E-1 2.17408E-1 2.24976E-1 2.11138E-1 2.15848E-1 2.2287E-1 2.06304E-1 1.98535E-1 1.9113E-1 1.95656E-1 1.92554E-1 1.78341E-1 1.82515E-1 1.74264E-1 1.75606E-1 1.76961E-1 1.71629E-1 1.71391E-1 1.72254E-1 1.72618E-1 1.73752E-1 1.7128E-1 1.74801E-1 1.83269E-1 1.87051E-1 1.81831E-1 1.7377E-1 1.74156E-1 1.98398E-1 1.89644E-1 1.8453E-1 1.94074E-1 1.94627E-1 1.99327E-1
2.6074E-1 5.06148E-1 4.35371E-1 2.58665E-1 1.92795E-1 1.90965E-1 1.83636E-1 1.68016E-1 1.52931E-1 1.38416E-1 1.29431E-1 1.29235E-1 1.31167E-1 1.30194E-1 1.424E-1 1.45987E-1 1.45735E-1 1.49553E-1 1.54882E-1 1.71613E-1 1.8096E-1 3.15472E-1 3.80281E-1 3.90264E-1 3.40784E-1 2.95732E-1 4.31578E-1 3.16519E-1 2.58766E-1 2.35234E-1 2.1129E-1 2.09796E-1 2.32688E-1 2.28332E-1 2.11678E-1 2.00621E-1 2.07455E-1 1.97282E-1 1.90587E-1 1.90271E-1 1.86019E-1 1.86191E-1 1.78841E-1 1.73737E-1 1.80433E-1 1.84342E-1 1.88607E-1 1.89199E-1 1.88051E-1 1.84707E-1 1.85346E-1 1.92137E-1 1.94713E-1 1.89227E-1 1.93654E-1 2.11527E-1 2.12285E-1 2.05934E-1 2.08391E-1 2.00382E-1 2.03414E-1
2.12652E-1 2.53031E-1 1.97707E-1 1.98992E-1 1.97387E-1 1.92142E-1 1.8376E-1 1.71471E-1 1.57809E-1 1.4648E-1 1.39199E-1 1.40775E-1 1.3593E-1 1.37517E-1 1.46886E-1 1.46626E-1 1.49903E-1 1.53217E-1 1.57517E-1 1.64846E-1 3.04063E-1 4.92827E-1 3.38213E-1 1.67804E-1 1.7607E-1 1.75763E-1 4.63974E-1 3.14118E-1 2.67768E-1 2.33214E-1 2.25046E-1 2.27862E-1 2.27062E-1 2.25984E-1 2.37639E-1 2.17353E-1 2.14969E-1 2.0313E-1 2.13945E-1 2.12746E-1 2.07239E-1 1.99462E-1 2.03854E-1 1.95168E-1 1.9133E-1 1.95348E-1 1.98096E-1 1.98855E-1 1.93644E-1 1.97548E-1 1.97253E-1 1.99552E-1 2.06952E-1 2.1296E-1 2.1989E-1 2.37769E-1 2.41995E-1 2.32242E-1 2.28973E-1 2.07529E-1 2.08438E-1
2.18296E-1 2.08794E-1 2.04299E-1 2.07698E-1 2.13968E-1 2.0745E-1 2.03049E-1 2.41336E-1 2.46452E-1 2.00846E-1 1.79342E-1 1.64007E-1 1.47541E-1 1.44511E-1 1.52328E-1 1.5589E-1 1.56236E-1 1.59312E-1 1.64631E-1 1.63932E-1 1.62771E-1 1.85109E-1 1.68509E-1 1.69351E-1 1.7225E-1 1.97962E-1 4.68993E-1 3.83685E-1 3.14413E-1 2.65988E-1 2.34786E-1 2.52079E-1 2.47533E-1 2.59093E-1 2.48281E-1 2.34159E-1 2.25525E-1 2.24129E-1 2.20562E-1 2.19066E-1 2.22891E-1 2.21755E-1 2.2117E-1 2.08365E-1 2.05056E-1 2.11688E-1 2.11016E-1 2.08781E-1 2.08882E-1 2.04965E-1 2.04755E-1 2.13122E-1 2.04879E-1 2.19272E-1 2.46286E-1 2.66462E-1 2.67266E-1 2.70982E-1 2.88792E-1 2.63335E-1 2.40535E-1
2.32261E-1 2.20104E-1 2.13208E-1 2.25173E-1 2.34164E-1 3.60322E-1 6.3902E-1 6.45764E-1 6.46238E-1 4.7152E-1 2.48776E-1 2.11843E-1 1.69166E-1 1.55339E-1 1.61638E-1 1.61427E-1 1.586E-1 1.60759E-1 1.67018E-1 1.67935E-1 1.64373E-1 2.07567E-1 1.61288E-1 1.65508E-1 1.68947E-1 1.76979E-1 2.66137E-1 4.71974E-1 4.19982E-1 2.84979E-1 2.49936E-1 2.79121E-1 2.93604E-1 3.04486E-1 2.77714E-1 2.63325E-1 2.70066E-1 2.79281E-1 2.5061E-1 2.34691E-1 2.50159E-1 2.36188E-1 2.27305E-1 2.27763E-1 2.18156E-1 2.2352E-1 2.19171E-1 2.15387E-1 2.08575E-1 2.10894E-1 2.11044E-1 2.20698E-1 2.27311E-1 2.52459E-1 2.89417E-1 3.12552E-1 2.94198E-1 2.8479E-1 3.70336E-1 2.96286E-1 2.6509E-1
2.37604E-1 2.33861E-1 2.48159E-1 3.54831E-1 6.29339E-1 6.41468E-1 6.44521E-1 6.24808E-1 3.34986E-1 2.53168E-1 2.41459E-1 2.3916E-1 2.19542E-1 1.90912E-1 1.81732E-1 1.7576E-1 1.7266E-1 1.69936E-1 1.74701E-1 1.76779E-1 1.67048E-1 1.72448E-1 1.64402E-1 1.6663E-1 1.68232E-1 1.75046E-1 1.94601E-1 2.74164E-1 4.55773E-1 3.42714E-1 3.15818E-1 3.03484E-1 3.12267E-1 3.02063E-1 3.1381E-1 3.08136E-1 3.23142E-1 3.20262E-1 2.84151E-1 2.59903E-1 2.65887E-1 2.77143E-1 2.99182E-1 2.61795E-1 2.42923E-1 2.32343E-1 2.29827E-1 2.24936E-1 2.29214E-1 2.37151E-1 2.34318E-1 2.46084E-1 2.53611E-1 2.76132E-1 3.41699E-1 3.21829E-1 3.05191E-1 2.93056E-1 3.03766E-1 3.7106E-1 2.97808E-1
2.88189E-1 3.21627E-1 5.5975E-1 6.44536E-1 6.75683E-1 6.71436E-1 5.35944E-1 3.10636E-1 2.86964E-1 2.53675E-1 2.45317E-1 2.47178E-1 2.43135E-1 2.27702E-1 2.06637E-1 1.9012E-1 1.8708E-1 1.88604E-1 1.90355E-1 1.89978E-1 1.79253E-1 1.75809E-1 1.72515E-1 1.74182E-1 1.78528E-1 1.91399E-1 2.13712E-1 5.17585E-1 4.6672E-1 4.27631E-1 4.09609E-1 3.793E-1 3.78416E-1 3.7169E-1 3.68165E-1 3.73785E-1 3.8031E-1 3.56992E-1 3.26205E-1 2.91194E-1 2.96652E-1 2.88051E-1 2.86505E-1 2.7751E-1 2.72526E-1 2.55384E-1 2.56981E-1 2.61031E-1 2.57871E-1 2.62065E-1 2.66022E-1 2.87574E-1 3.13462E-1 3.3986E-1 3.77721E-1 4.29199E-1 3.44947E-1 3.37267E-1 3.31038E-1 4.10112E-1 3.76914E-1
5.83667E-1 5.72625E-1 5.54587E-1 5.62731E-1 6.05262E-1 6.30419E-1 6.45567E-1 6.39946E-1 6.34898E-1 4.41243E-1 2.72112E-1 2.4113E-1 2.54366E-1 2.46984E-1 2.24355E-1 1.98557E-1 2.02513E-1 2.18256E-1 2.07719E-1 2.07075E-1 2.01022E-1 1.91383E-1 1.91542E-1 1.98332E-1 2.14338E-1 2.31975E-1 2.50676E-1 4.47081E-1 5.7423E-1 5.46371E-1 5.02033E-1 4.78413E-1 4.9711E-1 4.68926E-1 4.73337E-1 4.68228E-1 4.7671E-1 4.48611E-1 3.96244E-1 3.49431E-1 3.35779E-1 3.16391E-1 2.87161E-1 3.07898E-1 3.21233E-1 3.07353E-1 3.00526E-1 2.87452E-1 2.90113E-1 3.00537E-1 3.37346E-1 3.69764E-1 3.93961E-1 4.22551E-1 4.3591E-1 5.00031E-1 4.04615E-1 3.59191E-1 3.51321E-1 3.66703E-1 4.65642E-1
5.65709E-1 5.49878E-1 5.37903E-1 5.57024E-1 5.64971E-1 5.72596E-1 5.26659E-1 5.1337E-1 5.29886E-1 6.07186E-1 6.26235E-1 2.64774E-1 2.5097E-1 2.57199E-1 2.45797E-1 2.32274E-1 2.35762E-1 2.3858E-1 2.56622E-1 3.06991E-1 4.23974E-1 4.41892E-1 3.30311E-1 4.91201E-1 6.05442E-1 6.11409E-1 4.19638E-1 3.06342E-1 5.12264E-1 5.95512E-1 5.61329E-1 5.54983E-1 5.62357E-1 5.49865E-1 5.12262E-1 4.93849E-1 4.71959E-1 4.67559E-1 4.49284E-1 4.60564E-1 3.95641E-1 3.64685E-1 3.76656E-1 3.67901E-1 3.65855E-1 3.90178E-1 3.64207E-1 3.73952E-1 3.78314E-1 3.73545E-1 4.0669E-1 5.38582E-1 5.23765E-1 5.29216E-1 4.81884E-1 4.58787E-1 4.59521E-1 4.1918E-1 3.71538E-1 3.43764E-1 3.69261E-1
5.26797E-1 5.35219E-1 5.05353E-1 5.10915E-1 4.9925E-1 4.79137E-1 4.7465E-1 4.81524E-1 4.86898E-1 5.13809E-1 5.94484E-1 6.09023E-1 3.06162E-1 3.58914E-1 2.95737E-1 2.95858E-1 3.46991E-1 4.8874E-1 5.98502E-1 5.72118E-1 5.68664E-1 5.71419E-1 5.66683E-1 5.60699E-1 5.65764E-1 6.00421E-1 4.11181E-1 3.13337E-1 5.54921E-1 6.07006E-1 6.17839E-1 6.5068E-1 6.45469E-1 6.01431E-1 5.59941E-1 5.30242E-1 5.06425E-1 5.17748E-1 5.08091E-1 5.0626E-1 4.8811E-1 4.79457E-1 4.82621E-1 4.93507E-1 4.86467E-1 4.77535E-1 4.69692E-1 5.18827E-1 5.17531E-1 4.65371E-1 4.57522E-1 5.42598E-1 5.57207E-1 5.65566E-1 5.60262E-1 5.44983E-1 4.96166E-1 4.39139E-1 3.80167E-1 3.43182E-1 3.40862E-1
5.26544E-1 5.09681E-1 4.60743E-1 4.36332E-1 4.27879E-1 4.324E-1 4.55489E-1 4.65322E-1 4.77151E-1 5.05759E-1 5.57798E-1 5.70166E-1 6.03455E-1 6.04558E-1 6.18317E-1 6.03115E-1 6.14326E-1 6.08511E-1 5.71198E-1 5.63971E-1 5.67119E-1 5.72925E-1 5.76207E-1 5.65116E-1 5.61558E-1 5.8047E-1 5.94723E-1 5.95328E-1 5.9108E-1 5.88795E-1 6.25885E-1 6.78372E-1 6.75452E-1 6.36982E-1 5.67865E-1 5.49009E-1 5.47236E-1 5.48071E-1 5.54625E-1 5.30461E-1 5.42671E-1 5.60233E-1 5.47172E-1 5.42292E-1 5.51867E-1 5.44049E-1 5.42974E-1 5.66021E-1 5.9114E-1 6.31154E-1 5.69432E-1 5.96231E-1 6.06326E-1 6.09016E-1 6.12876E-1 6.25567E-1 5.99223E-1 5.30406E-1 4.17019E-1 3.64048E-1 3.81945E-1
4.97782E-1 4.75732E-1 4.44509E-1 4.15339E-1 4.03602E-1 4.12136E-1 4.32195E-1 4.54585E-1 4.81609E-1 5.10736E-1 5.32545E-1 5.46424E-1 5.58891E-1 5.70867E-1 5.81779E-1 5.86438E-1 6.04858E-1 5.97505E-1 5.76243E-1 5.815E-1 5.9208E-1 6.14261E-1 5.86845E-1 5.91002E-1 5.87709E-1 5.8093E-1 5.72739E-1 5.67568E-1 5.57554E-1 5.68664E-1 5.89427E-1 6.34064E-1 6.3837E-1 6.2112E-1 5.86407E-1 5.82854E-1 5.91849E-1 5.92533E-1 5.89591E-1 6.03883E-1 6.08092E-1 6.20966E-1 6.06994E-1 5.94609E-1 5.98365E-1 6.16103E-1 6.06932E-1 6.35835E-1 6.3598E-1 6.10778E-1 6.05038E-1 6.40113E-1 6.46514E-1 6.55479E-1 6.68087E-1 6.71372E-1 6.10053E-1 5.08607E-1 3.88766E-1 5.59299E-1 5.27557E-1
4.25208E-1 4.4058E-1 4.26464E-1 4.1543E-1 3.93336E-1 4.14384E-1 4.31427E-1 4.44824E-1 4.81644E-1 5.18824E-1 5.36635E-1 5.3974E-1 5.48521E-1 5.66531E-1 5.86156E-1 5.9259E-1 5.94202E-1 5.98002E-1 5.96705E-1 5.90126E-1 5.91577E-1 6.00916E-1 6.01038E-1 5.93665E-1 5.932E-1 5.97291E-1 6.00993E-1 6.06899E-1 6.04939E-1 6.00961E-1 5.91967E-1 5.94038E-1 5.91315E-1 5.9309E-1 6.01635E-1 3.57867E-1 3.24788E-1 3.64419E-1 3.90996E-1 4.03035E-1 4.5436E-1 5.15412E-1 5.34026E-1 5.85076E-1 6.16997E-1 6.27363E-1 6.37248E-1 6.49251E-1 6.56598E-1 6.4837E-1 6.49927E-1 6.67542E-1 6.71263E-1 6.44902E-1 6.39599E-1 6.37075E-1 6.16212E-1 5.93624E-1 5.314E-1 5.29025E-1 4.95186E-1
4.22894E-1 4.2777E-1 4.21206E-1 4.12966E-1 4.10466E-1 4.21074E-1 4.40389E-1 4.70261E-1 4.97256E-1 5.21333E-1 5.29056E-1 5.44076E-1 5.52153E-1 5.73343E-1 5.92398E-1 5.91831E-1 5.98017E-1 5.97438E-1 6.08303E-1 5.67697E-1 5.70257E-1 5.01684E-1 4.05569E-1 3.87079E-1 4.06424E-1 4.31042E-1 6.19906E-1 6.20841E-1 6.04883E-1 5.23329E-1 4.85771E-1 4.5767E-1 4.40413E-1 5.15953E-1 5.76629E-1 5.83849E-1 5.7753E-1 5.74247E-1 6.17709E-1 5.95863E-1 6.59222E-1 6.59615E-1 6.54703E-1 5.85509E-1 6.13962E-1 4.90942E-1 4.77266E-1 5.09959E-1 6.02275E-1 6.91836E-1 7.12177E-1 6.92775E-1 6.71303E-1 6.53368E-1 6.32598E-1 6.38957E-1 6.30817E-1 5.9376E-1 5.18496E-1 4.65941E-1 4.49022E-1
4.12112E-1 4.21537E-1 4.18835E-1 4.21504E-1 4.2108E-1 4.22847E-1 4.39494E-1 4.73173E-1 5.09222E-1 5.29156E-1 5.2856E-1 5.48862E-1 5.59137E-1 5.86635E-1 5.74051E-1 5.74784E-1 5.84478E-1 5.36719E-1 3.73486E-1 3.16423E-1 3.1808E-1 3.909E-1 5.99274E-1 5.84949E-1 4.10017E-1 4.72853E-1 6.3575E-1 6.37493E-1 6.25138E-1 6.21477E-1 4.39068E-1 3.4373E-1 3.17701E-1 3.04172E-1 2.99455E-1 3.12618E-1 3.19847E-1 3.5715E-1 4.12797E-1 4.16002E-1 4.90881E-1 6.52655E-1 6.45723E-1 6.21576E-1 6.00667E-1 6.64888E-1 5.79803E-1 3.70314E-1 3.67254E-1 3.7718E-1 3.78675E-1 4.44602E-1 6.8839E-1 6.56131E-1 6.32936E-1 6.34169E-1 6.25985E-1 5.99665E-1 5.78177E-1 5.4684E-1 5.23302E-1
4.25356E-1 4.2337E-1 4.23929E-1 4.31876E-1 4.27127E-1 4.34975E-1 4.4654E-1 4.77221E-1 5.21114E-1 5.52068E-1 5.59249E-1 5.66771E-1 5.74253E-1 3.56883E-1 3.55239E-1 4.38322E-1 4.76559E-1 3.39053E-1 3.32149E-1 3.22803E-1 3.39102E-1 3.5488E-1 5.52258E-1 4.22232E-1 3.84286E-1 6.46224E-1 6.53138E-1 6.57622E-1 6.51744E-1 6.48757E-1 6.29955E-1 6.17618E-1 4.28784E-1 3.65152E-1 3.54899E-1 3.44543E-1 3.31237E-1 3.15706E-1 3.30282E-1 3.11677E-1 3.08877E-1 3.13678E-1 3.60578E-1 5.09E-1 5.3636E-1 6.09484E-1 3.87497E-1 3.94829E-1 3.53114E-1 3.5137E-1 3.41725E-1 3.17754E-1 4.2693E-1 6.25627E-1 6.09483E-1 6.05519E-1 6.12586E-1 6.13852E-1 6.14298E-1 5.994E-1 5.91947E-1
4.40687E-1 4.39314E-1 4.33133E-1 4.35175E-1 4.40733E-1 4.57614E-1 4.67805E-1 4.93485E-1 5.36111E-1 5.77723E-1 5.929E-1 5.96689E-1 4.90252E-1 3.50333E-1 4.91287E-1 4.42891E-1 3.61656E-1 3.4993E-1 3.49186E-1 3.43243E-1 4.08104E-1 4.2178E-1 3.60502E-1 3.62126E-1 4.32089E-1 6.50577E-1 6.65635E-1 6.66373E-1 6.61886E-1 6.43885E-1 6.52939E-1 6.37503E-1 6.37727E-1 6.35144E-1 5.16314E-1 3.88208E-1 3.64269E-1 3.58572E-1 3.45617E-1 3.68648E-1 3.69002E-1 3.42762E-1 3.06388E-1 2.89959E-1 3.62857E-1 4.67764E-1 3.77957E-1 3.87391E-1 3.65577E-1 3.45734E-1 3.27594E-1 2.97958E-1 2.88949E-1 3.78137E-1 5.82692E-1 5.6301E-1 5.79739E-1 6.02769E-1 6.05785E-1 6.21021E-1 6.32498E-1
4.26823E-1 4.28435E-1 4.33963E-1 4.48541E-1 4.78002E-1 4.95552E-1 5.1703E-1 5.28988E-1 5.64142E-1 5.9627E-1 6.13087E-1 5.96785E-1 4.42587E-1 5.66909E-1 4.85619E-1 3.93548E-1 3.76886E-1 3.73422E-1 3.69341E-1 3.99075E-1 3.77695E-1 3.81433E-1 4.92311E-1 5.31527E-1 6.64552E-1 6.72408E-1 6.67032E-1 6.43245E-1 6.46437E-1 6.40008E-1 6.35632E-1 6.30948E-1 6.28514E-1 6.30122E-1 6.27659E-1 6.17162E-1 4.16617E-1 3.93294E-1 4.13592E-1 4.25658E-1 4.26735E-1 4.03502E-1 3.64713E-1 3.47263E-1 3.38291E-1 4.20818E-1 5.6087E-1 5.30355E-1 4.04614E-1 3.59178E-1 3.21643E-1 2.83597E-1 2.57494E-1 2.49201E-1 3.76394E-1 4.9545E-1 5.83481E-1 6.24438E-1 6.50079E-1 6.52413E-1 6.59608E-1
4.24396E-1 4.30751E-1 4.53186E-1 4.80075E-1 5.10122E-1 5.22695E-1 5.41245E-1 5.60656E-1 5.91473E-1 6.20713E-1 6.26174E-1 4.08945E-1 6.06159E-1 5.95798E-1 4.14594E-1 4.20876E-1 4.23042E-1 4.00684E-1 3.81053E-1 5.54454E-1 4.61066E-1 5.24604E-1 6.48077E-1 6.18941E-1 6.75007E-1 6.75102E-1 6.52302E-1 6.30061E-1 6.3727E-1 6.29029E-1 6.26936E-1 6.21674E-1 6.22577E-1 6.19969E-1 6.20497E-1 6.30635E-1 5.91315E-1 4.19633E-1 4.33486E-1 4.73441E-1 4.75323E-1 4.4344E-1 4.1733E-1 3.9286E-1 3.60381E-1 3.37736E-1 3.94562E-1 6.83707E-1 5.21303E-1 3.39135E-1 3.19087E-1 2.76322E-1 2.51196E-1 2.28896E-1 2.2606E-1 3.5845E-1 5.92579E-1 6.54675E-1 6.70671E-1 6.94511E-1 6.73191E-1
