data/maxent/outputs/red_151.asc
ncols         426
nrows         180
xllcorner     -130.0
yllcorner     24.0
cellsize      0.16666666666666666
NODATA_value  -9999
[rows 54 to 80 of 180, columns 61 to 121 of 426]
6.24238E-1 6.26847E-1 6.06326E-1 6.02372E-1 6.50456E-1 6.40646E-1 6.50464E-1 6.06395E-1 5.60484E-1 5.64893E-1 5.20246E-1 3.72247E-1 3.70234E-1 4.37366E-1 5.55953E-1 6.31002E-1 6.95377E-1 7.56753E-1 7.60486E-1 6.73058E-1 6.72112E-1 5.72064E-1 4.75274E-1 4.16866E-1 4.80938E-1 4.27139E-1 3.61068E-1 3.46856E-1 3.42741E-1 3.54539E-1 4.26168E-1 3.21982E-1 2.59542E-1 2.60373E-1 2.09409E-1 2.22115E-1 1.67435E-1 1.43298E-1 1.76511E-1 1.16649E-1 1.42323E-1 1.33889E-1 1.6574E-1 1.61039E-1 1.82526E-1 2.25136E-1 2.61418E-1 2.54652E-1 3.09752E-1 3.43519E-1 2.95897E-1 2.90937E-1 2.77572E-1 2.89E-1 3.05118E-1 3.17547E-1 3.30243E-1 3.15456E-1 3.1193E-1 3.15941E-1 3.06762E-1
6.01996E-1 5.92513E-1 5.77031E-1 6.11974E-1 6.08059E-1 6.57106E-1 6.08582E-1 5.82722E-1 5.47908E-1 5.50902E-1 5.32952E-1 4.5892E-1 3.97141E-1 4.4482E-1 5.66556E-1 6.36464E-1 7.24606E-1 7.78609E-1 5.86496E-1 7.47107E-1 7.52979E-1 4.9713E-1 5.20384E-1 4.39658E-1 4.29502E-1 3.87399E-1 3.65316E-1 3.5475E-1 3.80634E-1 3.96441E-1 3.51326E-1 3.27051E-1 3.17025E-1 2.05085E-1 1.85258E-1 2.38844E-1 1.98617E-1 1.4737E-1 1.51735E-1 1.56468E-1 1.96389E-1 1.83049E-1 1.3131E-1 1.3142E-1 1.93499E-1 2.12546E-1 2.12285E-1 2.38108E-1 2.67636E-1 2.96301E-1 2.76176E-1 3.09798E-1 2.8531E-1 2.64296E-1 2.67638E-1 2.96973E-1 3.10824E-1 3.25875E-1 3.28295E-1 3.3456E-1 3.40333E-1
6.10608E-1 6.04702E-1 6.33894E-1 5.72673E-1 6.33358E-1 6.4604E-1 6.64936E-1 5.8176E-1 5.53848E-1 5.31795E-1 5.46696E-1 5.42959E-1 5.4543E-1 5.58003E-1 5.30967E-1 7.02158E-1 7.41306E-1 7.11911E-1 7.26819E-1 7.18635E-1 7.26514E-1 6.43263E-1 5.60575E-1 4.89298E-1 4.38585E-1 3.91883E-1 3.62734E-1 3.5735E-1 3.41053E-1 3.26808E-1 3.17394E-1 3.16257E-1 3.02474E-1 2.36891E-1 2.08733E-1 1.48927E-1 2.06359E-1 2.43534E-1 1.63671E-1 1.20879E-1 2.08934E-1 1.45711E-1 1.62733E-1 1.91334E-1 1.76121E-1 1.8816E-1 2.30974E-1 2.74231E-1 3.1746E-1 3.03462E-1 3.23076E-1 3.10647E-1 2.84603E-1 2.7225E-1 2.68206E-1 2.79651E-1 3.21715E-1 3.32907E-1 3.55548E-1 3.56713E-1 3.45335E-1
6.07468E-1 5.06936E-1 5.82596E-1 5.37312E-1 4.8786E-1 5.7242E-1 5.94551E-1 6.35637E-1 5.64296E-1 5.02115E-1 4.93523E-1 5.10324E-1 4.4087E-1 5.74493E-1 5.32991E-1 6.16694E-1 6.76984E-1 7.12646E-1 7.22054E-1 7.15301E-1 7.2789E-1 7.09189E-1 4.9152E-1 5.49913E-1 4.98891E-1 4.16384E-1 3.63086E-1 3.36017E-1 3.1246E-1 3.06753E-1 2.98077E-1 2.95652E-1 3.07514E-1 2.69936E-1 2.36229E-1 2.19394E-1 1.43732E-1 2.0766E-1 2.19142E-1 1.86161E-1 1.78771E-1 2.33537E-1 2.01735E-1 1.86762E-1 2.15866E-1 2.13721E-1 2.61232E-1 3.083E-1 3.64921E-1 3.63291E-1 3.84461E-1 3.54118E-1 2.79889E-1 2.73691E-1 2.93738E-1 2.78205E-1 3.20421E-1 3.53477E-1 3.86324E-1 3.69987E-1 3.22457E-1
5.12E-1 5.08246E-1 5.23422E-1 5.53585E-1 4.75879E-1 5.29658E-1 5.52598E-1 5.34445E-1 5.37811E-1 5.31969E-1 5.6132E-1 4.76608E-1 5.07472E-1 4.60115E-1 4.8867E-1 4.97738E-1 5.37901E-1 5.88825E-1 6.86877E-1 7.17132E-1 7.26458E-1 7.23896E-1 6.08142E-1 6.81875E-1 4.95689E-1 4.62739E-1 3.93022E-1 3.92138E-1 3.33132E-1 3.05662E-1 3.16854E-1 3.03518E-1 3.09001E-1 2.76679E-1 2.60388E-1 2.70993E-1 2.17759E-1 1.89386E-1 1.69278E-1 2.13835E-1 1.95102E-1 1.97124E-1 2.03906E-1 1.90378E-1 2.05773E-1 2.42087E-1 2.73092E-1 3.23686E-1 3.76306E-1 3.94608E-1 3.89776E-1 3.83065E-1 3.23819E-1 3.09857E-1 3.20733E-1 2.68777E-1 2.68666E-1 3.31135E-1 4.02943E-1 3.57535E-1 3.5738E-1
4.66064E-1 4.82177E-1 4.82341E-1 4.97529E-1 4.52148E-1 4.39049E-1 5.19159E-1 5.0812E-1 5.08885E-1 5.4217E-1 5.38969E-1 4.38088E-1 4.57359E-1 5.01699E-1 3.98752E-1 4.11552E-1 4.67345E-1 4.96673E-1 5.69085E-1 6.33691E-1 7.38409E-1 7.2684E-1 7.23316E-1 7.31359E-1 6.03176E-1 5.85426E-1 5.15129E-1 4.31309E-1 3.70001E-1 3.2659E-1 3.07079E-1 3.22521E-1 3.10917E-1 3.07052E-1 3.00169E-1 2.34754E-1 3.29393E-1 3.10283E-1 2.07992E-1 1.93792E-1 2.73264E-1 2.17139E-1 2.33295E-1 1.65844E-1 1.77082E-1 2.06868E-1 2.63896E-1 3.33319E-1 3.8027E-1 4.05861E-1 4.37655E-1 4.02331E-1 3.83618E-1 3.38871E-1 3.00387E-1 2.75019E-1 2.85372E-1 3.2801E-1 3.82521E-1 3.55598E-1 3.36658E-1
4.48987E-1 4.71428E-1 4.68471E-1 4.52006E-1 4.7062E-1 4.56968E-1 5.00065E-1 4.63768E-1 5.26233E-1 4.63759E-1 5.28097E-1 5.25386E-1 4.06609E-1 3.52108E-1 3.29103E-1 3.46841E-1 4.16189E-1 4.51484E-1 4.7708E-1 5.42548E-1 6.71836E-1 7.10726E-1 7.60207E-1 7.0042E-1 6.4781E-1 5.9391E-1 5.59126E-1 4.58344E-1 3.74564E-1 3.39772E-1 3.13557E-1 3.22404E-1 3.17543E-1 3.10389E-1 2.88796E-1 2.78011E-1 2.82856E-1 2.53189E-1 2.50516E-1 2.42652E-1 2.47906E-1 2.63502E-1 1.86525E-1 1.67481E-1 1.83124E-1 2.07461E-1 2.55309E-1 2.92871E-1 3.39548E-1 4.01883E-1 4.14263E-1 3.71439E-1 3.55415E-1 3.33922E-1 3.38348E-1 3.30593E-1 2.70848E-1 3.06988E-1 3.84959E-1 3.8437E-1 2.96715E-1
3.88717E-1 4.00688E-1 4.03347E-1 4.12315E-1 4.67249E-1 5.04314E-1 5.01071E-1 4.71335E-1 3.94213E-1 4.42532E-1 4.34284E-1 4.8393E-1 4.18284E-1 4.12884E-1 3.82678E-1 3.83459E-1 3.72758E-1 4.11118E-1 4.47213E-1 4.70811E-1 5.2696E-1 7.02931E-1 7.8242E-1 7.76192E-1 7.20683E-1 7.43208E-1 6.16253E-1 5.02604E-1 4.14286E-1 3.56932E-1 3.6009E-1 3.43042E-1 3.71192E-1 3.2563E-1 3.29684E-1 3.05557E-1 3.0377E-1 3.08276E-1 2.74751E-1 2.89382E-1 2.79611E-1 2.09587E-1 2.03565E-1 2.10195E-1 2.29723E-1 2.41354E-1 2.69916E-1 3.09559E-1 3.68815E-1 4.24769E-1 3.68547E-1 3.61935E-1 3.4827E-1 3.49387E-1 2.89929E-1 2.99767E-1 2.76445E-1 3.229E-1 3.57158E-1 3.3673E-1 2.92061E-1
3.74534E-1 3.54191E-1 3.89437E-1 4.27111E-1 4.19776E-1 4.05269E-1 4.03431E-1 4.4308E-1 5.02461E-1 4.11332E-1 4.31273E-1 4.56064E-1 4.40232E-1 4.55635E-1 3.95752E-1 4.66111E-1 3.47336E-1 3.55501E-1 4.0781E-1 4.07371E-1 4.2298E-1 5.1666E-1 7.31385E-1 7.64499E-1 7.70996E-1 7.08767E-1 5.30849E-1 6.25206E-1 5.04397E-1 4.51932E-1 4.15591E-1 3.89485E-1 4.55631E-1 4.54408E-1 4.09397E-1 3.53169E-1 3.22385E-1 3.61628E-1 3.01488E-1 2.78838E-1 2.62907E-1 2.36438E-1 2.46638E-1 2.56959E-1 2.72595E-1 2.87158E-1 2.96997E-1 3.5312E-1 4.24154E-1 4.53667E-1 4.05233E-1 3.78055E-1 3.73454E-1 3.32501E-1 3.24875E-1 2.80427E-1 2.9781E-1 3.3456E-1 3.55626E-1 2.84119E-1 1.83549E-1
3.77536E-1 3.36042E-1 3.31302E-1 3.66043E-1 3.78104E-1 3.57818E-1 3.733E-1 3.82553E-1 4.2586E-1 3.64545E-1 4.48875E-1 4.77325E-1 4.08101E-1 4.15606E-1 3.54012E-1 4.11706E-1 4.57121E-1 4.46152E-1 3.66739E-1 3.4673E-1 3.42276E-1 3.74162E-1 5.04231E-1 6.74878E-1 7.57101E-1 7.44276E-1 7.17572E-1 6.58651E-1 5.85126E-1 5.60319E-1 5.52881E-1 5.59765E-1 5.44522E-1 5.15173E-1 4.93264E-1 4.65071E-1 4.89409E-1 4.8338E-1 4.12089E-1 3.07938E-1 2.82825E-1 2.90095E-1 2.83769E-1 3.06234E-1 3.26109E-1 3.31237E-1 3.49253E-1 4.49713E-1 4.64772E-1 4.49661E-1 4.3283E-1 4.31403E-1 3.59102E-1 3.50544E-1 3.58699E-1 3.25169E-1 3.21684E-1 3.60404E-1 3.56845E-1 2.63649E-1 3.40765E-1
3.53607E-1 3.47846E-1 3.34809E-1 3.37412E-1 3.2712E-1 3.23138E-1 3.40259E-1 3.45515E-1 3.55909E-1 3.91025E-1 4.38056E-1 3.4548E-1 3.86182E-1 3.85783E-1 3.71862E-1 5.34316E-1 4.65459E-1 5.94098E-1 4.69378E-1 3.03189E-1 2.89972E-1 3.15203E-1 3.50256E-1 4.22995E-1 5.49436E-1 7.27826E-1 7.01281E-1 6.2281E-1 5.86502E-1 5.7214E-1 5.46375E-1 5.44121E-1 5.33445E-1 5.14034E-1 4.97148E-1 4.75554E-1 4.56576E-1 4.45763E-1 4.21579E-1 3.33934E-1 3.27235E-1 3.27382E-1 3.17272E-1 3.25512E-1 3.30438E-1 3.63424E-1 4.55821E-1 5.0188E-1 4.47356E-1 4.13876E-1 3.92898E-1 3.97039E-1 4.32018E-1 3.62982E-1 3.75432E-1 3.44779E-1 3.04011E-1 3.50318E-1 3.44392E-1 2.75378E-1 3.55088E-1
3.28921E-1 3.50178E-1 3.58302E-1 3.59457E-1 3.49119E-1 3.38136E-1 3.1484E-1 3.58331E-1 4.29287E-1 3.85654E-1 3.29052E-1 3.16241E-1 2.87983E-1 3.39104E-1 4.04231E-1 4.26702E-1 4.76319E-1 6.02435E-1 5.9631E-1 4.26141E-1 2.60587E-1 2.27854E-1 2.7003E-1 2.88043E-1 3.55611E-1 4.68256E-1 5.46737E-1 5.90538E-1 5.75313E-1 5.61935E-1 5.52273E-1 5.29841E-1 5.11442E-1 4.80399E-1 4.55903E-1 4.50887E-1 4.16276E-1 3.81569E-1 3.74495E-1 3.45523E-1 3.64199E-1 3.16026E-1 3.18942E-1 3.44028E-1 3.81848E-1 4.55973E-1 5.16011E-1 4.60632E-1 4.39298E-1 3.94375E-1 4.00618E-1 3.87469E-1 4.19613E-1 3.98912E-1 3.66297E-1 3.82242E-1 3.50417E-1 3.11102E-1 2.3253E-1 2.0456E-1 2.77461E-1
3.6017E-1 3.57683E-1 3.58091E-1 3.42111E-1 3.45083E-1 3.47661E-1 3.59628E-1 4.2923E-1 4.47245E-1 3.52925E-1 3.87808E-1 2.96612E-1 2.59246E-1 2.74221E-1 3.59748E-1 3.86663E-1 4.50472E-1 5.15282E-1 5.94663E-1 5.8892E-1 3.68459E-1 2.64858E-1 2.28939E-1 2.58406E-1 2.97044E-1 3.17867E-1 3.61379E-1 3.77147E-1 3.73222E-1 4.22321E-1 4.30482E-1 4.29819E-1 4.30985E-1 4.30213E-1 4.17367E-1 4.06199E-1 3.69768E-1 3.38202E-1 3.26461E-1 3.63026E-1 3.52452E-1 3.24099E-1 3.68549E-1 4.08922E-1 4.70803E-1 5.33761E-1 4.88605E-1 4.6329E-1 4.41413E-1 4.26171E-1 4.0564E-1 3.9249E-1 4.30515E-1 4.02827E-1 4.21708E-1 4.22539E-1 3.60676E-1 2.2702E-1 1.66976E-1 1.49494E-1 1.51099E-1
3.42928E-1 3.25865E-1 3.3167E-1 3.02922E-1 3.04134E-1 3.51619E-1 4.29249E-1 5.17219E-1 3.28222E-1 3.42252E-1 3.21434E-1 2.74829E-1 2.22352E-1 2.4415E-1 3.49516E-1 3.99995E-1 4.6493E-1 5.85499E-1 5.74172E-1 5.48271E-1 5.66887E-1 4.64281E-1 3.15665E-1 2.65519E-1 2.61021E-1 3.15399E-1 3.12967E-1 3.16091E-1 3.27786E-1 3.62993E-1 3.7382E-1 4.00494E-1 4.21486E-1 3.96553E-1 4.05179E-1 3.95429E-1 3.57391E-1 3.22815E-1 3.03844E-1 3.1456E-1 2.93428E-1 3.40078E-1 4.78691E-1 4.90929E-1 5.42053E-1 5.14157E-1 5.29995E-1 4.39214E-1 4.41216E-1 4.14436E-1 4.28428E-1 4.22878E-1 4.33311E-1 4.33549E-1 4.86582E-1 4.68107E-1 2.92656E-1 1.89112E-1 1.46076E-1 1.24621E-1 1.00689E-1
3.78133E-1 3.82553E-1 3.45049E-1 2.99116E-1 2.87616E-1 3.65195E-1 4.11019E-1 4.47491E-1 2.68775E-1 2.81739E-1 2.53379E-1 2.35314E-1 2.69988E-1 2.80887E-1 3.69473E-1 3.91479E-1 4.08537E-1 5.05197E-1 5.41484E-1 5.24412E-1 5.33072E-1 5.22876E-1 4.8423E-1 4.21025E-1 3.50518E-1 3.53103E-1 3.54144E-1 3.55081E-1 3.39801E-1 3.45242E-1 3.5728E-1 3.60809E-1 3.61036E-1 3.95803E-1 3.89571E-1 3.61873E-1 3.25837E-1 3.13546E-1 2.92647E-1 2.8034E-1 3.33227E-1 3.92152E-1 5.78293E-1 5.15983E-1 5.22464E-1 4.98206E-1 5.36143E-1 5.06901E-1 3.97245E-1 4.64672E-1 4.50226E-1 4.7573E-1 4.55494E-1 4.41814E-1 5.0225E-1 4.73756E-1 2.578E-1 1.56327E-1 9.97887E-2 9.10764E-2 9.43338E-2
4.84774E-1 4.05446E-1 3.73099E-1 3.64671E-1 3.1574E-1 3.10175E-1 4.01031E-1 2.63648E-1 2.68633E-1 2.52961E-1 2.91081E-1 3.26433E-1 3.54668E-1 3.88912E-1 4.00116E-1 3.96149E-1 4.19688E-1 5.44933E-1 4.64933E-1 4.51172E-1 4.97673E-1 4.90665E-1 5.1472E-1 4.45677E-1 4.07481E-1 3.805E-1 3.70403E-1 3.67006E-1 3.33173E-1 3.17463E-1 3.06845E-1 3.07372E-1 3.33935E-1 3.60605E-1 3.54809E-1 3.28685E-1 3.25719E-1 3.57591E-1 3.30859E-1 2.55871E-1 4.50762E-1 5.13648E-1 5.7391E-1 5.31461E-1 5.43692E-1 5.66075E-1 5.04076E-1 5.25564E-1 4.02551E-1 5.03999E-1 3.57742E-1 4.27268E-1 3.70645E-1 3.51825E-1 4.34586E-1 3.88286E-1 2.63893E-1 1.48374E-1 9.62017E-2 8.67805E-2 8.33088E-2
4.43709E-1 4.14248E-1 3.84293E-1 3.667E-1 3.32075E-1 3.40261E-1 3.5133E-1 2.65582E-1 3.23925E-1 3.27574E-1 4.714E-1 3.88744E-1 3.89895E-1 4.7206E-1 4.5166E-1 4.31226E-1 4.24791E-1 4.06322E-1 4.08521E-1 4.08151E-1 4.4607E-1 4.43086E-1 4.53008E-1 4.60325E-1 4.04487E-1 3.86615E-1 3.5988E-1 3.53832E-1 3.44918E-1 3.38794E-1 3.2708E-1 3.08471E-1 3.79321E-1 4.33887E-1 4.57841E-1 3.30852E-1 4.35627E-1 4.89483E-1 3.23562E-1 2.62894E-1 3.70133E-1 5.12896E-1 5.02066E-1 5.46377E-1 5.68829E-1 5.31313E-1 5.53238E-1 4.35906E-1 4.66549E-1 5.31428E-1 3.29865E-1 2.96812E-1 2.69091E-1 3.27315E-1 3.72997E-1 3.19509E-1 2.00005E-1 1.22557E-1 1.0312E-1 9.24141E-2 7.90745E-2
4.78806E-1 4.29844E-1 4.08951E-1 3.93232E-1 3.83428E-1 3.28913E-1 3.80843E-1 3.20879E-1 3.93064E-1 4.9779E-1 4.65023E-1 4.61219E-1 3.19551E-1 4.80094E-1 5.08117E-1 4.65748E-1 4.31411E-1 4.02167E-1 3.95822E-1 3.92189E-1 4.13807E-1 4.25698E-1 5.05349E-1 4.97458E-1 4.20505E-1 4.12049E-1 3.73576E-1 3.38117E-1 3.83599E-1 4.14421E-1 3.35241E-1 3.40907E-1 3.21326E-1 4.55061E-1 3.83006E-1 3.85033E-1 4.86431E-1 3.30248E-1 3.18833E-1 3.17476E-1 5.18194E-1 2.96932E-1 3.82327E-1 5.08795E-1 5.26424E-1 4.69832E-1 5.62949E-1 4.09907E-1 5.00093E-1 5.80908E-1 4.09189E-1 3.34804E-1 2.71576E-1 2.14416E-1 2.62919E-1 2.19008E-1 1.52403E-1 1.09057E-1 9.20892E-2 8.14765E-2 7.98306E-2
5.23593E-1 4.67353E-1 4.56276E-1 4.00773E-1 3.56669E-1 2.84321E-1 2.93359E-1 3.13722E-1 4.76647E-1 4.20858E-1 4.45986E-1 3.95172E-1 3.00483E-1 4.3297E-1 5.30349E-1 5.05966E-1 4.28324E-1 4.0325E-1 3.96505E-1 3.67708E-1 4.04286E-1 4.17475E-1 4.90218E-1 4.94883E-1 4.83143E-1 4.6943E-1 4.65859E-1 4.39077E-1 4.27866E-1 3.62138E-1 3.22906E-1 3.05359E-1 3.80868E-1 3.38879E-1 2.91791E-1 4.61107E-1 4.47176E-1 4.8224E-1 5.80693E-1 4.6786E-1 2.57234E-1 2.43728E-1 3.48259E-1 4.7709E-1 5.28077E-1 5.06291E-1 5.10414E-1 4.29563E-1 5.59948E-1 5.74176E-1 4.96984E-1 3.56286E-1 2.23612E-1 1.81829E-1 2.30279E-1 1.83199E-1 1.33903E-1 9.28189E-2 7.42738E-2 7.74686E-2 7.52713E-2
5.24551E-1 4.95482E-1 4.47522E-1 4.39587E-1 3.90637E-1 3.43037E-1 3.97736E-1 3.82846E-1 4.10008E-1 3.21693E-1 4.32322E-1 3.22063E-1 3.21319E-1 5.46548E-1 5.19345E-1 5.06045E-1 4.34945E-1 3.93854E-1 3.89318E-1 3.69572E-1 3.5878E-1 4.04954E-1 5.16668E-1 4.6396E-1 4.5347E-1 4.68012E-1 4.62768E-1 4.31041E-1 3.19083E-1 3.55377E-1 3.51155E-1 3.54015E-1 3.12269E-1 3.4543E-1 4.36365E-1 3.87022E-1 5.34276E-1 3.55948E-1 2.65371E-1 2.55456E-1 2.1984E-1 2.55138E-1 3.70707E-1 4.78457E-1 4.68096E-1 4.93448E-1 5.10507E-1 4.72161E-1 5.71461E-1 4.79805E-1 4.63973E-1 2.95875E-1 1.71957E-1 1.89089E-1 1.88734E-1 1.60644E-1 1.2467E-1 9.2381E-2 8.44837E-2 8.63896E-2 8.72142E-2
5.09767E-1 4.98578E-1 4.6297E-1 4.42372E-1 4.22967E-1 4.12119E-1 4.47083E-1 3.4324E-1 2.75531E-1 3.00109E-1 3.32047E-1 2.5919E-1 4.33872E-1 5.33193E-1 4.67112E-1 4.51314E-1 4.04456E-1 3.74475E-1 3.7275E-1 3.64893E-1 3.84312E-1 4.29291E-1 4.77991E-1 4.76974E-1 4.36639E-1 4.22816E-1 4.05563E-1 3.2728E-1 3.87057E-1 3.2084E-1 3.04261E-1 3.44367E-1 2.671E-1 3.72094E-1 4.04532E-1 2.70008E-1 4.69191E-1 2.48961E-1 2.35728E-1 2.11297E-1 2.72117E-1 4.45528E-1 4.45804E-1 4.93323E-1 4.24682E-1 4.73153E-1 5.24539E-1 5.32509E-1 5.54908E-1 4.84368E-1 5.57627E-1 2.61828E-1 1.76098E-1 2.24901E-1 1.97016E-1 1.51206E-1 1.30523E-1 1.06031E-1 9.68827E-2 9.52542E-2 9.63657E-2
5.31533E-1 5.1956E-1 4.29061E-1 4.11769E-1 4.27422E-1 4.41689E-1 2.67856E-1 2.50861E-1 3.89579E-1 2.48561E-1 2.41434E-1 2.3422E-1 4.46346E-1 3.6344E-1 3.28959E-1 3.12532E-1 3.53675E-1 4.31067E-1 4.09502E-1 4.46327E-1 4.9742E-1 4.66361E-1 4.49801E-1 4.79778E-1 4.34221E-1 3.85468E-1 4.21398E-1 3.11575E-1 3.63251E-1 3.71913E-1 2.8636E-1 2.3296E-1 2.93253E-1 3.02787E-1 2.37385E-1 1.57082E-1 2.01257E-1 1.59618E-1 1.68987E-1 2.98247E-1 3.41619E-1 4.78676E-1 5.52836E-1 5.16939E-1 5.05137E-1 5.14668E-1 6.16768E-1 5.41478E-1 5.36263E-1 5.17438E-1 5.69726E-1 2.8684E-1 1.67856E-1 2.20065E-1 1.84991E-1 1.61152E-1 1.41443E-1 1.2303E-1 1.16712E-1 1.0796E-1 1.02218E-1
5.57037E-1 5.02403E-1 4.61564E-1 3.89601E-1 3.75581E-1 2.84942E-1 2.19169E-1 3.28349E-1 4.15386E-1 2.32266E-1 2.77605E-1 2.92523E-1 3.53746E-1 2.24824E-1 3.40571E-1 3.57013E-1 3.47674E-1 5.10653E-1 3.94395E-1 3.59684E-1 4.4219E-1 4.38566E-1 4.66467E-1 4.36751E-1 3.79157E-1 3.83829E-1 3.92418E-1 2.76082E-1 2.57102E-1 3.52205E-1 3.82888E-1 3.023E-1 3.91404E-1 1.99776E-1 2.37976E-1 1.53236E-1 1.13404E-1 1.46776E-1 1.9836E-1 1.94607E-1 2.59224E-1 4.30775E-1 5.35898E-1 5.69095E-1 5.77543E-1 6.05054E-1 5.34868E-1 6.12081E-1 5.20267E-1 5.22191E-1 4.96945E-1 3.46929E-1 2.35885E-1 2.14019E-1 2.19794E-1 1.83328E-1 1.55738E-1 1.3665E-1 1.24994E-1 1.25968E-1 1.13526E-1
5.22817E-1 5.12407E-1 4.95416E-1 4.60449E-1 2.5549E-1 2.57188E-1 2.10968E-1 3.32662E-1 2.65037E-1 2.1038E-1 2.5517E-1 2.45696E-1 2.8277E-1 2.00021E-1 3.30385E-1 2.7852E-1 2.20857E-1 3.40114E-1 3.36493E-1 3.56598E-1 3.99252E-1 5.27853E-1 4.27238E-1 4.38419E-1 4.85322E-1 3.64088E-1 3.21067E-1 2.81722E-1 3.93379E-1 3.54081E-1 3.62026E-1 4.51475E-1 3.12587E-1 3.3186E-1 3.93371E-1 1.17173E-1 1.21087E-1 1.52053E-1 1.95582E-1 2.18021E-1 2.30869E-1 2.92046E-1 4.23624E-1 5.72674E-1 5.57205E-1 6.84932E-1 6.17522E-1 6.24373E-1 5.2043E-1 5.62012E-1 5.11452E-1 4.13713E-1 3.4583E-1 2.82459E-1 2.8601E-1 2.95293E-1 2.44833E-1 1.93498E-1 1.64792E-1 1.48898E-1 1.31309E-1
4.64073E-1 5.00104E-1 4.23706E-1 2.82198E-1 2.12E-1 2.06879E-1 2.13823E-1 2.73502E-1 2.49934E-1 2.20667E-1 2.65892E-1 2.31736E-1 2.72731E-1 4.12595E-1 2.84418E-1 2.11857E-1 1.95581E-1 2.81038E-1 2.71112E-1 3.03041E-1 2.95857E-1 3.64337E-1 4.04233E-1 4.24512E-1 3.94705E-1 3.24147E-1 2.76151E-1 4.73603E-1 4.60135E-1 3.23611E-1 3.06293E-1 4.62614E-1 2.64492E-1 2.212E-1 1.15398E-1 9.89683E-2 1.48067E-1 1.49317E-1 1.99853E-1 1.87787E-1 2.95299E-1 2.42062E-1 3.20716E-1 4.72381E-1 5.9309E-1 6.90098E-1 5.61828E-1 5.88785E-1 5.72707E-1 5.59283E-1 5.43299E-1 5.74611E-1 6.36876E-1 5.38887E-1 6.09269E-1 5.94118E-1 5.18499E-1 3.82047E-1 2.98303E-1 2.21648E-1 1.78243E-1
4.97088E-1 4.08508E-1 4.11727E-1 2.65711E-1 2.7328E-1 2.6547E-1 2.72167E-1 3.14328E-1 2.63471E-1 2.65144E-1 2.23541E-1 3.31675E-1 2.36535E-1 4.2692E-1 3.04823E-1 3.07264E-1 2.67413E-1 2.80708E-1 3.38314E-1 2.12153E-1 2.47103E-1 3.85972E-1 2.63481E-1 3.46387E-1 3.42531E-1 3.48105E-1 5.10862E-1 4.86352E-1 4.40393E-1 3.01934E-1 3.19444E-1 3.77412E-1 2.17245E-1 3.9653E-1 1.07572E-1 9.7488E-2 1.05788E-1 1.14072E-1 1.42378E-1 1.59727E-1 1.8631E-1 3.30606E-1 2.79052E-1 3.98571E-1 5.24368E-1 7.02656E-1 5.18215E-1 5.49195E-1 5.95857E-1 5.79452E-1 6.03472E-1 7.59161E-1 8.31492E-1 7.61607E-1 6.7687E-1 6.19814E-1 5.53397E-1 5.83782E-1 5.43812E-1 5.29445E-1 3.37956E-1
3.37254E-1 3.25825E-1 2.76618E-1 3.3515E-1 3.15544E-1 3.18909E-1 3.31944E-1 2.81205E-1 2.50832E-1 2.78224E-1 2.85076E-1 3.61001E-1 2.9412E-1 3.18313E-1 3.92738E-1 3.44508E-1 3.92857E-1 2.07619E-1 3.0683E-1 3.00834E-1 2.4123E-1 3.56091E-1 4.36828E-1 4.04905E-1 3.51623E-1 5.14127E-1 4.8445E-1 4.25452E-1 3.98828E-1 4.39982E-1 5.30554E-1 4.53174E-1 1.93383E-1 4.49748E-1 8.92339E-2 9.79628E-2 9.90871E-2 1.04283E-1 1.10183E-1 1.32856E-1 1.96587E-1 3.96089E-1 2.64073E-1 6.0484E-1 3.8312E-1 5.87193E-1 5.98005E-1 5.16982E-1 6.96332E-1 6.69634E-1 5.50001E-1 6.72051E-1 7.44564E-1 7.12445E-1 6.9947E-1 6.34909E-1 5.1047E-1 4.62462E-1 3.52865E-1 3.12495E-1 2.66288E-1
