Species,Longitude,Latitude
red_171,-103.625618,46.932873
red_171,-96.74278,30.823419
red_171,-96.848276,32.75394
red_171,-95.452473,29.764913
red_171,-98.280918,30.567531
red_171,-97.302604,50.240344
red_171,-96.138268,30.23801
red_171,-106.36816054,35.83846441
red_171,-97.7616615315,30.2664913098
red_171,-96.6551283333,33.0762166667
red_171,-98.5480857933,29.5709850123
red_171,-96.322252,30.62974
red_171,-97.3206284177,30.0831342861
red_171,-97.268481,32.744123
red_171,-97.7557682991,30.4106337468
red_171,-100.2640838623,25.5567169189
red_171,-97.8339057,30.3275825
red_171,-96.9351035357,32.4405466123
red_171,-98.0536117554,29.9894447327
red_171,-104.3737238003,40.7373513929
red_171,-99.6771087646,49.5898704529
red_171,-106.9691656856,38.9325428265
red_171,-95.2607366667,30.0248116667
red_171,-97.3296947871,32.7523281752
red_171,-97.6946933941,29.8516265815
red_171,-105.5688245019,50.3094879399
red_171,-96.108001709,29.8200149536
red_171,-106.4072442055,38.8157270073
red_171,-106.3769030571,38.7889045428
red_171,-95.2948858,30.022758
red_171,-97.755645752,30.2658367157
red_171,-95.6642979664,29.6282913164
red_171,-95.573841391,29.984064156
red_171,-105.271125,40.0251221667
red_171,-106.6828715,35.1286772
red_171,-103.4718838468,46.9141825453
red_171,-101.4189177653,50.4748719123
red_171,-97.2125244,35.0550483
red_171,-97.794717,30.247922
red_171,-101.9275091,43.76072464
red_171,-97.3610216667,37.6939416667
red_171,-103.9938883333,40.8127216667
red_171,-97.21837,46.3828383333
red_171,-96.92623,50.1159638333
red_171,-103.385255,46.8957216667
red_171,-95.6702077948,29.631721736
red_171,-96.9187866667,50.1275528333
red_171,-105.2763614339,40.0249317661
red_171,-100.3157185348,25.5705357948
red_171,-96.9279716667,50.1313945
red_171,-97.676996179,30.3893348063
red_171,-98.1347314083,26.2912149774
red_171,-98.1347249542,26.291155885
red_171,-106.8619150949,39.2099631764
red_171,-97.3570166667,33.9462283333
red_171,-106.9678931884,38.9313285034
red_171,-96.8618,44.2795133333
red_171,-100.1519481623,25.3071586485
red_171,-96.8657,50.00405
red_171,-96.87137,50.0038722167
red_171,-96.8813633333,50.0039666667
red_171,-101.9599841848,33.5209633439
red_171,-101.9508514512,33.5403782171
red_171,-96.890975,50.0049027833
red_171,-103.3341578689,47.5969407597
red_171,-106.4760559421,50.1834846501
red_171,-95.4513166667,29.7619944444
red_171,-103.775088831,43.8999699902
red_171,-104.9536224141,37.9202943891
red_171,-103.3887604905,46.9271342048
red_171,-106.2536111,31.1994444
red_171,-105.27628251,40.00164788
red_171,-100.80316,35.19683
red_171,-97.7822611111,30.2836222222
red_171,-95.7012767439,30.1166028483
red_171,-106.5597310518,32.3562974418
red_171,-106.562611,32.353978
red_171,-96.2395711636,50.1722830066
red_171,-98.1354221667,26.0818805
red_171,-96.1812896729,41.0003318787
red_171,-96.8795229251,50.0146838754
red_171,-95.44469421,29.75482515
red_171,-96.53483,45.38633
red_171,-97.0154416667,45.402225
red_171,-99.690225,47.0305361667
red_171,-96.5387,45.38705
red_171,-99.58161758,42.72268084
red_171,-96.3210833333,44.1959033333
red_171,-98.1377133333,26.2931233333
red_171,-96.0315445,43.9367966667
red_171,-101.2301466667,46.7282033333
red_171,-97.6542512,30.38720755
red_171,-101.9514576895,33.5426817221
red_171,-96.8538730872,50.0242333347
red_171,-95.3003783333,30.0318388333
red_171,-105.0746695,40.950175
red_171,-98.0717694444,30.620025
red_171,-95.4524466667,29.7651716667
red_171,-105.977735,35.677586
red_171,-98.46592,40.78778
red_171,-96.8228394059,50.2543904979
red_171,-100.1423195,25.3010366667
red_171,-104.33642193,40.68363525
red_171,-96.687455,40.827105
red_171,-106.4288633333,39.1276333333
red_171,-105.5749175957,40.0765838697
red_171,-100.266569,25.554514
red_171,-97.4240380526,45.643878923
red_171,-105.09127334,39.4938864
red_171,-99.999587,39.6080019722
red_171,-96.769005,44.31296667
red_171,-97.7500763642,30.2469039276
red_171,-105.1896972656,39.6961135864
red_171,-98.049570828,37.978974124
red_171,-106.6972994575,52.0320532377
red_171,-95.4533447993,29.7621327911
red_171,-96.60212833,32.75015333
red_171,-103.5170583333,46.7766444444
red_171,-97.8737753537,30.1859481354
red_171,-98.2294118821,26.1775869411
red_171,-98.2294176471,26.1767839096
red_171,-98.5733888889,47.066425
red_171,-96.0954055,41.291845
red_171,-96.87405333,32.85172833
red_171,-106.312025,35.9077
red_171,-97.6976568997,29.855338384
red_171,-106.890403666,39.0826230249
red_171,-97.1665087294,32.7418059595
red_171,-95.3830101389,44.7642876111
red_171,-96.0059648752,36.0201029518
red_171,-105.76359704,33.43974438
red_171,-106.3833401074,35.1769305021
red_171,-97.167625,26.0987945
red_171,-105.67025953,40.27762624
red_171,-100.9488043318,25.4707129388
red_171,-104.82309818,38.82437919
red_171,-105.66903,33.3947
red_171,-106.5700323732,39.1401453479
red_171,-105.6917883333,33.3485833333
red_171,-98.138725,30.51464667
red_171,-106.37667063,34.66959926
red_171,-106.2803790719,35.7842537854
red_171,-100.0596313475,28.0882129667
red_171,-106.941794781,39.011999177
red_171,-105.7116730375,40.3954504875
red_171,-98.2292983514,26.1768573992
red_171,-106.4160954647,35.2177860769
red_171,-105.75537833,33.44758667
red_171,-99.2350920663,40.3673950397
red_171,-100.1441345214,25.3030605314
red_171,-98.65915,30.2355611111
red_171,-101.3121897821,50.9669820685
red_171,-100.1438827514,25.3035144806
red_171,-106.3836427931,38.7782752675
red_171,-97.1025305,49.85661333
red_171,-97.1458195,33.02379167
red_171,-97.611354,35.6071659722
red_171,-100.91822833,38.682275
red_171,-105.06463617,40.556595
red_171,-105.59928595,36.1984904667
red_171,-105.2096472222,40.2431111111
red_171,-105.7051707414,32.8904608441
red_171,-105.707925,35.79253
red_171,-105.70335333,35.76875333
red_171,-97.10295833,49.85654667
red_171,-95.405526,30.093359
red_171,-105.7506359444,40.4442631944
red_171,-106.56408,39.10735833
red_171,-95.1778430019,47.2030211144
red_171,-95.1778430019,47.2030211144
red_171,-106.4617366667,35.180165
red_171,-100.2919519167,25.7567422222
red_171,-104.3944046776,36.9775461836
red_171,-106.5639797,39.1085522
red_171,-95.8824665844,46.7817245079
red_171,-99.2668684,49.6623854
red_171,-97.446755,37.64593
red_171,-105.1882149464,40.0454825175
red_171,-95.88121796,50.10740063
red_171,-95.88147963,50.1071583
red_171,-95.88168315,50.10696981
red_171,-105.17506189,39.975246898
red_171,-100.3681336467,25.3587611943
red_171,-97.75696609,30.41297954
red_171,-106.9422413037,39.0113168909
red_171,-98.2297673,26.1767406
red_171,-96.5857866667,39.1034888333
red_171,-97.686422132,30.400803351
red_171,-97.0605548099,49.8929296095
red_171,-98.2297673,26.1767406
red_171,-105.7203440937,41.1777427436
red_171,-97.0366841555,49.8932330758
red_171,-98.5200944444,29.5256777778
red_171,-106.950304,38.532503
red_171,-96.8169,32.747416
red_171,-96.0222213889,33.4356779444
red_171,-98.4966377635,32.5629539928
red_171,-98.1562905014,42.4216829518
red_171,-96.6240555556,50.2383111111
red_171,-96.7122116089,42.5901794434
red_171,-99.3487633333,31.1275721667
red_171,-95.2193138518,38.9777575696
red_171,-95.9193895131,41.1512613265
red_171,-97.0136362687,49.9069324288
red_171,-104.2737219484,39.0207907465
red_171,-97.2131652832,28.0928707123
red_171,-97.72041937,30.66414704
red_171,-105.605879,36.190834
red_171,-98.4496916667,30.6577333333
red_171,-97.5781027778,29.612875
red_171,-105.5167236328,37.1695594788
red_171,-97.9807389933,38.6064296157
red_171,-98.5475536944,33.8618652778
red_171,-106.3199383333,38.4974883333
red_171,-96.6185574155,40.7355675894
red_171,-105.0615073997,39.4318682997
red_171,-97.9287364987,38.0769263395
red_171,-95.57774,29.98414
red_171,-95.0070276944,32.4356985751
red_171,-104.5291999613,39.0736784716
red_171,-106.6422861814,52.1346882531
red_171,-104.02247236,30.31189726
red_171,-96.5934349532,39.0917776356
red_171,-106.453301,31.744268
red_171,-105.7517263669,40.443285263
red_171,-104.654168585,38.2662423729
red_171,-106.7782944444,38.3576222222
red_171,-104.5808207658,50.4239993344
red_171,-101.6235351563,48.5911425481
red_171,-105.9347384,39.5791675
red_171,-98.142131799,26.0780646991
red_171,-101.47154,41.199747
red_171,-105.7330333333,40.41267
red_171,-95.4634542276,32.6244458557
red_171,-97.4051827938,32.365054912
red_171,-97.763725,30.3709966667
red_171,-98.4275666667,29.5121966667
red_171,-95.9916555556,36.0666027778
red_171,-98.2297780288,26.1766539438
red_171,-97.6087899606,28.5227238085
red_171,-106.7807916667,40.48242
red_171,-98.1258916667,29.72262
red_171,-97.3668457543,32.7348182
red_171,-97.7822197416,30.2835178469
red_171,-106.9917226118,38.9734838298
red_171,-100.4532533,26.3831041997
red_171,-101.099062,50.227147
red_171,-105.09993245,40.54356571
red_171,-97.7898483276,30.2562484741
red_171,-95.7006530556,38.9540597222
red_171,-97.9580917222,26.1256618333
red_171,-106.84965796,39.20719838
red_171,-96.7050777778,33.0889666667
red_171,-104.9122720957,38.8628746979
red_171,-104.9117715759,39.6876555381
red_171,-98.9458328155,24.577266061
red_171,-95.38626222,29.77610203
red_171,-98.2297673,26.1767406
red_171,-98.2297673,26.1767406
red_171,-98.2297673,26.1767406
red_171,-98.8131542709,26.3906612543
red_171,-97.1457384142,33.02363834
red_171,-98.126207646,29.722434421
red_171,-105.9918642417,38.4935865889
red_171,-98.3970666667,38.4056333333
red_171,-97.86357,27.4699716667
red_171,-103.7588659459,38.9137824044
red_171,-97.83012,30.2708316667
red_171,-96.4860712908,37.5285651199
red_171,-104.4094881997,40.7051792997
red_171,-97.7446366975,30.2758873723
red_171,-105.5006216667,40.4314166667
red_171,-97.0912388889,33.8240388889
red_171,-103.5265868296,46.9409460559
red_171,-104.869675,39.7580533333
red_171,-98.7505716667,29.8210783333
red_171,-95.3989416667,30.30582
red_171,-103.36627986,43.64022568
red_171,-97.1677379722,26.0990819722
red_171,-97.1537778333,33.214775
red_171,-96.7712266667,46.885465
red_171,-104.69168,39.510505
red_171,-95.196262,47.239139
red_171,-97.7588972222,30.4119194444
red_171,-106.5513234213,52.1010805872
red_171,-105.1735953997,40.0131016997
red_171,-96.9623370955,32.8706370965
red_171,-96.515483731,29.0345648683
red_171,-100.7520593393,46.8459936744
red_171,-100.144081,25.303356
red_171,-95.0380984694,39.0009049813
red_171,-101.6477323696,41.2096721782
red_171,-105.2995683333,40.1498783333
red_171,-100.1440299175,25.3023853953
red_171,-100.1399346,25.3004609
red_171,-100.137105,25.29596
red_171,-95.2297439575,43.1285400391
red_171,-96.8769833333,50.0111361167
red_171,-105.10033703,40.60565633
red_171,-95.5655666906,29.986276743
red_171,-106.6333616667,39.6587366667
red_171,-104.9889081717,38.4441428001
red_171,-96.0636151,46.2653412
red_171,-95.261261144,29.5939909013
red_171,-105.24286538,52.6620241
red_171,-105.6533972919,41.4018879172
red_171,-106.6400166667,52.1392416667
red_171,-106.2925333333,35.7922333333
red_171,-95.0219487139,29.5280850859
red_171,-96.6879716667,33.0921528333
red_171,-98.4679718018,29.3281402588
red_171,-100.0577716667,28.0825133333
red_171,-105.7755482608,40.434852455
red_171,-105.6510204866,35.8401912178
red_171,-96.6050966667,39.1079016667
red_171,-105.030156523,39.5831091921
red_171,-104.8566670238,39.8331327353
red_171,-97.7815305556,28.0510194444
red_171,-104.8553232713,39.8331093967
red_171,-77.8765335083,39.1452713013
red_171,-78.1265104,40.3223214
red_171,-79.0577030182,35.9872782586
red_171,-79.494503,39.870925
red_171,-80.98537357,37.53746731
red_171,-79.8365083333,40.3120466667
red_171,-77.2818533333,39.3131916667
red_171,-80.3317665108,36.9665440356
red_171,-80.005376,41.010985
red_171,-80.006753,41.012206
red_171,-77.9178198428,34.0505465912
red_171,-77.7515563965,40.7900619507
red_171,-77.1338321,38.7256912
red_171,-78.24740672,44.34033155
red_171,-79.101425707,36.065889584
red_171,-80.004638,41.009952
red_171,-78.9311246111,35.9745120556
red_171,-77.0494166667,38.7700416667
red_171,-77.0464945,38.7696916667
red_171,-79.0716113673,44.5348506923
red_171,-77.0514361667,38.789695
red_171,-78.9316228889,36.0107506111
red_171,-78.9317181111,36.0107613889
red_171,-80.2574765682,44.5361945712
red_171,-77.3171854019,44.4668401055
red_171,-77.8067443557,40.7973142049
red_171,-80.518690552,43.5249128583
red_171,-77.3696133333,38.9738966667
red_171,-79.9078513776,43.3133593295
red_171,-79.5115099847,43.1833219262
red_171,-79.3359133333,38.9780666667
red_171,-79.4692735,39.00114059
red_171,-80.7198783333,35.4086416667
red_171,-79.9073416667,40.4362194444
red_171,-80.3843259439,25.4982752981
red_171,-78.7210466667,40.23738
red_171,-77.0412138333,38.793945
red_171,-79.0626509395,36.0325779766
red_171,-80.891120615,48.571558947
red_171,-79.46447,43.654925
red_171,-77.1065888333,38.8051916667
red_171,-77.306277,44.474549
red_171,-80.63491,43.44028
red_171,-80.1156862825,43.8774644474
red_171,-79.939644,43.2672986
red_171,-79.477455,43.739636
red_171,-78.4709361,42.5194456
red_171,-80.2734155115,38.1978146732
red_171,-79.8330535889,44.3591651917
red_171,-80.7938916667,44.540295
red_171,-78.2372042164,40.0935791956
red_171,-80.1807716667,45.3479883333
red_171,-78.9569465508,37.9446085874
red_171,-78.9569465508,37.9446085874
red_171,-80.7588882446,44.3344459534
red_171,-80.2734451294,38.1977882385
red_171,-78.78314783,42.872917
red_171,-77.0643803267,39.0029036035
red_171,-79.9528966667,43.2431716667
red_171,-79.7308493833,38.4741696244
red_171,-77.3695,38.9735
red_171,-79.6443696521,38.9175103979
red_171,-79.4600316667,47.1421366667
red_171,-79.1600236129,43.8168018216
red_171,-80.0263217767,44.8499231835
red_171,-77.5587366667,45.8716933333
red_171,-77.2061030556,44.9030697222
red_171,-79.3304754701,43.6213732193
red_171,-79.324166739,43.6477400803
red_171,-80.7853243749,44.5484959461
red_171,-80.7937122569,44.5400562688
red_171,-79.4926277772,44.5943084422
red_171,-78.5072669339,45.574698764
red_171,-80.2227079195,38.3301117086
red_171,-77.643365,41.029897
red_171,-77.55244104,37.54660208
red_171,-80.0335352496,36.0435510613
red_171,-78.7377465796,36.1656873348
red_171,-77.3132324219,38.3678245544
red_171,-77.8506317,34.2004138
red_171,-77.7645263672,38.2700920105
red_171,-78.7370216667,36.1659666667
red_171,-78.7378383333,36.1654083333
red_171,-79.0179307201,35.886370386
red_171,-79.43712,47.3281883333
red_171,-77.0666390348,39.0026471387
red_171,-79.0473861667,35.91377
red_171,-79.2398833333,36.2462783333
red_171,-78.95907,46.4655716667
red_171,-80.7571975,35.3014797
red_171,-79.8862463,43.2417304
red_171,-80.8693313599,37.4736938477
red_171,-77.32574,44.49384
red_171,-80.0208986205,40.61394339
red_171,-79.9835983013,39.6466257144
red_171,-79.5043412108,39.1498129224
red_171,-78.9946533333,35.9101633333
red_171,-79.3873825073,43.1424446106
red_171,-79.7156143188,45.6338157654
red_171,-80.9590841,36.4819314
red_171,-77.9651580734,38.987481498
red_171,-77.0926583333,38.8794966667
red_171,-80.9336242676,35.3558769226
red_171,-80.7122731861,36.5966718877
red_171,-80.44644932,41.23271077
red_171,-79.0578695,35.986745
red_171,-79.7695333333,43.2000883333
red_171,-79.9578783333,36.0459028333
red_171,-80.2604904175,43.3878135681
red_171,-79.6494744091,40.7979837121
red_171,-77.5456166667,38.96933
red_171,-79.9107883333,40.5057216667
red_171,-80.0961216667,43.3675066667
red_171,-78.2835325908,43.1160078509
red_171,-79.307824,43.8121274
red_171,-80.95918446,36.48210746
red_171,-79.7396492958,43.5796291896
red_171,-79.0741629,43.0828162
red_171,-79.0741629,43.0828162
red_171,-77.233732,39.8132494
red_171,-78.87877,35.96389667
red_171,-79.0576244798,35.9874331719
red_171,-78.9057706297,39.1896600696
red_171,-78.90431966,36.00451734
red_171,-77.14461383,38.64071667
red_171,-77.778820647,37.6961697964
red_171,-77.1556562331,38.8241579738
red_171,-79.4447139278,44.8716221434
red_171,-77.2685543099,40.0933328993
red_171,-77.6793545313,37.410183697
red_171,-79.0582243726,35.9868363295
red_171,-78.454039,38.024948
red_171,-78.5441780065,38.0490964853
red_171,-80.81865,33.827605
red_171,-79.47898476,43.6219251
red_171,-77.2609509021,37.8913110048
red_171,-78.8262767112,39.0083440762
red_171,-79.9751236395,43.6349497129
red_171,-80.0799916667,42.1623666667
red_171,-79.9510359623,40.4198910707
red_171,-78.97894167,35.21315
red_171,-77.33367167,37.58628833
red_171,-77.887391821,37.6667875959
red_171,-80.9990056046,36.2751609832
red_171,-78.8533659722,35.7755969722
red_171,-78.8534609722,35.7758359722
red_171,-79.9091373292,40.5444537755
red_171,-80.55129167,37.42965833
red_171,-80.18650833,37.1330695
red_171,-79.5408556983,43.7151574159
red_171,-79.1612032997,35.9280029
red_171,-79.0067666486,44.6114105047
red_171,-77.25336333,38.995155
red_171,-78.9018575389,36.0322673861
red_171,-79.20858,36.0308695
red_171,-80.9541300684,44.6213169303
red_171,-80.0876266711,41.3725019481
red_171,-79.6145171965,40.5754002857
red_171,-80.3095017002,35.6430743309
red_171,-80.1322160833,40.1588243889
red_171,-77.7075163563,43.9911466199
red_171,-79.79974387,39.49392413
red_171,-79.3667233264,43.6863429864
red_171,-79.211748,41.322023
red_171,-78.4972888889,44.5421861111
red_171,-78.8883268914,40.5874545768
red_171,-78.622095,35.90418833
red_171,-80.5339321867,43.4534353655
red_171,-79.6480151241,38.7835085745
red_171,-77.0334179,42.3401767
red_171,-78.285889944,44.2842784639
red_171,-77.0975147223,38.9949211928
red_171,-80.0542445,35.39723833
red_171,-79.3633503791,46.0859823179
red_171,-80.011615,40.564522
red_171,-79.8092937868,43.2094788834
red_171,-78.9841166667,44.6907
red_171,-80.2320151762,38.7874424713
red_171,-78.9770836453,48.2571832488
red_171,-79.0468915536,44.5710548209
red_171,-78.336999,44.392856
red_171,-77.5471716667,37.6722416667
red_171,-78.3324424714,44.3939494498
red_171,-80.8735841389,38.2095920556
red_171,-78.3693159123,44.374864218
red_171,-80.3409611111,38.1813235833
red_171,-80.471169,39.100655
red_171,-80.1259231567,40.9694633484
red_171,-80.78290175,38.4632295833
red_171,-80.2848173373,40.1530545912
red_171,-79.14050203,36.05564925
red_171,-80.099715913,34.3582935463
red_171,-80.0997507252,34.3583472904
red_171,-77.0008707323,39.4658149256
red_171,-79.4498669616,43.9332119007
red_171,-77.107525,39.0533055556
red_171,-77.3821843,44.1586966
red_171,-77.3412904025,44.1794964898
red_171,-78.3695710501,44.3750911097
red_171,-78.3717718311,44.3784632535
red_171,-79.3056785526,43.6987305984
red_171,-80.29515918,42.82834579
red_171,-77.0905388333,38.8399466667
red_171,-77.407734,37.609709
red_171,-77.0411911011,38.7987747192
red_171,-79.9488681917,43.2466427717
red_171,-78.2048380002,38.7798059466
red_171,-77.9695095088,44.1136635528
red_171,-79.0185739471,48.2298150604
red_171,-79.36605,46.0900583333
red_171,-80.1098333333,43.3145833333
red_171,-79.4290191,46.3168796
red_171,-78.8786015579,41.8036682475
red_171,-79.9069133333,40.4368883333
red_171,-78.7719291295,44.2308252461
red_171,-77.1018445,39.0166971667
red_171,-80.99363,46.47125
red_171,-77.561562974,44.2088707583
red_171,-79.944999,40.8643298
red_171,-79.4683925995,43.6440871028
red_171,-80.3947533333,43.9321633333
red_171,-79.4426107507,44.5836665707
red_171,-80.7707022997,35.4021559997
red_171,-79.2425739393,40.1916794547
red_171,-78.3025822435,44.3526928124
red_171,-79.4665119895,43.6468196136
red_171,-79.4645899196,43.6387814189
red_171,-79.3216323319,43.7013517805
red_171,-79.41771792,39.49621016
red_171,-77.1992,39.1086027778
red_171,-80.3631309,40.5074061997
red_171,-79.881845,38.63319667
red_171,-77.3332615799,38.9229321275
red_171,-80.2743473,38.1977941997
red_171,-78.31952454,44.34749807
red_171,-80.3632925,40.507646
red_171,-80.2848288075,43.2987682
red_171,-79.206607757,44.5382301446
red_171,-79.8540766389,43.4147033333
red_171,-79.4994209722,37.0238
red_171,-79.899926,40.43212215
red_171,-78.3147113727,44.3552635061
red_171,-80.42965,43.9136383333
red_171,-77.8102527149,37.667533259
red_171,-79.9077277778,43.3151972222
red_171,-80.7383583333,37.2065194444
red_171,-77.6789469781,37.7514872423
red_171,-79.4719551131,43.1883764319
red_171,-79.9370393924,44.5933054186
red_171,-78.3752846778,44.2346678289
red_171,-77.11653,38.61895618
red_171,-80.3275489435,36.8330245419
red_171,-80.020193,48.147303
red_171,-77.313775,39.124325
red_171,-77.3665222222,38.9775222222
red_171,-80.1288371533,37.1228095101
red_171,-80.1288673282,37.1237807149
red_171,-80.574070387,43.4696700399
red_171,-79.5095133333,43.8363083333
red_171,-78.79246978,38.04453953
red_171,-77.2530360147,39.0650326451
red_171,-80.8344125895,35.247111153
red_171,-79.27710888,43.86458595
red_171,-78.1892700195,39.1753845215
red_171,-80.8486931944,41.4619732778
red_171,-79.0269763862,37.8922562907
red_171,-77.3385650774,38.9287234492
red_171,-78.1441333333,39.5344583333
red_171,-80.2772729722,36.392422
red_171,-77.0877138333,39.0107611167
red_171,-79.0163275,35.8877440997
red_171,-77.0641778333,39.01239445
red_171,-77.2518005371,39.0600627045
red_171,-80.3582261,27.2730492
red_171,-77.00076327,39.46608824
red_171,-79.72677985,44.06243253
red_171,-77.3184912065,39.0621238045
red_171,-78.00186042,40.79728874
red_171,-79.0761418641,43.0852746069
red_171,-78.7395539722,44.3385239722
red_171,-78.8704133333,44.6229383333
red_171,-77.0650111667,38.6946533333
red_171,-77.434667857,39.3891325787
red_171,-80.8908538817,48.5717239378
red_171,-79.7154229841,47.3616106995
red_171,-78.8986510731,37.9708757019
red_171,-78.8879851968,38.0042093331
red_171,-80.3635895,40.5076923
red_171,-77.3149481043,38.8965584246
red_171,-78.89844185,39.67109468
red_171,-79.41693508,39.49716776
red_171,-79.7159853911,47.3615603548
red_171,-80.838945,36.6005583333
red_171,-80.785355,36.6071083333
red_171,-80.7857966667,36.6077283333
red_171,-77.0674833333,39.0125888833
red_171,-80.54808,36.6434216667
red_171,-80.4032283333,36.7774
red_171,-80.3987366667,36.7790416667
red_171,-77.3381083333,38.9933444444
red_171,-79.993835432,40.6645279017
red_171,-79.36927,41.61283
red_171,-80.364647,40.5109325
red_171,-80.9718322754,41.8560295105
red_171,-79.3979993799,40.2874169591
red_171,-78.1436398997,37.8494985997
red_171,-79.1700315848,42.0204337098
red_171,-79.9573953,44.5818853997
red_171,-79.9403183,44.6089722997
red_171,-78.8256993145,37.815530145
red_171,-78.749938,39.5869031
red_171,-77.0517278333,38.6964333333
red_171,-77.0497971667,38.69888
red_171,-80.0171796767,38.8884464338
red_171,-80.1687698,32.6288948
red_171,-77.6491094381,37.459864991
red_171,-80.202095,34.9506383333
red_171,-79.153989628,44.438267124
red_171,-77.0758833333,38.69043
red_171,-78.3829552451,38.5622907281
red_171,-77.212494,44.688907
red_171,-80.1544077046,25.6755422527
red_171,-80.5354033333,49.2902166667
red_171,-80.22822,49.79771
red_171,-80.2263083333,49.8371183333
red_171,-80.24674,48.5504283333
red_171,-80.2835,36.8713
red_171,-80.2835,36.8713
red_171,-80.33682496,36.8300074815
red_171,-77.1556091109,38.5904851264
red_171,-79.1274005547,39.5029619505
red_171,-78.7674333333,33.7837833333
red_171,-79.9567677453,39.6606434668
red_171,-78.467413,38.054989
red_171,-79.7975277778,43.2241111111
red_171,-79.8060833333,43.2196111111
red_171,-79.0072472167,35.8972783333
red_171,-78.7406005859,44.3388061523
red_171,-79.5040224294,37.5220951233
red_171,-79.1208530591,43.1399535731
red_171,-79.5562,44.21992
red_171,-77.5292794873,37.6339457743
red_171,-80.335935,43.41711
red_171,-79.1774055556,44.6404083333
red_171,-79.9255216667,40.4420466667
red_171,-77.6513933333,37.62179
red_171,-79.9947133333,40.3591166667
red_171,-77.6506338889,37.6211347222
red_171,-77.6507783333,37.6230675
red_171,-77.2424305259,38.6435761142
red_171,-78.1880461539,44.5119885509
red_171,-79.9715235587,40.4221290057
red_171,-77.4769693622,39.1799838292
red_171,-80.36334049,40.50780294
red_171,-79.7157314774,47.3616137277
red_171,-77.9405307755,37.6752074559
red_171,-80.7599656284,37.7326799548
red_171,-79.4593098387,39.9076782844
red_171,-80.3839116667,40.5069883333
red_171,-78.2225608473,44.3701247523
red_171,-77.6225915043,43.0288544725
red_171,-79.7134964089,39.1482178454
red_171,-77.0981972222,38.8957777778
red_171,-77.1827611111,38.9164
red_171,-79.921147,45.5832926944
red_171,-80.3052,34.9899416667
red_171,-80.104598999,26.1158103943
red_171,-79.9965966667,39.630355
red_171,-80.2934113997,40.8067368997
red_171,-80.0048191845,39.6488913107
red_171,-80.1103138333,40.6921783333
red_171,-80.9048175259,25.1754725039
red_171,-77.361670509,37.6088653428
red_171,-77.2557572,38.6932898
red_171,-80.487671,42.664585
red_171,-79.5963393153,44.1079983139
red_171,-79.53437,44.17731
red_171,-79.4402763636,43.800529302
red_171,-116.3875937,33.1386472
red_171,-116.425037,33.127
red_171,-116.9288866667,34.2293283333
red_171,-116.805748,34.218221
red_171,-116.805748,34.218221
red_171,-116.805748,34.218221
red_171,-116.467392,33.540013
red_171,-116.7459686782,33.729521521
red_171,-116.9431472942,34.0408466641
red_171,-116.942726858,34.0412689536
red_171,-116.941408552,34.035993517
red_171,-116.9017130286,33.3401889821
red_171,-116.4862766667,32.87322
red_171,-116.91256857,33.3484386516
red_171,-116.9680916667,34.2216216667
red_171,-116.7755953967,32.831623169
red_171,-116.5938888889,51.2122222222
red_171,-116.90344,33.340665
red_171,-116.909395,33.3456016667
red_171,-116.9130083333,33.3490766667
red_171,-116.9115483333,33.3483
red_171,-116.639373322,33.8121333313
red_171,-116.79261332,32.85717906
red_171,-116.51610304,48.93604011
red_171,-116.5927734375,32.9669952393
red_171,-116.7764366667,33.808705
red_171,-116.8849375678,33.3454934393
red_171,-116.4223282692,32.8688338213
red_171,-116.4804611111,32.8903277778
red_171,-116.6767825,33.7742055556
red_171,-116.5926168581,32.9669931159
red_171,-116.1510778333,51.31255
red_171,-116.8665890886,33.3584070966
red_171,-116.3744556,33.7222445
red_171,-116.5561,33.808595
red_171,-116.71652959,33.70081654
red_171,-116.7565833333,34.12486
red_171,-116.9217134743,34.2310330505
red_171,-116.80545,34.217788
red_171,-116.800753,34.214677
red_171,-116.90137,33.33957
red_171,-116.88845,34.1709466667
red_171,-116.8355565146,33.3657993223
red_171,-116.7147,33.742805
red_171,-116.5401981389,33.7377366389
red_171,-116.5371865556,33.7354361944
red_171,-116.53594275,33.7620791944
red_171,-116.5374609722,33.7356019722
red_171,-116.7686783333,33.2386666667
red_171,-116.6523222217,33.6977638883
red_171,-116.6264611117,33.707805555
red_171,-116.7319866667,33.7364833333
red_171,-116.8791656494,33.343334198
red_171,-116.6573716667,33.6940533333
red_171,-116.912975875,33.3489851566
red_171,-116.912279401,33.3489882434
red_171,-116.431555,33.27948
red_171,-116.8206601667,34.2910739722
red_171,-116.87929775,34.2601325278
red_171,-116.8164816499,34.1679565408
red_171,-116.6264611117,33.707805555
red_171,-116.9599992793,34.2340551411
red_171,-116.7222906667,33.7258467778
red_171,-116.777,33.773
red_171,-116.87113,34.1598695
red_171,-116.9126919595,32.9938928742
red_171,-116.90692167,34.26142833
red_171,-116.9020209834,33.3401198686
red_171,-116.9075619722,34.1558869722
red_171,-116.981925,34.21956667
red_171,-116.6329916667,33.3072633333
red_171,-116.775852277,34.2903490642
red_171,-116.63572,33.30329
red_171,-116.900647,33.3401879722
red_171,-116.8714049722,34.1599167778
red_171,-116.62113,33.67356333
red_171,-116.908455,34.27698
red_171,-116.823396,49.687828
red_171,-116.90953833,34.1548695
red_171,-116.97232833,34.21859667
red_171,-116.581096,33.659698
red_171,-116.85737,34.0299695
red_171,-116.5762138889,33.6768194444
red_171,-116.78669,34.1586208
red_171,-116.906906,34.2614009722
red_171,-116.62642833,33.707925
red_171,-116.67737,33.77433
red_171,-116.9017861117,34.2353861117
red_171,-116.9005547417,34.2356197417
red_171,-116.89835,34.234694445
red_171,-116.6941831389,33.6702852222
red_171,-116.8360191956,34.1729524701
red_171,-116.6650783333,33.77426
red_171,-116.83090657,34.1710567703
red_171,-116.6537309905,33.2886779448
red_171,-116.6536889133,33.2884277869
red_171,-116.6546985974,33.2878900459
red_171,-116.6522466667,33.697475
red_171,-116.6264,33.7078
red_171,-116.6623560527,33.9906739444
red_171,-116.6619818007,33.9906508103
red_171,-116.973045,34.21842
red_171,-116.80658667,33.83881333
red_171,-116.6264,33.7078716667
red_171,-116.806555,33.83878667
red_171,-116.87836333,33.342075
red_171,-116.87838667,33.34254167
red_171,-116.62402167,51.82636667
red_171,-116.87138333,34.15988617
red_171,-116.8843261944,34.0880012778
red_171,-116.7131516667,33.7985683333
red_171,-116.4075866667,52.047745
red_171,-116.4801333333,52.2236816667
red_171,-116.4822783333,52.2305566667
red_171,-116.824054046,34.3245442072
red_171,-116.72530068,33.74167539
red_171,-116.9447366667,34.1763583333
red_171,-116.9498868287,34.0914783687
red_171,-116.7033481692,33.7736748951
red_171,-116.9663044,34.2190388
red_171,-116.902375,33.3401116667
red_171,-116.8032822533,34.2149550058
red_171,-116.0190391,44.8240673
red_171,-116.6798194444,33.6960527778
red_171,-116.6626194444,33.7726055556
red_171,-116.6794805556,33.7745
red_171,-116.8945708333,34.0832078056
red_171,-116.8945795,34.0832110278
red_171,-116.8945839444,34.0832761389
red_171,-116.8947618333,34.0832010556
red_171,-116.8947618333,34.0832010556
red_171,-116.8947618333,34.0832010556
red_171,-116.6790916667,33.7761783333
red_171,-116.6620583333,33.7653333333
red_171,-116.6764533333,33.7743333333
red_171,-116.6871660516,33.7645281556
red_171,-116.7232166667,33.75142
red_171,-116.8713383333,34.1598971667
red_171,-116.6793027783,33.7759888883
red_171,-116.6793027783,33.7759888883
red_171,-116.6781388883,33.776480555
red_171,-116.677905555,33.7749
red_171,-116.6769083333,33.774119445
red_171,-116.6769083333,33.774119445
red_171,-116.6791361117,33.7761888883
red_171,-116.9884633333,34.1126583333
red_171,-116.7230388889,33.7516333333
red_171,-116.7242054318,33.7503515472
red_171,-116.9653833333,34.0963166667
red_171,-116.9609366667,34.0949611667
red_171,-116.6792138889,33.7761583333
red_171,-116.8803395588,34.1666175851
red_171,-116.6799335588,33.6994623829
red_171,-116.6929497478,33.7494389573
red_171,-116.9663044,34.2190388
red_171,-116.6791763306,33.7761459351
red_171,-116.880975,34.0890611667
red_171,-116.7063878301,33.7478364202
red_171,-116.7062138386,33.7492015521
red_171,-116.9067382813,33.3412376321
red_171,-116.7763133333,33.8090216667
red_171,-116.9731133333,34.2184666667
red_171,-116.7766633333,33.8092216667
red_171,-116.6790799722,33.7761769722
red_171,-116.724233055,33.7498088883
red_171,-116.724514445,33.74753
red_171,-116.705888055,33.7521827783
red_171,-116.8579796294,34.0319694374
red_171,-116.5098501627,51.7139686498
red_171,-116.6243187753,51.844281044
red_171,-116.861751387,34.2514383886
red_171,-116.9275666667,34.234675
red_171,-116.7238262997,33.7510369
red_171,-116.7238617997,33.7510043997
red_171,-116.9020284434,33.3400023496
red_171,-116.6764,33.77422
red_171,-116.6773,33.7743
red_171,-116.7217716667,33.7950783333
red_171,-116.6774460416,33.7743467109
red_171,-116.6774583333,33.7741966667
red_171,-116.6784216667,33.7763583333
red_171,-116.677505,33.7743916667
red_171,-116.904029036,33.3409648855
red_171,-116.9040925709,33.3409382729
red_171,-116.9085686,34.2308112
red_171,-116.8957730693,34.0860582544
red_171,-116.7244789471,33.7419266766
red_171,-116.8834298566,34.1686657037
red_171,-116.70337,33.7738283333
red_171,-116.9012599497,33.339318854
red_171,-116.9013669214,33.3394344054
red_171,-116.923355,34.1453278333
red_171,-116.9096833333,34.1547916667
red_171,-116.9097111111,34.1547555556
red_171,-116.9233305556,34.1452861111
red_171,-116.7062328763,33.7515187986
red_171,-116.7064481668,33.7517552289
red_171,-116.9670694444,34.2211944444
red_171,-116.652,33.8087583333
red_171,-116.7242104997,33.7487994997
red_171,-116.7240682,33.7511772
red_171,-116.7240682,33.7511772
red_171,-116.7241042997,33.7511531
red_171,-116.7241042997,33.7511531
red_171,-116.7242219722,33.7496739722
red_171,-116.7242224,33.7496738997
red_171,-116.7054595947,33.7709922791
red_171,-116.8937947,34.1692179
red_171,-116.9725633333,34.219095
red_171,-116.7888916667,34.1444722222
red_171,-116.7389084803,33.7838772813
red_171,-116.3142114695,43.5353186318
red_171,-116.656575,33.8039166
red_171,-116.5927811027,32.9666912259
red_171,-116.7382133333,33.7976033333
red_171,-116.4954743765,51.6372420988
red_171,-116.7776066667,34.1248849833
red_171,-116.9766240057,34.2206084097
red_171,-116.9341880024,34.2258218333
red_171,-116.9339305103,34.2255379643
red_171,-116.9598585249,34.2820825931
red_171,-116.1332031263,51.133295489
red_171,-116.7707916667,34.1496972222
red_171,-116.59822,33.1337695
red_171,-116.9854366667,34.061225
red_171,-116.7238617997,33.7510043997
red_171,-116.7238262997,33.7510369
red_171,-116.7028834997,33.7557850997
red_171,-116.9096916667,34.1548221667
red_171,-116.8778972222,34.1633972222
red_171,-116.8777944444,34.1632833333
red_171,-116.9632612879,34.1006655248
red_171,-115.49244,40.3595
red_171,-115.49646,40.35253
red_171,-115.90587,33.92716
red_171,-115.34736588,39.05257039
red_171,-107.1001195,38.9093783333
red_171,-110.8605480194,27.8946453062
red_171,-111.7569134384,40.6950775646
red_171,-108.5225533333,40.4497383333
red_171,-108.2666666667,33.2291666667
red_171,-107.1062166667,38.8816633333
red_171,-107.236434538,39.4705757825
red_171,-113.6022111111,48.6844416667
red_171,-113.5921083333,48.6770833333
red_171,-114.4120287891,51.1688765337
red_171,-113.7440866667,43.5460916667
red_171,-114.7332985887,39.1781261098
red_171,-111.6846923828,35.1597251892
red_171,-112.98433,37.205575
red_171,-112.0722335112,34.8896280723
red_171,-114.43401211,46.95723804
red_171,-109.3076472222,40.4380388889
red_171,-111.8239543364,40.7655753809
red_171,-115.6367323268,43.7675091279
red_171,-115.6447400712,36.2562907644
red_171,-111.55337,35.2278183333
red_171,-115.6471367554,36.2520022877
red_171,-115.6586693877,36.2654458806
red_171,-111.8240944763,40.7645036281
red_171,-110.7416158075,43.3717587251
red_171,-114.3934210076,51.167848857
red_171,-115.64037425,36.25845733
red_171,-115.22512532,36.62567565
red_171,-109.2192378403,31.8852285206
red_171,-112.8657296767,49.681405155
red_171,-115.6102116667,51.1514966667
red_171,-109.7428112,38.48420812
red_171,-111.9820599073,41.6130797519
red_171,-111.5601400473,35.1960995794
red_171,-115.6950378418,36.3001251221
red_171,-115.7583046264,44.3804593995
red_171,-111.7575638741,39.2273399451
red_171,-113.943823,49.023207
red_171,-115.6442077273,36.2787821321
red_171,-114.9891117894,50.6323761295
red_171,-114.6243281132,53.5089409431
red_171,-107.7628000521,37.8944708748
red_171,-114.9314225559,44.2210779945
red_171,-112.8573187908,49.6385565785
red_171,-110.30092,31.3743033333
red_171,-111.0674055,45.7163883333
red_171,-115.5780954381,36.1657334771
red_171,-109.2596864049,40.4418646032
red_171,-114.4869483333,49.6440333333
red_171,-112.0691757005,41.508930267
red_171,-109.42109,44.9963233333
red_171,-114.4674987793,48.936668396
red_171,-109.864850007,38.3891829361
red_171,-114.277641701,48.7777947343
red_171,-111.6319460418,40.2503092894
red_171,-115.0007118938,36.0806322238
red_171,-114.6206936488,49.6325868877
red_171,-115.0817035252,40.6775212658
red_171,-110.7964706421,31.7144908905
red_171,-110.8759233333,31.6920983333
red_171,-110.8789933333,31.6934733333
red_171,-110.7540751343,32.404565611
red_171,-109.4121933333,45.0072021333
red_171,-109.412025,45.0074195833
red_171,-111.6919600592,43.4786498733
red_171,-115.0367749482,33.4644501581
red_171,-110.7537986991,32.4050608557
red_171,-113.5244949164,48.697197554
red_171,-115.4508093713,44.1035836265
red_171,-113.465268315,48.7295546101
red_171,-114.8284216667,50.8089666667
red_171,-114.6673918005,50.640252591
red_171,-111.7075716667,41.9742916667
red_171,-110.586459,49.789533
red_171,-111.6346062079,51.2567455631
red_171,-111.8978329,50.5657456
red_171,-113.9122216667,49.0364666667
red_171,-114.0039716667,49.0252983333
red_171,-110.588455,44.427963
red_171,-114.0027966667,49.0664916667
red_171,-107.0138102893,38.9595071476
red_171,-114.0107033333,49.08095
red_171,-112.8886618,49.63961609
red_171,-115.3988888889,50.8391666667
red_171,-113.87229167,49.10211667
red_171,-115.9348633333,32.0391433333
red_171,-115.93496,32.0391516667
red_171,-115.93498,32.039165
red_171,-115.93502,32.03921117
red_171,-115.36685333,50.95157
red_171,-112.6294328425,49.7337223343
red_171,-114.9855872437,50.6000987676
red_171,-114.78717,50.51703833
red_171,-107.217695,38.8469483333
red_171,-107.099275,38.90538833
red_171,-113.55767,53.4001966667
red_171,-114.07146758,51.05748694
red_171,-108.2675277778,33.2268472222
red_171,-110.6680618041,43.3052930469
red_171,-112.2258255231,51.3599993798
red_171,-115.00247833,50.6589
red_171,-112.9466700043,51.3015099754
red_171,-108.21768382,32.89981546
red_171,-107.1118992607,39.0178042466
red_171,-107.01467222,38.96032
red_171,-108.2272272979,33.3781004308
red_171,-110.485489,43.0677379722
red_171,-111.0238432512,29.1572779477
red_171,-115.31093667,51.075225
red_171,-115.8402770031,51.2475812623
red_171,-114.6872033333,39.23695
red_171,-112.3386111111,51.2738944444
red_171,-115.9348110237,32.0389945408
red_171,-107.07643379,39.16397999
red_171,-113.90856307,49.0509973438
red_171,-107.6645055413,37.8119408802
red_171,-107.0169515764,38.9628760678
red_171,-107.0169515764,38.9628760678
red_171,-114.0114238984,49.0760721508
red_171,-115.9751460079,33.8665728305
red_171,-112.9174994,43.7999052
red_171,-111.85997588,40.47415542
red_171,-109.7429116667,38.48402
red_171,-111.6415166667,40.4483333333
red_171,-114.28830342,39.05867535
red_171,-114.0866098558,51.109039465
red_171,-114.2734216667,39.0611805
red_171,-108.0033775567,47.9940890781
red_171,-107.9028966667,25.2458366667
red_171,-107.9029883333,25.2459066667
red_171,-111.5737128747,40.3547321719
red_171,-108.9853177533,40.5223711705
red_171,-114.1474962607,51.1253307628
red_171,-108.1843040653,37.569115304
red_171,-114.1022192161,49.6041765192
red_171,-112.56257,46.0139833333
red_171,-109.4827234001,37.9143887479
red_171,-115.6700882189,43.9323222705
red_171,-111.5789255686,40.3541639121
red_171,-107.5371504854,37.5078983372
red_171,-107.8747114353,37.2569543822
red_171,-115.6212437154,36.3132798672
red_171,-115.6212963537,36.3121715701
red_171,-115.6230347605,36.3104070537
red_171,-115.6238380821,36.3095781673
red_171,-114.1886065395,49.587191037
red_171,-111.6221783333,40.4198533333
red_171,-114.9785466667,44.081475
red_171,-107.999929,36.835256
red_171,-107.997273,36.833012
red_171,-111.70488783,40.69570036
red_171,-114.0654494972,51.1336137167
red_171,-109.29707665,40.8827703924
red_171,-114.8095834628,39.19312035
red_171,-114.4378163392,50.8090728089
red_171,-108.9382599722,27.015473
red_171,-110.5124648395,43.539069149
red_171,-109.8817473056,43.2828535556
red_171,-111.5831870958,40.5980190835
red_171,-107.4737413,38.1034953
red_171,-110.866015,50.922718
red_171,-110.505028,50.873263
red_171,-110.463277,50.955307
red_171,-114.5302491361,50.2226894974
red_171,-114.5267683668,50.2207706501
red_171,-114.5252232384,50.2152786192
red_171,-114.5311632255,50.2230612293
red_171,-114.6738073486,44.3958638186
red_171,-114.9793184609,50.6077686566
red_171,-114.9791628928,50.607554179
red_171,-114.9790448756,50.6079184498
red_171,-114.9798684684,50.607187894
red_171,-114.9816709128,50.60571592
red_171,-114.9777518115,50.6087873741
red_171,-114.9852968841,50.6034900975
red_171,-112.8830084834,51.4172580777
red_171,-114.5303708162,50.6367238476
red_171,-115.6787839544,36.3059179525
red_171,-115.6826409885,36.3028520672
red_171,-115.6906894596,36.3002427807
red_171,-114.2390823364,39.0175285339
red_171,-111.2915888765,40.6586319823
red_171,-111.4969783333,40.6633033333
red_171,-113.765476,49.036211
red_171,-113.7037854,42.0727057
red_171,-112.0859852806,46.609982865
red_171,-114.266952,39.028653
red_171,-114.6091896563,49.7176340991
red_171,-112.0038559839,41.2467993767
red_171,-113.5500721374,43.4680373535
red_171,-115.5028833333,51.1470611667
red_171,-115.0772335434,49.3032815789
red_171,-110.82185705,43.72136485
red_171,-107.428309545,45.5706294068
red_171,-113.5600505769,53.5341866877
red_171,-113.379295,37.270395
red_171,-115.6216750481,36.3135764608
red_171,-115.6298282888,36.2738766714
red_171,-114.8296933249,50.8288857938
red_171,-114.644569397,49.7587051392
red_171,-110.5242259722,43.543733
red_171,-115.61303,51.199025
red_171,-114.175978214,49.5779029473
red_171,-115.2757633333,50.91965
red_171,-113.8771774958,52.1710392997
red_171,-115.9349833333,32.0391278333
red_171,-113.6119833333,37.1679916667
red_171,-114.20533,51.0093583333
red_171,-111.4324813839,40.530945484
red_171,-108.2665698409,33.2290626482
red_171,-107.2850675136,24.754981221
red_171,-111.8214111111,34.8363694444
red_171,-111.6352833333,49.0799028333
red_171,-108.998189,40.398616
red_171,-109.3108527778,38.4937555556
red_171,-107.6887470111,38.5430145634
red_171,-108.2523831866,33.2243360777
red_171,-108.5103653439,38.1735713146
red_171,-108.5103653439,38.1735713146
red_171,-113.0310615042,37.2999138606
red_171,-114.3142530325,44.3989990441
red_171,-114.3087801955,44.4038538083
red_171,-114.3191913515,44.3990801048
red_171,-114.319784645,44.3992113887
red_171,-113.5865072161,53.5449787194
red_171,-110.5314249997,43.5512220997
red_171,-115.6327366667,36.2606283333
red_171,-114.4532816612,49.5705402393
red_171,-114.6081044559,49.673807045
red_171,-108.249311558,36.7862168917
red_171,-114.2043192005,39.0697685547
red_171,-110.48335233,43.62335876
red_171,-108.6680317383,33.1906333316
red_171,-114.2041279722,39.0108069722
red_171,-114.1837532316,49.5863014991
red_171,-111.7278583333,40.4270283333
red_171,-108.723175,33.3688583333
red_171,-113.6397033333,37.2128333333
red_171,-113.4429166667,37.3161216667
red_171,-113.7443203479,48.7634222978
red_171,-111.6421356201,40.4467163086
red_171,-109.8811132895,49.5626103388
red_171,-113.3696055556,48.4837722222
red_171,-114.9640441658,51.2709460427
red_171,-114.36743,51.0641333333
red_171,-110.9381802165,31.6939581052
red_171,-112.536895,37.1382333333
red_171,-111.53634,38.84017
red_171,-114.5122316111,49.6466633333
red_171,-113.3300005272,48.4791182642
red_171,-114.8555862,44.0201453
red_171,-113.552853,43.465894
red_171,-108.9552855245,27.0104966701
red_171,-113.5505555997,43.4679775997
red_171,-110.7801474631,39.6027513501
red_171,-121.0078735352,39.9796218872
red_171,-121.601633,48.519182
red_171,-121.602505,48.519217
red_171,-121.2093033333,40.460835
red_171,-121.814043223,41.2483998094
red_171,-121.8671008,36.5261145
red_171,-121.783597,46.787573
red_171,-121.4336983333,40.10011
red_171,-121.4457116667,40.1565566667
red_171,-121.4183533333,40.1981083333
red_171,-121.9023133333,43.868355
red_171,-121.7848704,36.81306112
red_171,-121.509409,48.080744
red_171,-121.4625783333,47.357575
red_171,-121.5698783333,40.5348133333
red_171,-121.17568,47.272881
red_171,-121.2200619822,40.5287385707
red_171,-121.5645314008,39.7891762442
red_171,-121.185076488,40.4977652781
red_171,-121.6955416667,36.1759083333
red_171,-121.3699966667,47.4073966667
red_171,-121.51042,48.084675
red_171,-121.5314633333,48.1279111667
red_171,-121.7742595064,45.4017804961
red_171,-121.2611616667,47.2933883333
red_171,-121.9242444444,47.6414
red_171,-121.3685516667,40.39778
red_171,-121.362285,40.3992666667
red_171,-121.3596066667,40.366965
red_171,-121.551791809,48.1030769288
red_171,-121.453054,40.463577
red_171,-121.983364,37.413854
red_171,-121.5973939722,40.539251
red_171,-121.9458589722,37.60663
red_171,-121.7940698192,36.5197342791
red_171,-121.94628,37.89795
red_171,-121.838039,37.516175
red_171,-121.5383956,37.0391447
red_171,-121.90532,47.64289667
red_171,-121.90731167,47.63528333
red_171,-121.907361,47.631272
red_171,-121.829145,51.10278
red_171,-121.9012366667,45.2521333333
red_171,-121.1251585997,52.2928209867
red_171,-121.4736306667,46.1043038643
red_171,-121.4802183333,40.4248966667
red_171,-121.1636559691,46.9272267797
red_171,-121.4412194398,40.4026694829
red_171,-121.52146055,43.77008611
red_171,-121.52183,43.770313
red_171,-121.73995333,45.27253333
red_171,-121.631444,44.309633
red_171,-121.586005,41.58261167
red_171,-121.9205820278,36.4553438056
red_171,-121.849701,44.425942
red_171,-121.3887660764,40.5301835435
red_171,-121.70789865,44.52715135
red_171,-121.37425333,40.41876167
red_171,-121.62085,44.5648527778
red_171,-121.6251916667,45.336875
red_171,-121.3792416667,40.0567433333
red_171,-121.3914183333,40.0356233333
red_171,-121.39245,40.035655
red_171,-121.1407722883,40.5273160778
red_171,-121.73965323,45.2894830518
red_171,-121.27248333,40.53817833
red_171,-121.3664814457,47.4102918647
red_171,-121.3867966667,40.2191583333
red_171,-121.3861616667,40.2177316667
red_171,-121.907357,47.635009
red_171,-121.86907,46.93691
red_171,-121.2157916667,40.0361861111
red_171,-121.94648,37.89774
red_171,-121.9451833333,36.6144777778
red_171,-121.7408366667,45.5052333333
red_171,-121.9050828651,45.6865292948
red_171,-121.4654166667,40.5037883333
red_171,-121.9102333333,37.0126638833
red_171,-121.4411866667,40.4596966667
red_171,-121.57975,47.42573
red_171,-121.5797416667,47.4257
red_171,-121.4248283333,40.493775
red_171,-121.8862067034,36.3617377349
red_171,-121.5128166667,40.441105
red_171,-121.7575,38.5442283333
red_171,-121.8500603607,44.4259331607
red_171,-121.5283121601,40.3228779965
red_171,-121.911812235,44.4312793539
red_171,-121.9577113074,37.4073838536
red_171,-121.4759533333,40.4612716667
red_171,-121.6122119722,47.4522199722
red_171,-121.576544445,45.403155555
red_171,-121.3066158816,46.9524744591
red_171,-121.99987,47.5390366667
red_171,-121.448585624,47.3947138433
red_171,-121.584155,45.4039916667
red_171,-121.5871999997,46.8680475997
red_171,-121.5554716667,46.762695
red_171,-121.4604792093,40.4608056927
red_171,-121.6263184997,48.21555
red_171,-121.1405266667,36.4996983333
red_171,-121.1408316667,36.4992266667
red_171,-121.4206552,40.49766
red_171,-121.6338883333,44.3099333333
red_171,-121.635475,44.3110116667
red_171,-121.1738133333,40.4960416667
red_171,-121.5184,47.7012516667
red_171,-121.5145416667,50.2524
red_171,-121.8106216667,49.1150388363
red_171,-121.4280537,48.5463171
red_171,-121.98143609,37.16962647
red_171,-121.9821421199,37.17128109
red_171,-121.53468132,51.89344675
red_171,-121.52888881,51.88972135
red_171,-121.440122,39.8048402
red_171,-121.8299116667,51.1123055
red_171,-121.4882332,51.8170134
red_171,-121.7521807306,45.712959583
red_171,-121.1562195,47.2616116667
red_171,-121.8887856766,46.7418366906
red_171,-121.619475,44.56915
red_171,-121.25637,48.6695783333
red_171,-121.9602,37.4396694444
red_171,-121.7028685102,36.6157928529
red_171,-121.867296315,45.6576388417
red_171,-121.5642444441,37.1069083336
red_171,-121.8124694444,45.5848083333
red_171,-121.739205,36.4769883333
red_171,-121.0096530989,38.7135012593
red_171,-121.8929166667,37.1569722222
red_171,-121.7579743997,37.1637174997
red_171,-121.8722888889,37.1719333333
red_171,-121.2901,48.031
red_171,-121.7885526,36.6305529
red_171,-121.9762466667,44.7809833333
red_171,-121.235725,51.6608805556
red_171,-121.716835022,37.0168914795
red_171,-121.7168197632,37.0169029236
red_171,-121.9232568,47.6430658
red_171,-121.6611783333,44.1922333333
red_171,-121.6205883333,44.3575133333
red_171,-121.2067466667,39.2983383333
red_171,-121.5852805556,46.7282694167
red_171,-121.5771627055,46.7422741294
red_171,-121.4857722222,40.3368833333
red_171,-121.9810450159,47.504828981
red_171,-124.0941694101,40.7863245299
red_171,-125.67733,49.01061945
red_171,-124.217118,41.830876
red_171,-124.0654153749,44.6230577497
red_171,-125.314475,49.7378277778
red_171,-124.0657111317,41.7879597147
red_171,-124.0633019722,41.8070549722
red_171,-124.3343,42.872
red_171,-124.1016778333,40.0944166667
red_171,-124.0766666667,46.2978777778
red_171,-128.409775,50.77438
red_171,-124.1046909017,44.3232663712
red_171,-125.5573416667,48.9582033333
red_171,-124.1083221667,42.0360528333
red_171,-124.058075,41.7886116667
red_171,-124.008475,40.3756535
red_171,-124.1501964217,43.795659639
red_171,-125.2687394992,49.7375557544
red_171,-124.2415993997,41.7722668997
red_171,-124.1017532349,43.973400116
red_171,-124.1260136398,40.780426376
red_171,-124.11035593,41.20803519
red_171,-124.23822625,42.06485894
red_171,-124.6051823824,48.6416992375
red_171,-124.6003093522,48.6489346163
red_171,-124.3943068385,43.2258599921
red_171,-124.4035041332,40.4311865385
red_171,-124.1704111111,40.8520527778
red_171,-124.1104817898,44.2650319967
red_171,-124.1104817898,44.2650319967
red_171,-124.200979,40.7453908997
red_171,-124.1598022583,40.8107923
red_171,-124.1394055,41.7232083333
red_171,-124.0682,40.8480222222
red_171,-124.0727488425,44.5212420059
red_171,-124.2093582153,40.6826782227
red_171,-81.5141666667,41.0131666667
red_171,-81.5875,41.1221666667
red_171,-81.596,41.1321666667
red_171,-81.4708333333,41.2175
red_171,-84.694942,39.293179
red_171,-82.556242,35.632827
red_171,-84.478447,39.343989
red_171,-81.83479965,36.08978794
red_171,-81.8135,36.09328
red_171,-83.0754338578,40.2410074231
red_171,-84.064845,34.541375
red_171,-83.0390401442,35.4334079574
red_171,-85.9613318784,46.2778879263
red_171,-84.4124616667,39.2002416667
red_171,-81.7887757626,36.1968929926
red_171,-81.3977169,41.0104228
red_171,-81.6537333333,36.225045
red_171,-84.1225436983,39.7860051552
red_171,-84.6873083333,39.2920033333
red_171,-84.6933583333,39.2973633333
red_171,-84.134583882,40.1262748537
red_171,-81.65084821,36.4185274
red_171,-81.4355759,41.1305714
red_171,-82.2601,39.5058166667
red_171,-81.7983841896,36.0978290958
red_171,-82.0163888833,36.1383138333
red_171,-81.8327808,43.2543927
red_171,-81.8327808,43.2543927
red_171,-81.1196075,37.4322638
red_171,-83.4962319703,35.6357545208
red_171,-81.390625,36.3644466667
red_171,-81.8320916667,46.0069277833
red_171,-81.3494333333,36.3688466667
red_171,-83.2166572896,41.1220694413
red_171,-84.0877803416,39.6736029955
red_171,-82.1032444016,39.3242981192
red_171,-82.1032350139,39.3245739676
red_171,-81.7882740219,36.1985700438
red_171,-84.4244783333,39.195855
red_171,-84.42443,39.1959333333
red_171,-84.4242866667,39.19648
red_171,-84.6980133057,39.3040924072
red_171,-81.0756305,38.0698195
red_171,-85.8587033333,33.4653633333
red_171,-82.024058383,36.0687730043
red_171,-82.0248505567,36.0698733386
red_171,-81.82861015,36.12103521
red_171,-81.6574672181,36.2000358771
red_171,-81.6168583333,41.3182333333
red_171,-83.7331616667,30.4438616667
red_171,-81.832675,36.090861
red_171,-81.9772993533,41.0011556357
red_171,-82.37098,40.0593833333
red_171,-81.4932212234,45.9712804922
red_171,-81.4897383333,45.9699283333
red_171,-84.1102,39.6198016667
red_171,-84.1266861667,39.730275
red_171,-81.0177757521,46.4740608201
red_171,-81.9223926869,36.0227198946
red_171,-81.2401537286,43.0297668799
red_171,-81.2337027741,43.0308337183
red_171,-81.5367666667,45.2467283333
red_171,-82.0586090088,46.2111129761
red_171,-83.0533239249,39.9190023593
red_171,-84.5221866667,39.257155
red_171,-81.0494514182,36.3914646354
red_171,-81.5671348572,36.2273723499
red_171,-81.5676307553,36.2270872546
red_171,-81.38662125,36.41563193
red_171,-81.4168605768,41.2163512828
red_171,-84.3059305556,47.7286
red_171,-81.41745486,41.2138527
red_171,-81.7222737857,36.1392356339
red_171,-81.7145105191,43.7295206072
red_171,-81.4294948295,36.3670882676
red_171,-83.775791609,41.6538187978
red_171,-81.030665,36.4425233333
red_171,-83.1755523384,35.1910666267
red_171,-83.59356,41.58113
red_171,-85.102672577,29.6368461382
red_171,-84.350818,39.107314
red_171,-83.4056635,41.0062275
red_171,-81.6258876397,35.5973498851
red_171,-82.145620536,35.3807785716
red_171,-84.2570320889,39.5407603847
red_171,-83.195577,47.235165
red_171,-83.4003037,43.1972421
red_171,-81.9228498778,35.9309611455
red_171,-81.85,42.316667
red_171,-81.67582,41.433923
red_171,-81.7886277382,36.1985985842
red_171,-82.6372391,46.2103983
red_171,-83.8088158799,49.2279885325
red_171,-82.2307370697,36.5697331903
red_171,-84.96608794,45.0343447175
red_171,-81.6521463823,36.1691505276
red_171,-82.777275,35.3540533333
red_171,-82.7635283333,35.3642666667
red_171,-82.0234428999,36.0691404669
red_171,-82.0246153605,36.0699196067
red_171,-83.2098312211,41.6077226261
red_171,-82.4765930176,35.6667518616
red_171,-84.9102638942,47.7926143958
red_171,-84.5954971313,34.0142364502
red_171,-82.0461361111,41.4000333333
red_171,-83.198907,38.067317
red_171,-84.3445097,39.2161933
red_171,-83.0129802117,40.0122337681
red_171,-81.5388175366,36.5465269936
red_171,-85.9581785649,39.1257841558
red_171,-83.25632918,39.23004664
red_171,-84.2697903515,33.7402201211
red_171,-81.7885963899,36.1971029174
red_171,-81.7172012329,43.8014793396
red_171,-82.8012299538,39.9450884962
red_171,-81.0773991142,38.0704068113
red_171,-82.6110216667,35.19
red_171,-81.07734734,38.05961873
red_171,-82.5692345857,35.6142635888
red_171,-81.97207826,36.06373744
red_171,-83.1224991749,40.1561280997
red_171,-81.9273748063,35.9499878157
red_171,-81.5382616667,41.2764333333
red_171,-81.7313280556,36.1440813889
red_171,-81.8298206981,36.0078010242
red_171,-81.0821456909,36.5625686646
red_171,-81.0782471667,38.070275
red_171,-81.8613112439,35.9597035731
red_171,-82.5035549316,36.0324447805
red_171,-82.4639593284,36.0779020611
red_171,-83.1235857376,35.2697136448
red_171,-82.1024712548,36.1067198034
red_171,-85.6396533333,37.61213
red_171,-81.1929385364,48.48906463
red_171,-81.7494133333,36.145
red_171,-83.318862915,44.8099784851
red_171,-85.227225,35.1103638333
red_171,-85.2253883333,35.0834695
red_171,-85.2166583333,35.1094083333
red_171,-85.2174616667,35.1094361667
red_171,-84.8348833333,35.305
red_171,-83.68792,35.9527583333
red_171,-83.392817,40.310457
red_171,-81.0826545,38.0690355
red_171,-81.0826545,38.0690355
red_171,-83.54843,35.1230778333
red_171,-83.4095616667,34.9073033333
red_171,-84.279767,46.522067
red_171,-84.279767,46.522067
red_171,-84.2829914306,46.5201607442
red_171,-84.280841,46.521184
red_171,-84.314397,46.585528
red_171,-81.9288811551,36.0866200908
red_171,-83.271029,46.984231
red_171,-81.9254666667,35.9486083333
red_171,-85.7192249873,39.3730023812
red_171,-83.1175,39.8936111111
red_171,-82.9827027778,36.9922611111
red_171,-83.0112721058,39.3165149715
red_171,-81.7980408669,36.175612742
red_171,-81.151471,38.0947894722
red_171,-84.6409333333,30.403345
red_171,-83.80589167,42.27486333
red_171,-81.7897833333,36.2013861111
red_171,-81.7482740518,36.2938170606
red_171,-82.806297233,28.155519377
red_171,-84.0498405,39.4787463997
red_171,-82.3179316944,42.9348951944
red_171,-81.57557,41.522545
red_171,-81.92724667,36.16559167
red_171,-84.3222373,33.7844363
red_171,-82.4794052757,42.8765732206
red_171,-83.9057945554,35.9614344361
red_171,-81.06778355,36.38645278
red_171,-81.98106333,35.99165833
red_171,-81.67098333,36.21096167
red_171,-81.67025,36.211095
red_171,-85.67987,38.1599
red_171,-84.6608333333,30.7925
red_171,-84.6594444444,30.7947222222
red_171,-84.6614833333,33.8580383333
red_171,-84.5120035484,39.1429405099
red_171,-81.45780833,36.246975
red_171,-81.44030833,36.261955
red_171,-84.2907705904,33.8003903674
red_171,-81.486077766,36.2645863111
red_171,-81.7744444444,36.1541666667
red_171,-84.44393,33.8838166667
red_171,-81.1198722222,36.1355638889
red_171,-82.7863158658,28.1528415908
red_171,-81.6540497997,36.2121836
red_171,-84.647815,30.8479416667
red_171,-83.01239722,39.31336667
red_171,-84.3023369461,46.5259452788
red_171,-81.9715774432,33.4882739712
red_171,-81.41745,31.03234717
red_171,-82.8676,39.98113833
red_171,-83.0851209909,40.0990883494
red_171,-81.3882027778,36.4158888889
red_171,-81.7253341675,35.8060150146
red_171,-81.829025,36.1218969722
red_171,-82.7425885,36.7006781
red_171,-81.6830240563,35.6118925249
red_171,-83.6611258611,37.8095297778
red_171,-81.6830240563,35.6118925249
red_171,-83.2178107,42.2576525
red_171,-81.151813,38.094858
red_171,-84.3523321488,33.7309559807
red_171,-81.2799694444,44.7424194444
red_171,-83.66557167,37.83723333
red_171,-84.2375,39.1097222222
red_171,-82.4026697037,36.3160367171
red_171,-82.4175882432,39.9776791035
red_171,-83.0669444444,42.2627777778
red_171,-84.9317779337,35.1034195717
red_171,-84.9310296298,35.1020058473
red_171,-81.645645,36.56627
red_171,-83.9812716667,30.30679
red_171,-85.4872099621,32.5823225156
red_171,-83.1699194444,39.9967222222
red_171,-83.1699194444,39.9967222222
red_171,-81.8986066667,35.8334833333
red_171,-84.2257787311,39.9868312232
red_171,-82.4640401,36.9439917
red_171,-81.905556345,36.0416371908
red_171,-82.9363313545,39.9505914566
red_171,-85.2817130461,35.0435545699
red_171,-81.598765,35.908999
red_171,-83.8475799561,35.5882110596
red_171,-82.32414496,42.96877036
red_171,-84.3508876954,46.5123421792
red_171,-84.543912,42.18755
red_171,-81.76985333,36.12990283
red_171,-81.770125,36.12902783
red_171,-82.9590345,40.1168856997
red_171,-84.2221991625,39.078882616
red_171,-81.7460027431,36.2943629595
red_171,-84.3029489722,36.859577
red_171,-83.993311,34.058028
red_171,-81.6199560074,42.5980961479
red_171,-81.41751578,41.2139300021
red_171,-84.4774722192,39.3435306562
red_171,-81.7477249407,36.2929392311
red_171,-81.40415333,36.347
red_171,-81.829970706,36.0118614382
red_171,-81.956731,36.861676
red_171,-81.714310897,41.2216957017
red_171,-81.6421585903,36.2233583515
red_171,-83.6904220581,35.6413192749
red_171,-83.0352536606,40.0609984083
red_171,-84.675055,34.06755833
red_171,-81.55509167,36.39341167
red_171,-81.92980833,35.97721333
red_171,-85.9446914122,46.2887718049
red_171,-83.4175033,35.3439187
red_171,-83.4175033,35.3439187
red_171,-84.34118667,39.39123833
red_171,-83.784772,46.761493
red_171,-81.39370278,46.529757421
red_171,-83.2712737983,35.757878995
red_171,-81.726555455,35.90587388
red_171,-81.4265725,36.3317379
red_171,-82.95909167,34.87329167
red_171,-84.2809591884,37.0069210387
red_171,-83.7092243938,42.2823246491
red_171,-84.1135522778,42.2609679722
red_171,-84.0996587,39.7186704
red_171,-84.8732836917,38.2008936169
red_171,-83.5646696694,37.7725092187
red_171,-83.6586765821,37.8136681077
red_171,-85.9625576346,35.3540040948
red_171,-85.01347145,44.88828723
red_171,-81.7656333333,36.1254083333
red_171,-82.086517,36.320457
red_171,-84.61958795,39.09256213
red_171,-85.2974033333,35.0854721667
red_171,-82.320147,29.627829
red_171,-84.3992629276,39.0891598771
red_171,-83.7122428324,42.2402396472
red_171,-81.966247,40.671349
red_171,-83.5261916667,35.7025966667
red_171,-81.1198971235,36.1358102924
red_171,-81.6771616667,36.1871533333
red_171,-83.7522829,42.3293414
red_171,-82.880775,40.21455
red_171,-82.092414856,41.4540863037
red_171,-81.6776583333,36.1852633333
red_171,-84.5076328889,46.4709169417
red_171,-82.301,35.9173
red_171,-81.689873291,36.2124797674
red_171,-83.4907216667,35.6823833333
red_171,-81.9875049722,38.9223509722
red_171,-84.3986025257,33.8155440351
red_171,-84.5894070715,39.3499307829
red_171,-81.098821555,37.9718870694
red_171,-81.5296633333,41.1256111667
red_171,-83.6878905556,35.9530744444
red_171,-81.6379061,44.1863016
red_171,-81.6925164814,41.486228371
red_171,-85.928317,39.9329609722
red_171,-84.3833,42.6948583333
red_171,-81.9161416667,36.1701533333
red_171,-85.7607572526,38.1958054575
red_171,-85.4772964696,38.2018460823
red_171,-81.27482485,44.77059955
red_171,-81.0183475167,36.3843192207
red_171,-81.6834222222,36.1159722222
red_171,-83.299225,40.702105
red_171,-82.7398266,35.2134999
red_171,-85.7623293623,38.1945488427
red_171,-85.6710366667,37.9150283333
red_171,-85.662405,37.91668
red_171,-81.7460015696,36.2992050592
red_171,-81.3682556111,36.4153365833
red_171,-84.0115277377,39.7663410008
red_171,-82.7962033333,35.0316583333
red_171,-82.205055,35.806095
red_171,-84.375675,42.6971966667
red_171,-82.55365,41.9950305556
red_171,-83.186262399,35.0551270321
red_171,-81.751425,36.1657416667
red_171,-83.8669837,35.9564053
red_171,-81.7706666667,36.1366111667
red_171,-84.659505,30.79469
red_171,-85.550735,38.092731
red_171,-84.6612583333,30.80829
red_171,-82.0309346905,41.4650069581
red_171,-84.4125890157,33.7285515203
red_171,-81.397055,41.5865283333
red_171,-81.4388857037,30.8531917214
red_171,-81.4899583333,44.4001116667
red_171,-84.1431808472,39.7299613953
red_171,-82.661641,27.737095
red_171,-83.307275,35.5472833333
red_171,-81.723145,36.1495388333
red_171,-84.21091729,40.04890122
red_171,-84.21084257,40.04875199
red_171,-82.0155183333,37.9041866667
red_171,-82.3304366667,41.3292283333
red_171,-81.6445383333,35.6051716667
red_171,-81.6503833333,35.6072166667
red_171,-81.81447,35.9833116667
red_171,-81.8172833333,35.9860166667
red_171,-81.6475222222,45.2327777778
red_171,-81.8827583333,36.1579083333
red_171,-83.503181152,35.3027047859
red_171,-81.0773753934,38.0704797339
red_171,-84.1893383333,39.5886533333
red_171,-81.0644730308,37.832901794
red_171,-81.5495083333,36.3981966667
red_171,-82.7875277778,45.7980277778
red_171,-83.7922611111,40.0572722222
red_171,-83.7967305556,40.0587888889
red_171,-83.1686630249,40.0125007629
red_171,-85.8497083333,38.1096888333
red_171,-81.4628133333,36.0535166667
red_171,-84.8086705553,34.8109177994
red_171,-81.5549864978,45.1992968427
red_171,-81.4438783333,36.34343
red_171,-84.2179556262,39.4516943955
red_171,-85.6040924993,39.002507339
red_171,-81.7014049436,36.1541299192
red_171,-81.5306790775,41.1251551746
red_171,-84.0735614,34.0394546
red_171,-84.89647,37.195155
red_171,-81.0819348467,36.4414282242
red_171,-82.43744588,42.80264226
red_171,-84.4323965023,34.0563356315
red_171,-81.2222802487,31.4561779845
red_171,-81.7389253154,36.1334710774
red_171,-81.3611486619,44.8985230876
red_171,-81.7323423279,35.9196845279
red_171,-81.7348945216,35.928435523
red_171,-85.939195,45.9679416667
red_171,-81.3980466667,46.0167111667
red_171,-81.5056616667,45.1985783333
red_171,-81.2815338032,42.9579964643
red_171,-81.4552656189,44.4139114105
red_171,-85.9453448439,46.24284399
red_171,-81.6934164685,36.2135025994
red_171,-82.0512471667,36.1256138333
red_171,-81.6213020946,36.2389751762
red_171,-81.7443951,35.8042969997
red_171,-81.2199590642,32.265139928
red_171,-84.504089724,34.2386941472
red_171,-81.8845366667,35.8854416667
red_171,-81.5677612905,36.5697889947
red_171,-81.7995999008,36.09706815
red_171,-81.7709716667,36.1368471667
red_171,-81.63471783,36.2123614
red_171,-81.0691757202,36.3960762024
red_171,-81.6336483133,35.6010509799
red_171,-84.5471111111,39.0811138889
red_171,-84.4928120077,38.94821285
red_171,-82.0476083333,36.1189278333
red_171,-83.1791016667,42.4103283333
red_171,-83.1736,38.653605
red_171,-82.4778026038,35.5787472496
red_171,-84.0925027058,39.8012883151
red_171,-82.4954907776,35.629268112
red_171,-81.0773924342,38.0696114723
red_171,-81.75248,36.1398361667
red_171,-81.5198065474,45.2387758601
red_171,-81.9595778924,35.9591254969
red_171,-81.9589997586,35.960570107
red_171,-83.1406695,35.457695
red_171,-82.0068528032,35.8818568835
red_171,-82.0077266121,35.8822917006
red_171,-82.1220848765,35.8241076435
red_171,-82.1261699385,35.827862712
red_171,-81.9571387408,35.9445651199
red_171,-81.7129809785,36.2439007407
red_171,-81.47708,44.4174283333
red_171,-81.957223464,35.9445450046
red_171,-82.0477409475,36.1190015171
red_171,-81.7149943114,36.1433322123
red_171,-81.9052366667,35.90377
red_171,-81.893045,36.0491
red_171,-85.9945788028,46.2693864262
red_171,-84.3882666667,39.2493683056
red_171,-81.3064117222,41.3111457778
red_171,-81.9343032837,36.1098251343
red_171,-84.7323385556,39.5090838119
red_171,-84.2638261244,39.2690161369
red_171,-81.086682185,37.9494650043
red_171,-81.6242606287,44.1773826722
red_171,-85.232732892,35.2355141357
red_171,-81.3679109377,36.324035099
red_171,-81.5772939,36.2301486
red_171,-81.7720611111,36.1317527778
red_171,-82.2469115634,35.7089394008
red_171,-82.2479418339,35.7081322469
red_171,-82.8062512997,39.9329942
red_171,-82.2741747964,35.7153559916
red_171,-83.793305,40.0569528333
red_171,-81.5996745919,36.4097017815
red_171,-81.9312004745,35.9708989123
red_171,-81.7160633333,36.3083333333
red_171,-81.7685832222,35.6916325556
red_171,-83.8838348389,35.9811248779
red_171,-81.40919494,36.39611434
red_171,-81.654495,36.1504445
red_171,-82.8259420832,42.0336751393
red_171,-82.4644303322,35.3351969268
red_171,-81.7319698979,36.1444240437
red_171,-81.8425064087,35.7699661255
red_171,-81.842495,35.7699883333
red_171,-82.6516883333,35.45102
red_171,-81.691955,36.150825
red_171,-81.914675,36.1699466667
red_171,-81.6513366667,35.5975633333
red_171,-81.7756416667,36.2111033333
red_171,-81.3789109678,36.4360613167
red_171,-81.5946591633,36.1805938678
red_171,-81.7122268677,36.2435417175
red_171,-82.6008819,28.087889
red_171,-82.102913,36.1703329722
red_171,-81.0727386475,37.8391647339
red_171,-84.350819,39.107303
red_171,-81.5891342163,36.226108551
red_171,-81.624234058,36.4281490477
red_171,-81.5907211304,36.2272987366
red_171,-81.7200063683,36.1420928047
red_171,-81.9282685,35.9510641
red_171,-81.8808588389,35.9155240083
red_171,-85.148549,34.442667
red_171,-84.3022262455,46.5342646305
red_171,-83.9422254078,34.7739853011
red_171,-83.9289900474,34.7864429886
red_171,-82.0504684448,36.0736732483
red_171,-81.8036973798,36.0852521649
red_171,-81.0062722167,37.7850883333
red_171,-81.0172055,37.7761
red_171,-81.0770527778,38.0584305556
red_171,-81.66268306,45.2028163585
red_171,-81.4570539818,40.8076786017
red_171,-81.3558966667,28.5661883333
red_171,-81.1202305,36.1351666667
red_171,-81.2791072481,44.7613286205
red_171,-81.0167,37.779745
red_171,-81.7285651823,36.1394693842
red_171,-81.9289383333,35.9401033333
red_171,-81.7791833333,36.0998166667
red_171,-81.8272166667,36.0951278333
red_171,-81.8824383333,35.9158783333
red_171,-83.93049,35.3589616667
red_171,-82.4467111111,35.2729416667
red_171,-81.828126,36.095845
red_171,-81.2822956111,44.7436994167
red_171,-81.932105,35.9503533333
red_171,-81.0592900962,44.7707471057
red_171,-82.5705918297,36.0508641804
red_171,-81.6086213793,36.6366823028
red_171,-82.5850496069,36.0461840345
red_171,-81.4551978141,36.2495605699
red_171,-81.5781,45.19365
red_171,-81.5770712487,45.1951433635
red_171,-81.6557955556,36.2571983333
red_171,-81.5831851969,45.1906874048
red_171,-84.3593366667,34.54658
red_171,-84.357825,34.5461383333
red_171,-85.0647666667,38.7451966667
red_171,-81.7224055556,36.1378888889
red_171,-81.202619778,32.8937684657
red_171,-81.0919669458,37.96390065
red_171,-83.5986664894,44.0544150475
red_171,-81.3543083164,41.0780154782
red_171,-83.4324192549,35.581054698
red_171,-82.5651239722,36.045928
red_171,-84.279801,46.525741
red_171,-83.409944,46.982532
red_171,-83.4112628549,35.5580077465
red_171,-83.644816,35.6803686
red_171,-83.6407631997,35.6825551
red_171,-84.5950527778,42.5868138889
red_171,-83.5252083333,35.703995
red_171,-84.2448730469,39.1167602539
red_171,-85.242561847,41.5683496609
red_171,-82.7578883333,35.9139666667
red_171,-85.5913944053,38.4024891753
red_171,-83.4713666667,35.6986116667
red_171,-81.3441616667,28.4163133333
red_171,-83.5820176453,35.6719963812
red_171,-83.2182888889,42.1904083333
red_171,-85.9611989,39.1344719009
red_171,-82.4598611111,27.0997666667
red_171,-83.7109059956,32.9276733586
red_171,-85.3512910568,42.3591717706
red_171,-84.6510462463,33.8103871885
red_171,-83.9700519722,39.5483639722
red_171,-82.5096499722,42.0396959722
red_171,-85.4322527778,38.6378888889
red_171,-85.42271489,38.6448182
red_171,-83.6201055556,37.8352083333
red_171,-81.3091516667,42.9298516667
red_171,-85.3852188215,42.4053907581
red_171,-85.9405569477,40.7175351612
red_171,-85.1931021502,29.6735415685
red_171,-84.2443861111,37.5557555556
red_171,-81.8836448926,41.4091374186
red_171,-81.6319266334,35.6014771145
red_171,-81.6954109722,43.721645
red_171,-84.3034556,34.7842377997
red_171,-84.8672936484,33.7037582312
red_171,-81.7921839282,26.7099913509
red_171,-83.1553416667,33.8814466667
red_171,-84.9725922291,45.7572735195
red_171,-81.1543797619,31.9688482246
red_171,-81.8869044657,41.4110136028
red_171,-85.9502834827,40.1261584658
red_171,-82.5711288452,39.6229248047
red_171,-84.1060333333,34.0609166667
red_171,-84.5278252289,38.0549694617
red_171,-82.4451539665,38.4192302261
red_171,-84.0787195399,39.2197379314
red_171,-84.6115138083,39.0137112155
red_171,-81.7009697109,41.4431292567
red_171,-84.4331020691,39.1268487301
red_171,-84.5015719619,39.1006992133
red_171,-82.4013360381,42.6952476304
red_171,-81.5732033333,41.5243833333
red_171,-81.7784999683,36.1145566836
red_171,-83.9706725,37.9268716997
red_171,-85.6119388889,34.0633777778
red_171,-81.0626296944,38.0568466111
red_171,-82.2531761974,35.8104424385
red_171,-84.3696995787,38.9622549325
red_171,-83.2993216667,35.5004116667
red_171,-83.4905083333,35.6834
red_171,-83.4905066667,35.683375
red_171,-81.0613645657,37.8308472628
red_171,-81.0781093139,38.0703164216
red_171,-81.0619889854,37.8300422377
red_171,-81.07764847,38.07043092
red_171,-70.5852431,41.5970821
red_171,-72.7300393581,43.4359492908
red_171,-72.5076666667,43.623
red_171,-72.5895,43.8528333333
red_171,-72.5263333333,43.6333333333
red_171,-72.783589,43.680458
red_171,-72.9458,43.626028
red_171,-72.950111,43.647452
red_171,-72.796311,43.694601
red_171,-72.55634,43.555018
red_171,-72.945628,43.625749
red_171,-72.601324,42.920245
red_171,-72.4782866667,44.317635
red_171,-72.4783683333,44.3171266667
red_171,-72.510551177,44.3246348156
red_171,-69.98912851,41.69567444
red_171,-72.20388322,43.83879257
red_171,-72.18227894,43.8685993
red_171,-72.18873457,43.85858006
red_171,-72.8687869891,43.2675723721
red_171,-71.8374633333,42.4248366667
red_171,-72.19145581,43.8046599
red_171,-72.27161698,43.82210472
red_171,-72.24484299,43.79580242
red_171,-72.22301062,43.88525407
red_171,-72.9146845546,41.4905517502
red_171,-72.5493202,41.2732531
red_171,-72.619705,43.82987
red_171,-72.7568129539,43.618684612
red_171,-72.42443,44.41534
red_171,-72.5354033333,44.4762216667
red_171,-72.3621416667,44.425225
red_171,-72.3590033333,44.3594466667
red_171,-72.3731116667,44.3831066667
red_171,-72.3728383333,44.3844683333
red_171,-71.403653808,41.889217319
red_171,-70.5579916667,43.40973
red_171,-72.24831685,43.79520186
red_171,-72.4108810425,43.6420555115
red_171,-72.1423248668,44.3064736203
red_171,-72.8163604736,44.5330200195
red_171,-71.3320881128,42.4773830086
red_171,-67.9363566667,44.462725
red_171,-67.9373316667,44.4631066667
red_171,-68.8863366667,44.7675883333
red_171,-71.1730783333,44.3881133333
red_171,-72.452515,43.59333
red_171,-72.2649183333,44.336885
red_171,-72.5442866667,44.3722616667
red_171,-71.5550708771,44.3664044006
red_171,-72.2068602406,44.1763867764
red_171,-70.230095,43.6400916667
red_171,-71.3697003108,42.4941312243
red_171,-71.9633904,42.99485926
red_171,-71.79525,42.2640533333
red_171,-72.5879925863,43.7430970325
red_171,-72.432440979,43.8552365705
red_171,-72.5363466667,44.3659383333
red_171,-71.1463182327,42.3865567055
red_171,-72.5868955628,43.745249128
red_171,-72.32427375,43.68825309
red_171,-72.2813469452,42.9441220779
red_171,-71.1443423667,42.3754152283
red_171,-71.1443945,42.3754883333
red_171,-72.434075,43.72663
red_171,-70.03996782,41.29432501
red_171,-71.2152216667,42.1145583333
red_171,-71.145378789,42.4406927778
red_171,-72.4113922119,43.6427764893
red_171,-72.4115905762,43.6431236267
red_171,-72.9536530283,43.6468043039
red_171,-72.7812776808,43.4460581001
red_171,-71.232654352,42.447432907
red_171,-68.0617645383,44.3360960611
red_171,-72.6269833333,44.4851216667
red_171,-72.3989416667,43.4754966667
red_171,-72.52669323,43.74547608
red_171,-72.1030721667,40.976895
red_171,-72.32105671,43.68927546
red_171,-63.52323,44.5070283333
red_171,-72.8975946033,43.644783728
red_171,-72.537278,43.740881
red_171,-71.4116524906,44.2197834934
red_171,-63.5500757,44.676949
red_171,-60.2688716667,46.0689055
red_171,-60.2685366667,46.0687611667
red_171,-70.8625033333,42.81047
red_171,-71.2940783434,44.2778656646
red_171,-64.9692612917,44.9943993882
red_171,-72.2251511459,43.7460286869
red_171,-63.5791437454,44.6471726276
red_171,-70.8442216667,43.086975
red_171,-72.7271583333,43.8411333333
red_171,-72.2548386735,41.8123308756
red_171,-68.31294707,44.22962274
red_171,-72.5742012542,44.2870064406
red_171,-71.2252039277,42.3224838451
red_171,-70.2876603977,41.6509268526
red_171,-61.3730532838,46.2033394669
red_171,-63.732422,44.655229
red_171,-61.4005789194,46.1904040434
red_171,-72.18947,44.4177883333
red_171,-72.8933301476,43.6412613094
red_171,-72.24922327,43.79531761
red_171,-63.5997329212,46.5528608633
red_171,-72.556478,42.846106
red_171,-72.559477,42.864176
red_171,-72.7813711249,43.4468389672
red_171,-72.7814442874,43.4467203701
red_171,-71.4757383333,43.1093833333
red_171,-70.5368882726,45.5928390162
red_171,-70.85202161,42.78664313
red_171,-70.2622916667,43.6869416667
red_171,-71.126987028,43.7255882324
red_171,-72.0225138333,44.5359633333
red_171,-70.0620666573,42.0392743508
red_171,-72.618996,43.829958
red_171,-72.6195967697,43.8313203682
red_171,-72.6195967697,43.8313203682
red_171,-72.2508166667,44.24505
red_171,-67.6139216667,44.5561466667
red_171,-72.5086216667,43.133575
red_171,-71.2496053165,43.3855034719
red_171,-71.9686966667,43.4325866667
red_171,-72.7991199028,43.6729532853
red_171,-68.7700116667,44.8043033333
red_171,-71.5223493521,42.5365005713
red_171,-70.5690612793,43.5758628845
red_171,-71.5490772851,42.4947510888
red_171,-70.9047533333,42.4677666667
red_171,-72.5107583776,43.4696783451
red_171,-71.29360644,44.26831057
red_171,-72.3824049532,44.6511072444
red_171,-71.30125295,44.25754281
red_171,-71.30001716,44.26331609
red_171,-69.7350687627,43.7735641189
red_171,-72.24793762,41.81644778
red_171,-66.1251231,48.09676273
red_171,-69.2247383333,43.988175
red_171,-71.1971506198,42.4340511253
red_171,-71.0441708383,42.0837042219
red_171,-72.9652995098,41.924327389
red_171,-72.5108208602,43.4698501784
red_171,-72.5108208602,43.4698501784
red_171,-70.2890916667,43.6268883333
red_171,-72.25415939,43.818811
red_171,-71.271697998,42.4496917725
red_171,-71.2939987183,44.267616272
red_171,-71.2939758301,44.2676811218
red_171,-72.224258557,43.8888762149
red_171,-72.20112374,43.81511783
red_171,-71.5286416667,42.7324133333
red_171,-71.1414721667,42.39097
red_171,-71.2717316667,42.450465
red_171,-72.5662895758,42.8117435798
red_171,-72.58646879,42.84700106
red_171,-61.9783561695,45.6814925916
red_171,-72.8171436769,44.5318824426
red_171,-69.7967916667,43.73653
red_171,-70.5035633333,41.7757866667
red_171,-60.4517843575,46.8195404811
red_171,-72.7709883333,44.51117
red_171,-70.368812561,43.9279823303
red_171,-72.0900119842,41.3177789748
red_171,-71.8597616148,42.7644649989
red_171,-71.0419012606,42.3137712058
red_171,-72.7801883333,42.298295
red_171,-71.16612384,42.22965294
red_171,-71.7701866667,43.6927716667
red_171,-70.2644283333,43.6094033333
red_171,-70.3307338246,45.1445042622
red_171,-68.1842422485,44.3289070129
red_171,-69.2262961439,43.9432317256
red_171,-72.5826484524,44.2567268992
red_171,-70.8839214128,42.8795111193
red_171,-71.1080780029,42.3870353699
red_171,-70.917269569,42.6344107977
red_171,-72.10651241,43.51020201
red_171,-72.3773962632,44.6405400563
red_171,-71.2507712469,42.0819650498
red_171,-72.80268131,43.49267508
red_171,-71.30095414,41.5258932855
red_171,-70.17018,41.67632
red_171,-72.4345289916,43.499790458
red_171,-70.8784783333,42.2723883333
red_171,-72.24491759,43.7965166
red_171,-71.0695989532,41.5291305381
red_171,-71.246211076,43.1361148953
red_171,-71.6962828115,44.1766517978
red_171,-70.9668891784,42.3683119007
red_171,-70.848918501,42.6301506363
red_171,-71.1353065073,42.2883570911
red_171,-68.1791138717,44.3298863659
red_171,-70.2039923636,42.0607939437
red_171,-71.4189532647,42.3244781811
red_171,-71.7494883333,43.60312
red_171,-71.2928905618,44.2767046625
red_171,-71.3010716667,44.2658783333
red_171,-72.2515497823,43.7366460683
red_171,-72.41277354,43.64363095
red_171,-71.5498789271,42.4675292127
red_171,-72.4116552,43.6431595
red_171,-71.5485011921,42.4673787704
red_171,-71.0335916667,43.257705
red_171,-71.8144133333,42.4387866667
red_171,-72.56795347,44.25526195
red_171,-70.4958756744,43.36222883
red_171,-72.46882176,41.35155392
red_171,-71.2425816246,41.4796022606
red_171,-68.2480479777,44.408048913
red_171,-70.8745416667,42.2612583333
red_171,-64.828475,32.2575716667
red_171,-71.3518616667,42.4595
red_171,-71.1459197998,43.5789680481
red_171,-71.2861952222,41.4897179167
red_171,-72.20436385,44.1977956
red_171,-72.14377805,44.34290656
red_171,-72.157798,44.349541
red_171,-72.17883818,44.36300702
red_171,-72.181084,44.3694
red_171,-72.19452456,44.38020288
red_171,-72.20086875,44.39564971
red_171,-72.201966,44.399391
red_171,-72.23764775,44.41936129
red_171,-72.22175552,44.40092067
red_171,-72.28180757,44.3373935
red_171,-72.444478,44.291318
red_171,-72.18399909,43.82010369
red_171,-70.7158883333,43.0419166667
red_171,-70.0548166667,44.373945
red_171,-71.3315999,46.747674
red_171,-71.8374783333,42.4249333333
red_171,-66.0125317052,48.9599657899
red_171,-71.3315999,46.747674
red_171,-72.33951266,42.67824882
red_171,-69.8986519821,47.8074578144
red_171,-69.8986519821,47.8074578144
red_171,-72.90257794,41.27863598
red_171,-72.7660217285,41.2700843811
red_171,-72.37651286,43.97044206
red_171,-70.3352387,43.4474511
red_171,-71.9788258808,45.3879720327
red_171,-70.5864444444,48.3824722222
red_171,-63.4523055556,50.2074166667
red_171,-63.4488055556,50.2050833333
red_171,-72.6597675742,43.9265474501
red_171,-71.7342820019,43.6186919714
red_171,-71.014678,42.2787123
red_171,-72.8939366667,41.5911916667
red_171,-72.8939366667,41.5911916667
red_171,-68.115312,44.4669693533
red_171,-72.8814884,43.1539655
red_171,-71.2861044403,44.372936712
red_171,-68.0466083333,44.3388222222
red_171,-68.2233314065,45.3137350136
red_171,-70.2086333333,43.6225888889
red_171,-61.465845108,47.6041954602
red_171,-71.1257553288,41.5573551832
red_171,-71.7402707041,42.3405046016
red_171,-72.487599263,43.5958705377
red_171,-70.9167414812,42.8703551993
red_171,-71.3271318936,42.4654973438
red_171,-71.8392707874,42.2801172221
red_171,-72.4116138741,43.6430604558
red_171,-72.19570833,43.886105
red_171,-72.932652086,44.6743752238
red_171,-70.45238385,43.67917376
red_171,-70.0684187441,41.67568299
red_171,-71.1239286266,42.4298548534
red_171,-70.73515333,41.989995
red_171,-71.29187981,44.26423674
red_171,-70.4547251761,44.5240622821
red_171,-72.6277286746,42.0989660221
red_171,-72.6403729722,41.849783
red_171,-71.28030333,44.28170833
red_171,-72.19701333,44.04424167
red_171,-72.641406,41.849381
red_171,-72.288262,44.6092719722
red_171,-72.3513609722,44.60354
red_171,-72.8881817311,41.7450040501
red_171,-71.2770944444,44.2811416667
red_171,-71.2935166061,44.2786684559
red_171,-71.1226888889,42.3045972222
red_171,-72.8764218997,43.7174709
red_171,-71.29205333,44.27464667
red_171,-72.0967815444,43.5080936408
red_171,-72.2455113754,42.6461369225
red_171,-72.83763,44.14875
red_171,-72.541063,43.63263
red_171,-72.3940401111,45.2765765556
red_171,-72.2567584665,42.2175462704
red_171,-66.5921067546,48.052668696
red_171,-71.0960463435,42.4462748738
red_171,-70.6204782799,41.5640679008
red_171,-72.2174722,42.2841111
red_171,-71.344086472,42.4714395684
red_171,-71.2523926944,42.3892319167
red_171,-71.4447159722,42.1545479722
red_171,-72.300512,43.6779215
red_171,-71.0676583333,42.1729972222
red_171,-72.3880388889,43.7522861111
red_171,-71.2701803818,42.4566930599
red_171,-72.22658658,43.79481825
red_171,-72.3870933333,43.75621
red_171,-71.758895,41.610395
red_171,-71.3201951578,42.1081919601
red_171,-71.0322816112,42.2342076029
red_171,-72.3323566367,43.7164253991
red_171,-71.4731215127,42.5277534686
red_171,-72.9056375474,42.4661946763
red_171,-71.058355193,42.7464786963
red_171,-71.3368351199,42.2538247111
red_171,-71.8934094161,42.5900030137
red_171,-70.4485789,43.6804824
red_171,-71.0601603,42.4457707
red_171,-72.0734811,40.9949344
red_171,-70.1952442993,41.7017686693
red_171,-70.843941,43.0892228
red_171,-72.1060143784,43.5150155104
red_171,-72.724175,43.3620416667
red_171,-72.7300122847,44.1401101929
red_171,-71.295425,44.265295
red_171,-70.79109167,42.21653667
red_171,-72.486519,41.9830839722
red_171,-72.485765,41.983459
red_171,-66.7566666667,44.6836111111
red_171,-70.7463988043,43.173611431
red_171,-70.96473667,43.25351333
red_171,-71.3216435274,42.1089632525
red_171,-71.101905,42.195475
red_171,-70.4561833333,41.6479416667
red_171,-71.0822000833,43.1906956667
red_171,-72.3236486503,43.6708996352
red_171,-71.4904955216,42.5486658561
red_171,-72.9975834472,43.7168752595
red_171,-70.7676660084,41.3523065066
red_171,-71.4562852093,42.411912235
red_171,-72.1980833822,42.9353729217
red_171,-71.2995612,42.5509053
red_171,-71.421478428,42.5182006555
red_171,-72.1938364457,43.7449844977
red_171,-72.7212977876,42.3566055252
red_171,-72.3553172715,45.2150733337
red_171,-72.4949462031,42.3398182642
red_171,-72.5739480369,44.2540428462
red_171,-72.5716149342,44.2516462505
red_171,-72.1079784259,43.5148319392
red_171,-71.4687023278,42.5925787938
red_171,-71.337760333,42.2550898257
red_171,-72.22955,42.5200966667
red_171,-70.5497337,41.6231642
red_171,-71.920005,45.373994
red_171,-70.6832278148,41.8468544296
red_171,-70.6093457171,41.5714335088
red_171,-71.03030283,42.26908667
red_171,-72.396330544,43.4863344738
red_171,-71.55523,42.58623
red_171,-70.1574222222,41.268275
red_171,-71.3327880252,42.4775100774
red_171,-71.30995833,44.27614667
red_171,-72.702211,46.610255
red_171,-70.6024918254,43.4029824048
red_171,-72.5016666667,44.3319444444
red_171,-71.2950623368,44.2787805885
red_171,-71.2764527497,44.2880817493
red_171,-70.6005829557,43.1736302547
red_171,-72.5266633333,43.1297445
red_171,-70.2499383333,43.6584583333
red_171,-72.9933377321,43.7082605624
red_171,-72.6503677276,44.1537432219
red_171,-72.5110825123,43.2955872288
red_171,-72.5955139722,42.595002
red_171,-72.4111866667,43.6426283333
red_171,-72.8293865361,42.5339138741
red_171,-70.7023077851,43.9496189266
red_171,-71.1386305556,42.3895666667
red_171,-71.2784462968,44.3883247585
red_171,-70.5746166667,43.321055
red_171,-72.9120633333,43.6956783333
red_171,-72.9166116667,42.7946466667
red_171,-72.051744077,44.0753223917
red_171,-72.25295186,43.8283396
red_171,-72.9026343333,43.713852677
red_171,-72.967195,42.6734483333
red_171,-71.3142866667,44.2607783333
red_171,-71.301705,44.263375
red_171,-71.9007144123,41.4959063761
red_171,-71.3010716667,44.2630383333
red_171,-71.8918715884,42.4970662315
red_171,-71.3010783333,44.2631333333
red_171,-71.3038866667,44.2632
red_171,-72.32688635,42.67048112
red_171,-72.9014843342,43.9351580326
red_171,-72.4990703166,43.737325269
red_171,-72.36198333,43.672845
red_171,-71.5656116667,45.278215
red_171,-70.6379496866,41.613318217
red_171,-72.0252266667,42.4286483333
red_171,-72.0254133333,42.429
red_171,-72.0254316667,42.42943
red_171,-69.84195,43.9035383333
red_171,-72.9625166667,43.3726888889
red_171,-72.6543806842,43.071915955
red_171,-71.2498866667,41.616425
red_171,-72.5047723,44.9379013
red_171,-66.0048929722,43.8827119722
red_171,-70.7091752177,43.0816034255
red_171,-72.4896466667,42.36157
red_171,-70.6133353897,42.9769328284
red_171,-70.9673235524,42.356592571
red_171,-72.0504796602,44.0747792699
red_171,-60.8096483333,45.963545
red_171,-72.31713,44.0470278333
red_171,-72.4117798358,43.6431626002
red_171,-71.5883638889,42.646625
red_171,-68.7591783333,44.4005466667
red_171,-71.0738754272,48.4372940063
red_171,-70.37303,43.9511116667
red_171,-68.0620607278,44.3371169667
red_171,-71.7132949829,44.1806297302
red_171,-72.4488607662,41.8308946768
red_171,-72.4476992614,41.8276001425
red_171,-70.9167643078,42.6345414715
red_171,-72.0289778333,44.71697
red_171,-72.5330777922,43.134003875
red_171,-71.95665,43.1501166667
red_171,-68.710106,44.20324
red_171,-72.0657416667,43.6506616667
red_171,-70.8089828491,42.9133033752
red_171,-69.8744462677,47.5066032119
red_171,-69.40807167,45.53319167
red_171,-71.1444443744,44.7422301164
red_171,-69.2843188316,43.9900655779
red_171,-68.3137738332,44.431833193
red_171,-71.307625,44.2626277778
red_171,-71.3012694444,44.2575527778
red_171,-71.2940972222,44.2527416667
red_171,-72.9004783333,43.7130283333
red_171,-71.8125811,43.8053486
red_171,-65.5090495861,45.7073106486
red_171,-71.8349335,43.2913825
red_171,-72.74891067,44.0402327644
red_171,-64.6563572997,32.3482966997
red_171,-72.520476612,46.2951616602
red_171,-72.5204695502,46.2952188815
red_171,-72.5205507772,46.2951629884
red_171,-63.0520004993,49.2252595564
red_171,-70.1991895678,43.5643830306
red_171,-71.9442028944,43.0372631931
red_171,-72.5853767425,43.3161497177
red_171,-72.6400572807,43.5566631798
red_171,-72.4116189033,43.6431070395
red_171,-71.9785898959,42.9762499009
red_171,-68.9331959722,45.9066979722
red_171,-68.9333179722,45.906567
red_171,-72.635635376,42.750617981
red_171,-71.8876416667,44.3596166667
red_171,-72.1975538789,43.8230739546
red_171,-72.1036162611,44.0010697632
red_171,-71.3288742997,41.9109236997
red_171,-72.4115188,43.64233734
red_171,-72.8461936944,41.9061095833
red_171,-72.5604617223,43.235214337
red_171,-71.3141503966,44.2605876754
red_171,-71.3208383333,42.4117583333
red_171,-72.796555,42.8526466667
red_171,-70.8796908633,42.2722470484
red_171,-68.2034966667,44.3909716667
red_171,-71.3233633333,42.4177033333
red_171,-72.7496120847,44.3438879008
red_171,-71.3326106397,42.4775176129
red_171,-71.3329916663,42.4800464336
red_171,-71.3257422212,42.4756312681
red_171,-65.6360843405,47.6100606936
red_171,-71.2124433333,42.08007
red_171,-70.1857916667,41.7166033333
red_171,-68.1140456667,51.6258151389
red_171,-67.3716444444,47.8312444444
red_171,-67.3761416667,47.8321416667
red_171,-71.29238,44.276395
red_171,-72.411257,43.642192
red_171,-72.6662950997,42.7942237997
red_171,-68.0463173549,44.3484212107
red_171,-70.6440499722,44.373235
red_171,-70.64409,44.3732129722
red_171,-70.6442389722,44.3733819722
red_171,-72.1105259948,43.9858389781
red_171,-72.534883339,44.2416175548
red_171,-71.64782,45.4745783333
red_171,-71.29233873,44.2764266
red_171,-71.30037726,44.26554017
red_171,-68.3310383333,44.37357
red_171,-70.821393,43.468789
red_171,-72.0396381823,44.0761898976
red_171,-72.7326883333,43.5283883333
red_171,-70.1986425899,42.0686749779
red_171,-71.3111232972,42.0841573361
red_171,-68.9317925865,45.9138327554
red_171,-71.3141116667,44.2606383333
red_171,-72.394325,43.835545
red_171,-67.8969332,45.65030891
red_171,-70.472029,43.941174
red_171,-72.664388621,43.6219512088
red_171,-72.8106258861,43.8742769084
red_171,-64.0014704502,45.2351066837
red_171,-72.0489993359,44.0688217836
red_171,-72.4085251,43.6373583
red_171,-72.4110348,43.6418236
red_171,-72.5171861707,43.605460459
red_171,-72.5184863978,43.6015463774
red_171,-72.5169099318,43.5998001574
red_171,-66.072434,45.286639
red_171,-72.50992,43.63075
red_171,-72.5086796405,43.6221676592
red_171,-71.4543731238,42.4063262015
red_171,-67.6154416667,46.1320694444
red_171,-71.6908144578,42.3889889723
red_171,-71.8207,42.2621
red_171,-71.8207,42.2621
red_171,-71.8207,42.2621
red_171,-70.20835,43.621975
red_171,-71.3632284255,43.9970969306
red_171,-72.33044,44.3257534
red_171,-70.2088739257,43.6237313
red_171,-70.2088739257,43.6237313
red_171,-69.2437363012,47.5221014711
red_171,-71.2090893375,46.8400689335
red_171,-72.6543806842,43.071915955
red_171,-72.4301069225,44.5670060519
red_171,-71.0655321088,42.9033881659
red_171,-72.5094616667,43.4361133333
red_171,-72.51175,43.436855
red_171,-72.4289083333,43.8795666667
red_171,-71.2776716667,42.391975
red_171,-64.9837644026,47.5213062575
red_171,-72.5336990356,42.9989318848
red_171,-72.6781083333,44.76205
red_171,-72.4480648433,44.159419206
red_171,-72.4123916667,43.6206833333
red_171,-70.5186246999,43.3455897039
red_171,-67.9366833333,44.4654472222
red_171,-72.9503271423,43.6466993759
red_171,-72.7351628165,44.4709708924
red_171,-71.9949777,48.5553707
red_171,-69.7228439997,43.7851023997
red_171,-71.5749926493,43.1992281089
red_171,-70.6794509888,42.6425476074
red_171,-72.6408205,41.8493436
red_171,-72.6658276096,41.7620205687
red_171,-72.8862052859,43.7033674629
red_171,-64.7098783333,32.34893
red_171,-72.203645,43.8351966667
red_171,-72.3495187849,43.6651510187
red_171,-70.846065,43.09047
red_171,-72.5659135598,44.7061300361
red_171,-72.3984,43.6802116667
red_171,-72.0123809703,44.1623901176
red_171,-71.5799891433,42.2309515872
red_171,-72.7837216667,44.3778616667
red_171,-68.1621840969,49.2050683729
red_171,-71.1784109473,43.8298427071
red_171,-72.9825966667,42.664715
red_171,-69.6001944444,47.7565
red_171,-72.9395250071,43.2265721432
red_171,-69.7309583333,45.5364277778
red_171,-64.4306944444,45.3147777778
red_171,-65.58475,43.4431388889
red_171,-66.3920277778,44.2487777778
red_171,-66.3422222222,44.2863333333
red_171,-65.92675,44.6141666667
red_171,-72.51573,42.7931633333
red_171,-63.3234166667,45.3690277778
red_171,-63.3226666667,45.3693888889
red_171,-63.2866111111,45.2505277778
red_171,-64.35625,45.0926944444
red_171,-64.3550833333,45.093
red_171,-70.2001330347,42.0500954636
red_171,-60.7428513543,46.0970986206
red_171,-123.059427,47.867624
red_171,-122.0799333333,37.2948833333
red_171,-122.0809333333,37.2889133333
red_171,-122.9297474,48.1273258
red_171,-122.863015,40.0550183333
red_171,-122.8691783333,40.0503
red_171,-122.917426,38.071791
red_171,-122.4769577199,37.8393622907
red_171,-122.0838555,36.9603716667
red_171,-123.0075222222,46.8265833333
red_171,-122.4972316667,42.139875
red_171,-122.4700916667,42.173375
red_171,-122.9461111111,41.3105555556
red_171,-123.8448266667,39.8320083333
red_171,-122.2443111242,37.8927910142
red_171,-123.5500308789,40.3323404006
red_171,-122.6324533333,41.3308033333
red_171,-122.0926221667,37.0028611167
red_171,-122.5147781372,38.4376144409
red_171,-122.7809966667,41.2256916667
red_171,-122.4433533333,37.7416033333
red_171,-122.442995,37.7419033333
red_171,-122.51168,37.77953
red_171,-122.5328932673,41.39787169
red_171,-122.5029176331,41.3269870608
red_171,-122.4852005347,41.3232886325
red_171,-123.3701383333,48.5793716667
red_171,-122.3869452161,37.7712379117
red_171,-122.448745,49.0087972167
red_171,-122.964425,40.2042583333
red_171,-122.9740918975,38.2143497186
red_171,-122.9740918975,38.2143497186
red_171,-123.337755505,44.5102096402
red_171,-122.1280278333,44.2311883333
red_171,-122.0947199687,37.3335798197
red_171,-123.4404655027,38.6999368921
red_171,-122.659126483,45.5121875927
red_171,-122.6888189814,38.4489446632
red_171,-122.4592223941,47.4286227837
red_171,-122.4592223941,47.4286227837
red_171,-122.0167922974,45.6423492432
red_171,-122.6717204602,45.5537983356
red_171,-122.415055,47.66592
red_171,-122.49773526,45.49080649
red_171,-122.50048584,45.48629648
red_171,-122.7154783333,42.0764416667
red_171,-122.6699916088,45.5483481288
red_171,-122.2062366667,37.8593116667
red_171,-122.05846512,46.3076359867
red_171,-123.0018262938,49.3059834328
red_171,-122.2385333333,37.8745633333
red_171,-122.3792120538,47.711910759
red_171,-122.8188085278,45.8731557616
red_171,-122.58207833,37.87546167
red_171,-123.41873875,45.30277042
red_171,-122.28452167,37.92791667
red_171,-122.9653555556,39.8465277778
red_171,-123.1942531396,45.7267273404
red_171,-122.0204549655,47.5640319099
red_171,-123.42146333,39.0898805
red_171,-122.2375657778,37.3601931944
red_171,-123.9889647067,49.110428176
red_171,-122.519226813,42.2554407677
red_171,-123.7436,41.80553333
red_171,-122.0139046758,47.5724509421
red_171,-122.3402215714,37.4470662637
red_171,-122.025895156,47.5682731521
red_171,-122.0269717276,47.5687800965
red_171,-122.0306302607,47.5695379024
red_171,-122.526164,43.8354021
red_171,-123.56137833,44.50949667
red_171,-122.8765348654,45.4469946245
red_171,-123.4696022888,43.3662666567
red_171,-123.9640888944,45.88596123
red_171,-122.2319851,37.349271
red_171,-122.260055,44.20787833
red_171,-122.7225403627,38.0352138234
red_171,-122.75357833,45.58521667
red_171,-122.61793667,38.419655
red_171,-122.55602167,38.461825
red_171,-123.1487529385,41.9399361092
red_171,-123.06219386,44.05242314
red_171,-122.5471225,47.7080652
red_171,-123.5487080151,41.9313201237
red_171,-123.6458525063,38.846542798
red_171,-123.6453003266,41.9034082795
red_171,-122.00778775,45.6487737778
red_171,-123.17485833,45.87736167
red_171,-123.2779278,44.5866381
red_171,-122.3045365061,37.94191975
red_171,-122.0352209,45.3756693
red_171,-122.21800333,45.53883667
red_171,-122.12577,44.380941
red_171,-122.12577,44.380941
red_171,-123.1195666667,41.5205416667
red_171,-123.7757772829,39.3358953828
red_171,-122.5292129517,41.3981781006
red_171,-122.4547176116,41.1506417383
red_171,-123.7750290263,41.8304718097
red_171,-122.3034437405,44.4290782462
red_171,-122.4918232134,43.4732591032
red_171,-122.51629,38.4371892
red_171,-123.4091841,41.5036471
red_171,-123.36766853,41.5082137301
red_171,-123.2262386111,47.50882375
red_171,-122.8886944444,38.0426166667
red_171,-122.9406682186,39.6202988528
red_171,-122.987956206,39.6626227511
red_171,-122.9498116674,39.8353859055
red_171,-122.6908921,38.4127727
red_171,-122.5741013,38.4518501
red_171,-123.5273666382,48.5355262756
red_171,-122.5333416667,37.8447033333
red_171,-123.6811809722,45.7440789722
red_171,-123.8137997401,48.99492569
red_171,-123.67612913,48.43613999
red_171,-122.6107880473,37.8890145883
red_171,-122.3151316667,47.178235
red_171,-122.4978166667,38.3695216667
red_171,-122.4614758417,48.6548535097
red_171,-123.1557304412,49.3037144639
red_171,-123.2373327542,44.6057117591
red_171,-122.01573042,36.97088431
red_171,-122.27623,37.9137583333
red_171,-122.58139495,37.91330773
red_171,-122.9532089233,46.6884460449
red_171,-122.5181416667,41.3308866667
red_171,-123.1865270622,42.8007888934
red_171,-122.8132466667,47.5556833333
red_171,-122.9569944444,38.0805416667
red_171,-122.58207,37.8754666667
red_171,-123.4750666667,48.9295366667
red_171,-122.36435,49.2692716667
red_171,-123.5594678052,44.5070146016
red_171,-122.72275908,45.53012274
red_171,-122.6616133333,44.8861383333
red_171,-122.6106472222,37.9820972222
red_171,-123.84732,39.8331083333
red_171,-123.4942929722,41.1140389722
red_171,-122.36905,37.4369466667
red_171,-122.34639895,37.43343696
red_171,-123.3120177626,44.6415196769
red_171,-123.3120177626,44.6415196769
red_171,-122.9523925753,48.6661259575
red_171,-122.7023783333,41.2737083333
red_171,-123.4061646089,42.7101707706
red_171,-122.4621783333,37.795105
red_171,-122.093463,37.434717
red_171,-123.2074605248,44.7081108499
red_171,-123.4897783333,47.4489866667
red_171,-123.3516373113,38.7452448005
red_171,-123.2118177241,44.7047001866
red_171,-122.4170696667,43.9822885833
red_171,-122.1550055,37.2874916667
red_171,-122.3913589997,47.2276022562
red_171,-122.687966,43.2079531997
red_171,-122.1195666667,44.2266366667
red_171,-123.2035716667,49.39525
red_171,-123.4526994368,48.4336828954
red_171,-122.829575,40.9268333333
red_171,-123.6043523625,47.8015230667
red_171,-123.5596824517,44.5091123165
red_171,-123.3613583333,42.2917833333
red_171,-122.9303498905,41.0335303785
red_171,-122.1339911164,44.2468626591
red_171,-122.145156,44.278411
red_171,-122.1453377067,44.2799525083
red_171,-122.1452692233,44.2799095567
red_171,-122.1452692233,44.2799095567
red_171,-123.2150383333,45.6425066667
red_171,-122.6719642,45.5073020997
red_171,-123.799555,39.4890183333
red_171,-122.41137,37.22856
red_171,-123.3519388997,45.6463996
red_171,-123.054085,49.022724
red_171,-123.1695007626,47.598233512
red_171,-123.4200053605,45.0217110599
red_171,-123.9692504882,45.3648872765
red_171,-122.4853324984,48.7277882779
red_171,-123.8754808,49.0679261
red_171,-123.52375,40.3518444444
red_171,-123.5486361111,40.3326305556
red_171,-122.900535,44.0297583333
red_171,-123.0367699145,49.386091438
red_171,-122.2582321111,44.2095489444
red_171,-122.2550353889,44.2124061389
red_171,-123.9818392746,45.1038780616
red_171,-123.0508638333,40.3812783333
red_171,-123.0233305,40.9183533333
red_171,-122.9483833,44.7518538
red_171,-122.9516916667,38.1193666667
red_171,-122.6414353867,41.3333744277
red_171,-122.4780269993,48.7288950664
red_171,-123.1683283333,46.6343333333
red_171,-122.67678,45.5499033333
red_171,-122.7095033333,45.4679616667
red_171,-123.4693222222,45.6108083333
red_171,-123.0007638883,38.3719133333
red_171,-123.47561523,49.43914299
red_171,-122.3746716667,37.3795083333
red_171,-122.4978741693,43.8314447949
red_171,-122.4956431581,38.3710703557
red_171,-122.9990365059,41.3080330569
red_171,-122.95424,38.118575
red_171,-122.0796666667,45.5873083333
red_171,-123.229209406,49.4717136983
red_171,-122.2464828491,37.8122062683
red_171,-123.0254361667,40.9722283333
red_171,-122.2519550455,41.4990845884
red_171,-123.8052796572,42.2200083485
red_171,-123.1897666667,45.7448966667
red_171,-122.3478701904,37.1479535329
red_171,-122.3478555556,37.1479555556
red_171,-123.0182501124,40.9412207607
red_171,-122.3395466949,37.1860944785
red_171,-123.1475830078,49.1123924255
red_171,-123.5637906965,44.5042627628
red_171,-123.5422617271,44.4995213299
red_171,-122.6525479722,45.4804359722
red_171,-122.285195,37.929
red_171,-122.6611539722,45.4716919722
red_171,-123.3170340782,47.4954216529
red_171,-123.2692867562,47.4955926415
red_171,-122.52240611,42.04299761
red_171,-122.7172083333,41.2755944444
red_171,-123.26835,41.55985
red_171,-123.6913849722,41.5897119722
red_171,-123.1382523747,49.3058203871
red_171,-122.453935,38.286267
red_171,-122.9111055556,42.2035666667
red_171,-122.9520863846,38.072032712
red_171,-122.1456069383,44.2800490317
red_171,-123.10374444,47.85029167
red_171,-122.6457987802,48.6774867676
red_171,-122.9583168137,50.0591265514
red_171,-122.9563712137,42.1772670783
red_171,-122.1377833333,37.0486
red_171,-122.6013959,45.4824606997
red_171,-122.4434175342,37.7416307314
red_171,-122.2470527778,37.8215888889
red_171,-122.4960866667,37.6980166667
red_171,-122.3496823758,47.6454628093
red_171,-122.084158667,37.2852958261
red_171,-122.2567146025,37.3633567988
red_171,-122.4916045928,37.6213192754
red_171,-122.4587832391,47.4506124052
red_171,-122.5701913889,38.4598013889
red_171,-122.1840216667,37.3595466667
red_171,-123.4706063835,49.4041775945
red_171,-122.4606116667,37.508395
red_171,-122.2160817125,37.8325816244
red_171,-123.1157611667,38.4286883333
red_171,-122.5084016667,37.5285833333
red_171,-122.781425,40.0283
red_171,-122.01144942,37.41937718
red_171,-122.0742766667,37.2995666667
red_171,-123.2289839997,47.5134808997
red_171,-122.0841817242,36.9596527579
red_171,-122.3843533333,37.459545
red_171,-122.1868988539,37.3656152127
red_171,-122.9149083333,48.5220722222
red_171,-122.3243716667,37.521595
red_171,-122.2044133333,37.0743861667
red_171,-122.2121658325,37.817565918
red_171,-122.3201366667,37.5195283333
red_171,-122.6408783333,38.2583883333
red_171,-122.2833519722,37.934801
red_171,-122.0945695137,37.4347260828
red_171,-122.5019378662,37.7668457031
red_171,-122.7156599722,45.516607
red_171,-122.425645,37.7148216667
red_171,-123.8253581997,47.9307610997
red_171,-122.5270048901,45.4895241774
red_171,-123.7585972217,45.2158527783
red_171,-122.62072,37.903645
red_171,-123.5632166667,44.504325
red_171,-123.5595333333,44.5091083333
red_171,-122.187545,38.1373028333
red_171,-122.9891366667,49.9266966667
red_171,-122.1512361667,44.4011116667
red_171,-122.0906027778,36.9550527778
red_171,-122.4182939207,37.7436557321
red_171,-123.0788945,41.367755
red_171,-122.1198222222,37.2573416667
red_171,-122.0525972222,37.2925194444
red_171,-122.0525444444,37.2925027778
red_171,-122.052475,37.2924777778
red_171,-122.0524055556,37.2924833333
red_171,-122.501945,37.7662116667
red_171,-122.5626133333,37.859955
red_171,-122.2763216667,37.913845
red_171,-122.2560633333,47.2601466667
red_171,-123.2460256,40.1181729
red_171,-123.2460972,40.1180639
red_171,-123.18446767,40.0812198
red_171,-123.175876,40.05614067
red_171,-123.17100453,40.06018937
red_171,-122.1938789722,37.142515
red_171,-123.56339617,40.29910647
red_171,-123.676524759,40.8537872737
red_171,-73.3497047424,44.0822212163
red_171,-73.0575799942,43.6131256107
red_171,-73.033934,43.694225
red_171,-73.342104,44.095202
red_171,-73.038809,43.659698
red_171,-75.765495,40.886927
red_171,-74.656978,39.962402
red_171,-73.319281,43.707927
red_171,-76.34132,39.861986
red_171,-73.8422222222,42.9872222222
red_171,-73.0799603462,43.7791725629
red_171,-74.4369283333,44.2201216667
red_171,-73.8959375591,40.7487678162
red_171,-76.80577053,38.00378881
red_171,-75.3014602,38.5899436
red_171,-74.0916542989,41.9230178465
red_171,-74.125799238,40.4501626063
red_171,-73.2502706443,44.3942618184
red_171,-73.273445936,44.3982832041
red_171,-73.6568916667,43.5765283333
red_171,-75.7974028587,45.0134124306
red_171,-75.2076387405,45.3897365713
red_171,-74.093990922,42.7153346992
red_171,-73.1108778333,44.4377133333
red_171,-76.03547205,39.73566933
red_171,-73.9902288281,40.9551177873
red_171,-74.79213,46.3320833333
red_171,-76.772214,39.127568
red_171,-73.9765547589,40.7119642664
red_171,-74.0442384444,41.2099091491
red_171,-73.1446024671,44.7061756211
red_171,-75.7936162502,45.519377715
red_171,-76.3350129466,42.5159039768
red_171,-75.6709860893,45.0576019349
red_171,-73.9269337245,40.7919810992
red_171,-74.007908525,40.8930632053
red_171,-76.6116638184,39.2733345032
red_171,-73.1554146577,44.4337425102
red_171,-73.2365941443,42.4304711726
red_171,-73.1885237619,43.7657360137
red_171,-76.5932916667,39.2422466667
red_171,-74.0045478009,40.8639888559
red_171,-73.1160361667,44.63865
red_171,-74.2174987793,46.3388900757
red_171,-75.2853770369,41.9415098336
red_171,-75.6620634406,45.447430946
red_171,-76.4920285252,44.7581841052
red_171,-74.1386002772,41.2594144475
red_171,-74.5722222222,46.1163888889
red_171,-74.0078875703,40.893098074
red_171,-73.267276,43.637835
red_171,-74.0585544985,40.5957424315
red_171,-75.0596509595,39.901076071
red_171,-73.234296533,44.2599277189
red_171,-74.1540495249,42.5209962339
red_171,-76.1998666667,44.5350716667
red_171,-73.8249345,40.6166866
red_171,-73.0349209549,44.1230498579
red_171,-75.750148754,45.4065946905
red_171,-74.8238685072,41.073288121
red_171,-75.7252512553,45.4115362671
red_171,-75.7488174374,45.4067710435
red_171,-75.7499550858,45.4067635385
red_171,-75.7461516667,45.4079933333
red_171,-75.668726,45.282717
red_171,-73.7594141924,40.7599547554
red_171,-74.008775,40.895805
red_171,-73.0971666667,43.1477
red_171,-76.7137533333,39.19735
red_171,-75.1231017989,38.7480386719
red_171,-75.440832,40.1328625
red_171,-73.6690945645,41.2374007982
red_171,-73.07178899,42.14677951
red_171,-76.51218,38.841782
red_171,-73.4630521711,45.5074689385
red_171,-73.4926402182,45.5623842456
red_171,-75.6332473755,40.2890739441
red_171,-76.9447333333,38.9134466667
red_171,-75.2542543074,39.8832914324
red_171,-75.156525,39.8590883333
red_171,-74.9883333333,40.0290361667
red_171,-76.8880817032,39.3582767245
red_171,-73.2403718681,41.315463977
red_171,-73.2448114269,41.3104458154
red_171,-73.2448251732,41.3104903233
red_171,-73.1959624907,44.7323624176
red_171,-73.1563891968,40.7692405478
red_171,-75.2128,39.9823633333
red_171,-75.22773,40.01583055
red_171,-73.3403513799,42.0855732375
red_171,-73.968545,40.89907
red_171,-73.02989,42.5452416667
red_171,-76.4432166011,39.4320347754
red_171,-76.0296083333,39.73282
red_171,-75.62965743,42.65334654
red_171,-73.7683154674,45.3698652135
red_171,-75.7222213745,44.9472236633
red_171,-75.2552866667,40.1585778333
red_171,-73.5811370519,45.5170749966
red_171,-76.8660536037,39.1283388203
red_171,-74.6572341919,40.0577735901
red_171,-73.8764033333,40.8679616667
red_171,-73.8763583333,40.8678883333
red_171,-73.12295571,44.63277135
red_171,-74.0043722167,40.59755
red_171,-76.9487915039,39.0827255249
red_171,-74.9488533333,38.9340833333
red_171,-75.353905,39.904895
red_171,-74.1121139526,40.6202888489
red_171,-74.0054027833,40.8908833333
red_171,-74.1581888889,40.5644194444
red_171,-73.9640769,40.67003562
red_171,-73.8617866667,41.8839416667
red_171,-73.7458663434,40.7623421448
red_171,-73.6993033333,40.86153
red_171,-75.252165,40.0561366667
red_171,-74.135559082,42.1946716309
red_171,-76.2210611111,39.0456527778
red_171,-75.1999816895,39.9912872314
red_171,-73.2511162945,41.3298804732
red_171,-73.1522815861,43.3104621666
red_171,-73.9053001162,42.0124556031
red_171,-74.00039826,40.6089261
red_171,-76.6626502947,39.992339029
red_171,-73.9464016956,40.7150006463
red_171,-76.7846133333,39.261355
red_171,-75.6685891841,39.8786584195
red_171,-76.5350820993,45.8489691536
red_171,-75.3495416667,40.1424611667
red_171,-73.3051833333,44.55888
red_171,-74.14330676,41.75789237
red_171,-75.0482333333,39.6594416667
red_171,-73.1799083333,44.837995
red_171,-73.7468578302,40.7639145009
red_171,-75.4555462997,40.1057245267
red_171,-74.1534211,40.6258848
red_171,-75.6979311258,41.0397957545
red_171,-74.9018333333,40.3232
red_171,-75.2400817871,40.0566177368
red_171,-73.9894466667,40.9603583333
red_171,-73.8781319689,40.7312498228
red_171,-73.0092741643,44.698901251
red_171,-73.9716743,40.77788082
red_171,-73.8284001547,40.6161671624
red_171,-74.4012789,40.6841083
red_171,-74.0218273655,45.3833682058
red_171,-74.33818,39.5999533333
red_171,-74.312805617,45.4509826405
red_171,-75.3023517771,42.5523103358
red_171,-75.081304,38.574966
red_171,-74.5326532096,39.8811643759
red_171,-74.8515136232,39.2465713948
red_171,-73.1386333333,44.5027583333
red_171,-73.837609,41.09672
red_171,-73.061844558,43.6315337418
red_171,-74.258909,41.72623
red_171,-75.4353866307,40.3481440488
red_171,-76.9464707914,43.91943519
red_171,-73.9765916667,40.7117383333
red_171,-73.759407,40.759167
red_171,-74.5798144117,40.9102587462
red_171,-74.84720484,40.7433584
red_171,-73.98882167,40.96031167
red_171,-73.98967,40.96032833
red_171,-75.2736083333,41.3464583333
red_171,-74.84,46.0511111111
red_171,-74.3048583333,40.5688083333
red_171,-74.09573333,40.62435833
red_171,-74.007225,40.89036167
red_171,-75.8583898,40.32551589
red_171,-74.00795,40.893005
red_171,-75.188207125,39.94520475
red_171,-74.09221667,41.20737833
red_171,-74.1195055,40.62161667
red_171,-76.2243096805,45.2045382268
red_171,-74.0929190151,40.6282692348
red_171,-75.8296096966,40.0004136247
red_171,-74.10305833,40.59795333
red_171,-73.98980833,40.960225
red_171,-73.2139337173,43.4829223873
red_171,-75.1420698738,39.9319238043
red_171,-75.7539107558,41.7592935032
red_171,-75.71098333,40.09850283
red_171,-75.9736866667,45.6527583333
red_171,-75.8833383333,40.9009883333
red_171,-73.3292,42.1267033333
red_171,-74.3651264627,39.421568932
red_171,-73.96265333,40.95662
red_171,-75.7187733333,44.9690533333
red_171,-73.1963330135,44.9541995628
red_171,-73.24270049,42.93292627
red_171,-75.2037208714,40.1705598319
red_171,-74.8614294444,40.1112142778
red_171,-73.958625,40.80404167
red_171,-74.69371667,39.72686167
red_171,-74.1159031944,40.5540035833
red_171,-75.24546051,45.7841758728
red_171,-74.5368,39.4898277778
red_171,-73.6635332677,41.4522209445
red_171,-74.13894717,40.15827217
red_171,-75.7447566667,44.9570983333
red_171,-75.74479,44.9572416667
red_171,-73.8607116667,41.4295833333
red_171,-75.7430833333,44.9576716667
red_171,-74.2322302144,45.8377879858
red_171,-75.2533676206,40.0536940095
red_171,-73.9262434616,41.3505590604
red_171,-74.09751117,41.20742
red_171,-74.99576667,41.03988617
red_171,-73.47,41.4
red_171,-75.8546349128,41.8388499599
red_171,-75.555745,40.20678833
red_171,-73.9696127559,40.9174902256
red_171,-73.2782287598,44.0405006409
red_171,-75.6674139722,45.4202129722
red_171,-75.3938628889,40.077384
red_171,-75.935380049,38.9513446382
red_171,-74.0848604646,39.8965718889
red_171,-75.0991361111,40.1403472222
red_171,-75.15098617,39.93818333
red_171,-74.1726,40.65516667
red_171,-74.4591665134,40.4547873944
red_171,-75.4596374045,41.4336630352
red_171,-73.96267833,40.95660333
red_171,-73.31978927,42.50825643
red_171,-73.31984629,42.50815181
red_171,-74.1606537067,40.4211860709
red_171,-76.2243096805,45.2045382268
red_171,-76.1827473892,44.7729042706
red_171,-75.7536216667,44.95146
red_171,-74.9854024687,44.6658511553
red_171,-75.1725717914,38.7543152506
red_171,-74.2830237817,41.7100276761
red_171,-75.2135403708,40.0621029704
red_171,-75.211727926,40.0436346034
red_171,-74.7784249485,41.186426254
red_171,-75.2659245674,40.9992981702
red_171,-73.891248107,41.2085262897
red_171,-75.328236,41.468302
red_171,-76.1401634188,45.2508095401
red_171,-76.1401634188,45.2508095401
red_171,-76.181073483,45.258698741
red_171,-73.3673390932,45.3117992124
red_171,-75.4984492808,45.499340845
red_171,-74.01289445,40.989395
red_171,-76.71440833,38.732405
red_171,-75.4953713368,45.5033153622
red_171,-73.3413948,42.7508272
red_171,-73.9876275794,41.5032587012
red_171,-73.181986,42.718017
red_171,-74.895425,39.6269138889
red_171,-76.9814916667,38.9406138883
red_171,-74.6737058088,41.7359583196
red_171,-76.0826997086,45.3072492589
red_171,-75.0806072974,40.1768770076
red_171,-75.1384204418,40.2114849744
red_171,-75.446922,40.1017506
red_171,-75.3691022755,41.588246648
red_171,-74.9447209048,39.0019123943
red_171,-75.070116,40.266362
red_171,-75.6364675511,45.5307545847
red_171,-74.2146247222,46.3422513889
red_171,-75.7564,40.188525
red_171,-75.2252266667,45.206865
red_171,-75.8067359139,45.3889562001
red_171,-74.2215240934,40.5080800038
red_171,-76.5376918187,44.2290932799
red_171,-73.907775,42.0335695
red_171,-73.907775,42.0335695
red_171,-76.5506479517,39.3672672371
red_171,-75.7524388889,45.41855
red_171,-73.3375203728,42.4325464734
red_171,-75.2568249186,40.0521096578
red_171,-73.8755461,45.1000881
red_171,-73.9357837,40.7690919
red_171,-75.2995416667,43.1045305556
red_171,-73.9896863611,40.9604596437
red_171,-73.9897061928,40.960339315
red_171,-73.0489194444,43.192325
red_171,-73.0486833333,43.1921166667
red_171,-74.5787578553,40.7768771781
red_171,-75.2532116667,40.054725
red_171,-74.214795,46.3371147222
red_171,-74.9360389,38.9385383
red_171,-76.1014862061,36.9032592773
red_171,-76.22241,45.2035383333
red_171,-74.0061659878,40.8648491801
red_171,-73.3413948,42.7508272
red_171,-76.484325,42.432395
red_171,-74.17513628,40.64069644
red_171,-73.0655388889,41.7929805556
red_171,-76.4352166667,42.4561027778
red_171,-74.29962453,46.42881682
red_171,-74.0067628689,40.9018053844
red_171,-73.84609167,40.768725
red_171,-75.0877416667,38.7734183333
red_171,-73.90777,42.0336445
red_171,-76.5314148366,40.4805997263
red_171,-76.7080200062,44.6646135672
red_171,-73.9899934977,40.9604150549
red_171,-76.9321197997,39.1116688997
red_171,-73.342501,45.546267
red_171,-74.2102827878,42.200893494
red_171,-73.9648565595,40.6695167132
red_171,-75.64506473,39.68674862
red_171,-76.0993760079,36.90341713
red_171,-73.8747472763,40.5670085142
red_171,-74.09132608,41.46145097
red_171,-73.8948757957,40.5847889802
red_171,-73.2421367,41.13410153
red_171,-76.6415532758,40.2613203032
red_171,-76.7108697387,38.8114007661
red_171,-75.0635985845,38.5201917636
red_171,-73.7134406157,42.0907404413
red_171,-73.7134599779,42.0906761941
red_171,-75.2873919722,40.0742869722
red_171,-76.7995102604,39.4111234056
red_171,-74.0066178866,40.8998315445
red_171,-76.2243096805,45.2045382268
red_171,-75.682227265,39.7285581316
red_171,-76.2211275101,39.0383196617
red_171,-74.024541573,41.1757702479
red_171,-76.5905196,38.4922118
red_171,-76.2837744422,39.8103638659
red_171,-73.9113466667,42.0341555
red_171,-73.147785,44.43001
red_171,-73.82943,40.75088
red_171,-73.99210357,40.95874786
red_171,-75.8544030097,45.2778474838
red_171,-76.7957611111,44.3381583333
red_171,-73.8554000854,43.3251457214
red_171,-75.6445732335,39.8101714038
red_171,-73.1477138889,44.4300472222
red_171,-75.6233027778,38.3164222222
red_171,-73.725175,41.503205
red_171,-74.1651,45.0178083333
red_171,-75.84327,45.302975
red_171,-73.9898949593,40.9599435514
red_171,-75.0738878615,40.2103563068
red_171,-74.9799692369,40.1351681339
red_171,-75.4562944367,40.0858793602
red_171,-75.642965,44.88402
red_171,-75.7868473176,45.3728173631
red_171,-75.67721417,39.84201657
red_171,-75.1419054252,39.9325131113
red_171,-73.9075241086,45.4597206114
red_171,-73.5501895191,45.6195809347
red_171,-76.486525,42.346405
red_171,-76.8190621123,40.2609973183
red_171,-75.6548616667,44.8851883333
red_171,-75.6469433333,44.8880783333
red_171,-75.1394443164,40.2210938714
red_171,-76.543005,41.0943528333
red_171,-75.1423638333,39.9379533333
red_171,-73.6564384244,45.558236956
red_171,-73.6565568277,45.5581843561
red_171,-75.6658641473,39.946534939
red_171,-74.2062839493,46.0307766167
red_171,-74.0059243709,40.8651751859
red_171,-76.2375888951,44.7776846166
red_171,-75.68068,45.4226833333
red_171,-75.7091903687,39.7448577881
red_171,-75.1962966667,40.0559221667
red_171,-76.9011524879,40.2664346807
red_171,-75.7909166667,45.3745833333
red_171,-75.529775,40.0036027778
red_171,-76.3941345215,42.4954185486
red_171,-73.1484222222,44.4296888889
red_171,-75.257603936,39.8926916533
red_171,-75.2575619426,39.8925266555
red_171,-73.2396,43.3035783333
red_171,-73.239495,43.30353
red_171,-73.1489638889,44.429675
red_171,-75.483402538,39.8108387299
red_171,-75.2576533333,39.8925383333
red_171,-75.9280857816,40.6913663498
red_171,-73.6388888889,45.5533333333
red_171,-74.2488729036,45.4834690389
red_171,-75.75365085,41.19122586
red_171,-76.0330666667,36.9083133333
red_171,-75.228906358,40.0685086835
red_171,-73.227668706,42.4247258341
red_171,-74.1694444444,45.4652777778
red_171,-74.1261528333,45.473555
red_171,-75.826571909,45.3436935616
red_171,-73.5152511389,45.6784858611
red_171,-75.6493233333,44.8842216667
red_171,-75.2240083333,45.20811
red_171,-73.147575,44.4300472222
red_171,-73.0501011,44.6358239
red_171,-75.5037096153,45.5098740664
red_171,-75.766426,44.687531
red_171,-73.0075598767,44.7056764875
red_171,-73.1610079855,44.3867470894
red_171,-74.4897079468,39.4881858826
red_171,-75.7748083333,39.3254694444
red_171,-76.5135271847,38.4017039394
red_171,-73.785279,43.4962827
red_171,-75.1686384857,40.051664505
red_171,-75.1958358655,39.9741977039
red_171,-76.4215383467,38.18833546
red_171,-75.19355,38.3871583333
red_171,-73.8764737117,42.7244008796
red_171,-73.2510222222,44.5314777778
red_171,-73.0533528333,43.7449616667
red_171,-74.1259521178,41.0043555333
red_171,-73.7404928461,40.7417430114
red_171,-75.5057759722,38.196244
red_171,-74.563725599,39.3767129183
red_171,-74.732995,42.19748
red_171,-76.6335,39.2205366667
red_171,-76.5099105835,42.4505386353
red_171,-75.1086277778,38.3985583333
red_171,-75.1253361111,38.4061222222
red_171,-76.6926716667,38.7661466667
red_171,-73.6882314552,43.3683278924
red_171,-73.322105,43.713996
red_171,-76.5761723776,39.0446729935
red_171,-75.2365637208,40.0778908127
red_171,-74.3793209642,39.8873071078
red_171,-73.3402413409,44.6928005715
red_171,-73.3407324052,44.6927985386
red_171,-76.6937033333,38.7647783333
red_171,-76.12655,38.8588555556
red_171,-76.7747498676,40.4513237169
red_171,-75.9477379918,40.6814440189
red_171,-75.7500323437,38.1485719093
red_171,-75.7500179717,38.1486290147
red_171,-73.9453268051,41.0517187866
red_171,-76.9391300457,38.9359868268
red_171,-76.9378447118,38.933984135
red_171,-76.6222960008,39.2965035246
red_171,-73.9643520703,40.6570819454
red_171,-75.68522035,41.04253016
red_171,-74.0048758064,40.9011090895
red_171,-76.94838921,38.9705849
red_171,-76.2243096805,45.2045382268
red_171,-73.5968443997,42.2750625997
red_171,-76.4848038333,38.9965245278
red_171,-76.59882143,39.34124526
red_171,-74.0125722778,40.9897476263
red_171,-75.9082716667,38.1595528333
red_171,-74.5319533333,39.8808166667
red_171,-75.6612255085,39.7972284276
red_171,-73.9827449888,40.9745731885
red_171,-73.85527,41.0891305
red_171,-74.25734534,43.13305096
red_171,-73.0604783333,42.5238616667
red_171,-74.436134845,44.2201252785
red_171,-74.1258973993,41.0045325804
red_171,-73.9898697458,40.9600832823
red_171,-73.9898614998,40.9601767933
red_171,-76.4951305556,42.3143055556
red_171,-75.25335,40.0536195
red_171,-75.877664827,38.175379957
red_171,-75.4282,38.1625945
red_171,-75.4357916667,38.1715283333
red_171,-75.2988583333,40.1161695
red_171,-75.7342416667,38.7559944444
red_171,-73.0635028926,43.6195035345
red_171,-74.9011259526,40.3207847688
red_171,-74.9011735618,40.3208159551
red_171,-75.387693,39.916778
red_171,-75.2925415128,40.2036388334
red_171,-73.2250583333,42.1218221667
red_171,-76.9091696944,43.2887701778
red_171,-74.3779533333,39.887195
red_171,-74.37815,39.88705
red_171,-74.9583876767,38.9351785867
red_171,-75.0796583333,40.1400666667
red_171,-75.9513138889,38.6819055556
red_171,-74.34742,41.1839716667
red_171,-76.976675,45.2404
red_171,-76.9592933333,45.242835
red_171,-73.1633351465,44.9430703092
red_171,-75.7742138889,38.6998972222
red_171,-75.7739194444,38.7010833333
red_171,-73.886755,40.68618
red_171,-75.7319509496,38.1171214319
red_171,-73.1483166667,44.4297722222
red_171,-74.7490921021,41.2272148132
red_171,-76.2545051283,35.9148804
red_171,-76.2550701083,35.9146539283
red_171,-74.3789,39.8872033333
red_171,-75.2493486795,40.1692784814
red_171,-76.2244237,39.0311059
red_171,-74.9488310718,38.9338454982
red_171,-75.6285153,38.3710186
red_171,-75.7115550712,35.9386582762
red_171,-75.419428,40.337672
red_171,-73.1477277778,44.4300388889
red_171,-74.1233395419,40.5858842671
red_171,-74.1229555,40.5880166667
red_171,-74.1658215,41.7605592
red_171,-75.9734315,37.1663899997
red_171,-76.5980498646,39.3806611182
red_171,-75.9872064997,37.1669222
red_171,-73.9896258141,40.9602721713
red_171,-73.9898227296,40.9601729783
red_171,-73.9894767094,40.9603709898
red_171,-76.7983067036,39.2673141488
red_171,-74.1234361667,40.5859033333
red_171,-76.8594150525,40.4428769695
red_171,-73.3563683555,42.0517735326
red_171,-76.1227195,38.8432716667
red_171,-73.9263842685,44.2408843174
red_171,-73.663293,45.649029
red_171,-75.29898,40.1112445
red_171,-76.777655,37.20935
red_171,-73.9263423,44.2412103
red_171,-73.6269491906,43.470250022
red_171,-76.7018661499,39.1576499939
red_171,-74.1457445,42.5188533333
red_171,-73.1552550658,46.0064773828
red_171,-73.4644177929,40.6799526886
red_171,-73.4644418407,40.6799469532
red_171,-74.1257461319,41.0045092737
red_171,-73.9501716667,40.7097283333
red_171,-75.9621384367,44.3502325192
red_171,-75.00601,40.21156
red_171,-74.0079494606,40.8930169222
red_171,-74.0079669686,40.8930174444
red_171,-76.8626716667,38.1020583333
red_171,-73.2047287822,44.4766627618
red_171,-76.5109332894,38.4000739487
red_171,-73.3798833333,44.7805283333
red_171,-73.4748306274,41.3952636719
red_171,-76.838275,39.415525
red_171,-73.28519917,42.51155009
red_171,-74.1118856026,41.2152400111
red_171,-73.26217874,44.51893899
red_171,-73.26101484,44.51758285
red_171,-76.6137609722,39.1460719722
red_171,-73.8795519993,45.7089525585
red_171,-73.2075887076,44.952837221
red_171,-76.27527,37.0827638333
red_171,-74.0268695,40.6451716667
red_171,-75.8795333333,38.7606944444
red_171,-75.4712600965,39.273645657
red_171,-76.0910797119,38.4447631836
red_171,-75.7958501814,40.20818213
red_171,-76.2132797241,43.7646179199
red_171,-73.4590833333,40.85457
red_171,-74.99154281,44.66404536
red_171,-76.8153611111,40.405125
red_171,-76.9916533333,38.9212333333
red_171,-73.5863633333,40.8739383333
red_171,-76.647620998,38.5133495
red_171,-73.4020614,43.5794893
red_171,-73.0640360713,41.2306742243
red_171,-73.1816368745,43.60239601
red_171,-73.1837477536,43.6032943475
red_171,-73.1836686284,43.6031610333
red_171,-76.4544916667,42.479305
red_171,-73.1741027778,42.8114055556
red_171,-75.2086178671,45.5931990951
red_171,-73.0530388889,44.6278527778
red_171,-75.8488533333,42.3833616667
red_171,-75.0618273448,40.2909579648
red_171,-75.0621514514,40.2905082714
red_171,-88.727817,41.83409
red_171,-91.868806,44.729272
red_171,-87.955471,43.424624
red_171,-87.088612,41.64494
red_171,-87.863182,41.772136
red_171,-91.534723,46.016666
red_171,-91.18145243,30.4534519
red_171,-91.18110521,30.45307116
red_171,-91.9172222222,44.8627777778
red_171,-91.916736,44.863177
red_171,-91.7886111111,44.9469444444
red_171,-88.1316305,41.3721
red_171,-88.2974388889,41.7192733333
red_171,-89.3435833333,41.8829783333
red_171,-87.945929,43.128467
red_171,-88.194941,41.255371
red_171,-91.1782616667,45.1812283333
red_171,-88.3085466667,41.8063666667
red_171,-92.5236866667,38.9456966667
red_171,-93.21551,39.0151016667
red_171,-87.9962216667,41.1423333333
red_171,-94.34145,45.47747
red_171,-88.1597900391,41.3564532376
red_171,-88.2911397424,40.1141066244
red_171,-88.693405,37.7906333333
red_171,-93.571054101,42.0932434899
red_171,-87.861712,41.772414
red_171,-88.5982496,42.2839867
red_171,-94.078028868,32.6818171062
red_171,-88.0552025022,42.0239200371
red_171,-88.550127,45.265023
red_171,-88.57024,45.333604
red_171,-87.585221,45.083095
red_171,-87.700645,41.9074333333
red_171,-88.3254861832,42.4190664962
red_171,-87.903585434,41.8367958868
red_171,-87.8847151995,41.1452737662
red_171,-88.714536,42.087695
red_171,-87.1243836,45.0674343
red_171,-87.7396863699,41.9813564255
red_171,-87.3746538162,52.9503056817
red_171,-92.502425,44.0266445
red_171,-92.0850529,46.8177018
red_171,-86.7678979149,33.185919497
red_171,-87.5927966667,34.9451783333
red_171,-86.7871866667,48.7908633333
red_171,-89.2363451701,37.7245812631
red_171,-89.3061216667,48.3944533333
red_171,-87.6814909001,41.9140822348
red_171,-92.1079871619,46.8154197779
red_171,-92.1082166211,46.8139114883
red_171,-92.139018774,46.7678876219
red_171,-92.1377332416,46.767075006
red_171,-93.41403803,44.96646758
red_171,-92.5380477905,43.572845459
red_171,-88.3446371556,36.8797303923
red_171,-92.1080245972,46.8143157959
red_171,-86.7118360475,50.1641999837
red_171,-88.2174360782,41.359176811
red_171,-88.1317408982,41.7246419847
red_171,-87.5760633333,41.7114666667
red_171,-87.5669783333,41.6856833333
red_171,-87.5752716667,41.6942366667
red_171,-87.9841228349,41.5469253266
red_171,-87.3873484601,46.3501054142
red_171,-93.6503055556,51.7239805556
red_171,-89.2626944444,48.980725
red_171,-89.802425,43.106895
red_171,-89.806979,43.104249
red_171,-92.0713883333,46.1226916667
red_171,-88.3648859884,48.5135218005
red_171,-88.3580288432,48.5224456481
red_171,-87.9035,30.5233333333
red_171,-88.024568,43.436948
red_171,-87.3911366667,41.6211083333
red_171,-88.2661406283,41.7490360641
red_171,-89.846010051,48.1068193613
red_171,-86.1495113745,48.6815094339
red_171,-89.1526009887,31.3696455361
red_171,-89.8417966667,43.032425
red_171,-94.5171203613,46.8355865479
red_171,-88.3812908828,44.2888021488
red_171,-88.457076415,42.8314472386
red_171,-86.5945802629,39.1591999483
red_171,-94.7195583333,29.8767616667
red_171,-94.7194216667,29.8768916667
red_171,-92.0163277833,46.8605916667
red_171,-87.999825,46.96288
red_171,-93.0880445,44.6873666667
red_171,-89.440509,43.2352539722
red_171,-89.417555,41.333205
red_171,-93.4555108644,46.6496952676
red_171,-87.7431488037,41.6930503845
red_171,-89.5954899722,43.072403
red_171,-88.334938623,47.3543452439
red_171,-88.4564397105,42.8384396031
red_171,-88.375382,42.95362
red_171,-87.3465888889,52.9578277778
red_171,-88.092003,41.815395
red_171,-88.0757403374,41.8401370807
red_171,-88.0757403374,41.8401370807
red_171,-90.52405223,38.82303124
red_171,-90.2684597,42.2427118
red_171,-92.602497451,36.2574268374
red_171,-93.58171167,30.78776667
red_171,-88.07978069,42.41015843
red_171,-93.511755,34.55171167
red_171,-92.493904,35.073064
red_171,-88.1676416667,42.8943805556
red_171,-87.7274014336,42.0681043994
red_171,-87.064227,34.2618769722
red_171,-89.43077573,43.04059415
red_171,-90.2687666667,42.2413305556
red_171,-89.0065933485,42.3429424782
red_171,-88.40425,43.10824167
red_171,-92.4959879722,35.073489
red_171,-89.92507167,38.675195
red_171,-91.34245103,30.89812449
red_171,-92.462342,35.097599
red_171,-87.8308201918,42.1396312085
red_171,-89.3701299444,42.09710875
red_171,-89.3437081944,41.8840565278
red_171,-91.02920953,41.43546708
red_171,-89.73977,43.363245
red_171,-89.7398,43.363095
red_171,-87.931850385,41.828479073
red_171,-88.021646718,43.1944587152
red_171,-88.085225837,43.0485554497
red_171,-87.41757296,46.53474467
red_171,-86.5027638056,39.733472875
red_171,-89.6808600426,42.9588095144
red_171,-87.17864167,34.44492
red_171,-93.759179,41.564075
red_171,-87.8880929217,43.0872016125
red_171,-87.8962686686,43.0278648179
red_171,-89.00772778,42.18679667
red_171,-89.59799167,34.482955
red_171,-87.4127193913,46.5154548441
red_171,-88.4150874061,43.111019247
red_171,-92.38569282,38.9420557162
red_171,-89.0825653263,42.4177446776
red_171,-88.99195,42.20670833
red_171,-87.79297188,42.01031292
red_171,-89.361105,41.98366167
red_171,-87.8406249359,42.2586342759
red_171,-89.0563345144,41.9010488777
red_171,-89.3465155789,42.040085181
red_171,-90.3107753077,38.5840527646
red_171,-86.2419444444,39.1983333333
red_171,-92.6122036931,47.023536917
red_171,-89.00440278,42.42341167
red_171,-89.08535,42.448945
red_171,-88.0139856311,43.1942872197
red_171,-87.3814566,40.1563915997
red_171,-88.3743889336,44.3013025148
red_171,-89.7538073028,43.474149424
red_171,-89.7538099436,43.4741487008
red_171,-89.7538111576,43.4741480584
red_171,-90.2684783936,42.242720315
red_171,-89.1851972222,48.4524305556
red_171,-93.11622588,34.9033745604
red_171,-93.6441666667,41.5766666667
red_171,-87.4381,46.5678138889
red_171,-94.7787016667,32.201305
red_171,-87.8941416667,43.0594971667
red_171,-93.9162,36.81425
red_171,-90.2838272872,38.6355312284
red_171,-87.7421222222,41.9548083333
red_171,-87.8830950827,43.0757554178
red_171,-94.3355785278,46.4225185833
red_171,-93.29722,44.922405
red_171,-89.578705933,34.3546590535
red_171,-90.2837724531,38.6354642522
red_171,-90.2842264652,38.6364553772
red_171,-93.9313366667,38.7316966667
red_171,-93.4523694803,45.1333490361
red_171,-86.2700103925,41.7561594073
red_171,-89.3908615112,43.0543212891
red_171,-94.473347,48.72226
red_171,-89.3539966667,43.0948
red_171,-87.8948583333,43.03065
red_171,-88.32766231,36.57550461
red_171,-88.1543583333,39.4481383333
red_171,-87.9461583333,43.1296278333
red_171,-91.6660294368,41.9887762405
red_171,-94.9827416667,41.4284466667
red_171,-86.050661024,39.6102308992
red_171,-91.5059883333,38.8725883333
red_171,-88.4127653484,43.0388408946
red_171,-87.985615884,43.2695851182
red_171,-89.3327415415,48.300457584
red_171,-87.6928267394,42.0232795784
red_171,-92.2218287598,45.8041597199
red_171,-93.2216116667,44.9642666667
red_171,-90.5580833333,38.5970583333
red_171,-91.6327579722,44.058408
red_171,-88.9412121705,48.5363965168
red_171,-87.8075263889,42.0939227778
red_171,-93.6412277222,41.5677833557
red_171,-93.3246703812,44.7730428967
red_171,-92.1721541137,47.099561074
red_171,-88.706259,43.187099
red_171,-94.35691,45.47395
red_171,-91.5269899688,41.6252406593
red_171,-87.381216028,41.2206832943
red_171,-87.54865944,41.63683876
red_171,-87.54882389,41.63618766
red_171,-92.8113866,46.3076183
red_171,-89.2433566069,48.4269483565
red_171,-86.5353487647,33.469339028
red_171,-88.8403083333,43.4835166667
red_171,-94.1939824,46.37118368
red_171,-88.3366840705,42.034624879
red_171,-89.5271184567,43.1050196329
red_171,-88.1902567778,42.3425578889
red_171,-89.4881395,45.9126255997
red_171,-94.90713,30.71432
red_171,-91.602608487,42.066177483
red_171,-93.2194520556,43.1390981667
red_171,-86.1688888889,39.7675611111
red_171,-89.6476724371,48.505628861
red_171,-93.37641265,44.8573306
red_171,-87.901130638,43.1793800008
red_171,-88.2160009977,41.3832089124
red_171,-86.9060715,39.4987279
red_171,-88.551669158,44.0228889659
red_171,-88.0179847735,44.6361165394
red_171,-89.9495951596,43.338000974
red_171,-89.6760917296,30.252754558
red_171,-87.3618742,37.316522
red_171,-86.2539,34.067075
red_171,-88.2679776581,40.1205992958
red_171,-86.8173861111,33.9172277778
red_171,-86.7001588802,36.1871474719
red_171,-89.6178494872,30.3822517898
red_171,-86.8934859722,36.26192
red_171,-91.4248849556,31.3522037287
red_171,-88.3073348999,43.1524658203
red_171,-92.7835289619,45.0060485318
red_171,-87.437549006,41.6080209959
red_171,-87.863844,42.081975
red_171,-89.8520910089,34.9220762216
red_171,-87.4380557279,46.5676281979
red_171,-86.913025,41.6869366667
red_171,-88.4084041604,43.1119914819
red_171,-87.9661464402,43.0272673097
red_171,-89.1589631662,45.8546764855
red_171,-89.165989,42.169136
red_171,-87.9028307,41.8372729
red_171,-90.157315,32.32468
red_171,-87.90981647,42.77033258
red_171,-89.2797393799,43.0888748169
red_171,-87.7851290028,41.5761547547
red_171,-88.0178611667,43.199795
red_171,-89.93422,30.9519783333
red_171,-92.645800571,47.1326990363
red_171,-92.2260131836,38.5922584534
red_171,-90.3401895985,38.4493884334
red_171,-89.7012833997,41.7855472997
red_171,-88.5579,30.3447533333
red_171,-87.6978027778,39.3463861111
red_171,-88.1829140258,48.9827418483
red_171,-88.0852583333,43.04855
red_171,-89.9657133333,34.9594783333
red_171,-94.4000089722,46.532079
red_171,-90.7093644887,38.0958544809
red_171,-93.7505295128,38.7514487392
red_171,-93.7504413351,38.7513778804
red_171,-88.1689626072,41.7772530299
red_171,-89.6275705,30.3279068
red_171,-92.3654754,38.9228716
red_171,-94.1667628445,36.0603853581
red_171,-94.3327418,36.49282591
red_171,-87.7590523819,41.5453521017
red_171,-89.52703,34.3689783333
red_171,-86.280139,39.959037
red_171,-91.4837272691,46.0252690105
red_171,-91.4844100253,46.0259879778
red_171,-87.7227555556,41.9892694444
red_171,-86.8502777778,33.6043138889
red_171,-93.7648290396,38.7575951428
red_171,-92.607025,30.2753716667
red_171,-91.5029866667,32.0936383333
red_171,-92.8754653894,45.680830585
red_171,-88.242369,41.950834
red_171,-92.7654741704,45.2250599319
red_171,-93.0672305,45.4618216667
red_171,-89.6863797,33.2911307997
red_171,-88.2169033333,34.977055
red_171,-88.19825,34.990025
red_171,-87.9682146903,43.2615993061
red_171,-90.3612583333,40.8080133333
red_171,-88.4553956539,48.1710404362
red_171,-88.1960559722,41.25974
red_171,-88.1959449722,41.2589439722
red_171,-88.1702942,41.2658811
red_171,-86.1429972222,40.4347222222
red_171,-91.5140057,41.6649698
red_171,-88.0602442997,41.6719494997
red_171,-88.0368909722,41.677753
red_171,-87.7250637518,43.7881206282
red_171,-89.0625839233,30.3761291504
red_171,-94.6782137454,39.1852986301
red_171,-87.6794719505,33.5495698206
red_171,-89.7081545368,44.4147271032
red_171,-94.838854097,47.4839694134
red_171,-88.035325,42.926605
red_171,-86.9023009722,36.273564
red_171,-89.63108215,30.2724895167
red_171,-88.54493,30.3445866667
red_171,-86.2162116667,39.166725
red_171,-88.4272216667,34.2562666667
red_171,-86.3067406166,41.3394010065
red_171,-86.1333783723,40.4435442195
red_171,-86.1332881913,40.4436965186
red_171,-89.1668832,42.1928509997
red_171,-88.8253695035,33.4693085344
red_171,-87.8206472222,42.2525555556
red_171,-93.32567,44.2886083333
red_171,-89.7858581319,44.1265113061
red_171,-86.8909055556,33.3693694444
red_171,-90.7081541997,44.0232123997
red_171,-88.265392296,33.7283450459
red_171,-88.3199223147,34.5231029078
red_171,-89.7154241167,31.1966964667
red_171,-88.31840284,41.82209902
red_171,-88.31756043,41.82259517
red_171,-90.1409305556,38.866925
red_171,-86.097125793,38.6054824898
red_171,-91.66807664,47.01651197
red_171,-89.7166011482,44.3515632585
red_171,-94.67764151,39.19647623
red_171,-88.7895460253,30.3952863632
red_171,-92.7329823467,45.6866185599
red_171,-93.0049632,45.1318197
red_171,-91.65532388,42.02264272
red_171,-88.3351534,36.85440107
red_171,-87.963142395,42.2865905762
red_171,-93.2893133333,44.9716083333
red_171,-91.5891863673,41.9665379349
red_171,-92.2918949722,44.5225229722
red_171,-89.4694666667,43.0324666667
red_171,-93.2162693461,44.8607293782
red_171,-92.0791813137,44.9587112684
red_171,-93.2463912964,44.8334159851
red_171,-91.73384282,42.0159154
red_171,-93.1609970704,44.8222217895
red_171,-93.7418670654,41.6644821167
red_171,-87.0312361667,40.4175333333
red_171,-86.5570907593,39.1276855469
red_171,-89.9872940406,29.2366117062
red_171,-91.0684381798,31.0896188605
red_171,-91.5327065276,41.6771962207
red_171,-89.5107949968,43.088534467
red_171,-88.9644181836,42.1986439418
red_171,-89.7998469722,33.7982039722
red_171,-93.2038258792,44.1007283397
red_171,-88.9299257258,30.8342103464
red_171,-88.5371832721,42.5857311217
red_171,-89.9523616667,29.8951916667
red_171,-89.4358455741,43.085223289
red_171,-94.71547,47.0199695
red_171,-90.3696865216,30.0564374527
red_171,-86.4923277778,36.9830583333
red_171,-87.8092186153,42.4207817946
red_171,-86.4906083333,31.1026333333
red_171,-90.0311892225,31.1916521888
red_171,-88.4683914185,33.5065040588
red_171,-88.1959314268,41.2595353144
red_171,-88.1959431541,41.2595105626
red_171,-87.8608388889,42.1955222222
red_171,-94.8025533333,38.986325
red_171,-93.3776253462,44.9662238519
red_171,-93.3776253462,44.9662238519
red_171,-88.8631710359,30.3989408324
red_171,-88.8631710359,30.3989408324
red_171,-86.3031453009,40.0036178341
red_171,-86.6616790742,46.4662853372
red_171,-88.4145571523,43.1115881888
red_171,-88.4145571523,43.1115881888
red_171,-90.8828223307,41.4694712336
red_171,-87.3884299722,37.9390319722
red_171,-87.7923294675,42.0899628539
red_171,-87.7394943237,40.1612854004
red_171,-88.7041883333,39.0614783333
red_171,-88.70545,39.0622433333
red_171,-94.4382989503,32.8480117973
red_171,-94.4328530004,32.848344845
red_171,-90.126175,29.9948466667
red_171,-89.5983255908,34.483805539
red_171,-93.7663533333,36.4285266667
red_171,-86.2038315,39.8177964
red_171,-120.0380953772,38.804594374
red_171,-120.0342636108,38.8145103455
red_171,-120.6686782837,39.7162719523
red_171,-118.330853,34.119769
red_171,-117.421746,38.805404
red_171,-118.395678,36.753271
red_171,-120.27886,39.23248
red_171,-120.27886,39.23248
red_171,-118.576708137,35.7892908097
red_171,-117.3086111111,45.2986111111
red_171,-117.62277994,34.24826378
red_171,-117.079305,32.8244266667
red_171,-118.1663,34.2031
red_171,-120.5377777778,44.3808333333
red_171,-118.3654121776,35.9144964069
red_171,-117.7170360088,33.5670710289
red_171,-120.2408333333,38.9955555556
red_171,-119.956991673,49.3913541052
red_171,-119.1515350342,37.3238494931
red_171,-120.406007,39.141259
red_171,-118.4369120428,33.3993523927
red_171,-120.3042222222,39.3230777778
red_171,-120.3047166667,39.3229027778
red_171,-120.3094111111,39.3219111111
red_171,-117.417077534,33.9703200013
red_171,-118.9714918292,36.7481935401
red_171,-120.6385803223,39.4000282288
red_171,-118.95998,37.0944183333
red_171,-118.0126111167,52.8143583333
red_171,-120.0008866936,38.7834271006
red_171,-120.8650236112,35.3683088394
red_171,-120.8651018142,35.3684054439
red_171,-118.170098,45.830484
red_171,-119.49028,37.812345
red_171,-119.124973,34.814164
red_171,-120.1089388889,38.8234027778
red_171,-119.49122,37.84200833
red_171,-119.9276991555,39.3026474504
red_171,-120.67247,39.6841133333
red_171,-119.5839833333,37.7236283333
red_171,-117.0133770621,34.1032344706
red_171,-117.0133610466,34.1031985177
red_171,-117.013267402,34.1030227956
red_171,-119.3582909369,37.8792011831
red_171,-119.0432195,49.31033
red_171,-119.3675616667,37.8721716667
red_171,-119.3735966667,37.87178
red_171,-119.6387466667,34.4556466667
red_171,-118.8673866667,36.6995
red_171,-120.6526805556,39.4191805556
red_171,-119.9259269146,39.3295692047
red_171,-117.01334445,34.1030083333
red_171,-117.2046966667,52.22805
red_171,-119.92298,39.3337383333
red_171,-119.4653048941,37.8258803913
red_171,-119.5839614868,37.7236213684
red_171,-119.6273723886,37.8344317653
red_171,-120.575176,47.251041
red_171,-117.132911,52.196165
red_171,-117.883617,52.664801
red_171,-118.126714,52.833462
red_171,-117.6781688725,33.7541658897
red_171,-118.0827092031,52.9245981762
red_171,-118.0347278333,52.9128616667
red_171,-120.0803199916,38.8765064871
red_171,-120.902382047,47.3801547289
red_171,-117.6288365945,33.5936951746
red_171,-120.9712663294,39.2499777116
red_171,-117.6275293372,40.903381011
red_171,-119.8958969116,38.3125724792
red_171,-118.4095839638,34.3090139481
red_171,-118.1081083333,52.8697866667
red_171,-120.499426201,38.631038935
red_171,-117.22695888,32.75664475
red_171,-117.9246000471,34.3462510497
red_171,-119.5409383333,37.7261916667
red_171,-118.8542416667,37.5948533333
red_171,-119.8519444444,38.8452777778
red_171,-120.9334286421,39.1251806787
red_171,-118.9348369637,34.0452442091
red_171,-117.90657,34.3552866667
red_171,-117.2532666667,32.92058
red_171,-118.5603972181,37.1787826145
red_171,-118.7182827038,37.8965979328
red_171,-119.3722933524,37.8443016839
red_171,-119.3722933524,37.8443016839
red_171,-119.1747731298,38.0323113364
red_171,-120.6374900915,39.2681065105
red_171,-120.868363,47.397971
red_171,-118.370575,35.90448
red_171,-120.1727153963,53.9971817257
red_171,-120.7558819401,48.5074174067
red_171,-120.3519338742,38.2609513214
red_171,-120.2082027778,49.0789805556
red_171,-117.4377833333,33.6105694444
red_171,-118.0029569722,52.9202889722
red_171,-120.0769138889,38.8105805556
red_171,-120.5336204264,47.3157716542
red_171,-119.28412,34.50629667
red_171,-120.33601333,44.42878667
red_171,-118.0989059722,52.9257029722
red_171,-119.1136329722,37.0437709722
red_171,-119.3825852472,34.5064336333
red_171,-119.66012,34.4712
red_171,-118.00363055,52.7734083333
red_171,-120.937425,47.43756333
red_171,-120.721170355,38.6195479423
red_171,-120.82463,35.31881667
red_171,-117.02829717,33.34887833
red_171,-119.57485833,37.74658333
red_171,-118.7663327024,37.4173243937
red_171,-120.2214785508,38.0590454206
red_171,-117.43662167,33.623405
red_171,-119.67220333,37.89030833
red_171,-119.0945678368,50.5770015415
red_171,-117.3992839722,47.560397
red_171,-118.0918501986,52.9262469681
red_171,-120.50101333,47.31713
red_171,-118.0856804922,45.7988560511
red_171,-118.7748943829,34.0344895469
red_171,-119.7094861111,34.4578194444
red_171,-118.50705107,45.59868706
red_171,-120.8653440514,35.3682537703
red_171,-119.4879924658,37.4098459963
red_171,-120.25408,38.81298
red_171,-117.52916667,49.40297833
red_171,-120.2253894601,38.8677633415
red_171,-117.1494446534,32.7401689302
red_171,-119.24488833,34.46314667
red_171,-119.2827724526,37.091223779
red_171,-118.71389667,37.44247833
red_171,-118.37151333,35.90325333
red_171,-119.90638,38.167705
red_171,-118.542022,36.12203104
red_171,-118.69360871,42.68092804
red_171,-117.22473833,52.21829667
red_171,-120.7230432474,47.357245908
red_171,-120.7175426557,47.3597231033
red_171,-119.3808864713,37.8332932063
red_171,-117.8415137251,48.7720542402
red_171,-120.2677348128,38.2448659299
red_171,-120.50003,47.31708333
red_171,-118.1087792504,52.8462077353
red_171,-120.2973781823,39.0065198389
red_171,-118.58721167,36.45308333
red_171,-118.6269570428,37.2208196091
red_171,-119.584331587,37.7230054404
red_171,-119.0892772603,49.1748132946
red_171,-117.0330147073,34.0943812052
red_171,-120.6661694444,39.6953138889
red_171,-118.1457516667,36.1793733333
red_171,-119.3407053121,37.0940711831
red_171,-119.833171,39.307705
red_171,-119.8564833333,47.8597333333
red_171,-118.0902256777,53.0118950027
red_171,-117.5508566667,33.5412216667
red_171,-120.10195397,38.93550591
red_171,-118.3743283333,44.56948
red_171,-117.6391883333,34.2818483333
red_171,-119.2947181873,50.114120181
red_171,-119.2965778859,50.1081194697
red_171,-119.301189966,50.1035677902
red_171,-119.0218111667,37.609455
red_171,-118.5242170188,34.6493340534
red_171,-117.8441616667,34.3560033333
red_171,-119.9907890121,38.9081184184
red_171,-119.43257833,49.88818
red_171,-120.5980698086,49.6902638245
red_171,-120.135055542,39.2235984802
red_171,-119.89826006,49.3926193
red_171,-119.90383,39.1053666667
red_171,-118.912155,36.7095416667
red_171,-120.0000833333,38.940225
red_171,-120.1653971667,39.1319195
red_171,-120.1090305,38.95573
red_171,-120.1090778333,38.9557833333
red_171,-120.107228896,50.7453330962
red_171,-120.8171083333,39.3524966667
red_171,-120.6611111015,51.4933334334
red_171,-119.903825,39.1052945
red_171,-117.744184,46.004798
red_171,-118.6382704931,34.0384835148
red_171,-120.8503583333,47.5253633333
red_171,-119.9069479722,39.3100039722
red_171,-119.9951980636,38.6819715787
red_171,-120.14252856,39.22828458
red_171,-117.24128,52.2441866667
red_171,-117.20118,52.2033533333
red_171,-119.652187523,34.4623712256
red_171,-119.2476589722,37.2097899722
red_171,-118.0378261093,52.9085141356
red_171,-120.0423286,38.8465897
red_171,-119.9302927965,39.1221652134
red_171,-117.6527633333,34.2404333333
red_171,-120.0231207264,38.8220288395
red_171,-120.0277229567,38.8744388571
red_171,-120.3877868652,39.3038291931
red_171,-117.74534981,53.11627223
red_171,-119.6621715495,38.3169026817
red_171,-120.1086278333,38.9561366667
red_171,-119.9188083333,39.275105
red_171,-119.999955,38.77698
red_171,-117.6432437388,52.7184496562
red_171,-120.1069063,38.9522421
red_171,-120.0267944444,38.8748472222
red_171,-120.1086111111,38.9561472222
red_171,-120.1095666667,38.9557916667
red_171,-120.1096944444,38.9559777778
red_171,-120.3747866667,39.0106972167
red_171,-120.0074182078,38.7170569778
red_171,-120.0161994249,38.7242672811
red_171,-117.2351181507,52.2394428828
red_171,-120.8047904,49.0724761
red_171,-118.4655910801,45.5336528674
red_171,-119.3673988997,49.8470038
red_171,-118.24903,50.5164383333
red_171,-117.22535,52.2205283333
red_171,-120.62013833,39.61802
red_171,-120.60087,39.4412466667
red_171,-118.75277,37.4253083333
red_171,-120.0003576466,38.7833609698
red_171,-120.0003576466,38.7833609698
red_171,-119.9688282275,38.7962592741
red_171,-119.6658233246,38.3187108475
red_171,-119.6664452538,38.3184839528
red_171,-119.915505,38.85278
red_171,-118.4821025386,37.1296457621
red_171,-117.107544,52.1842029722
red_171,-119.939255,41.475425
red_171,-119.6324089867,38.3280910752
red_171,-117.8134264476,33.7768408702
red_171,-120.0789230676,38.8765370613
red_171,-120.0667574732,38.9192717839
red_171,-119.9856416667,38.6922555556
red_171,-119.9893944444,38.68645
red_171,-120.0048833333,38.6707388889
red_171,-118.698522,36.692725
red_171,-118.7617544667,36.6993617667
red_171,-119.6928866667,42.498795
red_171,-119.8043336508,38.5483705963
red_171,-119.9165600635,38.61692499
red_171,-119.9177861473,38.6138695835
red_171,-119.9182821472,38.6136229601
red_171,-118.4961472222,52.8445166667
red_171,-118.4123166667,52.8323277778
red_171,-118.4128583333,52.8328777778
red_171,-119.6278067957,37.4208368897
red_171,-120.0879357477,38.848590996
red_171,-118.6048306667,36.4760816667
red_171,-120.5691330921,47.4804167095
red_171,-118.0838058465,52.8922487387
red_171,-117.2304344304,52.2202360106
red_171,-117.2303841569,52.2214117391
red_171,-117.1078205109,52.1821160063
red_171,-117.111791224,52.1821604303
red_171,-117.1059322357,52.1821949474
red_171,-117.1091904135,52.1836324749
red_171,-118.1247723408,52.8325949105
red_171,-119.58925,37.8309777778
red_171,-119.4856222628,49.841564709
red_171,-120.15951301,39.13887561
red_171,-119.9890366667,38.6947466667
red_171,-120.0187594122,39.2436970632
red_171,-120.1749193949,39.3285518093
red_171,-120.2641966667,39.3771583333
red_171,-119.27567782,50.28139472
red_171,-119.3260259822,50.2635988591
red_171,-120.26403,39.37722
red_171,-120.1182647702,39.2781353324
red_171,-118.1661833333,34.1521028333
red_171,-120.149274,39.163803
red_171,-120.4224783333,39.46645
red_171,-120.3229464907,39.3244870585
red_171,-120.3357422017,39.3413191042
red_171,-118.20694919,50.98672871
red_171,-118.0339084101,45.1782826614
red_171,-120.1848589,39.149155
red_171,-119.8940583333,39.3230033333
red_171,-119.969025,38.8685616667
red_171,-120.9322883333,49.8332333333
red_171,-119.5934916667,49.9016283333
red_171,-120.2929784669,50.9622978897
red_171,-117.1056528333,52.182945
red_171,-117.1516278333,46.7514416667
red_171,-119.559635,49.896878
red_171,-120.1135133668,38.9518331563
red_171,-120.3963383333,38.0286416667
red_171,-120.1082989964,50.7503776668
red_171,-119.5605119156,37.7317341012
red_171,-117.107173,52.183999
red_171,-119.904318,39.307073
red_171,-117.90735,34.2445666667
red_171,-119.085346,37.6015251
red_171,-120.7808749722,49.708758
red_171,-119.2670555556,37.8881444444
red_171,-119.46273,37.8110883333
red_171,-119.405326,49.96719
red_171,-119.1069,37.2849216667
red_171,-117.3459732574,52.8951427395
red_171,-119.5766942452,34.4158770315
red_171,-120.7242112576,38.7660020384
red_171,-119.9079283333,39.3071166667
red_171,-119.9122466667,39.30562
red_171,-119.913795,39.3013916667
red_171,-120.183005,39.1507721667
red_171,-120.2369741667,39.3237736111
red_171,-120.823905,47.4820466667
red_171,-118.1749270004,34.1902988842
red_171,-119.8988416667,39.3056533333
red_171,-117.4159469604,48.7408905029
red_171,-120.265725,41.9828916667
red_171,-118.6997,37.3585966667
red_171,-120.5837421119,39.4342296534
red_171,-119.5975666667,49.6267388889
red_171,-117.2562194444,52.8907805556
red_171,-120.2185833333,49.0506861667
red_171,-120.1686783333,41.0545278333
red_171,-119.5936361111,37.840875
red_171,-119.4697611111,37.8210944444
red_171,-120.6411160576,39.6532945849
red_171,-118.2855369796,33.7135956278
red_171,-117.1108194444,52.1827833333
red_171,-117.2561417,52.8907146997
red_171,-118.8273083333,37.34598
red_171,-117.7453277,53.1178173997
red_171,-120.80703,50.0681695
red_171,-120.2352817726,38.8114173629
red_171,-117.8106652555,34.347555002
red_171,-120.0718388333,38.8745616667
red_171,-120.0530471667,38.898005
red_171,-120.1028971667,38.978375
red_171,-118.0527333333,52.9959033333
red_171,-118.7655708949,36.5461087795
red_171,-118.1251611117,52.829755555
red_171,-117.186655998,52.2193211607
red_171,-120.0967885183,38.9499976864
red_171,-120.0967885183,38.9499976864
red_171,-117.6456819412,52.5320907578
red_171,-118.1256937381,52.8331682264
red_171,-117.2277513797,52.2217147072
red_171,-119.3944033333,49.7966916667
red_171,-119.6321171997,49.9281773
red_171,-120.1671317171,38.0920464351
red_171,-120.51852355,50.51620235
red_171,-117.71395702,34.1131944
red_171,-119.4925308228,48.4311218262
red_171,-118.4611793607,34.3781851389
red_171,-117.2646540917,33.006069561
red_171,-120.5152409,35.0427599
red_171,-119.3120716667,49.7915333333
red_171,-120.2230407866,38.8534574717
red_171,-120.2220047721,38.8564876329
red_171,-119.1491947756,49.8997553564
red_171,-118.1937396526,33.7699772486
red_171,-120.1772616667,39.4524
red_171,-117.5116866667,33.6915
red_171,-117.5123124293,33.6922776498
red_171,-120.2217245221,38.8578435143
red_171,-119.8383363145,37.8459166778
red_171,-119.8645999098,37.8569386629
red_171,-119.3990383333,49.7814366667
red_171,-119.5827716667,37.73215
red_171,-119.9922372401,38.927117979
red_171,-119.62455,37.7259722222
red_171,-119.9046376348,39.1058651126
red_171,-119.9013739277,38.989637021
red_171,-120.62312093,37.18006485
red_171,-119.8987566871,38.973919796
red_171,-119.6633533333,44.5969616667
red_171,-119.520125,44.5932966667
red_171,-118.7887883333,36.5749883333
red_171,-120.0782,38.87595
red_171,-117.8991745047,50.0311675177
red_171,-117.7464183333,45.2835666667
red_171,-120.8028654306,50.494316908
red_171,-118.7789216667,36.5710633333
red_171,-120.2443305556,41.4491777778
red_171,-118.0800018308,52.8763732908
red_171,-120.3719944444,38.2342944444
red_171,-120.9672622681,39.0840454102
red_171,-118.0536945,52.6862133333
red_171,-120.6004629417,49.4417838765
red_171,-117.2712173462,33.0036621094
red_171,-120.2685047687,38.7551400718
red_171,-118.180952708,37.3884141289
red_171,-117.2095416667,52.2337033333
red_171,-117.2050866667,52.2299533333
red_171,-120.0993278333,39.4480583333
red_171,-120.1554636978,39.167840838
red_171,-120.0503,38.9365366667
red_171,-117.9032861111,37.7630944444
red_171,-118.7229,50.2057805556
red_171,-117.95651809,45.82205404
red_171,-119.999795,38.7900966667
red_171,-119.289986362,50.0340996799
red_171,-119.300734,50.038775
red_171,-117.1533473209,32.7442908668
red_171,-118.9820722222,37.6261722222
red_171,-119.9456863403,39.2632255554
red_171,-118.6563833333,44.3425466667
red_171,-120.2359613065,38.801284994
red_171,-119.0477971667,37.0010333333
red_171,-119.0476528333,37.0009388883
red_171,-119.1064695,37.0142222167
red_171,-119.1247416667,34.8146366667
red_171,-119.2651533333,37.0958945
red_171,-117.7569998,34.3677240997
red_171,-119.1431721667,35.9639466667
red_171,-118.7425825105,37.5733858386
red_171,-119.3316017836,49.8763287167
red_171,-120.469086,44.4458959722
red_171,-118.7389787378,43.838182337
red_171,-119.9825882793,38.1924882094
red_171,-119.9143666667,39.1159333333
red_171,-119.12452,44.29487
red_171,-119.0266195,36.4344716667
red_171,-118.10135,34.196125
red_171,-120.4409441667,38.6078394444
red_171,-120.4354252778,38.6062558333
red_171,-120.4355508333,38.6061113889
red_171,-120.4347538889,38.6061536111
red_171,-119.9187383333,51.785525
red_171,-119.0881277778,37.7696027778
red_171,-118.5830862092,36.4282316048
red_171,-119.1839658473,38.1485062041
