data/maxent/outputs/red_313.asc
ncols         426
nrows         180
xllcorner     -130.0
yllcorner     24.0
cellsize      0.16666666666666666
NODATA_value  -9999
[rows 81 to 107 of 180, columns 183 to 243 of 426]
7.85239E-3 7.57212E-3 7.63859E-3 8.06335E-3 8.55138E-3 1.02458E-2 1.2625E-2 1.3094E-2 1.27765E-2 1.38437E-2 1.54107E-2 1.64778E-2 1.8485E-2 1.7716E-2 1.75138E-2 1.91258E-2 2.01406E-2 2.44124E-2 2.97568E-2 3.71691E-2 4.08915E-2 3.89481E-2 4.1121E-2 4.69746E-2 4.18181E-2 4.18807E-2 4.7185E-2 5.50222E-2 5.46012E-2 5.604E-2 5.75849E-2 6.50883E-2 7.02152E-2 7.69503E-2 8.94445E-2 1.29785E-1 1.49178E-1 1.67715E-1 1.81519E-1 1.77045E-1 1.66795E-1 1.43742E-1 1.25573E-1 1.1596E-1 1.11747E-1 1.17239E-1 1.31093E-1 1.37673E-1 1.67849E-1 1.33739E-1 1.38032E-1 1.52148E-1 1.50512E-1 1.30861E-1 1.46145E-1 1.60873E-1 1.67361E-1 1.77281E-1 1.28718E-1 1.31461E-1 1.30707E-1
7.16721E-3 7.39743E-3 7.19274E-3 7.25449E-3 8.35598E-3 9.81421E-3 1.22777E-2 1.45911E-2 1.59366E-2 1.59761E-2 1.78554E-2 2.1006E-2 2.09975E-2 2.09047E-2 2.0285E-2 2.22091E-2 2.40669E-2 2.53349E-2 3.14432E-2 3.71446E-2 3.85113E-2 3.71892E-2 4.08943E-2 5.09995E-2 4.8738E-2 4.45793E-2 5.20446E-2 5.58229E-2 5.56328E-2 5.79973E-2 6.12982E-2 6.89048E-2 7.04783E-2 7.83585E-2 9.13737E-2 1.31262E-1 1.75362E-1 2.26609E-1 2.81058E-1 2.29146E-1 1.95673E-1 1.6608E-1 1.35949E-1 1.27827E-1 1.25776E-1 1.3227E-1 1.37719E-1 1.51366E-1 1.61558E-1 1.50084E-1 1.41782E-1 1.48134E-1 1.51598E-1 1.52732E-1 1.59332E-1 1.64829E-1 1.44652E-1 1.31587E-1 1.3018E-1 1.22271E-1 1.27097E-1
7.28827E-3 8.37743E-3 7.01298E-3 7.57655E-3 8.7341E-3 1.04051E-2 1.20925E-2 1.34924E-2 1.64158E-2 1.7447E-2 1.94454E-2 2.43628E-2 2.45871E-2 2.70138E-2 2.67584E-2 2.55132E-2 2.47522E-2 2.60954E-2 3.03554E-2 3.42947E-2 3.76862E-2 3.99183E-2 4.1638E-2 4.0429E-2 5.28617E-2 6.19275E-2 5.74753E-2 5.88541E-2 6.47071E-2 6.52321E-2 7.12488E-2 7.07799E-2 7.31465E-2 8.33682E-2 1.13182E-1 1.33492E-1 1.71442E-1 2.2316E-1 2.6922E-1 2.24547E-1 1.93993E-1 1.792E-1 1.39536E-1 1.38362E-1 1.36798E-1 1.34147E-1 1.45251E-1 1.5328E-1 1.59644E-1 1.61592E-1 1.46051E-1 1.50035E-1 1.46883E-1 1.50931E-1 1.68747E-1 1.7194E-1 1.37423E-1 1.38065E-1 1.3215E-1 1.30762E-1 1.39553E-1
7.32507E-3 7.19076E-3 7.10871E-3 7.33144E-3 8.46625E-3 1.14908E-2 1.30985E-2 1.52832E-2 1.86177E-2 1.75701E-2 2.04761E-2 2.507E-2 2.49334E-2 2.6683E-2 2.77569E-2 2.82847E-2 2.84807E-2 2.83507E-2 3.25197E-2 3.55648E-2 3.82236E-2 4.76641E-2 4.79304E-2 4.9575E-2 5.06845E-2 6.09597E-2 8.07667E-2 7.97539E-2 7.97596E-2 7.76198E-2 7.45201E-2 7.63511E-2 8.71598E-2 8.59352E-2 1.13006E-1 1.31057E-1 1.45143E-1 1.68336E-1 1.81822E-1 1.89322E-1 1.76496E-1 1.63515E-1 1.50323E-1 1.40794E-1 1.41203E-1 1.47354E-1 1.55276E-1 1.53875E-1 1.63844E-1 1.51792E-1 1.50065E-1 1.60198E-1 1.48114E-1 1.54507E-1 1.32213E-1 1.33071E-1 1.31739E-1 1.31215E-1 1.48088E-1 1.47239E-1 1.35806E-1
7.04804E-3 6.35649E-3 6.36853E-3 6.69272E-3 7.79729E-3 1.02432E-2 1.242E-2 1.55758E-2 1.64161E-2 1.6672E-2 2.07558E-2 2.3702E-2 2.53376E-2 2.60144E-2 2.57655E-2 2.64093E-2 2.74015E-2 3.23725E-2 3.66044E-2 4.01825E-2 4.59219E-2 4.98543E-2 5.02531E-2 5.45006E-2 5.79371E-2 6.24217E-2 7.31472E-2 8.72606E-2 9.10421E-2 9.05294E-2 8.52933E-2 9.17268E-2 8.7429E-2 9.39338E-2 1.03699E-1 1.11986E-1 1.26758E-1 1.41753E-1 1.41259E-1 1.62843E-1 1.57058E-1 1.57246E-1 1.5672E-1 1.46997E-1 1.40552E-1 1.48031E-1 1.57979E-1 1.5742E-1 1.5868E-1 1.41849E-1 1.46836E-1 1.55679E-1 1.42452E-1 1.36273E-1 1.35811E-1 1.3514E-1 1.34019E-1 1.35946E-1 1.46101E-1 1.7289E-1 1.59562E-1
7.80406E-3 7.95698E-3 8.21639E-3 8.27139E-3 8.88414E-3 1.0417E-2 1.21173E-2 1.44493E-2 1.67513E-2 1.97859E-2 2.18492E-2 2.27018E-2 2.28414E-2 2.1315E-2 2.44239E-2 2.57975E-2 2.83791E-2 3.47344E-2 4.13738E-2 4.19492E-2 4.53E-2 5.5828E-2 5.94131E-2 6.45668E-2 7.00745E-2 7.37715E-2 8.18023E-2 1.00119E-1 1.00384E-1 1.08465E-1 1.1015E-1 1.13934E-1 1.11126E-1 1.087E-1 1.06419E-1 1.21534E-1 1.20749E-1 1.36025E-1 1.43763E-1 1.4752E-1 1.44459E-1 1.75963E-1 1.71399E-1 1.50149E-1 1.41047E-1 1.5297E-1 1.61002E-1 1.58039E-1 1.45958E-1 1.55238E-1 1.45413E-1 1.49866E-1 1.38186E-1 1.38246E-1 1.40994E-1 1.47332E-1 1.49821E-1 1.43625E-1 1.47882E-1 1.60788E-1 1.78924E-1
7.96174E-3 9.01917E-3 9.62251E-3 1.08011E-2 1.06111E-2 1.21001E-2 1.65498E-2 1.66712E-2 1.86063E-2 2.11697E-2 2.39841E-2 2.65739E-2 2.47445E-2 2.43308E-2 2.48448E-2 2.63425E-2 3.19189E-2 4.47104E-2 4.30585E-2 4.19559E-2 5.12914E-2 5.72429E-2 6.68477E-2 7.03332E-2 7.97739E-2 8.53071E-2 9.81584E-2 1.05539E-1 1.12164E-1 1.37115E-1 1.30085E-1 1.31819E-1 1.32604E-1 1.22695E-1 1.17887E-1 1.25714E-1 1.28765E-1 1.36378E-1 1.40077E-1 1.43606E-1 1.51908E-1 1.64105E-1 1.64111E-1 1.54165E-1 1.41726E-1 1.4836E-1 1.55993E-1 1.4094E-1 1.45275E-1 1.54976E-1 1.54975E-1 1.46705E-1 1.54746E-1 1.42934E-1 1.36716E-1 1.4354E-1 1.54471E-1 1.57735E-1 1.58393E-1 1.58278E-1 1.66508E-1
8.3565E-3 9.72086E-3 1.17564E-2 1.24158E-2 1.26724E-2 1.44309E-2 1.61449E-2 1.65489E-2 1.83359E-2 2.21452E-2 2.51651E-2 2.5635E-2 2.60512E-2 2.52908E-2 2.54148E-2 3.1083E-2 3.72256E-2 4.88606E-2 4.52429E-2 4.51241E-2 5.28534E-2 5.91593E-2 6.93579E-2 8.38467E-2 1.06077E-1 9.93974E-2 1.05953E-1 1.1484E-1 1.37109E-1 1.4778E-1 1.34922E-1 1.31938E-1 1.3744E-1 1.34133E-1 1.29228E-1 1.27079E-1 1.31236E-1 1.31953E-1 1.3934E-1 1.46145E-1 1.55493E-1 1.60829E-1 1.6556E-1 1.5036E-1 1.41632E-1 1.41342E-1 1.35382E-1 1.30691E-1 1.34409E-1 1.37141E-1 1.45989E-1 1.40975E-1 1.51235E-1 1.49474E-1 1.36411E-1 1.37064E-1 1.56945E-1 1.7175E-1 1.71781E-1 1.79049E-1 1.78591E-1
8.62268E-3 1.02914E-2 1.2114E-2 1.24538E-2 1.3849E-2 1.51914E-2 1.61179E-2 1.86077E-2 2.10549E-2 2.36921E-2 2.85259E-2 3.01971E-2 2.76895E-2 2.72559E-2 2.82186E-2 3.86463E-2 4.32937E-2 5.00531E-2 5.29161E-2 5.37151E-2 5.82015E-2 6.94842E-2 7.99082E-2 9.13388E-2 1.15857E-1 1.22293E-1 1.26544E-1 1.30308E-1 1.51503E-1 1.56326E-1 1.46447E-1 1.35877E-1 1.33287E-1 1.39797E-1 1.31154E-1 1.28085E-1 1.29036E-1 1.36871E-1 1.34636E-1 1.49114E-1 1.43679E-1 1.44137E-1 1.53699E-1 1.60308E-1 1.48925E-1 1.45839E-1 1.36764E-1 1.33858E-1 1.34356E-1 1.30975E-1 1.30841E-1 1.45802E-1 1.58324E-1 1.68066E-1 1.47876E-1 1.43421E-1 1.60076E-1 1.65164E-1 1.77768E-1 1.73498E-1 1.81407E-1
9.0558E-3 1.04399E-2 1.2592E-2 1.47413E-2 1.76618E-2 2.12911E-2 1.97362E-2 2.18197E-2 2.14131E-2 2.34296E-2 2.9224E-2 3.56045E-2 3.18772E-2 3.20526E-2 4.18595E-2 3.98244E-2 4.51289E-2 4.92861E-2 5.41735E-2 6.23822E-2 6.99784E-2 7.47242E-2 8.02903E-2 9.04601E-2 1.16451E-1 1.27574E-1 1.28122E-1 1.41225E-1 1.48127E-1 1.54244E-1 1.46199E-1 1.40896E-1 1.4276E-1 1.33518E-1 1.3314E-1 1.28157E-1 1.29384E-1 1.29543E-1 1.36709E-1 1.35383E-1 1.34223E-1 1.40476E-1 1.4345E-1 1.47257E-1 1.47246E-1 1.40417E-1 1.44241E-1 1.42986E-1 1.43307E-1 1.44066E-1 1.39626E-1 1.31123E-1 1.39142E-1 1.68471E-1 1.6543E-1 1.70359E-1 1.63234E-1 1.6083E-1 1.58168E-1 1.60795E-1 1.65391E-1
9.07291E-3 1.05214E-2 1.28872E-2 1.63772E-2 1.74745E-2 1.82524E-2 1.99581E-2 2.12835E-2 2.10696E-2 2.2021E-2 2.95917E-2 3.87501E-2 3.6351E-2 3.93206E-2 4.81179E-2 4.84899E-2 4.16093E-2 4.49678E-2 5.42054E-2 6.17888E-2 6.72835E-2 6.92978E-2 7.18306E-2 8.6619E-2 1.08766E-1 1.29125E-1 1.31227E-1 1.40192E-1 1.37694E-1 1.39555E-1 1.33938E-1 1.30284E-1 1.29908E-1 1.32079E-1 1.29394E-1 1.38908E-1 1.3033E-1 1.2902E-1 1.32229E-1 1.31282E-1 1.29692E-1 1.30814E-1 1.34578E-1 1.46808E-1 1.43536E-1 1.40882E-1 1.41025E-1 1.46025E-1 1.43716E-1 1.60584E-1 1.66054E-1 1.55784E-1 1.50962E-1 1.53651E-1 1.76231E-1 1.87936E-1 1.69279E-1 1.63627E-1 1.53272E-1 1.53432E-1 1.53045E-1
9.73818E-3 1.08609E-2 1.36164E-2 1.5893E-2 1.72358E-2 1.7041E-2 1.75363E-2 1.98611E-2 2.00279E-2 1.98014E-2 2.75648E-2 3.74257E-2 4.585E-2 5.02911E-2 4.55143E-2 4.63678E-2 4.33948E-2 4.65121E-2 5.38042E-2 5.58912E-2 6.61927E-2 7.48593E-2 7.47932E-2 8.3228E-2 1.1172E-1 1.19863E-1 1.29801E-1 1.3488E-1 1.43013E-1 1.42966E-1 1.31039E-1 1.27511E-1 1.27815E-1 1.25955E-1 1.33912E-1 1.35229E-1 1.29858E-1 1.33282E-1 1.4006E-1 1.45241E-1 1.3284E-1 1.28051E-1 1.35171E-1 1.31043E-1 1.3361E-1 1.36748E-1 1.4523E-1 1.3815E-1 1.50697E-1 1.3469E-1 1.37164E-1 1.53581E-1 1.72568E-1 1.74725E-1 1.87163E-1 1.74643E-1 1.66505E-1 1.63391E-1 1.4562E-1 1.48608E-1 1.56765E-1
1.06614E-2 1.26467E-2 1.46464E-2 1.69451E-2 1.99873E-2 1.82411E-2 1.88206E-2 2.15405E-2 2.29687E-2 2.39287E-2 2.85213E-2 3.92458E-2 5.44252E-2 6.06659E-2 4.45895E-2 4.14739E-2 5.07954E-2 5.36194E-2 5.14029E-2 5.36021E-2 6.45298E-2 8.17914E-2 8.12676E-2 8.85356E-2 1.06466E-1 1.19872E-1 1.30267E-1 1.30902E-1 1.36463E-1 1.40835E-1 1.3614E-1 1.29854E-1 1.27474E-1 1.32011E-1 1.31675E-1 1.30245E-1 1.31272E-1 1.38782E-1 1.58002E-1 1.57241E-1 1.45068E-1 1.37643E-1 1.3743E-1 1.33648E-1 1.35523E-1 1.37957E-1 1.42003E-1 1.49556E-1 1.48919E-1 1.50145E-1 1.48443E-1 1.44845E-1 1.64771E-1 1.84901E-1 1.84409E-1 1.63869E-1 1.59222E-1 1.53771E-1 1.54802E-1 1.58329E-1 1.51881E-1
1.07442E-2 1.38687E-2 1.77833E-2 1.91327E-2 2.02624E-2 2.01923E-2 2.29431E-2 2.46654E-2 2.69263E-2 2.89613E-2 3.2133E-2 3.98815E-2 5.10458E-2 5.98064E-2 4.70646E-2 4.25638E-2 5.14129E-2 5.48493E-2 5.74945E-2 5.83449E-2 7.12592E-2 8.02557E-2 8.65209E-2 9.409E-2 1.09502E-1 1.24709E-1 1.322E-1 1.34092E-1 1.47095E-1 1.46998E-1 1.31734E-1 1.31028E-1 1.29756E-1 1.22105E-1 1.33742E-1 1.67574E-1 1.87354E-1 1.4349E-1 1.55144E-1 1.70408E-1 1.91097E-1 1.58106E-1 1.43448E-1 1.3329E-1 1.41216E-1 1.39008E-1 1.53911E-1 1.50392E-1 1.45294E-1 1.48127E-1 1.66795E-1 1.68946E-1 1.70491E-1 1.75598E-1 1.70008E-1 1.71484E-1 1.5594E-1 1.59324E-1 1.64237E-1 1.65058E-1 1.65929E-1
1.28802E-2 1.53609E-2 1.92141E-2 2.07095E-2 2.18118E-2 2.30901E-2 2.44686E-2 2.58343E-2 2.80129E-2 3.25636E-2 3.333E-2 3.69329E-2 4.20009E-2 5.09181E-2 4.86967E-2 4.80391E-2 4.89259E-2 5.48836E-2 6.12305E-2 6.91438E-2 7.66925E-2 8.20357E-2 8.68561E-2 9.25084E-2 1.10867E-1 1.31864E-1 1.37002E-1 1.43691E-1 1.40004E-1 1.46744E-1 1.38585E-1 1.38508E-1 1.31244E-1 1.30592E-1 1.3903E-1 1.51436E-1 1.54693E-1 1.45986E-1 1.4734E-1 1.6168E-1 1.84513E-1 1.6023E-1 1.44286E-1 1.44516E-1 1.59094E-1 1.44645E-1 1.60038E-1 1.52116E-1 1.50948E-1 1.50687E-1 1.79553E-1 1.94683E-1 1.82229E-1 1.87605E-1 2.02155E-1 1.8686E-1 1.60781E-1 1.55494E-1 1.66185E-1 1.73663E-1 1.89706E-1
1.4005E-2 1.57895E-2 1.84668E-2 2.05596E-2 2.27641E-2 2.40569E-2 2.54905E-2 2.61925E-2 2.76411E-2 3.07337E-2 3.62898E-2 3.73092E-2 4.21231E-2 5.01939E-2 5.33507E-2 5.64478E-2 6.29087E-2 6.07631E-2 6.0798E-2 6.52772E-2 6.94601E-2 8.49655E-2 1.03135E-1 1.04346E-1 1.16951E-1 1.27858E-1 1.35806E-1 1.44064E-1 1.35942E-1 1.37863E-1 1.41042E-1 1.386E-1 1.38251E-1 1.39108E-1 1.42518E-1 1.4157E-1 1.49266E-1 1.51491E-1 1.46374E-1 1.50437E-1 1.55906E-1 1.4876E-1 1.50956E-1 1.53213E-1 1.55476E-1 1.5932E-1 1.6179E-1 1.52653E-1 1.53877E-1 1.52659E-1 1.77688E-1 2.12804E-1 2.01659E-1 1.84533E-1 1.86845E-1 2.04592E-1 1.71225E-1 1.75982E-1 1.83016E-1 1.96198E-1 1.91379E-1
1.48376E-2 1.57536E-2 1.71566E-2 1.99296E-2 2.24524E-2 2.49229E-2 2.63313E-2 2.91272E-2 3.06358E-2 3.62941E-2 4.00837E-2 4.56503E-2 5.82179E-2 6.53204E-2 6.14792E-2 6.98723E-2 7.32309E-2 7.22662E-2 6.95992E-2 7.05402E-2 7.66944E-2 8.70444E-2 1.10243E-1 1.09574E-1 1.20871E-1 1.39103E-1 1.4555E-1 1.39424E-1 1.462E-1 1.41381E-1 1.448E-1 1.43121E-1 1.46285E-1 1.39426E-1 1.53827E-1 1.49237E-1 1.50949E-1 1.48215E-1 1.5431E-1 1.58138E-1 1.60789E-1 1.53645E-1 1.53542E-1 1.63189E-1 1.61779E-1 1.66592E-1 1.59543E-1 1.60233E-1 1.66575E-1 1.77775E-1 1.9336E-1 2.11818E-1 1.90143E-1 2.1695E-1 1.90606E-1 2.1371E-1 2.04535E-1 1.79921E-1 1.81473E-1 2.14349E-1 2.54182E-1
1.53775E-2 1.71308E-2 1.86756E-2 2.03012E-2 2.31635E-2 2.52098E-2 2.65162E-2 2.88519E-2 3.17873E-2 3.37927E-2 4.12548E-2 4.91716E-2 6.09409E-2 6.7753E-2 6.57187E-2 6.9812E-2 7.52514E-2 8.51396E-2 8.41474E-2 8.59922E-2 9.27147E-2 1.0231E-1 1.12819E-1 1.18959E-1 1.24927E-1 1.43174E-1 1.41513E-1 1.43562E-1 1.51735E-1 1.50228E-1 1.4759E-1 1.52373E-1 1.55534E-1 1.51229E-1 2.02637E-1 1.55233E-1 1.47692E-1 1.55204E-1 1.59205E-1 1.68352E-1 1.65059E-1 1.5526E-1 1.57916E-1 1.69461E-1 1.66398E-1 1.57329E-1 1.58723E-1 1.60979E-1 1.72196E-1 1.89647E-1 1.95819E-1 1.96082E-1 2.39877E-1 2.19238E-1 1.97003E-1 2.00954E-1 1.9914E-1 1.83783E-1 1.7043E-1 2.17111E-1 2.74206E-1
1.777E-2 1.9513E-2 2.04547E-2 2.20414E-2 2.30602E-2 2.56998E-2 2.85184E-2 3.13309E-2 3.48965E-2 3.58058E-2 4.35872E-2 4.94954E-2 6.08029E-2 6.34342E-2 6.7472E-2 7.22591E-2 8.19393E-2 9.14988E-2 9.51121E-2 9.98022E-2 1.07969E-1 1.14637E-1 1.22163E-1 1.33734E-1 1.45514E-1 1.40931E-1 1.41205E-1 1.45237E-1 1.53942E-1 1.53987E-1 1.4969E-1 1.56533E-1 1.55144E-1 1.55487E-1 1.56521E-1 1.52566E-1 1.59933E-1 1.72081E-1 1.74169E-1 1.82106E-1 1.75691E-1 1.70442E-1 1.58301E-1 1.70402E-1 1.61775E-1 1.54001E-1 1.56704E-1 1.62016E-1 1.71971E-1 1.90692E-1 1.82583E-1 1.79442E-1 1.7863E-1 1.98494E-1 2.11749E-1 1.98817E-1 1.99466E-1 1.93871E-1 1.75383E-1 2.18428E-1 2.52451E-1
1.99323E-2 2.23818E-2 2.02951E-2 2.36039E-2 2.60121E-2 2.72493E-2 3.08502E-2 3.46446E-2 3.78422E-2 4.16085E-2 4.66563E-2 5.61093E-2 6.03328E-2 6.49861E-2 7.14769E-2 8.07827E-2 8.18992E-2 9.24706E-2 9.56802E-2 1.10701E-1 1.20948E-1 1.26997E-1 1.33735E-1 1.32253E-1 1.45133E-1 1.41062E-1 1.48356E-1 1.49742E-1 1.51081E-1 1.49691E-1 1.551E-1 1.55405E-1 1.55309E-1 1.63279E-1 1.61503E-1 1.57194E-1 1.73804E-1 1.80648E-1 1.89491E-1 1.97353E-1 1.93269E-1 1.71703E-1 1.6396E-1 1.68977E-1 1.52011E-1 1.51831E-1 1.61185E-1 1.62891E-1 1.70503E-1 1.85295E-1 1.71069E-1 1.59507E-1 1.72925E-1 1.82065E-1 1.79609E-1 1.84226E-1 1.98707E-1 2.01932E-1 1.90994E-1 2.13888E-1 2.80786E-1
1.95874E-2 2.22696E-2 2.05819E-2 2.06939E-2 2.37151E-2 2.7156E-2 3.39544E-2 3.72183E-2 4.34713E-2 4.76044E-2 5.41344E-2 6.22509E-2 6.65865E-2 7.13857E-2 7.89411E-2 8.78733E-2 8.61983E-2 9.61754E-2 1.07264E-1 1.27716E-1 1.346E-1 1.32842E-1 1.3797E-1 1.41518E-1 1.4312E-1 1.44552E-1 1.4761E-1 1.4846E-1 1.55409E-1 1.75654E-1 1.71821E-1 1.66915E-1 1.62976E-1 1.57849E-1 1.60802E-1 1.59229E-1 1.6137E-1 1.62318E-1 1.75921E-1 1.97538E-1 1.95743E-1 1.72705E-1 1.71659E-1 1.69929E-1 1.76817E-1 1.7434E-1 1.57417E-1 1.58501E-1 1.65543E-1 1.78343E-1 1.66306E-1 1.66854E-1 1.64899E-1 1.8111E-1 2.04551E-1 2.1025E-1 2.0951E-1 1.86987E-1 1.83836E-1 1.92234E-1 2.16166E-1
2.04528E-2 2.29791E-2 2.53197E-2 2.70498E-2 2.72464E-2 3.15324E-2 4.00168E-2 4.62879E-2 4.78251E-2 4.89095E-2 5.51734E-2 6.33948E-2 6.96908E-2 7.86975E-2 8.7357E-2 1.00164E-1 9.75078E-2 1.06344E-1 1.22442E-1 1.40707E-1 1.50175E-1 1.48767E-1 1.45455E-1 1.47373E-1 1.48736E-1 1.49674E-1 1.48243E-1 1.5302E-1 1.60381E-1 1.82397E-1 1.85905E-1 1.7985E-1 1.6523E-1 1.63942E-1 1.70707E-1 1.61892E-1 1.62405E-1 1.67089E-1 1.75015E-1 1.72019E-1 1.49805E-1 1.50865E-1 1.4804E-1 1.50047E-1 1.6664E-1 1.64812E-1 1.53078E-1 1.44872E-1 1.63697E-1 1.75361E-1 1.7498E-1 1.73856E-1 1.72791E-1 1.78296E-1 1.97581E-1 2.25886E-1 1.75222E-1 2.13539E-1 1.95242E-1 1.78546E-1 1.82596E-1
2.26285E-2 2.41883E-2 2.38312E-2 2.86194E-2 3.04286E-2 3.68769E-2 4.44343E-2 5.62871E-2 5.5728E-2 5.74319E-2 6.43929E-2 6.88576E-2 7.88835E-2 8.69927E-2 9.99359E-2 1.3977E-1 1.25797E-1 1.25475E-1 1.36441E-1 1.48312E-1 1.615E-1 1.50405E-1 1.49922E-1 1.6241E-1 1.60373E-1 1.5521E-1 1.52511E-1 1.54746E-1 1.91707E-1 1.88372E-1 1.92782E-1 1.84523E-1 1.73661E-1 1.75269E-1 1.73097E-1 1.81061E-1 1.77665E-1 1.54383E-1 1.40035E-1 1.46985E-1 1.4988E-1 1.38221E-1 1.46423E-1 1.34315E-1 1.52469E-1 1.49463E-1 1.38438E-1 1.38537E-1 1.44621E-1 1.66581E-1 1.75963E-1 1.74476E-1 1.68706E-1 1.71608E-1 1.74942E-1 1.67797E-1 1.82006E-1 1.87143E-1 2.16973E-1 2.04105E-1 2.11266E-1
3.05357E-2 3.29944E-2 3.24132E-2 3.23206E-2 3.68297E-2 3.7672E-2 4.19724E-2 5.02646E-2 5.68552E-2 6.91769E-2 7.56276E-2 8.00639E-2 8.73571E-2 1.00415E-1 1.12475E-1 1.28939E-1 1.29452E-1 1.37087E-1 1.50153E-1 1.58757E-1 1.69735E-1 1.50808E-1 1.49897E-1 2.1426E-1 1.74415E-1 1.62541E-1 1.80466E-1 2.35212E-1 2.09986E-1 1.86526E-1 2.03796E-1 2.049E-1 2.02623E-1 1.99984E-1 1.99716E-1 2.05974E-1 2.36945E-1 1.80271E-1 1.47348E-1 1.70392E-1 1.51329E-1 1.57059E-1 1.36427E-1 1.32097E-1 1.3759E-1 1.40612E-1 1.35393E-1 1.27865E-1 1.3676E-1 1.28237E-1 1.68512E-1 1.69629E-1 1.75831E-1 1.82863E-1 1.9814E-1 1.87204E-1 1.77355E-1 1.90472E-1 2.31422E-1 2.47572E-1 2.70808E-1
3.13719E-2 2.97098E-2 3.70386E-2 3.86663E-2 3.81663E-2 3.80142E-2 4.29375E-2 5.40427E-2 6.47081E-2 9.42328E-2 9.34661E-2 1.03876E-1 1.05802E-1 1.11242E-1 1.29355E-1 1.3991E-1 1.46617E-1 1.5529E-1 1.62034E-1 1.7566E-1 1.85514E-1 1.50635E-1 1.64975E-1 1.91227E-1 1.81947E-1 1.69564E-1 2.31192E-1 2.4788E-1 2.15397E-1 1.90465E-1 2.18155E-1 2.09391E-1 2.17516E-1 3.04933E-1 2.34775E-1 1.67224E-1 1.61307E-1 1.70295E-1 1.54745E-1 1.60838E-1 2.21691E-1 2.40091E-1 1.58807E-1 2.01732E-1 1.30823E-1 1.36046E-1 1.28415E-1 1.31703E-1 1.69327E-1 1.7134E-1 1.68436E-1 1.78024E-1 2.21078E-1 2.54831E-1 2.4601E-1 2.32151E-1 1.99917E-1 2.21008E-1 2.41283E-1 2.62458E-1 3.0141E-1
3.20593E-2 3.24294E-2 3.32573E-2 4.19432E-2 4.78752E-2 4.62645E-2 4.5666E-2 6.21063E-2 7.59673E-2 8.44228E-2 9.47932E-2 1.10533E-1 1.29051E-1 1.3677E-1 1.40998E-1 1.51444E-1 1.61353E-1 1.69226E-1 1.92866E-1 1.98157E-1 1.81945E-1 1.72879E-1 1.73819E-1 1.75295E-1 1.73778E-1 2.08864E-1 2.47565E-1 2.33088E-1 2.21355E-1 2.05611E-1 2.00963E-1 1.89136E-1 2.44552E-1 2.42678E-1 2.20556E-1 2.1706E-1 2.31704E-1 2.22451E-1 1.71257E-1 1.52685E-1 1.50941E-1 1.42392E-1 1.42908E-1 1.84239E-1 1.45945E-1 1.35189E-1 1.4555E-1 1.57268E-1 1.79389E-1 1.87547E-1 2.03993E-1 2.24774E-1 2.77654E-1 2.75706E-1 2.49983E-1 2.24169E-1 2.35749E-1 2.4746E-1 2.43637E-1 2.70312E-1 2.49342E-1
3.28136E-2 3.66101E-2 3.80812E-2 4.25165E-2 5.35884E-2 5.9562E-2 6.0922E-2 6.57997E-2 8.14432E-2 9.24911E-2 1.05854E-1 1.19363E-1 1.31632E-1 1.57032E-1 1.54639E-1 1.58513E-1 1.59946E-1 1.74328E-1 1.85598E-1 1.94847E-1 1.84872E-1 1.94056E-1 1.80366E-1 1.84419E-1 1.84842E-1 2.49793E-1 2.55105E-1 2.44288E-1 2.34156E-1 2.11771E-1 2.22507E-1 2.1836E-1 2.3027E-1 2.26715E-1 2.31047E-1 2.39198E-1 2.78905E-1 2.54393E-1 1.87211E-1 1.61171E-1 1.50596E-1 1.61042E-1 2.06032E-1 1.78478E-1 1.46885E-1 1.45065E-1 1.44348E-1 1.51112E-1 1.70556E-1 2.00867E-1 2.32194E-1 2.38921E-1 2.76906E-1 2.88707E-1 2.61496E-1 2.55003E-1 2.67193E-1 2.5321E-1 2.39123E-1 2.75495E-1 2.78214E-1
