data/maxent/outputs/red_181.asc
ncols         426
nrows         180
xllcorner     -130.0
yllcorner     24.0
cellsize      0.16666666666666666
NODATA_value  -9999
[rows 54 to 80 of 180, columns 305 to 365 of 426]
7.39993E-1 7.47806E-1 7.65666E-1 7.75165E-1 7.71126E-1 7.56903E-1 7.58361E-1 7.6229E-1 7.61455E-1 7.53218E-1 7.33155E-1 7.38425E-1 7.2833E-1 7.20168E-1 7.49219E-1 8.07244E-1 8.30465E-1 8.30257E-1 8.40476E-1 8.59937E-1 8.67812E-1 8.74366E-1 8.67214E-1 8.49308E-1 8.56445E-1 8.61271E-1 8.43129E-1 8.30848E-1 8.1717E-1 7.95582E-1 7.40563E-1 7.03836E-1 7.24329E-1 7.15202E-1 7.48134E-1 7.24344E-1 7.14156E-1 7.04427E-1 7.12076E-1 6.43205E-1 6.78599E-1 7.22751E-1 6.4929E-1 5.9294E-1 5.78371E-1 5.68488E-1 5.66082E-1 5.9281E-1 6.10365E-1 6.26383E-1 6.62145E-1 6.8274E-1 7.25998E-1 7.71057E-1 7.96812E-1 7.98268E-1 7.85351E-1 8.08361E-1 8.34586E-1 8.43032E-1 8.48553E-1
7.92688E-1 7.88651E-1 8.08165E-1 8.0171E-1 8.081E-1 8.0456E-1 8.03017E-1 8.0099E-1 7.92538E-1 7.81283E-1 7.82185E-1 7.74134E-1 7.69944E-1 7.7702E-1 8.01514E-1 8.38421E-1 8.50836E-1 8.34916E-1 8.61024E-1 8.56514E-1 8.57797E-1 8.55216E-1 8.52008E-1 8.21943E-1 8.05615E-1 7.86056E-1 7.5629E-1 7.414E-1 6.92828E-1 6.41917E-1 5.99068E-1 5.94363E-1 6.35943E-1 6.937E-1 7.41255E-1 6.91455E-1 6.99959E-1 6.83103E-1 6.40844E-1 6.23914E-1 6.41097E-1 6.60342E-1 6.16145E-1 5.99564E-1 5.87617E-1 5.97461E-1 5.98503E-1 6.17622E-1 6.41403E-1 6.55386E-1 6.81933E-1 7.19766E-1 7.73416E-1 8.15338E-1 8.38347E-1 8.34858E-1 8.39865E-1 8.41656E-1 8.4634E-1 8.54012E-1 8.53174E-1
8.25074E-1 8.2376E-1 8.40881E-1 8.34462E-1 8.41412E-1 8.37103E-1 8.28932E-1 8.33742E-1 8.35682E-1 8.2042E-1 8.25785E-1 8.18631E-1 8.10032E-1 8.11029E-1 8.35963E-1 8.46086E-1 8.12077E-1 8.63257E-1 8.65193E-1 8.52178E-1 8.44119E-1 8.3779E-1 8.10732E-1 7.83861E-1 7.60656E-1 7.3715E-1 6.85048E-1 6.4945E-1 6.27506E-1 5.9591E-1 6.01247E-1 6.22414E-1 6.87193E-1 7.46823E-1 7.35557E-1 7.41936E-1 7.10769E-1 6.70083E-1 6.07929E-1 6.89336E-1 6.55156E-1 6.11671E-1 6.25348E-1 6.03068E-1 6.09135E-1 6.30802E-1 6.46282E-1 6.5582E-1 6.61738E-1 7.05936E-1 7.52504E-1 7.88414E-1 8.13386E-1 8.48029E-1 8.67739E-1 8.89018E-1 8.8908E-1 8.74758E-1 8.60571E-1 8.25862E-1 8.09791E-1
8.33542E-1 8.25622E-1 8.47262E-1 8.40759E-1 8.49691E-1 8.44936E-1 8.31531E-1 8.37649E-1 8.40746E-1 8.51346E-1 8.53584E-1 8.47413E-1 8.25762E-1 8.15391E-1 8.33779E-1 8.51934E-1 8.53101E-1 8.60607E-1 8.55727E-1 8.40508E-1 8.31398E-1 8.13038E-1 7.85198E-1 7.74158E-1 7.44478E-1 6.87877E-1 6.58614E-1 6.26178E-1 6.35673E-1 6.30349E-1 6.10132E-1 6.11257E-1 7.35783E-1 7.45158E-1 7.6968E-1 7.50422E-1 7.11354E-1 6.6083E-1 6.71578E-1 6.55336E-1 6.84641E-1 6.32772E-1 6.60927E-1 6.72893E-1 6.61846E-1 6.60607E-1 6.82249E-1 7.11865E-1 7.3932E-1 7.67924E-1 7.99053E-1 8.06293E-1 8.36122E-1 8.70853E-1 8.88297E-1 8.99881E-1 8.99495E-1 8.87974E-1 8.43283E-1 8.04401E-1 7.71233E-1
7.94487E-1 8.19075E-1 8.33638E-1 8.23676E-1 8.50257E-1 8.52395E-1 8.37562E-1 8.3496E-1 8.47498E-1 8.69972E-1 8.91015E-1 8.70461E-1 8.58092E-1 8.53979E-1 8.72287E-1 8.7083E-1 8.64181E-1 8.61516E-1 8.51009E-1 8.34319E-1 8.17832E-1 7.9989E-1 7.85392E-1 7.68008E-1 7.26174E-1 6.74175E-1 6.5782E-1 6.7569E-1 6.9162E-1 6.62953E-1 6.2522E-1 6.0373E-1 6.53109E-1 7.37853E-1 7.98103E-1 7.69687E-1 7.12517E-1 6.32735E-1 6.99194E-1 7.26141E-1 6.93491E-1 6.77413E-1 7.13638E-1 7.10833E-1 6.98625E-1 6.87698E-1 6.47015E-1 5.96974E-1 7.23456E-1 8.19359E-1 8.22458E-1 8.3521E-1 8.48952E-1 8.71148E-1 8.86858E-1 9.04942E-1 9.02842E-1 8.78431E-1 8.38072E-1 7.96115E-1 7.73209E-1
7.80101E-1 7.92443E-1 7.90766E-1 8.09179E-1 8.37919E-1 8.44036E-1 8.21191E-1 8.37727E-1 8.57413E-1 8.96323E-1 9.00251E-1 8.74568E-1 8.70192E-1 8.56271E-1 7.8753E-1 6.09527E-1 7.79155E-1 8.59052E-1 8.41665E-1 8.25059E-1 8.15669E-1 8.0547E-1 7.92711E-1 7.5701E-1 6.87481E-1 6.73401E-1 6.83344E-1 6.94181E-1 6.87058E-1 6.65425E-1 6.28985E-1 6.01039E-1 6.56722E-1 7.5033E-1 8.13112E-1 7.34868E-1 7.33138E-1 6.46668E-1 7.02412E-1 7.22009E-1 7.07809E-1 7.17857E-1 7.39822E-1 7.18802E-1 6.99759E-1 6.61043E-1 6.83758E-1 7.56714E-1 7.88427E-1 8.20755E-1 8.27004E-1 8.39633E-1 8.58153E-1 8.77615E-1 8.73153E-1 8.72923E-1 8.78141E-1 8.58509E-1 8.34337E-1 7.93537E-1 7.71953E-1
8.17911E-1 8.48332E-1 8.41283E-1 8.46074E-1 8.36355E-1 7.79264E-1 6.75366E-1 6.63228E-1 6.13475E-1 6.26203E-1 7.83873E-1 8.29828E-1 8.76144E-1 6.99221E-1 5.3217E-1 5.56177E-1 5.89727E-1 7.78035E-1 8.3908E-1 8.14197E-1 7.77633E-1 8.19256E-1 8.23094E-1 7.65188E-1 6.90689E-1 6.90699E-1 6.92782E-1 7.09974E-1 7.07346E-1 7.05017E-1 6.8862E-1 6.88964E-1 7.67339E-1 7.83545E-1 8.15672E-1 7.49303E-1 7.61344E-1 6.81051E-1 7.33294E-1 7.89182E-1 7.62861E-1 7.90184E-1 7.82917E-1 7.51543E-1 7.49376E-1 7.41629E-1 7.23305E-1 7.77593E-1 7.8999E-1 7.97585E-1 8.04469E-1 8.53993E-1 8.5073E-1 8.42994E-1 8.45638E-1 8.60245E-1 8.51695E-1 8.2496E-1 8.12136E-1 7.17244E-1 4.33907E-1
6.30083E-1 5.36696E-1 5.28436E-1 5.22003E-1 5.48937E-1 5.55604E-1 5.55884E-1 5.59429E-1 5.67242E-1 5.64203E-1 5.58045E-1 5.67495E-1 5.63803E-1 5.31442E-1 5.29462E-1 5.29472E-1 5.37831E-1 7.67542E-1 8.22588E-1 7.40382E-1 6.7901E-1 7.07518E-1 8.36344E-1 7.7764E-1 7.05533E-1 7.04081E-1 7.15105E-1 7.02636E-1 7.17565E-1 7.41457E-1 7.49831E-1 7.90225E-1 8.25312E-1 8.00436E-1 8.48802E-1 7.98464E-1 7.82882E-1 7.15759E-1 7.52983E-1 8.07093E-1 8.35792E-1 8.43286E-1 7.9354E-1 7.80714E-1 8.19551E-1 8.33545E-1 8.35859E-1 7.91891E-1 7.95892E-1 7.8309E-1 7.89657E-1 8.17098E-1 8.31643E-1 8.51054E-1 8.28454E-1 8.11131E-1 8.17619E-1 7.49212E-1 -9999 3.88023E-1 -9999
4.51952E-1 4.89109E-1 5.25279E-1 5.51354E-1 5.6152E-1 5.62264E-1 5.63177E-1 5.78555E-1 5.9861E-1 6.08107E-1 6.0076E-1 5.88825E-1 5.68524E-1 5.67596E-1 5.74839E-1 5.78073E-1 6.3944E-1 7.73876E-1 8.25335E-1 7.47281E-1 7.03354E-1 6.50118E-1 7.43246E-1 7.84838E-1 7.29928E-1 7.0832E-1 6.9865E-1 7.01373E-1 7.49548E-1 7.60467E-1 7.70586E-1 8.2936E-1 8.43882E-1 8.53254E-1 8.46573E-1 8.14662E-1 7.90533E-1 7.8125E-1 7.44942E-1 8.14114E-1 8.68994E-1 8.58702E-1 8.22594E-1 7.99377E-1 8.38175E-1 8.56655E-1 8.84226E-1 8.72391E-1 8.09719E-1 7.91825E-1 7.88766E-1 8.05874E-1 8.3724E-1 8.65873E-1 -9999 -9999 -9999 -9999 -9999 -9999 -9999
4.71302E-1 5.40192E-1 6.34013E-1 7.44208E-1 7.58048E-1 7.38164E-1 7.384E-1 7.53119E-1 7.06835E-1 6.35265E-1 6.41462E-1 6.22302E-1 5.83762E-1 5.98783E-1 6.90222E-1 8.96737E-1 8.9487E-1 8.84901E-1 8.59821E-1 8.26692E-1 8.0811E-1 7.68201E-1 7.58763E-1 7.80714E-1 7.67458E-1 7.43496E-1 7.31139E-1 7.43125E-1 7.77406E-1 8.28848E-1 8.1187E-1 8.60224E-1 8.75458E-1 8.63811E-1 8.27469E-1 8.19556E-1 7.95235E-1 7.89447E-1 7.77579E-1 8.47646E-1 8.81876E-1 8.58334E-1 8.48011E-1 8.4398E-1 8.70407E-1 8.77585E-1 8.64207E-1 8.52812E-1 8.3968E-1 8.15222E-1 8.11953E-1 8.31462E-1 8.55819E-1 -9999 -9999 -9999 -9999 -9999 -9999 -9999 -9999
8.49538E-1 9.15551E-1 9.10718E-1 8.95762E-1 8.72797E-1 8.40306E-1 8.128E-1 8.00136E-1 8.47165E-1 8.78252E-1 8.78858E-1 8.67298E-1 8.38543E-1 8.55362E-1 8.76852E-1 8.89589E-1 8.99631E-1 8.9949E-1 9.01061E-1 8.97455E-1 8.7809E-1 8.54212E-1 8.59945E-1 8.4185E-1 8.30295E-1 7.9093E-1 7.90815E-1 7.95325E-1 8.04291E-1 8.7566E-1 8.80041E-1 8.7738E-1 8.83153E-1 8.31689E-1 8.19644E-1 8.23031E-1 7.98582E-1 7.74817E-1 7.97012E-1 8.70733E-1 8.90788E-1 8.49386E-1 8.31307E-1 8.71234E-1 8.99249E-1 9.01033E-1 8.92538E-1 8.82424E-1 8.77615E-1 8.47716E-1 8.49841E-1 8.71576E-1 -9999 -9999 -9999 -9999 -9999 -9999 -9999 -9999 -9999
9.06496E-1 9.21844E-1 9.2047E-1 8.96827E-1 8.66425E-1 8.21839E-1 7.87357E-1 7.92755E-1 8.27512E-1 8.48194E-1 8.46555E-1 8.39221E-1 8.24817E-1 8.42321E-1 8.66348E-1 8.70537E-1 8.77242E-1 8.86101E-1 8.83318E-1 8.77888E-1 8.58999E-1 8.40767E-1 8.46584E-1 8.52019E-1 8.52462E-1 8.41561E-1 8.52033E-1 8.64637E-1 8.80223E-1 8.99547E-1 8.95774E-1 8.85411E-1 8.76618E-1 8.31783E-1 8.09041E-1 8.34994E-1 7.83985E-1 7.6052E-1 8.34198E-1 8.68884E-1 8.91791E-1 8.59205E-1 8.41181E-1 8.76405E-1 8.92766E-1 9.06364E-1 9.05399E-1 9.10767E-1 9.05536E-1 8.97818E-1 9.03443E-1 8.97746E-1 -9999 -9999 -9999 -9999 -9999 -9999 -9999 -9999 -9999
8.81689E-1 8.91715E-1 9.0887E-1 8.93242E-1 8.45316E-1 8.04722E-1 7.75949E-1 7.72629E-1 7.79096E-1 7.91182E-1 7.99805E-1 8.02488E-1 8.13822E-1 8.29422E-1 8.48873E-1 8.32764E-1 8.35521E-1 8.56292E-1 8.56184E-1 8.46804E-1 8.21537E-1 8.27245E-1 8.29529E-1 8.26021E-1 8.32277E-1 8.48122E-1 8.55584E-1 8.54325E-1 8.70327E-1 8.74991E-1 8.83984E-1 8.81596E-1 8.68473E-1 8.30007E-1 8.09847E-1 8.34605E-1 7.69163E-1 7.59824E-1 8.14292E-1 8.89071E-1 8.96715E-1 8.92712E-1 8.61927E-1 8.77223E-1 8.88122E-1 8.95037E-1 8.90311E-1 9.19241E-1 9.2093E-1 9.24107E-1 9.23079E-1 8.10478E-1 -9999 -9999 -9999 -9999 -9999 -9999 -9999 -9999 -9999
6.19667E-1 8.86628E-1 8.86333E-1 8.49935E-1 8.08852E-1 7.782E-1 7.71984E-1 7.54595E-1 7.41945E-1 7.24387E-1 7.3166E-1 7.71223E-1 7.90307E-1 8.05627E-1 8.19145E-1 8.13118E-1 8.21977E-1 8.24301E-1 8.33091E-1 8.16599E-1 8.0081E-1 8.14871E-1 8.18548E-1 8.10858E-1 8.1474E-1 8.35688E-1 8.29513E-1 8.53118E-1 8.64701E-1 8.73583E-1 8.74382E-1 8.63721E-1 8.39269E-1 8.44146E-1 8.53101E-1 8.62283E-1 8.11161E-1 8.03707E-1 8.32442E-1 8.86937E-1 9.00911E-1 8.88185E-1 8.83861E-1 8.75912E-1 9.01983E-1 8.97747E-1 9.0372E-1 9.22843E-1 9.32844E-1 9.39057E-1 9.4384E-1 9.2185E-1 -9999 -9999 -9999 -9999 -9999 -9999 -9999 -9999 -9999
8.4331E-1 8.39853E-1 8.19085E-1 7.99419E-1 7.77233E-1 7.47383E-1 7.42823E-1 7.33625E-1 7.15612E-1 6.99026E-1 7.01949E-1 7.18231E-1 7.64996E-1 7.79162E-1 7.89604E-1 8.12066E-1 8.29181E-1 8.49757E-1 8.47029E-1 8.42525E-1 8.25837E-1 8.31245E-1 8.30447E-1 8.20783E-1 8.13112E-1 8.15194E-1 7.98374E-1 8.14186E-1 8.50705E-1 8.6194E-1 8.6785E-1 8.63575E-1 8.27192E-1 8.52341E-1 8.63596E-1 8.62359E-1 8.36096E-1 8.40746E-1 8.73723E-1 8.99318E-1 9.08208E-1 9.03591E-1 9.01217E-1 9.02443E-1 9.14253E-1 9.12107E-1 9.20634E-1 9.29048E-1 9.41933E-1 9.44731E-1 9.41641E-1 9.31617E-1 -9999 -9999 -9999 -9999 -9999 -9999 -9999 -9999 -9999
7.92498E-1 8.12702E-1 7.91127E-1 7.62004E-1 7.28753E-1 7.1104E-1 6.91647E-1 6.75306E-1 6.80278E-1 6.70411E-1 6.81364E-1 7.22387E-1 7.44553E-1 7.60536E-1 7.77364E-1 8.0106E-1 8.26382E-1 8.41349E-1 8.62342E-1 8.69375E-1 8.54896E-1 8.48298E-1 8.44514E-1 8.30532E-1 8.18222E-1 7.92967E-1 7.72478E-1 7.95493E-1 8.31959E-1 8.50222E-1 8.6147E-1 8.61454E-1 8.39321E-1 8.57504E-1 8.82545E-1 8.79285E-1 8.4419E-1 8.45494E-1 8.87715E-1 9.08123E-1 9.23165E-1 9.30916E-1 9.10489E-1 9.20343E-1 9.26091E-1 9.17718E-1 9.22243E-1 9.31462E-1 9.45882E-1 9.52601E-1 -9999 -9999 -9999 -9999 -9999 -9999 -9999 -9999 -9999 -9999 -9999
7.80884E-1 7.73148E-1 7.59787E-1 7.41331E-1 7.11184E-1 6.80364E-1 6.61676E-1 6.40358E-1 6.55763E-1 6.75698E-1 6.8142E-1 7.1116E-1 7.43289E-1 7.69889E-1 7.9331E-1 7.98605E-1 8.33283E-1 8.5854E-1 8.77642E-1 8.84679E-1 8.75655E-1 8.59537E-1 8.45567E-1 8.26655E-1 7.96561E-1 7.81527E-1 7.70536E-1 7.93086E-1 8.27805E-1 8.38414E-1 8.64458E-1 8.75589E-1 8.48208E-1 8.77694E-1 8.88486E-1 8.85688E-1 8.68967E-1 8.7807E-1 9.19656E-1 9.22934E-1 9.34109E-1 9.34699E-1 9.26236E-1 9.28174E-1 9.25764E-1 9.2483E-1 9.21965E-1 9.33167E-1 9.45992E-1 9.45036E-1 9.39729E-1 -9999 -9999 -9999 -9999 -9999 -9999 -9999 -9999 -9999 -9999
7.91736E-1 7.91906E-1 7.6105E-1 7.55677E-1 7.27818E-1 6.69688E-1 6.4098E-1 6.33078E-1 6.2576E-1 6.50667E-1 6.75883E-1 7.16257E-1 7.58056E-1 7.92804E-1 8.17975E-1 8.31946E-1 8.48974E-1 8.66646E-1 8.83834E-1 8.85248E-1 8.75773E-1 8.60449E-1 8.47836E-1 8.45237E-1 8.28653E-1 8.13809E-1 8.06098E-1 8.03145E-1 8.06379E-1 8.63994E-1 9.01016E-1 8.70217E-1 8.69874E-1 8.76393E-1 8.95876E-1 8.95715E-1 8.86217E-1 9.05363E-1 9.21518E-1 9.26741E-1 9.39513E-1 9.35064E-1 9.32032E-1 9.26732E-1 9.30871E-1 9.23105E-1 9.1912E-1 9.33952E-1 9.38132E-1 9.39551E-1 9.3411E-1 9.28697E-1 -9999 8.68063E-1 8.09251E-1 -9999 -9999 -9999 -9999 -9999 -9999
7.90545E-1 7.84967E-1 7.58826E-1 7.46761E-1 7.16045E-1 6.77619E-1 6.43985E-1 6.37484E-1 6.43279E-1 6.64215E-1 6.83991E-1 7.11538E-1 7.47749E-1 7.60615E-1 8.08984E-1 8.36455E-1 8.50816E-1 8.46687E-1 8.52327E-1 8.51857E-1 8.60005E-1 8.48752E-1 8.37908E-1 8.60374E-1 8.42318E-1 8.20094E-1 8.04107E-1 8.04107E-1 8.0594E-1 9.07419E-1 8.88873E-1 8.68067E-1 8.75506E-1 8.76072E-1 8.93337E-1 9.00391E-1 9.19172E-1 9.34328E-1 9.29438E-1 9.33667E-1 9.42109E-1 9.36351E-1 9.29019E-1 9.28271E-1 9.31093E-1 9.36258E-1 9.31133E-1 9.37756E-1 9.41994E-1 9.36974E-1 9.30051E-1 9.29722E-1 -9999 -9999 7.68489E-1 7.15364E-1 -9999 -9999 -9999 -9999 -9999
7.80357E-1 7.6471E-1 7.46354E-1 7.34169E-1 7.1094E-1 6.91056E-1 6.69042E-1 6.60841E-1 6.79759E-1 6.92072E-1 6.79786E-1 6.80402E-1 7.23274E-1 7.37891E-1 8.09377E-1 8.34861E-1 8.50179E-1 8.45667E-1 8.43703E-1 8.37237E-1 8.43364E-1 8.34773E-1 8.21617E-1 8.50609E-1 8.66223E-1 8.58526E-1 8.49445E-1 8.66708E-1 8.86458E-1 8.89866E-1 8.55348E-1 8.52642E-1 8.56791E-1 8.90701E-1 9.09023E-1 9.1524E-1 9.30363E-1 9.41044E-1 9.41904E-1 9.45624E-1 9.45373E-1 9.40096E-1 9.33276E-1 9.29565E-1 9.31931E-1 9.37971E-1 9.34135E-1 9.40222E-1 9.38503E-1 9.36544E-1 9.36749E-1 9.37591E-1 9.21988E-1 8.93057E-1 8.32682E-1 7.51619E-1 -9999 -9999 -9999 -9999 -9999
7.69168E-1 7.52033E-1 7.34748E-1 7.32599E-1 7.37858E-1 7.37697E-1 7.33159E-1 7.29029E-1 7.21222E-1 7.12762E-1 7.16269E-1 6.96971E-1 7.10882E-1 7.58399E-1 7.73208E-1 7.87214E-1 8.0376E-1 8.34976E-1 8.48627E-1 8.43117E-1 8.39224E-1 8.39828E-1 8.46467E-1 8.65584E-1 8.81762E-1 8.80385E-1 8.78901E-1 8.91182E-1 8.83126E-1 8.38336E-1 8.52145E-1 8.5794E-1 8.62231E-1 8.95564E-1 9.10078E-1 9.20715E-1 9.30902E-1 9.43923E-1 9.47087E-1 9.51108E-1 9.46232E-1 9.42518E-1 9.39228E-1 9.39101E-1 9.36451E-1 9.30098E-1 9.3325E-1 9.35559E-1 9.38013E-1 9.38793E-1 9.3017E-1 9.24431E-1 9.21941E-1 9.12994E-1 8.44899E-1 5.8565E-1 -9999 -9999 -9999 -9999 -9999
7.75868E-1 7.655E-1 7.61572E-1 7.64887E-1 7.70792E-1 7.73342E-1 7.76792E-1 7.72725E-1 7.69742E-1 7.62158E-1 7.6977E-1 7.67869E-1 7.91771E-1 8.15069E-1 8.11308E-1 7.97397E-1 7.72322E-1 7.63228E-1 8.07187E-1 8.3718E-1 8.37866E-1 8.47212E-1 8.47604E-1 8.80608E-1 8.8026E-1 8.91028E-1 8.93262E-1 8.87418E-1 8.53593E-1 8.49236E-1 8.81813E-1 8.96037E-1 8.94234E-1 8.99092E-1 9.13052E-1 9.2144E-1 9.38971E-1 9.498E-1 9.50785E-1 9.47238E-1 9.45075E-1 9.43502E-1 9.44577E-1 9.42364E-1 9.38916E-1 9.29721E-1 9.28007E-1 9.35758E-1 9.38738E-1 8.39671E-1 8.77932E-1 9.26459E-1 8.42159E-1 5.23287E-1 5.85108E-1 -9999 -9999 -9999 -9999 -9999 -9999
8.08964E-1 8.02995E-1 7.9567E-1 7.92423E-1 7.96305E-1 7.83438E-1 7.98785E-1 8.04505E-1 8.01356E-1 8.13806E-1 8.20596E-1 8.23811E-1 8.27437E-1 8.37904E-1 8.2791E-1 8.19641E-1 8.15616E-1 8.11102E-1 8.23435E-1 8.32358E-1 8.41336E-1 8.20601E-1 8.37416E-1 8.67139E-1 8.79366E-1 8.92439E-1 8.91979E-1 8.7361E-1 8.71688E-1 8.87604E-1 8.96229E-1 9.0429E-1 8.8325E-1 9.08096E-1 9.24793E-1 9.34939E-1 9.47224E-1 9.58414E-1 9.57951E-1 9.51488E-1 9.46041E-1 9.4718E-1 9.47129E-1 9.40311E-1 9.44143E-1 8.87435E-1 -9999 -9999 -9999 -9999 8.37698E-1 -9999 -9999 6.75936E-1 7.3611E-1 7.27286E-1 -9999 -9999 -9999 -9999 -9999
8.2072E-1 8.26433E-1 8.17395E-1 8.18301E-1 8.18544E-1 8.13227E-1 8.1665E-1 8.17376E-1 8.39244E-1 8.32695E-1 8.34699E-1 8.40799E-1 8.52462E-1 8.33027E-1 8.01148E-1 8.11074E-1 7.9829E-1 8.26286E-1 8.30531E-1 8.20711E-1 8.16275E-1 8.23533E-1 8.48968E-1 8.81695E-1 8.94604E-1 8.88272E-1 8.67527E-1 8.95913E-1 9.1416E-1 9.07617E-1 8.9583E-1 9.27351E-1 9.16483E-1 9.23781E-1 9.2806E-1 9.4237E-1 9.63536E-1 -9999 -9999 9.46114E-1 9.4967E-1 9.39802E-1 9.28771E-1 9.12704E-1 -9999 9.21643E-1 -9999 -9999 -9999 -9999 -9999 -9999 -9999 -9999 -9999 -9999 -9999 -9999 -9999 -9999 -9999
8.27702E-1 8.29738E-1 8.38503E-1 8.35517E-1 8.3524E-1 8.30618E-1 8.4542E-1 8.68008E-1 8.49666E-1 8.45538E-1 8.45998E-1 8.60795E-1 8.47389E-1 8.30038E-1 8.36243E-1 8.17797E-1 8.08965E-1 8.34065E-1 8.33882E-1 8.29899E-1 8.52803E-1 8.71005E-1 8.70912E-1 8.79123E-1 8.77293E-1 8.70947E-1 8.84797E-1 9.039E-1 9.06687E-1 9.04834E-1 8.79843E-1 9.36867E-1 9.22664E-1 9.40308E-1 9.48022E-1 9.54193E-1 9.58219E-1 9.53907E-1 9.47243E-1 9.37501E-1 9.42425E-1 9.44234E-1 9.44297E-1 -9999 -9999 -9999 -9999 -9999 -9999 -9999 -9999 -9999 -9999 -9999 -9999 -9999 -9999 -9999 -9999 -9999 -9999
8.2015E-1 8.33423E-1 8.41902E-1 8.48645E-1 8.49459E-1 8.7414E-1 8.75662E-1 8.78168E-1 8.83806E-1 8.64306E-1 8.75548E-1 8.76961E-1 8.7019E-1 8.58713E-1 8.56002E-1 8.43997E-1 8.45319E-1 8.49787E-1 8.6351E-1 8.75329E-1 8.66341E-1 8.49609E-1 8.49801E-1 8.41558E-1 8.76387E-1 8.7935E-1 8.65154E-1 8.75113E-1 8.85981E-1 8.99514E-1 8.97677E-1 9.22084E-1 9.30649E-1 9.19208E-1 9.38334E-1 9.47415E-1 9.49143E-1 9.44577E-1 9.38014E-1 9.22131E-1 -9999 -9999 -9999 -9999 -9999 -9999 -9999 -9999 -9999 -9999 -9999 -9999 -9999 -9999 -9999 -9999 -9999 -9999 -9999 -9999 -9999
8.3464E-1 8.48069E-1 8.56739E-1 8.6276E-1 8.80648E-1 8.90144E-1 8.83865E-1 8.88322E-1 8.82558E-1 8.67081E-1 8.58679E-1 8.72542E-1 8.7236E-1 8.74672E-1 8.74286E-1 8.76441E-1 8.68224E-1 8.79319E-1 8.76618E-1 8.71059E-1 8.57902E-1 8.44892E-1 8.73296E-1 8.79698E-1 8.76065E-1 8.72341E-1 7.9676E-1 8.18418E-1 8.54066E-1 8.82798E-1 9.16685E-1 9.27674E-1 9.20703E-1 9.15819E-1 9.28241E-1 9.04752E-1 7.40935E-1 -9999 -9999 -9999 -9999 -9999 -9999 -9999 -9999 -9999 -9999 -9999 -9999 -9999 -9999 -9999 -9999 -9999 -9999 -9999 -9999 -9999 -9999 -9999 -9999
