data/maxent/outputs/red_193.asc
ncols         426
nrows         180
xllcorner     -130.0
yllcorner     24.0
cellsize      0.16666666666666666
NODATA_value  -9999
[rows 0 to 26 of 180, columns 122 to 182 of 426]
6.53242E-2 6.22905E-2 6.23642E-2 4.34855E-2 4.53775E-2 4.5784E-2 6.32919E-2 6.68579E-2 5.6987E-2 5.26445E-2 5.2014E-2 5.47378E-2 5.66523E-2 5.82091E-2 6.01584E-2 6.16301E-2 6.31384E-2 5.72352E-2 5.2633E-2 5.21516E-2 5.66583E-2 5.48833E-2 5.45361E-2 5.64108E-2 4.94829E-2 4.87603E-2 4.28411E-2 3.83018E-2 3.80121E-2 3.98964E-2 4.1978E-2 4.13182E-2 4.12787E-2 4.10193E-2 4.12089E-2 4.17398E-2 4.28018E-2 4.70073E-2 4.69875E-2 4.92204E-2 4.76024E-2 4.78644E-2 4.61539E-2 4.54963E-2 4.38467E-2 3.81796E-2 3.48809E-2 3.39008E-2 3.41873E-2 3.30765E-2 3.13211E-2 3.3079E-2 3.40738E-2 3.4056E-2 3.71114E-2 4.3701E-2 4.8665E-2 4.02592E-2 4.04963E-2 3.99957E-2 3.16298E-2
4.48126E-2 4.0183E-2 3.79981E-2 3.80159E-2 3.89726E-2 3.92309E-2 4.19861E-2 4.50747E-2 6.36622E-2 6.97982E-2 5.62051E-2 5.61657E-2 5.515E-2 5.80392E-2 6.073E-2 6.09264E-2 6.18769E-2 6.09814E-2 5.63003E-2 5.24784E-2 5.82571E-2 6.03032E-2 5.94608E-2 5.56415E-2 5.30527E-2 5.52875E-2 5.28967E-2 4.44119E-2 4.6264E-2 4.55139E-2 4.63276E-2 4.9369E-2 4.89656E-2 5.27028E-2 4.79671E-2 4.64151E-2 4.78467E-2 5.14983E-2 5.21094E-2 5.29162E-2 5.18871E-2 5.09116E-2 4.94293E-2 4.69367E-2 4.41475E-2 4.52474E-2 4.00038E-2 3.71689E-2 3.32658E-2 3.20743E-2 3.19754E-2 3.80945E-2 4.23911E-2 4.31285E-2 4.48676E-2 4.68955E-2 5.45959E-2 5.15279E-2 3.98198E-2 3.87164E-2 3.79604E-2
4.76885E-2 4.64167E-2 3.87886E-2 3.79284E-2 4.19092E-2 4.06743E-2 4.3338E-2 4.34183E-2 5.02253E-2 5.94774E-2 6.69211E-2 5.86057E-2 5.83156E-2 5.75238E-2 5.91464E-2 6.36958E-2 6.76199E-2 6.65844E-2 6.39525E-2 5.8773E-2 5.73592E-2 5.92294E-2 5.98868E-2 5.69239E-2 5.34779E-2 5.32798E-2 5.20612E-2 5.03106E-2 4.85883E-2 4.96743E-2 4.77276E-2 4.56599E-2 4.63523E-2 4.70187E-2 5.03272E-2 6.21597E-2 6.50048E-2 6.25835E-2 5.47264E-2 5.67868E-2 6.11123E-2 5.98963E-2 5.57089E-2 5.53959E-2 5.05705E-2 5.55453E-2 4.53773E-2 4.02327E-2 3.64821E-2 3.59623E-2 3.91235E-2 4.69595E-2 4.95376E-2 5.12553E-2 5.68928E-2 5.86695E-2 6.38881E-2 5.46257E-2 5.10858E-2 4.25934E-2 4.29397E-2
5.6936E-2 5.23243E-2 4.87327E-2 4.37831E-2 4.3888E-2 4.21207E-2 4.00737E-2 4.13835E-2 4.6028E-2 4.97688E-2 5.73641E-2 5.86652E-2 6.47282E-2 5.95721E-2 5.83461E-2 6.55871E-2 6.94153E-2 7.0142E-2 7.02146E-2 6.90947E-2 6.72052E-2 6.56074E-2 6.26226E-2 5.9567E-2 6.14148E-2 5.71737E-2 5.38846E-2 5.11734E-2 4.95111E-2 5.15323E-2 5.03593E-2 5.06735E-2 5.05996E-2 5.44895E-2 5.9288E-2 5.9644E-2 6.80418E-2 6.03892E-2 6.18309E-2 6.2743E-2 5.98828E-2 5.86788E-2 4.89692E-2 3.26367E-2 3.39263E-2 5.49419E-2 4.5322E-2 4.06684E-2 4.04383E-2 4.24201E-2 4.46682E-2 4.87798E-2 6.10519E-2 7.82827E-2 8.58134E-2 8.03319E-2 7.5014E-2 6.88077E-2 5.64642E-2 5.13172E-2 4.90746E-2
5.72577E-2 5.67041E-2 5.96303E-2 5.8043E-2 5.87035E-2 5.65365E-2 5.31357E-2 4.93334E-2 4.83733E-2 5.14745E-2 5.31683E-2 5.39408E-2 5.63395E-2 5.94209E-2 5.98388E-2 6.36186E-2 6.74773E-2 7.58366E-2 8.08733E-2 7.75532E-2 7.08061E-2 7.18063E-2 7.15154E-2 7.41633E-2 7.03355E-2 6.46313E-2 6.22314E-2 5.8932E-2 5.69881E-2 5.76175E-2 5.57604E-2 5.6155E-2 5.75643E-2 5.96836E-2 7.08442E-2 7.61954E-2 7.41374E-2 7.20534E-2 6.98358E-2 6.91508E-2 5.67212E-2 4.20799E-2 3.23099E-2 2.71787E-2 4.66174E-2 5.81715E-2 4.70917E-2 4.58271E-2 4.89392E-2 5.19355E-2 5.50118E-2 6.23965E-2 6.09757E-2 6.27884E-2 7.55422E-2 8.48613E-2 8.05838E-2 6.93546E-2 7.02832E-2 7.04772E-2 6.87189E-2
6.70258E-2 6.46498E-2 6.80452E-2 6.41066E-2 6.45466E-2 6.63423E-2 6.71656E-2 6.83001E-2 5.65936E-2 5.50706E-2 5.74882E-2 5.57828E-2 5.28281E-2 5.32709E-2 6.40885E-2 6.67755E-2 7.52953E-2 8.22476E-2 8.57893E-2 8.34591E-2 6.77212E-2 6.73993E-2 7.53906E-2 7.63425E-2 7.84751E-2 7.73887E-2 7.57591E-2 6.91405E-2 6.33566E-2 5.84456E-2 5.76338E-2 6.09635E-2 6.80363E-2 7.45213E-2 7.87305E-2 8.07473E-2 7.60986E-2 6.57434E-2 6.07753E-2 5.00843E-2 4.14942E-2 3.70097E-2 4.00823E-2 5.17331E-2 6.70069E-2 6.03626E-2 5.2345E-2 5.43898E-2 6.48455E-2 7.34915E-2 7.3506E-2 1.02593E-1 1.02125E-1 9.8489E-2 1.07146E-1 9.4931E-2 8.8734E-2 8.0501E-2 7.43376E-2 6.58209E-2 7.24431E-2
7.28231E-2 7.55856E-2 6.83916E-2 7.02187E-2 7.13352E-2 6.83721E-2 6.96481E-2 7E-2 7.05269E-2 7.40384E-2 7.64127E-2 7.07898E-2 5.85719E-2 5.81534E-2 5.9689E-2 6.87155E-2 8.57776E-2 8.86169E-2 9.17507E-2 8.4607E-2 7.27582E-2 6.80611E-2 7.77337E-2 8.43361E-2 7.97835E-2 7.92038E-2 7.80404E-2 7.90429E-2 7.59985E-2 7.0472E-2 6.82488E-2 7.02743E-2 7.28299E-2 7.87409E-2 7.83838E-2 7.00368E-2 6.6957E-2 6.65044E-2 6.28861E-2 5.14659E-2 5.00096E-2 4.83842E-2 5.70827E-2 5.96967E-2 6.29857E-2 5.93845E-2 6.40257E-2 7.1992E-2 9.02446E-2 1.15515E-1 1.14002E-1 1.11725E-1 1.35677E-1 1.27234E-1 1.05447E-1 1.22285E-1 9.43539E-2 7.7351E-2 7.76126E-2 7.93564E-2 6.98846E-2
6.00361E-2 6.48431E-2 6.67877E-2 6.42593E-2 6.69884E-2 6.20315E-2 6.29834E-2 8.15059E-2 8.23539E-2 8.20268E-2 8.13792E-2 8.03023E-2 7.50513E-2 7.02777E-2 7.65627E-2 8.56405E-2 9.23979E-2 9.80422E-2 9.37576E-2 8.55596E-2 7.8712E-2 8.43898E-2 8.59432E-2 8.43556E-2 7.76509E-2 6.98841E-2 7.21461E-2 7.37614E-2 7.3253E-2 7.17266E-2 6.6068E-2 6.48779E-2 6.75976E-2 7.1391E-2 7.37487E-2 6.93541E-2 7.26706E-2 7.98195E-2 7.02785E-2 6.2481E-2 5.90189E-2 6.2322E-2 6.17668E-2 6.02984E-2 6.083E-2 6.72446E-2 7.08297E-2 7.22142E-2 7.17584E-2 6.58969E-2 8.97778E-2 1.23335E-1 1.32211E-1 1.35578E-1 1.04805E-1 1.30504E-1 1.03088E-1 1.09067E-1 8.17048E-2 7.82026E-2 7.75394E-2
7.99213E-2 6.87621E-2 5.85594E-2 5.25425E-2 5.60378E-2 5.54674E-2 5.6069E-2 6.18938E-2 6.71808E-2 8.16987E-2 1.005E-1 9.55776E-2 8.54929E-2 8.0458E-2 8.67153E-2 8.84921E-2 9.02066E-2 8.83784E-2 8.6656E-2 8.60712E-2 8.95396E-2 9.74383E-2 9.46338E-2 7.99446E-2 7.88946E-2 7.41115E-2 7.47415E-2 7.13565E-2 6.54914E-2 6.03735E-2 6.03961E-2 6.21538E-2 6.22976E-2 6.65851E-2 7.19716E-2 7.3704E-2 7.27139E-2 7.33132E-2 6.92712E-2 6.99759E-2 6.98964E-2 6.8487E-2 6.74763E-2 6.75285E-2 6.19182E-2 5.64361E-2 4.4894E-2 4.06918E-2 4.20337E-2 4.44121E-2 5.73187E-2 1.03613E-1 1.28458E-1 1.54184E-1 1.12619E-1 1.22193E-1 1.04626E-1 1.04855E-1 1.06008E-1 8.29769E-2 8.72536E-2
8.77732E-2 7.61062E-2 6.47227E-2 5.6198E-2 5.219E-2 5.32758E-2 5.21085E-2 5.18504E-2 5.66908E-2 5.98814E-2 8.0032E-2 8.99564E-2 9.40656E-2 9.47409E-2 9.53093E-2 9.17704E-2 8.58895E-2 8.21691E-2 8.4856E-2 9.18361E-2 9.61799E-2 9.6479E-2 9.10506E-2 8.4889E-2 8.27184E-2 7.84338E-2 7.53048E-2 7.66543E-2 7.06252E-2 6.94328E-2 6.66183E-2 6.72867E-2 6.71994E-2 7.00912E-2 7.2854E-2 7.38931E-2 7.19731E-2 6.44381E-2 6.13835E-2 6.30165E-2 6.5691E-2 6.51419E-2 6.26627E-2 5.88566E-2 5.43108E-2 4.71419E-2 4.22072E-2 4.24452E-2 4.48165E-2 5.60972E-2 6.96974E-2 1.13334E-1 1.16672E-1 1.54673E-1 1.42326E-1 1.39256E-1 1.17015E-1 1.21484E-1 1.21301E-1 1.02344E-1 8.581E-2
9.50147E-2 8.03814E-2 7.62769E-2 6.36256E-2 5.45636E-2 5.4679E-2 5.4013E-2 5.67629E-2 6.21638E-2 6.43388E-2 6.5972E-2 8.96426E-2 9.58746E-2 9.64606E-2 9.13439E-2 8.9007E-2 8.37663E-2 7.744E-2 8.60957E-2 8.59218E-2 9.02927E-2 8.64119E-2 8.77691E-2 8.55412E-2 8.70035E-2 8.5796E-2 8.10067E-2 7.3784E-2 7.09407E-2 7.16342E-2 7.23086E-2 7.39147E-2 7.40671E-2 7.76663E-2 7.83441E-2 7.83176E-2 7.68523E-2 6.8007E-2 5.87069E-2 5.79267E-2 5.99925E-2 5.99868E-2 5.36483E-2 5.61328E-2 5.70456E-2 5.04411E-2 4.84284E-2 5.79001E-2 6.10736E-2 7.96735E-2 1.02639E-1 1.08578E-1 1.13395E-1 1.26466E-1 1.21405E-1 1.20777E-1 1.26132E-1 1.42412E-1 1.17967E-1 1.01904E-1 9.44184E-2
8.84807E-2 7.85079E-2 6.65688E-2 4.84709E-2 5.28305E-2 5.76858E-2 5.87732E-2 6.35929E-2 6.77935E-2 7.1776E-2 7.3376E-2 8.50568E-2 9.44493E-2 9.26552E-2 9.37985E-2 9.20782E-2 8.59944E-2 8.84719E-2 9.22574E-2 8.00185E-2 8.71839E-2 9.02371E-2 9.09985E-2 9.6518E-2 9.63846E-2 8.85249E-2 8.15937E-2 7.74962E-2 7.61807E-2 7.93301E-2 8.01623E-2 8.23173E-2 8.10037E-2 8.28192E-2 8.52025E-2 8.19167E-2 7.65122E-2 7.11592E-2 6.4381E-2 5.75858E-2 6.15475E-2 5.9279E-2 5.44141E-2 5.5414E-2 5.72231E-2 5.672E-2 5.6432E-2 6.67837E-2 7.82608E-2 8.44321E-2 1.00089E-1 1.14587E-1 1.1024E-1 1.16294E-1 1.15112E-1 1.12703E-1 1.22034E-1 1.48072E-1 1.24322E-1 1.02673E-1 1.2332E-1
5.70147E-2 5.76982E-2 5.18301E-2 4.76766E-2 4.4657E-2 5.41791E-2 5.83707E-2 6.45337E-2 7.16544E-2 7.79041E-2 9.1454E-2 9.04083E-2 1.01634E-1 9.44998E-2 9.45748E-2 8.82858E-2 7.81796E-2 7.93172E-2 8.53875E-2 8.17616E-2 8.52095E-2 9.92286E-2 1.0613E-1 1.08548E-1 9.98329E-2 9.41272E-2 8.76553E-2 8.28713E-2 8.25855E-2 8.40725E-2 8.67058E-2 9.70211E-2 8.71967E-2 8.76664E-2 8.5782E-2 8.60267E-2 8.20442E-2 7.67566E-2 7.13416E-2 6.62383E-2 6.55611E-2 6.61067E-2 6.48903E-2 6.64108E-2 6.51292E-2 6.77665E-2 7.33922E-2 7.5252E-2 7.8822E-2 8.05894E-2 8.3319E-2 7.35463E-2 6.34973E-2 7.45144E-2 1.11731E-1 1.17227E-1 1.07069E-1 1.53547E-1 1.47662E-1 1.14131E-1 1.12333E-1
4.78425E-2 4.44765E-2 4.73821E-2 4.44609E-2 4.57312E-2 5.26765E-2 6.05758E-2 6.54916E-2 5.89346E-2 6.09518E-2 6.91206E-2 8.64139E-2 9.86372E-2 9.96059E-2 8.83823E-2 8.06741E-2 7.38533E-2 7.66281E-2 8.21166E-2 7.37731E-2 7.26436E-2 8.46113E-2 1.02409E-1 1.1242E-1 1.08017E-1 1.05485E-1 9.72021E-2 8.34097E-2 8.26901E-2 8.54647E-2 9.32726E-2 8.95625E-2 8.15382E-2 8.62337E-2 8.85271E-2 9.12466E-2 9.08597E-2 8.37856E-2 8.16317E-2 7.6153E-2 8.0433E-2 7.92783E-2 7.69314E-2 7.611E-2 7.53283E-2 7.60954E-2 7.9294E-2 6.77142E-2 5.94406E-2 5.94355E-2 6.04289E-2 5.57942E-2 5.48578E-2 6.52987E-2 9.26199E-2 9.98632E-2 1.06487E-1 1.3426E-1 1.62809E-1 1.40615E-1 1.27419E-1
4.67141E-2 4.92962E-2 4.72929E-2 5.12027E-2 5.19975E-2 4.94389E-2 6.4902E-2 7.8452E-2 6.93192E-2 6.02055E-2 7.25943E-2 8.30047E-2 9.14604E-2 9.65919E-2 9.40355E-2 8.96655E-2 7.11964E-2 7.24441E-2 7.79122E-2 7.40222E-2 6.71377E-2 7.10746E-2 8.46299E-2 1.01768E-1 1.12883E-1 1.19637E-1 1.0877E-1 9.32463E-2 8.41065E-2 8.88139E-2 8.50398E-2 7.75628E-2 7.57768E-2 8.17592E-2 8.99306E-2 9.18998E-2 9.32927E-2 9.18251E-2 9.20745E-2 9.08089E-2 9.06331E-2 9.15167E-2 9.29782E-2 9.496E-2 8.96216E-2 8.35138E-2 7.28695E-2 6.1303E-2 5.37521E-2 5.30562E-2 5.53981E-2 5.64794E-2 5.39031E-2 5.89951E-2 7.98016E-2 1.05717E-1 1.10383E-1 1.17486E-1 1.39451E-1 1.57089E-1 1.46366E-1
5.90016E-2 6.68609E-2 6.17009E-2 5.47049E-2 6.31159E-2 6.54825E-2 6.97095E-2 7.58005E-2 7.97737E-2 8.23824E-2 8.35383E-2 8.78492E-2 9.58505E-2 9.84097E-2 9.34418E-2 9.21723E-2 7.70992E-2 7.32342E-2 7.17896E-2 7.81534E-2 7.65367E-2 7.45538E-2 8.73675E-2 9.16389E-2 1.09378E-1 1.28802E-1 1.14943E-1 1.04408E-1 9.70381E-2 9.24032E-2 8.32523E-2 7.92514E-2 8.56106E-2 8.65683E-2 8.73809E-2 9.25234E-2 9.25186E-2 9.17309E-2 8.90001E-2 9.38894E-2 1.01797E-1 9.75936E-2 9.97716E-2 1.01006E-1 9.85731E-2 9.6211E-2 8.94434E-2 7.69596E-2 5.48235E-2 5.10705E-2 5.31985E-2 6.15215E-2 6.13921E-2 6.49388E-2 8.07468E-2 1.09318E-1 1.14406E-1 1.22124E-1 1.5608E-1 1.36845E-1 1.38894E-1
7.14674E-2 7.94426E-2 7.24191E-2 5.61117E-2 5.01055E-2 6.09116E-2 7.05109E-2 8.15832E-2 8.96392E-2 9.14702E-2 9.39965E-2 9.78137E-2 9.85876E-2 1.01139E-1 1.08178E-1 1.14112E-1 1.01716E-1 7.48165E-2 7.74283E-2 8.86615E-2 8.71748E-2 8.83419E-2 9.54544E-2 1.05611E-1 1.18032E-1 1.38091E-1 1.31972E-1 1.24596E-1 1.15067E-1 1.05277E-1 9.54652E-2 9.20267E-2 8.22534E-2 8.58877E-2 9.46911E-2 9.57908E-2 9.66712E-2 9.31668E-2 9.04348E-2 9.60293E-2 1.04646E-1 1.05083E-1 1.00368E-1 1.02577E-1 1.01672E-1 1.05083E-1 9.59876E-2 9.06544E-2 8.86396E-2 6.94835E-2 7.62398E-2 7.62183E-2 8.12069E-2 8.81577E-2 9.85805E-2 1.12445E-1 1.25778E-1 1.34703E-1 1.58255E-1 1.74456E-1 1.66839E-1
7.77971E-2 7.64103E-2 7.66626E-2 7.70804E-2 7.8001E-2 6.88952E-2 7.02892E-2 8.37582E-2 1.13549E-1 1.13762E-1 1.21126E-1 1.29903E-1 1.15981E-1 1.10174E-1 1.14233E-1 1.1015E-1 1.00088E-1 1.04931E-1 9.05221E-2 9.85399E-2 1.0367E-1 1.02938E-1 1.0932E-1 1.30675E-1 1.39889E-1 1.52541E-1 1.38942E-1 1.33455E-1 1.20199E-1 1.09888E-1 1.14041E-1 1.10542E-1 1.03878E-1 9.93623E-2 9.71727E-2 9.7467E-2 9.78434E-2 9.90855E-2 1.0125E-1 1.05264E-1 1.03136E-1 1.02599E-1 1.0181E-1 1.08363E-1 1.12809E-1 1.14596E-1 1.10262E-1 1.02279E-1 1.04272E-1 9.57135E-2 8.59998E-2 8.46675E-2 9.47983E-2 1.05535E-1 1.06935E-1 1.12298E-1 1.1891E-1 1.32845E-1 1.46419E-1 1.67883E-1 1.66227E-1
1.07205E-1 1.0014E-1 9.436E-2 9.6366E-2 9.11807E-2 1.00028E-1 1.16521E-1 1.14098E-1 1.27624E-1 1.13573E-1 1.22461E-1 1.32009E-1 1.33429E-1 1.1836E-1 1.15265E-1 1.20332E-1 1.45817E-1 1.16084E-1 1.16302E-1 1.14682E-1 1.26434E-1 1.29349E-1 1.3104E-1 1.35312E-1 1.61151E-1 1.67795E-1 1.67369E-1 1.44048E-1 1.32574E-1 1.24004E-1 1.32535E-1 1.24871E-1 1.1607E-1 1.11224E-1 1.03825E-1 9.87562E-2 9.44483E-2 9.79686E-2 1.0383E-1 1.01296E-1 1.04433E-1 1.02088E-1 1.05237E-1 1.10995E-1 1.20598E-1 1.17847E-1 1.17405E-1 1.11518E-1 1.08049E-1 1.09749E-1 8.44878E-2 7.07011E-2 7.78212E-2 7.97937E-2 7.67408E-2 7.21632E-2 7.30479E-2 6.23251E-2 6.80881E-2 1.13813E-1 1.60096E-1
1.76262E-1 1.48076E-1 1.32344E-1 1.37615E-1 1.26269E-1 1.36743E-1 1.6702E-1 1.69979E-1 1.50654E-1 1.48535E-1 1.37646E-1 1.27176E-1 1.40924E-1 1.63799E-1 1.70757E-1 1.70789E-1 1.5013E-1 1.47848E-1 1.34702E-1 1.33343E-1 1.22904E-1 1.20636E-1 1.32868E-1 1.45964E-1 1.57212E-1 1.60613E-1 1.62693E-1 1.48809E-1 1.36113E-1 1.35109E-1 1.31807E-1 1.28691E-1 1.19782E-1 1.15027E-1 1.14519E-1 1.18506E-1 1.06708E-1 1.05692E-1 1.02546E-1 1.03291E-1 1.0646E-1 1.07366E-1 1.04367E-1 1.10168E-1 1.1808E-1 1.27754E-1 1.29955E-1 1.21716E-1 1.15825E-1 1.1697E-1 9.04258E-2 7.75227E-2 7.87423E-2 7.33375E-2 7.14516E-2 7.04488E-2 6.28727E-2 5.78585E-2 5.62962E-2 5.59897E-2 1.04122E-1
1.68015E-1 1.67667E-1 1.39887E-1 1.48995E-1 1.54062E-1 1.65835E-1 1.8504E-1 1.98748E-1 1.94522E-1 1.7709E-1 1.88595E-1 1.89424E-1 1.93956E-1 1.69015E-1 1.4533E-1 1.42926E-1 1.38223E-1 1.52693E-1 1.49762E-1 1.47809E-1 1.39451E-1 1.40548E-1 1.31151E-1 1.47982E-1 1.55704E-1 1.52302E-1 1.51502E-1 1.44658E-1 1.42343E-1 1.41513E-1 1.3286E-1 1.16293E-1 1.08636E-1 1.05565E-1 1.06406E-1 1.10893E-1 1.1772E-1 1.16404E-1 1.11049E-1 1.12285E-1 1.10317E-1 1.04186E-1 1.0817E-1 1.15526E-1 1.26214E-1 1.3219E-1 1.36789E-1 1.39025E-1 1.31731E-1 1.31841E-1 1.0848E-1 9.32258E-2 8.72602E-2 7.95505E-2 7.17068E-2 7.67601E-2 6.96964E-2 5.98393E-2 5.08105E-2 5.29377E-2 6.60035E-2
1.84983E-1 1.71387E-1 1.77376E-1 1.72873E-1 1.91943E-1 2.05655E-1 2.13378E-1 2.14584E-1 2.11547E-1 1.98347E-1 1.92801E-1 2.0259E-1 2.11783E-1 1.89822E-1 1.67338E-1 1.54114E-1 1.46243E-1 1.50784E-1 1.50595E-1 1.41544E-1 1.58361E-1 1.44947E-1 1.59353E-1 1.75204E-1 1.80526E-1 1.74923E-1 1.66687E-1 1.65521E-1 1.58498E-1 1.55176E-1 1.93084E-1 1.43409E-1 1.29323E-1 1.11195E-1 1.08186E-1 1.13523E-1 1.13305E-1 1.08287E-1 1.12227E-1 1.04273E-1 9.79236E-2 9.59865E-2 1.00022E-1 1.13206E-1 1.27042E-1 1.24302E-1 1.26622E-1 1.43474E-1 1.47104E-1 1.50787E-1 1.44222E-1 1.18192E-1 1.06232E-1 1.02832E-1 9.10216E-2 7.33209E-2 6.51651E-2 6.54841E-2 5.83189E-2 5.37952E-2 8.15842E-2
1.98449E-1 1.89968E-1 1.89837E-1 2.11395E-1 2.31868E-1 2.37523E-1 2.41108E-1 2.46937E-1 2.35587E-1 2.42593E-1 2.4171E-1 2.41228E-1 2.31102E-1 2.29062E-1 2.12422E-1 1.86201E-1 1.66957E-1 1.59064E-1 1.60827E-1 1.48556E-1 1.41612E-1 1.29415E-1 1.34293E-1 1.69577E-1 2.30987E-1 1.96644E-1 1.80604E-1 1.70548E-1 1.67288E-1 1.66393E-1 1.76407E-1 1.70233E-1 1.59988E-1 1.3822E-1 1.19346E-1 1.10806E-1 1.10108E-1 1.05225E-1 1.07137E-1 1.00621E-1 9.88696E-2 9.85984E-2 1.01711E-1 1.13713E-1 1.22163E-1 1.21183E-1 1.27105E-1 1.45505E-1 1.55432E-1 1.62362E-1 1.63283E-1 1.51942E-1 1.2957E-1 1.17686E-1 1.08077E-1 8.41909E-2 7.41416E-2 7.11262E-2 6.97353E-2 8.55468E-2 1.25597E-1
2.22599E-1 2.30498E-1 2.4533E-1 2.54573E-1 2.70311E-1 2.92446E-1 2.79775E-1 2.71091E-1 2.5685E-1 2.4444E-1 2.37258E-1 2.14713E-1 2.04985E-1 2.24116E-1 2.21702E-1 2.1161E-1 1.7674E-1 1.44391E-1 1.57934E-1 1.64869E-1 1.76594E-1 2.24501E-1 2.25531E-1 1.576E-1 1.88315E-1 2.45148E-1 2.56418E-1 2.26273E-1 1.62853E-1 1.7579E-1 1.90776E-1 1.88741E-1 1.75356E-1 1.55525E-1 1.40377E-1 1.2976E-1 1.16232E-1 1.11627E-1 1.13019E-1 1.08955E-1 1.03275E-1 1.04208E-1 1.02848E-1 1.06413E-1 1.06796E-1 1.06098E-1 1.21532E-1 1.42308E-1 1.59524E-1 1.6792E-1 1.68028E-1 1.64495E-1 1.60858E-1 1.47259E-1 1.31975E-1 1.14113E-1 1.04938E-1 9.9086E-2 9.11471E-2 1.13962E-1 1.37652E-1
2.82494E-1 2.99222E-1 3.10979E-1 3.22176E-1 3.40549E-1 3.41749E-1 3.08647E-1 2.63289E-1 2.48492E-1 2.4911E-1 2.50783E-1 2.34662E-1 2.35433E-1 2.18961E-1 1.86118E-1 1.81679E-1 1.82907E-1 1.95385E-1 2.01518E-1 1.90702E-1 2.10143E-1 2.06811E-1 2.05607E-1 1.91971E-1 1.8565E-1 2.10455E-1 2.25426E-1 2.4041E-1 2.53621E-1 2.71552E-1 2.27375E-1 1.98636E-1 1.8725E-1 1.76374E-1 1.54795E-1 1.3937E-1 1.35862E-1 1.29248E-1 1.24871E-1 1.24225E-1 1.15734E-1 1.01101E-1 9.69624E-2 1.03401E-1 1.03158E-1 1.03584E-1 1.1517E-1 1.36241E-1 1.52047E-1 1.67295E-1 1.7843E-1 1.72853E-1 1.77196E-1 1.75047E-1 1.66555E-1 1.72714E-1 1.60169E-1 1.40086E-1 1.43426E-1 1.53222E-1 1.7917E-1
3.45068E-1 3.73582E-1 3.87209E-1 3.67297E-1 3.53082E-1 3.26438E-1 2.83207E-1 2.57119E-1 2.41466E-1 2.36493E-1 2.34386E-1 2.36233E-1 2.31647E-1 2.24191E-1 2.20952E-1 1.98243E-1 1.91917E-1 2.00722E-1 2.2496E-1 2.53632E-1 2.62005E-1 2.61526E-1 2.56667E-1 2.56491E-1 2.3195E-1 2.15972E-1 1.8177E-1 1.71443E-1 2.1336E-1 2.76299E-1 2.80736E-1 2.72612E-1 2.62814E-1 1.89021E-1 1.7347E-1 1.55357E-1 1.46175E-1 1.44108E-1 1.39072E-1 1.38573E-1 1.33256E-1 1.22959E-1 1.04937E-1 1.02314E-1 1.02049E-1 1.09468E-1 1.23693E-1 1.38984E-1 1.58636E-1 1.68815E-1 1.79344E-1 1.80885E-1 1.86483E-1 2.03951E-1 2.02132E-1 1.93922E-1 1.81324E-1 1.80156E-1 1.84973E-1 2.03474E-1 2.1115E-1
3.4338E-1 3.28665E-1 2.65459E-1 2.89124E-1 3.13947E-1 2.98625E-1 2.60396E-1 2.54724E-1 2.38473E-1 2.31552E-1 2.2643E-1 2.16723E-1 2.28656E-1 2.29721E-1 2.3149E-1 2.23685E-1 2.31695E-1 2.40178E-1 2.54785E-1 2.78397E-1 2.82731E-1 2.92578E-1 2.90161E-1 2.9959E-1 3.03701E-1 2.92081E-1 2.60557E-1 2.7973E-1 2.52181E-1 2.73322E-1 3.07357E-1 3.0206E-1 2.7486E-1 2.27168E-1 1.77515E-1 1.64444E-1 1.5931E-1 1.55752E-1 1.53856E-1 1.54178E-1 1.4727E-1 1.34796E-1 1.28722E-1 1.2201E-1 1.19023E-1 1.27058E-1 1.4227E-1 1.56435E-1 1.71155E-1 1.76436E-1 1.81596E-1 1.90961E-1 2.07428E-1 2.17771E-1 2.16575E-1 2.038E-1 2.01898E-1 1.79442E-1 1.88614E-1 2.00041E-1 2.25513E-1
