data/maxent/outputs/red_103.asc
ncols         426
nrows         180
xllcorner     -130.0
yllcorner     24.0
cellsize      0.16666666666666666
NODATA_value  -9999
[rows 54 to 80 of 180, columns 305 to 365 of 426]
3.06995E-1 3.22766E-1 3.21875E-1 3.04963E-1 2.67715E-1 2.14582E-1 2.09843E-1 2.00461E-1 2.02565E-1 2.0538E-1 1.92978E-1 2.26789E-1 2.26536E-1 2.39702E-1 2.83648E-1 3.62929E-1 4.06792E-1 4.11792E-1 4.6547E-1 5.01284E-1 5.1049E-1 5.31698E-1 5.05834E-1 5.27573E-1 6.22574E-1 6.08268E-1 5.57984E-1 5.45344E-1 5.31232E-1 4.77674E-1 3.23781E-1 2.44101E-1 3.15906E-1 3.14445E-1 2.73795E-1 3.47873E-1 4.11544E-1 3.49428E-1 3.03464E-1 1.7281E-1 1.9737E-1 2.62368E-1 1.73373E-1 1.03656E-1 8.40152E-2 8.46896E-2 7.90619E-2 6.442E-2 7.78869E-2 8.36899E-2 1.01497E-1 9.47631E-2 1.55903E-1 2.49385E-1 3.41266E-1 3.39672E-1 3.1913E-1 3.76366E-1 4.54314E-1 5.03362E-1 5.4651E-1
3.86379E-1 3.71575E-1 3.99E-1 3.48243E-1 3.46022E-1 3.18804E-1 2.97196E-1 2.8793E-1 2.90101E-1 2.75086E-1 2.99712E-1 3.15245E-1 3.39966E-1 3.86541E-1 4.28333E-1 5.13942E-1 5.58039E-1 5.87897E-1 5.85233E-1 5.51001E-1 5.4444E-1 5.43662E-1 5.72138E-1 5.16044E-1 4.93593E-1 4.62182E-1 4.2513E-1 3.78911E-1 2.60434E-1 1.99449E-1 1.23403E-1 1.08762E-1 1.6091E-1 3.08542E-1 2.96741E-1 3.11071E-1 3.74449E-1 3.01779E-1 1.88806E-1 1.2386E-1 1.45526E-1 1.69796E-1 1.16217E-1 9.6658E-2 9.22799E-2 1.00208E-1 6.80329E-2 8.12499E-2 1.11883E-1 9.82295E-2 9.9281E-2 1.47145E-1 2.65217E-1 4.06022E-1 4.94867E-1 4.80226E-1 4.79826E-1 4.95071E-1 5.48416E-1 6.13318E-1 6.59705E-1
4.74487E-1 4.58377E-1 5.00931E-1 4.41746E-1 4.56329E-1 4.29854E-1 4.00167E-1 4.27716E-1 4.55103E-1 4.28024E-1 4.63671E-1 4.99617E-1 5.2295E-1 5.37987E-1 5.7889E-1 6.26925E-1 6.29848E-1 6.53587E-1 6.51798E-1 6.26229E-1 5.95229E-1 5.83536E-1 5.09685E-1 4.60048E-1 4.12201E-1 3.54719E-1 2.23142E-1 1.66201E-1 1.35032E-1 1.1318E-1 1.06776E-1 1.41957E-1 2.43236E-1 3.93856E-1 3.46475E-1 3.57394E-1 3.84434E-1 2.81837E-1 1.30585E-1 2.32969E-1 1.76523E-1 1.05104E-1 1.3183E-1 1.21523E-1 9.77211E-2 1.5659E-1 1.07702E-1 1.47036E-1 1.16618E-1 1.22E-1 2.29187E-1 3.17095E-1 4.23313E-1 5.72907E-1 6.57825E-1 7.01018E-1 6.69848E-1 6.32932E-1 6.42993E-1 6.08081E-1 6.26565E-1
4.72201E-1 4.45214E-1 4.91839E-1 4.7498E-1 5.12595E-1 4.62151E-1 4.32176E-1 4.82817E-1 5.47991E-1 5.57893E-1 5.77307E-1 5.91564E-1 5.83242E-1 5.98938E-1 6.38863E-1 6.72198E-1 6.83428E-1 6.71776E-1 6.54166E-1 6.2104E-1 5.93848E-1 5.71128E-1 4.76906E-1 4.43942E-1 3.41243E-1 2.16516E-1 1.69971E-1 1.24599E-1 1.29158E-1 1.20681E-1 1.05748E-1 1.01655E-1 3.46341E-1 3.76502E-1 3.98377E-1 3.5174E-1 3.88196E-1 2.60029E-1 2.12642E-1 1.54998E-1 1.91305E-1 1.16908E-1 1.8721E-1 2.00485E-1 1.88773E-1 1.7599E-1 1.24265E-1 1.55605E-1 2.11062E-1 2.80036E-1 4.02547E-1 4.29776E-1 5.58792E-1 7.09952E-1 7.52862E-1 7.68129E-1 7.4392E-1 7.33255E-1 6.73949E-1 6.25198E-1 6.03689E-1
4.31048E-1 4.82622E-1 4.9959E-1 4.75656E-1 5.28938E-1 5.50324E-1 5.46065E-1 5.48536E-1 5.99412E-1 6.3561E-1 6.9278E-1 6.60998E-1 6.59558E-1 6.54701E-1 6.95156E-1 6.61346E-1 6.59289E-1 6.36316E-1 6.21351E-1 6.16647E-1 5.8345E-1 5.02316E-1 4.84328E-1 4.19235E-1 2.90874E-1 1.88731E-1 1.51501E-1 1.57321E-1 1.62777E-1 1.32111E-1 9.08592E-2 7.43856E-2 1.51835E-1 3.32568E-1 4.12219E-1 3.68565E-1 3.86411E-1 1.5064E-1 2.48765E-1 2.80853E-1 2.12644E-1 1.61176E-1 2.56205E-1 2.46204E-1 2.16978E-1 1.39113E-1 1.25587E-1 1.27281E-1 2.68501E-1 5.4445E-1 5.81987E-1 6.43064E-1 6.95952E-1 7.54175E-1 7.79323E-1 7.99776E-1 7.70601E-1 7.41735E-1 6.76475E-1 6.32042E-1 6.19021E-1
4.38918E-1 4.96251E-1 4.71299E-1 5.15537E-1 5.8191E-1 5.89866E-1 5.48516E-1 5.68318E-1 5.85559E-1 6.51128E-1 6.95938E-1 6.73682E-1 6.61278E-1 6.52995E-1 5.80489E-1 3.99886E-1 5.44681E-1 6.47916E-1 6.33333E-1 5.99078E-1 5.61806E-1 5.43912E-1 4.8802E-1 3.58776E-1 1.91964E-1 1.60057E-1 1.53202E-1 1.55374E-1 1.37167E-1 1.0695E-1 7.02889E-2 5.10224E-2 1.12854E-1 3.27003E-1 4.22396E-1 3.29814E-1 3.80458E-1 1.17798E-1 1.95218E-1 2.39259E-1 1.89777E-1 2.18666E-1 2.94937E-1 2.35665E-1 1.53242E-1 1.4191E-1 1.91023E-1 4.61194E-1 6.13088E-1 6.74721E-1 7.00539E-1 7.28468E-1 7.53283E-1 7.5295E-1 7.54858E-1 7.37582E-1 7.40376E-1 6.89777E-1 6.34098E-1 5.81933E-1 5.64282E-1
5.11515E-1 5.20554E-1 5.06623E-1 5.06417E-1 4.66528E-1 3.96185E-1 3.2562E-1 3.17306E-1 2.93587E-1 3.26022E-1 4.92971E-1 5.75706E-1 6.0872E-1 4.55779E-1 3.25522E-1 3.35429E-1 3.88602E-1 5.57838E-1 6.44327E-1 6.38674E-1 4.85895E-1 5.3003E-1 5.08895E-1 3.38492E-1 1.83025E-1 1.62139E-1 1.43532E-1 1.55663E-1 1.38018E-1 1.41038E-1 1.3513E-1 1.29036E-1 3.19317E-1 3.8714E-1 4.27495E-1 3.41323E-1 4.226E-1 1.3619E-1 2.5213E-1 3.47033E-1 2.78695E-1 3.36436E-1 3.53706E-1 2.78244E-1 2.83716E-1 3.3801E-1 3.78099E-1 6.67348E-1 7.08909E-1 6.86911E-1 6.82736E-1 6.74341E-1 7.17077E-1 6.64374E-1 6.43295E-1 6.34477E-1 6.13945E-1 5.66249E-1 5.48975E-1 4.51793E-1 3.14727E-1
3.0475E-1 2.70826E-1 2.79655E-1 2.89649E-1 3.01646E-1 3.00785E-1 2.97882E-1 2.99737E-1 3.08331E-1 3.14634E-1 3.2534E-1 3.39079E-1 3.31773E-1 3.39184E-1 3.44437E-1 3.40474E-1 3.33191E-1 5.01157E-1 6.36452E-1 4.96956E-1 2.74599E-1 2.94468E-1 5.88648E-1 4.12619E-1 2.45817E-1 2.15405E-1 2.03004E-1 1.47149E-1 1.44358E-1 1.84891E-1 1.99093E-1 3.69057E-1 4.69237E-1 4.13756E-1 4.65199E-1 4.0689E-1 4.1734E-1 1.96723E-1 2.73775E-1 4.15606E-1 4.91237E-1 4.81791E-1 3.63642E-1 3.49255E-1 5.01738E-1 6.28022E-1 7.04689E-1 6.96048E-1 6.79955E-1 6.49886E-1 6.13529E-1 6.01954E-1 6.30065E-1 6.13168E-1 5.24758E-1 5.14854E-1 5.30046E-1 4.28621E-1 -9999 3.47852E-1 -9999
2.74097E-1 2.91183E-1 3.03931E-1 3.15648E-1 3.15924E-1 3.12526E-1 3.12815E-1 3.17808E-1 3.30015E-1 3.41954E-1 3.50583E-1 3.6129E-1 3.63353E-1 3.71044E-1 3.75643E-1 3.73658E-1 3.76041E-1 4.87734E-1 6.36398E-1 5.83163E-1 3.70088E-1 2.36197E-1 4.63282E-1 5.6312E-1 3.71929E-1 2.59305E-1 2.00599E-1 1.73893E-1 2.50977E-1 2.26448E-1 2.33016E-1 4.97895E-1 4.9345E-1 5.0415E-1 4.59748E-1 4.1596E-1 4.38095E-1 3.78942E-1 2.47591E-1 4.61088E-1 6.15069E-1 5.8895E-1 4.69692E-1 4.10088E-1 5.61687E-1 6.35422E-1 6.75941E-1 7.26236E-1 7.18939E-1 6.4385E-1 5.71645E-1 5.54802E-1 5.63352E-1 5.39732E-1 -9999 -9999 -9999 -9999 -9999 -9999 -9999
3.09392E-1 3.22395E-1 3.34747E-1 3.57784E-1 3.5413E-1 3.35881E-1 3.25505E-1 3.24491E-1 3.27175E-1 3.37999E-1 3.4984E-1 3.54335E-1 3.48089E-1 3.47114E-1 3.64699E-1 5.88332E-1 6.41536E-1 6.51076E-1 6.57408E-1 6.73574E-1 6.86848E-1 5.7971E-1 6.30332E-1 6.44586E-1 5.06011E-1 3.54746E-1 2.91357E-1 3.37761E-1 3.80114E-1 4.95594E-1 3.81909E-1 5.88014E-1 5.54007E-1 4.64185E-1 4.02853E-1 4.33422E-1 4.29442E-1 3.69737E-1 3.61825E-1 6.11247E-1 6.50703E-1 6.15046E-1 5.73014E-1 5.91998E-1 6.57806E-1 6.35373E-1 6.7409E-1 7.02013E-1 6.80738E-1 6.01135E-1 5.56493E-1 5.3145E-1 5.05314E-1 -9999 -9999 -9999 -9999 -9999 -9999 -9999 -9999
4.43148E-1 5.18798E-1 5.259E-1 4.91231E-1 4.54889E-1 4.1549E-1 3.74915E-1 3.50337E-1 4.06863E-1 4.33836E-1 4.38579E-1 4.36726E-1 4.33037E-1 4.71876E-1 5.0817E-1 5.35462E-1 5.87102E-1 5.9136E-1 6.16045E-1 6.55281E-1 5.62895E-1 5.0596E-1 5.34895E-1 6.13069E-1 6.24987E-1 4.85571E-1 4.23557E-1 4.43962E-1 4.30815E-1 6.59644E-1 6.57514E-1 6.27667E-1 5.2626E-1 3.72873E-1 4.10961E-1 4.69768E-1 4.81036E-1 4.05035E-1 5.40974E-1 7.13368E-1 6.79779E-1 6.52113E-1 6.05755E-1 7.14327E-1 7.24694E-1 6.62435E-1 6.51775E-1 7.09757E-1 6.50923E-1 5.81407E-1 5.68407E-1 5.37984E-1 -9999 -9999 -9999 -9999 -9999 -9999 -9999 -9999 -9999
5.02461E-1 5.59275E-1 5.63817E-1 4.92009E-1 4.58077E-1 4.0512E-1 3.40059E-1 3.31856E-1 3.57819E-1 3.80763E-1 3.8819E-1 3.89311E-1 4.00206E-1 4.26971E-1 4.54559E-1 4.69354E-1 4.905E-1 4.92834E-1 4.71038E-1 4.95046E-1 4.78559E-1 4.56498E-1 4.69884E-1 4.76699E-1 4.97761E-1 5.03668E-1 5.26067E-1 6.27128E-1 6.68431E-1 6.49757E-1 6.39565E-1 5.70197E-1 4.87887E-1 3.98099E-1 4.05527E-1 5.14135E-1 4.79054E-1 3.88967E-1 7.05837E-1 7.63112E-1 6.95573E-1 7.21659E-1 7.38619E-1 7.79343E-1 7.68256E-1 7.33406E-1 6.69223E-1 6.93414E-1 6.50286E-1 6.03571E-1 5.8931E-1 5.45967E-1 -9999 -9999 -9999 -9999 -9999 -9999 -9999 -9999 -9999
4.8265E-1 4.76314E-1 4.97629E-1 4.99082E-1 4.66981E-1 4.11029E-1 3.59173E-1 3.13903E-1 2.89281E-1 2.97948E-1 3.22531E-1 3.32881E-1 3.54835E-1 3.69122E-1 3.9949E-1 4.15087E-1 4.57221E-1 5.00001E-1 5.06442E-1 5.13987E-1 5.28113E-1 4.91762E-1 4.95118E-1 5.26346E-1 5.16582E-1 5.34812E-1 4.59825E-1 4.36271E-1 4.9393E-1 5.05104E-1 5.49083E-1 5.00416E-1 4.36386E-1 3.98808E-1 3.90788E-1 4.46284E-1 3.95054E-1 4.41556E-1 7.37212E-1 7.35027E-1 7.27236E-1 7.33837E-1 8.2233E-1 7.98308E-1 7.74631E-1 6.98637E-1 6.39636E-1 7.50136E-1 7.20288E-1 6.86994E-1 6.31018E-1 6.65779E-1 -9999 -9999 -9999 -9999 -9999 -9999 -9999 -9999 -9999
3.30545E-1 4.68409E-1 4.78098E-1 4.83744E-1 4.4586E-1 4.31134E-1 3.74061E-1 2.79081E-1 2.7193E-1 3.0131E-1 3.24397E-1 3.02171E-1 3.01054E-1 3.13271E-1 3.47711E-1 4.0587E-1 4.58941E-1 5.07564E-1 5.19696E-1 4.98456E-1 4.3975E-1 4.55423E-1 4.57213E-1 4.38443E-1 4.31508E-1 4.71209E-1 4.56054E-1 4.61207E-1 4.71023E-1 4.98494E-1 4.87463E-1 4.18899E-1 3.89201E-1 4.18454E-1 5.14177E-1 5.67793E-1 6.17965E-1 6.8895E-1 7.74341E-1 7.55418E-1 7.22846E-1 7.73691E-1 7.96166E-1 8.25851E-1 7.91814E-1 7.42694E-1 7.44412E-1 7.76918E-1 7.55768E-1 6.89702E-1 6.77594E-1 7.21099E-1 -9999 -9999 -9999 -9999 -9999 -9999 -9999 -9999 -9999
4.26794E-1 4.21368E-1 4.31494E-1 4.27238E-1 3.95187E-1 3.54861E-1 3.33097E-1 3.00824E-1 2.58399E-1 2.87942E-1 2.95711E-1 2.99251E-1 2.92848E-1 2.78946E-1 3.42965E-1 3.53949E-1 4.22758E-1 4.82041E-1 5.2507E-1 4.94519E-1 4.69691E-1 4.45571E-1 4.46914E-1 4.18297E-1 4.10104E-1 4.16387E-1 3.686E-1 4.00352E-1 4.65898E-1 5.05943E-1 5.21574E-1 4.14789E-1 3.62218E-1 4.17016E-1 5.54673E-1 6.66903E-1 6.68197E-1 7.2478E-1 7.71849E-1 7.04472E-1 7.74443E-1 7.2802E-1 7.97356E-1 8.56572E-1 8.11122E-1 8.03994E-1 8.04495E-1 7.83117E-1 7.61379E-1 7.14019E-1 7.02491E-1 7.02638E-1 -9999 -9999 -9999 -9999 -9999 -9999 -9999 -9999 -9999
4.17085E-1 4.02052E-1 3.81518E-1 3.76041E-1 3.2709E-1 3.14483E-1 2.91605E-1 2.94814E-1 2.68993E-1 2.77003E-1 2.66124E-1 2.77691E-1 2.84233E-1 2.82593E-1 3.52882E-1 3.58843E-1 4.05094E-1 4.71175E-1 4.95157E-1 4.9855E-1 4.61845E-1 4.45092E-1 4.4191E-1 4.19068E-1 4.06058E-1 3.85729E-1 3.4254E-1 3.60886E-1 4.44306E-1 5.19661E-1 4.35556E-1 4.10828E-1 3.74266E-1 4.25752E-1 5.94774E-1 6.60326E-1 6.94969E-1 7.40108E-1 8.01611E-1 7.15982E-1 8.15255E-1 7.76353E-1 7.76326E-1 8.68059E-1 8.47829E-1 8.19368E-1 7.9017E-1 7.92321E-1 7.9641E-1 7.60652E-1 -9999 -9999 -9999 -9999 -9999 -9999 -9999 -9999 -9999 -9999 -9999
3.84951E-1 3.75794E-1 3.62282E-1 3.34809E-1 3.02576E-1 2.8742E-1 2.73475E-1 2.68221E-1 2.77475E-1 2.7079E-1 2.63633E-1 2.63604E-1 2.87579E-1 2.99231E-1 3.24952E-1 3.7072E-1 3.96301E-1 4.2912E-1 4.64835E-1 4.88818E-1 4.69679E-1 4.45909E-1 4.33168E-1 4.30308E-1 3.91595E-1 3.70344E-1 3.19642E-1 3.45344E-1 4.86076E-1 5.42689E-1 6.302E-1 4.06505E-1 3.9748E-1 5.2749E-1 6.24242E-1 7.28834E-1 8.19839E-1 7.97749E-1 7.99469E-1 7.50307E-1 7.92017E-1 8.41809E-1 8.6024E-1 9.0196E-1 8.61757E-1 8.23809E-1 7.41301E-1 7.77473E-1 7.96375E-1 7.79393E-1 7.65829E-1 -9999 -9999 -9999 -9999 -9999 -9999 -9999 -9999 -9999 -9999
3.75165E-1 3.78467E-1 3.40194E-1 3.30851E-1 2.97685E-1 2.7341E-1 2.66668E-1 2.57559E-1 2.42493E-1 2.69991E-1 2.47348E-1 2.5543E-1 2.73712E-1 3.04544E-1 3.232E-1 3.63646E-1 3.82332E-1 4.05562E-1 4.40046E-1 4.5878E-1 4.62195E-1 4.56439E-1 4.6136E-1 4.84864E-1 4.46368E-1 4.33326E-1 4.09881E-1 3.87076E-1 5.64335E-1 6.66865E-1 5.96503E-1 4.13648E-1 4.70801E-1 5.32022E-1 6.88452E-1 7.67675E-1 8.41727E-1 8.47645E-1 7.73866E-1 7.74383E-1 8.51806E-1 9.09466E-1 8.85482E-1 8.68956E-1 8.70366E-1 8.00495E-1 7.40058E-1 7.63691E-1 7.79007E-1 7.69603E-1 7.66041E-1 7.74069E-1 -9999 6.58784E-1 6.46514E-1 -9999 -9999 -9999 -9999 -9999 -9999
3.62149E-1 3.73375E-1 3.47434E-1 3.32961E-1 2.86477E-1 2.71452E-1 2.64886E-1 2.57611E-1 2.54793E-1 2.61269E-1 2.53933E-1 2.59549E-1 2.86455E-1 3.04268E-1 3.42807E-1 3.54636E-1 3.80853E-1 3.95186E-1 4.24323E-1 4.39683E-1 4.3553E-1 4.57224E-1 4.81272E-1 5.00032E-1 4.93441E-1 4.79805E-1 4.81242E-1 5.25552E-1 6.20371E-1 5.67012E-1 4.47753E-1 4.2866E-1 4.93784E-1 5.61551E-1 6.36568E-1 8.18802E-1 8.34269E-1 8.35627E-1 7.80953E-1 8.10898E-1 8.82604E-1 8.89196E-1 8.61475E-1 8.25154E-1 8.42355E-1 7.77174E-1 7.49693E-1 7.69305E-1 8.04501E-1 7.85198E-1 7.66026E-1 7.76566E-1 -9999 -9999 6.92194E-1 7.10981E-1 -9999 -9999 -9999 -9999 -9999
3.33985E-1 3.35533E-1 3.30859E-1 3.2924E-1 2.99523E-1 2.83955E-1 2.71116E-1 2.72272E-1 2.79914E-1 2.73194E-1 2.67063E-1 2.58574E-1 2.74912E-1 3.06566E-1 3.25798E-1 3.44556E-1 3.6101E-1 3.61312E-1 3.70039E-1 3.79988E-1 3.92787E-1 4.2859E-1 4.57851E-1 4.84174E-1 4.7609E-1 4.95678E-1 5.28912E-1 5.26122E-1 5.28194E-1 4.97878E-1 4.11992E-1 3.88562E-1 4.60043E-1 5.84489E-1 6.80142E-1 7.84642E-1 8.2027E-1 8.14049E-1 8.29433E-1 8.45898E-1 8.72732E-1 8.37719E-1 8.13065E-1 7.84626E-1 7.75515E-1 7.40204E-1 7.54999E-1 7.74422E-1 7.87955E-1 7.9568E-1 7.94842E-1 8.05283E-1 8.13025E-1 7.99736E-1 7.83148E-1 7.5642E-1 -9999 -9999 -9999 -9999 -9999
3.16035E-1 3.10787E-1 3.03354E-1 3.08063E-1 3.21653E-1 2.89166E-1 2.88955E-1 3.01225E-1 2.90977E-1 2.88665E-1 2.73802E-1 2.7635E-1 2.85444E-1 3.16632E-1 3.40993E-1 3.48346E-1 3.5468E-1 3.69965E-1 3.6466E-1 3.56396E-1 3.58415E-1 3.94559E-1 4.53905E-1 4.66799E-1 4.92175E-1 5.27674E-1 5.75054E-1 5.9978E-1 4.76883E-1 3.73771E-1 3.97482E-1 3.98266E-1 4.77539E-1 5.82482E-1 6.20365E-1 7.11085E-1 7.79043E-1 8.32376E-1 8.54455E-1 8.72081E-1 8.48124E-1 8.32209E-1 7.97087E-1 7.77052E-1 7.45183E-1 6.96584E-1 7.19559E-1 7.95074E-1 7.86495E-1 8.04187E-1 8.24216E-1 8.25945E-1 8.14867E-1 8.06746E-1 7.78464E-1 7.18902E-1 -9999 -9999 -9999 -9999 -9999
3.10158E-1 3.02605E-1 3.07903E-1 3.25668E-1 3.22159E-1 2.96921E-1 3.18609E-1 3.06736E-1 3.03423E-1 3.12163E-1 3.04492E-1 3.1009E-1 3.32688E-1 3.40065E-1 3.59499E-1 3.58592E-1 3.60059E-1 3.61745E-1 3.80968E-1 3.56065E-1 3.53462E-1 3.95074E-1 4.40613E-1 5.15373E-1 5.03556E-1 5.21791E-1 5.20254E-1 5.11845E-1 4.14817E-1 3.98204E-1 4.73896E-1 5.15493E-1 5.35305E-1 5.92642E-1 6.80006E-1 7.18835E-1 8.07428E-1 8.69399E-1 8.85313E-1 8.75252E-1 8.79193E-1 8.51552E-1 8.25047E-1 7.65269E-1 7.3883E-1 7.06883E-1 7.32907E-1 8.00834E-1 8.11213E-1 7.9556E-1 8.15944E-1 8.25897E-1 7.8825E-1 6.90375E-1 6.3617E-1 -9999 -9999 -9999 -9999 -9999 -9999
3.33309E-1 3.36616E-1 3.29457E-1 3.30921E-1 3.39388E-1 3.38167E-1 3.2794E-1 3.1375E-1 3.38353E-1 3.18988E-1 3.35563E-1 3.14178E-1 3.15526E-1 3.3095E-1 3.16208E-1 3.33226E-1 3.43106E-1 3.32119E-1 3.33178E-1 3.31854E-1 3.81047E-1 4.1813E-1 5.4149E-1 5.43789E-1 5.18657E-1 4.91173E-1 4.71533E-1 4.55227E-1 4.75966E-1 5.03145E-1 5.25724E-1 5.71968E-1 5.31783E-1 6.37145E-1 7.31284E-1 7.87996E-1 8.69479E-1 9.35261E-1 9.32858E-1 9.02045E-1 8.88083E-1 8.72351E-1 8.33752E-1 8.33022E-1 7.73031E-1 7.60405E-1 -9999 -9999 -9999 -9999 8.07748E-1 -9999 -9999 6.85848E-1 6.75945E-1 6.79414E-1 -9999 -9999 -9999 -9999 -9999
3.17647E-1 3.33417E-1 3.23381E-1 3.67246E-1 3.32381E-1 3.14022E-1 3.05557E-1 3.35022E-1 3.35114E-1 3.109E-1 3.23326E-1 3.54177E-1 3.6174E-1 3.16353E-1 2.80067E-1 3.00308E-1 2.88621E-1 3.169E-1 3.27109E-1 3.55844E-1 3.59053E-1 4.23215E-1 5.0999E-1 4.31775E-1 4.49369E-1 4.22368E-1 3.86312E-1 5.10402E-1 5.82525E-1 5.75156E-1 5.77842E-1 6.65148E-1 6.48957E-1 7.28897E-1 7.81464E-1 8.21008E-1 9.34908E-1 -9999 -9999 8.72709E-1 8.86415E-1 8.54465E-1 8.37284E-1 8.17563E-1 -9999 7.82062E-1 -9999 -9999 -9999 -9999 -9999 -9999 -9999 -9999 -9999 -9999 -9999 -9999 -9999 -9999 -9999
3.08422E-1 3.2034E-1 3.43977E-1 3.28666E-1 3.31877E-1 3.2902E-1 3.67919E-1 3.67427E-1 3.21674E-1 3.33399E-1 3.45662E-1 3.62902E-1 3.33099E-1 3.19679E-1 3.273E-1 3.05857E-1 2.99793E-1 3.41745E-1 3.7195E-1 3.73233E-1 3.65394E-1 3.84026E-1 3.74939E-1 4.08819E-1 4.09223E-1 4.02443E-1 4.55071E-1 5.38564E-1 5.76252E-1 6.18356E-1 6.82173E-1 7.50955E-1 7.31362E-1 8.09975E-1 8.69024E-1 8.93994E-1 9.06438E-1 8.85001E-1 8.2991E-1 7.82763E-1 8.43874E-1 8.38389E-1 8.42632E-1 -9999 -9999 -9999 -9999 -9999 -9999 -9999 -9999 -9999 -9999 -9999 -9999 -9999 -9999 -9999 -9999 -9999 -9999
2.84034E-1 3.17914E-1 3.23096E-1 3.37417E-1 3.45519E-1 3.82183E-1 3.50608E-1 3.51415E-1 3.78568E-1 3.40618E-1 3.61044E-1 3.6429E-1 3.67721E-1 3.63513E-1 3.545E-1 3.36367E-1 3.44498E-1 3.49017E-1 3.62657E-1 3.76579E-1 3.50161E-1 3.43452E-1 3.52981E-1 3.76832E-1 4.43759E-1 4.54013E-1 4.38855E-1 5.00389E-1 5.72437E-1 6.78127E-1 7.70725E-1 8.13658E-1 8.1512E-1 7.18303E-1 7.96412E-1 8.47E-1 8.60826E-1 8.37866E-1 7.81948E-1 7.12895E-1 -9999 -9999 -9999 -9999 -9999 -9999 -9999 -9999 -9999 -9999 -9999 -9999 -9999 -9999 -9999 -9999 -9999 -9999 -9999 -9999 -9999
3.06522E-1 3.39637E-1 3.61783E-1 3.55617E-1 3.79457E-1 3.60499E-1 3.55687E-1 3.67813E-1 3.6732E-1 3.63804E-1 3.64984E-1 3.86372E-1 4.00444E-1 4.06053E-1 3.80968E-1 3.74008E-1 3.66844E-1 3.80131E-1 3.951E-1 4.05012E-1 3.93151E-1 3.99351E-1 4.54801E-1 4.61261E-1 4.64527E-1 4.92571E-1 4.56216E-1 5.02672E-1 5.77761E-1 6.89487E-1 7.86584E-1 8.27576E-1 8.13392E-1 7.44716E-1 7.80679E-1 8.03895E-1 7.51402E-1 -9999 -9999 -9999 -9999 -9999 -9999 -9999 -9999 -9999 -9999 -9999 -9999 -9999 -9999 -9999 -9999 -9999 -9999 -9999 -9999 -9999 -9999 -9999 -9999
