data/maxent/outputs/red_157.asc
ncols         426
nrows         180
xllcorner     -130.0
yllcorner     24.0
cellsize      0.16666666666666666
NODATA_value  -9999
[rows 135 to 161 of 180, columns 183 to 243 of 426]
3.30246E-1 3.77911E-1 3.77557E-1 3.784E-1 4.11717E-1 4.60093E-1 4.70367E-1 4.57142E-1 4.88111E-1 4.68259E-1 4.74259E-1 4.80751E-1 4.9212E-1 5.07898E-1 4.86002E-1 5.02841E-1 4.98391E-1 5.02983E-1 5.28044E-1 5.08479E-1 5.09012E-1 5.78366E-1 5.92656E-1 6.25511E-1 6.34106E-1 6.60584E-1 6.52796E-1 6.34328E-1 6.41398E-1 6.26973E-1 6.25854E-1 5.91774E-1 5.56272E-1 5.95113E-1 7.24806E-1 6.93507E-1 6.51727E-1 6.57071E-1 6.59423E-1 6.52875E-1 6.78785E-1 6.76612E-1 7.13099E-1 6.76546E-1 6.88266E-1 6.6152E-1 6.44594E-1 6.51713E-1 6.59531E-1 6.07963E-1 5.86515E-1 5.90345E-1 5.79824E-1 5.62623E-1 5.44261E-1 5.32956E-1 5.35195E-1 5.26494E-1 5.57846E-1 5.65897E-1 5.66909E-1
3.53077E-1 3.83842E-1 3.81399E-1 3.73139E-1 3.79874E-1 4.18196E-1 4.81702E-1 4.71248E-1 4.77258E-1 4.88903E-1 5.042E-1 5.39183E-1 5.26295E-1 5.03091E-1 5.04429E-1 5.11192E-1 5.16776E-1 5.39669E-1 5.21364E-1 5.1363E-1 5.51967E-1 5.82026E-1 5.84215E-1 6.23019E-1 6.31655E-1 6.51961E-1 6.39733E-1 6.41259E-1 6.31969E-1 6.05158E-1 6.6194E-1 6.89718E-1 6.19921E-1 6.23189E-1 7.02179E-1 7.40209E-1 6.87225E-1 6.62032E-1 6.62188E-1 6.74099E-1 7.19981E-1 7.60724E-1 7.26506E-1 6.84574E-1 6.67468E-1 6.94806E-1 7.05744E-1 7.20705E-1 6.96476E-1 6.43176E-1 6.31778E-1 6.04423E-1 5.87104E-1 5.89648E-1 5.8006E-1 5.55512E-1 5.47267E-1 5.4979E-1 5.65359E-1 5.85467E-1 5.99952E-1
3.42211E-1 3.45101E-1 3.76052E-1 4.21077E-1 4.45517E-1 4.46094E-1 4.93182E-1 4.8581E-1 4.77166E-1 5.21267E-1 5.13302E-1 5.53241E-1 5.1813E-1 5.00862E-1 5.1218E-1 5.16721E-1 5.27436E-1 5.36832E-1 5.34903E-1 5.32295E-1 5.3266E-1 5.40626E-1 5.53485E-1 6.02053E-1 6.25829E-1 6.24815E-1 6.23074E-1 6.14113E-1 6.15565E-1 6.02414E-1 5.79386E-1 6.39137E-1 7.02823E-1 6.57931E-1 6.75287E-1 6.68625E-1 6.71989E-1 6.78911E-1 7.22754E-1 7.00757E-1 7.13586E-1 7.92394E-1 7.59764E-1 7.34925E-1 7.04621E-1 7.35403E-1 7.61577E-1 7.92833E-1 7.53338E-1 6.78996E-1 6.47052E-1 6.08114E-1 6.13028E-1 5.97629E-1 5.88339E-1 5.65175E-1 5.62434E-1 5.65634E-1 5.76251E-1 6.07747E-1 5.97949E-1
3.37883E-1 3.612E-1 3.8699E-1 4.12331E-1 4.14238E-1 4.60644E-1 5.19368E-1 5.32232E-1 4.99661E-1 5.10333E-1 5.2832E-1 5.00586E-1 4.83684E-1 5.07379E-1 5.24306E-1 5.28734E-1 5.36807E-1 5.40024E-1 5.39922E-1 5.23728E-1 5.09058E-1 5.05291E-1 5.53595E-1 5.84955E-1 6.12339E-1 6.50392E-1 6.00032E-1 6.08317E-1 6.1771E-1 5.94329E-1 5.80148E-1 5.63204E-1 6.02336E-1 6.43908E-1 6.70602E-1 6.76054E-1 6.84377E-1 6.7955E-1 6.98186E-1 6.8851E-1 7.22616E-1 7.98208E-1 8.17504E-1 7.81517E-1 7.73662E-1 8.05583E-1 8.14815E-1 8.4108E-1 8.0687E-1 7.50468E-1 7.06208E-1 6.70067E-1 6.39328E-1 6.15503E-1 6.00307E-1 5.7623E-1 5.73273E-1 5.79633E-1 5.98356E-1 6.22217E-1 6.04254E-1
3.22541E-1 3.36453E-1 3.33342E-1 3.5361E-1 3.82484E-1 4.21191E-1 5.07904E-1 5.39663E-1 5.29476E-1 5.14736E-1 5.28379E-1 4.89302E-1 5.10243E-1 5.26794E-1 5.33872E-1 5.65212E-1 5.66387E-1 5.39159E-1 5.46965E-1 5.25175E-1 5.22888E-1 5.31418E-1 5.60369E-1 5.95295E-1 6.14379E-1 6.54764E-1 7.41125E-1 6.08177E-1 6.10041E-1 5.90379E-1 5.71586E-1 5.78962E-1 6.10377E-1 6.59226E-1 6.88407E-1 7.05635E-1 7.24176E-1 7.07739E-1 7.26072E-1 7.30969E-1 7.72908E-1 8.26539E-1 8.63708E-1 8.61161E-1 8.55299E-1 8.65853E-1 8.80891E-1 8.71098E-1 8.46294E-1 7.83878E-1 7.36199E-1 7.12505E-1 6.68283E-1 6.5527E-1 6.43068E-1 6.07431E-1 5.97119E-1 5.87852E-1 6.04464E-1 6.24033E-1 6.17818E-1
3.5131E-1 3.82846E-1 4.11372E-1 4.49522E-1 4.75682E-1 5.02122E-1 4.90196E-1 5.01706E-1 5.71653E-1 5.54168E-1 5.30162E-1 4.92206E-1 4.98459E-1 5.08148E-1 5.57354E-1 5.71841E-1 5.6709E-1 5.38044E-1 5.42334E-1 5.40947E-1 5.41063E-1 5.39968E-1 5.95004E-1 6.29562E-1 6.06484E-1 6.09088E-1 6.53726E-1 6.01025E-1 6.14831E-1 5.96285E-1 5.89129E-1 6.11521E-1 6.49566E-1 6.70427E-1 7.19122E-1 7.42767E-1 7.43294E-1 7.45279E-1 7.55463E-1 7.76994E-1 8.18848E-1 8.64341E-1 9.07563E-1 8.98472E-1 8.81306E-1 9.00291E-1 9.13885E-1 8.84187E-1 8.49215E-1 8.37519E-1 7.80429E-1 7.26492E-1 6.57176E-1 6.49363E-1 6.59066E-1 6.38753E-1 6.32744E-1 6.11192E-1 6.02171E-1 6.11575E-1 6.06506E-1
3.91643E-1 4.50724E-1 4.94642E-1 5.4603E-1 5.62725E-1 5.51381E-1 5.35505E-1 5.03015E-1 5.37674E-1 5.88396E-1 5.67626E-1 4.88851E-1 4.85474E-1 5.31271E-1 5.50714E-1 5.44406E-1 5.34334E-1 5.38088E-1 5.1929E-1 5.28234E-1 5.22773E-1 5.61954E-1 6.00819E-1 7.03504E-1 6.30901E-1 6.35773E-1 6.55773E-1 6.4166E-1 6.52104E-1 6.37652E-1 6.49727E-1 6.63404E-1 6.88159E-1 6.7918E-1 7.17344E-1 7.2065E-1 7.3709E-1 7.63037E-1 7.81418E-1 8.13905E-1 8.38085E-1 8.69991E-1 8.97611E-1 8.84759E-1 8.54417E-1 8.71896E-1 8.93974E-1 8.81629E-1 8.34892E-1 8.38246E-1 8.26592E-1 7.41128E-1 6.38607E-1 6.38136E-1 6.97279E-1 7.05021E-1 7.13594E-1 6.29603E-1 6.34148E-1 6.28611E-1 6.42806E-1
4.0711E-1 4.52438E-1 4.82639E-1 5.03111E-1 5.35354E-1 5.5328E-1 5.24531E-1 5.11955E-1 5.38293E-1 5.43227E-1 5.4727E-1 5.04452E-1 4.94379E-1 5.36912E-1 5.30148E-1 5.23275E-1 5.2428E-1 5.65997E-1 5.06596E-1 5.03382E-1 5.18805E-1 5.74216E-1 6.22405E-1 6.55744E-1 6.80884E-1 6.70542E-1 7.02327E-1 7.02474E-1 6.92303E-1 6.83857E-1 7.0878E-1 7.21854E-1 7.27145E-1 6.98896E-1 7.22309E-1 7.24108E-1 7.44649E-1 8.07886E-1 7.77092E-1 7.91716E-1 8.26533E-1 8.43215E-1 8.41942E-1 8.23167E-1 7.99495E-1 7.96637E-1 8.24201E-1 8.08421E-1 7.97464E-1 7.92632E-1 7.80671E-1 7.51075E-1 7.18205E-1 7.89752E-1 8.36188E-1 8.02927E-1 8.11558E-1 7.90363E-1 7.75838E-1 7.19774E-1 7.22976E-1
4.43021E-1 4.86329E-1 5.25002E-1 5.42395E-1 5.61672E-1 5.82512E-1 5.26235E-1 5.2313E-1 5.35297E-1 4.96248E-1 4.66056E-1 4.99101E-1 4.84941E-1 4.97256E-1 4.86531E-1 5.09286E-1 5.16326E-1 4.89438E-1 4.83193E-1 4.97233E-1 5.18273E-1 5.32765E-1 6.04584E-1 6.67887E-1 6.7717E-1 7.07859E-1 7.14432E-1 6.86566E-1 6.81422E-1 7.07481E-1 7.2755E-1 7.36799E-1 7.83901E-1 7.60305E-1 7.45848E-1 7.51062E-1 7.68529E-1 7.57328E-1 7.40263E-1 7.96112E-1 8.10903E-1 7.98481E-1 7.64534E-1 7.20346E-1 6.88971E-1 6.86935E-1 7.01469E-1 7.53372E-1 7.49435E-1 7.55837E-1 7.52698E-1 7.59922E-1 7.53362E-1 7.4913E-1 8.10515E-1 8.50874E-1 8.0842E-1 8.10006E-1 8.15468E-1 8.20425E-1 8.33695E-1
4.70429E-1 5.10846E-1 5.14094E-1 5.4279E-1 5.1051E-1 5.06836E-1 5.24572E-1 5.52489E-1 5.37526E-1 4.82998E-1 4.50807E-1 4.67968E-1 4.995E-1 4.88978E-1 4.86262E-1 4.99845E-1 5.14388E-1 4.88944E-1 5.09774E-1 5.15826E-1 5.27133E-1 5.33188E-1 5.84079E-1 6.61049E-1 6.5009E-1 6.82015E-1 6.97507E-1 6.72196E-1 7.04687E-1 6.85784E-1 7.11787E-1 7.49772E-1 7.3664E-1 7.65217E-1 7.60505E-1 7.34395E-1 7.22721E-1 7.45846E-1 7.48653E-1 7.68415E-1 8.02299E-1 7.39946E-1 6.9037E-1 6.36789E-1 6.04027E-1 6.01193E-1 5.88458E-1 6.48378E-1 6.77532E-1 7.26621E-1 7.25678E-1 7.1413E-1 7.30811E-1 7.92578E-1 7.32732E-1 7.48424E-1 7.71494E-1 7.81466E-1 7.98064E-1 8.13302E-1 8.30064E-1
5.17362E-1 4.78965E-1 4.76609E-1 5.62598E-1 5.61971E-1 5.36476E-1 5.58844E-1 5.70141E-1 5.04595E-1 4.56577E-1 4.51338E-1 4.65637E-1 4.87708E-1 5.00455E-1 5.19671E-1 4.85771E-1 4.839E-1 4.96038E-1 5.01938E-1 5.09764E-1 5.4508E-1 5.53646E-1 6.03531E-1 6.66017E-1 6.65491E-1 6.74862E-1 7.17086E-1 6.89117E-1 7.09249E-1 6.93458E-1 7.25781E-1 7.22451E-1 7.37676E-1 7.29643E-1 6.96845E-1 6.84856E-1 6.92027E-1 6.85017E-1 6.67035E-1 6.87581E-1 6.90762E-1 7.03677E-1 6.88246E-1 6.31463E-1 6.48074E-1 6.49789E-1 6.289E-1 6.12843E-1 6.22536E-1 6.56708E-1 6.76205E-1 6.60243E-1 6.51497E-1 6.72556E-1 6.8611E-1 7.88983E-1 7.59804E-1 7.99466E-1 8.20021E-1 8.14105E-1 8.13125E-1
4.85147E-1 5.06168E-1 5.44825E-1 5.85223E-1 5.77907E-1 5.87474E-1 5.78149E-1 5.42301E-1 5.00061E-1 4.97843E-1 5.08603E-1 4.86363E-1 4.88878E-1 5.27214E-1 5.21187E-1 5.10998E-1 5.28566E-1 5.20458E-1 5.20519E-1 5.48358E-1 5.4208E-1 5.26471E-1 5.44841E-1 5.81924E-1 6.15237E-1 6.75389E-1 7.16159E-1 7.25067E-1 7.13328E-1 7.2769E-1 7.30899E-1 7.26937E-1 7.25313E-1 -9999 -9999 -9999 -9999 -9999 -9999 6.90684E-1 6.89121E-1 6.75748E-1 6.75662E-1 6.50366E-1 6.57594E-1 6.6486E-1 6.8254E-1 6.57313E-1 6.46841E-1 6.51725E-1 6.56128E-1 6.56366E-1 6.18956E-1 6.43166E-1 6.81399E-1 7.37476E-1 7.83371E-1 8.00112E-1 8.09478E-1 7.32847E-1 7.61238E-1
4.17917E-1 4.58012E-1 4.82472E-1 4.9731E-1 5.28093E-1 5.64601E-1 5.58171E-1 5.27013E-1 5.12124E-1 5.43547E-1 5.04998E-1 4.81159E-1 4.96224E-1 5.25404E-1 5.24641E-1 5.53696E-1 5.64198E-1 5.51094E-1 5.32934E-1 5.42012E-1 5.31429E-1 5.32027E-1 5.12894E-1 5.69677E-1 6.14207E-1 6.73379E-1 7.19656E-1 6.61189E-1 4.87949E-1 5.23352E-1 -9999 -9999 -9999 -9999 -9999 -9999 -9999 -9999 -9999 -9999 -9999 -9999 -9999 -9999 -9999 6.72258E-1 6.75859E-1 -9999 7.12453E-1 6.6975E-1 6.75438E-1 6.88359E-1 6.99716E-1 7.24611E-1 7.27328E-1 7.34363E-1 6.95584E-1 7.21762E-1 7.40336E-1 7.31726E-1 7.34905E-1
3.94394E-1 4.51176E-1 4.66722E-1 4.75874E-1 4.75737E-1 5.11988E-1 5.32239E-1 5.24289E-1 4.8363E-1 4.90939E-1 4.99978E-1 5.00819E-1 4.94669E-1 5.09563E-1 5.31382E-1 5.59929E-1 5.72248E-1 5.60223E-1 5.5423E-1 5.33105E-1 5.66427E-1 5.66762E-1 5.68398E-1 6.12694E-1 6.37413E-1 7.01253E-1 7.24944E-1 4.85117E-1 3.94012E-1 -9999 -9999 -9999 -9999 -9999 -9999 -9999 -9999 -9999 -9999 -9999 -9999 -9999 -9999 -9999 -9999 -9999 -9999 -9999 5.3312E-1 7.14536E-1 7.14383E-1 6.71286E-1 7.15925E-1 6.64993E-1 6.82862E-1 6.62975E-1 5.6455E-1 4.97128E-1 5.53881E-1 5.3584E-1 6.05521E-1
3.71077E-1 4.05529E-1 4.25739E-1 4.14194E-1 4.37554E-1 4.54971E-1 4.60019E-1 4.50574E-1 4.46898E-1 4.65029E-1 4.98438E-1 4.91597E-1 4.83758E-1 5.05314E-1 5.31343E-1 5.43334E-1 5.61045E-1 5.73055E-1 5.76975E-1 5.82571E-1 6.2123E-1 6.11351E-1 6.35669E-1 6.5347E-1 6.67765E-1 7.12949E-1 4.25386E-1 -9999 -9999 -9999 -9999 -9999 -9999 -9999 -9999 -9999 -9999 -9999 -9999 -9999 -9999 -9999 -9999 -9999 -9999 -9999 -9999 -9999 -9999 -9999 -9999 5.93563E-1 5.52359E-1 3.82986E-1 3.44189E-1 6.09708E-1 5.89543E-1 -9999 -9999 -9999 6.26871E-1
3.60132E-1 3.72318E-1 3.67534E-1 3.64893E-1 3.86316E-1 4.07379E-1 4.20396E-1 4.36562E-1 4.54528E-1 4.60924E-1 4.70049E-1 4.90243E-1 4.79096E-1 4.97933E-1 5.14233E-1 5.42548E-1 5.46351E-1 5.84266E-1 6.12935E-1 6.36677E-1 6.54439E-1 6.43757E-1 6.65426E-1 6.81266E-1 6.87943E-1 6.18431E-1 -9999 -9999 -9999 -9999 -9999 -9999 -9999 -9999 -9999 -9999 -9999 -9999 -9999 -9999 -9999 -9999 -9999 -9999 -9999 -9999 -9999 -9999 -9999 -9999 -9999 -9999 -9999 -9999 -9999 -9999 -9999 -9999 -9999 -9999 5.85743E-1
3.3344E-1 3.3918E-1 3.39044E-1 3.37516E-1 3.42659E-1 3.64954E-1 3.79976E-1 4.17952E-1 4.48139E-1 4.85611E-1 4.88058E-1 4.87096E-1 4.86139E-1 5.078E-1 5.55142E-1 5.51012E-1 5.59971E-1 6.22769E-1 6.31981E-1 6.52768E-1 6.88115E-1 6.73499E-1 6.95965E-1 6.87051E-1 -9999 -9999 -9999 -9999 -9999 -9999 -9999 -9999 -9999 -9999 -9999 -9999 -9999 -9999 -9999 -9999 -9999 -9999 -9999 -9999 -9999 -9999 -9999 -9999 -9999 -9999 -9999 -9999 -9999 -9999 -9999 -9999 -9999 -9999 -9999 -9999 -9999
3.09283E-1 3.11039E-1 3.04228E-1 2.95283E-1 2.92163E-1 3.32128E-1 3.76555E-1 4.22197E-1 4.48489E-1 5.05998E-1 5.18795E-1 5.08968E-1 4.80178E-1 4.9149E-1 5.56421E-1 6.05575E-1 5.93612E-1 6.32152E-1 6.73182E-1 6.53804E-1 6.62561E-1 5.82551E-1 4.94022E-1 -9999 -9999 -9999 -9999 -9999 -9999 -9999 -9999 -9999 -9999 -9999 -9999 -9999 -9999 -9999 -9999 -9999 -9999 -9999 -9999 -9999 -9999 -9999 -9999 -9999 -9999 -9999 -9999 -9999 -9999 -9999 -9999 -9999 -9999 -9999 -9999 -9999 -9999
2.7153E-1 2.77802E-1 2.6263E-1 2.49709E-1 2.64346E-1 3.01413E-1 3.52309E-1 4.23566E-1 4.47662E-1 4.99177E-1 5.16316E-1 5.32129E-1 5.27579E-1 5.37088E-1 5.82986E-1 6.20542E-1 6.72535E-1 6.46015E-1 6.82454E-1 3.86818E-1 -9999 -9999 -9999 -9999 -9999 -9999 -9999 -9999 -9999 -9999 -9999 -9999 -9999 -9999 -9999 -9999 -9999 -9999 -9999 -9999 -9999 -9999 -9999 -9999 -9999 -9999 -9999 -9999 -9999 -9999 -9999 -9999 -9999 -9999 -9999 -9999 -9999 -9999 -9999 -9999 -9999
2.52745E-1 2.57519E-1 2.5499E-1 2.55643E-1 2.63424E-1 3.03418E-1 3.59269E-1 4.0897E-1 4.50563E-1 4.92965E-1 4.91088E-1 5.40362E-1 5.49808E-1 5.89757E-1 6.31784E-1 6.66177E-1 6.86906E-1 5.29518E-1 5.99318E-1 -9999 -9999 -9999 -9999 -9999 -9999 -9999 -9999 -9999 -9999 -9999 -9999 -9999 -9999 -9999 -9999 -9999 -9999 -9999 -9999 -9999 -9999 -9999 -9999 -9999 -9999 -9999 -9999 -9999 -9999 -9999 -9999 -9999 -9999 -9999 -9999 -9999 -9999 -9999 -9999 -9999 -9999
2.48565E-1 2.4042E-1 2.37938E-1 2.49563E-1 2.71764E-1 3.2802E-1 3.80599E-1 4.07164E-1 4.40862E-1 5.27752E-1 4.92333E-1 5.43371E-1 5.94736E-1 6.21077E-1 6.82955E-1 6.09227E-1 6.00802E-1 -9999 -9999 -9999 -9999 -9999 -9999 -9999 -9999 -9999 -9999 -9999 -9999 -9999 -9999 -9999 -9999 -9999 -9999 -9999 -9999 -9999 -9999 -9999 -9999 -9999 -9999 -9999 -9999 -9999 -9999 -9999 -9999 -9999 -9999 -9999 -9999 -9999 -9999 -9999 -9999 -9999 -9999 -9999 -9999
2.47021E-1 2.39482E-1 2.38841E-1 2.49914E-1 2.92169E-1 3.37645E-1 3.71232E-1 4.1264E-1 4.34967E-1 4.51799E-1 5.01562E-1 6.13323E-1 6.45787E-1 6.60898E-1 6.38451E-1 5.55643E-1 -9999 -9999 -9999 -9999 -9999 -9999 -9999 -9999 -9999 -9999 -9999 -9999 -9999 -9999 -9999 -9999 -9999 -9999 -9999 -9999 -9999 -9999 -9999 -9999 -9999 -9999 -9999 -9999 -9999 -9999 -9999 -9999 -9999 -9999 -9999 -9999 -9999 -9999 -9999 -9999 -9999 -9999 -9999 -9999 -9999
2.53092E-1 2.46678E-1 2.567E-1 2.7457E-1 3.11584E-1 3.47504E-1 3.64522E-1 3.93368E-1 4.19533E-1 4.30478E-1 4.83509E-1 5.7876E-1 6.6549E-1 5.99263E-1 5.04127E-1 -9999 -9999 -9999 -9999 -9999 -9999 -9999 -9999 -9999 -9999 -9999 -9999 -9999 -9999 -9999 -9999 -9999 -9999 -9999 -9999 -9999 -9999 -9999 -9999 -9999 -9999 -9999 -9999 -9999 -9999 -9999 -9999 -9999 -9999 -9999 -9999 -9999 -9999 -9999 -9999 -9999 -9999 -9999 -9999 -9999 -9999
2.48174E-1 2.59742E-1 2.78593E-1 3.20791E-1 3.31863E-1 3.44867E-1 3.58339E-1 3.9064E-1 4.22841E-1 4.53735E-1 4.82277E-1 5.74092E-1 6.62252E-1 6.24307E-1 -9999 -9999 -9999 -9999 -9999 -9999 -9999 -9999 -9999 -9999 -9999 -9999 -9999 -9999 -9999 -9999 -9999 -9999 -9999 -9999 -9999 -9999 -9999 -9999 -9999 -9999 -9999 -9999 -9999 -9999 -9999 -9999 -9999 -9999 -9999 -9999 -9999 -9999 -9999 -9999 -9999 -9999 -9999 -9999 -9999 -9999 -9999
2.36906E-1 2.47232E-1 2.84342E-1 3.11947E-1 3.21534E-1 3.32839E-1 3.52748E-1 3.79003E-1 4.11118E-1 4.46673E-1 4.93903E-1 5.98764E-1 6.67714E-1 6.60915E-1 -9999 -9999 -9999 -9999 -9999 -9999 -9999 -9999 -9999 -9999 -9999 -9999 -9999 -9999 -9999 -9999 -9999 -9999 -9999 -9999 -9999 -9999 -9999 -9999 -9999 -9999 -9999 -9999 -9999 -9999 -9999 -9999 -9999 -9999 -9999 -9999 -9999 -9999 -9999 -9999 -9999 -9999 -9999 -9999 -9999 -9999 -9999
2.24998E-1 2.44724E-1 2.79382E-1 3.11786E-1 2.95418E-1 3.04887E-1 3.18832E-1 3.4166E-1 3.98776E-1 4.34666E-1 5.02531E-1 6.12317E-1 6.9041E-1 -9999 -9999 -9999 -9999 -9999 -9999 -9999 -9999 -9999 -9999 -9999 -9999 -9999 -9999 -9999 -9999 -9999 -9999 -9999 -9999 -9999 -9999 -9999 -9999 -9999 -9999 -9999 -9999 -9999 -9999 -9999 -9999 -9999 -9999 -9999 -9999 -9999 -9999 -9999 -9999 -9999 -9999 -9999 -9999 -9999 -9999 -9999 -9999
2.1887E-1 2.20409E-1 2.54448E-1 3.04907E-1 2.94465E-1 2.93785E-1 3.07474E-1 3.63969E-1 3.68499E-1 4.17349E-1 4.8825E-1 5.92309E-1 6.92998E-1 -9999 -9999 -9999 -9999 -9999 -9999 -9999 -9999 -9999 -9999 -9999 -9999 -9999 -9999 -9999 -9999 -9999 -9999 -9999 -9999 -9999 -9999 -9999 -9999 -9999 -9999 -9999 -9999 -9999 -9999 -9999 -9999 -9999 -9999 -9999 -9999 -9999 -9999 -9999 -9999 -9999 -9999 -9999 -9999 -9999 -9999 -9999 -9999
