data/maxent/outputs/red_323.asc
ncols         426
nrows         180
xllcorner     -130.0
yllcorner     24.0
cellsize      0.16666666666666666
NODATA_value  -9999
[rows 0 to 26 of 180, columns 183 to 243 of 426]
4.05655E-5 1.85261E-5 1.35572E-5 1.09965E-5 9.144E-6 8.01481E-6 9.07508E-6 4.54635E-5 5.19939E-5 4.09099E-5 1.63207E-5 1.11575E-5 7.598E-6 6.79462E-6 8.78912E-6 9.99928E-6 7.8023E-6 7.48466E-6 8.06396E-6 1.12689E-5 3.06306E-5 1.71489E-5 1.01387E-5 9.60038E-6 9.14341E-6 1.06594E-5 9.88153E-6 2.15463E-5 3.18995E-5 2.73561E-5 1.59562E-5 1.36813E-5 1.3025E-5 1.48365E-5 9.8406E-6 8.60755E-6 7.57337E-6 7.18773E-6 8.74542E-6 7.24383E-6 6.75249E-6 7.52618E-6 6.85159E-6 5.29242E-6 6.62844E-6 5.58594E-6 6.51869E-6 8.23408E-6 1.29129E-5 9.01006E-6 7.28892E-6 1.06191E-5 1.17326E-5 8.09671E-6 9.98663E-6 7.83001E-6 6.5908E-6 4.87937E-6 4.15594E-6 4.70603E-6 4.49985E-6
2.57566E-5 1.85346E-5 2.01773E-5 8.12137E-5 6.64904E-5 6.79882E-5 6.95646E-5 7.4446E-5 8.4662E-5 7.65742E-5 2.13347E-5 1.6401E-5 1.28883E-5 1.19495E-5 1.34157E-5 8.33176E-6 7.28174E-6 7.01814E-6 6.57166E-6 1.05054E-5 1.08118E-5 1.06075E-5 1.97486E-5 1.77498E-5 1.49934E-5 7.71285E-6 1.24349E-5 2.26193E-5 3.02495E-5 3.66223E-5 4.25219E-5 3.74029E-5 2.57483E-5 1.95141E-5 1.61392E-5 1.24711E-5 1.32353E-5 1.37401E-5 1.17157E-5 8.96239E-6 8.09489E-6 5.10938E-6 6.35114E-6 1.03927E-5 1.30699E-5 1.1824E-5 8.73895E-6 6.69003E-6 7.93022E-6 1.10182E-5 8.63618E-6 9.8879E-6 8.55148E-6 7.14504E-6 9.77289E-6 1.03505E-5 2.36753E-5 2.41846E-5 1.84379E-5 8.08222E-6 8.18668E-6
2.39886E-5 2.12492E-5 4.55169E-5 8.29632E-5 7.22456E-5 6.76719E-5 7.70714E-5 7.29301E-5 8.36785E-5 8.41751E-5 7.04478E-5 1.85649E-5 1.76617E-5 1.11822E-5 1.02975E-5 9.58627E-6 8.84864E-6 9.55824E-6 1.17597E-5 2.05174E-5 1.36428E-5 8.81912E-6 9.47383E-6 9.88495E-6 1.51366E-5 8.78097E-6 1.20145E-5 1.32603E-5 1.17825E-5 9.90715E-6 1.03669E-5 1.00118E-5 1.12653E-5 1.10476E-5 1.54716E-5 1.57504E-5 1.47665E-5 1.55204E-5 1.33783E-5 1.05936E-5 9.76412E-6 8.05071E-6 5.76824E-6 4.93275E-6 6.26034E-6 5.97884E-6 6.5272E-6 7.28364E-6 8.9898E-6 8.04418E-6 1.27501E-5 9.85778E-6 9.64176E-6 6.83186E-6 6.19543E-6 6.7676E-6 6.41517E-6 8.12384E-6 6.44246E-6 6.71398E-6 6.15706E-6
2.93418E-5 3.88353E-5 1.02664E-4 7.65594E-5 7.43003E-5 7.06234E-5 7.43898E-5 7.03703E-5 7.43919E-5 8.8642E-5 9.35801E-5 3.76754E-5 2.60473E-5 1.42769E-5 1.56084E-5 1.11217E-5 1.18274E-5 1.18302E-5 1.28512E-5 1.15831E-5 1.99956E-5 1.14254E-5 8.59206E-6 7.73301E-6 9.12073E-6 1.36821E-5 1.43991E-5 8.05022E-6 7.59076E-6 7.53064E-6 9.1324E-6 1.27451E-5 1.11041E-5 1.04123E-5 1.07299E-5 1.24627E-5 1.32455E-5 1.12718E-5 9.05767E-6 9.60883E-6 1.09805E-5 8.18918E-6 6.57713E-6 5.91934E-6 5.88292E-6 5.9801E-6 1.3892E-5 1.09369E-5 8.60871E-6 1.09997E-5 1.09817E-5 1.83301E-5 1.23249E-5 9.95187E-6 8.49531E-6 7.43863E-6 7.14156E-6 6.33821E-6 7.93973E-6 6.14318E-6 7.34227E-6
8.69045E-5 9.51803E-5 1.02436E-4 8.636E-5 7.78508E-5 8.06256E-5 8.10156E-5 8.35582E-5 8.11931E-5 8.71579E-5 8.59329E-5 9.33684E-5 4.21334E-5 1.62552E-5 1.07834E-5 1.25011E-5 1.04535E-5 8.95714E-6 1.10234E-5 1.03253E-5 9.64596E-6 1.18357E-5 1.38174E-5 1.05274E-5 8.46671E-6 9.6064E-6 8.93401E-6 1.11572E-5 1.15032E-5 9.2775E-6 1.03178E-5 1.23398E-5 9.82111E-6 1.08435E-5 1.51582E-5 2.21885E-5 1.22358E-5 9.35145E-6 7.21441E-6 7.52078E-6 8.15316E-6 8.04305E-6 8.34226E-6 8.70292E-6 8.69813E-6 9.47157E-6 7.2684E-6 8.40844E-6 9.17789E-6 9.7099E-6 8.86335E-6 1.12241E-5 1.02983E-5 8.86928E-6 8.87673E-6 9.26938E-6 8.47388E-6 8.9869E-6 8.58419E-6 6.91026E-6 6.83848E-6
8.7207E-5 7.16063E-5 9.87155E-5 1.13113E-4 1.0707E-4 1.05238E-4 1.14425E-4 9.07078E-5 8.3769E-5 8.49301E-5 8.39923E-5 9.15852E-5 9.57217E-5 2.10703E-5 1.89225E-5 1.32815E-5 1.24455E-5 1.12602E-5 9.96172E-6 1.15212E-5 1.55466E-5 1.31604E-5 1.1661E-5 1.46204E-5 1.50985E-5 2.04991E-5 2.3912E-5 2.72329E-5 1.75385E-5 1.84145E-5 1.66754E-5 1.43485E-5 1.43109E-5 1.43202E-5 1.38414E-5 3.1306E-5 4.66982E-5 2.87538E-5 3.84479E-5 3.11029E-5 3.72105E-5 2.85534E-5 1.19882E-5 1.05789E-5 9.76244E-6 1.56018E-5 8.91244E-6 8.40661E-6 1.20585E-5 1.48371E-5 1.38449E-5 1.61771E-5 1.44304E-5 1.0644E-5 1.07765E-5 9.28004E-6 9.71872E-6 1.39292E-5 1.35867E-5 1.12378E-5 1.13749E-5
8.41604E-5 5.68168E-5 4.54772E-5 6.22379E-5 1.20614E-4 1.23081E-4 9.84008E-5 9.94354E-5 9.84117E-5 9.69261E-5 9.53078E-5 1.03735E-4 9.67043E-5 3.66158E-5 2.95006E-5 1.77454E-5 1.41687E-5 1.34217E-5 1.51556E-5 1.5161E-5 1.75509E-5 1.95097E-5 1.65312E-5 1.97628E-5 2.08933E-5 2.95955E-5 2.34869E-5 2.65922E-5 2.02847E-5 1.95184E-5 1.8608E-5 1.95449E-5 2.24688E-5 3.66825E-5 2.64926E-5 3.67219E-5 4.38667E-5 2.51726E-5 2.65434E-5 2.29497E-5 2.34722E-5 1.87493E-5 1.22781E-5 1.19465E-5 1.96156E-5 2.71255E-5 2.36471E-5 1.56968E-5 2.50473E-5 1.82352E-5 1.80423E-5 2.16926E-5 2.06282E-5 1.0164E-5 8.53852E-6 9.19718E-6 8.23225E-6 1.49685E-5 1.55539E-5 1.53072E-5 2.13305E-5
1.14388E-4 5.82165E-5 5.5379E-5 8.10285E-5 1.50118E-4 1.0538E-4 9.83102E-5 9.52615E-5 9.88879E-5 9.57133E-5 9.0669E-5 9.57439E-5 1.01554E-4 5.16071E-5 2.65473E-5 2.40264E-5 2.78365E-5 4.54753E-5 3.0579E-5 2.83674E-5 2.53567E-5 2.58037E-5 2.38325E-5 2.27672E-5 2.14001E-5 4.09637E-5 2.78982E-5 2.76724E-5 2.84029E-5 2.91251E-5 2.78405E-5 2.39345E-5 2.73662E-5 3.37686E-5 2.7762E-5 3.32097E-5 3.01636E-5 2.34238E-5 1.77228E-5 1.66891E-5 1.7771E-5 1.90639E-5 1.6826E-5 1.45772E-5 1.39796E-5 1.40708E-5 1.2278E-5 1.23576E-5 1.71955E-5 1.68077E-5 1.48715E-5 2.70779E-5 3.1889E-5 2.56852E-5 1.14929E-5 1.18719E-5 1.30252E-5 1.17399E-5 9.94884E-6 1.12712E-5 9.8052E-6
1.26628E-4 7.11946E-5 5.87993E-5 7.47897E-5 6.25264E-5 1.43247E-4 1.15857E-4 1.06554E-4 1.16073E-4 1.18941E-4 1.02286E-4 9.975E-5 8.94134E-5 8.97948E-5 3.93126E-5 2.3248E-5 2.90328E-5 2.41876E-5 3.74974E-5 4.75012E-5 4.50499E-5 3.48646E-5 3.43434E-5 2.80734E-5 3.31311E-5 3.04929E-5 3.07998E-5 3.62029E-5 2.82562E-5 3.413E-5 4.16401E-5 3.73033E-5 5.75896E-5 3.91756E-5 3.43908E-5 3.15066E-5 3.16381E-5 3.38731E-5 3.29515E-5 3.43407E-5 2.51994E-5 2.01494E-5 2.36542E-5 2.20018E-5 1.61786E-5 1.50318E-5 1.42258E-5 3.89994E-5 2.59262E-5 1.72389E-5 1.52262E-5 1.42752E-5 1.4492E-5 1.29512E-5 1.87885E-5 1.54568E-5 1.33804E-5 1.20977E-5 1.22931E-5 1.02852E-5 9.15746E-6
1.60671E-4 7.56936E-5 6.52637E-5 5.70686E-5 5.31183E-5 4.70601E-5 1.51486E-4 1.13981E-4 1.36313E-4 1.55432E-4 1.13814E-4 1.14314E-4 1.047E-4 1.01494E-4 9.65149E-5 2.48279E-5 2.94083E-5 2.76245E-5 3.16111E-5 2.76488E-5 2.90616E-5 3.57029E-5 3.24689E-5 3.39487E-5 3.93002E-5 3.60936E-5 3.02621E-5 3.37998E-5 2.92984E-5 2.74874E-5 3.34039E-5 3.62802E-5 3.61655E-5 3.16656E-5 3.57823E-5 4.2875E-5 3.43565E-5 3.08869E-5 3.23806E-5 3.1356E-5 2.50566E-5 2.63424E-5 2.52193E-5 2.8604E-5 2.24208E-5 1.74971E-5 1.61481E-5 2.12269E-5 1.41826E-5 1.35164E-5 1.34293E-5 1.2719E-5 1.50461E-5 1.63021E-5 1.45956E-5 1.62209E-5 1.67216E-5 1.07366E-5 9.8672E-6 9.06455E-6 1.21243E-5
1.19341E-4 7.02775E-5 5.39569E-5 5.95912E-5 5.50873E-5 5.06022E-5 4.46703E-5 8.95675E-5 1.51726E-4 1.49562E-4 1.26679E-4 1.20273E-4 1.23732E-4 1.28398E-4 1.18076E-4 2.98318E-5 3.49767E-5 3.17134E-5 3.57846E-5 3.7214E-5 4.13326E-5 4.53698E-5 3.68726E-5 3.6368E-5 4.86928E-5 4.29122E-5 3.56019E-5 4.42964E-5 3.06703E-5 4.00306E-5 4.48708E-5 4.32417E-5 3.55063E-5 3.40816E-5 5.78773E-5 3.71894E-5 2.86644E-5 1.97002E-5 2.17162E-5 2.76517E-5 5.43152E-5 4.34143E-5 2.08357E-5 1.73162E-5 1.57443E-5 1.71104E-5 1.54678E-5 1.40461E-5 1.09209E-5 9.4235E-6 1.34851E-5 1.26049E-5 1.24064E-5 1.13222E-5 1.21475E-5 1.13931E-5 1.60159E-5 1.50324E-5 1.07087E-5 8.74188E-6 1.01693E-5
1.06192E-4 7.54753E-5 7.5438E-5 6.48279E-5 5.98446E-5 5.27504E-5 5.47534E-5 5.94393E-5 1.30163E-4 1.70949E-4 1.45637E-4 1.33559E-4 1.61147E-4 1.6107E-4 1.42768E-4 8.18905E-5 4.35403E-5 4.26989E-5 4.53547E-5 4.17497E-5 4.32824E-5 5.2173E-5 4.55105E-5 6.53999E-5 1.04884E-4 9.05736E-5 6.98017E-5 5.98486E-5 6.34301E-5 7.14022E-5 7.04368E-5 7.19385E-5 7.54293E-5 5.49981E-5 5.37787E-5 3.01834E-5 2.27362E-5 3.18919E-5 2.57031E-5 2.82003E-5 3.20489E-5 2.78973E-5 2.09834E-5 1.82638E-5 2.27616E-5 2.09921E-5 1.47665E-5 1.42754E-5 1.61309E-5 1.43124E-5 1.72425E-5 1.54427E-5 1.30548E-5 1.25675E-5 1.20688E-5 1.32914E-5 1.57598E-5 1.60714E-5 1.31392E-5 1.35911E-5 1.44946E-5
8.89305E-5 9.64733E-5 7.93455E-5 6.86854E-5 5.34674E-5 6.21319E-5 6.47248E-5 5.18555E-5 6.2042E-5 1.36014E-4 7.7034E-5 8.61108E-5 5.89189E-5 2.18664E-4 2.13662E-4 2.20991E-4 8.42634E-5 5.96256E-5 5.40835E-5 4.72293E-5 5.22136E-5 6.3043E-5 6.2735E-5 7.04097E-5 1.1873E-4 5.84458E-5 7.84185E-5 5.7363E-5 6.57339E-5 6.55539E-5 6.56526E-5 7.24613E-5 8.67959E-5 6.61371E-5 5.16342E-5 3.496E-5 3.6956E-5 4.03433E-5 3.52634E-5 3.65635E-5 3.63912E-5 3.15757E-5 2.3453E-5 2.14527E-5 2.35429E-5 2.91484E-5 1.71816E-5 1.62933E-5 2.73824E-5 2.32492E-5 2.70445E-5 2.0016E-5 1.91137E-5 1.65108E-5 1.73682E-5 1.52305E-5 1.77503E-5 1.41148E-5 1.46503E-5 1.34509E-5 1.76719E-5
2.52178E-4 1.41389E-4 9.93418E-5 7.57122E-5 5.26429E-5 6.55791E-5 1.19548E-4 9.50477E-5 4.07062E-5 4.24092E-5 5.62584E-5 6.76073E-5 1.97509E-4 2.49561E-4 2.92004E-4 2.73995E-4 2.70436E-4 7.75953E-5 5.75344E-5 6.0085E-5 6.29897E-5 5.95871E-5 6.81917E-5 9.22284E-5 6.96725E-5 8.50065E-5 6.43525E-5 9.16032E-5 9.56486E-5 1.1199E-4 9.15239E-5 8.54259E-5 1.03016E-4 9.58018E-5 1.01877E-4 8.48062E-5 7.29997E-5 5.9391E-5 6.06493E-5 6.55316E-5 6.48504E-5 4.05937E-5 2.91051E-5 2.81032E-5 3.7747E-5 5.32239E-5 3.83634E-5 3.08985E-5 2.9047E-5 3.20079E-5 3.89095E-5 3.09463E-5 3.91699E-5 2.48976E-5 2.2135E-5 2.23556E-5 1.53122E-5 1.61824E-5 2.41841E-5 1.81989E-5 2.48528E-5
2.22314E-4 2.15778E-4 2.78647E-4 2.41585E-4 1.39211E-4 1.42712E-4 8.9059E-5 3.23209E-5 3.4252E-5 4.84223E-5 6.20055E-5 6.85985E-5 1.05538E-4 2.84655E-4 1.92335E-4 8.47383E-5 3.32201E-4 2.05481E-4 7.11383E-5 6.51327E-5 7.12579E-5 7.36901E-5 8.7107E-5 1.10109E-4 7.87929E-5 9.25771E-5 8.02837E-5 8.56479E-5 1.02726E-4 1.0646E-4 1.05202E-4 9.26318E-5 9.28566E-5 1.02723E-4 9.59049E-5 9.69501E-5 8.00075E-5 7.97429E-5 6.95667E-5 6.83682E-5 5.83282E-5 5.15256E-5 3.99902E-5 3.86809E-5 4.95306E-5 9.13496E-5 3.76156E-5 4.14489E-5 4.56457E-5 3.10965E-5 3.7176E-5 3.80702E-5 3.30108E-5 3.22218E-5 3.06675E-5 2.41179E-5 2.17872E-5 1.93023E-5 1.90533E-5 1.94294E-5 1.77374E-5
8.94757E-5 1.18239E-4 2.9134E-4 2.66915E-4 1.14242E-4 3.78763E-5 3.79348E-5 3.00806E-5 4.4298E-5 6.42549E-5 7.07718E-5 5.0829E-5 7.12201E-5 1.43722E-4 7.8278E-5 1.56577E-4 3.43913E-4 3.42935E-4 1.1186E-4 6.83904E-5 6.47593E-5 6.32845E-5 6.20005E-5 7.65372E-5 9.37515E-5 8.9689E-5 1.00192E-4 1.36919E-4 1.34106E-4 1.10917E-4 1.12522E-4 8.77417E-5 1.03542E-4 7.26615E-5 7.9757E-5 9.7894E-5 9.74688E-5 9.28191E-5 7.63914E-5 6.54708E-5 6.02396E-5 9.18363E-5 1.52818E-4 1.21597E-4 7.03761E-5 1.22134E-4 6.88645E-5 5.6694E-5 6.96085E-5 5.77248E-5 6.52217E-5 5.02582E-5 3.72149E-5 3.75883E-5 3.52101E-5 3.35907E-5 2.49093E-5 2.23483E-5 2.41448E-5 2.43558E-5 2.45933E-5
6.77697E-5 9.41613E-5 1.85761E-4 3.24508E-4 2.70203E-4 1.14391E-4 2.98515E-5 3.22168E-5 4.84076E-5 4.01434E-5 3.65461E-5 4.50501E-5 6.45914E-5 7.12679E-5 5.61528E-5 2.24083E-4 2.18023E-4 3.53999E-4 2.96499E-4 1.13113E-4 7.4583E-5 6.84004E-5 7.2129E-5 8.51884E-5 1.14935E-4 1.00625E-4 1.24176E-4 1.3877E-4 1.60112E-4 1.37906E-4 1.37107E-4 1.19014E-4 1.10327E-4 1.09537E-4 9.57917E-5 1.01387E-4 3.18233E-4 3.67533E-4 1.53817E-4 1.05142E-4 1.48466E-4 1.1927E-4 1.00122E-4 1.23699E-4 1.27046E-4 1.44912E-4 1.32031E-4 1.05888E-4 9.31193E-5 7.31538E-5 5.47556E-5 5.66998E-5 6.67425E-5 5.08214E-5 4.05698E-5 4.96433E-5 3.82251E-5 3.54781E-5 3.55203E-5 3.8728E-5 2.941E-5
8.19487E-5 8.98243E-5 1.60892E-4 2.79767E-4 2.78673E-4 1.50815E-4 5.98811E-5 3.26735E-5 5.94721E-5 6.3361E-5 3.50014E-5 3.80573E-5 4.29471E-5 4.5855E-5 3.97379E-5 1.0752E-4 2.31793E-4 3.67385E-4 2.80116E-4 8.99786E-5 9.03191E-5 1.07818E-4 9.25353E-5 9.06858E-5 9.92284E-5 1.1426E-4 1.71337E-4 1.54269E-4 1.503E-4 1.34836E-4 1.46696E-4 1.55066E-4 1.81307E-4 2.2999E-4 1.96563E-4 1.19537E-4 2.0911E-4 3.07537E-4 1.86505E-4 1.48689E-4 2.29759E-4 1.58359E-4 1.26094E-4 1.29139E-4 1.37607E-4 9.42406E-5 9.4954E-5 1.47144E-4 1.61133E-4 9.87488E-5 4.98634E-5 7.10691E-5 1.6586E-4 1.84231E-4 1.26796E-4 9.57088E-5 5.68329E-5 5.15374E-5 5.14826E-5 4.45385E-5 3.85822E-5
8.53678E-5 1.20975E-4 1.48804E-4 1.9995E-4 3.04683E-4 2.26266E-4 1.06645E-4 4.26885E-5 4.28353E-5 4.32521E-5 4.52278E-5 3.84402E-5 4.1222E-5 4.09526E-5 4.30548E-5 3.07501E-4 3.24491E-4 3.46566E-4 3.14832E-4 1.0642E-4 1.22752E-4 1.16887E-4 1.24272E-4 1.3129E-4 1.02555E-4 1.34689E-4 1.64307E-4 1.87254E-4 1.68877E-4 1.67343E-4 1.22581E-4 1.51222E-4 2.19522E-4 2.00413E-4 2.2274E-4 2.15532E-4 1.89687E-4 1.77487E-4 1.82663E-4 1.61336E-4 1.25723E-4 1.24673E-4 1.105E-4 9.64359E-5 8.2442E-5 1.01376E-4 1.04375E-4 8.18731E-5 9.06715E-5 9.3214E-5 1.10811E-4 1.49992E-4 1.05105E-4 8.04404E-5 9.95311E-5 1.31044E-4 7.56688E-5 6.36248E-5 7.3534E-5 7.21836E-5 6.78901E-5
9.53286E-5 1.02892E-4 1.41936E-4 1.37676E-4 2.54931E-4 4.13097E-4 3.77913E-4 1.45123E-4 6.18032E-5 5.93149E-5 7.33754E-5 4.10397E-5 5.52693E-5 4.54006E-5 6.32326E-5 3.1776E-4 3.3987E-4 3.58635E-4 3.49436E-4 1.52773E-4 1.35797E-4 1.06154E-4 1.16197E-4 1.44433E-4 1.45748E-4 1.60558E-4 1.64663E-4 1.92353E-4 1.60488E-4 2.07518E-4 2.08705E-4 2.49271E-4 2.57719E-4 1.79482E-4 1.75176E-4 3.31055E-4 3.96473E-4 2.53665E-4 2.57856E-4 2.38793E-4 1.84654E-4 1.50082E-4 9.79509E-5 1.26458E-4 1.64958E-4 1.52655E-4 1.24265E-4 1.53909E-4 1.27969E-4 1.92258E-4 1.62919E-4 1.67755E-4 1.40958E-4 1.35081E-4 1.21214E-4 1.01805E-4 8.75234E-5 7.84938E-5 1.01488E-4 9.66834E-5 8.66544E-5
1.41832E-4 1.23444E-4 1.22626E-4 1.15596E-4 1.36343E-4 4.89806E-4 4.77214E-4 4.5951E-4 1.89288E-4 8.88821E-5 8.40123E-5 5.38915E-5 7.48496E-5 4.81817E-5 7.3825E-5 3.51086E-4 3.48062E-4 2.87998E-4 1.96152E-4 1.64236E-4 1.60855E-4 1.4254E-4 1.17944E-4 1.30608E-4 1.38226E-4 1.66316E-4 2.04681E-4 2.15503E-4 1.6054E-4 2.05313E-4 2.75356E-4 1.97822E-4 2.25773E-4 2.69915E-4 2.78851E-4 4.02249E-4 4.64572E-4 4.06442E-4 6.44438E-4 3.79438E-4 3.04436E-4 1.85516E-4 1.97237E-4 1.76999E-4 2.30963E-4 2.7324E-4 2.16231E-4 1.70528E-4 1.69381E-4 1.99547E-4 2.22893E-4 1.89435E-4 1.59232E-4 1.45253E-4 1.76126E-4 9.65338E-5 9.65888E-5 1.08285E-4 1.24618E-4 1.13237E-4 1.1004E-4
1.38073E-4 1.63367E-4 1.45019E-4 1.47381E-4 1.90812E-4 3.45402E-4 5.82001E-4 5.16517E-4 5.04943E-4 1.49549E-4 1.13709E-4 1.36874E-4 7.49623E-5 6.71166E-5 6.99252E-5 2.46132E-4 3.25321E-4 2.0176E-4 1.2263E-4 1.37313E-4 1.54387E-4 2.06905E-4 1.75711E-4 1.56913E-4 1.80142E-4 2.1786E-4 2.04084E-4 2.51103E-4 2.77768E-4 2.99014E-4 3.51722E-4 2.71729E-4 3.57813E-4 5.34735E-4 5.18993E-4 4.30434E-4 6.23841E-4 6.933E-4 6.10145E-4 1.05851E-3 9.34062E-4 5.41192E-4 3.84231E-4 3.52109E-4 5.00621E-4 5.2106E-4 2.64419E-4 2.95013E-4 2.64382E-4 2.18077E-4 1.75387E-4 1.77675E-4 1.4733E-4 1.55776E-4 2.59484E-4 1.2348E-4 1.24431E-4 1.27676E-4 1.26076E-4 1.28944E-4 1.21119E-4
1.12599E-4 1.79484E-4 1.7379E-4 1.60912E-4 1.78874E-4 2.82125E-4 5.57216E-4 5.69262E-4 2.79805E-4 1.37865E-4 1.29045E-4 1.22395E-4 8.00182E-5 6.81518E-5 5.91087E-5 7.93577E-5 9.15255E-5 1.245E-4 9.6146E-5 1.58028E-4 1.70574E-4 1.94317E-4 2.06833E-4 1.77204E-4 1.97607E-4 2.39465E-4 2.93486E-4 3.51551E-4 3.25025E-4 3.13095E-4 4.78172E-4 4.25694E-4 5.81805E-4 5.48889E-4 4.19083E-4 4.09594E-4 5.79592E-4 7.01058E-4 7.31994E-4 6.54905E-4 7.55055E-4 9.03396E-4 9.32707E-4 7.36814E-4 5.9091E-4 4.68122E-4 4.38135E-4 3.46449E-4 3.23151E-4 2.47587E-4 2.15388E-4 1.69002E-4 1.74566E-4 1.37062E-4 1.75628E-4 1.77287E-4 1.49328E-4 1.21549E-4 1.24332E-4 1.46226E-4 1.43214E-4
9.04163E-5 1.82066E-4 2.12047E-4 2.16702E-4 2.0889E-4 1.69642E-4 1.39195E-4 1.3018E-4 1.30997E-4 1.41039E-4 1.49697E-4 1.0606E-4 8.5952E-5 8.6247E-5 8.18308E-5 1.04338E-4 1.01331E-4 1.23008E-4 1.35109E-4 1.97664E-4 2.05162E-4 1.85545E-4 2.03113E-4 2.03662E-4 2.0467E-4 2.64975E-4 2.78074E-4 3.3588E-4 3.93727E-4 4.78125E-4 3.69712E-4 4.46728E-4 5.85219E-4 5.62613E-4 6.63934E-4 7.14631E-4 5.91715E-4 5.99797E-4 5.17699E-4 4.50846E-4 4.27364E-4 4.90232E-4 5.34527E-4 9.50053E-4 8.19469E-4 8.04494E-4 5.20529E-4 4.9213E-4 3.39894E-4 4.0195E-4 2.62143E-4 2.52498E-4 4.64427E-4 2.98699E-4 2.75833E-4 3.00297E-4 1.93161E-4 1.10014E-4 1.1227E-4 1.24517E-4 1.39656E-4
1.26893E-4 1.62634E-4 2.34268E-4 2.56548E-4 2.37282E-4 1.98924E-4 1.79713E-4 1.52289E-4 1.37364E-4 1.19853E-4 1.48426E-4 1.38483E-4 1.13042E-4 1.20172E-4 1.6745E-4 1.6806E-4 1.68326E-4 1.84903E-4 2.02542E-4 2.19401E-4 2.11231E-4 2.32492E-4 2.16188E-4 2.06558E-4 2.07048E-4 2.13817E-4 2.48092E-4 2.91957E-4 3.26868E-4 3.98328E-4 4.15913E-4 4.99073E-4 5.43101E-4 6.30345E-4 6.70308E-4 7.52023E-4 5.80854E-4 5.73191E-4 5.46575E-4 5.63516E-4 5.45668E-4 6.61681E-4 6.26197E-4 8.91533E-4 1.08117E-3 1.04077E-3 6.49412E-4 4.51585E-4 4.81409E-4 5.17652E-4 8.13624E-4 5.15721E-4 2.96662E-4 2.34964E-4 2.26015E-4 1.93053E-4 1.53861E-4 1.42492E-4 1.16936E-4 1.54443E-4 2.83132E-4
1.30518E-4 1.93597E-4 2.27955E-4 2.54267E-4 2.52386E-4 2.65631E-4 2.52291E-4 1.98913E-4 1.9564E-4 1.55911E-4 1.53738E-4 1.58889E-4 1.35831E-4 1.23031E-4 1.29424E-4 1.3321E-4 1.45391E-4 1.7328E-4 2.56831E-4 2.71079E-4 2.61644E-4 2.51512E-4 2.08937E-4 1.58129E-4 1.74804E-4 2.27058E-4 2.29885E-4 2.61783E-4 4.31881E-4 5.05302E-4 7.31251E-4 5.61053E-4 6.06397E-4 6.65345E-4 7.52138E-4 8.18316E-4 8.61251E-4 1.05156E-3 9.98136E-4 7.06298E-4 1.01976E-3 8.13905E-4 7.27855E-4 7.74608E-4 8.31556E-4 1.07305E-3 8.45418E-4 6.49605E-4 6.27766E-4 4.06449E-4 3.86842E-4 3.72197E-4 3.14791E-4 3.11097E-4 3.46491E-4 2.21364E-4 1.65532E-4 1.30188E-4 1.54123E-4 1.47816E-4 1.91608E-4
1.7089E-4 2.13462E-4 1.77896E-4 2.29978E-4 2.4684E-4 2.48095E-4 2.99881E-4 2.64995E-4 2.3861E-4 2.6152E-4 1.99014E-4 2.00144E-4 1.59796E-4 1.17752E-4 1.05389E-4 1.07453E-4 1.34277E-4 1.69782E-4 2.797E-4 3.04666E-4 2.73878E-4 2.5076E-4 1.97672E-4 1.60989E-4 1.40168E-4 1.66649E-4 7.0585E-4 5.01895E-4 4.37608E-4 9.16102E-4 9.54477E-4 5.49307E-4 5.89745E-4 7.84659E-4 8.92274E-4 8.39876E-4 8.31087E-4 8.56323E-4 9.46825E-4 7.73777E-4 8.14801E-4 1.06834E-3 8.74421E-4 7.20245E-4 8.16957E-4 1.12598E-3 1.7447E-3 1.32082E-3 6.54967E-4 4.81294E-4 2.54138E-4 2.57879E-4 2.37196E-4 2.26352E-4 2.16379E-4 1.83876E-4 1.3008E-4 1.20914E-4 1.55434E-4 1.66321E-4 1.69291E-4
