data/maxent/outputs/red_38.asc
ncols         426
nrows         180
xllcorner     -130.0
yllcorner     24.0
cellsize      0.16666666666666666
NODATA_value  -9999
[rows 27 to 53 of 180, columns 244 to 304 of 426]
2.63694E-6 2.34999E-6 4.97623E-6 1.32469E-5 3.01021E-5 5.94009E-5 4.43832E-5 1.23859E-5 9.52095E-6 8.17093E-6 6.35189E-6 8.93527E-6 9.28972E-6 7.02047E-6 2.86274E-5 8.94429E-6 8.1164E-6 7.09083E-6 7.72787E-6 7.50537E-6 5.55014E-6 6.29684E-6 8.51941E-6 5.06232E-6 4.41987E-6 9.91607E-6 5.48265E-6 5.1422E-6 5.5366E-6 4.41245E-6 4.84797E-6 5.42016E-6 6.11776E-6 6.80667E-6 8.73033E-6 7.60048E-6 6.34171E-6 7.10265E-6 6.3083E-6 5.88861E-6 5.35768E-6 5.28564E-6 6.54683E-6 6.48179E-6 4.41906E-6 4.06016E-6 4.92113E-6 6.14623E-6 6.93382E-6 6.44283E-6 5.45276E-6 7.06613E-6 7.84389E-6 7.14539E-6 6.8428E-6 5.87715E-6 3.79699E-6 3.12174E-6 3.0153E-6 2.73498E-6 2.63765E-6
3.00563E-6 3.85423E-6 5.4872E-6 3.7096E-6 4.28642E-6 9.51934E-6 8.97315E-6 8.63391E-6 9.58222E-6 7.12579E-6 4.80447E-6 1.25155E-5 7.63699E-6 1.31511E-5 7.49209E-6 6.16597E-6 8.35525E-6 1.604E-5 1.10458E-5 9.60035E-6 1.0275E-5 6.2248E-6 6.82683E-6 9.47466E-6 8.94314E-6 8.9837E-6 5.666E-6 5.59235E-6 5.66133E-6 4.86151E-6 4.89648E-6 6.44839E-6 5.60737E-6 7.08085E-6 7.5789E-6 7.76502E-6 7.49693E-6 7.03857E-6 4.95241E-6 4.66167E-6 5.30026E-6 4.9324E-6 5.27376E-6 5.69364E-6 5.99093E-6 6.43044E-6 6.31925E-6 6.09729E-6 7.9782E-6 6.9464E-6 5.59464E-6 6.43962E-6 6.86941E-6 5.13352E-6 5.80737E-6 5.62122E-6 3.88724E-6 3.44201E-6 4.29148E-6 3.00002E-6 3.74228E-6
3.30339E-6 3.9128E-6 5.43018E-6 5.66111E-6 5.50933E-6 7.85696E-6 1.93244E-5 1.67161E-5 9.77639E-6 1.14107E-5 1.88155E-5 2.24646E-5 1.49299E-5 1.88092E-5 7.32649E-6 9.45118E-6 2.8429E-5 3.91055E-5 2.60214E-5 1.47657E-5 7.75641E-6 9.53824E-6 9.16278E-6 1.59167E-5 1.82586E-5 1.24973E-5 7.04964E-6 8.16246E-6 7.77532E-6 8.57316E-6 1.03259E-5 7.69283E-6 7.25958E-6 7.87452E-6 7.50356E-6 1.00536E-5 1.01064E-5 1.34064E-5 9.06797E-6 7.24095E-6 9.10468E-6 5.69671E-6 4.84339E-6 5.58593E-6 6.06528E-6 7.82023E-6 7.59175E-6 6.09139E-6 6.56498E-6 6.28651E-6 5.1758E-6 5.40462E-6 5.20638E-6 5.66867E-6 6.28085E-6 6.14393E-6 4.89073E-6 5.65247E-6 6.94813E-6 3.95232E-6 3.95896E-6
2.92488E-6 3.18858E-6 6.31907E-6 7.59798E-6 8.57861E-6 1.13352E-5 4.7781E-5 1.01625E-4 1.2442E-4 2.70154E-4 1.85146E-4 8.16979E-5 5.24845E-5 5.77014E-5 7.31448E-5 3.75858E-5 3.63218E-5 5.74521E-5 4.63119E-5 3.25649E-5 1.57445E-5 2.02286E-5 1.72463E-5 1.23225E-5 1.09991E-5 7.7844E-6 1.17926E-5 1.14797E-5 9.13874E-6 2.8668E-5 1.20958E-5 1.04305E-5 9.44143E-6 8.44777E-6 9.87868E-6 1.50837E-5 1.06882E-5 7.80039E-6 8.3343E-6 8.23717E-6 7.49218E-6 7.44365E-6 5.62074E-6 4.97812E-6 5.29336E-6 6.91371E-6 7.52529E-6 6.48444E-6 5.97651E-6 6.42516E-6 5.14372E-6 5.56387E-6 4.39596E-6 5.45247E-6 6.15774E-6 1.85287E-5 1.7602E-5 8.59062E-6 8.03335E-6 4.10497E-6 3.85353E-6
4.84661E-6 4.06957E-6 7.00917E-6 9.71559E-6 1.9872E-5 6.18436E-5 3.5442E-5 1.1984E-4 3.76846E-4 9.70994E-4 1.05815E-3 1.03379E-3 7.91986E-4 8.84839E-4 9.08863E-4 9.28558E-4 8.23159E-4 6.99303E-4 9.59419E-5 3.32379E-5 2.00954E-5 2.51577E-5 3.35864E-5 1.22911E-5 1.0814E-5 1.41289E-5 1.55653E-5 1.82563E-5 1.02618E-5 1.54519E-5 1.39425E-5 1.4597E-5 1.36977E-5 1.06147E-5 1.32126E-5 1.36373E-5 1.43007E-5 1.02716E-5 7.65665E-6 8.49073E-6 6.21204E-6 7.35671E-6 6.68271E-6 6.54834E-6 6.08659E-6 5.41479E-6 6.49464E-6 6.559E-6 6.1474E-6 6.5839E-6 6.89611E-6 4.96739E-6 5.66797E-6 7.77647E-6 9.86071E-6 2.44368E-5 2.64516E-5 1.42718E-5 2.30791E-5 6.50994E-6 4.29107E-6
1.06154E-5 2.2061E-5 7.92511E-5 8.5888E-5 1.84394E-4 2.86261E-4 1.09368E-3 9.36089E-4 8.52463E-4 8.8362E-4 8.86152E-4 8.75254E-4 8.64912E-4 9.10917E-4 9.38523E-4 9.34955E-4 9.63179E-4 1.02134E-3 8.37976E-4 6.22227E-5 3.85204E-5 2.278E-5 1.81806E-5 1.62999E-5 1.66144E-5 2.60453E-5 1.66222E-5 1.50587E-5 2.70834E-5 1.63216E-5 2.51897E-5 1.3081E-5 1.6133E-5 1.65538E-5 1.3806E-5 1.3648E-5 1.29378E-5 1.08049E-5 1.10419E-5 8.97059E-6 8.61748E-6 6.48666E-6 6.64372E-6 6.96892E-6 8.17552E-6 7.88798E-6 1.06458E-5 8.07756E-6 7.04677E-6 6.98319E-6 1.1261E-5 6.92923E-6 5.58439E-6 6.04079E-6 6.83762E-6 6.78214E-6 1.44832E-5 1.81483E-5 2.14677E-5 1.36723E-5 8.8173E-6
3.62034E-5 7.03908E-4 7.3079E-4 4.0669E-4 1.00885E-3 1.00198E-3 9.26913E-4 9.69453E-4 9.97056E-4 9.6954E-4 9.2663E-4 9.32406E-4 9.384E-4 9.23622E-4 9.32473E-4 9.74551E-4 9.86032E-4 9.31959E-4 1.08953E-3 1.95746E-4 7.08073E-5 4.90129E-5 3.33127E-5 3.09152E-5 2.96821E-5 2.89469E-5 2.0543E-5 2.49767E-5 2.23448E-5 2.75699E-5 4.93282E-5 3.82944E-5 3.03773E-5 6.02775E-5 4.13773E-5 2.77469E-5 2.14238E-5 1.22933E-5 1.42798E-5 1.10785E-5 8.57113E-6 7.02523E-6 8.28351E-6 8.56464E-6 1.02449E-5 1.21475E-5 1.11799E-5 1.17321E-5 1.08718E-5 1.23073E-5 1.5621E-5 1.04778E-5 1.06317E-5 1.11192E-5 9.2631E-6 8.40898E-6 1.40484E-5 1.30013E-5 1.54284E-5 1.66984E-5 1.9624E-5
2.98027E-4 8.42417E-4 8.64954E-4 8.70699E-4 9.07459E-4 1.07003E-3 1.05222E-3 1.09523E-3 1.06498E-3 1.02723E-3 9.91391E-4 9.56217E-4 9.68538E-4 1.01143E-3 1.02034E-3 1.05351E-3 1.01979E-3 9.80063E-4 1.00702E-3 9.29273E-4 1.09134E-4 8.13835E-5 5.97978E-5 3.99738E-5 3.78325E-5 4.24011E-5 3.74144E-5 4.05408E-5 3.74831E-5 3.31048E-5 6.65847E-5 7.27994E-5 4.49538E-5 3.50666E-5 2.99371E-5 2.81023E-5 3.00728E-5 1.56629E-5 1.13963E-5 1.13201E-5 1.30398E-5 9.8855E-6 1.05731E-5 9.67518E-6 1.06615E-5 1.25896E-5 1.21733E-5 1.4272E-5 1.37242E-5 1.41043E-5 1.23981E-5 1.11085E-5 1.82987E-5 1.66283E-5 2.14715E-5 2.19902E-5 2.02946E-5 1.84577E-5 2.25502E-5 2.75047E-5 1.95182E-5
7.95143E-4 7.73083E-4 1.1458E-3 1.61264E-3 1.76379E-3 1.38936E-3 1.2657E-3 1.22518E-3 1.11957E-3 1.10914E-3 1.04588E-3 1.04737E-3 1.048E-3 1.10133E-3 1.11491E-3 1.10592E-3 1.08304E-3 1.06914E-3 1.05691E-3 1.35892E-3 1.13407E-3 1.95532E-4 1.27697E-4 1.23189E-4 1.0062E-4 9.49735E-5 1.11035E-4 6.4289E-5 6.69269E-5 8.74751E-5 6.03215E-5 6.35309E-5 6.49485E-5 4.13982E-5 4.15487E-5 5.22564E-5 4.76825E-5 3.04266E-5 1.455E-5 1.84948E-5 1.83431E-5 1.78319E-5 2.52042E-5 1.38804E-5 1.31713E-5 1.0807E-5 1.24067E-5 1.73964E-5 1.47418E-5 1.69529E-5 1.81799E-5 2.25958E-5 2.88334E-5 2.02491E-5 2.30609E-5 3.14358E-5 2.79494E-5 3.07043E-5 3.06392E-5 2.49376E-5 2.2085E-5
1.03409E-3 1.66214E-3 1.94321E-3 1.48957E-3 1.34537E-3 1.5363E-3 1.53416E-3 1.46482E-3 1.36968E-3 1.26205E-3 1.16208E-3 1.13349E-3 1.13907E-3 1.11714E-3 1.31683E-3 1.34672E-3 1.35246E-3 1.32816E-3 1.3103E-3 1.35701E-3 1.26198E-3 1.63694E-3 1.69158E-3 1.77998E-3 1.82424E-3 1.83566E-3 1.73762E-3 2.24882E-4 1.17289E-4 7.61789E-5 6.76313E-5 4.00717E-5 8.49562E-5 7.13999E-5 6.85185E-5 6.2008E-5 6.07747E-5 2.73437E-5 2.32128E-5 2.50605E-5 2.16682E-5 2.16479E-5 1.55177E-5 1.30288E-5 1.57535E-5 1.45189E-5 2.37597E-5 2.81365E-5 2.80322E-5 2.86952E-5 2.89948E-5 3.15209E-5 2.55516E-5 2.16993E-5 2.91963E-5 2.92849E-5 2.30902E-5 3.36884E-5 2.87135E-5 2.67682E-5 2.47624E-5
1.11067E-3 1.44335E-3 1.4847E-3 1.74698E-3 1.86885E-3 1.91443E-3 1.84495E-3 1.72851E-3 1.67284E-3 1.48867E-3 1.35325E-3 1.34294E-3 1.28952E-3 1.27937E-3 1.41993E-3 1.39656E-3 1.41702E-3 1.43343E-3 1.42773E-3 1.46362E-3 1.80154E-3 2.4222E-3 2.10784E-3 1.26269E-3 1.37987E-3 1.45262E-3 1.3587E-3 2.41229E-4 1.11986E-4 9.19983E-5 1.05506E-4 7.49849E-5 5.49712E-5 4.64088E-5 8.23871E-5 4.46131E-5 3.65342E-5 2.23058E-5 3.08562E-5 3.51371E-5 2.89307E-5 1.75857E-5 2.88959E-5 3.4502E-5 2.26523E-5 1.79447E-5 2.58173E-5 3.56415E-5 2.69201E-5 3.71704E-5 3.41526E-5 2.90872E-5 2.93211E-5 3.18068E-5 3.58489E-5 3.85925E-5 2.80532E-5 2.02921E-5 2.22201E-5 1.86897E-5 2.42923E-5
1.30532E-3 1.50791E-3 1.77522E-3 2.01886E-3 2.30657E-3 2.14866E-3 2.16538E-3 2.39251E-3 2.32439E-3 1.94193E-3 1.81445E-3 1.73684E-3 1.44993E-3 1.3902E-3 1.54373E-3 1.55132E-3 1.53837E-3 1.55621E-3 1.59428E-3 1.5202E-3 1.34918E-3 1.5088E-3 1.38567E-3 1.41231E-3 1.46872E-3 1.75822E-3 1.51664E-3 4.20861E-4 1.65535E-4 1.35474E-4 1.03224E-4 9.69599E-5 5.50321E-5 7.02841E-5 8.10118E-5 4.80264E-5 4.35204E-5 3.40502E-5 3.04233E-5 2.8594E-5 3.01723E-5 2.40196E-5 2.92884E-5 2.33831E-5 2.45037E-5 2.64587E-5 2.4737E-5 3.09186E-5 3.29997E-5 2.96067E-5 4.04569E-5 5.07177E-5 3.96219E-5 4.87118E-5 5.6654E-5 5.40379E-5 4.45782E-5 3.0009E-5 3.69201E-5 2.68472E-5 3.98743E-5
1.53692E-3 1.83198E-3 1.85354E-3 2.16139E-3 2.28169E-3 3.33422E-3 5.68333E-3 4.64222E-3 5.65764E-3 3.5586E-3 2.01112E-3 2.02672E-3 1.65417E-3 1.54801E-3 1.66507E-3 1.64001E-3 1.58807E-3 1.62327E-3 1.66E-3 1.6287E-3 1.51378E-3 1.91437E-3 1.47878E-3 1.56064E-3 1.62956E-3 1.73541E-3 2.40016E-3 3.19938E-3 6.2477E-4 1.67471E-4 1.10864E-4 1.19433E-4 9.05081E-5 1.03287E-4 1.00811E-4 1.05876E-4 7.31592E-5 7.93175E-5 6.64322E-5 7.79794E-5 6.59671E-5 4.27124E-5 2.96333E-5 3.27726E-5 2.28734E-5 2.55834E-5 2.75476E-5 2.54999E-5 2.12188E-5 2.73122E-5 3.69651E-5 7.38323E-5 7.26664E-5 7.97759E-5 8.6445E-5 8.72311E-5 7.48849E-5 5.40559E-5 1.03304E-4 3.6105E-5 3.53968E-5
1.63642E-3 1.92581E-3 2.01102E-3 2.97916E-3 4.94299E-3 1.82094E-3 2.0695E-3 6.13896E-3 2.88498E-3 2.20555E-3 2.07909E-3 2.11075E-3 2.08143E-3 1.89126E-3 1.8538E-3 1.82038E-3 1.76582E-3 1.73838E-3 1.77676E-3 1.75186E-3 1.58221E-3 1.69477E-3 1.62549E-3 1.68485E-3 1.80335E-3 1.84323E-3 1.99202E-3 2.45988E-3 1.67222E-3 2.27163E-4 1.67453E-4 9.9176E-5 1.04366E-4 1.08513E-4 1.52373E-4 1.47092E-4 1.28194E-4 1.00562E-4 7.60748E-5 7.50575E-5 9.22005E-5 7.95016E-5 9.47802E-5 6.08887E-5 3.53831E-5 2.84424E-5 4.68359E-5 3.22181E-5 4.03759E-5 7.04362E-5 6.106E-5 7.80176E-5 9.15191E-5 8.39508E-5 1.33102E-4 1.07509E-4 9.72712E-5 7.77829E-5 8.64968E-5 9.011E-5 5.11961E-5
1.74329E-3 2.02077E-3 4.03655E-3 1.92494E-3 9.57532E-4 1.7093E-3 5.02366E-3 2.85364E-3 2.64418E-3 2.2317E-3 2.13882E-3 2.18127E-3 2.24451E-3 2.13597E-3 2.14733E-3 1.98297E-3 1.92037E-3 1.91794E-3 1.92368E-3 1.91631E-3 1.70744E-3 1.74599E-3 1.81102E-3 1.94182E-3 2.08718E-3 2.1761E-3 2.30508E-3 4.03868E-3 5.73061E-4 2.92209E-4 2.00434E-4 1.48815E-4 1.70338E-4 2.04791E-4 1.99181E-4 1.59527E-4 1.58184E-4 1.22562E-4 8.2508E-5 6.37851E-5 1.0507E-4 9.82658E-5 6.42748E-5 7.05483E-5 5.77386E-5 4.4491E-5 7.54639E-5 8.43114E-5 9.16015E-5 9.36045E-5 5.91374E-5 7.27047E-5 9.81463E-5 1.01595E-4 1.46455E-4 2.10368E-4 1.16697E-4 1.04877E-4 9.82664E-5 1.57187E-4 1.12551E-4
1.51009E-3 8.40161E-4 5.8686E-4 5.06795E-4 5.18662E-4 2.59751E-3 5.11653E-3 4.56447E-3 5.34461E-3 3.77274E-3 2.31669E-3 2.11788E-3 2.22265E-3 2.22693E-3 2.0045E-3 1.77662E-3 1.84107E-3 2.05875E-3 1.88777E-3 1.84534E-3 1.77445E-3 1.78428E-3 1.93284E-3 2.12985E-3 2.40501E-3 2.57385E-3 2.80055E-3 4.35705E-3 4.19861E-3 1.2077E-3 4.18105E-4 2.68417E-4 2.79624E-4 2.65501E-4 3.05345E-4 2.2897E-4 2.64234E-4 2.47685E-4 1.68327E-4 1.03738E-4 1.19927E-4 1.34509E-4 8.31594E-5 9.73603E-5 1.33444E-4 1.08789E-4 1.18146E-4 9.56017E-5 1.0498E-4 1.02866E-4 1.06236E-4 1.27576E-4 1.46454E-4 1.52128E-4 2.07051E-4 2.86767E-4 1.70897E-4 1.09987E-4 1.05449E-4 1.04671E-4 1.85567E-4
2.53831E-4 1.58155E-4 1.76569E-4 2.25439E-4 2.71117E-4 4.69804E-4 4.30581E-4 4.49441E-4 5.95495E-4 1.66926E-3 4.10853E-3 2.16882E-3 1.98188E-3 2.07359E-3 2.05568E-3 1.99585E-3 2.04686E-3 2.12885E-3 2.19468E-3 2.50465E-3 3.34723E-3 3.65155E-3 2.97846E-3 4.47403E-3 5.93047E-3 4.81351E-3 4.2834E-3 2.91697E-3 4.31036E-3 1.63735E-3 4.36502E-4 3.52902E-4 3.9454E-4 3.50514E-4 3.33545E-4 2.7623E-4 2.44062E-4 2.67578E-4 2.18312E-4 2.49814E-4 1.86412E-4 1.54485E-4 2.00773E-4 1.8181E-4 1.95154E-4 2.06345E-4 1.77716E-4 1.45019E-4 1.46899E-4 1.34101E-4 1.46421E-4 8.56975E-4 3.0073E-4 2.41345E-4 1.68055E-4 1.63086E-4 1.97578E-4 1.4666E-4 1.01844E-4 8.92466E-5 1.05684E-4
9.39882E-5 1.08744E-4 8.52171E-5 1.16984E-4 7.63687E-5 7.85835E-5 8.77148E-5 1.07444E-4 1.35762E-4 3.33672E-4 9.48963E-4 3.75745E-3 2.10309E-3 2.46246E-3 2.1839E-3 2.38709E-3 3.15728E-3 4.48112E-3 4.11051E-3 1.92043E-3 1.82994E-3 1.39479E-3 9.40952E-4 9.09605E-4 1.06325E-3 1.5197E-3 3.76619E-3 2.92037E-3 4.66579E-3 9.03021E-4 5.79584E-4 6.96624E-4 7.13301E-4 4.73033E-4 4.20928E-4 4.53316E-4 3.80035E-4 4.18641E-4 3.6455E-4 4.10371E-4 3.01822E-4 3.44802E-4 3.17497E-4 3.41059E-4 3.39422E-4 3.28693E-4 2.84359E-4 3.24417E-4 2.27136E-4 1.3591E-4 8.95587E-5 1.60204E-4 2.60259E-4 2.55829E-4 2.40598E-4 2.13748E-4 1.78407E-4 1.58902E-4 1.32339E-4 1.14473E-4 9.46688E-5
8.58492E-5 7.80408E-5 6.62037E-5 4.77499E-5 3.70102E-5 3.54051E-5 5.62945E-5 6.2128E-5 6.33587E-5 1.22577E-4 2.32072E-4 3.05253E-4 6.95934E-4 1.18234E-3 2.06723E-3 3.15252E-3 3.18017E-3 2.11517E-3 1.17362E-3 5.58237E-4 4.50666E-4 8.31925E-4 6.55273E-4 6.69936E-4 1.06208E-3 1.27299E-3 2.40585E-3 2.25612E-3 1.5969E-3 6.09586E-4 7.58888E-4 9.19961E-4 7.98653E-4 5.71606E-4 4.12663E-4 4.79143E-4 4.62764E-4 4.90959E-4 5.82691E-4 4.45755E-4 4.99991E-4 5.93413E-4 3.91175E-4 4.0816E-4 3.92467E-4 3.88018E-4 3.68285E-4 4.16245E-4 3.53955E-4 2.73909E-4 1.89802E-4 2.62946E-4 3.56209E-4 2.95183E-4 2.68616E-4 3.16209E-4 2.9942E-4 2.20342E-4 1.3969E-4 1.01186E-4 9.67026E-5
5.3496E-5 4.59327E-5 5.34989E-5 3.66756E-5 2.65895E-5 2.90622E-5 4.7965E-5 5.78818E-5 8.13252E-5 1.29099E-4 1.74322E-4 1.48647E-4 2.8024E-4 3.86852E-4 3.79953E-4 5.80156E-4 1.39977E-3 1.50408E-3 6.92669E-4 5.43258E-4 1.1255E-3 1.95389E-3 1.24004E-3 9.50113E-4 1.58793E-3 1.4099E-3 9.11005E-4 8.65026E-4 3.96147E-4 4.33031E-4 7.85718E-4 1.24923E-3 1.02745E-3 2.89122E-3 3.35695E-3 2.40839E-3 1.28337E-3 7.76474E-4 8.34587E-4 1.044E-3 7.15951E-4 8.33861E-4 6.76893E-4 5.80573E-4 6.10002E-4 5.96198E-4 6.30526E-4 8.99675E-4 9.1747E-4 5.08608E-4 4.5611E-4 4.32199E-4 4.52856E-4 4.33211E-4 4.34732E-4 5.45593E-4 5.6066E-4 5.10806E-4 3.98464E-4 2.18207E-4 1.03401E-4
2.39434E-5 3.54588E-5 3.75307E-5 3.21876E-5 2.07133E-5 3.19907E-5 3.76189E-5 5.17972E-5 8.23692E-5 1.07517E-4 1.31526E-4 1.28056E-4 1.85483E-4 2.75972E-4 3.85998E-4 6.51063E-4 1.00414E-3 1.13411E-3 9.80658E-4 1.05098E-3 1.54178E-3 2.28698E-3 2.69006E-3 3.97279E-3 3.73369E-3 2.94456E-3 2.123E-3 1.92978E-3 1.71994E-3 8.78025E-4 6.82095E-4 1.0341E-3 1.82776E-3 2.05066E-3 2.7321E-3 1.62935E-3 1.43073E-3 1.7179E-3 2.18234E-3 2.54187E-3 2.9644E-3 3.20173E-3 2.62745E-3 1.99938E-3 1.37495E-3 1.29519E-3 1.3274E-3 1.15286E-3 9.84802E-4 7.89095E-4 6.65572E-4 5.49836E-4 6.15244E-4 5.33905E-4 5.08463E-4 4.60674E-4 4.0212E-4 3.74877E-4 2.94614E-4 1.52318E-4 1.14273E-4
2.03898E-5 3.01656E-5 3.72119E-5 3.84361E-5 3.77951E-5 4.17337E-5 3.73271E-5 5.04257E-5 7.90174E-5 9.52779E-5 1.04043E-4 1.25828E-4 1.56407E-4 2.72443E-4 4.01022E-4 7.66779E-4 1.18354E-3 1.00086E-3 3.95554E-3 4.04964E-3 4.25022E-3 3.68107E-3 2.97107E-3 2.51439E-3 2.6563E-3 2.95719E-3 4.35447E-3 3.31286E-3 4.10869E-3 3.41203E-3 3.16879E-3 3.0411E-3 2.7587E-3 2.90334E-3 2.83917E-3 2.43521E-3 2.35968E-3 2.53269E-3 2.7E-3 3.90702E-3 3.64969E-3 2.70327E-3 2.6275E-3 2.85579E-3 1.51402E-3 3.09755E-3 3.87232E-3 5.34146E-3 5.57541E-3 5.23764E-3 3.71146E-3 9.15278E-4 7.66592E-4 7.46833E-4 6.55719E-4 5.95668E-4 4.96636E-4 4.21092E-4 3.3532E-4 2.46197E-4 2.43823E-4
1.5978E-5 2.25698E-5 3.61456E-5 3.55884E-5 3.80772E-5 3.61385E-5 3.74951E-5 4.59691E-5 6.27368E-5 8.32616E-5 8.76108E-5 1.35135E-4 2.08805E-4 8.45798E-4 1.60157E-3 2.4334E-3 2.53426E-3 3.80039E-3 2.95686E-3 2.66568E-3 2.70248E-3 3.20439E-3 3.89316E-3 3.91175E-3 3.08807E-3 3.47008E-3 4.37837E-3 3.01215E-3 2.61458E-3 3.38821E-3 3.54514E-3 2.76688E-3 2.61205E-3 2.47113E-3 2.43482E-3 2.46847E-3 2.50448E-3 2.99821E-3 4.46352E-3 4.81485E-3 5.16141E-3 5.02136E-3 3.37909E-3 2.68155E-3 3.17714E-3 4.01371E-3 6.876E-3 5.52826E-3 5.28545E-3 5.22403E-3 5.14023E-3 5.26046E-3 1.43918E-3 9.74342E-4 1.08919E-3 9.74069E-4 6.50896E-4 5.47492E-4 4.8855E-4 4.47449E-4 4.09509E-4
2.24767E-5 2.32487E-5 3.07839E-5 4.53832E-5 4.01792E-5 4.11006E-5 3.88233E-5 4.79125E-5 7.75022E-5 1.05983E-4 1.14316E-4 2.28451E-4 1.36262E-3 1.71521E-3 1.72459E-3 2.28189E-3 3.26918E-3 2.76799E-3 2.83583E-3 2.71342E-3 2.88214E-3 2.92128E-3 4.13737E-3 3.51758E-3 3.20758E-3 5.40699E-3 2.53159E-3 2.07207E-3 1.73322E-3 1.50377E-3 2.25844E-3 4.7319E-3 3.46092E-3 3.19398E-3 3.14091E-3 3.18821E-3 3.20206E-3 3.54237E-3 4.68763E-3 4.82225E-3 4.85035E-3 4.83232E-3 4.79869E-3 5.3621E-3 5.00723E-3 7.03197E-3 6.68137E-3 6.47815E-3 5.44017E-3 5.27183E-3 4.97777E-3 4.42585E-3 4.45012E-3 2.21587E-3 1.44059E-3 1.20188E-3 8.61247E-4 8.03076E-4 7.27387E-4 5.5537E-4 6.25467E-4
3.34507E-5 3.05319E-5 3.5552E-5 4.09808E-5 4.68666E-5 5.21979E-5 4.60307E-5 5.5854E-5 8.22978E-5 1.28543E-4 1.64063E-4 4.8705E-4 2.23855E-3 1.69073E-3 2.36373E-3 2.76295E-3 2.808E-3 3.01798E-3 3.11018E-3 3.07953E-3 3.74174E-3 4.14071E-3 3.25027E-3 3.22237E-3 4.02706E-3 5.71186E-3 2.66428E-3 2.12907E-3 2.11621E-3 1.32411E-3 1.41372E-3 1.32478E-3 1.84209E-3 4.62505E-3 4.19825E-3 3.64978E-3 4.01057E-3 4.71805E-3 5.22811E-3 6.21803E-3 6.36225E-3 5.7566E-3 4.90175E-3 4.56914E-3 6.14409E-3 8.48896E-3 7.25092E-3 7.04317E-3 6.38431E-3 5.74841E-3 5.30095E-3 4.41822E-3 3.96906E-3 3.53291E-3 2.38559E-3 2.35106E-3 1.14563E-3 9.93915E-4 1.00156E-3 8.6919E-4 9.03792E-4
2.26451E-5 1.98778E-5 3.48647E-5 3.91726E-5 5.36327E-5 6.34292E-5 7.48716E-5 7.95316E-5 1.1433E-4 2.14588E-4 4.33887E-4 2.44063E-3 2.0305E-3 2.37438E-3 2.89598E-3 2.80962E-3 3.0928E-3 3.38405E-3 3.50008E-3 3.85673E-3 3.64543E-3 3.70541E-3 4.5548E-3 5.16704E-3 4.48485E-3 3.18008E-3 1.87764E-3 1.83215E-3 1.02219E-3 1.02528E-3 7.46044E-4 8.57299E-4 9.63057E-4 1.06605E-3 2.15361E-3 5.28082E-3 5.17404E-3 5.8669E-3 6.84175E-3 7.65384E-3 7.84188E-3 7.30919E-3 6.34831E-3 5.9896E-3 6.02627E-3 8.62099E-3 1.11478E-2 9.34124E-3 6.75706E-3 6.30177E-3 5.28913E-3 4.2654E-3 3.6471E-3 3.27392E-3 3.237E-3 3.11753E-3 1.60495E-3 1.87104E-3 2.06696E-3 1.57312E-3 1.18258E-3
2.3407E-5 2.07966E-5 4.41144E-5 5.90805E-5 9.87106E-5 7.49963E-5 8.21942E-5 9.44263E-5 1.49067E-4 3.7932E-4 1.90657E-3 1.95222E-3 1.57462E-3 3.34883E-3 3.07617E-3 3.47915E-3 3.8434E-3 3.99378E-3 3.99237E-3 6.28642E-3 5.18055E-3 5.77758E-3 6.35677E-3 5.7703E-3 3.16385E-3 1.74768E-3 1.02581E-3 7.47533E-4 6.55752E-4 7.3634E-4 7.49826E-4 8.47763E-4 8.59047E-4 1.21027E-3 2.01975E-3 4.01625E-3 7.16397E-3 6.5002E-3 7.3589E-3 8.89911E-3 9.14247E-3 8.44918E-3 7.81431E-3 7.30396E-3 6.6277E-3 6.2913E-3 7.32985E-3 1.05009E-2 8.20434E-3 5.6982E-3 5.33357E-3 4.42611E-3 3.78088E-3 3.18471E-3 3.05064E-3 3.26155E-3 2.65171E-3 2.66181E-3 3.44613E-3 2.51542E-3 1.38643E-3
