data/maxent/outputs/red_231.asc
ncols         426
nrows         180
xllcorner     -130.0
yllcorner     24.0
cellsize      0.16666666666666666
NODATA_value  -9999
[rows 54 to 80 of 180, columns 122 to 182 of 426]
2.99325E-1 2.76866E-1 1.52867E-1 4.14806E-2 4.82462E-2 4.34809E-2 3.30964E-2 3.48635E-2 4.7829E-2 1.70365E-1 2.26028E-1 2.26253E-1 1.90415E-1 2.42045E-1 1.71217E-1 1.35607E-1 9.20475E-2 1.2357E-1 1.53142E-1 1.52822E-1 1.54935E-1 1.14224E-1 9.50643E-2 9.84859E-2 9.28279E-2 7.61651E-2 7.78862E-2 9.26768E-2 9.26454E-2 9.51257E-2 1.22853E-1 1.16613E-1 1.11038E-1 1.20814E-1 1.84888E-1 2.65652E-1 3.80233E-1 4.02119E-1 3.33749E-1 2.14305E-1 1.18401E-1 7.66138E-2 7.00666E-2 7.25702E-2 6.83591E-2 6.79684E-2 7.56533E-2 7.99671E-2 8.59527E-2 9.24716E-2 8.864E-2 7.56386E-2 6.51895E-2 6.64456E-2 7.26363E-2 1.05908E-1 8.17463E-2 9.2581E-2 9.35482E-2 9.29653E-2 9.47046E-2
2.26029E-1 1.99336E-1 1.33664E-1 7.6887E-2 5.49875E-2 4.09443E-2 2.90413E-2 2.94741E-2 3.22998E-2 4.62887E-2 1.47029E-1 2.4915E-1 2.63281E-1 2.52458E-1 2.12768E-1 1.53743E-1 1.10525E-1 1.15106E-1 1.44438E-1 1.41292E-1 1.02814E-1 9.18278E-2 1.09945E-1 1.06309E-1 9.34022E-2 7.87105E-2 7.92739E-2 9.68327E-2 1.11366E-1 1.57673E-1 1.53768E-1 1.91962E-1 1.71418E-1 1.5348E-1 2.29783E-1 3.22737E-1 3.72014E-1 3.81424E-1 3.56835E-1 2.46441E-1 1.6507E-1 1.2121E-1 8.63209E-2 7.16578E-2 6.65262E-2 6.49453E-2 7.2264E-2 6.87118E-2 7.26098E-2 6.65477E-2 5.80623E-2 6.25151E-2 7.58116E-2 1.0317E-1 1.43776E-1 7.73039E-2 8.22686E-2 9.13802E-2 9.13676E-2 8.41464E-2 8.61743E-2
2.91964E-1 2.09501E-1 1.40631E-1 8.20023E-2 5.48395E-2 4.54003E-2 2.85792E-2 2.51181E-2 2.07151E-2 2.11633E-2 3.69073E-2 1.29358E-1 2.30852E-1 2.84939E-1 2.40586E-1 1.6912E-1 1.88146E-1 1.2535E-1 1.09545E-1 1.02507E-1 1.04597E-1 8.66853E-2 1.00977E-1 1.16133E-1 1.03542E-1 1.0482E-1 8.31226E-2 1.03921E-1 1.13981E-1 1.39329E-1 2.1024E-1 2.76718E-1 2.49306E-1 2.33213E-1 2.95002E-1 3.62082E-1 4.29209E-1 4.13983E-1 3.56166E-1 2.31494E-1 1.51252E-1 1.16678E-1 1.04108E-1 9.31604E-2 8.07175E-2 7.51336E-2 7.97278E-2 8.1262E-2 7.79855E-2 6.9143E-2 7.16899E-2 6.77743E-2 6.56406E-2 6.68472E-2 1.15232E-1 6.78092E-2 7.71085E-2 8.93821E-2 7.97437E-2 7.86742E-2 8.54891E-2
1.8455E-1 1.23615E-1 8.79017E-2 8.18774E-2 5.90767E-2 4.72974E-2 3.56748E-2 2.87107E-2 2.06182E-2 1.73065E-2 1.9721E-2 5.21463E-2 1.79036E-1 2.58452E-1 2.92507E-1 2.71342E-1 1.46726E-1 1.19225E-1 9.73839E-2 8.39434E-2 7.82215E-2 8.13269E-2 9.55474E-2 1.06403E-1 1.33858E-1 1.24464E-1 1.04884E-1 9.62271E-2 9.03529E-2 1.15878E-1 1.92852E-1 2.65526E-1 2.68876E-1 4.19516E-1 4.6184E-1 4.91877E-1 4.64537E-1 3.6158E-1 2.85134E-1 2.07067E-1 1.386E-1 8.99385E-2 7.38951E-2 6.74156E-2 7.38695E-2 7.73777E-2 8.38695E-2 9.16614E-2 8.53173E-2 8.18681E-2 7.62795E-2 5.76609E-2 5.93091E-2 5.82139E-2 7.02547E-2 7.11794E-2 8.18308E-2 8.27366E-2 7.03882E-2 7.33712E-2 8.89718E-2
1.80403E-1 1.49159E-1 2.06305E-1 9.8479E-2 7.68288E-2 5.28342E-2 4.04082E-2 3.0451E-2 2.50951E-2 1.90445E-2 1.7473E-2 2.48171E-2 6.44356E-2 1.56079E-1 2.58006E-1 2.80322E-1 1.7664E-1 1.27742E-1 7.32923E-2 6.73323E-2 7.28459E-2 6.17113E-2 7.63299E-2 9.89351E-2 1.21327E-1 1.22959E-1 1.06044E-1 8.44166E-2 8.28858E-2 8.62154E-2 1.16147E-1 1.64969E-1 3.01883E-1 3.24342E-1 2.84272E-1 3.43732E-1 4.45024E-1 3.55059E-1 1.89339E-1 1.57256E-1 1.22183E-1 9.82146E-2 8.20412E-2 6.22545E-2 8.97661E-2 8.23132E-2 8.65402E-2 8.49165E-2 7.84852E-2 7.01083E-2 6.02982E-2 5.42913E-2 5.64806E-2 5.74888E-2 5.87867E-2 6.75363E-2 8.27912E-2 8.5299E-2 7.32912E-2 7.05783E-2 8.24665E-2
2.38799E-1 2.27291E-1 1.2121E-1 8.69585E-2 8.51159E-2 6.45691E-2 4.855E-2 3.29782E-2 2.25408E-2 1.99816E-2 1.97261E-2 2.48457E-2 3.78405E-2 8.16117E-2 1.38704E-1 2.00191E-1 1.55601E-1 9.73222E-2 6.26112E-2 6.3103E-2 6.16683E-2 6.27261E-2 7.21861E-2 8.97117E-2 9.91748E-2 9.72049E-2 9.41681E-2 8.48E-2 8.92838E-2 8.65466E-2 8.65431E-2 1.3692E-1 2.45975E-1 2.95825E-1 2.35084E-1 3.48751E-1 4.11078E-1 3.19586E-1 1.58334E-1 1.18986E-1 1.08827E-1 9.68546E-2 8.18615E-2 6.71109E-2 8.13359E-2 8.31228E-2 8.0092E-2 6.9857E-2 6.35469E-2 5.70743E-2 5.68894E-2 5.6207E-2 6.1908E-2 6.57859E-2 8.17584E-2 8.33616E-2 8.79803E-2 7.76183E-2 7.65323E-2 7.46131E-2 9.95815E-2
3.07535E-1 2.80629E-1 2.14156E-1 9.98532E-2 6.84282E-2 7.67352E-2 5.27256E-2 4.46272E-2 3.47335E-2 2.4428E-2 2.14672E-2 2.8374E-2 4.87142E-2 5.38802E-2 1.21985E-1 1.40447E-1 1.16235E-1 1.08494E-1 7.55161E-2 6.69744E-2 6.36407E-2 7.17288E-2 8.30228E-2 9.13653E-2 8.7051E-2 8.8508E-2 8.98656E-2 9.05306E-2 8.33517E-2 7.93057E-2 7.20907E-2 8.12215E-2 1.66561E-1 2.65537E-1 2.63797E-1 2.5592E-1 3.46649E-1 3.08358E-1 1.6538E-1 1.04958E-1 8.51429E-2 6.83689E-2 6.4916E-2 7.52231E-2 8.75198E-2 6.93929E-2 6.87131E-2 6.96254E-2 6.91525E-2 7.11737E-2 6.78247E-2 7.03824E-2 7.42165E-2 9.03702E-2 1.01233E-1 9.34137E-2 8.95213E-2 7.82415E-2 6.73793E-2 6.84231E-2 7.78585E-2
1.43747E-1 1.86176E-1 2.39157E-1 1.56372E-1 6.5728E-2 6.83757E-2 5.08825E-2 4.23911E-2 3.33943E-2 3.29943E-2 3.11759E-2 3.53085E-2 5.53091E-2 6.3028E-2 1.09685E-1 1.12035E-1 1.27666E-1 9.58666E-2 7.65169E-2 7.2869E-2 7.56332E-2 8.09764E-2 9.23532E-2 9.35943E-2 9.20033E-2 8.62113E-2 8.17466E-2 7.39666E-2 6.77286E-2 6.62997E-2 6.20921E-2 6.17595E-2 6.92088E-2 1.40711E-1 2.29997E-1 2.69982E-1 2.91692E-1 2.46578E-1 1.32891E-1 9.73661E-2 7.59516E-2 6.64678E-2 7.83504E-2 7.42983E-2 6.14591E-2 6.36808E-2 7.30884E-2 6.68995E-2 7.0314E-2 7.42784E-2 7.48897E-2 8.02105E-2 7.89938E-2 8.17089E-2 8.70091E-2 8.46658E-2 8.00497E-2 8.10427E-2 8.04839E-2 8.27563E-2 9.02184E-2
3.93483E-2 3.89713E-2 1.06096E-1 6.57553E-2 5.89827E-2 6.28349E-2 7.16816E-2 4.93731E-2 5.26891E-2 6.23491E-2 6.9619E-2 7.76164E-2 8.19038E-2 1.01439E-1 1.00207E-1 9.52581E-2 1.13766E-1 8.86635E-2 9.00041E-2 9.29194E-2 9.84635E-2 1.03448E-1 9.72444E-2 9.34051E-2 8.55173E-2 7.82022E-2 7.94251E-2 8.00574E-2 6.53272E-2 5.63651E-2 5.63736E-2 6.05071E-2 5.54545E-2 8.00965E-2 1.28548E-1 1.81941E-1 2.12082E-1 1.7898E-1 1.10907E-1 8.01384E-2 7.6732E-2 8.11977E-2 6.9461E-2 6.44027E-2 7.39849E-2 9.22391E-2 9.63503E-2 9.47505E-2 1.01351E-1 9.39421E-2 9.80598E-2 9.7777E-2 8.73978E-2 9.36007E-2 1.15483E-1 1.06386E-1 1.03225E-1 1.01625E-1 9.78778E-2 1.11771E-1 1.13982E-1
1.13433E-1 3.38405E-2 4.52601E-2 4.88741E-2 5.14675E-2 4.32522E-2 3.7069E-2 3.49455E-2 4.28276E-2 5.67478E-2 7.45591E-2 4.58626E-2 5.95869E-2 8.64578E-2 9.7975E-2 9.82457E-2 1.05856E-1 8.87093E-2 8.85995E-2 9.92189E-2 9.60314E-2 1.22326E-1 1.03919E-1 9.16895E-2 8.37968E-2 7.31598E-2 6.7693E-2 6.3852E-2 6.51842E-2 6.89738E-2 6.14705E-2 5.64298E-2 5.47447E-2 5.93426E-2 7.69168E-2 1.16752E-1 1.3905E-1 1.15723E-1 8.43047E-2 7.72108E-2 7.41171E-2 6.36175E-2 5.99689E-2 8.08631E-2 1.01086E-1 1.09006E-1 1.10685E-1 1.0393E-1 1.13971E-1 1.02742E-1 1.14021E-1 1.11915E-1 1.08822E-1 1.17403E-1 1.28158E-1 1.31168E-1 1.21895E-1 1.30677E-1 1.28603E-1 1.33037E-1 1.36624E-1
3.65356E-1 1.26982E-1 4.06033E-2 4.69965E-2 4.17349E-2 3.28058E-2 3.19141E-2 2.74061E-2 2.37152E-2 2.33358E-2 2.77182E-2 2.80354E-2 3.23046E-2 4.75014E-2 6.84272E-2 7.753E-2 7.54389E-2 7.75029E-2 8.66461E-2 9.35524E-2 1.02018E-1 1.08853E-1 1.14239E-1 9.8966E-2 8.84865E-2 7.55148E-2 6.45506E-2 6.67652E-2 6.72437E-2 6.48716E-2 6.07789E-2 5.65122E-2 5.9043E-2 7.13469E-2 6.47557E-2 7.52687E-2 7.77898E-2 8.82786E-2 8.78498E-2 7.94179E-2 6.28982E-2 6.79898E-2 9.38281E-2 9.85028E-2 1.08644E-1 1.15006E-1 1.16073E-1 1.16766E-1 1.07151E-1 1.07709E-1 1.35101E-1 1.37842E-1 1.33799E-1 1.31831E-1 1.21936E-1 1.20366E-1 1.36306E-1 1.42621E-1 1.50812E-1 1.58503E-1 1.62924E-1
3.14801E-1 2.28657E-1 1.18191E-1 5.89348E-2 3.9327E-2 3.34563E-2 2.82222E-2 2.56872E-2 2.46772E-2 2.46045E-2 2.64243E-2 3.14661E-2 3.5315E-2 4.28677E-2 5.23971E-2 5.63206E-2 6.09921E-2 6.94289E-2 7.73957E-2 9.10197E-2 9.615E-2 1.01775E-1 1.08739E-1 9.99762E-2 9.4446E-2 8.69658E-2 7.62808E-2 7.00122E-2 6.96996E-2 7.94194E-2 7.75032E-2 7.51961E-2 8.52866E-2 7.57758E-2 7.73206E-2 7.19273E-2 7.10046E-2 8.85403E-2 8.73541E-2 8.23992E-2 7.13719E-2 7.86824E-2 9.18526E-2 1.00058E-1 1.08683E-1 1.10869E-1 1.11873E-1 1.15182E-1 1.17023E-1 1.23086E-1 1.24513E-1 1.22427E-1 1.27031E-1 1.30084E-1 1.25169E-1 1.2599E-1 1.26348E-1 1.27019E-1 1.35466E-1 1.49797E-1 1.64845E-1
1.31629E-1 2.65572E-1 2.63434E-1 1.07212E-1 7.19429E-2 4.35275E-2 3.13619E-2 2.81559E-2 2.83123E-2 2.98945E-2 3.09437E-2 3.54224E-2 4.42162E-2 5.53447E-2 5.32903E-2 5.37607E-2 6.22274E-2 6.46353E-2 7.46136E-2 8.82558E-2 9.02032E-2 8.51144E-2 8.3247E-2 8.20446E-2 6.96599E-2 7.6692E-2 7.79834E-2 7.93474E-2 9.0187E-2 1.0369E-1 1.22291E-1 1.14934E-1 1.06196E-1 9.73563E-2 8.06482E-2 7.21069E-2 8.4937E-2 8.67279E-2 7.44933E-2 6.68959E-2 6.73818E-2 8.79303E-2 1.02514E-1 1.16477E-1 1.22836E-1 1.1878E-1 1.19776E-1 1.14484E-1 1.14411E-1 1.20258E-1 1.27002E-1 1.32065E-1 1.25642E-1 1.22272E-1 1.16767E-1 1.2026E-1 1.30706E-1 1.44919E-1 1.52393E-1 1.48918E-1 1.57511E-1
4.08418E-2 1.14894E-1 2.34195E-1 2.28489E-1 1.12124E-1 9.90461E-2 4.8851E-2 4.06039E-2 3.62881E-2 4.98064E-2 4.46351E-2 4.20045E-2 4.7367E-2 6.14343E-2 6.54074E-2 6.60173E-2 6.67857E-2 6.55971E-2 6.84609E-2 1.03986E-1 1.06321E-1 1.03992E-1 1.12315E-1 1.04226E-1 8.73742E-2 6.77376E-2 6.50718E-2 6.62849E-2 7.81454E-2 1.02704E-1 1.47523E-1 1.31884E-1 1.19921E-1 1.24608E-1 1.25847E-1 1.18619E-1 1.25523E-1 9.48443E-2 8.54206E-2 9.24831E-2 1.13014E-1 1.06607E-1 1.00852E-1 1.06607E-1 1.11551E-1 1.11573E-1 1.11476E-1 1.15679E-1 1.23847E-1 1.32491E-1 1.31301E-1 1.20579E-1 1.23463E-1 1.29529E-1 1.28251E-1 1.35735E-1 1.4454E-1 1.46519E-1 1.58E-1 1.63002E-1 1.73006E-1
3.07005E-2 3.96555E-2 8.84593E-2 1.49016E-1 1.64571E-1 9.84035E-2 8.9777E-2 5.9428E-2 4.7505E-2 4.28657E-2 4.26907E-2 4.10639E-2 4.56283E-2 5.20705E-2 5.43423E-2 5.136E-2 5.01021E-2 6.11176E-2 5.93174E-2 8.30032E-2 8.93447E-2 8.27887E-2 8.29159E-2 9.76926E-2 1.02352E-1 8.8389E-2 7.52561E-2 7.11251E-2 6.9588E-2 8.82642E-2 1.23698E-1 1.03696E-1 9.79366E-2 9.57309E-2 9.49007E-2 1.08266E-1 1.13177E-1 1.21311E-1 1.32427E-1 1.28781E-1 1.15716E-1 9.76743E-2 9.10813E-2 1.02732E-1 1.11276E-1 1.1662E-1 1.24122E-1 1.32379E-1 1.39973E-1 1.43717E-1 1.49438E-1 1.52931E-1 1.56455E-1 1.46938E-1 1.47534E-1 1.41499E-1 1.46982E-1 1.55423E-1 1.48527E-1 1.55763E-1 1.54243E-1
2.22602E-2 2.41562E-2 3.68146E-2 6.00182E-2 7.73974E-2 8.35145E-2 7.39273E-2 6.51507E-2 5.04322E-2 4.85139E-2 5.14894E-2 6.10607E-2 5.34826E-2 5.25988E-2 5.64847E-2 5.76416E-2 5.9296E-2 8.13857E-2 9.18108E-2 9.08737E-2 8.73993E-2 8.26294E-2 8.01398E-2 7.91415E-2 8.8063E-2 1.1331E-1 1.03782E-1 8.67166E-2 7.70083E-2 8.38459E-2 7.80405E-2 6.17148E-2 7.03523E-2 8.08081E-2 7.71483E-2 8.13443E-2 9.44485E-2 1.06548E-1 1.14359E-1 1.17994E-1 1.04042E-1 8.54692E-2 9.50382E-2 1.01803E-1 1.10326E-1 1.14187E-1 1.30464E-1 1.37684E-1 1.45334E-1 1.57682E-1 1.64518E-1 1.66261E-1 1.62377E-1 1.49435E-1 1.53997E-1 1.45703E-1 1.53981E-1 1.67718E-1 1.74269E-1 1.72782E-1 1.67694E-1
1.58891E-2 1.92237E-2 2.12916E-2 3.65224E-2 6.15118E-2 7.15007E-2 6.36315E-2 4.86672E-2 4.26104E-2 3.67973E-2 3.62648E-2 4.30693E-2 5.04222E-2 6.3426E-2 7.04248E-2 7.8407E-2 8.26304E-2 1.00094E-1 7.54927E-2 8.13225E-2 8.97769E-2 8.16844E-2 8.27666E-2 7.95798E-2 7.53773E-2 8.94347E-2 1.08315E-1 8.45165E-2 7.3999E-2 7.39799E-2 6.67983E-2 6.8462E-2 6.26988E-2 6.87625E-2 8.08947E-2 1.00476E-1 1.06104E-1 1.07415E-1 1.11779E-1 1.20634E-1 1.07157E-1 9.18977E-2 9.38812E-2 9.43833E-2 1.07156E-1 1.13354E-1 1.18785E-1 1.32748E-1 1.45649E-1 1.63866E-1 1.75211E-1 1.79071E-1 1.75526E-1 1.66744E-1 1.57157E-1 1.50706E-1 1.54874E-1 1.62846E-1 1.65754E-1 1.67193E-1 1.64407E-1
1.86873E-2 1.92902E-2 2.66415E-2 4.52022E-2 5.15909E-2 5.05851E-2 3.79995E-2 3.18E-2 2.75334E-2 2.62734E-2 2.82824E-2 3.44616E-2 4.41336E-2 4.62013E-2 5.64432E-2 8.16985E-2 9.02061E-2 9.76571E-2 8.10714E-2 8.39013E-2 8.05257E-2 7.44993E-2 7.74813E-2 8.13194E-2 7.09535E-2 8.58053E-2 9.65536E-2 8.32864E-2 8.0382E-2 9.06754E-2 8.18034E-2 6.94805E-2 6.53513E-2 6.41898E-2 7.33923E-2 8.75717E-2 1.08219E-1 1.13931E-1 1.03191E-1 9.54772E-2 9.18037E-2 9.53461E-2 9.69347E-2 9.32148E-2 1.04112E-1 1.13487E-1 1.21049E-1 1.35459E-1 1.53563E-1 1.68703E-1 1.87196E-1 1.93182E-1 1.72919E-1 1.63124E-1 1.62738E-1 1.62801E-1 1.54302E-1 1.60172E-1 1.66786E-1 1.68372E-1 1.56378E-1
2.0586E-2 2.33731E-2 3.06775E-2 3.93785E-2 4.40556E-2 3.47563E-2 3.00941E-2 2.63297E-2 2.37792E-2 2.51298E-2 2.74336E-2 3.20019E-2 3.79995E-2 5.00875E-2 6.22665E-2 7.4236E-2 7.24126E-2 7.53001E-2 8.74064E-2 8.26389E-2 7.35068E-2 7.0344E-2 6.86933E-2 7.47101E-2 7.39203E-2 9.11866E-2 1.01078E-1 1.01837E-1 1.09593E-1 1.15992E-1 9.17018E-2 7.77481E-2 7.56333E-2 7.02386E-2 7.25461E-2 7.81674E-2 8.84551E-2 1.0133E-1 1.17055E-1 1.18776E-1 1.08837E-1 1.01057E-1 9.77571E-2 9.55416E-2 1.04848E-1 1.11377E-1 1.27433E-1 1.42722E-1 1.64186E-1 1.79931E-1 1.94422E-1 1.90366E-1 1.77802E-1 1.68078E-1 1.67425E-1 1.74465E-1 1.71559E-1 1.60527E-1 1.58954E-1 1.60635E-1 1.54327E-1
2.19815E-2 2.67154E-2 3.00527E-2 3.44997E-2 3.94732E-2 3.34188E-2 3.25124E-2 2.59765E-2 2.44455E-2 2.39854E-2 2.77247E-2 3.40738E-2 4.02596E-2 5.07249E-2 6.18613E-2 6.40273E-2 6.61776E-2 7.17157E-2 8.51733E-2 8.49025E-2 7.84273E-2 7.29901E-2 7.21554E-2 7.18647E-2 7.35667E-2 8.59329E-2 9.95543E-2 1.19436E-1 1.45318E-1 1.54977E-1 1.43486E-1 1.17357E-1 1.13477E-1 1.11258E-1 9.41821E-2 1.08086E-1 1.0309E-1 8.96388E-2 7.93577E-2 9.29158E-2 1.1428E-1 1.12453E-1 9.83142E-2 9.55617E-2 1.00441E-1 1.12748E-1 1.38315E-1 1.60526E-1 1.68398E-1 1.72237E-1 1.74761E-1 1.82908E-1 1.7367E-1 1.64478E-1 1.58619E-1 1.65595E-1 1.65597E-1 1.58841E-1 1.54456E-1 1.60434E-1 1.60796E-1
2.50774E-2 3.25058E-2 3.27609E-2 3.10171E-2 3.42718E-2 3.39589E-2 3.05754E-2 2.994E-2 3.07065E-2 2.66365E-2 2.63369E-2 3.55851E-2 4.73986E-2 5.02118E-2 6.03452E-2 6.65975E-2 6.23507E-2 6.27136E-2 8.40827E-2 7.70459E-2 7.5742E-2 6.40382E-2 7.27448E-2 7.13164E-2 7.33112E-2 6.4528E-2 9.75327E-2 1.16723E-1 1.37444E-1 1.51169E-1 1.52104E-1 1.42535E-1 1.42776E-1 1.40654E-1 1.16895E-1 1.09158E-1 1.12553E-1 1.13237E-1 9.77769E-2 8.7995E-2 8.42928E-2 9.53076E-2 1.03301E-1 9.79901E-2 1.00215E-1 1.13828E-1 1.38486E-1 1.5948E-1 1.64409E-1 1.57992E-1 1.4948E-1 1.47597E-1 1.44757E-1 1.47284E-1 1.50409E-1 1.45667E-1 1.52187E-1 1.54334E-1 1.43695E-1 1.47993E-1 1.47795E-1
2.83522E-2 3.43391E-2 4.04973E-2 5.00653E-2 4.09483E-2 4.00163E-2 4.19501E-2 3.45557E-2 3.33229E-2 3.0332E-2 2.99111E-2 3.84519E-2 5.6623E-2 6.29242E-2 6.94853E-2 8.23096E-2 7.60754E-2 7.20896E-2 9.06878E-2 2.19428E-1 2.51074E-1 8.44439E-2 8.14258E-2 7.23213E-2 7.10039E-2 6.43035E-2 9.40584E-2 1.15882E-1 1.29665E-1 1.43376E-1 1.43704E-1 1.47021E-1 1.63846E-1 1.74676E-1 1.36787E-1 1.21242E-1 1.26242E-1 1.29559E-1 1.26918E-1 1.40185E-1 1.4429E-1 1.21105E-1 9.52554E-2 9.14178E-2 9.35394E-2 1.05315E-1 1.26228E-1 1.37033E-1 1.4456E-1 1.38695E-1 1.23691E-1 1.19377E-1 1.33959E-1 1.3605E-1 1.35974E-1 1.37511E-1 1.40128E-1 1.42829E-1 1.43574E-1 1.28559E-1 1.35311E-1
3.32115E-2 4.1669E-2 5.35923E-2 5.69062E-2 4.96173E-2 5.01883E-2 5.20799E-2 4.03185E-2 3.48503E-2 3.49777E-2 4.59772E-2 4.78777E-2 7.14428E-2 1.12115E-1 1.06116E-1 2.48889E-1 1.37044E-1 1.09838E-1 1.34593E-1 2.74622E-1 2.93549E-1 1.07781E-1 1.00739E-1 8.43286E-2 7.80398E-2 6.76858E-2 8.69163E-2 1.16978E-1 1.30794E-1 1.34139E-1 1.29161E-1 1.23643E-1 1.02846E-1 9.39844E-2 1.03251E-1 1.09094E-1 1.1576E-1 1.11333E-1 1.13753E-1 1.21749E-1 1.24157E-1 1.22821E-1 1.11421E-1 1.08702E-1 1.02035E-1 1.01356E-1 1.14257E-1 1.26128E-1 1.06173E-1 9.98449E-2 9.37369E-2 9.9661E-2 1.08199E-1 1.20624E-1 1.24578E-1 1.25739E-1 1.35579E-1 1.39048E-1 1.32891E-1 1.2629E-1 1.25604E-1
4.65619E-2 5.69578E-2 6.98931E-2 6.79335E-2 6.85783E-2 5.33512E-2 5.17635E-2 4.67442E-2 4.76739E-2 5.3055E-2 4.9091E-2 6.90184E-2 1.03483E-1 1.62657E-1 1.80118E-1 2.59305E-1 3.67023E-1 3.30813E-1 3.11088E-1 3.50092E-1 3.36352E-1 2.25162E-1 1.53788E-1 1.16442E-1 8.80113E-2 8.93247E-2 9.72121E-2 1.17346E-1 1.25114E-1 1.25094E-1 1.15785E-1 9.99676E-2 8.74214E-2 8.91282E-2 1.01477E-1 1.12602E-1 1.10179E-1 1.16354E-1 1.12422E-1 1.12254E-1 1.16972E-1 1.22249E-1 1.12435E-1 1.02456E-1 9.75306E-2 9.61931E-2 9.77069E-2 1.01852E-1 9.695E-2 8.89212E-2 8.78753E-2 1.01424E-1 1.06312E-1 1.19442E-1 1.27526E-1 1.21426E-1 1.24381E-1 1.26147E-1 1.28939E-1 1.26112E-1 1.24753E-1
5.92614E-2 7.61147E-2 7.16186E-2 7.06947E-2 8.73578E-2 6.30464E-2 5.0242E-2 6.46012E-2 6.62041E-2 5.86098E-2 1.00591E-1 1.37182E-1 1.67445E-1 2.71477E-1 3.06303E-1 3.52108E-1 4.08515E-1 4.81241E-1 4.63066E-1 5.13057E-1 4.6128E-1 3.34688E-1 2.19291E-1 1.56094E-1 9.00557E-2 1.03657E-1 1.22742E-1 1.18829E-1 1.17797E-1 1.09109E-1 1.00588E-1 8.55949E-2 8.00577E-2 9.08596E-2 1.02372E-1 1.11107E-1 9.42376E-2 8.93092E-2 1.05375E-1 1.03063E-1 1.06401E-1 1.00287E-1 1.04061E-1 1.07385E-1 1.00453E-1 1.03781E-1 9.87704E-2 1.0206E-1 1.02505E-1 1.04982E-1 9.33231E-2 1.03742E-1 1.09478E-1 1.19058E-1 1.44874E-1 1.44668E-1 1.2829E-1 1.12726E-1 1.15218E-1 1.18047E-1 1.20132E-1
1.2705E-1 8.31496E-2 8.64777E-2 8.65985E-2 5.31331E-2 5.08619E-2 6.88036E-2 4.22278E-2 6.366E-2 1.05714E-1 1.72973E-1 2.40363E-1 2.71145E-1 3.30576E-1 4.03939E-1 4.31202E-1 4.72202E-1 5.0184E-1 5.20085E-1 6.49715E-1 6.46644E-1 4.86817E-1 3.05276E-1 2.38706E-1 1.09545E-1 1.21138E-1 1.25116E-1 1.11612E-1 1.02458E-1 8.36706E-2 7.97805E-2 7.66018E-2 6.89138E-2 8.2135E-2 8.28063E-2 8.07887E-2 7.1114E-2 7.37652E-2 7.43726E-2 7.99244E-2 1.00573E-1 1.11989E-1 1.15434E-1 1.15051E-1 1.09326E-1 9.34208E-2 9.12721E-2 9.78796E-2 1.04006E-1 1.01314E-1 1.08929E-1 1.09689E-1 1.16295E-1 1.20087E-1 1.21176E-1 1.23546E-1 1.31087E-1 1.34812E-1 1.25333E-1 1.12E-1 1.07932E-1
6.88698E-2 4.23222E-2 4.83005E-2 6.39456E-2 8.87371E-2 8.89605E-2 8.36974E-2 6.9899E-2 7.77793E-2 1.05541E-1 1.72782E-1 2.41192E-1 2.85469E-1 3.23061E-1 4.65957E-1 5.2553E-1 5.16266E-1 5.36981E-1 5.30061E-1 6.24726E-1 6.24392E-1 5.10721E-1 4.06021E-1 3.41294E-1 2.15026E-1 1.17786E-1 1.37606E-1 1.09529E-1 8.52666E-2 7.85237E-2 7.12451E-2 5.84987E-2 6.47319E-2 6.8787E-2 6.97588E-2 7.01918E-2 6.9644E-2 6.47973E-2 6.51005E-2 9.26828E-2 1.15076E-1 1.0925E-1 1.08287E-1 1.1075E-1 1.09713E-1 9.57231E-2 8.81093E-2 9.45175E-2 1.09323E-1 1.07348E-1 1.14989E-1 1.27587E-1 1.19311E-1 1.25836E-1 1.18052E-1 1.06113E-1 1.06496E-1 1.13258E-1 1.28524E-1 1.21891E-1 1.18387E-1
