data/maxent/outputs/red_204.asc
ncols         426
nrows         180
xllcorner     -130.0
yllcorner     24.0
cellsize      0.16666666666666666
NODATA_value  -9999
[rows 81 to 107 of 180, columns 244 to 304 of 426]
5.68951E-1 6.09676E-1 6.46887E-1 6.50602E-1 6.27536E-1 6.19269E-1 6.29999E-1 6.37518E-1 6.33956E-1 6.37369E-1 6.44051E-1 6.36854E-1 6.61819E-1 6.7344E-1 6.9012E-1 7.10272E-1 7.40305E-1 7.65171E-1 7.80493E-1 7.93179E-1 7.76229E-1 7.62431E-1 7.66163E-1 7.88355E-1 7.70082E-1 7.66107E-1 7.60841E-1 7.69162E-1 7.55201E-1 7.43367E-1 7.54479E-1 7.54815E-1 7.65073E-1 8.12113E-1 7.89536E-1 7.54559E-1 7.34789E-1 7.34861E-1 7.36981E-1 7.84836E-1 7.89248E-1 7.87242E-1 7.88142E-1 8.00621E-1 7.60515E-1 7.68308E-1 7.85042E-1 7.79174E-1 8.06097E-1 7.92402E-1 7.75698E-1 7.67759E-1 7.75052E-1 7.79123E-1 7.7912E-1 8.0558E-1 8.1924E-1 8.02642E-1 7.94358E-1 7.93239E-1 8.276E-1
5.58821E-1 5.92702E-1 6.15118E-1 6.2791E-1 5.96172E-1 6.23768E-1 6.2104E-1 5.91088E-1 6.0071E-1 6.34314E-1 6.31774E-1 6.40922E-1 6.36842E-1 6.48579E-1 6.66469E-1 6.93614E-1 7.2969E-1 7.55068E-1 7.6452E-1 7.74574E-1 7.59244E-1 7.64476E-1 7.88265E-1 8.01764E-1 7.70493E-1 7.41828E-1 7.41242E-1 7.36776E-1 7.38324E-1 7.43706E-1 7.61569E-1 7.52407E-1 7.64222E-1 7.57224E-1 7.71568E-1 7.5141E-1 7.44986E-1 7.41896E-1 7.5426E-1 7.52784E-1 7.63713E-1 7.65839E-1 7.89659E-1 7.70788E-1 7.63372E-1 7.43146E-1 7.61681E-1 7.92043E-1 7.92365E-1 7.80023E-1 7.66742E-1 7.55458E-1 7.63773E-1 7.65059E-1 7.65202E-1 7.74067E-1 7.84342E-1 7.67999E-1 7.79961E-1 8.26887E-1 8.56373E-1
5.43884E-1 5.71378E-1 6.13233E-1 5.9894E-1 5.93996E-1 5.98472E-1 6.2289E-1 5.86377E-1 5.93194E-1 6.25739E-1 6.27291E-1 6.20309E-1 6.38117E-1 6.54737E-1 6.66347E-1 6.88636E-1 7.37671E-1 7.51378E-1 7.53862E-1 7.64089E-1 7.44433E-1 7.61187E-1 7.8267E-1 7.85676E-1 7.83232E-1 7.66685E-1 7.57153E-1 7.44145E-1 7.26315E-1 7.3293E-1 7.34466E-1 7.48357E-1 7.73441E-1 7.26427E-1 7.40835E-1 6.94863E-1 7.30312E-1 7.44286E-1 7.41739E-1 7.54481E-1 7.69065E-1 7.60426E-1 7.59992E-1 7.36905E-1 7.33231E-1 7.51647E-1 7.52543E-1 7.48755E-1 7.80274E-1 7.79679E-1 7.57602E-1 7.76048E-1 7.73577E-1 7.80295E-1 7.61962E-1 7.53209E-1 7.66272E-1 7.82892E-1 7.90375E-1 8.54494E-1 8.70351E-1
5.32667E-1 5.59654E-1 6.07323E-1 5.94766E-1 5.8203E-1 5.8494E-1 5.90155E-1 5.95856E-1 5.86952E-1 5.89265E-1 5.97144E-1 6.19035E-1 6.56117E-1 6.76083E-1 6.77459E-1 6.94866E-1 7.25567E-1 7.43094E-1 7.69387E-1 7.65589E-1 7.40581E-1 7.31375E-1 7.43201E-1 7.65599E-1 7.43464E-1 7.43481E-1 7.61357E-1 7.63599E-1 7.33984E-1 7.47872E-1 7.73832E-1 7.58404E-1 7.57957E-1 7.48056E-1 7.52352E-1 7.42112E-1 7.25242E-1 7.11755E-1 6.88545E-1 7.22033E-1 7.27086E-1 7.46632E-1 7.34857E-1 7.14991E-1 6.97208E-1 7.20967E-1 7.19501E-1 7.6408E-1 7.82859E-1 7.75655E-1 7.86859E-1 7.76386E-1 7.7806E-1 7.82547E-1 7.60016E-1 7.46275E-1 7.44139E-1 7.69361E-1 8.52805E-1 8.5815E-1 8.55035E-1
5.53558E-1 5.65418E-1 6.0254E-1 5.8968E-1 5.93672E-1 6.01463E-1 6.00548E-1 6.08699E-1 5.90491E-1 5.86177E-1 5.99431E-1 6.03829E-1 6.45489E-1 6.71622E-1 6.77632E-1 6.87519E-1 7.06477E-1 7.14813E-1 7.29555E-1 7.43803E-1 7.00503E-1 7.009E-1 7.18381E-1 7.15054E-1 7.25959E-1 7.26791E-1 7.50304E-1 7.60489E-1 7.49286E-1 7.51058E-1 7.73158E-1 7.71761E-1 7.62675E-1 7.5206E-1 7.42478E-1 7.32139E-1 7.11773E-1 6.76473E-1 6.63471E-1 7.28594E-1 7.31104E-1 7.23938E-1 7.32498E-1 7.25451E-1 7.13057E-1 7.09144E-1 7.15831E-1 7.47663E-1 7.73487E-1 7.77416E-1 7.98679E-1 7.87931E-1 7.84813E-1 7.87893E-1 7.65527E-1 7.57678E-1 7.34843E-1 8.32754E-1 8.18289E-1 8.39165E-1 8.623E-1
5.80501E-1 5.7515E-1 5.92393E-1 6.24983E-1 6.36236E-1 6.22328E-1 6.15225E-1 6.40273E-1 6.25838E-1 6.35112E-1 6.20063E-1 6.12916E-1 6.06998E-1 6.44643E-1 6.61346E-1 6.79531E-1 6.74752E-1 7.22454E-1 7.18899E-1 7.10613E-1 6.72842E-1 6.70041E-1 6.88022E-1 7.04664E-1 7.47651E-1 7.39751E-1 7.38327E-1 7.66981E-1 7.68502E-1 7.63711E-1 7.67406E-1 7.65945E-1 7.67294E-1 7.53851E-1 7.48993E-1 7.28467E-1 6.97638E-1 6.57261E-1 6.70501E-1 7.28674E-1 7.55578E-1 7.37673E-1 7.47262E-1 7.30889E-1 7.1626E-1 7.05694E-1 7.05222E-1 7.27418E-1 7.61987E-1 7.58965E-1 7.78087E-1 7.79245E-1 7.8113E-1 7.76392E-1 7.71124E-1 7.47785E-1 7.94664E-1 8.2092E-1 8.17051E-1 8.25513E-1 8.33885E-1
5.99263E-1 6.01827E-1 6.08242E-1 6.49029E-1 6.35644E-1 6.50468E-1 6.56345E-1 6.68012E-1 6.49733E-1 6.53642E-1 6.16398E-1 5.94414E-1 5.98525E-1 6.10379E-1 6.82552E-1 6.94746E-1 6.98848E-1 7.28959E-1 7.4135E-1 7.23101E-1 6.72068E-1 6.56468E-1 6.73549E-1 7.16296E-1 7.45009E-1 7.52173E-1 7.50674E-1 7.41858E-1 7.34327E-1 7.43217E-1 7.44091E-1 7.68693E-1 7.65418E-1 7.45628E-1 7.49178E-1 7.33279E-1 7.2184E-1 6.93044E-1 6.89314E-1 7.41464E-1 7.51825E-1 7.29847E-1 7.32642E-1 7.20919E-1 7.08884E-1 7.00778E-1 7.08126E-1 7.18113E-1 7.68101E-1 7.71217E-1 7.55808E-1 7.58489E-1 7.76728E-1 7.71377E-1 7.44474E-1 7.60615E-1 7.91996E-1 8.11905E-1 8.18929E-1 7.97722E-1 8.3501E-1
5.91832E-1 6.15036E-1 6.14948E-1 6.3582E-1 6.39234E-1 6.44342E-1 6.47241E-1 6.52762E-1 6.46661E-1 6.25061E-1 5.99987E-1 5.89459E-1 5.83817E-1 5.88024E-1 6.34607E-1 6.79991E-1 7.02751E-1 7.62407E-1 7.63104E-1 7.66634E-1 6.64635E-1 6.59973E-1 6.81003E-1 7.16738E-1 7.41066E-1 7.60018E-1 7.38044E-1 7.09273E-1 7.58695E-1 7.49115E-1 7.48053E-1 7.63124E-1 7.6117E-1 7.72824E-1 7.68953E-1 7.4674E-1 7.563E-1 7.33262E-1 6.79988E-1 7.03508E-1 7.10756E-1 6.95702E-1 6.89817E-1 6.96312E-1 6.94608E-1 6.92552E-1 7.06183E-1 7.34098E-1 7.86484E-1 7.67593E-1 7.63852E-1 7.59081E-1 7.71207E-1 7.48554E-1 7.47756E-1 7.66798E-1 7.86317E-1 8.2272E-1 8.1954E-1 8.07018E-1 8.346E-1
5.73736E-1 5.87313E-1 6.18902E-1 6.23471E-1 6.35605E-1 6.38126E-1 6.45458E-1 6.50287E-1 6.29009E-1 6.24984E-1 6.1271E-1 5.78639E-1 6.15894E-1 5.72649E-1 6.13208E-1 6.8319E-1 7.0439E-1 7.62291E-1 7.4079E-1 7.24253E-1 6.58939E-1 6.7487E-1 6.91476E-1 7.23713E-1 7.385E-1 7.36005E-1 7.04361E-1 7.15521E-1 7.4457E-1 7.27847E-1 7.37935E-1 7.49817E-1 7.5232E-1 7.60845E-1 7.54126E-1 7.38556E-1 7.52795E-1 6.89003E-1 6.68977E-1 6.97533E-1 6.73663E-1 6.65907E-1 6.57335E-1 6.78154E-1 6.74887E-1 7.1152E-1 7.46299E-1 7.23579E-1 7.60225E-1 7.53082E-1 7.46321E-1 7.20378E-1 7.61052E-1 7.40895E-1 7.7583E-1 8.00604E-1 8.11206E-1 8.24729E-1 8.41191E-1 8.2469E-1 8.58895E-1
5.75797E-1 5.82519E-1 6.02568E-1 5.93499E-1 6.18095E-1 6.23828E-1 6.38913E-1 6.19531E-1 6.08476E-1 6.25528E-1 5.88796E-1 5.41144E-1 5.57577E-1 5.38702E-1 6.03915E-1 6.80497E-1 6.67895E-1 6.85097E-1 7.24329E-1 6.68097E-1 6.32301E-1 6.58536E-1 6.88831E-1 7.12875E-1 7.2423E-1 7.18062E-1 7.17384E-1 6.98448E-1 7.14275E-1 7.02985E-1 7.23917E-1 7.3664E-1 7.284E-1 7.29596E-1 7.10978E-1 6.92288E-1 7.21847E-1 6.78258E-1 6.86134E-1 6.61598E-1 6.46864E-1 6.31285E-1 6.36061E-1 6.5145E-1 6.68202E-1 6.75909E-1 7.18573E-1 7.20407E-1 7.25822E-1 7.23592E-1 6.95051E-1 6.84835E-1 7.1174E-1 7.70165E-1 7.83811E-1 8.35623E-1 8.35338E-1 8.65576E-1 8.66536E-1 8.76668E-1 8.49638E-1
6.37521E-1 5.78388E-1 5.93782E-1 6.05044E-1 5.94139E-1 5.88303E-1 6.00326E-1 6.19974E-1 6.09753E-1 5.95501E-1 5.50638E-1 5.42056E-1 5.1279E-1 5.24451E-1 5.87616E-1 6.52282E-1 6.76449E-1 6.50973E-1 6.73245E-1 6.91586E-1 6.55477E-1 6.3901E-1 6.736E-1 7.00384E-1 7.06374E-1 7.03062E-1 6.95095E-1 6.93843E-1 7.09381E-1 6.87448E-1 6.93552E-1 6.99168E-1 6.83997E-1 6.71316E-1 6.7799E-1 6.9382E-1 7.45023E-1 6.92363E-1 6.52573E-1 6.40549E-1 6.53801E-1 6.14884E-1 6.36372E-1 6.61708E-1 6.49565E-1 6.75217E-1 6.7878E-1 7.13191E-1 7.21113E-1 7.24944E-1 7.06556E-1 7.05804E-1 6.73545E-1 7.69753E-1 8.23043E-1 8.45112E-1 8.67372E-1 8.76104E-1 8.81122E-1 8.94584E-1 8.44398E-1
5.79568E-1 5.72929E-1 5.81592E-1 5.84502E-1 5.8299E-1 5.58849E-1 5.7272E-1 5.7276E-1 5.71682E-1 5.72742E-1 5.40812E-1 5.41788E-1 5.33059E-1 5.55126E-1 5.82494E-1 6.50981E-1 6.643E-1 6.60201E-1 6.76268E-1 6.81383E-1 7.35262E-1 6.55427E-1 6.57482E-1 6.95758E-1 6.89281E-1 6.78604E-1 6.94808E-1 6.9697E-1 6.99126E-1 6.69004E-1 6.62582E-1 6.70843E-1 6.67793E-1 6.45043E-1 6.39976E-1 6.81557E-1 6.73742E-1 6.82856E-1 6.36244E-1 6.21032E-1 6.19075E-1 6.05979E-1 6.42055E-1 6.4054E-1 6.4016E-1 6.52545E-1 6.55922E-1 6.90524E-1 7.12056E-1 7.34406E-1 6.89841E-1 7.20967E-1 7.5863E-1 7.98455E-1 8.25897E-1 8.53538E-1 8.66502E-1 8.94763E-1 9.09617E-1 9.09581E-1 8.76738E-1
5.60074E-1 5.82559E-1 5.94105E-1 5.75238E-1 5.47034E-1 5.40388E-1 5.41274E-1 5.36194E-1 5.26677E-1 5.74015E-1 5.63229E-1 5.5995E-1 5.73856E-1 5.63423E-1 5.91541E-1 6.4956E-1 7.04684E-1 7.00233E-1 6.76656E-1 6.83549E-1 7.13719E-1 6.05781E-1 6.52693E-1 6.68696E-1 6.69524E-1 6.74667E-1 6.79468E-1 6.99373E-1 6.94154E-1 6.6045E-1 6.40183E-1 6.4593E-1 6.35248E-1 6.31379E-1 6.51965E-1 7.01402E-1 6.55285E-1 6.2656E-1 5.89809E-1 5.84429E-1 6.02724E-1 5.9874E-1 6.07362E-1 6.2264E-1 6.30338E-1 6.24736E-1 6.39924E-1 6.82541E-1 7.20861E-1 7.28538E-1 7.61887E-1 7.7982E-1 7.64904E-1 8.19581E-1 8.45262E-1 8.63597E-1 8.92048E-1 9.02601E-1 9.2097E-1 9.11911E-1 9.21775E-1
5.71309E-1 5.70135E-1 5.86494E-1 5.66507E-1 5.31772E-1 5.18709E-1 5.0702E-1 5.14652E-1 5.34944E-1 5.35317E-1 5.3839E-1 5.5004E-1 5.89084E-1 5.94399E-1 5.94133E-1 6.43414E-1 6.97442E-1 6.8287E-1 7.00968E-1 6.73525E-1 7.03913E-1 6.47885E-1 6.56155E-1 6.41479E-1 6.25857E-1 6.73961E-1 6.70107E-1 6.45908E-1 6.44253E-1 6.43018E-1 6.20071E-1 6.33225E-1 6.3303E-1 5.97816E-1 5.89057E-1 6.41834E-1 6.24753E-1 5.97849E-1 5.76142E-1 5.92597E-1 5.85072E-1 6.02659E-1 6.12165E-1 6.16404E-1 6.26806E-1 6.35517E-1 6.768E-1 6.9936E-1 7.06948E-1 7.56317E-1 7.54546E-1 7.73868E-1 7.99926E-1 8.42743E-1 8.6105E-1 8.90895E-1 9.06677E-1 9.27601E-1 9.12089E-1 9.1207E-1 8.93378E-1
5.5923E-1 5.60806E-1 6.05757E-1 5.64519E-1 5.51853E-1 5.30856E-1 5.18863E-1 4.91251E-1 5.32936E-1 5.30999E-1 5.51305E-1 5.51963E-1 5.75039E-1 5.87695E-1 5.92584E-1 6.07545E-1 6.71562E-1 6.72887E-1 6.87331E-1 6.69364E-1 6.70664E-1 6.53337E-1 6.2096E-1 6.25593E-1 6.31611E-1 6.67898E-1 6.51533E-1 6.25606E-1 6.24381E-1 6.37016E-1 6.28362E-1 6.38833E-1 6.19314E-1 5.92754E-1 6.10682E-1 6.4613E-1 5.99073E-1 5.93219E-1 5.94834E-1 5.97347E-1 5.73712E-1 6.35414E-1 6.26787E-1 6.16569E-1 6.46462E-1 6.90396E-1 6.87808E-1 7.61769E-1 7.77762E-1 7.61065E-1 8.1481E-1 8.30511E-1 8.44053E-1 8.65888E-1 8.7839E-1 9.08105E-1 9.04498E-1 9.1169E-1 8.67237E-1 8.73531E-1 8.53289E-1
5.28189E-1 5.48348E-1 5.70639E-1 5.74458E-1 5.56903E-1 5.23724E-1 5.24007E-1 5.27988E-1 5.22549E-1 5.40318E-1 5.55982E-1 5.65344E-1 5.71342E-1 5.86696E-1 5.97935E-1 6.21379E-1 6.50204E-1 6.69341E-1 6.63992E-1 6.70678E-1 6.63736E-1 6.20891E-1 6.24213E-1 5.96018E-1 6.26014E-1 6.43866E-1 6.36707E-1 6.20894E-1 6.19324E-1 6.19087E-1 6.15206E-1 6.10542E-1 6.01164E-1 6.48796E-1 6.31224E-1 5.72765E-1 5.62687E-1 6.10522E-1 6.02982E-1 5.85338E-1 5.75081E-1 6.08832E-1 6.4927E-1 6.56481E-1 6.9883E-1 7.28581E-1 7.85449E-1 8.13575E-1 8.03105E-1 7.98413E-1 8.54446E-1 8.46995E-1 8.41633E-1 8.05112E-1 8.85022E-1 9.04066E-1 9.1189E-1 8.6712E-1 8.97058E-1 8.10738E-1 8.19089E-1
5.31363E-1 5.65201E-1 5.72157E-1 5.79313E-1 5.44691E-1 5.41251E-1 5.22852E-1 5.3942E-1 5.44306E-1 5.37279E-1 5.49776E-1 5.65138E-1 5.769E-1 5.95271E-1 6.05798E-1 6.44302E-1 6.50823E-1 6.78426E-1 6.86472E-1 6.72996E-1 6.55682E-1 6.25943E-1 5.76401E-1 5.76759E-1 6.13313E-1 6.4727E-1 6.27719E-1 6.30249E-1 6.18244E-1 6.18691E-1 6.11368E-1 5.94678E-1 6.441E-1 6.54676E-1 6.19335E-1 5.93773E-1 6.13287E-1 6.08241E-1 6.3882E-1 5.96516E-1 5.9516E-1 5.99855E-1 6.47917E-1 7.21581E-1 7.41376E-1 8.06719E-1 8.35774E-1 8.17713E-1 8.30819E-1 8.55752E-1 8.45123E-1 8.52814E-1 7.81038E-1 8.22034E-1 9.01361E-1 8.33981E-1 8.85701E-1 8.33535E-1 8.5961E-1 7.20318E-1 9.2272E-1
5.80055E-1 5.98E-1 6.11632E-1 6.02252E-1 6.11622E-1 6.07301E-1 5.86325E-1 5.62496E-1 5.4401E-1 5.60828E-1 5.62504E-1 5.5634E-1 5.54804E-1 5.86523E-1 6.2038E-1 6.32176E-1 6.59244E-1 6.75715E-1 6.61421E-1 6.5402E-1 5.97924E-1 6.10472E-1 6.02266E-1 5.91578E-1 6.15949E-1 6.47109E-1 6.84089E-1 6.5216E-1 6.25483E-1 6.33423E-1 6.50856E-1 6.76766E-1 6.60324E-1 6.09598E-1 5.92169E-1 6.01605E-1 6.12897E-1 6.41409E-1 6.49638E-1 6.1919E-1 6.13926E-1 6.57713E-1 6.97708E-1 7.06614E-1 7.34758E-1 7.66418E-1 7.87628E-1 8.12336E-1 8.64139E-1 8.68158E-1 8.26069E-1 7.50029E-1 8.13734E-1 8.81261E-1 9.10784E-1 8.83757E-1 7.69191E-1 7.60331E-1 8.4124E-1 8.57206E-1 7.56385E-1
5.41617E-1 5.19276E-1 5.52848E-1 5.64013E-1 5.77529E-1 5.70706E-1 5.53943E-1 5.76316E-1 5.4886E-1 5.45683E-1 5.65924E-1 5.39915E-1 5.47348E-1 5.84391E-1 6.02074E-1 6.29249E-1 6.39433E-1 6.54852E-1 6.38888E-1 6.15628E-1 6.11675E-1 6.09449E-1 6.18024E-1 6.19391E-1 6.27295E-1 6.63135E-1 6.87059E-1 6.80325E-1 6.80242E-1 6.69153E-1 6.95501E-1 7.00776E-1 6.8379E-1 6.27203E-1 6.6223E-1 6.47033E-1 6.47369E-1 6.70283E-1 7.21077E-1 7.05494E-1 6.90493E-1 6.77314E-1 7.2377E-1 7.49846E-1 7.88837E-1 7.99789E-1 8.07796E-1 8.51177E-1 8.70589E-1 8.31615E-1 8.29268E-1 8.11073E-1 9.12717E-1 9.03939E-1 8.84864E-1 8.67002E-1 7.56186E-1 7.76411E-1 8.29213E-1 7.25044E-1 7.06926E-1
5.07389E-1 5.06444E-1 5.31915E-1 5.32055E-1 5.61704E-1 5.65149E-1 5.40785E-1 5.58817E-1 5.55289E-1 5.48419E-1 5.62046E-1 5.6227E-1 5.7811E-1 5.8068E-1 5.9337E-1 5.96293E-1 5.99273E-1 5.94842E-1 6.00526E-1 6.05079E-1 5.79115E-1 5.56541E-1 5.74802E-1 5.85883E-1 6.41012E-1 6.38577E-1 6.53587E-1 6.84799E-1 6.61674E-1 6.60437E-1 6.63671E-1 6.60993E-1 6.53209E-1 6.45666E-1 6.94265E-1 6.91534E-1 6.7361E-1 7.19806E-1 7.51606E-1 7.86032E-1 7.90479E-1 7.68078E-1 7.47946E-1 7.74949E-1 8.41959E-1 8.67687E-1 8.48051E-1 8.79379E-1 8.75201E-1 8.68529E-1 8.8133E-1 8.43732E-1 8.15755E-1 8.27849E-1 8.42569E-1 8.43346E-1 7.24886E-1 7.14279E-1 6.64869E-1 6.56217E-1 6.80545E-1
4.94788E-1 5.29795E-1 5.11774E-1 5.2703E-1 5.40789E-1 5.35709E-1 5.47865E-1 5.71388E-1 5.4721E-1 5.67068E-1 5.7749E-1 5.84611E-1 5.77144E-1 5.9802E-1 5.85778E-1 5.81689E-1 5.76585E-1 5.59599E-1 5.5169E-1 5.71332E-1 5.54022E-1 5.71925E-1 5.91447E-1 6.05236E-1 6.23474E-1 6.52788E-1 6.64935E-1 6.59183E-1 6.54602E-1 6.59125E-1 6.61883E-1 6.44381E-1 6.45838E-1 6.64356E-1 7.0703E-1 7.36532E-1 7.66208E-1 7.99057E-1 7.92109E-1 8.54904E-1 8.12821E-1 7.94325E-1 8.08753E-1 8.24392E-1 8.36847E-1 8.51769E-1 8.80068E-1 8.93615E-1 8.91781E-1 8.74411E-1 8.61076E-1 7.89964E-1 7.84559E-1 8.01359E-1 8.726E-1 8.91228E-1 7.2451E-1 7.23435E-1 8.20123E-1 7.11203E-1 6.75096E-1
4.40161E-1 5.17599E-1 5.07683E-1 5.22573E-1 5.15766E-1 5.18348E-1 5.92717E-1 5.99398E-1 5.77231E-1 5.29653E-1 5.58714E-1 5.80695E-1 5.9074E-1 5.88846E-1 5.6267E-1 5.71932E-1 5.4076E-1 5.2628E-1 5.38164E-1 5.4624E-1 5.44875E-1 5.76389E-1 5.94803E-1 6.09061E-1 6.02079E-1 7.00836E-1 7.11298E-1 6.6573E-1 6.69774E-1 6.68741E-1 6.83693E-1 6.54579E-1 6.19836E-1 6.71253E-1 7.748E-1 8.02332E-1 8.24213E-1 8.71711E-1 8.94787E-1 8.51247E-1 8.86923E-1 8.13331E-1 7.75907E-1 8.29719E-1 8.69133E-1 8.75392E-1 8.36073E-1 8.75209E-1 8.39201E-1 8.27593E-1 7.76467E-1 8.26205E-1 8.75832E-1 8.73962E-1 8.65496E-1 7.68136E-1 7.03115E-1 6.82582E-1 6.82883E-1 6.77699E-1 6.36897E-1
4.45159E-1 5.00941E-1 4.98347E-1 5.1348E-1 5.13622E-1 5.1932E-1 5.22531E-1 5.89238E-1 5.66134E-1 5.38633E-1 5.30424E-1 5.33638E-1 5.33342E-1 5.20359E-1 5.15033E-1 5.20311E-1 5.26503E-1 5.30806E-1 5.45674E-1 5.51719E-1 5.537E-1 5.82475E-1 5.75735E-1 5.69185E-1 6.03924E-1 6.64513E-1 6.72103E-1 6.68704E-1 6.61751E-1 6.71829E-1 6.66226E-1 6.49162E-1 6.80121E-1 7.16122E-1 7.07378E-1 8.01647E-1 7.5777E-1 7.62043E-1 7.80815E-1 8.08309E-1 7.22645E-1 7.44983E-1 7.60943E-1 7.88724E-1 7.4908E-1 7.75775E-1 8.87178E-1 9.13263E-1 9.0368E-1 8.83124E-1 8.26943E-1 8.43397E-1 8.50723E-1 9.05671E-1 7.91047E-1 6.95437E-1 6.43636E-1 6.74816E-1 6.36885E-1 6.40367E-1 6.35754E-1
4.70079E-1 4.76878E-1 4.84051E-1 5.0069E-1 5.09414E-1 5.23572E-1 5.12666E-1 5.73331E-1 5.41194E-1 5.26678E-1 5.21141E-1 5.07863E-1 5.04667E-1 5.04122E-1 5.17501E-1 5.21464E-1 5.29131E-1 5.39448E-1 5.47983E-1 5.56395E-1 5.52273E-1 5.67004E-1 5.59755E-1 6.00211E-1 6.21407E-1 6.18354E-1 7.05871E-1 6.93424E-1 6.77028E-1 7.08765E-1 7.50403E-1 6.78573E-1 7.61819E-1 7.21397E-1 6.71336E-1 6.67378E-1 6.7056E-1 6.8061E-1 6.93534E-1 6.78925E-1 6.60455E-1 6.72276E-1 6.96009E-1 7.1859E-1 8.65343E-1 9.04262E-1 9.06295E-1 8.97564E-1 8.75886E-1 8.46266E-1 8.43611E-1 7.97522E-1 7.1563E-1 7.47222E-1 6.68792E-1 6.06823E-1 6.1804E-1 5.93793E-1 5.97995E-1 5.84978E-1 5.74068E-1
4.79651E-1 4.62724E-1 4.69729E-1 4.78141E-1 4.81317E-1 4.97337E-1 4.98026E-1 5.68678E-1 5.21886E-1 4.77264E-1 4.5993E-1 4.61849E-1 4.6659E-1 4.93612E-1 5.00129E-1 4.9528E-1 4.87682E-1 4.84337E-1 4.89667E-1 4.9592E-1 5.33386E-1 5.16196E-1 5.23655E-1 5.73953E-1 5.92697E-1 6.30935E-1 6.95656E-1 6.70867E-1 6.61334E-1 7.08631E-1 7.4495E-1 6.69319E-1 6.74951E-1 6.21352E-1 6.19343E-1 6.25654E-1 6.50161E-1 6.43662E-1 6.16145E-1 6.534E-1 6.29744E-1 6.23142E-1 6.57225E-1 8.67032E-1 8.83317E-1 9.04057E-1 9.0744E-1 8.76759E-1 8.8401E-1 8.70456E-1 7.73155E-1 6.29652E-1 6.27873E-1 6.63598E-1 6.60899E-1 5.86677E-1 5.6284E-1 5.84556E-1 5.88158E-1 5.78984E-1 5.72115E-1
4.35701E-1 4.45309E-1 4.51078E-1 4.58577E-1 4.6542E-1 4.77312E-1 4.53859E-1 4.63205E-1 4.96895E-1 4.42717E-1 4.44057E-1 4.56384E-1 4.39651E-1 4.39989E-1 4.62912E-1 4.71716E-1 4.85829E-1 4.60845E-1 4.67752E-1 4.7899E-1 4.83514E-1 5.03464E-1 5.24698E-1 5.533E-1 6.2036E-1 6.76382E-1 6.64986E-1 6.31541E-1 6.80062E-1 7.51934E-1 7.50964E-1 6.29641E-1 6.44919E-1 5.97457E-1 5.75477E-1 6.31761E-1 6.09828E-1 5.41017E-1 5.51478E-1 5.90393E-1 5.69448E-1 6.90399E-1 7.90617E-1 8.97491E-1 8.96444E-1 8.99882E-1 8.94771E-1 8.8156E-1 7.41638E-1 6.32585E-1 6.22811E-1 6.05281E-1 6.05007E-1 6.12938E-1 6.12127E-1 6.04586E-1 5.95481E-1 5.92847E-1 5.71622E-1 5.70474E-1 5.73794E-1
4.2054E-1 4.25112E-1 4.42218E-1 4.42362E-1 4.444E-1 4.48695E-1 4.16332E-1 4.10005E-1 4.46382E-1 3.96116E-1 4.251E-1 4.33545E-1 4.33161E-1 4.35858E-1 4.74689E-1 5.15521E-1 5.05873E-1 4.49071E-1 4.80987E-1 4.91668E-1 4.8585E-1 5.21735E-1 5.10509E-1 5.67328E-1 6.52155E-1 6.53547E-1 6.29322E-1 5.99615E-1 5.70602E-1 6.65264E-1 5.8758E-1 5.19345E-1 5.39996E-1 4.93063E-1 5.02015E-1 5.46714E-1 4.89662E-1 5.1242E-1 5.5775E-1 7.05219E-1 8.60135E-1 8.56837E-1 8.84845E-1 8.95424E-1 8.86012E-1 9.11497E-1 8.61564E-1 7.34065E-1 6.83309E-1 7.23022E-1 6.45676E-1 5.89403E-1 5.67108E-1 5.94366E-1 6.23252E-1 5.93827E-1 5.99859E-1 5.89167E-1 5.35457E-1 5.26384E-1 5.64411E-1
