data/maxent/outputs/red_268.asc
ncols         426
nrows         180
xllcorner     -130.0
yllcorner     24.0
cellsize      0.16666666666666666
NODATA_value  -9999
[rows 54 to 80 of 180, columns 61 to 121 of 426]
1.12352E-1 9.7568E-2 1.08993E-1 1.07028E-1 1.17982E-1 1.17025E-1 1.09049E-1 9.4315E-2 7.25225E-2 4.10628E-2 5.59047E-2 4.27694E-2 4.95629E-2 6.52109E-2 8.70266E-2 1.17898E-1 2.08832E-1 3.43123E-1 2.71074E-1 1.97521E-1 2.08478E-1 1.15519E-1 6.31674E-2 2.46452E-2 6.66511E-2 2.99648E-2 1.68745E-2 1.15749E-2 1.38016E-2 1.36915E-2 3.95355E-2 1.18242E-2 7.43561E-3 5.23781E-3 6.92667E-3 1.29104E-2 8.68142E-3 9.79308E-3 5.31565E-3 5.24885E-3 8.34174E-3 8.87605E-3 1.06339E-2 7.02669E-3 1.20128E-2 1.1329E-2 6.7134E-3 7.30751E-3 1.09206E-2 3.03126E-2 1.34609E-2 1.59492E-2 1.88074E-2 1.51101E-2 1.99346E-2 2.12542E-2 2.51186E-2 2.16277E-2 1.67069E-2 1.36046E-2 1.80133E-2
1.05617E-1 1.05867E-1 9.74597E-2 9.41917E-2 9.77261E-2 1.16346E-1 9.16253E-2 6.00469E-2 7.47939E-2 7.18297E-2 5.33693E-2 4.93998E-2 5.40915E-2 6.12211E-2 1.08467E-1 1.63554E-1 2.45845E-1 3.17454E-1 8.39901E-2 2.77156E-1 3.71241E-1 5.77456E-2 8.14284E-2 4.46601E-2 3.42936E-2 2.14161E-2 1.31955E-2 1.58565E-2 2.49545E-2 2.90772E-2 1.69631E-2 7.95673E-3 7.81251E-3 6.16974E-3 1.57904E-2 8.73151E-3 4.9951E-3 8.23601E-3 8.07334E-3 5.46165E-3 5.94449E-3 6.49416E-3 9.58129E-3 9.1788E-3 9.26961E-3 5.09809E-3 5.71168E-3 6.11442E-3 9.99136E-3 1.93487E-2 1.81614E-2 3.89648E-2 3.10619E-2 2.2474E-2 1.7324E-2 1.67898E-2 1.74804E-2 1.52464E-2 1.68059E-2 1.44826E-2 1.58616E-2
9.88957E-2 1.05598E-1 9.1597E-2 7.21732E-2 9.04763E-2 9.37581E-2 1.1519E-1 9.63434E-2 8.37284E-2 7.74846E-2 7.2363E-2 7.04567E-2 7.07856E-2 8.19728E-2 8.73286E-2 1.63109E-1 2.25025E-1 1.83859E-1 2.37819E-1 2.09275E-1 2.64073E-1 1.36452E-1 8.90404E-2 5.90851E-2 3.41933E-2 2.08279E-2 1.51051E-2 1.58243E-2 1.13205E-2 9.31886E-3 9.50939E-3 7.00848E-3 6.53684E-3 2.07107E-2 1.62959E-2 1.23489E-2 8.78468E-3 3.91245E-3 5.54348E-3 6.38637E-3 4.6451E-3 6.02842E-3 7.99552E-3 8.57525E-3 9.12143E-3 7.27477E-3 7.07531E-3 7.50217E-3 1.25121E-2 1.69378E-2 3.16234E-2 3.91533E-2 2.90374E-2 2.35249E-2 2.28641E-2 1.9187E-2 2.14736E-2 1.91412E-2 1.40191E-2 1.63406E-2 1.44191E-2
8.22022E-2 6.86359E-2 8.10046E-2 7.2086E-2 6.68103E-2 7.77281E-2 9.16134E-2 1.15478E-1 4.9723E-2 6.06656E-2 6.51121E-2 6.80821E-2 5.97826E-2 8.73741E-2 8.90407E-2 1.39248E-1 1.77655E-1 2.0884E-1 2.0221E-1 1.92922E-1 2.55796E-1 2.15718E-1 5.7967E-2 8.82706E-2 5.73842E-2 2.6957E-2 1.6136E-2 1.18636E-2 9.12341E-3 6.71948E-3 6.33823E-3 5.86179E-3 6.18833E-3 1.95116E-2 1.78429E-2 6.31926E-3 1.01039E-2 6.48134E-3 4.33029E-3 4.81631E-3 6.47791E-3 4.78263E-3 5.08049E-3 7.49747E-3 7.04328E-3 8.61681E-3 9.63881E-3 1.10332E-2 1.84402E-2 3.17189E-2 6.40915E-2 5.91281E-2 2.21234E-2 1.89053E-2 2.37875E-2 2.15884E-2 2.4495E-2 2.23113E-2 1.54122E-2 1.74481E-2 1.69004E-2
5.69968E-2 5.69679E-2 5.81164E-2 5.18801E-2 4.11421E-2 5.40736E-2 4.76053E-2 4.5416E-2 4.49265E-2 5.74768E-2 7.77934E-2 6.69673E-2 7.58153E-2 6.02333E-2 6.42877E-2 6.51423E-2 8.59317E-2 1.03946E-1 1.63892E-1 2.07118E-1 2.69596E-1 2.85881E-1 1.20672E-1 1.96396E-1 5.26495E-2 4.57215E-2 2.04936E-2 2.04927E-2 1.05192E-2 9.95504E-3 8.44867E-3 9.95316E-3 1.22335E-2 1.68864E-2 1.14887E-2 7.41823E-3 5.83709E-3 6.79497E-3 1.09926E-2 7.55868E-3 5.94135E-3 9.15366E-3 8.08555E-3 1.64635E-2 2.20824E-2 2.20655E-2 1.92606E-2 1.40009E-2 2.29507E-2 3.93626E-2 5.96159E-2 6.42107E-2 4.25574E-2 3.11941E-2 2.18448E-2 1.81899E-2 1.61823E-2 1.63809E-2 1.42348E-2 9.93422E-3 8.74072E-3
5.26767E-2 4.63399E-2 4.92366E-2 4.31876E-2 3.33754E-2 3.6647E-2 4.93545E-2 5.00494E-2 5.01075E-2 8.00677E-2 8.6778E-2 5.76409E-2 6.24871E-2 7.77281E-2 3.44764E-2 3.47743E-2 5.09846E-2 6.41019E-2 8.301E-2 1.07722E-1 2.61527E-1 2.64056E-1 2.37585E-1 2.52977E-1 1.20798E-1 1.11047E-1 5.74034E-2 2.87667E-2 1.30704E-2 1.01628E-2 7.7679E-3 7.11875E-3 1.07645E-2 1.2803E-2 9.06284E-3 1.38564E-2 9.22301E-3 6.26068E-3 8.79496E-3 1.5973E-2 8.28631E-3 1.47737E-2 2.07245E-2 1.59142E-2 1.65988E-2 2.09148E-2 2.46517E-2 2.55962E-2 3.01127E-2 3.75741E-2 7.10521E-2 6.88875E-2 6.12871E-2 4.04469E-2 3.10829E-2 1.80247E-2 1.42455E-2 1.28766E-2 1.21451E-2 8.10532E-3 6.85159E-3
4.34354E-2 3.52825E-2 3.70969E-2 3.79176E-2 4.05672E-2 4.07997E-2 5.20152E-2 6.01802E-2 8.0981E-2 6.71598E-2 8.48273E-2 8.33368E-2 4.63883E-2 2.79262E-2 2.18936E-2 2.38108E-2 4.15426E-2 4.722E-2 4.76062E-2 7.26441E-2 1.4807E-1 1.98255E-1 2.78347E-1 2.29753E-1 1.4756E-1 1.11158E-1 8.11041E-2 3.68022E-2 1.38474E-2 9.78552E-3 9.10139E-3 7.90636E-3 7.43935E-3 7.84131E-3 8.5415E-3 7.66231E-3 1.0687E-2 1.55803E-2 1.44635E-2 1.15624E-2 2.69168E-2 1.87111E-2 1.73477E-2 1.26634E-2 1.56603E-2 1.70883E-2 2.35111E-2 2.8651E-2 3.38663E-2 4.17221E-2 6.08986E-2 5.11506E-2 5.1177E-2 2.49377E-2 2.48034E-2 3.50078E-2 1.71862E-2 1.44234E-2 1.01114E-2 5.7437E-3 5.38115E-3
3.20921E-2 3.58814E-2 3.31164E-2 4.15093E-2 5.2582E-2 5.46529E-2 5.60229E-2 6.31839E-2 4.28461E-2 6.2326E-2 5.83973E-2 7.51754E-2 5.31642E-2 4.66764E-2 3.60935E-2 3.63325E-2 3.46699E-2 3.89053E-2 4.53487E-2 4.81603E-2 6.47656E-2 1.77144E-1 2.79921E-1 3.12403E-1 2.37407E-1 2.75852E-1 1.15882E-1 5.0513E-2 2.44224E-2 1.39633E-2 1.23236E-2 1.20023E-2 1.88435E-2 1.18155E-2 8.26505E-3 7.46959E-3 9.24856E-3 1.82859E-2 2.1313E-2 1.87329E-2 2.37978E-2 1.67141E-2 1.27957E-2 1.50922E-2 2.03141E-2 2.01849E-2 2.6127E-2 3.3387E-2 4.36344E-2 5.08805E-2 3.84247E-2 4.44903E-2 4.59043E-2 1.92466E-2 1.8654E-2 2.32513E-2 1.40441E-2 1.11101E-2 6.81359E-3 7.12667E-3 5.85339E-3
3.94132E-2 3.88451E-2 4.36809E-2 4.82245E-2 5.39609E-2 5.05543E-2 4.5961E-2 5.79419E-2 6.65106E-2 5.44497E-2 5.81144E-2 6.34139E-2 5.89463E-2 6.27308E-2 4.37565E-2 6.61183E-2 3.07159E-2 3.13261E-2 4.3455E-2 4.05427E-2 4.11161E-2 6.70054E-2 2.21827E-1 3.15871E-1 3.5818E-1 2.15428E-1 5.56907E-2 1.16613E-1 5.05021E-2 3.38299E-2 2.54897E-2 2.10723E-2 3.70445E-2 3.94438E-2 2.8386E-2 1.77286E-2 1.36768E-2 2.59287E-2 2.31389E-2 2.18541E-2 2.08165E-2 1.429E-2 1.7817E-2 2.34244E-2 2.88018E-2 2.92769E-2 3.1606E-2 4.73401E-2 6.1676E-2 6.025E-2 4.60616E-2 3.61077E-2 3.56707E-2 1.76602E-2 2.21229E-2 1.72358E-2 1.18847E-2 1.05959E-2 7.67607E-3 6.48055E-3 4.6033E-3
4.19398E-2 4.16194E-2 4.09265E-2 4.52839E-2 4.65803E-2 4.39781E-2 4.56258E-2 4.88086E-2 5.6161E-2 4.16301E-2 5.99786E-2 6.4414E-2 5.02341E-2 5.13041E-2 3.35731E-2 4.99462E-2 5.88618E-2 5.61079E-2 3.63386E-2 3.15968E-2 2.69472E-2 2.78719E-2 5.09632E-2 1.51769E-1 3.03897E-1 2.94456E-1 2.13447E-1 1.53398E-1 9.39787E-2 8.50986E-2 8.35001E-2 8.68501E-2 8.74646E-2 6.66648E-2 6.50175E-2 5.25065E-2 6.63098E-2 6.7803E-2 4.58859E-2 2.42321E-2 2.43758E-2 2.61879E-2 2.89005E-2 3.52875E-2 4.21297E-2 4.38411E-2 4.62589E-2 6.77475E-2 5.93984E-2 5.27214E-2 5.71171E-2 5.33765E-2 2.357E-2 2.42197E-2 2.79822E-2 1.26029E-2 8.63925E-3 6.58262E-3 6.30745E-3 4.50253E-3 3.33544E-3
4.03912E-2 4.13002E-2 4.16414E-2 4.25537E-2 3.81141E-2 3.79278E-2 4.09912E-2 4.08246E-2 4.2731E-2 4.96312E-2 5.44498E-2 3.3305E-2 4.51515E-2 4.28258E-2 3.95299E-2 7.48313E-2 5.98683E-2 9.44753E-2 6.32326E-2 2.61334E-2 2.28137E-2 2.11519E-2 2.22186E-2 3.34663E-2 7.78138E-2 2.47124E-1 1.78249E-1 1.28007E-1 1.0904E-1 1.10636E-1 9.20362E-2 9.04597E-2 8.34902E-2 7.12351E-2 6.72687E-2 6.03901E-2 5.61597E-2 4.94127E-2 5.89532E-2 3.08067E-2 3.34002E-2 3.2946E-2 2.9151E-2 3.42313E-2 3.61278E-2 4.50022E-2 6.99304E-2 5.54421E-2 4.22846E-2 3.92775E-2 3.33738E-2 3.39701E-2 4.42404E-2 2.22589E-2 2.57988E-2 1.86593E-2 1.66766E-2 8.88532E-3 7.02353E-3 4.38795E-3 2.66062E-3
3.55383E-2 3.51794E-2 3.79035E-2 3.87255E-2 4.09934E-2 3.90183E-2 3.51099E-2 4.18024E-2 4.7859E-2 4.5182E-2 3.4004E-2 2.9561E-2 2.09758E-2 3.0533E-2 4.10938E-2 4.89551E-2 5.97465E-2 9.26458E-2 8.35192E-2 5.41528E-2 2.01086E-2 1.46457E-2 1.63049E-2 1.72285E-2 2.79159E-2 5.47915E-2 9.0398E-2 1.22969E-1 1.18734E-1 1.09315E-1 1.01619E-1 8.61526E-2 7.78569E-2 5.80493E-2 4.59716E-2 4.49238E-2 3.85295E-2 3.61462E-2 4.41113E-2 3.09648E-2 3.96685E-2 2.8137E-2 3.0558E-2 3.68748E-2 4.5692E-2 6.89657E-2 7.32193E-2 4.85874E-2 3.9168E-2 2.88602E-2 3.16589E-2 2.88155E-2 4.16223E-2 2.8631E-2 2.06053E-2 1.34807E-2 1.53563E-2 8.72927E-3 5.75418E-3 4.59107E-3 3.55554E-3
3.85681E-2 3.90181E-2 3.58754E-2 3.55835E-2 3.70004E-2 3.93408E-2 4.09084E-2 4.26891E-2 4.45527E-2 4.01174E-2 4.66525E-2 2.70398E-2 1.61825E-2 1.85627E-2 3.23994E-2 3.87121E-2 5.14305E-2 6.95618E-2 8.39563E-2 8.3407E-2 3.97142E-2 1.98328E-2 1.68087E-2 2.11151E-2 2.45154E-2 2.55188E-2 3.08135E-2 3.45315E-2 3.07546E-2 4.42209E-2 4.96392E-2 4.65777E-2 4.94887E-2 4.11911E-2 3.2695E-2 3.36944E-2 2.84709E-2 2.46319E-2 2.60763E-2 4.77882E-2 4.26377E-2 3.75491E-2 5.20226E-2 5.81829E-2 7.15406E-2 8.00778E-2 4.90019E-2 4.74586E-2 3.95273E-2 3.46966E-2 3.146E-2 2.88229E-2 3.91217E-2 2.88262E-2 1.89623E-2 1.15837E-2 1.00873E-2 5.35313E-3 3.66647E-3 3.17318E-3 3.74607E-3
4.42513E-2 4.01021E-2 3.83903E-2 3.63765E-2 3.54762E-2 3.89477E-2 3.89842E-2 3.03097E-2 3.5376E-2 3.75364E-2 3.17983E-2 2.15153E-2 1.22882E-2 1.3176E-2 3.15835E-2 4.31135E-2 5.7037E-2 8.1475E-2 7.56148E-2 7.47734E-2 8.03506E-2 6.71668E-2 3.0605E-2 1.80573E-2 1.70737E-2 2.34758E-2 2.0652E-2 2.14322E-2 2.1852E-2 3.30026E-2 3.74267E-2 4.24681E-2 4.57559E-2 3.20289E-2 3.53165E-2 3.87213E-2 2.99103E-2 2.64267E-2 2.68911E-2 3.84034E-2 3.17285E-2 4.8298E-2 7.62001E-2 7.7768E-2 8.26532E-2 8.27531E-2 6.22375E-2 4.69733E-2 4.7543E-2 3.35748E-2 3.49326E-2 2.97852E-2 3.47906E-2 2.69608E-2 1.54138E-2 1.0678E-2 8.66782E-3 5.8999E-3 3.85616E-3 3.23072E-3 2.37316E-3
4.23605E-2 4.14212E-2 4.1362E-2 3.75132E-2 3.28021E-2 3.94184E-2 3.74471E-2 4.05742E-2 2.44427E-2 2.61073E-2 1.95503E-2 1.60162E-2 1.98421E-2 1.97297E-2 3.82213E-2 4.16075E-2 4.40508E-2 6.60269E-2 7.33634E-2 7.14244E-2 7.13734E-2 7.56345E-2 6.75575E-2 5.33025E-2 3.31019E-2 3.3343E-2 2.72854E-2 2.88E-2 2.79393E-2 3.38419E-2 3.91488E-2 3.77823E-2 3.66021E-2 4.32966E-2 4.08735E-2 3.55326E-2 3.21774E-2 3.45072E-2 3.56374E-2 3.32209E-2 5.3275E-2 6.47904E-2 9.65842E-2 8.04535E-2 7.80717E-2 7.20687E-2 8.95261E-2 6.34299E-2 5.13978E-2 4.73241E-2 3.87124E-2 2.70725E-2 2.71597E-2 2.16162E-2 1.34451E-2 1.02002E-2 8.03331E-3 4.52575E-3 2.15964E-3 1.80068E-3 1.98842E-3
4.39059E-2 3.92498E-2 4.24211E-2 4.30057E-2 3.85636E-2 3.48189E-2 3.94163E-2 2.41295E-2 2.44836E-2 2.14803E-2 2.7125E-2 3.41696E-2 3.79119E-2 4.51615E-2 4.77315E-2 4.60676E-2 5.13836E-2 6.95434E-2 5.85748E-2 5.51295E-2 6.60392E-2 6.22675E-2 7.13288E-2 6.39788E-2 5.15994E-2 4.3107E-2 3.83525E-2 3.94698E-2 3.00247E-2 2.80931E-2 2.71607E-2 3.0369E-2 3.58809E-2 4.08826E-2 3.95965E-2 3.51863E-2 4.19452E-2 5.54413E-2 5.98136E-2 4.60663E-2 8.34606E-2 9.23996E-2 1.06036E-1 8.80785E-2 8.73847E-2 1.02998E-1 8.16892E-2 6.48472E-2 5.52883E-2 3.56254E-2 2.72773E-2 2.6393E-2 2.18334E-2 1.8387E-2 1.34759E-2 1.02395E-2 6.98928E-3 5.72078E-3 2.40573E-3 1.97997E-3 1.68325E-3
5.03398E-2 3.97358E-2 4.00596E-2 4.01291E-2 3.9312E-2 3.7723E-2 3.94448E-2 2.3736E-2 3.37629E-2 3.51785E-2 5.23523E-2 4.59779E-2 4.56344E-2 6.17092E-2 5.90677E-2 5.57023E-2 4.96383E-2 4.49055E-2 4.53845E-2 4.32611E-2 5.39963E-2 5.25457E-2 5.41715E-2 6.02124E-2 5.33161E-2 4.82708E-2 3.90677E-2 3.87496E-2 3.79875E-2 3.84023E-2 4.05352E-2 3.70092E-2 4.53702E-2 4.39161E-2 5.60182E-2 4.80446E-2 6.57803E-2 7.24957E-2 6.69982E-2 5.01869E-2 6.6685E-2 9.64452E-2 8.30266E-2 9.67427E-2 1.10615E-1 8.64161E-2 1.0094E-1 5.44201E-2 8.06875E-2 3.29005E-2 2.32326E-2 1.89571E-2 1.08962E-2 1.75963E-2 1.22311E-2 9.29886E-3 6.93887E-3 4.41766E-3 3.29789E-3 2.79591E-3 2.16064E-3
5.69878E-2 4.44889E-2 3.97001E-2 3.77663E-2 3.83728E-2 3.77901E-2 4.23615E-2 3.45413E-2 4.78154E-2 4.74212E-2 5.35696E-2 5.70437E-2 2.92709E-2 6.21076E-2 6.75636E-2 6.4269E-2 5.4612E-2 4.69334E-2 4.38143E-2 4.04436E-2 4.61715E-2 5.00352E-2 6.30417E-2 6.15371E-2 5.67832E-2 5.29354E-2 4.58548E-2 3.72995E-2 3.99954E-2 3.63479E-2 4.22526E-2 4.22435E-2 3.79883E-2 4.67536E-2 5.72907E-2 6.14525E-2 7.53358E-2 5.22694E-2 5.571E-2 5.43662E-2 1.00814E-1 2.69031E-2 4.33032E-2 6.56147E-2 7.39552E-2 5.49363E-2 1.13662E-1 3.91782E-2 9.15334E-2 2.87754E-2 3.74497E-2 3.05556E-2 1.32236E-2 8.20215E-3 1.02847E-2 7.84834E-3 6.45108E-3 3.76454E-3 3.2481E-3 2.9992E-3 2.81289E-3
5.93957E-2 4.86673E-2 4.43611E-2 3.96843E-2 3.99424E-2 3.03323E-2 2.92795E-2 3.25757E-2 5.37607E-2 5.21901E-2 5.59403E-2 4.72735E-2 2.63831E-2 5.38367E-2 7.13368E-2 7.17488E-2 5.48445E-2 4.72014E-2 4.46818E-2 3.82555E-2 4.33585E-2 4.6654E-2 5.83946E-2 4.82461E-2 5.43464E-2 5.19515E-2 4.09471E-2 3.59669E-2 3.41783E-2 3.43116E-2 4.46149E-2 3.90564E-2 4.64821E-2 4.64051E-2 3.22939E-2 7.19505E-2 6.99255E-2 8.0961E-2 5.9945E-2 8.57183E-2 1.78916E-2 1.26455E-2 2.98897E-2 5.87767E-2 7.12024E-2 6.81023E-2 7.47137E-2 3.7035E-2 9.03358E-2 3.08795E-2 4.7003E-2 3.09048E-2 1.08745E-2 7.22668E-3 1.04076E-2 7.59438E-3 4.9151E-3 3.03007E-3 2.43179E-3 2.66829E-3 2.64123E-3
6.05764E-2 5.46166E-2 4.73797E-2 4.50452E-2 4.28974E-2 4.10036E-2 4.50309E-2 4.48792E-2 5.10811E-2 2.98881E-2 5.67334E-2 2.77522E-2 2.85762E-2 6.82014E-2 6.50304E-2 7.25698E-2 5.71651E-2 4.36154E-2 4.2944E-2 3.66681E-2 3.26981E-2 4.55051E-2 5.51518E-2 5.03311E-2 4.45325E-2 4.363E-2 3.62838E-2 3.44438E-2 3.16617E-2 3.82847E-2 4.37998E-2 4.3087E-2 4.14573E-2 4.70796E-2 6.5728E-2 5.78504E-2 7.83882E-2 5.56463E-2 2.50052E-2 2.01038E-2 1.4849E-2 1.7202E-2 4.34975E-2 5.52072E-2 4.61275E-2 6.0829E-2 7.00188E-2 4.43372E-2 9.85372E-2 4.57787E-2 3.09852E-2 1.82413E-2 8.14323E-3 9.26517E-3 8.70157E-3 7.64753E-3 4.80676E-3 3.00636E-3 2.84054E-3 3.24621E-3 3.48306E-3
6.60645E-2 5.82587E-2 5.12771E-2 4.77876E-2 4.43362E-2 4.70011E-2 5.87846E-2 3.69898E-2 2.14646E-2 2.32821E-2 2.96582E-2 1.72675E-2 5.37381E-2 7.28581E-2 6.56152E-2 6.19165E-2 4.5583E-2 3.79304E-2 3.70721E-2 3.50485E-2 4.19924E-2 5.40423E-2 5.02607E-2 4.31629E-2 4.31116E-2 4.1091E-2 3.73082E-2 3.10358E-2 3.61494E-2 3.63252E-2 3.69417E-2 4.41188E-2 2.83759E-2 5.15796E-2 5.73708E-2 2.5543E-2 7.52332E-2 2.01879E-2 1.81976E-2 1.31263E-2 3.41712E-2 1.31872E-1 9.38393E-2 5.98038E-2 4.1898E-2 5.39468E-2 7.21237E-2 1.03733E-1 1.00933E-1 5.55469E-2 2.75291E-2 1.55677E-2 9.06154E-3 1.226E-2 1.05262E-2 7.57292E-3 6.24944E-3 4.63241E-3 4.15945E-3 4.31153E-3 4.31483E-3
7.11909E-2 6.37677E-2 5.49884E-2 5.23248E-2 5.62518E-2 5.98361E-2 1.66362E-2 1.59956E-2 4.60622E-2 1.59061E-2 1.48956E-2 1.41664E-2 5.6899E-2 3.70398E-2 2.97722E-2 2.50912E-2 3.55391E-2 5.53817E-2 4.77518E-2 5.86027E-2 6.38698E-2 5.74283E-2 4.98036E-2 4.98834E-2 4.78531E-2 4.08578E-2 4.11422E-2 3.1347E-2 3.72193E-2 4.07523E-2 3.23868E-2 1.99787E-2 3.7527E-2 4.14262E-2 2.43569E-2 7.18869E-3 1.51985E-2 8.90718E-3 1.05854E-2 3.10225E-2 4.63308E-2 1.45887E-1 1.74032E-1 1.24504E-1 8.17763E-2 7.87509E-2 1.42255E-1 1.01869E-1 6.25341E-2 3.99982E-2 2.60589E-2 1.97743E-2 8.90588E-3 1.26511E-2 1.12151E-2 9.75034E-3 8.40453E-3 7.02802E-3 6.13523E-3 5.90972E-3 4.70618E-3
7.26892E-2 6.47735E-2 6.14981E-2 4.5108E-2 4.05694E-2 2.2224E-2 1.11227E-2 3.23249E-2 5.25342E-2 1.36899E-2 1.90164E-2 2.03392E-2 3.44095E-2 1.33147E-2 3.1793E-2 3.49638E-2 3.35544E-2 6.63795E-2 4.23195E-2 3.40278E-2 5.78286E-2 5.4203E-2 5.67635E-2 5.10074E-2 3.9417E-2 4.1956E-2 4.02665E-2 2.03403E-2 1.73362E-2 4.01868E-2 4.66109E-2 3.4398E-2 5.5694E-2 1.63608E-2 2.13123E-2 8.58494E-3 3.5609E-3 8.61377E-3 2.27841E-2 1.66303E-2 3.3628E-2 9.77116E-2 1.65177E-1 1.7941E-1 1.40923E-1 1.4896E-1 6.48744E-2 1.84353E-1 8.82697E-2 5.76058E-2 3.83633E-2 2.56269E-2 1.35723E-2 1.20396E-2 1.37592E-2 1.17683E-2 8.9032E-3 7.935E-3 6.44554E-3 8.22572E-3 6.32963E-3
8.17066E-2 6.60865E-2 7.26404E-2 6.89414E-2 1.58619E-2 1.6134E-2 1.01413E-2 3.23101E-2 1.71354E-2 1.01224E-2 1.49302E-2 1.4212E-2 1.95921E-2 1.02971E-2 2.96882E-2 1.72391E-2 1.04731E-2 2.93885E-2 2.79691E-2 3.26313E-2 4.58525E-2 6.83847E-2 4.82926E-2 4.87419E-2 5.8043E-2 3.11982E-2 2.3403E-2 2.06353E-2 4.22771E-2 3.9826E-2 4.34225E-2 6.11303E-2 3.53201E-2 4.42637E-2 6.25937E-2 7.4502E-3 6.24634E-3 1.40854E-2 2.50299E-2 2.97848E-2 1.89702E-2 2.08983E-2 9.00041E-2 1.71345E-1 1.55488E-1 2.14644E-1 1.34041E-1 1.73224E-1 9.31711E-2 9.45874E-2 6.98597E-2 4.18794E-2 2.68081E-2 1.78286E-2 1.49427E-2 1.29079E-2 1.02024E-2 1.02288E-2 9.63486E-3 9.45187E-3 9.59792E-3
6.10359E-2 7.28532E-2 5.09584E-2 2.08316E-2 1.00692E-2 9.86428E-3 1.0103E-2 1.9697E-2 1.49285E-2 1.16174E-2 1.65176E-2 1.20777E-2 1.8406E-2 4.81955E-2 2.14039E-2 1.02852E-2 8.07089E-3 1.80025E-2 1.50438E-2 2.23757E-2 2.28486E-2 3.21003E-2 3.7442E-2 4.68748E-2 3.77202E-2 2.17693E-2 1.68253E-2 5.75671E-2 3.85238E-2 2.93786E-2 2.51927E-2 6.86057E-2 2.14559E-2 2.10314E-2 4.92297E-3 3.58284E-3 1.0901E-2 1.46165E-2 3.05275E-2 1.85407E-2 2.41584E-2 1.16568E-2 3.06181E-2 1.07409E-1 1.76985E-1 2.2639E-1 1.09881E-1 1.14661E-1 1.01258E-1 1.0243E-1 8.7438E-2 6.70059E-2 3.73523E-2 2.25964E-2 2.24473E-2 1.9326E-2 1.47697E-2 1.20137E-2 1.0354E-2 8.53527E-3 1.21456E-2
7.73303E-2 4.67762E-2 4.6557E-2 1.75153E-2 1.97682E-2 1.77734E-2 1.91312E-2 2.82016E-2 1.86164E-2 1.71072E-2 1.17677E-2 2.82523E-2 1.38695E-2 4.76665E-2 2.43707E-2 2.4757E-2 1.56379E-2 1.83015E-2 2.88251E-2 1.06295E-2 1.37928E-2 3.58788E-2 1.29175E-2 2.41106E-2 2.1922E-2 2.38016E-2 7.3772E-2 5.50133E-2 5.37238E-2 2.26731E-2 2.54905E-2 4.2824E-2 1.5912E-2 6.43781E-2 4.52106E-3 5.11815E-3 6.22737E-3 6.73222E-3 1.19423E-2 1.06879E-2 9.14635E-3 2.93435E-2 1.93495E-2 5.80262E-2 1.26656E-1 2.43296E-1 7.77419E-2 9.00911E-2 1.66723E-1 9.81319E-2 1.01318E-1 6.81845E-2 3.30038E-2 2.27084E-2 1.48573E-2 1.29634E-2 1.09984E-2 1.30427E-2 1.21099E-2 1.19694E-2 9.80945E-3
2.80078E-2 2.58988E-2 1.89569E-2 3.22514E-2 2.80065E-2 2.92707E-2 3.1403E-2 2.10751E-2 1.61606E-2 2.00326E-2 1.95518E-2 3.39894E-2 2.0188E-2 2.41723E-2 3.95408E-2 2.79419E-2 4.12423E-2 1.03477E-2 2.42406E-2 2.3795E-2 1.21305E-2 2.98832E-2 4.67985E-2 3.84556E-2 2.17405E-2 7.74715E-2 4.78069E-2 4.34287E-2 4.26639E-2 5.89297E-2 7.66626E-2 6.79599E-2 1.3077E-2 8.07053E-2 3.02479E-3 4.31222E-3 4.75328E-3 4.35215E-3 4.0625E-3 5.64072E-3 1.04345E-2 4.60445E-2 1.58094E-2 1.54647E-1 3.1399E-2 1.37924E-1 1.38966E-1 6.69937E-2 1.94107E-1 6.5423E-2 1.03597E-1 8.61297E-2 4.36383E-2 3.33682E-2 3.02525E-2 3.02086E-2 2.96607E-2 2.85079E-2 2.86481E-2 2.7011E-2 2.18199E-2
