data/maxent/outputs/red_160.asc
ncols         426
nrows         180
xllcorner     -130.0
yllcorner     24.0
cellsize      0.16666666666666666
NODATA_value  -9999
[rows 0 to 26 of 180, columns 122 to 182 of 426]
1.18392E-1 1.16439E-1 1.18057E-1 1.1052E-1 1.13081E-1 1.16213E-1 1.22577E-1 1.2754E-1 1.30066E-1 1.30928E-1 1.29522E-1 1.3171E-1 1.33866E-1 1.32747E-1 1.33899E-1 1.30954E-1 1.30415E-1 1.2504E-1 1.19433E-1 1.18584E-1 1.19426E-1 1.16181E-1 1.15589E-1 1.169E-1 1.08241E-1 1.07213E-1 9.47053E-2 8.83703E-2 8.98377E-2 9.08928E-2 9.20823E-2 8.90216E-2 8.93571E-2 8.5425E-2 8.48306E-2 8.6224E-2 8.65332E-2 9.03365E-2 8.81047E-2 8.77055E-2 8.48277E-2 8.19062E-2 7.66098E-2 7.39283E-2 7.20694E-2 6.78092E-2 6.53072E-2 6.14236E-2 5.98275E-2 5.79328E-2 5.8706E-2 5.9774E-2 5.98392E-2 5.86861E-2 6.23054E-2 6.56277E-2 6.77357E-2 6.2651E-2 6.4683E-2 6.12583E-2 5.85711E-2
1.07335E-1 1.04322E-1 9.97721E-2 9.94213E-2 1.03063E-1 1.07626E-1 1.13116E-1 1.17804E-1 1.30142E-1 1.39189E-1 1.37052E-1 1.33646E-1 1.31533E-1 1.33443E-1 1.3695E-1 1.34783E-1 1.31776E-1 1.30264E-1 1.22854E-1 1.16523E-1 1.22896E-1 1.23461E-1 1.23422E-1 1.17922E-1 1.14053E-1 1.20601E-1 1.09254E-1 1.01125E-1 1.04565E-1 9.95934E-2 1.00019E-1 1.03369E-1 1.00918E-1 1.05426E-1 9.69626E-2 9.41005E-2 9.37642E-2 9.62225E-2 9.63411E-2 9.49444E-2 9.47277E-2 9.12523E-2 8.37979E-2 8.12456E-2 7.92071E-2 7.81048E-2 7.23159E-2 6.5691E-2 6.27635E-2 6.05258E-2 6.04247E-2 6.58859E-2 6.87474E-2 6.97889E-2 7.20093E-2 7.30691E-2 7.18817E-2 6.85734E-2 6.62534E-2 6.88095E-2 6.68333E-2
1.11202E-1 1.07026E-1 9.58041E-2 9.67646E-2 1.04909E-1 1.07787E-1 1.14861E-1 1.18491E-1 1.23342E-1 1.27356E-1 1.40271E-1 1.37917E-1 1.34767E-1 1.32647E-1 1.36103E-1 1.37016E-1 1.39669E-1 1.38229E-1 1.33699E-1 1.26684E-1 1.22368E-1 1.23387E-1 1.23628E-1 1.19465E-1 1.13425E-1 1.18161E-1 1.15653E-1 1.12013E-1 1.0733E-1 1.07457E-1 1.00317E-1 9.36509E-2 9.34113E-2 9.29148E-2 9.58456E-2 1.10183E-1 1.06849E-1 1.00674E-1 1.02687E-1 1.01745E-1 9.8713E-2 9.81248E-2 9.30948E-2 9.40529E-2 9.28153E-2 9.99706E-2 7.97932E-2 7.11958E-2 6.8265E-2 6.95244E-2 7.26238E-2 7.83352E-2 8.03788E-2 7.52621E-2 7.95308E-2 7.70263E-2 7.825E-2 7.47996E-2 7.65234E-2 6.96447E-2 6.88721E-2
1.28348E-1 1.21083E-1 1.10075E-1 1.04518E-1 1.10327E-1 1.1292E-1 1.13758E-1 1.17142E-1 1.1988E-1 1.23169E-1 1.32028E-1 1.40775E-1 1.45025E-1 1.35408E-1 1.32858E-1 1.42041E-1 1.40364E-1 1.40684E-1 1.40106E-1 1.37248E-1 1.34769E-1 1.30862E-1 1.26578E-1 1.20704E-1 1.20312E-1 1.18835E-1 1.16697E-1 1.13627E-1 1.10338E-1 1.1135E-1 1.06242E-1 1.02162E-1 1.01242E-1 9.91169E-2 1.00716E-1 1.02881E-1 1.11405E-1 1.08983E-1 1.10375E-1 1.07874E-1 1.04859E-1 1.03069E-1 9.37645E-2 7.62813E-2 8.26164E-2 1.08114E-1 9.06412E-2 8.13013E-2 7.78806E-2 7.73934E-2 8.11989E-2 8.65914E-2 9.69738E-2 1.00446E-1 9.72306E-2 9.2329E-2 8.88379E-2 8.4407E-2 7.66873E-2 7.67475E-2 7.45679E-2
1.42027E-1 1.37849E-1 1.34845E-1 1.26276E-1 1.28491E-1 1.29131E-1 1.28834E-1 1.25868E-1 1.23898E-1 1.27289E-1 1.28626E-1 1.31359E-1 1.34718E-1 1.38914E-1 1.38246E-1 1.39965E-1 1.41683E-1 1.46207E-1 1.50553E-1 1.45508E-1 1.34595E-1 1.34573E-1 1.32299E-1 1.33682E-1 1.32349E-1 1.28552E-1 1.26502E-1 1.23951E-1 1.22186E-1 1.22507E-1 1.19054E-1 1.17352E-1 1.12812E-1 1.06859E-1 1.13125E-1 1.17849E-1 1.20913E-1 1.20565E-1 1.19303E-1 1.19575E-1 1.06332E-1 8.941E-2 7.77461E-2 7.03531E-2 1.03985E-1 1.1438E-1 9.39758E-2 8.93583E-2 9.26047E-2 9.22613E-2 9.41601E-2 9.93076E-2 9.87701E-2 1.03124E-1 1.10316E-1 1.1174E-1 9.94615E-2 8.84362E-2 8.60414E-2 8.7462E-2 8.94607E-2
1.60326E-1 1.53238E-1 1.55199E-1 1.42066E-1 1.37655E-1 1.37982E-1 1.37756E-1 1.40113E-1 1.33422E-1 1.35978E-1 1.37511E-1 1.33216E-1 1.27436E-1 1.27742E-1 1.34425E-1 1.44068E-1 1.48393E-1 1.514E-1 1.52044E-1 1.49149E-1 1.34715E-1 1.29408E-1 1.3438E-1 1.34562E-1 1.37303E-1 1.38611E-1 1.36375E-1 1.30422E-1 1.26355E-1 1.19005E-1 1.17581E-1 1.2042E-1 1.24724E-1 1.25806E-1 1.24309E-1 1.25876E-1 1.22675E-1 1.14993E-1 1.12402E-1 1.02083E-1 9.14201E-2 8.76291E-2 9.32197E-2 1.11164E-1 1.27697E-1 1.10426E-1 1.01948E-1 1.03045E-1 1.12066E-1 1.21357E-1 1.22304E-1 1.39039E-1 1.26536E-1 1.23026E-1 1.26857E-1 1.10737E-1 1.0731E-1 1.01697E-1 9.66649E-2 9.09033E-2 9.25664E-2
1.52517E-1 1.64909E-1 1.58124E-1 1.57382E-1 1.50441E-1 1.41731E-1 1.38546E-1 1.35365E-1 1.38909E-1 1.49397E-1 1.56738E-1 1.51732E-1 1.35992E-1 1.34244E-1 1.34669E-1 1.46281E-1 1.5476E-1 1.5719E-1 1.57714E-1 1.51231E-1 1.3931E-1 1.30158E-1 1.35446E-1 1.41204E-1 1.38892E-1 1.39796E-1 1.42028E-1 1.43328E-1 1.39489E-1 1.30177E-1 1.25957E-1 1.30016E-1 1.31338E-1 1.35697E-1 1.30631E-1 1.20846E-1 1.13541E-1 1.11097E-1 1.05409E-1 1.00693E-1 1.02787E-1 1.02149E-1 1.13051E-1 1.1501E-1 1.21506E-1 1.10105E-1 1.20627E-1 1.29807E-1 1.41039E-1 1.49924E-1 1.41433E-1 1.51912E-1 1.48329E-1 1.33959E-1 1.32704E-1 1.3446E-1 1.14044E-1 8.88613E-2 9.69357E-2 9.55774E-2 9.58888E-2
1.47972E-1 1.44618E-1 1.51568E-1 1.4928E-1 1.4833E-1 1.39748E-1 1.37171E-1 1.45219E-1 1.48109E-1 1.5612E-1 1.58389E-1 1.57429E-1 1.49641E-1 1.43293E-1 1.47126E-1 1.5277E-1 1.56956E-1 1.64726E-1 1.61343E-1 1.52035E-1 1.40742E-1 1.43207E-1 1.41509E-1 1.40085E-1 1.38892E-1 1.33256E-1 1.38829E-1 1.38972E-1 1.35325E-1 1.32604E-1 1.26989E-1 1.25875E-1 1.26619E-1 1.31006E-1 1.33212E-1 1.23192E-1 1.22154E-1 1.22936E-1 1.12724E-1 1.09689E-1 1.09657E-1 1.16057E-1 1.17459E-1 1.16153E-1 1.16409E-1 1.28822E-1 1.34107E-1 1.34764E-1 1.30806E-1 1.19993E-1 1.42353E-1 1.59639E-1 1.6176E-1 1.4864E-1 1.39603E-1 1.4578E-1 1.26634E-1 1.30791E-1 9.46088E-2 9.68473E-2 1.04832E-1
1.64236E-1 1.55354E-1 1.38244E-1 1.30374E-1 1.34433E-1 1.29863E-1 1.28831E-1 1.36688E-1 1.41175E-1 1.63001E-1 1.79789E-1 1.73692E-1 1.58219E-1 1.47048E-1 1.50706E-1 1.50787E-1 1.53019E-1 1.50769E-1 1.49122E-1 1.45908E-1 1.47559E-1 1.50715E-1 1.45649E-1 1.38209E-1 1.39942E-1 1.36514E-1 1.36789E-1 1.34416E-1 1.26969E-1 1.23641E-1 1.22831E-1 1.2536E-1 1.26057E-1 1.31519E-1 1.36377E-1 1.32967E-1 1.30101E-1 1.27543E-1 1.18424E-1 1.21195E-1 1.259E-1 1.2736E-1 1.28673E-1 1.31051E-1 1.23657E-1 1.18361E-1 1.02511E-1 9.70845E-2 9.31932E-2 9.81056E-2 1.14271E-1 1.49028E-1 1.60493E-1 1.54609E-1 1.46601E-1 1.51109E-1 1.32184E-1 1.37625E-1 1.21537E-1 9.91531E-2 1.09227E-1
1.56683E-1 1.47168E-1 1.39663E-1 1.26575E-1 1.21175E-1 1.22578E-1 1.21993E-1 1.23642E-1 1.32291E-1 1.41142E-1 1.54176E-1 1.70558E-1 1.66212E-1 1.55599E-1 1.54468E-1 1.52621E-1 1.46413E-1 1.41745E-1 1.42467E-1 1.46771E-1 1.48832E-1 1.50553E-1 1.46041E-1 1.43087E-1 1.40895E-1 1.36817E-1 1.35864E-1 1.40329E-1 1.33025E-1 1.3274E-1 1.3304E-1 1.32791E-1 1.30848E-1 1.34527E-1 1.34514E-1 1.33343E-1 1.2857E-1 1.2009E-1 1.16774E-1 1.21078E-1 1.27257E-1 1.30184E-1 1.27423E-1 1.22525E-1 1.17157E-1 1.05616E-1 9.9318E-2 1.01427E-1 1.03261E-1 1.17215E-1 1.32824E-1 1.55626E-1 1.49096E-1 1.64381E-1 1.55145E-1 1.62001E-1 1.4111E-1 1.45616E-1 1.3962E-1 1.17083E-1 1.15952E-1
1.4879E-1 1.36079E-1 1.32593E-1 1.27437E-1 1.18104E-1 1.18632E-1 1.19718E-1 1.24676E-1 1.32963E-1 1.40698E-1 1.44787E-1 1.58425E-1 1.73122E-1 1.62239E-1 1.52129E-1 1.47392E-1 1.42481E-1 1.32626E-1 1.38536E-1 1.41073E-1 1.4322E-1 1.41881E-1 1.43568E-1 1.42727E-1 1.44375E-1 1.40781E-1 1.40083E-1 1.32872E-1 1.32721E-1 1.35935E-1 1.36275E-1 1.38253E-1 1.40623E-1 1.45014E-1 1.45077E-1 1.42022E-1 1.38949E-1 1.25688E-1 1.17026E-1 1.19515E-1 1.23418E-1 1.26645E-1 1.14585E-1 1.18141E-1 1.20115E-1 1.10454E-1 1.07864E-1 1.24634E-1 1.29285E-1 1.43394E-1 1.56283E-1 1.51725E-1 1.51568E-1 1.67247E-1 1.67424E-1 1.63962E-1 1.51526E-1 1.43E-1 1.27264E-1 1.2542E-1 1.17739E-1
1.31598E-1 1.24825E-1 1.16911E-1 1.09254E-1 1.1277E-1 1.16569E-1 1.22138E-1 1.30719E-1 1.37661E-1 1.44693E-1 1.53948E-1 1.67182E-1 1.71439E-1 1.61608E-1 1.56062E-1 1.48323E-1 1.41065E-1 1.39759E-1 1.41553E-1 1.35665E-1 1.42087E-1 1.45515E-1 1.45689E-1 1.50841E-1 1.49295E-1 1.40029E-1 1.3732E-1 1.33321E-1 1.34518E-1 1.41592E-1 1.41682E-1 1.4208E-1 1.43451E-1 1.50444E-1 1.52192E-1 1.48701E-1 1.43787E-1 1.33445E-1 1.22012E-1 1.16948E-1 1.25316E-1 1.19552E-1 1.12382E-1 1.10671E-1 1.13474E-1 1.14079E-1 1.15962E-1 1.29495E-1 1.34383E-1 1.37524E-1 1.46805E-1 1.56917E-1 1.58262E-1 1.69349E-1 1.72475E-1 1.68423E-1 1.63612E-1 1.49263E-1 1.31139E-1 1.26909E-1 1.25853E-1
1.11937E-1 1.13612E-1 1.09952E-1 1.11155E-1 1.07339E-1 1.15202E-1 1.18849E-1 1.24177E-1 1.30232E-1 1.35757E-1 1.58337E-1 1.71752E-1 1.78767E-1 1.63886E-1 1.56204E-1 1.45152E-1 1.3355E-1 1.33541E-1 1.37618E-1 1.36249E-1 1.41138E-1 1.52292E-1 1.57863E-1 1.60677E-1 1.54557E-1 1.47157E-1 1.39996E-1 1.37312E-1 1.39362E-1 1.42101E-1 1.46101E-1 1.4422E-1 1.39878E-1 1.52963E-1 1.52124E-1 1.5335E-1 1.48856E-1 1.44337E-1 1.36218E-1 1.27099E-1 1.25036E-1 1.25721E-1 1.21367E-1 1.21147E-1 1.20731E-1 1.25151E-1 1.2987E-1 1.29344E-1 1.35154E-1 1.3995E-1 1.40795E-1 1.32511E-1 1.20801E-1 1.37028E-1 1.7545E-1 1.76656E-1 1.63054E-1 1.59354E-1 1.44205E-1 1.34755E-1 1.33309E-1
1.08287E-1 1.07235E-1 1.11361E-1 1.10199E-1 1.08522E-1 1.15578E-1 1.2074E-1 1.24962E-1 1.2086E-1 1.24481E-1 1.40081E-1 1.60614E-1 1.80132E-1 1.73757E-1 1.52361E-1 1.40461E-1 1.30116E-1 1.31129E-1 1.34928E-1 1.33547E-1 1.36893E-1 1.48144E-1 1.61432E-1 1.67124E-1 1.64215E-1 1.56988E-1 1.45525E-1 1.36317E-1 1.36501E-1 1.40309E-1 1.47489E-1 1.5005E-1 1.48051E-1 1.5746E-1 1.64579E-1 1.65366E-1 1.62508E-1 1.51765E-1 1.46009E-1 1.38579E-1 1.40132E-1 1.39428E-1 1.39573E-1 1.32752E-1 1.30821E-1 1.31671E-1 1.37134E-1 1.32733E-1 1.24057E-1 1.26004E-1 1.25189E-1 1.17353E-1 1.14982E-1 1.30678E-1 1.66542E-1 1.65948E-1 1.64838E-1 1.64119E-1 1.50254E-1 1.44694E-1 1.42007E-1
1.1146E-1 1.14657E-1 1.12657E-1 1.14855E-1 1.1203E-1 1.09613E-1 1.17252E-1 1.30514E-1 1.33568E-1 1.26865E-1 1.32048E-1 1.47703E-1 1.64068E-1 1.65948E-1 1.57924E-1 1.47828E-1 1.32927E-1 1.29148E-1 1.31769E-1 1.30585E-1 1.29127E-1 1.35585E-1 1.49496E-1 1.64089E-1 1.72911E-1 1.72946E-1 1.58999E-1 1.43867E-1 1.37449E-1 1.41981E-1 1.39689E-1 1.36458E-1 1.42798E-1 1.52983E-1 1.66166E-1 1.67615E-1 1.68896E-1 1.66786E-1 1.64438E-1 1.59086E-1 1.5323E-1 1.53193E-1 1.5499E-1 1.56573E-1 1.50904E-1 1.4175E-1 1.31648E-1 1.231E-1 1.1606E-1 1.16779E-1 1.19426E-1 1.20504E-1 1.18699E-1 1.26041E-1 1.55367E-1 1.6128E-1 1.65931E-1 1.65848E-1 1.64547E-1 1.58984E-1 1.50913E-1
1.15048E-1 1.21075E-1 1.19301E-1 1.13907E-1 1.15332E-1 1.19069E-1 1.23839E-1 1.3828E-1 1.40795E-1 1.49046E-1 1.44422E-1 1.48725E-1 1.58687E-1 1.7073E-1 1.64569E-1 1.55235E-1 1.4436E-1 1.358E-1 1.33102E-1 1.38618E-1 1.39145E-1 1.39E-1 1.51806E-1 1.57312E-1 1.74424E-1 1.84142E-1 1.69584E-1 1.5703E-1 1.51746E-1 1.48884E-1 1.40531E-1 1.34757E-1 1.50384E-1 1.57385E-1 1.63968E-1 1.67817E-1 1.66947E-1 1.68059E-1 1.6711E-1 1.72947E-1 1.72155E-1 1.59124E-1 1.59388E-1 1.60686E-1 1.60043E-1 1.57356E-1 1.55456E-1 1.37329E-1 1.11699E-1 1.0782E-1 1.12372E-1 1.26075E-1 1.29948E-1 1.35405E-1 1.62074E-1 1.67321E-1 1.63896E-1 1.72393E-1 1.73404E-1 1.66955E-1 1.73438E-1
1.26116E-1 1.2865E-1 1.24721E-1 1.14848E-1 1.08814E-1 1.16764E-1 1.29432E-1 1.45194E-1 1.5619E-1 1.64336E-1 1.63916E-1 1.63766E-1 1.71696E-1 1.7121E-1 1.70153E-1 1.66285E-1 1.58323E-1 1.4088E-1 1.38396E-1 1.48649E-1 1.48849E-1 1.50013E-1 1.62192E-1 1.69312E-1 1.81965E-1 1.95406E-1 1.92149E-1 1.80586E-1 1.717E-1 1.61516E-1 1.53995E-1 1.53632E-1 1.54406E-1 1.61344E-1 1.70557E-1 1.70588E-1 1.70835E-1 1.68086E-1 1.68288E-1 1.7594E-1 1.76863E-1 1.7322E-1 1.62217E-1 1.6829E-1 1.6362E-1 1.62603E-1 1.56685E-1 1.50061E-1 1.46087E-1 1.3264E-1 1.34872E-1 1.4531E-1 1.53231E-1 1.6154E-1 1.67265E-1 1.71671E-1 1.78124E-1 1.80767E-1 1.8547E-1 1.61114E-1 1.73655E-1
1.3606E-1 1.34332E-1 1.30862E-1 1.29774E-1 1.27043E-1 1.23138E-1 1.30589E-1 1.48796E-1 1.72386E-1 1.81984E-1 1.74089E-1 1.76266E-1 1.70534E-1 1.70082E-1 1.77896E-1 1.68353E-1 1.62539E-1 1.66098E-1 1.6213E-1 1.6203E-1 1.65877E-1 1.70431E-1 1.76373E-1 1.94748E-1 2.0169E-1 2.07647E-1 2.02301E-1 1.93797E-1 1.83642E-1 1.72571E-1 1.76173E-1 1.7769E-1 1.73759E-1 1.74821E-1 1.74657E-1 1.74163E-1 1.74678E-1 1.75648E-1 1.77483E-1 1.82389E-1 1.79396E-1 1.75699E-1 1.73324E-1 1.75023E-1 1.74963E-1 1.6974E-1 1.65689E-1 1.59913E-1 1.58928E-1 1.54368E-1 1.47501E-1 1.52586E-1 1.63046E-1 1.72453E-1 1.72495E-1 1.74634E-1 1.76389E-1 1.83001E-1 1.89507E-1 1.85127E-1 1.76571E-1
1.65328E-1 1.59617E-1 1.44342E-1 1.39298E-1 1.36603E-1 1.43931E-1 1.58855E-1 1.64738E-1 1.76257E-1 1.70336E-1 1.6784E-1 1.79738E-1 1.78492E-1 1.75883E-1 1.73604E-1 1.7654E-1 1.86561E-1 1.78102E-1 1.86299E-1 1.8633E-1 1.92413E-1 1.91938E-1 1.94478E-1 2.02098E-1 2.25275E-1 2.25848E-1 2.20251E-1 2.07878E-1 1.97277E-1 1.91664E-1 1.99203E-1 1.94076E-1 1.90943E-1 1.84893E-1 1.83079E-1 1.78677E-1 1.75151E-1 1.77397E-1 1.80624E-1 1.79395E-1 1.82697E-1 1.79447E-1 1.81851E-1 1.84215E-1 1.88478E-1 1.81715E-1 1.784E-1 1.70539E-1 1.63602E-1 1.63587E-1 1.49385E-1 1.38549E-1 1.50642E-1 1.52655E-1 1.50645E-1 1.48085E-1 1.47472E-1 1.3406E-1 1.43692E-1 1.78049E-1 1.95782E-1
2.13139E-1 1.85758E-1 1.67169E-1 1.65386E-1 1.61777E-1 1.69448E-1 1.89438E-1 1.91566E-1 1.83782E-1 1.83999E-1 1.8298E-1 1.77885E-1 1.86928E-1 1.9749E-1 1.94648E-1 1.99324E-1 1.91631E-1 1.98113E-1 1.9386E-1 1.97956E-1 1.88413E-1 1.88745E-1 2.0019E-1 2.11878E-1 2.2549E-1 2.24679E-1 2.22714E-1 2.11252E-1 2.02985E-1 2.06406E-1 2.05766E-1 2.07662E-1 2.02291E-1 1.95212E-1 1.9373E-1 1.9831E-1 1.89547E-1 1.84538E-1 1.82487E-1 1.8253E-1 1.8748E-1 1.87379E-1 1.83857E-1 1.88038E-1 1.90236E-1 1.93642E-1 1.92795E-1 1.81163E-1 1.74234E-1 1.71496E-1 1.56454E-1 1.42792E-1 1.43337E-1 1.3849E-1 1.42711E-1 1.41819E-1 1.34034E-1 1.26912E-1 1.24596E-1 1.25061E-1 1.71931E-1
2.05198E-1 1.99116E-1 1.7196E-1 1.78583E-1 1.81849E-1 1.94843E-1 2.0864E-1 2.17093E-1 2.15278E-1 2.0979E-1 2.2456E-1 2.26551E-1 2.26003E-1 2.05728E-1 1.909E-1 1.88902E-1 1.89517E-1 2.07532E-1 2.04554E-1 1.96878E-1 1.89123E-1 1.89409E-1 1.96224E-1 2.214E-1 2.24932E-1 2.22752E-1 2.19858E-1 2.0639E-1 2.01551E-1 2.04542E-1 2.03578E-1 1.94049E-1 1.88122E-1 1.82913E-1 1.83622E-1 1.92452E-1 2.01893E-1 1.98467E-1 1.92146E-1 1.93948E-1 1.93375E-1 1.87948E-1 1.89611E-1 1.97322E-1 2.00928E-1 2.02515E-1 2.04094E-1 2.03315E-1 1.93958E-1 1.8903E-1 1.7089E-1 1.57873E-1 1.52365E-1 1.46008E-1 1.39638E-1 1.37816E-1 1.31952E-1 1.24731E-1 1.15765E-1 1.22297E-1 1.3939E-1
2.16239E-1 1.97744E-1 1.98732E-1 2.01434E-1 2.17956E-1 2.27538E-1 2.35576E-1 2.33817E-1 2.28306E-1 2.27494E-1 2.30683E-1 2.41486E-1 2.43249E-1 2.23797E-1 2.05572E-1 1.96195E-1 1.92688E-1 1.99562E-1 2.03153E-1 1.93752E-1 1.95906E-1 1.93948E-1 2.20669E-1 2.44728E-1 2.45778E-1 2.34806E-1 2.25796E-1 2.19191E-1 2.08407E-1 2.03709E-1 2.28985E-1 2.08499E-1 1.99028E-1 1.83735E-1 1.83433E-1 1.90194E-1 1.96208E-1 1.93774E-1 1.97464E-1 1.90375E-1 1.87489E-1 1.78642E-1 1.8099E-1 1.94057E-1 2.03118E-1 1.96141E-1 1.94719E-1 2.0873E-1 2.09956E-1 2.07763E-1 1.9893E-1 1.76304E-1 1.65772E-1 1.64971E-1 1.57471E-1 1.41212E-1 1.34531E-1 1.3353E-1 1.25712E-1 1.22462E-1 1.51339E-1
2.2911E-1 2.16906E-1 2.16828E-1 2.39277E-1 2.55665E-1 2.65274E-1 2.6834E-1 2.68838E-1 2.51777E-1 2.59216E-1 2.68283E-1 2.71616E-1 2.61467E-1 2.58293E-1 2.44142E-1 2.19944E-1 2.00761E-1 1.91383E-1 2.02309E-1 2.0476E-1 1.97885E-1 1.85607E-1 1.96746E-1 2.19764E-1 2.52858E-1 2.39907E-1 2.32699E-1 2.23055E-1 2.17967E-1 2.15098E-1 2.25896E-1 2.20758E-1 2.15961E-1 2.02206E-1 1.90308E-1 1.90195E-1 1.92524E-1 1.87685E-1 1.89616E-1 1.85768E-1 1.84447E-1 1.82244E-1 1.83254E-1 1.95581E-1 2.01405E-1 1.96342E-1 1.95893E-1 2.09837E-1 2.15797E-1 2.16888E-1 2.15652E-1 2.03035E-1 1.84338E-1 1.75918E-1 1.70786E-1 1.56135E-1 1.47267E-1 1.4386E-1 1.40092E-1 1.53974E-1 1.87659E-1
2.63961E-1 2.66329E-1 2.85415E-1 2.93135E-1 3.07825E-1 3.23644E-1 3.09388E-1 2.97311E-1 2.82353E-1 2.69807E-1 2.67856E-1 2.58811E-1 2.5178E-1 2.63285E-1 2.51685E-1 2.38912E-1 2.06652E-1 1.84308E-1 2.07505E-1 2.23659E-1 2.24715E-1 2.40414E-1 2.257E-1 2.14361E-1 2.2621E-1 2.46838E-1 2.49329E-1 2.4023E-1 2.22464E-1 2.29579E-1 2.4026E-1 2.4051E-1 2.29534E-1 2.15185E-1 2.07344E-1 2.03218E-1 1.98576E-1 1.9775E-1 1.96811E-1 1.92051E-1 1.8805E-1 1.90844E-1 1.89853E-1 1.93048E-1 1.87423E-1 1.84587E-1 1.93973E-1 2.08765E-1 2.23511E-1 2.2659E-1 2.22938E-1 2.17708E-1 2.12588E-1 1.98472E-1 1.90324E-1 1.78742E-1 1.71182E-1 1.66205E-1 1.5668E-1 1.8029E-1 1.93025E-1
3.21104E-1 3.38189E-1 3.54891E-1 3.63483E-1 3.79021E-1 3.7785E-1 3.54462E-1 2.98663E-1 2.83678E-1 2.7808E-1 2.75286E-1 2.69724E-1 2.68844E-1 2.55606E-1 2.32195E-1 2.2005E-1 2.17101E-1 2.30863E-1 2.45882E-1 2.46395E-1 2.49649E-1 2.46978E-1 2.46456E-1 2.32774E-1 2.26379E-1 2.20848E-1 2.28011E-1 2.39293E-1 2.52943E-1 2.94869E-1 2.85918E-1 2.65427E-1 2.46145E-1 2.34383E-1 2.19562E-1 2.09965E-1 2.13934E-1 2.12752E-1 2.10475E-1 2.07135E-1 1.98521E-1 1.86167E-1 1.80194E-1 1.89239E-1 1.87018E-1 1.84691E-1 1.93593E-1 2.10666E-1 2.236E-1 2.34405E-1 2.39397E-1 2.29626E-1 2.27999E-1 2.24355E-1 2.17615E-1 2.1146E-1 2.04886E-1 1.9528E-1 1.9757E-1 2.03774E-1 2.15469E-1
3.76609E-1 3.9128E-1 3.90331E-1 3.75754E-1 3.80308E-1 3.69887E-1 3.40994E-1 2.99668E-1 2.79764E-1 2.70788E-1 2.6345E-1 2.64291E-1 2.57969E-1 2.56764E-1 2.55598E-1 2.39524E-1 2.29164E-1 2.36266E-1 2.56263E-1 2.78269E-1 2.79285E-1 2.76444E-1 2.72685E-1 2.65008E-1 2.43529E-1 2.21936E-1 2.01758E-1 2.01113E-1 2.32905E-1 2.97884E-1 3.13188E-1 3.23941E-1 3.07759E-1 2.61456E-1 2.37847E-1 2.24396E-1 2.18033E-1 2.22761E-1 2.1895E-1 2.18426E-1 2.09267E-1 2.01318E-1 1.88203E-1 1.84478E-1 1.8319E-1 1.91945E-1 2.03953E-1 2.18118E-1 2.31216E-1 2.3907E-1 2.43456E-1 2.38694E-1 2.36501E-1 2.42808E-1 2.40862E-1 2.33738E-1 2.25568E-1 2.22741E-1 2.27426E-1 2.34766E-1 2.33616E-1
3.57163E-1 3.39564E-1 3.03822E-1 3.2242E-1 3.65189E-1 3.56306E-1 3.17817E-1 3.02671E-1 2.81742E-1 2.68844E-1 2.51894E-1 2.46557E-1 2.59978E-1 2.64122E-1 2.62042E-1 2.47549E-1 2.46165E-1 2.46212E-1 2.69582E-1 2.91226E-1 2.94337E-1 3.04692E-1 3.02938E-1 2.93806E-1 2.87499E-1 2.80503E-1 2.61655E-1 2.54507E-1 2.52506E-1 3.04356E-1 3.28005E-1 3.21457E-1 3.18389E-1 2.9642E-1 2.52408E-1 2.30846E-1 2.28214E-1 2.29894E-1 2.31452E-1 2.30257E-1 2.22016E-1 2.09777E-1 2.0098E-1 1.91937E-1 1.90105E-1 2.03596E-1 2.21553E-1 2.31398E-1 2.40736E-1 2.43384E-1 2.4467E-1 2.46274E-1 2.50714E-1 2.50699E-1 2.50508E-1 2.4459E-1 2.4309E-1 2.27311E-1 2.33976E-1 2.39512E-1 2.47315E-1
