data/maxent/outputs/red_12.asc
ncols         426
nrows         180
xllcorner     -130.0
yllcorner     24.0
cellsize      0.16666666666666666
NODATA_value  -9999
[rows 108 to 134 of 180, columns 183 to 243 of 426]
1.04532E-2 1.1434E-2 1.30072E-2 1.45612E-2 1.54463E-2 1.61041E-2 1.94382E-2 2.35233E-2 2.80222E-2 3.27194E-2 3.63468E-2 4.22862E-2 4.85108E-2 4.89265E-2 4.73323E-2 4.75237E-2 4.7792E-2 5.20172E-2 5.40881E-2 5.35866E-2 4.99351E-2 5.07932E-2 5.33266E-2 5.30162E-2 5.36104E-2 5.61468E-2 4.87432E-2 4.83986E-2 4.79263E-2 4.59053E-2 4.27509E-2 4.02901E-2 3.91883E-2 3.92422E-2 3.93193E-2 3.97625E-2 4.07643E-2 4.29854E-2 4.5986E-2 4.74444E-2 4.32211E-2 3.89485E-2 4.08392E-2 4.5995E-2 5.14819E-2 5.19476E-2 5.08385E-2 5.06373E-2 4.86698E-2 4.98002E-2 4.8921E-2 4.6701E-2 4.73337E-2 4.55159E-2 4.99282E-2 5.21171E-2 5.9642E-2 6.31553E-2 6.60143E-2 6.37727E-2 5.7342E-2
1.11755E-2 1.28128E-2 1.42909E-2 1.54728E-2 1.71136E-2 1.95229E-2 2.14696E-2 2.37756E-2 2.84532E-2 3.48771E-2 4.16162E-2 4.92874E-2 5.57051E-2 5.47981E-2 5.41839E-2 5.53238E-2 5.56867E-2 5.94033E-2 6.24838E-2 5.93299E-2 5.50217E-2 5.34619E-2 5.50212E-2 5.6463E-2 5.7099E-2 5.6932E-2 5.41293E-2 5.60821E-2 5.25469E-2 5.03141E-2 4.77704E-2 4.51755E-2 4.26139E-2 4.17491E-2 4.16769E-2 4.20609E-2 4.42825E-2 4.73781E-2 4.72362E-2 4.58485E-2 4.40417E-2 4.13237E-2 4.19452E-2 4.21144E-2 4.37933E-2 4.80978E-2 5.28353E-2 5.67935E-2 5.38869E-2 5.28479E-2 5.19594E-2 5.0211E-2 4.97054E-2 5.01517E-2 5.4473E-2 5.52814E-2 5.89262E-2 6.38655E-2 6.60841E-2 6.06142E-2 5.49941E-2
1.42032E-2 1.59703E-2 1.70605E-2 1.93159E-2 2.12885E-2 2.26617E-2 2.47238E-2 2.5803E-2 2.87126E-2 3.52896E-2 4.54265E-2 5.4638E-2 5.95418E-2 5.77908E-2 5.76571E-2 5.91428E-2 6.15396E-2 6.43721E-2 6.57456E-2 6.29817E-2 6.12119E-2 6.06875E-2 5.96426E-2 5.81623E-2 5.8523E-2 5.96064E-2 6.04638E-2 5.86194E-2 5.59755E-2 5.57304E-2 5.40758E-2 4.99181E-2 4.75677E-2 4.6886E-2 4.62699E-2 4.89218E-2 5.29247E-2 5.82963E-2 5.94139E-2 5.62161E-2 4.99066E-2 4.75998E-2 4.92464E-2 5.47533E-2 5.42732E-2 4.91492E-2 5.00385E-2 5.35744E-2 5.58352E-2 5.68069E-2 5.42872E-2 5.42854E-2 5.37522E-2 5.34084E-2 5.67705E-2 5.72848E-2 5.57465E-2 5.78957E-2 5.59489E-2 5.47169E-2 5.34275E-2
1.62604E-2 1.72531E-2 1.96404E-2 2.26621E-2 2.44995E-2 2.75197E-2 2.76178E-2 3.1303E-2 3.60238E-2 4.47704E-2 5.07296E-2 5.55272E-2 5.68867E-2 5.97448E-2 6.03881E-2 6.08833E-2 6.24752E-2 6.48838E-2 6.54136E-2 6.66289E-2 6.74414E-2 6.99609E-2 7.21904E-2 7.22179E-2 6.46048E-2 6.08852E-2 6.38234E-2 7.36452E-2 6.70712E-2 6.13217E-2 6.31177E-2 5.8598E-2 5.58796E-2 5.23456E-2 5.6487E-2 6.19951E-2 6.41195E-2 6.43487E-2 6.9247E-2 6.83279E-2 5.93011E-2 5.39907E-2 5.32298E-2 5.35833E-2 5.78298E-2 5.6169E-2 5.70511E-2 5.44395E-2 5.91756E-2 5.81165E-2 5.80066E-2 5.61702E-2 5.49732E-2 5.59576E-2 5.63037E-2 5.61005E-2 5.65147E-2 5.4209E-2 5.08729E-2 5.18239E-2 5.26209E-2
1.85947E-2 1.90374E-2 2.16225E-2 2.5741E-2 2.95994E-2 3.36216E-2 3.62096E-2 3.85846E-2 4.13061E-2 4.84386E-2 5.3521E-2 5.81464E-2 6.08467E-2 6.7064E-2 6.52786E-2 6.63901E-2 6.78656E-2 6.877E-2 6.6844E-2 7.1638E-2 7.69511E-2 7.68037E-2 7.66788E-2 8.04333E-2 7.08167E-2 6.70306E-2 6.92079E-2 7.36237E-2 7.16438E-2 6.95425E-2 6.45225E-2 6.18441E-2 6.11864E-2 6.15011E-2 6.36183E-2 6.53906E-2 6.41225E-2 6.98278E-2 7.18504E-2 6.9463E-2 6.59298E-2 6.47898E-2 6.43405E-2 6.39776E-2 6.17473E-2 6.35054E-2 6.41699E-2 6.22188E-2 6.33874E-2 6.17528E-2 6.18177E-2 5.90366E-2 5.67238E-2 5.81994E-2 5.75558E-2 5.50933E-2 5.99188E-2 5.78202E-2 5.51506E-2 5.32946E-2 5.34884E-2
2.26529E-2 2.28868E-2 2.46991E-2 2.92967E-2 3.59595E-2 4.00392E-2 4.23712E-2 4.37267E-2 4.7369E-2 5.0997E-2 5.77986E-2 6.37101E-2 6.46674E-2 6.8714E-2 7.13871E-2 7.30975E-2 7.44575E-2 7.35794E-2 6.99488E-2 7.43126E-2 8.21906E-2 8.12755E-2 8.22381E-2 8.09749E-2 7.14945E-2 7.2688E-2 7.38805E-2 7.62557E-2 7.30199E-2 7.20291E-2 6.66247E-2 6.6074E-2 6.59809E-2 6.67077E-2 6.76826E-2 6.38183E-2 5.82343E-2 6.10436E-2 6.64264E-2 6.57983E-2 6.79759E-2 7.23022E-2 7.43285E-2 7.2911E-2 7.15212E-2 6.8808E-2 6.95261E-2 6.72007E-2 6.72389E-2 6.80597E-2 6.61039E-2 6.595E-2 6.22615E-2 6.04167E-2 5.83635E-2 5.79782E-2 6.37882E-2 6.40581E-2 5.95162E-2 5.66268E-2 5.49298E-2
2.81504E-2 2.97528E-2 3.00519E-2 3.40601E-2 4.15666E-2 4.4684E-2 4.65441E-2 4.80637E-2 5.3835E-2 5.82821E-2 6.44658E-2 6.9437E-2 7.29395E-2 7.61319E-2 7.89427E-2 7.79191E-2 7.90589E-2 7.87278E-2 7.75832E-2 8.08404E-2 8.10649E-2 8.21301E-2 8.29831E-2 8.21076E-2 7.58669E-2 7.49384E-2 7.85754E-2 8.09613E-2 8.15453E-2 7.53067E-2 6.98423E-2 6.85711E-2 6.81615E-2 6.48215E-2 6.8036E-2 6.47079E-2 5.99743E-2 6.29171E-2 6.6609E-2 6.92622E-2 7.38809E-2 7.82781E-2 8.39776E-2 7.75292E-2 8.06791E-2 7.89433E-2 7.85443E-2 7.207E-2 7.43856E-2 7.1891E-2 7.02429E-2 6.68048E-2 6.22785E-2 6.07643E-2 5.7884E-2 5.85326E-2 5.7371E-2 5.64293E-2 5.58588E-2 5.65955E-2 6.00204E-2
3.1809E-2 3.49504E-2 3.82698E-2 4.15402E-2 4.82237E-2 5.7824E-2 5.72019E-2 5.89586E-2 6.08822E-2 6.34434E-2 7.32279E-2 7.96434E-2 8.40975E-2 8.95273E-2 8.58846E-2 8.15305E-2 8.30075E-2 8.16713E-2 8.41478E-2 8.35551E-2 8.36427E-2 8.24224E-2 8.21196E-2 8.12471E-2 8.15812E-2 7.91427E-2 7.76818E-2 7.98393E-2 8.0698E-2 7.60112E-2 6.57865E-2 6.34524E-2 6.48082E-2 6.36276E-2 6.40167E-2 6.18445E-2 6.08807E-2 6.62599E-2 6.88231E-2 7.46785E-2 7.92954E-2 8.35629E-2 9.6746E-2 1.0122E-1 9.27264E-2 9.36458E-2 8.3611E-2 7.99573E-2 7.82918E-2 7.38954E-2 7.24694E-2 6.67479E-2 6.37129E-2 6.18461E-2 5.96914E-2 5.72411E-2 5.70045E-2 5.26727E-2 5.43115E-2 5.92534E-2 5.76166E-2
3.76426E-2 4.13811E-2 4.20549E-2 4.54029E-2 5.39055E-2 6.13477E-2 6.86635E-2 6.83861E-2 7.08611E-2 7.44666E-2 8.12426E-2 8.43788E-2 9.06617E-2 9.51691E-2 8.9348E-2 7.97769E-2 7.60365E-2 8.34068E-2 8.6246E-2 8.72575E-2 8.75115E-2 8.39378E-2 8.13086E-2 8.0205E-2 8.43014E-2 8.31834E-2 7.85969E-2 7.29328E-2 7.04598E-2 6.54975E-2 5.9471E-2 5.56593E-2 5.60493E-2 5.80174E-2 6.43181E-2 6.41226E-2 8.2163E-2 8.56488E-2 7.72461E-2 8.4805E-2 8.81458E-2 9.41012E-2 1.00625E-1 1.05194E-1 1.07904E-1 1.00401E-1 1.0228E-1 8.86221E-2 7.83469E-2 7.14247E-2 6.62518E-2 6.43686E-2 6.11958E-2 6.32652E-2 5.8974E-2 5.91494E-2 5.14405E-2 5.32197E-2 5.48916E-2 5.88619E-2 5.90004E-2
4.18733E-2 4.50547E-2 4.5559E-2 5.21949E-2 6.02104E-2 6.86706E-2 7.46744E-2 8.05751E-2 8.32088E-2 8.69517E-2 8.82655E-2 8.9802E-2 9.49198E-2 9.78065E-2 1.03099E-1 8.98101E-2 8.2066E-2 8.33633E-2 9.16722E-2 9.19494E-2 9.07577E-2 8.83414E-2 8.53865E-2 8.63307E-2 8.54091E-2 8.26315E-2 8.04157E-2 7.33557E-2 7.18848E-2 6.77646E-2 6.18224E-2 5.89061E-2 6.1249E-2 6.07562E-2 6.76198E-2 6.82319E-2 7.05148E-2 7.18141E-2 8.49601E-2 9.02617E-2 1.02999E-1 1.11954E-1 1.12316E-1 1.1775E-1 1.24452E-1 1.16903E-1 1.14323E-1 9.90798E-2 8.28748E-2 7.23288E-2 6.88674E-2 6.36123E-2 6.48241E-2 6.2999E-2 5.89315E-2 5.93773E-2 5.30818E-2 5.36944E-2 6.27053E-2 6.36542E-2 5.71764E-2
4.47388E-2 4.97613E-2 5.63101E-2 6.45901E-2 7.1608E-2 7.7035E-2 8.39398E-2 9.09965E-2 1.01781E-1 9.96739E-2 9.85275E-2 9.69994E-2 9.74896E-2 1.10451E-1 1.22684E-1 1.12164E-1 1.03741E-1 9.97316E-2 9.97503E-2 9.93356E-2 9.64801E-2 9.55144E-2 9.3961E-2 9.37272E-2 9.35059E-2 8.99998E-2 8.88706E-2 8.09988E-2 8.52229E-2 7.50311E-2 6.819E-2 6.73006E-2 6.69837E-2 7.11156E-2 8.17199E-2 7.47715E-2 7.55091E-2 8.07593E-2 9.71851E-2 1.0823E-1 1.15829E-1 1.31553E-1 1.32615E-1 1.33663E-1 1.49629E-1 1.44972E-1 1.25293E-1 1.14687E-1 9.3796E-2 7.72276E-2 7.40171E-2 6.77963E-2 6.54749E-2 6.18746E-2 6.02814E-2 6.19183E-2 5.82429E-2 5.82711E-2 5.76158E-2 5.80648E-2 5.55788E-2
4.93408E-2 5.37369E-2 6.66214E-2 8.15431E-2 8.5661E-2 8.62353E-2 8.8948E-2 1.04018E-1 1.15355E-1 1.17785E-1 1.14458E-1 1.14264E-1 1.14046E-1 1.26439E-1 1.35005E-1 1.32588E-1 1.22315E-1 1.25871E-1 1.09943E-1 1.07403E-1 1.08221E-1 1.08361E-1 1.07249E-1 1.0312E-1 1.13344E-1 1.01304E-1 9.91621E-2 8.96642E-2 8.43325E-2 8.05206E-2 8.29387E-2 8.05954E-2 8.55022E-2 9.03495E-2 9.51835E-2 9.54924E-2 9.47885E-2 1.01968E-1 1.14569E-1 1.20347E-1 1.2872E-1 1.43521E-1 1.52376E-1 1.56579E-1 1.51089E-1 1.44124E-1 1.33395E-1 1.19843E-1 1.08387E-1 8.69184E-2 8.02798E-2 7.38458E-2 7.03618E-2 6.90884E-2 6.55497E-2 6.91556E-2 6.33136E-2 6.18274E-2 6.09958E-2 5.65389E-2 5.47826E-2
5.76673E-2 6.76394E-2 8.05621E-2 9.7605E-2 1.00617E-1 1.01312E-1 1.05597E-1 1.14356E-1 1.28438E-1 1.36066E-1 1.39255E-1 1.43669E-1 1.43156E-1 1.49644E-1 1.44419E-1 1.61426E-1 1.61952E-1 1.58197E-1 1.24618E-1 1.23729E-1 1.23239E-1 1.2062E-1 1.19165E-1 1.17827E-1 1.14306E-1 1.11691E-1 1.08228E-1 1.0231E-1 9.58818E-2 9.25633E-2 9.24328E-2 9.90595E-2 1.13503E-1 1.2585E-1 1.27758E-1 1.1889E-1 1.27504E-1 1.28884E-1 1.3593E-1 1.41111E-1 1.45591E-1 1.52237E-1 1.58944E-1 1.66653E-1 1.59785E-1 1.46106E-1 1.39728E-1 1.27606E-1 1.12636E-1 9.09737E-2 8.34389E-2 7.89535E-2 7.70985E-2 7.52036E-2 7.58686E-2 7.75526E-2 7.01962E-2 6.31867E-2 7.02005E-2 6.52869E-2 6.09627E-2
7.47201E-2 8.51254E-2 9.57716E-2 1.08932E-1 1.13857E-1 1.10178E-1 1.24305E-1 1.36224E-1 1.444E-1 1.54961E-1 1.60686E-1 1.60788E-1 1.70112E-1 1.78136E-1 1.82436E-1 1.71509E-1 1.76774E-1 1.68122E-1 1.50393E-1 1.4357E-1 1.37741E-1 1.33855E-1 1.28673E-1 1.28085E-1 1.22137E-1 1.15136E-1 1.08444E-1 1.07751E-1 1.11516E-1 1.17883E-1 1.21644E-1 1.4107E-1 1.76689E-1 1.9168E-1 1.63212E-1 1.47048E-1 1.61681E-1 1.64234E-1 1.7154E-1 1.70308E-1 1.7082E-1 1.78245E-1 1.80877E-1 1.80728E-1 1.74832E-1 1.60696E-1 1.47113E-1 1.3252E-1 1.12422E-1 9.42028E-2 8.90962E-2 8.97077E-2 8.67727E-2 8.51178E-2 8.74788E-2 8.6196E-2 8.12389E-2 7.04437E-2 8.00533E-2 7.26298E-2 7.07094E-2
8.34192E-2 8.86492E-2 1.00478E-1 1.16331E-1 1.23885E-1 1.27872E-1 1.34875E-1 1.4718E-1 1.58364E-1 1.66661E-1 1.60452E-1 1.60881E-1 1.74107E-1 1.8952E-1 1.95183E-1 1.88052E-1 1.77815E-1 1.77458E-1 1.68861E-1 1.58457E-1 1.52278E-1 1.43825E-1 1.40193E-1 1.36588E-1 1.30147E-1 1.24808E-1 1.16546E-1 1.1412E-1 1.28606E-1 1.51644E-1 1.7405E-1 1.96491E-1 2.14591E-1 2.1943E-1 2.10665E-1 1.83422E-1 1.84247E-1 1.87832E-1 2.02143E-1 2.14523E-1 2.20143E-1 2.13807E-1 2.09775E-1 2.02491E-1 1.83322E-1 1.71129E-1 1.51549E-1 1.31679E-1 1.19324E-1 1.01265E-1 9.59423E-2 9.76591E-2 9.14846E-2 9.77496E-2 1.03922E-1 9.6365E-2 9.39492E-2 7.68555E-2 7.50762E-2 7.09047E-2 7.08744E-2
9.07541E-2 9.81804E-2 1.05594E-1 1.14199E-1 1.27741E-1 1.36763E-1 1.51956E-1 1.62241E-1 1.71636E-1 1.81012E-1 1.82594E-1 1.78373E-1 1.85207E-1 2.10505E-1 2.36011E-1 2.14285E-1 2.07493E-1 1.973E-1 1.83548E-1 1.69469E-1 1.58863E-1 1.56414E-1 1.57726E-1 1.52295E-1 1.49305E-1 1.40058E-1 1.27344E-1 1.33628E-1 1.46146E-1 1.74083E-1 1.98923E-1 2.371E-1 2.74898E-1 2.63207E-1 2.573E-1 2.2894E-1 2.18486E-1 2.19822E-1 2.31123E-1 2.46927E-1 2.51897E-1 2.67909E-1 2.45162E-1 2.15325E-1 1.88322E-1 1.7166E-1 1.4559E-1 1.22498E-1 1.2001E-1 1.06366E-1 1.07486E-1 1.03087E-1 9.9085E-2 1.05481E-1 1.0935E-1 1.05889E-1 9.74584E-2 8.38933E-2 7.96804E-2 7.60219E-2 7.94367E-2
9.90586E-2 1.00529E-1 1.10551E-1 1.23564E-1 1.298E-1 1.42451E-1 1.52144E-1 1.72107E-1 1.94145E-1 2.10242E-1 2.05806E-1 2.02216E-1 2.07523E-1 2.34312E-1 2.68191E-1 2.53296E-1 2.44324E-1 2.36333E-1 2.18199E-1 1.87577E-1 1.71302E-1 1.68922E-1 1.72575E-1 1.6127E-1 1.57656E-1 1.50293E-1 1.5337E-1 1.59293E-1 1.69711E-1 1.804E-1 2.10241E-1 2.54627E-1 2.52162E-1 2.76841E-1 2.96593E-1 2.82407E-1 2.79055E-1 2.6813E-1 2.73367E-1 2.65767E-1 2.55308E-1 2.80215E-1 2.57952E-1 2.25934E-1 1.91891E-1 1.54158E-1 1.36879E-1 1.21126E-1 1.20976E-1 1.17823E-1 1.11874E-1 1.14736E-1 1.16006E-1 1.18936E-1 1.17698E-1 1.14504E-1 9.35614E-2 8.64393E-2 8.02149E-2 7.52365E-2 7.34544E-2
1.1967E-1 1.15655E-1 1.21137E-1 1.31313E-1 1.40473E-1 1.50331E-1 1.63736E-1 1.77372E-1 1.96377E-1 2.14302E-1 2.24165E-1 2.4053E-1 2.43295E-1 2.73802E-1 3.16997E-1 3.24178E-1 3.03482E-1 2.78434E-1 2.47552E-1 2.10521E-1 1.98146E-1 1.83162E-1 1.7389E-1 1.69734E-1 1.65109E-1 1.63134E-1 1.73753E-1 1.70834E-1 1.84164E-1 1.74502E-1 1.75817E-1 1.86323E-1 2.32085E-1 2.88196E-1 3.26355E-1 3.35836E-1 3.15988E-1 3.00397E-1 2.94233E-1 2.7588E-1 2.636E-1 2.48405E-1 2.25407E-1 2.04129E-1 1.87923E-1 1.40056E-1 1.26848E-1 1.21951E-1 1.23715E-1 1.23116E-1 1.22716E-1 1.257E-1 1.26828E-1 1.27593E-1 1.28677E-1 1.20444E-1 9.40271E-2 8.75684E-2 8.4036E-2 7.45127E-2 7.15843E-2
1.33092E-1 1.33105E-1 1.40865E-1 1.49044E-1 1.54607E-1 1.75548E-1 1.89606E-1 2.00577E-1 2.17923E-1 2.14924E-1 2.22781E-1 2.66167E-1 2.96861E-1 3.26778E-1 3.65547E-1 4.01813E-1 3.77744E-1 3.31489E-1 2.70063E-1 2.41384E-1 2.33469E-1 2.24555E-1 2.10305E-1 2.13863E-1 1.84082E-1 1.71731E-1 1.66406E-1 1.78662E-1 2.05357E-1 2.02376E-1 2.03143E-1 2.11903E-1 2.48653E-1 2.88331E-1 3.14109E-1 3.26582E-1 3.24563E-1 3.05679E-1 2.90748E-1 2.87347E-1 2.81029E-1 2.41355E-1 2.19772E-1 1.90565E-1 1.77027E-1 1.33365E-1 1.23513E-1 1.30752E-1 1.25463E-1 1.3006E-1 1.33104E-1 1.39659E-1 1.41442E-1 1.38938E-1 1.37773E-1 1.09943E-1 9.72871E-2 9.4593E-2 9.0808E-2 8.38992E-2 8.00503E-2
1.30111E-1 1.47304E-1 1.59033E-1 1.62206E-1 1.65259E-1 1.73873E-1 1.94205E-1 2.24002E-1 2.48452E-1 2.40052E-1 2.39548E-1 2.70318E-1 3.7427E-1 4.09039E-1 4.23675E-1 4.4077E-1 4.2233E-1 3.52156E-1 2.94994E-1 2.59588E-1 2.37276E-1 2.35698E-1 2.31533E-1 2.29072E-1 2.02089E-1 1.8263E-1 1.77842E-1 1.9681E-1 2.1661E-1 2.58102E-1 2.4118E-1 2.53432E-1 2.96098E-1 2.93934E-1 3.08876E-1 3.0757E-1 2.93777E-1 2.8855E-1 2.85256E-1 2.90183E-1 2.73205E-1 2.57127E-1 2.61366E-1 2.0257E-1 1.6637E-1 1.3532E-1 1.33329E-1 1.35631E-1 1.34357E-1 1.41676E-1 1.44128E-1 1.50127E-1 1.50575E-1 1.51848E-1 1.3146E-1 1.17476E-1 1.14306E-1 1.01365E-1 9.63924E-2 9.58847E-2 9.24383E-2
1.37788E-1 1.58681E-1 1.70408E-1 1.66009E-1 1.63723E-1 1.85404E-1 2.1524E-1 2.44003E-1 2.58388E-1 2.63309E-1 2.59258E-1 2.69079E-1 3.20275E-1 3.61671E-1 4.08076E-1 3.91399E-1 3.7793E-1 3.64908E-1 3.18865E-1 2.86579E-1 2.65062E-1 2.57573E-1 2.57534E-1 2.46192E-1 2.32769E-1 2.12897E-1 2.09411E-1 2.29102E-1 2.60475E-1 2.56798E-1 2.55793E-1 2.64165E-1 2.82356E-1 3.08837E-1 3.3755E-1 3.01759E-1 2.66631E-1 2.7263E-1 2.68412E-1 2.67075E-1 2.56432E-1 2.45903E-1 2.22485E-1 2.2516E-1 2.23936E-1 1.67913E-1 1.53311E-1 1.48164E-1 1.53231E-1 1.60236E-1 1.62649E-1 1.66826E-1 1.63325E-1 1.50237E-1 1.38376E-1 1.36376E-1 1.35256E-1 1.25629E-1 1.12346E-1 1.02517E-1 1.04422E-1
1.31061E-1 1.63383E-1 1.61729E-1 1.59456E-1 1.61667E-1 1.95943E-1 2.29104E-1 2.4007E-1 2.46669E-1 2.63416E-1 2.89999E-1 2.89872E-1 3.27226E-1 3.66123E-1 3.89387E-1 3.796E-1 3.87194E-1 3.63952E-1 3.39333E-1 3.27732E-1 3.03751E-1 2.86932E-1 2.78886E-1 2.76576E-1 2.70662E-1 2.52889E-1 2.46333E-1 2.64945E-1 2.93479E-1 2.89098E-1 2.84289E-1 2.74397E-1 2.98272E-1 3.1928E-1 3.45388E-1 2.92033E-1 2.82619E-1 2.6143E-1 2.64275E-1 2.46801E-1 2.38551E-1 2.30899E-1 2.16976E-1 2.17736E-1 2.26245E-1 2.01008E-1 1.67479E-1 1.60946E-1 1.69497E-1 1.73989E-1 1.73495E-1 1.81654E-1 1.62424E-1 1.5784E-1 1.50624E-1 1.55587E-1 1.7219E-1 1.30374E-1 1.13331E-1 1.15149E-1 1.1032E-1
1.27058E-1 1.50568E-1 1.49061E-1 1.58409E-1 1.74324E-1 1.98639E-1 2.17845E-1 2.35728E-1 2.62508E-1 2.75283E-1 3.01006E-1 3.06065E-1 3.52114E-1 3.83078E-1 4.10447E-1 3.99697E-1 3.98252E-1 3.63012E-1 3.46591E-1 3.47366E-1 3.55575E-1 3.18621E-1 3.11442E-1 3.08226E-1 3.186E-1 3.03002E-1 2.87422E-1 2.79151E-1 2.92059E-1 3.33135E-1 3.16645E-1 3.26201E-1 3.30688E-1 3.29507E-1 3.10707E-1 3.06743E-1 2.95614E-1 2.75487E-1 2.78704E-1 2.5485E-1 2.44326E-1 2.25303E-1 2.26324E-1 2.22816E-1 2.34137E-1 2.15631E-1 1.80868E-1 1.70334E-1 1.83762E-1 1.81765E-1 1.87941E-1 1.80008E-1 1.72744E-1 1.69712E-1 1.70625E-1 1.75392E-1 1.68448E-1 1.39388E-1 1.25517E-1 1.21193E-1 1.2159E-1
1.27364E-1 1.45464E-1 1.55787E-1 1.71685E-1 1.94528E-1 2.16725E-1 2.39488E-1 2.48571E-1 2.63254E-1 2.72073E-1 2.94496E-1 3.28982E-1 3.64617E-1 3.97434E-1 4.11818E-1 4.14858E-1 4.08896E-1 3.7002E-1 3.6529E-1 3.76152E-1 3.55365E-1 3.3024E-1 3.17649E-1 3.05435E-1 3.43222E-1 3.23491E-1 3.11921E-1 3.09444E-1 3.1552E-1 3.20571E-1 3.54422E-1 3.61609E-1 3.60589E-1 3.53754E-1 3.2492E-1 3.19678E-1 3.17712E-1 3.01965E-1 2.91676E-1 2.72887E-1 2.29904E-1 2.06211E-1 2.18064E-1 2.2851E-1 2.54305E-1 2.37345E-1 1.951E-1 1.86977E-1 1.99835E-1 2.04126E-1 2.01157E-1 1.8157E-1 1.83312E-1 1.83216E-1 1.74397E-1 1.67452E-1 1.61485E-1 1.58078E-1 1.46978E-1 1.46697E-1 1.42787E-1
1.51087E-1 1.70496E-1 1.86852E-1 1.88597E-1 2.14042E-1 2.36744E-1 2.52758E-1 2.60086E-1 2.72143E-1 2.79592E-1 2.95932E-1 3.22359E-1 3.82218E-1 4.14639E-1 4.36328E-1 4.41655E-1 4.24669E-1 3.87138E-1 3.75938E-1 3.83371E-1 3.72757E-1 3.36527E-1 3.1397E-1 2.99353E-1 3.36583E-1 3.71752E-1 3.54645E-1 3.45496E-1 3.44955E-1 3.47132E-1 3.6597E-1 3.74693E-1 3.84713E-1 4.06759E-1 3.40522E-1 3.23998E-1 3.31451E-1 3.30995E-1 3.39848E-1 3.08152E-1 2.6738E-1 2.46314E-1 2.40315E-1 2.48106E-1 2.39387E-1 2.41034E-1 2.241E-1 2.23215E-1 2.19818E-1 2.25361E-1 1.84222E-1 1.69585E-1 1.7125E-1 1.66495E-1 1.5532E-1 1.6098E-1 1.65957E-1 1.72682E-1 1.72465E-1 1.78568E-1 1.81997E-1
1.71975E-1 1.90229E-1 2.04653E-1 2.22809E-1 2.2524E-1 2.39196E-1 2.54261E-1 2.59645E-1 2.65138E-1 2.77768E-1 3.02077E-1 3.36875E-1 3.7699E-1 4.39616E-1 4.57341E-1 4.49437E-1 4.12566E-1 3.8401E-1 3.63686E-1 3.75378E-1 3.84042E-1 3.5168E-1 3.44648E-1 3.38376E-1 3.59964E-1 3.96336E-1 3.96257E-1 3.95882E-1 3.92302E-1 3.88622E-1 3.80759E-1 3.85199E-1 3.8922E-1 4.10161E-1 4.1678E-1 3.45063E-1 3.44332E-1 3.39493E-1 3.38528E-1 3.08902E-1 2.77364E-1 2.84308E-1 2.86607E-1 2.72165E-1 2.6277E-1 2.46964E-1 2.46796E-1 2.16445E-1 2.19249E-1 2.01811E-1 1.70483E-1 1.57815E-1 1.56931E-1 1.56374E-1 1.58557E-1 1.65359E-1 1.79712E-1 1.74901E-1 1.851E-1 2.18528E-1 2.41677E-1
1.91009E-1 2.04334E-1 2.1837E-1 2.37793E-1 2.40494E-1 2.37558E-1 2.41505E-1 2.52972E-1 2.64122E-1 2.96727E-1 3.15614E-1 3.54781E-1 4.14263E-1 4.93755E-1 5.3027E-1 4.90535E-1 4.57975E-1 4.15362E-1 3.82765E-1 3.7551E-1 3.52819E-1 3.8468E-1 4.11736E-1 4.01672E-1 4.13902E-1 4.412E-1 4.41143E-1 4.55847E-1 4.71278E-1 4.32386E-1 4.12009E-1 3.87146E-1 3.85416E-1 4.04328E-1 5.06575E-1 3.93272E-1 3.46484E-1 3.30136E-1 3.41096E-1 3.51265E-1 3.45615E-1 3.19904E-1 3.08182E-1 3.00958E-1 3.17551E-1 2.85037E-1 2.6012E-1 2.24947E-1 2.07261E-1 1.67572E-1 1.63248E-1 1.81342E-1 1.95128E-1 1.89542E-1 1.86914E-1 1.81087E-1 1.91775E-1 2.02115E-1 2.20055E-1 2.52253E-1 2.74593E-1
