data/maxent/outputs/red_322.asc
ncols         426
nrows         180
xllcorner     -130.0
yllcorner     24.0
cellsize      0.16666666666666666
NODATA_value  -9999
[rows 54 to 80 of 180, columns 305 to 365 of 426]
1.18421E-1 1.16071E-1 1.05592E-1 7.82098E-2 6.79294E-2 4.88693E-2 4.76309E-2 4.03804E-2 4.11092E-2 4.80088E-2 4.48481E-2 6.12196E-2 6.63557E-2 6.94194E-2 8.77301E-2 1.02532E-1 1.08945E-1 1.00539E-1 1.36472E-1 1.41776E-1 1.51173E-1 1.49139E-1 1.04879E-1 1.32724E-1 2.12257E-1 1.8698E-1 1.46317E-1 1.32312E-1 1.33651E-1 1.52516E-1 1.10291E-1 8.9218E-2 1.06308E-1 7.97832E-2 5.37907E-2 1.44451E-1 1.03663E-1 1.02341E-1 9.01847E-2 9.7755E-2 8.00819E-2 8.45962E-2 6.18129E-2 5.48011E-2 3.95267E-2 3.33227E-2 2.51531E-2 2.64365E-2 2.35994E-2 2.75604E-2 3.29134E-2 2.48776E-2 3.17677E-2 3.95077E-2 4.62094E-2 5.88247E-2 5.59965E-2 6.76672E-2 8.52475E-2 9.14541E-2 9.44545E-2
1.27677E-1 1.26421E-1 1.39819E-1 1.0637E-1 1.03459E-1 9.60325E-2 7.66389E-2 6.72971E-2 7.01248E-2 6.44865E-2 7.255E-2 8.16605E-2 9.57397E-2 1.24272E-1 1.42545E-1 2.01204E-1 2.33152E-1 2.88531E-1 1.9736E-1 1.56328E-1 1.61875E-1 1.51366E-1 1.56058E-1 1.23626E-1 1.17619E-1 1.14804E-1 1.14886E-1 1.17878E-1 8.77828E-2 7.65478E-2 5.60808E-2 5.68542E-2 8.01467E-2 8.96732E-2 8.23698E-2 1.59179E-1 8.69674E-2 8.54979E-2 8.17898E-2 6.17671E-2 5.75976E-2 4.9423E-2 4.58655E-2 3.5021E-2 3.14124E-2 3.08852E-2 2.98008E-2 2.32182E-2 2.8044E-2 2.68917E-2 3.10111E-2 3.38448E-2 4.80879E-2 5.72558E-2 7.23715E-2 6.22657E-2 7.39786E-2 7.92685E-2 9.06945E-2 1.13001E-1 1.39785E-1
1.75225E-1 1.79785E-1 2.00504E-1 1.42456E-1 1.65033E-1 1.41362E-1 1.37805E-1 1.33476E-1 1.36941E-1 1.14448E-1 1.19711E-1 1.48109E-1 1.61915E-1 1.8092E-1 1.9541E-1 2.95837E-1 3.31418E-1 2.84696E-1 2.76824E-1 2.3101E-1 2.02302E-1 1.73108E-1 1.19975E-1 1.0237E-1 8.82651E-2 1.08042E-1 6.44823E-2 5.04385E-2 4.28919E-2 4.55575E-2 4.10925E-2 5.78221E-2 8.41E-2 9.57234E-2 1.68016E-1 1.68039E-1 7.7657E-2 8.38154E-2 6.75173E-2 5.82362E-2 4.607E-2 3.42287E-2 3.26078E-2 2.82281E-2 2.89083E-2 3.1481E-2 3.74457E-2 3.05882E-2 2.81343E-2 4.60108E-2 5.51361E-2 6.89689E-2 6.94856E-2 9.48037E-2 1.21913E-1 1.30531E-1 1.04978E-1 8.65805E-2 1.23167E-1 1.64555E-1 2.0414E-1
1.82162E-1 1.46083E-1 1.60261E-1 1.66691E-1 2.09998E-1 1.23135E-1 1.06095E-1 1.25546E-1 1.53301E-1 1.24937E-1 1.44929E-1 1.65569E-1 1.82512E-1 1.77861E-1 2.04501E-1 2.72746E-1 2.98731E-1 2.27284E-1 2.19165E-1 2.70246E-1 2.59247E-1 1.65459E-1 1.00574E-1 1.01035E-1 8.893E-2 5.4331E-2 4.92813E-2 3.35386E-2 3.86221E-2 3.92809E-2 3.27062E-2 5.10285E-2 1.0831E-1 1.2112E-1 1.64745E-1 1.71614E-1 7.44076E-2 9.4769E-2 7.08878E-2 5.75331E-2 5.02136E-2 3.30162E-2 3.34399E-2 3.6846E-2 3.64265E-2 2.61598E-2 3.69369E-2 4.83769E-2 7.02972E-2 7.93685E-2 8.02264E-2 8.73631E-2 9.635E-2 1.14766E-1 1.36006E-1 1.4197E-1 1.06689E-1 1.52319E-1 1.94949E-1 2.54473E-1 3.1603E-1
1.76071E-1 2.02828E-1 2.11447E-1 1.78929E-1 1.55481E-1 1.40592E-1 1.74011E-1 1.40037E-1 1.53167E-1 1.61178E-1 1.73824E-1 1.9543E-1 1.9929E-1 1.91327E-1 2.12285E-1 2.69558E-1 3.09239E-1 3.12469E-1 3.36381E-1 1.91653E-1 1.58535E-1 1.17618E-1 1.14345E-1 1.11666E-1 8.05618E-2 5.13557E-2 4.01013E-2 4.22839E-2 4.46785E-2 5.09395E-2 3.51479E-2 3.22601E-2 7.86914E-2 1.22148E-1 1.01673E-1 8.23369E-2 8.05642E-2 7.21675E-2 7.58698E-2 5.6834E-2 4.01577E-2 4.11555E-2 4.67849E-2 4.53369E-2 3.85608E-2 4.26315E-2 5.8196E-2 1.27623E-1 1.05913E-1 1.22715E-1 1.10708E-1 8.78689E-2 1.12919E-1 1.1823E-1 1.40706E-1 1.72905E-1 1.37554E-1 1.83578E-1 2.44664E-1 3.53984E-1 4.76933E-1
2.42102E-1 2.77476E-1 2.28928E-1 2.50468E-1 2.16662E-1 2.34358E-1 2.0968E-1 1.76077E-1 2.07338E-1 2.44064E-1 2.70209E-1 3.94389E-1 3.46194E-1 4.08468E-1 3.93059E-1 3.42159E-1 4.6765E-1 3.48904E-1 2.14739E-1 1.53704E-1 1.2364E-1 1.40685E-1 1.57573E-1 1.0297E-1 5.77211E-2 4.94791E-2 4.65246E-2 4.22443E-2 3.78968E-2 3.07859E-2 2.25028E-2 2.53185E-2 5.74916E-2 1.16578E-1 9.23511E-2 4.81248E-2 7.31089E-2 4.91722E-2 6.11216E-2 4.3664E-2 3.73265E-2 3.99186E-2 4.09044E-2 5.44168E-2 5.0783E-2 6.1584E-2 7.60789E-2 1.2452E-1 1.39581E-1 9.3522E-2 1.13496E-1 1.22603E-1 1.36689E-1 1.49141E-1 1.73798E-1 2.08918E-1 2.40335E-1 3.06458E-1 3.97311E-1 3.97034E-1 4.84358E-1
2.66111E-1 2.82085E-1 2.80442E-1 3.10452E-1 3.77104E-1 3.91079E-1 3.55164E-1 3.43157E-1 3.03013E-1 3.08149E-1 4.10337E-1 4.52728E-1 3.51501E-1 3.85746E-1 2.87699E-1 3.3071E-1 4.03063E-1 5.21011E-1 3.2951E-1 2.3684E-1 2.10294E-1 1.40938E-1 1.08332E-1 9.25757E-2 6.12244E-2 5.50479E-2 4.26192E-2 4.50938E-2 4.02343E-2 3.52506E-2 3.41927E-2 3.74561E-2 9.37627E-2 1.07126E-1 7.25535E-2 4.49156E-2 7.28949E-2 5.47468E-2 7.00856E-2 4.87348E-2 4.66779E-2 6.27634E-2 6.26176E-2 6.83161E-2 6.97474E-2 8.00124E-2 1.40955E-1 1.74629E-1 1.30905E-1 1.11544E-1 1.2049E-1 2.23943E-1 2.13254E-1 1.61834E-1 2.08616E-1 2.91914E-1 4.07039E-1 4.97042E-1 5.12561E-1 6.47495E-1 5.72178E-1
3.69485E-1 3.23038E-1 3.08306E-1 2.95655E-1 2.93613E-1 2.84785E-1 2.82412E-1 2.73263E-1 2.79183E-1 2.77256E-1 2.94008E-1 3.16837E-1 3.06046E-1 3.09327E-1 3.32442E-1 3.49954E-1 3.60162E-1 5.34644E-1 2.96995E-1 3.02306E-1 1.62068E-1 1.36547E-1 1.30044E-1 1.18441E-1 7.09419E-2 5.77603E-2 5.78896E-2 4.23997E-2 3.91426E-2 4.56255E-2 5.1386E-2 8.15349E-2 9.24725E-2 1.10992E-1 9.79467E-2 6.66007E-2 7.44805E-2 7.13373E-2 7.89796E-2 7.11882E-2 6.19719E-2 4.993E-2 7.63133E-2 7.3497E-2 6.95997E-2 8.74749E-2 1.00066E-1 1.67201E-1 9.96287E-2 1.04503E-1 1.07759E-1 1.59381E-1 1.58547E-1 1.97937E-1 3.50745E-1 5.06797E-1 4.88156E-1 6.1867E-1 -9999 5.94052E-1 -9999
2.6003E-1 2.7883E-1 2.84389E-1 2.94232E-1 2.88677E-1 2.85214E-1 2.80427E-1 2.8408E-1 2.95357E-1 3.05566E-1 3.17864E-1 3.43708E-1 3.63224E-1 3.68215E-1 3.68216E-1 3.59482E-1 4.19616E-1 5.08281E-1 3.04649E-1 3.23746E-1 1.96051E-1 1.37567E-1 1.55191E-1 1.65459E-1 1.0996E-1 7.41173E-2 5.37892E-2 4.33256E-2 5.14478E-2 4.77262E-2 5.67901E-2 9.89826E-2 9.05607E-2 1.33855E-1 8.48371E-2 6.80289E-2 8.3496E-2 7.70733E-2 7.25348E-2 7.50686E-2 5.46414E-2 6.60061E-2 7.81539E-2 8.00545E-2 7.07018E-2 8.05113E-2 1.16173E-1 1.63853E-1 1.18259E-1 1.19638E-1 1.30863E-1 1.39459E-1 1.65108E-1 2.2939E-1 -9999 -9999 -9999 -9999 -9999 -9999 -9999
2.3536E-1 2.65871E-1 3.12335E-1 3.67473E-1 3.63007E-1 3.50802E-1 3.47829E-1 3.41955E-1 3.29861E-1 3.02974E-1 3.35747E-1 3.59687E-1 3.69295E-1 3.81014E-1 4.15249E-1 4.01609E-1 3.10286E-1 2.43276E-1 2.43388E-1 2.69618E-1 2.38109E-1 2.22307E-1 2.37463E-1 1.9445E-1 1.35481E-1 9.20524E-2 8.32843E-2 1.11267E-1 9.65241E-2 9.8399E-2 8.80393E-2 1.04272E-1 1.03079E-1 6.98156E-2 5.52001E-2 6.59125E-2 1.01482E-1 1.00527E-1 7.85074E-2 8.17741E-2 6.41322E-2 8.20881E-2 9.21965E-2 8.33719E-2 7.69685E-2 6.63805E-2 8.12627E-2 9.76365E-2 1.06564E-1 1.04995E-1 1.33165E-1 1.55022E-1 2.04185E-1 -9999 -9999 -9999 -9999 -9999 -9999 -9999 -9999
4.00661E-1 3.73824E-1 3.00217E-1 2.38915E-1 1.99009E-1 1.81773E-1 1.73577E-1 1.61506E-1 1.84547E-1 2.88636E-1 2.55784E-1 2.40394E-1 2.72529E-1 3.43647E-1 2.77745E-1 2.38773E-1 2.26228E-1 1.87055E-1 2.30784E-1 3.41016E-1 2.34773E-1 1.44704E-1 1.35082E-1 1.12086E-1 1.04763E-1 9.84188E-2 1.06531E-1 1.31915E-1 1.50654E-1 1.1683E-1 1.14469E-1 1.04059E-1 8.21581E-2 4.63581E-2 5.78387E-2 8.17121E-2 1.26494E-1 1.24261E-1 1.73629E-1 1.16914E-1 8.55676E-2 1.17657E-1 1.22664E-1 1.14797E-1 1.28042E-1 8.81631E-2 7.59598E-2 1.13371E-1 9.70409E-2 8.83812E-2 1.5364E-1 2.11282E-1 -9999 -9999 -9999 -9999 -9999 -9999 -9999 -9999 -9999
3.81214E-1 3.32556E-1 2.60083E-1 1.99803E-1 1.96431E-1 1.65025E-1 1.34083E-1 1.26643E-1 1.31505E-1 1.48971E-1 1.52645E-1 1.5954E-1 1.84937E-1 2.08421E-1 2.18632E-1 2.02168E-1 2.06641E-1 1.86389E-1 1.47332E-1 1.786E-1 1.53172E-1 1.20746E-1 1.17068E-1 1.11205E-1 1.03731E-1 7.79918E-2 7.67115E-2 1.12241E-1 1.08511E-1 1.03068E-1 1.00066E-1 7.83302E-2 6.97354E-2 6.01628E-2 6.55165E-2 1.02472E-1 1.42471E-1 2.13871E-1 2.12351E-1 1.86969E-1 1.02259E-1 1.77356E-1 2.48471E-1 1.99939E-1 1.87957E-1 1.44603E-1 9.63315E-2 1.30894E-1 1.09501E-1 1.17112E-1 1.84436E-1 2.05059E-1 -9999 -9999 -9999 -9999 -9999 -9999 -9999 -9999 -9999
3.53032E-1 4.14921E-1 2.45326E-1 1.89009E-1 1.75325E-1 1.57247E-1 1.36046E-1 1.14342E-1 1.03094E-1 1.00766E-1 1.17587E-1 1.38723E-1 1.47106E-1 1.75754E-1 1.9503E-1 1.78444E-1 1.98026E-1 2.14523E-1 1.97949E-1 1.67939E-1 1.68443E-1 1.25828E-1 1.20683E-1 1.12548E-1 1.0007E-1 9.59112E-2 7.90357E-2 6.63742E-2 6.92568E-2 6.63967E-2 7.10941E-2 6.59661E-2 7.25282E-2 6.77977E-2 6.86674E-2 8.04745E-2 1.96623E-1 3.10736E-1 3.30563E-1 1.51609E-1 1.40519E-1 1.51057E-1 3.67493E-1 2.54502E-1 2.30288E-1 1.43815E-1 9.31773E-2 2.23112E-1 2.11039E-1 2.17579E-1 1.84245E-1 6.5929E-1 -9999 -9999 -9999 -9999 -9999 -9999 -9999 -9999 -9999
2.74475E-1 3.80203E-1 2.09168E-1 1.78303E-1 1.44729E-1 1.58508E-1 1.19211E-1 9.47591E-2 9.76461E-2 1.28928E-1 1.71059E-1 1.32583E-1 1.13368E-1 1.8447E-1 2.27218E-1 1.63097E-1 1.95693E-1 2.20639E-1 1.94378E-1 1.75478E-1 1.54533E-1 1.09753E-1 1.09629E-1 8.53455E-2 8.69825E-2 1.08468E-1 1.04806E-1 9.02302E-2 7.96229E-2 8.03833E-2 7.96959E-2 7.04382E-2 7.2089E-2 7.62721E-2 1.12674E-1 1.07988E-1 2.62078E-1 3.65106E-1 2.90973E-1 2.03838E-1 1.53775E-1 2.31258E-1 2.71197E-1 3.35343E-1 3.14648E-1 2.3442E-1 2.53971E-1 3.48553E-1 3.92241E-1 2.93247E-1 2.83335E-1 4.43938E-1 -9999 -9999 -9999 -9999 -9999 -9999 -9999 -9999 -9999
2.78389E-1 1.80142E-1 1.50499E-1 1.39542E-1 1.06653E-1 1.10985E-1 9.13237E-2 9.88759E-2 8.57437E-2 8.74829E-2 1.08654E-1 1.16103E-1 1.33244E-1 1.23494E-1 1.53146E-1 1.74627E-1 1.56704E-1 1.46908E-1 1.65154E-1 1.37778E-1 1.45517E-1 1.11881E-1 1.07858E-1 8.31509E-2 7.8363E-2 8.71306E-2 7.99169E-2 9.70408E-2 1.11995E-1 1.06475E-1 9.71389E-2 7.82712E-2 6.33969E-2 7.4709E-2 9.566E-2 1.44176E-1 2.14357E-1 2.35112E-1 2.76153E-1 1.61464E-1 2.6448E-1 1.84558E-1 2.74979E-1 4.19178E-1 3.93247E-1 3.89767E-1 4.43047E-1 4.64119E-1 4.67287E-1 3.6432E-1 3.44378E-1 4.04113E-1 -9999 -9999 -9999 -9999 -9999 -9999 -9999 -9999 -9999
1.96032E-1 1.57018E-1 1.28813E-1 1.13138E-1 8.24014E-2 8.224E-2 7.28233E-2 8.99158E-2 7.3239E-2 6.93596E-2 7.06159E-2 1.02742E-1 1.09025E-1 1.15254E-1 1.37484E-1 1.44743E-1 1.6188E-1 1.81542E-1 1.51966E-1 1.34521E-1 1.30402E-1 1.06596E-1 1.02805E-1 8.92188E-2 8.87779E-2 8.39593E-2 7.86647E-2 1.0024E-1 1.05E-1 1.14369E-1 7.77683E-2 8.29655E-2 6.05107E-2 6.11599E-2 8.50418E-2 9.38703E-2 2.31838E-1 2.31356E-1 3.58168E-1 1.88065E-1 4.19432E-1 3.4301E-1 2.81422E-1 5.3371E-1 5.43492E-1 5.01787E-1 4.63573E-1 5.49543E-1 5.47236E-1 4.56059E-1 -9999 -9999 -9999 -9999 -9999 -9999 -9999 -9999 -9999 -9999 -9999
1.37591E-1 1.2411E-1 1.28565E-1 1.03513E-1 8.81025E-2 7.70197E-2 6.98664E-2 7.09322E-2 7.17599E-2 8.07247E-2 7.66785E-2 7.66417E-2 9.76026E-2 9.62489E-2 9.87651E-2 1.33119E-1 1.40454E-1 1.41394E-1 1.31331E-1 1.37387E-1 1.26641E-1 1.11246E-1 1.16828E-1 1.06672E-1 9.33473E-2 9.0487E-2 9.50815E-2 1.08506E-1 1.40628E-1 1.33222E-1 1.40287E-1 8.66243E-2 6.06674E-2 6.68434E-2 8.00608E-2 1.95618E-1 4.1733E-1 3.77051E-1 3.92674E-1 3.16266E-1 4.10382E-1 5.02427E-1 5.05347E-1 6.96132E-1 6.54601E-1 5.93762E-1 4.12599E-1 5.70076E-1 5.69855E-1 5.15018E-1 4.77144E-1 -9999 -9999 -9999 -9999 -9999 -9999 -9999 -9999 -9999 -9999
1.33647E-1 1.386E-1 1.30027E-1 1.08068E-1 8.22081E-2 8.15017E-2 7.84954E-2 6.08304E-2 6.27561E-2 6.52926E-2 6.1066E-2 6.94112E-2 7.93792E-2 8.80649E-2 9.15723E-2 1.06763E-1 1.13283E-1 1.21549E-1 1.38637E-1 1.44022E-1 1.33848E-1 1.28293E-1 1.21484E-1 1.42501E-1 1.32311E-1 1.38388E-1 1.34288E-1 1.69064E-1 2.06943E-1 1.84011E-1 1.36615E-1 7.98758E-2 6.32653E-2 5.76284E-2 1.53739E-1 2.6655E-1 5.14911E-1 5.71753E-1 3.89119E-1 4.14248E-1 6.1674E-1 7.69517E-1 7.25808E-1 6.52798E-1 7.44526E-1 6.01113E-1 4.48804E-1 5.31108E-1 5.62749E-1 5.10246E-1 4.71561E-1 4.92936E-1 -9999 6.02785E-1 5.52654E-1 -9999 -9999 -9999 -9999 -9999 -9999
1.25645E-1 1.51431E-1 1.23522E-1 1.06771E-1 8.05619E-2 7.72773E-2 7.76973E-2 7.88628E-2 7.00534E-2 6.85364E-2 6.86793E-2 7.26548E-2 8.84298E-2 7.66414E-2 8.91184E-2 9.55032E-2 1.04343E-1 1.12685E-1 1.39594E-1 1.46673E-1 1.35006E-1 1.35781E-1 1.29217E-1 1.12598E-1 1.18436E-1 1.20935E-1 1.35034E-1 1.60429E-1 2.18155E-1 1.58844E-1 9.87779E-2 7.96059E-2 6.49074E-2 5.91988E-2 1.21526E-1 4.3661E-1 5.35775E-1 6.17794E-1 4.56734E-1 5.39026E-1 7.22085E-1 7.62899E-1 7.09551E-1 6.04148E-1 7.40644E-1 5.70457E-1 4.19403E-1 4.99479E-1 5.97108E-1 5.68405E-1 4.62334E-1 5.08223E-1 -9999 -9999 5.09612E-1 4.79776E-1 -9999 -9999 -9999 -9999 -9999
1.15549E-1 1.10506E-1 9.38975E-2 9.19214E-2 8.98587E-2 8.83566E-2 8.20617E-2 8.63086E-2 8.80818E-2 8.5911E-2 8.08924E-2 7.7714E-2 7.89854E-2 8.94812E-2 8.08633E-2 9.00487E-2 1.04024E-1 1.00312E-1 1.0102E-1 1.0067E-1 1.05128E-1 1.13868E-1 1.25561E-1 1.00725E-1 8.7203E-2 9.01615E-2 1.04261E-1 1.13649E-1 1.18791E-1 1.01233E-1 7.04942E-2 7.12807E-2 5.787E-2 1.06012E-1 2.25733E-1 4.27299E-1 5.70594E-1 6.20235E-1 6.26033E-1 6.94482E-1 7.92112E-1 6.81091E-1 6.28654E-1 5.6969E-1 5.96042E-1 4.26084E-1 3.38538E-1 4.5135E-1 5.45566E-1 5.4496E-1 5.10799E-1 5.37969E-1 6.06485E-1 5.89703E-1 5.63847E-1 5.11806E-1 -9999 -9999 -9999 -9999 -9999
1.01817E-1 9.62229E-2 8.46752E-2 9.27674E-2 1.13816E-1 9.72174E-2 9.61608E-2 1.08264E-1 9.67429E-2 1.01862E-1 9.2479E-2 8.74871E-2 8.74138E-2 9.63009E-2 1.11119E-1 1.10076E-1 1.06364E-1 1.26387E-1 1.26841E-1 1.08701E-1 9.28698E-2 1.05622E-1 1.16076E-1 9.23399E-2 1.04045E-1 1.14435E-1 1.30825E-1 1.3652E-1 9.44239E-2 5.92685E-2 7.1566E-2 7.66355E-2 6.56211E-2 1.41985E-1 2.06428E-1 3.49978E-1 5.25366E-1 7.00369E-1 7.22157E-1 8.2352E-1 7.8502E-1 7.43755E-1 5.90933E-1 5.51339E-1 4.66225E-1 2.83534E-1 3.04861E-1 4.5139E-1 4.46382E-1 5.04749E-1 6.7047E-1 6.46099E-1 6.03004E-1 6.03846E-1 5.70376E-1 3.95912E-1 -9999 -9999 -9999 -9999 -9999
8.84495E-2 8.91913E-2 9.42535E-2 9.92001E-2 1.13359E-1 9.85121E-2 1.21295E-1 1.10593E-1 9.99701E-2 1.20114E-1 1.13325E-1 1.14028E-1 1.28481E-1 1.24068E-1 1.42845E-1 1.39295E-1 1.35858E-1 1.44205E-1 1.66773E-1 1.25758E-1 1.15178E-1 1.09774E-1 1.07532E-1 1.36848E-1 1.14958E-1 1.12232E-1 1.08738E-1 9.1841E-2 6.53818E-2 6.09596E-2 9.14869E-2 1.04609E-1 1.20436E-1 1.78868E-1 2.95075E-1 3.59083E-1 6.00561E-1 7.67383E-1 8.28327E-1 8.50489E-1 8.39608E-1 7.60182E-1 6.13682E-1 4.16854E-1 3.04635E-1 3.13317E-1 3.7986E-1 4.69261E-1 5.07106E-1 5.3352E-1 5.45333E-1 5.7424E-1 5.01679E-1 2.58007E-1 3.78947E-1 -9999 -9999 -9999 -9999 -9999 -9999
9.88384E-2 9.86285E-2 9.80503E-2 1.09573E-1 1.23457E-1 1.2775E-1 1.20772E-1 1.14552E-1 1.37523E-1 1.22808E-1 1.44675E-1 1.17646E-1 1.09977E-1 1.18357E-1 9.79382E-2 1.13069E-1 1.22591E-1 1.15774E-1 1.17914E-1 1.19509E-1 1.38576E-1 1.33571E-1 1.52373E-1 1.3309E-1 1.0744E-1 1.08539E-1 9.63095E-2 7.32553E-2 7.24928E-2 9.50203E-2 1.12068E-1 1.02724E-1 9.25481E-2 2.12467E-1 3.55351E-1 4.39648E-1 6.3966E-1 8.95841E-1 9.2505E-1 8.37777E-1 7.95328E-1 7.18493E-1 5.4559E-1 4.88705E-1 3.1962E-1 5.44858E-1 -9999 -9999 -9999 -9999 4.94779E-1 -9999 -9999 4.23996E-1 5.21858E-1 5.27936E-1 -9999 -9999 -9999 -9999 -9999
9.01441E-2 9.52693E-2 9.12914E-2 1.40597E-1 1.08752E-1 9.71985E-2 9.43867E-2 1.21267E-1 1.33235E-1 1.13846E-1 1.2368E-1 1.47801E-1 1.70616E-1 1.03393E-1 7.24387E-2 9.7788E-2 9.32979E-2 1.19707E-1 1.26435E-1 1.42351E-1 1.25407E-1 1.40329E-1 1.46466E-1 9.50209E-2 9.98193E-2 1.02035E-1 8.44628E-2 1.08499E-1 1.96639E-1 1.34047E-1 1.05044E-1 1.50444E-1 1.67979E-1 2.53341E-1 3.24906E-1 4.15519E-1 8.86151E-1 -9999 -9999 5.98996E-1 7.20985E-1 6.42418E-1 5.75742E-1 5.73883E-1 -9999 5.59622E-1 -9999 -9999 -9999 -9999 -9999 -9999 -9999 -9999 -9999 -9999 -9999 -9999 -9999 -9999 -9999
8.92748E-2 9.56161E-2 1.12795E-1 1.05128E-1 1.1098E-1 1.03094E-1 1.40536E-1 1.52539E-1 1.07377E-1 1.22169E-1 1.34393E-1 1.65717E-1 1.17846E-1 9.29843E-2 1.13456E-1 1.12811E-1 1.21871E-1 1.57715E-1 1.69165E-1 1.54038E-1 1.32016E-1 1.18384E-1 8.59728E-2 9.08486E-2 8.42072E-2 8.29513E-2 1.11535E-1 1.45234E-1 1.40106E-1 1.41241E-1 1.326E-1 2.34435E-1 1.97594E-1 3.21489E-1 5.2715E-1 6.12198E-1 6.74143E-1 5.84948E-1 3.51408E-1 3.7994E-1 5.77006E-1 4.26664E-1 4.61971E-1 -9999 -9999 -9999 -9999 -9999 -9999 -9999 -9999 -9999 -9999 -9999 -9999 -9999 -9999 -9999 -9999 -9999 -9999
8.50502E-2 9.8959E-2 1.07498E-1 1.21441E-1 1.26087E-1 1.60713E-1 1.25556E-1 1.20608E-1 1.51625E-1 1.28198E-1 1.62751E-1 1.56318E-1 1.41126E-1 1.1763E-1 1.33212E-1 1.48867E-1 1.70232E-1 1.56751E-1 1.48961E-1 1.30629E-1 1.02036E-1 8.18281E-2 7.12247E-2 5.95884E-2 8.55705E-2 9.31405E-2 9.21766E-2 1.0445E-1 1.32849E-1 1.7439E-1 2.18891E-1 2.83001E-1 3.31266E-1 2.72382E-1 2.97079E-1 3.88489E-1 4.41311E-1 4.08436E-1 3.54505E-1 3.77228E-1 -9999 -9999 -9999 -9999 -9999 -9999 -9999 -9999 -9999 -9999 -9999 -9999 -9999 -9999 -9999 -9999 -9999 -9999 -9999 -9999 -9999
1.15586E-1 1.28945E-1 1.41988E-1 1.42695E-1 1.80446E-1 1.4958E-1 1.15942E-1 1.21119E-1 1.32803E-1 1.35414E-1 1.2296E-1 1.305E-1 1.28732E-1 1.37095E-1 1.54305E-1 1.81974E-1 1.69438E-1 1.63211E-1 1.33124E-1 1.08384E-1 8.43938E-2 7.95562E-2 1.00453E-1 9.60018E-2 9.12455E-2 8.66214E-2 6.73485E-2 9.35756E-2 1.42308E-1 1.90738E-1 2.56381E-1 3.28556E-1 3.57742E-1 3.17695E-1 3.74176E-1 5.3151E-1 3.6999E-1 -9999 -9999 -9999 -9999 -9999 -9999 -9999 -9999 -9999 -9999 -9999 -9999 -9999 -9999 -9999 -9999 -9999 -9999 -9999 -9999 -9999 -9999 -9999 -9999
