data/maxent/outputs/red_70.asc
ncols         426
nrows         180
xllcorner     -130.0
yllcorner     24.0
cellsize      0.16666666666666666
NODATA_value  -9999
[rows 0 to 26 of 180, columns 122 to 182 of 426]
3.0176E-5 2.64599E-5 2.73043E-5 1.51606E-5 1.28274E-5 2.12553E-5 2.99915E-5 3.49149E-5 2.65152E-5 2.2426E-5 1.62536E-5 1.53229E-5 1.7355E-5 1.68658E-5 1.64678E-5 1.4306E-5 1.66659E-5 1.59292E-5 1.57595E-5 1.70004E-5 1.89646E-5 1.59106E-5 1.35999E-5 1.37063E-5 9.70803E-6 9.57929E-6 7.95696E-6 6.70215E-6 6.50797E-6 6.32903E-6 6.33319E-6 6.01111E-6 5.76749E-6 5.3556E-6 5.3724E-6 5.23724E-6 5.25908E-6 6.15406E-6 6.59786E-6 6.97325E-6 6.91902E-6 7.06846E-6 6.74454E-6 6.47494E-6 6.08216E-6 5.75278E-6 5.3783E-6 5.76289E-6 6.30948E-6 6.29797E-6 5.0528E-6 5.22373E-6 5.11569E-6 4.71931E-6 5.44855E-6 7.23716E-6 8.81899E-6 6.30764E-6 6.87222E-6 8.03106E-6 4.61667E-6
2.10017E-5 1.86258E-5 1.56785E-5 1.35453E-5 1.35819E-5 1.46972E-5 1.58122E-5 1.6288E-5 2.84939E-5 3.48571E-5 2.22851E-5 1.70396E-5 1.42977E-5 1.85246E-5 2.22165E-5 1.6138E-5 1.37789E-5 1.38666E-5 1.63991E-5 1.59027E-5 1.89594E-5 1.70686E-5 1.631E-5 1.35684E-5 1.21268E-5 1.36993E-5 1.27257E-5 8.64484E-6 8.54805E-6 8.27294E-6 8.08788E-6 8.36535E-6 8.46768E-6 1.00605E-5 7.37963E-6 6.04115E-6 6.37866E-6 7.0648E-6 7.26096E-6 7.79708E-6 8.237E-6 7.56445E-6 7.01647E-6 6.45366E-6 6.47111E-6 7.05663E-6 6.80789E-6 6.66682E-6 5.81557E-6 3.52915E-6 4.0244E-6 6.1246E-6 7.1669E-6 6.91774E-6 6.77462E-6 7.11103E-6 1.06295E-5 8.70919E-6 5.68893E-6 5.56191E-6 4.85483E-6
1.74981E-5 1.57468E-5 1.35077E-5 1.32867E-5 1.71323E-5 1.56495E-5 1.90388E-5 1.77226E-5 2.03369E-5 2.31858E-5 2.93795E-5 1.89384E-5 1.41709E-5 1.56292E-5 2.02696E-5 1.85142E-5 1.40148E-5 1.33983E-5 1.38793E-5 1.62701E-5 1.62098E-5 1.75997E-5 1.65737E-5 1.45803E-5 1.01407E-5 1.21432E-5 1.17598E-5 1.14598E-5 1.02891E-5 1.04497E-5 8.93267E-6 7.88457E-6 7.5539E-6 6.93684E-6 7.51786E-6 1.04633E-5 1.15755E-5 1.06721E-5 8.28974E-6 8.81657E-6 9.93691E-6 9.98153E-6 7.94809E-6 8.97929E-6 1.03095E-5 1.23418E-5 8.3895E-6 6.8894E-6 6.27429E-6 5.60043E-6 6.08303E-6 7.45976E-6 8.08459E-6 7.82972E-6 8.72056E-6 8.71183E-6 1.01294E-5 8.17955E-6 7.04737E-6 5.0168E-6 4.89301E-6
2.37259E-5 1.97257E-5 1.60003E-5 1.53476E-5 1.37988E-5 1.53122E-5 1.48515E-5 1.3982E-5 1.59842E-5 1.61012E-5 2.20247E-5 2.2488E-5 2.23981E-5 1.61704E-5 1.79036E-5 1.93846E-5 1.65496E-5 1.40811E-5 1.39525E-5 1.40171E-5 1.42492E-5 1.36448E-5 1.15137E-5 1.08623E-5 1.05775E-5 9.96972E-6 9.44841E-6 1.05221E-5 1.04421E-5 1.19312E-5 1.0788E-5 9.6427E-6 1.04848E-5 8.65225E-6 9.453E-6 9.98868E-6 8.8236E-6 9.82094E-6 9.84293E-6 1.07803E-5 1.02337E-5 1.02882E-5 8.56675E-6 6.97622E-6 8.80474E-6 1.21858E-5 7.29388E-6 6.13794E-6 5.88689E-6 5.97317E-6 6.0931E-6 6.5416E-6 9.29301E-6 1.3045E-5 1.49792E-5 1.59634E-5 1.58271E-5 1.4653E-5 7.61463E-6 6.02073E-6 5.67783E-6
2.9846E-5 2.65091E-5 2.13267E-5 1.98213E-5 1.69412E-5 1.49649E-5 1.48997E-5 1.6527E-5 1.80424E-5 1.65283E-5 1.61032E-5 1.83711E-5 1.98101E-5 2.21764E-5 2.26271E-5 2.41325E-5 2.22143E-5 1.76822E-5 1.75475E-5 1.73948E-5 1.70521E-5 1.58723E-5 1.54928E-5 1.45591E-5 1.29299E-5 1.19531E-5 1.2786E-5 1.36655E-5 1.36027E-5 1.52027E-5 1.45778E-5 1.45014E-5 1.41816E-5 9.902E-6 8.03318E-6 9.12192E-6 1.05824E-5 1.15711E-5 1.27136E-5 1.29055E-5 1.01508E-5 7.93243E-6 5.54082E-6 5.21635E-6 1.21478E-5 1.19008E-5 7.56498E-6 6.83961E-6 7.23149E-6 7.28673E-6 7.34885E-6 8.51961E-6 7.63648E-6 7.7936E-6 1.14731E-5 1.44792E-5 1.8786E-5 1.68272E-5 1.20617E-5 1.06963E-5 1.02906E-5
3.6854E-5 3.95722E-5 3.48763E-5 3.19281E-5 2.5779E-5 2.09787E-5 1.60551E-5 2.69522E-5 1.92802E-5 1.69455E-5 1.58714E-5 1.61022E-5 1.65146E-5 2.07693E-5 3.00823E-5 3.68124E-5 2.50774E-5 1.89153E-5 2.08185E-5 2.08081E-5 2.17713E-5 2.08178E-5 1.81513E-5 1.61905E-5 1.55942E-5 1.5123E-5 1.50255E-5 1.44307E-5 1.40927E-5 1.3467E-5 1.39606E-5 1.30513E-5 1.47865E-5 1.36199E-5 9.10346E-6 9.08217E-6 8.79049E-6 1.10236E-5 1.25019E-5 1.06809E-5 7.92206E-6 6.2547E-6 7.76493E-6 1.18653E-5 1.62415E-5 1.11854E-5 8.33217E-6 8.6148E-6 1.17721E-5 1.27592E-5 1.12778E-5 1.97438E-5 1.87741E-5 1.669E-5 1.97467E-5 1.61236E-5 1.5158E-5 1.41032E-5 1.21204E-5 8.56368E-6 1.01734E-5
5.59879E-5 5.49128E-5 5.70582E-5 5.31154E-5 3.86393E-5 2.97259E-5 2.29649E-5 1.70297E-5 1.45505E-5 1.63197E-5 1.66063E-5 1.62196E-5 1.67773E-5 1.92694E-5 2.43225E-5 3.31831E-5 2.33597E-5 1.99785E-5 2.41861E-5 2.46212E-5 2.48134E-5 2.51901E-5 2.24918E-5 2.11024E-5 2.04054E-5 1.93316E-5 2.17529E-5 1.98583E-5 1.63657E-5 1.38007E-5 1.38143E-5 1.53458E-5 1.61537E-5 1.63011E-5 1.28554E-5 1.10065E-5 1.0867E-5 1.04493E-5 1.00464E-5 8.45795E-6 8.44909E-6 8.54509E-6 1.11057E-5 1.24063E-5 1.28966E-5 1.15261E-5 1.18233E-5 1.40953E-5 2.27746E-5 3.08207E-5 2.40463E-5 1.93179E-5 3.54579E-5 3.10727E-5 1.68234E-5 2.44985E-5 2.3571E-5 2.26806E-5 1.68295E-5 1.24483E-5 9.57082E-6
4.22457E-5 4.73158E-5 5.28431E-5 4.30185E-5 4.36296E-5 3.85289E-5 4.21253E-5 3.21105E-5 2.63616E-5 2.21903E-5 1.94701E-5 1.87296E-5 1.68334E-5 1.89316E-5 2.45125E-5 2.37007E-5 2.05959E-5 2.19485E-5 2.45846E-5 2.33031E-5 2.42071E-5 2.51191E-5 2.49601E-5 2.52587E-5 2.25157E-5 2.09963E-5 2.19771E-5 2.29408E-5 1.97992E-5 1.76225E-5 1.78301E-5 1.86023E-5 1.90797E-5 1.84225E-5 1.70694E-5 1.32128E-5 1.19888E-5 1.37642E-5 1.15141E-5 9.99106E-6 9.61267E-6 1.17933E-5 1.21486E-5 1.22479E-5 1.24813E-5 1.71043E-5 1.79176E-5 1.86187E-5 1.9302E-5 1.85568E-5 2.45959E-5 2.06189E-5 2.49847E-5 2.69669E-5 1.53641E-5 2.40033E-5 1.7327E-5 2.16061E-5 2.25815E-5 1.6621E-5 1.31396E-5
6.66046E-5 4.29553E-5 3.64677E-5 3.17571E-5 3.76301E-5 3.32296E-5 3.08312E-5 4.27395E-5 5.31961E-5 5.73696E-5 4.04494E-5 3.43111E-5 2.58791E-5 2.20941E-5 2.09343E-5 2.24314E-5 2.44837E-5 2.40306E-5 2.62948E-5 2.86378E-5 2.96574E-5 3.00978E-5 3.07509E-5 2.89595E-5 2.61657E-5 2.27437E-5 2.50011E-5 2.21304E-5 2.1134E-5 1.98783E-5 2.10829E-5 2.14572E-5 2.04827E-5 1.95697E-5 1.84689E-5 1.67675E-5 1.53357E-5 1.59528E-5 1.30275E-5 1.47201E-5 1.55862E-5 1.58406E-5 1.60608E-5 1.6153E-5 1.45263E-5 1.51122E-5 1.18185E-5 1.01892E-5 1.00435E-5 1.15213E-5 1.57349E-5 2.00027E-5 1.79652E-5 3.1291E-5 1.62658E-5 2.06189E-5 1.55456E-5 1.68827E-5 2.44983E-5 2.03356E-5 1.42116E-5
8.47889E-5 7.28742E-5 5.26658E-5 3.30364E-5 3.18391E-5 3.38861E-5 2.96159E-5 3.2581E-5 3.27085E-5 3.8344E-5 5.36074E-5 5.65614E-5 4.20435E-5 3.40476E-5 2.60324E-5 2.5441E-5 2.75521E-5 2.71468E-5 2.88536E-5 3.01772E-5 3.10349E-5 3.33921E-5 3.32715E-5 3.28139E-5 3.01745E-5 2.42084E-5 2.33839E-5 2.50793E-5 2.48137E-5 2.27748E-5 2.13974E-5 2.05061E-5 2.18086E-5 2.01793E-5 2.00016E-5 1.92654E-5 1.74995E-5 1.48869E-5 1.43269E-5 1.66465E-5 1.94081E-5 1.92433E-5 1.76697E-5 1.47273E-5 1.24218E-5 1.03763E-5 8.58303E-6 8.37784E-6 1.00095E-5 1.55601E-5 2.10532E-5 1.91217E-5 1.54745E-5 2.93917E-5 2.73476E-5 2.73038E-5 1.90798E-5 2.01747E-5 2.1848E-5 1.98325E-5 1.44562E-5
8.38666E-5 7.85936E-5 7.37346E-5 4.62808E-5 3.76078E-5 4.03578E-5 3.77035E-5 3.68258E-5 3.56332E-5 3.48571E-5 4.12467E-5 6.46331E-5 5.22551E-5 4.17955E-5 3.57447E-5 3.2312E-5 3.40004E-5 3.26333E-5 3.43156E-5 3.56478E-5 3.45394E-5 3.68219E-5 3.77395E-5 3.55047E-5 3.21776E-5 2.69689E-5 2.62816E-5 2.29354E-5 2.23856E-5 2.39304E-5 2.19487E-5 1.97444E-5 2.10863E-5 2.31699E-5 2.40423E-5 2.39129E-5 2.11716E-5 1.85644E-5 1.61917E-5 1.6718E-5 1.74309E-5 1.56822E-5 1.29638E-5 1.41478E-5 1.34442E-5 1.14824E-5 1.09051E-5 1.56833E-5 1.51102E-5 1.73659E-5 1.7329E-5 1.35375E-5 1.39477E-5 2.36278E-5 2.29514E-5 2.02992E-5 1.86653E-5 2.94568E-5 2.16866E-5 1.72166E-5 1.49104E-5
8.50359E-5 7.67952E-5 6.07634E-5 3.91883E-5 3.80491E-5 4.43391E-5 4.5444E-5 4.45887E-5 4.4815E-5 4.50781E-5 4.77972E-5 5.97314E-5 5.70489E-5 4.86447E-5 4.64976E-5 4.37529E-5 4.26535E-5 4.25921E-5 3.96613E-5 3.76984E-5 3.86281E-5 3.54172E-5 3.4587E-5 3.31341E-5 2.97026E-5 2.56471E-5 2.42871E-5 2.19487E-5 2.05989E-5 2.19577E-5 2.1512E-5 2.22369E-5 2.06827E-5 2.33379E-5 2.6062E-5 2.62811E-5 2.25818E-5 2.15337E-5 1.69486E-5 1.39993E-5 1.58036E-5 1.3086E-5 1.129E-5 9.52227E-6 1.09816E-5 1.11511E-5 1.12726E-5 1.35402E-5 1.14459E-5 9.13114E-6 1.09129E-5 1.49049E-5 2.31744E-5 3.19116E-5 2.42301E-5 2.156E-5 2.25987E-5 3.02451E-5 2.35952E-5 1.61481E-5 1.82649E-5
5.20486E-5 5.34942E-5 4.45795E-5 4.2093E-5 3.55116E-5 4.51512E-5 4.62614E-5 4.84272E-5 5.45252E-5 5.9347E-5 5.71636E-5 5.25084E-5 5.55223E-5 5.12252E-5 4.90326E-5 4.65826E-5 4.16834E-5 4.27577E-5 3.8596E-5 4.27917E-5 4.67458E-5 4.55607E-5 4.10583E-5 3.68294E-5 3.16952E-5 2.73556E-5 2.5435E-5 2.52815E-5 2.25563E-5 2.23466E-5 2.17211E-5 3.36234E-5 2.84158E-5 3.84046E-5 3.3715E-5 2.69553E-5 2.76037E-5 2.18889E-5 1.50602E-5 1.45057E-5 1.50556E-5 1.4887E-5 1.14984E-5 1.11747E-5 1.11677E-5 1.36629E-5 1.38616E-5 1.38294E-5 1.17336E-5 1.02266E-5 1.53316E-5 1.95833E-5 1.8127E-5 2.38964E-5 3.15491E-5 2.66425E-5 1.68619E-5 2.16779E-5 2.21446E-5 1.6943E-5 1.40842E-5
4.12197E-5 3.91464E-5 4.34897E-5 3.89638E-5 3.82527E-5 4.51128E-5 4.47962E-5 4.0697E-5 4.38259E-5 4.72716E-5 5.23936E-5 5.28576E-5 5.97096E-5 5.98631E-5 4.9189E-5 5.05204E-5 4.05619E-5 3.90838E-5 4.31178E-5 5.80628E-5 5.96609E-5 5.74669E-5 5.76236E-5 4.51778E-5 3.51585E-5 3.09543E-5 2.54884E-5 2.55583E-5 2.42645E-5 2.50916E-5 2.48904E-5 3.26032E-5 3.00142E-5 3.14456E-5 3.38214E-5 3.59153E-5 3.72279E-5 2.84786E-5 2.26704E-5 1.72826E-5 1.4458E-5 1.23201E-5 9.62022E-6 1.12036E-5 1.4128E-5 1.66185E-5 1.394E-5 1.6574E-5 1.40089E-5 1.45456E-5 1.53336E-5 1.23961E-5 1.35655E-5 1.88172E-5 2.27957E-5 1.65454E-5 1.7328E-5 1.94472E-5 2.04263E-5 2.21439E-5 1.75062E-5
4.7196E-5 5.2218E-5 4.84906E-5 5.62622E-5 5.11191E-5 4.28884E-5 5.07621E-5 6.47959E-5 5.79928E-5 5.01051E-5 4.08933E-5 4.35875E-5 4.92786E-5 5.26946E-5 5.17215E-5 5.36721E-5 5.28101E-5 4.71178E-5 4.62315E-5 4.61879E-5 4.35514E-5 4.47091E-5 4.8782E-5 5.01541E-5 4.49667E-5 3.90134E-5 3.03284E-5 2.743E-5 2.69399E-5 2.61664E-5 2.45113E-5 2.45267E-5 2.56566E-5 2.85744E-5 3.39098E-5 3.87395E-5 3.85006E-5 3.48558E-5 2.99738E-5 2.50744E-5 2.29486E-5 2.26407E-5 2.07818E-5 1.68538E-5 1.53829E-5 1.33463E-5 9.62093E-6 9.6995E-6 1.16849E-5 1.03989E-5 1.1427E-5 1.29664E-5 1.17868E-5 1.68994E-5 2.24577E-5 1.42734E-5 2.00553E-5 1.46696E-5 1.44495E-5 2.11031E-5 2.24856E-5
6.33431E-5 6.61526E-5 6.35821E-5 6.12937E-5 7.67943E-5 7.4622E-5 6.16701E-5 6.65468E-5 6.50287E-5 6.19637E-5 3.98552E-5 4.05128E-5 4.43085E-5 5.91759E-5 6.26256E-5 7.04179E-5 6.8571E-5 5.68465E-5 5.71979E-5 5.54349E-5 4.83443E-5 4.65818E-5 4.18914E-5 4.24257E-5 5.55814E-5 5.17037E-5 4.02942E-5 3.17862E-5 3.2667E-5 2.70645E-5 2.20685E-5 2.06664E-5 2.54732E-5 2.86987E-5 3.37881E-5 3.68175E-5 3.63037E-5 3.38143E-5 2.93456E-5 3.01448E-5 3.08203E-5 2.46837E-5 2.40112E-5 2.31409E-5 1.76473E-5 2.2726E-5 1.52449E-5 1.19926E-5 6.10408E-6 5.78246E-6 7.72072E-6 1.36968E-5 1.6613E-5 2.06996E-5 2.37126E-5 1.33122E-5 1.20674E-5 1.23328E-5 2.27252E-5 1.89024E-5 1.55602E-5
6.98104E-5 7.09781E-5 7.73828E-5 6.73393E-5 6.42227E-5 7.00571E-5 6.1156E-5 6.48428E-5 6.91187E-5 6.53829E-5 5.97637E-5 5.49177E-5 6.37406E-5 6.29657E-5 6.5648E-5 8.24186E-5 8.9275E-5 6.84198E-5 6.24192E-5 6.91125E-5 5.30552E-5 5.65685E-5 5.52265E-5 4.73085E-5 5.63619E-5 5.21008E-5 6.00742E-5 4.97223E-5 4.06029E-5 3.06363E-5 2.52551E-5 2.39532E-5 2.67232E-5 3.00205E-5 3.57926E-5 3.8322E-5 3.76739E-5 3.32782E-5 2.94777E-5 3.01716E-5 3.24543E-5 3.22812E-5 2.54138E-5 2.31386E-5 1.85475E-5 1.82579E-5 1.82436E-5 1.53727E-5 1.25196E-5 1.06819E-5 1.03711E-5 1.32308E-5 1.91949E-5 2.10111E-5 1.76301E-5 1.35974E-5 1.3319E-5 1.6787E-5 2.82644E-5 3.75044E-5 2.29958E-5
6.79393E-5 7.16268E-5 7.38915E-5 8.61065E-5 9.68089E-5 7.69894E-5 6.10473E-5 5.43734E-5 7.3932E-5 7.16373E-5 7.51894E-5 8.70641E-5 6.66602E-5 6.1798E-5 7.17497E-5 8.22155E-5 8.55842E-5 9.77133E-5 9.08986E-5 7.22833E-5 6.32169E-5 6.82394E-5 7.54106E-5 6.58892E-5 6.51476E-5 6.15309E-5 6.64295E-5 5.77211E-5 4.82815E-5 3.9998E-5 3.32376E-5 3.00946E-5 3.11306E-5 3.32501E-5 3.38944E-5 3.6941E-5 3.73294E-5 3.82457E-5 3.61787E-5 3.41483E-5 3.20007E-5 3.03819E-5 2.62625E-5 2.52673E-5 2.09663E-5 2.06733E-5 2.09671E-5 1.81503E-5 1.69218E-5 1.51604E-5 1.37121E-5 1.71792E-5 2.17431E-5 1.81717E-5 1.87137E-5 1.82165E-5 1.77778E-5 2.12441E-5 2.39354E-5 3.21724E-5 2.85685E-5
8.49889E-5 8.77035E-5 8.95293E-5 9.1946E-5 1.07915E-4 1.12608E-4 1.04943E-4 8.25095E-5 9.85408E-5 7.72897E-5 6.98014E-5 7.46918E-5 8.13033E-5 7.66426E-5 8.32079E-5 9.95648E-5 1.43417E-4 1.11554E-4 1.03926E-4 1.03087E-4 8.43586E-5 7.50275E-5 6.8628E-5 7.88262E-5 7.99262E-5 7.72989E-5 8.15677E-5 6.99878E-5 5.25118E-5 4.50237E-5 4.19076E-5 3.88391E-5 3.19439E-5 3.09675E-5 3.36609E-5 3.37989E-5 3.52189E-5 3.84867E-5 3.74568E-5 3.48236E-5 3.96397E-5 3.57432E-5 3.38786E-5 3.20121E-5 3.01357E-5 2.43013E-5 2.32629E-5 1.92205E-5 1.62524E-5 1.31209E-5 1.25824E-5 1.36925E-5 2.0011E-5 2.08851E-5 2.38627E-5 2.55366E-5 2.37455E-5 2.11363E-5 2.56875E-5 3.10353E-5 2.62487E-5
1.22636E-4 9.76708E-5 8.76499E-5 9.5062E-5 9.98101E-5 1.25218E-4 1.43662E-4 1.36295E-4 1.1034E-4 1.12838E-4 7.98402E-5 6.37079E-5 8.22517E-5 1.24532E-4 1.40653E-4 1.63872E-4 1.45754E-4 1.5139E-4 1.31449E-4 1.20309E-4 8.72586E-5 8.63237E-5 9.65534E-5 9.4499E-5 9.62948E-5 8.88421E-5 8.60131E-5 7.56019E-5 6.03862E-5 5.21097E-5 4.6659E-5 5.05293E-5 4.67011E-5 4.23056E-5 4.20083E-5 4.2284E-5 4.23528E-5 3.68834E-5 3.95065E-5 4.31541E-5 4.73949E-5 4.38564E-5 3.89655E-5 3.8392E-5 3.60711E-5 3.64558E-5 3.27816E-5 2.12003E-5 1.83024E-5 1.68153E-5 1.36968E-5 1.14708E-5 1.23923E-5 1.14678E-5 1.63202E-5 1.67134E-5 1.47027E-5 1.7529E-5 1.92834E-5 1.90658E-5 3.08223E-5
8.95477E-5 8.65502E-5 5.72947E-5 6.58818E-5 7.70203E-5 9.78956E-5 1.21293E-4 1.49011E-4 1.48507E-4 1.35278E-4 1.36028E-4 1.26895E-4 1.38404E-4 1.12532E-4 8.63988E-5 9.61293E-5 1.01349E-4 1.46686E-4 1.42669E-4 1.1884E-4 1.03784E-4 8.20487E-5 9.49653E-5 9.38638E-5 8.4629E-5 1.02843E-4 9.74166E-5 7.8647E-5 6.74925E-5 5.68552E-5 4.2967E-5 3.65257E-5 3.99728E-5 4.09926E-5 3.97105E-5 4.2968E-5 4.86361E-5 5.07712E-5 5.08758E-5 5.32781E-5 5.20089E-5 5.25491E-5 4.89126E-5 4.95892E-5 4.54445E-5 4.52273E-5 4.46257E-5 3.75126E-5 2.38815E-5 2.10944E-5 1.63502E-5 1.3807E-5 1.35159E-5 1.35053E-5 1.29345E-5 1.26659E-5 1.22939E-5 1.25145E-5 1.22211E-5 1.54786E-5 2.30032E-5
1.07211E-4 9.34474E-5 7.61682E-5 6.6028E-5 7.90493E-5 9.9115E-5 1.17261E-4 1.30527E-4 1.42911E-4 1.36696E-4 1.26634E-4 1.38792E-4 1.42846E-4 1.14235E-4 9.10951E-5 1.00773E-4 1.04689E-4 1.05579E-4 9.66372E-5 8.90067E-5 1.05903E-4 8.84614E-5 1.17178E-4 1.68352E-4 1.12759E-4 8.72239E-5 8.82184E-5 6.13912E-5 4.96449E-5 4.10945E-5 4.43903E-5 4.00678E-5 3.56525E-5 3.2796E-5 3.55751E-5 3.78365E-5 4.6894E-5 5.39758E-5 5.8385E-5 5.51855E-5 5.24255E-5 5.08126E-5 4.68798E-5 4.69495E-5 4.78702E-5 4.40646E-5 4.25247E-5 4.56541E-5 4.05536E-5 2.94245E-5 2.621E-5 2.0267E-5 1.87462E-5 1.94006E-5 1.53837E-5 1.24598E-5 1.26012E-5 1.26445E-5 1.16085E-5 1.04777E-5 1.92988E-5
1.00252E-4 8.43709E-5 7.91449E-5 8.81616E-5 9.67415E-5 1.07337E-4 1.32295E-4 1.69606E-4 1.54191E-4 1.6732E-4 1.81651E-4 1.81701E-4 1.74289E-4 1.55637E-4 1.29805E-4 1.26905E-4 1.29216E-4 1.12753E-4 9.59196E-5 7.29757E-5 7.02428E-5 6.59723E-5 7.56031E-5 1.3043E-4 2.89708E-4 1.80535E-4 9.2988E-5 5.91004E-5 4.46224E-5 4.03088E-5 3.94118E-5 3.23738E-5 3.2644E-5 3.94883E-5 3.9248E-5 4.1076E-5 4.02695E-5 4.4995E-5 4.93377E-5 5.01473E-5 4.91563E-5 4.77264E-5 4.71642E-5 4.74733E-5 4.64944E-5 4.49529E-5 4.25559E-5 4.40164E-5 4.78169E-5 4.55607E-5 4.22587E-5 3.33509E-5 2.42499E-5 2.09271E-5 1.9141E-5 1.26425E-5 1.18119E-5 1.20865E-5 1.32051E-5 1.70617E-5 2.37854E-5
1.24404E-4 1.22516E-4 1.45874E-4 1.55882E-4 1.39912E-4 1.80072E-4 1.9124E-4 2.07981E-4 1.9593E-4 1.61463E-4 1.58361E-4 1.46669E-4 1.39055E-4 1.55566E-4 1.48387E-4 1.60229E-4 1.23272E-4 9.82276E-5 1.07313E-4 8.96455E-5 1.04339E-4 1.88342E-4 2.03494E-4 1.03736E-4 1.63143E-4 2.76674E-4 2.15421E-4 1.43576E-4 7.27617E-5 5.07737E-5 4.42707E-5 3.78132E-5 3.58631E-5 3.95466E-5 4.44605E-5 4.41413E-5 4.66846E-5 4.8133E-5 4.85217E-5 4.89136E-5 4.50414E-5 4.60912E-5 4.29802E-5 4.15206E-5 3.87919E-5 3.91215E-5 3.97614E-5 4.02384E-5 4.52331E-5 5.08832E-5 4.71801E-5 4.45826E-5 3.70766E-5 2.45086E-5 2.15089E-5 1.65623E-5 1.65593E-5 1.59952E-5 1.82591E-5 2.32646E-5 2.417E-5
2.81022E-4 2.97785E-4 2.94207E-4 3.72188E-4 3.9938E-4 4.30372E-4 3.23082E-4 1.99333E-4 1.82504E-4 1.76694E-4 1.85285E-4 1.53708E-4 1.66967E-4 1.34665E-4 1.015E-4 1.11748E-4 1.19399E-4 1.42927E-4 1.65196E-4 1.23246E-4 1.52896E-4 1.56579E-4 1.45211E-4 1.35285E-4 1.17917E-4 1.80793E-4 1.7538E-4 1.89304E-4 1.79611E-4 1.04055E-4 9.8979E-5 6.58822E-5 5.1853E-5 4.64797E-5 5.02464E-5 4.72388E-5 4.78383E-5 4.97642E-5 4.88914E-5 4.68718E-5 4.24312E-5 3.62808E-5 3.68807E-5 4.14426E-5 3.79719E-5 3.53913E-5 3.54615E-5 3.98313E-5 4.61826E-5 5.20842E-5 5.40291E-5 5.465E-5 5.30795E-5 3.86089E-5 3.05129E-5 2.18165E-5 2.22899E-5 2.3561E-5 2.31946E-5 2.20921E-5 2.24854E-5
3.62325E-4 3.5552E-4 3.24357E-4 3.2782E-4 3.44375E-4 3.24978E-4 2.55476E-4 1.58511E-4 1.4576E-4 1.48786E-4 1.46493E-4 1.6233E-4 1.56846E-4 1.51983E-4 1.45578E-4 1.14536E-4 9.78043E-5 1.08234E-4 1.56376E-4 2.04244E-4 2.28792E-4 2.20909E-4 2.38787E-4 2.38018E-4 1.74999E-4 1.50517E-4 1.31127E-4 1.03836E-4 1.38574E-4 2.18395E-4 2.14216E-4 1.2354E-4 8.76099E-5 8.69741E-5 6.31076E-5 6.13342E-5 5.71932E-5 5.7195E-5 5.46272E-5 4.97045E-5 3.9597E-5 3.5949E-5 3.79378E-5 4.46769E-5 4.21599E-5 3.82604E-5 3.68361E-5 3.9544E-5 4.39553E-5 4.80848E-5 5.50582E-5 6.32592E-5 5.65671E-5 5.94764E-5 4.8053E-5 4.03827E-5 3.44772E-5 2.82866E-5 3.27256E-5 3.26407E-5 2.77323E-5
1.70058E-4 1.39857E-4 1.09095E-4 1.56913E-4 2.37585E-4 2.52511E-4 1.6297E-4 1.67271E-4 1.41964E-4 1.38226E-4 1.30157E-4 1.06518E-4 1.81216E-4 2.0393E-4 1.90613E-4 1.31514E-4 1.16735E-4 1.09791E-4 1.6475E-4 2.19765E-4 2.66897E-4 3.15967E-4 3.60622E-4 3.55441E-4 3.98619E-4 4.3164E-4 3.55942E-4 2.54519E-4 1.98189E-4 2.23176E-4 2.74443E-4 2.71507E-4 2.05671E-4 1.35272E-4 9.80294E-5 7.65321E-5 7.04123E-5 6.82345E-5 6.02138E-5 5.06292E-5 4.43972E-5 3.94302E-5 3.52026E-5 3.65373E-5 3.94625E-5 4.11402E-5 4.20481E-5 4.25576E-5 4.69687E-5 5.2614E-5 5.99617E-5 6.42804E-5 5.48172E-5 6.12539E-5 5.75609E-5 5.24179E-5 4.32971E-5 3.57288E-5 3.95814E-5 4.15003E-5 4.0444E-5
