data/maxent/outputs/red_192.asc
ncols         426
nrows         180
xllcorner     -130.0
yllcorner     24.0
cellsize      0.16666666666666666
NODATA_value  -9999
[rows 135 to 161 of 180, columns 122 to 182 of 426]
3.06965E-2 8.18921E-2 3.67949E-2 1.3691E-1 1.23091E-1 1.6881E-1 7.43645E-2 9.00609E-2 5.7578E-2 2.77914E-2 3.45423E-2 3.94389E-2 1.83024E-2 1.37005E-2 1.35505E-2 1.16776E-2 1.17766E-2 1.25054E-2 1.47404E-2 1.53997E-2 1.33852E-2 8.74562E-3 9.91957E-3 1.67058E-2 3.75803E-2 2.86057E-2 3.50975E-2 7.68163E-2 1.65309E-1 3.22442E-2 1.22057E-1 8.50447E-2 5.45068E-2 3.74679E-2 3.26157E-2 3.22662E-2 2.86403E-2 2.71139E-2 2.97226E-2 2.8623E-2 2.87036E-2 3.29662E-2 4.4816E-2 6.66302E-2 9.21753E-2 1.03591E-1 1.08277E-1 1.04725E-1 1.12173E-1 1.11469E-1 1.16044E-1 1.31331E-1 1.43283E-1 1.47048E-1 1.58823E-1 1.67434E-1 1.68052E-1 1.81453E-1 2.03983E-1 2.18487E-1 2.29942E-1
4.59035E-2 9.15602E-2 3.44656E-2 1.14795E-1 2.07531E-1 3.52237E-1 7.79436E-2 7.71258E-2 5.73348E-2 3.39916E-2 3.12512E-2 4.87266E-2 3.01048E-2 1.82719E-2 2.4111E-2 1.54406E-2 1.32293E-2 1.17688E-2 1.53632E-2 1.8542E-2 3.39109E-2 1.47839E-2 1.68823E-2 8.99509E-3 1.52965E-2 3.85034E-2 4.29734E-2 9.80967E-2 1.52886E-1 5.24976E-2 7.01403E-2 1.15477E-1 6.75563E-2 4.60914E-2 4.19545E-2 3.69502E-2 3.10081E-2 3.24647E-2 3.52388E-2 3.39392E-2 3.25643E-2 3.29746E-2 4.47492E-2 7.19004E-2 1.10907E-1 1.09717E-1 1.1853E-1 1.23455E-1 1.24224E-1 1.27612E-1 1.30602E-1 1.51884E-1 1.59721E-1 1.63106E-1 1.8108E-1 1.90112E-1 2.10589E-1 2.02007E-1 2.15993E-1 2.19251E-1 2.27967E-1
4.31669E-2 4.24176E-2 2.84653E-2 2.04962E-1 4.09265E-1 2.10729E-1 1.12302E-1 6.69867E-2 4.93058E-2 3.5576E-2 3.05674E-2 6.14667E-2 4.81629E-2 2.24796E-2 1.64033E-2 1.9118E-2 1.51908E-2 1.33719E-2 1.98238E-2 2.28262E-2 3.17452E-2 2.15941E-2 5.67758E-2 1.21932E-2 9.58462E-3 3.11807E-2 2.51349E-2 4.63782E-2 8.67529E-2 4.23839E-2 4.61556E-2 1.00938E-1 1.05514E-1 1.15895E-1 6.18251E-2 4.30218E-2 3.57646E-2 3.70909E-2 4.06162E-2 4.26329E-2 4.52444E-2 5.0714E-2 6.44292E-2 8.02346E-2 1.05561E-1 1.23103E-1 1.31574E-1 1.18994E-1 1.22487E-1 1.2484E-1 1.29537E-1 1.38878E-1 1.59763E-1 1.75244E-1 1.87362E-1 1.92332E-1 2.06596E-1 2.04688E-1 2.07124E-1 2.08306E-1 2.14317E-1
3.48758E-2 8.06507E-2 3.61525E-2 2.27983E-1 2.73725E-1 9.84965E-2 7.17349E-2 6.26078E-2 5.64292E-2 5.71888E-2 6.22352E-2 8.89889E-2 4.70224E-2 1.78236E-2 1.59897E-2 1.67592E-2 1.37183E-2 1.39937E-2 2.25972E-2 1.70897E-2 2.46964E-2 3.93903E-2 3.15589E-2 4.52469E-2 1.79308E-2 1.56826E-2 1.67081E-2 9.71882E-2 4.90168E-2 5.27845E-2 5.94385E-2 1.03565E-1 2.01055E-1 2.6553E-1 1.10409E-1 8.06336E-2 5.29352E-2 5.34825E-2 5.15281E-2 5.68496E-2 6.1996E-2 7.12303E-2 8.99861E-2 1.04131E-1 1.19878E-1 1.2978E-1 1.28836E-1 1.24457E-1 1.2165E-1 1.23649E-1 1.30218E-1 1.30106E-1 1.46E-1 1.65512E-1 1.91309E-1 1.93748E-1 1.94228E-1 1.94519E-1 1.9041E-1 1.92117E-1 2.04382E-1
5.06496E-2 7.99311E-2 8.81245E-2 8.56858E-2 2.75066E-1 1.7865E-1 1.58837E-1 1.09977E-1 9.18884E-2 6.06261E-2 3.7497E-2 7.36575E-2 4.27637E-2 2.00511E-2 1.63018E-2 1.79934E-2 1.37829E-2 2.27512E-2 1.58649E-2 1.40971E-2 2.75179E-2 3.05817E-2 2.41239E-2 4.25682E-2 8.631E-2 3.6364E-2 1.43952E-2 1.62815E-2 4.13726E-2 4.51866E-2 5.21563E-2 1.07285E-1 2.58316E-1 3.31808E-1 3.3527E-1 2.18361E-1 1.38477E-1 7.68932E-2 6.35501E-2 7.05157E-2 7.79122E-2 8.04106E-2 9.30286E-2 1.0551E-1 1.12242E-1 1.19362E-1 1.17347E-1 1.24994E-1 1.3244E-1 1.28021E-1 1.33683E-1 1.40585E-1 1.50908E-1 1.66696E-1 1.81622E-1 2.00385E-1 2.19345E-1 2.26958E-1 2.1976E-1 2.10592E-1 2.07954E-1
1.35661E-1 7.78316E-2 2.58386E-1 3.05693E-1 1.38077E-1 2.97365E-1 4.73129E-1 2.46433E-1 1.16546E-1 5.64108E-2 3.87423E-2 8.97182E-2 6.00119E-2 2.55015E-2 1.87235E-2 2.43118E-2 1.87541E-2 2.00648E-2 1.72028E-2 2.98641E-2 4.91046E-2 4.42636E-2 3.42425E-2 2.80962E-2 3.57021E-2 4.68585E-2 2.30846E-2 1.51897E-2 2.36207E-2 3.89905E-2 4.25261E-2 6.72368E-2 2.19333E-1 3.01676E-1 1.84512E-1 2.18545E-1 1.67914E-1 9.8665E-2 1.036E-1 1.37449E-1 1.35481E-1 1.11898E-1 1.02073E-1 1.02431E-1 9.38683E-2 1.03287E-1 1.17246E-1 1.27637E-1 1.34674E-1 1.34955E-1 1.42226E-1 1.47284E-1 1.58636E-1 1.69951E-1 1.83844E-1 1.96834E-1 2.26885E-1 2.10457E-1 1.99078E-1 1.95701E-1 2.08823E-1
1.66268E-1 8.87084E-2 1.56395E-1 3.93493E-1 1.06203E-1 2.57163E-1 5.04691E-1 3.87882E-1 2.3557E-1 8.45957E-2 3.91504E-2 4.82435E-2 3.84503E-2 2.56988E-2 2.34618E-2 2.14154E-2 2.85577E-2 2.38372E-2 2.57953E-2 4.99421E-2 8.06161E-2 5.46926E-2 6.76459E-2 2.46972E-2 2.3932E-2 2.92813E-2 1.839E-2 1.51506E-2 3.12805E-2 3.12156E-2 8.4217E-2 5.36227E-2 9.77141E-2 1.16073E-1 1.76081E-1 2.06135E-1 1.51385E-1 1.77398E-1 2.75338E-1 2.48904E-1 1.84692E-1 1.53221E-1 1.28686E-1 1.07628E-1 9.2643E-2 1.04854E-1 1.16621E-1 1.33903E-1 1.40162E-1 1.38689E-1 1.44171E-1 1.50204E-1 1.65475E-1 1.72904E-1 1.90837E-1 2.01233E-1 2.18631E-1 2.18494E-1 2.07855E-1 2.1208E-1 2.44938E-1
1.728E-1 9.67149E-2 1.18611E-1 2.43642E-1 1.45194E-1 3.52418E-1 5.06596E-1 3.10472E-1 2.18767E-1 9.34468E-2 5.43193E-2 4.57259E-2 2.56323E-2 2.47678E-2 2.41661E-2 3.17594E-2 2.99156E-2 3.35574E-2 3.57377E-2 6.08623E-2 7.34436E-2 6.38804E-2 5.60476E-2 3.43628E-2 2.08632E-2 4.22525E-2 2.44229E-2 1.45481E-2 3.90165E-2 2.52868E-2 4.30236E-2 9.09659E-2 8.45837E-2 6.86294E-2 1.03317E-1 2.19368E-1 2.76734E-1 2.31838E-1 1.41262E-1 1.2937E-1 1.89046E-1 1.47285E-1 1.07663E-1 9.94031E-2 9.29939E-2 9.3661E-2 1.13217E-1 1.36485E-1 1.43308E-1 1.48664E-1 1.54474E-1 1.62493E-1 1.73681E-1 1.93101E-1 2.04013E-1 2.08384E-1 2.29865E-1 2.30824E-1 2.33805E-1 2.47991E-1 2.54928E-1
1.46489E-1 7.88841E-2 8.61339E-2 1.8716E-1 3.64652E-1 3.88609E-1 4.00614E-1 3.25276E-1 2.14261E-1 1.51404E-1 1.19241E-1 5.9301E-2 2.54001E-2 3.00779E-2 2.59145E-2 2.96067E-2 3.20464E-2 5.46387E-2 6.84876E-2 5.60435E-2 4.16487E-2 5.3053E-2 3.25987E-2 2.65547E-2 2.41975E-2 4.35271E-2 3.96101E-2 1.67435E-2 3.8347E-2 2.62711E-2 3.36918E-2 1.10779E-1 1.00235E-1 7.19305E-2 1.04622E-1 1.8839E-1 1.88372E-1 1.33873E-1 1.06056E-1 1.14336E-1 1.45163E-1 1.0769E-1 7.70565E-2 8.22148E-2 8.03187E-2 8.02851E-2 1.08426E-1 1.20837E-1 1.50384E-1 1.68275E-1 1.7546E-1 1.97547E-1 2.08892E-1 2.16246E-1 2.28257E-1 2.38681E-1 2.62167E-1 2.74758E-1 2.8207E-1 2.7179E-1 2.75583E-1
6.88091E-2 7.54051E-2 7.98182E-2 1.33946E-1 3.26768E-1 4.93445E-1 3.93022E-1 3.78751E-1 2.98698E-1 2.03742E-1 1.40658E-1 8.78479E-2 4.90746E-2 5.38863E-2 3.69114E-2 3.79101E-2 2.98544E-2 2.88821E-2 4.33729E-2 3.47329E-2 4.20771E-2 3.93709E-2 3.81171E-2 3.14479E-2 3.89444E-2 7.52185E-2 7.767E-2 3.35687E-2 4.0268E-2 3.00271E-2 3.13779E-2 9.11162E-2 5.71931E-2 5.6834E-2 8.78694E-2 9.06364E-2 9.30276E-2 1.13347E-1 7.73357E-2 1.14316E-1 8.02313E-2 6.13509E-2 5.1965E-2 5.89923E-2 7.17765E-2 7.94588E-2 9.43475E-2 1.17094E-1 1.53688E-1 1.78962E-1 1.89349E-1 2.17673E-1 2.34755E-1 2.44755E-1 2.59829E-1 2.50482E-1 2.85688E-1 3.06523E-1 3.19456E-1 3.1505E-1 3.23301E-1
2.79053E-2 6.01148E-2 6.44203E-2 7.65319E-2 1.34214E-1 5.29512E-1 4.93932E-1 4.45759E-1 3.66638E-1 2.99789E-1 1.3171E-1 7.4859E-2 1.03874E-1 6.0014E-2 6.43269E-2 4.84866E-2 5.15233E-2 2.78904E-2 3.84641E-2 3.98272E-2 4.03776E-2 2.47346E-2 4.10514E-2 3.37247E-2 4.43569E-2 7.26203E-2 4.6984E-2 4.45436E-2 2.36404E-2 3.01419E-2 2.00901E-2 3.0666E-2 3.68236E-2 3.83554E-2 5.80164E-2 4.55474E-2 7.06701E-2 1.03667E-1 7.55405E-2 4.68183E-2 5.22575E-2 5.78866E-2 6.16544E-2 6.21613E-2 6.35517E-2 6.7215E-2 8.96227E-2 1.13832E-1 1.49282E-1 1.93136E-1 2.12742E-1 2.29949E-1 2.53117E-1 2.56555E-1 2.76852E-1 2.74954E-1 3.0287E-1 2.99738E-1 3.53132E-1 3.48021E-1 3.77717E-1
2.87687E-2 4.49713E-2 6.55664E-2 6.41084E-2 8.01641E-2 1.81713E-1 4.353E-1 4.41184E-1 3.76551E-1 3.33107E-1 1.86644E-1 7.52683E-2 1.0941E-1 6.3906E-2 7.60779E-2 5.05864E-2 9.30219E-2 1.06409E-1 4.51919E-2 3.362E-2 3.09907E-2 1.88355E-2 2.22511E-2 4.28933E-2 4.89491E-2 6.0992E-2 4.18141E-2 2.32093E-2 1.8483E-2 2.11543E-2 1.62662E-2 1.93447E-2 2.68184E-2 4.58347E-2 7.6531E-2 7.18957E-2 6.10014E-2 7.84961E-2 6.62693E-2 5.21799E-2 5.73483E-2 6.21585E-2 5.76852E-2 5.21807E-2 4.89444E-2 4.73599E-2 6.01084E-2 9.52919E-2 1.31009E-1 1.78688E-1 2.56226E-1 2.63041E-1 2.78924E-1 2.71005E-1 2.92763E-1 2.9364E-1 2.98276E-1 3.22193E-1 3.36483E-1 3.61438E-1 3.88281E-1
3.18588E-2 5.60004E-2 5.26218E-2 6.14775E-2 6.51787E-2 1.26364E-1 3.12207E-1 3.75495E-1 4.04726E-1 2.80465E-1 1.18751E-1 6.74578E-2 8.31338E-2 6.12083E-2 6.05872E-2 5.53426E-2 5.39133E-2 1.10813E-1 1.15732E-1 3.94491E-2 2.62922E-2 1.78924E-2 1.24893E-2 2.00477E-2 3.20608E-2 4.35949E-2 3.30439E-2 1.57435E-2 1.54807E-2 1.93636E-2 1.36023E-2 1.45388E-2 2.12983E-2 4.88356E-2 6.7203E-2 9.04036E-2 6.22907E-2 9.40458E-2 7.13731E-2 5.73086E-2 6.65566E-2 4.26805E-2 4.35165E-2 3.94978E-2 6.33827E-2 4.41351E-2 4.92071E-2 7.77575E-2 1.30586E-1 1.90856E-1 2.38269E-1 2.79192E-1 2.90872E-1 2.88307E-1 2.85458E-1 2.93542E-1 2.96719E-1 3.1356E-1 3.47355E-1 3.40838E-1 3.51909E-1
3.51629E-2 4.3771E-2 4.99958E-2 5.70895E-2 8.56397E-2 1.72947E-1 1.65493E-1 3.60687E-1 3.80681E-1 2.68477E-1 1.51767E-1 7.78123E-2 1.04874E-1 6.63953E-2 6.08371E-2 4.66412E-2 4.31489E-2 5.74609E-2 1.09586E-1 6.3417E-2 2.58245E-2 3.77008E-2 1.16967E-2 1.3347E-2 1.58428E-2 1.8099E-2 1.36219E-2 1.36068E-2 1.30948E-2 1.43666E-2 2.62988E-2 1.24293E-2 2.36813E-2 6.47249E-2 5.85502E-2 5.0145E-2 4.798E-2 7.75794E-2 2.35021E-1 4.1273E-2 4.52459E-2 1.15795E-1 5.84867E-2 3.31955E-2 4.653E-2 4.50188E-2 3.87102E-2 5.25403E-2 1.14662E-1 1.85154E-1 2.13017E-1 2.5069E-1 2.86761E-1 2.94064E-1 2.87496E-1 2.96206E-1 3.0269E-1 3.02027E-1 3.10689E-1 3.21994E-1 3.35894E-1
4.22986E-2 3.576E-2 3.41889E-2 6.25343E-2 1.23518E-1 9.93901E-2 1.8345E-1 2.75834E-1 2.26617E-1 2.10212E-1 1.40936E-1 1.04571E-1 9.56957E-2 6.73229E-2 8.49036E-2 5.89972E-2 5.60487E-2 5.52665E-2 9.60315E-2 5.75186E-2 2.67E-2 4.25534E-2 1.34403E-2 2.05885E-2 1.46595E-2 1.78164E-2 1.68194E-2 1.04608E-2 1.14705E-2 9.17145E-3 1.11595E-2 2.10939E-2 5.80759E-2 9.52923E-2 4.97041E-2 3.85162E-2 4.81927E-2 4.13717E-2 3.89289E-2 3.07492E-2 2.85954E-2 8.52666E-2 2.15186E-1 4.06272E-2 7.39084E-2 1.92281E-1 4.89893E-2 4.38778E-2 8.71487E-2 1.92816E-1 2.07595E-1 2.28304E-1 2.64136E-1 2.90078E-1 2.92461E-1 2.88589E-1 3.07981E-1 3.19643E-1 3.17531E-1 3.30907E-1 3.51784E-1
3.42032E-2 3.36076E-2 3.51974E-2 4.94392E-2 1.17158E-1 8.58455E-2 1.74994E-1 1.66786E-1 2.26976E-1 1.57521E-1 1.06867E-1 7.33235E-2 8.90991E-2 6.8032E-2 1.01397E-1 8.46902E-2 7.43408E-2 5.06442E-2 8.62721E-2 6.23025E-2 3.12052E-2 4.48886E-2 2.11332E-2 1.70626E-2 1.84789E-2 1.65269E-2 1.74249E-2 1.16074E-2 9.96264E-3 7.60513E-3 1.13021E-2 3.6274E-2 7.66893E-2 6.40752E-2 6.49165E-2 5.81862E-2 3.50333E-2 2.80148E-2 2.34201E-2 3.34756E-2 2.23344E-2 2.43743E-2 2.27053E-1 6.59665E-2 7.53178E-2 1.19463E-1 4.81356E-2 5.48058E-2 8.94498E-2 1.56634E-1 2.00931E-1 2.1101E-1 2.39367E-1 2.66674E-1 2.84808E-1 2.94724E-1 2.95615E-1 3.04052E-1 3.11206E-1 3.33931E-1 3.40543E-1
2.305E-2 3.36438E-2 4.47925E-2 5.47058E-2 1.14583E-1 1.13927E-1 1.43996E-1 1.34612E-1 2.30569E-1 9.94726E-2 7.53069E-2 8.78621E-2 8.76699E-2 1.3418E-1 9.59356E-2 6.63038E-2 6.93989E-2 8.06413E-2 8.02191E-2 6.21157E-2 4.13017E-2 3.92395E-2 3.44692E-2 1.73045E-2 1.83792E-2 1.62616E-2 1.68495E-2 1.91202E-2 1.23456E-2 1.11504E-2 1.42482E-2 2.86737E-2 6.53948E-2 5.11972E-2 4.29142E-2 9.66093E-2 8.36166E-2 2.8064E-2 2.28052E-2 2.04246E-2 2.05471E-2 1.79668E-2 4.63283E-2 4.39069E-2 3.99018E-2 8.05468E-2 4.21596E-2 6.97316E-2 1.00559E-1 1.50698E-1 1.70236E-1 1.88481E-1 2.174E-1 2.41305E-1 2.80055E-1 3.03991E-1 3.00058E-1 3.04928E-1 3.20401E-1 3.33119E-1 3.48632E-1
1.8152E-2 2.35273E-2 4.88162E-2 5.44325E-2 9.83213E-2 1.00898E-1 1.18552E-1 9.89182E-2 1.93811E-1 1.70362E-1 9.53937E-2 1.45405E-1 1.0351E-1 1.01515E-1 1.14409E-1 1.33872E-1 5.61765E-2 6.68266E-2 4.00148E-2 5.16933E-2 3.9334E-2 3.80451E-2 4.03522E-2 2.60829E-2 1.40977E-2 1.36094E-2 2.13816E-2 1.93581E-2 1.64853E-2 2.05152E-2 2.96267E-2 2.30463E-2 3.14919E-2 3.62301E-2 3.62465E-2 5.03201E-2 1.43439E-1 4.71961E-2 1.64979E-2 1.51818E-2 1.55516E-2 1.68426E-2 1.11144E-1 5.83958E-2 9.39339E-2 4.96807E-2 7.48597E-2 9.18497E-2 1.08731E-1 1.14135E-1 1.1732E-1 1.55532E-1 1.81944E-1 2.08149E-1 2.5221E-1 2.77184E-1 2.89015E-1 3.08787E-1 3.20107E-1 3.30356E-1 3.32388E-1
1.86078E-2 2.04479E-2 2.26903E-2 6.98506E-2 8.4639E-2 7.34244E-2 8.83481E-2 1.18565E-1 1.60269E-1 1.96833E-1 1.70298E-1 1.43422E-1 1.6078E-1 1.12064E-1 1.01501E-1 1.12852E-1 5.66371E-2 4.67048E-2 3.88128E-2 2.65894E-2 2.61542E-2 4.32044E-2 3.67228E-2 2.59027E-2 1.48537E-2 1.32433E-2 1.47396E-2 1.97854E-2 3.28766E-2 3.09338E-2 3.14318E-2 3.60645E-2 4.22807E-2 4.39396E-2 3.65317E-2 3.93256E-2 3.98438E-2 3.28135E-2 1.70319E-2 3.74053E-2 1.46452E-2 1.54605E-2 1.07221E-1 4.63922E-2 7.85083E-2 1.32828E-1 1.19329E-1 1.2248E-1 1.21776E-1 1.04825E-1 9.2286E-2 1.27684E-1 1.51673E-1 1.73505E-1 2.11906E-1 2.51718E-1 2.82855E-1 2.98361E-1 3.03153E-1 3.164E-1 3.07892E-1
2.23798E-2 2.13905E-2 1.82675E-2 7.26892E-2 9.34078E-2 1.04906E-1 9.08012E-2 1.43538E-1 1.95306E-1 2.39344E-1 2.55941E-1 2.85259E-1 2.67901E-1 1.40423E-1 1.66532E-1 7.98178E-2 6.01755E-2 4.72492E-2 2.4963E-2 2.13537E-2 1.9765E-2 3.29595E-2 2.54936E-2 2.42248E-2 2.83852E-2 1.99692E-2 2.67969E-2 1.81358E-2 2.27439E-2 4.85183E-2 5.21035E-2 4.47756E-2 6.46723E-2 7.29999E-2 3.86673E-2 3.87655E-2 4.18831E-2 4.55881E-2 1.74391E-2 1.39409E-1 2.86237E-2 3.37885E-2 5.23026E-2 7.86182E-2 8.0417E-2 1.45661E-1 1.63718E-1 1.63356E-1 1.47909E-1 1.24862E-1 1.14796E-1 1.31372E-1 1.50077E-1 1.71881E-1 2.0273E-1 2.42081E-1 2.69358E-1 2.87076E-1 2.92288E-1 2.84743E-1 2.93765E-1
2.10156E-2 2.12252E-2 2.03989E-2 5.6205E-2 8.08079E-2 6.45557E-2 7.04016E-2 8.00966E-2 1.86318E-1 2.41607E-1 3.05089E-1 3.00629E-1 2.88967E-1 2.43259E-1 1.72012E-1 9.89365E-2 6.4693E-2 4.52858E-2 3.58655E-2 1.9333E-2 2.13078E-2 2.73441E-2 2.94187E-2 2.86177E-2 2.43872E-2 2.10774E-2 2.68534E-2 2.09049E-2 3.64962E-2 4.40118E-2 3.74998E-2 4.31696E-2 3.87863E-2 3.66812E-2 3.24828E-2 4.17447E-2 3.67707E-2 3.37883E-2 1.89948E-2 7.24694E-2 6.94051E-2 4.96483E-2 6.29424E-2 8.16599E-2 9.32143E-2 1.37108E-1 1.8172E-1 1.65571E-1 1.59846E-1 1.5307E-1 1.44226E-1 1.5952E-1 1.76195E-1 1.96075E-1 2.20134E-1 2.33687E-1 2.64781E-1 2.75047E-1 2.8549E-1 2.77146E-1 2.89102E-1
1.9885E-2 1.48852E-2 1.64806E-2 2.50333E-2 5.21625E-2 2.93975E-2 6.44341E-2 7.20533E-2 1.51657E-1 1.96608E-1 2.95509E-1 3.2531E-1 3.00196E-1 2.84133E-1 2.07685E-1 7.22273E-2 8.91156E-2 2.55691E-2 2.30281E-2 2.15072E-2 2.32929E-2 2.59971E-2 3.37512E-2 2.77957E-2 2.059E-2 1.92813E-2 2.13031E-2 2.63503E-2 3.14328E-2 3.93467E-2 3.95922E-2 5.39302E-2 4.89848E-2 3.91533E-2 3.42734E-2 8.11284E-2 6.41288E-2 2.12081E-2 1.90878E-2 2.65764E-2 3.70316E-2 5.72003E-2 4.84937E-2 9.47432E-2 1.07068E-1 1.27315E-1 2.82021E-1 2.04318E-1 1.75859E-1 1.67846E-1 1.68266E-1 1.78562E-1 2.05637E-1 2.19776E-1 2.41007E-1 2.30979E-1 2.60038E-1 2.67474E-1 2.71015E-1 2.78668E-1 2.80449E-1
1.74762E-2 1.49746E-2 1.14053E-2 2.00872E-2 2.51281E-2 3.03005E-2 8.66696E-2 8.13739E-2 1.17666E-1 1.22894E-1 1.97137E-1 3.42793E-1 3.18285E-1 2.73041E-1 1.92902E-1 7.92215E-2 1.32707E-1 5.64277E-2 2.82669E-2 3.0859E-2 2.37043E-2 2.62178E-2 3.08318E-2 2.76211E-2 1.85704E-2 1.48428E-2 2.33966E-2 2.65472E-2 2.20163E-2 2.41881E-2 4.53025E-2 4.11712E-2 4.01555E-2 5.08749E-2 7.02313E-2 6.3374E-2 1.06606E-1 3.13153E-2 2.0648E-2 2.4302E-2 2.85425E-2 9.5028E-2 7.62494E-2 6.52616E-2 1.0928E-1 1.46553E-1 1.45268E-1 1.45473E-1 2.1002E-1 1.91033E-1 1.69614E-1 1.69236E-1 1.86455E-1 2.14024E-1 2.22622E-1 2.27117E-1 2.55718E-1 2.68071E-1 2.61205E-1 2.6379E-1 2.73497E-1
2.28709E-2 1.23413E-2 8.53551E-3 1.66397E-2 1.66574E-2 2.82152E-2 3.62809E-2 3.08384E-2 7.30723E-2 1.50788E-1 1.49428E-1 1.78455E-1 2.81501E-1 2.33998E-1 1.44707E-1 9.1058E-2 6.65113E-2 4.69009E-2 3.71534E-2 3.2356E-2 3.12451E-2 2.79109E-2 3.72168E-2 2.57864E-2 2.38252E-2 1.62043E-2 1.21078E-2 1.62606E-2 2.00782E-2 2.7112E-2 4.53288E-2 3.43366E-2 3.78566E-2 3.94107E-2 1.15934E-1 6.85509E-2 1.18992E-1 7.12808E-2 4.41924E-2 4.05835E-2 3.45455E-2 1.67008E-1 1.78687E-1 6.7286E-2 1.28288E-1 1.36011E-1 1.46678E-1 1.25056E-1 1.64892E-1 1.66753E-1 1.60962E-1 1.64966E-1 1.76569E-1 1.94903E-1 2.09695E-1 2.23809E-1 2.48233E-1 2.78477E-1 2.69502E-1 2.56747E-1 2.63654E-1
2.11261E-2 1.48463E-2 1.26641E-2 1.44148E-2 1.54831E-2 2.27128E-2 2.52529E-2 2.5878E-2 2.88283E-2 3.75331E-2 1.37947E-1 1.07204E-1 1.64166E-1 1.63963E-1 1.55813E-1 1.30468E-1 8.71391E-2 4.91022E-2 7.08248E-2 3.8193E-2 3.71564E-2 3.94907E-2 4.24447E-2 3.52552E-2 2.40044E-2 1.50842E-2 1.0872E-2 1.47436E-2 1.76084E-2 4.15151E-2 3.24476E-2 5.23801E-2 5.17921E-2 8.52293E-2 6.63688E-2 1.1716E-1 1.42555E-1 6.32011E-2 3.81368E-2 3.22658E-2 3.41769E-2 1.09669E-1 2.18612E-1 7.49448E-2 7.43238E-2 9.05822E-2 1.92744E-1 1.37216E-1 1.38088E-1 1.53247E-1 1.53251E-1 1.55463E-1 1.59091E-1 1.95391E-1 2.3004E-1 2.25178E-1 2.41543E-1 2.74117E-1 2.8031E-1 2.64569E-1 2.71523E-1
2.63236E-2 2.37482E-2 2.20829E-2 2.68189E-2 1.87812E-2 2.37999E-2 2.98727E-2 2.37653E-2 2.68566E-2 5.33322E-2 5.00711E-2 7.6297E-2 1.87481E-1 1.81696E-1 1.06251E-1 1.00413E-1 9.68104E-2 6.73203E-2 1.0134E-1 4.33636E-2 3.53094E-2 4.43102E-2 3.41221E-2 3.10965E-2 2.43649E-2 1.83736E-2 1.72333E-2 1.55065E-2 1.55827E-2 3.32482E-2 3.42427E-2 3.35904E-2 7.33095E-2 1.54063E-1 8.00945E-2 2.18169E-1 2.04364E-1 7.26772E-2 3.11325E-2 3.28494E-2 3.63726E-2 7.42078E-2 1.36115E-1 6.70105E-2 4.22085E-2 1.44124E-1 1.86431E-1 1.32442E-1 1.06681E-1 1.20116E-1 1.49666E-1 1.86841E-1 1.93021E-1 1.89471E-1 2.13003E-1 2.03931E-1 2.34408E-1 2.67252E-1 2.69535E-1 2.70133E-1 2.73431E-1
3.14546E-2 3.15888E-2 3.1495E-2 3.25485E-2 2.58771E-2 2.41289E-2 2.39853E-2 2.18379E-2 2.2164E-2 3.54328E-2 3.72996E-2 3.85131E-2 1.04267E-1 1.25627E-1 1.28772E-1 1.1093E-1 9.30352E-2 6.91838E-2 9.25272E-2 4.17105E-2 3.5508E-2 5.32828E-2 4.53017E-2 4.03133E-2 2.70482E-2 2.65955E-2 3.25956E-2 2.30867E-2 1.92935E-2 2.45752E-2 5.02504E-2 3.43824E-2 8.93794E-2 8.26925E-2 4.3326E-2 5.79333E-2 4.22713E-2 2.96433E-2 4.88579E-2 2.49503E-2 3.45536E-2 5.92589E-2 2.25432E-1 2.61023E-1 8.37377E-2 9.32686E-2 1.32089E-1 1.21633E-1 9.7632E-2 1.14372E-1 1.3598E-1 2.13835E-1 2.78228E-1 2.61458E-1 2.19185E-1 2.22674E-1 2.32034E-1 2.4949E-1 2.59304E-1 2.64642E-1 2.71871E-1
