data/maxent/outputs/red_294.asc
ncols         426
nrows         180
xllcorner     -130.0
yllcorner     24.0
cellsize      0.16666666666666666
NODATA_value  -9999
[rows 27 to 53 of 180, columns 61 to 121 of 426]
6.22839E-2 1.84108E-1 1.00199E-2 7.38809E-3 4.57656E-2 7.14339E-2 8.67621E-3 2.52178E-2 1.66072E-1 1.25513E-2 3.95929E-1 8.5427E-2 3.32479E-2 4.4942E-1 5.8997E-2 3.43749E-2 3.37295E-3 1.19685E-2 4.11145E-1 1.25897E-3 6.54962E-3 3.19034E-3 3.43841E-3 2.71726E-2 3.33031E-2 2.9103E-2 1.42583E-1 5.35964E-2 1.91098E-2 3.76503E-3 1.70326E-3 1.68893E-3 7.45671E-3 1.30101E-2 1.94466E-2 1.89281E-2 2.33885E-2 3.279E-2 4.05198E-2 3.3722E-2 3.58755E-2 3.95246E-2 3.80604E-2 4.43873E-2 4.72397E-2 4.6536E-2 4.20143E-2 4.27019E-2 4.14333E-2 4.16809E-2 4.06483E-2 3.21877E-2 2.73703E-2 2.07411E-2 1.25479E-2 6.33901E-3 2.92837E-3 3.1711E-3 2.45572E-3 2.67904E-3 2.73164E-3
1.03228E-1 1.70658E-1 3.33275E-2 4.18147E-3 3.38291E-2 1.06747E-1 3.90973E-2 2.70241E-2 2.74041E-1 5.29825E-2 2.44248E-2 2.96091E-2 2.49971E-1 3.75835E-1 7.97524E-2 1.12798E-1 6.01874E-3 4.59693E-3 1.0317E-1 1.1354E-1 3.27956E-2 2.30597E-2 9.18654E-3 2.66358E-2 9.30111E-3 1.50603E-2 9.72721E-2 1.70581E-1 8.19122E-2 9.38542E-3 1.56591E-3 3.0623E-3 2.2927E-3 2.11804E-3 1.9378E-3 1.47849E-2 2.72626E-2 3.034E-2 3.02494E-2 3.09591E-2 1.93126E-2 1.66624E-2 1.10892E-2 1.38395E-2 2.33E-2 3.79102E-2 3.87361E-2 3.57268E-2 3.54074E-2 3.66023E-2 3.57635E-2 2.93702E-2 2.95666E-2 2.8985E-2 1.88938E-2 1.0347E-2 5.46464E-3 3.99529E-3 2.79465E-3 2.10487E-3 2.15149E-3
1.00891E-1 1.74578E-1 1.61154E-1 1.80673E-2 4.79673E-2 1.27263E-1 1.33567E-1 1.17072E-1 3.29916E-1 3.77422E-1 5.32446E-2 1.10181E-1 4.11221E-1 5.46239E-1 1.94818E-1 3.02578E-1 7.46321E-3 8.52524E-3 3.10977E-2 5.43859E-1 2.57363E-1 9.07826E-2 6.56612E-2 1.88383E-2 2.15202E-2 2.68035E-2 1.74438E-2 1.68906E-1 1.61721E-1 4.69583E-3 2.34116E-3 7.76025E-3 9.92551E-3 2.06695E-3 1.10906E-3 7.75502E-3 1.54526E-2 1.41121E-2 1.44257E-2 2.04779E-2 1.17593E-2 8.9765E-3 1.07326E-2 1.96472E-2 2.44057E-2 2.39962E-2 2.94262E-2 2.66959E-2 3.31043E-2 4.14652E-2 3.89022E-2 3.38731E-2 3.12256E-2 3.04973E-2 2.5115E-2 2.79669E-2 1.49652E-2 5.75332E-3 3.18051E-3 2.9663E-3 3.22649E-3
3.14592E-2 1.78974E-1 1.93998E-1 5.15335E-2 3.29773E-2 8.18046E-2 1.48245E-1 1.99653E-1 8.1648E-2 3.07356E-1 3.20224E-1 4.34665E-1 4.89615E-1 4.0338E-1 1.81888E-1 1.75488E-1 2.14625E-2 5.58517E-2 1.48865E-2 7.11989E-2 4.98558E-1 1.78573E-1 2.97451E-2 8.66055E-3 6.75382E-2 5.03711E-2 1.03238E-2 1.60389E-1 1.61744E-1 1.77437E-2 4.07115E-3 4.24425E-3 2.9463E-2 7.07054E-3 1.47102E-3 2.04894E-3 1.48697E-3 2.14546E-3 8.59569E-3 8.44096E-3 8.76512E-3 9.79314E-3 1.50072E-2 1.87508E-2 1.33549E-2 1.38995E-2 2.06326E-2 2.83558E-2 2.09914E-2 1.0436E-2 1.87772E-2 1.31003E-2 1.24363E-2 2.94411E-2 2.21211E-2 2.03114E-2 1.6833E-2 1.12283E-2 8.24198E-3 7.96547E-3 8.23533E-3
2.80169E-2 1.70767E-1 1.70806E-1 9.76454E-2 2.18133E-2 3.43774E-2 7.06468E-2 1.34751E-1 1.67111E-2 2.23991E-1 3.77651E-1 4.11529E-1 3.01136E-1 3.03081E-1 4.31545E-1 7.35032E-2 8.09566E-2 3.59491E-1 4.17845E-2 1.02896E-2 4.48814E-1 5.10628E-1 2.89002E-1 9.1926E-2 6.73261E-2 2.58503E-2 3.1464E-2 7.36246E-2 3.74197E-2 8.6991E-2 9.08891E-3 2.9467E-3 9.23471E-3 4.47325E-2 1.80823E-2 2.92396E-3 2.072E-3 1.5855E-3 5.67056E-3 6.08673E-3 1.222E-2 1.9912E-2 2.39511E-2 2.69521E-2 2.34376E-2 2.08942E-2 2.74949E-2 2.68945E-2 1.87668E-2 1.65481E-2 1.85995E-2 1.39533E-2 1.95585E-2 1.92607E-2 1.64178E-2 1.45489E-2 1.29779E-2 1.32114E-2 1.47165E-2 1.28569E-2 1.43984E-2
1.3619E-1 1.62397E-1 1.67447E-1 8.23046E-2 7.44712E-2 5.63398E-2 1.05728E-1 5.3061E-2 2.77091E-2 2.4283E-1 3.78123E-1 3.82345E-1 3.39455E-1 2.42424E-1 3.66259E-1 3.88703E-1 2.72747E-1 5.3686E-1 7.19857E-2 7.00861E-2 4.97518E-1 1.16369E-1 2.34526E-1 3.64326E-1 4.19169E-2 1.08526E-1 3.69948E-2 2.1164E-1 2.82428E-2 3.39632E-2 2.86725E-2 5.83054E-2 1.26022E-2 1.79171E-2 6.49621E-2 1.0405E-1 3.13825E-3 1.41711E-3 7.9949E-4 7.11959E-3 2.45493E-2 3.89787E-2 4.30943E-2 3.48837E-2 3.29913E-2 3.36912E-2 3.18989E-2 2.63735E-2 2.04044E-2 1.66201E-2 1.41278E-2 1.36771E-2 1.35229E-2 1.30383E-2 1.28485E-2 1.33142E-2 1.26297E-2 1.31358E-2 1.35887E-2 1.41079E-2 1.81234E-2
1.56973E-1 1.74538E-1 1.89961E-1 8.64375E-2 3.21702E-2 7.39302E-2 1.47734E-1 4.87232E-2 1.13735E-1 3.12891E-1 3.22749E-1 3.74349E-1 4.13031E-1 2.35912E-1 3.11212E-1 4.68675E-1 3.6119E-1 5.31902E-1 1.71474E-1 3.12037E-1 5.35934E-1 1.33139E-1 3.23184E-2 3.96998E-1 8.42868E-2 3.82519E-1 2.82469E-1 2.36334E-1 4.21912E-2 2.7931E-2 1.69136E-2 7.31855E-2 1.61581E-1 1.42026E-1 1.28696E-1 4.15136E-2 2.69889E-2 4.01851E-3 1.10655E-3 6.54061E-3 1.7744E-2 4.71922E-2 5.21739E-2 4.59574E-2 3.25184E-2 2.73236E-2 2.91271E-2 2.61884E-2 2.26195E-2 2.05824E-2 1.75176E-2 1.82042E-2 1.16241E-2 9.58467E-3 1.0777E-2 1.20303E-2 1.10891E-2 1.25066E-2 1.16071E-2 1.31983E-2 2.91084E-2
2.16055E-1 1.97801E-1 1.94207E-1 1.62247E-1 1.4184E-1 1.51139E-1 1.86649E-1 1.56976E-1 1.85488E-1 3.06686E-1 3.5089E-1 3.33094E-1 4.02804E-1 3.33424E-1 3.8831E-1 5.01701E-1 5.04956E-1 5.29482E-1 4.6295E-1 5.72273E-1 6.19722E-1 3.34568E-1 4.65396E-2 2.42529E-1 1.97192E-2 1.66649E-1 1.99851E-1 2.29375E-1 1.05233E-1 7.66619E-2 1.4217E-2 4.2689E-2 1.42555E-1 1.35378E-1 7.66045E-2 3.577E-2 1.8776E-2 1.36933E-2 4.148E-3 1.8114E-3 2.3965E-3 9.8461E-3 3.65027E-2 4.22218E-2 2.86061E-2 2.74533E-2 2.65673E-2 2.22885E-2 1.92176E-2 1.67481E-2 1.6947E-2 1.44024E-2 1.59935E-2 1.19315E-2 1.14428E-2 1.08049E-2 9.00469E-3 1.03185E-2 1.07417E-2 2.32107E-2 1.77789E-2
1.89187E-1 1.74797E-1 1.44778E-1 1.52887E-1 1.64852E-1 1.76207E-1 2.27475E-1 2.30466E-1 2.57992E-1 3.2829E-1 3.18427E-1 3.50378E-1 3.87521E-1 4.29027E-1 4.48096E-1 4.8691E-1 5.0013E-1 4.67914E-1 4.96165E-1 5.12285E-1 5.52806E-1 3.52379E-1 3.49826E-1 3.13528E-1 1.6596E-1 2.47089E-2 2.24592E-1 1.75572E-1 1.18143E-1 6.8837E-2 7.24741E-2 6.63126E-2 1.00322E-1 1.84595E-1 2.26795E-1 4.28307E-2 3.57797E-2 1.548E-2 4.89383E-3 3.05371E-3 1.54586E-3 1.06846E-3 4.88733E-3 3.2407E-2 3.57131E-2 2.5662E-2 2.64678E-2 2.28324E-2 1.7571E-2 1.50886E-2 1.56147E-2 1.87407E-2 1.71272E-2 1.72261E-2 1.76135E-2 1.52259E-2 1.3274E-2 1.28099E-2 1.44261E-2 2.14001E-2 1.96889E-2
1.32563E-1 1.13671E-1 9.78195E-2 1.20695E-1 2.11232E-1 1.79836E-1 2.37691E-1 2.34601E-1 2.90066E-1 3.30642E-1 3.62419E-1 3.6726E-1 4.78808E-1 4.52305E-1 4.58751E-1 4.77932E-1 3.58203E-1 4.61434E-1 4.6379E-1 4.14346E-1 3.04445E-1 2.56464E-1 2.20673E-1 1.31936E-1 3.42455E-1 2.04167E-1 1.12268E-1 9.92767E-2 1.05885E-1 2.89838E-2 8.55215E-2 1.70326E-1 1.31569E-1 2.19306E-1 3.07386E-1 9.88193E-2 2.62068E-2 1.62718E-2 2.00639E-2 2.96383E-3 9.74404E-4 8.71354E-4 1.31764E-3 3.29367E-2 3.83449E-2 2.92019E-2 2.1404E-2 2.69845E-2 2.49928E-2 2.3636E-2 2.26118E-2 2.19951E-2 1.9483E-2 1.78649E-2 2.06964E-2 2.14418E-2 1.93572E-2 1.82525E-2 2.13586E-2 1.77926E-2 1.75531E-2
1.10477E-1 9.72125E-2 8.10106E-2 1.3091E-1 1.25041E-1 1.11817E-1 1.03147E-1 1.15269E-1 1.71415E-1 1.92651E-1 2.36311E-1 2.61457E-1 3.18137E-1 4.18902E-1 5.47212E-1 5.00081E-1 5.19179E-1 5.32179E-1 5.73896E-1 3.63068E-1 2.88624E-1 2.82102E-1 2.72787E-1 2.48834E-1 1.16773E-1 3.1591E-1 2.20333E-1 1.7271E-2 1.62685E-1 4.40268E-2 9.66064E-2 1.74341E-1 1.76971E-1 1.8248E-1 2.61983E-1 4.22017E-2 4.86052E-2 2.75535E-3 1.18165E-2 1.67676E-3 6.6429E-4 3.35685E-3 6.42792E-4 3.81028E-2 4.21527E-2 3.68073E-2 3.20038E-2 2.60439E-2 2.78387E-2 2.38075E-2 2.63531E-2 2.98538E-2 3.09702E-2 3.33275E-2 3.8519E-2 4.07014E-2 3.99089E-2 2.45025E-2 1.80447E-2 2.19393E-2 2.04323E-2
1.09164E-1 1.035E-1 1.5251E-1 1.44639E-1 9.783E-2 1.07734E-1 1.13042E-1 1.19103E-1 1.30919E-1 1.29201E-1 1.41443E-1 1.87418E-1 2.53392E-1 3.21761E-1 4.6437E-1 5.19914E-1 5.20686E-1 4.96033E-1 5.96127E-1 4.90739E-1 4.53278E-1 4.2223E-1 3.28396E-1 2.63831E-1 5.00512E-2 1.18376E-1 3.0093E-1 2.28291E-1 1.19292E-1 1.86723E-1 1.00199E-1 1.44909E-1 1.50088E-1 1.17447E-1 1.43514E-1 5.64842E-3 1.1261E-1 2.0067E-3 4.84366E-3 6.99733E-3 7.8367E-4 3.40335E-3 5.18081E-3 5.49077E-2 4.45091E-2 3.47241E-2 3.45401E-2 3.12643E-2 3.16785E-2 3.34525E-2 3.10935E-2 3.87278E-2 3.85497E-2 4.68624E-2 6.92218E-2 9.03893E-2 6.23705E-2 3.15571E-2 1.98362E-2 2.04867E-2 2.4345E-2
1.26472E-1 1.22148E-1 1.48249E-1 1.16622E-1 1.135E-1 1.09101E-1 1.199E-1 1.27106E-1 1.28566E-1 1.36583E-1 1.70991E-1 1.96466E-1 2.6584E-1 3.16633E-1 3.45295E-1 3.8625E-1 3.89464E-1 4.51762E-1 5.29177E-1 4.67933E-1 2.29764E-1 2.75141E-1 1.44314E-1 1.32451E-1 6.82778E-2 5.35873E-2 1.17031E-1 1.10308E-1 1.00143E-1 2.05356E-1 1.51555E-1 1.40491E-1 1.34788E-1 1.06428E-1 9.82138E-2 3.16197E-3 3.25738E-2 2.08919E-2 1.45078E-3 4.40884E-3 2.9564E-3 1.1841E-3 2.55219E-3 3.66705E-2 4.39469E-2 3.76195E-2 3.49283E-2 3.78501E-2 3.63449E-2 3.46249E-2 4.26219E-2 4.65195E-2 4.84226E-2 5.43885E-2 7.06837E-2 2.50877E-2 6.56559E-2 4.77383E-2 2.86627E-2 2.42355E-2 2.27725E-2
1.22864E-1 1.35801E-1 9.82623E-2 9.97863E-2 9.75157E-2 1.02045E-1 1.1653E-1 1.28204E-1 1.33223E-1 1.48016E-1 1.9181E-1 2.30069E-1 2.82343E-1 3.3164E-1 3.53645E-1 3.85075E-1 4.34299E-1 4.43195E-1 3.81167E-1 4.11105E-1 3.32182E-1 3.01336E-1 2.59238E-1 2.1338E-1 1.35417E-1 9.88703E-2 4.48915E-2 7.40413E-2 1.95206E-1 1.40597E-1 2.77091E-2 2.26527E-2 4.07821E-2 1.13642E-1 1.16544E-1 1.95893E-2 6.04071E-3 4.05371E-2 7.7565E-3 1.99647E-3 1.70776E-3 1.47287E-3 8.63299E-4 2.61267E-3 2.0207E-2 4.47295E-2 4.1645E-2 4.3862E-2 4.77526E-2 4.10331E-2 4.19567E-2 4.29423E-2 4.79425E-2 5.50007E-2 5.90772E-2 5.78275E-2 4.60675E-2 3.54E-2 2.6879E-2 2.24182E-2 2.31205E-2
9.54614E-2 1.05065E-1 1.54209E-1 1.5818E-1 1.23773E-1 1.15315E-1 1.24908E-1 1.31176E-1 1.47879E-1 1.68497E-1 1.88997E-1 2.32819E-1 2.7895E-1 3.39214E-1 4.02798E-1 3.90291E-1 4.11909E-1 4.52694E-1 3.77824E-1 3.17417E-1 3.17788E-1 2.47196E-1 9.75886E-2 3.40056E-2 5.95563E-2 4.92581E-2 6.05363E-2 1.66161E-2 1.06333E-2 3.89191E-2 8.26172E-2 3.07076E-2 5.46094E-2 3.81887E-2 5.4954E-2 3.19997E-3 7.09763E-3 2.40562E-2 4.83815E-2 3.93017E-2 1.36519E-2 5.77724E-3 1.27036E-3 3.88547E-3 6.73089E-3 2.87588E-2 4.56655E-2 4.80178E-2 3.78587E-2 3.86686E-2 3.83594E-2 3.72697E-2 8.18861E-3 1.12239E-2 1.07359E-2 4.46739E-3 2.05642E-2 3.5434E-2 2.96624E-2 2.70164E-2 2.2883E-2
1.18256E-1 1.19919E-1 1.52975E-1 1.71226E-1 1.39207E-1 1.25251E-1 1.2764E-1 1.42899E-1 1.65278E-1 1.81524E-1 2.15867E-1 2.36446E-1 2.84791E-1 3.6125E-1 4.34543E-1 4.16062E-1 4.14898E-1 4.43602E-1 4.13063E-1 3.41737E-1 3.11523E-1 2.55586E-1 1.85478E-1 3.29473E-1 2.76909E-1 1.20445E-1 1.07272E-1 2.16985E-2 1.68503E-2 5.07253E-3 3.51036E-2 2.20599E-2 2.10274E-2 5.40191E-2 7.62153E-2 6.7941E-2 2.86065E-2 6.60193E-2 5.589E-2 1.27136E-2 2.64924E-2 2.41804E-2 1.33446E-2 8.52312E-3 5.94502E-3 2.10514E-2 4.67016E-2 4.3477E-2 7.32356E-3 4.32546E-3 1.06245E-2 2.09769E-2 4.66795E-3 1.03357E-3 8.79113E-4 6.10992E-4 2.35968E-3 1.67975E-2 2.71593E-2 2.6895E-2 2.47487E-2
1.49493E-1 1.47948E-1 1.24937E-1 1.45385E-1 1.48683E-1 1.267E-1 1.29682E-1 1.31547E-1 1.74391E-1 2.33937E-1 2.7881E-1 2.92686E-1 3.38223E-1 3.95123E-1 5.03148E-1 4.21992E-1 4.14676E-1 4.27504E-1 4.02839E-1 4.07444E-1 3.74262E-1 3.60056E-1 3.59136E-1 3.80814E-1 1.83988E-1 2.08612E-1 1.44998E-1 4.88195E-2 3.05104E-2 7.41153E-3 3.28645E-3 7.95665E-3 8.60241E-3 9.30162E-3 6.80592E-2 2.93204E-2 3.99289E-2 2.89327E-2 1.71452E-2 1.718E-2 1.4119E-2 5.63588E-3 8.09888E-3 3.24826E-3 4.98678E-3 2.08092E-2 3.49954E-2 3.40552E-2 3.57937E-2 5.13722E-3 5.6624E-3 1.64263E-2 1.39069E-2 3.73423E-3 1.35679E-3 8.42037E-4 1.47207E-3 1.82357E-3 4.61365E-3 1.95236E-2 2.54948E-2
1.27338E-1 1.05407E-1 1.11578E-1 1.54116E-1 1.42899E-1 1.30734E-1 1.36572E-1 1.87143E-1 2.66995E-1 3.26738E-1 3.83769E-1 4.24221E-1 4.1993E-1 4.13947E-1 4.28902E-1 4.37417E-1 3.81556E-1 3.61337E-1 4.60341E-1 5.26918E-1 4.45557E-1 6.28386E-1 4.49102E-1 2.83778E-1 1.6755E-1 1.51426E-1 1.75043E-1 2.13789E-2 1.54023E-2 7.12139E-3 5.9195E-3 3.25864E-3 1.441E-3 8.68399E-4 5.48209E-2 5.1427E-2 5.13769E-3 5.27262E-3 4.72723E-3 2.61434E-2 2.62178E-2 1.9795E-2 1.13257E-2 1.07766E-2 4.64452E-3 9.91635E-3 3.47891E-2 2.52083E-2 2.98245E-2 3.37076E-2 7.22301E-3 3.73222E-3 1.70929E-2 1.06749E-2 5.25945E-3 5.99159E-3 8.03344E-3 1.04596E-2 1.90933E-2 2.59567E-2 2.42106E-2
1.49055E-1 1.42118E-1 1.0838E-1 1.59221E-1 1.64208E-1 1.41248E-1 1.67035E-1 2.33588E-1 2.46661E-1 3.75616E-1 4.94913E-1 5.18372E-1 4.96865E-1 4.01622E-1 3.41892E-1 3.40092E-1 3.00336E-1 2.62706E-1 3.27244E-1 4.189E-1 4.60192E-1 5.20332E-1 4.53442E-1 2.63402E-1 1.95513E-1 8.37218E-2 1.02954E-1 6.56667E-2 2.35905E-2 1.02158E-2 2.5676E-3 3.41098E-3 9.79483E-4 8.32435E-3 4.71207E-2 1.04678E-2 1.84954E-3 1.88133E-3 2.15898E-3 3.49264E-3 5.00191E-4 1.96639E-3 1.3146E-2 3.14515E-3 9.57556E-4 8.11695E-4 1.18381E-2 7.12467E-3 2.65768E-3 3.20904E-2 2.75575E-2 2.76592E-3 4.5168E-3 1.19351E-2 2.5994E-3 7.28567E-3 1.58678E-2 2.02412E-2 2.34139E-2 2.45354E-2 2.52991E-2
1.30157E-1 1.46482E-1 1.58942E-1 1.94143E-1 1.96433E-1 2.10367E-1 1.91394E-1 2.05691E-1 2.94139E-1 4.3349E-1 5.5328E-1 4.84716E-1 2.98017E-1 1.70754E-1 2.54338E-1 2.87724E-1 2.37156E-1 2.86842E-1 2.61984E-1 1.72674E-1 2.23798E-1 3.08626E-1 4.56184E-1 3.83571E-1 2.78074E-1 2.35879E-1 2.03897E-1 1.30107E-2 6.40888E-3 2.39891E-2 7.41646E-3 1.76211E-3 7.04032E-4 1.10916E-2 5.02078E-2 2.33364E-3 5.51528E-4 1.74621E-3 2.39496E-3 8.67887E-4 3.21487E-4 3.71078E-3 1.24095E-2 1.19005E-3 1.0489E-3 1.80645E-3 1.10265E-2 2.80117E-3 6.79225E-3 2.28335E-2 2.25748E-2 1.34513E-2 8.21137E-3 1.11808E-2 1.07855E-2 4.15211E-3 1.66416E-3 4.21941E-3 2.05633E-2 2.33593E-2 2.74714E-2
1.27006E-1 1.29876E-1 1.48836E-1 1.59144E-1 1.88943E-1 2.5809E-1 2.29682E-1 2.55566E-1 2.91587E-1 6.0682E-1 5.74975E-1 1.76295E-1 8.49064E-2 1.71385E-1 2.10906E-1 2.94081E-1 2.62723E-1 3.30098E-1 1.53782E-1 1.82763E-1 1.68765E-1 2.37588E-1 3.48715E-1 4.81448E-1 3.76391E-1 3.14139E-1 1.93548E-1 1.06962E-1 7.94196E-2 7.2858E-2 1.43631E-2 2.53194E-3 7.91706E-4 1.97979E-2 2.06842E-2 1.37234E-3 3.89285E-4 7.9113E-4 4.787E-4 1.40065E-4 2.67287E-4 3.45458E-3 8.42908E-3 2.53375E-3 7.19476E-4 7.43093E-4 7.1872E-3 2.13076E-2 2.36103E-2 1.85832E-2 2.3841E-2 2.54326E-2 1.9351E-2 6.9726E-3 1.72467E-2 1.78877E-2 1.01702E-3 8.20065E-4 1.91632E-2 2.50453E-2 2.96777E-2
1.66559E-1 2.04731E-1 1.88788E-1 1.9891E-1 2.1961E-1 2.18919E-1 2.62893E-1 3.45759E-1 4.29731E-1 6.4051E-1 3.02789E-1 6.04844E-2 2.01116E-1 3.42539E-1 2.55862E-1 1.80512E-1 2.36372E-1 2.63455E-1 3.26557E-1 2.3307E-1 2.47274E-1 1.99561E-1 2.71486E-1 2.719E-1 6.09244E-2 4.98274E-2 4.77004E-2 8.10713E-2 5.81835E-3 1.91878E-2 3.44353E-2 2.38393E-3 4.17401E-4 3.45323E-3 2.82355E-2 4.5006E-3 9.56944E-4 2.21233E-4 1.56771E-4 3.71487E-4 4.54496E-4 2.51112E-4 1.74506E-3 3.72049E-3 2.31216E-3 1.70294E-2 2.32355E-2 2.45247E-2 2.39154E-2 1.88822E-2 2.17944E-2 2.73864E-2 2.71951E-2 4.73844E-3 2.32425E-2 2.95873E-2 1.19329E-2 7.78761E-3 4.01162E-2 3.56317E-2 3.65693E-2
1.80423E-1 1.74627E-1 1.82746E-1 1.91312E-1 1.92911E-1 1.93981E-1 2.03093E-1 2.57093E-1 4.32197E-1 4.02597E-1 1.26239E-1 2.07894E-1 2.40405E-1 1.46786E-1 1.25231E-1 8.79296E-2 8.38138E-2 8.1508E-2 3.08896E-1 3.02378E-1 2.76594E-1 3.10781E-1 6.65704E-2 1.01957E-1 3.29856E-2 3.01727E-2 3.11768E-2 8.40355E-3 3.46483E-3 2.18257E-3 1.06924E-2 1.79835E-3 1.43548E-3 2.79133E-3 5.93289E-4 7.0174E-4 1.93195E-4 3.01214E-4 3.15386E-4 2.18668E-4 2.39807E-4 4.25021E-4 2.40473E-3 9.32609E-4 9.03304E-4 2.38693E-2 1.28582E-2 1.90667E-2 2.40364E-2 2.69916E-2 2.79365E-2 3.16402E-2 3.63789E-2 1.7575E-2 1.15329E-2 4.21378E-2 4.49237E-2 4.72781E-2 4.48441E-2 4.75382E-2 3.95642E-2
1.54375E-1 1.54856E-1 1.91804E-1 1.99305E-1 2.21687E-1 1.86926E-1 1.92724E-1 3.98248E-1 3.66178E-1 2.63009E-1 2.08791E-1 2.7204E-1 2.01181E-1 1.28659E-1 6.78501E-2 5.77019E-2 6.41394E-2 1.44693E-1 2.3366E-1 2.73054E-1 3.08436E-1 3.11725E-1 1.86814E-2 1.88578E-3 2.1639E-3 2.14529E-3 4.76411E-3 1.79619E-2 1.01355E-2 2.27643E-3 1.28241E-3 5.67847E-4 5.19522E-4 1.05119E-3 4.35316E-4 1.74847E-3 2.78578E-4 2.83772E-4 2.13685E-4 8.2103E-5 1.02839E-4 6.20503E-5 3.91053E-3 7.50928E-3 1.66843E-2 2.02906E-2 1.99606E-4 9.86532E-4 2.98383E-2 4.35624E-2 4.04031E-2 4.96434E-2 3.34792E-2 8.28311E-3 1.45816E-2 5.13283E-2 5.95618E-3 1.90611E-2 1.88062E-2 2.08817E-2 4.66704E-2
1.53452E-1 1.68217E-1 2.03519E-1 2.29538E-1 2.27668E-1 2.50032E-1 3.70075E-1 3.17726E-1 1.88775E-1 2.54332E-1 2.31147E-1 1.88069E-1 7.42862E-2 2.48443E-2 1.97462E-2 3.5665E-2 6.94469E-2 1.59843E-1 1.68604E-1 2.41848E-1 1.69368E-1 2.89784E-1 1.54808E-1 2.08839E-2 3.48118E-2 2.16952E-1 3.10873E-2 1.70855E-3 3.0556E-3 3.1838E-2 6.27649E-3 1.38407E-3 8.44531E-4 6.60854E-3 7.35437E-3 1.52643E-2 1.1882E-4 1.71779E-4 1.70051E-4 8.53918E-5 9.14612E-5 1.02463E-4 7.04655E-3 1.68721E-2 1.55829E-2 1.65484E-2 7.41631E-3 9.32355E-4 2.9437E-2 9.85512E-3 1.15096E-3 2.57174E-3 1.22907E-3 9.51438E-4 4.47919E-2 1.98127E-2 3.18514E-4 8.09445E-4 3.71602E-4 6.10304E-3 2.92722E-2
1.35706E-1 1.45788E-1 1.68762E-1 1.56533E-1 1.70902E-1 1.46817E-1 9.89858E-2 1.04681E-1 1.41524E-1 1.35067E-1 1.74974E-1 1.00207E-1 8.21972E-2 5.51553E-3 8.88396E-4 1.30706E-3 8.38124E-3 6.04293E-2 2.38458E-1 3.67135E-3 4.83263E-2 9.43828E-3 1.16741E-3 7.75178E-4 1.02889E-3 5.64785E-3 1.92333E-3 6.63572E-4 1.79785E-3 9.16957E-4 1.69047E-3 5.08505E-3 1.02706E-2 1.64883E-3 1.54057E-4 1.64779E-2 1.74629E-3 7.47393E-5 9.69793E-5 8.26708E-5 8.5686E-4 1.37499E-3 1.5566E-2 1.40521E-2 9.25173E-3 1.57018E-3 1.00696E-2 1.55897E-3 3.14514E-2 1.02189E-2 4.38477E-4 1.22333E-3 5.95677E-4 1.16008E-2 9.7065E-3 1.21798E-3 4.62948E-4 3.38183E-4 8.74218E-5 1.53755E-4 4.74371E-5
1.05598E-1 8.58127E-2 1.07866E-1 9.46199E-2 1.05373E-1 1.06369E-1 9.89675E-2 2.58202E-2 5.64812E-2 1.18379E-2 6.93027E-2 6.0715E-2 1.05408E-1 5.03546E-2 3.79434E-3 1.41178E-3 3.46593E-3 1.47985E-1 4.22708E-1 1.06407E-2 2.42101E-2 1.92554E-2 1.05309E-3 5.42954E-4 7.02741E-3 7.63128E-3 3.9769E-4 5.04879E-4 1.93307E-3 4.55524E-3 1.9115E-2 1.84049E-4 2.45413E-4 8.19235E-4 1.99373E-4 1.49124E-2 1.49323E-2 6.39225E-4 9.81883E-5 4.39065E-4 3.68655E-3 5.93073E-3 6.96316E-3 5.26744E-3 1.49285E-3 2.86601E-3 5.52256E-3 3.8411E-4 5.79193E-3 1.49014E-2 2.83163E-4 7.15019E-4 7.01224E-4 1.32079E-3 7.19728E-3 8.74444E-4 4.61796E-4 3.08199E-4 3.7714E-4 1.05713E-4 2.78111E-5
