data/maxent/outputs/red_216.asc
ncols         426
nrows         180
xllcorner     -130.0
yllcorner     24.0
cellsize      0.16666666666666666
NODATA_value  -9999
[rows 81 to 107 of 180, columns 61 to 121 of 426]
9.79353E-2 1.60561E-1 7.26825E-2 9.78949E-2 5.16116E-2 4.95762E-2 4.41341E-2 6.38605E-2 4.34896E-2 8.33346E-2 5.83547E-2 5.17857E-2 1.14546E-1 1.17886E-1 9.38043E-2 7.1231E-2 6.63761E-2 1.86979E-1 1.80778E-1 7.26599E-2 8.39691E-2 1.51723E-1 1.48684E-1 2.57323E-1 1.4797E-1 2.9544E-1 2.87005E-1 1.81582E-1 1.8377E-1 1.86587E-1 1.60524E-1 1.42008E-1 8.42289E-2 1.62089E-1 2.66328E-2 1.60785E-2 1.68418E-2 1.71493E-2 1.88115E-2 2.32781E-2 4.98485E-2 8.25833E-2 6.40497E-2 4.63564E-1 1.73133E-1 4.59034E-1 3.79925E-1 2.42062E-1 4.08467E-1 3.99798E-1 3.84743E-1 3.96849E-1 3.846E-1 3.29959E-1 2.58504E-1 2.10463E-1 1.24674E-1 9.05845E-2 5.3908E-2 3.99871E-2 4.0946E-2
1.40057E-1 1.17435E-1 1.05316E-1 6.93194E-2 7.63071E-2 3.02112E-2 5.57284E-2 4.09396E-2 2.9399E-2 5.80954E-2 6.39094E-2 4.20013E-2 8.71776E-2 9.05946E-2 1.13325E-1 1.26024E-1 9.49481E-2 1.88025E-1 1.14512E-1 1.09377E-1 2.04885E-1 1.29732E-1 1.56883E-1 2.05884E-1 1.30596E-1 3.06128E-1 1.99226E-1 2.4506E-1 2.48292E-1 2.8007E-1 1.36076E-1 1.87004E-1 1.28185E-1 1.19697E-1 5.69758E-2 3.52436E-2 1.85093E-2 1.68671E-2 1.79631E-2 2.08436E-2 2.66262E-2 4.51316E-2 5.55054E-2 2.08348E-1 1.22268E-1 1.86134E-1 1.57541E-1 2.46157E-1 2.60608E-1 4.42201E-1 3.96119E-1 3.47041E-1 2.95403E-1 2.7191E-1 1.94163E-1 1.39613E-1 8.63146E-2 5.50857E-2 3.32762E-2 2.40892E-2 2.24394E-2
2.8361E-1 1.67889E-1 1.11878E-1 8.22896E-2 6.64579E-2 2.99569E-2 4.63394E-2 2.27458E-2 2.90312E-2 2.81471E-2 3.41237E-2 6.47872E-2 3.94006E-2 4.96043E-2 1.04775E-1 8.88556E-2 1.41253E-1 1.33366E-1 1.83099E-1 1.77229E-1 1.56304E-1 1.26367E-1 2.07119E-1 1.57205E-1 1.63181E-1 2.67272E-1 1.92859E-1 2.4724E-1 1.88518E-1 3.03558E-1 1.66861E-1 1.32482E-1 1.97275E-1 1.0065E-1 6.30737E-2 9.00744E-2 3.04437E-2 1.72668E-2 1.85982E-2 2.48611E-2 2.19485E-2 2.86082E-2 7.32816E-2 1.915E-1 1.38739E-1 1.7831E-1 1.68312E-1 1.38719E-1 2.23559E-1 3.66716E-1 3.85924E-1 3.36069E-1 2.79029E-1 2.76051E-1 2.23055E-1 1.7923E-1 1.06368E-1 6.09695E-2 3.7982E-2 2.36087E-2 1.98941E-2
2.78716E-1 1.45E-1 9.4063E-2 6.116E-2 4.34206E-2 3.23528E-2 2.35854E-2 1.97956E-2 1.79744E-2 2.38645E-2 7.32563E-2 3.03486E-2 2.7094E-2 6.15227E-2 7.25253E-2 1.21184E-1 1.28227E-1 1.70743E-1 1.53527E-1 1.7575E-1 2.35477E-1 2.36574E-1 1.77316E-1 1.57988E-1 2.29207E-1 2.59592E-1 2.2697E-1 2.21469E-1 1.93394E-1 2.26318E-1 1.09962E-1 2.28158E-1 2.33811E-1 6.31588E-2 7.61206E-2 2.51661E-1 3.00852E-2 1.60793E-2 2.00383E-2 2.19437E-2 4.24179E-2 3.59154E-2 1.17288E-1 1.63094E-1 3.43108E-1 2.54147E-1 2.83059E-1 1.18524E-1 3.96234E-1 4.00807E-1 3.68179E-1 3.18272E-1 3.05894E-1 2.8999E-1 2.56904E-1 2.27366E-1 2.02932E-1 1.29954E-1 6.95971E-2 3.23796E-2 2.83617E-2
1.68286E-1 1.48919E-1 1.54363E-1 5.75089E-2 3.72958E-2 2.56474E-2 1.83813E-2 1.65315E-2 1.64728E-2 4.04477E-2 2.13771E-2 2.49311E-2 9.38665E-2 8.67116E-2 1.14782E-1 1.75575E-1 1.90703E-1 2.81733E-1 1.5811E-1 2.21994E-1 1.97693E-1 2.02967E-1 1.58632E-1 1.64933E-1 1.95993E-1 2.39574E-1 1.56605E-1 2.27379E-1 2.01946E-1 2.475E-1 9.98782E-2 1.93612E-1 9.21007E-2 1.55537E-1 2.15958E-1 2.3843E-1 2.11613E-2 2.1535E-2 4.06253E-2 2.39768E-2 6.06345E-2 7.03246E-2 3.97708E-2 5.02869E-2 8.48204E-2 1.18616E-1 2.2564E-1 1.72948E-1 4.05898E-1 3.88031E-1 3.71665E-1 3.03534E-1 2.74979E-1 2.25394E-1 2.09324E-1 2.14044E-1 2.10528E-1 1.61368E-1 8.10601E-2 4.80724E-2 5.42022E-2
1.20357E-1 1.28282E-1 9.06745E-2 3.45775E-2 2.41917E-2 1.94387E-2 1.70542E-2 1.70738E-2 2.29416E-2 6.65246E-2 1.97111E-2 1.16692E-1 6.66306E-2 8.32424E-2 1.69638E-1 1.40242E-1 2.03905E-1 2.38634E-1 2.32123E-1 1.61642E-1 1.20485E-1 1.33126E-1 1.77848E-1 2.04654E-1 1.78755E-1 1.8535E-1 1.49701E-1 2.47054E-1 1.2597E-1 1.56469E-1 1.08946E-1 2.02892E-1 4.41235E-2 1.3659E-1 1.04988E-1 2.37868E-2 3.37448E-2 2.66325E-2 2.22279E-2 2.8005E-2 6.40023E-2 3.35443E-2 3.20814E-2 3.60948E-2 5.27782E-2 1.29156E-1 1.26022E-1 1.75975E-1 3.74992E-1 2.47204E-1 3.19428E-1 3.58147E-1 2.69284E-1 1.31E-1 7.42204E-2 7.24701E-2 1.64199E-1 2.52091E-1 1.15927E-1 1.31273E-1 1.13767E-1
1.97459E-1 2.09261E-1 7.29433E-2 3.13158E-2 2.31333E-2 1.86374E-2 1.88549E-2 1.65549E-2 2.89408E-2 2.92614E-2 4.28781E-2 7.38329E-2 1.29963E-1 1.21195E-1 1.13845E-1 9.41524E-2 2.17824E-1 1.32881E-1 1.32386E-1 1.68252E-1 2.0615E-1 1.25035E-1 2.14406E-1 1.98882E-1 1.55032E-1 1.62906E-1 2.38746E-1 1.71329E-1 2.36401E-1 1.42322E-1 1.19201E-1 3.01512E-1 3.94499E-2 2.63588E-1 7.00992E-2 1.84365E-2 3.5933E-2 1.46174E-2 2.20111E-2 1.00494E-1 4.00825E-2 2.95614E-2 2.77722E-2 3.77908E-2 5.33865E-2 2.53093E-1 1.34566E-1 1.78844E-1 3.4394E-1 1.71551E-1 3.66312E-1 3.3373E-1 2.09718E-1 7.99555E-2 4.99251E-2 4.2579E-2 4.14386E-2 1.59174E-1 9.55835E-2 1.63665E-1 1.98256E-1
3.16505E-1 9.8855E-2 8.14313E-2 2.36633E-2 2.36757E-2 2.51044E-2 1.72101E-2 1.76671E-2 1.87841E-2 1.9187E-2 3.60198E-2 4.62039E-2 1.19001E-1 8.97756E-2 1.30795E-1 1.45886E-1 1.79427E-1 7.60522E-2 1.57001E-1 1.66916E-1 1.78677E-1 1.34715E-1 1.32401E-1 1.08853E-1 1.64037E-1 2.11614E-1 2.84543E-1 1.29506E-1 1.79241E-1 1.52426E-1 2.16925E-1 3.13823E-1 4.85233E-2 3.56267E-1 1.49135E-1 1.8232E-2 5.53532E-2 2.32263E-2 5.99997E-2 4.70642E-2 2.65458E-2 2.25849E-2 3.02802E-2 3.87651E-2 6.36341E-2 2.69591E-1 2.26394E-1 1.68569E-1 1.79471E-1 2.89232E-1 3.44072E-1 2.09441E-1 8.56476E-2 3.65644E-2 5.31588E-2 6.1741E-2 2.60434E-2 4.1715E-2 4.18416E-2 1.40553E-1 2.62475E-1
1.9766E-1 3.49016E-1 2.20572E-1 2.84223E-2 2.30903E-2 1.88765E-2 1.84052E-2 1.79609E-2 3.14796E-2 3.21047E-2 3.53117E-2 4.08012E-2 6.10981E-2 1.37812E-1 1.21409E-1 1.69659E-1 5.55792E-2 1.3743E-1 2.05292E-1 1.29476E-1 1.86892E-1 1.57451E-1 8.80562E-2 1.31941E-1 1.00224E-1 1.21141E-1 2.5645E-1 1.89293E-1 1.28756E-1 2.65771E-1 1.57955E-1 1.58682E-1 1.30992E-1 1.83836E-1 2.56953E-2 2.28986E-2 3.31358E-2 8.24127E-2 4.38111E-2 2.50768E-2 2.12922E-2 3.52887E-2 3.15927E-2 4.72127E-2 6.46148E-2 1.66398E-1 2.74292E-1 1.37576E-1 1.06879E-1 2.79948E-1 3.08513E-1 1.49566E-1 3.58449E-2 2.66845E-2 3.86544E-2 4.17984E-2 2.578E-2 2.42905E-2 2.42049E-2 7.50206E-2 1.34626E-1
2.48291E-1 3.60757E-1 1.93163E-1 3.91433E-2 2.66728E-2 4.38214E-2 1.64404E-2 1.88595E-2 1.77942E-2 1.32566E-2 1.86973E-2 2.24462E-2 7.39344E-2 9.59548E-2 1.84916E-1 1.69579E-1 4.36131E-2 1.6206E-1 1.45212E-1 1.83333E-1 1.12535E-1 1.19534E-1 8.70822E-2 9.84978E-2 7.79235E-2 7.301E-2 2.68021E-1 1.65744E-1 9.36866E-2 2.31094E-1 2.34865E-1 1.76892E-1 9.1693E-2 4.08543E-1 5.32561E-2 5.25034E-2 3.15669E-2 7.22116E-2 3.32433E-2 2.01451E-2 3.37007E-2 7.35097E-2 4.18347E-2 5.1893E-2 9.28567E-2 2.70022E-1 2.08931E-1 8.10671E-2 1.39059E-1 1.61405E-1 1.68469E-1 5.71131E-2 3.22179E-2 4.16249E-2 5.41873E-2 5.06886E-2 1.81662E-2 1.2346E-2 1.38078E-2 2.23637E-2 3.26124E-2
5.90927E-1 4.89999E-1 1.94927E-1 7.24517E-2 4.67647E-2 6.02589E-2 4.63405E-2 3.51184E-2 3.9063E-2 3.18251E-2 2.01223E-2 3.09602E-2 4.2347E-2 1.00869E-1 1.91092E-1 1.68809E-1 6.0501E-2 2.49348E-1 1.061E-1 2.38603E-1 8.95159E-2 9.96302E-2 7.98939E-2 7.5365E-2 9.22185E-2 3.6426E-2 1.01351E-1 1.24637E-1 8.41992E-2 2.3104E-1 2.5329E-1 1.22977E-1 8.37405E-2 2.41522E-1 5.28642E-2 5.48024E-2 6.55388E-2 5.7639E-2 2.32836E-2 1.74872E-2 2.93723E-2 4.41141E-2 6.66288E-2 8.77016E-2 1.84976E-1 2.00772E-1 8.49447E-2 1.21814E-1 2.2346E-1 2.83886E-1 1.2387E-1 3.07613E-2 2.36232E-2 4.75744E-2 5.55846E-2 3.24347E-2 1.27389E-2 1.21259E-2 1.41222E-2 2.29801E-2 2.67675E-2
7.79827E-1 5.86748E-1 3.83018E-1 3.15109E-1 2.21781E-1 7.6801E-2 1.02765E-1 2.35761E-2 3.56317E-2 3.27151E-2 5.09367E-2 3.48344E-2 3.57256E-2 3.64288E-2 6.36411E-2 4.99708E-2 8.83371E-2 1.05378E-1 1.11246E-1 9.35281E-2 8.49324E-2 7.76046E-2 4.46148E-2 7.49042E-2 3.05951E-2 2.47171E-2 1.63366E-1 1.09227E-1 7.28642E-2 2.128E-1 1.95041E-1 9.85437E-2 1.36751E-1 8.0744E-2 6.42628E-2 1.53395E-1 2.80304E-2 7.91943E-2 2.2851E-2 7.33574E-2 3.6823E-2 4.64331E-2 1.00415E-1 1.66511E-1 1.77496E-1 1.29902E-1 2.01453E-1 2.11131E-1 2.56084E-1 2.31727E-1 1.33235E-1 2.62524E-2 2.62304E-2 2.10948E-2 1.70172E-2 1.5525E-2 1.71524E-2 1.87155E-2 2.00539E-2 3.37807E-2 4.93308E-2
8.32953E-1 8.17688E-1 6.66841E-1 6.15595E-1 2.05975E-1 9.74985E-2 1.66919E-1 5.62395E-2 4.89196E-2 4.79014E-2 2.71063E-2 6.80343E-2 2.56364E-2 2.16235E-2 1.67654E-2 2.96601E-2 5.03341E-2 7.57742E-2 1.09574E-1 5.19707E-2 8.4798E-2 2.7298E-2 4.69564E-2 3.47378E-2 1.83931E-2 4.63132E-2 1.64363E-1 6.22667E-2 5.78503E-2 1.50545E-1 1.62535E-1 1.05756E-1 1.62753E-1 1.92753E-1 8.71346E-2 1.71929E-1 4.73624E-2 1.14629E-1 3.01515E-2 8.31275E-2 4.937E-2 6.59154E-2 1.71657E-1 1.74086E-1 3.18026E-1 1.34858E-1 2.01128E-1 1.50849E-1 1.87091E-1 1.57555E-1 1.7685E-1 3.26634E-2 1.46393E-2 1.05348E-2 8.90916E-3 1.21151E-2 2.33853E-2 2.98194E-2 2.61141E-2 3.15337E-2 3.01223E-2
8.72404E-1 8.72819E-1 8.18243E-1 4.59159E-1 5.85547E-1 3.70427E-1 2.36034E-1 9.65973E-2 6.50623E-2 5.55219E-2 2.67856E-2 3.40336E-2 2.44389E-2 1.9508E-2 1.26356E-2 3.51658E-2 2.67055E-2 5.92293E-2 5.21209E-2 2.85879E-2 5.41686E-2 2.00039E-2 3.40889E-2 2.32319E-2 3.85761E-2 1.60974E-1 8.66704E-2 5.35178E-2 6.89167E-2 1.22401E-1 1.17914E-1 1.40365E-1 2.25094E-1 2.16851E-1 1.90168E-1 2.03799E-1 1.19741E-1 1.73989E-1 8.00378E-2 4.80923E-2 3.87187E-2 8.99011E-2 9.51978E-2 1.48418E-1 2.83389E-1 1.17515E-1 1.46442E-1 1.87434E-1 2.21418E-1 2.05717E-1 1.53225E-1 5.88505E-2 1.42379E-2 1.32519E-2 1.40072E-2 1.31973E-2 2.23893E-2 5.15364E-2 4.58711E-2 3.12657E-2 3.26943E-2
8.08899E-1 8.65692E-1 8.64785E-1 8.12491E-1 4.1518E-1 2.45658E-1 2.3383E-1 1.37083E-1 6.75364E-2 4.89582E-2 3.18762E-2 1.43728E-2 2.90472E-2 1.48256E-2 1.87362E-2 2.38072E-2 1.86182E-2 2.45336E-2 3.01245E-2 2.99861E-2 6.62223E-2 3.88787E-2 2.46385E-2 3.698E-2 1.46026E-1 8.61674E-2 4.22722E-2 4.71983E-2 9.77141E-2 6.68665E-2 6.43862E-2 1.4493E-1 1.19351E-1 1.87756E-1 2.09788E-1 1.60111E-1 1.74936E-1 1.04796E-1 5.54906E-2 4.4243E-2 8.89784E-2 1.36052E-1 1.51977E-1 1.63869E-1 1.78248E-1 1.76883E-1 1.94245E-1 1.96814E-1 2.58865E-1 3.2795E-1 3.40698E-1 1.30994E-1 2.79097E-2 5.63274E-2 1.71873E-1 1.70843E-2 1.85512E-2 4.23675E-2 4.73058E-2 5.84169E-2 8.16152E-2
7.67596E-1 7.83663E-1 8.69681E-1 8.51175E-1 5.07588E-1 4.34341E-1 3.09976E-1 1.66585E-1 1.68891E-1 1.15499E-1 2.49778E-2 2.16257E-2 1.81689E-2 2.1259E-2 2.09419E-2 1.69244E-2 1.62252E-2 1.67448E-2 1.84711E-2 4.35322E-2 9.35469E-2 4.77022E-2 3.54636E-2 4.55663E-2 4.64495E-2 6.71196E-2 5.92999E-2 4.30792E-2 9.48911E-2 6.32976E-2 4.39505E-2 1.89643E-1 9.31621E-2 9.94798E-2 2.17537E-1 1.54098E-1 6.96403E-2 5.52291E-2 5.19527E-2 5.39148E-2 6.40171E-2 9.29846E-2 1.36648E-1 2.17159E-1 1.12162E-1 2.27477E-1 2.14513E-1 2.49855E-1 2.33301E-1 1.52758E-1 1.06082E-1 5.74707E-2 4.77883E-2 3.63268E-2 1.32937E-1 2.32568E-2 1.5389E-2 3.01002E-2 8.43252E-2 1.72492E-1 2.37314E-1
8.14633E-1 7.92765E-1 8.81733E-1 8.70521E-1 7.71452E-1 5.89177E-1 5.18628E-1 3.23433E-1 2.31333E-1 3.7169E-1 2.36404E-2 7.14693E-2 5.9309E-2 9.93656E-3 2.76237E-2 2.55749E-2 2.14711E-2 2.564E-2 2.46788E-2 2.24338E-2 4.44986E-2 5.67093E-2 3.3743E-2 3.74826E-2 2.27564E-2 6.63621E-2 8.46743E-2 4.8344E-2 4.42375E-2 6.77822E-2 4.65856E-2 1.02763E-1 5.68447E-2 1.43033E-1 1.58922E-1 9.76533E-2 8.64113E-2 1.00178E-1 1.25418E-1 8.5183E-2 8.41024E-2 2.78212E-1 3.01858E-1 2.8718E-1 1.86565E-1 2.30052E-1 1.93033E-1 2.18016E-1 1.50796E-1 7.72328E-2 4.52685E-2 3.17937E-2 4.44145E-2 1.78247E-2 1.30322E-2 2.2243E-2 1.50364E-2 3.25303E-2 1.22699E-1 2.5515E-1 2.59707E-1
8.834E-1 7.89017E-1 8.82528E-1 7.87586E-1 7.56945E-1 7.83323E-1 6.03397E-1 3.55152E-1 6.2572E-2 4.93386E-1 1.21618E-1 3.91839E-2 4.15427E-2 3.98649E-2 3.37981E-2 2.17901E-2 1.91477E-2 1.80765E-2 3.44302E-2 2.4517E-2 2.47874E-2 3.62221E-2 5.35883E-2 3.74215E-2 5.0597E-2 6.43799E-2 9.22724E-2 3.21389E-2 4.60759E-2 4.9577E-2 1.12541E-1 9.58645E-2 1.02105E-1 1.65676E-1 1.85063E-1 2.38381E-1 2.09444E-1 2.47694E-1 2.97448E-1 2.5326E-1 2.9234E-1 3.14447E-1 3.31788E-1 3.09953E-1 2.7925E-1 2.5023E-1 1.51587E-1 1.58281E-1 1.8637E-1 1.22593E-1 4.37333E-2 2.33527E-2 2.14356E-2 2.79591E-2 7.22172E-3 1.07429E-2 2.04321E-2 4.28158E-2 7.9462E-2 1.73394E-1 1.6725E-1
7.52129E-1 8.65863E-1 7.73168E-1 7.95889E-1 7.56455E-1 8.17964E-1 8.05926E-1 3.32655E-1 5.89017E-2 2.96505E-1 2.31273E-1 3.24928E-2 5.28674E-2 8.82365E-2 2.47358E-2 1.89689E-2 1.91049E-2 2.48373E-2 2.89426E-2 2.36656E-2 3.07656E-2 3.97348E-2 7.04441E-2 3.3933E-2 9.03582E-2 3.49159E-2 4.71746E-2 3.7696E-2 4.8734E-2 4.52454E-2 1.43759E-1 9.64046E-2 1.55961E-1 2.05626E-1 1.42007E-1 2.23812E-1 2.28344E-1 3.2412E-1 3.19793E-1 2.70844E-1 3.26079E-1 3.26273E-1 3.11126E-1 3.15067E-1 2.90379E-1 2.58753E-1 1.5574E-1 1.11812E-1 8.60172E-2 8.55738E-2 8.41757E-2 5.65657E-2 1.40398E-2 1.41005E-2 1.13949E-2 1.0935E-2 2.85074E-2 2.98666E-2 5.53259E-2 1.06707E-1 6.6457E-2
5.7041E-1 7.35977E-1 8.75392E-1 8.07237E-1 8.43692E-1 8.31918E-1 8.35309E-1 6.98408E-1 3.90913E-1 1.08447E-1 1.78223E-1 3.78175E-2 2.50326E-2 1.706E-2 3.66208E-2 3.69687E-2 1.08478E-2 1.72909E-2 3.5599E-2 3.97907E-2 6.55037E-2 9.63972E-2 5.04224E-2 2.72327E-2 2.93181E-2 4.35929E-2 2.79784E-2 4.57559E-2 1.87344E-2 5.57057E-2 7.62089E-2 4.52708E-2 4.31496E-2 8.07851E-2 4.80322E-2 7.98567E-2 9.46369E-2 1.89784E-1 2.00905E-1 1.22266E-1 2.1356E-1 3.00393E-1 2.6605E-1 2.71683E-1 2.40823E-1 2.2607E-1 1.29959E-1 7.00092E-2 5.7062E-2 4.27637E-2 2.94553E-2 2.38097E-2 6.67434E-2 1.12774E-2 1.22994E-2 1.58462E-2 1.15235E-2 1.85721E-2 4.35762E-2 4.30442E-2 3.21534E-2
3.8586E-1 4.9456E-1 7.39274E-1 8.79167E-1 7.8442E-1 8.51432E-1 8.34506E-1 8.01222E-1 7.3774E-1 8.50779E-2 3.72055E-1 9.72441E-2 1.63781E-2 2.23679E-2 1.28261E-2 2.67394E-2 3.15443E-2 1.31253E-2 1.71364E-2 2.98279E-2 5.18958E-2 4.4362E-2 2.3223E-2 3.09917E-2 3.96442E-2 6.22488E-2 2.51369E-2 1.4933E-2 2.90802E-2 2.21609E-2 2.35317E-2 1.83939E-2 3.1213E-2 2.57486E-2 2.43402E-2 6.5689E-2 6.84812E-2 2.41368E-2 3.8375E-2 1.20116E-1 1.77635E-1 2.62546E-1 2.69563E-1 2.24711E-1 1.8406E-1 1.49094E-1 1.17759E-1 4.33906E-2 2.91111E-2 1.67788E-2 1.39398E-2 1.94153E-2 2.02946E-2 4.23703E-2 2.51002E-2 3.20646E-2 1.94214E-2 2.0332E-2 3.19627E-2 2.02885E-2 3.00841E-2
1.95607E-1 2.71287E-1 4.45856E-1 5.94223E-1 8.47486E-1 7.95321E-1 7.43568E-1 7.80108E-1 7.59773E-1 1.41961E-1 3.86266E-1 6.35751E-2 2.68663E-2 7.45925E-2 2.81255E-2 1.47983E-2 7.16692E-2 2.47644E-2 1.96191E-2 2.61936E-2 3.82845E-2 4.90595E-2 2.35347E-2 1.87419E-2 4.36658E-2 2.80456E-2 2.16481E-2 1.80977E-2 4.42201E-2 1.01291E-2 1.66936E-2 1.83284E-2 6.6696E-2 1.6368E-2 1.34084E-2 1.78616E-2 8.05266E-2 5.62711E-2 6.03128E-2 1.06682E-1 1.21251E-1 1.29146E-1 1.45181E-1 8.11367E-2 1.0798E-1 1.67683E-1 2.05209E-1 1.13521E-1 8.34E-2 1.63141E-2 1.28545E-2 1.33939E-2 1.90208E-2 3.39501E-2 5.89849E-2 7.30773E-2 6.91211E-2 2.7983E-2 3.88129E-2 2.68061E-2 3.31651E-2
1.63467E-1 1.76253E-1 2.433E-1 4.44892E-1 7.40672E-1 8.45159E-1 7.48605E-1 7.40242E-1 7.54028E-1 4.00991E-1 9.62015E-2 2.34234E-1 1.00403E-2 2.55089E-2 6.54173E-2 4.28785E-3 7.28874E-3 1.74875E-2 1.08378E-2 1.07027E-2 1.33087E-2 2.22583E-2 2.29351E-2 1.90224E-2 2.74967E-2 1.62375E-2 2.02145E-2 8.74295E-2 8.9999E-2 1.01718E-2 8.23462E-3 7.07935E-3 1.03263E-2 1.0241E-2 1.37441E-2 7.32984E-2 1.99649E-1 1.70332E-1 1.01139E-1 1.09313E-1 9.38124E-2 9.91925E-2 5.57848E-2 8.28675E-2 1.88541E-1 3.12118E-1 2.55732E-1 1.22773E-1 5.32536E-2 3.3818E-2 4.3956E-2 3.13058E-2 2.91513E-2 3.40937E-2 7.50095E-2 1.36414E-1 1.26723E-1 4.80134E-2 3.15929E-2 2.84056E-2 2.97775E-2
1.39065E-1 1.57376E-1 1.80874E-1 2.44747E-1 4.51649E-1 7.87549E-1 7.68566E-1 7.86069E-1 7.53329E-1 7.04464E-1 1.39069E-1 2.57032E-1 1.92767E-1 7.90225E-2 5.70829E-2 6.20055E-3 5.53389E-3 2.96749E-3 1.35463E-2 8.75469E-3 8.22621E-3 1.32989E-2 2.24236E-2 3.45171E-2 1.67613E-2 1.05665E-2 1.64967E-2 2.01878E-1 1.12793E-1 1.19406E-2 6.9406E-3 7.85118E-3 7.00507E-3 1.31948E-2 1.06575E-1 4.8436E-2 7.69746E-2 1.58534E-1 1.29339E-1 1.53864E-1 1.2965E-1 1.05591E-1 9.11515E-2 9.68256E-2 3.2585E-1 3.94375E-1 3.15472E-1 4.73959E-2 4.48083E-2 8.70577E-2 6.27106E-2 5.10514E-2 4.84157E-2 6.74482E-2 6.2842E-2 9.08394E-2 1.33199E-1 1.49128E-1 4.85964E-2 3.69595E-2 3.62001E-2
1.19672E-1 1.45266E-1 1.56753E-1 1.8151E-1 2.34628E-1 4.37426E-1 8.70975E-1 7.71422E-1 7.35194E-1 7.11152E-1 5.26502E-1 4.31064E-2 1.69475E-1 6.46953E-2 1.4732E-2 7.79285E-2 4.47633E-2 2.92601E-3 1.08058E-2 2.38965E-2 7.11949E-3 1.07794E-2 2.32167E-2 1.29148E-1 1.68842E-1 9.02211E-2 1.16363E-2 2.42011E-2 3.89509E-2 8.42252E-3 9.18695E-3 1.38401E-2 8.03782E-3 1.29435E-2 1.88472E-2 1.81202E-2 1.17099E-1 2.14438E-1 1.49834E-1 2.28408E-1 2.20609E-1 1.68013E-1 1.22979E-1 6.07163E-2 2.48575E-1 4.35456E-1 3.95111E-1 8.52426E-2 7.54894E-2 8.3395E-2 4.61842E-2 4.48987E-2 4.96941E-2 4.26808E-2 6.2575E-2 8.14951E-2 8.48174E-2 1.60091E-1 1.68621E-1 1.3441E-1 5.17903E-2
8.26287E-2 1.02964E-1 1.32935E-1 1.59912E-1 1.89824E-1 4.05895E-1 8.59534E-1 7.22542E-1 7.01323E-1 7.30235E-1 5.76707E-1 1.50985E-1 3.67495E-1 1.01935E-1 2.13786E-2 2.40482E-2 2.71277E-1 5.83396E-3 1.23588E-2 2.20345E-2 8.21185E-3 1.5709E-2 1.20865E-2 2.96141E-2 2.4357E-1 2.47558E-1 4.70806E-2 7.90824E-3 6.89927E-3 8.02688E-3 1.43202E-2 1.23879E-2 1.09571E-2 2.66583E-2 2.23842E-2 1.42589E-2 1.41727E-1 2.17634E-1 1.56822E-1 1.05302E-1 1.04585E-1 7.31329E-2 6.67149E-2 1.30298E-1 9.2653E-2 2.53195E-1 3.65424E-1 1.78878E-1 6.4316E-2 4.98571E-2 3.3893E-2 2.89795E-2 2.87746E-2 3.05451E-2 4.7003E-2 6.44683E-2 9.23844E-2 1.14142E-1 1.61239E-1 1.68571E-1 6.92558E-2
7.9791E-2 8.83808E-2 1.00378E-1 1.21452E-1 1.39882E-1 1.79311E-1 7.21561E-1 7.36332E-1 7.34847E-1 7.09565E-1 6.48823E-1 1.32162E-1 2.11169E-1 2.5984E-1 9.33695E-2 8.5319E-3 3.63178E-1 1.04263E-2 7.72218E-3 4.69845E-2 1.84439E-2 1.19912E-2 1.47025E-2 9.36968E-3 2.38469E-2 1.05355E-1 2.84027E-2 1.03021E-2 9.0555E-3 9.41071E-3 1.47017E-2 2.03282E-2 1.37654E-2 1.71945E-2 1.59683E-2 2.98337E-2 9.55596E-2 1.93852E-1 1.37327E-1 6.33465E-2 2.05952E-1 1.84265E-1 1.57187E-1 1.15186E-1 2.22703E-1 1.32867E-1 1.08891E-1 8.0449E-2 8.04878E-2 3.12624E-2 1.46178E-2 1.60163E-2 2.50313E-2 2.68903E-2 4.20009E-2 6.06011E-2 6.45316E-2 8.42302E-2 9.74944E-2 9.19079E-2 5.59114E-2
