data/maxent/outputs/red_90.asc
ncols         426
nrows         180
xllcorner     -130.0
yllcorner     24.0
cellsize      0.16666666666666666
NODATA_value  -9999
[rows 27 to 53 of 180, columns 61 to 121 of 426]
2.47128E-2 9.5522E-2 8.1318E-3 6.29201E-3 2.07501E-2 2.75091E-2 5.82842E-3 1.24918E-2 4.51007E-2 7.81642E-3 1.39355E-1 2.926E-2 1.4391E-2 1.27501E-1 2.02311E-2 1.40686E-2 2.25503E-3 6.31345E-3 1.25174E-1 1.22078E-3 3.88924E-3 2.29793E-3 2.55374E-3 1.16676E-2 1.38678E-2 1.24838E-2 3.43571E-2 1.83626E-2 8.41139E-3 2.84954E-3 1.59956E-3 1.54424E-3 4.32118E-3 6.14043E-3 7.15023E-3 6.06406E-3 6.31092E-3 7.87728E-3 9.80095E-3 9.04102E-3 9.83923E-3 1.25334E-2 1.21172E-2 1.32478E-2 1.41098E-2 1.6305E-2 1.45016E-2 1.49182E-2 1.45541E-2 1.45517E-2 1.42777E-2 1.18482E-2 1.13501E-2 1.01061E-2 6.80821E-3 3.77773E-3 2.06804E-3 2.26095E-3 2.05283E-3 2.10582E-3 2.09164E-3
4.20114E-2 9.28633E-2 1.77255E-2 4.31552E-3 1.77145E-2 3.70766E-2 1.80835E-2 1.38008E-2 7.99327E-2 2.23895E-2 1.3004E-2 1.42887E-2 6.47862E-2 9.67631E-2 2.66713E-2 3.30458E-2 3.92938E-3 3.06623E-3 3.15877E-2 3.46317E-2 1.39662E-2 1.07701E-2 5.33571E-3 1.08791E-2 5.5683E-3 7.38646E-3 3.02539E-2 5.02839E-2 2.47612E-2 5.10396E-3 1.50916E-3 2.36024E-3 1.89682E-3 1.84149E-3 1.75975E-3 6.01262E-3 7.61084E-3 7.82321E-3 7.65223E-3 8.1234E-3 6.2736E-3 5.69474E-3 4.2358E-3 4.68828E-3 6.19744E-3 1.02279E-2 1.36163E-2 1.45641E-2 1.36997E-2 1.25732E-2 1.23816E-2 1.16194E-2 1.25075E-2 1.29319E-2 9.81276E-3 6.22574E-3 4.15985E-3 3.65157E-3 3.43715E-3 2.86025E-3 2.51686E-3
4.22797E-2 1.00557E-1 8.95861E-2 1.12572E-2 2.11481E-2 4.58196E-2 4.3618E-2 4.12398E-2 1.2735E-1 1.67423E-1 2.20947E-2 3.60174E-2 1.2263E-1 1.98818E-1 5.15956E-2 6.95326E-2 4.90167E-3 4.96737E-3 1.36749E-2 1.91829E-1 5.97387E-2 2.56328E-2 2.04834E-2 8.7952E-3 9.41774E-3 1.09784E-2 8.27145E-3 5.83976E-2 4.42243E-2 3.31343E-3 2.00506E-3 4.74147E-3 5.62543E-3 1.59948E-3 1.02109E-3 4.36538E-3 5.80301E-3 4.90497E-3 4.86288E-3 6.14019E-3 4.39862E-3 3.63121E-3 4.20509E-3 5.73027E-3 6.29491E-3 6.42919E-3 1.03209E-2 1.04886E-2 1.43411E-2 1.72353E-2 1.89168E-2 1.35311E-2 1.11284E-2 1.08902E-2 9.70737E-3 1.25923E-2 9.49444E-3 6.11722E-3 4.47716E-3 4.04654E-3 3.95298E-3
1.96855E-2 1.03653E-1 1.08414E-1 2.3587E-2 1.64026E-2 3.11254E-2 5.09822E-2 8.37666E-2 3.32504E-2 1.25285E-1 1.11367E-1 1.89876E-1 1.96123E-1 1.17036E-1 5.07137E-2 4.85721E-2 1.10332E-2 2.10765E-2 7.81733E-3 2.61321E-2 1.82933E-1 4.61243E-2 1.32815E-2 5.88699E-3 2.13433E-2 1.73455E-2 5.91338E-3 4.63761E-2 7.11397E-2 8.8646E-3 3.06573E-3 3.17122E-3 1.27732E-2 4.15394E-3 1.24216E-3 1.68372E-3 1.38217E-3 1.65362E-3 3.90823E-3 3.70658E-3 3.70812E-3 3.87778E-3 5.18765E-3 5.85609E-3 4.59667E-3 4.67497E-3 6.00462E-3 1.27692E-2 7.73593E-3 4.06806E-3 5.85232E-3 4.67264E-3 5.06749E-3 1.0643E-2 9.60948E-3 9.8951E-3 1.00668E-2 8.81977E-3 7.31374E-3 6.09269E-3 6.38928E-3
1.84584E-2 1.04534E-1 1.00042E-1 4.36339E-2 1.37788E-2 1.81633E-2 2.90203E-2 4.78719E-2 1.14737E-2 7.67704E-2 1.68903E-1 1.86713E-1 8.48171E-2 7.50558E-2 1.37212E-1 2.69128E-2 2.85024E-2 9.33829E-2 1.79539E-2 6.60654E-3 1.63873E-1 1.866E-1 6.99943E-2 2.86762E-2 2.23006E-2 1.12344E-2 1.27985E-2 2.49793E-2 1.58988E-2 2.67885E-2 5.43254E-3 2.41189E-3 5.25287E-3 1.58042E-2 8.65138E-3 2.05021E-3 1.56592E-3 1.47932E-3 3.21581E-3 3.36082E-3 4.75938E-3 5.9011E-3 7.04978E-3 8.78832E-3 8.17831E-3 6.4569E-3 1.24755E-2 1.60189E-2 8.94776E-3 8.47799E-3 8.56614E-3 5.42957E-3 6.46263E-3 8.25193E-3 8.0481E-3 9.39151E-3 9.34555E-3 1.07035E-2 1.22825E-2 8.2195E-3 9.23657E-3
5.56217E-2 1.04697E-1 1.0632E-1 3.43834E-2 3.14446E-2 2.60923E-2 4.71326E-2 2.50233E-2 1.72468E-2 9.95963E-2 1.76721E-1 1.80232E-1 1.24325E-1 6.21941E-2 1.02118E-1 1.12414E-1 6.8643E-2 2.09041E-1 2.74096E-2 2.45195E-2 1.8481E-1 3.64797E-2 6.07663E-2 1.13954E-1 1.67548E-2 3.12117E-2 1.44754E-2 5.58864E-2 1.26815E-2 1.49823E-2 1.33633E-2 2.22241E-2 6.56618E-3 8.31357E-3 2.2551E-2 3.22915E-2 2.35383E-3 1.23797E-3 8.28291E-4 4.0513E-3 7.87551E-3 1.04319E-2 1.49192E-2 1.58932E-2 1.7199E-2 1.74807E-2 1.72939E-2 1.74376E-2 1.43574E-2 1.27297E-2 1.18505E-2 8.44899E-3 8.85226E-3 7.84122E-3 6.42634E-3 7.96559E-3 9.24489E-3 1.13442E-2 1.12601E-2 1.31774E-2 1.53937E-2
6.79746E-2 1.02694E-1 1.15987E-1 3.66833E-2 1.87737E-2 3.23228E-2 7.21994E-2 2.39992E-2 4.56938E-2 1.54934E-1 1.6015E-1 1.75857E-1 1.78204E-1 6.21025E-2 8.05689E-2 1.73985E-1 9.98643E-2 1.93107E-1 4.92482E-2 8.02276E-2 1.94428E-1 4.09778E-2 1.5823E-2 1.38786E-1 2.85117E-2 1.39974E-1 7.3318E-2 7.09585E-2 1.70162E-2 1.29873E-2 9.00563E-3 2.70338E-2 5.52444E-2 4.09809E-2 3.82053E-2 1.62693E-2 1.14718E-2 2.69513E-3 1.00588E-3 4.02289E-3 7.22611E-3 1.28129E-2 2.03377E-2 2.36023E-2 1.7654E-2 1.50123E-2 1.67448E-2 1.6501E-2 1.73482E-2 1.75415E-2 1.66993E-2 1.54613E-2 1.1916E-2 1.13954E-2 1.02418E-2 1.01394E-2 1.0345E-2 1.20567E-2 1.31597E-2 1.63671E-2 1.47768E-2
1.36897E-1 1.27581E-1 1.21712E-1 1.02047E-1 8.52217E-2 9.39793E-2 1.03613E-1 6.50739E-2 8.02594E-2 1.50665E-1 1.69732E-1 1.34442E-1 1.89744E-1 1.02647E-1 1.31527E-1 1.87976E-1 1.98548E-1 1.98418E-1 1.77687E-1 2.0983E-1 2.41638E-1 1.01058E-1 2.06026E-2 6.4153E-2 1.15208E-2 4.47794E-2 4.90593E-2 6.16343E-2 3.28238E-2 2.50327E-2 7.78187E-3 1.87798E-2 5.81104E-2 6.87389E-2 2.7694E-2 1.519E-2 9.02147E-3 7.35016E-3 3.07168E-3 1.71515E-3 1.99024E-3 4.85695E-3 1.10582E-2 1.93964E-2 1.51531E-2 1.46171E-2 1.74146E-2 1.66705E-2 1.68432E-2 1.40872E-2 1.53408E-2 1.48909E-2 1.51997E-2 1.48515E-2 1.65378E-2 1.66235E-2 1.39442E-2 1.50026E-2 1.6886E-2 1.32245E-2 5.61377E-3
1.23967E-1 1.08626E-1 9.5601E-2 9.58083E-2 1.00824E-1 1.036E-1 1.27199E-1 1.28249E-1 1.38461E-1 1.57794E-1 1.56131E-1 1.70976E-1 1.87153E-1 1.84725E-1 1.86286E-1 1.88302E-1 1.89031E-1 1.89007E-1 1.90523E-1 1.96483E-1 2.34639E-1 1.15171E-1 1.23334E-1 9.56806E-2 4.85E-2 1.28976E-2 5.58458E-2 4.56368E-2 3.63396E-2 2.46249E-2 2.51204E-2 2.52838E-2 3.47849E-2 8.7141E-2 1.08628E-1 1.78265E-2 1.47086E-2 7.86948E-3 3.37322E-3 2.37474E-3 1.39852E-3 1.05689E-3 2.88164E-3 1.04721E-2 1.58362E-2 1.4102E-2 1.72203E-2 1.5871E-2 1.4826E-2 1.48629E-2 1.51116E-2 1.59219E-2 1.56135E-2 1.61293E-2 1.78354E-2 1.79186E-2 1.71313E-2 1.81726E-2 1.92083E-2 1.06566E-2 5.26175E-3
9.7951E-2 7.97031E-2 6.83918E-2 8.03397E-2 1.2496E-1 1.11692E-1 1.313E-1 1.325E-1 1.56266E-1 1.67082E-1 1.77883E-1 1.80093E-1 2.27704E-1 2.11381E-1 2.20641E-1 2.02372E-1 1.17479E-1 1.94037E-1 1.80084E-1 1.70824E-1 9.70235E-2 7.33623E-2 6.14592E-2 4.4726E-2 1.33368E-1 5.58775E-2 3.68289E-2 3.21002E-2 3.28964E-2 1.46167E-2 3.07101E-2 6.24534E-2 4.19005E-2 9.6484E-2 1.29539E-1 3.35319E-2 1.21883E-2 8.24321E-3 9.35104E-3 2.24783E-3 1.03859E-3 8.9439E-4 1.26937E-3 9.56848E-3 1.98456E-2 1.65412E-2 1.39091E-2 1.63056E-2 1.5833E-2 1.57328E-2 1.64587E-2 1.75496E-2 1.75095E-2 1.78907E-2 2.03885E-2 2.23866E-2 2.1276E-2 1.92492E-2 2.15991E-2 1.93874E-2 1.52768E-2
8.52025E-2 6.92385E-2 5.73019E-2 8.34881E-2 7.71366E-2 6.73582E-2 6.1019E-2 6.62735E-2 9.87944E-2 1.13431E-1 1.38557E-1 1.50227E-1 1.67866E-1 2.05584E-1 2.71204E-1 2.33536E-1 2.1836E-1 2.19335E-1 2.38192E-1 1.31709E-1 8.82692E-2 8.81927E-2 8.66038E-2 7.88108E-2 4.30179E-2 1.13514E-1 6.11253E-2 1.09202E-2 4.85911E-2 1.99904E-2 3.62407E-2 8.30841E-2 9.47057E-2 9.12733E-2 1.11872E-1 1.92504E-2 2.05727E-2 2.5092E-3 6.86685E-3 1.6157E-3 8.3323E-4 2.34487E-3 7.98147E-4 1.08653E-2 2.06733E-2 1.91196E-2 1.6769E-2 1.54257E-2 1.66458E-2 1.6542E-2 1.70867E-2 1.84055E-2 1.99294E-2 2.22564E-2 2.40676E-2 2.48174E-2 2.33348E-2 2.01489E-2 1.96213E-2 2.19409E-2 2.20062E-2
7.74366E-2 6.97952E-2 9.80981E-2 8.92375E-2 5.84427E-2 6.32977E-2 6.70436E-2 6.82501E-2 7.21462E-2 7.56119E-2 8.1647E-2 1.05283E-1 1.38631E-1 1.72755E-1 2.35972E-1 2.48872E-1 2.08751E-1 2.02373E-1 2.57334E-1 2.11256E-1 1.9677E-1 1.86533E-1 1.30545E-1 9.17905E-2 2.48726E-2 4.17449E-2 1.0591E-1 6.15353E-2 4.04064E-2 6.87564E-2 3.79006E-2 6.85385E-2 6.87425E-2 5.83153E-2 7.397E-2 4.96663E-3 3.81314E-2 2.24414E-3 3.89399E-3 4.50242E-3 9.75591E-4 2.63139E-3 3.14822E-3 1.94913E-2 2.16269E-2 1.97651E-2 1.85638E-2 1.7918E-2 1.79594E-2 2.02684E-2 2.02679E-2 2.248E-2 2.27609E-2 2.52094E-2 2.67865E-2 2.78541E-2 2.55562E-2 2.12947E-2 1.82982E-2 1.97362E-2 2.04209E-2
8.10384E-2 7.48961E-2 9.2011E-2 7.03839E-2 7.0345E-2 6.70266E-2 7.15485E-2 7.46449E-2 7.10981E-2 7.60503E-2 9.51995E-2 1.07756E-1 1.5068E-1 1.8013E-1 1.87505E-1 1.94734E-1 1.76735E-1 1.88999E-1 2.20422E-1 1.97331E-1 7.18031E-2 9.01681E-2 5.04606E-2 4.80639E-2 3.02391E-2 2.5038E-2 3.88544E-2 3.64631E-2 3.69025E-2 1.01956E-1 6.75788E-2 7.53618E-2 7.10855E-2 4.89942E-2 4.96207E-2 3.48644E-3 1.59847E-2 1.24024E-2 1.84518E-3 3.50459E-3 2.42335E-3 1.32896E-3 2.09418E-3 1.1216E-2 2.16404E-2 2.04635E-2 1.91063E-2 1.99435E-2 2.03717E-2 2.03173E-2 2.25574E-2 2.29761E-2 2.33757E-2 2.4941E-2 1.38347E-2 6.3358E-3 1.34823E-2 2.05625E-2 1.80233E-2 1.71751E-2 1.78833E-2
7.94838E-2 7.995E-2 6.15863E-2 5.90342E-2 5.96253E-2 6.11495E-2 7.02161E-2 7.44753E-2 7.66942E-2 8.78447E-2 1.16089E-1 1.39465E-1 1.70632E-1 2.06719E-1 2.06117E-1 2.03073E-1 1.99842E-1 1.84926E-1 1.69476E-1 1.82536E-1 1.56951E-1 1.30146E-1 1.02576E-1 7.4774E-2 4.65352E-2 3.66571E-2 2.21303E-2 3.08743E-2 6.53581E-2 5.83414E-2 1.61178E-2 1.3234E-2 1.90238E-2 6.27357E-2 6.30182E-2 1.21096E-2 5.2144E-3 1.79471E-2 5.92015E-3 2.02804E-3 1.72444E-3 1.37597E-3 9.93524E-4 2.07814E-3 8.00949E-3 2.27099E-2 2.23817E-2 1.90602E-2 2.38966E-2 2.09576E-2 2.12454E-2 1.74304E-2 1.33717E-2 1.49436E-2 1.29602E-2 1.25449E-2 1.52791E-2 1.55437E-2 1.35267E-2 1.50619E-2 1.71056E-2
6.30867E-2 6.32474E-2 9.4998E-2 1.01823E-1 8.36718E-2 7.1588E-2 7.62361E-2 7.99172E-2 8.75555E-2 1.0488E-1 1.20947E-1 1.48574E-1 1.80663E-1 2.13832E-1 2.37346E-1 2.1037E-1 2.03361E-1 1.94611E-1 1.73081E-1 1.29918E-1 1.46902E-1 8.95669E-2 3.75712E-2 1.84824E-2 2.64458E-2 2.29874E-2 2.57853E-2 1.19521E-2 9.84085E-3 2.06538E-2 4.04568E-2 1.56868E-2 2.18593E-2 1.80724E-2 2.20892E-2 3.41338E-3 5.78095E-3 1.22252E-2 1.95146E-2 1.39943E-2 6.75709E-3 3.80336E-3 1.39388E-3 2.92851E-3 4.14725E-3 1.07241E-2 2.46448E-2 2.71265E-2 1.20783E-2 1.30569E-2 1.29593E-2 1.04176E-2 3.52788E-3 4.18368E-3 3.69341E-3 2.16088E-3 5.44503E-3 9.41208E-3 1.10392E-2 1.15473E-2 1.35008E-2
7.91165E-2 7.82597E-2 1.02669E-1 1.12727E-1 9.20835E-2 7.87681E-2 8.20984E-2 9.28396E-2 1.02936E-1 1.19657E-1 1.43607E-1 1.61578E-1 1.88197E-1 2.36344E-1 2.64645E-1 2.32493E-1 2.10873E-1 2.04187E-1 1.80393E-1 1.59249E-1 1.47861E-1 1.00781E-1 5.93828E-2 1.58811E-1 1.03013E-1 4.16767E-2 3.80446E-2 1.43337E-2 1.23575E-2 5.44767E-3 1.68422E-2 1.22456E-2 1.17092E-2 2.30636E-2 4.46711E-2 2.58805E-2 1.47206E-2 2.23131E-2 2.10938E-2 8.20062E-3 8.94502E-3 8.03075E-3 7.4401E-3 5.30699E-3 3.92543E-3 7.89354E-3 1.90457E-2 1.84643E-2 3.64282E-3 2.45741E-3 3.86445E-3 5.88433E-3 2.33193E-3 9.042E-4 7.71894E-4 5.89211E-4 1.42799E-3 4.65963E-3 7.54858E-3 9.60589E-3 1.04983E-2
1.03676E-1 1.07223E-1 9.10841E-2 9.93199E-2 1.02742E-1 8.67113E-2 8.9688E-2 9.10858E-2 1.24592E-1 1.70215E-1 1.98309E-1 2.05168E-1 2.31783E-1 2.66955E-1 3.32531E-1 2.43106E-1 2.18691E-1 1.90934E-1 1.71274E-1 1.71953E-1 1.67895E-1 1.68936E-1 1.72323E-1 1.70553E-1 6.11593E-2 7.17462E-2 4.72019E-2 2.53776E-2 1.66964E-2 6.31703E-3 3.6809E-3 6.0008E-3 6.42439E-3 6.79871E-3 4.01652E-2 1.47094E-2 1.82161E-2 1.35343E-2 9.06614E-3 8.44777E-3 6.60595E-3 3.99987E-3 4.31442E-3 2.42204E-3 3.40955E-3 7.31057E-3 1.82494E-2 2.11708E-2 1.13658E-2 2.83636E-3 2.89577E-3 5.10802E-3 4.6624E-3 1.94026E-3 1.0564E-3 7.78336E-4 1.06256E-3 1.2107E-3 2.10618E-3 5.24199E-3 7.29841E-3
9.4894E-2 7.99599E-2 8.61197E-2 1.1347E-1 1.06152E-1 9.64545E-2 1.00969E-1 1.46118E-1 2.05748E-1 2.52484E-1 2.87681E-1 3.09586E-1 3.0632E-1 2.85031E-1 2.92287E-1 2.89621E-1 2.10157E-1 1.87249E-1 2.65292E-1 2.92496E-1 2.04075E-1 3.20197E-1 1.94972E-1 1.37225E-1 5.67969E-2 4.73485E-2 5.7506E-2 1.51732E-2 1.11854E-2 6.22973E-3 5.10356E-3 3.09613E-3 1.8486E-3 1.47979E-3 3.51942E-2 2.1537E-2 4.44458E-3 4.40819E-3 3.89316E-3 1.00504E-2 9.79164E-3 7.42099E-3 5.11967E-3 4.61657E-3 2.68127E-3 4.94575E-3 1.39097E-2 1.82036E-2 1.75899E-2 1.90835E-2 3.70809E-3 2.2339E-3 5.33851E-3 3.8522E-3 2.45773E-3 2.60904E-3 3.24369E-3 3.74972E-3 5.44236E-3 8.42752E-3 1.01285E-2
9.30896E-2 9.62892E-2 8.49032E-2 1.25983E-1 1.29875E-1 1.1376E-1 1.34451E-1 1.8944E-1 1.83875E-1 2.61196E-1 3.43533E-1 3.60793E-1 3.46513E-1 2.55434E-1 2.17997E-1 2.32821E-1 2.13267E-1 1.9226E-1 2.26043E-1 2.36258E-1 2.3701E-1 2.69788E-1 2.1727E-1 1.17215E-1 7.96844E-2 3.29118E-2 3.93989E-2 3.18205E-2 1.46863E-2 7.97394E-3 3.10911E-3 3.59571E-3 1.42574E-3 6.01876E-3 3.20765E-2 6.61888E-3 2.20988E-3 2.08641E-3 1.91517E-3 2.68826E-3 8.54972E-4 1.9012E-3 5.87917E-3 2.20073E-3 1.15815E-3 1.00525E-3 5.2589E-3 3.87994E-3 1.97798E-3 1.80579E-2 1.51333E-2 1.96081E-3 2.43842E-3 4.32551E-3 1.67465E-3 3.06273E-3 5.16155E-3 8.04556E-3 1.0969E-2 1.3203E-2 1.48186E-2
9.58104E-2 1.05033E-1 1.21786E-1 1.61864E-1 1.66726E-1 1.78629E-1 1.59735E-1 1.73674E-1 2.26481E-1 3.13463E-1 3.91779E-1 3.08427E-1 1.64042E-1 6.24326E-2 1.50522E-1 1.93903E-1 1.68068E-1 2.02192E-1 1.50059E-1 9.37568E-2 1.25468E-1 1.4732E-1 2.39998E-1 1.77384E-1 1.34029E-1 1.06046E-1 8.16751E-2 1.04062E-2 6.0923E-3 1.42377E-2 6.17839E-3 2.11097E-3 1.19961E-3 7.29236E-3 3.21296E-2 2.62978E-3 8.91553E-4 1.72219E-3 1.72726E-3 1.04835E-3 5.9796E-4 2.49535E-3 6.12504E-3 1.30728E-3 1.18613E-3 1.70039E-3 4.71333E-3 2.15357E-3 3.39269E-3 1.48382E-2 1.51015E-2 4.90832E-3 3.57924E-3 4.14282E-3 3.89744E-3 2.23006E-3 1.2955E-3 2.23594E-3 6.14908E-3 9.64541E-3 1.44635E-2
9.2396E-2 9.97873E-2 1.10416E-1 1.16971E-1 1.4546E-1 2.18651E-1 2.05197E-1 2.28522E-1 2.45368E-1 4.45738E-1 3.29992E-1 6.59277E-2 3.65136E-2 6.21822E-2 9.44802E-2 1.72811E-1 1.81455E-1 2.29125E-1 7.79045E-2 1.02577E-1 9.38034E-2 1.14621E-1 1.85794E-1 2.68122E-1 1.82362E-1 1.52344E-1 7.04838E-2 4.24977E-2 3.58412E-2 3.022E-2 9.13806E-3 2.72485E-3 1.27394E-3 1.07438E-2 9.48646E-3 1.5686E-3 6.92644E-4 1.18418E-3 7.86663E-4 3.67159E-4 4.85106E-4 2.31501E-3 4.33293E-3 1.88694E-3 8.76132E-4 9.51332E-4 3.80609E-3 1.0153E-2 1.09016E-2 1.33564E-2 1.51657E-2 7.80206E-3 6.27419E-3 3.22512E-3 5.32672E-3 5.31616E-3 9.05905E-4 7.88386E-4 5.55738E-3 9.43793E-3 1.08784E-2
1.43495E-1 1.76248E-1 1.60645E-1 1.70975E-1 1.88077E-1 1.81808E-1 2.04042E-1 2.62695E-1 3.2942E-1 4.29252E-1 1.75883E-1 3.0091E-2 7.87397E-2 1.8006E-1 1.59783E-1 1.12459E-1 1.40133E-1 1.66385E-1 2.1334E-1 1.20491E-1 1.39378E-1 1.0131E-1 1.37118E-1 1.51507E-1 2.92447E-2 2.40005E-2 2.35865E-2 3.69267E-2 6.20036E-3 1.18947E-2 1.69297E-2 2.74164E-3 8.53018E-4 3.53539E-3 1.14976E-2 3.1961E-3 1.22623E-3 4.58116E-4 3.75889E-4 5.77468E-4 5.84364E-4 4.62984E-4 1.57544E-3 2.30102E-3 1.90662E-3 6.59344E-3 1.32695E-2 1.47664E-2 1.32964E-2 1.33485E-2 1.4057E-2 1.30584E-2 7.97142E-3 2.62037E-3 6.50313E-3 9.0085E-3 4.43619E-3 3.61203E-3 1.5392E-2 1.91001E-2 1.86246E-2
1.57374E-1 1.52969E-1 1.57697E-1 1.65573E-1 1.72061E-1 1.68935E-1 1.69954E-1 2.02651E-1 3.07256E-1 2.19679E-1 4.88755E-2 9.43469E-2 1.31766E-1 7.16217E-2 6.25E-2 4.52034E-2 4.46041E-2 3.43929E-2 2.02982E-1 1.90677E-1 1.45206E-1 1.84124E-1 3.17178E-2 4.38497E-2 1.94787E-2 1.70388E-2 1.58064E-2 6.60972E-3 3.91049E-3 2.74719E-3 7.40488E-3 2.18525E-3 1.85477E-3 2.65642E-3 9.48278E-4 9.41583E-4 4.11783E-4 4.33241E-4 4.65131E-4 4.27752E-4 4.70177E-4 6.44957E-4 1.83154E-3 1.00447E-3 1.05638E-3 1.40629E-2 6.14211E-3 7.19594E-3 1.48083E-2 1.66826E-2 1.57454E-2 1.77422E-2 1.697E-2 6.13855E-3 4.66226E-3 1.72163E-2 2.0394E-2 2.17302E-2 2.11343E-2 2.28259E-2 2.12922E-2
1.29903E-1 1.33833E-1 1.63884E-1 1.63621E-1 1.78338E-1 1.61493E-1 1.70038E-1 2.82172E-1 2.09536E-1 1.46174E-1 8.74543E-2 1.33307E-1 1.05314E-1 7.71981E-2 4.45948E-2 2.76604E-2 3.47003E-2 7.66565E-2 1.37021E-1 1.61697E-1 1.66543E-1 1.83583E-1 1.37716E-2 2.67147E-3 2.81021E-3 2.64692E-3 4.28404E-3 1.07497E-2 7.735E-3 2.86675E-3 1.77799E-3 9.59963E-4 9.2547E-4 1.32585E-3 7.61474E-4 1.69647E-3 5.15949E-4 4.37E-4 3.61343E-4 2.31237E-4 2.56489E-4 2.02807E-4 2.4095E-3 3.76891E-3 6.82607E-3 8.11174E-3 4.16236E-4 1.08371E-3 1.02728E-2 1.42506E-2 1.03537E-2 1.16175E-2 8.41594E-3 3.96231E-3 5.50389E-3 1.58992E-2 3.40791E-3 6.31587E-3 6.1589E-3 6.51488E-3 1.63362E-2
1.32338E-1 1.42993E-1 1.66375E-1 1.82222E-1 1.80818E-1 1.93933E-1 2.67018E-1 1.84021E-1 8.98939E-2 1.38418E-1 1.35614E-1 1.13376E-1 3.7429E-2 1.77923E-2 1.51973E-2 2.27147E-2 4.40209E-2 9.22126E-2 9.85444E-2 1.37407E-1 8.10366E-2 1.57521E-1 6.2832E-2 1.35706E-2 1.81636E-2 7.17417E-2 1.67022E-2 2.08901E-3 2.9501E-3 1.55699E-2 5.04777E-3 1.68826E-3 1.14752E-3 4.50278E-3 4.49564E-3 6.42241E-3 3.1551E-4 3.35287E-4 3.11584E-4 2.21568E-4 2.34312E-4 2.48756E-4 3.51832E-3 8.57879E-3 8.9174E-3 6.54731E-3 3.54903E-3 1.03288E-3 1.00696E-2 5.03577E-3 1.31543E-3 2.15908E-3 1.32721E-3 1.08767E-3 1.14612E-2 7.3813E-3 6.06996E-4 1.02486E-3 6.60472E-4 3.15459E-3 8.08532E-3
1.07448E-1 1.07608E-1 1.19065E-1 1.14265E-1 1.09758E-1 8.59386E-2 3.74416E-2 3.87236E-2 6.49107E-2 6.57379E-2 1.10473E-1 6.78343E-2 4.67545E-2 6.34795E-3 1.71866E-3 2.31321E-3 8.02707E-3 3.14349E-2 1.27649E-1 4.39919E-3 2.55511E-2 8.05516E-3 1.70044E-3 1.2216E-3 1.27337E-3 4.5085E-3 2.49952E-3 1.18873E-3 2.07117E-3 1.43691E-3 2.12146E-3 4.27377E-3 5.70358E-3 1.77729E-3 3.88891E-4 5.99376E-3 1.58899E-3 2.29708E-4 2.14917E-4 2.15E-4 8.40404E-4 1.21372E-3 6.46869E-3 7.25339E-3 3.97807E-3 1.41731E-3 4.36966E-3 1.32663E-3 1.03433E-2 5.67656E-3 7.1938E-4 1.26623E-3 8.69235E-4 5.49994E-3 5.54527E-3 1.38336E-3 6.77452E-4 5.4078E-4 2.10114E-4 3.27414E-4 1.54028E-4
7.24938E-2 5.57393E-2 6.29741E-2 4.24543E-2 5.00386E-2 6.28203E-2 3.78421E-2 1.50765E-2 2.46022E-2 8.62475E-3 3.25189E-2 3.82827E-2 5.76299E-2 2.72631E-2 4.54666E-3 2.10397E-3 3.99049E-3 5.5419E-2 2.08298E-1 8.65249E-3 1.35682E-2 1.1245E-2 1.40435E-3 1.04382E-3 5.38299E-3 5.9529E-3 9.51072E-4 1.01868E-3 2.24467E-3 3.62099E-3 9.42291E-3 5.12917E-4 5.25494E-4 1.07961E-3 4.51873E-4 5.316E-3 5.1777E-3 8.03596E-4 2.45171E-4 6.23197E-4 2.33328E-3 3.13433E-3 3.45726E-3 2.89878E-3 1.27376E-3 1.91688E-3 2.97173E-3 5.85557E-4 3.47106E-3 7.13139E-3 5.86513E-4 8.48765E-4 8.97819E-4 1.50462E-3 4.31133E-3 1.12587E-3 7.11744E-4 5.467E-4 6.18672E-4 2.38917E-4 9.15587E-5
