data/maxent/outputs/red_217.asc
ncols         426
nrows         180
xllcorner     -130.0
yllcorner     24.0
cellsize      0.16666666666666666
NODATA_value  -9999
[rows 54 to 80 of 180, columns 244 to 304 of 426]
3.93053E-1 3.84937E-1 4.15349E-1 4.57431E-1 5.06073E-1 5.18233E-1 5.34552E-1 5.78835E-1 6.2561E-1 6.42451E-1 5.57422E-1 5.96853E-1 5.79414E-1 3.71345E-1 3.64882E-1 3.6849E-1 3.69177E-1 3.58352E-1 3.29521E-1 4.85843E-1 6.11939E-1 6.29875E-1 6.31785E-1 6.23732E-1 6.24566E-1 6.21139E-1 5.54666E-1 5.4758E-1 5.47287E-1 5.29615E-1 5.32373E-1 5.34085E-1 5.57242E-1 5.58754E-1 5.76482E-1 5.79121E-1 4.13784E-1 3.52536E-1 3.55967E-1 3.64107E-1 3.79397E-1 3.73693E-1 3.69151E-1 3.55424E-1 3.24818E-1 2.87113E-1 2.56011E-1 4.1036E-1 6.64418E-1 5.10459E-1 3.53178E-1 2.42959E-1 2.35788E-1 2.19931E-1 2.9178E-1 3.52241E-1 5.82638E-1 7.19614E-1 7.64262E-1 7.88183E-1 7.75267E-1
4.36514E-1 4.34054E-1 4.55012E-1 4.9658E-1 5.45811E-1 5.62435E-1 5.6859E-1 6.11301E-1 6.79429E-1 6.13105E-1 6.49844E-1 6.26716E-1 5.00354E-1 3.72539E-1 3.8049E-1 3.87182E-1 3.83284E-1 3.61995E-1 3.89658E-1 6.23931E-1 6.36111E-1 6.68712E-1 6.66147E-1 6.32743E-1 6.09024E-1 5.82048E-1 5.6833E-1 5.5175E-1 5.47605E-1 5.37848E-1 5.21649E-1 5.26065E-1 5.37426E-1 5.53117E-1 5.82176E-1 5.9373E-1 5.84958E-1 3.47418E-1 3.74311E-1 3.69906E-1 3.70784E-1 3.73632E-1 3.81567E-1 3.74464E-1 3.58048E-1 3.17278E-1 2.60592E-1 2.66059E-1 5.93601E-1 6.2625E-1 4.89497E-1 3.74422E-1 3.08665E-1 2.46782E-1 3.14461E-1 6.07192E-1 7.56239E-1 7.73996E-1 7.91287E-1 8.13332E-1 8.24139E-1
4.88761E-1 5.05205E-1 5.14552E-1 5.39881E-1 5.67798E-1 5.58754E-1 5.80252E-1 6.4021E-1 6.89999E-1 6.6405E-1 6.41621E-1 5.67791E-1 3.83436E-1 3.88235E-1 3.9676E-1 4.04233E-1 4.00896E-1 3.82072E-1 5.35486E-1 6.5202E-1 6.57684E-1 6.45065E-1 6.38972E-1 6.05177E-1 5.80129E-1 5.74675E-1 5.65102E-1 5.63235E-1 5.53107E-1 5.4112E-1 5.33273E-1 5.27903E-1 5.3445E-1 5.53753E-1 5.66224E-1 6.03461E-1 5.49204E-1 3.46913E-1 3.70212E-1 3.89315E-1 3.87154E-1 3.78065E-1 3.79961E-1 3.8052E-1 3.54944E-1 3.13436E-1 2.64915E-1 3.00404E-1 6.57373E-1 7.10924E-1 7.02921E-1 6.37703E-1 6.76635E-1 5.79211E-1 4.48736E-1 4.56401E-1 7.93944E-1 7.91393E-1 8.06056E-1 8.03992E-1 7.94827E-1
5.19784E-1 5.4896E-1 5.62092E-1 5.8803E-1 6.0376E-1 6.01929E-1 5.87763E-1 6.12964E-1 6.40061E-1 6.30081E-1 6.18672E-1 4.5334E-1 3.83449E-1 3.97525E-1 4.12939E-1 4.23132E-1 4.19779E-1 3.97901E-1 6.19803E-1 6.72781E-1 6.54121E-1 6.35026E-1 6.01021E-1 5.84794E-1 5.64907E-1 5.67153E-1 5.62438E-1 5.94532E-1 5.56661E-1 5.44581E-1 5.43297E-1 5.44547E-1 5.59972E-1 5.60805E-1 5.82934E-1 6.09738E-1 5.47246E-1 3.57639E-1 3.63903E-1 3.80731E-1 3.88488E-1 3.99827E-1 3.84617E-1 3.74273E-1 3.56027E-1 3.15816E-1 3.29922E-1 6.76425E-1 7.12251E-1 7.26843E-1 7.10877E-1 6.59264E-1 6.62733E-1 6.86939E-1 7.94436E-1 8.32917E-1 8.07353E-1 7.91346E-1 7.68997E-1 5.46131E-1 6.42094E-1
5.24162E-1 5.63785E-1 5.86959E-1 6.00831E-1 6.22823E-1 6.49828E-1 6.24402E-1 5.99185E-1 5.86811E-1 6.27578E-1 6.25285E-1 4.21427E-1 3.81845E-1 4.01285E-1 4.19747E-1 4.2838E-1 4.25264E-1 4.94376E-1 6.60331E-1 6.57094E-1 6.54752E-1 6.27114E-1 6.00762E-1 5.79829E-1 5.59865E-1 5.57688E-1 5.68178E-1 5.76006E-1 5.67734E-1 5.66635E-1 5.56662E-1 5.58997E-1 5.65299E-1 5.72319E-1 6.00423E-1 5.83718E-1 4.0988E-1 3.48206E-1 3.58705E-1 3.6409E-1 3.87727E-1 3.9567E-1 3.85155E-1 3.65138E-1 3.5014E-1 3.15883E-1 5.53998E-1 6.42206E-1 6.70713E-1 7.41873E-1 7.71761E-1 7.8004E-1 7.24362E-1 7.09615E-1 7.78901E-1 8.22859E-1 7.96284E-1 7.62284E-1 7.60646E-1 8.05998E-1 7.95874E-1
5.33897E-1 5.63327E-1 6.34578E-1 6.61597E-1 6.4948E-1 6.52088E-1 6.60752E-1 6.26753E-1 6.3447E-1 6.6469E-1 5.91923E-1 3.83051E-1 3.86415E-1 4.02975E-1 4.21187E-1 4.26281E-1 4.61601E-1 6.56378E-1 6.67025E-1 6.63269E-1 6.53838E-1 6.35147E-1 6.24356E-1 6.01713E-1 5.81125E-1 5.73771E-1 5.79811E-1 5.91687E-1 5.88475E-1 5.81602E-1 5.77323E-1 5.75456E-1 5.75537E-1 5.90451E-1 5.95594E-1 4.11627E-1 4.18419E-1 5.26233E-1 6.39625E-1 5.44451E-1 3.95055E-1 3.95946E-1 3.92486E-1 3.56814E-1 3.36225E-1 4.90252E-1 6.84099E-1 6.58065E-1 6.85601E-1 7.65886E-1 8.20858E-1 8.19769E-1 7.82116E-1 7.5083E-1 6.79758E-1 7.18369E-1 7.62429E-1 7.54754E-1 7.55537E-1 7.7905E-1 7.69159E-1
5.50972E-1 5.65311E-1 6.0832E-1 6.16883E-1 6.25879E-1 6.87675E-1 6.47641E-1 6.5329E-1 6.69241E-1 6.34755E-1 3.96769E-1 3.91596E-1 4.07598E-1 4.26877E-1 4.32991E-1 4.38525E-1 4.64858E-1 6.66407E-1 6.69697E-1 6.64681E-1 6.5683E-1 6.48137E-1 6.34359E-1 6.28877E-1 6.14241E-1 6.1162E-1 6.11998E-1 6.02702E-1 6.0326E-1 6.05099E-1 5.99725E-1 5.97071E-1 6.23616E-1 5.99393E-1 4.71755E-1 5.71559E-1 6.60354E-1 6.7842E-1 7.30328E-1 7.86716E-1 5.31101E-1 4.01106E-1 3.9822E-1 3.73036E-1 3.63833E-1 5.84134E-1 7.21018E-1 6.96061E-1 7.21296E-1 7.79305E-1 8.16263E-1 8.11038E-1 7.60215E-1 6.74968E-1 6.22707E-1 7.16006E-1 7.49015E-1 7.79803E-1 7.88427E-1 8.25662E-1 8.11147E-1
5.98437E-1 6.30069E-1 6.01701E-1 5.97407E-1 5.95376E-1 6.21017E-1 6.25849E-1 6.45817E-1 7.00707E-1 7.03208E-1 4.12527E-1 4.08788E-1 4.36218E-1 4.52776E-1 4.58489E-1 4.49621E-1 5.20848E-1 6.79369E-1 6.78941E-1 6.62423E-1 6.63459E-1 6.56844E-1 6.50891E-1 6.50786E-1 6.44184E-1 6.23214E-1 6.20718E-1 6.11875E-1 6.14195E-1 6.18528E-1 6.16675E-1 6.20546E-1 6.8216E-1 5.25488E-1 5.72277E-1 6.47683E-1 6.48147E-1 6.69557E-1 6.96577E-1 7.51177E-1 6.95659E-1 4.06011E-1 4.22183E-1 4.0551E-1 3.94758E-1 6.28821E-1 7.7983E-1 7.30206E-1 7.61735E-1 8.1999E-1 8.27822E-1 7.97823E-1 7.61829E-1 7.16243E-1 6.95372E-1 7.40603E-1 7.99858E-1 8.52433E-1 8.7172E-1 8.8325E-1 8.46727E-1
5.79466E-1 5.81228E-1 6.07379E-1 5.97261E-1 6.25588E-1 6.05988E-1 6.19475E-1 6.41621E-1 6.88027E-1 6.30238E-1 4.00692E-1 4.25869E-1 4.51339E-1 4.70973E-1 4.7628E-1 4.6339E-1 5.96761E-1 6.90609E-1 6.79857E-1 6.73303E-1 6.6989E-1 6.63917E-1 6.67849E-1 6.60982E-1 6.55246E-1 6.429E-1 6.40168E-1 6.26918E-1 6.29945E-1 6.36142E-1 6.58006E-1 6.39066E-1 6.74677E-1 6.73599E-1 6.41889E-1 6.23338E-1 6.53201E-1 6.5437E-1 6.67345E-1 6.99607E-1 7.05805E-1 4.14091E-1 4.2576E-1 4.29088E-1 4.3638E-1 6.23103E-1 8.3521E-1 7.97048E-1 8.05641E-1 8.50506E-1 8.17837E-1 8.06355E-1 8.01069E-1 7.85859E-1 7.88027E-1 7.94365E-1 8.64767E-1 8.90916E-1 8.76085E-1 6.42261E-1 5.22233E-1
5.58465E-1 5.74016E-1 6.06826E-1 5.79521E-1 6.15781E-1 6.07665E-1 6.46306E-1 6.66493E-1 6.92893E-1 4.54751E-1 4.16401E-1 4.41321E-1 4.64913E-1 4.84618E-1 4.93257E-1 4.83169E-1 4.93358E-1 6.82947E-1 6.93502E-1 6.87181E-1 6.87129E-1 6.85625E-1 6.8338E-1 6.69819E-1 6.63064E-1 6.55668E-1 6.54893E-1 6.42537E-1 6.4015E-1 6.27315E-1 6.4008E-1 6.73562E-1 6.74837E-1 6.30003E-1 6.35881E-1 6.59063E-1 6.5016E-1 6.47439E-1 6.57463E-1 6.86269E-1 7.45967E-1 4.5442E-1 4.51756E-1 4.54362E-1 4.55906E-1 6.93553E-1 8.40262E-1 8.07637E-1 8.22866E-1 8.76109E-1 8.62073E-1 8.32512E-1 8.24951E-1 8.23352E-1 8.01695E-1 8.37985E-1 8.91911E-1 9.15609E-1 5.67465E-1 4.6606E-1 4.2873E-1
5.4967E-1 5.60438E-1 5.93196E-1 5.98399E-1 6.05795E-1 6.28163E-1 6.6158E-1 6.83154E-1 7.07411E-1 4.30914E-1 4.46676E-1 4.69073E-1 4.92745E-1 5.03176E-1 5.09724E-1 5.05505E-1 4.91403E-1 5.985E-1 7.25724E-1 7.04045E-1 6.91312E-1 6.92032E-1 6.90149E-1 6.84674E-1 6.75456E-1 6.68702E-1 6.65011E-1 6.53136E-1 6.43033E-1 6.41007E-1 6.52842E-1 6.52099E-1 6.61634E-1 6.62453E-1 6.59864E-1 6.65185E-1 6.51344E-1 6.49336E-1 6.48865E-1 6.75078E-1 7.46392E-1 4.55511E-1 4.39557E-1 5.46817E-1 7.86224E-1 8.87088E-1 8.80701E-1 8.66401E-1 8.84007E-1 9.002E-1 8.89426E-1 8.6849E-1 8.48043E-1 8.06304E-1 7.761E-1 8.41856E-1 9.0759E-1 9.00742E-1 8.20273E-1 7.49655E-1 6.84297E-1
5.77633E-1 5.71226E-1 6.10484E-1 6.11527E-1 6.19964E-1 6.89887E-1 6.84143E-1 7.09111E-1 7.32946E-1 4.67366E-1 4.73888E-1 5.00297E-1 5.1409E-1 5.22718E-1 5.30316E-1 5.32147E-1 5.17764E-1 5.11181E-1 7.11819E-1 7.15883E-1 7.00076E-1 6.98922E-1 7.1407E-1 6.97221E-1 6.85263E-1 6.8051E-1 6.68984E-1 6.58718E-1 6.47676E-1 6.44256E-1 6.46631E-1 6.46737E-1 6.62419E-1 6.86275E-1 6.7211E-1 6.71198E-1 6.67797E-1 6.67167E-1 6.72817E-1 7.00466E-1 7.586E-1 7.15607E-1 6.70965E-1 8.84017E-1 8.90055E-1 9.13384E-1 9.32583E-1 9.23125E-1 9.24005E-1 9.16458E-1 9.05799E-1 8.88289E-1 8.77988E-1 8.52057E-1 8.26794E-1 8.62906E-1 9.02414E-1 9.25021E-1 9.41199E-1 9.35846E-1 9.10469E-1
6.00312E-1 5.91057E-1 6.28008E-1 5.9955E-1 6.28154E-1 6.77907E-1 6.87926E-1 7.21041E-1 7.38903E-1 5.48074E-1 5.10253E-1 5.25864E-1 5.31205E-1 5.32348E-1 5.3741E-1 5.39519E-1 5.32741E-1 5.25064E-1 6.64417E-1 7.11264E-1 7.11079E-1 7.25147E-1 7.247E-1 6.99814E-1 6.89877E-1 6.83627E-1 6.78136E-1 6.6382E-1 6.55341E-1 6.65271E-1 6.74425E-1 6.77204E-1 6.76832E-1 6.91605E-1 6.81253E-1 6.81718E-1 6.95925E-1 7.03799E-1 7.11739E-1 7.5801E-1 8.03945E-1 8.4248E-1 8.53485E-1 8.79783E-1 8.98785E-1 9.18559E-1 9.3182E-1 9.33637E-1 9.38287E-1 9.17744E-1 9.09441E-1 9.07708E-1 9.05326E-1 8.99083E-1 9.04293E-1 9.00534E-1 9.01549E-1 9.05054E-1 8.99015E-1 8.93577E-1 8.64473E-1
5.85619E-1 6.01305E-1 5.84404E-1 6.01267E-1 6.49554E-1 6.57776E-1 6.8687E-1 6.90616E-1 7.20101E-1 7.32316E-1 5.41806E-1 5.46951E-1 5.52042E-1 5.56621E-1 5.57054E-1 5.59427E-1 5.55977E-1 5.47617E-1 6.57455E-1 7.16293E-1 7.0977E-1 7.14478E-1 7.14363E-1 7.12258E-1 6.91399E-1 6.8484E-1 6.75148E-1 6.69936E-1 6.85016E-1 6.84124E-1 6.81352E-1 6.82213E-1 6.92643E-1 7.03134E-1 7.09047E-1 7.26918E-1 7.38112E-1 7.59119E-1 7.74141E-1 8.09702E-1 8.4559E-1 8.58305E-1 8.52911E-1 8.71511E-1 8.90491E-1 9.09151E-1 9.16419E-1 9.16535E-1 9.08078E-1 9.01529E-1 9.0059E-1 9.04838E-1 8.98542E-1 9.01522E-1 8.76251E-1 7.54755E-1 6.4668E-1 5.22844E-1 4.84722E-1 4.8517E-1 4.82682E-1
5.88109E-1 5.84281E-1 5.77407E-1 5.92059E-1 6.64292E-1 6.88877E-1 6.78147E-1 7.03148E-1 7.16885E-1 6.73975E-1 5.59324E-1 5.66325E-1 5.7576E-1 5.84218E-1 5.88371E-1 5.93524E-1 5.82763E-1 5.7075E-1 7.18607E-1 7.10909E-1 7.45286E-1 7.39463E-1 7.23051E-1 7.33139E-1 7.13239E-1 7.05144E-1 6.80554E-1 6.72672E-1 6.68878E-1 6.65234E-1 6.78923E-1 6.91125E-1 7.07768E-1 7.23205E-1 7.37743E-1 7.69176E-1 7.77037E-1 7.94504E-1 8.17313E-1 8.20664E-1 8.57372E-1 8.79048E-1 8.54132E-1 8.6402E-1 8.78366E-1 8.84257E-1 8.81932E-1 7.42597E-1 5.98424E-1 6.11667E-1 6.87947E-1 7.78901E-1 8.78559E-1 8.64363E-1 7.57983E-1 6.46327E-1 4.8131E-1 4.49834E-1 4.33051E-1 4.74465E-1 6.50348E-1
5.99272E-1 6.12874E-1 6.06951E-1 5.84533E-1 6.11562E-1 6.25558E-1 6.86162E-1 7.33033E-1 7.3628E-1 6.97952E-1 5.79829E-1 5.89901E-1 5.9833E-1 6.05744E-1 6.13763E-1 6.13127E-1 6.12882E-1 6.13122E-1 7.27932E-1 7.10286E-1 7.30243E-1 7.30937E-1 7.23682E-1 7.38849E-1 7.37361E-1 7.18836E-1 6.89053E-1 6.85442E-1 6.81521E-1 6.67202E-1 6.81295E-1 7.23875E-1 7.51253E-1 7.86425E-1 7.86477E-1 7.89919E-1 8.06637E-1 8.33218E-1 8.65705E-1 6.66572E-1 7.55452E-1 9.108E-1 9.02962E-1 8.94901E-1 8.92361E-1 8.61751E-1 5.49833E-1 4.20074E-1 4.37183E-1 4.68244E-1 4.95052E-1 5.15237E-1 5.42564E-1 5.30516E-1 5.09816E-1 5.05377E-1 4.72852E-1 4.71883E-1 5.84775E-1 7.75617E-1 7.76837E-1
5.94033E-1 6.35718E-1 6.00274E-1 5.84041E-1 6.06582E-1 6.35674E-1 6.86678E-1 7.17003E-1 7.44602E-1 7.25675E-1 6.03345E-1 6.04661E-1 6.16832E-1 6.27931E-1 6.38366E-1 6.4571E-1 6.60678E-1 7.34394E-1 7.1296E-1 7.15577E-1 7.22277E-1 7.24308E-1 7.41809E-1 7.29278E-1 7.23729E-1 7.07765E-1 6.98854E-1 6.95892E-1 6.98845E-1 6.93432E-1 7.08485E-1 7.22941E-1 7.61321E-1 8.13378E-1 8.16431E-1 8.09297E-1 8.22647E-1 8.4771E-1 8.59728E-1 8.90025E-1 9.10751E-1 9.17879E-1 9.14323E-1 8.51056E-1 6.74294E-1 4.48406E-1 4.21683E-1 4.37316E-1 4.62071E-1 4.93868E-1 5.09511E-1 5.28747E-1 5.45263E-1 5.49659E-1 5.11666E-1 5.79214E-1 7.38558E-1 7.88774E-1 7.46912E-1 7.65148E-1 7.30472E-1
6.18339E-1 5.86339E-1 5.82026E-1 5.92507E-1 5.99623E-1 6.3957E-1 6.89203E-1 7.14566E-1 7.39022E-1 7.68988E-1 6.79978E-1 6.26761E-1 6.36588E-1 6.47671E-1 6.60099E-1 6.79042E-1 7.79122E-1 7.13241E-1 7.19776E-1 7.33137E-1 7.22454E-1 7.12862E-1 7.23249E-1 7.1555E-1 7.15956E-1 7.13695E-1 7.05988E-1 6.93155E-1 7.08762E-1 7.12027E-1 7.21368E-1 7.46155E-1 7.42464E-1 7.59212E-1 7.91572E-1 8.06064E-1 8.2001E-1 8.49504E-1 8.36965E-1 8.92056E-1 9.21764E-1 8.7787E-1 6.491E-1 5.17991E-1 4.91779E-1 4.60119E-1 4.56458E-1 4.65313E-1 4.88792E-1 5.04563E-1 5.31038E-1 5.58415E-1 5.92368E-1 6.89769E-1 8.06432E-1 8.23594E-1 7.95121E-1 7.70113E-1 7.55929E-1 7.61524E-1 7.89778E-1
6.05039E-1 5.98502E-1 6.01071E-1 6.11863E-1 6.11954E-1 6.51168E-1 6.81343E-1 7.13301E-1 7.39111E-1 7.5704E-1 7.90814E-1 6.57072E-1 6.6223E-1 6.68266E-1 6.80631E-1 7.21307E-1 7.70533E-1 7.41576E-1 7.54437E-1 7.57632E-1 7.5404E-1 7.43331E-1 7.2405E-1 7.24047E-1 7.13345E-1 7.16948E-1 7.11371E-1 7.05574E-1 7.04468E-1 6.98844E-1 7.08439E-1 7.11084E-1 7.16762E-1 7.37491E-1 7.6238E-1 7.90063E-1 8.09886E-1 6.20171E-1 7.06436E-1 6.52831E-1 7.29771E-1 6.45667E-1 5.81189E-1 5.58142E-1 5.23698E-1 5.0221E-1 5.0193E-1 4.90565E-1 5.1077E-1 5.8479E-1 7.12942E-1 8.18167E-1 8.08435E-1 7.89738E-1 7.89474E-1 7.8308E-1 7.81955E-1 7.68209E-1 7.70517E-1 7.65923E-1 7.68226E-1
6.04937E-1 5.99475E-1 6.08363E-1 6.10017E-1 6.26852E-1 6.61531E-1 6.80098E-1 7.19291E-1 7.52424E-1 7.53034E-1 7.70056E-1 7.9102E-1 6.96774E-1 7.68506E-1 7.80854E-1 7.73954E-1 7.38921E-1 7.44205E-1 7.66468E-1 7.58252E-1 7.45327E-1 7.33215E-1 7.20719E-1 7.25852E-1 7.23072E-1 7.34964E-1 7.22134E-1 7.04632E-1 7.02572E-1 6.94916E-1 6.9008E-1 6.94876E-1 7.11699E-1 7.53344E-1 7.769E-1 7.94949E-1 7.15834E-1 5.79103E-1 5.78408E-1 6.38821E-1 6.64649E-1 6.35287E-1 6.17881E-1 6.04566E-1 5.77185E-1 5.5173E-1 5.58519E-1 7.53857E-1 8.32824E-1 8.31472E-1 8.03989E-1 7.86916E-1 7.73089E-1 7.78238E-1 7.79891E-1 7.79862E-1 7.7162E-1 7.60898E-1 7.44365E-1 7.55621E-1 7.39845E-1
5.97802E-1 5.97302E-1 5.99965E-1 6.28414E-1 6.51363E-1 6.42674E-1 6.65964E-1 7.10548E-1 7.061E-1 7.33347E-1 7.41037E-1 7.40344E-1 7.42438E-1 7.39428E-1 7.18742E-1 7.21522E-1 7.12821E-1 7.13546E-1 7.51864E-1 7.35155E-1 7.31484E-1 7.21589E-1 7.13805E-1 7.41965E-1 7.41744E-1 7.24299E-1 7.13862E-1 6.94797E-1 7.02366E-1 6.908E-1 6.83407E-1 6.8489E-1 7.19069E-1 7.54214E-1 7.54884E-1 7.26869E-1 7.47523E-1 7.90717E-1 7.31917E-1 7.59208E-1 5.93667E-1 6.40862E-1 6.62075E-1 7.42533E-1 7.29632E-1 7.13831E-1 8.40712E-1 8.62883E-1 8.64672E-1 8.43504E-1 8.06228E-1 7.6935E-1 7.51459E-1 7.52823E-1 7.50743E-1 7.59144E-1 7.50108E-1 7.34206E-1 7.29741E-1 7.36961E-1 7.37846E-1
5.94998E-1 6.07346E-1 6.16145E-1 6.57376E-1 6.40438E-1 6.53895E-1 7.15132E-1 6.72897E-1 6.47271E-1 6.76537E-1 6.92242E-1 7.14716E-1 7.0572E-1 6.86773E-1 6.64401E-1 6.68337E-1 6.72073E-1 6.98567E-1 6.96418E-1 7.02191E-1 7.06009E-1 7.4491E-1 7.34979E-1 7.43416E-1 7.44639E-1 7.18108E-1 7.00173E-1 6.97171E-1 6.89277E-1 6.94469E-1 6.85002E-1 6.87047E-1 6.97268E-1 7.00252E-1 6.94456E-1 7.06155E-1 7.1577E-1 7.41792E-1 7.58475E-1 7.63296E-1 7.92292E-1 8.21918E-1 8.28124E-1 8.35367E-1 8.56881E-1 8.61417E-1 8.61689E-1 8.63984E-1 8.64225E-1 8.37577E-1 7.74446E-1 7.55456E-1 7.11925E-1 6.96112E-1 7.19022E-1 7.39615E-1 7.41304E-1 7.37903E-1 7.36097E-1 7.52622E-1 7.61953E-1
6.56405E-1 6.47996E-1 6.65579E-1 6.66992E-1 6.93977E-1 6.59746E-1 7.16552E-1 6.66681E-1 6.38089E-1 6.312E-1 6.52775E-1 6.69938E-1 6.64058E-1 6.51169E-1 6.61797E-1 6.70173E-1 6.89572E-1 7.06957E-1 6.92593E-1 6.97399E-1 7.2631E-1 7.521E-1 7.4805E-1 7.43638E-1 7.34113E-1 7.46581E-1 7.14276E-1 6.88725E-1 6.97467E-1 7.13006E-1 6.96702E-1 6.92025E-1 6.85785E-1 6.86518E-1 6.97555E-1 6.99731E-1 7.0647E-1 7.14234E-1 7.15022E-1 7.05955E-1 7.25103E-1 7.42226E-1 7.74343E-1 7.9587E-1 8.20694E-1 8.48898E-1 8.4572E-1 8.49942E-1 8.48996E-1 8.13733E-1 7.55198E-1 7.14532E-1 7.06159E-1 7.01923E-1 7.06641E-1 7.27077E-1 7.34829E-1 7.36498E-1 7.36476E-1 7.55702E-1 7.85982E-1
6.50383E-1 6.33755E-1 6.47408E-1 6.64512E-1 6.42239E-1 6.43453E-1 6.42856E-1 6.45614E-1 6.55672E-1 6.59018E-1 6.64473E-1 6.6389E-1 6.6149E-1 6.55544E-1 6.55825E-1 6.55147E-1 6.69358E-1 6.75537E-1 6.93372E-1 7.16696E-1 7.28906E-1 7.2348E-1 7.21506E-1 7.26354E-1 7.47512E-1 7.58817E-1 6.99321E-1 6.97376E-1 6.97173E-1 7.03076E-1 7.13895E-1 7.08858E-1 7.05779E-1 7.09996E-1 7.21667E-1 7.06445E-1 7.18466E-1 7.2548E-1 7.1298E-1 7.09893E-1 7.18502E-1 7.32528E-1 7.58801E-1 7.77798E-1 8.01376E-1 8.13511E-1 8.23059E-1 8.28907E-1 8.24156E-1 7.99885E-1 7.52861E-1 7.16229E-1 7.04795E-1 7.09643E-1 7.24716E-1 7.33086E-1 7.41115E-1 7.49262E-1 7.47134E-1 7.64313E-1 7.91854E-1
6.27141E-1 6.22221E-1 6.25234E-1 6.32668E-1 6.54391E-1 6.44838E-1 6.43051E-1 6.41084E-1 6.4507E-1 6.49738E-1 6.52029E-1 6.54295E-1 6.53407E-1 6.58083E-1 6.58178E-1 6.66763E-1 6.71978E-1 6.87842E-1 7.04898E-1 7.21039E-1 7.20382E-1 7.17441E-1 7.20811E-1 7.2329E-1 7.29557E-1 7.33933E-1 7.35835E-1 7.2485E-1 7.11822E-1 7.04427E-1 7.10301E-1 7.14366E-1 7.2759E-1 7.19285E-1 7.11495E-1 7.05284E-1 7.04615E-1 7.08799E-1 6.99096E-1 7.0213E-1 7.15872E-1 7.29627E-1 7.43408E-1 7.47145E-1 7.57127E-1 7.6383E-1 7.88279E-1 7.97955E-1 7.92512E-1 7.79816E-1 7.62645E-1 7.31482E-1 7.26451E-1 7.17596E-1 7.38909E-1 7.65621E-1 7.62389E-1 7.58323E-1 7.71658E-1 7.92647E-1 8.11036E-1
6.24823E-1 6.2752E-1 6.19251E-1 6.24058E-1 6.47394E-1 6.52862E-1 6.56741E-1 6.50829E-1 6.5673E-1 6.68666E-1 6.58371E-1 6.49037E-1 6.55856E-1 6.59574E-1 6.66526E-1 6.94597E-1 6.96287E-1 7.17942E-1 7.28458E-1 7.3409E-1 7.38369E-1 7.23108E-1 7.33074E-1 7.11179E-1 7.16556E-1 7.2207E-1 7.24369E-1 7.29768E-1 7.28437E-1 7.12357E-1 7.17182E-1 7.49426E-1 7.43322E-1 7.22836E-1 7.17996E-1 7.08484E-1 7.02571E-1 6.98347E-1 6.95548E-1 7.1349E-1 7.34936E-1 7.38789E-1 7.37673E-1 7.28344E-1 7.21859E-1 7.39746E-1 7.436E-1 7.69007E-1 7.70526E-1 7.64346E-1 7.55691E-1 7.4098E-1 7.34817E-1 7.47484E-1 7.51853E-1 7.69393E-1 7.79904E-1 7.65675E-1 7.54648E-1 7.86727E-1 7.97332E-1
6.47688E-1 6.68206E-1 6.63825E-1 6.35736E-1 6.43255E-1 6.52583E-1 6.52445E-1 6.61548E-1 6.40189E-1 6.38301E-1 6.40322E-1 6.47908E-1 6.53E-1 6.60874E-1 6.75018E-1 6.97892E-1 7.04688E-1 7.20948E-1 7.28238E-1 7.30686E-1 7.28384E-1 7.14293E-1 7.22169E-1 7.18951E-1 7.14051E-1 7.19211E-1 7.17552E-1 7.21072E-1 7.37258E-1 7.33984E-1 7.07736E-1 7.17271E-1 7.14676E-1 7.14596E-1 7.18039E-1 7.12259E-1 7.00878E-1 6.92113E-1 6.91597E-1 7.17592E-1 7.27257E-1 7.41234E-1 7.40739E-1 7.34711E-1 7.16895E-1 7.20783E-1 7.23618E-1 7.46399E-1 7.64074E-1 7.51677E-1 7.43725E-1 7.4446E-1 7.46518E-1 7.55411E-1 7.66708E-1 7.88187E-1 7.93852E-1 7.75078E-1 7.64731E-1 7.69479E-1 7.91673E-1
