data/maxent/outputs/red_308.asc
ncols         426
nrows         180
xllcorner     -130.0
yllcorner     24.0
cellsize      0.16666666666666666
NODATA_value  -9999
[rows 27 to 53 of 180, columns 183 to 243 of 426]
5.80277E-3 4.98731E-3 4.77453E-3 3.76144E-3 3.51169E-3 3.43068E-3 4.16378E-3 6.3833E-3 6.61005E-3 8.44585E-3 9.35901E-3 7.65626E-3 5.89964E-3 4.49418E-3 3.70986E-3 3.22518E-3 3.07218E-3 3.62953E-3 4.73947E-3 5.33473E-3 6.71881E-3 5.36496E-3 4.08172E-3 3.05618E-3 2.62338E-3 2.451E-3 2.25341E-3 2.25712E-3 2.22648E-3 2.60801E-3 2.81211E-3 3.14736E-3 3.36525E-3 3.85625E-3 4.16879E-3 3.87832E-3 3.84028E-3 3.712E-3 4.02733E-3 4.19834E-3 4.21723E-3 4.88769E-3 5.3426E-3 5.61466E-3 5.69582E-3 6.38401E-3 8.3849E-3 7.14231E-3 4.47715E-3 2.83038E-3 2.50922E-3 2.74772E-3 2.58084E-3 2.51868E-3 2.03319E-3 2.09315E-3 1.85635E-3 1.80398E-3 1.71019E-3 1.59941E-3 1.94795E-3
6.22572E-3 5.22887E-3 4.85894E-3 4.09996E-3 4.05472E-3 4.11047E-3 3.56676E-3 5.35255E-3 7.3254E-3 9.04451E-3 9.91909E-3 8.8059E-3 6.62214E-3 4.537E-3 3.86266E-3 3.24094E-3 3.07762E-3 3.3051E-3 4.52278E-3 5.27584E-3 5.72077E-3 4.8472E-3 3.788E-3 2.86206E-3 2.56311E-3 2.37017E-3 2.10905E-3 1.96646E-3 1.72441E-3 2.36495E-3 2.86686E-3 3.22319E-3 3.47898E-3 4.27659E-3 4.41801E-3 4.29505E-3 4.50651E-3 4.12001E-3 4.45958E-3 4.21026E-3 4.86085E-3 4.89376E-3 5.60379E-3 6.10307E-3 6.50496E-3 6.9468E-3 7.09118E-3 5.99737E-3 4.04529E-3 2.58091E-3 2.51791E-3 2.56717E-3 2.1591E-3 2.01456E-3 1.88078E-3 1.96879E-3 1.70608E-3 1.73296E-3 1.61478E-3 1.71684E-3 1.86717E-3
4.53154E-3 4.57598E-3 4.45534E-3 4.19568E-3 4.30246E-3 4.24864E-3 3.72384E-3 3.69085E-3 6.11058E-3 7.9763E-3 8.41758E-3 9.14222E-3 6.05825E-3 3.98065E-3 3.39257E-3 3.07321E-3 3.05704E-3 3.47684E-3 4.24822E-3 5.10683E-3 4.89181E-3 3.77262E-3 3.0943E-3 2.53941E-3 2.33853E-3 1.96349E-3 1.08101E-3 1.02401E-3 1.50898E-3 2.23736E-3 2.29259E-3 3.62291E-3 4.49752E-3 5.07776E-3 5.22281E-3 4.80819E-3 4.55536E-3 4.41038E-3 4.46333E-3 5.01532E-3 5.40135E-3 5.69619E-3 6.3357E-3 7.39893E-3 6.78121E-3 6.57024E-3 6.40692E-3 5.08464E-3 4.17941E-3 3.07185E-3 3.02243E-3 2.79232E-3 2.4406E-3 2.34454E-3 2.16652E-3 1.98194E-3 2.51574E-3 2.03934E-3 1.97657E-3 1.94607E-3 1.93621E-3
4.12638E-3 4.03278E-3 4.20657E-3 4.18016E-3 3.90241E-3 3.32187E-3 2.66344E-3 2.72442E-3 3.97807E-3 5.87498E-3 6.69403E-3 6.75297E-3 5.03521E-3 3.76731E-3 3.62886E-3 3.2624E-3 3.06913E-3 3.55485E-3 3.86765E-3 4.72133E-3 3.89525E-3 3.22797E-3 2.51831E-3 2.34699E-3 2.1242E-3 1.98714E-3 1.91623E-3 2.12576E-3 1.59511E-3 2.10046E-3 2.82476E-3 3.86563E-3 4.81174E-3 6.01236E-3 5.97454E-3 5.53589E-3 5.12805E-3 4.62845E-3 5.08541E-3 5.88259E-3 5.99445E-3 6.93126E-3 7.80204E-3 7.48819E-3 7.00097E-3 6.21662E-3 5.81408E-3 5.61035E-3 4.82523E-3 3.74782E-3 3.56973E-3 3.30956E-3 3.50839E-3 3.35729E-3 3.49136E-3 2.66382E-3 2.0441E-3 2.16713E-3 2.22825E-3 2.26784E-3 1.84742E-3
3.61939E-3 4.12848E-3 4.02283E-3 3.98339E-3 3.52384E-3 2.84825E-3 2.34197E-3 2.2895E-3 2.82259E-3 4.33232E-3 5.17295E-3 6.20246E-3 4.98658E-3 4.52787E-3 4.05135E-3 4.0323E-3 3.72857E-3 3.33043E-3 3.65537E-3 4.10082E-3 3.80482E-3 2.88741E-3 2.45201E-3 2.23443E-3 2.2129E-3 2.17915E-3 2.17706E-3 2.24744E-3 2.34041E-3 2.31199E-3 2.92862E-3 4.06553E-3 5.53302E-3 7.4849E-3 7.4923E-3 5.97632E-3 5.251E-3 3.83678E-3 4.93321E-3 5.6168E-3 6.93734E-3 8.08066E-3 8.01953E-3 7.4964E-3 7.70341E-3 6.58317E-3 6.21142E-3 6.228E-3 4.79684E-3 4.81073E-3 4.23053E-3 3.74663E-3 3.79769E-3 4.27253E-3 4.64428E-3 3.79944E-3 2.41086E-3 2.0785E-3 2.09563E-3 3.66447E-3 3.16566E-3
4.02065E-3 4.11839E-3 3.98796E-3 4.04352E-3 3.41809E-3 2.59945E-3 2.15124E-3 2.2884E-3 2.78992E-3 4.20078E-3 5.60076E-3 6.32814E-3 5.78663E-3 5.51502E-3 5.07838E-3 5.06382E-3 4.96687E-3 3.73597E-3 3.41095E-3 3.62643E-3 3.20827E-3 2.87219E-3 2.67277E-3 2.46573E-3 2.40653E-3 2.36518E-3 2.1546E-3 2.16495E-3 2.40844E-3 2.57627E-3 3.29717E-3 4.39936E-3 5.99185E-3 8.1049E-3 7.75823E-3 6.09637E-3 5.27887E-3 5.07075E-3 5.15072E-3 4.63832E-3 5.06492E-3 6.28183E-3 6.87428E-3 6.4049E-3 7.28652E-3 6.58126E-3 6.23206E-3 5.74342E-3 5.38651E-3 4.75604E-3 4.46941E-3 3.79059E-3 4.10534E-3 5.68716E-3 5.21899E-3 5.56844E-3 5.36502E-3 6.89418E-3 6.80048E-3 7.21655E-3 4.27894E-3
4.79586E-3 4.86126E-3 4.62179E-3 4.38184E-3 3.65503E-3 2.94227E-3 2.65755E-3 2.38985E-3 3.04666E-3 4.41299E-3 5.89454E-3 6.23193E-3 6.70136E-3 6.06134E-3 5.48957E-3 6.20993E-3 6.22886E-3 4.69935E-3 3.52E-3 3.31256E-3 3.3845E-3 3.3017E-3 3.14807E-3 2.836E-3 2.74849E-3 2.6399E-3 2.65649E-3 2.67269E-3 2.75231E-3 3.10506E-3 3.64019E-3 4.6976E-3 5.91695E-3 7.00799E-3 6.93384E-3 6.31437E-3 5.67905E-3 5.80596E-3 6.0242E-3 6.16764E-3 6.46555E-3 5.61212E-3 7.10353E-3 7.22957E-3 7.03678E-3 7.11302E-3 6.36133E-3 6.23287E-3 5.51858E-3 5.31894E-3 5.94187E-3 5.66106E-3 4.99752E-3 5.64287E-3 5.72715E-3 6.5296E-3 6.53757E-3 7.97637E-3 9.17447E-3 1.09849E-2 1.0595E-2
6.11526E-3 6.49525E-3 5.01186E-3 4.89141E-3 4.45481E-3 3.64502E-3 3.35424E-3 3.4183E-3 3.81603E-3 5.4167E-3 6.7981E-3 7.61823E-3 8.57255E-3 7.923E-3 7.20192E-3 7.00469E-3 7.06231E-3 5.96972E-3 4.55292E-3 4.03617E-3 3.80229E-3 3.83682E-3 3.6402E-3 3.33113E-3 3.23386E-3 3.13726E-3 3.16484E-3 3.24491E-3 3.10233E-3 3.50804E-3 4.14588E-3 4.84234E-3 5.37132E-3 6.02718E-3 6.6025E-3 6.38555E-3 6.11312E-3 5.84172E-3 5.8549E-3 6.46258E-3 6.37459E-3 6.9972E-3 7.17631E-3 6.5582E-3 6.74867E-3 6.35299E-3 5.97528E-3 5.99656E-3 5.4041E-3 5.80817E-3 6.03542E-3 5.44543E-3 6.06986E-3 5.03665E-3 6.17342E-3 7.63142E-3 9.88926E-3 1.53475E-2 1.4744E-2 1.35666E-2 1.96349E-2
6.29694E-3 7.74664E-3 5.92227E-3 5.68517E-3 5.12664E-3 4.74035E-3 4.17166E-3 4.28255E-3 4.32539E-3 5.67429E-3 7.71171E-3 9.04004E-3 9.48752E-3 9.38881E-3 9.89453E-3 8.70962E-3 7.82656E-3 6.40664E-3 5.58773E-3 5.40566E-3 4.814E-3 4.63752E-3 4.50768E-3 4.20622E-3 3.66161E-3 3.82335E-3 2.94809E-3 2.94537E-3 3.36691E-3 4.09688E-3 4.64588E-3 5.17678E-3 5.27249E-3 5.75678E-3 5.86199E-3 5.80602E-3 5.9573E-3 5.89285E-3 6.07975E-3 6.3744E-3 6.52636E-3 6.38832E-3 5.80358E-3 5.39692E-3 5.25977E-3 5.44794E-3 6.04592E-3 6.0948E-3 5.64697E-3 5.81095E-3 6.29764E-3 5.90864E-3 5.33824E-3 4.92419E-3 4.65337E-3 5.37333E-3 1.00429E-2 1.36103E-2 1.7611E-2 2.69209E-2 1.45865E-2
7.8124E-3 7.4549E-3 6.6114E-3 5.84468E-3 5.72472E-3 5.29072E-3 5.08466E-3 4.96158E-3 4.95965E-3 5.40197E-3 7.77362E-3 9.60721E-3 1.10824E-2 1.04681E-2 1.20466E-2 1.11708E-2 8.8661E-3 7.66283E-3 6.83393E-3 6.69366E-3 6.15533E-3 6.02462E-3 5.46685E-3 4.8365E-3 4.21269E-3 3.92626E-3 2.80815E-3 3.06295E-3 3.96076E-3 4.66065E-3 4.93116E-3 5.2554E-3 5.98479E-3 6.01567E-3 6.29747E-3 6.3245E-3 6.25572E-3 6.37558E-3 5.62488E-3 5.53962E-3 5.11392E-3 6.05163E-3 6.07518E-3 5.64637E-3 5.31123E-3 5.5766E-3 5.55132E-3 5.77111E-3 5.69351E-3 5.85756E-3 4.94911E-3 5.10879E-3 4.52351E-3 3.68576E-3 2.91178E-3 3.14136E-3 7.68264E-3 1.4328E-2 1.4512E-2 1.04094E-2 7.44627E-3
9.64415E-3 8.88003E-3 7.74306E-3 6.59761E-3 6.27985E-3 5.67946E-3 5.62886E-3 4.89251E-3 5.64214E-3 6.44159E-3 8.42076E-3 1.02383E-2 1.15541E-2 1.17288E-2 1.26266E-2 1.15189E-2 9.98969E-3 9.10928E-3 7.99107E-3 7.31233E-3 7.39125E-3 6.7212E-3 5.91267E-3 5.51899E-3 5.27712E-3 4.54704E-3 4.25671E-3 4.49118E-3 4.73439E-3 5.19791E-3 5.40202E-3 5.6209E-3 6.19863E-3 6.3695E-3 6.06179E-3 6.20425E-3 6.11411E-3 6.06124E-3 6.3153E-3 5.29338E-3 5.08891E-3 4.65929E-3 4.49697E-3 4.33579E-3 4.23016E-3 4.56376E-3 4.54092E-3 4.68159E-3 4.70587E-3 4.48559E-3 4.69968E-3 4.25442E-3 4.53765E-3 7.21112E-3 9.77726E-3 1.17215E-2 1.40259E-2 1.07411E-2 9.57008E-3 1.14898E-2 1.29726E-2
8.77003E-3 8.36932E-3 8.43827E-3 8.06895E-3 7.08416E-3 6.94655E-3 6.38387E-3 6.72557E-3 6.50658E-3 7.59727E-3 9.39684E-3 1.13807E-2 1.18917E-2 1.22343E-2 1.20019E-2 1.19418E-2 1.13686E-2 1.14198E-2 9.99251E-3 8.64409E-3 8.53428E-3 7.92276E-3 6.82876E-3 5.88208E-3 5.12338E-3 4.80643E-3 4.93044E-3 5.26342E-3 5.68589E-3 6.17586E-3 6.16773E-3 6.43452E-3 6.43215E-3 6.36379E-3 6.45194E-3 6.79758E-3 6.83643E-3 5.98882E-3 5.76758E-3 5.72282E-3 5.25349E-3 6.38667E-3 4.37361E-3 5.03707E-3 4.92139E-3 4.1784E-3 3.39882E-3 3.66745E-3 3.70152E-3 4.21033E-3 6.9809E-3 1.14087E-2 1.54942E-2 1.57479E-2 1.14738E-2 1.28779E-2 1.36695E-2 1.62431E-2 1.60997E-2 1.69685E-2 1.86559E-2
9.06764E-3 8.66913E-3 9.42583E-3 9.1398E-3 8.78122E-3 7.78356E-3 7.082E-3 7.37832E-3 7.57247E-3 8.49781E-3 9.67587E-3 1.08042E-2 1.24111E-2 1.16257E-2 1.21994E-2 1.23912E-2 1.36302E-2 1.36957E-2 1.24475E-2 1.02215E-2 1.08122E-2 9.73213E-3 8.65563E-3 6.3378E-3 5.90989E-3 6.09154E-3 6.00455E-3 6.43831E-3 6.62247E-3 7.62627E-3 7.1741E-3 6.70619E-3 7.08726E-3 7.02993E-3 7.18401E-3 7.49374E-3 7.93283E-3 7.52134E-3 7.8047E-3 6.18946E-3 3.90641E-3 5.09199E-3 5.28245E-3 4.46267E-3 4.46708E-3 4.00052E-3 3.799E-3 3.88799E-3 4.94258E-3 9.65245E-3 2.20352E-2 1.63546E-2 1.70336E-2 2.01337E-2 2.1024E-2 2.15509E-2 2.09508E-2 2.24013E-2 2.39312E-2 2.74052E-2 3.03042E-2
8.17657E-3 8.50928E-3 7.80708E-3 7.81141E-3 9.35855E-3 9.88751E-3 8.31258E-3 8.20601E-3 8.12523E-3 8.93348E-3 1.00032E-2 1.07237E-2 1.12897E-2 1.14466E-2 1.27823E-2 1.38139E-2 1.57366E-2 1.51009E-2 1.43947E-2 1.22039E-2 1.24832E-2 1.14506E-2 9.06409E-3 7.28355E-3 6.7169E-3 7.29063E-3 7.60212E-3 7.17134E-3 7.85816E-3 8.39681E-3 7.75462E-3 7.57016E-3 7.92967E-3 8.11327E-3 8.06004E-3 9.64888E-3 8.93931E-3 7.63052E-3 7.0961E-3 4.6965E-3 4.36972E-3 3.89481E-3 4.54782E-3 5.41009E-3 5.39102E-3 5.35743E-3 5.86713E-3 7.32124E-3 1.21773E-2 3.24408E-2 1.86281E-2 2.70767E-2 3.59785E-2 4.05774E-2 3.50576E-2 3.14221E-2 3.26589E-2 3.68934E-2 3.76266E-2 4.0441E-2 4.44727E-2
6.95917E-3 8.71409E-3 8.8973E-3 7.65435E-3 8.53476E-3 9.80135E-3 9.55826E-3 9.41999E-3 8.58473E-3 9.4768E-3 1.04766E-2 1.03037E-2 1.09869E-2 1.20989E-2 1.30353E-2 1.6179E-2 1.70426E-2 1.63918E-2 1.36776E-2 1.22716E-2 1.15339E-2 1.14809E-2 9.40738E-3 8.33389E-3 7.67649E-3 7.64883E-3 7.91687E-3 7.35327E-3 8.78398E-3 1.03482E-2 8.15927E-3 8.85462E-3 8.90338E-3 9.03381E-3 8.31658E-3 8.74748E-3 7.90715E-3 6.79984E-3 5.91304E-3 5.37812E-3 5.59106E-3 4.95613E-3 5.04661E-3 6.67891E-3 7.39716E-3 8.20049E-3 1.06014E-2 2.22561E-2 3.55379E-2 2.4964E-2 3.11965E-2 4.21127E-2 5.35148E-2 6.02291E-2 6.97513E-2 4.92209E-2 4.77034E-2 5.17074E-2 5.19997E-2 5.4973E-2 6.1886E-2
9.71683E-3 9.05661E-3 9.82655E-3 8.80985E-3 1.03409E-2 9.36387E-3 9.96135E-3 9.23189E-3 9.09135E-3 9.58177E-3 1.11526E-2 1.09445E-2 1.20761E-2 1.37625E-2 1.49449E-2 1.72248E-2 1.93923E-2 1.66712E-2 1.33458E-2 1.12128E-2 1.17341E-2 1.10562E-2 9.54045E-3 9.69649E-3 8.81316E-3 8.3264E-3 8.17601E-3 9.07372E-3 9.15203E-3 1.04278E-2 1.11563E-2 1.0714E-2 1.09177E-2 1.02788E-2 9.20717E-3 7.55565E-3 7.14252E-3 8.32129E-3 6.73832E-3 6.42692E-3 6.93596E-3 6.83455E-3 7.32475E-3 1.0836E-2 1.26626E-2 2.29789E-2 4.39772E-2 3.97964E-2 3.82583E-2 4.47412E-2 5.05866E-2 6.61762E-2 7.32457E-2 7.0756E-2 9.12139E-2 6.33506E-2 5.29762E-2 5.67545E-2 7.37489E-2 1.12494E-1 2.05889E-1
9.39257E-3 1.12206E-2 1.14287E-2 1.01927E-2 1.02472E-2 9.99454E-3 1.1143E-2 1.08959E-2 9.99491E-3 1.06324E-2 1.18425E-2 1.38454E-2 1.3234E-2 1.52925E-2 1.59939E-2 1.69843E-2 1.78245E-2 1.75819E-2 1.37361E-2 1.17629E-2 1.13882E-2 1.10415E-2 1.10541E-2 1.12639E-2 1.01188E-2 8.9164E-3 9.15652E-3 9.4212E-3 9.41286E-3 1.0948E-2 1.23927E-2 1.33599E-2 1.54286E-2 1.3479E-2 1.15518E-2 8.54511E-3 8.36953E-3 1.09442E-2 7.41691E-3 6.94905E-3 7.81443E-3 8.51273E-3 9.37536E-3 1.2328E-2 3.75048E-2 5.63879E-2 4.67327E-2 3.47862E-2 2.55762E-2 2.75848E-2 2.80414E-2 5.21296E-2 7.21746E-2 1.03303E-1 1.20932E-1 1.13393E-1 1.1783E-1 1.59696E-1 1.85933E-1 1.81511E-1 1.43349E-1
9.87491E-3 1.11096E-2 1.21039E-2 1.20012E-2 1.17484E-2 1.09585E-2 1.20412E-2 1.19843E-2 1.14264E-2 1.12581E-2 1.28915E-2 1.57814E-2 1.5737E-2 1.64201E-2 1.67413E-2 1.84185E-2 1.86057E-2 1.80216E-2 1.61151E-2 1.5049E-2 1.41773E-2 1.37514E-2 1.41812E-2 1.62549E-2 1.37236E-2 1.11859E-2 1.07231E-2 1.06605E-2 1.11219E-2 1.27827E-2 1.33922E-2 1.74745E-2 1.73411E-2 1.64489E-2 1.31079E-2 1.13234E-2 1.03008E-2 8.35115E-3 7.15581E-3 6.77071E-3 6.95805E-3 9.76429E-3 1.18993E-2 1.42941E-2 1.79889E-2 1.92549E-2 2.27845E-2 2.17533E-2 2.79403E-2 2.01127E-2 2.02628E-2 3.96226E-2 6.38203E-2 1.31557E-1 1.39283E-1 1.53855E-1 1.43829E-1 1.06089E-1 9.22632E-2 1.2163E-1 7.70827E-2
9.16259E-3 1.08744E-2 1.28612E-2 1.3885E-2 1.40884E-2 1.19381E-2 1.23548E-2 1.44707E-2 1.38255E-2 1.28765E-2 1.44774E-2 1.65868E-2 1.73302E-2 1.79029E-2 2.01806E-2 2.07933E-2 1.97566E-2 1.9065E-2 1.98169E-2 1.96095E-2 1.77435E-2 1.77948E-2 1.94362E-2 2.04351E-2 1.7588E-2 1.60804E-2 1.67952E-2 1.66269E-2 1.72771E-2 1.74099E-2 2.06212E-2 1.98558E-2 2.05176E-2 1.89395E-2 1.78984E-2 1.57195E-2 1.04191E-2 8.37899E-3 8.08772E-3 8.12956E-3 1.24068E-2 1.02657E-2 1.1518E-2 1.06465E-2 1.15559E-2 1.38948E-2 1.91916E-2 1.62764E-2 2.01013E-2 2.28581E-2 1.98042E-2 3.08982E-2 4.70654E-2 6.07744E-2 5.73359E-2 5.35448E-2 5.3463E-2 5.10885E-2 5.28948E-2 7.52061E-2 6.11554E-2
8.76546E-3 1.179E-2 1.45071E-2 1.63155E-2 1.50506E-2 1.41296E-2 1.56092E-2 1.70528E-2 1.62607E-2 1.68443E-2 1.77965E-2 2.24719E-2 2.21229E-2 2.2988E-2 2.33615E-2 2.52431E-2 2.27246E-2 2.26887E-2 2.29107E-2 2.52164E-2 2.4717E-2 2.33277E-2 2.37499E-2 2.36934E-2 2.18684E-2 2.03106E-2 1.98199E-2 2.23637E-2 2.68336E-2 2.57435E-2 2.616E-2 2.26819E-2 1.94327E-2 1.7703E-2 1.52116E-2 1.065E-2 1.10361E-2 9.73387E-3 1.16173E-2 1.4667E-2 1.36415E-2 1.27971E-2 1.26863E-2 1.31982E-2 1.57667E-2 2.40676E-2 1.91121E-2 2.28134E-2 2.00724E-2 1.84089E-2 2.07405E-2 1.85861E-2 2.02749E-2 2.42091E-2 2.58536E-2 2.80666E-2 3.54699E-2 3.47598E-2 4.13823E-2 4.26988E-2 4.57955E-2
1.1326E-2 1.14341E-2 1.59722E-2 1.82583E-2 1.80475E-2 1.6638E-2 1.65554E-2 2.14002E-2 1.83335E-2 2.02399E-2 2.26763E-2 2.48037E-2 2.62916E-2 2.72927E-2 2.68991E-2 2.90301E-2 2.70333E-2 2.75147E-2 2.6483E-2 2.99968E-2 2.9117E-2 2.77507E-2 2.73414E-2 2.5382E-2 2.59443E-2 2.57506E-2 2.547E-2 3.15581E-2 3.51436E-2 2.6336E-2 2.86651E-2 2.70079E-2 1.89611E-2 1.76995E-2 1.87194E-2 2.26915E-2 1.30324E-2 1.43471E-2 1.45297E-2 1.8355E-2 1.85402E-2 2.31539E-2 2.88045E-2 3.02922E-2 3.07838E-2 3.51484E-2 2.87124E-2 2.48389E-2 2.45413E-2 2.10817E-2 1.8162E-2 1.60208E-2 1.66487E-2 1.94589E-2 2.40698E-2 3.14672E-2 3.44148E-2 2.55674E-2 3.04075E-2 3.31942E-2 2.55586E-2
9.41881E-3 1.29025E-2 1.33135E-2 1.85058E-2 1.76544E-2 1.60148E-2 1.68661E-2 2.09439E-2 2.39152E-2 2.06229E-2 2.2765E-2 2.37228E-2 2.77108E-2 2.89771E-2 3.20032E-2 3.10178E-2 2.82921E-2 3.06461E-2 3.04672E-2 3.07201E-2 3.38601E-2 3.20311E-2 3.2264E-2 3.09579E-2 3.37419E-2 3.55975E-2 3.76156E-2 4.17227E-2 4.35722E-2 3.34256E-2 3.31738E-2 3.1637E-2 2.69631E-2 1.81211E-2 1.74606E-2 1.74352E-2 1.79637E-2 2.00621E-2 2.0016E-2 2.54368E-2 3.45373E-2 3.98885E-2 5.56327E-2 5.66074E-2 4.7798E-2 3.88933E-2 3.01952E-2 3.43711E-2 4.37363E-2 3.86548E-2 2.40872E-2 1.99176E-2 2.02174E-2 2.23726E-2 2.80774E-2 2.72914E-2 2.83664E-2 3.38061E-2 2.94273E-2 3.13385E-2 2.55468E-2
1.20379E-2 1.47628E-2 1.64931E-2 1.67192E-2 1.583E-2 1.63534E-2 1.86036E-2 2.46306E-2 2.6463E-2 2.66912E-2 2.18899E-2 2.54329E-2 2.05401E-2 2.57004E-2 3.36286E-2 3.42463E-2 3.54575E-2 3.62749E-2 3.1683E-2 3.1648E-2 3.60821E-2 3.88233E-2 3.89487E-2 4.14276E-2 4.28524E-2 4.4121E-2 4.42492E-2 4.70333E-2 4.65266E-2 4.59934E-2 4.14319E-2 3.95798E-2 3.15225E-2 2.7421E-2 2.87247E-2 2.93134E-2 3.09613E-2 2.84486E-2 3.50672E-2 3.80301E-2 4.84849E-2 5.41343E-2 5.58894E-2 4.96964E-2 4.14121E-2 3.48577E-2 3.88807E-2 4.77547E-2 3.54781E-2 2.25071E-2 2.28204E-2 2.30549E-2 2.21653E-2 2.29947E-2 2.59666E-2 2.28641E-2 2.20208E-2 2.48423E-2 2.31097E-2 2.77028E-2 2.41953E-2
1.32177E-2 1.604E-2 1.51149E-2 1.55343E-2 1.59401E-2 1.79306E-2 1.8805E-2 2.16992E-2 2.1323E-2 2.52435E-2 2.29055E-2 2.72766E-2 2.3003E-2 2.01418E-2 3.03682E-2 3.33212E-2 3.66816E-2 3.53313E-2 3.43381E-2 3.21369E-2 3.54028E-2 3.99794E-2 4.91918E-2 5.26534E-2 5.27381E-2 5.22798E-2 4.59386E-2 5.00501E-2 5.04587E-2 4.92232E-2 4.96903E-2 4.69112E-2 3.83438E-2 3.86375E-2 3.92358E-2 4.57829E-2 4.96328E-2 5.20333E-2 5.19755E-2 5.16782E-2 5.56071E-2 6.09919E-2 5.42213E-2 5.31632E-2 5.28947E-2 4.2154E-2 3.84007E-2 4.2232E-2 3.73711E-2 2.82506E-2 2.79513E-2 3.07688E-2 2.55019E-2 2.13761E-2 2.09038E-2 1.92273E-2 2.00167E-2 2.22572E-2 2.79823E-2 2.95571E-2 3.04736E-2
1.58335E-2 1.57125E-2 1.38807E-2 1.51339E-2 1.65743E-2 1.7741E-2 1.78762E-2 1.80898E-2 2.18074E-2 2.453E-2 3.05333E-2 3.27439E-2 2.9271E-2 2.25285E-2 1.99958E-2 2.74707E-2 3.33629E-2 3.50808E-2 3.63466E-2 3.68473E-2 3.89396E-2 4.15039E-2 4.93214E-2 7.04319E-2 6.81868E-2 5.96836E-2 5.77594E-2 5.2671E-2 5.30179E-2 5.18992E-2 5.30526E-2 5.40838E-2 5.22396E-2 5.74946E-2 6.10146E-2 6.70761E-2 7.10284E-2 6.99925E-2 6.38631E-2 6.9702E-2 6.4576E-2 6.7352E-2 6.24035E-2 6.04508E-2 6.00341E-2 5.04579E-2 5.76284E-2 4.60733E-2 4.02772E-2 3.7175E-2 3.6371E-2 3.07287E-2 2.904E-2 2.81638E-2 2.5164E-2 2.573E-2 2.86075E-2 2.99755E-2 4.04662E-2 3.5139E-2 2.79205E-2
1.56305E-2 1.56833E-2 1.53217E-2 1.59392E-2 1.70749E-2 1.60578E-2 1.57609E-2 1.72779E-2 1.99056E-2 2.7895E-2 3.59798E-2 3.69442E-2 3.48056E-2 2.5865E-2 1.85791E-2 2.74991E-2 2.55188E-2 2.89517E-2 3.76877E-2 4.06079E-2 4.36839E-2 4.16109E-2 5.17501E-2 6.9759E-2 6.39254E-2 6.42469E-2 6.11657E-2 5.68649E-2 5.60137E-2 5.63406E-2 5.71228E-2 5.99679E-2 5.92875E-2 6.17978E-2 6.61844E-2 7.26422E-2 8.09281E-2 8.05614E-2 7.79838E-2 7.33163E-2 6.99284E-2 6.56587E-2 6.9455E-2 6.49948E-2 6.30524E-2 6.46504E-2 6.44894E-2 5.9449E-2 6.8635E-2 6.27354E-2 5.35182E-2 3.95751E-2 4.08055E-2 4.24445E-2 3.96355E-2 3.42027E-2 3.60052E-2 4.0028E-2 4.6282E-2 4.06812E-2 2.89671E-2
1.49742E-2 1.61789E-2 1.60365E-2 1.57806E-2 1.60557E-2 1.53181E-2 1.60432E-2 1.59252E-2 1.85567E-2 2.60472E-2 3.58566E-2 3.43605E-2 3.0281E-2 2.24813E-2 1.95487E-2 2.42977E-2 3.1962E-2 3.0136E-2 3.57284E-2 3.66223E-2 3.56348E-2 4.40474E-2 5.52743E-2 5.7486E-2 6.03997E-2 6.27923E-2 5.92562E-2 5.51883E-2 5.54479E-2 5.58466E-2 5.60357E-2 6.43479E-2 5.61353E-2 5.87664E-2 6.48661E-2 6.78796E-2 7.63053E-2 7.57124E-2 7.3462E-2 7.45565E-2 7.25812E-2 7.55857E-2 6.88547E-2 6.76178E-2 6.94891E-2 7.16795E-2 7.37488E-2 6.20713E-2 5.59307E-2 5.98375E-2 5.1229E-2 4.63564E-2 3.78739E-2 4.2484E-2 4.36508E-2 4.59136E-2 4.37316E-2 4.75709E-2 4.86096E-2 5.45178E-2 3.63746E-2
