data/maxent/outputs/red_24.asc
ncols         426
nrows         180
xllcorner     -130.0
yllcorner     24.0
cellsize      0.16666666666666666
NODATA_value  -9999
[rows 54 to 80 of 180, columns 183 to 243 of 426]
1.18422E-4 1.40762E-4 1.47155E-4 1.38038E-4 1.28311E-4 1.18902E-4 1.17604E-4 1.16078E-4 1.24038E-4 1.34142E-4 1.52209E-4 1.54084E-4 1.48642E-4 1.44186E-4 1.17596E-4 1.30783E-4 1.62935E-4 1.75318E-4 1.8977E-4 1.96044E-4 1.77362E-4 1.82463E-4 2.25611E-4 2.6447E-4 2.51968E-4 2.16069E-4 1.72824E-4 1.51084E-4 1.43028E-4 1.61549E-4 1.92109E-4 1.95375E-4 1.79299E-4 1.99219E-4 2.24267E-4 1.96361E-4 2.3929E-4 2.58721E-4 2.61023E-4 2.73411E-4 2.63656E-4 2.53249E-4 2.75967E-4 2.70069E-4 2.98757E-4 3.02182E-4 2.98449E-4 2.54542E-4 2.61807E-4 2.65381E-4 2.77839E-4 2.60567E-4 2.72068E-4 2.93172E-4 3.23065E-4 3.52675E-4 3.93092E-4 4.16497E-4 4.5826E-4 4.53314E-4 4.71256E-4
1.07683E-4 1.15833E-4 1.21921E-4 1.23684E-4 1.23862E-4 1.35969E-4 1.23461E-4 1.2353E-4 1.29888E-4 1.34312E-4 1.51201E-4 1.66957E-4 1.42319E-4 1.30253E-4 1.18396E-4 1.23542E-4 1.51615E-4 1.78069E-4 2.31247E-4 2.33589E-4 2.07924E-4 2.08844E-4 2.24977E-4 2.57891E-4 2.66876E-4 2.11687E-4 1.71945E-4 1.44117E-4 1.54944E-4 1.78509E-4 1.92166E-4 1.84804E-4 1.8427E-4 2.16126E-4 2.14017E-4 2.32845E-4 2.56236E-4 2.7222E-4 2.76312E-4 2.78686E-4 2.84324E-4 3.1026E-4 3.2346E-4 3.16212E-4 3.32481E-4 3.20483E-4 3.2042E-4 3.12507E-4 2.99905E-4 3.08256E-4 3.46459E-4 3.76873E-4 3.46957E-4 3.3329E-4 3.3247E-4 3.66721E-4 3.95146E-4 4.60213E-4 4.91543E-4 5.68977E-4 5.74226E-4
1.30259E-4 1.36385E-4 1.45963E-4 1.3919E-4 1.48161E-4 1.46072E-4 1.43691E-4 1.33721E-4 1.41548E-4 1.37278E-4 1.497E-4 1.61688E-4 1.55469E-4 1.40568E-4 1.55966E-4 1.23454E-4 1.308E-4 1.56291E-4 1.96514E-4 2.26686E-4 2.30323E-4 2.30441E-4 2.47674E-4 2.49219E-4 2.41573E-4 2.17057E-4 2.09122E-4 1.87053E-4 1.73244E-4 1.78604E-4 1.81539E-4 1.81614E-4 1.91651E-4 2.19752E-4 2.02805E-4 2.42983E-4 2.75879E-4 2.85815E-4 3.0009E-4 3.06978E-4 3.10702E-4 3.36786E-4 3.386E-4 3.59722E-4 3.73483E-4 3.70542E-4 3.94908E-4 3.64542E-4 3.46058E-4 3.12443E-4 3.538E-4 3.61883E-4 3.92628E-4 3.47775E-4 3.44498E-4 3.83025E-4 3.9744E-4 4.66785E-4 5.29255E-4 6.01895E-4 5.77893E-4
1.37881E-4 1.37834E-4 1.59347E-4 1.60253E-4 1.70137E-4 1.63541E-4 1.53368E-4 1.57233E-4 1.57489E-4 1.48997E-4 1.54237E-4 1.78924E-4 1.77734E-4 1.67426E-4 1.44403E-4 1.18988E-4 1.1235E-4 1.27943E-4 1.59128E-4 1.80401E-4 2.0851E-4 2.43662E-4 2.71696E-4 2.57747E-4 2.37783E-4 2.34714E-4 2.11609E-4 2.07083E-4 2.02809E-4 2.00494E-4 1.82258E-4 1.7507E-4 1.67041E-4 1.9712E-4 2.07052E-4 2.42678E-4 2.86472E-4 3.05371E-4 3.08204E-4 3.13854E-4 3.1774E-4 3.29954E-4 3.61769E-4 3.58235E-4 3.5244E-4 3.30823E-4 3.72754E-4 3.95671E-4 3.5938E-4 3.2023E-4 3.5282E-4 3.5525E-4 4.12442E-4 4.23599E-4 4.26593E-4 4.31245E-4 4.74014E-4 5.55921E-4 5.87356E-4 5.13964E-4 5.49304E-4
1.2998E-4 1.21705E-4 1.29331E-4 1.56687E-4 1.75975E-4 1.84074E-4 1.71151E-4 1.69472E-4 1.64128E-4 1.53791E-4 1.57555E-4 1.90108E-4 2.36276E-4 1.88446E-4 1.71659E-4 1.21649E-4 1.11383E-4 1.17703E-4 1.36033E-4 1.68447E-4 1.94605E-4 2.29047E-4 2.62303E-4 2.63642E-4 2.4265E-4 2.35982E-4 2.40089E-4 2.27163E-4 2.12424E-4 1.89536E-4 1.93077E-4 1.97395E-4 1.89326E-4 2.04031E-4 2.1913E-4 2.47461E-4 2.86374E-4 3.1421E-4 3.15135E-4 2.97095E-4 3.15064E-4 3.19459E-4 3.49603E-4 3.7158E-4 3.46832E-4 3.23214E-4 3.69411E-4 3.97177E-4 3.68653E-4 3.58151E-4 3.80608E-4 3.89038E-4 4.32553E-4 5.05571E-4 4.89226E-4 5.19867E-4 5.71939E-4 6.30469E-4 5.55439E-4 4.69763E-4 5.3138E-4
1.74964E-4 1.42732E-4 1.35832E-4 1.33912E-4 1.54534E-4 2.21517E-4 1.87921E-4 1.83692E-4 1.8198E-4 1.7292E-4 1.70942E-4 1.73911E-4 1.96132E-4 2.11943E-4 1.94423E-4 1.49882E-4 1.33063E-4 1.29206E-4 1.29338E-4 1.42967E-4 1.85907E-4 2.16235E-4 2.47819E-4 2.57022E-4 2.50369E-4 2.43595E-4 2.52368E-4 2.39559E-4 2.09168E-4 1.99956E-4 1.89811E-4 1.92388E-4 2.13044E-4 1.96824E-4 2.12204E-4 2.33387E-4 2.61867E-4 2.8688E-4 3.08179E-4 2.8928E-4 2.99807E-4 3.1275E-4 3.42052E-4 3.44107E-4 3.68756E-4 3.70863E-4 3.56208E-4 4.55041E-4 4.20708E-4 4.18466E-4 4.50095E-4 4.37863E-4 4.42924E-4 5.3143E-4 5.61073E-4 6.02593E-4 6.35322E-4 6.11506E-4 5.58159E-4 5.30765E-4 6.02161E-4
1.86749E-4 1.85583E-4 1.51943E-4 1.48724E-4 1.76167E-4 1.934E-4 2.02103E-4 1.99807E-4 1.99248E-4 1.84781E-4 1.84726E-4 1.79606E-4 1.95905E-4 2.307E-4 2.34028E-4 1.95049E-4 1.67652E-4 1.53433E-4 1.47576E-4 1.56656E-4 1.85657E-4 2.13692E-4 2.33735E-4 2.22694E-4 2.33693E-4 2.26012E-4 2.37066E-4 2.22402E-4 2.15736E-4 2.05828E-4 2.04568E-4 2.11676E-4 2.07779E-4 1.916E-4 1.92904E-4 2.07974E-4 2.43424E-4 2.65518E-4 2.79068E-4 2.78558E-4 2.81901E-4 2.98542E-4 3.16634E-4 3.47369E-4 3.58702E-4 3.67493E-4 3.87635E-4 4.50196E-4 4.91425E-4 4.91466E-4 5.13156E-4 4.81054E-4 4.45276E-4 4.93868E-4 5.70213E-4 6.381E-4 6.93206E-4 7.03396E-4 6.41056E-4 6.40419E-4 8.24171E-4
2.57741E-4 2.00703E-4 1.78284E-4 1.71534E-4 1.85711E-4 1.9479E-4 2.23088E-4 2.23056E-4 2.27929E-4 2.0551E-4 1.88522E-4 1.98971E-4 2.01411E-4 2.09081E-4 2.30626E-4 2.05461E-4 2.0265E-4 1.82276E-4 1.68125E-4 1.8598E-4 1.90382E-4 2.05775E-4 2.18327E-4 2.18852E-4 2.15939E-4 2.4067E-4 2.35331E-4 1.98262E-4 2.13657E-4 2.30858E-4 2.50752E-4 2.34177E-4 2.23886E-4 1.93547E-4 1.8675E-4 2.19564E-4 2.47213E-4 2.70559E-4 2.94785E-4 3.19189E-4 2.73379E-4 2.57215E-4 3.06001E-4 3.58419E-4 3.93796E-4 4.04094E-4 4.06381E-4 4.97058E-4 5.73102E-4 5.85306E-4 5.60239E-4 4.38726E-4 4.31541E-4 5.16294E-4 5.47938E-4 6.36316E-4 7.13031E-4 7.64846E-4 6.94334E-4 7.40386E-4 9.5631E-4
3.11011E-4 2.78365E-4 2.30482E-4 2.03804E-4 1.99603E-4 2.18138E-4 2.38337E-4 2.56545E-4 2.37703E-4 2.18551E-4 2.0828E-4 2.03331E-4 2.28702E-4 2.43359E-4 2.47721E-4 2.42232E-4 2.44346E-4 2.13411E-4 1.82935E-4 1.77893E-4 1.86619E-4 1.98349E-4 2.10342E-4 2.24652E-4 2.19304E-4 2.11125E-4 2.08699E-4 1.8528E-4 1.92371E-4 2.47714E-4 2.8594E-4 2.47417E-4 2.28686E-4 1.98398E-4 2.17518E-4 2.29097E-4 2.61936E-4 3.01848E-4 3.16119E-4 3.44346E-4 3.16684E-4 2.81156E-4 3.00693E-4 3.65832E-4 4.23739E-4 4.02554E-4 3.55115E-4 4.15419E-4 6.76078E-4 8.09944E-4 7.59236E-4 4.21883E-4 4.73108E-4 5.88161E-4 6.39269E-4 6.94086E-4 8.45686E-4 7.93151E-4 7.41867E-4 8.38002E-4 1.01456E-3
3.11875E-4 3.85629E-4 3.25218E-4 2.53703E-4 2.15236E-4 2.36894E-4 2.49364E-4 2.63977E-4 2.61703E-4 2.4391E-4 2.19737E-4 2.1555E-4 2.39534E-4 2.49764E-4 2.35583E-4 2.16997E-4 2.12569E-4 1.87011E-4 1.70985E-4 1.71921E-4 1.8022E-4 2.02905E-4 2.05483E-4 2.09288E-4 2.15696E-4 2.23462E-4 2.19858E-4 1.77963E-4 2.00672E-4 2.32189E-4 2.55453E-4 2.5686E-4 2.26987E-4 2.212E-4 2.25224E-4 2.43031E-4 2.71337E-4 3.05007E-4 3.20237E-4 3.50323E-4 3.41941E-4 3.36615E-4 3.3394E-4 3.54294E-4 4.30311E-4 4.39556E-4 3.98641E-4 5.17565E-4 8.38751E-4 1.17524E-3 1.04575E-3 6.71368E-4 6.31161E-4 7.02773E-4 7.97984E-4 8.73249E-4 9.17244E-4 9.28117E-4 9.32547E-4 1.00576E-3 1.02135E-3
3.30276E-4 3.08143E-4 3.38536E-4 3.67786E-4 2.77471E-4 2.75221E-4 3.12649E-4 3.08453E-4 3.18084E-4 3.02125E-4 2.47691E-4 2.23579E-4 2.54332E-4 2.63733E-4 2.31232E-4 2.09632E-4 1.91191E-4 1.80154E-4 1.82874E-4 1.96416E-4 2.0815E-4 2.30264E-4 2.21542E-4 2.04083E-4 2.0229E-4 1.89804E-4 1.90389E-4 2.09459E-4 2.49031E-4 2.55416E-4 2.61001E-4 2.48786E-4 2.3345E-4 2.59838E-4 2.72583E-4 2.63529E-4 2.72856E-4 2.93993E-4 3.24009E-4 3.37513E-4 3.61855E-4 3.68926E-4 3.83252E-4 4.10838E-4 4.49106E-4 4.63642E-4 4.86085E-4 5.52099E-4 8.3894E-4 1.18799E-3 1.02896E-3 8.82224E-4 7.74028E-4 9.13731E-4 9.98413E-4 9.71505E-4 9.70977E-4 1.08381E-3 9.98727E-4 1.06787E-3 1.00785E-3
3.16457E-4 3.07363E-4 2.72922E-4 2.88936E-4 3.71068E-4 3.81809E-4 3.87507E-4 3.79231E-4 3.42756E-4 3.13204E-4 3.13719E-4 3.03658E-4 2.78238E-4 2.71919E-4 2.36879E-4 2.12483E-4 1.98561E-4 1.88325E-4 2.09999E-4 2.32455E-4 2.41575E-4 2.35228E-4 2.11301E-4 1.89154E-4 2.07931E-4 2.04112E-4 2.12403E-4 2.39774E-4 2.82873E-4 2.85863E-4 2.52711E-4 2.40876E-4 2.45544E-4 2.83969E-4 3.2752E-4 2.88283E-4 3.10654E-4 2.98926E-4 3.12706E-4 3.18234E-4 3.18855E-4 3.56299E-4 4.20794E-4 4.54025E-4 5.02797E-4 5.41537E-4 5.7386E-4 6.46158E-4 7.8792E-4 9.69382E-4 8.89347E-4 8.54526E-4 7.96802E-4 8.53716E-4 9.71834E-4 1.0781E-3 1.10597E-3 1.13517E-3 1.19591E-3 1.14056E-3 1.38469E-3
3.18654E-4 3.051E-4 2.66162E-4 2.60331E-4 2.79598E-4 3.3108E-4 3.8447E-4 3.69571E-4 3.36927E-4 3.53912E-4 4.94983E-4 5.34651E-4 3.87751E-4 2.77078E-4 2.23261E-4 2.13981E-4 2.08451E-4 2.32208E-4 2.37401E-4 2.42908E-4 2.50206E-4 2.26623E-4 2.08601E-4 2.01418E-4 2.11494E-4 1.99377E-4 2.11422E-4 2.31819E-4 2.71806E-4 2.68964E-4 2.53087E-4 2.42208E-4 2.4565E-4 2.51567E-4 2.58412E-4 3.01596E-4 3.01315E-4 2.97681E-4 3.12026E-4 3.12389E-4 3.22903E-4 3.55347E-4 4.44633E-4 5.10269E-4 5.05474E-4 5.42182E-4 6.54866E-4 7.33695E-4 7.649E-4 8.17454E-4 7.6806E-4 7.03719E-4 6.73106E-4 7.36315E-4 8.99292E-4 1.07492E-3 1.14903E-3 1.19575E-3 1.14148E-3 1.12787E-3 1.15255E-3
3.69437E-4 3.25054E-4 3.04181E-4 2.80709E-4 3.02197E-4 3.16846E-4 3.49177E-4 3.46176E-4 3.55792E-4 4.68288E-4 6.34445E-4 6.74944E-4 4.86866E-4 3.33849E-4 2.94509E-4 2.62027E-4 2.48193E-4 2.8575E-4 2.71831E-4 2.63871E-4 2.62704E-4 2.42493E-4 2.27189E-4 2.17863E-4 1.93561E-4 1.90919E-4 1.92091E-4 2.28404E-4 2.49656E-4 2.65345E-4 2.73175E-4 2.64369E-4 2.61812E-4 2.8076E-4 2.83285E-4 3.07736E-4 3.36553E-4 3.8137E-4 3.45789E-4 3.46424E-4 3.70147E-4 4.0994E-4 4.99642E-4 5.21478E-4 5.68928E-4 5.60223E-4 5.58015E-4 6.92258E-4 7.77471E-4 8.45837E-4 7.93288E-4 7.8982E-4 7.69526E-4 8.59036E-4 8.96521E-4 1.07903E-3 1.16044E-3 1.21892E-3 1.21667E-3 1.20344E-3 1.20838E-3
3.66543E-4 3.45341E-4 3.02278E-4 2.8172E-4 2.91437E-4 2.9915E-4 3.07895E-4 3.20536E-4 3.39863E-4 4.56516E-4 6.40367E-4 7.06959E-4 5.22928E-4 3.40199E-4 2.81922E-4 2.8338E-4 3.1701E-4 3.07705E-4 3.35769E-4 2.88674E-4 2.69813E-4 2.70424E-4 2.82156E-4 2.72567E-4 2.09714E-4 1.93404E-4 1.92551E-4 2.21782E-4 2.52564E-4 2.76639E-4 2.94408E-4 3.01349E-4 3.06223E-4 3.20579E-4 3.13391E-4 3.37146E-4 3.71945E-4 4.13601E-4 4.05284E-4 3.93849E-4 4.23576E-4 4.54942E-4 5.2627E-4 5.24442E-4 5.81274E-4 6.10214E-4 5.62636E-4 6.13842E-4 6.43485E-4 7.57737E-4 8.50215E-4 9.37169E-4 1.05298E-3 1.09003E-3 1.04086E-3 1.12918E-3 1.18143E-3 1.23591E-3 1.26667E-3 1.25472E-3 1.33056E-3
3.40903E-4 3.41135E-4 3.40577E-4 3.14664E-4 3.00394E-4 2.89479E-4 2.94847E-4 3.08812E-4 3.17465E-4 3.53632E-4 4.52258E-4 4.34656E-4 4.30554E-4 3.69076E-4 3.15964E-4 3.10491E-4 3.33404E-4 3.51537E-4 3.74334E-4 3.26785E-4 3.33607E-4 3.22545E-4 3.30143E-4 3.1549E-4 2.6551E-4 2.36775E-4 2.40554E-4 2.71226E-4 2.74865E-4 2.89767E-4 3.13152E-4 3.60915E-4 3.91625E-4 3.64805E-4 3.46966E-4 3.50155E-4 3.89398E-4 4.41635E-4 4.74221E-4 4.5907E-4 4.57882E-4 4.80763E-4 5.37625E-4 5.9062E-4 6.23678E-4 6.35677E-4 6.73237E-4 6.49882E-4 7.05686E-4 8.44459E-4 9.76907E-4 1.12673E-3 1.27313E-3 1.33179E-3 1.35927E-3 1.3812E-3 1.41062E-3 1.32678E-3 1.36938E-3 1.38362E-3 1.36739E-3
3.08329E-4 3.12853E-4 3.03488E-4 3.19362E-4 3.1226E-4 2.81686E-4 2.7667E-4 2.77413E-4 2.95936E-4 3.21181E-4 3.62585E-4 3.65279E-4 3.58985E-4 4.04926E-4 3.76851E-4 3.68312E-4 3.45093E-4 3.49051E-4 4.80736E-4 3.83447E-4 3.55032E-4 4.24408E-4 3.63359E-4 3.63332E-4 3.32699E-4 3.01951E-4 3.2517E-4 3.28497E-4 3.39881E-4 3.43927E-4 3.71122E-4 3.59091E-4 3.93673E-4 4.38294E-4 3.68403E-4 3.7416E-4 3.85712E-4 4.24826E-4 4.9265E-4 5.07163E-4 5.17143E-4 5.27706E-4 5.85334E-4 6.35113E-4 6.85349E-4 7.41821E-4 7.50502E-4 7.82646E-4 8.34688E-4 9.25242E-4 1.18621E-3 1.34329E-3 1.34736E-3 1.3457E-3 1.46723E-3 1.54034E-3 1.56555E-3 1.54058E-3 1.48545E-3 1.53504E-3 1.49965E-3
2.71584E-4 2.88614E-4 3.05523E-4 3.04476E-4 3.12546E-4 2.81965E-4 2.66375E-4 2.74836E-4 2.9021E-4 3.13373E-4 3.18185E-4 3.36547E-4 3.6861E-4 4.01137E-4 3.74257E-4 3.80383E-4 3.86275E-4 3.77416E-4 4.08991E-4 4.52357E-4 3.99775E-4 4.78122E-4 4.42339E-4 4.35456E-4 4.49742E-4 4.31602E-4 3.64975E-4 3.80002E-4 4.01151E-4 4.47296E-4 4.76753E-4 4.29419E-4 4.07202E-4 5.21408E-4 4.02211E-4 4.29197E-4 4.16858E-4 4.54238E-4 5.12254E-4 6.34353E-4 6.05149E-4 6.06307E-4 6.4623E-4 6.81407E-4 7.29767E-4 8.13392E-4 9.13609E-4 8.82399E-4 9.62302E-4 1.17367E-3 1.23884E-3 1.3494E-3 1.40485E-3 1.43057E-3 1.47831E-3 1.65171E-3 1.77159E-3 1.51798E-3 1.53775E-3 1.57461E-3 1.69961E-3
2.87839E-4 2.87189E-4 2.96321E-4 2.90069E-4 2.89219E-4 2.66719E-4 2.54499E-4 2.49702E-4 2.77018E-4 2.75062E-4 2.85382E-4 3.00012E-4 3.26271E-4 3.79094E-4 3.96082E-4 4.20688E-4 4.29694E-4 4.1843E-4 4.22063E-4 4.65462E-4 4.66724E-4 5.39752E-4 5.06702E-4 5.23375E-4 5.28578E-4 5.02258E-4 4.67276E-4 4.78239E-4 5.01635E-4 5.38146E-4 5.5708E-4 5.09624E-4 4.22689E-4 4.98678E-4 4.68649E-4 5.45689E-4 5.74041E-4 5.92766E-4 6.16623E-4 6.63319E-4 6.61391E-4 7.37202E-4 7.91547E-4 8.06375E-4 8.19895E-4 8.20263E-4 9.32243E-4 1.14412E-3 1.25626E-3 1.28949E-3 1.31655E-3 1.41501E-3 1.43074E-3 1.42628E-3 1.55313E-3 1.70938E-3 1.90604E-3 1.68797E-3 1.67914E-3 1.70717E-3 1.9555E-3
3.23468E-4 3.43946E-4 3.26378E-4 3.19076E-4 3.10264E-4 2.7139E-4 2.61922E-4 2.55025E-4 2.67007E-4 2.72118E-4 2.86735E-4 2.99945E-4 3.31422E-4 3.93459E-4 4.18435E-4 4.21037E-4 4.5136E-4 4.4289E-4 4.52818E-4 4.99566E-4 4.8911E-4 5.58186E-4 5.61574E-4 5.28834E-4 5.13894E-4 4.98484E-4 5.41011E-4 5.81258E-4 6.28427E-4 7.24107E-4 7.05309E-4 5.82644E-4 5.24405E-4 5.3883E-4 7.20457E-4 8.25442E-4 9.07837E-4 1.01944E-3 8.76393E-4 7.92803E-4 9.17203E-4 8.27521E-4 8.03438E-4 8.20823E-4 8.54806E-4 9.53416E-4 1.11878E-3 1.2723E-3 1.44417E-3 1.60558E-3 1.56337E-3 1.57608E-3 1.71741E-3 1.81592E-3 1.96875E-3 2.07006E-3 2.00126E-3 1.92587E-3 1.90445E-3 1.85571E-3 1.86555E-3
3.15695E-4 3.43544E-4 3.21384E-4 3.26403E-4 3.12588E-4 2.81878E-4 2.69114E-4 2.86154E-4 2.85234E-4 3.11053E-4 3.47433E-4 3.60921E-4 3.85868E-4 4.09506E-4 4.18573E-4 4.29894E-4 4.53257E-4 4.81638E-4 5.17224E-4 5.34749E-4 5.83154E-4 5.57786E-4 5.54824E-4 5.33298E-4 5.02468E-4 5.15044E-4 5.83018E-4 6.63586E-4 7.16777E-4 8.25111E-4 8.07115E-4 7.38512E-4 7.09413E-4 7.40112E-4 9.43109E-4 1.23154E-3 1.59313E-3 1.79592E-3 1.69399E-3 1.15534E-3 1.04482E-3 9.72687E-4 8.44379E-4 8.81109E-4 9.64114E-4 1.04866E-3 1.28546E-3 1.55389E-3 1.58476E-3 1.7085E-3 1.93485E-3 1.94327E-3 1.96638E-3 2.00082E-3 2.11256E-3 2.16897E-3 2.12205E-3 1.95715E-3 1.97025E-3 1.93725E-3 1.92913E-3
2.81257E-4 3.25923E-4 3.34028E-4 3.55618E-4 3.30544E-4 3.04444E-4 3.10036E-4 3.15295E-4 3.63581E-4 4.07238E-4 4.54436E-4 4.33089E-4 4.61768E-4 4.56642E-4 4.59659E-4 5.17716E-4 5.01417E-4 5.51393E-4 5.84208E-4 5.35938E-4 6.42475E-4 7.09269E-4 5.88896E-4 5.45993E-4 5.20259E-4 5.53049E-4 6.15123E-4 6.66112E-4 6.98072E-4 7.50503E-4 7.72466E-4 7.44592E-4 7.72158E-4 8.28218E-4 9.70122E-4 1.25365E-3 2.14033E-3 3.23868E-3 3.27466E-3 2.05106E-3 1.41052E-3 1.13732E-3 9.92766E-4 1.01408E-3 1.14994E-3 1.2848E-3 1.53538E-3 1.78947E-3 1.9233E-3 2.08045E-3 2.18864E-3 2.10188E-3 2.07947E-3 2.04891E-3 2.23492E-3 2.27869E-3 2.28584E-3 2.29027E-3 2.22655E-3 2.07094E-3 2.14056E-3
2.62288E-4 2.92359E-4 3.40802E-4 3.65323E-4 3.27624E-4 3.16032E-4 3.36182E-4 3.85964E-4 4.044E-4 4.5042E-4 4.90777E-4 4.87921E-4 4.55329E-4 4.51913E-4 4.84065E-4 4.96468E-4 4.70104E-4 4.52423E-4 5.56735E-4 6.08811E-4 6.61242E-4 7.68621E-4 6.2766E-4 5.33535E-4 5.3839E-4 5.75009E-4 6.37226E-4 6.77692E-4 7.20079E-4 7.94977E-4 7.94302E-4 8.49464E-4 8.85482E-4 9.08038E-4 9.67697E-4 1.31045E-3 2.10482E-3 3.45902E-3 4.03874E-3 3.21538E-3 1.91297E-3 1.3225E-3 1.19294E-3 1.22953E-3 1.3939E-3 1.63406E-3 1.76431E-3 1.87115E-3 2.03833E-3 2.23654E-3 2.42138E-3 2.39356E-3 2.37415E-3 2.43999E-3 2.5064E-3 2.44803E-3 2.49558E-3 2.57126E-3 2.42932E-3 2.39759E-3 2.86569E-3
2.51095E-4 2.71724E-4 2.91272E-4 3.04408E-4 3.37236E-4 3.40125E-4 3.66384E-4 4.25229E-4 5.02102E-4 5.22627E-4 4.8857E-4 4.93103E-4 4.66566E-4 4.56272E-4 4.4291E-4 5.1017E-4 5.11479E-4 4.80979E-4 5.30556E-4 6.14269E-4 6.42704E-4 6.64899E-4 6.59845E-4 5.86103E-4 5.74197E-4 6.00518E-4 6.62123E-4 6.98439E-4 7.65157E-4 7.6512E-4 8.01423E-4 9.40381E-4 9.7944E-4 9.68392E-4 9.5675E-4 1.16629E-3 1.72593E-3 2.66332E-3 3.34269E-3 2.58933E-3 1.82524E-3 1.52192E-3 1.33386E-3 1.39543E-3 1.62574E-3 1.87095E-3 2.1379E-3 2.1059E-3 2.11675E-3 2.45095E-3 2.7616E-3 2.84314E-3 2.73958E-3 2.82272E-3 2.8649E-3 2.75513E-3 2.97899E-3 2.75701E-3 2.75815E-3 2.71446E-3 3.52802E-3
2.37463E-4 2.64823E-4 2.79112E-4 3.0287E-4 3.07617E-4 3.39517E-4 4.22595E-4 4.98749E-4 4.97244E-4 5.1141E-4 5.13786E-4 5.33618E-4 4.87759E-4 4.72089E-4 4.59971E-4 5.47745E-4 5.78318E-4 5.75467E-4 5.56095E-4 6.11738E-4 6.4178E-4 6.80123E-4 8.0164E-4 6.10269E-4 6.07061E-4 6.45312E-4 6.72255E-4 7.58364E-4 7.45251E-4 7.57253E-4 8.10211E-4 9.19607E-4 1.03283E-3 1.00949E-3 1.01258E-3 1.06565E-3 1.21578E-3 1.76519E-3 2.14336E-3 1.97379E-3 1.65416E-3 1.57498E-3 1.61139E-3 1.81459E-3 1.93163E-3 2.15265E-3 2.3774E-3 2.47963E-3 2.63828E-3 2.77689E-3 3.03344E-3 3.15769E-3 3.24222E-3 3.28693E-3 3.09247E-3 3.19434E-3 3.34591E-3 3.27212E-3 3.34776E-3 3.60097E-3 4.10511E-3
2.5775E-4 2.76521E-4 2.84712E-4 2.97693E-4 3.36236E-4 3.81397E-4 4.42216E-4 4.42453E-4 4.73439E-4 4.93579E-4 4.95462E-4 5.40665E-4 4.90698E-4 4.85195E-4 4.88882E-4 5.47929E-4 6.48692E-4 7.42522E-4 6.74646E-4 6.10579E-4 6.75386E-4 7.82935E-4 8.22836E-4 7.10213E-4 6.80936E-4 6.98272E-4 7.4067E-4 8.1283E-4 8.37058E-4 8.6172E-4 9.39241E-4 9.98626E-4 1.079E-3 1.22597E-3 1.22949E-3 1.30057E-3 1.36287E-3 1.56E-3 1.76821E-3 1.62243E-3 1.56747E-3 1.66907E-3 1.77077E-3 2.02016E-3 2.2705E-3 2.52388E-3 2.55995E-3 2.60255E-3 2.97458E-3 3.12618E-3 3.39849E-3 3.30431E-3 3.29185E-3 3.28338E-3 3.26612E-3 3.46735E-3 3.77181E-3 3.98704E-3 4.27133E-3 4.55134E-3 4.3898E-3
2.59211E-4 2.58668E-4 2.82816E-4 2.95173E-4 3.09452E-4 3.40364E-4 3.97886E-4 4.23733E-4 4.49063E-4 4.54214E-4 4.49136E-4 4.62159E-4 4.75764E-4 4.92043E-4 5.03945E-4 5.44499E-4 5.85521E-4 6.74589E-4 7.64472E-4 7.1619E-4 7.40928E-4 8.55216E-4 9.55991E-4 8.73289E-4 7.71934E-4 7.58269E-4 8.59015E-4 8.87013E-4 9.71285E-4 1.01958E-3 1.12109E-3 1.21008E-3 1.24086E-3 1.39523E-3 1.57092E-3 1.90043E-3 2.0604E-3 2.19887E-3 2.09122E-3 2.07355E-3 2.27813E-3 2.15083E-3 2.17312E-3 2.21787E-3 2.37274E-3 2.7106E-3 3.06837E-3 3.21457E-3 3.23913E-3 3.37733E-3 3.53046E-3 3.51992E-3 3.35187E-3 3.43305E-3 3.71907E-3 4.12315E-3 4.41991E-3 4.86601E-3 5.01905E-3 5.16922E-3 4.56119E-3
