data/maxent/outputs/red_0.asc
ncols         426
nrows         180
xllcorner     -130.0
yllcorner     24.0
cellsize      0.16666666666666666
NODATA_value  -9999
[rows 27 to 53 of 180, columns 305 to 365 of 426]
6.41892E-6 6.22003E-6 6.45169E-6 8.00702E-6 7.06319E-6 7.44577E-6 7.54685E-6 7.09265E-6 7.21186E-6 7.34412E-6 7.7727E-6 6.85538E-6 6.50941E-6 7.07013E-6 7.21117E-6 7.98037E-6 1.01629E-5 8.95987E-6 6.9352E-6 7.14496E-6 6.77607E-6 6.47884E-6 7.52479E-6 7.77117E-6 5.66362E-6 6.86491E-6 7.63611E-6 5.15177E-6 6.23581E-6 7.53896E-6 5.57139E-6 4.43437E-6 5.01779E-6 5.46329E-6 5.46921E-6 5.00271E-6 5.64785E-6 6.10824E-6 6.21975E-6 5.97162E-6 6.56128E-6 7.31748E-6 7.65098E-6 8.31757E-6 8.77151E-6 8.64447E-6 9.45383E-6 1.09897E-5 1.0015E-5 1.38055E-5 1.02589E-5 1.24389E-5 1.60667E-5 1.59721E-5 1.9885E-5 2.39759E-5 2.22372E-5 1.71532E-5 1.36129E-5 1.31918E-5 1.68519E-5
7.65649E-6 7.48458E-6 6.52404E-6 6.56511E-6 6.44364E-6 7.03528E-6 7.05457E-6 7.25361E-6 6.19565E-6 7.06022E-6 8.51969E-6 7.8951E-6 7.2873E-6 6.52012E-6 7.03338E-6 7.25422E-6 8.4012E-6 6.44916E-6 5.94091E-6 6.3469E-6 5.4494E-6 6.29682E-6 6.68086E-6 6.18823E-6 5.34568E-6 7.84905E-6 6.94052E-6 6.41091E-6 5.86978E-6 6.30282E-6 6.23907E-6 5.37493E-6 6.23629E-6 5.69721E-6 5.43445E-6 5.75159E-6 5.67023E-6 5.95327E-6 6.3204E-6 6.55901E-6 6.6538E-6 7.28928E-6 8.2526E-6 9.56431E-6 9.14809E-6 9.53605E-6 1.049E-5 1.33757E-5 1.07155E-5 1.20743E-5 1.13444E-5 9.91203E-6 1.31728E-5 1.50115E-5 1.82913E-5 2.23213E-5 2.14867E-5 2.09909E-5 2.78618E-5 3.20826E-5 2.83778E-5
1.00104E-5 9.28606E-6 7.50197E-6 6.9591E-6 6.88297E-6 8.42142E-6 8.27195E-6 8.03458E-6 8.08142E-6 9.50635E-6 9.84487E-6 1.07816E-5 1.18184E-5 1.26138E-5 7.72831E-6 7.74641E-6 5.9005E-6 5.85499E-6 5.37946E-6 5.21337E-6 5.08448E-6 5.33591E-6 5.51086E-6 6.01309E-6 5.65445E-6 6.35491E-6 8.08975E-6 6.78785E-6 5.84669E-6 5.42402E-6 5.96342E-6 5.74744E-6 6.54537E-6 6.84945E-6 6.70763E-6 6.20029E-6 6.78558E-6 6.96076E-6 6.83208E-6 7.22795E-6 7.38323E-6 7.7721E-6 9.39769E-6 1.08567E-5 1.13146E-5 1.09663E-5 1.31353E-5 1.68672E-5 1.43225E-5 1.41355E-5 1.54499E-5 1.11966E-5 1.14918E-5 1.33814E-5 1.55085E-5 1.80397E-5 2.17012E-5 2.77386E-5 3.10103E-5 4.48971E-5 6.03866E-5
8.62162E-6 9.24713E-6 7.0194E-6 1.02814E-5 9.92439E-6 6.48223E-6 7.78765E-6 8.73091E-6 8.44833E-6 1.11336E-5 1.04785E-5 1.02237E-5 1.1209E-5 8.99339E-6 7.21309E-6 6.70822E-6 6.15108E-6 6.78922E-6 5.39093E-6 6.40089E-6 6.57741E-6 6.71406E-6 6.45836E-6 6.11846E-6 6.61463E-6 6.75438E-6 7.06382E-6 6.62617E-6 7.3625E-6 6.50118E-6 6.96037E-6 6.15281E-6 6.81368E-6 6.85217E-6 6.98594E-6 7.36917E-6 8.02936E-6 9.71594E-6 8.88824E-6 7.648E-6 6.72844E-6 7.54696E-6 8.39337E-6 1.01209E-5 1.06823E-5 1.39591E-5 1.74323E-5 1.6654E-5 1.41487E-5 1.3813E-5 1.84694E-5 1.41438E-5 2.31348E-5 1.62338E-5 1.89856E-5 2.05974E-5 2.16133E-5 3.14461E-5 5.22603E-5 6.69782E-5 1.05503E-4
8.39305E-6 1.09461E-5 7.45781E-6 8.14902E-6 8.54264E-6 7.83104E-6 1.00998E-5 1.07257E-5 1.05467E-5 1.02359E-5 9.91288E-6 9.28206E-6 1.21169E-5 1.52931E-5 8.19907E-6 6.62496E-6 6.89404E-6 6.7541E-6 7.36128E-6 7.08272E-6 9.16502E-6 8.00381E-6 7.44219E-6 9.51184E-6 9.21195E-6 8.19613E-6 1.05152E-5 1.21617E-5 8.13109E-6 1.01318E-5 7.32528E-6 6.63712E-6 6.79801E-6 7.13172E-6 8.66348E-6 8.48666E-6 1.12691E-5 1.54657E-5 1.63012E-5 1.26922E-5 1.00557E-5 1.55882E-5 2.01403E-5 1.61198E-5 1.47908E-5 1.08448E-5 1.27916E-5 1.65816E-5 1.85371E-5 1.94034E-5 2.0487E-5 1.58241E-5 2.09067E-5 1.70782E-5 3.03758E-5 3.22355E-5 3.78582E-5 5.68021E-5 7.97568E-5 9.22146E-5 1.06528E-4
1.10158E-5 1.49461E-5 1.72195E-5 1.43566E-5 9.77489E-6 9.10562E-6 9.3566E-6 7.89421E-6 9.53175E-6 1.35661E-5 8.50194E-6 8.57025E-6 1.74312E-5 9.7199E-6 8.12335E-6 1.08521E-5 1.07732E-5 8.26547E-6 9.05013E-6 1.14317E-5 1.18383E-5 1.02762E-5 7.88146E-6 1.25515E-5 1.37303E-5 1.47201E-5 1.7622E-5 1.79751E-5 1.44277E-5 1.12926E-5 1.20016E-5 8.63584E-6 9.03935E-6 7.71813E-6 7.9489E-6 7.8119E-6 8.09675E-6 1.50025E-5 1.78062E-5 2.24026E-5 2.13793E-5 4.74415E-5 8.96299E-5 7.92082E-5 3.1686E-5 1.64144E-5 1.54133E-5 1.08991E-5 1.55496E-5 2.4459E-5 2.98666E-5 2.95546E-5 2.84691E-5 3.08419E-5 4.38911E-5 5.47753E-5 5.9943E-5 9.40508E-5 1.47077E-4 1.48318E-4 1.74883E-4
1.98501E-5 1.58844E-5 1.7322E-5 2.3185E-5 2.54276E-5 2.7015E-5 2.09659E-5 1.62417E-5 1.65396E-5 1.17983E-5 1.08641E-5 1.33248E-5 1.69684E-5 1.1841E-5 1.15406E-5 1.3875E-5 1.30861E-5 8.73989E-6 7.2725E-6 7.74478E-6 7.95573E-6 1.09413E-5 1.40451E-5 1.69787E-5 1.79811E-5 9.85301E-6 1.20548E-5 1.5526E-5 1.55406E-5 1.95764E-5 1.75254E-5 1.15325E-5 1.29571E-5 1.04267E-5 7.82766E-6 9.30838E-6 1.04814E-5 1.5287E-5 1.75715E-5 1.77097E-5 2.27332E-5 3.14984E-5 3.99968E-5 4.63378E-5 2.48208E-5 2.50559E-5 2.85534E-5 2.53222E-5 2.34415E-5 3.89843E-5 5.36308E-5 4.58691E-5 4.76617E-5 4.13575E-5 4.91645E-5 6.15606E-5 7.75494E-5 1.09788E-4 1.80612E-4 1.92178E-4 -9999
2.26973E-5 2.39734E-5 2.66497E-5 3.15275E-5 3.78778E-5 3.67281E-5 3.29276E-5 2.07842E-5 2.04752E-5 2.0154E-5 2.6055E-5 2.02147E-5 1.3231E-5 1.05024E-5 1.12879E-5 9.64692E-6 1.07266E-5 9.94429E-6 1.2085E-5 9.30693E-6 1.20081E-5 1.27816E-5 1.28774E-5 1.54379E-5 1.459E-5 9.60333E-6 9.40066E-6 1.23774E-5 1.20204E-5 1.35076E-5 1.66467E-5 1.31278E-5 1.23046E-5 1.03948E-5 9.95247E-6 1.12685E-5 1.47445E-5 2.74494E-5 2.32829E-5 2.14468E-5 2.2022E-5 2.86213E-5 2.57596E-5 2.84627E-5 2.78425E-5 3.0779E-5 3.37708E-5 3.44801E-5 3.20831E-5 3.37891E-5 3.61869E-5 3.81554E-5 4.33341E-5 7.04049E-5 1.28524E-4 1.59872E-4 1.12186E-4 1.66252E-4 1.43536E-4 -9999 8.07082E-4
2.48793E-5 3.32938E-5 2.80755E-5 2.32932E-5 2.26563E-5 2.66455E-5 3.33911E-5 4.16577E-5 2.57798E-5 1.77293E-5 2.37536E-5 3.1434E-5 2.9235E-5 1.98764E-5 1.82224E-5 1.65346E-5 1.32764E-5 1.48606E-5 1.57002E-5 1.87284E-5 1.75991E-5 1.49642E-5 1.82012E-5 1.84206E-5 9.88476E-6 1.06098E-5 1.62805E-5 1.65617E-5 1.57121E-5 1.51337E-5 1.78462E-5 2.04327E-5 1.67727E-5 1.53726E-5 1.71847E-5 1.73106E-5 2.24002E-5 2.65134E-5 2.60993E-5 2.27942E-5 2.33237E-5 2.10762E-5 1.7975E-5 2.82188E-5 2.82748E-5 3.49749E-5 4.44132E-5 4.92058E-5 5.05887E-5 4.90444E-5 5.2034E-5 5.08059E-5 5.93801E-5 7.93001E-5 1.12878E-4 1.6981E-4 3.60504E-4 7.35013E-4 7.42431E-4 2.9511E-4 2.38464E-4
3.61519E-5 3.46224E-5 3.42058E-5 3.30631E-5 3.35382E-5 2.97098E-5 3.58693E-5 2.73303E-5 2.67737E-5 2.08236E-5 1.98221E-5 3.08446E-5 3.59542E-5 3.53487E-5 2.71935E-5 2.72189E-5 2.38739E-5 2.38711E-5 2.27764E-5 2.23689E-5 2.03107E-5 1.8351E-5 2.16443E-5 2.12887E-5 1.7511E-5 1.6881E-5 2.01652E-5 1.94274E-5 2.29448E-5 1.96973E-5 2.11859E-5 1.99766E-5 2.20697E-5 2.65101E-5 2.64857E-5 2.1499E-5 2.84975E-5 3.18467E-5 3.64112E-5 3.74052E-5 3.60427E-5 3.44802E-5 2.5329E-5 3.10588E-5 3.85341E-5 3.91003E-5 4.8549E-5 6.35024E-5 6.15051E-5 5.22333E-5 6.11141E-5 6.75183E-5 9.31418E-5 8.83925E-5 1.22854E-4 2.50021E-4 8.26906E-4 6.58439E-4 3.14045E-4 1.88964E-4 1.32091E-4
3.82228E-5 4.1351E-5 3.83383E-5 3.18554E-5 3.38735E-5 3.74905E-5 3.95053E-5 3.51959E-5 2.75571E-5 2.8451E-5 3.55958E-5 3.65457E-5 3.57138E-5 2.98955E-5 2.07996E-5 2.36824E-5 2.71701E-5 2.61316E-5 2.60433E-5 2.3179E-5 2.64505E-5 2.28959E-5 2.51989E-5 2.46855E-5 2.4554E-5 2.51044E-5 2.80135E-5 2.60465E-5 2.95785E-5 2.82043E-5 3.05679E-5 3.4433E-5 3.17654E-5 3.00831E-5 3.47233E-5 3.85556E-5 3.70458E-5 4.49145E-5 4.16435E-5 4.33686E-5 4.04518E-5 3.7336E-5 3.75876E-5 4.17914E-5 4.90868E-5 6.24286E-5 6.24068E-5 6.19431E-5 5.99212E-5 6.62577E-5 5.49377E-5 1.07348E-4 1.42649E-4 1.38116E-4 1.64508E-4 2.81714E-4 8.21145E-4 2.92256E-4 2.44722E-4 1.75405E-4 1.32723E-4
4.22483E-5 3.73628E-5 5.08592E-5 4.3824E-5 3.44947E-5 3.11112E-5 3.98153E-5 3.11208E-5 3.00263E-5 3.81921E-5 3.91213E-5 4.08481E-5 3.62024E-5 3.14572E-5 2.45292E-5 3.11854E-5 3.13659E-5 2.7848E-5 2.99748E-5 3.24955E-5 2.9571E-5 2.56638E-5 2.60638E-5 2.39865E-5 2.66112E-5 2.56828E-5 2.76619E-5 2.93808E-5 3.36634E-5 3.26714E-5 4.31595E-5 4.26525E-5 3.10316E-5 3.17888E-5 4.04514E-5 3.58799E-5 4.34477E-5 4.87897E-5 4.3337E-5 4.74514E-5 4.34581E-5 4.26822E-5 4.75252E-5 5.18282E-5 5.01644E-5 4.78147E-5 6.28891E-5 7.45147E-5 7.50444E-5 8.49258E-5 8.35777E-5 1.61656E-4 1.05736E-4 1.6467E-4 2.1579E-4 3.91048E-4 3.19107E-4 2.47681E-4 2.38989E-4 1.97544E-4 1.52391E-4
3.86048E-5 3.62437E-5 3.79619E-5 4.06202E-5 4.42345E-5 4.63766E-5 4.14215E-5 3.92473E-5 3.93976E-5 3.86415E-5 3.64834E-5 4.21012E-5 3.83791E-5 3.65272E-5 3.50868E-5 3.88805E-5 3.77382E-5 2.86372E-5 3.29698E-5 3.29474E-5 3.48224E-5 3.15978E-5 2.79516E-5 3.05767E-5 3.60318E-5 3.03946E-5 3.26276E-5 4.2557E-5 5.75082E-5 5.8335E-5 3.06843E-5 3.65661E-5 2.93191E-5 3.33082E-5 3.8156E-5 5.58223E-5 6.52716E-5 5.8921E-5 5.03996E-5 5.89453E-5 5.0392E-5 4.96363E-5 5.13757E-5 5.79383E-5 5.33832E-5 5.50575E-5 7.17177E-5 9.11402E-5 9.30929E-5 9.69932E-5 1.65033E-4 2.7231E-4 3.82854E-4 2.46564E-4 5.20784E-4 2.44203E-4 2.00211E-4 2.0817E-4 2.09929E-4 1.8795E-4 1.6852E-4
4.40006E-5 4.3903E-5 3.95869E-5 4.07035E-5 4.53985E-5 5.09411E-5 3.47369E-5 3.58677E-5 3.73396E-5 3.7639E-5 3.17683E-5 3.53386E-5 3.46783E-5 3.29042E-5 3.23817E-5 4.26669E-5 3.29701E-5 3.14005E-5 3.22092E-5 2.9474E-5 3.38091E-5 3.74435E-5 3.36589E-5 3.32047E-5 3.7862E-5 3.28257E-5 2.73917E-5 2.95838E-5 4.22012E-5 4.65902E-5 3.72104E-5 3.27005E-5 3.05313E-5 3.57252E-5 3.52697E-5 5.13477E-5 5.91462E-5 5.85913E-5 6.17876E-5 5.3038E-5 5.77435E-5 6.26458E-5 6.38688E-5 5.78647E-5 5.73955E-5 6.99996E-5 8.78466E-5 9.7833E-5 1.31731E-4 1.96522E-4 2.51325E-4 3.19589E-4 -9999 2.92472E-4 2.25426E-4 1.91584E-4 1.51562E-4 1.59068E-4 1.78787E-4 1.52201E-4 1.60953E-4
5.75768E-5 5.39099E-5 5.41091E-5 5.68268E-5 5.66694E-5 4.92135E-5 4.17718E-5 4.37337E-5 3.53958E-5 3.90445E-5 3.56484E-5 3.51782E-5 3.68936E-5 3.48626E-5 3.45286E-5 3.14646E-5 3.63193E-5 3.35141E-5 3.41191E-5 4.45047E-5 5.46136E-5 3.72123E-5 5.47918E-5 4.29666E-5 4.10013E-5 3.64289E-5 2.98177E-5 3.23998E-5 3.88278E-5 4.32385E-5 4.81549E-5 4.79848E-5 4.98981E-5 4.92302E-5 4.89632E-5 5.97401E-5 6.58796E-5 8.0705E-5 7.57378E-5 7.67364E-5 6.72403E-5 7.33209E-5 7.49775E-5 7.74582E-5 8.05856E-5 1.00575E-4 1.33276E-4 1.41401E-4 2.11141E-4 2.72509E-4 2.58377E-4 6.80955E-4 2.57902E-4 2.00467E-4 1.95442E-4 1.6216E-4 1.42991E-4 1.53564E-4 1.43331E-4 1.32986E-4 1.34031E-4
7.63561E-5 8.27229E-5 6.9928E-5 5.64244E-5 5.00526E-5 3.96354E-5 4.27873E-5 5.78031E-5 4.63735E-5 3.90707E-5 3.33235E-5 3.88285E-5 3.26966E-5 3.34727E-5 3.80518E-5 4.34217E-5 4.3014E-5 5.3492E-5 4.66853E-5 6.0186E-5 6.7427E-5 6.48317E-5 6.07559E-5 4.1591E-5 5.44026E-5 4.837E-5 4.43173E-5 3.86253E-5 4.23648E-5 4.82073E-5 4.74485E-5 5.12017E-5 5.44284E-5 6.68257E-5 7.13698E-5 8.17719E-5 8.70484E-5 1.03593E-4 9.50634E-5 8.78191E-5 7.71086E-5 8.21634E-5 9.18965E-5 8.78264E-5 1.02895E-4 1.11546E-4 1.4383E-4 1.65976E-4 1.88768E-4 1.90864E-4 1.56879E-4 1.99051E-4 1.88271E-4 2.08241E-4 2.02869E-4 1.47159E-4 1.37995E-4 1.36352E-4 1.34261E-4 1.28283E-4 1.26288E-4
9.32813E-5 8.55427E-5 7.47757E-5 7.15772E-5 5.75785E-5 5.04408E-5 5.35349E-5 5.07065E-5 5.52106E-5 4.16902E-5 4.63129E-5 4.71899E-5 3.9036E-5 4.21137E-5 4.6993E-5 5.591E-5 7.26665E-5 7.73895E-5 7.31495E-5 9.73011E-5 1.1562E-4 7.54843E-5 4.30277E-5 5.36062E-5 7.2704E-5 6.28945E-5 5.36387E-5 4.99383E-5 5.56467E-5 5.97545E-5 5.97364E-5 7.74663E-5 8.04993E-5 7.33699E-5 8.79618E-5 7.99576E-5 1.04873E-4 1.12174E-4 1.09432E-4 7.84136E-5 7.1843E-5 8.78256E-5 9.14216E-5 1.02614E-4 9.96136E-5 1.25041E-4 1.4545E-4 1.49571E-4 1.31097E-4 1.21232E-4 1.48934E-4 1.79339E-4 1.73343E-4 2.25876E-4 2.22988E-4 1.66592E-4 1.55707E-4 1.55601E-4 1.48737E-4 1.43012E-4 1.33134E-4
1.02205E-4 1.08977E-4 8.35686E-5 6.76108E-5 8.39172E-5 7.69738E-5 6.21518E-5 5.98654E-5 5.31637E-5 5.00747E-5 4.50024E-5 6.26596E-5 5.85992E-5 5.655E-5 6.12724E-5 7.19428E-5 8.06572E-5 9.2535E-5 8.64812E-5 7.55777E-5 7.80584E-5 6.52384E-5 5.41035E-5 6.83475E-5 8.134E-5 6.81328E-5 6.65185E-5 7.23384E-5 6.29056E-5 6.09165E-5 7.26633E-5 7.38651E-5 7.43974E-5 8.77212E-5 9.65149E-5 1.25181E-4 1.17469E-4 1.14474E-4 1.11979E-4 8.95451E-5 9.2391E-5 1.13294E-4 1.32433E-4 1.27503E-4 1.35857E-4 1.24869E-4 1.51495E-4 1.42822E-4 1.25369E-4 1.35355E-4 1.89572E-4 1.73492E-4 1.98137E-4 2.28799E-4 1.79232E-4 1.80085E-4 2.02369E-4 1.69445E-4 1.37604E-4 1.37229E-4 1.40381E-4
8.41021E-5 1.1118E-4 1.15366E-4 8.61016E-5 8.18964E-5 6.73943E-5 6.4796E-5 7.59681E-5 6.79315E-5 5.51176E-5 6.01507E-5 7.18121E-5 9.14106E-5 8.39601E-5 6.75493E-5 8.1709E-5 1.08052E-4 1.04343E-4 1.0069E-4 8.77237E-5 9.78845E-5 1.00427E-4 7.80703E-5 8.42735E-5 8.04801E-5 7.81214E-5 7.92008E-5 8.47191E-5 7.91669E-5 8.29418E-5 1.0148E-4 9.29279E-5 1.03706E-4 1.24739E-4 1.37288E-4 1.46087E-4 1.25483E-4 9.54557E-5 1.25078E-4 1.28298E-4 1.33031E-4 1.63948E-4 1.19913E-4 1.47148E-4 1.77878E-4 1.6463E-4 1.69796E-4 1.56534E-4 1.69524E-4 1.73546E-4 2.1223E-4 1.86191E-4 1.85836E-4 2.05306E-4 1.93794E-4 2.05139E-4 2.19024E-4 2.21958E-4 1.81525E-4 1.57327E-4 1.5362E-4
1.03598E-4 1.03288E-4 9.94802E-5 1.05302E-4 1.1397E-4 1.07293E-4 1.00895E-4 9.94482E-5 9.37059E-5 9.21172E-5 8.12316E-5 8.53452E-5 9.02172E-5 9.47408E-5 9.9865E-5 9.91644E-5 1.1648E-4 1.27991E-4 1.51099E-4 1.25657E-4 1.75544E-4 1.59483E-4 1.40781E-4 1.31955E-4 1.17937E-4 1.04809E-4 9.37127E-5 1.0291E-4 9.24098E-5 1.19842E-4 1.50095E-4 1.70799E-4 1.6333E-4 1.42746E-4 1.15107E-4 1.48512E-4 1.01948E-4 9.61701E-5 1.71783E-4 1.57629E-4 1.54263E-4 1.64572E-4 1.67134E-4 1.69866E-4 1.53521E-4 2.03025E-4 2.25347E-4 2.2228E-4 2.21126E-4 2.07814E-4 2.11585E-4 2.15699E-4 1.97963E-4 2.1787E-4 2.06289E-4 1.97928E-4 2.07035E-4 2.18779E-4 2.05829E-4 2.03069E-4 1.77971E-4
1.47929E-4 1.6258E-4 1.42916E-4 1.30054E-4 1.39576E-4 1.07218E-4 1.07393E-4 1.08399E-4 1.00397E-4 9.8058E-5 1.15156E-4 1.13674E-4 1.07552E-4 1.0572E-4 1.23423E-4 1.28461E-4 1.51457E-4 1.60267E-4 1.41815E-4 1.79487E-4 2.1257E-4 1.69062E-4 1.52793E-4 1.42727E-4 1.52278E-4 1.26075E-4 1.23648E-4 1.00768E-4 1.03408E-4 1.37309E-4 1.95427E-4 2.32406E-4 2.17358E-4 1.23829E-4 9.35189E-5 1.086E-4 2.05216E-4 2.12696E-4 1.58843E-4 1.57678E-4 1.71134E-4 1.77486E-4 1.71703E-4 1.58229E-4 1.97672E-4 2.15314E-4 2.10712E-4 1.82035E-4 2.28786E-4 2.15397E-4 2.22274E-4 2.1603E-4 2.18728E-4 2.01884E-4 2.08839E-4 2.06716E-4 2.21818E-4 1.94405E-4 1.96286E-4 1.81371E-4 2.09069E-4
1.97901E-4 1.67758E-4 1.58373E-4 1.62742E-4 1.53551E-4 1.61714E-4 1.39574E-4 1.29915E-4 1.25483E-4 1.20201E-4 1.11769E-4 1.74755E-4 1.07694E-4 1.21141E-4 1.35817E-4 1.59247E-4 1.58339E-4 1.57332E-4 1.47688E-4 1.79175E-4 2.32024E-4 1.99274E-4 1.7478E-4 1.68161E-4 1.99165E-4 1.29285E-4 1.45387E-4 1.57546E-4 1.6901E-4 2.15003E-4 2.45788E-4 2.80015E-4 1.71486E-4 1.08739E-4 1.43007E-4 2.29127E-4 2.1396E-4 1.60675E-4 1.68248E-4 2.40548E-4 2.30337E-4 2.28415E-4 1.98934E-4 1.95924E-4 2.03661E-4 2.28792E-4 2.39638E-4 2.41904E-4 2.64585E-4 2.66677E-4 2.79236E-4 2.5849E-4 2.85914E-4 2.66256E-4 2.61075E-4 2.49102E-4 2.46203E-4 2.21509E-4 2.02016E-4 2.11729E-4 2.52011E-4
1.81472E-4 1.67077E-4 1.71742E-4 1.91399E-4 2.14937E-4 1.79813E-4 1.5821E-4 1.59919E-4 1.64446E-4 1.53982E-4 1.59883E-4 1.44444E-4 1.26607E-4 1.2947E-4 1.51428E-4 1.51412E-4 1.50329E-4 1.96114E-4 1.80059E-4 1.68372E-4 2.18649E-4 1.95603E-4 1.79891E-4 1.8342E-4 1.31304E-4 1.66232E-4 1.91284E-4 1.87621E-4 2.22772E-4 2.68144E-4 2.67161E-4 1.8797E-4 1.73965E-4 1.984E-4 2.97516E-4 2.52528E-4 2.37491E-4 2.13889E-4 2.15418E-4 2.37747E-4 2.73812E-4 2.57479E-4 2.85028E-4 2.47693E-4 2.4077E-4 2.97174E-4 2.89227E-4 3.00712E-4 3.38824E-4 3.43658E-4 2.89735E-4 2.90711E-4 3.35755E-4 2.99157E-4 2.602E-4 2.582E-4 4.08826E-4 2.83348E-4 2.44003E-4 2.7623E-4 3.9477E-4
2.06754E-4 2.01341E-4 2.1099E-4 2.21984E-4 2.02715E-4 1.84781E-4 1.77153E-4 1.97336E-4 2.13696E-4 1.99494E-4 2.02058E-4 1.93081E-4 1.88001E-4 1.49565E-4 1.61026E-4 1.89373E-4 1.52797E-4 1.68431E-4 1.99992E-4 2.15909E-4 2.21052E-4 1.83619E-4 1.67974E-4 1.54704E-4 1.53743E-4 1.25162E-4 1.22982E-4 1.48405E-4 1.57031E-4 1.89393E-4 2.1568E-4 3.38288E-4 4.06229E-4 4.39546E-4 4.79476E-4 3.82365E-4 3.22054E-4 2.71626E-4 3.0588E-4 3.52638E-4 3.54435E-4 3.77638E-4 3.53278E-4 3.20647E-4 3.49437E-4 3.23527E-4 3.80367E-4 3.92595E-4 4.40158E-4 3.92102E-4 3.7651E-4 3.74459E-4 3.01796E-4 2.61512E-4 2.61542E-4 2.46875E-4 3.07942E-4 4.48077E-4 3.30984E-4 4.20117E-4 5.02315E-4
2.67863E-4 2.30195E-4 2.36471E-4 2.53742E-4 2.59174E-4 2.35935E-4 2.03159E-4 2.75754E-4 3.03684E-4 2.44581E-4 2.16047E-4 2.29918E-4 2.61073E-4 2.25488E-4 2.03055E-4 2.05105E-4 1.81853E-4 1.69315E-4 1.76027E-4 2.62801E-4 3.09694E-4 2.49632E-4 1.81206E-4 2.00888E-4 2.13487E-4 1.62918E-4 1.93853E-4 1.87924E-4 1.81153E-4 2.61125E-4 3.62704E-4 5.64684E-4 5.92514E-4 5.7656E-4 5.09342E-4 3.92303E-4 3.33945E-4 3.28707E-4 3.76665E-4 5.13824E-4 4.96981E-4 4.83837E-4 4.19136E-4 3.41977E-4 3.72438E-4 3.60329E-4 4.53562E-4 4.59965E-4 4.96022E-4 5.13477E-4 4.42053E-4 5.01766E-4 3.83762E-4 3.48606E-4 3.33571E-4 2.96925E-4 3.37368E-4 3.70029E-4 4.56323E-4 5.7089E-4 6.15264E-4
3.72256E-4 2.84872E-4 3.52991E-4 3.79361E-4 3.32977E-4 3.08785E-4 2.96567E-4 2.68855E-4 2.94678E-4 2.5536E-4 2.4424E-4 2.88813E-4 2.59764E-4 3.21286E-4 3.71617E-4 3.98591E-4 3.39563E-4 2.37802E-4 2.02479E-4 2.46488E-4 2.74821E-4 2.67234E-4 2.5361E-4 2.38913E-4 2.32919E-4 2.73274E-4 3.44687E-4 3.28107E-4 3.37561E-4 3.0671E-4 4.67013E-4 5.10036E-4 4.70618E-4 3.76754E-4 3.63204E-4 4.15162E-4 3.76057E-4 3.56798E-4 4.85442E-4 5.61691E-4 6.51743E-4 6.48001E-4 4.30985E-4 4.41666E-4 3.91721E-4 4.1721E-4 4.61306E-4 4.87335E-4 4.79638E-4 4.56682E-4 5.31814E-4 4.78093E-4 4.26746E-4 4.86995E-4 4.74467E-4 4.16533E-4 3.83173E-4 5.05489E-4 5.68086E-4 5.9649E-4 6.2947E-4
4.20348E-4 3.87994E-4 4.10498E-4 4.22737E-4 4.3179E-4 4.05968E-4 4.3064E-4 3.69723E-4 3.6615E-4 3.44744E-4 3.48031E-4 3.27274E-4 3.4221E-4 3.60087E-4 3.70371E-4 4.53537E-4 4.28954E-4 3.95906E-4 3.21728E-4 3.55924E-4 4.17698E-4 3.88283E-4 3.26501E-4 2.84041E-4 3.52607E-4 5.18248E-4 4.99791E-4 5.89352E-4 5.63471E-4 5.59673E-4 5.37411E-4 5.03926E-4 5.19622E-4 5.25556E-4 5.28799E-4 5.82794E-4 5.09868E-4 4.39963E-4 5.34105E-4 7.16685E-4 8.77185E-4 7.53354E-4 4.49345E-4 4.79616E-4 4.27895E-4 4.45969E-4 3.86866E-4 4.0222E-4 4.46212E-4 4.3534E-4 4.68354E-4 4.84584E-4 6.09191E-4 8.19578E-4 7.10163E-4 6.44751E-4 5.69718E-4 6.53769E-4 6.37469E-4 6.55207E-4 7.56239E-4
