data/maxent/outputs/red_295.asc
ncols         426
nrows         180
xllcorner     -130.0
yllcorner     24.0
cellsize      0.16666666666666666
NODATA_value  -9999
[rows 81 to 107 of 180, columns 244 to 304 of 426]
3.90256E-1 4.37585E-1 4.86279E-1 4.81687E-1 4.50685E-1 4.38024E-1 4.55423E-1 4.66336E-1 4.6175E-1 4.55177E-1 4.59876E-1 4.55588E-1 5.03611E-1 5.21148E-1 5.47066E-1 5.68606E-1 5.99214E-1 6.20653E-1 6.37015E-1 6.52198E-1 6.2615E-1 6.13649E-1 6.24498E-1 6.5852E-1 6.24552E-1 6.2553E-1 6.18946E-1 6.254E-1 5.91982E-1 5.70924E-1 5.86697E-1 5.84096E-1 6.02883E-1 6.94905E-1 6.35178E-1 5.80495E-1 5.43381E-1 5.46824E-1 5.37857E-1 6.23531E-1 5.9846E-1 5.79823E-1 5.75667E-1 6.14431E-1 5.29646E-1 5.27847E-1 5.61648E-1 5.40691E-1 5.71907E-1 5.27737E-1 4.92242E-1 4.87068E-1 5.16973E-1 4.8712E-1 4.76254E-1 5.3945E-1 5.72765E-1 5.09257E-1 4.75371E-1 4.71675E-1 5.43963E-1
3.97416E-1 4.44851E-1 4.78597E-1 4.98796E-1 4.57796E-1 4.9608E-1 4.92386E-1 4.51812E-1 4.527E-1 5.01674E-1 4.91993E-1 5.08911E-1 5.02683E-1 4.9617E-1 5.0742E-1 5.29066E-1 5.67165E-1 5.89383E-1 6.02771E-1 6.23571E-1 5.99587E-1 6.07029E-1 6.38519E-1 6.58723E-1 6.18344E-1 5.82534E-1 5.80339E-1 5.67357E-1 5.68651E-1 5.78374E-1 6.03045E-1 5.81323E-1 6.0381E-1 5.90402E-1 6.12616E-1 5.83379E-1 5.56162E-1 5.61887E-1 5.87074E-1 5.51586E-1 5.47853E-1 5.40809E-1 5.83721E-1 5.44398E-1 5.38481E-1 4.91365E-1 5.16648E-1 5.56876E-1 5.49528E-1 5.10089E-1 4.77501E-1 4.76046E-1 4.92315E-1 4.61116E-1 4.50435E-1 4.58369E-1 4.79961E-1 4.32033E-1 4.41879E-1 5.1552E-1 5.89738E-1
4.02515E-1 4.50232E-1 5.07512E-1 4.96951E-1 4.99303E-1 5.03815E-1 5.39281E-1 4.84067E-1 4.8689E-1 5.30105E-1 5.31186E-1 5.15327E-1 5.16718E-1 5.06575E-1 5.06732E-1 5.19534E-1 5.75112E-1 5.88218E-1 5.93501E-1 6.27757E-1 5.96129E-1 6.1279E-1 6.34605E-1 6.30162E-1 6.33062E-1 6.07752E-1 5.86517E-1 5.70254E-1 5.39928E-1 5.48219E-1 5.57152E-1 5.73018E-1 6.26267E-1 5.74592E-1 5.75088E-1 4.77051E-1 5.27782E-1 5.77971E-1 5.73966E-1 5.55818E-1 5.64603E-1 5.46072E-1 5.4079E-1 5.00961E-1 4.86185E-1 5.04495E-1 4.96957E-1 4.77021E-1 5.1649E-1 4.94171E-1 4.51977E-1 5.05013E-1 4.80354E-1 4.75395E-1 4.40292E-1 4.19787E-1 4.3698E-1 4.46765E-1 4.40671E-1 5.96655E-1 7.43418E-1
4.21397E-1 4.61028E-1 5.25051E-1 5.07896E-1 4.9004E-1 4.94477E-1 4.95345E-1 4.97321E-1 4.76016E-1 4.73065E-1 4.77078E-1 5.20148E-1 5.45722E-1 5.51749E-1 5.26403E-1 5.31842E-1 5.61444E-1 5.91272E-1 6.54361E-1 6.6674E-1 6.13221E-1 5.83264E-1 5.80771E-1 6.11462E-1 5.75062E-1 5.7555E-1 5.92035E-1 5.9489E-1 5.27758E-1 5.47856E-1 6.23796E-1 6.08198E-1 5.98186E-1 5.82126E-1 5.58991E-1 5.32907E-1 5.16758E-1 5.2661E-1 4.98739E-1 5.0145E-1 4.91013E-1 5.1536E-1 4.97203E-1 4.73716E-1 4.41984E-1 4.57272E-1 4.40399E-1 5.0269E-1 5.00841E-1 4.66555E-1 4.93745E-1 4.87943E-1 4.68539E-1 4.71101E-1 4.32739E-1 4.10366E-1 4.02747E-1 4.25028E-1 5.92803E-1 6.23809E-1 5.8024E-1
4.67277E-1 4.76977E-1 5.14358E-1 4.8918E-1 4.92725E-1 5.01341E-1 4.92919E-1 5.0115E-1 4.70105E-1 4.61146E-1 4.85064E-1 4.99004E-1 5.40906E-1 5.61218E-1 5.42762E-1 5.39239E-1 5.48902E-1 5.75423E-1 6.15261E-1 6.31024E-1 5.63647E-1 5.6026E-1 5.65255E-1 5.34526E-1 5.48878E-1 5.49152E-1 5.7222E-1 5.65574E-1 5.49905E-1 5.62437E-1 6.29881E-1 6.18996E-1 5.89714E-1 5.49123E-1 5.21274E-1 4.96993E-1 4.9506E-1 4.638E-1 4.46182E-1 5.02713E-1 4.92565E-1 4.70756E-1 4.87857E-1 4.75033E-1 4.58342E-1 4.29425E-1 4.24088E-1 4.47419E-1 4.69276E-1 4.56786E-1 5.02288E-1 4.80878E-1 4.69984E-1 4.74525E-1 4.35755E-1 4.26155E-1 4.05072E-1 5.44243E-1 5.01288E-1 5.67027E-1 6.89504E-1
5.08379E-1 4.8886E-1 4.93929E-1 5.36522E-1 5.49724E-1 5.20073E-1 4.98963E-1 5.37639E-1 5.05384E-1 5.22268E-1 5.09161E-1 5.27424E-1 5.08663E-1 5.35818E-1 5.44025E-1 5.36997E-1 5.11585E-1 5.90934E-1 5.93986E-1 5.70323E-1 5.22428E-1 5.2297E-1 5.2506E-1 5.30676E-1 5.89435E-1 5.74232E-1 5.43515E-1 5.78178E-1 5.81725E-1 5.92373E-1 6.05004E-1 6.02859E-1 5.99071E-1 5.5961E-1 5.35134E-1 5.037E-1 4.71935E-1 4.27013E-1 4.3803E-1 4.81217E-1 5.43261E-1 4.92228E-1 4.98898E-1 4.66536E-1 4.34171E-1 4.15649E-1 4.04358E-1 4.19117E-1 4.41508E-1 4.32889E-1 4.54944E-1 4.52226E-1 4.60003E-1 4.57928E-1 4.43873E-1 4.1242E-1 4.79291E-1 5.09291E-1 5.13552E-1 6.03894E-1 6.37715E-1
5.33162E-1 5.21896E-1 5.251E-1 5.73767E-1 5.43247E-1 5.50685E-1 5.55236E-1 5.71685E-1 5.42482E-1 5.6545E-1 5.31126E-1 5.1016E-1 5.06968E-1 5.02563E-1 5.7316E-1 5.61639E-1 5.61256E-1 6.05468E-1 6.11846E-1 5.82906E-1 5.17543E-1 4.93985E-1 5.04409E-1 5.49919E-1 6.0251E-1 6.08881E-1 5.76377E-1 5.55189E-1 5.53515E-1 5.5332E-1 5.59358E-1 6.11088E-1 6.01977E-1 5.41569E-1 5.34135E-1 5.13471E-1 4.89793E-1 4.69187E-1 4.56493E-1 5.12401E-1 5.18684E-1 4.70639E-1 4.73829E-1 4.50595E-1 4.234E-1 3.98355E-1 4.04608E-1 4.21571E-1 4.55548E-1 4.48877E-1 4.18074E-1 4.21872E-1 4.44536E-1 4.3548E-1 3.979E-1 4.19777E-1 4.50148E-1 5.10067E-1 5.82533E-1 5.41821E-1 6.18815E-1
5.22978E-1 5.49202E-1 5.45112E-1 5.63464E-1 5.5941E-1 5.56131E-1 5.58359E-1 5.59091E-1 5.50779E-1 5.28531E-1 5.13329E-1 4.9082E-1 4.83505E-1 4.68131E-1 5.0757E-1 5.50328E-1 5.6275E-1 6.52556E-1 6.51051E-1 6.58183E-1 5.12452E-1 4.92677E-1 5.1402E-1 5.58381E-1 5.85313E-1 6.04004E-1 5.77165E-1 5.45329E-1 5.97693E-1 5.74333E-1 5.64417E-1 5.84161E-1 5.72055E-1 5.74989E-1 5.59313E-1 5.35204E-1 5.54109E-1 5.13356E-1 4.47966E-1 4.61226E-1 4.5083E-1 4.21013E-1 4.10728E-1 4.06385E-1 4.01139E-1 3.98397E-1 4.1254E-1 4.29973E-1 4.86995E-1 4.48997E-1 4.33449E-1 4.2157E-1 4.25579E-1 3.99473E-1 3.93093E-1 4.17037E-1 4.41914E-1 5.67989E-1 5.73516E-1 5.66429E-1 6.3944E-1
5.13493E-1 5.27764E-1 5.55975E-1 5.49454E-1 5.69393E-1 5.55203E-1 5.571E-1 5.59655E-1 5.34141E-1 5.28173E-1 5.32353E-1 4.80969E-1 5.32245E-1 4.53228E-1 4.85989E-1 5.5735E-1 5.65408E-1 6.81199E-1 6.34712E-1 5.96735E-1 4.99562E-1 5.19287E-1 5.39888E-1 5.78463E-1 5.85214E-1 5.78349E-1 5.53046E-1 5.6363E-1 5.97739E-1 5.67108E-1 5.52439E-1 5.63846E-1 5.50205E-1 5.47629E-1 5.37881E-1 5.14268E-1 5.40067E-1 4.50846E-1 4.25014E-1 4.44748E-1 4.00018E-1 3.89502E-1 3.77305E-1 3.96676E-1 3.82399E-1 4.23298E-1 4.45846E-1 4.22243E-1 4.54192E-1 4.34718E-1 4.1632E-1 3.81954E-1 4.13315E-1 3.85597E-1 4.17079E-1 4.45209E-1 4.76017E-1 5.40058E-1 6.4742E-1 6.21629E-1 5.79176E-1
5.15529E-1 5.17084E-1 5.30612E-1 5.11689E-1 5.45448E-1 5.38438E-1 5.49646E-1 5.22976E-1 5.12293E-1 5.37709E-1 5.01971E-1 4.3455E-1 4.63838E-1 4.17058E-1 4.81179E-1 5.64438E-1 5.20158E-1 5.45311E-1 5.95677E-1 5.23064E-1 4.58585E-1 5.00759E-1 5.35635E-1 5.57706E-1 5.6314E-1 5.60767E-1 5.64653E-1 5.41534E-1 5.2744E-1 5.2039E-1 5.38122E-1 5.37478E-1 5.15895E-1 5.04819E-1 4.77354E-1 4.54621E-1 4.94617E-1 4.36417E-1 4.35763E-1 3.91244E-1 3.7591E-1 3.64993E-1 3.63985E-1 3.85967E-1 3.87347E-1 3.83802E-1 4.12377E-1 4.08825E-1 4.07407E-1 4.00583E-1 3.71077E-1 3.54711E-1 3.74058E-1 4.30238E-1 4.36659E-1 5.45905E-1 5.0929E-1 6.5302E-1 6.69032E-1 7.18987E-1 5.48083E-1
6.25224E-1 5.11297E-1 5.19079E-1 5.24773E-1 5.08816E-1 5.07012E-1 5.154E-1 5.41216E-1 5.20698E-1 5.14323E-1 4.67238E-1 4.52041E-1 4.17015E-1 4.11458E-1 4.66341E-1 5.33388E-1 5.36918E-1 4.82489E-1 5.2317E-1 5.59294E-1 5.10737E-1 4.77136E-1 5.08339E-1 5.45706E-1 5.60039E-1 5.46091E-1 5.36034E-1 5.28285E-1 5.2556E-1 4.97691E-1 4.96448E-1 4.96351E-1 4.70088E-1 4.55507E-1 4.51458E-1 4.72381E-1 5.18451E-1 4.59475E-1 4.0462E-1 3.80989E-1 3.98458E-1 3.55834E-1 3.78619E-1 3.97431E-1 3.75122E-1 3.78623E-1 3.73546E-1 3.95075E-1 3.96958E-1 3.99604E-1 3.7811E-1 3.8001E-1 3.50049E-1 4.59841E-1 5.89571E-1 6.9545E-1 6.0075E-1 7.15002E-1 7.31072E-1 6.50634E-1 5.2435E-1
5.31633E-1 5.04831E-1 5.03424E-1 5.05424E-1 4.99576E-1 4.71614E-1 4.99162E-1 4.94805E-1 4.88205E-1 4.89787E-1 4.55953E-1 4.49098E-1 4.52278E-1 4.62051E-1 4.61071E-1 5.23293E-1 5.17437E-1 4.91277E-1 4.96276E-1 5.11876E-1 6.01715E-1 5.07146E-1 4.87854E-1 5.41508E-1 5.09483E-1 5.00167E-1 5.17269E-1 5.18604E-1 5.20303E-1 4.77418E-1 4.62805E-1 4.56416E-1 4.37592E-1 4.09002E-1 4.03959E-1 4.54498E-1 4.41989E-1 4.34244E-1 3.89492E-1 3.81192E-1 3.76484E-1 3.52741E-1 3.89043E-1 3.8027E-1 3.7864E-1 3.74362E-1 3.74949E-1 3.89662E-1 3.99116E-1 4.10833E-1 3.67038E-1 4.09142E-1 4.93738E-1 5.4205E-1 6.97285E-1 7.0613E-1 7.65755E-1 6.97758E-1 7.39224E-1 6.70563E-1 5.74247E-1
4.77371E-1 5.13424E-1 5.23171E-1 4.96463E-1 4.62886E-1 4.60918E-1 4.76301E-1 4.67253E-1 4.54987E-1 5.33553E-1 5.00402E-1 4.87118E-1 5.00272E-1 4.54158E-1 4.63139E-1 5.21435E-1 5.8308E-1 5.47123E-1 5.11803E-1 5.11246E-1 5.70396E-1 4.51004E-1 4.98439E-1 4.90059E-1 4.64232E-1 4.71262E-1 5.01769E-1 5.19645E-1 5.11296E-1 4.62712E-1 4.27884E-1 4.29263E-1 4.07348E-1 3.81059E-1 4.12955E-1 4.66172E-1 4.12618E-1 3.79346E-1 3.52243E-1 3.42221E-1 3.71749E-1 3.66471E-1 3.65199E-1 3.68041E-1 3.78829E-1 3.79001E-1 3.81738E-1 4.06339E-1 4.19493E-1 4.07972E-1 4.5599E-1 5.06284E-1 4.9046E-1 6.02344E-1 7.43317E-1 7.29029E-1 6.8474E-1 6.99606E-1 7.08663E-1 6.48528E-1 7.34065E-1
4.93951E-1 4.99894E-1 5.36906E-1 4.95435E-1 4.61207E-1 4.57885E-1 4.49748E-1 4.63798E-1 5.03851E-1 4.77614E-1 4.6331E-1 4.7616E-1 5.24875E-1 4.92011E-1 4.57334E-1 5.09297E-1 5.60699E-1 5.2577E-1 5.54707E-1 4.98088E-1 5.63908E-1 5.41842E-1 5.16446E-1 4.5784E-1 4.18806E-1 4.68819E-1 4.83148E-1 4.44029E-1 4.31244E-1 4.18692E-1 3.87911E-1 3.94574E-1 3.90962E-1 3.63789E-1 3.61228E-1 4.05249E-1 3.82519E-1 3.58254E-1 3.43599E-1 3.55471E-1 3.53223E-1 3.68403E-1 3.69536E-1 3.67916E-1 3.77939E-1 3.85456E-1 4.2629E-1 4.28158E-1 4.11778E-1 4.5402E-1 4.29278E-1 4.52945E-1 5.05045E-1 7.03905E-1 7.54718E-1 5.82625E-1 5.97865E-1 6.9095E-1 6.35282E-1 6.55349E-1 6.29762E-1
5.18061E-1 5.06823E-1 5.89869E-1 5.0671E-1 5.0542E-1 4.81601E-1 4.7658E-1 4.43097E-1 5.12846E-1 4.90286E-1 5.10543E-1 4.90181E-1 4.87932E-1 4.75885E-1 4.65962E-1 4.7195E-1 5.38417E-1 5.24655E-1 5.366E-1 4.94663E-1 5.2526E-1 5.18038E-1 4.57625E-1 4.52622E-1 4.53746E-1 4.80678E-1 4.53957E-1 4.15856E-1 4.09766E-1 4.11931E-1 3.89366E-1 3.93799E-1 3.70689E-1 3.61117E-1 3.92279E-1 4.28513E-1 3.58102E-1 3.54319E-1 3.52601E-1 3.65585E-1 3.45437E-1 3.92898E-1 3.74772E-1 3.69539E-1 3.8579E-1 4.27822E-1 4.09499E-1 4.71535E-1 4.90009E-1 4.46714E-1 4.91595E-1 5.35498E-1 6.36075E-1 5.87162E-1 5.32265E-1 6.13154E-1 6.04908E-1 6.47548E-1 5.76795E-1 6.02513E-1 5.56326E-1
4.94735E-1 5.17082E-1 5.30106E-1 5.25463E-1 5.10973E-1 4.74593E-1 4.8061E-1 5.04276E-1 4.98933E-1 5.14389E-1 5.28982E-1 5.02482E-1 4.64779E-1 4.54222E-1 4.64921E-1 4.97001E-1 5.18581E-1 5.04793E-1 4.76117E-1 4.95028E-1 5.06471E-1 4.76615E-1 4.93628E-1 4.3313E-1 4.52449E-1 4.64706E-1 4.35764E-1 4.15969E-1 4.00787E-1 3.95937E-1 3.86214E-1 3.7685E-1 3.68504E-1 4.13022E-1 3.86709E-1 3.31815E-1 3.28587E-1 3.64198E-1 3.54132E-1 3.41917E-1 3.41472E-1 3.68726E-1 3.82075E-1 3.96933E-1 4.24117E-1 4.29383E-1 4.83113E-1 5.16933E-1 4.98948E-1 4.98068E-1 5.60362E-1 5.05698E-1 4.80413E-1 4.29642E-1 5.69487E-1 6.32211E-1 6.69576E-1 6.05881E-1 6.70919E-1 5.46463E-1 5.18807E-1
5.23037E-1 5.60673E-1 5.35317E-1 5.36425E-1 4.9227E-1 4.90025E-1 4.65321E-1 5.0374E-1 5.12663E-1 4.82437E-1 4.7386E-1 4.79821E-1 4.64627E-1 4.66682E-1 4.65126E-1 5.07767E-1 4.97977E-1 5.14178E-1 5.16737E-1 4.9504E-1 4.84255E-1 4.85702E-1 4.51837E-1 4.2953E-1 4.40469E-1 4.71477E-1 4.30237E-1 4.21357E-1 4.09527E-1 4.03577E-1 3.79541E-1 3.67494E-1 4.15387E-1 4.18828E-1 3.74326E-1 3.46426E-1 3.61366E-1 3.54864E-1 3.83785E-1 3.52583E-1 3.38512E-1 3.49046E-1 3.88592E-1 4.37434E-1 4.49736E-1 5.07185E-1 5.4643E-1 5.06845E-1 5.28329E-1 5.6874E-1 5.53005E-1 5.45573E-1 4.29928E-1 4.66778E-1 6.36289E-1 5.44735E-1 6.54909E-1 5.98167E-1 6.30372E-1 4.78403E-1 7.26962E-1
5.79736E-1 5.84788E-1 5.82089E-1 5.53629E-1 5.72281E-1 5.78526E-1 5.45428E-1 5.20612E-1 4.78367E-1 4.94886E-1 4.90143E-1 4.69783E-1 4.52425E-1 4.66664E-1 4.98332E-1 4.98853E-1 5.20323E-1 5.30024E-1 5.03326E-1 5.05473E-1 4.38959E-1 4.60938E-1 4.79239E-1 4.55924E-1 4.61473E-1 4.94426E-1 5.30896E-1 4.60627E-1 4.18342E-1 4.1534E-1 4.29192E-1 4.49686E-1 4.27074E-1 3.67197E-1 3.5364E-1 3.60642E-1 3.54127E-1 3.68652E-1 3.8811E-1 3.73102E-1 3.68591E-1 4.00009E-1 4.35961E-1 4.24521E-1 4.35246E-1 4.64231E-1 4.69698E-1 5.02818E-1 5.9298E-1 5.99731E-1 5.33185E-1 4.22771E-1 4.74042E-1 5.70412E-1 6.6608E-1 6.42038E-1 5.27559E-1 5.20706E-1 6.41918E-1 6.76507E-1 5.60758E-1
5.15283E-1 4.65016E-1 5.04118E-1 5.05033E-1 5.20893E-1 5.31272E-1 5.08765E-1 5.28405E-1 4.87415E-1 4.77253E-1 4.90675E-1 4.4661E-1 4.39281E-1 4.73617E-1 4.8032E-1 5.0861E-1 5.14669E-1 5.16469E-1 4.96651E-1 4.90203E-1 4.97288E-1 4.85981E-1 4.99733E-1 4.94042E-1 5.02532E-1 5.43361E-1 5.55413E-1 5.27111E-1 5.08353E-1 4.69543E-1 4.79871E-1 4.68108E-1 4.32827E-1 3.78776E-1 4.23871E-1 4.02703E-1 3.78921E-1 3.91988E-1 4.61982E-1 4.58139E-1 4.43543E-1 4.22195E-1 4.50675E-1 4.61928E-1 4.91297E-1 5.00498E-1 5.06106E-1 5.8332E-1 6.0147E-1 5.17631E-1 5.36563E-1 4.98163E-1 6.88727E-1 6.50362E-1 6.23198E-1 6.40307E-1 5.26727E-1 5.59108E-1 6.24456E-1 5.20055E-1 5.19695E-1
4.82508E-1 4.57323E-1 4.81396E-1 4.64162E-1 5.10312E-1 5.23934E-1 4.92424E-1 5.00496E-1 5.06195E-1 4.93019E-1 4.89549E-1 4.91946E-1 4.93791E-1 4.82088E-1 4.8871E-1 4.81386E-1 4.81794E-1 4.77559E-1 4.90534E-1 5.0857E-1 4.82161E-1 4.48217E-1 4.63507E-1 4.70306E-1 5.53281E-1 5.2387E-1 5.3013E-1 5.37091E-1 4.80726E-1 4.65507E-1 4.57764E-1 4.15462E-1 4.04532E-1 4.07365E-1 4.57341E-1 4.51762E-1 4.08174E-1 4.50654E-1 4.93829E-1 5.31968E-1 5.29015E-1 5.00807E-1 4.64078E-1 4.81053E-1 5.46956E-1 5.92525E-1 5.6838E-1 6.22542E-1 6.0267E-1 5.9517E-1 6.18246E-1 5.53825E-1 5.13156E-1 5.2384E-1 5.90464E-1 6.42118E-1 5.21032E-1 5.14922E-1 4.55859E-1 4.43776E-1 4.70913E-1
5.00774E-1 5.26326E-1 4.45562E-1 4.75255E-1 5.10511E-1 5.10797E-1 5.27617E-1 5.58527E-1 4.95427E-1 5.0399E-1 5.05106E-1 5.07516E-1 5.04688E-1 5.1699E-1 4.96744E-1 4.87007E-1 4.80409E-1 4.5509E-1 4.36337E-1 4.64658E-1 4.56864E-1 4.68455E-1 4.9365E-1 5.02322E-1 5.08713E-1 5.30612E-1 5.34604E-1 5.1181E-1 4.8842E-1 4.8155E-1 4.65136E-1 3.98062E-1 4.08481E-1 4.35554E-1 4.75502E-1 4.96393E-1 5.13996E-1 5.43539E-1 5.42346E-1 5.86351E-1 5.282E-1 5.09846E-1 5.24237E-1 5.28614E-1 5.27714E-1 5.46128E-1 5.89015E-1 6.34922E-1 6.34237E-1 5.86548E-1 5.80077E-1 4.72214E-1 4.76741E-1 4.73259E-1 5.92703E-1 6.55664E-1 4.93204E-1 5.25988E-1 6.87108E-1 5.22931E-1 4.7067E-1
4.10424E-1 5.02516E-1 4.5365E-1 4.61907E-1 4.69122E-1 4.78913E-1 6.16277E-1 6.16105E-1 5.5304E-1 4.37941E-1 4.62631E-1 4.86783E-1 5.06195E-1 5.0487E-1 4.7389E-1 4.82413E-1 4.44269E-1 4.22669E-1 4.38403E-1 4.6483E-1 4.56881E-1 4.86156E-1 5.06074E-1 5.20106E-1 4.99366E-1 6.2741E-1 6.30301E-1 5.34582E-1 5.25578E-1 5.02471E-1 5.0302E-1 4.41739E-1 4.05821E-1 4.54909E-1 5.62647E-1 5.82423E-1 6.00435E-1 6.60756E-1 6.89669E-1 5.82717E-1 6.37655E-1 5.36569E-1 4.85014E-1 5.22377E-1 5.74134E-1 5.76435E-1 5.24614E-1 5.77977E-1 5.14109E-1 5.04748E-1 4.53233E-1 5.19628E-1 5.8083E-1 5.70689E-1 5.84076E-1 5.11173E-1 4.54316E-1 4.56884E-1 4.67363E-1 4.73001E-1 4.35768E-1
4.20206E-1 4.80504E-1 4.33895E-1 4.49476E-1 4.60275E-1 4.6299E-1 4.78026E-1 5.86311E-1 5.34353E-1 4.42026E-1 4.2126E-1 4.26177E-1 4.30372E-1 4.27379E-1 4.22112E-1 4.31909E-1 4.44807E-1 4.48761E-1 4.72992E-1 4.7546E-1 4.64352E-1 4.90678E-1 4.90867E-1 4.73873E-1 5.02786E-1 5.64217E-1 5.52376E-1 5.2747E-1 5.0277E-1 4.90264E-1 4.73671E-1 4.46585E-1 4.7308E-1 5.09229E-1 4.83458E-1 5.91549E-1 5.17091E-1 5.0358E-1 5.18059E-1 5.54132E-1 4.65299E-1 4.69139E-1 4.82461E-1 4.85806E-1 4.22754E-1 4.31091E-1 5.70895E-1 6.52625E-1 6.28361E-1 5.956E-1 5.01288E-1 5.09619E-1 5.21713E-1 6.25446E-1 5.46407E-1 4.51605E-1 4.05637E-1 4.4691E-1 4.12527E-1 4.36353E-1 4.49561E-1
4.72353E-1 4.40273E-1 4.11058E-1 4.31919E-1 4.46836E-1 4.64856E-1 4.49459E-1 5.63433E-1 4.91032E-1 4.39543E-1 4.26443E-1 4.10438E-1 4.1252E-1 4.18043E-1 4.3256E-1 4.40894E-1 4.54904E-1 4.71131E-1 4.92629E-1 4.89895E-1 4.78135E-1 4.8648E-1 4.85404E-1 5.40573E-1 5.574E-1 5.092E-1 5.90514E-1 5.435E-1 4.96333E-1 5.20581E-1 5.67158E-1 4.6884E-1 5.60152E-1 5.02816E-1 4.3679E-1 4.26442E-1 4.18763E-1 4.29171E-1 4.44395E-1 4.37026E-1 4.37191E-1 4.32841E-1 4.34419E-1 4.38366E-1 5.6148E-1 6.31211E-1 7.45065E-1 5.88916E-1 5.33235E-1 5.06039E-1 5.29299E-1 5.04814E-1 4.30582E-1 4.74317E-1 4.29594E-1 3.6978E-1 3.97721E-1 4.00432E-1 4.16825E-1 4.28682E-1 4.19107E-1
4.78259E-1 4.19446E-1 4.09186E-1 4.29785E-1 4.32371E-1 4.3424E-1 4.35385E-1 5.7267E-1 4.64505E-1 4.05074E-1 3.87469E-1 3.89231E-1 3.89166E-1 4.10315E-1 4.19782E-1 4.23704E-1 4.21599E-1 4.19141E-1 4.22062E-1 4.35826E-1 4.83092E-1 4.65618E-1 4.63416E-1 5.0011E-1 5.04358E-1 5.30399E-1 5.58854E-1 5.02621E-1 4.6846E-1 5.06962E-1 5.45726E-1 4.57986E-1 4.78209E-1 4.05795E-1 3.97627E-1 4.0533E-1 4.19642E-1 4.13093E-1 3.89632E-1 4.25617E-1 3.80157E-1 4.00251E-1 4.13589E-1 5.96042E-1 5.85071E-1 6.54243E-1 7.19409E-1 5.96176E-1 6.40617E-1 6.14041E-1 4.86695E-1 3.60207E-1 3.70417E-1 4.12265E-1 4.37792E-1 3.84113E-1 3.88816E-1 4.28976E-1 4.38346E-1 4.40642E-1 4.34979E-1
4.2598E-1 4.13025E-1 4.00877E-1 4.24396E-1 4.22299E-1 4.24282E-1 3.95485E-1 4.24804E-1 4.71265E-1 3.83921E-1 3.83357E-1 3.94044E-1 3.74915E-1 3.7352E-1 3.95537E-1 4.23641E-1 4.4884E-1 3.9538E-1 3.98647E-1 4.11805E-1 4.29942E-1 4.55108E-1 4.60252E-1 4.83573E-1 5.44892E-1 5.77484E-1 5.28398E-1 4.66097E-1 5.01829E-1 5.64461E-1 5.64368E-1 4.44216E-1 4.64077E-1 3.94853E-1 3.58385E-1 4.32923E-1 4.08491E-1 3.20321E-1 3.30714E-1 3.4484E-1 3.24841E-1 4.37902E-1 5.11506E-1 6.45837E-1 6.46858E-1 6.94387E-1 6.59178E-1 6.65799E-1 4.72095E-1 3.58977E-1 3.64636E-1 3.64497E-1 3.87188E-1 4.18496E-1 4.44195E-1 4.6544E-1 4.45428E-1 4.55403E-1 4.36135E-1 4.34104E-1 4.28086E-1
4.38707E-1 4.18012E-1 4.19564E-1 4.16836E-1 4.06582E-1 3.945E-1 3.61051E-1 3.69095E-1 4.49633E-1 3.57502E-1 3.80882E-1 3.78944E-1 3.70246E-1 3.61627E-1 4.20673E-1 4.94957E-1 4.82649E-1 3.75099E-1 4.1005E-1 4.2074E-1 4.25814E-1 4.79614E-1 4.3848E-1 5.11909E-1 5.86992E-1 5.59666E-1 5.04499E-1 4.51542E-1 4.08484E-1 4.88815E-1 3.96974E-1 3.28583E-1 3.47165E-1 2.87885E-1 2.90797E-1 3.35578E-1 2.94514E-1 2.99684E-1 3.3768E-1 4.41259E-1 6.20266E-1 6.09881E-1 6.23796E-1 7.79304E-1 7.24768E-1 7.20451E-1 6.36365E-1 4.83542E-1 4.29816E-1 4.69212E-1 3.98584E-1 3.71372E-1 3.89083E-1 4.46251E-1 5.05883E-1 4.60441E-1 4.91156E-1 4.83174E-1 4.16102E-1 4.1363E-1 4.34682E-1
