data/maxent/outputs/red_127.asc
ncols         426
nrows         180
xllcorner     -130.0
yllcorner     24.0
cellsize      0.16666666666666666
NODATA_value  -9999
[rows 108 to 134 of 180, columns 183 to 243 of 426]
3.94585E-1 3.95752E-1 4.12014E-1 4.27491E-1 4.3664E-1 4.52171E-1 4.55517E-1 4.47466E-1 4.60642E-1 4.80554E-1 4.99066E-1 5.30693E-1 5.62256E-1 5.73114E-1 5.62716E-1 5.6296E-1 5.57445E-1 5.80821E-1 5.86318E-1 5.97825E-1 5.93907E-1 6.00393E-1 6.2647E-1 6.21375E-1 6.40109E-1 6.94477E-1 6.58792E-1 6.51352E-1 6.52602E-1 6.44151E-1 6.57148E-1 6.63409E-1 6.69559E-1 6.62063E-1 6.61984E-1 6.71018E-1 6.65633E-1 6.52536E-1 6.33426E-1 6.38607E-1 5.85437E-1 5.82033E-1 5.9226E-1 6.05418E-1 6.23004E-1 6.2561E-1 6.14251E-1 6.35104E-1 6.30493E-1 6.5459E-1 6.73168E-1 6.75304E-1 6.91208E-1 6.60886E-1 6.7719E-1 6.61943E-1 7.13041E-1 7.14646E-1 7.2403E-1 7.14809E-1 6.74923E-1
3.69337E-1 3.88062E-1 4.02544E-1 4.16727E-1 4.31624E-1 4.62117E-1 4.68506E-1 4.69888E-1 4.68131E-1 4.91582E-1 5.18211E-1 5.48038E-1 5.9671E-1 5.91004E-1 5.80181E-1 5.80331E-1 5.72217E-1 5.85698E-1 5.97133E-1 6.03108E-1 6.06907E-1 6.17127E-1 6.08795E-1 6.24361E-1 6.51209E-1 6.7349E-1 6.8441E-1 6.92472E-1 6.77157E-1 6.72156E-1 6.64411E-1 6.67681E-1 6.68473E-1 6.75094E-1 6.49325E-1 6.47575E-1 6.49996E-1 6.39579E-1 6.54799E-1 6.44429E-1 6.37345E-1 5.97501E-1 5.9213E-1 5.96329E-1 6.03001E-1 6.25378E-1 6.29868E-1 6.37298E-1 6.36732E-1 6.47638E-1 6.7372E-1 6.83073E-1 6.90248E-1 6.61929E-1 6.84948E-1 6.7402E-1 6.89592E-1 7.15348E-1 7.12466E-1 6.88235E-1 6.5329E-1
4.03208E-1 4.10922E-1 4.10169E-1 4.27966E-1 4.48402E-1 4.58114E-1 4.86053E-1 4.87784E-1 4.9064E-1 5.07666E-1 5.37449E-1 5.78233E-1 5.98358E-1 5.93288E-1 5.90295E-1 5.86712E-1 5.90855E-1 6.00037E-1 6.07353E-1 6.09576E-1 6.24829E-1 6.22399E-1 6.23919E-1 6.11242E-1 6.39776E-1 6.73298E-1 6.91974E-1 6.88125E-1 6.69502E-1 6.46981E-1 6.21394E-1 6.12708E-1 5.92699E-1 5.83343E-1 6.18078E-1 6.14977E-1 6.28477E-1 6.32517E-1 6.48025E-1 6.46394E-1 6.21964E-1 5.75203E-1 5.70175E-1 6.24071E-1 6.31689E-1 6.00392E-1 5.9919E-1 6.28824E-1 6.39486E-1 6.48585E-1 6.7086E-1 6.86246E-1 6.93724E-1 6.68902E-1 6.78766E-1 6.71391E-1 6.64137E-1 6.92292E-1 6.6979E-1 6.50266E-1 6.40903E-1
4.13439E-1 4.10433E-1 4.2074E-1 4.30632E-1 4.52989E-1 4.68329E-1 4.81938E-1 5.13205E-1 5.09477E-1 5.22027E-1 5.49334E-1 5.70006E-1 5.83269E-1 6.01168E-1 6.02037E-1 5.99848E-1 5.97934E-1 6.08112E-1 6.10912E-1 6.2303E-1 6.3312E-1 6.47487E-1 6.68968E-1 6.78549E-1 6.6717E-1 6.51417E-1 6.54139E-1 6.87181E-1 6.39895E-1 6.07442E-1 6.08885E-1 5.62294E-1 5.4851E-1 5.5211E-1 5.51421E-1 5.63417E-1 5.75155E-1 5.80977E-1 5.91894E-1 5.99903E-1 5.61498E-1 5.44781E-1 5.52778E-1 5.68168E-1 6.19884E-1 5.80894E-1 5.76382E-1 6.06615E-1 6.35854E-1 6.42947E-1 6.64023E-1 6.72825E-1 6.8388E-1 6.70872E-1 6.59075E-1 6.53841E-1 6.70449E-1 6.58648E-1 6.38854E-1 6.28602E-1 6.25911E-1
4.09698E-1 4.07933E-1 4.28284E-1 4.42733E-1 4.5505E-1 4.7168E-1 5.04166E-1 5.077E-1 5.06678E-1 5.17243E-1 5.46984E-1 5.529E-1 5.69892E-1 6.10668E-1 6.07588E-1 6.08022E-1 6.10623E-1 6.19533E-1 6.06806E-1 6.2429E-1 6.4586E-1 6.59129E-1 6.70545E-1 7.19745E-1 6.9609E-1 6.51122E-1 6.4227E-1 6.44949E-1 6.15806E-1 6.02627E-1 5.8477E-1 5.64203E-1 5.54594E-1 5.54632E-1 5.84156E-1 6.37753E-1 6.06783E-1 6.05564E-1 5.70197E-1 5.61726E-1 5.53722E-1 5.62728E-1 5.75316E-1 5.82418E-1 5.87022E-1 5.97571E-1 6.05219E-1 6.03159E-1 6.43955E-1 6.45953E-1 6.66956E-1 6.72861E-1 6.69633E-1 6.56982E-1 6.43961E-1 6.2483E-1 6.69716E-1 6.63132E-1 6.39829E-1 6.17104E-1 6.11834E-1
4.27138E-1 4.23867E-1 4.34946E-1 4.5149E-1 4.6973E-1 4.84125E-1 4.95872E-1 5.09073E-1 5.09676E-1 5.10442E-1 5.45182E-1 5.59986E-1 5.67087E-1 5.98068E-1 6.0829E-1 6.15075E-1 6.18129E-1 6.26648E-1 6.13988E-1 6.3518E-1 6.7245E-1 6.66393E-1 6.8465E-1 7.02507E-1 6.77568E-1 6.77198E-1 6.69749E-1 6.45148E-1 6.40103E-1 5.94862E-1 6.05893E-1 5.70618E-1 5.52811E-1 5.60848E-1 6.10671E-1 5.81332E-1 5.32517E-1 5.30629E-1 5.38266E-1 5.68594E-1 5.53599E-1 5.91973E-1 6.15819E-1 6.05876E-1 6.02795E-1 6.01267E-1 6.20324E-1 6.2765E-1 6.51084E-1 6.5904E-1 6.6924E-1 6.70893E-1 6.61964E-1 6.37691E-1 6.36736E-1 6.30152E-1 6.72412E-1 6.82734E-1 6.39531E-1 6.01271E-1 5.85373E-1
4.37364E-1 4.54154E-1 4.48241E-1 4.73803E-1 5.11026E-1 5.22427E-1 4.98565E-1 5.13968E-1 5.30782E-1 5.30091E-1 5.41513E-1 5.58733E-1 5.77974E-1 5.96835E-1 6.15629E-1 6.23039E-1 6.26693E-1 6.30208E-1 6.28348E-1 6.48062E-1 6.68441E-1 6.68629E-1 6.77515E-1 6.73649E-1 6.64548E-1 6.6866E-1 6.3587E-1 6.24463E-1 6.11865E-1 6.05511E-1 6.15136E-1 6.08502E-1 5.60834E-1 5.99617E-1 5.82402E-1 5.52402E-1 5.47852E-1 5.6263E-1 5.65385E-1 5.73388E-1 5.82027E-1 6.16834E-1 6.2647E-1 6.15421E-1 6.27021E-1 6.31553E-1 6.4003E-1 6.38359E-1 6.64155E-1 6.69839E-1 6.6768E-1 6.47171E-1 6.3648E-1 6.29606E-1 6.26018E-1 6.34906E-1 6.17788E-1 5.94904E-1 5.77712E-1 5.71866E-1 5.76213E-1
4.3579E-1 4.55509E-1 4.71985E-1 4.86675E-1 5.33263E-1 5.57194E-1 5.23014E-1 5.15454E-1 5.35197E-1 5.50193E-1 5.70792E-1 5.86981E-1 5.98987E-1 6.13219E-1 6.26171E-1 6.34043E-1 6.37129E-1 6.2106E-1 6.30302E-1 6.43125E-1 6.68254E-1 6.75237E-1 6.7673E-1 6.83763E-1 6.76685E-1 6.61767E-1 6.39784E-1 6.3897E-1 6.69238E-1 6.51432E-1 6.25882E-1 5.9838E-1 5.81956E-1 5.74557E-1 5.64504E-1 5.6007E-1 5.45772E-1 5.66917E-1 5.76231E-1 5.66773E-1 5.60943E-1 5.87789E-1 6.5329E-1 6.7371E-1 6.4564E-1 6.71812E-1 6.58172E-1 6.67972E-1 6.81557E-1 6.75307E-1 6.6694E-1 6.38927E-1 6.32669E-1 6.42054E-1 6.43028E-1 6.1858E-1 6.26133E-1 5.68834E-1 5.51937E-1 5.50724E-1 5.41594E-1
4.45369E-1 4.59234E-1 4.67959E-1 4.7301E-1 4.8949E-1 5.02062E-1 5.2102E-1 5.24227E-1 5.37575E-1 5.62173E-1 5.79237E-1 5.92201E-1 6.09765E-1 6.24943E-1 6.22209E-1 6.26639E-1 6.18834E-1 6.17954E-1 6.18576E-1 6.40945E-1 6.74571E-1 6.99793E-1 6.85273E-1 6.83042E-1 6.86619E-1 6.63809E-1 6.42558E-1 6.28805E-1 6.07571E-1 5.95549E-1 5.44821E-1 5.34283E-1 5.07232E-1 5.17764E-1 5.18835E-1 5.19271E-1 6.19755E-1 6.02089E-1 5.34011E-1 5.40402E-1 5.4107E-1 5.79146E-1 6.12185E-1 6.33794E-1 6.6577E-1 6.6397E-1 7.03262E-1 6.88422E-1 6.81308E-1 6.65346E-1 6.49244E-1 6.26897E-1 6.08487E-1 6.41948E-1 6.13978E-1 6.04231E-1 5.5744E-1 5.39699E-1 5.36062E-1 5.36421E-1 5.18424E-1
4.56772E-1 4.65597E-1 4.69196E-1 4.76687E-1 4.8813E-1 4.98986E-1 5.15225E-1 5.28493E-1 5.44021E-1 5.58356E-1 5.72903E-1 5.95628E-1 6.18077E-1 6.52153E-1 6.57086E-1 6.30078E-1 6.08442E-1 6.11796E-1 6.2247E-1 6.43467E-1 6.78132E-1 6.94649E-1 6.81303E-1 6.65768E-1 6.40903E-1 6.284E-1 6.13982E-1 5.66766E-1 5.67902E-1 5.24235E-1 5.1443E-1 5.18572E-1 5.41003E-1 5.41093E-1 5.23958E-1 5.18644E-1 5.06022E-1 4.96195E-1 5.37607E-1 5.32974E-1 5.52166E-1 5.83141E-1 6.10504E-1 6.45264E-1 6.86167E-1 6.77541E-1 7.0866E-1 7.02919E-1 6.7926E-1 6.60871E-1 6.54538E-1 6.19074E-1 6.1559E-1 6.14856E-1 5.89559E-1 5.78358E-1 5.34074E-1 5.1591E-1 5.73508E-1 5.53409E-1 5.15797E-1
4.63728E-1 4.7435E-1 4.85453E-1 4.95546E-1 5.02876E-1 5.07944E-1 5.20272E-1 5.3366E-1 5.56991E-1 5.54405E-1 5.62737E-1 5.90781E-1 6.05081E-1 6.3065E-1 6.65262E-1 6.50436E-1 6.33351E-1 6.33602E-1 6.39563E-1 6.5752E-1 6.68364E-1 6.72589E-1 6.53325E-1 6.27982E-1 6.22361E-1 6.00213E-1 5.88749E-1 5.58351E-1 6.05293E-1 5.68697E-1 5.12527E-1 4.85037E-1 4.74391E-1 4.80114E-1 5.2328E-1 4.99618E-1 4.99861E-1 5.17131E-1 5.3968E-1 5.41258E-1 5.75039E-1 6.04196E-1 6.2634E-1 6.4802E-1 6.97202E-1 7.11221E-1 6.98331E-1 7.09621E-1 6.8264E-1 6.46464E-1 6.49047E-1 6.20425E-1 6.12089E-1 5.87332E-1 5.67582E-1 5.65251E-1 5.3026E-1 5.21426E-1 5.09571E-1 4.94749E-1 4.86201E-1
4.72261E-1 4.8089E-1 4.99949E-1 5.18568E-1 5.20418E-1 5.20535E-1 5.22404E-1 5.44732E-1 5.61047E-1 5.70795E-1 5.75515E-1 5.97357E-1 6.25196E-1 6.50189E-1 6.70967E-1 6.75432E-1 6.58424E-1 6.86538E-1 6.64753E-1 6.76035E-1 6.86911E-1 6.82138E-1 6.64481E-1 6.34518E-1 6.56407E-1 6.03567E-1 5.7969E-1 5.41501E-1 5.32631E-1 5.11358E-1 4.99937E-1 4.83829E-1 4.92126E-1 5.1052E-1 5.15145E-1 5.25673E-1 5.22436E-1 5.35761E-1 5.48624E-1 5.66282E-1 5.94969E-1 6.21917E-1 6.38493E-1 6.54541E-1 6.62936E-1 6.65513E-1 6.74557E-1 6.81125E-1 6.8943E-1 6.54831E-1 6.51471E-1 6.31331E-1 6.03097E-1 5.92672E-1 5.6491E-1 5.75726E-1 5.3638E-1 5.15088E-1 5.13306E-1 4.74716E-1 4.77411E-1
4.82597E-1 5.01351E-1 5.1523E-1 5.3162E-1 5.3533E-1 5.43171E-1 5.44096E-1 5.51995E-1 5.73407E-1 5.93641E-1 6.10768E-1 6.41596E-1 6.4863E-1 6.67212E-1 6.61951E-1 7.0811E-1 7.28923E-1 7.62198E-1 6.82046E-1 6.87837E-1 6.88742E-1 6.84079E-1 6.64102E-1 6.47138E-1 6.21799E-1 6.06197E-1 5.88025E-1 5.59847E-1 5.30837E-1 5.11377E-1 5.03275E-1 5.08327E-1 5.33582E-1 5.50881E-1 5.61976E-1 5.65715E-1 5.7125E-1 5.82359E-1 5.88826E-1 5.97936E-1 6.1377E-1 6.28409E-1 6.35106E-1 6.49777E-1 6.5186E-1 6.46895E-1 6.57543E-1 6.58665E-1 6.63669E-1 6.47041E-1 6.47604E-1 6.13448E-1 6.0212E-1 5.88709E-1 5.84297E-1 5.8484E-1 5.35433E-1 4.89154E-1 5.2893E-1 5.00726E-1 4.85726E-1
5.07078E-1 5.32874E-1 5.33414E-1 5.44942E-1 5.42636E-1 5.38906E-1 5.6043E-1 5.78812E-1 5.90216E-1 6.1297E-1 6.53756E-1 6.83206E-1 6.93114E-1 6.9423E-1 7.10973E-1 7.09716E-1 7.37143E-1 7.42662E-1 7.05707E-1 7.00474E-1 7.00964E-1 6.93414E-1 6.71103E-1 6.63864E-1 6.32328E-1 6.1091E-1 5.92673E-1 5.68911E-1 5.53256E-1 5.48026E-1 5.47853E-1 5.70504E-1 6.44388E-1 6.67571E-1 6.08197E-1 6.05477E-1 6.08221E-1 6.20261E-1 6.3228E-1 6.25545E-1 6.28707E-1 6.46647E-1 6.47885E-1 6.4663E-1 6.37876E-1 6.33965E-1 6.38501E-1 6.45634E-1 6.43939E-1 6.38137E-1 6.43919E-1 6.25359E-1 6.08476E-1 5.98378E-1 5.99723E-1 5.89944E-1 5.50695E-1 4.8885E-1 5.4445E-1 5.08443E-1 4.911E-1
5.09741E-1 5.17463E-1 5.32777E-1 5.48692E-1 5.52667E-1 5.49628E-1 5.61795E-1 5.8355E-1 6.07649E-1 6.29334E-1 6.42989E-1 6.70124E-1 6.70999E-1 6.73194E-1 7.16999E-1 7.13569E-1 7.05238E-1 7.24324E-1 7.3294E-1 7.15765E-1 7.09746E-1 6.95689E-1 6.80721E-1 6.6043E-1 6.40807E-1 6.27569E-1 6.17634E-1 5.89344E-1 5.77222E-1 5.84385E-1 6.1207E-1 6.29894E-1 6.57045E-1 6.49343E-1 6.6506E-1 6.46501E-1 6.4178E-1 6.43845E-1 6.63582E-1 6.6471E-1 6.61576E-1 6.59018E-1 6.54873E-1 6.42747E-1 6.34037E-1 6.26687E-1 6.21121E-1 6.15576E-1 6.36801E-1 6.36676E-1 6.29198E-1 6.2483E-1 6.01585E-1 6.13982E-1 6.28679E-1 5.88652E-1 5.55327E-1 4.93222E-1 4.83E-1 4.6573E-1 4.65999E-1
5.07547E-1 5.1931E-1 5.28489E-1 5.44182E-1 5.59823E-1 5.63988E-1 5.76216E-1 5.89863E-1 6.14109E-1 6.36918E-1 6.41016E-1 6.61469E-1 6.58767E-1 6.74274E-1 7.48081E-1 7.20752E-1 7.06922E-1 7.24053E-1 7.29228E-1 7.15071E-1 6.995E-1 6.87761E-1 6.8444E-1 6.6469E-1 6.56525E-1 6.45971E-1 6.12735E-1 5.99748E-1 5.98018E-1 6.16092E-1 6.39869E-1 6.90662E-1 7.28158E-1 6.90587E-1 6.86513E-1 6.86953E-1 6.74993E-1 6.69623E-1 6.8568E-1 6.92268E-1 6.98715E-1 7.19883E-1 6.82884E-1 6.44217E-1 6.29611E-1 6.14377E-1 6.00501E-1 5.92945E-1 6.26126E-1 6.31498E-1 6.57475E-1 6.25937E-1 5.98688E-1 6.02208E-1 6.00947E-1 5.82186E-1 5.43479E-1 4.95991E-1 4.69377E-1 4.57989E-1 4.57117E-1
5.10221E-1 5.13318E-1 5.27204E-1 5.44342E-1 5.52054E-1 5.65467E-1 5.8345E-1 5.97891E-1 6.15751E-1 6.51289E-1 6.38183E-1 6.60576E-1 6.59106E-1 6.80369E-1 7.33055E-1 7.20211E-1 7.33008E-1 7.40419E-1 7.43616E-1 7.19885E-1 6.92742E-1 6.81879E-1 7.02927E-1 6.77029E-1 6.59063E-1 6.49064E-1 6.36797E-1 6.33777E-1 6.3492E-1 6.42601E-1 6.78002E-1 7.59226E-1 7.14118E-1 7.0244E-1 7.18982E-1 7.35765E-1 7.196E-1 7.16842E-1 7.2235E-1 6.90277E-1 6.77734E-1 7.30772E-1 7.02728E-1 6.49486E-1 6.32667E-1 5.9685E-1 5.87614E-1 5.82488E-1 6.14816E-1 6.34317E-1 6.40157E-1 6.24941E-1 6.12791E-1 6.04313E-1 5.84397E-1 5.73666E-1 5.07192E-1 4.82224E-1 4.62568E-1 4.5209E-1 4.43635E-1
5.35569E-1 5.25969E-1 5.30099E-1 5.46534E-1 5.56582E-1 5.68391E-1 5.87099E-1 5.87163E-1 6.13324E-1 6.38157E-1 6.40434E-1 6.61931E-1 6.82142E-1 7.04034E-1 7.61955E-1 7.81097E-1 7.90813E-1 7.73333E-1 7.74439E-1 7.28971E-1 7.1454E-1 7.0083E-1 6.82347E-1 6.74048E-1 6.65551E-1 6.69214E-1 6.84946E-1 6.51666E-1 6.71953E-1 6.40773E-1 6.45198E-1 6.56164E-1 6.92927E-1 7.18368E-1 7.47609E-1 7.73086E-1 7.41761E-1 7.25698E-1 7.17891E-1 6.81052E-1 6.68407E-1 6.73364E-1 6.51666E-1 6.28761E-1 6.43287E-1 5.67562E-1 5.56065E-1 5.72367E-1 5.90242E-1 6.07881E-1 6.29E-1 6.09272E-1 5.9183E-1 5.85017E-1 5.80965E-1 5.67808E-1 4.95831E-1 4.78292E-1 4.62609E-1 4.50471E-1 4.4081E-1
5.4861E-1 5.33156E-1 5.4436E-1 5.60758E-1 5.66422E-1 6.05379E-1 6.23089E-1 5.91723E-1 6.15959E-1 6.3467E-1 6.46535E-1 6.84693E-1 7.24608E-1 7.45933E-1 7.78877E-1 8.08899E-1 8.40821E-1 8.11052E-1 7.78467E-1 7.56564E-1 7.7126E-1 7.77471E-1 7.33498E-1 7.54535E-1 6.89295E-1 6.65583E-1 6.46114E-1 6.59441E-1 7.06019E-1 6.85763E-1 6.70491E-1 6.81469E-1 7.01471E-1 7.22337E-1 7.24992E-1 7.39691E-1 7.33273E-1 7.14471E-1 7.01579E-1 6.79617E-1 6.68562E-1 6.50651E-1 6.332E-1 6.11731E-1 6.10208E-1 5.63728E-1 5.5462E-1 5.75228E-1 5.67476E-1 5.93713E-1 6.11729E-1 5.95721E-1 5.87543E-1 5.74771E-1 5.76235E-1 5.2836E-1 4.97871E-1 4.90218E-1 4.74876E-1 4.52396E-1 4.46755E-1
5.41821E-1 5.34361E-1 5.61352E-1 5.85628E-1 5.88136E-1 6.03562E-1 6.09199E-1 6.093E-1 6.13071E-1 6.26996E-1 6.45193E-1 6.71505E-1 7.73244E-1 7.89955E-1 7.96036E-1 8.23056E-1 8.37519E-1 8.05536E-1 7.7266E-1 7.68529E-1 7.65744E-1 7.62497E-1 7.37437E-1 7.4656E-1 7.01432E-1 6.80191E-1 6.64162E-1 6.80867E-1 6.9709E-1 7.59168E-1 7.03646E-1 7.13119E-1 7.69793E-1 7.27724E-1 7.06234E-1 6.98088E-1 6.70519E-1 6.77401E-1 6.69322E-1 6.76394E-1 6.45212E-1 6.37755E-1 6.8434E-1 6.1341E-1 5.96984E-1 5.77561E-1 5.71403E-1 5.67751E-1 5.62764E-1 5.88387E-1 6.06234E-1 5.88402E-1 5.74315E-1 5.7496E-1 5.49616E-1 5.16094E-1 5.26163E-1 4.99794E-1 4.861E-1 4.66568E-1 4.57195E-1
5.49122E-1 5.43146E-1 5.72139E-1 5.80001E-1 5.95193E-1 6.07395E-1 5.9703E-1 6.23223E-1 6.12293E-1 6.17675E-1 6.39157E-1 6.51726E-1 7.0727E-1 7.28548E-1 7.66339E-1 7.98568E-1 7.85285E-1 7.94737E-1 7.80302E-1 7.75406E-1 7.68862E-1 7.63238E-1 7.53073E-1 7.43721E-1 7.2139E-1 6.91818E-1 6.81082E-1 7.07128E-1 7.37469E-1 7.15496E-1 7.10478E-1 7.05425E-1 7.15043E-1 7.35308E-1 7.37287E-1 6.85796E-1 6.48333E-1 6.61171E-1 6.3553E-1 6.29607E-1 6.19748E-1 6.21511E-1 6.09847E-1 6.44804E-1 6.6353E-1 6.11347E-1 5.83417E-1 5.67899E-1 5.77603E-1 5.87096E-1 6.06475E-1 5.86534E-1 5.74716E-1 5.53488E-1 5.2049E-1 5.24634E-1 5.41996E-1 5.34772E-1 4.82609E-1 4.65275E-1 4.55789E-1
5.46678E-1 5.61732E-1 5.7177E-1 5.74379E-1 5.75465E-1 6.17271E-1 6.47941E-1 6.3737E-1 6.15251E-1 6.23173E-1 6.50077E-1 6.54289E-1 6.84946E-1 7.21398E-1 7.39794E-1 7.65516E-1 7.74781E-1 7.83549E-1 7.86508E-1 8.05275E-1 7.85585E-1 7.67914E-1 7.48342E-1 7.45184E-1 7.39688E-1 7.26277E-1 7.06147E-1 7.25788E-1 7.54766E-1 7.39062E-1 7.10277E-1 6.79284E-1 6.87518E-1 6.93908E-1 7.28855E-1 6.63231E-1 6.85988E-1 6.23845E-1 6.14148E-1 5.90687E-1 5.81851E-1 5.79035E-1 5.83159E-1 6.10338E-1 6.32373E-1 6.28912E-1 5.87016E-1 5.72414E-1 5.79019E-1 5.8145E-1 5.85351E-1 5.94866E-1 5.54158E-1 5.32235E-1 5.12322E-1 5.41359E-1 6.01565E-1 4.98196E-1 4.62597E-1 4.65692E-1 4.55882E-1
5.31537E-1 5.73212E-1 5.57381E-1 5.58187E-1 5.72489E-1 5.90992E-1 6.38084E-1 6.39248E-1 6.47101E-1 6.34105E-1 6.43336E-1 6.47648E-1 6.77401E-1 7.1531E-1 7.47002E-1 7.60886E-1 7.73229E-1 7.82397E-1 7.77074E-1 7.91488E-1 8.19406E-1 7.69825E-1 7.53537E-1 7.51804E-1 7.75799E-1 7.46556E-1 7.32508E-1 7.24079E-1 7.25326E-1 7.58854E-1 6.97203E-1 6.83506E-1 6.7493E-1 6.63885E-1 6.43262E-1 6.40687E-1 6.43753E-1 6.0739E-1 6.06833E-1 5.70672E-1 5.721E-1 5.73401E-1 5.708E-1 5.74498E-1 6.1884E-1 6.23007E-1 5.84547E-1 5.68717E-1 5.72689E-1 5.63589E-1 5.67618E-1 5.57419E-1 5.24735E-1 5.12246E-1 5.13155E-1 5.33956E-1 5.10497E-1 4.74762E-1 4.59521E-1 4.59684E-1 4.54241E-1
5.16289E-1 5.283E-1 5.48495E-1 5.72671E-1 5.90295E-1 5.98198E-1 6.4415E-1 6.36409E-1 6.32342E-1 6.34734E-1 6.40276E-1 6.59028E-1 6.96652E-1 7.19344E-1 7.52692E-1 7.55408E-1 7.74174E-1 7.70431E-1 7.79676E-1 7.98877E-1 7.68662E-1 7.52643E-1 7.45328E-1 7.40107E-1 7.66373E-1 7.26883E-1 7.14829E-1 7.13703E-1 7.21968E-1 6.95605E-1 6.99916E-1 6.78877E-1 6.65823E-1 6.48513E-1 6.29451E-1 6.16597E-1 6.16624E-1 6.11604E-1 5.99006E-1 5.93164E-1 5.5709E-1 5.43834E-1 5.47825E-1 5.59028E-1 6.12965E-1 6.19437E-1 5.85251E-1 5.71863E-1 5.66618E-1 5.61196E-1 5.80988E-1 5.23512E-1 5.17422E-1 5.03081E-1 5.04075E-1 4.89433E-1 4.82145E-1 4.555E-1 4.52741E-1 4.66964E-1 4.58482E-1
5.29915E-1 5.46952E-1 5.73736E-1 5.94512E-1 6.26269E-1 6.28023E-1 6.25596E-1 6.35914E-1 6.32666E-1 6.36951E-1 6.42029E-1 6.62893E-1 7.25262E-1 7.38215E-1 7.60346E-1 7.65425E-1 7.81253E-1 7.62554E-1 7.6528E-1 7.81341E-1 7.67843E-1 7.38558E-1 7.37738E-1 7.22085E-1 7.35351E-1 7.55513E-1 7.26814E-1 7.31656E-1 7.20643E-1 7.06215E-1 6.89568E-1 6.74064E-1 6.62516E-1 6.82018E-1 6.19622E-1 6.03098E-1 6.00265E-1 6.04748E-1 6.25707E-1 6.35401E-1 5.96043E-1 5.57874E-1 5.5447E-1 5.70991E-1 5.885E-1 6.09808E-1 6.15973E-1 5.79391E-1 5.60017E-1 5.77524E-1 5.38225E-1 4.95939E-1 5.06278E-1 4.95013E-1 5.04899E-1 4.79837E-1 4.57987E-1 4.49348E-1 4.56053E-1 4.59901E-1 4.69274E-1
5.35869E-1 5.56589E-1 5.72931E-1 5.82347E-1 6.17734E-1 6.41188E-1 6.4291E-1 6.28899E-1 6.22155E-1 6.35944E-1 6.47157E-1 6.75037E-1 6.92294E-1 7.33286E-1 7.67929E-1 7.78011E-1 7.59609E-1 7.49179E-1 7.2996E-1 7.44924E-1 7.58501E-1 7.33309E-1 7.36809E-1 7.53061E-1 7.49915E-1 7.63886E-1 7.6205E-1 7.434E-1 7.37404E-1 7.13518E-1 6.82472E-1 6.71006E-1 6.50985E-1 6.65246E-1 6.95781E-1 6.01257E-1 5.9468E-1 5.95899E-1 6.24872E-1 6.09222E-1 5.92086E-1 6.14622E-1 5.94761E-1 5.81816E-1 5.97787E-1 5.91338E-1 6.1278E-1 5.8191E-1 5.85987E-1 5.47375E-1 5.07112E-1 5.03241E-1 5.03566E-1 4.92196E-1 4.77061E-1 4.5621E-1 4.59205E-1 4.52365E-1 4.56337E-1 4.7305E-1 4.83239E-1
5.37725E-1 5.48496E-1 5.58183E-1 5.86744E-1 6.0117E-1 6.18765E-1 6.14704E-1 6.25312E-1 6.25696E-1 6.39983E-1 6.68058E-1 6.94821E-1 7.24414E-1 7.89737E-1 8.02251E-1 7.90472E-1 7.72377E-1 7.64488E-1 7.43721E-1 7.43881E-1 7.31839E-1 7.4758E-1 7.48752E-1 7.67831E-1 7.56463E-1 7.70155E-1 7.5395E-1 7.53147E-1 7.59552E-1 7.10424E-1 6.77103E-1 6.45874E-1 6.27416E-1 6.36921E-1 7.66684E-1 6.34328E-1 6.20385E-1 6.09324E-1 6.27657E-1 6.25525E-1 6.55557E-1 6.62611E-1 6.34018E-1 6.10948E-1 6.54219E-1 6.15997E-1 6.31032E-1 5.9588E-1 6.02016E-1 5.37175E-1 5.12309E-1 4.99773E-1 5.00664E-1 4.79896E-1 4.72067E-1 4.60033E-1 4.58824E-1 4.58044E-1 4.67095E-1 4.8046E-1 4.87495E-1
