data/maxent/outputs/red_71.asc
ncols         426
nrows         180
xllcorner     -130.0
yllcorner     24.0
cellsize      0.16666666666666666
NODATA_value  -9999
[rows 0 to 26 of 180, columns 244 to 304 of 426]
1.01584E-6 1.00859E-6 1.12083E-6 1.05445E-6 1.07542E-6 1.16545E-6 1.16432E-6 1.18475E-6 1.29476E-6 1.39102E-6 1.49876E-6 1.4756E-6 1.41883E-6 1.45778E-6 1.50275E-6 1.47087E-6 1.59054E-6 1.80934E-6 1.87008E-6 1.67763E-6 1.6508E-6 1.61428E-6 1.80923E-6 1.73474E-6 1.70965E-6 1.67717E-6 1.63116E-6 1.63614E-6 1.67613E-6 2.01622E-6 1.67996E-6 1.78151E-6 1.61996E-6 1.52866E-6 1.65236E-6 1.61435E-6 1.62981E-6 1.77636E-6 1.86876E-6 1.95708E-6 1.98211E-6 1.68286E-6 1.88191E-6 2.11543E-6 -9999 -9999 -9999 -9999 -9999 -9999 -9999 -9999 -9999 -9999 -9999 -9999 2.19054E-3 -9999 -9999 -9999 -9999
1.31962E-6 1.18998E-6 1.26942E-6 1.14925E-6 1.17522E-6 1.17848E-6 1.25648E-6 1.22289E-6 1.34637E-6 1.34398E-6 1.37255E-6 1.42695E-6 1.47449E-6 1.57539E-6 1.60339E-6 1.69533E-6 1.81173E-6 1.76297E-6 1.80657E-6 1.80039E-6 1.85108E-6 1.87627E-6 1.96421E-6 1.90279E-6 1.81427E-6 1.85691E-6 1.78886E-6 1.85807E-6 1.8171E-6 1.81481E-6 1.73546E-6 1.85513E-6 1.77764E-6 1.71934E-6 1.87265E-6 1.79952E-6 1.93783E-6 2.19313E-6 1.99566E-6 2.01594E-6 1.98342E-6 1.72757E-6 1.84281E-6 2.06318E-6 -9999 -9999 -9999 -9999 -9999 -9999 -9999 -9999 -9999 -9999 -9999 -9999 -9999 -9999 -9999 -9999 1.312E-3
1.21944E-6 1.33548E-6 1.33551E-6 1.32093E-6 1.53684E-6 1.5459E-6 1.75275E-6 1.64731E-6 1.67423E-6 1.38198E-6 1.36415E-6 1.39188E-6 1.47196E-6 1.58885E-6 1.62927E-6 1.73317E-6 1.88262E-6 2.00194E-6 2.04469E-6 2.0533E-6 1.97619E-6 1.95558E-6 2.08513E-6 2.11854E-6 2.08263E-6 2.05068E-6 1.89714E-6 1.99283E-6 1.97685E-6 2.02831E-6 2.11028E-6 2.08569E-6 2.1207E-6 2.15661E-6 2.07898E-6 2.08629E-6 2.05458E-6 2.03386E-6 2.13234E-6 2.13299E-6 2.06971E-6 1.8301E-6 2.11622E-6 -9999 -9999 -9999 -9999 -9999 -9999 -9999 -9999 -9999 -9999 -9999 -9999 -9999 -9999 2.02884E-5 -9999 -9999 2.53897E-3
1.39634E-6 1.43159E-6 1.31777E-6 1.36924E-6 1.25763E-6 1.24034E-6 1.3633E-6 1.46947E-6 1.41613E-6 1.40506E-6 1.57502E-6 1.50413E-6 1.49866E-6 1.62278E-6 1.8319E-6 1.89032E-6 1.8728E-6 1.90968E-6 2.07995E-6 2.18274E-6 2.16535E-6 2.27178E-6 2.40924E-6 2.71634E-6 2.47572E-6 2.25937E-6 2.21632E-6 2.26807E-6 2.23838E-6 2.21967E-6 2.2899E-6 2.30219E-6 2.2792E-6 2.33321E-6 2.287E-6 2.31369E-6 2.26094E-6 2.25462E-6 2.41432E-6 2.43054E-6 2.37933E-6 2.18965E-6 2.15477E-6 2.35066E-6 -9999 -9999 -9999 -9999 -9999 -9999 -9999 -9999 -9999 -9999 -9999 1.0262E-5 1.15534E-5 1.65349E-5 -9999 -9999 -9999
1.40052E-6 1.41884E-6 1.51146E-6 1.52034E-6 1.26374E-6 1.45852E-6 1.50913E-6 1.46413E-6 1.46915E-6 1.5494E-6 1.66928E-6 1.63888E-6 1.74624E-6 1.82051E-6 1.83713E-6 1.90522E-6 1.99843E-6 2.14624E-6 2.22364E-6 2.23678E-6 2.4374E-6 2.54209E-6 2.81262E-6 2.87844E-6 2.50988E-6 2.61522E-6 2.48177E-6 2.541E-6 2.55198E-6 2.39409E-6 2.32903E-6 2.29358E-6 2.32491E-6 2.42805E-6 2.35808E-6 2.40161E-6 2.49162E-6 2.75835E-6 2.47552E-6 2.61746E-6 2.59768E-6 2.49434E-6 2.26929E-6 4.21172E-6 -9999 2.49475E-6 2.50733E-6 2.68109E-6 2.96225E-6 3.02118E-6 -9999 -9999 -9999 -9999 -9999 1.10364E-5 4.4449E-5 5.51244E-4 2.41699E-3 -9999 -9999
1.66236E-6 1.84793E-6 1.71013E-6 2.06188E-6 1.65425E-6 1.63621E-6 1.78692E-6 1.8251E-6 1.79837E-6 1.94464E-6 2.13196E-6 2.5091E-6 2.15342E-6 1.96165E-6 1.98878E-6 2.05448E-6 2.08522E-6 2.16385E-6 2.3834E-6 2.46604E-6 2.51575E-6 2.59871E-6 2.78343E-6 2.77209E-6 2.85527E-6 2.63982E-6 2.71522E-6 2.59167E-6 2.66201E-6 2.68294E-6 2.55807E-6 2.60465E-6 2.53588E-6 2.60149E-6 2.50419E-6 2.4728E-6 2.63927E-6 2.54347E-6 2.57269E-6 2.59008E-6 2.66505E-6 2.80284E-6 3.52935E-6 4.65077E-6 2.26909E-6 2.09862E-6 2.26168E-6 2.31284E-6 2.51605E-6 2.54811E-6 3.08745E-6 2.4074E-5 -9999 -9999 -9999 -9999 1.68922E-5 1.16474E-5 -9999 -9999 -9999
2.94754E-6 2.91107E-6 1.97128E-6 1.90538E-6 2.06945E-6 1.86673E-6 2.10812E-6 2.10257E-6 2.54029E-6 2.46942E-6 2.41628E-6 3.61791E-6 2.62111E-6 2.17848E-6 2.20751E-6 2.22434E-6 2.21876E-6 2.35648E-6 2.4811E-6 2.63053E-6 2.67974E-6 2.72422E-6 2.62496E-6 2.80514E-6 2.90684E-6 2.95689E-6 2.83997E-6 2.88878E-6 2.75597E-6 2.74992E-6 2.82421E-6 2.91374E-6 2.92283E-6 2.95689E-6 2.79508E-6 2.69639E-6 2.78219E-6 2.56383E-6 2.59133E-6 2.51796E-6 2.70907E-6 2.91936E-6 3.23294E-6 3.51744E-6 3.41175E-6 3.24629E-6 3.54479E-6 3.42716E-6 3.62726E-6 3.70123E-6 3.20167E-6 3.50965E-6 -9999 -9999 -9999 -9999 -9999 -9999 -9999 -9999 -9999
2.04404E-6 1.98573E-6 2.01672E-6 2.2228E-6 2.36096E-6 1.95377E-6 1.90482E-6 2.07886E-6 2.16169E-6 2.31908E-6 2.48043E-6 2.59854E-6 2.34822E-6 2.29749E-6 2.29858E-6 2.32797E-6 2.38387E-6 2.56442E-6 2.79812E-6 2.84564E-6 2.8525E-6 2.85552E-6 2.77607E-6 2.88112E-6 3.12802E-6 3.00475E-6 2.97509E-6 3.04932E-6 3.1296E-6 3.10745E-6 2.96956E-6 2.9773E-6 3.10337E-6 3.21708E-6 3.167E-6 3.14644E-6 3.20094E-6 2.7173E-6 2.69244E-6 2.70589E-6 2.76007E-6 2.83145E-6 2.90452E-6 3.26735E-6 4.3772E-6 -9999 -9999 -9999 4.66446E-6 4.59033E-6 4.0469E-6 4.05868E-6 -9999 -9999 -9999 -9999 -9999 -9999 -9999 -9999 2.76827E-3
2.06656E-6 1.98986E-6 1.98046E-6 2.05404E-6 1.93775E-6 1.99549E-6 2.22396E-6 2.42119E-6 2.86181E-6 2.54707E-6 2.64022E-6 2.67939E-6 2.66614E-6 2.42287E-6 2.58457E-6 2.81184E-6 2.70031E-6 2.89777E-6 2.93529E-6 3.04399E-6 3.12174E-6 3.25701E-6 3.13681E-6 3.1959E-6 3.10417E-6 3.30962E-6 3.27316E-6 3.27379E-6 3.51991E-6 3.49826E-6 3.594E-6 3.52061E-6 3.53886E-6 3.74164E-6 3.75098E-6 3.61094E-6 3.73541E-6 3.28364E-6 3.17676E-6 3.11467E-6 2.99017E-6 2.92309E-6 2.82376E-6 2.84564E-6 3.05493E-6 3.34367E-6 3.87685E-6 -9999 -9999 -9999 -9999 -9999 -9999 -9999 -9999 -9999 -9999 -9999 1.79069E-5 -9999 2.99616E-3
2.01702E-6 2.17545E-6 2.20546E-6 2.31734E-6 2.15584E-6 2.24763E-6 2.22575E-6 2.41561E-6 2.49863E-6 2.56964E-6 2.5595E-6 2.60922E-6 2.48137E-6 2.50025E-6 2.60844E-6 2.99586E-6 3.34521E-6 3.42694E-6 3.30286E-6 3.2983E-6 3.18336E-6 3.252E-6 3.31862E-6 3.19339E-6 3.96736E-6 3.45644E-6 3.53418E-6 3.77444E-6 3.82479E-6 3.97108E-6 4.03749E-6 3.89649E-6 4.04424E-6 4.13028E-6 4.10964E-6 4.36852E-6 4.21245E-6 3.93228E-6 3.76676E-6 3.7266E-6 3.44899E-6 3.21342E-6 3.09416E-6 2.93904E-6 2.84191E-6 3.08312E-6 3.58553E-6 -9999 -9999 -9999 -9999 -9999 -9999 -9999 -9999 -9999 -9999 -9999 -9999 -9999 -9999
2.27768E-6 2.39322E-6 2.34975E-6 2.40558E-6 2.30339E-6 2.65291E-6 2.65236E-6 2.80844E-6 3.49563E-6 2.89563E-6 2.97942E-6 2.9736E-6 2.77471E-6 2.85153E-6 2.95576E-6 3.19232E-6 3.2004E-6 3.32014E-6 3.48341E-6 3.48953E-6 3.4054E-6 3.67666E-6 3.61955E-6 3.55805E-6 5.2964E-6 4.97957E-6 4.00969E-6 4.04627E-6 4.3559E-6 4.51484E-6 4.43697E-6 4.34252E-6 4.36791E-6 4.37149E-6 4.83848E-6 4.75028E-6 4.5551E-6 4.54729E-6 4.3144E-6 4.22949E-6 4.23506E-6 4.07883E-6 3.53504E-6 3.03254E-6 3.22778E-6 3.23951E-6 3.8143E-6 5.07389E-5 -9999 -9999 -9999 -9999 -9999 -9999 -9999 -9999 -9999 -9999 3.34711E-5 1.55473E-5 -9999
2.82868E-6 2.6903E-6 2.48227E-6 2.59741E-6 2.82392E-6 2.98926E-6 2.7646E-6 2.72313E-6 2.61939E-6 2.72472E-6 2.9012E-6 3.01233E-6 3.27624E-6 3.3527E-6 3.474E-6 3.48847E-6 3.50908E-6 3.66454E-6 3.76991E-6 3.75693E-6 3.78657E-6 3.89429E-6 4.04949E-6 4.17804E-6 4.31922E-6 4.45497E-6 4.5433E-6 4.58907E-6 4.83182E-6 4.77204E-6 4.83587E-6 4.7537E-6 4.69779E-6 4.92929E-6 5.05542E-6 5.47933E-6 5.42471E-6 5.168E-6 4.67228E-6 5.05036E-6 4.57942E-6 3.93874E-6 3.83253E-6 3.32317E-6 3.21605E-6 3.2446E-6 3.39027E-6 4.11717E-6 4.77547E-6 5.65738E-6 6.41948E-6 -9999 -9999 -9999 -9999 -9999 -9999 -9999 1.63171E-5 1.46726E-5 1.56606E-5
2.73739E-6 2.74396E-6 2.73413E-6 3.03082E-6 3.20597E-6 2.67673E-6 2.94202E-6 2.86676E-6 2.62637E-6 2.79102E-6 2.83209E-6 3.12304E-6 3.38189E-6 3.50906E-6 3.69765E-6 4.04503E-6 3.87982E-6 4.10362E-6 4.25234E-6 4.26622E-6 4.4286E-6 4.47462E-6 4.642E-6 4.90027E-6 5.30109E-6 5.06437E-6 5.37046E-6 5.40866E-6 5.33708E-6 5.42035E-6 5.36944E-6 5.18275E-6 5.4493E-6 5.7531E-6 5.85779E-6 6.03753E-6 6.16625E-6 5.72255E-6 5.52501E-6 5.46927E-6 5.11963E-6 4.61213E-6 4.41952E-6 3.96364E-6 3.80078E-6 3.86599E-6 3.88172E-6 4.36812E-6 4.65266E-6 5.28279E-6 6.63588E-6 7.48048E-6 -9999 -9999 -9999 -9999 -9999 -9999 1.56281E-5 1.07376E-5 1.97804E-5
3.17858E-6 2.99297E-6 3.21634E-6 3.15189E-6 3.26983E-6 3.1029E-6 3.05222E-6 3.20954E-6 3.07754E-6 3.23023E-6 3.11563E-6 3.31703E-6 3.51554E-6 3.74611E-6 4.04736E-6 4.23702E-6 4.71853E-6 4.97193E-6 4.92728E-6 4.96549E-6 5.30123E-6 5.41905E-6 5.3577E-6 5.53233E-6 5.5574E-6 5.58128E-6 5.758E-6 6.03136E-6 6.52363E-6 6.6275E-6 6.87402E-6 6.54314E-6 6.3079E-6 6.44215E-6 7.03974E-6 6.99487E-6 6.68694E-6 6.43539E-6 6.27533E-6 6.01407E-6 5.71767E-6 5.2512E-6 4.98712E-6 4.58279E-6 4.85184E-6 4.91911E-6 4.91742E-6 4.88881E-6 5.29811E-6 5.95963E-6 6.48439E-6 6.69129E-6 8.44917E-6 -9999 -9999 -9999 -9999 -9999 -9999 -9999 3.24726E-5
3.20319E-6 3.27742E-6 3.68788E-6 3.96185E-6 4.13832E-6 3.52408E-6 3.32253E-6 3.45884E-6 3.86517E-6 3.74562E-6 3.36608E-6 3.69645E-6 3.83297E-6 4.10219E-6 4.2802E-6 4.99333E-6 5.67352E-6 5.41693E-6 5.65963E-6 5.95991E-6 5.94583E-6 6.16045E-6 6.93913E-6 6.42392E-6 6.28241E-6 6.93863E-6 6.62692E-6 6.72783E-6 6.77132E-6 7.48654E-6 7.81019E-6 7.65586E-6 7.87156E-6 7.8173E-6 7.97153E-6 8.11366E-6 8.00754E-6 7.7752E-6 7.12891E-6 6.95998E-6 6.53044E-6 6.45015E-6 6.39994E-6 5.91254E-6 5.69792E-6 5.97658E-6 6.04501E-6 6.09679E-6 6.48894E-6 6.96134E-6 7.56489E-6 8.12067E-6 1.01925E-5 1.14149E-5 -9999 -9999 -9999 -9999 1.97702E-5 2.17867E-5 2.3819E-5
3.60711E-6 3.96406E-6 4.4774E-6 4.18002E-6 4.06121E-6 4.3116E-6 4.14009E-6 3.86398E-6 4.4315E-6 4.50303E-6 3.95433E-6 4.40668E-6 5.1029E-6 5.81058E-6 5.567E-6 6.10418E-6 6.52769E-6 6.81697E-6 6.51746E-6 6.55325E-6 6.40662E-6 6.8214E-6 8.9811E-6 7.53928E-6 7.37439E-6 7.64292E-6 7.32104E-6 7.78913E-6 8.23486E-6 8.95744E-6 9.88183E-6 9.62657E-6 9.72379E-6 9.58981E-6 9.23367E-6 9.23255E-6 8.44749E-6 8.21944E-6 8.64353E-6 7.88086E-6 7.91831E-6 7.50866E-6 7.40922E-6 7.02498E-6 6.75205E-6 6.91543E-6 6.79067E-6 7.32625E-6 7.75273E-6 8.2839E-6 9.69036E-6 1.10019E-5 1.14443E-5 1.37391E-5 -9999 -9999 -9999 2.15219E-5 2.32297E-5 2.17442E-5 2.46566E-5
4.53639E-6 4.95756E-6 4.78005E-6 4.86949E-6 4.92471E-6 4.44266E-6 4.95064E-6 5.15796E-6 4.764E-6 5.4145E-6 6.06978E-6 6.59227E-6 6.45265E-6 6.72043E-6 6.70752E-6 6.85707E-6 6.72584E-6 7.52833E-6 7.78101E-6 8.16602E-6 7.93655E-6 7.9265E-6 8.09551E-6 7.88344E-6 8.30513E-6 9.57733E-6 8.50764E-6 8.74383E-6 9.51362E-6 1.03302E-5 1.09405E-5 1.12616E-5 1.06079E-5 1.10403E-5 1.1046E-5 1.09408E-5 1.04186E-5 1.03702E-5 1.03948E-5 9.30034E-6 1.02398E-5 9.40216E-6 8.77083E-6 8.2216E-6 7.64197E-6 7.7642E-6 8.55305E-6 9.1864E-6 9.15293E-6 1.01077E-5 1.15573E-5 1.27276E-5 1.56158E-5 1.6166E-5 1.41579E-5 1.60682E-5 2.18912E-5 2.37758E-5 2.66099E-5 2.60314E-5 2.80167E-5
5.16211E-6 5.04842E-6 5.11194E-6 5.6496E-6 5.3201E-6 5.29291E-6 5.56357E-6 5.79307E-6 6.14631E-6 5.98261E-6 6.2373E-6 6.45119E-6 6.81115E-6 6.79404E-6 7.39573E-6 7.51526E-6 8.22416E-6 8.79217E-6 8.94423E-6 9.44318E-6 9.0771E-6 9.16937E-6 9.27222E-6 9.13208E-6 9.32206E-6 9.15737E-6 1.01074E-5 1.05016E-5 1.19883E-5 1.18529E-5 1.20098E-5 1.23007E-5 1.25428E-5 1.3174E-5 1.31223E-5 1.38396E-5 1.32614E-5 1.37699E-5 1.40605E-5 1.31473E-5 1.11344E-5 1.05016E-5 9.78851E-6 9.73702E-6 9.34625E-6 1.09327E-5 1.22382E-5 1.17688E-5 1.15834E-5 1.32826E-5 1.4759E-5 1.54099E-5 1.43957E-5 1.51E-5 1.3904E-5 1.58975E-5 2.40974E-5 2.72166E-5 2.81552E-5 2.6776E-5 2.98487E-5
6.15744E-6 6.55308E-6 6.73255E-6 6.82269E-6 6.93077E-6 6.81122E-6 6.54435E-6 6.23387E-6 6.81118E-6 7.04261E-6 7.03786E-6 6.96444E-6 7.90413E-6 8.13435E-6 7.78474E-6 8.49357E-6 9.72432E-6 1.18696E-5 1.25061E-5 1.12281E-5 1.10847E-5 1.10008E-5 1.1093E-5 1.09281E-5 1.12383E-5 1.31473E-5 1.30163E-5 1.24269E-5 1.52915E-5 1.3964E-5 1.31508E-5 1.54527E-5 1.52676E-5 1.88091E-5 1.50479E-5 1.46188E-5 1.47994E-5 1.52256E-5 1.49426E-5 1.39721E-5 1.37235E-5 1.44407E-5 1.34262E-5 1.29012E-5 1.34266E-5 1.31097E-5 1.35309E-5 1.60762E-5 1.48312E-5 1.39652E-5 1.51315E-5 1.65405E-5 1.5486E-5 1.6408E-5 1.7648E-5 1.82917E-5 2.02766E-5 2.28917E-5 2.41572E-5 2.57147E-5 2.80291E-5
7.44757E-6 8.21771E-6 6.67852E-6 7.16223E-6 8.13295E-6 7.50021E-6 8.77319E-6 7.83171E-6 7.29303E-6 6.90794E-6 7.28379E-6 7.13912E-6 8.73663E-6 1.13677E-5 1.04567E-5 1.06795E-5 1.28247E-5 1.18871E-5 1.51374E-5 1.64789E-5 1.52902E-5 1.37269E-5 1.38564E-5 1.32621E-5 1.43345E-5 1.59066E-5 1.66529E-5 1.63317E-5 1.70724E-5 1.724E-5 1.61838E-5 1.72294E-5 1.8072E-5 1.91562E-5 1.85246E-5 1.71577E-5 1.62313E-5 1.58302E-5 1.59569E-5 1.71656E-5 1.81807E-5 1.8481E-5 1.66319E-5 1.63541E-5 1.66291E-5 1.61356E-5 1.59544E-5 1.70291E-5 1.64848E-5 1.59569E-5 1.69461E-5 1.61949E-5 1.66246E-5 1.73393E-5 1.84333E-5 2.06536E-5 2.06115E-5 2.21815E-5 2.3881E-5 2.59704E-5 2.78728E-5
7.90961E-6 8.01973E-6 8.451E-6 8.31527E-6 8.72497E-6 8.92499E-6 9.44748E-6 8.60353E-6 8.15631E-6 8.57151E-6 1.00734E-5 1.17077E-5 9.54869E-6 1.09529E-5 1.08784E-5 1.21431E-5 1.46692E-5 1.42362E-5 1.4944E-5 1.69837E-5 1.67863E-5 1.53917E-5 1.5272E-5 1.63753E-5 1.63215E-5 1.52809E-5 1.533E-5 1.69214E-5 2.22905E-5 2.01729E-5 2.02407E-5 2.0332E-5 1.88947E-5 2.03858E-5 1.99358E-5 1.74486E-5 1.84084E-5 1.95616E-5 1.925E-5 2.16925E-5 2.48732E-5 2.31719E-5 2.11299E-5 2.15521E-5 2.26061E-5 2.14396E-5 2.15353E-5 2.23824E-5 2.24339E-5 2.10067E-5 1.94756E-5 1.90489E-5 1.79535E-5 1.77233E-5 1.88849E-5 2.0273E-5 2.12031E-5 2.16262E-5 2.37934E-5 2.61285E-5 2.90256E-5
9.31932E-6 1.09725E-5 1.00131E-5 9.91167E-6 9.69847E-6 1.04507E-5 1.00255E-5 1.05762E-5 1.02849E-5 1.0946E-5 1.06717E-5 1.29291E-5 1.42403E-5 1.45951E-5 1.47682E-5 1.59065E-5 1.63226E-5 1.64414E-5 1.50628E-5 1.7873E-5 1.89894E-5 1.91821E-5 1.68223E-5 1.71924E-5 1.77534E-5 1.85554E-5 1.90697E-5 2.10869E-5 2.48605E-5 2.6507E-5 2.32504E-5 2.24844E-5 2.39304E-5 2.51431E-5 2.32391E-5 2.2617E-5 2.35879E-5 2.36398E-5 2.48292E-5 2.98131E-5 3.11973E-5 2.73506E-5 2.76426E-5 2.81055E-5 2.65947E-5 2.80102E-5 2.76481E-5 2.65773E-5 2.46842E-5 2.31635E-5 2.22697E-5 2.01128E-5 1.9642E-5 2.19436E-5 3.07021E-5 2.32051E-5 2.2734E-5 2.22586E-5 2.36699E-5 2.54696E-5 2.71262E-5
1.10197E-5 1.21977E-5 1.34341E-5 1.87538E-5 2.66273E-5 2.31809E-5 1.73903E-5 1.34308E-5 1.35427E-5 1.25627E-5 1.13743E-5 1.2727E-5 1.3931E-5 1.35037E-5 1.76799E-5 1.93506E-5 2.33915E-5 1.9341E-5 1.88996E-5 1.75883E-5 2.11659E-5 2.3842E-5 2.39556E-5 2.26166E-5 2.24677E-5 2.29662E-5 2.38012E-5 2.7191E-5 2.67422E-5 2.90115E-5 3.06239E-5 3.11572E-5 3.01878E-5 2.9164E-5 2.95092E-5 3.01214E-5 3.46642E-5 3.04316E-5 3.04551E-5 3.22286E-5 3.5777E-5 3.35691E-5 3.15166E-5 3.58517E-5 3.1521E-5 3.28893E-5 3.77527E-5 3.01495E-5 2.63845E-5 2.59519E-5 2.53807E-5 2.24678E-5 2.61146E-5 2.69509E-5 2.91799E-5 2.45563E-5 2.44655E-5 2.65905E-5 2.6879E-5 2.53897E-5 2.67339E-5
1.47809E-5 1.70983E-5 2.71085E-5 5.20465E-5 3.75979E-5 4.26699E-5 5.07049E-5 2.52791E-5 1.75275E-5 1.60719E-5 1.45919E-5 1.94926E-5 1.40631E-5 1.41974E-5 1.77289E-5 1.7016E-5 2.1054E-5 1.78601E-5 2.23435E-5 2.33645E-5 2.17386E-5 2.73868E-5 3.01944E-5 3.46238E-5 3.27289E-5 3.09915E-5 2.71608E-5 3.03023E-5 3.38937E-5 3.22551E-5 3.78926E-5 4.31074E-5 3.61248E-5 3.40515E-5 3.5687E-5 3.54235E-5 4.25818E-5 4.5224E-5 4.36536E-5 4.06677E-5 4.09921E-5 4.33513E-5 4.29362E-5 4.46575E-5 4.10157E-5 3.93019E-5 3.56408E-5 3.12262E-5 3.02562E-5 2.86291E-5 2.8668E-5 2.80809E-5 2.85593E-5 2.42879E-5 2.44785E-5 2.29937E-5 2.59076E-5 2.79394E-5 2.75135E-5 2.76201E-5 2.79408E-5
1.99292E-5 2.1933E-5 6.66376E-5 1.12411E-4 1.02099E-4 1.39963E-4 1.33174E-4 1.55176E-4 2.67652E-5 1.91173E-5 2.44095E-5 2.68585E-5 1.66308E-5 1.57277E-5 1.66394E-5 1.9575E-5 2.08812E-5 2.61085E-5 4.56034E-5 3.39757E-5 2.87997E-5 2.95304E-5 3.42484E-5 3.31721E-5 3.44083E-5 3.2055E-5 3.55651E-5 4.15431E-5 4.64862E-5 5.03775E-5 4.40713E-5 5.10429E-5 4.73177E-5 3.99717E-5 4.32897E-5 4.36741E-5 4.3352E-5 4.2243E-5 4.85484E-5 4.22601E-5 4.48034E-5 3.96974E-5 4.37149E-5 4.79743E-5 4.04326E-5 4.00825E-5 4.34829E-5 4.0736E-5 3.55617E-5 3.40092E-5 3.09979E-5 2.96064E-5 2.83225E-5 2.88296E-5 2.62115E-5 2.82976E-5 2.68162E-5 3.18505E-5 3.13965E-5 2.88401E-5 2.7849E-5
2.22863E-5 3.47899E-5 1.68232E-4 1.58737E-4 1.63673E-4 1.5566E-4 1.49439E-4 1.75337E-4 3.70079E-5 2.70253E-5 2.80706E-5 2.28348E-5 2.41644E-5 1.8913E-5 1.99692E-5 1.99241E-5 3.37929E-5 2.20726E-5 3.25196E-5 5.47708E-5 4.30094E-5 3.91954E-5 3.91419E-5 4.39963E-5 3.96963E-5 3.72156E-5 3.62775E-5 3.65292E-5 4.16989E-5 4.28949E-5 5.31434E-5 5.59822E-5 5.1905E-5 4.3462E-5 4.45307E-5 4.9106E-5 4.24011E-5 3.95046E-5 4.24921E-5 4.66155E-5 4.30917E-5 4.7962E-5 4.94368E-5 4.84961E-5 3.80398E-5 3.15493E-5 3.37025E-5 3.57187E-5 3.54647E-5 3.80914E-5 4.03609E-5 3.77001E-5 3.82274E-5 3.06463E-5 3.34658E-5 3.29753E-5 3.177E-5 3.41135E-5 3.23621E-5 3.07328E-5 2.81967E-5
2.27756E-5 2.81762E-5 1.08609E-4 1.76013E-4 1.60159E-4 2.00504E-4 1.92997E-4 9.10777E-5 3.35519E-5 2.89735E-5 2.54396E-5 2.44986E-5 2.36175E-5 2.77852E-5 3.62865E-5 6.4567E-5 4.46681E-5 4.3516E-5 3.33464E-5 4.34024E-5 4.23838E-5 4.71638E-5 4.94131E-5 4.50475E-5 3.746E-5 3.67514E-5 3.83127E-5 4.14068E-5 5.32791E-5 4.53601E-5 5.01535E-5 4.80599E-5 5.23767E-5 5.48606E-5 5.38313E-5 4.96171E-5 4.77801E-5 5.04885E-5 5.43608E-5 5.22873E-5 5.06743E-5 5.37074E-5 5.7289E-5 4.84136E-5 3.58643E-5 3.86973E-5 3.9524E-5 4.72438E-5 4.31017E-5 4.55587E-5 4.71987E-5 4.71937E-5 2.98789E-5 3.61643E-5 3.81904E-5 3.51571E-5 3.54709E-5 3.16044E-5 2.84977E-5 2.88934E-5 3.01266E-5
