data/maxent/outputs/red_101.asc
ncols         426
nrows         180
xllcorner     -130.0
yllcorner     24.0
cellsize      0.16666666666666666
NODATA_value  -9999
[rows 108 to 134 of 180, columns 61 to 121 of 426]
8.7591E-2 1.44032E-1 1.18068E-1 1.44962E-1 1.82313E-1 4.41907E-1 8.9601E-1 5.43071E-1 5.87401E-1 2.94698E-1 3.58542E-1 5.84282E-1 5.53392E-1 5.0981E-1 4.80246E-1 6.35654E-1 5.14796E-1 5.70548E-1 6.45466E-1 6.37637E-1 5.19627E-1 4.55463E-1 5.14909E-1 3.8726E-1 3.13052E-1 3.68954E-1 3.54507E-1 4.63821E-1 4.79621E-1 6.02918E-1 5.67647E-1 5.72334E-1 5.91961E-1 5.34927E-1 4.744E-1 2.21583E-1 4.12157E-1 3.81486E-1 2.65953E-1 2.93571E-1 4.4383E-2 1.477E-2 8.19495E-3 8.77073E-3 9.98998E-3 9.56688E-3 9.34381E-3 2.12259E-2 2.84867E-2 7.13184E-2 6.77207E-2 3.42519E-2 2.60548E-2 2.62151E-2 2.2185E-2 2.96705E-2 1.98205E-2 2.18348E-2 2.22638E-2 4.34188E-2 1.64221E-2
1.03113E-1 1.41141E-1 1.37644E-1 1.66515E-1 1.80027E-1 5.22198E-1 8.06843E-1 6.4504E-1 8.26398E-1 7.11939E-1 6.60408E-1 5.91097E-1 2.30305E-1 4.54674E-1 5.57839E-1 5.6239E-1 5.71111E-1 6.07113E-1 6.0724E-1 7.23737E-1 7.19145E-1 7.01544E-1 6.18033E-1 4.30604E-1 4.4064E-1 3.45866E-1 4.27813E-1 4.80029E-1 5.11742E-1 5.36201E-1 5.82222E-1 5.83576E-1 5.36967E-1 4.41802E-1 4.91801E-1 3.31113E-1 2.43358E-1 3.8091E-1 4.0915E-1 2.48096E-1 4.91039E-2 2.81191E-2 1.57764E-2 7.3557E-3 7.89684E-3 5.21232E-3 5.82226E-3 7.27513E-3 1.34385E-2 5.07671E-2 5.3831E-2 3.84097E-2 3.68529E-2 2.56139E-2 2.24773E-2 1.471E-2 1.14125E-2 2.65981E-2 1.88518E-2 1.86178E-2 1.84404E-2
2.39108E-1 1.69897E-1 1.68734E-1 1.68984E-1 2.59621E-1 5.24314E-1 8.23703E-1 7.91022E-1 7.98219E-1 7.43239E-1 6.58881E-1 5.6026E-1 5.22309E-1 5.1766E-1 5.51911E-1 5.44765E-1 5.70184E-1 4.90122E-1 5.19686E-1 5.96194E-1 5.61918E-1 6.93238E-1 5.70736E-1 5.00026E-1 4.44741E-1 3.85618E-1 4.74944E-1 4.173E-1 4.26695E-1 4.7276E-1 5.86457E-1 6.03412E-1 5.19916E-1 4.42271E-1 4.5236E-1 3.10575E-1 2.69064E-1 1.2297E-1 1.50489E-1 5.70548E-2 4.89107E-2 3.10297E-2 2.45346E-2 1.47304E-2 1.03217E-2 9.16034E-3 9.88859E-3 1.20089E-2 1.98103E-2 5.35515E-2 7.50368E-2 4.30162E-2 3.26498E-2 2.37402E-2 1.90151E-2 1.93391E-2 2.57748E-2 2.86441E-2 1.72741E-2 1.05369E-2 1.60768E-2
2.82446E-1 1.87687E-1 1.51865E-1 1.43683E-1 2.96185E-1 3.17606E-1 7.9227E-1 7.85755E-1 7.18693E-1 6.56132E-1 6.36708E-1 5.65913E-1 5.45766E-1 5.35219E-1 4.9616E-1 5.07056E-1 5.13778E-1 4.7201E-1 4.90561E-1 4.90258E-1 5.07199E-1 6.34116E-1 6.48404E-1 4.64552E-1 4.20874E-1 3.63796E-1 4.66766E-1 4.53708E-1 4.40288E-1 5.13902E-1 5.86256E-1 5.72368E-1 5.17257E-1 4.47278E-1 4.44631E-1 3.13291E-1 3.61008E-1 1.51498E-1 8.87661E-2 3.61921E-2 3.29236E-2 4.92058E-2 4.81357E-2 3.45517E-2 4.1435E-2 3.08149E-2 2.89464E-2 2.33845E-2 1.98473E-2 3.22967E-2 5.27556E-2 8.18797E-2 4.4351E-2 2.2912E-2 1.65102E-2 2.19062E-2 4.80377E-2 5.39976E-2 3.86406E-2 1.52329E-2 1.71958E-2
6.02349E-1 3.39827E-1 3.06718E-1 1.36316E-1 2.42722E-1 2.59381E-1 6.37144E-1 7.40852E-1 6.77717E-1 6.76631E-1 5.66811E-1 4.0852E-1 4.60463E-1 3.6204E-1 3.73077E-1 4.24062E-1 2.49123E-1 3.63847E-1 4.97637E-1 5.72273E-1 5.29734E-1 6.21405E-1 4.58854E-1 5.50128E-1 4.44319E-1 4.14273E-1 4.08972E-1 4.10247E-1 4.48183E-1 5.75789E-1 5.59988E-1 5.72247E-1 5.9935E-1 5.5107E-1 4.70779E-1 3.90563E-1 3.57969E-1 2.79577E-1 8.07237E-2 4.5077E-2 5.04451E-2 3.44793E-2 7.4824E-2 4.20046E-2 6.44345E-2 7.13767E-2 3.75735E-2 1.41468E-2 2.27522E-2 3.69628E-2 3.29127E-2 8.78702E-2 9.66185E-2 2.675E-2 1.36019E-2 2.69615E-2 3.8583E-2 5.76068E-2 3.07019E-2 2.11284E-2 1.79698E-2
4.73364E-1 3.13134E-1 3.52936E-1 3.1764E-1 3.31856E-1 3.57615E-1 7.16655E-1 6.62516E-1 6.32734E-1 6.50794E-1 5.21733E-1 2.30567E-1 2.33695E-1 3.04094E-1 2.81891E-1 2.69192E-1 3.4808E-1 4.39911E-1 4.37765E-1 4.94036E-1 5.21287E-1 4.83769E-1 2.71682E-1 5.15462E-1 4.98618E-1 5.30386E-1 4.61699E-1 4.69079E-1 5.08133E-1 5.94097E-1 5.93243E-1 5.95939E-1 6.41274E-1 5.99209E-1 5.40285E-1 3.96685E-1 4.13313E-1 4.06236E-1 2.22121E-1 7.64177E-2 5.01065E-2 6.83313E-2 5.10895E-2 8.14939E-2 7.50178E-2 1.49073E-1 1.03939E-1 8.3021E-2 5.06162E-2 3.62447E-2 4.27408E-2 8.27694E-2 9.5681E-2 5.51521E-2 2.68922E-2 1.91161E-2 1.99636E-2 3.00535E-2 2.01421E-2 4.33273E-2 3.05708E-2
7.56556E-1 5.37146E-1 6.6444E-1 7.99076E-1 7.9179E-1 8.42672E-1 7.76091E-1 7.42768E-1 7.89371E-1 6.39017E-1 4.5386E-1 2.05579E-1 1.75228E-1 2.39611E-1 3.04017E-1 2.39325E-1 3.03976E-1 4.25665E-1 4.89041E-1 3.89592E-1 5.48121E-1 6.47503E-1 6.29207E-1 6.16459E-1 4.78048E-1 4.8202E-1 5.51161E-1 5.83509E-1 5.94043E-1 6.08219E-1 5.9107E-1 5.8451E-1 6.04378E-1 6.01999E-1 5.95879E-1 4.56373E-1 4.92985E-1 5.02656E-1 2.71417E-1 1.73977E-1 7.13913E-2 1.38734E-1 5.63276E-2 3.88625E-2 1.07085E-1 1.93497E-1 3.81102E-1 4.3315E-1 3.46907E-1 7.5288E-2 3.67521E-2 5.22563E-2 6.10622E-2 7.10196E-2 5.02415E-2 4.04897E-2 2.18241E-2 2.57503E-2 1.91559E-2 2.803E-2 2.70427E-2
8.05075E-1 7.56766E-1 6.45742E-1 5.87993E-1 3.9539E-1 7.05759E-1 8.31019E-1 8.37028E-1 8.82063E-1 5.41795E-1 3.26162E-1 1.79408E-1 2.38059E-1 2.38945E-1 2.2238E-1 2.76325E-1 4.1594E-1 5.07025E-1 6.37679E-1 5.73478E-1 5.20126E-1 5.94682E-1 6.46372E-1 5.90319E-1 5.09086E-1 5.45796E-1 5.8041E-1 5.62376E-1 5.81455E-1 6.06409E-1 5.94356E-1 6.15501E-1 6.31872E-1 6.46435E-1 5.99647E-1 5.32329E-1 5.1678E-1 5.25092E-1 4.83988E-1 3.24951E-1 1.42114E-1 1.62328E-1 8.90362E-2 7.68884E-2 7.38177E-2 2.25818E-1 3.45221E-1 3.32391E-1 4.24121E-1 1.71204E-1 5.62468E-2 2.4653E-2 3.38252E-2 5.81437E-2 4.69072E-2 3.84715E-2 3.63419E-2 2.75649E-2 2.53301E-2 2.24064E-2 2.11764E-2
9.07571E-1 8.86184E-1 8.07463E-1 7.97712E-1 7.69419E-1 8.46956E-1 9.35662E-1 9.41052E-1 9.08317E-1 8.53987E-1 4.8512E-1 2.85896E-1 2.03229E-1 2.01318E-1 1.87256E-1 2.78433E-1 5.70436E-1 5.00952E-1 6.20973E-1 5.74935E-1 5.66338E-1 5.66141E-1 6.38154E-1 4.52915E-1 6.33097E-1 6.28567E-1 6.16147E-1 5.7253E-1 5.73467E-1 5.96385E-1 5.65392E-1 5.86184E-1 5.94571E-1 6.1998E-1 6.3761E-1 4.96534E-1 6.03312E-1 6.56964E-1 6.28078E-1 5.54949E-1 4.78539E-1 3.33845E-1 1.49103E-1 1.84171E-1 1.77801E-1 2.04442E-1 3.10883E-1 3.05409E-1 3.26371E-1 2.13603E-1 5.69198E-2 3.8427E-2 4.82553E-2 5.13371E-2 5.02934E-2 5.19228E-2 2.29319E-2 3.03002E-2 3.1335E-2 4.26273E-2 4.12102E-2
8.87693E-1 9.64209E-1 9.66906E-1 9.37975E-1 9.20437E-1 8.45079E-1 9.09549E-1 8.11804E-1 9.28107E-1 8.94219E-1 8.64141E-1 7.84059E-1 6.92667E-1 5.61495E-1 4.1916E-1 3.77143E-1 7.43124E-1 6.17689E-1 5.38569E-1 3.89247E-1 4.76033E-1 4.93913E-1 5.6513E-1 5.99834E-1 5.66616E-1 4.28173E-1 5.50764E-1 5.82902E-1 5.82116E-1 6.15702E-1 6.19324E-1 5.52283E-1 6.26428E-1 6.14014E-1 6.32794E-1 6.25029E-1 6.78207E-1 6.73356E-1 6.59441E-1 6.57431E-1 6.03094E-1 3.08712E-1 1.97829E-1 1.88397E-1 2.42404E-1 3.08949E-1 2.91076E-1 4.10648E-1 4.69987E-1 2.89114E-1 1.45215E-1 9.50446E-2 7.88717E-2 6.04461E-2 4.7256E-2 4.04234E-2 5.4554E-2 5.87416E-2 4.90713E-2 7.2075E-2 8.23905E-2
-9999 -9999 9.40276E-1 6.52682E-1 5.19768E-1 6.74219E-1 6.99866E-1 8.25934E-1 9.08784E-1 9.55344E-1 9.32474E-1 9.19786E-1 8.64856E-1 7.74544E-1 8.8134E-1 8.82264E-1 6.68914E-1 4.1454E-1 4.60017E-1 8.10334E-1 4.61786E-1 3.39804E-1 4.15657E-1 5.61152E-1 5.96441E-1 5.97606E-1 4.63864E-1 6.22706E-1 5.5282E-1 5.7705E-1 5.79637E-1 5.99871E-1 6.06509E-1 6.01367E-1 6.04954E-1 6.2429E-1 6.43146E-1 6.49634E-1 4.90591E-1 5.35567E-1 4.87431E-1 4.21192E-1 4.43903E-1 2.62257E-1 3.37942E-1 5.12802E-1 4.31351E-1 4.5158E-1 6.19388E-1 4.64387E-1 1.83976E-1 1.56995E-1 1.70769E-1 1.12406E-1 7.83663E-2 8.64321E-2 8.62267E-2 1.03939E-1 8.67607E-2 7.67791E-2 6.67726E-2
9.42543E-1 8.34319E-1 7.08161E-1 8.47651E-1 5.65777E-1 7.99674E-1 7.62538E-1 9.158E-1 9.14917E-1 9.46581E-1 9.46092E-1 9.40428E-1 8.96956E-1 8.99491E-1 8.69306E-1 8.36149E-1 8.63163E-1 5.77071E-1 5.4674E-1 8.26861E-1 6.64517E-1 5.80721E-1 5.85926E-1 5.84951E-1 5.81271E-1 6.08202E-1 5.90656E-1 6.388E-1 6.33691E-1 5.97404E-1 5.81992E-1 6.10486E-1 4.30165E-1 4.08227E-1 3.8918E-1 4.29542E-1 5.56731E-1 5.00023E-1 6.3772E-1 5.38366E-1 3.65229E-1 3.30807E-1 4.24247E-1 5.6992E-1 6.22341E-1 6.72125E-1 7.10361E-1 5.44744E-1 6.59916E-1 6.27883E-1 4.51125E-1 4.67414E-1 1.38595E-1 1.04372E-1 1.13824E-1 9.77101E-2 1.30335E-1 1.37037E-1 1.33363E-1 1.06924E-1 7.26362E-2
9.41359E-1 8.9192E-1 -9999 -9999 -9999 -9999 -9999 -9999 8.70159E-1 9.33531E-1 9.54641E-1 9.48025E-1 9.31173E-1 9.10262E-1 8.83835E-1 7.74979E-1 6.60527E-1 7.96083E-1 8.62329E-1 6.42736E-1 5.23938E-1 6.62202E-1 6.39528E-1 5.95905E-1 5.87252E-1 6.32719E-1 5.97992E-1 6.26471E-1 5.76671E-1 6.26466E-1 6.34107E-1 6.11392E-1 4.3365E-1 3.76562E-1 4.75819E-1 3.53877E-1 4.99343E-1 5.93871E-1 4.16592E-1 4.40473E-1 3.18424E-1 4.39992E-1 5.27357E-1 5.82832E-1 7.166E-1 6.88435E-1 6.89404E-1 6.76928E-1 6.98683E-1 7.66688E-1 6.00359E-1 6.28691E-1 2.51602E-1 2.29668E-1 1.93663E-1 2.14786E-1 1.82327E-1 1.10698E-1 1.37006E-1 1.35092E-1 1.0377E-1
-9999 -9999 -9999 -9999 -9999 -9999 -9999 -9999 9.69218E-1 9.38296E-1 9.22127E-1 9.76513E-1 9.42008E-1 9.56694E-1 9.06723E-1 6.14018E-1 5.38366E-1 6.29731E-1 7.77464E-1 8.86126E-1 6.00766E-1 5.36084E-1 5.86596E-1 6.02105E-1 5.72043E-1 5.79507E-1 5.73325E-1 3.92389E-1 5.18818E-1 5.50865E-1 5.56923E-1 5.39044E-1 5.19077E-1 4.71893E-1 5.98227E-1 3.90671E-1 5.31974E-1 4.67972E-1 5.97389E-1 5.97273E-1 6.03984E-1 4.96328E-1 4.12502E-1 4.20793E-1 5.29822E-1 5.65041E-1 5.70501E-1 5.99121E-1 6.44226E-1 7.78341E-1 6.49043E-1 7.79552E-1 7.41588E-1 6.42952E-1 5.89324E-1 4.71172E-1 2.90832E-1 1.67955E-1 1.18528E-1 1.07427E-1 9.25958E-2
-9999 -9999 -9999 -9999 -9999 -9999 -9999 -9999 -9999 -9999 9.83579E-1 9.90239E-1 9.71937E-1 9.15224E-1 9.41545E-1 8.42747E-1 6.71856E-1 6.42002E-1 6.8742E-1 7.99682E-1 8.12797E-1 6.55155E-1 3.49322E-1 5.57485E-1 5.50673E-1 5.9397E-1 5.58775E-1 5.95707E-1 4.65457E-1 4.37536E-1 5.06174E-1 4.11571E-1 5.84712E-1 5.74024E-1 5.82931E-1 6.01808E-1 3.84335E-1 3.34623E-1 3.1505E-1 2.85689E-1 5.43947E-1 5.12405E-1 3.91692E-1 6.64021E-1 4.63771E-1 4.90703E-1 5.76289E-1 5.66297E-1 6.1642E-1 6.40995E-1 7.8957E-1 7.6795E-1 7.47678E-1 7.33395E-1 6.10551E-1 5.59094E-1 4.82734E-1 2.97589E-1 1.51029E-1 8.11027E-2 8.82724E-2
-9999 -9999 -9999 -9999 3.24962E-1 -9999 -9999 6.69782E-1 9.47558E-1 6.11692E-1 -9999 -9999 9.87954E-1 9.51924E-1 9.19643E-1 8.82368E-1 8.87511E-1 8.86477E-1 7.98448E-1 8.51545E-1 8.22394E-1 7.59396E-1 5.2531E-1 4.61322E-1 4.03629E-1 5.54756E-1 5.77449E-1 5.74008E-1 5.57449E-1 5.76485E-1 4.96469E-1 5.59662E-1 5.80931E-1 4.35376E-1 5.90569E-1 5.96409E-1 6.05398E-1 5.2376E-1 5.17742E-1 5.10886E-1 3.85372E-1 3.80183E-1 2.66609E-1 3.03763E-1 3.56961E-1 4.15963E-1 5.41683E-1 5.27013E-1 5.07096E-1 5.49808E-1 7.11807E-1 6.92895E-1 7.00651E-1 6.76364E-1 6.67387E-1 5.47209E-1 4.62035E-1 3.22417E-1 2.19412E-1 1.51093E-1 5.73622E-2
-9999 6.4116E-1 5.59591E-1 -9999 -9999 -9999 -9999 -9999 7.54073E-1 9.37135E-1 -9999 -9999 -9999 -9999 9.52497E-1 8.89221E-1 8.98948E-1 9.02604E-1 7.22675E-1 8.23437E-1 8.95212E-1 6.29605E-1 5.70353E-1 3.76079E-1 4.65459E-1 2.97041E-1 3.17942E-1 5.39731E-1 5.39031E-1 5.52748E-1 5.61755E-1 5.04981E-1 5.42517E-1 5.67441E-1 5.50218E-1 5.50389E-1 5.56863E-1 4.79621E-1 4.52484E-1 5.54125E-1 5.14406E-1 4.69753E-1 3.85585E-1 4.67748E-1 3.81446E-1 6.24822E-1 4.49555E-1 3.85078E-1 4.14916E-1 3.18847E-1 4.74817E-1 7.38416E-1 7.46194E-1 6.98684E-1 6.752E-1 6.50357E-1 4.21908E-1 3.95421E-1 3.42759E-1 9.95777E-2 1.07866E-1
-9999 -9999 -9999 -9999 -9999 -9999 -9999 2.89165E-1 -9999 -9999 -9999 -9999 -9999 -9999 9.7522E-1 9.74736E-1 9.06286E-1 8.36978E-1 8.48137E-1 8.69589E-1 8.47242E-1 7.85809E-1 5.88166E-1 3.53156E-1 4.0443E-1 2.77519E-1 2.00634E-1 2.77504E-1 3.24144E-1 5.17539E-1 5.05473E-1 4.83048E-1 4.87335E-1 5.23023E-1 5.31539E-1 4.60955E-1 4.78042E-1 4.88383E-1 3.55753E-1 3.51231E-1 4.38982E-1 4.35986E-1 4.65602E-1 5.2971E-1 5.18183E-1 4.51205E-1 3.25649E-1 2.19127E-1 3.83508E-1 2.86797E-1 3.11621E-1 6.38205E-1 7.34844E-1 7.44373E-1 7.26447E-1 6.92707E-1 6.00984E-1 5.82144E-1 3.1517E-1 3.15647E-1 2.9853E-1
-9999 -9999 -9999 -9999 -9999 -9999 -9999 4.32356E-1 8.97002E-1 -9999 -9999 -9999 -9999 -9999 -9999 9.83639E-1 9.05205E-1 9.00384E-1 9.0929E-1 8.24109E-1 8.87226E-1 7.53572E-1 5.99568E-1 4.96889E-1 4.60258E-1 2.56363E-1 1.98944E-1 2.23508E-1 2.05265E-1 3.26644E-1 5.14868E-1 4.79202E-1 4.76786E-1 5.04574E-1 5.17826E-1 4.76967E-1 3.26374E-1 2.6977E-1 1.86613E-1 2.71603E-1 3.21138E-1 2.07585E-1 2.79516E-1 4.57715E-1 6.06291E-1 5.02505E-1 4.01615E-1 1.91102E-1 2.64592E-1 1.66464E-1 3.12699E-1 5.56158E-1 6.92783E-1 7.12283E-1 6.29003E-1 6.71715E-1 5.63451E-1 5.65129E-1 3.63717E-1 1.43542E-1 2.48748E-1
-9999 -9999 -9999 -9999 -9999 -9999 -9999 -9999 6.06453E-1 -9999 -9999 -9999 -9999 -9999 -9999 9.69327E-1 9.41943E-1 8.86971E-1 9.20717E-1 8.70514E-1 8.13231E-1 7.3776E-1 6.50115E-1 5.56423E-1 4.39618E-1 1.54399E-1 1.99987E-1 2.01262E-1 2.01676E-1 2.07093E-1 3.47086E-1 3.83721E-1 4.71523E-1 4.89231E-1 3.95549E-1 2.68932E-1 3.74961E-1 2.69185E-1 2.84921E-1 2.39748E-1 1.78474E-1 2.15112E-1 4.53713E-1 5.14828E-1 6.32086E-1 4.85098E-1 6.156E-1 2.87407E-1 1.98029E-1 1.65534E-1 4.52666E-1 4.81062E-1 6.55192E-1 6.94736E-1 6.14324E-1 5.60929E-1 6.27348E-1 3.78114E-1 4.35619E-1 3.63483E-1 2.68437E-1
-9999 -9999 -9999 -9999 -9999 -9999 -9999 -9999 -9999 -9999 -9999 -9999 -9999 -9999 -9999 -9999 9.28964E-1 8.83376E-1 8.89312E-1 8.86627E-1 6.36703E-1 4.97898E-1 5.74545E-1 5.81772E-1 5.85307E-1 4.09272E-1 2.78002E-1 1.70636E-1 1.37767E-1 1.20406E-1 2.29199E-1 3.525E-1 4.33306E-1 4.80921E-1 3.76078E-1 3.97334E-1 3.40424E-1 3.77609E-1 3.09388E-1 3.39703E-1 4.14774E-1 3.74782E-1 4.85281E-1 5.49612E-1 5.80086E-1 3.94623E-1 4.70461E-1 3.97051E-1 3.52703E-1 2.75274E-1 3.65556E-1 4.13753E-1 6.8301E-1 5.64993E-1 6.65053E-1 4.54431E-1 5.1999E-1 4.5757E-1 1.60871E-1 2.39378E-1 3.27608E-1
-9999 -9999 -9999 -9999 -9999 -9999 -9999 -9999 -9999 -9999 -9999 -9999 -9999 -9999 -9999 9.14548E-1 9.33509E-1 8.83533E-1 8.40796E-1 8.04927E-1 7.4645E-1 5.19185E-1 3.99073E-1 5.45852E-1 4.70851E-1 4.3903E-1 5.18332E-1 1.48294E-1 1.33136E-1 1.34994E-1 3.08852E-1 2.65876E-1 2.39639E-1 3.00919E-1 3.48987E-1 3.79311E-1 3.45491E-1 3.40505E-1 3.8236E-1 4.03142E-1 4.58875E-1 5.14649E-1 4.33452E-1 5.12819E-1 4.68082E-1 3.97046E-1 4.41553E-1 4.09103E-1 3.07365E-1 4.89053E-1 4.73563E-1 2.76785E-1 5.33138E-1 6.42227E-1 5.85498E-1 5.21949E-1 3.18802E-1 4.431E-1 3.15309E-1 1.04316E-1 2.4062E-1
-9999 -9999 -9999 -9999 -9999 -9999 -9999 -9999 -9999 -9999 -9999 -9999 -9999 -9999 -9999 -9999 7.77056E-1 8.97168E-1 9.0476E-1 8.39848E-1 7.79958E-1 6.34583E-1 4.18145E-1 5.7402E-1 5.95449E-1 2.87238E-1 4.49664E-1 1.52518E-1 9.68408E-2 1.54677E-1 1.94065E-1 2.54327E-1 2.31444E-1 1.60462E-1 3.14163E-1 3.07015E-1 3.79983E-1 3.22388E-1 3.33266E-1 2.68065E-1 3.54295E-1 3.95441E-1 3.17368E-1 3.3274E-1 2.00829E-1 3.90055E-1 4.25438E-1 3.79534E-1 3.9523E-1 2.9953E-1 4.334E-1 3.4161E-1 5.84308E-1 5.67365E-1 5.78942E-1 5.83544E-1 3.77358E-1 2.58372E-1 2.80404E-1 1.23005E-1 1.43042E-1
-9999 -9999 -9999 -9999 -9999 -9999 -9999 -9999 -9999 -9999 -9999 -9999 -9999 -9999 -9999 -9999 -9999 7.92602E-1 7.84143E-1 8.35223E-1 8.16099E-1 6.80049E-1 5.35264E-1 4.44289E-1 8.31238E-1 3.12247E-1 3.1406E-1 2.54484E-1 1.16796E-1 1.40375E-1 2.02924E-1 1.34394E-1 1.75463E-1 1.7546E-1 1.15595E-1 1.50731E-1 2.95375E-1 2.2425E-1 2.31434E-1 3.4936E-1 2.90199E-1 4.12799E-1 3.80253E-1 3.38237E-1 1.48484E-1 3.45315E-1 4.55879E-1 4.97737E-1 4.93241E-1 3.92467E-1 3.94411E-1 3.15178E-1 3.96149E-1 3.82582E-1 3.9509E-1 4.91411E-1 3.8239E-1 2.40098E-1 3.46306E-1 1.33378E-1 7.5992E-2
-9999 -9999 -9999 -9999 -9999 -9999 -9999 -9999 -9999 -9999 -9999 -9999 -9999 -9999 -9999 -9999 -9999 4.83104E-1 7.71487E-1 8.79381E-1 8.2192E-1 5.07453E-1 5.08842E-1 4.45527E-1 7.44157E-1 7.98441E-1 3.66946E-1 2.26994E-1 1.83169E-1 1.25702E-1 1.2813E-1 1.59623E-1 1.40989E-1 1.77438E-1 1.35274E-1 9.30668E-2 9.43613E-2 2.61388E-1 2.61693E-1 1.92252E-1 3.736E-1 3.50131E-1 2.73362E-1 3.10836E-1 2.9566E-1 2.28937E-1 2.07848E-1 2.93559E-1 3.44684E-1 5.54927E-1 2.89427E-1 4.91868E-1 4.4994E-1 3.20744E-1 4.55339E-1 3.44599E-1 3.79658E-1 1.66223E-1 2.78694E-1 3.61869E-1 1.24595E-1
-9999 -9999 -9999 -9999 -9999 -9999 -9999 -9999 -9999 -9999 -9999 -9999 -9999 -9999 -9999 -9999 -9999 -9999 8.05594E-1 7.02715E-1 8.55021E-1 7.37753E-1 4.92017E-1 3.966E-1 4.84603E-1 6.63332E-1 6.88784E-1 2.94687E-1 2.53774E-1 1.19758E-1 1.30591E-1 1.25206E-1 1.65752E-1 1.37157E-1 1.02903E-1 8.01493E-2 9.92344E-2 1.76642E-1 2.90109E-1 1.64584E-1 2.28808E-1 3.69246E-1 3.50432E-1 2.53237E-1 1.78245E-1 2.08697E-1 1.95631E-1 2.32023E-1 2.49856E-1 5.16287E-1 2.40959E-1 3.19542E-1 2.72283E-1 4.49848E-1 4.51467E-1 2.07236E-1 4.45374E-1 1.96022E-1 2.81755E-1 3.43953E-1 1.69013E-1
-9999 -9999 -9999 -9999 -9999 -9999 -9999 -9999 -9999 -9999 -9999 -9999 -9999 -9999 -9999 -9999 -9999 -9999 8.8968E-1 9.30062E-1 8.25744E-1 8.13324E-1 6.11606E-1 2.99365E-1 3.78344E-1 5.23444E-1 6.29544E-1 5.01592E-1 2.43519E-1 1.13864E-1 1.2009E-1 9.88307E-2 1.61651E-1 1.32341E-1 1.19443E-1 1.7183E-1 9.41664E-2 9.4756E-2 1.16329E-1 1.1863E-1 2.43376E-1 2.06705E-1 3.3588E-1 2.55532E-1 1.8911E-1 2.38083E-1 3.65255E-1 2.62494E-1 2.08165E-1 3.27086E-1 2.66542E-1 2.53451E-1 3.16606E-1 3.99466E-1 3.36986E-1 2.50265E-1 3.70554E-1 2.64552E-1 2.50115E-1 3.58682E-1 1.34928E-1
