data/maxent/outputs/red_120.asc
ncols         426
nrows         180
xllcorner     -130.0
yllcorner     24.0
cellsize      0.16666666666666666
NODATA_value  -9999
[rows 54 to 80 of 180, columns 122 to 182 of 426]
2.17991E-2 1.64154E-2 9.18471E-2 2.69066E-2 3.73378E-2 3.7481E-2 2.41187E-2 3.11574E-2 5.55557E-2 9.95178E-2 2.04317E-2 2.46366E-2 5.14657E-2 9.35033E-2 9.79207E-2 8.26352E-2 6.51332E-2 7.98883E-2 8.49028E-2 8.18523E-2 8.35427E-2 7.16389E-2 6.64686E-2 6.60018E-2 5.86272E-2 4.24817E-2 4.39488E-2 5.93149E-2 5.91095E-2 5.98869E-2 8.59404E-2 7.23949E-2 6.55766E-2 8.69714E-2 1.00871E-1 1.22745E-1 1.5405E-1 1.619E-1 1.39292E-1 9.69172E-2 7.27384E-2 4.02209E-2 3.20799E-2 3.0086E-2 2.94944E-2 3.1318E-2 3.54046E-2 3.85596E-2 4.17968E-2 4.62609E-2 5.01286E-2 5.03977E-2 4.78631E-2 5.039E-2 5.41303E-2 7.95432E-2 5.16271E-2 5.47004E-2 4.65404E-2 3.98302E-2 3.59295E-2
2.90237E-2 3.68597E-2 8.54211E-2 6.32353E-2 3.03047E-2 1.66914E-2 1.56447E-2 2.08584E-2 3.34267E-2 5.57488E-2 4.85306E-2 1.62429E-2 1.47434E-2 1.98607E-2 7.40729E-2 9.31254E-2 7.28387E-2 7.29321E-2 8.57708E-2 8.27928E-2 6.68012E-2 6.51436E-2 6.85447E-2 6.40285E-2 5.32298E-2 4.20053E-2 4.14403E-2 5.71939E-2 7.177E-2 9.76112E-2 1.01291E-1 1.11156E-1 9.70135E-2 9.70568E-2 1.07368E-1 1.41248E-1 1.51658E-1 1.72203E-1 1.4612E-1 1.12415E-1 8.26824E-2 6.83411E-2 3.8739E-2 3.07816E-2 3.01462E-2 3.07751E-2 3.72417E-2 3.92562E-2 4.26804E-2 4.54898E-2 4.33259E-2 4.75217E-2 6.27875E-2 7.98059E-2 1.08955E-1 5.13653E-2 5.64094E-2 5.73093E-2 5.11416E-2 4.04463E-2 3.76038E-2
2.10343E-2 2.87791E-2 4.19217E-2 6.00784E-2 3.26963E-2 2.7027E-2 1.5323E-2 1.84137E-2 1.68658E-2 2.21481E-2 5.00806E-2 1.01863E-1 2.64218E-2 1.16947E-2 1.52064E-2 3.28657E-2 8.0676E-2 8.20887E-2 7.03293E-2 6.76741E-2 7.35544E-2 6.14043E-2 6.25574E-2 6.76601E-2 5.70085E-2 6.05161E-2 4.31891E-2 6.29176E-2 6.76983E-2 8.18058E-2 1.03304E-1 1.1549E-1 1.01756E-1 1.02564E-1 1.1785E-1 1.40495E-1 1.68026E-1 1.71486E-1 1.4479E-1 1.11026E-1 8.8069E-2 6.90071E-2 4.98529E-2 4.12525E-2 3.87098E-2 3.81828E-2 4.48861E-2 4.97784E-2 5.14808E-2 5.05117E-2 5.27903E-2 4.71911E-2 4.96233E-2 4.83519E-2 8.09348E-2 4.44559E-2 5.05317E-2 5.68284E-2 4.71458E-2 4.0465E-2 3.72274E-2
2.93217E-2 4.34249E-2 6.14293E-2 5.33477E-2 3.34988E-2 2.62273E-2 2.2006E-2 1.6415E-2 1.36269E-2 1.28197E-2 2.27542E-2 7.36872E-2 7.34007E-2 1.50129E-2 7.58951E-3 1.0132E-2 3.51528E-2 7.7611E-2 6.3983E-2 5.99261E-2 5.27072E-2 5.19657E-2 5.41392E-2 5.84451E-2 7.16362E-2 6.97161E-2 6.27187E-2 5.92192E-2 5.35585E-2 7.42472E-2 9.43597E-2 8.99755E-2 9.956E-2 1.22686E-1 1.45813E-1 1.57826E-1 1.52781E-1 1.28371E-1 1.23193E-1 1.07493E-1 9.19995E-2 6.46999E-2 4.87053E-2 4.40217E-2 4.44978E-2 4.83632E-2 4.81544E-2 4.99983E-2 4.91637E-2 5.11812E-2 4.87725E-2 4.15717E-2 4.39681E-2 4.18412E-2 4.90901E-2 4.75986E-2 5.30199E-2 5.22202E-2 4.21928E-2 4.15073E-2 4.05259E-2
2.36208E-2 2.5254E-2 1.50584E-2 2.66024E-2 3.43072E-2 3.29001E-2 2.72245E-2 1.86345E-2 1.92977E-2 1.34338E-2 1.56515E-2 3.12086E-2 8.03188E-2 4.84187E-2 1.09335E-2 8.85333E-3 1.97335E-2 7.20517E-2 4.19013E-2 3.85558E-2 4.21645E-2 3.38573E-2 3.70888E-2 5.31192E-2 6.94297E-2 6.8071E-2 6.66899E-2 4.91321E-2 4.63597E-2 4.82301E-2 6.51751E-2 8.22646E-2 8.37786E-2 5.43394E-2 5.02831E-2 7.67885E-2 1.18269E-1 1.0396E-1 8.78498E-2 9.08679E-2 8.1918E-2 6.46449E-2 5.21744E-2 4.11284E-2 5.31892E-2 4.49649E-2 4.50583E-2 4.70859E-2 4.45311E-2 4.30264E-2 3.82859E-2 3.7968E-2 4.1258E-2 4.25051E-2 4.03595E-2 4.38423E-2 5.15275E-2 5.2302E-2 4.44949E-2 4.23329E-2 4.31518E-2
1.52734E-2 1.26093E-2 1.50874E-2 2.23554E-2 2.41282E-2 3.2826E-2 3.42014E-2 2.21161E-2 1.54253E-2 1.59457E-2 1.53749E-2 3.0028E-2 4.93505E-2 8.70232E-2 3.04906E-2 1.3033E-2 2.10882E-2 4.81292E-2 3.17759E-2 3.33166E-2 3.25102E-2 3.31639E-2 3.62652E-2 4.69146E-2 5.24472E-2 5.37057E-2 5.54553E-2 4.82379E-2 4.80617E-2 4.4696E-2 5.01488E-2 8.11238E-2 8.08376E-2 5.00277E-2 2.99125E-2 6.8861E-2 9.68579E-2 9.06441E-2 5.12575E-2 5.94486E-2 5.88838E-2 5.48596E-2 4.67414E-2 4.33293E-2 4.26664E-2 4.29751E-2 4.52219E-2 3.97701E-2 3.7473E-2 3.51113E-2 3.63757E-2 3.85337E-2 4.29363E-2 4.36365E-2 4.97245E-2 4.87539E-2 4.93064E-2 4.20666E-2 4.3991E-2 4.11326E-2 5.45359E-2
1.18875E-2 9.8538E-3 9.91149E-3 1.21921E-2 1.62922E-2 2.45507E-2 3.43754E-2 3.03041E-2 2.75351E-2 1.98495E-2 1.93492E-2 3.25277E-2 6.30758E-2 6.12435E-2 7.94768E-2 1.8786E-2 3.32066E-2 6.04301E-2 4.14418E-2 3.53493E-2 3.58727E-2 4.18187E-2 4.62364E-2 5.00817E-2 4.72241E-2 5.16129E-2 5.06465E-2 4.99332E-2 4.05627E-2 3.65939E-2 3.75296E-2 4.7397E-2 8.40872E-2 8.63154E-2 3.66152E-2 4.10816E-2 7.70632E-2 9.20401E-2 4.6272E-2 4.42815E-2 4.14607E-2 3.51827E-2 3.67819E-2 4.19353E-2 4.81387E-2 3.45635E-2 3.55232E-2 3.80043E-2 3.63861E-2 3.90777E-2 3.69021E-2 4.16624E-2 4.33292E-2 5.3444E-2 6.09423E-2 5.48341E-2 5.14922E-2 4.24305E-2 3.35164E-2 3.41445E-2 3.65193E-2
1.20028E-2 1.04927E-2 9.23567E-3 1.13303E-2 1.82997E-2 3.29751E-2 3.0497E-2 2.76452E-2 2.52721E-2 2.87936E-2 2.95477E-2 3.75417E-2 6.384E-2 6.87475E-2 7.39641E-2 2.39792E-2 6.97172E-2 6.24942E-2 4.42323E-2 4.32171E-2 5.00661E-2 5.13811E-2 5.43327E-2 5.30849E-2 5.07866E-2 4.7747E-2 4.23562E-2 3.84845E-2 3.15E-2 3.01221E-2 3.033E-2 3.3393E-2 3.90688E-2 7.26888E-2 7.11843E-2 5.78118E-2 6.84841E-2 6.67401E-2 4.37571E-2 3.54799E-2 3.49764E-2 3.39032E-2 3.85762E-2 3.49677E-2 3.38608E-2 3.71217E-2 4.2927E-2 4.03317E-2 3.61837E-2 3.57853E-2 3.61139E-2 3.70561E-2 4.10522E-2 5.01962E-2 5.58496E-2 5.30928E-2 4.39692E-2 4.29546E-2 4.16126E-2 4.17502E-2 4.49044E-2
1.38647E-2 1.24881E-2 1.12607E-2 1.47385E-2 2.05022E-2 2.38162E-2 3.26567E-2 3.53622E-2 4.14666E-2 5.58256E-2 6.68541E-2 7.24198E-2 7.34977E-2 7.51125E-2 3.16971E-2 2.23077E-2 7.54574E-2 6.57806E-2 6.34975E-2 6.88647E-2 7.27385E-2 7.42228E-2 6.56231E-2 5.88179E-2 5.12518E-2 4.47971E-2 4.21272E-2 3.62639E-2 2.72676E-2 2.59022E-2 2.54971E-2 2.97135E-2 2.70003E-2 4.09949E-2 5.25137E-2 5.43764E-2 5.69313E-2 5.43158E-2 4.05504E-2 3.45979E-2 3.42772E-2 3.89791E-2 3.39613E-2 3.09969E-2 3.73668E-2 3.95187E-2 4.61287E-2 4.25288E-2 4.16872E-2 3.80437E-2 3.83565E-2 3.88697E-2 3.72015E-2 5.04679E-2 6.21098E-2 5.8216E-2 5.66746E-2 5.39725E-2 4.8824E-2 5.84648E-2 5.90539E-2
1.25013E-2 1.54235E-2 2.38448E-2 2.81483E-2 2.85421E-2 2.26502E-2 1.99599E-2 2.44635E-2 3.52878E-2 5.2374E-2 5.45958E-2 3.81065E-2 5.18772E-2 3.01691E-2 1.70612E-2 4.55855E-2 8.22997E-2 6.80347E-2 6.76944E-2 7.67292E-2 7.21216E-2 8.57963E-2 7.3894E-2 6.19646E-2 5.49323E-2 4.45416E-2 3.78035E-2 3.16717E-2 3.0447E-2 3.08268E-2 2.81261E-2 2.60161E-2 2.39739E-2 2.76698E-2 3.40964E-2 4.64382E-2 4.78004E-2 4.68815E-2 3.631E-2 3.35237E-2 3.24908E-2 2.70352E-2 2.4648E-2 3.1904E-2 3.64087E-2 3.62031E-2 3.6922E-2 3.5528E-2 3.59013E-2 3.55326E-2 3.89958E-2 3.84106E-2 4.48813E-2 5.36109E-2 5.78639E-2 6.65618E-2 6.01058E-2 6.08203E-2 6.3058E-2 6.8598E-2 7.36705E-2
1.1751E-2 1.10155E-2 1.90422E-2 2.77192E-2 2.33041E-2 1.58946E-2 1.42051E-2 1.2712E-2 1.17849E-2 1.2143E-2 1.7356E-2 1.99729E-2 2.45286E-2 4.38782E-2 5.50112E-2 6.74484E-2 6.05794E-2 6.63939E-2 7.2564E-2 7.68267E-2 8.09802E-2 8.36754E-2 8.26864E-2 6.96943E-2 6.01723E-2 4.83781E-2 3.68243E-2 3.45832E-2 3.47318E-2 3.23255E-2 2.93747E-2 2.32295E-2 2.6159E-2 3.26197E-2 2.93612E-2 3.76005E-2 3.7933E-2 4.00216E-2 4.01603E-2 3.86596E-2 2.95398E-2 2.7499E-2 3.48075E-2 3.44328E-2 3.16054E-2 3.49447E-2 3.3242E-2 3.60992E-2 3.12646E-2 3.24837E-2 4.36973E-2 4.49725E-2 4.82706E-2 4.58273E-2 4.74471E-2 5.10907E-2 5.80942E-2 6.25875E-2 7.42028E-2 8.11264E-2 8.6426E-2
9.09202E-3 1.17806E-2 1.24703E-2 3.58472E-2 3.13955E-2 2.04902E-2 1.61981E-2 1.46332E-2 1.23771E-2 1.40635E-2 1.74781E-2 2.17838E-2 3.11189E-2 3.69062E-2 4.69221E-2 4.93863E-2 5.61856E-2 6.65593E-2 6.96121E-2 7.87409E-2 7.92768E-2 7.95584E-2 8.03084E-2 7.28941E-2 6.77387E-2 5.86517E-2 4.81443E-2 4.23115E-2 3.8627E-2 4.11716E-2 3.80553E-2 3.6626E-2 3.98608E-2 3.57483E-2 3.64236E-2 3.42644E-2 3.43285E-2 4.15802E-2 3.90874E-2 3.90178E-2 3.12288E-2 3.16336E-2 3.08793E-2 3.04382E-2 3.14869E-2 3.02044E-2 3.04378E-2 3.25837E-2 3.63651E-2 3.89936E-2 4.01291E-2 4.04833E-2 3.70502E-2 4.0173E-2 4.03961E-2 4.78981E-2 5.18137E-2 5.45002E-2 6.34297E-2 7.69232E-2 8.79762E-2
1.10741E-2 1.11895E-2 1.20266E-2 1.63058E-2 4.95394E-2 3.36158E-2 2.12022E-2 1.72308E-2 1.86301E-2 2.42598E-2 2.41068E-2 3.1563E-2 3.80759E-2 4.07844E-2 4.46832E-2 4.57467E-2 5.45665E-2 6.13756E-2 7.53633E-2 8.48579E-2 8.75298E-2 7.65269E-2 6.99361E-2 6.5143E-2 5.17714E-2 5.3139E-2 4.81138E-2 4.58571E-2 4.92012E-2 5.73145E-2 6.92156E-2 6.11689E-2 5.0666E-2 4.59143E-2 3.70724E-2 3.18715E-2 3.99947E-2 4.05805E-2 3.54485E-2 3.25609E-2 2.94331E-2 3.28314E-2 3.11341E-2 3.28508E-2 3.28406E-2 3.21363E-2 3.27463E-2 3.25737E-2 3.33885E-2 3.59627E-2 3.58057E-2 3.83686E-2 3.82248E-2 3.64881E-2 3.91628E-2 4.21444E-2 5.07403E-2 5.87453E-2 6.69409E-2 6.94956E-2 8.48363E-2
9.65461E-3 1.0536E-2 1.13373E-2 1.17706E-2 1.6297E-2 5.52136E-2 4.7812E-2 4.11821E-2 3.42875E-2 4.86132E-2 3.86894E-2 4.08309E-2 3.28603E-2 3.16784E-2 4.04622E-2 5.21153E-2 6.02399E-2 6.19776E-2 7.16388E-2 8.80709E-2 6.81203E-2 8.53496E-2 7.98183E-2 7.07898E-2 5.84394E-2 4.59236E-2 4.01409E-2 3.59889E-2 4.01288E-2 5.34837E-2 7.84306E-2 6.97053E-2 5.37273E-2 5.04701E-2 4.74706E-2 4.89278E-2 5.08226E-2 4.60221E-2 4.14663E-2 4.40693E-2 4.41316E-2 3.47809E-2 2.88438E-2 2.93234E-2 2.88041E-2 2.9619E-2 2.91145E-2 3.10785E-2 3.45843E-2 3.96021E-2 4.06029E-2 3.50869E-2 3.77215E-2 4.08057E-2 4.11182E-2 4.63795E-2 5.48673E-2 5.9039E-2 7.16539E-2 7.7074E-2 9.46547E-2
6.16613E-3 9.33629E-3 1.34704E-2 1.15127E-2 1.35012E-2 2.05382E-2 4.54943E-2 6.87383E-2 5.03986E-2 3.9992E-2 4.52057E-2 4.12957E-2 4.67463E-2 4.99796E-2 5.44532E-2 4.79644E-2 4.69446E-2 5.67687E-2 5.9947E-2 7.90221E-2 3.80324E-2 3.05582E-2 3.46113E-2 5.00883E-2 6.53382E-2 5.57091E-2 4.17703E-2 3.97703E-2 3.56608E-2 4.61268E-2 6.3079E-2 5.38548E-2 4.28479E-2 3.55769E-2 3.12559E-2 3.6493E-2 4.2374E-2 5.38253E-2 5.53116E-2 5.03122E-2 4.10626E-2 2.91366E-2 2.59938E-2 2.79248E-2 2.86491E-2 2.87738E-2 3.07357E-2 3.56875E-2 3.92576E-2 4.10112E-2 4.46283E-2 4.72911E-2 5.11253E-2 4.44053E-2 4.9614E-2 5.13573E-2 6.00844E-2 6.58595E-2 7.38784E-2 8.03355E-2 8.05831E-2
4.79303E-3 5.97403E-3 1.0523E-2 1.35375E-2 1.93089E-2 2.53003E-2 2.65754E-2 3.43369E-2 4.09273E-2 4.07313E-2 4.40167E-2 5.17258E-2 5.4006E-2 5.53903E-2 5.96786E-2 5.7311E-2 5.66341E-2 7.80961E-2 6.35807E-2 6.99019E-2 3.47458E-2 2.52988E-2 1.87092E-2 2.43304E-2 4.92849E-2 5.95984E-2 5.45418E-2 4.14571E-2 3.79323E-2 3.80056E-2 3.59677E-2 2.5391E-2 2.81128E-2 2.921E-2 2.55419E-2 2.57791E-2 3.31405E-2 4.18078E-2 4.63401E-2 4.73479E-2 3.95881E-2 2.72503E-2 2.85494E-2 2.83214E-2 2.83999E-2 3.0557E-2 3.509E-2 3.77284E-2 4.08468E-2 4.76165E-2 5.03433E-2 5.45725E-2 5.52377E-2 4.75656E-2 5.64667E-2 5.40289E-2 6.35018E-2 7.45695E-2 7.94633E-2 7.9529E-2 7.96631E-2
3.48872E-3 4.98883E-3 6.42126E-3 1.13586E-2 2.04149E-2 3.29309E-2 3.45183E-2 3.24699E-2 3.3299E-2 2.31529E-2 1.89277E-2 1.96213E-2 3.51322E-2 5.11166E-2 3.78776E-2 6.41393E-2 8.32176E-2 7.01164E-2 3.47279E-2 4.50844E-2 5.10897E-2 4.5083E-2 3.46483E-2 2.70137E-2 2.84398E-2 4.30556E-2 5.75407E-2 4.58775E-2 3.65469E-2 3.74469E-2 3.382E-2 3.61204E-2 2.84152E-2 2.97345E-2 3.00876E-2 3.67019E-2 4.09021E-2 4.18534E-2 4.62354E-2 5.02734E-2 4.36399E-2 3.22332E-2 3.07183E-2 3.00128E-2 3.02874E-2 3.13373E-2 3.3575E-2 3.79151E-2 4.53997E-2 5.6684E-2 5.91531E-2 6.07057E-2 6.24487E-2 6.26192E-2 6.2864E-2 5.91486E-2 6.46948E-2 7.17428E-2 7.17795E-2 7.29431E-2 7.55005E-2
7.96536E-3 5.33667E-3 1.19812E-2 2.38884E-2 2.38845E-2 3.27605E-2 2.70453E-2 2.23181E-2 1.87744E-2 1.84398E-2 2.06817E-2 2.62346E-2 3.81505E-2 5.02426E-2 6.18258E-2 6.19609E-2 7.95026E-2 6.77438E-2 4.40513E-2 5.50225E-2 5.72347E-2 5.9481E-2 4.78243E-2 3.62272E-2 3.24611E-2 4.14366E-2 5.3153E-2 4.32109E-2 3.90348E-2 4.59149E-2 4.30717E-2 3.6175E-2 3.10502E-2 2.86603E-2 3.40891E-2 3.9411E-2 4.83861E-2 5.21828E-2 4.36852E-2 4.13753E-2 3.68529E-2 3.5344E-2 2.94578E-2 2.98744E-2 3.10831E-2 3.61227E-2 3.95038E-2 4.70693E-2 6.55775E-2 7.21206E-2 7.12101E-2 6.84692E-2 6.19702E-2 5.97882E-2 6.32119E-2 6.77871E-2 6.60217E-2 6.74529E-2 6.95629E-2 7.10049E-2 6.94354E-2
1.20594E-2 1.27579E-2 2.13522E-2 2.63874E-2 3.26829E-2 2.92965E-2 2.33442E-2 2.13961E-2 1.77766E-2 1.61441E-2 1.98868E-2 2.64171E-2 3.77163E-2 5.40999E-2 7.25363E-2 7.88167E-2 8.37534E-2 7.87195E-2 6.59511E-2 6.74697E-2 7.34916E-2 6.39457E-2 5.24672E-2 4.29272E-2 3.57434E-2 4.83366E-2 6.26351E-2 5.77321E-2 6.24919E-2 6.45349E-2 5.06415E-2 3.82819E-2 3.70791E-2 3.61638E-2 3.83952E-2 4.3549E-2 5.14324E-2 5.33603E-2 5.41963E-2 4.98486E-2 4.14055E-2 3.57729E-2 3.01831E-2 3.09822E-2 3.7853E-2 5.01795E-2 6.91879E-2 7.93032E-2 8.97396E-2 9.01524E-2 8.47093E-2 7.31584E-2 6.80957E-2 6.46212E-2 6.94867E-2 7.41948E-2 7.24847E-2 6.9717E-2 6.55518E-2 6.56624E-2 6.72426E-2
1.58153E-2 1.51863E-2 2.51846E-2 3.38367E-2 3.73934E-2 2.89399E-2 2.45415E-2 1.7512E-2 1.82001E-2 1.14789E-2 1.37039E-2 2.54309E-2 3.74145E-2 5.24756E-2 6.32916E-2 7.8792E-2 7.96516E-2 6.74201E-2 5.62097E-2 5.84567E-2 6.81442E-2 6.19604E-2 5.65057E-2 4.60732E-2 3.37296E-2 4.66255E-2 5.45592E-2 7.12513E-2 9.68094E-2 9.62543E-2 7.48046E-2 5.95725E-2 6.52185E-2 6.41659E-2 4.73014E-2 6.1782E-2 6.74664E-2 5.31081E-2 3.98778E-2 4.14136E-2 4.72092E-2 4.13822E-2 3.30377E-2 3.24395E-2 4.37831E-2 7.22322E-2 9.30503E-2 1.18915E-1 1.26751E-1 1.08482E-1 8.76714E-2 7.62948E-2 6.39799E-2 6.0396E-2 6.36814E-2 7.10489E-2 7.10314E-2 6.6022E-2 6.62067E-2 7.20599E-2 7.44033E-2
2.285E-2 2.73687E-2 3.15972E-2 3.15338E-2 3.56597E-2 3.19956E-2 2.3107E-2 2.03261E-2 2.06534E-2 1.77189E-2 1.5901E-2 2.73283E-2 4.46362E-2 3.59634E-2 5.16054E-2 6.3689E-2 6.87189E-2 5.75338E-2 3.35553E-2 2.95234E-2 3.09792E-2 4.79697E-2 5.40566E-2 4.28578E-2 3.15846E-2 2.70869E-2 5.13213E-2 6.9645E-2 8.67286E-2 8.94946E-2 8.20401E-2 7.13955E-2 8.71572E-2 8.65881E-2 5.77474E-2 5.58544E-2 5.59673E-2 5.77334E-2 4.84539E-2 4.14329E-2 3.68463E-2 3.87839E-2 3.98674E-2 4.03352E-2 5.63567E-2 8.36998E-2 1.12406E-1 1.52138E-1 1.51042E-1 1.11963E-1 8.55604E-2 6.78894E-2 4.56728E-2 4.86064E-2 5.77488E-2 5.75949E-2 6.47132E-2 6.67451E-2 6.34507E-2 7.19204E-2 7.37427E-2
2.57355E-2 3.42646E-2 4.00561E-2 3.851E-2 3.88945E-2 3.23953E-2 3.22307E-2 2.61189E-2 2.68975E-2 2.69285E-2 3.11547E-2 4.42189E-2 5.51808E-2 3.53279E-2 3.53408E-2 4.42754E-2 5.40453E-2 5.30401E-2 3.1524E-2 1.83456E-2 1.3423E-2 2.96384E-2 4.94314E-2 3.62678E-2 2.91072E-2 2.19622E-2 4.24081E-2 5.6683E-2 6.68214E-2 7.30525E-2 6.63851E-2 7.15104E-2 8.56915E-2 9.21127E-2 6.57251E-2 5.2047E-2 5.22395E-2 5.36905E-2 4.95295E-2 5.34653E-2 5.87182E-2 5.00989E-2 4.21377E-2 4.72994E-2 6.42791E-2 8.33364E-2 1.06745E-1 1.28554E-1 1.27257E-1 9.94149E-2 8.14356E-2 5.59386E-2 4.85394E-2 4.53875E-2 4.65188E-2 4.95473E-2 5.40142E-2 5.93031E-2 6.37918E-2 5.68883E-2 6.33574E-2
3.11126E-2 3.75539E-2 3.83476E-2 3.65342E-2 4.17392E-2 3.78394E-2 3.90908E-2 4.19186E-2 3.94876E-2 4.11157E-2 6.27436E-2 7.00772E-2 8.02395E-2 5.06595E-2 3.87248E-2 4.25199E-2 4.84776E-2 5.32808E-2 4.63615E-2 2.39838E-2 1.91186E-2 3.50836E-2 5.76388E-2 4.4891E-2 2.98199E-2 2.07592E-2 3.12416E-2 4.73636E-2 6.09796E-2 6.0439E-2 5.54905E-2 5.14739E-2 4.17901E-2 3.9272E-2 4.35694E-2 4.30282E-2 4.43728E-2 3.96134E-2 3.72314E-2 3.85507E-2 4.06559E-2 4.59325E-2 4.70791E-2 5.10097E-2 5.88689E-2 7.77092E-2 9.91204E-2 1.09673E-1 8.35492E-2 7.12641E-2 4.95107E-2 4.34271E-2 3.91074E-2 4.17557E-2 4.36704E-2 4.31987E-2 4.82097E-2 5.3898E-2 5.43756E-2 5.2313E-2 5.36556E-2
4.30293E-2 5.27212E-2 3.85389E-2 3.62128E-2 3.53894E-2 4.4064E-2 4.77831E-2 5.42661E-2 6.3034E-2 6.9248E-2 6.51859E-2 7.91809E-2 9.00816E-2 8.70262E-2 6.01798E-2 4.73573E-2 4.24123E-2 4.57664E-2 4.81514E-2 5.04952E-2 3.05162E-2 3.04437E-2 5.51488E-2 5.09728E-2 3.39037E-2 2.94787E-2 3.16243E-2 4.86703E-2 6.05001E-2 5.71707E-2 4.88457E-2 3.52111E-2 2.59182E-2 2.2106E-2 2.90932E-2 3.32742E-2 3.56615E-2 3.60908E-2 3.61946E-2 3.31251E-2 3.47348E-2 4.55676E-2 5.05792E-2 4.55718E-2 4.93975E-2 5.43983E-2 5.8528E-2 5.85378E-2 5.03526E-2 3.92206E-2 3.57608E-2 3.97957E-2 3.8606E-2 4.62193E-2 4.90185E-2 4.61872E-2 4.58715E-2 4.74999E-2 4.87086E-2 5.09715E-2 5.66834E-2
5.73018E-2 6.13845E-2 6.98235E-2 7.04988E-2 4.78842E-2 5.68614E-2 5.61975E-2 6.04515E-2 6.80021E-2 6.32708E-2 1.00663E-1 1.24427E-1 1.26411E-1 1.32724E-1 1.01733E-1 8.54973E-2 5.66407E-2 3.85462E-2 5.52463E-2 7.0707E-2 4.80189E-2 2.99809E-2 3.2228E-2 2.13772E-2 2.63769E-2 5.84887E-2 6.6328E-2 7.10645E-2 6.14537E-2 5.08069E-2 4.43121E-2 2.87745E-2 2.1018E-2 2.22552E-2 2.52863E-2 2.82981E-2 3.03451E-2 2.8736E-2 3.45156E-2 3.48876E-2 3.89934E-2 4.1329E-2 4.8877E-2 5.04243E-2 4.51936E-2 4.76443E-2 4.59057E-2 4.96999E-2 4.74549E-2 4.56793E-2 3.46305E-2 3.95714E-2 3.68054E-2 4.06389E-2 5.95351E-2 6.2046E-2 5.62886E-2 4.61371E-2 4.952E-2 4.98713E-2 5.22489E-2
2.05907E-2 2.46038E-2 3.89534E-2 6.92707E-2 7.56655E-2 6.94771E-2 7.52733E-2 4.09097E-2 5.58791E-2 9.0908E-2 1.36501E-1 1.68347E-1 1.6638E-1 1.20955E-1 1.02106E-1 8.51982E-2 1.04696E-1 4.27865E-2 5.62454E-2 1.01082E-1 6.40127E-2 3.68278E-2 2.15991E-2 1.55491E-2 3.14036E-2 7.51944E-2 8.47238E-2 6.70013E-2 5.8735E-2 4.57256E-2 3.8117E-2 3.04519E-2 1.83338E-2 1.91148E-2 1.92754E-2 1.95079E-2 1.86935E-2 2.23892E-2 2.64029E-2 2.93037E-2 3.90116E-2 4.37401E-2 4.27289E-2 4.52024E-2 4.54215E-2 3.63465E-2 3.94312E-2 4.4246E-2 4.82126E-2 4.14823E-2 4.0363E-2 4.01589E-2 4.41236E-2 4.59249E-2 4.89399E-2 4.90254E-2 5.54375E-2 6.42105E-2 6.12327E-2 5.16455E-2 4.94589E-2
6.91687E-2 5.11182E-2 5.44031E-2 8.17547E-2 1.00719E-1 9.21115E-2 8.89588E-2 6.26332E-2 5.94585E-2 7.6373E-2 1.19721E-1 1.42629E-1 1.50168E-1 1.79023E-1 2.1805E-1 1.91704E-1 1.35877E-1 5.55271E-2 7.86234E-2 9.17411E-2 6.76612E-2 3.82328E-2 1.77941E-2 1.5314E-2 1.8837E-2 3.99754E-2 9.62355E-2 7.57447E-2 5.16763E-2 4.60538E-2 3.70867E-2 2.56774E-2 2.05947E-2 1.70937E-2 1.58148E-2 1.56468E-2 1.81819E-2 2.03586E-2 2.41819E-2 3.6093E-2 4.07798E-2 3.78432E-2 3.95261E-2 4.63242E-2 4.46299E-2 3.54622E-2 2.91369E-2 3.95625E-2 5.386E-2 4.65344E-2 4.32573E-2 5.18453E-2 4.97334E-2 5.3789E-2 5.2007E-2 4.41176E-2 4.4041E-2 5.22053E-2 6.91835E-2 6.13634E-2 6.15214E-2
