data/maxent/outputs/red_5.asc
ncols         426
nrows         180
xllcorner     -130.0
yllcorner     24.0
cellsize      0.16666666666666666
NODATA_value  -9999
[rows 27 to 53 of 180, columns 305 to 365 of 426]
1.28834E-5 1.22933E-5 1.25021E-5 1.4898E-5 1.29889E-5 1.34317E-5 1.34758E-5 1.27436E-5 1.28721E-5 1.30709E-5 1.36374E-5 1.22641E-5 1.16689E-5 1.26689E-5 1.29985E-5 1.4161E-5 1.76297E-5 1.59947E-5 1.29918E-5 1.34806E-5 1.31686E-5 1.26972E-5 1.47795E-5 1.53322E-5 1.1546E-5 1.38056E-5 1.53894E-5 1.10826E-5 1.30994E-5 1.56799E-5 1.18838E-5 9.79923E-6 1.11172E-5 1.20215E-5 1.23021E-5 1.14091E-5 1.24069E-5 1.32756E-5 1.36068E-5 1.2807E-5 1.36805E-5 1.52159E-5 1.56996E-5 1.662E-5 1.73287E-5 1.70302E-5 1.81557E-5 2.08756E-5 1.96478E-5 2.62962E-5 2.03708E-5 2.39705E-5 3.02459E-5 3.07753E-5 3.74225E-5 4.07699E-5 4.15867E-5 3.20782E-5 2.61948E-5 2.69393E-5 3.12999E-5
1.47944E-5 1.44934E-5 1.26779E-5 1.25898E-5 1.22841E-5 1.29757E-5 1.2959E-5 1.3028E-5 1.12878E-5 1.26197E-5 1.48715E-5 1.40069E-5 1.29023E-5 1.17471E-5 1.24479E-5 1.30352E-5 1.47964E-5 1.19951E-5 1.11504E-5 1.19253E-5 1.06488E-5 1.23508E-5 1.2991E-5 1.23644E-5 1.09346E-5 1.55079E-5 1.37582E-5 1.31692E-5 1.24354E-5 1.34336E-5 1.32431E-5 1.15895E-5 1.34879E-5 1.2646E-5 1.23421E-5 1.2737E-5 1.24441E-5 1.29207E-5 1.34215E-5 1.37404E-5 1.42401E-5 1.53627E-5 1.66488E-5 1.9062E-5 1.80763E-5 1.87684E-5 1.99565E-5 2.4641E-5 2.06145E-5 2.30016E-5 2.21989E-5 1.95609E-5 2.55211E-5 2.8753E-5 3.3877E-5 4.15011E-5 4.02931E-5 4.04561E-5 5.12761E-5 4.23026E-5 3.81683E-5
1.86949E-5 1.76651E-5 1.45748E-5 1.34341E-5 1.31689E-5 1.54266E-5 1.50236E-5 1.45727E-5 1.43413E-5 1.65162E-5 1.67207E-5 1.80742E-5 1.94749E-5 2.03945E-5 1.32898E-5 1.32907E-5 1.06532E-5 1.08799E-5 1.01478E-5 1.00309E-5 9.97597E-6 1.04966E-5 1.09278E-5 1.20543E-5 1.136E-5 1.26985E-5 1.58818E-5 1.40119E-5 1.24113E-5 1.19105E-5 1.27902E-5 1.26264E-5 1.4216E-5 1.49396E-5 1.47291E-5 1.35442E-5 1.43775E-5 1.43828E-5 1.42188E-5 1.50757E-5 1.60154E-5 1.63536E-5 1.88327E-5 2.1064E-5 2.20041E-5 2.11748E-5 2.4511E-5 3.0561E-5 2.60624E-5 2.55745E-5 2.80807E-5 2.14642E-5 2.22169E-5 2.57715E-5 2.98227E-5 3.37293E-5 4.03124E-5 5.04437E-5 5.5964E-5 5.84313E-5 6.44387E-5
1.63983E-5 1.73693E-5 1.36252E-5 1.87987E-5 1.80155E-5 1.23055E-5 1.42889E-5 1.5706E-5 1.49315E-5 1.8738E-5 1.74814E-5 1.69239E-5 1.84006E-5 1.49935E-5 1.22512E-5 1.15843E-5 1.09395E-5 1.2041E-5 1.00262E-5 1.19505E-5 1.24282E-5 1.28053E-5 1.25955E-5 1.21436E-5 1.32462E-5 1.36025E-5 1.4366E-5 1.38044E-5 1.52713E-5 1.36946E-5 1.46605E-5 1.33929E-5 1.46902E-5 1.48496E-5 1.50873E-5 1.54222E-5 1.65099E-5 1.90663E-5 1.75237E-5 1.69306E-5 1.56941E-5 1.62057E-5 1.67275E-5 1.92969E-5 2.06174E-5 2.59475E-5 3.1172E-5 2.96508E-5 2.58998E-5 2.56044E-5 3.29004E-5 2.62264E-5 4.10126E-5 3.0367E-5 3.53274E-5 3.78676E-5 3.84791E-5 5.11383E-5 7.11879E-5 7.34769E-5 9.43032E-5
1.58772E-5 1.98478E-5 1.42541E-5 1.52911E-5 1.5658E-5 1.44341E-5 1.79036E-5 1.86954E-5 1.79755E-5 1.74556E-5 1.66023E-5 1.54195E-5 1.89751E-5 2.33392E-5 1.35619E-5 1.13398E-5 1.1955E-5 1.1999E-5 1.3115E-5 1.27714E-5 1.65002E-5 1.50045E-5 1.42446E-5 1.80386E-5 1.76434E-5 1.62472E-5 2.05077E-5 2.35206E-5 1.67708E-5 2.00655E-5 1.54349E-5 1.43322E-5 1.48557E-5 1.53523E-5 1.81983E-5 1.77012E-5 2.21851E-5 2.90785E-5 2.99486E-5 2.60314E-5 2.22634E-5 2.81642E-5 2.67338E-5 2.88453E-5 2.68709E-5 2.1562E-5 2.45978E-5 3.00002E-5 3.29016E-5 3.42115E-5 3.61673E-5 2.88372E-5 3.68951E-5 3.14945E-5 5.31388E-5 5.69391E-5 5.55036E-5 7.11252E-5 9.20626E-5 9.60087E-5 9.69875E-5
2.01094E-5 2.60682E-5 2.89432E-5 2.47439E-5 1.74664E-5 1.65147E-5 1.68067E-5 1.44319E-5 1.65792E-5 2.20221E-5 1.44269E-5 1.42177E-5 2.62552E-5 1.59314E-5 1.35626E-5 1.76344E-5 1.77355E-5 1.44391E-5 1.59489E-5 1.95205E-5 2.07258E-5 1.87183E-5 1.49574E-5 2.29929E-5 2.10448E-5 2.35077E-5 2.60824E-5 2.76915E-5 2.81676E-5 2.265E-5 2.35998E-5 1.79986E-5 1.89362E-5 1.66949E-5 1.72533E-5 1.67928E-5 1.68321E-5 2.86443E-5 3.28854E-5 4.18653E-5 4.17813E-5 3.97295E-5 2.13909E-5 1.92533E-5 2.94206E-5 3.17381E-5 2.83688E-5 2.072E-5 2.75197E-5 4.07568E-5 4.92192E-5 4.9547E-5 4.89205E-5 5.35824E-5 7.53133E-5 8.45645E-5 8.34153E-5 1.22681E-4 1.54422E-4 1.84894E-4 2.37911E-4
3.24342E-5 2.69863E-5 2.92252E-5 3.79977E-5 4.10844E-5 4.32378E-5 3.38803E-5 2.63287E-5 2.6115E-5 1.92372E-5 1.79672E-5 2.13976E-5 2.63508E-5 1.9253E-5 1.8739E-5 2.22708E-5 2.14683E-5 1.5349E-5 1.33147E-5 1.42034E-5 1.47018E-5 1.97601E-5 2.504E-5 2.66783E-5 2.58403E-5 1.93197E-5 2.37027E-5 2.97318E-5 3.00188E-5 3.60758E-5 3.29374E-5 2.33216E-5 2.56471E-5 2.179E-5 1.71868E-5 1.97117E-5 2.13288E-5 2.92253E-5 3.35218E-5 3.41837E-5 4.20878E-5 5.43818E-5 4.61079E-5 3.83245E-5 3.98405E-5 3.82241E-5 3.80605E-5 3.59377E-5 3.65303E-5 5.15592E-5 5.64848E-5 5.20344E-5 5.54422E-5 5.95466E-5 6.76237E-5 6.83798E-5 8.91062E-5 1.21204E-4 2.10346E-4 2.96924E-4 -9999
3.66021E-5 3.80993E-5 4.3315E-5 5.09638E-5 4.91667E-5 5.79819E-5 5.15549E-5 3.37545E-5 3.24713E-5 3.14371E-5 4.00088E-5 3.20853E-5 2.24555E-5 1.81397E-5 1.90511E-5 1.65319E-5 1.81514E-5 1.73043E-5 2.09824E-5 1.68113E-5 2.11329E-5 2.24602E-5 2.31869E-5 2.76949E-5 2.69343E-5 1.88474E-5 1.90815E-5 2.44594E-5 2.40183E-5 2.63272E-5 3.11507E-5 2.57208E-5 2.44857E-5 2.17162E-5 2.14364E-5 2.37377E-5 2.94606E-5 5.02199E-5 4.34297E-5 4.08527E-5 4.185E-5 5.04964E-5 4.49198E-5 4.27926E-5 4.37884E-5 4.25687E-5 4.23836E-5 4.16221E-5 4.12031E-5 4.13616E-5 4.53506E-5 4.64837E-5 4.86895E-5 6.74178E-5 1.04193E-4 1.3512E-4 1.3065E-4 1.83906E-4 2.08605E-4 -9999 9.00511E-4
4.00529E-5 5.10327E-5 4.59904E-5 4.02489E-5 4.00655E-5 4.69862E-5 5.62291E-5 6.12961E-5 4.07462E-5 3.00038E-5 3.89363E-5 4.95779E-5 4.75478E-5 3.32676E-5 3.00879E-5 2.75578E-5 2.26608E-5 2.54267E-5 2.71978E-5 3.15393E-5 3.01936E-5 2.58839E-5 3.09049E-5 3.30779E-5 1.95786E-5 2.08944E-5 3.09171E-5 3.18624E-5 3.07986E-5 2.95333E-5 3.35354E-5 3.78461E-5 3.22877E-5 3.04717E-5 3.40207E-5 3.54656E-5 4.42696E-5 5.08647E-5 4.93911E-5 4.28298E-5 4.35638E-5 3.95621E-5 3.28641E-5 4.4618E-5 4.46592E-5 5.23881E-5 6.21382E-5 6.81969E-5 6.58818E-5 6.01027E-5 6.24705E-5 6.39578E-5 7.05873E-5 8.14134E-5 9.5939E-5 1.53203E-4 3.68081E-4 5.25347E-4 8.17034E-4 5.4685E-4 4.51311E-4
5.27327E-5 5.43626E-5 5.61505E-5 5.70538E-5 5.95577E-5 5.34175E-5 6.44661E-5 4.83348E-5 4.64877E-5 3.72453E-5 3.63382E-5 5.28168E-5 5.54509E-5 5.51343E-5 4.52032E-5 4.4551E-5 3.99691E-5 4.029E-5 3.90097E-5 3.78147E-5 3.50421E-5 3.19606E-5 3.75574E-5 3.75995E-5 3.25298E-5 3.1418E-5 3.68795E-5 3.65543E-5 4.3719E-5 3.85896E-5 4.0141E-5 3.76489E-5 4.02631E-5 4.83959E-5 5.11566E-5 4.33598E-5 5.5715E-5 6.09915E-5 6.75783E-5 6.7672E-5 5.65112E-5 5.53583E-5 4.44686E-5 5.08893E-5 5.68301E-5 5.65975E-5 6.45727E-5 8.50957E-5 7.78098E-5 8.18655E-5 1.0181E-4 9.45955E-5 1.00937E-4 9.23798E-5 1.0726E-4 2.33916E-4 7.24906E-4 1.30107E-3 7.61912E-4 4.10359E-4 2.50181E-4
5.83631E-5 6.38575E-5 6.4009E-5 5.6991E-5 5.88557E-5 6.49406E-5 6.84595E-5 6.36442E-5 5.00686E-5 5.22017E-5 5.88197E-5 5.96486E-5 5.819E-5 5.26627E-5 3.72241E-5 4.23461E-5 4.71728E-5 4.55122E-5 4.50781E-5 3.99944E-5 4.53896E-5 3.96855E-5 4.35012E-5 4.40515E-5 4.46558E-5 4.57349E-5 5.10338E-5 4.81518E-5 5.57612E-5 5.42707E-5 5.75239E-5 6.26369E-5 5.74034E-5 5.57806E-5 6.52854E-5 7.37078E-5 7.05236E-5 8.25019E-5 7.6517E-5 7.08381E-5 6.37611E-5 5.90556E-5 5.29927E-5 6.35817E-5 6.98465E-5 8.26779E-5 6.97683E-5 7.1704E-5 8.15583E-5 1.07672E-4 1.11896E-4 1.95149E-4 1.47588E-4 1.35292E-4 1.44928E-4 2.23557E-4 1.70906E-3 9.08329E-4 9.3793E-4 4.79853E-4 2.69866E-4
6.40042E-5 5.93305E-5 5.14967E-5 7.01589E-5 6.17438E-5 5.56196E-5 6.99349E-5 5.85468E-5 5.70597E-5 6.553E-5 6.13306E-5 5.5241E-5 5.14071E-5 5.35464E-5 4.52026E-5 5.11173E-5 5.32038E-5 4.96837E-5 5.26605E-5 5.36898E-5 5.06587E-5 4.50878E-5 4.62473E-5 4.3565E-5 4.85015E-5 4.74013E-5 5.12563E-5 5.48384E-5 6.31115E-5 6.35592E-5 8.30718E-5 7.96234E-5 5.88277E-5 5.97562E-5 7.58411E-5 6.89929E-5 8.09398E-5 9.00221E-5 8.0576E-5 7.8188E-5 6.93032E-5 5.67373E-5 6.46178E-5 7.26479E-5 6.5016E-5 5.50799E-5 7.09126E-5 9.74561E-5 1.1535E-4 1.61295E-4 2.01438E-4 2.37697E-4 1.36653E-4 1.61825E-4 2.02713E-4 7.91414E-4 1.01778E-3 1.03172E-3 7.99599E-4 4.97302E-4 3.21797E-4
5.98833E-5 5.79818E-5 6.33395E-5 7.21201E-5 8.04492E-5 8.01509E-5 7.38181E-5 7.30193E-5 6.94173E-5 6.54424E-5 6.31368E-5 5.03164E-5 5.09106E-5 4.69878E-5 4.20771E-5 4.54553E-5 5.25058E-5 5.33456E-5 5.70103E-5 5.44534E-5 5.68089E-5 5.49471E-5 5.0497E-5 5.68854E-5 6.64055E-5 5.68507E-5 5.97604E-5 7.68587E-5 1.00245E-4 9.30362E-5 5.90461E-5 6.90255E-5 5.59747E-5 6.27267E-5 7.03333E-5 9.80855E-5 1.03926E-4 9.42787E-5 9.02053E-5 8.06206E-5 7.35028E-5 6.54745E-5 6.90892E-5 6.56076E-5 6.35787E-5 6.77889E-5 8.884E-5 1.18355E-4 1.36866E-4 1.76568E-4 2.83704E-4 4.34344E-4 3.9678E-4 1.89713E-4 7.89855E-4 4.50167E-4 3.60065E-4 4.73653E-4 4.2562E-4 4.17207E-4 3.47256E-4
6.9843E-5 6.98846E-5 6.69462E-5 7.16285E-5 8.34982E-5 8.80387E-5 6.61587E-5 6.96629E-5 7.11084E-5 6.91293E-5 6.0798E-5 5.66271E-5 5.33405E-5 5.59458E-5 4.90317E-5 5.15422E-5 5.28129E-5 5.78223E-5 5.81563E-5 5.21042E-5 5.93862E-5 6.45489E-5 6.08488E-5 6.19011E-5 7.06598E-5 6.08685E-5 5.09412E-5 5.49228E-5 7.5739E-5 8.30646E-5 6.76855E-5 6.0291E-5 5.54432E-5 6.32939E-5 6.25091E-5 8.73547E-5 9.94802E-5 9.88382E-5 9.91127E-5 8.8023E-5 8.30403E-5 7.40571E-5 6.77209E-5 5.92215E-5 5.94879E-5 8.13006E-5 9.04039E-5 1.10485E-4 2.02361E-4 3.19876E-4 4.92776E-4 6.05007E-4 -9999 3.57966E-4 2.84704E-4 2.70062E-4 1.93591E-4 1.90002E-4 2.8352E-4 2.66768E-4 2.90518E-4
6.7799E-5 7.63168E-5 8.82558E-5 7.6526E-5 9.45254E-5 9.01321E-5 8.01294E-5 8.32235E-5 6.83322E-5 7.30808E-5 6.74877E-5 6.29031E-5 5.97811E-5 5.54272E-5 5.52269E-5 4.60433E-5 5.41951E-5 5.7234E-5 6.15475E-5 7.6698E-5 8.74841E-5 6.33572E-5 8.93521E-5 7.46645E-5 7.27474E-5 6.50531E-5 5.37151E-5 5.84332E-5 6.89981E-5 7.41645E-5 8.10339E-5 8.03273E-5 8.3387E-5 8.09807E-5 8.03431E-5 9.51617E-5 1.04482E-4 1.12936E-4 1.10802E-4 1.1032E-4 9.26666E-5 8.78056E-5 7.77562E-5 6.66957E-5 7.18259E-5 9.81467E-5 1.50718E-4 1.65583E-4 2.82471E-4 3.68951E-4 3.2113E-4 2.77291E-4 2.03466E-4 2.36851E-4 3.035E-4 2.58781E-4 1.83943E-4 1.75219E-4 2.01817E-4 2.11585E-4 2.09305E-4
8.59105E-5 8.5656E-5 8.39128E-5 8.65938E-5 9.15565E-5 7.64914E-5 8.06566E-5 1.03154E-4 8.61139E-5 7.31239E-5 6.29435E-5 7.12557E-5 6.1824E-5 6.20975E-5 6.0539E-5 7.07855E-5 7.1318E-5 8.7501E-5 7.95098E-5 9.60749E-5 1.01328E-4 9.90888E-5 9.35293E-5 6.7202E-5 8.80483E-5 8.19006E-5 7.55514E-5 6.64134E-5 7.19092E-5 8.05472E-5 7.90768E-5 8.29731E-5 8.60621E-5 1.03369E-4 1.07905E-4 1.20755E-4 1.27102E-4 1.40172E-4 1.31244E-4 1.01573E-4 1.05346E-4 9.49118E-5 9.26938E-5 1.06715E-4 1.16386E-4 1.41861E-4 2.15707E-4 2.68699E-4 1.7059E-4 1.35427E-4 1.46664E-4 1.79351E-4 2.31665E-4 3.42949E-4 3.76591E-4 2.32884E-4 1.90901E-4 1.86945E-4 1.81493E-4 1.76975E-4 1.76491E-4
1.20368E-4 9.77162E-5 1.12082E-4 1.21719E-4 1.04113E-4 9.3196E-5 9.87613E-5 9.35135E-5 9.94975E-5 7.68383E-5 8.20626E-5 8.36901E-5 6.97424E-5 7.39628E-5 8.0661E-5 9.43041E-5 1.17065E-4 1.21705E-4 1.15765E-4 1.0509E-4 9.97304E-5 1.14712E-4 6.8081E-5 8.31533E-5 1.10221E-4 9.90664E-5 8.68483E-5 8.12501E-5 9.10157E-5 9.64285E-5 9.51385E-5 1.16524E-4 1.19363E-4 1.07994E-4 1.24639E-4 1.13646E-4 1.27745E-4 1.4973E-4 1.31965E-4 1.16971E-4 9.95939E-5 1.12028E-4 1.19659E-4 1.3685E-4 1.31106E-4 1.78471E-4 2.08983E-4 1.65613E-4 1.5505E-4 1.47786E-4 1.67275E-4 2.16616E-4 2.71615E-4 3.99203E-4 4.84204E-4 2.82464E-4 2.13772E-4 2.05849E-4 1.94447E-4 1.88991E-4 1.80292E-4
1.47545E-4 1.43964E-4 1.38233E-4 1.18156E-4 1.44582E-4 1.37339E-4 1.13626E-4 1.08232E-4 9.54276E-5 8.75907E-5 7.88316E-5 1.0402E-4 9.68065E-5 9.44395E-5 1.01107E-4 1.20433E-4 1.35226E-4 1.47779E-4 1.37384E-4 1.17503E-4 1.29568E-4 1.09735E-4 8.4807E-5 1.06649E-4 1.24449E-4 1.05838E-4 1.02105E-4 1.12056E-4 1.01318E-4 1.00585E-4 1.14678E-4 1.13905E-4 1.10332E-4 1.2747E-4 1.32965E-4 1.62158E-4 1.41997E-4 1.48043E-4 1.97442E-4 1.35861E-4 1.20825E-4 1.461E-4 1.70197E-4 1.59871E-4 1.70752E-4 2.0083E-4 2.46985E-4 2.14256E-4 1.74137E-4 1.75223E-4 2.17293E-4 2.0245E-4 2.7635E-4 4.1222E-4 3.3583E-4 2.72477E-4 2.72353E-4 2.20197E-4 1.8186E-4 1.80942E-4 1.82301E-4
1.19923E-4 1.64018E-4 1.80412E-4 1.45292E-4 1.4395E-4 1.22666E-4 1.17493E-4 1.31229E-4 1.15991E-4 9.35432E-5 9.77753E-5 1.13011E-4 1.37781E-4 1.29284E-4 1.09066E-4 1.43452E-4 1.88121E-4 1.75554E-4 1.69756E-4 1.46104E-4 1.70298E-4 1.93057E-4 1.42131E-4 1.49762E-4 1.31216E-4 1.18451E-4 1.14334E-4 1.29056E-4 1.24638E-4 1.47653E-4 1.98011E-4 1.65361E-4 1.61273E-4 1.78138E-4 1.7775E-4 1.78074E-4 1.63833E-4 1.50353E-4 2.19174E-4 1.93807E-4 1.59813E-4 1.54082E-4 1.77612E-4 2.05381E-4 2.31291E-4 2.48033E-4 2.77167E-4 2.27755E-4 2.18805E-4 2.13198E-4 2.11536E-4 2.14637E-4 2.31974E-4 3.06959E-4 2.91847E-4 2.84583E-4 2.95684E-4 2.82835E-4 2.26746E-4 2.00993E-4 1.94973E-4
1.38008E-4 1.50604E-4 1.55635E-4 1.65322E-4 1.85937E-4 1.84366E-4 1.7307E-4 1.67021E-4 1.51082E-4 1.39891E-4 1.2265E-4 1.30364E-4 1.37621E-4 1.47972E-4 1.68029E-4 1.66376E-4 2.22339E-4 2.41602E-4 2.57165E-4 2.54562E-4 2.77352E-4 3.14039E-4 3.18472E-4 2.74797E-4 1.91453E-4 1.48943E-4 1.34014E-4 1.51374E-4 1.48001E-4 3.20468E-4 5.46049E-4 4.42173E-4 3.29498E-4 2.28086E-4 1.65963E-4 2.04586E-4 1.5638E-4 1.6059E-4 2.3716E-4 1.88301E-4 1.50343E-4 1.70518E-4 2.04092E-4 2.20889E-4 2.32955E-4 2.96522E-4 3.04959E-4 2.38122E-4 2.45261E-4 2.64055E-4 2.60674E-4 2.79159E-4 2.64105E-4 2.89766E-4 2.83492E-4 2.6259E-4 2.73003E-4 2.67525E-4 2.52013E-4 2.4477E-4 2.20094E-4
1.85337E-4 2.19284E-4 2.10071E-4 2.06376E-4 2.19691E-4 1.82605E-4 1.82288E-4 1.8086E-4 1.57337E-4 1.47233E-4 1.61831E-4 1.6397E-4 1.64137E-4 1.84887E-4 2.42821E-4 2.61147E-4 3.28299E-4 3.87097E-4 3.80985E-4 4.01833E-4 3.33056E-4 4.69092E-4 3.72804E-4 2.96909E-4 2.29441E-4 1.85527E-4 1.76838E-4 1.49517E-4 1.92167E-4 4.55891E-4 6.8726E-4 6.55753E-4 3.78253E-4 1.83027E-4 1.45209E-4 1.67133E-4 2.7484E-4 2.09144E-4 1.82756E-4 2.14118E-4 1.82508E-4 2.00461E-4 2.24769E-4 2.21198E-4 2.82231E-4 3.21066E-4 3.42159E-4 2.69771E-4 2.74317E-4 2.96066E-4 2.87292E-4 2.72798E-4 2.69774E-4 2.5455E-4 2.71766E-4 2.67658E-4 2.85109E-4 2.44318E-4 2.3571E-4 2.19636E-4 2.63084E-4
2.47452E-4 2.3003E-4 2.32356E-4 2.49361E-4 2.39897E-4 2.52409E-4 2.23278E-4 2.05802E-4 1.89509E-4 1.73762E-4 1.64162E-4 2.7395E-4 1.78856E-4 2.27238E-4 2.93179E-4 3.60857E-4 3.55904E-4 3.80483E-4 3.99004E-4 4.88566E-4 4.97651E-4 5.57814E-4 4.71121E-4 4.10567E-4 3.1879E-4 2.02649E-4 2.10732E-4 2.27499E-4 4.26102E-4 7.03548E-4 6.3623E-4 5.77811E-4 2.7274E-4 1.52896E-4 2.30556E-4 3.32206E-4 3.35775E-4 1.95393E-4 1.82341E-4 2.93884E-4 2.79037E-4 2.80876E-4 2.66372E-4 2.70977E-4 2.90328E-4 3.61581E-4 3.72047E-4 2.98494E-4 3.39523E-4 3.79232E-4 3.89943E-4 3.32376E-4 3.42951E-4 3.22533E-4 3.19153E-4 3.05095E-4 3.00465E-4 2.75619E-4 2.55218E-4 2.63361E-4 3.49743E-4
2.64588E-4 2.56897E-4 2.76755E-4 3.11046E-4 3.39399E-4 2.76765E-4 2.46013E-4 2.41971E-4 2.52874E-4 2.56708E-4 2.8006E-4 2.70722E-4 2.55374E-4 2.9134E-4 3.67288E-4 3.68397E-4 3.04252E-4 4.69145E-4 4.65391E-4 4.27878E-4 5.16679E-4 4.26471E-4 4.37652E-4 4.0169E-4 2.55479E-4 2.97134E-4 2.31613E-4 2.66469E-4 4.24996E-4 5.98823E-4 6.46984E-4 4.68698E-4 2.94809E-4 2.67298E-4 5.45219E-4 4.54754E-4 3.35326E-4 2.50449E-4 2.48679E-4 3.55923E-4 4.17922E-4 3.112E-4 2.89808E-4 2.9865E-4 3.20848E-4 4.33173E-4 4.50854E-4 3.9242E-4 4.21654E-4 5.05186E-4 4.59817E-4 4.00147E-4 4.28651E-4 3.85141E-4 3.3184E-4 3.25997E-4 4.39438E-4 4.0856E-4 3.92559E-4 4.26704E-4 6.44888E-4
3.85233E-4 4.33153E-4 4.73251E-4 4.75851E-4 3.93134E-4 3.44784E-4 2.87636E-4 2.97558E-4 3.67822E-4 3.64759E-4 3.93064E-4 3.84227E-4 4.14615E-4 3.69885E-4 4.23696E-4 5.14333E-4 3.11681E-4 3.36099E-4 4.77947E-4 4.87181E-4 5.73081E-4 4.36747E-4 3.82487E-4 3.32475E-4 3.03917E-4 2.35072E-4 2.00034E-4 2.31809E-4 2.15044E-4 2.71446E-4 5.16588E-4 6.73727E-4 7.52425E-4 7.49747E-4 9.91562E-4 7.2164E-4 4.79271E-4 3.70886E-4 4.40335E-4 5.87357E-4 6.56137E-4 4.87497E-4 3.54951E-4 3.60737E-4 3.77744E-4 4.72672E-4 7.05033E-4 6.96061E-4 8.18372E-4 7.11471E-4 7.30533E-4 6.65651E-4 4.50092E-4 3.64662E-4 3.93795E-4 3.75528E-4 4.60646E-4 5.73849E-4 7.05396E-4 9.86513E-4 1.17668E-3
5.75943E-4 5.32186E-4 6.08468E-4 6.48634E-4 6.07886E-4 4.89948E-4 3.65525E-4 4.65738E-4 5.81983E-4 5.18538E-4 4.64359E-4 4.92133E-4 5.54749E-4 4.87788E-4 4.58317E-4 4.13114E-4 2.84212E-4 2.80617E-4 3.59876E-4 5.35549E-4 5.74147E-4 5.15372E-4 4.52414E-4 4.94618E-4 4.84426E-4 3.67564E-4 4.39852E-4 4.15907E-4 3.32715E-4 3.65485E-4 4.81094E-4 8.24357E-4 1.03302E-3 9.16119E-4 8.76705E-4 5.77139E-4 4.67569E-4 4.90284E-4 6.12459E-4 9.53034E-4 1.03538E-3 6.3164E-4 3.5683E-4 3.42279E-4 4.44427E-4 5.24296E-4 8.60875E-4 1.00452E-3 1.03877E-3 1.14508E-3 8.79305E-4 1.14846E-3 7.91017E-4 6.55499E-4 6.30298E-4 4.69114E-4 6.47046E-4 7.8518E-4 1.11745E-3 1.59914E-3 1.74544E-3
6.80274E-4 5.78267E-4 7.34629E-4 1.10718E-3 9.08644E-4 7.68566E-4 6.76845E-4 5.51836E-4 6.06677E-4 5.31323E-4 4.76864E-4 5.30582E-4 4.45223E-4 4.72759E-4 5.55497E-4 5.74836E-4 5.06445E-4 4.09654E-4 2.99228E-4 5.16514E-4 7.33998E-4 7.56983E-4 7.62208E-4 6.47151E-4 5.83683E-4 8.26735E-4 1.03932E-3 9.97906E-4 7.9868E-4 5.3248E-4 6.56171E-4 7.76841E-4 8.45603E-4 5.35616E-4 4.25188E-4 4.09847E-4 4.19721E-4 4.58409E-4 7.95474E-4 1.07516E-3 1.25112E-3 9.85152E-4 4.18948E-4 4.7334E-4 5.00197E-4 5.78006E-4 7.57698E-4 9.26641E-4 1.05338E-3 1.01495E-3 1.3274E-3 1.05879E-3 9.32908E-4 1.01055E-3 1.00688E-3 8.47015E-4 8.33041E-4 1.22153E-3 1.52754E-3 1.85593E-3 2.04999E-3
8.7053E-4 8.77313E-4 1.04104E-3 1.36225E-3 1.31133E-3 1.13443E-3 1.14266E-3 8.92757E-4 7.70153E-4 7.01465E-4 6.27073E-4 5.63478E-4 5.00845E-4 3.95495E-4 4.41347E-4 6.48764E-4 7.48849E-4 6.33801E-4 4.50564E-4 6.63089E-4 9.60344E-4 1.24419E-3 1.06325E-3 7.69314E-4 9.59696E-4 1.59989E-3 1.34874E-3 1.36889E-3 1.08025E-3 1.07047E-3 8.75541E-4 5.59685E-4 5.09331E-4 5.41525E-4 5.13212E-4 4.97654E-4 3.71557E-4 4.61942E-4 7.14229E-4 1.13049E-3 1.68883E-3 1.3241E-3 6.68737E-4 6.17617E-4 5.65541E-4 5.77679E-4 4.94122E-4 5.05935E-4 7.56619E-4 7.46903E-4 9.95147E-4 1.16595E-3 1.6101E-3 2.25342E-3 1.75137E-3 1.35069E-3 1.33441E-3 1.72029E-3 1.83145E-3 2.36391E-3 2.79752E-3
