data/maxent/outputs/red_184.asc
ncols         426
nrows         180
xllcorner     -130.0
yllcorner     24.0
cellsize      0.16666666666666666
NODATA_value  -9999
[rows 81 to 107 of 180, columns 244 to 304 of 426]
5.79188E-1 6.14482E-1 6.48944E-1 6.52249E-1 6.28874E-1 6.20286E-1 6.32247E-1 6.41661E-1 6.39336E-1 6.46185E-1 6.52672E-1 6.492E-1 6.65838E-1 6.73549E-1 6.89329E-1 7.00681E-1 7.21834E-1 7.48378E-1 7.61734E-1 7.72726E-1 7.57735E-1 7.47455E-1 7.51501E-1 7.73707E-1 7.54751E-1 7.51022E-1 7.46448E-1 7.58559E-1 7.52379E-1 7.42578E-1 7.54241E-1 7.5607E-1 7.63981E-1 7.98752E-1 7.83115E-1 7.5795E-1 7.42616E-1 7.45089E-1 7.46996E-1 7.83935E-1 7.89871E-1 7.87795E-1 7.90461E-1 8.03935E-1 7.73962E-1 7.784E-1 7.9109E-1 7.90779E-1 8.14818E-1 8.05096E-1 7.91358E-1 7.86125E-1 7.934E-1 7.96625E-1 7.98087E-1 8.18164E-1 8.29357E-1 8.1672E-1 8.06401E-1 8.05315E-1 8.32871E-1
5.68578E-1 5.96133E-1 6.15177E-1 6.25587E-1 5.97494E-1 6.22581E-1 6.21335E-1 5.97315E-1 6.10613E-1 6.39088E-1 6.40545E-1 6.46376E-1 6.42276E-1 6.53226E-1 6.66052E-1 6.81621E-1 7.13235E-1 7.40152E-1 7.49405E-1 7.54696E-1 7.42754E-1 7.50445E-1 7.71729E-1 7.841E-1 7.57241E-1 7.35299E-1 7.3821E-1 7.38771E-1 7.40365E-1 7.44485E-1 7.60187E-1 7.57411E-1 7.67443E-1 7.62768E-1 7.74008E-1 7.58925E-1 7.54665E-1 7.51887E-1 7.64015E-1 7.5976E-1 7.68476E-1 7.71217E-1 7.92173E-1 7.8012E-1 7.75264E-1 7.56258E-1 7.74787E-1 8.00983E-1 8.03482E-1 7.95069E-1 7.85152E-1 7.76607E-1 7.84106E-1 7.87031E-1 7.87059E-1 7.9239E-1 7.98525E-1 7.88184E-1 7.99508E-1 8.34781E-1 8.56433E-1
5.53814E-1 5.7522E-1 6.09879E-1 5.94232E-1 5.89311E-1 5.94088E-1 6.21029E-1 5.89947E-1 5.98596E-1 6.28069E-1 6.32105E-1 6.20781E-1 6.36892E-1 6.49793E-1 6.53908E-1 6.76239E-1 7.2119E-1 7.3605E-1 7.37025E-1 7.4087E-1 7.2606E-1 7.45019E-1 7.68152E-1 7.74061E-1 7.73277E-1 7.62397E-1 7.58559E-1 7.48063E-1 7.29838E-1 7.32242E-1 7.31378E-1 7.54082E-1 7.74292E-1 7.3927E-1 7.50163E-1 7.02628E-1 7.39782E-1 7.5143E-1 7.48655E-1 7.64602E-1 7.76759E-1 7.6886E-1 7.69535E-1 7.48804E-1 7.46385E-1 7.65236E-1 7.66338E-1 7.63962E-1 7.93613E-1 7.95248E-1 7.77556E-1 7.92033E-1 7.92012E-1 7.98224E-1 7.83298E-1 7.75416E-1 7.82718E-1 8.0173E-1 8.10633E-1 8.57683E-1 8.71791E-1
5.41095E-1 5.62246E-1 5.96677E-1 5.83516E-1 5.72069E-1 5.73962E-1 5.78995E-1 5.85937E-1 5.85375E-1 5.90213E-1 5.93872E-1 6.05254E-1 6.3638E-1 6.54117E-1 6.62265E-1 6.82616E-1 7.1083E-1 7.23746E-1 7.43652E-1 7.39619E-1 7.17728E-1 7.1623E-1 7.34913E-1 7.56364E-1 7.41844E-1 7.42241E-1 7.60833E-1 7.64208E-1 7.33461E-1 7.44654E-1 7.65501E-1 7.54144E-1 7.63497E-1 7.56449E-1 7.62191E-1 7.48561E-1 7.3051E-1 7.15155E-1 6.91296E-1 7.28847E-1 7.36488E-1 7.56427E-1 7.4517E-1 7.26474E-1 7.09667E-1 7.367E-1 7.33649E-1 7.754E-1 7.94819E-1 7.92462E-1 8.01618E-1 7.91702E-1 7.97111E-1 8.01401E-1 7.81297E-1 7.68565E-1 7.6305E-1 7.90848E-1 8.56132E-1 8.61393E-1 8.61419E-1
5.44482E-1 5.553E-1 5.81936E-1 5.71115E-1 5.70642E-1 5.74679E-1 5.74318E-1 5.8287E-1 5.71832E-1 5.71103E-1 5.79426E-1 5.85095E-1 6.19366E-1 6.47066E-1 6.61594E-1 6.74853E-1 6.93324E-1 6.95119E-1 7.01061E-1 7.14642E-1 6.82945E-1 6.85922E-1 7.07676E-1 7.08173E-1 7.21502E-1 7.20042E-1 7.46245E-1 7.58464E-1 7.42366E-1 7.4306E-1 7.64284E-1 7.67193E-1 7.64025E-1 7.58186E-1 7.48323E-1 7.3432E-1 7.13103E-1 6.78758E-1 6.6796E-1 7.34593E-1 7.37102E-1 7.32868E-1 7.41243E-1 7.36077E-1 7.27026E-1 7.22305E-1 7.29148E-1 7.58976E-1 7.87142E-1 7.90946E-1 8.11653E-1 8.03259E-1 8.03396E-1 8.06861E-1 7.86344E-1 7.78297E-1 7.50896E-1 8.44049E-1 8.23943E-1 8.41703E-1 8.6659E-1
5.535E-1 5.49993E-1 5.6838E-1 5.95482E-1 6.06887E-1 5.95754E-1 5.93597E-1 6.11747E-1 6.03161E-1 6.08033E-1 5.94373E-1 5.83142E-1 5.83292E-1 6.23423E-1 6.44126E-1 6.67397E-1 6.63085E-1 7.01578E-1 6.94059E-1 6.8981E-1 6.55475E-1 6.55733E-1 6.76945E-1 6.95802E-1 7.40967E-1 7.30712E-1 7.30724E-1 7.59458E-1 7.58957E-1 7.52852E-1 7.57887E-1 7.58683E-1 7.62675E-1 7.51035E-1 7.46845E-1 7.27055E-1 6.96422E-1 6.59067E-1 6.73979E-1 7.34052E-1 7.60458E-1 7.41926E-1 7.51887E-1 7.37218E-1 7.26031E-1 7.15275E-1 7.13894E-1 7.34528E-1 7.70862E-1 7.69885E-1 7.88118E-1 7.93699E-1 8.00129E-1 7.96029E-1 7.91902E-1 7.65717E-1 8.17215E-1 8.3014E-1 8.19383E-1 8.29294E-1 8.37119E-1
5.67953E-1 5.72854E-1 5.78805E-1 6.17208E-1 6.06303E-1 6.21135E-1 6.2578E-1 6.35176E-1 6.21288E-1 6.19248E-1 5.86228E-1 5.67452E-1 5.75717E-1 5.93616E-1 6.63226E-1 6.79928E-1 6.8478E-1 7.07614E-1 7.18826E-1 7.02088E-1 6.50706E-1 6.37762E-1 6.60496E-1 7.06996E-1 7.34294E-1 7.40822E-1 7.40977E-1 7.31313E-1 7.20004E-1 7.31215E-1 7.3415E-1 7.5935E-1 7.60474E-1 7.49405E-1 7.46848E-1 7.29036E-1 7.19936E-1 6.90642E-1 6.87618E-1 7.42564E-1 7.53884E-1 7.3393E-1 7.35342E-1 7.23998E-1 7.14498E-1 7.07657E-1 7.13059E-1 7.20554E-1 7.75853E-1 7.84942E-1 7.73496E-1 7.75967E-1 7.94918E-1 7.88931E-1 7.64105E-1 7.81021E-1 8.09124E-1 8.20898E-1 8.19604E-1 8.02436E-1 8.40386E-1
5.64413E-1 5.81174E-1 5.80382E-1 6.01646E-1 6.04587E-1 6.12283E-1 6.14949E-1 6.21324E-1 6.1636E-1 5.97462E-1 5.73563E-1 5.70491E-1 5.66917E-1 5.754E-1 6.24673E-1 6.69071E-1 6.89891E-1 7.4075E-1 7.40067E-1 7.44079E-1 6.46981E-1 6.44279E-1 6.67306E-1 7.06027E-1 7.31656E-1 7.51011E-1 7.25874E-1 6.94426E-1 7.47232E-1 7.37453E-1 7.38642E-1 7.55007E-1 7.57186E-1 7.70864E-1 7.64289E-1 7.39525E-1 7.50681E-1 7.27831E-1 6.73543E-1 6.99627E-1 7.11726E-1 6.98529E-1 6.92016E-1 6.99905E-1 6.97225E-1 6.93946E-1 7.06151E-1 7.42021E-1 7.94222E-1 7.80287E-1 7.77141E-1 7.74505E-1 7.87123E-1 7.68171E-1 7.69618E-1 7.90588E-1 8.08084E-1 8.25071E-1 8.21935E-1 8.12254E-1 8.41664E-1
5.46604E-1 5.55879E-1 5.83214E-1 5.89072E-1 5.98319E-1 6.04839E-1 6.13013E-1 6.17576E-1 6.00375E-1 5.98314E-1 5.84134E-1 5.59442E-1 5.94745E-1 5.61008E-1 6.04905E-1 6.73187E-1 6.91754E-1 7.35368E-1 7.24804E-1 7.09225E-1 6.44141E-1 6.61451E-1 6.78661E-1 7.1256E-1 7.29501E-1 7.26997E-1 6.9107E-1 7.03036E-1 7.32031E-1 7.15173E-1 7.27252E-1 7.41006E-1 7.45318E-1 7.56684E-1 7.48498E-1 7.3049E-1 7.45461E-1 6.81277E-1 6.60579E-1 6.92348E-1 6.72945E-1 6.66841E-1 6.59926E-1 6.79239E-1 6.76005E-1 7.08564E-1 7.49392E-1 7.27471E-1 7.65304E-1 7.59301E-1 7.56267E-1 7.35216E-1 7.77039E-1 7.61224E-1 7.99122E-1 8.20989E-1 8.2462E-1 8.29113E-1 8.4659E-1 8.25202E-1 8.72371E-1
5.47199E-1 5.5289E-1 5.72833E-1 5.68239E-1 5.86787E-1 5.94602E-1 6.0869E-1 5.9275E-1 5.82315E-1 5.98519E-1 5.65714E-1 5.2307E-1 5.4319E-1 5.27356E-1 5.95547E-1 6.69727E-1 6.53151E-1 6.7028E-1 7.10721E-1 6.53619E-1 6.2002E-1 6.45076E-1 6.77766E-1 7.02546E-1 7.14394E-1 7.06922E-1 7.07104E-1 6.86416E-1 7.05399E-1 6.91553E-1 7.11783E-1 7.29146E-1 7.2261E-1 7.25345E-1 7.04519E-1 6.83505E-1 7.14263E-1 6.70729E-1 6.8148E-1 6.60379E-1 6.46258E-1 6.31686E-1 6.3612E-1 6.48751E-1 6.64858E-1 6.71454E-1 7.1643E-1 7.20373E-1 7.28227E-1 7.30844E-1 7.06812E-1 6.97245E-1 7.2872E-1 7.86555E-1 8.09287E-1 8.44664E-1 8.42461E-1 8.68006E-1 8.70928E-1 8.82423E-1 8.62283E-1
5.98584E-1 5.51946E-1 5.68965E-1 5.80336E-1 5.71516E-1 5.65791E-1 5.78456E-1 5.95194E-1 5.86715E-1 5.71644E-1 5.29257E-1 5.2512E-1 4.99038E-1 5.13046E-1 5.76741E-1 6.40498E-1 6.63483E-1 6.36739E-1 6.57187E-1 6.75376E-1 6.41938E-1 6.2601E-1 6.60607E-1 6.86111E-1 6.91195E-1 6.88341E-1 6.83616E-1 6.83054E-1 7.00086E-1 6.76377E-1 6.83998E-1 6.90582E-1 6.77211E-1 6.65202E-1 6.71704E-1 6.87206E-1 7.40793E-1 6.87726E-1 6.49196E-1 6.39902E-1 6.53229E-1 6.17244E-1 6.33377E-1 6.58866E-1 6.41741E-1 6.71882E-1 6.79537E-1 7.15135E-1 7.26534E-1 7.34203E-1 7.18338E-1 7.1973E-1 6.90685E-1 7.90089E-1 8.27169E-1 8.43494E-1 8.65974E-1 8.69167E-1 8.77235E-1 9.06596E-1 8.63271E-1
5.49854E-1 5.51439E-1 5.62985E-1 5.66584E-1 5.65715E-1 5.43162E-1 5.55497E-1 5.55803E-1 5.5345E-1 5.51585E-1 5.19012E-1 5.23254E-1 5.15927E-1 5.40376E-1 5.6938E-1 6.36622E-1 6.48392E-1 6.4129E-1 6.58687E-1 6.68532E-1 7.17312E-1 6.3884E-1 6.39195E-1 6.74475E-1 6.70193E-1 6.60512E-1 6.78723E-1 6.81727E-1 6.85783E-1 6.58913E-1 6.54745E-1 6.65666E-1 6.64185E-1 6.41776E-1 6.36482E-1 6.78462E-1 6.69649E-1 6.80553E-1 6.33571E-1 6.18623E-1 6.15591E-1 6.06768E-1 6.36927E-1 6.33764E-1 6.38949E-1 6.55829E-1 6.6151E-1 6.98142E-1 7.19601E-1 7.45566E-1 7.07553E-1 7.36196E-1 7.76728E-1 8.04372E-1 8.19631E-1 8.41143E-1 8.46821E-1 8.84792E-1 9.11472E-1 9.19258E-1 8.92461E-1
5.42526E-1 5.64806E-1 5.76902E-1 5.58511E-1 5.31483E-1 5.29328E-1 5.2909E-1 5.22338E-1 5.10376E-1 5.54507E-1 5.44373E-1 5.43343E-1 5.57124E-1 5.46852E-1 5.7461E-1 6.27868E-1 6.80511E-1 6.81857E-1 6.65809E-1 6.76026E-1 7.01776E-1 5.89276E-1 6.3331E-1 6.48736E-1 6.52306E-1 6.61693E-1 6.68677E-1 6.87956E-1 6.84387E-1 6.54644E-1 6.3578E-1 6.42039E-1 6.33966E-1 6.32903E-1 6.51828E-1 7.0037E-1 6.5478E-1 6.22021E-1 5.85633E-1 5.82915E-1 5.98548E-1 5.9544E-1 6.03699E-1 6.21342E-1 6.35514E-1 6.33754E-1 6.54982E-1 6.93045E-1 7.30494E-1 7.42886E-1 7.82223E-1 7.90251E-1 7.71646E-1 8.14112E-1 8.24133E-1 8.44134E-1 8.83494E-1 8.96548E-1 9.24071E-1 9.2262E-1 9.28562E-1
5.51645E-1 5.51207E-1 5.66174E-1 5.48823E-1 5.151E-1 5.0539E-1 4.95074E-1 5.00465E-1 5.17779E-1 5.18321E-1 5.23591E-1 5.36786E-1 5.76042E-1 5.78915E-1 5.76962E-1 6.22747E-1 6.81129E-1 6.73849E-1 6.95291E-1 6.72392E-1 6.95642E-1 6.306E-1 6.39036E-1 6.27079E-1 6.16627E-1 6.6787E-1 6.67855E-1 6.45651E-1 6.45386E-1 6.43592E-1 6.21077E-1 6.35449E-1 6.36381E-1 5.99579E-1 5.8858E-1 6.42506E-1 6.25228E-1 5.98134E-1 5.72834E-1 5.92203E-1 5.85424E-1 6.01545E-1 6.13268E-1 6.205E-1 6.35934E-1 6.48215E-1 6.92536E-1 7.10945E-1 7.16819E-1 7.70241E-1 7.77078E-1 7.86381E-1 8.00481E-1 8.27818E-1 8.39976E-1 8.84505E-1 9.03999E-1 9.24251E-1 9.24487E-1 9.23948E-1 9.09017E-1
5.36603E-1 5.39554E-1 5.82755E-1 5.45327E-1 5.32184E-1 5.12662E-1 5.01528E-1 4.73481E-1 5.12827E-1 5.08709E-1 5.29948E-1 5.3459E-1 5.58035E-1 5.72107E-1 5.74802E-1 5.9423E-1 6.60354E-1 6.6588E-1 6.85063E-1 6.70692E-1 6.67456E-1 6.46307E-1 6.14342E-1 6.17646E-1 6.27321E-1 6.6635E-1 6.53646E-1 6.31324E-1 6.31608E-1 6.43862E-1 6.35539E-1 6.46904E-1 6.29537E-1 5.97849E-1 6.07076E-1 6.39998E-1 6.00103E-1 5.92674E-1 5.92801E-1 5.97037E-1 5.78128E-1 6.38301E-1 6.30159E-1 6.21601E-1 6.54574E-1 7.01833E-1 7.01165E-1 7.73695E-1 7.85799E-1 7.79215E-1 8.27378E-1 8.30511E-1 8.37333E-1 8.61231E-1 8.7994E-1 9.04067E-1 9.11768E-1 9.21618E-1 8.86718E-1 8.92253E-1 8.71553E-1
5.0443E-1 5.25985E-1 5.49787E-1 5.54864E-1 5.33074E-1 4.9996E-1 5.00321E-1 5.05317E-1 5.03192E-1 5.14891E-1 5.34868E-1 5.46611E-1 5.51983E-1 5.69756E-1 5.7954E-1 6.08691E-1 6.39537E-1 6.69659E-1 6.71819E-1 6.7494E-1 6.64077E-1 6.1904E-1 6.19446E-1 5.95951E-1 6.25344E-1 6.41968E-1 6.39002E-1 6.25846E-1 6.28362E-1 6.28075E-1 6.24004E-1 6.20895E-1 6.13258E-1 6.53262E-1 6.35355E-1 5.76379E-1 5.67403E-1 6.13054E-1 6.04038E-1 5.88677E-1 5.83786E-1 6.17162E-1 6.57382E-1 6.60487E-1 7.03074E-1 7.38699E-1 7.98844E-1 8.27843E-1 8.18876E-1 8.17138E-1 8.5767E-1 8.5014E-1 8.51455E-1 8.26432E-1 8.92496E-1 9.13208E-1 9.21287E-1 8.80222E-1 9.10235E-1 8.24466E-1 8.30789E-1
5.08041E-1 5.41886E-1 5.48714E-1 5.52748E-1 5.15391E-1 5.14718E-1 5.05005E-1 5.22132E-1 5.273E-1 5.2222E-1 5.35146E-1 5.51033E-1 5.58782E-1 5.78754E-1 5.94964E-1 6.3575E-1 6.4736E-1 6.76543E-1 6.88493E-1 6.82521E-1 6.65569E-1 6.28034E-1 5.79429E-1 5.83066E-1 6.13166E-1 6.47477E-1 6.32248E-1 6.35667E-1 6.26529E-1 6.25667E-1 6.21759E-1 6.05661E-1 6.52565E-1 6.61106E-1 6.27102E-1 6.03154E-1 6.22603E-1 6.16306E-1 6.45834E-1 6.06029E-1 6.06378E-1 6.11505E-1 6.59344E-1 7.32741E-1 7.47398E-1 8.154E-1 8.50855E-1 8.3584E-1 8.45912E-1 8.64542E-1 8.59892E-1 8.70245E-1 8.03234E-1 8.46509E-1 9.09793E-1 8.50122E-1 8.96234E-1 8.4174E-1 8.6784E-1 7.27689E-1 9.26056E-1
5.52744E-1 5.69079E-1 5.83467E-1 5.76613E-1 5.87678E-1 5.85526E-1 5.7145E-1 5.49602E-1 5.33389E-1 5.47469E-1 5.51703E-1 5.50046E-1 5.51151E-1 5.80627E-1 6.1415E-1 6.25795E-1 6.53108E-1 6.66714E-1 6.57111E-1 6.58057E-1 6.06088E-1 6.14493E-1 6.03987E-1 5.93747E-1 6.20901E-1 6.53631E-1 6.9157E-1 6.62528E-1 6.42339E-1 6.44165E-1 6.57829E-1 6.87267E-1 6.72384E-1 6.23418E-1 6.02368E-1 6.06293E-1 6.2364E-1 6.53147E-1 6.60208E-1 6.297E-1 6.28026E-1 6.72305E-1 7.0765E-1 7.12057E-1 7.35419E-1 7.67799E-1 7.93529E-1 8.26949E-1 8.74795E-1 8.79145E-1 8.45991E-1 7.68152E-1 8.41808E-1 8.99547E-1 9.23646E-1 9.00617E-1 7.78444E-1 7.67909E-1 8.45144E-1 8.54298E-1 7.50044E-1
5.10356E-1 4.85732E-1 5.25634E-1 5.40339E-1 5.57217E-1 5.54525E-1 5.39208E-1 5.64601E-1 5.37651E-1 5.32884E-1 5.53755E-1 5.34825E-1 5.48228E-1 5.86564E-1 6.03099E-1 6.28216E-1 6.36209E-1 6.4814E-1 6.3438E-1 6.15548E-1 6.14732E-1 6.15288E-1 6.23861E-1 6.25902E-1 6.35643E-1 6.71138E-1 6.95801E-1 6.93323E-1 6.94963E-1 6.8163E-1 7.08112E-1 7.17685E-1 7.02076E-1 6.46455E-1 6.79754E-1 6.61151E-1 6.5709E-1 6.81272E-1 7.33505E-1 7.17143E-1 7.02048E-1 6.89101E-1 7.35234E-1 7.5561E-1 7.92212E-1 8.04565E-1 8.17395E-1 8.71354E-1 8.86704E-1 8.56386E-1 8.5267E-1 8.3545E-1 9.23447E-1 9.19686E-1 9.05827E-1 8.80117E-1 7.63498E-1 7.80105E-1 8.31352E-1 7.18511E-1 6.94611E-1
4.75774E-1 4.77983E-1 5.04591E-1 5.08974E-1 5.41476E-1 5.44047E-1 5.26355E-1 5.44735E-1 5.41977E-1 5.32085E-1 5.44783E-1 5.52265E-1 5.7717E-1 5.84113E-1 5.9633E-1 5.97015E-1 5.97007E-1 5.89682E-1 5.94469E-1 6.04189E-1 5.83779E-1 5.66664E-1 5.8132E-1 5.91661E-1 6.47955E-1 6.49677E-1 6.65489E-1 6.97244E-1 6.75212E-1 6.73278E-1 6.79784E-1 6.81123E-1 6.74494E-1 6.64802E-1 7.12133E-1 7.07835E-1 6.82947E-1 7.29369E-1 7.65387E-1 8.01372E-1 8.04176E-1 7.81849E-1 7.59806E-1 7.86186E-1 8.54858E-1 8.81298E-1 8.64419E-1 8.9413E-1 8.9227E-1 8.88049E-1 9.00108E-1 8.72609E-1 8.41835E-1 8.52113E-1 8.59102E-1 8.5163E-1 7.25154E-1 7.09188E-1 6.55085E-1 6.41627E-1 6.58607E-1
4.68798E-1 5.01018E-1 4.87676E-1 5.05916E-1 5.16923E-1 5.10975E-1 5.21688E-1 5.44535E-1 5.28975E-1 5.43778E-1 5.54799E-1 5.69627E-1 5.72278E-1 5.96335E-1 5.8637E-1 5.80464E-1 5.69899E-1 5.52433E-1 5.49983E-1 5.74452E-1 5.66703E-1 5.85515E-1 6.04523E-1 6.13787E-1 6.34746E-1 6.67412E-1 6.77464E-1 6.72044E-1 6.65385E-1 6.72851E-1 6.79855E-1 6.6916E-1 6.66809E-1 6.80258E-1 7.23646E-1 7.50061E-1 7.81081E-1 8.11404E-1 8.07483E-1 8.74305E-1 8.32746E-1 8.12408E-1 8.2479E-1 8.3908E-1 8.53533E-1 8.68098E-1 8.91479E-1 9.02139E-1 9.05653E-1 8.9516E-1 8.89118E-1 8.2117E-1 8.1223E-1 8.29604E-1 8.94631E-1 9.03162E-1 7.19323E-1 7.0856E-1 7.98801E-1 6.8363E-1 6.42153E-1
4.17153E-1 4.86996E-1 4.80421E-1 4.94199E-1 4.85543E-1 4.89089E-1 5.58535E-1 5.65118E-1 5.43624E-1 5.02939E-1 5.29041E-1 5.59587E-1 5.80383E-1 5.86277E-1 5.57934E-1 5.64365E-1 5.32623E-1 5.15594E-1 5.33917E-1 5.48226E-1 5.56555E-1 5.94416E-1 6.09288E-1 6.20807E-1 6.12488E-1 7.10139E-1 7.24887E-1 6.8037E-1 6.7946E-1 6.81695E-1 6.98588E-1 6.73411E-1 6.36039E-1 6.85362E-1 7.90033E-1 8.18888E-1 8.41613E-1 8.93154E-1 9.14864E-1 8.7338E-1 9.06566E-1 8.34335E-1 7.96391E-1 8.47395E-1 8.83888E-1 8.88083E-1 8.57204E-1 8.93125E-1 8.69232E-1 8.60581E-1 8.09236E-1 8.56482E-1 9.05006E-1 9.02167E-1 8.8668E-1 7.69408E-1 6.94077E-1 6.65197E-1 6.55669E-1 6.55312E-1 6.0427E-1
4.1361E-1 4.65073E-1 4.64824E-1 4.79592E-1 4.77461E-1 4.8564E-1 4.9063E-1 5.52964E-1 5.2888E-1 5.08025E-1 4.97871E-1 5.08638E-1 5.2088E-1 5.15012E-1 5.07843E-1 5.14459E-1 5.21182E-1 5.2123E-1 5.39436E-1 5.50855E-1 5.59942E-1 5.93407E-1 5.84816E-1 5.76453E-1 6.13431E-1 6.77783E-1 6.90314E-1 6.84266E-1 6.73864E-1 6.84815E-1 6.81284E-1 6.62691E-1 6.89999E-1 7.24909E-1 7.1864E-1 8.20569E-1 7.77888E-1 7.85504E-1 8.04946E-1 8.34207E-1 7.46052E-1 7.70836E-1 7.84759E-1 8.0594E-1 7.62301E-1 7.91066E-1 9.01421E-1 9.21826E-1 9.18471E-1 9.11026E-1 8.658E-1 8.82306E-1 8.8423E-1 9.21994E-1 7.98165E-1 6.87782E-1 6.27674E-1 6.54867E-1 6.17225E-1 6.15386E-1 6.04321E-1
4.33068E-1 4.36378E-1 4.43183E-1 4.65428E-1 4.79045E-1 4.92779E-1 4.83057E-1 5.35907E-1 5.05811E-1 4.96302E-1 4.92342E-1 4.80441E-1 4.86063E-1 4.92915E-1 5.08873E-1 5.1507E-1 5.21111E-1 5.26864E-1 5.38592E-1 5.51664E-1 5.51518E-1 5.72423E-1 5.66414E-1 6.06066E-1 6.29391E-1 6.33056E-1 7.23985E-1 7.07496E-1 6.79951E-1 7.16655E-1 7.61339E-1 6.90331E-1 7.76869E-1 7.32541E-1 6.80919E-1 6.8412E-1 6.91829E-1 7.03217E-1 7.19417E-1 7.05121E-1 6.81198E-1 6.95978E-1 7.19803E-1 7.3559E-1 8.85067E-1 9.18003E-1 9.1911E-1 9.12192E-1 8.99898E-1 8.82847E-1 8.77138E-1 8.13798E-1 7.18189E-1 7.48202E-1 6.6593E-1 5.96698E-1 6.00614E-1 5.79215E-1 5.79505E-1 5.64804E-1 5.52645E-1
4.39146E-1 4.23977E-1 4.27436E-1 4.47117E-1 4.55608E-1 4.74414E-1 4.75709E-1 5.37278E-1 4.94909E-1 4.51743E-1 4.31895E-1 4.37993E-1 4.4933E-1 4.82054E-1 4.92816E-1 4.89509E-1 4.81259E-1 4.72831E-1 4.79892E-1 4.86296E-1 5.30031E-1 5.17829E-1 5.30304E-1 5.88039E-1 6.09029E-1 6.46789E-1 7.19052E-1 6.85438E-1 6.63153E-1 7.1338E-1 7.6117E-1 6.827E-1 6.83408E-1 6.3043E-1 6.34348E-1 6.46732E-1 6.74817E-1 6.68479E-1 6.42176E-1 6.78843E-1 6.59568E-1 6.45738E-1 6.8152E-1 8.85405E-1 9.03824E-1 9.18206E-1 9.19395E-1 8.96746E-1 9.03684E-1 8.90994E-1 7.80373E-1 6.26052E-1 6.19396E-1 6.52524E-1 6.4907E-1 5.76535E-1 5.51488E-1 5.73303E-1 5.75308E-1 5.62853E-1 5.4927E-1
4.00116E-1 4.07125E-1 4.13911E-1 4.3617E-1 4.44975E-1 4.57468E-1 4.34919E-1 4.42482E-1 4.72855E-1 4.23628E-1 4.23918E-1 4.38195E-1 4.25145E-1 4.31766E-1 4.58168E-1 4.65198E-1 4.76608E-1 4.56601E-1 4.63282E-1 4.7072E-1 4.77421E-1 5.01211E-1 5.33205E-1 5.67017E-1 6.37145E-1 6.95761E-1 6.84207E-1 6.43745E-1 6.87843E-1 7.67496E-1 7.7108E-1 6.38648E-1 6.56825E-1 6.15009E-1 6.03116E-1 6.54777E-1 6.32181E-1 5.71079E-1 5.8151E-1 6.23309E-1 6.00003E-1 7.23986E-1 8.20999E-1 9.13016E-1 9.13908E-1 9.15996E-1 9.11741E-1 9.00283E-1 7.41524E-1 6.25285E-1 6.19655E-1 6.04149E-1 6.0623E-1 6.14698E-1 6.14191E-1 6.03604E-1 5.93054E-1 5.85145E-1 5.63943E-1 5.56479E-1 5.5556E-1
3.9388E-1 3.97726E-1 4.18254E-1 4.23928E-1 4.24641E-1 4.25593E-1 3.96986E-1 3.93776E-1 4.32875E-1 3.89132E-1 4.15184E-1 4.20802E-1 4.22487E-1 4.28528E-1 4.6905E-1 5.10477E-1 4.97096E-1 4.45253E-1 4.75314E-1 4.8421E-1 4.80077E-1 5.18676E-1 5.14876E-1 5.741E-1 6.63315E-1 6.65728E-1 6.43767E-1 6.08452E-1 5.76906E-1 6.80335E-1 6.00546E-1 5.3575E-1 5.60708E-1 5.1947E-1 5.33609E-1 5.75829E-1 5.17518E-1 5.39993E-1 5.84461E-1 7.44813E-1 8.98593E-1 8.92937E-1 9.03907E-1 9.11313E-1 9.07765E-1 9.27102E-1 8.74773E-1 7.30533E-1 6.74607E-1 7.10869E-1 6.37223E-1 5.91778E-1 5.72196E-1 5.97862E-1 6.29401E-1 6.00229E-1 5.98513E-1 5.85791E-1 5.29031E-1 5.16233E-1 5.53435E-1
