data/maxent/outputs/red_177.asc
ncols         426
nrows         180
xllcorner     -130.0
yllcorner     24.0
cellsize      0.16666666666666666
NODATA_value  -9999
[rows 0 to 26 of 180, columns 0 to 60 of 426]
1.5753E-1 1.66445E-1 1.77735E-1 1.83981E-1 1.81029E-1 1.56775E-1 1.7731E-1 2.60056E-1 2.24809E-1 2.42153E-1 3.01918E-1 3.4472E-1 3.97474E-1 4.40373E-1 4.43162E-1 5.44082E-1 5.52885E-1 5.56214E-1 5.59494E-1 5.8101E-1 5.23911E-1 4.27799E-1 3.59758E-1 3.43896E-1 3.65428E-1 3.79186E-1 3.50596E-1 3.61257E-1 3.79987E-1 3.74699E-1 4.0028E-1 4.07205E-1 4.18273E-1 4.17966E-1 3.99274E-1 3.9011E-1 3.93992E-1 4.0425E-1 4.20698E-1 4.31208E-1 4.43947E-1 4.53047E-1 4.61226E-1 4.99994E-1 5.33874E-1 5.63564E-1 6.58103E-1 6.45839E-1 6.50654E-1 6.66244E-1 6.63893E-1 6.34928E-1 5.91667E-1 5.48744E-1 5.32864E-1 4.7629E-1 4.72567E-1 4.58762E-1 4.97157E-1 4.73228E-1 5.12269E-1
1.70543E-1 1.40347E-1 1.33689E-1 1.56024E-1 1.37488E-1 1.44143E-1 1.7303E-1 2.06661E-1 1.92116E-1 2.26358E-1 2.85255E-1 3.079E-1 3.69361E-1 4.14241E-1 5.04977E-1 4.93677E-1 4.91276E-1 5.57309E-1 5.61409E-1 5.65536E-1 5.16919E-1 5.27232E-1 4.25474E-1 3.46657E-1 3.38573E-1 3.81277E-1 3.65783E-1 3.72907E-1 3.76688E-1 3.87139E-1 3.93146E-1 4.00836E-1 4.13579E-1 4.24258E-1 4.52956E-1 4.48426E-1 4.5009E-1 4.5321E-1 4.46928E-1 4.51921E-1 4.57354E-1 4.61814E-1 4.66227E-1 4.73536E-1 5.12232E-1 5.44777E-1 6.23695E-1 6.46095E-1 6.47522E-1 6.72223E-1 6.28703E-1 6.26779E-1 6.36687E-1 6.34635E-1 6.16897E-1 5.4387E-1 4.76047E-1 4.79866E-1 5.18499E-1 5.06009E-1 5.25974E-1
1.87124E-1 1.49851E-1 1.37071E-1 1.33036E-1 1.28149E-1 1.38052E-1 1.50761E-1 1.75427E-1 1.80577E-1 1.93767E-1 2.26331E-1 2.59066E-1 3.50989E-1 3.58232E-1 4.28297E-1 4.26065E-1 5.07325E-1 5.23287E-1 5.67557E-1 5.56911E-1 6.06873E-1 5.64883E-1 5.22115E-1 4.54832E-1 4.47351E-1 3.93466E-1 3.85871E-1 3.70237E-1 3.71014E-1 3.78396E-1 3.77651E-1 3.92765E-1 4.10554E-1 4.06523E-1 4.06176E-1 4.12948E-1 3.97803E-1 4.20919E-1 4.35296E-1 4.39732E-1 4.53573E-1 4.65895E-1 4.82785E-1 4.87914E-1 4.93074E-1 5.29706E-1 5.92235E-1 6.46137E-1 6.35492E-1 6.41851E-1 6.62481E-1 6.31307E-1 5.80309E-1 5.77303E-1 5.57023E-1 5.74733E-1 5.77211E-1 5.78318E-1 5.44442E-1 5.59463E-1 5.67802E-1
2.12495E-1 1.65511E-1 1.4681E-1 1.35231E-1 1.30479E-1 1.23426E-1 1.27577E-1 1.3575E-1 1.50482E-1 1.58867E-1 1.78109E-1 2.03116E-1 2.26813E-1 2.76139E-1 3.66862E-1 4.3674E-1 4.6214E-1 4.50226E-1 4.31995E-1 5.68421E-1 6.0891E-1 5.58288E-1 6.37369E-1 5.80663E-1 4.64966E-1 4.16642E-1 3.79864E-1 3.49505E-1 3.3048E-1 3.36458E-1 3.6238E-1 4.1176E-1 3.99698E-1 3.6708E-1 3.85554E-1 3.77299E-1 3.93351E-1 4.0613E-1 4.09285E-1 4.46008E-1 4.57798E-1 4.6657E-1 4.76204E-1 4.80878E-1 4.83133E-1 5.03478E-1 5.80718E-1 6.25378E-1 6.47715E-1 6.45123E-1 6.56969E-1 6.50797E-1 6.27173E-1 5.76899E-1 5.50934E-1 5.61214E-1 5.63141E-1 5.61023E-1 5.79149E-1 5.91694E-1 6.25709E-1
2.44633E-1 2.0686E-1 1.55573E-1 1.39107E-1 1.31002E-1 1.1784E-1 1.09114E-1 1.13146E-1 1.26878E-1 1.50154E-1 1.92087E-1 1.86113E-1 1.88891E-1 2.27201E-1 3.03366E-1 4.24153E-1 4.32571E-1 4.06098E-1 4.14941E-1 4.50741E-1 5.09756E-1 5.84391E-1 6.09065E-1 5.73793E-1 4.85963E-1 4.43534E-1 3.96461E-1 3.68048E-1 4.17046E-1 4.46031E-1 4.17964E-1 3.55205E-1 3.88579E-1 3.52552E-1 3.43152E-1 3.5838E-1 3.53913E-1 3.57078E-1 3.67348E-1 4.24409E-1 4.52065E-1 4.75124E-1 4.80372E-1 4.85175E-1 4.87702E-1 4.96322E-1 5.34654E-1 5.83608E-1 6.35737E-1 6.50144E-1 6.46413E-1 6.60211E-1 6.46711E-1 6.36727E-1 6.30878E-1 5.63079E-1 5.55146E-1 5.45294E-1 5.96125E-1 6.05114E-1 6.11142E-1
2.03162E-1 1.63687E-1 1.68171E-1 1.63904E-1 1.41332E-1 1.15269E-1 1.06999E-1 1.10146E-1 1.05121E-1 1.13608E-1 1.64063E-1 1.87481E-1 1.85063E-1 2.13267E-1 2.83945E-1 3.59237E-1 3.48849E-1 3.55701E-1 3.29375E-1 4.59644E-1 4.65332E-1 6.15129E-1 6.05093E-1 5.84959E-1 5.17415E-1 4.60806E-1 4.23697E-1 3.8171E-1 3.43431E-1 3.49412E-1 3.82041E-1 3.15856E-1 3.09097E-1 3.14495E-1 3.03319E-1 3.17179E-1 3.50143E-1 3.35732E-1 3.52058E-1 4.01592E-1 4.44518E-1 4.72967E-1 4.90013E-1 4.87953E-1 4.75817E-1 4.88188E-1 5.11519E-1 5.6482E-1 6.22563E-1 6.4187E-1 6.55092E-1 6.4389E-1 6.40753E-1 6.4583E-1 5.58464E-1 5.90404E-1 5.87552E-1 5.47017E-1 5.65498E-1 5.28421E-1 5.49571E-1
-9999 1.19755E-1 1.67077E-1 1.32601E-1 1.33189E-1 1.34122E-1 1.30083E-1 1.0348E-1 9.88473E-2 9.7965E-2 1.17531E-1 1.29206E-1 1.70924E-1 2.0463E-1 2.57223E-1 3.30591E-1 3.08898E-1 3.03835E-1 2.96983E-1 4.12573E-1 4.47625E-1 5.89748E-1 5.79786E-1 6.01852E-1 5.58499E-1 5.01426E-1 4.51379E-1 4.11997E-1 3.68476E-1 3.34805E-1 3.33789E-1 3.73644E-1 4.14736E-1 4.04473E-1 3.41507E-1 3.25389E-1 3.21835E-1 3.39118E-1 3.25108E-1 3.44708E-1 4.20503E-1 4.26332E-1 4.53341E-1 4.91669E-1 4.83572E-1 4.77918E-1 5.01051E-1 5.21256E-1 5.66793E-1 6.11692E-1 6.5634E-1 6.19848E-1 6.45681E-1 6.55052E-1 6.42279E-1 5.62683E-1 5.45137E-1 5.09264E-1 5.04116E-1 5.06217E-1 4.88558E-1
-9999 -9999 -9999 1.06641E-1 1.85188E-1 1.61421E-1 1.50213E-1 1.13424E-1 9.94146E-2 9.85731E-2 1.01326E-1 1.18789E-1 1.37341E-1 1.79376E-1 2.16661E-1 2.69215E-1 2.91173E-1 2.84699E-1 2.91772E-1 3.35313E-1 4.40929E-1 5.84284E-1 5.86892E-1 6.31761E-1 6.53921E-1 6.41864E-1 4.85124E-1 4.82199E-1 5.66939E-1 4.69857E-1 5.04891E-1 5.06352E-1 4.30421E-1 4.06001E-1 3.87236E-1 3.35554E-1 3.27762E-1 3.29796E-1 3.1309E-1 3.19598E-1 3.73212E-1 3.77654E-1 4.15991E-1 4.76605E-1 4.6904E-1 4.77837E-1 4.88542E-1 5.02759E-1 5.13365E-1 5.52858E-1 6.06898E-1 6.38148E-1 6.66246E-1 6.61019E-1 6.49136E-1 6.29955E-1 4.55445E-1 4.76436E-1 5.21048E-1 4.94517E-1 4.82143E-1
-9999 -9999 -9999 8.87403E-2 1.57097E-1 1.98427E-1 2.06733E-1 1.33343E-1 1.31873E-1 1.06407E-1 1.12529E-1 1.17204E-1 1.28664E-1 1.53372E-1 1.56182E-1 1.99146E-1 1.99792E-1 2.40993E-1 3.195E-1 3.4781E-1 4.16387E-1 5.08055E-1 6.22225E-1 5.85869E-1 6.3194E-1 6.60704E-1 5.27686E-1 3.97661E-1 3.80759E-1 3.57444E-1 4.39716E-1 4.57433E-1 3.28098E-1 2.98503E-1 2.84822E-1 2.52927E-1 2.86622E-1 2.80918E-1 2.62428E-1 2.6056E-1 2.90001E-1 3.40558E-1 3.46489E-1 3.93374E-1 4.19019E-1 4.50057E-1 4.70812E-1 4.94584E-1 5.08028E-1 5.2142E-1 5.42128E-1 6.00859E-1 6.42913E-1 6.54862E-1 6.72897E-1 6.4087E-1 6.42844E-1 6.31286E-1 5.42287E-1 4.45189E-1 4.22245E-1
-9999 -9999 -9999 -9999 -9999 1.06645E-1 1.56869E-1 1.7097E-1 1.62158E-1 1.36674E-1 1.37011E-1 1.29451E-1 1.20783E-1 1.22435E-1 1.42923E-1 1.5355E-1 1.88705E-1 2.59766E-1 2.95084E-1 3.01387E-1 3.87863E-1 5.57864E-1 5.76993E-1 6.11684E-1 6.428E-1 6.41486E-1 5.32975E-1 4.37228E-1 3.24508E-1 2.6503E-1 3.23176E-1 4.10521E-1 2.78946E-1 2.21553E-1 2.07859E-1 1.8292E-1 2.05396E-1 2.26606E-1 2.13938E-1 2.36438E-1 2.51666E-1 2.8381E-1 3.08555E-1 3.26293E-1 3.5551E-1 3.83311E-1 4.44631E-1 4.73014E-1 4.87841E-1 5.04061E-1 5.36603E-1 5.44092E-1 5.50273E-1 6.34294E-1 6.6363E-1 6.49623E-1 4.24336E-1 4.56966E-1 5.82148E-1 4.5346E-1 4.27971E-1
-9999 -9999 -9999 -9999 -9999 -9999 -9999 2.09033E-1 2.1014E-1 1.63903E-1 1.74352E-1 1.54821E-1 1.32995E-1 1.3154E-1 1.40712E-1 1.66025E-1 1.80423E-1 2.10524E-1 2.6374E-1 3.06547E-1 3.55716E-1 4.75385E-1 4.12018E-1 5.97354E-1 5.97746E-1 6.19305E-1 6.75853E-1 5.48785E-1 3.81162E-1 2.59563E-1 2.72208E-1 3.86978E-1 2.99897E-1 2.08119E-1 1.84872E-1 1.88011E-1 1.80252E-1 1.89536E-1 2.18765E-1 2.00472E-1 2.30257E-1 2.70845E-1 2.74569E-1 2.8329E-1 3.00517E-1 3.24993E-1 3.49699E-1 4.07143E-1 4.58762E-1 4.82405E-1 5.09859E-1 5.26839E-1 5.74244E-1 6.50715E-1 6.60348E-1 6.7753E-1 4.89743E-1 4.1279E-1 6.64244E-1 4.22489E-1 3.48682E-1
-9999 -9999 -9999 -9999 -9999 -9999 -9999 -9999 1.15383E-1 1.47261E-1 1.5125E-1 1.84866E-1 1.64501E-1 1.54732E-1 1.48405E-1 1.62344E-1 2.15383E-1 2.88051E-1 2.80799E-1 2.58606E-1 3.43821E-1 4.06789E-1 3.1751E-1 4.16595E-1 6.2914E-1 6.29507E-1 6.73602E-1 6.32084E-1 5.45626E-1 3.09837E-1 2.12232E-1 2.43252E-1 2.305E-1 1.98548E-1 1.9039E-1 2.10334E-1 1.96254E-1 1.9147E-1 2.03698E-1 1.97371E-1 2.09272E-1 2.41343E-1 2.82158E-1 2.89559E-1 2.96808E-1 2.80643E-1 2.95762E-1 3.24357E-1 3.69021E-1 4.66226E-1 4.80245E-1 4.97307E-1 5.12317E-1 6.68959E-1 6.39524E-1 6.5699E-1 6.35734E-1 4.83648E-1 6.39952E-1 6.22059E-1 5.09728E-1
-9999 -9999 -9999 -9999 -9999 -9999 -9999 -9999 -9999 1.19672E-1 1.36238E-1 1.9652E-1 1.66117E-1 1.59291E-1 1.71228E-1 1.63931E-1 2.12338E-1 2.89021E-1 3.22501E-1 2.81658E-1 3.35194E-1 4.35009E-1 5.36298E-1 3.9163E-1 3.36639E-1 6.24094E-1 6.1537E-1 5.95429E-1 6.19617E-1 5.00883E-1 3.37109E-1 2.57256E-1 1.92274E-1 2.23179E-1 2.83736E-1 2.46841E-1 2.35314E-1 2.29057E-1 2.23554E-1 2.14046E-1 2.148E-1 2.12501E-1 2.35603E-1 2.4976E-1 2.63943E-1 2.55862E-1 2.84183E-1 3.14191E-1 3.45128E-1 3.80568E-1 4.55067E-1 4.74552E-1 4.88493E-1 5.22407E-1 5.26574E-1 5.2991E-1 5.56541E-1 6.40387E-1 6.4331E-1 6.14377E-1 4.2186E-1
-9999 -9999 -9999 -9999 -9999 -9999 -9999 -9999 -9999 -9999 1.25078E-1 1.56601E-1 1.71859E-1 1.95813E-1 1.75083E-1 1.76366E-1 1.94846E-1 2.51686E-1 3.47847E-1 3.20678E-1 3.73768E-1 4.37459E-1 5.21702E-1 5.65928E-1 4.0786E-1 6.06571E-1 6.37413E-1 6.49652E-1 6.52375E-1 5.81382E-1 6.00295E-1 4.68401E-1 5.24854E-1 3.27198E-1 3.70003E-1 2.94227E-1 2.99399E-1 2.81846E-1 2.7367E-1 2.71136E-1 2.5859E-1 2.28614E-1 2.14956E-1 2.26956E-1 2.7459E-1 2.43936E-1 2.74064E-1 3.14637E-1 3.50223E-1 3.79146E-1 3.82495E-1 4.03455E-1 4.74149E-1 5.09395E-1 5.19754E-1 5.31674E-1 6.06003E-1 6.38949E-1 5.75271E-1 6.42448E-1 4.49001E-1
-9999 -9999 -9999 -9999 -9999 -9999 -9999 -9999 -9999 -9999 -9999 2.35505E-1 2.03213E-1 1.89752E-1 1.98595E-1 1.88381E-1 1.91343E-1 2.35734E-1 3.07072E-1 3.49945E-1 3.8893E-1 5.23371E-1 5.48881E-1 3.92438E-1 3.68573E-1 4.83598E-1 6.27766E-1 6.01568E-1 4.09322E-1 6.2247E-1 5.08482E-1 4.52411E-1 5.30828E-1 5.30516E-1 5.39917E-1 4.75453E-1 4.49644E-1 3.5235E-1 4.06125E-1 4.60057E-1 3.95855E-1 3.2403E-1 4.0827E-1 3.74581E-1 3.13705E-1 2.6522E-1 2.66637E-1 3.53383E-1 3.23826E-1 3.65511E-1 4.06747E-1 4.37508E-1 4.4734E-1 4.78157E-1 5.12072E-1 5.24565E-1 6.15193E-1 6.40427E-1 5.92946E-1 5.80893E-1 6.15028E-1
-9999 -9999 -9999 -9999 -9999 -9999 -9999 -9999 -9999 -9999 -9999 2.36188E-1 2.19997E-1 1.95605E-1 2.36927E-1 2.23807E-1 2.35658E-1 2.36526E-1 2.59197E-1 3.39627E-1 3.635E-1 4.63675E-1 4.3896E-1 3.94177E-1 4.63102E-1 5.37601E-1 5.10572E-1 3.23533E-1 2.70628E-1 5.00578E-1 6.25433E-1 5.87856E-1 6.56384E-1 6.13914E-1 5.93373E-1 5.68854E-1 6.07161E-1 5.83708E-1 5.41259E-1 5.8511E-1 4.93957E-1 4.66953E-1 5.0144E-1 4.4505E-1 3.83904E-1 3.6301E-1 2.52491E-1 3.41019E-1 3.29884E-1 3.28554E-1 3.40289E-1 3.6037E-1 3.81529E-1 4.40859E-1 4.95293E-1 5.10565E-1 5.21229E-1 5.74799E-1 5.27238E-1 5.77162E-1 4.60093E-1
-9999 -9999 -9999 -9999 -9999 -9999 -9999 -9999 -9999 -9999 -9999 -9999 -9999 2.34002E-1 2.85896E-1 2.86304E-1 2.73011E-1 2.74703E-1 2.35948E-1 2.6626E-1 3.0433E-1 4.03837E-1 4.73996E-1 5.25176E-1 4.1188E-1 4.05735E-1 4.46754E-1 4.07586E-1 3.31957E-1 5.30768E-1 6.10589E-1 4.53092E-1 3.14522E-1 3.81119E-1 4.62264E-1 6.25456E-1 6.66779E-1 6.63686E-1 6.1602E-1 6.15798E-1 6.61105E-1 6.64734E-1 6.52139E-1 5.27978E-1 5.53773E-1 5.2468E-1 3.5729E-1 3.21199E-1 4.26349E-1 4.30739E-1 3.21178E-1 3.0881E-1 3.29795E-1 3.66216E-1 4.2605E-1 4.86799E-1 5.19751E-1 5.48476E-1 5.23299E-1 5.62567E-1 5.80995E-1
-9999 -9999 -9999 -9999 -9999 -9999 -9999 -9999 -9999 -9999 -9999 -9999 -9999 2.52831E-1 2.894E-1 3.06301E-1 2.95496E-1 2.85104E-1 2.93333E-1 2.90949E-1 2.71413E-1 3.09784E-1 3.41553E-1 4.15715E-1 4.70138E-1 3.62729E-1 3.0734E-1 3.72198E-1 3.08115E-1 4.45802E-1 4.09663E-1 4.48206E-1 2.65124E-1 3.68867E-1 4.43091E-1 5.57148E-1 5.12825E-1 3.60547E-1 6.19503E-1 5.23145E-1 4.4344E-1 6.19828E-1 6.96747E-1 6.14634E-1 7.00043E-1 6.64924E-1 5.74783E-1 3.46253E-1 4.00097E-1 4.89547E-1 3.77493E-1 2.6692E-1 3.93958E-1 4.25827E-1 3.78118E-1 4.55642E-1 5.38433E-1 5.50447E-1 4.82603E-1 4.95253E-1 5.5661E-1
-9999 -9999 -9999 -9999 -9999 9.65667E-2 -9999 -9999 -9999 -9999 1.71874E-1 2.53705E-1 2.29711E-1 2.26002E-1 2.1294E-1 2.9328E-1 3.21631E-1 3.13314E-1 3.1933E-1 3.29698E-1 3.35647E-1 2.99973E-1 3.04765E-1 3.42099E-1 3.67522E-1 3.10773E-1 2.41344E-1 3.4906E-1 4.07335E-1 3.83758E-1 3.03955E-1 3.52544E-1 3.87643E-1 5.67324E-1 3.98997E-1 4.99263E-1 4.12169E-1 2.58279E-1 4.0122E-1 5.5573E-1 4.72102E-1 5.33954E-1 6.07285E-1 5.03025E-1 5.90064E-1 6.66623E-1 5.30259E-1 5.05876E-1 3.40226E-1 4.22693E-1 4.07952E-1 2.46355E-1 3.9118E-1 4.06871E-1 2.89411E-1 4.04272E-1 5.07927E-1 4.83161E-1 3.84505E-1 4.96927E-1 5.89702E-1
-9999 -9999 -9999 -9999 -9999 -9999 9.52917E-2 1.69147E-1 1.35867E-1 1.58595E-1 1.95853E-1 3.22244E-1 3.41756E-1 3.52327E-1 3.89324E-1 3.61621E-1 3.76075E-1 2.6173E-1 2.68841E-1 3.18264E-1 3.18098E-1 3.77445E-1 3.62202E-1 3.04763E-1 3.41255E-1 2.80544E-1 2.71995E-1 3.05103E-1 3.9798E-1 3.91193E-1 3.14267E-1 3.60413E-1 4.65567E-1 3.8818E-1 4.70878E-1 3.67933E-1 4.39605E-1 3.5047E-1 5.88204E-1 4.75781E-1 4.61288E-1 4.53026E-1 5.9593E-1 5.76232E-1 5.04806E-1 6.19958E-1 5.08975E-1 4.97502E-1 3.50477E-1 4.89201E-1 3.96185E-1 3.6865E-1 1.85608E-1 2.28865E-1 2.17699E-1 2.19349E-1 2.37573E-1 2.53756E-1 2.98729E-1 4.41532E-1 4.64768E-1
-9999 -9999 -9999 -9999 -9999 -9999 -9999 -9999 -9999 -9999 2.0237E-1 3.21153E-1 3.2287E-1 3.79303E-1 3.915E-1 4.33215E-1 4.18009E-1 3.80039E-1 3.61119E-1 2.60626E-1 2.83906E-1 3.65338E-1 3.48841E-1 3.61162E-1 3.74517E-1 3.6715E-1 3.32363E-1 3.33138E-1 3.13129E-1 3.03543E-1 2.64887E-1 3.23086E-1 4.67522E-1 4.61218E-1 4.47116E-1 4.97677E-1 4.56792E-1 3.55393E-1 4.94086E-1 5.97415E-1 5.88338E-1 5.77085E-1 5.51035E-1 5.57073E-1 5.79555E-1 5.9096E-1 4.90687E-1 5.92858E-1 5.26085E-1 4.87529E-1 5.50954E-1 3.78814E-1 2.50937E-1 4.44804E-1 3.41369E-1 3.68722E-1 3.93681E-1 3.23954E-1 2.91969E-1 3.5636E-1 3.79639E-1
-9999 -9999 -9999 -9999 -9999 -9999 -9999 -9999 -9999 -9999 -9999 2.39297E-1 2.3142E-1 3.39203E-1 2.95912E-1 3.94189E-1 3.40551E-1 3.34174E-1 3.99235E-1 3.24245E-1 2.51492E-1 2.94493E-1 3.53972E-1 3.64293E-1 3.47573E-1 3.49942E-1 3.33998E-1 3.39077E-1 3.3606E-1 3.14061E-1 2.82043E-1 2.97903E-1 3.21698E-1 2.88467E-1 3.86961E-1 5.09261E-1 3.67494E-1 4.14618E-1 5.9966E-1 3.27801E-1 4.34513E-1 5.60662E-1 6.0289E-1 6.08989E-1 5.47985E-1 5.54095E-1 5.13854E-1 4.36478E-1 4.75714E-1 4.84431E-1 4.85074E-1 4.00155E-1 3.15526E-1 4.83248E-1 3.59016E-1 3.38903E-1 3.92954E-1 3.4172E-1 3.20092E-1 4.41268E-1 4.79383E-1
-9999 -9999 -9999 -9999 -9999 -9999 -9999 -9999 -9999 -9999 -9999 -9999 1.93085E-1 2.47513E-1 3.14081E-1 3.3425E-1 3.13887E-1 3.76639E-1 4.70803E-1 4.73247E-1 4.36066E-1 4.22087E-1 3.45083E-1 3.92012E-1 4.47487E-1 4.97335E-1 4.78465E-1 3.74547E-1 3.61069E-1 3.39076E-1 3.14765E-1 2.85553E-1 2.84634E-1 3.3202E-1 3.7928E-1 3.62154E-1 3.20341E-1 3.91742E-1 5.05657E-1 4.62492E-1 5.11169E-1 5.86762E-1 5.57635E-1 5.16966E-1 5.87263E-1 4.73427E-1 4.46588E-1 5.60672E-1 4.58598E-1 4.52713E-1 5.49618E-1 4.59517E-1 4.43362E-1 3.71782E-1 3.53541E-1 3.62165E-1 3.56385E-1 2.2726E-1 3.50394E-1 3.30558E-1 4.70039E-1
-9999 -9999 -9999 -9999 -9999 -9999 -9999 -9999 -9999 -9999 -9999 -9999 1.91148E-1 2.42376E-1 2.64389E-1 3.35576E-1 3.39122E-1 3.6097E-1 4.06685E-1 3.40116E-1 3.26738E-1 4.91436E-1 3.90804E-1 4.22182E-1 4.29421E-1 5.92193E-1 5.86671E-1 4.69378E-1 4.19676E-1 3.28697E-1 3.5111E-1 2.91044E-1 3.55733E-1 3.84311E-1 3.61104E-1 2.98293E-1 2.8887E-1 2.89314E-1 3.63667E-1 4.07314E-1 4.87182E-1 4.95181E-1 5.18686E-1 3.98986E-1 5.65989E-1 5.17771E-1 5.00087E-1 5.24042E-1 4.07566E-1 5.35797E-1 5.32949E-1 5.14831E-1 5.08937E-1 4.68769E-1 3.91214E-1 3.49115E-1 3.0225E-1 3.11066E-1 3.40267E-1 4.22562E-1 4.87352E-1
-9999 -9999 -9999 -9999 -9999 -9999 -9999 -9999 -9999 -9999 -9999 -9999 -9999 -9999 -9999 2.20173E-1 2.71857E-1 3.42636E-1 3.62124E-1 3.47417E-1 3.43845E-1 3.24474E-1 4.24427E-1 4.26319E-1 3.73084E-1 4.30606E-1 6.05444E-1 5.95609E-1 5.62426E-1 5.02721E-1 2.93826E-1 3.35754E-1 3.61071E-1 3.91702E-1 4.21375E-1 3.23366E-1 3.10871E-1 2.8646E-1 3.93096E-1 4.08349E-1 4.31576E-1 3.41516E-1 3.98063E-1 4.5176E-1 4.67124E-1 4.89984E-1 5.28557E-1 5.57363E-1 5.30197E-1 4.8777E-1 4.54784E-1 5.05725E-1 4.83194E-1 5.00946E-1 4.96655E-1 4.59477E-1 3.74652E-1 4.35771E-1 4.86626E-1 4.95579E-1 4.56374E-1
-9999 -9999 -9999 -9999 -9999 -9999 -9999 -9999 -9999 -9999 -9999 -9999 -9999 -9999 -9999 -9999 -9999 3.34135E-1 2.94661E-1 3.6958E-1 3.53325E-1 3.94269E-1 3.96881E-1 4.29E-1 3.55833E-1 3.41361E-1 4.44822E-1 4.06062E-1 4.50244E-1 5.79759E-1 5.39824E-1 -9999 4.40761E-1 4.45704E-1 3.5244E-1 2.86834E-1 3.35182E-1 2.84152E-1 3.09073E-1 3.14162E-1 2.9044E-1 4.03123E-1 3.83531E-1 4.43665E-1 4.29757E-1 4.61798E-1 4.89E-1 5.22862E-1 4.56625E-1 4.59995E-1 4.70729E-1 4.48554E-1 4.22804E-1 4.93133E-1 5.42257E-1 5.02242E-1 4.56053E-1 4.52623E-1 4.28083E-1 4.35381E-1 4.11623E-1
-9999 -9999 -9999 -9999 -9999 -9999 -9999 -9999 -9999 -9999 -9999 -9999 -9999 -9999 -9999 -9999 -9999 -9999 3.181E-1 3.50075E-1 3.20961E-1 3.58436E-1 3.83913E-1 3.83609E-1 3.62047E-1 3.28424E-1 4.00191E-1 3.73967E-1 5.09308E-1 4.88045E-1 5.60136E-1 5.24237E-1 4.10717E-1 4.2022E-1 3.57142E-1 3.2367E-1 4.06691E-1 3.8056E-1 3.31186E-1 3.51789E-1 3.31709E-1 3.05231E-1 3.49752E-1 3.19229E-1 4.3894E-1 4.56715E-1 4.36264E-1 3.97947E-1 4.92329E-1 4.80137E-1 4.00035E-1 4.0141E-1 4.0067E-1 4.66786E-1 5.46629E-1 5.75967E-1 4.96888E-1 4.12975E-1 4.856E-1 4.79116E-1 4.20967E-1
