data/maxent/outputs/red_153.asc
ncols         426
nrows         180
xllcorner     -130.0
yllcorner     24.0
cellsize      0.16666666666666666
NODATA_value  -9999
[rows 81 to 107 of 180, columns 183 to 243 of 426]
2.47722E-1 2.43472E-1 2.42806E-1 2.51113E-1 2.62132E-1 2.79915E-1 3.0296E-1 3.13968E-1 3.10633E-1 3.1913E-1 3.207E-1 3.23357E-1 3.4419E-1 3.42885E-1 3.37134E-1 3.37742E-1 3.54436E-1 3.74787E-1 3.9143E-1 3.97146E-1 4.02905E-1 3.90694E-1 4.00888E-1 4.17267E-1 4.03548E-1 4.00874E-1 4.10858E-1 4.43446E-1 4.54018E-1 4.54E-1 4.5861E-1 4.74848E-1 4.80159E-1 4.85144E-1 4.88346E-1 5.20444E-1 5.29513E-1 5.27502E-1 5.40387E-1 5.52369E-1 5.50904E-1 5.45724E-1 5.37886E-1 5.32305E-1 5.2956E-1 5.33184E-1 5.38789E-1 5.42709E-1 5.69595E-1 5.40789E-1 5.40408E-1 5.55896E-1 5.68777E-1 5.58397E-1 5.76692E-1 5.85779E-1 5.87443E-1 5.95796E-1 5.57775E-1 5.59879E-1 5.60165E-1
2.32423E-1 2.33358E-1 2.36475E-1 2.35736E-1 2.51504E-1 2.70593E-1 2.99456E-1 3.26184E-1 3.3784E-1 3.3387E-1 3.38669E-1 3.53585E-1 3.49424E-1 3.51487E-1 3.53743E-1 3.55046E-1 3.56376E-1 3.73471E-1 3.98226E-1 3.99514E-1 3.89864E-1 3.86613E-1 3.89818E-1 4.18231E-1 4.04842E-1 3.99884E-1 4.1637E-1 4.36219E-1 4.46287E-1 4.44824E-1 4.43989E-1 4.62383E-1 4.66213E-1 4.78396E-1 4.79902E-1 5.16997E-1 5.28879E-1 5.11846E-1 5.5277E-1 5.38676E-1 5.56265E-1 5.60651E-1 5.44627E-1 5.4012E-1 5.38434E-1 5.40755E-1 5.41872E-1 5.45202E-1 5.50202E-1 5.44989E-1 5.43331E-1 5.58816E-1 5.69908E-1 5.81736E-1 5.92189E-1 5.92851E-1 5.68741E-1 5.62537E-1 5.65636E-1 5.533E-1 5.51223E-1
2.20048E-1 2.31244E-1 2.18165E-1 2.26818E-1 2.43935E-1 2.67992E-1 2.86285E-1 3.11098E-1 3.4227E-1 3.51144E-1 3.5534E-1 3.61957E-1 3.58295E-1 3.62471E-1 3.60077E-1 3.64259E-1 3.57585E-1 3.61333E-1 3.91108E-1 3.96198E-1 3.86163E-1 3.83066E-1 3.80938E-1 3.73026E-1 3.9893E-1 4.25542E-1 4.22816E-1 4.31795E-1 4.43788E-1 4.54109E-1 4.60789E-1 4.60648E-1 4.66157E-1 4.85063E-1 5.07563E-1 5.15992E-1 5.27328E-1 5.12076E-1 5.46462E-1 5.30373E-1 5.47661E-1 5.68186E-1 5.42745E-1 5.46651E-1 5.44285E-1 5.38751E-1 5.39391E-1 5.38409E-1 5.40792E-1 5.56905E-1 5.58879E-1 5.70016E-1 5.75778E-1 5.85116E-1 5.99201E-1 6.00987E-1 5.72072E-1 5.71631E-1 5.68352E-1 5.59587E-1 5.56784E-1
2.30368E-1 2.26593E-1 2.2386E-1 2.25673E-1 2.42594E-1 2.84022E-1 3.03868E-1 3.25641E-1 3.43126E-1 3.30042E-1 3.52161E-1 3.60399E-1 3.57729E-1 3.60358E-1 3.61026E-1 3.63721E-1 3.67238E-1 3.67612E-1 3.87476E-1 3.95841E-1 3.81665E-1 4.08977E-1 4.06244E-1 3.92202E-1 3.95078E-1 4.17737E-1 4.55061E-1 4.58133E-1 4.6028E-1 4.57779E-1 4.6503E-1 4.72818E-1 4.99432E-1 4.85076E-1 5.1559E-1 5.27977E-1 5.31873E-1 5.31729E-1 5.3469E-1 5.44782E-1 5.48375E-1 5.54566E-1 5.48101E-1 5.44447E-1 5.44253E-1 5.47938E-1 5.46721E-1 5.37477E-1 5.51215E-1 5.62863E-1 5.74033E-1 5.87461E-1 5.85194E-1 5.85918E-1 5.67916E-1 5.76003E-1 5.72611E-1 5.69453E-1 5.80009E-1 5.66662E-1 5.46452E-1
2.1835E-1 2.10068E-1 2.09476E-1 2.09687E-1 2.23991E-1 2.65537E-1 2.88432E-1 3.24211E-1 3.25129E-1 3.0837E-1 3.35381E-1 3.46756E-1 3.5508E-1 3.56092E-1 3.5401E-1 3.55553E-1 3.59236E-1 3.7894E-1 3.78163E-1 3.88211E-1 4.03011E-1 4.1094E-1 3.97031E-1 3.97551E-1 4.03799E-1 4.12928E-1 4.41492E-1 4.52606E-1 4.62345E-1 4.6509E-1 4.75743E-1 4.87393E-1 4.94915E-1 4.97305E-1 5.02032E-1 5.16644E-1 5.25728E-1 5.37249E-1 5.35365E-1 5.51254E-1 5.4208E-1 5.47787E-1 5.49196E-1 5.40146E-1 5.4064E-1 5.43651E-1 5.48075E-1 5.46618E-1 5.5249E-1 5.51216E-1 5.7446E-1 5.9135E-1 5.78915E-1 5.69786E-1 5.78103E-1 5.82855E-1 5.75859E-1 5.70112E-1 5.69916E-1 5.84681E-1 5.6195E-1
2.26243E-1 2.32974E-1 2.34489E-1 2.31122E-1 2.3182E-1 2.52454E-1 2.67926E-1 2.92732E-1 3.11183E-1 3.19637E-1 3.32979E-1 3.3156E-1 3.28695E-1 3.25308E-1 3.42747E-1 3.50091E-1 3.64706E-1 3.70788E-1 3.96502E-1 3.92979E-1 3.95907E-1 4.11865E-1 4.04322E-1 4.04209E-1 4.19472E-1 4.27322E-1 4.36173E-1 4.70834E-1 4.66309E-1 4.70925E-1 4.86591E-1 5.01579E-1 5.04678E-1 5.06193E-1 5.02998E-1 5.29418E-1 5.21384E-1 5.32724E-1 5.36625E-1 5.38921E-1 5.26154E-1 5.53135E-1 5.48602E-1 5.39256E-1 5.3355E-1 5.41501E-1 5.50435E-1 5.48567E-1 5.49024E-1 5.66121E-1 5.66173E-1 5.86625E-1 5.77671E-1 5.73716E-1 5.81223E-1 5.90322E-1 5.83366E-1 5.69301E-1 5.62872E-1 5.62199E-1 5.6988E-1
2.27557E-1 2.44693E-1 2.53392E-1 2.63875E-1 2.55209E-1 2.67052E-1 2.97537E-1 3.00321E-1 3.04869E-1 3.24451E-1 3.39182E-1 3.48389E-1 3.37974E-1 3.31172E-1 3.37722E-1 3.49639E-1 3.63325E-1 4.02973E-1 3.92722E-1 3.85731E-1 4.00327E-1 4.08351E-1 4.18991E-1 4.12997E-1 4.23891E-1 4.39288E-1 4.56384E-1 4.60227E-1 4.68186E-1 4.91444E-1 4.8965E-1 5.07678E-1 5.15256E-1 5.115E-1 5.0457E-1 5.13516E-1 5.20798E-1 5.28332E-1 5.29847E-1 5.29497E-1 5.30171E-1 5.42857E-1 5.52521E-1 5.43834E-1 5.38088E-1 5.43269E-1 5.52405E-1 5.4514E-1 5.57793E-1 5.79133E-1 5.79592E-1 5.73088E-1 5.90181E-1 5.76278E-1 5.74905E-1 5.76588E-1 5.79096E-1 5.7208E-1 5.64761E-1 5.52548E-1 5.51886E-1
2.24745E-1 2.50111E-1 2.79214E-1 2.86305E-1 2.80042E-1 2.95809E-1 3.07983E-1 3.02035E-1 3.10144E-1 3.28592E-1 3.18947E-1 3.29916E-1 3.37017E-1 3.33651E-1 3.37663E-1 3.58396E-1 3.71459E-1 3.90354E-1 3.78847E-1 3.7438E-1 3.94202E-1 3.95632E-1 4.23752E-1 4.33885E-1 4.52338E-1 4.52647E-1 4.58237E-1 4.62602E-1 4.84031E-1 5.03327E-1 4.92074E-1 4.93226E-1 5.07085E-1 4.97414E-1 4.9734E-1 5.11432E-1 5.14632E-1 5.21368E-1 5.31605E-1 5.29148E-1 5.41746E-1 5.49783E-1 5.56931E-1 5.49261E-1 5.45493E-1 5.42668E-1 5.37907E-1 5.40399E-1 5.5399E-1 5.64369E-1 5.79537E-1 5.73799E-1 5.79573E-1 5.79689E-1 5.65379E-1 5.59823E-1 5.71359E-1 5.74378E-1 5.65655E-1 5.64986E-1 5.59825E-1
2.23745E-1 2.49887E-1 2.72637E-1 2.7617E-1 2.88515E-1 2.93986E-1 2.97746E-1 3.14718E-1 3.24968E-1 3.22572E-1 3.22017E-1 3.26699E-1 3.33984E-1 3.34767E-1 3.36117E-1 3.69202E-1 3.71703E-1 3.92959E-1 4.05255E-1 4.02743E-1 4.02576E-1 4.11047E-1 4.3148E-1 4.43014E-1 4.5951E-1 4.60613E-1 4.59761E-1 4.71554E-1 4.96333E-1 5.00532E-1 5.04867E-1 5.00098E-1 4.97436E-1 5.14813E-1 5.05801E-1 5.03755E-1 5.11926E-1 5.21148E-1 5.2369E-1 5.3363E-1 5.3269E-1 5.37576E-1 5.50153E-1 5.58097E-1 5.55834E-1 5.51566E-1 5.47485E-1 5.50632E-1 5.50706E-1 5.54491E-1 5.55423E-1 5.75577E-1 5.77828E-1 5.89016E-1 5.70399E-1 5.63213E-1 5.74071E-1 5.75742E-1 5.77357E-1 5.67318E-1 5.70832E-1
2.33257E-1 2.51084E-1 2.70045E-1 2.86532E-1 3.11737E-1 3.30824E-1 3.25295E-1 3.35643E-1 3.27233E-1 3.26111E-1 3.27019E-1 3.37431E-1 3.28531E-1 3.33822E-1 3.48192E-1 3.57115E-1 3.87584E-1 4.13572E-1 4.17773E-1 4.32107E-1 4.44289E-1 4.3648E-1 4.40337E-1 4.48623E-1 4.60634E-1 4.63881E-1 4.63184E-1 4.8145E-1 4.98208E-1 5.03008E-1 5.06121E-1 5.12093E-1 5.16062E-1 5.10287E-1 5.13318E-1 5.11907E-1 5.20262E-1 5.25273E-1 5.31327E-1 5.30643E-1 5.31671E-1 5.39499E-1 5.39344E-1 5.49627E-1 5.55173E-1 5.52368E-1 5.58375E-1 5.5608E-1 5.66138E-1 5.6892E-1 5.61891E-1 5.45223E-1 5.50452E-1 5.78414E-1 5.7635E-1 5.86408E-1 5.87081E-1 5.86514E-1 5.79908E-1 5.7346E-1 5.76096E-1
2.26623E-1 2.38067E-1 2.58723E-1 2.96029E-1 3.07971E-1 3.0966E-1 3.24412E-1 3.28864E-1 3.33958E-1 3.35675E-1 3.34153E-1 3.42389E-1 3.40458E-1 3.47368E-1 3.64537E-1 3.78093E-1 3.94088E-1 4.08791E-1 4.22126E-1 4.37547E-1 4.25055E-1 4.21041E-1 4.25106E-1 4.48229E-1 4.58438E-1 4.75325E-1 4.76578E-1 4.88752E-1 4.91369E-1 4.91757E-1 4.94081E-1 4.96865E-1 5.01434E-1 5.05071E-1 5.08398E-1 5.20424E-1 5.24357E-1 5.28445E-1 5.35364E-1 5.42481E-1 5.43859E-1 5.4519E-1 5.42281E-1 5.49935E-1 5.51044E-1 5.50623E-1 5.5241E-1 5.56508E-1 5.49877E-1 5.75161E-1 5.79176E-1 5.70187E-1 5.63513E-1 5.73102E-1 5.9568E-1 6.15734E-1 6.03363E-1 6.04143E-1 5.93687E-1 5.90666E-1 5.82557E-1
2.31614E-1 2.42177E-1 2.67687E-1 2.95413E-1 3.05302E-1 3.05592E-1 3.11978E-1 3.31013E-1 3.23994E-1 3.17216E-1 3.36522E-1 3.5034E-1 3.63435E-1 3.76333E-1 3.72525E-1 3.84538E-1 3.97535E-1 4.12545E-1 4.10589E-1 4.03297E-1 4.09112E-1 4.17036E-1 4.26571E-1 4.37054E-1 4.60093E-1 4.61446E-1 4.72941E-1 4.7375E-1 4.90987E-1 4.92801E-1 4.80796E-1 4.88331E-1 4.95874E-1 4.98962E-1 5.16013E-1 5.2104E-1 5.22923E-1 5.38244E-1 5.48618E-1 5.56761E-1 5.473E-1 5.45062E-1 5.46072E-1 5.3127E-1 5.32702E-1 5.39256E-1 5.56971E-1 5.42728E-1 5.58071E-1 5.32312E-1 5.35311E-1 5.66683E-1 5.93879E-1 6.08033E-1 6.27557E-1 6.20138E-1 6.14953E-1 6.08831E-1 5.87512E-1 5.96352E-1 6.07882E-1
2.40738E-1 2.60911E-1 2.78678E-1 2.94052E-1 3.16261E-1 3.01354E-1 3.16957E-1 3.32058E-1 3.41524E-1 3.42007E-1 3.41174E-1 3.60059E-1 3.85255E-1 3.87108E-1 3.78196E-1 3.78558E-1 3.95804E-1 4.01009E-1 3.9302E-1 3.83285E-1 3.93393E-1 4.16768E-1 4.31207E-1 4.42633E-1 4.52677E-1 4.65013E-1 4.71976E-1 4.67238E-1 4.7947E-1 4.84867E-1 4.80601E-1 4.83927E-1 4.93269E-1 5.01433E-1 5.08458E-1 5.11556E-1 5.2391E-1 5.38396E-1 5.62945E-1 5.6375E-1 5.48934E-1 5.42536E-1 5.38943E-1 5.3035E-1 5.35155E-1 5.41295E-1 5.45088E-1 5.55217E-1 5.53869E-1 5.52945E-1 5.57229E-1 5.70026E-1 6.00831E-1 6.31174E-1 6.34425E-1 6.20105E-1 6.12708E-1 6.03676E-1 5.98502E-1 6.13119E-1 6.04181E-1
2.403E-1 2.73999E-1 2.99039E-1 3.09921E-1 3.17555E-1 3.18398E-1 3.34637E-1 3.36454E-1 3.43111E-1 3.4758E-1 3.44176E-1 3.57179E-1 3.79336E-1 3.90734E-1 3.76272E-1 3.73402E-1 3.90808E-1 4.04963E-1 4.13462E-1 3.96756E-1 4.00933E-1 4.14476E-1 4.38456E-1 4.42174E-1 4.46776E-1 4.75726E-1 4.78336E-1 4.74543E-1 4.8047E-1 4.77005E-1 4.72015E-1 4.89876E-1 4.97456E-1 4.91754E-1 5.12024E-1 5.47589E-1 5.63583E-1 5.32464E-1 5.45395E-1 5.62803E-1 5.79459E-1 5.54094E-1 5.35456E-1 5.23512E-1 5.39247E-1 5.32378E-1 5.52733E-1 5.51116E-1 5.41732E-1 5.52883E-1 5.86652E-1 5.99352E-1 6.07568E-1 6.13622E-1 6.15251E-1 6.27257E-1 6.15452E-1 6.08203E-1 6.05046E-1 6.06744E-1 6.08136E-1
2.66652E-1 2.83452E-1 3.14456E-1 3.22027E-1 3.26277E-1 3.35161E-1 3.40499E-1 3.40328E-1 3.39782E-1 3.53627E-1 3.4874E-1 3.53656E-1 3.65339E-1 3.84392E-1 3.78653E-1 3.84095E-1 3.91654E-1 4.08179E-1 4.29764E-1 4.10623E-1 4.01977E-1 4.22306E-1 4.22169E-1 4.23185E-1 4.42468E-1 4.6955E-1 4.73004E-1 4.77465E-1 4.70506E-1 4.79964E-1 4.79691E-1 4.90264E-1 4.9069E-1 4.98098E-1 5.14169E-1 5.32547E-1 5.42206E-1 5.38744E-1 5.41181E-1 5.55804E-1 5.71976E-1 5.51386E-1 5.34183E-1 5.30326E-1 5.50371E-1 5.23347E-1 5.39615E-1 5.43725E-1 5.53335E-1 5.5854E-1 6.00357E-1 6.2424E-1 6.12147E-1 6.16355E-1 6.40148E-1 6.33383E-1 6.08037E-1 5.94174E-1 5.92111E-1 5.93163E-1 6.01516E-1
2.8079E-1 2.95984E-1 3.13382E-1 3.25022E-1 3.36284E-1 3.39122E-1 3.37934E-1 3.35936E-1 3.33002E-1 3.41838E-1 3.495E-1 3.49343E-1 3.59245E-1 3.77624E-1 3.77184E-1 3.92859E-1 4.13E-1 4.19479E-1 4.06697E-1 4.06231E-1 3.99017E-1 4.19856E-1 4.35775E-1 4.26589E-1 4.38422E-1 4.62805E-1 4.73561E-1 4.72979E-1 4.66088E-1 4.68776E-1 4.8198E-1 4.8691E-1 4.93212E-1 5.03886E-1 5.11604E-1 5.24403E-1 5.39154E-1 5.44546E-1 5.35668E-1 5.42985E-1 5.47031E-1 5.35139E-1 5.33037E-1 5.30629E-1 5.33004E-1 5.32242E-1 5.39551E-1 5.42856E-1 5.55827E-1 5.66564E-1 6.02396E-1 6.3978E-1 6.2728E-1 6.07479E-1 6.15048E-1 6.40338E-1 6.06847E-1 6.00244E-1 5.97298E-1 6.00835E-1 5.84707E-1
2.87391E-1 2.93874E-1 3.05849E-1 3.25705E-1 3.35873E-1 3.39092E-1 3.38803E-1 3.39792E-1 3.39992E-1 3.46823E-1 3.56142E-1 3.62937E-1 3.80806E-1 3.97073E-1 3.88084E-1 4.03852E-1 4.21921E-1 4.41704E-1 4.19722E-1 4.09495E-1 4.20351E-1 4.22791E-1 4.34992E-1 4.39376E-1 4.52878E-1 4.63999E-1 4.74778E-1 4.66376E-1 4.7587E-1 4.72355E-1 4.78343E-1 4.84175E-1 4.94449E-1 4.99553E-1 5.21934E-1 5.29906E-1 5.33475E-1 5.35862E-1 5.44626E-1 5.43523E-1 5.49502E-1 5.41185E-1 5.28611E-1 5.487E-1 5.49459E-1 5.61599E-1 5.60378E-1 5.61933E-1 5.78169E-1 5.96932E-1 6.19142E-1 6.33187E-1 6.13891E-1 6.34857E-1 6.04513E-1 6.34545E-1 6.25023E-1 5.92335E-1 5.8386E-1 6.00445E-1 6.18815E-1
2.9051E-1 3.0141E-1 3.13094E-1 3.28058E-1 3.34836E-1 3.35266E-1 3.33462E-1 3.35059E-1 3.36322E-1 3.36561E-1 3.45657E-1 3.62278E-1 3.72632E-1 3.92931E-1 3.88725E-1 4.01669E-1 4.21896E-1 4.51677E-1 4.33179E-1 4.27199E-1 4.32916E-1 4.29181E-1 4.31732E-1 4.48039E-1 4.59793E-1 4.61057E-1 4.66019E-1 4.7252E-1 4.8364E-1 4.77746E-1 4.7537E-1 4.83038E-1 4.94359E-1 5.00347E-1 5.56081E-1 5.20161E-1 5.21657E-1 5.31536E-1 5.39762E-1 5.51226E-1 5.51055E-1 5.36324E-1 5.36946E-1 5.64112E-1 5.75442E-1 5.72113E-1 5.74458E-1 5.7535E-1 5.8707E-1 6.09404E-1 6.20526E-1 6.14725E-1 6.57188E-1 6.33728E-1 6.00279E-1 6.06166E-1 6.11896E-1 5.96862E-1 5.71049E-1 5.98814E-1 6.24464E-1
2.95626E-1 3.14162E-1 3.09128E-1 3.12631E-1 3.17194E-1 3.26766E-1 3.33037E-1 3.3308E-1 3.37126E-1 3.31548E-1 3.55213E-1 3.59319E-1 3.68887E-1 3.73921E-1 3.82165E-1 4.0134E-1 4.2312E-1 4.46358E-1 4.41175E-1 4.30367E-1 4.4001E-1 4.46494E-1 4.45696E-1 4.5282E-1 4.68341E-1 4.67747E-1 4.65737E-1 4.71555E-1 4.84793E-1 4.84028E-1 4.79723E-1 4.79788E-1 4.87315E-1 4.9631E-1 5.04637E-1 5.08096E-1 5.20874E-1 5.3649E-1 5.46574E-1 5.53415E-1 5.50452E-1 5.50112E-1 5.40841E-1 5.76699E-1 5.83467E-1 5.77445E-1 5.72663E-1 5.64668E-1 5.78323E-1 6.05073E-1 5.9886E-1 5.89152E-1 5.90482E-1 6.12981E-1 6.1304E-1 6.0486E-1 6.03645E-1 6.01439E-1 5.7144E-1 6.04685E-1 6.14767E-1
2.92076E-1 3.11185E-1 3.03212E-1 3.20145E-1 3.12468E-1 2.98361E-1 3.08897E-1 3.15234E-1 3.24052E-1 3.28567E-1 3.39682E-1 3.55204E-1 3.63409E-1 3.68876E-1 3.83348E-1 4.05163E-1 4.16877E-1 4.35822E-1 4.28782E-1 4.47214E-1 4.54781E-1 4.52982E-1 4.56866E-1 4.52604E-1 4.70569E-1 4.7039E-1 4.76647E-1 4.86418E-1 4.79476E-1 4.78514E-1 4.85687E-1 4.87086E-1 4.97923E-1 5.17278E-1 5.14691E-1 5.10288E-1 5.24014E-1 5.40276E-1 5.58354E-1 5.71091E-1 5.72116E-1 5.48749E-1 5.50377E-1 5.74909E-1 5.74652E-1 5.76892E-1 5.67053E-1 5.64748E-1 5.66901E-1 5.87067E-1 5.86959E-1 5.68821E-1 5.78542E-1 5.83689E-1 5.76137E-1 5.78294E-1 5.93215E-1 5.89117E-1 5.71829E-1 5.84171E-1 6.29272E-1
2.7498E-1 2.98627E-1 2.89627E-1 2.8325E-1 2.91457E-1 2.81779E-1 2.89667E-1 2.98348E-1 3.20348E-1 3.31405E-1 3.42471E-1 3.52598E-1 3.61774E-1 3.75466E-1 3.8918E-1 4.08619E-1 4.20416E-1 4.33483E-1 4.3183E-1 4.55189E-1 4.56735E-1 4.55549E-1 4.62601E-1 4.60415E-1 4.7089E-1 4.7874E-1 4.81438E-1 4.82661E-1 4.84464E-1 5.0999E-1 5.0704E-1 5.06216E-1 5.15261E-1 5.18668E-1 5.28426E-1 5.25226E-1 5.16704E-1 5.24707E-1 5.47127E-1 5.76233E-1 5.78669E-1 5.5262E-1 5.63673E-1 5.74041E-1 5.92763E-1 5.87729E-1 5.63145E-1 5.61135E-1 5.72743E-1 5.88866E-1 5.72795E-1 5.68731E-1 5.56741E-1 5.68622E-1 5.84608E-1 5.71847E-1 5.56919E-1 5.35267E-1 5.31751E-1 5.43384E-1 5.70079E-1
2.72337E-1 2.97126E-1 3.13215E-1 3.08934E-1 2.81514E-1 2.75557E-1 2.83001E-1 3.02345E-1 3.19869E-1 3.19458E-1 3.40486E-1 3.5531E-1 3.60375E-1 3.74395E-1 3.92629E-1 4.16535E-1 4.17946E-1 4.42181E-1 4.51496E-1 4.61896E-1 4.69686E-1 4.65736E-1 4.66553E-1 4.62105E-1 4.71641E-1 4.81702E-1 4.75415E-1 4.80292E-1 4.86483E-1 5.13965E-1 5.16053E-1 5.21286E-1 5.24454E-1 5.39157E-1 5.4738E-1 5.30203E-1 5.24215E-1 5.34528E-1 5.42335E-1 5.42305E-1 5.23597E-1 5.35024E-1 5.36584E-1 5.47047E-1 5.67173E-1 5.73593E-1 5.59887E-1 5.53328E-1 5.75178E-1 5.89518E-1 5.8058E-1 5.67581E-1 5.52794E-1 5.51761E-1 5.59436E-1 5.66665E-1 5.04398E-1 5.33294E-1 5.19213E-1 5.13074E-1 5.29925E-1
2.80171E-1 2.8725E-1 2.78872E-1 3.02711E-1 2.85938E-1 2.91637E-1 2.93723E-1 3.19331E-1 3.2492E-1 3.27739E-1 3.37585E-1 3.50454E-1 3.61476E-1 3.68797E-1 3.91819E-1 4.58163E-1 4.3309E-1 4.4917E-1 4.51625E-1 4.61913E-1 4.78134E-1 4.54346E-1 4.63301E-1 4.69661E-1 4.72516E-1 4.65753E-1 4.63313E-1 4.72506E-1 5.11928E-1 5.11965E-1 5.22521E-1 5.20481E-1 5.2606E-1 5.41565E-1 5.3598E-1 5.37593E-1 5.39118E-1 5.15021E-1 5.03875E-1 5.13165E-1 5.27567E-1 5.28195E-1 5.40946E-1 5.30264E-1 5.49903E-1 5.61241E-1 5.54297E-1 5.54592E-1 5.53093E-1 5.65686E-1 5.64658E-1 5.43379E-1 5.26096E-1 5.25526E-1 5.28496E-1 5.10458E-1 4.99855E-1 4.92363E-1 5.19468E-1 5.18295E-1 5.39386E-1
3.23509E-1 3.36814E-1 3.18346E-1 2.94677E-1 3.12778E-1 3.00475E-1 3.107E-1 3.2902E-1 3.37072E-1 3.44796E-1 3.50323E-1 3.57552E-1 3.65917E-1 3.77338E-1 3.94148E-1 4.24184E-1 4.22818E-1 4.46308E-1 4.54841E-1 4.61875E-1 4.81195E-1 4.4455E-1 4.48002E-1 5.12916E-1 4.76546E-1 4.61537E-1 4.79888E-1 5.40429E-1 5.20329E-1 5.01271E-1 5.23492E-1 5.30918E-1 5.38563E-1 5.49614E-1 5.4938E-1 5.58874E-1 5.88656E-1 5.39231E-1 5.10669E-1 5.37706E-1 5.22531E-1 5.38243E-1 5.32483E-1 5.28912E-1 5.41302E-1 5.4614E-1 5.42076E-1 5.41633E-1 5.46884E-1 5.22899E-1 5.33016E-1 5.07438E-1 4.9805E-1 5.10984E-1 5.28483E-1 5.15066E-1 4.86506E-1 4.91309E-1 5.21471E-1 5.31867E-1 5.69143E-1
3.22125E-1 3.10541E-1 3.3503E-1 3.21055E-1 3.05671E-1 3.01613E-1 3.10311E-1 3.38825E-1 3.45478E-1 3.78583E-1 3.71849E-1 3.8275E-1 3.87625E-1 3.94011E-1 4.18985E-1 4.31662E-1 4.37889E-1 4.48962E-1 4.63E-1 4.77112E-1 4.89673E-1 4.38855E-1 4.51451E-1 4.83172E-1 4.75814E-1 4.58322E-1 5.26133E-1 5.44043E-1 5.19331E-1 5.02383E-1 5.32338E-1 5.26806E-1 5.42048E-1 6.10709E-1 5.76445E-1 5.15176E-1 5.13364E-1 5.18257E-1 5.01038E-1 5.13376E-1 5.83231E-1 6.03278E-1 5.32795E-1 5.83423E-1 5.27911E-1 5.33021E-1 5.24298E-1 5.35635E-1 5.63568E-1 5.37289E-1 5.08594E-1 4.97497E-1 5.12288E-1 5.52275E-1 5.38781E-1 5.24322E-1 4.80309E-1 5.08946E-1 5.42093E-1 5.6534E-1 5.95509E-1
3.37898E-1 3.26126E-1 3.13445E-1 3.36131E-1 3.50081E-1 3.38997E-1 3.14675E-1 3.36073E-1 3.57193E-1 3.63593E-1 3.68681E-1 3.9245E-1 4.25059E-1 4.33432E-1 4.33829E-1 4.45745E-1 4.56533E-1 4.64254E-1 4.90862E-1 5.06746E-1 4.91722E-1 4.56768E-1 4.53661E-1 4.51869E-1 4.52556E-1 4.86742E-1 5.28795E-1 5.20462E-1 5.16732E-1 5.06684E-1 5.09519E-1 4.97855E-1 5.49412E-1 5.52593E-1 5.50939E-1 5.59105E-1 5.75855E-1 5.57449E-1 5.09065E-1 5.05855E-1 5.10911E-1 5.07745E-1 5.11483E-1 5.61705E-1 5.43459E-1 5.26692E-1 5.36941E-1 5.5023E-1 5.51804E-1 5.27602E-1 5.13861E-1 5.07347E-1 5.43049E-1 5.52859E-1 5.34366E-1 5.07698E-1 5.12975E-1 5.41301E-1 5.55857E-1 5.78247E-1 5.60484E-1
3.33112E-1 3.49218E-1 3.34506E-1 3.34171E-1 3.66234E-1 3.68065E-1 3.45016E-1 3.36215E-1 3.56254E-1 3.71034E-1 3.8315E-1 3.98172E-1 4.18143E-1 4.49372E-1 4.43282E-1 4.44667E-1 4.4804E-1 4.6608E-1 4.89947E-1 5.07536E-1 4.89617E-1 4.83649E-1 4.6115E-1 4.51005E-1 4.49624E-1 5.11187E-1 5.18699E-1 5.15958E-1 5.14887E-1 5.05542E-1 5.21149E-1 5.1677E-1 5.26719E-1 5.31377E-1 5.53823E-1 5.73776E-1 6.18376E-1 5.92224E-1 5.17071E-1 5.13455E-1 5.1057E-1 5.19523E-1 5.66283E-1 5.57114E-1 5.40416E-1 5.36042E-1 5.2845E-1 5.29396E-1 5.23571E-1 5.16425E-1 5.07684E-1 5.0558E-1 5.35895E-1 5.45698E-1 5.19873E-1 5.27387E-1 5.56459E-1 5.6844E-1 5.59538E-1 5.88189E-1 5.80441E-1
