data/maxent/outputs/red_182.asc
ncols         426
nrows         180
xllcorner     -130.0
yllcorner     24.0
cellsize      0.16666666666666666
NODATA_value  -9999
[rows 54 to 80 of 180, columns 122 to 182 of 426]
5.30736E-1 5.13181E-1 2.57338E-1 6.87896E-2 8.76375E-2 8.22719E-2 5.81514E-2 6.23204E-2 8.73495E-2 2.75365E-1 4.55141E-1 4.69205E-1 4.49078E-1 4.01391E-1 2.67476E-1 2.18445E-1 1.45026E-1 2.06184E-1 2.38906E-1 2.35748E-1 2.44187E-1 1.82241E-1 1.61585E-1 1.80289E-1 1.75744E-1 1.41058E-1 1.44048E-1 1.7517E-1 1.7371E-1 1.73396E-1 2.29553E-1 2.18717E-1 2.09883E-1 2.14588E-1 2.67035E-1 3.43114E-1 4.5263E-1 4.66525E-1 4.25528E-1 3.21185E-1 2.13484E-1 1.56374E-1 1.51044E-1 1.49325E-1 1.40787E-1 1.42881E-1 1.56988E-1 1.71282E-1 1.78039E-1 1.8681E-1 1.81862E-1 1.59874E-1 1.45456E-1 1.53424E-1 1.69657E-1 2.42943E-1 1.93105E-1 2.1459E-1 2.17795E-1 2.14639E-1 2.1543E-1
4.56834E-1 4.43495E-1 2.43044E-1 1.42773E-1 9.07227E-2 6.8461E-2 4.89987E-2 5.2188E-2 6.06576E-2 8.3766E-2 3.09904E-1 4.76704E-1 4.95225E-1 4.91528E-1 4.16381E-1 2.45252E-1 1.81881E-1 1.89542E-1 2.3279E-1 2.28462E-1 1.59664E-1 1.47193E-1 1.84634E-1 1.83136E-1 1.66345E-1 1.4069E-1 1.44139E-1 1.79218E-1 2.05647E-1 2.86906E-1 2.79061E-1 3.33451E-1 2.88901E-1 2.48609E-1 2.96933E-1 3.91306E-1 3.78977E-1 3.67245E-1 3.99884E-1 3.44489E-1 2.67339E-1 2.24887E-1 1.70955E-1 1.35542E-1 1.26782E-1 1.25701E-1 1.39684E-1 1.38573E-1 1.45669E-1 1.34435E-1 1.22084E-1 1.372E-1 1.72977E-1 2.29125E-1 2.95042E-1 1.87817E-1 1.87818E-1 2.03431E-1 2.04906E-1 1.89614E-1 1.889E-1
5.48023E-1 4.40985E-1 3.76718E-1 1.59085E-1 9.75225E-2 7.89417E-2 4.97172E-2 4.51897E-2 3.48247E-2 3.61809E-2 6.39389E-2 2.1406E-1 4.39707E-1 5.29851E-1 5.0214E-1 4.35796E-1 3.45375E-1 2.09757E-1 1.84591E-1 1.68485E-1 1.78508E-1 1.45599E-1 1.76E-1 1.97721E-1 1.76436E-1 1.87843E-1 1.52828E-1 1.97249E-1 2.13685E-1 2.61241E-1 3.61691E-1 4.36471E-1 3.8909E-1 3.47797E-1 3.88242E-1 4.52634E-1 4.90943E-1 4.30847E-1 3.88079E-1 2.94607E-1 2.2811E-1 1.98679E-1 1.91932E-1 1.68711E-1 1.49601E-1 1.40695E-1 1.50649E-1 1.58962E-1 1.55685E-1 1.43191E-1 1.51794E-1 1.45934E-1 1.47141E-1 1.56081E-1 2.43905E-1 1.61425E-1 1.75613E-1 1.92434E-1 1.74328E-1 1.76076E-1 1.88503E-1
3.96493E-1 3.17033E-1 2.03999E-1 1.5848E-1 1.03285E-1 7.7077E-2 6.2236E-2 5.06168E-2 3.37197E-2 2.69942E-2 3.15217E-2 9.15164E-2 2.90642E-1 4.94751E-1 5.33828E-1 5.27416E-1 4.12264E-1 2.04719E-1 1.63995E-1 1.37648E-1 1.31251E-1 1.41298E-1 1.70664E-1 1.85386E-1 2.19105E-1 2.11555E-1 1.89417E-1 1.79859E-1 1.79854E-1 2.29213E-1 3.38742E-1 4.17038E-1 4.14958E-1 5.65174E-1 6.13782E-1 6.47802E-1 6.24786E-1 4.64023E-1 3.44349E-1 2.66767E-1 2.02332E-1 1.44461E-1 1.25344E-1 1.24146E-1 1.35631E-1 1.48878E-1 1.61319E-1 1.75133E-1 1.65926E-1 1.666E-1 1.58656E-1 1.1857E-1 1.2707E-1 1.2792E-1 1.53813E-1 1.58468E-1 1.76371E-1 1.78634E-1 1.55623E-1 1.6701E-1 1.99356E-1
3.96216E-1 3.67769E-1 4.44373E-1 2.4375E-1 1.42486E-1 1.00525E-1 7.37722E-2 5.20154E-2 4.167E-2 2.93002E-2 2.6501E-2 4.20056E-2 1.12961E-1 3.20187E-1 5.15065E-1 5.37605E-1 4.39055E-1 2.20692E-1 1.25357E-1 1.1145E-1 1.25847E-1 1.04332E-1 1.36981E-1 1.79309E-1 2.12368E-1 2.11145E-1 1.88755E-1 1.54269E-1 1.57973E-1 1.6964E-1 2.19402E-1 3.02269E-1 4.47392E-1 5.24373E-1 5.51646E-1 5.78506E-1 5.89203E-1 5.00546E-1 2.48362E-1 2.15926E-1 1.84501E-1 1.559E-1 1.36162E-1 1.10044E-1 1.64839E-1 1.54592E-1 1.62965E-1 1.5678E-1 1.46833E-1 1.3173E-1 1.14367E-1 1.04691E-1 1.14315E-1 1.20036E-1 1.27419E-1 1.45748E-1 1.72128E-1 1.80424E-1 1.62937E-1 1.63215E-1 1.91803E-1
4.76851E-1 4.51205E-1 3.11919E-1 2.01374E-1 1.73777E-1 1.22537E-1 8.97613E-2 5.92129E-2 3.53983E-2 3.05763E-2 3.02323E-2 4.2029E-2 6.611E-2 1.49552E-1 3.56519E-1 4.44778E-1 4.02642E-1 1.69245E-1 1.02605E-1 1.05249E-1 1.01187E-1 1.06017E-1 1.30132E-1 1.64233E-1 1.73339E-1 1.65203E-1 1.68561E-1 1.53087E-1 1.69094E-1 1.66087E-1 1.66442E-1 2.5655E-1 3.92349E-1 4.71566E-1 5.05785E-1 5.36443E-1 5.66776E-1 4.64471E-1 2.34476E-1 1.72432E-1 1.63331E-1 1.53071E-1 1.34103E-1 1.15299E-1 1.45182E-1 1.42034E-1 1.33377E-1 1.15111E-1 1.05963E-1 9.955E-2 1.04956E-1 1.07986E-1 1.2082E-1 1.28591E-1 1.61414E-1 1.66925E-1 1.7653E-1 1.59366E-1 1.62053E-1 1.66098E-1 2.20179E-1
5.39485E-1 5.06787E-1 4.32039E-1 2.90377E-1 2.14955E-1 1.47608E-1 1.00392E-1 8.32815E-2 6.51856E-2 4.17277E-2 3.49198E-2 4.8423E-2 8.62616E-2 9.41961E-2 2.26296E-1 3.52472E-1 3.36596E-1 1.92104E-1 1.29008E-1 1.1173E-1 1.01069E-1 1.24351E-1 1.46564E-1 1.64327E-1 1.51763E-1 1.54012E-1 1.61875E-1 1.70371E-1 1.5578E-1 1.49435E-1 1.30545E-1 1.47345E-1 2.96015E-1 4.17658E-1 4.57817E-1 5.02598E-1 4.97439E-1 4.60547E-1 2.48096E-1 1.53413E-1 1.27733E-1 1.02035E-1 1.03147E-1 1.21013E-1 1.51655E-1 1.12179E-1 1.06819E-1 1.12211E-1 1.17428E-1 1.3066E-1 1.29208E-1 1.32452E-1 1.37386E-1 1.64772E-1 1.81508E-1 1.72201E-1 1.67983E-1 1.51393E-1 1.3588E-1 1.41875E-1 1.63437E-1
3.18321E-1 3.81666E-1 4.55407E-1 3.69466E-1 1.96089E-1 1.27178E-1 9.75234E-2 7.87785E-2 5.98105E-2 5.97177E-2 5.37511E-2 6.06847E-2 9.76989E-2 1.11595E-1 2.09893E-1 3.20113E-1 2.37463E-1 1.6442E-1 1.27253E-1 1.19567E-1 1.24693E-1 1.41449E-1 1.71799E-1 1.70445E-1 1.63886E-1 1.52224E-1 1.42931E-1 1.33058E-1 1.1305E-1 1.08605E-1 1.05275E-1 1.0554E-1 1.18244E-1 2.54953E-1 3.6278E-1 4.14579E-1 4.33251E-1 3.87218E-1 1.87881E-1 1.3586E-1 1.13753E-1 1.00905E-1 1.27104E-1 1.19358E-1 9.91925E-2 1.05714E-1 1.26164E-1 1.13493E-1 1.16395E-1 1.26731E-1 1.30313E-1 1.40598E-1 1.39632E-1 1.42614E-1 1.5015E-1 1.48453E-1 1.4443E-1 1.4716E-1 1.49049E-1 1.53528E-1 1.66314E-1
1.18815E-1 1.14482E-1 2.65375E-1 1.90454E-1 1.42594E-1 1.73724E-1 1.56905E-1 9.98389E-2 1.05294E-1 1.2363E-1 1.36492E-1 1.4924E-1 1.5629E-1 1.90395E-1 2.62276E-1 2.91248E-1 2.00757E-1 1.52023E-1 1.53507E-1 1.54086E-1 1.75985E-1 1.86479E-1 1.75827E-1 1.68395E-1 1.48895E-1 1.37043E-1 1.3859E-1 1.36869E-1 9.77165E-2 8.51903E-2 8.55779E-2 9.72673E-2 8.89901E-2 1.36054E-1 2.32029E-1 3.08777E-1 3.464E-1 2.64627E-1 1.51115E-1 1.12881E-1 1.10362E-1 1.30406E-1 1.1175E-1 9.76578E-2 1.18835E-1 1.46243E-1 1.58198E-1 1.51539E-1 1.63537E-1 1.5288E-1 1.58698E-1 1.57658E-1 1.39316E-1 1.55377E-1 1.9427E-1 1.81186E-1 1.76002E-1 1.73051E-1 1.69483E-1 1.93819E-1 1.98193E-1
2.82999E-1 9.92623E-2 8.95216E-2 9.01442E-2 8.9155E-2 7.32065E-2 6.39203E-2 6.73488E-2 8.89008E-2 1.17747E-1 1.42969E-1 9.55783E-2 1.21673E-1 2.02576E-1 2.76457E-1 2.18942E-1 1.86706E-1 1.54382E-1 1.54121E-1 1.70751E-1 1.62635E-1 2.21117E-1 1.88319E-1 1.56999E-1 1.38797E-1 1.20479E-1 1.09575E-1 1.00239E-1 1.04531E-1 1.09576E-1 9.17503E-2 8.16001E-2 7.91239E-2 9.23053E-2 1.26431E-1 2.05249E-1 2.2908E-1 1.66655E-1 1.19572E-1 1.113E-1 1.05688E-1 8.98192E-2 8.63164E-2 1.23153E-1 1.54082E-1 1.65983E-1 1.66487E-1 1.54289E-1 1.73965E-1 1.59473E-1 1.77523E-1 1.69385E-1 1.655E-1 1.90825E-1 2.14043E-1 2.15761E-1 2.01717E-1 2.19406E-1 2.16138E-1 2.27033E-1 2.3233E-1
5.60144E-1 3.07764E-1 1.08777E-1 8.19254E-2 6.80326E-2 5.39199E-2 5.51651E-2 4.67806E-2 3.98254E-2 4.01603E-2 5.02201E-2 5.36568E-2 6.34479E-2 9.80296E-2 1.32774E-1 1.41766E-1 1.32369E-1 1.34483E-1 1.49499E-1 1.6328E-1 1.77263E-1 1.93548E-1 2.03906E-1 1.70554E-1 1.44309E-1 1.19786E-1 1.0006E-1 1.09118E-1 1.05792E-1 9.8788E-2 8.7904E-2 7.89226E-2 8.87072E-2 1.12551E-1 9.69545E-2 1.16794E-1 1.16415E-1 1.30745E-1 1.25745E-1 1.13552E-1 8.89431E-2 9.58664E-2 1.38392E-1 1.46699E-1 1.60988E-1 1.73304E-1 1.74683E-1 1.79367E-1 1.55897E-1 1.58795E-1 2.08112E-1 2.04324E-1 2.0298E-1 2.0338E-1 2.00166E-1 1.97549E-1 2.24202E-1 2.42854E-1 2.57688E-1 2.73278E-1 2.8142E-1
4.83632E-1 4.38648E-1 2.8837E-1 1.18594E-1 7.25999E-2 5.67999E-2 4.99722E-2 4.31899E-2 4.19849E-2 4.26858E-2 4.78767E-2 5.81257E-2 7.11281E-2 8.57794E-2 1.02166E-1 1.06101E-1 1.10045E-1 1.22381E-1 1.31927E-1 1.56799E-1 1.67034E-1 1.7961E-1 1.92963E-1 1.77266E-1 1.58293E-1 1.41391E-1 1.18122E-1 1.05973E-1 1.0569E-1 1.20936E-1 1.13541E-1 1.08741E-1 1.33915E-1 1.12225E-1 1.09793E-1 9.85522E-2 9.82185E-2 1.32695E-1 1.25744E-1 1.19469E-1 1.03637E-1 1.18299E-1 1.39241E-1 1.48673E-1 1.57408E-1 1.60483E-1 1.63684E-1 1.70287E-1 1.74687E-1 1.82887E-1 1.82302E-1 1.83492E-1 1.87234E-1 1.94085E-1 1.89494E-1 2.00935E-1 2.03992E-1 2.09713E-1 2.24989E-1 2.5476E-1 2.82935E-1
2.87613E-1 4.65586E-1 4.69994E-1 2.64815E-1 1.34041E-1 8.14114E-2 5.61915E-2 4.86325E-2 5.02776E-2 5.58047E-2 5.81387E-2 6.99778E-2 8.7669E-2 1.06936E-1 1.02907E-1 1.03423E-1 1.17124E-1 1.16738E-1 1.26265E-1 1.45303E-1 1.44991E-1 1.38105E-1 1.36843E-1 1.33554E-1 1.12578E-1 1.28143E-1 1.28753E-1 1.33918E-1 1.52951E-1 1.6892E-1 1.97019E-1 1.81932E-1 1.70845E-1 1.45372E-1 1.07567E-1 9.48282E-2 1.19157E-1 1.24821E-1 1.04938E-1 9.51715E-2 9.58482E-2 1.36625E-1 1.57947E-1 1.80915E-1 1.79253E-1 1.71528E-1 1.71469E-1 1.65909E-1 1.66233E-1 1.74856E-1 1.8559E-1 1.93639E-1 1.83743E-1 1.7614E-1 1.75563E-1 1.8486E-1 2.09622E-1 2.33848E-1 2.49537E-1 2.4851E-1 2.62541E-1
7.8476E-2 2.54211E-1 4.39498E-1 4.43778E-1 2.7125E-1 1.75027E-1 9.2004E-2 7.6329E-2 7.03025E-2 9.79645E-2 8.96E-2 8.52332E-2 9.72559E-2 1.2493E-1 1.34729E-1 1.2489E-1 1.27601E-1 1.22113E-1 1.20477E-1 1.87083E-1 2.14767E-1 1.81392E-1 2.09766E-1 1.92575E-1 1.48436E-1 1.11965E-1 1.0871E-1 1.08756E-1 1.28187E-1 1.73123E-1 2.40602E-1 2.03605E-1 1.91406E-1 2.01424E-1 2.03275E-1 1.83861E-1 1.89913E-1 1.28072E-1 1.19257E-1 1.35811E-1 1.72577E-1 1.61501E-1 1.47423E-1 1.53807E-1 1.57049E-1 1.57066E-1 1.59272E-1 1.66172E-1 1.74005E-1 1.82917E-1 1.80788E-1 1.67833E-1 1.77677E-1 1.91847E-1 1.94638E-1 2.13328E-1 2.28402E-1 2.32637E-1 2.54483E-1 2.68507E-1 2.88456E-1
5.34732E-2 6.95765E-2 1.86646E-1 3.10181E-1 3.58561E-1 2.15615E-1 1.58911E-1 1.10768E-1 9.1679E-2 8.41659E-2 8.59592E-2 8.28959E-2 9.21069E-2 1.03686E-1 1.04293E-1 9.76884E-2 9.70739E-2 1.15164E-1 1.05936E-1 1.48869E-1 2.24735E-1 2.49928E-1 2.74802E-1 2.38092E-1 1.93298E-1 1.44736E-1 1.26673E-1 1.17796E-1 1.12895E-1 1.47345E-1 2.08046E-1 1.55575E-1 1.5334E-1 1.50307E-1 1.47045E-1 1.71136E-1 1.77041E-1 1.76952E-1 2.01452E-1 1.92743E-1 1.6834E-1 1.36109E-1 1.27474E-1 1.51598E-1 1.62517E-1 1.72564E-1 1.81642E-1 1.86404E-1 1.94896E-1 2.01685E-1 2.07209E-1 2.12032E-1 2.27122E-1 2.2213E-1 2.33365E-1 2.18672E-1 2.28106E-1 2.47075E-1 2.39135E-1 2.55006E-1 2.55288E-1
4.21084E-2 4.44192E-2 6.05533E-2 9.88062E-2 1.37854E-1 1.43916E-1 1.31927E-1 1.17523E-1 9.47078E-2 9.18521E-2 9.74124E-2 1.13493E-1 1.00886E-1 9.8974E-2 1.05448E-1 1.06843E-1 1.11102E-1 1.4876E-1 1.66362E-1 1.6085E-1 1.7094E-1 1.74032E-1 2.52296E-1 2.75069E-1 2.58006E-1 2.12839E-1 1.8861E-1 1.41607E-1 1.27801E-1 1.40266E-1 1.19141E-1 8.34331E-2 9.79542E-2 1.16913E-1 1.12427E-1 1.19601E-1 1.36945E-1 1.50764E-1 1.60258E-1 1.64809E-1 1.42632E-1 1.15168E-1 1.35356E-1 1.53063E-1 1.69849E-1 1.75616E-1 1.92247E-1 1.94009E-1 2.00165E-1 2.091E-1 2.11395E-1 2.16913E-1 2.19028E-1 2.11444E-1 2.28904E-1 2.18041E-1 2.3681E-1 2.65602E-1 2.8206E-1 2.81455E-1 2.7601E-1
3.05105E-2 3.53284E-2 3.79089E-2 5.89425E-2 1.0541E-1 1.25835E-1 1.04449E-1 8.60384E-2 7.78663E-2 7.02862E-2 6.9813E-2 8.64629E-2 1.11849E-1 1.16962E-1 1.66605E-1 1.38813E-1 1.4292E-1 1.76816E-1 2.11844E-1 1.7125E-1 1.53378E-1 1.46145E-1 1.55672E-1 2.05457E-1 2.43737E-1 2.42798E-1 2.06216E-1 1.21728E-1 9.74632E-2 9.79148E-2 8.43285E-2 9.11054E-2 7.96628E-2 8.92805E-2 1.16312E-1 1.53875E-1 1.58588E-1 1.49267E-1 1.45925E-1 1.59806E-1 1.4364E-1 1.23723E-1 1.32314E-1 1.37314E-1 1.6062E-1 1.6758E-1 1.67415E-1 1.8213E-1 1.93447E-1 2.05872E-1 2.13687E-1 2.21486E-1 2.2884E-1 2.27121E-1 2.16904E-1 2.09125E-1 2.2555E-1 2.57585E-1 2.61948E-1 2.67953E-1 2.68186E-1
3.5022E-2 3.86253E-2 4.72024E-2 8.14714E-2 9.55044E-2 8.48678E-2 6.48487E-2 5.58133E-2 5.01051E-2 4.91035E-2 5.46232E-2 6.6353E-2 8.33066E-2 8.64408E-2 1.02017E-1 1.42667E-1 1.53127E-1 1.62427E-1 1.87429E-1 1.54487E-1 1.44416E-1 1.24179E-1 1.34934E-1 1.51028E-1 1.76434E-1 2.05053E-1 1.84845E-1 1.12665E-1 1.07411E-1 1.3583E-1 1.13835E-1 8.80265E-2 7.97107E-2 7.89092E-2 9.38584E-2 1.17264E-1 1.53331E-1 1.56508E-1 1.32733E-1 1.2183E-1 1.20025E-1 1.2849E-1 1.34692E-1 1.30598E-1 1.51719E-1 1.64697E-1 1.68148E-1 1.79441E-1 1.97323E-1 2.10457E-1 2.22422E-1 2.32084E-1 2.15589E-1 2.10962E-1 2.19884E-1 2.22272E-1 2.16621E-1 2.35522E-1 2.54265E-1 2.60994E-1 2.48675E-1
3.80552E-2 4.20977E-2 5.46226E-2 6.9304E-2 7.66706E-2 6.04416E-2 5.34172E-2 4.80563E-2 4.48623E-2 4.5816E-2 5.12602E-2 6.12342E-2 7.06608E-2 8.88121E-2 1.058E-1 1.21288E-1 1.18759E-1 1.24797E-1 1.39996E-1 1.29451E-1 1.14837E-1 1.10254E-1 1.12766E-1 1.28037E-1 1.51882E-1 1.73959E-1 1.86049E-1 1.65896E-1 1.73934E-1 1.76889E-1 1.23587E-1 9.87731E-2 9.16986E-2 8.39758E-2 8.99367E-2 9.84392E-2 1.11636E-1 1.32379E-1 1.55937E-1 1.58792E-1 1.43741E-1 1.33997E-1 1.33312E-1 1.31065E-1 1.46307E-1 1.59421E-1 1.78336E-1 1.90886E-1 2.12718E-1 2.25816E-1 2.37257E-1 2.28061E-1 2.23884E-1 2.16608E-1 2.24264E-1 2.37385E-1 2.37081E-1 2.34512E-1 2.37311E-1 2.45133E-1 2.42453E-1
4.1187E-2 4.68363E-2 5.32481E-2 6.07618E-2 6.87811E-2 6.10923E-2 5.91937E-2 4.87574E-2 4.55147E-2 4.12267E-2 4.84475E-2 6.16795E-2 6.91209E-2 8.4331E-2 1.03408E-1 1.01819E-1 1.06101E-1 1.15182E-1 1.54783E-1 1.66062E-1 1.30454E-1 1.20365E-1 1.16211E-1 1.21568E-1 1.32493E-1 1.55032E-1 1.80078E-1 2.18443E-1 2.34196E-1 2.33346E-1 2.16669E-1 1.61522E-1 1.46589E-1 1.44949E-1 1.25031E-1 1.48857E-1 1.35154E-1 1.17843E-1 1.02018E-1 1.19328E-1 1.4852E-1 1.4683E-1 1.27965E-1 1.28218E-1 1.3412E-1 1.49753E-1 1.77105E-1 1.8532E-1 1.89543E-1 2.11047E-1 2.17898E-1 2.2443E-1 2.19744E-1 2.16259E-1 2.1342E-1 2.23439E-1 2.32337E-1 2.27001E-1 2.29179E-1 2.48363E-1 2.5482E-1
4.50877E-2 5.64138E-2 5.51969E-2 5.24745E-2 5.8956E-2 6.04267E-2 5.57979E-2 5.47444E-2 5.60557E-2 4.85718E-2 4.49671E-2 6.16719E-2 7.85405E-2 1.21435E-1 1.03789E-1 1.01892E-1 9.57394E-2 9.70455E-2 2.19237E-1 2.12741E-1 2.26091E-1 1.47265E-1 1.19218E-1 1.18018E-1 1.28603E-1 1.62146E-1 1.75409E-1 2.06133E-1 2.29235E-1 2.33324E-1 2.30635E-1 2.02448E-1 1.83148E-1 1.82281E-1 1.61135E-1 1.47189E-1 1.50621E-1 1.48417E-1 1.26224E-1 1.10203E-1 1.01506E-1 1.17174E-1 1.30788E-1 1.27805E-1 1.30902E-1 1.44885E-1 1.61487E-1 1.49008E-1 1.53107E-1 1.85983E-1 1.86818E-1 1.80725E-1 1.76745E-1 1.87394E-1 1.95693E-1 1.94851E-1 2.14283E-1 2.28141E-1 2.15778E-1 2.32595E-1 2.35433E-1
4.8321E-2 5.75001E-2 6.80872E-2 8.5471E-2 6.74162E-2 6.71795E-2 7.20427E-2 5.97461E-2 5.98763E-2 5.34795E-2 5.25966E-2 6.46557E-2 8.90503E-2 1.43042E-1 1.68853E-1 1.77332E-1 1.12735E-1 1.0334E-1 2.41997E-1 4.77407E-1 5.25356E-1 2.32464E-1 1.42235E-1 1.18417E-1 1.21572E-1 1.6811E-1 1.75355E-1 2.03374E-1 2.21116E-1 2.26333E-1 2.18338E-1 2.24451E-1 2.39726E-1 2.40613E-1 1.8275E-1 1.61233E-1 1.66339E-1 1.68841E-1 1.61437E-1 1.70857E-1 1.69454E-1 1.4622E-1 1.18575E-1 1.15823E-1 1.16841E-1 1.29195E-1 1.49609E-1 1.42994E-1 1.58811E-1 1.71414E-1 1.56963E-1 1.45701E-1 1.60977E-1 1.66149E-1 1.69952E-1 1.8091E-1 1.98424E-1 2.09255E-1 2.20984E-1 1.99963E-1 2.12137E-1
5.4896E-2 6.67547E-2 8.76557E-2 9.86402E-2 7.91675E-2 8.25361E-2 8.8162E-2 6.38461E-2 5.77982E-2 5.67927E-2 7.39183E-2 7.55958E-2 1.16065E-1 1.84569E-1 2.48075E-1 5.0049E-1 3.20152E-1 1.76995E-1 2.39025E-1 5.15111E-1 5.83632E-1 2.79769E-1 1.84056E-1 1.3835E-1 1.35055E-1 1.99448E-1 1.88882E-1 1.95465E-1 2.15967E-1 2.11004E-1 1.95624E-1 1.8664E-1 1.5101E-1 1.28349E-1 1.37861E-1 1.42478E-1 1.44584E-1 1.34898E-1 1.35475E-1 1.39257E-1 1.40097E-1 1.38244E-1 1.29137E-1 1.2931E-1 1.2487E-1 1.27434E-1 1.505E-1 1.74843E-1 1.3041E-1 1.26668E-1 1.20586E-1 1.22876E-1 1.318E-1 1.45283E-1 1.53948E-1 1.61513E-1 1.87557E-1 2.04431E-1 2.00012E-1 1.92459E-1 1.96748E-1
7.1907E-2 8.65904E-2 1.19952E-1 1.20783E-1 1.31953E-1 8.43659E-2 8.40755E-2 7.20695E-2 7.57974E-2 8.64097E-2 7.64551E-2 1.05333E-1 1.45573E-1 2.06551E-1 3.23414E-1 4.60324E-1 6.23247E-1 5.93406E-1 5.30103E-1 5.35927E-1 5.99324E-1 4.54019E-1 2.66071E-1 1.98393E-1 1.99277E-1 2.03968E-1 1.98897E-1 2.03406E-1 2.13129E-1 2.02723E-1 1.79165E-1 1.42877E-1 1.16892E-1 1.14784E-1 1.2911E-1 1.39082E-1 1.36518E-1 1.38339E-1 1.33069E-1 1.32731E-1 1.35783E-1 1.42805E-1 1.34245E-1 1.21471E-1 1.15612E-1 1.15569E-1 1.17276E-1 1.20261E-1 1.15328E-1 1.10439E-1 1.11248E-1 1.29845E-1 1.31497E-1 1.50391E-1 1.61197E-1 1.52656E-1 1.64684E-1 1.74867E-1 1.90371E-1 1.89658E-1 1.89715E-1
1.10885E-1 1.20324E-1 1.06065E-1 1.03849E-1 1.61136E-1 9.85326E-2 7.46086E-2 9.90578E-2 1.00024E-1 8.60217E-2 1.38609E-1 1.73646E-1 1.99269E-1 4.02963E-1 4.53386E-1 5.3018E-1 6.45908E-1 7.44294E-1 7.15257E-1 6.6183E-1 6.5033E-1 6.0707E-1 4.21477E-1 3.75018E-1 3.06391E-1 2.09323E-1 2.10712E-1 2.0275E-1 1.81877E-1 1.68768E-1 1.46201E-1 1.05337E-1 9.67715E-2 1.17608E-1 1.29467E-1 1.37976E-1 1.07408E-1 9.87391E-2 1.27253E-1 1.26948E-1 1.2917E-1 1.20247E-1 1.24838E-1 1.30941E-1 1.22113E-1 1.24271E-1 1.17261E-1 1.18053E-1 1.16421E-1 1.24918E-1 1.15401E-1 1.27722E-1 1.32037E-1 1.41074E-1 1.92246E-1 2.00451E-1 1.73488E-1 1.5214E-1 1.58559E-1 1.71881E-1 1.80471E-1
2.76618E-1 1.79999E-1 1.44999E-1 1.34917E-1 7.79918E-2 7.50996E-2 1.012E-1 6.90608E-2 9.40755E-2 1.36067E-1 2.0615E-1 2.60425E-1 2.77177E-1 5.42365E-1 5.94987E-1 6.36154E-1 6.29208E-1 7.15364E-1 7.39842E-1 6.83068E-1 6.63141E-1 6.24736E-1 6.02474E-1 5.18595E-1 3.51046E-1 2.362E-1 2.13639E-1 1.58698E-1 1.3411E-1 1.04536E-1 9.73704E-2 8.88308E-2 7.86084E-2 9.61006E-2 9.28661E-2 8.90398E-2 7.74152E-2 7.93893E-2 8.53006E-2 9.46166E-2 1.22866E-1 1.36886E-1 1.34889E-1 1.32191E-1 1.25155E-1 1.08087E-1 1.07965E-1 1.12537E-1 1.1633E-1 1.13465E-1 1.29976E-1 1.30499E-1 1.35881E-1 1.42672E-1 1.46437E-1 1.55845E-1 1.74912E-1 1.90571E-1 1.80847E-1 1.63728E-1 1.5803E-1
1.01647E-1 6.01943E-2 7.08839E-2 9.86961E-2 1.39776E-1 1.31172E-1 1.20885E-1 9.79187E-2 1.12629E-1 1.40554E-1 1.95373E-1 2.45686E-1 2.8086E-1 3.11204E-1 4.23341E-1 5.57825E-1 4.93223E-1 7.42174E-1 7.06661E-1 6.64382E-1 6.62724E-1 6.27712E-1 6.86407E-1 6.36964E-1 4.71396E-1 3.88352E-1 2.46403E-1 1.39575E-1 1.04308E-1 9.6401E-2 8.26203E-2 6.55984E-2 7.22212E-2 7.72464E-2 7.83038E-2 7.7188E-2 7.67038E-2 7.09862E-2 7.67213E-2 1.18265E-1 1.37656E-1 1.26754E-1 1.2275E-1 1.24301E-1 1.2484E-1 1.12113E-1 1.02634E-1 1.0575E-1 1.20415E-1 1.20695E-1 1.29397E-1 1.46923E-1 1.35438E-1 1.47271E-1 1.37905E-1 1.23658E-1 1.30928E-1 1.43611E-1 1.75083E-1 1.76682E-1 1.76486E-1
