data/maxent/outputs/red_175.asc
ncols         426
nrows         180
xllcorner     -130.0
yllcorner     24.0
cellsize      0.16666666666666666
NODATA_value  -9999
[rows 54 to 80 of 180, columns 244 to 304 of 426]
4.92367E-1 4.84214E-1 5.1518E-1 5.48142E-1 5.85124E-1 5.91294E-1 6.04775E-1 6.38369E-1 6.61548E-1 6.59057E-1 5.74163E-1 6.15368E-1 6.62509E-1 4.6736E-1 4.39989E-1 4.22838E-1 4.04402E-1 3.78479E-1 3.49134E-1 5.2517E-1 6.44879E-1 6.61378E-1 6.65081E-1 6.68474E-1 6.68166E-1 6.50634E-1 6.13876E-1 6.15948E-1 6.13474E-1 6.15604E-1 6.32631E-1 6.45231E-1 6.55767E-1 6.55971E-1 6.57924E-1 6.92543E-1 5.371E-1 4.60057E-1 4.63808E-1 4.75341E-1 4.94503E-1 4.93007E-1 4.86966E-1 4.71524E-1 4.36457E-1 3.92822E-1 3.53369E-1 4.79335E-1 6.7078E-1 5.21416E-1 3.894E-1 2.93962E-1 2.85361E-1 2.66566E-1 3.22015E-1 3.60675E-1 5.24729E-1 6.31228E-1 6.90923E-1 7.18307E-1 7.1681E-1
5.22711E-1 5.21699E-1 5.34148E-1 5.63693E-1 5.9508E-1 6.12347E-1 6.20454E-1 6.55134E-1 6.88851E-1 5.96742E-1 6.80801E-1 6.72519E-1 5.95043E-1 4.48016E-1 4.39547E-1 4.2298E-1 4.05861E-1 3.72535E-1 4.10516E-1 6.75115E-1 6.58347E-1 6.66202E-1 6.81137E-1 6.71973E-1 6.65181E-1 6.42793E-1 6.32409E-1 6.17282E-1 6.13074E-1 6.21853E-1 6.24806E-1 6.33151E-1 6.43835E-1 6.519E-1 6.61969E-1 6.81555E-1 7.18928E-1 4.47665E-1 4.83917E-1 4.81668E-1 4.85011E-1 4.89941E-1 4.95624E-1 4.86008E-1 4.65418E-1 4.22106E-1 3.54166E-1 3.45688E-1 5.73449E-1 6.02285E-1 5.06491E-1 4.03203E-1 3.53547E-1 3.04285E-1 3.57514E-1 5.84935E-1 6.95833E-1 6.98104E-1 7.25405E-1 7.39374E-1 7.63002E-1
5.44916E-1 5.59788E-1 5.6878E-1 5.90548E-1 6.12261E-1 6.07764E-1 6.18674E-1 6.5089E-1 6.82483E-1 6.8423E-1 6.80869E-1 6.6123E-1 4.54885E-1 4.52103E-1 4.39812E-1 4.36009E-1 4.20651E-1 3.88807E-1 5.70561E-1 6.66053E-1 6.56377E-1 6.54213E-1 6.62113E-1 6.64152E-1 6.54975E-1 6.53736E-1 6.36926E-1 6.34755E-1 6.25586E-1 6.32108E-1 6.32745E-1 6.33212E-1 6.43906E-1 6.60242E-1 6.59496E-1 6.76884E-1 6.56722E-1 4.4241E-1 4.75151E-1 4.97095E-1 4.96413E-1 4.87853E-1 4.88251E-1 4.83881E-1 4.51107E-1 4.02941E-1 3.48789E-1 3.77649E-1 6.57656E-1 6.90592E-1 6.87538E-1 6.00384E-1 6.31443E-1 5.7311E-1 4.76048E-1 4.82787E-1 7.87353E-1 7.68084E-1 7.66003E-1 7.36907E-1 7.36102E-1
5.60992E-1 5.81899E-1 5.92851E-1 6.12791E-1 6.21028E-1 6.23156E-1 6.15785E-1 6.2639E-1 6.495E-1 6.68139E-1 6.75385E-1 5.42964E-1 4.47153E-1 4.51542E-1 4.49966E-1 4.57149E-1 4.43691E-1 4.06249E-1 6.32126E-1 6.52746E-1 6.53351E-1 6.53122E-1 6.55938E-1 6.54506E-1 6.54248E-1 6.54006E-1 6.4602E-1 6.70961E-1 6.46293E-1 6.34139E-1 6.31042E-1 6.38418E-1 6.59147E-1 6.68827E-1 6.70353E-1 6.81634E-1 6.45751E-1 4.46669E-1 4.59691E-1 4.82599E-1 4.87953E-1 5.0273E-1 4.84352E-1 4.6581E-1 4.38321E-1 3.89005E-1 3.75454E-1 6.634E-1 6.9356E-1 6.95803E-1 6.79482E-1 6.33967E-1 6.32664E-1 6.57567E-1 7.70408E-1 8.39724E-1 8.19889E-1 7.88869E-1 7.61312E-1 5.29298E-1 5.96371E-1
5.59973E-1 5.87166E-1 6.04582E-1 6.1871E-1 6.24436E-1 6.36157E-1 6.25471E-1 6.16593E-1 6.33942E-1 6.71877E-1 6.82613E-1 4.89967E-1 4.36115E-1 4.43306E-1 4.53109E-1 4.58101E-1 4.46557E-1 4.97583E-1 6.65035E-1 6.55375E-1 6.5578E-1 6.5317E-1 6.4573E-1 6.43867E-1 6.45625E-1 6.41508E-1 6.49953E-1 6.60458E-1 6.50896E-1 6.43689E-1 6.464E-1 6.51336E-1 6.56574E-1 6.66622E-1 6.80384E-1 6.72678E-1 4.89047E-1 4.19693E-1 4.35896E-1 4.47512E-1 4.75491E-1 4.87408E-1 4.73082E-1 4.42449E-1 4.14981E-1 3.66215E-1 5.34245E-1 5.8611E-1 6.18528E-1 6.98178E-1 7.54587E-1 7.77269E-1 7.18247E-1 7.21663E-1 8.0157E-1 8.39443E-1 8.21472E-1 7.92514E-1 7.71215E-1 7.81492E-1 7.86842E-1
5.64148E-1 5.87487E-1 6.28902E-1 6.40585E-1 6.36399E-1 5.72908E-1 6.45825E-1 6.40372E-1 6.5853E-1 6.90513E-1 6.59712E-1 4.30233E-1 4.29422E-1 4.35106E-1 4.4731E-1 4.42639E-1 4.64811E-1 6.62921E-1 6.61962E-1 6.5546E-1 6.53028E-1 6.42454E-1 6.45771E-1 6.37527E-1 6.42303E-1 6.42827E-1 6.49569E-1 6.55561E-1 6.51209E-1 6.57478E-1 6.57255E-1 6.63444E-1 6.68868E-1 6.89257E-1 6.84653E-1 4.41991E-1 4.74205E-1 5.8392E-1 6.77099E-1 5.77567E-1 4.6679E-1 4.74337E-1 4.69512E-1 4.27018E-1 3.89582E-1 4.7725E-1 6.50729E-1 5.94348E-1 6.31693E-1 7.27439E-1 8.00555E-1 8.06174E-1 7.82192E-1 7.69756E-1 7.28495E-1 7.61826E-1 8.05076E-1 7.92466E-1 7.6332E-1 7.65791E-1 7.56486E-1
5.80525E-1 5.93286E-1 6.17242E-1 6.20165E-1 6.24152E-1 6.34943E-1 6.47705E-1 6.65335E-1 6.7676E-1 6.80373E-1 4.4438E-1 4.25069E-1 4.34765E-1 4.47001E-1 4.53175E-1 4.51572E-1 4.63416E-1 6.71916E-1 6.69308E-1 6.61683E-1 6.55973E-1 6.45628E-1 6.37168E-1 6.38123E-1 6.46842E-1 6.55459E-1 6.63677E-1 6.57257E-1 6.60143E-1 6.69581E-1 6.74725E-1 6.79145E-1 7.07348E-1 6.0661E-1 4.74139E-1 5.60144E-1 6.99313E-1 7.32777E-1 7.75974E-1 8.17888E-1 5.61417E-1 4.66537E-1 4.66761E-1 4.3373E-1 4.11697E-1 5.55532E-1 6.85827E-1 6.32601E-1 6.67074E-1 7.4868E-1 8.05934E-1 8.03932E-1 7.64112E-1 6.95297E-1 6.77315E-1 7.57789E-1 7.89309E-1 8.12382E-1 7.96342E-1 8.0573E-1 7.89235E-1
6.06354E-1 6.28401E-1 6.14962E-1 6.1553E-1 6.13905E-1 6.17279E-1 6.39766E-1 6.62278E-1 6.91176E-1 7.03086E-1 4.56477E-1 4.33582E-1 4.5204E-1 4.65326E-1 4.71139E-1 4.56521E-1 5.15384E-1 6.8029E-1 6.71005E-1 6.60715E-1 6.59793E-1 6.46011E-1 6.42305E-1 6.39897E-1 6.53729E-1 6.51702E-1 6.59138E-1 6.61354E-1 6.7271E-1 6.82366E-1 6.93018E-1 6.95744E-1 7.26959E-1 5.12061E-1 5.6228E-1 7.05347E-1 7.04861E-1 6.95411E-1 7.36574E-1 7.85898E-1 7.05677E-1 4.59607E-1 4.8366E-1 4.65064E-1 4.43909E-1 5.88935E-1 7.39389E-1 6.60532E-1 7.00694E-1 7.90246E-1 8.17915E-1 7.91992E-1 7.61173E-1 7.32969E-1 7.26248E-1 7.7259E-1 8.29086E-1 8.65514E-1 8.72728E-1 8.57338E-1 8.26075E-1
5.99117E-1 6.06404E-1 6.20479E-1 6.16066E-1 6.23295E-1 6.21778E-1 6.37704E-1 6.63384E-1 6.90074E-1 6.83446E-1 4.34435E-1 4.45705E-1 4.61525E-1 4.76219E-1 4.84883E-1 4.65121E-1 5.91725E-1 6.82606E-1 6.71482E-1 6.63772E-1 6.60041E-1 6.52559E-1 6.61906E-1 6.48219E-1 6.4946E-1 6.56859E-1 6.68502E-1 6.73824E-1 6.82544E-1 6.9473E-1 7.09231E-1 6.99284E-1 7.13264E-1 7.2205E-1 7.11197E-1 7.02983E-1 7.08331E-1 7.00366E-1 7.01574E-1 7.43982E-1 7.23806E-1 4.72508E-1 4.84813E-1 4.85971E-1 4.81076E-1 5.96137E-1 7.97668E-1 7.28602E-1 7.41816E-1 8.15643E-1 8.07326E-1 7.9487E-1 7.96356E-1 7.87927E-1 7.84942E-1 8.02867E-1 8.66289E-1 8.97234E-1 8.86319E-1 6.92106E-1 5.79054E-1
5.93118E-1 6.04654E-1 6.25585E-1 6.07395E-1 6.24775E-1 6.28722E-1 6.49133E-1 6.74287E-1 6.99328E-1 5.04358E-1 4.41493E-1 4.53062E-1 4.63987E-1 4.83682E-1 4.96352E-1 4.91982E-1 4.90955E-1 6.9851E-1 6.98334E-1 6.83148E-1 6.70393E-1 6.68338E-1 6.67751E-1 6.50557E-1 6.53159E-1 6.56502E-1 6.69067E-1 6.68131E-1 6.70226E-1 6.76391E-1 6.90067E-1 7.10594E-1 7.14038E-1 7.01215E-1 7.02872E-1 7.13825E-1 7.11011E-1 7.08229E-1 7.03307E-1 7.19261E-1 7.83809E-1 5.11187E-1 5.12378E-1 5.07349E-1 4.9143E-1 6.46926E-1 8.07473E-1 7.47678E-1 7.56345E-1 8.3404E-1 8.38816E-1 8.1918E-1 8.08558E-1 7.99271E-1 7.78397E-1 8.22104E-1 8.77486E-1 9.17248E-1 6.43438E-1 5.43829E-1 4.77009E-1
5.90183E-1 5.96328E-1 6.17829E-1 6.2222E-1 6.27001E-1 6.48027E-1 6.65091E-1 6.86484E-1 7.1115E-1 4.64774E-1 4.57597E-1 4.65354E-1 4.82327E-1 4.98752E-1 5.11005E-1 5.09164E-1 4.92469E-1 5.96461E-1 7.29508E-1 7.07424E-1 6.76779E-1 6.6723E-1 6.67786E-1 6.65743E-1 6.66244E-1 6.6267E-1 6.67627E-1 6.66968E-1 6.68808E-1 6.83648E-1 6.98171E-1 6.99371E-1 7.06706E-1 7.1003E-1 7.06777E-1 7.14123E-1 7.15273E-1 7.10774E-1 6.98204E-1 7.14096E-1 7.86523E-1 5.04988E-1 4.9177E-1 5.60776E-1 7.40555E-1 8.66038E-1 8.48028E-1 8.22995E-1 8.36123E-1 8.59218E-1 8.63263E-1 8.53603E-1 8.37088E-1 7.92144E-1 7.62212E-1 8.22645E-1 8.82613E-1 8.77794E-1 8.12103E-1 7.46704E-1 6.62202E-1
6.03545E-1 6.02862E-1 6.26699E-1 6.32188E-1 6.4112E-1 6.76517E-1 6.80887E-1 7.00256E-1 7.10131E-1 4.7783E-1 4.6662E-1 4.85131E-1 4.9809E-1 5.13832E-1 5.27787E-1 5.31859E-1 5.15592E-1 4.97589E-1 7.26982E-1 7.22377E-1 6.9319E-1 6.7939E-1 6.83205E-1 6.79117E-1 6.72536E-1 6.69115E-1 6.67295E-1 6.76567E-1 6.8452E-1 6.87827E-1 6.88724E-1 6.92774E-1 7.01616E-1 7.12657E-1 7.1212E-1 7.20554E-1 7.19649E-1 7.10433E-1 7.02889E-1 7.35688E-1 7.89524E-1 7.06142E-1 6.50121E-1 8.6411E-1 8.7089E-1 8.89888E-1 9.08422E-1 8.91335E-1 8.94691E-1 8.92445E-1 8.84278E-1 8.69821E-1 8.71818E-1 8.52512E-1 8.21411E-1 8.53992E-1 8.89586E-1 9.07956E-1 9.24692E-1 9.21073E-1 8.88356E-1
6.15697E-1 6.15117E-1 6.37256E-1 6.2585E-1 6.50405E-1 6.77721E-1 6.85483E-1 6.95724E-1 6.99604E-1 5.27152E-1 4.84482E-1 4.98354E-1 5.10592E-1 5.13448E-1 5.22954E-1 5.29508E-1 5.20242E-1 5.04312E-1 6.57602E-1 7.25049E-1 7.12574E-1 7.04595E-1 6.83858E-1 6.82745E-1 6.78124E-1 6.70715E-1 6.75662E-1 6.77475E-1 6.89967E-1 6.99118E-1 7.02892E-1 7.04966E-1 7.05719E-1 7.13478E-1 7.10426E-1 7.13353E-1 7.16231E-1 7.21416E-1 7.48605E-1 7.89623E-1 8.17091E-1 8.3128E-1 8.35914E-1 8.56704E-1 8.74567E-1 8.93146E-1 9.07805E-1 9.07413E-1 9.11072E-1 8.96147E-1 8.89661E-1 8.87573E-1 8.95721E-1 8.95917E-1 9.02167E-1 8.91086E-1 8.87275E-1 8.92682E-1 8.8833E-1 8.75214E-1 8.25688E-1
6.13051E-1 6.22057E-1 6.16117E-1 6.32255E-1 6.61506E-1 6.61441E-1 6.8049E-1 6.81883E-1 6.84932E-1 6.87094E-1 4.99904E-1 5.14272E-1 5.23626E-1 5.30194E-1 5.34139E-1 5.42447E-1 5.36211E-1 5.20273E-1 6.31755E-1 7.14966E-1 7.16612E-1 7.14031E-1 6.92271E-1 6.85187E-1 6.82683E-1 6.77448E-1 6.75279E-1 6.84616E-1 7.01692E-1 7.04101E-1 6.99405E-1 6.97676E-1 7.01602E-1 7.04073E-1 7.10679E-1 7.2529E-1 7.33862E-1 7.72896E-1 7.95395E-1 8.21709E-1 8.50859E-1 8.46496E-1 8.31981E-1 8.45589E-1 8.70979E-1 8.88679E-1 8.94254E-1 8.94182E-1 8.87797E-1 8.84026E-1 8.8684E-1 8.93052E-1 8.91525E-1 8.94275E-1 8.49445E-1 7.14153E-1 6.16164E-1 5.10306E-1 4.69571E-1 4.64381E-1 4.59822E-1
6.21634E-1 6.19012E-1 6.18644E-1 6.32339E-1 6.60942E-1 6.62866E-1 6.68181E-1 6.79372E-1 6.83493E-1 6.14939E-1 5.10368E-1 5.27951E-1 5.4442E-1 5.57815E-1 5.64645E-1 5.78835E-1 5.58932E-1 5.37044E-1 7.21013E-1 7.248E-1 7.4345E-1 7.37437E-1 7.06414E-1 6.96255E-1 6.91699E-1 6.88803E-1 6.79781E-1 6.83502E-1 6.92054E-1 6.93129E-1 6.98E-1 7.10375E-1 7.25432E-1 7.41838E-1 7.59558E-1 7.72458E-1 7.75179E-1 7.97442E-1 8.1341E-1 7.71123E-1 8.29156E-1 8.80532E-1 8.37953E-1 8.40286E-1 8.61358E-1 8.6457E-1 8.67111E-1 7.00472E-1 5.77954E-1 5.92117E-1 6.49147E-1 7.33552E-1 8.59215E-1 8.28834E-1 6.99082E-1 6.05839E-1 4.60792E-1 4.27783E-1 4.07736E-1 4.39011E-1 5.78619E-1
6.33137E-1 6.42793E-1 6.40641E-1 6.3212E-1 6.33012E-1 6.39888E-1 6.71274E-1 6.88602E-1 6.87561E-1 6.30008E-1 5.25956E-1 5.46718E-1 5.60797E-1 5.77129E-1 5.9464E-1 5.96005E-1 5.90816E-1 5.80872E-1 7.24277E-1 7.22022E-1 7.40338E-1 7.34672E-1 7.06198E-1 6.96853E-1 6.94469E-1 6.90819E-1 6.84573E-1 6.86422E-1 6.93961E-1 6.93581E-1 6.99831E-1 7.35873E-1 7.71092E-1 8.04076E-1 8.03854E-1 7.97091E-1 8.11749E-1 8.22943E-1 8.47558E-1 6.07058E-1 6.8628E-1 8.71609E-1 8.86251E-1 8.71921E-1 8.65242E-1 8.18931E-1 5.34831E-1 4.24784E-1 4.40451E-1 4.69066E-1 4.91407E-1 5.07472E-1 5.27529E-1 5.12061E-1 4.85356E-1 4.77667E-1 4.45369E-1 4.35528E-1 5.17122E-1 7.15963E-1 7.62201E-1
6.3626E-1 6.53823E-1 6.39567E-1 6.32423E-1 6.36898E-1 6.45588E-1 6.76583E-1 6.8283E-1 6.91363E-1 6.39523E-1 5.31599E-1 5.49832E-1 5.75323E-1 6.02808E-1 6.24495E-1 6.34297E-1 6.47803E-1 7.45485E-1 7.31917E-1 7.26248E-1 7.29878E-1 7.19489E-1 6.95649E-1 6.9392E-1 6.87485E-1 6.8592E-1 6.80245E-1 6.83864E-1 6.95826E-1 7.00145E-1 7.09703E-1 7.41232E-1 7.8273E-1 8.19425E-1 8.23332E-1 8.16779E-1 8.23188E-1 8.37335E-1 8.46038E-1 8.75457E-1 8.98236E-1 9.00445E-1 8.96192E-1 7.95793E-1 6.2281E-1 4.44054E-1 4.14588E-1 4.29108E-1 4.50544E-1 4.80081E-1 4.95164E-1 5.10386E-1 5.20083E-1 5.14657E-1 4.75187E-1 5.22007E-1 6.72886E-1 7.58022E-1 7.2963E-1 7.45064E-1 7.46072E-1
6.45267E-1 6.31118E-1 6.31418E-1 6.3171E-1 6.29898E-1 6.44118E-1 6.71562E-1 6.77907E-1 6.75242E-1 6.92112E-1 5.77259E-1 5.47619E-1 5.77889E-1 6.06754E-1 6.32548E-1 6.60671E-1 7.76123E-1 7.38715E-1 7.39161E-1 7.44181E-1 7.33539E-1 7.16259E-1 7.00794E-1 6.88236E-1 6.86031E-1 6.79919E-1 6.75057E-1 6.70109E-1 6.81479E-1 6.94593E-1 7.16392E-1 7.53498E-1 7.71182E-1 7.88474E-1 8.10317E-1 8.17255E-1 8.18899E-1 8.28018E-1 8.21947E-1 8.70155E-1 9.01628E-1 8.19835E-1 6.05997E-1 4.90459E-1 4.68605E-1 4.40553E-1 4.37097E-1 4.4482E-1 4.67412E-1 4.79578E-1 5.04113E-1 5.24941E-1 5.45848E-1 6.22525E-1 7.52776E-1 7.89615E-1 7.73885E-1 7.53643E-1 7.50136E-1 7.65509E-1 7.74869E-1
6.36513E-1 6.33275E-1 6.33869E-1 6.34398E-1 6.32303E-1 6.4423E-1 6.58251E-1 6.65408E-1 6.63261E-1 6.64951E-1 6.88517E-1 5.42599E-1 5.71661E-1 5.97752E-1 6.25847E-1 6.67396E-1 7.7602E-1 7.59676E-1 7.69094E-1 7.69018E-1 7.51265E-1 7.21321E-1 6.91838E-1 6.8853E-1 6.7993E-1 6.75736E-1 6.7547E-1 6.85335E-1 6.89241E-1 6.98389E-1 7.23271E-1 7.35994E-1 7.44463E-1 7.68842E-1 7.89292E-1 7.94241E-1 7.42105E-1 5.34665E-1 6.00251E-1 5.59555E-1 6.38633E-1 5.84131E-1 5.32042E-1 5.17208E-1 4.90802E-1 4.72037E-1 4.68488E-1 4.58472E-1 4.75549E-1 5.35606E-1 6.55888E-1 7.78388E-1 8.07178E-1 8.04813E-1 7.90927E-1 7.76413E-1 7.73273E-1 7.68224E-1 7.71716E-1 7.71344E-1 7.69193E-1
6.34373E-1 6.32201E-1 6.37788E-1 6.30962E-1 6.33254E-1 6.39692E-1 6.41916E-1 6.64053E-1 6.74963E-1 6.61869E-1 6.84846E-1 6.81523E-1 5.67313E-1 6.70555E-1 7.29828E-1 7.49325E-1 7.45809E-1 7.51596E-1 7.69945E-1 7.60553E-1 7.29559E-1 7.10033E-1 6.94224E-1 6.83084E-1 6.83691E-1 6.84799E-1 6.92993E-1 6.94131E-1 7.07682E-1 7.09155E-1 7.09217E-1 7.20442E-1 7.40237E-1 7.72949E-1 7.79325E-1 7.80855E-1 6.2408E-1 4.87603E-1 4.83166E-1 5.35745E-1 5.73813E-1 5.54344E-1 5.51101E-1 5.48339E-1 5.26534E-1 5.05161E-1 5.07296E-1 6.84612E-1 8.04715E-1 8.28445E-1 8.1205E-1 7.94245E-1 7.79128E-1 7.79301E-1 7.74798E-1 7.71168E-1 7.70328E-1 7.65212E-1 7.59306E-1 7.65619E-1 7.55377E-1
6.27254E-1 6.24545E-1 6.28116E-1 6.35385E-1 6.3717E-1 6.30067E-1 6.35414E-1 6.62247E-1 6.59019E-1 6.67761E-1 6.69322E-1 6.7088E-1 6.77968E-1 6.73665E-1 6.76097E-1 7.02508E-1 7.1724E-1 7.20474E-1 7.4374E-1 7.31707E-1 7.04044E-1 6.95412E-1 6.88375E-1 7.01244E-1 6.94437E-1 6.87172E-1 6.92224E-1 6.99079E-1 7.2355E-1 7.1321E-1 7.0694E-1 7.07075E-1 7.4993E-1 7.64924E-1 7.50897E-1 7.2944E-1 7.29432E-1 7.43136E-1 6.1447E-1 6.53515E-1 4.9605E-1 5.48952E-1 5.77414E-1 6.59718E-1 6.49786E-1 6.35E-1 7.82775E-1 8.57641E-1 8.52582E-1 8.35528E-1 8.1355E-1 7.80085E-1 7.62726E-1 7.60081E-1 7.51023E-1 7.51344E-1 7.46347E-1 7.34224E-1 7.43395E-1 7.50093E-1 7.49273E-1
6.24521E-1 6.27305E-1 6.29246E-1 6.4378E-1 6.28524E-1 6.36581E-1 6.67728E-1 6.43959E-1 6.27217E-1 6.4411E-1 6.5223E-1 6.61316E-1 6.59234E-1 6.48929E-1 6.33733E-1 6.47478E-1 6.60381E-1 6.84664E-1 6.8746E-1 6.89995E-1 6.88953E-1 7.03014E-1 7.09031E-1 7.01283E-1 7.02843E-1 6.82777E-1 6.88533E-1 7.05414E-1 7.12077E-1 7.20486E-1 7.06193E-1 7.06185E-1 7.20626E-1 7.12328E-1 6.96451E-1 7.09874E-1 7.10962E-1 7.14091E-1 7.16883E-1 7.1239E-1 7.40961E-1 7.83848E-1 8.18105E-1 8.4122E-1 8.60061E-1 8.61553E-1 8.6158E-1 8.67458E-1 8.60289E-1 8.36736E-1 7.87295E-1 7.71452E-1 7.27861E-1 7.08805E-1 7.22705E-1 7.35074E-1 7.34021E-1 7.31668E-1 7.35416E-1 7.43173E-1 7.52153E-1
6.51839E-1 6.40022E-1 6.42965E-1 6.38856E-1 6.59787E-1 6.37546E-1 6.70026E-1 6.4054E-1 6.24884E-1 6.21499E-1 6.26325E-1 6.33742E-1 6.38187E-1 6.37542E-1 6.39346E-1 6.40044E-1 6.54615E-1 6.6875E-1 6.6222E-1 6.78826E-1 6.98939E-1 7.10521E-1 7.13804E-1 7.17601E-1 7.11741E-1 7.08131E-1 7.11563E-1 7.09666E-1 7.22874E-1 7.30052E-1 7.14205E-1 7.07174E-1 6.97016E-1 6.85732E-1 6.86555E-1 6.95574E-1 7.09776E-1 7.11489E-1 6.98833E-1 6.92128E-1 7.14407E-1 7.49522E-1 7.86024E-1 8.10277E-1 8.31017E-1 8.48895E-1 8.55579E-1 8.53419E-1 8.49425E-1 8.20616E-1 7.68803E-1 7.31044E-1 7.22472E-1 7.15178E-1 7.13393E-1 7.24153E-1 7.30441E-1 7.30751E-1 7.24012E-1 7.38162E-1 7.65481E-1
6.33766E-1 6.17907E-1 6.19932E-1 6.28831E-1 6.21733E-1 6.24477E-1 6.2668E-1 6.2535E-1 6.28399E-1 6.28124E-1 6.29263E-1 6.30588E-1 6.33059E-1 6.34654E-1 6.34132E-1 6.2714E-1 6.39628E-1 6.52351E-1 6.62098E-1 6.8499E-1 7.0244E-1 7.10388E-1 7.13951E-1 7.1771E-1 7.21926E-1 7.27821E-1 7.2076E-1 7.29175E-1 7.25425E-1 7.24314E-1 7.32264E-1 7.24526E-1 7.18063E-1 7.08138E-1 7.02351E-1 6.96742E-1 7.16413E-1 7.17048E-1 6.95976E-1 6.94285E-1 7.13009E-1 7.37935E-1 7.65138E-1 7.86678E-1 8.05139E-1 8.18434E-1 8.35034E-1 8.34088E-1 8.26928E-1 8.07587E-1 7.66727E-1 7.33873E-1 7.22775E-1 7.24431E-1 7.32338E-1 7.36225E-1 7.39257E-1 7.45438E-1 7.40044E-1 7.48283E-1 7.69115E-1
6.04281E-1 5.97965E-1 6.006E-1 6.08316E-1 6.27887E-1 6.22185E-1 6.23199E-1 6.20009E-1 6.18593E-1 6.20585E-1 6.22246E-1 6.24789E-1 6.28784E-1 6.3328E-1 6.34432E-1 6.36244E-1 6.42447E-1 6.64302E-1 6.75664E-1 6.91343E-1 7.04134E-1 7.03976E-1 7.10501E-1 7.12692E-1 7.18903E-1 7.30779E-1 7.45924E-1 7.50744E-1 7.34715E-1 7.25427E-1 7.30554E-1 7.33802E-1 7.4751E-1 7.21115E-1 7.02458E-1 6.93082E-1 6.92523E-1 6.91009E-1 6.72316E-1 6.83917E-1 7.10943E-1 7.32742E-1 7.49768E-1 7.55317E-1 7.65799E-1 7.73926E-1 7.99843E-1 8.06189E-1 7.96897E-1 7.8883E-1 7.70711E-1 7.4325E-1 7.38942E-1 7.33152E-1 7.50575E-1 7.74048E-1 7.64593E-1 7.58974E-1 7.69569E-1 7.84659E-1 7.93022E-1
5.91147E-1 5.93499E-1 5.91367E-1 6.00338E-1 6.19362E-1 6.25203E-1 6.28829E-1 6.23695E-1 6.22791E-1 6.2871E-1 6.26104E-1 6.22989E-1 6.29735E-1 6.34213E-1 6.3771E-1 6.49868E-1 6.65814E-1 6.93307E-1 7.00037E-1 6.92111E-1 7.08227E-1 6.98582E-1 7.10709E-1 7.01633E-1 7.08607E-1 7.12961E-1 7.22416E-1 7.43373E-1 7.46268E-1 7.32402E-1 7.28817E-1 7.45555E-1 7.47202E-1 7.28865E-1 7.19594E-1 6.96354E-1 6.85306E-1 6.77262E-1 6.6799E-1 7.00358E-1 7.23931E-1 7.42522E-1 7.43158E-1 7.40725E-1 7.35926E-1 7.50098E-1 7.55174E-1 7.79185E-1 7.79954E-1 7.74447E-1 7.64235E-1 7.53219E-1 7.51896E-1 7.63891E-1 7.70511E-1 7.84113E-1 7.884E-1 7.71906E-1 7.61896E-1 7.83102E-1 7.8521E-1
5.96966E-1 6.1678E-1 6.15727E-1 6.04926E-1 6.11347E-1 6.19012E-1 6.1975E-1 6.24155E-1 6.08758E-1 6.13099E-1 6.18644E-1 6.23862E-1 6.26376E-1 6.32025E-1 6.40302E-1 6.51396E-1 6.71207E-1 7.02135E-1 7.02415E-1 7.00191E-1 7.09774E-1 6.85236E-1 6.90368E-1 7.02217E-1 7.03758E-1 7.04885E-1 7.03502E-1 7.29198E-1 7.50769E-1 7.34691E-1 7.19217E-1 7.279E-1 7.21182E-1 7.19518E-1 7.23847E-1 7.12753E-1 6.91474E-1 6.80956E-1 6.77095E-1 7.0817E-1 7.25824E-1 7.40748E-1 7.45044E-1 7.42593E-1 7.31197E-1 7.31533E-1 7.36479E-1 7.60153E-1 7.78801E-1 7.66761E-1 7.56839E-1 7.60674E-1 7.66299E-1 7.75741E-1 7.88909E-1 8.07689E-1 8.12197E-1 7.91215E-1 7.76445E-1 7.73568E-1 7.8362E-1
