data/maxent/outputs/red_93.asc
ncols         426
nrows         180
xllcorner     -130.0
yllcorner     24.0
cellsize      0.16666666666666666
NODATA_value  -9999
[rows 54 to 80 of 180, columns 183 to 243 of 426]
2.78267E-2 3.08947E-2 3.30122E-2 3.20721E-2 3.24134E-2 3.16275E-2 3.16324E-2 3.08551E-2 3.34851E-2 3.45642E-2 3.32787E-2 3.34844E-2 3.49189E-2 3.56236E-2 2.83239E-2 2.66107E-2 3.43937E-2 4.14674E-2 4.83474E-2 5.01878E-2 4.77291E-2 4.84511E-2 5.63563E-2 5.98422E-2 5.77324E-2 5.47158E-2 5.06178E-2 4.95458E-2 4.66184E-2 5.15086E-2 5.92119E-2 5.70531E-2 5.12696E-2 5.54985E-2 6.82018E-2 8.34235E-2 8.4249E-2 8.40732E-2 8.29805E-2 7.29874E-2 7.57193E-2 6.22524E-2 5.18224E-2 4.26929E-2 4.8592E-2 5.95212E-2 5.53418E-2 4.9586E-2 5.62901E-2 4.54266E-2 3.6077E-2 3.02538E-2 2.69002E-2 2.47585E-2 2.32021E-2 2.46194E-2 2.51872E-2 2.78594E-2 3.45738E-2 4.87916E-2 2.4894E-2
2.55793E-2 2.74831E-2 2.88083E-2 2.94709E-2 3.12769E-2 3.50111E-2 3.10628E-2 3.11087E-2 3.33702E-2 3.50418E-2 3.66325E-2 4.10192E-2 3.39753E-2 3.23611E-2 2.98221E-2 2.83866E-2 3.09921E-2 3.74547E-2 5.45583E-2 5.59122E-2 5.15912E-2 5.27213E-2 5.56791E-2 6.24915E-2 6.7014E-2 5.50882E-2 5.07326E-2 4.67119E-2 4.91695E-2 5.4895E-2 5.76152E-2 5.54991E-2 5.41163E-2 5.97068E-2 5.86434E-2 6.67817E-2 7.98384E-2 8.42123E-2 7.42295E-2 7.38461E-2 7.50214E-2 7.13658E-2 6.27786E-2 5.61629E-2 6.50854E-2 6.80071E-2 6.75174E-2 6.86874E-2 6.58899E-2 4.86575E-2 4.35471E-2 3.41305E-2 3.04121E-2 2.97248E-2 2.64787E-2 2.88903E-2 3.30817E-2 3.9138E-2 5.4141E-2 4.45582E-2 4.06886E-2
2.88302E-2 3.11653E-2 3.29343E-2 3.2811E-2 3.41073E-2 3.54451E-2 3.48145E-2 3.26063E-2 3.50175E-2 3.50108E-2 3.89982E-2 3.9449E-2 3.73909E-2 3.7071E-2 4.41285E-2 3.31708E-2 3.12234E-2 3.30857E-2 4.20208E-2 5.36821E-2 5.60218E-2 5.54172E-2 5.84873E-2 6.01012E-2 5.86232E-2 5.56107E-2 5.8464E-2 5.52824E-2 5.22831E-2 5.38017E-2 5.38491E-2 5.44293E-2 5.57168E-2 6.30678E-2 5.59131E-2 6.33911E-2 7.17318E-2 7.39755E-2 6.96727E-2 7.26746E-2 7.53406E-2 8.56211E-2 9.0011E-2 8.09759E-2 7.90282E-2 8.04889E-2 7.78928E-2 7.35317E-2 6.20917E-2 5.08417E-2 4.98897E-2 4.14088E-2 3.40844E-2 3.35902E-2 2.95197E-2 3.00474E-2 3.71144E-2 4.28684E-2 4.92876E-2 7.15976E-2 6.11334E-2
3.08542E-2 3.21219E-2 3.69255E-2 3.62124E-2 3.79419E-2 3.74526E-2 3.61097E-2 3.71186E-2 3.78298E-2 3.66223E-2 3.85145E-2 4.53266E-2 4.47412E-2 4.36662E-2 3.93545E-2 3.74614E-2 3.29696E-2 3.24075E-2 3.60826E-2 3.94453E-2 4.88786E-2 5.78953E-2 6.23707E-2 6.06291E-2 5.82746E-2 5.83683E-2 5.4664E-2 5.4715E-2 5.79196E-2 5.96823E-2 5.53675E-2 5.25437E-2 5.04386E-2 5.8245E-2 5.72386E-2 6.36511E-2 7.73958E-2 7.65102E-2 7.32244E-2 7.63472E-2 7.08224E-2 7.06599E-2 7.59825E-2 8.89487E-2 9.0425E-2 8.75233E-2 8.23267E-2 8.31565E-2 6.84734E-2 5.84119E-2 5.51776E-2 5.53496E-2 5.46012E-2 4.21214E-2 3.61046E-2 3.96386E-2 5.38511E-2 6.80758E-2 8.01405E-2 7.1949E-2 7.52382E-2
2.76134E-2 2.7864E-2 3.09482E-2 3.61969E-2 3.9705E-2 3.95745E-2 3.77503E-2 3.8537E-2 3.84955E-2 3.85885E-2 3.97018E-2 4.60382E-2 6.29533E-2 4.71751E-2 4.5807E-2 3.75049E-2 3.72677E-2 3.20567E-2 3.19399E-2 3.90267E-2 4.37877E-2 5.32078E-2 6.24543E-2 6.21936E-2 6.05122E-2 5.92788E-2 5.87891E-2 5.70355E-2 5.78974E-2 5.64497E-2 5.84697E-2 6.15501E-2 5.65166E-2 6.20514E-2 6.8033E-2 6.92951E-2 7.47491E-2 7.72494E-2 7.12969E-2 6.78317E-2 7.23929E-2 7.09772E-2 7.48078E-2 7.85442E-2 8.09063E-2 8.54977E-2 8.37192E-2 8.18896E-2 7.43151E-2 6.99588E-2 6.91723E-2 7.05277E-2 6.4979E-2 6.42739E-2 5.77283E-2 6.31258E-2 7.39229E-2 9.07219E-2 7.87318E-2 6.86033E-2 7.51373E-2
3.03781E-2 2.88285E-2 2.95414E-2 3.09691E-2 3.52548E-2 4.39013E-2 4.03994E-2 4.17683E-2 4.19973E-2 4.15235E-2 4.051E-2 4.08018E-2 4.60562E-2 4.77738E-2 4.55096E-2 4.121E-2 3.79906E-2 3.63118E-2 3.32149E-2 3.3656E-2 4.09784E-2 5.06344E-2 6.29735E-2 6.18906E-2 6.10068E-2 6.13466E-2 6.20593E-2 5.95528E-2 5.63112E-2 5.6783E-2 5.45659E-2 5.55005E-2 6.21297E-2 5.68209E-2 5.85123E-2 6.15534E-2 6.53727E-2 6.85985E-2 6.96784E-2 6.6224E-2 7.16064E-2 7.52751E-2 7.79065E-2 7.54844E-2 7.95498E-2 8.44242E-2 8.69259E-2 9.1853E-2 8.05829E-2 7.58629E-2 7.82921E-2 7.42585E-2 7.23648E-2 8.01926E-2 7.97665E-2 8.17625E-2 8.57968E-2 9.10398E-2 7.69701E-2 7.77219E-2 8.29197E-2
3.0459E-2 3.28167E-2 3.08069E-2 3.13716E-2 3.49599E-2 3.74647E-2 3.97542E-2 4.22533E-2 4.39235E-2 4.2989E-2 4.45233E-2 4.31455E-2 4.37448E-2 4.84232E-2 4.84079E-2 4.39124E-2 4.04825E-2 3.96415E-2 3.70146E-2 3.70709E-2 4.40023E-2 5.031E-2 5.55513E-2 5.45547E-2 5.89229E-2 5.81702E-2 6.10844E-2 5.72926E-2 5.72716E-2 5.65917E-2 5.59239E-2 5.7714E-2 5.79179E-2 5.4715E-2 5.42531E-2 5.56724E-2 6.07031E-2 6.28466E-2 6.41583E-2 6.4166E-2 6.64297E-2 7.16391E-2 7.57878E-2 7.91922E-2 7.72757E-2 7.69769E-2 8.24933E-2 9.31007E-2 9.70744E-2 9.26619E-2 8.44603E-2 7.61575E-2 7.25091E-2 7.97148E-2 8.57499E-2 8.8154E-2 9.01558E-2 9.54421E-2 8.62166E-2 8.39819E-2 9.36567E-2
3.42347E-2 3.1559E-2 3.09269E-2 3.2521E-2 3.51081E-2 3.59107E-2 3.88928E-2 4.14365E-2 4.6149E-2 4.66957E-2 4.42685E-2 4.51349E-2 4.29158E-2 4.35913E-2 4.62886E-2 4.17867E-2 4.24956E-2 3.94418E-2 3.84426E-2 4.24676E-2 4.57686E-2 5.0691E-2 5.28359E-2 5.31169E-2 5.37472E-2 6.2477E-2 6.01273E-2 5.34977E-2 5.81317E-2 6.11376E-2 6.55407E-2 6.14826E-2 6.05113E-2 5.39339E-2 5.27475E-2 5.88119E-2 6.18306E-2 6.35408E-2 6.62515E-2 7.1831E-2 6.51148E-2 6.37574E-2 7.25055E-2 8.07135E-2 8.30509E-2 8.39173E-2 8.55001E-2 9.55221E-2 9.96838E-2 1.16101E-1 9.3723E-2 7.95437E-2 7.64981E-2 8.0457E-2 8.22652E-2 8.65373E-2 9.22807E-2 9.19442E-2 8.68432E-2 8.68554E-2 1.0188E-1
3.45294E-2 3.39592E-2 3.20245E-2 3.17022E-2 3.14466E-2 3.52433E-2 3.76012E-2 4.01229E-2 4.26586E-2 4.41373E-2 4.42688E-2 4.24044E-2 4.59334E-2 4.72763E-2 4.82399E-2 4.58011E-2 4.76084E-2 4.4634E-2 3.95583E-2 3.99523E-2 4.29614E-2 4.7307E-2 5.11298E-2 5.54443E-2 5.44901E-2 5.38635E-2 5.6507E-2 5.20274E-2 5.36074E-2 6.51372E-2 7.32114E-2 6.29952E-2 5.99371E-2 5.48594E-2 5.91148E-2 5.96089E-2 6.98213E-2 7.22687E-2 6.96142E-2 7.69102E-2 7.25533E-2 6.66931E-2 7.02976E-2 8.03016E-2 8.6404E-2 8.28987E-2 7.5506E-2 8.62105E-2 1.07296E-1 1.37605E-1 1.03338E-1 7.13099E-2 7.25394E-2 8.2988E-2 8.51505E-2 8.86464E-2 9.81667E-2 9.13316E-2 8.81528E-2 9.13033E-2 1.02825E-1
2.97879E-2 3.98765E-2 3.84537E-2 3.08481E-2 2.90026E-2 3.15909E-2 3.36384E-2 3.69898E-2 3.72856E-2 3.88138E-2 3.98587E-2 3.97175E-2 4.31807E-2 4.51635E-2 4.3166E-2 4.10363E-2 4.24202E-2 4.20539E-2 3.95587E-2 3.91901E-2 4.17739E-2 4.6436E-2 4.82045E-2 4.99616E-2 5.28637E-2 5.7093E-2 6.45914E-2 5.03495E-2 5.49097E-2 6.02644E-2 6.42131E-2 6.23829E-2 5.75562E-2 5.7743E-2 5.92532E-2 6.18929E-2 6.59261E-2 7.04378E-2 7.16378E-2 7.58414E-2 7.55994E-2 7.51511E-2 7.18549E-2 7.28849E-2 8.30783E-2 8.51804E-2 8.49971E-2 9.62914E-2 1.21762E-1 1.70502E-1 1.3349E-1 9.02941E-2 8.33408E-2 8.70858E-2 9.11065E-2 9.77017E-2 1.03135E-1 1.03776E-1 1.00534E-1 1.0684E-1 1.01876E-1
3.23417E-2 3.22343E-2 3.64127E-2 4.14532E-2 3.30913E-2 3.21251E-2 3.58152E-2 3.55759E-2 3.88596E-2 3.86359E-2 3.83704E-2 3.87546E-2 4.33104E-2 4.3564E-2 4.0872E-2 3.9483E-2 3.97178E-2 4.27343E-2 4.05648E-2 4.33002E-2 4.50819E-2 4.86198E-2 4.94899E-2 4.8544E-2 4.92314E-2 4.76766E-2 4.86943E-2 5.47776E-2 6.17433E-2 6.10921E-2 6.31329E-2 6.10056E-2 5.81193E-2 6.24904E-2 6.50231E-2 6.51665E-2 6.6459E-2 6.95235E-2 7.4398E-2 7.4728E-2 7.72443E-2 7.69484E-2 7.61381E-2 7.85129E-2 8.46435E-2 8.78087E-2 9.52313E-2 9.69842E-2 1.17881E-1 1.42726E-1 1.49683E-1 1.04849E-1 9.41932E-2 9.8635E-2 1.02004E-1 1.05138E-1 1.06769E-1 1.07377E-1 9.80875E-2 1.04928E-1 9.49307E-2
3.02377E-2 3.04836E-2 3.07502E-2 3.52209E-2 4.30055E-2 4.20146E-2 3.83234E-2 3.80874E-2 4.06613E-2 3.74682E-2 3.92881E-2 4.11994E-2 3.98373E-2 4.04492E-2 3.80785E-2 3.75009E-2 3.82459E-2 3.76431E-2 4.11609E-2 4.61211E-2 4.84169E-2 4.86438E-2 4.7234E-2 4.60617E-2 4.86382E-2 4.78983E-2 5.03295E-2 5.66741E-2 6.19294E-2 6.27123E-2 5.94815E-2 5.98288E-2 5.92723E-2 6.47303E-2 7.22991E-2 6.75524E-2 7.39122E-2 6.96904E-2 7.13279E-2 7.212E-2 7.18448E-2 7.57976E-2 8.2049E-2 8.35214E-2 8.89681E-2 9.23779E-2 9.51529E-2 9.66882E-2 1.03895E-1 1.22615E-1 1.21374E-1 1.05439E-1 9.91409E-2 9.96189E-2 1.09939E-1 1.18E-1 1.22817E-1 1.18634E-1 1.17053E-1 1.09279E-1 1.24225E-1
2.65371E-2 2.75219E-2 2.76066E-2 2.85608E-2 3.2043E-2 3.47185E-2 3.48427E-2 3.48856E-2 3.48352E-2 3.66589E-2 4.78016E-2 5.4152E-2 4.36817E-2 3.76092E-2 3.42919E-2 3.52493E-2 3.55461E-2 3.98342E-2 4.09503E-2 4.38962E-2 4.58377E-2 4.6008E-2 4.61789E-2 4.63873E-2 5.01423E-2 4.62875E-2 4.85332E-2 5.11717E-2 5.63808E-2 5.77287E-2 5.76237E-2 5.70518E-2 5.6729E-2 5.8345E-2 6.096E-2 6.93755E-2 6.98535E-2 6.82552E-2 6.99013E-2 7.05739E-2 7.12357E-2 7.34116E-2 8.29065E-2 8.86867E-2 8.66132E-2 8.86245E-2 9.76229E-2 1.00775E-1 9.79805E-2 1.02592E-1 1.09762E-1 9.0361E-2 8.82274E-2 9.1014E-2 1.03237E-1 1.17778E-1 1.2147E-1 1.18568E-1 1.13094E-1 1.0587E-1 1.04004E-1
2.89996E-2 2.74413E-2 2.83083E-2 2.88489E-2 3.12177E-2 3.1626E-2 3.29534E-2 3.4898E-2 3.92351E-2 4.43396E-2 4.91489E-2 5.01769E-2 4.36435E-2 3.87929E-2 4.06226E-2 4.10254E-2 3.56417E-2 4.12902E-2 4.30447E-2 4.30628E-2 4.52915E-2 4.56559E-2 4.66155E-2 4.8473E-2 4.67347E-2 4.56791E-2 4.42215E-2 4.9797E-2 5.16294E-2 5.50896E-2 5.98875E-2 5.95468E-2 5.83205E-2 6.20149E-2 6.2833E-2 6.95808E-2 7.46831E-2 8.12486E-2 7.41895E-2 7.36353E-2 7.50391E-2 7.84717E-2 8.85833E-2 8.68323E-2 8.92547E-2 8.74898E-2 8.34804E-2 9.56372E-2 9.78445E-2 9.94871E-2 1.02698E-1 9.61594E-2 9.33013E-2 9.743E-2 1.01118E-1 1.12559E-1 1.18681E-1 1.18117E-1 1.16924E-1 1.1169E-1 1.09939E-1
2.86193E-2 2.81677E-2 2.80226E-2 2.84849E-2 2.93077E-2 2.92688E-2 3.00415E-2 3.31876E-2 3.52521E-2 4.02789E-2 4.5124E-2 4.86605E-2 4.25844E-2 3.87124E-2 3.66837E-2 3.83439E-2 4.09306E-2 3.94865E-2 4.81144E-2 4.38982E-2 4.31482E-2 4.50462E-2 4.94265E-2 5.16269E-2 4.47885E-2 4.53209E-2 4.24923E-2 4.50638E-2 4.7911E-2 5.10635E-2 5.54249E-2 5.84458E-2 5.89107E-2 6.2205E-2 6.42084E-2 7.0646E-2 7.74438E-2 8.42358E-2 7.96702E-2 7.47851E-2 7.64722E-2 7.83294E-2 8.40026E-2 7.85727E-2 8.50567E-2 8.75277E-2 8.12616E-2 8.68424E-2 8.76449E-2 9.53294E-2 1.01425E-1 1.06078E-1 1.13449E-1 1.09336E-1 1.05457E-1 1.15524E-1 1.1764E-1 1.16264E-1 1.17425E-1 1.1729E-1 1.22523E-1
2.55987E-2 2.70031E-2 2.89116E-2 2.89714E-2 2.87315E-2 2.86495E-2 2.93469E-2 3.12073E-2 3.20217E-2 3.29768E-2 3.61008E-2 3.75081E-2 3.9996E-2 3.79384E-2 3.67813E-2 3.90959E-2 4.03512E-2 4.14756E-2 4.47012E-2 4.09181E-2 4.43103E-2 4.69405E-2 5.15047E-2 5.11426E-2 4.71413E-2 4.53241E-2 4.62997E-2 4.87292E-2 4.72337E-2 4.91086E-2 5.11337E-2 6.03269E-2 6.64675E-2 6.04886E-2 6.33543E-2 6.66789E-2 7.46573E-2 8.10878E-2 8.41195E-2 7.75333E-2 7.28148E-2 7.27709E-2 7.77802E-2 7.91786E-2 8.0476E-2 8.0212E-2 8.56484E-2 8.37453E-2 8.75553E-2 9.74303E-2 1.04997E-1 1.13359E-1 1.22498E-1 1.22964E-1 1.17224E-1 1.2517E-1 1.29038E-1 1.20105E-1 1.18037E-1 1.21706E-1 1.20228E-1
2.28359E-2 2.37427E-2 2.49385E-2 2.75312E-2 2.8232E-2 2.70432E-2 2.67699E-2 2.84033E-2 2.97914E-2 3.05017E-2 3.3245E-2 3.51199E-2 3.69556E-2 4.13316E-2 3.93216E-2 3.96709E-2 3.92699E-2 3.9112E-2 5.15194E-2 4.10692E-2 4.12699E-2 5.18743E-2 4.91224E-2 5.09792E-2 5.26716E-2 5.13841E-2 5.29439E-2 5.1066E-2 5.22205E-2 5.12706E-2 5.18201E-2 5.34937E-2 6.08241E-2 6.61739E-2 5.84479E-2 6.29217E-2 6.87251E-2 7.2991E-2 7.76566E-2 7.62547E-2 7.4931E-2 7.40949E-2 7.68831E-2 7.72145E-2 7.75449E-2 8.19229E-2 8.25568E-2 8.87655E-2 9.10852E-2 9.59961E-2 1.12255E-1 1.19816E-1 1.21113E-1 1.20201E-1 1.22127E-1 1.25437E-1 1.32889E-1 1.32724E-1 1.26549E-1 1.26279E-1 1.21738E-1
2.00795E-2 2.18182E-2 2.37666E-2 2.53019E-2 2.61105E-2 2.64826E-2 2.53419E-2 2.66483E-2 2.77605E-2 3.03336E-2 3.03805E-2 3.28323E-2 3.63516E-2 4.06765E-2 3.77767E-2 3.87157E-2 3.97761E-2 4.02668E-2 4.41618E-2 4.64251E-2 4.16274E-2 5.43071E-2 5.35298E-2 5.63921E-2 5.96944E-2 6.03602E-2 5.55897E-2 5.31697E-2 5.27119E-2 5.709E-2 5.6503E-2 5.5039E-2 5.68291E-2 7.19244E-2 5.91418E-2 6.29833E-2 6.45224E-2 7.19492E-2 7.49197E-2 8.27488E-2 7.95346E-2 7.81209E-2 7.88691E-2 7.78599E-2 7.889E-2 8.3735E-2 9.01406E-2 8.49801E-2 9.2801E-2 1.07299E-1 1.10698E-1 1.14596E-1 1.15935E-1 1.15871E-1 1.17652E-1 1.33185E-1 1.46131E-1 1.35526E-1 1.35276E-1 1.32764E-1 1.35875E-1
2.04899E-2 2.18692E-2 2.35988E-2 2.28686E-2 2.28502E-2 2.34707E-2 2.39707E-2 2.44951E-2 2.72652E-2 2.68388E-2 2.75263E-2 2.93543E-2 3.24878E-2 3.71807E-2 3.92437E-2 4.11318E-2 4.25337E-2 4.17133E-2 4.32471E-2 4.5606E-2 4.49072E-2 5.59516E-2 5.58666E-2 6.00371E-2 6.17216E-2 6.20444E-2 6.0707E-2 5.91867E-2 5.72175E-2 5.75959E-2 5.81422E-2 5.71761E-2 5.16364E-2 6.21142E-2 5.99826E-2 6.76466E-2 7.15484E-2 7.49094E-2 7.77878E-2 7.94555E-2 7.58094E-2 8.20862E-2 8.41846E-2 8.20375E-2 8.13906E-2 7.95181E-2 8.48142E-2 9.45914E-2 1.01038E-1 1.08034E-1 1.08498E-1 1.13179E-1 1.11195E-1 1.12051E-1 1.19801E-1 1.37015E-1 1.49118E-1 1.4338E-1 1.39548E-1 1.4177E-1 1.48742E-1
2.20084E-2 2.52559E-2 2.44119E-2 2.38369E-2 2.34593E-2 2.31375E-2 2.3677E-2 2.47179E-2 2.55581E-2 2.56238E-2 2.70405E-2 2.82697E-2 3.13561E-2 3.76397E-2 3.97035E-2 3.91349E-2 4.18312E-2 4.19497E-2 4.30235E-2 4.5013E-2 4.45228E-2 5.44965E-2 5.57893E-2 5.49351E-2 5.60296E-2 5.5058E-2 5.9969E-2 6.31018E-2 6.70599E-2 6.93154E-2 6.80718E-2 5.86334E-2 5.64896E-2 5.78266E-2 7.26951E-2 7.90971E-2 8.3435E-2 9.01803E-2 8.52857E-2 7.97277E-2 8.61352E-2 7.6852E-2 7.52196E-2 7.65699E-2 7.82502E-2 8.1967E-2 9.04228E-2 1.04373E-1 1.05068E-1 1.17438E-1 1.15008E-1 1.14715E-1 1.14567E-1 1.19976E-1 1.28655E-1 1.40258E-1 1.44238E-1 1.45547E-1 1.42045E-1 1.36146E-1 1.3704E-1
2.23148E-2 2.27622E-2 2.26252E-2 2.31145E-2 2.38583E-2 2.36801E-2 2.40666E-2 2.51931E-2 2.57425E-2 2.68244E-2 2.97782E-2 3.10556E-2 3.35774E-2 3.68665E-2 3.74054E-2 3.74787E-2 3.86449E-2 4.19924E-2 4.54018E-2 4.60598E-2 4.86648E-2 4.86254E-2 5.22149E-2 5.21916E-2 5.06721E-2 5.20006E-2 5.71192E-2 6.41044E-2 6.95816E-2 7.48609E-2 7.25065E-2 6.84192E-2 6.54365E-2 6.79267E-2 7.64997E-2 9.13091E-2 1.10058E-1 1.31277E-1 1.18694E-1 8.50503E-2 8.18792E-2 7.77829E-2 7.04286E-2 7.14097E-2 7.37781E-2 7.71903E-2 8.78851E-2 9.67186E-2 1.00797E-1 1.07616E-1 1.17905E-1 1.17459E-1 1.16663E-1 1.2274E-1 1.40411E-1 1.41657E-1 1.35496E-1 1.26582E-1 1.28692E-1 1.2853E-1 1.31461E-1
2.14334E-2 2.21132E-2 2.26691E-2 2.36973E-2 2.42564E-2 2.51432E-2 2.69611E-2 2.66074E-2 2.97638E-2 3.29714E-2 3.4691E-2 3.32398E-2 3.65783E-2 3.74268E-2 3.81758E-2 4.27499E-2 4.06524E-2 4.43212E-2 4.5842E-2 4.53877E-2 5.35024E-2 5.77951E-2 5.10645E-2 4.99595E-2 4.80612E-2 5.13684E-2 5.41801E-2 5.88615E-2 6.34511E-2 6.57463E-2 6.63034E-2 6.38285E-2 6.60098E-2 6.71343E-2 7.30396E-2 8.42332E-2 1.33853E-1 2.51363E-1 2.88951E-1 1.23417E-1 8.51383E-2 7.45414E-2 6.89749E-2 7.10002E-2 7.47707E-2 7.71392E-2 8.90061E-2 9.96729E-2 1.01286E-1 1.09972E-1 1.12649E-1 1.26614E-1 1.27284E-1 1.36594E-1 1.39988E-1 1.35134E-1 1.3427E-1 1.35341E-1 1.32784E-1 1.23689E-1 1.23327E-1
2.1214E-2 2.13441E-2 2.25345E-2 2.42152E-2 2.36852E-2 2.57385E-2 2.79716E-2 2.82781E-2 2.91677E-2 3.20642E-2 3.472E-2 3.51967E-2 3.46209E-2 3.65576E-2 3.97965E-2 3.91805E-2 3.5565E-2 3.51723E-2 4.33981E-2 4.80083E-2 5.08373E-2 5.69501E-2 5.08411E-2 4.44874E-2 4.55413E-2 4.91881E-2 5.33067E-2 5.65171E-2 5.96574E-2 6.31628E-2 6.40511E-2 6.60842E-2 6.83612E-2 6.88313E-2 6.95089E-2 8.25999E-2 1.24969E-1 2.66797E-1 3.33814E-1 1.85281E-1 1.00608E-1 7.85093E-2 7.4383E-2 7.50459E-2 7.87702E-2 8.5658E-2 8.9436E-2 9.48606E-2 1.01456E-1 1.04867E-1 1.1459E-1 1.13815E-1 1.22989E-1 1.36963E-1 1.42885E-1 1.41412E-1 1.4611E-1 1.50999E-1 1.40832E-1 1.35716E-1 1.33694E-1
2.05127E-2 2.07466E-2 2.11862E-2 2.16827E-2 2.32033E-2 2.40514E-2 2.48147E-2 2.80409E-2 3.32419E-2 3.51225E-2 3.36172E-2 3.45064E-2 3.39419E-2 3.42777E-2 3.51425E-2 3.74859E-2 3.63561E-2 3.41712E-2 3.82976E-2 4.62526E-2 4.58358E-2 4.66685E-2 4.89645E-2 4.29838E-2 4.3613E-2 4.64096E-2 5.13436E-2 5.52025E-2 6.08791E-2 5.86947E-2 6.09751E-2 6.85742E-2 6.85415E-2 6.81149E-2 6.68518E-2 7.37265E-2 9.39492E-2 1.51653E-1 1.9931E-1 1.42544E-1 9.52512E-2 8.15479E-2 7.46048E-2 7.3598E-2 8.07836E-2 9.15555E-2 1.01353E-1 1.01093E-1 9.79534E-2 1.10196E-1 1.20232E-1 1.27264E-1 1.26324E-1 1.40096E-1 1.49986E-1 1.4754E-1 1.56915E-1 1.4361E-1 1.4002E-1 1.33049E-1 1.48525E-1
2.00367E-2 2.06114E-2 2.07151E-2 2.15009E-2 2.21085E-2 2.3222E-2 2.75438E-2 3.16471E-2 3.15393E-2 3.2356E-2 3.31115E-2 3.53718E-2 3.36974E-2 3.37482E-2 3.4061E-2 3.72112E-2 3.59792E-2 3.61639E-2 3.70077E-2 4.15667E-2 4.21725E-2 4.39995E-2 5.09905E-2 4.02315E-2 4.16776E-2 4.53281E-2 4.86571E-2 5.40499E-2 5.52033E-2 5.44314E-2 5.71504E-2 6.22477E-2 6.74766E-2 6.55409E-2 6.60462E-2 6.75009E-2 7.19693E-2 9.07753E-2 1.11295E-1 1.02109E-1 8.629E-2 8.04489E-2 8.04133E-2 8.28547E-2 8.66871E-2 9.82191E-2 1.06898E-1 1.10818E-1 1.13947E-1 1.18048E-1 1.2797E-1 1.36821E-1 1.45687E-1 1.55911E-1 1.50261E-1 1.53711E-1 1.58562E-1 1.51386E-1 1.51072E-1 1.52485E-1 1.71315E-1
2.00641E-2 2.08615E-2 2.13589E-2 2.13519E-2 2.2547E-2 2.48148E-2 2.85452E-2 2.751E-2 2.85664E-2 3.01202E-2 3.07888E-2 3.36697E-2 3.17937E-2 3.26486E-2 3.25303E-2 3.49236E-2 3.74945E-2 4.30085E-2 3.94414E-2 3.78635E-2 4.02899E-2 4.27713E-2 4.52137E-2 4.17486E-2 4.09249E-2 4.34587E-2 4.76537E-2 5.32658E-2 5.50089E-2 5.58255E-2 5.78755E-2 6.16354E-2 6.35479E-2 6.81337E-2 7.04057E-2 7.04502E-2 7.32287E-2 7.86714E-2 8.5893E-2 8.08204E-2 7.69951E-2 7.85921E-2 7.84124E-2 8.5326E-2 9.4236E-2 1.03289E-1 1.06955E-1 1.06964E-1 1.18084E-1 1.21625E-1 1.37703E-1 1.3271E-1 1.39311E-1 1.39085E-1 1.35125E-1 1.40733E-1 1.55242E-1 1.6492E-1 1.71892E-1 1.82705E-1 1.8214E-1
1.97476E-2 2.00981E-2 2.08142E-2 2.1135E-2 2.14125E-2 2.24117E-2 2.46863E-2 2.53703E-2 2.62205E-2 2.67427E-2 2.73974E-2 2.88502E-2 2.92969E-2 3.01089E-2 3.04951E-2 3.30505E-2 3.38676E-2 3.69274E-2 4.0771E-2 3.71361E-2 3.74191E-2 4.31339E-2 4.65501E-2 4.50843E-2 4.14685E-2 4.23596E-2 4.77493E-2 5.21077E-2 5.56131E-2 5.66892E-2 5.9067E-2 6.21634E-2 6.36005E-2 6.89805E-2 7.39385E-2 8.36784E-2 9.15345E-2 1.00229E-1 9.52361E-2 8.92825E-2 9.32149E-2 8.76944E-2 8.54276E-2 8.62014E-2 9.15682E-2 1.02748E-1 1.14455E-1 1.18688E-1 1.2409E-1 1.24025E-1 1.3212E-1 1.39185E-1 1.3126E-1 1.29805E-1 1.37005E-1 1.58138E-1 1.75017E-1 1.84203E-1 1.76087E-1 1.88665E-1 1.87088E-1
