data/maxent/outputs/red_170.asc
ncols         426
nrows         180
xllcorner     -130.0
yllcorner     24.0
cellsize      0.16666666666666666
NODATA_value  -9999
[rows 54 to 80 of 180, columns 122 to 182 of 426]
4.69315E-1 4.67653E-1 2.90406E-1 8.68148E-2 1.00688E-1 1.06287E-1 9.09827E-2 1.00214E-1 1.29491E-1 3.0523E-1 3.67264E-1 3.73434E-1 3.78659E-1 3.68775E-1 2.99676E-1 2.82068E-1 2.13169E-1 2.57025E-1 2.84918E-1 2.89231E-1 2.99634E-1 2.48364E-1 2.17896E-1 2.16237E-1 2.00221E-1 1.67498E-1 1.7477E-1 2.09908E-1 2.08239E-1 2.13472E-1 2.43054E-1 2.28965E-1 2.1799E-1 2.34111E-1 2.94556E-1 3.5975E-1 4.63668E-1 5.00345E-1 4.39149E-1 3.37694E-1 2.47909E-1 1.93005E-1 1.84595E-1 1.79059E-1 1.72164E-1 1.76777E-1 1.92571E-1 2.06699E-1 2.11417E-1 2.16662E-1 2.14749E-1 2.01856E-1 1.90924E-1 1.96803E-1 2.09382E-1 2.51163E-1 2.46022E-1 2.67399E-1 2.62851E-1 2.57211E-1 2.5691E-1
3.99134E-1 3.71984E-1 2.68845E-1 1.48415E-1 9.28544E-2 7.03193E-2 6.8474E-2 7.66693E-2 9.18523E-2 1.20468E-1 3.028E-1 3.98838E-1 4.20392E-1 3.96356E-1 3.63882E-1 2.88375E-1 2.38555E-1 2.41288E-1 2.76515E-1 2.77094E-1 2.27898E-1 2.05025E-1 2.32374E-1 2.22529E-1 2.00847E-1 1.71916E-1 1.75769E-1 2.11895E-1 2.363E-1 2.7764E-1 2.76498E-1 2.91563E-1 2.6741E-1 2.57251E-1 3.06647E-1 3.95329E-1 4.67602E-1 4.81065E-1 4.83702E-1 3.69735E-1 3.03533E-1 2.42073E-1 1.91657E-1 1.64101E-1 1.59815E-1 1.58664E-1 1.70471E-1 1.73113E-1 1.83764E-1 1.77199E-1 1.68473E-1 1.78384E-1 2.01854E-1 2.23696E-1 2.40812E-1 2.21037E-1 2.38736E-1 2.53895E-1 2.5517E-1 2.4343E-1 2.46488E-1
4.87971E-1 3.64399E-1 3.17456E-1 1.62538E-1 1.02645E-1 8.69968E-2 6.5356E-2 6.91784E-2 6.244E-2 6.57485E-2 1.08109E-1 2.56195E-1 3.64042E-1 4.55948E-1 4.02209E-1 3.45836E-1 3.28638E-1 2.50077E-1 2.35608E-1 2.29181E-1 2.25041E-1 1.90244E-1 2.08466E-1 2.25139E-1 2.09512E-1 2.10253E-1 1.82989E-1 2.25372E-1 2.43676E-1 2.76785E-1 3.17471E-1 3.75812E-1 3.3187E-1 3.23953E-1 3.62762E-1 4.2585E-1 4.87191E-1 4.94435E-1 4.23697E-1 3.20653E-1 2.66965E-1 2.23012E-1 2.0734E-1 1.83879E-1 1.71023E-1 1.63806E-1 1.74124E-1 1.80233E-1 1.82639E-1 1.7918E-1 1.88245E-1 1.81851E-1 1.85113E-1 1.88127E-1 2.19354E-1 1.93419E-1 2.20231E-1 2.40627E-1 2.25181E-1 2.2429E-1 2.33476E-1
3.48547E-1 2.94543E-1 2.09746E-1 1.61391E-1 1.06952E-1 8.74186E-2 7.71479E-2 6.79895E-2 5.61971E-2 4.98757E-2 6.24401E-2 1.35704E-1 3.07686E-1 4.08543E-1 5.11533E-1 4.66932E-1 3.28011E-1 2.26351E-1 1.96139E-1 1.82546E-1 1.71827E-1 1.75496E-1 1.88946E-1 2.08278E-1 2.45676E-1 2.41019E-1 2.14096E-1 2.15615E-1 2.15213E-1 2.54749E-1 3.08724E-1 3.63272E-1 3.68189E-1 4.57679E-1 5.12629E-1 5.26886E-1 4.9544E-1 4.16168E-1 3.38353E-1 2.81664E-1 2.27461E-1 1.75919E-1 1.5617E-1 1.51735E-1 1.59209E-1 1.6984E-1 1.81989E-1 1.94076E-1 1.88315E-1 1.91785E-1 1.88329E-1 1.5954E-1 1.68513E-1 1.65567E-1 1.74445E-1 1.7545E-1 2.13901E-1 2.21635E-1 2.02511E-1 2.13668E-1 2.38142E-1
3.45895E-1 3.1459E-1 3.73243E-1 2.26619E-1 1.4995E-1 1.12283E-1 8.89566E-2 7.13002E-2 6.59173E-2 5.08972E-2 5.21319E-2 7.76179E-2 1.55394E-1 3.04941E-1 4.27574E-1 4.7919E-1 3.27292E-1 2.20282E-1 1.50221E-1 1.44565E-1 1.54579E-1 1.3513E-1 1.56305E-1 1.94641E-1 2.31568E-1 2.40157E-1 2.17997E-1 1.89793E-1 1.8791E-1 2.04198E-1 2.4778E-1 3.02164E-1 3.76796E-1 3.99484E-1 4.18303E-1 4.52027E-1 4.88799E-1 3.99024E-1 2.46671E-1 2.27061E-1 2.01725E-1 1.79547E-1 1.63348E-1 1.41096E-1 1.81564E-1 1.77081E-1 1.86656E-1 1.83405E-1 1.73813E-1 1.62729E-1 1.48637E-1 1.39539E-1 1.47819E-1 1.52992E-1 1.58237E-1 1.77605E-1 2.02356E-1 2.07836E-1 1.94084E-1 1.99378E-1 2.1782E-1
4.42295E-1 4.0829E-1 2.6436E-1 1.84869E-1 1.64143E-1 1.30585E-1 1.08528E-1 8.27254E-2 6.08892E-2 5.58298E-2 5.63325E-2 7.69378E-2 1.11169E-1 1.93832E-1 3.06571E-1 3.61213E-1 3.14097E-1 1.70162E-1 1.30052E-1 1.35106E-1 1.30706E-1 1.32162E-1 1.48717E-1 1.78453E-1 1.95153E-1 1.97064E-1 1.93382E-1 1.82239E-1 1.90286E-1 1.89375E-1 2.04148E-1 2.63317E-1 3.41413E-1 3.66685E-1 3.6761E-1 4.18516E-1 4.54252E-1 3.63606E-1 2.15233E-1 1.84763E-1 1.80551E-1 1.73391E-1 1.57911E-1 1.42735E-1 1.67451E-1 1.68856E-1 1.6309E-1 1.47347E-1 1.38241E-1 1.31424E-1 1.36417E-1 1.38172E-1 1.49175E-1 1.5619E-1 1.8623E-1 1.97589E-1 2.04001E-1 1.92721E-1 1.90292E-1 1.87844E-1 2.16999E-1
5.89969E-1 5.55726E-1 4.17874E-1 2.51423E-1 1.88947E-1 1.46392E-1 1.1532E-1 1.0277E-1 9.21567E-2 7.18869E-2 6.50392E-2 8.53427E-2 1.31481E-1 1.53507E-1 2.55157E-1 2.92537E-1 2.93935E-1 1.87966E-1 1.46669E-1 1.40012E-1 1.32376E-1 1.43969E-1 1.6198E-1 1.78465E-1 1.7559E-1 1.79967E-1 1.8085E-1 1.81002E-1 1.70841E-1 1.67207E-1 1.66604E-1 1.9011E-1 2.7357E-1 3.51211E-1 3.57658E-1 3.80207E-1 4.101E-1 3.54357E-1 2.19107E-1 1.66272E-1 1.49738E-1 1.29618E-1 1.30661E-1 1.45857E-1 1.6798E-1 1.39719E-1 1.38509E-1 1.41695E-1 1.42158E-1 1.52586E-1 1.50134E-1 1.55401E-1 1.60763E-1 1.86235E-1 2.02554E-1 1.95335E-1 1.90256E-1 1.78041E-1 1.64924E-1 1.71185E-1 1.91347E-1
3.18577E-1 3.733E-1 4.37963E-1 3.37436E-1 1.79523E-1 1.37808E-1 1.14162E-1 1.03347E-1 9.42315E-2 9.67618E-2 8.86323E-2 9.91006E-2 1.41676E-1 1.651E-1 2.33812E-1 2.7993E-1 2.46266E-1 1.7725E-1 1.52513E-1 1.48824E-1 1.5171E-1 1.59863E-1 1.79267E-1 1.80103E-1 1.79037E-1 1.70971E-1 1.60105E-1 1.54039E-1 1.40008E-1 1.3813E-1 1.3791E-1 1.44029E-1 1.60866E-1 2.50474E-1 3.07269E-1 3.34637E-1 3.43835E-1 2.91598E-1 1.85692E-1 1.52064E-1 1.38819E-1 1.27468E-1 1.47543E-1 1.40709E-1 1.26761E-1 1.31682E-1 1.45295E-1 1.35805E-1 1.35614E-1 1.43676E-1 1.46615E-1 1.56903E-1 1.59025E-1 1.65883E-1 1.75124E-1 1.75155E-1 1.67701E-1 1.69923E-1 1.71308E-1 1.71927E-1 1.83515E-1
1.18861E-1 1.12062E-1 2.57208E-1 1.8471E-1 1.38922E-1 1.70288E-1 1.60094E-1 1.11635E-1 1.24207E-1 1.39314E-1 1.54647E-1 1.67798E-1 1.75676E-1 2.0614E-1 2.54861E-1 2.66228E-1 2.07237E-1 1.74789E-1 1.7497E-1 1.78437E-1 1.91919E-1 1.96442E-1 1.89817E-1 1.84497E-1 1.68825E-1 1.58014E-1 1.53873E-1 1.45879E-1 1.21126E-1 1.14523E-1 1.15016E-1 1.28714E-1 1.25302E-1 1.70845E-1 2.26889E-1 2.54755E-1 2.7046E-1 2.30679E-1 1.61992E-1 1.35902E-1 1.34328E-1 1.4951E-1 1.35149E-1 1.23448E-1 1.37868E-1 1.56299E-1 1.65998E-1 1.5765E-1 1.65894E-1 1.59574E-1 1.63339E-1 1.65019E-1 1.52941E-1 1.70286E-1 2.01752E-1 1.94507E-1 1.90473E-1 1.87976E-1 1.84346E-1 2.05795E-1 2.08221E-1
3.02384E-1 9.60994E-2 9.26862E-2 9.35777E-2 9.41703E-2 8.33935E-2 7.92338E-2 8.89893E-2 1.07245E-1 1.30186E-1 1.56663E-1 1.19447E-1 1.44735E-1 2.07364E-1 2.52096E-1 2.20402E-1 1.97657E-1 1.72306E-1 1.82991E-1 1.99498E-1 1.96844E-1 2.34141E-1 1.99889E-1 1.7489E-1 1.58741E-1 1.44487E-1 1.3183E-1 1.23574E-1 1.25667E-1 1.30234E-1 1.17066E-1 1.12316E-1 1.13118E-1 1.29952E-1 1.56606E-1 2.08784E-1 2.17089E-1 1.74304E-1 1.42214E-1 1.3599E-1 1.32002E-1 1.20247E-1 1.14586E-1 1.41718E-1 1.64031E-1 1.71349E-1 1.69718E-1 1.60248E-1 1.73986E-1 1.6388E-1 1.77706E-1 1.72307E-1 1.7205E-1 1.93553E-1 2.13841E-1 2.17484E-1 2.05952E-1 2.16473E-1 2.18942E-1 2.31329E-1 2.40816E-1
7.39552E-1 3.38635E-1 1.10234E-1 8.82553E-2 7.82214E-2 6.71E-2 6.82464E-2 6.7657E-2 6.12333E-2 6.09149E-2 7.33217E-2 7.5423E-2 8.39125E-2 1.18491E-1 1.50848E-1 1.54027E-1 1.4752E-1 1.57094E-1 1.83298E-1 1.94776E-1 2.06477E-1 2.14646E-1 2.10786E-1 1.79643E-1 1.57149E-1 1.39178E-1 1.22814E-1 1.31267E-1 1.28628E-1 1.22653E-1 1.15293E-1 1.06866E-1 1.20084E-1 1.43947E-1 1.3178E-1 1.50732E-1 1.4699E-1 1.56281E-1 1.53845E-1 1.42556E-1 1.19396E-1 1.23092E-1 1.53374E-1 1.59998E-1 1.7167E-1 1.82146E-1 1.80029E-1 1.80048E-1 1.63548E-1 1.68346E-1 2.04552E-1 1.97051E-1 1.95571E-1 2.01548E-1 2.03545E-1 2.03602E-1 2.2154E-1 2.35654E-1 2.52021E-1 2.68064E-1 2.81812E-1
6.76907E-1 5.21963E-1 3.08516E-1 1.28985E-1 9.18467E-2 7.71434E-2 7.26338E-2 6.76074E-2 6.2978E-2 6.27573E-2 6.83846E-2 7.41748E-2 8.55721E-2 1.00235E-1 1.18629E-1 1.2365E-1 1.34779E-1 1.50645E-1 1.7071E-1 1.92589E-1 1.96747E-1 2.0166E-1 2.0291E-1 1.83724E-1 1.67907E-1 1.51045E-1 1.34854E-1 1.2887E-1 1.32934E-1 1.47549E-1 1.4327E-1 1.39974E-1 1.64862E-1 1.43521E-1 1.42411E-1 1.33777E-1 1.3474E-1 1.64306E-1 1.54617E-1 1.47142E-1 1.30917E-1 1.41489E-1 1.58419E-1 1.64992E-1 1.72477E-1 1.7127E-1 1.73021E-1 1.74682E-1 1.78063E-1 1.85338E-1 1.86928E-1 1.87521E-1 1.90271E-1 1.97154E-1 1.93653E-1 2.0377E-1 2.08081E-1 2.11492E-1 2.26435E-1 2.52204E-1 2.80924E-1
3.49569E-1 5.85814E-1 5.82015E-1 2.68492E-1 1.48604E-1 1.14684E-1 8.63496E-2 7.42389E-2 7.26168E-2 7.52178E-2 7.45619E-2 8.33836E-2 9.85575E-2 1.18001E-1 1.13405E-1 1.17431E-1 1.32818E-1 1.4047E-1 1.5963E-1 1.78347E-1 1.70924E-1 1.66245E-1 1.61773E-1 1.52937E-1 1.36624E-1 1.455E-1 1.42784E-1 1.48007E-1 1.70977E-1 1.96803E-1 2.20154E-1 2.06782E-1 1.94554E-1 1.73659E-1 1.38687E-1 1.28886E-1 1.50811E-1 1.54655E-1 1.34863E-1 1.25258E-1 1.24592E-1 1.54916E-1 1.68817E-1 1.86372E-1 1.8576E-1 1.80212E-1 1.78614E-1 1.73581E-1 1.72756E-1 1.79627E-1 1.87011E-1 1.94211E-1 1.87964E-1 1.81642E-1 1.82044E-1 1.87746E-1 2.07859E-1 2.25588E-1 2.39342E-1 2.4053E-1 2.60217E-1
1.09709E-1 2.89023E-1 5.22335E-1 5.21391E-1 2.76798E-1 1.98362E-1 1.26208E-1 1.04174E-1 9.01396E-2 1.18243E-1 1.07296E-1 1.02256E-1 1.11539E-1 1.35678E-1 1.43191E-1 1.3974E-1 1.41782E-1 1.39135E-1 1.48156E-1 2.03691E-1 2.24495E-1 1.89117E-1 2.13062E-1 1.90686E-1 1.53752E-1 1.28898E-1 1.32509E-1 1.34263E-1 1.59119E-1 2.02038E-1 2.47489E-1 2.30169E-1 2.15702E-1 2.15649E-1 2.08244E-1 1.97399E-1 1.98193E-1 1.50407E-1 1.43235E-1 1.55987E-1 1.80422E-1 1.74029E-1 1.63136E-1 1.67501E-1 1.68624E-1 1.70399E-1 1.71456E-1 1.741E-1 1.79382E-1 1.87558E-1 1.88076E-1 1.76871E-1 1.83021E-1 1.92097E-1 1.94095E-1 2.07924E-1 2.20966E-1 2.22208E-1 2.34026E-1 2.45526E-1 2.6573E-1
8.69465E-2 1.07618E-1 1.95068E-1 3.58312E-1 4.16755E-1 2.37687E-1 1.81973E-1 1.38327E-1 1.16979E-1 1.09591E-1 1.0768E-1 1.03436E-1 1.12961E-1 1.23282E-1 1.21341E-1 1.14369E-1 1.1898E-1 1.28846E-1 1.2927E-1 1.693E-1 2.24521E-1 2.35067E-1 2.47559E-1 2.24875E-1 1.86964E-1 1.4922E-1 1.39976E-1 1.40899E-1 1.40645E-1 1.71645E-1 2.09638E-1 1.79842E-1 1.85049E-1 1.81104E-1 1.74142E-1 1.88869E-1 1.89717E-1 1.90731E-1 2.07943E-1 1.99726E-1 1.79992E-1 1.50233E-1 1.45952E-1 1.64E-1 1.72596E-1 1.7935E-1 1.86094E-1 1.90794E-1 1.9619E-1 1.99728E-1 2.04796E-1 2.10972E-1 2.19925E-1 2.12797E-1 2.2256E-1 2.14547E-1 2.23605E-1 2.36845E-1 2.31528E-1 2.42394E-1 2.54847E-1
7.07941E-2 7.65582E-2 1.02239E-1 1.41014E-1 1.71208E-1 1.78834E-1 1.60505E-1 1.4854E-1 1.19179E-1 1.1231E-1 1.15659E-1 1.30525E-1 1.19573E-1 1.16893E-1 1.22474E-1 1.24297E-1 1.24853E-1 1.67061E-1 1.89997E-1 1.87044E-1 1.84388E-1 1.8601E-1 2.36058E-1 2.45896E-1 2.33372E-1 2.10966E-1 1.77107E-1 1.46242E-1 1.43892E-1 1.52338E-1 1.32457E-1 1.03043E-1 1.2443E-1 1.42967E-1 1.37961E-1 1.43906E-1 1.63313E-1 1.76119E-1 1.8051E-1 1.80571E-1 1.60532E-1 1.34465E-1 1.50559E-1 1.65673E-1 1.76244E-1 1.80816E-1 1.93634E-1 1.94496E-1 1.99228E-1 2.09834E-1 2.12797E-1 2.19674E-1 2.20728E-1 2.13121E-1 2.25423E-1 2.18746E-1 2.34452E-1 2.56049E-1 2.68703E-1 2.69667E-1 2.71957E-1
5.56225E-2 6.29156E-2 7.0771E-2 9.97324E-2 1.38825E-1 1.50348E-1 1.38854E-1 1.11194E-1 1.0014E-1 9.03363E-2 9.16207E-2 1.09272E-1 1.28265E-1 1.39037E-1 1.82334E-1 1.65052E-1 1.6443E-1 2.06731E-1 2.18087E-1 1.87412E-1 1.72824E-1 1.64962E-1 1.69273E-1 2.01014E-1 2.21806E-1 2.21622E-1 1.85689E-1 1.30543E-1 1.11896E-1 1.10574E-1 9.76149E-2 1.05309E-1 9.86935E-2 1.13225E-1 1.39361E-1 1.7482E-1 1.81966E-1 1.73793E-1 1.70118E-1 1.76436E-1 1.59525E-1 1.41646E-1 1.47697E-1 1.52989E-1 1.7155E-1 1.76361E-1 1.76379E-1 1.88776E-1 2.00154E-1 2.13759E-1 2.20032E-1 2.27096E-1 2.33171E-1 2.30453E-1 2.23256E-1 2.19651E-1 2.34988E-1 2.53312E-1 2.61104E-1 2.6627E-1 2.68502E-1
5.38805E-2 5.72974E-2 7.10205E-2 1.05611E-1 1.19128E-1 1.12874E-1 9.0006E-2 7.92354E-2 7.21474E-2 7.04921E-2 7.54584E-2 8.77351E-2 1.05189E-1 1.13291E-1 1.3376E-1 1.72538E-1 1.8657E-1 1.95359E-1 2.05874E-1 1.79008E-1 1.69407E-1 1.47241E-1 1.53642E-1 1.62213E-1 1.74926E-1 1.98717E-1 1.69231E-1 1.21324E-1 1.1553E-1 1.39385E-1 1.20741E-1 1.0192E-1 1.01295E-1 1.03601E-1 1.2296E-1 1.48241E-1 1.7884E-1 1.80281E-1 1.57576E-1 1.4493E-1 1.38966E-1 1.44088E-1 1.4729E-1 1.47126E-1 1.64629E-1 1.77575E-1 1.78528E-1 1.90681E-1 2.09451E-1 2.22683E-1 2.30934E-1 2.40675E-1 2.25241E-1 2.21621E-1 2.27751E-1 2.33306E-1 2.3049E-1 2.47384E-1 2.59745E-1 2.64653E-1 2.54014E-1
5.54515E-2 6.10867E-2 7.39993E-2 9.21065E-2 9.89289E-2 8.04335E-2 7.39866E-2 6.89121E-2 6.38687E-2 6.32885E-2 6.79681E-2 7.91389E-2 9.25466E-2 1.15082E-1 1.31754E-1 1.51494E-1 1.51079E-1 1.61083E-1 1.73504E-1 1.63037E-1 1.43072E-1 1.36386E-1 1.33951E-1 1.43002E-1 1.56467E-1 1.8183E-1 1.75602E-1 1.63631E-1 1.71059E-1 1.7498E-1 1.3214E-1 1.11757E-1 1.11139E-1 1.08621E-1 1.19841E-1 1.31172E-1 1.4607E-1 1.61152E-1 1.71481E-1 1.68958E-1 1.54089E-1 1.47382E-1 1.45912E-1 1.46825E-1 1.64137E-1 1.79608E-1 1.99539E-1 2.15899E-1 2.4259E-1 2.52105E-1 2.52329E-1 2.37012E-1 2.33534E-1 2.27281E-1 2.33586E-1 2.47632E-1 2.49071E-1 2.43803E-1 2.47141E-1 2.54212E-1 2.48663E-1
6.00431E-2 6.6188E-2 7.21599E-2 8.0873E-2 8.85551E-2 7.70698E-2 7.40254E-2 6.3399E-2 6.18592E-2 5.54609E-2 6.08811E-2 7.98657E-2 9.29153E-2 1.11534E-1 1.33639E-1 1.3012E-1 1.35822E-1 1.48845E-1 1.87045E-1 1.92831E-1 1.66429E-1 1.52158E-1 1.41034E-1 1.37294E-1 1.40412E-1 1.67273E-1 1.75871E-1 2.0627E-1 2.27979E-1 2.29193E-1 2.09817E-1 1.69071E-1 1.62919E-1 1.64662E-1 1.46655E-1 1.66665E-1 1.58309E-1 1.41821E-1 1.27147E-1 1.39322E-1 1.59219E-1 1.55741E-1 1.41529E-1 1.43885E-1 1.56828E-1 1.84651E-1 2.29413E-1 2.45953E-1 2.5191E-1 2.49039E-1 2.4514E-1 2.35129E-1 2.2552E-1 2.21051E-1 2.20047E-1 2.33473E-1 2.41951E-1 2.38471E-1 2.36538E-1 2.4908E-1 2.52155E-1
6.65081E-2 7.77699E-2 7.6519E-2 7.42402E-2 8.08171E-2 7.72903E-2 6.8911E-2 6.80337E-2 7.0507E-2 6.35934E-2 6.34251E-2 8.25826E-2 1.05049E-1 1.50082E-1 1.34236E-1 1.34569E-1 1.25082E-1 1.31303E-1 2.39278E-1 2.2864E-1 2.37421E-1 1.73951E-1 1.41063E-1 1.31446E-1 1.36549E-1 1.60605E-1 1.7719E-1 1.95946E-1 2.17769E-1 2.24796E-1 2.20039E-1 2.00794E-1 1.95379E-1 1.98444E-1 1.73648E-1 1.63824E-1 1.63714E-1 1.60659E-1 1.41207E-1 1.30551E-1 1.24635E-1 1.34906E-1 1.4578E-1 1.44902E-1 1.56814E-1 1.893E-1 2.22074E-1 2.46743E-1 2.49143E-1 2.3582E-1 2.20552E-1 1.97442E-1 1.87691E-1 1.95985E-1 2.05455E-1 2.06789E-1 2.22103E-1 2.29443E-1 2.1781E-1 2.2583E-1 2.27177E-1
7.15402E-2 8.20995E-2 9.14455E-2 1.04667E-1 8.731E-2 8.55964E-2 8.87693E-2 7.68779E-2 7.81809E-2 7.54391E-2 7.81485E-2 9.42186E-2 1.27621E-1 1.69774E-1 1.96448E-1 2.11223E-1 1.48495E-1 1.3527E-1 2.62369E-1 4.40781E-1 4.71745E-1 2.53895E-1 1.61452E-1 1.28901E-1 1.27009E-1 1.62756E-1 1.74123E-1 1.93158E-1 2.08457E-1 2.13694E-1 2.06545E-1 2.10549E-1 2.25425E-1 2.34645E-1 1.89248E-1 1.69625E-1 1.71478E-1 1.72688E-1 1.66304E-1 1.73206E-1 1.75506E-1 1.5735E-1 1.36697E-1 1.3883E-1 1.46803E-1 1.71378E-1 2.01644E-1 2.1468E-1 2.21937E-1 2.16485E-1 1.83791E-1 1.64061E-1 1.73643E-1 1.7852E-1 1.84954E-1 1.94214E-1 2.03343E-1 2.10668E-1 2.16139E-1 1.96773E-1 2.05371E-1
7.61889E-2 9.51694E-2 1.1325E-1 1.20197E-1 1.01583E-1 1.06141E-1 1.10549E-1 9.01024E-2 8.58965E-2 8.84524E-2 1.10471E-1 1.17551E-1 1.73013E-1 2.37467E-1 3.05918E-1 5.38767E-1 3.89697E-1 2.11897E-1 2.80641E-1 4.72053E-1 5.38664E-1 2.84048E-1 2.12717E-1 1.51178E-1 1.39736E-1 1.87582E-1 1.76554E-1 1.81599E-1 2.00128E-1 1.97678E-1 1.86534E-1 1.78322E-1 1.52299E-1 1.39184E-1 1.51011E-1 1.50911E-1 1.52273E-1 1.44463E-1 1.43204E-1 1.46901E-1 1.48381E-1 1.49669E-1 1.43969E-1 1.47208E-1 1.48412E-1 1.56974E-1 1.85689E-1 2.05677E-1 1.6427E-1 1.54E-1 1.4112E-1 1.41126E-1 1.4639E-1 1.6099E-1 1.7132E-1 1.77037E-1 1.94967E-1 2.03675E-1 1.96087E-1 1.87792E-1 1.90048E-1
9.08747E-2 1.1734E-1 1.47551E-1 1.49424E-1 1.59645E-1 1.11037E-1 1.12534E-1 1.05822E-1 1.11649E-1 1.33479E-1 1.24973E-1 1.77517E-1 2.33553E-1 3.09674E-1 4.15537E-1 5.22345E-1 6.60943E-1 6.16738E-1 5.54611E-1 5.41373E-1 5.73115E-1 4.06154E-1 2.71877E-1 2.20007E-1 1.97504E-1 1.91062E-1 1.83038E-1 1.86717E-1 1.94522E-1 1.89716E-1 1.69871E-1 1.39354E-1 1.14403E-1 1.10483E-1 1.30225E-1 1.42379E-1 1.41307E-1 1.41645E-1 1.37742E-1 1.38492E-1 1.4126E-1 1.49263E-1 1.45375E-1 1.36204E-1 1.36066E-1 1.3948E-1 1.42344E-1 1.44283E-1 1.3741E-1 1.2926E-1 1.29228E-1 1.43636E-1 1.45825E-1 1.62607E-1 1.72318E-1 1.68412E-1 1.76072E-1 1.8184E-1 1.88847E-1 1.86365E-1 1.86517E-1
1.37612E-1 1.54795E-1 1.42684E-1 1.38999E-1 1.98363E-1 1.3452E-1 1.15199E-1 1.56498E-1 1.63314E-1 1.5323E-1 2.36494E-1 3.04365E-1 3.48665E-1 5.47042E-1 5.81444E-1 6.38909E-1 6.95776E-1 7.82169E-1 7.40099E-1 6.80871E-1 6.30809E-1 5.71786E-1 3.46752E-1 3.04572E-1 2.61064E-1 2.04846E-1 1.9842E-1 1.90529E-1 1.78695E-1 1.64204E-1 1.46539E-1 1.08994E-1 9.79867E-2 1.12369E-1 1.21075E-1 1.30037E-1 1.14751E-1 1.09603E-1 1.31903E-1 1.32908E-1 1.36818E-1 1.31556E-1 1.37707E-1 1.43004E-1 1.363E-1 1.4081E-1 1.35055E-1 1.3792E-1 1.36242E-1 1.42385E-1 1.31249E-1 1.42493E-1 1.45283E-1 1.55365E-1 1.93571E-1 1.98343E-1 1.81504E-1 1.62652E-1 1.68012E-1 1.74149E-1 1.79024E-1
3.20712E-1 1.99798E-1 1.79669E-1 1.77872E-1 1.15031E-1 1.15142E-1 1.63372E-1 1.27609E-1 1.76627E-1 2.48398E-1 3.68046E-1 4.63303E-1 4.93522E-1 6.64319E-1 7.22968E-1 7.36404E-1 7.32972E-1 7.46846E-1 7.53912E-1 6.99503E-1 6.5046E-1 5.92246E-1 5.3909E-1 4.08544E-1 2.77809E-1 2.29327E-1 2.0231E-1 1.682E-1 1.48963E-1 1.1976E-1 1.09631E-1 9.87544E-2 8.51907E-2 9.41106E-2 9.12694E-2 9.09197E-2 8.77623E-2 9.51108E-2 1.03179E-1 1.10821E-1 1.33082E-1 1.43542E-1 1.42934E-1 1.4238E-1 1.37661E-1 1.2221E-1 1.23458E-1 1.2974E-1 1.34607E-1 1.32283E-1 1.42497E-1 1.42428E-1 1.49389E-1 1.54386E-1 1.59353E-1 1.67109E-1 1.83014E-1 1.92566E-1 1.82725E-1 1.65634E-1 1.61118E-1
1.52258E-1 1.15794E-1 1.29351E-1 1.50207E-1 1.93222E-1 1.96884E-1 1.90951E-1 1.79117E-1 2.09523E-1 2.78857E-1 3.96374E-1 4.70513E-1 5.10112E-1 5.71141E-1 6.69562E-1 7.46935E-1 6.84407E-1 7.92422E-1 7.45004E-1 6.84412E-1 6.59366E-1 6.08256E-1 6.64213E-1 6.00142E-1 3.76144E-1 3.03502E-1 2.34583E-1 1.59991E-1 1.29428E-1 1.16315E-1 9.96771E-2 8.14265E-2 8.14475E-2 8.17781E-2 8.19819E-2 8.24194E-2 8.70648E-2 8.83929E-2 9.6853E-2 1.30658E-1 1.44577E-1 1.34584E-1 1.32467E-1 1.35358E-1 1.34987E-1 1.23217E-1 1.1402E-1 1.22559E-1 1.39359E-1 1.3874E-1 1.4522E-1 1.58262E-1 1.49571E-1 1.59053E-1 1.52369E-1 1.41696E-1 1.46511E-1 1.57911E-1 1.83228E-1 1.7836E-1 1.7688E-1
