data/maxent/outputs/red_161.asc
ncols         426
nrows         180
xllcorner     -130.0
yllcorner     24.0
cellsize      0.16666666666666666
NODATA_value  -9999
[rows 27 to 53 of 180, columns 122 to 182 of 426]
2.50676E-1 2.5194E-1 2.49591E-1 2.55347E-1 3.00789E-1 2.91545E-1 2.65548E-1 2.53455E-1 2.39346E-1 2.21366E-1 2.1441E-1 2.00645E-1 2.02345E-1 2.40655E-1 2.60575E-1 2.6309E-1 2.70761E-1 2.69368E-1 2.92327E-1 3.08912E-1 3.11915E-1 3.06491E-1 3.0044E-1 3.06086E-1 2.97326E-1 2.76744E-1 2.85668E-1 3.27543E-1 2.98072E-1 2.88811E-1 3.14717E-1 3.27077E-1 3.25384E-1 3.14692E-1 2.68361E-1 2.42021E-1 2.36642E-1 2.45261E-1 2.4106E-1 2.36959E-1 2.31581E-1 2.25612E-1 2.22643E-1 2.18473E-1 2.11857E-1 2.18755E-1 2.31901E-1 2.41641E-1 2.42009E-1 2.42371E-1 2.45536E-1 2.48208E-1 2.55003E-1 2.56663E-1 2.45684E-1 2.40078E-1 2.33069E-1 2.23792E-1 2.22437E-1 2.2473E-1 2.35899E-1
1.57279E-1 1.73594E-1 2.2496E-1 2.46093E-1 2.64671E-1 2.52564E-1 2.33575E-1 2.16767E-1 2.12558E-1 2.04321E-1 1.94142E-1 1.89498E-1 1.8109E-1 1.88118E-1 2.15788E-1 2.53683E-1 2.66032E-1 2.76977E-1 2.76268E-1 2.83245E-1 2.97622E-1 2.92549E-1 2.87374E-1 3.03236E-1 3.08325E-1 2.95626E-1 2.87572E-1 2.82813E-1 2.92965E-1 3.11571E-1 3.08348E-1 2.98382E-1 2.95318E-1 2.80004E-1 2.64806E-1 2.35857E-1 2.30685E-1 2.35815E-1 2.35742E-1 2.41558E-1 2.41907E-1 2.35149E-1 2.32495E-1 2.2654E-1 2.27177E-1 2.30312E-1 2.46511E-1 2.58062E-1 2.45929E-1 2.42373E-1 2.48841E-1 2.43143E-1 2.39726E-1 2.35238E-1 2.35395E-1 2.3816E-1 2.38041E-1 2.24457E-1 2.17922E-1 2.19838E-1 2.35605E-1
1.47281E-1 1.67868E-1 1.80855E-1 2.24222E-1 2.5344E-1 2.43179E-1 2.23356E-1 2.06796E-1 1.99054E-1 1.88324E-1 1.89232E-1 1.86086E-1 1.71036E-1 1.71458E-1 1.90782E-1 1.91715E-1 1.88478E-1 1.9885E-1 2.27461E-1 2.61074E-1 2.74931E-1 2.6016E-1 2.63109E-1 2.78458E-1 2.91035E-1 2.91171E-1 2.89587E-1 2.76693E-1 2.45762E-1 2.62918E-1 2.70312E-1 2.91866E-1 2.8815E-1 2.48942E-1 2.22725E-1 2.27952E-1 2.27435E-1 2.26314E-1 2.26639E-1 2.45565E-1 2.51365E-1 2.38312E-1 2.25204E-1 2.23571E-1 2.24618E-1 2.27901E-1 2.3615E-1 2.21749E-1 2.00564E-1 2.18245E-1 2.21139E-1 2.1998E-1 2.16049E-1 2.11877E-1 2.21348E-1 2.11932E-1 2.11534E-1 2.1205E-1 2.14621E-1 2.10522E-1 2.20852E-1
1.65727E-1 1.75619E-1 1.83087E-1 2.11126E-1 2.50198E-1 2.41861E-1 2.19398E-1 2.02306E-1 1.96235E-1 1.89425E-1 1.86829E-1 1.8314E-1 1.71226E-1 1.84665E-1 1.85978E-1 1.88648E-1 1.86762E-1 1.87895E-1 2.08185E-1 2.43319E-1 2.27886E-1 2.18061E-1 2.25917E-1 2.31119E-1 2.34618E-1 2.41924E-1 2.49817E-1 2.33603E-1 1.93257E-1 2.31841E-1 2.18292E-1 2.31563E-1 2.42182E-1 2.166E-1 2.02449E-1 1.9441E-1 2.05822E-1 2.15346E-1 2.18834E-1 2.28466E-1 2.3754E-1 2.2808E-1 2.24642E-1 2.22659E-1 2.21389E-1 2.19469E-1 2.16609E-1 1.88023E-1 1.788E-1 1.99189E-1 2.06376E-1 1.99956E-1 2.07817E-1 2.03285E-1 2.10377E-1 2.00951E-1 2.05343E-1 2.0821E-1 2.02437E-1 2.00304E-1 2.04423E-1
1.86942E-1 1.99925E-1 2.03446E-1 2.15015E-1 2.31754E-1 2.37348E-1 2.2377E-1 2.03091E-1 1.96121E-1 1.93839E-1 1.87346E-1 1.86463E-1 1.69582E-1 1.65276E-1 1.75797E-1 1.80378E-1 1.80193E-1 1.78587E-1 1.84127E-1 1.80542E-1 1.79076E-1 1.83147E-1 1.82286E-1 2.14186E-1 2.00208E-1 1.81057E-1 2.21537E-1 2.27921E-1 1.81684E-1 1.98708E-1 2.15006E-1 2.29164E-1 2.1657E-1 2.15712E-1 2.02975E-1 1.94748E-1 1.93491E-1 2.00095E-1 2.06673E-1 2.00597E-1 1.98142E-1 1.98915E-1 2.11511E-1 2.21247E-1 2.28076E-1 2.33646E-1 2.18222E-1 2.10459E-1 2.19758E-1 2.19464E-1 2.15849E-1 2.03205E-1 2.08035E-1 2.07722E-1 2.05845E-1 1.98806E-1 2.0037E-1 2.01115E-1 1.96361E-1 1.90153E-1 1.96497E-1
2.0952E-1 2.12871E-1 2.1608E-1 2.04381E-1 1.9053E-1 1.84219E-1 1.88837E-1 1.89924E-1 1.8549E-1 1.79748E-1 1.79072E-1 1.73178E-1 1.62684E-1 1.59494E-1 1.5808E-1 1.73553E-1 1.76882E-1 1.78009E-1 1.66347E-1 1.51596E-1 1.50974E-1 1.60874E-1 1.78388E-1 1.8271E-1 1.82624E-1 1.91172E-1 2.05438E-1 2.13726E-1 2.15005E-1 1.98437E-1 2.04385E-1 2.07772E-1 2.12037E-1 2.19621E-1 2.24658E-1 2.14168E-1 1.98292E-1 1.94381E-1 1.91076E-1 1.87091E-1 1.81551E-1 1.85464E-1 1.92127E-1 2.10203E-1 2.23456E-1 2.35396E-1 2.42974E-1 2.3781E-1 2.51376E-1 2.37658E-1 2.38159E-1 2.23267E-1 2.17406E-1 2.17712E-1 2.14292E-1 2.05133E-1 1.99141E-1 2.02986E-1 2.09643E-1 2.26931E-1 2.13389E-1
3.25065E-1 3.21817E-1 3.07338E-1 2.85059E-1 2.346E-1 1.94433E-1 1.63157E-1 1.59774E-1 1.57849E-1 1.60766E-1 1.67294E-1 1.64895E-1 1.60452E-1 1.79108E-1 1.66461E-1 1.65159E-1 1.6107E-1 1.58077E-1 1.59863E-1 1.49694E-1 1.56176E-1 1.60224E-1 1.67952E-1 1.81928E-1 1.7967E-1 1.71875E-1 1.72397E-1 2.06849E-1 1.91199E-1 2.04769E-1 2.08003E-1 2.03914E-1 2.05429E-1 2.15046E-1 2.26784E-1 2.25616E-1 2.19665E-1 2.07964E-1 1.93548E-1 1.82497E-1 1.82529E-1 1.91756E-1 2.08225E-1 2.22714E-1 2.25604E-1 2.39604E-1 2.51184E-1 2.53499E-1 2.65923E-1 2.70273E-1 2.78035E-1 2.50228E-1 2.31965E-1 2.20587E-1 2.18104E-1 2.17431E-1 2.32001E-1 2.21138E-1 2.26936E-1 2.36704E-1 2.34199E-1
3.90109E-1 3.90948E-1 3.78063E-1 3.83533E-1 3.07026E-1 2.51463E-1 2.04239E-1 1.77902E-1 1.68539E-1 1.61495E-1 1.61265E-1 1.74772E-1 1.79552E-1 1.87848E-1 1.82102E-1 1.83735E-1 1.62316E-1 1.44823E-1 1.48284E-1 1.43778E-1 1.49711E-1 1.57089E-1 1.67875E-1 1.66003E-1 1.79763E-1 1.87157E-1 1.86874E-1 1.84516E-1 1.97439E-1 1.83851E-1 1.96614E-1 2.13289E-1 2.15286E-1 2.24628E-1 2.25068E-1 2.268E-1 2.3295E-1 2.17181E-1 2.07594E-1 2.01737E-1 1.99088E-1 2.1353E-1 2.2567E-1 2.37227E-1 2.40929E-1 2.46102E-1 2.50731E-1 2.60818E-1 2.69645E-1 2.88084E-1 3.10142E-1 2.87358E-1 2.56847E-1 2.4436E-1 2.36242E-1 2.31139E-1 2.32747E-1 2.40048E-1 2.41003E-1 2.52282E-1 2.55068E-1
3.89815E-1 3.8913E-1 3.74315E-1 3.27887E-1 2.94149E-1 2.83433E-1 2.94915E-1 2.38534E-1 1.92282E-1 1.81719E-1 1.60044E-1 1.62827E-1 1.5842E-1 1.72865E-1 1.88271E-1 1.78482E-1 1.65164E-1 1.51011E-1 1.44957E-1 1.4832E-1 1.45135E-1 1.46352E-1 1.5286E-1 1.59817E-1 1.75334E-1 1.82787E-1 1.89182E-1 1.79914E-1 1.8365E-1 1.85831E-1 1.86791E-1 2.03849E-1 2.09849E-1 2.13394E-1 2.22654E-1 2.30844E-1 2.38976E-1 2.4371E-1 2.38676E-1 2.41209E-1 2.48194E-1 2.52376E-1 2.72179E-1 2.59662E-1 2.55111E-1 2.52344E-1 2.58566E-1 2.5754E-1 2.71846E-1 2.87281E-1 2.99931E-1 2.99323E-1 2.93492E-1 2.73355E-1 2.65032E-1 2.5906E-1 2.58368E-1 2.59039E-1 2.58476E-1 2.52431E-1 2.37407E-1
2.71808E-1 3.12758E-1 3.25723E-1 3.06419E-1 2.966E-1 3.28236E-1 3.53111E-1 2.99061E-1 2.35235E-1 2.08648E-1 1.90122E-1 1.65223E-1 1.83235E-1 1.88759E-1 2.09909E-1 1.98156E-1 1.83771E-1 1.79535E-1 1.87727E-1 1.78902E-1 1.74549E-1 1.64235E-1 1.51367E-1 1.61355E-1 1.80035E-1 2.13154E-1 1.86588E-1 2.01833E-1 2.07024E-1 2.14249E-1 2.14979E-1 2.22796E-1 2.15189E-1 2.05176E-1 2.19826E-1 2.25665E-1 2.2651E-1 2.33985E-1 2.32665E-1 2.38037E-1 2.39702E-1 2.62193E-1 2.83375E-1 2.98165E-1 2.95175E-1 2.57569E-1 2.66757E-1 2.68204E-1 2.65498E-1 2.71392E-1 2.84869E-1 2.86518E-1 2.99459E-1 2.87519E-1 2.80249E-1 2.76069E-1 2.63957E-1 2.7721E-1 2.61233E-1 2.58332E-1 2.60295E-1
2.42043E-1 2.86506E-1 3.05807E-1 2.89413E-1 2.64744E-1 2.57903E-1 2.49355E-1 2.49266E-1 2.27374E-1 1.98014E-1 1.99767E-1 1.82137E-1 2.05985E-1 2.23688E-1 2.18678E-1 2.10548E-1 2.1455E-1 2.13891E-1 1.98542E-1 1.81261E-1 1.70437E-1 1.6579E-1 1.62133E-1 1.78966E-1 2.07648E-1 2.23513E-1 1.92806E-1 2.06794E-1 2.1937E-1 2.31871E-1 2.31932E-1 2.24467E-1 1.99564E-1 2.11999E-1 2.08968E-1 2.12416E-1 2.29193E-1 2.32449E-1 2.37387E-1 2.41786E-1 2.45406E-1 2.60276E-1 2.90758E-1 3.033E-1 3.21417E-1 2.59902E-1 2.60768E-1 2.63431E-1 2.59736E-1 2.6652E-1 2.70949E-1 2.70937E-1 2.63151E-1 2.8238E-1 2.92144E-1 2.90395E-1 2.78091E-1 2.70026E-1 2.67959E-1 2.71905E-1 2.74356E-1
2.91702E-1 3.14605E-1 2.89335E-1 2.76204E-1 2.48105E-1 2.31177E-1 2.23908E-1 2.20485E-1 2.11182E-1 2.03857E-1 1.96236E-1 2.16468E-1 2.39032E-1 2.37798E-1 2.23405E-1 2.19706E-1 2.19252E-1 2.16607E-1 1.92418E-1 1.74454E-1 1.59479E-1 1.55672E-1 1.67575E-1 1.83455E-1 2.02921E-1 1.93917E-1 1.89231E-1 2.30818E-1 2.45808E-1 2.48101E-1 2.26915E-1 2.11174E-1 1.99772E-1 2.00779E-1 2.10421E-1 2.15883E-1 2.2814E-1 2.52622E-1 2.56199E-1 2.61151E-1 2.75376E-1 2.724E-1 2.71244E-1 2.9475E-1 3.17733E-1 3.04979E-1 2.89182E-1 2.90463E-1 2.91233E-1 2.91397E-1 3.07361E-1 3.02376E-1 2.75852E-1 2.73274E-1 2.91757E-1 2.96467E-1 2.88798E-1 2.8144E-1 2.80258E-1 2.77707E-1 2.78456E-1
3.39204E-1 3.76049E-1 3.65186E-1 3.24437E-1 2.82444E-1 2.49944E-1 2.16202E-1 2.15385E-1 2.18981E-1 2.16914E-1 2.07471E-1 2.20798E-1 2.20556E-1 2.2189E-1 1.90156E-1 1.91526E-1 1.87668E-1 1.75082E-1 1.66794E-1 1.56892E-1 1.56497E-1 1.52483E-1 1.56427E-1 1.67561E-1 1.81788E-1 2.03194E-1 2.32018E-1 2.35353E-1 2.40073E-1 2.36865E-1 1.94275E-1 1.97788E-1 1.98563E-1 1.91456E-1 2.12137E-1 2.328E-1 2.43507E-1 2.52574E-1 2.43682E-1 2.4889E-1 2.65497E-1 2.65346E-1 2.60139E-1 2.746E-1 2.77614E-1 2.71232E-1 2.85582E-1 2.86292E-1 2.77128E-1 2.71012E-1 2.76197E-1 2.88904E-1 2.87699E-1 2.85112E-1 2.80254E-1 2.83818E-1 2.93292E-1 2.92505E-1 2.93272E-1 2.87687E-1 2.79085E-1
3.93575E-1 4.28948E-1 4.24765E-1 4.14338E-1 3.43167E-1 2.91407E-1 2.45607E-1 2.27577E-1 2.28004E-1 2.26903E-1 2.22885E-1 2.17229E-1 2.14429E-1 2.15369E-1 1.93232E-1 1.75802E-1 1.79685E-1 1.72296E-1 1.73947E-1 1.6313E-1 1.47346E-1 1.49641E-1 1.52544E-1 1.60815E-1 1.86709E-1 2.2424E-1 2.29601E-1 2.16442E-1 1.51873E-1 1.03764E-1 1.35365E-1 1.86038E-1 1.68601E-1 2.24922E-1 2.26014E-1 2.33418E-1 2.43821E-1 2.55524E-1 2.44954E-1 2.49039E-1 2.61963E-1 2.6632E-1 2.65469E-1 2.75587E-1 2.85044E-1 2.85829E-1 2.85669E-1 2.80112E-1 2.78667E-1 2.82368E-1 2.87322E-1 2.93721E-1 2.9209E-1 2.86866E-1 2.79173E-1 2.89544E-1 2.7629E-1 2.74732E-1 2.825E-1 2.74851E-1 2.71469E-1
3.68518E-1 3.99166E-1 4.19994E-1 3.88975E-1 3.56949E-1 3.23727E-1 2.80318E-1 2.15773E-1 2.07223E-1 2.1599E-1 2.24476E-1 2.18424E-1 2.06028E-1 2.17978E-1 2.05226E-1 1.87827E-1 1.98878E-1 1.73044E-1 1.52721E-1 1.4716E-1 1.43615E-1 1.52497E-1 1.58257E-1 1.8046E-1 2.01351E-1 2.13972E-1 1.92179E-1 1.94403E-1 1.13447E-1 1.15241E-1 1.20111E-1 1.95419E-1 2.33287E-1 2.38991E-1 2.48638E-1 2.46126E-1 2.39897E-1 2.44012E-1 2.3722E-1 2.46375E-1 2.63661E-1 2.77035E-1 2.73164E-1 2.63943E-1 2.71928E-1 2.81607E-1 2.88577E-1 2.8347E-1 2.76219E-1 2.7664E-1 2.80689E-1 2.8467E-1 2.89997E-1 2.74281E-1 2.70663E-1 2.63927E-1 2.64179E-1 2.81119E-1 2.66571E-1 2.8014E-1 2.6637E-1
3.9698E-1 4.03101E-1 3.9976E-1 3.94438E-1 3.95056E-1 3.51911E-1 2.89322E-1 2.21757E-1 2.19665E-1 2.25045E-1 2.06612E-1 1.91495E-1 1.8623E-1 1.93861E-1 1.82888E-1 1.85999E-1 1.74278E-1 1.57138E-1 1.55195E-1 1.51138E-1 1.49128E-1 1.56351E-1 1.73744E-1 1.80766E-1 1.36362E-1 1.04049E-1 1.05118E-1 1.19724E-1 1.06269E-1 1.05275E-1 1.00346E-1 1.40498E-1 2.66397E-1 2.50497E-1 2.58903E-1 2.53859E-1 2.3205E-1 2.32151E-1 2.42809E-1 2.47119E-1 2.56017E-1 2.65683E-1 2.75757E-1 2.89809E-1 2.94964E-1 3.01655E-1 2.87779E-1 2.75712E-1 2.71895E-1 2.77534E-1 2.76657E-1 2.73566E-1 2.87338E-1 2.83964E-1 2.6693E-1 2.59662E-1 2.6057E-1 2.69051E-1 2.77357E-1 2.90299E-1 2.6776E-1
3.89407E-1 3.9338E-1 3.89828E-1 3.83146E-1 3.59484E-1 3.03247E-1 2.78164E-1 2.54719E-1 2.54519E-1 2.40954E-1 2.3937E-1 2.22604E-1 2.26068E-1 1.83552E-1 1.47863E-1 1.51255E-1 1.45762E-1 1.39537E-1 1.50856E-1 1.52754E-1 1.47417E-1 1.56987E-1 1.76791E-1 1.55048E-1 1.33193E-1 1.09277E-1 1.01395E-1 8.60106E-2 8.82362E-2 1.0235E-1 1.13568E-1 1.42684E-1 2.72932E-1 2.7365E-1 2.57158E-1 2.34018E-1 2.38813E-1 2.53001E-1 2.58432E-1 2.6018E-1 2.77002E-1 2.72134E-1 2.77691E-1 2.84579E-1 2.80463E-1 2.80617E-1 2.8385E-1 2.8068E-1 2.78683E-1 2.76953E-1 2.77053E-1 2.72204E-1 2.77609E-1 2.89809E-1 2.77073E-1 2.61195E-1 2.54912E-1 2.83116E-1 2.88104E-1 2.91525E-1 2.78311E-1
3.01421E-1 3.068E-1 3.02398E-1 2.85323E-1 2.73377E-1 2.39384E-1 2.37868E-1 2.33221E-1 2.48099E-1 2.5136E-1 2.75023E-1 2.81307E-1 2.43947E-1 1.886E-1 1.46953E-1 1.3487E-1 1.39935E-1 1.3878E-1 1.53739E-1 1.60198E-1 1.49462E-1 1.53091E-1 1.64578E-1 1.46541E-1 1.53136E-1 1.41387E-1 1.28937E-1 1.20548E-1 9.34261E-2 1.27345E-1 1.59979E-1 1.47129E-1 2.4231E-1 2.60907E-1 2.22241E-1 2.08508E-1 2.30286E-1 2.31015E-1 2.51223E-1 2.59964E-1 2.5917E-1 2.68196E-1 2.69646E-1 2.79786E-1 2.83765E-1 2.88157E-1 2.80876E-1 2.64808E-1 2.66854E-1 2.7098E-1 2.77013E-1 2.76073E-1 2.73006E-1 2.84141E-1 2.80205E-1 2.61441E-1 2.55142E-1 2.66277E-1 2.79395E-1 2.86726E-1 2.86628E-1
2.4564E-1 2.24349E-1 2.15292E-1 2.27461E-1 2.17619E-1 2.08057E-1 2.24621E-1 2.55559E-1 2.92499E-1 3.13788E-1 3.14292E-1 2.59997E-1 2.30676E-1 1.85908E-1 1.54738E-1 1.50404E-1 1.51274E-1 1.52635E-1 1.53402E-1 1.59518E-1 1.73994E-1 1.7022E-1 1.85324E-1 1.92658E-1 2.25701E-1 1.97674E-1 1.42926E-1 2.12531E-1 1.99394E-1 1.3564E-1 1.64324E-1 2.11417E-1 2.19409E-1 2.14322E-1 1.96679E-1 2.25054E-1 2.43578E-1 2.44916E-1 2.70746E-1 2.63406E-1 2.63422E-1 2.57464E-1 2.61435E-1 2.67206E-1 2.75297E-1 2.75116E-1 2.82555E-1 2.70042E-1 2.63238E-1 2.72624E-1 2.67817E-1 2.63534E-1 2.69723E-1 2.5988E-1 2.71529E-1 2.62265E-1 2.57851E-1 2.60345E-1 2.70616E-1 2.83794E-1 2.77688E-1
2.49175E-1 2.32892E-1 2.20493E-1 2.1733E-1 2.06432E-1 2.33321E-1 2.79412E-1 3.13882E-1 3.26079E-1 3.03952E-1 2.96858E-1 2.46541E-1 2.49288E-1 2.2938E-1 2.37152E-1 2.03136E-1 1.90708E-1 1.89465E-1 1.83314E-1 1.89556E-1 2.02455E-1 2.24514E-1 2.22557E-1 1.95358E-1 1.93871E-1 1.9093E-1 1.53919E-1 1.94271E-1 2.35341E-1 1.85881E-1 2.47582E-1 2.53863E-1 2.37283E-1 2.12029E-1 1.94577E-1 2.11632E-1 2.62327E-1 2.70028E-1 2.61038E-1 2.58813E-1 2.66425E-1 2.63207E-1 2.64987E-1 2.73224E-1 2.81315E-1 2.81025E-1 2.72707E-1 2.66005E-1 2.45931E-1 2.44418E-1 2.53711E-1 2.4426E-1 2.44086E-1 2.38086E-1 2.59226E-1 2.66161E-1 2.78255E-1 2.64077E-1 2.67654E-1 2.63329E-1 2.60945E-1
3.30796E-1 3.01109E-1 2.86975E-1 2.6954E-1 2.47162E-1 2.36322E-1 2.4398E-1 2.09282E-1 2.47091E-1 2.46652E-1 2.55816E-1 2.70912E-1 2.68929E-1 2.45891E-1 2.72204E-1 2.14954E-1 2.56611E-1 2.2771E-1 2.39598E-1 2.10837E-1 2.40752E-1 2.38678E-1 2.11399E-1 2.30325E-1 2.19085E-1 2.13938E-1 1.97881E-1 1.75814E-1 2.39047E-1 2.43812E-1 2.61193E-1 1.98456E-1 2.11471E-1 2.19402E-1 1.98557E-1 2.14838E-1 2.34076E-1 2.35971E-1 2.50215E-1 2.5422E-1 2.5308E-1 2.55148E-1 2.73588E-1 2.76941E-1 2.79608E-1 2.86417E-1 2.60294E-1 2.57412E-1 2.35037E-1 2.37063E-1 2.45348E-1 2.60099E-1 2.58643E-1 2.34017E-1 2.55907E-1 2.6821E-1 2.74523E-1 2.74554E-1 2.61069E-1 2.60214E-1 2.65106E-1
4.0132E-1 3.80656E-1 3.06433E-1 2.69484E-1 2.78724E-1 2.81019E-1 2.69047E-1 2.32801E-1 2.65821E-1 2.94647E-1 3.32692E-1 3.78188E-1 2.83385E-1 3.04298E-1 2.57877E-1 2.36833E-1 3.08403E-1 2.87198E-1 2.70574E-1 2.28543E-1 2.62613E-1 2.52986E-1 2.41071E-1 2.65209E-1 2.59445E-1 2.40885E-1 2.61299E-1 2.32872E-1 2.22576E-1 3.1467E-1 2.79805E-1 2.905E-1 2.23423E-1 1.83709E-1 1.86312E-1 2.22246E-1 2.5159E-1 2.59347E-1 2.53435E-1 2.4613E-1 2.40329E-1 2.32052E-1 2.45275E-1 2.77161E-1 2.85116E-1 3.00718E-1 2.90819E-1 2.68991E-1 2.43953E-1 2.5078E-1 2.54772E-1 2.58147E-1 2.57138E-1 2.58664E-1 2.63865E-1 2.94376E-1 2.78615E-1 2.72191E-1 2.70675E-1 2.64675E-1 2.68938E-1
3.46508E-1 3.20201E-1 3.55774E-1 3.26729E-1 3.14794E-1 2.84017E-1 2.93598E-1 3.09835E-1 3.3756E-1 3.66955E-1 3.04055E-1 3.03355E-1 2.68464E-1 3.04164E-1 2.80518E-1 2.93015E-1 3.63735E-1 2.99844E-1 3.08328E-1 2.85571E-1 2.89714E-1 3.2503E-1 3.46436E-1 2.70538E-1 2.82536E-1 2.35767E-1 2.60313E-1 2.16657E-1 2.38215E-1 3.08979E-1 2.80453E-1 2.47367E-1 2.6746E-1 2.22929E-1 2.0352E-1 2.18116E-1 2.5338E-1 2.55437E-1 2.53837E-1 2.55105E-1 2.34002E-1 2.39666E-1 2.60753E-1 2.72893E-1 2.84476E-1 2.65378E-1 2.46271E-1 2.43472E-1 2.31147E-1 2.36453E-1 2.42915E-1 2.54466E-1 2.59265E-1 2.6468E-1 2.68322E-1 2.98211E-1 2.98319E-1 2.6782E-1 2.70038E-1 2.79202E-1 2.83589E-1
3.94608E-1 3.45889E-1 3.1843E-1 3.21541E-1 3.00578E-1 3.28608E-1 4.00501E-1 3.43669E-1 3.88789E-1 3.71358E-1 3.50006E-1 3.24532E-1 3.21548E-1 3.0076E-1 3.29136E-1 3.1657E-1 2.96751E-1 3.20012E-1 3.93309E-1 3.62965E-1 2.59693E-1 3.01203E-1 3.57085E-1 2.60132E-1 2.48926E-1 2.36749E-1 2.38377E-1 2.41859E-1 2.32923E-1 2.74578E-1 2.55416E-1 2.44818E-1 2.60376E-1 2.498E-1 2.33257E-1 2.49599E-1 2.35251E-1 2.24513E-1 2.60184E-1 2.75049E-1 2.54183E-1 2.54698E-1 2.63834E-1 2.80098E-1 2.82762E-1 2.7919E-1 2.54435E-1 2.42864E-1 2.45805E-1 2.51561E-1 2.57013E-1 2.59542E-1 2.66146E-1 2.68084E-1 2.8117E-1 3.12561E-1 2.73722E-1 2.75901E-1 2.79382E-1 2.80309E-1 2.77448E-1
4.39482E-1 4.04429E-1 3.88132E-1 3.55188E-1 3.01307E-1 3.73565E-1 4.12957E-1 4.30014E-1 4.52138E-1 4.60926E-1 4.12361E-1 3.37785E-1 3.6988E-1 3.21623E-1 3.64037E-1 4.24443E-1 3.96134E-1 3.66431E-1 3.45392E-1 3.14496E-1 3.37638E-1 2.99321E-1 3.28617E-1 2.79147E-1 2.40031E-1 2.18763E-1 2.17359E-1 2.52405E-1 2.64922E-1 2.77047E-1 2.40987E-1 2.57711E-1 2.47886E-1 2.28284E-1 2.87722E-1 2.98091E-1 2.98929E-1 2.56293E-1 2.86702E-1 2.93774E-1 2.69937E-1 2.44373E-1 2.4826E-1 2.5405E-1 2.55665E-1 2.60445E-1 2.69244E-1 2.63124E-1 2.68089E-1 2.71187E-1 2.73246E-1 2.77347E-1 2.7614E-1 2.65116E-1 2.71158E-1 2.9239E-1 2.97765E-1 2.76229E-1 2.75951E-1 2.73378E-1 2.82812E-1
4.63824E-1 4.3756E-1 4.4669E-1 3.12373E-1 2.34099E-1 3.67295E-1 4.45236E-1 4.3003E-1 4.36895E-1 4.6112E-1 4.97185E-1 4.19752E-1 3.8472E-1 3.43252E-1 3.77714E-1 4.41995E-1 3.63555E-1 3.09674E-1 2.96382E-1 3.35995E-1 3.50242E-1 3.21798E-1 3.22199E-1 2.49765E-1 2.29901E-1 2.25932E-1 2.29116E-1 2.57128E-1 2.7802E-1 2.73447E-1 2.61356E-1 2.36668E-1 2.37289E-1 2.64415E-1 3.00814E-1 3.0891E-1 3.13642E-1 2.95182E-1 2.8339E-1 2.742E-1 2.48276E-1 2.42546E-1 2.36211E-1 2.18286E-1 2.21986E-1 2.31931E-1 2.35914E-1 2.37186E-1 2.49249E-1 2.57232E-1 2.63415E-1 2.63996E-1 2.57934E-1 2.63575E-1 2.65729E-1 2.79436E-1 2.97789E-1 2.80163E-1 2.86695E-1 2.72413E-1 2.75299E-1
2.28495E-1 4.11956E-1 4.28762E-1 1.86282E-1 1.87924E-1 2.02157E-1 3.08781E-1 4.18442E-1 3.89318E-1 4.41056E-1 4.12863E-1 4.53685E-1 4.36015E-1 3.73761E-1 3.72042E-1 3.98043E-1 2.8416E-1 2.65533E-1 2.96292E-1 2.86216E-1 3.43224E-1 3.41088E-1 2.90184E-1 2.52508E-1 2.41996E-1 2.04244E-1 2.1978E-1 2.70078E-1 2.71918E-1 2.59106E-1 2.41034E-1 2.39847E-1 2.63892E-1 3.06441E-1 3.32296E-1 3.86468E-1 3.86664E-1 3.90348E-1 3.49765E-1 2.92909E-1 2.49705E-1 2.58097E-1 2.50458E-1 2.42703E-1 2.33954E-1 2.51469E-1 2.53777E-1 2.61661E-1 2.61856E-1 2.67157E-1 2.80683E-1 2.90465E-1 2.92475E-1 2.91744E-1 2.6832E-1 2.80197E-1 2.96459E-1 2.80802E-1 2.86866E-1 2.77936E-1 2.76016E-1
