data/maxent/outputs/red_61.asc
ncols         426
nrows         180
xllcorner     -130.0
yllcorner     24.0
cellsize      0.16666666666666666
NODATA_value  -9999
[rows 135 to 161 of 180, columns 122 to 182 of 426]
8.37381E-3 4.35837E-2 1.30982E-2 4.75606E-2 9.90359E-3 2.81346E-2 1.56558E-2 2.7088E-2 2.10621E-2 7.79515E-3 1.60388E-2 3.1153E-2 1.38239E-2 7.86207E-3 7.15829E-3 6.31343E-3 4.96267E-3 4.82178E-3 5.16329E-3 4.57808E-3 5.53444E-3 4.18211E-3 2.67769E-3 4.04432E-3 9.31813E-3 5.76117E-3 7.13997E-3 1.91762E-2 7.12843E-2 1.02983E-2 5.96332E-2 2.6986E-2 1.86537E-2 1.26473E-2 1.34478E-2 1.67482E-2 1.67721E-2 1.71093E-2 2.0911E-2 2.03696E-2 2.17954E-2 2.95484E-2 4.67076E-2 8.75947E-2 1.25994E-1 1.25552E-1 1.06413E-1 8.39651E-2 8.93438E-2 8.22472E-2 8.50662E-2 1.23724E-1 1.56816E-1 1.64989E-1 2.04687E-1 2.26067E-1 2.11828E-1 2.36301E-1 2.91592E-1 3.229E-1 3.49495E-1
1.92018E-2 6.93956E-2 2.52456E-2 7.57185E-2 6.15257E-2 7.33521E-2 1.52987E-2 1.93661E-2 1.8405E-2 1.17486E-2 1.18947E-2 3.02343E-2 3.30503E-2 1.72051E-2 3.40479E-2 9.21124E-3 5.55246E-3 4.98086E-3 5.21118E-3 4.16678E-3 1.48314E-2 6.58199E-3 7.81239E-3 3.99224E-3 6.38702E-3 1.31863E-2 1.00587E-2 2.68342E-2 6.5568E-2 3.06635E-2 2.89863E-2 5.84804E-2 3.12463E-2 1.94835E-2 1.99441E-2 2.05932E-2 1.84999E-2 1.98435E-2 2.26075E-2 2.34845E-2 2.48189E-2 3.28238E-2 5.25922E-2 1.03287E-1 2.05981E-1 1.56052E-1 1.54232E-1 1.51019E-1 1.32956E-1 1.31054E-1 1.31039E-1 1.72446E-1 2.00944E-1 2.2923E-1 2.73366E-1 2.85235E-1 3.11507E-1 2.97313E-1 3.13275E-1 3.18277E-1 3.37178E-1
2.44654E-2 4.91553E-2 3.08939E-2 8.53453E-2 6.59519E-2 6.98142E-2 3.29395E-2 1.70513E-2 1.56394E-2 1.28656E-2 1.07022E-2 4.31679E-2 6.90192E-2 4.39101E-2 3.04493E-2 3.18072E-2 7.53103E-3 6.62719E-3 1.66166E-2 1.27552E-2 1.58725E-2 6.01873E-3 3.37628E-2 7.83221E-3 1.02443E-2 2.48404E-2 9.85443E-3 1.86705E-2 7.25023E-2 2.26113E-2 1.71831E-2 3.5765E-2 5.1622E-2 7.42174E-2 3.76245E-2 2.38001E-2 2.13095E-2 2.03747E-2 2.46174E-2 3.05796E-2 3.68346E-2 5.48048E-2 8.80726E-2 1.25619E-1 1.76502E-1 2.12233E-1 2.0128E-1 1.48255E-1 1.37082E-1 1.30074E-1 1.20326E-1 1.43853E-1 1.92361E-1 2.29074E-1 2.66826E-1 2.81622E-1 2.95961E-1 3.02792E-1 3.02306E-1 3.03013E-1 3.13865E-1
1.52009E-2 6.59614E-2 5.2661E-2 1.02969E-1 8.55419E-2 1.84834E-2 1.03888E-2 1.17585E-2 1.93253E-2 3.70408E-2 5.07368E-2 6.27892E-2 6.48769E-2 2.45651E-2 2.54214E-2 3.08599E-2 8.97248E-3 9.59438E-3 3.38945E-2 1.51099E-2 1.79282E-2 1.98878E-2 9.46767E-3 3.17613E-2 2.75442E-2 3.88201E-2 2.31723E-2 7.9309E-2 3.04228E-2 3.55818E-2 2.89021E-2 5.72351E-2 7.26149E-2 1.02474E-1 8.86403E-2 7.12088E-2 3.5321E-2 3.18834E-2 2.9884E-2 3.78106E-2 5.55176E-2 8.36429E-2 1.48731E-1 1.9665E-1 2.24899E-1 2.32637E-1 2.26907E-1 1.9009E-1 1.59611E-1 1.50463E-1 1.39641E-1 1.27507E-1 1.66209E-1 1.97409E-1 2.5287E-1 2.80961E-1 2.88489E-1 2.98153E-1 2.89157E-1 2.89807E-1 3.06531E-1
1.75421E-2 1.11957E-1 1.08478E-1 8.78923E-2 1.15343E-1 5.89479E-2 5.42018E-2 2.92298E-2 3.22087E-2 3.02373E-2 1.63888E-2 5.12634E-2 4.18567E-2 2.05205E-2 1.71623E-2 2.43239E-2 5.68376E-3 3.02488E-2 1.16537E-2 1.00155E-2 2.36963E-2 1.51105E-2 9.17456E-3 2.13394E-2 5.27141E-2 6.64319E-2 3.1522E-2 3.3382E-2 6.31572E-2 2.44589E-2 2.05628E-2 5.86543E-2 7.23758E-2 7.84572E-2 1.12199E-1 9.88867E-2 9.487E-2 5.25774E-2 3.99686E-2 5.52023E-2 7.75783E-2 1.08605E-1 1.53463E-1 1.7134E-1 1.82351E-1 2.03071E-1 2.12511E-1 2.22985E-1 2.16754E-1 1.86896E-1 1.79939E-1 1.84209E-1 2.10971E-1 2.31358E-1 2.48933E-1 2.85667E-1 3.23294E-1 3.40285E-1 3.27752E-1 3.13176E-1 3.23362E-1
5.88431E-2 1.45821E-1 1.85461E-1 1.59235E-1 1.31139E-1 1.0995E-1 7.56805E-2 6.50102E-2 3.98741E-2 2.29934E-2 1.76742E-2 6.18433E-2 5.84649E-2 2.58584E-2 1.54734E-2 3.11259E-2 2.01989E-2 2.20926E-2 1.4886E-2 3.3636E-2 5.26927E-2 4.27018E-2 2.82927E-2 2.54501E-2 2.59562E-2 3.73743E-2 3.64986E-2 1.92785E-2 3.81856E-2 5.19238E-2 9.87799E-3 2.09054E-2 6.96275E-2 6.51276E-2 5.4286E-2 8.36501E-2 8.3954E-2 7.20753E-2 8.39036E-2 1.07771E-1 1.20098E-1 1.32093E-1 1.44505E-1 1.68174E-1 1.75744E-1 1.95604E-1 2.16668E-1 2.32319E-1 2.33378E-1 2.18398E-1 2.16953E-1 2.29184E-1 2.52696E-1 2.6887E-1 2.85443E-1 2.88198E-1 3.29127E-1 3.23619E-1 3.12822E-1 3.09946E-1 3.37693E-1
1.16297E-1 2.54356E-1 2.1152E-1 1.91088E-1 1.15397E-1 1.40461E-1 8.19162E-2 4.2662E-2 4.85029E-2 4.75318E-2 2.16099E-2 4.79068E-2 4.99146E-2 3.03522E-2 2.35203E-2 1.7888E-2 3.56025E-2 1.80295E-2 1.73167E-2 3.56682E-2 6.30689E-2 3.31592E-2 5.47188E-2 1.88359E-2 2.3002E-2 2.66175E-2 2.00934E-2 1.35344E-2 5.66131E-2 5.07483E-2 3.95224E-2 1.10302E-2 3.86996E-2 3.36523E-2 5.03249E-2 7.63822E-2 7.29553E-2 9.37568E-2 1.16711E-1 1.05696E-1 1.11911E-1 1.393E-1 1.61808E-1 1.78247E-1 1.85014E-1 2.06359E-1 2.27963E-1 2.53746E-1 2.5219E-1 2.36795E-1 2.41445E-1 2.47927E-1 2.78235E-1 2.88382E-1 3.11044E-1 3.14444E-1 3.39569E-1 3.36086E-1 3.237E-1 3.35345E-1 3.75165E-1
1.45926E-1 2.19282E-1 2.20125E-1 1.86819E-1 1.52908E-1 1.48362E-1 5.18759E-2 2.21651E-2 3.03907E-2 4.12182E-2 3.87163E-2 4.70873E-2 2.4865E-2 3.13587E-2 2.96865E-2 3.68338E-2 3.34822E-2 2.91186E-2 1.61403E-2 2.28577E-2 2.66941E-2 2.38054E-2 3.56347E-2 2.82763E-2 1.53579E-2 4.87068E-2 2.95524E-2 1.28986E-2 6.72029E-2 4.42284E-2 5.05608E-2 3.73473E-2 2.70824E-2 1.84469E-2 3.59001E-2 6.84508E-2 8.85569E-2 9.073E-2 7.14862E-2 8.0198E-2 1.22828E-1 1.38138E-1 1.6517E-1 1.97544E-1 2.14407E-1 2.22832E-1 2.42807E-1 2.64918E-1 2.67471E-1 2.68606E-1 2.81216E-1 2.91324E-1 3.0825E-1 3.32979E-1 3.35434E-1 3.24851E-1 3.4948E-1 3.45484E-1 3.5071E-1 3.53251E-1 3.65751E-1
1.462E-1 2.18486E-1 2.85604E-1 1.75365E-1 1.51928E-1 1.33758E-1 6.39043E-2 2.66442E-2 1.59661E-2 3.02904E-2 3.43317E-2 4.75345E-2 2.37382E-2 3.69258E-2 3.45518E-2 3.71005E-2 3.84666E-2 5.06246E-2 3.8177E-2 1.45153E-2 7.02178E-3 2.66984E-2 1.72078E-2 1.69585E-2 2.13197E-2 4.8243E-2 6.07E-2 1.50811E-2 5.12757E-2 5.19624E-2 6.39763E-2 5.53076E-2 4.55652E-2 3.77177E-2 4.97102E-2 6.82039E-2 8.15469E-2 9.03428E-2 1.0434E-1 1.27677E-1 1.6012E-1 1.78359E-1 2.0501E-1 2.41002E-1 2.39533E-1 2.45464E-1 2.8322E-1 2.6983E-1 3.14281E-1 3.27209E-1 3.39623E-1 3.74754E-1 3.79205E-1 3.83793E-1 3.87627E-1 3.75659E-1 3.84114E-1 3.85078E-1 3.83446E-1 3.67813E-1 3.78783E-1
1.10972E-1 1.80538E-1 2.41725E-1 1.91624E-1 1.54461E-1 1.02999E-1 7.954E-2 1.78913E-2 9.57501E-3 2.49857E-2 1.94794E-2 1.65976E-2 4.02486E-2 4.95784E-2 4.10925E-2 5.67462E-2 4.03742E-2 3.03988E-2 3.12547E-2 9.53752E-3 1.47562E-2 1.8267E-2 2.37673E-2 2.33629E-2 5.26595E-2 6.60923E-2 6.13237E-2 4.54554E-2 5.79784E-2 8.17279E-2 8.40235E-2 8.34047E-2 5.39434E-2 6.15986E-2 8.21206E-2 7.81184E-2 7.49704E-2 9.66181E-2 1.32732E-1 1.60531E-1 1.73088E-1 1.96903E-1 2.17491E-1 2.90007E-1 3.27002E-1 3.18453E-1 3.41971E-1 3.51714E-1 3.80079E-1 4.09827E-1 3.89829E-1 4.09771E-1 4.20925E-1 4.29871E-1 4.37803E-1 4.06679E-1 4.10367E-1 4.31041E-1 4.35958E-1 4.15283E-1 4.16338E-1
1.1307E-1 1.60092E-1 2.87256E-1 1.65029E-1 1.76974E-1 1.03043E-1 7.21551E-2 2.48965E-2 1.05576E-2 1.94322E-2 1.47536E-2 5.45353E-3 2.37776E-2 4.15135E-2 3.18738E-2 4.74381E-2 3.66845E-2 3.10163E-2 2.89082E-2 1.31628E-2 2.58211E-2 1.56052E-2 4.58835E-2 4.21584E-2 6.30354E-2 6.61269E-2 3.05523E-2 6.92169E-2 5.37934E-2 9.00142E-2 1.05274E-1 1.36854E-1 9.78087E-2 7.65969E-2 8.69497E-2 5.09345E-2 7.94259E-2 1.24919E-1 1.52845E-1 1.67211E-1 1.99132E-1 2.58592E-1 3.18089E-1 3.30166E-1 3.25617E-1 4.0985E-1 4.04502E-1 4.21552E-1 4.36678E-1 4.67949E-1 4.2063E-1 4.19665E-1 4.3438E-1 4.29125E-1 4.54242E-1 4.4802E-1 4.49732E-1 4.6292E-1 4.95072E-1 5.03251E-1 5.35191E-1
1.5906E-1 1.7176E-1 2.34053E-1 1.90211E-1 1.53343E-1 1.83186E-1 9.69675E-2 2.00543E-2 1.9276E-2 1.18479E-2 8.85903E-3 3.91809E-3 1.24086E-2 3.04048E-2 2.20916E-2 3.09348E-2 2.23015E-2 2.42499E-2 2.55454E-2 2.58701E-2 3.09189E-2 2.16721E-2 3.74564E-2 7.33924E-2 6.65779E-2 5.62796E-2 4.95761E-2 7.10617E-2 7.0023E-2 8.43251E-2 8.98304E-2 1.66964E-1 2.23155E-1 1.39984E-1 1.11195E-1 1.13189E-1 1.17502E-1 1.48747E-1 1.74938E-1 1.88971E-1 2.72106E-1 3.29083E-1 3.05323E-1 3.03876E-1 3.07337E-1 3.24382E-1 3.55449E-1 3.66177E-1 3.94428E-1 4.36351E-1 4.48156E-1 4.43136E-1 4.5039E-1 4.35991E-1 4.66773E-1 4.67281E-1 4.65944E-1 4.91899E-1 5.07443E-1 5.45094E-1 5.81087E-1
1.88841E-1 1.28985E-1 2.67513E-1 2.19645E-1 1.7834E-1 1.57696E-1 1.04725E-1 6.34881E-2 3.35173E-2 9.60844E-3 3.13712E-3 1.68012E-3 6.43722E-3 2.43544E-2 2.11234E-2 2.15586E-2 1.47037E-2 1.46308E-2 2.63855E-2 3.39234E-2 3.37726E-2 3.83889E-2 2.60981E-2 5.58631E-2 7.24462E-2 5.82279E-2 5.94133E-2 5.15576E-2 7.99498E-2 8.51179E-2 7.293E-2 1.51165E-1 2.34571E-1 1.90209E-1 1.52095E-1 1.64715E-1 1.72732E-1 2.01757E-1 1.97044E-1 2.13753E-1 2.84763E-1 3.26885E-1 2.70866E-1 2.77972E-1 3.37781E-1 3.40378E-1 3.03384E-1 3.32086E-1 3.60653E-1 4.09131E-1 4.10709E-1 4.33356E-1 4.54672E-1 4.53993E-1 4.52221E-1 4.54882E-1 4.5892E-1 4.82639E-1 5.15416E-1 5.15217E-1 5.39645E-1
2.71915E-1 1.81575E-1 2.59802E-1 1.2131E-1 1.47031E-1 1.32381E-1 8.73943E-2 4.40757E-2 2.60685E-2 1.03158E-2 5.48963E-3 2.40811E-3 8.95133E-3 1.962E-2 1.83121E-2 1.61716E-2 1.37933E-2 1.12903E-2 1.56402E-2 3.35556E-2 2.92998E-2 7.36637E-2 3.10055E-2 3.16219E-2 3.75856E-2 4.91448E-2 4.53669E-2 6.17366E-2 6.79444E-2 5.25246E-2 8.22849E-2 9.60207E-2 1.53184E-1 1.65317E-1 2.0041E-1 2.47267E-1 2.87903E-1 2.35258E-1 2.60294E-1 3.17634E-1 2.99138E-1 2.92243E-1 2.51892E-1 2.31677E-1 2.81016E-1 3.23415E-1 3.54725E-1 3.44865E-1 3.31984E-1 3.36141E-1 3.49291E-1 3.84673E-1 4.36153E-1 4.57685E-1 4.50872E-1 4.64332E-1 4.67485E-1 4.66427E-1 4.707E-1 4.83556E-1 5.13539E-1
1.81316E-1 2.81127E-1 2.31311E-1 1.08243E-1 1.13077E-1 1.18603E-1 9.8908E-2 4.56989E-2 2.68936E-2 1.05531E-2 1.05026E-2 7.90065E-3 1.2034E-2 1.71185E-2 1.64536E-2 1.48444E-2 1.36691E-2 1.02708E-2 1.42438E-2 3.26664E-2 2.96599E-2 5.77206E-2 3.69331E-2 7.08339E-2 3.68145E-2 5.79245E-2 7.72169E-2 5.32254E-2 4.08245E-2 2.85621E-2 4.28783E-2 9.15888E-2 1.07414E-1 1.016E-1 1.68057E-1 2.36576E-1 1.99541E-1 3.0176E-1 3.07425E-1 3.59939E-1 3.40489E-1 2.25037E-1 2.2301E-1 2.21725E-1 2.47892E-1 2.60112E-1 3.02369E-1 3.28667E-1 3.57513E-1 3.48259E-1 3.12003E-1 3.31819E-1 3.82899E-1 4.43546E-1 4.56823E-1 4.58198E-1 4.85892E-1 4.99763E-1 4.96711E-1 5.11743E-1 5.43067E-1
1.83902E-1 1.46305E-1 1.52496E-1 9.11188E-2 1.23395E-1 9.4533E-2 1.06465E-1 4.1837E-2 1.45669E-2 1.53436E-2 8.99184E-3 6.06099E-3 1.29639E-2 1.58189E-2 1.60555E-2 1.46889E-2 1.19168E-2 6.99815E-3 9.02797E-3 2.36351E-2 3.54249E-2 6.1908E-2 8.66277E-2 7.16649E-2 7.822E-2 7.08634E-2 8.58171E-2 3.85884E-2 3.3098E-2 2.79303E-2 4.47435E-2 8.94976E-2 8.70676E-2 8.03274E-2 1.47685E-1 1.7959E-1 1.98291E-1 3.15905E-1 3.85887E-1 2.42789E-1 2.53233E-1 2.03733E-1 2.09744E-1 1.94026E-1 2.02221E-1 2.20992E-1 2.47342E-1 2.79445E-1 3.26909E-1 3.46236E-1 2.99584E-1 3.02943E-1 3.48619E-1 4.07119E-1 4.40927E-1 4.60142E-1 4.87769E-1 5.13431E-1 5.10879E-1 5.32954E-1 5.44762E-1
3.0317E-1 1.1415E-1 1.10229E-1 1.00831E-1 1.25695E-1 1.13161E-1 8.69423E-2 4.02237E-2 1.51789E-2 1.42429E-2 1.06261E-2 8.77036E-3 1.02187E-2 1.27675E-2 1.66353E-2 1.22783E-2 1.20059E-2 1.17324E-2 1.04168E-2 1.67789E-2 3.67199E-2 7.4687E-2 9.66017E-2 7.80895E-2 8.81974E-2 7.66608E-2 4.82428E-2 5.21856E-2 5.04144E-2 4.83453E-2 4.91498E-2 7.51716E-2 1.03227E-1 7.51777E-2 8.79661E-2 1.44974E-1 2.02316E-1 2.10277E-1 2.7598E-1 2.68448E-1 1.97121E-1 1.50915E-1 1.74637E-1 1.69217E-1 2.0346E-1 2.32742E-1 2.22839E-1 2.58603E-1 2.92769E-1 3.10193E-1 2.76792E-1 2.79082E-1 3.22151E-1 3.68342E-1 4.32805E-1 4.635E-1 4.81908E-1 5.01505E-1 5.26258E-1 5.39942E-1 5.56547E-1
3.93767E-1 1.51161E-1 1.35734E-1 1.26189E-1 1.31229E-1 1.22003E-1 7.25297E-2 4.17208E-2 2.05286E-2 1.13673E-2 1.24156E-2 1.17133E-2 9.83334E-3 1.15044E-2 1.0789E-2 1.44229E-2 1.10214E-2 1.62244E-2 1.42142E-2 1.39214E-2 2.86628E-2 5.94513E-2 5.83544E-2 8.46452E-2 6.02445E-2 6.38853E-2 6.70004E-2 5.02064E-2 4.95814E-2 6.43385E-2 6.71407E-2 5.69301E-2 7.59689E-2 8.58781E-2 8.90042E-2 1.04725E-1 1.73808E-1 1.92863E-1 1.79856E-1 2.29093E-1 2.30045E-1 1.50196E-1 1.67516E-1 1.25777E-1 1.89867E-1 2.05084E-1 2.23618E-1 2.3167E-1 2.36617E-1 2.52096E-1 2.3954E-1 2.52312E-1 2.80327E-1 3.19232E-1 3.79227E-1 4.22332E-1 4.48605E-1 4.89336E-1 5.19062E-1 5.41197E-1 5.41826E-1
4.11975E-1 1.73433E-1 1.40598E-1 1.56987E-1 1.03926E-1 1.16171E-1 9.01307E-2 7.09686E-2 3.94693E-2 1.77208E-2 1.18553E-2 1.35776E-2 1.09143E-2 1.1503E-2 9.4989E-3 1.04279E-2 1.02107E-2 1.43166E-2 1.4969E-2 2.32704E-2 2.4185E-2 3.0152E-2 5.83976E-2 8.13236E-2 6.30641E-2 6.48132E-2 7.07333E-2 7.38025E-2 6.94622E-2 5.0385E-2 5.46536E-2 6.57952E-2 8.03011E-2 1.04319E-1 1.10376E-1 1.12443E-1 1.26158E-1 1.37475E-1 1.25101E-1 1.52637E-1 1.74351E-1 1.58079E-1 1.59235E-1 1.01157E-1 1.41924E-1 2.27122E-1 2.3544E-1 1.96244E-1 1.88837E-1 1.96175E-1 2.11292E-1 2.38268E-1 2.40353E-1 2.65489E-1 3.18852E-1 3.82138E-1 4.36495E-1 4.63958E-1 4.92158E-1 5.29776E-1 5.35549E-1
3.22629E-1 2.52122E-1 1.85285E-1 1.73355E-1 1.99978E-1 1.48019E-1 1.85374E-1 1.95966E-1 4.79761E-2 2.60496E-2 1.43227E-2 1.23253E-2 1.10104E-2 1.18121E-2 1.14294E-2 7.79343E-3 8.22719E-3 1.88888E-2 2.02105E-2 2.16276E-2 2.94451E-2 3.62504E-2 5.28897E-2 7.15871E-2 1.00969E-1 8.29181E-2 1.14104E-1 7.28873E-2 8.04169E-2 7.97382E-2 7.44726E-2 6.81957E-2 1.03324E-1 1.37978E-1 1.19142E-1 1.08998E-1 1.21175E-1 1.30208E-1 1.02495E-1 1.42463E-1 1.40176E-1 1.47866E-1 1.50922E-1 1.23744E-1 1.485E-1 2.15112E-1 2.46075E-1 2.3198E-1 1.8921E-1 1.95681E-1 2.1408E-1 2.43396E-1 2.53644E-1 2.7086E-1 3.11662E-1 3.72146E-1 4.18115E-1 4.52261E-1 4.74793E-1 5.10048E-1 5.12337E-1
3.03421E-1 2.09857E-1 1.47055E-1 1.98941E-1 2.28591E-1 2.30209E-1 2.16517E-1 2.07348E-1 1.52787E-1 4.2071E-2 1.9548E-2 1.014E-2 9.06488E-3 1.1744E-2 1.0165E-2 9.40673E-3 7.79017E-3 1.65927E-2 2.13325E-2 2.42264E-2 3.46436E-2 4.3445E-2 6.07294E-2 9.36142E-2 9.68951E-2 8.35478E-2 1.03507E-1 8.16226E-2 1.08572E-1 9.70539E-2 7.73372E-2 8.42098E-2 9.28949E-2 1.1439E-1 1.15002E-1 1.22189E-1 1.13717E-1 1.11981E-1 1.04299E-1 1.39414E-1 1.28407E-1 1.26304E-1 1.40835E-1 1.52986E-1 1.58636E-1 2.27676E-1 2.45673E-1 1.99366E-1 2.01973E-1 2.28646E-1 2.42896E-1 2.72288E-1 3.1392E-1 3.41963E-1 3.55851E-1 3.72205E-1 4.19776E-1 4.46541E-1 4.72629E-1 4.83407E-1 4.81337E-1
2.5763E-1 1.79519E-1 1.32759E-1 1.25758E-1 2.20663E-1 1.65214E-1 2.46931E-1 2.29428E-1 2.63705E-1 1.45387E-1 4.15985E-2 1.33315E-2 1.05229E-2 9.7926E-3 1.31534E-2 1.07343E-2 1.28287E-2 1.87548E-2 2.04369E-2 2.90164E-2 3.8189E-2 4.74427E-2 7.25141E-2 7.78251E-2 7.63909E-2 8.04856E-2 9.29357E-2 9.88663E-2 9.60515E-2 9.52068E-2 9.23088E-2 1.11575E-1 1.0423E-1 1.19621E-1 1.09357E-1 1.65331E-1 1.45005E-1 1.06045E-1 1.22009E-1 1.3216E-1 1.43078E-1 1.14571E-1 1.20271E-1 1.60788E-1 1.61325E-1 1.95867E-1 2.8572E-1 2.64388E-1 2.56341E-1 2.7578E-1 3.05122E-1 3.18345E-1 3.54813E-1 3.88741E-1 3.9544E-1 3.90123E-1 4.21301E-1 4.4776E-1 4.90384E-1 4.88873E-1 5.02082E-1
2.29733E-1 1.53961E-1 1.5015E-1 1.30352E-1 1.58302E-1 1.73529E-1 2.95395E-1 2.86445E-1 2.52438E-1 1.81387E-1 7.27085E-2 2.36967E-2 1.77547E-2 1.63607E-2 1.79397E-2 1.52142E-2 1.26051E-2 1.76286E-2 2.04077E-2 2.54411E-2 4.06762E-2 4.50031E-2 5.48972E-2 6.74507E-2 7.08647E-2 6.60237E-2 9.06082E-2 9.63135E-2 7.91619E-2 8.37649E-2 1.01993E-1 1.00919E-1 9.4521E-2 1.30206E-1 1.52693E-1 1.41556E-1 1.87252E-1 1.37616E-1 1.23491E-1 1.30095E-1 1.43968E-1 1.39429E-1 1.35714E-1 1.46775E-1 1.64617E-1 2.09959E-1 2.33148E-1 2.50483E-1 3.25619E-1 3.26273E-1 3.2491E-1 3.37057E-1 3.46731E-1 3.86758E-1 3.9432E-1 4.0251E-1 4.29745E-1 4.60342E-1 5.10959E-1 5.4279E-1 5.38308E-1
2.27743E-1 2.03869E-1 2.00943E-1 1.37288E-1 2.06225E-1 1.693E-1 1.99108E-1 1.84114E-1 2.53192E-1 1.78956E-1 1.22246E-1 9.47745E-2 3.49788E-2 2.67385E-2 2.57233E-2 2.00279E-2 1.96029E-2 2.53436E-2 3.02849E-2 2.94926E-2 4.21182E-2 4.36613E-2 7.87668E-2 8.44575E-2 1.06409E-1 9.75949E-2 7.14145E-2 7.6864E-2 8.38494E-2 9.51718E-2 8.98512E-2 8.41404E-2 1.15954E-1 1.26088E-1 1.83099E-1 1.64579E-1 2.00723E-1 1.80199E-1 1.69811E-1 1.5685E-1 1.55351E-1 1.65717E-1 1.58335E-1 1.50432E-1 2.00587E-1 2.17494E-1 2.54915E-1 2.48854E-1 3.26625E-1 3.13846E-1 3.37547E-1 3.60894E-1 3.76387E-1 3.81772E-1 3.89682E-1 4.0796E-1 4.37853E-1 4.76945E-1 5.19725E-1 5.86188E-1 6.13757E-1
3.46152E-1 2.83962E-1 2.50255E-1 2.01276E-1 2.28599E-1 1.87717E-1 1.76797E-1 2.11589E-1 2.0334E-1 2.15116E-1 1.7843E-1 1.74155E-1 9.08314E-2 4.18239E-2 2.48986E-2 1.79971E-2 2.04723E-2 3.08149E-2 2.91685E-2 4.45587E-2 6.11954E-2 7.15034E-2 8.00916E-2 7.65905E-2 7.4394E-2 7.70464E-2 7.41105E-2 7.59714E-2 8.80926E-2 1.01709E-1 8.10421E-2 9.57833E-2 1.39583E-1 1.5764E-1 1.83801E-1 2.032E-1 2.21235E-1 1.98569E-1 1.75826E-1 1.58635E-1 1.63089E-1 1.84479E-1 1.45305E-1 1.86788E-1 2.17318E-1 2.21949E-1 2.82732E-1 3.0579E-1 3.26787E-1 3.54899E-1 3.69791E-1 3.963E-1 4.19425E-1 4.09401E-1 4.17555E-1 4.53973E-1 4.92811E-1 5.40566E-1 5.4568E-1 6.05896E-1 6.39782E-1
3.95357E-1 3.69683E-1 3.13756E-1 2.78158E-1 2.8862E-1 1.56718E-1 1.78657E-1 2.04097E-1 2.0673E-1 2.33136E-1 2.41217E-1 2.10524E-1 1.23564E-1 5.46415E-2 2.84838E-2 2.13893E-2 2.04034E-2 2.48165E-2 1.93527E-2 4.2163E-2 4.86166E-2 5.22597E-2 5.52605E-2 5.85654E-2 5.64615E-2 6.66172E-2 6.35208E-2 6.46562E-2 7.34266E-2 9.35122E-2 7.30923E-2 8.64443E-2 1.40138E-1 1.31703E-1 1.96081E-1 2.42664E-1 2.72718E-1 2.2872E-1 1.77761E-1 1.86891E-1 1.98066E-1 2.07351E-1 1.57353E-1 2.18295E-1 2.11474E-1 2.65248E-1 3.02126E-1 3.40461E-1 3.07677E-1 3.43001E-1 3.60472E-1 3.82159E-1 3.89E-1 4.57202E-1 4.84905E-1 5.31014E-1 5.44416E-1 5.75997E-1 6.01567E-1 6.12792E-1 6.39046E-1
3.03702E-1 3.73197E-1 3.01808E-1 2.11622E-1 2.11955E-1 1.55434E-1 1.70348E-1 2.09809E-1 1.9959E-1 2.46912E-1 2.43606E-1 2.38334E-1 2.09759E-1 9.30126E-2 3.64614E-2 2.77241E-2 2.3325E-2 1.95052E-2 2.20049E-2 3.75267E-2 3.99764E-2 3.64512E-2 4.7036E-2 5.81326E-2 5.30397E-2 6.07183E-2 6.59704E-2 6.13531E-2 6.7495E-2 7.07628E-2 9.43733E-2 1.02457E-1 1.47533E-1 1.94532E-1 1.89592E-1 2.16812E-1 2.06884E-1 1.86073E-1 1.99874E-1 1.72901E-1 1.90593E-1 1.99403E-1 2.00983E-1 2.21752E-1 2.54507E-1 3.03828E-1 3.46556E-1 3.94675E-1 3.35656E-1 3.66612E-1 4.03035E-1 4.3574E-1 4.77065E-1 4.48173E-1 5.23209E-1 5.0217E-1 5.40717E-1 5.91065E-1 5.9837E-1 6.26249E-1 6.37208E-1
