data/maxent/outputs/red_39.asc
ncols         426
nrows         180
xllcorner     -130.0
yllcorner     24.0
cellsize      0.16666666666666666
NODATA_value  -9999
[rows 108 to 134 of 180, columns 183 to 243 of 426]
1.24679E-3 1.31129E-3 1.87073E-3 2.45137E-3 2.96769E-3 3.81952E-3 4.46662E-3 4.42902E-3 5.63095E-3 7.33921E-3 9.39851E-3 1.30566E-2 1.8498E-2 2.21237E-2 2.17171E-2 2.39972E-2 2.45201E-2 3.17778E-2 3.43426E-2 3.60344E-2 3.22744E-2 2.9314E-2 3.61415E-2 3.64837E-2 4.51599E-2 7.61565E-2 6.47671E-2 6.83432E-2 7.38634E-2 7.72466E-2 8.76912E-2 8.92755E-2 9.20376E-2 9.42194E-2 9.52595E-2 9.63778E-2 9.48943E-2 9.58318E-2 9.68566E-2 1.0169E-1 6.69769E-2 6.7327E-2 7.65198E-2 8.17475E-2 9.06503E-2 8.86204E-2 7.66168E-2 8.65326E-2 7.9398E-2 9.78178E-2 1.12179E-1 1.1267E-1 1.23173E-1 1.04478E-1 1.23965E-1 1.08962E-1 1.59521E-1 1.60675E-1 1.84514E-1 1.95338E-1 1.60406E-1
9.86883E-4 1.38114E-3 1.79031E-3 2.51531E-3 3.22248E-3 4.89984E-3 5.66014E-3 6.02545E-3 6.27525E-3 9.17472E-3 1.27318E-2 1.74085E-2 2.91947E-2 2.91841E-2 2.82508E-2 3.0829E-2 3.05839E-2 3.56095E-2 3.91499E-2 4.06172E-2 3.73752E-2 3.81813E-2 3.51876E-2 4.06596E-2 4.91297E-2 6.30496E-2 7.96595E-2 9.69502E-2 8.61406E-2 8.94387E-2 1.02064E-1 1.05823E-1 1.0327E-1 1.06656E-1 1.03497E-1 1.02067E-1 1.04277E-1 1.06182E-1 1.07697E-1 1.04243E-1 1.00902E-1 9.20278E-2 9.67731E-2 9.9791E-2 1.00942E-1 1.12252E-1 1.06357E-1 1.04519E-1 1.01347E-1 1.10796E-1 1.33678E-1 1.40881E-1 1.44864E-1 1.20322E-1 1.54692E-1 1.43075E-1 1.58552E-1 1.97305E-1 2.07862E-1 1.9193E-1 1.6149E-1
1.92421E-3 2.3555E-3 2.22126E-3 3.21596E-3 4.62798E-3 5.32588E-3 7.26621E-3 7.75369E-3 8.60234E-3 1.18677E-2 1.7732E-2 2.75349E-2 3.42529E-2 3.44019E-2 3.52454E-2 3.54438E-2 3.97212E-2 4.51293E-2 4.7319E-2 4.60713E-2 4.69868E-2 4.29559E-2 4.43439E-2 4.08063E-2 4.86351E-2 6.6043E-2 8.6756E-2 9.8157E-2 8.98977E-2 8.78259E-2 9.33956E-2 1.02446E-1 8.98582E-2 8.56121E-2 1.16567E-1 1.14901E-1 1.20545E-1 1.27242E-1 1.33682E-1 1.28607E-1 1.14607E-1 1.01039E-1 9.89811E-2 1.43493E-1 1.46185E-1 1.12612E-1 1.04115E-1 1.24404E-1 1.30306E-1 1.34381E-1 1.55903E-1 1.73474E-1 1.82127E-1 1.5293E-1 1.7734E-1 1.70895E-1 1.63408E-1 2.12151E-1 1.93213E-1 1.79627E-1 1.79301E-1
2.84539E-3 2.9601E-3 3.19608E-3 3.47255E-3 5.15659E-3 6.50794E-3 7.63421E-3 1.15028E-2 1.27417E-2 1.63841E-2 2.324E-2 3.06513E-2 3.68325E-2 4.34934E-2 4.42826E-2 4.57938E-2 4.90041E-2 5.47426E-2 5.63405E-2 5.62884E-2 5.648E-2 5.9931E-2 6.99789E-2 7.80431E-2 6.79777E-2 6.13428E-2 7.09294E-2 1.04883E-1 7.94318E-2 7.46251E-2 9.28807E-2 7.26125E-2 7.05412E-2 8.00753E-2 7.73134E-2 7.8872E-2 8.83066E-2 9.73233E-2 1.06399E-1 1.1863E-1 9.56731E-2 8.83781E-2 9.888E-2 1.09439E-1 1.55197E-1 1.13616E-1 1.07352E-1 1.30895E-1 1.59285E-1 1.5736E-1 1.76335E-1 1.81364E-1 1.96838E-1 1.83949E-1 1.82176E-1 1.86447E-1 2.06801E-1 1.95858E-1 1.8376E-1 1.83098E-1 1.84534E-1
2.53841E-3 2.78672E-3 3.96187E-3 4.3946E-3 5.24187E-3 6.45749E-3 1.05043E-2 1.22977E-2 1.48793E-2 1.84493E-2 2.78269E-2 3.18695E-2 3.90513E-2 5.38144E-2 5.29943E-2 5.52486E-2 6.11912E-2 6.94677E-2 6.06666E-2 6.21042E-2 6.81534E-2 7.22693E-2 7.58492E-2 1.13339E-1 9.55459E-2 7.35043E-2 7.68759E-2 8.89463E-2 8.42676E-2 8.83607E-2 9.31627E-2 8.81189E-2 9.43722E-2 9.69045E-2 1.17643E-1 1.57269E-1 1.38494E-1 1.43027E-1 1.10479E-1 1.03953E-1 1.01745E-1 1.13393E-1 1.28015E-1 1.36244E-1 1.42498E-1 1.56155E-1 1.67715E-1 1.56137E-1 2.04683E-1 1.87777E-1 2.11898E-1 2.07688E-1 2.0255E-1 2.00893E-1 1.94274E-1 1.80229E-1 2.23043E-1 2.14917E-1 2.02968E-1 1.90815E-1 1.86964E-1
3.23376E-3 3.308E-3 4.19653E-3 5.39024E-3 6.40033E-3 8.17305E-3 1.06183E-2 1.41972E-2 1.67895E-2 1.9431E-2 3.06099E-2 3.79253E-2 4.08466E-2 5.35428E-2 5.89942E-2 6.44465E-2 7.06E-2 7.69447E-2 6.69024E-2 7.38367E-2 9.07894E-2 7.96242E-2 9.18621E-2 1.09446E-1 9.82657E-2 1.09713E-1 1.13723E-1 1.09084E-1 1.23996E-1 1.04087E-1 1.32789E-1 1.15207E-1 1.04399E-1 1.187E-1 1.51718E-1 1.33233E-1 8.27205E-2 8.54318E-2 9.60946E-2 1.375E-1 1.23389E-1 1.65082E-1 1.98665E-1 1.86244E-1 1.85935E-1 1.8404E-1 2.10322E-1 2.12599E-1 2.22272E-1 2.20904E-1 2.26192E-1 2.32151E-1 2.19547E-1 2.00312E-1 1.99965E-1 1.99709E-1 2.41982E-1 2.54419E-1 2.20202E-1 1.95972E-1 1.84203E-1
4.22079E-3 5.72895E-3 5.33069E-3 8.14969E-3 1.36162E-2 1.671E-2 1.29619E-2 1.78048E-2 2.30675E-2 2.50335E-2 2.91006E-2 3.59846E-2 4.3666E-2 5.33406E-2 6.54857E-2 7.42112E-2 7.65083E-2 8.00144E-2 7.69131E-2 8.24572E-2 9.03339E-2 8.66613E-2 9.65254E-2 1.02124E-1 1.05931E-1 1.10955E-1 1.08686E-1 1.08916E-1 1.17483E-1 1.33629E-1 1.41545E-1 1.44313E-1 1.21619E-1 1.42651E-1 1.43671E-1 1.26938E-1 1.24449E-1 1.37003E-1 1.4873E-1 1.61238E-1 1.8255E-1 2.21385E-1 2.35489E-1 2.18049E-1 2.32543E-1 2.38009E-1 2.43207E-1 2.30007E-1 2.41762E-1 2.32061E-1 2.29355E-1 2.19025E-1 2.09362E-1 2.00769E-1 1.92079E-1 2.08066E-1 2.03957E-1 2.00358E-1 1.90717E-1 1.88769E-1 1.93365E-1
4.07557E-3 6.28487E-3 8.37909E-3 1.09445E-2 2.2217E-2 2.76295E-2 1.96178E-2 1.93493E-2 2.59287E-2 3.3102E-2 4.10664E-2 4.7045E-2 5.32713E-2 6.04061E-2 7.56181E-2 8.48698E-2 8.637E-2 7.59077E-2 7.80113E-2 8.20718E-2 9.13683E-2 9.74444E-2 1.07356E-1 1.14094E-1 1.14651E-1 1.12321E-1 1.10029E-1 1.21115E-1 1.43833E-1 1.47098E-1 1.44532E-1 1.42731E-1 1.34894E-1 1.36717E-1 1.37968E-1 1.36377E-1 1.34218E-1 1.52953E-1 1.68658E-1 1.80338E-1 1.93124E-1 2.20139E-1 2.82727E-1 3.07359E-1 2.72803E-1 2.94049E-1 2.66675E-1 2.63795E-1 2.65502E-1 2.46204E-1 2.37955E-1 2.18369E-1 2.17746E-1 2.14801E-1 2.02127E-1 1.9385E-1 2.18061E-1 1.88263E-1 1.81987E-1 1.84126E-1 1.82616E-1
5.59412E-3 7.11967E-3 8.85452E-3 9.60933E-3 1.34762E-2 1.62531E-2 2.04996E-2 2.31722E-2 2.88958E-2 4.01908E-2 4.80564E-2 5.42923E-2 6.30654E-2 7.42481E-2 7.90553E-2 8.86578E-2 8.38903E-2 8.30326E-2 7.64673E-2 8.27402E-2 9.97152E-2 1.19688E-1 1.1483E-1 1.1442E-1 1.21663E-1 1.17859E-1 1.18596E-1 1.20297E-1 1.23358E-1 1.29653E-1 1.17177E-1 1.21148E-1 1.17132E-1 1.2342E-1 1.32065E-1 1.33772E-1 2.08249E-1 2.11867E-1 1.71491E-1 1.91578E-1 2.04806E-1 2.44783E-1 2.66702E-1 2.86723E-1 3.16043E-1 3.02621E-1 3.38061E-1 3.00418E-1 2.7473E-1 2.48012E-1 2.30718E-1 2.17702E-1 2.07954E-1 2.38755E-1 2.05603E-1 2.06048E-1 1.82899E-1 1.8027E-1 1.79377E-1 1.85554E-1 1.80833E-1
8.61927E-3 9.73154E-3 1.02935E-2 1.13367E-2 1.39914E-2 1.61749E-2 2.10125E-2 2.58491E-2 3.44343E-2 4.24077E-2 4.98054E-2 6.17385E-2 7.55416E-2 1.12036E-1 1.18308E-1 1.02148E-1 8.89871E-2 8.9688E-2 8.54183E-2 8.85048E-2 1.04535E-1 1.29197E-1 1.22354E-1 1.19891E-1 1.16468E-1 1.13878E-1 1.21796E-1 1.11184E-1 1.19025E-1 1.11493E-1 1.13276E-1 1.22334E-1 1.37829E-1 1.43822E-1 1.47475E-1 1.47618E-1 1.51762E-1 1.5763E-1 1.99837E-1 2.10145E-1 2.36943E-1 2.67813E-1 2.87274E-1 3.20153E-1 3.69511E-1 3.48734E-1 3.72276E-1 3.39112E-1 2.87713E-1 2.52199E-1 2.4132E-1 2.16689E-1 2.2927E-1 2.35921E-1 2.15237E-1 2.11175E-1 1.82287E-1 1.76045E-1 2.22578E-1 2.12092E-1 1.83503E-1
1.15071E-2 1.32465E-2 1.49773E-2 1.74769E-2 1.94194E-2 2.05455E-2 2.49089E-2 3.05513E-2 4.43144E-2 4.59107E-2 5.06542E-2 6.60134E-2 7.56666E-2 1.02354E-1 1.40947E-1 1.29689E-1 1.16816E-1 1.15546E-1 1.05375E-1 1.03178E-1 1.06123E-1 1.19858E-1 1.23596E-1 1.23377E-1 1.27247E-1 1.23525E-1 1.33155E-1 1.30062E-1 1.5411E-1 1.3609E-1 1.18357E-1 1.19117E-1 1.29931E-1 1.40286E-1 1.74829E-1 1.63564E-1 1.76544E-1 1.93934E-1 2.17285E-1 2.28331E-1 2.61648E-1 3.04745E-1 3.29129E-1 3.46531E-1 4.17111E-1 4.26812E-1 3.84859E-1 3.80476E-1 3.21728E-1 2.63085E-1 2.56094E-1 2.36046E-1 2.34742E-1 2.22677E-1 2.14893E-1 2.23903E-1 1.95923E-1 1.93819E-1 1.88233E-1 1.82333E-1 1.72504E-1
1.41752E-2 1.64111E-2 2.12277E-2 2.69107E-2 2.7579E-2 2.90404E-2 3.00721E-2 4.15453E-2 5.26159E-2 6.19484E-2 6.60759E-2 8.2161E-2 1.12518E-1 1.45798E-1 1.74945E-1 1.69538E-1 1.55371E-1 1.68076E-1 1.32485E-1 1.33019E-1 1.43382E-1 1.45663E-1 1.49921E-1 1.55775E-1 1.85369E-1 1.49514E-1 1.50461E-1 1.43882E-1 1.36336E-1 1.26299E-1 1.32041E-1 1.3859E-1 1.64764E-1 1.83119E-1 1.9559E-1 2.09176E-1 2.12737E-1 2.34233E-1 2.46323E-1 2.6194E-1 2.94096E-1 3.34789E-1 3.6619E-1 3.85457E-1 3.90011E-1 3.84893E-1 3.83961E-1 3.74223E-1 3.69514E-1 3.03256E-1 2.83303E-1 2.61023E-1 2.44802E-1 2.43061E-1 2.23602E-1 2.4304E-1 2.14285E-1 2.0286E-1 2.02576E-1 1.77069E-1 1.76992E-1
1.7599E-2 2.41621E-2 2.89023E-2 3.56962E-2 3.85286E-2 4.61016E-2 4.61222E-2 5.14675E-2 6.72537E-2 8.82287E-2 1.06777E-1 1.469E-1 1.63224E-1 1.93729E-1 1.81176E-1 2.05261E-1 2.09779E-1 2.24061E-1 1.49022E-1 1.53095E-1 1.58271E-1 1.64176E-1 1.70738E-1 1.91179E-1 1.92385E-1 1.82604E-1 1.81827E-1 1.83456E-1 1.68335E-1 1.61951E-1 1.64553E-1 1.84941E-1 2.19051E-1 2.48255E-1 2.65491E-1 2.88553E-1 2.97664E-1 3.14054E-1 3.19257E-1 3.21262E-1 3.38955E-1 3.63375E-1 3.80128E-1 4.03514E-1 3.96099E-1 3.7209E-1 3.82262E-1 3.76517E-1 3.70691E-1 3.251E-1 3.03367E-1 2.67704E-1 2.60027E-1 2.52718E-1 2.55893E-1 2.62945E-1 2.31385E-1 1.96183E-1 2.3787E-1 2.14208E-1 1.94139E-1
3.01949E-2 4.12082E-2 4.21505E-2 4.82426E-2 4.66634E-2 4.81446E-2 6.19546E-2 7.95907E-2 9.23983E-2 1.22065E-1 1.88541E-1 2.22116E-1 2.38876E-1 2.27987E-1 2.24444E-1 2.06443E-1 2.16595E-1 2.09192E-1 1.77173E-1 1.75956E-1 1.80108E-1 1.87141E-1 1.89515E-1 2.15401E-1 2.18636E-1 2.1279E-1 2.05198E-1 2.08304E-1 2.20972E-1 2.26611E-1 2.33911E-1 2.71695E-1 3.7101E-1 4.12481E-1 3.55073E-1 3.64986E-1 3.80907E-1 3.99139E-1 4.05494E-1 3.92242E-1 3.93373E-1 4.16145E-1 4.25193E-1 4.20523E-1 4.07279E-1 3.87328E-1 3.81071E-1 3.88258E-1 3.68489E-1 3.36645E-1 3.21849E-1 3.0865E-1 2.89571E-1 2.84514E-1 2.94251E-1 2.92603E-1 2.70326E-1 2.15362E-1 2.72492E-1 2.39482E-1 2.2032E-1
3.59333E-2 3.95909E-2 4.73017E-2 5.69866E-2 6.19585E-2 6.43216E-2 7.40385E-2 1.02144E-1 1.33211E-1 1.66861E-1 1.86944E-1 2.20331E-1 2.30598E-1 2.07477E-1 2.22918E-1 2.02816E-1 1.92255E-1 2.0167E-1 2.05571E-1 1.98228E-1 2.04725E-1 2.02961E-1 2.1127E-1 2.29091E-1 2.39562E-1 2.43616E-1 2.46166E-1 2.53996E-1 2.72416E-1 3.06844E-1 3.53582E-1 3.88321E-1 4.30323E-1 4.3623E-1 4.86406E-1 4.75508E-1 4.77583E-1 4.91357E-1 5.22875E-1 5.11224E-1 5.14423E-1 5.0634E-1 4.97853E-1 4.65605E-1 4.26927E-1 4.09292E-1 3.86789E-1 3.76786E-1 3.89821E-1 3.64282E-1 3.30252E-1 3.23839E-1 2.96447E-1 3.27479E-1 3.65542E-1 3.29217E-1 3.10117E-1 2.35685E-1 2.27406E-1 2.09238E-1 2.05648E-1
4.45834E-2 5.1551E-2 5.06044E-2 5.87809E-2 6.87126E-2 8.34274E-2 1.01301E-1 1.28032E-1 1.66733E-1 1.8914E-1 1.99444E-1 2.23576E-1 2.25015E-1 2.22934E-1 2.64634E-1 2.16807E-1 2.10485E-1 2.19486E-1 2.22655E-1 2.21912E-1 2.22004E-1 2.25511E-1 2.48401E-1 2.62534E-1 2.83423E-1 2.95371E-1 2.84959E-1 3.02164E-1 3.21906E-1 3.77238E-1 4.27845E-1 5.09187E-1 5.66159E-1 5.09975E-1 5.80522E-1 6.05328E-1 5.98523E-1 5.74597E-1 6.09197E-1 6.01113E-1 6.12512E-1 6.64655E-1 5.9626E-1 5.10916E-1 4.50553E-1 4.22838E-1 3.89488E-1 3.71543E-1 4.05257E-1 3.81571E-1 3.69971E-1 3.34944E-1 3.13912E-1 3.46742E-1 3.64081E-1 3.56905E-1 3.18121E-1 2.55418E-1 2.33911E-1 2.21944E-1 2.20396E-1
5.654E-2 5.57601E-2 6.06208E-2 6.68488E-2 7.40719E-2 9.52609E-2 1.3877E-1 1.64563E-1 1.88191E-1 2.22982E-1 2.13964E-1 2.39657E-1 2.37997E-1 2.48846E-1 2.91182E-1 2.5616E-1 2.62979E-1 2.649E-1 2.62248E-1 2.52802E-1 2.55825E-1 2.6023E-1 2.96692E-1 2.96748E-1 3.14426E-1 3.32731E-1 3.46533E-1 3.65159E-1 3.92445E-1 4.26377E-1 5.01655E-1 6.24793E-1 5.74985E-1 5.87053E-1 6.89141E-1 7.40335E-1 7.03067E-1 7.05853E-1 7.01771E-1 6.08827E-1 5.43336E-1 7.03198E-1 6.64975E-1 5.56105E-1 4.8584E-1 4.29037E-1 4.00004E-1 3.79438E-1 4.04088E-1 3.98479E-1 3.79652E-1 3.64837E-1 3.65959E-1 3.75599E-1 3.73786E-1 3.77185E-1 2.92796E-1 2.58265E-1 2.45734E-1 2.31074E-1 2.22822E-1
1.06431E-1 8.39687E-2 8.0783E-2 9.35085E-2 1.02101E-1 1.19148E-1 1.64456E-1 1.79018E-1 2.07264E-1 2.326E-1 2.4285E-1 2.73786E-1 2.85334E-1 3.09633E-1 3.63273E-1 3.76272E-1 3.58054E-1 3.26707E-1 3.09986E-1 2.79061E-1 3.07708E-1 3.04155E-1 2.96058E-1 3.13532E-1 3.40977E-1 3.68926E-1 4.15975E-1 4.01787E-1 4.56204E-1 4.39335E-1 4.55439E-1 4.79178E-1 5.5673E-1 6.5024E-1 7.7513E-1 8.25611E-1 7.71828E-1 7.43376E-1 7.25958E-1 6.25976E-1 5.69279E-1 6.11857E-1 5.74165E-1 5.03793E-1 5.25178E-1 4.09892E-1 3.80208E-1 3.93778E-1 3.92649E-1 3.90249E-1 4.10484E-1 3.93189E-1 3.82082E-1 3.80097E-1 3.83469E-1 3.69537E-1 2.77308E-1 2.60398E-1 2.51877E-1 2.45946E-1 2.34804E-1
1.51085E-1 1.09706E-1 1.17428E-1 1.29173E-1 1.39126E-1 1.92032E-1 2.18061E-1 2.15542E-1 2.35796E-1 2.48655E-1 2.6522E-1 3.24086E-1 3.7152E-1 3.89628E-1 4.24245E-1 4.53587E-1 4.55342E-1 4.05875E-1 3.43301E-1 3.33119E-1 3.72371E-1 3.84831E-1 3.53689E-1 4.13716E-1 3.85281E-1 3.86856E-1 3.83646E-1 4.26248E-1 5.07156E-1 5.12753E-1 5.17867E-1 5.4943E-1 6.06062E-1 6.63186E-1 7.40547E-1 7.94704E-1 7.86031E-1 7.47147E-1 7.07481E-1 6.66127E-1 6.11392E-1 5.72185E-1 5.35032E-1 4.96519E-1 4.99118E-1 4.13089E-1 3.94752E-1 4.22615E-1 3.8703E-1 4.03333E-1 4.20276E-1 4.10216E-1 4.07198E-1 3.8794E-1 3.75143E-1 3.15215E-1 2.76307E-1 2.74854E-1 2.65104E-1 2.54313E-1 2.56245E-1
1.58379E-1 1.35043E-1 1.67226E-1 1.91684E-1 1.92516E-1 2.07609E-1 2.35084E-1 2.54226E-1 2.70491E-1 2.66993E-1 2.76329E-1 3.19528E-1 4.55815E-1 4.68969E-1 4.69335E-1 5.00343E-1 4.95429E-1 4.30917E-1 3.86225E-1 3.77137E-1 3.74292E-1 3.76018E-1 3.72292E-1 4.04322E-1 3.98251E-1 4.11818E-1 4.25251E-1 4.75596E-1 5.27109E-1 6.27853E-1 5.8898E-1 6.17936E-1 7.03232E-1 6.81576E-1 7.0557E-1 7.17247E-1 6.61993E-1 6.53454E-1 6.42853E-1 6.3305E-1 5.86687E-1 5.76044E-1 6.26395E-1 5.19481E-1 4.84852E-1 4.505E-1 4.35106E-1 4.22091E-1 4.00682E-1 4.18161E-1 4.31387E-1 4.16901E-1 4.08534E-1 4.02253E-1 3.68208E-1 3.25218E-1 3.27086E-1 2.86979E-1 2.82297E-1 2.85907E-1 2.87584E-1
1.81757E-1 1.81861E-1 2.04484E-1 2.0204E-1 2.04367E-1 2.24618E-1 2.44741E-1 2.8322E-1 2.75535E-1 2.78236E-1 2.80508E-1 2.95514E-1 3.61981E-1 3.87208E-1 4.31298E-1 4.57784E-1 4.35756E-1 4.40414E-1 4.28881E-1 4.33383E-1 4.07606E-1 4.01411E-1 4.06069E-1 4.16659E-1 4.42689E-1 4.52366E-1 4.70722E-1 5.33739E-1 6.03649E-1 6.02609E-1 6.14274E-1 6.2645E-1 6.47188E-1 6.83097E-1 6.99974E-1 6.42921E-1 5.88505E-1 6.08718E-1 5.87876E-1 5.87988E-1 5.68205E-1 5.65234E-1 5.5E-1 5.7877E-1 5.78889E-1 5.09729E-1 4.7003E-1 4.33483E-1 4.33339E-1 4.32534E-1 4.43635E-1 4.31315E-1 4.28E-1 4.06257E-1 3.75005E-1 3.76799E-1 3.85001E-1 3.83692E-1 3.28292E-1 3.25789E-1 3.23611E-1
1.81951E-1 2.17954E-1 2.13161E-1 1.95325E-1 1.88835E-1 2.35539E-1 2.84076E-1 2.82623E-1 2.69164E-1 2.69579E-1 2.90945E-1 2.97204E-1 3.3208E-1 3.70542E-1 4.01759E-1 4.20906E-1 4.25392E-1 4.32084E-1 4.52785E-1 5.00701E-1 4.78836E-1 4.47997E-1 4.42252E-1 4.7236E-1 4.95712E-1 5.20625E-1 5.28617E-1 5.74455E-1 6.36082E-1 6.4222E-1 6.29843E-1 6.07014E-1 6.28447E-1 6.43618E-1 6.77755E-1 5.98775E-1 6.11708E-1 5.67357E-1 5.69709E-1 5.47388E-1 5.36611E-1 5.36723E-1 5.34831E-1 5.56092E-1 5.66166E-1 5.55675E-1 4.93679E-1 4.62132E-1 4.56903E-1 4.46427E-1 4.42628E-1 4.68329E-1 4.33674E-1 4.21176E-1 4.07234E-1 4.38434E-1 5.04818E-1 3.99445E-1 3.62263E-1 3.62479E-1 3.14801E-1
1.69039E-1 2.12729E-1 1.90215E-1 1.80245E-1 1.95466E-1 2.17802E-1 2.6329E-1 2.74196E-1 3.02551E-1 2.83332E-1 2.87332E-1 2.97146E-1 3.37187E-1 3.78228E-1 4.17614E-1 4.23365E-1 4.22462E-1 4.34389E-1 4.75741E-1 5.28286E-1 5.63997E-1 5.06219E-1 5.14051E-1 5.271E-1 5.95162E-1 5.82512E-1 5.80425E-1 5.84744E-1 6.13258E-1 6.83491E-1 6.34732E-1 6.37952E-1 6.32419E-1 6.18531E-1 5.87142E-1 5.84906E-1 5.92974E-1 5.64275E-1 5.80939E-1 5.46151E-1 5.57615E-1 5.57689E-1 5.53148E-1 5.42839E-1 5.78349E-1 5.70252E-1 5.14094E-1 4.7528E-1 4.74666E-1 4.51832E-1 4.59208E-1 4.62462E-1 4.39096E-1 4.35858E-1 4.44897E-1 4.79268E-1 4.57838E-1 4.0994E-1 3.78757E-1 3.15768E-1 3.05872E-1
1.52918E-1 1.69877E-1 1.84537E-1 1.98436E-1 2.23544E-1 2.41367E-1 2.89383E-1 2.9282E-1 3.0601E-1 3.0838E-1 3.04022E-1 3.25602E-1 3.73204E-1 3.99682E-1 4.3158E-1 4.23128E-1 4.27408E-1 4.38309E-1 5.22499E-1 5.62566E-1 5.43358E-1 5.44892E-1 5.48911E-1 5.65604E-1 6.23475E-1 5.89674E-1 5.81622E-1 5.95643E-1 6.27978E-1 6.24031E-1 6.58808E-1 6.50512E-1 6.36639E-1 6.16256E-1 5.82574E-1 5.7697E-1 5.87943E-1 5.88782E-1 5.86061E-1 5.94507E-1 5.554E-1 4.91136E-1 5.47982E-1 5.44945E-1 5.96269E-1 5.89851E-1 5.30927E-1 4.97791E-1 4.89983E-1 4.75409E-1 4.93817E-1 4.53784E-1 4.58869E-1 4.59644E-1 4.70138E-1 4.62766E-1 4.50276E-1 4.10821E-1 3.98362E-1 3.78327E-1 3.60805E-1
1.71316E-1 1.95188E-1 2.24625E-1 2.377E-1 2.77898E-1 2.88669E-1 2.99654E-1 3.18932E-1 3.28308E-1 3.33699E-1 3.35356E-1 3.52617E-1 4.20805E-1 4.35986E-1 4.59341E-1 4.47451E-1 4.40186E-1 4.41293E-1 5.14487E-1 5.62224E-1 5.70169E-1 5.65906E-1 5.73398E-1 5.74639E-1 6.09438E-1 6.51681E-1 6.21261E-1 6.32678E-1 6.42762E-1 6.49549E-1 6.56873E-1 6.54149E-1 6.50019E-1 6.76363E-1 5.92803E-1 5.83276E-1 5.92027E-1 6.06178E-1 6.41703E-1 6.58227E-1 5.85664E-1 5.26271E-1 5.38254E-1 5.80687E-1 5.8662E-1 6.02044E-1 6.02169E-1 5.53421E-1 5.14964E-1 5.17843E-1 4.92478E-1 4.61312E-1 4.76991E-1 4.61201E-1 4.12294E-1 4.31361E-1 4.4393E-1 4.32479E-1 4.34924E-1 4.32739E-1 4.45879E-1
1.79501E-1 2.16228E-1 2.42863E-1 2.64747E-1 2.96507E-1 3.17932E-1 3.31068E-1 3.26033E-1 3.25478E-1 3.5094E-1 3.65585E-1 3.91751E-1 4.09888E-1 4.57135E-1 4.85594E-1 4.77822E-1 4.46176E-1 4.62242E-1 4.97881E-1 5.47006E-1 5.82141E-1 6.04202E-1 6.14387E-1 6.34939E-1 6.44981E-1 6.81709E-1 6.86475E-1 6.76812E-1 6.86896E-1 6.80548E-1 6.62471E-1 6.66575E-1 6.552E-1 6.80091E-1 7.06673E-1 6.10002E-1 6.18889E-1 6.26001E-1 6.62431E-1 5.94285E-1 5.32289E-1 5.37212E-1 5.5721E-1 5.69832E-1 5.83475E-1 5.93052E-1 6.15119E-1 5.52079E-1 5.66836E-1 5.24628E-1 4.36708E-1 3.94238E-1 3.94608E-1 4.03787E-1 3.96022E-1 4.17749E-1 4.49618E-1 4.19367E-1 4.44095E-1 4.83348E-1 5.07399E-1
1.98715E-1 2.15302E-1 2.43734E-1 2.87201E-1 3.03257E-1 3.19716E-1 3.18196E-1 3.36349E-1 3.41512E-1 3.70618E-1 4.0068E-1 4.25196E-1 4.53769E-1 5.43232E-1 5.54064E-1 5.16904E-1 4.90213E-1 5.00632E-1 5.32273E-1 5.57737E-1 5.93477E-1 6.51285E-1 6.66517E-1 6.85594E-1 6.85194E-1 7.17272E-1 7.09711E-1 7.22202E-1 7.47166E-1 7.04001E-1 6.83847E-1 6.5178E-1 6.42036E-1 6.70366E-1 8.05632E-1 6.83264E-1 6.74362E-1 6.26008E-1 6.04687E-1 5.71201E-1 5.55282E-1 5.12647E-1 5.06031E-1 5.348E-1 5.90126E-1 5.50518E-1 5.35571E-1 4.79189E-1 4.45903E-1 3.52614E-1 3.45934E-1 4.11179E-1 4.59759E-1 4.73479E-1 4.6751E-1 4.22591E-1 4.07636E-1 4.33158E-1 4.55223E-1 5.05212E-1 5.43036E-1
