data/maxent/outputs/red_337.asc
ncols         426
nrows         180
xllcorner     -130.0
yllcorner     24.0
cellsize      0.16666666666666666
NODATA_value  -9999
[rows 54 to 80 of 180, columns 305 to 365 of 426]
3.112E-2 3.14453E-2 3.5655E-2 3.76454E-2 3.8918E-2 3.38594E-2 3.42204E-2 2.98686E-2 3.02362E-2 3.04362E-2 2.82651E-2 3.11348E-2 3.09349E-2 3.03071E-2 3.46952E-2 4.19481E-2 4.57955E-2 4.48699E-2 5.21152E-2 5.79397E-2 6.25024E-2 6.59965E-2 5.61459E-2 5.4759E-2 6.82615E-2 6.83667E-2 5.94636E-2 5.4918E-2 5.0824E-2 4.59056E-2 3.56772E-2 3.2543E-2 3.768E-2 4.97385E-2 6.10387E-2 7.06267E-2 5.33355E-2 3.44139E-2 3.18156E-2 3.1071E-2 3.06824E-2 3.25027E-2 2.59752E-2 2.30523E-2 1.97918E-2 1.69651E-2 1.45344E-2 1.88899E-2 1.67111E-2 1.9568E-2 2.28866E-2 2.22409E-2 2.52113E-2 2.94745E-2 2.90573E-2 2.93298E-2 2.64567E-2 3.05971E-2 3.65428E-2 3.78899E-2 4.00788E-2
3.93785E-2 3.94496E-2 4.82566E-2 4.55545E-2 4.84676E-2 4.6218E-2 4.24742E-2 3.92216E-2 3.75365E-2 3.36502E-2 3.37949E-2 3.35627E-2 3.47533E-2 3.79964E-2 4.23129E-2 5.33515E-2 6.16185E-2 6.87756E-2 6.26372E-2 5.58588E-2 5.75489E-2 5.85559E-2 6.19424E-2 4.94088E-2 4.66399E-2 4.52969E-2 4.18647E-2 3.70857E-2 2.9299E-2 2.5854E-2 2.27197E-2 2.3813E-2 2.88213E-2 4.21241E-2 6.03746E-2 6.62104E-2 4.59174E-2 3.06383E-2 2.83023E-2 2.59876E-2 2.50198E-2 2.14657E-2 2.1255E-2 1.77209E-2 1.56211E-2 1.50975E-2 1.85197E-2 1.52838E-2 1.75715E-2 1.87498E-2 2.14251E-2 2.48466E-2 3.07772E-2 3.81851E-2 4.17797E-2 3.57329E-2 3.74089E-2 3.65609E-2 3.84184E-2 4.27025E-2 4.88942E-2
5.26179E-2 5.45596E-2 6.44042E-2 5.66847E-2 6.17318E-2 5.60268E-2 5.3219E-2 5.25681E-2 5.24211E-2 4.36975E-2 4.28698E-2 4.48844E-2 4.48283E-2 4.58827E-2 5.14331E-2 6.56362E-2 7.00076E-2 7.18912E-2 7.49325E-2 6.30461E-2 6.2872E-2 5.99807E-2 4.88722E-2 4.20094E-2 3.59627E-2 3.61056E-2 2.57405E-2 2.17568E-2 1.90582E-2 2.01243E-2 2.03297E-2 2.39743E-2 3.08437E-2 4.19636E-2 6.2891E-2 7.08298E-2 4.36829E-2 2.90364E-2 2.50289E-2 2.25449E-2 1.93651E-2 1.67176E-2 1.56504E-2 1.32735E-2 1.51455E-2 1.44304E-2 1.92906E-2 1.60648E-2 1.58369E-2 2.74058E-2 2.62852E-2 2.97716E-2 3.35423E-2 4.46128E-2 4.96988E-2 7.4155E-2 6.19213E-2 4.82543E-2 4.85937E-2 4.28028E-2 4.31348E-2
5.75401E-2 5.11206E-2 6.10493E-2 5.88467E-2 6.59584E-2 5.33676E-2 4.47906E-2 4.90227E-2 5.31405E-2 5.228E-2 5.42962E-2 5.41625E-2 4.99634E-2 4.56957E-2 5.04899E-2 6.49897E-2 6.68942E-2 6.47748E-2 6.37103E-2 6.88033E-2 6.8247E-2 5.28148E-2 4.10735E-2 3.86365E-2 3.17463E-2 2.31451E-2 2.2125E-2 1.58047E-2 1.82849E-2 1.94532E-2 1.66681E-2 2.31925E-2 3.69592E-2 4.09437E-2 5.85296E-2 6.88773E-2 4.17048E-2 2.85876E-2 2.43931E-2 2.31852E-2 2.1161E-2 1.61526E-2 1.46963E-2 1.61894E-2 1.68139E-2 1.20642E-2 1.94369E-2 2.37626E-2 3.02055E-2 3.26549E-2 2.94971E-2 3.35798E-2 3.94699E-2 5.10456E-2 6.22529E-2 7.31198E-2 6.93098E-2 7.50365E-2 5.77148E-2 4.84639E-2 3.96238E-2
5.60852E-2 5.97498E-2 6.04837E-2 5.1952E-2 5.91674E-2 6.04161E-2 5.75887E-2 5.15957E-2 5.8784E-2 6.666E-2 7.92659E-2 6.74413E-2 6.10887E-2 5.82664E-2 7.14841E-2 8.15711E-2 8.01832E-2 8.41423E-2 8.06291E-2 5.6254E-2 4.97141E-2 4.18224E-2 4.09935E-2 3.76415E-2 3.06111E-2 2.21201E-2 1.90357E-2 2.03162E-2 2.25258E-2 2.43204E-2 1.94512E-2 1.93714E-2 2.81642E-2 3.76562E-2 5.29954E-2 4.55208E-2 3.21104E-2 2.46435E-2 2.44842E-2 2.12316E-2 1.71785E-2 1.84664E-2 1.90918E-2 1.86948E-2 1.72993E-2 2.1189E-2 2.62651E-2 3.18318E-2 3.66656E-2 4.03622E-2 3.76377E-2 3.51971E-2 4.40157E-2 5.20071E-2 6.7805E-2 9.40731E-2 7.99823E-2 7.68369E-2 6.02642E-2 4.93429E-2 4.82366E-2
5.9671E-2 6.59534E-2 5.61989E-2 5.49937E-2 6.00555E-2 7.11312E-2 6.05002E-2 6.2191E-2 7.30784E-2 1.00985E-1 1.0344E-1 9.81136E-2 8.7638E-2 1.06836E-1 1.14505E-1 9.8068E-2 9.57457E-2 8.34418E-2 5.88977E-2 4.80359E-2 4.20468E-2 4.55137E-2 4.55953E-2 3.4213E-2 2.41462E-2 2.28388E-2 2.29694E-2 2.13062E-2 2.01944E-2 1.77866E-2 1.55952E-2 1.81792E-2 2.54092E-2 3.52998E-2 5.02469E-2 2.90835E-2 2.6699E-2 1.96973E-2 2.19697E-2 1.82562E-2 1.74649E-2 1.7349E-2 1.78973E-2 2.0778E-2 2.25315E-2 2.51357E-2 2.88556E-2 3.45452E-2 3.37136E-2 3.01033E-2 3.6917E-2 4.28284E-2 5.028E-2 6.05218E-2 6.13904E-2 6.99102E-2 8.37636E-2 8.00858E-2 7.03371E-2 5.32081E-2 5.29096E-2
7.9424E-2 9.3076E-2 9.17278E-2 9.89345E-2 1.09989E-1 1.11307E-1 9.30329E-2 9.47283E-2 9.89496E-2 1.11124E-1 1.22017E-1 1.10787E-1 1.00458E-1 1.05498E-1 1.05561E-1 1.03696E-1 9.12333E-2 8.68842E-2 7.0397E-2 5.25834E-2 4.07821E-2 4.58676E-2 4.20874E-2 3.23898E-2 2.38335E-2 2.41491E-2 2.14722E-2 2.41288E-2 2.3644E-2 1.91669E-2 1.67524E-2 1.79727E-2 3.02488E-2 3.54894E-2 4.27513E-2 2.70449E-2 2.87641E-2 2.02327E-2 2.36878E-2 2.16956E-2 2.25733E-2 2.68485E-2 2.4811E-2 2.38629E-2 2.66781E-2 2.7328E-2 3.21054E-2 3.14953E-2 2.98411E-2 2.74697E-2 2.97592E-2 6.18745E-2 5.50308E-2 4.39383E-2 5.09524E-2 7.53675E-2 8.9462E-2 8.62299E-2 7.70729E-2 6.10619E-2 4.81989E-2
9.05652E-2 9.0148E-2 9.0511E-2 9.36373E-2 1.00759E-1 1.00885E-1 1.00217E-1 1.01703E-1 1.05172E-1 1.10869E-1 1.14161E-1 1.13818E-1 1.07467E-1 1.08053E-1 1.08505E-1 1.08665E-1 1.07776E-1 9.81991E-2 5.96646E-2 3.84891E-2 2.97119E-2 3.17205E-2 4.94724E-2 3.72081E-2 2.68372E-2 2.55155E-2 2.77631E-2 2.44768E-2 2.68575E-2 2.55374E-2 2.581E-2 2.90566E-2 3.77574E-2 3.73936E-2 5.73887E-2 3.82148E-2 3.35753E-2 2.42078E-2 2.75299E-2 3.10396E-2 3.44734E-2 3.14979E-2 2.84625E-2 2.67507E-2 2.87449E-2 3.69383E-2 3.83526E-2 3.32741E-2 2.47566E-2 2.21059E-2 2.22028E-2 3.38436E-2 3.99115E-2 5.12492E-2 7.37149E-2 8.22967E-2 8.09993E-2 7.94098E-2 -9999 5.55892E-2 -9999
8.81437E-2 9.34871E-2 9.93243E-2 1.04103E-1 1.05643E-1 1.04017E-1 1.04331E-1 1.08086E-1 1.14074E-1 1.19616E-1 1.18989E-1 1.1495E-1 1.07697E-1 1.1188E-1 1.18655E-1 1.22467E-1 1.1122E-1 1.06781E-1 6.41803E-2 4.23359E-2 3.40835E-2 2.50941E-2 3.33995E-2 4.02564E-2 3.384E-2 3.02299E-2 2.59997E-2 2.64847E-2 3.05198E-2 3.08288E-2 3.07903E-2 4.40677E-2 4.50368E-2 6.21815E-2 4.95783E-2 4.13693E-2 3.52472E-2 2.71278E-2 3.02575E-2 3.45553E-2 4.06161E-2 4.05528E-2 3.25131E-2 2.83751E-2 3.1899E-2 3.98077E-2 6.66055E-2 6.77871E-2 3.06287E-2 2.48979E-2 2.33327E-2 2.73475E-2 4.17399E-2 6.29137E-2 -9999 -9999 -9999 -9999 -9999 -9999 -9999
9.73565E-2 1.07312E-1 1.18842E-1 1.26682E-1 1.29574E-1 1.21598E-1 1.20471E-1 1.24719E-1 1.22654E-1 1.22796E-1 1.21139E-1 1.13949E-1 1.04895E-1 1.07318E-1 1.10834E-1 1.36056E-1 1.20909E-1 1.00355E-1 8.34848E-2 6.89071E-2 6.01363E-2 4.48829E-2 4.20135E-2 4.2798E-2 3.826E-2 3.25165E-2 3.1932E-2 3.76042E-2 3.78643E-2 4.79832E-2 4.48405E-2 5.75758E-2 6.35136E-2 5.3546E-2 3.87524E-2 3.83053E-2 3.45576E-2 3.76379E-2 3.32653E-2 3.95811E-2 4.66263E-2 4.37992E-2 4.40675E-2 3.82407E-2 4.14193E-2 3.93875E-2 3.63491E-2 3.62848E-2 3.4534E-2 2.75296E-2 2.96417E-2 3.60409E-2 4.95739E-2 -9999 -9999 -9999 -9999 -9999 -9999 -9999 -9999
1.48396E-1 1.7663E-1 1.63516E-1 1.39164E-1 1.19452E-1 1.06586E-1 9.95067E-2 9.89601E-2 1.26293E-1 1.57285E-1 1.36355E-1 1.13072E-1 9.99355E-2 1.10339E-1 1.09195E-1 1.14335E-1 1.22887E-1 1.15279E-1 1.25308E-1 1.35862E-1 1.02672E-1 6.45572E-2 6.34146E-2 4.84621E-2 4.48559E-2 3.81285E-2 4.32006E-2 4.59623E-2 5.44677E-2 7.31397E-2 7.51975E-2 6.88017E-2 6.75149E-2 3.78323E-2 3.55838E-2 3.737E-2 4.23409E-2 4.02446E-2 4.15977E-2 4.70689E-2 5.23694E-2 4.484E-2 4.47184E-2 5.05533E-2 5.44401E-2 4.97933E-2 4.1989E-2 4.8151E-2 4.86626E-2 3.75732E-2 4.59416E-2 6.10343E-2 -9999 -9999 -9999 -9999 -9999 -9999 -9999 -9999 -9999
1.54877E-1 1.71975E-1 1.59158E-1 1.19007E-1 1.01195E-1 8.65226E-2 7.7279E-2 8.18922E-2 9.98169E-2 1.12816E-1 1.07087E-1 9.58605E-2 9.28995E-2 9.9853E-2 1.0818E-1 1.02135E-1 1.0215E-1 1.07453E-1 1.01047E-1 9.55424E-2 7.35684E-2 5.66103E-2 5.63781E-2 5.84184E-2 5.5072E-2 4.44796E-2 4.83417E-2 6.76425E-2 7.40788E-2 8.59689E-2 7.93229E-2 6.7574E-2 6.63242E-2 4.44451E-2 3.73385E-2 4.69479E-2 4.43617E-2 4.03482E-2 4.94686E-2 5.15328E-2 5.07065E-2 4.46427E-2 5.02703E-2 5.20731E-2 5.93086E-2 5.92319E-2 5.63548E-2 6.48337E-2 6.43261E-2 7.29259E-2 9.23082E-2 7.98071E-2 -9999 -9999 -9999 -9999 -9999 -9999 -9999 -9999 -9999
1.34325E-1 1.55152E-1 1.51036E-1 1.10624E-1 8.1245E-2 7.27328E-2 6.64244E-2 6.55333E-2 6.51496E-2 6.34771E-2 7.01847E-2 8.28094E-2 8.60296E-2 1.01412E-1 1.07278E-1 8.62099E-2 8.17068E-2 8.79975E-2 8.5124E-2 7.34213E-2 5.98757E-2 4.85027E-2 5.05826E-2 4.93803E-2 4.93478E-2 5.36228E-2 5.10863E-2 4.74753E-2 5.50506E-2 5.71489E-2 6.30523E-2 6.63898E-2 6.65888E-2 4.85154E-2 3.90709E-2 3.95143E-2 4.09409E-2 3.8668E-2 4.84317E-2 5.51238E-2 5.69948E-2 5.13561E-2 6.17944E-2 5.32369E-2 6.04673E-2 5.9626E-2 5.61244E-2 8.54303E-2 9.37375E-2 1.13981E-1 1.13796E-1 1.48043E-1 -9999 -9999 -9999 -9999 -9999 -9999 -9999 -9999 -9999
1.10047E-1 1.42701E-1 1.12088E-1 7.96351E-2 5.56256E-2 5.48632E-2 4.99546E-2 5.56602E-2 5.90919E-2 6.01121E-2 6.3661E-2 6.87572E-2 6.37954E-2 9.90099E-2 1.05518E-1 7.66229E-2 7.57262E-2 7.52558E-2 7.60011E-2 6.41211E-2 4.98476E-2 4.08754E-2 4.3963E-2 3.72606E-2 3.99865E-2 5.4617E-2 5.08996E-2 5.33174E-2 5.33244E-2 5.8081E-2 6.03509E-2 6.88447E-2 6.67298E-2 5.26155E-2 5.71723E-2 5.90566E-2 5.18272E-2 4.9377E-2 4.78131E-2 5.92578E-2 6.30127E-2 5.79177E-2 5.45994E-2 6.03675E-2 7.45526E-2 7.03428E-2 8.14492E-2 1.14986E-1 1.50193E-1 1.491E-1 1.73516E-1 1.89626E-1 -9999 -9999 -9999 -9999 -9999 -9999 -9999 -9999 -9999
1.07215E-1 8.50817E-2 6.31915E-2 5.28063E-2 3.77587E-2 3.41096E-2 3.50081E-2 4.27478E-2 4.66101E-2 3.65847E-2 4.24515E-2 4.4312E-2 6.68243E-2 6.62444E-2 7.34504E-2 8.99368E-2 7.1872E-2 6.51885E-2 7.36056E-2 5.93827E-2 5.60109E-2 4.65035E-2 4.60256E-2 3.85595E-2 3.62953E-2 4.05128E-2 3.48811E-2 4.24957E-2 5.89008E-2 6.0671E-2 5.83041E-2 6.065E-2 5.40393E-2 5.03772E-2 5.47293E-2 6.44278E-2 5.19381E-2 5.22873E-2 6.1154E-2 6.62874E-2 7.8039E-2 6.57629E-2 6.16349E-2 7.53527E-2 9.20472E-2 9.36648E-2 1.17305E-1 1.47864E-1 1.83411E-1 1.86856E-1 2.01506E-1 1.97202E-1 -9999 -9999 -9999 -9999 -9999 -9999 -9999 -9999 -9999
6.95554E-2 6.7525E-2 4.98587E-2 3.73666E-2 2.6181E-2 2.50009E-2 2.28861E-2 2.51331E-2 2.85595E-2 2.5834E-2 2.90331E-2 4.31555E-2 4.79378E-2 5.34672E-2 5.93442E-2 6.97347E-2 7.83441E-2 7.85183E-2 7.37868E-2 7.09854E-2 6.1454E-2 5.17789E-2 5.04121E-2 4.22049E-2 4.06952E-2 3.42472E-2 2.89711E-2 3.62777E-2 4.74062E-2 5.58807E-2 4.77152E-2 5.54671E-2 5.19317E-2 4.62002E-2 5.70909E-2 5.57694E-2 5.25421E-2 4.70277E-2 7.34555E-2 7.66973E-2 1.0209E-1 1.1392E-1 7.02191E-2 9.69158E-2 1.15113E-1 1.14161E-1 1.2992E-1 1.69503E-1 2.29013E-1 2.35797E-1 -9999 -9999 -9999 -9999 -9999 -9999 -9999 -9999 -9999 -9999 -9999
5.00757E-2 4.40154E-2 4.06313E-2 3.14178E-2 2.50266E-2 2.08072E-2 1.934E-2 1.83289E-2 1.95032E-2 2.7596E-2 2.84796E-2 3.1282E-2 3.94245E-2 4.45624E-2 4.89936E-2 5.74138E-2 6.53463E-2 6.82599E-2 7.39732E-2 8.24175E-2 7.11624E-2 5.82317E-2 5.52448E-2 4.68374E-2 3.47146E-2 3.15827E-2 3.03838E-2 3.48704E-2 5.19451E-2 5.52844E-2 6.81695E-2 7.65084E-2 5.58221E-2 5.32491E-2 5.70612E-2 6.76835E-2 7.45334E-2 7.20169E-2 1.05496E-1 1.23543E-1 1.2308E-1 1.22666E-1 1.04241E-1 1.27432E-1 1.34456E-1 1.395E-1 1.37624E-1 1.84797E-1 2.4221E-1 2.63998E-1 2.40899E-1 -9999 -9999 -9999 -9999 -9999 -9999 -9999 -9999 -9999 -9999
5.25903E-2 5.12818E-2 4.07614E-2 3.41165E-2 2.60655E-2 2.0142E-2 1.77204E-2 1.44643E-2 1.38147E-2 1.66682E-2 2.05412E-2 2.65417E-2 3.65716E-2 4.66284E-2 5.3655E-2 5.70572E-2 6.12308E-2 6.85491E-2 8.45117E-2 8.83856E-2 7.43752E-2 6.46231E-2 5.73477E-2 6.44405E-2 5.24327E-2 4.88818E-2 4.40173E-2 4.82732E-2 6.0189E-2 7.97053E-2 8.79396E-2 7.98789E-2 5.86694E-2 4.76891E-2 7.02779E-2 7.38776E-2 9.00493E-2 1.05817E-1 1.25795E-1 1.6584E-1 1.51972E-1 1.41654E-1 1.42337E-1 1.23181E-1 1.50853E-1 1.36263E-1 1.38535E-1 1.83849E-1 2.08824E-1 2.37424E-1 2.36207E-1 2.23841E-1 -9999 1.8768E-1 1.73508E-1 -9999 -9999 -9999 -9999 -9999 -9999
4.85235E-2 5.29738E-2 3.58248E-2 3.07823E-2 2.23679E-2 1.87633E-2 1.64076E-2 1.56743E-2 1.53514E-2 1.87946E-2 2.30156E-2 2.80748E-2 3.71436E-2 3.23766E-2 4.39039E-2 5.39565E-2 5.72312E-2 5.41158E-2 6.31593E-2 6.38835E-2 6.4117E-2 5.98374E-2 5.48793E-2 6.02669E-2 5.27195E-2 4.49039E-2 4.51799E-2 5.02976E-2 6.23744E-2 1.05103E-1 9.37441E-2 8.06242E-2 5.75885E-2 4.84362E-2 6.53201E-2 9.54922E-2 1.16083E-1 1.53837E-1 1.56426E-1 1.7374E-1 1.64991E-1 1.53604E-1 1.42605E-1 1.30721E-1 1.61884E-1 1.66072E-1 1.79439E-1 1.99924E-1 2.29131E-1 2.44105E-1 2.27394E-1 2.25642E-1 -9999 -9999 1.80703E-1 1.77405E-1 -9999 -9999 -9999 -9999 -9999
4.34595E-2 3.63507E-2 2.678E-2 2.38349E-2 2.23001E-2 2.0672E-2 1.8388E-2 1.82941E-2 2.14889E-2 2.43884E-2 2.53826E-2 2.89152E-2 2.94732E-2 3.06225E-2 3.96893E-2 4.84776E-2 6.01183E-2 5.45601E-2 5.05455E-2 4.39636E-2 4.73553E-2 4.6694E-2 4.62962E-2 4.78801E-2 4.78103E-2 4.54953E-2 4.84277E-2 6.10088E-2 8.01139E-2 7.92405E-2 6.63022E-2 7.08145E-2 5.36418E-2 6.65588E-2 9.49852E-2 1.074E-1 1.39946E-1 2.04745E-1 2.52642E-1 2.53486E-1 1.96363E-1 1.73408E-1 1.55434E-1 1.4809E-1 1.65382E-1 1.90836E-1 2.26471E-1 2.48924E-1 2.50337E-1 2.58325E-1 2.48002E-1 2.50571E-1 2.52828E-1 2.47448E-1 2.22337E-1 1.9503E-1 -9999 -9999 -9999 -9999 -9999
3.6694E-2 3.1706E-2 2.42017E-2 2.52188E-2 2.99869E-2 2.84582E-2 2.83329E-2 3.02921E-2 2.78904E-2 2.95805E-2 3.11253E-2 2.76169E-2 2.71877E-2 3.37667E-2 3.6856E-2 3.85238E-2 4.14613E-2 5.61312E-2 6.4197E-2 5.74023E-2 4.4529E-2 4.35637E-2 4.82407E-2 4.69847E-2 5.96042E-2 6.48894E-2 7.34581E-2 8.64832E-2 7.86787E-2 5.34137E-2 6.78893E-2 8.03144E-2 6.58322E-2 8.26354E-2 1.1397E-1 1.24571E-1 1.78118E-1 2.51505E-1 2.87329E-1 2.78574E-1 2.17311E-1 1.99035E-1 1.88341E-1 1.8548E-1 1.91434E-1 1.74482E-1 2.05012E-1 2.52393E-1 2.54588E-1 2.71581E-1 2.76871E-1 2.70029E-1 2.55775E-1 2.60891E-1 2.17509E-1 1.56911E-1 -9999 -9999 -9999 -9999 -9999
3.32458E-2 3.1592E-2 3.20842E-2 3.1418E-2 3.58744E-2 3.34105E-2 4.17063E-2 3.8925E-2 3.55713E-2 4.05836E-2 4.22709E-2 4.13678E-2 4.86237E-2 5.18588E-2 5.22147E-2 4.69625E-2 3.78663E-2 3.64812E-2 5.52221E-2 5.92918E-2 6.06209E-2 4.91606E-2 4.43575E-2 7.04695E-2 6.09777E-2 7.07648E-2 7.75378E-2 7.55421E-2 6.33704E-2 6.11273E-2 9.93532E-2 1.17088E-1 9.78354E-2 1.10237E-1 1.43494E-1 1.6682E-1 2.2844E-1 3.12009E-1 3.05633E-1 2.89922E-1 2.98931E-1 2.63095E-1 2.65128E-1 2.1664E-1 2.06786E-1 1.88961E-1 2.03359E-1 2.55892E-1 2.72932E-1 2.15111E-1 2.38627E-1 2.62132E-1 2.31592E-1 1.62795E-1 1.302E-1 -9999 -9999 -9999 -9999 -9999 -9999
4.12463E-2 3.89247E-2 3.62402E-2 3.87195E-2 4.18222E-2 4.0675E-2 4.50262E-2 4.69557E-2 5.14916E-2 5.47644E-2 6.12614E-2 6.06918E-2 6.14155E-2 6.60838E-2 5.35773E-2 5.08318E-2 4.87507E-2 4.57194E-2 5.1867E-2 6.42319E-2 5.70754E-2 4.44268E-2 5.67551E-2 6.35699E-2 6.06944E-2 7.48143E-2 7.62909E-2 6.77876E-2 7.18783E-2 9.50861E-2 1.10965E-1 1.53667E-1 9.54499E-2 1.30926E-1 1.79971E-1 2.3403E-1 3.31862E-1 4.36932E-1 4.08711E-1 3.4359E-1 3.26244E-1 3.10419E-1 2.87349E-1 2.72657E-1 2.42272E-1 2.25122E-1 -9999 -9999 -9999 -9999 2.28328E-1 -9999 -9999 1.53209E-1 1.41214E-1 1.36167E-1 -9999 -9999 -9999 -9999 -9999
4.11487E-2 4.17509E-2 3.87617E-2 5.03637E-2 4.17241E-2 3.97937E-2 4.23862E-2 4.9546E-2 6.51595E-2 6.56479E-2 6.62627E-2 6.43981E-2 7.62576E-2 6.46074E-2 4.38126E-2 5.38138E-2 4.96555E-2 6.33568E-2 5.86612E-2 5.17604E-2 4.24932E-2 4.88693E-2 6.07511E-2 6.35206E-2 7.95068E-2 8.17435E-2 6.88729E-2 9.8358E-2 1.35774E-1 1.64832E-1 1.51763E-1 2.42817E-1 1.75166E-1 2.03381E-1 2.37924E-1 2.94147E-1 4.7857E-1 -9999 -9999 3.52491E-1 3.67924E-1 3.22802E-1 2.91866E-1 2.72835E-1 -9999 2.44973E-1 -9999 -9999 -9999 -9999 -9999 -9999 -9999 -9999 -9999 -9999 -9999 -9999 -9999 -9999 -9999
4.13299E-2 4.1948E-2 4.76054E-2 4.52987E-2 4.58607E-2 4.37034E-2 5.88255E-2 7.74874E-2 6.34668E-2 6.49002E-2 6.50346E-2 7.80009E-2 7.06118E-2 6.2269E-2 7.52183E-2 6.70019E-2 5.97838E-2 6.62221E-2 6.11917E-2 5.67509E-2 5.93253E-2 6.6276E-2 5.90077E-2 7.43385E-2 7.83619E-2 7.27636E-2 9.3184E-2 1.43745E-1 1.74244E-1 2.18865E-1 2.69014E-1 3.43496E-1 2.67727E-1 3.69771E-1 4.11224E-1 4.33155E-1 4.45852E-1 4.07128E-1 3.39848E-1 2.8884E-1 3.29731E-1 2.96825E-1 2.93244E-1 -9999 -9999 -9999 -9999 -9999 -9999 -9999 -9999 -9999 -9999 -9999 -9999 -9999 -9999 -9999 -9999 -9999 -9999
3.81749E-2 4.41363E-2 4.73336E-2 5.37623E-2 5.3469E-2 7.53128E-2 7.23824E-2 7.44279E-2 8.48112E-2 7.27118E-2 8.96516E-2 9.55461E-2 9.52085E-2 8.96512E-2 8.6251E-2 8.22896E-2 7.74609E-2 7.4502E-2 7.90474E-2 8.59027E-2 7.72857E-2 6.97276E-2 6.22096E-2 6.2062E-2 9.14035E-2 8.92804E-2 8.09371E-2 1.11974E-1 1.81264E-1 2.80093E-1 4.08291E-1 4.61009E-1 4.11854E-1 3.05408E-1 3.48852E-1 3.78651E-1 3.85606E-1 3.5808E-1 3.08362E-1 2.49064E-1 -9999 -9999 -9999 -9999 -9999 -9999 -9999 -9999 -9999 -9999 -9999 -9999 -9999 -9999 -9999 -9999 -9999 -9999 -9999 -9999 -9999
5.21308E-2 5.71015E-2 6.12096E-2 6.55463E-2 8.84219E-2 9.57581E-2 8.84822E-2 9.58886E-2 9.71737E-2 9.55826E-2 9.00767E-2 1.05216E-1 1.05432E-1 1.18073E-1 1.03617E-1 1.02507E-1 1.02022E-1 1.12455E-1 1.11828E-1 1.00176E-1 8.09984E-2 8.4502E-2 1.16387E-1 1.14115E-1 1.06565E-1 1.09935E-1 8.28834E-2 1.20146E-1 2.00185E-1 3.09447E-1 4.102E-1 4.5531E-1 4.08048E-1 3.26812E-1 3.38869E-1 3.42453E-1 2.60697E-1 -9999 -9999 -9999 -9999 -9999 -9999 -9999 -9999 -9999 -9999 -9999 -9999 -9999 -9999 -9999 -9999 -9999 -9999 -9999 -9999 -9999 -9999 -9999 -9999
