data/maxent/outputs/red_312.asc
ncols         426
nrows         180
xllcorner     -130.0
yllcorner     24.0
cellsize      0.16666666666666666
NODATA_value  -9999
[rows 81 to 107 of 180, columns 244 to 304 of 426]
1.6442E-1 1.80099E-1 1.97328E-1 1.90587E-1 1.7939E-1 1.73952E-1 1.82087E-1 1.90696E-1 1.93442E-1 1.91063E-1 1.955E-1 1.83553E-1 1.96582E-1 1.95394E-1 2.03859E-1 2.155E-1 2.32996E-1 2.4162E-1 2.49104E-1 2.54282E-1 2.46412E-1 2.46989E-1 2.47176E-1 2.53593E-1 2.34906E-1 2.41592E-1 2.42689E-1 2.39956E-1 2.20389E-1 2.14874E-1 2.22578E-1 2.22441E-1 2.33966E-1 2.7339E-1 2.47086E-1 2.22229E-1 2.08629E-1 2.14389E-1 2.20781E-1 2.68681E-1 2.62903E-1 2.66652E-1 2.70844E-1 2.95388E-1 2.49514E-1 2.53907E-1 2.78106E-1 2.58078E-1 2.60341E-1 2.41081E-1 2.30411E-1 2.36298E-1 2.54715E-1 2.34554E-1 2.24892E-1 2.50645E-1 2.73973E-1 2.49051E-1 2.39667E-1 2.48745E-1 2.97764E-1
1.72848E-1 1.84726E-1 1.94266E-1 2.03043E-1 1.86633E-1 2.00158E-1 2.03883E-1 1.93142E-1 1.93287E-1 2.15281E-1 2.10661E-1 2.12644E-1 2.01586E-1 1.92238E-1 1.91945E-1 2.0408E-1 2.28488E-1 2.3493E-1 2.40726E-1 2.49365E-1 2.40192E-1 2.38087E-1 2.42551E-1 2.41955E-1 2.30031E-1 2.24358E-1 2.2755E-1 2.19523E-1 2.21308E-1 2.26693E-1 2.38839E-1 2.35638E-1 2.49812E-1 2.41168E-1 2.51456E-1 2.38102E-1 2.20067E-1 2.34809E-1 2.54691E-1 2.51531E-1 2.60046E-1 2.66213E-1 2.95688E-1 2.74465E-1 2.72629E-1 2.48692E-1 2.59441E-1 2.73178E-1 2.56725E-1 2.43992E-1 2.31015E-1 2.38346E-1 2.47877E-1 2.29197E-1 2.1962E-1 2.1821E-1 2.29095E-1 2.07834E-1 2.22307E-1 2.73455E-1 3.20788E-1
1.7603E-1 1.9007E-1 2.05922E-1 2.05529E-1 2.0926E-1 2.12334E-1 2.35689E-1 2.07914E-1 2.11184E-1 2.35085E-1 2.34204E-1 2.22275E-1 2.18917E-1 2.13158E-1 2.11071E-1 2.15248E-1 2.40246E-1 2.45457E-1 2.44909E-1 2.61879E-1 2.41901E-1 2.52509E-1 2.51835E-1 2.44526E-1 2.55172E-1 2.51427E-1 2.43354E-1 2.37484E-1 2.22626E-1 2.27117E-1 2.31755E-1 2.45361E-1 2.81701E-1 2.63157E-1 2.57828E-1 2.07363E-1 2.29229E-1 2.6145E-1 2.69733E-1 2.70259E-1 2.82946E-1 2.83892E-1 2.83783E-1 2.65516E-1 2.60877E-1 2.66986E-1 2.51745E-1 2.27675E-1 2.44854E-1 2.37245E-1 2.20173E-1 2.52644E-1 2.49231E-1 2.4869E-1 2.2719E-1 2.08283E-1 2.14782E-1 2.22576E-1 2.21924E-1 3.30826E-1 4.22775E-1
1.86009E-1 1.97284E-1 2.22719E-1 2.14203E-1 2.09792E-1 2.12128E-1 2.17227E-1 2.22562E-1 2.1125E-1 2.13943E-1 2.20038E-1 2.41247E-1 2.53099E-1 2.54855E-1 2.38537E-1 2.33718E-1 2.4938E-1 2.6318E-1 2.94652E-1 2.96445E-1 2.7088E-1 2.59034E-1 2.58118E-1 2.76681E-1 2.66522E-1 2.68158E-1 2.67103E-1 2.68092E-1 2.27974E-1 2.34512E-1 2.73312E-1 2.72276E-1 2.73703E-1 2.72721E-1 2.6082E-1 2.39037E-1 2.38318E-1 2.51914E-1 2.45373E-1 2.4941E-1 2.53019E-1 2.73992E-1 2.77255E-1 2.67347E-1 2.44095E-1 2.51761E-1 2.33138E-1 2.47093E-1 2.43435E-1 2.26158E-1 2.45267E-1 2.44244E-1 2.47492E-1 2.54792E-1 2.32516E-1 2.10926E-1 2.01785E-1 2.17052E-1 3.42473E-1 3.56889E-1 3.02222E-1
2.01499E-1 2.05333E-1 2.2283E-1 2.10978E-1 2.10881E-1 2.18465E-1 2.16692E-1 2.221E-1 2.12437E-1 2.12752E-1 2.29472E-1 2.38088E-1 2.6492E-1 2.71828E-1 2.59088E-1 2.51857E-1 2.52724E-1 2.64831E-1 2.82518E-1 2.92928E-1 2.60519E-1 2.71323E-1 2.77267E-1 2.70986E-1 2.85505E-1 2.78984E-1 2.81122E-1 2.68481E-1 2.48914E-1 2.54781E-1 2.89612E-1 2.87539E-1 2.79445E-1 2.64401E-1 2.56668E-1 2.33868E-1 2.41793E-1 2.30308E-1 2.22874E-1 2.57277E-1 2.53185E-1 2.5417E-1 2.8429E-1 2.74096E-1 2.63425E-1 2.40565E-1 2.27576E-1 2.29947E-1 2.35138E-1 2.29641E-1 2.52489E-1 2.55705E-1 2.65874E-1 2.76644E-1 2.46994E-1 2.29717E-1 2.15617E-1 3.29393E-1 3.15573E-1 3.40383E-1 3.95405E-1
2.18648E-1 2.11053E-1 2.14006E-1 2.27706E-1 2.32335E-1 2.2045E-1 2.12421E-1 2.37307E-1 2.26722E-1 2.42643E-1 2.40548E-1 2.55392E-1 2.49923E-1 2.63914E-1 2.70453E-1 2.63162E-1 2.41467E-1 2.74909E-1 2.7908E-1 2.67737E-1 2.51271E-1 2.63361E-1 2.74631E-1 2.87401E-1 3.1759E-1 3.05047E-1 2.77538E-1 2.84042E-1 2.74656E-1 2.80468E-1 2.97486E-1 3.06301E-1 3.1633E-1 3.08047E-1 2.85058E-1 2.58302E-1 2.40678E-1 2.15112E-1 2.22992E-1 2.50936E-1 2.95911E-1 2.68415E-1 2.79233E-1 2.64476E-1 2.53723E-1 2.32692E-1 2.16882E-1 2.18539E-1 2.2293E-1 2.17877E-1 2.35886E-1 2.48017E-1 2.74888E-1 2.85875E-1 2.63155E-1 2.34894E-1 2.86297E-1 3.48704E-1 3.68454E-1 4.17513E-1 3.97043E-1
2.30715E-1 2.25034E-1 2.23365E-1 2.43904E-1 2.24441E-1 2.27726E-1 2.35838E-1 2.48033E-1 2.37616E-1 2.60734E-1 2.51493E-1 2.48705E-1 2.5431E-1 2.54577E-1 2.93402E-1 2.83838E-1 2.74233E-1 2.94202E-1 3.00055E-1 2.8664E-1 2.60398E-1 2.5814E-1 2.66295E-1 3.04395E-1 3.38955E-1 3.36582E-1 3.06194E-1 2.79015E-1 2.69186E-1 2.70758E-1 2.86957E-1 3.34673E-1 3.33003E-1 2.82164E-1 2.93611E-1 2.79593E-1 2.54917E-1 2.46849E-1 2.4098E-1 2.7594E-1 2.89005E-1 2.60708E-1 2.61428E-1 2.55803E-1 2.44251E-1 2.22605E-1 2.19381E-1 2.23117E-1 2.33622E-1 2.22803E-1 2.16516E-1 2.32276E-1 2.63129E-1 2.59955E-1 2.25237E-1 2.50924E-1 3.09664E-1 3.77297E-1 4.52746E-1 4.15679E-1 4.0035E-1
2.19306E-1 2.31483E-1 2.28295E-1 2.32272E-1 2.32322E-1 2.27692E-1 2.31559E-1 2.36265E-1 2.38108E-1 2.37909E-1 2.42105E-1 2.3916E-1 2.46328E-1 2.39488E-1 2.59929E-1 2.84511E-1 2.89054E-1 3.41779E-1 3.44193E-1 3.56152E-1 2.70228E-1 2.64896E-1 2.82301E-1 3.11376E-1 3.26316E-1 3.40729E-1 3.15031E-1 2.80332E-1 3.05859E-1 2.9812E-1 3.00807E-1 3.27598E-1 3.21306E-1 3.23157E-1 3.2054E-1 2.9873E-1 3.05389E-1 2.78915E-1 2.42975E-1 2.53262E-1 2.49682E-1 2.36087E-1 2.31949E-1 2.3027E-1 2.30936E-1 2.27935E-1 2.27172E-1 2.24423E-1 2.42523E-1 2.22797E-1 2.28881E-1 2.36202E-1 2.54917E-1 2.27956E-1 2.19758E-1 2.51511E-1 3.0595E-1 4.55368E-1 4.6359E-1 4.42221E-1 4.34119E-1
2.10337E-1 2.17304E-1 2.29098E-1 2.23707E-1 2.3337E-1 2.2963E-1 2.32217E-1 2.37091E-1 2.32166E-1 2.36257E-1 2.53398E-1 2.43916E-1 2.84283E-1 2.45471E-1 2.58587E-1 3.05192E-1 3.14338E-1 3.89185E-1 3.55325E-1 3.31962E-1 2.74157E-1 2.87912E-1 3.04531E-1 3.33683E-1 3.42428E-1 3.31272E-1 3.0428E-1 3.07416E-1 3.24683E-1 3.06193E-1 3.11301E-1 3.2688E-1 3.28556E-1 3.21994E-1 3.13683E-1 2.92987E-1 3.07962E-1 2.50757E-1 2.38198E-1 2.53719E-1 2.24182E-1 2.22751E-1 2.11348E-1 2.25717E-1 2.18122E-1 2.51237E-1 2.5237E-1 2.23865E-1 2.37551E-1 2.36782E-1 2.42822E-1 2.29609E-1 2.58276E-1 2.33401E-1 2.55863E-1 2.98419E-1 3.4814E-1 4.34603E-1 4.95998E-1 5.30297E-1 3.47304E-1
1.99234E-1 2.0211E-1 2.12618E-1 2.06543E-1 2.23479E-1 2.23032E-1 2.35304E-1 2.2657E-1 2.29101E-1 2.51357E-1 2.53509E-1 2.38593E-1 2.6801E-1 2.4518E-1 2.7892E-1 3.32888E-1 3.08303E-1 3.25489E-1 3.59038E-1 3.09859E-1 2.66625E-1 2.93376E-1 3.12973E-1 3.38403E-1 3.40239E-1 3.3303E-1 3.20811E-1 3.0753E-1 2.99969E-1 2.96738E-1 3.10971E-1 3.17306E-1 3.11404E-1 3.09136E-1 2.8604E-1 2.66925E-1 2.90738E-1 2.44282E-1 2.41754E-1 2.18351E-1 2.20753E-1 2.13415E-1 2.07997E-1 2.23135E-1 2.28463E-1 2.38401E-1 2.54566E-1 2.44189E-1 2.37628E-1 2.37909E-1 2.37318E-1 2.43132E-1 2.51145E-1 2.96137E-1 2.82928E-1 3.83759E-1 3.7381E-1 5.15731E-1 4.97266E-1 4.95498E-1 2.95419E-1
2.40244E-1 1.94042E-1 2.05881E-1 2.14366E-1 2.18469E-1 2.24683E-1 2.33131E-1 2.5761E-1 2.50973E-1 2.59461E-1 2.59307E-1 2.72238E-1 2.66418E-1 2.65121E-1 2.99557E-1 3.34835E-1 3.29824E-1 2.93271E-1 3.23524E-1 3.45834E-1 3.05186E-1 2.86348E-1 3.07283E-1 3.45962E-1 3.46366E-1 3.30153E-1 3.17014E-1 3.10722E-1 3.12097E-1 2.93056E-1 2.89897E-1 2.94089E-1 2.84621E-1 2.85511E-1 2.79254E-1 2.82322E-1 3.05641E-1 2.63378E-1 2.21765E-1 2.18768E-1 2.5391E-1 2.19866E-1 2.23464E-1 2.33848E-1 2.31139E-1 2.41917E-1 2.37318E-1 2.51966E-1 2.48498E-1 2.53651E-1 2.57462E-1 2.74695E-1 2.51328E-1 3.51568E-1 4.57332E-1 5.99887E-1 5.02546E-1 6.93548E-1 7.03743E-1 3.63582E-1 2.65743E-1
1.95688E-1 1.96065E-1 2.05805E-1 2.16918E-1 2.2875E-1 2.21921E-1 2.45786E-1 2.55087E-1 2.56762E-1 2.65247E-1 2.65695E-1 2.79017E-1 3.02943E-1 3.08762E-1 3.04422E-1 3.37622E-1 3.26731E-1 3.17427E-1 3.25359E-1 3.23212E-1 3.794E-1 3.1231E-1 3.12504E-1 3.5422E-1 3.4296E-1 3.24048E-1 3.27501E-1 3.25357E-1 3.26489E-1 2.89353E-1 2.80806E-1 2.75405E-1 2.72623E-1 2.59093E-1 2.56652E-1 2.84437E-1 2.76643E-1 2.6963E-1 2.36584E-1 2.32061E-1 2.4757E-1 2.26752E-1 2.43638E-1 2.36668E-1 2.29402E-1 2.28535E-1 2.32302E-1 2.45813E-1 2.51043E-1 2.68933E-1 2.46953E-1 3.10201E-1 4.06403E-1 4.70254E-1 6.38962E-1 7.01512E-1 8.34255E-1 6.84173E-1 6.06151E-1 3.78811E-1 2.90858E-1
1.78944E-1 2.10809E-1 2.3012E-1 2.30525E-1 2.25374E-1 2.32619E-1 2.511E-1 2.56286E-1 2.58503E-1 3.08632E-1 2.99653E-1 3.01368E-1 3.24015E-1 2.97592E-1 2.9919E-1 3.45343E-1 3.90218E-1 3.56744E-1 3.09126E-1 3.02264E-1 3.43537E-1 2.77445E-1 3.18073E-1 3.33192E-1 3.21346E-1 3.06177E-1 3.03513E-1 3.19787E-1 3.15961E-1 2.83545E-1 2.65297E-1 2.68053E-1 2.54578E-1 2.44638E-1 2.73363E-1 3.14038E-1 2.80303E-1 2.51153E-1 2.29478E-1 2.16402E-1 2.41787E-1 2.39074E-1 2.34623E-1 2.32252E-1 2.29155E-1 2.25983E-1 2.28004E-1 2.54147E-1 2.83668E-1 2.80717E-1 3.39513E-1 4.35627E-1 4.47374E-1 5.52901E-1 7.93075E-1 7.93716E-1 6.6641E-1 6.73129E-1 5.49577E-1 3.74628E-1 4.46822E-1
2.05818E-1 2.20805E-1 2.51042E-1 2.46255E-1 2.49272E-1 2.54734E-1 2.5632E-1 2.71438E-1 3.03734E-1 2.95144E-1 2.84884E-1 2.95733E-1 3.3559E-1 3.13619E-1 2.96518E-1 3.37432E-1 3.54799E-1 3.07699E-1 3.10985E-1 2.73021E-1 3.18338E-1 3.20314E-1 3.25478E-1 3.01085E-1 2.74228E-1 2.94002E-1 2.8516E-1 2.63155E-1 2.59468E-1 2.55387E-1 2.36111E-1 2.43874E-1 2.48078E-1 2.39999E-1 2.58786E-1 2.91339E-1 2.76224E-1 2.41631E-1 2.31144E-1 2.33719E-1 2.31267E-1 2.45015E-1 2.40282E-1 2.38326E-1 2.45091E-1 2.45908E-1 2.74113E-1 2.88278E-1 2.99416E-1 3.29088E-1 3.30151E-1 3.91599E-1 4.5604E-1 7.07032E-1 8.33546E-1 5.29778E-1 5.11295E-1 5.69482E-1 3.86475E-1 3.82785E-1 3.26654E-1
2.46823E-1 2.47378E-1 2.91327E-1 2.74051E-1 3.01214E-1 2.99908E-1 2.99765E-1 2.87863E-1 3.42322E-1 3.31822E-1 3.35137E-1 3.11442E-1 3.04369E-1 2.91587E-1 3.03167E-1 2.98541E-1 3.22503E-1 2.95089E-1 2.82995E-1 2.51089E-1 2.72017E-1 2.93672E-1 2.80212E-1 2.82207E-1 2.83695E-1 2.91582E-1 2.69388E-1 2.48241E-1 2.45833E-1 2.49511E-1 2.34304E-1 2.38965E-1 2.3088E-1 2.41172E-1 3.06045E-1 3.40871E-1 2.69008E-1 2.51808E-1 2.40537E-1 2.44419E-1 2.25434E-1 2.66472E-1 2.5947E-1 2.57616E-1 2.81298E-1 3.10031E-1 2.95495E-1 3.52843E-1 3.7407E-1 3.18636E-1 3.94356E-1 4.801E-1 5.89357E-1 5.20266E-1 4.14099E-1 5.19732E-1 4.2115E-1 4.19504E-1 3.05622E-1 3.22364E-1 2.96615E-1
2.61811E-1 2.74884E-1 2.79836E-1 3.00792E-1 3.21502E-1 3.14728E-1 3.28015E-1 3.40725E-1 3.41251E-1 3.55537E-1 3.42891E-1 3.11979E-1 2.86634E-1 2.78265E-1 2.94503E-1 3.02857E-1 3.01133E-1 2.75706E-1 2.45136E-1 2.44168E-1 2.54285E-1 2.68292E-1 2.97014E-1 2.68772E-1 2.73994E-1 2.80459E-1 2.60757E-1 2.46588E-1 2.40627E-1 2.33096E-1 2.25611E-1 2.19205E-1 2.18806E-1 2.71397E-1 2.80636E-1 2.50069E-1 2.33592E-1 2.48905E-1 2.3096E-1 2.21389E-1 2.21311E-1 2.46527E-1 2.7647E-1 3.00358E-1 3.38201E-1 3.36068E-1 3.83197E-1 4.11463E-1 3.69375E-1 3.42065E-1 4.57309E-1 4.08099E-1 3.50596E-1 2.52853E-1 3.7953E-1 4.11691E-1 4.32224E-1 3.35243E-1 4.05937E-1 2.91119E-1 3.07782E-1
2.97711E-1 3.21829E-1 3.15802E-1 3.37263E-1 3.30263E-1 3.29485E-1 3.03415E-1 3.18939E-1 3.34784E-1 3.13386E-1 2.94039E-1 2.91549E-1 2.86767E-1 2.90646E-1 2.79594E-1 2.98348E-1 2.7958E-1 2.76956E-1 2.7091E-1 2.52725E-1 2.53164E-1 2.71309E-1 2.63789E-1 2.54545E-1 2.58912E-1 2.76794E-1 2.52228E-1 2.47022E-1 2.33277E-1 2.33286E-1 2.18686E-1 2.0757E-1 2.45686E-1 2.68234E-1 2.50453E-1 2.35564E-1 2.33112E-1 2.18541E-1 2.36051E-1 2.12501E-1 2.17884E-1 2.26827E-1 2.69279E-1 3.28712E-1 3.51227E-1 3.94856E-1 4.20194E-1 3.78046E-1 3.69918E-1 4.06825E-1 3.62063E-1 3.43098E-1 2.38326E-1 2.52185E-1 4.00651E-1 2.75783E-1 3.84268E-1 3.35281E-1 3.79402E-1 2.57955E-1 5.68722E-1
3.63727E-1 3.77236E-1 3.77372E-1 3.63348E-1 3.84312E-1 3.87206E-1 3.47761E-1 3.22041E-1 2.99236E-1 3.12787E-1 3.02932E-1 2.79167E-1 2.63919E-1 2.67646E-1 2.81758E-1 2.83531E-1 2.85914E-1 2.93291E-1 2.72619E-1 2.64492E-1 2.36746E-1 2.65001E-1 2.75099E-1 2.6452E-1 2.63698E-1 2.80795E-1 3.00004E-1 2.51216E-1 2.253E-1 2.38998E-1 2.57045E-1 2.64573E-1 2.51176E-1 2.17068E-1 2.16845E-1 2.33565E-1 2.22077E-1 2.2316E-1 2.24455E-1 2.13216E-1 2.17273E-1 2.58394E-1 3.05503E-1 3.02876E-1 3.18829E-1 3.39474E-1 3.33445E-1 3.38539E-1 4.17712E-1 4.08703E-1 3.07258E-1 2.19491E-1 2.38745E-1 3.10899E-1 3.95941E-1 3.58376E-1 2.72833E-1 2.77277E-1 3.98142E-1 4.73394E-1 3.58277E-1
3.47189E-1 3.29047E-1 3.3111E-1 3.33734E-1 3.45632E-1 3.3887E-1 3.22841E-1 3.26372E-1 3.04915E-1 2.97958E-1 3.07774E-1 2.67779E-1 2.48104E-1 2.52221E-1 2.49268E-1 2.67379E-1 2.75821E-1 2.848E-1 2.75619E-1 2.70301E-1 2.75988E-1 2.75729E-1 2.88041E-1 2.787E-1 2.78969E-1 3.03502E-1 3.11038E-1 2.8866E-1 2.79442E-1 2.62833E-1 2.79928E-1 2.68845E-1 2.45422E-1 2.11891E-1 2.44348E-1 2.33585E-1 2.33899E-1 2.39749E-1 2.75707E-1 2.64802E-1 2.62805E-1 2.68417E-1 3.06027E-1 3.25392E-1 3.57978E-1 3.50823E-1 3.34566E-1 3.75323E-1 3.92706E-1 3.06921E-1 2.92853E-1 2.51307E-1 4.15743E-1 3.59329E-1 3.4008E-1 3.54541E-1 2.77557E-1 3.1984E-1 4.13425E-1 3.3116E-1 3.40962E-1
3.18391E-1 2.98932E-1 3.10687E-1 2.99734E-1 3.28431E-1 3.37314E-1 3.08801E-1 3.12331E-1 3.11611E-1 3.14562E-1 3.1292E-1 2.91269E-1 2.68573E-1 2.49003E-1 2.43025E-1 2.47136E-1 2.61398E-1 2.68706E-1 2.80665E-1 2.85628E-1 2.66454E-1 2.4316E-1 2.57703E-1 2.59577E-1 3.05236E-1 2.78882E-1 2.84033E-1 2.96965E-1 2.64332E-1 2.56535E-1 2.50589E-1 2.27615E-1 2.25027E-1 2.25332E-1 2.63109E-1 2.64426E-1 2.68804E-1 3.00407E-1 3.09085E-1 3.35783E-1 3.43424E-1 3.26274E-1 3.13307E-1 3.34547E-1 3.869E-1 4.25426E-1 3.76988E-1 4.16968E-1 3.83538E-1 3.56981E-1 3.51144E-1 2.79794E-1 2.48151E-1 2.54607E-1 3.1263E-1 3.78739E-1 2.99611E-1 3.08756E-1 2.88295E-1 2.98714E-1 3.39748E-1
3.09114E-1 3.33013E-1 2.87212E-1 3.01345E-1 3.29208E-1 3.31702E-1 3.43161E-1 3.59205E-1 3.15988E-1 3.35928E-1 3.33995E-1 3.11967E-1 2.79306E-1 2.73908E-1 2.56806E-1 2.62495E-1 2.71205E-1 2.63864E-1 2.47399E-1 2.59302E-1 2.43772E-1 2.58088E-1 2.66285E-1 2.73984E-1 2.70142E-1 2.83941E-1 2.95593E-1 2.81204E-1 2.72239E-1 2.58793E-1 2.44565E-1 2.15635E-1 2.29227E-1 2.56915E-1 2.87932E-1 3.26139E-1 3.50723E-1 3.81609E-1 3.50116E-1 4.03042E-1 3.43835E-1 3.31803E-1 3.55415E-1 3.66823E-1 3.77361E-1 3.95342E-1 4.31814E-1 4.64523E-1 4.14075E-1 3.49744E-1 3.10153E-1 2.34256E-1 2.3546E-1 2.36656E-1 3.47532E-1 4.42484E-1 3.36281E-1 3.78588E-1 5.25028E-1 3.88696E-1 3.62742E-1
2.63539E-1 3.273E-1 3.04665E-1 3.23563E-1 3.3448E-1 3.32864E-1 4.10569E-1 4.1046E-1 3.76917E-1 3.08772E-1 3.32838E-1 3.22322E-1 2.99793E-1 2.79792E-1 2.7257E-1 2.8453E-1 2.66226E-1 2.59374E-1 2.55653E-1 2.62331E-1 2.49234E-1 2.60529E-1 2.73154E-1 2.79235E-1 2.63387E-1 3.53062E-1 3.45903E-1 2.94079E-1 3.05155E-1 2.81722E-1 2.72282E-1 2.32807E-1 2.32349E-1 2.79489E-1 3.76642E-1 4.00688E-1 4.21206E-1 4.71352E-1 4.9887E-1 3.90583E-1 4.58459E-1 3.38934E-1 3.03213E-1 3.62455E-1 4.49434E-1 4.56348E-1 3.56606E-1 3.98443E-1 3.11976E-1 2.73455E-1 2.27807E-1 2.71028E-1 3.2305E-1 3.38716E-1 3.68288E-1 3.72326E-1 3.46449E-1 3.55494E-1 3.69571E-1 3.75308E-1 3.38325E-1
2.95083E-1 3.36672E-1 3.16808E-1 3.38567E-1 3.55156E-1 3.44471E-1 3.38632E-1 4.02603E-1 3.78388E-1 3.24387E-1 3.20088E-1 3.0148E-1 2.69586E-1 2.50041E-1 2.54155E-1 2.62225E-1 2.7265E-1 2.80587E-1 2.88833E-1 2.8175E-1 2.61533E-1 2.69606E-1 2.64525E-1 2.50618E-1 2.73678E-1 3.14085E-1 3.03685E-1 3.03012E-1 2.9993E-1 2.93802E-1 2.71021E-1 2.55247E-1 2.91567E-1 3.34525E-1 3.16929E-1 4.01179E-1 3.32601E-1 3.09068E-1 3.18439E-1 3.3555E-1 2.57374E-1 2.63108E-1 2.83865E-1 3.25198E-1 2.966E-1 3.13608E-1 4.72449E-1 5.54754E-1 4.64232E-1 3.50228E-1 2.69427E-1 2.88171E-1 3.19209E-1 4.63214E-1 4.15213E-1 3.61933E-1 3.27398E-1 3.66648E-1 3.29298E-1 3.40115E-1 3.49807E-1
3.48191E-1 3.33289E-1 3.30536E-1 3.31937E-1 3.27302E-1 3.36804E-1 3.21518E-1 3.8687E-1 3.45363E-1 3.19456E-1 3.14128E-1 2.98517E-1 2.74246E-1 2.65187E-1 2.69808E-1 2.73452E-1 2.89425E-1 3.0952E-1 3.18552E-1 3.12564E-1 2.87793E-1 2.77035E-1 2.65067E-1 3.01357E-1 3.12964E-1 2.79775E-1 3.58119E-1 3.49832E-1 3.57504E-1 3.66464E-1 3.86679E-1 2.92093E-1 3.74841E-1 3.34494E-1 2.77631E-1 2.54933E-1 2.36261E-1 2.34554E-1 2.38611E-1 2.24976E-1 2.24827E-1 2.26713E-1 2.40547E-1 2.73281E-1 4.45505E-1 5.43129E-1 6.87795E-1 5.20572E-1 4.05505E-1 3.16371E-1 3.26896E-1 3.56719E-1 3.29115E-1 3.91494E-1 3.45717E-1 2.97398E-1 3.18833E-1 2.91719E-1 3.07421E-1 3.05703E-1 2.98928E-1
3.69446E-1 3.20869E-1 3.32159E-1 3.11156E-1 2.97622E-1 2.94912E-1 2.88002E-1 3.8022E-1 3.21567E-1 2.90152E-1 2.87351E-1 2.83013E-1 2.65691E-1 2.67995E-1 2.64085E-1 2.66539E-1 2.6355E-1 2.66118E-1 2.67437E-1 2.78495E-1 3.0395E-1 2.72734E-1 2.61496E-1 2.8792E-1 2.92805E-1 3.08336E-1 3.3989E-1 3.29759E-1 3.4687E-1 3.81786E-1 3.81108E-1 2.83911E-1 2.95669E-1 2.44349E-1 2.29533E-1 2.26299E-1 2.31162E-1 2.09632E-1 1.84838E-1 2.15732E-1 2.03679E-1 2.19755E-1 2.35831E-1 4.53524E-1 4.73118E-1 5.63542E-1 6.60782E-1 5.15183E-1 5.15946E-1 4.68846E-1 3.91657E-1 2.95162E-1 3.10342E-1 3.56999E-1 3.62785E-1 2.84294E-1 2.69491E-1 2.91631E-1 2.99917E-1 3.03344E-1 3.09369E-1
3.32331E-1 3.25974E-1 3.1332E-1 2.85374E-1 2.75959E-1 2.79581E-1 2.60118E-1 2.85274E-1 3.26939E-1 2.71138E-1 2.81459E-1 2.90104E-1 2.63238E-1 2.42644E-1 2.45264E-1 2.6236E-1 2.72995E-1 2.38703E-1 2.38933E-1 2.59383E-1 2.69744E-1 2.88176E-1 2.85699E-1 3.01285E-1 3.56524E-1 3.85125E-1 3.48278E-1 3.05751E-1 3.55561E-1 4.09359E-1 3.77611E-1 2.57648E-1 2.67967E-1 2.285E-1 1.99063E-1 2.52408E-1 2.2801E-1 1.59002E-1 1.63069E-1 1.83711E-1 1.91368E-1 2.8675E-1 3.46998E-1 5.31197E-1 5.28822E-1 5.99037E-1 5.84344E-1 5.74603E-1 4.21575E-1 3.28739E-1 3.07817E-1 2.91253E-1 2.8969E-1 2.89936E-1 2.84516E-1 2.84592E-1 2.80139E-1 2.98403E-1 2.83606E-1 2.94978E-1 3.02192E-1
3.23906E-1 3.15364E-1 2.99142E-1 2.81043E-1 2.71627E-1 2.75021E-1 2.47814E-1 2.53076E-1 3.04176E-1 2.44681E-1 2.76272E-1 2.83666E-1 2.6712E-1 2.43894E-1 2.62062E-1 3.07798E-1 3.04498E-1 2.36199E-1 2.65535E-1 2.84091E-1 2.87391E-1 3.24316E-1 2.92184E-1 3.55991E-1 4.42953E-1 4.285E-1 3.66447E-1 3.18882E-1 2.78385E-1 3.24983E-1 2.32128E-1 1.82968E-1 1.98522E-1 1.63602E-1 1.66155E-1 1.92427E-1 1.59625E-1 1.5633E-1 1.83682E-1 2.59425E-1 4.03236E-1 4.2448E-1 5.24281E-1 7.36617E-1 6.28378E-1 6.16368E-1 5.54156E-1 4.4096E-1 4.01559E-1 4.51887E-1 3.44426E-1 2.78659E-1 2.60526E-1 2.82451E-1 2.95355E-1 2.64753E-1 2.91783E-1 2.95132E-1 2.57762E-1 2.56687E-1 2.86817E-1
