data/maxent/outputs/red_269.asc
ncols         426
nrows         180
xllcorner     -130.0
yllcorner     24.0
cellsize      0.16666666666666666
NODATA_value  -9999
[rows 135 to 161 of 180, columns 122 to 182 of 426]
6.64377E-2 1.41229E-1 6.68936E-2 1.40171E-1 9.30846E-2 1.32209E-1 7.88977E-2 9.93169E-2 8.09156E-2 4.25158E-2 5.59763E-2 6.63299E-2 3.78932E-2 2.51435E-2 2.35493E-2 1.80613E-2 1.48634E-2 1.46531E-2 1.53844E-2 1.57696E-2 1.46537E-2 9.09362E-3 8.25455E-3 1.61001E-2 3.4552E-2 2.64275E-2 3.16363E-2 6.5673E-2 1.35048E-1 3.54627E-2 1.11177E-1 8.06886E-2 6.04944E-2 4.09892E-2 3.25079E-2 3.1144E-2 2.56932E-2 2.32234E-2 2.56355E-2 2.27767E-2 2.19106E-2 2.59833E-2 3.70375E-2 5.89518E-2 8.64548E-2 9.57168E-2 1.06042E-1 1.01996E-1 1.09927E-1 1.10347E-1 1.17576E-1 1.38764E-1 1.61419E-1 1.74968E-1 1.98271E-1 2.12802E-1 2.13841E-1 2.31247E-1 2.5715E-1 2.71693E-1 2.84465E-1
1.09892E-1 1.70805E-1 7.85672E-2 1.50352E-1 1.78428E-1 2.92226E-1 8.26155E-2 9.2248E-2 8.616E-2 5.80781E-2 5.36972E-2 8.12899E-2 6.46652E-2 4.34814E-2 5.71682E-2 2.6853E-2 1.95421E-2 1.57633E-2 1.93166E-2 1.84216E-2 3.66165E-2 1.69872E-2 1.94899E-2 9.90575E-3 1.87983E-2 4.11883E-2 4.12869E-2 8.18217E-2 1.35655E-1 5.99765E-2 7.31439E-2 1.10181E-1 7.50868E-2 5.64322E-2 5.00267E-2 3.95834E-2 2.92774E-2 2.94643E-2 3.08232E-2 2.79749E-2 2.68255E-2 2.7973E-2 4.10179E-2 7.10623E-2 1.15031E-1 1.09947E-1 1.1835E-1 1.26451E-1 1.26263E-1 1.31451E-1 1.37458E-1 1.60586E-1 1.75662E-1 1.85019E-1 2.09987E-1 2.26336E-1 2.50189E-1 2.42213E-1 2.63883E-1 2.65007E-1 2.70732E-1
1.20749E-1 1.26303E-1 6.67793E-2 2.2252E-1 3.39664E-1 2.04342E-1 1.2611E-1 8.98016E-2 7.86586E-2 6.35252E-2 5.09305E-2 1.00013E-1 9.43215E-2 6.43282E-2 5.20037E-2 4.97418E-2 2.5142E-2 2.11629E-2 3.54564E-2 3.17318E-2 3.73912E-2 2.15094E-2 5.33249E-2 1.62494E-2 1.53151E-2 3.91739E-2 3.08505E-2 5.06441E-2 9.28817E-2 5.2017E-2 5.42028E-2 9.54162E-2 1.02768E-1 1.16778E-1 7.95642E-2 5.31838E-2 3.87383E-2 3.60266E-2 3.78198E-2 3.78965E-2 4.05707E-2 4.74707E-2 6.55841E-2 8.31139E-2 1.15103E-1 1.33269E-1 1.3167E-1 1.24525E-1 1.30536E-1 1.35183E-1 1.39072E-1 1.51121E-1 1.75605E-1 1.95077E-1 2.20351E-1 2.31186E-1 2.42468E-1 2.41995E-1 2.52194E-1 2.53689E-1 2.56411E-1
9.5617E-2 1.77669E-1 8.02455E-2 2.61462E-1 2.73426E-1 1.10556E-1 7.9084E-2 8.44966E-2 9.76901E-2 1.18311E-1 1.11558E-1 1.37687E-1 9.63814E-2 5.44393E-2 4.91045E-2 5.02526E-2 2.83386E-2 2.7586E-2 4.61902E-2 3.08186E-2 3.62272E-2 4.35974E-2 3.05841E-2 4.51239E-2 2.65438E-2 2.80299E-2 2.83447E-2 1.001E-1 5.73345E-2 6.38921E-2 6.95999E-2 1.06968E-1 1.89713E-1 2.63177E-1 1.21785E-1 1.03271E-1 7.19383E-2 6.66474E-2 5.64783E-2 5.70096E-2 6.23049E-2 7.34617E-2 9.33715E-2 1.09194E-1 1.27811E-1 1.33146E-1 1.22115E-1 1.28713E-1 1.33463E-1 1.38933E-1 1.47978E-1 1.48095E-1 1.66834E-1 1.86993E-1 2.12526E-1 2.20467E-1 2.22596E-1 2.23271E-1 2.21568E-1 2.24969E-1 2.42605E-1
1.30112E-1 2.13224E-1 1.85812E-1 1.59756E-1 3.15933E-1 2.05566E-1 1.84659E-1 1.36428E-1 1.34065E-1 1.23243E-1 7.58634E-2 1.27091E-1 8.82184E-2 5.70676E-2 4.55515E-2 4.83099E-2 2.66245E-2 5.4081E-2 3.21944E-2 2.84453E-2 4.44792E-2 3.7004E-2 2.57285E-2 4.21783E-2 7.7073E-2 4.76927E-2 2.83501E-2 3.11301E-2 6.21949E-2 6.11533E-2 6.78431E-2 1.11102E-1 2.54876E-1 3.08328E-1 3.18707E-1 2.02681E-1 1.4221E-1 8.77545E-2 7.1473E-2 7.21472E-2 7.77457E-2 8.12347E-2 9.48955E-2 1.07263E-1 1.09002E-1 1.10522E-1 1.07021E-1 1.20926E-1 1.44952E-1 1.48375E-1 1.6061E-1 1.65744E-1 1.78163E-1 1.94023E-1 2.05105E-1 2.21321E-1 2.38532E-1 2.51392E-1 2.38314E-1 2.34888E-1 2.4274E-1
2.03018E-1 2.41109E-1 3.75473E-1 3.60445E-1 2.57782E-1 3.37223E-1 4.22308E-1 2.70201E-1 1.54029E-1 1.1444E-1 8.18872E-2 1.47978E-1 1.08871E-1 5.8441E-2 4.37721E-2 5.99381E-2 4.84436E-2 5.47937E-2 4.34929E-2 6.35986E-2 7.76844E-2 6.16206E-2 4.13312E-2 3.35815E-2 4.15992E-2 5.11135E-2 3.88825E-2 2.76365E-2 4.20764E-2 6.71393E-2 5.18442E-2 7.36675E-2 2.23889E-1 2.79266E-1 1.6493E-1 2.05344E-1 1.65634E-1 1.02326E-1 1.02371E-1 1.20571E-1 1.11846E-1 9.86412E-2 9.46838E-2 1.00227E-1 8.99415E-2 9.37908E-2 1.07774E-1 1.20056E-1 1.49227E-1 1.61244E-1 1.72472E-1 1.79989E-1 1.91452E-1 2.06961E-1 2.16726E-1 2.24763E-1 2.48633E-1 2.33375E-1 2.18061E-1 2.14223E-1 2.37684E-1
2.49789E-1 3.53755E-1 3.60709E-1 4.04326E-1 2.43022E-1 3.31085E-1 4.30673E-1 3.52069E-1 2.59923E-1 1.62385E-1 9.01416E-2 1.06047E-1 9.01993E-2 6.25918E-2 5.71808E-2 4.95012E-2 7.1588E-2 6.76391E-2 7.51209E-2 1.23259E-1 1.45737E-1 7.92391E-2 8.08338E-2 3.64182E-2 3.58419E-2 4.21553E-2 3.40832E-2 2.72532E-2 5.65513E-2 5.50606E-2 9.61811E-2 5.8508E-2 8.78281E-2 9.49559E-2 1.5088E-1 1.95014E-1 1.53386E-1 1.66494E-1 2.33721E-1 1.97902E-1 1.40513E-1 1.1712E-1 1.05367E-1 9.70625E-2 8.87876E-2 9.8222E-2 1.06427E-1 1.32861E-1 1.64251E-1 1.73376E-1 1.77877E-1 1.82911E-1 1.98796E-1 2.08047E-1 2.28642E-1 2.34417E-1 2.48839E-1 2.5235E-1 2.4029E-1 2.38987E-1 2.90979E-1
2.80232E-1 3.24471E-1 3.37922E-1 3.21222E-1 2.73755E-1 3.64995E-1 3.76436E-1 2.66233E-1 2.25089E-1 1.69063E-1 1.22736E-1 1.08283E-1 7.04408E-2 6.49315E-2 5.77933E-2 6.56032E-2 6.82651E-2 9.07306E-2 1.28167E-1 2.16459E-1 1.73238E-1 1.09126E-1 7.99558E-2 4.87904E-2 3.26429E-2 6.0796E-2 4.26758E-2 2.45292E-2 7.02401E-2 4.75414E-2 7.02705E-2 9.27104E-2 7.75808E-2 6.00461E-2 9.06224E-2 2.07013E-1 2.6008E-1 2.02887E-1 1.23616E-1 1.1083E-1 1.49298E-1 1.1335E-1 9.1041E-2 8.98953E-2 8.74779E-2 8.70045E-2 1.07022E-1 1.46369E-1 1.72999E-1 1.90342E-1 1.99333E-1 2.02785E-1 2.10221E-1 2.30917E-1 2.42883E-1 2.50128E-1 2.73841E-1 2.833E-1 2.94228E-1 3.12372E-1 3.3368E-1
2.68417E-1 2.81111E-1 3.2046E-1 2.77792E-1 3.26071E-1 3.41113E-1 3.07473E-1 2.75838E-1 1.79072E-1 2.13962E-1 1.80937E-1 1.32691E-1 7.6438E-2 7.62432E-2 6.13003E-2 5.99935E-2 6.38811E-2 1.11291E-1 1.44337E-1 1.55013E-1 1.0779E-1 1.09497E-1 5.95658E-2 4.54358E-2 3.96141E-2 6.48338E-2 6.49499E-2 2.89898E-2 6.81551E-2 4.81022E-2 6.56758E-2 1.21496E-1 1.01965E-1 7.13703E-2 1.0123E-1 1.76036E-1 1.77589E-1 1.27758E-1 1.01002E-1 1.05349E-1 1.22004E-1 9.26156E-2 7.75421E-2 8.22797E-2 8.15048E-2 8.35313E-2 1.10509E-1 1.33324E-1 1.85945E-1 2.21081E-1 2.23841E-1 2.43185E-1 2.49002E-1 2.54417E-1 2.69894E-1 2.91114E-1 3.23331E-1 3.40194E-1 3.61688E-1 3.69369E-1 3.93864E-1
2.17109E-1 2.75515E-1 2.76943E-1 2.95451E-1 2.97141E-1 3.26473E-1 3.09031E-1 2.70805E-1 2.36097E-1 2.58548E-1 2.10917E-1 1.29051E-1 1.21909E-1 1.13674E-1 7.89051E-2 7.61427E-2 5.78019E-2 6.07209E-2 7.95859E-2 7.21776E-2 9.60433E-2 9.05222E-2 7.02652E-2 5.37872E-2 6.61557E-2 1.09623E-1 1.17333E-1 6.56513E-2 7.61505E-2 6.22241E-2 5.7443E-2 1.21839E-1 7.56205E-2 7.33436E-2 1.02511E-1 9.7331E-2 9.86151E-2 1.13787E-1 8.61599E-2 1.08726E-1 8.13149E-2 6.80316E-2 5.90898E-2 7.03319E-2 8.19662E-2 8.81335E-2 1.01583E-1 1.26769E-1 1.80607E-1 2.17491E-1 2.32515E-1 2.63259E-1 2.79835E-1 2.82156E-1 3.12617E-1 3.10474E-1 3.57696E-1 4.03844E-1 4.32835E-1 4.38333E-1 4.54479E-1
1.55204E-1 2.45656E-1 2.66537E-1 2.5719E-1 2.71592E-1 3.35047E-1 3.18222E-1 2.90818E-1 2.33684E-1 2.56703E-1 1.79183E-1 1.06693E-1 1.5995E-1 1.31229E-1 1.17044E-1 1.03111E-1 9.13015E-2 5.7579E-2 7.2271E-2 7.0235E-2 9.20045E-2 6.5496E-2 8.54105E-2 6.46497E-2 7.83336E-2 1.18217E-1 7.76519E-2 8.67503E-2 5.78953E-2 6.70655E-2 3.22837E-2 5.8206E-2 6.698E-2 6.06751E-2 8.16661E-2 6.28682E-2 8.32918E-2 1.10316E-1 8.72197E-2 5.87305E-2 6.53014E-2 7.15557E-2 7.34001E-2 7.3584E-2 7.55301E-2 7.73623E-2 9.86853E-2 1.28518E-1 1.84351E-1 2.27664E-1 2.47062E-1 2.61135E-1 2.85936E-1 2.98648E-1 3.28106E-1 3.33751E-1 3.92127E-1 4.23916E-1 4.98226E-1 5.00401E-1 5.19299E-1
1.5877E-1 2.03892E-1 2.74844E-1 2.41871E-1 2.58355E-1 3.0916E-1 3.21329E-1 2.79118E-1 2.52531E-1 2.2405E-1 1.61741E-1 1.07874E-1 1.48167E-1 1.35898E-1 1.21969E-1 1.06607E-1 1.19685E-1 1.30434E-1 8.26095E-2 7.34274E-2 8.88828E-2 5.74381E-2 5.89928E-2 8.66759E-2 8.57912E-2 1.11532E-1 8.36491E-2 6.33481E-2 4.42064E-2 4.87832E-2 2.41568E-2 3.15585E-2 4.58274E-2 8.27205E-2 1.20122E-1 9.82615E-2 7.89601E-2 9.98308E-2 8.15502E-2 6.74729E-2 7.58004E-2 8.21343E-2 7.92307E-2 6.79356E-2 6.3376E-2 5.58793E-2 7.14375E-2 1.07279E-1 1.6534E-1 2.08622E-1 2.85566E-1 2.89895E-1 3.04358E-1 2.98359E-1 3.36006E-1 3.47407E-1 3.76713E-1 4.38667E-1 4.79873E-1 5.01465E-1 5.08415E-1
1.74775E-1 2.39891E-1 2.46428E-1 2.56434E-1 2.59441E-1 2.97124E-1 3.01167E-1 3.27555E-1 3.19678E-1 1.83713E-1 1.01825E-1 7.84718E-2 1.10433E-1 1.25153E-1 1.05283E-1 9.38909E-2 7.42527E-2 1.19866E-1 1.47135E-1 8.61266E-2 7.69348E-2 6.37019E-2 4.44183E-2 6.07011E-2 7.87669E-2 9.64256E-2 7.68504E-2 5.04188E-2 4.26843E-2 5.69492E-2 3.72087E-2 3.3646E-2 4.49533E-2 9.76893E-2 1.21996E-1 1.28647E-1 8.60877E-2 1.23404E-1 9.51985E-2 8.15434E-2 9.64728E-2 6.10678E-2 6.43202E-2 6.02077E-2 8.94694E-2 6.97783E-2 6.66572E-2 9.13292E-2 1.46276E-1 2.13545E-1 2.72834E-1 3.11465E-1 3.179E-1 3.09063E-1 3.24498E-1 3.61259E-1 3.71752E-1 3.99954E-1 4.63302E-1 4.45602E-1 4.29029E-1
1.94463E-1 2.14677E-1 2.3687E-1 2.32854E-1 2.86434E-1 2.90202E-1 2.59824E-1 3.09695E-1 2.98482E-1 1.80008E-1 1.27716E-1 8.8657E-2 1.40328E-1 1.15508E-1 9.83567E-2 7.30146E-2 6.23604E-2 6.98676E-2 1.25338E-1 1.08294E-1 7.35205E-2 1.29461E-1 4.69231E-2 4.75859E-2 4.93219E-2 5.48409E-2 4.39542E-2 4.05198E-2 4.28951E-2 4.75172E-2 7.66061E-2 3.63739E-2 6.42091E-2 1.3816E-1 1.04756E-1 7.44331E-2 7.11195E-2 1.12846E-1 2.37561E-1 6.26931E-2 6.97103E-2 1.3375E-1 7.94199E-2 5.13017E-2 7.57673E-2 8.25845E-2 7.14981E-2 9.00111E-2 1.2517E-1 1.89694E-1 2.60869E-1 3.06556E-1 3.27136E-1 3.19066E-1 3.40633E-1 3.67663E-1 3.73733E-1 3.66718E-1 3.88952E-1 4.06979E-1 4.06385E-1
2.2054E-1 1.92535E-1 1.81217E-1 2.32806E-1 2.5686E-1 2.83991E-1 2.88167E-1 2.74486E-1 2.27075E-1 1.59715E-1 1.41309E-1 1.26305E-1 1.49163E-1 1.06625E-1 1.14251E-1 8.31469E-2 7.56422E-2 6.72253E-2 1.2436E-1 1.11404E-1 7.60268E-2 1.20384E-1 5.66701E-2 7.46961E-2 5.02536E-2 5.67517E-2 5.16411E-2 3.00123E-2 3.71765E-2 2.82225E-2 3.71844E-2 6.99917E-2 1.30707E-1 1.62748E-1 1.15335E-1 6.40045E-2 7.96183E-2 6.83076E-2 6.59052E-2 5.25302E-2 4.67523E-2 1.05793E-1 1.90204E-1 6.01127E-2 9.42884E-2 1.74014E-1 8.78091E-2 8.9583E-2 1.27714E-1 1.88282E-1 2.50064E-1 3.25038E-1 3.43016E-1 3.28961E-1 3.55898E-1 3.63233E-1 3.78496E-1 3.8495E-1 3.76743E-1 4.08296E-1 4.27499E-1
1.95336E-1 1.77014E-1 1.76461E-1 2.10427E-1 2.41439E-1 2.60663E-1 2.79429E-1 2.03363E-1 1.93005E-1 1.5543E-1 1.2441E-1 1.03513E-1 1.49768E-1 1.03374E-1 1.23871E-1 1.01052E-1 8.54223E-2 5.92215E-2 9.99741E-2 1.04443E-1 8.2808E-2 1.21279E-1 9.82479E-2 7.54157E-2 6.96003E-2 5.48134E-2 5.36349E-2 3.51616E-2 3.00359E-2 2.36632E-2 4.01255E-2 1.0166E-1 1.50989E-1 1.17386E-1 1.2509E-1 1.07323E-1 6.41042E-2 5.08226E-2 4.22163E-2 5.92529E-2 3.98746E-2 4.08245E-2 1.87164E-1 7.81368E-2 8.24523E-2 1.1929E-1 7.68524E-2 1.00921E-1 1.42935E-1 1.86698E-1 2.28462E-1 2.84477E-1 3.19625E-1 3.1421E-1 3.47594E-1 3.63727E-1 3.60321E-1 3.61513E-1 3.6651E-1 4.07863E-1 4.33527E-1
1.27374E-1 1.90073E-1 1.98282E-1 1.97702E-1 2.45214E-1 2.52196E-1 2.28491E-1 1.66288E-1 1.83349E-1 1.28346E-1 1.08258E-1 1.22954E-1 1.34173E-1 1.65317E-1 1.24075E-1 7.59932E-2 6.59208E-2 9.56777E-2 9.58885E-2 9.54758E-2 9.2794E-2 1.28767E-1 1.43005E-1 7.77756E-2 7.06943E-2 5.82673E-2 5.37377E-2 5.80421E-2 4.26741E-2 3.63561E-2 4.30802E-2 7.62774E-2 1.41151E-1 9.7028E-2 7.50957E-2 1.31324E-1 1.23011E-1 5.12303E-2 4.46274E-2 4.03403E-2 3.90814E-2 3.05109E-2 6.33693E-2 5.90664E-2 6.63082E-2 1.01505E-1 7.86576E-2 1.18139E-1 1.5932E-1 1.91597E-1 2.10952E-1 2.22611E-1 2.86146E-1 2.98701E-1 3.39159E-1 3.68846E-1 3.57841E-1 3.53588E-1 3.78152E-1 4.1145E-1 4.58946E-1
7.63108E-2 1.47816E-1 1.87244E-1 1.96647E-1 2.48937E-1 2.58104E-1 2.15668E-1 1.55501E-1 1.82437E-1 1.53135E-1 1.22011E-1 1.59286E-1 1.37023E-1 1.27239E-1 1.18167E-1 1.41144E-1 6.44125E-2 9.39128E-2 6.21351E-2 7.6253E-2 8.21005E-2 1.10965E-1 1.16295E-1 1.1067E-1 5.28291E-2 4.80398E-2 6.99917E-2 5.75522E-2 4.80369E-2 5.76613E-2 7.64116E-2 6.03837E-2 7.5276E-2 7.9144E-2 6.71789E-2 7.43008E-2 1.63023E-1 6.78171E-2 3.01043E-2 2.91413E-2 3.23008E-2 3.46246E-2 1.09607E-1 6.54934E-2 1.07858E-1 8.19647E-2 1.11651E-1 1.39893E-1 1.64176E-1 1.77104E-1 1.79523E-1 1.94419E-1 2.30395E-1 2.78601E-1 3.18349E-1 3.35533E-1 3.59129E-1 3.83054E-1 3.96691E-1 4.1476E-1 4.43458E-1
7.58591E-2 1.27933E-1 1.44754E-1 2.21192E-1 2.38246E-1 2.36685E-1 2.30866E-1 2.17143E-1 2.10336E-1 1.7227E-1 1.56275E-1 1.54407E-1 1.57102E-1 1.35004E-1 1.1366E-1 1.17271E-1 6.81707E-2 6.8317E-2 6.36142E-2 5.83798E-2 5.9855E-2 9.25117E-2 1.14269E-1 1.15482E-1 5.63227E-2 4.84373E-2 5.77519E-2 6.60039E-2 9.298E-2 7.67048E-2 8.51767E-2 8.96441E-2 9.70471E-2 9.50282E-2 6.99894E-2 6.36739E-2 5.94872E-2 4.60215E-2 2.73611E-2 4.86006E-2 2.85587E-2 3.03144E-2 1.04329E-1 5.15917E-2 8.44709E-2 1.48092E-1 1.69607E-1 1.80903E-1 1.83849E-1 1.68184E-1 1.81829E-1 1.95997E-1 2.05724E-1 2.42397E-1 3.10033E-1 3.60696E-1 3.87081E-1 3.93428E-1 3.85911E-1 3.76691E-1 3.92677E-1
1.08656E-1 1.14214E-1 1.15324E-1 2.26207E-1 2.7732E-1 2.94354E-1 2.70035E-1 2.99799E-1 2.62797E-1 2.07826E-1 1.78922E-1 1.92002E-1 1.91585E-1 1.33824E-1 1.58818E-1 9.19255E-2 6.71535E-2 7.78287E-2 5.28188E-2 5.04415E-2 5.91223E-2 8.52957E-2 9.39417E-2 1.05466E-1 1.05821E-1 6.97256E-2 9.97795E-2 6.70095E-2 7.12091E-2 1.28976E-1 1.36953E-1 1.07366E-1 1.4378E-1 1.57072E-1 7.87876E-2 6.20325E-2 6.39624E-2 5.8757E-2 2.46327E-2 1.18912E-1 4.40912E-2 5.02348E-2 6.50814E-2 7.75564E-2 8.96526E-2 1.49673E-1 2.04108E-1 2.86289E-1 2.31295E-1 1.85015E-1 1.83459E-1 2.01003E-1 2.10219E-1 2.39305E-1 2.95704E-1 3.73946E-1 3.90483E-1 3.8708E-1 3.72124E-1 3.50252E-1 3.62387E-1
9.84476E-2 1.17852E-1 1.27539E-1 2.24782E-1 2.754E-1 2.80186E-1 2.83077E-1 2.80941E-1 2.65368E-1 1.96538E-1 1.91627E-1 1.71168E-1 1.65505E-1 1.70019E-1 1.45014E-1 1.16298E-1 7.97678E-2 7.22352E-2 6.88021E-2 5.34766E-2 6.7997E-2 8.47527E-2 1.05688E-1 1.24891E-1 9.99306E-2 8.12547E-2 9.94394E-2 7.9468E-2 1.17877E-1 1.24488E-1 9.9205E-2 1.18568E-1 1.00113E-1 8.63895E-2 6.91328E-2 6.73089E-2 5.58531E-2 4.62159E-2 2.75118E-2 7.78667E-2 7.35511E-2 5.80743E-2 7.07208E-2 9.1587E-2 1.0361E-1 1.57331E-1 2.56536E-1 3.06437E-1 2.43143E-1 1.96646E-1 1.76575E-1 1.93642E-1 2.32947E-1 2.65284E-1 2.89141E-1 3.46538E-1 3.76176E-1 3.67671E-1 3.68579E-1 3.53247E-1 3.67292E-1
1.03205E-1 8.67677E-2 1.02735E-1 1.54738E-1 2.65088E-1 1.68885E-1 2.93134E-1 2.89881E-1 2.65558E-1 2.17145E-1 1.841E-1 1.6546E-1 1.51112E-1 1.60456E-1 1.59383E-1 1.00053E-1 1.28846E-1 5.57621E-2 5.39821E-2 6.39951E-2 7.44277E-2 9.13277E-2 1.1729E-1 1.16291E-1 9.40962E-2 8.43778E-2 9.38378E-2 1.01297E-1 1.01074E-1 1.10067E-1 1.12899E-1 1.40442E-1 1.22846E-1 9.51733E-2 7.10596E-2 1.31588E-1 9.11877E-2 3.5204E-2 3.23573E-2 4.2761E-2 5.3374E-2 5.90424E-2 5.64152E-2 1.02552E-1 1.12436E-1 1.37638E-1 2.64412E-1 3.16779E-1 2.51018E-1 1.91077E-1 1.81897E-1 2.05637E-1 2.32861E-1 2.83647E-1 2.91211E-1 3.2E-1 3.49975E-1 3.5221E-1 3.49887E-1 3.56245E-1 3.55726E-1
1.07737E-1 8.71924E-2 6.65847E-2 1.23716E-1 1.47519E-1 1.63629E-1 2.65397E-1 2.85121E-1 2.6371E-1 2.13117E-1 1.49752E-1 1.75927E-1 1.60479E-1 1.61132E-1 1.53333E-1 1.10232E-1 1.41073E-1 1.04702E-1 6.59686E-2 7.73647E-2 7.97658E-2 8.58453E-2 9.72491E-2 1.07387E-1 8.95356E-2 7.00442E-2 1.02762E-1 1.03022E-1 8.24481E-2 8.07936E-2 1.23882E-1 1.11967E-1 1.05008E-1 1.221E-1 1.37431E-1 1.01702E-1 1.52958E-1 5.62545E-2 3.56647E-2 3.95553E-2 4.64683E-2 9.42607E-2 7.99031E-2 7.8487E-2 1.14352E-1 1.51481E-1 1.74279E-1 2.03038E-1 2.92419E-1 2.12312E-1 1.75138E-1 1.73449E-1 2.00223E-1 2.35694E-1 2.66583E-1 3.01159E-1 3.24099E-1 3.34476E-1 3.31438E-1 3.31104E-1 3.2928E-1
1.44352E-1 8.79454E-2 6.09397E-2 1.03661E-1 1.03504E-1 1.60612E-1 1.96122E-1 1.59917E-1 2.17952E-1 1.79699E-1 1.46897E-1 1.7113E-1 1.68695E-1 1.62822E-1 1.37597E-1 1.21064E-1 1.16697E-1 1.1164E-1 9.52094E-2 8.73076E-2 9.67312E-2 8.77469E-2 1.26146E-1 1.20641E-1 1.14206E-1 7.46761E-2 5.76466E-2 6.90812E-2 7.03047E-2 8.466E-2 1.25368E-1 9.50048E-2 1.08475E-1 1.10024E-1 2.29184E-1 1.23042E-1 1.89358E-1 1.14331E-1 7.73181E-2 5.99194E-2 5.33454E-2 1.5933E-1 1.50964E-1 7.63449E-2 1.35405E-1 1.49605E-1 1.8145E-1 1.70024E-1 2.23572E-1 1.79412E-1 1.67109E-1 1.71561E-1 1.96315E-1 2.16425E-1 2.47481E-1 2.76911E-1 2.99963E-1 3.17931E-1 3.03391E-1 2.80561E-1 2.91358E-1
1.37302E-1 1.02921E-1 8.0302E-2 8.39768E-2 7.61695E-2 1.21418E-1 1.36082E-1 1.33648E-1 1.44569E-1 1.44017E-1 1.7473E-1 1.85659E-1 1.6952E-1 1.39762E-1 1.24245E-1 1.14912E-1 1.1698E-1 1.3878E-1 1.68454E-1 1.22417E-1 1.28544E-1 1.34125E-1 1.34818E-1 1.22841E-1 1.00218E-1 7.46522E-2 5.5723E-2 6.62613E-2 6.67402E-2 1.20425E-1 9.02904E-2 1.297E-1 1.42609E-1 1.93282E-1 1.67691E-1 2.25425E-1 2.4398E-1 1.14109E-1 6.94078E-2 5.5112E-2 5.46419E-2 1.19138E-1 1.71795E-1 9.13279E-2 1.09277E-1 1.24448E-1 2.14913E-1 2.07868E-1 1.85124E-1 1.72186E-1 1.69028E-1 1.72964E-1 1.83246E-1 2.23023E-1 2.65139E-1 2.75924E-1 2.86912E-1 2.91654E-1 2.72865E-1 2.57374E-1 2.79585E-1
1.50073E-1 1.43067E-1 1.24239E-1 1.36913E-1 7.90862E-2 1.20264E-1 1.56746E-1 1.19677E-1 1.3813E-1 1.47006E-1 1.806E-1 1.84019E-1 1.60664E-1 1.42759E-1 1.04043E-1 9.94852E-2 1.08478E-1 1.25709E-1 1.4105E-1 1.33569E-1 1.19509E-1 1.252E-1 1.05916E-1 9.82178E-2 8.79466E-2 8.9103E-2 7.93967E-2 6.24499E-2 5.92215E-2 1.01059E-1 9.45986E-2 9.35605E-2 1.79347E-1 2.73093E-1 1.97115E-1 3.96002E-1 3.27279E-1 1.25497E-1 6.20033E-2 6.20179E-2 6.89831E-2 1.01807E-1 1.23661E-1 9.47535E-2 7.79221E-2 1.74138E-1 2.1793E-1 2.24937E-1 1.51273E-1 1.52871E-1 1.7214E-1 2.09633E-1 2.29511E-1 2.39287E-1 2.75452E-1 2.78046E-1 2.87286E-1 2.83526E-1 2.53726E-1 2.55554E-1 2.68213E-1
1.47686E-1 1.8865E-1 1.6837E-1 1.67722E-1 1.34356E-1 1.12547E-1 1.12484E-1 9.47187E-2 1.0617E-1 1.5343E-1 1.41684E-1 1.40122E-1 1.96971E-1 1.2769E-1 1.05222E-1 9.66401E-2 8.94378E-2 9.13465E-2 1.2458E-1 1.47727E-1 1.11102E-1 1.20049E-1 1.09498E-1 1.04428E-1 8.68616E-2 9.26165E-2 1.01505E-1 8.06795E-2 7.06108E-2 7.82092E-2 1.3657E-1 1.00359E-1 1.96419E-1 2.09679E-1 1.2409E-1 1.31058E-1 8.56379E-2 5.33203E-2 8.73291E-2 4.69743E-2 6.25613E-2 8.5729E-2 2.04363E-1 2.28299E-1 1.18073E-1 1.41662E-1 2.16705E-1 2.28481E-1 1.48474E-1 1.49926E-1 1.62485E-1 2.52003E-1 3.60507E-1 3.51579E-1 3.15661E-1 3.2934E-1 2.92925E-1 2.63517E-1 2.42009E-1 2.41078E-1 2.59849E-1
