data/maxent/outputs/red_110.asc
ncols         426
nrows         180
xllcorner     -130.0
yllcorner     24.0
cellsize      0.16666666666666666
NODATA_value  -9999
[rows 81 to 107 of 180, columns 244 to 304 of 426]
2.63586E-1 2.88156E-1 3.14395E-1 3.12384E-1 2.96132E-1 2.90633E-1 2.94336E-1 2.94367E-1 2.9238E-1 2.90841E-1 2.93056E-1 2.92083E-1 3.13259E-1 3.24619E-1 3.34848E-1 3.43985E-1 3.54468E-1 3.64071E-1 3.74566E-1 3.8873E-1 3.72586E-1 3.6187E-1 3.65113E-1 3.77021E-1 3.60041E-1 3.59864E-1 3.59557E-1 3.64716E-1 3.55579E-1 3.53474E-1 3.55832E-1 3.51167E-1 3.60541E-1 3.87722E-1 3.62512E-1 3.48287E-1 3.34993E-1 3.31655E-1 3.2121E-1 3.40902E-1 3.33597E-1 3.31443E-1 3.34721E-1 3.5287E-1 3.28515E-1 3.29233E-1 3.47723E-1 3.6251E-1 3.8278E-1 3.61169E-1 3.43223E-1 3.49145E-1 3.78599E-1 3.60904E-1 3.68304E-1 4.20527E-1 4.42429E-1 3.8635E-1 3.42392E-1 3.4359E-1 3.72435E-1
2.67343E-1 2.94655E-1 3.13903E-1 3.24631E-1 3.01148E-1 3.18063E-1 3.09569E-1 2.86905E-1 2.8817E-1 3.11895E-1 3.06099E-1 3.17023E-1 3.18941E-1 3.13268E-1 3.1818E-1 3.27679E-1 3.41333E-1 3.5217E-1 3.63257E-1 3.75217E-1 3.63498E-1 3.65022E-1 3.85536E-1 3.95034E-1 3.60805E-1 3.44372E-1 3.4445E-1 3.41476E-1 3.4513E-1 3.5647E-1 3.68239E-1 3.52826E-1 3.60998E-1 3.52542E-1 3.57931E-1 3.5611E-1 3.49929E-1 3.52866E-1 3.59123E-1 3.23494E-1 3.17688E-1 3.25896E-1 3.48621E-1 3.4423E-1 3.53051E-1 3.41347E-1 3.57473E-1 3.76876E-1 3.84144E-1 3.64323E-1 3.51531E-1 3.59528E-1 3.80744E-1 3.60781E-1 3.64298E-1 3.82588E-1 4.07026E-1 3.7003E-1 3.54558E-1 3.74359E-1 4.00214E-1
2.78418E-1 3.04938E-1 3.37919E-1 3.30176E-1 3.2795E-1 3.2874E-1 3.38164E-1 3.1489E-1 3.16437E-1 3.32775E-1 3.34491E-1 3.33864E-1 3.30339E-1 3.24135E-1 3.25175E-1 3.28774E-1 3.50307E-1 3.56826E-1 3.63899E-1 3.79032E-1 3.67059E-1 3.70694E-1 3.83421E-1 3.8132E-1 3.71008E-1 3.56023E-1 3.48475E-1 3.45573E-1 3.43939E-1 3.57758E-1 3.74483E-1 3.66114E-1 3.72001E-1 3.55665E-1 3.51159E-1 3.29999E-1 3.56015E-1 3.84471E-1 3.81231E-1 3.45483E-1 3.45263E-1 3.52975E-1 3.55702E-1 3.44046E-1 3.41502E-1 3.55022E-1 3.71652E-1 3.64842E-1 3.80754E-1 3.73398E-1 3.57994E-1 3.96666E-1 3.76353E-1 3.73491E-1 3.64558E-1 3.65583E-1 3.88368E-1 3.82173E-1 3.63655E-1 3.92103E-1 4.62985E-1
3.02541E-1 3.21852E-1 3.51957E-1 3.43838E-1 3.35535E-1 3.42047E-1 3.43123E-1 3.39528E-1 3.26158E-1 3.24357E-1 3.3019E-1 3.57266E-1 3.6178E-1 3.56195E-1 3.40816E-1 3.40237E-1 3.50679E-1 3.717E-1 4.04917E-1 4.10832E-1 3.81346E-1 3.64637E-1 3.56569E-1 3.69974E-1 3.49987E-1 3.55797E-1 3.66497E-1 3.71155E-1 3.58163E-1 3.82211E-1 4.34968E-1 4.21984E-1 3.91453E-1 3.74461E-1 3.59731E-1 3.70845E-1 3.7121E-1 3.84633E-1 3.769E-1 3.58855E-1 3.47393E-1 3.53809E-1 3.41174E-1 3.38715E-1 3.32524E-1 3.41923E-1 3.50091E-1 3.92048E-1 3.89891E-1 3.74895E-1 3.95992E-1 4.00766E-1 3.79547E-1 3.79154E-1 3.66058E-1 3.64448E-1 3.71684E-1 3.75205E-1 4.07019E-1 4.05009E-1 3.90987E-1
3.49107E-1 3.47786E-1 3.60809E-1 3.50608E-1 3.56986E-1 3.65337E-1 3.64171E-1 3.63577E-1 3.45876E-1 3.39514E-1 3.53335E-1 3.64566E-1 3.78687E-1 3.78197E-1 3.60766E-1 3.56603E-1 3.61949E-1 3.88998E-1 4.1901E-1 4.111E-1 3.76247E-1 3.69032E-1 3.6658E-1 3.49954E-1 3.55883E-1 3.69138E-1 3.84202E-1 3.83641E-1 3.9807E-1 4.20257E-1 4.6405E-1 4.49651E-1 4.15831E-1 3.863E-1 3.74181E-1 3.83156E-1 3.86344E-1 3.77691E-1 3.66558E-1 3.69862E-1 3.68203E-1 3.53898E-1 3.53728E-1 3.51491E-1 3.4092E-1 3.43182E-1 3.54821E-1 3.80146E-1 3.94257E-1 3.98468E-1 4.24041E-1 4.06072E-1 3.91826E-1 3.88495E-1 3.76351E-1 3.80986E-1 3.82562E-1 3.99431E-1 3.57747E-1 3.82778E-1 4.36401E-1
3.86883E-1 3.73825E-1 3.69356E-1 3.9061E-1 3.98073E-1 3.86232E-1 3.77305E-1 3.9371E-1 3.73932E-1 3.78421E-1 3.77862E-1 3.96889E-1 3.8624E-1 3.86426E-1 3.83671E-1 3.76425E-1 3.7607E-1 4.22217E-1 4.2729E-1 4.06581E-1 3.85377E-1 3.81182E-1 3.73319E-1 3.70313E-1 4.02124E-1 4.08788E-1 4.03247E-1 4.26204E-1 4.47256E-1 4.6583E-1 4.66689E-1 4.55324E-1 4.39861E-1 4.11512E-1 4.08142E-1 4.04869E-1 3.95082E-1 3.76498E-1 3.74342E-1 3.75288E-1 3.98941E-1 3.88488E-1 3.93792E-1 3.77303E-1 3.59362E-1 3.69975E-1 3.80188E-1 4.01828E-1 4.20206E-1 4.21243E-1 4.34325E-1 4.15446E-1 3.99461E-1 3.89053E-1 3.92813E-1 3.85482E-1 4.00834E-1 3.86325E-1 3.64268E-1 3.78064E-1 3.90008E-1
4.1506E-1 4.06164E-1 4.07398E-1 4.25178E-1 4.08295E-1 4.14781E-1 4.24428E-1 4.3309E-1 4.1493E-1 4.25822E-1 4.15278E-1 4.09941E-1 3.98953E-1 3.93463E-1 4.13234E-1 4.10585E-1 4.2749E-1 4.55544E-1 4.59327E-1 4.45596E-1 4.1969E-1 3.99648E-1 3.9383E-1 4.05562E-1 4.41338E-1 4.60049E-1 4.53554E-1 4.58817E-1 4.83543E-1 4.82874E-1 4.71287E-1 4.79716E-1 4.56626E-1 4.16183E-1 4.21128E-1 4.20296E-1 4.1039E-1 4.00998E-1 3.93039E-1 4.07672E-1 4.06821E-1 3.92449E-1 4.09247E-1 4.05418E-1 3.93895E-1 3.92746E-1 4.12677E-1 4.41331E-1 4.6376E-1 4.65769E-1 4.27543E-1 4.09335E-1 4.03969E-1 3.95777E-1 3.84481E-1 3.87269E-1 3.7925E-1 3.81439E-1 3.78584E-1 3.45694E-1 3.89864E-1
4.27495E-1 4.39108E-1 4.37586E-1 4.42579E-1 4.39098E-1 4.42545E-1 4.51236E-1 4.51739E-1 4.48669E-1 4.39605E-1 4.36894E-1 4.13189E-1 4.07596E-1 3.98643E-1 4.09117E-1 4.31232E-1 4.53411E-1 5.02042E-1 5.0434E-1 5.10837E-1 4.60206E-1 4.39228E-1 4.33397E-1 4.45301E-1 4.65015E-1 4.79433E-1 4.89325E-1 5.02496E-1 5.22074E-1 5.16706E-1 4.96273E-1 4.87067E-1 4.64708E-1 4.57689E-1 4.52742E-1 4.4797E-1 4.45276E-1 4.24082E-1 4.01361E-1 4.07705E-1 3.9988E-1 3.9125E-1 3.9742E-1 4.06549E-1 4.17758E-1 4.29068E-1 4.54578E-1 4.7464E-1 5.38042E-1 4.97505E-1 4.62814E-1 4.31784E-1 4.13153E-1 3.94946E-1 3.92263E-1 3.85474E-1 3.80759E-1 3.93407E-1 3.80413E-1 3.64849E-1 4.07234E-1
4.44684E-1 4.53716E-1 4.63059E-1 4.5696E-1 4.66132E-1 4.65664E-1 4.74074E-1 4.79285E-1 4.71743E-1 4.69881E-1 4.75348E-1 4.34905E-1 4.5057E-1 4.12742E-1 4.22193E-1 4.55894E-1 4.74446E-1 5.4828E-1 5.28018E-1 5.13842E-1 4.79971E-1 4.8561E-1 4.83708E-1 4.91077E-1 4.92672E-1 5.02334E-1 5.24318E-1 5.26803E-1 5.45555E-1 5.39239E-1 5.12132E-1 4.96466E-1 4.7703E-1 4.65592E-1 4.60462E-1 4.54578E-1 4.53562E-1 4.13394E-1 4.04128E-1 4.12425E-1 3.99776E-1 4.00356E-1 4.03034E-1 4.29456E-1 4.33996E-1 4.68987E-1 4.87812E-1 5.00704E-1 5.28438E-1 5.04088E-1 4.65505E-1 4.26412E-1 4.24003E-1 4.03775E-1 4.09055E-1 4.01049E-1 3.86169E-1 3.96613E-1 4.37653E-1 4.67145E-1 4.282E-1
4.6809E-1 4.70832E-1 4.71802E-1 4.62368E-1 4.85115E-1 4.88228E-1 4.94843E-1 4.86925E-1 4.88264E-1 4.99879E-1 4.78793E-1 4.33316E-1 4.39081E-1 4.16036E-1 4.4151E-1 4.84847E-1 4.76811E-1 4.98127E-1 5.20478E-1 5.06784E-1 4.784E-1 4.99964E-1 5.09056E-1 5.09226E-1 5.16508E-1 5.31027E-1 5.44949E-1 5.37751E-1 5.14981E-1 5.20944E-1 5.22901E-1 4.9825E-1 4.75395E-1 4.57361E-1 4.49659E-1 4.42713E-1 4.52758E-1 4.34154E-1 4.32546E-1 4.12055E-1 4.03707E-1 4.04846E-1 4.21198E-1 4.4852E-1 4.58753E-1 4.65596E-1 4.98893E-1 5.02933E-1 5.08227E-1 4.88344E-1 4.33377E-1 4.09256E-1 4.07951E-1 4.25404E-1 4.0223E-1 4.3419E-1 4.18269E-1 5.00906E-1 5.02632E-1 5.26019E-1 4.54619E-1
5.50639E-1 4.89108E-1 4.88107E-1 4.98645E-1 4.96943E-1 5.04465E-1 5.13444E-1 5.31981E-1 5.19916E-1 5.14601E-1 4.75747E-1 4.52364E-1 4.37283E-1 4.30917E-1 4.5994E-1 4.97926E-1 5.00769E-1 4.89311E-1 5.19085E-1 5.4443E-1 5.29334E-1 5.12029E-1 5.20919E-1 5.34174E-1 5.59405E-1 5.62496E-1 5.55234E-1 5.4593E-1 5.28296E-1 5.17608E-1 5.04315E-1 4.99496E-1 4.77681E-1 4.58658E-1 4.53979E-1 4.66443E-1 4.78734E-1 4.65412E-1 4.51026E-1 4.26621E-1 4.28375E-1 4.10514E-1 4.49911E-1 4.68344E-1 4.61234E-1 4.70476E-1 4.75219E-1 4.87978E-1 4.90748E-1 4.79888E-1 4.45715E-1 4.1331E-1 3.83954E-1 3.89581E-1 4.18963E-1 4.70739E-1 5.03977E-1 5.80704E-1 6.17556E-1 5.25708E-1 4.46856E-1
5.28382E-1 5.05831E-1 5.04902E-1 5.12304E-1 5.16459E-1 5.09668E-1 5.3347E-1 5.32887E-1 5.30675E-1 5.31924E-1 5.00772E-1 4.81955E-1 4.75613E-1 4.80163E-1 4.81943E-1 5.1095E-1 5.14429E-1 5.08562E-1 5.1711E-1 5.31971E-1 5.78253E-1 5.47341E-1 5.342E-1 5.67793E-1 5.47769E-1 5.52119E-1 5.48977E-1 5.42872E-1 5.35715E-1 5.16576E-1 4.97046E-1 4.86019E-1 4.64404E-1 4.47063E-1 4.4248E-1 4.64429E-1 4.61032E-1 4.5619E-1 4.4378E-1 4.44716E-1 4.3124E-1 4.25026E-1 4.62596E-1 4.65184E-1 4.67626E-1 4.58354E-1 4.58248E-1 4.7278E-1 4.90064E-1 4.84469E-1 4.337E-1 4.0118E-1 3.83347E-1 3.87699E-1 4.35169E-1 5.00217E-1 5.90528E-1 6.25002E-1 6.52442E-1 5.86654E-1 4.92128E-1
5.26833E-1 5.40298E-1 5.40733E-1 5.3403E-1 5.26862E-1 5.24722E-1 5.41082E-1 5.41453E-1 5.40302E-1 5.81713E-1 5.55414E-1 5.37353E-1 5.33903E-1 5.0664E-1 5.11359E-1 5.33738E-1 5.72391E-1 5.58161E-1 5.52301E-1 5.58857E-1 5.89548E-1 5.55008E-1 5.72104E-1 5.5532E-1 5.31642E-1 5.33755E-1 5.56291E-1 5.50527E-1 5.37368E-1 5.11138E-1 4.87655E-1 4.80232E-1 4.65291E-1 4.35574E-1 4.47135E-1 4.58104E-1 4.36186E-1 4.26061E-1 4.29264E-1 4.37676E-1 4.57184E-1 4.54896E-1 4.59133E-1 4.58774E-1 4.67445E-1 4.69828E-1 4.60524E-1 4.70693E-1 4.721E-1 4.55452E-1 4.22124E-1 3.75145E-1 3.36277E-1 4.05178E-1 5.07208E-1 5.53933E-1 5.99351E-1 6.58367E-1 6.76114E-1 6.1229E-1 6.37189E-1
5.62733E-1 5.65841E-1 5.86543E-1 5.59056E-1 5.45738E-1 5.46228E-1 5.40886E-1 5.56703E-1 5.8608E-1 5.70946E-1 5.61611E-1 5.62379E-1 5.7768E-1 5.58677E-1 5.34552E-1 5.59034E-1 5.81417E-1 5.7745E-1 6.04051E-1 5.79817E-1 6.27447E-1 6.47943E-1 6.05049E-1 5.54751E-1 5.14352E-1 5.34434E-1 5.49224E-1 5.21071E-1 5.04327E-1 4.90699E-1 4.73862E-1 4.69977E-1 4.59752E-1 4.38133E-1 4.238E-1 4.36435E-1 4.16393E-1 4.21375E-1 4.33825E-1 4.4642E-1 4.57312E-1 4.60541E-1 4.60066E-1 4.56758E-1 4.53575E-1 4.59455E-1 4.7948E-1 4.72083E-1 4.46281E-1 4.56241E-1 4.00857E-1 3.61701E-1 3.61865E-1 4.81109E-1 5.62579E-1 5.77246E-1 6.29603E-1 7.01606E-1 6.52584E-1 6.45845E-1 6.14446E-1
6.02637E-1 5.97637E-1 6.4561E-1 5.87538E-1 5.80799E-1 5.69008E-1 5.70925E-1 5.63034E-1 6.01966E-1 5.95407E-1 6.11465E-1 6.05131E-1 6.02336E-1 5.94682E-1 5.73217E-1 5.67784E-1 6.01287E-1 6.09475E-1 6.19718E-1 6.02592E-1 6.37107E-1 6.46657E-1 5.93331E-1 5.70922E-1 5.51433E-1 5.5696E-1 5.43991E-1 5.10986E-1 4.97648E-1 4.93742E-1 4.81194E-1 4.76757E-1 4.5013E-1 4.41423E-1 4.54732E-1 4.61576E-1 4.1147E-1 4.29059E-1 4.50054E-1 4.64228E-1 4.65983E-1 4.78299E-1 4.65004E-1 4.61135E-1 4.59252E-1 4.78142E-1 4.58176E-1 4.81214E-1 4.8532E-1 4.30912E-1 4.21124E-1 4.19526E-1 4.64446E-1 5.0019E-1 5.50005E-1 6.36357E-1 6.48888E-1 6.7934E-1 6.36434E-1 6.371E-1 6.02134E-1
6.158E-1 6.24406E-1 6.25493E-1 6.09994E-1 6.01326E-1 5.85869E-1 5.89562E-1 6.13839E-1 6.13725E-1 6.34894E-1 6.55359E-1 6.45881E-1 6.32149E-1 6.22184E-1 6.1381E-1 6.07594E-1 6.20846E-1 6.07608E-1 6.04775E-1 6.1836E-1 6.33332E-1 6.34582E-1 6.11919E-1 5.56817E-1 5.65953E-1 5.74342E-1 5.55224E-1 5.44596E-1 5.13196E-1 5.10623E-1 5.04413E-1 4.89419E-1 4.74224E-1 4.81319E-1 4.441E-1 4.16431E-1 4.19789E-1 4.47113E-1 4.73293E-1 4.80409E-1 4.75345E-1 4.80213E-1 4.76112E-1 4.9231E-1 4.96002E-1 4.83168E-1 4.90882E-1 4.9101E-1 4.67033E-1 4.60191E-1 4.66714E-1 4.56247E-1 4.5801E-1 4.59562E-1 5.83259E-1 6.56315E-1 6.9926E-1 6.76643E-1 7.1862E-1 6.73779E-1 6.46038E-1
6.47363E-1 6.59317E-1 6.31711E-1 6.2914E-1 6.13475E-1 6.12236E-1 6.03276E-1 6.31577E-1 6.46253E-1 6.37826E-1 6.4453E-1 6.52827E-1 6.594E-1 6.66279E-1 6.32209E-1 6.29904E-1 6.2135E-1 6.36406E-1 6.38595E-1 6.21247E-1 6.09796E-1 6.19192E-1 5.96036E-1 5.62549E-1 5.73858E-1 5.85156E-1 5.63247E-1 5.62884E-1 5.57636E-1 5.48789E-1 5.16403E-1 5.08429E-1 5.13921E-1 4.89177E-1 4.5249E-1 4.38196E-1 4.55057E-1 4.76155E-1 5.05254E-1 5.20103E-1 4.94697E-1 4.98164E-1 5.09369E-1 5.2752E-1 5.44764E-1 5.61071E-1 5.51018E-1 4.96571E-1 4.8217E-1 4.96278E-1 4.95408E-1 4.97243E-1 4.53465E-1 4.97337E-1 6.40742E-1 6.17219E-1 7.15261E-1 7.07117E-1 7.38242E-1 7.10875E-1 8.02056E-1
6.72908E-1 6.76881E-1 6.71923E-1 6.5725E-1 6.59906E-1 6.61922E-1 6.58174E-1 6.65336E-1 6.51755E-1 6.67201E-1 6.70877E-1 6.61295E-1 6.48504E-1 6.56956E-1 6.70884E-1 6.56674E-1 6.61364E-1 6.71736E-1 6.45343E-1 6.29266E-1 5.86043E-1 5.89337E-1 6.06763E-1 5.88476E-1 5.77432E-1 5.97805E-1 6.20438E-1 5.92045E-1 5.62442E-1 5.58501E-1 5.55939E-1 5.5508E-1 5.2238E-1 4.79638E-1 4.80912E-1 4.83808E-1 4.85135E-1 5.24064E-1 5.65047E-1 5.68816E-1 5.4784E-1 5.41152E-1 5.62916E-1 5.72502E-1 5.99452E-1 6.07488E-1 5.74323E-1 5.2997E-1 5.36555E-1 5.27259E-1 5.17556E-1 4.75449E-1 4.83449E-1 5.72644E-1 6.75248E-1 6.93288E-1 6.5256E-1 6.75081E-1 7.66042E-1 8.3057E-1 7.82737E-1
6.71748E-1 6.57889E-1 6.74264E-1 6.73521E-1 6.68087E-1 6.70434E-1 6.69365E-1 6.8198E-1 6.77491E-1 6.85959E-1 6.88548E-1 6.65534E-1 6.53998E-1 6.69593E-1 6.7501E-1 6.72871E-1 6.59361E-1 6.58107E-1 6.38411E-1 6.13611E-1 6.05496E-1 6.0025E-1 6.17528E-1 6.12193E-1 6.17155E-1 6.46196E-1 6.5927E-1 6.35917E-1 6.18546E-1 6.05151E-1 5.94157E-1 5.57388E-1 5.23966E-1 5.07537E-1 5.35426E-1 5.49916E-1 5.65318E-1 5.9437E-1 6.38256E-1 6.41116E-1 6.17178E-1 5.82005E-1 5.87599E-1 6.07262E-1 6.45406E-1 6.36421E-1 5.90558E-1 5.64667E-1 5.54279E-1 5.07444E-1 5.30034E-1 5.10894E-1 6.38765E-1 6.37079E-1 6.6529E-1 7.21065E-1 6.92765E-1 7.27256E-1 7.90533E-1 7.78122E-1 7.98297E-1
6.86032E-1 6.79227E-1 6.98531E-1 6.83649E-1 6.95464E-1 7.01653E-1 6.81533E-1 6.81123E-1 6.90381E-1 7.02124E-1 7.0513E-1 6.9829E-1 6.79466E-1 6.67243E-1 6.80488E-1 6.7373E-1 6.49475E-1 6.31492E-1 6.26024E-1 6.24552E-1 5.99995E-1 5.87161E-1 6.16984E-1 6.32758E-1 6.83251E-1 6.65335E-1 6.7124E-1 6.67886E-1 6.37441E-1 6.29103E-1 6.03101E-1 5.54723E-1 5.25065E-1 5.44065E-1 5.79046E-1 5.9859E-1 6.17755E-1 6.539E-1 6.92148E-1 6.87782E-1 6.67273E-1 6.33293E-1 5.99939E-1 6.00148E-1 6.28348E-1 6.37593E-1 6.08444E-1 5.83608E-1 5.68667E-1 5.62014E-1 5.83807E-1 5.59363E-1 5.58468E-1 5.85362E-1 6.80369E-1 7.64792E-1 7.45568E-1 7.62066E-1 8.02414E-1 8.23665E-1 8.3419E-1
7.02806E-1 7.24286E-1 6.82695E-1 7.04994E-1 7.29838E-1 7.29817E-1 7.39723E-1 7.48738E-1 7.01055E-1 7.12406E-1 7.14721E-1 7.04117E-1 6.8195E-1 6.8148E-1 6.75829E-1 6.54514E-1 6.48664E-1 6.31056E-1 6.0723E-1 6.05934E-1 5.83292E-1 5.8775E-1 6.28261E-1 6.61392E-1 6.76291E-1 6.79757E-1 7.01072E-1 6.96864E-1 6.8288E-1 6.64789E-1 6.30266E-1 5.47739E-1 5.4013E-1 5.68336E-1 5.9345E-1 6.32424E-1 6.5762E-1 7.2139E-1 7.22179E-1 6.91355E-1 6.5153E-1 6.23347E-1 6.26185E-1 6.23545E-1 6.02981E-1 6.03201E-1 6.05394E-1 5.99651E-1 5.99159E-1 5.69612E-1 5.75564E-1 5.20931E-1 5.60569E-1 5.79544E-1 6.71611E-1 7.58131E-1 7.55278E-1 8.28073E-1 9.22957E-1 8.66181E-1 8.5675E-1
6.55768E-1 7.1923E-1 6.9676E-1 7.05589E-1 7.1339E-1 7.1917E-1 7.914E-1 7.92401E-1 7.59111E-1 6.94668E-1 6.93205E-1 6.87577E-1 6.7589E-1 6.57029E-1 6.50692E-1 6.46467E-1 6.29293E-1 6.28729E-1 6.29707E-1 6.28619E-1 5.96607E-1 5.98044E-1 6.38281E-1 6.73644E-1 6.87397E-1 7.73554E-1 7.83486E-1 7.28743E-1 7.35934E-1 7.0042E-1 6.90902E-1 6.17115E-1 5.72716E-1 5.83033E-1 6.3167E-1 6.43563E-1 6.80219E-1 7.06159E-1 7.06843E-1 6.90976E-1 6.66111E-1 6.41241E-1 6.09934E-1 6.18079E-1 6.34239E-1 6.31402E-1 5.914E-1 6.10258E-1 5.49908E-1 5.41775E-1 5.35259E-1 5.69516E-1 6.28435E-1 6.3717E-1 6.73957E-1 7.34277E-1 7.40744E-1 8.14838E-1 8.60215E-1 8.75945E-1 8.72367E-1
6.77984E-1 7.14732E-1 6.87939E-1 6.90641E-1 6.91205E-1 6.97546E-1 7.18654E-1 7.8097E-1 7.52538E-1 6.92219E-1 6.73997E-1 6.621E-1 6.43351E-1 6.19636E-1 6.20997E-1 6.23488E-1 6.25665E-1 6.39507E-1 6.50265E-1 6.46467E-1 6.30089E-1 6.39778E-1 6.64864E-1 6.87691E-1 6.87324E-1 7.12999E-1 7.09503E-1 7.13983E-1 7.0614E-1 6.89653E-1 6.84826E-1 6.68576E-1 6.33998E-1 6.32429E-1 5.99529E-1 6.36584E-1 6.34517E-1 6.53719E-1 6.78947E-1 6.84659E-1 6.6287E-1 6.29123E-1 6.16331E-1 6.16279E-1 6.01995E-1 5.97084E-1 6.43115E-1 6.88673E-1 6.62087E-1 6.2716E-1 5.73216E-1 5.90697E-1 6.10028E-1 6.90715E-1 7.26474E-1 7.3858E-1 7.50166E-1 7.89835E-1 8.33647E-1 8.58263E-1 8.71853E-1
7.0952E-1 6.94167E-1 6.69692E-1 6.72615E-1 6.77182E-1 6.88368E-1 6.86948E-1 7.74522E-1 7.39779E-1 6.90974E-1 6.6446E-1 6.57291E-1 6.41624E-1 6.30491E-1 6.33422E-1 6.37575E-1 6.43343E-1 6.53917E-1 6.60609E-1 6.59467E-1 6.59472E-1 6.62168E-1 6.72899E-1 7.10235E-1 7.21322E-1 6.74382E-1 7.07323E-1 6.88623E-1 6.89668E-1 6.82733E-1 7.02433E-1 6.66892E-1 6.42871E-1 6.12049E-1 5.99923E-1 5.94006E-1 6.11827E-1 6.49616E-1 6.74517E-1 6.77715E-1 6.72376E-1 6.436E-1 6.29948E-1 6.30141E-1 6.5695E-1 6.89306E-1 6.83097E-1 6.64289E-1 6.25864E-1 5.8571E-1 6.24658E-1 6.97731E-1 7.07646E-1 7.25076E-1 6.96856E-1 7.12205E-1 7.57734E-1 7.91175E-1 8.279E-1 8.43719E-1 8.54429E-1
7.07038E-1 6.7572E-1 6.67789E-1 6.6578E-1 6.64253E-1 6.65068E-1 6.81628E-1 7.68468E-1 7.00563E-1 6.5663E-1 6.37509E-1 6.25213E-1 6.22903E-1 6.21852E-1 6.3052E-1 6.32791E-1 6.45212E-1 6.56582E-1 6.53736E-1 6.6079E-1 6.63706E-1 6.62189E-1 6.53851E-1 6.42006E-1 6.30378E-1 6.59965E-1 6.45067E-1 6.37372E-1 6.48083E-1 6.46251E-1 6.48068E-1 6.42243E-1 6.54145E-1 6.14003E-1 5.96801E-1 5.88727E-1 6.08456E-1 6.43876E-1 6.64679E-1 6.4646E-1 5.92744E-1 6.1072E-1 6.12719E-1 6.80951E-1 6.67347E-1 6.73162E-1 6.82443E-1 6.14909E-1 6.46866E-1 7.13515E-1 7.4174E-1 7.63728E-1 7.67373E-1 7.68729E-1 7.6001E-1 7.48464E-1 7.67498E-1 7.87158E-1 8.14237E-1 8.30858E-1 8.43197E-1
6.9339E-1 6.81294E-1 6.65485E-1 6.57443E-1 6.57714E-1 6.5687E-1 6.4566E-1 6.63967E-1 6.84742E-1 6.10494E-1 6.09802E-1 6.05282E-1 6.15104E-1 6.24731E-1 6.38519E-1 6.803E-1 7.02699E-1 6.58151E-1 6.64883E-1 6.63845E-1 6.60731E-1 6.50502E-1 6.16303E-1 5.97705E-1 6.03559E-1 6.03742E-1 5.89202E-1 5.95184E-1 6.12894E-1 6.2642E-1 6.34817E-1 6.82106E-1 6.69754E-1 5.99876E-1 5.71783E-1 6.10135E-1 6.02179E-1 6.01513E-1 6.10373E-1 5.66491E-1 5.37193E-1 5.41888E-1 5.99866E-1 6.80061E-1 6.61083E-1 6.62448E-1 6.63748E-1 7.15385E-1 7.53494E-1 7.63406E-1 7.8862E-1 8.12585E-1 8.17488E-1 7.97438E-1 7.78542E-1 7.64738E-1 7.59355E-1 7.83804E-1 7.83432E-1 8.057E-1 8.20221E-1
7.09053E-1 6.88834E-1 6.79793E-1 6.62237E-1 6.56639E-1 6.50381E-1 6.32326E-1 6.24526E-1 6.4783E-1 5.91698E-1 5.89873E-1 5.90419E-1 6.0778E-1 6.25216E-1 6.62941E-1 7.23969E-1 7.24213E-1 6.54922E-1 6.53545E-1 6.50397E-1 6.41724E-1 6.538E-1 5.94445E-1 5.96746E-1 5.68121E-1 5.371E-1 5.33666E-1 5.52509E-1 5.73466E-1 5.93395E-1 6.36279E-1 6.43421E-1 6.1248E-1 5.8353E-1 5.56462E-1 5.57447E-1 5.68253E-1 5.74686E-1 5.76775E-1 5.5367E-1 6.2511E-1 6.18075E-1 6.38526E-1 6.68546E-1 6.32776E-1 7.60559E-1 7.89991E-1 7.89366E-1 7.78068E-1 7.8628E-1 8.16523E-1 8.35783E-1 8.39201E-1 8.36893E-1 8.00376E-1 7.65694E-1 7.72964E-1 7.85982E-1 7.649E-1 7.62932E-1 8.12496E-1
