data/maxent/outputs/red_347.asc
ncols         426
nrows         180
xllcorner     -130.0
yllcorner     24.0
cellsize      0.16666666666666666
NODATA_value  -9999
[rows 0 to 26 of 180, columns 244 to 304 of 426]
1.36064E-7 1.3589E-7 1.41532E-7 1.36709E-7 1.46723E-7 1.56195E-7 1.49328E-7 1.4446E-7 1.46211E-7 1.51208E-7 1.65202E-7 1.64889E-7 1.58856E-7 1.63728E-7 1.65328E-7 1.64403E-7 1.80518E-7 2.30994E-7 2.38457E-7 2.0425E-7 1.97576E-7 2.03072E-7 2.26635E-7 2.10043E-7 2.13347E-7 2.01796E-7 1.98702E-7 2.10108E-7 2.09492E-7 2.73553E-7 2.33715E-7 2.58135E-7 2.34772E-7 1.99546E-7 2.50049E-7 2.30935E-7 2.33098E-7 2.67698E-7 2.70515E-7 2.58986E-7 2.6109E-7 2.39561E-7 2.56418E-7 3.13954E-7 -9999 -9999 -9999 -9999 -9999 -9999 -9999 -9999 -9999 -9999 -9999 -9999 2.64317E-3 -9999 -9999 -9999 -9999
1.79533E-7 1.72001E-7 1.79395E-7 1.65321E-7 1.67254E-7 1.62734E-7 1.70018E-7 1.68582E-7 1.89175E-7 1.76834E-7 1.62345E-7 1.6023E-7 1.71928E-7 1.85456E-7 1.92756E-7 2.00485E-7 2.05069E-7 2.00012E-7 2.08755E-7 2.09268E-7 2.21012E-7 2.2097E-7 2.31783E-7 2.33751E-7 2.33661E-7 2.32392E-7 2.29941E-7 2.35203E-7 2.37163E-7 2.27494E-7 2.3618E-7 2.41162E-7 2.29974E-7 2.32413E-7 2.54091E-7 2.60327E-7 2.69998E-7 3.4249E-7 2.86108E-7 2.96743E-7 2.70215E-7 2.28884E-7 2.54E-7 3.31503E-7 -9999 -9999 -9999 -9999 -9999 -9999 -9999 -9999 -9999 -9999 -9999 -9999 -9999 -9999 -9999 -9999 4.57135E-4
1.68906E-7 1.85335E-7 1.89274E-7 1.79865E-7 2.02515E-7 2.03254E-7 2.38853E-7 2.32883E-7 2.34959E-7 1.94708E-7 1.82971E-7 1.84726E-7 1.87504E-7 1.89351E-7 1.88513E-7 1.9535E-7 2.07189E-7 2.25153E-7 2.40926E-7 2.37875E-7 2.37456E-7 2.39239E-7 2.46989E-7 2.55426E-7 2.68984E-7 2.62223E-7 2.39512E-7 2.51748E-7 2.60671E-7 2.667E-7 2.8982E-7 2.70855E-7 2.69883E-7 2.76858E-7 2.60107E-7 2.65196E-7 2.71346E-7 2.79842E-7 2.91674E-7 2.94775E-7 3.02389E-7 2.511E-7 3.35709E-7 -9999 -9999 -9999 -9999 -9999 -9999 -9999 -9999 -9999 -9999 -9999 -9999 -9999 -9999 8.69698E-6 -9999 -9999 3.3908E-3
1.88886E-7 1.90839E-7 1.80663E-7 1.7068E-7 1.7465E-7 1.75514E-7 1.93163E-7 2.1117E-7 2.04966E-7 2.04278E-7 2.30357E-7 2.23917E-7 2.05667E-7 2.13193E-7 2.33087E-7 2.29737E-7 2.19437E-7 2.24644E-7 2.43651E-7 2.71922E-7 2.68102E-7 2.8972E-7 3.10334E-7 3.6373E-7 3.35677E-7 3.1669E-7 2.93293E-7 2.98758E-7 3.12031E-7 3.07707E-7 3.15065E-7 3.01004E-7 2.99229E-7 3.13988E-7 3.01142E-7 3.01966E-7 3.02966E-7 3.19622E-7 3.12362E-7 3.21359E-7 3.1847E-7 3.12026E-7 3.13264E-7 3.60719E-7 -9999 -9999 -9999 -9999 -9999 -9999 -9999 -9999 -9999 -9999 -9999 1.81207E-6 2.34214E-6 1.90425E-5 -9999 -9999 -9999
2.01207E-7 1.91068E-7 2.01378E-7 2.08714E-7 1.90384E-7 2.12282E-7 2.0915E-7 2.03856E-7 2.06972E-7 2.26541E-7 2.48598E-7 2.46306E-7 2.61254E-7 2.54453E-7 2.41637E-7 2.44745E-7 2.52899E-7 2.55063E-7 2.72217E-7 2.76047E-7 3.00213E-7 3.14476E-7 3.71463E-7 3.87989E-7 3.29605E-7 3.61363E-7 3.38937E-7 3.44647E-7 3.46658E-7 3.36211E-7 3.17307E-7 3.09627E-7 3.01979E-7 3.1933E-7 3.04714E-7 3.15105E-7 3.28327E-7 3.70585E-7 3.31902E-7 3.39205E-7 3.5377E-7 3.817E-7 3.31831E-7 7.4016E-7 -9999 3.20709E-7 3.11741E-7 3.32622E-7 3.718E-7 4.06199E-7 -9999 -9999 -9999 -9999 -9999 2.02768E-6 1.83775E-5 2.52313E-4 3.1964E-3 -9999 -9999
2.42756E-7 2.56564E-7 2.2529E-7 2.94139E-7 2.48745E-7 2.34482E-7 2.60235E-7 2.60734E-7 2.67293E-7 2.81682E-7 3.20463E-7 3.83673E-7 3.40319E-7 2.96447E-7 2.93773E-7 2.92467E-7 2.65591E-7 2.75221E-7 3.04348E-7 3.14215E-7 3.21812E-7 3.46794E-7 3.80804E-7 3.64279E-7 3.73693E-7 3.50945E-7 3.78001E-7 3.66133E-7 3.56224E-7 3.60042E-7 3.55246E-7 3.52121E-7 3.40966E-7 3.47135E-7 3.39471E-7 3.41291E-7 3.47924E-7 3.5364E-7 3.62675E-7 3.55656E-7 3.57025E-7 4.26911E-7 5.50142E-7 8.31738E-7 2.79118E-7 2.68938E-7 2.9262E-7 2.94193E-7 3.04425E-7 3.17225E-7 4.03497E-7 2.00128E-5 -9999 -9999 -9999 -9999 3.58736E-6 2.13676E-6 -9999 -9999 -9999
4.07055E-7 4.07863E-7 2.87571E-7 2.6543E-7 3.03022E-7 2.84646E-7 3.31458E-7 3.09256E-7 3.82368E-7 3.78133E-7 3.7084E-7 5.64868E-7 4.25312E-7 3.46637E-7 3.43431E-7 3.37167E-7 2.99366E-7 3.02517E-7 3.21456E-7 3.39102E-7 3.55927E-7 3.70176E-7 3.51279E-7 3.79757E-7 3.85472E-7 3.9784E-7 3.83689E-7 3.95641E-7 4.05263E-7 3.86939E-7 3.91531E-7 4.00991E-7 3.94843E-7 4.36008E-7 4.15518E-7 3.92114E-7 3.97774E-7 3.69308E-7 3.9973E-7 3.85159E-7 4.02803E-7 4.45468E-7 4.92912E-7 5.03186E-7 5.3608E-7 4.53094E-7 4.8244E-7 4.6309E-7 4.85284E-7 4.32132E-7 3.97304E-7 4.99387E-7 -9999 -9999 -9999 -9999 -9999 -9999 -9999 -9999 -9999
3.06622E-7 3.09436E-7 3.05254E-7 3.16035E-7 3.43761E-7 3.06418E-7 3.06248E-7 3.28978E-7 3.31447E-7 3.58353E-7 3.89663E-7 4.20202E-7 3.79634E-7 3.7242E-7 3.5152E-7 3.43808E-7 3.43864E-7 3.68189E-7 4.01876E-7 3.92206E-7 3.84385E-7 3.75027E-7 3.68738E-7 4.07414E-7 4.24799E-7 4.15823E-7 4.05218E-7 4.31349E-7 4.47034E-7 4.33329E-7 4.16684E-7 4.05287E-7 4.13848E-7 4.39281E-7 4.4516E-7 4.57235E-7 4.86482E-7 4.08815E-7 3.85616E-7 3.95179E-7 4.29447E-7 4.28981E-7 4.20766E-7 4.31976E-7 5.78469E-7 -9999 -9999 -9999 6.64042E-7 5.9672E-7 5.00934E-7 5.49119E-7 -9999 -9999 -9999 -9999 -9999 -9999 -9999 -9999 2.80842E-3
3.33297E-7 3.21474E-7 3.09745E-7 3.19917E-7 3.20955E-7 3.20273E-7 3.5613E-7 3.92921E-7 4.61596E-7 4.15057E-7 4.49015E-7 4.49631E-7 4.52033E-7 4.01529E-7 4.25711E-7 4.55734E-7 4.03609E-7 4.09767E-7 4.27822E-7 4.39619E-7 4.17805E-7 4.20285E-7 4.15131E-7 4.57645E-7 4.56438E-7 4.65037E-7 4.51878E-7 4.80218E-7 4.78146E-7 4.62859E-7 4.78032E-7 4.71528E-7 4.86983E-7 5.4835E-7 5.46586E-7 4.95018E-7 5.37715E-7 4.80469E-7 4.49572E-7 4.67115E-7 4.79182E-7 4.58123E-7 4.00097E-7 3.74788E-7 4.06486E-7 4.54784E-7 4.59311E-7 -9999 -9999 -9999 -9999 -9999 -9999 -9999 -9999 -9999 -9999 -9999 1.81089E-5 -9999 2.90709E-3
3.18716E-7 3.52469E-7 3.57809E-7 3.85613E-7 3.6567E-7 3.80908E-7 3.81474E-7 4.10607E-7 4.3125E-7 4.41914E-7 4.46931E-7 4.633E-7 4.22851E-7 4.31449E-7 4.39359E-7 4.92276E-7 5.17699E-7 5.15694E-7 4.78581E-7 4.76634E-7 4.31331E-7 4.25186E-7 4.34549E-7 4.3723E-7 5.84262E-7 5.12512E-7 4.90279E-7 5.26703E-7 5.03418E-7 5.16895E-7 5.21383E-7 4.93693E-7 5.54184E-7 5.77027E-7 5.83149E-7 6.11019E-7 6.08699E-7 5.74464E-7 5.54507E-7 5.39329E-7 5.07944E-7 4.2465E-7 4.07921E-7 3.81265E-7 3.5285E-7 3.85087E-7 4.12726E-7 -9999 -9999 -9999 -9999 -9999 -9999 -9999 -9999 -9999 -9999 -9999 -9999 -9999 -9999
3.61492E-7 3.86465E-7 3.81808E-7 3.84292E-7 3.73662E-7 4.17944E-7 4.29323E-7 4.75354E-7 5.56423E-7 4.93528E-7 5.26918E-7 5.23297E-7 4.85951E-7 4.90882E-7 5.10145E-7 5.14542E-7 4.85536E-7 4.81043E-7 5.13835E-7 5.20029E-7 4.68686E-7 4.97962E-7 4.93357E-7 4.60383E-7 7.22011E-7 7.2949E-7 5.32485E-7 5.3127E-7 5.26718E-7 5.18043E-7 5.27463E-7 5.24491E-7 5.33986E-7 5.38827E-7 6.21836E-7 6.54636E-7 6.2892E-7 6.11223E-7 5.83415E-7 5.88216E-7 5.64742E-7 5.38338E-7 4.59634E-7 4.07201E-7 4.60982E-7 4.33747E-7 4.81962E-7 1.66355E-5 -9999 -9999 -9999 -9999 -9999 -9999 -9999 -9999 -9999 -9999 1.5934E-5 3.20927E-6 -9999
4.60584E-7 4.47149E-7 4.13739E-7 4.25661E-7 4.60042E-7 4.8043E-7 4.59112E-7 4.62628E-7 4.37403E-7 4.60508E-7 4.86762E-7 5.04545E-7 5.36039E-7 5.58635E-7 5.73619E-7 5.72782E-7 5.45711E-7 5.63969E-7 5.38553E-7 5.08249E-7 5.15497E-7 4.95592E-7 5.21933E-7 5.27515E-7 5.30074E-7 5.40537E-7 5.15484E-7 5.04833E-7 5.23343E-7 5.43334E-7 5.38348E-7 5.30555E-7 5.23037E-7 5.78078E-7 6.20502E-7 6.82338E-7 6.68724E-7 6.26865E-7 5.84511E-7 6.47603E-7 5.91523E-7 5.49218E-7 5.26663E-7 4.93363E-7 4.41228E-7 3.98566E-7 4.30225E-7 4.9409E-7 5.71212E-7 6.8803E-7 8.07769E-7 -9999 -9999 -9999 -9999 -9999 -9999 -9999 2.57892E-6 2.33033E-6 2.74908E-6
4.38582E-7 4.40603E-7 4.44524E-7 5.10491E-7 5.28079E-7 4.32766E-7 4.73274E-7 4.79289E-7 4.25295E-7 4.68505E-7 4.8714E-7 5.48359E-7 5.77997E-7 5.75181E-7 6.11883E-7 6.58208E-7 5.68682E-7 6.11564E-7 5.89949E-7 5.94384E-7 5.56737E-7 5.4642E-7 5.40872E-7 6.14744E-7 6.18826E-7 5.51908E-7 5.81793E-7 5.66873E-7 5.4948E-7 5.47861E-7 5.48891E-7 5.27241E-7 5.68398E-7 6.21E-7 6.76623E-7 7.12263E-7 6.66669E-7 6.36596E-7 6.83694E-7 7.01588E-7 6.68831E-7 6.09518E-7 5.68586E-7 5.46084E-7 5.25298E-7 4.8149E-7 4.78342E-7 5.03745E-7 5.29494E-7 5.83828E-7 7.97102E-7 1.0338E-6 -9999 -9999 -9999 -9999 -9999 -9999 2.36012E-6 1.99667E-6 4.32053E-6
5.27324E-7 4.91943E-7 5.30946E-7 5.46379E-7 5.39146E-7 4.95916E-7 5.07816E-7 5.21482E-7 5.19411E-7 5.63208E-7 5.58898E-7 5.90998E-7 6.07066E-7 6.27392E-7 6.62996E-7 6.85224E-7 7.35629E-7 7.34351E-7 6.77678E-7 6.82472E-7 6.56672E-7 6.36681E-7 5.77861E-7 6.0072E-7 6.07709E-7 5.94512E-7 6.09919E-7 6.16267E-7 6.79344E-7 6.59277E-7 6.84072E-7 6.26005E-7 6.53371E-7 6.68701E-7 6.84371E-7 6.74456E-7 7.09893E-7 8.2568E-7 7.03676E-7 6.88704E-7 6.8833E-7 6.44364E-7 6.46129E-7 6.23106E-7 6.37319E-7 6.42792E-7 6.13E-7 6.04363E-7 6.11401E-7 6.78806E-7 7.91113E-7 8.79346E-7 1.18363E-6 -9999 -9999 -9999 -9999 -9999 -9999 -9999 9.56122E-6
5.52951E-7 5.63922E-7 6.25696E-7 6.44655E-7 6.53309E-7 5.45841E-7 5.08597E-7 5.29506E-7 6.08031E-7 6.1184E-7 5.60822E-7 6.35139E-7 6.37905E-7 6.91143E-7 7.04842E-7 7.99537E-7 8.62068E-7 7.58325E-7 7.3932E-7 7.66802E-7 7.22885E-7 7.07285E-7 7.62046E-7 6.90417E-7 6.3871E-7 7.48393E-7 6.55729E-7 6.65464E-7 6.34089E-7 7.03943E-7 7.02169E-7 6.65166E-7 7.21052E-7 7.40676E-7 7.08925E-7 8.21943E-7 8.74553E-7 7.90175E-7 7.36203E-7 7.79645E-7 7.57553E-7 7.32697E-7 7.35721E-7 7.23998E-7 7.11593E-7 8.00591E-7 7.84608E-7 7.60428E-7 8.08767E-7 8.69448E-7 9.49785E-7 1.06726E-6 1.3252E-6 1.52308E-6 -9999 -9999 -9999 -9999 3.06381E-6 3.37171E-6 3.66216E-6
6.02498E-7 6.88047E-7 7.76663E-7 6.90995E-7 6.46815E-7 6.62303E-7 6.29643E-7 5.82884E-7 6.81478E-7 7.18244E-7 6.66175E-7 7.49143E-7 8.3104E-7 9.68418E-7 9.07295E-7 9.84777E-7 9.93685E-7 9.11572E-7 8.3808E-7 7.63627E-7 6.95344E-7 7.13479E-7 1.06093E-6 7.78468E-7 7.06558E-7 7.51933E-7 7.30481E-7 7.54808E-7 7.37451E-7 7.94196E-7 9.05137E-7 8.35418E-7 8.23374E-7 8.95542E-7 8.55852E-7 8.45506E-7 7.64504E-7 7.90934E-7 8.40944E-7 7.83624E-7 8.05902E-7 7.78476E-7 7.90771E-7 7.64268E-7 7.68958E-7 8.6475E-7 9.15456E-7 1.01767E-6 1.06537E-6 1.16558E-6 1.42682E-6 1.6848E-6 1.59841E-6 1.88517E-6 -9999 -9999 -9999 3.20242E-6 3.35606E-6 2.999E-6 3.61731E-6
7.72261E-7 8.38044E-7 8.10376E-7 8.33682E-7 7.77765E-7 6.75213E-7 7.29418E-7 7.5719E-7 7.26E-7 8.82119E-7 1.0172E-6 1.11132E-6 1.08228E-6 1.07667E-6 1.05189E-6 1.06143E-6 9.21283E-7 9.40613E-7 9.68594E-7 9.65735E-7 8.07494E-7 7.84903E-7 8.28421E-7 7.6869E-7 8.02058E-7 9.30577E-7 7.70566E-7 7.32864E-7 7.86035E-7 8.66247E-7 9.46404E-7 9.60572E-7 9.30688E-7 9.10311E-7 8.9551E-7 8.82917E-7 8.51871E-7 8.88489E-7 9.10037E-7 8.37907E-7 9.70998E-7 9.18871E-7 8.9307E-7 8.61981E-7 8.10175E-7 9.00022E-7 1.09136E-6 1.25161E-6 1.29633E-6 1.48393E-6 1.83904E-6 2.0183E-6 2.26287E-6 2.28341E-6 2.12144E-6 2.35182E-6 3.11809E-6 3.47227E-6 3.59645E-6 3.4949E-6 3.65161E-6
9.23831E-7 8.81488E-7 8.30471E-7 8.91859E-7 8.45818E-7 8.08555E-7 8.20751E-7 8.43888E-7 9.22288E-7 9.47768E-7 1.03826E-6 1.06929E-6 1.15395E-6 1.10927E-6 1.09593E-6 1.00788E-6 1.02871E-6 9.96588E-7 1.00257E-6 1.03885E-6 9.33407E-7 8.94709E-7 9.06181E-7 8.44685E-7 8.72604E-7 7.94942E-7 8.26729E-7 8.38627E-7 1.05225E-6 9.45214E-7 9.62362E-7 1.00551E-6 9.33831E-7 1.02931E-6 9.69096E-7 1.06551E-6 1.04058E-6 1.12776E-6 1.27739E-6 1.18479E-6 9.84755E-7 9.0617E-7 8.36133E-7 8.58639E-7 9.21323E-7 1.25635E-6 1.57862E-6 1.54035E-6 1.65497E-6 1.97897E-6 2.1459E-6 2.30536E-6 2.08032E-6 2.20993E-6 2.00883E-6 2.18664E-6 3.38677E-6 3.98169E-6 3.97653E-6 3.73773E-6 4.21543E-6
1.04207E-6 1.1076E-6 1.10369E-6 1.10962E-6 1.13247E-6 1.10305E-6 1.02058E-6 9.27237E-7 9.8963E-7 1.12011E-6 1.17986E-6 1.19057E-6 1.32037E-6 1.30827E-6 1.12939E-6 1.22137E-6 1.36067E-6 1.59647E-6 1.6457E-6 1.34049E-6 1.1902E-6 1.09639E-6 1.03134E-6 9.49033E-7 1.00528E-6 1.18584E-6 1.01441E-6 9.31961E-7 1.24159E-6 9.62453E-7 8.8898E-7 1.12865E-6 1.03952E-6 1.4873E-6 1.09707E-6 1.01741E-6 1.05864E-6 1.16991E-6 1.16623E-6 1.09263E-6 1.12764E-6 1.1171E-6 1.06059E-6 1.1544E-6 1.44148E-6 1.49255E-6 1.42363E-6 2.0164E-6 1.93681E-6 1.81521E-6 2.03863E-6 2.27702E-6 2.14021E-6 2.21499E-6 2.36097E-6 2.48009E-6 2.92377E-6 3.34541E-6 3.56321E-6 3.55822E-6 4.01764E-6
1.15706E-6 1.28885E-6 1.0884E-6 1.15102E-6 1.30209E-6 1.21032E-6 1.41834E-6 1.23467E-6 1.12234E-6 1.07554E-6 1.20282E-6 1.2111E-6 1.35692E-6 1.74008E-6 1.58171E-6 1.60468E-6 1.91619E-6 1.58515E-6 2.16363E-6 2.27096E-6 1.85648E-6 1.31522E-6 1.27624E-6 1.11285E-6 1.2326E-6 1.36716E-6 1.40231E-6 1.34644E-6 1.25371E-6 1.22198E-6 1.06703E-6 1.21663E-6 1.2158E-6 1.29297E-6 1.28431E-6 1.20679E-6 1.1823E-6 1.1642E-6 1.15966E-6 1.29712E-6 1.3829E-6 1.49248E-6 1.4043E-6 1.52429E-6 1.57027E-6 1.5556E-6 1.53926E-6 1.86442E-6 1.80319E-6 1.66182E-6 1.9671E-6 1.86893E-6 2.2148E-6 2.42089E-6 2.68705E-6 2.97196E-6 2.97961E-6 3.14675E-6 3.34812E-6 3.66186E-6 3.99264E-6
1.26488E-6 1.32277E-6 1.36366E-6 1.28842E-6 1.40356E-6 1.42533E-6 1.5584E-6 1.39835E-6 1.32524E-6 1.41744E-6 1.72062E-6 2.00179E-6 1.49635E-6 1.7155E-6 1.60076E-6 1.68171E-6 2.10179E-6 1.85508E-6 1.79304E-6 2.00371E-6 1.76104E-6 1.41822E-6 1.33922E-6 1.44977E-6 1.28058E-6 1.12339E-6 1.12199E-6 1.31435E-6 1.6867E-6 1.37421E-6 1.31586E-6 1.36717E-6 1.26542E-6 1.37038E-6 1.36015E-6 1.16852E-6 1.25661E-6 1.38594E-6 1.4108E-6 1.71818E-6 2.00207E-6 1.78958E-6 1.61288E-6 1.83152E-6 1.99724E-6 1.91631E-6 2.15231E-6 2.32807E-6 2.54145E-6 2.31326E-6 2.34845E-6 2.34548E-6 2.29057E-6 2.39982E-6 2.84068E-6 3.14205E-6 3.17132E-6 3.23369E-6 3.31191E-6 3.66812E-6 4.03028E-6
1.41199E-6 1.63979E-6 1.52732E-6 1.51679E-6 1.48749E-6 1.65583E-6 1.60214E-6 1.70651E-6 1.70591E-6 1.82991E-6 1.72411E-6 2.17859E-6 2.43272E-6 2.34967E-6 2.33017E-6 2.35614E-6 2.28783E-6 2.0258E-6 1.57705E-6 1.88927E-6 1.99109E-6 1.79375E-6 1.38042E-6 1.32112E-6 1.27791E-6 1.35864E-6 1.4035E-6 1.5825E-6 1.91361E-6 1.8989E-6 1.4668E-6 1.39328E-6 1.55943E-6 1.77412E-6 1.6149E-6 1.55321E-6 1.66245E-6 1.685E-6 1.82616E-6 2.36739E-6 2.58016E-6 2.06763E-6 2.18219E-6 2.1618E-6 2.11155E-6 2.53411E-6 2.54947E-6 2.63536E-6 2.46503E-6 2.6007E-6 2.66482E-6 2.42012E-6 2.52408E-6 3.13747E-6 4.44231E-6 3.52291E-6 3.49259E-6 3.32028E-6 3.61118E-6 3.78599E-6 4.06324E-6
1.62672E-6 1.77455E-6 1.99153E-6 2.93586E-6 4.20287E-6 3.59288E-6 2.50881E-6 2.13863E-6 2.17166E-6 1.99679E-6 1.73085E-6 1.99837E-6 2.33975E-6 2.11281E-6 2.72979E-6 2.87243E-6 3.20224E-6 2.38618E-6 2.28485E-6 1.9074E-6 2.22353E-6 2.42471E-6 2.25697E-6 1.90092E-6 1.83428E-6 1.79091E-6 1.82628E-6 1.91854E-6 1.75244E-6 1.99776E-6 1.94254E-6 2.03903E-6 2.14455E-6 2.04278E-6 2.08864E-6 2.1662E-6 2.66118E-6 2.11185E-6 2.05965E-6 2.3459E-6 2.79824E-6 2.55553E-6 2.28383E-6 3.04601E-6 2.50891E-6 2.76293E-6 3.59609E-6 2.77699E-6 2.48145E-6 2.75984E-6 3.03229E-6 2.70499E-6 3.43643E-6 3.6162E-6 4.0025E-6 3.5408E-6 3.6191E-6 3.9065E-6 4.10058E-6 4.0056E-6 4.11301E-6
2.0688E-6 2.42844E-6 4.02043E-6 8.63024E-6 5.96165E-6 7.08919E-6 7.65951E-6 3.95811E-6 2.75697E-6 2.45156E-6 2.23814E-6 3.25157E-6 2.34826E-6 2.20814E-6 2.92781E-6 2.4218E-6 2.91844E-6 1.9127E-6 2.45292E-6 2.49816E-6 2.02275E-6 2.69264E-6 2.84874E-6 3.23656E-6 2.70055E-6 2.35242E-6 1.87235E-6 2.03266E-6 2.37425E-6 2.15964E-6 2.5511E-6 3.1429E-6 2.51136E-6 2.26496E-6 2.4347E-6 2.43808E-6 3.38556E-6 3.63019E-6 3.53568E-6 3.09472E-6 3.24553E-6 3.6783E-6 3.69589E-6 4.14438E-6 3.97399E-6 3.84188E-6 3.39998E-6 2.88674E-6 3.20137E-6 2.99373E-6 3.30971E-6 3.2331E-6 3.60715E-6 3.07839E-6 3.34577E-6 3.13335E-6 3.64746E-6 4.14713E-6 4.24321E-6 4.265E-6 4.43653E-6
2.77281E-6 3.1184E-6 1.02168E-5 1.9388E-5 1.75443E-5 2.85573E-5 3.13489E-5 2.72235E-5 3.93988E-6 2.73815E-6 3.73478E-6 4.42915E-6 2.69298E-6 2.6709E-6 3.02197E-6 2.99711E-6 2.53485E-6 2.8942E-6 5.76148E-6 3.94517E-6 2.76424E-6 2.70064E-6 3.11306E-6 2.91529E-6 2.68129E-6 2.33538E-6 2.62441E-6 3.16275E-6 3.49707E-6 3.67198E-6 3.03534E-6 3.75051E-6 3.36036E-6 2.58671E-6 3.04382E-6 3.06983E-6 3.02495E-6 3.08975E-6 3.6609E-6 3.40886E-6 3.7706E-6 3.36641E-6 3.94493E-6 4.63325E-6 4.06222E-6 4.08443E-6 4.47308E-6 4.32134E-6 3.87487E-6 3.78576E-6 3.50171E-6 3.45784E-6 3.50106E-6 3.73064E-6 3.49161E-6 3.79317E-6 3.81255E-6 4.53204E-6 4.5683E-6 4.24231E-6 4.01736E-6
2.87593E-6 4.25075E-6 2.58274E-5 3.26761E-5 3.61181E-5 3.81294E-5 3.85218E-5 2.74641E-5 5.09834E-6 3.83531E-6 4.03063E-6 3.54596E-6 4.13175E-6 3.48227E-6 3.61477E-6 2.95059E-6 4.58524E-6 2.00466E-6 3.23178E-6 6.52555E-6 4.14308E-6 3.42056E-6 3.38811E-6 3.80155E-6 3.09551E-6 2.87287E-6 2.90393E-6 2.8869E-6 3.09898E-6 3.0531E-6 4.0285E-6 3.94233E-6 3.53115E-6 2.78796E-6 2.76896E-6 3.41971E-6 2.83323E-6 2.51099E-6 2.92608E-6 3.62144E-6 3.52237E-6 4.28246E-6 4.55243E-6 4.53047E-6 3.29967E-6 2.60747E-6 3.01851E-6 3.68438E-6 3.66513E-6 4.23308E-6 4.65057E-6 4.51741E-6 4.70676E-6 3.6891E-6 4.31551E-6 4.39476E-6 4.32626E-6 4.88563E-6 4.63704E-6 4.37517E-6 3.74166E-6
2.54116E-6 3.3189E-6 1.58879E-5 2.79446E-5 2.67718E-5 3.69572E-5 4.14338E-5 1.26412E-5 3.98204E-6 3.74428E-6 3.36582E-6 3.32696E-6 3.41705E-6 4.64926E-6 6.40839E-6 1.02281E-5 5.99101E-6 5.20598E-6 3.20132E-6 3.96409E-6 3.71928E-6 4.43214E-6 5.191E-6 4.33931E-6 3.15842E-6 2.88784E-6 3.04957E-6 3.31703E-6 4.3375E-6 3.19972E-6 3.57353E-6 3.23566E-6 3.5278E-6 3.59554E-6 3.49833E-6 3.12741E-6 2.69105E-6 3.03552E-6 3.69997E-6 3.90148E-6 4.20997E-6 4.83871E-6 5.36557E-6 4.01007E-6 2.53975E-6 3.10202E-6 3.34606E-6 4.60554E-6 4.43061E-6 4.97994E-6 5.24934E-6 5.33746E-6 3.2521E-6 4.38456E-6 4.7909E-6 4.6535E-6 4.80753E-6 4.11254E-6 3.39617E-6 3.7309E-6 4.15428E-6
