data/maxent/outputs/red_259.asc
ncols         426
nrows         180
xllcorner     -130.0
yllcorner     24.0
cellsize      0.16666666666666666
NODATA_value  -9999
[rows 81 to 107 of 180, columns 122 to 182 of 426]
7.46989E-3 4.03119E-3 8.77591E-3 5.52192E-2 4.48554E-2 5.96845E-2 3.73961E-2 3.17648E-2 4.69184E-2 7.4074E-2 6.2789E-2 1.03612E-1 1.48597E-1 1.74215E-1 1.67919E-1 1.39743E-1 1.18055E-1 1.47826E-1 1.17711E-1 1.28235E-1 1.17734E-1 1.03136E-1 7.76559E-2 6.77117E-2 7.37633E-2 9.12834E-2 9.91109E-2 3.05407E-2 1.95854E-2 2.03587E-2 1.69586E-2 1.32674E-2 1.31703E-2 1.30261E-2 1.57916E-2 1.58102E-2 1.60435E-2 1.99328E-2 2.29655E-2 3.10508E-2 3.21319E-2 3.35045E-2 3.30921E-2 3.70475E-2 3.8118E-2 3.27636E-2 3.06892E-2 3.47299E-2 5.03389E-2 5.37308E-2 5.19167E-2 4.88226E-2 5.19523E-2 5.30024E-2 5.33348E-2 5.24682E-2 4.81018E-2 5.31626E-2 6.44199E-2 7.08016E-2 7.46956E-2
3.021E-3 3.63226E-3 4.88401E-3 8.87843E-3 2.28625E-2 1.69968E-2 1.24442E-2 2.26484E-2 4.05723E-2 1.27433E-1 1.59833E-1 1.5612E-1 1.80113E-1 1.70652E-1 1.58103E-1 1.62368E-1 1.62384E-1 1.34029E-1 1.09839E-1 9.968E-2 1.11911E-1 1.02065E-1 8.47183E-2 8.68504E-2 7.86469E-2 1.08209E-1 9.11083E-2 2.97968E-2 2.02741E-2 1.68528E-2 1.40222E-2 1.20496E-2 1.20971E-2 1.15459E-2 1.1912E-2 1.28759E-2 1.48356E-2 2.05206E-2 2.99628E-2 3.07666E-2 2.82627E-2 3.00928E-2 2.99999E-2 3.3766E-2 3.33615E-2 3.1242E-2 2.95129E-2 3.36382E-2 3.96474E-2 5.06993E-2 5.36387E-2 5.02464E-2 4.81807E-2 5.50975E-2 5.49774E-2 5.09558E-2 5.06121E-2 6.08403E-2 7.23656E-2 7.04199E-2 6.2114E-2
2.39079E-3 3.3301E-3 4.51507E-3 6.14219E-3 6.82813E-3 1.40319E-2 5.96304E-2 3.67924E-2 3.7205E-2 9.16525E-2 1.0288E-1 1.28253E-1 1.25821E-1 1.10716E-1 9.415E-2 9.1557E-2 9.92777E-2 1.07399E-1 1.03279E-1 4.8358E-2 5.42963E-2 1.01709E-1 7.03671E-2 9.64003E-2 8.55587E-2 1.07949E-1 8.4954E-2 3.72873E-2 2.07547E-2 1.7175E-2 1.55297E-2 1.40147E-2 1.39601E-2 1.31376E-2 1.44865E-2 1.23628E-2 1.31551E-2 2.25566E-2 2.97471E-2 2.82032E-2 2.85777E-2 3.33139E-2 3.34925E-2 3.19686E-2 3.42015E-2 3.29222E-2 3.02862E-2 3.25315E-2 3.8942E-2 4.79771E-2 4.95552E-2 5.6271E-2 6.01448E-2 6.31818E-2 6.6076E-2 6.16831E-2 6.33669E-2 6.86385E-2 7.50255E-2 7.47955E-2 6.14294E-2
6.15679E-3 9.36934E-3 1.02089E-2 2.40645E-2 3.61257E-2 5.50781E-2 1.44423E-1 5.61753E-2 6.74891E-2 1.17483E-1 1.06107E-1 1.10741E-1 1.13377E-1 8.52421E-2 7.161E-2 8.92508E-2 1.03796E-1 8.35631E-2 1.00953E-1 9.17536E-2 9.11726E-2 9.23581E-2 8.39592E-2 9.18365E-2 8.40827E-2 9.62408E-2 1.43668E-1 7.84729E-2 3.92096E-2 2.32903E-2 2.1071E-2 1.9453E-2 1.92701E-2 1.57743E-2 1.97239E-2 1.64538E-2 1.41784E-2 2.08954E-2 2.84884E-2 2.71572E-2 2.88873E-2 3.08501E-2 3.1982E-2 3.32512E-2 3.58399E-2 3.65164E-2 3.84891E-2 3.69881E-2 4.7398E-2 6.27108E-2 6.52319E-2 6.5309E-2 6.35448E-2 6.5895E-2 6.46906E-2 6.22441E-2 6.49747E-2 6.86133E-2 7.5962E-2 7.51084E-2 6.90647E-2
1.59945E-2 2.39583E-2 3.1859E-2 5.65487E-2 1.09209E-1 1.23437E-1 1.45761E-1 1.25813E-1 1.12662E-1 1.01187E-1 1.10641E-1 9.67971E-2 8.28128E-2 6.81713E-2 6.8885E-2 1.03069E-1 1.12067E-1 7.35572E-2 8.95475E-2 8.07421E-2 7.65188E-2 7.95606E-2 7.69818E-2 8.33514E-2 8.58363E-2 1.12763E-1 1.30828E-1 9.08903E-2 5.71907E-2 3.52755E-2 2.65868E-2 2.72423E-2 2.29963E-2 2.12241E-2 2.36998E-2 1.92185E-2 2.32285E-2 2.41737E-2 2.53831E-2 2.59557E-2 2.79724E-2 2.92373E-2 3.08708E-2 3.34904E-2 3.5338E-2 3.1648E-2 3.44169E-2 3.68115E-2 4.29345E-2 5.36165E-2 6.03835E-2 6.1734E-2 6.49215E-2 6.34014E-2 6.19787E-2 6.28721E-2 6.27907E-2 6.66714E-2 7.12331E-2 7.09404E-2 6.19627E-2
5.31993E-2 6.19588E-2 8.19676E-2 1.38715E-1 1.47785E-1 1.57603E-1 1.4574E-1 1.02509E-1 9.78946E-2 9.27856E-2 1.28923E-1 9.67141E-2 1.69238E-1 1.50064E-1 1.04757E-1 8.72992E-2 8.42023E-2 8.40998E-2 9.4049E-2 7.54905E-2 6.31572E-2 6.02166E-2 6.91761E-2 6.3962E-2 6.72826E-2 8.93808E-2 1.0178E-1 7.93669E-2 6.78247E-2 4.05129E-2 3.14579E-2 2.97683E-2 2.84929E-2 2.56341E-2 2.84097E-2 2.32902E-2 3.10268E-2 2.70668E-2 2.42434E-2 2.36368E-2 2.55872E-2 3.00598E-2 3.08407E-2 2.94978E-2 3.09999E-2 2.93259E-2 3.51258E-2 3.69972E-2 3.54904E-2 4.13866E-2 4.79405E-2 4.826E-2 5.48239E-2 5.66237E-2 5.64038E-2 5.84472E-2 6.50233E-2 6.80177E-2 6.55057E-2 6.24467E-2 6.30431E-2
8.05198E-2 1.02555E-1 1.4209E-1 7.81912E-2 4.92502E-2 8.33112E-2 1.87897E-1 1.31997E-1 8.60821E-2 7.46917E-2 1.27219E-1 1.1725E-1 1.24015E-1 5.18175E-2 1.06553E-1 8.50305E-2 1.02204E-1 8.21858E-2 6.26637E-2 5.71198E-2 5.04668E-2 5.61554E-2 5.63121E-2 4.8713E-2 5.76783E-2 5.75217E-2 7.78475E-2 9.76045E-2 5.05626E-2 3.75763E-2 3.27804E-2 3.49374E-2 3.19728E-2 2.99075E-2 2.53962E-2 2.8267E-2 2.74649E-2 2.58621E-2 2.66387E-2 2.64465E-2 2.47281E-2 2.69335E-2 2.92287E-2 3.12134E-2 3.37107E-2 3.34412E-2 3.42141E-2 3.67315E-2 3.75135E-2 3.73852E-2 3.8578E-2 4.08111E-2 4.36342E-2 4.88805E-2 5.22972E-2 5.42409E-2 6.06882E-2 6.43182E-2 6.22718E-2 5.71372E-2 5.84922E-2
1.2999E-1 7.91225E-2 2.55552E-2 1.00116E-2 9.06423E-3 9.9806E-3 3.77373E-2 9.9903E-2 3.86123E-2 8.7693E-2 9.64E-2 5.18429E-2 3.48432E-2 3.04135E-2 5.93629E-2 6.61503E-2 6.98125E-2 6.50342E-2 4.25562E-2 4.5375E-2 4.446E-2 4.89808E-2 3.9081E-2 2.50878E-2 5.30557E-2 6.58462E-2 6.48091E-2 8.14835E-2 6.68469E-2 3.31639E-2 2.71228E-2 3.19316E-2 2.89882E-2 2.85177E-2 2.51741E-2 2.11198E-2 1.98686E-2 2.40595E-2 2.5538E-2 2.62757E-2 2.70118E-2 2.74986E-2 2.94981E-2 2.92603E-2 3.10547E-2 3.12583E-2 3.33821E-2 3.65916E-2 3.71379E-2 3.3226E-2 3.63614E-2 3.71385E-2 4.05366E-2 4.26751E-2 4.64175E-2 5.21646E-2 6.48061E-2 7.31337E-2 6.74422E-2 6.15557E-2 5.67682E-2
5.52299E-2 1.24316E-2 5.79905E-3 1.36031E-2 4.65684E-2 3.42903E-2 9.7097E-3 1.51367E-2 1.45616E-1 1.17444E-1 5.72567E-2 3.95298E-2 2.88549E-2 4.06167E-2 5.20554E-2 3.21751E-2 3.40977E-2 3.73472E-2 2.5496E-2 3.95276E-2 4.28335E-2 3.77464E-2 1.14637E-2 1.1043E-2 3.5144E-2 3.42094E-2 4.42584E-2 5.3553E-2 7.41667E-2 5.36186E-2 4.58335E-2 3.28663E-2 2.88993E-2 2.81189E-2 2.5837E-2 2.17363E-2 1.77565E-2 1.56387E-2 2.16851E-2 2.4627E-2 2.4688E-2 2.42676E-2 2.42153E-2 2.51903E-2 2.60775E-2 2.61835E-2 3.12255E-2 3.44428E-2 3.21715E-2 3.00285E-2 3.48186E-2 3.64449E-2 4.11701E-2 4.3766E-2 4.55722E-2 5.18706E-2 6.78787E-2 7.88315E-2 8.38278E-2 6.49255E-2 5.55703E-2
6.54598E-3 5.44515E-3 6.34898E-3 5.92285E-2 1.11802E-1 1.44669E-1 8.27079E-2 1.20077E-2 5.52012E-2 1.24774E-1 5.86076E-2 8.54397E-2 9.02982E-2 6.0138E-2 6.19783E-2 3.85324E-2 2.49618E-2 2.60821E-2 2.42577E-2 2.79749E-2 4.73679E-2 3.86876E-2 1.18177E-2 1.21333E-2 2.05157E-2 2.8027E-2 3.51296E-2 5.82495E-2 8.32553E-2 5.06744E-2 3.47248E-2 2.46876E-2 2.62698E-2 2.36711E-2 1.87996E-2 1.81004E-2 1.58057E-2 1.45169E-2 1.43906E-2 1.57295E-2 1.50031E-2 1.65435E-2 2.04305E-2 2.15857E-2 2.24159E-2 2.39096E-2 3.08759E-2 3.41298E-2 3.2272E-2 2.90194E-2 2.94838E-2 3.32471E-2 3.97875E-2 4.39403E-2 4.41217E-2 4.65166E-2 6.15711E-2 6.94162E-2 7.3673E-2 6.12503E-2 5.6744E-2
9.77583E-3 1.38715E-2 2.81012E-2 5.11642E-2 1.33952E-1 1.52551E-1 9.04119E-2 6.39457E-2 1.24347E-2 6.07575E-3 1.24774E-2 4.00178E-2 8.07638E-2 5.89525E-2 5.33665E-2 3.63881E-2 2.19984E-2 3.10268E-2 2.78826E-2 2.6612E-2 4.70067E-2 1.93638E-2 2.70701E-2 2.90325E-2 3.2276E-2 3.3352E-2 5.10415E-2 6.06474E-2 8.78665E-2 3.11877E-2 2.12898E-2 1.76678E-2 2.11473E-2 1.74087E-2 1.37257E-2 1.26054E-2 1.59432E-2 1.37295E-2 1.30378E-2 1.23878E-2 1.20212E-2 1.1564E-2 1.5299E-2 1.88821E-2 1.76257E-2 1.91783E-2 2.43042E-2 2.86513E-2 2.90017E-2 2.82185E-2 3.13579E-2 3.83326E-2 4.33969E-2 5.01768E-2 4.94603E-2 5.35811E-2 6.50558E-2 6.52376E-2 5.61128E-2 5.45926E-2 5.40982E-2
1.30117E-2 4.07573E-2 2.35181E-1 1.52187E-1 7.87304E-2 1.48019E-1 1.33798E-1 1.13767E-1 5.64973E-2 1.46248E-2 1.30824E-2 6.48075E-2 4.5455E-2 4.98085E-2 4.59086E-2 3.13196E-2 8.99369E-3 2.09504E-2 3.31833E-2 3.07344E-2 4.49632E-2 2.27273E-2 3.42386E-2 3.95465E-2 4.15266E-2 4.96252E-2 6.77967E-2 9.04068E-2 7.88867E-2 1.80894E-2 1.14434E-2 9.78469E-3 1.28807E-2 1.08747E-2 9.4338E-3 8.24829E-3 1.16216E-2 1.02712E-2 1.06153E-2 1.00467E-2 1.13291E-2 1.10552E-2 9.77112E-3 1.25736E-2 1.57723E-2 1.75292E-2 1.94606E-2 2.1096E-2 2.18931E-2 2.32812E-2 2.87937E-2 3.77734E-2 5.20293E-2 5.4206E-2 5.90564E-2 6.3102E-2 6.77662E-2 6.54168E-2 5.41955E-2 5.21114E-2 5.60646E-2
2.28872E-2 4.47362E-2 2.04886E-1 1.5189E-1 5.98185E-2 4.56861E-2 1.26218E-1 1.24009E-1 1.29368E-1 9.21566E-2 2.54761E-2 3.91499E-2 4.25599E-2 2.8074E-2 2.09613E-2 1.34533E-2 1.40264E-2 1.23698E-2 1.5139E-2 2.55603E-2 3.97955E-2 4.37506E-2 5.66677E-2 3.05844E-2 4.40922E-2 5.31849E-2 3.84201E-2 1.83676E-2 1.54879E-2 1.161E-2 8.64402E-3 7.05584E-3 7.72734E-3 6.95697E-3 7.08779E-3 6.43042E-3 7.5876E-3 7.07203E-3 8.12613E-3 9.39668E-3 9.61207E-3 9.27746E-3 8.81396E-3 1.018E-2 1.32523E-2 1.44316E-2 1.61059E-2 1.74007E-2 1.92248E-2 2.11322E-2 2.4994E-2 3.47325E-2 4.6618E-2 5.91625E-2 6.05619E-2 6.46654E-2 6.5883E-2 6.35096E-2 6.13985E-2 5.93971E-2 6.44063E-2
2.92295E-2 2.89198E-2 6.683E-2 8.95279E-2 6.12007E-2 5.63454E-2 3.34004E-2 6.41997E-2 1.32876E-1 1.15532E-1 9.60529E-2 6.95402E-2 8.13707E-2 5.50279E-2 3.51636E-2 2.55708E-2 2.49265E-2 1.77051E-2 3.87131E-2 5.50459E-2 5.68918E-2 5.34397E-2 1.99903E-2 6.59996E-2 3.59331E-2 4.47006E-2 6.96198E-2 3.76721E-2 1.10643E-2 8.4763E-3 8.12444E-3 5.85105E-3 5.56147E-3 6.33428E-3 5.67074E-3 5.46726E-3 5.8925E-3 6.16547E-3 7.45269E-3 8.98144E-3 8.95702E-3 8.61379E-3 8.79555E-3 8.61385E-3 1.10076E-2 1.34465E-2 1.58269E-2 1.65953E-2 1.89081E-2 2.13682E-2 2.58304E-2 3.20315E-2 4.17713E-2 5.22823E-2 5.77839E-2 5.90419E-2 6.346E-2 6.77634E-2 7.67617E-2 7.22031E-2 6.82583E-2
4.48868E-2 4.3868E-2 5.96869E-2 7.7867E-2 7.10922E-2 4.67297E-2 5.70189E-2 1.04874E-1 1.1909E-1 1.35528E-1 1.19193E-1 1.17363E-1 8.89029E-2 5.13476E-2 4.50234E-2 3.23088E-2 3.63559E-2 2.47787E-2 4.65167E-2 4.16956E-2 2.8489E-2 1.03008E-2 5.56875E-3 7.55379E-2 6.34314E-2 3.96735E-2 7.22488E-2 8.23624E-2 2.98851E-2 1.09672E-2 7.39088E-3 5.56729E-3 5.14433E-3 4.42713E-3 5.44585E-3 5.46426E-3 6.33901E-3 7.05073E-3 8.01853E-3 7.88463E-3 7.84429E-3 7.93391E-3 8.99561E-3 9.82133E-3 1.08386E-2 1.24066E-2 1.37046E-2 1.61066E-2 1.82088E-2 2.19904E-2 2.71518E-2 3.27145E-2 4.02421E-2 4.84892E-2 5.46452E-2 5.80315E-2 6.03097E-2 7.60738E-2 8.54468E-2 8.24523E-2 8.72119E-2
1.88033E-1 1.62156E-1 3.84784E-2 4.35508E-2 1.03476E-1 1.03246E-1 1.04337E-1 1.54472E-1 1.49758E-1 1.27544E-1 1.17219E-1 7.52354E-2 4.57765E-2 4.60519E-2 3.95599E-2 3.53489E-2 4.21424E-2 3.96015E-2 4.93837E-2 5.69761E-2 1.78783E-2 4.79938E-3 4.35704E-3 6.81602E-3 6.68154E-2 6.8017E-2 5.63935E-2 8.65854E-2 6.1979E-2 1.32777E-2 1.35609E-2 1.31298E-2 7.395E-3 5.14919E-3 4.80786E-3 4.86426E-3 5.94538E-3 8.31963E-3 7.81946E-3 8.04413E-3 9.45486E-3 1.04099E-2 1.13131E-2 1.24577E-2 1.31696E-2 1.28067E-2 1.54537E-2 1.67798E-2 1.8149E-2 2.24955E-2 2.79091E-2 3.36661E-2 4.17938E-2 4.57524E-2 5.31096E-2 6.30908E-2 6.86555E-2 7.72959E-2 8.61845E-2 9.05053E-2 9.4987E-2
1.55497E-1 1.52868E-1 7.22488E-2 4.39584E-2 5.0027E-2 1.54668E-1 1.52518E-1 1.37724E-1 1.42308E-1 1.16583E-1 9.95578E-2 8.68827E-2 5.72883E-2 4.39684E-2 4.30123E-2 2.92477E-2 4.84021E-2 5.45759E-2 6.35028E-2 3.64921E-2 9.07985E-3 5.33105E-3 5.03763E-3 5.09998E-3 1.80792E-2 6.37409E-2 4.39025E-2 4.25328E-2 3.40632E-2 1.66374E-2 1.71756E-2 2.02721E-2 1.38076E-2 8.61336E-3 6.48833E-3 7.45809E-3 9.49623E-3 1.2498E-2 1.07648E-2 1.10089E-2 1.23761E-2 1.42318E-2 1.46077E-2 1.43717E-2 1.39459E-2 1.3265E-2 1.31167E-2 1.46976E-2 1.64448E-2 2.05298E-2 2.65136E-2 3.27469E-2 3.89071E-2 4.36555E-2 5.23865E-2 6.47188E-2 7.17492E-2 7.78125E-2 8.81994E-2 9.14598E-2 9.58139E-2
4.07397E-2 3.94778E-2 4.16612E-2 6.3736E-2 6.99851E-2 7.15694E-2 1.6223E-1 1.53085E-1 1.51459E-1 1.36208E-1 1.38918E-1 1.2947E-1 7.74174E-2 7.59921E-2 8.2518E-2 6.95499E-2 5.89664E-2 8.00276E-2 7.49509E-2 7.69843E-2 1.43733E-2 5.32086E-3 4.2841E-3 4.74284E-3 4.35495E-2 7.19733E-2 5.83127E-2 5.65088E-2 3.26282E-2 3.06619E-2 2.35989E-2 2.40803E-2 1.34217E-2 1.26213E-2 9.8662E-3 1.48117E-2 1.82664E-2 2.46928E-2 2.01706E-2 2.07762E-2 1.38972E-2 1.31359E-2 1.33865E-2 1.35078E-2 1.4173E-2 1.45477E-2 1.52349E-2 1.53723E-2 1.51954E-2 1.86364E-2 2.40182E-2 2.92045E-2 3.57707E-2 4.38487E-2 5.16659E-2 5.72489E-2 6.30945E-2 7.37397E-2 8.11338E-2 9.08471E-2 9.73763E-2
1.7874E-2 1.62417E-2 1.54018E-2 2.12443E-2 5.14036E-2 8.29057E-2 5.4295E-2 1.14288E-1 1.60348E-1 1.32662E-1 1.74521E-1 1.48995E-1 1.294E-1 1.12459E-1 9.25064E-2 8.72103E-2 9.37124E-2 8.48758E-2 6.42982E-2 8.1694E-2 7.31229E-2 6.59606E-3 4.35067E-3 4.1961E-3 7.9417E-3 1.84606E-2 8.1643E-2 8.10847E-2 1.00328E-1 6.52796E-2 2.95014E-2 1.49684E-2 1.29648E-2 9.9075E-3 9.3289E-3 1.9414E-2 2.86132E-2 3.12841E-2 2.09095E-2 2.00682E-2 1.63361E-2 1.58096E-2 1.59686E-2 1.5236E-2 1.59693E-2 1.6417E-2 1.66757E-2 1.64052E-2 1.71055E-2 2.0828E-2 2.75042E-2 3.29779E-2 3.8651E-2 4.40316E-2 5.22265E-2 5.55339E-2 5.51632E-2 6.83223E-2 8.42888E-2 9.66322E-2 1.02137E-1
1.05815E-2 1.15059E-2 1.15968E-2 1.38141E-2 3.53156E-2 1.09734E-1 1.02384E-1 1.33325E-1 1.56421E-1 1.40235E-1 1.39693E-1 1.14429E-1 1.10115E-1 1.51272E-1 1.2739E-1 7.44222E-2 7.92496E-2 1.00106E-1 6.55984E-2 8.24715E-2 7.33258E-2 1.15839E-2 5.96398E-3 8.41663E-3 8.5607E-3 2.73241E-2 7.86901E-2 8.08527E-2 7.82131E-2 7.12977E-2 6.3039E-2 2.1959E-2 1.22769E-2 1.12208E-2 1.56167E-2 2.20154E-2 2.76105E-2 2.25203E-2 2.33859E-2 2.03537E-2 1.77904E-2 1.79699E-2 1.82664E-2 1.73908E-2 1.64755E-2 1.76421E-2 1.80146E-2 1.97408E-2 2.05357E-2 2.65917E-2 3.08387E-2 3.70648E-2 4.46972E-2 5.04765E-2 5.63741E-2 5.69624E-2 5.89112E-2 6.86257E-2 8.35987E-2 9.44782E-2 1.02156E-1
1.10443E-2 1.26638E-2 1.4811E-2 1.07045E-2 7.79393E-3 1.19437E-2 6.21964E-2 7.12356E-2 6.54011E-2 6.24238E-2 9.24971E-2 7.6387E-2 4.63499E-2 1.19028E-1 1.14594E-1 9.23557E-2 8.68396E-2 1.05297E-1 9.54823E-2 8.38928E-2 8.4565E-2 3.19961E-2 8.46397E-3 9.01483E-3 8.2679E-3 4.4175E-2 8.1294E-2 9.64022E-2 8.61458E-2 6.89357E-2 7.16111E-2 1.05859E-1 4.4369E-2 2.27494E-2 2.90922E-2 3.27271E-2 5.15989E-2 3.87915E-2 3.20344E-2 2.92738E-2 2.34991E-2 2.07774E-2 1.95495E-2 2.04362E-2 2.15461E-2 2.08825E-2 2.51523E-2 2.38105E-2 2.53463E-2 3.13018E-2 3.38894E-2 4.31788E-2 5.27618E-2 5.81379E-2 6.75732E-2 6.67528E-2 7.07089E-2 7.95124E-2 8.10277E-2 9.95776E-2 1.12517E-1
1.10401E-2 1.8786E-2 2.64482E-2 2.78351E-2 7.7154E-3 6.95722E-3 1.47154E-2 3.71968E-2 2.90077E-2 2.7777E-2 4.09283E-2 6.55734E-2 7.23051E-2 5.46321E-2 8.56104E-2 1.03304E-1 8.58601E-2 8.02896E-2 8.704E-2 8.68684E-2 9.03459E-2 8.4424E-2 2.02123E-2 8.34007E-3 3.03743E-2 9.87136E-2 7.9655E-2 1.11444E-1 1.05872E-1 9.15357E-2 8.21859E-2 6.23247E-2 9.37675E-2 8.47419E-2 8.23291E-2 6.37086E-2 4.23057E-2 3.3807E-2 3.30265E-2 2.86744E-2 2.7472E-2 2.26728E-2 2.37994E-2 2.3993E-2 2.53018E-2 2.60971E-2 2.77507E-2 2.63748E-2 2.65324E-2 3.15546E-2 3.67734E-2 4.26251E-2 5.27537E-2 5.95242E-2 6.50653E-2 7.83355E-2 8.78321E-2 8.9654E-2 9.95064E-2 1.22801E-1 1.23685E-1
1.13788E-2 2.2715E-2 1.12677E-1 7.41915E-2 1.09907E-2 5.42919E-3 6.25315E-3 8.28292E-3 1.50166E-2 1.58344E-2 2.14516E-2 2.59975E-2 4.93211E-2 3.45628E-2 8.51439E-2 7.00272E-2 1.15627E-1 1.05164E-1 6.59101E-2 1.20214E-1 9.66486E-2 1.03576E-1 3.23279E-2 2.03876E-2 8.43296E-2 9.52286E-2 9.83757E-2 1.32326E-1 9.68806E-2 7.53546E-2 5.22748E-2 1.82915E-2 3.64633E-2 4.76267E-2 7.72492E-2 5.96116E-2 4.13836E-2 3.41144E-2 3.36875E-2 3.08363E-2 2.88967E-2 2.61041E-2 2.44189E-2 2.39455E-2 2.59271E-2 2.57228E-2 2.52087E-2 2.55851E-2 2.74051E-2 3.06848E-2 3.57559E-2 4.42202E-2 5.29506E-2 6.61896E-2 7.24065E-2 8.24675E-2 9.11025E-2 9.58561E-2 1.0836E-1 1.38266E-1 1.43429E-1
9.67253E-3 1.66716E-2 9.11525E-2 3.48898E-2 1.82363E-2 6.03183E-3 5.80978E-3 8.68326E-3 1.54216E-2 1.3148E-2 2.0409E-2 2.69803E-2 3.85654E-2 2.6536E-2 6.57732E-2 4.9975E-2 9.73049E-2 7.94545E-2 4.16673E-2 1.47476E-1 1.2287E-1 1.32719E-1 3.92567E-2 1.52848E-2 1.32987E-1 9.36816E-2 1.23654E-1 1.58832E-1 8.73102E-2 3.30009E-2 1.40695E-2 2.14251E-2 6.23888E-2 6.29155E-2 4.39527E-2 4.4476E-2 4.11638E-2 3.92604E-2 3.9838E-2 3.17963E-2 2.63189E-2 2.47992E-2 2.49074E-2 2.97E-2 2.87541E-2 2.99577E-2 2.83079E-2 2.75969E-2 2.73812E-2 3.11953E-2 3.95696E-2 4.71611E-2 5.52879E-2 6.43973E-2 7.47925E-2 9.0281E-2 1.00418E-1 1.09523E-1 1.09915E-1 1.18152E-1 1.38908E-1
8.54105E-3 1.9218E-2 5.65261E-2 1.79554E-1 6.59357E-2 8.24662E-3 5.65099E-3 6.87872E-3 1.42716E-2 1.33544E-2 1.92469E-2 1.87532E-2 3.3139E-2 1.63829E-2 3.98554E-2 5.9024E-2 1.2944E-1 1.54765E-1 8.33016E-2 1.70129E-1 2.033E-1 9.18532E-2 3.04403E-2 1.32875E-2 5.15601E-2 1.34153E-1 1.3295E-1 1.6998E-1 5.28528E-2 1.82251E-2 1.20145E-2 1.52792E-2 2.64323E-2 3.29106E-2 3.55032E-2 4.40139E-2 3.99805E-2 3.77292E-2 3.32943E-2 2.79318E-2 2.43364E-2 2.50737E-2 2.7494E-2 3.06513E-2 3.04117E-2 2.96608E-2 2.61114E-2 2.84273E-2 3.25426E-2 3.92407E-2 4.61802E-2 5.42973E-2 5.50225E-2 6.05409E-2 6.28754E-2 8.20022E-2 9.92856E-2 9.68304E-2 1.00851E-1 1.04717E-1 1.27605E-1
9.45879E-3 3.28786E-2 7.3276E-2 1.34413E-1 1.4789E-1 1.05165E-2 4.83751E-3 5.37031E-3 6.47917E-3 7.06503E-3 1.29626E-2 1.47343E-2 2.51478E-2 1.06832E-2 1.68386E-2 3.85237E-2 9.03126E-2 1.91905E-1 6.97229E-2 2.72082E-2 2.11178E-2 1.34172E-2 2.05666E-2 1.12153E-1 1.77202E-1 1.21553E-1 1.58389E-1 2.04491E-1 1.18445E-1 3.57554E-2 1.57333E-2 1.44777E-2 1.69933E-2 2.49968E-2 2.91978E-2 3.08084E-2 3.80905E-2 3.34342E-2 2.96944E-2 2.44539E-2 1.78292E-2 2.07144E-2 2.55348E-2 3.19316E-2 3.0639E-2 3.08616E-2 3.03031E-2 3.27229E-2 3.67288E-2 4.39308E-2 5.42811E-2 5.79162E-2 5.88396E-2 5.8626E-2 5.95998E-2 7.10092E-2 8.48139E-2 9.49143E-2 9.59577E-2 9.83907E-2 1.37156E-1
8.60253E-3 3.79651E-2 8.82672E-2 6.82347E-2 1.54487E-1 5.66253E-2 5.41464E-3 5.97244E-3 6.75767E-3 7.43954E-3 7.73388E-3 7.98473E-3 7.5948E-3 1.18677E-2 1.2051E-2 2.81592E-2 1.82943E-1 1.61339E-1 2.20659E-1 2.55138E-1 1.20206E-1 1.22838E-2 6.18879E-2 2.23349E-1 1.2694E-1 1.81501E-1 2.28946E-1 1.73628E-1 9.95776E-2 4.04144E-2 3.09835E-2 3.30604E-2 2.27862E-2 2.32745E-2 2.92442E-2 3.42796E-2 3.02811E-2 2.76216E-2 2.54168E-2 1.7993E-2 1.77498E-2 2.12015E-2 2.64586E-2 2.94223E-2 3.05074E-2 3.24331E-2 3.26215E-2 3.56321E-2 3.94677E-2 4.78532E-2 5.80385E-2 6.40732E-2 6.5872E-2 6.42045E-2 6.24765E-2 7.20019E-2 9.1789E-2 1.07693E-1 1.04454E-1 1.12498E-1 1.32565E-1
