data/maxent/outputs/red_309.asc
ncols         426
nrows         180
xllcorner     -130.0
yllcorner     24.0
cellsize      0.16666666666666666
NODATA_value  -9999
[rows 27 to 53 of 180, columns 122 to 182 of 426]
2.63313E-3 3.02592E-3 2.90607E-3 3.09359E-3 4.04573E-3 4.2853E-3 3.5748E-3 3.4088E-3 3.73907E-3 2.97545E-3 2.84128E-3 2.57658E-3 2.95496E-3 4.80352E-3 6.98197E-3 8.01439E-3 9.44411E-3 1.04864E-2 1.2608E-2 1.49312E-2 1.42175E-2 1.31104E-2 1.67335E-2 1.94864E-2 3.03296E-2 2.21089E-2 3.70391E-2 2.8269E-2 1.44142E-2 1.33095E-2 1.5023E-2 1.80997E-2 1.9577E-2 1.4187E-2 1.01086E-2 8.33812E-3 7.62754E-3 7.89822E-3 7.27806E-3 6.68253E-3 5.92498E-3 5.63311E-3 5.47153E-3 5.29222E-3 4.74876E-3 4.76045E-3 6.12377E-3 7.025E-3 6.78031E-3 6.91918E-3 7.13792E-3 7.2694E-3 6.99677E-3 7.18196E-3 8.14792E-3 8.43326E-3 7.11954E-3 6.34635E-3 5.50574E-3 5.18906E-3 5.1163E-3
1.98249E-3 2.20961E-3 2.49513E-3 2.70357E-3 3.83782E-3 3.82406E-3 3.43037E-3 2.98754E-3 2.96674E-3 2.8769E-3 2.6381E-3 3.39926E-3 3.15597E-3 3.04364E-3 3.78521E-3 5.7056E-3 7.4122E-3 6.66952E-3 5.40532E-3 5.20473E-3 6.68034E-3 8.98058E-3 1.51957E-2 1.59314E-2 1.90452E-2 3.81248E-2 3.69925E-2 3.53099E-2 2.32035E-2 2.01232E-2 1.50828E-2 1.19364E-2 1.18119E-2 1.02537E-2 9.68096E-3 7.90113E-3 7.37178E-3 7.42731E-3 7.03602E-3 6.66864E-3 6.45829E-3 5.8538E-3 5.7059E-3 5.38952E-3 5.47102E-3 5.61735E-3 6.73792E-3 8.44148E-3 6.94394E-3 7.44977E-3 7.09537E-3 6.77083E-3 6.23431E-3 6.26845E-3 6.66488E-3 6.60621E-3 6.15272E-3 6.17585E-3 5.27884E-3 5.3293E-3 6.30855E-3
2.73193E-3 3.16193E-3 2.7634E-3 3.8018E-3 3.96924E-3 4.32518E-3 4.22529E-3 3.70518E-3 3.77674E-3 3.67532E-3 3.73643E-3 4.21344E-3 3.79851E-3 4.17139E-3 4.2298E-3 3.90521E-3 3.99535E-3 4.35679E-3 5.21313E-3 5.97694E-3 6.28092E-3 8.53753E-3 1.82069E-2 4.06773E-2 3.78237E-2 3.78945E-2 3.20934E-2 4.05229E-2 2.93343E-2 3.39085E-2 2.25852E-2 1.52776E-2 1.31623E-2 8.8668E-3 7.13029E-3 7.26754E-3 7.6906E-3 6.81631E-3 6.37222E-3 7.83098E-3 7.55453E-3 6.03897E-3 4.80148E-3 4.81464E-3 4.91095E-3 5.48854E-3 6.0149E-3 5.33162E-3 4.66759E-3 5.68097E-3 5.6748E-3 5.63458E-3 5.28053E-3 5.41371E-3 5.74465E-3 4.50303E-3 4.19674E-3 5.02255E-3 5.26125E-3 4.9048E-3 5.03876E-3
3.24153E-3 4.63064E-3 4.87108E-3 5.5095E-3 3.65652E-3 3.58961E-3 3.91574E-3 4.29656E-3 4.58169E-3 4.88883E-3 5.76946E-3 6.19204E-3 6.23338E-3 5.62423E-3 6.53136E-3 5.63391E-3 5.88313E-3 6.07973E-3 6.63621E-3 6.7926E-3 8.06162E-3 9.78261E-3 1.77829E-2 2.71974E-2 4.252E-2 4.80808E-2 3.65599E-2 3.36512E-2 3.10415E-2 2.82269E-2 1.70948E-2 1.0942E-2 1.04473E-2 8.68817E-3 7.05357E-3 5.80269E-3 5.99801E-3 6.32128E-3 6.22837E-3 6.77745E-3 6.84931E-3 5.34314E-3 5.14573E-3 4.97957E-3 4.53162E-3 5.12932E-3 5.05007E-3 4.46903E-3 4.08297E-3 4.48198E-3 5.035E-3 5.0169E-3 5.35445E-3 5.04254E-3 5.05142E-3 3.71978E-3 3.66438E-3 4.1609E-3 3.53045E-3 3.52766E-3 4.25395E-3
6.06577E-3 8.42665E-3 8.968E-3 7.24851E-3 5.80237E-3 4.4149E-3 4.18127E-3 4.49601E-3 5.86682E-3 7.18914E-3 5.66801E-3 8.01782E-3 8.74884E-3 4.96396E-3 8.36035E-3 8.22478E-3 9.26304E-3 7.97929E-3 6.12521E-3 4.96636E-3 6.3961E-3 1.1273E-2 1.72672E-2 2.905E-2 3.24988E-2 4.29115E-2 4.59356E-2 3.5783E-2 3.17409E-2 3.38364E-2 2.84272E-2 1.80143E-2 1.02018E-2 9.69665E-3 7.57679E-3 6.0277E-3 5.46585E-3 5.63161E-3 5.6073E-3 4.83287E-3 4.2138E-3 3.87266E-3 4.15135E-3 4.94772E-3 4.94607E-3 5.99815E-3 5.44198E-3 5.14262E-3 5.41523E-3 5.43564E-3 5.44668E-3 4.72518E-3 5.2378E-3 5.33178E-3 4.94767E-3 4.17252E-3 4.07806E-3 3.82552E-3 3.42477E-3 3.47266E-3 3.9353E-3
1.01831E-2 9.06844E-3 8.79522E-3 8.26821E-3 8.09955E-3 7.43527E-3 9.06919E-3 7.53291E-3 7.30627E-3 6.36744E-3 8.97518E-3 1.12168E-2 1.24025E-2 9.88346E-3 8.56543E-3 1.03511E-2 1.21478E-2 8.62544E-3 7.11937E-3 8.63224E-3 9.98135E-3 1.26225E-2 1.81094E-2 2.23237E-2 3.21195E-2 3.13428E-2 4.6765E-2 3.35473E-2 3.57663E-2 3.15342E-2 2.52344E-2 1.98292E-2 1.3564E-2 1.18452E-2 9.29457E-3 7.80367E-3 6.622E-3 5.38069E-3 4.49848E-3 4.60746E-3 3.56664E-3 3.24466E-3 3.021E-3 3.72271E-3 4.49497E-3 5.86165E-3 6.8656E-3 6.16255E-3 8.13934E-3 6.48335E-3 6.87115E-3 5.61845E-3 5.46161E-3 5.72638E-3 5.49812E-3 4.92315E-3 4.26979E-3 4.5445E-3 4.51449E-3 4.22747E-3 4.53108E-3
1.10709E-2 1.07169E-2 1.09771E-2 1.11847E-2 1.04229E-2 9.7751E-3 7.20683E-3 9.02452E-3 8.9987E-3 7.73868E-3 8.94547E-3 9.31939E-3 1.05318E-2 1.50117E-2 1.25035E-2 1.32621E-2 1.24072E-2 1.41581E-2 1.22716E-2 1.27651E-2 1.2975E-2 1.32373E-2 1.75598E-2 2.47032E-2 3.2254E-2 3.51998E-2 1.7978E-2 4.18365E-2 3.71462E-2 2.9896E-2 2.8427E-2 1.99605E-2 1.28174E-2 1.03862E-2 8.70864E-3 9.39485E-3 8.49545E-3 6.52652E-3 4.87113E-3 3.98843E-3 3.90887E-3 3.83911E-3 3.80937E-3 3.98454E-3 4.17622E-3 5.24883E-3 6.66482E-3 7.45277E-3 9.68508E-3 9.62762E-3 1.03127E-2 7.57558E-3 6.20759E-3 5.88517E-3 5.79386E-3 6.03294E-3 7.08377E-3 6.04689E-3 5.53787E-3 5.20227E-3 5.51235E-3
7.4169E-3 8.3001E-3 1.01907E-2 1.34929E-2 1.10549E-2 1.20816E-2 1.0631E-2 9.16735E-3 8.2893E-3 8.90869E-3 8.39471E-3 8.03864E-3 1.26995E-2 1.36743E-2 1.52547E-2 1.85394E-2 1.75031E-2 1.30617E-2 1.39723E-2 1.33236E-2 1.20553E-2 1.32939E-2 1.40942E-2 1.53551E-2 1.7388E-2 2.1256E-2 1.895E-2 2.03372E-2 3.01778E-2 1.79361E-2 1.44567E-2 1.7302E-2 1.37077E-2 1.12104E-2 9.97262E-3 1.03694E-2 1.13492E-2 7.2815E-3 6.01245E-3 6.33947E-3 5.31799E-3 5.69071E-3 4.67445E-3 4.90919E-3 5.16025E-3 5.60978E-3 5.9703E-3 6.76951E-3 8.91725E-3 1.18302E-2 1.55246E-2 1.08152E-2 8.07406E-3 7.83614E-3 7.43905E-3 7.11817E-3 7.16621E-3 8.35942E-3 7.70953E-3 6.84838E-3 6.87132E-3
7.93222E-3 8.45401E-3 1.06338E-2 9.92233E-3 1.10606E-2 1.15813E-2 1.25539E-2 1.19394E-2 1.00842E-2 9.82502E-3 9.45962E-3 8.95706E-3 1.00758E-2 1.18924E-2 1.79239E-2 2.10892E-2 2.01126E-2 1.58874E-2 1.27198E-2 1.56262E-2 1.48518E-2 1.28628E-2 1.47335E-2 1.6857E-2 1.65152E-2 1.69351E-2 1.78083E-2 2.0495E-2 1.27735E-2 1.16703E-2 1.06797E-2 1.2414E-2 1.40296E-2 1.36585E-2 1.47637E-2 1.64068E-2 1.56603E-2 1.34444E-2 1.47964E-2 1.29969E-2 1.09107E-2 1.00526E-2 1.02325E-2 7.21321E-3 6.6635E-3 6.5573E-3 7.05489E-3 6.95144E-3 8.31355E-3 1.06293E-2 1.32074E-2 1.30006E-2 1.2292E-2 1.02433E-2 1.00339E-2 9.97375E-3 1.08465E-2 1.01568E-2 9.38488E-3 8.25411E-3 7.70544E-3
8.12847E-3 8.28596E-3 1.16636E-2 1.46321E-2 1.38563E-2 1.03308E-2 1.24607E-2 1.43773E-2 1.29612E-2 1.2281E-2 1.25647E-2 1.12067E-2 1.32773E-2 1.40589E-2 1.73819E-2 2.16356E-2 2.20904E-2 2.10703E-2 2.08669E-2 1.94975E-2 1.86811E-2 1.45789E-2 1.34093E-2 1.29994E-2 1.30478E-2 1.38938E-2 1.37365E-2 1.29571E-2 1.15029E-2 1.15803E-2 1.1224E-2 1.30598E-2 1.21434E-2 1.24626E-2 1.6164E-2 1.43318E-2 1.3294E-2 1.34755E-2 1.15973E-2 9.57045E-3 7.14334E-3 1.02278E-2 1.42043E-2 1.56397E-2 1.24292E-2 7.50376E-3 8.16055E-3 8.4354E-3 7.88982E-3 8.31378E-3 1.03722E-2 1.04535E-2 1.30192E-2 1.30111E-2 1.20418E-2 1.16025E-2 1.03238E-2 1.30186E-2 1.03367E-2 1.02019E-2 1.00255E-2
1.04155E-2 1.20727E-2 1.36317E-2 1.53874E-2 1.82432E-2 1.51637E-2 1.39892E-2 1.57539E-2 1.57855E-2 1.18854E-2 1.44932E-2 1.36464E-2 1.44219E-2 1.90575E-2 1.64898E-2 2.08697E-2 2.31823E-2 2.33621E-2 2.02515E-2 1.80997E-2 1.88755E-2 1.34382E-2 1.39269E-2 1.33304E-2 1.17634E-2 1.35183E-2 1.26862E-2 1.2124E-2 1.2106E-2 1.28642E-2 1.27755E-2 1.21719E-2 1.16818E-2 1.56077E-2 1.90058E-2 1.3682E-2 1.19506E-2 1.14901E-2 1.31616E-2 1.34258E-2 9.49405E-3 9.22806E-3 1.40222E-2 1.69791E-2 1.90839E-2 7.91068E-3 7.77712E-3 7.88083E-3 7.82033E-3 9.12922E-3 9.30995E-3 8.58596E-3 8.00579E-3 1.07132E-2 1.38705E-2 1.3801E-2 1.19611E-2 1.01931E-2 1.03294E-2 1.11195E-2 1.18186E-2
1.0453E-2 8.93047E-3 6.69107E-3 9.27033E-3 1.19204E-2 1.2403E-2 1.32412E-2 1.34935E-2 1.28223E-2 1.32119E-2 1.35563E-2 1.98926E-2 1.97139E-2 1.89062E-2 1.56464E-2 1.75039E-2 1.88832E-2 1.6204E-2 1.44819E-2 1.54886E-2 1.69186E-2 1.3474E-2 1.15584E-2 1.09127E-2 1.11576E-2 1.18728E-2 1.28315E-2 1.29319E-2 1.78985E-2 1.43767E-2 1.11097E-2 1.17078E-2 1.49822E-2 2.32618E-2 2.1912E-2 1.67867E-2 1.42438E-2 1.71829E-2 1.46225E-2 1.66161E-2 1.55744E-2 1.25796E-2 1.1575E-2 1.64873E-2 2.02622E-2 1.55155E-2 1.25107E-2 1.31789E-2 1.56218E-2 1.63178E-2 1.66028E-2 1.46897E-2 9.99628E-3 9.62069E-3 1.27426E-2 1.41041E-2 1.29443E-2 1.16639E-2 1.16548E-2 1.15381E-2 1.17198E-2
1.24097E-2 1.33249E-2 1.2937E-2 1.26177E-2 1.02753E-2 9.47538E-3 8.80459E-3 1.01807E-2 1.11617E-2 1.35719E-2 1.3784E-2 1.37458E-2 1.29988E-2 1.03051E-2 7.93169E-3 8.49694E-3 8.77272E-3 8.93658E-3 1.05136E-2 1.27403E-2 1.48956E-2 1.25989E-2 1.11739E-2 1.08367E-2 1.16548E-2 1.22481E-2 1.4214E-2 1.5096E-2 1.55402E-2 1.22759E-2 1.69283E-2 1.81782E-2 2.03599E-2 1.55974E-2 1.57389E-2 1.55013E-2 1.76811E-2 1.62605E-2 9.30061E-3 1.02893E-2 9.46988E-3 1.16127E-2 9.27892E-3 1.09515E-2 1.16E-2 1.02745E-2 1.37776E-2 1.45706E-2 1.11357E-2 1.22402E-2 1.06572E-2 1.17922E-2 1.14442E-2 1.13308E-2 1.10113E-2 1.22111E-2 1.36594E-2 1.1904E-2 1.18257E-2 1.1916E-2 1.18889E-2
1.43504E-2 1.6029E-2 1.63594E-2 1.99765E-2 1.36061E-2 1.03067E-2 7.72015E-3 8.49342E-3 1.11043E-2 1.37403E-2 1.43274E-2 1.18442E-2 1.05432E-2 1.02679E-2 9.02326E-3 8.00771E-3 8.70513E-3 1.02887E-2 1.29179E-2 1.29374E-2 1.21356E-2 1.16372E-2 1.08812E-2 1.13572E-2 1.24423E-2 1.44135E-2 1.38669E-2 9.63629E-3 1.49569E-2 3.995E-2 3.37523E-2 2.43729E-2 1.9302E-2 1.50124E-2 1.44183E-2 1.54066E-2 1.69206E-2 1.57113E-2 9.56139E-3 9.88415E-3 1.15944E-2 1.24892E-2 1.1994E-2 1.30938E-2 1.39223E-2 1.50834E-2 1.55738E-2 1.46853E-2 1.37429E-2 1.33761E-2 1.51002E-2 1.48251E-2 1.3745E-2 1.27703E-2 1.13015E-2 1.33114E-2 1.08314E-2 1.10902E-2 1.21532E-2 1.13517E-2 1.04733E-2
1.02738E-2 1.09156E-2 1.39453E-2 1.42249E-2 1.20106E-2 1.04537E-2 9.42777E-3 6.64688E-3 6.97247E-3 9.13197E-3 1.30419E-2 1.10259E-2 8.53419E-3 1.04734E-2 1.05853E-2 1.00428E-2 1.14115E-2 9.47827E-3 8.7482E-3 9.80917E-3 1.11835E-2 1.12382E-2 1.15382E-2 1.32051E-2 1.22768E-2 1.25217E-2 9.71614E-3 1.01958E-2 2.36474E-2 9.06811E-2 7.72537E-2 2.50491E-2 1.73375E-2 1.29827E-2 1.46516E-2 1.7582E-2 1.69337E-2 1.63216E-2 9.127E-3 8.58776E-3 1.08982E-2 1.34874E-2 1.42368E-2 1.36109E-2 1.57657E-2 1.67211E-2 1.63163E-2 1.28625E-2 1.12702E-2 1.09131E-2 1.21924E-2 1.27455E-2 1.4363E-2 1.04866E-2 9.94628E-3 9.33799E-3 9.60819E-3 1.25155E-2 1.0259E-2 1.31784E-2 1.11462E-2
1.18639E-2 8.88967E-3 8.66538E-3 1.33404E-2 1.70851E-2 1.19501E-2 1.02139E-2 6.71805E-3 7.49296E-3 8.42724E-3 1.04447E-2 7.80869E-3 7.01895E-3 8.49162E-3 8.06058E-3 8.96823E-3 9.0489E-3 8.38494E-3 1.00263E-2 1.01471E-2 1.12859E-2 1.28598E-2 1.36489E-2 1.31201E-2 1.26603E-2 1.75334E-2 2.28913E-2 1.91289E-2 3.62043E-2 7.57169E-2 6.43675E-2 5.09111E-2 1.71204E-2 1.32185E-2 1.52524E-2 2.04104E-2 1.86678E-2 1.70801E-2 1.00524E-2 9.45171E-3 9.47446E-3 1.01567E-2 1.29489E-2 1.47579E-2 1.70093E-2 1.82736E-2 1.47463E-2 1.19095E-2 1.11919E-2 1.27245E-2 1.22008E-2 1.29003E-2 1.7076E-2 1.31853E-2 1.02429E-2 9.83367E-3 9.97015E-3 1.06018E-2 1.15607E-2 1.48394E-2 1.12777E-2
3.83636E-3 1.03277E-3 1.25058E-3 1.17166E-2 1.37422E-2 8.77289E-3 9.69203E-3 8.89131E-3 1.01494E-2 8.97514E-3 1.06597E-2 9.81776E-3 1.0213E-2 7.95595E-3 7.67637E-3 7.99579E-3 7.51439E-3 7.00647E-3 8.20925E-3 8.90928E-3 9.15713E-3 1.07914E-2 1.35386E-2 1.49604E-2 2.14116E-2 2.40194E-2 2.20679E-2 2.97502E-2 4.08394E-2 3.31655E-2 3.28612E-2 3.79197E-2 1.68069E-2 1.60237E-2 1.40745E-2 1.4841E-2 2.00467E-2 1.78632E-2 1.19022E-2 1.02776E-2 1.22592E-2 1.12154E-2 1.24469E-2 1.44049E-2 1.39706E-2 1.26901E-2 1.37758E-2 1.49392E-2 1.65917E-2 1.52388E-2 1.58114E-2 1.56953E-2 1.67996E-2 2.0158E-2 1.33879E-2 1.14698E-2 1.03585E-2 1.38722E-2 1.3551E-2 1.35537E-2 1.15364E-2
1.09109E-2 1.17209E-2 1.19866E-2 1.08549E-2 9.35061E-3 7.04331E-3 7.61946E-3 8.92987E-3 1.04767E-2 9.55442E-3 1.03907E-2 1.15946E-2 9.64E-3 8.33594E-3 7.19245E-3 7.22623E-3 7.72235E-3 7.57241E-3 1.00394E-2 1.07288E-2 9.20853E-3 1.03092E-2 1.36291E-2 1.34472E-2 1.8353E-2 2.76781E-2 3.15422E-2 2.1763E-2 2.82026E-2 1.74433E-2 1.60315E-2 1.98465E-2 2.00014E-2 1.6442E-2 1.8697E-2 1.98646E-2 1.91333E-2 1.56501E-2 1.24664E-2 1.09122E-2 1.00031E-2 9.94575E-3 1.02129E-2 1.18435E-2 1.42274E-2 1.61313E-2 1.56729E-2 1.56799E-2 1.64082E-2 1.77508E-2 1.87331E-2 1.65211E-2 1.66207E-2 1.71137E-2 1.85021E-2 1.20299E-2 1.02189E-2 1.05802E-2 1.15518E-2 1.13625E-2 1.20664E-2
1.02473E-2 9.20471E-3 8.48171E-3 8.89989E-3 8.11307E-3 7.49527E-3 8.88356E-3 1.1938E-2 1.4796E-2 1.48304E-2 1.25071E-2 7.56206E-3 8.61507E-3 8.05368E-3 7.28046E-3 7.80283E-3 8.62566E-3 8.23141E-3 9.1178E-3 9.19102E-3 1.21805E-2 1.17992E-2 1.52278E-2 1.71733E-2 2.07308E-2 2.45239E-2 2.78344E-2 1.78874E-2 1.5567E-2 1.76545E-2 1.35702E-2 1.46723E-2 2.1594E-2 2.33002E-2 2.0048E-2 1.91267E-2 1.87253E-2 1.73503E-2 1.28928E-2 1.06105E-2 1.11201E-2 1.02222E-2 1.02225E-2 1.10522E-2 1.29943E-2 1.36734E-2 1.59098E-2 1.45772E-2 1.48984E-2 1.6728E-2 1.88134E-2 1.76021E-2 1.87884E-2 1.68923E-2 1.90176E-2 1.1675E-2 9.22107E-3 9.26596E-3 1.01464E-2 1.17002E-2 1.1234E-2
9.78538E-3 9.12334E-3 8.55004E-3 8.30534E-3 7.21256E-3 9.79818E-3 1.26445E-2 1.39202E-2 1.50847E-2 1.1383E-2 1.12553E-2 7.8752E-3 1.02339E-2 1.09421E-2 1.17881E-2 9.44767E-3 8.83486E-3 9.83453E-3 8.82819E-3 1.0473E-2 1.31046E-2 1.4123E-2 1.59088E-2 1.47964E-2 1.72597E-2 1.96134E-2 1.68483E-2 2.41609E-2 1.32399E-2 1.13694E-2 1.40229E-2 2.88947E-2 2.87532E-2 1.74952E-2 1.67473E-2 1.60832E-2 1.46584E-2 1.31405E-2 1.14148E-2 1.09311E-2 1.20623E-2 1.12632E-2 1.12282E-2 1.22552E-2 1.3582E-2 1.45329E-2 1.4895E-2 1.64512E-2 1.63597E-2 1.66033E-2 1.85892E-2 1.77188E-2 1.8426E-2 1.67375E-2 2.02041E-2 1.57555E-2 1.3711E-2 1.09258E-2 1.09225E-2 9.46121E-3 8.77876E-3
1.26924E-2 1.20891E-2 1.10015E-2 9.91193E-3 8.65836E-3 6.81307E-3 9.07395E-3 6.40024E-3 8.4702E-3 8.57593E-3 9.75894E-3 1.07747E-2 1.12401E-2 1.03152E-2 1.19777E-2 8.17058E-3 1.08152E-2 9.49106E-3 1.08928E-2 1.01243E-2 1.16638E-2 1.23622E-2 1.21739E-2 1.75952E-2 1.59443E-2 1.80873E-2 1.88004E-2 1.74613E-2 1.67836E-2 1.04175E-2 1.3114E-2 2.77182E-2 2.24035E-2 1.84872E-2 1.43271E-2 1.54396E-2 1.56661E-2 1.30292E-2 1.22143E-2 1.10838E-2 1.10866E-2 1.10015E-2 1.31784E-2 1.40914E-2 1.56937E-2 1.65446E-2 1.43077E-2 1.57158E-2 1.82657E-2 2.08895E-2 1.98037E-2 1.90998E-2 1.90494E-2 2.03413E-2 2.86233E-2 1.78635E-2 1.5363E-2 1.37804E-2 1.04501E-2 9.49537E-3 9.22853E-3
1.71687E-2 1.71281E-2 1.11267E-2 8.0456E-3 8.76417E-3 9.2619E-3 1.02568E-2 7.54792E-3 8.62933E-3 9.36241E-3 1.32853E-2 1.70687E-2 1.03543E-2 1.33257E-2 9.73954E-3 8.15385E-3 1.31345E-2 1.02842E-2 9.79872E-3 9.45213E-3 1.3016E-2 1.27276E-2 1.20265E-2 1.37608E-2 1.51524E-2 1.39356E-2 1.7203E-2 1.61187E-2 1.82172E-2 2.18051E-2 3.43913E-2 4.99553E-2 2.39262E-2 1.60138E-2 1.3039E-2 1.48363E-2 1.84205E-2 1.63176E-2 1.4541E-2 1.34283E-2 1.20263E-2 1.20104E-2 1.29767E-2 1.72123E-2 1.78881E-2 2.01628E-2 1.82764E-2 1.86162E-2 1.97307E-2 2.02502E-2 1.89096E-2 1.74242E-2 1.64926E-2 1.84296E-2 2.4789E-2 3.01286E-2 2.0181E-2 1.66704E-2 1.33738E-2 1.0677E-2 1.05314E-2
1.44778E-2 1.17962E-2 1.31177E-2 1.15867E-2 1.18192E-2 1.11237E-2 1.13592E-2 1.06271E-2 1.1231E-2 1.321E-2 8.32896E-3 9.48851E-3 7.36061E-3 1.14193E-2 9.99883E-3 9.61065E-3 1.6284E-2 1.01891E-2 1.12248E-2 1.08467E-2 1.36997E-2 1.68338E-2 1.86687E-2 1.11341E-2 1.25734E-2 9.84367E-3 1.34909E-2 1.33259E-2 1.69127E-2 2.62193E-2 3.09217E-2 2.39719E-2 2.40266E-2 2.31302E-2 1.42438E-2 1.40821E-2 1.42046E-2 1.42439E-2 1.43565E-2 1.3239E-2 1.12715E-2 1.21521E-2 1.46248E-2 1.76649E-2 2.16394E-2 1.88808E-2 1.84939E-2 1.95707E-2 1.95795E-2 1.99991E-2 2.00349E-2 2.12251E-2 2.10123E-2 2.22633E-2 2.26694E-2 3.19384E-2 2.70205E-2 1.73481E-2 1.64083E-2 1.62858E-2 1.55783E-2
1.54638E-2 1.22052E-2 1.12656E-2 1.33509E-2 1.31621E-2 1.37478E-2 1.58265E-2 9.72545E-3 1.46621E-2 1.39038E-2 1.22321E-2 1.01465E-2 1.02645E-2 1.00364E-2 1.12828E-2 1.01425E-2 9.03796E-3 1.07739E-2 1.72581E-2 1.66818E-2 9.88205E-3 1.1899E-2 1.71788E-2 9.27243E-3 9.027E-3 9.99913E-3 1.16975E-2 1.36293E-2 1.31559E-2 1.78507E-2 1.84892E-2 1.70715E-2 2.73703E-2 2.1198E-2 1.21425E-2 1.28448E-2 1.0225E-2 1.04308E-2 1.50814E-2 1.64202E-2 1.32306E-2 1.38028E-2 1.55919E-2 1.83275E-2 1.88808E-2 1.96564E-2 1.8195E-2 1.86708E-2 2.18095E-2 2.0588E-2 1.84189E-2 2.01417E-2 2.26181E-2 2.36094E-2 2.92325E-2 3.80762E-2 2.09615E-2 2.02572E-2 1.9339E-2 1.92762E-2 1.70635E-2
2.04045E-2 1.43073E-2 1.25607E-2 1.26996E-2 1.26768E-2 1.58195E-2 1.7077E-2 1.88596E-2 2.63372E-2 3.07537E-2 2.15952E-2 1.00566E-2 1.4388E-2 1.05671E-2 1.29482E-2 2.19178E-2 1.52636E-2 1.15881E-2 1.30315E-2 1.31181E-2 1.319E-2 1.19E-2 1.2745E-2 1.04084E-2 9.93962E-3 9.60675E-3 1.02407E-2 1.31415E-2 1.4533E-2 1.69519E-2 1.50619E-2 1.84169E-2 1.95204E-2 1.22778E-2 1.63923E-2 1.47752E-2 1.39407E-2 1.06076E-2 1.51576E-2 1.67477E-2 1.44936E-2 1.36834E-2 1.44063E-2 1.47017E-2 1.50185E-2 1.67724E-2 1.84175E-2 1.83662E-2 1.96951E-2 1.98618E-2 1.90884E-2 2.09588E-2 2.22287E-2 2.35812E-2 2.68032E-2 3.37102E-2 3.10161E-2 1.85058E-2 1.72353E-2 1.63224E-2 1.92609E-2
2.37293E-3 6.99206E-3 1.78939E-2 1.10497E-2 9.60333E-3 2.02775E-2 1.78655E-2 4.37536E-3 2.15026E-2 3.14989E-2 4.15887E-2 1.9519E-2 1.29207E-2 9.45837E-3 1.29443E-2 2.24793E-2 1.03751E-2 1.02879E-2 1.05666E-2 1.18381E-2 1.11868E-2 1.15212E-2 1.1529E-2 1.03926E-2 9.83583E-3 9.66571E-3 1.03247E-2 1.27674E-2 1.56152E-2 1.80178E-2 1.77229E-2 1.51371E-2 1.32956E-2 1.50078E-2 1.58344E-2 1.59138E-2 1.55846E-2 1.41944E-2 1.41596E-2 1.49064E-2 1.37783E-2 1.56704E-2 1.63371E-2 1.51793E-2 1.61473E-2 1.73227E-2 1.63551E-2 1.68161E-2 1.78519E-2 1.91784E-2 2.01668E-2 2.1767E-2 2.36183E-2 2.51309E-2 2.60189E-2 2.98052E-2 3.57491E-2 2.30987E-2 2.23204E-2 1.83227E-2 1.9136E-2
2.48311E-6 1.10342E-4 4.56698E-3 7.35751E-3 9.92282E-3 8.86809E-3 1.17543E-2 1.26117E-2 2.26707E-2 1.87819E-2 9.34692E-4 2.67198E-2 2.17875E-2 1.15132E-2 1.11179E-2 1.44015E-2 7.46368E-3 8.53839E-3 8.01956E-3 8.12519E-3 1.06163E-2 1.0856E-2 1.08863E-2 1.06496E-2 9.64528E-3 7.46122E-3 8.74208E-3 1.40186E-2 1.48538E-2 1.27138E-2 1.16346E-2 1.10231E-2 1.30417E-2 1.60442E-2 1.87064E-2 2.57085E-2 3.22037E-2 3.50268E-2 2.45223E-2 1.68773E-2 1.43824E-2 1.70532E-2 1.7686E-2 1.73969E-2 1.66689E-2 1.85544E-2 1.73657E-2 1.70764E-2 1.68182E-2 1.8333E-2 2.15179E-2 2.48286E-2 2.55074E-2 2.53357E-2 2.60505E-2 3.16456E-2 3.41063E-2 2.21956E-2 2.17728E-2 2.03183E-2 2.02679E-2
