data/maxent/outputs/red_43.asc
ncols         426
nrows         180
xllcorner     -130.0
yllcorner     24.0
cellsize      0.16666666666666666
NODATA_value  -9999
[rows 0 to 26 of 180, columns 0 to 60 of 426]
7.15431E-5 3.98347E-5 3.4372E-5 2.08531E-5 1.62616E-5 1.91433E-5 4.32353E-5 1.40676E-4 1.26128E-4 1.09005E-4 9.48347E-5 4.99246E-5 7.33522E-5 1.21991E-4 2.44967E-4 5.89739E-4 6.66583E-4 8.58548E-4 1.04364E-3 9.27214E-4 1.11995E-3 1.37673E-3 1.0766E-3 8.56763E-4 7.65009E-4 7.42901E-4 7.13592E-4 6.77353E-4 5.76121E-4 5.32912E-4 4.89819E-4 5.11524E-4 4.19563E-4 2.40017E-4 1.50228E-4 1.85515E-4 1.06441E-4 1.19828E-4 4.08318E-4 5.74528E-4 8.41631E-4 6.0145E-4 9.83086E-4 1.31525E-3 1.49456E-3 1.75542E-3 2.08808E-3 2.02345E-3 2.17314E-3 2.36212E-3 2.29963E-3 1.63064E-3 8.67878E-4 6.73004E-4 6.54083E-4 4.09265E-4 2.97379E-4 8.37359E-5 1.34521E-4 9.61023E-5 1.13939E-4
1.0391E-4 3.45422E-5 1.60832E-5 1.56737E-5 1.11914E-5 1.57596E-5 3.51649E-5 6.06693E-5 3.39487E-5 7.15456E-5 8.59835E-5 4.64002E-5 4.75859E-5 5.92996E-5 1.84348E-4 2.33081E-4 3.06745E-4 8.36308E-4 1.07626E-3 1.24912E-3 1.00948E-3 5.58582E-4 1.10124E-3 1.11178E-3 9.67295E-4 7.25057E-4 6.88652E-4 6.09873E-4 5.8711E-4 4.6622E-4 2.78753E-4 2.27002E-4 5.28164E-4 3.84562E-4 3.00953E-4 2.74464E-4 3.04218E-4 3.19644E-4 3.42911E-4 5.56867E-4 7.02914E-4 8.28037E-4 8.79109E-4 1.62404E-3 1.31203E-3 1.50023E-3 1.86892E-3 1.7482E-3 1.81443E-3 2.11444E-3 1.0347E-3 1.31375E-3 1.64933E-3 1.82251E-3 1.86315E-3 7.99211E-4 2.93611E-4 3.11415E-4 3.15577E-4 1.81711E-4 1.47011E-4
1.80659E-4 4.96358E-5 2.58734E-5 1.21233E-5 1.05418E-5 1.03836E-5 1.47545E-5 2.50015E-5 1.55725E-5 2.15935E-5 2.59432E-5 4.36878E-5 1.33224E-4 4.5989E-5 7.82142E-5 1.12211E-4 3.50001E-4 4.73336E-4 9.65301E-4 1.26058E-3 7.86099E-4 5.24457E-4 8.95319E-4 9.79411E-4 7.93143E-4 7.99481E-4 6.55317E-4 6.54112E-4 5.68448E-4 4.34056E-4 4.92793E-4 4.7456E-4 3.06008E-4 2.2518E-4 2.88461E-4 1.78571E-4 8.70576E-5 1.33547E-4 3.21568E-4 4.94804E-4 4.39705E-4 7.84749E-4 8.48165E-4 1.53296E-3 1.56729E-3 9.02195E-4 9.99956E-4 1.62917E-3 1.36915E-3 1.48691E-3 1.62482E-3 1.08775E-3 5.50122E-4 5.42391E-4 7.88157E-4 1.38508E-3 1.52068E-3 3.85819E-4 2.37397E-4 2.025E-4 1.92505E-4
3.32053E-4 8.17135E-5 3.47144E-5 1.80641E-5 9.77666E-6 9.16648E-6 1.03802E-5 9.7243E-6 1.43592E-5 1.42294E-5 1.71781E-5 3.6622E-5 2.38071E-5 3.53054E-5 4.69793E-5 1.05717E-4 2.56853E-4 5.66681E-4 9.43033E-4 1.03799E-3 7.70896E-4 3.11129E-4 5.32291E-4 6.88937E-4 8.52591E-4 8.01188E-4 8.32287E-4 8.15295E-4 7.34327E-4 6.44657E-4 5.4948E-4 3.7873E-4 3.1745E-4 2.03256E-4 2.67346E-4 2.84696E-4 2.76624E-4 3.21305E-4 2.75372E-4 4.18621E-4 1.47382E-4 3.99156E-4 8.6497E-4 1.42079E-3 1.40029E-3 1.23156E-3 1.03072E-3 1.16855E-3 1.36201E-3 1.33022E-3 1.5072E-3 1.51733E-3 8.15923E-4 4.51025E-4 3.89226E-4 5.49471E-4 8.68437E-4 1.46271E-3 9.67349E-4 2.38279E-4 2.8121E-4
4.28957E-4 2.52519E-4 5.97309E-5 2.68944E-5 1.43209E-5 1.1165E-5 7.77715E-6 6.40984E-6 6.66158E-6 8.10818E-6 9.84925E-6 1.31604E-5 2.5356E-5 5.18384E-5 6.29176E-5 1.49374E-4 2.21976E-4 2.50196E-4 4.1086E-4 5.88396E-4 1.01869E-3 1.34491E-3 1.03789E-3 1.05259E-3 1.16872E-3 1.02734E-3 8.06146E-4 6.99772E-4 4.87549E-4 3.86966E-4 3.63455E-4 3.13718E-4 3.13199E-4 1.79279E-4 1.89427E-4 2.53738E-4 3.36666E-4 2.49511E-4 1.47774E-4 4.2005E-4 2.47428E-4 3.086E-4 9.41486E-4 1.18105E-3 1.08832E-3 1.52536E-3 1.12776E-3 1.41385E-3 1.29304E-3 1.37605E-3 1.3926E-3 1.86236E-3 1.90945E-3 9.70026E-4 7.39941E-4 3.57687E-4 2.10159E-4 2.00338E-4 5.53953E-4 1.36561E-3 8.97174E-4
5.2391E-4 2.17533E-4 1.51885E-4 6.42239E-5 2.76832E-5 1.21314E-5 7.26245E-6 5.5533E-6 6.18551E-6 6.10062E-6 8.74216E-6 9.04305E-6 1.61927E-5 4.10667E-5 9.5816E-5 1.23238E-4 1.20049E-4 2.82265E-4 1.25687E-4 3.56762E-4 3.1918E-4 7.88698E-4 1.25764E-3 1.19246E-3 1.24984E-3 1.14887E-3 8.21597E-4 6.42217E-4 4.51188E-4 3.15787E-4 3.57725E-4 3.12353E-4 2.99926E-4 3.00358E-4 1.74161E-4 1.59767E-4 2.75131E-4 1.69651E-4 2.25468E-4 2.902E-4 2.93485E-4 4.13934E-4 5.04536E-4 8.92122E-4 9.05142E-4 1.57044E-3 1.69163E-3 1.62011E-3 1.30687E-3 1.18939E-3 1.08141E-3 1.15317E-3 1.69679E-3 1.50884E-3 5.17055E-4 5.95459E-4 2.33043E-4 1.25696E-4 2.52438E-4 2.22831E-4 6.76564E-4
-9999 2.07439E-4 2.08667E-4 7.22635E-5 4.20484E-5 2.55343E-5 1.49198E-5 6.61358E-6 5.3722E-6 5.53212E-6 6.18522E-6 9.88226E-6 1.12235E-5 1.95782E-5 3.36995E-5 6.19816E-5 5.72817E-5 2.653E-4 1.04515E-4 5.81024E-4 2.82308E-4 8.04585E-4 1.46602E-3 1.43858E-3 1.18185E-3 1.09319E-3 7.7066E-4 5.60288E-4 4.17772E-4 3.38349E-4 2.97967E-4 2.63593E-4 2.35535E-4 2.50369E-4 2.14722E-4 1.84782E-4 2.03046E-4 2.43201E-4 2.34898E-4 1.87848E-4 2.75424E-4 3.43061E-4 3.64509E-4 6.44022E-4 1.151E-3 1.69372E-3 2.01925E-3 1.62241E-3 1.38154E-3 1.19782E-3 1.0303E-3 7.66883E-4 1.67738E-3 1.59823E-3 1.12594E-3 5.58432E-4 3.71773E-4 2.14644E-4 1.02575E-4 7.67618E-5 2.8563E-4
-9999 -9999 -9999 1.13347E-4 1.35177E-4 6.67131E-5 3.18052E-5 1.23763E-5 7.43947E-6 8.11502E-6 1.03562E-5 1.40238E-5 1.41074E-5 1.26591E-5 1.55353E-5 3.91575E-5 5.91399E-5 1.47765E-4 4.77887E-4 2.98483E-4 4.69425E-4 1.05563E-3 1.75623E-3 1.11846E-3 6.11793E-4 4.68201E-4 7.95663E-4 5.91959E-4 3.49558E-4 3.40786E-4 2.91435E-4 2.12184E-4 1.62635E-4 1.62189E-4 1.91903E-4 1.43765E-4 1.61254E-4 1.89572E-4 2.26055E-4 1.86948E-4 1.6051E-4 2.04544E-4 2.8424E-4 4.45125E-4 1.04036E-3 1.26435E-3 1.4538E-3 1.81457E-3 1.2427E-3 1.32421E-3 1.20832E-3 1.61923E-3 1.31436E-3 1.25856E-3 1.49324E-3 1.50096E-3 3.36431E-4 4.66215E-4 1.72998E-4 1.35991E-4 1.50921E-4
-9999 -9999 -9999 2.22865E-4 1.6359E-4 1.92712E-4 1.58708E-4 4.06218E-5 2.23729E-5 1.49444E-5 2.18186E-5 2.67835E-5 2.77033E-5 2.02202E-5 1.86528E-5 3.18021E-5 1.02068E-4 2.02506E-4 1.63133E-4 2.13513E-4 3.38524E-4 4.12976E-4 5.82267E-4 3.23176E-4 3.22578E-4 4.11377E-4 5.509E-4 3.93678E-4 3.19552E-4 2.44284E-4 2.44463E-4 2.34337E-4 1.57039E-4 1.18866E-4 1.21744E-4 9.68723E-5 1.29027E-4 1.32551E-4 6.36819E-5 5.66246E-5 9.67201E-5 1.55184E-4 1.44103E-4 3.11039E-4 8.97102E-4 1.35969E-3 1.09801E-3 1.43089E-3 1.92956E-3 1.80883E-3 2.10576E-3 2.26563E-3 2.30495E-3 2.90043E-3 2.99489E-3 1.50395E-3 1.69634E-3 1.80454E-3 9.71544E-4 1.88297E-4 8.7958E-5
-9999 -9999 -9999 -9999 -9999 1.59719E-4 2.12943E-4 2.13313E-4 9.77977E-5 7.98023E-5 9.15584E-5 6.91227E-5 4.05725E-5 2.38947E-5 2.56153E-5 4.47648E-5 1.43011E-4 1.73424E-4 2.49988E-4 6.18742E-4 1.14818E-3 1.28455E-3 9.14529E-4 1.17184E-3 1.0919E-3 1.19664E-3 1.01788E-3 5.37562E-4 3.04934E-4 2.32344E-4 2.06792E-4 2.50127E-4 1.58674E-4 8.06977E-5 4.70939E-5 9.51834E-6 1.9785E-5 4.75276E-5 1.83191E-5 4.35012E-5 7.86924E-5 1.28926E-4 1.4598E-4 1.29855E-4 2.92985E-4 8.59789E-4 1.25089E-3 1.06004E-3 1.34433E-3 1.87481E-3 1.98045E-3 2.38553E-3 2.66682E-3 2.80205E-3 3.06671E-3 2.06373E-3 3.42021E-4 5.65668E-4 1.42134E-3 5.74571E-4 6.01168E-4
-9999 -9999 -9999 -9999 -9999 -9999 -9999 7.0378E-4 6.11502E-4 4.87491E-4 4.55984E-4 2.93346E-4 9.73228E-5 5.50108E-5 4.19114E-5 5.92902E-5 8.68374E-5 1.05472E-4 4.10064E-4 1.58924E-4 2.2577E-4 3.93378E-4 1.43757E-4 5.37498E-4 3.56446E-4 1.27529E-3 5.37211E-4 7.03091E-4 5.70228E-4 2.65941E-4 2.65712E-4 3.21987E-4 2.35195E-4 1.11156E-4 2.28488E-5 1.84969E-5 7.87868E-6 8.13952E-6 4.51264E-5 9.4204E-6 2.83631E-5 1.60181E-4 9.82071E-5 9.65722E-5 1.33855E-4 5.80905E-4 1.36191E-3 1.24177E-3 1.11279E-3 1.14758E-3 1.26873E-3 1.71646E-3 2.12513E-3 2.39798E-3 2.57056E-3 2.55348E-3 6.2401E-4 4.44451E-4 2.98087E-3 5.21929E-4 3.93319E-4
-9999 -9999 -9999 -9999 -9999 -9999 -9999 -9999 5.67027E-4 7.07732E-4 6.75822E-4 6.37761E-4 2.51701E-4 9.37965E-5 6.85088E-5 6.00205E-5 1.15352E-4 1.28254E-4 8.33244E-5 3.46717E-4 1.0774E-3 2.66913E-4 6.24563E-5 1.22637E-4 5.47551E-4 5.28283E-4 4.42762E-4 6.01239E-4 6.98866E-4 4.51202E-4 3.52843E-4 3.35052E-4 3.12657E-4 1.54049E-4 3.51978E-5 1.52674E-4 1.94998E-5 9.71901E-6 2.13344E-5 1.29443E-5 3.17523E-5 2.15152E-4 1.80403E-4 1.86495E-4 4.59546E-4 4.04044E-4 1.25665E-3 1.31447E-3 1.29761E-3 1.11651E-3 9.20103E-4 1.41567E-3 1.74089E-3 2.13752E-3 1.15927E-3 2.08564E-3 1.59217E-3 7.26986E-4 2.02261E-3 2.58347E-3 1.11947E-3
-9999 -9999 -9999 -9999 -9999 -9999 -9999 -9999 -9999 7.90989E-4 6.91888E-4 6.72674E-4 3.21848E-4 1.34289E-4 7.70569E-5 5.65237E-5 1.4586E-4 1.40276E-4 9.89264E-5 3.44727E-4 4.36886E-4 3.44109E-4 4.65694E-4 1.08194E-4 6.54742E-5 6.25637E-4 2.80762E-4 2.51459E-4 7.0695E-4 7.34656E-4 5.36771E-4 5.23855E-4 3.92414E-4 4.85575E-4 4.85658E-4 2.70692E-4 6.35475E-5 6.97826E-5 3.13317E-5 3.66117E-5 8.83247E-5 1.23401E-4 2.96638E-4 2.47001E-4 5.59979E-4 3.08456E-4 1.04225E-3 7.5654E-4 9.96232E-4 1.08666E-3 1.13379E-3 1.30178E-3 1.77832E-3 1.8515E-3 2.27407E-3 2.78092E-3 2.93122E-3 3.0142E-3 2.81381E-3 4.0318E-3 6.4317E-4
-9999 -9999 -9999 -9999 -9999 -9999 -9999 -9999 -9999 -9999 7.09851E-4 5.1496E-4 3.07994E-4 2.29557E-4 1.16789E-4 1.48339E-4 1.81149E-4 2.96121E-4 3.81706E-4 4.0567E-4 1.58069E-3 5.92107E-4 4.15675E-4 3.64306E-4 1.0553E-4 3.87625E-4 1.13307E-3 5.84034E-4 3.59578E-4 2.08537E-4 5.21875E-4 8.56927E-4 6.71257E-4 9.27595E-4 7.61244E-4 5.97794E-4 4.28241E-4 3.49309E-4 3.99521E-4 3.29672E-4 2.78082E-4 2.23517E-4 1.10517E-4 2.60983E-4 6.88076E-4 1.4149E-3 1.00898E-3 7.87142E-4 7.40495E-4 8.34169E-4 1.06935E-3 1.09335E-3 1.20772E-3 1.30215E-3 1.90887E-3 1.97728E-3 2.32699E-3 1.89426E-3 1.26334E-3 2.84042E-3 7.52094E-4
-9999 -9999 -9999 -9999 -9999 -9999 -9999 -9999 -9999 -9999 -9999 9.23541E-4 3.99842E-4 4.48353E-4 3.29517E-4 1.91549E-4 1.65382E-4 2.20428E-4 3.5783E-4 6.16901E-4 7.58819E-4 6.48526E-4 5.23041E-4 1.04408E-4 7.94165E-5 2.07741E-4 1.54466E-3 3.63579E-4 9.32517E-5 3.35779E-4 2.3131E-4 1.38887E-4 2.03632E-4 1.57611E-3 1.00578E-3 1.00548E-3 8.76412E-4 8.81509E-4 6.75236E-4 6.96012E-4 5.51657E-4 4.37081E-4 6.31725E-4 6.02396E-4 7.2292E-4 1.36982E-3 1.5771E-3 9.87521E-4 5.48907E-4 5.66505E-4 8.00338E-4 9.82083E-4 1.00665E-3 1.12369E-3 1.2066E-3 1.56039E-3 1.88029E-3 1.62808E-3 2.6236E-3 4.2853E-3 2.30875E-3
-9999 -9999 -9999 -9999 -9999 -9999 -9999 -9999 -9999 -9999 -9999 1.53538E-3 8.56829E-4 1.08974E-3 7.8041E-4 4.8681E-4 5.34132E-4 5.66514E-4 2.57451E-4 2.30298E-4 2.76712E-4 4.361E-4 2.52518E-4 8.91504E-5 2.08684E-4 7.15852E-4 4.9564E-4 5.31101E-5 3.01217E-5 1.98037E-4 5.42375E-4 3.54095E-4 5.23472E-4 1.02339E-3 6.30981E-4 1.68856E-3 5.8828E-4 7.44186E-4 1.02853E-3 8.53205E-4 7.97661E-4 7.83978E-4 8.74014E-4 7.09829E-4 1.09155E-3 1.26904E-3 2.64857E-3 1.16737E-3 6.70916E-4 4.53815E-4 5.19881E-4 6.21023E-4 7.68411E-4 1.00922E-3 1.0628E-3 1.23181E-3 1.7053E-3 1.73571E-3 3.39921E-3 2.05801E-3 7.41503E-4
-9999 -9999 -9999 -9999 -9999 -9999 -9999 -9999 -9999 -9999 -9999 -9999 -9999 2.48028E-3 2.47359E-3 2.39814E-3 1.5233E-3 1.13071E-3 3.01883E-4 2.90058E-4 9.58644E-4 6.18022E-4 9.69469E-4 7.55018E-4 2.32117E-4 7.78642E-4 1.44328E-3 1.5483E-4 6.29108E-5 5.54753E-4 1.76267E-3 2.05563E-4 5.38387E-5 8.65849E-5 1.42926E-4 1.85866E-3 6.76476E-4 4.98424E-4 8.88471E-4 2.45081E-4 3.03963E-4 6.0006E-4 7.97173E-4 1.13737E-3 1.15158E-3 1.18133E-3 2.04428E-3 2.27684E-3 1.19712E-3 8.24412E-4 5.39132E-4 5.66886E-4 6.81046E-4 8.57432E-4 1.05375E-3 1.14415E-3 1.51143E-3 1.59669E-3 2.67567E-3 4.30803E-3 3.446E-3
-9999 -9999 -9999 -9999 -9999 -9999 -9999 -9999 -9999 -9999 -9999 -9999 -9999 3.69694E-3 3.83634E-3 4.30277E-3 2.91931E-3 2.62628E-3 2.58282E-3 2.37015E-3 1.06148E-3 1.01366E-3 7.51325E-4 2.29865E-3 5.39083E-4 5.27365E-4 3.57895E-3 2.01362E-4 5.51867E-5 8.76597E-4 1.63782E-3 2.19048E-4 2.81831E-5 9.75039E-5 1.57481E-4 3.45182E-4 1.91943E-4 7.17432E-5 3.18291E-4 1.90238E-4 1.19205E-4 2.73125E-4 7.50616E-4 1.23925E-3 6.23722E-4 1.14006E-3 1.38309E-3 2.42782E-3 2.3235E-3 1.19769E-3 1.20263E-3 9.64138E-4 1.08273E-3 1.05415E-3 1.02952E-3 1.13895E-3 1.40506E-3 1.27731E-3 2.70454E-3 3.85903E-3 2.81455E-3
-9999 -9999 -9999 -9999 -9999 7.15151E-3 -9999 -9999 -9999 -9999 2.54765E-3 4.02279E-3 3.47359E-3 3.08363E-3 4.02693E-3 6.03658E-3 7.81918E-3 7.96095E-3 8.88966E-3 6.46927E-3 4.4567E-3 1.99569E-3 1.84509E-3 1.28437E-3 1.34031E-3 8.07854E-4 1.44492E-3 9.80805E-4 2.516E-4 2.38891E-4 1.72965E-3 1.15755E-3 3.27959E-4 7.97126E-4 1.21894E-4 2.32476E-4 1.16391E-4 2.88061E-5 9.8623E-5 2.75547E-4 1.94349E-4 2.78736E-4 1.12709E-3 1.76059E-3 1.25516E-3 9.4082E-4 2.21292E-3 2.11847E-3 2.87217E-3 1.86673E-3 1.39167E-3 1.79624E-3 1.49205E-3 1.35678E-3 1.55281E-3 1.45491E-3 1.64212E-3 1.82923E-3 3.70802E-3 2.63789E-3 1.68441E-3
-9999 -9999 -9999 -9999 -9999 -9999 5.32876E-3 3.4982E-3 2.42124E-3 1.76102E-3 1.65924E-3 2.36499E-3 1.54358E-3 1.3827E-3 3.16311E-3 7.1015E-3 9.56057E-3 9.66077E-3 9.40243E-3 9.88955E-3 7.65179E-3 5.40396E-3 3.28196E-3 1.65797E-3 1.88995E-3 1.68284E-3 1.31498E-3 2.08641E-3 1.34393E-3 4.19579E-4 2.04503E-3 5.85956E-4 3.3451E-4 1.352E-4 3.66227E-4 1.22186E-4 2.12272E-4 8.3879E-5 4.26941E-4 2.14151E-4 2.08959E-4 2.01851E-4 6.66798E-4 4.41428E-4 2.57833E-4 1.15257E-3 3.24045E-3 4.09377E-3 7.72776E-3 1.87207E-3 1.63997E-3 1.96377E-3 5.649E-3 2.89128E-3 3.6759E-3 4.88201E-3 5.012E-3 5.32066E-3 4.13799E-3 2.97773E-3 3.21174E-3
-9999 -9999 -9999 -9999 -9999 -9999 -9999 -9999 -9999 -9999 1.83832E-3 2.49964E-3 1.45895E-3 2.01745E-3 2.76582E-3 4.12808E-3 4.38013E-3 6.2983E-3 8.11181E-3 2.15063E-3 4.91634E-3 4.80639E-3 3.83948E-3 2.74928E-3 4.12486E-3 4.29732E-3 4.2143E-3 3.14114E-3 2.44188E-3 1.48004E-3 2.33809E-3 1.11405E-3 5.91963E-4 9.08482E-4 1.5849E-3 2.0157E-3 3.10174E-4 9.53945E-5 2.82522E-4 9.11255E-4 8.32167E-4 8.87644E-4 3.92106E-4 5.42493E-4 8.7635E-4 2.51766E-3 3.14853E-4 1.6046E-3 1.62525E-3 3.69089E-3 1.79454E-3 2.86707E-3 5.22463E-3 1.67696E-3 1.50474E-3 1.66731E-3 1.87392E-3 2.08956E-3 2.45757E-3 3.35512E-3 4.10755E-3
-9999 -9999 -9999 -9999 -9999 -9999 -9999 -9999 -9999 -9999 -9999 2.25806E-3 9.59293E-4 9.81285E-4 3.66722E-4 9.25703E-4 4.04444E-4 4.7762E-4 1.57448E-3 4.04203E-4 3.28495E-4 4.41409E-4 1.15401E-3 1.40616E-3 2.33868E-3 2.92689E-3 4.25279E-3 6.29014E-3 7.15159E-3 8.06375E-3 2.07624E-3 1.76499E-3 1.11352E-3 1.73281E-3 8.13746E-4 8.48512E-4 1.25311E-4 1.83959E-4 8.42226E-4 8.02329E-5 1.85946E-4 5.86118E-4 2.04167E-3 2.43705E-3 9.69674E-4 5.18251E-4 3.96892E-4 2.8584E-4 4.19427E-4 2.3473E-3 2.55331E-3 5.0581E-3 7.0981E-3 2.00316E-3 1.8545E-3 1.92885E-3 1.57441E-3 2.14312E-3 2.0653E-3 2.20225E-3 2.77895E-3
-9999 -9999 -9999 -9999 -9999 -9999 -9999 -9999 -9999 -9999 -9999 -9999 8.33851E-4 4.19234E-4 3.27689E-4 3.4084E-4 2.6572E-4 4.07116E-4 8.71119E-4 6.49717E-4 5.11242E-4 5.07499E-4 3.56961E-4 7.38536E-4 1.99618E-3 3.2149E-3 5.61986E-3 5.26954E-3 1.29632E-2 1.79279E-2 1.37296E-2 9.74639E-3 2.75782E-3 3.21583E-3 1.53511E-3 1.02306E-3 7.62589E-4 5.92955E-4 1.02367E-3 4.73589E-4 3.58474E-4 9.32001E-4 1.96957E-3 8.22091E-4 2.48807E-3 9.56869E-4 2.58761E-4 8.30949E-4 5.1233E-4 6.95545E-4 1.24688E-2 6.2114E-3 3.96176E-3 7.1176E-3 3.50424E-3 2.84958E-3 2.94296E-3 4.16195E-3 2.28448E-3 2.28618E-3 2.69167E-3
-9999 -9999 -9999 -9999 -9999 -9999 -9999 -9999 -9999 -9999 -9999 -9999 3.63158E-4 3.59482E-4 4.28401E-4 3.58985E-4 4.28125E-4 3.649E-4 3.11393E-4 1.65104E-4 1.70059E-4 4.328E-4 2.53731E-4 4.76368E-4 7.21345E-4 3.18983E-3 6.9502E-3 9.67279E-3 1.96118E-2 3.14309E-2 3.5713E-2 2.53509E-2 1.02719E-2 1.344E-2 3.20953E-3 1.01167E-3 1.26303E-3 1.50074E-3 3.7828E-4 6.89795E-4 6.12119E-4 2.04937E-3 8.84533E-4 1.86276E-4 2.11134E-3 1.39609E-3 3.95897E-4 5.73656E-4 2.7876E-4 1.04171E-3 5.20634E-3 1.48236E-3 9.64287E-4 5.51955E-3 6.63441E-3 6.29725E-3 4.04553E-3 2.92277E-3 2.68392E-3 2.45587E-3 1.93676E-3
-9999 -9999 -9999 -9999 -9999 -9999 -9999 -9999 -9999 -9999 -9999 -9999 -9999 -9999 -9999 4.56308E-4 3.35365E-4 2.50001E-4 2.31463E-4 1.60832E-4 1.4008E-4 1.39421E-4 3.25398E-4 4.20167E-4 3.42084E-4 7.60196E-4 4.85501E-3 8.03085E-3 2.42933E-2 3.88043E-2 4.46383E-2 3.95007E-2 2.69445E-2 1.40464E-2 8.9247E-3 3.04575E-3 2.33345E-3 7.07446E-4 3.93898E-4 4.96141E-4 1.67628E-3 6.61847E-4 2.13795E-4 3.00124E-4 5.47077E-4 2.52852E-3 1.07789E-3 9.87408E-4 1.58654E-3 1.32032E-3 1.3726E-3 5.56001E-3 1.10205E-3 3.06741E-3 4.35579E-3 3.37283E-3 3.25273E-3 2.40348E-3 1.51118E-3 1.20398E-3 1.96704E-3
-9999 -9999 -9999 -9999 -9999 -9999 -9999 -9999 -9999 -9999 -9999 -9999 -9999 -9999 -9999 -9999 -9999 4.38674E-4 2.12818E-4 2.00556E-4 1.95809E-4 2.70992E-4 2.54875E-4 4.01311E-4 2.28926E-4 1.97326E-4 6.28341E-4 5.25852E-4 1.98409E-3 3.17334E-2 6.40509E-2 -9999 6.85066E-2 4.28913E-2 1.65264E-2 1.8527E-2 6.816E-3 1.01278E-3 7.69953E-4 7.05063E-4 4.246E-4 1.09124E-3 3.82829E-4 6.76457E-4 3.75685E-4 8.34526E-4 2.50316E-3 4.32989E-3 1.67463E-3 1.46236E-3 1.50975E-3 5.06801E-3 1.53067E-3 1.20925E-3 1.91094E-3 4.10981E-3 3.40813E-3 2.03849E-3 2.1292E-3 1.9915E-3 2.91054E-3
-9999 -9999 -9999 -9999 -9999 -9999 -9999 -9999 -9999 -9999 -9999 -9999 -9999 -9999 -9999 -9999 -9999 -9999 4.6244E-4 3.30454E-4 4.73254E-4 2.91207E-4 2.91403E-4 2.58436E-4 2.00111E-4 1.16569E-4 3.24769E-4 1.52096E-4 1.54359E-3 3.19994E-3 1.62242E-2 4.76679E-2 7.1846E-2 4.34599E-2 1.86311E-2 4.13282E-2 1.11729E-2 5.33402E-3 9.45266E-4 1.39582E-3 9.99342E-4 4.70883E-4 5.19763E-4 4.00342E-4 1.16165E-3 8.70764E-4 1.03293E-3 1.09979E-3 9.97462E-3 6.36307E-3 1.25203E-3 4.1989E-3 1.28908E-3 1.09385E-3 1.70371E-3 3.50342E-3 3.89226E-3 3.41914E-3 1.88158E-3 1.39719E-3 2.31398E-3
