data/maxent/outputs/white_196.asc
ncols         426
nrows         180
xllcorner     -130.0
yllcorner     24.0
cellsize      0.16666666666666666
NODATA_value  -9999
[rows 0 to 26 of 180, columns 61 to 121 of 426]
6.07646E-1 6.22551E-1 6.63644E-1 6.96071E-1 7.10314E-1 7.04896E-1 7.02343E-1 6.95643E-1 6.90871E-1 6.78267E-1 6.5641E-1 6.50385E-1 6.53346E-1 6.37968E-1 6.31987E-1 6.21207E-1 6.29538E-1 6.19061E-1 6.00069E-1 5.87046E-1 5.76968E-1 5.78714E-1 5.72223E-1 5.46878E-1 5.34593E-1 5.05757E-1 4.78742E-1 4.28883E-1 3.73338E-1 3.54934E-1 3.71337E-1 4.1981E-1 5.09596E-1 5.07288E-1 5.06673E-1 3.90097E-1 3.52819E-1 3.36774E-1 3.54718E-1 3.60394E-1 3.19906E-1 3.04315E-1 2.7391E-1 2.58347E-1 2.43416E-1 2.2851E-1 2.51766E-1 2.7068E-1 2.59676E-1 2.39642E-1 2.2649E-1 2.31691E-1 2.10078E-1 2.05781E-1 2.0182E-1 1.8641E-1 1.85185E-1 1.95307E-1 1.92178E-1 1.8473E-1 1.77748E-1
6.14394E-1 5.92192E-1 6.88524E-1 6.63517E-1 6.73824E-1 6.82867E-1 6.89458E-1 6.85119E-1 6.90146E-1 6.77961E-1 6.57656E-1 6.45224E-1 6.38787E-1 6.33715E-1 6.24666E-1 6.17575E-1 6.24168E-1 6.0563E-1 5.80293E-1 5.85874E-1 5.54658E-1 5.19552E-1 5.00335E-1 4.85128E-1 4.71844E-1 4.65409E-1 5.12605E-1 4.70971E-1 4.72349E-1 4.79308E-1 5.15826E-1 5.29757E-1 5.64584E-1 5.50544E-1 5.55178E-1 4.7568E-1 3.36583E-1 3.66769E-1 3.46568E-1 3.65763E-1 3.70065E-1 3.8814E-1 4.03216E-1 2.94924E-1 2.71328E-1 2.49801E-1 2.22761E-1 2.45201E-1 2.45507E-1 2.53835E-1 2.30135E-1 2.0552E-1 1.97736E-1 1.93669E-1 1.844E-1 1.80332E-1 1.95047E-1 1.99384E-1 1.94702E-1 1.67872E-1 1.60874E-1
6.20841E-1 6.11253E-1 6.10973E-1 6.4816E-1 5.73634E-1 6.10709E-1 6.08386E-1 6.36884E-1 6.56772E-1 6.78562E-1 6.68175E-1 6.37956E-1 6.36506E-1 6.28488E-1 6.26542E-1 6.17903E-1 6.13743E-1 6.04265E-1 5.82371E-1 5.46366E-1 5.09277E-1 5.14798E-1 5.02145E-1 5.06235E-1 4.91219E-1 4.95342E-1 5.21397E-1 4.92813E-1 4.56232E-1 4.67315E-1 5.32491E-1 5.58325E-1 5.51507E-1 5.31578E-1 5.29951E-1 5.1938E-1 4.78538E-1 5.43748E-1 5.49418E-1 5.0793E-1 4.64588E-1 4.5732E-1 4.26924E-1 3.25264E-1 2.62997E-1 2.36861E-1 2.10042E-1 2.44608E-1 2.74722E-1 2.57128E-1 2.19775E-1 1.88982E-1 1.97725E-1 1.88639E-1 1.91086E-1 1.81282E-1 1.8785E-1 1.98612E-1 2.02459E-1 1.82727E-1 1.69539E-1
6.34199E-1 5.72838E-1 4.58705E-1 6.36925E-1 5.60154E-1 5.53126E-1 5.87137E-1 6.35121E-1 6.85736E-1 6.82262E-1 6.80684E-1 6.59428E-1 6.17395E-1 6.26391E-1 6.27619E-1 6.16135E-1 6.04322E-1 6.00541E-1 5.86048E-1 5.49774E-1 5.4646E-1 5.35537E-1 5.18974E-1 5.18056E-1 5.23197E-1 5.21993E-1 5.37833E-1 5.21422E-1 5.16455E-1 5.05345E-1 4.88243E-1 5.31691E-1 5.56953E-1 5.10466E-1 4.86173E-1 4.31787E-1 4.93766E-1 5.03143E-1 5.04929E-1 4.75528E-1 5.08155E-1 4.87031E-1 4.82892E-1 4.31668E-1 2.70588E-1 2.27878E-1 2.06752E-1 2.21693E-1 2.42963E-1 2.28636E-1 2.08474E-1 1.97504E-1 1.91434E-1 2.04685E-1 1.99777E-1 1.8336E-1 1.84927E-1 1.83004E-1 1.80379E-1 1.90745E-1 1.90126E-1
5.69131E-1 6.10464E-1 6.26903E-1 5.38748E-1 5.37113E-1 5.14594E-1 5.62947E-1 5.93835E-1 5.54715E-1 6.80022E-1 6.84935E-1 6.62595E-1 6.66397E-1 6.58205E-1 6.31607E-1 6.21538E-1 6.18339E-1 6.07388E-1 5.98641E-1 5.51017E-1 5.43658E-1 5.34478E-1 5.29961E-1 5.19715E-1 5.16407E-1 5.16043E-1 5.17403E-1 5.20661E-1 5.05651E-1 5.06776E-1 5.11147E-1 5.32267E-1 5.54834E-1 5.3987E-1 5.18107E-1 5.21512E-1 5.07503E-1 5.07383E-1 4.62072E-1 4.20695E-1 4.2038E-1 4.67218E-1 4.8035E-1 4.21979E-1 3.24537E-1 2.56756E-1 2.28264E-1 2.00382E-1 2.21116E-1 2.35983E-1 2.12526E-1 2.2139E-1 2.07364E-1 2.20446E-1 2.14341E-1 1.93575E-1 1.84693E-1 1.80979E-1 1.83077E-1 2.08056E-1 2.17636E-1
7.27354E-1 7.2204E-1 5.83538E-1 6.75285E-1 5.33515E-1 6.32348E-1 5.52934E-1 5.81528E-1 5.80933E-1 5.84657E-1 6.72549E-1 6.8033E-1 6.75607E-1 6.6838E-1 6.72941E-1 6.40968E-1 6.36552E-1 6.25343E-1 6.03713E-1 5.63522E-1 5.52406E-1 5.37723E-1 5.28755E-1 5.24836E-1 5.27776E-1 5.28405E-1 5.39501E-1 5.36309E-1 5.30658E-1 5.10699E-1 5.17162E-1 5.27232E-1 5.42992E-1 5.3777E-1 5.55322E-1 5.45234E-1 5.33227E-1 5.24225E-1 4.86689E-1 4.53598E-1 4.27016E-1 4.1268E-1 4.16634E-1 3.67812E-1 2.85928E-1 2.32318E-1 2.27662E-1 1.97346E-1 2.05852E-1 2.2598E-1 2.23145E-1 2.09769E-1 1.93228E-1 1.95876E-1 2.08289E-1 1.92686E-1 1.89736E-1 1.84699E-1 1.96511E-1 2.11845E-1 2.45455E-1
4.72367E-1 5.68668E-1 7.16606E-1 6.94152E-1 5.66902E-1 6.32358E-1 6.33302E-1 6.49327E-1 6.48636E-1 6.43704E-1 6.653E-1 6.32804E-1 6.52414E-1 6.49309E-1 6.41134E-1 6.67238E-1 6.66249E-1 6.40881E-1 6.14706E-1 5.75839E-1 5.44173E-1 5.29283E-1 5.21912E-1 5.11731E-1 5.18509E-1 5.16669E-1 5.41528E-1 5.3608E-1 5.46488E-1 5.10684E-1 5.07151E-1 4.97984E-1 5.08378E-1 5.16549E-1 5.26226E-1 5.23551E-1 5.2647E-1 5.416E-1 5.29848E-1 4.96024E-1 4.88202E-1 4.8093E-1 4.81045E-1 3.83112E-1 2.9645E-1 2.43155E-1 2.30145E-1 2.035E-1 1.87776E-1 2.38839E-1 2.32038E-1 2.29515E-1 2.14957E-1 2.12345E-1 2.22901E-1 2.0581E-1 2.04183E-1 2.04428E-1 2.15641E-1 2.36858E-1 2.40024E-1
4.13107E-1 4.67275E-1 5.41532E-1 7.34502E-1 7.27389E-1 5.96377E-1 5.68502E-1 6.3063E-1 6.23573E-1 5.8329E-1 6.33202E-1 6.73953E-1 6.02245E-1 5.92643E-1 5.79333E-1 5.36779E-1 6.1691E-1 6.76682E-1 6.42057E-1 6.29182E-1 5.8092E-1 5.22822E-1 5.1742E-1 5.33397E-1 5.18969E-1 5.36352E-1 5.46768E-1 5.4021E-1 5.441E-1 5.21491E-1 5.14783E-1 4.91485E-1 4.92674E-1 4.84861E-1 5.08172E-1 5.04626E-1 5.0094E-1 5.27975E-1 5.51818E-1 5.37442E-1 5.38044E-1 5.34858E-1 5.5026E-1 5.15383E-1 4.11529E-1 3.33039E-1 2.866E-1 2.6177E-1 2.38801E-1 2.37999E-1 2.47408E-1 2.56711E-1 2.37588E-1 2.31876E-1 2.33656E-1 2.22053E-1 2.15026E-1 2.11182E-1 2.41259E-1 2.52945E-1 2.64902E-1
5.12822E-1 5.33944E-1 5.60743E-1 5.26081E-1 6.01884E-1 6.88752E-1 6.76402E-1 6.21703E-1 6.35314E-1 5.97422E-1 6.68418E-1 6.29168E-1 6.37554E-1 5.9678E-1 4.42397E-1 4.04053E-1 5.69687E-1 6.55407E-1 6.55934E-1 6.6567E-1 6.28327E-1 5.83074E-1 5.74276E-1 5.69515E-1 5.54279E-1 5.28755E-1 5.41774E-1 5.36229E-1 5.36149E-1 5.17012E-1 4.97547E-1 4.79653E-1 4.65683E-1 4.83869E-1 5.05465E-1 5.27117E-1 5.09447E-1 5.28054E-1 5.43298E-1 5.2864E-1 5.19043E-1 5.28135E-1 5.32511E-1 5.3324E-1 4.55674E-1 4.01307E-1 3.77074E-1 3.70102E-1 3.49876E-1 3.75218E-1 3.74631E-1 3.49413E-1 3.21781E-1 2.79361E-1 2.53016E-1 2.34135E-1 2.3954E-1 2.49655E-1 2.87508E-1 2.82742E-1 2.67931E-1
5.03707E-1 4.4789E-1 4.80061E-1 5.92773E-1 6.20223E-1 5.14867E-1 6.95085E-1 6.72056E-1 6.48649E-1 6.32793E-1 6.03073E-1 5.65371E-1 6.29606E-1 6.25798E-1 5.53156E-1 4.75312E-1 5.17827E-1 5.73655E-1 5.51717E-1 6.30616E-1 6.60818E-1 5.80763E-1 5.93322E-1 5.93695E-1 5.94289E-1 5.44517E-1 5.45118E-1 5.53083E-1 5.33843E-1 4.80384E-1 4.19454E-1 4.6012E-1 4.7325E-1 4.9136E-1 4.82438E-1 4.81872E-1 4.57194E-1 4.87715E-1 4.89727E-1 4.91406E-1 4.78378E-1 5.1545E-1 5.35498E-1 5.24463E-1 4.60577E-1 4.28703E-1 4.31477E-1 4.66157E-1 4.65743E-1 4.06642E-1 4.03349E-1 3.54648E-1 3.20267E-1 2.9041E-1 2.39195E-1 2.31714E-1 2.22307E-1 2.39501E-1 2.68408E-1 2.83418E-1 2.7329E-1
5.14954E-1 4.7275E-1 4.59658E-1 6.30709E-1 5.10781E-1 5.21943E-1 4.54093E-1 6.38185E-1 6.71452E-1 6.32303E-1 6.46454E-1 4.80319E-1 4.83813E-1 5.74064E-1 5.18496E-1 4.73521E-1 4.91591E-1 4.48301E-1 5.30873E-1 5.95926E-1 6.82413E-1 6.82736E-1 6.51667E-1 6.29254E-1 6.06373E-1 5.97359E-1 5.63411E-1 5.2537E-1 5.02999E-1 4.85939E-1 4.58001E-1 4.65709E-1 4.6333E-1 3.79389E-1 4.40919E-1 4.47154E-1 4.45773E-1 4.47833E-1 4.433E-1 4.64624E-1 4.69365E-1 4.71111E-1 4.83511E-1 4.63396E-1 4.33081E-1 3.90826E-1 4.03478E-1 4.59411E-1 4.94083E-1 4.64276E-1 3.29215E-1 3.28845E-1 3.3882E-1 3.15031E-1 2.70516E-1 2.21022E-1 2.1362E-1 2.23667E-1 2.43122E-1 2.58153E-1 2.36201E-1
6.41316E-1 6.68009E-1 6.34652E-1 6.8089E-1 5.08127E-1 4.56592E-1 5.23437E-1 6.62067E-1 7.03794E-1 6.80775E-1 6.41026E-1 6.09728E-1 5.63955E-1 4.94972E-1 5.59306E-1 4.59295E-1 5.80758E-1 5.89453E-1 5.65993E-1 6.21401E-1 6.89217E-1 6.17652E-1 6.43197E-1 6.71277E-1 6.40325E-1 6.28675E-1 5.94632E-1 5.36846E-1 4.94808E-1 4.80195E-1 4.64399E-1 4.55323E-1 4.37472E-1 4.15417E-1 4.03991E-1 4.25947E-1 4.27788E-1 4.2769E-1 4.34995E-1 4.7335E-1 4.55933E-1 4.03476E-1 3.7629E-1 3.67088E-1 3.47375E-1 3.55774E-1 3.72923E-1 2.99083E-1 2.90582E-1 3.00035E-1 2.69222E-1 2.42435E-1 2.51184E-1 2.51822E-1 2.1746E-1 2.14044E-1 2.09167E-1 1.94832E-1 1.93389E-1 1.9538E-1 1.93719E-1
5.18935E-1 6.48638E-1 6.05684E-1 6.48766E-1 6.54266E-1 4.76687E-1 4.95045E-1 6.69072E-1 5.78649E-1 5.53501E-1 6.42626E-1 6.90727E-1 6.32275E-1 5.18855E-1 6.48337E-1 6.50077E-1 4.59212E-1 5.76987E-1 6.42682E-1 6.00067E-1 5.85976E-1 5.13096E-1 5.76035E-1 6.37111E-1 6.78851E-1 6.6511E-1 6.27883E-1 5.67118E-1 4.97436E-1 4.66447E-1 4.34449E-1 4.24712E-1 4.27876E-1 4.14499E-1 4.31134E-1 4.25249E-1 4.06344E-1 4.1772E-1 4.20604E-1 4.3058E-1 3.93622E-1 3.14171E-1 2.88267E-1 3.16038E-1 3.11373E-1 2.92386E-1 3.19652E-1 2.95626E-1 2.75979E-1 2.05502E-1 1.85867E-1 1.87355E-1 1.93573E-1 1.74338E-1 1.80457E-1 1.92663E-1 1.56432E-1 1.43724E-1 1.41262E-1 1.36353E-1 1.48946E-1
7.43914E-1 7.26599E-1 7.14648E-1 6.82002E-1 6.05439E-1 4.3863E-1 5.92766E-1 6.88721E-1 4.849E-1 5.40267E-1 5.34935E-1 4.4426E-1 6.72779E-1 7.18282E-1 6.91248E-1 6.37493E-1 5.33134E-1 4.37283E-1 5.4795E-1 5.71247E-1 5.37484E-1 4.76921E-1 5.61967E-1 5.76989E-1 6.29724E-1 6.78266E-1 6.56397E-1 6.04342E-1 5.1098E-1 4.54214E-1 4.05723E-1 4.08981E-1 3.91791E-1 4.14252E-1 4.27715E-1 4.0099E-1 3.84454E-1 3.70689E-1 3.54992E-1 3.7032E-1 3.38798E-1 2.97372E-1 2.79162E-1 2.76828E-1 3.05029E-1 3.06794E-1 2.93857E-1 2.79908E-1 2.64749E-1 1.73944E-1 1.50746E-1 1.49735E-1 1.7611E-1 1.6727E-1 1.51721E-1 1.74943E-1 1.70385E-1 1.3799E-1 1.2852E-1 1.22232E-1 1.26812E-1
7.51906E-1 7.29408E-1 7.04572E-1 7.15633E-1 5.74965E-1 4.76885E-1 4.53229E-1 6.96158E-1 5.49902E-1 4.9153E-1 4.82298E-1 4.30384E-1 4.9817E-1 5.60222E-1 7.39377E-1 7.06821E-1 6.39611E-1 6.60558E-1 6.05197E-1 4.6384E-1 5.05892E-1 5.49495E-1 5.10043E-1 5.93899E-1 6.03989E-1 6.48442E-1 6.73812E-1 6.18913E-1 5.25822E-1 4.53067E-1 4.06925E-1 3.99045E-1 3.67997E-1 3.76017E-1 3.93406E-1 3.78879E-1 3.4996E-1 3.30107E-1 3.16893E-1 3.10889E-1 3.05301E-1 2.78844E-1 2.60322E-1 2.5332E-1 3.05682E-1 3.43234E-1 3.1079E-1 2.52194E-1 2.37223E-1 1.93278E-1 1.31241E-1 1.36583E-1 1.44596E-1 1.60809E-1 1.54165E-1 1.5947E-1 1.55246E-1 1.47611E-1 1.4156E-1 1.35306E-1 1.3085E-1
7.01058E-1 7.17483E-1 7.48736E-1 6.87388E-1 6.55304E-1 6.89741E-1 5.47505E-1 4.50657E-1 7.04455E-1 4.45927E-1 4.68404E-1 4.56153E-1 4.37607E-1 4.73838E-1 6.39013E-1 5.98735E-1 7.39613E-1 6.72191E-1 5.80577E-1 6.54211E-1 6.09649E-1 6.33841E-1 6.54185E-1 5.31622E-1 5.96647E-1 5.99727E-1 6.31595E-1 6.84116E-1 5.62136E-1 4.34332E-1 4.04312E-1 4.00006E-1 3.8179E-1 3.76543E-1 3.72455E-1 3.61639E-1 3.31563E-1 3.06069E-1 2.93351E-1 3.01737E-1 2.97461E-1 2.77031E-1 2.57956E-1 2.54502E-1 2.48746E-1 2.92188E-1 2.83835E-1 2.55792E-1 2.27697E-1 1.99899E-1 1.47435E-1 1.55539E-1 1.59229E-1 1.70195E-1 1.5741E-1 1.51988E-1 1.57066E-1 1.49633E-1 1.47446E-1 1.49796E-1 1.45902E-1
7.44625E-1 7.53856E-1 7.31836E-1 5.96622E-1 7.13792E-1 7.37271E-1 4.6983E-1 3.73355E-1 5.15176E-1 7.00172E-1 4.64366E-1 4.74224E-1 5.36262E-1 4.56208E-1 5.18235E-1 5.07945E-1 5.9794E-1 7.35969E-1 6.61936E-1 6.877E-1 6.25528E-1 5.92568E-1 6.59041E-1 6.63852E-1 6.46595E-1 6.56631E-1 6.77727E-1 6.75618E-1 6.28885E-1 4.89924E-1 4.59993E-1 4.40991E-1 4.04793E-1 3.80788E-1 3.54474E-1 3.44097E-1 3.28875E-1 3.08441E-1 2.87075E-1 2.78407E-1 2.71379E-1 2.71772E-1 2.82274E-1 3.05126E-1 3.05177E-1 2.69438E-1 2.47838E-1 2.28126E-1 1.7522E-1 1.50219E-1 1.38197E-1 1.47596E-1 1.70924E-1 1.90716E-1 1.45281E-1 1.55622E-1 1.521E-1 1.38191E-1 1.6063E-1 1.69921E-1 1.76393E-1
7.4331E-1 6.99841E-1 7.2774E-1 6.21395E-1 7.29649E-1 7.28199E-1 5.91712E-1 5.84958E-1 4.00116E-1 7.12328E-1 5.38075E-1 5.60497E-1 4.29454E-1 5.34088E-1 4.07577E-1 5.24305E-1 5.45438E-1 6.15154E-1 7.33501E-1 7.08975E-1 7.16042E-1 7.04843E-1 6.91598E-1 6.81749E-1 6.73325E-1 6.57857E-1 6.84596E-1 6.92172E-1 6.60866E-1 6.36495E-1 5.46228E-1 4.71471E-1 4.11766E-1 3.90697E-1 3.61789E-1 3.49632E-1 3.23136E-1 3.18964E-1 2.95602E-1 2.85205E-1 2.68472E-1 2.6323E-1 2.58494E-1 2.86266E-1 2.76905E-1 2.6554E-1 2.28026E-1 2.06818E-1 1.63114E-1 1.59476E-1 1.45138E-1 1.42219E-1 1.35522E-1 1.31667E-1 1.49946E-1 1.57662E-1 1.67552E-1 1.60396E-1 1.61443E-1 1.71925E-1 2.04686E-1
7.27747E-1 7.41917E-1 7.65345E-1 7.67954E-1 7.71692E-1 7.3709E-1 7.19242E-1 6.43894E-1 5.95019E-1 5.96787E-1 6.94011E-1 4.91575E-1 4.60331E-1 6.66376E-1 4.47884E-1 5.48659E-1 4.89256E-1 5.93443E-1 5.93927E-1 7.20095E-1 6.85096E-1 7.34616E-1 7.21295E-1 7.24433E-1 6.83024E-1 5.85474E-1 6.50143E-1 6.34626E-1 6.91705E-1 6.89902E-1 6.32211E-1 5.51199E-1 4.85156E-1 4.04084E-1 3.76093E-1 3.84404E-1 3.58856E-1 3.34196E-1 3.0792E-1 2.85208E-1 2.68164E-1 2.68101E-1 2.9023E-1 2.83081E-1 2.71101E-1 2.59171E-1 2.27188E-1 2.21342E-1 2.1299E-1 2.05896E-1 1.97879E-1 2.00427E-1 1.91815E-1 1.70317E-1 1.62238E-1 1.72531E-1 1.7579E-1 1.88585E-1 2.03869E-1 2.32942E-1 2.35194E-1
6.97223E-1 7.41403E-1 7.60915E-1 7.61206E-1 7.71096E-1 5.89857E-1 6.93079E-1 7.22845E-1 4.44627E-1 4.18148E-1 6.77164E-1 7.01037E-1 7.21582E-1 5.5494E-1 5.38484E-1 5.71219E-1 6.61426E-1 5.56327E-1 5.79385E-1 5.71389E-1 7.19407E-1 6.9019E-1 7.39731E-1 7.28671E-1 7.24269E-1 6.8897E-1 6.04166E-1 6.09718E-1 6.48427E-1 6.76893E-1 6.75181E-1 6.44975E-1 5.87463E-1 5.17591E-1 4.56382E-1 4.4539E-1 4.24594E-1 4.01651E-1 3.55381E-1 3.24884E-1 3.16984E-1 3.03254E-1 2.95085E-1 2.9794E-1 2.86613E-1 2.75643E-1 2.66201E-1 2.6043E-1 2.56627E-1 2.48209E-1 2.39466E-1 2.47615E-1 2.02722E-1 1.79914E-1 1.93922E-1 1.75939E-1 1.80307E-1 1.93555E-1 2.18334E-1 2.34406E-1 2.53122E-1
7.10853E-1 7.57654E-1 7.6411E-1 7.47323E-1 7.54395E-1 7.66755E-1 7.81802E-1 6.00726E-1 6.86237E-1 4.69823E-1 4.78245E-1 7.58973E-1 5.51183E-1 5.81357E-1 7.00728E-1 5.95194E-1 6.79541E-1 6.59672E-1 6.53517E-1 5.74721E-1 6.09844E-1 7.2422E-1 6.88092E-1 7.45372E-1 7.09249E-1 7.11159E-1 6.70826E-1 6.16634E-1 6.38532E-1 6.28779E-1 6.86157E-1 6.88033E-1 6.652E-1 6.37336E-1 5.68693E-1 4.98841E-1 4.42264E-1 4.01782E-1 3.70366E-1 3.77497E-1 4.01121E-1 3.67964E-1 3.53557E-1 3.36305E-1 3.03037E-1 2.90084E-1 2.7831E-1 2.82498E-1 2.70458E-1 2.48608E-1 2.25103E-1 2.25936E-1 2.14398E-1 1.97238E-1 1.98291E-1 1.79698E-1 1.79478E-1 2.08462E-1 2.2443E-1 2.45639E-1 2.55736E-1
7.21411E-1 7.44845E-1 7.33543E-1 7.16522E-1 7.62603E-1 7.84997E-1 7.84135E-1 7.16796E-1 7.03843E-1 5.37386E-1 6.81851E-1 7.6118E-1 5.80976E-1 4.54998E-1 4.8617E-1 6.50795E-1 7.24376E-1 7.52832E-1 5.34746E-1 5.77276E-1 5.71989E-1 6.88215E-1 7.40598E-1 6.98444E-1 7.51978E-1 7.07008E-1 7.04515E-1 6.44786E-1 6.03044E-1 6.54995E-1 6.89896E-1 6.96665E-1 6.76194E-1 6.64328E-1 6.23022E-1 5.58263E-1 4.85713E-1 4.36562E-1 4.09664E-1 4.07158E-1 3.92212E-1 3.84104E-1 3.69181E-1 3.30031E-1 3.04689E-1 2.93159E-1 2.95117E-1 2.93597E-1 2.69882E-1 2.47758E-1 2.28784E-1 2.20452E-1 2.16146E-1 2.08695E-1 1.87205E-1 1.96493E-1 2.09857E-1 2.46708E-1 2.56667E-1 2.73068E-1 2.76724E-1
7.26988E-1 7.45853E-1 6.8267E-1 7.19959E-1 7.64854E-1 7.4776E-1 7.86339E-1 7.80356E-1 7.15457E-1 4.72667E-1 7.14343E-1 7.50471E-1 7.47956E-1 6.40585E-1 5.69363E-1 5.1996E-1 6.65844E-1 7.66879E-1 5.235E-1 5.90294E-1 6.26237E-1 6.06893E-1 7.46109E-1 7.18772E-1 7.22297E-1 7.35011E-1 7.29422E-1 7.0654E-1 6.6878E-1 6.84267E-1 6.54043E-1 6.89473E-1 7.05938E-1 6.86588E-1 6.81619E-1 6.32708E-1 5.32125E-1 4.73701E-1 4.23461E-1 3.981E-1 3.8448E-1 3.70824E-1 3.62044E-1 3.42441E-1 3.2279E-1 2.98146E-1 2.90051E-1 2.91433E-1 2.77869E-1 2.46839E-1 2.37084E-1 2.16559E-1 2.13032E-1 2.0796E-1 2.02635E-1 2.11946E-1 2.269E-1 2.38845E-1 2.6988E-1 2.64739E-1 2.70784E-1
7.18585E-1 7.40942E-1 6.57793E-1 7.80417E-1 7.75154E-1 7.31723E-1 6.56838E-1 7.32601E-1 6.89305E-1 6.10023E-1 7.32127E-1 7.41063E-1 7.24576E-1 6.22714E-1 7.49413E-1 5.90687E-1 5.90123E-1 7.62202E-1 6.51748E-1 6.16302E-1 5.87266E-1 5.59547E-1 7.27509E-1 7.36521E-1 6.92155E-1 7.31009E-1 7.38201E-1 7.06151E-1 6.91968E-1 7.13374E-1 6.65817E-1 6.79656E-1 7.07118E-1 6.97349E-1 6.99899E-1 6.44835E-1 5.37563E-1 4.90646E-1 4.52259E-1 4.0557E-1 3.96892E-1 3.9742E-1 3.71357E-1 3.54756E-1 3.45154E-1 3.21163E-1 3.12022E-1 2.99124E-1 2.99733E-1 2.62941E-1 2.44616E-1 2.37698E-1 2.45774E-1 2.37677E-1 2.34267E-1 2.38371E-1 2.50508E-1 2.62823E-1 2.69854E-1 2.81613E-1 2.91994E-1
7.00252E-1 7.17537E-1 5.67545E-1 7.81216E-1 8.00325E-1 6.39538E-1 7.02206E-1 6.88004E-1 5.04752E-1 7.48031E-1 7.84537E-1 7.12992E-1 5.53174E-1 4.86955E-1 7.49801E-1 5.93953E-1 5.61937E-1 7.72388E-1 6.30154E-1 6.14236E-1 5.99779E-1 6.03835E-1 6.01657E-1 7.41916E-1 6.30304E-1 7.39831E-1 7.26249E-1 7.21871E-1 7.28774E-1 7.38356E-1 7.06357E-1 6.92742E-1 7.12976E-1 7.0473E-1 7.00764E-1 6.8108E-1 5.7596E-1 5.17678E-1 5.01673E-1 4.56031E-1 4.34471E-1 4.08501E-1 3.94312E-1 3.72371E-1 3.68149E-1 3.55551E-1 3.43714E-1 3.24089E-1 3.15943E-1 2.9649E-1 2.95536E-1 3.03159E-1 3.0248E-1 2.75239E-1 2.69141E-1 2.8904E-1 2.98311E-1 3.3007E-1 3.10746E-1 3.52305E-1 3.85168E-1
5.2078E-1 6.88226E-1 7.42014E-1 7.58859E-1 7.80047E-1 7.30607E-1 7.91089E-1 6.24402E-1 6.03919E-1 7.54894E-1 7.65182E-1 5.33046E-1 4.91638E-1 7.18991E-1 7.53958E-1 5.63078E-1 5.28599E-1 7.76126E-1 7.28756E-1 6.14208E-1 6.99758E-1 5.70353E-1 6.78408E-1 7.30888E-1 5.82237E-1 7.4419E-1 7.23524E-1 7.50925E-1 7.48843E-1 7.58558E-1 7.53417E-1 7.15735E-1 7.09252E-1 7.07837E-1 6.90159E-1 7.04038E-1 6.30244E-1 5.65418E-1 5.33726E-1 4.90136E-1 4.52378E-1 4.01983E-1 3.82158E-1 3.91111E-1 4.02E-1 4.18398E-1 4.1623E-1 3.9006E-1 3.6857E-1 3.50518E-1 3.26595E-1 3.24239E-1 2.84965E-1 3.05481E-1 3.64582E-1 4.10513E-1 4.35631E-1 4.67896E-1 4.85394E-1 5.15137E-1 4.97577E-1
5.42733E-1 5.97097E-1 7.34846E-1 7.48214E-1 7.50601E-1 7.6719E-1 7.80023E-1 6.66221E-1 7.66576E-1 7.56765E-1 7.45196E-1 5.77255E-1 7.41451E-1 7.65541E-1 7.38157E-1 7.56745E-1 7.52958E-1 7.65239E-1 7.69159E-1 5.9374E-1 6.42199E-1 7.12234E-1 7.4315E-1 6.92756E-1 6.37544E-1 6.99971E-1 7.46441E-1 7.54184E-1 7.48761E-1 7.68027E-1 7.64358E-1 7.52952E-1 7.33702E-1 7.29539E-1 6.91832E-1 6.63346E-1 6.33465E-1 6.15896E-1 6.10266E-1 5.4843E-1 4.85605E-1 4.17551E-1 3.95948E-1 4.25796E-1 4.7487E-1 4.63217E-1 4.49725E-1 4.19464E-1 4.04806E-1 3.8304E-1 3.64687E-1 3.33649E-1 2.95066E-1 3.0962E-1 3.6573E-1 3.90232E-1 4.50175E-1 5.3701E-1 5.657E-1 5.92685E-1 6.02644E-1
