data/maxent/outputs/white_28.asc
ncols         426
nrows         180
xllcorner     -130.0
yllcorner     24.0
cellsize      0.16666666666666666
NODATA_value  -9999
[rows 0 to 26 of 180, columns 183 to 243 of 426]
2.82729E-3 1.91255E-3 1.85476E-3 1.78035E-3 1.97921E-3 1.97363E-3 1.77701E-3 3.10672E-3 3.59078E-3 3.16001E-3 2.30351E-3 2.07538E-3 2.20819E-3 2.08278E-3 2.05491E-3 2.40213E-3 2.29419E-3 2.10753E-3 2.06906E-3 2.5897E-3 3.30614E-3 2.7223E-3 2.25795E-3 2.46012E-3 2.12506E-3 1.9634E-3 1.79025E-3 2.45075E-3 2.89605E-3 2.51735E-3 2.16462E-3 2.2563E-3 2.63401E-3 2.41536E-3 1.62799E-3 1.71896E-3 1.69817E-3 1.70427E-3 1.87331E-3 1.63825E-3 1.46191E-3 1.30973E-3 1.43308E-3 1.2904E-3 1.46867E-3 1.0747E-3 1.19304E-3 1.53776E-3 1.93232E-3 1.30483E-3 1.20762E-3 1.50136E-3 1.45332E-3 1.19731E-3 1.2586E-3 1.1189E-3 9.03157E-4 8.51322E-4 6.47391E-4 6.88189E-4 6.58947E-4
2.72691E-3 2.22406E-3 2.02022E-3 3.96886E-3 2.63808E-3 2.38082E-3 2.55012E-3 2.81091E-3 3.55441E-3 3.11638E-3 2.39925E-3 2.46141E-3 2.50882E-3 2.60903E-3 2.47941E-3 2.017E-3 1.9429E-3 1.95739E-3 1.96926E-3 2.35764E-3 2.64544E-3 2.19288E-3 2.30814E-3 2.48738E-3 2.2259E-3 1.44626E-3 1.80348E-3 2.42613E-3 2.66339E-3 3.04349E-3 3.59175E-3 3.19391E-3 2.82699E-3 2.48806E-3 2.04048E-3 2.089E-3 2.0845E-3 1.92639E-3 1.57021E-3 1.34042E-3 1.21886E-3 1.02457E-3 1.16057E-3 1.23675E-3 1.42115E-3 1.39874E-3 1.22466E-3 1.0291E-3 1.17035E-3 1.11236E-3 1.01705E-3 1.04522E-3 9.36591E-4 9.48005E-4 1.19385E-3 8.40804E-4 9.97044E-4 1.01621E-3 9.41094E-4 7.70088E-4 8.75292E-4
2.50965E-3 2.61469E-3 2.32754E-3 2.82795E-3 2.18216E-3 2.30216E-3 2.53527E-3 2.34795E-3 2.52841E-3 2.70275E-3 3.0752E-3 2.30379E-3 2.18892E-3 2.11107E-3 2.23872E-3 2.09567E-3 1.86385E-3 1.94654E-3 2.14325E-3 2.51926E-3 2.1118E-3 2.03449E-3 1.88485E-3 1.62155E-3 2.01258E-3 1.45419E-3 1.63667E-3 1.72913E-3 1.60623E-3 1.41916E-3 1.52211E-3 1.59058E-3 1.59175E-3 1.54969E-3 1.70577E-3 1.87101E-3 1.63612E-3 1.65673E-3 1.50589E-3 1.5932E-3 1.53725E-3 1.25448E-3 9.82914E-4 9.7927E-4 1.09087E-3 9.45587E-4 8.82828E-4 9.36068E-4 8.89632E-4 8.0812E-4 1.09995E-3 1.13434E-3 1.53883E-3 1.01922E-3 7.44485E-4 7.17628E-4 5.99806E-4 9.00572E-4 6.65867E-4 6.47301E-4 6.18102E-4
2.843E-3 2.66109E-3 2.97916E-3 2.11235E-3 2.03856E-3 2.16297E-3 2.13105E-3 2.01092E-3 2.14153E-3 2.45605E-3 3.42417E-3 2.831E-3 2.53698E-3 2.09097E-3 2.10032E-3 1.87014E-3 1.89871E-3 1.79231E-3 1.90965E-3 1.84403E-3 2.27248E-3 1.96842E-3 1.72605E-3 1.5637E-3 1.68763E-3 1.66811E-3 1.71924E-3 1.42428E-3 1.22548E-3 1.28233E-3 1.30742E-3 1.4107E-3 1.33689E-3 1.26889E-3 1.33487E-3 1.39946E-3 1.33335E-3 1.2479E-3 1.04896E-3 1.1133E-3 1.61766E-3 1.57299E-3 9.05378E-4 9.31203E-4 1.14719E-3 9.35029E-4 1.16524E-3 9.31656E-4 7.25283E-4 9.16677E-4 9.53772E-4 1.34047E-3 1.34542E-3 1.39202E-3 9.90077E-4 7.97968E-4 6.69978E-4 5.94199E-4 6.26226E-4 5.57702E-4 6.70059E-4
3.55941E-3 3.07034E-3 3.01966E-3 2.24534E-3 2.19346E-3 2.23546E-3 2.27206E-3 2.24101E-3 2.14236E-3 2.2936E-3 2.50437E-3 4.30793E-3 2.46478E-3 2.2003E-3 2.02584E-3 2.01578E-3 1.85158E-3 1.61159E-3 1.76145E-3 1.77154E-3 1.68759E-3 1.80427E-3 1.93546E-3 1.6433E-3 1.38436E-3 1.47909E-3 1.31695E-3 1.3916E-3 1.34431E-3 1.15382E-3 1.20489E-3 1.26213E-3 1.11665E-3 1.21113E-3 1.39935E-3 1.90626E-3 1.35666E-3 1.05678E-3 9.30055E-4 8.08988E-4 8.72628E-4 9.82781E-4 9.01129E-4 9.54804E-4 8.88944E-4 9.18317E-4 7.95506E-4 9.61414E-4 8.12587E-4 1.04199E-3 8.99801E-4 9.39019E-4 1.08921E-3 8.24472E-4 8.6794E-4 8.91863E-4 8.51586E-4 8.57976E-4 7.6876E-4 5.69748E-4 6.42012E-4
3.59639E-3 3.30648E-3 2.81342E-3 3.11212E-3 2.9916E-3 2.91669E-3 2.98093E-3 2.31881E-3 2.19833E-3 2.05261E-3 2.28517E-3 3.60665E-3 3.42715E-3 2.45148E-3 2.40471E-3 2.1493E-3 1.94726E-3 1.74705E-3 1.76539E-3 1.91398E-3 1.80001E-3 2.02221E-3 2.11912E-3 1.88829E-3 1.63386E-3 1.85591E-3 1.87613E-3 1.92434E-3 1.73472E-3 1.66907E-3 1.49997E-3 1.4101E-3 1.46025E-3 1.34163E-3 1.18033E-3 1.95036E-3 2.62536E-3 1.91033E-3 2.01514E-3 1.91926E-3 2.14662E-3 1.89638E-3 1.07833E-3 9.89178E-4 9.56339E-4 1.23883E-3 9.27331E-4 9.27381E-4 9.92393E-4 1.035E-3 1.03745E-3 1.48151E-3 1.63521E-3 1.06513E-3 1.0972E-3 9.97224E-4 8.30236E-4 9.22017E-4 8.94938E-4 9.56072E-4 8.30284E-4
3.37432E-3 2.70322E-3 2.23839E-3 2.51155E-3 2.95867E-3 2.92859E-3 2.21916E-3 2.4074E-3 2.49125E-3 2.07609E-3 2.28492E-3 3.42267E-3 4.29382E-3 2.74287E-3 2.74708E-3 2.33201E-3 2.22126E-3 1.99496E-3 1.93239E-3 2.06675E-3 2.02437E-3 2.07256E-3 2.22547E-3 2.24502E-3 1.92811E-3 2.1789E-3 1.91171E-3 1.9199E-3 1.78293E-3 2.02311E-3 1.83564E-3 1.8514E-3 1.67409E-3 2.04151E-3 1.60437E-3 1.90429E-3 2.01925E-3 1.46675E-3 1.65084E-3 1.52616E-3 1.46239E-3 1.20715E-3 9.35294E-4 1.00609E-3 1.46071E-3 1.69088E-3 1.61054E-3 1.19349E-3 1.27106E-3 1.03522E-3 1.08727E-3 1.33132E-3 1.36852E-3 8.34705E-4 6.76826E-4 7.21293E-4 6.00145E-4 8.90499E-4 8.89142E-4 8.40548E-4 1.22495E-3
3.32454E-3 2.37031E-3 2.47591E-3 2.79632E-3 3.1478E-3 2.31308E-3 2.3443E-3 2.47621E-3 2.69885E-3 2.68591E-3 2.66553E-3 2.86352E-3 4.02053E-3 2.62358E-3 2.43516E-3 2.58886E-3 2.85062E-3 3.4496E-3 2.51428E-3 2.35156E-3 2.35471E-3 2.46749E-3 2.30442E-3 2.28965E-3 2.14415E-3 2.33588E-3 2.21647E-3 2.09734E-3 2.05903E-3 1.98421E-3 2.05342E-3 1.89619E-3 1.82055E-3 1.82742E-3 1.57294E-3 1.73319E-3 1.53645E-3 1.33287E-3 1.18046E-3 1.26714E-3 1.26628E-3 1.11374E-3 1.05871E-3 1.04031E-3 8.95808E-4 9.13273E-4 8.27273E-4 8.11411E-4 9.05663E-4 9.99213E-4 9.93011E-4 1.27191E-3 1.36124E-3 1.21689E-3 7.29897E-4 8.75147E-4 8.64243E-4 7.7812E-4 6.18655E-4 7.45461E-4 6.06567E-4
3.40216E-3 2.67155E-3 2.66826E-3 2.88205E-3 2.47537E-3 2.86574E-3 2.58491E-3 2.57305E-3 3.16383E-3 3.4302E-3 2.96464E-3 3.16693E-3 3.44634E-3 4.49219E-3 2.6467E-3 2.38652E-3 2.4114E-3 2.26167E-3 2.76276E-3 3.12612E-3 3.1837E-3 2.78463E-3 2.78441E-3 2.33768E-3 2.35093E-3 2.42685E-3 2.40448E-3 2.15615E-3 2.00285E-3 2.23792E-3 2.21132E-3 2.10373E-3 2.26854E-3 2.41604E-3 2.18541E-3 1.82183E-3 1.70285E-3 1.66464E-3 1.44262E-3 1.55872E-3 1.26567E-3 1.07984E-3 1.13744E-3 1.0966E-3 9.85572E-4 1.05798E-3 8.94797E-4 1.46078E-3 1.01458E-3 8.38844E-4 7.85998E-4 7.76985E-4 9.66506E-4 8.9252E-4 1.09296E-3 9.87477E-4 8.62528E-4 9.46338E-4 7.08685E-4 5.55791E-4 5.62311E-4
3.80723E-3 2.87113E-3 2.80495E-3 2.55297E-3 2.46635E-3 2.30666E-3 2.98892E-3 2.77223E-3 4.4316E-3 3.8951E-3 2.95282E-3 3.63451E-3 3.96044E-3 4.82003E-3 4.62675E-3 2.24252E-3 2.39328E-3 2.56815E-3 2.67738E-3 2.33203E-3 2.51726E-3 2.82681E-3 2.68496E-3 2.79556E-3 2.69723E-3 2.39481E-3 2.21837E-3 2.01937E-3 1.98455E-3 1.88857E-3 1.9618E-3 2.02838E-3 1.90402E-3 1.97381E-3 1.75158E-3 1.77348E-3 1.41031E-3 1.34654E-3 1.32375E-3 1.29214E-3 1.1921E-3 1.20396E-3 1.07275E-3 1.17502E-3 1.01464E-3 9.71173E-4 7.87154E-4 8.59831E-4 6.28756E-4 6.83248E-4 8.19917E-4 8.24002E-4 1.06482E-3 1.12901E-3 9.72656E-4 1.01292E-3 9.71911E-4 6.11678E-4 5.83094E-4 5.04259E-4 6.00871E-4
3.19181E-3 2.68814E-3 2.51401E-3 2.34756E-3 2.47993E-3 2.5316E-3 2.20598E-3 2.7854E-3 4.57059E-3 4.604E-3 3.64183E-3 3.69783E-3 4.87442E-3 5.52054E-3 5.86509E-3 2.39578E-3 2.54612E-3 2.49002E-3 2.55193E-3 2.91515E-3 2.91855E-3 2.82257E-3 2.82263E-3 2.64124E-3 2.79607E-3 2.80107E-3 2.27853E-3 2.35188E-3 2.20744E-3 1.98996E-3 1.90436E-3 2.04528E-3 1.63572E-3 1.52116E-3 1.57641E-3 1.42534E-3 1.24449E-3 1.0557E-3 9.98468E-4 1.27991E-3 1.76278E-3 1.62791E-3 9.22639E-4 8.44947E-4 8.35264E-4 7.86817E-4 6.87406E-4 6.19303E-4 5.1081E-4 4.71604E-4 7.92788E-4 7.94781E-4 7.10715E-4 5.88697E-4 6.30093E-4 5.63971E-4 9.49788E-4 9.69539E-4 6.4627E-4 5.06424E-4 5.41058E-4
3.12383E-3 2.55443E-3 2.6603E-3 2.24233E-3 2.3729E-3 2.26827E-3 2.37071E-3 2.42723E-3 3.56486E-3 5.87654E-3 3.8602E-3 3.89689E-3 5.00035E-3 6.57088E-3 6.81793E-3 3.38705E-3 2.58013E-3 2.63131E-3 2.80089E-3 2.82278E-3 2.75922E-3 2.79181E-3 2.45021E-3 2.82291E-3 3.21427E-3 3.00024E-3 2.82805E-3 2.61142E-3 2.58622E-3 2.66414E-3 2.42918E-3 2.26334E-3 2.2232E-3 1.8511E-3 1.73942E-3 1.30399E-3 1.10746E-3 1.22504E-3 1.21461E-3 1.29413E-3 1.25287E-3 1.18257E-3 9.50671E-4 7.61573E-4 8.75199E-4 8.03587E-4 7.23941E-4 6.74909E-4 7.0792E-4 6.41084E-4 7.13339E-4 6.6013E-4 6.95622E-4 7.05879E-4 6.2794E-4 6.298E-4 6.76243E-4 7.87042E-4 6.07303E-4 6.11891E-4 6.38596E-4
2.82665E-3 2.9295E-3 2.5788E-3 2.46862E-3 2.17761E-3 2.33728E-3 2.48571E-3 2.45256E-3 2.67308E-3 4.02031E-3 2.97643E-3 3.06256E-3 2.5163E-3 5.45841E-3 8.06564E-3 8.7639E-3 3.4025E-3 2.96566E-3 3.57295E-3 3.35027E-3 3.03753E-3 3.01113E-3 2.69388E-3 2.66401E-3 3.52645E-3 2.34231E-3 2.96105E-3 2.76968E-3 2.73894E-3 2.46309E-3 2.30947E-3 2.30451E-3 2.22898E-3 1.7415E-3 1.45663E-3 1.40867E-3 1.41192E-3 1.34076E-3 1.36077E-3 1.25168E-3 1.28867E-3 1.11932E-3 9.02244E-4 8.44298E-4 9.13259E-4 1.02487E-3 6.94251E-4 6.69346E-4 8.74898E-4 8.16882E-4 9.26691E-4 8.52976E-4 1.03893E-3 9.20832E-4 7.14637E-4 5.38894E-4 7.01902E-4 5.92626E-4 6.13115E-4 5.58813E-4 6.93862E-4
4.78926E-3 3.73699E-3 3.04106E-3 2.73109E-3 2.32667E-3 2.85238E-3 3.69072E-3 3.51071E-3 2.23042E-3 2.29051E-3 2.5543E-3 2.58102E-3 4.99695E-3 5.8828E-3 7.60987E-3 6.97593E-3 6.26649E-3 3.12477E-3 3.36625E-3 3.15514E-3 3.35409E-3 2.86753E-3 3.00984E-3 3.21105E-3 2.67713E-3 2.88349E-3 2.50256E-3 2.91931E-3 2.81964E-3 2.80691E-3 2.37714E-3 2.19435E-3 2.26877E-3 2.12733E-3 2.1503E-3 1.99494E-3 1.6928E-3 1.34506E-3 1.38764E-3 1.38633E-3 1.5272E-3 1.18455E-3 8.9975E-4 9.17483E-4 1.10699E-3 1.39161E-3 1.19124E-3 9.21151E-4 8.67986E-4 8.57196E-4 1.03569E-3 1.07356E-3 1.23446E-3 9.21819E-4 7.35843E-4 7.33822E-4 5.88236E-4 5.74291E-4 8.17092E-4 6.32263E-4 7.52429E-4
4.86301E-3 4.96383E-3 5.6963E-3 5.79193E-3 4.14524E-3 4.84489E-3 3.50462E-3 2.14547E-3 1.88648E-3 2.21861E-3 2.45696E-3 2.72756E-3 3.24931E-3 6.05826E-3 4.79282E-3 2.97698E-3 6.73307E-3 5.40175E-3 3.7093E-3 3.42482E-3 3.42181E-3 3.02448E-3 3.23664E-3 3.59847E-3 3.14622E-3 3.06989E-3 2.56466E-3 2.58593E-3 2.63948E-3 2.63783E-3 2.48804E-3 2.1654E-3 2.00914E-3 2.04648E-3 1.94417E-3 1.80083E-3 1.64098E-3 1.54325E-3 1.38357E-3 1.42871E-3 1.30882E-3 1.15664E-3 9.89411E-4 9.9081E-4 1.26977E-3 1.88074E-3 1.03567E-3 1.07935E-3 1.15796E-3 8.71646E-4 9.81899E-4 1.16162E-3 9.42582E-4 8.57723E-4 8.19294E-4 7.31781E-4 6.85103E-4 6.08531E-4 6.23117E-4 5.92088E-4 5.3119E-4
3.5635E-3 3.54261E-3 5.32668E-3 5.92824E-3 4.28155E-3 2.81283E-3 2.25577E-3 1.79192E-3 1.95503E-3 2.2727E-3 2.84728E-3 2.61211E-3 2.77869E-3 3.94609E-3 2.99854E-3 4.13526E-3 8.4205E-3 8.69829E-3 4.21963E-3 3.26119E-3 3.4304E-3 2.70922E-3 2.62606E-3 2.75876E-3 3.02783E-3 2.91522E-3 2.76062E-3 2.69206E-3 2.49903E-3 2.45938E-3 2.34807E-3 2.10524E-3 2.19785E-3 1.99439E-3 1.72821E-3 2.24206E-3 1.8299E-3 1.66536E-3 1.46589E-3 1.45203E-3 1.47666E-3 1.59525E-3 2.19143E-3 1.95625E-3 1.42033E-3 2.06956E-3 1.54837E-3 1.30569E-3 1.38569E-3 1.1748E-3 1.33001E-3 1.13559E-3 9.5573E-4 9.33919E-4 8.61892E-4 8.82852E-4 7.25016E-4 6.1374E-4 7.13682E-4 6.7477E-4 6.42919E-4
3.23861E-3 3.04845E-3 4.94648E-3 6.78258E-3 6.45401E-3 5.07605E-3 2.74486E-3 2.03071E-3 2.05698E-3 1.69285E-3 2.06442E-3 2.54177E-3 2.86527E-3 2.66447E-3 2.39633E-3 5.09366E-3 4.79277E-3 7.18297E-3 6.01261E-3 4.18484E-3 3.40323E-3 2.94424E-3 2.91811E-3 2.79893E-3 2.99741E-3 2.88371E-3 3.15859E-3 2.98578E-3 3.10114E-3 2.81427E-3 2.68058E-3 2.3996E-3 2.18203E-3 2.34936E-3 2.09914E-3 1.84722E-3 2.38633E-3 3.24379E-3 2.01025E-3 1.71527E-3 2.15822E-3 1.89895E-3 1.71385E-3 2.10643E-3 2.1113E-3 2.21252E-3 2.01877E-3 1.70578E-3 1.49844E-3 1.33751E-3 1.0701E-3 1.10673E-3 1.26823E-3 1.01599E-3 8.60939E-4 1.05721E-3 9.17364E-4 8.21096E-4 8.28129E-4 8.6066E-4 6.20734E-4
3.93763E-3 3.52817E-3 4.62313E-3 6.32809E-3 6.4123E-3 5.44861E-3 3.49389E-3 2.08755E-3 2.58416E-3 2.33749E-3 2.27728E-3 3.07259E-3 3.03558E-3 2.94123E-3 2.80515E-3 3.78804E-3 4.74727E-3 7.42411E-3 6.09062E-3 3.6269E-3 3.8454E-3 3.73757E-3 3.22081E-3 3.02757E-3 3.0154E-3 3.034E-3 3.69179E-3 3.33736E-3 3.24553E-3 2.95525E-3 2.85761E-3 2.74091E-3 2.50786E-3 2.75056E-3 2.62757E-3 1.7743E-3 1.92901E-3 2.9034E-3 2.31675E-3 2.17273E-3 2.57915E-3 1.97033E-3 1.59243E-3 1.86224E-3 1.87344E-3 1.4861E-3 1.46194E-3 1.8648E-3 1.9782E-3 1.4341E-3 9.17352E-4 1.14183E-3 2.07296E-3 2.25731E-3 1.81377E-3 1.47359E-3 1.10614E-3 1.0386E-3 9.92627E-4 8.48788E-4 7.20652E-4
3.71458E-3 3.09532E-3 3.52151E-3 4.83204E-3 6.46969E-3 6.18144E-3 4.28722E-3 2.94806E-3 2.57306E-3 1.9791E-3 2.28547E-3 2.40453E-3 2.89026E-3 3.00339E-3 3.18202E-3 6.26947E-3 7.53292E-3 8.59385E-3 7.33915E-3 3.33579E-3 3.24367E-3 3.54939E-3 3.73126E-3 3.67674E-3 3.16801E-3 3.27217E-3 3.90004E-3 3.76799E-3 3.54557E-3 3.04264E-3 2.53906E-3 2.66617E-3 2.62502E-3 2.53841E-3 2.49466E-3 2.29352E-3 2.02719E-3 2.08482E-3 2.35165E-3 2.06735E-3 1.7601E-3 1.59867E-3 1.5078E-3 1.29567E-3 1.24271E-3 1.30057E-3 1.31701E-3 1.1208E-3 1.40371E-3 1.54415E-3 1.73249E-3 1.76409E-3 1.46406E-3 1.31813E-3 1.39702E-3 1.61731E-3 1.12638E-3 1.03419E-3 1.15682E-3 1.12416E-3 1.01619E-3
3.10326E-3 3.61603E-3 4.14302E-3 4.32166E-3 5.6469E-3 7.849E-3 7.3338E-3 4.85623E-3 3.94723E-3 3.01484E-3 2.84041E-3 1.92034E-3 2.40456E-3 2.48888E-3 2.88813E-3 6.39095E-3 7.76178E-3 8.05252E-3 8.0003E-3 4.36824E-3 3.68405E-3 3.30552E-3 3.47622E-3 4.05388E-3 3.68225E-3 3.37104E-3 3.43925E-3 3.62375E-3 3.01675E-3 3.07784E-3 2.80718E-3 2.79152E-3 3.15122E-3 2.49059E-3 2.35312E-3 3.09601E-3 3.359E-3 2.18917E-3 2.45277E-3 2.21177E-3 1.87856E-3 1.69191E-3 1.22314E-3 1.30144E-3 1.73842E-3 1.49496E-3 1.40455E-3 1.64323E-3 1.63714E-3 2.09924E-3 1.79192E-3 1.77265E-3 1.61827E-3 1.49969E-3 1.36353E-3 1.18744E-3 1.18093E-3 1.12679E-3 1.28438E-3 1.26574E-3 1.1082E-3
2.75773E-3 3.72187E-3 3.82515E-3 4.14798E-3 4.64128E-3 6.82674E-3 7.68305E-3 7.6195E-3 5.38567E-3 4.65202E-3 3.52591E-3 2.51094E-3 3.02212E-3 2.57769E-3 3.26281E-3 6.95537E-3 8.33968E-3 6.02723E-3 4.83087E-3 4.52281E-3 4.30026E-3 4.00232E-3 3.37494E-3 3.45481E-3 3.63894E-3 3.41836E-3 3.64628E-3 3.65871E-3 2.67406E-3 2.87895E-3 3.12991E-3 2.67601E-3 2.86497E-3 2.96101E-3 2.76749E-3 3.13011E-3 3.12082E-3 2.62642E-3 3.75626E-3 2.45212E-3 2.29865E-3 1.42632E-3 1.64401E-3 1.87995E-3 2.16968E-3 2.42116E-3 2.224E-3 1.7657E-3 1.60647E-3 1.77956E-3 2.24005E-3 1.7177E-3 1.41053E-3 1.32598E-3 1.54361E-3 1.08382E-3 1.16926E-3 1.23784E-3 1.46782E-3 1.29909E-3 1.18628E-3
2.80563E-3 4.09932E-3 3.95021E-3 4.18726E-3 4.65984E-3 5.70301E-3 7.45302E-3 7.95002E-3 7.91695E-3 4.78384E-3 4.21391E-3 4.39797E-3 3.01651E-3 3.24926E-3 4.12363E-3 6.3346E-3 7.53167E-3 5.2318E-3 4.31454E-3 4.66324E-3 4.32934E-3 4.71404E-3 3.97549E-3 3.44884E-3 3.50794E-3 3.83105E-3 3.73302E-3 3.76875E-3 3.46597E-3 3.4279E-3 3.56528E-3 3.13708E-3 3.42094E-3 4.34737E-3 3.66922E-3 3.29075E-3 3.71976E-3 3.91986E-3 3.27665E-3 4.87084E-3 4.1364E-3 2.96992E-3 2.74855E-3 2.4645E-3 2.95121E-3 3.63038E-3 2.22041E-3 2.07838E-3 1.90975E-3 1.66607E-3 1.61669E-3 1.68655E-3 1.22031E-3 1.2256E-3 1.75367E-3 1.17317E-3 1.19811E-3 1.23873E-3 1.17364E-3 1.22702E-3 1.11189E-3
3.64368E-3 4.54629E-3 4.47956E-3 4.59883E-3 4.97101E-3 5.9503E-3 7.01414E-3 7.41862E-3 5.59216E-3 4.42848E-3 4.59191E-3 4.84038E-3 3.90833E-3 3.84738E-3 3.82706E-3 3.46099E-3 4.27678E-3 4.26412E-3 5.31776E-3 4.60505E-3 4.27661E-3 4.0977E-3 3.8242E-3 3.36532E-3 3.64947E-3 3.66877E-3 3.66823E-3 3.97837E-3 4.12852E-3 3.92874E-3 4.40767E-3 3.93064E-3 4.31834E-3 3.94029E-3 3.51299E-3 3.17876E-3 3.4911E-3 3.64511E-3 3.64397E-3 3.65206E-3 4.02337E-3 4.22121E-3 4.27249E-3 3.70421E-3 3.03854E-3 3.22847E-3 3.00163E-3 2.15698E-3 1.98524E-3 1.84945E-3 1.70355E-3 1.33226E-3 1.24409E-3 1.14344E-3 1.24337E-3 1.27863E-3 1.1851E-3 1.06317E-3 1.04691E-3 1.14921E-3 9.6774E-4
3.90932E-3 4.22879E-3 4.57123E-3 5.35354E-3 5.76176E-3 5.95435E-3 5.95752E-3 5.90705E-3 5.39605E-3 5.32075E-3 5.37669E-3 5.24829E-3 5.13204E-3 4.8412E-3 5.1482E-3 5.19846E-3 4.81676E-3 5.22463E-3 5.2386E-3 3.75596E-3 3.73029E-3 3.76304E-3 3.68861E-3 3.55889E-3 3.48479E-3 3.91815E-3 3.79014E-3 4.07257E-3 4.11035E-3 4.17266E-3 3.83208E-3 3.82005E-3 3.98665E-3 3.56278E-3 3.60755E-3 4.24247E-3 3.93404E-3 3.13521E-3 3.11239E-3 2.96193E-3 2.8823E-3 3.06366E-3 2.76225E-3 3.69892E-3 3.36371E-3 3.29742E-3 2.55896E-3 2.30404E-3 1.87287E-3 1.93877E-3 1.35655E-3 1.18991E-3 1.71847E-3 1.59225E-3 1.5929E-3 1.61994E-3 1.16959E-3 8.75883E-4 8.35466E-4 7.94033E-4 8.70124E-4
3.96517E-3 4.31301E-3 4.7234E-3 5.41579E-3 5.74363E-3 5.83874E-3 5.98959E-3 5.71858E-3 5.89969E-3 5.61815E-3 5.968E-3 5.75328E-3 5.28313E-3 5.64885E-3 6.99925E-3 5.68299E-3 5.60912E-3 4.8155E-3 4.14997E-3 3.58901E-3 3.47705E-3 3.7995E-3 3.54958E-3 3.44918E-3 3.3867E-3 3.35256E-3 3.56733E-3 3.76147E-3 3.73649E-3 4.09425E-3 4.1485E-3 4.01067E-3 3.58442E-3 3.56327E-3 3.53622E-3 3.89495E-3 3.82847E-3 3.47643E-3 3.41912E-3 3.16623E-3 2.81385E-3 2.93222E-3 2.67084E-3 3.23762E-3 3.21815E-3 2.94343E-3 2.39106E-3 2.03073E-3 2.2691E-3 2.01016E-3 2.05561E-3 1.86504E-3 1.35103E-3 1.48028E-3 1.40424E-3 1.38603E-3 9.05694E-4 8.84946E-4 7.53753E-4 7.33688E-4 1.00976E-3
4.09896E-3 4.33904E-3 4.20156E-3 5.07716E-3 5.50437E-3 5.73188E-3 5.65848E-3 4.86067E-3 5.33716E-3 5.95391E-3 6.16134E-3 6.02325E-3 5.73598E-3 5.64562E-3 5.86566E-3 5.53431E-3 5.47802E-3 4.40707E-3 3.83684E-3 3.88864E-3 3.64423E-3 3.656E-3 3.15404E-3 2.73181E-3 2.85894E-3 3.10253E-3 3.2768E-3 3.46476E-3 3.94197E-3 3.97037E-3 4.30292E-3 4.13016E-3 3.71029E-3 3.42708E-3 3.39703E-3 3.54095E-3 3.61268E-3 3.70634E-3 3.8972E-3 3.28989E-3 4.01676E-3 3.35569E-3 2.80838E-3 2.58602E-3 2.46045E-3 2.58655E-3 2.42591E-3 2.38031E-3 1.97403E-3 1.53724E-3 1.54195E-3 1.79318E-3 1.60027E-3 1.31278E-3 1.51114E-3 1.15477E-3 7.64186E-4 6.69579E-4 6.84985E-4 6.43548E-4 7.73574E-4
4.57423E-3 4.94425E-3 4.38369E-3 5.14996E-3 4.67319E-3 4.2745E-3 4.85934E-3 5.05401E-3 5.31286E-3 6.25601E-3 6.1001E-3 6.46115E-3 6.20006E-3 5.66467E-3 5.12665E-3 4.5884E-3 4.89911E-3 4.35487E-3 4.04542E-3 3.75783E-3 3.27159E-3 3.20636E-3 2.89719E-3 2.6176E-3 2.36356E-3 2.70022E-3 4.3865E-3 4.10546E-3 3.8527E-3 5.31254E-3 5.15592E-3 3.85903E-3 3.6455E-3 3.33789E-3 3.25114E-3 3.41033E-3 3.40583E-3 3.61405E-3 3.57514E-3 3.3838E-3 3.11123E-3 3.53964E-3 2.68149E-3 2.2643E-3 2.02106E-3 2.3891E-3 2.4957E-3 2.32128E-3 1.89376E-3 1.60156E-3 1.10392E-3 1.40038E-3 1.41583E-3 1.1052E-3 9.79273E-4 7.71019E-4 7.04317E-4 5.53958E-4 6.46119E-4 6.18727E-4 6.13066E-4
