data/maxent/outputs/white_12.asc
ncols         426
nrows         180
xllcorner     -130.0
yllcorner     24.0
cellsize      0.16666666666666666
NODATA_value  -9999
[rows 54 to 80 of 180, columns 61 to 121 of 426]
4.15225E-2 3.19484E-2 3.55539E-2 3.32218E-2 3.92826E-2 3.82438E-2 3.65074E-2 2.72471E-2 1.96901E-2 1.15092E-2 1.68718E-2 2.42212E-3 3.13234E-3 6.30354E-3 1.40296E-2 2.74503E-2 3.75042E-2 8.56966E-2 4.95255E-2 2.0702E-2 2.69541E-2 1.46538E-2 9.71873E-3 5.93906E-3 1.31235E-2 7.59459E-3 4.89989E-3 3.45545E-3 3.6688E-3 2.91874E-3 2.74396E-3 1.48189E-3 9.36806E-4 7.06456E-4 5.07915E-4 5.47197E-4 3.10186E-4 1.96134E-4 3.73859E-4 2.53193E-4 4.85542E-4 4.34812E-4 4.90268E-4 2.3597E-4 4.23074E-4 4.08826E-4 8.08292E-4 7.63492E-4 1.59565E-3 2.5163E-3 1.58117E-3 1.5449E-3 1.16665E-3 1.43295E-3 1.15853E-3 9.13457E-4 6.49699E-4 6.74961E-4 1.18288E-3 1.3277E-3 1.47465E-3
3.76172E-2 3.7865E-2 3.23562E-2 2.72411E-2 2.77047E-2 3.47495E-2 2.74069E-2 1.80109E-2 2.25706E-2 2.13659E-2 1.71076E-2 7.40416E-3 3.57092E-3 6.57529E-3 1.4746E-2 4.03882E-2 9.53619E-2 8.2038E-2 1.9933E-2 3.65925E-2 3.41347E-2 1.30116E-2 8.3095E-3 9.89926E-3 7.87058E-3 5.5991E-3 4.12801E-3 4.09018E-3 4.83107E-3 4.1736E-3 2.54246E-3 1.36504E-3 1.15114E-3 4.43823E-4 2.32848E-4 5.68399E-4 3.80233E-4 2.03658E-4 3.16177E-4 2.87228E-4 4.04595E-4 3.72717E-4 2.81778E-4 2.12426E-4 2.30828E-4 3.67072E-4 3.96888E-4 4.74832E-4 1.02243E-3 1.2652E-3 1.48316E-3 1.69398E-3 5.47979E-4 9.34564E-4 1.06035E-3 1.25809E-3 1.16386E-3 1.25969E-3 9.90362E-4 1.29236E-3 1.33699E-3
3.0499E-2 3.53177E-2 2.5908E-2 1.82308E-2 2.64463E-2 2.87623E-2 3.4348E-2 2.84607E-2 2.38608E-2 1.38172E-2 1.0628E-2 1.2658E-2 1.09189E-2 9.75891E-3 1.33805E-2 4.06399E-2 6.41824E-2 3.8607E-2 4.11461E-2 3.40693E-2 3.46107E-2 2.58142E-2 1.86594E-2 1.38544E-2 9.05894E-3 5.90118E-3 4.48619E-3 4.66807E-3 3.70981E-3 2.97731E-3 2.08522E-3 1.38071E-3 1.0928E-3 3.46996E-4 2.79685E-4 1.86105E-4 3.85115E-4 4.45663E-4 2.66667E-4 1.50755E-4 3.78007E-4 1.6981E-4 2.35096E-4 3.11161E-4 1.51859E-4 1.27462E-4 3.29845E-4 8.33591E-4 1.7133E-3 1.90767E-3 1.92301E-3 1.35916E-3 1.22273E-3 9.76609E-4 8.84732E-4 1.20017E-3 1.62601E-3 1.1982E-3 1.50433E-3 1.25727E-3 1.18032E-3
2.38018E-2 1.73596E-2 2.11935E-2 1.86602E-2 1.57198E-2 1.87051E-2 2.03811E-2 3.33063E-2 1.9875E-2 1.04578E-2 4.8976E-3 6.5929E-3 4.5855E-3 1.11876E-2 1.18399E-2 5.28706E-2 4.83531E-2 5.60745E-2 6.14275E-2 3.44166E-2 3.55705E-2 3.52699E-2 1.2718E-2 1.82342E-2 1.44876E-2 8.15811E-3 4.46545E-3 3.99411E-3 3.18109E-3 2.43025E-3 1.95349E-3 1.46014E-3 1.21646E-3 5.61421E-4 3.93106E-4 5.0287E-4 1.71811E-4 3.83553E-4 4.30028E-4 2.98613E-4 1.90418E-4 4.68187E-4 3.54003E-4 2.23478E-4 3.3043E-4 3.48053E-4 6.2793E-4 6.02667E-4 1.09206E-3 1.33548E-3 1.85624E-3 1.61033E-3 1.32247E-3 1.37416E-3 1.6913E-3 1.48013E-3 2.5345E-3 1.78744E-3 1.65674E-3 1.40131E-3 1.33528E-3
1.09658E-2 1.09199E-2 1.26008E-2 1.3092E-2 9.45063E-3 1.2875E-2 1.66737E-2 1.55752E-2 1.649E-2 1.78007E-2 1.32269E-2 5.5126E-3 7.11645E-3 9.41824E-3 1.46602E-2 2.95694E-2 4.61547E-2 6.57732E-2 9.6793E-2 5.43873E-2 4.01129E-2 3.12173E-2 2.78341E-2 4.12691E-2 1.35539E-2 1.26556E-2 6.79256E-3 6.49415E-3 3.86799E-3 2.47002E-3 2.77911E-3 2.18493E-3 1.49769E-3 6.16185E-4 5.26803E-4 7.03304E-4 4.86438E-4 2.72576E-4 1.62538E-4 3.78107E-4 2.77841E-4 2.72079E-4 3.59727E-4 2.31433E-4 3.11839E-4 3.14434E-4 4.33937E-4 5.57251E-4 1.12826E-3 2.46484E-3 2.1365E-3 2.06724E-3 1.15016E-3 1.51453E-3 1.85809E-3 1.24328E-3 1.08082E-3 1.29768E-3 1.90955E-3 1.07076E-3 8.08446E-4
9.80582E-3 1.04501E-2 1.019E-2 1.0894E-2 8.02339E-3 5.53278E-3 1.44257E-2 1.25528E-2 1.44604E-2 9.16073E-3 8.9941E-3 5.95302E-3 8.69634E-3 1.19402E-2 9.91514E-3 1.38811E-2 2.24737E-2 3.25199E-2 5.13904E-2 6.75702E-2 6.89673E-2 5.05914E-2 5.01483E-2 4.97665E-2 2.73959E-2 2.20952E-2 1.49435E-2 8.84329E-3 4.33609E-3 3.31E-3 2.51016E-3 1.86267E-3 2.09536E-3 1.41705E-3 1.06504E-3 2.25057E-4 1.04756E-3 8.69877E-4 3.44923E-4 2.2096E-4 8.06802E-4 3.07626E-4 3.79697E-4 1.9536E-4 1.89778E-4 2.10393E-4 3.426E-4 5.73617E-4 7.13667E-4 1.16183E-3 2.90734E-3 2.36573E-3 2.75502E-3 1.97262E-3 1.1165E-3 1.21633E-3 1.26854E-3 1.29028E-3 1.57027E-3 9.88243E-4 6.83516E-4
8.24032E-3 9.79161E-3 9.29704E-3 7.62711E-3 9.71906E-3 8.01177E-3 1.11978E-2 5.05334E-3 8.69594E-3 7.30096E-3 1.07539E-2 1.13988E-2 8.1565E-3 5.60221E-3 5.48971E-3 7.0482E-3 1.45235E-2 2.00602E-2 2.41141E-2 4.06271E-2 8.53106E-2 6.2699E-2 5.76456E-2 3.88079E-2 3.46659E-2 2.13872E-2 1.57511E-2 9.2423E-3 4.40896E-3 3.17808E-3 3.0277E-3 2.23081E-3 2.02128E-3 1.89933E-3 1.37651E-3 9.72433E-4 8.50164E-4 4.52978E-4 4.85292E-4 5.8328E-4 4.03276E-4 6.96754E-4 2.09618E-4 1.31987E-4 1.51105E-4 1.42969E-4 2.34357E-4 3.44189E-4 5.3291E-4 1.20226E-3 2.48427E-3 1.3751E-3 1.79003E-3 2.40254E-3 2.81869E-3 1.7692E-3 9.61613E-4 8.28587E-4 1.34295E-3 8.87187E-4 5.36143E-4
5.29049E-3 4.03819E-3 4.91283E-3 3.92162E-3 5.62845E-3 1.22239E-2 1.14699E-2 6.03229E-3 4.89964E-3 8.42405E-3 1.01528E-2 1.32199E-2 1.00312E-2 8.06343E-3 6.52844E-3 7.93186E-3 9.53864E-3 1.24384E-2 1.84376E-2 2.12913E-2 3.23566E-2 8.71943E-2 7.32877E-2 4.96549E-2 4.86145E-2 4.1253E-2 2.60581E-2 1.42277E-2 7.33482E-3 4.70599E-3 4.00158E-3 3.76085E-3 4.29903E-3 3.12604E-3 1.80614E-3 1.51644E-3 1.43209E-3 7.20622E-4 3.6729E-4 8.05832E-4 5.76678E-4 1.89815E-4 1.59854E-4 1.73678E-4 1.9865E-4 1.82762E-4 2.72527E-4 4.5609E-4 8.70444E-4 2.12527E-3 3.18493E-3 1.57024E-3 1.20482E-3 2.13371E-3 1.53095E-3 7.84884E-4 1.06758E-3 1.10996E-3 1.09652E-3 6.93541E-4 5.54846E-4
3.04056E-3 2.3058E-3 2.97569E-3 4.08304E-3 4.73875E-3 4.84331E-3 4.19636E-3 5.54483E-3 8.37679E-3 8.39105E-3 7.69451E-3 6.21104E-3 6.43533E-3 7.58948E-3 7.83682E-3 1.45112E-2 7.46974E-3 7.70621E-3 1.30559E-2 1.28182E-2 1.46651E-2 3.49581E-2 1.08379E-1 7.17688E-2 5.87794E-2 3.03549E-2 1.7112E-2 2.83506E-2 1.34256E-2 9.36577E-3 6.88455E-3 6.19421E-3 5.97578E-3 4.27374E-3 3.08973E-3 2.28154E-3 1.53057E-3 1.19057E-3 4.7128E-4 3.65211E-4 2.99843E-4 2.03296E-4 2.31528E-4 2.76593E-4 3.41036E-4 3.87976E-4 4.05852E-4 7.27745E-4 1.40365E-3 1.91547E-3 2.59016E-3 2.91763E-3 2.2593E-3 1.95971E-3 5.94391E-4 9.65034E-4 1.15155E-3 7.38372E-4 7.34063E-4 4.59258E-4 2.56046E-4
3.56959E-3 2.70452E-3 2.53285E-3 3.2159E-3 3.85337E-3 3.46609E-3 4.57834E-3 4.36306E-3 5.83859E-3 4.44311E-3 6.13498E-3 6.63713E-3 4.58347E-3 5.33058E-3 5.74175E-3 8.87649E-3 8.63867E-3 8.35331E-3 8.05735E-3 6.62807E-3 6.83248E-3 1.06303E-2 2.56965E-2 7.07512E-2 7.54052E-2 4.47331E-2 3.70653E-2 1.53104E-2 1.04777E-2 7.28092E-3 5.92511E-3 6.23567E-3 5.96807E-3 4.40625E-3 4.25941E-3 2.5475E-3 2.98068E-3 2.80697E-3 1.46978E-3 5.05599E-4 4.12536E-4 4.47915E-4 4.23031E-4 4.48584E-4 6.41936E-4 7.41341E-4 7.28829E-4 1.2961E-3 1.25487E-3 1.76611E-3 1.63805E-3 2.26818E-3 2.32513E-3 1.64786E-3 1.13407E-3 1.52454E-3 1.09569E-3 1.10657E-3 6.70072E-4 3.18391E-4 4.9808E-4
2.97524E-3 2.97462E-3 3.24669E-3 3.5477E-3 2.68338E-3 2.6762E-3 3.50101E-3 3.47227E-3 3.76814E-3 4.60239E-3 4.56897E-3 2.45587E-3 3.79499E-3 5.2163E-3 5.15635E-3 1.03119E-2 6.78916E-3 1.2724E-2 9.89863E-3 5.27587E-3 4.67579E-3 6.80119E-3 9.7028E-3 1.87852E-2 5.31584E-2 8.45645E-2 2.81575E-2 1.16272E-2 9.29002E-3 9.04742E-3 7.14414E-3 6.86311E-3 6.8577E-3 6.04917E-3 5.24522E-3 4.21848E-3 3.56515E-3 2.50999E-3 2.11257E-3 7.63609E-4 5.90259E-4 5.87316E-4 5.24676E-4 5.2539E-4 7.38422E-4 9.0283E-4 1.2828E-3 2.15146E-3 9.76316E-4 8.38407E-4 1.49497E-3 2.23093E-3 2.07072E-3 1.91917E-3 1.43191E-3 1.56585E-3 6.77072E-4 7.86198E-4 5.06085E-4 3.62582E-4 4.73098E-4
2.32795E-3 2.68782E-3 2.88512E-3 2.82242E-3 3.11617E-3 3.28285E-3 2.89213E-3 3.74901E-3 5.07172E-3 3.86419E-3 2.39918E-3 2.08593E-3 2.23362E-3 2.82255E-3 3.74059E-3 4.83197E-3 6.20396E-3 1.09845E-2 1.74466E-2 9.77491E-3 3.45771E-3 2.92849E-3 4.18503E-3 6.03263E-3 1.2657E-2 3.02806E-2 5.10584E-2 5.11101E-2 3.99526E-2 3.04113E-2 2.29486E-2 1.68596E-2 1.09506E-2 7.09832E-3 6.00119E-3 5.37547E-3 3.80454E-3 2.77622E-3 2.0448E-3 8.90675E-4 8.08131E-4 5.55438E-4 5.43012E-4 7.16306E-4 1.03583E-3 1.40343E-3 1.76226E-3 8.51826E-4 6.71903E-4 4.57055E-4 5.57263E-4 1.45039E-3 1.01173E-3 1.44524E-3 1.02779E-3 1.33737E-3 5.07147E-4 2.59666E-4 9.68012E-5 1.61244E-4 3.60701E-4
2.90432E-3 2.87594E-3 2.50775E-3 2.18891E-3 2.22805E-3 2.96514E-3 3.24478E-3 4.57971E-3 4.79708E-3 2.99641E-3 4.06199E-3 2.20508E-3 1.61396E-3 1.76449E-3 3.37972E-3 3.73627E-3 5.49104E-3 6.68474E-3 1.35156E-2 1.33402E-2 6.28193E-3 3.44096E-3 3.10313E-3 4.30114E-3 6.15234E-3 1.00074E-2 1.58722E-2 1.85588E-2 1.63098E-2 1.46022E-2 1.13771E-2 9.79701E-3 8.41597E-3 6.8622E-3 6.30227E-3 4.94508E-3 2.9805E-3 1.9015E-3 1.30849E-3 1.38476E-3 8.124E-4 6.67482E-4 1.09003E-3 1.42673E-3 1.84646E-3 2.26164E-3 1.92399E-3 7.63679E-4 6.15003E-4 4.98353E-4 5.63718E-4 8.58753E-4 8.86995E-4 7.13248E-4 1.32448E-3 1.33388E-3 5.7834E-4 9.91213E-5 5.0938E-5 4.09953E-5 9.14067E-5
3.10762E-3 2.50814E-3 2.19529E-3 1.8395E-3 1.7697E-3 2.56085E-3 4.3828E-3 6.81017E-3 2.41779E-3 3.43604E-3 3.1196E-3 1.94763E-3 1.21302E-3 1.46518E-3 3.16712E-3 3.98136E-3 5.52708E-3 1.13434E-2 1.13143E-2 7.42739E-3 1.01076E-2 1.07329E-2 5.84479E-3 3.79325E-3 4.45793E-3 7.39403E-3 7.51437E-3 8.36563E-3 7.81332E-3 8.15099E-3 7.32225E-3 7.7359E-3 7.13441E-3 6.08815E-3 5.76363E-3 4.07505E-3 2.1976E-3 1.47277E-3 1.18554E-3 1.25659E-3 7.60807E-4 1.084E-3 1.86064E-3 1.95993E-3 2.63941E-3 1.66145E-3 2.27239E-3 5.93301E-4 7.16951E-4 4.48769E-4 4.87966E-4 1.02692E-3 7.23993E-4 5.48802E-4 1.74673E-3 1.52245E-3 3.09783E-4 9.32533E-5 4.09257E-5 3.34078E-5 2.86369E-5
4.05836E-3 3.50607E-3 2.99866E-3 2.16769E-3 1.69603E-3 2.59973E-3 3.32655E-3 5.29582E-3 1.47483E-3 2.08164E-3 1.46821E-3 1.37426E-3 1.82529E-3 2.00329E-3 3.46066E-3 3.58058E-3 3.89882E-3 5.89227E-3 7.08898E-3 5.73506E-3 5.53438E-3 6.16155E-3 1.03189E-2 9.33154E-3 6.35972E-3 5.67548E-3 4.94945E-3 5.2506E-3 4.74495E-3 4.43007E-3 4.97569E-3 4.88993E-3 5.05271E-3 6.0662E-3 5.02446E-3 3.16792E-3 2.20151E-3 1.61714E-3 1.07537E-3 9.65358E-4 1.2042E-3 1.38787E-3 3.84519E-3 2.18048E-3 2.04267E-3 1.36106E-3 1.61367E-3 1.59951E-3 7.72211E-4 1.02057E-3 7.6079E-4 1.27609E-3 7.88024E-4 8.48609E-4 1.46156E-3 1.43715E-3 2.37374E-4 5.6249E-5 2.39605E-5 2.10872E-5 2.18871E-5
7.72618E-3 3.87208E-3 3.77064E-3 3.70765E-3 2.49405E-3 2.36207E-3 3.69562E-3 1.78855E-3 1.71046E-3 1.68854E-3 2.14918E-3 3.14355E-3 3.6332E-3 4.40886E-3 4.31259E-3 4.24715E-3 4.65856E-3 9.15839E-3 4.74982E-3 4.19782E-3 4.73344E-3 4.27677E-3 6.27114E-3 7.57498E-3 6.72136E-3 5.66954E-3 4.30853E-3 3.65856E-3 2.77015E-3 2.51663E-3 2.19953E-3 1.97722E-3 2.67807E-3 3.25267E-3 2.88497E-3 1.98822E-3 1.71364E-3 1.72599E-3 1.51105E-3 1.216E-3 2.06404E-3 2.03735E-3 2.53493E-3 2.02573E-3 1.59988E-3 1.86112E-3 1.49402E-3 1.70526E-3 7.80301E-4 1.96281E-3 3.17139E-4 7.03482E-4 3.26455E-4 3.05335E-4 1.01233E-3 7.21789E-4 2.97017E-4 7.01224E-5 2.98377E-5 2.4906E-5 1.99755E-5
8.32289E-3 4.19478E-3 3.43756E-3 3.37662E-3 2.95279E-3 2.69622E-3 3.43731E-3 2.24498E-3 3.34282E-3 2.86982E-3 6.66128E-3 3.57477E-3 3.96079E-3 5.99093E-3 5.78228E-3 5.63705E-3 4.33139E-3 3.86295E-3 3.53609E-3 3.68896E-3 4.26345E-3 3.66084E-3 3.66664E-3 5.68026E-3 5.69318E-3 4.63001E-3 2.56939E-3 2.29704E-3 1.74024E-3 1.96886E-3 2.00067E-3 1.46575E-3 1.45028E-3 2.15452E-3 2.30392E-3 1.78887E-3 1.92253E-3 2.31746E-3 1.37797E-3 1.10293E-3 9.51004E-4 1.44822E-3 1.28745E-3 1.75588E-3 2.01115E-3 1.65204E-3 1.8965E-3 1.21106E-3 1.27914E-3 1.96514E-3 2.31579E-4 1.90702E-4 9.19822E-5 2.04074E-4 5.54575E-4 3.84648E-4 1.34874E-4 5.94631E-5 5.04272E-5 4.20095E-5 2.77822E-5
1.12149E-2 5.92138E-3 4.43678E-3 3.62886E-3 3.44528E-3 2.72818E-3 3.78378E-3 3.29163E-3 5.36381E-3 7.59285E-3 5.56499E-3 6.31345E-3 2.5051E-3 6.30161E-3 6.50924E-3 6.14246E-3 4.99234E-3 4.09716E-3 3.64789E-3 3.07947E-3 3.62276E-3 3.42002E-3 5.0926E-3 5.95862E-3 5.01907E-3 4.49938E-3 2.79856E-3 1.53715E-3 1.61002E-3 2.4942E-3 1.91113E-3 1.05583E-3 6.18874E-4 1.56266E-3 1.07522E-3 1.32288E-3 1.53212E-3 1.00023E-3 1.03681E-3 1.03187E-3 1.63056E-3 6.45227E-4 9.60168E-4 1.28896E-3 1.32398E-3 1.45771E-3 2.0358E-3 1.26166E-3 1.58726E-3 2.67367E-3 8.91262E-4 6.29035E-4 1.06776E-4 6.00225E-5 1.45546E-4 1.24414E-4 8.39032E-5 5.27467E-5 5.68316E-5 4.28817E-5 3.90473E-5
1.25646E-2 7.91465E-3 6.38546E-3 4.11595E-3 3.23831E-3 2.34435E-3 3.01303E-3 3.45173E-3 7.0833E-3 5.17026E-3 5.20488E-3 4.7913E-3 2.77754E-3 5.75323E-3 8.47855E-3 8.01082E-3 5.53922E-3 4.33339E-3 3.91144E-3 2.90514E-3 3.11724E-3 3.07818E-3 4.29937E-3 4.85568E-3 4.56508E-3 4.64125E-3 4.7985E-3 3.70153E-3 2.81701E-3 1.23274E-3 1.33327E-3 7.88672E-4 9.58465E-4 7.41992E-4 5.35322E-4 1.2097E-3 1.11264E-3 1.54068E-3 3.36292E-3 1.27309E-3 5.21762E-4 4.18056E-4 8.62753E-4 1.29181E-3 1.57813E-3 2.11255E-3 2.26785E-3 1.63424E-3 2.10733E-3 2.05841E-3 1.75762E-3 5.10577E-4 7.81156E-5 5.31319E-5 1.11185E-4 8.35717E-5 6.44469E-5 4.21115E-5 3.51021E-5 4.0029E-5 4.05135E-5
1.0658E-2 8.75425E-3 5.83237E-3 5.41149E-3 4.19779E-3 3.84539E-3 4.77733E-3 4.89166E-3 6.56815E-3 3.89726E-3 6.38696E-3 3.42501E-3 3.52796E-3 1.00026E-2 7.99676E-3 8.00437E-3 5.88976E-3 3.98837E-3 3.5977E-3 2.84708E-3 2.26718E-3 2.80691E-3 6.50494E-3 2.84523E-3 2.43707E-3 3.19716E-3 5.7276E-3 3.66942E-3 8.27972E-4 1.20195E-3 1.20242E-3 9.58577E-4 6.2803E-4 6.63669E-4 9.09455E-4 7.31658E-4 1.50829E-3 6.99262E-4 4.43807E-4 4.68342E-4 5.82875E-4 6.96826E-4 1.55278E-3 1.58668E-3 1.63879E-3 3.01855E-3 3.27683E-3 2.29344E-3 2.53323E-3 9.51401E-4 7.14774E-4 1.39274E-4 6.47153E-5 7.84331E-5 7.98142E-5 7.57872E-5 6.3504E-5 4.00681E-5 4.14455E-5 4.56389E-5 5.09116E-5
1.08466E-2 9.32376E-3 6.58436E-3 5.1556E-3 4.19337E-3 5.21435E-3 8.37118E-3 4.82321E-3 3.49144E-3 4.03335E-3 4.52353E-3 2.67049E-3 6.63058E-3 1.05243E-2 9.01163E-3 7.27093E-3 4.96495E-3 3.48595E-3 3.09561E-3 2.60061E-3 2.98155E-3 3.57539E-3 3.45786E-3 4.508E-3 2.21418E-3 2.0893E-3 1.74103E-3 8.36332E-4 1.64491E-3 8.31816E-4 6.72731E-4 7.79216E-4 4.44031E-4 7.53279E-4 8.98953E-4 4.58613E-4 1.17406E-3 4.90277E-4 5.18043E-4 4.97434E-4 1.13891E-3 4.32565E-3 3.56495E-3 2.48518E-3 2.99037E-3 5.23473E-3 5.57674E-3 3.70973E-3 2.56585E-3 9.04613E-4 1.72644E-3 1.25946E-4 8.14306E-5 1.18917E-4 1.07245E-4 8.7577E-5 7.62977E-5 5.65763E-5 5.7732E-5 6.43561E-5 6.76203E-5
1.32736E-2 1.18924E-2 6.47118E-3 6.58625E-3 7.52036E-3 8.69388E-3 3.02469E-3 2.7447E-3 7.23979E-3 2.61848E-3 2.47466E-3 2.23226E-3 7.52416E-3 5.27537E-3 4.61779E-3 3.46515E-3 3.97214E-3 5.42851E-3 3.96643E-3 4.34787E-3 5.06148E-3 3.85255E-3 2.70078E-3 3.43532E-3 2.32516E-3 1.46118E-3 1.87871E-3 7.9864E-4 1.01669E-3 9.74424E-4 5.22847E-4 3.19893E-4 4.76442E-4 5.4089E-4 4.17407E-4 3.14586E-4 5.49692E-4 4.98884E-4 6.15358E-4 9.0832E-4 1.37081E-3 5.54931E-3 1.05669E-2 7.72117E-3 6.30249E-3 9.55806E-3 1.69188E-2 3.05946E-3 2.02754E-3 1.1421E-3 1.96252E-3 1.81341E-4 8.44292E-5 1.37155E-4 1.36021E-4 1.19569E-4 1.04458E-4 8.99284E-5 7.74426E-5 8.32879E-5 8.31563E-5
1.61693E-2 1.21744E-2 9.65022E-3 7.81579E-3 7.1304E-3 3.58173E-3 1.84385E-3 4.36838E-3 7.08199E-3 2.29088E-3 3.06851E-3 3.4315E-3 5.17126E-3 1.9016E-3 4.80733E-3 4.43408E-3 3.86415E-3 6.74316E-3 2.86165E-3 2.13816E-3 3.3343E-3 2.93246E-3 3.20317E-3 2.38841E-3 1.56102E-3 1.72796E-3 1.60753E-3 6.14096E-4 4.06538E-4 8.05982E-4 8.10746E-4 4.32967E-4 7.1157E-4 3.16491E-4 3.24025E-4 3.75362E-4 2.90818E-4 5.45715E-4 9.98234E-4 9.02448E-4 1.35327E-3 3.61595E-3 1.12497E-2 1.81789E-2 1.65331E-2 2.53565E-2 1.34642E-2 1.15575E-2 2.79092E-3 1.31882E-3 1.01416E-3 2.40512E-4 1.20677E-4 1.18554E-4 1.5622E-4 1.47216E-4 1.38054E-4 1.09779E-4 8.06618E-5 1.03836E-4 9.72887E-5
2.16724E-2 1.35808E-2 1.45072E-2 1.30653E-2 3.71937E-3 2.96928E-3 1.78719E-3 4.6826E-3 2.6915E-3 1.91139E-3 2.52403E-3 2.32894E-3 2.82805E-3 1.34573E-3 4.3304E-3 2.14855E-3 1.37425E-3 3.63063E-3 2.20652E-3 2.35728E-3 3.19746E-3 5.02831E-3 2.53233E-3 2.36178E-3 3.40684E-3 1.69186E-3 1.13985E-3 6.30403E-4 1.42834E-3 9.77037E-4 6.65664E-4 1.12733E-3 3.96227E-4 5.51052E-4 6.95576E-4 7.38959E-4 5.59367E-4 9.19761E-4 1.13579E-3 1.456E-3 9.88295E-4 1.41433E-3 6.55117E-3 2.0684E-2 3.37952E-2 5.42845E-2 2.69779E-2 1.50388E-2 3.31112E-3 2.02721E-3 1.08239E-3 4.64879E-4 2.76155E-4 1.90135E-4 2.61714E-4 3.79561E-4 2.77027E-4 2.07603E-4 1.41406E-4 1.27349E-4 1.14896E-4
1.45863E-2 1.60338E-2 1.27523E-2 5.01648E-3 2.56746E-3 2.32802E-3 2.55353E-3 2.82131E-3 2.36968E-3 1.84248E-3 2.67897E-3 2.02825E-3 2.35153E-3 5.37746E-3 3.04573E-3 1.29446E-3 1.11555E-3 2.23167E-3 1.34644E-3 1.78288E-3 1.7901E-3 1.93999E-3 2.25239E-3 2.72787E-3 2.5272E-3 1.37914E-3 7.88872E-4 2.6375E-3 3.1169E-3 7.83023E-4 4.79085E-4 1.09571E-3 2.88957E-4 5.1261E-4 4.33892E-4 5.31565E-4 6.42331E-4 1.11467E-3 1.75034E-3 1.04284E-3 1.18649E-3 9.17873E-4 2.87609E-3 1.08711E-2 3.86479E-2 6.11188E-2 2.36651E-2 2.02516E-2 5.33473E-3 2.6895E-3 1.29324E-3 1.34821E-3 2.67855E-3 1.97281E-3 2.50327E-3 2.03913E-3 1.39014E-3 7.1501E-4 4.67499E-4 2.89776E-4 1.69362E-4
2.09568E-2 1.18138E-2 1.15538E-2 4.22718E-3 3.72917E-3 4.13524E-3 4.10775E-3 3.62295E-3 2.8254E-3 2.82131E-3 2.16506E-3 4.41577E-3 2.11429E-3 6.90864E-3 3.50803E-3 3.57066E-3 1.99417E-3 2.03843E-3 2.63504E-3 8.698E-4 1.05368E-3 2.55266E-3 1.01223E-3 1.781E-3 1.61638E-3 1.58017E-3 3.8086E-3 4.33555E-3 2.75434E-3 6.99597E-4 4.75524E-4 5.50194E-4 2.13005E-4 9.154E-4 5.08608E-4 9.6115E-4 9.51715E-4 8.68827E-4 9.59751E-4 8.0758E-4 6.96281E-4 1.81059E-3 2.09827E-3 6.51398E-3 1.84936E-2 5.87277E-2 1.63351E-2 2.18549E-2 1.253E-2 4.217E-3 1.89213E-3 5.5515E-3 7.63475E-3 4.77078E-3 2.99628E-3 2.27542E-3 1.67531E-3 1.69893E-3 1.37485E-3 1.31559E-3 5.18909E-4
1.57476E-2 1.06435E-2 6.37079E-3 7.63345E-3 5.58753E-3 4.6048E-3 4.58704E-3 3.36053E-3 3.73762E-3 2.63968E-3 2.69217E-3 5.60635E-3 3.17771E-3 4.08169E-3 6.20303E-3 4.59395E-3 6.89824E-3 1.14913E-3 2.46352E-3 2.13869E-3 1.0097E-3 2.51282E-3 3.66586E-3 3.03109E-3 1.82066E-3 4.28214E-3 6.68022E-3 2.11034E-3 2.01928E-3 1.80665E-3 2.19172E-3 9.51281E-4 2.01439E-4 1.18606E-3 4.78732E-4 8.47099E-4 8.52613E-4 7.42153E-4 5.44691E-4 5.72503E-4 7.3095E-4 2.05956E-3 1.5211E-3 8.93341E-3 4.67028E-3 1.09781E-2 1.45579E-2 1.40563E-2 1.13297E-2 8.04647E-3 2.70198E-3 3.045E-3 6.19082E-3 4.53697E-3 3.62144E-3 2.78333E-3 1.66235E-3 1.14367E-3 4.38674E-4 3.24972E-4 2.09752E-4
