data/maxent/outputs/white_263.asc
ncols         426
nrows         180
xllcorner     -130.0
yllcorner     24.0
cellsize      0.16666666666666666
NODATA_value  -9999
[rows 27 to 53 of 180, columns 305 to 365 of 426]
3.46352E-2 3.28786E-2 3.43295E-2 3.69218E-2 3.28658E-2 3.48805E-2 3.46098E-2 3.18674E-2 3.28841E-2 3.3805E-2 3.31049E-2 3.0845E-2 2.86063E-2 3.09486E-2 3.22153E-2 3.77652E-2 4.36163E-2 3.93881E-2 3.45062E-2 3.53473E-2 3.25808E-2 3.15805E-2 3.55593E-2 3.84806E-2 2.82938E-2 3.40097E-2 3.78244E-2 2.5975E-2 2.97942E-2 3.0761E-2 2.57946E-2 2.43213E-2 2.42965E-2 2.25183E-2 2.43036E-2 1.87978E-2 2.40423E-2 2.59996E-2 2.94252E-2 2.9861E-2 3.05928E-2 3.85595E-2 4.2833E-2 4.36128E-2 3.82406E-2 3.46493E-2 3.88594E-2 4.44218E-2 3.38967E-2 3.48626E-2 2.75153E-2 3.4557E-2 3.08345E-2 2.91462E-2 3.54709E-2 4.38921E-2 4.00683E-2 5.67257E-2 4.42396E-2 5.04729E-2 6.24917E-2
3.687E-2 3.53764E-2 3.47132E-2 3.39068E-2 3.10988E-2 3.2457E-2 3.25162E-2 3.12542E-2 2.96613E-2 3.16138E-2 3.54983E-2 3.52953E-2 3.28216E-2 3.05576E-2 3.10263E-2 3.16333E-2 3.62174E-2 3.01303E-2 2.94754E-2 2.87732E-2 2.58988E-2 2.78399E-2 3.20704E-2 3.1664E-2 2.64912E-2 3.51908E-2 2.91255E-2 2.65628E-2 2.89447E-2 3.06523E-2 3.08076E-2 2.53337E-2 2.71205E-2 2.24388E-2 2.29695E-2 2.36279E-2 2.48679E-2 2.89879E-2 3.28186E-2 3.78669E-2 3.66077E-2 4.32173E-2 4.92355E-2 4.84854E-2 4.1969E-2 3.12265E-2 3.80737E-2 4.61982E-2 3.46737E-2 2.69996E-2 2.38147E-2 2.78439E-2 2.95833E-2 2.62591E-2 3.69394E-2 4.05958E-2 3.68639E-2 4.46671E-2 5.97369E-2 1.02667E-1 1.07064E-1
4.63162E-2 4.32882E-2 3.78665E-2 3.45487E-2 3.33078E-2 3.69707E-2 3.57639E-2 3.26415E-2 3.15904E-2 3.58418E-2 3.66407E-2 3.87261E-2 4.27466E-2 5.00662E-2 3.13E-2 3.01123E-2 2.79012E-2 2.80596E-2 2.71822E-2 2.75485E-2 2.62447E-2 2.65651E-2 2.78995E-2 2.86159E-2 2.66727E-2 2.64427E-2 2.96076E-2 2.73202E-2 2.70104E-2 2.62247E-2 2.591E-2 2.37077E-2 2.62199E-2 2.72597E-2 2.68332E-2 2.80163E-2 3.43814E-2 3.90066E-2 3.99506E-2 4.51484E-2 4.89113E-2 5.13143E-2 5.52082E-2 5.54075E-2 5.5997E-2 5.03349E-2 4.13894E-2 4.93127E-2 5.22684E-2 3.17559E-2 2.55322E-2 2.39739E-2 3.00692E-2 3.28716E-2 3.14251E-2 3.69748E-2 4.6665E-2 4.80327E-2 5.6687E-2 1.00726E-1 1.50597E-1
4.42348E-2 4.56203E-2 3.59936E-2 4.41688E-2 4.18219E-2 3.26875E-2 3.44696E-2 3.41586E-2 3.31149E-2 3.80554E-2 3.79339E-2 3.67375E-2 3.92679E-2 3.69786E-2 3.13677E-2 3.10821E-2 2.98522E-2 3.1046E-2 2.74601E-2 3.05332E-2 3.14521E-2 3.33548E-2 3.12546E-2 2.93034E-2 2.77683E-2 2.72479E-2 2.93339E-2 2.78596E-2 2.94936E-2 2.60067E-2 2.5771E-2 2.58482E-2 2.43375E-2 2.34836E-2 2.54509E-2 2.99218E-2 3.48227E-2 4.41976E-2 5.00854E-2 5.4698E-2 6.04843E-2 6.99338E-2 6.26933E-2 6.71715E-2 6.80071E-2 6.73391E-2 6.69265E-2 5.03874E-2 4.69563E-2 2.36112E-2 2.30081E-2 2.03147E-2 3.22972E-2 2.92359E-2 3.54788E-2 4.14943E-2 6.85912E-2 8.94484E-2 1.37002E-1 1.60652E-1 2.34745E-1
5.0312E-2 5.98827E-2 4.06933E-2 3.87948E-2 3.775E-2 3.6159E-2 4.11318E-2 4.35895E-2 4.21339E-2 3.57193E-2 3.65812E-2 3.56681E-2 4.58694E-2 5.484E-2 3.4051E-2 3.02167E-2 3.02559E-2 3.09381E-2 3.27361E-2 3.33015E-2 4.11409E-2 3.55547E-2 3.3356E-2 3.82756E-2 3.96131E-2 3.94541E-2 4.5501E-2 4.85756E-2 3.28722E-2 3.08693E-2 2.43112E-2 2.75175E-2 2.38433E-2 1.94215E-2 2.29231E-2 2.42058E-2 3.1769E-2 4.37638E-2 6.64087E-2 8.04299E-2 8.29519E-2 1.14833E-1 1.11869E-1 9.51303E-2 8.957E-2 7.69344E-2 7.97899E-2 6.78921E-2 5.68297E-2 2.85142E-2 2.20244E-2 2.30704E-2 2.34596E-2 2.2605E-2 3.46677E-2 5.25177E-2 1.00165E-1 1.51785E-1 2.05143E-1 2.49185E-1 2.79328E-1
6.50248E-2 6.69985E-2 6.78761E-2 5.75655E-2 4.23749E-2 4.30149E-2 4.46656E-2 3.3762E-2 3.60306E-2 4.15643E-2 3.48386E-2 3.70863E-2 6.13357E-2 3.76352E-2 3.29255E-2 3.77128E-2 3.86806E-2 3.41544E-2 3.71435E-2 4.48387E-2 4.65407E-2 4.17966E-2 3.52967E-2 5.22486E-2 6.07121E-2 5.95067E-2 6.47127E-2 6.23423E-2 5.08777E-2 3.52902E-2 3.67966E-2 3.10535E-2 2.77792E-2 2.08634E-2 2.15973E-2 2.44082E-2 2.57328E-2 3.84527E-2 5.29252E-2 7.91306E-2 1.08953E-1 1.9374E-1 1.68506E-1 1.64397E-1 1.67258E-1 1.12969E-1 1.00414E-1 8.86432E-2 9.44968E-2 8.36236E-2 4.77944E-2 3.06642E-2 2.63232E-2 2.83961E-2 5.04054E-2 8.26637E-2 1.08904E-1 1.77548E-1 2.89627E-1 3.19995E-1 3.244E-1
8.64997E-2 7.55563E-2 7.19831E-2 8.04183E-2 8.25618E-2 7.97203E-2 7.31347E-2 5.13819E-2 5.0317E-2 4.33889E-2 4.3238E-2 5.07871E-2 5.85211E-2 4.02431E-2 3.78047E-2 4.58544E-2 4.24996E-2 3.56016E-2 3.17215E-2 3.23247E-2 3.50774E-2 4.44858E-2 5.31766E-2 6.38847E-2 7.01302E-2 4.88923E-2 5.2375E-2 5.72346E-2 5.06917E-2 5.29115E-2 4.96075E-2 3.63184E-2 3.31529E-2 2.81881E-2 2.56754E-2 2.889E-2 3.31577E-2 4.17656E-2 4.95818E-2 5.71719E-2 7.67144E-2 1.05749E-1 1.52992E-1 1.78929E-1 1.38143E-1 1.3039E-1 1.35074E-1 1.47822E-1 1.56638E-1 1.68689E-1 1.6469E-1 1.28212E-1 1.04859E-1 7.30135E-2 8.75817E-2 1.48043E-1 1.87273E-1 2.48781E-1 3.47517E-1 3.70014E-1 -9999
1.05764E-1 1.06117E-1 9.31033E-2 1.00176E-1 1.22048E-1 1.0651E-1 1.06159E-1 6.76998E-2 6.69413E-2 6.33288E-2 8.36879E-2 6.62813E-2 4.69134E-2 4.01846E-2 4.31288E-2 3.87617E-2 3.82844E-2 3.72978E-2 4.05806E-2 3.48166E-2 4.39721E-2 4.56285E-2 4.7981E-2 5.74173E-2 5.7115E-2 4.37599E-2 4.12233E-2 4.82731E-2 4.46637E-2 4.42525E-2 4.405E-2 4.00563E-2 3.427E-2 3.0301E-2 3.28544E-2 3.5921E-2 4.29688E-2 6.81199E-2 6.19642E-2 6.47776E-2 7.0642E-2 9.05507E-2 8.86516E-2 9.68983E-2 9.14237E-2 9.87424E-2 1.12237E-1 1.21149E-1 1.27999E-1 1.41926E-1 1.30241E-1 1.21343E-1 1.20074E-1 1.75012E-1 2.48419E-1 3.34989E-1 2.91427E-1 3.37071E-1 3.29709E-1 -9999 4.97731E-1
1.07692E-1 1.11724E-1 9.51264E-2 8.44859E-2 8.32084E-2 8.44033E-2 1.02814E-1 1.20305E-1 9.17751E-2 6.67754E-2 7.77921E-2 8.86248E-2 8.06647E-2 6.02374E-2 5.64494E-2 5.12398E-2 4.331E-2 4.33188E-2 4.64718E-2 5.33595E-2 5.1601E-2 4.86887E-2 5.75033E-2 6.2009E-2 4.20844E-2 4.23887E-2 5.13264E-2 5.15996E-2 4.75316E-2 4.18497E-2 4.51655E-2 5.28634E-2 4.58547E-2 4.12688E-2 4.68768E-2 5.50047E-2 6.59602E-2 7.69176E-2 8.15092E-2 7.15218E-2 7.15861E-2 7.51089E-2 6.82048E-2 8.50929E-2 7.95518E-2 6.90735E-2 6.71274E-2 6.26914E-2 8.00684E-2 9.86819E-2 1.08223E-1 1.02248E-1 8.70472E-2 1.24948E-1 2.14875E-1 3.25462E-1 3.97848E-1 4.27787E-1 5.66211E-1 5.02857E-1 4.13524E-1
1.28027E-1 1.1936E-1 1.16568E-1 1.12253E-1 1.07527E-1 9.88014E-2 1.06301E-1 8.45747E-2 8.54393E-2 7.50434E-2 7.8329E-2 9.44976E-2 9.02593E-2 8.23273E-2 7.04286E-2 7.20081E-2 6.80576E-2 6.89536E-2 6.22735E-2 5.97103E-2 5.74795E-2 5.82162E-2 6.53648E-2 6.21473E-2 5.12684E-2 4.61553E-2 5.90723E-2 5.64809E-2 5.87696E-2 4.98294E-2 5.23785E-2 5.57597E-2 5.91796E-2 6.36716E-2 7.41727E-2 7.33803E-2 9.27602E-2 9.97929E-2 1.1349E-1 1.08731E-1 9.67826E-2 9.16063E-2 7.98641E-2 7.4079E-2 7.24966E-2 4.91749E-2 3.87072E-2 3.53478E-2 3.17652E-2 4.61517E-2 6.16628E-2 7.32919E-2 1.24993E-1 1.25109E-1 2.13835E-1 3.57502E-1 4.37166E-1 6.6232E-1 5.4674E-1 3.81473E-1 2.96966E-1
1.38037E-1 1.34971E-1 1.29529E-1 1.18664E-1 1.11277E-1 1.27202E-1 1.33279E-1 1.27619E-1 9.80204E-2 1.0319E-1 1.20327E-1 1.04378E-1 9.30057E-2 8.49947E-2 7.09084E-2 7.48757E-2 8.09405E-2 8.00326E-2 7.52457E-2 6.79081E-2 7.25269E-2 6.73143E-2 7.22324E-2 6.79378E-2 6.3324E-2 6.35252E-2 6.52099E-2 6.06972E-2 6.36722E-2 6.3978E-2 6.76546E-2 7.86033E-2 6.87563E-2 7.6917E-2 9.68706E-2 1.19024E-1 1.15223E-1 1.2809E-1 1.27079E-1 1.25634E-1 1.10351E-1 9.60904E-2 9.40335E-2 8.61942E-2 6.98801E-2 4.60421E-2 3.24843E-2 3.46372E-2 3.0318E-2 3.90964E-2 5.05594E-2 9.44315E-2 2.54574E-1 2.30358E-1 2.3091E-1 3.48446E-1 7.06545E-1 5.4252E-1 4.77557E-1 3.10167E-1 2.44133E-1
1.53912E-1 1.48287E-1 1.91989E-1 1.53941E-1 1.13333E-1 1.11775E-1 1.33924E-1 1.19084E-1 1.17783E-1 1.31437E-1 1.3193E-1 1.32432E-1 1.17217E-1 1.09214E-1 9.2756E-2 1.01703E-1 9.46668E-2 7.90021E-2 8.38744E-2 8.7872E-2 7.82194E-2 7.30589E-2 7.91881E-2 7.7849E-2 7.79156E-2 7.26675E-2 6.75948E-2 6.62551E-2 7.24717E-2 7.90879E-2 9.20624E-2 9.43073E-2 7.33501E-2 8.11266E-2 1.16815E-1 1.20145E-1 1.322E-1 1.36357E-1 1.43032E-1 1.21073E-1 1.14961E-1 1.24087E-1 1.05577E-1 8.65747E-2 6.09449E-2 4.00309E-2 3.55798E-2 3.62127E-2 3.79937E-2 4.76184E-2 7.49817E-2 3.24091E-1 2.66382E-1 2.91605E-1 3.39849E-1 6.42521E-1 5.81713E-1 4.75054E-1 3.31872E-1 3.08794E-1 2.71537E-1
1.71089E-1 1.47936E-1 1.35656E-1 1.37928E-1 1.31452E-1 1.3462E-1 1.31261E-1 1.3495E-1 1.35937E-1 1.36634E-1 1.28923E-1 1.56903E-1 1.41873E-1 1.43903E-1 1.40492E-1 1.48083E-1 1.239E-1 9.08463E-2 1.00186E-1 9.63719E-2 9.54532E-2 9.02692E-2 8.96847E-2 8.90446E-2 9.97272E-2 8.13613E-2 7.82021E-2 9.20154E-2 1.06962E-1 1.20539E-1 8.0042E-2 9.25284E-2 8.39602E-2 8.92591E-2 1.12886E-1 1.41004E-1 1.59372E-1 1.53108E-1 1.80022E-1 1.54292E-1 1.38067E-1 1.43055E-1 1.26328E-1 9.63605E-2 6.28055E-2 5.01549E-2 5.59804E-2 4.47185E-2 4.09432E-2 4.83893E-2 1.06508E-1 3.50884E-1 4.8738E-1 3.91661E-1 7.37678E-1 5.46047E-1 3.84697E-1 3.0194E-1 2.81981E-1 3.12323E-1 3.38376E-1
1.89475E-1 1.86602E-1 1.54841E-1 1.4101E-1 1.3805E-1 1.46632E-1 1.23316E-1 1.33623E-1 1.31586E-1 1.33338E-1 1.27553E-1 1.39085E-1 1.39946E-1 1.2809E-1 1.31817E-1 1.63329E-1 1.27387E-1 1.12542E-1 1.06917E-1 1.01255E-1 1.04056E-1 1.10902E-1 1.03882E-1 9.78049E-2 1.01412E-1 9.13825E-2 7.93334E-2 7.8291E-2 9.64724E-2 1.02236E-1 9.04942E-2 9.27237E-2 8.87763E-2 9.83777E-2 1.07513E-1 1.27255E-1 1.54614E-1 1.82866E-1 1.78259E-1 1.59121E-1 1.5581E-1 1.68348E-1 1.24675E-1 9.09908E-2 7.64584E-2 6.85757E-2 9.41124E-2 8.36837E-2 8.61112E-2 1.11665E-1 2.42666E-1 2.64758E-1 -9999 6.64007E-1 4.99666E-1 3.89693E-1 2.57476E-1 2.3269E-1 2.71428E-1 2.9369E-1 3.13947E-1
2.75729E-1 2.22508E-1 1.91412E-1 1.94796E-1 1.74549E-1 1.641E-1 1.45282E-1 1.47433E-1 1.37731E-1 1.33494E-1 1.31951E-1 1.37528E-1 1.41039E-1 1.3601E-1 1.37381E-1 1.46085E-1 1.4901E-1 1.40535E-1 1.32538E-1 1.42145E-1 1.67919E-1 1.36811E-1 1.5036E-1 1.28767E-1 1.19725E-1 1.00645E-1 8.26188E-2 8.43472E-2 8.38932E-2 9.09829E-2 1.02855E-1 1.17996E-1 1.17917E-1 1.08639E-1 1.16632E-1 1.4003E-1 1.59084E-1 2.22391E-1 2.213E-1 2.28156E-1 1.87124E-1 1.89618E-1 1.55136E-1 1.43658E-1 1.30116E-1 1.62331E-1 2.06177E-1 1.75584E-1 2.1731E-1 3.50132E-1 3.83933E-1 6.15575E-1 6.18745E-1 4.5181E-1 3.05867E-1 2.87562E-1 2.22463E-1 2.15466E-1 2.59836E-1 2.85586E-1 3.09747E-1
3.19587E-1 3.10321E-1 2.52759E-1 2.1658E-1 1.85309E-1 1.58879E-1 1.5533E-1 1.86237E-1 1.53818E-1 1.41263E-1 1.34567E-1 1.45139E-1 1.36375E-1 1.38587E-1 1.55068E-1 1.73284E-1 1.81606E-1 2.02346E-1 1.98181E-1 2.21167E-1 2.37967E-1 2.15452E-1 1.91757E-1 1.47897E-1 1.47283E-1 1.25786E-1 1.15353E-1 9.70839E-2 9.16304E-2 1.02878E-1 1.12438E-1 1.24769E-1 1.24328E-1 1.38229E-1 1.49195E-1 1.66589E-1 2.07482E-1 2.78299E-1 2.97619E-1 2.99806E-1 2.53516E-1 2.56455E-1 2.49906E-1 2.27504E-1 2.68374E-1 3.1799E-1 4.09779E-1 4.78832E-1 4.78707E-1 4.80785E-1 4.47881E-1 4.32595E-1 3.55468E-1 3.02848E-1 2.79299E-1 2.67744E-1 2.44694E-1 2.49972E-1 2.63939E-1 2.69485E-1 2.56212E-1
3.1554E-1 3.13928E-1 2.52572E-1 2.28294E-1 2.06212E-1 1.74522E-1 1.78088E-1 1.84238E-1 1.83825E-1 1.58336E-1 1.71195E-1 1.78575E-1 1.67136E-1 1.76613E-1 1.92109E-1 2.09293E-1 2.60916E-1 2.80181E-1 2.80112E-1 3.52484E-1 3.76095E-1 2.36906E-1 1.87775E-1 1.94127E-1 2.03404E-1 1.52889E-1 1.32354E-1 1.17185E-1 1.16286E-1 1.17599E-1 1.29305E-1 1.77866E-1 1.7724E-1 1.41168E-1 1.70909E-1 1.83804E-1 2.48545E-1 2.84248E-1 3.99612E-1 3.11893E-1 3.00735E-1 3.27593E-1 3.34015E-1 3.45908E-1 3.8939E-1 4.43369E-1 5.50092E-1 6.49393E-1 4.52516E-1 3.78976E-1 3.20191E-1 3.03398E-1 2.77522E-1 2.62531E-1 2.88016E-1 2.81469E-1 2.67116E-1 2.62274E-1 2.60761E-1 2.72175E-1 2.36059E-1
2.91946E-1 3.259E-1 2.66124E-1 2.15024E-1 2.36791E-1 2.31024E-1 2.05704E-1 2.06603E-1 2.00879E-1 1.85512E-1 1.88673E-1 2.3665E-1 2.33946E-1 2.28067E-1 2.40731E-1 2.81609E-1 3.24323E-1 3.48552E-1 3.43409E-1 3.06283E-1 3.13325E-1 2.73347E-1 2.51699E-1 2.39082E-1 2.56946E-1 2.07185E-1 1.90816E-1 1.62783E-1 1.43693E-1 1.51827E-1 1.65663E-1 1.63575E-1 1.55825E-1 1.653E-1 1.97576E-1 2.79726E-1 3.22356E-1 4.00004E-1 5.29613E-1 3.9137E-1 3.96626E-1 4.92169E-1 5.24582E-1 5.37288E-1 5.12822E-1 4.96964E-1 4.93659E-1 4.78724E-1 4.1892E-1 3.15236E-1 2.80479E-1 2.50863E-1 2.08929E-1 2.78798E-1 2.78871E-1 2.78946E-1 2.94641E-1 2.64017E-1 2.60887E-1 2.46154E-1 2.54472E-1
2.65509E-1 3.23288E-1 3.52569E-1 2.63091E-1 2.53545E-1 2.23509E-1 2.26574E-1 2.5164E-1 2.67316E-1 2.40542E-1 2.53426E-1 2.8883E-1 3.3547E-1 3.0825E-1 2.87852E-1 3.29373E-1 3.95537E-1 3.8064E-1 4.05014E-1 3.72566E-1 3.82391E-1 3.88423E-1 3.40976E-1 2.83068E-1 2.8194E-1 2.72674E-1 2.40641E-1 1.96102E-1 1.58746E-1 1.96157E-1 2.42491E-1 2.39565E-1 2.18602E-1 2.62205E-1 3.37745E-1 4.09794E-1 4.42353E-1 5.03452E-1 6.2174E-1 6.44801E-1 5.32206E-1 6.35677E-1 5.57311E-1 5.27628E-1 4.98003E-1 4.8114E-1 4.80213E-1 4.39684E-1 3.81771E-1 3.20132E-1 2.88334E-1 2.73739E-1 2.62675E-1 2.76651E-1 2.74187E-1 2.78918E-1 2.81037E-1 3.17561E-1 3.04196E-1 3.11845E-1 2.94753E-1
3.23625E-1 3.46485E-1 3.2948E-1 3.05035E-1 3.16281E-1 3.26478E-1 3.45309E-1 3.66673E-1 4.00535E-1 3.51186E-1 2.94146E-1 3.23588E-1 3.5351E-1 3.80828E-1 4.01128E-1 3.74912E-1 4.23716E-1 4.5771E-1 5.40026E-1 4.93708E-1 5.38392E-1 4.91947E-1 4.01255E-1 3.6796E-1 3.98827E-1 3.4746E-1 2.94382E-1 2.54761E-1 2.17536E-1 2.59138E-1 3.42779E-1 3.76099E-1 3.97369E-1 4.64863E-1 4.97816E-1 5.336E-1 5.98186E-1 6.41343E-1 7.61439E-1 7.60169E-1 6.21238E-1 5.63169E-1 5.71145E-1 5.53662E-1 5.08479E-1 4.89336E-1 4.58153E-1 3.80625E-1 3.28739E-1 3.61411E-1 3.48334E-1 2.94754E-1 2.58126E-1 2.53362E-1 2.54654E-1 2.67478E-1 2.91099E-1 3.72264E-1 3.71745E-1 3.84386E-1 3.59831E-1
3.03383E-1 3.32165E-1 3.0978E-1 3.00957E-1 3.17075E-1 3.00879E-1 3.33437E-1 3.76892E-1 4.38654E-1 4.66332E-1 4.62865E-1 4.26393E-1 4.32346E-1 4.64677E-1 4.88611E-1 4.69575E-1 4.92433E-1 5.38954E-1 5.57782E-1 6.20884E-1 6.55523E-1 5.15363E-1 4.41949E-1 4.23823E-1 4.70128E-1 4.02627E-1 3.73808E-1 3.30296E-1 3.27749E-1 3.72146E-1 4.35023E-1 5.57382E-1 6.19908E-1 5.99933E-1 6.45151E-1 6.89596E-1 8.56199E-1 8.28727E-1 7.77823E-1 7.52351E-1 6.69897E-1 6.0636E-1 5.88061E-1 5.57633E-1 4.75413E-1 4.50685E-1 4.38715E-1 3.95493E-1 4.0239E-1 3.81877E-1 3.68086E-1 3.55745E-1 2.77161E-1 2.18047E-1 2.53431E-1 2.70826E-1 3.19528E-1 3.37637E-1 3.85545E-1 3.33784E-1 3.52299E-1
3.32113E-1 3.16642E-1 3.21532E-1 3.49283E-1 3.29935E-1 3.57707E-1 3.5776E-1 3.78952E-1 4.31352E-1 4.89565E-1 5.14387E-1 6.21563E-1 5.14111E-1 5.5061E-1 5.79547E-1 5.64086E-1 5.59466E-1 5.67236E-1 5.75023E-1 6.40194E-1 6.62943E-1 5.88561E-1 4.87844E-1 4.78422E-1 5.51411E-1 4.42809E-1 4.3819E-1 4.69692E-1 4.43987E-1 5.33094E-1 6.74859E-1 7.25764E-1 7.16139E-1 6.72791E-1 7.88337E-1 8.64638E-1 8.51341E-1 7.67789E-1 7.29671E-1 8.19835E-1 7.94119E-1 6.90127E-1 6.18404E-1 5.36322E-1 4.55548E-1 4.36019E-1 5.04721E-1 4.90254E-1 4.47439E-1 4.09435E-1 3.89796E-1 3.48654E-1 3.18964E-1 2.66583E-1 3.16616E-1 3.57582E-1 3.7081E-1 3.81864E-1 3.99172E-1 4.27588E-1 3.89927E-1
3.69205E-1 3.51877E-1 3.79192E-1 4.07178E-1 4.35822E-1 3.77169E-1 3.57494E-1 3.98537E-1 5.2137E-1 5.41145E-1 5.91549E-1 6.00163E-1 5.77647E-1 6.14666E-1 6.65587E-1 6.37692E-1 5.81733E-1 6.3176E-1 6.39803E-1 6.40954E-1 6.65241E-1 6.64641E-1 5.91272E-1 5.99342E-1 5.39603E-1 5.82187E-1 6.12951E-1 5.8057E-1 6.37181E-1 7.16708E-1 8.10841E-1 8.21552E-1 8.32584E-1 8.66334E-1 9.07536E-1 8.86723E-1 8.45541E-1 8.01407E-1 7.86995E-1 8.05708E-1 7.66512E-1 7.19501E-1 6.44542E-1 5.25809E-1 4.88902E-1 5.30524E-1 5.70328E-1 5.17391E-1 4.40379E-1 4.10587E-1 4.39577E-1 3.92899E-1 3.40647E-1 3.42385E-1 3.64635E-1 4.02069E-1 5.5216E-1 4.74846E-1 3.93463E-1 4.63408E-1 6.13852E-1
4.41916E-1 4.10389E-1 4.36156E-1 4.44028E-1 4.30195E-1 4.21447E-1 4.16036E-1 4.49445E-1 5.225E-1 6.02578E-1 6.6266E-1 6.59748E-1 6.7791E-1 6.34807E-1 6.93521E-1 7.39353E-1 6.70168E-1 6.89763E-1 7.50211E-1 7.52936E-1 7.61777E-1 7.40599E-1 7.49469E-1 7.59341E-1 7.624E-1 7.28007E-1 7.22106E-1 7.28865E-1 7.6035E-1 8.19182E-1 8.48671E-1 9.33433E-1 9.52098E-1 9.45909E-1 9.37297E-1 9.12469E-1 8.6612E-1 8.41327E-1 8.36816E-1 8.19011E-1 7.61277E-1 6.86428E-1 6.26348E-1 5.40512E-1 5.31465E-1 6.02756E-1 5.79833E-1 4.87529E-1 4.18265E-1 4.57767E-1 4.44292E-1 4.53338E-1 4.52371E-1 4.2023E-1 4.02337E-1 4.18936E-1 5.22729E-1 6.1276E-1 4.2638E-1 4.75464E-1 6.2393E-1
5.85292E-1 5.15324E-1 4.86729E-1 4.7641E-1 4.74349E-1 4.6125E-1 4.30367E-1 5.48109E-1 6.25787E-1 6.1265E-1 5.40138E-1 5.92302E-1 6.8156E-1 7.08859E-1 7.20279E-1 7.3526E-1 7.40998E-1 7.62181E-1 7.87572E-1 8.84519E-1 9.13031E-1 8.75934E-1 8.19995E-1 8.11553E-1 8.11092E-1 7.86137E-1 7.91511E-1 7.99548E-1 8.10241E-1 8.73427E-1 9.14797E-1 9.47949E-1 9.49344E-1 9.32563E-1 9.17399E-1 8.80361E-1 8.50111E-1 8.42373E-1 8.52654E-1 8.16288E-1 7.12406E-1 6.73674E-1 6.15031E-1 6.33137E-1 5.77914E-1 6.1543E-1 5.41563E-1 4.67919E-1 3.97549E-1 4.67797E-1 4.74794E-1 3.52741E-1 4.38183E-1 4.87974E-1 4.48804E-1 4.83546E-1 4.7511E-1 5.34129E-1 6.15992E-1 6.82586E-1 7.11213E-1
6.70904E-1 6.31902E-1 6.53595E-1 6.42331E-1 5.80775E-1 5.33478E-1 5.32172E-1 5.21028E-1 5.9807E-1 6.16206E-1 5.89187E-1 6.18238E-1 6.16797E-1 6.98007E-1 7.79113E-1 8.13939E-1 8.21413E-1 7.95349E-1 7.69468E-1 8.64114E-1 8.98499E-1 8.81677E-1 8.7754E-1 8.6439E-1 8.52245E-1 8.72298E-1 8.93762E-1 8.96717E-1 8.75656E-1 8.64746E-1 9.02764E-1 9.03699E-1 8.93743E-1 8.4701E-1 7.92136E-1 7.90228E-1 7.81452E-1 8.07671E-1 8.28269E-1 7.67645E-1 6.96685E-1 7.32469E-1 6.93255E-1 6.09475E-1 5.81286E-1 5.4954E-1 5.09155E-1 4.08218E-1 3.71474E-1 3.38636E-1 3.7706E-1 5.165E-1 5.66683E-1 6.17367E-1 6.08667E-1 5.63057E-1 5.11887E-1 6.28139E-1 7.11563E-1 7.56951E-1 7.58724E-1
6.88141E-1 6.77222E-1 7.1615E-1 7.34257E-1 7.0944E-1 6.72133E-1 7.01626E-1 6.79097E-1 6.65108E-1 6.62046E-1 6.73133E-1 6.33161E-1 6.67999E-1 6.66036E-1 7.08611E-1 8.06211E-1 8.39691E-1 8.62625E-1 8.31628E-1 8.70665E-1 9.03159E-1 9.12546E-1 8.93353E-1 8.62176E-1 8.77009E-1 9.15856E-1 9.04229E-1 9.08588E-1 8.90031E-1 8.95977E-1 8.90871E-1 8.55394E-1 8.01394E-1 7.05636E-1 6.77945E-1 7.12263E-1 7.51615E-1 7.51074E-1 7.59782E-1 7.20797E-1 7.21653E-1 7.59832E-1 6.86184E-1 5.68404E-1 5.25495E-1 4.81703E-1 4.51275E-1 4.19367E-1 4.26492E-1 4.4635E-1 4.52865E-1 4.96155E-1 5.37993E-1 6.54087E-1 6.69043E-1 6.78062E-1 6.28419E-1 6.93807E-1 7.37319E-1 7.80491E-1 8.14968E-1
