data/maxent/outputs/white_226.asc
ncols         426
nrows         180
xllcorner     -130.0
yllcorner     24.0
cellsize      0.16666666666666666
NODATA_value  -9999
[rows 0 to 26 of 180, columns 305 to 365 of 426]
1.53928E-2 2.14468E-2 2.32522E-2 2.44301E-2 2.54039E-2 2.4982E-2 2.51551E-2 2.51895E-2 2.57485E-2 2.68455E-2 2.62398E-2 2.60956E-2 2.64051E-2 2.48192E-2 2.20426E-2 1.31117E-2 1.40314E-2 2.21389E-2 2.98918E-2 3.04049E-2 2.39491E-2 1.56763E-2 1.49645E-2 1.50842E-2 1.66347E-2 2.4355E-2 2.59756E-2 2.47734E-2 1.95198E-2 2.51492E-2 2.36071E-2 2.04652E-2 2.14213E-2 2.03212E-2 9.76657E-3 1.09027E-2 1.1759E-2 1.70118E-2 1.58526E-2 1.48621E-2 1.3405E-2 1.19237E-2 1.15432E-2 1.13835E-2 1.13545E-2 1.05979E-2 9.41901E-3 8.94482E-3 8.57472E-3 8.39701E-3 8.15487E-3 8.14843E-3 8.04593E-3 8.02114E-3 7.80873E-3 8.30471E-3 8.24782E-3 8.31376E-3 7.44904E-3 7.34158E-3 7.45511E-3
1.61799E-2 2.33969E-2 2.73168E-2 2.79377E-2 2.73023E-2 2.77753E-2 2.93501E-2 2.9957E-2 2.96978E-2 2.15447E-2 1.09589E-2 9.56871E-3 1.25846E-2 1.02833E-2 1.07631E-2 2.06368E-2 2.34084E-2 2.90108E-2 3.04767E-2 2.19459E-2 1.50591E-2 1.19413E-2 1.16859E-2 1.50348E-2 1.70733E-2 1.61157E-2 2.16193E-2 2.72469E-2 2.72723E-2 2.79215E-2 2.84608E-2 2.78401E-2 2.63736E-2 2.26232E-2 2.08948E-2 1.82221E-2 1.74763E-2 1.67007E-2 1.6492E-2 1.66892E-2 1.58554E-2 1.3809E-2 1.309E-2 1.24501E-2 1.17503E-2 1.10197E-2 1.06482E-2 1.03789E-2 9.33119E-3 9.47042E-3 9.46377E-3 8.80565E-3 8.73723E-3 8.66927E-3 8.30384E-3 8.3008E-3 8.24861E-3 8.18298E-3 7.77322E-3 7.74757E-3 7.78538E-3
2.40344E-2 2.34993E-2 2.64512E-2 2.72991E-2 2.78839E-2 2.82075E-2 2.93635E-2 2.80767E-2 2.78706E-2 2.83036E-2 1.23508E-2 1.1739E-2 1.25284E-2 1.39416E-2 1.70091E-2 1.64574E-2 1.9142E-2 3.02807E-2 3.75422E-2 2.84769E-2 1.47072E-2 2.19774E-2 2.54176E-2 3.30873E-2 3.3539E-2 3.29418E-2 3.22252E-2 3.03647E-2 2.87874E-2 2.68601E-2 2.62546E-2 2.43897E-2 2.17171E-2 2.00171E-2 1.89893E-2 1.87565E-2 1.75962E-2 1.71313E-2 1.71663E-2 1.69233E-2 1.58818E-2 1.49698E-2 1.45681E-2 1.33717E-2 1.28969E-2 1.17834E-2 1.13315E-2 1.11142E-2 1.0491E-2 1.02558E-2 9.83837E-3 9.101E-3 8.85095E-3 8.8654E-3 9.21142E-3 8.84117E-3 8.46605E-3 7.9552E-3 7.89263E-3 7.90493E-3 8.00034E-3
1.75284E-2 2.46432E-2 2.86757E-2 3.00265E-2 2.97425E-2 3.02143E-2 3.2051E-2 3.05888E-2 3.34204E-2 3.31823E-2 3.3103E-2 3.32622E-2 3.35284E-2 3.25154E-2 3.0546E-2 2.36519E-2 3.4564E-2 4.36777E-2 4.34167E-2 3.08953E-2 3.12229E-2 3.84586E-2 3.54993E-2 3.27944E-2 3.25277E-2 3.22005E-2 3.41397E-2 3.2343E-2 2.98771E-2 2.87497E-2 3.00081E-2 2.56814E-2 2.38136E-2 2.18962E-2 2.14273E-2 2.01115E-2 1.92446E-2 1.83856E-2 1.79794E-2 1.77075E-2 1.66652E-2 1.53335E-2 1.40387E-2 1.45432E-2 1.34648E-2 1.24999E-2 1.24222E-2 1.14074E-2 1.10885E-2 1.10075E-2 1.00105E-2 9.47758E-3 9.20113E-3 9.33517E-3 9.34891E-3 9.55088E-3 8.89931E-3 8.7293E-3 8.55101E-3 8.57196E-3 8.74009E-3
1.06776E-1 2.60456E-2 3.29149E-2 3.40767E-2 3.40244E-2 3.31459E-2 3.41081E-2 3.51665E-2 3.71611E-2 3.65218E-2 3.63162E-2 3.66233E-2 3.73279E-2 3.38335E-2 2.23244E-2 3.44653E-2 4.36436E-2 4.64448E-2 4.68499E-2 4.52583E-2 4.17977E-2 3.97099E-2 3.8588E-2 3.70459E-2 3.49332E-2 3.36436E-2 3.48345E-2 3.18904E-2 3.00373E-2 2.82488E-2 2.71263E-2 2.55871E-2 2.29995E-2 2.26117E-2 2.17501E-2 2.07078E-2 1.98039E-2 1.85245E-2 1.8137E-2 1.79248E-2 1.70635E-2 1.55194E-2 1.51591E-2 1.49254E-2 1.40999E-2 1.40146E-2 1.3405E-2 1.20906E-2 1.16222E-2 1.23635E-2 1.09572E-2 1.0925E-2 1.00899E-2 9.77019E-3 9.30947E-3 8.89297E-3 9.33731E-3 9.43051E-3 9.58667E-3 9.44715E-3 9.28867E-3
1.16378E-1 2.56439E-2 3.46121E-2 3.72158E-2 3.90371E-2 3.79745E-2 3.74576E-2 3.96429E-2 3.94951E-2 3.93444E-2 3.88517E-2 3.89389E-2 4.00641E-2 3.95977E-2 3.47778E-2 4.24482E-2 4.7254E-2 4.79066E-2 4.74425E-2 4.75407E-2 4.40787E-2 4.04841E-2 3.88288E-2 3.67052E-2 3.41891E-2 3.33696E-2 3.2532E-2 3.21019E-2 3.17256E-2 3.0849E-2 3.00692E-2 2.80646E-2 2.72306E-2 2.5288E-2 2.39665E-2 2.3142E-2 2.14434E-2 2.04208E-2 2.02917E-2 1.93809E-2 1.90745E-2 1.80647E-2 1.74146E-2 1.68723E-2 1.51404E-2 1.30376E-2 1.30748E-2 1.33314E-2 1.3185E-2 1.2762E-2 1.17475E-2 1.11056E-2 1.02129E-2 9.69222E-3 9.55705E-3 8.11064E-3 7.8563E-3 7.65092E-3 8.32438E-3 8.90185E-3 8.83321E-3
3.35154E-1 5.74498E-2 3.56574E-2 3.9361E-2 4.4626E-2 4.38849E-2 4.51763E-2 4.65713E-2 4.46685E-2 4.49186E-2 4.47514E-2 4.45329E-2 4.4763E-2 4.56485E-2 4.47335E-2 4.85735E-2 4.88888E-2 4.87733E-2 5.04969E-2 5.07462E-2 4.89412E-2 4.61838E-2 4.30771E-2 4.04171E-2 3.61132E-2 3.5612E-2 3.54087E-2 3.45005E-2 3.27542E-2 3.14556E-2 3.05278E-2 2.9085E-2 2.92907E-2 2.86722E-2 2.64903E-2 2.49955E-2 2.33243E-2 2.16058E-2 2.21022E-2 2.19314E-2 2.00012E-2 1.83883E-2 1.67571E-2 1.57498E-2 1.44319E-2 1.36044E-2 1.37216E-2 1.39009E-2 1.33289E-2 1.35533E-2 1.47827E-2 1.34059E-2 1.14484E-2 1.12263E-2 1.02835E-2 1.01709E-2 9.29617E-3 9.10597E-3 9.04952E-3 8.57342E-3 9.07503E-3
-9999 1.12847E-1 4.09601E-2 4.561E-2 5.21817E-2 5.03684E-2 5.09817E-2 5.09747E-2 5.4248E-2 5.2602E-2 5.22943E-2 5.03414E-2 4.90264E-2 4.7171E-2 4.90258E-2 4.87446E-2 4.95992E-2 5.26881E-2 5.38898E-2 5.27196E-2 5.43028E-2 5.4026E-2 4.90709E-2 4.51306E-2 4.29269E-2 4.10868E-2 3.80549E-2 3.61403E-2 3.45464E-2 3.4117E-2 3.25283E-2 3.14652E-2 3.12806E-2 2.96244E-2 2.93221E-2 2.81186E-2 2.56364E-2 2.36162E-2 2.21739E-2 2.16907E-2 2.07088E-2 2.05382E-2 1.96673E-2 1.79839E-2 1.72794E-2 1.64147E-2 1.57606E-2 1.42241E-2 1.32454E-2 1.3996E-2 1.43612E-2 1.40591E-2 1.23831E-2 1.17257E-2 1.10309E-2 1.17145E-2 1.09134E-2 1.05511E-2 9.64068E-3 9.98357E-3 9.79636E-3
1.98913E-1 -9999 4.03995E-2 4.70149E-2 5.62692E-2 5.72381E-2 5.72297E-2 5.5258E-2 5.91202E-2 5.81155E-2 5.42928E-2 5.33292E-2 5.4499E-2 5.19591E-2 5.22666E-2 4.28399E-2 4.8153E-2 4.25167E-2 5.31148E-2 5.59726E-2 5.33022E-2 4.86941E-2 4.60094E-2 4.61175E-2 4.19135E-2 3.83809E-2 3.88659E-2 3.92536E-2 3.65873E-2 3.49132E-2 3.37768E-2 3.30521E-2 3.34259E-2 3.3258E-2 3.0913E-2 2.81422E-2 2.73826E-2 2.56335E-2 2.42492E-2 2.44569E-2 2.67175E-2 2.51364E-2 2.40499E-2 2.22836E-2 2.00685E-2 1.86149E-2 1.61765E-2 1.57111E-2 1.51897E-2 1.44265E-2 1.62116E-2 1.60301E-2 1.43766E-2 1.33523E-2 1.33171E-2 1.37696E-2 1.33699E-2 1.25334E-2 1.08156E-2 1.08011E-2 1.08921E-2
-9999 -9999 7.71065E-2 5.49584E-2 6.24589E-2 6.79082E-2 6.571E-2 6.11977E-2 6.26519E-2 6.02615E-2 6.03783E-2 6.03526E-2 6.04722E-2 6.05696E-2 6.14762E-2 4.65902E-2 5.09213E-2 5.86614E-2 5.72551E-2 5.60843E-2 5.45487E-2 5.16517E-2 5.05688E-2 4.84993E-2 4.51169E-2 4.40273E-2 4.33082E-2 4.24949E-2 4.11217E-2 3.8927E-2 3.84153E-2 3.6493E-2 3.49568E-2 3.34612E-2 3.15925E-2 2.98145E-2 3.01496E-2 2.88666E-2 2.85782E-2 2.84558E-2 2.81586E-2 2.83077E-2 2.8584E-2 2.86439E-2 2.51032E-2 2.33176E-2 2.06442E-2 1.82138E-2 1.56262E-2 1.4701E-2 1.43669E-2 1.19516E-2 1.35516E-2 1.40334E-2 1.5394E-2 1.48935E-2 1.503E-2 1.32628E-2 1.19989E-2 1.29933E-2 1.19189E-2
-9999 -9999 -9999 5.90263E-2 7.24728E-2 8.01425E-2 7.91411E-2 7.64933E-2 7.67219E-2 7.26087E-2 6.66936E-2 6.62178E-2 6.46516E-2 6.43476E-2 6.59693E-2 6.52274E-2 6.08774E-2 5.83319E-2 6.03719E-2 6.0311E-2 5.87836E-2 5.65666E-2 5.62352E-2 5.38465E-2 5.12898E-2 5.01456E-2 4.86818E-2 4.95731E-2 4.93821E-2 4.68042E-2 4.37732E-2 4.09213E-2 3.80398E-2 3.84026E-2 3.74658E-2 3.58737E-2 3.52821E-2 3.48435E-2 3.4973E-2 3.08663E-2 2.96201E-2 2.72305E-2 2.6274E-2 2.27674E-2 2.16962E-2 2.03294E-2 1.56996E-2 1.4951E-2 1.24428E-2 1.05365E-2 9.67532E-3 1.07714E-2 1.29238E-2 1.34284E-2 1.34382E-2 1.33571E-2 1.42439E-2 1.58091E-2 1.38676E-2 1.49271E-2 1.50028E-2
5.67591E-2 1.60722E-1 8.46419E-2 9.19271E-2 9.53101E-2 9.32638E-2 8.90289E-2 9.04441E-2 8.49515E-2 8.20098E-2 7.23375E-2 6.52865E-2 6.6119E-2 6.16994E-2 6.22387E-2 5.99587E-2 5.8031E-2 5.90259E-2 6.10825E-2 6.15442E-2 5.9841E-2 6.2207E-2 6.19458E-2 5.80705E-2 5.67212E-2 5.47125E-2 5.46664E-2 5.34407E-2 5.36703E-2 5.06518E-2 4.65473E-2 4.46203E-2 4.41826E-2 4.44054E-2 4.23759E-2 4.02197E-2 4.15889E-2 4.02293E-2 3.87379E-2 3.51941E-2 2.92931E-2 2.10923E-2 1.72223E-2 1.73813E-2 1.98485E-2 1.55711E-2 1.35471E-2 1.27962E-2 1.28495E-2 1.19419E-2 1.12487E-2 1.19578E-2 1.39335E-2 1.41621E-2 1.3067E-2 1.24379E-2 1.41599E-2 1.66979E-2 1.98641E-2 1.82498E-2 1.92105E-2
-9999 9.34127E-2 1.24368E-1 1.28611E-1 1.15395E-1 1.095E-1 1.0609E-1 9.71594E-2 8.52866E-2 8.0932E-2 8.15797E-2 7.45599E-2 7.1327E-2 6.83895E-2 6.64075E-2 6.54842E-2 6.33885E-2 6.62144E-2 6.38711E-2 6.25553E-2 6.19142E-2 6.39367E-2 6.47303E-2 6.70953E-2 6.05011E-2 5.89994E-2 5.72413E-2 5.27755E-2 5.26604E-2 5.25312E-2 5.09634E-2 5.05336E-2 4.7843E-2 4.84278E-2 4.42899E-2 4.3885E-2 4.39946E-2 4.3271E-2 3.18171E-2 2.68422E-2 2.17724E-2 1.82145E-2 1.77465E-2 2.292E-2 2.16527E-2 1.82767E-2 1.52602E-2 1.61665E-2 1.6624E-2 1.41733E-2 1.57533E-2 1.77118E-2 1.94324E-2 1.97292E-2 1.81143E-2 1.74541E-2 1.98536E-2 1.85338E-2 2.34889E-2 2.2496E-2 2.37579E-2
1.77849E-1 1.14633E-1 1.44277E-1 1.53189E-1 1.40685E-1 1.2469E-1 1.20938E-1 1.12946E-1 9.34786E-2 9.02869E-2 8.71729E-2 8.48012E-2 8.18373E-2 7.98882E-2 7.8364E-2 7.72597E-2 7.61641E-2 7.89744E-2 7.4377E-2 7.16968E-2 7.06793E-2 6.93442E-2 6.7261E-2 6.7692E-2 6.66991E-2 6.18727E-2 6.17006E-2 5.86592E-2 5.63223E-2 5.44201E-2 5.64923E-2 6.1164E-2 5.51727E-2 5.50273E-2 4.81231E-2 4.34789E-2 4.24967E-2 3.14155E-2 2.29666E-2 2.14778E-2 2.14329E-2 2.143E-2 2.42679E-2 2.53665E-2 2.45846E-2 2.22837E-2 2.02494E-2 2.11144E-2 1.86672E-2 1.92194E-2 1.89296E-2 2.05395E-2 2.22709E-2 2.59709E-2 2.62044E-2 2.13084E-2 2.28687E-2 2.0333E-2 2.46668E-2 2.74865E-2 2.7778E-2
1.61846E-1 1.17727E-1 1.58815E-1 1.61892E-1 1.48132E-1 1.31812E-1 1.2653E-1 1.22012E-1 1.08568E-1 1.04616E-1 9.62494E-2 9.60242E-2 9.20216E-2 9.50351E-2 8.96672E-2 8.37744E-2 8.61339E-2 7.86928E-2 7.45139E-2 7.20312E-2 7.25557E-2 7.4649E-2 7.35035E-2 7.35377E-2 6.79287E-2 6.68407E-2 6.83735E-2 6.37699E-2 6.15808E-2 5.88087E-2 6.19981E-2 6.36068E-2 5.70342E-2 5.65594E-2 4.70119E-2 4.38324E-2 3.7527E-2 3.04232E-2 3.23052E-2 2.80473E-2 3.03915E-2 3.67443E-2 3.22149E-2 2.72812E-2 2.79227E-2 2.99712E-2 2.91034E-2 2.69337E-2 2.42136E-2 2.04956E-2 2.10654E-2 2.16852E-2 2.22557E-2 2.48078E-2 2.83089E-2 2.57305E-2 2.53343E-2 2.50631E-2 2.64373E-2 3.17293E-2 6.84883E-2
1.94099E-1 1.67686E-1 1.85714E-1 1.74939E-1 1.74517E-1 1.66755E-1 1.5758E-1 1.48554E-1 1.34048E-1 1.2058E-1 1.11185E-1 1.04964E-1 1.01705E-1 1.04098E-1 9.79974E-2 8.9265E-2 8.54527E-2 8.59024E-2 8.42416E-2 7.64172E-2 7.42986E-2 7.54376E-2 7.37225E-2 7.83672E-2 8.28026E-2 7.79094E-2 7.36456E-2 7.1653E-2 6.74097E-2 6.68152E-2 6.56656E-2 6.43973E-2 6.04879E-2 5.52604E-2 4.8378E-2 5.19827E-2 5.27963E-2 4.93367E-2 4.4244E-2 4.02085E-2 4.06255E-2 4.06207E-2 3.40717E-2 3.00662E-2 2.94513E-2 2.80253E-2 3.43302E-2 3.35933E-2 3.02647E-2 2.77759E-2 2.57939E-2 2.31951E-2 2.27914E-2 2.74565E-2 2.75557E-2 2.93842E-2 2.98944E-2 2.92259E-2 2.84707E-2 3.74073E-2 7.21444E-2
2.13706E-1 2.1643E-1 2.23617E-1 1.81334E-1 1.86359E-1 1.83513E-1 1.6489E-1 1.46005E-1 1.21334E-1 1.16838E-1 1.13838E-1 1.06453E-1 1.0818E-1 1.0629E-1 9.96303E-2 8.95945E-2 8.76613E-2 8.7224E-2 8.12585E-2 7.37409E-2 7.28804E-2 8.08635E-2 8.02586E-2 7.87147E-2 8.21605E-2 7.82606E-2 7.58245E-2 7.54839E-2 7.27748E-2 6.90525E-2 6.85839E-2 6.40216E-2 5.56226E-2 5.39702E-2 7.32099E-2 6.88087E-2 5.29727E-2 6.30991E-2 5.49675E-2 4.52586E-2 4.70607E-2 4.67648E-2 4.10994E-2 3.38771E-2 3.22008E-2 3.13467E-2 3.7724E-2 3.4698E-2 3.31284E-2 3.27293E-2 2.82591E-2 2.41505E-2 2.07473E-2 2.58032E-2 2.44185E-2 2.67518E-2 3.32032E-2 3.17527E-2 3.12705E-2 3.46426E-2 6.61003E-2
2.25381E-1 2.17772E-1 2.1337E-1 2.03347E-1 1.98253E-1 1.869E-1 1.55542E-1 1.40757E-1 1.39673E-1 1.22611E-1 1.14412E-1 1.09126E-1 1.0546E-1 1.10624E-1 1.1096E-1 1.04082E-1 8.9559E-2 9.2916E-2 8.81284E-2 8.72527E-2 8.52367E-2 9.24129E-2 9.28654E-2 8.49553E-2 8.03143E-2 7.70668E-2 7.55517E-2 7.5115E-2 7.15576E-2 6.94123E-2 6.99021E-2 6.9771E-2 6.54506E-2 9.66167E-2 4.92327E-2 6.71067E-2 6.81488E-2 5.87679E-2 4.56807E-2 3.95941E-2 3.98557E-2 3.90587E-2 3.28453E-2 3.32656E-2 3.55232E-2 3.88556E-2 4.18787E-2 3.63943E-2 3.39006E-2 3.02913E-2 2.88531E-2 3.09785E-2 2.42453E-2 2.49689E-2 2.5235E-2 2.37584E-2 2.85185E-2 3.36708E-2 3.19096E-2 3.24204E-2 3.23888E-2
2.12291E-1 2.09957E-1 2.12881E-1 2.09819E-1 2.06251E-1 1.87642E-1 1.67252E-1 1.53208E-1 1.35288E-1 1.15542E-1 1.36553E-1 1.23808E-1 1.20441E-1 1.09176E-1 1.20879E-1 1.09031E-1 1.02477E-1 1.05055E-1 9.81526E-2 9.01551E-2 8.86644E-2 8.84814E-2 8.21176E-2 7.91255E-2 7.90873E-2 7.86878E-2 7.37968E-2 7.73724E-2 7.41608E-2 7.49111E-2 6.67304E-2 7.91804E-2 6.33492E-2 5.5943E-2 7.73134E-2 6.46838E-2 5.24173E-2 4.80535E-2 4.6309E-2 4.42495E-2 4.02812E-2 3.44581E-2 3.30203E-2 3.2346E-2 3.42078E-2 3.80719E-2 4.1666E-2 3.79651E-2 3.63666E-2 3.50793E-2 3.13739E-2 3.19516E-2 3.11559E-2 3.33816E-2 2.83238E-2 2.37323E-2 2.07875E-2 3.07608E-2 3.61711E-2 3.764E-2 3.26341E-2
1.99571E-1 2.04856E-1 1.99517E-1 1.93169E-1 1.86568E-1 1.73049E-1 1.61039E-1 1.57523E-1 1.40806E-1 1.27403E-1 1.31991E-1 1.20767E-1 1.29071E-1 1.18372E-1 1.12317E-1 1.07596E-1 1.118E-1 1.04084E-1 9.78711E-2 9.23503E-2 9.09494E-2 8.93621E-2 8.85357E-2 8.62519E-2 7.88503E-2 7.44386E-2 7.90227E-2 7.79958E-2 7.4313E-2 7.53996E-2 6.91481E-2 9.54719E-2 5.7361E-2 7.36232E-2 6.20917E-2 5.027E-2 4.59139E-2 4.18711E-2 4.2758E-2 4.21718E-2 3.84912E-2 3.67406E-2 3.72818E-2 3.56323E-2 4.05235E-2 3.99289E-2 4.47628E-2 4.57979E-2 4.22183E-2 4.67512E-2 4.47331E-2 4.16557E-2 3.46427E-2 3.85193E-2 2.98853E-2 2.52735E-2 2.72843E-2 3.42268E-2 3.90097E-2 4.43946E-2 4.00432E-2
2.10418E-1 2.05242E-1 1.92144E-1 1.83657E-1 1.74136E-1 1.63144E-1 1.56896E-1 1.47604E-1 1.37815E-1 1.27597E-1 1.26007E-1 1.2105E-1 1.18051E-1 1.08737E-1 1.11527E-1 1.16817E-1 1.13797E-1 1.07308E-1 9.81626E-2 9.12585E-2 8.90502E-2 8.94823E-2 8.72221E-2 9.06404E-2 7.81917E-2 7.61718E-2 7.76183E-2 7.20503E-2 6.81347E-2 6.53101E-2 7.03604E-2 7.14432E-2 7.40108E-2 6.57967E-2 5.89778E-2 5.19471E-2 4.77443E-2 4.55981E-2 4.3018E-2 4.60358E-2 4.3018E-2 4.58539E-2 4.51045E-2 3.9385E-2 4.36625E-2 3.95123E-2 3.79171E-2 4.48666E-2 3.54294E-2 3.90675E-2 4.84504E-2 4.37805E-2 3.75294E-2 3.9889E-2 3.25877E-2 2.83054E-2 3.26038E-2 3.93377E-2 4.14461E-2 5.47645E-2 4.3119E-2
1.87422E-1 1.92941E-1 1.82986E-1 1.69517E-1 1.63273E-1 1.58906E-1 1.55601E-1 1.49987E-1 1.42731E-1 1.31438E-1 1.29013E-1 1.26428E-1 1.21717E-1 1.18064E-1 1.23022E-1 1.16806E-1 1.11628E-1 1.12854E-1 1.00937E-1 9.79357E-2 9.43796E-2 9.00458E-2 8.97719E-2 9.61141E-2 9.03172E-2 9.09416E-2 8.18268E-2 7.78099E-2 7.1359E-2 6.81344E-2 7.17109E-2 9.1834E-2 7.71884E-2 6.48024E-2 6.04298E-2 5.46113E-2 5.21282E-2 5.38978E-2 5.47064E-2 5.75137E-2 4.8903E-2 5.28368E-2 5.27473E-2 4.063E-2 4.25443E-2 3.73725E-2 4.40884E-2 4.73205E-2 3.86296E-2 3.79944E-2 3.9783E-2 4.13795E-2 3.80669E-2 4.18004E-2 3.66056E-2 3.11795E-2 3.76182E-2 4.33241E-2 5.31422E-2 7.31197E-2 4.26637E-2
1.61137E-1 1.68608E-1 1.58749E-1 1.54212E-1 1.59559E-1 1.55253E-1 1.50768E-1 1.5111E-1 1.50747E-1 1.49424E-1 1.45913E-1 1.354E-1 1.29957E-1 1.39403E-1 1.28584E-1 1.16759E-1 1.13604E-1 1.05903E-1 9.70123E-2 1.00705E-1 1.0018E-1 1.00306E-1 9.26979E-2 9.5111E-2 8.84029E-2 8.4802E-2 8.07641E-2 7.82169E-2 7.51009E-2 7.60003E-2 7.25251E-2 9.02376E-2 7.27014E-2 6.7515E-2 6.2582E-2 5.87453E-2 5.7867E-2 5.90525E-2 5.91105E-2 5.76118E-2 5.9572E-2 6.28855E-2 5.73282E-2 5.06185E-2 4.1645E-2 4.38108E-2 5.09318E-2 6.68936E-2 5.21029E-2 5.13308E-2 4.5881E-2 3.75384E-2 3.14037E-2 3.93282E-2 4.34211E-2 4.48137E-2 5.2062E-2 5.69772E-2 7.14741E-2 1.15883E-1 7.95419E-2
1.56082E-1 1.5941E-1 1.56582E-1 1.52061E-1 1.58094E-1 1.67393E-1 1.6175E-1 1.59205E-1 1.55088E-1 1.45458E-1 1.44569E-1 1.35681E-1 1.32214E-1 1.39175E-1 1.30933E-1 1.21517E-1 1.17584E-1 1.15366E-1 1.06713E-1 1.05693E-1 1.0301E-1 9.9612E-2 1.00298E-1 9.1901E-2 9.23028E-2 8.59482E-2 8.21482E-2 8.696E-2 8.77085E-2 8.10495E-2 9.28262E-2 7.95397E-2 7.07838E-2 7.14811E-2 7.1153E-2 7.00637E-2 7.03009E-2 6.83759E-2 7.28797E-2 6.10976E-2 5.17167E-2 5.78208E-2 5.51265E-2 6.70732E-2 5.27772E-2 5.1031E-2 5.25597E-2 9.78108E-2 7.29738E-2 7.14859E-2 5.75602E-2 5.44645E-2 4.53869E-2 4.41468E-2 5.69126E-2 5.70415E-2 5.68203E-2 6.54613E-2 6.77925E-2 7.74182E-2 1.58584E-1
1.66175E-1 1.6482E-1 1.61488E-1 1.55363E-1 1.51473E-1 1.68361E-1 1.73402E-1 1.56714E-1 1.7648E-1 1.6867E-1 1.54938E-1 1.53814E-1 1.42363E-1 1.36715E-1 1.47311E-1 1.45991E-1 1.23127E-1 1.2108E-1 1.18687E-1 1.10263E-1 1.10932E-1 1.23746E-1 1.0819E-1 1.0626E-1 1.07767E-1 1.1744E-1 1.02516E-1 9.97391E-2 1.00344E-1 1.11873E-1 1.07653E-1 7.79979E-2 7.70297E-2 8.19484E-2 8.26445E-2 8.06054E-2 7.77683E-2 7.91347E-2 8.18778E-2 6.7563E-2 5.99294E-2 6.2397E-2 6.86683E-2 7.93751E-2 7.34053E-2 6.66524E-2 6.49314E-2 9.67407E-2 8.5682E-2 8.4223E-2 8.0025E-2 6.94663E-2 7.54269E-2 7.23125E-2 7.16527E-2 6.96878E-2 6.54662E-2 6.87028E-2 7.25321E-2 8.29975E-2 1.76787E-1
1.60892E-1 1.57141E-1 1.50706E-1 1.49497E-1 1.49036E-1 1.51784E-1 1.47217E-1 1.49204E-1 1.52005E-1 1.61847E-1 1.51907E-1 1.62229E-1 1.51349E-1 1.76656E-1 1.81841E-1 1.29316E-1 1.27391E-1 1.27453E-1 1.25507E-1 1.24945E-1 1.16998E-1 1.1115E-1 1.13478E-1 1.1058E-1 1.03463E-1 1.05343E-1 1.09909E-1 1.06518E-1 1.07263E-1 1.14755E-1 9.15816E-2 8.9738E-2 8.6168E-2 9.388E-2 9.17532E-2 9.14946E-2 7.948E-2 7.97766E-2 9.0799E-2 8.71205E-2 8.85737E-2 9.12494E-2 9.22607E-2 9.74131E-2 8.4267E-2 8.93657E-2 9.62904E-2 1.07407E-1 1.15595E-1 1.12279E-1 8.97445E-2 8.87614E-2 1.21387E-1 1.50901E-1 1.12381E-1 8.98818E-2 8.32832E-2 1.12015E-1 9.55817E-2 9.8872E-2 1.10062E-1
1.57159E-1 1.56867E-1 1.51044E-1 1.51613E-1 1.52374E-1 1.46306E-1 1.44218E-1 1.48743E-1 1.45329E-1 1.41143E-1 1.42906E-1 1.38196E-1 1.23821E-1 1.28953E-1 1.39889E-1 1.64062E-1 1.87514E-1 1.34663E-1 1.33695E-1 1.52974E-1 1.40842E-1 1.26992E-1 1.13338E-1 1.13604E-1 1.18199E-1 1.22066E-1 1.17604E-1 1.24713E-1 1.26038E-1 1.01047E-1 9.74871E-2 9.60894E-2 9.0425E-2 1.0227E-1 1.11387E-1 8.99495E-2 8.08676E-2 9.30461E-2 1.01384E-1 1.06632E-1 1.10989E-1 1.27256E-1 1.30492E-1 1.40618E-1 1.13189E-1 1.16891E-1 1.24833E-1 1.43818E-1 1.3613E-1 1.17016E-1 1.30351E-1 1.48018E-1 1.57627E-1 1.52046E-1 1.91737E-1 1.21298E-1 1.05163E-1 1.40648E-1 1.25436E-1 1.25282E-1 1.39038E-1
