data/maxent/outputs/white_150.asc
ncols         426
nrows         180
xllcorner     -130.0
yllcorner     24.0
cellsize      0.16666666666666666
NODATA_value  -9999
[rows 54 to 80 of 180, columns 61 to 121 of 426]
6.25581E-1 6.2878E-1 5.85727E-1 5.83998E-1 6.4182E-1 6.41324E-1 6.6533E-1 6.58444E-1 6.46503E-1 5.60225E-1 6.17771E-1 4.35713E-1 4.16039E-1 4.57353E-1 5.90248E-1 6.59928E-1 6.58243E-1 7.01486E-1 7.21644E-1 6.88537E-1 7.07017E-1 6.56824E-1 6.13471E-1 4.75729E-1 6.2451E-1 5.23513E-1 4.35231E-1 3.84598E-1 4.36774E-1 4.45383E-1 5.74024E-1 4.57302E-1 3.86744E-1 3.3061E-1 3.4371E-1 3.64975E-1 3.04566E-1 2.62834E-1 2.58063E-1 2.51181E-1 3.01693E-1 2.9948E-1 3.3308E-1 2.64426E-1 3.46042E-1 3.81595E-1 3.69478E-1 3.37338E-1 3.59736E-1 5.23544E-1 3.39505E-1 3.48907E-1 3.65181E-1 3.4669E-1 4.10176E-1 4.20841E-1 4.3169E-1 4.01493E-1 3.84241E-1 3.48685E-1 4.14784E-1
5.97682E-1 5.71968E-1 5.56904E-1 6.15041E-1 5.9692E-1 6.46804E-1 6.48806E-1 6.40463E-1 6.34453E-1 6.32712E-1 6.16474E-1 5.17738E-1 4.28537E-1 4.52212E-1 5.52558E-1 6.06682E-1 6.57583E-1 7.15988E-1 6.69034E-1 7.24612E-1 6.92822E-1 6.26869E-1 6.21456E-1 5.78024E-1 5.37685E-1 4.59275E-1 3.93885E-1 4.33528E-1 5.28417E-1 5.60439E-1 5.07342E-1 4.00348E-1 3.94347E-1 3.50253E-1 2.70949E-1 3.88835E-1 2.94352E-1 2.77701E-1 2.94404E-1 2.55348E-1 2.75475E-1 2.76484E-1 2.91312E-1 2.83356E-1 3.10829E-1 3.2587E-1 3.3305E-1 3.22286E-1 3.4678E-1 3.94312E-1 3.76806E-1 4.46577E-1 4.05345E-1 3.67089E-1 3.59452E-1 3.67715E-1 3.84684E-1 3.77847E-1 3.99041E-1 3.63951E-1 3.9225E-1
6.13702E-1 5.78462E-1 6.25987E-1 5.94934E-1 6.37412E-1 6.50171E-1 6.62425E-1 6.34533E-1 6.3013E-1 6.02744E-1 5.89319E-1 5.90046E-1 5.76702E-1 5.50035E-1 5.12257E-1 6.62716E-1 6.81276E-1 7.15703E-1 6.1868E-1 6.02002E-1 6.38285E-1 6.98485E-1 6.61422E-1 6.25622E-1 5.39397E-1 4.55122E-1 4.10935E-1 4.39976E-1 4.03038E-1 3.94623E-1 4.10662E-1 3.65553E-1 3.69558E-1 3.1743E-1 3.0065E-1 2.23182E-1 3.49528E-1 2.766E-1 2.56685E-1 2.47228E-1 2.9442E-1 2.3972E-1 2.79222E-1 3.1272E-1 2.86806E-1 3.09118E-1 3.40732E-1 3.62585E-1 3.94929E-1 3.90376E-1 4.36801E-1 4.23057E-1 3.85753E-1 3.55669E-1 3.61672E-1 3.60081E-1 4.17113E-1 4.09955E-1 3.83937E-1 3.88173E-1 3.74394E-1
6.25897E-1 5.24372E-1 5.81752E-1 5.36546E-1 4.9642E-1 5.73792E-1 5.81372E-1 6.22873E-1 6.24243E-1 5.71677E-1 4.93723E-1 5.1087E-1 4.51402E-1 5.56785E-1 5.13354E-1 5.71693E-1 6.07023E-1 6.19052E-1 5.95102E-1 6.00016E-1 6.32855E-1 7.11695E-1 6.12455E-1 6.4659E-1 6.25204E-1 5.06075E-1 4.2263E-1 3.90743E-1 3.68868E-1 3.33169E-1 3.42003E-1 3.37226E-1 3.49517E-1 4.24318E-1 3.46824E-1 3.49305E-1 2.39173E-1 3.35996E-1 2.87289E-1 2.76779E-1 2.69609E-1 3.05119E-1 3.07404E-1 3.0979E-1 3.54917E-1 3.6411E-1 4.13893E-1 4.00792E-1 4.41038E-1 4.56672E-1 5.19014E-1 4.93187E-1 3.65486E-1 3.47483E-1 3.8752E-1 3.88278E-1 4.51916E-1 4.4831E-1 3.8607E-1 4.36408E-1 4.46523E-1
5.46319E-1 5.31317E-1 5.40333E-1 6.08646E-1 5.65765E-1 5.92483E-1 6.21429E-1 6.21012E-1 6.18958E-1 6.10189E-1 5.87879E-1 4.7178E-1 4.95998E-1 4.44749E-1 4.50198E-1 4.1832E-1 4.60979E-1 5.0926E-1 5.77642E-1 6.05821E-1 6.42839E-1 6.55822E-1 6.75101E-1 7.04528E-1 6.09397E-1 5.90872E-1 4.64838E-1 4.73703E-1 3.87945E-1 3.86159E-1 3.81979E-1 4.28996E-1 4.5075E-1 4.16601E-1 4.13885E-1 3.73369E-1 3.3784E-1 3.19578E-1 2.8174E-1 3.54027E-1 3.16771E-1 3.33284E-1 3.54402E-1 3.00343E-1 2.85201E-1 3.01578E-1 3.81465E-1 4.38727E-1 4.99077E-1 5.34437E-1 5.43907E-1 5.34575E-1 4.3544E-1 4.04079E-1 3.73919E-1 3.61793E-1 3.54656E-1 3.9677E-1 3.96712E-1 3.39718E-1 3.31369E-1
4.90709E-1 5.2655E-1 5.14204E-1 5.64436E-1 5.41885E-1 5.14586E-1 5.95906E-1 5.88493E-1 5.91077E-1 5.3786E-1 5.22913E-1 4.37978E-1 4.48381E-1 4.84237E-1 3.56394E-1 3.60897E-1 4.02001E-1 4.51159E-1 4.79498E-1 5.06152E-1 6.53132E-1 6.45718E-1 7.14693E-1 7.08661E-1 6.67829E-1 6.48305E-1 6.21167E-1 5.30289E-1 4.04727E-1 3.76982E-1 3.39766E-1 3.08248E-1 4.2761E-1 4.5193E-1 4.02174E-1 3.77906E-1 4.00428E-1 3.26683E-1 3.55078E-1 2.95945E-1 3.91067E-1 3.4536E-1 3.33748E-1 2.33423E-1 2.37858E-1 2.62574E-1 3.45466E-1 4.27353E-1 4.74655E-1 5.00291E-1 5.51757E-1 5.64738E-1 5.73391E-1 4.70317E-1 3.9166E-1 3.53514E-1 3.48471E-1 3.70234E-1 3.85789E-1 3.33476E-1 3.07323E-1
4.97046E-1 5.54998E-1 5.48546E-1 5.14774E-1 5.43704E-1 5.15025E-1 5.52158E-1 4.66527E-1 5.13954E-1 4.59092E-1 5.21381E-1 5.20606E-1 3.98435E-1 3.29695E-1 2.97777E-1 3.14035E-1 3.76421E-1 3.99336E-1 4.15357E-1 4.70935E-1 5.93772E-1 6.15062E-1 7.11396E-1 6.92497E-1 6.93816E-1 6.5022E-1 6.36472E-1 5.63703E-1 4.0013E-1 3.53551E-1 3.5527E-1 3.26951E-1 3.21133E-1 3.49908E-1 3.95252E-1 3.77406E-1 4.15517E-1 4.26819E-1 4.3944E-1 4.18297E-1 3.06144E-1 4.31411E-1 2.31573E-1 2.24606E-1 2.38352E-1 2.58391E-1 3.13767E-1 3.84935E-1 4.39399E-1 5.14027E-1 5.46644E-1 5.41503E-1 5.38696E-1 4.13436E-1 4.23489E-1 4.50021E-1 3.62009E-1 3.70286E-1 3.59272E-1 2.78239E-1 2.97655E-1
4.6505E-1 4.67431E-1 4.76481E-1 4.64052E-1 4.95293E-1 5.43747E-1 5.32836E-1 4.79816E-1 3.96463E-1 4.42196E-1 4.25756E-1 4.73739E-1 4.11772E-1 4.01847E-1 3.61167E-1 3.54106E-1 3.40909E-1 3.71586E-1 4.07526E-1 4.19789E-1 4.60542E-1 6.24659E-1 7.34195E-1 6.93781E-1 7.19375E-1 7.14445E-1 6.65146E-1 6.13964E-1 4.93705E-1 4.12711E-1 3.92624E-1 3.97172E-1 4.90926E-1 4.16045E-1 3.2066E-1 3.40017E-1 3.96641E-1 4.63811E-1 3.83343E-1 4.60319E-1 4.09193E-1 2.45304E-1 2.24084E-1 2.34519E-1 2.67719E-1 2.84848E-1 3.26998E-1 4.00311E-1 4.91388E-1 5.72025E-1 5.63988E-1 5.453E-1 5.37723E-1 3.84766E-1 3.8371E-1 3.95127E-1 3.5246E-1 3.52367E-1 3.27135E-1 3.34726E-1 3.08859E-1
4.17879E-1 3.99208E-1 4.24263E-1 4.58483E-1 4.59169E-1 4.30392E-1 4.48983E-1 4.67247E-1 5.03856E-1 4.10615E-1 4.31342E-1 4.55079E-1 4.42986E-1 4.5095E-1 3.85507E-1 4.69113E-1 3.23014E-1 3.37051E-1 3.96297E-1 3.9744E-1 4.0615E-1 4.88021E-1 6.61293E-1 6.78596E-1 6.80375E-1 6.9409E-1 6.27176E-1 6.51559E-1 6.13322E-1 5.66442E-1 5.24472E-1 4.91476E-1 5.69889E-1 5.5669E-1 5.38156E-1 4.91647E-1 4.62126E-1 4.77178E-1 3.72119E-1 3.52862E-1 3.20522E-1 2.65041E-1 2.80143E-1 3.15066E-1 3.38218E-1 3.63632E-1 3.79509E-1 4.40842E-1 5.31626E-1 5.90546E-1 5.92007E-1 5.58643E-1 5.44443E-1 3.90154E-1 4.69273E-1 3.73876E-1 3.50125E-1 3.56963E-1 3.48287E-1 3.39431E-1 2.83874E-1
4.12978E-1 3.72427E-1 3.67982E-1 4.06627E-1 4.27699E-1 3.88854E-1 4.03518E-1 4.00315E-1 4.52146E-1 3.7525E-1 4.64451E-1 4.73307E-1 4.17606E-1 4.20921E-1 3.38943E-1 4.14753E-1 4.50734E-1 4.39161E-1 3.56245E-1 3.56079E-1 3.40662E-1 3.62744E-1 4.45668E-1 5.71916E-1 6.6368E-1 6.63011E-1 6.79025E-1 6.17647E-1 6.07149E-1 5.85465E-1 5.69104E-1 5.67712E-1 5.5294E-1 5.21548E-1 5.38878E-1 4.94589E-1 5.04167E-1 5.11118E-1 4.24857E-1 3.62994E-1 3.44023E-1 3.38591E-1 3.36662E-1 3.56315E-1 3.79171E-1 3.9095E-1 4.19093E-1 5.33775E-1 5.6749E-1 5.98959E-1 5.8358E-1 6.09352E-1 4.65969E-1 4.79671E-1 5.03699E-1 3.63974E-1 3.32289E-1 3.22794E-1 3.42419E-1 3.10541E-1 2.48742E-1
3.90939E-1 3.84075E-1 3.70916E-1 3.72156E-1 3.5836E-1 3.59297E-1 3.69602E-1 3.66931E-1 3.74245E-1 4.07672E-1 4.55448E-1 3.57053E-1 3.96337E-1 3.82535E-1 3.7038E-1 5.05003E-1 4.54437E-1 5.51223E-1 4.58616E-1 2.95386E-1 2.8521E-1 3.02612E-1 3.23653E-1 3.81575E-1 4.60727E-1 6.40344E-1 6.40401E-1 5.92918E-1 5.57932E-1 5.53267E-1 5.32681E-1 5.29139E-1 5.05613E-1 4.85272E-1 4.72929E-1 4.50441E-1 4.32087E-1 4.28947E-1 4.35608E-1 3.68355E-1 3.72164E-1 3.59089E-1 3.3981E-1 3.6358E-1 3.75976E-1 4.07474E-1 5.00115E-1 6.36185E-1 5.80263E-1 5.67276E-1 5.43376E-1 5.59676E-1 6.152E-1 4.70101E-1 5.03211E-1 4.42069E-1 3.97241E-1 3.63098E-1 3.52393E-1 2.99315E-1 2.20908E-1
3.71207E-1 3.9116E-1 3.92869E-1 3.95716E-1 3.91942E-1 3.92408E-1 3.36765E-1 4.013E-1 4.3739E-1 4.18811E-1 3.48191E-1 3.32799E-1 2.75212E-1 3.44868E-1 4.18869E-1 4.2272E-1 4.59983E-1 5.70612E-1 6.16269E-1 4.27633E-1 2.36469E-1 2.10698E-1 2.55246E-1 2.75553E-1 3.40516E-1 4.24002E-1 4.71451E-1 5.24067E-1 5.32575E-1 5.2165E-1 5.19102E-1 5.0106E-1 4.82068E-1 4.60969E-1 4.29379E-1 3.97144E-1 3.82085E-1 3.61799E-1 3.81374E-1 3.64637E-1 3.86421E-1 3.36038E-1 3.38032E-1 3.76905E-1 4.12574E-1 4.80048E-1 5.84679E-1 5.65222E-1 5.73463E-1 5.38379E-1 5.43251E-1 5.18417E-1 5.73431E-1 5.22551E-1 4.50004E-1 4.0055E-1 4.13806E-1 3.55849E-1 3.07074E-1 2.78541E-1 2.73218E-1
3.98264E-1 3.93275E-1 3.97099E-1 3.9033E-1 3.91957E-1 3.93383E-1 3.95631E-1 4.3923E-1 4.59995E-1 3.92087E-1 4.17352E-1 3.07703E-1 2.33272E-1 2.70327E-1 3.91308E-1 3.85923E-1 4.57148E-1 4.91825E-1 5.95324E-1 5.51811E-1 3.58684E-1 2.45964E-1 2.19125E-1 2.43962E-1 2.97755E-1 3.15025E-1 3.48534E-1 3.63592E-1 3.57701E-1 4.19644E-1 4.49022E-1 4.41492E-1 4.45606E-1 4.25605E-1 3.86342E-1 3.8969E-1 3.60122E-1 3.27572E-1 3.33489E-1 3.9552E-1 3.94243E-1 3.56302E-1 3.86778E-1 4.36445E-1 4.91015E-1 5.8941E-1 6.29961E-1 5.67661E-1 5.65517E-1 5.57854E-1 5.45816E-1 5.15022E-1 5.72708E-1 5.06393E-1 4.60836E-1 3.97365E-1 3.86362E-1 3.01851E-1 2.63651E-1 2.17187E-1 2.1639E-1
3.67626E-1 3.50244E-1 3.64689E-1 3.19736E-1 3.25962E-1 3.89165E-1 4.62298E-1 5.98855E-1 3.71372E-1 3.85967E-1 3.33864E-1 2.62631E-1 2.16599E-1 2.31853E-1 3.81872E-1 4.29627E-1 4.67984E-1 5.70698E-1 5.68549E-1 5.22176E-1 5.42596E-1 4.58847E-1 3.11039E-1 2.42891E-1 2.54562E-1 3.0252E-1 2.94886E-1 3.04476E-1 3.1491E-1 3.75692E-1 4.00952E-1 4.26792E-1 4.4444E-1 4.03627E-1 4.04111E-1 4.02645E-1 3.76636E-1 3.42025E-1 3.39472E-1 3.42826E-1 3.36955E-1 3.86879E-1 5.01394E-1 5.06697E-1 6.01206E-1 5.46247E-1 6.59854E-1 5.37649E-1 5.56319E-1 5.46365E-1 5.71588E-1 5.38618E-1 5.52919E-1 5.16336E-1 4.45521E-1 4.00885E-1 3.5114E-1 2.86382E-1 2.18907E-1 1.9737E-1 1.85357E-1
4.06997E-1 4.11514E-1 3.65346E-1 3.06481E-1 2.9253E-1 3.95512E-1 4.43838E-1 4.8894E-1 2.68639E-1 2.87002E-1 2.4447E-1 2.30202E-1 2.56439E-1 2.73895E-1 4.0495E-1 4.19991E-1 4.3287E-1 4.87442E-1 5.13844E-1 5.00775E-1 5.17986E-1 5.0383E-1 4.96167E-1 4.07769E-1 3.35511E-1 3.48604E-1 3.32888E-1 3.36976E-1 3.32201E-1 3.7499E-1 3.99157E-1 3.99754E-1 3.98811E-1 4.31566E-1 4.16939E-1 3.7856E-1 3.46303E-1 3.32289E-1 3.09274E-1 3.01132E-1 4.09102E-1 4.53729E-1 6.43905E-1 5.34124E-1 5.84204E-1 5.38912E-1 5.84838E-1 6.23193E-1 5.21782E-1 6.00753E-1 5.96168E-1 5.43202E-1 5.31229E-1 5.00144E-1 4.36492E-1 4.0152E-1 3.43647E-1 2.40251E-1 1.73486E-1 1.63255E-1 1.65216E-1
5.09067E-1 4.30099E-1 3.96451E-1 3.86011E-1 3.40236E-1 3.42342E-1 4.18257E-1 2.61947E-1 2.69426E-1 2.52256E-1 2.94985E-1 3.46883E-1 3.92474E-1 4.22558E-1 4.3072E-1 4.26582E-1 4.45489E-1 5.13177E-1 4.71E-1 4.58383E-1 4.78289E-1 4.77578E-1 4.9791E-1 4.47246E-1 4.05497E-1 3.79833E-1 3.65449E-1 3.72629E-1 3.28492E-1 3.29214E-1 3.22283E-1 3.3162E-1 3.71553E-1 3.91106E-1 3.83836E-1 3.58209E-1 3.60904E-1 4.35495E-1 3.79602E-1 3.22464E-1 5.477E-1 5.67738E-1 6.15083E-1 5.64666E-1 5.77389E-1 5.97359E-1 5.56793E-1 6.37401E-1 5.09507E-1 6.26441E-1 5.11834E-1 5.51425E-1 5.16226E-1 4.7697E-1 4.52067E-1 4.06431E-1 3.38556E-1 2.3002E-1 1.74552E-1 1.58324E-1 1.55027E-1
4.50348E-1 4.32426E-1 4.08114E-1 3.96705E-1 3.59385E-1 3.70867E-1 3.90808E-1 2.61048E-1 3.61232E-1 3.70325E-1 4.63393E-1 4.18902E-1 4.18722E-1 4.68329E-1 4.63319E-1 4.50912E-1 4.38513E-1 4.31239E-1 4.31932E-1 4.2734E-1 4.51673E-1 4.5206E-1 4.5231E-1 4.59715E-1 4.16614E-1 4.00368E-1 3.80576E-1 3.84498E-1 3.87843E-1 3.89139E-1 3.62272E-1 3.36298E-1 4.49058E-1 5.27537E-1 5.28166E-1 3.7727E-1 5.2345E-1 5.90962E-1 3.7914E-1 3.3151E-1 4.70886E-1 5.69557E-1 5.40697E-1 5.6831E-1 5.84895E-1 5.64646E-1 5.97329E-1 5.03884E-1 5.41819E-1 6.11176E-1 4.64419E-1 4.33277E-1 4.09084E-1 4.62202E-1 4.22859E-1 3.78369E-1 2.96054E-1 2.15563E-1 1.91342E-1 1.75623E-1 1.62201E-1
4.6996E-1 4.43026E-1 4.24245E-1 4.14102E-1 4.04353E-1 3.62019E-1 4.05969E-1 3.45235E-1 4.25994E-1 5.32688E-1 4.60746E-1 4.61333E-1 3.33647E-1 4.78474E-1 4.94746E-1 4.66996E-1 4.45404E-1 4.23541E-1 4.16807E-1 4.10949E-1 4.28219E-1 4.35871E-1 4.9656E-1 5.00943E-1 4.39453E-1 4.35689E-1 4.14667E-1 3.90809E-1 4.44391E-1 5.10064E-1 3.89399E-1 4.19714E-1 4.1049E-1 5.54255E-1 4.59544E-1 4.63783E-1 5.67073E-1 4.10251E-1 3.73777E-1 3.73682E-1 5.83905E-1 3.59161E-1 4.32001E-1 5.24495E-1 5.53306E-1 5.09135E-1 5.8738E-1 4.77865E-1 5.59166E-1 5.87755E-1 5.61954E-1 4.81635E-1 3.98247E-1 3.20308E-1 3.6678E-1 3.12509E-1 2.48507E-1 1.95886E-1 1.73537E-1 1.55672E-1 1.52718E-1
5.07E-1 4.68233E-1 4.72631E-1 4.18342E-1 3.91695E-1 2.82759E-1 3.02389E-1 3.33555E-1 4.69495E-1 4.46983E-1 4.58344E-1 4.27132E-1 3.20857E-1 4.60785E-1 5.03197E-1 4.88717E-1 4.4151E-1 4.26308E-1 4.17133E-1 3.76195E-1 4.21455E-1 4.27336E-1 4.89334E-1 5.41557E-1 5.00227E-1 4.96422E-1 5.40126E-1 5.45587E-1 5.40058E-1 4.56275E-1 3.88317E-1 3.62568E-1 4.64902E-1 4.19907E-1 3.61439E-1 5.24631E-1 5.18822E-1 5.52629E-1 6.68627E-1 5.47602E-1 2.60164E-1 2.55432E-1 3.78306E-1 5.0052E-1 5.44796E-1 5.27429E-1 5.29892E-1 4.69748E-1 6.28438E-1 5.93872E-1 6.10101E-1 4.74492E-1 3.02269E-1 2.70568E-1 3.34433E-1 2.73555E-1 2.24139E-1 1.72872E-1 1.49323E-1 1.44082E-1 1.42345E-1
5.10135E-1 4.88208E-1 4.56365E-1 4.47005E-1 4.11101E-1 3.88781E-1 4.25621E-1 4.25236E-1 4.43976E-1 3.36354E-1 4.57994E-1 3.25744E-1 3.35926E-1 5.34381E-1 5.06386E-1 4.89372E-1 4.48263E-1 4.17166E-1 4.12905E-1 3.96095E-1 3.86197E-1 4.20925E-1 5.65712E-1 4.85814E-1 4.97002E-1 5.28244E-1 5.95262E-1 5.54163E-1 3.90863E-1 4.35462E-1 4.21236E-1 4.3985E-1 4.01907E-1 4.14786E-1 4.87024E-1 4.42315E-1 5.82488E-1 4.25109E-1 3.0643E-1 2.75766E-1 2.17104E-1 2.54308E-1 3.75045E-1 4.75609E-1 4.68889E-1 4.99731E-1 5.18909E-1 4.76566E-1 6.31296E-1 6.02193E-1 5.60909E-1 3.9519E-1 2.51861E-1 2.79342E-1 2.83495E-1 2.57693E-1 2.09657E-1 1.6967E-1 1.57888E-1 1.52909E-1 1.51447E-1
5.02459E-1 4.90115E-1 4.64605E-1 4.49067E-1 4.34245E-1 4.25716E-1 4.57398E-1 3.54995E-1 2.90295E-1 2.96755E-1 3.29268E-1 2.81395E-1 4.63731E-1 5.07738E-1 4.77434E-1 4.67865E-1 4.2583E-1 4.02922E-1 3.96179E-1 3.89302E-1 4.06859E-1 4.43162E-1 5.07896E-1 5.57042E-1 4.78858E-1 4.75471E-1 4.66564E-1 3.90775E-1 4.86537E-1 3.976E-1 3.8924E-1 4.18848E-1 3.06223E-1 4.28816E-1 4.51227E-1 3.01998E-1 4.93271E-1 2.589E-1 2.39903E-1 2.05126E-1 2.74405E-1 4.77854E-1 4.68637E-1 4.58057E-1 4.12138E-1 4.6444E-1 5.15473E-1 5.5591E-1 5.93493E-1 5.81271E-1 5.91207E-1 3.51362E-1 2.56365E-1 3.29208E-1 2.94313E-1 2.30723E-1 2.02183E-1 1.73042E-1 1.61729E-1 1.55921E-1 1.55618E-1
5.10625E-1 4.9644E-1 4.50833E-1 4.34378E-1 4.47026E-1 4.51378E-1 2.59301E-1 2.64251E-1 4.24637E-1 2.65603E-1 2.64467E-1 2.6545E-1 4.72196E-1 3.6597E-1 3.39945E-1 3.17143E-1 3.54602E-1 4.46111E-1 4.20571E-1 4.5177E-1 4.96285E-1 4.79598E-1 4.73347E-1 5.18348E-1 4.60644E-1 4.25816E-1 4.73281E-1 3.73048E-1 4.3965E-1 4.43519E-1 3.55797E-1 2.7583E-1 3.48293E-1 3.39109E-1 2.61089E-1 1.63488E-1 1.9847E-1 1.65198E-1 1.71816E-1 2.65728E-1 3.17453E-1 4.86752E-1 5.49605E-1 5.43817E-1 5.01149E-1 5.05594E-1 5.87083E-1 6.02416E-1 6.37512E-1 6.12982E-1 5.77752E-1 3.95561E-1 2.41875E-1 3.24864E-1 2.86533E-1 2.35038E-1 2.11544E-1 1.89323E-1 1.84241E-1 1.72574E-1 1.59334E-1
5.27679E-1 4.92555E-1 4.71984E-1 4.1963E-1 4.02031E-1 2.77279E-1 2.23085E-1 3.35463E-1 4.41547E-1 2.4807E-1 2.79089E-1 2.83864E-1 3.51371E-1 2.66833E-1 3.43914E-1 3.58238E-1 3.43307E-1 4.93023E-1 4.08684E-1 3.795E-1 4.50432E-1 4.55326E-1 4.80774E-1 4.54547E-1 4.16521E-1 4.26042E-1 4.2721E-1 3.49045E-1 3.30997E-1 4.16964E-1 4.38682E-1 3.50316E-1 4.47658E-1 2.31773E-1 2.53053E-1 1.675E-1 1.18539E-1 1.5683E-1 2.15118E-1 1.9761E-1 2.54102E-1 4.30393E-1 5.4039E-1 5.75948E-1 5.95672E-1 5.82908E-1 4.64034E-1 6.27515E-1 5.4527E-1 6.10961E-1 5.95676E-1 4.6868E-1 3.20571E-1 3.07783E-1 3.18599E-1 2.78411E-1 2.43687E-1 2.10657E-1 1.96164E-1 1.96591E-1 1.77131E-1
5.16446E-1 5.01236E-1 4.99004E-1 4.7599E-1 2.38406E-1 2.40953E-1 2.14076E-1 3.62424E-1 2.54965E-1 2.09122E-1 2.46194E-1 2.39554E-1 2.81514E-1 2.26531E-1 3.31222E-1 2.78247E-1 2.29622E-1 3.56806E-1 3.55785E-1 3.69272E-1 4.06879E-1 5.17876E-1 4.36704E-1 4.49394E-1 4.91082E-1 3.91945E-1 3.7555E-1 3.65101E-1 4.56268E-1 4.05935E-1 4.07494E-1 4.95825E-1 3.46885E-1 3.35585E-1 3.85707E-1 1.36063E-1 1.291E-1 1.73624E-1 2.15482E-1 2.32361E-1 2.08831E-1 2.56689E-1 4.57466E-1 5.79913E-1 5.4227E-1 6.6696E-1 5.7468E-1 6.15277E-1 5.50161E-1 5.88379E-1 5.83443E-1 5.15317E-1 4.70273E-1 4.02275E-1 4.28818E-1 4.32002E-1 3.65402E-1 3.13653E-1 2.6317E-1 2.33163E-1 2.08044E-1
4.80672E-1 5.10009E-1 4.38959E-1 2.73701E-1 2.12799E-1 2.04057E-1 2.03743E-1 2.61633E-1 2.30171E-1 2.15784E-1 2.45153E-1 2.26658E-1 2.67026E-1 4.29492E-1 2.83832E-1 2.1759E-1 2.06634E-1 2.72952E-1 2.77906E-1 3.09193E-1 2.99151E-1 3.76339E-1 4.00164E-1 4.35698E-1 4.0232E-1 3.58378E-1 3.50387E-1 4.95107E-1 5.51419E-1 3.71029E-1 3.42354E-1 4.87975E-1 2.864E-1 2.28788E-1 1.28842E-1 1.15011E-1 1.61011E-1 1.77844E-1 2.28971E-1 1.93431E-1 2.40893E-1 2.07134E-1 3.06674E-1 4.88309E-1 5.67615E-1 6.66821E-1 5.17566E-1 5.32078E-1 6.52546E-1 5.9107E-1 5.77631E-1 5.90012E-1 6.25848E-1 5.44425E-1 5.3161E-1 4.90036E-1 4.43038E-1 4.23214E-1 4.0042E-1 3.40508E-1 2.82342E-1
5.06465E-1 4.30143E-1 4.35967E-1 2.5884E-1 2.6874E-1 2.6141E-1 2.69663E-1 3.38797E-1 2.45604E-1 2.56991E-1 2.00235E-1 3.45232E-1 2.35685E-1 4.27475E-1 3.0272E-1 3.09097E-1 2.56096E-1 2.75217E-1 3.62211E-1 2.23082E-1 2.55148E-1 3.88956E-1 2.78048E-1 3.48167E-1 3.50291E-1 3.81533E-1 5.32472E-1 5.47754E-1 4.6402E-1 3.45957E-1 3.44089E-1 3.92513E-1 2.50631E-1 3.89597E-1 1.25716E-1 1.2921E-1 1.35593E-1 1.34484E-1 1.66253E-1 1.58757E-1 1.55506E-1 2.87697E-1 2.41747E-1 3.86307E-1 5.22981E-1 6.66167E-1 4.61784E-1 4.66958E-1 6.25183E-1 6.45232E-1 5.9902E-1 6.70208E-1 6.42836E-1 5.3723E-1 4.35479E-1 3.7958E-1 3.43645E-1 3.8923E-1 3.8736E-1 4.00152E-1 3.96158E-1
3.18271E-1 3.24392E-1 2.70123E-1 3.54272E-1 3.32453E-1 3.43436E-1 3.56908E-1 2.7932E-1 2.39259E-1 2.88996E-1 2.87724E-1 3.70609E-1 3.04547E-1 3.30155E-1 3.93682E-1 3.43686E-1 4.06116E-1 2.23348E-1 3.04672E-1 2.96546E-1 2.36227E-1 3.60295E-1 4.3312E-1 4.0762E-1 3.56577E-1 5.26427E-1 6.26277E-1 4.46476E-1 4.20806E-1 4.6527E-1 5.48178E-1 4.75152E-1 2.34214E-1 4.6407E-1 1.11435E-1 1.28214E-1 1.23514E-1 1.17271E-1 1.18164E-1 1.30564E-1 1.62088E-1 3.47905E-1 2.3432E-1 6.16743E-1 3.40274E-1 5.73479E-1 5.55717E-1 4.42639E-1 7.43535E-1 6.97775E-1 5.72816E-1 6.31036E-1 6.68688E-1 5.89205E-1 5.49608E-1 5.64945E-1 5.74551E-1 5.68423E-1 5.10665E-1 4.32528E-1 3.60917E-1
