data/maxent/outputs/white_224.asc
ncols         426
nrows         180
xllcorner     -130.0
yllcorner     24.0
cellsize      0.16666666666666666
NODATA_value  -9999
[rows 27 to 53 of 180, columns 122 to 182 of 426]
1.82199E-1 1.95974E-1 2.02448E-1 2.13403E-1 2.63705E-1 2.12075E-1 1.79351E-1 1.68993E-1 1.47512E-1 1.2507E-1 1.17677E-1 1.08209E-1 1.1743E-1 1.54941E-1 1.72407E-1 1.69787E-1 1.72437E-1 1.80354E-1 2.12391E-1 2.35635E-1 2.31062E-1 2.17336E-1 2.2723E-1 2.28094E-1 2.48608E-1 1.9413E-1 2.27831E-1 2.97544E-1 2.52253E-1 2.6501E-1 3.39479E-1 4.14631E-1 4.46781E-1 3.61678E-1 2.66493E-1 2.22985E-1 2.19896E-1 2.45614E-1 2.53169E-1 2.60623E-1 2.62129E-1 2.67977E-1 2.75651E-1 2.74094E-1 2.54478E-1 2.73787E-1 3.50904E-1 4.08408E-1 4.13829E-1 4.13669E-1 3.84096E-1 3.6251E-1 3.56254E-1 3.66275E-1 3.94977E-1 4.28429E-1 4.29482E-1 4.08196E-1 3.873E-1 3.76071E-1 4.23387E-1
1.15397E-1 1.23416E-1 1.48097E-1 1.58785E-1 1.76416E-1 1.59635E-1 1.37795E-1 1.20555E-1 1.16118E-1 1.0607E-1 9.77308E-2 1.01525E-1 1.04652E-1 1.13314E-1 1.30172E-1 1.55102E-1 1.63643E-1 1.77217E-1 1.77312E-1 1.89739E-1 1.98504E-1 1.88442E-1 2.05358E-1 2.08468E-1 2.18981E-1 2.3741E-1 2.49348E-1 2.53266E-1 2.22091E-1 2.47713E-1 2.55095E-1 2.80222E-1 3.08082E-1 2.68951E-1 2.28022E-1 1.94431E-1 1.94965E-1 2.10155E-1 2.1675E-1 2.3369E-1 2.48549E-1 2.47754E-1 2.49975E-1 2.4624E-1 2.45922E-1 2.60951E-1 3.22163E-1 4.01812E-1 3.48863E-1 3.54622E-1 3.39001E-1 3.09006E-1 3.00398E-1 3.13194E-1 3.40461E-1 3.76853E-1 4.1562E-1 3.89328E-1 3.60349E-1 3.64727E-1 4.20994E-1
1.05279E-1 1.16855E-1 1.18365E-1 1.29495E-1 1.54726E-1 1.42737E-1 1.26652E-1 1.07191E-1 1.00638E-1 9.24596E-2 9.27074E-2 9.3972E-2 9.42869E-2 1.02386E-1 1.142E-1 1.26271E-1 1.29312E-1 1.39215E-1 1.58107E-1 1.77265E-1 1.684E-1 1.56144E-1 1.91113E-1 2.25836E-1 2.37954E-1 2.04992E-1 1.93502E-1 2.19712E-1 1.98595E-1 1.97787E-1 1.96635E-1 2.42248E-1 2.43092E-1 2.04204E-1 1.72953E-1 1.72217E-1 1.72379E-1 1.79784E-1 1.85624E-1 2.12376E-1 2.21376E-1 2.10791E-1 1.97799E-1 2.00423E-1 2.07505E-1 2.25402E-1 2.45431E-1 2.15973E-1 1.79373E-1 2.17812E-1 2.29931E-1 2.25484E-1 2.26932E-1 2.41452E-1 2.84421E-1 3.10473E-1 3.63538E-1 3.93086E-1 3.44852E-1 3.17978E-1 3.38081E-1
9.09196E-2 1.00719E-1 1.06264E-1 1.19012E-1 1.42824E-1 1.38089E-1 1.17128E-1 1.0196E-1 9.88871E-2 9.37021E-2 9.37195E-2 9.52108E-2 9.37941E-2 9.88894E-2 1.02599E-1 1.14205E-1 1.19576E-1 1.20222E-1 1.29501E-1 1.38851E-1 1.31749E-1 1.29633E-1 1.4736E-1 1.58569E-1 1.81159E-1 1.6649E-1 1.57416E-1 1.91962E-1 1.71301E-1 1.43498E-1 1.31326E-1 1.39579E-1 1.57989E-1 1.4553E-1 1.43112E-1 1.33039E-1 1.46279E-1 1.51879E-1 1.58854E-1 1.71147E-1 1.80658E-1 1.7094E-1 1.72718E-1 1.77963E-1 1.80241E-1 1.82315E-1 1.76613E-1 1.42583E-1 1.31486E-1 1.61611E-1 1.76943E-1 1.71766E-1 1.90363E-1 2.0588E-1 2.27102E-1 2.52938E-1 2.97247E-1 3.15726E-1 2.92247E-1 2.5111E-1 2.57506E-1
9.59045E-2 1.06944E-1 1.08609E-1 1.17405E-1 1.2973E-1 1.29407E-1 1.20494E-1 1.03371E-1 9.68779E-2 9.50097E-2 9.07791E-2 9.20532E-2 9.11179E-2 8.18136E-2 9.67173E-2 1.04471E-1 1.07561E-1 1.06002E-1 1.01591E-1 8.5987E-2 8.82353E-2 9.91666E-2 1.05962E-1 1.48512E-1 1.70519E-1 1.66948E-1 1.4831E-1 1.61039E-1 1.4993E-1 1.38987E-1 1.48329E-1 1.55259E-1 1.29565E-1 1.3611E-1 1.34196E-1 1.28792E-1 1.31672E-1 1.39066E-1 1.45551E-1 1.41316E-1 1.39917E-1 1.36933E-1 1.47506E-1 1.60937E-1 1.68634E-1 1.78322E-1 1.65585E-1 1.52377E-1 1.67205E-1 1.73826E-1 1.74776E-1 1.63442E-1 1.7912E-1 1.95878E-1 2.07588E-1 1.95571E-1 2.04717E-1 2.10739E-1 2.02742E-1 1.95066E-1 2.20306E-1
1.09472E-1 1.12561E-1 1.14085E-1 1.05216E-1 9.50057E-2 9.11003E-2 9.30222E-2 9.39801E-2 9.02338E-2 8.65196E-2 8.40407E-2 7.82564E-2 8.24653E-2 8.51435E-2 8.52712E-2 9.85142E-2 1.03406E-1 9.43021E-2 8.59948E-2 7.82343E-2 7.37815E-2 7.92864E-2 1.03523E-1 1.12643E-1 1.25386E-1 1.21256E-1 1.4549E-1 1.48458E-1 1.55729E-1 1.36691E-1 1.32202E-1 1.35949E-1 1.29632E-1 1.37306E-1 1.40113E-1 1.35547E-1 1.30388E-1 1.29641E-1 1.27719E-1 1.25248E-1 1.1663E-1 1.17119E-1 1.24087E-1 1.51745E-1 1.69969E-1 1.8112E-1 1.87009E-1 1.80086E-1 1.96964E-1 1.8217E-1 1.90206E-1 1.81218E-1 1.84908E-1 1.91412E-1 1.93607E-1 1.8841E-1 1.83585E-1 1.97386E-1 2.13393E-1 2.43974E-1 2.26453E-1
2.01885E-1 1.95273E-1 1.81117E-1 1.65322E-1 1.28665E-1 9.41963E-2 7.09895E-2 6.80356E-2 6.92817E-2 7.39098E-2 7.49699E-2 7.74424E-2 7.55266E-2 9.10254E-2 8.23993E-2 8.53751E-2 8.91018E-2 8.89438E-2 8.6032E-2 7.90691E-2 8.02725E-2 8.2375E-2 9.6084E-2 1.11514E-1 1.30436E-1 1.19778E-1 1.02487E-1 1.52248E-1 1.60194E-1 1.41781E-1 1.3757E-1 1.26011E-1 1.21489E-1 1.26466E-1 1.3435E-1 1.38597E-1 1.42535E-1 1.38545E-1 1.26032E-1 1.17006E-1 1.15107E-1 1.21464E-1 1.39213E-1 1.63953E-1 1.71733E-1 1.99187E-1 2.17686E-1 2.08798E-1 2.22282E-1 2.31098E-1 2.45786E-1 2.11905E-1 1.91299E-1 1.89453E-1 1.91387E-1 1.94506E-1 2.15036E-1 2.1029E-1 2.32168E-1 2.50617E-1 2.46359E-1
3.85623E-1 3.82625E-1 3.13362E-1 2.95256E-1 1.80824E-1 1.36963E-1 1.02393E-1 8.08648E-2 7.54866E-2 6.97443E-2 7.05263E-2 8.03408E-2 8.22774E-2 9.16441E-2 8.99929E-2 9.749E-2 8.67118E-2 7.63709E-2 7.95712E-2 7.49484E-2 7.61858E-2 8.0671E-2 8.93141E-2 9.19297E-2 1.0055E-1 1.12073E-1 1.08166E-1 1.12759E-1 1.24805E-1 1.09497E-1 1.18472E-1 1.26744E-1 1.29504E-1 1.3234E-1 1.34501E-1 1.43023E-1 1.56033E-1 1.40188E-1 1.31542E-1 1.3003E-1 1.29002E-1 1.39608E-1 1.54681E-1 1.75487E-1 1.88088E-1 2.05283E-1 2.16078E-1 2.27679E-1 2.27907E-1 2.59479E-1 2.9981E-1 2.55669E-1 2.12426E-1 2.04382E-1 2.01852E-1 1.99696E-1 2.0666E-1 2.25506E-1 2.38724E-1 2.6364E-1 2.66677E-1
3.40517E-1 3.42811E-1 2.48671E-1 1.97784E-1 1.65631E-1 1.57704E-1 1.68216E-1 1.24118E-1 9.12637E-2 8.30516E-2 6.7729E-2 6.98303E-2 6.82473E-2 7.66759E-2 9.184E-2 8.95502E-2 8.00681E-2 7.20726E-2 6.68568E-2 7.21209E-2 7.32394E-2 7.10863E-2 7.97368E-2 8.7229E-2 9.19555E-2 9.80345E-2 9.99437E-2 1.01493E-1 8.97088E-2 9.59087E-2 9.76521E-2 1.08447E-1 1.15717E-1 1.27623E-1 1.39858E-1 1.43253E-1 1.52357E-1 1.53379E-1 1.5212E-1 1.50606E-1 1.45762E-1 1.53749E-1 1.85531E-1 1.88898E-1 1.96451E-1 2.02357E-1 2.16906E-1 2.14786E-1 2.34851E-1 2.57662E-1 2.78609E-1 2.71012E-1 2.60742E-1 2.22792E-1 2.15357E-1 2.16997E-1 2.21261E-1 2.30625E-1 2.44228E-1 2.48411E-1 2.27174E-1
1.65796E-1 1.96812E-1 1.99558E-1 1.79196E-1 1.70311E-1 1.93238E-1 2.62201E-1 1.67219E-1 1.18806E-1 9.92691E-2 8.41587E-2 6.84328E-2 8.05803E-2 8.63297E-2 1.03583E-1 9.61168E-2 8.72112E-2 8.76769E-2 9.28781E-2 9.06969E-2 8.5715E-2 7.61658E-2 6.95056E-2 7.81725E-2 9.27669E-2 1.07303E-1 9.29222E-2 9.62274E-2 1.0251E-1 1.07448E-1 1.06657E-1 1.08537E-1 1.04818E-1 1.03745E-1 1.22602E-1 1.39501E-1 1.35573E-1 1.39827E-1 1.38158E-1 1.41741E-1 1.37499E-1 1.45745E-1 1.81768E-1 1.91471E-1 2.18962E-1 1.97125E-1 2.16622E-1 2.18649E-1 2.15372E-1 2.28497E-1 2.46274E-1 2.48389E-1 2.65246E-1 2.33489E-1 2.198E-1 2.22458E-1 2.10899E-1 2.38392E-1 2.26041E-1 2.46004E-1 2.5386E-1
1.35396E-1 1.67869E-1 1.81483E-1 1.6556E-1 1.42929E-1 1.35098E-1 1.25951E-1 1.25062E-1 1.11075E-1 8.65789E-2 9.06245E-2 7.76614E-2 9.75492E-2 1.1235E-1 1.10046E-1 1.03846E-1 1.07773E-1 1.08486E-1 9.68833E-2 8.68524E-2 8.48785E-2 7.51309E-2 7.13548E-2 7.86773E-2 9.87596E-2 1.08458E-1 8.84681E-2 9.51484E-2 1.05402E-1 1.14237E-1 1.13586E-1 1.0644E-1 9.02317E-2 9.98666E-2 1.20402E-1 1.16941E-1 1.23537E-1 1.29836E-1 1.35448E-1 1.40222E-1 1.37569E-1 1.36647E-1 1.60374E-1 1.75345E-1 1.94686E-1 1.82895E-1 1.96527E-1 2.02042E-1 1.92245E-1 2.01545E-1 2.14102E-1 2.26241E-1 2.19969E-1 2.40542E-1 2.43701E-1 2.38885E-1 2.23486E-1 2.17232E-1 2.25659E-1 2.4644E-1 2.62417E-1
1.76476E-1 2.00888E-1 1.80743E-1 1.5537E-1 1.27211E-1 1.14554E-1 1.06225E-1 1.0439E-1 9.62011E-2 9.3444E-2 8.74937E-2 1.06422E-1 1.22738E-1 1.23354E-1 1.12146E-1 1.10652E-1 1.08844E-1 1.04141E-1 8.89749E-2 7.76674E-2 7.46502E-2 7.24729E-2 7.47463E-2 8.13255E-2 9.60364E-2 9.12028E-2 8.45268E-2 1.1511E-1 1.14946E-1 1.21731E-1 1.06771E-1 9.58259E-2 8.75042E-2 1.11345E-1 1.25498E-1 1.1897E-1 1.1398E-1 1.3068E-1 1.29643E-1 1.39536E-1 1.46409E-1 1.41763E-1 1.42513E-1 1.70179E-1 1.85603E-1 1.78267E-1 1.92952E-1 1.96955E-1 1.92627E-1 1.85345E-1 2.30593E-1 2.52273E-1 2.28776E-1 2.282E-1 2.56284E-1 2.52421E-1 2.408E-1 2.35805E-1 2.36372E-1 2.46204E-1 2.58704E-1
2.19821E-1 2.62423E-1 2.49582E-1 1.94994E-1 1.55354E-1 1.27986E-1 9.65705E-2 9.57073E-2 9.97746E-2 1.00952E-1 9.32811E-2 1.05016E-1 1.06506E-1 1.08584E-1 8.67254E-2 8.78302E-2 8.54557E-2 7.60967E-2 7.31684E-2 6.61215E-2 7.12669E-2 6.95927E-2 7.2778E-2 7.43964E-2 8.04124E-2 9.33234E-2 1.16148E-1 1.10232E-1 1.0633E-1 1.10294E-1 7.9149E-2 8.02942E-2 8.52847E-2 9.18185E-2 1.0575E-1 1.13955E-1 1.22881E-1 1.26889E-1 1.18074E-1 1.21631E-1 1.33617E-1 1.34807E-1 1.37233E-1 1.59961E-1 1.71376E-1 1.69429E-1 1.82621E-1 1.8638E-1 1.82297E-1 1.73088E-1 1.92265E-1 2.23902E-1 2.30629E-1 2.2946E-1 2.28537E-1 2.36366E-1 2.50307E-1 2.50194E-1 2.55144E-1 2.5821E-1 2.47162E-1
2.89412E-1 3.51148E-1 3.80335E-1 3.27103E-1 2.08008E-1 1.58698E-1 1.20782E-1 1.05412E-1 1.04934E-1 1.06106E-1 1.01318E-1 9.99961E-2 1.02747E-1 1.05343E-1 9.06606E-2 7.75838E-2 8.03542E-2 7.41305E-2 7.6553E-2 6.97461E-2 6.54343E-2 6.79504E-2 7.06435E-2 7.60337E-2 8.78325E-2 1.09305E-1 1.11883E-1 1.03661E-1 5.60883E-2 7.75032E-2 6.2669E-2 7.19177E-2 7.13291E-2 1.01158E-1 1.08141E-1 1.12442E-1 1.19678E-1 1.27186E-1 1.18736E-1 1.21259E-1 1.30732E-1 1.3848E-1 1.46116E-1 1.65468E-1 1.7875E-1 1.84982E-1 1.91812E-1 1.83743E-1 1.84291E-1 1.916E-1 2.01004E-1 2.12857E-1 2.1846E-1 2.26179E-1 2.18216E-1 2.34392E-1 2.18331E-1 2.2112E-1 2.39262E-1 2.38055E-1 2.3893E-1
2.80984E-1 3.29705E-1 3.7415E-1 2.71956E-1 2.27088E-1 1.89485E-1 1.50748E-1 9.88813E-2 9.4997E-2 9.64827E-2 9.99191E-2 9.99207E-2 9.58891E-2 1.0827E-1 9.95423E-2 8.5601E-2 9.63977E-2 7.70667E-2 6.61997E-2 6.25747E-2 6.43329E-2 6.96746E-2 7.4275E-2 8.89455E-2 9.5019E-2 1.00221E-1 8.66464E-2 8.57085E-2 6.04302E-2 8.49931E-2 1.4078E-1 7.79365E-2 1.03607E-1 1.14225E-1 1.19998E-1 1.21542E-1 1.13525E-1 1.16522E-1 1.11113E-1 1.18538E-1 1.30487E-1 1.44467E-1 1.43189E-1 1.50528E-1 1.70071E-1 1.86432E-1 1.91802E-1 1.86301E-1 1.83494E-1 1.86369E-1 1.94882E-1 2.00268E-1 2.06006E-1 2.07683E-1 2.04492E-1 1.93286E-1 1.9258E-1 2.14024E-1 2.02963E-1 2.29966E-1 2.23579E-1
3.2236E-1 3.69792E-1 3.52874E-1 3.1845E-1 2.77056E-1 2.13407E-1 1.59422E-1 1.05482E-1 1.02381E-1 1.03757E-1 8.83934E-2 8.37129E-2 8.45436E-2 9.03252E-2 8.55652E-2 8.7308E-2 7.87793E-2 6.71702E-2 6.80876E-2 6.44811E-2 6.84337E-2 7.15018E-2 8.38608E-2 8.26392E-2 5.28616E-2 4.91951E-2 5.84675E-2 5.45092E-2 5.89299E-2 8.57135E-2 1.23697E-1 8.9003E-2 1.32457E-1 1.15911E-1 1.25254E-1 1.19194E-1 1.01522E-1 1.01859E-1 1.11954E-1 1.14625E-1 1.21297E-1 1.32898E-1 1.43618E-1 1.62911E-1 1.70884E-1 1.80509E-1 1.75831E-1 1.71875E-1 1.77343E-1 1.89737E-1 1.87992E-1 1.81957E-1 2.00021E-1 2.04368E-1 1.89807E-1 1.77478E-1 1.82505E-1 1.94907E-1 2.13227E-1 2.37198E-1 2.13278E-1
3.6617E-1 4.62848E-1 4.40802E-1 3.11719E-1 2.16957E-1 1.74565E-1 1.51773E-1 1.33704E-1 1.32076E-1 1.15079E-1 1.11357E-1 1.02844E-1 1.08821E-1 8.22654E-2 6.03419E-2 6.15109E-2 5.83665E-2 5.65792E-2 6.30817E-2 6.64851E-2 6.29725E-2 6.64503E-2 7.70466E-2 6.27658E-2 5.64561E-2 5.72971E-2 5.37085E-2 5.07655E-2 6.15101E-2 6.34798E-2 6.30843E-2 8.5564E-2 1.37169E-1 1.35255E-1 1.18223E-1 1.01418E-1 1.04515E-1 1.1741E-1 1.23384E-1 1.23903E-1 1.37907E-1 1.37018E-1 1.43395E-1 1.53093E-1 1.53901E-1 1.56366E-1 1.65562E-1 1.71687E-1 1.77792E-1 1.83385E-1 1.82018E-1 1.76738E-1 1.86194E-1 2.02263E-1 1.89249E-1 1.76045E-1 1.69655E-1 2.08132E-1 2.21648E-1 2.33719E-1 2.18392E-1
1.80597E-1 1.84788E-1 1.78089E-1 1.60472E-1 1.49733E-1 1.19529E-1 1.21267E-1 1.16965E-1 1.26892E-1 1.23839E-1 1.40232E-1 1.44614E-1 1.22205E-1 8.31952E-2 5.99562E-2 5.18612E-2 5.42883E-2 5.50881E-2 6.22551E-2 6.58196E-2 6.00791E-2 6.19984E-2 6.71539E-2 5.75039E-2 5.93711E-2 6.66976E-2 6.96926E-2 6.08906E-2 5.71384E-2 6.26926E-2 5.98466E-2 6.79758E-2 1.09059E-1 1.23037E-1 9.36016E-2 8.62768E-2 9.82751E-2 9.98642E-2 1.17496E-1 1.24673E-1 1.21658E-1 1.32874E-1 1.35404E-1 1.46853E-1 1.5212E-1 1.59258E-1 1.53459E-1 1.61634E-1 1.6769E-1 1.73033E-1 1.81368E-1 1.7748E-1 1.77369E-1 1.92568E-1 1.86267E-1 1.73165E-1 1.69611E-1 1.88945E-1 2.10664E-1 2.3556E-1 2.26638E-1
1.35868E-1 1.21893E-1 1.13612E-1 1.19726E-1 1.09403E-1 9.91696E-2 1.11007E-1 1.32794E-1 1.58763E-1 1.76132E-1 1.79563E-1 1.34555E-1 1.12276E-1 8.27425E-2 6.32661E-2 5.97302E-2 6.01242E-2 6.11926E-2 6.15242E-2 6.52932E-2 7.18751E-2 6.92892E-2 7.56048E-2 7.96441E-2 1.01334E-1 7.95376E-2 6.5831E-2 8.72337E-2 7.69181E-2 6.58794E-2 6.32005E-2 8.72606E-2 9.55546E-2 9.30004E-2 7.83552E-2 9.43977E-2 1.06669E-1 1.08874E-1 1.30355E-1 1.23617E-1 1.22737E-1 1.18587E-1 1.24674E-1 1.32188E-1 1.42183E-1 1.44703E-1 1.52991E-1 1.4203E-1 1.49541E-1 1.52801E-1 1.54947E-1 1.57809E-1 1.68605E-1 1.60839E-1 1.78025E-1 1.70661E-1 1.76712E-1 1.83514E-1 2.0083E-1 2.24266E-1 2.14574E-1
1.35616E-1 1.24737E-1 1.14925E-1 1.09855E-1 9.93754E-2 1.17596E-1 1.50312E-1 1.77405E-1 1.87803E-1 1.74641E-1 1.60773E-1 1.26938E-1 1.26331E-1 1.08352E-1 1.15323E-1 9.09135E-2 8.32541E-2 8.11404E-2 7.77365E-2 8.01098E-2 8.62099E-2 9.93923E-2 9.68099E-2 7.99018E-2 8.01349E-2 7.59816E-2 6.03856E-2 7.73699E-2 1.00834E-1 7.40779E-2 1.08223E-1 1.09314E-1 9.91971E-2 8.66775E-2 7.66381E-2 8.66378E-2 1.21378E-1 1.3049E-1 1.21895E-1 1.19193E-1 1.24425E-1 1.22374E-1 1.25427E-1 1.34958E-1 1.45252E-1 1.47895E-1 1.41229E-1 1.33971E-1 1.30022E-1 1.33862E-1 1.40471E-1 1.36058E-1 1.39953E-1 1.3581E-1 1.58465E-1 1.65682E-1 1.86264E-1 1.81551E-1 1.91917E-1 1.88592E-1 1.84455E-1
1.94962E-1 1.71056E-1 1.60811E-1 1.45955E-1 1.27985E-1 1.22902E-1 1.31786E-1 1.04197E-1 1.2891E-1 1.27884E-1 1.31139E-1 1.39853E-1 1.37554E-1 1.19409E-1 1.44776E-1 1.00915E-1 1.32609E-1 1.08955E-1 1.15668E-1 9.6212E-2 1.15962E-1 1.12526E-1 9.17214E-2 1.00191E-1 9.10296E-2 8.88655E-2 7.73063E-2 6.64707E-2 1.0454E-1 1.08688E-1 1.17621E-1 9.377E-2 8.19555E-2 8.8311E-2 7.78856E-2 8.51305E-2 9.35759E-2 9.58104E-2 1.07263E-1 1.15401E-1 1.16794E-1 1.15012E-1 1.30306E-1 1.38876E-1 1.47297E-1 1.56587E-1 1.28405E-1 1.21136E-1 1.18399E-1 1.27957E-1 1.34799E-1 1.49797E-1 1.51157E-1 1.25515E-1 1.52871E-1 1.64152E-1 1.78963E-1 1.78014E-1 1.73258E-1 1.78023E-1 1.87077E-1
2.8229E-1 2.44608E-1 1.78647E-1 1.4763E-1 1.53821E-1 1.59524E-1 1.4835E-1 1.22795E-1 1.43502E-1 1.64301E-1 1.95527E-1 2.45726E-1 1.50686E-1 1.67475E-1 1.32441E-1 1.2028E-1 1.78861E-1 1.57425E-1 1.4131E-1 1.10963E-1 1.32246E-1 1.22789E-1 1.12241E-1 1.27083E-1 1.19678E-1 1.05235E-1 1.18858E-1 9.73461E-2 9.12123E-2 1.55728E-1 1.27166E-1 1.34144E-1 8.22541E-2 6.26086E-2 6.67765E-2 8.76511E-2 1.01331E-1 1.06075E-1 1.04799E-1 1.02183E-1 1.00037E-1 9.62877E-2 1.06193E-1 1.38156E-1 1.53761E-1 1.72897E-1 1.5856E-1 1.29111E-1 1.23584E-1 1.34654E-1 1.40339E-1 1.49092E-1 1.47998E-1 1.51807E-1 1.5541E-1 1.93273E-1 1.80889E-1 1.75348E-1 1.75797E-1 1.73764E-1 1.8449E-1
2.17599E-1 1.94115E-1 2.26533E-1 1.98534E-1 1.85197E-1 1.59135E-1 1.70558E-1 1.80251E-1 2.07926E-1 2.51311E-1 1.8552E-1 1.81462E-1 1.51568E-1 1.76128E-1 1.56818E-1 1.72018E-1 2.39789E-1 1.70524E-1 1.73935E-1 1.53015E-1 1.53745E-1 1.84622E-1 2.02677E-1 1.33759E-1 1.46811E-1 1.09883E-1 1.2301E-1 8.99983E-2 1.00139E-1 1.49971E-1 1.2974E-1 1.07989E-1 1.20311E-1 8.58693E-2 7.44786E-2 8.2571E-2 1.03032E-1 1.04394E-1 1.05497E-1 1.07919E-1 9.46493E-2 9.89528E-2 1.14976E-1 1.29285E-1 1.46437E-1 1.32759E-1 1.26188E-1 1.29404E-1 1.17273E-1 1.24452E-1 1.30685E-1 1.4542E-1 1.51828E-1 1.58818E-1 1.62767E-1 2.00662E-1 2.06618E-1 1.68467E-1 1.74709E-1 1.90908E-1 1.99978E-1
2.96995E-1 2.24537E-1 1.93528E-1 1.94246E-1 1.78535E-1 1.96708E-1 2.8919E-1 2.2109E-1 2.79107E-1 2.65803E-1 2.49669E-1 2.18868E-1 2.15146E-1 1.8808E-1 2.1303E-1 2.04947E-1 1.81188E-1 1.95808E-1 2.66378E-1 2.28027E-1 1.33787E-1 1.63955E-1 2.13871E-1 1.32817E-1 1.21373E-1 1.10709E-1 1.09227E-1 1.0876E-1 1.01387E-1 1.32414E-1 1.19289E-1 1.14032E-1 1.13119E-1 1.04401E-1 9.47527E-2 1.00884E-1 9.46059E-2 9.0284E-2 1.09125E-1 1.21255E-1 1.07201E-1 1.08533E-1 1.16019E-1 1.32563E-1 1.38189E-1 1.36956E-1 1.20821E-1 1.2464E-1 1.31331E-1 1.33428E-1 1.37809E-1 1.45401E-1 1.54532E-1 1.59914E-1 1.76863E-1 2.1623E-1 1.74346E-1 1.79364E-1 1.87587E-1 1.93111E-1 1.90055E-1
4.25655E-1 3.33255E-1 2.96276E-1 2.34246E-1 1.85854E-1 2.41186E-1 2.99025E-1 3.16902E-1 3.62547E-1 3.80789E-1 3.37807E-1 2.51353E-1 2.89641E-1 2.26467E-1 2.68806E-1 3.40522E-1 2.97674E-1 2.59112E-1 2.1831E-1 1.74258E-1 2.02012E-1 1.62045E-1 1.91491E-1 1.44836E-1 1.15634E-1 1.01147E-1 9.63718E-2 1.14858E-1 1.22177E-1 1.3664E-1 1.03786E-1 1.24137E-1 1.07503E-1 9.3003E-2 1.2791E-1 1.35391E-1 1.37512E-1 1.0756E-1 1.29541E-1 1.34712E-1 1.16981E-1 1.00835E-1 1.0418E-1 1.07801E-1 1.11009E-1 1.16735E-1 1.29475E-1 1.28099E-1 1.38229E-1 1.43017E-1 1.42872E-1 1.532E-1 1.60333E-1 1.58593E-1 1.6757E-1 1.90867E-1 2.00948E-1 1.81334E-1 1.84512E-1 1.8156E-1 1.96489E-1
5.99619E-1 5.30381E-1 4.79451E-1 1.93194E-1 1.31748E-1 2.31113E-1 4.5377E-1 4.98518E-1 3.57507E-1 4.10992E-1 4.58329E-1 3.63106E-1 3.29272E-1 2.61487E-1 2.88426E-1 3.73806E-1 2.73043E-1 1.83814E-1 1.67478E-1 2.10084E-1 2.33734E-1 1.87017E-1 1.84741E-1 1.1974E-1 1.04467E-1 1.02095E-1 1.01292E-1 1.16588E-1 1.31414E-1 1.27631E-1 1.18317E-1 9.95134E-2 1.00623E-1 1.16705E-1 1.44152E-1 1.59628E-1 1.76366E-1 1.59547E-1 1.42039E-1 1.20888E-1 1.02355E-1 9.9885E-2 9.49821E-2 8.54102E-2 8.8898E-2 9.63138E-2 1.04156E-1 1.11625E-1 1.2658E-1 1.34717E-1 1.40924E-1 1.41009E-1 1.45157E-1 1.53867E-1 1.6052E-1 1.75515E-1 1.94129E-1 1.87171E-1 1.96173E-1 1.78981E-1 1.84034E-1
5.20345E-1 6.6763E-1 5.28695E-1 9.15744E-2 8.86443E-2 1.01863E-1 1.86319E-1 3.41217E-1 2.61349E-1 3.47508E-1 5.72395E-1 5.07574E-1 3.74448E-1 3.10473E-1 2.954E-1 3.17824E-1 1.6216E-1 1.39631E-1 1.74395E-1 1.64992E-1 2.4577E-1 2.15867E-1 1.48981E-1 1.18493E-1 1.09503E-1 8.68017E-2 9.39498E-2 1.22967E-1 1.22534E-1 1.14569E-1 1.039E-1 1.01761E-1 1.14192E-1 1.48302E-1 1.85155E-1 2.76046E-1 3.34407E-1 3.61167E-1 2.59903E-1 1.54181E-1 1.05744E-1 1.09927E-1 1.02811E-1 9.69856E-2 9.29974E-2 1.06341E-1 1.13154E-1 1.22445E-1 1.2471E-1 1.31475E-1 1.46797E-1 1.54631E-1 1.58504E-1 1.61175E-1 1.53405E-1 1.63208E-1 1.92524E-1 1.87932E-1 1.98069E-1 1.86397E-1 1.8485E-1
