data/maxent/outputs/white_31.asc
ncols         426
nrows         180
xllcorner     -130.0
yllcorner     24.0
cellsize      0.16666666666666666
NODATA_value  -9999
[rows 81 to 107 of 180, columns 61 to 121 of 426]
4.00078E-2 7.30908E-2 3.60618E-2 3.76699E-2 1.36692E-2 1.90997E-2 1.37706E-2 1.23969E-2 8.66612E-3 1.19626E-2 1.05179E-2 1.07291E-2 2.0923E-2 1.80966E-2 1.22674E-2 7.92595E-3 6.06033E-3 2.22918E-2 2.02469E-2 4.34892E-3 3.84303E-3 9.20384E-3 5.08825E-3 1.04338E-2 4.22976E-3 1.00807E-2 1.0305E-2 4.296E-3 5.50013E-3 5.53253E-3 4.06545E-3 3.02739E-3 1.18623E-3 6.392E-3 8.27545E-4 3.65902E-4 5.49844E-4 5.15206E-4 7.57836E-4 1.36864E-3 6.34622E-3 8.24693E-3 3.58476E-3 2.94745E-2 5.62505E-3 2.95345E-2 9.93411E-3 9.50379E-3 1.80142E-2 1.14775E-2 4.30721E-3 1.78854E-2 1.30513E-2 1.29777E-2 9.22515E-3 6.82722E-3 1.10124E-3 7.07037E-4 3.48461E-4 1.50736E-4 1.98227E-4
8.58986E-2 1.07722E-1 6.53689E-2 3.45319E-2 2.05779E-2 8.60477E-3 1.55217E-2 1.26277E-2 5.29077E-3 1.09384E-2 1.29843E-2 4.95387E-3 1.98584E-2 2.22164E-2 2.01622E-2 2.26661E-2 1.27504E-2 2.27424E-2 1.33117E-2 5.97076E-3 1.58559E-2 5.47719E-3 5.08561E-3 8.97364E-3 4.24802E-3 1.19332E-2 8.99169E-3 1.04819E-2 8.94159E-3 1.39385E-2 2.61706E-3 6.64616E-3 3.35777E-3 3.7442E-3 1.93845E-3 1.15352E-3 4.41327E-4 3.87611E-4 7.05036E-4 1.18639E-3 2.09092E-3 5.83794E-3 3.88006E-3 1.16723E-2 3.34106E-3 6.73951E-3 3.0403E-3 1.43071E-2 1.67942E-2 1.96872E-2 8.21677E-3 9.74508E-3 9.64027E-3 6.14366E-3 2.98156E-3 2.66977E-3 9.27991E-4 3.42154E-4 1.1965E-4 6.10115E-5 6.11902E-5
1.32994E-1 3.77674E-1 1.08259E-1 3.94214E-2 1.69003E-2 7.95481E-3 1.67649E-2 4.54901E-3 4.24203E-3 5.50522E-3 5.04364E-3 1.0713E-2 1.02243E-2 1.16122E-2 1.442E-2 9.93271E-3 1.47162E-2 1.26772E-2 2.02675E-2 8.76368E-3 7.42938E-3 4.00551E-3 8.80637E-3 3.39002E-3 7.25677E-3 1.31268E-2 1.29263E-2 9.60519E-3 3.81818E-3 8.9921E-3 4.14735E-3 3.05328E-3 6.26591E-3 2.46881E-3 1.47288E-3 2.46595E-3 1.10812E-3 3.63682E-4 6.20228E-4 1.92554E-3 1.30445E-3 2.41167E-3 1.03099E-2 1.74104E-2 6.63167E-3 8.61942E-3 6.36499E-3 5.69789E-3 4.82426E-3 9.10252E-3 6.53201E-3 7.74284E-3 7.87381E-3 9.83238E-3 7.01057E-3 4.05171E-3 1.24631E-3 4.36146E-4 2.21505E-4 1.17912E-4 1.10661E-4
1.01588E-1 1.43718E-1 1.21637E-1 4.37338E-2 2.04464E-2 1.48171E-2 6.28717E-3 2.99798E-3 1.68572E-3 2.29421E-3 1.53531E-2 9.56963E-3 4.21576E-3 1.04442E-2 4.43783E-3 1.33961E-2 1.27602E-2 1.237E-2 6.3956E-3 4.49253E-3 9.88368E-3 1.16982E-2 5.94285E-3 3.26301E-3 1.12371E-2 1.56888E-2 1.0912E-2 7.84001E-3 4.07899E-3 9.79495E-3 2.90702E-3 8.03347E-3 8.4491E-3 1.20732E-3 1.50914E-3 1.11135E-2 7.81374E-4 3.01721E-4 8.44009E-4 1.36369E-3 5.76666E-3 3.04603E-3 2.00825E-2 1.63869E-2 2.29393E-2 1.24604E-2 1.5686E-2 4.63922E-3 1.95703E-2 9.41728E-3 9.11702E-3 7.45701E-3 3.45642E-3 5.76043E-3 7.35977E-3 7.41758E-3 5.60944E-3 1.91348E-3 8.51061E-4 3.12658E-4 2.4598E-4
5.57391E-2 6.14299E-2 6.85168E-2 3.87161E-2 2.14953E-2 1.14004E-2 2.96572E-3 1.47279E-3 9.35865E-4 5.99292E-3 3.47E-3 4.87808E-3 1.27952E-2 6.59639E-3 8.60441E-3 1.9193E-2 1.50043E-2 2.02816E-2 8.46546E-3 9.77572E-3 5.32318E-3 6.44211E-3 4.69459E-3 3.43694E-3 6.33508E-3 1.30425E-2 2.57657E-3 7.34815E-3 4.61137E-3 1.0712E-2 2.98398E-3 6.10864E-3 3.0245E-3 5.48086E-3 9.39626E-3 1.84739E-2 5.61027E-4 1.01166E-3 4.91335E-3 2.05309E-3 7.12915E-3 1.0138E-2 2.79326E-3 3.65161E-3 5.83509E-3 6.31357E-3 1.22483E-2 6.69156E-3 1.69725E-2 8.91236E-3 7.70596E-3 4.55924E-3 2.94567E-3 4.28807E-3 3.14468E-3 3.68721E-3 6.24961E-3 3.8124E-3 1.9297E-3 9.0909E-4 7.07118E-4
6.47283E-2 9.06231E-2 6.05624E-2 2.04227E-2 1.11223E-2 3.7263E-3 1.46276E-3 9.72929E-4 1.58386E-3 1.22936E-2 1.85372E-3 1.38871E-2 3.15016E-3 3.87278E-3 1.09284E-2 9.37856E-3 1.19712E-2 1.19724E-2 1.43455E-2 4.68403E-3 1.30793E-3 1.88559E-3 4.27388E-3 5.42202E-3 4.82296E-3 7.75952E-3 2.28273E-3 8.58662E-3 1.70111E-3 3.91945E-3 2.83356E-3 6.34086E-3 1.11655E-3 4.28835E-3 4.66895E-3 6.09071E-4 2.08759E-3 2.06969E-3 1.78738E-3 3.11697E-3 1.09807E-2 2.55236E-3 1.87246E-3 1.78457E-3 3.28001E-3 1.21629E-2 5.78014E-3 5.24043E-3 1.68758E-2 4.56536E-3 6.39777E-3 5.42443E-3 5.53388E-3 3.11881E-3 1.62793E-3 1.53341E-3 4.49425E-3 7.26715E-3 4.31491E-3 3.55359E-3 1.90674E-3
6.57754E-2 9.71877E-2 4.36493E-2 1.5874E-2 6.89166E-3 2.21507E-3 1.26919E-3 1.04058E-3 3.9014E-3 3.0322E-3 6.88345E-3 7.91232E-3 7.78878E-3 5.86522E-3 3.61287E-3 3.82727E-3 1.14558E-2 8.97992E-3 6.71271E-3 4.0467E-3 6.51604E-3 2.0075E-3 1.17296E-2 7.18502E-3 4.54666E-3 3.61334E-3 6.74557E-3 2.26011E-3 5.66545E-3 2.76444E-3 2.20902E-3 1.25164E-2 7.26089E-4 1.21021E-2 3.36428E-3 3.66433E-4 3.44503E-3 6.9786E-4 1.18332E-3 1.5281E-2 5.98905E-3 2.43007E-3 8.15681E-4 1.5109E-3 3.05059E-3 1.94339E-2 4.38661E-3 5.55632E-3 1.29782E-2 1.90389E-3 1.02202E-2 5.80744E-3 6.14016E-3 1.5263E-3 7.98812E-4 1.23089E-3 1.44998E-3 7.15675E-3 6.50062E-3 7.22918E-3 2.57979E-3
8.82883E-2 4.33342E-2 3.37885E-2 1.05495E-2 5.35215E-3 4.2876E-3 1.61007E-3 1.39392E-3 1.61126E-3 8.49736E-4 2.40778E-3 2.99094E-3 6.86733E-3 2.85727E-3 5.49432E-3 5.45345E-3 1.45796E-2 5.10301E-3 7.19786E-3 4.75792E-3 6.0362E-3 3.13546E-3 2.79173E-3 1.9382E-3 5.37172E-3 6.12237E-3 6.3759E-3 6.88651E-4 2.65189E-3 2.00807E-3 3.64491E-3 1.38727E-2 1.36499E-3 1.95698E-2 8.68211E-3 4.32279E-4 4.7641E-3 1.91445E-3 7.44599E-3 7.19748E-3 1.92363E-3 7.09444E-4 9.26038E-4 1.41586E-3 2.51083E-3 1.73428E-2 8.77555E-3 5.55327E-3 5.55062E-3 7.74807E-3 4.45344E-3 3.04796E-3 2.20247E-3 4.72963E-4 1.31525E-3 2.2304E-3 7.03591E-4 2.65975E-3 3.22464E-3 1.03204E-2 4.63064E-3
4.92568E-2 8.06324E-2 7.1541E-2 9.61345E-3 2.47479E-3 2.5628E-3 2.49733E-3 1.78048E-3 3.59941E-3 2.8992E-3 2.53513E-3 2.93076E-3 1.94026E-3 5.63173E-3 5.0343E-3 1.2583E-2 3.76181E-3 1.18846E-2 8.72676E-3 2.97204E-3 6.05349E-3 6.35587E-3 1.91046E-3 3.53813E-3 2.91906E-3 3.53545E-3 6.11821E-3 3.37117E-3 2.31982E-3 8.29651E-3 1.56128E-3 4.81189E-3 5.89628E-3 1.11713E-2 1.09305E-3 9.02157E-4 2.7254E-3 7.91956E-3 5.63039E-3 2.17983E-3 1.75155E-3 2.58417E-3 1.16194E-3 1.90379E-3 1.64102E-3 5.70006E-3 1.57489E-2 3.57226E-3 2.31986E-3 7.90498E-3 3.19653E-3 2.98915E-3 6.81226E-4 3.41434E-4 1.14561E-3 1.83301E-3 9.6346E-4 9.41112E-4 1.08243E-3 5.81839E-3 8.06465E-3
4.46261E-2 7.84827E-2 4.3112E-2 1.24898E-2 6.17071E-3 1.42747E-2 2.00792E-3 1.97992E-3 1.81175E-3 8.2939E-4 1.33353E-3 1.37581E-3 4.29986E-3 5.11951E-3 8.22992E-3 1.10589E-2 3.02482E-3 1.43155E-2 5.62626E-3 5.58948E-3 2.99068E-3 6.94206E-3 2.42041E-3 3.00582E-3 2.86041E-3 3.11279E-3 1.68147E-2 5.75537E-3 3.32151E-3 7.93038E-3 3.6341E-3 6.47078E-3 2.27596E-3 2.19771E-2 2.90506E-3 3.70679E-3 1.79343E-3 5.01989E-3 2.41058E-3 1.25976E-3 3.71724E-3 8.8182E-3 1.78905E-3 1.69205E-3 2.69214E-3 1.85786E-2 1.16705E-2 2.21146E-3 3.17408E-3 2.23627E-3 2.06389E-3 1.7884E-3 7.62037E-4 1.03881E-3 1.67686E-3 1.95942E-3 5.57886E-4 2.2896E-4 3.36809E-4 9.75167E-4 1.55556E-3
9.56573E-2 8.26441E-2 4.76089E-2 1.87592E-2 1.2868E-2 1.65014E-2 3.33392E-2 1.08784E-2 4.73349E-3 2.96006E-3 1.43458E-3 2.52643E-3 2.3846E-3 9.46117E-3 1.24966E-2 1.94868E-2 6.10267E-3 1.52356E-2 2.91403E-3 1.2514E-2 2.04523E-3 4.40405E-3 2.37666E-3 1.69371E-3 4.70775E-3 1.24162E-3 5.57269E-3 5.80896E-3 4.50131E-3 1.00664E-2 8.82787E-3 5.09363E-3 2.75965E-3 1.47307E-2 2.67842E-3 2.74201E-3 3.47535E-3 3.71686E-3 9.57784E-4 5.27929E-4 1.42121E-3 1.85781E-3 3.52956E-3 3.63367E-3 5.45028E-3 6.05266E-3 2.28299E-3 1.61979E-3 1.99436E-3 2.47562E-3 2.56813E-3 1.26994E-3 7.44033E-4 1.94334E-3 2.23432E-3 1.68123E-3 2.31789E-4 2.65554E-4 4.85893E-4 1.19978E-3 1.70331E-3
3.86815E-2 6.51724E-2 5.39101E-2 3.98079E-2 2.94501E-2 1.54264E-2 2.65154E-2 8.25311E-3 1.20101E-2 5.96029E-3 7.87256E-3 1.99763E-3 1.97571E-3 3.86232E-3 1.04965E-2 5.62399E-3 8.02542E-3 5.0452E-3 2.80983E-3 4.92284E-3 3.86953E-3 3.79151E-3 1.42815E-3 3.15528E-3 7.94627E-4 2.65202E-4 7.09008E-3 5.9002E-3 4.77234E-3 1.84904E-2 9.08773E-3 3.67303E-3 8.89748E-3 4.19723E-3 3.09553E-3 7.29608E-3 7.47165E-4 4.30285E-3 7.12626E-4 4.68214E-3 1.4564E-3 1.54457E-3 4.82585E-3 5.33351E-3 3.99032E-3 3.62622E-3 5.86453E-3 2.06235E-3 2.81242E-3 2.6359E-3 2.859E-3 9.32635E-4 1.03897E-3 1.18933E-3 7.66108E-4 3.28395E-4 3.86319E-4 5.37395E-4 1.41364E-3 3.38228E-3 4.74417E-3
3.28892E-2 2.01862E-2 3.18186E-2 2.806E-2 2.99924E-2 1.31975E-2 2.00113E-2 1.68606E-2 1.26658E-2 1.32893E-2 6.06225E-3 1.0492E-2 2.27485E-3 2.41044E-3 1.39512E-3 2.72359E-3 3.51991E-3 5.04051E-3 6.5208E-3 2.12821E-3 4.55611E-3 7.04132E-4 2.1467E-3 1.65201E-3 2.00403E-4 1.39067E-3 9.3406E-3 3.353E-3 3.09011E-3 1.0355E-2 1.24325E-2 4.2453E-3 1.20933E-2 1.16447E-2 3.8341E-3 7.8627E-3 1.95455E-3 5.99679E-3 1.12327E-3 4.89266E-3 2.21669E-3 2.28739E-3 3.78994E-3 3.32321E-3 6.51063E-3 2.98294E-3 3.90692E-3 9.1817E-4 1.11739E-3 1.48746E-3 4.92803E-3 1.40107E-3 6.86631E-4 4.86073E-4 2.88602E-4 3.92939E-4 1.17829E-3 1.91865E-3 3.06555E-3 5.70053E-3 5.96972E-3
1.85642E-2 1.05733E-2 1.89717E-2 1.71638E-2 1.56586E-2 1.06294E-2 8.41282E-3 1.21412E-2 1.42703E-2 2.43646E-2 9.13871E-3 9.58914E-3 2.31075E-3 2.41499E-3 1.15388E-3 6.35313E-3 2.58561E-3 4.91448E-3 3.40453E-3 1.22704E-3 3.37767E-3 4.69397E-4 2.08917E-3 8.56664E-4 1.5526E-3 7.86853E-3 5.50639E-3 4.44559E-3 7.19393E-3 1.65904E-2 1.843E-2 1.31772E-2 1.85721E-2 9.0673E-3 7.67525E-3 7.98258E-3 3.33708E-3 6.18252E-3 3.89703E-3 2.15351E-3 1.3019E-3 4.23064E-3 2.203E-3 2.30318E-3 5.30949E-3 2.11186E-3 2.46252E-3 1.10317E-3 7.17945E-4 1.41073E-3 2.44042E-3 3.3164E-3 7.10182E-4 6.74725E-4 6.99137E-4 6.48744E-4 3.14047E-3 6.33025E-3 6.98142E-3 7.97951E-3 6.585E-3
5.06368E-2 1.76628E-2 1.03003E-2 1.82785E-2 3.852E-2 2.4208E-2 9.61433E-3 1.58626E-2 1.08282E-2 9.6417E-3 1.68658E-2 1.8684E-3 7.11204E-3 1.64695E-3 1.68313E-3 2.90686E-3 1.8547E-3 2.49062E-3 2.66589E-3 1.92677E-3 4.08471E-3 2.30304E-3 1.36991E-3 2.52655E-3 9.85968E-3 6.18032E-3 3.03975E-3 4.53607E-3 1.36089E-2 1.22325E-2 1.22953E-2 1.94217E-2 1.0424E-2 1.20755E-2 9.03681E-3 3.51988E-3 6.61343E-3 4.52228E-3 2.78719E-3 1.42205E-3 3.72102E-3 3.24243E-3 2.925E-3 2.21187E-3 1.52296E-3 2.66498E-3 1.90808E-3 1.41618E-3 6.61519E-4 2.21609E-3 3.7872E-3 4.98113E-3 1.594E-3 3.7909E-3 1.27274E-2 1.65275E-3 4.38215E-3 1.01815E-2 9.02396E-3 8.42279E-3 1.28349E-2
3.25225E-1 9.99146E-2 2.32533E-2 9.5057E-3 7.95198E-2 3.92614E-2 1.86551E-2 1.43349E-2 2.96778E-2 1.87557E-2 7.02187E-3 4.55671E-3 2.32998E-3 3.88917E-3 4.04931E-3 2.23422E-3 1.24091E-3 1.12485E-3 1.12394E-3 4.14604E-3 6.09782E-3 2.4691E-3 2.57558E-3 4.1687E-3 3.96053E-3 5.34878E-3 5.32431E-3 3.74182E-3 2.16676E-2 1.62219E-2 5.8786E-3 3.29341E-2 1.03747E-2 9.24415E-3 1.23656E-2 5.61967E-3 2.42045E-3 1.52968E-3 1.51444E-3 1.69847E-3 2.37433E-3 2.23679E-3 1.86585E-3 2.86864E-3 5.82999E-4 3.11592E-3 1.36082E-3 2.85382E-3 4.22285E-3 4.91509E-3 4.54533E-3 5.17598E-3 4.67026E-3 5.31439E-3 1.13112E-2 4.82689E-3 5.12961E-3 9.76126E-3 1.47394E-2 1.38968E-2 1.50978E-2
4.41356E-1 1.06948E-1 2.31397E-2 7.24336E-3 3.66848E-2 4.02371E-2 2.43081E-2 4.26933E-2 9.24012E-2 2.59788E-2 3.97962E-3 1.961E-2 1.94124E-2 1.39318E-3 6.96926E-3 4.89633E-3 4.06519E-3 5.34708E-3 3.16667E-3 1.62877E-3 4.00833E-3 3.91849E-3 2.54902E-3 3.90613E-3 1.27607E-3 5.37726E-3 7.93067E-3 8.68822E-3 1.05484E-2 1.81808E-2 6.19799E-3 2.153E-2 5.98973E-3 1.38641E-2 7.22181E-3 4.21389E-3 1.8827E-3 2.29503E-3 7.28777E-3 4.85208E-3 3.26092E-3 7.56196E-3 5.68594E-3 2.63525E-3 9.50377E-4 1.23292E-3 9.98688E-4 5.65009E-3 4.20346E-3 4.38356E-3 4.54436E-3 4.15913E-3 9.53504E-3 3.86054E-3 3.11462E-3 9.25645E-3 9.1337E-3 1.31619E-2 2.10383E-2 1.57908E-2 1.39366E-2
8.82632E-1 2.39655E-1 3.98191E-2 8.34587E-2 6.80476E-2 2.85684E-2 2.99549E-2 7.58503E-2 6.89729E-2 2.4865E-2 1.6862E-2 1.05929E-2 1.28082E-2 9.86832E-3 8.19531E-3 5.98715E-3 5.52084E-3 3.40031E-3 7.21339E-3 3.38679E-3 2.89504E-3 3.26161E-3 4.38604E-3 3.89558E-3 5.35831E-3 9.07455E-3 1.92586E-2 1.12823E-2 1.40749E-2 9.22209E-3 2.55025E-2 2.21693E-2 1.65736E-2 1.43247E-2 1.14225E-2 1.21543E-2 9.60064E-3 1.24445E-2 1.41072E-2 1.50694E-2 6.92464E-3 5.96301E-3 3.97693E-3 2.21756E-3 2.05237E-3 3.11597E-3 3.59124E-3 5.07835E-3 7.37994E-3 8.24727E-3 6.38039E-3 4.47084E-3 7.67815E-3 1.49509E-2 2.34339E-3 5.549E-3 1.06213E-2 2.26184E-2 1.76326E-2 1.70412E-2 2.36539E-2
8.77936E-1 6.64632E-1 2.70334E-1 4.02687E-1 1.06775E-1 2.27323E-2 1.01044E-2 1.87744E-1 8.17536E-2 8.6431E-2 3.89353E-2 1.44241E-2 1.39332E-2 1.65796E-2 9.47006E-3 5.95919E-3 8.49661E-3 7.47143E-3 5.65962E-3 3.40641E-3 4.74547E-3 4.2254E-3 9.71785E-3 5.79659E-3 1.66278E-2 9.24665E-3 1.27541E-2 1.57633E-2 2.54935E-2 1.32123E-2 4.52134E-2 4.66342E-2 5.28631E-2 2.69404E-2 4.39014E-2 5.48618E-2 4.81988E-2 3.05768E-2 2.06194E-2 5.91388E-2 1.64081E-2 9.49919E-3 1.18238E-2 6.88998E-3 7.24602E-3 8.23685E-3 6.90826E-3 6.92946E-3 7.33058E-3 1.16247E-2 1.71223E-2 1.5766E-2 4.82616E-3 7.28372E-3 6.59098E-3 4.59688E-3 1.3617E-2 1.71382E-2 1.66901E-2 1.47624E-2 1.3164E-2
9.01583E-1 8.82844E-1 7.95706E-1 3.79282E-1 6.90621E-2 3.16774E-2 5.90956E-3 3.27377E-2 9.74885E-2 1.55398E-1 6.94843E-2 4.33485E-2 3.01342E-2 1.37462E-2 3.02265E-2 2.05698E-2 3.9034E-3 7.98154E-3 1.6196E-2 9.62355E-3 6.59859E-3 6.94429E-3 1.07825E-2 5.23668E-3 5.48686E-3 1.29811E-2 1.06075E-2 2.31457E-2 1.50762E-2 3.0573E-2 5.5123E-2 4.34054E-2 5.16314E-2 5.23164E-2 4.60526E-2 7.3218E-2 8.06373E-2 8.39911E-2 1.25312E-1 1.20457E-1 1.05325E-1 5.39235E-2 2.09396E-2 2.05512E-2 1.15995E-2 9.65425E-3 1.23804E-2 1.70471E-2 1.6756E-2 1.70165E-2 1.49551E-2 1.38896E-2 2.33241E-2 6.836E-3 8.04024E-3 1.20147E-2 6.67103E-3 9.01882E-3 2.18954E-2 1.40027E-2 8.45316E-3
8.66984E-1 9.21607E-1 8.87522E-1 6.49411E-1 1.40997E-1 5.1576E-2 1.03311E-2 1.55573E-2 2.03378E-2 1.6957E-1 7.47938E-2 6.99729E-2 3.02882E-2 3.68234E-2 2.9216E-2 2.8546E-2 2.10286E-2 4.91251E-3 1.09589E-2 1.96337E-2 2.09088E-2 1.55023E-2 1.03713E-2 1.07974E-2 1.1807E-2 2.87019E-2 1.76789E-2 9.82571E-3 3.3525E-2 4.00467E-2 4.34728E-2 5.03722E-2 5.20759E-2 5.56025E-2 6.1758E-2 1.25181E-1 1.05197E-1 5.14257E-2 6.81158E-2 9.68641E-2 8.83685E-2 7.21412E-2 2.77275E-2 3.73427E-2 2.73034E-2 1.64188E-2 1.39067E-2 1.49194E-2 1.1799E-2 1.33042E-2 1.19145E-2 2.55012E-2 1.88634E-2 4.46534E-2 1.38537E-2 2.10976E-2 1.20622E-2 6.92352E-3 1.13551E-2 5.19979E-3 6.85024E-3
6.95114E-1 8.20957E-1 9.20689E-1 9.30963E-1 9.03529E-1 3.82814E-1 1.32252E-1 3.46495E-2 1.69371E-2 2.33689E-1 2.47284E-1 1.6548E-1 1.04991E-1 9.44472E-2 7.17027E-2 7.08702E-2 8.6418E-2 2.70799E-2 2.8408E-2 3.10394E-2 4.45667E-2 4.11426E-2 2.03029E-2 1.74486E-2 3.13786E-2 3.18941E-2 2.34991E-2 1.45875E-2 4.54574E-2 2.69143E-2 5.5579E-2 7.24125E-2 1.22675E-1 7.54284E-2 5.6836E-2 7.57935E-2 1.44674E-1 8.85135E-2 8.66246E-2 5.51351E-2 3.56383E-2 3.18089E-2 4.05658E-2 2.26686E-2 2.07258E-2 2.18232E-2 1.6341E-2 9.48759E-3 1.29579E-2 1.57275E-2 8.29725E-3 9.45877E-3 1.33194E-2 2.03634E-2 1.63961E-2 2.52176E-2 3.8565E-2 1.14221E-2 1.82325E-2 6.60328E-3 6.36284E-3
6.64141E-1 6.56835E-1 8.74479E-1 9.10289E-1 8.92536E-1 3.72493E-1 1.45471E-1 8.07018E-2 1.58462E-2 4.21087E-1 2.28769E-1 4.72646E-1 1.0329E-1 7.74455E-2 1.21156E-1 2.71549E-2 3.15347E-2 6.74096E-2 2.7868E-2 2.7376E-2 3.30166E-2 4.68607E-2 3.95362E-2 2.26224E-2 3.25669E-2 2.35681E-2 3.07647E-2 6.01893E-2 7.03475E-2 3.93963E-2 3.52705E-2 3.25659E-2 5.8398E-2 6.41675E-2 7.81626E-2 1.84404E-1 1.24572E-1 5.76301E-2 5.84845E-2 4.93657E-2 1.86761E-2 2.11661E-2 1.02636E-2 2.06249E-2 2.43066E-2 1.89708E-2 1.41262E-2 1.1938E-2 2.06741E-2 1.96656E-2 1.03631E-2 9.49302E-3 8.53828E-3 1.15484E-2 2.78868E-2 1.62958E-2 3.59155E-2 1.6263E-2 8.7729E-3 5.56825E-3 4.63895E-3
2.69342E-1 3.32699E-1 7.09012E-1 8.76866E-1 9.20701E-1 9.05108E-1 2.58263E-1 2.23209E-2 1.14046E-2 4.89945E-2 2.552E-1 4.42635E-1 4.82653E-1 2.36485E-1 1.64248E-1 3.60661E-2 3.35776E-2 3.86944E-2 7.75063E-2 2.89614E-2 2.56172E-2 4.48663E-2 6.64444E-2 5.03394E-2 3.0856E-2 1.71115E-2 2.8507E-2 9.27603E-2 8.22114E-2 5.23112E-2 3.23431E-2 4.82402E-2 4.31594E-2 9.65904E-2 2.2339E-1 1.3968E-1 1.14509E-1 4.59152E-2 3.89685E-2 4.68012E-2 3.1411E-2 1.9712E-2 2.39532E-2 3.51091E-2 1.51848E-2 9.5213E-3 8.06878E-3 1.24061E-2 1.76512E-2 1.01022E-2 5.42713E-3 5.97411E-3 6.50232E-3 1.08757E-2 8.91867E-3 9.80307E-3 1.72208E-2 2.11894E-2 1.04688E-2 7.6519E-3 5.13008E-3
1.1722E-1 1.39048E-1 3.59573E-1 6.99581E-1 7.86934E-1 9.23487E-1 6.91364E-1 3.0502E-2 3.68729E-2 1.88624E-2 2.97925E-1 1.65123E-1 3.30322E-1 2.08065E-1 1.2205E-1 2.51423E-1 2.06561E-1 4.60604E-2 8.22629E-2 1.18356E-1 2.11481E-2 4.37487E-2 1.14144E-1 1.33832E-1 6.74115E-2 6.65502E-2 2.00667E-2 6.93463E-2 1.00989E-1 4.59909E-2 5.67328E-2 1.04094E-1 5.86266E-2 9.86317E-2 1.14571E-1 1.15039E-1 1.56883E-1 4.17603E-2 3.53707E-2 3.91914E-2 4.94452E-2 3.68473E-2 3.62077E-2 6.05872E-2 4.699E-2 9.29893E-3 5.79797E-3 2.00782E-2 7.8359E-3 8.01307E-3 6.78243E-3 5.81683E-3 6.19037E-3 7.25132E-3 9.87979E-3 1.22731E-2 7.95828E-3 8.62204E-3 1.0856E-2 1.34717E-2 8.25399E-3
9.24731E-2 1.13357E-1 1.40982E-1 3.88723E-1 7.20317E-1 9.20163E-1 8.75884E-1 1.31153E-1 1.05931E-1 3.82009E-2 2.13406E-1 3.4451E-1 4.27048E-1 2.88236E-1 1.79715E-1 1.73574E-1 3.83706E-1 4.54557E-2 1.17716E-1 1.34E-1 4.60154E-2 1.03913E-1 4.51343E-2 8.10231E-2 1.01594E-1 7.18488E-2 1.08472E-1 3.09945E-2 3.01191E-2 4.38307E-2 1.08273E-1 1.0808E-1 9.33371E-2 1.77402E-1 1.5502E-1 1.03202E-1 1.40934E-1 2.49638E-2 7.3494E-2 8.87139E-2 8.01766E-2 8.05559E-2 5.71909E-2 5.83937E-2 7.15927E-2 6.70766E-2 1.34078E-2 4.05633E-2 1.25261E-2 1.06413E-2 7.48693E-3 5.13268E-3 4.65371E-3 5.75149E-3 9.17846E-3 8.05541E-3 6.74014E-3 7.76397E-3 9.17553E-3 8.49899E-3 8.17746E-3
2.76742E-1 2.75138E-1 2.79616E-1 3.10207E-1 3.42849E-1 7.69076E-1 9.33627E-1 3.62379E-1 2.44095E-1 6.96728E-2 2.35192E-1 4.76859E-1 5.5347E-1 4.50612E-1 4.90398E-1 6.86471E-2 5.03887E-1 9.65964E-2 7.35584E-2 2.50337E-1 1.27101E-1 8.08563E-2 7.15384E-2 2.57287E-2 7.06569E-2 1.70547E-1 1.09802E-1 7.01164E-2 6.8591E-2 7.48825E-2 1.36129E-1 2.11814E-1 1.15989E-1 1.55217E-1 1.36025E-1 1.52281E-1 1.02008E-1 6.05761E-2 7.6191E-2 1.36402E-1 7.44611E-2 2.73088E-2 1.48294E-2 1.788E-2 1.29234E-2 3.95319E-2 4.635E-2 4.44809E-2 2.69552E-2 1.11535E-2 4.34544E-3 2.84176E-3 4.55591E-3 4.56514E-3 6.25609E-3 6.32321E-3 4.92472E-3 4.8658E-3 5.40516E-3 6.33625E-3 5.5429E-3
