data/maxent/outputs/white_295.asc
ncols         426
nrows         180
xllcorner     -130.0
yllcorner     24.0
cellsize      0.16666666666666666
NODATA_value  -9999
[rows 54 to 80 of 180, columns 244 to 304 of 426]
4.93895E-2 4.80566E-2 6.6532E-2 7.87324E-2 9.72153E-2 8.65746E-2 9.06506E-2 1.15442E-1 1.48374E-1 2.84167E-1 2.64673E-1 2.78137E-1 2.5203E-1 2.52828E-1 2.52524E-1 2.56014E-1 2.51447E-1 2.43703E-1 2.22006E-1 3.85047E-1 4.50446E-1 4.03705E-1 3.77886E-1 3.59235E-1 3.17904E-1 2.00983E-1 1.37911E-1 1.48261E-1 1.19729E-1 1.1544E-1 1.44706E-1 1.64032E-1 1.848E-1 2.07958E-1 2.37889E-1 3.50993E-1 3.57575E-1 3.07136E-1 3.2962E-1 3.63883E-1 4.10159E-1 4.01442E-1 4.14433E-1 3.97531E-1 3.52323E-1 2.90673E-1 2.33278E-1 3.86742E-1 6.53271E-1 5.18683E-1 3.38298E-1 2.2627E-1 2.19481E-1 1.95875E-1 2.59755E-1 2.99559E-1 4.419E-1 4.75537E-1 4.17409E-1 4.46697E-1 3.76475E-1
6.90233E-2 7.06139E-2 7.51539E-2 8.1372E-2 1.01813E-1 1.10791E-1 1.13607E-1 1.43792E-1 2.47368E-1 2.41567E-1 2.30162E-1 2.24226E-1 3.42628E-1 2.57879E-1 2.69528E-1 2.68775E-1 2.74219E-1 2.60338E-1 2.94946E-1 4.74871E-1 3.74746E-1 3.35119E-1 3.18456E-1 2.84402E-1 2.34459E-1 1.57354E-1 1.42914E-1 1.22434E-1 9.36598E-2 9.54586E-2 1.09139E-1 1.25842E-1 1.49492E-1 1.96196E-1 2.71812E-1 2.82998E-1 4.5055E-1 2.99641E-1 3.54308E-1 3.68842E-1 3.93464E-1 4.05668E-1 4.26187E-1 4.26811E-1 3.99351E-1 3.35232E-1 2.41177E-1 2.22752E-1 5.12333E-1 6.1251E-1 5.05717E-1 3.54346E-1 2.85483E-1 2.25887E-1 2.78003E-1 5.28686E-1 5.73371E-1 5.12912E-1 4.55303E-1 4.58574E-1 4.72356E-1
8.75058E-2 9.455E-2 9.20631E-2 1.02224E-1 1.22504E-1 1.21118E-1 1.28406E-1 1.69269E-1 2.16765E-1 2.0069E-1 2.2528E-1 3.17582E-1 2.57781E-1 2.78044E-1 2.8221E-1 2.98705E-1 3.01889E-1 2.90256E-1 4.67723E-1 4.10188E-1 3.35437E-1 3.01125E-1 2.30058E-1 2.20499E-1 1.79462E-1 1.64417E-1 1.29697E-1 1.3221E-1 1.04775E-1 1.07029E-1 9.98414E-2 1.20686E-1 1.61564E-1 1.9895E-1 2.13711E-1 2.624E-1 4.75032E-1 2.95448E-1 3.45328E-1 3.93267E-1 3.95417E-1 3.97259E-1 4.13483E-1 4.26486E-1 3.89915E-1 3.20422E-1 2.40809E-1 2.54875E-1 6.14741E-1 6.45336E-1 6.55977E-1 6.02329E-1 6.29885E-1 5.32913E-1 3.84476E-1 3.75962E-1 6.32264E-1 5.37508E-1 4.75774E-1 5.88533E-1 6.12781E-1
9.42803E-2 1.07674E-1 1.12868E-1 1.28789E-1 1.4251E-1 1.42686E-1 1.40475E-1 1.60047E-1 1.75248E-1 2.02002E-1 2.36585E-1 3.24356E-1 2.66938E-1 2.87977E-1 3.07607E-1 3.3134E-1 3.35195E-1 2.99144E-1 4.73162E-1 3.29002E-1 2.89275E-1 2.66392E-1 2.50007E-1 1.94729E-1 1.69766E-1 1.49521E-1 1.30474E-1 2.10239E-1 1.2839E-1 1.1203E-1 1.14223E-1 1.25001E-1 1.64662E-1 1.8286E-1 2.27599E-1 2.8206E-1 4.73118E-1 2.96257E-1 3.28518E-1 3.75349E-1 3.88477E-1 4.30593E-1 4.13929E-1 3.98719E-1 3.8447E-1 3.17442E-1 2.85302E-1 6.45387E-1 6.43496E-1 6.18489E-1 6.35188E-1 5.97703E-1 5.7856E-1 5.78605E-1 7.55323E-1 7.59278E-1 6.34501E-1 5.79764E-1 5.51346E-1 3.37316E-1 4.03932E-1
1.01806E-1 1.15526E-1 1.2578E-1 1.3291E-1 1.48688E-1 1.72641E-1 1.72387E-1 1.69423E-1 1.90759E-1 2.19866E-1 2.5043E-1 2.82802E-1 2.58634E-1 2.90058E-1 3.16404E-1 3.39017E-1 3.39357E-1 3.77809E-1 3.83558E-1 3.14417E-1 2.89909E-1 2.59678E-1 2.15514E-1 1.76927E-1 1.48501E-1 1.14434E-1 1.33E-1 1.63852E-1 1.41766E-1 1.31051E-1 1.2617E-1 1.32188E-1 1.45903E-1 1.71278E-1 2.52194E-1 4.2041E-1 3.11792E-1 2.54642E-1 2.81853E-1 3.09267E-1 3.70624E-1 4.08864E-1 4.03971E-1 3.67415E-1 3.4075E-1 2.935E-1 5.62042E-1 5.90333E-1 6.08603E-1 6.27616E-1 7.12516E-1 7.57005E-1 6.19902E-1 5.74009E-1 6.95743E-1 7.45364E-1 6.18822E-1 5.15884E-1 5.34916E-1 5.63711E-1 5.349E-1
1.03446E-1 1.16366E-1 1.52762E-1 1.64638E-1 1.6512E-1 1.5226E-1 1.77235E-1 1.86418E-1 2.03491E-1 2.39188E-1 3.46151E-1 2.311E-1 2.59958E-1 2.85373E-1 3.15425E-1 3.23298E-1 3.28789E-1 4.10045E-1 3.09337E-1 2.99516E-1 2.81105E-1 2.24507E-1 2.09521E-1 1.67225E-1 1.53787E-1 1.30374E-1 1.45243E-1 1.64134E-1 1.42584E-1 1.41777E-1 1.39225E-1 1.50934E-1 1.62234E-1 2.16298E-1 3.64972E-1 2.58848E-1 2.87341E-1 3.93577E-1 5.2169E-1 4.39449E-1 3.46449E-1 3.91331E-1 4.02675E-1 3.46842E-1 2.95002E-1 4.56362E-1 6.36732E-1 6.04179E-1 6.26586E-1 6.85771E-1 7.50176E-1 7.55936E-1 6.77767E-1 5.8457E-1 4.69367E-1 5.48243E-1 5.50637E-1 4.84561E-1 4.87312E-1 4.98959E-1 4.82765E-1
1.05914E-1 1.17148E-1 1.37784E-1 1.49632E-1 1.56055E-1 1.63545E-1 1.94798E-1 2.08616E-1 2.30865E-1 2.91218E-1 2.34566E-1 2.34895E-1 2.60258E-1 2.90862E-1 3.19482E-1 3.31134E-1 3.33118E-1 4.00753E-1 3.08676E-1 3.0536E-1 2.72935E-1 2.32644E-1 2.01039E-1 1.77511E-1 1.71966E-1 1.77084E-1 1.88577E-1 1.59514E-1 1.52995E-1 1.64301E-1 1.78497E-1 1.79859E-1 2.34972E-1 3.32909E-1 2.25216E-1 2.88317E-1 3.51348E-1 3.62857E-1 4.68449E-1 6.25E-1 4.34089E-1 3.70425E-1 3.88166E-1 3.46432E-1 3.1591E-1 5.43175E-1 6.66156E-1 6.1992E-1 6.34601E-1 7.04999E-1 7.65716E-1 7.28103E-1 5.9096E-1 4.77905E-1 3.86377E-1 5.22462E-1 5.70924E-1 5.5274E-1 5.52224E-1 5.73743E-1 5.76021E-1
1.2502E-1 1.45775E-1 1.35774E-1 1.41854E-1 1.49845E-1 1.67377E-1 1.803E-1 2.17332E-1 2.25539E-1 2.72585E-1 2.45358E-1 2.4412E-1 2.77718E-1 3.13046E-1 3.39448E-1 3.41791E-1 3.98894E-1 3.95872E-1 3.10784E-1 2.95158E-1 2.82646E-1 2.42494E-1 2.23884E-1 1.92729E-1 2.09011E-1 1.70356E-1 1.67883E-1 1.53974E-1 1.69145E-1 1.98069E-1 2.23257E-1 2.11195E-1 3.29935E-1 2.40867E-1 2.77563E-1 2.93472E-1 2.62407E-1 3.20136E-1 4.0489E-1 5.11948E-1 6.19601E-1 3.35756E-1 3.98009E-1 3.82275E-1 3.36616E-1 5.46966E-1 7.20185E-1 6.26165E-1 6.47906E-1 7.31802E-1 7.56256E-1 6.77762E-1 5.76718E-1 5.11073E-1 4.71826E-1 5.47866E-1 6.35814E-1 6.21136E-1 6.60028E-1 6.68051E-1 6.63602E-1
1.11938E-1 1.18747E-1 1.36753E-1 1.37867E-1 1.62494E-1 1.50966E-1 1.71276E-1 1.98825E-1 2.24741E-1 3.37153E-1 2.31152E-1 2.65877E-1 2.95186E-1 3.27369E-1 3.6005E-1 3.53605E-1 4.72897E-1 3.61961E-1 3.04707E-1 2.82808E-1 2.78722E-1 2.50587E-1 2.5811E-1 2.08789E-1 1.9437E-1 1.87649E-1 1.88256E-1 1.84306E-1 2.02991E-1 2.33435E-1 2.50512E-1 2.23988E-1 2.64775E-1 2.83132E-1 2.48216E-1 2.2221E-1 2.53728E-1 3.04238E-1 3.54126E-1 4.1745E-1 6.06054E-1 3.17179E-1 3.69634E-1 3.95974E-1 3.73132E-1 5.27922E-1 7.65667E-1 6.76051E-1 6.6043E-1 7.48672E-1 6.67385E-1 6.37876E-1 6.24936E-1 5.86248E-1 5.90058E-1 6.40957E-1 7.52442E-1 7.6159E-1 7.99783E-1 6.1168E-1 4.6853E-1
1.01991E-1 1.07475E-1 1.31985E-1 1.22598E-1 1.4963E-1 1.49833E-1 1.76552E-1 1.90734E-1 2.3009E-1 2.74397E-1 2.48253E-1 2.75424E-1 2.99481E-1 3.34357E-1 3.74578E-1 3.91148E-1 3.80764E-1 4.52198E-1 3.70063E-1 3.21551E-1 2.85024E-1 2.85623E-1 2.78643E-1 2.04037E-1 1.95317E-1 1.89932E-1 2.04698E-1 1.89567E-1 1.91891E-1 1.84698E-1 2.18116E-1 2.55682E-1 2.61718E-1 2.25253E-1 2.28174E-1 2.59134E-1 2.66698E-1 2.78994E-1 2.98811E-1 3.56333E-1 5.38119E-1 3.55326E-1 3.62162E-1 3.82417E-1 3.69799E-1 5.79653E-1 7.34007E-1 6.79213E-1 6.86412E-1 7.88372E-1 7.62218E-1 6.81802E-1 6.46207E-1 6.17419E-1 6.21144E-1 7.05353E-1 8.13033E-1 8.9967E-1 6.39471E-1 4.25036E-1 3.37494E-1
8.9971E-2 9.80254E-2 1.18098E-1 1.23092E-1 1.37906E-1 1.56996E-1 1.75268E-1 1.89268E-1 2.57086E-1 2.5897E-1 2.70782E-1 2.93028E-1 3.28161E-1 3.59922E-1 3.94682E-1 4.13252E-1 4.03576E-1 5.0468E-1 4.69228E-1 3.59119E-1 2.87697E-1 2.69623E-1 2.6568E-1 2.4252E-1 2.27308E-1 2.16028E-1 2.14725E-1 1.99012E-1 1.92117E-1 2.12697E-1 2.39785E-1 2.39247E-1 2.50422E-1 2.50758E-1 2.49306E-1 2.57716E-1 2.53512E-1 2.70938E-1 2.83807E-1 3.36649E-1 4.91439E-1 3.41793E-1 3.207E-1 4.38371E-1 6.77245E-1 7.92093E-1 7.7551E-1 7.47648E-1 7.96828E-1 8.44465E-1 8.15631E-1 7.4458E-1 6.73692E-1 5.91219E-1 5.50704E-1 6.78979E-1 8.10359E-1 8.72621E-1 8.36866E-1 7.05087E-1 4.99747E-1
9.81843E-2 1.00405E-1 1.22034E-1 1.25827E-1 1.40841E-1 1.8092E-1 1.81451E-1 2.16536E-1 2.4773E-1 2.82025E-1 2.91456E-1 3.26857E-1 3.51109E-1 3.81401E-1 4.17507E-1 4.3448E-1 4.25113E-1 4.16519E-1 4.99422E-1 3.79187E-1 3.09175E-1 2.99502E-1 3.01475E-1 2.82003E-1 2.51959E-1 2.42461E-1 2.18907E-1 2.20411E-1 2.18662E-1 2.21569E-1 2.24519E-1 2.31682E-1 2.45618E-1 2.77492E-1 2.69388E-1 2.77877E-1 2.84129E-1 2.82283E-1 2.92815E-1 3.57322E-1 4.78437E-1 5.62822E-1 5.16672E-1 7.89229E-1 7.607E-1 8.37802E-1 8.91979E-1 8.70317E-1 8.80786E-1 8.68823E-1 8.31331E-1 7.8397E-1 7.53984E-1 6.70882E-1 6.08542E-1 6.91489E-1 7.85832E-1 8.39124E-1 8.91052E-1 8.77862E-1 7.98196E-1
1.11619E-1 1.08774E-1 1.2888E-1 1.18476E-1 1.39732E-1 1.68103E-1 1.8067E-1 2.21595E-1 2.47343E-1 3.16673E-1 3.16249E-1 3.52301E-1 3.79139E-1 3.95969E-1 4.17033E-1 4.3327E-1 4.26351E-1 4.14525E-1 5.07667E-1 3.5961E-1 3.20712E-1 3.23387E-1 3.01349E-1 2.93075E-1 2.65825E-1 2.46545E-1 2.45198E-1 2.26785E-1 2.37327E-1 2.56692E-1 2.62939E-1 2.69823E-1 2.68372E-1 3.00341E-1 3.01096E-1 3.02406E-1 3.15819E-1 3.24264E-1 3.40631E-1 4.26393E-1 5.39629E-1 6.29359E-1 6.41778E-1 7.00564E-1 7.56242E-1 8.31693E-1 8.7018E-1 8.84378E-1 8.88318E-1 8.46633E-1 8.2527E-1 8.06174E-1 7.92499E-1 7.91185E-1 8.04527E-1 7.73842E-1 7.72507E-1 8.05996E-1 7.96509E-1 7.83011E-1 7.33328E-1
1.01048E-1 1.13095E-1 1.08458E-1 1.21325E-1 1.47368E-1 1.58236E-1 1.75793E-1 1.89016E-1 2.25713E-1 4.11866E-1 3.34404E-1 3.79063E-1 4.08392E-1 4.24824E-1 4.37598E-1 4.54103E-1 4.43381E-1 4.36715E-1 5.08903E-1 3.48875E-1 3.07055E-1 3.13177E-1 3.01404E-1 2.89913E-1 2.61483E-1 2.48944E-1 2.35548E-1 2.44613E-1 2.75466E-1 2.8439E-1 2.83826E-1 2.86567E-1 3.16012E-1 3.52058E-1 3.65966E-1 3.8058E-1 3.71058E-1 4.01209E-1 4.23215E-1 5.04927E-1 6.22395E-1 6.56196E-1 6.38835E-1 6.78927E-1 7.18833E-1 7.94607E-1 8.17168E-1 8.21547E-1 8.08898E-1 7.95822E-1 7.93244E-1 7.98114E-1 7.73564E-1 8.08602E-1 8.50344E-1 6.60763E-1 5.04738E-1 3.60157E-1 3.08816E-1 2.94741E-1 2.89872E-1
1.02434E-1 1.05024E-1 1.08316E-1 1.12835E-1 1.55318E-1 1.78057E-1 1.71366E-1 1.97729E-1 2.18569E-1 3.95779E-1 3.55019E-1 4.08282E-1 4.45388E-1 4.60141E-1 4.69855E-1 4.82709E-1 4.9103E-1 4.57227E-1 4.87555E-1 3.60595E-1 4.04745E-1 3.60589E-1 3.18151E-1 3.52402E-1 2.89344E-1 2.6625E-1 2.46869E-1 2.41786E-1 2.52747E-1 2.52751E-1 2.69825E-1 3.01675E-1 3.44401E-1 3.82853E-1 4.17405E-1 4.58924E-1 4.26448E-1 4.31041E-1 4.87694E-1 5.7025E-1 7.02035E-1 6.99728E-1 6.08033E-1 6.3844E-1 6.82903E-1 7.17794E-1 7.44017E-1 6.02104E-1 4.53456E-1 4.75723E-1 5.58066E-1 6.74315E-1 8.10972E-1 8.03475E-1 6.22279E-1 5.03505E-1 3.35778E-1 3.07867E-1 2.83662E-1 2.98411E-1 4.67666E-1
1.1028E-1 1.18971E-1 1.2027E-1 1.11682E-1 1.2494E-1 1.39399E-1 1.79874E-1 2.27726E-1 2.37704E-1 4.0627E-1 3.83757E-1 4.42077E-1 4.66835E-1 4.80258E-1 4.94428E-1 5.02664E-1 5.14477E-1 4.95262E-1 4.30389E-1 3.37845E-1 3.78968E-1 3.6284E-1 3.23026E-1 3.30313E-1 3.07727E-1 2.89105E-1 2.65148E-1 2.50351E-1 2.52305E-1 2.45771E-1 2.72314E-1 3.37162E-1 3.97367E-1 4.48185E-1 4.41897E-1 4.21929E-1 4.65226E-1 5.03581E-1 6.14822E-1 3.56827E-1 4.49949E-1 7.29634E-1 6.82962E-1 6.87719E-1 7.21426E-1 7.25039E-1 3.83178E-1 2.59263E-1 2.83425E-1 3.22281E-1 3.51782E-1 3.77E-1 4.01337E-1 3.9099E-1 3.77616E-1 3.77569E-1 3.47529E-1 3.36266E-1 4.13775E-1 6.44548E-1 5.78153E-1
1.12966E-1 1.30337E-1 1.13196E-1 1.10149E-1 1.20556E-1 1.39129E-1 1.80612E-1 2.11628E-1 2.50916E-1 4.0707E-1 3.8328E-1 4.40329E-1 4.82999E-1 4.99913E-1 5.12049E-1 5.32057E-1 5.45069E-1 4.85535E-1 3.37692E-1 3.2555E-1 3.33194E-1 3.39856E-1 3.20656E-1 3.15491E-1 3.01149E-1 2.8461E-1 2.6278E-1 2.56948E-1 2.66171E-1 2.72998E-1 2.97192E-1 3.20908E-1 3.74234E-1 4.49665E-1 4.60288E-1 4.56563E-1 4.83848E-1 5.64005E-1 5.83338E-1 6.61602E-1 7.27331E-1 7.41149E-1 7.57588E-1 6.73747E-1 4.52019E-1 2.65917E-1 2.3636E-1 2.62766E-1 2.98941E-1 3.41503E-1 3.69955E-1 3.98215E-1 4.08963E-1 4.11124E-1 3.77974E-1 4.35167E-1 6.21974E-1 6.11874E-1 5.61096E-1 5.76421E-1 5.24364E-1
1.25093E-1 1.08773E-1 1.09301E-1 1.14537E-1 1.18925E-1 1.40516E-1 1.78179E-1 2.02993E-1 2.2195E-1 3.02956E-1 3.87441E-1 4.11746E-1 4.78807E-1 5.06334E-1 5.24764E-1 5.52451E-1 5.52681E-1 2.88922E-1 2.8999E-1 3.24671E-1 3.24726E-1 3.26847E-1 3.07365E-1 2.93895E-1 2.9201E-1 2.83824E-1 2.7124E-1 2.53907E-1 2.72032E-1 2.85888E-1 3.12676E-1 3.53051E-1 3.45464E-1 3.60514E-1 4.17577E-1 4.54198E-1 5.07799E-1 6.05343E-1 5.56346E-1 6.82403E-1 7.7889E-1 7.06631E-1 4.17046E-1 2.81164E-1 2.65929E-1 2.46145E-1 2.55534E-1 2.77273E-1 3.16313E-1 3.26959E-1 3.87688E-1 4.19157E-1 4.51043E-1 5.54247E-1 7.05103E-1 6.28689E-1 5.89568E-1 5.59353E-1 5.39774E-1 5.45685E-1 5.01197E-1
1.18419E-1 1.1254E-1 1.16879E-1 1.19933E-1 1.23088E-1 1.47038E-1 1.73143E-1 1.98328E-1 2.22878E-1 2.40328E-1 4.25136E-1 3.61832E-1 4.2706E-1 4.66408E-1 4.91368E-1 5.14867E-1 4.264E-1 3.19513E-1 3.38296E-1 3.72315E-1 3.80093E-1 3.46644E-1 2.94163E-1 2.97855E-1 2.87377E-1 2.88332E-1 2.87986E-1 2.82106E-1 2.84331E-1 2.73712E-1 2.96795E-1 2.959E-1 2.9495E-1 3.25575E-1 3.74142E-1 4.16847E-1 5.08436E-1 2.69197E-1 3.39818E-1 2.90242E-1 3.92662E-1 3.68596E-1 3.05396E-1 2.99379E-1 2.84457E-1 2.76034E-1 2.82491E-1 2.81903E-1 3.1425E-1 4.04657E-1 5.70885E-1 7.00337E-1 6.07948E-1 5.79863E-1 5.66218E-1 5.4578E-1 5.32636E-1 5.39397E-1 5.25255E-1 5.23745E-1 4.85708E-1
1.17436E-1 1.14062E-1 1.18839E-1 1.18493E-1 1.29799E-1 1.5126E-1 1.67602E-1 2.04651E-1 2.47702E-1 2.3801E-1 2.8457E-1 4.20394E-1 3.62108E-1 4.69506E-1 4.58471E-1 4.03805E-1 3.3747E-1 3.21793E-1 3.66804E-1 3.60775E-1 3.29846E-1 3.11696E-1 2.90848E-1 2.92507E-1 2.97404E-1 3.08213E-1 3.0277E-1 2.83091E-1 2.78139E-1 2.58496E-1 2.49289E-1 2.54678E-1 2.78792E-1 3.47566E-1 3.8182E-1 4.6665E-1 3.55991E-1 2.24163E-1 2.19535E-1 2.70763E-1 3.24439E-1 3.0861E-1 3.16822E-1 3.26833E-1 3.10658E-1 2.9584E-1 3.0173E-1 5.28565E-1 6.75408E-1 6.54426E-1 5.82906E-1 5.26139E-1 4.90073E-1 4.97133E-1 4.90793E-1 4.86885E-1 5.04344E-1 4.85619E-1 4.81381E-1 4.82656E-1 4.81512E-1
1.14402E-1 1.11132E-1 1.13364E-1 1.29735E-1 1.44172E-1 1.40452E-1 1.59792E-1 1.97348E-1 2.00025E-1 2.26302E-1 2.39459E-1 2.46004E-1 2.60866E-1 2.75806E-1 2.76619E-1 2.9683E-1 2.89656E-1 2.85403E-1 3.54752E-1 3.29354E-1 3.05895E-1 2.92092E-1 2.84046E-1 3.17233E-1 3.16598E-1 2.9788E-1 2.88924E-1 2.58404E-1 2.72036E-1 2.46622E-1 2.31204E-1 2.35371E-1 3.00159E-1 3.52874E-1 3.44133E-1 3.04461E-1 3.3171E-1 4.6872E-1 3.5954E-1 4.09681E-1 2.5765E-1 3.07521E-1 3.43485E-1 4.51175E-1 4.46295E-1 4.27836E-1 6.54741E-1 6.8121E-1 6.82355E-1 6.16598E-1 5.25569E-1 4.63358E-1 4.46495E-1 4.6822E-1 4.29307E-1 4.48698E-1 4.62727E-1 4.26195E-1 4.43076E-1 4.53971E-1 4.45902E-1
1.14678E-1 1.20298E-1 1.26128E-1 1.5231E-1 1.40194E-1 1.53538E-1 2.07153E-1 1.75075E-1 1.53713E-1 1.8142E-1 2.00475E-1 2.25512E-1 2.22083E-1 2.12402E-1 1.95414E-1 2.09562E-1 2.15037E-1 2.62938E-1 2.71553E-1 2.75839E-1 2.76519E-1 3.18754E-1 3.11901E-1 3.13805E-1 3.16233E-1 2.78771E-1 2.64927E-1 2.64395E-1 2.46756E-1 2.56176E-1 2.35478E-1 2.42681E-1 2.69372E-1 2.80648E-1 2.69809E-1 2.91037E-1 3.00648E-1 3.33775E-1 3.76367E-1 4.03118E-1 5.1089E-1 5.8048E-1 5.74321E-1 5.82634E-1 6.39526E-1 6.51187E-1 6.55352E-1 6.62559E-1 6.5354E-1 5.6369E-1 4.46281E-1 4.46561E-1 3.4434E-1 3.27835E-1 3.63796E-1 4.12782E-1 4.32567E-1 4.2938E-1 4.25408E-1 4.09775E-1 4.04512E-1
1.54467E-1 1.47994E-1 1.59944E-1 1.6098E-1 1.89398E-1 1.61293E-1 2.14746E-1 1.73991E-1 1.52243E-1 1.50825E-1 1.71477E-1 1.91442E-1 1.88927E-1 1.78086E-1 1.93457E-1 2.07087E-1 2.37969E-1 2.64958E-1 2.57474E-1 2.69167E-1 2.95588E-1 3.23825E-1 3.22302E-1 3.17274E-1 3.01397E-1 3.09522E-1 2.81552E-1 2.49651E-1 2.68872E-1 2.89546E-1 2.64088E-1 2.54056E-1 2.42967E-1 2.49687E-1 2.76885E-1 2.85771E-1 2.99063E-1 3.17795E-1 3.19262E-1 3.07741E-1 3.5645E-1 3.97607E-1 4.34003E-1 4.77843E-1 5.44817E-1 6.08078E-1 6.21032E-1 5.96944E-1 5.76703E-1 5.04929E-1 3.85613E-1 3.5799E-1 3.31863E-1 3.39488E-1 3.17822E-1 3.47223E-1 3.86777E-1 4.08155E-1 3.53748E-1 3.54249E-1 4.08864E-1
1.52329E-1 1.40097E-1 1.50354E-1 1.62775E-1 1.46101E-1 1.50043E-1 1.51875E-1 1.56259E-1 1.67129E-1 1.73307E-1 1.81964E-1 1.85583E-1 1.88254E-1 1.83718E-1 1.85003E-1 1.79815E-1 2.08592E-1 2.25864E-1 2.51817E-1 2.85156E-1 3.04366E-1 3.03234E-1 3.0172E-1 3.0544E-1 3.22754E-1 3.28754E-1 2.7251E-1 2.63416E-1 2.63772E-1 2.83405E-1 3.07278E-1 2.9641E-1 2.90284E-1 3.08542E-1 3.22857E-1 2.9994E-1 3.25338E-1 3.43469E-1 3.3656E-1 3.33632E-1 3.54784E-1 3.86395E-1 4.22638E-1 4.41291E-1 4.82787E-1 5.06525E-1 5.38686E-1 5.46912E-1 5.06238E-1 4.73656E-1 3.99692E-1 3.4676E-1 3.14306E-1 3.09036E-1 3.24273E-1 3.2428E-1 3.48157E-1 3.8749E-1 3.58952E-1 3.38683E-1 3.66266E-1
1.42208E-1 1.39661E-1 1.45022E-1 1.51832E-1 1.60319E-1 1.53175E-1 1.51845E-1 1.53631E-1 1.61276E-1 1.68044E-1 1.71153E-1 1.7701E-1 1.83192E-1 1.9306E-1 1.91375E-1 2.0501E-1 2.15774E-1 2.44234E-1 2.69243E-1 2.92954E-1 3.03414E-1 3.01599E-1 3.05849E-1 3.04974E-1 3.09922E-1 3.15689E-1 3.20485E-1 3.12791E-1 2.91173E-1 2.82681E-1 3.01273E-1 3.15068E-1 3.41185E-1 3.28453E-1 3.16029E-1 3.05488E-1 3.09038E-1 3.31429E-1 3.17937E-1 3.31078E-1 3.61442E-1 3.92717E-1 3.96521E-1 3.97038E-1 3.92656E-1 3.85496E-1 4.58443E-1 4.69469E-1 4.20577E-1 4.14196E-1 3.80407E-1 3.26373E-1 3.16047E-1 2.96962E-1 3.42647E-1 4.08683E-1 3.58511E-1 3.63763E-1 4.02203E-1 4.19425E-1 4.17699E-1
1.50089E-1 1.55127E-1 1.48921E-1 1.51624E-1 1.65201E-1 1.65843E-1 1.66941E-1 1.66611E-1 1.75951E-1 1.89627E-1 1.81333E-1 1.75552E-1 1.86783E-1 1.94221E-1 2.06307E-1 2.40842E-1 2.54582E-1 2.86642E-1 3.03718E-1 3.13159E-1 3.28266E-1 3.15735E-1 3.26873E-1 2.97988E-1 3.01444E-1 3.0696E-1 3.1566E-1 3.26659E-1 3.19602E-1 3.01181E-1 3.28282E-1 3.72873E-1 3.6535E-1 3.36976E-1 3.3218E-1 3.15677E-1 3.07172E-1 3.11496E-1 3.18413E-1 3.72298E-1 4.24008E-1 4.1845E-1 3.95436E-1 3.59819E-1 3.52592E-1 3.61104E-1 3.6005E-1 4.16205E-1 3.90395E-1 3.70178E-1 3.47233E-1 3.37818E-1 3.37907E-1 3.61001E-1 3.50548E-1 3.59099E-1 3.81221E-1 3.5812E-1 3.52074E-1 3.8897E-1 3.88773E-1
1.77553E-1 1.9085E-1 1.88075E-1 1.6568E-1 1.6999E-1 1.72696E-1 1.70527E-1 1.7986E-1 1.71346E-1 1.7171E-1 1.73471E-1 1.81004E-1 1.86235E-1 1.9781E-1 2.19706E-1 2.5234E-1 2.74039E-1 3.01812E-1 3.14453E-1 3.21218E-1 3.26209E-1 3.09811E-1 3.15621E-1 3.0649E-1 2.99305E-1 3.08672E-1 3.10329E-1 3.16868E-1 3.53824E-1 3.4625E-1 3.10558E-1 3.30417E-1 3.25749E-1 3.24495E-1 3.33536E-1 3.23179E-1 3.09075E-1 2.98135E-1 3.07939E-1 3.90696E-1 3.99428E-1 4.16894E-1 4.079E-1 4.08919E-1 3.63485E-1 3.47991E-1 3.47266E-1 3.82569E-1 4.04342E-1 3.5726E-1 3.49969E-1 3.7063E-1 3.82519E-1 3.9954E-1 3.99053E-1 4.34184E-1 4.3023E-1 3.96242E-1 3.8956E-1 3.73422E-1 4.08811E-1
