data/maxent/outputs/white_114.asc
ncols         426
nrows         180
xllcorner     -130.0
yllcorner     24.0
cellsize      0.16666666666666666
NODATA_value  -9999
[rows 135 to 161 of 180, columns 183 to 243 of 426]
4.73546E-1 5.10132E-1 5.15138E-1 5.21346E-1 5.47211E-1 5.75476E-1 5.77348E-1 5.78583E-1 6.09051E-1 6.1586E-1 6.34862E-1 6.53084E-1 6.73082E-1 6.91624E-1 6.89541E-1 7.0318E-1 7.01715E-1 6.99736E-1 7.09425E-1 6.98145E-1 6.84393E-1 7.03823E-1 7.09114E-1 7.19677E-1 7.17055E-1 7.25137E-1 7.19303E-1 7.07606E-1 7.0556E-1 6.87102E-1 6.77538E-1 6.49837E-1 6.24525E-1 6.44819E-1 7.19991E-1 6.99869E-1 6.72052E-1 6.70997E-1 6.6961E-1 6.63365E-1 6.77545E-1 6.72947E-1 6.89606E-1 6.691E-1 6.79088E-1 6.6762E-1 6.57115E-1 6.55981E-1 6.54496E-1 6.20496E-1 6.11434E-1 6.15376E-1 6.05883E-1 5.93025E-1 5.83358E-1 5.77492E-1 5.80372E-1 5.76686E-1 5.92279E-1 5.97213E-1 6.01178E-1
4.75538E-1 4.99257E-1 5.05589E-1 5.10782E-1 5.19814E-1 5.5354E-1 5.86082E-1 5.89908E-1 6.11125E-1 6.31204E-1 6.5547E-1 6.89446E-1 6.9904E-1 6.91289E-1 7.0053E-1 7.07353E-1 7.08872E-1 7.12931E-1 7.03182E-1 6.97784E-1 6.97094E-1 7.00486E-1 7.00211E-1 7.13247E-1 7.09591E-1 7.09118E-1 6.9635E-1 6.99128E-1 6.93234E-1 6.66954E-1 6.95194E-1 7.05954E-1 6.63638E-1 6.60706E-1 7.04302E-1 7.25464E-1 6.89916E-1 6.7059E-1 6.65986E-1 6.68798E-1 6.89141E-1 7.07075E-1 6.93283E-1 6.70405E-1 6.65407E-1 6.79907E-1 6.79791E-1 6.90665E-1 6.7104E-1 6.38289E-1 6.32621E-1 6.1908E-1 6.05822E-1 6.05922E-1 6.03416E-1 5.91685E-1 5.86882E-1 5.87625E-1 5.96278E-1 6.05078E-1 6.14121E-1
4.57686E-1 4.68804E-1 5.01275E-1 5.36051E-1 5.58019E-1 5.64026E-1 5.95984E-1 6.02852E-1 6.18837E-1 6.56658E-1 6.67891E-1 7.02692E-1 7.01752E-1 6.94684E-1 7.0568E-1 7.10023E-1 7.13204E-1 7.11293E-1 7.07041E-1 7.03497E-1 6.82813E-1 6.71276E-1 6.7589E-1 6.95996E-1 6.97626E-1 6.85364E-1 6.77482E-1 6.71135E-1 6.71193E-1 6.60281E-1 6.43883E-1 6.75306E-1 7.0915E-1 6.74661E-1 6.82407E-1 6.80678E-1 6.78945E-1 6.78353E-1 6.96098E-1 6.78048E-1 6.75273E-1 7.10932E-1 7.0015E-1 6.94857E-1 6.80406E-1 6.9366E-1 7.02655E-1 7.17464E-1 6.88178E-1 6.51732E-1 6.36978E-1 6.18539E-1 6.2152E-1 6.11619E-1 6.0812E-1 6.0023E-1 5.98405E-1 5.97037E-1 6.05641E-1 6.19914E-1 6.1334E-1
4.55374E-1 4.75033E-1 5.00721E-1 5.27273E-1 5.38504E-1 5.74196E-1 6.16028E-1 6.31408E-1 6.30729E-1 6.53571E-1 6.78955E-1 6.79102E-1 6.81416E-1 7.00415E-1 7.1477E-1 7.17322E-1 7.1881E-1 7.14287E-1 7.06104E-1 6.93949E-1 6.71039E-1 6.51905E-1 6.67386E-1 6.77542E-1 6.84122E-1 7.01213E-1 6.64562E-1 6.58453E-1 6.60884E-1 6.46365E-1 6.36698E-1 6.30233E-1 6.49622E-1 6.66376E-1 6.78973E-1 6.80241E-1 6.8137E-1 6.72469E-1 6.767E-1 6.65685E-1 6.72181E-1 7.02583E-1 7.15614E-1 7.0895E-1 7.06503E-1 7.19972E-1 7.25019E-1 7.38341E-1 7.10821E-1 6.82029E-1 6.65251E-1 6.51238E-1 6.34499E-1 6.21446E-1 6.14876E-1 6.05513E-1 6.02459E-1 6.05634E-1 6.20926E-1 6.30156E-1 6.18938E-1
4.42988E-1 4.58216E-1 4.68893E-1 4.99915E-1 5.32445E-1 5.63799E-1 6.19991E-1 6.41015E-1 6.47032E-1 6.55263E-1 6.79598E-1 6.70477E-1 6.92263E-1 7.10004E-1 7.20723E-1 7.33147E-1 7.31378E-1 7.18511E-1 7.15298E-1 6.9333E-1 6.77391E-1 6.62668E-1 6.61976E-1 6.73973E-1 6.77213E-1 6.9346E-1 7.37881E-1 6.56732E-1 6.47995E-1 6.33693E-1 6.24069E-1 6.31029E-1 6.49181E-1 6.70112E-1 6.81818E-1 6.88478E-1 6.93782E-1 6.81586E-1 6.86158E-1 6.78786E-1 6.91805E-1 7.12234E-1 7.39057E-1 7.41401E-1 7.37809E-1 7.43182E-1 7.53203E-1 7.51449E-1 7.40051E-1 7.04655E-1 6.80432E-1 6.71932E-1 6.48193E-1 6.36017E-1 6.335E-1 6.2205E-1 6.17866E-1 6.16457E-1 6.27578E-1 6.35885E-1 6.29018E-1
4.61078E-1 4.90862E-1 5.17271E-1 5.59842E-1 5.87068E-1 6.06649E-1 6.14267E-1 6.30167E-1 6.74532E-1 6.7641E-1 6.75442E-1 6.63114E-1 6.79775E-1 6.96442E-1 7.28642E-1 7.33162E-1 7.27869E-1 7.13777E-1 7.09528E-1 6.986E-1 6.85033E-1 6.66391E-1 6.72292E-1 6.86804E-1 6.66767E-1 6.61038E-1 6.82017E-1 6.49946E-1 6.50126E-1 6.35329E-1 6.28056E-1 6.38609E-1 6.59021E-1 6.69883E-1 6.93128E-1 7.04189E-1 7.06714E-1 7.07749E-1 7.06211E-1 7.10063E-1 7.22454E-1 7.45863E-1 7.70752E-1 7.62266E-1 7.5101E-1 7.63158E-1 7.72752E-1 7.56285E-1 7.40731E-1 7.39661E-1 7.07734E-1 6.80888E-1 6.44637E-1 6.38942E-1 6.45301E-1 6.39195E-1 6.39619E-1 6.31147E-1 6.27811E-1 6.30404E-1 6.22368E-1
4.81742E-1 5.20612E-1 5.57263E-1 5.95304E-1 6.22417E-1 6.31654E-1 6.30539E-1 6.29984E-1 6.63822E-1 6.94269E-1 6.94753E-1 6.5642E-1 6.65771E-1 6.99756E-1 7.21279E-1 7.19059E-1 7.07871E-1 7.05967E-1 6.90844E-1 6.86829E-1 6.72387E-1 6.67832E-1 6.73791E-1 7.23838E-1 6.81576E-1 6.7445E-1 6.79043E-1 6.69574E-1 6.71347E-1 6.6067E-1 6.66081E-1 6.71974E-1 6.82392E-1 6.79218E-1 7.00217E-1 7.04346E-1 7.15208E-1 7.27464E-1 7.30798E-1 7.41445E-1 7.48542E-1 7.61912E-1 7.76857E-1 7.64657E-1 7.3678E-1 7.43633E-1 7.61571E-1 7.5504E-1 7.30419E-1 7.38792E-1 7.36346E-1 6.88516E-1 6.37753E-1 6.38802E-1 6.72166E-1 6.79996E-1 6.88927E-1 6.42173E-1 6.43795E-1 6.38658E-1 6.47821E-1
4.90585E-1 5.22287E-1 5.51718E-1 5.74358E-1 6.07039E-1 6.34509E-1 6.3586E-1 6.41716E-1 6.63735E-1 6.711E-1 6.86161E-1 6.64898E-1 6.67743E-1 7.01974E-1 7.10542E-1 7.08746E-1 6.97542E-1 7.07577E-1 6.69197E-1 6.64546E-1 6.65593E-1 6.74074E-1 6.85362E-1 7.0531E-1 7.17665E-1 7.00289E-1 7.06684E-1 7.01397E-1 6.93543E-1 6.88675E-1 7.0065E-1 7.08803E-1 7.10415E-1 6.95351E-1 7.09004E-1 7.12972E-1 7.27872E-1 7.50975E-1 7.42054E-1 7.45173E-1 7.54929E-1 7.60326E-1 7.5931E-1 7.43519E-1 7.23221E-1 7.19036E-1 7.31553E-1 7.20255E-1 7.14262E-1 7.13453E-1 7.07228E-1 6.92142E-1 6.77034E-1 7.19078E-1 7.25496E-1 6.30128E-1 6.36512E-1 7.23466E-1 7.14787E-1 6.93495E-1 6.95779E-1
5.17109E-1 5.55781E-1 5.80876E-1 5.95983E-1 6.24645E-1 6.50937E-1 6.40148E-1 6.49676E-1 6.64419E-1 6.50341E-1 6.41804E-1 6.66633E-1 6.66906E-1 6.82642E-1 6.79743E-1 6.91531E-1 6.84493E-1 6.56108E-1 6.47823E-1 6.5374E-1 6.66458E-1 6.64215E-1 6.83203E-1 7.17523E-1 7.22855E-1 7.28617E-1 7.19416E-1 6.99365E-1 6.91795E-1 7.06226E-1 7.18861E-1 7.25835E-1 7.39971E-1 7.32455E-1 7.24835E-1 7.20472E-1 7.12398E-1 7.19084E-1 7.27144E-1 7.38896E-1 7.45228E-1 7.43367E-1 7.25402E-1 7.00234E-1 6.78618E-1 6.724E-1 6.7442E-1 6.84758E-1 6.91792E-1 6.96948E-1 6.98279E-1 7.0051E-1 6.98392E-1 6.9841E-1 7.2605E-1 6.88982E-1 6.38436E-1 7.12943E-1 7.11267E-1 7.05669E-1 6.65616E-1
5.36352E-1 5.68503E-1 5.78313E-1 6.08853E-1 6.1281E-1 6.25212E-1 6.44746E-1 6.73517E-1 6.68446E-1 6.48698E-1 6.3513E-1 6.51627E-1 6.73402E-1 6.73256E-1 6.73471E-1 6.77426E-1 6.73978E-1 6.48266E-1 6.54943E-1 6.62258E-1 6.73191E-1 6.70348E-1 6.86231E-1 7.24777E-1 7.18449E-1 7.19089E-1 7.03155E-1 6.9669E-1 7.01056E-1 7.07592E-1 7.1823E-1 7.25646E-1 7.18672E-1 7.08035E-1 6.92441E-1 6.85223E-1 6.68317E-1 6.4795E-1 6.90041E-1 7.01075E-1 6.65285E-1 6.91556E-1 6.73328E-1 6.52963E-1 6.44849E-1 6.43036E-1 6.34629E-1 6.35874E-1 6.45215E-1 6.63767E-1 6.82276E-1 6.75156E-1 6.8372E-1 7.13829E-1 6.90974E-1 7.06495E-1 7.12368E-1 7.07705E-1 7.03523E-1 6.95421E-1 6.68667E-1
5.61711E-1 5.55707E-1 5.66863E-1 6.24543E-1 6.40314E-1 6.41284E-1 6.64646E-1 6.79585E-1 6.52832E-1 6.33934E-1 6.39185E-1 6.48973E-1 6.63066E-1 6.78803E-1 6.85748E-1 6.57113E-1 6.46736E-1 6.42957E-1 6.46202E-1 6.58549E-1 6.8445E-1 6.86447E-1 7.08602E-1 7.29146E-1 7.14653E-1 7.04846E-1 6.8901E-1 6.99545E-1 6.96739E-1 7.03761E-1 7.06408E-1 7.0507E-1 6.98135E-1 6.89321E-1 6.84801E-1 6.76327E-1 6.58491E-1 6.72269E-1 6.75936E-1 6.73084E-1 6.7033E-1 6.51309E-1 6.52816E-1 6.5001E-1 6.45451E-1 6.44248E-1 6.43999E-1 6.37145E-1 6.35579E-1 6.34785E-1 6.42378E-1 6.47318E-1 6.44254E-1 6.5458E-1 6.63026E-1 6.81549E-1 6.90637E-1 6.9111E-1 6.59981E-1 6.79698E-1 6.36163E-1
5.5827E-1 5.82091E-1 6.08214E-1 6.37339E-1 6.47285E-1 6.72428E-1 6.78408E-1 6.61747E-1 6.52213E-1 6.59015E-1 6.6676E-1 6.57756E-1 6.65472E-1 6.91284E-1 6.81202E-1 6.64945E-1 6.63332E-1 6.55472E-1 6.62953E-1 6.81726E-1 6.84477E-1 6.78683E-1 6.86152E-1 7.0458E-1 7.12213E-1 7.08697E-1 6.93071E-1 6.51584E-1 6.45615E-1 6.53268E-1 6.54806E-1 6.85488E-1 6.83707E-1 -9999 -9999 -9999 -9999 -9999 -9999 6.64883E-1 6.60867E-1 6.63073E-1 6.55247E-1 6.53697E-1 6.511E-1 6.49143E-1 6.44309E-1 6.39785E-1 6.40872E-1 6.36073E-1 6.38065E-1 6.43146E-1 6.45933E-1 6.5038E-1 6.58443E-1 6.65372E-1 6.29698E-1 6.52301E-1 6.46107E-1 5.77605E-1 5.87152E-1
5.303E-1 5.68084E-1 5.85672E-1 5.90474E-1 6.14259E-1 6.57321E-1 6.62856E-1 6.46963E-1 6.45148E-1 6.6397E-1 6.51438E-1 6.50274E-1 6.66918E-1 6.83393E-1 6.82525E-1 6.87643E-1 6.87502E-1 6.78834E-1 6.73373E-1 6.7945E-1 6.80241E-1 6.83456E-1 6.70078E-1 6.88971E-1 7.07732E-1 7.11438E-1 7.05369E-1 6.26209E-1 5.50047E-1 5.60145E-1 -9999 -9999 -9999 -9999 -9999 -9999 -9999 -9999 -9999 -9999 -9999 -9999 -9999 -9999 -9999 6.49985E-1 6.49813E-1 -9999 5.8917E-1 6.42643E-1 6.4244E-1 6.44154E-1 6.46537E-1 6.0213E-1 5.97142E-1 6.35528E-1 5.70791E-1 5.7581E-1 5.81119E-1 5.82011E-1 5.94164E-1
5.26687E-1 5.69854E-1 5.80014E-1 5.81686E-1 5.8528E-1 6.15033E-1 6.31893E-1 6.35025E-1 6.18152E-1 6.26817E-1 6.39927E-1 6.50993E-1 6.59083E-1 6.71296E-1 6.84452E-1 6.97871E-1 7.00641E-1 6.9232E-1 6.88384E-1 6.77591E-1 6.97468E-1 7.02116E-1 6.94548E-1 7.06216E-1 7.03698E-1 7.04505E-1 6.6893E-1 5.51739E-1 5.06366E-1 -9999 -9999 -9999 -9999 -9999 -9999 -9999 -9999 -9999 -9999 -9999 -9999 -9999 -9999 -9999 -9999 -9999 -9999 -9999 5.16426E-1 6.16129E-1 6.07246E-1 5.71823E-1 5.94006E-1 5.70193E-1 5.72717E-1 5.63298E-1 5.17435E-1 4.75832E-1 5.04914E-1 5.03898E-1 5.40214E-1
5.13127E-1 5.38051E-1 5.5309E-1 5.49752E-1 5.6671E-1 5.81386E-1 5.8838E-1 5.91297E-1 5.94935E-1 6.11101E-1 6.35E-1 6.36664E-1 6.44296E-1 6.65117E-1 6.76803E-1 6.91572E-1 7.05056E-1 7.07812E-1 7.03497E-1 7.01986E-1 7.25858E-1 7.23249E-1 7.20548E-1 7.05697E-1 6.97421E-1 6.5982E-1 5.2247E-1 -9999 -9999 -9999 -9999 -9999 -9999 -9999 -9999 -9999 -9999 -9999 -9999 -9999 -9999 -9999 -9999 -9999 -9999 -9999 -9999 -9999 -9999 -9999 -9999 5.40142E-1 5.22042E-1 4.48446E-1 4.20565E-1 5.40322E-1 5.29218E-1 -9999 -9999 -9999 5.51727E-1
5.0528E-1 5.13725E-1 5.08734E-1 5.11714E-1 5.34494E-1 5.5964E-1 5.72908E-1 5.8728E-1 5.94365E-1 6.02486E-1 6.13784E-1 6.30106E-1 6.32481E-1 6.50566E-1 6.66158E-1 6.90503E-1 7.06336E-1 7.25847E-1 7.29868E-1 7.3162E-1 7.32162E-1 7.29885E-1 7.23272E-1 7.11702E-1 6.89079E-1 6.17897E-1 -9999 -9999 -9999 -9999 -9999 -9999 -9999 -9999 -9999 -9999 -9999 -9999 -9999 -9999 -9999 -9999 -9999 -9999 -9999 -9999 -9999 -9999 -9999 -9999 -9999 -9999 -9999 -9999 -9999 -9999 -9999 -9999 -9999 -9999 5.39051E-1
4.84351E-1 4.89627E-1 4.90406E-1 4.89482E-1 5.02895E-1 5.28263E-1 5.49549E-1 5.7393E-1 5.84446E-1 6.08108E-1 6.15367E-1 6.24938E-1 6.32388E-1 6.61067E-1 6.92978E-1 7.04266E-1 7.20537E-1 7.38763E-1 7.33701E-1 7.26438E-1 7.30193E-1 7.30243E-1 7.00991E-1 7.00162E-1 -9999 -9999 -9999 -9999 -9999 -9999 -9999 -9999 -9999 -9999 -9999 -9999 -9999 -9999 -9999 -9999 -9999 -9999 -9999 -9999 -9999 -9999 -9999 -9999 -9999 -9999 -9999 -9999 -9999 -9999 -9999 -9999 -9999 -9999 -9999 -9999 -9999
4.69801E-1 4.69276E-1 4.64557E-1 4.58692E-1 4.65353E-1 5.04665E-1 5.42527E-1 5.76271E-1 5.84507E-1 6.10711E-1 6.24704E-1 6.34185E-1 6.35845E-1 6.5233E-1 6.98889E-1 7.31995E-1 7.39192E-1 7.35556E-1 7.29256E-1 6.56572E-1 6.63258E-1 6.25175E-1 5.80607E-1 -9999 -9999 -9999 -9999 -9999 -9999 -9999 -9999 -9999 -9999 -9999 -9999 -9999 -9999 -9999 -9999 -9999 -9999 -9999 -9999 -9999 -9999 -9999 -9999 -9999 -9999 -9999 -9999 -9999 -9999 -9999 -9999 -9999 -9999 -9999 -9999 -9999 -9999
4.37145E-1 4.38807E-1 4.31309E-1 4.24398E-1 4.41178E-1 4.78972E-1 5.22034E-1 5.71184E-1 5.83071E-1 6.07103E-1 6.26526E-1 6.55006E-1 6.68314E-1 6.87319E-1 7.1911E-1 7.3565E-1 7.35548E-1 7.34151E-1 6.7646E-1 5.35544E-1 -9999 -9999 -9999 -9999 -9999 -9999 -9999 -9999 -9999 -9999 -9999 -9999 -9999 -9999 -9999 -9999 -9999 -9999 -9999 -9999 -9999 -9999 -9999 -9999 -9999 -9999 -9999 -9999 -9999 -9999 -9999 -9999 -9999 -9999 -9999 -9999 -9999 -9999 -9999 -9999 -9999
4.15907E-1 4.21162E-1 4.2367E-1 4.26742E-1 4.38288E-1 4.76787E-1 5.20623E-1 5.51539E-1 5.83272E-1 6.12064E-1 6.21355E-1 6.62478E-1 6.81414E-1 7.12729E-1 7.20127E-1 7.30037E-1 6.81728E-1 6.08684E-1 6.39565E-1 -9999 -9999 -9999 -9999 -9999 -9999 -9999 -9999 -9999 -9999 -9999 -9999 -9999 -9999 -9999 -9999 -9999 -9999 -9999 -9999 -9999 -9999 -9999 -9999 -9999 -9999 -9999 -9999 -9999 -9999 -9999 -9999 -9999 -9999 -9999 -9999 -9999 -9999 -9999 -9999 -9999 -9999
4.13802E-1 4.09847E-1 4.10325E-1 4.22153E-1 4.44502E-1 4.88734E-1 5.20781E-1 5.44219E-1 5.77534E-1 6.40697E-1 6.31575E-1 6.68767E-1 6.98604E-1 7.05655E-1 6.56314E-1 6.36197E-1 6.41142E-1 -9999 -9999 -9999 -9999 -9999 -9999 -9999 -9999 -9999 -9999 -9999 -9999 -9999 -9999 -9999 -9999 -9999 -9999 -9999 -9999 -9999 -9999 -9999 -9999 -9999 -9999 -9999 -9999 -9999 -9999 -9999 -9999 -9999 -9999 -9999 -9999 -9999 -9999 -9999 -9999 -9999 -9999 -9999 -9999
4.14381E-1 4.12892E-1 4.13138E-1 4.26074E-1 4.55316E-1 4.87719E-1 5.1313E-1 5.46218E-1 5.71674E-1 6.02016E-1 6.42831E-1 6.92974E-1 6.97055E-1 7.03276E-1 6.32682E-1 6.0167E-1 -9999 -9999 -9999 -9999 -9999 -9999 -9999 -9999 -9999 -9999 -9999 -9999 -9999 -9999 -9999 -9999 -9999 -9999 -9999 -9999 -9999 -9999 -9999 -9999 -9999 -9999 -9999 -9999 -9999 -9999 -9999 -9999 -9999 -9999 -9999 -9999 -9999 -9999 -9999 -9999 -9999 -9999 -9999 -9999 -9999
4.24427E-1 4.21673E-1 4.32364E-1 4.44972E-1 4.6906E-1 4.94632E-1 5.14304E-1 5.33912E-1 5.62067E-1 5.90747E-1 6.40695E-1 6.89453E-1 6.99525E-1 6.06909E-1 5.64076E-1 -9999 -9999 -9999 -9999 -9999 -9999 -9999 -9999 -9999 -9999 -9999 -9999 -9999 -9999 -9999 -9999 -9999 -9999 -9999 -9999 -9999 -9999 -9999 -9999 -9999 -9999 -9999 -9999 -9999 -9999 -9999 -9999 -9999 -9999 -9999 -9999 -9999 -9999 -9999 -9999 -9999 -9999 -9999 -9999 -9999 -9999
4.34492E-1 4.34582E-1 4.47477E-1 4.69522E-1 4.78032E-1 4.9594E-1 5.13747E-1 5.30937E-1 5.57355E-1 5.92689E-1 6.36703E-1 6.93102E-1 7.05378E-1 6.1593E-1 -9999 -9999 -9999 -9999 -9999 -9999 -9999 -9999 -9999 -9999 -9999 -9999 -9999 -9999 -9999 -9999 -9999 -9999 -9999 -9999 -9999 -9999 -9999 -9999 -9999 -9999 -9999 -9999 -9999 -9999 -9999 -9999 -9999 -9999 -9999 -9999 -9999 -9999 -9999 -9999 -9999 -9999 -9999 -9999 -9999 -9999 -9999
4.28896E-1 4.31986E-1 4.52895E-1 4.63568E-1 4.75541E-1 4.89464E-1 5.07329E-1 5.24012E-1 5.49885E-1 5.84118E-1 6.33551E-1 6.90383E-1 7.07003E-1 6.31548E-1 -9999 -9999 -9999 -9999 -9999 -9999 -9999 -9999 -9999 -9999 -9999 -9999 -9999 -9999 -9999 -9999 -9999 -9999 -9999 -9999 -9999 -9999 -9999 -9999 -9999 -9999 -9999 -9999 -9999 -9999 -9999 -9999 -9999 -9999 -9999 -9999 -9999 -9999 -9999 -9999 -9999 -9999 -9999 -9999 -9999 -9999 -9999
4.20331E-1 4.293E-1 4.51172E-1 4.67455E-1 4.59505E-1 4.70355E-1 4.82881E-1 4.98323E-1 5.41732E-1 5.76927E-1 6.33334E-1 6.90665E-1 6.86912E-1 -9999 -9999 -9999 -9999 -9999 -9999 -9999 -9999 -9999 -9999 -9999 -9999 -9999 -9999 -9999 -9999 -9999 -9999 -9999 -9999 -9999 -9999 -9999 -9999 -9999 -9999 -9999 -9999 -9999 -9999 -9999 -9999 -9999 -9999 -9999 -9999 -9999 -9999 -9999 -9999 -9999 -9999 -9999 -9999 -9999 -9999 -9999 -9999
4.10379E-1 4.0784E-1 4.38862E-1 4.67908E-1 4.61277E-1 4.64223E-1 4.72684E-1 5.12758E-1 5.19563E-1 5.64953E-1 6.27821E-1 6.9515E-1 6.80311E-1 -9999 -9999 -9999 -9999 -9999 -9999 -9999 -9999 -9999 -9999 -9999 -9999 -9999 -9999 -9999 -9999 -9999 -9999 -9999 -9999 -9999 -9999 -9999 -9999 -9999 -9999 -9999 -9999 -9999 -9999 -9999 -9999 -9999 -9999 -9999 -9999 -9999 -9999 -9999 -9999 -9999 -9999 -9999 -9999 -9999 -9999 -9999 -9999
