data/maxent/outputs/white_291.asc
ncols         426
nrows         180
xllcorner     -130.0
yllcorner     24.0
cellsize      0.16666666666666666
NODATA_value  -9999
[rows 54 to 80 of 180, columns 61 to 121 of 426]
2.34198E-1 2.18874E-1 2.13248E-1 2.11985E-1 2.44884E-1 2.22797E-1 1.80402E-1 1.04713E-1 6.05826E-2 2.59416E-2 9.2147E-2 6.43323E-2 8.01338E-2 1.05905E-1 1.62206E-1 2.30421E-1 2.74267E-1 4.49706E-1 3.6625E-1 2.30468E-1 2.41852E-1 1.1768E-1 5.74965E-2 1.68174E-2 6.99335E-2 2.69924E-2 1.5506E-2 1.08835E-2 1.52058E-2 1.50376E-2 6.60365E-2 1.63072E-2 9.62432E-3 5.29222E-3 7.56871E-3 1.31421E-2 5.06554E-3 4.69255E-3 2.86248E-3 2.08924E-3 3.78144E-3 3.81747E-3 4.56213E-3 2.22571E-3 5.16607E-3 8.02062E-3 6.90224E-3 5.69536E-3 8.47652E-3 2.86978E-2 7.92961E-3 8.59113E-3 9.3318E-3 8.66242E-3 1.2287E-2 1.30114E-2 1.12079E-2 9.47016E-3 9.58425E-3 7.68892E-3 1.13731E-2
2.18408E-1 2.09918E-1 1.90557E-1 1.92419E-1 1.83927E-1 2.29011E-1 1.38356E-1 5.19078E-2 9.06026E-2 1.12444E-1 9.10563E-2 9.27025E-2 7.03788E-2 9.11705E-2 1.45674E-1 2.32831E-1 3.6311E-1 4.31034E-1 9.33257E-2 2.70251E-1 2.32402E-1 5.03156E-2 6.78903E-2 3.62512E-2 2.64725E-2 1.6272E-2 1.15509E-2 1.50046E-2 2.85803E-2 4.23017E-2 2.34758E-2 1.04003E-2 1.00029E-2 7.54712E-3 1.17616E-2 1.13132E-2 4.15445E-3 3.94362E-3 4.22092E-3 2.39905E-3 3.10266E-3 2.77646E-3 3.11243E-3 2.62132E-3 4.46966E-3 4.55961E-3 5.05517E-3 5.00156E-3 6.75244E-3 1.04493E-2 1.00587E-2 1.7134E-2 8.00139E-3 8.443E-3 8.52388E-3 9.5504E-3 1.01391E-2 9.56459E-3 1.07313E-2 8.28275E-3 9.59444E-3
1.93152E-1 2.08822E-1 2.04486E-1 1.44579E-1 1.93844E-1 2.06598E-1 2.36398E-1 1.5021E-1 1.21801E-1 1.25642E-1 1.17734E-1 1.25284E-1 1.22142E-1 1.30759E-1 1.22186E-1 2.70719E-1 3.49514E-1 2.91257E-1 1.99915E-1 1.48175E-1 1.7224E-1 1.5154E-1 1.05127E-1 5.72572E-2 2.70267E-2 1.54359E-2 1.20957E-2 1.52394E-2 1.17877E-2 1.06621E-2 1.14174E-2 8.12272E-3 8.10293E-3 2.42083E-2 1.47641E-2 7.59049E-3 8.6042E-3 3.10752E-3 2.86779E-3 2.08084E-3 3.44817E-3 1.90705E-3 2.92564E-3 4.39469E-3 3.21376E-3 3.94575E-3 5.71729E-3 7.27606E-3 9.69861E-3 1.06765E-2 1.29486E-2 1.00211E-2 8.31824E-3 6.68709E-3 6.91028E-3 7.64595E-3 1.41692E-2 1.24187E-2 1.05753E-2 9.08554E-3 8.07384E-3
1.74066E-1 1.41156E-1 1.72412E-1 1.54959E-1 1.38189E-1 1.6002E-1 1.47938E-1 1.78043E-1 7.87018E-2 9.69164E-2 7.34579E-2 9.14663E-2 6.5744E-2 1.29759E-1 1.05815E-1 2.27188E-1 2.39026E-1 2.61393E-1 2.15924E-1 1.58014E-1 1.76515E-1 2.306E-1 4.5622E-2 8.70234E-2 5.36707E-2 2.19844E-2 1.26652E-2 1.06438E-2 8.67035E-3 6.81569E-3 6.86464E-3 6.43508E-3 7.08752E-3 3.11628E-2 2.27644E-2 7.32412E-3 5.30208E-3 6.55063E-3 3.39492E-3 3.2059E-3 3.33386E-3 3.7728E-3 3.69247E-3 4.55825E-3 6.52801E-3 8.1122E-3 1.19572E-2 8.24676E-3 9.92954E-3 1.32876E-2 1.95357E-2 1.50125E-2 6.46248E-3 5.90719E-3 8.51271E-3 9.42746E-3 1.99001E-2 1.68199E-2 1.03999E-2 1.24426E-2 1.32313E-2
9.61163E-2 1.07602E-1 1.18272E-1 1.12943E-1 8.04262E-2 1.10645E-1 7.64112E-2 6.83256E-2 6.733E-2 8.96692E-2 1.18077E-1 6.88393E-2 8.12906E-2 8.82104E-2 1.01375E-1 1.13158E-1 1.3527E-1 1.57726E-1 2.5059E-1 2.24309E-1 2.1044E-1 1.98612E-1 1.28234E-1 2.30982E-1 4.10915E-2 3.92859E-2 1.75462E-2 1.97889E-2 1.00226E-2 9.17996E-3 9.62255E-3 1.28737E-2 1.60934E-2 2.29433E-2 1.34089E-2 7.92677E-3 6.04303E-3 5.67359E-3 4.28049E-3 7.16426E-3 4.72199E-3 6.26107E-3 6.57697E-3 7.45426E-3 1.32023E-2 1.72096E-2 2.15084E-2 1.4279E-2 1.71055E-2 2.91316E-2 2.68509E-2 2.29376E-2 8.91423E-3 8.42974E-3 7.89571E-3 7.5175E-3 8.06395E-3 1.13648E-2 1.28729E-2 6.744E-3 5.34529E-3
8.62977E-2 8.88915E-2 9.1676E-2 8.35193E-2 6.02392E-2 5.90747E-2 8.7073E-2 7.84992E-2 7.99267E-2 9.83814E-2 9.19845E-2 6.14652E-2 8.10561E-2 1.07638E-1 6.67792E-2 6.75294E-2 9.15345E-2 1.0471E-1 1.29964E-1 1.70692E-1 3.31996E-1 2.63992E-1 2.5084E-1 2.50752E-1 1.10106E-1 1.00783E-1 5.72622E-2 2.90115E-2 1.26324E-2 9.09824E-3 7.05404E-3 5.72419E-3 1.27647E-2 1.59262E-2 1.0349E-2 1.14402E-2 9.57699E-3 5.41245E-3 7.69333E-3 8.00946E-3 8.83453E-3 1.09433E-2 1.62954E-2 9.30138E-3 1.07174E-2 1.42179E-2 2.7144E-2 3.05879E-2 3.67494E-2 4.51614E-2 6.94501E-2 5.47316E-2 3.91402E-2 1.4962E-2 7.39349E-3 6.71464E-3 7.84138E-3 9.26654E-3 1.10224E-2 6.54374E-3 4.34668E-3
7.06716E-2 6.26458E-2 6.81055E-2 7.01312E-2 7.5432E-2 6.97284E-2 9.14072E-2 6.2364E-2 9.13815E-2 6.92318E-2 1.00491E-1 1.03715E-1 7.73555E-2 5.66739E-2 4.76984E-2 5.12725E-2 7.95315E-2 8.49065E-2 8.61298E-2 1.24606E-1 2.55152E-1 2.62999E-1 2.81011E-1 1.82837E-1 1.37784E-1 9.24233E-2 7.82377E-2 3.48045E-2 1.21984E-2 8.37821E-3 8.01752E-3 6.97054E-3 6.57346E-3 7.50019E-3 9.54018E-3 8.20251E-3 1.12878E-2 1.72121E-2 1.73239E-2 1.33623E-2 2.52762E-2 2.87276E-2 1.17909E-2 8.6888E-3 1.14977E-2 1.34738E-2 2.36002E-2 3.24167E-2 4.16143E-2 5.9784E-2 6.55804E-2 3.83742E-2 2.89321E-2 1.07143E-2 1.34829E-2 1.3777E-2 7.79346E-3 7.89429E-3 7.89229E-3 4.41384E-3 3.65014E-3
5.73401E-2 5.69439E-2 5.71932E-2 5.99131E-2 7.21682E-2 9.35413E-2 8.98395E-2 7.11797E-2 5.19247E-2 7.83111E-2 9.43089E-2 1.18935E-1 9.65958E-2 8.17421E-2 6.96782E-2 7.51802E-2 7.59862E-2 7.7839E-2 8.5704E-2 9.09724E-2 1.22268E-1 3.09719E-1 3.31043E-1 2.34914E-1 2.22057E-1 2.29021E-1 1.16106E-1 5.12316E-2 2.29599E-2 1.29611E-2 1.15778E-2 1.174E-2 2.12368E-2 1.31235E-2 6.28303E-3 6.78597E-3 1.01115E-2 1.92004E-2 2.55509E-2 2.83329E-2 3.40506E-2 1.47014E-2 1.44121E-2 1.59609E-2 1.85317E-2 2.04581E-2 2.72575E-2 4.33132E-2 6.16355E-2 7.35947E-2 3.90567E-2 3.53073E-2 2.8072E-2 1.04163E-2 1.01372E-2 7.87523E-3 7.05925E-3 6.16464E-3 6.1851E-3 5.1384E-3 3.67536E-3
6.15644E-2 5.9367E-2 5.87063E-2 6.19659E-2 6.0293E-2 4.81095E-2 4.83161E-2 6.71546E-2 8.94035E-2 8.83213E-2 8.63522E-2 7.27026E-2 7.48139E-2 8.49892E-2 9.33084E-2 1.49127E-1 7.32024E-2 7.15031E-2 9.6785E-2 8.89386E-2 8.59206E-2 1.52538E-1 3.57095E-1 3.06499E-1 2.47725E-1 2.01336E-1 5.33654E-2 1.50244E-1 5.86763E-2 3.74146E-2 2.79966E-2 2.26792E-2 4.59658E-2 4.37238E-2 3.59484E-2 2.07211E-2 1.60972E-2 2.87147E-2 3.44492E-2 3.1488E-2 2.98787E-2 2.11441E-2 2.42928E-2 3.04616E-2 3.6428E-2 3.86364E-2 4.12304E-2 6.16492E-2 9.15886E-2 8.13769E-2 5.59379E-2 3.89992E-2 3.43953E-2 1.08346E-2 1.24581E-2 8.85739E-3 6.68917E-3 6.55482E-3 6.27357E-3 4.40583E-3 3.54377E-3
6.96994E-2 6.4852E-2 5.90866E-2 6.14756E-2 5.90706E-2 5.21287E-2 6.85862E-2 6.55074E-2 7.81939E-2 6.58126E-2 8.02507E-2 8.71218E-2 6.27694E-2 7.05087E-2 7.88817E-2 1.22263E-1 1.05438E-1 1.01772E-1 8.52291E-2 7.37083E-2 5.85392E-2 5.8748E-2 8.67415E-2 2.06686E-1 2.92258E-1 2.25403E-1 2.30896E-1 1.36478E-1 9.16779E-2 7.28817E-2 6.96078E-2 7.99999E-2 8.08478E-2 6.71078E-2 7.00005E-2 5.56854E-2 7.44906E-2 7.4821E-2 5.59281E-2 3.54234E-2 3.77256E-2 4.15532E-2 4.19422E-2 4.71108E-2 5.80706E-2 6.17631E-2 6.28475E-2 1.01183E-1 7.38543E-2 5.87167E-2 5.97071E-2 6.27475E-2 1.82016E-2 1.92252E-2 2.06233E-2 7.87552E-3 5.83971E-3 5.5838E-3 6.16193E-3 3.71052E-3 2.62811E-3
6.87336E-2 7.18997E-2 7.12882E-2 7.05879E-2 6.21164E-2 6.06313E-2 7.14461E-2 6.48485E-2 6.5592E-2 7.36211E-2 7.2817E-2 4.65844E-2 6.41187E-2 8.3039E-2 8.28635E-2 1.15878E-1 8.16766E-2 1.28112E-1 1.13566E-1 6.42448E-2 5.45886E-2 4.96553E-2 4.71943E-2 6.33406E-2 1.15981E-1 2.99961E-1 1.94656E-1 1.06982E-1 7.977E-2 8.36568E-2 6.95187E-2 7.23609E-2 7.57194E-2 7.2392E-2 7.31337E-2 7.25798E-2 7.40109E-2 6.3509E-2 8.10055E-2 4.55494E-2 4.84649E-2 5.33532E-2 5.0316E-2 4.8684E-2 5.33112E-2 6.45741E-2 9.9214E-2 9.25386E-2 3.8515E-2 2.97307E-2 2.97618E-2 3.47091E-2 5.27923E-2 1.74235E-2 2.22535E-2 1.36672E-2 8.00232E-3 7.16686E-3 6.32989E-3 3.31735E-3 2.1211E-3
6.43275E-2 6.66031E-2 6.91844E-2 6.82101E-2 7.23124E-2 7.05514E-2 6.61577E-2 7.54723E-2 7.99943E-2 7.54922E-2 5.45629E-2 4.79636E-2 4.60757E-2 5.4129E-2 5.93686E-2 6.21387E-2 7.42328E-2 1.21826E-1 1.37624E-1 1.23789E-1 4.47228E-2 3.12433E-2 4.17922E-2 4.32652E-2 5.70178E-2 8.65687E-2 1.26653E-1 1.65683E-1 1.59083E-1 1.44711E-1 1.30015E-1 1.09554E-1 9.25846E-2 6.86471E-2 6.09962E-2 6.88346E-2 6.10074E-2 6.21479E-2 7.62737E-2 5.55464E-2 6.18385E-2 4.90885E-2 4.60062E-2 5.5161E-2 6.81516E-2 9.42305E-2 1.20086E-1 5.15629E-2 2.93474E-2 1.90398E-2 2.03556E-2 2.47946E-2 3.21356E-2 2.48018E-2 1.40934E-2 1.01221E-2 8.71702E-3 5.29961E-3 3.12718E-3 3.03248E-3 2.79011E-3
7.49669E-2 7.38955E-2 6.7297E-2 6.32139E-2 6.55611E-2 7.0982E-2 7.28441E-2 7.47353E-2 7.29953E-2 7.46396E-2 7.70354E-2 5.19395E-2 3.52075E-2 3.78704E-2 5.6565E-2 5.56495E-2 7.25148E-2 8.76627E-2 1.26547E-1 1.31184E-1 8.63852E-2 4.44238E-2 3.1841E-2 4.21486E-2 5.74206E-2 5.67853E-2 6.17367E-2 6.70956E-2 6.04633E-2 7.40224E-2 7.61988E-2 7.58854E-2 7.19278E-2 5.98644E-2 5.188E-2 5.29877E-2 4.64704E-2 4.46661E-2 4.8715E-2 7.96226E-2 6.41203E-2 5.04206E-2 7.9786E-2 8.95208E-2 1.0557E-1 1.35274E-1 7.70771E-2 5.07837E-2 3.29722E-2 2.8172E-2 2.14101E-2 2.05778E-2 2.91634E-2 1.91228E-2 1.64182E-2 1.03888E-2 8.32341E-3 2.94918E-3 1.99144E-3 1.29959E-3 1.96299E-3
7.58092E-2 6.14732E-2 6.25368E-2 5.53512E-2 5.45306E-2 6.87336E-2 7.00412E-2 5.75904E-2 7.07155E-2 8.31027E-2 7.16899E-2 4.50095E-2 2.49375E-2 2.96813E-2 5.90762E-2 6.22298E-2 7.60489E-2 1.17458E-1 1.15393E-1 9.6347E-2 1.05875E-1 1.11866E-1 6.8902E-2 4.28933E-2 4.23808E-2 4.8434E-2 4.41254E-2 4.58054E-2 4.58406E-2 6.58746E-2 6.98343E-2 7.26128E-2 7.3164E-2 5.231E-2 5.38345E-2 5.42804E-2 4.41543E-2 4.23995E-2 4.91857E-2 6.2753E-2 4.66397E-2 6.8534E-2 1.21099E-1 1.07382E-1 1.46342E-1 1.046E-1 1.05355E-1 5.49106E-2 5.05266E-2 2.85058E-2 2.55552E-2 2.61172E-2 2.39902E-2 1.87673E-2 1.64752E-2 1.1688E-2 6.14678E-3 3.02086E-3 1.46638E-3 9.60553E-4 6.63767E-4
7.73295E-2 7.4976E-2 6.74182E-2 5.47704E-2 4.69879E-2 6.72056E-2 6.35102E-2 8.02036E-2 3.88698E-2 5.22033E-2 3.48474E-2 3.01637E-2 3.91631E-2 4.13736E-2 6.68384E-2 6.36087E-2 6.34409E-2 8.782E-2 9.629E-2 8.1099E-2 7.78755E-2 7.74744E-2 1.03935E-1 9.76444E-2 6.34733E-2 6.27722E-2 5.24788E-2 5.58248E-2 5.65287E-2 6.46942E-2 7.58211E-2 7.16394E-2 6.66525E-2 7.34358E-2 6.36744E-2 5.89904E-2 6.03549E-2 5.71207E-2 4.54541E-2 3.62568E-2 7.35327E-2 8.56748E-2 1.8582E-1 1.06189E-1 1.1622E-1 9.23637E-2 1.15919E-1 8.78056E-2 6.67417E-2 5.44243E-2 3.53892E-2 2.87982E-2 2.31611E-2 2.04696E-2 1.55537E-2 1.17283E-2 6.04481E-3 2.26003E-3 6.79395E-4 5.52413E-4 5.79045E-4
8.61186E-2 7.34776E-2 7.71237E-2 7.7235E-2 6.2865E-2 5.91571E-2 7.41689E-2 4.13565E-2 4.42164E-2 3.74129E-2 5.11991E-2 7.04735E-2 7.75416E-2 7.98039E-2 7.33993E-2 7.09358E-2 7.39918E-2 1.05523E-1 7.25353E-2 6.778E-2 7.41947E-2 6.44746E-2 7.90795E-2 8.91613E-2 8.97799E-2 8.0244E-2 6.70919E-2 6.62027E-2 5.68925E-2 5.85231E-2 5.5948E-2 5.37285E-2 7.16562E-2 7.96365E-2 7.37227E-2 6.07102E-2 6.35672E-2 8.26485E-2 5.99716E-2 2.96408E-2 1.29689E-1 1.2412E-1 1.49662E-1 1.10246E-1 1.07205E-1 1.27173E-1 1.01722E-1 8.6335E-2 6.56835E-2 4.89205E-2 2.22214E-2 2.51778E-2 1.61507E-2 1.32296E-2 1.49953E-2 1.06436E-2 5.75864E-3 2.18487E-3 7.40523E-4 5.4449E-4 4.75547E-4
9.77615E-2 7.52741E-2 7.40413E-2 7.56292E-2 6.77505E-2 6.667E-2 7.77124E-2 4.57892E-2 7.33461E-2 7.08481E-2 8.60356E-2 7.41485E-2 7.45331E-2 8.85237E-2 8.66668E-2 7.97258E-2 6.67164E-2 6.47234E-2 6.09618E-2 6.04494E-2 6.80318E-2 5.87704E-2 5.82855E-2 7.92655E-2 8.90703E-2 8.47354E-2 5.53455E-2 5.38684E-2 5.07866E-2 6.37835E-2 6.80081E-2 5.06578E-2 6.4367E-2 7.73994E-2 9.38587E-2 6.77374E-2 9.777E-2 1.18666E-1 4.69263E-2 2.70664E-2 7.29632E-2 1.08743E-1 9.77791E-2 1.1688E-1 1.27766E-1 1.08822E-1 1.24076E-1 7.97372E-2 9.50934E-2 4.44531E-2 2.07742E-2 1.76048E-2 9.08873E-3 1.27847E-2 1.24506E-2 8.68015E-3 4.84015E-3 1.69219E-3 1.13665E-3 8.35046E-4 6.34606E-4
1.06755E-1 8.53268E-2 7.79992E-2 7.23063E-2 7.60691E-2 7.07851E-2 7.95024E-2 6.97499E-2 8.88133E-2 8.71523E-2 8.24174E-2 8.78211E-2 5.23314E-2 8.90282E-2 8.76893E-2 8.47153E-2 7.30567E-2 6.74509E-2 6.23759E-2 5.54929E-2 6.25558E-2 6.14515E-2 7.97153E-2 7.92151E-2 8.03763E-2 8.11359E-2 6.60865E-2 4.59167E-2 5.51315E-2 6.86624E-2 6.87294E-2 5.39583E-2 4.05771E-2 6.43535E-2 6.31256E-2 7.69694E-2 9.91759E-2 5.38571E-2 4.64094E-2 4.60164E-2 1.23284E-1 4.42656E-2 6.74919E-2 9.57302E-2 1.02932E-1 8.82618E-2 1.25317E-1 6.50542E-2 1.08607E-1 4.19593E-2 6.57512E-2 6.08267E-2 1.01176E-2 5.35605E-3 7.24795E-3 5.10262E-3 3.02691E-3 1.40605E-3 1.25148E-3 1.14754E-3 1.0619E-3
1.09257E-1 9.40639E-2 8.5919E-2 7.71054E-2 7.60869E-2 5.78896E-2 6.02401E-2 6.83374E-2 9.28001E-2 8.49399E-2 8.22486E-2 7.48653E-2 4.7771E-2 8.34179E-2 9.66654E-2 9.86633E-2 7.78221E-2 6.86784E-2 6.56389E-2 5.50759E-2 5.82361E-2 5.88312E-2 7.5823E-2 7.26414E-2 7.26272E-2 7.64131E-2 6.12334E-2 5.75941E-2 5.81719E-2 5.20346E-2 5.38475E-2 3.8376E-2 5.43911E-2 4.74113E-2 3.72952E-2 8.34871E-2 7.76632E-2 1.02802E-1 9.94586E-2 1.05904E-1 2.5434E-2 2.22167E-2 5.54579E-2 9.04193E-2 1.06814E-1 1.07827E-1 1.0717E-1 6.59696E-2 1.30226E-1 4.1057E-2 1.05206E-1 5.19016E-2 6.59185E-3 3.61425E-3 6.15449E-3 3.82092E-3 2.14257E-3 1.13947E-3 8.94047E-4 1.28103E-3 1.29498E-3
1.00629E-1 9.72774E-2 8.26032E-2 8.34791E-2 8.49528E-2 8.42861E-2 8.21142E-2 8.84339E-2 9.65626E-2 5.45482E-2 8.87502E-2 5.21873E-2 5.32525E-2 1.02442E-1 8.93349E-2 9.86082E-2 8.00094E-2 6.62182E-2 6.55454E-2 5.5076E-2 4.92535E-2 5.88835E-2 7.76061E-2 5.91947E-2 5.74127E-2 6.0958E-2 5.12269E-2 4.92089E-2 3.74034E-2 5.11951E-2 5.35233E-2 5.23577E-2 4.18159E-2 4.74396E-2 6.8149E-2 5.80839E-2 1.09737E-1 5.79545E-2 2.92383E-2 2.63389E-2 1.88435E-2 3.09886E-2 7.82812E-2 9.61713E-2 8.32265E-2 9.93837E-2 1.08095E-1 7.34314E-2 1.40543E-1 5.13303E-2 3.72568E-2 1.3524E-2 4.22307E-3 4.57926E-3 4.28138E-3 3.61629E-3 2.2288E-3 1.16439E-3 1.11311E-3 1.5504E-3 1.95351E-3
1.00358E-1 9.74108E-2 9.07986E-2 8.21529E-2 7.59944E-2 8.75842E-2 1.08315E-1 7.91075E-2 4.45742E-2 4.82974E-2 5.85469E-2 3.97479E-2 9.156E-2 1.06418E-1 9.93989E-2 8.67465E-2 6.90394E-2 5.84777E-2 5.65352E-2 5.26526E-2 6.23055E-2 7.45448E-2 7.12808E-2 6.1377E-2 5.04076E-2 5.07889E-2 4.44203E-2 3.40289E-2 5.00319E-2 4.11586E-2 3.90119E-2 4.79295E-2 2.73234E-2 5.78694E-2 6.94384E-2 3.01813E-2 9.08608E-2 2.75095E-2 2.54432E-2 1.91002E-2 4.6055E-2 2.14017E-1 1.79394E-1 1.08216E-1 8.37423E-2 1.04963E-1 1.19505E-1 1.17118E-1 1.20797E-1 5.48981E-2 4.53773E-2 1.13077E-2 5.09034E-3 7.38517E-3 5.74253E-3 4.08386E-3 3.38618E-3 2.53062E-3 2.39223E-3 2.61034E-3 2.65873E-3
1.12755E-1 1.11484E-1 9.30293E-2 1.00243E-1 1.0885E-1 1.11074E-1 3.99505E-2 3.68071E-2 9.67413E-2 3.66114E-2 3.51446E-2 3.382E-2 9.61519E-2 6.19762E-2 5.24334E-2 4.70591E-2 6.3724E-2 8.864E-2 7.34485E-2 8.48046E-2 8.70667E-2 7.67184E-2 6.07015E-2 6.86751E-2 5.15419E-2 4.29745E-2 5.08848E-2 3.4352E-2 4.67525E-2 4.93945E-2 3.24243E-2 1.90442E-2 3.3751E-2 4.0152E-2 2.34586E-2 9.85403E-3 1.98671E-2 1.24588E-2 1.50412E-2 4.52219E-2 7.23887E-2 2.4599E-1 3.31778E-1 2.61953E-1 1.50636E-1 1.65347E-1 2.45317E-1 1.17617E-1 7.74333E-2 4.29405E-2 4.07749E-2 1.60828E-2 5.08025E-3 8.17897E-3 6.90914E-3 5.77649E-3 4.8587E-3 4.14338E-3 3.36102E-3 3.31574E-3 3.08552E-3
1.27426E-1 1.13227E-1 1.12332E-1 1.04728E-1 1.01472E-1 5.22197E-2 2.69326E-2 6.9072E-2 9.78348E-2 3.24311E-2 4.46327E-2 4.70651E-2 7.12765E-2 3.10815E-2 6.36941E-2 6.80176E-2 6.66186E-2 9.97614E-2 6.37342E-2 5.2549E-2 7.45047E-2 6.46779E-2 6.86038E-2 5.32829E-2 4.03645E-2 4.63439E-2 4.69882E-2 2.75551E-2 2.36675E-2 4.45759E-2 5.19584E-2 3.20799E-2 5.85121E-2 1.62749E-2 2.14734E-2 1.17065E-2 5.55522E-3 1.20974E-2 2.9268E-2 2.35772E-2 4.45557E-2 1.84106E-1 3.18483E-1 3.59268E-1 3.13368E-1 3.17787E-1 1.23171E-1 2.30439E-1 8.87588E-2 6.29027E-2 4.87305E-2 2.22133E-2 1.02551E-2 7.82165E-3 9.4285E-3 7.62111E-3 5.77829E-3 4.46012E-3 3.26047E-3 4.28403E-3 3.57039E-3
1.50416E-1 1.22979E-1 1.41115E-1 1.38638E-1 3.85456E-2 3.76134E-2 2.43882E-2 7.53639E-2 3.8945E-2 2.52522E-2 3.62735E-2 3.38244E-2 4.48084E-2 2.37362E-2 6.85559E-2 3.96116E-2 2.56454E-2 6.99808E-2 5.32365E-2 5.81487E-2 7.74216E-2 9.74049E-2 5.88975E-2 5.42489E-2 7.04764E-2 4.22859E-2 3.35981E-2 2.67712E-2 5.3308E-2 4.76377E-2 4.74299E-2 7.66509E-2 3.41099E-2 4.59183E-2 7.05635E-2 1.0398E-2 9.47685E-3 1.81987E-2 3.32938E-2 3.98573E-2 2.8849E-2 4.63023E-2 2.1196E-1 3.58037E-1 3.45202E-1 4.5496E-1 2.55052E-1 2.34347E-1 9.30857E-2 9.98056E-2 8.01679E-2 4.63181E-2 2.50531E-2 1.45194E-2 1.50143E-2 1.42206E-2 9.80195E-3 8.16071E-3 5.1791E-3 4.55795E-3 4.68087E-3
1.22527E-1 1.38965E-1 1.23279E-1 5.46127E-2 2.54534E-2 2.48656E-2 2.5848E-2 4.55933E-2 3.41377E-2 2.69944E-2 3.92972E-2 3.00072E-2 4.20049E-2 9.74062E-2 5.10851E-2 2.39348E-2 2.1012E-2 4.51408E-2 3.532E-2 4.68927E-2 4.69946E-2 4.98306E-2 5.39365E-2 5.82236E-2 5.25555E-2 3.48817E-2 2.63458E-2 6.37715E-2 5.5096E-2 3.86517E-2 3.36821E-2 8.28618E-2 2.32404E-2 2.45462E-2 7.35583E-3 5.43046E-3 1.5786E-2 1.83746E-2 3.9223E-2 2.57388E-2 4.57289E-2 2.7277E-2 7.23588E-2 2.42169E-1 3.6341E-1 4.55767E-1 2.12057E-1 1.89658E-1 1.46785E-1 1.07749E-1 8.38322E-2 9.43185E-2 6.60642E-2 3.4365E-2 3.21612E-2 2.34873E-2 1.4891E-2 1.12007E-2 9.48566E-3 7.12172E-3 6.30068E-3
1.48412E-1 1.12229E-1 1.14325E-1 4.28028E-2 4.55881E-2 4.20392E-2 4.64021E-2 7.12677E-2 4.27447E-2 4.15256E-2 2.7115E-2 7.4996E-2 3.29569E-2 1.13656E-1 6.39735E-2 6.42435E-2 3.76141E-2 4.11892E-2 6.43892E-2 2.31782E-2 3.0276E-2 6.49584E-2 2.86652E-2 4.31757E-2 3.79981E-2 3.50645E-2 7.57189E-2 7.86719E-2 6.90841E-2 3.54804E-2 3.52653E-2 5.04882E-2 1.60711E-2 8.00248E-2 6.79986E-3 6.26758E-3 8.55261E-3 1.03396E-2 1.74506E-2 1.68793E-2 1.7258E-2 6.20435E-2 4.40699E-2 1.24006E-1 2.67232E-1 4.4357E-1 1.43693E-1 1.58109E-1 2.23038E-1 1.33396E-1 1.06328E-1 1.34969E-1 5.89982E-2 3.13284E-2 1.47116E-2 9.93165E-3 7.57362E-3 1.09777E-2 1.00002E-2 1.08867E-2 8.44994E-3
6.86931E-2 6.51786E-2 5.0555E-2 8.57785E-2 7.4772E-2 7.9573E-2 8.63826E-2 5.28561E-2 3.70571E-2 4.61838E-2 4.68683E-2 9.49173E-2 5.2087E-2 6.36658E-2 1.0532E-1 7.41936E-2 1.18165E-1 2.29046E-2 5.67414E-2 5.45088E-2 2.74542E-2 6.45267E-2 8.11887E-2 6.25516E-2 4.04837E-2 8.13987E-2 5.6818E-2 5.19967E-2 5.4487E-2 7.42652E-2 1.12221E-1 8.37915E-2 1.41289E-2 1.13912E-1 4.27052E-3 5.26201E-3 6.77185E-3 7.03056E-3 7.05417E-3 9.77271E-3 1.85543E-2 8.93486E-2 3.64735E-2 2.68266E-1 6.52289E-2 2.02357E-1 1.91125E-1 1.16717E-1 3.01537E-1 9.2439E-2 9.48089E-2 1.22591E-1 7.68463E-2 4.75286E-2 3.79011E-2 3.79174E-2 3.56232E-2 3.45628E-2 3.11492E-2 2.642E-2 1.60184E-2
