data/maxent/outputs/white_316.asc
ncols         426
nrows         180
xllcorner     -130.0
yllcorner     24.0
cellsize      0.16666666666666666
NODATA_value  -9999
[rows 108 to 134 of 180, columns 61 to 121 of 426]
5.75246E-2 9.56582E-2 6.41256E-2 1.14743E-1 1.78378E-1 3.41144E-1 8.40505E-1 4.59963E-1 4.89748E-1 2.12519E-1 2.93241E-1 2.6304E-1 7.69707E-2 1.28729E-1 1.14134E-1 8.33199E-2 1.32604E-1 1.28457E-1 5.59087E-2 1.42163E-1 1.16096E-1 3.55464E-2 7.67778E-2 3.93662E-2 2.98521E-2 5.6484E-2 5.77098E-2 5.14577E-2 8.57651E-2 8.09539E-2 1.39117E-1 1.10201E-1 5.89631E-2 6.94807E-2 6.75104E-2 6.73555E-2 6.15724E-2 7.81181E-2 7.65459E-2 9.45048E-2 1.63494E-2 5.08914E-3 3.69431E-3 3.77748E-3 4.25246E-3 3.6882E-3 3.02521E-3 5.72622E-3 6.88361E-3 9.86419E-3 3.12723E-3 1.74197E-3 3.43286E-3 3.79673E-3 3.33522E-3 4.63903E-3 3.82873E-3 4.70711E-3 5.20689E-3 9.28556E-3 3.53501E-3
7.97564E-2 6.65219E-2 6.91323E-2 1.09022E-1 1.42729E-1 3.06812E-1 7.48831E-1 5.75852E-1 7.70138E-1 6.49652E-1 5.96754E-1 2.47644E-1 2.08535E-2 4.33577E-2 8.31316E-2 8.23012E-2 8.66595E-2 8.09964E-2 9.11218E-2 4.24121E-2 5.55669E-2 4.91618E-2 9.0772E-2 1.01394E-1 5.31313E-2 3.02218E-2 4.24598E-2 4.52706E-2 8.99798E-2 8.18241E-2 1.96409E-1 1.25694E-1 6.74662E-2 1.18484E-1 5.58587E-2 9.50787E-2 6.20639E-2 5.71604E-2 6.75512E-2 8.38973E-2 1.79055E-2 8.96919E-3 5.93342E-3 3.25781E-3 3.48886E-3 2.63032E-3 2.56529E-3 2.65454E-3 4.22069E-3 7.61819E-3 4.28742E-3 1.59566E-3 3.21523E-3 3.1919E-3 3.1441E-3 2.35978E-3 2.21445E-3 5.56506E-3 4.62733E-3 4.54016E-3 4.23524E-3
2.11069E-1 1.0022E-1 1.0516E-1 1.07352E-1 1.39803E-1 2.70196E-1 7.80633E-1 7.2673E-1 7.40867E-1 6.4474E-1 5.93384E-1 1.27846E-1 7.55966E-2 6.69623E-2 4.7553E-2 6.33742E-2 7.37296E-2 7.69416E-2 8.37032E-2 9.68593E-2 1.17502E-1 5.93986E-2 4.42753E-2 7.48573E-2 4.19086E-2 7.79983E-2 3.82742E-2 1.00758E-1 1.21472E-1 1.08922E-1 1.8388E-1 1.82138E-1 8.07299E-2 1.2867E-1 4.28562E-2 3.04756E-2 8.55486E-2 3.05796E-2 3.25533E-2 1.65031E-2 1.5986E-2 9.78006E-3 7.91649E-3 5.62599E-3 4.34671E-3 4.18401E-3 4.34378E-3 4.27053E-3 6.37382E-3 1.3415E-2 8.36907E-3 3.58552E-3 3.23058E-3 2.66248E-3 2.48E-3 2.74793E-3 3.97955E-3 5.39579E-3 3.78192E-3 2.4155E-3 3.44908E-3
4.46642E-1 1.24938E-1 8.52217E-2 6.81641E-2 1.17569E-1 1.46512E-1 7.29482E-1 7.49474E-1 6.71347E-1 5.93479E-1 3.51919E-1 1.09962E-1 8.23724E-2 8.14605E-2 6.88159E-2 6.72354E-2 7.11261E-2 5.52945E-2 6.96234E-2 7.58838E-2 9.51986E-2 1.03934E-1 4.81721E-2 7.50227E-2 4.42557E-2 6.4772E-2 4.42686E-2 6.19777E-2 1.34538E-1 1.06092E-1 1.25841E-1 1.78992E-1 1.58522E-1 1.34902E-1 1.55796E-1 3.27867E-2 6.96616E-2 3.55094E-2 2.8652E-2 1.1317E-2 1.0103E-2 1.60692E-2 1.72968E-2 1.07201E-2 1.29707E-2 1.08937E-2 9.32113E-3 6.61662E-3 6.75002E-3 8.58154E-3 1.35699E-2 9.69277E-3 4.74736E-3 2.90036E-3 2.07448E-3 2.91265E-3 6.8993E-3 9.27281E-3 6.28315E-3 2.86459E-3 3.41002E-3
6.14514E-1 4.3022E-1 1.53284E-1 6.66657E-2 1.08148E-1 1.22144E-1 4.07429E-1 7.21108E-1 6.44535E-1 6.34025E-1 1.73827E-1 4.51596E-2 5.64667E-2 3.64594E-2 4.46274E-2 5.42608E-2 2.50218E-2 3.65728E-2 7.64041E-2 9.2733E-2 3.9904E-2 1.05828E-1 2.1002E-2 4.19964E-2 7.10165E-2 9.49898E-2 9.71038E-2 1.39858E-1 1.23124E-1 8.81072E-2 1.92527E-1 2.1749E-1 2.4078E-1 9.55783E-2 1.64712E-1 6.33115E-2 9.3738E-2 8.64923E-2 2.77567E-2 1.48192E-2 1.84799E-2 1.0711E-2 2.44061E-2 1.17475E-2 1.9986E-2 2.82047E-2 1.22624E-2 4.15589E-3 6.0224E-3 1.10069E-2 1.11333E-2 1.99399E-2 1.36046E-2 3.47428E-3 1.63631E-3 3.45557E-3 5.49966E-3 7.67269E-3 4.47507E-3 3.45558E-3 3.08487E-3
5.63034E-1 5.27404E-1 3.73925E-1 2.12387E-1 2.37518E-1 2.70437E-1 6.82065E-1 6.35017E-1 5.81867E-1 3.92285E-1 6.84738E-2 2.5392E-2 2.4452E-2 3.15403E-2 2.26981E-2 2.6619E-2 4.01559E-2 5.69298E-2 4.14549E-2 6.60013E-2 3.68678E-2 2.69965E-2 8.19518E-3 2.64984E-2 7.03962E-2 7.20841E-2 1.86115E-1 1.62889E-1 1.10357E-1 8.80931E-2 1.40795E-1 1.6373E-1 2.49103E-1 1.00672E-1 1.69209E-1 2.17431E-1 1.33407E-1 1.19371E-1 8.01941E-2 2.52486E-2 1.83365E-2 2.73682E-2 1.44154E-2 2.49344E-2 2.01678E-2 6.37876E-2 3.96962E-2 2.96877E-2 1.51471E-2 9.69266E-3 1.12861E-2 2.27107E-2 2.07645E-2 8.66851E-3 3.65368E-3 2.69841E-3 2.9869E-3 4.27951E-3 3.08234E-3 5.81967E-3 4.52005E-3
7.98256E-1 6.15233E-1 6.97073E-1 7.64744E-1 7.58071E-1 7.85303E-1 7.52908E-1 7.02622E-1 6.72825E-1 2.52655E-1 6.24078E-2 2.33883E-2 2.1133E-2 2.78009E-2 2.82316E-2 1.90116E-2 3.41952E-2 5.66135E-2 6.2251E-2 3.55695E-2 9.07459E-2 1.01281E-1 8.7591E-2 4.58871E-2 3.48727E-2 1.45873E-1 1.07074E-1 8.40012E-2 8.56073E-2 9.44214E-2 1.65682E-1 1.15196E-1 1.71222E-1 1.59959E-1 1.25661E-1 2.61718E-1 2.18963E-1 1.6888E-1 1.03118E-1 8.06888E-2 3.07683E-2 7.33731E-2 1.79265E-2 1.20662E-2 2.58732E-2 4.15507E-2 1.12352E-1 1.7327E-1 1.46399E-1 2.0468E-2 6.76224E-3 1.39907E-2 1.68301E-2 1.61584E-2 8.67811E-3 6.07132E-3 3.59267E-3 4.14051E-3 3.13898E-3 4.2921E-3 4.26435E-3
8.36222E-1 7.66405E-1 6.88706E-1 6.10784E-1 4.19065E-1 6.82897E-1 7.99791E-1 7.9341E-1 8.10256E-1 2.34412E-1 4.41797E-2 1.72476E-2 2.47383E-2 2.96796E-2 3.07194E-2 4.25064E-2 6.0057E-2 1.13222E-1 2.53557E-1 9.23288E-2 7.42617E-2 9.3025E-2 8.49018E-2 9.07122E-2 1.46142E-1 1.29677E-1 1.07336E-1 6.31052E-2 1.17551E-1 7.53552E-2 1.32074E-1 1.54154E-1 1.60896E-1 1.04276E-1 8.19507E-2 2.44122E-1 2.84606E-1 1.33363E-1 2.09283E-1 1.19208E-1 6.47741E-2 8.2893E-2 3.35332E-2 2.21638E-2 1.96413E-2 6.38762E-2 1.07778E-1 6.80145E-2 1.28649E-1 5.26993E-2 1.29393E-2 5.55101E-3 9.03042E-3 1.57994E-2 1.2053E-2 9.7945E-3 8.93164E-3 5.98327E-3 4.61796E-3 4.03328E-3 3.92032E-3
9.39416E-1 9.10846E-1 8.32216E-1 8.05811E-1 7.73352E-1 8.68046E-1 9.32357E-1 9.39883E-1 8.9556E-1 7.93098E-1 2.0573E-1 7.05721E-2 4.27682E-2 3.55371E-2 3.28359E-2 4.77396E-2 2.79883E-1 1.65241E-1 3.12652E-1 1.86428E-1 1.10912E-1 1.0649E-1 9.53006E-2 4.22771E-2 6.70193E-2 6.0665E-2 5.88701E-2 1.15012E-1 1.04332E-1 8.77722E-2 7.9035E-2 1.58435E-1 1.92788E-1 1.69697E-1 1.08849E-1 7.59068E-2 2.42464E-1 1.94126E-1 2.64652E-1 2.51935E-1 2.2652E-1 1.31238E-1 5.98138E-2 7.89274E-2 5.94059E-2 5.55717E-2 9.9026E-2 6.4261E-2 7.77557E-2 6.17495E-2 1.30009E-2 7.34079E-3 1.09497E-2 1.08283E-2 1.16034E-2 1.35356E-2 6.8428E-3 8.00218E-3 7.3722E-3 8.95194E-3 7.93143E-3
9.75693E-1 9.83797E-1 9.8386E-1 9.7611E-1 9.56368E-1 9.39626E-1 9.61393E-1 9.24545E-1 9.47117E-1 8.80851E-1 7.64702E-1 6.53512E-1 5.57978E-1 4.45151E-1 3.227E-1 2.00846E-1 5.39249E-1 3.89819E-1 2.55913E-1 6.6424E-2 7.96017E-2 1.04048E-1 1.30847E-1 1.35757E-1 4.99907E-2 1.637E-2 2.52482E-2 1.00628E-1 1.05974E-1 1.00682E-1 1.19559E-1 9.80493E-2 1.61306E-1 1.72673E-1 1.45933E-1 1.16138E-1 1.85766E-1 1.94874E-1 3.20986E-1 3.06299E-1 2.73096E-1 1.18266E-1 7.28934E-2 7.7465E-2 1.1243E-1 1.10688E-1 7.42451E-2 1.25885E-1 1.46462E-1 9.20642E-2 4.9908E-2 2.88503E-2 2.01446E-2 1.4686E-2 1.06298E-2 9.00791E-3 1.45832E-2 1.43343E-2 1.15839E-2 1.75823E-2 2.20059E-2
-9999 -9999 9.93045E-1 9.53693E-1 9.19495E-1 9.53766E-1 9.28388E-1 9.63552E-1 9.87272E-1 9.80636E-1 9.29483E-1 9.19446E-1 8.28697E-1 6.50828E-1 8.80635E-1 8.06179E-1 5.14429E-1 2.877E-1 3.17418E-1 6.27123E-1 1.39132E-1 5.29049E-2 4.77354E-2 6.79867E-2 1.08844E-1 4.64505E-2 1.74702E-2 3.81088E-2 4.41716E-2 1.4498E-1 1.52631E-1 1.37615E-1 1.65866E-1 1.98607E-1 1.5909E-1 1.03767E-1 1.26696E-1 1.38109E-1 8.44708E-2 1.31888E-1 1.65025E-1 1.77315E-1 2.03176E-1 9.42505E-2 1.48519E-1 2.26649E-1 1.4417E-1 1.51193E-1 2.82528E-1 1.52929E-1 5.20595E-2 4.9749E-2 6.39923E-2 3.88771E-2 2.34061E-2 2.63386E-2 2.68866E-2 3.3936E-2 2.5977E-2 2.2439E-2 2.08417E-2
9.94347E-1 9.70425E-1 8.9706E-1 9.62454E-1 9.38485E-1 9.78701E-1 9.64575E-1 9.90307E-1 9.97089E-1 9.99416E-1 9.97824E-1 9.96067E-1 9.79675E-1 9.82347E-1 9.81276E-1 9.60635E-1 8.86844E-1 4.34096E-1 3.95623E-1 7.50002E-1 4.9522E-1 2.33147E-1 1.73061E-1 1.2622E-1 5.86939E-2 8.26985E-2 1.0851E-1 6.02336E-2 6.30366E-2 7.5221E-2 1.02013E-1 1.56766E-1 9.02576E-2 8.43591E-2 5.14594E-2 5.06894E-2 8.61921E-2 8.01273E-2 2.08598E-1 1.38679E-1 8.11802E-2 8.57955E-2 1.55289E-1 3.22949E-1 3.9915E-1 4.74892E-1 4.36892E-1 2.22473E-1 3.30737E-1 2.93721E-1 1.4411E-1 1.68392E-1 4.60943E-2 3.74294E-2 4.40843E-2 3.59719E-2 5.02739E-2 5.30072E-2 5.58251E-2 4.28945E-2 2.67664E-2
9.90793E-1 9.85539E-1 -9999 -9999 -9999 -9999 -9999 -9999 9.90169E-1 9.98512E-1 9.98769E-1 9.97813E-1 9.93206E-1 9.86806E-1 9.81834E-1 9.29024E-1 8.33086E-1 8.10552E-1 8.20061E-1 4.07271E-1 2.24688E-1 3.54855E-1 4.00234E-1 1.75371E-1 1.02435E-1 1.1401E-1 8.38314E-2 6.05748E-2 1.6551E-1 1.5263E-1 1.05525E-1 1.7346E-1 8.37996E-2 4.93046E-2 5.3038E-2 3.59509E-2 6.56572E-2 1.48094E-1 6.81913E-2 7.93571E-2 6.18151E-2 1.2397E-1 2.01783E-1 2.71807E-1 4.31559E-1 4.57726E-1 4.21664E-1 4.01516E-1 3.7657E-1 4.56767E-1 2.40525E-1 2.24325E-1 9.40484E-2 9.23389E-2 7.81041E-2 8.8031E-2 7.1634E-2 3.64503E-2 5.88453E-2 6.61852E-2 3.82917E-2
-9999 -9999 -9999 -9999 -9999 -9999 -9999 -9999 9.95791E-1 9.96224E-1 9.93705E-1 9.98853E-1 9.95934E-1 9.76148E-1 9.65933E-1 8.23186E-1 7.34493E-1 7.55154E-1 6.34191E-1 8.34019E-1 2.65489E-1 2.08112E-1 2.2901E-1 1.84704E-1 1.40985E-1 1.4803E-1 6.20946E-2 2.19497E-2 1.499E-1 1.55402E-1 1.20462E-1 1.5827E-1 9.93448E-2 6.56999E-2 1.10659E-1 4.08918E-2 7.96809E-2 6.95044E-2 1.78177E-1 1.94906E-1 1.77749E-1 1.26789E-1 9.81228E-2 1.03827E-1 1.66027E-1 2.31381E-1 2.68463E-1 3.12101E-1 3.26786E-1 5.10614E-1 3.30831E-1 3.7801E-1 3.77702E-1 3.09221E-1 2.45523E-1 2.01915E-1 1.16746E-1 5.70217E-2 4.06662E-2 4.37371E-2 4.34781E-2
-9999 -9999 -9999 -9999 -9999 -9999 -9999 -9999 -9999 -9999 9.84504E-1 9.95817E-1 9.96865E-1 9.86087E-1 9.71038E-1 9.40036E-1 8.53413E-1 7.51667E-1 6.16813E-1 6.3302E-1 6.86492E-1 2.37676E-1 1.37402E-1 2.92509E-1 2.83029E-1 1.55696E-1 1.48719E-1 1.78681E-1 5.12655E-2 4.63725E-2 7.88769E-2 6.40995E-2 1.59639E-1 1.06154E-1 1.38903E-1 1.29512E-1 4.50477E-2 3.85549E-2 3.82809E-2 4.01944E-2 1.3531E-1 1.2125E-1 7.71957E-2 2.71733E-1 8.09744E-2 1.25795E-1 2.21474E-1 2.53165E-1 3.80943E-1 3.44786E-1 6.18819E-1 5.57205E-1 4.31829E-1 3.83199E-1 2.65522E-1 2.40514E-1 2.21659E-1 1.28506E-1 5.66233E-2 2.66152E-2 3.58429E-2
-9999 -9999 -9999 -9999 1.83696E-1 -9999 -9999 9.46625E-1 9.91407E-1 1.85906E-1 -9999 -9999 9.96568E-1 9.9328E-1 9.88712E-1 9.81907E-1 9.65176E-1 8.7509E-1 7.23242E-1 7.20751E-1 7.75934E-1 5.75069E-1 2.61497E-1 2.46833E-1 1.27899E-1 3.03864E-1 2.10962E-1 1.49276E-1 1.11901E-1 9.58329E-2 7.34962E-2 1.04379E-1 1.64138E-1 6.1618E-2 1.65735E-1 1.78534E-1 1.40701E-1 8.51106E-2 1.01277E-1 9.2263E-2 6.38804E-2 6.63136E-2 4.47495E-2 4.93321E-2 5.007E-2 6.38321E-2 1.49717E-1 1.82172E-1 2.07699E-1 2.89659E-1 4.96007E-1 5.13587E-1 4.20133E-1 3.40068E-1 3.04765E-1 1.78894E-1 1.30432E-1 9.77248E-2 7.45309E-2 6.15821E-2 1.73389E-2
-9999 6.71627E-1 5.78667E-1 -9999 -9999 -9999 -9999 -9999 9.33908E-1 9.89678E-1 -9999 -9999 -9999 -9999 9.8984E-1 9.80119E-1 9.80347E-1 9.32886E-1 6.92014E-1 6.7898E-1 8.48289E-1 2.21229E-1 2.98043E-1 2.40445E-1 2.00329E-1 1.10964E-1 7.0354E-2 1.51897E-1 8.9092E-2 8.88654E-2 8.12555E-2 1.65003E-1 1.91785E-1 1.42219E-1 1.53426E-1 2.04547E-1 1.43586E-1 1.01628E-1 8.56621E-2 1.2462E-1 9.64328E-2 8.02331E-2 5.87473E-2 7.52211E-2 5.91613E-2 1.7492E-1 7.24203E-2 7.15128E-2 9.37689E-2 8.60207E-2 1.7554E-1 5.33022E-1 6.00548E-1 4.69592E-1 3.55283E-1 2.92867E-1 1.05111E-1 9.845E-2 9.98726E-2 2.56724E-2 3.42027E-2
-9999 -9999 -9999 -9999 -9999 -9999 -9999 3.87857E-1 -9999 -9999 -9999 -9999 -9999 -9999 9.73639E-1 9.96786E-1 9.9112E-1 9.69714E-1 8.92264E-1 7.67174E-1 8.07199E-1 5.71388E-1 2.80378E-1 1.29819E-1 1.75258E-1 6.68493E-2 3.22948E-2 3.33641E-2 6.77219E-2 1.30785E-1 1.34506E-1 1.1688E-1 1.19138E-1 1.90936E-1 2.12337E-1 1.1832E-1 1.26546E-1 1.17711E-1 7.27693E-2 6.27372E-2 7.6304E-2 7.74695E-2 8.32847E-2 1.13728E-1 9.66822E-2 7.27004E-2 4.64991E-2 3.60427E-2 7.73095E-2 6.57936E-2 8.72961E-2 3.42254E-1 4.90414E-1 5.10056E-1 4.77263E-1 3.94833E-1 2.72381E-1 2.57109E-1 6.38432E-2 7.82479E-2 9.03308E-2
-9999 -9999 -9999 -9999 -9999 -9999 -9999 6.1543E-1 9.5067E-1 -9999 -9999 -9999 -9999 -9999 -9999 9.9691E-1 9.92172E-1 9.91021E-1 9.70573E-1 7.26437E-1 7.99843E-1 5.05356E-1 2.93328E-1 2.22922E-1 1.27793E-1 5.10873E-2 2.56497E-2 1.81725E-2 1.65693E-2 3.51118E-2 1.11685E-1 1.147E-1 7.99503E-2 1.05673E-1 1.95048E-1 1.08886E-1 4.92622E-2 5.37502E-2 3.9892E-2 4.88692E-2 5.18114E-2 3.02386E-2 4.28677E-2 8.28429E-2 1.83844E-1 9.48124E-2 6.60983E-2 3.16537E-2 5.07203E-2 3.61081E-2 7.80158E-2 2.26919E-1 3.80975E-1 4.05438E-1 2.59453E-1 3.74229E-1 2.63032E-1 2.82479E-1 9.48076E-2 2.60751E-2 4.5352E-2
-9999 -9999 -9999 -9999 -9999 -9999 -9999 -9999 5.99182E-1 -9999 -9999 -9999 -9999 -9999 -9999 9.86003E-1 9.96465E-1 9.90983E-1 9.75228E-1 8.57403E-1 7.24969E-1 6.06146E-1 3.253E-1 2.8845E-1 8.95037E-2 2.64969E-2 2.13773E-2 1.58713E-2 1.3565E-2 2.04116E-2 4.40428E-2 4.46348E-2 8.70892E-2 1.57964E-1 7.00812E-2 2.60896E-2 5.73044E-2 3.58367E-2 5.55292E-2 4.25541E-2 2.9086E-2 3.37423E-2 9.41474E-2 1.36301E-1 2.6412E-1 1.08915E-1 2.20645E-1 4.8198E-2 3.62512E-2 3.48129E-2 1.37573E-1 1.58451E-1 3.58071E-1 4.13377E-1 2.85222E-1 2.58685E-1 3.33742E-1 1.38713E-1 1.78273E-1 1.6519E-1 5.43024E-2
-9999 -9999 -9999 -9999 -9999 -9999 -9999 -9999 -9999 -9999 -9999 -9999 -9999 -9999 -9999 -9999 9.65471E-1 9.93556E-1 9.8402E-1 9.25558E-1 6.5982E-1 3.88928E-1 2.57237E-1 2.24808E-1 2.42387E-1 9.50955E-2 4.19674E-2 1.84104E-2 1.20536E-2 1.26597E-2 2.68847E-2 3.3232E-2 5.82584E-2 1.41335E-1 5.43142E-2 5.98635E-2 4.4149E-2 7.59604E-2 5.74997E-2 5.75292E-2 8.24769E-2 6.62824E-2 1.34874E-1 1.85427E-1 2.23775E-1 8.34212E-2 1.06954E-1 7.26714E-2 6.61639E-2 5.79571E-2 8.90441E-2 1.31494E-1 4.32277E-1 2.87194E-1 3.82002E-1 1.86773E-1 2.66196E-1 1.98648E-1 4.04377E-2 8.83656E-2 1.12076E-1
-9999 -9999 -9999 -9999 -9999 -9999 -9999 -9999 -9999 -9999 -9999 -9999 -9999 -9999 -9999 5.2524E-1 9.92606E-1 9.92694E-1 9.72946E-1 9.40763E-1 7.97675E-1 4.69227E-1 2.90338E-1 3.03686E-1 2.14962E-1 2.69971E-1 2.80139E-1 2.45692E-2 1.2615E-2 1.36518E-2 3.22376E-2 2.45245E-2 2.74916E-2 5.89685E-2 6.41424E-2 7.48367E-2 6.34988E-2 6.05886E-2 7.84958E-2 7.89499E-2 1.13656E-1 1.59684E-1 1.16621E-1 1.96097E-1 1.62789E-1 9.81244E-2 1.03045E-1 8.77599E-2 5.82801E-2 1.8932E-1 1.86308E-1 6.92057E-2 2.67485E-1 4.03783E-1 2.96476E-1 2.69254E-1 1.10281E-1 1.96304E-1 1.12909E-1 2.38771E-2 6.75013E-2
-9999 -9999 -9999 -9999 -9999 -9999 -9999 -9999 -9999 -9999 -9999 -9999 -9999 -9999 -9999 -9999 9.22201E-1 9.88351E-1 9.84946E-1 9.47469E-1 8.62012E-1 6.04586E-1 3.76817E-1 4.9083E-1 2.86386E-1 1.52465E-1 2.82792E-1 3.36624E-2 1.32316E-2 1.57394E-2 1.98835E-2 2.28063E-2 2.06612E-2 1.54152E-2 6.6993E-2 6.3322E-2 1.11337E-1 7.43408E-2 6.09578E-2 4.00453E-2 7.24909E-2 1.04053E-1 6.89689E-2 7.66972E-2 3.77551E-2 9.21709E-2 9.07796E-2 8.11415E-2 1.01058E-1 6.78623E-2 1.75793E-1 1.08686E-1 3.49586E-1 3.34244E-1 3.26049E-1 2.88412E-1 1.58027E-1 8.22106E-2 9.6828E-2 2.54703E-2 3.15813E-2
-9999 -9999 -9999 -9999 -9999 -9999 -9999 -9999 -9999 -9999 -9999 -9999 -9999 -9999 -9999 -9999 -9999 9.39848E-1 9.55899E-1 9.64731E-1 8.89892E-1 7.13245E-1 5.09257E-1 3.81242E-1 6.18846E-1 2.19364E-1 2.00866E-1 1.36389E-1 1.99078E-2 1.63222E-2 1.79034E-2 1.33742E-2 1.99318E-2 2.42268E-2 1.42351E-2 3.75724E-2 8.62696E-2 4.60123E-2 4.98487E-2 6.60571E-2 4.60994E-2 1.15859E-1 1.10877E-1 8.42373E-2 2.82385E-2 9.30788E-2 1.58532E-1 2.07639E-1 2.20108E-1 1.21728E-1 1.40981E-1 8.71358E-2 1.50355E-1 1.55658E-1 1.61101E-1 2.48089E-1 1.67157E-1 7.25967E-2 1.28127E-1 2.78482E-2 1.62911E-2
-9999 -9999 -9999 -9999 -9999 -9999 -9999 -9999 -9999 -9999 -9999 -9999 -9999 -9999 -9999 -9999 -9999 7.6092E-1 9.39504E-1 9.81451E-1 9.19174E-1 6.77433E-1 5.6794E-1 4.02601E-1 5.79687E-1 6.29789E-1 2.25471E-1 2.13082E-1 5.6655E-2 2.91261E-2 2.51064E-2 1.83653E-2 1.61074E-2 2.42093E-2 1.58212E-2 1.09737E-2 1.79581E-2 7.47954E-2 7.2147E-2 4.33505E-2 9.10583E-2 8.15395E-2 6.58809E-2 9.05526E-2 7.39274E-2 4.61549E-2 4.49198E-2 9.43432E-2 1.35034E-1 3.12584E-1 9.29243E-2 2.59392E-1 2.10337E-1 1.1424E-1 2.10319E-1 1.36725E-1 1.58507E-1 3.76388E-2 9.82646E-2 1.37897E-1 2.64208E-2
-9999 -9999 -9999 -9999 -9999 -9999 -9999 -9999 -9999 -9999 -9999 -9999 -9999 -9999 -9999 -9999 -9999 -9999 8.84634E-1 8.67542E-1 9.56502E-1 8.09164E-1 5.58256E-1 3.93299E-1 4.15799E-1 4.39611E-1 3.93248E-1 2.43511E-1 1.20816E-1 3.36268E-2 2.48703E-2 2.42909E-2 2.7454E-2 1.84474E-2 1.35328E-2 1.22974E-2 1.84609E-2 9.05018E-2 1.14446E-1 3.64305E-2 4.95891E-2 1.26146E-1 1.02265E-1 6.03374E-2 3.99865E-2 4.72706E-2 4.48064E-2 5.88521E-2 7.66108E-2 2.86985E-1 8.11681E-2 1.33054E-1 9.98704E-2 2.19086E-1 1.79467E-1 6.30472E-2 1.8939E-1 5.10802E-2 9.19191E-2 1.36739E-1 4.61738E-2
-9999 -9999 -9999 -9999 -9999 -9999 -9999 -9999 -9999 -9999 -9999 -9999 -9999 -9999 -9999 -9999 -9999 -9999 9.27404E-1 9.86472E-1 9.47442E-1 8.71862E-1 6.31222E-1 2.85824E-1 2.97302E-1 3.34724E-1 3.35983E-1 3.31157E-1 1.2314E-1 2.89587E-2 2.38423E-2 7.15408E-3 2.74729E-2 2.14814E-2 2.16765E-2 3.46433E-2 2.25422E-2 2.37347E-2 3.78606E-2 2.58655E-2 6.05784E-2 4.50148E-2 1.41648E-1 6.25133E-2 4.27937E-2 6.05814E-2 1.50439E-1 8.3831E-2 5.51903E-2 1.54927E-1 1.0972E-1 1.01222E-1 1.49462E-1 2.0047E-1 1.53681E-1 8.72342E-2 1.48344E-1 8.72443E-2 7.5142E-2 1.43672E-1 3.00899E-2
