data/maxent/outputs/white_91.asc
ncols         426
nrows         180
xllcorner     -130.0
yllcorner     24.0
cellsize      0.16666666666666666
NODATA_value  -9999
[rows 0 to 26 of 180, columns 61 to 121 of 426]
2.88896E-3 2.95502E-3 5.43049E-3 7.37537E-3 8.6462E-3 6.81082E-3 5.89396E-3 5.18739E-3 5.13952E-3 4.84134E-3 5.38555E-3 5.80359E-3 5.62674E-3 6.04284E-3 6.29569E-3 6.02876E-3 7.03042E-3 5.88388E-3 4.24957E-3 3.8353E-3 3.96475E-3 3.98863E-3 4.00142E-3 4.21616E-3 4.21534E-3 3.79495E-3 3.55088E-3 2.86828E-3 2.93989E-3 2.97959E-3 3.15474E-3 3.68639E-3 4.54708E-3 4.52513E-3 4.55624E-3 3.46711E-3 3.13165E-3 2.85089E-3 3.2597E-3 3.43481E-3 3.24896E-3 3.1847E-3 2.7893E-3 2.69361E-3 2.59926E-3 2.40259E-3 2.78483E-3 2.84336E-3 2.77365E-3 2.44476E-3 2.30595E-3 2.30253E-3 2.23167E-3 2.18144E-3 2.15757E-3 1.91471E-3 1.92219E-3 1.70856E-3 1.56767E-3 1.57535E-3 1.65869E-3
3.11242E-3 2.82556E-3 8.64063E-3 4.60614E-3 4.42737E-3 4.77826E-3 4.52711E-3 3.91937E-3 4.34182E-3 4.67985E-3 4.59077E-3 5.02284E-3 5.18262E-3 5.37055E-3 5.18142E-3 5.90573E-3 6.45547E-3 4.52872E-3 4.72483E-3 5.16807E-3 4.93571E-3 3.9286E-3 3.36513E-3 3.13149E-3 2.84737E-3 2.87002E-3 3.87764E-3 3.01589E-3 3.14561E-3 3.78789E-3 4.07859E-3 4.44604E-3 5.29509E-3 4.78214E-3 5.3718E-3 4.75347E-3 3.29174E-3 3.55949E-3 3.30886E-3 3.98509E-3 4.24399E-3 3.93685E-3 4.10267E-3 3.07348E-3 2.9263E-3 2.97418E-3 2.65736E-3 2.98227E-3 3.03712E-3 2.91811E-3 2.58326E-3 2.50522E-3 2.41327E-3 2.19731E-3 2.09284E-3 1.93641E-3 1.81957E-3 1.71379E-3 1.60024E-3 1.43288E-3 1.44082E-3
3.23933E-3 3.9293E-3 3.28197E-3 4.80675E-3 1.75225E-3 2.10844E-3 1.85229E-3 2.16895E-3 2.59277E-3 3.42809E-3 4.196E-3 4.49714E-3 4.5583E-3 3.88208E-3 4.56563E-3 6.24478E-3 6.323E-3 6.39062E-3 5.88102E-3 4.84487E-3 4.1503E-3 4.03663E-3 3.62363E-3 3.77384E-3 3.45139E-3 3.68089E-3 4.06393E-3 3.36203E-3 3.04657E-3 3.57987E-3 4.87963E-3 5.70263E-3 5.25347E-3 4.83695E-3 5.31475E-3 5.49742E-3 5.05803E-3 7.90903E-3 8.61054E-3 6.29864E-3 4.52318E-3 4.21339E-3 3.93072E-3 3.33172E-3 2.89547E-3 2.97739E-3 2.88282E-3 3.18834E-3 3.35005E-3 2.94851E-3 2.76862E-3 2.45411E-3 2.52611E-3 2.45006E-3 2.23549E-3 2.02718E-3 1.92804E-3 1.70159E-3 1.7105E-3 1.56212E-3 1.4831E-3
3.49202E-3 1.9722E-3 1.01843E-3 4.28264E-3 1.75715E-3 1.26792E-3 1.57245E-3 2.41496E-3 4.02977E-3 3.86906E-3 3.44909E-3 4.30704E-3 5.21072E-3 5.99259E-3 4.92015E-3 4.89987E-3 5.64741E-3 6.09925E-3 5.96051E-3 4.97903E-3 4.96874E-3 4.58646E-3 4.15607E-3 4.03009E-3 4.03332E-3 4.04118E-3 4.47143E-3 4.03914E-3 4.08309E-3 3.77064E-3 3.69186E-3 4.94838E-3 6.58688E-3 5.03082E-3 4.71384E-3 4.32924E-3 4.9598E-3 6.11935E-3 6.00872E-3 4.29837E-3 4.76495E-3 4.5061E-3 4.6623E-3 4.76769E-3 3.15878E-3 2.97988E-3 2.98868E-3 3.05423E-3 3.1751E-3 3.02349E-3 2.83195E-3 2.79302E-3 2.68414E-3 2.68619E-3 2.55624E-3 2.39332E-3 2.03866E-3 1.92065E-3 1.76957E-3 1.85008E-3 1.82371E-3
3.79559E-3 4.40426E-3 2.63713E-3 1.68459E-3 1.25955E-3 1.14201E-3 1.71916E-3 2.23123E-3 1.98818E-3 3.61576E-3 4.07218E-3 5.70538E-3 4.85282E-3 3.79589E-3 3.75495E-3 4.32859E-3 4.64365E-3 5.84648E-3 5.70381E-3 4.84634E-3 4.54923E-3 4.2573E-3 4.19581E-3 4.11976E-3 3.94014E-3 4.01128E-3 3.81466E-3 4.03597E-3 3.61095E-3 4.27254E-3 4.46364E-3 4.90675E-3 5.52205E-3 5.88513E-3 5.49747E-3 5.46793E-3 5.34085E-3 5.39995E-3 4.58724E-3 3.71514E-3 3.74702E-3 4.28756E-3 4.67375E-3 4.78416E-3 4.09285E-3 3.66306E-3 3.50357E-3 3.00182E-3 3.23096E-3 3.60928E-3 3.08782E-3 3.19104E-3 2.95757E-3 3.02237E-3 3.00072E-3 2.58115E-3 2.29623E-3 2.22801E-3 2.16553E-3 2.2491E-3 2.23315E-3
2.24298E-2 1.61897E-2 3.82148E-3 6.3578E-3 2.22529E-3 2.87982E-3 1.46628E-3 1.59212E-3 1.72822E-3 2.31581E-3 6.14378E-3 4.69217E-3 3.03012E-3 2.25173E-3 2.62278E-3 3.18764E-3 3.33656E-3 3.25911E-3 3.81768E-3 4.3152E-3 4.0245E-3 3.68636E-3 3.65687E-3 3.88155E-3 4.43453E-3 4.5027E-3 4.77817E-3 4.85322E-3 4.79752E-3 4.31851E-3 4.25403E-3 4.57022E-3 4.82006E-3 4.89033E-3 5.89021E-3 5.61999E-3 5.69769E-3 5.39272E-3 4.84287E-3 4.53745E-3 4.42249E-3 4.28161E-3 4.36736E-3 4.19147E-3 3.68055E-3 3.40202E-3 3.52437E-3 3.13084E-3 3.20998E-3 3.46348E-3 3.29183E-3 3.20281E-3 2.88926E-3 2.84857E-3 3.0767E-3 2.85796E-3 2.54115E-3 2.19282E-3 2.29251E-3 2.31921E-3 2.61016E-3
1.74051E-3 4.95171E-3 3.81228E-2 1.19356E-2 2.92666E-3 5.45612E-3 5.97135E-3 4.06173E-3 4.30134E-3 4.02116E-3 7.71907E-3 3.06581E-3 2.43116E-3 2.02679E-3 1.63746E-3 2.00036E-3 2.29996E-3 2.56997E-3 2.80023E-3 3.07626E-3 3.23117E-3 3.49225E-3 3.68966E-3 4.18134E-3 4.41719E-3 4.37136E-3 5.0172E-3 5.52034E-3 5.46433E-3 3.88345E-3 4.1512E-3 3.71987E-3 3.78795E-3 3.92331E-3 4.72651E-3 4.70673E-3 5.22264E-3 5.92519E-3 5.88332E-3 5.34371E-3 5.28595E-3 5.1802E-3 5.36634E-3 4.45393E-3 3.69358E-3 3.38063E-3 3.52395E-3 3.25082E-3 3.02927E-3 3.60218E-3 3.71517E-3 3.57854E-3 3.36238E-3 3.28065E-3 3.20194E-3 2.94513E-3 3.04302E-3 2.59465E-3 2.32356E-3 2.61966E-3 2.55185E-3
1.11928E-3 1.75291E-3 5.63129E-3 3.52916E-2 1.8999E-2 4.16193E-3 2.50294E-3 5.61017E-3 2.94517E-3 1.76485E-3 3.36585E-3 5.79474E-3 1.72276E-3 1.27488E-3 1.30276E-3 1.17657E-3 1.41492E-3 2.39263E-3 2.70079E-3 2.57696E-3 2.81505E-3 3.45069E-3 3.9241E-3 4.40206E-3 4.23789E-3 4.60415E-3 4.91475E-3 4.99937E-3 5.34077E-3 4.66926E-3 4.19053E-3 3.44393E-3 3.43732E-3 3.39735E-3 4.12671E-3 4.61361E-3 4.6661E-3 5.65101E-3 6.23588E-3 6.1585E-3 6.24406E-3 5.97672E-3 6.43456E-3 6.49259E-3 5.26026E-3 4.47219E-3 4.19376E-3 3.91117E-3 3.84369E-3 3.72319E-3 3.938E-3 4.02069E-3 3.58271E-3 3.39174E-3 3.29755E-3 3.27464E-3 3.20024E-3 2.93044E-3 3.18339E-3 2.86646E-3 3.22347E-3
3.23475E-3 4.28073E-3 5.24195E-3 5.63309E-3 1.31525E-2 1.20101E-2 8.34558E-3 2.82322E-3 2.04606E-3 1.50093E-3 3.86725E-3 2.61805E-3 3.20097E-3 1.68786E-3 8.04912E-4 6.90398E-4 1.1045E-3 2.10337E-3 2.06259E-3 2.18014E-3 2.36917E-3 2.49089E-3 2.61881E-3 3.30826E-3 3.75771E-3 3.82876E-3 4.66584E-3 5.04331E-3 5.19001E-3 4.23964E-3 3.58531E-3 3.52804E-3 3.12839E-3 3.71679E-3 4.47728E-3 4.96981E-3 4.83985E-3 5.46325E-3 5.7973E-3 5.65156E-3 6.07455E-3 6.18574E-3 5.99683E-3 6.63246E-3 5.96463E-3 5.60434E-3 5.22119E-3 5.00779E-3 4.76465E-3 5.21918E-3 5.20394E-3 4.92922E-3 4.28013E-3 3.73336E-3 3.6104E-3 3.49357E-3 3.75256E-3 3.78847E-3 4.29469E-3 4.14878E-3 3.81019E-3
6.59968E-3 2.32643E-3 4.56158E-3 1.56086E-2 1.26939E-2 1.91826E-3 1.75902E-2 1.05598E-2 4.66791E-3 2.19791E-3 1.72616E-3 1.84832E-3 2.36969E-3 2.62055E-3 1.51068E-3 9.00155E-4 1.03359E-3 1.46519E-3 1.10161E-3 1.93277E-3 2.65272E-3 2.98892E-3 3.04044E-3 3.06012E-3 3.5467E-3 3.76014E-3 4.22481E-3 5.00262E-3 5.11929E-3 3.75586E-3 2.83311E-3 3.24773E-3 3.55857E-3 4.08424E-3 4.37799E-3 4.47587E-3 4.8567E-3 5.00711E-3 5.2804E-3 5.661E-3 5.64531E-3 6.68616E-3 6.46197E-3 6.52914E-3 5.60965E-3 6.20512E-3 7.40537E-3 6.86084E-3 6.35426E-3 5.33919E-3 5.21046E-3 4.55685E-3 4.14001E-3 4.08843E-3 3.54402E-3 3.60172E-3 3.47621E-3 3.59663E-3 3.66648E-3 3.83826E-3 3.99755E-3
8.72457E-3 5.92967E-3 3.7235E-3 1.92157E-2 6.72029E-3 2.30001E-3 1.93342E-3 1.43208E-2 1.02337E-2 3.14848E-3 3.46656E-3 1.13461E-3 1.09494E-3 1.55629E-3 1.06904E-3 9.1703E-4 9.98296E-4 7.5381E-4 1.16291E-3 1.95572E-3 3.66027E-3 3.44996E-3 2.7985E-3 2.8277E-3 2.86902E-3 3.33049E-3 3.59063E-3 3.91441E-3 4.17004E-3 3.84613E-3 3.41763E-3 3.45352E-3 3.70123E-3 2.98143E-3 3.64068E-3 4.0687E-3 5.02185E-3 4.91275E-3 5.00505E-3 5.35543E-3 5.76046E-3 5.84408E-3 5.85342E-3 6.03808E-3 5.5824E-3 4.98508E-3 5.20386E-3 6.22049E-3 7.4726E-3 6.40006E-3 4.12135E-3 4.47723E-3 4.821E-3 4.55393E-3 4.21135E-3 3.71615E-3 3.70663E-3 3.75194E-3 3.92908E-3 4.02039E-3 4.05942E-3
1.61366E-2 1.92379E-2 1.89302E-2 2.45449E-2 9.90558E-3 2.47216E-3 5.18078E-3 1.97117E-2 2.30774E-2 1.41582E-2 6.27191E-3 2.83748E-3 2.03536E-3 1.2764E-3 2.03577E-3 1.08252E-3 1.67128E-3 2.05472E-3 1.40325E-3 2.91278E-3 4.89265E-3 2.15607E-3 2.28918E-3 2.79747E-3 2.7657E-3 2.81133E-3 2.83312E-3 3.37678E-3 3.40231E-3 3.59868E-3 3.63617E-3 3.72212E-3 3.6916E-3 3.87893E-3 3.9765E-3 4.46283E-3 4.12913E-3 4.18173E-3 4.46748E-3 4.96591E-3 5.47743E-3 5.38915E-3 5.17494E-3 5.04254E-3 4.65233E-3 4.75261E-3 5.8131E-3 4.24097E-3 3.79192E-3 3.97771E-3 3.84727E-3 3.39183E-3 3.49693E-3 3.59124E-3 3.25599E-3 3.62667E-3 3.81131E-3 3.47603E-3 3.36849E-3 2.99554E-3 3.27006E-3
9.33274E-3 1.91238E-2 1.70947E-2 2.11729E-2 2.39243E-2 5.13862E-3 8.29326E-3 2.511E-2 7.51842E-3 2.91976E-3 7.78512E-3 1.84383E-2 5.27276E-3 1.70298E-3 4.27055E-3 3.37367E-3 1.14979E-3 1.71496E-3 4.39498E-3 1.8761E-3 2.08443E-3 1.07855E-3 1.53507E-3 2.23231E-3 2.76779E-3 2.67781E-3 2.75487E-3 3.09481E-3 3.11718E-3 3.20077E-3 3.15E-3 3.39862E-3 3.82215E-3 4.12998E-3 4.56279E-3 4.53503E-3 4.20014E-3 4.60125E-3 4.72202E-3 5.06787E-3 5.23172E-3 4.6301E-3 3.36836E-3 4.68798E-3 4.75767E-3 4.24205E-3 5.0454E-3 4.54869E-3 4.47507E-3 3.24126E-3 2.81684E-3 2.83811E-3 2.92206E-3 2.44508E-3 2.75002E-3 3.38788E-3 2.67874E-3 2.11218E-3 1.86252E-3 1.51648E-3 1.89502E-3
3.33658E-2 3.5427E-2 3.64543E-2 2.7929E-2 1.97193E-2 3.34032E-3 1.71798E-2 3.02242E-2 6.09283E-3 3.12162E-3 2.35247E-3 1.30846E-3 1.27454E-2 2.77872E-2 1.49307E-2 4.66642E-3 2.26419E-3 1.03266E-3 2.05596E-3 1.57372E-3 1.24893E-3 8.59716E-4 1.35006E-3 1.48632E-3 1.90245E-3 2.53888E-3 2.75861E-3 2.99276E-3 2.86805E-3 3.14388E-3 3.09122E-3 3.35139E-3 3.32741E-3 3.81771E-3 4.54721E-3 4.58234E-3 4.90345E-3 4.85125E-3 5.25043E-3 5.40269E-3 5.02429E-3 4.89355E-3 3.69193E-3 3.64253E-3 5.14815E-3 5.23396E-3 5.09928E-3 4.78741E-3 4.69092E-3 2.70095E-3 2.31726E-3 2.61281E-3 3.0838E-3 2.78317E-3 2.47962E-3 2.79078E-3 2.71456E-3 2.03996E-3 1.70468E-3 1.41135E-3 1.47564E-3
5.12402E-2 4.73575E-2 3.33356E-2 4.6135E-2 1.78476E-2 8.22824E-3 6.10349E-3 3.28685E-2 1.7369E-2 1.16724E-2 6.35391E-3 1.30481E-3 2.73357E-3 5.11996E-3 3.65277E-2 1.78219E-2 5.58382E-3 5.10512E-3 3.27651E-3 1.12944E-3 1.24759E-3 1.6585E-3 1.18347E-3 1.66664E-3 1.7517E-3 2.0832E-3 3.03332E-3 3.07528E-3 2.81902E-3 2.7182E-3 2.91079E-3 3.34309E-3 2.93922E-3 3.45962E-3 5.01945E-3 5.13573E-3 4.99093E-3 5.20449E-3 5.44092E-3 5.54969E-3 5.36538E-3 4.59201E-3 3.58792E-3 3.49462E-3 5.20459E-3 6.21451E-3 6.34239E-3 4.51782E-3 3.86866E-3 2.84824E-3 1.69839E-3 2.09769E-3 2.52943E-3 2.90079E-3 2.38265E-3 2.35463E-3 2.31105E-3 2.16949E-3 1.97982E-3 1.95035E-3 1.77428E-3
2.48019E-2 2.87123E-2 9.49132E-2 2.82549E-2 2.24554E-2 3.58304E-2 1.646E-2 8.34473E-3 4.17512E-2 7.92596E-3 5.38671E-3 1.87889E-3 2.30703E-3 4.11668E-3 1.16221E-2 5.04037E-3 3.98222E-2 9.23927E-3 2.21681E-3 5.69566E-3 2.52329E-3 2.48009E-3 3.05452E-3 1.03839E-3 1.57909E-3 1.59251E-3 1.65373E-3 2.40883E-3 2.83789E-3 2.7688E-3 2.96105E-3 3.13197E-3 2.90675E-3 3.04035E-3 3.8503E-3 5.09167E-3 4.99264E-3 4.72147E-3 4.66464E-3 5.44591E-3 5.23925E-3 4.39566E-3 4.68987E-3 4.76396E-3 4.17065E-3 4.93436E-3 5.28524E-3 5.31977E-3 3.82911E-3 3.1303E-3 2.12322E-3 2.4548E-3 2.65977E-3 2.69057E-3 2.22351E-3 1.91841E-3 2.07406E-3 2.10422E-3 2.07133E-3 2.52042E-3 2.40627E-3
4.9957E-2 8.56339E-2 5.23327E-2 2.09064E-2 4.68568E-2 1.13879E-1 1.22026E-2 3.73434E-3 5.9039E-3 3.75614E-2 7.18686E-3 2.75307E-3 7.39193E-3 3.28235E-3 3.29381E-3 2.28886E-3 4.38101E-3 3.5342E-2 1.00592E-2 9.51847E-3 2.55126E-3 1.87435E-3 3.06062E-3 3.74819E-3 2.67868E-3 3.11025E-3 3.04703E-3 2.44157E-3 3.55542E-3 4.01301E-3 4.46091E-3 4.80189E-3 3.81201E-3 3.26191E-3 3.76223E-3 3.90011E-3 5.15106E-3 5.14487E-3 4.70235E-3 4.87241E-3 4.84399E-3 4.88643E-3 5.0278E-3 5.98087E-3 7.34129E-3 7.07454E-3 5.5689E-3 4.60038E-3 2.81856E-3 2.31201E-3 1.97525E-3 2.27689E-3 2.5644E-3 2.97114E-3 1.95715E-3 1.79366E-3 1.78681E-3 1.73964E-3 2.41476E-3 3.12113E-3 3.80842E-3
9.76762E-2 4.50269E-2 4.09153E-2 2.26469E-2 5.92344E-2 1.2235E-1 2.46037E-2 2.30445E-2 7.46557E-3 4.69533E-2 1.04895E-2 1.48113E-2 3.46738E-3 5.26333E-3 1.41201E-3 3.01565E-3 3.06013E-3 7.41596E-3 3.27732E-2 2.48704E-2 1.04971E-2 4.92984E-3 4.0881E-3 3.0532E-3 2.70679E-3 3.25854E-3 4.35345E-3 3.71252E-3 5.69729E-3 5.91308E-3 4.89407E-3 5.07737E-3 4.80034E-3 4.92303E-3 6.14024E-3 5.09287E-3 4.0883E-3 4.60651E-3 4.80262E-3 5.05589E-3 4.97075E-3 4.77737E-3 4.40093E-3 5.79238E-3 6.31449E-3 6.98516E-3 5.85908E-3 4.35231E-3 2.70451E-3 2.60865E-3 2.03143E-3 1.96691E-3 1.80912E-3 1.72677E-3 1.87887E-3 1.79062E-3 2.05146E-3 2.5421E-3 2.76134E-3 3.54709E-3 5.37411E-3
8.29102E-2 1.87071E-1 2.98086E-1 2.38273E-1 2.25646E-1 8.77749E-2 5.81919E-2 3.06207E-2 2.52311E-2 2.27615E-2 3.97091E-2 1.2776E-2 5.31263E-3 2.09155E-2 2.47358E-3 4.25777E-3 2.07665E-3 3.99067E-3 3.02147E-3 2.28844E-2 3.60375E-2 1.28566E-2 1.09564E-2 6.90564E-3 2.77777E-3 1.4923E-3 2.57105E-3 2.00512E-3 3.54341E-3 2.98412E-3 4.30939E-3 4.78239E-3 5.34382E-3 4.57839E-3 5.65804E-3 5.93023E-3 4.47275E-3 4.43752E-3 5.3647E-3 5.88742E-3 5.92971E-3 6.1373E-3 7.90137E-3 7.62886E-3 8.2847E-3 8.12682E-3 6.54239E-3 6.63988E-3 6.08886E-3 4.6066E-3 3.75461E-3 4.63184E-3 5.10405E-3 4.03213E-3 3.13141E-3 3.54697E-3 4.22849E-3 4.24414E-3 4.8023E-3 6.78063E-3 6.67194E-3
1.45696E-1 8.81598E-2 1.04163E-1 3.15992E-1 2.23781E-1 2.687E-2 4.08745E-2 7.00007E-2 1.163E-2 6.36531E-3 3.50796E-2 5.13433E-2 4.75067E-2 1.14512E-2 6.15708E-3 7.39573E-3 8.97648E-3 2.45166E-3 2.21565E-3 2.16741E-3 1.1008E-2 3.29029E-2 1.84906E-2 1.14006E-2 5.94498E-3 3.13953E-3 1.63153E-3 1.60639E-3 2.27418E-3 2.65064E-3 4.18069E-3 6.08611E-3 6.30933E-3 6.32228E-3 6.63973E-3 7.72363E-3 7.06403E-3 6.8452E-3 8.07541E-3 8.27047E-3 9.81464E-3 1.05476E-2 1.00512E-2 1.14589E-2 1.16737E-2 1.13314E-2 1.07772E-2 1.04742E-2 9.77912E-3 8.78132E-3 7.51496E-3 6.92344E-3 5.36269E-3 3.94694E-3 4.44126E-3 4.12501E-3 3.93736E-3 4.9256E-3 6.73881E-3 6.61195E-3 6.82739E-3
6.463E-2 5.75019E-2 9.2575E-2 1.79025E-1 2.63308E-1 1.054E-1 2.20499E-1 2.27382E-2 3.3867E-2 9.65771E-3 8.47986E-3 1.72401E-1 1.66117E-2 1.52959E-2 2.39955E-2 8.90526E-3 1.23101E-2 8.26613E-3 5.64868E-3 2.2435E-3 5.26403E-3 2.1863E-2 3.89642E-2 1.41291E-2 1.14325E-2 6.25707E-3 2.96341E-3 1.70066E-3 2.21976E-3 1.96893E-3 3.64469E-3 6.79342E-3 8.22203E-3 9.12514E-3 1.03794E-2 1.0452E-2 8.51769E-3 7.18386E-3 7.59397E-3 7.80341E-3 1.05606E-2 1.41883E-2 1.17707E-2 1.20064E-2 1.46514E-2 1.36385E-2 1.24308E-2 1.27906E-2 1.23125E-2 8.89341E-3 6.18205E-3 6.32395E-3 5.87673E-3 5.64192E-3 5.93344E-3 5.77655E-3 5.1979E-3 5.99311E-3 6.0487E-3 6.94188E-3 6.76969E-3
6.8034E-2 6.84107E-2 1.36539E-1 2.81211E-1 7.17976E-2 1.20772E-1 1.74225E-1 4.3725E-2 4.06779E-2 1.29922E-2 2.8788E-2 2.24069E-1 1.77723E-2 8.98132E-3 6.30816E-3 1.60812E-2 2.67844E-2 5.92255E-2 3.12516E-3 2.38639E-3 2.93175E-3 6.59993E-3 2.06788E-2 3.56358E-2 1.2455E-2 1.60699E-2 4.23544E-3 2.40979E-3 1.67649E-3 2.91469E-3 4.06282E-3 6.66297E-3 1.0797E-2 1.19001E-2 1.28857E-2 1.46492E-2 1.34307E-2 1.12618E-2 9.8187E-3 1.00543E-2 1.24987E-2 1.53151E-2 1.4051E-2 1.49415E-2 1.53075E-2 1.56932E-2 1.47762E-2 1.63849E-2 1.33295E-2 1.1652E-2 9.66766E-3 8.40973E-3 7.60132E-3 7.39758E-3 6.87025E-3 7.79654E-3 7.59052E-3 7.50159E-3 7.64551E-3 7.52498E-3 7.57008E-3
2.74087E-2 5.58344E-2 2.87216E-1 2.69066E-1 1.53772E-1 1.98219E-1 1.21573E-1 1.28905E-1 4.41852E-2 1.13324E-2 4.7618E-2 1.43669E-1 1.03527E-1 2.14025E-2 1.20472E-2 4.78421E-3 1.70038E-2 9.19405E-2 4.96015E-3 2.7548E-3 4.08669E-3 4.37935E-3 1.48513E-2 3.39266E-2 2.38081E-2 1.26871E-2 7.90071E-3 6.24842E-3 2.96136E-3 5.08783E-3 2.8892E-3 4.66619E-3 7.76289E-3 1.11541E-2 1.02874E-2 1.14766E-2 1.63132E-2 1.60145E-2 1.44512E-2 1.36879E-2 1.3768E-2 1.66734E-2 1.99042E-2 2.04623E-2 1.97703E-2 1.89959E-2 1.91254E-2 1.7829E-2 1.62645E-2 1.41493E-2 1.32298E-2 1.07179E-2 9.90935E-3 9.10716E-3 9.23526E-3 1.00333E-2 8.52695E-3 8.04607E-3 8.33261E-3 7.83868E-3 7.29182E-3
2.92867E-2 7.89977E-2 2.9998E-1 5.60755E-2 4.28897E-2 2.79247E-2 2.08642E-2 3.55325E-2 2.65601E-2 2.15233E-2 6.42466E-2 9.38875E-2 4.33947E-2 1.96616E-2 7.74609E-2 1.29472E-2 1.2333E-2 8.42749E-2 1.18951E-2 6.19154E-3 4.11421E-3 4.98383E-3 1.23252E-2 2.60498E-2 3.94892E-2 1.82501E-2 9.39264E-3 4.42743E-3 4.0882E-3 7.56946E-3 3.69837E-3 4.68944E-3 6.63749E-3 1.09138E-2 1.07457E-2 1.22799E-2 1.93921E-2 2.03397E-2 2.01429E-2 1.82935E-2 1.8686E-2 1.84395E-2 2.38977E-2 2.69276E-2 2.58177E-2 2.60708E-2 2.46542E-2 2.11365E-2 2.07236E-2 1.81064E-2 1.5208E-2 1.67247E-2 1.68318E-2 1.47949E-2 1.55124E-2 1.53872E-2 1.21801E-2 1.22153E-2 1.26809E-2 1.15286E-2 1.06552E-2
4.51854E-2 1.34233E-1 2.87994E-1 9.39628E-2 6.3837E-2 1.84606E-2 2.51083E-2 2.39133E-2 1.25689E-2 6.79551E-2 2.25108E-1 5.73858E-2 1.38455E-2 7.31015E-3 9.13316E-2 1.64975E-2 1.19482E-2 1.27116E-1 1.29614E-2 5.11273E-3 4.5728E-3 5.07924E-3 7.18581E-3 2.72016E-2 5.2947E-2 1.56273E-2 6.55507E-3 5.74438E-3 6.79581E-3 1.27261E-2 5.15427E-3 6.32606E-3 1.11636E-2 1.30815E-2 1.20318E-2 1.30314E-2 2.28877E-2 2.54073E-2 2.4867E-2 2.52288E-2 2.41631E-2 2.37561E-2 3.02315E-2 3.34281E-2 3.28955E-2 3.39451E-2 3.50829E-2 2.80028E-2 2.72111E-2 2.41509E-2 2.34741E-2 1.93199E-2 1.81686E-2 1.80636E-2 1.90627E-2 1.87939E-2 1.64005E-2 1.64183E-2 1.60324E-2 1.51618E-2 1.4015E-2
1.80664E-1 1.57693E-1 6.36698E-2 4.51068E-2 4.75988E-2 2.64588E-2 7.20206E-2 1.95536E-2 2.08888E-2 6.705E-2 1.47301E-1 1.41965E-2 9.99748E-3 4.19126E-2 7.32953E-2 1.15149E-2 8.25586E-3 1.45634E-1 3.52672E-2 1.1398E-2 1.92262E-2 7.45388E-3 1.3336E-2 4.33049E-2 6.28684E-2 2.74098E-2 9.26701E-3 1.96295E-2 1.17094E-2 1.97794E-2 1.18223E-2 7.38491E-3 1.03723E-2 1.82723E-2 1.71255E-2 1.42381E-2 1.97973E-2 3.73843E-2 3.55421E-2 3.63924E-2 3.6574E-2 3.96458E-2 3.91751E-2 3.85623E-2 3.92904E-2 4.26354E-2 4.24532E-2 3.39386E-2 3.10531E-2 2.76152E-2 2.32346E-2 1.91983E-2 1.86302E-2 1.88421E-2 1.54211E-2 1.16061E-2 1.01964E-2 9.85769E-3 1.0917E-2 1.12183E-2 1.2369E-2
1.19395E-1 2.18869E-1 2.95591E-2 4.89923E-2 6.93913E-2 6.60765E-2 5.80859E-2 2.42897E-2 5.27207E-2 6.79857E-2 1.2518E-1 1.71323E-2 5.60025E-2 1.0678E-1 4.37748E-2 6.47492E-2 6.18908E-2 9.96283E-2 1.04069E-1 1.02291E-2 1.30038E-2 2.114E-2 3.08984E-2 6.22915E-2 7.8811E-2 7.2215E-2 2.07976E-2 3.24276E-2 1.67064E-2 2.18106E-2 2.04468E-2 1.21746E-2 1.91536E-2 3.21479E-2 3.04396E-2 2.74487E-2 3.66964E-2 3.37375E-2 3.55205E-2 4.14439E-2 3.39516E-2 4.16298E-2 3.94114E-2 3.49577E-2 3.5502E-2 3.68409E-2 3.7453E-2 3.51989E-2 3.28765E-2 3.12768E-2 2.73894E-2 2.33909E-2 1.94477E-2 1.58828E-2 1.04546E-2 6.99326E-3 6.57776E-3 6.26395E-3 7.0262E-3 8.4269E-3 9.44076E-3
