data/maxent/outputs/white_315.asc
ncols         426
nrows         180
xllcorner     -130.0
yllcorner     24.0
cellsize      0.16666666666666666
NODATA_value  -9999
[rows 81 to 107 of 180, columns 244 to 304 of 426]
8.65515E-2 9.8525E-2 1.10269E-1 1.05989E-1 9.68256E-2 9.5258E-2 9.78346E-2 9.914E-2 9.80876E-2 9.64808E-2 9.91145E-2 9.34996E-2 1.0718E-1 1.13251E-1 1.22619E-1 1.26948E-1 1.34807E-1 1.38721E-1 1.42139E-1 1.48542E-1 1.38242E-1 1.32554E-1 1.34438E-1 1.41114E-1 1.27057E-1 1.31176E-1 1.33345E-1 1.3627E-1 1.29225E-1 1.27814E-1 1.31222E-1 1.30037E-1 1.39875E-1 1.68263E-1 1.46534E-1 1.31694E-1 1.20764E-1 1.23433E-1 1.19652E-1 1.43144E-1 1.33835E-1 1.3186E-1 1.36849E-1 1.6021E-1 1.31089E-1 1.29352E-1 1.47705E-1 1.47467E-1 1.62056E-1 1.38999E-1 1.23951E-1 1.28272E-1 1.52391E-1 1.32435E-1 1.29395E-1 1.6977E-1 1.94802E-1 1.49507E-1 1.22441E-1 1.23909E-1 1.60657E-1
9.07521E-2 1.01269E-1 1.08136E-1 1.14181E-1 1.01339E-1 1.11027E-1 1.08389E-1 9.67846E-2 9.60421E-2 1.11761E-1 1.08695E-1 1.13453E-1 1.10404E-1 1.03757E-1 1.06004E-1 1.13376E-1 1.25468E-1 1.2957E-1 1.33823E-1 1.43637E-1 1.34392E-1 1.35809E-1 1.45009E-1 1.48702E-1 1.29135E-1 1.19968E-1 1.22421E-1 1.20071E-1 1.24313E-1 1.31967E-1 1.44603E-1 1.37731E-1 1.49152E-1 1.42689E-1 1.49308E-1 1.42254E-1 1.33283E-1 1.41616E-1 1.54539E-1 1.29896E-1 1.26506E-1 1.29761E-1 1.52982E-1 1.44053E-1 1.49244E-1 1.29741E-1 1.41725E-1 1.594E-1 1.57963E-1 1.39756E-1 1.2678E-1 1.32807E-1 1.46938E-1 1.27615E-1 1.2345E-1 1.30227E-1 1.45612E-1 1.19601E-1 1.19337E-1 1.49588E-1 2.01717E-1
9.38962E-2 1.04222E-1 1.19467E-1 1.14867E-1 1.1526E-1 1.16966E-1 1.29906E-1 1.09027E-1 1.09514E-1 1.25762E-1 1.27061E-1 1.21596E-1 1.19651E-1 1.14153E-1 1.12345E-1 1.14728E-1 1.3148E-1 1.36248E-1 1.38831E-1 1.53383E-1 1.40642E-1 1.46665E-1 1.52606E-1 1.46267E-1 1.44768E-1 1.35353E-1 1.29322E-1 1.27446E-1 1.22833E-1 1.31788E-1 1.41194E-1 1.45797E-1 1.69143E-1 1.54838E-1 1.49509E-1 1.13806E-1 1.34293E-1 1.64793E-1 1.67407E-1 1.46779E-1 1.49636E-1 1.50471E-1 1.51635E-1 1.37776E-1 1.33245E-1 1.42074E-1 1.42225E-1 1.28932E-1 1.45717E-1 1.37436E-1 1.21682E-1 1.54436E-1 1.4174E-1 1.39087E-1 1.24107E-1 1.17262E-1 1.28825E-1 1.31048E-1 1.23303E-1 2.09039E-1 3.05834E-1
1.00429E-1 1.09004E-1 1.28822E-1 1.22109E-1 1.17069E-1 1.21082E-1 1.22934E-1 1.22478E-1 1.12706E-1 1.11821E-1 1.15323E-1 1.35332E-1 1.43621E-1 1.4207E-1 1.27007E-1 1.25744E-1 1.35697E-1 1.49472E-1 1.79654E-1 1.84079E-1 1.6042E-1 1.46859E-1 1.41662E-1 1.54148E-1 1.37697E-1 1.41483E-1 1.49895E-1 1.51898E-1 1.28715E-1 1.42138E-1 1.87135E-1 1.81284E-1 1.71358E-1 1.63571E-1 1.48252E-1 1.43101E-1 1.41378E-1 1.52071E-1 1.4572E-1 1.38647E-1 1.32952E-1 1.44653E-1 1.37816E-1 1.31261E-1 1.18696E-1 1.25602E-1 1.20414E-1 1.49264E-1 1.45977E-1 1.30668E-1 1.4882E-1 1.5019E-1 1.40947E-1 1.43875E-1 1.26624E-1 1.18012E-1 1.17138E-1 1.26282E-1 2.18539E-1 2.34303E-1 1.95769E-1
1.16448E-1 1.16702E-1 1.2975E-1 1.20624E-1 1.23765E-1 1.29331E-1 1.27207E-1 1.30349E-1 1.1709E-1 1.13256E-1 1.24889E-1 1.33297E-1 1.51347E-1 1.57235E-1 1.45705E-1 1.40728E-1 1.4231E-1 1.56297E-1 1.76939E-1 1.80517E-1 1.49647E-1 1.51441E-1 1.51548E-1 1.38488E-1 1.46841E-1 1.51038E-1 1.59741E-1 1.54589E-1 1.52564E-1 1.65312E-1 2.08367E-1 2.01842E-1 1.82004E-1 1.58656E-1 1.45989E-1 1.38466E-1 1.41683E-1 1.32565E-1 1.25201E-1 1.4467E-1 1.40287E-1 1.3217E-1 1.41375E-1 1.36486E-1 1.29508E-1 1.1918E-1 1.18625E-1 1.30629E-1 1.41389E-1 1.38572E-1 1.65244E-1 1.55417E-1 1.52185E-1 1.56175E-1 1.36879E-1 1.32931E-1 1.26338E-1 1.98373E-1 1.66959E-1 2.00092E-1 2.76831E-1
1.33721E-1 1.25631E-1 1.24876E-1 1.41828E-1 1.48027E-1 1.36053E-1 1.28036E-1 1.46583E-1 1.32123E-1 1.40091E-1 1.38421E-1 1.52634E-1 1.44971E-1 1.56617E-1 1.601E-1 1.51887E-1 1.39952E-1 1.77146E-1 1.77802E-1 1.61109E-1 1.43879E-1 1.47424E-1 1.48284E-1 1.51942E-1 1.82615E-1 1.78992E-1 1.63712E-1 1.81366E-1 1.8764E-1 1.98973E-1 2.08541E-1 2.07757E-1 2.03522E-1 1.79908E-1 1.68031E-1 1.54188E-1 1.40487E-1 1.21564E-1 1.25671E-1 1.4038E-1 1.73884E-1 1.51803E-1 1.56728E-1 1.41406E-1 1.28407E-1 1.2461E-1 1.21083E-1 1.30484E-1 1.43206E-1 1.45E-1 1.64469E-1 1.59448E-1 1.67675E-1 1.64552E-1 1.51997E-1 1.35108E-1 1.72667E-1 2.07538E-1 1.99756E-1 2.33391E-1 2.36496E-1
1.48088E-1 1.40575E-1 1.40478E-1 1.60385E-1 1.45063E-1 1.50862E-1 1.57208E-1 1.67844E-1 1.53748E-1 1.68091E-1 1.55271E-1 1.51461E-1 1.52342E-1 1.51852E-1 1.83054E-1 1.77041E-1 1.78874E-1 2.03436E-1 2.05765E-1 1.87816E-1 1.57595E-1 1.47578E-1 1.52706E-1 1.7554E-1 2.11575E-1 2.21822E-1 2.03227E-1 1.9197E-1 1.97839E-1 1.98473E-1 2.01738E-1 2.3159E-1 2.20205E-1 1.78976E-1 1.78094E-1 1.68537E-1 1.54538E-1 1.45214E-1 1.38405E-1 1.65036E-1 1.69786E-1 1.46845E-1 1.52713E-1 1.45461E-1 1.3544E-1 1.26785E-1 1.33453E-1 1.47762E-1 1.84794E-1 1.87483E-1 1.65662E-1 1.61998E-1 1.77501E-1 1.68919E-1 1.37663E-1 1.52213E-1 1.88394E-1 2.23965E-1 2.52581E-1 1.96348E-1 2.32005E-1
1.45727E-1 1.5703E-1 1.55096E-1 1.60731E-1 1.58083E-1 1.58592E-1 1.65246E-1 1.67871E-1 1.66371E-1 1.58271E-1 1.55569E-1 1.46999E-1 1.50521E-1 1.45105E-1 1.62802E-1 1.85342E-1 1.97692E-1 2.54168E-1 2.53896E-1 2.603E-1 1.77326E-1 1.6548E-1 1.75397E-1 2.00648E-1 2.21342E-1 2.37962E-1 2.26379E-1 2.12219E-1 2.44423E-1 2.34001E-1 2.23901E-1 2.31634E-1 2.17589E-1 2.15946E-1 2.06382E-1 1.91097E-1 1.97189E-1 1.7112E-1 1.39157E-1 1.47074E-1 1.42847E-1 1.31049E-1 1.29565E-1 1.32542E-1 1.37254E-1 1.41412E-1 1.6305E-1 1.86012E-1 2.29808E-1 1.99393E-1 1.88129E-1 1.80192E-1 1.82533E-1 1.56372E-1 1.50541E-1 1.66494E-1 1.95042E-1 2.71526E-1 2.60835E-1 2.38471E-1 2.62121E-1
1.47069E-1 1.53184E-1 1.65549E-1 1.59437E-1 1.6932E-1 1.66321E-1 1.72056E-1 1.7717E-1 1.68594E-1 1.69957E-1 1.78424E-1 1.56444E-1 1.8736E-1 1.49315E-1 1.66018E-1 2.06537E-1 2.19164E-1 3.0585E-1 2.73986E-1 2.49871E-1 1.90677E-1 2.03312E-1 2.15061E-1 2.39519E-1 2.47038E-1 2.4674E-1 2.38157E-1 2.41939E-1 2.66754E-1 2.50268E-1 2.34455E-1 2.35411E-1 2.21432E-1 2.13831E-1 2.04837E-1 1.88534E-1 1.98081E-1 1.46181E-1 1.33786E-1 1.44808E-1 1.26828E-1 1.25874E-1 1.23699E-1 1.40211E-1 1.42274E-1 1.87114E-1 2.1198E-1 1.96917E-1 2.2168E-1 2.09532E-1 1.97463E-1 1.71022E-1 1.91253E-1 1.64949E-1 1.84011E-1 2.02863E-1 2.13686E-1 2.58721E-1 3.093E-1 3.09219E-1 2.37009E-1
1.51211E-1 1.53337E-1 1.59411E-1 1.51776E-1 1.71095E-1 1.72571E-1 1.82845E-1 1.7245E-1 1.72505E-1 1.9205E-1 1.78026E-1 1.46758E-1 1.67203E-1 1.43923E-1 1.78897E-1 2.3382E-1 2.11271E-1 2.32916E-1 2.70937E-1 2.27394E-1 1.85016E-1 2.12551E-1 2.35931E-1 2.54118E-1 2.61929E-1 2.64519E-1 2.65287E-1 2.45602E-1 2.28616E-1 2.27348E-1 2.38119E-1 2.29319E-1 2.10872E-1 1.98113E-1 1.79182E-1 1.63943E-1 1.83207E-1 1.50373E-1 1.49771E-1 1.28654E-1 1.25438E-1 1.23895E-1 1.27571E-1 1.45567E-1 1.63242E-1 1.85823E-1 2.18135E-1 2.12143E-1 2.09486E-1 2.0301E-1 1.79205E-1 1.68958E-1 1.78178E-1 2.15161E-1 1.96506E-1 2.6195E-1 2.43066E-1 3.48577E-1 3.35212E-1 3.46491E-1 2.05654E-1
2.11039E-1 1.57742E-1 1.6564E-1 1.74163E-1 1.72669E-1 1.77496E-1 1.86856E-1 2.08889E-1 1.98556E-1 1.98891E-1 1.74438E-1 1.70344E-1 1.56824E-1 1.54594E-1 1.88513E-1 2.36751E-1 2.39296E-1 2.06876E-1 2.42962E-1 2.76022E-1 2.38779E-1 2.14582E-1 2.39033E-1 2.73282E-1 2.92236E-1 2.84886E-1 2.65238E-1 2.52095E-1 2.41985E-1 2.20376E-1 2.14368E-1 2.14408E-1 1.95763E-1 1.83392E-1 1.76809E-1 1.86974E-1 2.11216E-1 1.7668E-1 1.4575E-1 1.35397E-1 1.50555E-1 1.28533E-1 1.45369E-1 1.6308E-1 1.63417E-1 1.91756E-1 1.94272E-1 2.1293E-1 2.13177E-1 2.14876E-1 2.00183E-1 1.95219E-1 1.58303E-1 2.248E-1 2.92737E-1 3.75971E-1 3.37515E-1 4.29268E-1 4.40902E-1 2.9178E-1 1.94235E-1
1.74334E-1 1.66823E-1 1.7138E-1 1.79207E-1 1.85354E-1 1.75423E-1 1.99975E-1 2.03025E-1 2.01668E-1 2.05451E-1 1.84741E-1 1.82972E-1 1.90912E-1 1.97661E-1 1.9913E-1 2.4473E-1 2.42308E-1 2.29753E-1 2.42502E-1 2.5581E-1 3.30279E-1 2.54724E-1 2.45556E-1 2.98969E-1 2.75292E-1 2.6636E-1 2.64453E-1 2.56029E-1 2.51788E-1 2.15587E-1 2.01536E-1 1.95535E-1 1.81651E-1 1.63081E-1 1.58648E-1 1.87148E-1 1.77917E-1 1.70377E-1 1.47024E-1 1.4629E-1 1.48181E-1 1.35573E-1 1.60882E-1 1.62722E-1 1.66079E-1 1.7344E-1 1.82142E-1 2.08297E-1 2.19945E-1 2.31801E-1 1.92E-1 1.99725E-1 2.24813E-1 2.79289E-1 3.80668E-1 4.15032E-1 5.00121E-1 4.32511E-1 4.19562E-1 3.21282E-1 2.52034E-1
1.62131E-1 1.88177E-1 1.98213E-1 1.90311E-1 1.78936E-1 1.84317E-1 2.02468E-1 2.016E-1 1.98711E-1 2.56655E-1 2.34743E-1 2.26097E-1 2.37951E-1 2.05968E-1 2.11648E-1 2.5799E-1 3.19414E-1 2.94089E-1 2.626E-1 2.65562E-1 3.14543E-1 2.27294E-1 2.70486E-1 2.68574E-1 2.51484E-1 2.46955E-1 2.58863E-1 2.62795E-1 2.50509E-1 2.11451E-1 1.86133E-1 1.86469E-1 1.72286E-1 1.53311E-1 1.72301E-1 2.02614E-1 1.66412E-1 1.45162E-1 1.32008E-1 1.29967E-1 1.55264E-1 1.54821E-1 1.54447E-1 1.58492E-1 1.68849E-1 1.71948E-1 1.73899E-1 2.05708E-1 2.29337E-1 2.23337E-1 2.27149E-1 2.35978E-1 2.09093E-1 3.24938E-1 4.6042E-1 4.68515E-1 4.19748E-1 4.41209E-1 4.03621E-1 3.27453E-1 3.80649E-1
1.9031E-1 1.9849E-1 2.26994E-1 2.04359E-1 1.91665E-1 1.9668E-1 1.95763E-1 2.12398E-1 2.49524E-1 2.33661E-1 2.24883E-1 2.35989E-1 2.75707E-1 2.50752E-1 2.23879E-1 2.69014E-1 3.12574E-1 2.8778E-1 3.17288E-1 2.70986E-1 3.41157E-1 3.32741E-1 2.9757E-1 2.50867E-1 2.11766E-1 2.47218E-1 2.43025E-1 2.0681E-1 1.95928E-1 1.84596E-1 1.65125E-1 1.69768E-1 1.68217E-1 1.52053E-1 1.5134E-1 1.7487E-1 1.55523E-1 1.39746E-1 1.33555E-1 1.45299E-1 1.50205E-1 1.64278E-1 1.6624E-1 1.67337E-1 1.71746E-1 1.78152E-1 2.09147E-1 2.18344E-1 2.02907E-1 2.32966E-1 1.96244E-1 1.97848E-1 2.39813E-1 4.08342E-1 4.93515E-1 3.5387E-1 3.64424E-1 4.41485E-1 3.52191E-1 3.68686E-1 3.46033E-1
2.29376E-1 2.2369E-1 2.87361E-1 2.31192E-1 2.36784E-1 2.24369E-1 2.24328E-1 2.08362E-1 2.69422E-1 2.58562E-1 2.7894E-1 2.67281E-1 2.69207E-1 2.60384E-1 2.53238E-1 2.5363E-1 3.13996E-1 3.11642E-1 3.20264E-1 2.80408E-1 3.17494E-1 3.31612E-1 2.6453E-1 2.50721E-1 2.41184E-1 2.61563E-1 2.32845E-1 1.93288E-1 1.85513E-1 1.87259E-1 1.73342E-1 1.7555E-1 1.60098E-1 1.57101E-1 1.88977E-1 2.08523E-1 1.49661E-1 1.47037E-1 1.50848E-1 1.63518E-1 1.55053E-1 1.94002E-1 1.86723E-1 1.83924E-1 1.96808E-1 2.3238E-1 2.12652E-1 2.62436E-1 2.66638E-1 2.01786E-1 2.46556E-1 2.88593E-1 3.46712E-1 3.38469E-1 3.03546E-1 3.929E-1 3.59037E-1 3.92959E-1 3.15449E-1 3.42524E-1 3.04878E-1
2.38016E-1 2.55163E-1 2.64345E-1 2.6278E-1 2.58041E-1 2.34303E-1 2.42426E-1 2.67357E-1 2.68468E-1 2.93321E-1 3.1149E-1 2.92984E-1 2.82177E-1 2.91115E-1 2.91465E-1 2.96952E-1 3.22292E-1 3.07493E-1 2.84827E-1 2.93591E-1 3.03915E-1 2.9857E-1 2.91335E-1 2.267E-1 2.48611E-1 2.66911E-1 2.40747E-1 2.16808E-1 1.92462E-1 1.89105E-1 1.87018E-1 1.77505E-1 1.71353E-1 2.03838E-1 1.81624E-1 1.44316E-1 1.36026E-1 1.6129E-1 1.69446E-1 1.70511E-1 1.66767E-1 1.92255E-1 2.17058E-1 2.36975E-1 2.65695E-1 2.70628E-1 3.05015E-1 3.1507E-1 2.62207E-1 2.34894E-1 3.03385E-1 2.77984E-1 2.46853E-1 1.93184E-1 3.19681E-1 3.82597E-1 4.2723E-1 3.66775E-1 4.38357E-1 3.33731E-1 3.16333E-1
2.87056E-1 3.14871E-1 2.87685E-1 2.93845E-1 2.66416E-1 2.63402E-1 2.43648E-1 2.7662E-1 2.94746E-1 2.74604E-1 2.73162E-1 2.83872E-1 3.12109E-1 3.39417E-1 3.11507E-1 3.32514E-1 3.1787E-1 3.26993E-1 3.26701E-1 3.05405E-1 2.91834E-1 2.96228E-1 2.50879E-1 2.24204E-1 2.54147E-1 2.89417E-1 2.54263E-1 2.46562E-1 2.34221E-1 2.29371E-1 2.00591E-1 1.92857E-1 2.22723E-1 2.17127E-1 1.78718E-1 1.57872E-1 1.71265E-1 1.76014E-1 2.17741E-1 2.04505E-1 1.92688E-1 2.03259E-1 2.48198E-1 2.99227E-1 3.20393E-1 3.64339E-1 3.71891E-1 3.0672E-1 2.78765E-1 2.99731E-1 2.79895E-1 2.81785E-1 1.86175E-1 2.1464E-1 3.78512E-1 2.98634E-1 4.26244E-1 3.9054E-1 4.35593E-1 3.06208E-1 5.75834E-1
3.54537E-1 3.64316E-1 3.59908E-1 3.37458E-1 3.55159E-1 3.57399E-1 3.27963E-1 3.10876E-1 2.79356E-1 3.0087E-1 3.01041E-1 2.80931E-1 2.69519E-1 3.10874E-1 3.44177E-1 3.35789E-1 3.4351E-1 3.5473E-1 3.20168E-1 3.12451E-1 2.49427E-1 2.72302E-1 2.9446E-1 2.70864E-1 2.74304E-1 3.1405E-1 3.50495E-1 2.87582E-1 2.54841E-1 2.55757E-1 2.6406E-1 2.76492E-1 2.46304E-1 1.90957E-1 1.85694E-1 1.93799E-1 1.96504E-1 2.23042E-1 2.43018E-1 2.32085E-1 2.29607E-1 2.63086E-1 3.04419E-1 3.02219E-1 3.21518E-1 3.41175E-1 3.20164E-1 2.9956E-1 3.33417E-1 3.17142E-1 2.60403E-1 1.8112E-1 2.14878E-1 3.03525E-1 3.97398E-1 3.99616E-1 3.24081E-1 3.36929E-1 4.74689E-1 5.57281E-1 4.41881E-1
3.27236E-1 2.90993E-1 3.19158E-1 3.24553E-1 3.33071E-1 3.30832E-1 3.12847E-1 3.31325E-1 3.02376E-1 3.0355E-1 3.25436E-1 2.78911E-1 2.68499E-1 3.14197E-1 3.20054E-1 3.34602E-1 3.30493E-1 3.34438E-1 3.14246E-1 2.9335E-1 2.90888E-1 2.9728E-1 3.25478E-1 3.16352E-1 3.23817E-1 3.70108E-1 3.85983E-1 3.54057E-1 3.37631E-1 3.13569E-1 3.20615E-1 2.87554E-1 2.48206E-1 2.12147E-1 2.54091E-1 2.50804E-1 2.51684E-1 2.70225E-1 3.29411E-1 3.24329E-1 3.08797E-1 2.91745E-1 3.22068E-1 3.39953E-1 3.71533E-1 3.63622E-1 3.34691E-1 3.37465E-1 3.28613E-1 2.62641E-1 2.67517E-1 2.40032E-1 3.81254E-1 3.66317E-1 3.7079E-1 4.21801E-1 3.51441E-1 4.02567E-1 4.96567E-1 4.12264E-1 4.29724E-1
3.11518E-1 2.9686E-1 3.3572E-1 3.1737E-1 3.53272E-1 3.6431E-1 3.128E-1 3.19508E-1 3.20283E-1 3.28332E-1 3.45338E-1 3.36734E-1 3.255E-1 3.12342E-1 3.17896E-1 3.10071E-1 2.99894E-1 2.87208E-1 2.96955E-1 3.10216E-1 2.74871E-1 2.62031E-1 2.97679E-1 3.09685E-1 3.95499E-1 3.61049E-1 3.70558E-1 3.80904E-1 3.28993E-1 3.16911E-1 2.99114E-1 2.51067E-1 2.33423E-1 2.42033E-1 2.93302E-1 3.05548E-1 3.00649E-1 3.46372E-1 3.69247E-1 4.01556E-1 4.01454E-1 3.7051E-1 3.34286E-1 3.49027E-1 3.93542E-1 4.1129E-1 3.68139E-1 3.60725E-1 3.29922E-1 3.1373E-1 3.28743E-1 2.89972E-1 2.72031E-1 2.87517E-1 3.77924E-1 4.62871E-1 3.88428E-1 3.97792E-1 3.62465E-1 3.69461E-1 4.14935E-1
3.25941E-1 3.73155E-1 3.08613E-1 3.44824E-1 3.89351E-1 3.85538E-1 4.05128E-1 4.2546E-1 3.28796E-1 3.49613E-1 3.6723E-1 3.65072E-1 3.33323E-1 3.40926E-1 3.20035E-1 3.00828E-1 2.93178E-1 2.71065E-1 2.55297E-1 2.76541E-1 2.56725E-1 2.79837E-1 3.19065E-1 3.44896E-1 3.51386E-1 3.69206E-1 3.87952E-1 3.71892E-1 3.5584E-1 3.39082E-1 3.09393E-1 2.39799E-1 2.41693E-1 2.7782E-1 3.16926E-1 3.58407E-1 3.89233E-1 4.42112E-1 4.19432E-1 4.39205E-1 3.90672E-1 3.69961E-1 3.81222E-1 3.81986E-1 3.70879E-1 3.74375E-1 3.85529E-1 3.83278E-1 3.62051E-1 3.18501E-1 3.0877E-1 2.44094E-1 2.62554E-1 2.65996E-1 3.80959E-1 4.79823E-1 4.11116E-1 4.78732E-1 6.74909E-1 4.92779E-1 4.44689E-1
2.46669E-1 3.65379E-1 3.33711E-1 3.57487E-1 3.69351E-1 3.72547E-1 5.30988E-1 5.2484E-1 4.37998E-1 3.03319E-1 3.29526E-1 3.47151E-1 3.42674E-1 3.22521E-1 2.99562E-1 2.97648E-1 2.5722E-1 2.59769E-1 2.7649E-1 2.9448E-1 2.72732E-1 2.94822E-1 3.34659E-1 3.62933E-1 3.51735E-1 5.13276E-1 5.14477E-1 4.03432E-1 4.08267E-1 3.69367E-1 3.60597E-1 2.85974E-1 2.5253E-1 2.98619E-1 3.99413E-1 4.23028E-1 4.4651E-1 4.81699E-1 4.94864E-1 4.31784E-1 4.53759E-1 3.84388E-1 3.46068E-1 3.75335E-1 4.16316E-1 4.14209E-1 3.51862E-1 3.73348E-1 2.97648E-1 2.79344E-1 2.43447E-1 2.94731E-1 3.50861E-1 3.60279E-1 3.97574E-1 4.47739E-1 4.1791E-1 4.35519E-1 4.53595E-1 4.59647E-1 4.17054E-1
2.69922E-1 3.56153E-1 3.34958E-1 3.57493E-1 3.65947E-1 3.68988E-1 3.82243E-1 5.09875E-1 4.39343E-1 3.27822E-1 3.06247E-1 2.9394E-1 2.74684E-1 2.46176E-1 2.4643E-1 2.45568E-1 2.45675E-1 2.70968E-1 3.0627E-1 3.23849E-1 3.08211E-1 3.29581E-1 3.39815E-1 3.38101E-1 3.60552E-1 4.21825E-1 4.04622E-1 3.93639E-1 3.78567E-1 3.62143E-1 3.39961E-1 3.13037E-1 3.31899E-1 3.61755E-1 3.29856E-1 4.14321E-1 3.61736E-1 3.53738E-1 3.79805E-1 4.04805E-1 3.23806E-1 3.23142E-1 3.36519E-1 3.59006E-1 3.10703E-1 3.18249E-1 4.21818E-1 4.71335E-1 4.25027E-1 3.64657E-1 3.00086E-1 3.19425E-1 3.42024E-1 4.44882E-1 4.70204E-1 4.40168E-1 3.9387E-1 4.45661E-1 4.01866E-1 4.2658E-1 4.47829E-1
3.24551E-1 3.28352E-1 3.19664E-1 3.35049E-1 3.39902E-1 3.59661E-1 3.41461E-1 4.85075E-1 3.98595E-1 3.32228E-1 3.05014E-1 2.85787E-1 2.60545E-1 2.43149E-1 2.50036E-1 2.52415E-1 2.6625E-1 2.99828E-1 3.34536E-1 3.52594E-1 3.42857E-1 3.4513E-1 3.4113E-1 4.07146E-1 4.29421E-1 3.63201E-1 4.50317E-1 4.14689E-1 3.96937E-1 4.0631E-1 4.42598E-1 3.4117E-1 4.05051E-1 3.50697E-1 2.9134E-1 2.75413E-1 2.7145E-1 2.88736E-1 3.06036E-1 2.96146E-1 3.01288E-1 2.92729E-1 2.96607E-1 3.19514E-1 4.28711E-1 4.82868E-1 5.15339E-1 4.47987E-1 3.8665E-1 3.34141E-1 3.60876E-1 4.13345E-1 3.80979E-1 4.53704E-1 4.09858E-1 3.59185E-1 3.96021E-1 3.80797E-1 4.06914E-1 4.2237E-1 4.1075E-1
3.35242E-1 2.97775E-1 3.1077E-1 3.04716E-1 3.00829E-1 3.08169E-1 3.14907E-1 4.80159E-1 3.51904E-1 2.89146E-1 2.54937E-1 2.35818E-1 2.27315E-1 2.36717E-1 2.42481E-1 2.40242E-1 2.54064E-1 2.76469E-1 2.97469E-1 3.18276E-1 3.57846E-1 3.33974E-1 3.23563E-1 3.436E-1 3.43376E-1 3.77386E-1 4.03903E-1 3.71235E-1 3.67479E-1 4.00035E-1 4.13228E-1 3.29072E-1 3.53875E-1 2.74507E-1 2.54176E-1 2.55574E-1 2.77527E-1 2.74992E-1 2.53416E-1 2.86254E-1 2.4333E-1 2.67351E-1 2.84846E-1 4.54101E-1 4.46231E-1 4.79793E-1 5.15423E-1 4.2761E-1 4.55364E-1 4.79556E-1 4.57276E-1 3.40311E-1 3.65375E-1 4.28451E-1 4.58985E-1 3.72901E-1 3.65426E-1 4.0903E-1 4.25264E-1 4.33726E-1 4.36316E-1
2.86295E-1 2.89816E-1 2.86872E-1 2.75835E-1 2.79238E-1 2.89287E-1 2.65664E-1 2.8956E-1 3.2593E-1 2.29102E-1 2.24501E-1 2.24094E-1 2.08832E-1 2.10102E-1 2.35227E-1 2.71237E-1 3.11643E-1 2.72442E-1 2.84997E-1 3.05863E-1 3.20681E-1 3.34079E-1 3.15686E-1 3.12963E-1 3.69359E-1 3.93349E-1 3.66785E-1 3.27928E-1 3.79931E-1 4.23373E-1 4.12499E-1 3.45853E-1 3.49811E-1 2.6217E-1 2.21514E-1 3.00553E-1 2.74244E-1 1.95464E-1 2.03888E-1 2.10879E-1 1.87467E-1 2.85272E-1 3.61541E-1 4.85257E-1 4.69879E-1 4.89048E-1 4.88682E-1 5.31298E-1 4.69255E-1 3.56183E-1 3.58616E-1 3.62384E-1 3.80085E-1 4.00617E-1 4.1325E-1 4.29123E-1 4.12017E-1 4.39196E-1 4.17063E-1 4.25466E-1 4.27304E-1
2.92115E-1 2.74902E-1 2.79655E-1 2.68117E-1 2.67089E-1 2.76926E-1 2.27683E-1 2.16401E-1 2.62535E-1 1.83281E-1 2.02107E-1 2.07411E-1 2.06673E-1 2.16832E-1 2.73012E-1 3.56692E-1 3.6407E-1 2.68974E-1 3.06036E-1 3.2344E-1 3.20919E-1 3.63342E-1 2.956E-1 3.41903E-1 3.74394E-1 3.53212E-1 3.33579E-1 3.04306E-1 2.78396E-1 3.53211E-1 2.90749E-1 2.32546E-1 2.37674E-1 1.87531E-1 1.75993E-1 2.01017E-1 1.63032E-1 1.72562E-1 2.01587E-1 2.87551E-1 4.04982E-1 4.09959E-1 4.58524E-1 5.50881E-1 4.87131E-1 5.85073E-1 5.78483E-1 5.16342E-1 4.55776E-1 5.10989E-1 4.20006E-1 3.7425E-1 3.75463E-1 4.25558E-1 4.70029E-1 4.17643E-1 4.61613E-1 4.67917E-1 3.92072E-1 3.86467E-1 4.30306E-1
