data/maxent/outputs/white_338.asc
ncols         426
nrows         180
xllcorner     -130.0
yllcorner     24.0
cellsize      0.16666666666666666
NODATA_value  -9999
[rows 108 to 134 of 180, columns 122 to 182 of 426]
2.48624E-3 6.07999E-3 6.75327E-3 4.32076E-3 8.5093E-3 9.83122E-3 1.69713E-3 1.64989E-3 1.57934E-3 1.42879E-3 1.0552E-3 9.23941E-4 9.12134E-4 3.7635E-4 3.75811E-4 5.03928E-4 2.65236E-3 4.0564E-3 5.26129E-3 4.60383E-3 5.99421E-3 1.44735E-3 6.10574E-3 5.13731E-3 2.56786E-3 6.29033E-3 3.20472E-3 2.16833E-3 2.94226E-3 1.32498E-3 2.32818E-3 3.15017E-3 2.68141E-3 1.23193E-3 2.56515E-3 2.32105E-3 1.70636E-3 2.28599E-3 2.4208E-3 1.99948E-3 2.03165E-3 2.08077E-3 2.436E-3 2.47846E-3 2.44372E-3 2.91099E-3 3.82578E-3 3.61585E-3 3.87126E-3 5.04025E-3 5.57333E-3 5.12429E-3 5.61529E-3 6.62069E-3 6.84539E-3 5.5651E-3 5.65465E-3 6.6772E-3 8.83056E-3 9.82481E-3 1.12544E-2
3.00588E-3 3.03217E-3 4.99525E-3 3.98794E-3 7.15399E-3 1.95842E-3 2.93859E-3 4.19891E-3 2.33227E-3 1.35233E-3 8.47001E-4 8.81887E-4 7.21298E-4 1.09263E-3 1.20612E-3 1.35491E-3 6.58628E-3 1.16929E-2 1.2818E-2 1.26532E-2 5.33995E-3 3.63397E-3 1.08139E-2 7.64908E-3 4.44428E-3 8.3422E-3 3.59101E-3 1.09668E-3 1.2697E-3 1.84451E-3 4.21634E-3 4.83567E-3 3.77251E-3 2.33006E-3 3.62486E-3 2.19026E-3 1.77655E-3 2.03643E-3 2.36364E-3 2.68438E-3 2.47339E-3 2.6537E-3 2.79493E-3 2.7298E-3 2.89118E-3 3.12973E-3 4.92364E-3 5.16107E-3 6.44501E-3 7.43267E-3 6.89633E-3 7.69363E-3 8.05578E-3 8.85248E-3 9.58579E-3 7.59065E-3 7.11014E-3 7.92265E-3 9.57739E-3 1.12276E-2 1.14667E-2
3.39945E-3 3.75798E-3 3.94284E-3 2.76304E-3 1.74286E-3 2.36775E-3 3.72427E-3 3.64197E-3 4.30461E-3 3.45063E-3 1.80148E-3 1.04531E-3 8.20635E-4 2.13344E-3 3.97664E-3 2.86305E-3 4.21679E-3 7.65137E-3 1.35379E-2 4.15395E-3 2.72409E-3 2.13251E-3 7.79751E-3 1.10233E-2 9.01059E-3 8.76429E-3 3.57979E-3 1.33852E-3 1.45949E-3 2.54472E-3 7.28337E-3 2.56416E-3 1.46434E-3 1.70138E-3 3.82753E-3 3.54797E-3 1.92348E-3 2.44264E-3 2.37021E-3 2.698E-3 2.59834E-3 3.08725E-3 3.04564E-3 3.214E-3 3.30354E-3 4.04047E-3 5.16543E-3 6.60021E-3 7.56936E-3 8.24528E-3 7.76516E-3 7.40641E-3 7.44468E-3 8.84552E-3 9.39755E-3 8.21856E-3 7.62688E-3 8.74301E-3 1.17279E-2 1.34533E-2 1.38262E-2
3.31133E-3 4.78566E-3 4.77856E-3 4.9684E-3 3.07657E-3 3.04366E-3 5.53236E-3 4.97555E-3 4.49373E-3 2.04993E-3 1.97457E-3 2.35256E-3 3.23217E-3 3.68753E-3 9.91752E-3 4.3929E-3 4.73619E-3 5.3795E-3 3.93568E-3 3.92995E-3 4.36863E-3 3.97466E-3 3.11183E-3 6.20504E-3 7.3248E-3 9.52195E-3 7.96965E-3 8.56984E-3 4.7436E-3 5.11195E-3 4.17072E-3 2.86339E-3 2.57716E-3 2.66247E-3 5.43433E-3 4.85685E-3 3.68549E-3 3.3589E-3 3.06991E-3 2.96309E-3 3.06693E-3 4.40264E-3 5.00309E-3 5.35941E-3 5.48342E-3 5.00495E-3 5.88718E-3 7.29502E-3 6.4454E-3 6.24448E-3 6.24863E-3 6.00959E-3 8.23467E-3 9.18783E-3 8.69557E-3 8.10281E-3 8.30629E-3 8.01906E-3 1.06281E-2 1.39157E-2 1.77079E-2
3.46212E-3 2.74895E-3 2.72716E-3 3.22381E-3 3.08227E-3 3.32363E-3 3.17729E-3 6.26944E-3 6.71993E-3 5.74489E-3 1.1649E-3 4.36351E-3 1.29326E-2 1.18263E-2 6.25977E-3 3.28072E-3 2.8436E-3 4.58949E-3 4.81099E-3 2.89371E-2 1.27535E-2 3.98146E-3 2.35242E-3 3.00605E-3 7.10162E-3 8.9211E-3 6.0219E-3 4.77618E-3 3.1921E-3 3.33186E-3 3.75937E-3 3.90807E-3 4.24444E-3 5.18659E-3 6.404E-3 4.31581E-3 3.99094E-3 4.15034E-3 4.32661E-3 3.85019E-3 4.51279E-3 4.24372E-3 3.5841E-3 3.97156E-3 4.34249E-3 5.08361E-3 7.62538E-3 6.64695E-3 4.50429E-3 4.31526E-3 5.11918E-3 6.1847E-3 9.04298E-3 1.09501E-2 1.07781E-2 1.00069E-2 8.76884E-3 1.00299E-2 1.2455E-2 1.52268E-2 1.81592E-2
2.30574E-3 2.78957E-3 3.90504E-3 2.89194E-3 2.45314E-3 3.83904E-3 3.37163E-3 1.92485E-3 4.21885E-3 6.91094E-3 4.26905E-3 3.34153E-3 4.28074E-3 3.77145E-3 2.9511E-3 3.05354E-3 1.95964E-3 4.0118E-3 6.9177E-3 3.21356E-2 9.27606E-3 2.10377E-3 1.76677E-3 2.14927E-3 6.90508E-3 6.09294E-3 5.16942E-3 4.28547E-3 6.017E-3 5.2516E-3 4.01844E-3 4.28288E-3 4.3875E-3 5.03107E-3 5.75376E-3 5.71764E-3 5.32472E-3 5.74421E-3 5.24397E-3 5.29405E-3 5.60981E-3 3.54553E-3 3.36001E-3 3.30772E-3 2.9271E-3 3.38056E-3 4.36433E-3 5.00634E-3 4.31283E-3 3.93798E-3 5.21475E-3 6.6924E-3 8.76488E-3 9.69849E-3 9.32915E-3 8.70748E-3 9.89344E-3 1.13702E-2 1.5473E-2 1.82873E-2 2.01222E-2
3.52373E-3 5.11854E-3 3.6016E-3 2.35241E-3 2.39248E-3 3.55855E-3 3.19652E-3 1.81683E-3 1.78783E-3 3.68528E-3 4.91583E-3 5.21044E-3 3.50244E-3 2.35673E-3 1.51232E-3 2.03839E-3 1.86135E-3 2.29418E-3 2.67206E-3 2.25383E-2 1.28813E-2 2.49634E-3 1.74771E-3 3.08954E-3 3.93087E-3 5.8307E-3 5.15948E-3 5.24275E-3 6.49308E-3 5.96801E-3 4.7503E-3 3.84203E-3 4.41541E-3 6.17711E-3 6.20022E-3 5.81139E-3 7.08448E-3 7.1712E-3 6.46849E-3 5.84903E-3 4.33471E-3 3.6046E-3 3.05652E-3 2.93705E-3 3.10059E-3 3.66378E-3 4.47286E-3 5.63142E-3 9.46122E-3 8.30698E-3 9.11057E-3 9.37681E-3 1.08311E-2 1.12096E-2 1.14494E-2 1.14807E-2 1.26936E-2 1.42754E-2 1.67614E-2 2.1051E-2 2.29253E-2
3.09511E-3 2.6791E-3 1.96439E-3 2.65028E-3 2.05526E-3 1.40342E-3 1.15193E-3 1.21507E-3 2.06772E-3 1.33098E-3 3.30013E-3 3.60576E-3 2.78451E-3 2.91361E-3 5.19093E-3 3.21835E-3 1.59002E-3 1.79321E-3 2.65103E-3 2.83391E-2 8.7775E-3 2.31574E-3 1.72556E-3 1.77523E-3 2.84009E-3 3.71195E-3 5.50045E-3 5.12692E-3 4.26159E-3 5.38E-3 6.30905E-3 3.73408E-3 3.74335E-3 4.56844E-3 3.13447E-3 2.93233E-3 3.05694E-3 3.2369E-3 3.78227E-3 3.88849E-3 3.75129E-3 3.63642E-3 3.47365E-3 3.55072E-3 3.62084E-3 4.0515E-3 4.07099E-3 4.17334E-3 5.44346E-3 9.89965E-3 1.27139E-2 9.50273E-3 9.47975E-3 1.29996E-2 1.15974E-2 1.22617E-2 1.45402E-2 1.59466E-2 1.93663E-2 2.16136E-2 2.42332E-2
4.54805E-3 2.46028E-3 2.11411E-3 2.11996E-3 1.83786E-3 1.88198E-3 9.80394E-4 1.17702E-3 9.85376E-4 5.43114E-4 2.3278E-3 4.5666E-3 2.85577E-3 2.94927E-3 4.24193E-3 2.10307E-3 1.34513E-3 1.32628E-3 2.73956E-3 2.78188E-2 6.18146E-3 3.62445E-3 3.11121E-3 2.87288E-3 2.27539E-3 2.70778E-3 4.06718E-3 4.20304E-3 3.89746E-3 4.65656E-3 4.84066E-3 4.63041E-3 3.75025E-3 4.60319E-3 4.20943E-3 3.08539E-3 2.96662E-3 3.35377E-3 3.99269E-3 3.57277E-3 3.55964E-3 4.13591E-3 3.88935E-3 3.74201E-3 3.86001E-3 4.33962E-3 4.64966E-3 5.67806E-3 6.20708E-3 9.86044E-3 1.37932E-2 1.35065E-2 1.18413E-2 1.0844E-2 1.26308E-2 1.38795E-2 1.86293E-2 2.14939E-2 2.38708E-2 2.50392E-2 2.75761E-2
1.08145E-2 6.0318E-3 4.10579E-3 2.13295E-3 1.17796E-3 9.19621E-4 1.02449E-3 1.02112E-3 9.25969E-4 8.48883E-4 3.03535E-3 3.09601E-3 2.79625E-3 2.28773E-3 2.87047E-3 5.2069E-3 1.46559E-3 1.13517E-3 4.55142E-3 8.29325E-3 9.46722E-3 5.33651E-3 6.91228E-3 4.82804E-3 3.26105E-3 6.13007E-3 3.79602E-3 3.77002E-3 4.24035E-3 4.79684E-3 4.36253E-3 4.26287E-3 4.12042E-3 4.0814E-3 3.99975E-3 3.51891E-3 3.06285E-3 3.04429E-3 4.12069E-3 3.72495E-3 3.32495E-3 3.73202E-3 3.60068E-3 3.51164E-3 3.9828E-3 4.96325E-3 6.05011E-3 7.58604E-3 8.27077E-3 7.87077E-3 8.91414E-3 1.5539E-2 1.41356E-2 1.43041E-2 1.70841E-2 1.8159E-2 2.24879E-2 2.53907E-2 2.98078E-2 3.24089E-2 3.41451E-2
1.25696E-2 7.40471E-3 3.22806E-3 2.01064E-3 1.718E-3 9.63919E-4 9.85885E-4 1.28837E-3 9.10399E-4 1.31765E-3 5.53757E-3 2.96615E-3 1.5844E-3 3.58465E-3 4.29485E-3 2.24719E-3 1.70489E-3 1.94279E-3 6.78704E-3 5.60406E-3 9.17904E-3 5.04049E-3 8.01999E-3 1.55924E-2 9.71037E-3 8.05992E-3 4.52245E-3 2.85291E-3 3.05744E-3 4.23228E-3 3.98161E-3 4.04956E-3 3.53865E-3 4.19664E-3 4.69299E-3 4.83977E-3 3.65939E-3 3.28092E-3 3.21472E-3 3.30572E-3 3.37056E-3 3.62976E-3 3.88048E-3 4.29377E-3 5.00474E-3 5.80811E-3 7.6204E-3 1.05612E-2 1.11245E-2 9.85915E-3 1.17054E-2 1.83771E-2 1.49333E-2 1.64801E-2 1.97715E-2 2.18185E-2 2.72028E-2 3.11285E-2 3.62021E-2 3.87523E-2 3.78178E-2
8.88685E-3 9.14472E-3 4.55884E-3 2.42183E-3 2.00156E-3 1.83994E-3 2.59524E-3 2.41877E-3 3.43663E-3 1.17791E-3 1.55031E-3 5.20367E-4 5.13859E-4 1.51583E-3 6.39171E-3 5.49447E-3 2.5895E-3 3.30967E-3 4.63092E-3 1.89471E-3 7.07297E-3 4.87149E-3 4.67704E-3 6.82594E-3 8.2986E-3 7.03042E-3 4.46366E-3 2.98963E-3 2.91468E-3 3.21238E-3 3.25433E-3 3.08961E-3 2.79201E-3 3.2794E-3 4.26057E-3 4.70057E-3 4.54221E-3 4.3748E-3 4.58472E-3 4.69281E-3 4.74406E-3 4.58803E-3 4.56948E-3 5.13309E-3 5.50745E-3 6.46554E-3 8.7464E-3 1.0766E-2 1.18986E-2 1.21532E-2 1.18442E-2 2.05732E-2 2.34186E-2 2.14082E-2 2.38396E-2 2.70581E-2 2.98262E-2 2.99849E-2 3.99085E-2 3.95679E-2 4.07895E-2
7.78631E-3 3.03752E-3 3.82681E-3 6.65939E-3 1.97562E-3 2.01751E-3 1.89142E-3 1.9457E-3 1.01103E-3 6.08656E-4 6.35522E-4 5.8435E-4 4.33769E-3 6.16898E-3 1.05905E-2 1.2276E-2 2.7349E-3 2.22963E-3 1.47759E-3 2.17942E-3 8.10765E-3 7.03457E-3 3.13924E-3 6.4827E-3 9.43819E-3 4.83226E-3 3.68663E-3 3.18995E-3 3.07239E-3 2.87289E-3 3.4051E-3 3.03939E-3 2.49217E-3 3.13508E-3 3.83963E-3 4.9984E-3 4.76289E-3 4.50604E-3 4.19313E-3 3.92508E-3 3.83296E-3 4.28791E-3 4.75134E-3 5.04474E-3 5.78937E-3 7.1548E-3 9.03103E-3 1.03619E-2 1.1184E-2 1.24842E-2 1.51884E-2 2.03064E-2 2.75094E-2 2.58039E-2 2.67978E-2 3.04187E-2 2.94143E-2 3.49774E-2 3.78072E-2 4.07941E-2 4.45351E-2
1.34176E-2 5.9801E-3 5.23202E-3 5.46401E-3 4.2438E-3 3.49845E-3 3.64499E-3 3.26096E-3 9.3463E-4 1.46756E-3 2.12475E-3 1.6666E-3 3.2368E-3 1.16927E-2 2.98675E-3 2.33008E-3 1.66274E-3 1.36546E-3 1.26099E-3 7.85032E-3 1.40453E-2 6.38415E-3 5.4813E-3 2.25734E-2 1.5384E-2 8.31082E-3 5.70452E-3 3.8405E-3 3.68009E-3 3.33051E-3 2.79795E-3 2.21969E-3 2.71422E-3 2.86006E-3 2.51219E-3 3.86965E-3 3.99369E-3 3.46E-3 3.4231E-3 3.47666E-3 4.00475E-3 5.09954E-3 5.65893E-3 6.62381E-3 6.72742E-3 7.54745E-3 9.2033E-3 1.07555E-2 1.10002E-2 1.29955E-2 1.94053E-2 2.26461E-2 3.3883E-2 2.85794E-2 3.1642E-2 2.72831E-2 3.2042E-2 4.23523E-2 4.52712E-2 4.95589E-2 5.95448E-2
2.4936E-2 2.37275E-2 2.06092E-2 1.35479E-2 9.64016E-3 6.14355E-3 2.57844E-3 1.59942E-3 1.77526E-3 1.5535E-3 9.55376E-4 3.51881E-3 3.76968E-3 2.04012E-2 4.64973E-3 1.84745E-3 1.87972E-3 1.57449E-3 1.49181E-3 1.12275E-2 7.14242E-3 5.61148E-3 1.44158E-2 2.65774E-2 1.45109E-2 2.82784E-2 2.24067E-2 7.06619E-3 4.53424E-3 3.69528E-3 3.20401E-3 1.83996E-3 2.7792E-3 2.92974E-3 2.86492E-3 3.12708E-3 3.28845E-3 3.10275E-3 3.00821E-3 3.42828E-3 4.58163E-3 6.06346E-3 6.47734E-3 7.77768E-3 8.31862E-3 9.2195E-3 1.50237E-2 1.33698E-2 1.19162E-2 1.51232E-2 2.29931E-2 2.84927E-2 2.59342E-2 2.60414E-2 2.79209E-2 2.79874E-2 3.19608E-2 4.78173E-2 4.70303E-2 5.38347E-2 6.0569E-2
3.506E-2 3.38506E-2 2.73783E-2 1.78468E-2 9.59873E-3 1.54903E-2 5.33239E-3 1.53286E-3 2.86271E-3 2.00029E-3 3.0594E-3 5.58773E-3 7.55435E-3 7.82791E-3 3.77691E-3 4.55452E-3 2.75627E-3 3.92467E-3 6.42942E-3 9.8194E-3 6.30083E-3 1.06968E-2 4.36548E-2 2.50109E-2 2.19705E-2 2.34043E-2 1.09116E-2 9.34413E-3 6.68369E-3 4.78681E-3 4.30355E-3 2.78682E-3 3.2464E-3 2.99267E-3 3.60992E-3 4.44525E-3 3.69122E-3 3.4489E-3 3.44312E-3 3.84018E-3 4.22969E-3 5.42616E-3 7.12462E-3 8.0646E-3 7.93891E-3 9.10697E-3 1.14424E-2 1.16886E-2 1.52325E-2 2.02849E-2 2.04088E-2 2.30121E-2 2.27275E-2 2.36804E-2 3.41796E-2 3.48113E-2 4.05007E-2 5.3925E-2 5.35844E-2 6.03242E-2 6.53986E-2
5.03151E-2 3.55519E-2 3.6801E-2 3.05936E-2 1.93446E-2 2.5287E-2 1.19269E-2 6.08124E-3 4.34599E-3 3.35611E-3 7.62325E-3 1.08284E-2 8.00362E-3 4.39216E-3 4.83255E-3 6.15983E-3 4.5831E-3 1.9227E-2 2.26767E-2 5.7607E-3 5.70294E-3 9.369E-3 4.55576E-2 3.36757E-2 2.73029E-2 2.17705E-2 1.3383E-2 1.07054E-2 8.7982E-3 6.72271E-3 5.01143E-3 3.39075E-3 3.5033E-3 3.45601E-3 4.2146E-3 4.89082E-3 4.38467E-3 4.02803E-3 4.31166E-3 4.74876E-3 5.00024E-3 6.24807E-3 6.74626E-3 7.60517E-3 9.08122E-3 1.00092E-2 1.27382E-2 1.47454E-2 1.46973E-2 2.12392E-2 2.12317E-2 2.3852E-2 2.55932E-2 2.84266E-2 3.51862E-2 4.47878E-2 5.01622E-2 6.5052E-2 6.5964E-2 7.50223E-2 7.92635E-2
7.29743E-2 6.92848E-2 4.95741E-2 3.32568E-2 1.26425E-2 9.60727E-3 1.04644E-2 1.66439E-2 1.01001E-2 7.16023E-3 1.04575E-2 1.60257E-2 1.08169E-2 6.15022E-3 8.09653E-3 5.33785E-3 4.46672E-3 1.83414E-2 1.34598E-2 4.14249E-3 4.2692E-3 8.83871E-3 4.29743E-2 3.23448E-2 2.5533E-2 2.56942E-2 1.59758E-2 1.18125E-2 1.06761E-2 7.42437E-3 5.92754E-3 3.8597E-3 3.86705E-3 4.77285E-3 6.1132E-3 5.29654E-3 4.36508E-3 4.68437E-3 5.00204E-3 5.70257E-3 6.5211E-3 7.40335E-3 7.61383E-3 8.37486E-3 9.5099E-3 1.10647E-2 1.33744E-2 1.53956E-2 1.91347E-2 2.56191E-2 2.65999E-2 3.19024E-2 3.56505E-2 4.15502E-2 4.58108E-2 5.50303E-2 6.31213E-2 7.33881E-2 7.54299E-2 8.72035E-2 1.012E-1
6.10635E-2 5.94471E-2 2.87771E-2 2.75498E-2 3.26434E-2 2.38899E-2 8.09551E-3 1.57267E-2 1.95585E-2 1.34925E-2 1.62272E-2 2.30597E-2 1.374E-2 6.8806E-3 1.20454E-2 6.76932E-3 3.85836E-3 1.06708E-2 2.2786E-2 5.31192E-3 4.15355E-3 6.51634E-3 3.84561E-2 2.82779E-2 3.08332E-2 2.57785E-2 1.77427E-2 1.21E-2 1.06317E-2 8.58962E-3 6.50711E-3 4.51046E-3 4.90391E-3 5.33803E-3 6.06857E-3 6.09097E-3 5.49365E-3 5.73634E-3 6.14756E-3 6.89664E-3 8.22308E-3 8.70921E-3 8.83237E-3 8.12465E-3 1.01936E-2 1.22543E-2 1.30725E-2 1.71313E-2 2.0962E-2 2.74493E-2 3.62307E-2 3.52204E-2 4.41655E-2 5.0509E-2 6.33537E-2 6.73754E-2 8.14303E-2 8.28085E-2 9.24789E-2 1.01802E-1 1.12062E-1
1.93801E-2 3.1001E-2 3.05953E-2 1.17887E-2 2.12312E-2 1.79655E-2 2.77073E-2 1.71245E-2 1.69933E-2 2.31467E-2 1.9706E-2 2.56311E-2 1.5844E-2 7.37754E-3 6.02844E-3 7.3692E-3 3.89568E-3 4.90377E-3 2.40867E-2 6.89168E-3 3.83092E-3 4.71632E-3 2.68274E-2 2.74261E-2 2.90431E-2 2.20618E-2 1.94606E-2 1.3133E-2 1.15042E-2 8.13844E-3 6.56584E-3 4.78132E-3 6.06919E-3 5.87675E-3 5.39763E-3 4.82499E-3 6.12053E-3 6.29057E-3 7.80632E-3 1.00181E-2 9.70746E-3 1.12102E-2 1.15182E-2 1.05999E-2 1.26833E-2 1.24042E-2 1.38198E-2 2.00217E-2 2.88092E-2 3.0305E-2 2.67464E-2 3.44737E-2 4.24928E-2 5.95669E-2 7.27479E-2 7.46974E-2 8.84015E-2 1.00904E-1 1.09114E-1 1.17368E-1 1.19987E-1
1.87792E-2 2.29815E-2 2.93449E-2 1.31544E-2 9.3224E-3 8.46404E-3 2.06254E-2 3.40781E-2 1.44322E-2 9.38807E-3 1.41047E-2 2.31205E-2 1.26263E-2 6.83807E-3 1.05399E-2 1.13527E-2 5.52058E-3 4.08613E-3 1.8787E-2 1.29625E-2 5.18929E-3 5.31165E-3 8.28523E-3 3.7361E-2 3.24812E-2 2.06735E-2 1.53734E-2 1.853E-2 1.49321E-2 1.24557E-2 9.6301E-3 7.95727E-3 7.45116E-3 6.66089E-3 7.92383E-3 7.37012E-3 7.34211E-3 7.93645E-3 9.0321E-3 1.10976E-2 1.11063E-2 1.3836E-2 1.56E-2 1.53719E-2 1.48192E-2 1.49902E-2 1.5607E-2 1.78064E-2 2.9542E-2 3.24818E-2 3.02895E-2 3.66183E-2 4.45948E-2 6.21317E-2 8.01104E-2 9.04623E-2 1.02653E-1 1.03599E-1 1.10211E-1 1.18519E-1 1.2209E-1
2.49001E-2 1.20147E-2 1.5475E-2 3.14038E-2 6.73837E-3 6.6619E-3 1.77809E-2 2.78239E-2 1.50199E-2 1.02595E-2 7.61708E-3 1.69436E-2 1.22009E-2 7.47517E-3 1.03389E-2 8.3859E-3 8.66888E-3 8.46425E-3 2.62134E-2 1.01464E-2 6.33382E-3 7.86826E-3 9.2654E-3 9.39581E-3 8.92911E-3 1.30948E-2 1.01559E-2 1.65499E-2 1.79445E-2 1.61822E-2 1.72739E-2 1.88604E-2 1.24582E-2 9.37131E-3 9.7081E-3 9.63566E-3 8.41868E-3 8.42328E-3 1.0365E-2 1.10953E-2 1.34382E-2 1.78683E-2 2.25739E-2 2.21797E-2 2.25369E-2 2.24255E-2 2.27078E-2 2.04989E-2 2.24688E-2 3.12461E-2 4.00992E-2 4.08428E-2 5.26607E-2 6.73677E-2 8.43112E-2 9.90468E-2 1.05657E-1 1.12085E-1 1.17647E-1 1.25784E-1 1.18759E-1
9.86436E-2 2.54793E-2 1.32821E-2 2.56952E-2 1.06052E-2 1.70521E-2 8.93214E-3 1.17091E-2 1.13407E-2 1.28933E-2 8.72364E-3 9.45816E-3 1.01418E-2 6.684E-3 5.94631E-3 5.6295E-3 5.51358E-3 9.75353E-3 2.8679E-2 1.04684E-2 6.17829E-3 6.70646E-3 9.53232E-3 9.53834E-3 5.98724E-3 6.15735E-3 9.55847E-3 7.38074E-3 1.75959E-2 2.21679E-2 2.32478E-2 2.26605E-2 1.1959E-2 8.48649E-3 1.07977E-2 9.73171E-3 9.89251E-3 9.11392E-3 9.61548E-3 1.06895E-2 1.21503E-2 1.77313E-2 2.43038E-2 2.64157E-2 2.61146E-2 2.59279E-2 2.64607E-2 2.8376E-2 3.06256E-2 4.23229E-2 4.8723E-2 5.27826E-2 6.04466E-2 7.89405E-2 9.16257E-2 8.49972E-2 8.5289E-2 9.49684E-2 1.0823E-1 1.14501E-1 1.14437E-1
3.79163E-2 6.79332E-2 5.51829E-2 1.62516E-2 1.67864E-2 2.27333E-2 1.41288E-2 9.87632E-3 1.10413E-2 1.10779E-2 8.43337E-3 9.07805E-3 3.20788E-2 8.6488E-3 9.05969E-3 9.09618E-3 6.03915E-3 6.58279E-3 9.63164E-3 7.81322E-3 5.58895E-3 8.51189E-3 1.16737E-2 8.11617E-3 1.15505E-2 7.43329E-3 6.47859E-3 6.38255E-3 1.95238E-2 2.79681E-2 2.62947E-2 1.13568E-2 7.77158E-3 6.9865E-3 8.97623E-3 8.68773E-3 8.76325E-3 8.00662E-3 8.48435E-3 9.88492E-3 1.42281E-2 2.06218E-2 2.55454E-2 3.0652E-2 3.00837E-2 3.28964E-2 3.0992E-2 3.03856E-2 3.21036E-2 4.35874E-2 5.48208E-2 6.13796E-2 7.4765E-2 8.46681E-2 9.78068E-2 8.90938E-2 8.90772E-2 8.43876E-2 9.86357E-2 1.08925E-1 1.11823E-1
2.1859E-2 6.64705E-2 7.18238E-2 2.38402E-2 3.09834E-2 1.9629E-2 1.82371E-2 2.30192E-2 1.99603E-2 2.46942E-2 1.48695E-2 2.05385E-2 1.18045E-2 8.30456E-3 1.30093E-2 1.3586E-2 7.98187E-3 6.44381E-3 1.4643E-2 1.76384E-2 6.02148E-3 8.61315E-3 1.08848E-2 6.73819E-3 6.87857E-3 8.22062E-3 5.15679E-3 4.67874E-3 2.02639E-2 2.64832E-2 1.5592E-2 9.58879E-3 9.01297E-3 8.63246E-3 7.34323E-3 8.13384E-3 8.45132E-3 9.54801E-3 8.26897E-3 9.73397E-3 1.32525E-2 2.49621E-2 2.94945E-2 3.69442E-2 3.83667E-2 3.82901E-2 3.84794E-2 3.63453E-2 3.70245E-2 3.94497E-2 4.79181E-2 5.69125E-2 6.85501E-2 8.62363E-2 9.96756E-2 9.92883E-2 9.74914E-2 9.38192E-2 1.02265E-1 1.16533E-1 1.19927E-1
4.41009E-2 7.02538E-2 7.78296E-2 2.91044E-2 4.71805E-2 2.29153E-2 2.49093E-2 2.54123E-2 2.81412E-2 2.33669E-2 1.92272E-2 1.39487E-2 1.18858E-2 9.89965E-3 9.24944E-3 7.00083E-3 6.41641E-3 5.79391E-3 1.29629E-2 1.88286E-2 7.30593E-3 5.69709E-3 9.20495E-3 6.11935E-3 4.66741E-3 4.28118E-3 5.33538E-3 5.21788E-3 7.32882E-3 2.08742E-2 1.75951E-2 1.20643E-2 1.11077E-2 8.50134E-3 8.03142E-3 7.79983E-3 8.51645E-3 8.89872E-3 8.53297E-3 1.00254E-2 1.38991E-2 1.76812E-2 2.69602E-2 3.5983E-2 3.74874E-2 4.18074E-2 4.25357E-2 3.95482E-2 3.25197E-2 3.83315E-2 4.50432E-2 5.37431E-2 6.39764E-2 7.55161E-2 8.79229E-2 1.09686E-1 1.09572E-1 1.08552E-1 1.11266E-1 1.17397E-1 1.1994E-1
3.33805E-2 7.10456E-2 3.56436E-2 4.58777E-2 2.75139E-2 6.19879E-2 3.73949E-2 3.3301E-2 2.33938E-2 1.47012E-2 2.79309E-2 1.75464E-2 1.28086E-2 9.44046E-3 6.66595E-3 6.56257E-3 5.85841E-3 6.63702E-3 7.81014E-3 9.17576E-3 6.65333E-3 4.15024E-3 4.64793E-3 6.46946E-3 5.87988E-3 4.44537E-3 5.36478E-3 1.00235E-2 7.15949E-3 1.76921E-2 2.01043E-2 1.24422E-2 1.18921E-2 1.03435E-2 1.04869E-2 1.05301E-2 9.53693E-3 1.06141E-2 1.04148E-2 1.14511E-2 1.41908E-2 1.71826E-2 2.24985E-2 2.66604E-2 4.1329E-2 4.46134E-2 4.44152E-2 3.76955E-2 3.75782E-2 3.83559E-2 4.1631E-2 5.77145E-2 7.46083E-2 8.38206E-2 9.10891E-2 1.03183E-1 1.01848E-1 1.08933E-1 1.18682E-1 1.36696E-1 1.35012E-1
