data/maxent/outputs/white_5.asc
ncols         426
nrows         180
xllcorner     -130.0
yllcorner     24.0
cellsize      0.16666666666666666
NODATA_value  -9999
[rows 27 to 53 of 180, columns 305 to 365 of 426]
3.24362E-5 3.01325E-5 3.11758E-5 3.84895E-5 3.14195E-5 3.21159E-5 3.08849E-5 2.76737E-5 2.89363E-5 3.03938E-5 3.15384E-5 2.86048E-5 2.78815E-5 3.16989E-5 3.25201E-5 3.85939E-5 5.2459E-5 4.48468E-5 3.36064E-5 3.54427E-5 3.2891E-5 3.16326E-5 3.84652E-5 4.12741E-5 2.68783E-5 3.35027E-5 3.7958E-5 2.10859E-5 2.47211E-5 2.91493E-5 2.00664E-5 1.61936E-5 1.77851E-5 1.75847E-5 1.79461E-5 1.42214E-5 1.79933E-5 2.02592E-5 2.18739E-5 2.162E-5 2.41553E-5 2.99838E-5 3.28932E-5 3.63047E-5 3.50458E-5 3.32362E-5 3.8629E-5 4.61331E-5 3.50671E-5 4.55447E-5 2.95299E-5 4.08118E-5 4.62846E-5 4.19945E-5 5.54389E-5 7.20738E-5 6.15992E-5 6.02809E-5 4.21048E-5 4.05039E-5 5.83065E-5
3.90591E-5 3.67991E-5 3.19873E-5 3.08551E-5 2.73098E-5 2.86554E-5 2.84245E-5 2.84089E-5 2.45155E-5 2.80337E-5 3.57264E-5 3.36737E-5 3.11819E-5 2.8646E-5 3.10379E-5 3.24077E-5 3.98829E-5 2.9359E-5 2.74036E-5 2.90698E-5 2.4813E-5 2.91903E-5 3.25434E-5 3.01521E-5 2.44671E-5 3.69967E-5 2.86502E-5 2.48131E-5 2.33227E-5 2.49594E-5 2.43821E-5 1.91914E-5 2.19395E-5 1.78622E-5 1.67674E-5 1.78039E-5 1.79335E-5 2.0716E-5 2.34846E-5 2.63402E-5 2.62531E-5 3.09228E-5 3.70912E-5 4.20154E-5 3.81705E-5 3.16718E-5 3.88705E-5 5.24474E-5 3.53618E-5 3.20875E-5 2.65584E-5 2.56296E-5 3.33644E-5 3.30452E-5 4.76823E-5 5.89569E-5 5.077E-5 5.21837E-5 7.26109E-5 1.30836E-4 1.29007E-4
5.49417E-5 5.0739E-5 3.78131E-5 3.2419E-5 2.92141E-5 3.48034E-5 3.27465E-5 3.03213E-5 2.9732E-5 3.65068E-5 3.88962E-5 4.3634E-5 5.10316E-5 6.29989E-5 3.29296E-5 3.36109E-5 2.60922E-5 2.64368E-5 2.41282E-5 2.37566E-5 2.33609E-5 2.47755E-5 2.57826E-5 2.76973E-5 2.45626E-5 2.55704E-5 3.25477E-5 2.60004E-5 2.23594E-5 2.05737E-5 2.13301E-5 1.93318E-5 2.17089E-5 2.25879E-5 2.15426E-5 2.04976E-5 2.45421E-5 2.72111E-5 2.70366E-5 3.00123E-5 3.21728E-5 3.46052E-5 4.20476E-5 4.87944E-5 5.18444E-5 4.71175E-5 4.50161E-5 5.87603E-5 5.41013E-5 3.62647E-5 3.261E-5 2.28695E-5 2.68068E-5 3.12365E-5 3.32123E-5 3.98787E-5 5.15208E-5 5.9302E-5 7.38806E-5 1.57793E-4 2.87517E-4
4.47461E-5 4.90103E-5 3.42002E-5 4.87008E-5 4.25964E-5 2.53682E-5 2.95864E-5 3.21825E-5 3.09962E-5 4.13358E-5 3.92607E-5 3.81716E-5 4.41075E-5 3.88234E-5 3.07943E-5 3.00775E-5 2.73526E-5 3.08888E-5 2.41248E-5 2.97082E-5 3.1087E-5 3.23771E-5 3.01514E-5 2.71924E-5 2.74568E-5 2.68623E-5 2.83233E-5 2.55731E-5 2.80397E-5 2.34223E-5 2.39005E-5 2.11274E-5 2.14377E-5 2.05226E-5 2.13807E-5 2.38934E-5 2.73329E-5 3.51233E-5 3.60426E-5 3.23233E-5 3.1702E-5 3.73335E-5 3.93588E-5 5.14799E-5 5.60709E-5 6.70527E-5 7.69922E-5 5.56508E-5 4.47344E-5 2.66981E-5 3.12406E-5 2.20839E-5 4.3305E-5 2.95044E-5 3.69918E-5 4.11202E-5 6.06536E-5 9.90967E-5 2.03214E-4 2.95864E-4 5.48424E-4
4.04986E-5 6.14216E-5 3.74774E-5 3.61252E-5 3.3192E-5 2.91685E-5 3.75793E-5 4.24009E-5 4.10914E-5 3.62745E-5 3.43645E-5 3.31689E-5 4.70877E-5 7.06785E-5 3.30451E-5 2.69703E-5 2.85541E-5 2.92472E-5 3.27119E-5 3.18904E-5 4.53015E-5 3.70905E-5 3.3044E-5 4.34609E-5 4.26304E-5 3.67863E-5 4.94662E-5 5.85553E-5 3.18754E-5 3.60869E-5 2.38658E-5 2.33199E-5 2.11047E-5 1.90831E-5 2.42425E-5 2.38085E-5 3.37886E-5 4.90638E-5 6.22221E-5 5.59698E-5 4.64032E-5 8.22152E-5 1.12235E-4 8.41456E-5 8.33278E-5 6.01919E-5 6.87058E-5 6.53119E-5 5.77413E-5 3.42842E-5 2.85509E-5 2.41072E-5 2.89113E-5 2.35855E-5 4.94735E-5 6.48305E-5 1.21286E-4 2.31365E-4 3.70272E-4 4.84171E-4 6.06002E-4
5.48779E-5 7.71383E-5 8.95738E-5 6.43094E-5 3.58075E-5 3.41761E-5 3.51916E-5 2.76519E-5 3.29324E-5 4.40737E-5 2.67254E-5 2.69998E-5 6.58436E-5 3.33507E-5 2.91057E-5 4.18828E-5 4.35642E-5 3.40777E-5 3.93118E-5 5.12363E-5 5.59346E-5 4.68534E-5 3.37271E-5 6.33055E-5 8.07862E-5 8.2369E-5 9.96092E-5 9.73585E-5 6.65465E-5 3.98885E-5 4.41879E-5 2.97247E-5 2.87235E-5 2.11724E-5 2.13535E-5 2.17794E-5 2.25434E-5 4.39808E-5 5.67383E-5 7.83277E-5 8.71439E-5 2.84576E-4 4.53002E-4 4.36593E-4 2.43633E-4 9.30693E-5 8.49448E-5 5.54813E-5 7.29767E-5 8.41541E-5 5.98191E-5 4.30192E-5 3.65951E-5 3.95589E-5 7.56894E-5 1.27494E-4 1.78451E-4 3.48252E-4 7.10532E-4 7.28822E-4 7.89829E-4
9.33043E-5 6.90723E-5 6.77637E-5 9.21686E-5 9.82084E-5 1.01501E-4 7.8295E-5 5.30146E-5 5.37671E-5 3.75794E-5 3.23438E-5 3.96029E-5 5.64613E-5 3.7024E-5 3.85084E-5 5.25094E-5 4.91075E-5 3.36867E-5 2.76753E-5 2.98471E-5 3.2643E-5 4.7762E-5 6.55761E-5 8.99003E-5 1.03701E-4 4.45766E-5 5.48855E-5 7.23242E-5 6.47427E-5 8.23098E-5 6.98824E-5 4.03159E-5 4.23132E-5 3.1678E-5 2.25974E-5 2.66066E-5 3.0064E-5 4.37475E-5 5.30284E-5 5.44975E-5 7.4466E-5 1.15487E-4 1.94922E-4 2.83989E-4 1.25677E-4 1.33349E-4 1.57819E-4 1.35038E-4 1.17973E-4 1.81236E-4 2.40822E-4 1.75006E-4 1.57366E-4 1.0257E-4 1.29977E-4 2.37206E-4 3.41774E-4 5.25019E-4 8.86494E-4 8.96774E-4 -9999
1.00849E-4 1.06368E-4 1.00873E-4 1.22229E-4 1.72635E-4 1.45483E-4 1.33391E-4 6.62054E-5 6.53835E-5 6.25006E-5 8.91643E-5 6.32402E-5 3.87258E-5 3.2062E-5 3.81801E-5 3.40184E-5 3.6941E-5 3.53947E-5 4.3881E-5 3.38576E-5 4.76316E-5 5.18292E-5 5.38739E-5 6.66332E-5 6.28576E-5 3.72607E-5 3.58055E-5 4.75078E-5 4.48035E-5 4.97468E-5 5.89056E-5 4.50256E-5 3.88266E-5 3.16821E-5 3.02595E-5 3.40454E-5 4.31544E-5 8.61645E-5 6.96773E-5 6.77004E-5 7.19932E-5 1.00677E-4 8.99079E-5 1.04394E-4 9.77981E-5 1.13798E-4 1.36545E-4 1.44162E-4 1.35535E-4 1.47869E-4 1.42846E-4 1.44547E-4 1.66648E-4 2.99323E-4 6.03344E-4 9.04678E-4 6.03963E-4 8.74005E-4 6.803E-4 -9999 4.00885E-3
1.07006E-4 1.34013E-4 1.01805E-4 8.02765E-5 7.84396E-5 9.02242E-5 1.18448E-4 1.60014E-4 8.46207E-5 5.47928E-5 7.59495E-5 1.13378E-4 9.88774E-5 6.17332E-5 6.24639E-5 5.69902E-5 4.49815E-5 4.93354E-5 5.47563E-5 6.87843E-5 6.50706E-5 5.60524E-5 7.28452E-5 7.37895E-5 3.45535E-5 3.57032E-5 5.63722E-5 5.57182E-5 5.22401E-5 4.82675E-5 5.92063E-5 7.1011E-5 5.50847E-5 4.93653E-5 5.47215E-5 5.67145E-5 7.28337E-5 8.82038E-5 8.88766E-5 7.12876E-5 7.0403E-5 6.66292E-5 5.32759E-5 8.75773E-5 7.90118E-5 7.86685E-5 9.03514E-5 9.06194E-5 1.12836E-4 1.29444E-4 1.48344E-4 1.48158E-4 1.55557E-4 2.58571E-4 5.0753E-4 9.10809E-4 1.81461E-3 3.5211E-3 3.97236E-3 1.64075E-3 1.13322E-3
1.57254E-4 1.37547E-4 1.29769E-4 1.25675E-4 1.2854E-4 1.09105E-4 1.30919E-4 8.43093E-5 8.28971E-5 6.60505E-5 6.80261E-5 1.13834E-4 1.31491E-4 1.27584E-4 9.40451E-5 1.05365E-4 8.8884E-5 9.26542E-5 8.33205E-5 7.80704E-5 7.11818E-5 6.65505E-5 8.25517E-5 7.8394E-5 5.78278E-5 4.92505E-5 6.4329E-5 5.87445E-5 7.14482E-5 5.71118E-5 6.353E-5 6.64095E-5 7.5779E-5 8.87122E-5 9.15521E-5 7.40054E-5 1.04576E-4 1.13238E-4 1.35217E-4 1.34292E-4 1.21506E-4 1.03997E-4 7.06172E-5 7.23938E-5 8.29739E-5 5.54799E-5 5.23688E-5 6.04816E-5 6.23628E-5 7.09222E-5 1.03685E-4 1.38055E-4 2.77307E-4 2.81514E-4 5.50826E-4 1.3082E-3 3.79078E-3 4.06698E-3 1.73919E-3 8.72968E-4 5.02478E-4
1.56984E-4 1.60139E-4 1.43068E-4 1.23152E-4 1.30192E-4 1.6452E-4 1.7345E-4 1.43401E-4 9.2726E-5 9.9488E-5 1.56182E-4 1.46308E-4 1.37547E-4 1.09538E-4 7.04373E-5 8.39328E-5 1.00812E-4 9.90019E-5 9.77464E-5 8.20392E-5 9.30587E-5 7.65907E-5 8.92525E-5 8.26929E-5 7.63865E-5 7.49279E-5 8.27738E-5 7.25357E-5 8.40699E-5 8.11504E-5 9.28765E-5 1.15922E-4 1.03547E-4 1.02247E-4 1.27248E-4 1.59948E-4 1.42848E-4 1.72305E-4 1.58612E-4 1.58625E-4 1.32239E-4 1.02247E-4 9.79222E-5 8.73976E-5 7.81817E-5 7.08318E-5 5.91948E-5 6.47217E-5 5.6509E-5 7.40282E-5 7.13041E-5 2.10263E-4 5.31448E-4 5.35399E-4 7.1515E-4 1.53995E-3 5.11439E-3 1.61572E-3 1.21995E-3 6.28983E-4 4.09951E-4
1.69173E-4 1.46214E-4 2.68987E-4 1.88632E-4 1.2598E-4 1.1786E-4 1.69078E-4 1.17401E-4 1.12872E-4 1.58666E-4 1.73758E-4 1.9603E-4 1.61778E-4 1.30299E-4 9.47939E-5 1.31617E-4 1.26451E-4 9.79636E-5 1.09714E-4 1.20551E-4 9.97683E-5 8.18025E-5 8.48554E-5 7.79345E-5 8.2648E-5 7.46829E-5 7.59623E-5 7.77745E-5 9.44656E-5 9.67942E-5 1.40036E-4 1.45037E-4 9.501E-5 1.00814E-4 1.52057E-4 1.33562E-4 1.63449E-4 1.81124E-4 1.63493E-4 1.55989E-4 1.26865E-4 1.32009E-4 1.15057E-4 9.68928E-5 7.31302E-5 5.65487E-5 6.12083E-5 6.65564E-5 6.85753E-5 8.83969E-5 1.28082E-4 6.89414E-4 4.40799E-4 6.65081E-4 8.81099E-4 1.95792E-3 1.6162E-3 1.17457E-3 8.21595E-4 6.23438E-4 4.68211E-4
1.49969E-4 1.31141E-4 1.32641E-4 1.51405E-4 1.65032E-4 1.82283E-4 1.66048E-4 1.57605E-4 1.64743E-4 1.64514E-4 1.54118E-4 2.29104E-4 1.95015E-4 1.93355E-4 2.00472E-4 2.23669E-4 1.825E-4 1.03281E-4 1.22118E-4 1.21196E-4 1.21086E-4 1.03303E-4 8.98503E-5 9.62705E-5 1.21966E-4 8.79393E-5 8.80677E-5 1.25E-4 1.78116E-4 2.08973E-4 8.81376E-5 1.11417E-4 8.68999E-5 1.00223E-4 1.25016E-4 2.00189E-4 2.51474E-4 2.22027E-4 1.935E-4 2.04523E-4 1.51356E-4 1.47503E-4 1.249E-4 1.22747E-4 8.5787E-5 6.78932E-5 8.67032E-5 8.44724E-5 8.11225E-5 1.00173E-4 3.40846E-4 1.05965E-3 2.01183E-3 1.31678E-3 3.04732E-3 1.19737E-3 8.00876E-4 6.44145E-4 6.19902E-4 5.52741E-4 5.76627E-4
1.74389E-4 1.73337E-4 1.37544E-4 1.44836E-4 1.67904E-4 2.01602E-4 1.24792E-4 1.40316E-4 1.47945E-4 1.50321E-4 1.27566E-4 1.56446E-4 1.62061E-4 1.4378E-4 1.55331E-4 2.34654E-4 1.52135E-4 1.23668E-4 1.17254E-4 9.90156E-5 1.12702E-4 1.25871E-4 1.05532E-4 1.0272E-4 1.14627E-4 9.33898E-5 7.43024E-5 7.77983E-5 1.2226E-4 1.39514E-4 1.06084E-4 9.66789E-5 8.77908E-5 1.04751E-4 1.07644E-4 1.64042E-4 1.98394E-4 2.10838E-4 2.07929E-4 1.60008E-4 1.69393E-4 1.881E-4 1.55321E-4 1.24052E-4 1.11144E-4 1.09173E-4 1.63062E-4 1.59729E-4 1.99853E-4 3.71785E-4 7.70462E-4 9.84969E-4 -9999 1.72864E-3 1.18089E-3 8.18361E-4 5.45274E-4 5.39929E-4 5.61237E-4 4.91249E-4 5.37038E-4
3.19609E-4 2.43585E-4 2.10312E-4 2.63821E-4 2.34034E-4 1.98446E-4 1.55516E-4 1.66391E-4 1.3141E-4 1.43608E-4 1.36368E-4 1.43722E-4 1.61353E-4 1.53114E-4 1.50988E-4 1.52039E-4 1.63634E-4 1.40922E-4 1.26859E-4 1.57831E-4 1.97772E-4 1.24759E-4 1.78278E-4 1.29586E-4 1.16945E-4 9.91165E-5 7.45088E-5 8.2469E-5 9.71507E-5 1.13233E-4 1.37339E-4 1.44331E-4 1.51809E-4 1.4401E-4 1.40376E-4 1.80894E-4 2.0139E-4 2.88978E-4 2.69176E-4 2.67498E-4 2.03148E-4 2.1237E-4 1.87742E-4 2.0317E-4 2.01377E-4 2.63498E-4 3.54304E-4 3.62198E-4 6.22881E-4 8.64075E-4 8.69428E-4 4.09209E-3 1.55398E-3 9.5301E-4 6.19737E-4 5.02388E-4 4.23197E-4 4.57975E-4 4.38269E-4 4.35303E-4 4.63252E-4
4.10763E-4 4.29001E-4 3.37135E-4 2.53513E-4 1.99511E-4 1.49478E-4 1.56656E-4 2.33139E-4 1.7018E-4 1.3882E-4 1.15869E-4 1.43039E-4 1.22856E-4 1.28953E-4 1.57382E-4 1.80422E-4 1.85101E-4 2.22831E-4 1.80489E-4 2.41145E-4 2.73159E-4 2.37577E-4 2.05552E-4 1.22531E-4 1.50805E-4 1.29686E-4 1.17587E-4 9.39378E-5 1.01184E-4 1.26057E-4 1.34699E-4 1.48927E-4 1.57565E-4 1.95867E-4 2.08287E-4 2.36436E-4 2.75445E-4 3.7956E-4 3.86818E-4 3.89362E-4 2.59483E-4 2.6835E-4 2.85529E-4 2.27347E-4 2.83402E-4 3.53579E-4 4.59484E-4 5.48666E-4 7.78156E-4 9.17322E-4 7.01294E-4 8.15274E-4 7.13556E-4 5.98753E-4 5.14367E-4 4.25128E-4 3.85199E-4 3.83368E-4 3.97121E-4 3.86236E-4 3.74074E-4
4.02606E-4 4.14492E-4 3.19626E-4 2.93626E-4 2.24403E-4 1.82882E-4 1.96741E-4 1.86875E-4 2.04822E-4 1.4356E-4 1.65158E-4 1.70211E-4 1.43265E-4 1.60394E-4 1.93124E-4 2.29646E-4 3.11821E-4 3.26106E-4 3.08155E-4 5.23651E-4 7.10219E-4 2.82679E-4 1.49817E-4 1.75407E-4 2.35339E-4 1.74128E-4 1.40416E-4 1.24698E-4 1.39287E-4 1.46104E-4 1.64588E-4 2.51517E-4 2.59441E-4 1.89107E-4 2.42104E-4 2.15512E-4 3.61358E-4 4.04223E-4 5.59786E-4 3.06229E-4 2.5714E-4 3.17192E-4 3.27305E-4 3.42692E-4 3.60006E-4 4.52187E-4 6.07342E-4 7.55103E-4 4.88791E-4 4.29869E-4 4.98336E-4 5.93919E-4 5.15663E-4 5.46166E-4 4.91253E-4 4.41311E-4 4.14465E-4 4.0781E-4 3.98197E-4 4.10258E-4 3.70669E-4
3.98423E-4 4.73467E-4 3.39149E-4 2.60219E-4 3.38432E-4 3.03193E-4 2.27363E-4 2.18341E-4 1.86035E-4 1.77234E-4 1.55424E-4 2.39905E-4 2.22241E-4 2.24576E-4 2.55341E-4 3.25246E-4 3.75142E-4 4.39913E-4 3.87458E-4 3.06928E-4 3.44814E-4 2.70281E-4 2.13947E-4 2.36963E-4 3.00793E-4 2.17286E-4 1.96401E-4 1.99406E-4 1.6878E-4 1.71688E-4 2.00383E-4 1.9895E-4 1.85144E-4 2.18955E-4 2.59485E-4 4.10062E-4 4.451E-4 5.15737E-4 6.2971E-4 3.89978E-4 3.87306E-4 5.31158E-4 6.35E-4 6.44608E-4 6.07565E-4 5.09253E-4 5.63081E-4 5.28241E-4 4.34829E-4 4.12995E-4 5.47573E-4 4.82092E-4 4.86265E-4 5.29547E-4 4.20623E-4 4.54307E-4 5.3946E-4 4.30189E-4 3.67184E-4 3.62404E-4 3.8472E-4
3.32481E-4 4.49551E-4 4.96698E-4 3.33624E-4 3.11701E-4 2.4648E-4 2.27756E-4 2.6921E-4 2.53205E-4 2.08331E-4 2.24801E-4 2.84951E-4 4.08795E-4 3.59927E-4 2.90393E-4 3.8127E-4 5.20073E-4 4.80739E-4 4.66269E-4 3.81012E-4 4.42204E-4 4.51313E-4 3.34599E-4 3.05501E-4 2.95397E-4 2.81171E-4 2.47703E-4 2.4271E-4 2.01646E-4 2.42174E-4 3.09835E-4 2.93904E-4 2.91052E-4 3.82965E-4 4.84415E-4 5.93639E-4 5.61167E-4 5.26432E-4 7.86894E-4 8.14606E-4 6.59607E-4 1.01903E-3 6.61615E-4 7.12029E-4 6.9688E-4 5.98607E-4 5.95291E-4 5.25068E-4 5.15826E-4 5.26335E-4 5.93842E-4 4.99428E-4 4.84433E-4 4.8522E-4 4.51757E-4 4.95131E-4 5.58894E-4 6.38486E-4 5.08506E-4 4.68336E-4 4.39472E-4
4.41828E-4 4.46394E-4 4.11557E-4 4.06632E-4 4.29478E-4 4.12145E-4 3.84106E-4 3.92709E-4 4.14099E-4 3.65538E-4 3.02483E-4 3.35992E-4 3.82301E-4 4.32234E-4 4.81327E-4 4.5384E-4 5.28467E-4 6.09875E-4 8.53294E-4 6.10889E-4 9.7708E-4 7.65615E-4 5.33887E-4 4.71876E-4 5.46347E-4 4.38136E-4 3.17255E-4 3.1337E-4 2.60619E-4 3.04275E-4 4.26862E-4 4.9448E-4 5.41358E-4 6.08852E-4 5.5327E-4 7.12079E-4 6.13125E-4 6.48444E-4 1.29091E-3 1.22737E-3 9.36062E-4 8.51479E-4 8.52082E-4 7.91919E-4 6.05757E-4 6.94288E-4 7.43387E-4 7.39399E-4 6.49702E-4 6.42927E-4 6.15972E-4 5.47115E-4 4.7932E-4 4.86656E-4 4.72429E-4 4.76069E-4 5.30653E-4 6.88439E-4 6.63646E-4 7.0069E-4 5.64133E-4
5.59111E-4 6.0197E-4 5.17821E-4 4.62469E-4 5.0406E-4 3.77816E-4 3.85472E-4 4.15157E-4 4.40705E-4 4.4654E-4 5.0188E-4 5.04573E-4 5.12117E-4 5.38972E-4 6.10065E-4 5.92748E-4 6.86968E-4 7.33051E-4 6.40747E-4 9.53904E-4 1.40834E-3 7.04763E-4 5.49803E-4 5.37342E-4 7.35589E-4 5.37603E-4 4.87611E-4 3.47585E-4 3.60584E-4 4.03349E-4 5.98076E-4 8.44168E-4 1.02607E-3 7.04733E-4 5.96239E-4 7.26993E-4 1.61266E-3 1.84689E-3 1.26275E-3 1.12694E-3 1.04113E-3 9.01928E-4 8.15074E-4 6.77301E-4 6.96668E-4 7.38433E-4 6.93087E-4 5.86158E-4 7.53497E-4 6.18618E-4 6.41092E-4 6.53188E-4 6.14871E-4 4.72267E-4 4.97746E-4 5.11501E-4 5.96133E-4 5.57054E-4 6.39371E-4 5.34744E-4 6.31727E-4
7.24454E-4 5.86661E-4 5.55891E-4 6.16035E-4 5.33642E-4 5.71029E-4 4.78932E-4 4.70375E-4 4.9745E-4 5.32817E-4 5.25868E-4 8.91252E-4 5.4391E-4 6.45607E-4 7.04798E-4 7.80526E-4 7.39488E-4 6.99518E-4 6.33044E-4 8.99103E-4 1.31791E-3 8.78176E-4 6.49749E-4 6.17187E-4 9.57872E-4 5.33814E-4 5.54857E-4 6.60702E-4 5.64255E-4 7.62526E-4 1.11088E-3 1.40002E-3 1.05681E-3 7.12552E-4 1.03208E-3 1.74537E-3 1.53678E-3 1.10788E-3 1.07996E-3 1.73483E-3 1.54812E-3 1.20721E-3 8.85777E-4 7.46237E-4 6.85935E-4 7.43361E-4 8.39861E-4 9.11018E-4 8.70677E-4 7.81666E-4 7.79466E-4 7.38615E-4 8.01964E-4 6.57421E-4 6.98142E-4 7.23575E-4 7.32349E-4 6.88469E-4 6.56925E-4 7.28184E-4 7.28304E-4
7.45807E-4 6.63261E-4 6.9796E-4 8.18362E-4 9.57471E-4 7.01718E-4 5.6556E-4 5.92399E-4 7.18978E-4 7.06988E-4 7.66227E-4 7.00177E-4 6.15656E-4 6.64082E-4 7.85485E-4 7.4634E-4 7.18357E-4 9.37472E-4 8.50596E-4 8.2154E-4 1.1535E-3 1.06923E-3 8.64157E-4 9.09473E-4 6.05298E-4 7.96363E-4 1.07971E-3 9.22276E-4 9.91447E-4 1.28069E-3 1.49148E-3 1.11265E-3 1.27092E-3 1.67563E-3 2.21974E-3 1.75726E-3 1.63987E-3 1.41311E-3 1.41282E-3 1.47663E-3 1.45965E-3 1.38928E-3 1.27731E-3 8.61051E-4 7.68059E-4 9.6149E-4 1.01779E-3 1.11379E-3 1.03186E-3 9.78629E-4 8.727E-4 8.1606E-4 9.16803E-4 8.15906E-4 7.55048E-4 8.07411E-4 1.68317E-3 1.00134E-3 6.89043E-4 8.42414E-4 1.28278E-3
9.12129E-4 7.99251E-4 8.52544E-4 8.99996E-4 8.10129E-4 7.44392E-4 7.05983E-4 7.7511E-4 9.01074E-4 8.78234E-4 9.61357E-4 9.29214E-4 9.09604E-4 6.89516E-4 7.97465E-4 9.46216E-4 7.77199E-4 9.13172E-4 1.13629E-3 1.27309E-3 1.24044E-3 1.03011E-3 9.9117E-4 9.56142E-4 9.78699E-4 7.34652E-4 7.59954E-4 9.1836E-4 1.02124E-3 1.33412E-3 1.29745E-3 2.68114E-3 3.95357E-3 4.43128E-3 3.80961E-3 2.62674E-3 2.12797E-3 1.8118E-3 1.83277E-3 1.79663E-3 1.48464E-3 1.56727E-3 1.37692E-3 1.09623E-3 1.14345E-3 1.12026E-3 1.10301E-3 1.03635E-3 9.7901E-4 9.76028E-4 9.29624E-4 1.03609E-3 9.99407E-4 8.50643E-4 8.13246E-4 7.83294E-4 1.10773E-3 1.90875E-3 7.75263E-4 9.64395E-4 1.34317E-3
1.39758E-3 1.05192E-3 9.42492E-4 9.76091E-4 9.75569E-4 8.87717E-4 7.90526E-4 1.19091E-3 1.3684E-3 1.08664E-3 8.80997E-4 9.92701E-4 1.20519E-3 1.07835E-3 9.81078E-4 1.08133E-3 1.06038E-3 1.00894E-3 1.05879E-3 1.83577E-3 2.35713E-3 1.6449E-3 1.01821E-3 1.10846E-3 1.16711E-3 8.93595E-4 1.03782E-3 1.01255E-3 1.11908E-3 1.94225E-3 3.02214E-3 5.3583E-3 5.67493E-3 4.97043E-3 3.70585E-3 2.68039E-3 2.12516E-3 1.90638E-3 1.89912E-3 2.06096E-3 1.485E-3 1.77466E-3 1.70354E-3 1.46891E-3 1.22927E-3 1.17508E-3 1.14526E-3 1.0207E-3 9.37427E-4 1.03006E-3 1.00946E-3 9.24863E-4 9.51215E-4 1.01917E-3 9.0472E-4 9.00364E-4 8.99935E-4 1.00874E-3 1.24584E-3 1.6499E-3 1.84474E-3
2.39137E-3 1.69804E-3 1.93989E-3 1.65633E-3 1.31977E-3 1.10966E-3 1.10796E-3 1.03955E-3 1.2045E-3 1.10708E-3 1.05587E-3 1.26181E-3 1.24292E-3 1.69989E-3 2.11513E-3 2.33282E-3 2.02129E-3 1.33248E-3 1.19278E-3 1.56618E-3 1.77136E-3 1.62472E-3 1.47107E-3 1.31794E-3 1.22942E-3 1.52605E-3 2.06093E-3 1.95072E-3 1.9827E-3 2.01184E-3 3.4694E-3 3.67399E-3 3.08011E-3 2.51199E-3 2.05975E-3 2.49225E-3 2.03595E-3 1.9917E-3 2.07508E-3 1.78456E-3 1.84026E-3 2.26966E-3 1.93172E-3 1.61531E-3 1.23125E-3 1.18563E-3 1.17604E-3 9.59163E-4 8.35162E-4 7.52656E-4 9.69656E-4 1.1584E-3 1.1992E-3 1.46361E-3 1.37424E-3 1.13026E-3 9.2198E-4 1.33897E-3 1.77236E-3 2.04033E-3 2.12003E-3
2.33958E-3 2.06226E-3 2.18033E-3 1.95652E-3 1.92308E-3 1.70516E-3 1.86735E-3 1.55946E-3 1.53193E-3 1.54274E-3 1.76456E-3 1.48958E-3 1.7708E-3 1.9888E-3 2.11627E-3 2.74857E-3 2.45803E-3 2.47019E-3 2.09471E-3 2.31487E-3 2.80238E-3 2.58161E-3 1.90244E-3 1.49733E-3 1.91678E-3 3.17159E-3 2.97998E-3 3.7052E-3 3.49346E-3 3.42206E-3 3.47471E-3 3.58265E-3 3.10859E-3 2.44573E-3 2.33406E-3 2.91491E-3 2.908E-3 2.0411E-3 2.04581E-3 2.0571E-3 2.26697E-3 2.52905E-3 1.62451E-3 1.3932E-3 1.09828E-3 1.0778E-3 9.39293E-4 9.82287E-4 9.79599E-4 9.76095E-4 9.42839E-4 1.017E-3 1.36539E-3 2.10292E-3 1.8515E-3 1.69135E-3 1.40355E-3 1.78592E-3 1.99891E-3 2.29474E-3 2.73959E-3
