data/maxent/outputs/white_113.asc
ncols         426
nrows         180
xllcorner     -130.0
yllcorner     24.0
cellsize      0.16666666666666666
NODATA_value  -9999
[rows 0 to 26 of 180, columns 61 to 121 of 426]
1.962E-2 2.08712E-2 3.55344E-2 4.92064E-2 6.31458E-2 5.07488E-2 4.64936E-2 4.27946E-2 4.32511E-2 4.20347E-2 4.69993E-2 4.9896E-2 4.88198E-2 5.10026E-2 4.84213E-2 4.60432E-2 5.52901E-2 4.79322E-2 3.69076E-2 3.33865E-2 3.53097E-2 3.54468E-2 3.4813E-2 3.38141E-2 3.47327E-2 3.22838E-2 2.91313E-2 2.25204E-2 2.17742E-2 2.14991E-2 2.23392E-2 2.569E-2 3.14541E-2 3.06628E-2 3.0319E-2 2.31945E-2 2.09145E-2 1.93768E-2 2.14876E-2 2.2516E-2 2.06118E-2 1.95867E-2 1.70292E-2 1.58846E-2 1.42567E-2 1.30836E-2 1.58052E-2 1.66245E-2 1.63774E-2 1.43646E-2 1.33019E-2 1.35755E-2 1.25666E-2 1.24877E-2 1.25093E-2 1.12296E-2 1.11676E-2 1.07839E-2 9.95449E-3 9.37372E-3 9.22554E-3
2.01661E-2 1.76538E-2 5.42528E-2 3.18596E-2 3.17553E-2 3.46468E-2 3.49801E-2 3.15496E-2 3.68813E-2 4.0824E-2 4.113E-2 4.54033E-2 4.74139E-2 4.81132E-2 4.62842E-2 5.00953E-2 5.28982E-2 3.98414E-2 4.22509E-2 4.53764E-2 4.2284E-2 3.17927E-2 2.60395E-2 2.4824E-2 2.38997E-2 2.33223E-2 3.09458E-2 2.42761E-2 2.49883E-2 2.88542E-2 3.11409E-2 3.29204E-2 3.74116E-2 3.32408E-2 3.65219E-2 3.1376E-2 2.1781E-2 2.37045E-2 2.21745E-2 2.57993E-2 2.64513E-2 2.44774E-2 2.53217E-2 1.75898E-2 1.59686E-2 1.56979E-2 1.41931E-2 1.6578E-2 1.69341E-2 1.6736E-2 1.4786E-2 1.35162E-2 1.30973E-2 1.23792E-2 1.19118E-2 1.1184E-2 1.09736E-2 1.06333E-2 9.79597E-3 8.237E-3 8.07339E-3
1.95948E-2 2.31294E-2 2.02624E-2 3.09475E-2 1.14359E-2 1.52638E-2 1.38061E-2 1.72909E-2 2.10698E-2 2.91849E-2 3.81118E-2 4.18766E-2 4.28798E-2 3.72072E-2 4.38799E-2 5.30539E-2 5.1692E-2 5.22904E-2 5.04492E-2 3.97497E-2 3.39381E-2 3.31703E-2 3.01502E-2 3.1946E-2 2.94589E-2 3.10521E-2 3.23496E-2 2.67661E-2 2.4305E-2 2.72712E-2 3.66122E-2 4.14116E-2 3.80925E-2 3.45003E-2 3.72048E-2 3.79838E-2 3.41649E-2 5.23555E-2 5.59484E-2 4.08452E-2 2.96193E-2 2.69409E-2 2.476E-2 2.03237E-2 1.58497E-2 1.45783E-2 1.41106E-2 1.78739E-2 1.96829E-2 1.74336E-2 1.51387E-2 1.21226E-2 1.31513E-2 1.28514E-2 1.2503E-2 1.15315E-2 1.09826E-2 1.07533E-2 1.06362E-2 8.89658E-3 7.99855E-3
1.93966E-2 1.10345E-2 5.73681E-3 2.54628E-2 1.06799E-2 8.24813E-3 1.11209E-2 1.83382E-2 3.17718E-2 3.11175E-2 2.97986E-2 4.0557E-2 4.84805E-2 5.34611E-2 4.63707E-2 4.49656E-2 4.79286E-2 5.11773E-2 5.17277E-2 4.25645E-2 4.42897E-2 4.14202E-2 3.7247E-2 3.58407E-2 3.62369E-2 3.58838E-2 3.8646E-2 3.43541E-2 3.36839E-2 3.02325E-2 2.85625E-2 3.63874E-2 4.75649E-2 3.53727E-2 3.25449E-2 2.9149E-2 3.43326E-2 4.09235E-2 4.0532E-2 2.94093E-2 3.14171E-2 2.88964E-2 2.96835E-2 2.87282E-2 1.71627E-2 1.46924E-2 1.42814E-2 1.64188E-2 1.7816E-2 1.67351E-2 1.4997E-2 1.42064E-2 1.35859E-2 1.43141E-2 1.38289E-2 1.23412E-2 1.14513E-2 1.0654E-2 9.8721E-3 1.06316E-2 1.07903E-2
1.94531E-2 2.18788E-2 1.47533E-2 8.84793E-3 7.20797E-3 6.74562E-3 1.0466E-2 1.44468E-2 1.24464E-2 2.88391E-2 3.37537E-2 5.06887E-2 4.46817E-2 3.63503E-2 3.63473E-2 4.05927E-2 4.23303E-2 4.89847E-2 4.80045E-2 4.27431E-2 4.16548E-2 3.91746E-2 3.82666E-2 3.71945E-2 3.5044E-2 3.5409E-2 3.32051E-2 3.44404E-2 3.02308E-2 3.42463E-2 3.47755E-2 3.726E-2 4.13543E-2 4.31069E-2 3.95228E-2 3.80903E-2 3.71919E-2 3.72924E-2 3.09941E-2 2.54489E-2 2.49852E-2 2.80408E-2 2.99012E-2 2.91071E-2 2.2144E-2 1.78467E-2 1.66149E-2 1.47645E-2 1.74145E-2 1.9238E-2 1.63022E-2 1.70297E-2 1.57764E-2 1.65287E-2 1.61012E-2 1.3685E-2 1.21066E-2 1.13929E-2 1.1018E-2 1.33549E-2 1.36966E-2
1.00073E-1 7.52309E-2 1.92828E-2 3.14472E-2 1.13358E-2 1.57045E-2 8.53406E-3 1.02164E-2 1.1468E-2 1.53651E-2 4.90902E-2 3.87739E-2 2.6574E-2 2.05762E-2 2.53498E-2 3.0994E-2 3.25759E-2 3.25805E-2 3.67032E-2 3.90146E-2 3.6414E-2 3.4632E-2 3.43918E-2 3.61291E-2 3.99346E-2 3.94332E-2 4.15006E-2 4.10434E-2 3.98706E-2 3.54105E-2 3.49027E-2 3.68775E-2 3.75804E-2 3.75462E-2 4.28976E-2 4.08294E-2 4.09003E-2 3.78132E-2 3.29295E-2 2.99567E-2 2.85806E-2 2.75222E-2 2.79453E-2 2.57334E-2 2.0279E-2 1.65791E-2 1.73098E-2 1.50548E-2 1.58683E-2 1.80619E-2 1.75741E-2 1.67227E-2 1.4951E-2 1.48031E-2 1.62592E-2 1.4737E-2 1.31363E-2 1.17812E-2 1.27513E-2 1.39144E-2 1.62846E-2
9.32088E-3 2.56445E-2 1.52345E-1 5.46476E-2 1.47635E-2 2.54527E-2 2.81029E-2 2.23212E-2 2.63496E-2 2.59521E-2 5.85532E-2 2.16132E-2 2.01123E-2 1.75952E-2 1.45733E-2 1.86153E-2 2.25964E-2 2.58545E-2 2.86899E-2 3.12019E-2 3.13709E-2 3.32215E-2 3.50355E-2 3.87768E-2 4.03616E-2 3.85033E-2 4.35297E-2 4.69608E-2 4.67833E-2 3.25638E-2 3.43493E-2 3.13263E-2 3.12106E-2 3.13698E-2 3.6129E-2 3.4875E-2 3.75849E-2 4.11858E-2 4.01695E-2 3.5324E-2 3.45846E-2 3.37639E-2 3.47439E-2 2.81649E-2 2.21419E-2 1.80386E-2 1.76217E-2 1.59091E-2 1.42534E-2 1.87671E-2 1.96617E-2 1.93078E-2 1.78661E-2 1.72309E-2 1.70152E-2 1.55994E-2 1.54988E-2 1.44495E-2 1.40342E-2 1.60587E-2 1.57462E-2
5.975E-3 9.28362E-3 2.82773E-2 1.4474E-1 8.63097E-2 2.09742E-2 1.26586E-2 2.6613E-2 1.52558E-2 9.79963E-3 2.077E-2 4.05775E-2 1.24952E-2 9.96617E-3 9.71583E-3 8.13657E-3 1.15943E-2 2.29589E-2 2.67803E-2 2.68752E-2 3.00776E-2 3.26726E-2 3.72448E-2 4.17369E-2 3.98888E-2 4.21288E-2 4.42471E-2 4.43612E-2 4.64873E-2 4.09122E-2 3.64977E-2 2.9602E-2 2.76984E-2 2.61701E-2 3.15401E-2 3.46603E-2 3.33882E-2 3.93071E-2 4.26809E-2 4.17914E-2 4.17654E-2 3.98345E-2 4.25191E-2 4.21123E-2 3.22325E-2 2.56776E-2 2.23682E-2 2.07434E-2 1.94352E-2 1.96747E-2 2.16106E-2 2.22663E-2 1.97339E-2 1.84594E-2 1.79641E-2 1.75517E-2 1.70967E-2 1.58539E-2 1.80037E-2 1.74325E-2 1.99486E-2
1.70126E-2 2.20011E-2 2.67006E-2 2.7903E-2 5.85095E-2 6.02276E-2 4.17982E-2 1.49235E-2 1.18629E-2 8.7623E-3 2.18878E-2 1.619E-2 2.12925E-2 1.19227E-2 5.34124E-3 4.26131E-3 8.25473E-3 1.82638E-2 1.80942E-2 2.11656E-2 2.43195E-2 2.63318E-2 2.7755E-2 3.4162E-2 3.76704E-2 3.76008E-2 4.31181E-2 4.54033E-2 4.52482E-2 3.69167E-2 3.13718E-2 2.89084E-2 2.4031E-2 2.85022E-2 3.26581E-2 3.5121E-2 3.39542E-2 3.88163E-2 4.05819E-2 3.91042E-2 4.12393E-2 4.12781E-2 3.99935E-2 4.38782E-2 3.7951E-2 3.28188E-2 3.02379E-2 3.01966E-2 2.89594E-2 3.16571E-2 3.17909E-2 2.97138E-2 2.56812E-2 2.15732E-2 2.02527E-2 1.8925E-2 2.02449E-2 2.06479E-2 2.38747E-2 2.33133E-2 2.15496E-2
3.19164E-2 1.2231E-2 2.31478E-2 6.60881E-2 5.66321E-2 1.00587E-2 8.48559E-2 5.24828E-2 2.415E-2 1.29092E-2 9.9523E-3 1.07966E-2 1.38161E-2 1.64E-2 1.00794E-2 5.97033E-3 7.13059E-3 1.0161E-2 7.74835E-3 1.56255E-2 2.52816E-2 3.01131E-2 3.09461E-2 3.12504E-2 3.58633E-2 3.80066E-2 4.12064E-2 4.64022E-2 4.57979E-2 3.02771E-2 2.13319E-2 2.48768E-2 2.70871E-2 3.12023E-2 3.2075E-2 3.09936E-2 3.22812E-2 3.45306E-2 3.62506E-2 3.87968E-2 3.81717E-2 4.4076E-2 4.35121E-2 4.37304E-2 3.65671E-2 3.85023E-2 4.50166E-2 4.34921E-2 4.04448E-2 3.36272E-2 3.28149E-2 2.83302E-2 2.51765E-2 2.3784E-2 1.96941E-2 1.90168E-2 1.80108E-2 1.95117E-2 2.09214E-2 2.21228E-2 2.20372E-2
4.03704E-2 2.86513E-2 1.92045E-2 8.0209E-2 3.19385E-2 1.21239E-2 1.02724E-2 6.42802E-2 5.43615E-2 1.82987E-2 1.98155E-2 6.33509E-3 5.98975E-3 9.32978E-3 5.96396E-3 5.23909E-3 6.62295E-3 4.81358E-3 7.9856E-3 1.39124E-2 3.25446E-2 3.0843E-2 2.66104E-2 2.75675E-2 2.90694E-2 3.32779E-2 3.53851E-2 3.8972E-2 3.91729E-2 3.24334E-2 2.65311E-2 2.59539E-2 2.69551E-2 2.08308E-2 2.59768E-2 2.82057E-2 3.23169E-2 3.10951E-2 3.19415E-2 3.64584E-2 3.8446E-2 3.92068E-2 3.90938E-2 3.92205E-2 3.51401E-2 3.02931E-2 3.19277E-2 3.96918E-2 4.76854E-2 4.08091E-2 2.63035E-2 2.74969E-2 2.89433E-2 2.67762E-2 2.36003E-2 1.81941E-2 1.76451E-2 1.85355E-2 2.07589E-2 2.18031E-2 2.00415E-2
7.04006E-2 8.6406E-2 7.99321E-2 1.08258E-1 4.46339E-2 1.28889E-2 2.58833E-2 8.48013E-2 1.06825E-1 7.21151E-2 3.42049E-2 1.67221E-2 1.17402E-2 7.21004E-3 1.16173E-2 5.70374E-3 1.01729E-2 1.24967E-2 8.81393E-3 2.00546E-2 3.82589E-2 1.62634E-2 1.86491E-2 2.52853E-2 2.68604E-2 2.77759E-2 2.88122E-2 3.39257E-2 3.41917E-2 3.34595E-2 3.09456E-2 3.01296E-2 2.77615E-2 2.51384E-2 2.45157E-2 2.95883E-2 2.71429E-2 2.62618E-2 2.88746E-2 3.45449E-2 3.67258E-2 3.19532E-2 2.94553E-2 2.86208E-2 2.66125E-2 2.74873E-2 3.31062E-2 2.46683E-2 2.30846E-2 2.44196E-2 2.29273E-2 2.00066E-2 2.0412E-2 2.08197E-2 1.7559E-2 1.76572E-2 1.78087E-2 1.58254E-2 1.54522E-2 1.49161E-2 1.56945E-2
4.2392E-2 8.12538E-2 7.12119E-2 8.88998E-2 9.91547E-2 2.53991E-2 3.86536E-2 1.03243E-1 3.63885E-2 1.611E-2 4.28468E-2 8.96547E-2 3.02172E-2 1.02647E-2 2.36682E-2 1.89035E-2 6.10528E-3 1.00785E-2 2.65091E-2 1.1506E-2 1.35482E-2 7.07114E-3 1.07329E-2 1.75469E-2 2.48207E-2 2.53914E-2 2.67146E-2 3.05298E-2 3.09114E-2 3.05273E-2 2.78074E-2 2.6986E-2 2.84968E-2 2.83207E-2 3.18108E-2 3.07321E-2 2.73375E-2 3.0162E-2 3.11976E-2 3.46965E-2 3.311E-2 2.62418E-2 1.96384E-2 2.49536E-2 2.46936E-2 2.31836E-2 2.65519E-2 2.45438E-2 2.32174E-2 1.71927E-2 1.51143E-2 1.5818E-2 1.62606E-2 1.35882E-2 1.38614E-2 1.60561E-2 1.25055E-2 1.07863E-2 1.03099E-2 9.34434E-3 1.10271E-2
1.43483E-1 1.51166E-1 1.53758E-1 1.18398E-1 7.95129E-2 1.70274E-2 7.13368E-2 1.25387E-1 2.95412E-2 1.72989E-2 1.39001E-2 7.17429E-3 6.66568E-2 1.32163E-1 7.92802E-2 2.7477E-2 1.26905E-2 5.51557E-3 1.18526E-2 9.2955E-3 7.84038E-3 5.25038E-3 8.56549E-3 1.02773E-2 1.48209E-2 2.26923E-2 2.58961E-2 2.89782E-2 2.79295E-2 2.90884E-2 2.47906E-2 2.58153E-2 2.40719E-2 2.72673E-2 3.26259E-2 3.06635E-2 2.9791E-2 2.93426E-2 3.21164E-2 3.3938E-2 2.89192E-2 2.71042E-2 2.0917E-2 2.04156E-2 2.62007E-2 2.7685E-2 2.57854E-2 2.3618E-2 2.32566E-2 1.43411E-2 1.17773E-2 1.21918E-2 1.52269E-2 1.37882E-2 1.14252E-2 1.38847E-2 1.42803E-2 1.10135E-2 9.86588E-3 8.91466E-3 9.17049E-3
2.00604E-1 1.91394E-1 1.37839E-1 1.84548E-1 7.22411E-2 3.74956E-2 2.89829E-2 1.37763E-1 7.05646E-2 5.101E-2 3.07944E-2 7.34777E-3 1.44586E-2 2.61616E-2 1.61968E-1 9.24195E-2 3.25057E-2 2.89402E-2 1.80018E-2 6.26888E-3 7.49878E-3 1.00276E-2 7.43364E-3 1.10006E-2 1.25511E-2 1.67175E-2 2.67447E-2 2.86887E-2 2.69139E-2 2.49024E-2 2.32424E-2 2.46388E-2 2.2388E-2 2.41097E-2 3.27254E-2 3.32225E-2 2.96148E-2 2.96358E-2 3.00689E-2 3.04188E-2 2.89465E-2 2.64042E-2 2.10795E-2 2.00114E-2 2.69463E-2 3.30754E-2 3.22984E-2 2.36873E-2 2.13536E-2 1.66796E-2 1.03063E-2 1.13874E-2 1.20047E-2 1.36894E-2 1.24058E-2 1.27378E-2 1.27389E-2 1.18678E-2 1.14152E-2 1.15537E-2 1.05989E-2
1.00709E-1 1.2613E-1 3.21496E-1 1.1885E-1 9.57712E-2 1.46805E-1 6.77216E-2 3.76637E-2 1.65012E-1 3.58416E-2 2.66416E-2 1.04249E-2 1.18674E-2 2.07412E-2 5.48264E-2 2.73263E-2 1.67411E-1 5.16186E-2 1.35734E-2 3.29657E-2 1.47033E-2 1.39284E-2 1.77189E-2 6.26556E-3 1.07664E-2 1.14912E-2 1.31021E-2 2.22115E-2 2.66163E-2 2.33588E-2 2.25595E-2 2.26582E-2 2.29916E-2 2.39497E-2 2.80477E-2 3.37619E-2 3.13761E-2 2.76806E-2 2.62353E-2 2.9486E-2 2.95217E-2 2.71272E-2 2.76442E-2 2.67928E-2 2.27119E-2 2.53923E-2 2.77143E-2 2.77059E-2 2.1524E-2 1.88676E-2 1.24571E-2 1.32894E-2 1.37603E-2 1.45828E-2 1.25172E-2 1.15304E-2 1.24223E-2 1.23852E-2 1.20741E-2 1.40295E-2 1.34077E-2
1.93257E-1 2.91127E-1 1.9799E-1 8.14741E-2 1.84761E-1 3.57201E-1 5.20649E-2 1.83316E-2 2.86058E-2 1.51028E-1 3.31455E-2 1.49892E-2 3.54403E-2 1.65451E-2 1.69631E-2 1.30083E-2 2.42242E-2 1.52863E-1 5.23157E-2 5.20529E-2 1.51135E-2 1.08964E-2 1.62169E-2 2.27449E-2 1.80628E-2 2.36535E-2 2.46159E-2 2.07889E-2 3.21636E-2 3.39279E-2 3.41768E-2 3.3004E-2 2.7183E-2 2.5297E-2 2.84705E-2 2.85167E-2 3.46486E-2 3.2325E-2 2.84436E-2 2.90194E-2 2.86824E-2 2.99045E-2 2.96246E-2 3.22948E-2 3.73944E-2 3.61045E-2 2.91885E-2 2.3966E-2 1.61059E-2 1.32752E-2 1.13582E-2 1.2493E-2 1.45785E-2 1.73558E-2 1.20608E-2 1.18515E-2 1.24224E-2 1.10121E-2 1.40423E-2 1.69094E-2 1.8978E-2
3.05709E-1 1.59444E-1 1.70697E-1 8.90981E-2 2.12579E-1 3.53131E-1 9.50501E-2 9.09392E-2 3.38659E-2 1.80778E-1 4.63901E-2 6.17926E-2 1.755E-2 2.66718E-2 7.44522E-3 1.55605E-2 1.61099E-2 3.67585E-2 1.43805E-1 1.13126E-1 5.56521E-2 2.60475E-2 2.10496E-2 1.6786E-2 1.64045E-2 2.291E-2 3.35435E-2 3.10242E-2 4.63744E-2 4.93095E-2 4.24986E-2 3.80353E-2 3.20616E-2 3.40948E-2 4.0512E-2 3.5478E-2 3.00098E-2 3.0557E-2 3.05968E-2 3.11672E-2 2.9381E-2 2.78182E-2 2.53902E-2 2.98815E-2 3.34214E-2 3.6212E-2 3.08201E-2 2.29145E-2 1.53541E-2 1.46524E-2 1.18411E-2 1.13853E-2 1.07872E-2 1.11599E-2 1.27724E-2 1.31563E-2 1.48265E-2 1.55884E-2 1.53586E-2 1.76284E-2 2.49536E-2
2.80973E-1 4.67269E-1 5.76028E-1 5.40175E-1 5.26797E-1 2.88693E-1 2.14198E-1 1.18821E-1 9.66783E-2 8.91948E-2 1.5394E-1 5.42908E-2 2.60476E-2 8.81811E-2 1.26224E-2 2.12816E-2 1.06715E-2 2.07789E-2 1.72484E-2 1.07686E-1 1.59491E-1 6.14469E-2 5.91055E-2 3.79426E-2 1.56139E-2 9.21022E-3 1.87213E-2 1.47894E-2 2.92582E-2 2.59742E-2 3.76524E-2 4.18843E-2 4.03555E-2 3.16554E-2 3.88209E-2 3.96284E-2 2.99394E-2 2.98748E-2 3.48618E-2 3.55762E-2 3.51377E-2 3.47247E-2 4.12947E-2 3.96236E-2 4.31828E-2 4.14307E-2 3.40641E-2 3.43045E-2 3.19964E-2 2.59235E-2 2.19721E-2 2.75754E-2 3.07254E-2 2.60221E-2 2.17751E-2 2.36278E-2 2.66341E-2 2.40276E-2 2.58976E-2 3.20262E-2 3.04939E-2
4.40238E-1 2.90314E-1 3.25937E-1 5.85006E-1 5.17479E-1 9.72026E-2 1.55061E-1 2.43794E-1 4.92708E-2 2.95958E-2 1.36095E-1 1.81377E-1 1.78713E-1 4.96413E-2 2.9577E-2 3.48997E-2 4.58579E-2 1.31398E-2 1.28733E-2 1.22229E-2 5.79604E-2 1.59209E-1 8.58729E-2 6.48152E-2 3.39083E-2 1.86705E-2 1.09738E-2 1.11502E-2 1.69187E-2 2.11446E-2 3.38065E-2 5.03086E-2 5.2626E-2 4.827E-2 4.33159E-2 4.80565E-2 4.32965E-2 4.20672E-2 4.73578E-2 4.83007E-2 5.35392E-2 5.54078E-2 5.28066E-2 5.88247E-2 5.8862E-2 5.5297E-2 5.14821E-2 5.02093E-2 4.87816E-2 4.89943E-2 4.54647E-2 4.18599E-2 3.17084E-2 2.49215E-2 2.84313E-2 2.66228E-2 2.36557E-2 2.75575E-2 3.54479E-2 3.22454E-2 3.48236E-2
2.49772E-1 2.0738E-1 2.98874E-1 4.64377E-1 5.56316E-1 3.4241E-1 5.21465E-1 8.63708E-2 1.36876E-1 4.2019E-2 3.84851E-2 4.51575E-1 6.63701E-2 6.3055E-2 1.03242E-1 4.03215E-2 6.13806E-2 4.23475E-2 3.1862E-2 1.25315E-2 2.6904E-2 1.00065E-1 1.9329E-1 6.79808E-2 7.11279E-2 4.08173E-2 1.9688E-2 1.12658E-2 1.59363E-2 1.40351E-2 2.77166E-2 5.18046E-2 6.29414E-2 6.82528E-2 7.31836E-2 6.97894E-2 5.37239E-2 4.36784E-2 4.45951E-2 4.49033E-2 5.9585E-2 7.39555E-2 6.14709E-2 6.4212E-2 7.36097E-2 6.8496E-2 6.28826E-2 6.3494E-2 5.83041E-2 4.54611E-2 3.45676E-2 3.47218E-2 3.40498E-2 3.33517E-2 3.52473E-2 3.37015E-2 3.07345E-2 3.37059E-2 3.24557E-2 3.45416E-2 3.52344E-2
2.62574E-1 2.40477E-1 3.9749E-1 5.66016E-1 2.55338E-1 3.68924E-1 4.59434E-1 1.72736E-1 1.61234E-1 5.47622E-2 1.20718E-1 5.23444E-1 7.05371E-2 3.93144E-2 2.94583E-2 6.84222E-2 1.198E-1 2.23934E-1 1.56202E-2 1.30857E-2 1.51157E-2 3.51618E-2 9.34923E-2 1.83256E-1 6.11233E-2 9.91923E-2 2.44211E-2 1.57168E-2 1.10307E-2 2.10613E-2 3.01144E-2 4.8334E-2 7.38732E-2 8.38812E-2 8.84765E-2 9.35544E-2 8.1201E-2 6.55506E-2 5.69689E-2 5.90191E-2 6.89789E-2 7.88013E-2 7.52662E-2 7.6735E-2 7.44644E-2 8.14498E-2 7.6379E-2 7.9433E-2 6.65647E-2 5.62404E-2 5.01892E-2 4.64447E-2 4.18012E-2 4.18877E-2 4.12463E-2 4.38469E-2 4.20806E-2 3.74287E-2 3.8162E-2 3.9671E-2 4.06483E-2
1.10319E-1 1.99137E-1 5.49165E-1 5.53704E-1 4.28389E-1 4.95929E-1 3.69939E-1 3.95151E-1 1.74474E-1 4.78091E-2 1.85083E-1 4.13146E-1 3.26862E-1 8.45476E-2 5.11838E-2 2.33997E-2 7.31159E-2 3.11278E-1 2.41321E-2 1.5109E-2 2.21813E-2 2.25112E-2 6.80782E-2 1.67361E-1 1.25409E-1 6.87796E-2 4.80594E-2 4.0986E-2 1.86894E-2 3.53329E-2 2.00125E-2 3.27648E-2 5.49522E-2 7.77316E-2 7.67592E-2 8.23351E-2 9.73291E-2 8.88169E-2 7.81508E-2 7.4822E-2 7.52684E-2 8.26877E-2 9.55384E-2 9.65252E-2 9.45337E-2 9.25405E-2 9.43653E-2 9.28708E-2 8.32419E-2 7.0689E-2 6.42674E-2 5.5648E-2 5.36493E-2 5.12553E-2 5.1754E-2 5.53813E-2 4.33558E-2 3.95774E-2 4.48293E-2 4.12492E-2 3.9768E-2
1.17505E-1 2.71294E-1 5.45878E-1 2.02366E-1 1.70632E-1 1.18093E-1 8.4207E-2 1.51316E-1 1.12622E-1 8.38028E-2 2.34533E-1 3.0646E-1 1.69393E-1 7.70609E-2 2.67176E-1 5.42548E-2 5.28127E-2 2.85727E-1 5.3685E-2 3.0903E-2 2.09886E-2 2.50989E-2 5.98793E-2 1.19651E-1 2.05071E-1 9.99147E-2 5.15659E-2 2.36814E-2 2.38248E-2 4.95863E-2 2.46348E-2 3.12316E-2 4.54372E-2 7.45643E-2 7.6942E-2 8.8539E-2 1.13816E-1 1.08342E-1 1.04423E-1 9.49214E-2 9.55776E-2 9.16312E-2 1.09863E-1 1.20855E-1 1.19361E-1 1.18912E-1 1.16877E-1 1.07295E-1 1.0812E-1 9.53011E-2 8.05183E-2 7.99299E-2 8.02861E-2 7.39192E-2 7.91464E-2 7.6668E-2 6.01465E-2 6.33864E-2 6.76839E-2 6.3915E-2 6.15322E-2
1.81932E-1 4.18706E-1 5.13715E-1 2.93075E-1 2.21089E-1 7.5181E-2 1.00739E-1 9.91854E-2 5.19327E-2 2.45907E-1 5.27568E-1 1.97128E-1 5.62605E-2 3.27878E-2 2.9476E-1 6.56912E-2 5.07908E-2 3.83155E-1 5.53534E-2 2.62672E-2 2.3354E-2 2.57856E-2 3.41081E-2 1.20847E-1 2.54471E-1 7.29189E-2 3.28687E-2 3.01934E-2 3.65774E-2 7.5593E-2 3.21207E-2 4.02539E-2 7.1041E-2 8.50522E-2 8.34802E-2 9.32965E-2 1.31594E-1 1.40164E-1 1.34456E-1 1.29529E-1 1.20806E-1 1.11893E-1 1.30897E-1 1.41043E-1 1.46504E-1 1.56377E-1 1.59865E-1 1.39957E-1 1.37161E-1 1.26045E-1 1.1947E-1 1.00166E-1 9.28949E-2 8.80822E-2 8.78563E-2 9.64723E-2 8.62716E-2 9.32222E-2 9.23644E-2 9.40003E-2 9.07677E-2
4.28701E-1 4.59039E-1 2.17899E-1 1.66592E-1 1.78718E-1 1.08506E-1 2.51637E-1 7.83517E-2 8.14078E-2 2.47094E-1 4.15961E-1 5.74335E-2 4.20079E-2 1.60573E-1 2.52488E-1 4.92066E-2 3.71161E-2 4.15731E-1 1.36974E-1 5.06101E-2 8.46032E-2 3.5295E-2 5.9474E-2 1.95236E-1 2.81091E-1 1.1927E-1 4.36833E-2 9.35821E-2 5.9721E-2 9.583E-2 6.57127E-2 4.47332E-2 6.3361E-2 1.1048E-1 1.15019E-1 9.83309E-2 1.26842E-1 1.87192E-1 1.77559E-1 1.74885E-1 1.70317E-1 1.63142E-1 1.57241E-1 1.60167E-1 1.69677E-1 1.87273E-1 1.8873E-1 1.62437E-1 1.5277E-1 1.42907E-1 1.24547E-1 1.09651E-1 1.04088E-1 1.03287E-1 9.17919E-2 7.50489E-2 6.77771E-2 6.77827E-2 7.50709E-2 7.84251E-2 8.63664E-2
3.93902E-1 4.76503E-1 1.12185E-1 1.78703E-1 2.46102E-1 2.30803E-1 2.0935E-1 9.47375E-2 2.00964E-1 2.44251E-1 3.49196E-1 6.81202E-2 2.05242E-1 3.33554E-1 1.65706E-1 2.30598E-1 2.15443E-1 3.07083E-1 3.15197E-1 4.55147E-2 5.67663E-2 9.19489E-2 1.28977E-1 2.58941E-1 3.19032E-1 3.06713E-1 9.5327E-2 1.41161E-1 8.17094E-2 9.907E-2 9.89192E-2 6.60095E-2 1.04751E-1 1.68791E-1 1.77348E-1 1.68095E-1 1.97871E-1 1.8207E-1 1.84776E-1 1.97961E-1 1.68782E-1 1.81779E-1 1.70257E-1 1.6112E-1 1.69364E-1 1.71362E-1 1.74606E-1 1.6678E-1 1.66764E-1 1.60301E-1 1.48283E-1 1.30399E-1 1.12293E-1 9.65226E-2 6.78573E-2 4.752E-2 4.52754E-2 4.46705E-2 5.08851E-2 6.1861E-2 6.81183E-2
