data/maxent/outputs/white_99.asc
ncols         426
nrows         180
xllcorner     -130.0
yllcorner     24.0
cellsize      0.16666666666666666
NODATA_value  -9999
[rows 81 to 107 of 180, columns 122 to 182 of 426]
3.96245E-2 3.09735E-2 5.03354E-2 3.7421E-2 3.13413E-2 3.65647E-2 4.26306E-2 4.05243E-2 4.41409E-2 5.23628E-2 5.54786E-2 7.19879E-2 6.97601E-2 6.7695E-2 6.56991E-2 5.12589E-2 3.75668E-2 2.99017E-2 1.99725E-2 2.41429E-2 1.91237E-2 1.46502E-2 6.10723E-3 4.41882E-3 1.45139E-2 3.58812E-2 8.82588E-2 6.74204E-2 5.29312E-2 5.1862E-2 3.93149E-2 3.08393E-2 2.74925E-2 2.60411E-2 2.60376E-2 2.48624E-2 2.62749E-2 2.90774E-2 3.19581E-2 3.8859E-2 3.85275E-2 4.2059E-2 4.3529E-2 5.02563E-2 4.9717E-2 4.03884E-2 3.7846E-2 4.78484E-2 6.82726E-2 6.68106E-2 6.36625E-2 5.92065E-2 6.55812E-2 6.93629E-2 6.93112E-2 6.65256E-2 5.81108E-2 7.08162E-2 8.91003E-2 9.23414E-2 8.7202E-2
3.27749E-2 3.89032E-2 4.43338E-2 5.34732E-2 5.17203E-2 4.35137E-2 3.51318E-2 4.22088E-2 4.77358E-2 5.02798E-2 5.33985E-2 6.2612E-2 5.13263E-2 4.79363E-2 4.21077E-2 4.4083E-2 3.88243E-2 2.65985E-2 1.76419E-2 1.53993E-2 1.90322E-2 1.53896E-2 1.18912E-2 7.68206E-3 1.16312E-2 4.49732E-2 1.14586E-1 7.71748E-2 5.99479E-2 5.06199E-2 4.18994E-2 3.44262E-2 3.00341E-2 2.5379E-2 2.53186E-2 2.51306E-2 2.67699E-2 3.02682E-2 3.52353E-2 3.41419E-2 3.28061E-2 3.71962E-2 4.0704E-2 5.05329E-2 5.00608E-2 4.57937E-2 4.2829E-2 4.93058E-2 5.62318E-2 6.50291E-2 6.73604E-2 6.65217E-2 6.77362E-2 8.06018E-2 8.23789E-2 7.3537E-2 7.16468E-2 9.0036E-2 1.00892E-1 9.95883E-2 8.55378E-2
3.44497E-2 4.57093E-2 5.22483E-2 5.13681E-2 4.87855E-2 5.71905E-2 6.97623E-2 4.82446E-2 4.90428E-2 6.14771E-2 4.62341E-2 3.84069E-2 2.67242E-2 1.85404E-2 1.20604E-2 1.06151E-2 1.68495E-2 1.94082E-2 1.71289E-2 1.08177E-2 1.15619E-2 1.69181E-2 1.10497E-2 1.20729E-2 9.45329E-3 4.27414E-2 1.23383E-1 8.75844E-2 6.65089E-2 5.51692E-2 4.609E-2 3.80399E-2 3.54805E-2 3.02074E-2 3.16013E-2 2.72762E-2 2.63558E-2 3.12576E-2 3.41768E-2 3.23318E-2 3.31285E-2 4.07428E-2 4.55407E-2 4.97136E-2 5.80011E-2 5.4133E-2 5.06854E-2 5.23693E-2 5.90845E-2 6.89006E-2 7.08141E-2 7.67607E-2 8.53704E-2 9.15817E-2 9.60415E-2 9.07687E-2 9.38971E-2 9.87219E-2 1.0506E-1 1.05414E-1 8.69271E-2
6.78634E-2 8.16048E-2 7.84873E-2 9.53691E-2 1.00847E-1 1.10133E-1 8.59238E-2 6.19479E-2 5.93254E-2 5.22531E-2 3.55226E-2 2.93025E-2 2.51376E-2 9.61246E-3 5.21811E-3 1.06432E-2 2.51951E-2 2.65512E-2 2.54545E-2 1.71007E-2 1.52488E-2 1.49917E-2 1.18913E-2 1.04912E-2 1.65235E-2 3.04671E-2 1.19642E-1 1.33777E-1 1.03326E-1 6.77368E-2 5.49503E-2 4.71269E-2 4.50359E-2 3.57462E-2 3.69761E-2 3.24166E-2 2.7418E-2 3.02609E-2 3.20294E-2 3.38696E-2 3.71393E-2 4.28537E-2 4.45464E-2 4.96654E-2 5.84749E-2 5.97024E-2 6.224E-2 6.00285E-2 6.89616E-2 8.3003E-2 8.77446E-2 9.06086E-2 8.87205E-2 9.41723E-2 9.44927E-2 9.23736E-2 9.65072E-2 9.96558E-2 1.05868E-1 1.06691E-1 1.01906E-1
9.00874E-2 1.06311E-1 1.17416E-1 1.41299E-1 1.5501E-1 1.26543E-1 7.64034E-2 6.54277E-2 6.27194E-2 4.24832E-2 3.25245E-2 2.34395E-2 1.65017E-2 4.9681E-3 6.80297E-3 3.09123E-2 3.48071E-2 1.64626E-2 1.71043E-2 1.06437E-2 8.67533E-3 1.07889E-2 5.49222E-3 9.36974E-3 2.26254E-2 3.35939E-2 9.00931E-2 1.52022E-1 1.31506E-1 8.50206E-2 6.00793E-2 5.54562E-2 4.94113E-2 4.43802E-2 4.47624E-2 3.57261E-2 3.86585E-2 3.36726E-2 3.08164E-2 3.31627E-2 3.934E-2 4.30912E-2 4.71363E-2 5.39882E-2 5.52756E-2 5.31213E-2 6.15058E-2 6.30587E-2 6.18408E-2 7.39154E-2 8.12825E-2 8.44854E-2 9.00726E-2 9.11144E-2 9.05972E-2 9.42565E-2 9.6646E-2 1.00241E-1 1.04982E-1 1.05791E-1 9.66141E-2
1.37701E-1 1.43074E-1 1.59872E-1 1.32522E-1 1.29777E-1 1.12511E-1 6.58853E-2 5.64508E-2 3.53353E-2 3.74872E-2 6.05168E-2 1.3822E-1 1.57313E-1 5.21031E-2 2.63211E-2 2.7054E-2 2.68384E-2 1.90706E-2 1.49685E-2 1.12912E-2 6.05547E-3 7.18336E-3 6.38279E-3 5.01864E-3 8.28893E-3 2.02779E-2 4.11073E-2 1.29358E-1 1.25645E-1 7.78737E-2 4.68574E-2 4.76145E-2 4.59366E-2 4.38111E-2 4.51182E-2 3.77018E-2 4.00881E-2 3.31352E-2 3.2951E-2 3.5159E-2 3.74537E-2 4.20628E-2 4.49584E-2 5.09016E-2 5.11473E-2 4.86825E-2 5.6551E-2 5.59643E-2 5.06848E-2 5.46014E-2 6.42996E-2 6.38006E-2 7.69335E-2 8.234E-2 8.2834E-2 8.75049E-2 1.00256E-1 1.03102E-1 1.01404E-1 9.78946E-2 9.8694E-2
1.14268E-1 1.50031E-1 2.14346E-1 2.11764E-1 1.88847E-1 2.31601E-1 1.59691E-1 1.50436E-1 1.72405E-1 1.46E-1 4.54086E-2 5.21821E-2 6.42147E-2 1.30534E-2 5.35108E-2 2.89608E-2 1.9781E-2 1.25211E-2 5.32991E-3 4.94122E-3 4.18411E-3 4.18639E-3 5.07049E-3 6.08281E-3 7.57301E-3 1.51778E-2 2.63849E-2 6.47917E-2 8.05835E-2 5.64148E-2 3.43783E-2 3.79707E-2 4.05345E-2 3.79906E-2 3.33547E-2 3.19312E-2 2.74094E-2 2.99781E-2 3.21E-2 3.5021E-2 3.88512E-2 4.20591E-2 4.71151E-2 5.12998E-2 5.46497E-2 5.38928E-2 5.53334E-2 5.56457E-2 5.33648E-2 5.0225E-2 5.06745E-2 5.17671E-2 5.88108E-2 7.31612E-2 7.81144E-2 8.26222E-2 9.59353E-2 1.00301E-1 9.7946E-2 8.79456E-2 9.26693E-2
1.2365E-1 2.15637E-1 1.51132E-1 9.97288E-2 9.37615E-2 9.3096E-2 1.75687E-1 2.25729E-1 1.78123E-1 1.65408E-1 6.36932E-2 1.4888E-2 8.86829E-3 5.36387E-3 1.47494E-2 8.26445E-3 1.38748E-2 7.50058E-3 3.47777E-3 3.81264E-3 3.4217E-3 4.10629E-3 4.59643E-3 3.42731E-3 5.57905E-3 7.96113E-3 2.40205E-2 2.26864E-2 4.43397E-2 2.74414E-2 2.08422E-2 2.61951E-2 2.6871E-2 2.83989E-2 2.72697E-2 2.70674E-2 2.7169E-2 3.15395E-2 3.19107E-2 3.61589E-2 3.7919E-2 3.95316E-2 4.63314E-2 5.04337E-2 5.35023E-2 5.36928E-2 5.24617E-2 5.5805E-2 5.80288E-2 4.92801E-2 5.13674E-2 5.14127E-2 5.97202E-2 6.6158E-2 6.99363E-2 7.85234E-2 1.00524E-1 1.07073E-1 1.036E-1 9.52973E-2 8.37768E-2
1.94381E-1 1.1713E-1 7.4527E-2 1.21873E-1 2.04949E-1 1.58557E-1 9.77928E-2 1.21118E-1 1.30137E-1 2.82792E-2 8.05232E-3 3.879E-3 5.76033E-3 1.20896E-2 6.31685E-3 2.37346E-3 2.8505E-3 3.48339E-3 1.84889E-3 3.17839E-3 4.02437E-3 3.8782E-3 2.07521E-3 1.69661E-3 4.46509E-3 5.91607E-3 8.2124E-3 8.84725E-3 1.98241E-2 1.97461E-2 1.71048E-2 2.16706E-2 2.05012E-2 2.20676E-2 2.35426E-2 2.67417E-2 3.0675E-2 3.27901E-2 3.47177E-2 3.55574E-2 3.63659E-2 3.70619E-2 3.79168E-2 4.02141E-2 4.6566E-2 4.56917E-2 5.55386E-2 5.9745E-2 5.34076E-2 4.84245E-2 5.4169E-2 5.75439E-2 6.63932E-2 7.0042E-2 6.62207E-2 7.4743E-2 1.02374E-1 1.11833E-1 1.17058E-1 1.0347E-1 8.29796E-2
8.56454E-2 7.39176E-2 7.96942E-2 2.06628E-1 1.17109E-1 9.11661E-2 1.55113E-1 1.1211E-1 1.62128E-1 6.67003E-2 9.92247E-2 4.66437E-2 6.05201E-2 2.20293E-2 1.08825E-2 3.39765E-3 2.84464E-3 2.55508E-3 2.22403E-3 2.29097E-3 5.04813E-3 6.36379E-3 2.02689E-3 1.69029E-3 3.03424E-3 4.19952E-3 4.5647E-3 4.74668E-3 2.58612E-2 4.27632E-2 2.66037E-2 2.44168E-2 2.01138E-2 2.16762E-2 2.49182E-2 3.22898E-2 3.30498E-2 3.52055E-2 3.29044E-2 3.43288E-2 3.26826E-2 3.12777E-2 3.3186E-2 3.5957E-2 3.8727E-2 4.55882E-2 5.68076E-2 6.04889E-2 5.70613E-2 5.10256E-2 5.044E-2 5.68967E-2 6.81519E-2 6.99083E-2 6.50412E-2 6.81323E-2 9.73109E-2 1.0492E-1 1.09383E-1 9.89263E-2 8.9678E-2
1.09515E-1 1.24593E-1 1.71657E-1 2.01806E-1 2.24487E-1 7.36457E-2 6.49388E-2 1.61902E-1 1.11514E-1 6.76014E-2 1.02483E-1 1.52739E-1 8.92006E-2 7.531E-3 5.27452E-3 4.16812E-3 3.71346E-3 3.99985E-3 2.92441E-3 2.26124E-3 4.31458E-3 9.39924E-3 3.59533E-3 2.85464E-3 4.63909E-3 5.59948E-3 9.4363E-3 4.03388E-3 1.56334E-2 5.05807E-2 3.99562E-2 3.31456E-2 2.95057E-2 2.69282E-2 2.92841E-2 3.02911E-2 3.78181E-2 3.74971E-2 3.40121E-2 3.29196E-2 2.90719E-2 2.7028E-2 2.97281E-2 3.18054E-2 3.28008E-2 3.89769E-2 4.94855E-2 5.35897E-2 5.37211E-2 5.1683E-2 5.72557E-2 6.98407E-2 7.83672E-2 8.67372E-2 8.04574E-2 8.53232E-2 1.02424E-1 1.03432E-1 9.3366E-2 8.81779E-2 8.51059E-2
1.35294E-1 1.9888E-1 1.53611E-1 1.24031E-1 2.17913E-1 1.61799E-1 4.61738E-2 9.69696E-2 1.35539E-1 9.83069E-2 9.21238E-2 7.4476E-2 2.09324E-2 5.6561E-3 5.22753E-3 4.42804E-3 2.97164E-3 3.52197E-3 3.72414E-3 2.83465E-3 3.83155E-3 1.62229E-2 1.16388E-2 6.14909E-3 8.28065E-3 2.69976E-2 5.50166E-2 4.84645E-2 6.77218E-2 4.68737E-2 3.90633E-2 3.15773E-2 3.09908E-2 2.68294E-2 2.72226E-2 2.67049E-2 3.52816E-2 3.43351E-2 3.21287E-2 3.1101E-2 3.13837E-2 2.67056E-2 2.34091E-2 2.6353E-2 3.0568E-2 3.55906E-2 4.22577E-2 4.71693E-2 4.56316E-2 4.69395E-2 5.77085E-2 7.40468E-2 9.90501E-2 9.70173E-2 9.90808E-2 1.00999E-1 1.04588E-1 1.03204E-1 9.19852E-2 8.67947E-2 9.1567E-2
1.75051E-1 1.98033E-1 8.23359E-2 1.1633E-1 1.95292E-1 1.82584E-1 1.3962E-1 5.48055E-2 4.91444E-2 7.99894E-2 8.93313E-2 6.63355E-2 1.24252E-2 5.41602E-3 5.35974E-3 3.84101E-3 3.01157E-3 2.87544E-3 2.90039E-3 3.05005E-3 3.47144E-3 6.66933E-3 1.34661E-2 2.35374E-2 3.9557E-2 5.17242E-2 8.34324E-2 6.08862E-2 5.33325E-2 4.34755E-2 3.89625E-2 3.174E-2 2.88051E-2 2.43599E-2 2.58894E-2 2.56448E-2 2.95388E-2 2.8972E-2 3.06421E-2 3.14195E-2 2.79768E-2 2.49543E-2 2.27439E-2 2.2626E-2 2.78006E-2 3.21015E-2 3.79727E-2 4.06803E-2 4.41165E-2 4.59687E-2 5.04477E-2 7.30129E-2 9.27951E-2 1.0146E-1 1.00295E-1 1.03065E-1 1.04403E-1 1.03223E-1 1.01628E-1 1.00278E-1 1.03636E-1
1.73278E-1 1.54793E-1 1.64184E-1 1.94764E-1 2.02335E-1 1.77689E-1 1.42662E-1 1.36425E-1 7.84083E-2 3.05825E-2 3.37511E-2 5.93582E-2 1.27203E-2 5.12351E-3 4.10753E-3 3.16858E-3 2.50458E-3 2.23795E-3 3.88507E-3 5.5825E-3 6.61592E-3 7.19712E-3 6.80042E-3 7.47256E-3 1.6389E-2 2.43981E-2 2.17273E-2 6.5923E-2 4.5347E-2 4.16835E-2 4.08031E-2 2.91769E-2 2.57396E-2 2.62698E-2 2.4006E-2 2.46752E-2 2.64841E-2 2.97268E-2 3.29648E-2 3.2541E-2 2.76692E-2 2.41691E-2 2.28622E-2 2.24902E-2 2.79348E-2 3.20308E-2 3.96098E-2 4.05544E-2 4.63463E-2 4.85896E-2 5.32402E-2 6.55488E-2 8.56562E-2 9.60646E-2 9.88135E-2 9.92952E-2 1.0281E-1 1.06527E-1 1.15975E-1 1.1083E-1 1.06926E-1
2.18396E-1 1.77313E-1 1.63257E-1 1.43768E-1 1.98925E-1 1.55121E-1 1.36051E-1 1.08671E-1 7.50308E-2 4.88089E-2 2.03601E-2 2.61882E-2 7.71951E-3 3.24994E-3 3.79106E-3 2.73034E-3 3.27532E-3 2.39086E-3 4.43935E-3 5.0328E-3 8.21069E-3 5.60579E-3 3.88401E-3 1.07551E-2 5.89101E-3 1.45816E-2 9.3966E-3 2.20769E-2 6.28751E-2 4.52271E-2 3.75795E-2 3.19743E-2 2.87086E-2 2.3386E-2 2.6181E-2 2.55244E-2 2.99092E-2 3.30567E-2 3.61494E-2 3.02247E-2 2.56933E-2 2.33628E-2 2.53184E-2 2.54413E-2 2.77135E-2 3.08869E-2 3.63077E-2 4.50563E-2 4.67281E-2 4.97158E-2 5.4195E-2 6.48287E-2 7.80832E-2 8.76849E-2 9.43552E-2 9.6103E-2 1.00013E-1 1.13122E-1 1.22024E-1 1.19779E-1 1.2294E-1
2.17499E-1 1.53751E-1 8.55161E-2 8.15132E-2 1.19536E-1 1.59978E-1 1.60847E-1 8.49519E-2 3.69232E-2 2.23378E-2 1.62533E-2 3.95568E-3 2.22739E-3 2.54557E-3 2.87046E-3 2.10137E-3 2.86366E-3 2.8217E-3 4.13555E-3 7.52099E-3 8.55999E-3 3.00314E-3 3.83339E-3 5.35494E-3 5.94574E-3 1.20096E-2 1.58363E-2 1.22217E-2 6.17725E-2 4.74461E-2 5.53168E-2 5.52913E-2 3.9257E-2 3.01156E-2 2.71355E-2 2.71656E-2 3.12738E-2 3.80083E-2 3.56033E-2 3.4089E-2 3.04913E-2 3.0364E-2 3.07282E-2 3.19848E-2 3.22841E-2 3.46772E-2 4.18717E-2 4.71798E-2 4.48044E-2 4.88116E-2 5.35797E-2 6.25716E-2 7.52853E-2 8.05606E-2 8.54445E-2 1.0014E-1 1.04775E-1 1.13348E-1 1.2274E-1 1.25846E-1 1.28899E-1
2.50734E-1 1.98348E-1 1.82339E-1 1.04254E-1 1.0215E-1 1.48299E-1 1.00675E-1 6.62008E-2 3.77091E-2 1.73188E-2 8.16635E-3 5.33428E-3 2.89678E-3 2.39309E-3 3.09574E-3 2.43703E-3 4.70916E-3 5.69673E-3 8.7731E-3 9.88332E-3 5.06048E-3 2.92888E-3 3.6738E-3 5.86881E-3 1.29067E-2 1.27244E-2 3.25909E-2 4.53016E-2 7.33641E-2 5.49635E-2 5.98583E-2 6.45792E-2 5.95886E-2 4.54401E-2 3.72686E-2 3.89692E-2 4.35812E-2 5.27624E-2 4.55102E-2 4.12353E-2 4.25254E-2 4.03587E-2 3.82169E-2 3.61485E-2 3.75303E-2 3.57084E-2 3.71906E-2 3.98761E-2 4.18862E-2 4.57043E-2 5.42313E-2 6.18874E-2 6.75722E-2 7.10563E-2 8.28141E-2 1.01192E-1 1.06941E-1 1.14746E-1 1.23615E-1 1.24241E-1 1.28593E-1
2.27268E-1 2.1538E-1 2.17087E-1 2.22605E-1 1.74827E-1 1.41712E-1 1.72015E-1 1.09519E-1 5.79093E-2 2.93622E-2 3.18761E-2 2.43887E-2 4.17317E-3 4.68504E-3 7.04645E-3 4.49787E-3 3.60739E-3 9.68391E-3 1.00182E-2 1.17686E-2 7.90153E-3 2.80015E-3 3.06078E-3 5.38896E-3 1.41768E-2 6.19695E-3 9.2258E-3 3.99135E-2 5.8248E-2 7.07624E-2 6.95383E-2 7.5912E-2 5.63648E-2 5.71123E-2 4.95608E-2 6.42557E-2 6.64407E-2 7.36645E-2 6.28518E-2 5.93288E-2 4.47081E-2 4.07918E-2 3.82232E-2 3.62342E-2 3.72588E-2 3.77062E-2 3.94792E-2 3.74248E-2 3.5777E-2 4.33817E-2 5.21538E-2 5.56515E-2 6.15931E-2 7.10696E-2 8.38522E-2 9.14513E-2 1.00946E-1 1.11621E-1 1.17191E-1 1.23742E-1 1.28829E-1
1.55828E-1 1.5005E-1 1.40476E-1 1.57359E-1 2.12187E-1 2.20335E-1 1.50103E-1 1.63591E-1 1.03074E-1 2.36764E-2 8.41305E-2 5.70625E-2 3.83095E-2 2.31765E-2 2.16641E-2 1.59808E-2 1.82927E-2 7.85133E-3 4.23256E-3 8.64744E-3 1.4604E-2 4.29992E-3 2.90805E-3 3.75895E-3 6.9768E-3 9.68468E-3 1.19995E-2 1.78128E-2 3.3618E-2 6.79419E-2 7.02264E-2 5.5531E-2 5.53001E-2 4.65565E-2 4.53212E-2 6.643E-2 7.29157E-2 7.01071E-2 5.39497E-2 5.30375E-2 4.6636E-2 4.41441E-2 4.43621E-2 3.86203E-2 3.54544E-2 4.02212E-2 4.21493E-2 4.2118E-2 3.87706E-2 4.53605E-2 5.77397E-2 6.482E-2 7.03217E-2 7.76968E-2 8.92302E-2 9.38135E-2 9.67131E-2 1.08554E-1 1.19616E-1 1.28984E-1 1.3411E-1
1.1104E-1 1.15573E-1 1.1797E-1 1.33364E-1 1.90249E-1 2.62796E-1 2.3723E-1 2.14172E-1 1.79684E-1 1.15484E-1 1.60068E-1 1.33808E-1 1.12749E-1 8.93267E-2 6.7442E-2 4.03772E-2 3.23322E-2 1.22772E-2 4.23948E-3 1.06026E-2 1.36266E-2 9.10061E-3 3.96962E-3 7.61911E-3 8.74749E-3 1.35562E-2 6.74461E-3 8.36745E-3 4.37975E-2 5.52329E-2 8.54788E-2 6.39054E-2 4.82409E-2 4.62595E-2 5.44528E-2 5.99647E-2 6.05589E-2 5.13891E-2 5.37831E-2 4.88584E-2 4.63653E-2 4.3268E-2 4.36207E-2 4.05478E-2 3.81847E-2 4.25914E-2 4.73811E-2 4.86814E-2 4.52735E-2 5.2518E-2 5.95528E-2 7.44206E-2 8.84189E-2 9.52413E-2 1.01956E-1 1.03447E-1 1.04214E-1 1.1284E-1 1.22247E-1 1.29849E-1 1.35627E-1
1.09915E-1 1.21952E-1 1.3435E-1 1.09011E-1 8.89534E-2 1.11106E-1 2.38141E-1 2.22099E-1 1.79015E-1 1.83045E-1 2.10389E-1 1.4586E-1 1.17317E-1 1.55598E-1 1.19058E-1 8.53209E-2 4.58146E-2 3.1118E-2 1.06348E-2 8.89331E-3 1.46867E-2 1.58471E-2 8.12649E-3 1.26053E-2 9.54075E-3 1.12155E-2 5.83055E-3 1.61577E-2 5.16807E-2 5.65692E-2 6.55352E-2 5.74599E-2 6.96433E-2 5.69222E-2 6.20485E-2 6.32932E-2 7.69929E-2 6.80629E-2 6.38513E-2 6.55297E-2 5.10822E-2 4.69536E-2 4.23034E-2 4.52323E-2 4.81591E-2 5.1544E-2 6.49392E-2 5.81865E-2 5.63018E-2 6.31888E-2 6.80164E-2 9.00047E-2 1.06315E-1 1.1101E-1 1.1896E-1 1.16626E-1 1.21626E-1 1.27755E-1 1.24714E-1 1.39044E-1 1.48016E-1
1.11541E-1 1.51309E-1 1.75892E-1 1.85802E-1 8.9418E-2 7.84937E-2 1.22103E-1 1.86335E-1 1.59276E-1 1.5201E-1 1.79789E-1 2.02407E-1 2.0186E-1 1.59555E-1 1.13758E-1 8.4365E-2 5.72417E-2 3.46896E-2 2.93607E-2 9.79062E-3 1.59489E-2 1.90819E-2 1.87443E-2 1.41284E-2 1.91936E-2 1.3897E-2 6.98879E-3 3.25223E-2 4.45109E-2 4.73907E-2 4.54137E-2 4.04554E-2 3.70765E-2 5.03865E-2 8.41598E-2 8.54673E-2 6.48796E-2 6.06881E-2 6.09289E-2 5.76669E-2 5.61715E-2 4.97137E-2 5.11144E-2 5.08729E-2 5.79244E-2 6.29182E-2 6.84586E-2 6.36554E-2 5.94621E-2 6.82805E-2 8.27385E-2 9.60199E-2 1.07408E-1 1.12188E-1 1.17918E-1 1.31502E-1 1.42087E-1 1.45289E-1 1.50506E-1 1.61184E-1 1.61904E-1
1.11504E-1 1.57081E-1 3.00878E-1 2.52499E-1 1.08765E-1 6.91884E-2 7.46889E-2 8.88051E-2 1.2035E-1 1.23688E-1 1.38998E-1 1.49098E-1 1.81776E-1 1.268E-1 9.75618E-2 6.9564E-2 6.51803E-2 5.80501E-2 3.66812E-2 2.72305E-2 1.55693E-2 2.13817E-2 1.90857E-2 2.21744E-2 2.57383E-2 1.02459E-2 1.0994E-2 4.32569E-2 5.72249E-2 4.86133E-2 4.48385E-2 3.06539E-2 3.88014E-2 3.88779E-2 6.20936E-2 6.68026E-2 5.25075E-2 4.83866E-2 5.03458E-2 5.40129E-2 5.40537E-2 5.51809E-2 5.44557E-2 5.40407E-2 6.11746E-2 6.24314E-2 6.19644E-2 5.93687E-2 5.93437E-2 6.8551E-2 8.31156E-2 1.00215E-1 1.08798E-1 1.21132E-1 1.26414E-1 1.36985E-1 1.48419E-1 1.55956E-1 1.6587E-1 1.86822E-1 1.84355E-1
9.9237E-2 1.31903E-1 2.58285E-1 1.72957E-1 1.32056E-1 7.10975E-2 7.16568E-2 8.82586E-2 1.05858E-1 1.01952E-1 1.26798E-1 1.40779E-1 1.49779E-1 1.03896E-1 8.99591E-2 5.81815E-2 6.0005E-2 5.93216E-2 3.84752E-2 4.48418E-2 3.14297E-2 4.21499E-2 2.80813E-2 3.04704E-2 3.24022E-2 9.56321E-3 1.68399E-2 5.02828E-2 7.35421E-2 4.46595E-2 2.55963E-2 3.27398E-2 4.60776E-2 4.55286E-2 4.76938E-2 4.59129E-2 4.38644E-2 4.73808E-2 5.21735E-2 4.87623E-2 4.8908E-2 4.89327E-2 5.37553E-2 6.6208E-2 6.79978E-2 6.87941E-2 6.71675E-2 5.94496E-2 5.32012E-2 6.55599E-2 8.64919E-2 1.03203E-1 1.10509E-1 1.15974E-1 1.25002E-1 1.4163E-1 1.54708E-1 1.70775E-1 1.74126E-1 1.82578E-1 1.94024E-1
8.89944E-2 1.34559E-1 1.91696E-1 1.73404E-1 2.07899E-1 8.72232E-2 7.06408E-2 7.90825E-2 1.05266E-1 9.71712E-2 9.95601E-2 9.71324E-2 1.19691E-1 7.42773E-2 7.59552E-2 5.97635E-2 6.7908E-2 8.5006E-2 5.81775E-2 8.31254E-2 9.07854E-2 8.52624E-2 5.18115E-2 4.17299E-2 4.87219E-2 2.18053E-2 1.55725E-2 2.90153E-2 6.28554E-2 3.59499E-2 2.57948E-2 2.83986E-2 3.4863E-2 3.71596E-2 4.03937E-2 4.57079E-2 4.29605E-2 4.57732E-2 4.24241E-2 4.29786E-2 4.62052E-2 5.01914E-2 6.05699E-2 6.5378E-2 7.19586E-2 7.22927E-2 6.39441E-2 6.17575E-2 6.71913E-2 8.17611E-2 9.69307E-2 1.09977E-1 1.06035E-1 1.10427E-1 1.11459E-1 1.30833E-1 1.51191E-1 1.58679E-1 1.7353E-1 1.84327E-1 1.92711E-1
9.34544E-2 1.57212E-1 1.43418E-1 1.19939E-1 1.7251E-1 9.40074E-2 6.58455E-2 7.04951E-2 7.3861E-2 7.20133E-2 8.11568E-2 7.6655E-2 8.4419E-2 5.14838E-2 4.66597E-2 4.85239E-2 5.32857E-2 8.43216E-2 9.49956E-2 8.30592E-2 7.62257E-2 6.04038E-2 7.56639E-2 8.25207E-2 4.57324E-2 1.45246E-2 2.29493E-2 4.82316E-2 8.23437E-2 5.32413E-2 3.26322E-2 2.96984E-2 2.76815E-2 3.42123E-2 3.9925E-2 3.91103E-2 4.43838E-2 4.31077E-2 4.23404E-2 3.97656E-2 3.64218E-2 4.28659E-2 5.22178E-2 6.76788E-2 6.94797E-2 7.56419E-2 7.27016E-2 7.27807E-2 7.79765E-2 9.09305E-2 1.0607E-1 1.10875E-1 1.10648E-1 1.12185E-1 1.12028E-1 1.22331E-1 1.35764E-1 1.55844E-1 1.70417E-1 1.81209E-1 2.04498E-1
8.52879E-2 1.58072E-1 1.37889E-1 9.1835E-2 1.07E-1 1.56618E-1 6.70261E-2 7.18054E-2 7.26231E-2 7.193E-2 6.57725E-2 5.89006E-2 4.51406E-2 4.51294E-2 3.95198E-2 4.47724E-2 7.60649E-2 5.019E-2 7.8163E-2 9.31552E-2 1.4939E-1 6.42656E-2 1.19763E-1 7.77142E-2 1.77558E-2 3.41183E-2 7.27295E-2 7.31521E-2 7.48523E-2 5.61979E-2 4.983E-2 5.05033E-2 4.03001E-2 4.20419E-2 4.28699E-2 4.97123E-2 4.49888E-2 4.09863E-2 4.13766E-2 3.49515E-2 3.79754E-2 4.45147E-2 5.49196E-2 5.97426E-2 6.76064E-2 7.62192E-2 7.68853E-2 7.95589E-2 8.3116E-2 9.50737E-2 1.09923E-1 1.16784E-1 1.1879E-1 1.18279E-1 1.14691E-1 1.24112E-1 1.42036E-1 1.5996E-1 1.6756E-1 1.79754E-1 1.90267E-1
