data/maxent/outputs/white_30.asc
ncols         426
nrows         180
xllcorner     -130.0
yllcorner     24.0
cellsize      0.16666666666666666
NODATA_value  -9999
[rows 54 to 80 of 180, columns 305 to 365 of 426]
3.88071E-3 3.95494E-3 4.24456E-3 3.95518E-3 3.83384E-3 2.99207E-3 3.15041E-3 2.73048E-3 2.73919E-3 2.85153E-3 2.70868E-3 3.38607E-3 3.24926E-3 3.29812E-3 4.12938E-3 5.6869E-3 7.06412E-3 6.97714E-3 8.72E-3 9.72591E-3 9.69809E-3 9.81961E-3 8.73696E-3 8.22245E-3 1.02261E-2 9.52916E-3 8.45266E-3 8.01086E-3 7.41419E-3 6.39462E-3 3.5896E-3 2.73609E-3 3.6145E-3 4.15617E-3 4.88101E-3 8.96067E-3 6.25747E-3 3.53781E-3 2.5848E-3 1.86899E-3 1.93067E-3 2.31541E-3 1.52598E-3 1.03762E-3 7.88248E-4 7.59808E-4 7.12921E-4 7.00113E-4 7.85444E-4 9.16101E-4 1.1668E-3 1.01845E-3 1.56211E-3 2.17943E-3 2.56275E-3 2.48541E-3 2.28535E-3 2.83361E-3 3.54752E-3 3.86604E-3 4.18381E-3
5.07416E-3 5.01938E-3 6.39181E-3 5.40948E-3 5.79272E-3 5.27174E-3 4.66861E-3 4.10565E-3 4.09313E-3 3.52451E-3 3.88882E-3 4.09627E-3 4.40156E-3 5.02899E-3 5.96012E-3 8.59053E-3 1.05542E-2 1.45678E-2 1.00318E-2 7.99284E-3 7.84489E-3 7.48204E-3 8.37498E-3 6.38982E-3 5.59582E-3 4.91293E-3 4.25939E-3 3.90388E-3 2.42966E-3 1.93488E-3 1.49343E-3 1.56486E-3 2.29506E-3 3.7768E-3 5.78475E-3 9.24865E-3 4.50021E-3 2.79748E-3 1.89256E-3 1.44635E-3 1.49951E-3 1.37151E-3 1.03675E-3 8.37653E-4 7.79985E-4 8.24749E-4 6.71255E-4 7.74593E-4 1.07521E-3 1.07394E-3 1.07125E-3 1.51145E-3 2.4704E-3 3.28254E-3 3.60795E-3 3.48444E-3 3.67811E-3 3.74879E-3 4.0264E-3 4.66866E-3 5.54645E-3
8.00032E-3 8.34831E-3 1.06719E-2 7.88435E-3 8.88556E-3 7.76626E-3 7.14307E-3 7.17691E-3 7.45812E-3 5.82277E-3 5.93569E-3 6.63333E-3 6.98127E-3 7.24644E-3 8.60389E-3 1.30059E-2 1.64056E-2 1.27833E-2 1.3133E-2 9.88847E-3 9.44931E-3 8.62291E-3 5.89574E-3 4.60575E-3 3.79469E-3 3.43305E-3 1.99755E-3 1.53373E-3 1.26568E-3 1.2034E-3 1.25483E-3 1.6568E-3 2.54241E-3 4.25334E-3 7.83062E-3 9.14868E-3 4.2602E-3 2.42987E-3 1.36923E-3 1.76666E-3 1.39993E-3 8.66635E-4 9.91583E-4 8.14938E-4 8.82831E-4 1.10393E-3 1.07581E-3 1.16257E-3 1.00821E-3 1.45008E-3 2.0345E-3 2.5555E-3 3.08205E-3 4.13076E-3 4.60315E-3 7.77159E-3 7.25552E-3 6.00196E-3 5.76252E-3 5.2095E-3 6.32222E-3
8.67328E-3 7.34175E-3 9.28148E-3 8.80415E-3 1.10194E-2 7.16078E-3 5.6098E-3 6.76491E-3 8.67104E-3 7.96124E-3 8.55018E-3 8.65629E-3 8.16435E-3 7.57555E-3 8.61516E-3 1.14382E-2 1.22304E-2 1.05759E-2 1.03182E-2 1.23009E-2 1.18015E-2 7.36453E-3 4.70743E-3 4.1028E-3 3.01624E-3 1.87965E-3 1.54507E-3 1.01548E-3 1.18694E-3 1.2083E-3 1.06197E-3 1.32167E-3 3.27689E-3 3.89258E-3 6.71233E-3 9.64953E-3 4.23141E-3 2.07566E-3 1.58043E-3 1.34808E-3 1.50093E-3 9.60957E-4 1.25849E-3 1.35465E-3 1.3495E-3 1.12209E-3 1.11561E-3 1.5135E-3 1.89988E-3 2.38471E-3 2.73352E-3 3.0582E-3 4.03381E-3 5.45357E-3 6.87208E-3 8.5199E-3 9.34075E-3 1.02348E-2 8.67941E-3 8.56409E-3 8.0856E-3
8.30216E-3 1.00024E-2 1.00607E-2 7.66303E-3 8.79781E-3 9.18129E-3 9.85553E-3 8.13579E-3 1.07461E-2 1.25117E-2 1.54736E-2 1.28185E-2 1.18251E-2 1.11498E-2 1.40822E-2 1.77119E-2 1.76368E-2 1.92073E-2 1.83333E-2 8.74375E-3 6.89182E-3 4.79392E-3 4.70534E-3 4.00051E-3 2.76567E-3 1.74834E-3 1.31129E-3 1.43019E-3 1.58356E-3 1.46154E-3 1.03862E-3 1.0273E-3 2.10053E-3 3.18303E-3 5.47362E-3 5.1118E-3 3.37513E-3 1.38257E-3 1.82923E-3 1.86229E-3 1.41361E-3 1.31397E-3 1.727E-3 1.63841E-3 1.45353E-3 1.22273E-3 1.28253E-3 1.34532E-3 2.59681E-3 3.85938E-3 3.89999E-3 4.09536E-3 5.05643E-3 6.48479E-3 9.19929E-3 1.42779E-2 1.30761E-2 1.40445E-2 1.17107E-2 1.06699E-2 1.42168E-2
9.09441E-3 1.17534E-2 8.70646E-3 8.77874E-3 1.0358E-2 1.49366E-2 1.08572E-2 1.12187E-2 1.51099E-2 2.40732E-2 2.73053E-2 3.22549E-2 2.75706E-2 4.28923E-2 7.69224E-2 6.91043E-2 5.32226E-2 2.0524E-2 1.00598E-2 6.8773E-3 5.54464E-3 5.90729E-3 5.85593E-3 3.53617E-3 1.90391E-3 1.54779E-3 1.48291E-3 1.474E-3 1.32626E-3 1.08368E-3 8.52836E-4 7.71125E-4 1.68782E-3 2.98247E-3 5.82108E-3 4.01387E-3 2.73499E-3 1.2397E-3 1.66387E-3 1.54096E-3 1.31951E-3 1.44909E-3 1.81999E-3 1.56243E-3 1.54808E-3 1.49817E-3 1.8933E-3 2.91655E-3 3.46419E-3 4.18098E-3 4.9325E-3 6.17096E-3 7.86977E-3 9.63974E-3 1.02942E-2 1.316E-2 1.78739E-2 2.11068E-2 2.1879E-2 2.06909E-2 2.50654E-2
1.513E-2 2.1352E-2 2.65529E-2 3.66844E-2 4.93029E-2 6.68014E-2 7.36862E-2 8.19759E-2 8.21109E-2 8.847E-2 8.94185E-2 6.59627E-2 3.7519E-2 9.34811E-2 6.57901E-2 6.60209E-2 6.422E-2 4.58157E-2 1.59719E-2 8.98617E-3 5.14099E-3 5.54966E-3 4.98914E-3 3.01473E-3 1.66586E-3 1.50133E-3 1.316E-3 1.57149E-3 1.51017E-3 1.3847E-3 1.26383E-3 1.32895E-3 2.59508E-3 3.37408E-3 5.92059E-3 4.04865E-3 3.19458E-3 1.56702E-3 2.15428E-3 2.23653E-3 1.94119E-3 2.56213E-3 2.51475E-3 2.14828E-3 2.28281E-3 2.2815E-3 2.50885E-3 3.22899E-3 3.70351E-3 3.93111E-3 4.60673E-3 1.64683E-2 9.71553E-3 8.3259E-3 1.13127E-2 2.12935E-2 4.41997E-2 4.55422E-2 3.88238E-2 3.95988E-2 6.4339E-2
6.47562E-2 6.42638E-2 6.60942E-2 6.90887E-2 7.74818E-2 7.95176E-2 7.96731E-2 8.11236E-2 8.43119E-2 8.40206E-2 8.40384E-2 8.6226E-2 7.83867E-2 7.40241E-2 7.47111E-2 7.36855E-2 7.15578E-2 6.17191E-2 1.12773E-2 4.95586E-3 2.88305E-3 2.96359E-3 6.16589E-3 3.53685E-3 2.05433E-3 1.78684E-3 1.80748E-3 1.56879E-3 1.8206E-3 2.02374E-3 2.28841E-3 2.82006E-3 4.12586E-3 3.72886E-3 7.88933E-3 5.16633E-3 3.86335E-3 1.7824E-3 2.75026E-3 3.3302E-3 3.78113E-3 3.91553E-3 2.97839E-3 2.79697E-3 3.16325E-3 4.14426E-3 4.6544E-3 3.74604E-3 3.76639E-3 3.7517E-3 4.1829E-3 8.02694E-3 8.01144E-3 1.31266E-2 3.88795E-2 4.94172E-2 4.77444E-2 6.09943E-2 -9999 7.30418E-2 -9999
5.27886E-2 6.22978E-2 7.22571E-2 8.19116E-2 8.70211E-2 8.83879E-2 9.00005E-2 9.60764E-2 1.02481E-1 1.0441E-1 1.01578E-1 9.78815E-2 9.15886E-2 9.26313E-2 9.76275E-2 9.80226E-2 9.77178E-2 7.07034E-2 1.30315E-2 5.81514E-3 3.40769E-3 1.98198E-3 3.51447E-3 4.50655E-3 3.13527E-3 2.22189E-3 1.82502E-3 1.83158E-3 2.55044E-3 2.58652E-3 2.97443E-3 5.16689E-3 5.11797E-3 7.30303E-3 6.87174E-3 5.85552E-3 3.97114E-3 2.93937E-3 2.88009E-3 4.25978E-3 5.37627E-3 4.80509E-3 3.57691E-3 3.13129E-3 4.07091E-3 5.08487E-3 9.36745E-3 1.12827E-2 4.78864E-3 4.43319E-3 5.38506E-3 7.26663E-3 1.21479E-2 2.71338E-2 -9999 -9999 -9999 -9999 -9999 -9999 -9999
6.28105E-2 7.80539E-2 1.02319E-1 1.04142E-1 9.76477E-2 8.54912E-2 7.94099E-2 8.10773E-2 1.00796E-1 1.11657E-1 1.12067E-1 1.05401E-1 9.31161E-2 9.48295E-2 1.09487E-1 6.54449E-2 4.4115E-2 2.83937E-2 1.96107E-2 1.33892E-2 9.16364E-3 4.95839E-3 4.73264E-3 4.87504E-3 4.23674E-3 3.44303E-3 2.78267E-3 3.00736E-3 3.50463E-3 5.70253E-3 5.24027E-3 7.21773E-3 8.1121E-3 8.02551E-3 6.52423E-3 5.58983E-3 3.89222E-3 4.48202E-3 3.82952E-3 4.65921E-3 6.11777E-3 5.11615E-3 5.16327E-3 4.82303E-3 6.69395E-3 6.51293E-3 5.27775E-3 5.69422E-3 7.51659E-3 7.00879E-3 8.42244E-3 1.35315E-2 2.57811E-2 -9999 -9999 -9999 -9999 -9999 -9999 -9999 -9999
9.5958E-2 9.18824E-2 7.28799E-2 5.45119E-2 4.13868E-2 3.27412E-2 2.92314E-2 2.77106E-2 4.08263E-2 7.46296E-2 5.4679E-2 4.0057E-2 3.61327E-2 4.47902E-2 4.09332E-2 3.78022E-2 3.91411E-2 3.10942E-2 3.44375E-2 4.07202E-2 2.15934E-2 1.17964E-2 1.01047E-2 6.81714E-3 5.69724E-3 4.39619E-3 4.80386E-3 4.27649E-3 5.31499E-3 1.0436E-2 1.00656E-2 9.39575E-3 1.01495E-2 7.02116E-3 5.59891E-3 5.08167E-3 5.31143E-3 4.86364E-3 4.41579E-3 5.88461E-3 7.02574E-3 5.57566E-3 5.84726E-3 8.57719E-3 1.03543E-2 9.33122E-3 8.08335E-3 9.13986E-3 1.3187E-2 1.11337E-2 1.6983E-2 3.2471E-2 -9999 -9999 -9999 -9999 -9999 -9999 -9999 -9999 -9999
7.87911E-2 7.69013E-2 5.75153E-2 3.60958E-2 3.12953E-2 2.16932E-2 1.63598E-2 1.81633E-2 2.43398E-2 2.96658E-2 2.72693E-2 2.32386E-2 2.44117E-2 2.99323E-2 3.39368E-2 3.17779E-2 3.17987E-2 2.98934E-2 2.51837E-2 2.31675E-2 1.53337E-2 1.10266E-2 1.06509E-2 1.03624E-2 8.58872E-3 5.98204E-3 6.52981E-3 9.29458E-3 1.02492E-2 1.24355E-2 1.11482E-2 1.03509E-2 1.11478E-2 7.4825E-3 5.68167E-3 6.50478E-3 5.57031E-3 4.36015E-3 5.7868E-3 6.60641E-3 7.27611E-3 5.7974E-3 6.3883E-3 8.95517E-3 1.17342E-2 1.21777E-2 1.27422E-2 1.68769E-2 2.08394E-2 2.90223E-2 4.95144E-2 5.22213E-2 -9999 -9999 -9999 -9999 -9999 -9999 -9999 -9999 -9999
6.71518E-2 9.01284E-2 6.06178E-2 2.8379E-2 2.06439E-2 1.81985E-2 1.43473E-2 1.48226E-2 1.45471E-2 1.4291E-2 1.60704E-2 1.75357E-2 1.8995E-2 2.70824E-2 3.22649E-2 2.38275E-2 2.30317E-2 2.5403E-2 2.22509E-2 1.62431E-2 1.13482E-2 9.17035E-3 8.6792E-3 8.11429E-3 7.36613E-3 7.96561E-3 8.21959E-3 7.94906E-3 9.1567E-3 9.75256E-3 1.02058E-2 1.17891E-2 1.14385E-2 7.88105E-3 5.99405E-3 5.99134E-3 4.59177E-3 4.38843E-3 5.61606E-3 8.17442E-3 8.503E-3 7.59655E-3 7.99931E-3 9.03601E-3 1.31071E-2 1.57993E-2 1.6151E-2 2.34252E-2 3.13828E-2 4.97728E-2 6.72171E-2 2.05912E-1 -9999 -9999 -9999 -9999 -9999 -9999 -9999 -9999 -9999
8.61795E-2 7.73011E-2 3.63686E-2 2.11243E-2 1.14893E-2 1.10732E-2 1.10862E-2 1.31287E-2 1.25242E-2 1.46103E-2 1.90384E-2 1.6222E-2 1.37066E-2 3.01012E-2 3.81483E-2 1.86877E-2 1.98744E-2 2.01633E-2 1.88247E-2 1.43291E-2 9.73135E-3 8.01246E-3 8.52096E-3 6.57453E-3 6.79193E-3 1.00037E-2 8.9947E-3 9.18203E-3 9.20029E-3 1.00679E-2 1.02942E-2 1.30488E-2 1.21498E-2 8.47646E-3 8.72442E-3 9.28092E-3 6.39059E-3 6.27564E-3 6.66216E-3 9.1233E-3 9.98177E-3 8.87418E-3 8.17498E-3 9.69491E-3 1.79435E-2 2.00177E-2 2.5406E-2 3.75641E-2 6.2035E-2 8.29914E-2 1.35977E-1 1.74138E-1 -9999 -9999 -9999 -9999 -9999 -9999 -9999 -9999 -9999
4.8707E-2 2.53821E-2 1.43078E-2 1.09587E-2 7.26673E-3 6.12027E-3 7.64033E-3 1.10267E-2 1.07485E-2 7.84261E-3 1.07716E-2 1.11301E-2 1.61459E-2 1.69601E-2 1.83923E-2 2.5608E-2 1.81211E-2 1.56059E-2 1.7974E-2 1.4384E-2 1.3161E-2 1.07595E-2 9.63313E-3 7.91673E-3 7.27873E-3 8.2808E-3 6.2241E-3 7.8197E-3 1.09676E-2 1.1136E-2 1.03743E-2 1.13237E-2 1.01388E-2 9.32037E-3 9.4973E-3 9.97503E-3 7.37652E-3 8.10547E-3 9.65163E-3 1.20994E-2 1.34401E-2 1.13983E-2 9.78662E-3 1.20162E-2 2.33565E-2 2.71047E-2 3.93622E-2 5.90494E-2 8.79841E-2 1.14967E-1 1.5994E-1 1.75411E-1 -9999 -9999 -9999 -9999 -9999 -9999 -9999 -9999 -9999
1.90016E-2 1.87183E-2 1.24289E-2 7.81188E-3 5.05484E-3 4.92317E-3 5.47849E-3 6.08111E-3 6.82648E-3 5.43112E-3 6.57198E-3 1.16069E-2 1.22928E-2 1.46693E-2 1.42119E-2 1.73273E-2 1.92698E-2 2.08086E-2 1.99716E-2 1.90117E-2 1.66477E-2 1.27708E-2 1.13346E-2 9.41431E-3 8.93392E-3 7.49501E-3 5.96496E-3 7.12594E-3 9.41131E-3 1.11805E-2 1.04458E-2 1.18836E-2 1.12291E-2 9.66153E-3 1.19565E-2 1.03806E-2 8.21113E-3 8.37154E-3 1.31377E-2 1.66335E-2 2.15803E-2 2.60759E-2 1.42738E-2 1.83821E-2 2.95412E-2 3.61036E-2 4.93275E-2 7.01287E-2 1.26801E-1 1.79511E-1 -9999 -9999 -9999 -9999 -9999 -9999 -9999 -9999 -9999 -9999 -9999
1.17458E-2 1.04095E-2 1.05581E-2 7.47554E-3 5.52475E-3 4.75141E-3 5.0547E-3 4.37673E-3 4.80746E-3 7.2937E-3 7.41107E-3 8.57348E-3 1.05305E-2 1.20338E-2 1.23916E-2 1.57006E-2 1.74992E-2 1.86488E-2 2.01568E-2 2.14525E-2 1.82609E-2 1.42681E-2 1.33331E-2 1.07267E-2 7.59047E-3 6.97115E-3 6.49015E-3 7.72896E-3 1.12723E-2 1.17072E-2 1.61936E-2 2.38776E-2 1.44375E-2 1.21334E-2 1.25965E-2 1.19012E-2 1.08474E-2 1.35115E-2 2.68668E-2 3.43744E-2 3.17751E-2 2.89102E-2 2.22085E-2 2.58208E-2 3.62413E-2 4.77074E-2 6.37977E-2 8.95384E-2 1.58765E-1 2.17589E-1 2.20066E-1 -9999 -9999 -9999 -9999 -9999 -9999 -9999 -9999 -9999 -9999
1.38634E-2 1.4289E-2 1.20181E-2 9.27997E-3 6.15331E-3 4.97544E-3 4.49324E-3 3.87183E-3 3.46949E-3 4.52843E-3 6.06578E-3 7.58983E-3 9.82689E-3 1.24905E-2 1.5259E-2 1.6986E-2 1.70482E-2 1.79642E-2 2.11534E-2 2.04055E-2 1.7667E-2 1.60208E-2 1.39488E-2 1.45167E-2 1.14452E-2 1.01565E-2 9.23736E-3 1.06104E-2 1.35821E-2 2.16851E-2 2.77656E-2 2.93279E-2 1.81313E-2 1.30565E-2 1.443E-2 1.33118E-2 1.45978E-2 2.22201E-2 3.82359E-2 5.09311E-2 3.96716E-2 3.44874E-2 3.59037E-2 3.26358E-2 4.52436E-2 5.63203E-2 6.8958E-2 1.02758E-1 1.35185E-1 1.86252E-1 2.24175E-1 2.41729E-1 -9999 2.61944E-1 2.91478E-1 -9999 -9999 -9999 -9999 -9999 -9999
1.40075E-2 1.64698E-2 1.042E-2 8.63404E-3 6.43795E-3 5.20322E-3 4.72148E-3 4.08531E-3 3.94467E-3 5.55906E-3 6.96841E-3 8.5324E-3 1.06761E-2 8.99173E-3 1.2872E-2 1.5978E-2 1.61682E-2 1.48582E-2 1.71567E-2 1.60465E-2 1.60694E-2 1.51697E-2 1.36321E-2 1.48823E-2 1.2121E-2 1.00932E-2 1.00654E-2 1.16401E-2 1.53257E-2 4.20851E-2 3.87057E-2 3.28277E-2 2.13945E-2 1.35865E-2 1.71412E-2 1.71709E-2 2.6961E-2 4.45876E-2 5.30049E-2 5.59913E-2 4.60366E-2 4.33095E-2 4.45308E-2 4.45413E-2 6.05377E-2 9.27487E-2 1.24311E-1 1.44852E-1 1.68034E-1 1.93874E-1 2.22803E-1 2.47379E-1 -9999 -9999 3.4499E-1 3.22029E-1 -9999 -9999 -9999 -9999 -9999
1.37142E-2 1.18285E-2 7.96177E-3 6.79443E-3 6.40921E-3 5.92534E-3 5.34812E-3 4.86374E-3 6.29375E-3 7.30745E-3 7.83017E-3 8.83483E-3 8.99083E-3 8.86765E-3 1.24879E-2 1.63133E-2 1.99994E-2 1.64397E-2 1.40904E-2 1.16614E-2 1.25971E-2 1.21396E-2 1.14899E-2 1.30541E-2 1.38433E-2 1.18496E-2 1.17776E-2 1.5624E-2 2.4514E-2 2.88579E-2 2.61272E-2 3.14227E-2 1.98601E-2 2.13466E-2 2.81739E-2 2.68112E-2 3.88528E-2 6.75728E-2 9.66095E-2 9.12791E-2 6.42063E-2 6.36462E-2 6.27644E-2 6.8824E-2 8.90408E-2 1.5383E-1 2.06274E-1 2.21207E-1 2.08302E-1 2.37899E-1 2.50603E-1 2.87013E-1 3.60308E-1 4.02737E-1 4.27104E-1 3.89653E-1 -9999 -9999 -9999 -9999 -9999
1.26367E-2 1.10667E-2 8.35078E-3 8.20663E-3 8.92943E-3 9.07134E-3 8.92299E-3 9.22951E-3 8.69184E-3 9.21657E-3 1.0576E-2 9.15707E-3 8.34886E-3 1.06202E-2 1.20071E-2 1.30578E-2 1.3139E-2 1.85866E-2 2.06213E-2 1.75673E-2 1.34369E-2 1.12015E-2 1.35783E-2 1.50853E-2 2.01576E-2 2.0623E-2 2.12879E-2 2.73307E-2 3.02816E-2 2.28815E-2 2.80092E-2 4.01075E-2 2.9515E-2 3.19102E-2 4.47412E-2 4.45426E-2 6.10358E-2 9.74802E-2 1.28466E-1 1.31474E-1 1.00344E-1 9.93378E-2 1.21975E-1 1.3296E-1 1.49066E-1 1.66116E-1 2.19973E-1 2.97883E-1 2.66881E-1 2.79649E-1 3.55116E-1 3.77228E-1 3.74971E-1 3.9831E-1 4.08587E-1 2.87716E-1 -9999 -9999 -9999 -9999 -9999
1.32076E-2 1.27302E-2 1.17023E-2 9.87795E-3 1.20769E-2 1.20998E-2 1.35157E-2 1.29544E-2 1.26741E-2 1.35073E-2 1.53394E-2 1.49191E-2 1.69272E-2 1.90941E-2 1.91952E-2 1.6114E-2 1.1767E-2 1.10179E-2 1.83094E-2 1.98165E-2 1.88742E-2 1.38043E-2 1.48139E-2 2.55143E-2 2.51405E-2 2.81358E-2 3.12892E-2 2.99696E-2 3.00032E-2 3.14922E-2 4.80733E-2 5.90923E-2 4.66982E-2 4.93231E-2 6.32067E-2 8.12827E-2 1.14209E-1 1.68165E-1 1.67946E-1 1.78444E-1 2.01703E-1 1.85026E-1 2.13396E-1 1.97799E-1 2.12459E-1 2.06561E-1 2.42095E-1 3.24537E-1 3.33877E-1 4.25273E-1 4.32546E-1 4.11313E-1 4.92945E-1 2.51734E-1 2.5936E-1 -9999 -9999 -9999 -9999 -9999 -9999
1.58036E-2 1.42621E-2 1.28987E-2 1.42755E-2 1.53075E-2 1.43738E-2 1.64094E-2 1.80988E-2 1.81835E-2 2.13673E-2 2.43163E-2 2.47684E-2 2.48439E-2 2.72851E-2 2.25423E-2 1.81644E-2 1.71192E-2 1.67052E-2 1.93778E-2 2.28644E-2 1.8123E-2 1.47638E-2 1.92526E-2 2.54814E-2 2.62488E-2 3.27025E-2 3.29851E-2 3.15429E-2 3.50258E-2 4.78422E-2 5.67359E-2 1.06161E-1 6.04383E-2 7.15612E-2 1.01114E-1 1.53842E-1 2.35053E-1 2.89646E-1 2.7222E-1 2.53476E-1 2.65583E-1 2.7971E-1 2.90389E-1 3.42248E-1 2.73231E-1 3.86908E-1 -9999 -9999 -9999 -9999 4.93249E-1 -9999 -9999 3.61724E-1 3.90797E-1 3.87255E-1 -9999 -9999 -9999 -9999 -9999
1.71441E-2 1.70161E-2 1.53963E-2 1.90568E-2 1.65878E-2 1.61592E-2 1.83423E-2 1.98079E-2 2.80434E-2 2.85502E-2 2.7024E-2 2.70168E-2 3.36372E-2 3.18899E-2 2.19487E-2 2.34621E-2 2.14923E-2 2.65852E-2 2.3991E-2 1.81578E-2 1.64127E-2 1.86662E-2 2.43815E-2 3.18496E-2 4.04584E-2 3.76217E-2 3.14571E-2 4.54036E-2 6.14855E-2 9.64705E-2 1.04649E-1 1.96051E-1 1.26806E-1 1.5307E-1 1.86773E-1 2.43453E-1 4.60117E-1 -9999 -9999 4.18993E-1 4.40007E-1 4.54217E-1 4.57115E-1 4.52709E-1 -9999 3.89393E-1 -9999 -9999 -9999 -9999 -9999 -9999 -9999 -9999 -9999 -9999 -9999 -9999 -9999 -9999 -9999
1.95271E-2 1.95404E-2 2.15454E-2 2.1278E-2 2.13027E-2 1.91971E-2 2.61259E-2 3.65562E-2 3.06924E-2 2.79623E-2 2.73632E-2 3.64063E-2 3.6417E-2 3.42597E-2 3.78839E-2 3.2149E-2 2.66906E-2 2.89063E-2 2.39357E-2 2.05981E-2 2.66037E-2 3.19683E-2 3.16833E-2 4.10483E-2 4.52052E-2 4.05373E-2 4.66742E-2 7.01132E-2 1.05817E-1 1.57611E-1 2.21581E-1 3.09403E-1 2.47585E-1 4.05705E-1 4.55537E-1 4.73666E-1 4.8639E-1 4.46306E-1 4.26296E-1 3.87213E-1 4.58536E-1 4.05497E-1 4.10165E-1 -9999 -9999 -9999 -9999 -9999 -9999 -9999 -9999 -9999 -9999 -9999 -9999 -9999 -9999 -9999 -9999 -9999 -9999
2.19039E-2 2.27064E-2 2.49122E-2 2.69497E-2 2.56632E-2 3.6357E-2 3.78522E-2 3.82187E-2 4.06178E-2 3.64069E-2 4.55559E-2 4.93323E-2 4.98024E-2 5.06539E-2 4.59542E-2 4.04199E-2 3.58008E-2 3.39151E-2 3.63065E-2 4.32321E-2 4.30655E-2 4.12642E-2 3.92167E-2 4.18439E-2 5.89932E-2 5.64824E-2 5.1777E-2 7.67232E-2 1.33648E-1 2.4274E-1 3.99832E-1 4.7877E-1 4.77115E-1 3.75307E-1 4.32763E-1 4.87748E-1 5.05438E-1 4.72677E-1 4.12573E-1 3.56303E-1 -9999 -9999 -9999 -9999 -9999 -9999 -9999 -9999 -9999 -9999 -9999 -9999 -9999 -9999 -9999 -9999 -9999 -9999 -9999 -9999 -9999
3.082E-2 3.03069E-2 2.98523E-2 3.27818E-2 4.43515E-2 5.17022E-2 5.3192E-2 5.79294E-2 5.63953E-2 5.66555E-2 5.57286E-2 6.41938E-2 6.60682E-2 7.36972E-2 5.93063E-2 5.68125E-2 5.62019E-2 6.13794E-2 6.42481E-2 6.13668E-2 5.30862E-2 5.93046E-2 7.98276E-2 8.0809E-2 7.848E-2 8.38169E-2 6.99383E-2 1.01054E-1 1.74718E-1 3.10993E-1 4.37765E-1 5.015E-1 4.89985E-1 4.29773E-1 4.5656E-1 5.82555E-1 4.92059E-1 -9999 -9999 -9999 -9999 -9999 -9999 -9999 -9999 -9999 -9999 -9999 -9999 -9999 -9999 -9999 -9999 -9999 -9999 -9999 -9999 -9999 -9999 -9999 -9999
