data/maxent/outputs/white_234.asc
ncols         426
nrows         180
xllcorner     -130.0
yllcorner     24.0
cellsize      0.16666666666666666
NODATA_value  -9999
[rows 54 to 80 of 180, columns 183 to 243 of 426]
1.70832E-1 1.94741E-1 1.78387E-1 1.85755E-1 1.97908E-1 1.9586E-1 1.91835E-1 1.99064E-1 2.20642E-1 2.60007E-1 3.3817E-1 3.52669E-1 3.29427E-1 3.30389E-1 2.91906E-1 3.16044E-1 3.63062E-1 3.85452E-1 3.9753E-1 4.40885E-1 4.37075E-1 4.68403E-1 5.23675E-1 5.31583E-1 5.27213E-1 5.33073E-1 5.12536E-1 4.89714E-1 4.80397E-1 5.16041E-1 5.64136E-1 5.52001E-1 5.08151E-1 5.38303E-1 6.11539E-1 6.69966E-1 6.74762E-1 6.76209E-1 6.56243E-1 6.08901E-1 6.09293E-1 5.73869E-1 5.55887E-1 5.24431E-1 5.22954E-1 5.24885E-1 5.2158E-1 5.13926E-1 5.39864E-1 5.14318E-1 4.87609E-1 4.69497E-1 4.73329E-1 4.84289E-1 4.96026E-1 5.05826E-1 5.05936E-1 5.10641E-1 5.28703E-1 5.5299E-1 4.79263E-1
1.5726E-1 1.62556E-1 1.64202E-1 1.73716E-1 1.8612E-1 2.00797E-1 1.91946E-1 2.01884E-1 2.22694E-1 2.48938E-1 3.17309E-1 3.63047E-1 3.20681E-1 2.98461E-1 2.86708E-1 3.02717E-1 3.6037E-1 4.05391E-1 4.7034E-1 4.7191E-1 4.56379E-1 4.76394E-1 5.01253E-1 5.34087E-1 5.54016E-1 5.05824E-1 4.67515E-1 4.29381E-1 4.77087E-1 5.32377E-1 5.53989E-1 5.36627E-1 5.25682E-1 5.64073E-1 5.60685E-1 6.04437E-1 6.56549E-1 6.58253E-1 6.06601E-1 5.88164E-1 5.85998E-1 5.73503E-1 5.55457E-1 5.38698E-1 5.40703E-1 5.27135E-1 5.33941E-1 5.52852E-1 5.50269E-1 5.2145E-1 5.1544E-1 4.86527E-1 4.81177E-1 4.79117E-1 4.76622E-1 4.91752E-1 4.98273E-1 5.21607E-1 5.66231E-1 5.31898E-1 5.13855E-1
1.57357E-1 1.58467E-1 1.58193E-1 1.6254E-1 1.86337E-1 1.87704E-1 1.89551E-1 1.91332E-1 2.17852E-1 2.29825E-1 2.85221E-1 3.42467E-1 3.40438E-1 3.14621E-1 3.48344E-1 2.96588E-1 3.27965E-1 3.65794E-1 4.26848E-1 4.53965E-1 4.39801E-1 4.51563E-1 4.9167E-1 5.04439E-1 5.0398E-1 4.77987E-1 4.76608E-1 4.63099E-1 4.67933E-1 5.0555E-1 5.22113E-1 5.27341E-1 5.38015E-1 5.76304E-1 5.46999E-1 5.8258E-1 6.08163E-1 6.09034E-1 5.84256E-1 5.86733E-1 5.73705E-1 5.94888E-1 6.09352E-1 5.74709E-1 5.59808E-1 5.66075E-1 5.47478E-1 5.41705E-1 5.27655E-1 5.15436E-1 5.33835E-1 5.07555E-1 4.74883E-1 4.76443E-1 4.64826E-1 4.75571E-1 4.87771E-1 4.93665E-1 5.01682E-1 5.44714E-1 5.17143E-1
1.55207E-1 1.62434E-1 1.72125E-1 1.75627E-1 1.82636E-1 1.8939E-1 1.8211E-1 1.96808E-1 2.11576E-1 2.23049E-1 2.66109E-1 3.57518E-1 3.70401E-1 3.61151E-1 3.26514E-1 2.79919E-1 2.71492E-1 3.08284E-1 3.61874E-1 3.84473E-1 4.15221E-1 4.52911E-1 4.91797E-1 4.8752E-1 4.71316E-1 4.71512E-1 4.52559E-1 4.66331E-1 4.89082E-1 5.15748E-1 5.12003E-1 5.05126E-1 5.02954E-1 5.4857E-1 5.50998E-1 5.78718E-1 6.23018E-1 6.12577E-1 5.89525E-1 5.78312E-1 5.50382E-1 5.47259E-1 5.55536E-1 5.99982E-1 5.99514E-1 5.87029E-1 5.56414E-1 5.62002E-1 5.1512E-1 5.01638E-1 5.0503E-1 5.08835E-1 4.69691E-1 4.48759E-1 4.49339E-1 4.66374E-1 5.00084E-1 5.16944E-1 5.30115E-1 5.00319E-1 5.2001E-1
1.11157E-1 1.29684E-1 1.44206E-1 1.7782E-1 1.82107E-1 1.81857E-1 1.91406E-1 1.96197E-1 2.02452E-1 2.14494E-1 2.47393E-1 3.25123E-1 4.31146E-1 3.62258E-1 3.57021E-1 2.759E-1 2.59548E-1 2.74256E-1 3.07861E-1 3.59649E-1 3.84174E-1 4.3907E-1 4.8923E-1 4.80765E-1 4.56489E-1 4.53131E-1 4.61456E-1 4.60617E-1 4.77929E-1 4.76623E-1 5.11356E-1 5.37226E-1 5.22339E-1 5.59864E-1 5.95801E-1 6.00095E-1 6.13502E-1 6.10474E-1 5.7071E-1 5.52006E-1 5.57635E-1 5.42155E-1 5.44188E-1 5.46424E-1 5.61876E-1 5.82312E-1 5.59209E-1 5.53173E-1 5.40785E-1 5.11279E-1 5.17618E-1 5.05229E-1 4.72153E-1 4.89064E-1 4.76892E-1 4.8198E-1 4.87027E-1 5.39448E-1 5.04131E-1 4.7853E-1 5.11163E-1
1.05373E-1 1.12937E-1 1.22228E-1 1.42171E-1 1.71342E-1 1.93907E-1 1.76584E-1 1.96379E-1 2.13893E-1 2.21083E-1 2.47E-1 2.83823E-1 3.36761E-1 3.62056E-1 3.45471E-1 2.90415E-1 2.72485E-1 2.75113E-1 2.84913E-1 3.15505E-1 3.84356E-1 4.30332E-1 4.908E-1 4.9239E-1 4.82184E-1 4.76161E-1 4.8415E-1 4.72688E-1 4.47188E-1 4.60729E-1 4.73375E-1 4.99508E-1 5.44872E-1 5.25538E-1 5.42569E-1 5.60319E-1 5.6848E-1 5.7938E-1 5.67087E-1 5.52464E-1 5.60971E-1 5.61926E-1 5.61407E-1 5.39554E-1 5.53702E-1 5.66977E-1 5.82365E-1 5.81689E-1 5.53654E-1 5.27518E-1 5.18826E-1 5.09932E-1 5.04751E-1 5.19623E-1 5.06186E-1 4.97376E-1 5.13098E-1 5.4363E-1 4.83902E-1 4.86393E-1 4.9731E-1
1.10808E-1 1.18173E-1 1.15558E-1 1.31482E-1 1.6355E-1 1.69134E-1 1.69871E-1 1.79468E-1 2.02177E-1 2.11315E-1 2.30212E-1 2.62055E-1 3.12347E-1 3.60827E-1 3.5314E-1 3.04166E-1 2.80756E-1 2.7954E-1 2.99643E-1 3.29621E-1 3.97188E-1 4.4862E-1 4.52374E-1 4.47249E-1 4.74532E-1 4.70734E-1 4.85307E-1 4.58235E-1 4.54007E-1 4.51276E-1 4.80031E-1 5.07479E-1 5.15835E-1 5.05672E-1 5.04149E-1 5.10768E-1 5.41584E-1 5.53906E-1 5.53981E-1 5.48375E-1 5.45274E-1 5.52265E-1 5.60138E-1 5.6248E-1 5.53318E-1 5.47233E-1 5.66599E-1 5.79389E-1 5.77837E-1 5.76802E-1 5.36958E-1 5.12497E-1 4.99944E-1 5.22132E-1 5.28448E-1 5.17259E-1 5.17515E-1 5.39638E-1 4.979E-1 4.90286E-1 5.1027E-1
1.27275E-1 1.26487E-1 1.30362E-1 1.38201E-1 1.56075E-1 1.64664E-1 1.79842E-1 1.87878E-1 2.06961E-1 2.01879E-1 2.154E-1 2.56579E-1 2.93942E-1 3.11608E-1 3.25975E-1 2.9266E-1 2.82047E-1 2.80961E-1 3.03185E-1 3.59264E-1 3.85962E-1 4.30917E-1 4.54041E-1 4.52217E-1 4.56227E-1 4.9304E-1 4.82286E-1 4.32747E-1 4.60293E-1 4.97004E-1 5.26764E-1 5.2218E-1 5.25213E-1 4.93586E-1 4.90485E-1 5.20166E-1 5.41142E-1 5.55274E-1 5.60679E-1 5.72878E-1 5.44449E-1 5.35983E-1 5.56178E-1 5.69703E-1 5.70345E-1 5.6629E-1 5.68613E-1 5.78756E-1 5.79989E-1 6.12426E-1 5.55649E-1 5.28811E-1 5.19281E-1 5.11025E-1 5.15504E-1 5.14249E-1 5.14528E-1 5.15171E-1 5.0378E-1 4.93405E-1 5.26656E-1
1.47414E-1 1.50761E-1 1.40907E-1 1.40394E-1 1.52488E-1 1.76856E-1 1.96426E-1 2.09774E-1 2.04412E-1 1.9948E-1 2.08586E-1 2.38383E-1 2.83654E-1 3.11472E-1 3.11684E-1 3.00609E-1 2.98839E-1 2.69271E-1 2.82026E-1 3.11257E-1 3.49401E-1 4.04649E-1 4.44575E-1 4.73323E-1 4.65394E-1 4.46687E-1 4.45519E-1 4.06384E-1 4.21697E-1 5.11666E-1 5.63425E-1 5.10984E-1 5.11003E-1 4.94628E-1 5.20809E-1 5.1372E-1 5.57769E-1 5.72824E-1 5.57913E-1 5.81525E-1 5.65172E-1 5.39757E-1 5.39299E-1 5.64561E-1 5.73278E-1 5.67407E-1 5.45875E-1 5.65003E-1 5.84739E-1 6.32453E-1 5.60518E-1 5.00024E-1 4.96456E-1 5.22529E-1 5.1871E-1 5.19892E-1 5.42407E-1 5.17519E-1 5.08771E-1 5.08968E-1 5.33228E-1
1.67493E-1 1.94448E-1 1.75295E-1 1.47595E-1 1.46776E-1 1.7805E-1 2.00677E-1 2.21452E-1 2.11593E-1 2.04184E-1 1.96608E-1 2.1431E-1 2.52235E-1 2.78923E-1 2.71845E-1 2.5582E-1 2.49147E-1 2.25607E-1 2.40609E-1 2.71998E-1 3.16022E-1 3.85474E-1 4.12202E-1 4.26431E-1 4.45914E-1 4.46663E-1 4.74279E-1 3.79249E-1 4.09631E-1 4.63476E-1 4.92271E-1 4.93722E-1 4.80986E-1 4.91306E-1 5.06612E-1 5.13743E-1 5.36384E-1 5.5008E-1 5.51157E-1 5.60374E-1 5.50629E-1 5.4948E-1 5.29247E-1 5.21834E-1 5.44694E-1 5.53593E-1 5.56356E-1 5.6215E-1 5.90167E-1 6.46941E-1 6.10127E-1 5.28103E-1 5.18373E-1 5.26027E-1 5.21618E-1 5.49274E-1 5.62778E-1 5.675E-1 5.49369E-1 5.62149E-1 5.34275E-1
2.0043E-1 1.90619E-1 1.88708E-1 1.9664E-1 1.63762E-1 1.78711E-1 2.13619E-1 2.26974E-1 2.36302E-1 2.17322E-1 1.91309E-1 1.85187E-1 2.25791E-1 2.44288E-1 2.4507E-1 2.4271E-1 2.26164E-1 2.16665E-1 2.41586E-1 2.80156E-1 3.23104E-1 3.718E-1 3.99603E-1 3.91952E-1 3.9439E-1 3.78749E-1 3.76774E-1 4.07411E-1 4.5388E-1 4.5778E-1 4.75836E-1 4.72761E-1 4.67882E-1 5.06215E-1 5.26157E-1 5.18092E-1 5.22922E-1 5.2903E-1 5.47346E-1 5.44501E-1 5.43476E-1 5.33536E-1 5.25597E-1 5.1828E-1 5.34411E-1 5.52501E-1 5.68333E-1 5.588E-1 5.7893E-1 6.01923E-1 6.38228E-1 5.54046E-1 5.42605E-1 5.41836E-1 5.50224E-1 5.58344E-1 5.67613E-1 5.70851E-1 5.34768E-1 5.48767E-1 5.07332E-1
1.89229E-1 1.89773E-1 1.7046E-1 1.71318E-1 2.01046E-1 2.03298E-1 2.2336E-1 2.3666E-1 2.38022E-1 2.12804E-1 1.92501E-1 1.83006E-1 1.87525E-1 2.23851E-1 2.27605E-1 2.3565E-1 2.39958E-1 2.37847E-1 2.60541E-1 3.07923E-1 3.42131E-1 3.50722E-1 3.52234E-1 3.52561E-1 3.74619E-1 3.6915E-1 3.81533E-1 4.27415E-1 4.53762E-1 4.61706E-1 4.51732E-1 4.55078E-1 4.68841E-1 5.12793E-1 5.39232E-1 5.15619E-1 5.4383E-1 5.18567E-1 5.24747E-1 5.21084E-1 5.1788E-1 5.23592E-1 5.30637E-1 5.29507E-1 5.35865E-1 5.49153E-1 5.5372E-1 5.44312E-1 5.44393E-1 5.84339E-1 5.86959E-1 5.64281E-1 5.51725E-1 5.54447E-1 5.77713E-1 5.95633E-1 6.12305E-1 5.98423E-1 5.8558E-1 5.48196E-1 6.05659E-1
1.72775E-1 1.74411E-1 1.53494E-1 1.4927E-1 1.52756E-1 1.7591E-1 2.05136E-1 2.03362E-1 1.88422E-1 1.7996E-1 2.00675E-1 2.01289E-1 1.77857E-1 1.80713E-1 1.88769E-1 2.01651E-1 2.22662E-1 2.59423E-1 2.74434E-1 2.91139E-1 3.06079E-1 3.1321E-1 3.25615E-1 3.37008E-1 3.55964E-1 3.51616E-1 3.66796E-1 3.98109E-1 4.30911E-1 4.34852E-1 4.3746E-1 4.39259E-1 4.48738E-1 4.59379E-1 4.78397E-1 5.14454E-1 5.08205E-1 4.9541E-1 5.03534E-1 5.03608E-1 4.97738E-1 4.97954E-1 5.23806E-1 5.37633E-1 5.27273E-1 5.26053E-1 5.47752E-1 5.46803E-1 5.24027E-1 5.46889E-1 5.77812E-1 5.26325E-1 5.21657E-1 5.26219E-1 5.48376E-1 5.81464E-1 5.80987E-1 5.72787E-1 5.54551E-1 5.32843E-1 5.26153E-1
1.902E-1 1.78586E-1 1.67847E-1 1.58005E-1 1.63207E-1 1.67753E-1 1.88821E-1 1.84093E-1 1.73285E-1 1.76425E-1 1.73044E-1 1.60051E-1 1.71962E-1 1.81871E-1 1.97732E-1 1.91793E-1 2.11361E-1 2.61476E-1 2.75098E-1 2.70852E-1 2.89478E-1 3.03254E-1 3.26176E-1 3.32525E-1 3.32624E-1 3.35631E-1 3.24079E-1 3.73965E-1 3.9784E-1 4.16827E-1 4.42867E-1 4.51875E-1 4.40651E-1 4.52774E-1 4.71752E-1 5.00822E-1 5.14644E-1 5.30816E-1 5.01436E-1 4.97843E-1 4.97818E-1 4.9627E-1 5.1915E-1 5.14497E-1 5.17912E-1 5.13742E-1 5.00147E-1 5.29358E-1 5.3638E-1 5.4294E-1 5.69982E-1 5.54259E-1 5.42796E-1 5.43829E-1 5.46291E-1 5.61747E-1 5.71145E-1 5.75878E-1 5.74781E-1 5.50473E-1 5.30231E-1
1.94973E-1 1.88076E-1 1.6844E-1 1.61375E-1 1.67154E-1 1.70719E-1 1.79085E-1 1.79378E-1 1.70081E-1 1.7298E-1 1.60973E-1 1.43013E-1 1.81849E-1 1.96622E-1 2.01258E-1 2.1646E-1 2.35094E-1 2.40495E-1 2.73683E-1 2.67748E-1 2.76793E-1 2.9512E-1 3.30007E-1 3.59402E-1 3.34778E-1 3.37332E-1 3.15494E-1 3.41473E-1 3.69604E-1 3.93583E-1 4.20782E-1 4.28087E-1 4.23787E-1 4.40982E-1 4.57168E-1 4.82852E-1 4.95655E-1 5.10714E-1 5.01217E-1 4.85433E-1 4.86488E-1 4.82686E-1 5.00042E-1 4.80186E-1 5.04143E-1 5.04336E-1 4.79101E-1 4.94215E-1 5.00544E-1 5.21451E-1 5.41984E-1 5.63919E-1 5.91989E-1 5.71275E-1 5.42762E-1 5.57792E-1 5.55957E-1 5.61516E-1 5.70823E-1 5.56367E-1 5.41289E-1
1.9186E-1 1.87635E-1 1.81433E-1 1.71364E-1 1.68234E-1 1.68261E-1 1.78389E-1 1.79008E-1 1.75775E-1 1.77065E-1 1.79008E-1 1.79853E-1 2.13046E-1 2.26731E-1 2.26366E-1 2.39809E-1 2.43826E-1 2.41537E-1 2.5232E-1 2.56159E-1 2.86572E-1 3.09081E-1 3.4184E-1 3.61644E-1 3.44653E-1 3.40503E-1 3.37535E-1 3.45743E-1 3.47361E-1 3.65628E-1 3.86289E-1 4.15708E-1 4.3665E-1 4.26945E-1 4.40576E-1 4.51949E-1 4.70181E-1 4.84755E-1 4.98677E-1 4.77564E-1 4.59724E-1 4.56492E-1 4.78908E-1 4.81859E-1 4.77464E-1 4.76125E-1 4.86895E-1 4.83335E-1 5.01273E-1 5.25942E-1 5.41782E-1 5.62228E-1 5.84913E-1 6.05052E-1 5.83871E-1 5.87583E-1 5.74251E-1 5.54735E-1 5.59285E-1 5.52636E-1 5.40283E-1
1.80395E-1 1.78005E-1 1.68949E-1 1.71171E-1 1.68124E-1 1.63836E-1 1.67969E-1 1.69379E-1 1.80763E-1 1.88298E-1 2.02661E-1 2.1662E-1 2.29138E-1 2.69005E-1 2.6085E-1 2.61288E-1 2.58382E-1 2.52152E-1 3.01697E-1 2.58149E-1 2.66437E-1 3.27159E-1 3.2332E-1 3.47198E-1 3.62256E-1 3.57009E-1 3.68571E-1 3.52164E-1 3.53961E-1 3.53208E-1 3.66261E-1 3.7421E-1 4.06419E-1 4.26844E-1 4.06089E-1 4.28441E-1 4.49712E-1 4.56812E-1 4.65167E-1 4.60402E-1 4.56905E-1 4.52579E-1 4.54803E-1 4.55888E-1 4.56777E-1 4.76375E-1 4.79657E-1 5.01492E-1 5.15849E-1 5.21823E-1 5.64394E-1 5.75799E-1 5.61649E-1 5.62776E-1 5.89129E-1 5.72815E-1 5.73446E-1 5.69267E-1 5.55816E-1 5.48783E-1 5.40124E-1
1.61579E-1 1.6733E-1 1.6933E-1 1.65313E-1 1.69438E-1 1.61183E-1 1.60771E-1 1.70155E-1 1.76561E-1 1.92007E-1 1.96248E-1 2.07848E-1 2.34767E-1 2.73511E-1 2.63845E-1 2.66724E-1 2.71939E-1 2.70095E-1 2.81135E-1 2.92132E-1 2.74535E-1 3.40902E-1 3.39867E-1 3.6194E-1 3.82776E-1 3.89316E-1 3.76071E-1 3.67036E-1 3.68147E-1 3.78637E-1 3.73659E-1 3.69119E-1 3.82556E-1 4.37736E-1 3.97676E-1 4.22876E-1 4.34221E-1 4.6095E-1 4.60696E-1 4.76322E-1 4.64951E-1 4.58081E-1 4.57861E-1 4.52408E-1 4.58864E-1 4.76809E-1 5.09154E-1 4.85519E-1 5.1995E-1 5.58243E-1 5.45382E-1 5.56486E-1 5.48878E-1 5.51841E-1 5.42298E-1 5.75642E-1 5.80559E-1 5.399E-1 5.44827E-1 5.48229E-1 5.60252E-1
1.62876E-1 1.59603E-1 1.59807E-1 1.54236E-1 1.61075E-1 1.56359E-1 1.5343E-1 1.53849E-1 1.73451E-1 1.76693E-1 1.877E-1 1.96848E-1 2.13447E-1 2.50754E-1 2.74167E-1 2.84704E-1 2.88311E-1 2.8484E-1 2.86856E-1 2.95313E-1 2.94921E-1 3.57102E-1 3.58835E-1 3.80406E-1 3.94767E-1 4.04456E-1 3.93291E-1 3.87602E-1 3.85132E-1 3.7542E-1 3.77682E-1 3.77608E-1 3.56125E-1 3.96499E-1 3.96966E-1 4.35403E-1 4.59783E-1 4.70599E-1 4.60903E-1 4.62021E-1 4.46398E-1 4.71834E-1 4.82716E-1 4.69553E-1 4.72721E-1 4.66628E-1 4.83488E-1 5.39561E-1 5.4947E-1 5.36981E-1 5.26515E-1 5.3399E-1 5.28847E-1 5.22511E-1 5.29829E-1 5.48902E-1 5.74316E-1 5.48807E-1 5.43847E-1 5.49327E-1 5.92627E-1
1.75046E-1 1.78589E-1 1.63591E-1 1.66852E-1 1.66863E-1 1.54166E-1 1.55169E-1 1.54381E-1 1.61207E-1 1.70137E-1 1.83464E-1 1.96088E-1 2.21627E-1 2.67746E-1 2.83125E-1 2.82794E-1 2.92725E-1 2.88363E-1 2.91478E-1 2.91773E-1 2.88099E-1 3.50836E-1 3.64374E-1 3.66879E-1 3.77991E-1 3.71707E-1 3.9226E-1 3.9519E-1 4.10986E-1 4.2267E-1 4.23185E-1 3.83821E-1 3.7623E-1 3.80707E-1 4.49408E-1 4.72475E-1 4.74842E-1 4.9308E-1 4.75974E-1 4.58252E-1 4.73665E-1 4.5627E-1 4.61571E-1 4.68171E-1 4.73287E-1 4.91188E-1 5.28929E-1 5.75061E-1 5.61175E-1 5.65321E-1 5.49883E-1 5.44328E-1 5.5094E-1 5.47066E-1 5.57179E-1 5.58429E-1 5.52958E-1 5.42499E-1 5.43624E-1 5.38485E-1 5.47538E-1
1.61282E-1 1.68725E-1 1.6158E-1 1.64249E-1 1.63038E-1 1.58133E-1 1.51916E-1 1.58463E-1 1.63652E-1 1.81821E-1 2.08375E-1 2.19354E-1 2.4028E-1 2.62E-1 2.67179E-1 2.7272E-1 2.84143E-1 2.9489E-1 3.07376E-1 3.08296E-1 3.17152E-1 3.24497E-1 3.55744E-1 3.59364E-1 3.57565E-1 3.66344E-1 3.78608E-1 4.04244E-1 4.22184E-1 4.47884E-1 4.36285E-1 4.23719E-1 4.16427E-1 4.29549E-1 4.61686E-1 5.05628E-1 5.27163E-1 5.22616E-1 5.13212E-1 4.6997E-1 4.63582E-1 4.73288E-1 4.4992E-1 4.60411E-1 4.72315E-1 4.82595E-1 5.15997E-1 5.41681E-1 5.29354E-1 5.39576E-1 5.74821E-1 5.64809E-1 5.63627E-1 5.77764E-1 6.01192E-1 5.86023E-1 5.39699E-1 5.17744E-1 5.29488E-1 5.36513E-1 5.42034E-1
1.42224E-1 1.61206E-1 1.65363E-1 1.78234E-1 1.66875E-1 1.58275E-1 1.6271E-1 1.66787E-1 1.88537E-1 2.17493E-1 2.4229E-1 2.32061E-1 2.49776E-1 2.53794E-1 2.65978E-1 2.97376E-1 2.95319E-1 3.13795E-1 3.17689E-1 3.05875E-1 3.49617E-1 3.76646E-1 3.57763E-1 3.56791E-1 3.48972E-1 3.6634E-1 3.73994E-1 3.93188E-1 4.10534E-1 4.19852E-1 4.22166E-1 4.08239E-1 4.2319E-1 4.32481E-1 4.49966E-1 4.82054E-1 5.31658E-1 5.66555E-1 5.94847E-1 5.25708E-1 4.83128E-1 4.63375E-1 4.50443E-1 4.59695E-1 4.79611E-1 4.84476E-1 5.09498E-1 5.43066E-1 5.44613E-1 5.62892E-1 5.64817E-1 6.14832E-1 6.10502E-1 6.12259E-1 5.82047E-1 5.61838E-1 5.49948E-1 5.41721E-1 5.35265E-1 5.2411E-1 5.29293E-1
1.34037E-1 1.47652E-1 1.6746E-1 1.78172E-1 1.63689E-1 1.5756E-1 1.63623E-1 1.85253E-1 1.95074E-1 2.20076E-1 2.43725E-1 2.50619E-1 2.45852E-1 2.53787E-1 2.76791E-1 2.7988E-1 2.67623E-1 2.68057E-1 3.07634E-1 3.28473E-1 3.48151E-1 3.99662E-1 3.74893E-1 3.4243E-1 3.4834E-1 3.65266E-1 3.81822E-1 3.99254E-1 4.13659E-1 4.21392E-1 4.25126E-1 4.33215E-1 4.4344E-1 4.52991E-1 4.55712E-1 4.87398E-1 5.15778E-1 5.3083E-1 6.04616E-1 5.41728E-1 5.19982E-1 4.76059E-1 4.72924E-1 4.76813E-1 4.78623E-1 4.95557E-1 5.02675E-1 5.14197E-1 5.37705E-1 5.48179E-1 5.75016E-1 5.57259E-1 5.64848E-1 5.86976E-1 5.76911E-1 5.57482E-1 5.57843E-1 5.69668E-1 5.45645E-1 5.40042E-1 5.76426E-1
1.25087E-1 1.38181E-1 1.43273E-1 1.49608E-1 1.63992E-1 1.62752E-1 1.70611E-1 1.92245E-1 2.27704E-1 2.42497E-1 2.43376E-1 2.5091E-1 2.43296E-1 2.41265E-1 2.36023E-1 2.54497E-1 2.59705E-1 2.58241E-1 2.79313E-1 3.25095E-1 3.37604E-1 3.53217E-1 3.73253E-1 3.41311E-1 3.44717E-1 3.61032E-1 3.84985E-1 4.03146E-1 4.30265E-1 4.16226E-1 4.25728E-1 4.57561E-1 4.52655E-1 4.59593E-1 4.59202E-1 4.72938E-1 5.18833E-1 5.34414E-1 5.44466E-1 5.39064E-1 5.2329E-1 5.00008E-1 4.80858E-1 4.63855E-1 4.80946E-1 5.08899E-1 5.40308E-1 5.3102E-1 5.19852E-1 5.52227E-1 5.76166E-1 5.78913E-1 5.52212E-1 5.66059E-1 5.79277E-1 5.63751E-1 5.82289E-1 5.40071E-1 5.33746E-1 5.25172E-1 5.81792E-1
1.18411E-1 1.30506E-1 1.36172E-1 1.48094E-1 1.48487E-1 1.55646E-1 1.87139E-1 2.18207E-1 2.26449E-1 2.34969E-1 2.38532E-1 2.49466E-1 2.35357E-1 2.29317E-1 2.20906E-1 2.46926E-1 2.52423E-1 2.67091E-1 2.81472E-1 3.15925E-1 3.2643E-1 3.39198E-1 3.8456E-1 3.3194E-1 3.43451E-1 3.6163E-1 3.80836E-1 4.04176E-1 4.1289E-1 4.07305E-1 4.16791E-1 4.38349E-1 4.64798E-1 4.59254E-1 4.58924E-1 4.58447E-1 4.69722E-1 5.09453E-1 5.30535E-1 5.47326E-1 5.18985E-1 5.09151E-1 5.13099E-1 5.11783E-1 4.97239E-1 5.16815E-1 5.38668E-1 5.45732E-1 5.56628E-1 5.66184E-1 5.85623E-1 5.83446E-1 5.72484E-1 5.82561E-1 5.83394E-1 5.85023E-1 5.9336E-1 5.54965E-1 5.58442E-1 5.66181E-1 6.10258E-1
1.21234E-1 1.28456E-1 1.31978E-1 1.35808E-1 1.51192E-1 1.71111E-1 1.97656E-1 1.98261E-1 2.0755E-1 2.16167E-1 2.16154E-1 2.38693E-1 2.21349E-1 2.22449E-1 2.19347E-1 2.35569E-1 2.6988E-1 3.24987E-1 3.08077E-1 2.94857E-1 3.16243E-1 3.30817E-1 3.53025E-1 3.45159E-1 3.45988E-1 3.56475E-1 3.75901E-1 4.04794E-1 4.19246E-1 4.22196E-1 4.26749E-1 4.45839E-1 4.50976E-1 4.63351E-1 4.74884E-1 4.68739E-1 4.7513E-1 4.9117E-1 5.12211E-1 5.0422E-1 4.9295E-1 5.04529E-1 4.96233E-1 5.1376E-1 5.25673E-1 5.31025E-1 5.15317E-1 5.10037E-1 5.5596E-1 5.59871E-1 5.8959E-1 5.50631E-1 5.50783E-1 5.49521E-1 5.58274E-1 5.62015E-1 5.72055E-1 5.64192E-1 5.80569E-1 6.00576E-1 5.80672E-1
1.18254E-1 1.1668E-1 1.2673E-1 1.30972E-1 1.36642E-1 1.50592E-1 1.75428E-1 1.82109E-1 1.90579E-1 1.93068E-1 1.93733E-1 2.02889E-1 2.10132E-1 2.18239E-1 2.15942E-1 2.34841E-1 2.61323E-1 2.95425E-1 3.23755E-1 2.95178E-1 2.97993E-1 3.30293E-1 3.51223E-1 3.59015E-1 3.48333E-1 3.54648E-1 3.78003E-1 4.06921E-1 4.23826E-1 4.27508E-1 4.36054E-1 4.50211E-1 4.50822E-1 4.63995E-1 4.8111E-1 5.07907E-1 5.1181E-1 5.13083E-1 5.20675E-1 5.34468E-1 5.39431E-1 5.23128E-1 5.12512E-1 5.10236E-1 5.10927E-1 5.17905E-1 5.34825E-1 5.41114E-1 5.70442E-1 5.50684E-1 5.48358E-1 5.45915E-1 5.38027E-1 5.3623E-1 5.54976E-1 5.85271E-1 5.90009E-1 5.93594E-1 5.72655E-1 5.87763E-1 5.62806E-1
