data/maxent/outputs/white_156.asc
ncols         426
nrows         180
xllcorner     -130.0
yllcorner     24.0
cellsize      0.16666666666666666
NODATA_value  -9999
[rows 81 to 107 of 180, columns 61 to 121 of 426]
2.87234E-1 4.43087E-1 2.87722E-1 3.56869E-1 2.39157E-1 2.41747E-1 2.21473E-1 2.87822E-1 2.16157E-1 3.3238E-1 2.57736E-1 2.25449E-1 3.64506E-1 3.57047E-1 3.15758E-1 2.41028E-1 2.25709E-1 4.47854E-1 4.38772E-1 2.28118E-1 2.57071E-1 3.87279E-1 3.58611E-1 4.93506E-1 3.39703E-1 5.35217E-1 5.62061E-1 4.12941E-1 4.23039E-1 4.45117E-1 4.11969E-1 3.79452E-1 2.50038E-1 4.37505E-1 1.24978E-1 9.74799E-2 1.04754E-1 1.02911E-1 1.08003E-1 1.24339E-1 1.93105E-1 2.72985E-1 2.08861E-1 7.15878E-1 3.80205E-1 7.32727E-1 5.88106E-1 4.65504E-1 6.09006E-1 6.51578E-1 5.75989E-1 7.08857E-1 6.40026E-1 6.63782E-1 5.9163E-1 5.55222E-1 3.60749E-1 2.92917E-1 2.01932E-1 1.68381E-1 1.69077E-1
3.79468E-1 3.80146E-1 3.65551E-1 2.95023E-1 3.15135E-1 1.59729E-1 2.70249E-1 2.18487E-1 1.58376E-1 2.67326E-1 2.84088E-1 1.7299E-1 3.23188E-1 3.26707E-1 3.54172E-1 3.66267E-1 3.07877E-1 4.42209E-1 3.19902E-1 3.05735E-1 4.64223E-1 3.38745E-1 3.68325E-1 4.47043E-1 3.21925E-1 5.79869E-1 4.39565E-1 5.09236E-1 5.29364E-1 5.96504E-1 3.59319E-1 4.59338E-1 3.49361E-1 3.37079E-1 2.02983E-1 1.47612E-1 9.99978E-2 9.86371E-2 1.06758E-1 1.18206E-1 1.35693E-1 1.78915E-1 1.9451E-1 4.81565E-1 3.22939E-1 4.09179E-1 3.61673E-1 5.10805E-1 5.4263E-1 6.69074E-1 6.33518E-1 6.67559E-1 6.54657E-1 5.67697E-1 4.5975E-1 3.93129E-1 2.75617E-1 2.05012E-1 1.43459E-1 1.17077E-1 1.11453E-1
5.44578E-1 5.85041E-1 3.81443E-1 3.24266E-1 2.86359E-1 1.58619E-1 2.42459E-1 1.37141E-1 1.58259E-1 1.48739E-1 1.61886E-1 2.6952E-1 1.87696E-1 2.1362E-1 3.27587E-1 2.88453E-1 3.65724E-1 3.48719E-1 4.25669E-1 4.00678E-1 3.72541E-1 3.24367E-1 4.5584E-1 3.80879E-1 3.95504E-1 5.50663E-1 4.48315E-1 5.21824E-1 4.31669E-1 6.01883E-1 4.20661E-1 3.48832E-1 4.74571E-1 2.84641E-1 1.98749E-1 2.70962E-1 1.34274E-1 9.52289E-2 1.02799E-1 1.27116E-1 1.17265E-1 1.36634E-1 2.48082E-1 4.74006E-1 3.6973E-1 4.24995E-1 4.07155E-1 3.79413E-1 4.40142E-1 5.62075E-1 5.91765E-1 6.44798E-1 6.51111E-1 6.3633E-1 5.28312E-1 4.64987E-1 3.12575E-1 2.12364E-1 1.5474E-1 1.10502E-1 9.90126E-2
5.27801E-1 4.42332E-1 3.48773E-1 2.80184E-1 2.15587E-1 1.77268E-1 1.40627E-1 1.28803E-1 1.17355E-1 1.37636E-1 3.15638E-1 1.60282E-1 1.36417E-1 2.44212E-1 2.43088E-1 3.32916E-1 3.38492E-1 3.82924E-1 3.50007E-1 3.78632E-1 4.86611E-1 5.11618E-1 4.20326E-1 3.82001E-1 5.05196E-1 5.48492E-1 5.02811E-1 4.9811E-1 4.48489E-1 5.26424E-1 3.04406E-1 5.28272E-1 5.44323E-1 1.98875E-1 2.28401E-1 5.84462E-1 1.33422E-1 8.58421E-2 1.02297E-1 1.1162E-1 1.746E-1 1.50313E-1 3.46944E-1 4.37206E-1 6.18439E-1 5.23188E-1 5.52465E-1 3.19012E-1 6.74925E-1 6.3468E-1 6.36409E-1 6.20729E-1 5.92731E-1 6.1176E-1 6.00613E-1 5.78293E-1 5.12268E-1 3.6051E-1 2.39251E-1 1.34126E-1 1.24192E-1
4.01451E-1 4.12255E-1 4.22359E-1 2.5376E-1 1.98734E-1 1.49326E-1 1.16677E-1 1.09877E-1 1.06609E-1 1.97372E-1 1.31507E-1 1.41734E-1 3.39046E-1 2.79505E-1 3.21711E-1 4.01271E-1 4.06854E-1 5.35688E-1 3.56302E-1 4.65255E-1 4.32352E-1 4.5036E-1 3.82621E-1 3.90012E-1 4.59183E-1 5.41265E-1 3.83734E-1 5.09595E-1 4.70437E-1 5.64116E-1 2.92078E-1 4.94115E-1 2.73838E-1 4.20579E-1 5.44992E-1 5.91429E-1 1.01725E-1 1.04767E-1 1.70479E-1 1.17722E-1 2.16844E-1 2.39309E-1 1.5724E-1 1.81077E-1 2.63944E-1 3.30296E-1 4.78621E-1 3.86294E-1 6.61608E-1 6.35037E-1 6.34826E-1 6.10526E-1 5.91793E-1 5.22908E-1 4.9181E-1 5.05501E-1 5.41516E-1 4.27885E-1 2.70306E-1 1.8359E-1 1.93733E-1
3.54784E-1 3.98631E-1 3.42411E-1 1.78958E-1 1.46238E-1 1.23169E-1 1.10972E-1 1.09616E-1 1.36284E-1 2.89501E-1 1.21221E-1 3.93391E-1 2.35113E-1 2.45134E-1 3.99125E-1 3.31471E-1 4.09841E-1 4.56394E-1 4.85109E-1 3.84337E-1 3.00778E-1 3.29511E-1 4.14714E-1 4.62779E-1 4.37565E-1 4.51431E-1 3.74769E-1 5.35235E-1 3.25522E-1 4.11207E-1 3.12218E-1 5.19354E-1 1.6896E-1 3.70515E-1 3.14235E-1 1.10489E-1 1.5115E-1 1.28483E-1 1.13335E-1 1.30725E-1 2.28724E-1 1.40441E-1 1.30133E-1 1.35619E-1 1.79236E-1 3.5865E-1 3.22978E-1 3.82624E-1 6.64176E-1 4.66414E-1 5.78795E-1 5.89926E-1 6.04434E-1 3.70969E-1 2.43552E-1 2.40128E-1 4.36875E-1 6.0021E-1 3.48986E-1 3.66242E-1 3.19156E-1
4.32186E-1 4.6624E-1 2.97792E-1 1.73788E-1 1.4494E-1 1.22378E-1 1.20925E-1 1.09776E-1 1.62167E-1 1.56295E-1 1.94764E-1 2.54486E-1 3.94983E-1 3.44599E-1 3.00622E-1 2.50532E-1 4.64781E-1 3.26266E-1 3.4145E-1 4.05502E-1 4.79352E-1 3.172E-1 5.26213E-1 4.88605E-1 3.96796E-1 3.98322E-1 5.24484E-1 4.13092E-1 5.26447E-1 3.82645E-1 3.34902E-1 6.28132E-1 1.55632E-1 5.93046E-1 2.43977E-1 9.17056E-2 1.61301E-1 8.3271E-2 1.11865E-1 3.20029E-1 1.64396E-1 1.25693E-1 1.1276E-1 1.39681E-1 1.82733E-1 5.36721E-1 3.28802E-1 3.99252E-1 6.3147E-1 3.76895E-1 6.82557E-1 6.20396E-1 5.48674E-1 2.54982E-1 1.79248E-1 1.73583E-1 1.69528E-1 4.43128E-1 3.21493E-1 4.38641E-1 4.41378E-1
5.08528E-1 3.22592E-1 3.03077E-1 1.44742E-1 1.41864E-1 1.49048E-1 1.17785E-1 1.19096E-1 1.23215E-1 1.16408E-1 1.68981E-1 1.84036E-1 3.63729E-1 2.6671E-1 3.6438E-1 3.87025E-1 4.6569E-1 2.34732E-1 4.08127E-1 4.22878E-1 4.55648E-1 3.58477E-1 3.51373E-1 2.9295E-1 4.09304E-1 4.98273E-1 5.63708E-1 3.23807E-1 4.53887E-1 3.99465E-1 5.06133E-1 6.37719E-1 1.90774E-1 6.87566E-1 4.30341E-1 9.19521E-2 2.1552E-1 1.17834E-1 2.28871E-1 1.88323E-1 1.21053E-1 1.02216E-1 1.21102E-1 1.4087E-1 2.05389E-1 5.48248E-1 4.83423E-1 4.00978E-1 4.21865E-1 5.95906E-1 5.83071E-1 5.03564E-1 2.7576E-1 1.4168E-1 1.89879E-1 2.14398E-1 1.16755E-1 1.72013E-1 1.74128E-1 4.10428E-1 5.31343E-1
4.00901E-1 5.37006E-1 4.65477E-1 1.51935E-1 1.34136E-1 1.1973E-1 1.19285E-1 1.15014E-1 1.62906E-1 1.63248E-1 1.66568E-1 1.70755E-1 2.09532E-1 3.90337E-1 3.39802E-1 4.69295E-1 1.91428E-1 3.89893E-1 4.95292E-1 3.4246E-1 4.74955E-1 4.37742E-1 2.69884E-1 3.79274E-1 2.94203E-1 3.31458E-1 5.43328E-1 4.62704E-1 3.39243E-1 5.69955E-1 3.97221E-1 4.32004E-1 3.78456E-1 4.91007E-1 1.21638E-1 1.12679E-1 1.50882E-1 2.83798E-1 1.87876E-1 1.26611E-1 1.15096E-1 1.46788E-1 1.24999E-1 1.6056E-1 1.91138E-1 3.82919E-1 6.07509E-1 3.66047E-1 3.05618E-1 6.18556E-1 5.60997E-1 4.2192E-1 1.41455E-1 1.16445E-1 1.59452E-1 1.69589E-1 1.22493E-1 1.14041E-1 1.13076E-1 2.62531E-1 3.92607E-1
4.03141E-1 5.14053E-1 3.96346E-1 1.74328E-1 1.43786E-1 2.02022E-1 1.06063E-1 1.16038E-1 1.14096E-1 8.98982E-2 1.13009E-1 1.24571E-1 2.58555E-1 3.06843E-1 4.63814E-1 4.54067E-1 1.65691E-1 4.53907E-1 3.78174E-1 4.53843E-1 3.33405E-1 3.82311E-1 2.84139E-1 3.0165E-1 2.49882E-1 2.33502E-1 5.89131E-1 4.18687E-1 2.70112E-1 5.27189E-1 5.11942E-1 4.64399E-1 2.79094E-1 7.18964E-1 2.00993E-1 2.00117E-1 1.40305E-1 2.48152E-1 1.50867E-1 1.06775E-1 1.64936E-1 2.55714E-1 1.47607E-1 1.71433E-1 2.45957E-1 6.21751E-1 5.63357E-1 2.52755E-1 3.88376E-1 4.49644E-1 4.39487E-1 1.94592E-1 1.34558E-1 1.61835E-1 1.91843E-1 1.88925E-1 9.62084E-2 7.17322E-2 7.75893E-2 1.01617E-1 1.27319E-1
6.90709E-1 6.27064E-1 3.7574E-1 2.46359E-1 1.88509E-1 2.38561E-1 2.53894E-1 1.84787E-1 1.82768E-1 1.64938E-1 1.19842E-1 1.53678E-1 1.80907E-1 3.38019E-1 4.8689E-1 4.78068E-1 2.2892E-1 5.52497E-1 3.16047E-1 5.40518E-1 2.85296E-1 3.32122E-1 2.64004E-1 2.42389E-1 2.93957E-1 1.43893E-1 3.00594E-1 3.4322E-1 2.45571E-1 5.32331E-1 5.58935E-1 3.43693E-1 2.55267E-1 5.61578E-1 1.94101E-1 1.99233E-1 2.24345E-1 2.1217E-1 1.06233E-1 8.84976E-2 1.30258E-1 1.60624E-1 2.1631E-1 2.60013E-1 4.61934E-1 5.29717E-1 2.64022E-1 3.47198E-1 5.04434E-1 5.09011E-1 3.38433E-1 1.33776E-1 1.11571E-1 1.78576E-1 1.94509E-1 1.4687E-1 7.38571E-2 7.22551E-2 8.10771E-2 1.029E-1 1.14862E-1
7.3364E-1 6.51115E-1 5.16299E-1 4.76597E-1 4.25439E-1 2.69272E-1 3.51687E-1 1.40778E-1 1.7978E-1 1.65393E-1 2.18424E-1 1.62759E-1 1.66348E-1 1.76874E-1 2.59467E-1 2.08026E-1 3.06676E-1 3.37307E-1 3.26804E-1 3.21046E-1 2.96191E-1 2.61936E-1 1.71741E-1 2.45486E-1 1.2785E-1 1.03366E-1 4.387E-1 3.10639E-1 2.20346E-1 5.1589E-1 4.78001E-1 2.83314E-1 3.87173E-1 2.50327E-1 2.10082E-1 4.21113E-1 1.12995E-1 2.57236E-1 1.0345E-1 2.48731E-1 1.46663E-1 1.61059E-1 3.00886E-1 4.39939E-1 4.80235E-1 3.6303E-1 5.13901E-1 4.86163E-1 5.19929E-1 4.9871E-1 3.43078E-1 1.16885E-1 1.19781E-1 1.09657E-1 9.49375E-2 8.23062E-2 8.55929E-2 8.85406E-2 1.00254E-1 1.39604E-1 1.81226E-1
7.25834E-1 6.53747E-1 6.41732E-1 6.13727E-1 4.03259E-1 2.75648E-1 3.65693E-1 2.30456E-1 2.08996E-1 2.0851E-1 1.50318E-1 2.62342E-1 1.40463E-1 1.28375E-1 1.0271E-1 1.46249E-1 2.0431E-1 2.66468E-1 3.65732E-1 2.00456E-1 2.96026E-1 1.1813E-1 1.74029E-1 1.39455E-1 8.30415E-2 1.6697E-1 4.60521E-1 1.98137E-1 1.82524E-1 4.09067E-1 4.25855E-1 3.02217E-1 4.27282E-1 4.73077E-1 2.55189E-1 4.4775E-1 1.60429E-1 3.34628E-1 1.17053E-1 2.57097E-1 1.71138E-1 2.1125E-1 4.33235E-1 4.45588E-1 5.75037E-1 3.83031E-1 4.82658E-1 3.41127E-1 3.82235E-1 3.42219E-1 4.44959E-1 1.38907E-1 8.42924E-2 6.99891E-2 6.49831E-2 7.43397E-2 1.07362E-1 1.24922E-1 1.20135E-1 1.40674E-1 1.38049E-1
6.95799E-1 6.08121E-1 6.51253E-1 4.71712E-1 5.22386E-1 4.16367E-1 3.68135E-1 2.87723E-1 2.47742E-1 2.34249E-1 1.50817E-1 1.76201E-1 1.38049E-1 1.22593E-1 8.81133E-2 1.71562E-1 1.42058E-1 2.29534E-1 2.0352E-1 1.28965E-1 2.05839E-1 9.255E-2 1.39564E-1 9.83418E-2 1.45437E-1 4.43751E-1 2.64848E-1 1.79514E-1 2.16995E-1 3.52778E-1 3.45424E-1 3.84113E-1 5.10457E-1 4.80598E-1 4.52307E-1 4.78584E-1 3.26558E-1 4.36612E-1 2.44628E-1 1.59541E-1 1.3128E-1 2.64069E-1 2.62583E-1 3.65634E-1 5.61001E-1 2.90604E-1 3.5172E-1 3.90882E-1 4.10077E-1 4.10872E-1 3.67894E-1 2.02114E-1 8.38055E-2 8.04014E-2 8.28708E-2 7.8827E-2 1.16564E-1 1.87947E-1 1.73495E-1 1.41361E-1 1.39818E-1
7.56609E-1 6.51891E-1 5.46801E-1 6.24265E-1 5.10515E-1 3.94982E-1 3.65085E-1 3.31026E-1 2.3355E-1 2.02978E-1 1.65714E-1 9.39664E-2 1.5365E-1 1.00618E-1 1.1685E-1 1.37487E-1 1.09975E-1 1.28972E-1 1.41936E-1 1.33014E-1 2.34089E-1 1.52163E-1 1.08157E-1 1.43338E-1 4.34041E-1 2.66791E-1 1.47409E-1 1.64095E-1 3.02792E-1 2.20847E-1 2.11893E-1 3.83901E-1 3.17761E-1 4.37705E-1 4.65056E-1 3.79511E-1 4.25507E-1 2.97199E-1 1.74019E-1 1.41851E-1 2.59592E-1 3.41259E-1 3.56834E-1 3.6304E-1 3.82935E-1 4.15698E-1 4.26895E-1 4.0088E-1 4.4723E-1 4.37117E-1 4.92378E-1 3.24081E-1 1.23747E-1 1.91272E-1 4.3455E-1 9.6058E-2 1.08763E-1 1.70326E-1 1.78227E-1 2.04286E-1 2.62372E-1
7.88961E-1 7.70258E-1 6.56135E-1 5.00014E-1 6.18236E-1 5.23663E-1 4.00738E-1 3.19596E-1 3.74054E-1 3.35997E-1 1.31111E-1 1.25758E-1 1.14193E-1 1.31124E-1 1.28891E-1 1.04505E-1 9.58346E-2 9.14477E-2 9.15201E-2 1.7578E-1 3.18321E-1 1.73035E-1 1.42724E-1 1.6759E-1 1.61907E-1 2.20361E-1 1.9866E-1 1.49306E-1 3.02297E-1 2.16759E-1 1.50209E-1 4.51256E-1 2.69755E-1 2.85106E-1 4.78425E-1 3.84586E-1 2.03301E-1 1.64878E-1 1.57798E-1 1.62603E-1 1.85736E-1 2.46704E-1 3.23349E-1 4.59821E-1 2.32763E-1 4.92368E-1 4.08887E-1 4.94072E-1 4.87737E-1 3.79438E-1 2.72722E-1 1.90091E-1 1.70309E-1 1.49808E-1 3.4878E-1 1.21682E-1 1.05609E-1 1.4136E-1 2.77526E-1 4.14517E-1 4.9191E-1
8.01795E-1 7.60439E-1 6.78105E-1 4.73738E-1 6.94565E-1 5.87344E-1 5.29089E-1 4.71157E-1 4.3009E-1 5.33107E-1 1.2843E-1 2.7025E-1 2.42378E-1 7.97408E-2 1.48484E-1 1.40338E-1 1.22244E-1 1.31162E-1 1.22766E-1 1.00324E-1 1.68252E-1 2.00885E-1 1.30466E-1 1.41912E-1 8.7485E-2 2.19942E-1 2.73827E-1 1.74944E-1 1.61275E-1 2.31006E-1 1.55528E-1 2.91601E-1 1.81553E-1 3.52756E-1 3.65641E-1 2.62662E-1 2.07685E-1 2.18643E-1 3.05278E-1 2.34714E-1 2.27715E-1 5.57267E-1 5.82921E-1 5.2011E-1 3.50498E-1 4.227E-1 3.60526E-1 4.93711E-1 3.38121E-1 2.12302E-1 1.57661E-1 1.29321E-1 1.64515E-1 1.03164E-1 8.60659E-2 1.24516E-1 1.13495E-1 1.49158E-1 3.54943E-1 5.11495E-1 5.13776E-1
8.38037E-1 8.08716E-1 7.33325E-1 7.53838E-1 7.33566E-1 6.71335E-1 6.24029E-1 4.91793E-1 2.10886E-1 5.61577E-1 3.59337E-1 1.80367E-1 1.89984E-1 1.84661E-1 1.64899E-1 1.1792E-1 1.09767E-1 1.01518E-1 1.50063E-1 1.05309E-1 9.91385E-2 1.34058E-1 1.84497E-1 1.35994E-1 1.74656E-1 2.17754E-1 2.98128E-1 1.31914E-1 1.64409E-1 1.68928E-1 3.11565E-1 2.82474E-1 2.83466E-1 3.57976E-1 3.73282E-1 4.27126E-1 3.69837E-1 4.13103E-1 4.93062E-1 4.31686E-1 5.36754E-1 5.58549E-1 5.20955E-1 5.04703E-1 4.69684E-1 4.88918E-1 3.20532E-1 3.36928E-1 4.09994E-1 3.04003E-1 1.5211E-1 1.09546E-1 1.14811E-1 1.43109E-1 7.03209E-2 9.29633E-2 1.20468E-1 1.81933E-1 2.59728E-1 4.07728E-1 4.06907E-1
7.82347E-1 8.24394E-1 7.8935E-1 7.89674E-1 7.53772E-1 6.079E-1 4.84387E-1 4.99829E-1 2.02207E-1 4.6485E-1 4.40608E-1 1.67954E-1 2.25494E-1 3.17362E-1 1.32371E-1 1.07217E-1 1.06987E-1 1.23506E-1 1.22007E-1 9.72584E-2 1.17102E-1 1.41807E-1 2.33118E-1 1.22321E-1 2.88319E-1 1.25891E-1 1.67333E-1 1.40087E-1 1.74742E-1 1.57963E-1 3.5523E-1 2.76549E-1 3.6487E-1 4.07191E-1 3.20835E-1 4.07723E-1 4.02454E-1 5.15935E-1 5.70018E-1 4.35081E-1 5.50982E-1 5.18501E-1 5.36771E-1 5.13401E-1 5.1442E-1 4.91145E-1 3.44617E-1 2.75301E-1 2.26746E-1 2.374E-1 2.43162E-1 1.89207E-1 8.90864E-2 9.73868E-2 9.71867E-2 8.75799E-2 1.38688E-1 1.42657E-1 1.9807E-1 3.1266E-1 2.22481E-1
7.67799E-1 7.81312E-1 8.49241E-1 8.15561E-1 7.55361E-1 6.77824E-1 4.41735E-1 6.65185E-1 5.76805E-1 3.1177E-1 4.09622E-1 1.77181E-1 1.37147E-1 1.09325E-1 1.6776E-1 1.6151E-1 7.45856E-2 9.46442E-2 1.44702E-1 1.48249E-1 2.16017E-1 2.90185E-1 1.75994E-1 9.62818E-2 1.02701E-1 1.51766E-1 1.06006E-1 1.62351E-1 9.18665E-2 1.86406E-1 2.22178E-1 1.62153E-1 1.60732E-1 2.15271E-1 1.64469E-1 2.20696E-1 2.37618E-1 3.37203E-1 3.48902E-1 2.6583E-1 3.69429E-1 4.93729E-1 4.24399E-1 4.33141E-1 4.07204E-1 4.12277E-1 3.02503E-1 2.09881E-1 1.80194E-1 1.53555E-1 1.29723E-1 1.20858E-1 2.16021E-1 9.2158E-2 9.9199E-2 1.10507E-1 9.09755E-2 1.10052E-1 1.77643E-1 1.67484E-1 1.3079E-1
6.92831E-1 7.52729E-1 7.80073E-1 8.5401E-1 7.92055E-1 7.46901E-1 5.07447E-1 5.38537E-1 6.22667E-1 2.71209E-1 5.17459E-1 3.17881E-1 1.15978E-1 1.36956E-1 9.85429E-2 1.27648E-1 1.40835E-1 7.69105E-2 9.38784E-2 1.23509E-1 1.8302E-1 1.55114E-1 9.44281E-2 1.10881E-1 1.35165E-1 2.08817E-1 1.07397E-1 7.82137E-2 1.23601E-1 1.05826E-1 1.07983E-1 9.89667E-2 1.32224E-1 1.1467E-1 1.15736E-1 1.98373E-1 2.02312E-1 1.14232E-1 1.39399E-1 2.56098E-1 3.23516E-1 4.44268E-1 4.28233E-1 3.73765E-1 3.2714E-1 3.06041E-1 2.77308E-1 1.53276E-1 1.17159E-1 9.75011E-2 1.00885E-1 1.44673E-1 1.2582E-1 1.83828E-1 1.29421E-1 1.52593E-1 1.1557E-1 1.0833E-1 1.40595E-1 9.64874E-2 1.21918E-1
5.50068E-1 6.41874E-1 7.18719E-1 7.74978E-1 8.36463E-1 8.21575E-1 7.96119E-1 6.79214E-1 5.61637E-1 3.36942E-1 5.52741E-1 2.64177E-1 1.5641E-1 2.82092E-1 1.58529E-1 1.26353E-1 2.60122E-1 1.20896E-1 1.16948E-1 1.18791E-1 1.43044E-1 1.68962E-1 1.09611E-1 9.6525E-2 1.55355E-1 1.18468E-1 1.01185E-1 9.16403E-2 1.62223E-1 7.9777E-2 9.59954E-2 1.0225E-1 2.14956E-1 9.37121E-2 8.75515E-2 1.03578E-1 2.32737E-1 1.82634E-1 1.88629E-1 2.33986E-1 2.45751E-1 2.61895E-1 3.03875E-1 1.98769E-1 2.2928E-1 3.34065E-1 3.99134E-1 2.67641E-1 2.33261E-1 9.76033E-2 9.13401E-2 9.70997E-2 1.12734E-1 1.4652E-1 1.97032E-1 2.36165E-1 2.37862E-1 1.30854E-1 1.59885E-1 1.16236E-1 1.28054E-1
4.97079E-1 5.12999E-1 6.28616E-1 7.10902E-1 7.82662E-1 8.49434E-1 7.98384E-1 7.71163E-1 5.26512E-1 6.06512E-1 2.86889E-1 4.57082E-1 9.62865E-2 1.59188E-1 2.55964E-1 6.07152E-2 8.2258E-2 1.21427E-1 9.26063E-2 8.67586E-2 9.48741E-2 1.21772E-1 1.19865E-1 1.00825E-1 1.25782E-1 9.42957E-2 9.88696E-2 2.57015E-1 2.65899E-1 8.12859E-2 7.13779E-2 6.34333E-2 7.42624E-2 7.50066E-2 9.00639E-2 2.25342E-1 3.62189E-1 3.1696E-1 2.33343E-1 2.41957E-1 2.02715E-1 2.19459E-1 1.52827E-1 2.05152E-1 3.52176E-1 5.42075E-1 4.45037E-1 2.78415E-1 1.77147E-1 1.35299E-1 1.4256E-1 1.22055E-1 1.18508E-1 1.34515E-1 2.37362E-1 3.52742E-1 3.57317E-1 1.6937E-1 1.26439E-1 1.11562E-1 1.14005E-1
4.15538E-1 4.54235E-1 5.17295E-1 6.34692E-1 7.05793E-1 8.25786E-1 8.36143E-1 6.48328E-1 5.10786E-1 7.28342E-1 3.36139E-1 4.73989E-1 4.26826E-1 2.81671E-1 2.31768E-1 7.6826E-2 6.78441E-2 5.05311E-2 1.16953E-1 8.13648E-2 7.55045E-2 1.02349E-1 1.28888E-1 1.4639E-1 9.70144E-2 7.90052E-2 9.73152E-2 4.33057E-1 2.98292E-1 8.71486E-2 6.41393E-2 6.83483E-2 6.26882E-2 8.73336E-2 2.69707E-1 1.72355E-1 2.13359E-1 2.96788E-1 2.51904E-1 2.9141E-1 2.57512E-1 2.25461E-1 2.20728E-1 2.45133E-1 5.10409E-1 5.5521E-1 5.14589E-1 1.51532E-1 1.53909E-1 2.36363E-1 1.78005E-1 1.56313E-1 1.51506E-1 2.00679E-1 1.89642E-1 2.53539E-1 3.45326E-1 3.6591E-1 1.60663E-1 1.30736E-1 1.24222E-1
3.95019E-1 4.26655E-1 4.65987E-1 5.14569E-1 5.99852E-1 7.10793E-1 9.01556E-1 6.88171E-1 7.30623E-1 6.39001E-1 6.80496E-1 2.33479E-1 3.79059E-1 2.56182E-1 1.20744E-1 2.88386E-1 2.17583E-1 4.90221E-2 1.07886E-1 1.54209E-1 7.48356E-2 9.6805E-2 1.41271E-1 3.4309E-1 3.9701E-1 2.5824E-1 8.48552E-2 1.1555E-1 1.58065E-1 7.58136E-2 7.55436E-2 9.04384E-2 7.0131E-2 8.48113E-2 1.04086E-1 9.84484E-2 2.71845E-1 3.5273E-1 2.77395E-1 3.72905E-1 3.73969E-1 3.13771E-1 2.71147E-1 2.12457E-1 4.51357E-1 5.51165E-1 5.44463E-1 2.40347E-1 2.01937E-1 2.2148E-1 1.41822E-1 1.39897E-1 1.516E-1 1.3715E-1 1.88558E-1 2.31267E-1 2.28538E-1 3.54378E-1 3.76494E-1 3.4011E-1 1.62522E-1
3.45288E-1 3.95768E-1 4.40598E-1 4.70731E-1 5.24081E-1 7.42091E-1 8.80245E-1 7.97246E-1 7.77626E-1 7.37566E-1 7.24303E-1 3.65369E-1 5.42448E-1 3.13237E-1 1.59271E-1 1.67084E-1 4.9225E-1 6.99284E-2 1.14711E-1 1.44834E-1 8.09768E-2 1.25514E-1 1.0075E-1 1.44348E-1 4.90527E-1 5.04459E-1 1.77183E-1 8.14027E-2 7.39315E-2 7.35195E-2 9.92177E-2 8.73755E-2 8.40904E-2 1.32257E-1 1.19379E-1 8.25897E-2 2.91313E-1 3.24002E-1 3.02945E-1 2.503E-1 2.51003E-1 2.23964E-1 2.12867E-1 3.02167E-1 2.66208E-1 4.73438E-1 5.46897E-1 3.95498E-1 1.84669E-1 1.50627E-1 1.19587E-1 1.09528E-1 1.08354E-1 1.13798E-1 1.48853E-1 1.84693E-1 2.39152E-1 2.857E-1 3.60943E-1 3.64546E-1 1.96761E-1
3.49169E-1 3.6777E-1 3.93529E-1 4.19096E-1 4.44042E-1 5.22943E-1 8.1774E-1 8.65028E-1 7.86015E-1 7.57461E-1 7.59771E-1 3.73128E-1 4.35282E-1 4.63585E-1 3.44906E-1 8.41156E-2 5.80454E-1 1.00581E-1 7.88719E-2 2.28089E-1 1.32901E-1 1.10446E-1 1.11288E-1 7.92511E-2 1.26587E-1 2.81866E-1 1.39091E-1 9.13632E-2 8.42732E-2 8.46902E-2 1.2022E-1 1.29616E-1 1.05609E-1 1.04969E-1 9.77796E-2 1.39569E-1 2.30595E-1 3.31345E-1 2.76923E-1 2.07875E-1 3.77727E-1 3.25011E-1 2.8093E-1 2.4768E-1 3.67189E-1 3.05615E-1 2.88406E-1 2.34232E-1 2.29246E-1 1.17783E-1 8.10625E-2 8.69022E-2 1.00923E-1 1.02522E-1 1.29652E-1 1.66818E-1 1.73899E-1 2.15467E-1 2.39881E-1 2.33713E-1 1.56366E-1
