data/maxent/outputs/white_43.asc
ncols         426
nrows         180
xllcorner     -130.0
yllcorner     24.0
cellsize      0.16666666666666666
NODATA_value  -9999
[rows 0 to 26 of 180, columns 0 to 60 of 426]
1.85226E-2 1.10605E-2 1.08411E-2 5.83092E-3 3.68293E-3 3.15533E-3 6.07421E-3 1.61936E-2 8.73358E-3 5.61667E-3 4.66767E-3 1.63693E-3 2.24342E-3 3.15087E-3 5.1353E-3 7.92163E-3 7.48637E-3 7.59871E-3 8.09773E-3 6.59755E-3 6.79217E-3 5.76092E-3 3.93041E-3 3.10437E-3 2.86016E-3 2.94622E-3 2.28753E-3 2.48986E-3 2.22444E-3 2.06024E-3 2.10288E-3 2.1948E-3 2.38291E-3 2.2859E-3 2.34284E-3 2.20016E-3 2.07521E-3 2.23609E-3 2.663E-3 2.96755E-3 3.46041E-3 3.76041E-3 4.1603E-3 4.99754E-3 5.83882E-3 6.77026E-3 9.7424E-3 9.19511E-3 8.88282E-3 9.8082E-3 8.9509E-3 5.7617E-3 3.03656E-3 2.47329E-3 2.30877E-3 1.49776E-3 1.19234E-3 2.93987E-4 5.15091E-4 4.1029E-4 5.1097E-4
4.14582E-2 1.60523E-2 6.08525E-3 8.8685E-3 4.71833E-3 6.82562E-3 1.60103E-2 1.54445E-2 3.62998E-3 5.7961E-3 5.91287E-3 2.17044E-3 1.89118E-3 1.95283E-3 4.59628E-3 3.94753E-3 4.38418E-3 8.56462E-3 9.3572E-3 1.01509E-2 8.57989E-3 4.36102E-3 4.81475E-3 4.08425E-3 3.04498E-3 2.90307E-3 2.5652E-3 2.40285E-3 2.25337E-3 2.10841E-3 2.12173E-3 2.53734E-3 2.40388E-3 1.78317E-3 1.31028E-3 1.34455E-3 1.49303E-3 2.20561E-3 2.92759E-3 2.82619E-3 3.1958E-3 3.85003E-3 4.36215E-3 5.0826E-3 6.71958E-3 5.53682E-3 7.32446E-3 6.32677E-3 6.1952E-3 7.92146E-3 3.46833E-3 4.30586E-3 5.9733E-3 8.10086E-3 8.46444E-3 2.9751E-3 1.13731E-3 1.07911E-3 1.14818E-3 7.7515E-4 6.27379E-4
7.8876E-2 3.8864E-2 3.15534E-2 1.45951E-2 1.93957E-2 9.31455E-3 1.19869E-2 1.13222E-2 3.12296E-3 2.71003E-3 2.18527E-3 2.71531E-3 9.49283E-3 2.09295E-3 2.7321E-3 2.55447E-3 5.18716E-3 5.92022E-3 9.93353E-3 1.19436E-2 5.83602E-3 3.97014E-3 4.89759E-3 3.87912E-3 3.00711E-3 2.97949E-3 2.54105E-3 2.34141E-3 2.15925E-3 2.20926E-3 2.27355E-3 2.29164E-3 1.70563E-3 1.40043E-3 1.5011E-3 1.45388E-3 1.41182E-3 1.85878E-3 2.47276E-3 2.5088E-3 3.14893E-3 3.65588E-3 4.07377E-3 5.75256E-3 6.73789E-3 3.39347E-3 3.50241E-3 6.14471E-3 4.34414E-3 4.72505E-3 5.56133E-3 3.42695E-3 2.03785E-3 1.95395E-3 2.69353E-3 6.21395E-3 5.72703E-3 1.39513E-3 8.94973E-4 7.57557E-4 7.7032E-4
1.16365E-1 6.69287E-2 5.05618E-2 5.0416E-2 4.44208E-2 2.10233E-2 1.65291E-2 6.98232E-3 6.93142E-3 3.35675E-3 2.38658E-3 3.4237E-3 1.35435E-3 1.60439E-3 1.65003E-3 2.91513E-3 5.23499E-3 1.02308E-2 1.69494E-2 1.04546E-2 5.65255E-3 2.40991E-3 3.24967E-3 3.59668E-3 3.77695E-3 3.15861E-3 2.96222E-3 2.7543E-3 2.4327E-3 2.21962E-3 2.42521E-3 1.56797E-3 1.47781E-3 1.35063E-3 1.56022E-3 1.69849E-3 1.72785E-3 1.95613E-3 2.35555E-3 2.49436E-3 2.68956E-3 3.90955E-3 4.34176E-3 5.67978E-3 6.82484E-3 4.67562E-3 3.77193E-3 4.60724E-3 4.63728E-3 4.13646E-3 4.97316E-3 4.62893E-3 2.64879E-3 1.6019E-3 1.36518E-3 1.91983E-3 2.98977E-3 4.76625E-3 3.14672E-3 9.90352E-4 1.02754E-3
1.23091E-1 1.23681E-1 8.94781E-2 8.7282E-2 5.82743E-2 5.56645E-2 2.17203E-2 8.36115E-3 4.31861E-3 3.21926E-3 2.29405E-3 1.92036E-3 2.42503E-3 3.49373E-3 3.06046E-3 4.95172E-3 5.12855E-3 4.71186E-3 7.13734E-3 8.22131E-3 1.12264E-2 1.09628E-2 7.06253E-3 5.96136E-3 5.19092E-3 4.06934E-3 3.14829E-3 2.66454E-3 1.78052E-3 1.4477E-3 1.51224E-3 1.58314E-3 1.3402E-3 1.09608E-3 1.2127E-3 1.57227E-3 1.83634E-3 2.09008E-3 2.18949E-3 2.51855E-3 2.91425E-3 3.78205E-3 5.15312E-3 5.39863E-3 6.1492E-3 6.84402E-3 5.15201E-3 5.12159E-3 4.39185E-3 4.34151E-3 4.29583E-3 5.93783E-3 5.90873E-3 3.05423E-3 2.3503E-3 1.31527E-3 8.23719E-4 7.79139E-4 2.05286E-3 4.25306E-3 3.33927E-3
1.69089E-1 1.47297E-1 1.38741E-1 1.00499E-1 8.11059E-2 5.15612E-2 2.5421E-2 1.27034E-2 1.37562E-2 5.86689E-3 3.5005E-3 2.45128E-3 2.8035E-3 4.70899E-3 7.17619E-3 5.11811E-3 3.15252E-3 6.42041E-3 1.55789E-3 4.65295E-3 3.92362E-3 6.18291E-3 8.755E-3 7.8195E-3 6.24754E-3 4.8192E-3 3.41841E-3 2.52861E-3 1.86814E-3 1.42395E-3 1.41565E-3 1.41807E-3 1.40299E-3 1.42024E-3 1.12461E-3 1.10635E-3 1.50124E-3 1.63466E-3 2.1628E-3 1.83062E-3 1.77949E-3 2.75773E-3 3.07984E-3 4.48125E-3 6.43029E-3 7.92446E-3 7.0604E-3 6.1551E-3 4.45621E-3 3.74891E-3 3.47201E-3 3.72861E-3 5.25231E-3 4.58838E-3 1.92143E-3 2.14406E-3 8.31004E-4 4.35417E-4 1.03191E-3 9.86986E-4 2.46918E-3
-9999 2.00081E-1 1.57421E-1 1.43958E-1 1.18913E-1 8.50431E-2 5.14816E-2 3.02686E-2 2.48746E-2 1.19711E-2 5.2806E-3 5.58305E-3 3.0167E-3 3.0438E-3 2.82143E-3 3.30465E-3 1.42033E-3 6.6493E-3 1.17399E-3 9.62501E-3 3.55647E-3 7.48273E-3 1.18353E-2 9.55866E-3 7.10997E-3 5.1325E-3 3.43534E-3 2.36558E-3 1.74501E-3 1.45148E-3 1.32719E-3 1.21683E-3 1.13513E-3 1.17335E-3 1.17156E-3 1.07625E-3 1.2213E-3 1.38585E-3 1.74807E-3 1.51551E-3 1.62263E-3 2.27564E-3 2.8357E-3 3.43756E-3 6.05185E-3 8.72422E-3 8.48747E-3 6.93236E-3 5.81474E-3 4.33636E-3 3.33748E-3 2.85565E-3 5.16502E-3 5.01227E-3 3.63865E-3 2.09202E-3 1.39679E-3 6.92132E-4 3.51262E-4 2.42874E-4 1.20782E-3
-9999 -9999 -9999 2.18328E-1 1.38667E-1 1.17987E-1 8.38226E-2 5.96578E-2 5.14315E-2 6.69759E-2 3.66766E-2 1.83691E-2 7.62002E-3 2.52796E-3 1.49881E-3 2.71716E-3 2.16443E-3 3.83976E-3 1.13374E-2 4.51528E-3 6.68743E-3 1.0072E-2 1.4992E-2 7.76955E-3 3.85669E-3 2.70798E-3 3.70512E-3 2.35395E-3 1.25414E-3 1.23569E-3 1.04029E-3 8.52168E-4 7.79365E-4 8.5535E-4 1.0238E-3 8.44578E-4 9.63665E-4 1.1321E-3 1.34469E-3 1.27745E-3 1.11352E-3 1.48068E-3 1.95395E-3 2.44143E-3 5.65786E-3 9.08651E-3 5.83429E-3 8.04383E-3 5.92448E-3 5.93135E-3 4.13546E-3 5.28683E-3 4.394E-3 4.27598E-3 4.82408E-3 5.06934E-3 1.24224E-3 1.59037E-3 5.11976E-4 4.32459E-4 5.71738E-4
-9999 -9999 -9999 2.03199E-1 1.75545E-1 1.52331E-1 1.45665E-1 1.38994E-1 8.90465E-2 8.07746E-2 7.99233E-2 6.2268E-2 3.69301E-2 8.60956E-3 3.50611E-3 2.86523E-3 6.15781E-3 7.01354E-3 3.39689E-3 2.9619E-3 4.92647E-3 4.308E-3 4.63681E-3 2.50292E-3 2.16311E-3 2.32147E-3 2.87124E-3 2.04665E-3 1.50495E-3 1.13662E-3 1.04975E-3 9.41816E-4 8.28784E-4 6.83043E-4 7.18252E-4 7.04134E-4 7.91295E-4 8.75608E-4 8.07311E-4 8.99509E-4 8.73212E-4 1.07338E-3 1.21794E-3 2.03303E-3 5.08471E-3 7.98374E-3 4.29261E-3 6.71677E-3 8.64488E-3 7.55432E-3 9.33133E-3 7.78596E-3 7.32241E-3 9.60535E-3 9.7775E-3 5.02507E-3 5.52608E-3 6.02312E-3 3.8079E-3 6.56478E-4 2.84629E-4
-9999 -9999 -9999 -9999 -9999 1.96918E-1 1.94322E-1 1.79248E-1 1.26882E-1 1.32772E-1 1.26556E-1 9.91678E-2 6.32221E-2 2.00357E-2 8.20586E-3 7.87238E-3 1.741E-2 7.65543E-3 6.7524E-3 1.44639E-2 2.20006E-2 1.33887E-2 8.41936E-3 9.15296E-3 7.86258E-3 7.63192E-3 4.90392E-3 2.60484E-3 1.52797E-3 1.09456E-3 9.72679E-4 1.08902E-3 8.14126E-4 5.91544E-4 6.65872E-4 3.88361E-4 5.34002E-4 7.5821E-4 5.49733E-4 7.70741E-4 8.53627E-4 9.8511E-4 1.14228E-3 1.58852E-3 2.88584E-3 5.89292E-3 5.80845E-3 5.35344E-3 6.82221E-3 8.18973E-3 9.41469E-3 1.09705E-2 1.07024E-2 9.50062E-3 1.01321E-2 6.57416E-3 1.20152E-3 1.70123E-3 5.09313E-3 2.2104E-3 2.08703E-3
-9999 -9999 -9999 -9999 -9999 -9999 -9999 2.14419E-1 2.00927E-1 2.07755E-1 1.84979E-1 1.59531E-1 9.63002E-2 6.05767E-2 2.60655E-2 1.55218E-2 9.07862E-3 4.49325E-3 1.70371E-2 2.65337E-3 3.45956E-3 4.68626E-3 1.64837E-3 4.48978E-3 2.89833E-3 8.77509E-3 3.11448E-3 3.26353E-3 2.39935E-3 1.26411E-3 1.18291E-3 1.36261E-3 1.12889E-3 7.32774E-4 4.90309E-4 5.34882E-4 4.21419E-4 4.29958E-4 8.12957E-4 4.57498E-4 6.75486E-4 1.06771E-3 9.81707E-4 1.19855E-3 1.86131E-3 3.37259E-3 6.65221E-3 5.78007E-3 5.12029E-3 5.03262E-3 5.97548E-3 7.55286E-3 7.54826E-3 7.88087E-3 8.73649E-3 7.89041E-3 2.46023E-3 1.55763E-3 9.87019E-3 2.23966E-3 1.40503E-3
-9999 -9999 -9999 -9999 -9999 -9999 -9999 -9999 2.12693E-1 2.39246E-1 2.11092E-1 1.76426E-1 1.41509E-1 6.82857E-2 4.64691E-2 1.52924E-2 1.6091E-2 7.20575E-3 2.00402E-3 9.14894E-3 2.58175E-2 4.26931E-3 4.03899E-4 1.21091E-3 4.12272E-3 3.74239E-3 2.7724E-3 3.09577E-3 2.98689E-3 1.9818E-3 1.46314E-3 1.39489E-3 1.32635E-3 1.03894E-3 7.48469E-4 1.22061E-3 6.23612E-4 5.30727E-4 7.86419E-4 6.73058E-4 1.01601E-3 1.42484E-3 1.15612E-3 1.23635E-3 2.39889E-3 3.02954E-3 5.90021E-3 5.89166E-3 6.76038E-3 5.3737E-3 4.42496E-3 5.65189E-3 6.51556E-3 6.6091E-3 4.19341E-3 6.78185E-3 5.35061E-3 2.86327E-3 6.88215E-3 8.87665E-3 4.39736E-3
-9999 -9999 -9999 -9999 -9999 -9999 -9999 -9999 -9999 2.09123E-1 2.36077E-1 1.7688E-1 1.6032E-1 8.95085E-2 3.42498E-2 1.17887E-2 2.40094E-2 8.57428E-3 3.40464E-3 9.69397E-3 1.00805E-2 4.96042E-3 4.81809E-3 8.70899E-4 4.33268E-4 4.57134E-3 2.10169E-3 1.90298E-3 3.21932E-3 3.02678E-3 2.158E-3 2.00626E-3 1.64731E-3 1.80936E-3 1.89332E-3 1.33626E-3 1.06582E-3 1.16298E-3 8.28923E-4 8.35621E-4 1.38625E-3 1.80047E-3 2.3029E-3 2.28753E-3 3.12838E-3 3.91101E-3 4.76895E-3 3.89017E-3 4.57359E-3 5.53493E-3 5.62225E-3 5.49654E-3 5.93088E-3 7.7263E-3 8.77458E-3 9.78536E-3 1.03883E-2 1.01401E-2 9.75648E-3 1.54827E-2 3.12089E-3
-9999 -9999 -9999 -9999 -9999 -9999 -9999 -9999 -9999 -9999 2.3622E-1 1.93697E-1 1.48878E-1 9.931E-2 5.1137E-2 5.92104E-2 3.5497E-2 2.57016E-2 1.41674E-2 1.35303E-2 4.09621E-2 8.89994E-3 4.48104E-3 3.32161E-3 9.66636E-4 3.03772E-3 8.63419E-3 3.79423E-3 2.33092E-3 1.57845E-3 2.36612E-3 3.27917E-3 2.29825E-3 3.32207E-3 2.80292E-3 2.44857E-3 1.943E-3 1.72059E-3 1.86215E-3 1.63418E-3 1.49882E-3 1.38999E-3 1.4081E-3 2.04123E-3 3.09371E-3 5.52144E-3 4.8968E-3 3.79033E-3 3.60789E-3 3.8839E-3 4.90843E-3 6.04484E-3 6.78032E-3 6.82427E-3 7.00556E-3 7.09961E-3 7.24619E-3 6.31873E-3 4.86241E-3 9.50721E-3 3.61633E-3
-9999 -9999 -9999 -9999 -9999 -9999 -9999 -9999 -9999 -9999 -9999 1.79113E-1 1.22255E-1 1.74588E-1 1.23424E-1 5.84815E-2 2.67768E-2 1.83239E-2 1.66495E-2 2.0217E-2 1.83739E-2 7.7127E-3 5.51481E-3 1.10974E-3 5.15414E-4 2.0874E-3 1.1558E-2 2.862E-3 7.81888E-4 2.25609E-3 2.24674E-3 1.36341E-3 1.41928E-3 5.26044E-3 3.33927E-3 3.38025E-3 3.09818E-3 3.14538E-3 2.60196E-3 2.44495E-3 2.32374E-3 2.11432E-3 2.5514E-3 2.63356E-3 3.13413E-3 5.36471E-3 7.25642E-3 3.90447E-3 2.98797E-3 2.94088E-3 3.52772E-3 4.15729E-3 4.72804E-3 4.86517E-3 4.89787E-3 5.25793E-3 5.77657E-3 5.55406E-3 8.24018E-3 1.37626E-2 8.7796E-3
-9999 -9999 -9999 -9999 -9999 -9999 -9999 -9999 -9999 -9999 -9999 2.43711E-1 1.86694E-1 2.45881E-1 1.5892E-1 9.80567E-2 7.29719E-2 5.41553E-2 1.45807E-2 7.51921E-3 7.15709E-3 6.90689E-3 3.59264E-3 6.61659E-4 1.85878E-3 8.11523E-3 5.88979E-3 2.96962E-4 1.16849E-4 1.47664E-3 3.6786E-3 2.47208E-3 3.01146E-3 4.52767E-3 3.09177E-3 6.39107E-3 2.5875E-3 2.76149E-3 3.47176E-3 2.81006E-3 2.86536E-3 2.82779E-3 2.65614E-3 2.74009E-3 3.71443E-3 4.47543E-3 8.29699E-3 4.47948E-3 3.38299E-3 2.69645E-3 2.93545E-3 3.28917E-3 3.81511E-3 4.39964E-3 4.28383E-3 4.48038E-3 5.00449E-3 5.29658E-3 1.03547E-2 8.07622E-3 3.13622E-3
-9999 -9999 -9999 -9999 -9999 -9999 -9999 -9999 -9999 -9999 -9999 -9999 -9999 2.92085E-1 2.4547E-1 2.23515E-1 1.44765E-1 8.40231E-2 1.78316E-2 1.19259E-2 3.5683E-2 1.39947E-2 1.44083E-2 8.81642E-3 3.45291E-3 1.3466E-2 2.14631E-2 1.39893E-3 3.41546E-4 5.50689E-3 1.31984E-2 1.78264E-3 2.3486E-4 6.05221E-4 1.32141E-3 1.04402E-2 3.2602E-3 2.44698E-3 3.94719E-3 1.6323E-3 1.63773E-3 2.35042E-3 2.76247E-3 3.20394E-3 3.40514E-3 3.70509E-3 6.75843E-3 7.67375E-3 4.30497E-3 3.57776E-3 2.93053E-3 3.14614E-3 3.49076E-3 3.94919E-3 4.16788E-3 3.92992E-3 4.41173E-3 4.69763E-3 7.94671E-3 1.38916E-2 1.30094E-2
-9999 -9999 -9999 -9999 -9999 -9999 -9999 -9999 -9999 -9999 -9999 -9999 -9999 3.36023E-1 2.93801E-1 2.8604E-1 2.0294E-1 1.76902E-1 1.47353E-1 1.24311E-1 5.12713E-2 3.61856E-2 2.04858E-2 4.44808E-2 7.68031E-3 8.81471E-3 9.08019E-2 2.37602E-3 3.11639E-4 1.16365E-2 2.30309E-2 1.74629E-3 6.90593E-5 4.80683E-4 1.42798E-3 2.80195E-3 1.80573E-3 6.52209E-4 2.1493E-3 1.58284E-3 1.03734E-3 1.61032E-3 2.92755E-3 3.93333E-3 2.75118E-3 3.68827E-3 4.35586E-3 7.9748E-3 7.09184E-3 4.1303E-3 4.49722E-3 4.31486E-3 3.98757E-3 3.79862E-3 3.90302E-3 3.78556E-3 3.96222E-3 4.4041E-3 8.5804E-3 1.34834E-2 1.01767E-2
-9999 -9999 -9999 -9999 -9999 1.62287E-1 -9999 -9999 -9999 -9999 3.61867E-1 3.37384E-1 3.4932E-1 3.33139E-1 4.14232E-1 3.66885E-1 3.66379E-1 3.49233E-1 3.50121E-1 2.71304E-1 1.90561E-1 9.49251E-2 7.70377E-2 3.73906E-2 3.01095E-2 1.56431E-2 3.11821E-2 2.07307E-2 3.54488E-3 2.47166E-3 2.51646E-2 2.02594E-2 3.4474E-3 6.57655E-3 7.92306E-4 2.01709E-3 9.49941E-4 1.11198E-4 6.45985E-4 2.09247E-3 1.69728E-3 1.95017E-3 5.55544E-3 8.06089E-3 5.42422E-3 4.12461E-3 6.29345E-3 6.42522E-3 8.47453E-3 5.62059E-3 4.77142E-3 5.86859E-3 4.67562E-3 4.3269E-3 5.56736E-3 4.71886E-3 4.31087E-3 4.92913E-3 1.50253E-2 7.90546E-3 6.66522E-3
-9999 -9999 -9999 -9999 -9999 -9999 1.57652E-1 3.96686E-1 3.40057E-1 3.43543E-1 2.74799E-1 2.28325E-1 1.77874E-1 1.56784E-1 2.35758E-1 3.86802E-1 4.22521E-1 4.52702E-1 4.12958E-1 3.86745E-1 3.53463E-1 2.33186E-1 1.42491E-1 7.67799E-2 6.0816E-2 6.20224E-2 3.40216E-2 5.04415E-2 2.32654E-2 6.52874E-3 3.93581E-2 9.28856E-3 3.97591E-3 1.02133E-3 3.45865E-3 8.76234E-4 1.94215E-3 4.92974E-4 3.18097E-3 2.04951E-3 1.90159E-3 1.77751E-3 4.23918E-3 2.62751E-3 1.82513E-3 5.25698E-3 1.54131E-2 1.42522E-2 1.85394E-2 6.53202E-3 5.31313E-3 5.56679E-3 1.10645E-2 7.53952E-3 9.55196E-3 1.11975E-2 1.31849E-2 1.77386E-2 1.75705E-2 9.99697E-3 1.04104E-2
-9999 -9999 -9999 -9999 -9999 -9999 -9999 -9999 -9999 -9999 3.02283E-1 2.54867E-1 1.95815E-1 2.12375E-1 2.77637E-1 3.02056E-1 2.71622E-1 3.25031E-1 3.59272E-1 2.10454E-1 3.57594E-1 2.90302E-1 2.47274E-1 1.5819E-1 1.87987E-1 1.666E-1 1.59029E-1 8.49308E-2 5.73234E-2 2.97665E-2 4.97728E-2 2.20315E-2 7.64463E-3 1.13129E-2 2.02591E-2 2.15303E-2 3.77649E-3 6.75143E-4 2.94576E-3 6.6286E-3 6.33741E-3 6.97121E-3 2.90219E-3 3.65321E-3 5.53207E-3 1.66606E-2 2.31135E-3 7.67517E-3 8.28664E-3 1.38935E-2 6.43495E-3 7.52424E-3 1.19293E-2 4.93126E-3 4.4622E-3 4.74409E-3 5.56988E-3 7.18903E-3 9.76555E-3 1.17165E-2 1.38432E-2
-9999 -9999 -9999 -9999 -9999 -9999 -9999 -9999 -9999 -9999 -9999 3.19813E-1 2.30679E-1 1.79872E-1 1.00133E-1 1.63618E-1 6.57856E-2 6.22945E-2 1.43797E-1 4.80626E-2 5.28393E-2 5.00887E-2 1.04748E-1 1.03246E-1 1.74883E-1 1.73422E-1 2.30469E-1 2.61287E-1 2.0845E-1 2.02569E-1 5.05179E-2 3.34849E-2 2.07195E-2 3.2264E-2 1.43305E-2 1.00391E-2 1.0562E-3 1.86543E-3 7.59438E-3 5.39576E-4 1.9024E-3 5.07144E-3 1.80361E-2 1.99664E-2 7.85388E-3 3.63715E-3 2.92187E-3 2.48457E-3 3.21133E-3 1.63528E-2 1.26935E-2 1.47383E-2 1.62219E-2 6.09856E-3 5.06968E-3 5.32573E-3 4.93867E-3 6.18789E-3 7.32334E-3 6.09497E-3 7.24868E-3
-9999 -9999 -9999 -9999 -9999 -9999 -9999 -9999 -9999 -9999 -9999 -9999 3.09626E-1 1.673E-1 1.06434E-1 1.0302E-1 7.45087E-2 7.67235E-2 1.06098E-1 7.03642E-2 5.91523E-2 4.68303E-2 3.33927E-2 5.20102E-2 1.24707E-1 1.36822E-1 2.12905E-1 2.19888E-1 3.93747E-1 4.20915E-1 3.17257E-1 2.26427E-1 6.46804E-2 6.70589E-2 2.64155E-2 1.8778E-2 1.45837E-2 1.05887E-2 1.29329E-2 6.58956E-3 3.96941E-3 8.22353E-3 2.04624E-2 9.48358E-3 2.33687E-2 1.04348E-2 2.53591E-3 5.93005E-3 4.87368E-3 6.48765E-3 7.61991E-2 3.07454E-2 1.59231E-2 1.69472E-2 8.2775E-3 7.18481E-3 6.9769E-3 1.13914E-2 7.49126E-3 7.39551E-3 7.66572E-3
-9999 -9999 -9999 -9999 -9999 -9999 -9999 -9999 -9999 -9999 -9999 -9999 2.1377E-1 1.74661E-1 2.25931E-1 1.46433E-1 1.74387E-1 1.21879E-1 7.30208E-2 3.83476E-2 4.06612E-2 5.22846E-2 2.43046E-2 3.68573E-2 4.35168E-2 1.01639E-1 2.06739E-1 3.32982E-1 5.117E-1 5.95006E-1 5.66703E-1 4.98511E-1 2.07598E-1 2.34127E-1 7.27444E-2 2.2776E-2 2.89889E-2 4.74963E-2 7.3961E-3 1.4872E-2 8.24452E-3 2.89694E-2 1.09638E-2 2.48045E-3 2.31042E-2 1.42849E-2 3.69739E-3 4.93865E-3 3.06187E-3 8.366E-3 4.89565E-2 1.17052E-2 7.95422E-3 1.9923E-2 1.6775E-2 1.48E-2 9.91162E-3 8.79928E-3 8.47426E-3 7.73084E-3 6.91754E-3
-9999 -9999 -9999 -9999 -9999 -9999 -9999 -9999 -9999 -9999 -9999 -9999 -9999 -9999 -9999 3.67968E-1 2.1515E-1 1.16284E-1 1.14809E-1 7.64944E-2 4.8499E-2 3.31001E-2 4.73586E-2 4.65196E-2 3.14655E-2 4.93829E-2 1.49841E-1 2.08025E-1 4.91811E-1 6.38933E-1 6.97137E-1 6.01376E-1 4.56978E-1 2.58174E-1 1.82532E-1 9.90431E-2 9.15688E-2 2.18044E-2 1.02297E-2 1.26716E-2 6.80251E-2 1.94666E-2 3.17489E-3 4.10042E-3 7.35824E-3 3.99181E-2 1.08796E-2 8.56082E-3 1.58937E-2 1.35812E-2 1.50006E-2 5.8114E-2 9.79757E-3 1.84958E-2 1.83673E-2 1.10893E-2 9.12785E-3 7.91006E-3 6.86456E-3 6.53967E-3 7.81215E-3
-9999 -9999 -9999 -9999 -9999 -9999 -9999 -9999 -9999 -9999 -9999 -9999 -9999 -9999 -9999 -9999 -9999 2.41437E-1 1.60884E-1 1.06868E-1 9.84073E-2 9.4664E-2 5.29099E-2 6.90845E-2 3.17349E-2 2.26983E-2 4.73245E-2 3.24868E-2 9.37851E-2 5.14498E-1 6.91386E-1 -9999 6.57903E-1 5.38475E-1 3.74562E-1 4.54444E-1 2.30499E-1 4.34334E-2 3.51984E-2 3.46773E-2 2.1316E-2 7.66294E-2 1.07528E-2 1.82843E-2 6.7289E-3 1.26183E-2 4.54245E-2 6.09197E-2 2.16222E-2 1.7073E-2 1.72638E-2 5.86289E-2 1.76424E-2 1.08675E-2 1.2521E-2 1.47372E-2 1.06004E-2 7.71989E-3 6.97635E-3 7.24067E-3 8.53346E-3
-9999 -9999 -9999 -9999 -9999 -9999 -9999 -9999 -9999 -9999 -9999 -9999 -9999 -9999 -9999 -9999 -9999 -9999 2.82313E-1 1.66418E-1 2.14618E-1 1.09908E-1 8.99188E-2 6.374E-2 3.87228E-2 1.96065E-2 4.02491E-2 1.60528E-2 9.08742E-2 1.56331E-1 3.91665E-1 6.48683E-1 7.31252E-1 5.47679E-1 4.06323E-1 6.23136E-1 2.83515E-1 1.92244E-1 5.2541E-2 7.77231E-2 8.60715E-2 2.82686E-2 3.13225E-2 1.78316E-2 4.594E-2 1.87618E-2 2.03282E-2 2.08515E-2 2.06916E-1 1.06461E-1 1.97659E-2 6.22241E-2 1.59857E-2 1.12263E-2 1.28448E-2 1.96263E-2 1.42322E-2 1.04283E-2 6.77489E-3 5.49801E-3 7.17312E-3
