data/maxent/outputs/white_73.asc
ncols         426
nrows         180
xllcorner     -130.0
yllcorner     24.0
cellsize      0.16666666666666666
NODATA_value  -9999
[rows 81 to 107 of 180, columns 61 to 121 of 426]
1.44187E-1 3.20749E-1 1.56656E-1 2.45837E-1 8.71806E-2 1.15018E-1 8.93463E-2 1.1039E-1 6.82232E-2 1.16147E-1 8.98242E-2 7.13789E-2 1.75334E-1 1.54156E-1 1.05263E-1 6.25049E-2 4.89687E-2 1.71436E-1 1.6153E-1 4.11303E-2 4.05309E-2 9.3735E-2 5.00423E-2 7.77998E-2 4.30933E-2 7.53342E-2 6.3819E-2 3.81403E-2 4.7663E-2 4.26375E-2 3.07669E-2 2.31932E-2 1.11102E-2 4.56988E-2 2.66657E-2 2.15887E-2 2.91537E-2 2.64574E-2 2.67344E-2 3.33885E-2 7.04322E-2 9.48536E-2 4.61716E-2 1.43172E-1 8.80151E-2 1.04176E-1 1.15584E-1 1.3951E-1 1.90493E-1 6.13739E-2 3.87125E-2 2.8347E-2 1.35141E-2 2.2311E-2 2.98411E-2 2.18454E-2 7.02647E-3 6.42344E-3 5.82742E-3 4.16513E-3 5.34356E-3
2.97118E-1 3.54848E-1 2.99737E-1 1.79462E-1 1.61505E-1 4.73312E-2 1.25527E-1 9.0427E-2 4.171E-2 9.9937E-2 1.16499E-1 3.71848E-2 1.53492E-1 1.66528E-1 1.69371E-1 1.90557E-1 9.95775E-2 1.8521E-1 1.18209E-1 6.40417E-2 1.35872E-1 5.91544E-2 5.22212E-2 8.06919E-2 4.85566E-2 7.18293E-2 8.23487E-2 8.06927E-2 6.14574E-2 6.91447E-2 2.08813E-2 4.36195E-2 2.59807E-2 3.04903E-2 2.42375E-2 2.53396E-2 2.18321E-2 2.16216E-2 2.5646E-2 2.98822E-2 3.46166E-2 6.03997E-2 4.72955E-2 1.26207E-1 4.95258E-2 8.85422E-2 5.0877E-2 1.91204E-1 2.09583E-1 1.20689E-1 5.08711E-2 2.27087E-2 2.20941E-2 2.56847E-2 2.0026E-2 2.1878E-2 1.21081E-2 6.97129E-3 4.37214E-3 3.54432E-3 3.92806E-3
4.09867E-1 5.29713E-1 3.25298E-1 2.35358E-1 1.35736E-1 4.52354E-2 1.20577E-1 3.36462E-2 4.21042E-2 3.81343E-2 3.60251E-2 9.2725E-2 5.31123E-2 6.37239E-2 1.23183E-1 8.29239E-2 1.29417E-1 1.14422E-1 1.91099E-1 8.27325E-2 7.82325E-2 4.83115E-2 8.5935E-2 3.64352E-2 7.61655E-2 8.90979E-2 1.1974E-1 6.88791E-2 2.91516E-2 4.6552E-2 3.13007E-2 2.38155E-2 4.03319E-2 2.16164E-2 1.65426E-2 2.33371E-2 2.77181E-2 1.89247E-2 2.30606E-2 3.52439E-2 2.38493E-2 3.20639E-2 9.2139E-2 1.42184E-1 6.98527E-2 9.78245E-2 9.02621E-2 8.46309E-2 8.26128E-2 1.12556E-1 5.42702E-2 3.22114E-2 1.93682E-2 2.43544E-2 3.44787E-2 2.68545E-2 1.33843E-2 8.25547E-3 7.26133E-3 6.63637E-3 6.25662E-3
3.53395E-1 3.82737E-1 2.93983E-1 2.02087E-1 1.15446E-1 7.71504E-2 4.20864E-2 2.82896E-2 1.96758E-2 2.53926E-2 1.32022E-1 5.77477E-2 2.54681E-2 7.78776E-2 4.21159E-2 1.11958E-1 1.12287E-1 1.1875E-1 6.72419E-2 4.28056E-2 7.96179E-2 8.11112E-2 6.15234E-2 3.4708E-2 9.7832E-2 1.22746E-1 8.58168E-2 5.91551E-2 2.93135E-2 6.02308E-2 2.42239E-2 4.11971E-2 4.39634E-2 1.24629E-2 1.42866E-2 4.50633E-2 2.25222E-2 1.53763E-2 2.41504E-2 2.70293E-2 6.28742E-2 3.9356E-2 1.56733E-1 1.4228E-1 1.3253E-1 1.16921E-1 1.60153E-1 6.48125E-2 1.21102E-1 6.62837E-2 5.71337E-2 3.34218E-2 1.31613E-2 2.06129E-2 2.46838E-2 2.5091E-2 2.87329E-2 1.91253E-2 1.61293E-2 1.33344E-2 1.24821E-2
2.86036E-1 3.267E-1 3.18913E-1 1.86509E-1 1.0687E-1 5.77459E-2 2.61032E-2 1.76613E-2 1.40104E-2 6.19871E-2 3.36223E-2 3.53304E-2 1.2673E-1 6.49185E-2 7.96126E-2 1.63856E-1 1.3347E-1 7.74484E-2 8.51934E-2 7.87353E-2 4.79769E-2 5.67697E-2 5.11276E-2 3.87668E-2 5.91623E-2 9.79334E-2 2.35459E-2 4.69734E-2 3.10147E-2 5.27476E-2 2.44471E-2 3.73028E-2 2.50526E-2 3.89084E-2 4.39489E-2 5.9437E-2 1.88128E-2 2.36165E-2 5.52493E-2 2.87964E-2 7.40187E-2 8.98193E-2 3.6487E-2 4.23357E-2 6.71888E-2 8.13658E-2 1.51976E-1 9.90083E-2 1.14159E-1 5.16434E-2 3.67403E-2 1.19384E-2 1.12771E-2 2.38754E-2 1.91533E-2 2.09515E-2 3.10017E-2 3.25904E-2 3.15135E-2 2.60924E-2 1.99902E-2
2.78325E-1 3.44322E-1 2.68887E-1 8.95542E-2 5.85954E-2 3.0525E-2 1.97614E-2 1.65946E-2 2.78076E-2 1.12468E-1 2.33214E-2 6.73601E-2 3.38445E-2 3.9808E-2 8.41971E-2 8.42967E-2 9.7323E-2 8.61826E-2 8.90273E-2 4.50926E-2 1.37711E-2 1.97536E-2 4.26949E-2 5.19098E-2 4.41663E-2 6.24265E-2 1.90186E-2 4.52293E-2 1.34745E-2 2.80902E-2 2.12358E-2 3.52965E-2 1.54443E-2 2.99047E-2 3.91435E-2 1.82596E-2 3.42246E-2 3.36682E-2 2.9772E-2 3.66846E-2 9.1975E-2 3.21315E-2 2.45958E-2 2.24213E-2 3.625E-2 1.34165E-1 8.21308E-2 8.27281E-2 9.51104E-2 6.56682E-2 4.54351E-2 8.43277E-3 1.94435E-2 3.92017E-2 2.9708E-2 2.96942E-2 4.09653E-2 2.5542E-2 5.18537E-2 4.17256E-2 2.64278E-2
3.18486E-1 3.65928E-1 2.23829E-1 8.07539E-2 5.76203E-2 2.97287E-2 2.465E-2 2.09961E-2 6.17378E-2 4.57379E-2 7.31449E-2 7.21068E-2 5.21678E-2 4.58587E-2 3.39663E-2 3.82406E-2 7.00999E-2 8.59193E-2 6.79045E-2 3.60373E-2 4.80326E-2 2.09654E-2 5.99882E-2 5.73891E-2 4.20814E-2 3.00123E-2 3.61113E-2 1.50512E-2 2.69785E-2 1.92115E-2 1.53528E-2 2.76013E-2 1.32408E-2 4.16843E-2 3.65878E-2 1.36391E-2 4.48789E-2 1.90163E-2 2.38339E-2 1.3226E-1 5.385E-2 2.728E-2 1.29852E-2 1.92776E-2 3.56681E-2 1.89095E-1 6.8815E-2 8.32838E-2 7.3742E-2 3.24551E-2 2.45045E-2 1.11028E-2 2.62862E-2 2.33557E-2 1.73127E-2 2.69313E-2 3.03429E-2 6.31269E-2 8.65556E-2 7.25363E-2 2.25817E-2
3.7063E-1 2.2063E-1 2.03622E-1 6.21929E-2 4.89436E-2 5.1373E-2 2.88625E-2 2.88108E-2 3.3887E-2 1.97771E-2 4.01162E-2 3.71695E-2 4.41434E-2 2.44612E-2 4.10381E-2 4.22693E-2 7.37842E-2 4.90807E-2 5.98217E-2 3.48869E-2 3.71268E-2 2.58605E-2 2.47508E-2 1.87728E-2 3.87338E-2 3.95041E-2 2.74322E-2 5.46626E-3 1.65593E-2 1.32887E-2 1.99466E-2 2.96507E-2 1.80749E-2 3.48645E-2 6.67372E-2 1.45469E-2 5.32002E-2 3.25276E-2 7.58208E-2 6.32408E-2 2.60815E-2 1.32896E-2 1.42894E-2 1.79108E-2 3.17641E-2 1.62921E-1 9.69275E-2 7.20146E-2 7.10742E-2 4.00353E-2 8.10609E-3 1.63217E-2 2.40769E-2 1.14978E-2 2.49526E-2 3.60412E-2 1.99356E-2 4.69144E-2 5.17825E-2 1.18143E-1 3.2284E-2
2.32401E-1 3.11381E-1 2.80097E-1 6.05703E-2 3.27178E-2 3.50657E-2 3.85089E-2 3.17177E-2 6.64882E-2 5.56573E-2 4.62779E-2 4.30232E-2 1.96627E-2 3.20593E-2 3.37252E-2 4.18861E-2 3.64825E-2 9.62362E-2 3.69659E-2 2.25069E-2 2.23172E-2 2.41218E-2 1.74367E-2 2.78484E-2 2.85243E-2 3.07457E-2 2.83632E-2 2.10858E-2 1.88775E-2 3.88984E-2 1.02154E-2 3.6723E-2 4.83351E-2 7.5867E-2 1.98979E-2 2.01015E-2 3.61721E-2 7.62777E-2 5.84778E-2 3.33344E-2 2.9127E-2 3.03914E-2 1.56489E-2 2.25144E-2 2.20585E-2 8.08168E-2 8.91179E-2 4.51924E-2 3.25101E-2 2.11866E-2 7.45127E-3 1.81165E-2 1.451E-2 1.26056E-2 2.73556E-2 3.46937E-2 2.67461E-2 2.36121E-2 2.3E-2 7.89398E-2 9.52558E-2
2.02985E-1 3.16565E-1 2.38967E-1 7.60995E-2 4.91949E-2 1.11419E-1 2.57078E-2 3.57215E-2 3.57241E-2 1.69589E-2 2.91997E-2 3.32161E-2 3.64951E-2 3.4023E-2 3.34637E-2 4.85546E-2 3.18967E-2 5.92562E-2 2.90231E-2 2.43815E-2 1.8138E-2 3.24576E-2 1.94747E-2 2.45156E-2 2.99383E-2 3.03477E-2 4.4217E-2 4.09757E-2 3.35445E-2 5.00609E-2 2.20564E-2 4.85594E-2 2.15221E-2 2.87178E-2 3.23984E-2 4.06423E-2 2.83482E-2 5.00303E-2 3.66891E-2 2.4976E-2 5.07536E-2 7.82481E-2 1.92352E-2 1.99913E-2 3.45665E-2 8.77686E-2 4.98423E-2 2.75083E-2 2.94173E-2 1.43672E-2 1.23493E-2 1.80701E-2 1.75666E-2 2.13857E-2 2.53238E-2 3.25422E-2 1.90031E-2 8.63388E-3 1.02257E-2 1.58195E-2 2.07172E-2
3.05144E-1 2.11775E-1 2.37861E-1 1.17437E-1 8.71023E-2 1.23906E-1 1.69064E-1 1.18271E-1 6.95183E-2 5.9364E-2 3.24698E-2 5.16232E-2 3.92251E-2 4.99001E-2 2.84196E-2 5.46857E-2 6.37939E-2 2.3367E-2 1.78457E-2 2.28413E-2 1.49795E-2 2.90778E-2 2.18257E-2 1.64662E-2 4.58675E-2 1.62185E-2 5.10689E-2 5.19509E-2 3.8096E-2 6.06824E-2 4.63942E-2 4.6057E-2 2.85678E-2 6.97038E-2 2.9444E-2 2.98041E-2 3.55494E-2 4.12061E-2 1.95694E-2 1.41893E-2 2.31377E-2 2.21081E-2 3.93504E-2 4.50557E-2 5.72191E-2 3.23659E-2 3.0339E-2 1.45069E-2 1.04626E-2 5.43015E-3 1.60425E-2 2.55535E-2 2.14444E-2 3.01724E-2 3.08632E-2 3.70614E-2 9.31918E-3 9.47742E-3 1.25962E-2 1.67758E-2 1.96386E-2
4.51757E-2 1.41636E-1 1.85205E-1 8.87885E-2 7.24617E-2 1.15711E-1 1.22702E-1 6.67282E-2 1.06611E-1 8.08743E-2 9.36414E-2 4.25462E-2 3.77334E-2 6.88288E-2 9.69263E-2 6.49603E-2 5.45546E-2 2.90114E-2 1.57556E-2 3.17272E-2 2.96586E-2 3.85649E-2 1.91236E-2 3.23656E-2 1.25671E-2 6.06155E-3 5.43821E-2 5.72492E-2 3.82531E-2 1.22308E-1 7.69137E-2 3.66222E-2 8.32372E-2 4.02843E-2 3.00511E-2 6.08524E-2 1.43096E-2 4.45957E-2 1.73039E-2 4.77658E-2 1.8809E-2 1.91789E-2 5.3706E-2 4.92565E-2 2.9835E-2 3.81622E-2 3.42321E-2 9.79183E-3 6.67305E-3 7.13482E-3 1.82248E-2 2.24464E-2 2.61419E-2 3.05571E-2 2.32636E-2 1.20742E-2 1.2012E-2 1.20392E-2 2.11582E-2 3.42073E-2 4.68425E-2
2.90483E-2 1.39307E-2 4.39429E-2 3.13825E-2 1.05671E-1 7.38089E-2 4.49588E-2 1.23025E-1 1.01535E-1 1.11894E-1 7.67156E-2 8.01101E-2 5.17242E-2 5.04724E-2 2.93375E-2 4.72344E-2 4.28443E-2 3.82837E-2 3.12361E-2 2.552E-2 3.50685E-2 1.19946E-2 2.38966E-2 1.87173E-2 5.01993E-3 1.79321E-2 7.75459E-2 3.06644E-2 2.57315E-2 1.00313E-1 1.23136E-1 4.45547E-2 1.10489E-1 9.769E-2 3.71357E-2 6.33917E-2 2.18804E-2 5.73501E-2 1.82333E-2 4.76982E-2 2.32058E-2 2.70424E-2 3.15868E-2 2.69775E-2 7.80436E-3 2.55696E-2 1.4765E-2 6.07904E-3 5.45404E-3 9.08868E-3 1.90055E-2 3.1392E-2 2.10254E-2 1.63056E-2 1.09428E-2 1.22794E-2 2.11425E-2 2.63053E-2 3.0774E-2 4.53607E-2 4.40897E-2
1.67037E-2 7.71666E-3 1.42013E-2 4.35226E-2 2.40137E-2 2.54101E-2 2.71371E-2 6.96826E-2 1.09803E-1 1.60728E-1 7.68098E-2 1.04039E-1 4.65871E-2 4.9095E-2 2.39642E-2 8.15746E-2 4.53936E-2 4.929E-2 3.71142E-2 2.02541E-2 3.71264E-2 9.00405E-3 2.23541E-2 1.08744E-2 1.8089E-2 6.69353E-2 5.53895E-2 3.28282E-2 5.28169E-2 1.45394E-1 1.49275E-1 1.27811E-1 1.54998E-1 8.22777E-2 6.65702E-2 6.43551E-2 3.20927E-2 5.17573E-2 3.88642E-2 2.0528E-2 1.2694E-2 4.28423E-2 2.53466E-2 2.18738E-2 8.15175E-3 1.804E-2 1.58002E-2 6.1476E-3 3.09133E-3 6.97675E-3 1.37806E-2 4.37345E-2 2.16735E-2 1.8964E-2 1.87404E-2 1.56897E-2 3.94794E-2 6.2829E-2 6.06654E-2 5.52735E-2 4.60224E-2
5.98659E-2 1.2063E-2 5.33424E-3 1.20023E-2 1.05336E-1 9.75905E-2 3.34853E-2 7.73726E-2 8.33659E-2 7.87231E-2 9.61062E-2 2.74948E-2 8.13816E-2 3.32491E-2 3.64169E-2 4.99963E-2 3.49023E-2 4.07993E-2 3.8714E-2 2.50348E-2 3.7248E-2 2.27951E-2 1.57618E-2 2.3737E-2 5.81234E-2 6.28692E-2 2.15631E-2 3.09384E-2 1.15827E-1 7.06964E-2 6.40816E-2 1.76082E-1 9.46935E-2 1.2454E-1 8.12103E-2 3.20086E-2 5.8203E-2 4.57669E-2 2.4411E-2 1.39171E-2 4.01544E-2 3.23716E-2 2.78395E-2 1.68429E-2 9.26681E-3 1.54485E-2 9.52452E-3 7.71778E-3 2.41184E-3 3.16234E-3 4.82127E-3 3.44786E-2 3.17049E-2 4.43498E-2 7.63892E-2 2.65865E-2 4.71535E-2 7.23341E-2 6.9075E-2 7.27933E-2 1.06778E-1
5.4608E-1 9.10376E-2 1.4042E-2 3.78499E-3 1.48347E-1 9.8354E-2 5.9445E-2 6.89996E-2 1.3069E-1 8.21142E-2 4.93482E-2 5.12496E-2 3.69831E-2 5.82314E-2 5.59781E-2 3.49865E-2 2.24836E-2 1.8263E-2 1.62758E-2 4.1628E-2 4.49237E-2 2.27841E-2 2.37211E-2 3.37262E-2 3.0584E-2 4.92566E-2 4.30035E-2 2.36011E-2 1.52462E-1 7.94456E-2 2.71246E-2 2.64126E-1 7.85515E-2 7.86465E-2 1.14094E-1 5.76542E-2 2.23827E-2 1.43695E-2 1.41504E-2 1.58641E-2 2.13298E-2 2.54404E-2 2.13767E-2 1.72199E-2 4.04553E-3 1.13239E-2 6.63112E-3 7.8368E-3 9.87075E-3 2.77352E-2 3.9278E-2 4.99509E-2 4.85042E-2 5.31336E-2 9.82762E-2 4.90956E-2 5.76181E-2 6.56654E-2 1.25261E-1 1.41591E-1 1.21968E-1
6.75167E-1 1.42033E-1 1.561E-2 2.64303E-3 2.73557E-2 8.76637E-2 5.43028E-2 1.3754E-1 2.98673E-1 2.3429E-2 3.94899E-2 1.39293E-1 1.40266E-1 2.61978E-2 6.47732E-2 5.11926E-2 4.27182E-2 4.53296E-2 3.2254E-2 1.65543E-2 3.51024E-2 3.61174E-2 2.00333E-2 2.76737E-2 8.47933E-3 4.89557E-2 7.68422E-2 4.75929E-2 4.70613E-2 8.8462E-2 2.89202E-2 1.37203E-1 3.23071E-2 1.32601E-1 8.11882E-2 4.11761E-2 1.80782E-2 2.18974E-2 6.93091E-2 4.18029E-2 2.97444E-2 5.06486E-2 1.2656E-2 1.37914E-2 6.01631E-3 6.43493E-3 5.19492E-3 1.52914E-2 2.92359E-2 3.75034E-2 3.8706E-2 3.99246E-2 6.42853E-2 4.54664E-2 3.68712E-2 7.28038E-2 8.64672E-2 7.70828E-2 1.70957E-1 1.08727E-1 1.08292E-1
8.36821E-1 2.64686E-1 2.61539E-2 7.48828E-2 5.15115E-2 1.72808E-2 6.93855E-2 2.61544E-1 1.31079E-1 1.53964E-2 8.5463E-2 8.51756E-2 9.5526E-2 7.36947E-2 6.89331E-2 4.25313E-2 3.82085E-2 2.74889E-2 5.49277E-2 2.28337E-2 1.77247E-2 2.41672E-2 3.80454E-2 2.72392E-2 4.24313E-2 7.22501E-2 1.54021E-1 4.70524E-2 6.00852E-2 4.25595E-2 1.73841E-1 1.30124E-1 1.09943E-1 1.40781E-1 1.21473E-1 1.28135E-1 9.34985E-2 1.23212E-1 1.4173E-1 1.52797E-1 5.1517E-2 1.67165E-2 7.38318E-3 1.35979E-2 1.31221E-2 1.64256E-2 3.41946E-2 4.38542E-2 5.21483E-2 7.05164E-2 4.21122E-2 3.63853E-2 6.12463E-2 9.61445E-2 3.72694E-2 6.32375E-2 7.49576E-2 1.11024E-1 1.19163E-1 1.60792E-1 2.02913E-1
8.26673E-1 8.03198E-1 5.07187E-1 7.10969E-1 1.08698E-1 9.73224E-3 3.02722E-3 4.49026E-1 1.17469E-1 1.7595E-1 7.55173E-2 8.21977E-2 1.1213E-1 1.0305E-1 5.49198E-2 3.69487E-2 4.90076E-2 4.33584E-2 3.53585E-2 1.90469E-2 2.70236E-2 3.03293E-2 8.18578E-2 3.03937E-2 1.38405E-1 4.02867E-2 6.30696E-2 6.24424E-2 9.5602E-2 5.28326E-2 2.81074E-1 1.98521E-1 2.94341E-1 2.33204E-1 2.10559E-1 2.98016E-1 2.56758E-1 2.6868E-1 7.87246E-2 2.86261E-1 9.93671E-2 8.49396E-2 6.53366E-2 4.99948E-2 4.73118E-2 5.2265E-2 7.35615E-2 6.21589E-2 5.17974E-2 7.54042E-2 9.80644E-2 8.26748E-2 4.50995E-2 7.04789E-2 7.55838E-2 4.98132E-2 7.71613E-2 8.47854E-2 9.33069E-2 1.28777E-1 8.38639E-2
8.3935E-1 8.33563E-1 8.25186E-1 5.52292E-1 4.6581E-2 1.654E-2 1.89134E-3 2.04496E-2 3.1807E-1 2.95933E-1 2.97488E-1 1.28084E-1 1.06777E-1 8.2311E-2 1.26133E-1 9.54485E-2 2.36796E-2 4.18733E-2 7.34421E-2 5.57649E-2 5.80188E-2 5.90696E-2 6.87841E-2 1.98234E-2 2.23909E-2 5.79991E-2 3.66963E-2 8.85515E-2 4.57415E-2 1.05797E-1 1.77593E-1 1.21391E-1 1.33116E-1 1.56656E-1 1.0946E-1 1.85085E-1 1.97249E-1 2.56858E-1 3.31222E-1 2.30884E-1 2.94568E-1 3.58777E-1 1.86331E-1 1.85498E-1 1.20746E-1 1.06826E-1 9.92512E-2 7.17079E-2 6.65427E-2 6.57671E-2 6.43847E-2 7.50019E-2 1.12235E-1 7.11326E-2 8.163E-2 9.23257E-2 6.30974E-2 6.88399E-2 1.04542E-1 7.44801E-2 4.65275E-2
8.10251E-1 8.64301E-1 8.38489E-1 8.16549E-1 1.448E-1 3.53504E-2 3.41021E-3 4.49732E-3 1.25909E-2 2.4366E-1 1.26339E-1 2.72013E-1 7.54338E-2 1.16914E-1 1.06276E-1 1.00698E-1 7.87026E-2 2.18005E-2 3.96435E-2 6.74553E-2 1.04484E-1 6.73497E-2 2.89041E-2 3.66369E-2 4.55447E-2 1.26366E-1 5.32247E-2 2.75482E-2 9.35084E-2 9.19971E-2 9.41615E-2 9.40348E-2 1.11692E-1 9.79924E-2 9.88092E-2 2.33165E-1 1.95024E-1 7.88984E-2 1.04842E-1 1.89071E-1 2.32717E-1 3.42529E-1 2.13564E-1 1.95629E-1 1.38369E-1 1.09487E-1 9.17994E-2 5.31985E-2 4.18996E-2 5.37694E-2 7.03534E-2 1.5417E-1 1.18985E-1 1.65314E-1 8.35547E-2 1.00712E-1 8.10417E-2 4.9922E-2 6.2045E-2 3.08392E-2 3.86325E-2
6.49132E-1 8.13595E-1 8.60879E-1 8.69689E-1 8.56548E-1 5.42945E-1 1.07573E-1 1.55632E-2 5.47775E-3 3.38147E-1 4.36585E-1 2.94178E-1 1.82984E-1 2.51271E-1 1.69951E-1 1.73626E-1 2.20983E-1 8.41069E-2 8.72609E-2 8.56226E-2 1.19904E-1 1.30882E-1 4.56741E-2 3.71615E-2 1.03064E-1 8.27867E-2 5.97104E-2 3.95618E-2 1.35054E-1 5.8705E-2 1.00489E-1 1.22931E-1 2.76247E-1 1.07219E-1 7.67406E-2 1.05496E-1 2.84023E-1 1.54113E-1 1.48991E-1 1.28361E-1 1.08671E-1 1.15857E-1 1.68975E-1 7.05404E-2 7.70859E-2 1.45893E-1 1.57751E-1 6.71791E-2 6.63022E-2 6.0609E-2 5.05096E-2 6.32606E-2 8.29648E-2 9.14789E-2 8.75654E-2 1.23656E-1 1.53132E-1 6.12109E-2 8.46301E-2 3.91897E-2 3.76641E-2
5.93154E-1 6.45356E-1 7.97812E-1 8.52345E-1 8.43445E-1 6.67526E-1 1.88469E-1 6.37303E-2 3.47979E-3 6.33686E-1 3.16086E-1 5.28911E-1 1.29394E-1 1.54631E-1 2.49652E-1 1.20523E-1 1.39981E-1 1.53508E-1 6.19479E-2 5.36667E-2 5.9729E-2 8.30293E-2 6.92629E-2 4.378E-2 7.55207E-2 5.42906E-2 7.03368E-2 2.1775E-1 2.41976E-1 7.87392E-2 8.43963E-2 6.55867E-2 8.84664E-2 1.04536E-1 1.14673E-1 3.32708E-1 3.70361E-1 2.07808E-1 1.47543E-1 1.36929E-1 6.1261E-2 7.94079E-2 3.37346E-2 7.39176E-2 1.67007E-1 1.01572E-1 1.47063E-1 8.0098E-2 7.4043E-2 6.56404E-2 4.48673E-2 4.42761E-2 4.28819E-2 5.63217E-2 1.27516E-1 1.22795E-1 1.89268E-1 7.09293E-2 4.20171E-2 2.93929E-2 2.68881E-2
4.4729E-1 5.15007E-1 6.48632E-1 8.00544E-1 8.62446E-1 8.56753E-1 3.89267E-1 9.91896E-3 3.2348E-3 1.97746E-2 3.63563E-1 5.27519E-1 5.19158E-1 3.33182E-1 2.55982E-1 1.22848E-1 1.13354E-1 1.1242E-1 1.71264E-1 4.81982E-2 4.16967E-2 6.75716E-2 1.05586E-1 1.0756E-1 5.72864E-2 4.1821E-2 6.93333E-2 3.40685E-1 2.73313E-1 9.30712E-2 7.54856E-2 1.03363E-1 9.36946E-2 1.6009E-1 3.6061E-1 2.23861E-1 2.34813E-1 1.73904E-1 1.29439E-1 1.72643E-1 1.1564E-1 7.89349E-2 9.01458E-2 1.2894E-1 1.32933E-1 2.69841E-2 5.48961E-2 4.20093E-2 6.1183E-2 6.07603E-2 3.34529E-2 3.28335E-2 3.43121E-2 6.06968E-2 5.16709E-2 7.03453E-2 1.26316E-1 1.51792E-1 4.86501E-2 3.42439E-2 2.60876E-2
3.80568E-1 4.23669E-1 5.09718E-1 6.23788E-1 7.41083E-1 8.66084E-1 8.5313E-1 1.46387E-2 2.29217E-2 1.12733E-2 5.82631E-1 1.95415E-1 4.62413E-1 3.09616E-1 1.88415E-1 3.215E-1 2.67513E-1 1.08029E-1 2.2622E-1 1.98389E-1 4.40844E-2 7.00916E-2 1.73469E-1 3.39988E-1 3.12922E-1 2.3404E-1 5.99875E-2 1.45163E-1 2.17377E-1 9.23823E-2 1.01649E-1 1.73191E-1 1.35957E-1 1.67392E-1 1.67244E-1 1.71106E-1 3.49971E-1 2.02694E-1 1.36412E-1 2.07568E-1 2.35539E-1 1.66923E-1 1.40938E-1 1.56328E-1 3.15895E-1 2.20839E-2 2.2433E-2 8.60847E-2 4.12978E-2 4.93585E-2 3.04569E-2 2.87411E-2 3.25511E-2 3.305E-2 5.2514E-2 7.18804E-2 5.25156E-2 7.52855E-2 9.56993E-2 1.09048E-1 4.00108E-2
3.46398E-1 3.80168E-1 4.22406E-1 5.09705E-1 6.33155E-1 8.62655E-1 8.57958E-1 1.40123E-1 1.73448E-1 3.59077E-2 3.87025E-1 4.67639E-1 5.83288E-1 3.91878E-1 2.49486E-1 2.55219E-1 5.31787E-1 1.84193E-1 2.51624E-1 1.93539E-1 7.12076E-2 1.47308E-1 7.21363E-2 1.54694E-1 3.27021E-1 2.13723E-1 2.23223E-1 1.17608E-1 1.13471E-1 1.10333E-1 1.77005E-1 1.86337E-1 2.06083E-1 2.68908E-1 2.48428E-1 1.68828E-1 3.3829E-1 1.40691E-1 2.34775E-1 2.23683E-1 2.09583E-1 1.90328E-1 1.44539E-1 2.13047E-1 2.12493E-1 3.28137E-1 3.93538E-2 2.50988E-1 5.14562E-2 4.09333E-2 3.08462E-2 2.53307E-2 2.36211E-2 2.78716E-2 3.81852E-2 4.24786E-2 4.84637E-2 6.23247E-2 8.25453E-2 7.7597E-2 4.50061E-2
3.79498E-1 4.03044E-1 4.21718E-1 4.47754E-1 4.87526E-1 6.70054E-1 8.7273E-1 5.29931E-1 4.91325E-1 9.77146E-2 3.86525E-1 5.12109E-1 5.40892E-1 5.32443E-1 4.53721E-1 1.16282E-1 6.11223E-1 2.19149E-1 2.35815E-1 2.9474E-1 1.9738E-1 1.4205E-1 1.06026E-1 4.48068E-2 1.31427E-1 3.00816E-1 2.03441E-1 1.55005E-1 1.70231E-1 1.7418E-1 2.7199E-1 3.07727E-1 2.59813E-1 2.69523E-1 2.30019E-1 2.1527E-1 2.29536E-1 2.19562E-1 2.18782E-1 2.50311E-1 2.78958E-1 1.37832E-1 8.03553E-2 7.76373E-2 1.12174E-1 1.68286E-1 1.7772E-1 1.46501E-1 1.05096E-1 3.81167E-2 2.32709E-2 2.13096E-2 2.49841E-2 2.34481E-2 2.60236E-2 3.2425E-2 2.78488E-2 3.47468E-2 4.00589E-2 4.36609E-2 2.6197E-2
