data/maxent/outputs/white_246.asc
ncols         426
nrows         180
xllcorner     -130.0
yllcorner     24.0
cellsize      0.16666666666666666
NODATA_value  -9999
[rows 0 to 26 of 180, columns 244 to 304 of 426]
7.58166E-3 7.16717E-3 7.72034E-3 7.21982E-3 7.09121E-3 7.34448E-3 7.194E-3 7.0905E-3 7.3301E-3 7.79506E-3 8.02572E-3 7.75881E-3 7.35921E-3 7.3873E-3 7.61081E-3 7.56242E-3 7.95165E-3 8.69594E-3 8.78695E-3 7.94392E-3 7.64876E-3 7.54802E-3 8.27082E-3 7.63047E-3 7.45782E-3 7.3517E-3 7.13187E-3 7.00022E-3 7.45043E-3 9.34858E-3 8.27217E-3 9.00123E-3 8.00598E-3 7.25032E-3 8.29532E-3 8.06687E-3 8.30887E-3 9.23539E-3 9.75662E-3 9.94376E-3 9.91189E-3 8.85144E-3 9.95688E-3 1.13342E-2 -9999 -9999 -9999 -9999 -9999 -9999 -9999 -9999 -9999 -9999 -9999 -9999 1.12703E-1 -9999 -9999 -9999 -9999
9.33468E-3 8.54007E-3 8.86436E-3 7.98803E-3 7.90355E-3 7.64146E-3 7.92509E-3 7.48074E-3 8.02725E-3 7.70278E-3 7.65861E-3 7.74877E-3 7.75677E-3 7.86171E-3 7.77582E-3 8.29887E-3 8.73994E-3 8.4673E-3 8.40863E-3 8.42535E-3 8.06964E-3 8.35951E-3 8.65747E-3 8.13887E-3 7.79942E-3 8.12364E-3 7.86229E-3 7.79382E-3 7.68642E-3 7.80614E-3 7.92382E-3 8.31959E-3 8.29091E-3 8.04966E-3 8.7927E-3 8.90544E-3 9.54571E-3 1.10723E-2 1.03603E-2 1.06713E-2 1.05366E-2 9.38374E-3 9.95651E-3 1.11679E-2 -9999 -9999 -9999 -9999 -9999 -9999 -9999 -9999 -9999 -9999 -9999 -9999 -9999 -9999 -9999 -9999 7.96362E-2
8.9026E-3 9.57983E-3 9.53241E-3 9.28898E-3 1.02635E-2 1.01274E-2 1.11088E-2 1.0013E-2 1.00385E-2 8.24723E-3 7.86702E-3 7.72837E-3 7.96114E-3 8.17863E-3 8.20177E-3 8.66059E-3 9.24861E-3 9.54486E-3 9.26585E-3 9.29777E-3 8.70681E-3 8.55368E-3 8.80045E-3 8.72317E-3 8.55126E-3 8.57003E-3 7.86277E-3 8.15948E-3 8.29651E-3 8.61095E-3 9.32599E-3 9.30139E-3 9.28526E-3 9.79104E-3 9.77315E-3 9.69829E-3 9.86724E-3 9.97817E-3 1.06683E-2 1.10049E-2 1.09879E-2 9.93932E-3 1.11313E-2 -9999 -9999 -9999 -9999 -9999 -9999 -9999 -9999 -9999 -9999 -9999 -9999 -9999 -9999 1.53063E-2 -9999 -9999 2.42004E-1
1.02905E-2 1.0523E-2 9.43885E-3 9.75278E-3 8.49854E-3 8.01411E-3 8.55043E-3 9.11639E-3 8.74062E-3 8.26037E-3 8.86737E-3 8.29574E-3 8.053E-3 8.11834E-3 8.80566E-3 9.02848E-3 9.13025E-3 9.15125E-3 9.68145E-3 9.5317E-3 9.24587E-3 9.41197E-3 9.92287E-3 1.08534E-2 1.00717E-2 9.41702E-3 9.05568E-3 9.09866E-3 9.18965E-3 9.20031E-3 9.40372E-3 9.66804E-3 9.97603E-3 1.04338E-2 1.04015E-2 1.05189E-2 1.06684E-2 1.11472E-2 1.16957E-2 1.19085E-2 1.22338E-2 1.1729E-2 1.18241E-2 1.30621E-2 -9999 -9999 -9999 -9999 -9999 -9999 -9999 -9999 -9999 -9999 -9999 3.11653E-2 3.56047E-2 3.90981E-2 -9999 -9999 -9999
9.99311E-3 1.03097E-2 1.09666E-2 1.06232E-2 8.50298E-3 9.6237E-3 9.64614E-3 9.25156E-3 9.11627E-3 9.00769E-3 9.13168E-3 8.80068E-3 9.03414E-3 9.04451E-3 8.77363E-3 8.80623E-3 9.29851E-3 9.9126E-3 9.89759E-3 9.8168E-3 1.01309E-2 1.00792E-2 1.13729E-2 1.17583E-2 1.01531E-2 1.03777E-2 9.91102E-3 9.94482E-3 1.01241E-2 9.8101E-3 9.2363E-3 9.7301E-3 9.9151E-3 1.05151E-2 1.05152E-2 1.09633E-2 1.17214E-2 1.33043E-2 1.19883E-2 1.27319E-2 1.32588E-2 1.3486E-2 1.25059E-2 2.05619E-2 -9999 1.39392E-2 1.35903E-2 1.37151E-2 1.48339E-2 1.52694E-2 -9999 -9999 -9999 -9999 -9999 3.39839E-2 8.26916E-2 1.97585E-1 2.35427E-1 -9999 -9999
1.21045E-2 1.29718E-2 1.21609E-2 1.3456E-2 1.07947E-2 1.08186E-2 1.12661E-2 1.10592E-2 1.08112E-2 1.10822E-2 1.13862E-2 1.27206E-2 1.08668E-2 9.58165E-3 9.34697E-3 9.46769E-3 9.57569E-3 9.62087E-3 1.04611E-2 1.0829E-2 1.06299E-2 1.035E-2 1.09211E-2 1.10794E-2 1.14516E-2 1.01746E-2 1.05587E-2 1.02223E-2 1.03257E-2 1.06808E-2 1.02912E-2 1.07177E-2 1.06721E-2 1.13621E-2 1.12988E-2 1.11403E-2 1.20085E-2 1.16827E-2 1.22851E-2 1.26075E-2 1.33709E-2 1.47366E-2 1.78908E-2 2.31265E-2 1.31227E-2 1.20894E-2 1.27165E-2 1.2097E-2 1.31086E-2 1.31675E-2 1.53579E-2 7.35703E-2 -9999 -9999 -9999 -9999 4.39135E-2 3.7118E-2 -9999 -9999 -9999
2.09432E-2 1.9735E-2 1.36272E-2 1.27399E-2 1.36646E-2 1.1901E-2 1.32716E-2 1.28324E-2 1.42668E-2 1.36205E-2 1.25205E-2 1.83096E-2 1.37404E-2 1.10359E-2 1.05396E-2 1.04007E-2 1.03877E-2 1.04623E-2 1.08695E-2 1.13233E-2 1.13578E-2 1.12434E-2 1.06495E-2 1.06349E-2 1.11375E-2 1.12355E-2 1.09421E-2 1.10319E-2 1.0579E-2 1.07326E-2 1.12337E-2 1.2067E-2 1.25448E-2 1.22554E-2 1.20515E-2 1.22819E-2 1.26269E-2 1.18382E-2 1.24734E-2 1.25236E-2 1.3646E-2 1.53469E-2 1.72462E-2 1.86712E-2 1.67658E-2 1.64621E-2 1.70724E-2 1.78774E-2 1.85502E-2 1.80183E-2 1.60302E-2 1.76499E-2 -9999 -9999 -9999 -9999 -9999 -9999 -9999 -9999 -9999
1.40672E-2 1.30536E-2 1.36179E-2 1.43204E-2 1.49838E-2 1.22062E-2 1.16537E-2 1.25925E-2 1.25869E-2 1.22917E-2 1.32112E-2 1.33753E-2 1.17986E-2 1.10549E-2 1.07532E-2 1.06842E-2 1.06814E-2 1.12223E-2 1.17246E-2 1.15686E-2 1.17165E-2 1.16534E-2 1.13671E-2 1.1426E-2 1.21143E-2 1.16442E-2 1.16468E-2 1.17661E-2 1.20129E-2 1.18817E-2 1.14593E-2 1.18968E-2 1.28909E-2 1.31078E-2 1.33591E-2 1.40022E-2 1.41175E-2 1.22575E-2 1.28702E-2 1.30526E-2 1.34709E-2 1.45391E-2 1.50354E-2 1.70982E-2 2.14086E-2 -9999 -9999 -9999 2.21896E-2 2.17457E-2 2.00398E-2 1.96479E-2 -9999 -9999 -9999 -9999 -9999 -9999 -9999 -9999 1.25815E-1
1.33928E-2 1.24914E-2 1.20936E-2 1.20138E-2 1.15913E-2 1.19364E-2 1.31997E-2 1.43539E-2 1.71153E-2 1.44618E-2 1.46512E-2 1.38127E-2 1.30754E-2 1.12116E-2 1.14524E-2 1.24528E-2 1.16054E-2 1.20765E-2 1.20524E-2 1.24166E-2 1.25365E-2 1.28899E-2 1.21645E-2 1.25232E-2 1.1817E-2 1.23611E-2 1.19272E-2 1.19663E-2 1.30856E-2 1.35581E-2 1.39818E-2 1.37511E-2 1.34521E-2 1.3426E-2 1.41235E-2 1.53115E-2 1.62532E-2 1.50818E-2 1.51563E-2 1.46919E-2 1.42406E-2 1.43717E-2 1.41114E-2 1.47212E-2 1.5584E-2 1.72717E-2 2.11709E-2 -9999 -9999 -9999 -9999 -9999 -9999 -9999 -9999 -9999 -9999 -9999 4.21775E-2 -9999 1.2654E-1
1.37387E-2 1.44184E-2 1.42477E-2 1.44612E-2 1.32507E-2 1.34195E-2 1.27964E-2 1.40582E-2 1.37427E-2 1.43427E-2 1.35271E-2 1.3632E-2 1.25767E-2 1.21484E-2 1.17834E-2 1.29045E-2 1.39876E-2 1.41161E-2 1.34604E-2 1.36019E-2 1.30475E-2 1.30567E-2 1.28987E-2 1.23289E-2 1.57852E-2 1.30462E-2 1.2613E-2 1.33262E-2 1.37739E-2 1.42106E-2 1.48776E-2 1.51078E-2 1.55607E-2 1.49438E-2 1.54372E-2 1.727E-2 1.79436E-2 1.7517E-2 1.77586E-2 1.71759E-2 1.60841E-2 1.71554E-2 1.75131E-2 1.57606E-2 1.62069E-2 1.75537E-2 2.01982E-2 -9999 -9999 -9999 -9999 -9999 -9999 -9999 -9999 -9999 -9999 -9999 -9999 -9999 -9999
1.50225E-2 1.5814E-2 1.54908E-2 1.62505E-2 1.54972E-2 1.78392E-2 1.68683E-2 1.68163E-2 2.167E-2 1.62223E-2 1.60881E-2 1.59635E-2 1.44673E-2 1.3727E-2 1.31475E-2 1.3709E-2 1.3603E-2 1.39111E-2 1.44115E-2 1.40517E-2 1.36839E-2 1.39486E-2 1.38096E-2 1.33879E-2 2.00986E-2 1.78274E-2 1.34712E-2 1.32493E-2 1.4672E-2 1.5768E-2 1.58626E-2 1.57362E-2 1.55022E-2 1.56586E-2 1.80122E-2 1.81988E-2 1.819E-2 2.06569E-2 1.95888E-2 1.99083E-2 2.17508E-2 2.22166E-2 2.01221E-2 1.669E-2 1.79735E-2 1.87895E-2 2.16142E-2 7.19652E-2 -9999 -9999 -9999 -9999 -9999 -9999 -9999 -9999 -9999 -9999 3.3884E-2 4.9683E-2 -9999
1.83777E-2 1.72498E-2 1.57162E-2 1.61604E-2 1.74861E-2 1.90754E-2 1.72313E-2 1.59336E-2 1.54157E-2 1.49317E-2 1.49654E-2 1.51071E-2 1.6026E-2 1.54069E-2 1.49801E-2 1.49574E-2 1.46058E-2 1.48532E-2 1.52227E-2 1.48295E-2 1.42822E-2 1.3991E-2 1.46705E-2 1.44297E-2 1.48763E-2 1.48536E-2 1.55317E-2 1.5583E-2 1.6433E-2 1.59571E-2 1.532E-2 1.48375E-2 1.50998E-2 1.71574E-2 1.78229E-2 2.09825E-2 2.15282E-2 2.20238E-2 2.07949E-2 2.35674E-2 2.26523E-2 2.02034E-2 2.05492E-2 1.80993E-2 1.84489E-2 2.02927E-2 1.92623E-2 2.16502E-2 2.29506E-2 2.5823E-2 2.93351E-2 -9999 -9999 -9999 -9999 -9999 -9999 -9999 5.02592E-2 4.69717E-2 4.88179E-2
1.78041E-2 1.75628E-2 1.7155E-2 1.84162E-2 1.9173E-2 1.62636E-2 1.82887E-2 1.66298E-2 1.55274E-2 1.51657E-2 1.42834E-2 1.44944E-2 1.50734E-2 1.53601E-2 1.59439E-2 1.68384E-2 1.60016E-2 1.62717E-2 1.65306E-2 1.63716E-2 1.63275E-2 1.56168E-2 1.53415E-2 1.62487E-2 1.75275E-2 1.70174E-2 1.73498E-2 1.73837E-2 1.68988E-2 1.67654E-2 1.65801E-2 1.58977E-2 1.63325E-2 1.77258E-2 1.89251E-2 2.06364E-2 2.28427E-2 2.19934E-2 2.19687E-2 2.30819E-2 2.29335E-2 2.1846E-2 2.32427E-2 2.11686E-2 2.14169E-2 2.29676E-2 2.27991E-2 2.50224E-2 2.48776E-2 2.69301E-2 2.72704E-2 2.85258E-2 -9999 -9999 -9999 -9999 -9999 -9999 5.1523E-2 4.0964E-2 5.53697E-2
2.07613E-2 1.87786E-2 1.99813E-2 1.85713E-2 1.93345E-2 1.83108E-2 1.74308E-2 1.77975E-2 1.61473E-2 1.61836E-2 1.52453E-2 1.49136E-2 1.60845E-2 1.66011E-2 1.69086E-2 1.71346E-2 1.80542E-2 1.82307E-2 1.82552E-2 1.82132E-2 1.81223E-2 1.84594E-2 1.76752E-2 1.84205E-2 1.84158E-2 1.77585E-2 1.71791E-2 1.76843E-2 1.93125E-2 1.9352E-2 2.04031E-2 1.91496E-2 1.8191E-2 1.93793E-2 2.11972E-2 2.17379E-2 2.21486E-2 2.34373E-2 2.31813E-2 2.38941E-2 2.35078E-2 2.31946E-2 2.44573E-2 2.32144E-2 2.57248E-2 2.64756E-2 2.66734E-2 2.58792E-2 2.69446E-2 3.07086E-2 2.66615E-2 2.60687E-2 2.95696E-2 -9999 -9999 -9999 -9999 -9999 -9999 -9999 4.442E-2
2.00065E-2 2.08531E-2 2.2202E-2 2.26321E-2 2.44852E-2 2.08554E-2 1.94841E-2 2.04117E-2 2.13727E-2 1.98618E-2 1.72552E-2 1.71311E-2 1.76526E-2 1.76789E-2 1.76363E-2 1.92892E-2 2.07494E-2 1.99138E-2 2.00472E-2 2.04321E-2 2.0337E-2 2.03207E-2 2.26894E-2 2.09567E-2 1.99398E-2 2.05475E-2 1.88712E-2 1.91524E-2 1.95194E-2 2.13344E-2 2.21551E-2 2.29105E-2 2.30745E-2 2.12851E-2 2.24873E-2 2.43234E-2 2.41875E-2 2.40811E-2 2.42546E-2 2.47537E-2 2.39365E-2 2.64973E-2 2.78034E-2 2.70701E-2 2.68427E-2 2.86062E-2 2.99731E-2 3.01369E-2 3.17447E-2 3.37449E-2 3.09146E-2 3.09052E-2 3.55549E-2 4.26444E-2 -9999 -9999 -9999 -9999 7.27946E-2 7.02066E-2 7.41184E-2
2.23684E-2 2.37466E-2 2.63705E-2 2.34633E-2 2.35669E-2 2.54358E-2 2.31802E-2 2.16583E-2 2.4574E-2 2.39968E-2 1.99333E-2 2.04831E-2 2.35181E-2 2.58781E-2 2.26109E-2 2.31194E-2 2.30745E-2 2.31177E-2 2.266E-2 2.25419E-2 2.15568E-2 2.13901E-2 2.72637E-2 2.24657E-2 2.18807E-2 2.16684E-2 2.05106E-2 2.16167E-2 2.31952E-2 2.43645E-2 2.64728E-2 2.65371E-2 2.59402E-2 2.62449E-2 2.53787E-2 2.53482E-2 2.42219E-2 2.53957E-2 2.85525E-2 2.72324E-2 2.79289E-2 2.7771E-2 2.89319E-2 2.83297E-2 2.80254E-2 2.95779E-2 2.75256E-2 2.85954E-2 3.19891E-2 3.19597E-2 3.5646E-2 3.95126E-2 4.11375E-2 4.53028E-2 -9999 -9999 -9999 6.56146E-2 7.06389E-2 8.08987E-2 9.3865E-2
2.66311E-2 2.90576E-2 2.79986E-2 2.67956E-2 2.80445E-2 2.5273E-2 2.78698E-2 2.91813E-2 2.6602E-2 2.78722E-2 2.93888E-2 3.16311E-2 2.93732E-2 2.86358E-2 2.7364E-2 2.54574E-2 2.51873E-2 2.61567E-2 2.60527E-2 2.65794E-2 2.46568E-2 2.45182E-2 2.45986E-2 2.264E-2 2.25668E-2 2.4781E-2 2.36717E-2 2.31172E-2 2.38502E-2 2.62188E-2 2.80071E-2 2.87021E-2 2.74464E-2 2.69803E-2 2.771E-2 2.82366E-2 2.69528E-2 2.75139E-2 3.01069E-2 2.86032E-2 3.25243E-2 3.10951E-2 2.93154E-2 2.8658E-2 2.71682E-2 2.75201E-2 2.90392E-2 3.13401E-2 3.23438E-2 3.49256E-2 4.01559E-2 4.4583E-2 5.3707E-2 4.7775E-2 4.43878E-2 5.15044E-2 6.14577E-2 6.69761E-2 7.69736E-2 9.20107E-2 9.67424E-2
2.88346E-2 2.7835E-2 2.96362E-2 3.25539E-2 2.88699E-2 2.91269E-2 3.1119E-2 3.15242E-2 3.21991E-2 3.08357E-2 2.9436E-2 2.96523E-2 2.81939E-2 2.63776E-2 2.81341E-2 2.81199E-2 2.73643E-2 2.79569E-2 2.7554E-2 2.8023E-2 2.73319E-2 2.67022E-2 2.68603E-2 2.57107E-2 2.5857E-2 2.49602E-2 2.60585E-2 2.66624E-2 3.05277E-2 2.9034E-2 2.88992E-2 2.88548E-2 2.86759E-2 3.02189E-2 2.96066E-2 3.19209E-2 3.16193E-2 3.26193E-2 3.50066E-2 3.44023E-2 3.12147E-2 2.99726E-2 2.96249E-2 3.11664E-2 3.06448E-2 3.38912E-2 3.70899E-2 3.67529E-2 3.84136E-2 4.33907E-2 5.04452E-2 5.16427E-2 4.80851E-2 4.42039E-2 4.42454E-2 5.36069E-2 6.50733E-2 7.56097E-2 8.25105E-2 9.66344E-2 1.06587E-1
3.70914E-2 3.6733E-2 3.66127E-2 3.55286E-2 3.6279E-2 3.58371E-2 3.29838E-2 3.28406E-2 3.66706E-2 3.46991E-2 3.33002E-2 2.98474E-2 3.37454E-2 3.19885E-2 2.78468E-2 2.8838E-2 3.12666E-2 3.40502E-2 3.6047E-2 3.2448E-2 3.17542E-2 3.13676E-2 3.09335E-2 3.00588E-2 3.14679E-2 3.38683E-2 3.21253E-2 3.05008E-2 3.63831E-2 3.22506E-2 2.97801E-2 3.42038E-2 3.23094E-2 3.88877E-2 3.08199E-2 3.06061E-2 3.14656E-2 3.21712E-2 3.25325E-2 3.13304E-2 3.22662E-2 3.493E-2 3.47333E-2 3.50319E-2 3.77413E-2 3.89879E-2 3.88307E-2 4.4627E-2 4.75671E-2 4.81368E-2 4.85666E-2 5.10804E-2 5.06744E-2 5.40266E-2 5.83327E-2 6.42873E-2 6.99368E-2 8.01012E-2 8.74258E-2 8.87138E-2 9.3822E-2
4.39056E-2 4.63778E-2 3.66483E-2 3.71648E-2 4.07156E-2 3.78652E-2 4.58109E-2 3.98908E-2 3.66159E-2 3.44387E-2 3.3771E-2 3.04933E-2 3.51403E-2 4.31476E-2 3.59015E-2 3.51172E-2 3.82787E-2 3.29808E-2 4.218E-2 4.56201E-2 4.24173E-2 3.58479E-2 3.49964E-2 3.47024E-2 3.69711E-2 3.76027E-2 3.8055E-2 3.70646E-2 3.69648E-2 3.75809E-2 3.5474E-2 3.50672E-2 3.41576E-2 3.48363E-2 3.33558E-2 3.07797E-2 2.92388E-2 2.96319E-2 2.99106E-2 3.32112E-2 3.68335E-2 3.91996E-2 3.84949E-2 4.04147E-2 4.26277E-2 4.42533E-2 4.51551E-2 4.94154E-2 4.97468E-2 4.96584E-2 5.06525E-2 5.02417E-2 5.07847E-2 5.2607E-2 5.56224E-2 6.41019E-2 6.79971E-2 7.52391E-2 8.02115E-2 8.82306E-2 9.29643E-2
4.20419E-2 4.10366E-2 4.03256E-2 4.06014E-2 4.05906E-2 4.07889E-2 4.41449E-2 4.0637E-2 3.89067E-2 3.73877E-2 4.09546E-2 4.6698E-2 3.5319E-2 3.70362E-2 3.63449E-2 3.7903E-2 4.23967E-2 3.75965E-2 3.87702E-2 4.28376E-2 4.11422E-2 3.92773E-2 3.83475E-2 4.02785E-2 3.8602E-2 3.58436E-2 3.54372E-2 3.80892E-2 4.67007E-2 4.26905E-2 4.09175E-2 3.87744E-2 3.48124E-2 3.45667E-2 3.35871E-2 2.98688E-2 3.06504E-2 3.29586E-2 3.31425E-2 3.71302E-2 4.46671E-2 4.59157E-2 4.38638E-2 4.75458E-2 5.05851E-2 5.02689E-2 5.59688E-2 5.80411E-2 5.72282E-2 5.54799E-2 5.37696E-2 5.14644E-2 4.66431E-2 4.48154E-2 4.71555E-2 5.25149E-2 5.7532E-2 6.28056E-2 7.16344E-2 8.35806E-2 9.16269E-2
4.71457E-2 5.37692E-2 4.63929E-2 4.30498E-2 4.19212E-2 4.35826E-2 4.13817E-2 4.26816E-2 4.09294E-2 4.04326E-2 4.10399E-2 4.76941E-2 4.92835E-2 4.77917E-2 4.76E-2 4.66694E-2 4.27804E-2 4.31255E-2 3.78215E-2 4.20893E-2 4.47997E-2 4.51059E-2 4.18815E-2 4.10627E-2 4.12791E-2 4.23617E-2 4.14341E-2 4.45251E-2 4.94936E-2 5.14221E-2 4.44324E-2 4.02998E-2 4.09245E-2 3.98719E-2 3.74754E-2 3.66829E-2 3.76942E-2 3.83158E-2 4.09008E-2 4.87541E-2 5.43914E-2 5.14891E-2 5.41103E-2 5.39853E-2 5.44513E-2 5.97063E-2 6.12953E-2 5.99465E-2 5.52425E-2 5.35186E-2 5.0442E-2 4.56501E-2 4.54583E-2 5.08377E-2 7.34133E-2 5.66811E-2 5.74066E-2 5.82981E-2 6.45881E-2 7.14001E-2 7.81006E-2
4.96662E-2 5.29504E-2 5.69485E-2 7.54138E-2 9.39584E-2 8.42887E-2 6.37527E-2 4.69514E-2 4.55198E-2 4.04941E-2 3.88648E-2 4.21595E-2 4.22105E-2 4.05336E-2 5.17694E-2 5.11682E-2 5.70192E-2 4.63153E-2 4.64125E-2 4.15554E-2 4.74637E-2 5.36103E-2 5.42246E-2 5.21981E-2 5.10029E-2 5.16451E-2 5.27812E-2 5.44244E-2 5.08629E-2 5.27434E-2 5.44538E-2 5.22233E-2 4.81893E-2 4.41599E-2 4.41821E-2 4.43334E-2 5.10247E-2 4.75884E-2 4.96941E-2 5.37768E-2 6.08791E-2 6.03454E-2 5.83632E-2 6.71478E-2 5.89908E-2 6.10826E-2 7.1067E-2 5.98582E-2 5.2079E-2 4.84605E-2 4.92743E-2 4.5428E-2 5.40345E-2 5.91234E-2 6.75938E-2 5.66271E-2 5.95707E-2 6.67783E-2 6.91842E-2 6.70221E-2 7.07001E-2
6.3329E-2 7.00644E-2 9.99374E-2 1.24745E-1 1.19365E-1 1.19014E-1 1.17391E-1 7.14538E-2 4.92527E-2 4.62356E-2 4.36963E-2 6.46271E-2 4.24921E-2 4.51545E-2 5.71214E-2 4.48776E-2 5.15298E-2 4.33229E-2 5.14752E-2 5.03585E-2 4.64377E-2 5.81208E-2 6.27676E-2 7.00214E-2 6.75954E-2 6.3669E-2 5.55664E-2 5.57157E-2 6.10072E-2 5.87738E-2 6.31804E-2 6.73433E-2 5.31525E-2 4.84273E-2 4.95004E-2 4.85281E-2 6.09156E-2 6.56698E-2 6.53699E-2 6.32375E-2 6.68897E-2 7.29136E-2 7.40799E-2 7.88345E-2 6.80481E-2 6.64629E-2 6.42731E-2 5.50251E-2 5.37684E-2 4.97807E-2 5.1108E-2 5.16045E-2 5.48736E-2 4.8967E-2 5.28165E-2 5.23231E-2 5.79979E-2 6.55784E-2 6.69058E-2 6.8221E-2 7.35168E-2
7.98555E-2 8.18041E-2 1.52339E-1 1.73047E-1 1.78622E-1 1.57133E-1 1.5137E-1 1.8358E-1 7.00642E-2 4.88498E-2 6.72375E-2 7.8882E-2 5.48855E-2 5.06724E-2 5.37746E-2 5.38402E-2 5.00166E-2 5.56951E-2 9.92494E-2 7.16034E-2 6.0987E-2 5.9436E-2 6.49783E-2 6.45574E-2 6.55707E-2 6.13988E-2 6.58147E-2 7.09507E-2 7.42435E-2 7.61288E-2 6.50018E-2 7.14453E-2 6.39151E-2 5.25719E-2 5.51578E-2 5.70573E-2 5.73555E-2 5.73146E-2 6.39452E-2 6.10611E-2 6.83581E-2 6.46884E-2 7.14548E-2 7.97322E-2 6.77834E-2 6.23587E-2 7.27547E-2 6.78476E-2 5.93784E-2 5.91775E-2 5.53081E-2 5.44563E-2 5.46176E-2 5.65768E-2 5.49421E-2 5.84016E-2 5.79773E-2 6.90603E-2 7.54013E-2 7.13591E-2 7.02096E-2
8.16285E-2 1.18372E-1 2.18098E-1 1.81432E-1 1.72314E-1 1.57094E-1 1.4541E-1 1.79097E-1 8.03784E-2 6.27266E-2 7.29393E-2 6.05199E-2 6.63126E-2 5.98967E-2 6.97926E-2 5.59659E-2 7.98312E-2 4.63117E-2 6.2838E-2 1.05482E-1 7.87847E-2 7.23674E-2 7.47562E-2 8.09647E-2 7.18885E-2 6.56245E-2 6.14557E-2 5.93091E-2 6.37477E-2 6.09914E-2 6.92229E-2 7.05541E-2 6.69935E-2 5.84062E-2 5.87587E-2 6.26042E-2 5.35579E-2 4.97107E-2 5.45046E-2 6.2564E-2 6.2871E-2 7.1626E-2 7.50721E-2 7.45123E-2 6.333E-2 5.58894E-2 5.94457E-2 6.11491E-2 5.79437E-2 6.32919E-2 6.62822E-2 6.37686E-2 6.53115E-2 5.75367E-2 6.41982E-2 6.47316E-2 6.2337E-2 6.86469E-2 7.00632E-2 7.15974E-2 6.87681E-2
7.61337E-2 9.24852E-2 1.90385E-1 2.22202E-1 2.19327E-1 2.20841E-1 2.07761E-1 1.31305E-1 5.95135E-2 5.15523E-2 4.93575E-2 4.98763E-2 5.04751E-2 6.37113E-2 8.88406E-2 1.27227E-1 9.18856E-2 9.01293E-2 6.36151E-2 7.21634E-2 6.64688E-2 7.98743E-2 8.3881E-2 7.56605E-2 6.14639E-2 5.96163E-2 6.39281E-2 6.37096E-2 7.55176E-2 6.27415E-2 6.81904E-2 6.46652E-2 6.7241E-2 6.78493E-2 6.58749E-2 6.19414E-2 5.96625E-2 5.96298E-2 6.38814E-2 6.67957E-2 6.92093E-2 7.78632E-2 8.28751E-2 7.17482E-2 5.89269E-2 6.5437E-2 6.60648E-2 7.92209E-2 6.95657E-2 7.19508E-2 7.6308E-2 7.44702E-2 5.57272E-2 6.39788E-2 6.91263E-2 6.82993E-2 6.99639E-2 6.6073E-2 6.29549E-2 6.84319E-2 7.02175E-2
