data/maxent/outputs/white_27.asc
ncols         426
nrows         180
xllcorner     -130.0
yllcorner     24.0
cellsize      0.16666666666666666
NODATA_value  -9999
[rows 54 to 80 of 180, columns 244 to 304 of 426]
9.15119E-4 8.12092E-4 8.22358E-4 9.9685E-4 1.2714E-3 1.25458E-3 1.38226E-3 1.64096E-3 2.03249E-3 5.38829E-3 6.7124E-3 5.31678E-3 3.15585E-3 1.56653E-2 1.97066E-2 2.15927E-2 2.29465E-2 2.37081E-2 2.15219E-2 1.89338E-2 1.24479E-2 8.10391E-3 8.12454E-3 7.79017E-3 5.98859E-3 2.33395E-3 1.34345E-3 1.35202E-3 1.09161E-3 1.03074E-3 1.33163E-3 1.61567E-3 1.83983E-3 2.09545E-3 2.51154E-3 5.02432E-3 1.67672E-2 1.96563E-2 2.18348E-2 2.51896E-2 2.81976E-2 2.78458E-2 2.79382E-2 2.64537E-2 2.32986E-2 1.94982E-2 1.61259E-2 2.06111E-2 1.33915E-2 1.50852E-2 1.57352E-2 1.2794E-2 1.21331E-2 1.10644E-2 1.224E-2 1.21726E-2 1.05459E-2 7.63928E-3 5.36072E-3 5.91E-3 3.85818E-3
1.25098E-3 9.78915E-4 1.12757E-3 1.52395E-3 1.98374E-3 1.89027E-3 1.79539E-3 2.05989E-3 4.30035E-3 6.979E-3 3.12363E-3 2.67495E-3 1.10085E-2 1.98847E-2 2.21241E-2 2.44452E-2 2.63718E-2 2.67206E-2 2.60978E-2 1.36249E-2 6.84335E-3 5.80484E-3 5.90214E-3 4.9354E-3 3.1814E-3 1.74166E-3 1.46451E-3 1.20479E-3 9.33592E-4 9.23297E-4 9.82225E-4 1.19011E-3 1.44392E-3 1.95317E-3 3.43338E-3 3.05478E-3 1.0755E-2 2.10909E-2 2.5642E-2 2.73462E-2 2.91425E-2 2.98229E-2 3.09432E-2 2.94883E-2 2.71008E-2 2.3402E-2 1.7565E-2 1.49452E-2 1.70572E-2 1.18428E-2 1.80063E-2 1.64704E-2 1.51224E-2 1.41075E-2 1.50352E-2 1.40131E-2 8.97678E-3 8.4651E-3 5.15079E-3 5.85881E-3 5.29589E-3
1.75527E-3 1.59485E-3 1.78666E-3 2.09164E-3 2.1005E-3 1.95431E-3 2.24662E-3 3.51725E-3 4.71185E-3 2.9814E-3 2.95172E-3 6.43148E-3 1.98025E-2 2.23237E-2 2.44545E-2 2.61201E-2 2.96651E-2 3.12681E-2 2.29969E-2 7.95586E-3 6.06407E-3 4.68597E-3 2.87213E-3 2.78799E-3 2.08524E-3 1.83808E-3 1.40996E-3 1.39384E-3 1.10232E-3 1.07589E-3 9.43326E-4 1.07937E-3 1.57266E-3 2.14238E-3 2.50582E-3 3.0208E-3 1.50267E-2 2.20685E-2 2.64307E-2 3.10762E-2 3.14308E-2 3.09496E-2 3.14295E-2 3.15053E-2 2.78821E-2 2.28265E-2 1.79426E-2 1.68636E-2 1.46477E-2 8.52488E-3 9.71688E-3 7.35941E-3 9.76206E-3 2.33597E-2 2.28754E-2 2.31726E-2 8.56208E-3 6.44971E-3 5.69319E-3 1.15777E-2 1.40591E-2
2.28801E-3 2.42533E-3 2.51742E-3 2.80702E-3 2.92383E-3 2.6986E-3 2.67721E-3 3.42431E-3 3.05081E-3 2.87624E-3 2.86998E-3 1.53072E-2 2.39036E-2 2.51461E-2 2.68462E-2 2.79754E-2 3.11759E-2 3.25089E-2 1.93875E-2 5.83924E-3 4.89664E-3 4.05556E-3 3.78055E-3 2.28152E-3 1.85762E-3 1.5883E-3 1.3554E-3 2.36525E-3 1.34861E-3 1.13361E-3 1.08081E-3 1.2063E-3 1.64286E-3 2.19297E-3 3.09405E-3 4.1258E-3 1.70761E-2 2.38155E-2 2.68997E-2 3.13668E-2 3.20686E-2 3.49335E-2 3.29826E-2 3.11053E-2 2.85505E-2 2.35446E-2 1.88108E-2 1.48309E-2 7.01801E-3 5.45787E-3 5.7509E-3 6.12951E-3 5.76219E-3 6.80358E-3 1.15707E-2 1.19731E-2 8.91837E-3 7.79097E-3 9.26416E-3 1.45646E-2 1.83271E-2
2.57977E-3 2.87972E-3 2.97128E-3 3.03647E-3 3.46035E-3 4.61588E-3 3.81294E-3 3.05465E-3 2.90005E-3 3.2631E-3 3.20966E-3 1.92878E-2 2.59718E-2 2.80717E-2 2.93698E-2 3.09284E-2 3.39456E-2 3.02296E-2 1.06832E-2 6.81377E-3 5.58385E-3 4.35533E-3 2.80606E-3 2.05498E-3 1.6474E-3 1.23324E-3 1.45382E-3 1.78734E-3 1.51068E-3 1.37117E-3 1.3493E-3 1.40005E-3 1.56998E-3 2.04884E-3 4.05682E-3 1.50876E-2 2.52948E-2 2.29972E-2 2.55992E-2 2.82554E-2 3.27872E-2 3.53424E-2 3.41269E-2 3.02967E-2 2.64107E-2 2.10365E-2 2.00157E-2 6.1905E-3 5.75109E-3 5.41799E-3 7.4183E-3 8.57285E-3 5.64055E-3 5.05977E-3 8.05684E-3 1.11089E-2 9.26945E-3 7.18627E-3 8.45838E-3 1.13879E-2 8.18115E-3
2.72126E-3 2.82952E-3 4.02589E-3 5.24986E-3 4.934E-3 8.77872E-3 3.96684E-3 3.50277E-3 3.50636E-3 3.78917E-3 1.033E-2 2.41963E-2 2.83084E-2 3.07726E-2 3.30833E-2 3.58338E-2 3.37984E-2 1.73116E-2 6.7601E-3 6.07166E-3 5.19802E-3 3.72398E-3 3.04038E-3 2.02916E-3 1.7801E-3 1.47939E-3 1.60544E-3 1.81316E-3 1.6736E-3 1.75851E-3 1.66027E-3 1.79988E-3 2.05917E-3 3.37642E-3 1.10279E-2 2.58861E-2 2.55501E-2 2.58193E-2 2.91651E-2 4.10229E-2 3.35069E-2 3.60536E-2 3.64309E-2 3.09029E-2 2.35677E-2 3.06191E-2 1.02932E-2 6.05526E-3 5.50003E-3 7.15392E-3 8.75697E-3 8.46414E-3 6.64644E-3 5.25792E-3 4.17768E-3 5.9129E-3 7.906E-3 6.66247E-3 6.61416E-3 6.90409E-3 6.6443E-3
2.64509E-3 2.71344E-3 3.84076E-3 3.82453E-3 4.30926E-3 7.44037E-3 3.92257E-3 3.64057E-3 4.03158E-3 5.22895E-3 2.47668E-2 2.72077E-2 3.03057E-2 3.35076E-2 3.60629E-2 3.9238E-2 3.79575E-2 1.63504E-2 7.15633E-3 6.65769E-3 5.37671E-3 4.17094E-3 2.90606E-3 2.46493E-3 2.38424E-3 2.43746E-3 2.41037E-3 1.99793E-3 2.02916E-3 2.39287E-3 2.67667E-3 2.58724E-3 4.01325E-3 1.99351E-2 2.23421E-2 1.94861E-2 7.23556E-3 6.60684E-3 8.86826E-3 1.56312E-2 4.31279E-2 3.69797E-2 3.80798E-2 3.34768E-2 2.79329E-2 3.53201E-2 1.10345E-2 6.18467E-3 5.90076E-3 7.34858E-3 9.31679E-3 8.14988E-3 5.49361E-3 4.39027E-3 3.29216E-3 5.41352E-3 7.64397E-3 7.92568E-3 7.84691E-3 1.01862E-2 9.59834E-3
3.63004E-3 3.9572E-3 3.41777E-3 3.31316E-3 3.2865E-3 3.97779E-3 3.18049E-3 3.613E-3 4.4443E-3 5.07549E-3 2.73504E-2 3.05896E-2 3.42043E-2 3.68111E-2 3.90343E-2 4.31135E-2 3.9374E-2 1.46257E-2 7.21313E-3 6.01328E-3 6.0816E-3 4.33827E-3 3.42447E-3 2.87152E-3 3.05377E-3 2.34177E-3 2.32165E-3 2.25059E-3 2.50852E-3 3.26781E-3 3.77862E-3 3.54151E-3 8.00251E-3 2.59125E-2 2.01422E-2 5.6379E-3 4.48457E-3 5.79874E-3 7.29416E-3 1.02734E-2 4.30956E-2 3.64782E-2 4.23076E-2 4.00854E-2 3.31891E-2 4.2993E-2 1.40405E-2 6.21701E-3 6.36669E-3 8.3749E-3 9.68875E-3 7.50795E-3 5.51943E-3 4.9726E-3 4.38727E-3 6.00204E-3 9.9141E-3 1.20896E-2 1.72523E-2 2.3872E-2 2.3627E-2
3.09021E-3 3.0529E-3 3.52744E-3 3.21574E-3 3.69693E-3 2.94158E-3 3.09867E-3 3.45522E-3 4.31063E-3 1.08925E-2 3.00427E-2 3.51316E-2 3.84744E-2 4.03484E-2 4.26573E-2 4.75456E-2 3.54135E-2 1.08728E-2 7.08269E-3 6.24321E-3 6.00649E-3 4.8287E-3 4.61478E-3 3.41682E-3 3.03679E-3 2.83526E-3 2.91414E-3 3.13358E-3 3.57043E-3 4.58501E-3 4.87804E-3 4.29205E-3 6.01372E-3 6.38538E-3 5.04381E-3 4.37265E-3 4.4226E-3 5.84848E-3 6.93915E-3 8.56124E-3 3.36375E-2 3.7388E-2 4.2913E-2 4.3859E-2 3.959E-2 5.02447E-2 1.74801E-2 8.31283E-3 7.01609E-3 9.57274E-3 8.2063E-3 7.90997E-3 7.89449E-3 7.29989E-3 7.7278E-3 9.05978E-3 1.56751E-2 2.39939E-2 5.39134E-2 8.44819E-2 6.49962E-2
2.63466E-3 2.70403E-3 3.44701E-3 3.09359E-3 3.68137E-3 3.06304E-3 3.73422E-3 3.89154E-3 4.52142E-3 2.8409E-2 3.54814E-2 3.88538E-2 4.22015E-2 4.33E-2 4.55171E-2 4.99616E-2 4.93997E-2 2.56529E-2 1.2921E-2 9.18668E-3 7.08153E-3 6.99944E-3 6.25211E-3 3.59459E-3 3.27424E-3 3.17422E-3 3.4959E-3 3.33301E-3 3.56117E-3 3.40581E-3 4.30843E-3 5.64987E-3 6.54248E-3 4.97734E-3 4.6116E-3 5.22032E-3 5.18633E-3 5.53394E-3 6.06486E-3 7.52012E-3 1.65779E-2 4.49115E-2 4.58258E-2 4.60127E-2 4.3915E-2 6.06841E-2 1.7462E-2 9.69807E-3 8.49067E-3 1.21276E-2 1.20214E-2 9.65407E-3 9.31676E-3 9.59653E-3 9.91058E-3 1.28254E-2 2.25037E-2 8.01413E-2 1.29445E-1 7.48876E-2 5.72824E-2
2.4367E-3 2.5949E-3 3.26521E-3 3.31965E-3 3.3422E-3 3.30707E-3 3.67175E-3 4.23723E-3 5.81325E-3 3.68548E-2 4.0445E-2 4.32558E-2 4.62906E-2 4.69968E-2 4.94755E-2 5.26928E-2 5.74538E-2 4.49339E-2 2.2157E-2 1.17529E-2 7.49249E-3 6.46688E-3 5.96462E-3 5.18394E-3 4.6083E-3 4.14212E-3 4.08068E-3 3.86787E-3 3.90225E-3 4.23702E-3 4.98221E-3 5.37769E-3 5.45701E-3 5.27258E-3 4.76627E-3 4.82748E-3 4.88424E-3 5.43119E-3 5.85401E-3 7.15146E-3 1.31148E-2 4.55595E-2 4.37727E-2 5.56308E-2 5.84521E-2 2.85228E-2 2.08455E-2 1.4882E-2 1.49153E-2 1.81828E-2 1.62766E-2 1.36294E-2 1.19658E-2 9.98988E-3 1.10401E-2 1.59037E-2 3.40927E-2 9.94823E-2 1.91799E-1 1.49434E-1 8.56603E-2
2.90721E-3 2.77809E-3 3.57458E-3 3.55294E-3 3.58833E-3 4.95339E-3 4.55387E-3 6.08813E-3 8.89852E-3 4.17171E-2 4.59224E-2 4.91994E-2 4.99907E-2 5.08915E-2 5.31018E-2 5.55026E-2 5.97582E-2 6.4473E-2 3.74834E-2 1.45356E-2 8.92556E-3 8.27879E-3 9.11581E-3 7.25802E-3 5.99063E-3 5.39545E-3 4.69978E-3 4.87251E-3 4.92462E-3 4.88268E-3 4.8541E-3 5.03E-3 5.23068E-3 6.7134E-3 5.94218E-3 5.98068E-3 6.26254E-3 5.96571E-3 5.81647E-3 7.6749E-3 1.24329E-2 5.07061E-2 6.86935E-2 3.74708E-2 2.27666E-2 2.87611E-2 3.46205E-2 2.86586E-2 3.14698E-2 2.81958E-2 2.28334E-2 1.95137E-2 1.88313E-2 1.63561E-2 1.61268E-2 2.14642E-2 2.65742E-2 3.39092E-2 4.84965E-2 5.31271E-2 5.03984E-2
3.2632E-3 2.97738E-3 3.87313E-3 3.49913E-3 3.76296E-3 4.26285E-3 4.58211E-3 6.09971E-3 7.826E-3 3.77525E-2 5.19875E-2 5.44998E-2 5.55381E-2 5.84244E-2 5.90556E-2 6.19363E-2 6.55712E-2 6.86117E-2 4.38609E-2 1.45257E-2 1.07932E-2 1.15889E-2 1.10328E-2 8.97867E-3 7.25322E-3 6.2606E-3 6.23059E-3 5.48522E-3 5.72962E-3 5.9834E-3 5.89273E-3 6.08464E-3 5.84323E-3 7.85458E-3 7.30711E-3 6.59088E-3 6.89892E-3 7.05482E-3 7.28852E-3 9.97003E-3 1.6066E-2 2.37093E-2 1.9072E-2 2.07415E-2 2.2729E-2 2.82935E-2 3.26835E-2 3.59257E-2 3.76827E-2 2.87639E-2 2.60968E-2 2.45103E-2 2.41045E-2 2.54091E-2 2.91768E-2 2.77081E-2 2.9567E-2 4.12325E-2 4.4703E-2 4.82668E-2 4.69144E-2
2.81864E-3 3.41152E-3 3.19289E-3 3.34195E-3 3.92749E-3 4.02112E-3 4.79211E-3 4.8487E-3 5.95861E-3 2.28351E-2 5.37397E-2 5.92728E-2 6.14778E-2 6.38278E-2 6.54979E-2 6.67768E-2 6.88337E-2 7.33628E-2 4.8823E-2 1.43465E-2 8.95386E-3 8.71402E-3 8.51096E-3 8.91853E-3 7.54434E-3 6.56296E-3 6.00902E-3 6.25183E-3 7.92749E-3 7.49262E-3 6.55582E-3 6.50849E-3 7.46902E-3 8.91128E-3 9.06326E-3 9.54446E-3 9.61125E-3 1.1081E-2 1.25288E-2 1.58235E-2 2.40949E-2 2.53757E-2 2.05014E-2 2.05724E-2 2.31708E-2 2.85101E-2 3.07124E-2 3.15577E-2 3.11872E-2 3.02827E-2 3.04797E-2 3.02345E-2 2.77383E-2 3.46669E-2 8.43962E-2 1.17305E-1 8.34086E-2 6.24994E-2 5.34914E-2 4.89449E-2 4.62855E-2
3.21587E-3 3.58452E-3 3.34608E-3 3.12335E-3 4.48751E-3 4.96011E-3 4.92157E-3 5.51285E-3 6.00983E-3 3.53416E-2 5.83683E-2 6.44746E-2 6.65405E-2 6.67518E-2 6.86642E-2 6.9517E-2 7.62236E-2 7.58755E-2 4.15521E-2 1.47572E-2 1.2851E-2 9.39503E-3 9.47084E-3 1.25453E-2 8.96283E-3 7.55038E-3 6.60757E-3 6.25941E-3 6.385E-3 6.12587E-3 6.31691E-3 7.09592E-3 8.60938E-3 9.95068E-3 1.16984E-2 1.61247E-2 1.67607E-2 2.05632E-2 2.50006E-2 6.11831E-2 6.15663E-2 3.29531E-2 2.01848E-2 2.06878E-2 2.36577E-2 2.63845E-2 3.38983E-2 8.37375E-2 7.40502E-2 7.84594E-2 8.88717E-2 9.50404E-2 6.53312E-2 7.55475E-2 1.04854E-1 8.77776E-2 5.95854E-2 5.26386E-2 4.82654E-2 4.89621E-2 6.95432E-2
3.79314E-3 4.64128E-3 3.90064E-3 3.2175E-3 3.57724E-3 4.00767E-3 5.72278E-3 7.53778E-3 7.45732E-3 3.90469E-2 6.41546E-2 6.91035E-2 7.17215E-2 7.22473E-2 7.31433E-2 7.48941E-2 7.77323E-2 7.10991E-2 2.86726E-2 1.25111E-2 1.1407E-2 1.08872E-2 1.04745E-2 1.13466E-2 9.67633E-3 8.91634E-3 7.59279E-3 6.74727E-3 6.59509E-3 6.25789E-3 6.96263E-3 8.96605E-3 1.12599E-2 1.30929E-2 1.29986E-2 1.84408E-2 2.63502E-2 3.22499E-2 4.52032E-2 7.36996E-2 8.63394E-2 5.17872E-2 2.76847E-2 2.71313E-2 2.9197E-2 5.51743E-2 6.81083E-2 5.22923E-2 5.51477E-2 6.09361E-2 6.5192E-2 7.00645E-2 7.47519E-2 7.14941E-2 6.90185E-2 6.58645E-2 5.89996E-2 5.38903E-2 6.29194E-2 3.85741E-2 1.92191E-2
4.19689E-3 6.17833E-3 4.57716E-3 3.88307E-3 4.27697E-3 4.74552E-3 6.1931E-3 7.15991E-3 9.68578E-3 4.12299E-2 6.8558E-2 7.39357E-2 7.60612E-2 7.59344E-2 7.59649E-2 7.89212E-2 7.1617E-2 4.39252E-2 1.54446E-2 1.11225E-2 1.03973E-2 1.09306E-2 1.23191E-2 1.10689E-2 9.89314E-3 8.80762E-3 7.55712E-3 7.10978E-3 7.64523E-3 8.20529E-3 8.1796E-3 8.0432E-3 9.7849E-3 1.50731E-2 1.76136E-2 2.1283E-2 2.82788E-2 3.45277E-2 3.17575E-2 3.49967E-2 3.87637E-2 3.56866E-2 3.97319E-2 8.79807E-2 8.62987E-2 5.83092E-2 5.2297E-2 5.48942E-2 5.9101E-2 6.51563E-2 6.91036E-2 7.32906E-2 7.42963E-2 7.33182E-2 6.65155E-2 7.40623E-2 6.54795E-2 2.58839E-2 1.38884E-2 1.31172E-2 9.74891E-3
5.14998E-3 4.42869E-3 4.24486E-3 4.27722E-3 4.29405E-3 5.0763E-3 7.20132E-3 9.5026E-3 1.37518E-2 1.47421E-2 5.82866E-2 7.73439E-2 8.12111E-2 8.2137E-2 8.24043E-2 7.87252E-2 5.69023E-2 1.30803E-2 1.08266E-2 1.03521E-2 1.02938E-2 1.0831E-2 1.10078E-2 1.01995E-2 9.70245E-3 9.06354E-3 8.00105E-3 6.94172E-3 7.36753E-3 8.07925E-3 9.09196E-3 1.01366E-2 9.66769E-3 1.06077E-2 1.47336E-2 1.96493E-2 2.84704E-2 3.82996E-2 2.97514E-2 4.02307E-2 5.06436E-2 1.08481E-1 1.00274E-1 7.31292E-2 6.73145E-2 5.96688E-2 5.93895E-2 6.08582E-2 6.60823E-2 6.59812E-2 7.51062E-2 8.08939E-2 8.62308E-2 9.60026E-2 5.82073E-2 3.04069E-2 1.61793E-2 1.02902E-2 8.83202E-3 1.16984E-2 9.46077E-3
5.07176E-3 5.161E-3 4.77367E-3 5.39621E-3 4.83457E-3 6.11111E-3 7.76173E-3 1.14226E-2 1.51738E-2 1.93147E-2 3.75975E-2 7.18769E-2 7.82637E-2 8.05492E-2 7.98475E-2 7.39854E-2 2.30232E-2 1.30387E-2 1.20469E-2 1.27627E-2 1.31841E-2 1.28479E-2 1.14168E-2 1.116E-2 9.89033E-3 9.41709E-3 8.68727E-3 7.56587E-3 7.42148E-3 7.21179E-3 8.38187E-3 8.712E-3 9.24333E-3 1.07953E-2 1.44058E-2 2.03487E-2 6.8259E-2 7.02894E-2 7.93289E-2 7.39301E-2 9.62612E-2 9.96916E-2 8.51873E-2 8.22133E-2 7.52314E-2 7.07442E-2 6.98771E-2 6.66611E-2 7.10892E-2 8.51207E-2 1.0275E-1 6.63896E-2 3.66652E-2 3.03003E-2 1.93019E-2 1.41721E-2 1.27907E-2 1.16217E-2 1.07151E-2 1.1045E-2 9.46297E-3
5.63503E-3 5.23067E-3 5.24875E-3 5.37613E-3 5.96267E-3 7.85252E-3 9.37451E-3 1.20888E-2 1.42969E-2 1.87354E-2 1.83135E-2 4.37551E-2 6.7747E-2 5.71522E-2 3.38508E-2 2.08348E-2 1.30019E-2 1.17544E-2 1.53466E-2 1.49215E-2 1.29905E-2 1.22729E-2 1.10995E-2 1.09298E-2 1.02815E-2 1.03515E-2 8.8457E-3 7.74645E-3 7.68368E-3 7.41074E-3 7.68887E-3 7.91261E-3 9.00898E-3 1.38228E-2 2.02655E-2 3.19408E-2 8.14538E-2 6.66761E-2 6.33288E-2 7.18305E-2 9.14017E-2 9.11298E-2 9.03602E-2 9.18598E-2 8.56015E-2 8.03745E-2 8.04491E-2 1.16371E-1 8.02689E-2 4.92739E-2 2.81195E-2 1.8743E-2 1.48407E-2 1.47138E-2 1.2619E-2 1.17093E-2 1.20809E-2 1.10123E-2 1.09802E-2 1.11581E-2 1.09058E-2
5.63339E-3 5.92488E-3 6.25416E-3 7.00621E-3 7.91959E-3 7.72045E-3 9.80546E-3 1.27643E-2 1.03655E-2 1.39026E-2 1.56989E-2 1.55266E-2 1.41402E-2 1.35982E-2 1.1307E-2 1.05769E-2 1.01751E-2 1.07873E-2 1.42519E-2 1.31946E-2 1.32892E-2 1.18721E-2 1.04546E-2 1.16243E-2 1.10717E-2 9.54055E-3 8.89114E-3 7.77896E-3 8.21239E-3 7.89299E-3 7.64063E-3 8.11406E-3 1.0973E-2 1.68896E-2 1.96613E-2 1.54541E-2 1.84367E-2 3.933E-2 7.87944E-2 7.14109E-2 8.18826E-2 9.07506E-2 1.01035E-1 1.29829E-1 1.2818E-1 1.23826E-1 1.19551E-1 6.29386E-2 3.84605E-2 2.30683E-2 1.96723E-2 1.49181E-2 1.40785E-2 1.52744E-2 1.15059E-2 1.10796E-2 1.07945E-2 9.97254E-3 1.14096E-2 1.2018E-2 1.04615E-2
7.16155E-3 7.77487E-3 8.20348E-3 9.4817E-3 8.42546E-3 9.93528E-3 1.40052E-2 1.02432E-2 8.28992E-3 9.13145E-3 9.9534E-3 1.159E-2 1.0847E-2 9.70797E-3 8.44318E-3 8.69046E-3 8.78367E-3 1.08504E-2 1.10708E-2 1.13412E-2 1.12006E-2 1.40014E-2 1.20146E-2 1.17957E-2 1.12377E-2 1.01643E-2 9.4632E-3 9.16479E-3 8.68706E-3 9.33252E-3 8.71119E-3 9.752E-3 1.13696E-2 1.34584E-2 1.38277E-2 1.55835E-2 1.6448E-2 2.15155E-2 2.72878E-2 3.25271E-2 5.97865E-2 6.54047E-2 4.8526E-2 5.17669E-2 6.48146E-2 6.82195E-2 6.21899E-2 4.69443E-2 3.33415E-2 2.25937E-2 1.90139E-2 1.90276E-2 1.33633E-2 1.20047E-2 1.07037E-2 1.08859E-2 1.24976E-2 1.26458E-2 1.21242E-2 1.01867E-2 9.45759E-3
1.07847E-2 1.01842E-2 1.09072E-2 1.07705E-2 1.28095E-2 1.10322E-2 1.5627E-2 1.09422E-2 9.02572E-3 8.62345E-3 9.39611E-3 1.02564E-2 9.86621E-3 9.06803E-3 9.60437E-3 9.98137E-3 1.12064E-2 1.23536E-2 1.12772E-2 1.17695E-2 1.28126E-2 1.42109E-2 1.2478E-2 1.19857E-2 1.15862E-2 1.32604E-2 1.14643E-2 9.98961E-3 1.09168E-2 1.20151E-2 1.10739E-2 1.08771E-2 1.09847E-2 1.25023E-2 1.53973E-2 1.54087E-2 1.56248E-2 1.81411E-2 1.78343E-2 1.77104E-2 2.16783E-2 2.09338E-2 2.20643E-2 2.73481E-2 3.50267E-2 3.74892E-2 4.50043E-2 3.73493E-2 2.86366E-2 2.47852E-2 1.94615E-2 2.00012E-2 1.57538E-2 1.57705E-2 1.13036E-2 1.03113E-2 1.20113E-2 1.30851E-2 9.60258E-3 9.46664E-3 1.09259E-2
1.10349E-2 9.68197E-3 1.06104E-2 1.18707E-2 1.02061E-2 1.09173E-2 1.0795E-2 1.04908E-2 1.11268E-2 1.12956E-2 1.10302E-2 1.07369E-2 1.06877E-2 1.00572E-2 9.76503E-3 9.09391E-3 1.05106E-2 1.05377E-2 1.16894E-2 1.30382E-2 1.37211E-2 1.2662E-2 1.2221E-2 1.2509E-2 1.48721E-2 1.73267E-2 1.22825E-2 1.16641E-2 1.15954E-2 1.35149E-2 1.54908E-2 1.4704E-2 1.42037E-2 1.65051E-2 1.82777E-2 1.57935E-2 1.72208E-2 1.79517E-2 1.75113E-2 1.82047E-2 1.74818E-2 1.86289E-2 2.03267E-2 2.18982E-2 2.3064E-2 2.53785E-2 3.61275E-2 3.36041E-2 2.61934E-2 2.5292E-2 2.15127E-2 2.0791E-2 1.81602E-2 1.57224E-2 1.32102E-2 1.21464E-2 1.23943E-2 1.3953E-2 1.28286E-2 1.05787E-2 1.11261E-2
1.05374E-2 1.0078E-2 1.08968E-2 1.20297E-2 1.22704E-2 1.12594E-2 1.08017E-2 1.06746E-2 1.12455E-2 1.14028E-2 1.09267E-2 1.09348E-2 1.1159E-2 1.14687E-2 1.10804E-2 1.14432E-2 1.12751E-2 1.20865E-2 1.32675E-2 1.42922E-2 1.46093E-2 1.38391E-2 1.41269E-2 1.43127E-2 1.41998E-2 1.4628E-2 1.50908E-2 1.51292E-2 1.48583E-2 1.51991E-2 1.73888E-2 1.82444E-2 1.91444E-2 1.75964E-2 1.76036E-2 1.74098E-2 1.84353E-2 1.81113E-2 1.65024E-2 1.64957E-2 1.698E-2 1.79021E-2 1.76494E-2 1.8418E-2 1.84743E-2 1.93141E-2 2.64914E-2 2.68119E-2 2.13854E-2 2.26292E-2 1.90925E-2 1.6337E-2 1.59577E-2 1.59809E-2 1.74503E-2 1.97015E-2 1.60302E-2 1.54652E-2 1.7393E-2 1.78618E-2 1.58179E-2
1.17927E-2 1.24918E-2 1.20023E-2 1.24864E-2 1.36033E-2 1.33022E-2 1.28519E-2 1.26596E-2 1.31986E-2 1.37769E-2 1.21704E-2 1.11881E-2 1.14487E-2 1.2064E-2 1.28251E-2 1.46242E-2 1.44328E-2 1.6144E-2 1.74863E-2 1.84255E-2 1.71506E-2 1.56506E-2 1.62102E-2 1.42247E-2 1.44155E-2 1.48972E-2 1.63573E-2 1.73615E-2 1.78446E-2 1.7676E-2 2.14572E-2 2.52756E-2 2.12609E-2 1.81243E-2 1.86207E-2 1.96858E-2 1.94528E-2 1.83137E-2 1.73306E-2 1.79954E-2 1.91705E-2 1.96709E-2 1.8065E-2 1.8719E-2 1.97419E-2 1.85173E-2 2.0699E-2 2.60647E-2 2.26652E-2 2.09816E-2 1.87305E-2 1.94291E-2 2.10663E-2 2.35688E-2 2.42784E-2 2.33677E-2 2.21375E-2 1.89062E-2 1.91568E-2 1.87908E-2 1.8013E-2
1.58916E-2 1.67354E-2 1.67574E-2 1.4304E-2 1.44152E-2 1.40462E-2 1.34385E-2 1.40804E-2 1.33585E-2 1.29116E-2 1.20424E-2 1.1855E-2 1.21166E-2 1.32556E-2 1.47246E-2 1.74302E-2 1.70738E-2 1.73259E-2 1.76042E-2 1.73656E-2 1.63676E-2 1.60864E-2 1.61658E-2 1.50784E-2 1.4514E-2 1.60326E-2 1.74959E-2 1.77466E-2 2.26702E-2 2.45463E-2 2.05258E-2 2.05751E-2 1.95545E-2 1.88245E-2 1.95607E-2 2.0119E-2 2.05986E-2 1.85595E-2 1.76993E-2 1.78887E-2 1.69947E-2 1.81506E-2 1.98424E-2 2.15883E-2 2.19991E-2 1.93732E-2 2.19325E-2 2.58595E-2 2.79355E-2 2.29249E-2 2.25622E-2 2.64559E-2 3.01408E-2 3.28366E-2 3.68088E-2 3.78915E-2 3.67078E-2 3.05563E-2 2.49938E-2 2.15051E-2 2.21312E-2
