data/maxent/outputs/white_281.asc
ncols         426
nrows         180
xllcorner     -130.0
yllcorner     24.0
cellsize      0.16666666666666666
NODATA_value  -9999
[rows 0 to 26 of 180, columns 183 to 243 of 426]
7.7623E-3 7.0719E-3 8.16393E-3 8.10226E-3 7.40382E-3 7.1253E-3 6.79672E-3 5.48995E-3 5.99933E-3 6.41706E-3 8.79289E-3 8.79197E-3 7.45477E-3 7.0322E-3 6.86302E-3 6.74593E-3 6.75592E-3 6.18145E-3 5.96919E-3 6.24809E-3 4.41064E-3 5.00234E-3 5.7837E-3 6.19519E-3 6.02719E-3 5.39012E-3 5.42033E-3 4.50708E-3 2.77695E-3 3.21808E-3 4.52151E-3 4.58509E-3 5.00846E-3 4.83269E-3 4.15634E-3 4.16235E-3 4.17362E-3 3.9343E-3 3.77133E-3 3.89386E-3 3.84437E-3 3.71868E-3 3.54738E-3 3.41899E-3 3.30763E-3 3.2456E-3 3.21593E-3 2.90186E-3 3.04104E-3 2.79457E-3 2.8442E-3 2.91698E-3 2.78175E-3 2.6158E-3 2.57243E-3 2.37097E-3 2.40797E-3 2.38579E-3 2.34033E-3 2.36372E-3 2.22361E-3
8.72207E-3 7.61817E-3 8.68161E-3 4.29722E-3 2.24651E-3 2.04924E-3 2.08234E-3 2.15099E-3 3.2979E-3 4.96056E-3 8.27254E-3 9.34298E-3 8.52991E-3 7.53272E-3 7.55795E-3 7.17797E-3 7.00037E-3 6.72399E-3 6.46571E-3 6.50117E-3 6.37275E-3 6.26127E-3 5.38673E-3 5.1279E-3 5.42889E-3 5.61102E-3 5.62808E-3 4.8441E-3 4.18718E-3 3.61241E-3 2.94071E-3 2.95877E-3 4.55766E-3 5.11772E-3 4.66217E-3 4.8638E-3 4.70227E-3 4.29063E-3 4.0445E-3 4.12661E-3 4.09777E-3 3.96804E-3 4.03254E-3 3.78996E-3 3.26219E-3 3.27206E-3 3.57175E-3 3.23155E-3 3.29419E-3 3.07789E-3 2.98296E-3 3.07844E-3 3.00263E-3 2.89567E-3 3.00825E-3 2.72498E-3 1.73246E-3 1.42374E-3 1.71804E-3 2.55949E-3 2.50225E-3
8.21735E-3 8.7661E-3 9.23624E-3 2.5465E-3 2.20254E-3 2.19717E-3 2.31429E-3 2.08054E-3 2.18141E-3 2.18194E-3 5.07709E-3 1.01981E-2 9.77596E-3 8.51408E-3 8.04111E-3 7.60715E-3 7.23672E-3 7.07386E-3 7.13114E-3 6.15286E-3 6.04429E-3 6.38248E-3 6.15494E-3 6.04937E-3 5.80369E-3 6.1691E-3 6.17542E-3 5.84354E-3 5.96018E-3 5.73954E-3 5.79281E-3 5.93125E-3 5.95551E-3 5.39793E-3 4.74365E-3 4.95356E-3 4.64647E-3 4.42104E-3 4.58672E-3 4.56637E-3 4.53793E-3 4.29541E-3 4.16049E-3 3.889E-3 3.87725E-3 3.77835E-3 3.56243E-3 3.4621E-3 3.5209E-3 3.47052E-3 3.39875E-3 3.32237E-3 3.21092E-3 3.1444E-3 3.02062E-3 3.0333E-3 2.8912E-3 2.94758E-3 2.77457E-3 2.74959E-3 2.69126E-3
9.47973E-3 8.8739E-3 5.4348E-3 2.08516E-3 2.10121E-3 2.23045E-3 2.21171E-3 2.02247E-3 1.97671E-3 2.17534E-3 2.42854E-3 8.56453E-3 1.10853E-2 9.2539E-3 8.67543E-3 8.0317E-3 7.87571E-3 7.81851E-3 7.27179E-3 7.07033E-3 6.71325E-3 6.72584E-3 6.68436E-3 6.60339E-3 6.59845E-3 6.49139E-3 5.82487E-3 6.24189E-3 5.97433E-3 6.22578E-3 6.35967E-3 6.32074E-3 5.95666E-3 5.65568E-3 5.39503E-3 5.24734E-3 5.1256E-3 5.04095E-3 4.97527E-3 4.98364E-3 4.95068E-3 4.67767E-3 4.32471E-3 4.04638E-3 3.95846E-3 3.8238E-3 3.80706E-3 3.5354E-3 3.71113E-3 3.73255E-3 3.67891E-3 3.81357E-3 3.38633E-3 3.44071E-3 3.40464E-3 3.09584E-3 2.95309E-3 3.02613E-3 3.10079E-3 2.90308E-3 2.95778E-3
7.85307E-3 9.54708E-3 3.2785E-3 2.32266E-3 2.18172E-3 2.28308E-3 2.42895E-3 2.42494E-3 2.17559E-3 2.18054E-3 2.06468E-3 3.60534E-3 1.0243E-2 9.54349E-3 9.02263E-3 8.84298E-3 8.60258E-3 8.01656E-3 7.77815E-3 7.88925E-3 7.58293E-3 7.2661E-3 7.20938E-3 6.6921E-3 6.52737E-3 6.54701E-3 6.2254E-3 6.51045E-3 6.57374E-3 6.50181E-3 6.5689E-3 6.20213E-3 5.99583E-3 5.93998E-3 5.847E-3 5.49397E-3 5.66872E-3 5.49565E-3 5.15274E-3 4.90861E-3 5.0022E-3 4.90428E-3 4.78986E-3 4.63409E-3 4.43899E-3 4.39172E-3 3.96553E-3 3.91256E-3 3.97879E-3 3.97307E-3 3.83683E-3 3.93121E-3 3.58277E-3 3.40045E-3 3.3276E-3 3.28755E-3 3.18963E-3 3.29147E-3 3.33729E-3 3.10134E-3 3.08178E-3
9.16244E-3 9.89026E-3 9.05569E-3 4.76232E-3 4.83804E-3 4.81262E-3 3.39792E-3 2.56865E-3 2.32073E-3 2.07464E-3 2.03311E-3 2.59996E-3 6.79139E-3 1.0477E-2 9.55927E-3 9.20963E-3 9.08887E-3 8.79528E-3 8.6735E-3 8.56728E-3 8.11377E-3 7.79445E-3 7.83409E-3 7.42532E-3 7.16864E-3 6.57316E-3 6.30562E-3 6.24967E-3 6.85749E-3 6.67795E-3 6.83687E-3 6.80606E-3 6.63394E-3 6.5457E-3 6.12282E-3 5.68467E-3 5.35681E-3 5.52713E-3 5.52136E-3 5.52425E-3 5.31678E-3 4.93995E-3 5.16671E-3 5.19265E-3 5.13493E-3 5.10643E-3 4.45688E-3 4.35176E-3 4.40598E-3 4.31022E-3 4.2517E-3 4.17357E-3 3.89723E-3 3.72969E-3 3.55125E-3 3.47201E-3 3.68964E-3 3.9444E-3 3.58E-3 3.52188E-3 3.56455E-3
1.07309E-2 9.95076E-3 1.06074E-2 1.11453E-2 5.16531E-3 3.71831E-3 2.47486E-3 2.5631E-3 2.67427E-3 2.26794E-3 2.13731E-3 2.57672E-3 5.64867E-3 1.06917E-2 1.04684E-2 1.00331E-2 9.75923E-3 9.98735E-3 9.83053E-3 9.50446E-3 9.33591E-3 8.53158E-3 8.13865E-3 7.75141E-3 7.5286E-3 6.64113E-3 7.02409E-3 6.88228E-3 7.1148E-3 7.36962E-3 7.18406E-3 7.24682E-3 6.92221E-3 6.21794E-3 5.85925E-3 6.11197E-3 5.61286E-3 6.01586E-3 6.49837E-3 6.35883E-3 6.37716E-3 6.03497E-3 5.7118E-3 5.6931E-3 5.75004E-3 5.41733E-3 5.36404E-3 5.13406E-3 5.01362E-3 4.61498E-3 4.9126E-3 4.87714E-3 4.45027E-3 4.06299E-3 3.91439E-3 3.81331E-3 3.98332E-3 4.32507E-3 4.15641E-3 3.97757E-3 4.19961E-3
1.16786E-2 1.16141E-2 1.20333E-2 1.20096E-2 5.12842E-3 2.5835E-3 2.44899E-3 2.50598E-3 2.79229E-3 2.64167E-3 2.39093E-3 2.32691E-3 3.02337E-3 9.34499E-3 1.14555E-2 1.13197E-2 1.16516E-2 1.06981E-2 1.13867E-2 1.04706E-2 9.68071E-3 9.36795E-3 8.69957E-3 8.32337E-3 8.46628E-3 7.14392E-3 7.90939E-3 7.69159E-3 7.60027E-3 7.43696E-3 7.10318E-3 7.40733E-3 7.12192E-3 6.41732E-3 6.54038E-3 6.50733E-3 6.45154E-3 6.35158E-3 6.4235E-3 6.61886E-3 6.85176E-3 6.73277E-3 6.30525E-3 5.9229E-3 5.84868E-3 5.81179E-3 5.49216E-3 5.53124E-3 5.74311E-3 5.29444E-3 5.38204E-3 5.42087E-3 4.75912E-3 4.58187E-3 4.5223E-3 4.49473E-3 4.73341E-3 4.5268E-3 4.32977E-3 4.25553E-3 4.14516E-3
1.29403E-2 1.29824E-2 1.29926E-2 1.26323E-2 1.34618E-2 7.99215E-3 3.04615E-3 2.72429E-3 3.204E-3 3.44271E-3 2.68269E-3 2.72456E-3 2.61881E-3 3.22947E-3 1.09174E-2 1.23045E-2 1.23668E-2 1.19658E-2 1.20906E-2 1.14103E-2 1.0378E-2 1.07882E-2 1.01919E-2 9.57245E-3 9.1342E-3 9.39285E-3 8.69976E-3 8.13395E-3 7.81622E-3 7.6747E-3 7.42184E-3 7.68584E-3 6.66866E-3 7.02688E-3 7.38408E-3 6.98661E-3 7.25862E-3 6.95588E-3 7.04214E-3 6.63698E-3 6.66346E-3 7.08533E-3 7.00474E-3 6.35586E-3 6.14943E-3 5.97596E-3 5.81632E-3 6.02422E-3 5.31685E-3 5.50966E-3 5.1995E-3 5.32375E-3 5.14371E-3 5.21005E-3 5.49441E-3 5.42123E-3 5.17552E-3 4.86671E-3 4.67908E-3 4.47043E-3 4.25649E-3
1.35798E-2 1.4089E-2 1.33617E-2 1.45852E-2 1.45193E-2 1.43446E-2 7.70233E-3 2.87969E-3 4.86428E-3 8.0071E-3 2.84883E-3 3.25802E-3 3.38773E-3 3.67887E-3 7.47907E-3 1.42029E-2 1.40186E-2 1.3882E-2 1.3314E-2 1.24932E-2 1.25275E-2 1.18385E-2 1.1415E-2 1.14579E-2 1.08349E-2 1.0222E-2 9.7781E-3 8.76345E-3 8.65859E-3 8.5293E-3 8.30895E-3 7.72673E-3 7.63867E-3 7.90648E-3 7.99649E-3 8.00222E-3 7.79388E-3 7.93713E-3 7.80711E-3 7.27641E-3 7.25771E-3 7.20086E-3 7.07906E-3 6.9305E-3 6.37852E-3 6.3197E-3 6.10395E-3 5.98938E-3 5.70622E-3 5.52775E-3 5.399E-3 5.35027E-3 5.44001E-3 5.49397E-3 5.35918E-3 5.52293E-3 5.33844E-3 5.01932E-3 4.84997E-3 4.7111E-3 4.84494E-3
1.58064E-2 1.51203E-2 1.60388E-2 1.60454E-2 1.59192E-2 1.55154E-2 1.50165E-2 1.29439E-2 4.62493E-3 5.01553E-3 3.50904E-3 3.34379E-3 3.91248E-3 6.32787E-3 6.914E-3 1.54473E-2 1.5623E-2 1.54394E-2 1.52125E-2 1.41974E-2 1.3768E-2 1.28078E-2 1.2664E-2 1.2257E-2 1.16221E-2 1.12E-2 1.10757E-2 1.02172E-2 9.92541E-3 9.43297E-3 9.20284E-3 8.79144E-3 8.44803E-3 8.00168E-3 7.36083E-3 8.00053E-3 7.99727E-3 7.98599E-3 8.14531E-3 7.89825E-3 7.09246E-3 6.90308E-3 6.8881E-3 6.83099E-3 6.66819E-3 6.25563E-3 5.89593E-3 5.77157E-3 5.44546E-3 5.39716E-3 5.75044E-3 5.61479E-3 5.75883E-3 5.46872E-3 5.55898E-3 5.38098E-3 5.61033E-3 5.46694E-3 5.23439E-3 4.99924E-3 5.04005E-3
1.66226E-2 1.78103E-2 1.69692E-2 1.81212E-2 1.73923E-2 1.68408E-2 1.69929E-2 1.6273E-2 1.46606E-2 5.24098E-3 9.74846E-3 1.40869E-2 7.6782E-3 5.1081E-3 4.66885E-3 1.33725E-2 1.68166E-2 1.67023E-2 1.653E-2 1.56338E-2 1.46303E-2 1.38166E-2 1.38978E-2 1.29954E-2 1.12192E-2 1.12165E-2 1.12215E-2 1.16289E-2 1.08877E-2 1.07004E-2 1.04489E-2 1.01036E-2 9.56207E-3 9.24085E-3 9.03465E-3 8.5599E-3 8.4688E-3 8.39891E-3 8.64904E-3 8.32209E-3 7.93764E-3 7.46787E-3 7.21887E-3 6.95372E-3 6.80621E-3 6.4242E-3 6.40487E-3 6.41126E-3 6.54636E-3 6.30553E-3 6.36505E-3 6.12298E-3 5.84798E-3 5.93667E-3 5.8918E-3 6.02871E-3 5.82361E-3 5.8876E-3 5.72516E-3 5.65822E-3 5.51538E-3
2.04855E-2 1.96763E-2 1.90857E-2 1.82432E-2 1.83134E-2 1.78841E-2 1.85305E-2 1.7494E-2 1.82065E-2 1.45257E-2 1.56435E-2 1.83421E-2 1.86432E-2 1.22346E-2 6.00582E-3 6.79765E-3 1.67089E-2 1.85053E-2 1.75691E-2 1.6049E-2 1.59766E-2 1.5314E-2 1.50293E-2 1.48089E-2 1.24642E-2 1.32291E-2 1.22898E-2 1.2837E-2 1.23386E-2 1.12555E-2 1.17086E-2 1.10167E-2 1.05456E-2 1.03177E-2 1.03983E-2 9.99289E-3 9.99695E-3 9.89132E-3 9.66097E-3 9.62271E-3 8.76674E-3 8.37143E-3 8.0857E-3 7.43956E-3 7.24106E-3 7.00017E-3 6.76162E-3 6.75297E-3 7.5261E-3 7.12646E-3 7.47887E-3 6.82983E-3 6.83184E-3 6.4657E-3 6.35833E-3 6.50641E-3 6.53263E-3 6.04944E-3 5.95737E-3 5.82148E-3 6.09555E-3
1.7912E-2 1.81257E-2 1.92035E-2 1.96682E-2 1.91768E-2 1.8942E-2 1.64737E-2 1.62593E-2 1.83005E-2 1.82728E-2 2.04034E-2 2.12971E-2 1.80954E-2 1.71945E-2 1.07855E-2 1.0254E-2 1.27321E-2 1.92744E-2 1.89226E-2 1.81076E-2 1.80607E-2 1.76428E-2 1.67381E-2 1.47476E-2 1.4661E-2 1.38263E-2 1.36658E-2 1.31974E-2 1.24123E-2 1.1618E-2 1.08367E-2 1.12125E-2 1.17681E-2 1.08899E-2 1.12606E-2 1.06062E-2 1.0885E-2 1.09359E-2 1.10619E-2 1.00819E-2 9.49702E-3 9.07035E-3 8.40453E-3 8.0648E-3 8.32815E-3 8.92754E-3 8.19461E-3 7.67838E-3 7.69495E-3 7.53853E-3 7.8629E-3 7.94994E-3 8.05813E-3 7.40305E-3 7.30408E-3 7.28066E-3 6.7122E-3 6.80573E-3 6.87137E-3 6.39062E-3 6.46208E-3
2.04189E-2 1.95499E-2 1.71659E-2 1.68519E-2 1.68192E-2 1.79604E-2 1.63881E-2 1.84869E-2 1.94485E-2 2.09982E-2 2.30388E-2 2.39585E-2 2.2546E-2 1.96352E-2 1.79786E-2 2.06202E-2 1.33327E-2 1.53354E-2 2.0005E-2 1.96539E-2 1.93617E-2 1.86524E-2 1.75633E-2 1.53588E-2 1.58654E-2 1.44103E-2 1.42033E-2 1.35707E-2 1.28441E-2 1.2812E-2 1.2092E-2 1.20906E-2 1.23196E-2 1.18355E-2 1.1882E-2 1.11026E-2 1.10486E-2 1.11552E-2 1.12971E-2 1.08368E-2 1.07163E-2 1.01147E-2 9.33164E-3 9.36436E-3 9.65257E-3 9.47826E-3 9.1835E-3 9.38685E-3 8.84098E-3 8.50887E-3 8.69992E-3 8.8029E-3 8.42851E-3 7.93948E-3 8.01469E-3 7.74647E-3 7.60648E-3 7.18314E-3 6.84754E-3 6.69576E-3 6.42493E-3
2.83018E-2 2.44653E-2 2.13075E-2 1.816E-2 1.92976E-2 1.95127E-2 1.89978E-2 1.86336E-2 2.09757E-2 2.34755E-2 2.52142E-2 2.4296E-2 2.52262E-2 2.3779E-2 2.25992E-2 2.05592E-2 9.54125E-3 9.37482E-3 1.89267E-2 2.01479E-2 1.94786E-2 1.91842E-2 1.91163E-2 1.82528E-2 1.70543E-2 1.70283E-2 1.52666E-2 1.43167E-2 1.45922E-2 1.48469E-2 1.36248E-2 1.34012E-2 1.2521E-2 1.30786E-2 1.28299E-2 1.25674E-2 1.21226E-2 1.19773E-2 1.14871E-2 1.15009E-2 1.15754E-2 1.12143E-2 1.03664E-2 9.64128E-3 1.05254E-2 1.03836E-2 1.02157E-2 9.92504E-3 9.70888E-3 9.74611E-3 9.67262E-3 9.05395E-3 8.92376E-3 8.76551E-3 8.64786E-3 8.43779E-3 7.93278E-3 7.49976E-3 7.3991E-3 7.40041E-3 7.51858E-3
3.04543E-2 2.76403E-2 2.52894E-2 2.00395E-2 1.72248E-2 1.82075E-2 1.83918E-2 1.92994E-2 2.13615E-2 2.43327E-2 2.43301E-2 2.57284E-2 2.6775E-2 2.70772E-2 2.46139E-2 1.96651E-2 1.98087E-2 1.42233E-2 1.61373E-2 1.88241E-2 2.08136E-2 2.04416E-2 2.08373E-2 1.99953E-2 1.90821E-2 1.82034E-2 1.69109E-2 1.72677E-2 1.61856E-2 1.6196E-2 1.60375E-2 1.59536E-2 1.50094E-2 1.51637E-2 1.37153E-2 1.41536E-2 9.11662E-3 8.25501E-3 1.1102E-2 1.25813E-2 1.21885E-2 1.16157E-2 1.1968E-2 1.19274E-2 1.18213E-2 1.1026E-2 1.12935E-2 1.06585E-2 1.0515E-2 1.01648E-2 9.81315E-3 9.50383E-3 9.76948E-3 9.4564E-3 9.19031E-3 9.14383E-3 8.88971E-3 8.62688E-3 8.60154E-3 8.80538E-3 8.24544E-3
3.43774E-2 3.1986E-2 3.12941E-2 2.5817E-2 2.22528E-2 2.09189E-2 2.02371E-2 2.07174E-2 2.29566E-2 2.40009E-2 2.38509E-2 2.53492E-2 2.58002E-2 2.55924E-2 2.27628E-2 2.27682E-2 1.99867E-2 1.079E-2 1.39705E-2 2.14793E-2 2.23855E-2 2.164E-2 2.29592E-2 2.27154E-2 2.21378E-2 2.02236E-2 1.8103E-2 1.81173E-2 1.75297E-2 1.88009E-2 1.71014E-2 1.77623E-2 1.58282E-2 1.54727E-2 1.47209E-2 1.59163E-2 1.46772E-2 1.30376E-2 1.38611E-2 1.40991E-2 1.32696E-2 1.23692E-2 1.22354E-2 1.27976E-2 1.18487E-2 1.20431E-2 1.20408E-2 1.23994E-2 1.07051E-2 1.10873E-2 1.06236E-2 1.05143E-2 9.42666E-3 8.63145E-3 9.37846E-3 9.65037E-3 9.65978E-3 9.61158E-3 9.41251E-3 9.10388E-3 8.62278E-3
3.64549E-2 3.68492E-2 3.79624E-2 3.39661E-2 2.39194E-2 2.16239E-2 2.37088E-2 2.54721E-2 2.43435E-2 2.39856E-2 2.50749E-2 2.64257E-2 2.55469E-2 2.56735E-2 2.38459E-2 1.33622E-2 8.46549E-3 7.72319E-3 1.24827E-2 2.35095E-2 2.52595E-2 2.32518E-2 2.28042E-2 2.16118E-2 2.31937E-2 2.32785E-2 2.12548E-2 1.82212E-2 1.83397E-2 1.79107E-2 1.77444E-2 1.65125E-2 1.64617E-2 1.69538E-2 1.81717E-2 1.78676E-2 1.84675E-2 1.76388E-2 1.72309E-2 1.59852E-2 1.52995E-2 1.44655E-2 1.39547E-2 1.38298E-2 1.36075E-2 1.35885E-2 1.30791E-2 1.26188E-2 1.31539E-2 1.25298E-2 1.24919E-2 1.13332E-2 1.13071E-2 1.13965E-2 1.10391E-2 9.94936E-3 1.01491E-2 9.93824E-3 1.01333E-2 1.02318E-2 9.93807E-3
4.07651E-2 3.90527E-2 3.97779E-2 3.60384E-2 2.851E-2 1.43981E-2 1.43373E-2 2.52013E-2 2.94142E-2 2.88234E-2 2.77699E-2 2.64989E-2 2.50035E-2 2.44181E-2 2.58896E-2 1.15665E-2 8.15585E-3 1.06818E-2 1.5229E-2 2.58084E-2 2.89726E-2 2.6154E-2 2.49813E-2 2.33975E-2 2.26372E-2 2.26777E-2 2.30182E-2 2.14703E-2 2.03825E-2 1.96513E-2 1.96711E-2 1.92299E-2 1.89883E-2 2.04134E-2 2.05734E-2 1.96222E-2 1.85476E-2 2.02291E-2 1.92698E-2 1.84737E-2 1.70716E-2 1.60576E-2 1.47869E-2 1.52605E-2 1.50887E-2 1.50213E-2 1.46504E-2 1.42511E-2 1.44137E-2 1.36936E-2 1.26096E-2 1.24721E-2 1.18732E-2 1.14903E-2 1.11771E-2 1.0811E-2 1.08062E-2 1.06794E-2 1.12431E-2 1.14921E-2 1.12507E-2
4.2895E-2 4.0538E-2 3.95192E-2 3.88397E-2 3.48826E-2 2.15898E-2 1.37338E-2 1.45236E-2 2.763E-2 3.25174E-2 2.9669E-2 2.84288E-2 2.60765E-2 2.29966E-2 2.49816E-2 1.28856E-2 9.41217E-3 1.8404E-2 2.62412E-2 2.88439E-2 2.92499E-2 2.93869E-2 2.84452E-2 2.70038E-2 2.38618E-2 2.33566E-2 2.33525E-2 2.33477E-2 2.26391E-2 2.27118E-2 2.13017E-2 2.19213E-2 2.14558E-2 2.12065E-2 2.35285E-2 2.08686E-2 2.11193E-2 2.37979E-2 2.07212E-2 1.94579E-2 1.91613E-2 1.86449E-2 1.86333E-2 1.74881E-2 1.75163E-2 1.70624E-2 1.56179E-2 1.54869E-2 1.47039E-2 1.36527E-2 1.42505E-2 1.28396E-2 1.22714E-2 1.20187E-2 1.17055E-2 1.14485E-2 1.20792E-2 1.22119E-2 1.23922E-2 1.24402E-2 1.23268E-2
4.44646E-2 4.38813E-2 4.41501E-2 4.51015E-2 3.90441E-2 3.63128E-2 1.6035E-2 1.49025E-2 1.68073E-2 3.18197E-2 3.39863E-2 2.70683E-2 2.64809E-2 2.38147E-2 2.40487E-2 1.98498E-2 1.489E-2 2.24758E-2 2.81856E-2 2.92824E-2 3.06162E-2 2.9906E-2 2.90742E-2 2.84749E-2 2.7306E-2 2.7037E-2 2.58709E-2 2.50542E-2 2.66138E-2 2.6215E-2 2.59269E-2 2.62868E-2 2.42099E-2 2.48648E-2 2.43332E-2 2.37135E-2 2.17044E-2 2.1901E-2 2.19893E-2 1.90974E-2 1.60744E-2 1.89194E-2 1.97285E-2 2.02271E-2 1.89419E-2 1.83257E-2 1.75623E-2 1.59775E-2 1.56522E-2 1.51782E-2 1.46951E-2 1.42445E-2 1.32363E-2 1.31623E-2 1.15882E-2 1.26727E-2 1.27949E-2 1.27375E-2 1.27679E-2 1.34405E-2 1.29971E-2
4.31073E-2 4.75594E-2 4.91602E-2 5.13593E-2 4.74533E-2 4.30263E-2 2.53407E-2 2.23008E-2 3.15733E-2 3.52449E-2 3.48406E-2 3.04955E-2 2.82179E-2 2.59787E-2 2.41475E-2 2.25094E-2 2.37759E-2 2.69476E-2 2.93586E-2 3.19812E-2 3.23932E-2 3.35169E-2 3.37131E-2 3.16822E-2 2.943E-2 3.10613E-2 3.15897E-2 2.97057E-2 2.99224E-2 3.00773E-2 3.02743E-2 2.88787E-2 2.78895E-2 2.66702E-2 2.85686E-2 2.68947E-2 2.41765E-2 2.53628E-2 2.31052E-2 2.38527E-2 2.32777E-2 1.76241E-2 1.99451E-2 2.03455E-2 2.1061E-2 1.99099E-2 2.01191E-2 1.94666E-2 1.74073E-2 1.74157E-2 1.60707E-2 1.40804E-2 1.38015E-2 1.42482E-2 1.40332E-2 1.38219E-2 1.35615E-2 1.35833E-2 1.38365E-2 1.44355E-2 1.40062E-2
4.30572E-2 4.56235E-2 5.21748E-2 5.65872E-2 6.06524E-2 5.4705E-2 4.90125E-2 4.44533E-2 4.24572E-2 4.4946E-2 4.49672E-2 4.14011E-2 3.59553E-2 3.07544E-2 2.88418E-2 2.81274E-2 2.93183E-2 3.17354E-2 3.45511E-2 3.79658E-2 3.66912E-2 3.66413E-2 3.81092E-2 3.47179E-2 3.33475E-2 3.25379E-2 3.53726E-2 3.31302E-2 3.18317E-2 2.76889E-2 2.88846E-2 2.84795E-2 2.68152E-2 2.56871E-2 2.94663E-2 2.9544E-2 2.80479E-2 2.55848E-2 2.48585E-2 2.38464E-2 2.44044E-2 2.31654E-2 2.34052E-2 2.32981E-2 2.21406E-2 2.24457E-2 2.14186E-2 1.98665E-2 1.92264E-2 1.70209E-2 1.62022E-2 1.49915E-2 1.39503E-2 1.42837E-2 1.51983E-2 1.33642E-2 1.40273E-2 1.41236E-2 1.43378E-2 1.43702E-2 1.55434E-2
4.86279E-2 4.82119E-2 5.2833E-2 5.7781E-2 6.27909E-2 5.98287E-2 5.01507E-2 4.57693E-2 4.96955E-2 5.20007E-2 5.57646E-2 5.09842E-2 4.40653E-2 4.20016E-2 4.4896E-2 4.06982E-2 4.33285E-2 4.10277E-2 4.08184E-2 4.30547E-2 4.3087E-2 4.09151E-2 4.27338E-2 3.86793E-2 3.77383E-2 3.64582E-2 3.66411E-2 3.62355E-2 3.55026E-2 3.44582E-2 3.35654E-2 3.1213E-2 2.76674E-2 2.78014E-2 2.8138E-2 2.92071E-2 3.14433E-2 3.12939E-2 3.00673E-2 2.81855E-2 2.61479E-2 2.60336E-2 2.49895E-2 2.56606E-2 2.59688E-2 2.433E-2 2.38353E-2 2.29949E-2 2.15407E-2 1.81487E-2 1.57139E-2 1.40461E-2 1.51344E-2 1.63805E-2 1.61279E-2 1.65598E-2 1.52318E-2 1.50523E-2 1.54737E-2 1.65955E-2 1.93173E-2
6.03682E-2 5.61935E-2 5.42275E-2 5.60635E-2 5.85277E-2 6.18922E-2 5.77315E-2 5.29339E-2 5.68637E-2 6.14076E-2 6.01538E-2 5.97197E-2 5.41791E-2 4.82659E-2 4.41007E-2 4.66375E-2 4.877E-2 4.39213E-2 4.43162E-2 4.72407E-2 4.78723E-2 4.62316E-2 4.35239E-2 4.06014E-2 3.90138E-2 3.77271E-2 3.76817E-2 3.77052E-2 3.29981E-2 3.20829E-2 2.99933E-2 3.57922E-2 3.28531E-2 3.18314E-2 3.13086E-2 3.0876E-2 3.2815E-2 2.98518E-2 3.07898E-2 3.08961E-2 2.87688E-2 2.92365E-2 2.87349E-2 2.70997E-2 2.77111E-2 2.74201E-2 2.8058E-2 2.72996E-2 2.36258E-2 2.0856E-2 1.86106E-2 1.76672E-2 1.78413E-2 1.63943E-2 1.61998E-2 1.69083E-2 1.60854E-2 1.63994E-2 1.7861E-2 1.82295E-2 2.0895E-2
6.76502E-2 6.23783E-2 5.89976E-2 5.89896E-2 5.81843E-2 5.81306E-2 6.49497E-2 6.60547E-2 6.64221E-2 7.54828E-2 7.00392E-2 6.84682E-2 6.2408E-2 5.35648E-2 4.68019E-2 4.75105E-2 4.98923E-2 4.74637E-2 4.86019E-2 5.11397E-2 5.17845E-2 4.99653E-2 4.57787E-2 4.3095E-2 3.99438E-2 3.98402E-2 2.4545E-2 2.90778E-2 3.17909E-2 1.57049E-2 1.67986E-2 3.67321E-2 3.59538E-2 3.41706E-2 3.23202E-2 3.32E-2 3.2608E-2 3.2739E-2 3.43986E-2 3.24916E-2 3.1577E-2 3.4515E-2 3.23812E-2 3.15922E-2 3.12226E-2 3.31034E-2 3.32319E-2 3.17082E-2 2.7614E-2 2.40926E-2 2.05034E-2 1.9964E-2 1.93152E-2 1.80228E-2 1.72745E-2 1.63117E-2 1.7494E-2 1.75636E-2 1.8512E-2 1.91788E-2 2.05204E-2
