data/maxent/outputs/white_247.asc
ncols         426
nrows         180
xllcorner     -130.0
yllcorner     24.0
cellsize      0.16666666666666666
NODATA_value  -9999
[rows 135 to 161 of 180, columns 183 to 243 of 426]
4.06186E-1 4.42486E-1 4.37398E-1 4.35685E-1 4.66359E-1 4.94971E-1 4.80904E-1 4.7732E-1 5.21015E-1 5.31155E-1 5.52833E-1 5.76308E-1 6.0969E-1 6.36725E-1 6.19571E-1 6.24234E-1 6.04687E-1 5.87664E-1 6.10246E-1 5.87858E-1 5.86595E-1 6.49563E-1 6.72546E-1 6.98463E-1 6.93705E-1 7.09555E-1 7.01072E-1 6.80541E-1 6.82599E-1 6.52237E-1 6.41752E-1 5.88067E-1 5.41247E-1 5.66713E-1 7.05286E-1 6.5238E-1 5.8842E-1 5.81818E-1 5.77861E-1 5.75927E-1 5.99635E-1 5.92569E-1 6.25391E-1 6.0531E-1 6.37423E-1 6.19141E-1 5.90671E-1 5.83007E-1 5.67302E-1 5.09621E-1 5.06031E-1 5.2854E-1 5.19871E-1 5.02459E-1 4.89075E-1 4.71984E-1 4.68938E-1 4.63412E-1 4.84506E-1 4.94223E-1 5.04599E-1
4.07564E-1 4.26299E-1 4.23193E-1 4.2028E-1 4.3332E-1 4.62727E-1 4.95409E-1 4.90103E-1 5.17376E-1 5.54091E-1 5.85918E-1 6.40873E-1 6.52156E-1 6.23251E-1 6.35645E-1 6.34335E-1 6.25866E-1 6.24706E-1 6.04866E-1 5.94212E-1 6.25256E-1 6.5076E-1 6.66308E-1 6.97137E-1 6.91889E-1 6.96389E-1 6.76644E-1 6.76921E-1 6.63188E-1 6.24481E-1 6.79684E-1 7.02286E-1 6.12499E-1 5.94224E-1 6.68159E-1 7.10366E-1 6.2617E-1 5.84111E-1 5.73425E-1 5.76796E-1 6.08788E-1 6.44631E-1 6.31952E-1 6.00178E-1 6.09397E-1 6.20309E-1 6.0782E-1 6.38717E-1 6.05988E-1 5.53162E-1 5.57667E-1 5.51672E-1 5.31641E-1 5.321E-1 5.30134E-1 5.06062E-1 4.95871E-1 4.94719E-1 5.04201E-1 5.13251E-1 5.29069E-1
3.83384E-1 3.89305E-1 4.19362E-1 4.5817E-1 4.7111E-1 4.71609E-1 5.0758E-1 5.02644E-1 5.23855E-1 5.8815E-1 6.04145E-1 6.61833E-1 6.52738E-1 6.24218E-1 6.41265E-1 6.43502E-1 6.42922E-1 6.35647E-1 6.23624E-1 6.2372E-1 6.13562E-1 6.23848E-1 6.42172E-1 6.81062E-1 6.87996E-1 6.7192E-1 6.54817E-1 6.38677E-1 6.3787E-1 6.16658E-1 5.88794E-1 6.44167E-1 7.05561E-1 6.09251E-1 6.13862E-1 6.16179E-1 6.12302E-1 6.12322E-1 6.38163E-1 5.90998E-1 5.73873E-1 6.37767E-1 6.38797E-1 6.48944E-1 6.24069E-1 6.29754E-1 6.5038E-1 6.83375E-1 6.33425E-1 5.86712E-1 5.73377E-1 5.5362E-1 5.5915E-1 5.45532E-1 5.423E-1 5.30543E-1 5.27282E-1 5.19938E-1 5.30909E-1 5.4565E-1 5.36332E-1
3.79464E-1 3.94867E-1 4.15228E-1 4.34501E-1 4.36518E-1 4.83796E-1 5.44261E-1 5.46138E-1 5.41951E-1 5.79011E-1 6.16612E-1 6.01792E-1 6.02807E-1 6.36399E-1 6.61505E-1 6.60101E-1 6.56183E-1 6.48808E-1 6.33858E-1 6.25014E-1 6.12039E-1 6.0157E-1 6.43222E-1 6.6589E-1 6.83634E-1 7.0266E-1 6.26175E-1 6.16475E-1 6.19607E-1 5.96361E-1 5.85366E-1 5.76296E-1 5.98282E-1 6.00402E-1 6.1575E-1 6.21044E-1 6.26579E-1 6.07728E-1 6.09514E-1 5.79203E-1 5.73271E-1 6.15592E-1 6.4945E-1 6.61782E-1 6.58633E-1 6.72436E-1 6.93014E-1 7.26678E-1 6.77314E-1 6.377E-1 6.10798E-1 5.93244E-1 5.73803E-1 5.54664E-1 5.55348E-1 5.52786E-1 5.49263E-1 5.50341E-1 5.74068E-1 5.71729E-1 5.5536E-1
3.7104E-1 3.78533E-1 3.89331E-1 4.11781E-1 4.42103E-1 4.81443E-1 5.66725E-1 5.768E-1 5.72549E-1 5.84796E-1 6.17506E-1 5.90393E-1 6.25792E-1 6.53355E-1 6.71114E-1 6.8698E-1 6.77375E-1 6.57098E-1 6.67861E-1 6.39601E-1 6.32607E-1 6.26811E-1 6.45194E-1 6.7998E-1 6.72334E-1 6.91261E-1 7.89864E-1 6.17E-1 5.9831E-1 5.796E-1 5.74878E-1 5.85716E-1 6.10947E-1 6.22837E-1 6.273E-1 6.4221E-1 6.60322E-1 6.50477E-1 6.56299E-1 6.23689E-1 6.30802E-1 6.43705E-1 6.88185E-1 7.02117E-1 6.92005E-1 7.05766E-1 7.37331E-1 7.50118E-1 7.4055E-1 6.76988E-1 6.32751E-1 6.26358E-1 5.89122E-1 5.64933E-1 5.70258E-1 5.80261E-1 5.8313E-1 5.89556E-1 6.08583E-1 6.08844E-1 5.94423E-1
3.93133E-1 4.27203E-1 4.52705E-1 4.96577E-1 5.28761E-1 5.4947E-1 5.63306E-1 5.82324E-1 6.43676E-1 6.29748E-1 6.26671E-1 6.00682E-1 6.16725E-1 6.37739E-1 6.83143E-1 6.87186E-1 6.85131E-1 6.67928E-1 6.75023E-1 6.65315E-1 6.5428E-1 6.32931E-1 6.66583E-1 6.96545E-1 6.45406E-1 6.23287E-1 6.71544E-1 6.11039E-1 6.01414E-1 5.79249E-1 5.78617E-1 5.99794E-1 6.27647E-1 6.24237E-1 6.54344E-1 6.7478E-1 6.90591E-1 7.02923E-1 6.93916E-1 6.95073E-1 7.03429E-1 7.25726E-1 7.71142E-1 7.47741E-1 7.19254E-1 7.48442E-1 7.71595E-1 7.54959E-1 7.41386E-1 7.46E-1 6.88516E-1 6.48319E-1 5.92794E-1 5.8478E-1 6.02213E-1 6.03588E-1 6.14702E-1 6.19365E-1 6.25548E-1 6.30889E-1 6.23448E-1
4.15115E-1 4.60701E-1 4.99974E-1 5.46969E-1 5.80787E-1 5.90051E-1 5.80228E-1 5.78266E-1 6.39197E-1 6.87384E-1 6.84736E-1 6.03822E-1 6.12595E-1 6.54183E-1 6.74777E-1 6.71754E-1 6.69703E-1 6.75512E-1 6.5034E-1 6.56416E-1 6.42696E-1 6.4788E-1 6.71355E-1 7.75709E-1 6.68661E-1 6.354E-1 6.58732E-1 6.46754E-1 6.43714E-1 6.15577E-1 6.24829E-1 6.32436E-1 6.41998E-1 6.37069E-1 6.86062E-1 6.98944E-1 7.25158E-1 7.48162E-1 7.50023E-1 7.69727E-1 7.73816E-1 7.76784E-1 7.99012E-1 7.73423E-1 7.06111E-1 7.28337E-1 7.67194E-1 7.56275E-1 7.21455E-1 7.49578E-1 7.61248E-1 6.76453E-1 6.05442E-1 6.24119E-1 6.79805E-1 6.92246E-1 7.20953E-1 6.41551E-1 6.64753E-1 6.64489E-1 6.8397E-1
4.12066E-1 4.4526E-1 4.76609E-1 5.09602E-1 5.47761E-1 5.83723E-1 5.74123E-1 5.8227E-1 6.10757E-1 6.32575E-1 6.85638E-1 6.30815E-1 6.15048E-1 6.48915E-1 6.47735E-1 6.57949E-1 6.5797E-1 6.94803E-1 6.31407E-1 6.24425E-1 6.3318E-1 6.55553E-1 6.90731E-1 7.2733E-1 7.51802E-1 7.03781E-1 7.05679E-1 6.98048E-1 6.79837E-1 6.64896E-1 6.80515E-1 6.98813E-1 7.04204E-1 6.81915E-1 7.24165E-1 7.33471E-1 7.66674E-1 8.12698E-1 7.85644E-1 7.85359E-1 7.89289E-1 7.87936E-1 7.83681E-1 7.48434E-1 7.06791E-1 7.01031E-1 7.37166E-1 7.1855E-1 7.10772E-1 7.12223E-1 7.05499E-1 6.938E-1 6.86126E-1 7.83651E-1 8.28392E-1 7.94644E-1 8.09806E-1 8.15939E-1 8.08936E-1 7.6515E-1 7.71583E-1
4.42783E-1 4.83399E-1 5.19998E-1 5.40134E-1 5.72543E-1 5.99468E-1 5.6058E-1 5.77192E-1 6.06212E-1 5.88406E-1 5.76746E-1 6.13181E-1 5.97045E-1 6.02648E-1 5.98582E-1 6.35133E-1 6.3864E-1 6.00244E-1 5.96134E-1 6.06676E-1 6.2713E-1 6.23074E-1 6.89099E-1 7.65096E-1 7.78694E-1 7.82971E-1 7.63958E-1 7.24506E-1 7.03174E-1 7.23563E-1 7.4074E-1 7.53973E-1 7.91906E-1 7.73044E-1 7.69561E-1 7.74401E-1 7.95514E-1 7.86998E-1 7.67998E-1 7.90716E-1 7.95453E-1 7.78439E-1 7.47359E-1 7.09591E-1 6.70913E-1 6.64076E-1 6.79651E-1 7.14418E-1 7.14738E-1 7.11045E-1 6.98776E-1 7.0919E-1 7.2096E-1 7.35461E-1 8.12265E-1 8.67652E-1 8.28454E-1 8.31589E-1 8.25792E-1 8.27623E-1 8.34523E-1
4.64946E-1 5.06443E-1 5.14664E-1 5.50402E-1 5.36985E-1 5.49648E-1 5.85644E-1 6.40207E-1 6.23426E-1 5.9128E-1 5.65163E-1 5.78349E-1 5.94947E-1 5.83408E-1 5.97015E-1 6.26521E-1 6.32061E-1 5.89891E-1 6.03491E-1 6.17746E-1 6.40069E-1 6.37103E-1 6.9302E-1 7.906E-1 7.74105E-1 7.67544E-1 7.59532E-1 7.39789E-1 7.50942E-1 7.51536E-1 7.63359E-1 7.72354E-1 7.72218E-1 7.9632E-1 7.84661E-1 7.63335E-1 7.60218E-1 7.76838E-1 7.69281E-1 7.73961E-1 7.89979E-1 7.3919E-1 7.06319E-1 6.69596E-1 6.50922E-1 6.39021E-1 6.30488E-1 6.75008E-1 6.87357E-1 7.14027E-1 7.11278E-1 6.85002E-1 7.04903E-1 7.77416E-1 7.45962E-1 7.92549E-1 8.26833E-1 8.06515E-1 8.08818E-1 8.13388E-1 8.20451E-1
5.15868E-1 4.89417E-1 4.99371E-1 5.78399E-1 5.80389E-1 5.80469E-1 6.28708E-1 6.54205E-1 6.10143E-1 5.76718E-1 5.72102E-1 5.75445E-1 5.82053E-1 6.02211E-1 6.30021E-1 5.97018E-1 5.86152E-1 5.78422E-1 5.83863E-1 6.13069E-1 6.65045E-1 6.7637E-1 7.42534E-1 7.95731E-1 7.85447E-1 7.74783E-1 7.89119E-1 7.73309E-1 7.76789E-1 7.66034E-1 7.80482E-1 7.6954E-1 7.72246E-1 7.71094E-1 7.52952E-1 7.383E-1 7.47096E-1 7.41633E-1 7.25813E-1 7.28869E-1 7.21279E-1 7.27889E-1 7.24032E-1 6.9797E-1 7.11808E-1 6.99158E-1 6.75195E-1 6.7132E-1 6.7047E-1 6.87171E-1 6.86879E-1 6.75918E-1 6.63888E-1 6.83894E-1 7.07009E-1 7.97809E-1 7.86005E-1 8.08112E-1 8.17356E-1 8.07591E-1 8.07711E-1
5.32923E-1 5.45029E-1 5.77026E-1 6.24993E-1 6.31151E-1 6.99256E-1 7.06608E-1 6.51358E-1 6.22331E-1 6.23473E-1 6.24171E-1 6.04301E-1 6.10489E-1 6.47725E-1 6.33029E-1 6.2126E-1 6.19637E-1 6.01516E-1 6.18893E-1 6.55323E-1 6.60805E-1 6.52052E-1 6.84147E-1 7.29456E-1 7.37201E-1 7.6814E-1 7.93569E-1 7.77226E-1 7.65669E-1 7.84555E-1 7.85804E-1 7.75187E-1 7.73128E-1 -9999 -9999 -9999 -9999 -9999 -9999 7.44463E-1 7.39562E-1 7.37464E-1 7.4332E-1 7.3513E-1 7.43731E-1 7.38005E-1 7.50048E-1 7.19039E-1 7.09386E-1 7.03313E-1 6.99235E-1 6.99577E-1 6.87572E-1 6.9234E-1 7.18964E-1 7.60861E-1 7.94499E-1 7.96878E-1 7.97732E-1 7.06234E-1 7.35539E-1
5.22059E-1 5.42266E-1 5.65127E-1 5.68086E-1 6.14193E-1 7.07553E-1 7.06089E-1 6.51734E-1 6.35077E-1 6.50128E-1 6.20046E-1 6.14687E-1 6.37627E-1 6.55096E-1 6.50448E-1 6.73382E-1 6.68301E-1 6.51825E-1 6.42213E-1 6.49347E-1 6.47361E-1 6.53004E-1 6.37801E-1 6.78681E-1 7.20559E-1 7.60179E-1 7.84248E-1 7.16473E-1 5.26362E-1 5.57252E-1 -9999 -9999 -9999 -9999 -9999 -9999 -9999 -9999 -9999 -9999 -9999 -9999 -9999 -9999 -9999 7.48452E-1 7.48936E-1 -9999 7.56999E-1 7.34419E-1 7.32174E-1 7.38553E-1 7.44797E-1 7.54708E-1 7.4769E-1 7.54299E-1 6.909E-1 7.07412E-1 7.11217E-1 7.06963E-1 7.10802E-1
5.32913E-1 5.625E-1 5.71261E-1 5.69694E-1 5.8097E-1 6.32559E-1 6.54704E-1 6.53619E-1 6.07556E-1 6.17541E-1 6.32209E-1 6.43519E-1 6.39832E-1 6.49732E-1 6.68824E-1 6.93085E-1 6.96644E-1 6.82656E-1 6.73466E-1 6.48301E-1 6.76643E-1 6.84404E-1 6.83265E-1 7.218E-1 7.31198E-1 7.7483E-1 7.96511E-1 5.29E-1 4.33344E-1 -9999 -9999 -9999 -9999 -9999 -9999 -9999 -9999 -9999 -9999 -9999 -9999 -9999 -9999 -9999 -9999 -9999 -9999 -9999 5.94537E-1 7.76781E-1 7.77339E-1 7.08687E-1 7.47042E-1 6.90757E-1 6.92459E-1 6.65601E-1 5.59885E-1 4.80284E-1 5.29796E-1 5.05009E-1 5.81162E-1
5.28404E-1 5.41054E-1 5.43535E-1 5.31853E-1 5.58871E-1 5.8303E-1 5.91486E-1 5.9375E-1 5.9642E-1 6.1583E-1 6.40062E-1 6.24571E-1 6.22361E-1 6.52757E-1 6.75979E-1 6.90712E-1 7.03593E-1 7.11008E-1 7.01577E-1 6.94403E-1 7.3028E-1 7.26625E-1 7.38181E-1 7.43842E-1 7.56639E-1 7.9599E-1 4.75001E-1 -9999 -9999 -9999 -9999 -9999 -9999 -9999 -9999 -9999 -9999 -9999 -9999 -9999 -9999 -9999 -9999 -9999 -9999 -9999 -9999 -9999 -9999 -9999 -9999 6.37083E-1 5.86116E-1 4.07778E-1 3.51726E-1 6.09391E-1 5.85637E-1 -9999 -9999 -9999 6.09989E-1
5.31972E-1 5.23502E-1 4.9661E-1 4.98808E-1 5.27653E-1 5.58342E-1 5.81694E-1 6.00664E-1 6.05719E-1 6.10279E-1 6.1349E-1 6.24867E-1 6.213E-1 6.49214E-1 6.7007E-1 6.99206E-1 7.06669E-1 7.41515E-1 7.46017E-1 7.51306E-1 7.59326E-1 7.566E-1 7.62137E-1 7.71889E-1 7.92034E-1 7.24208E-1 -9999 -9999 -9999 -9999 -9999 -9999 -9999 -9999 -9999 -9999 -9999 -9999 -9999 -9999 -9999 -9999 -9999 -9999 -9999 -9999 -9999 -9999 -9999 -9999 -9999 -9999 -9999 -9999 -9999 -9999 -9999 -9999 -9999 -9999 5.74601E-1
5.18145E-1 5.08804E-1 4.91806E-1 4.87607E-1 5.01846E-1 5.34246E-1 5.53306E-1 5.88765E-1 5.97305E-1 6.23416E-1 6.26422E-1 6.32101E-1 6.30441E-1 6.6301E-1 7.13241E-1 7.22116E-1 7.31191E-1 7.76571E-1 7.72589E-1 7.79685E-1 7.96684E-1 7.88665E-1 8.07221E-1 8.05346E-1 -9999 -9999 -9999 -9999 -9999 -9999 -9999 -9999 -9999 -9999 -9999 -9999 -9999 -9999 -9999 -9999 -9999 -9999 -9999 -9999 -9999 -9999 -9999 -9999 -9999 -9999 -9999 -9999 -9999 -9999 -9999 -9999 -9999 -9999 -9999 -9999 -9999
5.0996E-1 4.97035E-1 4.77276E-1 4.60028E-1 4.64062E-1 5.19978E-1 5.68311E-1 6.04268E-1 6.10526E-1 6.36071E-1 6.50869E-1 6.52142E-1 6.3082E-1 6.45162E-1 7.10533E-1 7.6557E-1 7.67138E-1 7.90397E-1 8.03467E-1 7.55285E-1 7.68744E-1 6.86155E-1 5.88947E-1 -9999 -9999 -9999 -9999 -9999 -9999 -9999 -9999 -9999 -9999 -9999 -9999 -9999 -9999 -9999 -9999 -9999 -9999 -9999 -9999 -9999 -9999 -9999 -9999 -9999 -9999 -9999 -9999 -9999 -9999 -9999 -9999 -9999 -9999 -9999 -9999 -9999 -9999
4.73759E-1 4.70634E-1 4.48129E-1 4.38305E-1 4.4741E-1 4.97736E-1 5.56442E-1 6.1056E-1 6.183E-1 6.39981E-1 6.64006E-1 6.87029E-1 6.92401E-1 7.1096E-1 7.5252E-1 7.78138E-1 8.06977E-1 7.95909E-1 7.83136E-1 4.73116E-1 -9999 -9999 -9999 -9999 -9999 -9999 -9999 -9999 -9999 -9999 -9999 -9999 -9999 -9999 -9999 -9999 -9999 -9999 -9999 -9999 -9999 -9999 -9999 -9999 -9999 -9999 -9999 -9999 -9999 -9999 -9999 -9999 -9999 -9999 -9999 -9999 -9999 -9999 -9999 -9999 -9999
4.45794E-1 4.51633E-1 4.47747E-1 4.45489E-1 4.52036E-1 5.03668E-1 5.54544E-1 5.85029E-1 6.16714E-1 6.54406E-1 6.54741E-1 7.08478E-1 7.30974E-1 7.70766E-1 7.90529E-1 8.04951E-1 7.96247E-1 6.32955E-1 7.10792E-1 -9999 -9999 -9999 -9999 -9999 -9999 -9999 -9999 -9999 -9999 -9999 -9999 -9999 -9999 -9999 -9999 -9999 -9999 -9999 -9999 -9999 -9999 -9999 -9999 -9999 -9999 -9999 -9999 -9999 -9999 -9999 -9999 -9999 -9999 -9999 -9999 -9999 -9999 -9999 -9999 -9999 -9999
4.38424E-1 4.39702E-1 4.42403E-1 4.46576E-1 4.7073E-1 5.19798E-1 5.52346E-1 5.74414E-1 6.05405E-1 6.98421E-1 6.66633E-1 7.28676E-1 7.75007E-1 7.95753E-1 8.07376E-1 7.33943E-1 7.21661E-1 -9999 -9999 -9999 -9999 -9999 -9999 -9999 -9999 -9999 -9999 -9999 -9999 -9999 -9999 -9999 -9999 -9999 -9999 -9999 -9999 -9999 -9999 -9999 -9999 -9999 -9999 -9999 -9999 -9999 -9999 -9999 -9999 -9999 -9999 -9999 -9999 -9999 -9999 -9999 -9999 -9999 -9999 -9999 -9999
4.4241E-1 4.47206E-1 4.50279E-1 4.52633E-1 4.86799E-1 5.16654E-1 5.39658E-1 5.80563E-1 6.09634E-1 6.33584E-1 6.89597E-1 7.85048E-1 8.05306E-1 8.17576E-1 7.69197E-1 6.7914E-1 -9999 -9999 -9999 -9999 -9999 -9999 -9999 -9999 -9999 -9999 -9999 -9999 -9999 -9999 -9999 -9999 -9999 -9999 -9999 -9999 -9999 -9999 -9999 -9999 -9999 -9999 -9999 -9999 -9999 -9999 -9999 -9999 -9999 -9999 -9999 -9999 -9999 -9999 -9999 -9999 -9999 -9999 -9999 -9999 -9999
4.66125E-1 4.68146E-1 4.81108E-1 4.89976E-1 5.06504E-1 5.25018E-1 5.47296E-1 5.72901E-1 5.99786E-1 6.14555E-1 6.78936E-1 7.65324E-1 8.22705E-1 7.24253E-1 6.05415E-1 -9999 -9999 -9999 -9999 -9999 -9999 -9999 -9999 -9999 -9999 -9999 -9999 -9999 -9999 -9999 -9999 -9999 -9999 -9999 -9999 -9999 -9999 -9999 -9999 -9999 -9999 -9999 -9999 -9999 -9999 -9999 -9999 -9999 -9999 -9999 -9999 -9999 -9999 -9999 -9999 -9999 -9999 -9999 -9999 -9999 -9999
4.86778E-1 4.9183E-1 5.10079E-1 5.23086E-1 5.19262E-1 5.34152E-1 5.54986E-1 5.75549E-1 5.992E-1 6.30022E-1 6.72547E-1 7.51267E-1 7.97822E-1 7.37905E-1 -9999 -9999 -9999 -9999 -9999 -9999 -9999 -9999 -9999 -9999 -9999 -9999 -9999 -9999 -9999 -9999 -9999 -9999 -9999 -9999 -9999 -9999 -9999 -9999 -9999 -9999 -9999 -9999 -9999 -9999 -9999 -9999 -9999 -9999 -9999 -9999 -9999 -9999 -9999 -9999 -9999 -9999 -9999 -9999 -9999 -9999 -9999
4.76354E-1 4.95148E-1 5.23851E-1 5.13124E-1 5.18039E-1 5.35389E-1 5.55142E-1 5.7074E-1 5.93079E-1 6.24488E-1 6.78165E-1 7.60288E-1 7.96192E-1 7.54814E-1 -9999 -9999 -9999 -9999 -9999 -9999 -9999 -9999 -9999 -9999 -9999 -9999 -9999 -9999 -9999 -9999 -9999 -9999 -9999 -9999 -9999 -9999 -9999 -9999 -9999 -9999 -9999 -9999 -9999 -9999 -9999 -9999 -9999 -9999 -9999 -9999 -9999 -9999 -9999 -9999 -9999 -9999 -9999 -9999 -9999 -9999 -9999
4.62532E-1 4.9675E-1 5.23458E-1 5.22471E-1 4.98592E-1 5.05945E-1 5.17056E-1 5.31174E-1 5.88807E-1 6.10537E-1 6.80702E-1 7.62906E-1 8.05258E-1 -9999 -9999 -9999 -9999 -9999 -9999 -9999 -9999 -9999 -9999 -9999 -9999 -9999 -9999 -9999 -9999 -9999 -9999 -9999 -9999 -9999 -9999 -9999 -9999 -9999 -9999 -9999 -9999 -9999 -9999 -9999 -9999 -9999 -9999 -9999 -9999 -9999 -9999 -9999 -9999 -9999 -9999 -9999 -9999 -9999 -9999 -9999 -9999
4.39913E-1 4.58992E-1 5.0875E-1 5.36123E-1 5.01492E-1 4.98708E-1 5.05761E-1 5.58342E-1 5.52168E-1 5.89573E-1 6.60241E-1 7.59461E-1 8.11102E-1 -9999 -9999 -9999 -9999 -9999 -9999 -9999 -9999 -9999 -9999 -9999 -9999 -9999 -9999 -9999 -9999 -9999 -9999 -9999 -9999 -9999 -9999 -9999 -9999 -9999 -9999 -9999 -9999 -9999 -9999 -9999 -9999 -9999 -9999 -9999 -9999 -9999 -9999 -9999 -9999 -9999 -9999 -9999 -9999 -9999 -9999 -9999 -9999
