data/maxent/outputs/white_303.asc
ncols         426
nrows         180
xllcorner     -130.0
yllcorner     24.0
cellsize      0.16666666666666666
NODATA_value  -9999
[rows 54 to 80 of 180, columns 244 to 304 of 426]
3.23627E-2 3.13604E-2 4.43827E-2 5.26814E-2 6.53989E-2 5.99827E-2 6.33284E-2 8.03188E-2 1.05921E-1 2.4239E-1 2.55312E-1 2.45901E-1 1.80164E-1 2.0984E-1 2.15598E-1 2.27646E-1 2.36469E-1 2.45312E-1 2.38645E-1 3.75367E-1 3.96347E-1 3.30359E-1 3.10927E-1 2.92459E-1 2.51661E-1 1.56788E-1 1.05197E-1 1.09653E-1 8.80285E-2 8.40019E-2 1.03186E-1 1.12958E-1 1.29391E-1 1.45234E-1 1.67309E-1 2.52298E-1 3.05865E-1 2.78107E-1 3.18358E-1 3.49015E-1 3.82972E-1 3.86547E-1 3.95458E-1 3.88725E-1 3.59749E-1 3.12153E-1 2.73602E-1 4.19557E-1 6.34055E-1 5.29412E-1 3.39465E-1 2.54809E-1 2.55658E-1 2.36532E-1 2.89428E-1 3.3902E-1 5.24929E-1 5.56563E-1 4.89846E-1 5.15981E-1 3.84355E-1
4.63954E-2 4.73013E-2 4.8932E-2 5.49626E-2 6.97457E-2 7.64267E-2 7.83131E-2 9.94508E-2 1.90065E-1 2.45629E-1 1.66923E-1 1.60215E-1 2.63733E-1 2.17642E-1 2.35348E-1 2.47645E-1 2.65638E-1 2.71286E-1 3.07015E-1 4.2344E-1 3.1209E-1 2.81368E-1 2.59819E-1 2.22662E-1 1.76239E-1 1.17904E-1 1.05834E-1 8.7844E-2 6.76857E-2 6.78373E-2 7.62225E-2 8.71222E-2 1.03308E-1 1.3599E-1 1.96808E-1 2.05121E-1 3.58297E-1 2.77369E-1 3.50446E-1 3.62532E-1 3.80875E-1 4.00397E-1 4.17851E-1 4.12141E-1 3.94576E-1 3.50851E-1 2.78563E-1 2.65133E-1 5.54279E-1 6.14194E-1 5.10862E-1 3.68366E-1 3.17097E-1 2.70577E-1 3.19521E-1 5.74662E-1 6.06153E-1 5.72419E-1 4.90133E-1 5.16393E-1 4.94138E-1
5.65681E-2 6.11801E-2 6.0653E-2 6.85539E-2 8.21301E-2 8.11238E-2 8.66454E-2 1.2032E-1 1.72457E-1 1.43791E-1 1.60279E-1 2.34491E-1 2.19089E-1 2.37861E-1 2.51767E-1 2.75539E-1 2.91261E-1 2.94951E-1 4.36745E-1 3.4172E-1 2.81195E-1 2.44454E-1 1.796E-1 1.62772E-1 1.28783E-1 1.16673E-1 9.23805E-2 9.33435E-2 7.33405E-2 7.40558E-2 6.95681E-2 8.36098E-2 1.09368E-1 1.35739E-1 1.46338E-1 1.8547E-1 3.83752E-1 2.74481E-1 3.44772E-1 3.85866E-1 3.94408E-1 3.97904E-1 4.11053E-1 4.20307E-1 3.93037E-1 3.3816E-1 2.76392E-1 2.85782E-1 6.09297E-1 6.21252E-1 6.30422E-1 5.9849E-1 6.41527E-1 5.83186E-1 4.3091E-1 4.24272E-1 5.88038E-1 5.28497E-1 5.00759E-1 6.5303E-1 6.83549E-1
6.18061E-2 7.08676E-2 7.51154E-2 8.70037E-2 9.7311E-2 9.79891E-2 9.58703E-2 1.12801E-1 1.24257E-1 1.41523E-1 1.66723E-1 2.62059E-1 2.27388E-1 2.48881E-1 2.74655E-1 3.01031E-1 3.17239E-1 3.04775E-1 4.3569E-1 2.78016E-1 2.38701E-1 2.11205E-1 1.8641E-1 1.39653E-1 1.18434E-1 1.05329E-1 9.12718E-2 1.49751E-1 8.8512E-2 7.70376E-2 8.00635E-2 8.49696E-2 1.11785E-1 1.20995E-1 1.57222E-1 2.01138E-1 3.85913E-1 2.81507E-1 3.3364E-1 3.76184E-1 3.93841E-1 4.25824E-1 4.19848E-1 4.12147E-1 3.96848E-1 3.4307E-1 3.34111E-1 6.15133E-1 5.88551E-1 5.73409E-1 6.18228E-1 6.19403E-1 6.04466E-1 6.25326E-1 7.61144E-1 6.88053E-1 5.72491E-1 5.14385E-1 5.30421E-1 4.35255E-1 4.99467E-1
6.56001E-2 7.71399E-2 8.53178E-2 9.07074E-2 1.03941E-1 1.29325E-1 1.24135E-1 1.16466E-1 1.29292E-1 1.5328E-1 1.79279E-1 2.4267E-1 2.22965E-1 2.53937E-1 2.82137E-1 3.0751E-1 3.17167E-1 3.72589E-1 3.25945E-1 2.62986E-1 2.40041E-1 2.03471E-1 1.63554E-1 1.26771E-1 1.02755E-1 8.01085E-2 9.25453E-2 1.13692E-1 9.85211E-2 9.17143E-2 8.55212E-2 8.85082E-2 9.77086E-2 1.14647E-1 1.78229E-1 3.37337E-1 2.85257E-1 2.51309E-1 3.06869E-1 3.34659E-1 3.84989E-1 4.15454E-1 4.19798E-1 4.02429E-1 3.78981E-1 3.2756E-1 5.64986E-1 5.46539E-1 5.61381E-1 5.94723E-1 6.80491E-1 7.4275E-1 6.0874E-1 5.36243E-1 6.51823E-1 6.88499E-1 5.53114E-1 4.60888E-1 4.92225E-1 5.69106E-1 4.97005E-1
6.85738E-2 7.82159E-2 1.09945E-1 1.26892E-1 1.22201E-1 1.84712E-1 1.392E-1 1.30506E-1 1.43449E-1 1.7543E-1 2.71076E-1 2.07736E-1 2.2755E-1 2.54331E-1 2.8422E-1 2.99048E-1 3.23377E-1 3.69089E-1 2.59606E-1 2.51224E-1 2.32938E-1 1.75026E-1 1.57983E-1 1.21802E-1 1.07763E-1 9.00592E-2 1.0113E-1 1.15697E-1 9.92681E-2 9.71797E-2 9.493E-2 1.01696E-1 1.0775E-1 1.44833E-1 2.7534E-1 2.43716E-1 2.70726E-1 3.7805E-1 5.4029E-1 4.73901E-1 3.76809E-1 4.04249E-1 4.20968E-1 3.91732E-1 3.46223E-1 4.95135E-1 5.89244E-1 5.63991E-1 5.92989E-1 6.57386E-1 6.94359E-1 7.26069E-1 6.34191E-1 5.20024E-1 4.08516E-1 5.07508E-1 4.93112E-1 4.32026E-1 4.41359E-1 4.53581E-1 4.51266E-1
7.26144E-2 7.97357E-2 9.624E-2 1.03926E-1 1.11533E-1 1.7563E-1 1.38178E-1 1.48887E-1 1.68081E-1 2.16433E-1 2.11488E-1 2.12312E-1 2.35051E-1 2.62855E-1 2.88317E-1 3.05224E-1 3.31764E-1 3.55167E-1 2.58609E-1 2.56285E-1 2.24476E-1 1.87253E-1 1.5453E-1 1.32408E-1 1.23254E-1 1.25046E-1 1.33273E-1 1.11959E-1 1.07639E-1 1.14453E-1 1.22116E-1 1.22028E-1 1.63753E-1 3.141E-1 2.31083E-1 2.93562E-1 2.68842E-1 2.75228E-1 3.94546E-1 5.55199E-1 4.69552E-1 3.92716E-1 4.10956E-1 3.93376E-1 3.76367E-1 5.82544E-1 6.29137E-1 5.90191E-1 6.06346E-1 6.73709E-1 7.03413E-1 6.56018E-1 5.38087E-1 4.13432E-1 3.34026E-1 4.77478E-1 5.26067E-1 5.03342E-1 5.10125E-1 5.43614E-1 5.25102E-1
8.96513E-2 1.064E-1 9.36786E-2 9.51858E-2 1.00839E-1 1.19164E-1 1.24688E-1 1.56584E-1 1.70046E-1 2.11715E-1 2.20352E-1 2.21633E-1 2.52708E-1 2.83535E-1 3.09013E-1 3.17429E-1 3.90067E-1 3.44726E-1 2.59417E-1 2.41496E-1 2.28194E-1 1.92496E-1 1.74965E-1 1.47393E-1 1.55787E-1 1.2283E-1 1.19955E-1 1.10387E-1 1.19088E-1 1.37866E-1 1.54669E-1 1.47348E-1 2.51208E-1 2.53611E-1 2.82809E-1 2.17316E-1 1.91357E-1 2.41367E-1 3.2132E-1 4.38532E-1 6.20364E-1 3.71284E-1 4.21969E-1 4.1787E-1 4.00314E-1 6.07513E-1 6.90773E-1 5.93218E-1 6.20816E-1 6.77349E-1 6.80392E-1 5.98902E-1 5.01769E-1 4.33411E-1 4.0996E-1 4.90288E-1 5.82486E-1 5.81426E-1 6.33921E-1 6.85389E-1 6.51586E-1
7.84702E-2 8.16646E-2 9.59831E-2 9.47146E-2 1.13816E-1 1.02479E-1 1.18033E-1 1.41052E-1 1.6718E-1 2.6453E-1 2.06308E-1 2.37666E-1 2.67349E-1 2.9839E-1 3.28042E-1 3.31311E-1 4.48145E-1 3.10113E-1 2.5091E-1 2.28833E-1 2.21226E-1 1.99182E-1 2.0436E-1 1.61639E-1 1.47555E-1 1.37521E-1 1.37575E-1 1.32812E-1 1.42562E-1 1.65016E-1 1.83146E-1 1.61915E-1 2.01315E-1 2.14751E-1 1.80572E-1 1.59051E-1 1.8555E-1 2.2906E-1 2.72347E-1 3.35327E-1 5.97372E-1 3.69503E-1 4.07234E-1 4.28291E-1 4.28666E-1 5.94181E-1 7.338E-1 6.3809E-1 6.23061E-1 6.81415E-1 5.86975E-1 5.62298E-1 5.43313E-1 5.06784E-1 5.15333E-1 5.72294E-1 6.86625E-1 7.02924E-1 7.53565E-1 6.22274E-1 4.99296E-1
7.00491E-2 7.453E-2 9.37664E-2 8.50075E-2 1.05943E-1 1.01473E-1 1.25726E-1 1.38372E-1 1.72886E-1 2.40149E-1 2.17495E-1 2.45626E-1 2.74003E-1 3.07421E-1 3.41827E-1 3.54436E-1 3.63765E-1 4.08407E-1 3.094E-1 2.6139E-1 2.32449E-1 2.32592E-1 2.25483E-1 1.65005E-1 1.53749E-1 1.44868E-1 1.52499E-1 1.41384E-1 1.44004E-1 1.37347E-1 1.61294E-1 1.94988E-1 2.03256E-1 1.64928E-1 1.6647E-1 1.91123E-1 1.94246E-1 2.0283E-1 2.23404E-1 2.76621E-1 4.79786E-1 4.04871E-1 4.23061E-1 4.32589E-1 4.23958E-1 6.3369E-1 6.84012E-1 6.2737E-1 6.45117E-1 7.21516E-1 6.77173E-1 5.99879E-1 5.65708E-1 5.37432E-1 5.39157E-1 6.31913E-1 7.40916E-1 8.68487E-1 6.33824E-1 4.64162E-1 3.9216E-1
6.37238E-2 6.89302E-2 8.37846E-2 8.72766E-2 9.5692E-2 1.0796E-1 1.2625E-1 1.40721E-1 2.01125E-1 2.27243E-1 2.39397E-1 2.64909E-1 3.00351E-1 3.27143E-1 3.5616E-1 3.73652E-1 3.75384E-1 4.84668E-1 4.10503E-1 3.0209E-1 2.40352E-1 2.26074E-1 2.18309E-1 1.96546E-1 1.80511E-1 1.69889E-1 1.66881E-1 1.534E-1 1.46046E-1 1.59027E-1 1.7903E-1 1.79913E-1 1.89064E-1 1.89805E-1 1.86276E-1 1.9101E-1 1.84319E-1 1.97516E-1 2.09358E-1 2.55986E-1 4.14849E-1 3.98118E-1 3.94859E-1 4.98735E-1 7.09568E-1 7.44348E-1 7.19413E-1 6.91821E-1 7.32677E-1 7.82598E-1 7.40794E-1 6.51515E-1 5.96529E-1 5.14639E-1 4.79065E-1 6.05995E-1 7.68456E-1 8.74023E-1 8.54572E-1 7.35138E-1 5.77213E-1
7.21278E-2 7.1921E-2 8.94333E-2 9.14421E-2 9.9454E-2 1.38668E-1 1.35893E-1 1.70332E-1 2.14249E-1 2.53481E-1 2.61138E-1 2.95498E-1 3.17258E-1 3.4467E-1 3.74321E-1 3.91663E-1 3.90343E-1 4.02441E-1 4.6373E-1 3.2869E-1 2.63831E-1 2.5348E-1 2.61152E-1 2.30437E-1 2.04332E-1 1.95561E-1 1.74876E-1 1.69897E-1 1.65761E-1 1.67533E-1 1.69653E-1 1.7484E-1 1.87361E-1 2.19959E-1 2.07059E-1 2.09811E-1 2.11514E-1 2.12192E-1 2.2074E-1 2.79171E-1 4.05492E-1 6.0512E-1 5.73297E-1 7.50443E-1 6.97446E-1 7.77932E-1 8.46208E-1 8.16824E-1 8.30278E-1 8.08573E-1 7.60086E-1 7.00671E-1 6.63318E-1 6.00236E-1 5.545E-1 6.38925E-1 7.14253E-1 7.81936E-1 8.55959E-1 8.44583E-1 7.79941E-1
8.22924E-2 7.90926E-2 9.62466E-2 8.67051E-2 1.00808E-1 1.26001E-1 1.37822E-1 1.77788E-1 2.12748E-1 2.98503E-1 2.92518E-1 3.18146E-1 3.39802E-1 3.57765E-1 3.76796E-1 3.92374E-1 3.95162E-1 3.97983E-1 4.76096E-1 3.13707E-1 2.78524E-1 2.90069E-1 2.74161E-1 2.44028E-1 2.19255E-1 2.04728E-1 1.98272E-1 1.78126E-1 1.82084E-1 1.97039E-1 2.03153E-1 2.09563E-1 2.08908E-1 2.41486E-1 2.35558E-1 2.3168E-1 2.44851E-1 2.50429E-1 2.6391E-1 3.54785E-1 4.92148E-1 6.02525E-1 5.85845E-1 6.41143E-1 6.96215E-1 7.72713E-1 8.1794E-1 8.38099E-1 8.41419E-1 7.79772E-1 7.50056E-1 7.27125E-1 7.06545E-1 7.02793E-1 7.21006E-1 6.92902E-1 7.05711E-1 7.53379E-1 7.52315E-1 7.50876E-1 6.96941E-1
7.38019E-2 8.3142E-2 7.85361E-2 8.7171E-2 1.09474E-1 1.1755E-1 1.36595E-1 1.46397E-1 1.837E-1 3.63551E-1 3.13551E-1 3.38765E-1 3.64445E-1 3.80585E-1 3.92765E-1 4.09213E-1 4.08001E-1 4.20074E-1 4.88897E-1 3.01924E-1 2.53705E-1 2.5534E-1 2.56939E-1 2.48518E-1 2.18961E-1 2.05878E-1 1.88925E-1 1.9248E-1 2.22728E-1 2.26987E-1 2.23716E-1 2.25854E-1 2.51288E-1 2.8337E-1 2.94806E-1 3.10359E-1 3.08054E-1 3.41895E-1 3.68001E-1 4.70351E-1 5.99368E-1 6.26343E-1 5.90523E-1 6.2106E-1 6.64E-1 7.29229E-1 7.53591E-1 7.60524E-1 7.43782E-1 7.24822E-1 7.16016E-1 7.15803E-1 6.81976E-1 7.31532E-1 8.27071E-1 6.77611E-1 5.46332E-1 4.18531E-1 3.70976E-1 3.61171E-1 3.52124E-1
7.53815E-2 7.71131E-2 7.76792E-2 8.08722E-2 1.1908E-1 1.40801E-1 1.34291E-1 1.59008E-1 1.79614E-1 3.7506E-1 3.26512E-1 3.63849E-1 3.93615E-1 4.11699E-1 4.24907E-1 4.41672E-1 4.5203E-1 4.36261E-1 4.5326E-1 2.89308E-1 3.13594E-1 2.78538E-1 2.70062E-1 3.04337E-1 2.46709E-1 2.25455E-1 2.01004E-1 1.93285E-1 1.99445E-1 1.98087E-1 2.12089E-1 2.39154E-1 2.79066E-1 3.17176E-1 3.50014E-1 4.09452E-1 3.86718E-1 4.04298E-1 4.82149E-1 6.69861E-1 7.44008E-1 6.874E-1 5.75893E-1 5.92114E-1 6.2085E-1 6.58179E-1 6.94572E-1 6.36692E-1 5.01593E-1 5.20326E-1 5.9031E-1 6.8545E-1 7.67941E-1 7.85544E-1 6.55229E-1 5.47674E-1 3.77313E-1 3.3691E-1 3.1128E-1 3.36194E-1 4.80203E-1
8.14184E-2 8.83074E-2 8.79692E-2 8.02913E-2 9.30024E-2 1.05193E-1 1.42998E-1 1.91733E-1 2.03397E-1 3.8548E-1 3.5282E-1 3.94772E-1 4.19859E-1 4.35289E-1 4.54926E-1 4.65941E-1 4.84222E-1 4.74301E-1 3.91014E-1 2.65808E-1 2.85318E-1 2.85358E-1 2.77974E-1 2.9506E-1 2.72547E-1 2.48745E-1 2.17149E-1 2.02739E-1 2.01729E-1 1.94401E-1 2.16036E-1 2.79157E-1 3.3718E-1 4.01941E-1 3.99691E-1 3.94469E-1 4.53498E-1 5.15994E-1 6.34609E-1 5.02961E-1 6.0415E-1 7.86918E-1 6.74207E-1 6.65416E-1 6.80071E-1 7.16158E-1 4.48691E-1 3.33908E-1 3.50186E-1 3.84473E-1 4.09069E-1 4.33351E-1 4.59412E-1 4.35182E-1 4.10887E-1 4.00992E-1 3.63282E-1 3.42686E-1 4.11814E-1 5.75142E-1 4.81291E-1
8.27468E-2 9.99441E-2 8.46476E-2 8.09708E-2 9.06831E-2 1.06796E-1 1.43948E-1 1.76011E-1 2.19453E-1 4.00342E-1 3.6997E-1 4.03638E-1 4.38416E-1 4.60894E-1 4.78499E-1 5.02199E-1 5.13944E-1 4.45824E-1 2.80282E-1 2.55171E-1 2.59181E-1 2.79602E-1 2.93962E-1 2.77784E-1 2.60936E-1 2.39338E-1 2.18532E-1 2.1207E-1 2.18889E-1 2.23243E-1 2.43647E-1 2.6627E-1 3.26272E-1 4.26003E-1 4.43817E-1 4.44046E-1 4.86274E-1 5.6695E-1 5.73731E-1 6.57267E-1 7.17875E-1 7.26525E-1 7.4398E-1 7.38169E-1 5.38171E-1 3.52816E-1 3.18411E-1 3.33143E-1 3.55226E-1 3.89894E-1 4.07509E-1 4.29085E-1 4.35739E-1 4.34539E-1 3.9631E-1 4.42177E-1 5.96261E-1 5.23673E-1 4.50238E-1 4.66577E-1 3.99522E-1
9.46306E-2 8.02839E-2 7.99437E-2 8.46657E-2 8.86905E-2 1.08861E-1 1.44309E-1 1.72731E-1 2.02458E-1 2.86969E-1 4.0782E-1 4.05446E-1 4.4791E-1 4.77971E-1 4.95893E-1 5.20988E-1 5.22789E-1 2.3648E-1 2.32458E-1 2.60044E-1 2.60459E-1 2.71864E-1 2.69808E-1 2.52666E-1 2.49943E-1 2.41128E-1 2.27225E-1 2.1113E-1 2.26509E-1 2.39889E-1 2.64799E-1 3.06317E-1 3.02422E-1 3.2546E-1 3.92299E-1 4.38382E-1 5.05924E-1 6.11349E-1 5.32054E-1 6.80049E-1 7.67974E-1 7.76382E-1 5.30412E-1 4.03479E-1 3.77963E-1 3.42754E-1 3.36822E-1 3.45186E-1 3.68675E-1 3.73763E-1 4.10971E-1 4.36008E-1 4.64321E-1 5.4488E-1 6.45748E-1 5.49726E-1 4.78126E-1 4.31786E-1 4.0758E-1 4.15623E-1 3.74854E-1
8.92424E-2 8.45484E-2 8.68626E-2 9.11114E-2 9.36788E-2 1.16875E-1 1.42196E-1 1.72655E-1 2.07996E-1 2.33492E-1 4.38993E-1 3.97267E-1 4.372E-1 4.69029E-1 4.89561E-1 5.1426E-1 3.70736E-1 2.59932E-1 2.78305E-1 3.06169E-1 3.17349E-1 3.09126E-1 2.5774E-1 2.59608E-1 2.455E-1 2.46349E-1 2.43918E-1 2.37302E-1 2.37823E-1 2.2932E-1 2.50655E-1 2.51187E-1 2.5503E-1 2.88025E-1 3.42033E-1 3.99212E-1 6.09052E-1 3.84133E-1 4.55727E-1 4.31608E-1 5.42192E-1 4.94775E-1 4.35226E-1 4.21339E-1 3.94701E-1 3.74011E-1 3.66844E-1 3.506E-1 3.67193E-1 4.32675E-1 5.59024E-1 6.41783E-1 5.15317E-1 4.702E-1 4.48392E-1 4.19573E-1 3.99487E-1 4.00882E-1 3.83877E-1 3.8561E-1 3.4491E-1
8.93069E-2 8.61147E-2 8.95832E-2 9.12501E-2 1.02192E-1 1.24241E-1 1.41871E-1 1.80707E-1 2.30441E-1 2.3037E-1 2.75834E-1 4.44665E-1 4.13788E-1 4.84889E-1 4.37931E-1 3.53694E-1 2.7171E-1 2.59508E-1 3.06456E-1 3.0426E-1 2.89445E-1 2.78909E-1 2.54332E-1 2.56015E-1 2.58875E-1 2.718E-1 2.61848E-1 2.41535E-1 2.36739E-1 2.17838E-1 2.09474E-1 2.15522E-1 2.41609E-1 3.16043E-1 3.62207E-1 4.56958E-1 4.60967E-1 3.34722E-1 3.3448E-1 3.90765E-1 4.47407E-1 4.36132E-1 4.40674E-1 4.4207E-1 4.21596E-1 3.98719E-1 3.96255E-1 5.78045E-1 6.43936E-1 5.75608E-1 4.75471E-1 4.03271E-1 3.60693E-1 3.66723E-1 3.56237E-1 3.49473E-1 3.60609E-1 3.36599E-1 3.31414E-1 3.37025E-1 3.3885E-1
8.73239E-2 8.56815E-2 8.77921E-2 1.03307E-1 1.18489E-1 1.15316E-1 1.35436E-1 1.73284E-1 1.74707E-1 2.07157E-1 2.239E-1 2.30801E-1 2.42724E-1 2.55983E-1 2.40741E-1 2.41873E-1 2.29139E-1 2.2709E-1 2.91972E-1 2.73468E-1 2.73479E-1 2.59434E-1 2.49214E-1 2.87023E-1 2.85057E-1 2.61833E-1 2.51972E-1 2.2193E-1 2.33448E-1 2.09697E-1 1.94517E-1 1.99003E-1 2.61906E-1 3.25001E-1 3.24697E-1 2.79636E-1 3.13136E-1 4.75896E-1 4.71626E-1 5.11176E-1 3.51617E-1 4.15999E-1 4.5555E-1 5.57869E-1 5.4894E-1 5.32482E-1 7.01866E-1 6.38384E-1 6.02046E-1 5.1138E-1 4.03301E-1 3.32607E-1 3.13398E-1 3.34598E-1 2.92987E-1 3.09462E-1 3.16387E-1 2.80527E-1 2.93964E-1 3.07168E-1 3.00603E-1
8.93075E-2 9.53532E-2 1.01501E-1 1.26191E-1 1.16373E-1 1.29401E-1 1.84235E-1 1.50421E-1 1.31071E-1 1.565E-1 1.75762E-1 2.03584E-1 1.97999E-1 1.87326E-1 1.72103E-1 1.78301E-1 1.80315E-1 2.22709E-1 2.28652E-1 2.36184E-1 2.40709E-1 2.91788E-1 2.76868E-1 2.86284E-1 2.88889E-1 2.48566E-1 2.33853E-1 2.32239E-1 2.13361E-1 2.21434E-1 2.0049E-1 2.07895E-1 2.34227E-1 2.49009E-1 2.38873E-1 2.62351E-1 2.77443E-1 3.19301E-1 3.68185E-1 3.95633E-1 5.186E-1 5.77862E-1 5.57801E-1 5.50667E-1 6.15111E-1 6.19787E-1 6.09128E-1 5.99935E-1 5.65503E-1 4.5054E-1 3.27702E-1 3.23986E-1 2.318E-1 2.15255E-1 2.37433E-1 2.76632E-1 2.91722E-1 2.86264E-1 2.79597E-1 2.72255E-1 2.7132E-1
1.26881E-1 1.22415E-1 1.34995E-1 1.36972E-1 1.63188E-1 1.37857E-1 1.92369E-1 1.50475E-1 1.30095E-1 1.28907E-1 1.50057E-1 1.70555E-1 1.65312E-1 1.52476E-1 1.68279E-1 1.8384E-1 2.12381E-1 2.36095E-1 2.26296E-1 2.34002E-1 2.60411E-1 2.92109E-1 2.85887E-1 2.81177E-1 2.7212E-1 2.89995E-1 2.53793E-1 2.17702E-1 2.35943E-1 2.57287E-1 2.3284E-1 2.23408E-1 2.14117E-1 2.20876E-1 2.4993E-1 2.58753E-1 2.65537E-1 2.82123E-1 2.81649E-1 2.6668E-1 3.09798E-1 3.35692E-1 3.76083E-1 4.19805E-1 4.85724E-1 5.43091E-1 5.54408E-1 5.23192E-1 4.81542E-1 3.93347E-1 2.86782E-1 2.60826E-1 2.27402E-1 2.31296E-1 2.05525E-1 2.28736E-1 2.54145E-1 2.69993E-1 2.30859E-1 2.35549E-1 2.81682E-1
1.29081E-1 1.18883E-1 1.2979E-1 1.42071E-1 1.24982E-1 1.29198E-1 1.30872E-1 1.36127E-1 1.46562E-1 1.53072E-1 1.61921E-1 1.65026E-1 1.66455E-1 1.60272E-1 1.61561E-1 1.58105E-1 1.84324E-1 2.01023E-1 2.24039E-1 2.51395E-1 2.64926E-1 2.5815E-1 2.56184E-1 2.64347E-1 2.94786E-1 3.14494E-1 2.43171E-1 2.29282E-1 2.31717E-1 2.52948E-1 2.77365E-1 2.63213E-1 2.54079E-1 2.71744E-1 2.88262E-1 2.6436E-1 2.8238E-1 2.94641E-1 2.85768E-1 2.81878E-1 2.93295E-1 3.13912E-1 3.50013E-1 3.67723E-1 4.04116E-1 4.22582E-1 4.64606E-1 4.6738E-1 4.12144E-1 3.69586E-1 2.98372E-1 2.53241E-1 2.22171E-1 2.10139E-1 2.1519E-1 2.14978E-1 2.33085E-1 2.61835E-1 2.40206E-1 2.28674E-1 2.56062E-1
1.24078E-1 1.23766E-1 1.28587E-1 1.33516E-1 1.39843E-1 1.33971E-1 1.32277E-1 1.35362E-1 1.43274E-1 1.49567E-1 1.5207E-1 1.57373E-1 1.62388E-1 1.71928E-1 1.68346E-1 1.82827E-1 1.9206E-1 2.17875E-1 2.38916E-1 2.55878E-1 2.58242E-1 2.54527E-1 2.60811E-1 2.65918E-1 2.72833E-1 2.81757E-1 2.91221E-1 2.82602E-1 2.5865E-1 2.5131E-1 2.67373E-1 2.77471E-1 3.00643E-1 2.88486E-1 2.77357E-1 2.68518E-1 2.69924E-1 2.8268E-1 2.62348E-1 2.68726E-1 2.92174E-1 3.14431E-1 3.13228E-1 3.13543E-1 3.10243E-1 3.06505E-1 3.75895E-1 3.85285E-1 3.33073E-1 3.1924E-1 2.80546E-1 2.31932E-1 2.22265E-1 2.06883E-1 2.35947E-1 2.84618E-1 2.48176E-1 2.47604E-1 2.79313E-1 2.97024E-1 3.00365E-1
1.36133E-1 1.41027E-1 1.34326E-1 1.35156E-1 1.46477E-1 1.47189E-1 1.49143E-1 1.49319E-1 1.58764E-1 1.7191E-1 1.6161E-1 1.55842E-1 1.66134E-1 1.73332E-1 1.85603E-1 2.18881E-1 2.29685E-1 2.5484E-1 2.71062E-1 2.80024E-1 2.82996E-1 2.65912E-1 2.80683E-1 2.5658E-1 2.61516E-1 2.69098E-1 2.76867E-1 2.90568E-1 2.83376E-1 2.66728E-1 3.00603E-1 3.43678E-1 3.28054E-1 2.95954E-1 2.925E-1 2.80994E-1 2.70913E-1 2.63039E-1 2.5969E-1 3.00465E-1 3.41419E-1 3.32729E-1 3.04442E-1 2.74732E-1 2.69427E-1 2.7755E-1 2.79078E-1 3.27909E-1 3.00007E-1 2.78782E-1 2.55263E-1 2.43754E-1 2.41165E-1 2.5942E-1 2.53975E-1 2.6279E-1 2.7565E-1 2.51611E-1 2.46726E-1 2.76083E-1 2.75367E-1
1.65871E-1 1.77869E-1 1.74845E-1 1.50896E-1 1.54778E-1 1.57378E-1 1.54737E-1 1.63495E-1 1.5511E-1 1.5326E-1 1.54034E-1 1.60597E-1 1.67117E-1 1.79296E-1 2.01233E-1 2.32582E-1 2.44833E-1 2.62544E-1 2.72855E-1 2.76188E-1 2.71333E-1 2.60395E-1 2.70501E-1 2.63841E-1 2.57692E-1 2.69429E-1 2.7287E-1 2.7526E-1 3.17778E-1 3.25513E-1 2.81684E-1 2.92988E-1 2.8911E-1 2.86309E-1 2.91067E-1 2.80943E-1 2.68555E-1 2.49645E-1 2.48763E-1 3.08901E-1 3.01575E-1 3.16934E-1 3.09795E-1 3.07811E-1 2.70029E-1 2.55168E-1 2.57796E-1 2.89365E-1 3.07855E-1 2.64893E-1 2.55691E-1 2.70324E-1 2.79673E-1 2.92194E-1 2.97892E-1 3.30658E-1 3.27081E-1 2.91317E-1 2.78945E-1 2.63166E-1 2.92321E-1
