data/maxent/outputs/white_89.asc
ncols         426
nrows         180
xllcorner     -130.0
yllcorner     24.0
cellsize      0.16666666666666666
NODATA_value  -9999
[rows 108 to 134 of 180, columns 244 to 304 of 426]
7.16213E-1 7.15123E-1 7.01993E-1 6.98443E-1 6.90171E-1 6.68308E-1 6.43484E-1 6.26968E-1 6.5945E-1 5.91482E-1 6.04882E-1 6.22704E-1 6.43466E-1 6.65911E-1 6.91154E-1 7.00927E-1 6.95374E-1 7.07947E-1 7.0006E-1 7.08588E-1 7.09067E-1 7.02338E-1 6.94486E-1 6.85461E-1 6.70113E-1 6.70065E-1 6.76346E-1 6.76366E-1 6.85732E-1 7.02846E-1 7.38374E-1 7.58376E-1 7.43256E-1 6.96059E-1 6.99129E-1 7.26696E-1 7.26093E-1 7.45359E-1 7.78733E-1 7.75437E-1 7.86586E-1 7.86605E-1 7.80531E-1 7.99179E-1 8.41176E-1 8.41736E-1 8.16676E-1 8.1751E-1 8.04374E-1 7.93224E-1 8.02771E-1 8.05683E-1 8.07766E-1 8.32781E-1 8.37098E-1 8.28017E-1 8.06543E-1 7.98995E-1 7.7441E-1 7.82554E-1 8.04131E-1
6.93745E-1 6.95908E-1 6.97105E-1 6.91037E-1 6.77066E-1 6.63337E-1 6.52643E-1 6.16778E-1 6.13878E-1 5.96785E-1 5.95063E-1 6.04245E-1 6.21495E-1 6.46389E-1 6.74621E-1 6.78089E-1 6.84936E-1 6.88464E-1 6.92545E-1 6.93589E-1 6.90319E-1 6.97114E-1 6.95031E-1 6.78484E-1 6.61387E-1 6.62053E-1 6.61579E-1 6.87564E-1 6.75493E-1 6.87125E-1 7.28614E-1 7.01802E-1 7.02548E-1 7.08279E-1 7.18419E-1 7.31641E-1 7.77523E-1 7.81443E-1 7.77438E-1 7.72249E-1 7.47988E-1 8.1207E-1 8.1227E-1 8.40514E-1 8.50442E-1 8.29001E-1 8.30754E-1 8.21312E-1 8.20143E-1 8.15535E-1 8.29547E-1 8.14408E-1 8.26706E-1 8.48433E-1 8.46484E-1 8.23669E-1 8.01174E-1 7.90912E-1 7.59641E-1 7.73024E-1 7.88719E-1
6.73112E-1 6.81698E-1 6.89227E-1 6.84389E-1 6.60907E-1 6.49673E-1 6.32255E-1 6.19229E-1 6.11381E-1 5.95197E-1 5.98618E-1 6.04655E-1 6.13886E-1 6.38008E-1 6.47581E-1 6.62565E-1 6.7284E-1 6.77144E-1 6.80137E-1 6.81503E-1 6.83381E-1 7.00858E-1 6.92308E-1 6.67314E-1 6.57644E-1 6.56025E-1 6.4555E-1 6.56141E-1 6.49334E-1 6.71753E-1 7.13226E-1 7.00122E-1 7.20819E-1 7.30488E-1 7.38075E-1 7.3682E-1 7.38808E-1 7.50615E-1 7.45441E-1 7.7687E-1 7.9401E-1 8.02813E-1 8.29424E-1 8.29696E-1 8.32926E-1 8.54284E-1 8.39452E-1 8.14275E-1 8.02345E-1 8.26172E-1 8.61378E-1 8.26091E-1 8.32452E-1 8.37995E-1 8.38094E-1 8.0264E-1 7.94498E-1 7.66533E-1 7.35874E-1 7.42817E-1 7.53433E-1
6.61075E-1 6.67176E-1 6.65037E-1 6.5203E-1 6.32956E-1 6.22394E-1 6.16642E-1 6.19957E-1 6.18717E-1 5.91534E-1 5.97169E-1 6.06876E-1 6.18729E-1 6.35715E-1 6.50492E-1 6.56401E-1 6.57399E-1 6.59358E-1 6.67374E-1 6.68832E-1 6.78447E-1 6.79348E-1 6.66431E-1 6.68509E-1 6.63666E-1 6.56529E-1 6.56338E-1 6.49557E-1 6.49359E-1 6.77061E-1 6.86993E-1 7.14711E-1 6.9791E-1 6.85748E-1 6.92516E-1 6.98552E-1 7.10176E-1 7.40619E-1 7.54706E-1 7.80553E-1 7.77064E-1 7.77447E-1 8.2342E-1 8.14131E-1 8.11571E-1 8.1975E-1 7.98235E-1 8.01832E-1 8.04492E-1 8.23042E-1 8.59777E-1 8.40064E-1 8.16224E-1 8.02149E-1 7.80425E-1 7.89556E-1 7.71514E-1 7.39386E-1 7.26224E-1 7.18145E-1 7.28282E-1
6.54209E-1 6.49935E-1 6.37525E-1 6.1286E-1 6.02836E-1 6.04505E-1 6.0916E-1 5.99832E-1 5.94921E-1 5.99882E-1 6.04432E-1 6.12268E-1 6.21616E-1 6.33871E-1 6.40984E-1 6.39291E-1 6.4156E-1 6.42124E-1 6.62157E-1 6.58858E-1 6.66645E-1 6.63664E-1 6.59846E-1 6.60716E-1 6.57947E-1 6.78949E-1 6.64135E-1 6.63296E-1 6.80289E-1 6.84736E-1 6.82842E-1 6.98155E-1 6.80456E-1 6.80106E-1 6.95167E-1 6.81315E-1 7.02815E-1 7.08988E-1 7.35237E-1 7.47744E-1 7.80435E-1 8.039E-1 8.32866E-1 8.01087E-1 7.91687E-1 7.9567E-1 7.89755E-1 8.04471E-1 8.09316E-1 8.31601E-1 8.57741E-1 8.48057E-1 8.01071E-1 7.71734E-1 7.41912E-1 7.43812E-1 7.22263E-1 7.25791E-1 7.03327E-1 6.97456E-1 6.82194E-1
6.33846E-1 6.26928E-1 6.10406E-1 5.94931E-1 5.89519E-1 5.89224E-1 6.15592E-1 5.89059E-1 5.97382E-1 6.11363E-1 6.15556E-1 6.2181E-1 6.24562E-1 6.3078E-1 6.32411E-1 6.27292E-1 6.27361E-1 6.33029E-1 6.48497E-1 6.60062E-1 6.53374E-1 6.49734E-1 6.51649E-1 6.77764E-1 6.91842E-1 6.81591E-1 6.69758E-1 6.73454E-1 7.0823E-1 6.75852E-1 6.6177E-1 6.47948E-1 6.44395E-1 6.80275E-1 6.86375E-1 6.76008E-1 6.82924E-1 6.99461E-1 7.74592E-1 7.72758E-1 7.9785E-1 8.07015E-1 8.01607E-1 7.95851E-1 7.95338E-1 7.97372E-1 7.94571E-1 7.89298E-1 8.00095E-1 8.23795E-1 8.25435E-1 8.14316E-1 7.74041E-1 7.45926E-1 7.17032E-1 6.92365E-1 6.78938E-1 6.68121E-1 6.50747E-1 6.57625E-1 6.60145E-1
6.29505E-1 6.06373E-1 5.94588E-1 5.88001E-1 5.88184E-1 5.79204E-1 5.98632E-1 6.16273E-1 6.1612E-1 6.23627E-1 6.41854E-1 6.39536E-1 6.32414E-1 6.25392E-1 6.27193E-1 6.21807E-1 6.27409E-1 6.37445E-1 6.49596E-1 6.51177E-1 6.36471E-1 6.29222E-1 6.46015E-1 6.53462E-1 6.53673E-1 6.6324E-1 6.69852E-1 6.98207E-1 7.10669E-1 6.56322E-1 6.42846E-1 6.5964E-1 6.63442E-1 6.95793E-1 6.91189E-1 6.88879E-1 7.16953E-1 7.60746E-1 7.97014E-1 7.85352E-1 7.74747E-1 7.95892E-1 7.98556E-1 7.99678E-1 8.10541E-1 8.01113E-1 7.82763E-1 7.76653E-1 7.77982E-1 7.85262E-1 7.90506E-1 7.76806E-1 7.54666E-1 7.35918E-1 7.01352E-1 6.79487E-1 6.5816E-1 6.20373E-1 6.14406E-1 6.03823E-1 6.03051E-1
6.17585E-1 5.93919E-1 5.84282E-1 5.80374E-1 5.76837E-1 5.66785E-1 5.7319E-1 5.88415E-1 6.12979E-1 6.41798E-1 6.54873E-1 6.50381E-1 6.57433E-1 6.45876E-1 6.22448E-1 6.20908E-1 6.39517E-1 6.29475E-1 6.43425E-1 6.35415E-1 6.35682E-1 6.29051E-1 6.31186E-1 6.52972E-1 6.44825E-1 6.6724E-1 6.8205E-1 7.06214E-1 6.77692E-1 6.77386E-1 6.58384E-1 6.54883E-1 6.96867E-1 7.24925E-1 7.19192E-1 7.38271E-1 7.50022E-1 7.43823E-1 7.764E-1 7.59048E-1 7.70015E-1 7.85246E-1 7.93537E-1 7.91157E-1 7.98081E-1 7.93319E-1 7.8131E-1 7.64807E-1 7.55633E-1 7.43716E-1 7.5163E-1 7.44361E-1 7.37562E-1 7.27889E-1 6.97474E-1 6.57223E-1 6.35818E-1 6.18835E-1 6.0824E-1 5.97893E-1 5.9427E-1
6.06557E-1 5.8594E-1 5.7538E-1 5.73179E-1 5.68797E-1 5.6847E-1 5.79373E-1 5.69589E-1 5.90598E-1 6.08795E-1 6.21044E-1 6.25727E-1 6.2211E-1 6.27724E-1 6.28053E-1 6.17783E-1 6.23512E-1 6.19769E-1 6.23383E-1 6.46585E-1 6.30309E-1 6.25296E-1 6.31767E-1 6.38143E-1 6.36787E-1 6.64528E-1 6.46505E-1 6.69108E-1 6.74373E-1 6.68306E-1 6.82007E-1 6.77077E-1 6.79833E-1 6.88712E-1 6.82985E-1 7.24532E-1 7.36199E-1 7.41177E-1 7.43445E-1 7.5973E-1 7.6039E-1 7.76638E-1 7.79754E-1 7.82752E-1 7.85873E-1 7.76055E-1 7.62512E-1 7.44783E-1 7.35651E-1 7.28766E-1 7.14891E-1 7.24517E-1 7.24169E-1 6.9589E-1 6.88551E-1 6.61402E-1 6.35626E-1 6.19788E-1 6.05937E-1 6.01183E-1 5.97929E-1
5.95589E-1 5.86366E-1 5.84048E-1 5.75939E-1 5.73915E-1 5.67545E-1 5.60699E-1 5.6091E-1 5.70812E-1 5.92623E-1 6.07882E-1 6.13033E-1 6.10504E-1 6.13193E-1 6.12053E-1 6.16821E-1 6.16596E-1 6.19474E-1 6.53651E-1 6.2403E-1 6.14277E-1 6.16918E-1 6.14345E-1 6.12665E-1 6.47845E-1 6.44058E-1 6.41805E-1 6.41198E-1 6.5886E-1 6.58438E-1 6.61101E-1 6.52728E-1 6.76385E-1 6.83044E-1 7.09968E-1 7.21048E-1 7.09248E-1 7.3428E-1 7.60166E-1 7.54988E-1 7.49134E-1 7.55045E-1 7.57688E-1 7.6168E-1 7.71297E-1 7.60634E-1 7.4027E-1 7.28219E-1 7.18693E-1 7.19327E-1 7.07403E-1 7.05423E-1 6.9157E-1 6.79333E-1 6.69785E-1 6.52747E-1 6.275E-1 6.18824E-1 6.02476E-1 5.99994E-1 5.97429E-1
5.8529E-1 5.9592E-1 5.92441E-1 5.85263E-1 5.79245E-1 5.67923E-1 5.6281E-1 5.62553E-1 5.6322E-1 5.78325E-1 5.92705E-1 6.00156E-1 5.99364E-1 6.12313E-1 6.22599E-1 6.2245E-1 6.14189E-1 6.04996E-1 6.12362E-1 6.04112E-1 5.92633E-1 6.05149E-1 6.26693E-1 6.26062E-1 6.45533E-1 6.46086E-1 6.49548E-1 6.72192E-1 6.73652E-1 6.53497E-1 6.52779E-1 6.91952E-1 7.25137E-1 6.95791E-1 7.05748E-1 7.15506E-1 7.06477E-1 7.08683E-1 7.13117E-1 7.29393E-1 7.31906E-1 7.32506E-1 7.35399E-1 7.51163E-1 7.61601E-1 7.38005E-1 7.22581E-1 7.09994E-1 7.03372E-1 6.96877E-1 6.92213E-1 6.66034E-1 6.54127E-1 6.47491E-1 6.32209E-1 6.22778E-1 6.21173E-1 6.18154E-1 6.09769E-1 5.93359E-1 5.95786E-1
5.84562E-1 5.95349E-1 5.96213E-1 5.83178E-1 5.8071E-1 5.82487E-1 5.66659E-1 5.70141E-1 5.69129E-1 5.72097E-1 5.8193E-1 5.84379E-1 5.98225E-1 6.15128E-1 6.1334E-1 6.08988E-1 6.0307E-1 5.95235E-1 5.91995E-1 5.86413E-1 5.79432E-1 5.72496E-1 6.00869E-1 6.21673E-1 6.29982E-1 6.37829E-1 6.5394E-1 6.77689E-1 7.06771E-1 7.14319E-1 7.18221E-1 7.03467E-1 7.07474E-1 6.98258E-1 7.07357E-1 7.13144E-1 7.09861E-1 6.95504E-1 6.90332E-1 7.02543E-1 7.21199E-1 7.12061E-1 7.2023E-1 7.2533E-1 7.27978E-1 7.09506E-1 7.01378E-1 7.1338E-1 6.96442E-1 6.65165E-1 6.59361E-1 6.38889E-1 6.21108E-1 6.12726E-1 5.99142E-1 6.0414E-1 6.13656E-1 6.10968E-1 6.06772E-1 5.98716E-1 6.02355E-1
5.79007E-1 5.88146E-1 5.90751E-1 5.85641E-1 5.98835E-1 5.96282E-1 5.7494E-1 5.69495E-1 5.58349E-1 5.54348E-1 5.68508E-1 5.69206E-1 5.66521E-1 5.78379E-1 5.80779E-1 5.91851E-1 5.93306E-1 5.98445E-1 5.91024E-1 5.91936E-1 5.86541E-1 5.98927E-1 6.18009E-1 6.23327E-1 6.24994E-1 6.45109E-1 6.53235E-1 6.64067E-1 7.03382E-1 7.47057E-1 7.53929E-1 7.39451E-1 7.15285E-1 7.05032E-1 7.08415E-1 7.16173E-1 6.99856E-1 6.88159E-1 6.8266E-1 6.94197E-1 7.15692E-1 7.2737E-1 7.12943E-1 7.10504E-1 7.08655E-1 6.94167E-1 6.72357E-1 6.53176E-1 6.35428E-1 6.16361E-1 6.10295E-1 6.06134E-1 6.08399E-1 6.00687E-1 5.95221E-1 6.01929E-1 6.07122E-1 6.05897E-1 6.00764E-1 6.04436E-1 6.00611E-1
5.81596E-1 5.81678E-1 5.83529E-1 5.94877E-1 6.09293E-1 6.15662E-1 5.79733E-1 5.59008E-1 5.42618E-1 5.40296E-1 5.55965E-1 5.52559E-1 5.46029E-1 5.48276E-1 5.72E-1 5.89961E-1 6.17641E-1 5.96384E-1 5.91157E-1 5.98685E-1 5.96292E-1 6.25503E-1 6.25195E-1 6.0715E-1 6.27547E-1 6.46425E-1 6.48648E-1 6.62713E-1 7.06116E-1 7.52678E-1 7.59165E-1 7.36793E-1 7.15577E-1 7.07181E-1 6.95181E-1 6.83474E-1 6.73004E-1 6.69919E-1 6.80822E-1 6.99288E-1 7.07955E-1 7.21476E-1 7.42378E-1 7.01973E-1 7.0278E-1 6.73585E-1 6.3323E-1 6.1303E-1 5.98729E-1 5.98637E-1 6.06217E-1 6.1381E-1 6.21412E-1 6.02063E-1 5.98795E-1 6.0034E-1 5.97003E-1 5.97425E-1 5.95791E-1 5.9848E-1 6.06625E-1
5.68281E-1 5.74828E-1 5.82829E-1 6.04531E-1 6.14237E-1 6.31771E-1 5.8954E-1 5.63568E-1 5.44019E-1 5.39443E-1 5.50585E-1 5.62658E-1 5.64089E-1 5.66537E-1 6.00337E-1 6.52182E-1 6.13499E-1 6.022E-1 6.12431E-1 6.0083E-1 6.07717E-1 6.14765E-1 5.97489E-1 6.06887E-1 6.13136E-1 6.30018E-1 6.46061E-1 6.56508E-1 6.85381E-1 7.27472E-1 7.2024E-1 7.02023E-1 7.00928E-1 6.93944E-1 6.83827E-1 6.74533E-1 6.6744E-1 6.46805E-1 6.60614E-1 6.88655E-1 7.1137E-1 7.18335E-1 7.05878E-1 7.07237E-1 6.83302E-1 6.46284E-1 6.04217E-1 5.91692E-1 5.92722E-1 5.90355E-1 6.00663E-1 6.03384E-1 6.19612E-1 6.43933E-1 6.28308E-1 6.02674E-1 5.95123E-1 5.96864E-1 5.927E-1 5.99467E-1 6.00254E-1
5.67343E-1 5.68315E-1 5.79817E-1 5.93603E-1 5.90028E-1 6.07016E-1 5.8562E-1 5.58934E-1 5.47335E-1 5.61697E-1 5.83114E-1 5.92829E-1 5.8494E-1 5.86443E-1 6.27968E-1 6.51285E-1 6.17643E-1 5.90126E-1 6.06675E-1 5.95877E-1 6.06127E-1 5.92051E-1 5.85269E-1 5.80222E-1 6.03163E-1 6.11737E-1 6.24277E-1 6.48419E-1 6.65861E-1 6.86301E-1 6.89466E-1 6.81804E-1 6.77097E-1 6.78231E-1 6.6695E-1 6.73847E-1 6.75374E-1 6.46698E-1 6.51244E-1 6.74551E-1 6.87876E-1 7.04E-1 7.08557E-1 7.03875E-1 6.71544E-1 6.33827E-1 5.96248E-1 5.851E-1 5.90959E-1 5.95954E-1 6.02194E-1 6.01567E-1 6.06982E-1 6.26842E-1 6.78477E-1 6.52466E-1 6.17503E-1 6.05555E-1 5.97434E-1 6.07402E-1 6.29238E-1
5.55223E-1 5.71111E-1 5.76087E-1 5.73542E-1 5.7969E-1 5.80842E-1 5.79949E-1 5.64961E-1 5.65227E-1 5.94909E-1 6.37973E-1 6.33804E-1 6.03778E-1 5.83863E-1 5.76133E-1 5.92013E-1 5.70587E-1 5.81157E-1 5.80606E-1 5.93743E-1 5.78283E-1 5.52868E-1 5.77124E-1 5.74091E-1 5.80254E-1 5.81328E-1 5.97455E-1 6.18021E-1 6.36036E-1 6.46142E-1 6.596E-1 6.42578E-1 6.4071E-1 6.48515E-1 6.60173E-1 6.70136E-1 6.75126E-1 6.58022E-1 6.49136E-1 6.57309E-1 6.74826E-1 6.85228E-1 6.80302E-1 6.61908E-1 6.4188E-1 6.15584E-1 6.03425E-1 5.8781E-1 5.91202E-1 5.97301E-1 6.04034E-1 6.07168E-1 6.04465E-1 6.06883E-1 6.07712E-1 6.81797E-1 6.32646E-1 6.21808E-1 6.20977E-1 6.29687E-1 6.51029E-1
5.49997E-1 5.55847E-1 5.58514E-1 5.63964E-1 5.67436E-1 5.76459E-1 5.75544E-1 5.7262E-1 5.8043E-1 6.0246E-1 6.35845E-1 6.38107E-1 6.2391E-1 5.84243E-1 5.61318E-1 5.57836E-1 5.69633E-1 5.7351E-1 5.73638E-1 5.66672E-1 5.51468E-1 5.54208E-1 5.51535E-1 5.5926E-1 5.80946E-1 6.03292E-1 5.80459E-1 5.99469E-1 6.08272E-1 6.18859E-1 6.1978E-1 6.1413E-1 6.1665E-1 6.37382E-1 6.51646E-1 6.64616E-1 6.79942E-1 6.63963E-1 6.55443E-1 6.5696E-1 6.58648E-1 6.66488E-1 6.60504E-1 6.43512E-1 6.24635E-1 5.99581E-1 5.973E-1 5.98283E-1 5.96147E-1 5.98465E-1 6.05384E-1 6.05598E-1 6.03984E-1 6.06846E-1 6.07535E-1 6.15516E-1 6.28296E-1 6.19663E-1 6.33629E-1 6.56919E-1 6.5825E-1
5.49374E-1 5.4812E-1 5.55037E-1 5.62137E-1 5.59489E-1 5.62817E-1 5.71929E-1 5.69029E-1 5.83231E-1 6.02192E-1 6.21996E-1 6.58256E-1 6.46127E-1 6.24638E-1 5.78727E-1 5.67321E-1 5.67213E-1 5.72984E-1 5.58331E-1 5.53062E-1 5.83022E-1 5.59883E-1 5.5279E-1 5.60734E-1 5.78651E-1 5.8006E-1 5.74197E-1 6.00507E-1 6.08656E-1 6.16732E-1 6.06038E-1 6.09611E-1 6.08504E-1 6.49512E-1 6.53953E-1 6.54402E-1 6.54728E-1 6.4987E-1 6.47882E-1 6.4573E-1 6.40861E-1 6.38812E-1 6.32468E-1 6.1571E-1 6.04082E-1 5.94861E-1 5.96438E-1 6.04668E-1 5.999E-1 6.04167E-1 6.08444E-1 6.05416E-1 6.05978E-1 6.10905E-1 6.17023E-1 6.3752E-1 6.6119E-1 6.5672E-1 6.71035E-1 -9999 -9999
5.62287E-1 5.60519E-1 5.52374E-1 5.55402E-1 5.59282E-1 5.50878E-1 5.60319E-1 5.73077E-1 5.83021E-1 5.9023E-1 5.94231E-1 6.16364E-1 6.18702E-1 6.14241E-1 5.91327E-1 5.75713E-1 5.68724E-1 5.73322E-1 5.62951E-1 5.82325E-1 6.42789E-1 5.80435E-1 5.56212E-1 5.60125E-1 5.65263E-1 5.8935E-1 5.91743E-1 5.94349E-1 5.93813E-1 6.0001E-1 6.0094E-1 6.07706E-1 6.11583E-1 6.31092E-1 6.42616E-1 6.37988E-1 6.30488E-1 6.35475E-1 6.33489E-1 6.29548E-1 6.24333E-1 6.15716E-1 6.07585E-1 6.03224E-1 5.98131E-1 6.03046E-1 6.05144E-1 6.13804E-1 6.05446E-1 6.04281E-1 6.09938E-1 6.12133E-1 6.18244E-1 6.26716E-1 6.31758E-1 6.49024E-1 6.86695E-1 6.88717E-1 -9999 -9999 -9999
5.56482E-1 5.54634E-1 5.46649E-1 5.56946E-1 5.50549E-1 5.4598E-1 5.43372E-1 5.60958E-1 5.74076E-1 5.82194E-1 5.81492E-1 5.80482E-1 5.76394E-1 5.91165E-1 5.95156E-1 5.83067E-1 5.76786E-1 5.89029E-1 6.05189E-1 5.8616E-1 5.86108E-1 5.69164E-1 5.69619E-1 5.82456E-1 5.74315E-1 6.01485E-1 6.14306E-1 5.97497E-1 5.94009E-1 6.06735E-1 6.14347E-1 6.07603E-1 6.17133E-1 6.31755E-1 6.37832E-1 6.33778E-1 6.37491E-1 6.32215E-1 6.23903E-1 6.18825E-1 6.16206E-1 6.13154E-1 6.09077E-1 6.04774E-1 6.09147E-1 6.1082E-1 6.11702E-1 6.11735E-1 6.15261E-1 6.11002E-1 6.2338E-1 6.46885E-1 6.64971E-1 6.71397E-1 6.84648E-1 6.70757E-1 6.92377E-1 -9999 -9999 -9999 -9999
5.64491E-1 5.52584E-1 5.51395E-1 5.59274E-1 5.50795E-1 5.38299E-1 5.41263E-1 5.47004E-1 5.60789E-1 5.57292E-1 5.66033E-1 5.80156E-1 5.74313E-1 5.94159E-1 5.95646E-1 6.00386E-1 5.9497E-1 6.26274E-1 6.50575E-1 6.0911E-1 5.84997E-1 5.79304E-1 5.761E-1 5.78308E-1 5.79973E-1 5.98635E-1 6.28245E-1 6.15276E-1 6.07299E-1 5.99597E-1 6.00055E-1 6.1288E-1 6.22037E-1 6.2769E-1 6.28385E-1 6.39017E-1 6.36573E-1 6.30668E-1 6.2361E-1 6.16673E-1 6.22966E-1 6.16973E-1 6.07027E-1 6.07214E-1 6.15937E-1 6.27006E-1 6.17091E-1 6.15563E-1 6.18333E-1 6.25674E-1 6.4837E-1 6.82777E-1 6.83467E-1 6.94683E-1 6.94003E-1 -9999 -9999 -9999 -9999 -9999 -9999
5.66932E-1 5.53929E-1 5.50552E-1 5.50816E-1 5.38585E-1 5.36584E-1 5.33465E-1 5.44429E-1 5.54998E-1 5.57352E-1 5.65665E-1 5.76335E-1 5.83021E-1 5.9385E-1 5.9502E-1 5.91166E-1 5.92586E-1 5.89809E-1 5.99976E-1 5.93526E-1 5.86738E-1 5.8843E-1 5.8974E-1 5.85127E-1 5.82417E-1 5.98042E-1 6.14854E-1 6.10605E-1 6.02338E-1 6.07891E-1 6.18787E-1 6.27216E-1 6.33215E-1 6.31523E-1 6.287E-1 6.28059E-1 6.28002E-1 6.20999E-1 6.15639E-1 6.24712E-1 6.29263E-1 6.24026E-1 6.09839E-1 6.12266E-1 6.18649E-1 6.19943E-1 6.20007E-1 6.22605E-1 6.26815E-1 6.42622E-1 6.64428E-1 6.93798E-1 6.95832E-1 6.97175E-1 -9999 -9999 -9999 -9999 -9999 -9999 -9999
5.72677E-1 5.61145E-1 5.5103E-1 5.52591E-1 5.36306E-1 5.40064E-1 5.40346E-1 5.42441E-1 5.50401E-1 5.5981E-1 5.67389E-1 5.8472E-1 6.01657E-1 5.93584E-1 5.8952E-1 5.9202E-1 5.85475E-1 5.94883E-1 6.04293E-1 6.16681E-1 6.11719E-1 6.1197E-1 5.9824E-1 5.96884E-1 5.89343E-1 6.08153E-1 6.07569E-1 6.10834E-1 6.06964E-1 6.14849E-1 6.36371E-1 6.39306E-1 6.44078E-1 6.44391E-1 6.30414E-1 6.14725E-1 6.13192E-1 6.17929E-1 6.1987E-1 6.26407E-1 6.31384E-1 6.22102E-1 6.16541E-1 6.14055E-1 6.22061E-1 6.28885E-1 6.25694E-1 6.35023E-1 6.49987E-1 6.8036E-1 6.91197E-1 6.97041E-1 -9999 -9999 -9999 -9999 -9999 -9999 -9999 -9999 -9999
5.94327E-1 5.82153E-1 5.71234E-1 5.52759E-1 5.45971E-1 5.35655E-1 5.38198E-1 5.55176E-1 5.49168E-1 5.63818E-1 5.7171E-1 5.80502E-1 5.84792E-1 5.87252E-1 5.89102E-1 5.94864E-1 5.95068E-1 5.9458E-1 5.96953E-1 5.99279E-1 5.97291E-1 5.99397E-1 5.99056E-1 6.10308E-1 6.06792E-1 6.38583E-1 6.02241E-1 6.10073E-1 6.15443E-1 6.25067E-1 6.28331E-1 6.35859E-1 6.49623E-1 6.48763E-1 6.39381E-1 6.36382E-1 6.22343E-1 6.20338E-1 6.15334E-1 6.20742E-1 6.28367E-1 6.21695E-1 6.20655E-1 6.16438E-1 6.18584E-1 6.25885E-1 6.45324E-1 6.46707E-1 6.72109E-1 6.99542E-1 7.01875E-1 -9999 -9999 -9999 -9999 -9999 -9999 -9999 -9999 -9999 -9999
6.20182E-1 6.17397E-1 5.95838E-1 5.85065E-1 5.7938E-1 5.60223E-1 5.51229E-1 5.48459E-1 5.42039E-1 5.54846E-1 5.7266E-1 5.82104E-1 5.79183E-1 5.83933E-1 5.83501E-1 5.86545E-1 5.92115E-1 5.97316E-1 6.01126E-1 6.11605E-1 6.1102E-1 5.9994E-1 6.03698E-1 6.05E-1 6.16289E-1 6.49146E-1 6.07034E-1 6.13324E-1 6.16648E-1 6.23343E-1 6.22563E-1 6.30991E-1 6.31504E-1 6.42308E-1 6.46496E-1 6.42423E-1 6.42339E-1 6.27795E-1 6.23604E-1 6.21874E-1 6.20101E-1 6.20231E-1 6.09021E-1 6.08643E-1 6.23212E-1 6.19745E-1 6.30856E-1 6.59296E-1 6.94027E-1 6.99033E-1 -9999 -9999 -9999 -9999 -9999 -9999 -9999 -9999 -9999 -9999 -9999
6.35101E-1 6.26063E-1 6.17102E-1 6.06065E-1 5.92133E-1 5.77075E-1 5.61133E-1 5.6037E-1 5.6259E-1 5.52708E-1 5.69565E-1 5.80214E-1 5.814E-1 5.79746E-1 5.74071E-1 5.83136E-1 5.89061E-1 6.00291E-1 6.24543E-1 6.44994E-1 6.38343E-1 6.14253E-1 6.06949E-1 6.05458E-1 6.08672E-1 6.25673E-1 6.08837E-1 6.16028E-1 6.20989E-1 6.20111E-1 6.2311E-1 6.28221E-1 6.31102E-1 6.39118E-1 6.44881E-1 6.42128E-1 6.40474E-1 6.30021E-1 6.21926E-1 6.16971E-1 6.1774E-1 6.18156E-1 6.10159E-1 6.08711E-1 6.15564E-1 6.30879E-1 6.30201E-1 6.63783E-1 7.00408E-1 6.99148E-1 -9999 -9999 -9999 -9999 -9999 -9999 -9999 -9999 -9999 -9999 -9999
