data/maxent/outputs/white_250.asc
ncols         426
nrows         180
xllcorner     -130.0
yllcorner     24.0
cellsize      0.16666666666666666
NODATA_value  -9999
[rows 81 to 107 of 180, columns 122 to 182 of 426]
1.95341E-2 1.15531E-2 2.25045E-2 1.1196E-1 9.43491E-2 1.24413E-1 8.28103E-2 7.04906E-2 9.91015E-2 1.53444E-1 1.34247E-1 1.99894E-1 2.65005E-1 3.9026E-1 3.69011E-1 3.10366E-1 2.69497E-1 5.14402E-1 4.59381E-1 4.6638E-1 4.48023E-1 3.94541E-1 3.75016E-1 3.77863E-1 2.8628E-1 2.53888E-1 2.1691E-1 9.05072E-2 6.1782E-2 6.01037E-2 4.68747E-2 3.42618E-2 3.23167E-2 3.21074E-2 3.76214E-2 3.69377E-2 3.59578E-2 4.06847E-2 4.30999E-2 5.8426E-2 6.029E-2 6.35486E-2 6.23528E-2 6.88159E-2 6.97296E-2 5.8959E-2 5.34883E-2 5.8489E-2 7.51175E-2 7.59945E-2 7.18651E-2 6.74447E-2 7.21401E-2 7.41263E-2 7.42217E-2 7.17113E-2 6.44424E-2 7.05253E-2 8.20606E-2 8.78213E-2 8.98783E-2
1.02164E-2 1.20294E-2 1.47087E-2 2.32151E-2 5.44245E-2 4.16408E-2 3.05174E-2 5.06261E-2 8.40758E-2 2.97699E-1 3.76803E-1 3.12994E-1 4.43968E-1 4.75724E-1 4.85393E-1 5.10114E-1 4.80816E-1 4.91112E-1 4.21599E-1 2.57671E-1 4.15191E-1 4.05321E-1 3.30239E-1 3.77309E-1 3.52333E-1 2.75999E-1 2.14367E-1 9.09665E-2 6.45136E-2 5.33654E-2 4.13738E-2 3.26467E-2 3.04754E-2 2.91418E-2 2.97211E-2 3.13949E-2 3.35953E-2 4.14319E-2 5.5419E-2 5.59394E-2 5.20353E-2 5.71061E-2 5.96071E-2 6.52863E-2 6.41376E-2 5.92901E-2 5.34756E-2 5.72602E-2 6.06592E-2 7.2243E-2 7.41379E-2 6.98006E-2 6.77492E-2 7.70876E-2 7.78039E-2 7.06459E-2 6.90645E-2 7.97464E-2 9.1994E-2 8.9404E-2 7.92321E-2
8.68735E-3 1.17658E-2 1.43232E-2 1.72681E-2 1.83919E-2 3.40469E-2 1.1906E-1 8.1614E-2 8.30577E-2 1.87102E-1 2.25986E-1 3.22661E-1 3.89682E-1 4.21517E-1 4.50577E-1 4.76883E-1 3.20039E-1 3.68675E-1 3.95321E-1 1.24062E-1 1.338E-1 3.1928E-1 1.81205E-1 3.56997E-1 3.94753E-1 2.75387E-1 2.01956E-1 1.06845E-1 6.62472E-2 5.57328E-2 4.88405E-2 4.11684E-2 3.68075E-2 3.32737E-2 3.50272E-2 3.00283E-2 3.0277E-2 4.59527E-2 5.69044E-2 5.37553E-2 5.43267E-2 6.39795E-2 6.72007E-2 6.46274E-2 6.7021E-2 6.2314E-2 5.55763E-2 5.67631E-2 6.08335E-2 6.98647E-2 6.98757E-2 7.72933E-2 8.23933E-2 8.76123E-2 9.12787E-2 8.42521E-2 8.46718E-2 8.9403E-2 9.61191E-2 9.54898E-2 7.99E-2
1.77913E-2 2.40549E-2 2.53521E-2 5.67668E-2 7.89972E-2 1.13538E-1 2.85939E-1 1.23946E-1 1.48206E-1 2.83659E-1 2.90211E-1 3.31932E-1 3.56271E-1 3.78506E-1 3.47873E-1 4.02804E-1 3.09394E-1 2.30926E-1 2.95558E-1 3.01587E-1 2.69709E-1 3.20052E-1 3.453E-1 3.42003E-1 3.3303E-1 2.65487E-1 2.68593E-1 1.95412E-1 1.20189E-1 7.43163E-2 6.42435E-2 5.53481E-2 5.37887E-2 4.12079E-2 4.8485E-2 3.95988E-2 3.31292E-2 4.47939E-2 5.72918E-2 5.49112E-2 5.77685E-2 6.41545E-2 6.51811E-2 6.51253E-2 7.04352E-2 6.92321E-2 7.11017E-2 6.58768E-2 7.41917E-2 8.74499E-2 8.80944E-2 8.79396E-2 8.71048E-2 9.05297E-2 8.98034E-2 8.56154E-2 8.79169E-2 9.06179E-2 9.79485E-2 9.69711E-2 8.94934E-2
3.72349E-2 5.51078E-2 7.23584E-2 1.21051E-1 2.16577E-1 2.51202E-1 3.11522E-1 2.73003E-1 2.43282E-1 2.49695E-1 3.11939E-1 2.97346E-1 2.78969E-1 2.82981E-1 2.99839E-1 2.987E-1 3.04301E-1 2.18903E-1 2.79381E-1 3.76E-1 3.58167E-1 3.16314E-1 3.93912E-1 4.01785E-1 2.89709E-1 2.80726E-1 2.52782E-1 2.17805E-1 1.62934E-1 1.04939E-1 7.85899E-2 7.71639E-2 6.54123E-2 5.60885E-2 6.0406E-2 4.73649E-2 5.28748E-2 5.3532E-2 5.45644E-2 5.49486E-2 6.05512E-2 6.27564E-2 6.45115E-2 7.04264E-2 7.03475E-2 6.19339E-2 6.56229E-2 6.78674E-2 7.02025E-2 7.78311E-2 8.38842E-2 8.49165E-2 8.96326E-2 8.95942E-2 8.74062E-2 8.77615E-2 8.71698E-2 9.03842E-2 9.46491E-2 9.42483E-2 8.28416E-2
1.10577E-1 1.33041E-1 1.71858E-1 2.7578E-1 2.90265E-1 3.09155E-1 3.27166E-1 2.1939E-1 2.47178E-1 2.32438E-1 3.14386E-1 2.08518E-1 3.39211E-1 4.06517E-1 3.20264E-1 2.51802E-1 2.35774E-1 2.47283E-1 3.23326E-1 2.86194E-1 3.21344E-1 2.46532E-1 3.38506E-1 3.63766E-1 3.44077E-1 2.57288E-1 2.29914E-1 2.04029E-1 1.79125E-1 1.16726E-1 8.33639E-2 8.01286E-2 7.34934E-2 6.55374E-2 7.0291E-2 5.69731E-2 7.16724E-2 6.23573E-2 5.5826E-2 5.41168E-2 5.75113E-2 6.72858E-2 6.74863E-2 6.64335E-2 6.60346E-2 5.93281E-2 6.86072E-2 6.87792E-2 6.25268E-2 6.43803E-2 7.11368E-2 7.10203E-2 8.05896E-2 8.36976E-2 8.34873E-2 8.49766E-2 9.1236E-2 9.27709E-2 8.8523E-2 8.40725E-2 8.39344E-2
1.71692E-1 2.13718E-1 2.77147E-1 1.67716E-1 1.12998E-1 1.77744E-1 3.42115E-1 2.67468E-1 1.84494E-1 1.64603E-1 3.26208E-1 2.82513E-1 2.8723E-1 1.85818E-1 2.58291E-1 2.34334E-1 3.32235E-1 3.17666E-1 3.32403E-1 3.09296E-1 2.87676E-1 3.45264E-1 2.79366E-1 2.00044E-1 2.42454E-1 1.79255E-1 1.89339E-1 1.97203E-1 1.3525E-1 1.03872E-1 8.32101E-2 8.56631E-2 7.75901E-2 7.20709E-2 6.10491E-2 6.79316E-2 6.44039E-2 6.10101E-2 5.97564E-2 5.80735E-2 5.70682E-2 6.13546E-2 6.62066E-2 7.07658E-2 7.45778E-2 7.13648E-2 6.81479E-2 6.80383E-2 6.50597E-2 6.1148E-2 6.03162E-2 6.30624E-2 6.90659E-2 7.80299E-2 8.06503E-2 8.12116E-2 8.60757E-2 8.78759E-2 8.4672E-2 7.69506E-2 7.85083E-2
2.53562E-1 1.66344E-1 6.44402E-2 2.84429E-2 2.72121E-2 3.01118E-2 8.95488E-2 2.01392E-1 8.91457E-2 1.76297E-1 2.14244E-1 1.67987E-1 1.32551E-1 1.55258E-1 1.9992E-1 2.48324E-1 1.98494E-1 2.93157E-1 2.77788E-1 2.51726E-1 2.49312E-1 2.69268E-1 1.62999E-1 8.80486E-2 2.07788E-1 2.38412E-1 1.586E-1 1.99691E-1 1.52617E-1 8.7916E-2 7.20761E-2 7.93508E-2 6.86558E-2 6.64826E-2 6.00312E-2 5.48162E-2 5.10416E-2 5.9132E-2 5.91371E-2 5.98599E-2 6.00153E-2 6.10452E-2 6.84251E-2 6.91027E-2 7.30975E-2 7.11194E-2 6.83273E-2 6.92302E-2 6.67228E-2 5.86063E-2 6.13746E-2 6.22256E-2 6.94645E-2 7.22973E-2 7.37655E-2 7.75713E-2 8.98811E-2 9.73948E-2 9.09073E-2 8.41425E-2 7.92826E-2
1.19551E-1 3.66219E-2 1.64617E-2 3.78722E-2 1.03482E-1 8.03182E-2 2.89694E-2 4.26756E-2 2.74332E-1 3.04485E-1 2.15635E-1 1.84385E-1 1.29992E-1 1.28695E-1 2.07211E-1 2.26693E-1 2.49581E-1 2.54958E-1 2.2977E-1 2.57429E-1 1.9035E-1 1.88562E-1 4.26114E-2 3.36376E-2 1.19195E-1 1.12264E-1 1.38264E-1 1.59011E-1 1.78852E-1 1.20446E-1 1.04035E-1 8.14394E-2 6.85398E-2 6.70302E-2 6.43088E-2 5.68094E-2 5.01663E-2 4.31112E-2 5.28995E-2 5.80712E-2 5.69019E-2 5.56572E-2 5.57164E-2 5.80792E-2 6.30658E-2 5.97729E-2 6.70483E-2 6.60549E-2 5.89216E-2 5.48651E-2 6.24823E-2 6.51229E-2 7.30383E-2 7.41547E-2 7.03434E-2 7.55254E-2 9.24015E-2 1.03408E-1 1.08747E-1 8.94571E-2 7.76928E-2
1.90723E-2 1.54124E-2 1.74893E-2 1.26389E-1 2.22274E-1 2.75251E-1 1.71973E-1 3.5649E-2 1.2494E-1 2.68449E-1 1.32071E-1 2.0469E-1 2.08027E-1 1.76632E-1 1.92065E-1 2.1787E-1 1.61582E-1 2.07725E-1 1.69785E-1 2.33191E-1 2.09333E-1 1.68616E-1 4.71846E-2 3.40458E-2 6.45588E-2 9.13345E-2 1.10835E-1 1.9616E-1 1.89193E-1 1.22771E-1 8.7553E-2 6.26617E-2 6.39025E-2 5.90375E-2 5.10037E-2 5.14285E-2 4.56643E-2 4.27697E-2 3.86285E-2 4.15748E-2 3.84256E-2 3.94349E-2 4.65866E-2 5.06548E-2 5.23521E-2 5.72519E-2 6.79224E-2 6.36583E-2 6.0388E-2 5.53196E-2 5.56507E-2 6.08662E-2 6.94092E-2 7.29349E-2 6.73852E-2 6.79445E-2 8.48234E-2 9.36092E-2 9.91619E-2 8.57574E-2 8.00543E-2
2.94461E-2 3.85435E-2 7.01676E-2 1.18941E-1 2.6127E-1 3.04949E-1 1.91532E-1 1.46136E-1 3.68356E-2 2.15286E-2 3.71529E-2 9.52411E-2 1.67757E-1 2.02005E-1 2.25283E-1 1.89522E-1 8.56719E-2 1.58817E-1 1.9867E-1 2.16551E-1 2.12921E-1 7.50123E-2 1.15425E-1 9.99714E-2 1.14395E-1 1.09322E-1 1.52385E-1 2.19469E-1 2.33852E-1 8.88934E-2 6.326E-2 5.00223E-2 5.67716E-2 4.94009E-2 4.05735E-2 3.82558E-2 4.6722E-2 4.16903E-2 3.60398E-2 3.389E-2 3.02751E-2 2.73799E-2 3.57491E-2 4.3514E-2 4.22504E-2 4.75587E-2 5.76447E-2 6.26249E-2 6.08873E-2 5.70745E-2 6.19181E-2 7.01554E-2 7.43681E-2 8.01725E-2 7.51747E-2 7.80492E-2 9.09101E-2 9.10677E-2 8.05327E-2 8.00174E-2 7.68082E-2
3.86036E-2 9.84058E-2 4.11194E-1 2.87807E-1 1.7579E-1 2.79383E-1 2.92595E-1 2.38273E-1 1.31013E-1 4.32469E-2 3.91286E-2 1.39596E-1 1.18098E-1 1.69156E-1 1.55381E-1 1.10833E-1 2.46199E-2 6.5358E-2 1.6046E-1 2.05494E-1 2.22504E-1 8.06218E-2 1.30897E-1 1.59716E-1 1.46884E-1 1.36984E-1 1.5625E-1 2.11354E-1 1.68073E-1 6.06074E-2 4.02692E-2 3.1572E-2 3.83065E-2 3.34892E-2 3.06218E-2 2.8017E-2 3.70211E-2 3.16409E-2 3.13662E-2 2.82876E-2 2.95176E-2 2.63751E-2 2.29005E-2 2.97214E-2 3.72986E-2 4.05497E-2 4.58591E-2 4.9484E-2 4.88731E-2 5.03457E-2 5.89646E-2 6.99098E-2 8.70282E-2 8.55424E-2 8.90207E-2 9.15811E-2 9.60756E-2 9.21627E-2 8.14163E-2 7.68513E-2 7.76842E-2
6.28263E-2 1.1111E-1 4.02044E-1 2.9989E-1 1.46954E-1 1.16403E-1 2.55119E-1 2.85112E-1 2.94573E-1 1.99153E-1 7.13396E-2 9.49441E-2 1.20394E-1 6.94107E-2 4.68749E-2 3.38837E-2 3.68853E-2 3.20908E-2 4.2868E-2 1.03915E-1 2.21424E-1 1.85286E-1 2.02696E-1 9.86006E-2 1.22184E-1 1.30634E-1 1.07514E-1 6.73948E-2 5.77023E-2 4.35667E-2 3.18835E-2 2.32335E-2 2.52994E-2 2.33508E-2 2.34583E-2 2.05376E-2 2.45041E-2 2.067E-2 2.25928E-2 2.57207E-2 2.44898E-2 2.26203E-2 2.04441E-2 2.35418E-2 3.15242E-2 3.3848E-2 3.81684E-2 4.07099E-2 4.4189E-2 4.64031E-2 5.08946E-2 6.37644E-2 7.7335E-2 9.10386E-2 9.02257E-2 9.3857E-2 9.50401E-2 9.12387E-2 8.67196E-2 8.33247E-2 8.70184E-2
7.74529E-2 7.80699E-2 1.54425E-1 2.02249E-1 1.52196E-1 1.38586E-1 8.97008E-2 1.5083E-1 2.79391E-1 2.66077E-1 2.26201E-1 1.63823E-1 2.35283E-1 2.17535E-1 9.64065E-2 7.94621E-2 1.18796E-1 5.67312E-2 1.72533E-1 1.89736E-1 2.05832E-1 2.0432E-1 6.29837E-2 2.41292E-1 1.24624E-1 1.2811E-1 2.03698E-1 1.07045E-1 4.31407E-2 3.29459E-2 2.91233E-2 1.94759E-2 1.72942E-2 1.98905E-2 1.78377E-2 1.66637E-2 1.72738E-2 1.78362E-2 2.02632E-2 2.27623E-2 2.18466E-2 2.10348E-2 2.10572E-2 1.96646E-2 2.61782E-2 3.10039E-2 3.78137E-2 3.9198E-2 4.42717E-2 4.69944E-2 5.19162E-2 5.87208E-2 6.89733E-2 8.22043E-2 8.76054E-2 8.83169E-2 9.1842E-2 9.45522E-2 1.05085E-1 9.72724E-2 9.07663E-2
1.15156E-1 1.10666E-1 1.40908E-1 1.76368E-1 1.74409E-1 1.22949E-1 1.39987E-1 2.2354E-1 2.42707E-1 2.7593E-1 2.75475E-1 2.8476E-1 2.93068E-1 2.41929E-1 1.9936E-1 1.61868E-1 2.06792E-1 1.149E-1 1.66268E-1 1.38848E-1 1.01848E-1 3.3135E-2 1.61414E-2 2.24205E-1 2.30594E-1 1.28587E-1 2.19632E-1 2.43973E-1 9.15679E-2 4.10463E-2 2.74203E-2 1.93796E-2 1.62508E-2 1.33256E-2 1.66904E-2 1.68894E-2 1.81665E-2 1.95497E-2 2.12162E-2 1.92024E-2 1.82709E-2 1.87655E-2 2.10684E-2 2.22653E-2 2.51417E-2 2.80268E-2 3.19181E-2 3.96642E-2 4.31496E-2 4.83515E-2 5.39622E-2 6.19895E-2 6.93991E-2 7.77142E-2 8.32714E-2 8.58254E-2 8.79433E-2 1.0483E-1 1.14792E-1 1.08783E-1 1.13303E-1
3.62897E-1 3.35717E-1 9.5526E-2 1.07237E-1 2.24502E-1 2.27719E-1 2.32812E-1 3.05195E-1 3.41099E-1 3.3283E-1 3.13482E-1 2.598E-1 2.06938E-1 2.17292E-1 1.96913E-1 1.84628E-1 2.08861E-1 2.01502E-1 2.36481E-1 2.17882E-1 6.24085E-2 1.31811E-2 1.17687E-2 1.88335E-2 2.33756E-1 2.16666E-1 1.73478E-1 2.73141E-1 1.46834E-1 4.95207E-2 5.08066E-2 4.84157E-2 2.64934E-2 1.65201E-2 1.50556E-2 1.51592E-2 1.81654E-2 2.39625E-2 2.06641E-2 2.06816E-2 2.22285E-2 2.49929E-2 2.6567E-2 2.98011E-2 3.01507E-2 3.05255E-2 3.6078E-2 4.09839E-2 4.12782E-2 4.70972E-2 5.44055E-2 6.40386E-2 7.29165E-2 7.4492E-2 8.0249E-2 9.04549E-2 9.5815E-2 1.05461E-1 1.15375E-1 1.18643E-1 1.21464E-1
2.96767E-1 3.06284E-1 1.7295E-1 1.13167E-1 1.2528E-1 2.99528E-1 3.16785E-1 3.01062E-1 3.42745E-1 3.50214E-1 3.13409E-1 2.65909E-1 2.29987E-1 1.99181E-1 1.87189E-1 1.29959E-1 1.92965E-1 2.11385E-1 2.05166E-1 1.18896E-1 2.71328E-2 1.57434E-2 1.38564E-2 1.38263E-2 4.9193E-2 2.19652E-1 1.29186E-1 1.10328E-1 9.92426E-2 6.23108E-2 6.48911E-2 7.22851E-2 5.13091E-2 3.11878E-2 2.25163E-2 2.55908E-2 3.06545E-2 3.95456E-2 3.22592E-2 3.05912E-2 3.42978E-2 3.72142E-2 3.74556E-2 3.56059E-2 3.57044E-2 3.33656E-2 3.21737E-2 3.57405E-2 3.91952E-2 4.44361E-2 5.48001E-2 6.24516E-2 6.99758E-2 7.30273E-2 8.04301E-2 9.18175E-2 9.88184E-2 1.06614E-1 1.16734E-1 1.16368E-1 1.20604E-1
1.1481E-1 1.13592E-1 1.17768E-1 1.65368E-1 1.73187E-1 1.72046E-1 3.06211E-1 3.24874E-1 3.56889E-1 3.79339E-1 3.73794E-1 3.44375E-1 2.55506E-1 2.62381E-1 2.6295E-1 2.4142E-1 2.31426E-1 2.77986E-1 2.75946E-1 2.27851E-1 4.25174E-2 1.46236E-2 1.18116E-2 1.26756E-2 1.31191E-1 2.48292E-1 1.90847E-1 1.61533E-1 9.45923E-2 9.41844E-2 8.28269E-2 8.39968E-2 5.12196E-2 4.77726E-2 3.73883E-2 5.26087E-2 6.24896E-2 8.00763E-2 6.66007E-2 6.61267E-2 4.38668E-2 3.99604E-2 3.77252E-2 3.67222E-2 3.75999E-2 3.60437E-2 3.72472E-2 3.59711E-2 3.5855E-2 4.29556E-2 5.05402E-2 5.61095E-2 6.40112E-2 7.35716E-2 8.25755E-2 8.46046E-2 9.1278E-2 1.03057E-1 1.08853E-1 1.15728E-1 1.22486E-1
5.18223E-2 5.03519E-2 4.70654E-2 6.65692E-2 1.39318E-1 2.00205E-1 1.43017E-1 2.42534E-1 3.49181E-1 3.67165E-1 3.87052E-1 3.51542E-1 3.32272E-1 3.27313E-1 2.69726E-1 2.68051E-1 3.0155E-1 2.68383E-1 2.38363E-1 2.86119E-1 2.22172E-1 1.89405E-2 1.25186E-2 1.23275E-2 2.12347E-2 5.45083E-2 2.41409E-1 2.50817E-1 2.52989E-1 1.48403E-1 9.48261E-2 5.66434E-2 5.03023E-2 3.87464E-2 3.41278E-2 6.61692E-2 9.06505E-2 9.59831E-2 6.9247E-2 6.57342E-2 5.44247E-2 5.05097E-2 4.82024E-2 4.22205E-2 4.02188E-2 4.09895E-2 4.02404E-2 3.89865E-2 3.9626E-2 4.75286E-2 5.72321E-2 6.35147E-2 7.11834E-2 7.5846E-2 8.58085E-2 8.69908E-2 8.43422E-2 9.89852E-2 1.13414E-1 1.22739E-1 1.2857E-1
3.00408E-2 3.1203E-2 3.22007E-2 4.22484E-2 1.01628E-1 2.41548E-1 2.42567E-1 2.84939E-1 3.15932E-1 3.07121E-1 2.87286E-1 2.38894E-1 2.28763E-1 3.46742E-1 3.19701E-1 1.759E-1 2.15481E-1 2.87647E-1 2.34304E-1 2.72401E-1 1.84024E-1 3.27698E-2 1.7638E-2 2.32294E-2 2.39226E-2 7.55861E-2 2.45858E-1 2.61404E-1 1.96196E-1 1.52811E-1 1.43077E-1 7.81717E-2 4.67715E-2 4.15092E-2 5.45961E-2 7.24546E-2 8.56015E-2 7.32326E-2 7.72246E-2 6.83024E-2 5.97731E-2 5.61661E-2 5.3852E-2 4.87563E-2 4.38302E-2 4.42097E-2 4.52249E-2 4.64891E-2 4.65445E-2 5.56616E-2 6.3092E-2 7.18898E-2 8.04293E-2 8.76246E-2 9.2767E-2 9.02937E-2 9.00232E-2 1.00101E-1 1.12607E-1 1.20573E-1 1.2356E-1
3.2043E-2 3.62648E-2 4.18163E-2 3.06871E-2 2.51256E-2 3.89397E-2 1.63554E-1 1.82587E-1 1.6859E-1 1.65531E-1 2.23364E-1 1.77828E-1 1.23297E-1 2.57865E-1 2.46027E-1 2.07902E-1 2.13719E-1 2.9972E-1 2.83363E-1 2.53898E-1 2.23365E-1 8.92183E-2 2.57582E-2 2.63897E-2 2.4531E-2 1.29387E-1 2.45797E-1 2.79358E-1 2.03319E-1 1.47454E-1 1.452E-1 2.0732E-1 1.16348E-1 7.41362E-2 8.9447E-2 9.93395E-2 1.31882E-1 1.11548E-1 9.95351E-2 9.58565E-2 7.42065E-2 6.29039E-2 5.65051E-2 5.61069E-2 5.46453E-2 5.25436E-2 6.08717E-2 5.68543E-2 5.94835E-2 7.12128E-2 7.11353E-2 8.41635E-2 9.24318E-2 9.78654E-2 1.09179E-1 1.03658E-1 1.08808E-1 1.16902E-1 1.10456E-1 1.23624E-1 1.29816E-1
3.34216E-2 5.29585E-2 7.41795E-2 7.73961E-2 2.33097E-2 2.24407E-2 4.67876E-2 1.093E-1 8.93664E-2 8.61432E-2 1.19309E-1 1.71973E-1 1.84608E-1 1.48016E-1 1.99863E-1 2.23817E-1 1.88313E-1 1.98472E-1 2.29888E-1 2.47667E-1 2.65316E-1 2.04802E-1 5.28835E-2 2.46488E-2 7.78627E-2 2.67955E-1 2.47813E-1 2.55035E-1 2.27047E-1 1.97892E-1 1.68516E-1 1.29374E-1 1.8099E-1 1.68884E-1 1.71542E-1 1.45735E-1 1.11959E-1 9.7449E-2 9.64316E-2 8.92304E-2 8.30407E-2 6.58807E-2 6.60711E-2 6.24646E-2 6.56057E-2 6.65584E-2 6.80865E-2 6.37067E-2 6.39114E-2 7.322E-2 7.69659E-2 8.21374E-2 9.2583E-2 9.95548E-2 1.06257E-1 1.2495E-1 1.37888E-1 1.39279E-1 1.43214E-1 1.50328E-1 1.44342E-1
3.4544E-2 6.22791E-2 2.46082E-1 1.8144E-1 3.45385E-2 1.73282E-2 2.07676E-2 3.13115E-2 4.97809E-2 5.20428E-2 6.8489E-2 8.19624E-2 1.37238E-1 1.01688E-1 1.93039E-1 1.56501E-1 2.57632E-1 2.28107E-1 1.39622E-1 3.06795E-1 2.65819E-1 2.45528E-1 8.30161E-2 5.49019E-2 2.26332E-1 2.78533E-1 2.55993E-1 2.66349E-1 1.94701E-1 1.511E-1 1.11034E-1 5.25349E-2 9.17378E-2 1.14059E-1 1.56384E-1 1.33879E-1 1.02918E-1 9.11926E-2 9.12793E-2 9.04804E-2 8.64789E-2 8.00219E-2 6.87125E-2 6.27153E-2 6.47068E-2 6.41736E-2 6.19289E-2 6.26443E-2 6.43038E-2 7.0535E-2 7.56223E-2 8.44519E-2 9.44293E-2 1.1246E-1 1.21274E-1 1.33476E-1 1.47745E-1 1.53366E-1 1.60689E-1 1.8273E-1 1.69949E-1
2.92116E-2 5.02965E-2 2.04569E-1 9.52983E-2 5.71089E-2 2.00818E-2 1.95995E-2 3.33431E-2 5.39316E-2 4.71832E-2 6.46652E-2 8.11835E-2 1.09079E-1 8.10231E-2 1.69688E-1 1.24318E-1 1.96836E-1 1.76559E-1 1.03542E-1 3.22407E-1 3.21926E-1 3.11577E-1 1.03513E-1 4.59612E-2 3.03306E-1 3.06901E-1 2.75411E-1 2.9522E-1 1.76975E-1 8.90562E-2 4.29551E-2 6.078E-2 1.30074E-1 1.31048E-1 1.08981E-1 1.02997E-1 9.71573E-2 9.58431E-2 9.83287E-2 8.61467E-2 7.87703E-2 7.21244E-2 6.81487E-2 7.57953E-2 7.27752E-2 7.79495E-2 7.25959E-2 6.75295E-2 6.3876E-2 7.04595E-2 8.31545E-2 9.17857E-2 1.00817E-1 1.12887E-1 1.26491E-1 1.49954E-1 1.62605E-1 1.74758E-1 1.75307E-1 1.803E-1 1.90565E-1
2.69296E-2 5.71548E-2 1.49079E-1 4.09062E-1 1.63751E-1 3.06674E-2 2.02148E-2 2.65914E-2 5.11071E-2 4.7544E-2 6.1903E-2 6.04207E-2 9.43375E-2 5.1697E-2 1.11112E-1 1.50176E-1 2.50829E-1 3.02518E-1 1.76977E-1 3.06658E-1 3.74227E-1 2.07334E-1 8.58158E-2 4.25823E-2 1.32954E-1 3.07134E-1 2.73458E-1 3.11909E-1 1.28798E-1 6.05081E-2 4.09417E-2 4.76484E-2 7.04111E-2 8.1068E-2 8.62693E-2 9.99799E-2 9.31858E-2 9.1495E-2 8.37488E-2 7.63047E-2 7.4088E-2 7.18338E-2 7.62246E-2 8.04191E-2 7.84932E-2 7.94816E-2 6.99923E-2 7.08832E-2 7.55769E-2 8.31536E-2 9.3961E-2 1.0393E-1 1.01101E-1 1.08235E-1 1.09567E-1 1.35378E-1 1.59129E-1 1.64E-1 1.7408E-1 1.80743E-1 1.95901E-1
3.24802E-2 9.24166E-2 1.79347E-1 3.22932E-1 3.12303E-1 3.79131E-2 1.95451E-2 2.25989E-2 2.65839E-2 2.80121E-2 4.36375E-2 4.69292E-2 7.42958E-2 3.58063E-2 5.23653E-2 1.05981E-1 1.87699E-1 3.61184E-1 1.68582E-1 8.13567E-2 6.8786E-2 4.67882E-2 6.46612E-2 2.37565E-1 3.37497E-1 2.98786E-1 3.05212E-1 2.99667E-1 1.96733E-1 1.0155E-1 5.26749E-2 4.61202E-2 4.85259E-2 6.54705E-2 7.62188E-2 7.87159E-2 9.07395E-2 8.4193E-2 7.88638E-2 6.95834E-2 5.53661E-2 6.05997E-2 7.07675E-2 8.24645E-2 8.179E-2 8.36534E-2 7.8911E-2 8.13502E-2 8.28203E-2 9.10076E-2 1.04464E-1 1.10724E-1 1.09544E-1 1.11114E-1 1.09043E-1 1.19702E-1 1.35717E-1 1.61918E-1 1.74112E-1 1.82335E-1 2.25049E-1
3.09824E-2 1.0371E-1 2.08047E-1 1.7049E-1 3.52513E-1 1.49239E-1 2.26767E-2 2.53226E-2 2.79817E-2 2.92877E-2 2.87626E-2 2.82905E-2 2.64716E-2 3.90805E-2 4.01311E-2 8.10105E-2 3.41869E-1 3.61254E-1 3.7675E-1 3.97776E-1 2.56251E-1 4.44211E-2 1.58496E-1 3.67729E-1 3.1878E-1 3.09869E-1 3.18095E-1 2.48527E-1 1.74922E-1 1.03573E-1 8.83361E-2 8.9556E-2 6.4617E-2 6.66317E-2 7.8004E-2 8.80619E-2 8.13122E-2 7.63161E-2 7.21987E-2 5.45994E-2 5.50395E-2 6.5745E-2 7.51001E-2 7.87214E-2 8.07849E-2 9.03185E-2 8.56437E-2 8.84867E-2 9.00584E-2 9.96035E-2 1.13212E-1 1.22354E-1 1.23503E-1 1.20982E-1 1.17825E-1 1.26655E-1 1.52414E-1 1.77487E-1 1.76192E-1 1.92767E-1 2.06813E-1
