data/maxent/outputs/white_243.asc
ncols         426
nrows         180
xllcorner     -130.0
yllcorner     24.0
cellsize      0.16666666666666666
NODATA_value  -9999
[rows 108 to 134 of 180, columns 244 to 304 of 426]
6.14033E-1 6.09524E-1 5.95037E-1 5.89262E-1 5.74187E-1 5.47326E-1 5.29719E-1 5.16367E-1 5.4605E-1 4.87615E-1 4.90916E-1 5.01296E-1 5.19695E-1 5.43318E-1 5.69701E-1 5.79314E-1 5.65156E-1 5.72506E-1 5.58767E-1 5.76186E-1 5.89283E-1 5.83328E-1 5.75691E-1 5.76902E-1 5.88478E-1 5.92936E-1 5.93613E-1 5.74536E-1 5.6109E-1 5.6873E-1 6.12624E-1 6.44323E-1 6.19137E-1 5.68136E-1 5.71513E-1 6.14309E-1 6.34092E-1 6.66094E-1 7.4788E-1 7.45474E-1 8.04429E-1 7.95089E-1 7.63267E-1 7.87064E-1 8.5927E-1 7.44595E-1 6.76473E-1 6.85265E-1 6.56948E-1 6.38631E-1 6.49299E-1 6.54738E-1 6.58166E-1 6.90956E-1 6.98954E-1 6.99965E-1 6.72648E-1 6.64777E-1 6.23981E-1 6.29549E-1 6.52834E-1
5.96305E-1 5.9958E-1 5.97457E-1 5.84153E-1 5.61476E-1 5.42515E-1 5.24237E-1 4.94828E-1 4.93507E-1 4.78295E-1 4.73748E-1 4.77545E-1 4.85409E-1 5.09301E-1 5.45466E-1 5.40895E-1 5.41375E-1 5.4257E-1 5.47365E-1 5.5682E-1 5.6145E-1 5.73289E-1 5.78029E-1 5.78768E-1 5.66013E-1 5.62931E-1 5.59973E-1 5.71447E-1 5.42807E-1 5.50953E-1 6.03417E-1 5.67151E-1 5.74586E-1 6.15775E-1 6.44363E-1 6.83353E-1 8.10133E-1 8.05787E-1 8.0632E-1 7.33375E-1 6.78212E-1 8.36439E-1 8.52166E-1 7.75474E-1 7.55553E-1 6.73237E-1 6.79634E-1 6.6743E-1 6.69987E-1 6.60117E-1 6.82032E-1 6.57725E-1 6.77422E-1 7.1015E-1 7.093E-1 6.8415E-1 6.56979E-1 6.5057E-1 6.01025E-1 6.17645E-1 6.34229E-1
5.89662E-1 5.89042E-1 5.92998E-1 5.78299E-1 5.4E-1 5.23267E-1 4.94674E-1 4.83692E-1 4.83178E-1 4.6867E-1 4.7385E-1 4.77511E-1 4.76998E-1 4.96247E-1 4.9863E-1 5.13693E-1 5.2527E-1 5.31855E-1 5.38106E-1 5.41149E-1 5.48025E-1 5.88911E-1 6.09416E-1 5.79338E-1 5.42697E-1 5.52484E-1 5.0743E-1 5.10388E-1 5.0414E-1 5.30929E-1 5.83833E-1 5.7658E-1 6.66565E-1 7.23919E-1 7.65113E-1 7.57651E-1 7.3777E-1 7.53366E-1 7.2459E-1 7.31013E-1 7.24959E-1 7.51608E-1 7.75168E-1 6.97477E-1 6.86964E-1 7.57397E-1 7.1295E-1 6.54526E-1 6.36376E-1 6.80182E-1 7.54095E-1 6.73818E-1 6.87416E-1 6.99493E-1 7.13513E-1 6.52223E-1 6.5245E-1 6.14576E-1 5.63328E-1 5.74266E-1 5.84854E-1
5.74181E-1 5.73074E-1 5.62142E-1 5.40283E-1 5.11418E-1 4.92835E-1 4.80112E-1 4.81553E-1 4.86082E-1 4.54224E-1 4.61325E-1 4.7563E-1 4.8306E-1 4.96386E-1 5.11185E-1 5.19028E-1 5.1646E-1 5.19131E-1 5.31681E-1 5.27263E-1 5.5651E-1 5.87845E-1 5.71192E-1 5.60868E-1 5.56484E-1 5.23755E-1 5.07091E-1 4.92066E-1 4.92485E-1 5.33643E-1 5.59515E-1 6.74355E-1 6.44341E-1 6.1941E-1 6.12303E-1 6.20761E-1 6.4291E-1 7.20313E-1 7.35846E-1 7.40273E-1 6.6457E-1 6.56463E-1 7.14373E-1 6.37459E-1 6.32626E-1 6.58026E-1 6.22298E-1 6.36839E-1 6.46122E-1 6.68419E-1 7.4781E-1 6.99093E-1 6.66118E-1 6.43456E-1 6.21378E-1 6.62023E-1 6.29155E-1 5.80677E-1 5.64475E-1 5.51357E-1 5.69639E-1
5.61848E-1 5.50873E-1 5.21836E-1 4.93712E-1 4.86342E-1 4.77773E-1 4.77888E-1 4.60577E-1 4.52781E-1 4.60909E-1 4.65188E-1 4.75577E-1 4.85175E-1 4.90295E-1 5.00248E-1 5.00231E-1 5.00662E-1 5.00182E-1 5.35835E-1 5.25599E-1 5.49404E-1 5.5804E-1 5.50658E-1 5.37255E-1 5.34061E-1 5.44213E-1 5.10485E-1 5.00459E-1 5.30243E-1 5.59438E-1 5.97894E-1 6.64988E-1 6.24284E-1 6.13056E-1 6.35408E-1 5.73024E-1 6.13845E-1 6.14414E-1 6.50443E-1 5.94131E-1 6.38683E-1 6.80861E-1 7.12555E-1 6.17788E-1 6.02609E-1 6.09813E-1 6.10561E-1 6.47252E-1 6.66772E-1 6.94987E-1 7.54892E-1 7.42028E-1 6.51777E-1 6.09651E-1 5.71162E-1 5.94533E-1 5.61992E-1 5.77914E-1 5.52025E-1 5.4589E-1 5.19463E-1
5.2325E-1 5.11416E-1 4.88084E-1 4.7287E-1 4.70356E-1 4.63979E-1 4.97455E-1 4.5007E-1 4.55907E-1 4.74766E-1 4.68218E-1 4.80852E-1 4.81891E-1 4.83047E-1 4.85392E-1 4.86247E-1 4.90623E-1 4.94438E-1 5.17218E-1 5.50816E-1 5.35729E-1 5.19779E-1 5.11416E-1 5.7693E-1 5.80784E-1 5.4358E-1 5.11667E-1 5.10521E-1 5.90029E-1 5.63457E-1 5.55861E-1 5.34357E-1 5.34209E-1 5.92991E-1 6.18637E-1 5.47799E-1 5.72593E-1 5.76993E-1 6.34924E-1 6.15956E-1 6.3064E-1 6.40174E-1 6.22501E-1 6.13978E-1 6.1358E-1 6.21107E-1 6.2489E-1 6.26438E-1 6.41315E-1 6.9204E-1 6.99543E-1 6.85872E-1 6.17822E-1 5.83205E-1 5.48952E-1 5.22876E-1 5.17206E-1 5.0981E-1 4.90308E-1 5.03589E-1 5.08021E-1
5.00439E-1 4.7992E-1 4.66635E-1 4.63032E-1 4.62639E-1 4.50528E-1 4.71981E-1 4.93646E-1 4.77659E-1 4.82345E-1 5.00828E-1 4.99694E-1 4.88264E-1 4.77926E-1 4.84967E-1 4.85814E-1 4.88559E-1 5.07018E-1 5.33529E-1 5.33365E-1 4.93945E-1 4.79292E-1 5.18451E-1 5.24289E-1 5.07811E-1 5.11873E-1 5.0447E-1 5.49199E-1 6.61154E-1 5.39477E-1 5.17883E-1 5.44492E-1 5.50615E-1 5.87569E-1 5.70827E-1 5.33087E-1 5.48598E-1 5.96183E-1 6.50895E-1 6.04786E-1 5.7502E-1 6.17793E-1 6.23278E-1 6.21433E-1 6.42361E-1 6.27278E-1 6.05879E-1 6.02914E-1 6.12718E-1 6.25488E-1 6.40327E-1 6.24169E-1 6.03807E-1 5.80528E-1 5.36839E-1 5.23207E-1 5.01612E-1 4.5904E-1 4.55695E-1 4.43571E-1 4.42372E-1
4.76769E-1 4.59199E-1 4.51302E-1 4.48814E-1 4.43624E-1 4.31431E-1 4.33884E-1 4.48989E-1 4.73604E-1 5.0059E-1 5.14945E-1 5.10632E-1 5.35681E-1 5.15951E-1 4.79054E-1 4.78283E-1 5.08789E-1 4.90906E-1 5.17979E-1 4.94284E-1 4.90751E-1 4.99815E-1 5.04207E-1 5.33466E-1 4.97734E-1 5.22793E-1 5.1752E-1 5.59365E-1 5.47265E-1 5.55826E-1 5.50187E-1 5.48708E-1 6.04015E-1 6.2782E-1 5.73733E-1 5.8126E-1 5.71795E-1 5.56747E-1 6.29E-1 5.74946E-1 5.80152E-1 6.07164E-1 6.2022E-1 6.15121E-1 6.24119E-1 6.2015E-1 6.12247E-1 5.94253E-1 5.85773E-1 5.72745E-1 5.97228E-1 5.91555E-1 5.85248E-1 5.78274E-1 5.41682E-1 4.90825E-1 4.70947E-1 4.54868E-1 4.42376E-1 4.23691E-1 4.27527E-1
4.6581E-1 4.47294E-1 4.34336E-1 4.34601E-1 4.25704E-1 4.25404E-1 4.41368E-1 4.26541E-1 4.51819E-1 4.68984E-1 4.71673E-1 4.73401E-1 4.69896E-1 4.84741E-1 4.88091E-1 4.72823E-1 4.85296E-1 4.75145E-1 4.83646E-1 5.18676E-1 5.06342E-1 5.03475E-1 5.09391E-1 5.08385E-1 4.88584E-1 5.25143E-1 4.83115E-1 5.08303E-1 5.29136E-1 5.41215E-1 5.76451E-1 5.43567E-1 5.27464E-1 5.21709E-1 4.90688E-1 5.4317E-1 5.55201E-1 5.56242E-1 5.70871E-1 5.93921E-1 5.80549E-1 6.00931E-1 6.04867E-1 6.08737E-1 6.10556E-1 5.99665E-1 5.88783E-1 5.73456E-1 5.70319E-1 5.64944E-1 5.63833E-1 5.77457E-1 5.6702E-1 5.32967E-1 5.3595E-1 5.04067E-1 4.76641E-1 4.59566E-1 4.39231E-1 4.24318E-1 4.18804E-1
4.53554E-1 4.46519E-1 4.45878E-1 4.31448E-1 4.31143E-1 4.21381E-1 4.10361E-1 4.162E-1 4.33914E-1 4.55354E-1 4.68298E-1 4.64757E-1 4.60623E-1 4.58825E-1 4.57354E-1 4.6959E-1 4.80733E-1 4.90979E-1 5.69497E-1 5.0412E-1 4.96288E-1 4.90714E-1 4.79765E-1 4.63577E-1 5.01064E-1 4.85769E-1 4.88241E-1 4.86834E-1 5.18965E-1 5.20105E-1 5.17659E-1 4.91241E-1 5.17328E-1 5.10279E-1 5.37061E-1 5.44602E-1 5.21951E-1 5.63862E-1 6.16033E-1 5.94335E-1 5.75674E-1 5.80977E-1 5.82294E-1 5.83365E-1 5.89776E-1 5.82509E-1 5.68311E-1 5.61869E-1 5.54478E-1 5.59585E-1 5.59217E-1 5.64524E-1 5.28609E-1 5.15143E-1 5.15725E-1 5.01627E-1 4.68491E-1 4.60802E-1 4.25993E-1 4.1412E-1 4.11732E-1
4.47575E-1 4.58365E-1 4.53706E-1 4.41743E-1 4.35966E-1 4.17704E-1 4.07874E-1 4.13307E-1 4.20736E-1 4.35516E-1 4.46734E-1 4.44825E-1 4.42875E-1 4.60135E-1 4.73872E-1 4.76199E-1 4.76573E-1 4.72725E-1 4.95801E-1 4.86986E-1 4.6394E-1 4.75498E-1 4.94535E-1 4.77899E-1 4.93516E-1 4.85901E-1 4.98959E-1 5.45687E-1 5.51013E-1 5.00763E-1 4.97804E-1 5.7203E-1 6.33779E-1 5.31854E-1 5.30361E-1 5.4214E-1 5.34117E-1 5.43511E-1 5.46106E-1 5.6388E-1 5.60424E-1 5.55514E-1 5.58439E-1 5.70309E-1 5.80643E-1 5.49674E-1 5.53297E-1 5.56359E-1 5.50962E-1 5.48543E-1 5.46985E-1 5.08705E-1 4.9205E-1 4.9108E-1 4.75505E-1 4.68583E-1 4.67727E-1 4.47685E-1 4.20434E-1 4.04227E-1 4.09894E-1
4.44077E-1 4.55207E-1 4.55307E-1 4.35293E-1 4.30592E-1 4.29504E-1 4.05072E-1 4.1225E-1 4.17E-1 4.18688E-1 4.26158E-1 4.27723E-1 4.45447E-1 4.66918E-1 4.60438E-1 4.51757E-1 4.56989E-1 4.61059E-1 4.66567E-1 4.52852E-1 4.4118E-1 4.29074E-1 4.55036E-1 4.77723E-1 4.80729E-1 4.84591E-1 5.05337E-1 5.47591E-1 6.0821E-1 6.02488E-1 6.04991E-1 5.75304E-1 5.65393E-1 5.34621E-1 5.40564E-1 5.50251E-1 5.47358E-1 5.32826E-1 5.27128E-1 5.37824E-1 5.56571E-1 5.28955E-1 5.37556E-1 5.41328E-1 5.4366E-1 5.24549E-1 5.35297E-1 5.89271E-1 5.79383E-1 5.18763E-1 5.16611E-1 4.88385E-1 4.66334E-1 4.65705E-1 4.39605E-1 4.36748E-1 4.32044E-1 4.15001E-1 4.16099E-1 4.14789E-1 4.26207E-1
4.31799E-1 4.44244E-1 4.48456E-1 4.35415E-1 4.48192E-1 4.39169E-1 4.10249E-1 4.10427E-1 4.01784E-1 3.95908E-1 4.08984E-1 4.07422E-1 4.07367E-1 4.22489E-1 4.19737E-1 4.32909E-1 4.42717E-1 4.64409E-1 4.55046E-1 4.51187E-1 4.47331E-1 4.63385E-1 4.85848E-1 4.91631E-1 4.86419E-1 5.12161E-1 5.1836E-1 5.24818E-1 6.09807E-1 6.78637E-1 6.69364E-1 6.33026E-1 5.72376E-1 5.52386E-1 5.53316E-1 5.65223E-1 5.4899E-1 5.34417E-1 5.17889E-1 5.22783E-1 5.48199E-1 5.59702E-1 5.35049E-1 5.34032E-1 5.32867E-1 5.21286E-1 5.09289E-1 5.00338E-1 4.84164E-1 4.62165E-1 4.53032E-1 4.51968E-1 4.47069E-1 4.26325E-1 4.16813E-1 4.22359E-1 4.22484E-1 4.15466E-1 4.13488E-1 4.29206E-1 4.3208E-1
4.36616E-1 4.37022E-1 4.34014E-1 4.40236E-1 4.52857E-1 4.54756E-1 4.1232E-1 3.97332E-1 3.87915E-1 3.82643E-1 3.98681E-1 3.92365E-1 3.84969E-1 3.90202E-1 4.13946E-1 4.28146E-1 4.78159E-1 4.48444E-1 4.4061E-1 4.54597E-1 4.53768E-1 5.0384E-1 5.04862E-1 4.68519E-1 4.95525E-1 5.18859E-1 5.17385E-1 5.35125E-1 5.95981E-1 6.86286E-1 6.77894E-1 6.19995E-1 5.67234E-1 5.59632E-1 5.41494E-1 5.30512E-1 5.26507E-1 5.2375E-1 5.21888E-1 5.29469E-1 5.36754E-1 5.54211E-1 5.98561E-1 5.286E-1 5.33573E-1 5.05911E-1 4.70733E-1 4.53634E-1 4.43768E-1 4.47787E-1 4.53446E-1 4.49775E-1 4.44176E-1 4.14874E-1 4.09872E-1 4.13536E-1 4.18002E-1 4.17009E-1 4.17505E-1 4.29867E-1 4.57423E-1
4.2146E-1 4.28137E-1 4.27682E-1 4.47816E-1 4.53388E-1 4.76173E-1 4.22958E-1 4.03119E-1 3.9056E-1 3.81758E-1 3.86306E-1 4.03223E-1 4.10444E-1 4.13675E-1 4.50125E-1 5.22701E-1 4.62297E-1 4.50431E-1 4.6484E-1 4.49514E-1 4.74025E-1 4.93352E-1 4.63251E-1 4.75119E-1 4.77567E-1 4.97755E-1 5.19751E-1 5.22655E-1 5.56322E-1 6.2608E-1 5.94812E-1 5.56471E-1 5.54841E-1 5.47943E-1 5.34577E-1 5.22154E-1 5.22346E-1 5.04889E-1 5.08082E-1 5.25787E-1 5.45569E-1 5.54506E-1 5.3398E-1 5.38138E-1 5.12453E-1 4.81833E-1 4.44964E-1 4.35967E-1 4.40245E-1 4.30516E-1 4.40078E-1 4.25257E-1 4.35575E-1 4.7632E-1 4.50541E-1 4.15073E-1 4.11103E-1 4.18379E-1 4.20025E-1 4.44965E-1 4.55268E-1
4.21913E-1 4.20107E-1 4.22707E-1 4.36582E-1 4.28091E-1 4.48263E-1 4.29209E-1 4.05504E-1 3.90997E-1 4.0155E-1 4.19199E-1 4.3578E-1 4.34237E-1 4.36538E-1 5.00808E-1 5.43545E-1 4.79313E-1 4.31656E-1 4.57299E-1 4.45577E-1 4.86495E-1 4.74624E-1 4.54401E-1 4.45452E-1 4.76112E-1 4.79666E-1 4.91522E-1 5.25463E-1 5.38299E-1 5.55049E-1 5.56277E-1 5.42398E-1 5.34483E-1 5.33246E-1 5.14399E-1 5.20652E-1 5.30744E-1 4.94588E-1 4.98333E-1 5.17922E-1 5.24825E-1 5.36639E-1 5.43106E-1 5.35384E-1 4.96722E-1 4.69359E-1 4.36689E-1 4.24559E-1 4.25933E-1 4.23026E-1 4.27692E-1 4.1629E-1 4.18936E-1 4.49757E-1 5.74892E-1 5.15792E-1 4.53587E-1 4.39651E-1 4.38345E-1 4.65657E-1 5.19811E-1
4.06151E-1 4.28127E-1 4.27288E-1 4.19195E-1 4.27632E-1 4.28888E-1 4.32261E-1 4.14891E-1 4.0723E-1 4.32275E-1 4.82259E-1 4.82529E-1 4.55742E-1 4.38511E-1 4.33968E-1 4.59694E-1 4.20705E-1 4.33807E-1 4.27153E-1 4.64689E-1 4.50153E-1 4.18813E-1 4.53277E-1 4.5366E-1 4.58215E-1 4.48245E-1 4.6381E-1 4.89926E-1 5.00179E-1 5.07116E-1 5.29079E-1 5.00923E-1 4.96839E-1 5.03549E-1 5.1045E-1 5.13318E-1 5.20751E-1 5.00531E-1 4.90666E-1 4.93313E-1 5.12014E-1 5.18833E-1 5.09789E-1 4.90128E-1 4.70602E-1 4.52062E-1 4.46861E-1 4.13234E-1 4.0768E-1 4.14617E-1 4.205E-1 4.2429E-1 4.23039E-1 4.31632E-1 4.40035E-1 6.17265E-1 4.95673E-1 4.82095E-1 4.94766E-1 5.19406E-1 5.77369E-1
3.99745E-1 4.06966E-1 4.06277E-1 4.09493E-1 4.11511E-1 4.20056E-1 4.17573E-1 4.19113E-1 4.2171E-1 4.36529E-1 4.71266E-1 4.7827E-1 4.68924E-1 4.33984E-1 4.2342E-1 4.18233E-1 4.33591E-1 4.40094E-1 4.47086E-1 4.39687E-1 4.14318E-1 4.22041E-1 4.10425E-1 4.24574E-1 4.55866E-1 4.87429E-1 4.5095E-1 4.72173E-1 4.6918E-1 4.81465E-1 4.81851E-1 4.73539E-1 4.72324E-1 4.94703E-1 5.03492E-1 5.11424E-1 5.25903E-1 5.0408E-1 4.92925E-1 4.95179E-1 4.9294E-1 4.98974E-1 4.94692E-1 4.74674E-1 4.58227E-1 4.33503E-1 4.21249E-1 4.13645E-1 4.09451E-1 4.16829E-1 4.28909E-1 4.31886E-1 4.34332E-1 4.43052E-1 4.47944E-1 4.66507E-1 4.95232E-1 4.88773E-1 5.27515E-1 5.90435E-1 6.02529E-1
3.95499E-1 3.92963E-1 3.9168E-1 4.00705E-1 3.98753E-1 4.03005E-1 4.14357E-1 4.11059E-1 4.26121E-1 4.40583E-1 4.61894E-1 5.13398E-1 4.99534E-1 4.88108E-1 4.4417E-1 4.38058E-1 4.35394E-1 4.45799E-1 4.2916E-1 4.2219E-1 4.6313E-1 4.19692E-1 4.08581E-1 4.25403E-1 4.47621E-1 4.4541E-1 4.42989E-1 4.84042E-1 4.80687E-1 4.87685E-1 4.62861E-1 4.64641E-1 4.59336E-1 5.12324E-1 5.1071E-1 5.02707E-1 4.96185E-1 4.86895E-1 4.8714E-1 4.8716E-1 4.78386E-1 4.74689E-1 4.69621E-1 4.51332E-1 4.43322E-1 4.21017E-1 4.06548E-1 4.20927E-1 4.1854E-1 4.31033E-1 4.41579E-1 4.42768E-1 4.45112E-1 4.57441E-1 4.74782E-1 5.1871E-1 5.79252E-1 5.79358E-1 6.25796E-1 -9999 -9999
4.13603E-1 4.1046E-1 3.94617E-1 3.86154E-1 3.86389E-1 3.79762E-1 3.99478E-1 4.16312E-1 4.25041E-1 4.33404E-1 4.37527E-1 4.73061E-1 4.83244E-1 4.83718E-1 4.58908E-1 4.45497E-1 4.39723E-1 4.45989E-1 4.30041E-1 4.62639E-1 5.90881E-1 4.51025E-1 4.14828E-1 4.22557E-1 4.25358E-1 4.49534E-1 4.51316E-1 4.65005E-1 4.54861E-1 4.51327E-1 4.47431E-1 4.5477E-1 4.59662E-1 4.82144E-1 4.9612E-1 4.89693E-1 4.78797E-1 4.78705E-1 4.71208E-1 4.69811E-1 4.6332E-1 4.5282E-1 4.45036E-1 4.42042E-1 4.23527E-1 4.23529E-1 4.19011E-1 4.36916E-1 4.31977E-1 4.35619E-1 4.4767E-1 4.54305E-1 4.71286E-1 4.94445E-1 5.12307E-1 5.55906E-1 6.60913E-1 6.72165E-1 -9999 -9999 -9999
4.09125E-1 4.07728E-1 3.92037E-1 3.95E-1 3.80038E-1 3.79421E-1 3.78939E-1 4.05805E-1 4.236E-1 4.31936E-1 4.36676E-1 4.43077E-1 4.38445E-1 4.64694E-1 4.70092E-1 4.52263E-1 4.45099E-1 4.61085E-1 4.76646E-1 4.46812E-1 4.47075E-1 4.20611E-1 4.23338E-1 4.49761E-1 4.31514E-1 4.52169E-1 4.59352E-1 4.45888E-1 4.44167E-1 4.59501E-1 4.6114E-1 4.44506E-1 4.62941E-1 4.82598E-1 4.92801E-1 4.86028E-1 4.87787E-1 4.76333E-1 4.63759E-1 4.54256E-1 4.496E-1 4.32305E-1 4.33002E-1 4.38176E-1 4.35505E-1 4.31127E-1 4.31899E-1 4.37713E-1 4.50865E-1 4.50997E-1 4.74223E-1 5.30546E-1 5.82303E-1 6.04938E-1 6.49297E-1 6.15549E-1 6.8858E-1 -9999 -9999 -9999 -9999
4.14335E-1 4.05731E-1 4.03757E-1 4.0938E-1 3.99203E-1 3.82342E-1 3.87219E-1 3.92516E-1 4.12615E-1 4.06581E-1 4.04162E-1 4.21322E-1 4.14393E-1 4.46578E-1 4.57277E-1 4.72338E-1 4.5882E-1 5.08228E-1 5.58877E-1 4.76421E-1 4.33518E-1 4.36795E-1 4.30793E-1 4.35279E-1 4.25202E-1 4.36151E-1 4.64989E-1 4.50588E-1 4.56863E-1 4.45869E-1 4.36029E-1 4.30042E-1 4.43444E-1 4.73032E-1 4.76866E-1 4.886E-1 4.85146E-1 4.76308E-1 4.64588E-1 4.45837E-1 4.47729E-1 4.32962E-1 4.26674E-1 4.40822E-1 4.43806E-1 4.5529E-1 4.45481E-1 4.5116E-1 4.62334E-1 4.81291E-1 5.39196E-1 6.33465E-1 6.42778E-1 6.86761E-1 6.89939E-1 -9999 -9999 -9999 -9999 -9999 -9999
4.20186E-1 4.12537E-1 4.0652E-1 4.0851E-1 3.9549E-1 3.90908E-1 3.83301E-1 3.95246E-1 4.08172E-1 4.0069E-1 3.9957E-1 4.0861E-1 4.22195E-1 4.43924E-1 4.58984E-1 4.47861E-1 4.45369E-1 4.38977E-1 4.55845E-1 4.55035E-1 4.48549E-1 4.5518E-1 4.58543E-1 4.42898E-1 4.26637E-1 4.38731E-1 4.46223E-1 4.40977E-1 4.32579E-1 4.30736E-1 4.32965E-1 4.28521E-1 4.36323E-1 4.58975E-1 4.72278E-1 4.73972E-1 4.78397E-1 4.67461E-1 4.53541E-1 4.40299E-1 4.34894E-1 4.38549E-1 4.26988E-1 4.41211E-1 4.44733E-1 4.50593E-1 4.56258E-1 4.66847E-1 4.81345E-1 5.27167E-1 5.8214E-1 6.70785E-1 6.88501E-1 7.01827E-1 -9999 -9999 -9999 -9999 -9999 -9999 -9999
4.30917E-1 4.28405E-1 4.1138E-1 3.99996E-1 3.97552E-1 4.03678E-1 3.98465E-1 3.95426E-1 4.01296E-1 4.02622E-1 3.99885E-1 4.21793E-1 4.5255E-1 4.47244E-1 4.44705E-1 4.53467E-1 4.3763E-1 4.60508E-1 4.8104E-1 5.0754E-1 4.99805E-1 4.97266E-1 4.74318E-1 4.5963E-1 4.34761E-1 4.52264E-1 4.3865E-1 4.28973E-1 4.217E-1 4.28732E-1 4.44148E-1 4.4517E-1 4.40668E-1 4.47872E-1 4.60608E-1 4.4584E-1 4.47875E-1 4.55706E-1 4.39983E-1 4.28504E-1 4.37668E-1 4.34269E-1 4.34681E-1 4.40592E-1 4.52363E-1 4.70643E-1 4.72461E-1 4.98661E-1 5.40064E-1 6.25333E-1 6.58724E-1 6.85209E-1 -9999 -9999 -9999 -9999 -9999 -9999 -9999 -9999 -9999
4.53704E-1 4.4804E-1 4.40773E-1 4.18218E-1 4.1255E-1 3.98083E-1 3.99403E-1 4.24646E-1 4.0725E-1 4.16286E-1 4.10426E-1 4.2218E-1 4.35502E-1 4.44345E-1 4.52271E-1 4.74081E-1 4.7672E-1 4.79148E-1 4.79246E-1 4.82217E-1 4.77287E-1 4.81988E-1 4.71026E-1 4.73257E-1 4.52643E-1 5.00417E-1 4.31756E-1 4.36134E-1 4.38567E-1 4.43725E-1 4.39044E-1 4.43699E-1 4.5505E-1 4.58337E-1 4.62144E-1 4.55329E-1 4.37897E-1 4.38171E-1 4.27648E-1 4.30774E-1 4.45753E-1 4.42279E-1 4.48771E-1 4.50513E-1 4.54632E-1 4.75329E-1 5.24312E-1 5.3279E-1 5.98086E-1 6.84013E-1 7.14819E-1 -9999 -9999 -9999 -9999 -9999 -9999 -9999 -9999 -9999 -9999
4.75693E-1 4.77347E-1 4.59809E-1 4.50078E-1 4.44239E-1 4.28733E-1 4.20838E-1 4.18817E-1 4.12407E-1 4.24541E-1 4.38116E-1 4.42337E-1 4.39478E-1 4.58682E-1 4.63749E-1 4.71033E-1 4.77116E-1 4.84147E-1 4.90088E-1 4.996E-1 5.02705E-1 4.78219E-1 4.74595E-1 4.60021E-1 4.71624E-1 5.22894E-1 4.46127E-1 4.51813E-1 4.47026E-1 4.52904E-1 4.46384E-1 4.50349E-1 4.49522E-1 4.65663E-1 4.73186E-1 4.78817E-1 4.78212E-1 4.51291E-1 4.46331E-1 4.50557E-1 4.47606E-1 4.5172E-1 4.46726E-1 4.55028E-1 4.79313E-1 4.78291E-1 5.03188E-1 5.7015E-1 6.728E-1 6.95602E-1 -9999 -9999 -9999 -9999 -9999 -9999 -9999 -9999 -9999 -9999 -9999
4.92068E-1 4.87531E-1 4.82959E-1 4.76399E-1 4.57155E-1 4.46387E-1 4.34644E-1 4.39813E-1 4.5016E-1 4.35565E-1 4.47478E-1 4.61553E-1 4.66297E-1 4.67205E-1 4.56721E-1 4.72577E-1 4.8109E-1 4.92E-1 5.17213E-1 5.30256E-1 5.23381E-1 5.03874E-1 4.8543E-1 4.8025E-1 4.71811E-1 4.85178E-1 4.53717E-1 4.57022E-1 4.56629E-1 4.5335E-1 4.55855E-1 4.63234E-1 4.65008E-1 4.82916E-1 5.0035E-1 4.99414E-1 4.88225E-1 4.60481E-1 4.52964E-1 4.52572E-1 4.53545E-1 4.59882E-1 4.60905E-1 4.6638E-1 4.84329E-1 5.13997E-1 5.1206E-1 5.91158E-1 7.1441E-1 7.15262E-1 -9999 -9999 -9999 -9999 -9999 -9999 -9999 -9999 -9999 -9999 -9999
