data/maxent/outputs/white_201.asc
ncols         426
nrows         180
xllcorner     -130.0
yllcorner     24.0
cellsize      0.16666666666666666
NODATA_value  -9999
[rows 0 to 26 of 180, columns 305 to 365 of 426]
1.19826E-2 1.92852E-2 2.15925E-2 2.38219E-2 2.4428E-2 2.39468E-2 2.4137E-2 2.36255E-2 2.43106E-2 2.50244E-2 2.37632E-2 2.40481E-2 2.4496E-2 2.22753E-2 1.98649E-2 1.13349E-2 1.22041E-2 1.99926E-2 2.73526E-2 2.79128E-2 2.20214E-2 1.32254E-2 1.22312E-2 1.24005E-2 1.38355E-2 2.12614E-2 2.25364E-2 2.1721E-2 1.65236E-2 2.32714E-2 2.22452E-2 1.6794E-2 1.98856E-2 1.67577E-2 7.25283E-3 8.27924E-3 8.98308E-3 1.44867E-2 1.38009E-2 1.25071E-2 1.13465E-2 9.85647E-3 9.29551E-3 8.94537E-3 9.00679E-3 8.49857E-3 7.34947E-3 6.74051E-3 6.50586E-3 6.3273E-3 5.97886E-3 5.98666E-3 5.96288E-3 5.69701E-3 5.49117E-3 6.0152E-3 5.62674E-3 5.95304E-3 5.39306E-3 5.19495E-3 5.15758E-3
1.19017E-2 2.12322E-2 2.56986E-2 2.71618E-2 2.56382E-2 2.63237E-2 2.7761E-2 2.80004E-2 2.73256E-2 1.88915E-2 8.74673E-3 7.32279E-3 9.86889E-3 7.9512E-3 8.77562E-3 1.84124E-2 2.11643E-2 2.69123E-2 2.80602E-2 1.93947E-2 1.23296E-2 8.94457E-3 8.70601E-3 1.23119E-2 1.42476E-2 1.34535E-2 1.84535E-2 2.36267E-2 2.47031E-2 2.505E-2 2.70639E-2 2.6138E-2 2.50479E-2 2.1015E-2 1.90976E-2 1.60071E-2 1.55019E-2 1.46522E-2 1.43002E-2 1.45901E-2 1.39425E-2 1.1576E-2 1.08665E-2 1.01314E-2 9.4108E-3 8.79618E-3 8.42707E-3 8.04545E-3 7.19295E-3 7.27519E-3 7.36651E-3 6.53554E-3 6.37719E-3 6.23928E-3 6.03485E-3 6.11686E-3 6.14127E-3 6.01486E-3 5.6492E-3 5.52551E-3 5.48203E-3
2.35014E-2 2.00391E-2 2.53077E-2 2.68307E-2 2.65278E-2 2.67774E-2 2.7938E-2 2.55967E-2 2.59395E-2 2.54185E-2 1.0162E-2 9.56302E-3 1.02407E-2 1.17868E-2 1.50494E-2 1.44484E-2 1.70714E-2 2.77934E-2 3.57463E-2 2.60404E-2 1.24182E-2 1.93948E-2 2.24778E-2 2.91387E-2 3.20108E-2 2.90546E-2 2.9718E-2 2.84005E-2 2.70603E-2 2.48488E-2 2.47614E-2 2.31061E-2 1.98041E-2 1.77642E-2 1.65864E-2 1.67998E-2 1.56748E-2 1.51437E-2 1.50794E-2 1.48248E-2 1.37181E-2 1.26962E-2 1.22027E-2 1.07282E-2 1.02686E-2 9.61114E-3 9.18043E-3 8.89576E-3 8.05641E-3 7.86309E-3 7.66633E-3 6.89879E-3 6.77522E-3 6.67657E-3 6.83585E-3 6.57101E-3 6.26608E-3 5.73383E-3 5.64601E-3 5.55213E-3 5.66064E-3
1.3425E-2 2.03967E-2 2.76212E-2 2.94724E-2 2.86548E-2 2.91226E-2 3.06296E-2 2.72174E-2 3.28052E-2 3.24967E-2 3.03117E-2 3.16563E-2 3.07503E-2 2.99024E-2 2.8429E-2 2.18876E-2 3.19737E-2 4.42833E-2 4.41726E-2 2.82463E-2 2.83723E-2 3.79865E-2 3.43519E-2 3.18387E-2 3.13452E-2 3.08155E-2 3.26943E-2 3.06487E-2 2.83827E-2 2.72069E-2 2.85141E-2 2.35201E-2 2.19442E-2 1.96693E-2 1.94933E-2 1.78663E-2 1.68674E-2 1.54616E-2 1.57391E-2 1.55972E-2 1.41558E-2 1.28055E-2 1.17489E-2 1.19694E-2 1.09915E-2 1.02907E-2 1.01819E-2 9.24576E-3 8.75852E-3 8.50195E-3 7.86851E-3 7.4056E-3 7.03994E-3 7.14154E-3 7.04257E-3 7.16637E-3 6.56066E-3 6.3645E-3 6.17858E-3 6.1599E-3 6.13638E-3
1.24453E-1 2.16178E-2 3.20014E-2 3.36299E-2 3.3574E-2 3.30969E-2 3.42938E-2 3.45068E-2 3.71279E-2 3.58634E-2 3.65776E-2 3.70564E-2 3.75345E-2 3.15131E-2 2.04619E-2 3.2416E-2 4.11589E-2 4.61442E-2 4.87049E-2 4.61291E-2 4.23913E-2 3.98588E-2 3.78449E-2 3.64719E-2 3.37917E-2 3.21573E-2 3.09274E-2 3.04086E-2 2.84623E-2 2.65836E-2 2.53849E-2 2.34538E-2 2.0509E-2 2.02505E-2 1.94315E-2 1.84564E-2 1.7408E-2 1.59381E-2 1.57771E-2 1.55196E-2 1.45827E-2 1.31634E-2 1.27775E-2 1.25495E-2 1.17634E-2 1.16756E-2 1.10993E-2 9.8494E-3 9.32702E-3 9.70157E-3 8.74156E-3 8.67894E-3 7.79778E-3 7.48674E-3 6.9995E-3 6.59298E-3 6.93473E-3 6.94625E-3 6.9826E-3 6.64793E-3 6.53974E-3
1.36381E-1 2.10713E-2 3.21044E-2 3.67724E-2 3.96742E-2 3.8156E-2 3.87995E-2 4.02928E-2 4.00969E-2 4.00813E-2 3.94634E-2 3.95648E-2 4.09038E-2 3.72206E-2 3.2126E-2 4.00225E-2 4.89291E-2 5.02307E-2 4.92193E-2 4.88602E-2 4.44305E-2 4.04559E-2 3.82683E-2 3.59126E-2 3.3118E-2 3.22107E-2 3.09248E-2 3.05186E-2 2.99564E-2 2.92071E-2 2.87992E-2 2.63644E-2 2.52794E-2 2.33532E-2 2.19043E-2 2.08994E-2 1.91533E-2 1.81187E-2 1.78719E-2 1.68984E-2 1.66981E-2 1.57458E-2 1.51104E-2 1.44675E-2 1.27459E-2 1.06503E-2 1.06316E-2 1.07786E-2 1.02328E-2 9.79467E-3 9.18325E-3 8.7711E-3 7.98235E-3 7.42282E-3 7.19491E-3 5.69017E-3 5.61789E-3 5.52605E-3 6.0181E-3 6.30027E-3 6.0914E-3
2.49208E-1 6.29609E-2 3.10358E-2 3.6515E-2 4.67412E-2 4.64132E-2 4.7293E-2 4.85974E-2 4.64948E-2 4.62904E-2 4.62203E-2 4.58233E-2 4.62598E-2 4.29877E-2 4.20911E-2 4.79133E-2 4.8544E-2 4.77661E-2 5.09533E-2 5.27512E-2 5.02982E-2 4.64022E-2 4.27501E-2 4.00871E-2 3.53624E-2 3.47604E-2 3.41933E-2 3.29615E-2 3.10687E-2 2.96936E-2 2.89372E-2 2.72143E-2 2.71058E-2 2.62893E-2 2.40488E-2 2.26306E-2 2.09321E-2 1.90577E-2 1.97399E-2 1.95689E-2 1.74628E-2 1.60622E-2 1.40331E-2 1.30525E-2 1.20374E-2 1.08438E-2 1.12345E-2 1.14288E-2 1.06413E-2 1.08578E-2 1.15404E-2 9.39909E-3 8.85098E-3 8.67394E-3 7.68127E-3 7.57005E-3 6.88733E-3 6.65243E-3 6.48729E-3 6.103E-3 6.27803E-3
-9999 1.28856E-1 3.41155E-2 4.30319E-2 5.53075E-2 5.35279E-2 5.53425E-2 5.49097E-2 5.79229E-2 5.08203E-2 5.37563E-2 5.24808E-2 5.11852E-2 4.78004E-2 4.64219E-2 4.55397E-2 4.64682E-2 5.08917E-2 5.17801E-2 5.45848E-2 5.56161E-2 5.4983E-2 4.94046E-2 4.45844E-2 4.23059E-2 3.98896E-2 3.63509E-2 3.41069E-2 3.2693E-2 3.21432E-2 3.06304E-2 2.90686E-2 2.88123E-2 2.70429E-2 2.69144E-2 2.5657E-2 2.32134E-2 2.10366E-2 1.96187E-2 1.91797E-2 1.82752E-2 1.80813E-2 1.72816E-2 1.57784E-2 1.49466E-2 1.38909E-2 1.35296E-2 1.17905E-2 1.09531E-2 1.11638E-2 1.11589E-2 1.06654E-2 9.62212E-3 9.31361E-3 8.71166E-3 9.1189E-3 8.33498E-3 7.91992E-3 7.0541E-3 7.19177E-3 6.89711E-3
1.59996E-1 -9999 3.21653E-2 4.29687E-2 5.63717E-2 6.04692E-2 6.15789E-2 5.99644E-2 6.32323E-2 6.15578E-2 5.74771E-2 5.63238E-2 5.71146E-2 5.45426E-2 5.5121E-2 4.08839E-2 4.54009E-2 3.91904E-2 4.92566E-2 5.73283E-2 5.44017E-2 4.81385E-2 4.50063E-2 4.52107E-2 4.03941E-2 3.61841E-2 3.63906E-2 3.69759E-2 3.40527E-2 3.22536E-2 3.0892E-2 3.0668E-2 3.13536E-2 3.08974E-2 2.81224E-2 2.5176E-2 2.46195E-2 2.24943E-2 2.11295E-2 2.18945E-2 2.45127E-2 2.24683E-2 2.13988E-2 1.97519E-2 1.75838E-2 1.6521E-2 1.44754E-2 1.35954E-2 1.28608E-2 1.2353E-2 1.35624E-2 1.32866E-2 1.18345E-2 1.07902E-2 1.07687E-2 1.094E-2 1.0461E-2 9.58892E-3 8.1124E-3 7.93713E-3 8.00133E-3
-9999 -9999 8.39016E-2 4.49494E-2 6.06515E-2 6.99808E-2 6.81133E-2 6.51848E-2 6.58802E-2 6.28389E-2 6.30616E-2 6.42171E-2 6.32567E-2 6.37484E-2 6.06172E-2 4.40291E-2 4.82906E-2 5.48771E-2 5.88838E-2 5.73949E-2 5.5593E-2 5.16226E-2 5.0001E-2 4.72341E-2 4.34044E-2 4.232E-2 4.15045E-2 4.03221E-2 3.85514E-2 3.61459E-2 3.54278E-2 3.40401E-2 3.25962E-2 3.08738E-2 2.87344E-2 2.65071E-2 2.70147E-2 2.61842E-2 2.60792E-2 2.58491E-2 2.54246E-2 2.58326E-2 2.60175E-2 2.61297E-2 2.2536E-2 2.06839E-2 1.79059E-2 1.58523E-2 1.34823E-2 1.18529E-2 1.16955E-2 9.2956E-3 1.0992E-2 1.13835E-2 1.26747E-2 1.19707E-2 1.20268E-2 1.03206E-2 9.06282E-3 9.64096E-3 8.41229E-3
-9999 -9999 -9999 5.00476E-2 7.03874E-2 8.37747E-2 8.57273E-2 8.24075E-2 8.10451E-2 7.68103E-2 6.98625E-2 7.02464E-2 6.85934E-2 6.77654E-2 6.98446E-2 6.58967E-2 6.20456E-2 6.00991E-2 6.28061E-2 6.18723E-2 5.96871E-2 5.69079E-2 5.5952E-2 5.30202E-2 5.01671E-2 4.89684E-2 4.6706E-2 4.74458E-2 4.75175E-2 4.45155E-2 4.15945E-2 3.85924E-2 3.5302E-2 3.58624E-2 3.45156E-2 3.29484E-2 3.25378E-2 3.2401E-2 3.27034E-2 2.82566E-2 2.71391E-2 2.45418E-2 2.37431E-2 2.01035E-2 1.91063E-2 1.76493E-2 1.34291E-2 1.2286E-2 1.01987E-2 8.81246E-3 7.91275E-3 8.48707E-3 1.07793E-2 1.14604E-2 1.12729E-2 1.10248E-2 1.17813E-2 1.26924E-2 1.07402E-2 1.11504E-2 1.10163E-2
4.66544E-2 1.74955E-1 7.80273E-2 9.3622E-2 9.87806E-2 9.86105E-2 9.63888E-2 9.5915E-2 8.91236E-2 8.63727E-2 7.68343E-2 6.87403E-2 6.80945E-2 6.30912E-2 6.42427E-2 6.16009E-2 5.99375E-2 6.13334E-2 6.14889E-2 6.06603E-2 5.9033E-2 6.12592E-2 6.11524E-2 5.76771E-2 5.61017E-2 5.30384E-2 5.28162E-2 5.16117E-2 5.1688E-2 4.90472E-2 4.4431E-2 4.23463E-2 4.16512E-2 4.17972E-2 3.99696E-2 3.79986E-2 3.8496E-2 3.76406E-2 3.61903E-2 3.27737E-2 2.64541E-2 1.87041E-2 1.42349E-2 1.43379E-2 1.78048E-2 1.37632E-2 1.20587E-2 1.11923E-2 1.11309E-2 1.03833E-2 9.42176E-3 9.97308E-3 1.1637E-2 1.24864E-2 1.0783E-2 1.00196E-2 1.1125E-2 1.33519E-2 1.61536E-2 1.45198E-2 1.52591E-2
-9999 8.63098E-2 1.15953E-1 1.31633E-1 1.19097E-1 1.14922E-1 1.1256E-1 1.01293E-1 8.89182E-2 8.52219E-2 8.70801E-2 7.83898E-2 7.48408E-2 7.18171E-2 6.91142E-2 6.6983E-2 6.5651E-2 6.7971E-2 6.532E-2 6.28017E-2 6.09919E-2 6.34996E-2 6.3872E-2 6.70313E-2 5.95036E-2 5.75952E-2 5.55194E-2 5.06459E-2 5.09835E-2 5.0737E-2 4.96456E-2 4.87782E-2 4.58639E-2 4.65822E-2 4.21428E-2 4.18623E-2 4.20534E-2 4.1521E-2 2.82031E-2 2.35951E-2 1.94667E-2 1.50813E-2 1.49515E-2 2.01112E-2 1.90911E-2 1.62592E-2 1.40762E-2 1.48565E-2 1.46546E-2 1.3049E-2 1.30075E-2 1.46788E-2 1.73611E-2 1.67688E-2 1.57703E-2 1.41939E-2 1.63226E-2 1.51195E-2 1.9832E-2 1.84764E-2 1.9245E-2
2.14586E-1 1.12714E-1 1.40502E-1 1.57872E-1 1.46347E-1 1.31171E-1 1.28649E-1 1.1675E-1 9.60446E-2 9.26121E-2 9.04823E-2 8.74184E-2 8.45335E-2 8.30244E-2 8.0939E-2 7.92236E-2 7.9E-2 7.96532E-2 7.46564E-2 7.20326E-2 7.06687E-2 6.87168E-2 6.69232E-2 6.7137E-2 6.58092E-2 6.07741E-2 6.06088E-2 5.7287E-2 5.4595E-2 5.26456E-2 5.52788E-2 5.97579E-2 5.34071E-2 5.35423E-2 4.64162E-2 4.29468E-2 4.18237E-2 2.83859E-2 1.75922E-2 1.72953E-2 1.81216E-2 1.87405E-2 2.23899E-2 2.37909E-2 2.28708E-2 2.12039E-2 1.97459E-2 1.99492E-2 1.78321E-2 1.75482E-2 1.70985E-2 1.9078E-2 2.05953E-2 2.20906E-2 1.91814E-2 1.8167E-2 1.93372E-2 1.65243E-2 2.06161E-2 2.29059E-2 2.2057E-2
2.06824E-1 1.11967E-1 1.48984E-1 1.67773E-1 1.53078E-1 1.38594E-1 1.31135E-1 1.23392E-1 1.10651E-1 1.08474E-1 9.97234E-2 9.82088E-2 9.44525E-2 9.7774E-2 9.24061E-2 8.63734E-2 8.83753E-2 8.12693E-2 7.68807E-2 7.31846E-2 7.28932E-2 7.42137E-2 7.3026E-2 7.29511E-2 6.70788E-2 6.6349E-2 6.83569E-2 6.28955E-2 6.04765E-2 5.7767E-2 6.15417E-2 6.31067E-2 5.62502E-2 5.49082E-2 4.55265E-2 4.36415E-2 3.67253E-2 2.7223E-2 3.05832E-2 2.73777E-2 2.97909E-2 3.62762E-2 3.22319E-2 2.61894E-2 2.70421E-2 2.89085E-2 2.75753E-2 2.64396E-2 2.34534E-2 1.90337E-2 2.04682E-2 1.98209E-2 2.02164E-2 2.29631E-2 2.29463E-2 2.2068E-2 2.15125E-2 2.08204E-2 2.21377E-2 2.61457E-2 6.24519E-2
1.83616E-1 1.66432E-1 1.7113E-1 1.64593E-1 1.78326E-1 1.70066E-1 1.59444E-1 1.517E-1 1.38017E-1 1.24831E-1 1.16061E-1 1.08142E-1 1.04815E-1 1.0672E-1 1.01133E-1 9.25776E-2 8.84845E-2 8.80399E-2 8.58782E-2 7.8062E-2 7.52531E-2 7.56125E-2 7.31578E-2 7.75919E-2 8.18562E-2 7.69501E-2 7.2751E-2 7.1177E-2 6.66843E-2 6.65795E-2 6.62138E-2 6.51952E-2 6.06784E-2 5.45542E-2 4.82293E-2 5.29256E-2 5.07592E-2 4.71672E-2 4.5315E-2 4.0736E-2 4.1266E-2 4.10055E-2 3.36075E-2 2.96535E-2 2.88719E-2 2.86038E-2 3.38221E-2 3.45866E-2 2.93974E-2 2.69824E-2 2.4477E-2 1.97957E-2 1.94491E-2 2.52273E-2 2.45296E-2 2.5421E-2 2.58312E-2 2.4509E-2 2.37467E-2 3.15743E-2 6.63023E-2
2.13138E-1 1.99812E-1 2.08215E-1 1.82304E-1 1.88908E-1 1.86532E-1 1.68881E-1 1.51564E-1 1.23527E-1 1.21362E-1 1.19458E-1 1.11531E-1 1.13121E-1 1.09842E-1 1.02551E-1 9.32496E-2 9.10544E-2 9.01432E-2 8.40805E-2 7.41731E-2 7.32299E-2 8.15375E-2 8.03746E-2 7.81351E-2 8.18975E-2 7.79772E-2 7.57845E-2 7.53406E-2 7.23381E-2 7.0282E-2 6.99908E-2 6.59738E-2 5.64527E-2 5.50039E-2 7.12836E-2 6.58384E-2 4.57663E-2 5.3133E-2 5.18336E-2 4.64523E-2 4.83693E-2 4.73774E-2 4.16241E-2 3.18374E-2 3.16765E-2 3.2896E-2 3.86671E-2 3.48748E-2 3.24425E-2 3.21376E-2 2.83023E-2 2.23282E-2 1.5583E-2 2.02711E-2 2.27836E-2 2.38073E-2 2.88407E-2 2.76331E-2 2.67749E-2 2.98651E-2 6.07635E-2
2.29733E-1 2.25853E-1 2.16306E-1 2.08596E-1 1.99461E-1 1.90152E-1 1.59029E-1 1.43026E-1 1.4216E-1 1.25723E-1 1.19206E-1 1.1465E-1 1.1028E-1 1.15119E-1 1.15929E-1 1.08957E-1 9.26448E-2 9.62832E-2 9.14828E-2 8.98812E-2 8.76764E-2 9.45322E-2 9.32434E-2 8.50567E-2 8.0136E-2 7.70246E-2 7.57406E-2 7.56722E-2 7.28115E-2 7.08234E-2 7.17723E-2 7.16366E-2 6.63354E-2 8.66863E-2 4.98115E-2 5.47122E-2 6.32726E-2 5.44298E-2 4.67302E-2 4.12364E-2 4.0617E-2 3.90903E-2 3.24195E-2 3.24199E-2 3.59794E-2 3.95662E-2 4.37881E-2 3.67172E-2 3.40545E-2 2.99828E-2 2.98513E-2 3.1151E-2 2.08835E-2 1.97937E-2 2.2089E-2 2.07064E-2 2.43638E-2 2.94228E-2 2.52838E-2 2.79624E-2 2.72834E-2
2.20944E-1 2.19929E-1 2.21549E-1 2.17682E-1 2.11268E-1 1.92153E-1 1.70853E-1 1.56352E-1 1.38248E-1 1.18424E-1 1.38929E-1 1.26801E-1 1.12746E-1 1.01717E-1 1.23687E-1 1.13421E-1 1.06839E-1 1.07465E-1 9.99969E-2 9.25076E-2 9.16811E-2 9.10184E-2 8.35619E-2 8.04346E-2 8.00417E-2 7.9849E-2 7.55725E-2 7.68795E-2 7.53024E-2 7.62022E-2 6.91097E-2 7.97088E-2 6.59774E-2 5.33312E-2 7.06444E-2 6.02278E-2 5.48946E-2 5.12327E-2 4.80283E-2 4.18619E-2 4.13546E-2 3.49793E-2 3.3938E-2 3.2845E-2 3.46688E-2 3.85687E-2 4.27438E-2 4.03945E-2 3.81648E-2 3.4881E-2 3.22277E-2 3.37881E-2 2.79797E-2 2.96949E-2 2.4986E-2 1.86162E-2 1.63811E-2 2.62033E-2 3.1055E-2 3.17303E-2 2.74308E-2
2.0768E-1 2.1312E-1 2.08158E-1 1.99895E-1 1.92931E-1 1.78389E-1 1.65171E-1 1.60144E-1 1.43995E-1 1.31629E-1 1.3605E-1 1.25442E-1 1.32488E-1 1.19393E-1 1.17273E-1 1.12902E-1 1.15591E-1 1.0793E-1 1.0267E-1 9.66992E-2 9.5638E-2 9.37084E-2 9.13507E-2 8.88868E-2 8.1636E-2 7.69369E-2 8.13541E-2 7.89078E-2 7.62973E-2 7.86298E-2 7.17599E-2 9.14367E-2 5.39672E-2 7.10185E-2 6.63571E-2 5.37248E-2 4.93841E-2 4.49989E-2 4.42851E-2 4.43868E-2 4.09596E-2 3.91965E-2 3.97695E-2 3.73477E-2 4.17019E-2 4.13622E-2 4.48534E-2 4.65632E-2 4.2684E-2 4.25375E-2 3.97285E-2 4.06646E-2 3.46598E-2 3.34152E-2 2.53449E-2 1.93863E-2 2.21789E-2 2.88665E-2 3.33379E-2 4.03995E-2 3.27995E-2
2.19966E-1 2.14324E-1 2.03286E-1 1.91035E-1 1.80733E-1 1.69262E-1 1.61975E-1 1.52667E-1 1.43217E-1 1.34315E-1 1.33217E-1 1.27408E-1 1.233E-1 1.14375E-1 1.17458E-1 1.20763E-1 1.17965E-1 1.1341E-1 1.02032E-1 9.34569E-2 9.43344E-2 9.42366E-2 9.08152E-2 9.14241E-2 8.11051E-2 7.90465E-2 8.15339E-2 7.65171E-2 7.20675E-2 6.96926E-2 7.22441E-2 6.48628E-2 7.19594E-2 7.10682E-2 6.40958E-2 5.60801E-2 5.19713E-2 4.93211E-2 4.56594E-2 4.98927E-2 4.66022E-2 4.94945E-2 4.91498E-2 4.21888E-2 4.49361E-2 4.02405E-2 3.83938E-2 4.52061E-2 3.50019E-2 3.67579E-2 4.29019E-2 3.97803E-2 3.91197E-2 3.9905E-2 3.05051E-2 2.21122E-2 2.48847E-2 3.29495E-2 3.52068E-2 4.7905E-2 3.71092E-2
1.99696E-1 2.06249E-1 1.95717E-1 1.79075E-1 1.71186E-1 1.6673E-1 1.63248E-1 1.56461E-1 1.49466E-1 1.39002E-1 1.3576E-1 1.33122E-1 1.28197E-1 1.2399E-1 1.28832E-1 1.24196E-1 1.18067E-1 1.18109E-1 1.05063E-1 1.01602E-1 1.0069E-1 9.58974E-2 9.32814E-2 9.67596E-2 9.45179E-2 9.21493E-2 8.71177E-2 8.37678E-2 7.72721E-2 7.2988E-2 7.75183E-2 9.14748E-2 7.93459E-2 7.07181E-2 6.55939E-2 6.05744E-2 5.83295E-2 5.77258E-2 5.91353E-2 6.17885E-2 5.41775E-2 5.75258E-2 5.77598E-2 4.14314E-2 4.25785E-2 3.82392E-2 4.62131E-2 4.86861E-2 4.01114E-2 3.82736E-2 4.00985E-2 4.25985E-2 3.80842E-2 4.09034E-2 3.66192E-2 2.78519E-2 3.20048E-2 3.95854E-2 4.88189E-2 6.49878E-2 3.61502E-2
1.7283E-1 1.80111E-1 1.69865E-1 1.65293E-1 1.69661E-1 1.63726E-1 1.58885E-1 1.59222E-1 1.5824E-1 1.55672E-1 1.4826E-1 1.42231E-1 1.37444E-1 1.4223E-1 1.32952E-1 1.25751E-1 1.22517E-1 1.1421E-1 1.04872E-1 1.08588E-1 1.08943E-1 1.07397E-1 1.00545E-1 1.00398E-1 9.54656E-2 9.22252E-2 8.93286E-2 8.70946E-2 8.35248E-2 8.37216E-2 8.04845E-2 9.4837E-2 7.96606E-2 7.45929E-2 7.00243E-2 6.62735E-2 6.49885E-2 6.45733E-2 6.74013E-2 6.48494E-2 6.43741E-2 6.73317E-2 6.15437E-2 5.4037E-2 4.21186E-2 4.5521E-2 5.27027E-2 6.55633E-2 5.32945E-2 5.13006E-2 4.82142E-2 3.8872E-2 3.18832E-2 3.80871E-2 4.25479E-2 4.3741E-2 4.75586E-2 5.13051E-2 6.58519E-2 1.15668E-1 7.67195E-2
1.67333E-1 1.71112E-1 1.68717E-1 1.63942E-1 1.68879E-1 1.74395E-1 1.69502E-1 1.67545E-1 1.62508E-1 1.55522E-1 1.50034E-1 1.43659E-1 1.4022E-1 1.42928E-1 1.37748E-1 1.31233E-1 1.28823E-1 1.26017E-1 1.18703E-1 1.18088E-1 1.14599E-1 1.09068E-1 1.09117E-1 1.01805E-1 1.01898E-1 9.73227E-2 9.39655E-2 9.77845E-2 9.68469E-2 9.2546E-2 9.88867E-2 8.74775E-2 8.10025E-2 8.11246E-2 8.05975E-2 8.04953E-2 7.80399E-2 7.4876E-2 7.98807E-2 6.70914E-2 5.64771E-2 6.2692E-2 5.98823E-2 7.1388E-2 5.53077E-2 5.45017E-2 5.47636E-2 9.64988E-2 7.72262E-2 7.8606E-2 6.29584E-2 5.55247E-2 4.61106E-2 4.2283E-2 5.30801E-2 5.96682E-2 5.65499E-2 5.96305E-2 6.22908E-2 7.0379E-2 1.79778E-1
1.81311E-1 1.80723E-1 1.76726E-1 1.7008E-1 1.65158E-1 1.77706E-1 1.7833E-1 1.67839E-1 1.83159E-1 1.7328E-1 1.60246E-1 1.59729E-1 1.53122E-1 1.47489E-1 1.54364E-1 1.52882E-1 1.37908E-1 1.35558E-1 1.3024E-1 1.2367E-1 1.24011E-1 1.29114E-1 1.19468E-1 1.17141E-1 1.18198E-1 1.22962E-1 1.13182E-1 1.10737E-1 1.10557E-1 1.14925E-1 1.11456E-1 8.88551E-2 8.84526E-2 9.4217E-2 9.23539E-2 9.07801E-2 8.63162E-2 8.60464E-2 9.06968E-2 7.71638E-2 6.63624E-2 6.89084E-2 7.6345E-2 8.67704E-2 8.15033E-2 7.29661E-2 7.07219E-2 9.49413E-2 9.19477E-2 8.96863E-2 8.66976E-2 7.29618E-2 7.55697E-2 6.89095E-2 7.36351E-2 7.24838E-2 6.62316E-2 6.54952E-2 6.70148E-2 7.82632E-2 2.06552E-1
1.81529E-1 1.74262E-1 1.67704E-1 1.6517E-1 1.64757E-1 1.66143E-1 1.61644E-1 1.62639E-1 1.64021E-1 1.70544E-1 1.62226E-1 1.67575E-1 1.60876E-1 1.82267E-1 1.81403E-1 1.46478E-1 1.44264E-1 1.43173E-1 1.40164E-1 1.40386E-1 1.33423E-1 1.26893E-1 1.27729E-1 1.25378E-1 1.20677E-1 1.20591E-1 1.2258E-1 1.20062E-1 1.19279E-1 1.21003E-1 1.03875E-1 1.03156E-1 9.95849E-2 1.08429E-1 1.04893E-1 1.01207E-1 9.08441E-2 9.06243E-2 1.05085E-1 1.01814E-1 1.00004E-1 1.00536E-1 1.01187E-1 1.06635E-1 9.41748E-2 1.00811E-1 1.07705E-1 1.18366E-1 1.26576E-1 1.18281E-1 9.7047E-2 9.23214E-2 1.21851E-1 1.65163E-1 1.09858E-1 9.07275E-2 8.60879E-2 1.11862E-1 9.04414E-2 9.20574E-2 1.00757E-1
1.78169E-1 1.78902E-1 1.70727E-1 1.69495E-1 1.68968E-1 1.63244E-1 1.60431E-1 1.63322E-1 1.60887E-1 1.58641E-1 1.61076E-1 1.56576E-1 1.4077E-1 1.4245E-1 1.58854E-1 1.76963E-1 1.89269E-1 1.4928E-1 1.49364E-1 1.60805E-1 1.53098E-1 1.40795E-1 1.29852E-1 1.30803E-1 1.32982E-1 1.34221E-1 1.32882E-1 1.33532E-1 1.35474E-1 1.18443E-1 1.13298E-1 1.10693E-1 1.07025E-1 1.16351E-1 1.24899E-1 1.04879E-1 9.23297E-2 1.10754E-1 1.21602E-1 1.24962E-1 1.27761E-1 1.4358E-1 1.4366E-1 1.49599E-1 1.23527E-1 1.30362E-1 1.37432E-1 1.53134E-1 1.44508E-1 1.25993E-1 1.32286E-1 1.49284E-1 1.78457E-1 1.62701E-1 2.09476E-1 1.21697E-1 1.05045E-1 1.40443E-1 1.17686E-1 1.17283E-1 1.32409E-1
