data/maxent/outputs/white_66.asc
ncols         426
nrows         180
xllcorner     -130.0
yllcorner     24.0
cellsize      0.16666666666666666
NODATA_value  -9999
[rows 0 to 26 of 180, columns 122 to 182 of 426]
2.67089E-4 2.35544E-4 2.47792E-4 1.60263E-4 1.40428E-4 2.10017E-4 2.61995E-4 2.97862E-4 2.54992E-4 2.23748E-4 1.77995E-4 1.71486E-4 1.84173E-4 1.81757E-4 1.84793E-4 1.65148E-4 1.84273E-4 1.60157E-4 1.42529E-4 1.47769E-4 1.81438E-4 1.64752E-4 1.37031E-4 1.46335E-4 1.11004E-4 1.09162E-4 8.88525E-5 7.22404E-5 7.01339E-5 7.09845E-5 7.47338E-5 7.17563E-5 6.9941E-5 6.78056E-5 6.89084E-5 6.99294E-5 7.15852E-5 8.2695E-5 8.79007E-5 9.30813E-5 9.05451E-5 8.86782E-5 8.3557E-5 7.91533E-5 7.49525E-5 7.16085E-5 6.63506E-5 6.64695E-5 6.92303E-5 6.78536E-5 5.91226E-5 6.00398E-5 5.99219E-5 5.61077E-5 6.11333E-5 7.57325E-5 8.87191E-5 6.9193E-5 7.50476E-5 7.94524E-5 5.26372E-5
1.98411E-4 1.75394E-4 1.44777E-4 1.27393E-4 1.31141E-4 1.39725E-4 1.4829E-4 1.57778E-4 2.58352E-4 3.29595E-4 2.32741E-4 1.93634E-4 1.56396E-4 1.90232E-4 2.31172E-4 1.80005E-4 1.568E-4 1.54015E-4 1.55238E-4 1.37125E-4 1.66192E-4 1.69711E-4 1.655E-4 1.42845E-4 1.32221E-4 1.46271E-4 1.38099E-4 9.69108E-5 9.56681E-5 9.20196E-5 9.2572E-5 9.77472E-5 1.0136E-4 1.17986E-4 9.22816E-5 8.28274E-5 8.88308E-5 9.89855E-5 1.02401E-4 1.093E-4 1.09724E-4 9.95615E-5 8.89889E-5 8.48301E-5 8.44537E-5 8.51429E-5 8.02996E-5 7.67701E-5 7.08646E-5 4.71124E-5 5.45157E-5 7.30962E-5 8.08817E-5 7.82462E-5 7.76797E-5 8.06423E-5 9.69E-5 8.79348E-5 6.69009E-5 6.66393E-5 5.88933E-5
1.90475E-4 1.73283E-4 1.36847E-4 1.34358E-4 1.79854E-4 1.55568E-4 1.88853E-4 1.70992E-4 1.96076E-4 2.25958E-4 3.00343E-4 2.09295E-4 1.65304E-4 1.67992E-4 2.05692E-4 1.98858E-4 1.60653E-4 1.52365E-4 1.51467E-4 1.68165E-4 1.63388E-4 1.76335E-4 1.73391E-4 1.57928E-4 1.2448E-4 1.4112E-4 1.35295E-4 1.29781E-4 1.15502E-4 1.15985E-4 1.03591E-4 9.30816E-5 9.48174E-5 9.41523E-5 1.02123E-4 1.42157E-4 1.47767E-4 1.31173E-4 1.10738E-4 1.19626E-4 1.24252E-4 1.22995E-4 1.03645E-4 1.10531E-4 1.11903E-4 1.3256E-4 9.85263E-5 8.3185E-5 7.7969E-5 7.33334E-5 7.60623E-5 8.94095E-5 9.43999E-5 8.87647E-5 9.58548E-5 9.20229E-5 1.01623E-4 8.74369E-5 8.25474E-5 6.17138E-5 6.04449E-5
2.73867E-4 2.17868E-4 1.79951E-4 1.58343E-4 1.50344E-4 1.63937E-4 1.5652E-4 1.48533E-4 1.69087E-4 1.6731E-4 2.2499E-4 2.4462E-4 2.53718E-4 1.8406E-4 1.82112E-4 2.19775E-4 1.87128E-4 1.56926E-4 1.52659E-4 1.50974E-4 1.54381E-4 1.51237E-4 1.40204E-4 1.36072E-4 1.37659E-4 1.32255E-4 1.29593E-4 1.35702E-4 1.28664E-4 1.37589E-4 1.26133E-4 1.12437E-4 1.25047E-4 1.17186E-4 1.37245E-4 1.39013E-4 1.21197E-4 1.38806E-4 1.3504E-4 1.45333E-4 1.37166E-4 1.31116E-4 9.9969E-5 6.47406E-5 7.20884E-5 1.30521E-4 9.51044E-5 7.83992E-5 7.62034E-5 8.00136E-5 8.09494E-5 8.46832E-5 1.1008E-4 1.33945E-4 1.44049E-4 1.42366E-4 1.39488E-4 1.27791E-4 8.44446E-5 7.42499E-5 7.05586E-5
2.97847E-4 2.75258E-4 2.41377E-4 2.31241E-4 2.01097E-4 1.77278E-4 1.78938E-4 1.93027E-4 1.92384E-4 1.86864E-4 1.83714E-4 1.93685E-4 2.07226E-4 2.32949E-4 2.32608E-4 2.55924E-4 2.45603E-4 1.96327E-4 1.94549E-4 1.89583E-4 1.83553E-4 1.79617E-4 1.8163E-4 1.84943E-4 1.7476E-4 1.64081E-4 1.70644E-4 1.81978E-4 1.72699E-4 1.8186E-4 1.67431E-4 1.60358E-4 1.63918E-4 1.34813E-4 1.09957E-4 1.2752E-4 1.46836E-4 1.61215E-4 1.71114E-4 1.69512E-4 1.27745E-4 9.04687E-5 6.03465E-5 5.02495E-5 1.10073E-4 1.33702E-4 9.70196E-5 9.05321E-5 9.5859E-5 1.00241E-4 1.01121E-4 1.10544E-4 1.0227E-4 1.00558E-4 1.3314E-4 1.54011E-4 1.65376E-4 1.46967E-4 1.17361E-4 1.15391E-4 1.16514E-4
3.72419E-4 3.86302E-4 3.62863E-4 3.39935E-4 2.83264E-4 2.4788E-4 2.04019E-4 3.43265E-4 2.44197E-4 2.14166E-4 2.00854E-4 1.8956E-4 1.75228E-4 1.9293E-4 2.69485E-4 3.47574E-4 2.75096E-4 2.14915E-4 2.3905E-4 2.3505E-4 2.31217E-4 2.17511E-4 2.02857E-4 1.98036E-4 2.02023E-4 1.99467E-4 1.94578E-4 1.79765E-4 1.73557E-4 1.59655E-4 1.5617E-4 1.44724E-4 1.69182E-4 1.70005E-4 1.29966E-4 1.35048E-4 1.28896E-4 1.55769E-4 1.45232E-4 1.17563E-4 8.76041E-5 6.88516E-5 8.15846E-5 1.18468E-4 1.71964E-4 1.34827E-4 1.05239E-4 1.09577E-4 1.45435E-4 1.57258E-4 1.44813E-4 2.12763E-4 1.94097E-4 1.80137E-4 2.00083E-4 1.61906E-4 1.54034E-4 1.40719E-4 1.25419E-4 1.04004E-4 1.19856E-4
5.17141E-4 5.3061E-4 5.56205E-4 5.1655E-4 4.02018E-4 3.44155E-4 2.88409E-4 2.29888E-4 2.08043E-4 2.31524E-4 2.40321E-4 2.18592E-4 1.98185E-4 2.02726E-4 2.38545E-4 3.46335E-4 2.81489E-4 2.40658E-4 2.90437E-4 2.82093E-4 2.60721E-4 2.62288E-4 2.50042E-4 2.49957E-4 2.43935E-4 2.38494E-4 2.66944E-4 2.44426E-4 1.9588E-4 1.63096E-4 1.5816E-4 1.71422E-4 1.85844E-4 1.99133E-4 1.69475E-4 1.49326E-4 1.45507E-4 1.33804E-4 1.25538E-4 1.03466E-4 1.00439E-4 1.03204E-4 1.29965E-4 1.46403E-4 1.49087E-4 1.43029E-4 1.42936E-4 1.6445E-4 2.44808E-4 2.99024E-4 2.51676E-4 2.34871E-4 3.29235E-4 2.81829E-4 1.91201E-4 2.46307E-4 2.18803E-4 1.91909E-4 1.59884E-4 1.35088E-4 1.16823E-4
4.50116E-4 4.4304E-4 5.03746E-4 4.17974E-4 4.4078E-4 3.99356E-4 4.50729E-4 4.08221E-4 3.63212E-4 2.99656E-4 2.66261E-4 2.49042E-4 2.11987E-4 2.29425E-4 2.90082E-4 3.00858E-4 2.69296E-4 2.85972E-4 3.04297E-4 2.73153E-4 2.70068E-4 2.89167E-4 2.85063E-4 2.82487E-4 2.66481E-4 2.47882E-4 2.59957E-4 2.74469E-4 2.36076E-4 2.0762E-4 1.99747E-4 2.03928E-4 2.15754E-4 2.1419E-4 2.05534E-4 1.68579E-4 1.55354E-4 1.70292E-4 1.49921E-4 1.23711E-4 1.19178E-4 1.41753E-4 1.47631E-4 1.50637E-4 1.5357E-4 1.8916E-4 1.93562E-4 1.95302E-4 1.86001E-4 1.62195E-4 2.42688E-4 2.57643E-4 2.91623E-4 2.91287E-4 1.96006E-4 2.68206E-4 2.03448E-4 2.29628E-4 2.014E-4 1.66205E-4 1.53854E-4
6.82916E-4 4.94714E-4 4.00127E-4 3.22406E-4 3.75273E-4 3.42749E-4 3.2471E-4 4.42425E-4 5.45451E-4 6.59635E-4 5.23396E-4 4.18122E-4 3.09175E-4 2.69326E-4 2.62107E-4 2.87751E-4 3.33806E-4 3.00742E-4 3.07756E-4 3.20829E-4 3.48711E-4 3.56333E-4 3.52015E-4 3.23983E-4 3.0046E-4 2.66637E-4 2.98383E-4 2.61234E-4 2.35719E-4 2.22221E-4 2.25101E-4 2.27778E-4 2.18755E-4 2.12429E-4 2.11738E-4 2.01438E-4 1.84365E-4 1.8776E-4 1.64341E-4 1.77506E-4 1.85612E-4 1.86446E-4 1.86994E-4 1.87616E-4 1.66445E-4 1.55281E-4 1.07773E-4 8.79406E-5 8.79232E-5 9.60746E-5 1.33847E-4 2.35004E-4 2.39637E-4 3.42374E-4 2.11345E-4 2.55473E-4 1.97543E-4 2.07736E-4 2.40864E-4 1.93649E-4 1.67382E-4
8.11418E-4 7.18039E-4 5.75291E-4 3.75726E-4 3.49602E-4 3.60031E-4 3.12556E-4 3.26164E-4 3.25697E-4 3.65832E-4 5.08299E-4 6.11119E-4 4.64473E-4 3.70392E-4 3.24575E-4 3.37206E-4 3.60851E-4 3.26713E-4 3.45399E-4 3.64834E-4 3.59034E-4 3.8535E-4 3.80413E-4 3.64271E-4 3.38124E-4 2.92135E-4 2.83935E-4 3.05952E-4 2.83555E-4 2.49304E-4 2.33139E-4 2.2118E-4 2.29957E-4 2.17269E-4 2.21124E-4 2.14676E-4 1.94764E-4 1.65547E-4 1.59855E-4 1.75711E-4 1.98711E-4 2.01003E-4 1.8831E-4 1.62883E-4 1.44554E-4 1.14633E-4 8.77672E-5 8.29866E-5 9.50013E-5 1.3586E-4 1.96278E-4 2.50852E-4 2.2594E-4 3.55068E-4 3.1849E-4 3.26778E-4 2.34077E-4 2.43423E-4 2.55399E-4 2.15266E-4 1.7655E-4
7.38597E-4 6.97955E-4 6.93266E-4 5.20235E-4 3.93156E-4 4.10531E-4 3.75252E-4 3.62967E-4 3.58995E-4 3.54004E-4 3.91758E-4 6.17317E-4 5.54756E-4 4.56232E-4 4.19061E-4 3.95824E-4 4.08656E-4 3.80172E-4 4.11988E-4 4.16153E-4 3.89162E-4 4.05437E-4 4.14607E-4 3.94355E-4 3.67903E-4 3.34785E-4 3.34399E-4 2.9532E-4 2.59891E-4 2.64568E-4 2.40862E-4 2.17571E-4 2.31663E-4 2.51047E-4 2.52203E-4 2.52332E-4 2.24977E-4 1.94861E-4 1.69655E-4 1.71433E-4 1.79733E-4 1.65595E-4 1.45774E-4 1.59988E-4 1.56926E-4 1.32723E-4 1.17075E-4 1.5908E-4 1.61422E-4 2.02015E-4 2.33035E-4 2.07234E-4 2.13807E-4 3.07033E-4 3.00107E-4 2.74004E-4 2.42367E-4 3.20543E-4 2.44648E-4 2.12142E-4 1.84742E-4
7.02606E-4 6.29712E-4 5.43603E-4 3.9967E-4 3.96759E-4 4.70085E-4 4.57182E-4 4.52503E-4 4.50897E-4 4.59035E-4 4.74357E-4 6.04585E-4 5.91105E-4 5.12799E-4 4.98662E-4 4.79314E-4 4.64153E-4 4.93248E-4 4.71346E-4 4.24868E-4 4.276E-4 3.94963E-4 3.86372E-4 3.87786E-4 3.57944E-4 3.21514E-4 3.1179E-4 2.85032E-4 2.49501E-4 2.6748E-4 2.59806E-4 2.59142E-4 2.41242E-4 2.57408E-4 2.77639E-4 2.80656E-4 2.44387E-4 2.23929E-4 1.79232E-4 1.54696E-4 1.73271E-4 1.51757E-4 1.37808E-4 1.21497E-4 1.36596E-4 1.4189E-4 1.37309E-4 1.693E-4 1.62482E-4 1.43556E-4 1.73874E-4 2.27209E-4 3.02956E-4 3.90135E-4 3.11025E-4 2.80008E-4 2.90388E-4 3.42942E-4 2.64408E-4 2.03723E-4 2.22449E-4
4.26529E-4 4.44961E-4 3.98484E-4 4.01825E-4 3.60832E-4 4.55229E-4 4.66955E-4 4.82579E-4 5.1316E-4 5.38092E-4 5.68203E-4 5.84161E-4 6.30821E-4 5.5704E-4 5.19023E-4 5.07153E-4 4.51629E-4 4.92248E-4 4.47212E-4 4.83423E-4 5.05818E-4 5.04747E-4 4.80769E-4 4.38663E-4 3.76988E-4 3.3702E-4 3.11838E-4 3.17146E-4 2.8209E-4 2.78079E-4 2.72429E-4 3.46315E-4 3.02422E-4 3.8496E-4 3.50025E-4 2.95998E-4 3.04666E-4 2.45046E-4 1.75957E-4 1.72723E-4 1.86148E-4 1.88006E-4 1.507E-4 1.50772E-4 1.51257E-4 1.83492E-4 2.01972E-4 2.01543E-4 1.75138E-4 1.5297E-4 2.04416E-4 2.13237E-4 1.76436E-4 2.45943E-4 3.86029E-4 3.29538E-4 2.24184E-4 2.82703E-4 2.72246E-4 2.16574E-4 1.82882E-4
3.54865E-4 3.47124E-4 3.81032E-4 3.57953E-4 3.88162E-4 4.62195E-4 4.77293E-4 4.34137E-4 4.38205E-4 4.65446E-4 5.31798E-4 5.89269E-4 6.90409E-4 7.03959E-4 5.42155E-4 5.30834E-4 4.49518E-4 4.7018E-4 5.00573E-4 5.92985E-4 5.85496E-4 5.87872E-4 6.20175E-4 5.25241E-4 4.26825E-4 3.73251E-4 3.2118E-4 3.21062E-4 3.00794E-4 3.19118E-4 3.06835E-4 3.69197E-4 3.3699E-4 3.79947E-4 3.89965E-4 4.04896E-4 4.08285E-4 3.26341E-4 2.72583E-4 2.2389E-4 1.92602E-4 1.65562E-4 1.35393E-4 1.59593E-4 2.06673E-4 2.39551E-4 2.04901E-4 2.13429E-4 1.72141E-4 1.63988E-4 1.64895E-4 1.3341E-4 1.33468E-4 1.93562E-4 2.77291E-4 2.18005E-4 2.31093E-4 2.64665E-4 2.61234E-4 2.78983E-4 2.29007E-4
3.79986E-4 4.29111E-4 4.15778E-4 4.77057E-4 4.75767E-4 4.25808E-4 5.07123E-4 6.49796E-4 6.04665E-4 5.3317E-4 4.56517E-4 5.17667E-4 6.10591E-4 6.40408E-4 6.15267E-4 6.15961E-4 5.71764E-4 5.18187E-4 5.21861E-4 5.02258E-4 4.46334E-4 4.52506E-4 5.13271E-4 5.58197E-4 5.51653E-4 4.89512E-4 3.86993E-4 3.49253E-4 3.40358E-4 3.30511E-4 3.06323E-4 2.9323E-4 2.89967E-4 3.36746E-4 3.9308E-4 4.28792E-4 4.35531E-4 4.05492E-4 3.70889E-4 3.24586E-4 2.98765E-4 2.86795E-4 2.6949E-4 2.29674E-4 2.2019E-4 2.07254E-4 1.60612E-4 1.46552E-4 1.48896E-4 1.28365E-4 1.40266E-4 1.4181E-4 1.25607E-4 1.68641E-4 2.6525E-4 1.9122E-4 2.50828E-4 2.08198E-4 2.18871E-4 2.76679E-4 2.93946E-4
4.65546E-4 5.03584E-4 5.24022E-4 5.26263E-4 6.12253E-4 6.08381E-4 5.75922E-4 6.61455E-4 6.30813E-4 6.30801E-4 4.53442E-4 5.04657E-4 5.84373E-4 7.35526E-4 7.21243E-4 7.61691E-4 7.11456E-4 5.85378E-4 5.84181E-4 6.02129E-4 5.18869E-4 4.92368E-4 4.62094E-4 4.72923E-4 6.51629E-4 6.795E-4 5.06558E-4 3.97101E-4 4.2567E-4 3.59931E-4 2.94512E-4 2.66843E-4 3.06666E-4 3.43098E-4 3.7698E-4 4.08084E-4 4.01934E-4 3.8795E-4 3.48597E-4 3.70228E-4 3.98497E-4 3.24636E-4 3.11096E-4 3.09206E-4 2.49651E-4 3.11052E-4 2.27168E-4 1.98076E-4 1.03253E-4 9.20961E-5 1.13266E-4 1.63015E-4 1.73779E-4 2.02098E-4 2.69199E-4 1.8334E-4 1.68085E-4 1.83881E-4 3.18722E-4 2.57781E-4 2.11466E-4
5.21627E-4 5.41779E-4 6.17999E-4 5.31633E-4 5.0113E-4 5.54264E-4 5.50357E-4 6.48486E-4 6.91911E-4 6.71604E-4 7.0981E-4 7.06558E-4 8.15809E-4 7.32336E-4 6.74853E-4 7.4597E-4 9.20134E-4 7.38484E-4 6.76996E-4 7.59321E-4 5.95746E-4 6.34899E-4 6.33595E-4 5.61281E-4 7.23878E-4 7.15285E-4 7.58272E-4 6.73946E-4 5.39708E-4 4.26279E-4 3.56124E-4 3.27924E-4 3.20732E-4 3.48159E-4 4.03148E-4 4.19589E-4 4.20166E-4 3.86547E-4 3.57797E-4 3.75618E-4 4.09138E-4 3.98955E-4 3.29761E-4 3.10507E-4 2.68539E-4 2.65137E-4 2.63045E-4 2.292E-4 2.01955E-4 1.71131E-4 1.5775E-4 1.81433E-4 2.28271E-4 2.49319E-4 2.2557E-4 1.85651E-4 1.85281E-4 2.317E-4 3.96056E-4 4.5791E-4 3.29748E-4
5.60254E-4 5.71174E-4 6.13226E-4 7.23522E-4 7.31442E-4 6.01076E-4 5.3421E-4 5.78304E-4 7.82195E-4 7.96078E-4 8.44027E-4 8.83804E-4 7.00236E-4 6.87794E-4 8.59196E-4 9.04493E-4 9.57525E-4 1.18747E-3 1.08788E-3 8.47331E-4 7.33491E-4 7.8581E-4 8.76971E-4 8.18434E-4 8.71607E-4 8.70073E-4 8.85604E-4 7.8444E-4 6.49591E-4 5.36974E-4 4.71215E-4 4.31689E-4 4.14384E-4 4.18063E-4 4.21351E-4 4.34603E-4 4.3409E-4 4.48991E-4 4.34758E-4 4.27233E-4 4.07151E-4 3.83583E-4 3.42312E-4 3.28731E-4 3.00256E-4 3.00159E-4 2.92907E-4 2.64502E-4 2.55257E-4 2.31814E-4 2.00572E-4 2.2472E-4 2.71621E-4 2.37476E-4 2.45003E-4 2.36831E-4 2.27275E-4 2.75201E-4 3.30122E-4 4.32468E-4 3.93556E-4
7.7218E-4 7.95192E-4 7.37317E-4 7.55612E-4 9.04896E-4 1.04113E-3 9.94428E-4 8.7719E-4 1.04348E-3 8.75278E-4 7.79245E-4 6.71981E-4 8.21124E-4 8.41308E-4 9.59201E-4 1.05378E-3 1.6412E-3 1.20929E-3 1.17195E-3 1.1673E-3 1.00679E-3 8.92611E-4 8.34783E-4 9.90413E-4 1.09432E-3 1.0836E-3 1.16837E-3 9.20019E-4 6.93075E-4 5.95933E-4 5.62767E-4 5.32727E-4 4.49927E-4 4.2184E-4 4.44007E-4 4.31189E-4 4.32193E-4 4.51628E-4 4.56881E-4 4.30838E-4 4.76604E-4 4.32467E-4 4.18855E-4 4.11173E-4 4.06114E-4 3.44203E-4 3.31148E-4 2.90366E-4 2.60776E-4 2.23024E-4 1.97008E-4 1.82296E-4 2.29011E-4 2.32776E-4 2.45979E-4 2.48609E-4 2.2854E-4 1.95916E-4 2.48558E-4 3.66569E-4 3.44125E-4
8.82747E-4 7.64921E-4 6.97596E-4 7.093E-4 7.56036E-4 1.00692E-3 1.22752E-3 1.26338E-3 1.11828E-3 1.12895E-3 9.29085E-4 7.18863E-4 8.84818E-4 1.34607E-3 1.67493E-3 1.75885E-3 1.36203E-3 1.43219E-3 1.29231E-3 1.27515E-3 9.79695E-4 9.58107E-4 1.12715E-3 1.1197E-3 1.18236E-3 1.15405E-3 1.17321E-3 1.00793E-3 7.80494E-4 6.95426E-4 6.30246E-4 6.5021E-4 5.87422E-4 5.31511E-4 5.35766E-4 5.34491E-4 5.359E-4 4.58536E-4 4.76743E-4 4.93581E-4 5.44554E-4 5.1838E-4 4.66684E-4 4.73137E-4 4.5657E-4 4.65953E-4 4.42376E-4 3.23597E-4 2.94227E-4 2.72994E-4 2.16403E-4 1.75049E-4 1.78427E-4 1.57149E-4 1.81156E-4 1.7357E-4 1.5118E-4 1.59824E-4 1.63217E-4 1.64771E-4 3.59993E-4
6.55845E-4 6.80022E-4 5.23987E-4 5.09347E-4 5.95025E-4 8.09129E-4 9.64319E-4 1.1892E-3 1.22857E-3 1.14436E-3 1.18678E-3 1.21273E-3 1.352E-3 1.12394E-3 8.32543E-4 8.43378E-4 9.31002E-4 1.30337E-3 1.32476E-3 1.15797E-3 1.0762E-3 9.19763E-4 1.03324E-3 1.12683E-3 1.03476E-3 1.24834E-3 1.21181E-3 1.01097E-3 8.71302E-4 7.59937E-4 5.79969E-4 4.58783E-4 4.78714E-4 4.91416E-4 4.83325E-4 5.3049E-4 6.08792E-4 6.05488E-4 5.78082E-4 6.02368E-4 5.72202E-4 5.58269E-4 5.36784E-4 5.55834E-4 5.33404E-4 5.39317E-4 5.49909E-4 5.08647E-4 3.67625E-4 3.31542E-4 2.62874E-4 2.12612E-4 1.89478E-4 1.80245E-4 1.70655E-4 1.6467E-4 1.49606E-4 1.37572E-4 1.20158E-4 1.36644E-4 2.24662E-4
7.33687E-4 6.97408E-4 6.29394E-4 5.5265E-4 6.22422E-4 7.85723E-4 9.24598E-4 1.00236E-3 1.09841E-3 1.08998E-3 1.14936E-3 1.17709E-3 1.18926E-3 1.0155E-3 9.23142E-4 9.65121E-4 9.9183E-4 1.05897E-3 9.90667E-4 8.58092E-4 9.89994E-4 9.21587E-4 1.23904E-3 1.82909E-3 1.39436E-3 1.13434E-3 1.09641E-3 7.88428E-4 6.38363E-4 5.56413E-4 6.58001E-4 5.60113E-4 4.71244E-4 4.13801E-4 4.24734E-4 4.41086E-4 5.23655E-4 5.64442E-4 5.98998E-4 5.51602E-4 5.18944E-4 5.00608E-4 4.82394E-4 4.91162E-4 5.40904E-4 4.83238E-4 4.85254E-4 5.75875E-4 5.51195E-4 4.39583E-4 3.94585E-4 2.85601E-4 2.43067E-4 2.47099E-4 2.07949E-4 1.76754E-4 1.63731E-4 1.55139E-4 1.30473E-4 1.14383E-4 2.19713E-4
7.23446E-4 6.70507E-4 6.56426E-4 7.4065E-4 8.20767E-4 8.61813E-4 9.47812E-4 1.24166E-3 1.1162E-3 1.25358E-3 1.32342E-3 1.30783E-3 1.20901E-3 1.18254E-3 1.06212E-3 9.99872E-4 1.02128E-3 9.97518E-4 9.78101E-4 7.80427E-4 7.24751E-4 6.58946E-4 7.61639E-4 1.24272E-3 2.64174E-3 1.9625E-3 1.20364E-3 8.14779E-4 6.32091E-4 5.62619E-4 5.82136E-4 4.76261E-4 4.76626E-4 5.35448E-4 4.97071E-4 4.85563E-4 4.50862E-4 4.67238E-4 4.95392E-4 4.90381E-4 4.71341E-4 4.64512E-4 4.74894E-4 4.98888E-4 5.06006E-4 4.86766E-4 4.84934E-4 5.43308E-4 6.2206E-4 6.03527E-4 5.62211E-4 4.47087E-4 3.26145E-4 2.88916E-4 2.70904E-4 1.88257E-4 1.64927E-4 1.55628E-4 1.6166E-4 2.10877E-4 3.45323E-4
9.85557E-4 9.64269E-4 1.14539E-3 1.13732E-3 1.06149E-3 1.23287E-3 1.22901E-3 1.26543E-3 1.16582E-3 1.03633E-3 1.06353E-3 9.08997E-4 8.72625E-4 1.06693E-3 1.14752E-3 1.29059E-3 1.02997E-3 8.98961E-4 1.05794E-3 9.82326E-4 1.0869E-3 1.84256E-3 2.01176E-3 1.10925E-3 1.60561E-3 2.48664E-3 2.16953E-3 1.6923E-3 9.68123E-4 7.40952E-4 6.74267E-4 5.81918E-4 5.40958E-4 5.6408E-4 5.79414E-4 5.34933E-4 5.33865E-4 5.2695E-4 5.37352E-4 5.29737E-4 4.71134E-4 4.68858E-4 4.36443E-4 4.35752E-4 4.10405E-4 4.24486E-4 4.57271E-4 4.99891E-4 5.83682E-4 6.62495E-4 6.25153E-4 5.80157E-4 4.94607E-4 3.53507E-4 3.27477E-4 2.55742E-4 2.44948E-4 2.2808E-4 2.4452E-4 3.20492E-4 3.64421E-4
1.84508E-3 1.91919E-3 1.9024E-3 2.21456E-3 2.14963E-3 2.05574E-3 1.57177E-3 1.07438E-3 1.02777E-3 1.02889E-3 1.12273E-3 9.56774E-4 1.07323E-3 9.9907E-4 8.78379E-4 9.68445E-4 1.06646E-3 1.32074E-3 1.48159E-3 1.26179E-3 1.41611E-3 1.4832E-3 1.43087E-3 1.42628E-3 1.32473E-3 1.63309E-3 1.57629E-3 1.77952E-3 1.88642E-3 1.48744E-3 1.4765E-3 9.57598E-4 7.63604E-4 6.83636E-4 6.8156E-4 5.83603E-4 5.75405E-4 5.88225E-4 5.72689E-4 5.54903E-4 4.96443E-4 3.88149E-4 3.74264E-4 4.10803E-4 3.8662E-4 3.80443E-4 4.21984E-4 4.96431E-4 5.92977E-4 6.96679E-4 7.58654E-4 7.22965E-4 6.65923E-4 5.32995E-4 4.59864E-4 3.67191E-4 3.4538E-4 3.54079E-4 3.54065E-4 3.50112E-4 3.45466E-4
1.82791E-3 1.69604E-3 1.39556E-3 1.40774E-3 1.49833E-3 1.45042E-3 1.38079E-3 9.35651E-4 8.65498E-4 9.05202E-4 9.53055E-4 1.12519E-3 1.1135E-3 1.16736E-3 1.17869E-3 1.00942E-3 8.86674E-4 1.00991E-3 1.45652E-3 1.76141E-3 1.81494E-3 1.80602E-3 2.00174E-3 2.27965E-3 1.86021E-3 1.71818E-3 1.46788E-3 1.20618E-3 1.53376E-3 2.18787E-3 2.19632E-3 1.64309E-3 1.20132E-3 1.19449E-3 9.21831E-4 7.91721E-4 7.1148E-4 6.98946E-4 6.59478E-4 6.1969E-4 5.06686E-4 4.45693E-4 4.13223E-4 4.34447E-4 4.11705E-4 4.17556E-4 4.52584E-4 5.33047E-4 6.08045E-4 6.7065E-4 7.65114E-4 8.1226E-4 7.21991E-4 7.7387E-4 6.78432E-4 5.80961E-4 4.99652E-4 4.36917E-4 4.97337E-4 5.18926E-4 4.39856E-4
8.27456E-4 7.53874E-4 6.25775E-4 8.15033E-4 1.17617E-3 1.36537E-3 9.91843E-4 9.57199E-4 8.39805E-4 8.51995E-4 8.21209E-4 7.01862E-4 1.24562E-3 1.52504E-3 1.50864E-3 1.17389E-3 1.1612E-3 1.06639E-3 1.53951E-3 1.96977E-3 2.02643E-3 2.48826E-3 3.02709E-3 3.51489E-3 3.67089E-3 3.14449E-3 2.96494E-3 2.55223E-3 2.11048E-3 2.4797E-3 2.77877E-3 2.84269E-3 2.47252E-3 1.70359E-3 1.30051E-3 9.95422E-4 8.857E-4 8.34846E-4 7.71051E-4 6.78927E-4 6.0741E-4 5.45955E-4 4.98174E-4 4.88713E-4 4.94844E-4 5.20869E-4 5.70842E-4 6.20796E-4 6.96666E-4 7.50306E-4 8.2364E-4 8.71809E-4 7.6585E-4 8.23086E-4 8.00846E-4 7.60645E-4 6.6425E-4 5.4057E-4 5.8086E-4 6.3664E-4 6.51009E-4
