data/maxent/outputs/white_140.asc
ncols         426
nrows         180
xllcorner     -130.0
yllcorner     24.0
cellsize      0.16666666666666666
NODATA_value  -9999
[rows 0 to 26 of 180, columns 183 to 243 of 426]
4.14815E-2 3.51974E-2 3.56608E-2 3.44192E-2 3.01547E-2 2.81112E-2 2.87429E-2 3.12165E-2 3.17729E-2 3.17478E-2 3.37006E-2 3.27648E-2 2.60987E-2 2.51856E-2 2.62721E-2 2.49352E-2 2.40014E-2 2.35624E-2 2.35805E-2 2.39671E-2 2.36525E-2 2.27463E-2 2.32624E-2 2.28202E-2 2.41709E-2 2.36813E-2 2.42453E-2 2.3986E-2 2.00618E-2 2.13032E-2 2.28494E-2 2.15431E-2 2.07785E-2 2.23299E-2 2.03722E-2 1.91796E-2 1.85676E-2 1.72834E-2 1.68648E-2 1.67608E-2 1.68746E-2 1.74126E-2 1.58629E-2 1.47341E-2 1.42642E-2 1.44961E-2 1.44894E-2 1.32654E-2 1.4562E-2 1.3857E-2 1.35966E-2 1.39072E-2 1.43452E-2 1.27239E-2 1.33283E-2 1.22673E-2 1.23785E-2 1.15343E-2 1.17408E-2 1.20636E-2 1.16327E-2
4.16706E-2 3.62641E-2 4.15525E-2 3.40609E-2 2.48858E-2 2.37974E-2 2.37226E-2 2.30758E-2 2.84499E-2 3.45275E-2 3.39151E-2 3.47635E-2 3.10841E-2 2.75342E-2 2.87628E-2 2.74E-2 2.63862E-2 2.54E-2 2.42627E-2 2.51823E-2 2.381E-2 2.53026E-2 2.65829E-2 2.42871E-2 2.51789E-2 2.55083E-2 2.64312E-2 2.56143E-2 2.48321E-2 2.38182E-2 2.07819E-2 2.07266E-2 2.32128E-2 2.42236E-2 2.34468E-2 2.141E-2 2.12666E-2 2.04918E-2 1.99326E-2 1.92476E-2 1.89907E-2 1.78268E-2 1.80179E-2 1.90576E-2 1.71852E-2 1.67467E-2 1.69044E-2 1.5581E-2 1.596E-2 1.68681E-2 1.5833E-2 1.60649E-2 1.5706E-2 1.45899E-2 1.52918E-2 1.59851E-2 1.47192E-2 1.26387E-2 1.34233E-2 1.39695E-2 1.31927E-2
4.16348E-2 4.11837E-2 5.16923E-2 2.84531E-2 2.69725E-2 2.56475E-2 2.57559E-2 2.39967E-2 2.45719E-2 2.40388E-2 3.43608E-2 3.89346E-2 3.85179E-2 3.25338E-2 3.005E-2 2.91668E-2 2.88462E-2 2.8081E-2 2.83178E-2 2.80555E-2 2.60726E-2 2.51391E-2 2.56061E-2 2.69324E-2 2.71945E-2 2.79704E-2 2.83441E-2 2.79766E-2 2.83614E-2 2.79192E-2 2.77679E-2 2.76566E-2 2.76968E-2 2.60768E-2 2.43276E-2 2.42758E-2 2.45013E-2 2.29548E-2 2.27379E-2 2.07386E-2 2.029E-2 1.96578E-2 1.9547E-2 1.76628E-2 1.77595E-2 1.74285E-2 1.72666E-2 1.71207E-2 1.86327E-2 1.82878E-2 1.8581E-2 1.65493E-2 1.42358E-2 1.50296E-2 1.56592E-2 1.58579E-2 1.60223E-2 1.5088E-2 1.48057E-2 1.47068E-2 1.43404E-2
4.73564E-2 4.95271E-2 4.79009E-2 2.7721E-2 2.68894E-2 2.65189E-2 2.58814E-2 2.42569E-2 2.39205E-2 2.51517E-2 2.4658E-2 3.95715E-2 4.3912E-2 3.63091E-2 3.52744E-2 3.29194E-2 3.19855E-2 3.23407E-2 3.05701E-2 2.9698E-2 3.04891E-2 2.79509E-2 2.7815E-2 2.76934E-2 2.81938E-2 2.99419E-2 2.83696E-2 2.82436E-2 2.85691E-2 2.83005E-2 2.97778E-2 3.10605E-2 2.94263E-2 2.8115E-2 2.63976E-2 2.62541E-2 2.64981E-2 2.51411E-2 2.49217E-2 2.46301E-2 2.14738E-2 1.94418E-2 2.14789E-2 1.9011E-2 1.72702E-2 1.81276E-2 2.04864E-2 1.94532E-2 2.02526E-2 2.03163E-2 1.9841E-2 2.1192E-2 1.67611E-2 1.58141E-2 1.65902E-2 1.59812E-2 1.59932E-2 1.62615E-2 1.73126E-2 1.59052E-2 1.59434E-2
5.49438E-2 6.46631E-2 3.74322E-2 3.03868E-2 2.81678E-2 2.80683E-2 2.87544E-2 2.79747E-2 2.61166E-2 2.62614E-2 2.46994E-2 2.97665E-2 4.8343E-2 3.83767E-2 3.48863E-2 3.54577E-2 3.41053E-2 3.312E-2 3.29037E-2 3.2271E-2 3.10881E-2 3.06427E-2 3.08618E-2 2.95177E-2 2.94468E-2 2.9207E-2 2.94709E-2 3.065E-2 3.18243E-2 3.16874E-2 3.21774E-2 3.16862E-2 3.05199E-2 2.98458E-2 3.00759E-2 2.87323E-2 2.75958E-2 2.70927E-2 2.60455E-2 2.60496E-2 2.55668E-2 2.38742E-2 2.40229E-2 2.32309E-2 2.28604E-2 2.24574E-2 2.03403E-2 1.95502E-2 2.13951E-2 1.94821E-2 1.99104E-2 2.07263E-2 1.80202E-2 1.79512E-2 1.73842E-2 1.71804E-2 1.6537E-2 1.6998E-2 1.7418E-2 1.66317E-2 1.59288E-2
6.07229E-2 6.08679E-2 6.38572E-2 4.50025E-2 4.49079E-2 4.46475E-2 3.74293E-2 3.08504E-2 2.82472E-2 2.71051E-2 2.56176E-2 2.61473E-2 4.6699E-2 4.14866E-2 3.86504E-2 3.62643E-2 3.64738E-2 3.61878E-2 3.49789E-2 3.50694E-2 3.57012E-2 3.24674E-2 3.11313E-2 3.24923E-2 3.36294E-2 3.32458E-2 3.29806E-2 3.36429E-2 3.26966E-2 3.31727E-2 3.40242E-2 3.39281E-2 3.27859E-2 3.32209E-2 3.30375E-2 3.25764E-2 3.20954E-2 3.09556E-2 3.17093E-2 2.99421E-2 2.93532E-2 2.70368E-2 2.63233E-2 2.63961E-2 2.56244E-2 2.52553E-2 2.18954E-2 2.10955E-2 2.27549E-2 2.33034E-2 2.24962E-2 2.08125E-2 1.78807E-2 1.81012E-2 1.74534E-2 1.74424E-2 1.93835E-2 2.15557E-2 1.94218E-2 1.77762E-2 1.87805E-2
6.74269E-2 6.03213E-2 6.18404E-2 6.59935E-2 4.92631E-2 4.21646E-2 3.28584E-2 3.13815E-2 3.14511E-2 3.00351E-2 2.78179E-2 2.78852E-2 4.07276E-2 4.81067E-2 4.44786E-2 4.01177E-2 3.84732E-2 3.94827E-2 4.10735E-2 3.89251E-2 3.89928E-2 3.70371E-2 3.44006E-2 3.47772E-2 3.61726E-2 3.45979E-2 3.51866E-2 3.59181E-2 3.47973E-2 3.39127E-2 3.37381E-2 3.37356E-2 3.59569E-2 3.5687E-2 3.39778E-2 3.52213E-2 3.43593E-2 3.33967E-2 3.44621E-2 3.29565E-2 3.34094E-2 3.20178E-2 3.01972E-2 2.83023E-2 2.82674E-2 2.81556E-2 2.71094E-2 2.57158E-2 2.82252E-2 2.58228E-2 2.66596E-2 2.61465E-2 2.2972E-2 2.07699E-2 2.06832E-2 2.03291E-2 2.16021E-2 2.3294E-2 2.28752E-2 2.2391E-2 2.27703E-2
7.68237E-2 6.97232E-2 6.86864E-2 7.2932E-2 5.27229E-2 3.41636E-2 3.19221E-2 3.10345E-2 3.23596E-2 3.0883E-2 2.85509E-2 2.79639E-2 2.99199E-2 4.98693E-2 4.80782E-2 4.62595E-2 4.69396E-2 4.84396E-2 4.89718E-2 4.69139E-2 4.34323E-2 4.13386E-2 3.9111E-2 3.75659E-2 3.77892E-2 3.92067E-2 3.83721E-2 3.77453E-2 3.83131E-2 3.85053E-2 3.65821E-2 3.58893E-2 3.76846E-2 3.59947E-2 3.61243E-2 3.65103E-2 3.67691E-2 3.52166E-2 3.45215E-2 3.34484E-2 3.50437E-2 3.61516E-2 3.27154E-2 3.06465E-2 3.10757E-2 3.06563E-2 2.94595E-2 2.95715E-2 3.16359E-2 2.81627E-2 2.71695E-2 2.96715E-2 2.77835E-2 2.59817E-2 2.46705E-2 2.32276E-2 2.47992E-2 2.37872E-2 2.36765E-2 2.20183E-2 2.26586E-2
8.44872E-2 7.58251E-2 7.23618E-2 7.35502E-2 7.51224E-2 6.67277E-2 3.76115E-2 3.38238E-2 3.56517E-2 3.66411E-2 3.10687E-2 3.02074E-2 2.82654E-2 2.91441E-2 5.04407E-2 4.97611E-2 5.3072E-2 5.0293E-2 5.28752E-2 5.29163E-2 4.86532E-2 4.73611E-2 4.55954E-2 4.36498E-2 4.33104E-2 4.28553E-2 4.10785E-2 4.2631E-2 3.9975E-2 4.0034E-2 4.00709E-2 4.05308E-2 4.06568E-2 3.65219E-2 3.7506E-2 3.7378E-2 3.82326E-2 3.77174E-2 3.90813E-2 3.70711E-2 3.63085E-2 3.79114E-2 3.79613E-2 3.45493E-2 3.2507E-2 2.96776E-2 3.02779E-2 3.39648E-2 3.06239E-2 3.01853E-2 2.86532E-2 2.92073E-2 2.69214E-2 2.70462E-2 2.85713E-2 2.80171E-2 2.70627E-2 2.40309E-2 2.45957E-2 2.42848E-2 2.25763E-2
9.1103E-2 7.95288E-2 7.51973E-2 7.84266E-2 7.65313E-2 7.26281E-2 6.55778E-2 3.52951E-2 4.3204E-2 6.19758E-2 3.36683E-2 3.43754E-2 3.37532E-2 3.29545E-2 4.70374E-2 5.7279E-2 5.86797E-2 5.62796E-2 5.51459E-2 5.4179E-2 5.26636E-2 5.13125E-2 4.94091E-2 4.81758E-2 4.87497E-2 4.77646E-2 4.56855E-2 4.55925E-2 4.32529E-2 4.25523E-2 4.22102E-2 4.08789E-2 4.1203E-2 4.01125E-2 4.24715E-2 4.36353E-2 4.28519E-2 4.27751E-2 4.32573E-2 4.08765E-2 3.93155E-2 3.8282E-2 3.83873E-2 3.74967E-2 3.48435E-2 3.311E-2 3.39019E-2 3.40906E-2 3.31143E-2 3.06568E-2 2.79962E-2 2.81129E-2 2.74775E-2 2.75689E-2 2.7695E-2 2.86819E-2 2.72368E-2 2.69099E-2 2.58288E-2 2.56139E-2 2.61893E-2
9.59714E-2 8.61279E-2 8.31624E-2 8.36051E-2 8.17392E-2 7.68563E-2 7.44794E-2 7.3598E-2 4.40979E-2 4.52209E-2 3.74076E-2 3.55098E-2 3.58684E-2 4.67516E-2 4.63824E-2 6.3617E-2 6.52699E-2 6.37533E-2 6.35205E-2 5.91159E-2 5.97719E-2 5.84151E-2 5.46634E-2 5.33368E-2 5.4592E-2 5.14238E-2 5.16127E-2 5.10774E-2 4.65637E-2 4.89701E-2 4.99555E-2 4.67694E-2 4.60234E-2 4.49174E-2 4.68563E-2 4.4679E-2 4.35208E-2 4.24857E-2 4.446E-2 4.14639E-2 4.08323E-2 3.83681E-2 3.78802E-2 3.71982E-2 3.51633E-2 3.47069E-2 3.32724E-2 3.24287E-2 3.12517E-2 3.07724E-2 2.995E-2 2.93119E-2 3.12902E-2 3.0834E-2 3.17086E-2 3.07603E-2 2.86831E-2 2.73901E-2 2.7729E-2 2.7249E-2 2.75076E-2
9.66054E-2 9.48985E-2 8.98313E-2 9.19501E-2 8.64526E-2 8.26552E-2 8.23892E-2 8.03467E-2 8.31017E-2 4.58255E-2 6.64779E-2 7.88055E-2 5.65857E-2 4.28021E-2 3.87733E-2 6.81978E-2 7.26114E-2 7.14367E-2 7.08939E-2 6.66372E-2 6.4371E-2 6.46517E-2 6.37043E-2 6.4012E-2 6.42701E-2 6.24485E-2 5.87734E-2 5.94225E-2 5.75338E-2 5.68566E-2 5.74085E-2 5.78763E-2 5.67955E-2 5.17287E-2 5.14059E-2 4.61418E-2 4.5278E-2 4.58538E-2 4.47799E-2 4.293E-2 4.2859E-2 4.04107E-2 3.96092E-2 3.85415E-2 3.80309E-2 3.6422E-2 3.47075E-2 3.52721E-2 3.63632E-2 3.55856E-2 3.59224E-2 3.45223E-2 3.17773E-2 3.17221E-2 3.20655E-2 3.29476E-2 3.2565E-2 3.15679E-2 3.17867E-2 3.13587E-2 2.95708E-2
1.08181E-1 1.0441E-1 9.93663E-2 9.29465E-2 9.11695E-2 8.94743E-2 8.97408E-2 8.32381E-2 8.53E-2 8.09213E-2 7.71881E-2 8.61983E-2 8.32374E-2 7.92563E-2 4.79989E-2 5.10069E-2 7.99244E-2 8.12055E-2 7.28806E-2 6.90452E-2 7.0141E-2 7.14369E-2 7.12927E-2 7.32355E-2 6.98497E-2 6.71635E-2 6.47307E-2 6.25415E-2 6.12153E-2 5.95174E-2 6.17057E-2 6.12187E-2 6.27488E-2 6.10225E-2 5.87985E-2 5.26425E-2 5.23916E-2 5.37173E-2 5.00874E-2 5.15407E-2 4.6534E-2 4.55803E-2 4.41272E-2 4.05248E-2 3.95355E-2 3.84298E-2 3.77706E-2 3.7498E-2 4.20685E-2 4.0059E-2 4.14333E-2 3.72169E-2 3.46793E-2 3.29238E-2 3.51736E-2 3.74559E-2 3.61879E-2 3.41049E-2 3.26907E-2 3.19704E-2 3.25895E-2
1.20631E-1 1.0666E-1 1.03189E-1 9.85685E-2 9.3289E-2 9.10576E-2 9.19351E-2 8.54541E-2 8.34027E-2 8.45873E-2 8.97415E-2 9.3857E-2 9.44748E-2 9.60645E-2 7.3893E-2 7.22575E-2 8.0631E-2 8.87728E-2 8.20196E-2 8.17411E-2 8.01974E-2 8.0439E-2 7.75773E-2 7.62586E-2 7.37282E-2 7.4023E-2 7.06065E-2 7.2675E-2 6.87603E-2 6.86227E-2 6.4262E-2 6.55778E-2 7.11364E-2 6.47311E-2 6.73289E-2 6.26728E-2 6.22243E-2 6.33507E-2 6.30073E-2 5.84333E-2 5.39364E-2 5.00419E-2 4.74984E-2 4.38551E-2 4.51233E-2 4.77202E-2 4.33342E-2 4.273E-2 4.32769E-2 4.33503E-2 4.42391E-2 4.18445E-2 4.28823E-2 4.09663E-2 4.18814E-2 4.13754E-2 3.83627E-2 3.81167E-2 3.7554E-2 3.56189E-2 3.50987E-2
1.26447E-1 1.21484E-1 1.21189E-1 1.12663E-1 9.9434E-2 1.01217E-1 8.97673E-2 8.62712E-2 8.94322E-2 9.70152E-2 1.00814E-1 9.93717E-2 9.78196E-2 1.04074E-1 9.40463E-2 9.48938E-2 9.07465E-2 8.85144E-2 8.89667E-2 8.86344E-2 8.78602E-2 8.80047E-2 8.67571E-2 8.14486E-2 7.87352E-2 7.75089E-2 7.7011E-2 7.54218E-2 7.58631E-2 7.3793E-2 7.18142E-2 7.14917E-2 7.22208E-2 7.1036E-2 7.04021E-2 6.71791E-2 6.40617E-2 6.38748E-2 6.40491E-2 6.07833E-2 5.82643E-2 5.65342E-2 5.28084E-2 5.1925E-2 5.21831E-2 5.35427E-2 5.00408E-2 5.04167E-2 4.93886E-2 4.8067E-2 4.90019E-2 4.69078E-2 4.69112E-2 4.59012E-2 4.65721E-2 4.48609E-2 4.3346E-2 4.16796E-2 3.91244E-2 3.78576E-2 3.66416E-2
1.34332E-1 1.27199E-1 1.4143E-1 1.23472E-1 1.07121E-1 9.38916E-2 9.14439E-2 8.81931E-2 9.90386E-2 1.08219E-1 1.04818E-1 9.38101E-2 9.97804E-2 1.07587E-1 1.00424E-1 1.06477E-1 7.69572E-2 7.51872E-2 9.30077E-2 9.48413E-2 8.98925E-2 9.30754E-2 9.25684E-2 9.08103E-2 8.91215E-2 8.80858E-2 8.5275E-2 8.92659E-2 8.94825E-2 8.48038E-2 8.1516E-2 7.7008E-2 7.3072E-2 7.03286E-2 7.37714E-2 6.81405E-2 6.97601E-2 6.75063E-2 6.33031E-2 6.08764E-2 6.01406E-2 6.34886E-2 6.39934E-2 5.86774E-2 5.90513E-2 6.0802E-2 5.39636E-2 5.41429E-2 5.43963E-2 5.52318E-2 5.41707E-2 5.18347E-2 5.01351E-2 5.0187E-2 5.02681E-2 4.8333E-2 4.53418E-2 4.29323E-2 4.08902E-2 4.04055E-2 4.14254E-2
1.41185E-1 1.37811E-1 1.39902E-1 1.3589E-1 1.22842E-1 9.96497E-2 8.5197E-2 9.03528E-2 1.00363E-1 1.12913E-1 1.02383E-1 9.92092E-2 1.02007E-1 1.12632E-1 1.10611E-1 1.11986E-1 1.14462E-1 1.03809E-1 1.07891E-1 9.78637E-2 9.98845E-2 1.00572E-1 9.9953E-2 1.00343E-1 1.03134E-1 9.68114E-2 9.50859E-2 9.92751E-2 9.92753E-2 9.51536E-2 9.3865E-2 9.08894E-2 8.42557E-2 8.35478E-2 7.66257E-2 7.94119E-2 7.75419E-2 6.88572E-2 6.88635E-2 7.08086E-2 7.16067E-2 6.73627E-2 6.70701E-2 6.52917E-2 6.52099E-2 6.34585E-2 6.46608E-2 6.06968E-2 6.11414E-2 5.76397E-2 5.66818E-2 5.42699E-2 5.48039E-2 5.39317E-2 5.26371E-2 5.14075E-2 4.97264E-2 4.82986E-2 4.76809E-2 4.84643E-2 4.51767E-2
1.59129E-1 1.49748E-1 1.52046E-1 1.47238E-1 1.39565E-1 1.17256E-1 9.70188E-2 9.43818E-2 1.0854E-1 1.15831E-1 1.04788E-1 1.0321E-1 1.04228E-1 1.06888E-1 9.97989E-2 1.15221E-1 1.22111E-1 9.42799E-2 1.03356E-1 1.09246E-1 1.08766E-1 1.11136E-1 1.11543E-1 1.11085E-1 1.1083E-1 1.0811E-1 1.05808E-1 1.05151E-1 1.0267E-1 1.02548E-1 9.92061E-2 1.02857E-1 9.81058E-2 1.01298E-1 9.13446E-2 9.21624E-2 9.5696E-2 8.53473E-2 8.11995E-2 7.6812E-2 7.94858E-2 7.34094E-2 7.36027E-2 7.26953E-2 6.91715E-2 6.7053E-2 6.77375E-2 7.05082E-2 6.4504E-2 6.35444E-2 5.99324E-2 6.03512E-2 5.8805E-2 5.51689E-2 5.60643E-2 5.55319E-2 5.31358E-2 5.28789E-2 5.10642E-2 4.95843E-2 4.75348E-2
1.66792E-1 1.71389E-1 1.70262E-1 1.64668E-1 1.50371E-1 1.30561E-1 1.19617E-1 1.11685E-1 1.11895E-1 1.15723E-1 1.16168E-1 1.17741E-1 1.15872E-1 1.13445E-1 1.07553E-1 1.1174E-1 8.50733E-2 7.95123E-2 1.0314E-1 1.29398E-1 1.41881E-1 1.27399E-1 1.20921E-1 1.19255E-1 1.2006E-1 1.24171E-1 1.17528E-1 1.11862E-1 1.09922E-1 1.07181E-1 1.01519E-1 1.00082E-1 1.06603E-1 1.04664E-1 1.09873E-1 1.06086E-1 1.05043E-1 9.86093E-2 9.24882E-2 8.84703E-2 8.5058E-2 8.26783E-2 7.94063E-2 7.87157E-2 7.59719E-2 7.71978E-2 7.55687E-2 7.32758E-2 7.24664E-2 6.74792E-2 6.5444E-2 6.64459E-2 6.24837E-2 6.14072E-2 6.14983E-2 5.88327E-2 5.67504E-2 5.5151E-2 5.40724E-2 5.4272E-2 5.25817E-2
1.89114E-1 1.68276E-1 1.69467E-1 1.62832E-1 1.67655E-1 1.31763E-1 1.27183E-1 1.34902E-1 1.28748E-1 1.32388E-1 1.34095E-1 1.2835E-1 1.27796E-1 1.21428E-1 1.3243E-1 1.11055E-1 8.84025E-2 1.02801E-1 1.22696E-1 1.4522E-1 1.60478E-1 1.4547E-1 1.36441E-1 1.27978E-1 1.28009E-1 1.34063E-1 1.30749E-1 1.2801E-1 1.22717E-1 1.2319E-1 1.23793E-1 1.23247E-1 1.18822E-1 1.15843E-1 1.16595E-1 1.21953E-1 1.14896E-1 1.15291E-1 1.08813E-1 1.03524E-1 9.84485E-2 8.96916E-2 8.4097E-2 8.8875E-2 8.61149E-2 8.87507E-2 8.48637E-2 8.38325E-2 7.80387E-2 7.82245E-2 7.28199E-2 7.09633E-2 6.68071E-2 6.56345E-2 6.34761E-2 6.09424E-2 5.86358E-2 5.7548E-2 5.92142E-2 5.90985E-2 5.82824E-2
2.21964E-1 1.84732E-1 1.75199E-1 1.71945E-1 1.71136E-1 1.7072E-1 1.31165E-1 1.3205E-1 1.47513E-1 1.43812E-1 1.46291E-1 1.41257E-1 1.40764E-1 1.26807E-1 1.40855E-1 1.27285E-1 1.01217E-1 1.38618E-1 1.59502E-1 1.61102E-1 1.62622E-1 1.6558E-1 1.60373E-1 1.5014E-1 1.38201E-1 1.42377E-1 1.45236E-1 1.42242E-1 1.37583E-1 1.42805E-1 1.39849E-1 1.35358E-1 1.29865E-1 1.2937E-1 1.35956E-1 1.33561E-1 1.31638E-1 1.38278E-1 1.30861E-1 1.20435E-1 1.15546E-1 1.1254E-1 1.07901E-1 9.69379E-2 9.99801E-2 1.00356E-1 8.87638E-2 8.65428E-2 8.32463E-2 7.99633E-2 7.85814E-2 7.28339E-2 7.11027E-2 6.91115E-2 6.75481E-2 6.2499E-2 6.35487E-2 6.41937E-2 6.29537E-2 6.1862E-2 6.16483E-2
2.29368E-1 2.0521E-1 2.01002E-1 1.98474E-1 1.86136E-1 2.00159E-1 1.49733E-1 1.38178E-1 1.45711E-1 1.58619E-1 1.66924E-1 1.52883E-1 1.51327E-1 1.41199E-1 1.3807E-1 1.4811E-1 1.34574E-1 1.49129E-1 1.5765E-1 1.57869E-1 1.68442E-1 1.74345E-1 1.69534E-1 1.67774E-1 1.66658E-1 1.65033E-1 1.57197E-1 1.6126E-1 1.6869E-1 1.69833E-1 1.68057E-1 1.60532E-1 1.54757E-1 1.61165E-1 1.56371E-1 1.48723E-1 1.4726E-1 1.44484E-1 1.45291E-1 1.41871E-1 1.29188E-1 1.24989E-1 1.18084E-1 1.20409E-1 1.22025E-1 1.10484E-1 1.02091E-1 9.6817E-2 9.39538E-2 8.79976E-2 8.18305E-2 7.78352E-2 7.48353E-2 7.43131E-2 7.01464E-2 6.8092E-2 6.77988E-2 6.62755E-2 6.59032E-2 6.7495E-2 6.44153E-2
2.06617E-1 2.19611E-1 2.19871E-1 2.20408E-1 2.08394E-1 2.16437E-1 1.90231E-1 1.7843E-1 1.82053E-1 1.79602E-1 1.77872E-1 1.69357E-1 1.64441E-1 1.5655E-1 1.41168E-1 1.33023E-1 1.41771E-1 1.63395E-1 1.51776E-1 1.75892E-1 1.7588E-1 1.89255E-1 1.95617E-1 1.88359E-1 1.75035E-1 1.90121E-1 1.97957E-1 1.95006E-1 1.89183E-1 1.86893E-1 1.96163E-1 1.88163E-1 1.90153E-1 1.77222E-1 1.72511E-1 1.63783E-1 1.58617E-1 1.65572E-1 1.56604E-1 1.55078E-1 1.54257E-1 1.39229E-1 1.42459E-1 1.36053E-1 1.36726E-1 1.1746E-1 1.1473E-1 1.11113E-1 1.02518E-1 9.40099E-2 8.73067E-2 8.0824E-2 7.80744E-2 7.65816E-2 7.68019E-2 7.43565E-2 7.09962E-2 6.87336E-2 6.97358E-2 7.15122E-2 7.03181E-2
1.88437E-1 2.16526E-1 2.38829E-1 2.43241E-1 2.48969E-1 2.36562E-1 2.21503E-1 2.10372E-1 2.0459E-1 2.13217E-1 2.15351E-1 2.04922E-1 1.87941E-1 1.7406E-1 1.65804E-1 1.68661E-1 1.73764E-1 1.74483E-1 1.76168E-1 2.10912E-1 2.05148E-1 1.99496E-1 2.12465E-1 2.02145E-1 1.98473E-1 1.99614E-1 2.10792E-1 2.08967E-1 2.11624E-1 2.00844E-1 1.94899E-1 1.97851E-1 1.95228E-1 1.84976E-1 2.03821E-1 1.93587E-1 1.76363E-1 1.74338E-1 1.63754E-1 1.52519E-1 1.51398E-1 1.49216E-1 1.50703E-1 1.56166E-1 1.45148E-1 1.434E-1 1.26351E-1 1.17171E-1 1.09097E-1 1.02246E-1 9.63119E-2 9.15076E-2 9.26906E-2 8.25725E-2 8.24765E-2 7.60986E-2 7.41628E-2 6.89153E-2 7.00746E-2 7.21095E-2 7.62015E-2
2.21003E-1 2.26787E-1 2.4913E-1 2.56622E-1 2.6354E-1 2.5493E-1 2.34254E-1 2.14879E-1 2.24621E-1 2.32404E-1 2.42984E-1 2.35445E-1 2.18085E-1 2.1318E-1 2.38695E-1 2.25226E-1 2.25885E-1 2.20581E-1 2.19784E-1 2.28047E-1 2.27061E-1 2.17342E-1 2.2854E-1 2.19071E-1 2.19081E-1 2.17773E-1 2.21041E-1 2.2169E-1 2.26307E-1 2.28982E-1 2.22397E-1 2.16405E-1 1.99657E-1 1.97864E-1 2.00874E-1 2.02082E-1 1.98473E-1 1.94921E-1 1.88792E-1 1.88491E-1 1.7828E-1 1.79819E-1 1.67718E-1 1.63588E-1 1.64563E-1 1.575E-1 1.37156E-1 1.23853E-1 1.13467E-1 1.12006E-1 1.16153E-1 9.62887E-2 9.17144E-2 8.68683E-2 8.41671E-2 8.1545E-2 7.80865E-2 7.5088E-2 7.49481E-2 8.36457E-2 9.79759E-2
2.58073E-1 2.61909E-1 2.62655E-1 2.60783E-1 2.60329E-1 2.66838E-1 2.56839E-1 2.43935E-1 2.53308E-1 2.5986E-1 2.5662E-1 2.54984E-1 2.41252E-1 2.29655E-1 2.27184E-1 2.36659E-1 2.4125E-1 2.35471E-1 2.36446E-1 2.38547E-1 2.38636E-1 2.32048E-1 2.32628E-1 2.31099E-1 2.30831E-1 2.32955E-1 2.31796E-1 2.34642E-1 2.35216E-1 2.41209E-1 2.39894E-1 2.42398E-1 2.31773E-1 2.24228E-1 2.24932E-1 2.23099E-1 2.29474E-1 2.26255E-1 2.22837E-1 2.11906E-1 2.05251E-1 1.90602E-1 1.82629E-1 1.66149E-1 1.62849E-1 1.55634E-1 1.43991E-1 1.32582E-1 1.30214E-1 1.16945E-1 1.08888E-1 9.8134E-2 9.53218E-2 9.28583E-2 9.00268E-2 8.69191E-2 8.70575E-2 8.405E-2 8.91369E-2 9.13746E-2 1.02234E-1
2.83683E-1 2.80243E-1 2.73631E-1 2.70332E-1 2.60447E-1 2.63652E-1 2.87414E-1 2.81061E-1 2.77689E-1 2.96845E-1 2.92615E-1 2.83035E-1 2.62535E-1 2.45296E-1 2.36865E-1 2.42866E-1 2.48867E-1 2.45398E-1 2.43377E-1 2.44527E-1 2.43823E-1 2.42117E-1 2.39133E-1 2.38959E-1 2.39414E-1 2.42431E-1 2.2976E-1 2.31081E-1 2.38465E-1 1.90096E-1 1.96467E-1 2.53573E-1 2.48318E-1 2.49177E-1 2.41926E-1 2.3475E-1 2.32009E-1 2.31486E-1 2.36479E-1 2.22112E-1 2.16267E-1 2.25239E-1 2.02774E-1 1.77049E-1 1.68237E-1 1.65466E-1 1.71841E-1 1.57465E-1 1.39628E-1 1.37076E-1 1.17888E-1 1.05182E-1 9.86021E-2 9.77424E-2 9.53666E-2 9.12953E-2 8.97402E-2 9.26095E-2 9.44367E-2 9.68377E-2 1.01573E-1
