data/maxent/outputs/white_335.asc
ncols         426
nrows         180
xllcorner     -130.0
yllcorner     24.0
cellsize      0.16666666666666666
NODATA_value  -9999
[rows 135 to 161 of 180, columns 183 to 243 of 426]
1.92597E-1 2.05016E-1 2.01624E-1 2.05746E-1 2.26968E-1 2.53297E-1 2.49098E-1 2.46513E-1 2.80988E-1 3.02397E-1 3.24223E-1 3.39294E-1 3.67176E-1 4.09154E-1 4.27866E-1 4.55356E-1 4.51053E-1 4.23648E-1 4.05421E-1 3.80042E-1 3.63478E-1 3.75229E-1 3.75663E-1 3.86284E-1 3.73217E-1 3.83131E-1 3.6981E-1 3.54519E-1 3.56561E-1 3.02918E-1 2.82256E-1 2.37117E-1 1.96957E-1 2.21053E-1 3.49654E-1 3.10478E-1 2.65609E-1 2.77915E-1 2.83792E-1 2.82383E-1 2.89478E-1 2.67148E-1 2.93145E-1 3.16981E-1 3.59351E-1 3.35236E-1 3.0197E-1 2.80309E-1 2.61378E-1 2.18746E-1 2.01725E-1 2.00505E-1 1.83511E-1 1.70731E-1 1.6291E-1 1.55989E-1 1.60139E-1 1.57297E-1 1.63079E-1 1.65976E-1 1.75816E-1
1.8858E-1 1.95903E-1 1.96079E-1 2.01031E-1 2.14963E-1 2.39687E-1 2.68326E-1 2.74151E-1 3.11023E-1 3.59945E-1 3.95963E-1 4.23745E-1 4.24797E-1 4.1976E-1 4.55841E-1 4.83328E-1 4.85069E-1 4.61779E-1 4.18118E-1 4.00885E-1 4.00899E-1 3.86566E-1 3.82688E-1 3.89279E-1 3.67863E-1 3.59619E-1 3.37962E-1 3.50355E-1 3.43506E-1 2.9155E-1 3.2743E-1 3.41791E-1 2.56033E-1 2.44262E-1 3.20965E-1 3.76246E-1 3.09092E-1 2.89453E-1 2.89249E-1 2.8192E-1 2.76792E-1 2.84167E-1 2.7885E-1 2.88689E-1 3.33298E-1 3.17884E-1 2.86629E-1 3.0987E-1 2.7897E-1 2.28937E-1 2.13819E-1 1.91296E-1 1.73853E-1 1.76833E-1 1.75059E-1 1.5983E-1 1.54896E-1 1.628E-1 1.7119E-1 1.72885E-1 1.86044E-1
1.69195E-1 1.7419E-1 1.93759E-1 2.23389E-1 2.39177E-1 2.519E-1 2.88969E-1 3.03947E-1 3.45441E-1 4.35515E-1 4.55297E-1 4.67785E-1 4.52337E-1 4.43205E-1 4.85528E-1 5.05692E-1 5.10105E-1 4.71947E-1 4.43313E-1 4.31757E-1 4.04362E-1 3.85178E-1 3.80206E-1 3.84251E-1 3.64714E-1 3.39687E-1 3.22695E-1 3.14724E-1 3.18049E-1 2.92234E-1 2.6259E-1 3.01374E-1 3.44795E-1 2.57606E-1 2.70342E-1 2.90048E-1 3.08718E-1 3.25729E-1 3.55404E-1 2.73811E-1 2.28325E-1 2.65295E-1 2.70546E-1 3.18731E-1 3.11057E-1 2.95238E-1 3.20838E-1 3.37755E-1 2.71118E-1 2.30631E-1 2.0723E-1 1.8053E-1 1.77976E-1 1.67568E-1 1.65992E-1 1.60119E-1 1.56448E-1 1.59486E-1 1.7297E-1 1.79238E-1 1.75603E-1
1.68728E-1 1.81172E-1 2.00567E-1 2.19347E-1 2.31165E-1 2.75904E-1 3.34253E-1 3.583E-1 3.8056E-1 4.28594E-1 4.53464E-1 4.29804E-1 4.38021E-1 4.89061E-1 5.32222E-1 5.49765E-1 5.30829E-1 4.91714E-1 4.48627E-1 4.31375E-1 4.08185E-1 3.89559E-1 3.95875E-1 3.84391E-1 3.75698E-1 3.73783E-1 2.9972E-1 3.08389E-1 3.10201E-1 2.88973E-1 2.75616E-1 2.58269E-1 2.58462E-1 2.51819E-1 2.73496E-1 3.03178E-1 3.25882E-1 3.31748E-1 3.20068E-1 2.60984E-1 2.15489E-1 2.46387E-1 2.81026E-1 2.90484E-1 2.89651E-1 3.21574E-1 3.73647E-1 4.22466E-1 3.45889E-1 2.66195E-1 2.26993E-1 2.06426E-1 1.7774E-1 1.65849E-1 1.65571E-1 1.64416E-1 1.6061E-1 1.65834E-1 1.88026E-1 1.90245E-1 1.74556E-1
1.67302E-1 1.7401E-1 1.88117E-1 2.17087E-1 2.49061E-1 2.97765E-1 3.76399E-1 4.06553E-1 4.22824E-1 4.33139E-1 4.4855E-1 4.33418E-1 4.78137E-1 5.20769E-1 5.6568E-1 5.76185E-1 5.48654E-1 5.09203E-1 4.84831E-1 4.40495E-1 4.24279E-1 4.06466E-1 3.98611E-1 4.08046E-1 3.79633E-1 3.90672E-1 4.90333E-1 3.14496E-1 2.99768E-1 2.83728E-1 2.77835E-1 2.76504E-1 2.78613E-1 2.7955E-1 2.91808E-1 3.29769E-1 3.61899E-1 3.60025E-1 3.72501E-1 3.0157E-1 2.72202E-1 2.76706E-1 3.05967E-1 3.23981E-1 3.17076E-1 3.66342E-1 4.43983E-1 4.64494E-1 4.31852E-1 3.15237E-1 2.44614E-1 2.16342E-1 1.89779E-1 1.79433E-1 1.78788E-1 1.74985E-1 1.78069E-1 1.84633E-1 2.0321E-1 2.10023E-1 2.04374E-1
1.87161E-1 2.17437E-1 2.39191E-1 2.88829E-1 3.28352E-1 3.69439E-1 4.00953E-1 4.27137E-1 4.84066E-1 4.72383E-1 4.66802E-1 4.56367E-1 4.77846E-1 5.181E-1 5.73687E-1 5.66642E-1 5.47913E-1 5.1291E-1 4.86017E-1 4.51788E-1 4.38138E-1 4.11019E-1 4.21346E-1 4.15794E-1 3.59334E-1 3.36172E-1 3.78387E-1 3.14568E-1 3.02678E-1 2.84151E-1 2.91177E-1 2.97768E-1 3.14484E-1 2.89221E-1 3.16808E-1 3.28458E-1 3.35358E-1 3.54469E-1 3.6019E-1 3.60642E-1 3.37436E-1 3.4848E-1 4.08486E-1 3.87943E-1 3.56726E-1 4.2039E-1 4.72483E-1 4.54705E-1 4.20218E-1 4.00894E-1 3.08871E-1 2.4659E-1 2.03254E-1 1.98388E-1 2.05027E-1 1.99173E-1 2.09025E-1 2.12601E-1 2.25846E-1 2.33824E-1 2.35403E-1
2.0046E-1 2.26463E-1 2.62075E-1 3.11186E-1 3.70724E-1 4.02235E-1 4.24551E-1 4.3624E-1 4.89969E-1 5.40119E-1 5.50587E-1 4.83456E-1 4.96055E-1 5.40206E-1 5.68317E-1 5.5444E-1 5.28263E-1 4.97476E-1 4.44862E-1 4.26845E-1 4.14201E-1 4.17419E-1 4.13785E-1 5.06097E-1 3.68139E-1 3.43986E-1 3.64653E-1 3.47145E-1 3.38664E-1 3.10463E-1 3.17659E-1 3.21445E-1 3.23218E-1 2.88252E-1 3.13333E-1 3.09109E-1 3.26478E-1 3.62918E-1 3.76997E-1 4.13571E-1 3.98758E-1 3.84143E-1 4.18337E-1 3.8791E-1 3.12457E-1 3.64788E-1 4.34836E-1 4.32646E-1 3.80727E-1 4.09674E-1 4.30802E-1 2.87395E-1 2.34189E-1 2.49424E-1 2.88898E-1 2.93148E-1 3.19785E-1 2.43489E-1 2.71877E-1 2.72622E-1 2.82773E-1
1.90572E-1 2.10956E-1 2.42827E-1 2.90671E-1 3.42994E-1 3.88243E-1 4.09887E-1 4.26437E-1 4.58259E-1 4.88527E-1 5.74798E-1 5.15801E-1 5.03682E-1 5.42252E-1 5.52532E-1 5.54148E-1 5.15491E-1 5.06408E-1 4.0494E-1 3.91657E-1 4.08457E-1 4.25212E-1 4.32564E-1 4.36847E-1 4.37493E-1 3.79093E-1 4.02347E-1 4.0755E-1 3.91399E-1 3.64219E-1 3.69521E-1 3.71689E-1 3.60868E-1 3.14778E-1 3.46747E-1 3.34138E-1 3.668E-1 4.71881E-1 4.0204E-1 4.02894E-1 4.11621E-1 3.74997E-1 3.65641E-1 3.15529E-1 2.7982E-1 2.89668E-1 3.66638E-1 3.57618E-1 3.57123E-1 3.51257E-1 3.49166E-1 3.27988E-1 3.28803E-1 4.66247E-1 5.62486E-1 8.51099E-1 8.25366E-1 4.92705E-1 4.95274E-1 3.85232E-1 3.88537E-1
2.0772E-1 2.36624E-1 2.70636E-1 3.04114E-1 3.4928E-1 3.88292E-1 3.75736E-1 4.03817E-1 4.53449E-1 4.60395E-1 4.68008E-1 5.01239E-1 4.8206E-1 4.92148E-1 4.88841E-1 5.22204E-1 4.96663E-1 4.16805E-1 3.82093E-1 3.77865E-1 4.0031E-1 4.09617E-1 4.43543E-1 4.81843E-1 4.84794E-1 4.75911E-1 4.70802E-1 4.46967E-1 4.21516E-1 4.12024E-1 4.17507E-1 4.26508E-1 4.85035E-1 4.21574E-1 4.18123E-1 4.22416E-1 4.74489E-1 4.47318E-1 3.9312E-1 4.47864E-1 4.57606E-1 4.3117E-1 4.05776E-1 3.63489E-1 3.16037E-1 3.26104E-1 3.69075E-1 4.56915E-1 4.19427E-1 3.9301E-1 3.61012E-1 3.68408E-1 3.83007E-1 3.88214E-1 5.20276E-1 7.29774E-1 8.18644E-1 5.89311E-1 5.76407E-1 6.01687E-1 6.91454E-1
2.22252E-1 2.59136E-1 2.8066E-1 3.19312E-1 3.32432E-1 3.47446E-1 3.8557E-1 4.60476E-1 4.76336E-1 4.72981E-1 4.65039E-1 4.76447E-1 4.86487E-1 4.71635E-1 4.78233E-1 4.98889E-1 4.93053E-1 4.12662E-1 3.94244E-1 3.93657E-1 4.13345E-1 4.1416E-1 4.49994E-1 5.34406E-1 5.05815E-1 5.08601E-1 5.19857E-1 4.82852E-1 4.84854E-1 4.28837E-1 4.45467E-1 4.62462E-1 4.46131E-1 5.28153E-1 5.12477E-1 4.73047E-1 5.17512E-1 5.60062E-1 4.91394E-1 4.97614E-1 6.10407E-1 4.77423E-1 4.50734E-1 4.24279E-1 3.93619E-1 3.91974E-1 3.8519E-1 4.75581E-1 4.70744E-1 5.05259E-1 4.39037E-1 3.76479E-1 3.84263E-1 5.02535E-1 4.20813E-1 4.70178E-1 5.74063E-1 5.42031E-1 5.89069E-1 6.36758E-1 6.97485E-1
2.69173E-1 2.82972E-1 3.01568E-1 3.60426E-1 3.61289E-1 3.7613E-1 4.29624E-1 4.86707E-1 4.96967E-1 4.80897E-1 4.81561E-1 4.90855E-1 4.82198E-1 5.08751E-1 5.2807E-1 4.87446E-1 4.59181E-1 4.15062E-1 3.90148E-1 3.92868E-1 4.2874E-1 4.34142E-1 4.85123E-1 5.60916E-1 5.73689E-1 5.77354E-1 6.33583E-1 5.55665E-1 5.71919E-1 5.00282E-1 5.12224E-1 4.85433E-1 5.00622E-1 5.00879E-1 4.35039E-1 4.30509E-1 5.00918E-1 4.67415E-1 4.17389E-1 4.59417E-1 4.73022E-1 5.50054E-1 5.52851E-1 4.97161E-1 5.62488E-1 5.34483E-1 4.67449E-1 4.47724E-1 4.53514E-1 5.19061E-1 5.13077E-1 4.1521E-1 3.8182E-1 3.92321E-1 4.16753E-1 6.27958E-1 5.46731E-1 6.37644E-1 7.22211E-1 6.87872E-1 7.37594E-1
3.27075E-1 3.54817E-1 3.87913E-1 4.17765E-1 4.37589E-1 5.27027E-1 5.64586E-1 5.34948E-1 5.24581E-1 5.38474E-1 5.41708E-1 5.22924E-1 5.29751E-1 5.67491E-1 5.57335E-1 5.34506E-1 4.96596E-1 4.39186E-1 4.26473E-1 4.28379E-1 4.22946E-1 4.02928E-1 4.13842E-1 4.45735E-1 4.37778E-1 5.22179E-1 6.28713E-1 7.00321E-1 7.1646E-1 6.90227E-1 6.5895E-1 5.74331E-1 5.48592E-1 -9999 -9999 -9999 -9999 -9999 -9999 4.99901E-1 5.1166E-1 5.10327E-1 5.74517E-1 5.76012E-1 6.25488E-1 6.47584E-1 6.85498E-1 5.80997E-1 5.50772E-1 5.55201E-1 5.44411E-1 5.28273E-1 4.50696E-1 4.57206E-1 4.90169E-1 5.80837E-1 7.18125E-1 7.12122E-1 7.36036E-1 8.30463E-1 8.1441E-1
3.48855E-1 4.13252E-1 4.49815E-1 4.18944E-1 4.52619E-1 5.69766E-1 5.7939E-1 5.32368E-1 5.26117E-1 5.5243E-1 5.41676E-1 5.42925E-1 5.63122E-1 5.90894E-1 5.98183E-1 6.01283E-1 5.50153E-1 4.9507E-1 4.59349E-1 4.32879E-1 4.19467E-1 4.07468E-1 3.63637E-1 3.69957E-1 4.08111E-1 5.39789E-1 6.5132E-1 8.01245E-1 5.64656E-1 5.94208E-1 -9999 -9999 -9999 -9999 -9999 -9999 -9999 -9999 -9999 -9999 -9999 -9999 -9999 -9999 -9999 6.67437E-1 6.70799E-1 -9999 7.94401E-1 6.33667E-1 6.40555E-1 6.44784E-1 6.39604E-1 7.17202E-1 7.31074E-1 6.83422E-1 8.00457E-1 8.18203E-1 8.13127E-1 7.90815E-1 7.4102E-1
3.81312E-1 4.56341E-1 4.75581E-1 4.47816E-1 4.55674E-1 4.98039E-1 5.22521E-1 5.2891E-1 4.98681E-1 5.35729E-1 5.78734E-1 5.9125E-1 5.87028E-1 5.90688E-1 6.05632E-1 6.22828E-1 5.9591E-1 5.47979E-1 5.0441E-1 4.59637E-1 4.86347E-1 4.95657E-1 4.27824E-1 4.24886E-1 4.53186E-1 6.15282E-1 7.47878E-1 5.97461E-1 4.38779E-1 -9999 -9999 -9999 -9999 -9999 -9999 -9999 -9999 -9999 -9999 -9999 -9999 -9999 -9999 -9999 -9999 -9999 -9999 -9999 8.00948E-1 7.82695E-1 7.84181E-1 8.29289E-1 7.67917E-1 7.93805E-1 7.77877E-1 8.02087E-1 7.42997E-1 6.34482E-1 7.30402E-1 6.61786E-1 7.66636E-1
3.89213E-1 4.25882E-1 4.41481E-1 4.28975E-1 4.46308E-1 4.66843E-1 4.77295E-1 4.79164E-1 5.04255E-1 5.55065E-1 6.06407E-1 5.9606E-1 5.96203E-1 6.16353E-1 6.20566E-1 6.28385E-1 6.42443E-1 6.22933E-1 5.79432E-1 5.36102E-1 5.86393E-1 5.72438E-1 5.48567E-1 5.1304E-1 5.46197E-1 7.22246E-1 4.90012E-1 -9999 -9999 -9999 -9999 -9999 -9999 -9999 -9999 -9999 -9999 -9999 -9999 -9999 -9999 -9999 -9999 -9999 -9999 -9999 -9999 -9999 -9999 -9999 -9999 8.48949E-1 7.84196E-1 4.95559E-1 4.07531E-1 8.06578E-1 7.82627E-1 -9999 -9999 -9999 7.98585E-1
3.94892E-1 4.03358E-1 4.00638E-1 3.98945E-1 4.31212E-1 4.58032E-1 4.73665E-1 5.12641E-1 5.34029E-1 5.59015E-1 5.8028E-1 5.97225E-1 5.90481E-1 6.13212E-1 6.34813E-1 6.62179E-1 6.93546E-1 7.16849E-1 6.78975E-1 6.57611E-1 6.94677E-1 6.83426E-1 6.68782E-1 6.58865E-1 7.09619E-1 8.23137E-1 -9999 -9999 -9999 -9999 -9999 -9999 -9999 -9999 -9999 -9999 -9999 -9999 -9999 -9999 -9999 -9999 -9999 -9999 -9999 -9999 -9999 -9999 -9999 -9999 -9999 -9999 -9999 -9999 -9999 -9999 -9999 -9999 -9999 -9999 7.53713E-1
3.81053E-1 3.83642E-1 3.86943E-1 3.79196E-1 4.00079E-1 4.32337E-1 4.57594E-1 5.08361E-1 5.26072E-1 5.62262E-1 5.68645E-1 5.86829E-1 5.85379E-1 6.35463E-1 7.00629E-1 7.22608E-1 7.50369E-1 8.04777E-1 7.72556E-1 7.66321E-1 8.35518E-1 8.15743E-1 8.33124E-1 7.96254E-1 -9999 -9999 -9999 -9999 -9999 -9999 -9999 -9999 -9999 -9999 -9999 -9999 -9999 -9999 -9999 -9999 -9999 -9999 -9999 -9999 -9999 -9999 -9999 -9999 -9999 -9999 -9999 -9999 -9999 -9999 -9999 -9999 -9999 -9999 -9999 -9999 -9999
3.702E-1 3.63722E-1 3.51541E-1 3.51033E-1 3.71562E-1 4.25923E-1 4.77067E-1 5.22012E-1 5.3808E-1 5.57325E-1 5.66267E-1 5.9219E-1 5.97655E-1 6.38469E-1 7.22924E-1 8.01805E-1 8.29563E-1 8.61266E-1 8.68767E-1 9.19889E-1 9.25893E-1 9.35532E-1 7.99649E-1 -9999 -9999 -9999 -9999 -9999 -9999 -9999 -9999 -9999 -9999 -9999 -9999 -9999 -9999 -9999 -9999 -9999 -9999 -9999 -9999 -9999 -9999 -9999 -9999 -9999 -9999 -9999 -9999 -9999 -9999 -9999 -9999 -9999 -9999 -9999 -9999 -9999 -9999
3.36915E-1 3.37353E-1 3.45025E-1 3.48454E-1 3.63141E-1 4.18654E-1 4.857E-1 5.35387E-1 5.48043E-1 5.69206E-1 5.90613E-1 6.4311E-1 6.96558E-1 7.49903E-1 8.08537E-1 8.59523E-1 9.08515E-1 8.88981E-1 9.43712E-1 6.48037E-1 -9999 -9999 -9999 -9999 -9999 -9999 -9999 -9999 -9999 -9999 -9999 -9999 -9999 -9999 -9999 -9999 -9999 -9999 -9999 -9999 -9999 -9999 -9999 -9999 -9999 -9999 -9999 -9999 -9999 -9999 -9999 -9999 -9999 -9999 -9999 -9999 -9999 -9999 -9999 -9999 -9999
3.18438E-1 3.34817E-1 3.54016E-1 3.61782E-1 3.73316E-1 4.28985E-1 4.91534E-1 5.19317E-1 5.5367E-1 5.98605E-1 6.25102E-1 7.03381E-1 7.80774E-1 8.57118E-1 8.81647E-1 9.15071E-1 9.52949E-1 9.11773E-1 9.65731E-1 -9999 -9999 -9999 -9999 -9999 -9999 -9999 -9999 -9999 -9999 -9999 -9999 -9999 -9999 -9999 -9999 -9999 -9999 -9999 -9999 -9999 -9999 -9999 -9999 -9999 -9999 -9999 -9999 -9999 -9999 -9999 -9999 -9999 -9999 -9999 -9999 -9999 -9999 -9999 -9999 -9999 -9999
3.27539E-1 3.39034E-1 3.63921E-1 3.74601E-1 4.04834E-1 4.63541E-1 4.92451E-1 5.2037E-1 5.57494E-1 6.60073E-1 6.71075E-1 7.69594E-1 8.53301E-1 9.11704E-1 9.64242E-1 9.74625E-1 9.74735E-1 -9999 -9999 -9999 -9999 -9999 -9999 -9999 -9999 -9999 -9999 -9999 -9999 -9999 -9999 -9999 -9999 -9999 -9999 -9999 -9999 -9999 -9999 -9999 -9999 -9999 -9999 -9999 -9999 -9999 -9999 -9999 -9999 -9999 -9999 -9999 -9999 -9999 -9999 -9999 -9999 -9999 -9999 -9999 -9999
3.46885E-1 3.63597E-1 3.88558E-1 4.10088E-1 4.34904E-1 4.70982E-1 4.93914E-1 5.47496E-1 5.89743E-1 6.35026E-1 7.06311E-1 8.46865E-1 9.09565E-1 9.47531E-1 9.71212E-1 9.5844E-1 -9999 -9999 -9999 -9999 -9999 -9999 -9999 -9999 -9999 -9999 -9999 -9999 -9999 -9999 -9999 -9999 -9999 -9999 -9999 -9999 -9999 -9999 -9999 -9999 -9999 -9999 -9999 -9999 -9999 -9999 -9999 -9999 -9999 -9999 -9999 -9999 -9999 -9999 -9999 -9999 -9999 -9999 -9999 -9999 -9999
3.78903E-1 3.8986E-1 4.14966E-1 4.4021E-1 4.64716E-1 4.92792E-1 5.3007E-1 5.65481E-1 6.17779E-1 6.51243E-1 7.25879E-1 8.41048E-1 9.40101E-1 9.73135E-1 8.8171E-1 -9999 -9999 -9999 -9999 -9999 -9999 -9999 -9999 -9999 -9999 -9999 -9999 -9999 -9999 -9999 -9999 -9999 -9999 -9999 -9999 -9999 -9999 -9999 -9999 -9999 -9999 -9999 -9999 -9999 -9999 -9999 -9999 -9999 -9999 -9999 -9999 -9999 -9999 -9999 -9999 -9999 -9999 -9999 -9999 -9999 -9999
4.13524E-1 4.1507E-1 4.4965E-1 4.77045E-1 4.79609E-1 5.17067E-1 5.58142E-1 5.83975E-1 6.10445E-1 6.34625E-1 7.19158E-1 8.37718E-1 9.16788E-1 9.62683E-1 -9999 -9999 -9999 -9999 -9999 -9999 -9999 -9999 -9999 -9999 -9999 -9999 -9999 -9999 -9999 -9999 -9999 -9999 -9999 -9999 -9999 -9999 -9999 -9999 -9999 -9999 -9999 -9999 -9999 -9999 -9999 -9999 -9999 -9999 -9999 -9999 -9999 -9999 -9999 -9999 -9999 -9999 -9999 -9999 -9999 -9999 -9999
4.29625E-1 4.29922E-1 4.74382E-1 4.79381E-1 4.98451E-1 5.28351E-1 5.55666E-1 5.80079E-1 5.92648E-1 6.26601E-1 7.01394E-1 8.3344E-1 9.07473E-1 9.48549E-1 -9999 -9999 -9999 -9999 -9999 -9999 -9999 -9999 -9999 -9999 -9999 -9999 -9999 -9999 -9999 -9999 -9999 -9999 -9999 -9999 -9999 -9999 -9999 -9999 -9999 -9999 -9999 -9999 -9999 -9999 -9999 -9999 -9999 -9999 -9999 -9999 -9999 -9999 -9999 -9999 -9999 -9999 -9999 -9999 -9999 -9999 -9999
4.41989E-1 4.51703E-1 4.89167E-1 5.08979E-1 5.08918E-1 5.2178E-1 5.33831E-1 5.46704E-1 5.92414E-1 6.33795E-1 7.24623E-1 8.3902E-1 9.09352E-1 -9999 -9999 -9999 -9999 -9999 -9999 -9999 -9999 -9999 -9999 -9999 -9999 -9999 -9999 -9999 -9999 -9999 -9999 -9999 -9999 -9999 -9999 -9999 -9999 -9999 -9999 -9999 -9999 -9999 -9999 -9999 -9999 -9999 -9999 -9999 -9999 -9999 -9999 -9999 -9999 -9999 -9999 -9999 -9999 -9999 -9999 -9999 -9999
4.26845E-1 4.70737E-1 5.0808E-1 5.36792E-1 5.18679E-1 5.30984E-1 5.34416E-1 5.69342E-1 5.72842E-1 6.38247E-1 7.36914E-1 8.67401E-1 9.24664E-1 -9999 -9999 -9999 -9999 -9999 -9999 -9999 -9999 -9999 -9999 -9999 -9999 -9999 -9999 -9999 -9999 -9999 -9999 -9999 -9999 -9999 -9999 -9999 -9999 -9999 -9999 -9999 -9999 -9999 -9999 -9999 -9999 -9999 -9999 -9999 -9999 -9999 -9999 -9999 -9999 -9999 -9999 -9999 -9999 -9999 -9999 -9999 -9999
