data/maxent/outputs/white_139.asc
ncols         426
nrows         180
xllcorner     -130.0
yllcorner     24.0
cellsize      0.16666666666666666
NODATA_value  -9999
[rows 135 to 161 of 180, columns 122 to 182 of 426]
1.61632E-1 2.59759E-1 1.79323E-1 3.22239E-1 2.98507E-1 3.54936E-1 2.62947E-1 2.92606E-1 2.32064E-1 1.46324E-1 1.64942E-1 1.76746E-1 1.28885E-1 1.04644E-1 1.06509E-1 9.38768E-2 9.5545E-2 9.8919E-2 1.06285E-1 1.09764E-1 1.05469E-1 8.9177E-2 9.53708E-2 1.13505E-1 1.48405E-1 1.20198E-1 1.32769E-1 1.84556E-1 2.57509E-1 1.34627E-1 2.27857E-1 1.93018E-1 1.59379E-1 1.33198E-1 1.19582E-1 1.16723E-1 1.09882E-1 1.09477E-1 1.13419E-1 1.10537E-1 1.11022E-1 1.16544E-1 1.33974E-1 1.56739E-1 2.00137E-1 2.23872E-1 2.47548E-1 2.59021E-1 2.82051E-1 2.93857E-1 3.08957E-1 3.29775E-1 3.43652E-1 3.42914E-1 3.47216E-1 3.49956E-1 3.47369E-1 3.54299E-1 3.72042E-1 3.81033E-1 3.86024E-1
2.02887E-1 2.74689E-1 1.75355E-1 3.05093E-1 3.90599E-1 4.78096E-1 2.63124E-1 2.61292E-1 2.23291E-1 1.58417E-1 1.47107E-1 1.88777E-1 1.63415E-1 1.36122E-1 1.5113E-1 1.16396E-1 1.03665E-1 9.65009E-2 1.04261E-1 1.11064E-1 1.54041E-1 1.13511E-1 1.21318E-1 8.75486E-2 1.057E-1 1.43572E-1 1.43858E-1 1.99141E-1 2.48758E-1 1.69174E-1 1.84523E-1 2.2096E-1 1.76483E-1 1.4809E-1 1.38439E-1 1.26355E-1 1.09617E-1 1.17586E-1 1.22325E-1 1.1975E-1 1.18368E-1 1.17159E-1 1.31334E-1 1.62313E-1 2.23621E-1 2.27075E-1 2.48928E-1 2.74716E-1 2.97887E-1 3.16941E-1 3.28135E-1 3.52294E-1 3.64894E-1 3.64381E-1 3.70599E-1 3.77872E-1 3.94328E-1 3.81438E-1 3.93843E-1 3.93525E-1 3.9646E-1
2.08362E-1 2.05107E-1 1.5812E-1 3.90263E-1 4.79417E-1 3.92003E-1 3.09491E-1 2.42519E-1 1.94389E-1 1.55906E-1 1.3736E-1 2.04348E-1 1.86437E-1 1.46505E-1 1.21956E-1 1.29918E-1 1.10153E-1 1.00726E-1 1.20772E-1 1.29321E-1 1.48475E-1 1.30446E-1 1.88707E-1 1.04206E-1 8.98426E-2 1.41303E-1 1.17518E-1 1.5176E-1 1.96298E-1 1.50202E-1 1.55069E-1 2.0308E-1 2.06444E-1 2.13544E-1 1.6641E-1 1.36672E-1 1.20204E-1 1.26286E-1 1.31748E-1 1.3244E-1 1.36417E-1 1.38843E-1 1.52933E-1 1.68145E-1 1.98787E-1 2.31953E-1 2.62304E-1 2.68234E-1 2.96352E-1 3.1628E-1 3.24024E-1 3.35957E-1 3.60229E-1 3.76265E-1 3.88552E-1 3.91657E-1 4.00532E-1 3.95873E-1 3.95074E-1 3.9277E-1 3.93352E-1
1.91616E-1 2.83723E-1 1.70514E-1 4.00325E-1 4.3803E-1 2.88192E-1 2.3791E-1 2.26869E-1 2.1058E-1 2.05469E-1 2.12995E-1 2.37864E-1 1.74818E-1 1.20675E-1 1.17053E-1 1.17534E-1 1.00171E-1 1.02295E-1 1.30218E-1 1.14754E-1 1.33774E-1 1.62283E-1 1.41363E-1 1.70303E-1 1.20091E-1 1.09935E-1 1.11706E-1 2.02294E-1 1.58023E-1 1.62135E-1 1.60337E-1 1.96769E-1 2.70153E-1 3.07324E-1 2.0399E-1 1.89326E-1 1.61838E-1 1.6302E-1 1.54847E-1 1.59039E-1 1.62945E-1 1.71834E-1 1.89554E-1 1.96175E-1 2.15088E-1 2.3289E-1 2.35754E-1 2.66119E-1 2.81821E-1 2.97647E-1 3.2247E-1 3.2449E-1 3.42437E-1 3.62783E-1 3.8711E-1 3.9004E-1 3.88806E-1 3.86439E-1 3.79829E-1 3.78947E-1 3.86153E-1
2.26359E-1 2.88773E-1 2.93273E-1 2.80765E-1 4.40386E-1 3.74113E-1 3.48512E-1 2.92776E-1 2.69495E-1 2.07405E-1 1.45849E-1 2.02756E-1 1.59585E-1 1.14033E-1 1.08149E-1 1.18423E-1 9.75715E-2 1.27028E-1 1.02006E-1 1.00625E-1 1.3886E-1 1.45146E-1 1.2561E-1 1.57293E-1 1.96131E-1 1.49508E-1 1.04444E-1 1.0299E-1 1.50608E-1 1.52628E-1 1.46519E-1 1.87582E-1 2.96118E-1 3.29971E-1 3.29197E-1 2.73355E-1 2.25627E-1 1.81003E-1 1.7323E-1 1.81935E-1 1.9066E-1 1.89477E-1 2.04746E-1 2.20199E-1 2.20507E-1 2.25375E-1 2.198E-1 2.40235E-1 2.74112E-1 2.93566E-1 3.20742E-1 3.34382E-1 3.45797E-1 3.62449E-1 3.77792E-1 3.93521E-1 4.07178E-1 4.09931E-1 4.00656E-1 3.94246E-1 3.89975E-1
3.50736E-1 2.87479E-1 4.44459E-1 4.64061E-1 3.35173E-1 4.36671E-1 4.9778E-1 3.98805E-1 2.77568E-1 1.87761E-1 1.49141E-1 2.08817E-1 1.78591E-1 1.32698E-1 1.141E-1 1.31131E-1 1.16732E-1 1.13206E-1 9.91195E-2 1.38177E-1 1.71143E-1 1.69863E-1 1.53232E-1 1.37748E-1 1.45435E-1 1.56802E-1 1.23199E-1 9.84595E-2 1.20334E-1 1.45753E-1 1.28398E-1 1.47901E-1 2.54656E-1 2.99532E-1 2.23223E-1 2.58703E-1 2.35962E-1 1.91258E-1 2.03588E-1 2.33358E-1 2.29034E-1 2.1417E-1 2.10049E-1 2.13296E-1 1.99717E-1 2.03038E-1 2.18391E-1 2.31441E-1 2.65309E-1 2.90262E-1 3.26686E-1 3.37823E-1 3.51248E-1 3.6662E-1 3.81018E-1 3.88839E-1 4.09675E-1 3.97231E-1 3.84696E-1 3.781E-1 3.8286E-1
3.87001E-1 3.02122E-1 3.8471E-1 4.99991E-1 3.08496E-1 4.16699E-1 4.91166E-1 4.30201E-1 3.48474E-1 2.25905E-1 1.5057E-1 1.59403E-1 1.50239E-1 1.31526E-1 1.27064E-1 1.18529E-1 1.40051E-1 1.19965E-1 1.26171E-1 1.83686E-1 2.23828E-1 1.77789E-1 1.90297E-1 1.2731E-1 1.24183E-1 1.29997E-1 1.03772E-1 9.34137E-2 1.36445E-1 1.26171E-1 1.6946E-1 1.30597E-1 1.64995E-1 1.75102E-1 2.1715E-1 2.45012E-1 2.21616E-1 2.46407E-1 3.07608E-1 2.94973E-1 2.64286E-1 2.40595E-1 2.2408E-1 2.12289E-1 1.98982E-1 2.04338E-1 2.08221E-1 2.3143E-1 2.67742E-1 2.83834E-1 3.1338E-1 3.27193E-1 3.45756E-1 3.55268E-1 3.81598E-1 3.92824E-1 4.03767E-1 4.02786E-1 3.89532E-1 3.8993E-1 4.15864E-1
3.93322E-1 3.06835E-1 3.39864E-1 4.23754E-1 3.36254E-1 4.57056E-1 4.54571E-1 3.71739E-1 3.2439E-1 2.20236E-1 1.64751E-1 1.61039E-1 1.28753E-1 1.2416E-1 1.22177E-1 1.3747E-1 1.32933E-1 1.35875E-1 1.57626E-1 2.30668E-1 2.23896E-1 1.91407E-1 1.81223E-1 1.53568E-1 1.19213E-1 1.53357E-1 1.21662E-1 8.61047E-2 1.3924E-1 1.07286E-1 1.3333E-1 1.6413E-1 1.55026E-1 1.4213E-1 1.72921E-1 2.46853E-1 2.80636E-1 2.60547E-1 2.15479E-1 2.14697E-1 2.63798E-1 2.31011E-1 2.06586E-1 2.02195E-1 1.95422E-1 1.85753E-1 1.99547E-1 2.33664E-1 2.57056E-1 2.82943E-1 3.01677E-1 3.23565E-1 3.37572E-1 3.64415E-1 3.88069E-1 3.95022E-1 4.0786E-1 4.09515E-1 4.10872E-1 4.16193E-1 4.20309E-1
3.76844E-1 2.7303E-1 2.71333E-1 3.82153E-1 4.76975E-1 4.83375E-1 4.3311E-1 3.70392E-1 3.17248E-1 2.70325E-1 2.23617E-1 1.75595E-1 1.18227E-1 1.30103E-1 1.18387E-1 1.26769E-1 1.2889E-1 1.64341E-1 1.79039E-1 1.80036E-1 1.57233E-1 1.8177E-1 1.43388E-1 1.30231E-1 1.28265E-1 1.57993E-1 1.4985E-1 9.3641E-2 1.37763E-1 1.04453E-1 1.19943E-1 1.79353E-1 1.69762E-1 1.46782E-1 1.77011E-1 2.27828E-1 2.34841E-1 2.09132E-1 1.9711E-1 2.10061E-1 2.34184E-1 2.08468E-1 1.83253E-1 1.81922E-1 1.75337E-1 1.63594E-1 1.86215E-1 2.07282E-1 2.46066E-1 2.82422E-1 3.06174E-1 3.44582E-1 3.58644E-1 3.72737E-1 3.99193E-1 4.18976E-1 4.30403E-1 4.38085E-1 4.38732E-1 4.27643E-1 4.2952E-1
2.72301E-1 2.68658E-1 2.63029E-1 3.35418E-1 4.44862E-1 5.0634E-1 4.47886E-1 3.67996E-1 3.28988E-1 3.03532E-1 2.31817E-1 1.79113E-1 1.56178E-1 1.6111E-1 1.36331E-1 1.37905E-1 1.18181E-1 1.19116E-1 1.41447E-1 1.26794E-1 1.49268E-1 1.52007E-1 1.57715E-1 1.47762E-1 1.62488E-1 2.01917E-1 1.92151E-1 1.308E-1 1.40388E-1 1.15003E-1 1.09094E-1 1.65842E-1 1.36129E-1 1.36107E-1 1.68747E-1 1.68849E-1 1.75705E-1 2.02952E-1 1.79153E-1 2.10995E-1 1.91486E-1 1.73601E-1 1.48906E-1 1.43219E-1 1.54377E-1 1.60979E-1 1.71587E-1 1.93154E-1 2.35663E-1 2.72658E-1 2.9858E-1 3.36459E-1 3.62365E-1 3.87908E-1 4.24843E-1 4.26919E-1 4.50427E-1 4.62074E-1 4.65467E-1 4.53699E-1 4.56966E-1
1.53257E-1 2.58806E-1 2.35044E-1 2.73199E-1 3.29062E-1 5.04211E-1 4.76516E-1 3.93609E-1 3.45257E-1 3.32063E-1 2.33219E-1 1.49151E-1 1.88885E-1 1.61888E-1 1.61565E-1 1.4476E-1 1.46134E-1 1.12313E-1 1.30754E-1 1.33772E-1 1.45405E-1 1.23933E-1 1.67528E-1 1.53082E-1 1.72298E-1 1.97969E-1 1.52732E-1 1.55323E-1 1.17124E-1 1.26677E-1 7.89448E-2 1.01376E-1 1.16891E-1 1.18745E-1 1.43553E-1 1.29784E-1 1.6162E-1 1.99638E-1 1.79291E-1 1.42525E-1 1.50741E-1 1.55218E-1 1.6154E-1 1.58334E-1 1.48575E-1 1.40823E-1 1.60639E-1 1.8611E-1 2.32947E-1 2.84067E-1 3.03327E-1 3.29807E-1 3.5705E-1 3.78711E-1 4.21369E-1 4.34154E-1 4.60231E-1 4.50662E-1 4.85354E-1 4.7743E-1 4.93428E-1
1.45977E-1 2.05912E-1 2.47636E-1 2.44327E-1 2.73358E-1 3.57982E-1 4.51416E-1 3.98323E-1 3.59082E-1 3.26965E-1 2.50174E-1 1.55825E-1 1.77814E-1 1.55863E-1 1.61261E-1 1.44304E-1 1.8578E-1 1.99439E-1 1.36128E-1 1.21993E-1 1.28913E-1 1.12724E-1 1.24631E-1 1.7728E-1 1.84468E-1 1.80611E-1 1.50134E-1 1.1976E-1 8.98551E-2 9.46738E-2 6.83224E-2 7.34259E-2 8.8426E-2 1.24166E-1 1.65686E-1 1.63413E-1 1.55392E-1 1.80395E-1 1.70606E-1 1.49615E-1 1.55514E-1 1.59695E-1 1.66843E-1 1.58037E-1 1.38923E-1 1.29411E-1 1.33095E-1 1.65726E-1 2.08458E-1 2.58953E-1 3.19404E-1 3.31385E-1 3.53026E-1 3.57829E-1 3.97457E-1 4.28209E-1 4.35681E-1 4.5238E-1 4.6524E-1 4.79841E-1 4.90138E-1
1.6107E-1 2.58296E-1 2.09928E-1 2.31666E-1 2.51108E-1 3.13106E-1 4.12841E-1 4.16556E-1 3.93404E-1 2.99547E-1 2.11338E-1 1.57784E-1 1.56829E-1 1.44151E-1 1.45614E-1 1.46591E-1 1.4091E-1 1.80531E-1 1.9725E-1 1.34505E-1 1.20156E-1 1.09597E-1 9.30076E-2 1.20134E-1 1.46596E-1 1.51559E-1 1.39317E-1 9.5937E-2 8.34679E-2 9.83263E-2 7.13752E-2 6.35291E-2 7.73242E-2 1.28334E-1 1.63185E-1 1.85963E-1 1.50109E-1 1.92636E-1 1.7144E-1 1.57313E-1 1.72764E-1 1.26178E-1 1.46554E-1 1.34499E-1 1.74195E-1 1.39122E-1 1.32008E-1 1.47486E-1 1.91726E-1 2.42152E-1 2.83523E-1 3.24984E-1 3.48901E-1 3.57935E-1 3.72252E-1 3.92374E-1 4.03896E-1 4.13999E-1 4.39566E-1 4.32956E-1 4.27198E-1
1.81727E-1 2.16566E-1 2.05003E-1 2.45882E-1 2.86786E-1 3.47848E-1 3.3084E-1 4.05204E-1 3.81567E-1 2.95243E-1 2.4007E-1 1.77811E-1 1.74614E-1 1.41366E-1 1.45376E-1 1.314E-1 1.25301E-1 1.32209E-1 1.82789E-1 1.63345E-1 1.15022E-1 1.51517E-1 9.05955E-2 9.70849E-2 1.02948E-1 1.08402E-1 9.18533E-2 8.17346E-2 8.00107E-2 8.62435E-2 1.09162E-1 6.80367E-2 9.27536E-2 1.63727E-1 1.37346E-1 1.24453E-1 1.22981E-1 1.7004E-1 2.75513E-1 1.22363E-1 1.32815E-1 2.26087E-1 1.63101E-1 1.2053E-1 1.40726E-1 1.4177E-1 1.36831E-1 1.37631E-1 1.7551E-1 2.21203E-1 2.60019E-1 2.92379E-1 3.45651E-1 3.58089E-1 3.65196E-1 3.84686E-1 3.90359E-1 3.86978E-1 3.88319E-1 3.92354E-1 4.00213E-1
2.2641E-1 1.80551E-1 1.60594E-1 2.55351E-1 3.19872E-1 2.91093E-1 3.46941E-1 3.67565E-1 3.26429E-1 2.73903E-1 2.43235E-1 2.09303E-1 1.82606E-1 1.35722E-1 1.6002E-1 1.3545E-1 1.31429E-1 1.27332E-1 1.65728E-1 1.48911E-1 1.11904E-1 1.46263E-1 9.74324E-2 1.1794E-1 9.84016E-2 1.0549E-1 9.63014E-2 6.71817E-2 7.66022E-2 6.5707E-2 7.07777E-2 9.45981E-2 1.42931E-1 1.67986E-1 1.42079E-1 1.09039E-1 1.27355E-1 1.14851E-1 1.13478E-1 9.97987E-2 1.02303E-1 1.77954E-1 2.45226E-1 1.28659E-1 1.57933E-1 2.30448E-1 1.39128E-1 1.4321E-1 1.74485E-1 2.21178E-1 2.44248E-1 2.7912E-1 3.15242E-1 3.52518E-1 3.64029E-1 3.71367E-1 3.89244E-1 3.92138E-1 3.87999E-1 3.97277E-1 4.11028E-1
2.08758E-1 2.01725E-1 1.95795E-1 2.38666E-1 3.19749E-1 2.80266E-1 3.43332E-1 3.13638E-1 3.15079E-1 2.64828E-1 2.28749E-1 1.87019E-1 1.74118E-1 1.30992E-1 1.54216E-1 1.50147E-1 1.41435E-1 1.12638E-1 1.48252E-1 1.47133E-1 1.19212E-1 1.47185E-1 1.14235E-1 1.03807E-1 1.09059E-1 9.79621E-2 9.64346E-2 7.87468E-2 7.12128E-2 5.79324E-2 7.00717E-2 1.15425E-1 1.53318E-1 1.37523E-1 1.45582E-1 1.43551E-1 1.02942E-1 8.89423E-2 8.39788E-2 1.1551E-1 9.09756E-2 9.66955E-2 2.33176E-1 1.39876E-1 1.50689E-1 1.78535E-1 1.25946E-1 1.37719E-1 1.76472E-1 2.17946E-1 2.32365E-1 2.54076E-1 2.88245E-1 3.26788E-1 3.54171E-1 3.67639E-1 3.72449E-1 3.82068E-1 3.86258E-1 4.04625E-1 4.06607E-1
1.51009E-1 2.29052E-1 2.46268E-1 2.4909E-1 3.20526E-1 3.18001E-1 3.23847E-1 2.93746E-1 3.12955E-1 2.40173E-1 2.06579E-1 2.02839E-1 1.68394E-1 1.78813E-1 1.50273E-1 1.25448E-1 1.30816E-1 1.38851E-1 1.41233E-1 1.42577E-1 1.29856E-1 1.39359E-1 1.36685E-1 1.00656E-1 1.01917E-1 9.6391E-2 9.8157E-2 1.01092E-1 8.24507E-2 7.57194E-2 8.34838E-2 1.09978E-1 1.54077E-1 1.27326E-1 1.11876E-1 1.57074E-1 1.56517E-1 9.24052E-2 8.15627E-2 7.84018E-2 8.71411E-2 8.33319E-2 1.22577E-1 1.17541E-1 1.1373E-1 1.51031E-1 1.16894E-1 1.45555E-1 1.76416E-1 2.16294E-1 2.18529E-1 2.26422E-1 2.63187E-1 3.02297E-1 3.45103E-1 3.68878E-1 3.70392E-1 3.77443E-1 3.92852E-1 4.03151E-1 4.14704E-1
1.33769E-1 1.9252E-1 2.52859E-1 2.58362E-1 3.07666E-1 3.13114E-1 3.05222E-1 2.72441E-1 3.04588E-1 2.75533E-1 2.24931E-1 2.42434E-1 1.94413E-1 1.51592E-1 1.48423E-1 1.60716E-1 1.16242E-1 1.28558E-1 1.09921E-1 1.25343E-1 1.22252E-1 1.31825E-1 1.38301E-1 1.18177E-1 8.64926E-2 8.40657E-2 1.06554E-1 9.93732E-2 9.36731E-2 1.02778E-1 1.17219E-1 9.9741E-2 1.08488E-1 1.08493E-1 1.06033E-1 1.14739E-1 1.77857E-1 1.11896E-1 7.19746E-2 6.4633E-2 6.57549E-2 7.51147E-2 1.64186E-1 1.22256E-1 1.56287E-1 1.23703E-1 1.43096E-1 1.61089E-1 1.79575E-1 1.91943E-1 1.93471E-1 2.04789E-1 2.3343E-1 2.7181E-1 3.21284E-1 3.47722E-1 3.62736E-1 3.82366E-1 3.93109E-1 3.97349E-1 4.00663E-1
1.37467E-1 1.83243E-1 1.89222E-1 2.79006E-1 2.96577E-1 2.83656E-1 2.86333E-1 3.06114E-1 3.07812E-1 2.93567E-1 2.63149E-1 2.40988E-1 2.3181E-1 1.75702E-1 1.45544E-1 1.47997E-1 1.11279E-1 1.12897E-1 1.07046E-1 9.74264E-2 9.86465E-2 1.29509E-1 1.29829E-1 1.12216E-1 8.61413E-2 8.2052E-2 8.94321E-2 9.86471E-2 1.23219E-1 1.23216E-1 1.21355E-1 1.28095E-1 1.29117E-1 1.24606E-1 1.06044E-1 1.00361E-1 9.64085E-2 8.77973E-2 7.07129E-2 9.66876E-2 6.38796E-2 6.90249E-2 1.55991E-1 1.01828E-1 1.30127E-1 1.74566E-1 1.79679E-1 1.81392E-1 1.76765E-1 1.74449E-1 1.74343E-1 1.91296E-1 2.06294E-1 2.36488E-1 2.82798E-1 3.30818E-1 3.62674E-1 3.73153E-1 3.75363E-1 3.80027E-1 3.76654E-1
1.67373E-1 1.76066E-1 1.66459E-1 2.83697E-1 3.1569E-1 3.25111E-1 3.01682E-1 3.43926E-1 3.39744E-1 3.22914E-1 2.99726E-1 2.96364E-1 2.83793E-1 2.07621E-1 2.16447E-1 1.32464E-1 1.12515E-1 1.15748E-1 9.20767E-2 8.78237E-2 8.9789E-2 1.14473E-1 1.07189E-1 1.05429E-1 1.16235E-1 9.94543E-2 1.17725E-1 9.62274E-2 1.07628E-1 1.45744E-1 1.52829E-1 1.41817E-1 1.56629E-1 1.59105E-1 1.04582E-1 9.52734E-2 9.70617E-2 1.00128E-1 6.39658E-2 1.6668E-1 8.51604E-2 9.55698E-2 1.14593E-1 1.27844E-1 1.34307E-1 1.78501E-1 1.99971E-1 2.21994E-1 1.92979E-1 1.79162E-1 1.79652E-1 1.95251E-1 2.06822E-1 2.2604E-1 2.6296E-1 3.09703E-1 3.48413E-1 3.61777E-1 3.66665E-1 3.56769E-1 3.65616E-1
1.64875E-1 1.82815E-1 1.86851E-1 2.68144E-1 3.06032E-1 2.942E-1 2.9679E-1 2.99206E-1 3.59977E-1 3.32272E-1 3.2739E-1 2.94986E-1 2.77051E-1 2.61613E-1 2.22301E-1 1.66308E-1 1.25311E-1 1.12298E-1 1.0955E-1 8.70848E-2 9.47588E-2 1.06731E-1 1.1496E-1 1.20019E-1 1.09874E-1 1.02355E-1 1.15442E-1 1.03024E-1 1.30016E-1 1.39526E-1 1.2941E-1 1.37225E-1 1.25933E-1 1.07069E-1 9.53707E-2 9.7067E-2 8.92268E-2 8.55186E-2 6.4545E-2 1.23732E-1 1.22668E-1 1.09785E-1 1.22958E-1 1.36069E-1 1.46171E-1 1.79466E-1 2.24108E-1 2.19306E-1 2.02375E-1 1.9919E-1 1.91092E-1 2.07159E-1 2.37348E-1 2.58593E-1 2.76088E-1 2.9762E-1 3.3916E-1 3.49983E-1 3.58239E-1 3.52394E-1 3.6507E-1
1.67002E-1 1.54977E-1 1.70056E-1 2.04711E-1 2.7587E-1 2.19677E-1 2.98105E-1 2.99989E-1 3.42474E-1 3.41995E-1 3.2884E-1 3.04713E-1 2.76E-1 2.70851E-1 2.46188E-1 1.63572E-1 1.59829E-1 8.94851E-2 8.5764E-2 9.27606E-2 9.86069E-2 1.0737E-1 1.25251E-1 1.15444E-1 1.02036E-1 9.81063E-2 1.05182E-1 1.12849E-1 1.19098E-1 1.31472E-1 1.28138E-1 1.46225E-1 1.33591E-1 1.16599E-1 9.67412E-2 1.32641E-1 1.17247E-1 7.31049E-2 6.9445E-2 8.28417E-2 9.61997E-2 1.14253E-1 1.08519E-1 1.43779E-1 1.54961E-1 1.68409E-1 2.40796E-1 2.52452E-1 2.34185E-1 2.21835E-1 2.2091E-1 2.33423E-1 2.55641E-1 2.8662E-1 2.9556E-1 2.95957E-1 3.29878E-1 3.43334E-1 3.44499E-1 3.52445E-1 3.53363E-1
1.53788E-1 1.56971E-1 1.35144E-1 1.9224E-1 2.12362E-1 2.34207E-1 3.0727E-1 3.0743E-1 3.19796E-1 3.04281E-1 2.9905E-1 3.17311E-1 2.90719E-1 2.70269E-1 2.43938E-1 1.77547E-1 2.04956E-1 1.33524E-1 9.81408E-2 1.04933E-1 1.00082E-1 1.04205E-1 1.17064E-1 1.10023E-1 9.31091E-2 8.53753E-2 1.07693E-1 1.12549E-1 9.74126E-2 1.01623E-1 1.3328E-1 1.27112E-1 1.20268E-1 1.31294E-1 1.34473E-1 1.16803E-1 1.47063E-1 9.20618E-2 7.51911E-2 8.0864E-2 8.85395E-2 1.47007E-1 1.32028E-1 1.26375E-1 1.53879E-1 1.79023E-1 1.82884E-1 1.94719E-1 2.4662E-1 2.47386E-1 2.27287E-1 2.23121E-1 2.40882E-1 2.6837E-1 2.83328E-1 3.00378E-1 3.28099E-1 3.42094E-1 3.37583E-1 3.37194E-1 3.44982E-1
1.77435E-1 1.34205E-1 1.13672E-1 1.67623E-1 1.68244E-1 2.30405E-1 2.49502E-1 2.35509E-1 2.75428E-1 3.01294E-1 2.84179E-1 2.88079E-1 2.96271E-1 2.70892E-1 2.31024E-1 1.99154E-1 1.67869E-1 1.21927E-1 1.08797E-1 1.08706E-1 1.14205E-1 1.06729E-1 1.26155E-1 1.06431E-1 1.09414E-1 9.18922E-2 7.73412E-2 8.56912E-2 9.31094E-2 1.05526E-1 1.32035E-1 1.16475E-1 1.1768E-1 1.102E-1 1.79732E-1 1.2741E-1 1.59879E-1 1.33001E-1 1.1354E-1 1.10939E-1 1.02332E-1 1.85095E-1 1.8357E-1 1.26939E-1 1.68078E-1 1.76003E-1 1.89643E-1 1.86378E-1 2.26082E-1 2.21071E-1 2.20724E-1 2.24939E-1 2.38486E-1 2.50258E-1 2.67735E-1 2.86455E-1 3.15547E-1 3.4609E-1 3.37113E-1 3.285E-1 3.34697E-1
1.5261E-1 1.40609E-1 1.34305E-1 1.46835E-1 1.59851E-1 2.02643E-1 2.17486E-1 2.20002E-1 2.26896E-1 2.19082E-1 2.8766E-1 2.71597E-1 2.75134E-1 2.48785E-1 2.28752E-1 2.13505E-1 1.92778E-1 1.4012E-1 1.64395E-1 1.15382E-1 1.25497E-1 1.26628E-1 1.35208E-1 1.23606E-1 1.06566E-1 8.90167E-2 7.39728E-2 8.25254E-2 8.89725E-2 1.28822E-1 1.12762E-1 1.38977E-1 1.36054E-1 1.65699E-1 1.4222E-1 1.78792E-1 1.85078E-1 1.39707E-1 1.15742E-1 1.04485E-1 1.03429E-1 1.6318E-1 1.98885E-1 1.36544E-1 1.38777E-1 1.5783E-1 2.14242E-1 2.07368E-1 2.08865E-1 2.16422E-1 2.17282E-1 2.20585E-1 2.29352E-1 2.5677E-1 2.81424E-1 2.89028E-1 3.10302E-1 3.32846E-1 3.40816E-1 3.2819E-1 3.32415E-1
1.56366E-1 1.62909E-1 1.65237E-1 1.91119E-1 1.66935E-1 2.05505E-1 2.34312E-1 2.1242E-1 2.16653E-1 2.36421E-1 2.596E-1 2.5631E-1 2.82382E-1 2.60049E-1 2.079E-1 1.97189E-1 1.99934E-1 1.80187E-1 2.08185E-1 1.22853E-1 1.16363E-1 1.32343E-1 1.23229E-1 1.12531E-1 1.0275E-1 8.94825E-2 8.8506E-2 8.53758E-2 8.31267E-2 1.15066E-1 1.15048E-1 1.12469E-1 1.55605E-1 2.06956E-1 1.54249E-1 2.36854E-1 2.33155E-1 1.59585E-1 1.18945E-1 1.14796E-1 1.12076E-1 1.40676E-1 1.70991E-1 1.3423E-1 1.18832E-1 1.93462E-1 2.17547E-1 2.18728E-1 1.75448E-1 1.95468E-1 2.14812E-1 2.45718E-1 2.58495E-1 2.5254E-1 2.71559E-1 2.71776E-1 3.06189E-1 3.22613E-1 3.23088E-1 3.26056E-1 3.27426E-1
1.61858E-1 1.78273E-1 1.88337E-1 2.18213E-1 2.03978E-1 2.07412E-1 2.20215E-1 2.05359E-1 2.11543E-1 2.36262E-1 2.50085E-1 2.52249E-1 2.71024E-1 2.43051E-1 2.20946E-1 2.05431E-1 1.94776E-1 1.86271E-1 2.11816E-1 1.27068E-1 1.15501E-1 1.33499E-1 1.27541E-1 1.21214E-1 1.04947E-1 1.05703E-1 1.15761E-1 9.80668E-2 8.98711E-2 9.9897E-2 1.34448E-1 1.13475E-1 1.68202E-1 1.62719E-1 1.17199E-1 1.32413E-1 1.22121E-1 1.04992E-1 1.37104E-1 9.63498E-2 1.09413E-1 1.27052E-1 2.02242E-1 2.25588E-1 1.51844E-1 1.71743E-1 2.04903E-1 2.41451E-1 1.81668E-1 1.88484E-1 1.98193E-1 2.78043E-1 3.374E-1 3.24045E-1 2.86329E-1 2.93777E-1 2.96435E-1 3.05513E-1 3.14994E-1 3.17426E-1 3.2457E-1
