data/maxent/outputs/white_112.asc
ncols         426
nrows         180
xllcorner     -130.0
yllcorner     24.0
cellsize      0.16666666666666666
NODATA_value  -9999
[rows 54 to 80 of 180, columns 305 to 365 of 426]
3.65015E-1 3.5469E-1 3.74154E-1 3.58489E-1 3.37427E-1 3.23505E-1 3.27712E-1 3.35954E-1 3.32372E-1 3.18415E-1 2.91817E-1 3.09849E-1 3.01795E-1 3.08542E-1 3.28644E-1 3.83685E-1 4.12283E-1 4.37689E-1 4.44038E-1 4.70393E-1 4.83615E-1 4.90838E-1 5.05275E-1 5.19939E-1 5.31062E-1 5.42348E-1 5.32849E-1 5.316E-1 5.18225E-1 4.62257E-1 3.58745E-1 3.08984E-1 3.88591E-1 4.10688E-1 3.80826E-1 3.90861E-1 4.42411E-1 4.14879E-1 3.8049E-1 2.60808E-1 3.09884E-1 3.58633E-1 2.80933E-1 2.00866E-1 1.81869E-1 1.86919E-1 1.84981E-1 1.40655E-1 1.87072E-1 1.90317E-1 2.11899E-1 1.80247E-1 2.56225E-1 3.39399E-1 4.27294E-1 4.55585E-1 4.35353E-1 4.62437E-1 4.93249E-1 5.19788E-1 5.34977E-1
4.22398E-1 4.07675E-1 4.34631E-1 4.20968E-1 4.06095E-1 3.8456E-1 3.90595E-1 4.01332E-1 3.9128E-1 3.80706E-1 3.75158E-1 3.72477E-1 3.79433E-1 3.92567E-1 4.08448E-1 4.43691E-1 4.64423E-1 4.95337E-1 4.93708E-1 5.09086E-1 5.06639E-1 5.16602E-1 5.35584E-1 5.12257E-1 5.07126E-1 4.97298E-1 4.74964E-1 4.35378E-1 3.29916E-1 2.84053E-1 2.20992E-1 2.14436E-1 2.84776E-1 4.02066E-1 4.26171E-1 3.92456E-1 4.41702E-1 3.96003E-1 2.99223E-1 2.44306E-1 2.7359E-1 2.95158E-1 2.38429E-1 2.16464E-1 2.17404E-1 2.30558E-1 1.63943E-1 1.99044E-1 2.46439E-1 2.25151E-1 2.12376E-1 2.5264E-1 3.61587E-1 4.28875E-1 4.6851E-1 5.14728E-1 5.31631E-1 5.39889E-1 5.55242E-1 5.73701E-1 5.91724E-1
4.91279E-1 4.69065E-1 4.77668E-1 4.70086E-1 4.68201E-1 4.64927E-1 4.61629E-1 4.86838E-1 5.11365E-1 4.86279E-1 4.92697E-1 4.9494E-1 4.92889E-1 4.87438E-1 5.07314E-1 5.10887E-1 4.99271E-1 5.27323E-1 5.45275E-1 5.32371E-1 5.56974E-1 5.40081E-1 5.1436E-1 5.01935E-1 4.83213E-1 4.22514E-1 3.30114E-1 2.77033E-1 2.49419E-1 2.27357E-1 2.26653E-1 2.85237E-1 3.77873E-1 4.67113E-1 4.85019E-1 4.6481E-1 4.83985E-1 3.97785E-1 2.56832E-1 3.61086E-1 3.12031E-1 2.31454E-1 2.63283E-1 2.55652E-1 2.34887E-1 3.03978E-1 2.42762E-1 2.94662E-1 2.48984E-1 2.54572E-1 3.76216E-1 4.28698E-1 4.69102E-1 5.12734E-1 5.59344E-1 6.14826E-1 6.27582E-1 6.28728E-1 6.17098E-1 5.7872E-1 5.95136E-1
5.07828E-1 4.86664E-1 5.12089E-1 5.09803E-1 5.0167E-1 5.18715E-1 5.12431E-1 5.3361E-1 5.62684E-1 5.87927E-1 5.69251E-1 5.80045E-1 5.51451E-1 5.43867E-1 5.57392E-1 5.59834E-1 5.60015E-1 5.77513E-1 5.86258E-1 5.86015E-1 5.72202E-1 5.33699E-1 5.26399E-1 5.01941E-1 4.33629E-1 3.33835E-1 2.86279E-1 2.44894E-1 2.49986E-1 2.42003E-1 2.39385E-1 2.41848E-1 4.76368E-1 4.8501E-1 5.1806E-1 5.32386E-1 5.14723E-1 3.91802E-1 3.55106E-1 3.00408E-1 3.3591E-1 2.50973E-1 3.36976E-1 3.53022E-1 3.35966E-1 3.35816E-1 2.61662E-1 3.04691E-1 3.40214E-1 3.94458E-1 4.84592E-1 4.68955E-1 5.34558E-1 5.94487E-1 6.23661E-1 6.53482E-1 6.66935E-1 6.70923E-1 6.24938E-1 6.12298E-1 6.10955E-1
4.90424E-1 5.06358E-1 5.12414E-1 5.09107E-1 5.69002E-1 5.93371E-1 5.62508E-1 5.73954E-1 6.22783E-1 6.44915E-1 6.67582E-1 6.44616E-1 6.35694E-1 6.29708E-1 6.42683E-1 6.60286E-1 6.52789E-1 6.50113E-1 6.32421E-1 5.9983E-1 5.66235E-1 5.38638E-1 5.28213E-1 4.85798E-1 3.86322E-1 3.06155E-1 2.74727E-1 2.83143E-1 2.92716E-1 2.76459E-1 2.30324E-1 2.1423E-1 3.23138E-1 4.8394E-1 5.61008E-1 5.51279E-1 5.15792E-1 3.01308E-1 4.03764E-1 4.25621E-1 3.50151E-1 3.15982E-1 4.15567E-1 4.0771E-1 3.70997E-1 2.72621E-1 2.2109E-1 1.98712E-1 3.41847E-1 5.32422E-1 5.43225E-1 5.7109E-1 5.83374E-1 6.28951E-1 6.59112E-1 6.9548E-1 7.01147E-1 6.89693E-1 6.5724E-1 6.29902E-1 6.0684E-1
4.77484E-1 5.02056E-1 5.06651E-1 5.32499E-1 6.04476E-1 6.02798E-1 5.7866E-1 6.3483E-1 6.5878E-1 6.91918E-1 6.98259E-1 6.55568E-1 6.49361E-1 6.49256E-1 6.1302E-1 5.12426E-1 6.05507E-1 6.64754E-1 6.35812E-1 6.05375E-1 5.75042E-1 5.5493E-1 5.22828E-1 4.48178E-1 3.15396E-1 2.85781E-1 2.77082E-1 2.87002E-1 2.76345E-1 2.5173E-1 2.00863E-1 1.58894E-1 2.71659E-1 4.81216E-1 5.91471E-1 5.37707E-1 5.09666E-1 2.72302E-1 3.54641E-1 3.77544E-1 3.30471E-1 3.81356E-1 4.69093E-1 3.86856E-1 3.00748E-1 2.48194E-1 2.81576E-1 4.3866E-1 5.26608E-1 5.90384E-1 5.9814E-1 6.23405E-1 6.4719E-1 6.77518E-1 6.78598E-1 6.92824E-1 7.0702E-1 6.92515E-1 6.65931E-1 6.44722E-1 6.27718E-1
5.99038E-1 6.60246E-1 6.66627E-1 6.89096E-1 7.00314E-1 6.8477E-1 6.15338E-1 6.07784E-1 5.66625E-1 5.65437E-1 6.54357E-1 6.55456E-1 6.93773E-1 5.79405E-1 4.80878E-1 4.90559E-1 5.05447E-1 5.97174E-1 6.49543E-1 6.14373E-1 4.97856E-1 5.48521E-1 5.59956E-1 4.33854E-1 3.00802E-1 2.81544E-1 2.76561E-1 2.97119E-1 2.86036E-1 2.97469E-1 2.9636E-1 2.9514E-1 4.79127E-1 5.24434E-1 6.11571E-1 5.59417E-1 5.49107E-1 2.98243E-1 4.16243E-1 4.86674E-1 4.15719E-1 4.95048E-1 5.03909E-1 4.38138E-1 4.09828E-1 4.09206E-1 3.86959E-1 5.38504E-1 5.73681E-1 5.76749E-1 5.89737E-1 6.99424E-1 6.74054E-1 6.59888E-1 6.84138E-1 7.11092E-1 7.03523E-1 6.8473E-1 6.65364E-1 6.30877E-1 5.34085E-1
5.57415E-1 5.1011E-1 5.17796E-1 5.23389E-1 5.4451E-1 5.48114E-1 5.4775E-1 5.49267E-1 5.5336E-1 5.4495E-1 5.36196E-1 5.33208E-1 5.24981E-1 5.05008E-1 5.0131E-1 4.97342E-1 4.95921E-1 6.10514E-1 6.58779E-1 4.99449E-1 3.52962E-1 3.67271E-1 5.82115E-1 4.61926E-1 3.37183E-1 3.08416E-1 3.08398E-1 2.69197E-1 2.7104E-1 3.46536E-1 3.69831E-1 5.17064E-1 5.86856E-1 5.51633E-1 6.59289E-1 6.06618E-1 5.83941E-1 3.59649E-1 4.39999E-1 5.08429E-1 5.566E-1 5.75972E-1 4.98682E-1 4.66232E-1 5.45774E-1 5.90447E-1 6.15001E-1 5.57349E-1 5.82185E-1 5.72919E-1 5.86056E-1 6.46328E-1 6.60011E-1 7.02584E-1 7.1291E-1 6.92615E-1 6.91708E-1 6.76135E-1 -9999 5.25024E-1 -9999
4.48586E-1 4.8481E-1 5.18233E-1 5.42761E-1 5.55408E-1 5.57758E-1 5.60485E-1 5.76263E-1 5.92319E-1 5.90208E-1 5.79195E-1 5.71081E-1 5.56198E-1 5.51436E-1 5.49521E-1 5.43268E-1 5.59278E-1 6.17763E-1 6.74864E-1 5.48925E-1 4.16632E-1 3.28901E-1 4.4319E-1 5.20262E-1 4.06074E-1 3.25294E-1 2.82492E-1 2.60281E-1 3.35947E-1 3.40526E-1 3.85277E-1 5.94064E-1 6.2822E-1 6.5228E-1 6.52297E-1 6.22528E-1 5.85055E-1 5.28007E-1 3.78729E-1 5.20818E-1 6.16634E-1 5.9752E-1 5.47689E-1 5.01687E-1 5.88496E-1 6.19982E-1 6.92099E-1 7.01256E-1 5.99024E-1 5.93823E-1 6.10138E-1 6.40985E-1 6.94551E-1 7.47926E-1 -9999 -9999 -9999 -9999 -9999 -9999 -9999
4.65518E-1 5.1685E-1 5.80828E-1 6.5321E-1 6.6516E-1 6.44304E-1 6.40791E-1 6.52779E-1 6.35301E-1 6.01587E-1 6.06157E-1 5.94782E-1 5.67996E-1 5.69814E-1 6.05642E-1 7.29353E-1 7.41323E-1 7.32391E-1 7.12935E-1 6.76645E-1 6.39599E-1 5.44105E-1 5.22183E-1 5.33038E-1 4.92429E-1 4.08016E-1 3.44787E-1 3.70145E-1 4.1771E-1 5.37236E-1 4.85525E-1 6.35952E-1 6.76483E-1 6.76207E-1 6.47137E-1 6.29938E-1 5.68428E-1 5.0168E-1 4.48784E-1 5.82895E-1 6.44293E-1 6.04731E-1 5.96576E-1 5.95898E-1 6.41514E-1 6.45292E-1 6.24329E-1 6.29168E-1 6.44138E-1 6.34245E-1 6.54822E-1 6.95814E-1 7.20492E-1 -9999 -9999 -9999 -9999 -9999 -9999 -9999 -9999
7.04168E-1 7.63615E-1 7.74692E-1 7.66838E-1 7.48086E-1 7.05325E-1 6.71884E-1 6.70071E-1 7.30808E-1 7.54127E-1 7.5092E-1 7.43608E-1 7.2184E-1 7.1833E-1 7.42844E-1 7.52793E-1 7.62891E-1 7.65397E-1 7.52748E-1 7.19458E-1 7.20297E-1 7.05246E-1 6.96028E-1 6.4843E-1 6.08058E-1 5.12822E-1 4.64012E-1 4.60463E-1 4.66737E-1 6.56307E-1 6.5778E-1 6.69557E-1 7.01917E-1 6.62154E-1 6.34769E-1 6.29955E-1 5.60311E-1 4.70821E-1 5.23913E-1 6.38773E-1 6.69948E-1 6.00954E-1 5.76823E-1 6.66048E-1 6.96548E-1 6.89917E-1 6.68537E-1 6.75421E-1 7.00371E-1 6.92345E-1 7.18425E-1 7.3977E-1 -9999 -9999 -9999 -9999 -9999 -9999 -9999 -9999 -9999
7.46639E-1 7.70677E-1 7.73326E-1 7.5092E-1 7.18801E-1 6.66547E-1 6.37284E-1 6.42619E-1 6.9441E-1 7.27732E-1 7.19613E-1 7.07534E-1 7.05636E-1 7.26452E-1 7.42009E-1 7.47211E-1 7.4932E-1 7.66093E-1 7.784E-1 7.49312E-1 7.27557E-1 6.99054E-1 6.96731E-1 7.02227E-1 6.78393E-1 6.424E-1 6.48612E-1 6.43611E-1 6.66196E-1 7.07656E-1 6.95373E-1 6.99452E-1 7.14984E-1 6.70354E-1 6.3771E-1 6.45816E-1 5.33086E-1 4.27448E-1 6.1244E-1 6.54865E-1 6.7604E-1 6.21659E-1 6.1595E-1 6.81798E-1 7.06316E-1 7.15332E-1 7.16021E-1 7.34064E-1 7.50685E-1 7.75864E-1 8.004E-1 7.78864E-1 -9999 -9999 -9999 -9999 -9999 -9999 -9999 -9999 -9999
7.30957E-1 7.35084E-1 7.87876E-1 7.504E-1 6.97064E-1 6.63908E-1 6.2379E-1 6.26604E-1 6.33443E-1 6.32042E-1 6.42988E-1 6.54745E-1 6.70297E-1 6.98319E-1 7.27996E-1 7.16904E-1 7.01051E-1 7.09038E-1 7.11159E-1 6.97244E-1 6.47065E-1 6.63887E-1 6.61424E-1 6.43201E-1 6.37388E-1 6.49548E-1 6.70252E-1 6.79258E-1 6.90738E-1 6.98619E-1 7.01234E-1 7.19128E-1 7.22395E-1 6.77173E-1 6.45245E-1 6.46804E-1 4.35504E-1 4.47555E-1 6.01686E-1 6.89736E-1 6.8833E-1 6.73235E-1 6.59355E-1 6.82924E-1 7.13527E-1 7.38544E-1 7.46068E-1 7.7917E-1 8.00408E-1 8.25035E-1 8.21546E-1 7.72811E-1 -9999 -9999 -9999 -9999 -9999 -9999 -9999 -9999 -9999
5.35167E-1 7.31088E-1 7.55642E-1 7.07838E-1 6.582E-1 6.17248E-1 6.19349E-1 6.16986E-1 6.07727E-1 5.84635E-1 5.85065E-1 6.13279E-1 6.32677E-1 6.66846E-1 6.80308E-1 6.86267E-1 6.78596E-1 6.62168E-1 6.70777E-1 6.42557E-1 6.04562E-1 6.39458E-1 6.35046E-1 6.20332E-1 6.06534E-1 6.50792E-1 6.22408E-1 6.71365E-1 6.79955E-1 6.91318E-1 6.95698E-1 7.39471E-1 7.36568E-1 6.89523E-1 6.6199E-1 6.7089E-1 5.72882E-1 5.88192E-1 6.40985E-1 7.00608E-1 7.10604E-1 6.8323E-1 6.77476E-1 6.84167E-1 7.5052E-1 7.71003E-1 7.96162E-1 8.30274E-1 8.54921E-1 8.5147E-1 8.64178E-1 8.31528E-1 -9999 -9999 -9999 -9999 -9999 -9999 -9999 -9999 -9999
7.15874E-1 7.14127E-1 6.7918E-1 6.51631E-1 6.13673E-1 5.67984E-1 5.88433E-1 5.92004E-1 5.85637E-1 5.51809E-1 5.59435E-1 5.63057E-1 6.12201E-1 6.2994E-1 6.47694E-1 6.80039E-1 6.92901E-1 6.92198E-1 6.84314E-1 6.69284E-1 6.38527E-1 6.54032E-1 6.49621E-1 6.36563E-1 6.23989E-1 6.3405E-1 5.88896E-1 6.10989E-1 6.78462E-1 6.82093E-1 6.79685E-1 7.16864E-1 7.1816E-1 6.91727E-1 6.65097E-1 6.51238E-1 6.14358E-1 6.47164E-1 6.9797E-1 7.39932E-1 7.32289E-1 7.11758E-1 6.96688E-1 7.23425E-1 7.87286E-1 8.02589E-1 8.32338E-1 8.56948E-1 8.68935E-1 8.70155E-1 8.57467E-1 8.4038E-1 -9999 -9999 -9999 -9999 -9999 -9999 -9999 -9999 -9999
6.61598E-1 6.83179E-1 6.51636E-1 6.00267E-1 5.58297E-1 5.48689E-1 5.56551E-1 5.3862E-1 5.51195E-1 5.28285E-1 5.34407E-1 5.74118E-1 5.86927E-1 6.05348E-1 6.28802E-1 6.6599E-1 6.96737E-1 6.89089E-1 6.99583E-1 7.06694E-1 6.87465E-1 6.75329E-1 6.70858E-1 6.5306E-1 6.4619E-1 6.04758E-1 5.68845E-1 5.78401E-1 6.46687E-1 6.59686E-1 6.89772E-1 7.1552E-1 7.23446E-1 6.95824E-1 6.87425E-1 6.75978E-1 6.3106E-1 6.59054E-1 7.2649E-1 7.70494E-1 7.71827E-1 7.79086E-1 7.28992E-1 7.61975E-1 8.13396E-1 8.24508E-1 8.4396E-1 8.63103E-1 8.91146E-1 8.87069E-1 -9999 -9999 -9999 -9999 -9999 -9999 -9999 -9999 -9999 -9999 -9999
6.45527E-1 6.3039E-1 6.07406E-1 5.78891E-1 5.5158E-1 5.38233E-1 5.47517E-1 5.19426E-1 5.23237E-1 5.51432E-1 5.4515E-1 5.56855E-1 5.78099E-1 6.02551E-1 6.33229E-1 6.59703E-1 6.94283E-1 7.10477E-1 7.20551E-1 7.33034E-1 7.16071E-1 6.93406E-1 6.78763E-1 6.46023E-1 6.06824E-1 5.87417E-1 5.46916E-1 5.62136E-1 5.97565E-1 6.08107E-1 6.68833E-1 7.8359E-1 7.47749E-1 7.07543E-1 6.96951E-1 6.95863E-1 6.86456E-1 7.2472E-1 8.01235E-1 8.35308E-1 8.23629E-1 8.09372E-1 7.89495E-1 8.03576E-1 8.39882E-1 8.4033E-1 8.46562E-1 8.67958E-1 8.89516E-1 8.78839E-1 8.60388E-1 -9999 -9999 -9999 -9999 -9999 -9999 -9999 -9999 -9999 -9999
6.59092E-1 6.54439E-1 6.20878E-1 6.09378E-1 5.89142E-1 5.44261E-1 5.22481E-1 5.23739E-1 4.92409E-1 5.18755E-1 5.40425E-1 5.59395E-1 5.92156E-1 6.27096E-1 6.64154E-1 6.86979E-1 7.07847E-1 7.23649E-1 7.47679E-1 7.51922E-1 7.23566E-1 7.00519E-1 6.79783E-1 6.74981E-1 6.43128E-1 6.24428E-1 5.99578E-1 5.20501E-1 6.0121E-1 6.94753E-1 7.46588E-1 7.98925E-1 7.55273E-1 7.15902E-1 7.25205E-1 7.2378E-1 7.27783E-1 7.62057E-1 8.40307E-1 8.69774E-1 8.50651E-1 8.16823E-1 8.21283E-1 8.20721E-1 8.32474E-1 8.42713E-1 8.46727E-1 8.66632E-1 8.78031E-1 8.77189E-1 8.5774E-1 8.47196E-1 -9999 8.09398E-1 7.71711E-1 -9999 -9999 -9999 -9999 -9999 -9999
6.59158E-1 6.56724E-1 6.06371E-1 6.00914E-1 5.80668E-1 5.53636E-1 5.28594E-1 5.0594E-1 5.09236E-1 5.4662E-1 5.62617E-1 5.73952E-1 5.95507E-1 5.98203E-1 6.50847E-1 6.88966E-1 7.05953E-1 6.96651E-1 7.04258E-1 6.95414E-1 7.04497E-1 6.88194E-1 6.63559E-1 6.94668E-1 6.63166E-1 6.29276E-1 5.99117E-1 6.07893E-1 6.26277E-1 7.76628E-1 8.1231E-1 8.01827E-1 7.59374E-1 7.17931E-1 7.4294E-1 7.44908E-1 7.82545E-1 8.27249E-1 8.65189E-1 8.75994E-1 8.52505E-1 8.26482E-1 8.2013E-1 8.33786E-1 8.39013E-1 8.51555E-1 8.71064E-1 8.77075E-1 8.83414E-1 8.73857E-1 8.54452E-1 8.42887E-1 -9999 -9999 7.37722E-1 7.0856E-1 -9999 -9999 -9999 -9999 -9999
6.52285E-1 6.30084E-1 5.98757E-1 5.80628E-1 5.77956E-1 5.65418E-1 5.42575E-1 5.20852E-1 5.47898E-1 5.72633E-1 5.68077E-1 5.69515E-1 5.84506E-1 5.93556E-1 6.62114E-1 6.92684E-1 7.16998E-1 7.12479E-1 7.02042E-1 6.85495E-1 6.91314E-1 6.68391E-1 6.46733E-1 6.82768E-1 7.03222E-1 6.8564E-1 6.81865E-1 7.09709E-1 7.52809E-1 7.78559E-1 7.81051E-1 7.93668E-1 7.55305E-1 7.62968E-1 7.85946E-1 7.85229E-1 8.29026E-1 8.74502E-1 8.94064E-1 8.97005E-1 8.62283E-1 8.54167E-1 8.44043E-1 8.46439E-1 8.42434E-1 8.61154E-1 8.72494E-1 8.72811E-1 8.722E-1 8.63967E-1 8.55872E-1 8.4543E-1 8.33888E-1 8.19112E-1 7.89521E-1 7.3948E-1 -9999 -9999 -9999 -9999 -9999
6.45884E-1 6.26591E-1 6.01845E-1 5.97356E-1 6.05903E-1 6.16874E-1 6.08859E-1 6.00967E-1 5.95372E-1 5.91004E-1 6.0941E-1 5.8574E-1 5.83236E-1 6.23782E-1 6.32781E-1 6.48222E-1 6.64286E-1 7.03049E-1 7.26785E-1 7.22692E-1 7.04164E-1 6.82778E-1 6.82682E-1 7.02834E-1 7.30797E-1 7.26337E-1 7.24872E-1 7.46301E-1 7.86362E-1 7.65561E-1 7.84791E-1 8.02077E-1 7.85632E-1 7.99273E-1 8.33782E-1 8.36517E-1 8.64751E-1 8.90451E-1 8.95343E-1 8.95747E-1 8.73231E-1 8.66004E-1 8.7E-1 8.64063E-1 8.55363E-1 8.48317E-1 8.55033E-1 8.48412E-1 8.56506E-1 8.5774E-1 8.3776E-1 8.31362E-1 8.33558E-1 8.30726E-1 8.01277E-1 6.57409E-1 -9999 -9999 -9999 -9999 -9999
6.5809E-1 6.48652E-1 6.39337E-1 6.31431E-1 6.45003E-1 6.5687E-1 6.56864E-1 6.51657E-1 6.51129E-1 6.44231E-1 6.5886E-1 6.5234E-1 6.73678E-1 6.97116E-1 6.86177E-1 6.6603E-1 6.24824E-1 6.09464E-1 6.74504E-1 7.15424E-1 7.32009E-1 7.06946E-1 6.83068E-1 7.25469E-1 7.27044E-1 7.44748E-1 7.64116E-1 7.82116E-1 7.84607E-1 7.85012E-1 8.22323E-1 8.339E-1 8.22343E-1 8.38412E-1 8.58514E-1 8.64116E-1 8.81194E-1 8.93909E-1 8.95439E-1 8.87448E-1 8.84727E-1 8.82223E-1 8.7759E-1 8.71604E-1 8.64562E-1 8.48805E-1 8.40118E-1 8.4358E-1 8.44583E-1 7.89543E-1 8.05226E-1 8.32161E-1 7.77004E-1 5.4653E-1 6.39644E-1 -9999 -9999 -9999 -9999 -9999 -9999
6.89187E-1 6.75654E-1 6.68044E-1 6.70245E-1 6.74472E-1 6.58899E-1 6.79569E-1 6.94862E-1 6.8305E-1 7.10809E-1 7.17317E-1 7.47315E-1 7.61638E-1 7.7322E-1 7.56934E-1 7.16736E-1 6.94035E-1 6.9116E-1 7.13539E-1 7.47962E-1 7.07865E-1 6.60704E-1 6.74704E-1 7.10313E-1 7.26192E-1 7.62085E-1 7.78654E-1 7.86937E-1 7.96028E-1 8.14965E-1 8.26526E-1 8.4199E-1 8.24803E-1 8.48068E-1 8.64092E-1 8.7332E-1 8.89113E-1 9.04135E-1 9.03177E-1 8.92317E-1 8.81506E-1 8.7445E-1 8.69167E-1 8.51842E-1 8.65173E-1 8.17558E-1 -9999 -9999 -9999 -9999 7.82757E-1 -9999 -9999 7.02095E-1 7.47766E-1 7.49104E-1 -9999 -9999 -9999 -9999 -9999
7.10812E-1 7.06059E-1 7.01117E-1 6.93312E-1 7.00802E-1 7.06658E-1 7.19802E-1 7.04387E-1 7.45773E-1 7.65556E-1 7.55019E-1 7.34528E-1 7.54312E-1 7.88323E-1 7.56216E-1 7.56537E-1 7.45289E-1 7.55111E-1 7.39773E-1 6.93112E-1 6.73378E-1 6.72849E-1 6.9953E-1 7.63472E-1 7.88847E-1 7.86623E-1 7.83432E-1 8.02175E-1 8.22054E-1 8.44593E-1 8.37033E-1 8.60587E-1 8.5159E-1 8.60075E-1 8.66459E-1 8.78975E-1 8.73196E-1 -9999 -9999 8.62534E-1 8.56574E-1 8.416E-1 8.34046E-1 8.21416E-1 -9999 8.38046E-1 -9999 -9999 -9999 -9999 -9999 -9999 -9999 -9999 -9999 -9999 -9999 -9999 -9999 -9999 -9999
7.25988E-1 7.19678E-1 7.19673E-1 7.27269E-1 7.28988E-1 7.22004E-1 7.31299E-1 7.72024E-1 7.78653E-1 7.59398E-1 7.51159E-1 7.62915E-1 7.95241E-1 7.87888E-1 7.92247E-1 7.75387E-1 7.48925E-1 7.38224E-1 7.14174E-1 7.07939E-1 7.28249E-1 7.51217E-1 7.67889E-1 7.92633E-1 8.03463E-1 7.94417E-1 7.98719E-1 8.30724E-1 8.42778E-1 8.45933E-1 8.50583E-1 8.72188E-1 8.63208E-1 8.67187E-1 8.64317E-1 8.73113E-1 8.74079E-1 8.78607E-1 8.68856E-1 8.51846E-1 8.42652E-1 8.54096E-1 8.50292E-1 -9999 -9999 -9999 -9999 -9999 -9999 -9999 -9999 -9999 -9999 -9999 -9999 -9999 -9999 -9999 -9999 -9999 -9999
7.33512E-1 7.29617E-1 7.35473E-1 7.41515E-1 7.39174E-1 7.64604E-1 7.8957E-1 7.96454E-1 7.8835E-1 7.82414E-1 7.91988E-1 8.07859E-1 8.14464E-1 8.09107E-1 8.03788E-1 7.85153E-1 7.61161E-1 7.60671E-1 7.7075E-1 7.90415E-1 7.97338E-1 7.95581E-1 7.9186E-1 7.82835E-1 8.13159E-1 8.11788E-1 8.04033E-1 8.16745E-1 8.3138E-1 8.51269E-1 8.5915E-1 8.61944E-1 8.58577E-1 8.41345E-1 8.61006E-1 8.64075E-1 8.65841E-1 8.65144E-1 8.59868E-1 8.3792E-1 -9999 -9999 -9999 -9999 -9999 -9999 -9999 -9999 -9999 -9999 -9999 -9999 -9999 -9999 -9999 -9999 -9999 -9999 -9999 -9999 -9999
7.55009E-1 7.47531E-1 7.40908E-1 7.54428E-1 7.79076E-1 8.10823E-1 8.20182E-1 8.26538E-1 8.22755E-1 8.11534E-1 8.07286E-1 8.17916E-1 8.18893E-1 8.21159E-1 8.14081E-1 8.06678E-1 8.06138E-1 8.1537E-1 8.14137E-1 8.10451E-1 8.01387E-1 7.99281E-1 8.16929E-1 8.17379E-1 8.12931E-1 8.12394E-1 7.8709E-1 8.02844E-1 8.24525E-1 8.46998E-1 8.56379E-1 8.55121E-1 8.45698E-1 8.30833E-1 8.38292E-1 8.07652E-1 6.60953E-1 -9999 -9999 -9999 -9999 -9999 -9999 -9999 -9999 -9999 -9999 -9999 -9999 -9999 -9999 -9999 -9999 -9999 -9999 -9999 -9999 -9999 -9999 -9999 -9999
