data/maxent/outputs/white_280.asc
ncols         426
nrows         180
xllcorner     -130.0
yllcorner     24.0
cellsize      0.16666666666666666
NODATA_value  -9999
[rows 135 to 161 of 180, columns 183 to 243 of 426]
3.86798E-1 4.17623E-1 4.21586E-1 4.31106E-1 4.69381E-1 5.09688E-1 5.01104E-1 4.95872E-1 5.43981E-1 5.57749E-1 5.91197E-1 6.21331E-1 6.5581E-1 6.90067E-1 6.82463E-1 6.93351E-1 6.81295E-1 6.7033E-1 6.96787E-1 6.807E-1 6.79611E-1 7.45535E-1 7.68402E-1 7.94415E-1 7.95972E-1 8.15945E-1 8.09755E-1 7.91271E-1 7.9775E-1 7.64907E-1 7.49381E-1 6.95176E-1 6.47327E-1 6.59498E-1 7.93333E-1 7.36574E-1 6.70445E-1 6.63645E-1 6.58357E-1 6.61267E-1 6.85973E-1 6.81647E-1 7.14113E-1 6.96987E-1 7.25608E-1 7.02228E-1 6.69394E-1 6.58014E-1 6.41938E-1 5.77405E-1 5.72287E-1 5.95023E-1 5.82865E-1 5.62813E-1 5.4694E-1 5.28996E-1 5.29492E-1 5.2767E-1 5.49686E-1 5.64768E-1 5.7973E-1
3.8694E-1 4.03624E-1 4.0922E-1 4.19938E-1 4.39078E-1 4.75841E-1 5.20995E-1 5.15615E-1 5.49701E-1 5.92114E-1 6.3833E-1 6.99688E-1 7.07932E-1 6.86288E-1 7.04765E-1 7.1689E-1 7.15173E-1 7.18935E-1 7.01097E-1 6.96967E-1 7.24401E-1 7.54222E-1 7.70179E-1 8.01959E-1 8.01119E-1 8.12081E-1 7.97691E-1 8.01082E-1 7.8653E-1 7.42764E-1 7.91239E-1 8.00485E-1 7.02151E-1 6.81433E-1 7.59493E-1 7.93467E-1 7.11899E-1 6.7047E-1 6.6132E-1 6.67057E-1 7.00617E-1 7.4394E-1 7.2583E-1 6.95375E-1 7.0284E-1 7.11189E-1 6.99194E-1 7.26112E-1 6.93031E-1 6.32802E-1 6.34371E-1 6.24281E-1 6.03558E-1 6.04005E-1 5.98065E-1 5.674E-1 5.57785E-1 5.61489E-1 5.76089E-1 5.86223E-1 6.04995E-1
3.66805E-1 3.74998E-1 4.07461E-1 4.56006E-1 4.8181E-1 4.91431E-1 5.38304E-1 5.35572E-1 5.63854E-1 6.38063E-1 6.64719E-1 7.29756E-1 7.1608E-1 6.95165E-1 7.20082E-1 7.29831E-1 7.41684E-1 7.36752E-1 7.28275E-1 7.31318E-1 7.20484E-1 7.34527E-1 7.54642E-1 7.94846E-1 8.04755E-1 7.91992E-1 7.79613E-1 7.64142E-1 7.61238E-1 7.31057E-1 6.94522E-1 7.41047E-1 7.88367E-1 6.94444E-1 7.04554E-1 7.10442E-1 7.01758E-1 7.01021E-1 7.2627E-1 6.82255E-1 6.73206E-1 7.50986E-1 7.4762E-1 7.46999E-1 7.22073E-1 7.30024E-1 7.57526E-1 7.92639E-1 7.31628E-1 6.73881E-1 6.55166E-1 6.33409E-1 6.36269E-1 6.196E-1 6.13314E-1 5.95266E-1 5.88383E-1 5.89294E-1 6.12278E-1 6.22205E-1 6.14054E-1
3.65483E-1 3.85752E-1 4.11981E-1 4.41677E-1 4.54707E-1 5.10567E-1 5.78926E-1 5.84811E-1 5.90229E-1 6.38633E-1 6.87641E-1 6.69474E-1 6.73642E-1 7.14173E-1 7.47659E-1 7.58926E-1 7.59935E-1 7.51106E-1 7.38926E-1 7.32619E-1 7.21718E-1 7.15841E-1 7.60744E-1 7.84303E-1 8.0117E-1 8.12287E-1 7.34581E-1 7.29837E-1 7.33493E-1 7.02997E-1 6.84294E-1 6.66616E-1 6.78664E-1 6.82907E-1 7.09001E-1 7.19062E-1 7.22092E-1 7.00564E-1 7.041E-1 6.76728E-1 6.81438E-1 7.45697E-1 7.77351E-1 7.71376E-1 7.66784E-1 7.96471E-1 8.216E-1 8.51372E-1 8.02148E-1 7.47973E-1 7.05257E-1 6.77751E-1 6.51934E-1 6.3206E-1 6.31116E-1 6.26904E-1 6.2144E-1 6.29263E-1 6.60867E-1 6.54804E-1 6.37854E-1
3.62565E-1 3.7451E-1 3.93677E-1 4.29082E-1 4.64634E-1 5.12693E-1 6.05974E-1 6.16072E-1 6.22278E-1 6.45603E-1 6.88054E-1 6.61657E-1 7.04005E-1 7.34541E-1 7.61078E-1 7.8547E-1 7.78919E-1 7.59265E-1 7.64865E-1 7.43233E-1 7.42253E-1 7.40655E-1 7.59135E-1 7.93441E-1 7.89263E-1 7.96542E-1 8.76712E-1 7.21039E-1 6.98737E-1 6.73072E-1 6.65155E-1 6.76414E-1 6.96959E-1 7.13584E-1 7.25978E-1 7.45077E-1 7.61559E-1 7.52588E-1 7.59463E-1 7.28491E-1 7.46262E-1 7.80703E-1 8.22517E-1 8.33834E-1 8.26746E-1 8.49598E-1 8.82025E-1 8.85346E-1 8.66475E-1 7.9937E-1 7.45656E-1 7.24386E-1 6.80362E-1 6.60619E-1 6.61956E-1 6.69214E-1 6.74665E-1 6.84375E-1 7.06266E-1 7.06302E-1 6.97071E-1
3.87594E-1 4.23707E-1 4.54965E-1 5.14175E-1 5.55398E-1 5.88083E-1 6.02023E-1 6.22966E-1 6.93575E-1 6.93042E-1 6.97024E-1 6.74891E-1 6.94217E-1 7.20748E-1 7.70304E-1 7.79589E-1 7.80412E-1 7.63559E-1 7.67782E-1 7.64047E-1 7.62433E-1 7.46543E-1 7.82419E-1 8.08661E-1 7.57416E-1 7.25421E-1 7.69187E-1 7.12258E-1 6.98316E-1 6.703E-1 6.66663E-1 6.89815E-1 7.21469E-1 7.15557E-1 7.52874E-1 7.76268E-1 7.90638E-1 8.02518E-1 7.94576E-1 7.96429E-1 8.16307E-1 8.48871E-1 8.9442E-1 8.82039E-1 8.61434E-1 8.91428E-1 9.10958E-1 8.95855E-1 8.73356E-1 8.65969E-1 8.12869E-1 7.68453E-1 7.02682E-1 6.95939E-1 7.13747E-1 7.13159E-1 7.2289E-1 7.25854E-1 7.35545E-1 7.42658E-1 7.38111E-1
4.09175E-1 4.56443E-1 5.05115E-1 5.61051E-1 6.03598E-1 6.25035E-1 6.21064E-1 6.24566E-1 6.93164E-1 7.52683E-1 7.6112E-1 6.8475E-1 6.94703E-1 7.38212E-1 7.60543E-1 7.61954E-1 7.61133E-1 7.66691E-1 7.43244E-1 7.55825E-1 7.47104E-1 7.62518E-1 7.88748E-1 8.72174E-1 7.73311E-1 7.33657E-1 7.56708E-1 7.45021E-1 7.37879E-1 7.04862E-1 7.14879E-1 7.24408E-1 7.37516E-1 7.29449E-1 7.76794E-1 7.88567E-1 8.13744E-1 8.36503E-1 8.37971E-1 8.56994E-1 8.66929E-1 8.77423E-1 9.02328E-1 8.8555E-1 8.37177E-1 8.64391E-1 8.96622E-1 8.92549E-1 8.5942E-1 8.77056E-1 8.87193E-1 8.04622E-1 7.30522E-1 7.48336E-1 8.00492E-1 8.08875E-1 8.29736E-1 7.584E-1 7.78252E-1 7.82335E-1 7.99634E-1
4.16668E-1 4.48869E-1 4.87716E-1 5.27081E-1 5.75181E-1 6.20455E-1 6.24448E-1 6.38821E-1 6.7584E-1 7.02553E-1 7.65234E-1 7.12165E-1 6.97904E-1 7.36204E-1 7.36376E-1 7.49822E-1 7.51962E-1 7.8708E-1 7.24477E-1 7.25205E-1 7.41542E-1 7.70922E-1 8.03483E-1 8.3913E-1 8.59317E-1 8.0089E-1 7.94626E-1 7.86203E-1 7.70831E-1 7.543E-1 7.69653E-1 7.88034E-1 7.94466E-1 7.7001E-1 8.05512E-1 8.11589E-1 8.4302E-1 9.00406E-1 8.61974E-1 8.61429E-1 8.68387E-1 8.69939E-1 8.70938E-1 8.4452E-1 8.15779E-1 8.13531E-1 8.54476E-1 8.39248E-1 8.36771E-1 8.41338E-1 8.37282E-1 8.26684E-1 8.12332E-1 8.945E-1 9.27983E-1 8.63217E-1 8.67034E-1 9.19291E-1 9.1503E-1 8.70185E-1 8.75449E-1
4.48459E-1 4.92858E-1 5.40025E-1 5.68424E-1 6.0821E-1 6.46938E-1 6.23193E-1 6.41978E-1 6.77791E-1 6.62762E-1 6.58064E-1 6.96204E-1 6.79116E-1 6.8938E-1 6.88944E-1 7.31868E-1 7.38676E-1 7.00631E-1 6.93622E-1 7.07592E-1 7.31572E-1 7.3965E-1 8.0695E-1 8.74414E-1 8.86876E-1 8.82009E-1 8.56134E-1 8.11007E-1 7.93475E-1 8.10148E-1 8.24127E-1 8.38497E-1 8.86205E-1 8.58154E-1 8.55381E-1 8.6361E-1 8.68807E-1 8.74446E-1 8.47832E-1 8.7883E-1 8.84358E-1 8.66396E-1 8.42624E-1 8.03941E-1 7.65407E-1 7.62893E-1 7.83093E-1 8.29796E-1 8.26593E-1 8.27134E-1 8.23551E-1 8.36616E-1 8.45868E-1 8.55071E-1 9.24457E-1 9.14365E-1 8.81518E-1 9.30993E-1 9.2016E-1 9.13054E-1 8.76521E-1
4.73202E-1 5.26508E-1 5.42624E-1 5.86857E-1 5.84306E-1 6.06445E-1 6.47798E-1 7.08088E-1 6.98983E-1 6.73107E-1 6.48189E-1 6.6174E-1 6.80243E-1 6.70509E-1 6.93941E-1 7.33604E-1 7.43262E-1 6.95754E-1 7.07331E-1 7.19394E-1 7.43027E-1 7.50022E-1 8.09146E-1 8.98322E-1 8.87224E-1 8.83544E-1 8.70327E-1 8.41338E-1 8.51427E-1 8.39064E-1 8.52164E-1 8.6743E-1 8.65819E-1 8.66639E-1 8.31259E-1 8.29401E-1 8.01257E-1 7.77931E-1 8.37388E-1 8.49988E-1 8.00366E-1 8.36836E-1 8.10427E-1 7.67846E-1 7.39553E-1 7.28889E-1 7.18378E-1 7.78996E-1 7.96106E-1 8.32253E-1 8.28297E-1 8.10814E-1 8.32973E-1 8.99122E-1 8.6762E-1 9.06297E-1 9.39059E-1 9.24093E-1 9.18676E-1 9.05641E-1 8.76041E-1
5.38611E-1 5.24598E-1 5.4029E-1 6.29561E-1 6.40486E-1 6.47336E-1 6.97986E-1 7.27298E-1 6.91774E-1 6.61237E-1 6.57151E-1 6.64555E-1 6.73396E-1 7.03308E-1 7.37784E-1 7.09226E-1 7.03487E-1 6.9326E-1 6.92786E-1 7.17695E-1 7.68614E-1 7.8472E-1 8.47464E-1 9.07187E-1 9.0665E-1 8.82271E-1 8.51109E-1 8.60071E-1 8.54093E-1 8.73796E-1 8.74623E-1 8.64229E-1 8.44208E-1 8.21953E-1 8.24459E-1 8.10705E-1 7.78799E-1 8.03038E-1 8.14111E-1 8.08198E-1 8.02167E-1 7.61061E-1 7.56905E-1 7.65761E-1 7.59187E-1 7.53751E-1 7.50655E-1 7.47765E-1 7.63822E-1 7.90206E-1 8.06585E-1 7.92883E-1 7.89869E-1 8.13827E-1 8.33939E-1 8.91592E-1 9.09701E-1 9.0773E-1 8.74321E-1 8.86083E-1 8.41074E-1
5.71689E-1 5.91975E-1 6.32828E-1 6.84916E-1 6.99215E-1 7.71626E-1 7.80849E-1 7.35499E-1 7.1599E-1 7.21961E-1 7.26026E-1 7.04235E-1 7.14221E-1 7.53192E-1 7.44239E-1 7.34771E-1 7.35066E-1 7.1573E-1 7.29621E-1 7.62549E-1 7.68268E-1 7.62714E-1 7.91596E-1 8.32912E-1 8.38811E-1 8.61673E-1 8.45785E-1 7.96182E-1 7.97872E-1 8.08142E-1 7.99566E-1 8.24616E-1 8.21385E-1 -9999 -9999 -9999 -9999 -9999 -9999 7.81464E-1 7.7273E-1 7.81366E-1 7.69077E-1 7.79771E-1 7.76837E-1 7.71527E-1 7.65234E-1 7.77056E-1 7.85729E-1 7.86958E-1 7.98119E-1 8.18442E-1 8.12441E-1 8.21818E-1 8.5115E-1 8.80623E-1 8.35442E-1 8.60167E-1 8.53256E-1 7.77242E-1 7.89866E-1
5.59654E-1 5.89923E-1 6.24693E-1 6.38941E-1 6.90573E-1 7.87075E-1 7.87491E-1 7.41788E-1 7.3351E-1 7.56912E-1 7.32219E-1 7.24883E-1 7.45072E-1 7.62565E-1 7.59214E-1 7.82564E-1 7.74274E-1 7.60878E-1 7.54268E-1 7.59547E-1 7.58522E-1 7.57986E-1 7.40234E-1 7.72487E-1 8.09078E-1 8.53065E-1 8.4597E-1 7.81633E-1 6.68113E-1 6.69139E-1 -9999 -9999 -9999 -9999 -9999 -9999 -9999 -9999 -9999 -9999 -9999 -9999 -9999 -9999 -9999 7.73121E-1 7.719E-1 -9999 7.18005E-1 8.0107E-1 8.09026E-1 8.13475E-1 8.12899E-1 7.69671E-1 7.74477E-1 8.27352E-1 7.52898E-1 7.74E-1 7.71925E-1 7.49719E-1 7.17291E-1
5.76896E-1 6.19537E-1 6.36659E-1 6.41065E-1 6.58089E-1 7.17108E-1 7.45993E-1 7.53118E-1 7.13193E-1 7.29977E-1 7.5216E-1 7.61818E-1 7.59168E-1 7.62746E-1 7.76425E-1 7.95618E-1 7.98623E-1 7.87215E-1 7.82143E-1 7.6496E-1 7.94402E-1 7.94664E-1 7.82233E-1 8.16111E-1 8.23815E-1 8.46735E-1 8.09811E-1 6.63461E-1 6.46308E-1 -9999 -9999 -9999 -9999 -9999 -9999 -9999 -9999 -9999 -9999 -9999 -9999 -9999 -9999 -9999 -9999 -9999 -9999 -9999 6.17106E-1 7.64928E-1 7.64888E-1 7.2337E-1 7.53457E-1 7.24121E-1 7.36827E-1 7.26626E-1 6.61802E-1 6.14436E-1 6.42749E-1 6.03756E-1 6.41587E-1
5.73956E-1 5.92151E-1 6.03243E-1 5.96742E-1 6.33697E-1 6.6891E-1 6.84503E-1 6.90051E-1 6.9773E-1 7.31054E-1 7.66692E-1 7.58779E-1 7.57179E-1 7.77124E-1 7.89294E-1 7.98687E-1 8.10864E-1 8.19648E-1 8.17476E-1 8.15842E-1 8.50904E-1 8.43943E-1 8.54248E-1 8.53832E-1 8.46115E-1 7.99648E-1 6.21193E-1 -9999 -9999 -9999 -9999 -9999 -9999 -9999 -9999 -9999 -9999 -9999 -9999 -9999 -9999 -9999 -9999 -9999 -9999 -9999 -9999 -9999 -9999 -9999 -9999 6.85949E-1 6.56454E-1 5.4729E-1 5.3899E-1 6.89254E-1 6.75158E-1 -9999 -9999 -9999 6.51405E-1
5.79798E-1 5.69923E-1 5.53964E-1 5.61557E-1 5.99248E-1 6.41373E-1 6.71659E-1 7.00189E-1 7.11344E-1 7.30027E-1 7.42036E-1 7.61303E-1 7.6044E-1 7.79946E-1 7.96222E-1 8.15731E-1 8.26755E-1 8.61064E-1 8.66532E-1 8.76653E-1 8.92111E-1 8.87705E-1 8.86295E-1 8.70678E-1 8.43137E-1 7.65202E-1 -9999 -9999 -9999 -9999 -9999 -9999 -9999 -9999 -9999 -9999 -9999 -9999 -9999 -9999 -9999 -9999 -9999 -9999 -9999 -9999 -9999 -9999 -9999 -9999 -9999 -9999 -9999 -9999 -9999 -9999 -9999 -9999 -9999 -9999 6.41694E-1
5.7038E-1 5.60432E-1 5.49781E-1 5.48143E-1 5.68891E-1 6.07266E-1 6.34736E-1 6.87656E-1 7.0644E-1 7.43527E-1 7.50383E-1 7.67244E-1 7.72687E-1 8.03226E-1 8.44144E-1 8.50967E-1 8.61629E-1 9.07719E-1 9.03949E-1 9.0055E-1 9.02222E-1 9.00284E-1 8.59722E-1 8.54903E-1 -9999 -9999 -9999 -9999 -9999 -9999 -9999 -9999 -9999 -9999 -9999 -9999 -9999 -9999 -9999 -9999 -9999 -9999 -9999 -9999 -9999 -9999 -9999 -9999 -9999 -9999 -9999 -9999 -9999 -9999 -9999 -9999 -9999 -9999 -9999 -9999 -9999
5.68017E-1 5.52757E-1 5.35053E-1 5.26725E-1 5.35407E-1 5.88179E-1 6.51173E-1 7.01422E-1 7.20846E-1 7.50629E-1 7.67534E-1 7.80443E-1 7.75489E-1 7.92482E-1 8.49196E-1 8.96697E-1 9.03992E-1 9.18201E-1 8.96344E-1 8.22157E-1 8.3467E-1 7.80957E-1 6.99245E-1 -9999 -9999 -9999 -9999 -9999 -9999 -9999 -9999 -9999 -9999 -9999 -9999 -9999 -9999 -9999 -9999 -9999 -9999 -9999 -9999 -9999 -9999 -9999 -9999 -9999 -9999 -9999 -9999 -9999 -9999 -9999 -9999 -9999 -9999 -9999 -9999 -9999 -9999
5.35445E-1 5.30871E-1 5.18743E-1 5.09851E-1 5.2013E-1 5.68767E-1 6.40971E-1 7.09701E-1 7.27096E-1 7.53611E-1 7.79326E-1 8.08479E-1 8.26121E-1 8.49894E-1 8.86395E-1 9.18633E-1 9.08291E-1 9.17763E-1 8.57232E-1 6.67144E-1 -9999 -9999 -9999 -9999 -9999 -9999 -9999 -9999 -9999 -9999 -9999 -9999 -9999 -9999 -9999 -9999 -9999 -9999 -9999 -9999 -9999 -9999 -9999 -9999 -9999 -9999 -9999 -9999 -9999 -9999 -9999 -9999 -9999 -9999 -9999 -9999 -9999 -9999 -9999 -9999 -9999
5.10507E-1 5.16134E-1 5.19492E-1 5.19918E-1 5.2638E-1 5.76072E-1 6.3879E-1 6.82094E-1 7.22726E-1 7.66457E-1 7.763E-1 8.28043E-1 8.58955E-1 9.0274E-1 9.21081E-1 9.17713E-1 8.62694E-1 7.67835E-1 8.18387E-1 -9999 -9999 -9999 -9999 -9999 -9999 -9999 -9999 -9999 -9999 -9999 -9999 -9999 -9999 -9999 -9999 -9999 -9999 -9999 -9999 -9999 -9999 -9999 -9999 -9999 -9999 -9999 -9999 -9999 -9999 -9999 -9999 -9999 -9999 -9999 -9999 -9999 -9999 -9999 -9999 -9999 -9999
5.11467E-1 5.11526E-1 5.15183E-1 5.21392E-1 5.44824E-1 5.96641E-1 6.32752E-1 6.68057E-1 7.10818E-1 8.07782E-1 7.93589E-1 8.53568E-1 8.99399E-1 9.2778E-1 8.70235E-1 8.37544E-1 8.30212E-1 -9999 -9999 -9999 -9999 -9999 -9999 -9999 -9999 -9999 -9999 -9999 -9999 -9999 -9999 -9999 -9999 -9999 -9999 -9999 -9999 -9999 -9999 -9999 -9999 -9999 -9999 -9999 -9999 -9999 -9999 -9999 -9999 -9999 -9999 -9999 -9999 -9999 -9999 -9999 -9999 -9999 -9999 -9999 -9999
5.20931E-1 5.24118E-1 5.28697E-1 5.36232E-1 5.63021E-1 5.91586E-1 6.18463E-1 6.78434E-1 7.2024E-1 7.56267E-1 8.12761E-1 9.05044E-1 9.19622E-1 9.24425E-1 8.49659E-1 8.02704E-1 -9999 -9999 -9999 -9999 -9999 -9999 -9999 -9999 -9999 -9999 -9999 -9999 -9999 -9999 -9999 -9999 -9999 -9999 -9999 -9999 -9999 -9999 -9999 -9999 -9999 -9999 -9999 -9999 -9999 -9999 -9999 -9999 -9999 -9999 -9999 -9999 -9999 -9999 -9999 -9999 -9999 -9999 -9999 -9999 -9999
5.52482E-1 5.47962E-1 5.59229E-1 5.71874E-1 5.83107E-1 6.01254E-1 6.32515E-1 6.77283E-1 7.25823E-1 7.5234E-1 8.16591E-1 8.94025E-1 9.21841E-1 8.13741E-1 7.40827E-1 -9999 -9999 -9999 -9999 -9999 -9999 -9999 -9999 -9999 -9999 -9999 -9999 -9999 -9999 -9999 -9999 -9999 -9999 -9999 -9999 -9999 -9999 -9999 -9999 -9999 -9999 -9999 -9999 -9999 -9999 -9999 -9999 -9999 -9999 -9999 -9999 -9999 -9999 -9999 -9999 -9999 -9999 -9999 -9999 -9999 -9999
5.91344E-1 5.77281E-1 5.95857E-1 6.09192E-1 5.98217E-1 6.17108E-1 6.46482E-1 6.87917E-1 7.26363E-1 7.66076E-1 8.20261E-1 8.91053E-1 9.15975E-1 8.162E-1 -9999 -9999 -9999 -9999 -9999 -9999 -9999 -9999 -9999 -9999 -9999 -9999 -9999 -9999 -9999 -9999 -9999 -9999 -9999 -9999 -9999 -9999 -9999 -9999 -9999 -9999 -9999 -9999 -9999 -9999 -9999 -9999 -9999 -9999 -9999 -9999 -9999 -9999 -9999 -9999 -9999 -9999 -9999 -9999 -9999 -9999 -9999
5.98148E-1 5.8692E-1 6.19851E-1 6.02916E-1 6.07177E-1 6.29046E-1 6.57709E-1 6.89252E-1 7.23927E-1 7.63424E-1 8.22716E-1 9.02467E-1 9.12219E-1 8.23411E-1 -9999 -9999 -9999 -9999 -9999 -9999 -9999 -9999 -9999 -9999 -9999 -9999 -9999 -9999 -9999 -9999 -9999 -9999 -9999 -9999 -9999 -9999 -9999 -9999 -9999 -9999 -9999 -9999 -9999 -9999 -9999 -9999 -9999 -9999 -9999 -9999 -9999 -9999 -9999 -9999 -9999 -9999 -9999 -9999 -9999 -9999 -9999
5.88955E-1 5.97603E-1 6.23582E-1 6.26261E-1 6.02403E-1 6.1105E-1 6.28742E-1 6.55898E-1 7.25866E-1 7.56211E-1 8.28307E-1 9.07357E-1 8.90793E-1 -9999 -9999 -9999 -9999 -9999 -9999 -9999 -9999 -9999 -9999 -9999 -9999 -9999 -9999 -9999 -9999 -9999 -9999 -9999 -9999 -9999 -9999 -9999 -9999 -9999 -9999 -9999 -9999 -9999 -9999 -9999 -9999 -9999 -9999 -9999 -9999 -9999 -9999 -9999 -9999 -9999 -9999 -9999 -9999 -9999 -9999 -9999 -9999
5.68705E-1 5.65179E-1 6.15281E-1 6.50392E-1 6.12054E-1 6.13627E-1 6.29062E-1 6.88199E-1 6.9198E-1 7.4215E-1 8.17217E-1 9.1119E-1 8.93727E-1 -9999 -9999 -9999 -9999 -9999 -9999 -9999 -9999 -9999 -9999 -9999 -9999 -9999 -9999 -9999 -9999 -9999 -9999 -9999 -9999 -9999 -9999 -9999 -9999 -9999 -9999 -9999 -9999 -9999 -9999 -9999 -9999 -9999 -9999 -9999 -9999 -9999 -9999 -9999 -9999 -9999 -9999 -9999 -9999 -9999 -9999 -9999 -9999
