data/maxent/outputs/white_253.asc
ncols         426
nrows         180
xllcorner     -130.0
yllcorner     24.0
cellsize      0.16666666666666666
NODATA_value  -9999
[rows 0 to 26 of 180, columns 0 to 60 of 426]
2.13579E-1 2.483E-1 2.62559E-1 2.10224E-1 2.02447E-1 1.85275E-1 2.36536E-1 3.23215E-1 2.866E-1 2.61393E-1 2.79138E-1 2.70154E-1 3.22367E-1 3.47794E-1 3.47773E-1 4.58448E-1 4.3701E-1 4.26186E-1 4.17886E-1 3.84354E-1 3.93345E-1 3.71076E-1 3.10479E-1 2.95634E-1 3.07254E-1 3.15796E-1 3.12425E-1 3.11086E-1 3.06781E-1 3.04395E-1 3.10404E-1 3.24758E-1 3.43439E-1 3.3746E-1 3.14687E-1 3.25153E-1 3.08497E-1 3.23113E-1 3.61307E-1 3.70834E-1 3.91571E-1 4.05902E-1 4.27452E-1 4.70073E-1 4.55439E-1 4.29737E-1 4.93214E-1 4.54566E-1 4.6195E-1 4.82481E-1 4.75012E-1 4.4127E-1 3.98155E-1 3.58237E-1 3.55765E-1 3.10126E-1 2.95632E-1 1.97992E-1 2.36387E-1 2.15029E-1 2.32654E-1
2.34817E-1 1.9986E-1 1.81622E-1 2.58366E-1 1.93503E-1 2.14495E-1 2.56815E-1 2.84029E-1 2.1034E-1 2.61177E-1 2.98523E-1 2.63051E-1 2.97564E-1 3.32591E-1 4.26616E-1 3.84249E-1 3.83723E-1 4.4548E-1 4.36972E-1 4.34403E-1 4.06093E-1 3.49551E-1 3.38521E-1 3.09826E-1 3.06597E-1 3.05406E-1 3.08352E-1 3.07103E-1 3.05536E-1 2.98553E-1 2.87722E-1 3.16411E-1 3.28376E-1 3.19627E-1 3.06569E-1 3.09069E-1 3.14046E-1 3.40206E-1 3.58063E-1 3.60913E-1 3.79626E-1 4.04669E-1 4.15144E-1 4.43906E-1 4.41056E-1 3.98157E-1 4.58972E-1 4.45267E-1 4.49415E-1 4.77597E-1 3.88512E-1 4.30397E-1 4.4861E-1 4.45922E-1 4.44676E-1 3.38086E-1 2.86402E-1 2.89728E-1 2.85345E-1 2.58858E-1 2.46854E-1
2.50596E-1 2.22674E-1 2.18102E-1 2.27776E-1 2.24875E-1 2.17777E-1 2.39902E-1 2.4959E-1 1.99447E-1 2.16242E-1 2.23253E-1 2.51092E-1 3.91001E-1 2.88409E-1 3.50454E-1 3.30321E-1 4.33051E-1 4.29006E-1 4.52127E-1 4.49589E-1 3.87083E-1 3.52662E-1 3.66051E-1 3.36788E-1 3.12648E-1 3.17287E-1 3.09476E-1 3.05396E-1 2.99633E-1 2.9196E-1 3.17589E-1 3.14919E-1 2.89133E-1 2.66553E-1 3.00102E-1 2.73203E-1 2.66493E-1 3.07334E-1 3.42397E-1 3.56519E-1 3.75332E-1 3.92159E-1 3.91185E-1 4.55121E-1 4.2305E-1 3.52041E-1 3.74466E-1 4.51025E-1 4.16776E-1 4.32838E-1 4.60335E-1 4.19302E-1 3.68094E-1 3.56166E-1 3.6427E-1 4.31521E-1 4.17284E-1 3.15132E-1 2.9148E-1 2.76074E-1 2.67773E-1
2.74494E-1 2.32867E-1 2.30107E-1 2.27153E-1 2.27361E-1 2.0322E-1 2.02992E-1 2.07322E-1 2.1439E-1 1.76235E-1 1.8222E-1 2.19592E-1 1.9281E-1 2.32124E-1 3.09823E-1 3.71478E-1 4.12642E-1 4.10567E-1 4.22437E-1 4.56498E-1 3.99299E-1 3.30682E-1 3.4925E-1 3.52498E-1 3.42107E-1 3.28486E-1 3.20204E-1 3.08859E-1 2.98226E-1 2.99453E-1 3.04639E-1 2.91826E-1 2.89218E-1 2.4847E-1 2.87602E-1 2.90994E-1 2.92798E-1 3.18126E-1 3.3114E-1 3.48107E-1 3.51903E-1 3.92882E-1 3.95666E-1 4.40406E-1 4.63961E-1 3.89018E-1 3.87487E-1 4.16081E-1 4.33288E-1 4.24706E-1 4.54123E-1 4.5184E-1 3.98679E-1 3.61391E-1 3.50908E-1 3.51782E-1 3.5443E-1 3.97085E-1 3.65099E-1 3.13402E-1 3.11373E-1
3.05928E-1 2.6641E-1 2.22362E-1 2.17547E-1 2.09959E-1 1.883E-1 1.74902E-1 1.75782E-1 1.74276E-1 1.77488E-1 1.91274E-1 1.84465E-1 2.04544E-1 2.45471E-1 2.87617E-1 4.10346E-1 3.92465E-1 3.33116E-1 3.60582E-1 3.95758E-1 4.51659E-1 4.39448E-1 3.98785E-1 3.87055E-1 3.90198E-1 3.66631E-1 3.19928E-1 2.96651E-1 2.86885E-1 2.822E-1 2.77152E-1 2.69485E-1 2.80825E-1 2.31791E-1 2.47422E-1 2.79125E-1 3.00826E-1 2.99729E-1 2.96798E-1 3.4159E-1 3.44845E-1 3.74046E-1 4.13057E-1 4.22954E-1 4.32354E-1 4.28305E-1 3.88422E-1 3.94121E-1 4.12661E-1 4.2271E-1 4.15818E-1 4.67621E-1 4.5559E-1 4.1652E-1 3.97733E-1 3.49476E-1 2.92276E-1 2.88149E-1 3.60903E-1 4.48543E-1 3.91148E-1
2.3751E-1 1.95789E-1 2.11618E-1 2.29692E-1 2.14842E-1 1.74682E-1 1.76973E-1 1.83359E-1 1.6318E-1 1.68323E-1 1.82101E-1 2.06902E-1 2.21757E-1 2.65359E-1 3.5303E-1 3.54701E-1 3.1834E-1 3.38967E-1 2.28783E-1 3.75717E-1 3.42046E-1 4.08771E-1 4.21378E-1 4.11038E-1 4.04336E-1 3.8131E-1 3.29315E-1 2.96344E-1 2.54949E-1 2.43597E-1 2.68743E-1 2.57112E-1 2.6172E-1 2.71655E-1 2.29588E-1 2.23491E-1 2.87395E-1 2.68823E-1 2.94276E-1 3.01172E-1 3.12339E-1 3.48665E-1 3.63633E-1 3.9413E-1 4.76145E-1 4.64687E-1 4.2627E-1 4.06535E-1 4.01621E-1 3.944E-1 3.95682E-1 4.0034E-1 4.49381E-1 4.42823E-1 3.78321E-1 3.8711E-1 3.25365E-1 2.342E-1 3.17382E-1 2.80733E-1 3.79305E-1
-9999 1.31582E-1 1.9953E-1 1.72107E-1 1.83194E-1 1.9283E-1 1.95946E-1 1.63188E-1 1.57143E-1 1.44643E-1 1.70044E-1 1.82579E-1 2.0113E-1 2.33968E-1 2.48604E-1 3.04692E-1 2.57099E-1 3.23442E-1 2.07537E-1 4.00513E-1 3.39636E-1 4.33774E-1 4.57148E-1 4.29088E-1 4.01689E-1 3.81769E-1 3.32924E-1 2.90079E-1 2.5638E-1 2.44374E-1 2.42043E-1 2.50094E-1 2.62149E-1 2.70701E-1 2.49725E-1 2.35827E-1 2.49237E-1 2.73137E-1 2.68564E-1 2.571E-1 3.0324E-1 3.23363E-1 3.40554E-1 3.71366E-1 4.3397E-1 5.00039E-1 4.51762E-1 4.20223E-1 3.87154E-1 3.88812E-1 3.98052E-1 4.02499E-1 4.51757E-1 4.51511E-1 4.35588E-1 3.8375E-1 3.44345E-1 2.90894E-1 2.00807E-1 1.67536E-1 2.93392E-1
-9999 -9999 -9999 1.20659E-1 2.35801E-1 2.11604E-1 2.11569E-1 1.64461E-1 1.47632E-1 1.43888E-1 1.4728E-1 1.69317E-1 1.93172E-1 1.89092E-1 2.09836E-1 2.58468E-1 2.53652E-1 2.55184E-1 3.04518E-1 2.85945E-1 3.84094E-1 4.66353E-1 4.83583E-1 4.19765E-1 3.62549E-1 3.34714E-1 3.50477E-1 3.21445E-1 2.918E-1 2.78972E-1 2.79852E-1 2.67268E-1 2.46924E-1 2.43834E-1 2.48499E-1 2.18472E-1 2.23373E-1 2.3823E-1 2.49011E-1 2.38206E-1 2.37585E-1 2.56619E-1 2.94245E-1 3.36254E-1 4.22977E-1 4.90235E-1 4.08898E-1 4.34505E-1 3.81525E-1 3.82591E-1 3.92838E-1 4.35145E-1 4.41171E-1 4.5283E-1 4.73403E-1 4.55101E-1 2.81119E-1 3.35817E-1 2.74665E-1 2.31031E-1 2.41814E-1
-9999 -9999 -9999 8.65402E-2 1.86618E-1 2.45842E-1 2.64215E-1 1.733E-1 1.81056E-1 1.43168E-1 1.52633E-1 1.66366E-1 1.86102E-1 2.13875E-1 1.86921E-1 2.18192E-1 2.38286E-1 2.50016E-1 2.63861E-1 2.77451E-1 3.37511E-1 3.99987E-1 4.03449E-1 3.47563E-1 3.33535E-1 3.36723E-1 3.29647E-1 2.59546E-1 2.36314E-1 2.1216E-1 2.48114E-1 2.59508E-1 2.08639E-1 1.89759E-1 1.81072E-1 1.65702E-1 1.9152E-1 1.88765E-1 1.71785E-1 1.76824E-1 1.88002E-1 2.27247E-1 2.19961E-1 2.85796E-1 3.9879E-1 4.71226E-1 3.86209E-1 4.22894E-1 4.44108E-1 4.26244E-1 4.40174E-1 4.24865E-1 4.55898E-1 4.84948E-1 5.0002E-1 4.63282E-1 4.62973E-1 4.66836E-1 4.00737E-1 2.49223E-1 1.67275E-1
-9999 -9999 -9999 -9999 -9999 1.14732E-1 1.79339E-1 1.96683E-1 1.966E-1 1.62471E-1 1.64516E-1 1.6239E-1 1.59166E-1 1.67926E-1 1.84944E-1 1.79818E-1 2.2587E-1 2.54882E-1 2.82582E-1 3.20542E-1 4.28312E-1 4.95481E-1 4.55614E-1 4.57952E-1 4.30221E-1 4.15817E-1 3.8049E-1 2.93419E-1 2.16229E-1 1.84887E-1 1.97704E-1 2.46806E-1 1.81734E-1 1.42224E-1 1.32938E-1 9.78149E-2 1.295E-1 1.46506E-1 1.31436E-1 1.49552E-1 1.63649E-1 1.90001E-1 2.15949E-1 2.4641E-1 3.16074E-1 4.09462E-1 4.02536E-1 3.92858E-1 4.12151E-1 4.33425E-1 4.46965E-1 4.7411E-1 4.59868E-1 4.59766E-1 4.88837E-1 4.84075E-1 2.61695E-1 3.46295E-1 4.27604E-1 3.36061E-1 3.35579E-1
-9999 -9999 -9999 -9999 -9999 -9999 -9999 2.27364E-1 2.33792E-1 1.73522E-1 1.88499E-1 1.69737E-1 1.61815E-1 1.67981E-1 1.83274E-1 1.99712E-1 1.8294E-1 1.7649E-1 2.78473E-1 2.31423E-1 2.66856E-1 3.91424E-1 2.70095E-1 4.10851E-1 3.61465E-1 4.28695E-1 3.60664E-1 3.60164E-1 2.74413E-1 1.80512E-1 1.8429E-1 2.4565E-1 1.95936E-1 1.33104E-1 1.15973E-1 1.18311E-1 8.90332E-2 9.67984E-2 1.42124E-1 1.05523E-1 1.38622E-1 1.93521E-1 1.8919E-1 2.02957E-1 2.57697E-1 3.24072E-1 4.12146E-1 3.86061E-1 3.84988E-1 3.88525E-1 3.92068E-1 4.14363E-1 4.16939E-1 4.64352E-1 4.66356E-1 4.99797E-1 3.47018E-1 2.80651E-1 4.9409E-1 2.95891E-1 2.46568E-1
-9999 -9999 -9999 -9999 -9999 -9999 -9999 -9999 1.08791E-1 1.45162E-1 1.47597E-1 1.92448E-1 1.86698E-1 1.87792E-1 1.81842E-1 1.84506E-1 2.46751E-1 2.56796E-1 2.06951E-1 2.38178E-1 3.68445E-1 3.04367E-1 1.87099E-1 2.68313E-1 4.0549E-1 3.81895E-1 3.55502E-1 3.62034E-1 3.5733E-1 2.16773E-1 1.62508E-1 1.73966E-1 1.72474E-1 1.36317E-1 1.21666E-1 1.5246E-1 1.13499E-1 9.27875E-2 1.26293E-1 1.0828E-1 1.47794E-1 1.78152E-1 1.9597E-1 2.14511E-1 2.85907E-1 2.9448E-1 3.81228E-1 3.89032E-1 4.17319E-1 3.92826E-1 3.65058E-1 3.96776E-1 4.07597E-1 4.76399E-1 4.61714E-1 4.84014E-1 4.65028E-1 3.57286E-1 4.8528E-1 4.56255E-1 3.81583E-1
-9999 -9999 -9999 -9999 -9999 -9999 -9999 -9999 -9999 1.0871E-1 1.30235E-1 2.06659E-1 1.82774E-1 1.86859E-1 2.05667E-1 1.7776E-1 2.49938E-1 2.63542E-1 2.45804E-1 2.75312E-1 2.99887E-1 3.51106E-1 4.21165E-1 2.6238E-1 1.86034E-1 4.09102E-1 3.41005E-1 3.30828E-1 3.72751E-1 3.48074E-1 2.37433E-1 2.00941E-1 1.54486E-1 1.86609E-1 2.17673E-1 1.63055E-1 1.43795E-1 1.5091E-1 1.29294E-1 1.28123E-1 1.54886E-1 1.82162E-1 1.97324E-1 2.16952E-1 2.74915E-1 3.2351E-1 3.51791E-1 3.40545E-1 3.69781E-1 3.93341E-1 3.92552E-1 3.89755E-1 3.97798E-1 4.18259E-1 4.30054E-1 4.44031E-1 4.4349E-1 4.65224E-1 4.73057E-1 5.23078E-1 3.12355E-1
-9999 -9999 -9999 -9999 -9999 -9999 -9999 -9999 -9999 -9999 1.18417E-1 1.58584E-1 1.87898E-1 2.30491E-1 2.03456E-1 2.05318E-1 2.2478E-1 2.84262E-1 3.53219E-1 3.16452E-1 4.28666E-1 3.86205E-1 4.14002E-1 3.94557E-1 2.60685E-1 3.86493E-1 4.58067E-1 3.89181E-1 3.47049E-1 3.06042E-1 3.47368E-1 3.34595E-1 3.29848E-1 2.63158E-1 2.65795E-1 2.15847E-1 1.95526E-1 1.76832E-1 1.86141E-1 1.79935E-1 1.74128E-1 1.54485E-1 1.45007E-1 1.82003E-1 2.74989E-1 3.45431E-1 3.53178E-1 3.41947E-1 3.47E-1 3.51397E-1 3.57182E-1 3.76363E-1 3.98948E-1 4.12989E-1 4.13198E-1 4.13188E-1 4.4277E-1 4.67139E-1 4.48233E-1 4.80542E-1 3.42792E-1
-9999 -9999 -9999 -9999 -9999 -9999 -9999 -9999 -9999 -9999 -9999 2.4953E-1 2.20118E-1 2.13571E-1 2.27518E-1 2.08693E-1 1.98163E-1 2.41596E-1 2.97627E-1 3.57798E-1 3.75976E-1 4.58565E-1 4.33596E-1 2.54493E-1 2.49054E-1 3.60673E-1 4.86175E-1 3.75649E-1 2.10821E-1 3.48934E-1 2.83992E-1 2.1912E-1 2.80672E-1 4.04115E-1 3.5449E-1 3.22811E-1 3.00706E-1 2.5284E-1 2.62131E-1 2.90891E-1 2.53991E-1 2.19765E-1 2.91174E-1 2.94586E-1 3.01977E-1 3.39513E-1 3.91239E-1 3.63471E-1 3.09076E-1 3.16099E-1 3.37656E-1 3.56779E-1 3.59858E-1 3.8665E-1 3.86998E-1 3.95142E-1 4.43962E-1 4.63983E-1 4.5822E-1 5.27668E-1 4.64285E-1
-9999 -9999 -9999 -9999 -9999 -9999 -9999 -9999 -9999 -9999 -9999 2.52975E-1 2.36205E-1 2.13736E-1 2.6652E-1 2.50522E-1 2.61347E-1 2.61892E-1 2.37793E-1 2.89382E-1 3.0889E-1 3.97524E-1 3.43951E-1 2.83126E-1 3.87244E-1 4.6675E-1 3.98701E-1 1.71006E-1 1.18668E-1 3.31015E-1 3.8687E-1 3.59571E-1 3.68499E-1 4.01312E-1 3.57536E-1 4.139E-1 3.39641E-1 3.45907E-1 3.27545E-1 3.31385E-1 2.99632E-1 2.96642E-1 3.24406E-1 3.1466E-1 3.31643E-1 3.49909E-1 3.89168E-1 3.59487E-1 3.20283E-1 2.87451E-1 2.91099E-1 3.13165E-1 3.37857E-1 3.79173E-1 3.79262E-1 3.84576E-1 3.89946E-1 4.23074E-1 4.89502E-1 4.51152E-1 3.55744E-1
-9999 -9999 -9999 -9999 -9999 -9999 -9999 -9999 -9999 -9999 -9999 -9999 -9999 2.57512E-1 3.22179E-1 3.23929E-1 3.07533E-1 3.03962E-1 2.27422E-1 2.45978E-1 3.29971E-1 3.77903E-1 4.63789E-1 4.5772E-1 3.21329E-1 4.02191E-1 4.53699E-1 2.85325E-1 1.91264E-1 4.38155E-1 4.89249E-1 2.92725E-1 1.48221E-1 1.89186E-1 2.49046E-1 4.38098E-1 3.6928E-1 3.39712E-1 3.78842E-1 2.85497E-1 3.17521E-1 3.48735E-1 3.81427E-1 3.56215E-1 3.72475E-1 3.60124E-1 3.66872E-1 3.83318E-1 3.67119E-1 3.46299E-1 2.93885E-1 2.93422E-1 3.22662E-1 3.64098E-1 3.79276E-1 3.78494E-1 3.81955E-1 4.10677E-1 4.46288E-1 5.17224E-1 4.77935E-1
-9999 -9999 -9999 -9999 -9999 -9999 -9999 -9999 -9999 -9999 -9999 -9999 -9999 2.80736E-1 3.24928E-1 3.41675E-1 3.30079E-1 3.18802E-1 3.26564E-1 3.21949E-1 2.97713E-1 3.36279E-1 3.41236E-1 4.70393E-1 4.00874E-1 3.40602E-1 3.48751E-1 2.65942E-1 1.75017E-1 4.10364E-1 4.24853E-1 3.16846E-1 1.3073E-1 2.23234E-1 2.60154E-1 3.51881E-1 2.83181E-1 1.55476E-1 3.31293E-1 2.66563E-1 1.90337E-1 3.17977E-1 4.00149E-1 4.10663E-1 4.07117E-1 4.36742E-1 4.18094E-1 3.6745E-1 3.7442E-1 3.6446E-1 3.50595E-1 3.13651E-1 3.57985E-1 3.73102E-1 3.74194E-1 3.78478E-1 3.89589E-1 4.2934E-1 4.61427E-1 5.00461E-1 4.36503E-1
-9999 -9999 -9999 -9999 -9999 8.89554E-2 -9999 -9999 -9999 -9999 1.77424E-1 2.74466E-1 2.48054E-1 2.42773E-1 2.31042E-1 3.25203E-1 3.58127E-1 3.49316E-1 3.55538E-1 3.68908E-1 3.76204E-1 3.30992E-1 3.39073E-1 3.57131E-1 3.95669E-1 3.1575E-1 2.54941E-1 3.3656E-1 3.0583E-1 2.93045E-1 3.2926E-1 3.33913E-1 3.02405E-1 4.44133E-1 2.54481E-1 3.38666E-1 2.35982E-1 1.02868E-1 2.21134E-1 3.36587E-1 2.71632E-1 3.0903E-1 3.94355E-1 4.19725E-1 4.02613E-1 4.44667E-1 4.4098E-1 4.20313E-1 3.62879E-1 3.59995E-1 3.50989E-1 3.31005E-1 3.53876E-1 3.65321E-1 3.85459E-1 3.88853E-1 4.09695E-1 3.91626E-1 4.9361E-1 4.23408E-1 4.26566E-1
-9999 -9999 -9999 -9999 -9999 -9999 8.38704E-2 1.66072E-1 1.30072E-1 1.59089E-1 1.9968E-1 3.45078E-1 3.72022E-1 3.88793E-1 4.32636E-1 4.05349E-1 4.24969E-1 2.89104E-1 2.97685E-1 3.56657E-1 3.56371E-1 4.27458E-1 4.06665E-1 3.39039E-1 3.83472E-1 3.20611E-1 2.8864E-1 3.43412E-1 4.03642E-1 3.25242E-1 3.41389E-1 3.04194E-1 3.61625E-1 2.62534E-1 3.82452E-1 2.36214E-1 3.11692E-1 2.08937E-1 3.91165E-1 3.11601E-1 3.01824E-1 2.91788E-1 3.87518E-1 3.4754E-1 2.80954E-1 4.00649E-1 4.67162E-1 4.55423E-1 4.44044E-1 4.04968E-1 3.4933E-1 3.47496E-1 3.02267E-1 3.41075E-1 3.5373E-1 3.62717E-1 3.88878E-1 4.09477E-1 4.6441E-1 4.57464E-1 4.56404E-1
-9999 -9999 -9999 -9999 -9999 -9999 -9999 -9999 -9999 -9999 2.07038E-1 3.43149E-1 3.52176E-1 4.2291E-1 4.38102E-1 4.87328E-1 4.66819E-1 4.26471E-1 4.0806E-1 2.86773E-1 3.1693E-1 4.12486E-1 3.97002E-1 4.10983E-1 4.28191E-1 4.23808E-1 3.86832E-1 3.84856E-1 3.55484E-1 3.25788E-1 2.8765E-1 3.13498E-1 4.07757E-1 4.39029E-1 4.69356E-1 5.17754E-1 3.53264E-1 2.23472E-1 3.67306E-1 4.50979E-1 4.42523E-1 4.44346E-1 3.671E-1 3.81779E-1 4.12605E-1 4.89485E-1 2.82796E-1 4.14751E-1 4.2332E-1 4.59199E-1 4.1611E-1 3.53768E-1 3.53752E-1 3.54983E-1 3.37595E-1 3.54152E-1 3.82089E-1 3.90962E-1 4.13712E-1 4.51916E-1 4.68507E-1
-9999 -9999 -9999 -9999 -9999 -9999 -9999 -9999 -9999 -9999 -9999 2.52538E-1 2.52239E-1 3.81504E-1 3.25991E-1 4.43312E-1 3.72763E-1 3.64722E-1 4.48771E-1 3.50291E-1 2.73189E-1 3.13267E-1 4.00625E-1 4.15008E-1 4.05394E-1 4.10077E-1 3.98328E-1 4.04851E-1 3.91558E-1 3.60909E-1 3.02168E-1 3.22195E-1 3.21791E-1 3.07376E-1 3.56917E-1 4.6035E-1 2.63524E-1 3.11248E-1 4.79766E-1 2.0577E-1 3.11462E-1 4.23608E-1 5.27348E-1 5.31708E-1 4.41631E-1 3.82977E-1 3.62211E-1 2.78542E-1 2.98112E-1 4.697E-1 4.53841E-1 4.11972E-1 3.79143E-1 3.77293E-1 3.33814E-1 3.40536E-1 3.71413E-1 3.53613E-1 3.64423E-1 3.98838E-1 4.23171E-1
-9999 -9999 -9999 -9999 -9999 -9999 -9999 -9999 -9999 -9999 -9999 -9999 2.05211E-1 2.75235E-1 3.52702E-1 3.78957E-1 3.46852E-1 4.2193E-1 5.26897E-1 5.25847E-1 4.93317E-1 4.72775E-1 3.64416E-1 4.47694E-1 5.27156E-1 5.78264E-1 5.90491E-1 4.50263E-1 4.61703E-1 4.27326E-1 3.79069E-1 3.39765E-1 3.16268E-1 3.83568E-1 4.13266E-1 3.8014E-1 3.1604E-1 3.68175E-1 5.11913E-1 4.10248E-1 4.05302E-1 4.68933E-1 5.41034E-1 4.79677E-1 5.43823E-1 4.34764E-1 3.14258E-1 4.1952E-1 3.57768E-1 3.64261E-1 6.10109E-1 5.29513E-1 4.42549E-1 4.12945E-1 3.50921E-1 3.48761E-1 3.45691E-1 3.13422E-1 3.57646E-1 3.55113E-1 4.01218E-1
-9999 -9999 -9999 -9999 -9999 -9999 -9999 -9999 -9999 -9999 -9999 -9999 2.07067E-1 2.70487E-1 3.00439E-1 3.81201E-1 3.95615E-1 4.14949E-1 4.59206E-1 3.75143E-1 3.66318E-1 5.48456E-1 4.09866E-1 4.81923E-1 4.98932E-1 6.64166E-1 7.02606E-1 6.02223E-1 5.44575E-1 4.26733E-1 4.61887E-1 3.73963E-1 4.1659E-1 4.82916E-1 4.17198E-1 3.27282E-1 3.31778E-1 3.39685E-1 3.25244E-1 4.51706E-1 4.39957E-1 5.51022E-1 4.87153E-1 2.92123E-1 5.602E-1 5.00859E-1 3.89176E-1 4.15486E-1 2.94247E-1 4.43472E-1 5.61459E-1 4.50828E-1 3.94505E-1 4.8085E-1 4.24814E-1 3.82314E-1 3.45592E-1 3.50614E-1 3.62787E-1 3.87887E-1 4.10586E-1
-9999 -9999 -9999 -9999 -9999 -9999 -9999 -9999 -9999 -9999 -9999 -9999 -9999 -9999 -9999 2.64114E-1 3.1145E-1 3.94915E-1 4.26286E-1 3.98142E-1 3.84718E-1 3.62055E-1 4.81208E-1 4.8794E-1 4.12385E-1 5.01565E-1 6.93996E-1 6.92379E-1 6.99493E-1 6.49024E-1 3.8393E-1 4.29605E-1 4.54272E-1 4.79652E-1 5.07828E-1 3.7691E-1 3.62636E-1 3.11562E-1 3.73517E-1 4.14345E-1 5.29825E-1 3.75883E-1 3.30455E-1 3.77341E-1 4.34516E-1 5.83884E-1 4.9432E-1 4.69463E-1 5.15671E-1 4.77339E-1 4.49335E-1 5.50766E-1 4.11184E-1 4.94213E-1 4.93522E-1 4.23143E-1 3.61732E-1 3.89635E-1 4.08417E-1 3.97039E-1 4.14251E-1
-9999 -9999 -9999 -9999 -9999 -9999 -9999 -9999 -9999 -9999 -9999 -9999 -9999 -9999 -9999 -9999 -9999 4.10596E-1 3.35965E-1 4.26025E-1 4.07521E-1 4.54358E-1 4.43247E-1 4.97978E-1 3.94123E-1 3.51159E-1 5.17076E-1 4.44648E-1 5.12801E-1 7.15254E-1 6.84122E-1 -9999 5.51487E-1 5.53654E-1 4.47151E-1 3.80309E-1 4.1506E-1 3.23561E-1 3.53782E-1 3.639E-1 3.30985E-1 4.97758E-1 3.79858E-1 5.03576E-1 3.87607E-1 4.86828E-1 5.87335E-1 6.04191E-1 4.89874E-1 4.69489E-1 4.81081E-1 5.13335E-1 4.14233E-1 4.28813E-1 4.62594E-1 4.75017E-1 4.16899E-1 4.11979E-1 3.83518E-1 3.95197E-1 3.84329E-1
-9999 -9999 -9999 -9999 -9999 -9999 -9999 -9999 -9999 -9999 -9999 -9999 -9999 -9999 -9999 -9999 -9999 -9999 3.64115E-1 3.90629E-1 3.63666E-1 4.05955E-1 4.37081E-1 4.35155E-1 4.09842E-1 3.23824E-1 4.70382E-1 3.50361E-1 5.73059E-1 5.54889E-1 6.65842E-1 6.43601E-1 5.13521E-1 5.09913E-1 4.27901E-1 4.27536E-1 4.9046E-1 4.51586E-1 3.84315E-1 4.19657E-1 4.02917E-1 3.45777E-1 4.16589E-1 3.64288E-1 5.23511E-1 5.2382E-1 4.95396E-1 4.48354E-1 6.33745E-1 5.44164E-1 4.12453E-1 4.60917E-1 3.9718E-1 4.21226E-1 4.7029E-1 5.00335E-1 4.5941E-1 3.80639E-1 4.00298E-1 3.885E-1 3.91063E-1
