data/maxent/outputs/white_69.asc
ncols         426
nrows         180
xllcorner     -130.0
yllcorner     24.0
cellsize      0.16666666666666666
NODATA_value  -9999
[rows 54 to 80 of 180, columns 183 to 243 of 426]
2.45961E-3 2.94868E-3 3.41697E-3 3.32346E-3 3.14219E-3 2.88473E-3 2.7978E-3 2.73755E-3 3.10016E-3 3.47202E-3 3.94147E-3 3.97839E-3 3.90902E-3 3.85532E-3 2.97249E-3 3.09636E-3 4.12704E-3 5.01969E-3 6.33452E-3 7.06518E-3 6.67797E-3 6.46585E-3 7.38385E-3 8.07576E-3 7.77111E-3 7.18717E-3 6.45025E-3 6.16041E-3 5.85299E-3 6.60955E-3 7.93053E-3 7.64241E-3 6.76882E-3 7.72493E-3 1.05667E-2 1.48224E-2 1.82649E-2 2.08128E-2 1.93913E-2 1.37989E-2 1.5169E-2 1.04178E-2 8.79048E-3 7.41198E-3 8.90757E-3 1.05393E-2 9.9112E-3 8.55792E-3 9.75998E-3 7.95902E-3 6.94129E-3 5.78028E-3 5.64243E-3 5.85545E-3 5.9884E-3 6.22488E-3 6.91638E-3 7.21561E-3 9.2791E-3 1.15688E-2 7.4433E-3
2.51666E-3 2.7264E-3 3.03576E-3 3.10872E-3 3.12134E-3 3.60168E-3 3.13641E-3 3.12366E-3 3.3646E-3 3.58853E-3 4.11458E-3 4.71858E-3 3.90272E-3 3.55247E-3 3.20466E-3 3.21839E-3 3.95744E-3 4.86032E-3 7.35952E-3 8.55661E-3 7.66441E-3 7.70535E-3 8.12365E-3 9.03424E-3 9.5718E-3 7.70674E-3 6.60354E-3 5.87453E-3 6.3793E-3 7.47472E-3 8.10444E-3 7.90377E-3 7.8497E-3 9.00555E-3 9.19526E-3 1.16719E-2 1.5953E-2 1.84882E-2 1.44671E-2 1.49469E-2 1.52578E-2 1.25814E-2 1.12137E-2 1.01353E-2 1.21837E-2 1.34108E-2 1.33984E-2 1.316E-2 1.18983E-2 9.10964E-3 9.12458E-3 8.51224E-3 7.33449E-3 6.77634E-3 6.32065E-3 7.03873E-3 7.73433E-3 9.89363E-3 1.38572E-2 1.26514E-2 1.16582E-2
3.65239E-3 4.08713E-3 4.51314E-3 4.19045E-3 4.34306E-3 4.26748E-3 4.24563E-3 3.69498E-3 3.98239E-3 3.88357E-3 4.26542E-3 4.6399E-3 4.51394E-3 4.26122E-3 4.975E-3 3.62829E-3 3.69061E-3 4.23144E-3 5.53272E-3 7.43451E-3 8.77787E-3 9.01375E-3 9.42345E-3 9.44586E-3 9.1297E-3 8.44481E-3 8.6819E-3 7.97905E-3 7.44629E-3 7.88476E-3 8.06886E-3 8.58158E-3 9.01011E-3 1.03776E-2 9.2318E-3 1.06674E-2 1.2095E-2 1.2887E-2 1.31511E-2 1.44479E-2 1.53948E-2 1.95824E-2 2.1458E-2 1.65673E-2 1.76893E-2 1.83512E-2 1.63331E-2 1.43587E-2 1.18948E-2 9.45482E-3 9.58942E-3 8.6053E-3 8.22257E-3 7.08969E-3 6.49476E-3 7.23549E-3 8.18764E-3 9.79692E-3 1.17602E-2 1.65368E-2 1.39928E-2
3.62524E-3 3.69339E-3 4.70989E-3 4.9519E-3 5.75457E-3 5.4718E-3 4.89416E-3 4.97521E-3 4.95847E-3 4.74011E-3 4.83786E-3 5.81329E-3 5.86302E-3 5.48224E-3 4.57828E-3 3.95674E-3 3.47269E-3 3.64196E-3 4.43456E-3 5.22022E-3 6.72991E-3 9.08183E-3 1.10174E-2 1.01444E-2 9.48315E-3 9.33446E-3 8.51599E-3 8.44038E-3 9.1285E-3 9.63303E-3 9.07201E-3 8.86332E-3 8.3906E-3 1.03171E-2 9.52141E-3 1.03799E-2 1.31067E-2 1.38377E-2 1.40252E-2 1.44515E-2 1.2989E-2 1.31355E-2 1.51127E-2 2.20818E-2 2.43058E-2 2.18328E-2 1.83788E-2 1.71735E-2 1.30873E-2 1.0768E-2 1.03012E-2 1.02585E-2 1.10286E-2 9.51311E-3 8.50161E-3 8.83044E-3 1.1663E-2 1.48987E-2 1.79654E-2 1.48051E-2 1.58249E-2
3.70691E-3 3.53285E-3 3.71544E-3 4.82714E-3 6.20159E-3 7.21128E-3 5.98826E-3 5.83716E-3 5.6377E-3 5.46634E-3 5.60928E-3 6.87606E-3 9.36781E-3 6.37129E-3 5.62696E-3 4.00846E-3 3.77502E-3 3.39857E-3 3.68865E-3 4.78296E-3 6.0232E-3 7.53717E-3 9.23698E-3 9.97459E-3 1.00738E-2 9.84581E-3 9.87889E-3 9.60999E-3 9.80482E-3 9.5154E-3 1.04079E-2 1.13098E-2 1.07253E-2 1.14615E-2 1.20045E-2 1.20474E-2 1.33935E-2 1.42464E-2 1.20833E-2 1.16468E-2 1.36416E-2 1.41951E-2 1.60488E-2 1.79164E-2 1.88085E-2 2.49146E-2 1.99128E-2 1.88196E-2 1.54647E-2 1.39373E-2 1.36772E-2 1.36792E-2 1.34254E-2 1.44497E-2 1.2581E-2 1.34637E-2 1.67444E-2 2.24738E-2 1.73608E-2 1.37416E-2 1.58968E-2
6.63216E-3 4.76252E-3 4.34947E-3 4.48849E-3 5.08974E-3 9.32696E-3 7.85453E-3 7.4576E-3 7.17369E-3 6.78904E-3 6.56501E-3 6.40503E-3 6.92658E-3 7.11237E-3 6.56796E-3 5.12527E-3 4.19753E-3 3.92199E-3 3.61929E-3 3.93517E-3 5.42792E-3 7.14999E-3 9.28201E-3 9.18947E-3 9.62319E-3 9.88306E-3 1.0673E-2 1.09303E-2 1.05067E-2 1.08056E-2 1.04718E-2 1.07733E-2 1.28968E-2 1.11652E-2 1.07681E-2 1.08111E-2 1.17949E-2 1.25563E-2 1.18397E-2 1.10053E-2 1.32805E-2 1.54453E-2 1.70605E-2 1.53805E-2 1.78749E-2 1.96133E-2 2.40754E-2 2.80451E-2 2.24406E-2 2.00694E-2 2.00476E-2 1.75822E-2 1.67378E-2 1.89678E-2 1.88854E-2 1.91862E-2 2.37838E-2 2.49414E-2 1.84601E-2 1.80548E-2 2.03822E-2
8.18206E-3 8.0377E-3 6.22646E-3 5.74506E-3 6.68547E-3 8.24369E-3 9.84816E-3 9.53485E-3 8.8048E-3 7.96768E-3 7.8318E-3 7.24138E-3 7.24663E-3 8.20289E-3 8.30246E-3 6.74804E-3 5.61427E-3 4.96514E-3 4.43187E-3 4.64776E-3 5.94408E-3 7.18121E-3 8.42082E-3 8.16052E-3 9.08765E-3 9.1429E-3 1.03778E-2 1.05523E-2 1.1473E-2 1.19572E-2 1.17294E-2 1.21658E-2 1.2429E-2 1.11197E-2 1.03603E-2 9.99872E-3 1.08288E-2 1.12273E-2 1.10257E-2 1.06445E-2 1.16911E-2 1.40781E-2 1.51973E-2 1.64694E-2 1.6517E-2 1.66997E-2 1.85775E-2 2.44529E-2 3.19202E-2 3.54774E-2 2.63111E-2 2.16336E-2 1.9131E-2 1.77918E-2 2.07649E-2 2.44648E-2 2.75153E-2 2.98855E-2 2.39254E-2 2.3153E-2 2.96874E-2
1.41949E-2 9.15553E-3 7.71976E-3 7.3401E-3 8.69662E-3 9.75735E-3 1.18991E-2 1.20723E-2 1.27505E-2 1.08771E-2 9.11397E-3 8.94273E-3 8.26473E-3 8.07404E-3 8.29561E-3 7.20043E-3 7.29891E-3 6.28216E-3 5.66534E-3 6.299E-3 6.93296E-3 7.55753E-3 8.16897E-3 8.59362E-3 9.33013E-3 1.1094E-2 1.11565E-2 1.00501E-2 1.21291E-2 1.35925E-2 1.55822E-2 1.40181E-2 1.36312E-2 1.15513E-2 1.08005E-2 1.15664E-2 1.17006E-2 1.2151E-2 1.27503E-2 1.4518E-2 1.16047E-2 1.14961E-2 1.44783E-2 1.76894E-2 2.01159E-2 2.12392E-2 2.30317E-2 3.04382E-2 3.21542E-2 5.13719E-2 3.02236E-2 1.97623E-2 1.80182E-2 2.02967E-2 1.95806E-2 2.28973E-2 2.77067E-2 2.97062E-2 2.67026E-2 2.83262E-2 3.8034E-2
1.88345E-2 1.54951E-2 1.16917E-2 1.05001E-2 1.03136E-2 1.1525E-2 1.3117E-2 1.50534E-2 1.42601E-2 1.32367E-2 1.15192E-2 1.01142E-2 1.10135E-2 1.07329E-2 1.0419E-2 9.58921E-3 1.06449E-2 9.13348E-3 7.27246E-3 7.25013E-3 7.7094E-3 8.25501E-3 8.65191E-3 9.68475E-3 1.0403E-2 1.05024E-2 1.1136E-2 1.05508E-2 1.16223E-2 1.53004E-2 1.88566E-2 1.56597E-2 1.45782E-2 1.2773E-2 1.3823E-2 1.29552E-2 1.4985E-2 1.62612E-2 1.54186E-2 1.79736E-2 1.54172E-2 1.28692E-2 1.44462E-2 1.76651E-2 2.01457E-2 1.91727E-2 1.87564E-2 2.29001E-2 3.46406E-2 6.63065E-2 3.80398E-2 1.74896E-2 2.00833E-2 2.52953E-2 2.41523E-2 2.54919E-2 3.19626E-2 2.97592E-2 3.01009E-2 3.43626E-2 4.19273E-2
1.75619E-2 2.68314E-2 2.30063E-2 1.57593E-2 1.27357E-2 1.37831E-2 1.46521E-2 1.56389E-2 1.65296E-2 1.51494E-2 1.30408E-2 1.18237E-2 1.19752E-2 1.1906E-2 1.10712E-2 9.97188E-3 9.92221E-3 8.9176E-3 7.87336E-3 8.54766E-3 9.02128E-3 9.77254E-3 9.72224E-3 1.01018E-2 1.12681E-2 1.27843E-2 1.45187E-2 1.08551E-2 1.31502E-2 1.50697E-2 1.66915E-2 1.6685E-2 1.49376E-2 1.45777E-2 1.45436E-2 1.48598E-2 1.58289E-2 1.77922E-2 1.86585E-2 2.08688E-2 1.95857E-2 1.84564E-2 1.73664E-2 1.68317E-2 2.06871E-2 2.34208E-2 2.61257E-2 3.63431E-2 5.17554E-2 9.00199E-2 6.14768E-2 3.13389E-2 2.98726E-2 2.99358E-2 3.23618E-2 3.48681E-2 3.68689E-2 3.88782E-2 3.72268E-2 4.32496E-2 4.17335E-2
1.86329E-2 1.83902E-2 2.54562E-2 3.22785E-2 2.04973E-2 1.94092E-2 2.25457E-2 2.19175E-2 2.15535E-2 2.08434E-2 1.57284E-2 1.29666E-2 1.25956E-2 1.35577E-2 1.23055E-2 1.14703E-2 1.02355E-2 9.97802E-3 1.00954E-2 1.18546E-2 1.20855E-2 1.27635E-2 1.20797E-2 1.19181E-2 1.26353E-2 1.16343E-2 1.2057E-2 1.34502E-2 1.66548E-2 1.68079E-2 1.76698E-2 1.73887E-2 1.60259E-2 1.71038E-2 1.74558E-2 1.74479E-2 1.82965E-2 2.06157E-2 2.2758E-2 2.27817E-2 2.44496E-2 2.38855E-2 2.17494E-2 2.21542E-2 2.5039E-2 2.73559E-2 3.36614E-2 3.315E-2 4.55643E-2 6.68399E-2 8.4672E-2 4.72398E-2 4.08182E-2 4.6071E-2 4.70433E-2 4.871E-2 4.7831E-2 4.95472E-2 4.1812E-2 4.25313E-2 3.73845E-2
1.89273E-2 1.92347E-2 1.91868E-2 2.37654E-2 3.49943E-2 3.55073E-2 3.29723E-2 3.07388E-2 2.43351E-2 2.20568E-2 2.06611E-2 1.79357E-2 1.46707E-2 1.34794E-2 1.32577E-2 1.30295E-2 1.13581E-2 1.0897E-2 1.35819E-2 1.52183E-2 1.5653E-2 1.5125E-2 1.39384E-2 1.29803E-2 1.42929E-2 1.39883E-2 1.45615E-2 1.62276E-2 1.93968E-2 1.96293E-2 1.74496E-2 1.77387E-2 1.72724E-2 1.91047E-2 2.16746E-2 2.01887E-2 2.27837E-2 2.27966E-2 2.45976E-2 2.51295E-2 2.49874E-2 2.59719E-2 2.73393E-2 2.85175E-2 3.14578E-2 3.44724E-2 3.60585E-2 3.64872E-2 4.21551E-2 6.71459E-2 6.77703E-2 5.94873E-2 5.09727E-2 4.6523E-2 5.16553E-2 5.71258E-2 6.05637E-2 5.61144E-2 5.28737E-2 4.65942E-2 7.44512E-2
2.09234E-2 2.06976E-2 1.91048E-2 1.96398E-2 2.23175E-2 2.77696E-2 3.37527E-2 3.22049E-2 2.81081E-2 2.70563E-2 3.50194E-2 3.25596E-2 2.23523E-2 1.62749E-2 1.33136E-2 1.36216E-2 1.29132E-2 1.53181E-2 1.57113E-2 1.59481E-2 1.69561E-2 1.55724E-2 1.49558E-2 1.47215E-2 1.60695E-2 1.49777E-2 1.54846E-2 1.63438E-2 1.88805E-2 1.9032E-2 1.84349E-2 1.78766E-2 1.75098E-2 1.8292E-2 1.90025E-2 2.26693E-2 2.34607E-2 2.48872E-2 2.68658E-2 2.80216E-2 2.79921E-2 2.8495E-2 3.23425E-2 3.4903E-2 3.34168E-2 3.39822E-2 4.14672E-2 4.72962E-2 4.55918E-2 5.34993E-2 6.76725E-2 4.28791E-2 4.0362E-2 3.91209E-2 4.48455E-2 5.24153E-2 5.2471E-2 5.26897E-2 4.82386E-2 4.69178E-2 4.64574E-2
2.60555E-2 2.24019E-2 2.15546E-2 2.06108E-2 2.40934E-2 2.60461E-2 2.99893E-2 3.16476E-2 3.35465E-2 3.61318E-2 3.27345E-2 3.2752E-2 2.66227E-2 2.18081E-2 2.19913E-2 2.01098E-2 1.81113E-2 2.13588E-2 1.83111E-2 1.83019E-2 1.84201E-2 1.78413E-2 1.75788E-2 1.80656E-2 1.58426E-2 1.68042E-2 1.67737E-2 1.86367E-2 1.89485E-2 1.97603E-2 2.08593E-2 2.03669E-2 2.00055E-2 2.23872E-2 2.2062E-2 2.50974E-2 2.77558E-2 3.41336E-2 3.24542E-2 3.3309E-2 3.49356E-2 3.65275E-2 4.14056E-2 3.92934E-2 4.02239E-2 3.73813E-2 3.33968E-2 4.49504E-2 5.33145E-2 6.04397E-2 7.3863E-2 6.37421E-2 5.51803E-2 5.38419E-2 5.15513E-2 5.72478E-2 5.89136E-2 6.10556E-2 5.84394E-2 5.56814E-2 5.40079E-2
2.41131E-2 2.24416E-2 1.96521E-2 1.84317E-2 2.1015E-2 2.25893E-2 2.27725E-2 2.7445E-2 2.96969E-2 3.1983E-2 2.91262E-2 2.49749E-2 2.47552E-2 2.24944E-2 1.88649E-2 1.94377E-2 2.4838E-2 2.54037E-2 2.67197E-2 2.12557E-2 2.00708E-2 2.20189E-2 2.50213E-2 2.43277E-2 1.866E-2 1.82893E-2 1.8381E-2 2.02881E-2 2.14118E-2 2.22653E-2 2.40182E-2 2.55197E-2 2.64697E-2 2.8011E-2 2.71495E-2 2.8897E-2 3.22431E-2 3.66104E-2 3.65095E-2 3.56588E-2 3.83066E-2 4.02648E-2 4.79689E-2 4.12784E-2 4.40281E-2 4.40496E-2 3.74467E-2 4.21851E-2 4.46407E-2 5.2282E-2 5.62764E-2 7.10116E-2 1.00985E-1 8.19077E-2 6.41381E-2 6.39204E-2 6.36843E-2 6.48818E-2 6.5677E-2 6.22559E-2 6.90088E-2
2.17309E-2 2.236E-2 2.30216E-2 2.18174E-2 2.1143E-2 2.10776E-2 2.16458E-2 2.47857E-2 2.54908E-2 2.48526E-2 2.46192E-2 2.1379E-2 2.29247E-2 2.34462E-2 2.09205E-2 2.14075E-2 2.52025E-2 3.00231E-2 3.50406E-2 2.71975E-2 2.89159E-2 2.9183E-2 3.17543E-2 2.95292E-2 2.57052E-2 2.3153E-2 2.47037E-2 2.80655E-2 2.63669E-2 2.66802E-2 2.83378E-2 3.43791E-2 4.01348E-2 3.57315E-2 3.38704E-2 3.28449E-2 3.6079E-2 4.07162E-2 4.362E-2 3.9919E-2 3.79608E-2 4.02275E-2 4.89694E-2 5.31626E-2 5.10577E-2 5.15188E-2 5.35292E-2 5.02588E-2 5.7595E-2 6.62132E-2 7.10184E-2 7.73946E-2 9.73236E-2 1.13673E-1 9.80102E-2 8.94271E-2 8.07102E-2 7.08109E-2 7.36256E-2 7.22853E-2 7.29364E-2
1.8416E-2 1.94107E-2 1.97553E-2 2.2172E-2 2.19299E-2 2.07599E-2 2.16782E-2 2.08455E-2 2.14474E-2 2.28317E-2 2.61659E-2 2.74807E-2 2.52228E-2 3.08519E-2 2.92903E-2 2.70235E-2 2.56422E-2 2.85134E-2 4.77594E-2 3.80643E-2 3.6368E-2 4.69179E-2 3.84193E-2 3.83121E-2 3.45334E-2 3.12973E-2 3.52006E-2 3.72643E-2 3.797E-2 3.62703E-2 3.70845E-2 3.55076E-2 3.97497E-2 4.64883E-2 3.81622E-2 3.94802E-2 3.86758E-2 4.19006E-2 4.68272E-2 4.57027E-2 4.51958E-2 4.68053E-2 5.25126E-2 5.71416E-2 6.1615E-2 6.65678E-2 6.77275E-2 6.94483E-2 7.11449E-2 7.72355E-2 9.50299E-2 1.02919E-1 9.72548E-2 9.39322E-2 1.18429E-1 1.16295E-1 1.01098E-1 9.41853E-2 8.7257E-2 9.4374E-2 9.18635E-2
1.61595E-2 1.77038E-2 1.9891E-2 2.02288E-2 2.0984E-2 2.04946E-2 1.95591E-2 2.02843E-2 2.15175E-2 2.41005E-2 2.49953E-2 2.83063E-2 3.26872E-2 3.50744E-2 3.27365E-2 3.23151E-2 3.38235E-2 3.37069E-2 4.09882E-2 4.91535E-2 4.43769E-2 5.96978E-2 5.14936E-2 4.97827E-2 5.02269E-2 4.65895E-2 3.7569E-2 4.18785E-2 4.58462E-2 4.89348E-2 4.92931E-2 4.41303E-2 4.2601E-2 5.79719E-2 4.55339E-2 5.09716E-2 4.88577E-2 5.00211E-2 5.34931E-2 6.49182E-2 5.7962E-2 5.83652E-2 6.29508E-2 6.6679E-2 7.15112E-2 8.11842E-2 9.86533E-2 9.02893E-2 8.85776E-2 1.05167E-1 1.03535E-1 1.09591E-1 1.15165E-1 1.16818E-1 1.15255E-1 1.32649E-1 1.44188E-1 1.03828E-1 1.03762E-1 1.05334E-1 1.18861E-1
1.85691E-2 1.916E-2 1.99525E-2 1.94742E-2 1.8927E-2 1.84704E-2 1.84998E-2 1.82551E-2 1.97941E-2 2.01098E-2 2.23517E-2 2.51187E-2 3.04813E-2 3.78248E-2 3.95406E-2 4.1651E-2 4.2934E-2 4.13136E-2 4.28326E-2 4.97206E-2 5.1315E-2 6.54005E-2 6.03359E-2 6.3851E-2 6.253E-2 5.44858E-2 4.82792E-2 4.96223E-2 5.47638E-2 5.65413E-2 5.80534E-2 5.63534E-2 4.70862E-2 5.719E-2 5.5483E-2 6.80253E-2 6.99969E-2 6.76585E-2 6.62433E-2 6.74215E-2 6.53318E-2 7.49599E-2 8.09213E-2 8.2854E-2 8.71657E-2 9.10402E-2 1.11763E-1 1.38858E-1 1.28568E-1 1.22404E-1 1.21913E-1 1.30943E-1 1.30552E-1 1.24728E-1 1.34797E-1 1.5438E-1 1.8007E-1 1.32894E-1 1.32171E-1 1.33724E-1 1.62003E-1
2.26139E-2 2.5612E-2 2.33942E-2 2.11855E-2 2.07632E-2 1.90844E-2 1.8438E-2 1.81934E-2 1.95275E-2 2.05646E-2 2.369E-2 2.62787E-2 3.09062E-2 3.94335E-2 4.36768E-2 4.42255E-2 4.75699E-2 4.61346E-2 4.65024E-2 5.16041E-2 5.11698E-2 6.48794E-2 6.48433E-2 6.32777E-2 6.05495E-2 5.66726E-2 5.79968E-2 6.01088E-2 6.55189E-2 7.69661E-2 7.89679E-2 6.66907E-2 6.25443E-2 6.52148E-2 9.51549E-2 1.07343E-1 1.08872E-1 1.17322E-1 1.01132E-1 8.48389E-2 8.95353E-2 8.24547E-2 8.39016E-2 9.10722E-2 1.01097E-1 1.14525E-1 1.36786E-1 1.7978E-1 1.63537E-1 1.74589E-1 1.57418E-1 1.58923E-1 1.74408E-1 1.89026E-1 2.04334E-1 2.18723E-1 2.00306E-1 1.8806E-1 1.87766E-1 1.78377E-1 1.68015E-1
2.24647E-2 2.32962E-2 2.16553E-2 2.23852E-2 2.13434E-2 1.9311E-2 1.93196E-2 2.15135E-2 2.22118E-2 2.58665E-2 3.07519E-2 3.364E-2 3.78534E-2 4.24894E-2 4.4197E-2 4.53943E-2 4.78E-2 5.12993E-2 5.42861E-2 5.54165E-2 6.28692E-2 6.1505E-2 6.40247E-2 6.23617E-2 5.90959E-2 6.07363E-2 6.38918E-2 7.06407E-2 7.52863E-2 8.87738E-2 9.19154E-2 8.79256E-2 8.54545E-2 9.24913E-2 1.1935E-1 1.58072E-1 1.74135E-1 1.91254E-1 1.7685E-1 1.23487E-1 1.14052E-1 1.05049E-1 9.19082E-2 1.00052E-1 1.11336E-1 1.21591E-1 1.48871E-1 1.76714E-1 1.76136E-1 1.84456E-1 2.14595E-1 2.07992E-1 2.06627E-1 2.40364E-1 2.73326E-1 2.46721E-1 2.1042E-1 1.89849E-1 1.95559E-1 1.89677E-1 1.68256E-1
2.06011E-2 2.33375E-2 2.3128E-2 2.46227E-2 2.4522E-2 2.3249E-2 2.46993E-2 2.53095E-2 3.04719E-2 3.57849E-2 4.08754E-2 3.99981E-2 4.61781E-2 4.73989E-2 4.8199E-2 5.60817E-2 5.36816E-2 5.95988E-2 6.12057E-2 5.68324E-2 7.2058E-2 8.33381E-2 6.78663E-2 6.41787E-2 6.03035E-2 6.37064E-2 6.77364E-2 7.31794E-2 7.68599E-2 8.35284E-2 8.85763E-2 8.53E-2 9.13987E-2 9.7364E-2 1.11959E-1 1.3774E-1 2.19367E-1 3.04158E-1 3.45375E-1 2.07063E-1 1.43548E-1 1.21048E-1 1.08695E-1 1.12667E-1 1.26894E-1 1.38712E-1 1.63769E-1 1.91103E-1 1.98573E-1 2.16733E-1 2.26459E-1 2.6534E-1 2.62719E-1 2.84842E-1 2.60951E-1 2.32907E-1 2.24918E-1 2.20201E-1 2.10362E-1 1.91691E-1 1.9208E-1
2.04E-2 2.19618E-2 2.48169E-2 2.69414E-2 2.45306E-2 2.51714E-2 2.81544E-2 3.18184E-2 3.34853E-2 3.78519E-2 4.3216E-2 4.5254E-2 4.47023E-2 4.69608E-2 5.06905E-2 5.07095E-2 4.62619E-2 4.55738E-2 5.87695E-2 6.59249E-2 7.29294E-2 9.12249E-2 7.48921E-2 6.13106E-2 6.24308E-2 6.68253E-2 7.36702E-2 7.78378E-2 8.29194E-2 9.01427E-2 9.09818E-2 9.52823E-2 1.01929E-1 1.06431E-1 1.10552E-1 1.4072E-1 2.06456E-1 2.9098E-1 3.78221E-1 2.65167E-1 1.83974E-1 1.37806E-1 1.29966E-1 1.3182E-1 1.40828E-1 1.59138E-1 1.67405E-1 1.80957E-1 1.99798E-1 2.10341E-1 2.43046E-1 2.23999E-1 2.36895E-1 2.64828E-1 2.5744E-1 2.38209E-1 2.34894E-1 2.39042E-1 2.17771E-1 2.0943E-1 2.46316E-1
1.96464E-2 2.1215E-2 2.23708E-2 2.3792E-2 2.65926E-2 2.71488E-2 2.94588E-2 3.40784E-2 4.2935E-2 4.56428E-2 4.31291E-2 4.48579E-2 4.32277E-2 4.3431E-2 4.31109E-2 4.7241E-2 4.688E-2 4.42363E-2 5.08183E-2 6.58278E-2 6.79258E-2 7.31304E-2 7.73247E-2 6.38355E-2 6.37969E-2 6.842E-2 7.66338E-2 8.32931E-2 9.3349E-2 8.86949E-2 9.2425E-2 1.08033E-1 1.08094E-1 1.09252E-1 1.09828E-1 1.26397E-1 1.7144E-1 2.37523E-1 2.70958E-1 2.41568E-1 1.80881E-1 1.5769E-1 1.4049E-1 1.35482E-1 1.50328E-1 1.74248E-1 2.02638E-1 2.00999E-1 1.94259E-1 2.24284E-1 2.54868E-1 2.70267E-1 2.47912E-1 2.59624E-1 2.71036E-1 2.51678E-1 2.68156E-1 2.30586E-1 2.23726E-1 2.11997E-1 2.77183E-1
1.88031E-2 2.08678E-2 2.16137E-2 2.38854E-2 2.44147E-2 2.65747E-2 3.37635E-2 4.0519E-2 4.1074E-2 4.22098E-2 4.26474E-2 4.61613E-2 4.32321E-2 4.32232E-2 4.26414E-2 4.83159E-2 4.69178E-2 4.85834E-2 5.0329E-2 5.9121E-2 6.17324E-2 6.68661E-2 8.49337E-2 6.2105E-2 6.48051E-2 7.09136E-2 7.58762E-2 8.66374E-2 8.77001E-2 8.55041E-2 9.0589E-2 1.00966E-1 1.13872E-1 1.10507E-1 1.1141E-1 1.15212E-1 1.27616E-1 1.67845E-1 2.0664E-1 2.00618E-1 1.70096E-1 1.61487E-1 1.66161E-1 1.72519E-1 1.70961E-1 1.95195E-1 2.1842E-1 2.27553E-1 2.3788E-1 2.48961E-1 2.81355E-1 2.91807E-1 2.76061E-1 2.86726E-1 2.8393E-1 2.84008E-1 2.91659E-1 2.53602E-1 2.54177E-1 2.67968E-1 3.25851E-1
1.96357E-2 2.15083E-2 2.24826E-2 2.28732E-2 2.61498E-2 3.03734E-2 3.58654E-2 3.52867E-2 3.68151E-2 3.89611E-2 3.96194E-2 4.42192E-2 4.15581E-2 4.31191E-2 4.19939E-2 4.61828E-2 5.23941E-2 6.49681E-2 5.73663E-2 5.33513E-2 5.91953E-2 6.69923E-2 7.61721E-2 6.92794E-2 6.81805E-2 7.11902E-2 7.84767E-2 8.96107E-2 9.30262E-2 9.44415E-2 9.88291E-2 1.06392E-1 1.11255E-1 1.23778E-1 1.28398E-1 1.29099E-1 1.35734E-1 1.50352E-1 1.67112E-1 1.59435E-1 1.51372E-1 1.60379E-1 1.60625E-1 1.7709E-1 1.99499E-1 2.19623E-1 2.17179E-1 2.16487E-1 2.53439E-1 2.63276E-1 3.1317E-1 2.6109E-1 2.60876E-1 2.60775E-1 2.66011E-1 2.71491E-1 2.82465E-1 2.78493E-1 2.95112E-1 3.29942E-1 2.9742E-1
1.95352E-2 1.96192E-2 2.16487E-2 2.23993E-2 2.34667E-2 2.63114E-2 3.12968E-2 3.24796E-2 3.38111E-2 3.45667E-2 3.5177E-2 3.73145E-2 3.85804E-2 4.09096E-2 4.05933E-2 4.44774E-2 4.77685E-2 5.51801E-2 6.29782E-2 5.46414E-2 5.55056E-2 6.96662E-2 8.10206E-2 7.93959E-2 7.10305E-2 7.19881E-2 8.29323E-2 9.23377E-2 9.98276E-2 1.02402E-1 1.09058E-1 1.16513E-1 1.18837E-1 1.32495E-1 1.48687E-1 1.7236E-1 1.82341E-1 1.9671E-1 1.91213E-1 1.89633E-1 2.01579E-1 1.85269E-1 1.79181E-1 1.80448E-1 1.92052E-1 2.17304E-1 2.47076E-1 2.56964E-1 2.87306E-1 2.69063E-1 2.68262E-1 2.63819E-1 2.51791E-1 2.5261E-1 2.71843E-1 3.08749E-1 3.16965E-1 3.28634E-1 3.09108E-1 3.2648E-1 2.9768E-1
