data/maxent/outputs/white_181.asc
ncols         426
nrows         180
xllcorner     -130.0
yllcorner     24.0
cellsize      0.16666666666666666
NODATA_value  -9999
[rows 54 to 80 of 180, columns 244 to 304 of 426]
6.26337E-1 6.25718E-1 6.42228E-1 6.47302E-1 6.60226E-1 6.50268E-1 6.52687E-1 6.69013E-1 6.88791E-1 7.22046E-1 6.68663E-1 7.00668E-1 7.29895E-1 6.0299E-1 5.83749E-1 5.76925E-1 5.65821E-1 5.49926E-1 5.27526E-1 6.65824E-1 7.53738E-1 7.61386E-1 7.61901E-1 7.61674E-1 7.55877E-1 7.20491E-1 6.92795E-1 6.97239E-1 6.82868E-1 6.85419E-1 7.02936E-1 7.12826E-1 7.21351E-1 7.29921E-1 7.38314E-1 7.55811E-1 6.53837E-1 5.94998E-1 6.01982E-1 6.14471E-1 6.32462E-1 6.33358E-1 6.26776E-1 6.11285E-1 5.79263E-1 5.41244E-1 5.03331E-1 6.21677E-1 7.60778E-1 6.6297E-1 5.47324E-1 4.52717E-1 4.43755E-1 4.24106E-1 4.83001E-1 5.28222E-1 6.5215E-1 7.19641E-1 7.50932E-1 7.69244E-1 7.74556E-1
6.36246E-1 6.38168E-1 6.38375E-1 6.42199E-1 6.56819E-1 6.6353E-1 6.65952E-1 6.854E-1 7.15854E-1 6.68499E-1 7.21175E-1 7.23565E-1 7.02013E-1 5.86904E-1 5.86781E-1 5.78164E-1 5.71627E-1 5.46883E-1 5.76731E-1 7.55493E-1 7.57025E-1 7.53616E-1 7.55891E-1 7.52292E-1 7.35668E-1 7.04547E-1 6.96165E-1 6.82413E-1 6.65784E-1 6.72106E-1 6.85218E-1 6.95153E-1 7.06369E-1 7.25325E-1 7.44227E-1 7.49048E-1 7.70531E-1 5.82264E-1 6.15178E-1 6.15534E-1 6.21259E-1 6.22978E-1 6.25823E-1 6.1778E-1 5.99299E-1 5.6097E-1 4.99871E-1 4.92575E-1 6.83681E-1 7.14145E-1 6.49668E-1 5.52481E-1 5.07778E-1 4.57058E-1 5.08036E-1 6.9625E-1 7.64553E-1 7.57893E-1 7.68062E-1 7.73605E-1 7.91677E-1
6.41136E-1 6.48587E-1 6.45382E-1 6.53811E-1 6.69306E-1 6.69589E-1 6.71667E-1 6.92689E-1 7.085E-1 7.11419E-1 7.21282E-1 7.36396E-1 5.89291E-1 5.92476E-1 5.88106E-1 5.92088E-1 5.84327E-1 5.60078E-1 6.83176E-1 7.56406E-1 7.51755E-1 7.48625E-1 7.32287E-1 7.32295E-1 7.17341E-1 7.101E-1 6.90096E-1 6.89816E-1 6.74758E-1 6.79826E-1 6.78835E-1 6.92553E-1 7.11978E-1 7.2682E-1 7.28495E-1 7.44289E-1 7.30071E-1 5.76071E-1 6.0501E-1 6.24375E-1 6.25377E-1 6.15877E-1 6.14185E-1 6.09676E-1 5.81509E-1 5.40336E-1 4.91508E-1 5.21379E-1 7.43187E-1 7.68368E-1 7.66312E-1 7.24745E-1 7.35915E-1 6.81753E-1 5.96558E-1 6.0628E-1 8.15684E-1 7.98076E-1 7.924E-1 7.77407E-1 7.74249E-1
6.41203E-1 6.50295E-1 6.53631E-1 6.66161E-1 6.78045E-1 6.79975E-1 6.77808E-1 6.88009E-1 6.95314E-1 7.09576E-1 7.25782E-1 6.59499E-1 5.82646E-1 5.9212E-1 5.97913E-1 6.0853E-1 6.01854E-1 5.72677E-1 7.37968E-1 7.45771E-1 7.4289E-1 7.39865E-1 7.40417E-1 7.23817E-1 7.156E-1 7.05979E-1 6.95573E-1 7.32288E-1 6.93347E-1 6.84572E-1 6.85974E-1 6.92452E-1 7.11901E-1 7.17911E-1 7.33367E-1 7.49412E-1 7.20141E-1 5.75818E-1 5.87767E-1 6.0871E-1 6.11922E-1 6.21104E-1 6.04839E-1 5.89111E-1 5.67297E-1 5.26864E-1 5.18434E-1 7.48708E-1 7.65586E-1 7.65285E-1 7.58502E-1 7.46462E-1 7.53346E-1 7.66203E-1 8.13631E-1 8.46145E-1 8.31046E-1 8.04663E-1 7.94017E-1 6.22886E-1 6.67329E-1
6.42973E-1 6.53485E-1 6.61633E-1 6.67138E-1 6.79108E-1 6.88707E-1 6.90796E-1 6.90142E-1 7.01242E-1 7.15125E-1 7.3029E-1 6.197E-1 5.7084E-1 5.85544E-1 5.98746E-1 6.07424E-1 6.0057E-1 6.47671E-1 7.57022E-1 7.47681E-1 7.44368E-1 7.3746E-1 7.28334E-1 7.14851E-1 7.0588E-1 6.88035E-1 6.96627E-1 7.10773E-1 7.00476E-1 6.94978E-1 6.92806E-1 6.95775E-1 7.02084E-1 7.13969E-1 7.44689E-1 7.48242E-1 6.04471E-1 5.45005E-1 5.59188E-1 5.72133E-1 5.94544E-1 6.03526E-1 5.89689E-1 5.64019E-1 5.45308E-1 5.14026E-1 6.67388E-1 7.09218E-1 7.24021E-1 7.65855E-1 7.99137E-1 8.16544E-1 8.02336E-1 8.11152E-1 8.3919E-1 8.4427E-1 8.27989E-1 8.0887E-1 7.91937E-1 7.96039E-1 7.96186E-1
6.45532E-1 6.55535E-1 6.81166E-1 6.84379E-1 6.84192E-1 6.40923E-1 6.94613E-1 6.97118E-1 7.03753E-1 7.18896E-1 7.29885E-1 5.60342E-1 5.64963E-1 5.7643E-1 5.91018E-1 5.9109E-1 6.09142E-1 7.5521E-1 7.4808E-1 7.45028E-1 7.38495E-1 7.20582E-1 7.19245E-1 7.06811E-1 7.04081E-1 6.93978E-1 7.00698E-1 7.08793E-1 6.98626E-1 6.99298E-1 7.00787E-1 7.06075E-1 7.10598E-1 7.31736E-1 7.51198E-1 5.77269E-1 5.88718E-1 6.68192E-1 7.37994E-1 6.73012E-1 5.77985E-1 5.86134E-1 5.80126E-1 5.44042E-1 5.2586E-1 6.12959E-1 7.43663E-1 7.08967E-1 7.27629E-1 7.8329E-1 8.22966E-1 8.274E-1 8.2167E-1 8.14485E-1 7.92427E-1 7.98136E-1 8.18625E-1 8.06616E-1 7.80865E-1 7.76478E-1 7.73627E-1
6.51893E-1 6.59474E-1 6.70995E-1 6.7871E-1 6.82603E-1 6.90462E-1 6.95389E-1 7.02713E-1 7.07681E-1 7.27414E-1 5.72515E-1 5.5192E-1 5.6517E-1 5.80571E-1 5.91737E-1 5.93507E-1 6.07731E-1 7.60846E-1 7.46949E-1 7.46986E-1 7.33788E-1 7.2134E-1 7.11728E-1 7.05594E-1 7.07163E-1 7.11145E-1 7.16401E-1 7.04484E-1 7.02608E-1 7.08463E-1 7.17091E-1 7.17102E-1 7.37563E-1 6.76998E-1 5.83305E-1 6.44569E-1 7.54537E-1 7.66089E-1 7.99054E-1 8.32469E-1 6.39811E-1 5.7308E-1 5.73112E-1 5.44368E-1 5.3548E-1 6.61516E-1 7.55544E-1 7.27206E-1 7.48383E-1 7.95415E-1 8.26839E-1 8.21334E-1 7.99742E-1 7.61504E-1 7.54033E-1 7.94737E-1 8.11768E-1 8.19392E-1 8.03992E-1 7.99704E-1 7.88959E-1
6.63826E-1 6.78308E-1 6.6951E-1 6.73916E-1 6.80634E-1 6.85807E-1 6.93115E-1 7.02578E-1 7.08816E-1 7.25018E-1 5.7998E-1 5.55214E-1 5.74123E-1 5.9133E-1 6.01629E-1 5.95253E-1 6.55782E-1 7.6509E-1 7.47433E-1 7.41828E-1 7.36734E-1 7.21754E-1 7.1498E-1 7.05805E-1 7.16871E-1 7.05838E-1 7.05482E-1 6.9951E-1 7.0946E-1 7.2287E-1 7.33752E-1 7.27632E-1 7.57225E-1 6.02723E-1 6.41776E-1 7.47063E-1 7.48978E-1 7.54394E-1 7.68128E-1 8.06289E-1 7.54292E-1 5.62067E-1 5.80891E-1 5.64638E-1 5.5241E-1 6.73806E-1 7.82132E-1 7.41734E-1 7.65017E-1 8.16071E-1 8.30855E-1 8.11328E-1 7.91101E-1 7.73089E-1 7.71137E-1 7.99828E-1 8.32841E-1 8.46369E-1 8.46249E-1 8.37084E-1 8.13087E-1
6.51432E-1 6.58177E-1 6.71949E-1 6.7308E-1 6.86085E-1 6.83651E-1 6.91452E-1 7.01972E-1 7.11311E-1 7.30029E-1 5.49259E-1 5.63258E-1 5.79526E-1 5.96328E-1 6.09454E-1 5.98638E-1 7.07697E-1 7.63616E-1 7.47035E-1 7.38017E-1 7.34996E-1 7.2582E-1 7.26718E-1 7.10716E-1 7.07863E-1 7.08922E-1 7.10588E-1 7.09244E-1 7.21702E-1 7.34642E-1 7.40386E-1 7.30329E-1 7.47465E-1 7.5249E-1 7.43677E-1 7.31934E-1 7.46571E-1 7.5309E-1 7.59623E-1 7.72153E-1 7.63423E-1 5.72468E-1 5.79805E-1 5.77786E-1 5.72254E-1 6.68842E-1 8.12728E-1 7.75541E-1 7.82395E-1 8.25347E-1 8.19705E-1 8.06651E-1 8.05625E-1 7.98715E-1 7.93055E-1 8.09283E-1 8.4944E-1 8.68559E-1 8.60864E-1 7.33482E-1 6.53386E-1
6.42141E-1 6.49716E-1 6.68531E-1 6.62945E-1 6.79365E-1 6.7844E-1 6.90241E-1 7.00007E-1 7.14758E-1 6.05288E-1 5.50558E-1 5.65478E-1 5.78621E-1 5.98933E-1 6.1536E-1 6.16371E-1 6.18205E-1 7.71775E-1 7.69569E-1 7.51318E-1 7.38142E-1 7.36593E-1 7.33631E-1 7.08685E-1 7.06922E-1 7.06231E-1 7.13648E-1 7.09461E-1 7.11051E-1 7.11684E-1 7.25385E-1 7.4248E-1 7.4589E-1 7.31935E-1 7.33413E-1 7.47624E-1 7.48006E-1 7.50199E-1 7.50482E-1 7.6046E-1 7.96245E-1 6.00036E-1 5.97991E-1 5.90499E-1 5.74273E-1 6.98757E-1 8.19408E-1 7.83967E-1 7.87561E-1 8.35366E-1 8.36972E-1 8.19994E-1 8.08362E-1 7.94782E-1 7.79747E-1 8.09946E-1 8.5058E-1 8.81936E-1 6.92747E-1 6.15894E-1 5.67253E-1
6.34351E-1 6.42233E-1 6.56421E-1 6.57676E-1 6.66303E-1 6.79148E-1 6.90163E-1 6.99055E-1 7.21082E-1 5.72284E-1 5.62614E-1 5.73621E-1 5.91751E-1 6.08127E-1 6.21572E-1 6.25528E-1 6.16959E-1 7.04146E-1 7.83026E-1 7.63743E-1 7.39576E-1 7.31109E-1 7.28311E-1 7.2084E-1 7.16799E-1 7.13282E-1 7.15185E-1 7.11054E-1 7.10364E-1 7.21421E-1 7.3308E-1 7.33059E-1 7.39002E-1 7.4096E-1 7.39925E-1 7.45105E-1 7.4321E-1 7.46313E-1 7.41634E-1 7.51176E-1 7.9276E-1 5.98859E-1 5.79623E-1 6.32545E-1 7.5917E-1 8.49287E-1 8.41676E-1 8.27584E-1 8.36689E-1 8.53078E-1 8.50999E-1 8.40214E-1 8.25445E-1 7.9141E-1 7.69956E-1 8.04209E-1 8.42842E-1 8.3853E-1 7.899E-1 7.41575E-1 6.84674E-1
6.38264E-1 6.44648E-1 6.5791E-1 6.58378E-1 6.66354E-1 6.86924E-1 6.91285E-1 7.05114E-1 7.17922E-1 5.81566E-1 5.69596E-1 5.88657E-1 6.00234E-1 6.15782E-1 6.3019E-1 6.36803E-1 6.26724E-1 6.31724E-1 7.71051E-1 7.67659E-1 7.42799E-1 7.34909E-1 7.36842E-1 7.30749E-1 7.21999E-1 7.20381E-1 7.15154E-1 7.19361E-1 7.21618E-1 7.2371E-1 7.25186E-1 7.2856E-1 7.35609E-1 7.47858E-1 7.46254E-1 7.45806E-1 7.46114E-1 7.43322E-1 7.41317E-1 7.5387E-1 7.91597E-1 7.34374E-1 6.9449E-1 8.46963E-1 8.50294E-1 8.65361E-1 8.80987E-1 8.70841E-1 8.71917E-1 8.70451E-1 8.61127E-1 8.49034E-1 8.51206E-1 8.36548E-1 8.10637E-1 8.29464E-1 8.53536E-1 8.66391E-1 8.80723E-1 8.76759E-1 8.52917E-1
6.51139E-1 6.50981E-1 6.61584E-1 6.53434E-1 6.66399E-1 6.82674E-1 6.91137E-1 7.04762E-1 7.15185E-1 6.16315E-1 5.88067E-1 5.96732E-1 6.08564E-1 6.13043E-1 6.22897E-1 6.28119E-1 6.22284E-1 6.25354E-1 7.24401E-1 7.58085E-1 7.42579E-1 7.42057E-1 7.338E-1 7.31556E-1 7.2564E-1 7.2077E-1 7.2351E-1 7.20665E-1 7.26541E-1 7.35234E-1 7.38478E-1 7.41639E-1 7.43055E-1 7.49358E-1 7.46352E-1 7.45644E-1 7.47141E-1 7.49963E-1 7.55337E-1 7.82091E-1 8.0789E-1 8.16465E-1 8.22466E-1 8.35272E-1 8.48992E-1 8.63102E-1 8.75909E-1 8.74222E-1 8.75383E-1 8.6829E-1 8.64278E-1 8.63841E-1 8.70748E-1 8.70077E-1 8.74439E-1 8.60914E-1 8.53358E-1 8.54977E-1 8.5136E-1 8.46343E-1 8.09658E-1
6.4095E-1 6.49904E-1 6.4667E-1 6.56433E-1 6.6976E-1 6.72654E-1 6.85623E-1 6.91454E-1 7.08288E-1 7.28074E-1 5.97831E-1 6.0552E-1 6.16845E-1 6.21997E-1 6.2528E-1 6.32382E-1 6.27553E-1 6.28797E-1 6.98613E-1 7.47819E-1 7.30565E-1 7.28875E-1 7.26945E-1 7.29745E-1 7.25175E-1 7.22097E-1 7.19067E-1 7.25082E-1 7.39533E-1 7.43749E-1 7.41542E-1 7.41616E-1 7.45813E-1 7.47211E-1 7.49682E-1 7.54458E-1 7.53426E-1 7.6457E-1 7.83545E-1 8.05244E-1 8.30794E-1 8.25533E-1 8.15359E-1 8.22891E-1 8.42357E-1 8.55241E-1 8.59379E-1 8.58816E-1 8.5437E-1 8.53263E-1 8.58902E-1 8.66635E-1 8.68203E-1 8.69311E-1 8.31206E-1 7.24663E-1 6.5177E-1 5.72017E-1 5.41126E-1 5.38097E-1 5.39296E-1
6.36182E-1 6.375E-1 6.4405E-1 6.49097E-1 6.68993E-1 6.78907E-1 6.7758E-1 6.92722E-1 7.0519E-1 6.73666E-1 5.97256E-1 6.13883E-1 6.29316E-1 6.40834E-1 6.45156E-1 6.53497E-1 6.49132E-1 6.349E-1 7.51094E-1 7.45758E-1 7.52632E-1 7.39816E-1 7.31269E-1 7.42016E-1 7.35206E-1 7.28675E-1 7.21916E-1 7.23707E-1 7.29841E-1 7.30605E-1 7.36449E-1 7.46665E-1 7.51969E-1 7.56069E-1 7.63779E-1 7.66659E-1 7.67135E-1 7.80234E-1 7.96001E-1 7.5933E-1 8.06867E-1 8.51696E-1 8.18349E-1 8.1734E-1 8.31936E-1 8.3364E-1 8.3386E-1 7.1035E-1 6.20989E-1 6.32857E-1 6.74681E-1 7.37725E-1 8.36018E-1 8.09685E-1 7.10175E-1 6.44631E-1 5.35209E-1 5.09602E-1 4.92884E-1 5.15885E-1 6.21012E-1
6.40435E-1 6.4216E-1 6.48159E-1 6.44666E-1 6.47779E-1 6.55421E-1 6.77342E-1 7.01418E-1 7.10671E-1 6.79113E-1 6.07758E-1 6.27284E-1 6.39736E-1 6.51774E-1 6.60521E-1 6.58991E-1 6.65404E-1 6.58552E-1 7.57076E-1 7.35035E-1 7.44059E-1 7.37965E-1 7.31739E-1 7.38439E-1 7.38071E-1 7.35372E-1 7.26706E-1 7.24768E-1 7.28873E-1 7.27696E-1 7.3537E-1 7.55295E-1 7.68056E-1 7.93264E-1 7.93542E-1 7.81528E-1 7.90911E-1 7.95219E-1 8.22901E-1 6.29392E-1 6.85816E-1 8.3626E-1 8.51341E-1 8.37987E-1 8.30761E-1 7.94851E-1 5.83341E-1 4.99368E-1 5.12803E-1 5.3563E-1 5.54978E-1 5.68534E-1 5.82987E-1 5.73038E-1 5.53655E-1 5.48234E-1 5.21341E-1 5.11606E-1 5.7189E-1 7.19207E-1 7.57633E-1
6.40926E-1 6.31307E-1 6.2698E-1 6.3506E-1 6.38818E-1 6.50047E-1 6.79758E-1 6.98304E-1 7.1345E-1 6.85018E-1 6.11469E-1 6.26761E-1 6.47766E-1 6.641E-1 6.76263E-1 6.83114E-1 6.88043E-1 7.58078E-1 7.41004E-1 7.3252E-1 7.33672E-1 7.30959E-1 7.33803E-1 7.36113E-1 7.33468E-1 7.28017E-1 7.23135E-1 7.24193E-1 7.31212E-1 7.35501E-1 7.41667E-1 7.44866E-1 7.73663E-1 8.04763E-1 8.07452E-1 7.98101E-1 7.98667E-1 8.16575E-1 8.24657E-1 8.45211E-1 8.60946E-1 8.60883E-1 8.57501E-1 7.71645E-1 6.4025E-1 5.11892E-1 4.89207E-1 5.01097E-1 5.18049E-1 5.40629E-1 5.55379E-1 5.67189E-1 5.75765E-1 5.70997E-1 5.41822E-1 5.72294E-1 6.83088E-1 7.48357E-1 7.35786E-1 7.45247E-1 7.5801E-1
6.41966E-1 6.31343E-1 6.3387E-1 6.37068E-1 6.41053E-1 6.50635E-1 6.73348E-1 6.82247E-1 6.68324E-1 7.21296E-1 6.42638E-1 6.21111E-1 6.43575E-1 6.58127E-1 6.71413E-1 6.82233E-1 7.64598E-1 7.25251E-1 7.27188E-1 7.38846E-1 7.34001E-1 7.30067E-1 7.31092E-1 7.28339E-1 7.27587E-1 7.23978E-1 7.19688E-1 7.1467E-1 7.2315E-1 7.32397E-1 7.42257E-1 7.5426E-1 7.62382E-1 7.7389E-1 7.95303E-1 8.02963E-1 8.01638E-1 8.03746E-1 8.05231E-1 8.37663E-1 8.60237E-1 7.85382E-1 6.19641E-1 5.38243E-1 5.23817E-1 5.06132E-1 5.05571E-1 5.12618E-1 5.30842E-1 5.40947E-1 5.59059E-1 5.74121E-1 5.86545E-1 6.42675E-1 7.42092E-1 7.68551E-1 7.62507E-1 7.55894E-1 7.56881E-1 7.62989E-1 7.61586E-1
6.36852E-1 6.29073E-1 6.38608E-1 6.32654E-1 6.40525E-1 6.47385E-1 6.58123E-1 6.56372E-1 6.54317E-1 6.53573E-1 7.30102E-1 6.1479E-1 6.36841E-1 6.48773E-1 6.56132E-1 6.79342E-1 7.71201E-1 7.39484E-1 7.46941E-1 7.57866E-1 7.5239E-1 7.39971E-1 7.28965E-1 7.29263E-1 7.22449E-1 7.20528E-1 7.17869E-1 7.16456E-1 7.18553E-1 7.21157E-1 7.31571E-1 7.32384E-1 7.36589E-1 7.54799E-1 7.72315E-1 7.78124E-1 7.34582E-1 5.65074E-1 6.19052E-1 5.82123E-1 6.39299E-1 5.97808E-1 5.60826E-1 5.54223E-1 5.38457E-1 5.27674E-1 5.26482E-1 5.22071E-1 5.34936E-1 5.76588E-1 6.64769E-1 7.58864E-1 7.86079E-1 7.82328E-1 7.72878E-1 7.63462E-1 7.62799E-1 7.66324E-1 7.69987E-1 7.71913E-1 7.64953E-1
6.29825E-1 6.32748E-1 6.37784E-1 6.31171E-1 6.33684E-1 6.32654E-1 6.35534E-1 6.58506E-1 6.87077E-1 6.53578E-1 7.01474E-1 7.22852E-1 6.32626E-1 7.05337E-1 7.42021E-1 7.45328E-1 7.32353E-1 7.32654E-1 7.45063E-1 7.42134E-1 7.27265E-1 7.26938E-1 7.2023E-1 7.22896E-1 7.22885E-1 7.26586E-1 7.22635E-1 7.17897E-1 7.18944E-1 7.15022E-1 7.13747E-1 7.14802E-1 7.29811E-1 7.55764E-1 7.59296E-1 7.65461E-1 6.41748E-1 5.29396E-1 5.24762E-1 5.67839E-1 5.91748E-1 5.7551E-1 5.74419E-1 5.74157E-1 5.59896E-1 5.47043E-1 5.49381E-1 6.84208E-1 7.8036E-1 8.00363E-1 7.92105E-1 7.79524E-1 7.65455E-1 7.64043E-1 7.56012E-1 7.5292E-1 7.58373E-1 7.54701E-1 7.59248E-1 7.60752E-1 7.63016E-1
6.20735E-1 6.13986E-1 6.14591E-1 6.24413E-1 6.25709E-1 6.23423E-1 6.29566E-1 6.47553E-1 6.6107E-1 6.7036E-1 6.73682E-1 6.82352E-1 7.02228E-1 7.08283E-1 7.02925E-1 7.02421E-1 7.05717E-1 7.04523E-1 7.32361E-1 7.24417E-1 7.18196E-1 7.14465E-1 7.12313E-1 7.29693E-1 7.29913E-1 7.21356E-1 7.20121E-1 7.11913E-1 7.18637E-1 7.09374E-1 7.04273E-1 7.03522E-1 7.35371E-1 7.49791E-1 7.27708E-1 7.17796E-1 7.34309E-1 7.47936E-1 6.47159E-1 6.73086E-1 5.36366E-1 5.75133E-1 5.96383E-1 6.56138E-1 6.49711E-1 6.38266E-1 7.55224E-1 8.22118E-1 8.19517E-1 8.08875E-1 7.90346E-1 7.62367E-1 7.48765E-1 7.51355E-1 7.36864E-1 7.39666E-1 7.41467E-1 7.31847E-1 7.40953E-1 7.48024E-1 7.51964E-1
6.01822E-1 6.0144E-1 6.09058E-1 6.23642E-1 6.18531E-1 6.22419E-1 6.54233E-1 6.3382E-1 6.28439E-1 6.49996E-1 6.61803E-1 6.76934E-1 6.7782E-1 6.71152E-1 6.59381E-1 6.56549E-1 6.59435E-1 6.80118E-1 6.91909E-1 7.01127E-1 7.04239E-1 7.25234E-1 7.21616E-1 7.26557E-1 7.29475E-1 7.16296E-1 7.13005E-1 7.13942E-1 7.05021E-1 7.06162E-1 7.00915E-1 7.00065E-1 7.08026E-1 7.10511E-1 7.00999E-1 7.09517E-1 7.12091E-1 7.2402E-1 7.33216E-1 7.3571E-1 7.45167E-1 7.69644E-1 7.95825E-1 8.11499E-1 8.26674E-1 8.27602E-1 8.29706E-1 8.33255E-1 8.26783E-1 8.0818E-1 7.70409E-1 7.60531E-1 7.24669E-1 7.09599E-1 7.1713E-1 7.27722E-1 7.28277E-1 7.28495E-1 7.32968E-1 7.37224E-1 7.45537E-1
6.16272E-1 6.13818E-1 6.22432E-1 6.24563E-1 6.45341E-1 6.24085E-1 6.54468E-1 6.29234E-1 6.18423E-1 6.18218E-1 6.32185E-1 6.47061E-1 6.49272E-1 6.45132E-1 6.5452E-1 6.56886E-1 6.6487E-1 6.81809E-1 6.82066E-1 6.91368E-1 7.08081E-1 7.21657E-1 7.20657E-1 7.20431E-1 7.19039E-1 7.27601E-1 7.17504E-1 7.00179E-1 7.03916E-1 7.1141E-1 7.03506E-1 6.94162E-1 6.83268E-1 6.86469E-1 6.9663E-1 6.98339E-1 7.05885E-1 7.15546E-1 7.15458E-1 7.10447E-1 7.29956E-1 7.48701E-1 7.7109E-1 7.904E-1 8.0887E-1 8.22116E-1 8.27131E-1 8.25836E-1 8.19279E-1 7.96156E-1 7.58564E-1 7.32556E-1 7.22097E-1 7.16178E-1 7.09662E-1 7.15677E-1 7.24321E-1 7.25841E-1 7.16984E-1 7.25062E-1 7.4903E-1
6.07288E-1 6.04713E-1 6.11804E-1 6.17219E-1 6.10591E-1 6.10366E-1 6.12631E-1 6.15446E-1 6.18549E-1 6.22833E-1 6.296E-1 6.34177E-1 6.39175E-1 6.37795E-1 6.40743E-1 6.34111E-1 6.46642E-1 6.56932E-1 6.74357E-1 6.93921E-1 7.06083E-1 7.0063E-1 7.00421E-1 7.05709E-1 7.10018E-1 7.12527E-1 6.97366E-1 7.0071E-1 6.95237E-1 6.97471E-1 7.09522E-1 7.00513E-1 6.96403E-1 7.01525E-1 7.08921E-1 7.05538E-1 7.13697E-1 7.19778E-1 7.17139E-1 7.1616E-1 7.24695E-1 7.37029E-1 7.58601E-1 7.70963E-1 7.8485E-1 7.94228E-1 8.06943E-1 8.09183E-1 8.00356E-1 7.86862E-1 7.58646E-1 7.3069E-1 7.17111E-1 7.18994E-1 7.21802E-1 7.22563E-1 7.24755E-1 7.30372E-1 7.25045E-1 7.28784E-1 7.4294E-1
5.945E-1 5.94814E-1 5.96674E-1 5.99069E-1 6.10919E-1 6.09557E-1 6.11877E-1 6.10671E-1 6.10086E-1 6.11948E-1 6.16242E-1 6.19581E-1 6.26178E-1 6.35304E-1 6.3683E-1 6.4024E-1 6.44736E-1 6.62123E-1 6.76247E-1 6.86521E-1 6.87367E-1 6.89375E-1 6.93102E-1 6.95149E-1 6.98365E-1 7.03434E-1 7.16142E-1 7.17304E-1 7.01737E-1 6.92742E-1 6.99423E-1 7.06962E-1 7.22689E-1 7.11215E-1 7.04719E-1 7.02432E-1 7.0433E-1 7.14527E-1 7.07288E-1 7.13366E-1 7.2404E-1 7.33814E-1 7.42334E-1 7.45682E-1 7.48361E-1 7.52475E-1 7.74782E-1 7.79997E-1 7.7202E-1 7.66216E-1 7.5528E-1 7.31575E-1 7.26083E-1 7.17717E-1 7.36263E-1 7.54116E-1 7.41954E-1 7.37133E-1 7.44466E-1 7.53967E-1 7.59875E-1
5.90804E-1 5.92614E-1 5.90267E-1 5.94381E-1 6.06952E-1 6.1153E-1 6.17675E-1 6.1324E-1 6.12639E-1 6.18162E-1 6.16356E-1 6.15955E-1 6.28305E-1 6.33011E-1 6.35991E-1 6.4863E-1 6.54411E-1 6.70161E-1 6.77033E-1 6.84169E-1 6.88371E-1 6.85138E-1 6.92594E-1 6.8138E-1 6.83595E-1 6.82852E-1 6.87435E-1 7.04818E-1 7.07344E-1 6.98092E-1 7.06838E-1 7.28134E-1 7.33557E-1 7.17352E-1 7.10541E-1 7.08108E-1 7.04944E-1 7.07682E-1 7.04933E-1 7.2273E-1 7.3145E-1 7.40374E-1 7.34896E-1 7.27435E-1 7.22171E-1 7.32653E-1 7.31083E-1 7.52684E-1 7.54225E-1 7.50213E-1 7.42859E-1 7.35E-1 7.32116E-1 7.40919E-1 7.39613E-1 7.52561E-1 7.60206E-1 7.4463E-1 7.33449E-1 7.50741E-1 7.50807E-1
5.96923E-1 6.11858E-1 6.114E-1 6.00769E-1 6.05745E-1 6.1148E-1 6.1096E-1 6.14153E-1 6.01667E-1 6.02848E-1 6.06309E-1 6.14624E-1 6.18865E-1 6.24466E-1 6.34823E-1 6.42606E-1 6.54094E-1 6.69647E-1 6.76934E-1 6.74726E-1 6.77179E-1 6.72241E-1 6.80354E-1 6.8032E-1 6.76205E-1 6.77024E-1 6.75876E-1 6.89526E-1 7.10384E-1 7.12113E-1 6.91371E-1 7.05639E-1 7.10344E-1 7.14394E-1 7.14791E-1 7.06798E-1 7.01638E-1 6.9572E-1 7.01488E-1 7.21957E-1 7.25149E-1 7.34448E-1 7.32686E-1 7.31568E-1 7.17939E-1 7.144E-1 7.12571E-1 7.29055E-1 7.48883E-1 7.37126E-1 7.32867E-1 7.37091E-1 7.38131E-1 7.47834E-1 7.44772E-1 7.68619E-1 7.69905E-1 7.51223E-1 7.44404E-1 7.39225E-1 7.49484E-1
