data/maxent/outputs/white_7.asc
ncols         426
nrows         180
xllcorner     -130.0
yllcorner     24.0
cellsize      0.16666666666666666
NODATA_value  -9999
[rows 27 to 53 of 180, columns 183 to 243 of 426]
7.44986E-5 6.36017E-5 6.11904E-5 5.62338E-5 4.99237E-5 5.47682E-5 6.18849E-5 7.09785E-5 6.56379E-5 7.53377E-5 7.53905E-5 6.76179E-5 5.52057E-5 4.65242E-5 4.06815E-5 4.11789E-5 4.36987E-5 4.99454E-5 6.5245E-5 7.618E-5 8.38416E-5 7.27374E-5 5.79557E-5 4.54216E-5 3.90273E-5 3.9519E-5 6.12228E-5 6.56405E-5 7.14308E-5 6.3997E-5 6.39916E-5 7.90586E-5 9.31898E-5 8.79283E-5 9.27156E-5 9.52597E-5 9.36388E-5 9.17535E-5 9.40362E-5 9.67149E-5 1.13296E-4 9.51326E-5 1.06438E-4 9.87254E-5 6.74288E-5 6.50234E-5 6.48482E-5 5.7181E-5 4.34958E-5 3.53497E-5 2.96796E-5 3.11095E-5 2.91443E-5 3.47977E-5 3.01233E-5 3.21912E-5 2.99971E-5 2.49986E-5 2.15678E-5 1.9776E-5 2.33367E-5
7.31928E-5 6.43675E-5 6.25279E-5 5.90236E-5 5.61676E-5 5.74177E-5 5.72557E-5 7.33706E-5 7.58421E-5 8.34688E-5 8.53599E-5 7.90396E-5 6.22035E-5 4.67677E-5 4.00569E-5 4.09044E-5 4.37948E-5 4.50541E-5 5.94745E-5 6.97658E-5 7.01896E-5 6.68073E-5 5.64985E-5 4.42478E-5 3.9772E-5 4.32255E-5 4.24989E-5 8.46728E-5 7.98596E-5 6.32309E-5 6.60867E-5 7.68356E-5 9.02853E-5 9.2017E-5 1.01995E-4 1.05657E-4 1.0264E-4 8.66762E-5 9.44763E-5 1.04341E-4 8.68216E-5 8.37293E-5 8.54828E-5 8.09885E-5 7.36087E-5 7.72033E-5 8.56816E-5 6.17032E-5 4.87858E-5 4.25272E-5 4.14236E-5 3.06714E-5 2.8444E-5 3.06108E-5 2.78966E-5 3.45891E-5 2.60244E-5 2.5827E-5 2.35908E-5 2.44286E-5 2.57554E-5
5.51085E-5 5.05246E-5 5.83798E-5 5.56653E-5 5.93054E-5 5.94729E-5 5.31724E-5 5.35179E-5 7.72703E-5 7.33735E-5 7.23702E-5 8.39774E-5 5.90373E-5 4.00004E-5 3.51964E-5 3.77675E-5 4.04265E-5 4.92871E-5 6.01214E-5 7.03755E-5 6.43897E-5 4.88127E-5 4.12151E-5 3.58979E-5 3.56606E-5 7.90177E-5 7.23906E-5 6.89547E-5 7.66873E-5 7.10235E-5 9.20251E-5 7.31847E-5 8.17545E-5 8.73343E-5 9.13965E-5 1.00826E-4 9.63301E-5 8.87324E-5 8.64273E-5 8.68701E-5 9.1473E-5 8.95937E-5 8.64039E-5 9.14722E-5 9.43771E-5 1.55914E-4 1.22922E-4 8.24683E-5 5.87888E-5 5.973E-5 5.89409E-5 4.09427E-5 3.61152E-5 3.80122E-5 3.32014E-5 2.72009E-5 3.89425E-5 2.60209E-5 2.41709E-5 2.34819E-5 2.27811E-5
4.92987E-5 4.79579E-5 5.05655E-5 5.21897E-5 5.15157E-5 4.03511E-5 3.12979E-5 3.46435E-5 5.30154E-5 6.03771E-5 6.42856E-5 6.33959E-5 4.71162E-5 3.31211E-5 3.36545E-5 3.34747E-5 3.9187E-5 5.03727E-5 5.362E-5 6.76899E-5 4.76874E-5 3.62025E-5 2.84005E-5 2.64516E-5 2.59668E-5 5.54663E-5 4.70745E-5 4.91445E-5 7.4745E-5 5.45348E-5 5.12012E-5 6.34543E-5 7.53613E-5 9.04418E-5 9.48859E-5 9.16431E-5 1.05888E-4 9.07472E-5 8.32654E-5 1.04012E-4 8.84958E-5 9.51398E-5 9.42573E-5 9.40118E-5 8.18545E-5 8.91467E-5 8.67698E-5 9.57615E-5 9.53178E-5 5.08634E-5 4.90728E-5 5.38875E-5 7.37268E-5 1.00028E-4 7.76532E-5 4.5694E-5 2.98238E-5 2.45031E-5 2.50598E-5 3.21251E-5 2.75781E-5
3.87628E-5 4.50735E-5 4.40351E-5 4.09845E-5 3.88533E-5 3.38574E-5 2.36111E-5 2.51535E-5 3.31136E-5 4.90932E-5 4.784E-5 5.17805E-5 3.86773E-5 3.59397E-5 3.37314E-5 3.54648E-5 4.02491E-5 4.26828E-5 4.66059E-5 4.37556E-5 3.76388E-5 3.01034E-5 2.27363E-5 2.18521E-5 2.64394E-5 2.94315E-5 3.30709E-5 3.10331E-5 3.12908E-5 2.79398E-5 3.83846E-5 5.1508E-5 7.42592E-5 8.74329E-5 9.20327E-5 8.36486E-5 9.54281E-5 1.52075E-4 9.72109E-5 1.17207E-4 9.73407E-5 9.85414E-5 8.77085E-5 8.53353E-5 9.74497E-5 7.58559E-5 7.10205E-5 7.7364E-5 7.27859E-5 7.40112E-5 8.44244E-5 7.19086E-5 6.74152E-5 1.02982E-4 1.52003E-4 8.46909E-5 3.45292E-5 2.51239E-5 2.55154E-5 1.00179E-4 8.5702E-5
3.90427E-5 4.48041E-5 4.2178E-5 4.48881E-5 4.1712E-5 3.00511E-5 2.19261E-5 2.43022E-5 3.13206E-5 4.64735E-5 4.75066E-5 4.55905E-5 3.83146E-5 3.73391E-5 3.77732E-5 3.61838E-5 4.47496E-5 3.89634E-5 3.94793E-5 4.0027E-5 3.4525E-5 3.38102E-5 2.97908E-5 2.78342E-5 2.97839E-5 3.24032E-5 3.34428E-5 3.34949E-5 3.75373E-5 2.78468E-5 3.81762E-5 6.22797E-5 7.5833E-5 8.88759E-5 8.19569E-5 6.44948E-5 5.99931E-5 8.61066E-5 1.22376E-4 1.62141E-4 1.53455E-4 1.01946E-4 7.18457E-5 7.09588E-5 9.39131E-5 1.09752E-4 8.36896E-5 8.58502E-5 9.53042E-5 6.78158E-5 6.02611E-5 4.5372E-5 4.5191E-5 8.81852E-5 1.82031E-4 1.08251E-4 6.48242E-5 5.99458E-5 6.35479E-5 7.11792E-5 5.78975E-5
4.74433E-5 5.13038E-5 4.67726E-5 3.53683E-5 3.32036E-5 3.01066E-5 2.36206E-5 2.45023E-5 3.38715E-5 4.16968E-5 4.3016E-5 4.09675E-5 4.10803E-5 3.82258E-5 3.62277E-5 4.05818E-5 4.81202E-5 4.14615E-5 3.36591E-5 3.45096E-5 3.27119E-5 3.79644E-5 3.07282E-5 2.95694E-5 3.05781E-5 2.98748E-5 3.28489E-5 3.54694E-5 3.43656E-5 3.36534E-5 3.89969E-5 5.50276E-5 7.27402E-5 8.2237E-5 7.63071E-5 6.07135E-5 6.1083E-5 6.66128E-5 7.74325E-5 9.49726E-5 1.02223E-4 1.25965E-4 1.01529E-4 9.22486E-5 1.01967E-4 7.56066E-5 8.16764E-5 8.74353E-5 7.45868E-5 7.18383E-5 7.62331E-5 6.68595E-5 6.10371E-5 8.34418E-5 7.54662E-5 9.37228E-5 7.37868E-5 9.9416E-5 1.03866E-4 9.39842E-5 9.88368E-5
5.85837E-5 7.52372E-5 6.8498E-5 5.33743E-5 4.08867E-5 3.43347E-5 3.33102E-5 3.76078E-5 4.03935E-5 4.33484E-5 4.46942E-5 4.656E-5 4.93857E-5 4.62237E-5 4.405E-5 4.32975E-5 4.90758E-5 4.56336E-5 3.55086E-5 3.15299E-5 3.14562E-5 3.82858E-5 3.1354E-5 2.92503E-5 2.92254E-5 3.15079E-5 3.44588E-5 3.49743E-5 2.98399E-5 3.35856E-5 3.56029E-5 5.23473E-5 6.22672E-5 6.82525E-5 7.15328E-5 6.59712E-5 6.7919E-5 7.07083E-5 7.43609E-5 8.07315E-5 8.16249E-5 7.98167E-5 8.59447E-5 8.3564E-5 8.92266E-5 9.72894E-5 9.07519E-5 8.99141E-5 8.54596E-5 8.32693E-5 8.86445E-5 1.44979E-4 9.89734E-5 1.19558E-4 8.05563E-5 1.06108E-4 1.11017E-4 1.41061E-4 1.2235E-4 1.23534E-4 1.74713E-4
5.32087E-5 9.11967E-5 1.11064E-4 1.00909E-4 7.09576E-5 4.82411E-5 4.24925E-5 4.36448E-5 4.62639E-5 4.86376E-5 5.06672E-5 5.23671E-5 5.30624E-5 5.30052E-5 5.7202E-5 5.11445E-5 4.73933E-5 4.26193E-5 4.03238E-5 3.9305E-5 3.45672E-5 3.4042E-5 3.51411E-5 3.54004E-5 3.5531E-5 4.68212E-5 6.79854E-5 6.99522E-5 6.51116E-5 6.0723E-5 5.16344E-5 5.48561E-5 5.66187E-5 5.55922E-5 5.80829E-5 6.06199E-5 6.27573E-5 6.83656E-5 7.54896E-5 8.94997E-5 7.55094E-5 7.27679E-5 6.85107E-5 6.13381E-5 6.15492E-5 6.08468E-5 7.66093E-5 9.53031E-5 9.0066E-5 8.32443E-5 7.71262E-5 7.9014E-5 7.48501E-5 8.41141E-5 9.49673E-5 1.54774E-4 1.47184E-4 1.42354E-4 1.77736E-4 4.94874E-4 2.29164E-3
5.24582E-5 5.28718E-5 5.11722E-5 4.55408E-5 5.3871E-5 4.82079E-5 5.18597E-5 4.63371E-5 4.77654E-5 4.78381E-5 5.18603E-5 5.61066E-5 6.06994E-5 5.5997E-5 6.92101E-5 6.36164E-5 5.14679E-5 4.76949E-5 4.63246E-5 4.47832E-5 4.35249E-5 4.4627E-5 4.01117E-5 3.88091E-5 3.98165E-5 7.27599E-5 9.2423E-5 9.31515E-5 5.45632E-5 4.89758E-5 5.13321E-5 5.21588E-5 5.84272E-5 5.70765E-5 6.08788E-5 6.09113E-5 6.52822E-5 6.60725E-5 6.39113E-5 6.58892E-5 6.19392E-5 6.66957E-5 7.73501E-5 9.2113E-5 6.29843E-5 7.15518E-5 6.38904E-5 6.53368E-5 7.19036E-5 6.69244E-5 6.36317E-5 7.39083E-5 8.16751E-5 9.24929E-5 9.46688E-5 1.21454E-4 2.27878E-4 5.90673E-4 2.21898E-3 1.92255E-3 1.58424E-3
5.9482E-5 5.55176E-5 5.01819E-5 4.61562E-5 4.58501E-5 3.79399E-5 3.92452E-5 3.47618E-5 4.12953E-5 4.76307E-5 5.25728E-5 5.72725E-5 6.34558E-5 6.5331E-5 7.04781E-5 6.47747E-5 5.80043E-5 5.50748E-5 4.87411E-5 4.63057E-5 4.97066E-5 4.57039E-5 4.11757E-5 4.16086E-5 4.41647E-5 4.47275E-5 4.2098E-5 4.41248E-5 4.67259E-5 5.02518E-5 4.89823E-5 5.01142E-5 5.46351E-5 5.71529E-5 5.7588E-5 5.71926E-5 6.10735E-5 6.17713E-5 6.69175E-5 5.92919E-5 5.75886E-5 5.31442E-5 5.15335E-5 5.06979E-5 5.40033E-5 5.39859E-5 5.65908E-5 6.18835E-5 6.2644E-5 6.1446E-5 6.44567E-5 7.55572E-5 1.00483E-4 2.28458E-4 4.97808E-4 1.62749E-3 2.1592E-3 1.79395E-3 1.81834E-3 1.91313E-3 2.01697E-3
5.6068E-5 5.64458E-5 5.67581E-5 5.09948E-5 4.51214E-5 4.84897E-5 4.25102E-5 4.26577E-5 3.95111E-5 4.74291E-5 5.28096E-5 5.89125E-5 5.88603E-5 6.31068E-5 6.69079E-5 6.72535E-5 6.24726E-5 6.30426E-5 6.15772E-5 6.15899E-5 6.76468E-5 5.58947E-5 5.02873E-5 5.06612E-5 4.24209E-5 4.01517E-5 4.32575E-5 4.67982E-5 5.35952E-5 5.78183E-5 5.37986E-5 5.58246E-5 6.00225E-5 5.84414E-5 5.89209E-5 6.68273E-5 6.88896E-5 5.75078E-5 5.88786E-5 6.08066E-5 5.8479E-5 6.66487E-5 5.02318E-5 5.25084E-5 5.26141E-5 5.55492E-5 5.28218E-5 5.49635E-5 5.67262E-5 6.92168E-5 1.12368E-4 2.43201E-4 1.3397E-3 1.72616E-3 1.53048E-3 1.82444E-3 1.93271E-3 2.13838E-3 2.16406E-3 2.20844E-3 2.37063E-3
5.66678E-5 5.92595E-5 6.61683E-5 5.75099E-5 5.28116E-5 4.94692E-5 4.51322E-5 4.51024E-5 4.38888E-5 4.93557E-5 5.39042E-5 5.24832E-5 6.05224E-5 6.15982E-5 6.56163E-5 6.60755E-5 6.77706E-5 6.99812E-5 7.51035E-5 7.02976E-5 7.43796E-5 6.74432E-5 7.5052E-5 5.16268E-5 4.66004E-5 5.14898E-5 4.84805E-5 5.56112E-5 5.49341E-5 9.27783E-5 5.79323E-5 1.01756E-4 6.78528E-5 5.27731E-5 5.35504E-5 6.98414E-5 6.43291E-5 6.42826E-5 6.85103E-5 5.78946E-5 4.39153E-5 4.83122E-5 5.15494E-5 5.16763E-5 6.33079E-5 6.26464E-5 6.11285E-5 6.34268E-5 8.18392E-5 1.77239E-4 1.42288E-3 1.68158E-3 1.72906E-3 1.95765E-3 2.1007E-3 2.14153E-3 2.16483E-3 2.29644E-3 2.45663E-3 2.65156E-3 2.77396E-3
4.73839E-5 5.15539E-5 5.25574E-5 4.69685E-5 5.35609E-5 5.83776E-5 4.93192E-5 4.74252E-5 4.84017E-5 5.4133E-5 5.87346E-5 5.51014E-5 5.4727E-5 5.96889E-5 6.61755E-5 7.06334E-5 7.64621E-5 7.61428E-5 8.30077E-5 8.0126E-5 8.6573E-5 7.94606E-5 7.89158E-5 6.72454E-5 5.88507E-5 5.78602E-5 5.80375E-5 5.28561E-5 5.62884E-5 6.47064E-5 9.56427E-5 7.49809E-5 5.75287E-5 6.05115E-5 5.86841E-5 7.4457E-5 6.49461E-5 6.22231E-5 6.1279E-5 4.84921E-5 4.71171E-5 4.451E-5 4.89192E-5 6.29868E-5 7.62482E-5 8.13022E-5 8.76401E-5 1.15843E-4 2.0366E-4 1.85787E-3 1.66923E-3 2.10533E-3 2.61008E-3 2.75848E-3 2.56116E-3 2.40668E-3 2.52793E-3 2.74753E-3 2.91918E-3 3.02209E-3 3.17542E-3
3.37641E-5 3.92507E-5 4.72509E-5 4.38666E-5 4.55317E-5 5.20609E-5 5.44135E-5 5.45485E-5 5.32326E-5 5.9331E-5 6.04148E-5 5.84972E-5 5.41776E-5 5.34612E-5 6.1975E-5 8.0811E-5 8.08922E-5 7.85706E-5 7.11198E-5 7.42956E-5 7.18575E-5 7.9899E-5 8.34813E-5 7.63388E-5 6.31475E-5 5.56325E-5 5.67114E-5 5.43635E-5 5.93601E-5 8.82222E-5 1.36275E-4 9.37033E-5 6.15465E-5 6.58316E-5 6.2886E-5 6.30511E-5 5.71509E-5 5.49187E-5 5.25932E-5 5.05484E-5 5.10692E-5 5.25187E-5 5.77475E-5 8.21932E-5 9.62099E-5 1.14577E-4 1.63212E-4 4.76572E-4 1.99566E-3 1.63622E-3 2.09057E-3 2.77563E-3 3.47999E-3 3.67957E-3 3.7688E-3 2.93299E-3 2.85152E-3 3.0029E-3 3.15098E-3 3.31659E-3 3.61192E-3
4.81183E-5 4.22541E-5 5.03388E-5 4.99247E-5 5.18718E-5 4.89244E-5 5.45602E-5 5.67928E-5 6.03466E-5 5.91838E-5 6.71707E-5 6.09555E-5 6.15664E-5 5.91484E-5 6.8151E-5 7.80328E-5 8.93941E-5 7.87245E-5 7.04847E-5 6.90217E-5 7.48761E-5 7.70847E-5 7.61353E-5 8.23494E-5 6.5961E-5 5.27112E-5 5.00371E-5 5.64787E-5 5.7867E-5 6.55944E-5 6.60705E-5 6.80762E-5 7.08024E-5 6.88799E-5 6.22494E-5 5.23709E-5 5.1824E-5 6.47494E-5 5.80205E-5 5.75061E-5 6.3487E-5 6.68542E-5 7.26666E-5 1.02622E-4 1.33512E-4 3.94225E-4 1.57855E-3 1.83838E-3 1.92655E-3 2.36181E-3 1.98792E-3 1.30245E-3 1.82365E-3 2.52609E-3 3.9293E-3 3.323E-3 3.01855E-3 3.22919E-3 4.08357E-3 5.35941E-3 6.87029E-3
5.41324E-5 5.96396E-5 6.12786E-5 5.71896E-5 5.58575E-5 5.53614E-5 6.30454E-5 6.49165E-5 6.41212E-5 6.56185E-5 7.09375E-5 7.18752E-5 6.18965E-5 6.12057E-5 6.61226E-5 7.20836E-5 7.91485E-5 8.16107E-5 6.86279E-5 7.50013E-5 9.04499E-5 8.57303E-5 8.28756E-5 7.47793E-5 6.47198E-5 5.38944E-5 5.09939E-5 5.16519E-5 5.3754E-5 6.15956E-5 6.34186E-5 8.19813E-5 8.94793E-5 7.7522E-5 7.02649E-5 5.61601E-5 5.65471E-5 7.9612E-5 6.01974E-5 6.02233E-5 7.30746E-5 7.81835E-5 8.3257E-5 1.16405E-4 4.60917E-4 1.38497E-3 1.10933E-3 6.10895E-4 3.41958E-4 3.32507E-4 3.57058E-4 6.58855E-4 2.23671E-3 5.33037E-3 5.4154E-3 4.94284E-3 5.50415E-3 4.77087E-3 2.11109E-3 1.60359E-3 1.25758E-3
5.97891E-5 6.11196E-5 6.57984E-5 6.72199E-5 6.17519E-5 5.89111E-5 6.58298E-5 6.73308E-5 6.82176E-5 6.64885E-5 7.2008E-5 7.35288E-5 6.4497E-5 6.26348E-5 6.74575E-5 7.20727E-5 7.62982E-5 7.91269E-5 7.64448E-5 8.51683E-5 9.26282E-5 1.24316E-4 1.07387E-4 9.86418E-5 8.80541E-5 6.3121E-5 6.0393E-5 6.03518E-5 6.13042E-5 7.20528E-5 6.91932E-5 9.35655E-5 9.27587E-5 8.70384E-5 7.20947E-5 6.45241E-5 6.67802E-5 5.84669E-5 5.69062E-5 5.91222E-5 6.40671E-5 8.24123E-5 1.01564E-4 1.30143E-4 1.53174E-4 1.70899E-4 1.96753E-4 2.09127E-4 2.31398E-4 2.05919E-4 2.12241E-4 3.73617E-4 6.53826E-4 1.6707E-3 2.69784E-3 1.67274E-3 1.23643E-3 1.02592E-3 9.40456E-4 1.03301E-3 7.25153E-4
5.87868E-5 6.36287E-5 7.25139E-5 7.67797E-5 7.47645E-5 6.7783E-5 7.03798E-5 7.79951E-5 7.4775E-5 6.93324E-5 7.27541E-5 7.44521E-5 6.7296E-5 6.50888E-5 7.69552E-5 8.21038E-5 8.01792E-5 8.08825E-5 8.9935E-5 1.01443E-4 1.09991E-4 1.25672E-4 1.48127E-4 1.58745E-4 1.09049E-4 8.63923E-5 8.10551E-5 7.85672E-5 8.25567E-5 8.52029E-5 1.09927E-4 1.34766E-4 9.92227E-5 9.57019E-5 1.0933E-4 9.27822E-5 7.38739E-5 6.28781E-5 6.45793E-5 6.5809E-5 9.53663E-5 8.91942E-5 1.09163E-4 1.10576E-4 1.21429E-4 1.43144E-4 1.69252E-4 1.38681E-4 1.97355E-4 2.4729E-4 1.961E-4 2.69346E-4 4.25019E-4 5.88448E-4 5.40441E-4 4.8084E-4 4.43285E-4 5.41449E-4 6.22176E-4 7.99675E-4 7.06365E-4
5.76914E-5 7.10151E-5 8.38303E-5 9.53945E-5 8.45091E-5 8.00281E-5 8.71706E-5 8.92722E-5 8.07183E-5 8.00256E-5 8.21472E-5 9.21738E-5 8.60252E-5 8.42635E-5 8.56688E-5 9.05838E-5 7.82032E-5 8.7779E-5 1.00326E-4 1.24521E-4 1.37148E-4 1.52638E-4 1.53131E-4 1.46116E-4 1.33177E-4 1.12958E-4 1.11539E-4 1.15319E-4 1.16579E-4 1.31349E-4 1.22154E-4 9.50769E-5 8.59313E-5 9.80263E-5 2.99127E-4 3.34413E-4 7.65437E-5 6.91527E-5 8.28119E-5 9.49666E-5 9.86064E-5 1.08727E-4 1.25525E-4 1.32354E-4 1.47083E-4 1.74219E-4 1.3161E-4 1.82379E-4 2.15941E-4 2.09688E-4 2.33309E-4 2.4491E-4 2.82709E-4 3.02322E-4 3.2492E-4 3.52083E-4 3.45832E-4 3.42094E-4 4.10431E-4 4.51023E-4 4.75947E-4
7.36666E-5 7.01124E-5 9.30565E-5 1.10513E-4 1.04153E-4 8.67044E-5 8.53408E-5 1.02833E-4 8.65412E-5 8.7549E-5 9.67202E-5 1.06627E-4 1.06273E-4 1.10154E-4 1.18932E-4 1.18322E-4 1.00382E-4 1.04438E-4 1.13978E-4 1.4712E-4 1.52795E-4 1.55938E-4 1.64213E-4 1.52031E-4 1.5382E-4 1.34582E-4 1.2999E-4 1.38191E-4 1.49721E-4 1.18856E-4 1.11089E-4 1.00662E-4 8.12771E-5 9.25983E-5 1.13586E-4 1.33072E-4 8.46512E-5 8.75132E-5 8.70649E-5 1.089E-4 1.22865E-4 1.5179E-4 2.01232E-4 1.97743E-4 1.9356E-4 2.07699E-4 2.20581E-4 2.35596E-4 2.24356E-4 2.16052E-4 2.04912E-4 2.05095E-4 2.39732E-4 2.62779E-4 2.97689E-4 3.46644E-4 3.35789E-4 2.90938E-4 3.35359E-4 3.64513E-4 3.21738E-4
5.84932E-5 7.55986E-5 8.01266E-5 1.16647E-4 1.05084E-4 8.45932E-5 8.51309E-5 9.71806E-5 1.02393E-4 8.72413E-5 9.21429E-5 1.01487E-4 1.21128E-4 1.41788E-4 1.36137E-4 1.3203E-4 1.13428E-4 1.25791E-4 1.20588E-4 1.29786E-4 1.51793E-4 1.60724E-4 1.60935E-4 1.73777E-4 2.01333E-4 1.63464E-4 1.77845E-4 1.70231E-4 1.68956E-4 1.28898E-4 1.20354E-4 1.16944E-4 1.0386E-4 9.75857E-5 1.06527E-4 1.06815E-4 9.87314E-5 9.81685E-5 1.05514E-4 1.30394E-4 1.98045E-4 2.19786E-4 2.90495E-4 2.82836E-4 2.7768E-4 2.06912E-4 1.86349E-4 2.40079E-4 3.18116E-4 3.21998E-4 2.43024E-4 2.24521E-4 2.54572E-4 2.66078E-4 3.04431E-4 3.33732E-4 3.18317E-4 3.47857E-4 3.12881E-4 3.53434E-4 3.18098E-4
6.87569E-5 8.24725E-5 9.65328E-5 1.0507E-4 9.08694E-5 8.59884E-5 9.19775E-5 1.13116E-4 1.24872E-4 1.20999E-4 1.02407E-4 1.07067E-4 1.07562E-4 1.24146E-4 1.6278E-4 1.49715E-4 1.67623E-4 1.64783E-4 1.40976E-4 1.39072E-4 1.57685E-4 1.68386E-4 1.78962E-4 1.96557E-4 2.21766E-4 1.87795E-4 1.75135E-4 1.87321E-4 1.88592E-4 1.67683E-4 1.46838E-4 1.4826E-4 1.22682E-4 1.13463E-4 1.25648E-4 1.23602E-4 1.35902E-4 1.29886E-4 1.58248E-4 1.76532E-4 2.40761E-4 2.50422E-4 2.64939E-4 2.53517E-4 2.31146E-4 1.96057E-4 2.31466E-4 2.91106E-4 2.83814E-4 2.02357E-4 2.25899E-4 2.48691E-4 2.53774E-4 2.61832E-4 2.70796E-4 2.70996E-4 2.87839E-4 2.73304E-4 2.5804E-4 3.16195E-4 2.82362E-4
7.93251E-5 9.43579E-5 9.64096E-5 9.79256E-5 9.03681E-5 9.38658E-5 9.85402E-5 1.07319E-4 1.11449E-4 1.31155E-4 1.20363E-4 1.43908E-4 1.15677E-4 9.50293E-5 1.3533E-4 1.67997E-4 1.63824E-4 1.6755E-4 1.57517E-4 1.51793E-4 1.55449E-4 1.70749E-4 2.37787E-4 3.04904E-4 3.44798E-4 2.24296E-4 1.88738E-4 1.95705E-4 2.00772E-4 1.97528E-4 2.27537E-4 1.89037E-4 1.59683E-4 1.55327E-4 1.63826E-4 1.84405E-4 2.04628E-4 2.23275E-4 2.22019E-4 2.38893E-4 2.63555E-4 2.64075E-4 2.63452E-4 2.79847E-4 2.78383E-4 2.32523E-4 2.04453E-4 2.50417E-4 3.32355E-4 2.22645E-4 2.38207E-4 2.87664E-4 2.6442E-4 2.29201E-4 2.39239E-4 2.31442E-4 2.42289E-4 2.51389E-4 2.85285E-4 3.07382E-4 3.52456E-4
1.07578E-4 1.01478E-4 9.534E-5 1.00067E-4 1.00562E-4 1.0093E-4 1.00386E-4 1.01807E-4 1.22382E-4 1.40179E-4 1.59832E-4 1.74212E-4 1.88997E-4 9.75649E-5 9.68477E-5 1.59359E-4 1.70745E-4 1.74147E-4 1.75132E-4 1.66225E-4 1.70278E-4 1.99352E-4 3.31734E-4 5.15213E-4 4.74238E-4 3.38585E-4 2.48304E-4 2.08186E-4 2.15211E-4 2.42836E-4 2.37813E-4 2.25397E-4 2.27597E-4 2.43065E-4 2.62892E-4 2.91358E-4 3.04555E-4 3.00547E-4 2.88536E-4 3.41324E-4 2.82476E-4 2.8786E-4 2.62311E-4 2.7782E-4 2.71478E-4 2.47878E-4 2.55368E-4 2.84137E-4 2.84241E-4 2.54106E-4 2.5511E-4 2.44588E-4 2.73406E-4 2.88613E-4 2.76905E-4 2.77873E-4 3.21271E-4 3.29218E-4 3.8244E-4 3.54106E-4 3.47293E-4
1.1246E-4 1.14123E-4 1.10166E-4 1.11139E-4 1.08645E-4 9.52375E-5 9.45854E-5 1.03156E-4 1.19032E-4 1.60842E-4 1.83454E-4 1.93547E-4 1.73203E-4 1.19044E-4 9.07468E-5 1.41765E-4 1.44304E-4 1.54223E-4 1.83758E-4 1.81151E-4 2.02298E-4 2.09472E-4 3.66696E-4 5.63867E-4 4.66978E-4 3.27039E-4 3.46056E-4 3.18578E-4 2.69942E-4 2.43987E-4 2.37245E-4 2.81611E-4 3.14029E-4 3.24144E-4 3.40428E-4 3.49093E-4 4.04047E-4 4.24004E-4 4.62037E-4 4.64974E-4 4.03925E-4 3.1013E-4 3.04574E-4 2.93332E-4 3.07732E-4 3.11206E-4 3.02825E-4 2.8003E-4 3.40784E-4 3.66981E-4 3.35308E-4 2.78579E-4 3.19975E-4 4.05049E-4 3.67724E-4 3.12632E-4 3.70551E-4 4.20514E-4 4.12254E-4 3.4563E-4 3.06627E-4
1.16627E-4 1.25355E-4 1.26057E-4 1.18656E-4 1.07772E-4 1.01921E-4 1.02782E-4 1.01355E-4 1.19655E-4 1.57211E-4 1.88793E-4 1.78263E-4 1.61261E-4 1.15831E-4 1.00918E-4 1.22683E-4 1.63475E-4 1.64923E-4 1.85755E-4 1.89198E-4 1.78165E-4 2.05873E-4 2.75843E-4 3.54332E-4 3.43715E-4 2.78993E-4 2.74291E-4 2.61788E-4 2.43685E-4 2.82406E-4 3.23039E-4 3.32887E-4 2.70856E-4 3.0076E-4 3.42889E-4 3.91549E-4 5.71396E-4 6.34817E-4 7.1372E-4 5.66706E-4 5.54854E-4 3.6946E-4 2.94481E-4 2.98175E-4 3.2995E-4 3.60863E-4 3.89688E-4 3.1727E-4 2.91319E-4 3.14009E-4 2.89278E-4 2.92546E-4 2.6985E-4 3.25153E-4 3.1899E-4 3.34616E-4 3.4082E-4 3.71261E-4 3.66627E-4 4.13897E-4 3.45449E-4
