data/maxent/outputs/white_262.asc
ncols         426
nrows         180
xllcorner     -130.0
yllcorner     24.0
cellsize      0.16666666666666666
NODATA_value  -9999
[rows 27 to 53 of 180, columns 244 to 304 of 426]
3.19562E-2 3.28474E-2 5.01167E-2 6.63904E-2 8.00094E-2 9.31856E-2 8.11326E-2 4.7536E-2 3.29829E-2 2.90407E-2 3.0359E-2 3.35701E-2 3.78793E-2 3.08028E-2 5.935E-2 3.77737E-2 3.97358E-2 4.03818E-2 4.00583E-2 4.24798E-2 3.81935E-2 3.93577E-2 4.44786E-2 3.27529E-2 3.1135E-2 5.03018E-2 3.17526E-2 3.15692E-2 3.29504E-2 2.78646E-2 2.80464E-2 2.95107E-2 2.84344E-2 2.9979E-2 3.6747E-2 3.46786E-2 2.9528E-2 3.22899E-2 3.22189E-2 3.47504E-2 3.92533E-2 4.4621E-2 4.62045E-2 4.80006E-2 4.00127E-2 3.88385E-2 4.27793E-2 4.62677E-2 4.64026E-2 4.18979E-2 3.76038E-2 4.34473E-2 4.65404E-2 4.13042E-2 3.92456E-2 3.80059E-2 3.39287E-2 3.22941E-2 3.36699E-2 3.13994E-2 3.17643E-2
3.15835E-2 3.63893E-2 5.36326E-2 4.35403E-2 4.19672E-2 5.31263E-2 4.51376E-2 3.73836E-2 3.00983E-2 2.73583E-2 2.34119E-2 3.70953E-2 3.05324E-2 4.1529E-2 3.50116E-2 3.58752E-2 3.53534E-2 6.01135E-2 5.24669E-2 5.21123E-2 4.87797E-2 3.89066E-2 3.83163E-2 4.4969E-2 4.36293E-2 4.26572E-2 3.03423E-2 3.08224E-2 3.13052E-2 2.81297E-2 2.78114E-2 3.15008E-2 2.70438E-2 3.08097E-2 3.5729E-2 3.6682E-2 3.30117E-2 3.22369E-2 2.90256E-2 3.19769E-2 3.81429E-2 3.90433E-2 3.98181E-2 4.4592E-2 4.58954E-2 4.91251E-2 4.81429E-2 4.46292E-2 5.14631E-2 4.79351E-2 4.15616E-2 4.13217E-2 4.02065E-2 3.65345E-2 3.58107E-2 3.72846E-2 3.32733E-2 3.27999E-2 3.69908E-2 3.38296E-2 3.71422E-2
3.21905E-2 3.46074E-2 4.90652E-2 5.32752E-2 4.88452E-2 5.01089E-2 7.85734E-2 6.35551E-2 3.64523E-2 3.33768E-2 3.97001E-2 4.21261E-2 3.71207E-2 4.92663E-2 4.12601E-2 4.39404E-2 6.61464E-2 7.50499E-2 6.92739E-2 5.95662E-2 4.24027E-2 4.66428E-2 4.48026E-2 5.5138E-2 5.61773E-2 4.95483E-2 3.61023E-2 3.83567E-2 3.70983E-2 3.87331E-2 4.46524E-2 3.39016E-2 3.27505E-2 3.31276E-2 3.41103E-2 4.27883E-2 4.17182E-2 5.20602E-2 4.03309E-2 3.9541E-2 4.77977E-2 3.86283E-2 3.48284E-2 4.01862E-2 4.20188E-2 4.83884E-2 4.83945E-2 4.19353E-2 4.5667E-2 4.4435E-2 4.21888E-2 3.93073E-2 3.61519E-2 3.95752E-2 4.07354E-2 4.11152E-2 3.7495E-2 3.91873E-2 4.38251E-2 3.93267E-2 3.99361E-2
2.78123E-2 2.82473E-2 4.28433E-2 5.46968E-2 6.09417E-2 6.33751E-2 1.18573E-1 1.41702E-1 1.22856E-1 1.482E-1 1.09566E-1 8.12723E-2 6.46627E-2 8.12107E-2 8.79352E-2 7.18495E-2 7.02142E-2 9.31272E-2 8.67691E-2 8.15442E-2 6.09204E-2 6.76054E-2 6.18264E-2 5.18205E-2 4.51935E-2 3.87605E-2 4.51133E-2 4.38672E-2 3.85664E-2 8.39193E-2 4.75648E-2 4.07089E-2 3.71259E-2 3.47085E-2 3.77264E-2 5.34536E-2 4.49756E-2 3.91878E-2 4.09407E-2 4.00607E-2 3.99855E-2 4.15707E-2 3.91052E-2 3.64055E-2 3.7902E-2 4.30052E-2 4.50316E-2 4.29264E-2 4.12672E-2 4.59889E-2 4.1509E-2 4.17182E-2 3.69123E-2 4.28959E-2 4.3734E-2 8.51368E-2 8.74958E-2 5.21433E-2 5.13432E-2 4.11239E-2 4.0945E-2
3.63167E-2 3.20778E-2 3.81852E-2 5.52937E-2 9.58488E-2 1.84683E-1 1.01101E-1 1.31695E-1 1.98647E-1 2.4643E-1 2.11309E-1 1.76696E-1 1.81749E-1 2.14566E-1 2.10321E-1 2.14093E-1 1.94115E-1 1.82649E-1 1.07419E-1 8.08091E-2 7.11391E-2 7.6032E-2 9.29398E-2 5.69147E-2 4.36653E-2 4.53344E-2 4.74076E-2 5.50202E-2 4.03208E-2 5.20304E-2 4.5888E-2 4.42797E-2 4.16271E-2 4.12739E-2 4.72362E-2 4.77934E-2 4.91319E-2 4.40156E-2 4.0145E-2 3.94125E-2 3.77485E-2 4.39653E-2 4.09531E-2 4.11653E-2 3.88797E-2 3.72352E-2 4.38003E-2 4.36957E-2 4.18989E-2 4.4754E-2 4.81966E-2 4.19919E-2 4.53544E-2 5.35007E-2 6.0717E-2 1.09384E-1 1.20347E-1 7.57783E-2 1.11038E-1 6.26253E-2 5.22434E-2
5.5905E-2 7.67043E-2 1.30964E-1 1.4576E-1 2.1856E-1 2.09866E-1 2.3224E-1 1.34568E-1 9.63345E-2 9.07748E-2 8.25184E-2 7.76711E-2 7.96494E-2 8.54744E-2 9.28468E-2 9.03891E-2 9.99872E-2 1.15697E-1 2.45432E-1 9.95252E-2 9.7968E-2 8.04108E-2 6.41109E-2 5.47497E-2 5.00438E-2 5.61119E-2 5.00397E-2 4.93824E-2 6.62282E-2 5.37936E-2 6.49432E-2 4.37841E-2 4.90159E-2 5.48955E-2 4.90662E-2 4.96855E-2 4.67112E-2 4.50801E-2 4.75468E-2 4.20222E-2 4.41478E-2 4.19417E-2 4.15464E-2 4.31839E-2 4.59349E-2 4.52218E-2 5.7346E-2 4.95258E-2 5.29601E-2 5.52452E-2 7.12851E-2 4.86838E-2 4.63382E-2 4.66278E-2 4.84032E-2 5.16032E-2 7.40416E-2 8.72551E-2 1.03093E-1 8.28473E-2 7.31296E-2
1.72199E-1 2.92089E-1 2.56788E-1 2.91772E-1 2.51118E-1 1.52717E-1 1.0419E-1 9.78893E-2 9.16824E-2 8.55213E-2 7.8161E-2 7.44008E-2 7.49197E-2 7.55137E-2 7.43546E-2 7.7514E-2 8.70088E-2 9.46895E-2 1.58926E-1 1.59697E-1 1.09879E-1 9.13736E-2 7.0786E-2 6.15525E-2 6.47306E-2 6.1971E-2 5.27917E-2 6.08893E-2 6.2597E-2 6.28577E-2 9.14674E-2 8.03594E-2 7.06968E-2 1.06108E-1 9.20114E-2 7.44572E-2 6.36785E-2 4.88317E-2 5.42204E-2 4.71802E-2 4.46681E-2 4.27476E-2 4.59728E-2 5.07411E-2 5.04133E-2 5.51714E-2 5.24517E-2 6.0522E-2 6.52183E-2 6.42163E-2 8.07455E-2 5.85497E-2 5.76955E-2 6.14204E-2 5.42819E-2 5.19108E-2 6.75689E-2 6.95917E-2 8.14645E-2 8.84695E-2 1.04114E-1
2.9206E-1 2.66477E-1 1.83955E-1 1.4101E-1 1.24386E-1 1.34327E-1 1.10737E-1 9.89725E-2 9.0571E-2 8.37141E-2 7.67519E-2 7.20489E-2 7.20638E-2 7.39452E-2 7.4365E-2 7.61019E-2 7.898E-2 8.49787E-2 1.0633E-1 2.57679E-1 1.09649E-1 9.49369E-2 8.554E-2 7.24693E-2 7.26015E-2 7.55696E-2 6.83609E-2 7.66669E-2 7.47901E-2 6.81658E-2 1.06655E-1 1.18569E-1 9.40454E-2 8.73829E-2 8.37173E-2 7.39772E-2 7.14116E-2 5.44906E-2 5.07721E-2 5.05438E-2 5.70988E-2 4.84081E-2 4.9254E-2 4.9816E-2 5.4243E-2 5.7852E-2 5.62683E-2 6.13477E-2 6.06068E-2 6.35042E-2 6.06149E-2 6.1995E-2 7.76271E-2 6.38849E-2 7.3552E-2 7.7449E-2 7.45216E-2 8.30805E-2 9.63355E-2 1.1674E-1 1.01176E-1
1.71946E-1 1.38592E-1 2.3877E-1 3.3253E-1 3.31939E-1 1.80948E-1 1.24361E-1 1.01623E-1 8.85914E-2 8.08299E-2 7.28763E-2 7.05993E-2 7.12252E-2 7.40206E-2 7.43963E-2 7.5574E-2 7.59371E-2 8.0375E-2 9.34348E-2 1.68977E-1 2.87013E-1 1.66857E-1 1.24532E-1 1.1201E-1 1.07E-1 9.50062E-2 1.05558E-1 1.01079E-1 9.46457E-2 1.08344E-1 9.46298E-2 1.01816E-1 1.0827E-1 8.93782E-2 8.69893E-2 9.03651E-2 8.99686E-2 7.49716E-2 5.48788E-2 6.34119E-2 6.7769E-2 6.64044E-2 8.06756E-2 5.73908E-2 5.92924E-2 5.62458E-2 5.83099E-2 6.26483E-2 6.05196E-2 6.69233E-2 7.47426E-2 8.60012E-2 8.76685E-2 7.3866E-2 7.79234E-2 1.02734E-1 9.91414E-2 1.039E-1 1.18657E-1 1.12791E-1 1.12222E-1
1.93498E-1 3.88174E-1 3.30994E-1 2.05281E-1 1.49048E-1 1.39423E-1 1.23796E-1 1.06362E-1 9.2144E-2 8.03063E-2 7.42488E-2 7.46413E-2 7.55338E-2 7.42347E-2 8.96659E-2 9.14549E-2 9.129E-2 9.5191E-2 1.03234E-1 1.26365E-1 1.27242E-1 2.19107E-1 2.68434E-1 2.7102E-1 2.48107E-1 2.18326E-1 2.97201E-1 1.65218E-1 1.28803E-1 1.08449E-1 9.05791E-2 7.41799E-2 1.14855E-1 1.12905E-1 1.00372E-1 9.60547E-2 1.02283E-1 7.63703E-2 7.10268E-2 7.89123E-2 7.72618E-2 7.56546E-2 6.35579E-2 5.66233E-2 6.41444E-2 6.65755E-2 7.81997E-2 8.10297E-2 8.44205E-2 8.24337E-2 8.64278E-2 9.63232E-2 9.42552E-2 8.31382E-2 9.01082E-2 1.00242E-1 9.96385E-2 1.14701E-1 1.1593E-1 1.11232E-1 1.1497E-1
1.61524E-1 1.95229E-1 1.573E-1 1.59553E-1 1.5286E-1 1.41453E-1 1.2867E-1 1.13806E-1 1.00152E-1 9.20243E-2 8.74206E-2 8.84895E-2 8.19365E-2 7.99691E-2 9.38323E-2 9.35941E-2 9.53217E-2 9.84324E-2 1.03538E-1 1.13775E-1 2.05959E-1 3.36868E-1 2.47847E-1 1.21053E-1 1.33311E-1 1.44849E-1 3.15269E-1 1.61471E-1 1.22618E-1 9.9802E-2 1.07956E-1 9.98082E-2 8.854E-2 8.48E-2 1.15474E-1 9.85701E-2 9.46662E-2 7.81688E-2 9.31775E-2 9.74786E-2 9.90395E-2 7.61058E-2 8.6008E-2 9.45568E-2 7.76836E-2 7.30587E-2 8.6779E-2 9.57957E-2 8.59708E-2 9.62117E-2 9.58431E-2 9.57169E-2 1.01717E-1 1.11342E-1 1.12439E-1 1.26522E-1 1.23698E-1 1.12053E-1 1.17777E-1 1.05859E-1 1.20367E-1
1.7247E-1 1.70617E-1 1.7324E-1 1.71706E-1 1.69608E-1 1.61216E-1 1.58199E-1 1.95629E-1 1.96435E-1 1.50312E-1 1.29257E-1 1.14276E-1 9.46455E-2 8.7389E-2 1.00869E-1 1.01782E-1 1.01802E-1 1.05508E-1 1.11825E-1 1.14834E-1 1.05191E-1 1.22618E-1 1.14398E-1 1.17643E-1 1.28238E-1 1.6152E-1 3.34773E-1 2.17916E-1 1.46816E-1 1.30728E-1 1.14903E-1 1.2178E-1 9.88578E-2 1.12446E-1 1.15368E-1 9.19546E-2 9.01787E-2 8.66471E-2 8.46101E-2 8.36483E-2 8.98164E-2 8.44779E-2 9.27714E-2 8.594E-2 8.10241E-2 8.52669E-2 8.70912E-2 9.41024E-2 9.70637E-2 8.60373E-2 9.85737E-2 1.11771E-1 9.82388E-2 1.16037E-1 1.34967E-1 1.4604E-1 1.49266E-1 1.47655E-1 1.73361E-1 1.53611E-1 1.55929E-1
1.96347E-1 1.97931E-1 1.99981E-1 2.07771E-1 2.18761E-1 3.53911E-1 6.14684E-1 6.44014E-1 6.10543E-1 4.54734E-1 2.26805E-1 1.76221E-1 1.2071E-1 1.01064E-1 1.12573E-1 1.09788E-1 1.06943E-1 1.09916E-1 1.17264E-1 1.19549E-1 1.08E-1 1.36162E-1 1.03843E-1 1.08147E-1 1.19523E-1 1.45762E-1 2.26957E-1 3.71039E-1 2.64743E-1 1.4419E-1 1.30757E-1 1.50933E-1 1.45722E-1 1.52306E-1 1.35223E-1 1.31653E-1 1.22982E-1 1.38841E-1 1.16067E-1 1.14632E-1 1.19486E-1 1.08531E-1 9.60519E-2 9.94284E-2 8.17831E-2 8.57303E-2 8.43916E-2 8.18523E-2 7.29025E-2 8.06951E-2 8.74469E-2 1.14075E-1 1.22416E-1 1.42041E-1 1.73935E-1 1.96602E-1 1.75084E-1 1.72983E-1 2.6735E-1 1.80958E-1 1.6399E-1
2.16827E-1 2.30951E-1 2.57711E-1 3.70432E-1 6.34125E-1 6.0845E-1 5.72306E-1 5.95566E-1 3.4272E-1 2.48881E-1 2.32173E-1 2.21376E-1 1.86162E-1 1.41989E-1 1.37135E-1 1.2772E-1 1.21531E-1 1.20399E-1 1.25378E-1 1.28266E-1 1.09467E-1 1.11568E-1 1.05242E-1 1.08331E-1 1.14883E-1 1.30931E-1 1.6807E-1 2.56479E-1 3.71653E-1 1.81043E-1 1.68708E-1 1.46105E-1 1.51608E-1 1.42417E-1 1.64392E-1 1.61653E-1 1.69204E-1 1.61993E-1 1.36276E-1 1.29751E-1 1.39968E-1 1.43102E-1 1.66177E-1 1.36397E-1 1.03008E-1 8.70746E-2 1.04808E-1 9.40914E-2 9.9282E-2 1.21533E-1 1.17104E-1 1.30952E-1 1.43358E-1 1.52887E-1 2.30615E-1 2.07802E-1 1.97963E-1 1.86659E-1 2.05408E-1 2.51717E-1 1.84242E-1
2.78747E-1 3.34098E-1 5.41431E-1 6.06611E-1 5.44296E-1 6.48133E-1 5.54941E-1 3.3016E-1 2.95701E-1 2.55774E-1 2.39541E-1 2.31293E-1 2.15371E-1 1.87017E-1 1.7309E-1 1.48963E-1 1.405E-1 1.42047E-1 1.4236E-1 1.42563E-1 1.20818E-1 1.16111E-1 1.14568E-1 1.18249E-1 1.25223E-1 1.44803E-1 1.85339E-1 4.18133E-1 3.04983E-1 2.45159E-1 2.10204E-1 1.9578E-1 2.05219E-1 1.94558E-1 1.92392E-1 1.93293E-1 2.04853E-1 1.87907E-1 1.63251E-1 1.40707E-1 1.60902E-1 1.50776E-1 1.33867E-1 1.3873E-1 1.32421E-1 1.12705E-1 1.28146E-1 1.41303E-1 1.40948E-1 1.43379E-1 1.33004E-1 1.53867E-1 1.82346E-1 2.00576E-1 2.59268E-1 3.16468E-1 2.32307E-1 2.3242E-1 2.28567E-1 3.03117E-1 2.62409E-1
5.78824E-1 5.19313E-1 4.44939E-1 3.97889E-1 4.21241E-1 6.44593E-1 6.7044E-1 6.56399E-1 6.45797E-1 4.70057E-1 2.81226E-1 2.32741E-1 2.31596E-1 2.17054E-1 1.83573E-1 1.51381E-1 1.55581E-1 1.67554E-1 1.55195E-1 1.55588E-1 1.50332E-1 1.38316E-1 1.39298E-1 1.54335E-1 1.76825E-1 1.99217E-1 2.31503E-1 4.12741E-1 5.1376E-1 5.24106E-1 3.13229E-1 2.47103E-1 2.63935E-1 2.34053E-1 2.5964E-1 2.52726E-1 2.79631E-1 2.86599E-1 2.35193E-1 1.8775E-1 1.83124E-1 1.77647E-1 1.45319E-1 1.6367E-1 1.84197E-1 1.68405E-1 1.69753E-1 1.55529E-1 1.59346E-1 1.65929E-1 1.90554E-1 2.26182E-1 2.59925E-1 2.66851E-1 3.1093E-1 3.86556E-1 2.94383E-1 2.42058E-1 2.33943E-1 2.41258E-1 3.44618E-1
3.94046E-1 3.10144E-1 3.08182E-1 3.35359E-1 3.54785E-1 4.26643E-1 3.64299E-1 3.3738E-1 3.77216E-1 5.52258E-1 6.22309E-1 2.69568E-1 2.41651E-1 2.41016E-1 2.23168E-1 2.05414E-1 2.12498E-1 2.16648E-1 2.36658E-1 2.90435E-1 3.97622E-1 4.0678E-1 3.01748E-1 4.53757E-1 5.2941E-1 5.54985E-1 4.14155E-1 3.1176E-1 4.80105E-1 5.6947E-1 3.88368E-1 3.37713E-1 3.53939E-1 3.28887E-1 3.09336E-1 2.96436E-1 2.75739E-1 2.85911E-1 2.65313E-1 2.80371E-1 2.21718E-1 1.99288E-1 2.23914E-1 2.19915E-1 2.25387E-1 2.31841E-1 2.11566E-1 2.17157E-1 2.24447E-1 2.2014E-1 2.52514E-1 4.9356E-1 3.90947E-1 3.79791E-1 3.28671E-1 3.14294E-1 3.32956E-1 2.95413E-1 2.43979E-1 2.20544E-1 2.61205E-1
2.46029E-1 2.7931E-1 2.50672E-1 2.87991E-1 2.20885E-1 1.81474E-1 1.61565E-1 1.82335E-1 1.97554E-1 3.00074E-1 4.88504E-1 6.01091E-1 3.09309E-1 3.57536E-1 3.04637E-1 3.03686E-1 3.55615E-1 4.72735E-1 5.53117E-1 5.17979E-1 4.91514E-1 4.7742E-1 4.51142E-1 4.54951E-1 4.56832E-1 5.34601E-1 4.34564E-1 3.33345E-1 5.15814E-1 5.38589E-1 5.16157E-1 5.57575E-1 5.66498E-1 4.53186E-1 4.11858E-1 4.3393E-1 3.81987E-1 4.20753E-1 3.74046E-1 3.89087E-1 3.22734E-1 3.11606E-1 3.02453E-1 3.17651E-1 3.12145E-1 2.96844E-1 2.93815E-1 3.6146E-1 3.43208E-1 2.88723E-1 2.81239E-1 3.72032E-1 3.87617E-1 3.9637E-1 3.9808E-1 3.78428E-1 3.40106E-1 3.05078E-1 2.65038E-1 2.3814E-1 2.36479E-1
2.44288E-1 2.40142E-1 2.25164E-1 1.79608E-1 1.37885E-1 1.2166E-1 1.43117E-1 1.54839E-1 1.57226E-1 2.29404E-1 3.28003E-1 3.6914E-1 4.91699E-1 5.32088E-1 5.70072E-1 5.81378E-1 5.75611E-1 5.5158E-1 4.72663E-1 4.16978E-1 3.96362E-1 4.45462E-1 4.34323E-1 4.27371E-1 4.60718E-1 5.1581E-1 5.62581E-1 5.68108E-1 5.72108E-1 4.91729E-1 5.70462E-1 6.35209E-1 6.20372E-1 5.51463E-1 4.60234E-1 5.05327E-1 5.04625E-1 5.09869E-1 5.38444E-1 4.60548E-1 4.87163E-1 4.9634E-1 3.91344E-1 3.80728E-1 3.91645E-1 3.77229E-1 3.82971E-1 4.28867E-1 4.53779E-1 5.09971E-1 4.33927E-1 4.55367E-1 4.65445E-1 4.50959E-1 4.51094E-1 4.95015E-1 4.80571E-1 3.93143E-1 2.92184E-1 2.52212E-1 2.60818E-1
2.17365E-1 1.90229E-1 1.85699E-1 1.5898E-1 1.34256E-1 1.32603E-1 1.67153E-1 1.81182E-1 2.05275E-1 2.4906E-1 2.86012E-1 2.85703E-1 3.55071E-1 3.93524E-1 3.99504E-1 4.49781E-1 5.45026E-1 5.41237E-1 4.5922E-1 4.69457E-1 5.47591E-1 6.13857E-1 5.19647E-1 5.01939E-1 5.24414E-1 5.21281E-1 5.08767E-1 5.02743E-1 4.21155E-1 4.62959E-1 5.49343E-1 6.24638E-1 6.05379E-1 6.26414E-1 5.6579E-1 5.78896E-1 6.00591E-1 5.82073E-1 5.9951E-1 6.21412E-1 5.9678E-1 6.15339E-1 5.76851E-1 5.27657E-1 5.35757E-1 5.49095E-1 5.65588E-1 6.34473E-1 6.34016E-1 5.01586E-1 4.89635E-1 5.31122E-1 5.47451E-1 5.50885E-1 5.93911E-1 6.60461E-1 6.55234E-1 5.90258E-1 5.10864E-1 5.0674E-1 3.65588E-1
1.56339E-1 1.91418E-1 1.70589E-1 1.621E-1 1.36131E-1 1.76619E-1 1.85954E-1 1.96206E-1 2.36317E-1 2.66703E-1 2.85166E-1 2.8215E-1 3.2182E-1 3.69498E-1 4.13107E-1 4.60171E-1 4.9967E-1 5.17817E-1 5.0923E-1 5.10052E-1 5.40879E-1 5.59131E-1 5.65253E-1 5.67845E-1 5.62634E-1 5.57779E-1 5.67693E-1 5.74891E-1 5.78261E-1 5.52956E-1 5.34587E-1 5.74014E-1 6.11817E-1 5.9794E-1 5.96336E-1 3.73856E-1 3.36127E-1 3.83728E-1 4.21296E-1 4.38549E-1 5.05458E-1 5.64867E-1 5.73506E-1 6.15298E-1 6.30745E-1 6.45864E-1 6.61768E-1 6.63491E-1 6.56967E-1 6.00582E-1 5.80412E-1 6.22901E-1 6.36721E-1 5.89425E-1 6.0533E-1 5.8273E-1 5.46696E-1 5.34541E-1 4.65836E-1 3.99265E-1 3.32037E-1
1.92176E-1 1.97566E-1 1.80218E-1 1.82537E-1 1.94776E-1 2.13902E-1 2.16193E-1 2.37106E-1 2.76631E-1 2.84208E-1 2.81153E-1 2.99188E-1 3.2501E-1 4.00801E-1 4.77376E-1 5.0472E-1 5.4924E-1 5.32202E-1 5.9833E-1 5.42004E-1 5.47967E-1 4.86072E-1 4.1244E-1 3.92977E-1 4.17882E-1 4.52898E-1 6.10409E-1 6.11899E-1 5.69597E-1 5.0525E-1 4.68064E-1 4.47018E-1 4.43161E-1 5.06999E-1 5.53321E-1 5.54017E-1 5.54514E-1 5.5324E-1 6.17066E-1 6.20147E-1 6.93885E-1 6.93616E-1 6.90319E-1 6.10284E-1 6.53611E-1 5.38399E-1 5.27174E-1 5.59729E-1 6.39308E-1 7.18065E-1 7.53748E-1 7.45268E-1 6.81263E-1 6.44685E-1 6.23314E-1 6.16245E-1 5.95198E-1 5.29872E-1 4.15891E-1 3.59472E-1 3.28553E-1
1.7547E-1 1.83811E-1 1.88263E-1 1.8147E-1 2.00943E-1 1.998E-1 2.07499E-1 2.37173E-1 2.709E-1 2.86143E-1 2.78398E-1 3.41849E-1 3.95868E-1 5.9587E-1 5.9529E-1 5.84326E-1 5.92098E-1 5.23315E-1 3.72095E-1 3.1382E-1 3.1819E-1 4.00471E-1 5.86379E-1 5.72206E-1 4.2201E-1 4.98655E-1 6.43994E-1 6.37211E-1 6.14411E-1 6.16449E-1 4.35063E-1 3.35431E-1 3.08215E-1 2.94053E-1 2.89624E-1 3.04182E-1 3.09994E-1 3.55598E-1 4.1926E-1 4.32307E-1 5.20649E-1 6.6721E-1 6.82974E-1 6.60299E-1 6.26784E-1 6.88258E-1 6.13699E-1 3.99481E-1 4.01923E-1 4.19619E-1 4.27184E-1 5.08632E-1 7.4489E-1 6.99746E-1 6.87788E-1 6.93027E-1 6.25678E-1 5.46781E-1 4.92015E-1 4.64824E-1 4.06634E-1
2.0242E-1 1.77021E-1 2.05277E-1 2.36039E-1 2.24289E-1 2.24014E-1 2.24208E-1 2.54268E-1 3.05249E-1 3.31261E-1 3.28572E-1 4.18963E-1 5.8945E-1 4.17994E-1 4.05302E-1 4.70907E-1 4.8738E-1 3.37336E-1 3.2725E-1 3.19617E-1 3.40096E-1 3.61238E-1 5.43081E-1 4.34184E-1 3.95506E-1 6.30841E-1 6.48408E-1 6.56981E-1 6.50676E-1 6.35275E-1 6.04944E-1 5.91094E-1 4.22762E-1 3.53642E-1 3.40735E-1 3.30256E-1 3.16163E-1 3.07715E-1 3.38176E-1 3.21058E-1 3.21982E-1 3.29287E-1 3.86115E-1 5.35983E-1 5.65428E-1 6.31849E-1 4.26224E-1 4.30892E-1 3.89876E-1 3.92891E-1 3.8763E-1 3.68185E-1 5.02667E-1 7.05872E-1 6.79538E-1 6.67498E-1 6.56426E-1 6.18201E-1 5.83887E-1 5.30752E-1 5.24204E-1
2.44929E-1 2.29282E-1 2.50611E-1 2.46432E-1 2.5806E-1 2.70307E-1 2.59496E-1 2.78448E-1 3.22529E-1 3.61564E-1 4.07371E-1 5.37467E-1 5.1483E-1 4.07521E-1 5.2818E-1 4.73005E-1 3.70288E-1 3.44843E-1 3.44969E-1 3.4323E-1 4.19182E-1 4.39713E-1 3.67076E-1 3.73304E-1 4.54333E-1 6.39171E-1 6.60658E-1 6.65306E-1 6.72599E-1 6.00091E-1 6.37032E-1 5.88993E-1 6.13982E-1 6.23511E-1 5.07475E-1 3.87018E-1 3.57053E-1 3.50977E-1 3.46498E-1 3.7799E-1 3.80683E-1 3.56995E-1 3.26976E-1 3.15158E-1 3.95412E-1 5.293E-1 4.2297E-1 4.22017E-1 4.0087E-1 3.83564E-1 3.69648E-1 3.45129E-1 3.41788E-1 4.57275E-1 6.62753E-1 6.5001E-1 6.49783E-1 6.41846E-1 6.13418E-1 6.02233E-1 6.20892E-1
2.36142E-1 2.30232E-1 2.55731E-1 2.63031E-1 3.09861E-1 3.10846E-1 3.33201E-1 3.34942E-1 3.69362E-1 4.41757E-1 5.4669E-1 6.14226E-1 4.88703E-1 6.00777E-1 5.10567E-1 3.97432E-1 3.73667E-1 3.67637E-1 3.67859E-1 4.05023E-1 3.86218E-1 3.89326E-1 5.00789E-1 5.39973E-1 6.67788E-1 6.69165E-1 6.51812E-1 6.16188E-1 5.60876E-1 5.44887E-1 5.29745E-1 5.51053E-1 5.73577E-1 5.83423E-1 6.28814E-1 6.39558E-1 4.33284E-1 3.92958E-1 4.13632E-1 4.37931E-1 4.41622E-1 4.22316E-1 3.89197E-1 3.76909E-1 3.78105E-1 4.99459E-1 6.41666E-1 5.90586E-1 4.48214E-1 3.96462E-1 3.63647E-1 3.30215E-1 3.06687E-1 3.01619E-1 4.61015E-1 5.89243E-1 6.7084E-1 7.08138E-1 7.19604E-1 6.99358E-1 6.91008E-1
2.84435E-1 2.89168E-1 3.24343E-1 3.3709E-1 3.88721E-1 3.33076E-1 3.50006E-1 3.66248E-1 4.11956E-1 5.38674E-1 6.72728E-1 4.65254E-1 6.39988E-1 6.01608E-1 4.16967E-1 4.12378E-1 4.13002E-1 4.00444E-1 3.91537E-1 5.66674E-1 4.89716E-1 5.4243E-1 6.62315E-1 6.12189E-1 6.61768E-1 6.37154E-1 5.87379E-1 5.3989E-1 5.18491E-1 5.15947E-1 5.28572E-1 5.43271E-1 5.60293E-1 5.79832E-1 6.14749E-1 6.47374E-1 5.99058E-1 4.39441E-1 4.44956E-1 4.92918E-1 4.96148E-1 4.70732E-1 4.47291E-1 4.26771E-1 3.99584E-1 3.91304E-1 4.66134E-1 7.28313E-1 5.72345E-1 3.81121E-1 3.64349E-1 3.2275E-1 2.99695E-1 2.78522E-1 2.79829E-1 4.49581E-1 6.91683E-1 7.50701E-1 7.6009E-1 7.75152E-1 7.14088E-1
