data/maxent/outputs/white_255.asc
ncols         426
nrows         180
xllcorner     -130.0
yllcorner     24.0
cellsize      0.16666666666666666
NODATA_value  -9999
[rows 0 to 26 of 180, columns 61 to 121 of 426]
1.7675E-1 1.80547E-1 2.27531E-1 2.60651E-1 2.86589E-1 2.71583E-1 2.6159E-1 2.50269E-1 2.47575E-1 2.39932E-1 2.29275E-1 2.27363E-1 2.32313E-1 2.19639E-1 2.1595E-1 2.10949E-1 2.18508E-1 2.05863E-1 1.86666E-1 1.76104E-1 1.68511E-1 1.6496E-1 1.49557E-1 1.27902E-1 1.30591E-1 1.15717E-1 9.66603E-2 6.00308E-2 6.23115E-2 6.72529E-2 7.75508E-2 9.75643E-2 1.32641E-1 1.40021E-1 1.52249E-1 1.05317E-1 9.10549E-2 8.04453E-2 9.45881E-2 9.47203E-2 9.14344E-2 9.00143E-2 7.38547E-2 7.16254E-2 6.80805E-2 6.06036E-2 7.97426E-2 8.53132E-2 7.80788E-2 6.82011E-2 6.88532E-2 7.96156E-2 7.02056E-2 7.0772E-2 6.99306E-2 6.35534E-2 6.1375E-2 6.40867E-2 6.32262E-2 5.46283E-2 5.60925E-2
1.78003E-1 1.70377E-1 2.5702E-1 2.11858E-1 2.16129E-1 2.29666E-1 2.34337E-1 2.30278E-1 2.41829E-1 2.38697E-1 2.26725E-1 2.22275E-1 2.21397E-1 2.15155E-1 2.04196E-1 2.03193E-1 2.11501E-1 1.84046E-1 1.71462E-1 1.78402E-1 1.52984E-1 1.0856E-1 9.16214E-2 7.43292E-2 6.73676E-2 7.46826E-2 1.19695E-1 7.60677E-2 7.70339E-2 9.15148E-2 1.11292E-1 1.26511E-1 1.64654E-1 1.40755E-1 1.64574E-1 1.38777E-1 8.60492E-2 9.55722E-2 8.38631E-2 1.03333E-1 1.10297E-1 1.13394E-1 1.20823E-1 7.92567E-2 7.61762E-2 7.74882E-2 6.51104E-2 8.22465E-2 8.16802E-2 8.4029E-2 7.4508E-2 7.09996E-2 6.97771E-2 6.99333E-2 6.7802E-2 6.4627E-2 5.92926E-2 6.02871E-2 5.54181E-2 4.56681E-2 4.65474E-2
1.85174E-1 1.80204E-1 1.77206E-1 2.06287E-1 1.46919E-1 1.67733E-1 1.64489E-1 1.7898E-1 1.977E-1 2.25442E-1 2.317E-1 2.11644E-1 2.10152E-1 2.03361E-1 1.99848E-1 1.9982E-1 1.96543E-1 1.92844E-1 1.81786E-1 1.48315E-1 1.19523E-1 1.15907E-1 9.96584E-2 1.00708E-1 8.68625E-2 9.66561E-2 1.20338E-1 9.17253E-2 7.25008E-2 8.94065E-2 1.40943E-1 1.70557E-1 1.567E-1 1.37583E-1 1.51084E-1 1.43514E-1 1.32148E-1 2.19167E-1 2.37954E-1 1.73719E-1 1.28124E-1 1.34435E-1 1.22915E-1 8.54429E-2 7.29104E-2 7.34979E-2 6.4695E-2 8.36097E-2 9.59938E-2 8.38402E-2 7.42984E-2 6.56474E-2 7.65151E-2 6.77207E-2 6.84609E-2 6.54914E-2 5.97195E-2 6.32855E-2 5.81009E-2 4.47865E-2 3.59658E-2
1.98586E-1 1.59029E-1 1.01452E-1 1.89356E-1 1.36712E-1 1.17106E-1 1.38861E-1 1.77669E-1 2.22067E-1 2.30377E-1 2.30132E-1 2.36685E-1 2.01769E-1 2.06317E-1 2.00716E-1 1.91551E-1 1.85694E-1 1.85666E-1 1.81549E-1 1.55227E-1 1.5154E-1 1.41091E-1 1.28035E-1 1.26961E-1 1.28098E-1 1.24221E-1 1.3432E-1 1.13858E-1 1.15133E-1 9.77692E-2 9.03965E-2 1.29259E-1 1.7682E-1 1.27366E-1 1.17271E-1 1.0823E-1 1.27923E-1 1.62078E-1 1.58964E-1 1.1964E-1 1.52972E-1 1.51194E-1 1.45392E-1 1.385E-1 7.62293E-2 6.76594E-2 6.37051E-2 8.0016E-2 8.94597E-2 8.44949E-2 7.58725E-2 6.79251E-2 7.00225E-2 7.01344E-2 6.819E-2 6.2769E-2 6.69639E-2 6.53114E-2 5.86939E-2 5.62801E-2 5.2539E-2
1.94378E-1 2.18226E-1 1.82861E-1 1.46518E-1 1.23795E-1 1.05848E-1 1.33285E-1 1.65199E-1 1.62754E-1 2.14518E-1 2.34151E-1 2.53047E-1 2.43082E-1 2.25705E-1 1.95893E-1 1.87061E-1 1.91732E-1 1.91055E-1 1.81995E-1 1.5628E-1 1.50131E-1 1.43436E-1 1.39824E-1 1.31039E-1 1.21042E-1 1.20361E-1 1.12933E-1 1.14329E-1 9.68954E-2 1.08338E-1 1.12001E-1 1.31396E-1 1.54858E-1 1.51646E-1 1.34827E-1 1.39327E-1 1.33965E-1 1.37824E-1 1.16615E-1 9.52967E-2 1.07365E-1 1.34055E-1 1.4311E-1 1.34423E-1 1.04282E-1 8.39283E-2 7.80896E-2 6.74727E-2 8.30133E-2 9.72212E-2 7.94448E-2 8.20266E-2 7.74944E-2 7.99925E-2 7.92442E-2 7.2627E-2 7.05879E-2 6.68214E-2 6.43006E-2 7.16759E-2 6.57637E-2
3.27876E-1 3.03932E-1 2.02956E-1 2.48147E-1 1.58131E-1 1.76755E-1 1.25889E-1 1.27921E-1 1.37745E-1 1.68604E-1 2.58169E-1 2.42348E-1 2.14734E-1 2.00703E-1 2.09378E-1 1.98719E-1 1.97721E-1 1.92791E-1 1.74394E-1 1.53452E-1 1.45894E-1 1.38538E-1 1.36241E-1 1.34907E-1 1.35863E-1 1.36749E-1 1.46761E-1 1.40524E-1 1.38812E-1 1.20933E-1 1.20421E-1 1.28715E-1 1.44936E-1 1.48431E-1 1.81276E-1 1.71565E-1 1.57844E-1 1.4038E-1 1.22622E-1 1.18979E-1 1.22313E-1 1.1983E-1 1.26915E-1 1.15768E-1 9.09065E-2 7.47387E-2 8.09585E-2 6.77964E-2 7.51305E-2 8.71677E-2 8.62577E-2 8.16726E-2 7.29154E-2 7.61185E-2 8.1566E-2 7.33852E-2 7.49729E-2 6.89859E-2 6.50175E-2 6.65326E-2 7.54488E-2
1.19577E-1 1.83253E-1 3.66533E-1 2.77887E-1 1.84065E-1 2.4408E-1 2.36485E-1 2.11953E-1 1.98614E-1 2.00478E-1 2.69993E-1 1.92851E-1 1.85629E-1 1.8088E-1 1.71588E-1 1.92893E-1 2.01538E-1 1.92592E-1 1.76327E-1 1.54004E-1 1.38156E-1 1.31279E-1 1.32124E-1 1.31929E-1 1.30858E-1 1.28495E-1 1.49088E-1 1.54845E-1 1.57751E-1 1.10882E-1 1.23588E-1 1.11321E-1 1.15918E-1 1.21299E-1 1.45084E-1 1.39263E-1 1.41688E-1 1.63631E-1 1.51778E-1 1.35934E-1 1.35737E-1 1.34975E-1 1.45705E-1 1.12018E-1 8.90747E-2 7.64311E-2 7.69007E-2 6.68802E-2 6.3372E-2 8.44986E-2 9.11216E-2 8.92188E-2 8.18731E-2 8.16862E-2 8.54124E-2 7.61706E-2 7.68744E-2 6.63056E-2 6.36608E-2 7.5315E-2 7.6461E-2
9.65735E-2 1.17738E-1 1.64169E-1 3.58352E-1 3.17745E-1 2.12038E-1 1.78572E-1 2.39011E-1 2.15278E-1 1.61112E-1 1.87581E-1 2.33567E-1 1.49948E-1 1.34723E-1 1.39669E-1 1.35179E-1 1.65627E-1 2.05886E-1 1.96114E-1 1.92364E-1 1.62047E-1 1.29326E-1 1.32435E-1 1.45451E-1 1.32135E-1 1.42916E-1 1.4862E-1 1.48047E-1 1.55343E-1 1.37182E-1 1.31817E-1 1.01859E-1 1.03027E-1 9.60733E-2 1.2523E-1 1.26027E-1 1.18646E-1 1.47858E-1 1.69961E-1 1.62521E-1 1.78477E-1 1.62168E-1 1.83892E-1 1.7582E-1 1.29636E-1 1.06135E-1 9.54005E-2 8.54166E-2 8.0152E-2 8.21711E-2 8.89033E-2 9.33047E-2 8.17174E-2 7.78531E-2 7.79907E-2 8.01446E-2 7.3753E-2 6.57682E-2 7.78339E-2 7.71016E-2 9.6658E-2
1.43033E-1 1.56178E-1 1.77812E-1 1.56443E-1 2.36374E-1 2.68613E-1 2.59851E-1 2.04194E-1 1.79942E-1 1.61254E-1 2.26076E-1 1.64344E-1 1.88755E-1 1.40873E-1 9.34448E-2 8.9044E-2 1.26615E-1 1.8728E-1 1.92965E-1 1.98522E-1 1.85961E-1 1.58719E-1 1.51811E-1 1.51614E-1 1.45313E-1 1.31316E-1 1.44318E-1 1.46586E-1 1.47709E-1 1.31401E-1 1.09808E-1 9.89454E-2 8.5515E-2 1.00074E-1 1.31111E-1 1.53002E-1 1.25666E-1 1.50552E-1 1.6225E-1 1.58944E-1 1.60584E-1 1.73448E-1 1.72603E-1 1.77616E-1 1.49676E-1 1.35672E-1 1.23468E-1 1.206E-1 1.13835E-1 1.31953E-1 1.31642E-1 1.19319E-1 1.07403E-1 9.13564E-2 8.32176E-2 8.0205E-2 8.41887E-2 8.66533E-2 1.092E-1 1.06503E-1 1.00854E-1
1.47951E-1 1.09911E-1 1.29758E-1 2.4355E-1 2.43682E-1 1.50381E-1 2.82809E-1 2.59757E-1 2.41015E-1 1.80614E-1 1.68208E-1 1.50485E-1 1.65118E-1 1.606E-1 1.18189E-1 9.78839E-2 1.07729E-1 1.4085E-1 1.25606E-1 1.85063E-1 2.04944E-1 1.59232E-1 1.6467E-1 1.6286E-1 1.67627E-1 1.43397E-1 1.47376E-1 1.53278E-1 1.43222E-1 9.93388E-2 6.69435E-2 8.50448E-2 9.06844E-2 1.15825E-1 1.12259E-1 1.19258E-1 1.16381E-1 1.36196E-1 1.345E-1 1.39193E-1 1.30805E-1 1.8224E-1 1.75433E-1 1.64226E-1 1.34326E-1 1.52823E-1 1.81471E-1 1.66783E-1 1.55732E-1 1.30335E-1 1.29662E-1 1.11525E-1 1.02769E-1 9.11339E-2 7.5358E-2 7.71137E-2 7.37308E-2 8.11169E-2 8.58442E-2 9.11135E-2 1.02692E-1
1.63062E-1 1.33839E-1 1.22151E-1 2.8137E-1 1.61265E-1 1.5074E-1 1.11627E-1 2.60002E-1 2.47807E-1 1.83565E-1 2.05985E-1 1.30597E-1 1.31039E-1 1.49573E-1 1.39675E-1 1.19537E-1 1.07739E-1 9.77228E-2 1.14676E-1 1.65163E-1 2.28642E-1 2.26712E-1 1.99007E-1 1.83473E-1 1.70999E-1 1.64043E-1 1.4653E-1 1.37786E-1 1.21146E-1 1.0358E-1 8.67896E-2 8.979E-2 9.30666E-2 6.47693E-2 8.76592E-2 9.4974E-2 1.1613E-1 1.18704E-1 1.12748E-1 1.20952E-1 1.36348E-1 1.3621E-1 1.41843E-1 1.50399E-1 1.39263E-1 1.24486E-1 1.31894E-1 1.60551E-1 1.94446E-1 1.56847E-1 9.16448E-2 1.05466E-1 1.11999E-1 1.03404E-1 8.78834E-2 6.60453E-2 6.60755E-2 7.10529E-2 8.18427E-2 8.67212E-2 8.87963E-2
2.62689E-1 2.7586E-1 2.713E-1 3.04949E-1 1.70461E-1 1.23032E-1 1.71803E-1 2.97724E-1 3.19971E-1 2.71107E-1 2.23917E-1 1.69386E-1 1.53187E-1 1.31913E-1 1.60937E-1 1.3281E-1 1.51227E-1 1.48902E-1 1.3603E-1 1.85926E-1 2.33584E-1 1.81424E-1 1.93921E-1 2.07072E-1 1.84237E-1 1.80224E-1 1.55802E-1 1.30994E-1 1.15874E-1 1.09614E-1 1.03407E-1 9.67302E-2 8.48225E-2 7.8698E-2 7.89168E-2 9.72959E-2 9.61781E-2 9.57185E-2 1.01407E-1 1.22027E-1 1.29346E-1 1.14679E-1 1.06019E-1 1.05663E-1 1.01424E-1 1.10553E-1 1.37833E-1 9.32851E-2 8.10079E-2 8.34089E-2 7.86422E-2 6.74134E-2 7.30323E-2 7.26936E-2 6.61456E-2 6.33626E-2 6.30238E-2 5.87831E-2 5.95183E-2 6.09394E-2 6.30826E-2
1.7393E-1 2.77407E-1 2.55766E-1 2.78821E-1 2.95542E-1 1.46907E-1 1.63713E-1 3.21943E-1 2.14977E-1 1.62484E-1 2.30302E-1 2.95102E-1 2.04933E-1 1.29428E-1 1.99457E-1 2.10466E-1 1.36385E-1 1.64338E-1 1.96291E-1 1.57705E-1 1.45585E-1 1.10031E-1 1.41864E-1 1.89593E-1 2.09135E-1 2.0122E-1 1.79879E-1 1.42931E-1 1.14591E-1 1.05753E-1 9.50999E-2 8.82232E-2 9.00007E-2 8.51337E-2 1.03299E-1 1.03896E-1 8.90251E-2 9.68708E-2 9.61446E-2 1.00802E-1 9.66001E-2 7.67867E-2 5.79317E-2 7.72225E-2 8.06939E-2 7.53563E-2 9.52552E-2 8.32227E-2 7.77374E-2 4.95117E-2 4.28587E-2 4.54919E-2 4.90733E-2 4.0698E-2 4.6786E-2 5.11383E-2 3.83784E-2 3.64734E-2 3.79411E-2 3.84941E-2 4.2831E-2
3.86729E-1 3.59005E-1 3.48426E-1 3.12466E-1 2.65259E-1 1.25837E-1 2.67446E-1 3.44418E-1 1.63719E-1 1.60548E-1 1.39636E-1 1.07139E-1 2.66897E-1 3.33969E-1 2.77862E-1 2.03773E-1 1.5007E-1 1.25722E-1 1.59522E-1 1.60564E-1 1.38832E-1 1.15106E-1 1.28572E-1 1.40581E-1 1.8024E-1 2.06086E-1 1.9638E-1 1.62096E-1 1.17299E-1 1.05116E-1 8.23744E-2 8.29381E-2 7.04733E-2 7.91812E-2 9.89191E-2 8.87947E-2 9.33019E-2 8.66111E-2 8.69666E-2 9.51693E-2 7.92072E-2 7.08221E-2 5.72794E-2 5.81924E-2 7.97324E-2 8.14622E-2 7.91284E-2 7.45435E-2 7.80258E-2 3.91872E-2 2.8902E-2 3.01067E-2 4.05534E-2 3.78383E-2 3.4307E-2 4.84728E-2 4.36433E-2 3.25648E-2 2.97943E-2 2.85277E-2 2.7419E-2
4.13596E-1 3.76398E-1 3.29946E-1 3.74498E-1 2.42952E-1 1.6043E-1 1.45169E-1 3.52232E-1 2.39664E-1 1.85089E-1 1.69955E-1 1.0486E-1 1.49436E-1 1.9926E-1 3.73621E-1 2.92147E-1 2.08612E-1 2.19077E-1 1.76148E-1 1.31632E-1 1.37719E-1 1.45348E-1 1.26975E-1 1.42634E-1 1.56755E-1 1.87789E-1 2.09366E-1 1.65244E-1 1.21755E-1 1.00262E-1 8.43136E-2 8.11804E-2 6.60794E-2 6.94389E-2 8.8633E-2 8.86121E-2 8.16433E-2 7.6923E-2 7.624E-2 7.35244E-2 6.74224E-2 6.34472E-2 5.24417E-2 4.83578E-2 7.9937E-2 1.17959E-1 1.0055E-1 6.873E-2 6.73932E-2 4.69482E-2 2.50437E-2 2.68538E-2 2.84772E-2 3.71733E-2 3.62771E-2 3.80162E-2 3.56229E-2 3.40055E-2 3.24531E-2 3.08773E-2 2.93806E-2
3.44722E-1 3.35349E-1 4.79053E-1 3.13418E-1 2.83587E-1 3.35766E-1 2.29004E-1 1.53937E-1 3.72785E-1 1.58509E-1 1.62823E-1 1.21601E-1 1.33339E-1 1.62224E-1 2.56628E-1 2.02928E-1 3.73099E-1 2.47041E-1 1.49059E-1 2.17968E-1 1.77725E-1 1.7992E-1 1.97003E-1 1.29698E-1 1.36829E-1 1.49361E-1 1.7488E-1 2.10306E-1 1.38473E-1 9.48701E-2 8.20964E-2 7.94652E-2 7.36938E-2 7.30529E-2 8.00918E-2 9.11018E-2 7.69737E-2 6.92557E-2 6.36162E-2 6.85405E-2 6.40219E-2 5.91777E-2 5.9784E-2 5.94881E-2 5.14892E-2 7.24638E-2 7.93868E-2 7.42799E-2 5.71537E-2 5.09405E-2 3.04084E-2 3.66604E-2 3.6304E-2 4.23954E-2 3.41776E-2 3.50392E-2 3.592E-2 3.29159E-2 3.04099E-2 3.18603E-2 3.22715E-2
3.8748E-1 4.57064E-1 3.81884E-1 2.57562E-1 3.69631E-1 5.1629E-1 1.70555E-1 1.10586E-1 1.91444E-1 3.65997E-1 1.74576E-1 1.48734E-1 2.08233E-1 1.59975E-1 1.67798E-1 1.4361E-1 1.9845E-1 3.56534E-1 2.48649E-1 2.51577E-1 1.77904E-1 1.71402E-1 2.02507E-1 2.18969E-1 1.79684E-1 2.01802E-1 2.101E-1 2.03975E-1 1.78337E-1 1.20336E-1 1.14557E-1 1.04404E-1 8.77054E-2 7.89452E-2 8.08459E-2 8.43097E-2 9.05464E-2 8.08894E-2 7.09166E-2 6.61402E-2 5.9637E-2 6.43506E-2 7.03733E-2 8.96796E-2 9.79707E-2 8.08929E-2 6.66927E-2 5.11275E-2 3.26058E-2 2.79797E-2 2.40595E-2 2.83435E-2 3.96356E-2 4.59694E-2 3.01614E-2 3.25045E-2 3.24248E-2 2.59505E-2 3.23075E-2 3.48551E-2 3.7944E-2
4.67292E-1 3.61981E-1 3.67232E-1 2.78102E-1 4.03099E-1 5.01441E-1 2.7861E-1 2.7422E-1 1.34947E-1 3.97739E-1 2.26361E-1 2.486E-1 1.50219E-1 1.95047E-1 1.12146E-1 1.63976E-1 1.695E-1 2.28514E-1 3.52543E-1 3.17603E-1 2.87473E-1 2.5105E-1 2.36389E-1 2.13259E-1 1.99916E-1 2.02042E-1 2.27152E-1 2.23171E-1 2.10213E-1 2.01076E-1 1.45113E-1 1.19005E-1 9.12934E-2 1.01606E-1 1.10755E-1 9.65376E-2 7.7859E-2 7.66462E-2 7.60147E-2 7.79729E-2 6.38184E-2 5.9243E-2 5.54671E-2 7.14593E-2 7.52896E-2 7.40946E-2 5.58491E-2 3.5818E-2 2.49341E-2 2.46415E-2 1.98727E-2 1.95675E-2 1.95535E-2 2.29155E-2 2.86973E-2 3.18649E-2 3.64416E-2 3.22973E-2 3.13623E-2 3.65933E-2 4.58974E-2
4.58574E-1 5.79693E-1 6.40172E-1 6.13476E-1 6.03613E-1 4.45622E-1 3.93944E-1 3.10442E-1 2.85778E-1 2.85999E-1 3.6142E-1 2.03111E-1 1.70927E-1 3.12798E-1 1.44667E-1 1.93314E-1 1.40635E-1 1.92892E-1 1.71616E-1 3.13873E-1 3.65489E-1 3.34212E-1 3.24079E-1 3.12173E-1 2.09633E-1 1.4936E-1 1.77452E-1 1.73516E-1 2.22845E-1 2.18766E-1 1.7985E-1 1.39145E-1 1.25759E-1 9.20084E-2 9.94888E-2 9.39482E-2 7.40395E-2 7.58865E-2 7.9943E-2 7.5914E-2 7.15987E-2 6.91912E-2 8.28426E-2 7.65884E-2 8.17392E-2 7.6772E-2 5.90908E-2 5.42466E-2 5.43347E-2 4.28049E-2 3.75471E-2 5.25458E-2 5.88797E-2 4.76508E-2 3.95628E-2 4.69874E-2 5.11639E-2 4.11541E-2 4.81147E-2 6.0254E-2 5.48892E-2
5.42706E-1 4.53328E-1 4.85237E-1 6.42474E-1 5.97593E-1 2.79836E-1 3.44223E-1 4.13608E-1 1.62252E-1 1.43796E-1 3.49557E-1 3.87721E-1 3.90373E-1 2.36752E-1 2.06497E-1 2.1934E-1 2.50535E-1 1.59218E-1 1.48061E-1 1.46043E-1 2.8108E-1 3.63567E-1 3.77363E-1 3.24087E-1 2.8982E-1 2.11198E-1 1.4232E-1 1.41282E-1 1.85202E-1 2.03639E-1 2.10291E-1 2.02782E-1 1.67698E-1 1.44688E-1 1.17344E-1 1.17937E-1 1.05348E-1 1.02828E-1 1.07936E-1 9.92183E-2 1.07144E-1 1.00486E-1 8.97353E-2 9.98125E-2 9.13979E-2 9.40907E-2 8.99542E-2 9.24734E-2 8.72094E-2 8.82669E-2 8.3973E-2 8.04776E-2 6.34313E-2 4.77878E-2 5.79002E-2 5.16667E-2 3.80057E-2 4.94185E-2 6.3549E-2 5.72536E-2 6.45752E-2
4.30403E-1 4.42097E-1 4.80311E-1 5.81644E-1 6.30752E-1 5.09435E-1 6.27433E-1 2.89555E-1 3.35899E-1 1.78073E-1 1.78713E-1 5.98469E-1 2.4336E-1 2.58198E-1 3.29266E-1 2.41532E-1 2.69594E-1 2.46253E-1 2.22083E-1 1.49316E-1 2.05183E-1 3.52316E-1 4.00361E-1 3.62368E-1 2.84769E-1 2.65947E-1 1.89325E-1 1.40794E-1 1.62884E-1 1.71438E-1 2.22568E-1 2.31967E-1 2.19828E-1 2.0619E-1 1.79824E-1 1.60122E-1 1.20711E-1 9.54281E-2 9.59432E-2 1.10339E-1 1.43311E-1 1.53138E-1 1.33362E-1 1.20107E-1 1.09509E-1 1.02401E-1 1.01525E-1 1.08881E-1 1.04401E-1 8.77973E-2 5.84757E-2 6.28651E-2 6.48756E-2 6.37876E-2 6.62178E-2 5.20767E-2 4.77808E-2 5.38647E-2 5.61401E-2 6.10357E-2 6.44626E-2
4.56019E-1 4.65121E-1 5.66914E-1 6.16254E-1 4.36694E-1 5.54565E-1 6.07673E-1 3.61012E-1 3.55294E-1 2.25058E-1 3.2189E-1 6.14598E-1 2.6569E-1 1.58806E-1 1.65047E-1 2.86056E-1 3.3916E-1 4.18881E-1 1.70223E-1 1.55712E-1 1.73874E-1 2.50436E-1 3.72509E-1 3.90879E-1 3.52425E-1 3.01632E-1 2.42241E-1 1.65983E-1 1.33545E-1 1.81995E-1 2.21411E-1 2.38224E-1 2.27023E-1 2.31435E-1 2.15847E-1 2.05604E-1 1.7534E-1 1.38352E-1 1.23128E-1 1.28232E-1 1.4298E-1 1.66174E-1 1.45946E-1 1.20962E-1 1.1478E-1 1.04468E-1 1.11494E-1 1.36546E-1 9.69746E-2 8.3501E-2 7.3944E-2 7.07024E-2 6.88755E-2 6.64128E-2 6.06943E-2 5.95126E-2 6.40537E-2 6.70658E-2 7.05416E-2 7.41804E-2 7.61663E-2
3.53719E-1 4.49821E-1 5.8998E-1 6.21204E-1 6.17494E-1 6.2592E-1 5.62346E-1 5.70236E-1 3.62826E-1 1.7147E-1 3.80785E-1 5.59149E-1 5.03968E-1 3.02744E-1 2.3423E-1 1.75652E-1 2.89499E-1 4.84069E-1 1.69105E-1 1.67691E-1 1.98735E-1 2.09173E-1 3.43919E-1 3.723E-1 3.48542E-1 3.23233E-1 2.80961E-1 2.41602E-1 1.89077E-1 2.19907E-1 1.95479E-1 2.33271E-1 2.536E-1 2.40947E-1 2.48499E-1 2.26679E-1 2.14512E-1 1.85889E-1 1.58691E-1 1.45319E-1 1.3824E-1 1.54587E-1 1.64222E-1 1.53228E-1 1.42965E-1 1.24749E-1 1.20731E-1 1.12471E-1 1.02989E-1 8.29133E-2 7.57051E-2 6.92369E-2 6.5951E-2 6.30908E-2 6.1688E-2 7.13991E-2 6.39681E-2 6.36291E-2 7.40699E-2 6.99151E-2 6.85581E-2
3.50947E-1 5.0055E-1 6.19043E-1 4.57112E-1 4.31068E-1 3.67202E-1 3.02612E-1 3.68183E-1 3.1898E-1 2.87071E-1 4.10375E-1 4.70965E-1 3.80323E-1 2.90835E-1 4.5551E-1 2.46406E-1 2.4002E-1 4.66179E-1 2.69669E-1 2.2306E-1 1.97949E-1 1.74998E-1 2.92612E-1 3.80425E-1 4.17305E-1 3.36389E-1 3.04281E-1 2.45913E-1 2.25358E-1 2.53902E-1 2.00101E-1 2.27985E-1 2.57554E-1 2.53173E-1 2.69154E-1 2.35599E-1 2.30394E-1 2.14503E-1 2.00736E-1 1.73183E-1 1.73681E-1 1.68444E-1 1.72141E-1 1.70609E-1 1.72065E-1 1.69049E-1 1.63854E-1 1.31397E-1 1.30902E-1 9.20108E-2 7.3621E-2 8.17949E-2 8.86754E-2 8.22085E-2 8.5074E-2 8.65791E-2 7.9904E-2 8.65799E-2 8.93236E-2 8.8338E-2 8.77092E-2
3.7763E-1 5.40926E-1 5.90363E-1 5.40175E-1 5.08459E-1 2.98191E-1 3.50583E-1 3.13079E-1 1.85258E-1 4.19326E-1 6.25878E-1 3.96468E-1 2.25646E-1 1.63123E-1 4.71504E-1 2.57629E-1 2.18191E-1 5.42606E-1 2.74092E-1 2.14566E-1 2.07424E-1 2.07333E-1 2.05679E-1 3.8461E-1 4.64397E-1 3.46649E-1 2.84945E-1 2.72846E-1 2.85171E-1 3.12033E-1 2.51144E-1 2.42715E-1 2.73465E-1 2.70531E-1 2.66661E-1 2.63513E-1 2.52458E-1 2.49398E-1 2.38184E-1 2.27826E-1 2.18586E-1 2.01282E-1 2.08724E-1 2.06834E-1 2.06128E-1 1.91318E-1 1.90176E-1 1.54232E-1 1.45214E-1 1.22427E-1 1.29739E-1 1.36142E-1 1.36177E-1 1.13841E-1 1.118E-1 1.15852E-1 1.18569E-1 1.39367E-1 1.15896E-1 1.25676E-1 1.28729E-1
4.388E-1 5.26234E-1 4.65726E-1 4.24537E-1 4.41212E-1 3.65318E-1 5.00651E-1 2.78383E-1 2.6906E-1 4.20038E-1 5.33491E-1 2.10002E-1 1.75154E-1 3.75239E-1 4.425E-1 2.20086E-1 1.84438E-1 5.56314E-1 3.66636E-1 2.45039E-1 2.98642E-1 1.95345E-1 2.68896E-1 4.15937E-1 4.54213E-1 3.93865E-1 2.93746E-1 3.52412E-1 3.23509E-1 3.7959E-1 3.3417E-1 2.66972E-1 2.81095E-1 2.86421E-1 2.79602E-1 2.97671E-1 2.70793E-1 3.07712E-1 2.93173E-1 2.7585E-1 2.62799E-1 2.47486E-1 2.33958E-1 2.39227E-1 2.49418E-1 2.60479E-1 2.66244E-1 2.28908E-1 2.03738E-1 1.7594E-1 1.5426E-1 1.34513E-1 1.05297E-1 1.23443E-1 1.60566E-1 1.65288E-1 1.78814E-1 1.89702E-1 1.97179E-1 2.02217E-1 1.78376E-1
4.31945E-1 5.26109E-1 3.85915E-1 4.42809E-1 4.57786E-1 4.62345E-1 4.6242E-1 3.28338E-1 4.24928E-1 4.14357E-1 4.87884E-1 2.45532E-1 4.0463E-1 4.92919E-1 3.91488E-1 4.26734E-1 4.22759E-1 4.74058E-1 4.80401E-1 2.2714E-1 2.67709E-1 3.09685E-1 3.46826E-1 4.02303E-1 4.61651E-1 4.84483E-1 3.37532E-1 3.48366E-1 3.23739E-1 3.64364E-1 3.88872E-1 3.37969E-1 3.27135E-1 3.61709E-1 3.66232E-1 3.38565E-1 3.40565E-1 3.11793E-1 3.14352E-1 3.04703E-1 2.76303E-1 2.70116E-1 2.54182E-1 2.57144E-1 2.69937E-1 2.69946E-1 2.68007E-1 2.44795E-1 2.11377E-1 1.98703E-1 1.72662E-1 1.40455E-1 1.07611E-1 1.03406E-1 1.17857E-1 1.01772E-1 1.30422E-1 1.70856E-1 1.93586E-1 2.06282E-1 2.04566E-1
