data/maxent/outputs/white_80.asc
ncols         426
nrows         180
xllcorner     -130.0
yllcorner     24.0
cellsize      0.16666666666666666
NODATA_value  -9999
[rows 0 to 26 of 180, columns 61 to 121 of 426]
1.64499E-3 1.68252E-3 3.14778E-3 4.21177E-3 4.77015E-3 3.81861E-3 3.19011E-3 2.74312E-3 2.63123E-3 2.39765E-3 2.58141E-3 2.71763E-3 2.61839E-3 2.81472E-3 2.97945E-3 2.77385E-3 3.19017E-3 2.63563E-3 1.90681E-3 1.62429E-3 1.65057E-3 1.63343E-3 1.63015E-3 1.67227E-3 1.62229E-3 1.4063E-3 1.2878E-3 1.03608E-3 1.06454E-3 1.08595E-3 1.18095E-3 1.42407E-3 1.81429E-3 1.87696E-3 1.91354E-3 1.3143E-3 1.12988E-3 1.01866E-3 1.1975E-3 1.26586E-3 1.18904E-3 1.13526E-3 9.65902E-4 9.26622E-4 8.81736E-4 8.06251E-4 9.86974E-4 1.0426E-3 1.01092E-3 8.83555E-4 8.28015E-4 8.20395E-4 7.87022E-4 7.53083E-4 7.37413E-4 6.40397E-4 6.39341E-4 5.65884E-4 5.10648E-4 5.07785E-4 5.20569E-4
1.77541E-3 1.61298E-3 5.04412E-3 2.6662E-3 2.52984E-3 2.69493E-3 2.59906E-3 2.23753E-3 2.3216E-3 2.33554E-3 2.19333E-3 2.32754E-3 2.36108E-3 2.40773E-3 2.32602E-3 2.65987E-3 2.95085E-3 2.02366E-3 1.95876E-3 2.14982E-3 1.97818E-3 1.52521E-3 1.30092E-3 1.18897E-3 1.03932E-3 1.05882E-3 1.45397E-3 1.11234E-3 1.16941E-3 1.41334E-3 1.56367E-3 1.7303E-3 2.12311E-3 1.96099E-3 2.17794E-3 1.85214E-3 1.20734E-3 1.31799E-3 1.20262E-3 1.47199E-3 1.55649E-3 1.42997E-3 1.47894E-3 1.05238E-3 9.89237E-4 1.00281E-3 8.94552E-4 1.06778E-3 1.0915E-3 1.05989E-3 9.02935E-4 8.57358E-4 8.21149E-4 7.478E-4 7.03919E-4 6.24568E-4 5.84215E-4 5.54507E-4 5.22459E-4 4.51482E-4 4.51212E-4
1.96118E-3 2.32088E-3 1.90864E-3 2.82552E-3 9.81547E-4 1.18619E-3 1.02925E-3 1.20119E-3 1.41623E-3 1.92607E-3 2.06297E-3 2.01522E-3 2.03613E-3 1.76724E-3 2.00912E-3 2.77443E-3 2.82414E-3 2.7686E-3 2.44741E-3 1.94436E-3 1.58549E-3 1.54138E-3 1.36481E-3 1.42386E-3 1.28754E-3 1.37217E-3 1.54462E-3 1.26528E-3 1.12642E-3 1.34098E-3 1.8858E-3 2.2323E-3 2.05954E-3 1.85874E-3 2.01913E-3 2.09327E-3 1.9071E-3 3.06664E-3 3.38209E-3 2.3915E-3 1.68544E-3 1.55246E-3 1.41697E-3 1.1594E-3 9.75253E-4 9.78284E-4 9.35983E-4 1.11844E-3 1.22387E-3 1.05691E-3 9.48281E-4 8.27421E-4 8.60995E-4 8.27797E-4 7.55413E-4 6.5589E-4 6.083E-4 5.28097E-4 5.28562E-4 4.7419E-4 4.48577E-4
2.17527E-3 1.19092E-3 5.8394E-4 2.54705E-3 1.00948E-3 7.00383E-4 8.59924E-4 1.3603E-3 2.29605E-3 2.23101E-3 1.89924E-3 2.03409E-3 2.24129E-3 2.57111E-3 2.12176E-3 2.13858E-3 2.51289E-3 2.63395E-3 2.48744E-3 1.98348E-3 1.95183E-3 1.77544E-3 1.5647E-3 1.52563E-3 1.53498E-3 1.54604E-3 1.72625E-3 1.52945E-3 1.53878E-3 1.42196E-3 1.39684E-3 1.93539E-3 2.58166E-3 1.90341E-3 1.77743E-3 1.63409E-3 1.85878E-3 2.31716E-3 2.24949E-3 1.57992E-3 1.79432E-3 1.70529E-3 1.74268E-3 1.71756E-3 1.06946E-3 9.71229E-4 9.73968E-4 1.06211E-3 1.14653E-3 1.06644E-3 9.63732E-4 9.41586E-4 9.22997E-4 9.4206E-4 8.7519E-4 7.90239E-4 6.51062E-4 5.97934E-4 5.3747E-4 5.6465E-4 5.60705E-4
2.37006E-3 2.72832E-3 1.59429E-3 9.73914E-4 7.43356E-4 6.45873E-4 9.68799E-4 1.26677E-3 1.10005E-3 2.05677E-3 2.29572E-3 2.70401E-3 2.25562E-3 1.75701E-3 1.67185E-3 1.89553E-3 2.07432E-3 2.64081E-3 2.42697E-3 1.92526E-3 1.77893E-3 1.64137E-3 1.6096E-3 1.56602E-3 1.48531E-3 1.50733E-3 1.43363E-3 1.52064E-3 1.34606E-3 1.59377E-3 1.67952E-3 1.89852E-3 2.18207E-3 2.27029E-3 2.0764E-3 2.10749E-3 2.03888E-3 2.06737E-3 1.71226E-3 1.35506E-3 1.37926E-3 1.61884E-3 1.77521E-3 1.75002E-3 1.40873E-3 1.21508E-3 1.16369E-3 9.95232E-4 1.12057E-3 1.26242E-3 1.0464E-3 1.08849E-3 1.01563E-3 1.05899E-3 1.04226E-3 8.59373E-4 7.41777E-4 7.15015E-4 6.84643E-4 7.26389E-4 7.28989E-4
1.47837E-2 1.09295E-2 2.37324E-3 4.07174E-3 1.33137E-3 1.73901E-3 8.61543E-4 8.94957E-4 9.51309E-4 1.3168E-3 3.36547E-3 2.59252E-3 1.71467E-3 1.26497E-3 1.33844E-3 1.47475E-3 1.52892E-3 1.46493E-3 1.63434E-3 1.747E-3 1.586E-3 1.41676E-3 1.39017E-3 1.46361E-3 1.68184E-3 1.70724E-3 1.81647E-3 1.84346E-3 1.80762E-3 1.60405E-3 1.59535E-3 1.74379E-3 1.85938E-3 1.86888E-3 2.25818E-3 2.14482E-3 2.1956E-3 2.08387E-3 1.82655E-3 1.69676E-3 1.64479E-3 1.64073E-3 1.67697E-3 1.52592E-3 1.26225E-3 1.12208E-3 1.16971E-3 1.02797E-3 1.06926E-3 1.17567E-3 1.12393E-3 1.09294E-3 9.93213E-4 9.743E-4 1.07562E-3 9.53042E-4 8.26409E-4 6.87512E-4 7.23924E-4 7.50505E-4 8.81209E-4
1.07781E-3 3.25729E-3 2.38896E-2 8.01289E-3 1.78675E-3 3.40312E-3 3.76469E-3 2.54717E-3 2.53836E-3 2.35855E-3 4.33934E-3 1.75314E-3 1.36175E-3 1.11543E-3 8.83722E-4 1.11367E-3 1.15591E-3 1.20299E-3 1.22517E-3 1.25692E-3 1.27807E-3 1.31847E-3 1.37891E-3 1.54898E-3 1.64546E-3 1.63116E-3 1.913E-3 2.07907E-3 2.0762E-3 1.44358E-3 1.52041E-3 1.35074E-3 1.39607E-3 1.45423E-3 1.7661E-3 1.79762E-3 2.03154E-3 2.33957E-3 2.28425E-3 2.03033E-3 2.01125E-3 2.0266E-3 2.08703E-3 1.64444E-3 1.2941E-3 1.14141E-3 1.16383E-3 1.06783E-3 9.82955E-4 1.20455E-3 1.27404E-3 1.2509E-3 1.16731E-3 1.13619E-3 1.12088E-3 1.013E-3 1.02615E-3 8.43589E-4 7.36439E-4 8.6453E-4 8.73207E-4
6.61004E-4 1.0773E-3 3.65953E-3 2.24895E-2 1.29283E-2 2.60145E-3 1.50555E-3 3.55977E-3 1.80429E-3 1.05915E-3 1.95779E-3 3.31153E-3 9.56242E-4 6.75285E-4 7.01198E-4 6.26192E-4 7.51545E-4 1.26214E-3 1.2665E-3 1.15345E-3 1.15228E-3 1.30092E-3 1.44858E-3 1.64546E-3 1.5718E-3 1.74637E-3 1.87778E-3 1.90199E-3 2.00726E-3 1.71499E-3 1.52657E-3 1.2402E-3 1.25245E-3 1.23671E-3 1.51489E-3 1.72302E-3 1.75573E-3 2.17859E-3 2.46675E-3 2.40008E-3 2.42264E-3 2.33317E-3 2.53872E-3 2.50647E-3 1.89782E-3 1.5618E-3 1.43203E-3 1.32746E-3 1.28231E-3 1.2611E-3 1.37863E-3 1.42668E-3 1.25864E-3 1.19667E-3 1.16477E-3 1.12411E-3 1.0976E-3 9.9724E-4 1.09108E-3 9.70564E-4 1.12888E-3
1.99994E-3 2.67238E-3 3.34912E-3 3.70639E-3 8.77495E-3 8.14004E-3 5.56929E-3 1.72144E-3 1.18527E-3 8.54865E-4 2.389E-3 1.48978E-3 1.8183E-3 9.05108E-4 4.21387E-4 3.5598E-4 5.85381E-4 1.12751E-3 1.09075E-3 1.15515E-3 1.0897E-3 1.02358E-3 1.06556E-3 1.35028E-3 1.42597E-3 1.43421E-3 1.76905E-3 1.90088E-3 1.92508E-3 1.54168E-3 1.29259E-3 1.26186E-3 1.13705E-3 1.34409E-3 1.63202E-3 1.83262E-3 1.77394E-3 2.04367E-3 2.24407E-3 2.1627E-3 2.30134E-3 2.33189E-3 2.29127E-3 2.56557E-3 2.15894E-3 1.96016E-3 1.8228E-3 1.81087E-3 1.73972E-3 1.93203E-3 1.93501E-3 1.78397E-3 1.56044E-3 1.33874E-3 1.25559E-3 1.19084E-3 1.30278E-3 1.34397E-3 1.57873E-3 1.525E-3 1.36748E-3
4.36867E-3 1.44069E-3 2.96635E-3 1.01891E-2 8.33022E-3 1.16381E-3 1.15867E-2 7.13573E-3 2.96099E-3 1.25949E-3 9.71462E-4 1.03623E-3 1.40257E-3 1.47545E-3 8.04651E-4 4.92025E-4 5.55424E-4 7.99717E-4 5.88803E-4 1.03611E-3 1.32305E-3 1.22946E-3 1.27204E-3 1.28618E-3 1.49704E-3 1.42159E-3 1.60032E-3 1.92974E-3 1.89628E-3 1.32238E-3 1.00185E-3 1.16906E-3 1.29898E-3 1.47566E-3 1.5694E-3 1.59348E-3 1.70004E-3 1.79679E-3 1.92333E-3 2.04723E-3 2.02537E-3 2.46425E-3 2.45752E-3 2.52035E-3 2.03957E-3 2.18691E-3 2.65597E-3 2.57822E-3 2.47336E-3 2.06225E-3 1.99351E-3 1.70013E-3 1.51606E-3 1.45385E-3 1.20474E-3 1.20946E-3 1.17605E-3 1.24747E-3 1.322E-3 1.42267E-3 1.46782E-3
5.85201E-3 3.92652E-3 2.38521E-3 1.24863E-2 4.41299E-3 1.38993E-3 1.18623E-3 9.61678E-3 6.5956E-3 1.85312E-3 2.08093E-3 6.17783E-4 6.06186E-4 8.82878E-4 5.98675E-4 5.17617E-4 5.67734E-4 4.26312E-4 6.32213E-4 1.08412E-3 1.95815E-3 1.82005E-3 1.3737E-3 1.30195E-3 1.24969E-3 1.41208E-3 1.38964E-3 1.45287E-3 1.50302E-3 1.34945E-3 1.18745E-3 1.22724E-3 1.36769E-3 1.03031E-3 1.24707E-3 1.40616E-3 1.71265E-3 1.6539E-3 1.69351E-3 1.8536E-3 2.02301E-3 2.06097E-3 2.10432E-3 2.17864E-3 1.98397E-3 1.74517E-3 1.8384E-3 2.29139E-3 2.89383E-3 2.4647E-3 1.50469E-3 1.64528E-3 1.75132E-3 1.62113E-3 1.42782E-3 1.19148E-3 1.20201E-3 1.25861E-3 1.36719E-3 1.4172E-3 1.39446E-3
1.10654E-2 1.31336E-2 1.27405E-2 1.61942E-2 6.64942E-3 1.5139E-3 3.24374E-3 1.30697E-2 1.51285E-2 9.21074E-3 4.05411E-3 1.66527E-3 1.16458E-3 7.18751E-4 1.14794E-3 5.83806E-4 9.51691E-4 1.18925E-3 8.27564E-4 1.64888E-3 2.65378E-3 1.19208E-3 1.22741E-3 1.48313E-3 1.31381E-3 1.2833E-3 1.19691E-3 1.26929E-3 1.20924E-3 1.25071E-3 1.24709E-3 1.26029E-3 1.24327E-3 1.29351E-3 1.33196E-3 1.51378E-3 1.39501E-3 1.39057E-3 1.48389E-3 1.71502E-3 1.88804E-3 1.79595E-3 1.70152E-3 1.66924E-3 1.55123E-3 1.62004E-3 2.00597E-3 1.42198E-3 1.29088E-3 1.37864E-3 1.33516E-3 1.16544E-3 1.22123E-3 1.22866E-3 1.07304E-3 1.16351E-3 1.21729E-3 1.12906E-3 1.16381E-3 1.21212E-3 1.26162E-3
6.56184E-3 1.3066E-2 1.13857E-2 1.43765E-2 1.60104E-2 3.33056E-3 5.58637E-3 1.68091E-2 4.88788E-3 1.79025E-3 4.91865E-3 1.2068E-2 3.29124E-3 9.91739E-4 2.54608E-3 1.97332E-3 6.18031E-4 9.61281E-4 2.66525E-3 1.1185E-3 1.17666E-3 5.98347E-4 8.37675E-4 1.21886E-3 1.48465E-3 1.33878E-3 1.25832E-3 1.26E-3 1.10468E-3 1.09364E-3 1.04509E-3 1.11592E-3 1.24257E-3 1.33522E-3 1.53797E-3 1.54424E-3 1.41455E-3 1.55769E-3 1.61545E-3 1.7494E-3 1.74473E-3 1.56846E-3 1.16878E-3 1.47707E-3 1.52794E-3 1.3747E-3 1.6671E-3 1.48461E-3 1.45589E-3 1.01914E-3 8.83278E-4 9.07937E-4 9.55979E-4 7.75792E-4 8.59523E-4 1.0581E-3 8.798E-4 8.13123E-4 8.4164E-4 8.3632E-4 9.57237E-4
2.29964E-2 2.39929E-2 2.41934E-2 1.87939E-2 1.32525E-2 2.12437E-3 1.12524E-2 2.01977E-2 3.9246E-3 1.86666E-3 1.36492E-3 7.41819E-4 8.22543E-3 1.72453E-2 9.54355E-3 2.92881E-3 1.27175E-3 5.58293E-4 1.13307E-3 8.89586E-4 7.07408E-4 4.85848E-4 7.69685E-4 8.18228E-4 1.03686E-3 1.37993E-3 1.36525E-3 1.28124E-3 1.0552E-3 1.05781E-3 9.89994E-4 1.0703E-3 1.04862E-3 1.23901E-3 1.51865E-3 1.54917E-3 1.63914E-3 1.59911E-3 1.73872E-3 1.83288E-3 1.6462E-3 1.65932E-3 1.29749E-3 1.27842E-3 1.64685E-3 1.68566E-3 1.62664E-3 1.50889E-3 1.61256E-3 9.6417E-4 7.72503E-4 7.74041E-4 9.61736E-4 8.59631E-4 7.4337E-4 9.71346E-4 1.04105E-3 8.56735E-4 7.87821E-4 7.51892E-4 7.5018E-4
3.45269E-2 3.14137E-2 2.28679E-2 3.05191E-2 1.21655E-2 5.46003E-3 4.01185E-3 2.16187E-2 1.16514E-2 7.76102E-3 3.99574E-3 7.09703E-4 1.62248E-3 3.25855E-3 2.24278E-2 1.09416E-2 3.39583E-3 3.07492E-3 1.89557E-3 6.11516E-4 6.90173E-4 9.2934E-4 6.60779E-4 9.31689E-4 9.79565E-4 1.13988E-3 1.58534E-3 1.35109E-3 1.09061E-3 9.52195E-4 9.29856E-4 1.04789E-3 1.03013E-3 1.16291E-3 1.59222E-3 1.66379E-3 1.61066E-3 1.67585E-3 1.75157E-3 1.77722E-3 1.73855E-3 1.72367E-3 1.39768E-3 1.27508E-3 1.69539E-3 2.03904E-3 2.03667E-3 1.58959E-3 1.51277E-3 1.19511E-3 7.62692E-4 8.25356E-4 8.09629E-4 9.44514E-4 9.02101E-4 9.41829E-4 9.71062E-4 9.11527E-4 9.21495E-4 9.59433E-4 8.64264E-4
1.75075E-2 1.99522E-2 6.33665E-2 1.93481E-2 1.55729E-2 2.41606E-2 1.09856E-2 5.49937E-3 2.80883E-2 5.03039E-3 3.25856E-3 1.01682E-3 1.26709E-3 2.47527E-3 7.85907E-3 3.25514E-3 2.4436E-2 5.90821E-3 1.32064E-3 3.49909E-3 1.43794E-3 1.43703E-3 1.7878E-3 5.9006E-4 8.80376E-4 8.84495E-4 9.0355E-4 1.2821E-3 1.16502E-3 9.78735E-4 9.89852E-4 1.00914E-3 1.07956E-3 1.19374E-3 1.44957E-3 1.83293E-3 1.71259E-3 1.61432E-3 1.59068E-3 1.76855E-3 1.77563E-3 1.71852E-3 1.82889E-3 1.75447E-3 1.43524E-3 1.58242E-3 1.79616E-3 1.8888E-3 1.46423E-3 1.39056E-3 9.08552E-4 9.71137E-4 1.00873E-3 1.08226E-3 9.22576E-4 8.78489E-4 9.52258E-4 9.66259E-4 9.57571E-4 1.12886E-3 1.08672E-3
3.32624E-2 5.70044E-2 3.62662E-2 1.4338E-2 3.13294E-2 7.70114E-2 8.21836E-3 2.31014E-3 3.52759E-3 2.51555E-2 4.29371E-3 1.48141E-3 4.37421E-3 1.82297E-3 1.95E-3 1.33494E-3 2.7908E-3 2.20242E-2 6.55228E-3 5.95164E-3 1.4892E-3 1.05143E-3 1.76849E-3 2.23955E-3 1.53252E-3 1.71294E-3 1.67234E-3 1.35717E-3 1.63159E-3 1.49078E-3 1.52458E-3 1.56094E-3 1.29221E-3 1.28392E-3 1.56467E-3 1.61144E-3 2.0402E-3 1.9212E-3 1.74716E-3 1.82E-3 1.81237E-3 1.92122E-3 1.88344E-3 2.06316E-3 2.4127E-3 2.39715E-3 1.95646E-3 1.58209E-3 1.09143E-3 9.27761E-4 7.85374E-4 8.74802E-4 1.07402E-3 1.32736E-3 9.30672E-4 9.55697E-4 9.88345E-4 8.69206E-4 1.05999E-3 1.24925E-3 1.41533E-3
6.62348E-2 3.11822E-2 2.73872E-2 1.55395E-2 4.11372E-2 8.73664E-2 1.6532E-2 1.53175E-2 4.7536E-3 3.14103E-2 6.38317E-3 9.35119E-3 1.92174E-3 3.09183E-3 7.50424E-4 1.81554E-3 1.92728E-3 4.87847E-3 2.04248E-2 1.57662E-2 6.71107E-3 2.89362E-3 2.31651E-3 1.73391E-3 1.54842E-3 1.84888E-3 2.41567E-3 2.08787E-3 2.84819E-3 2.65729E-3 1.91084E-3 1.76103E-3 1.55543E-3 1.94987E-3 2.68496E-3 2.22738E-3 1.77403E-3 1.81686E-3 1.87879E-3 1.99343E-3 1.85416E-3 1.77386E-3 1.62096E-3 1.85529E-3 2.14307E-3 2.35617E-3 2.0122E-3 1.44193E-3 1.02451E-3 9.93309E-4 7.9312E-4 7.69085E-4 7.43993E-4 8.33995E-4 9.76361E-4 1.03104E-3 1.20329E-3 1.22436E-3 1.14474E-3 1.2765E-3 1.7986E-3
5.29902E-2 1.2871E-1 2.21976E-1 1.69992E-1 1.61376E-1 6.20151E-2 4.0065E-2 2.12162E-2 1.69386E-2 1.5099E-2 2.71256E-2 8.03002E-3 3.05051E-3 1.37916E-2 1.38578E-3 2.61709E-3 1.22848E-3 2.55287E-3 1.88324E-3 1.43053E-2 2.09796E-2 8.25584E-3 6.57991E-3 3.96783E-3 1.53704E-3 8.11625E-4 1.4113E-3 1.10692E-3 1.97494E-3 1.63258E-3 2.05663E-3 1.90769E-3 1.87677E-3 1.64826E-3 2.36694E-3 2.22443E-3 1.6832E-3 1.75226E-3 2.12472E-3 2.19388E-3 2.20732E-3 2.17588E-3 2.5569E-3 2.45697E-3 2.79247E-3 2.72366E-3 2.26667E-3 2.26292E-3 2.1896E-3 1.80436E-3 1.53453E-3 2.03461E-3 2.40359E-3 2.06558E-3 1.73659E-3 1.90019E-3 2.1681E-3 1.8516E-3 1.90024E-3 2.23333E-3 2.05423E-3
9.17346E-2 5.87073E-2 7.09982E-2 2.38888E-1 1.59183E-1 1.87915E-2 2.9007E-2 4.94487E-2 7.81958E-3 3.97925E-3 2.38431E-2 3.63053E-2 3.28952E-2 7.30443E-3 3.78233E-3 4.78486E-3 5.84548E-3 1.49907E-3 1.33701E-3 1.33269E-3 7.27222E-3 1.89165E-2 1.14171E-2 6.84615E-3 3.37229E-3 1.75002E-3 8.84154E-4 8.74597E-4 1.25725E-3 1.43907E-3 2.25687E-3 2.93426E-3 2.51148E-3 2.21089E-3 2.1848E-3 2.5104E-3 2.28288E-3 2.38799E-3 2.96667E-3 3.03101E-3 3.40017E-3 3.43376E-3 3.24608E-3 3.7322E-3 3.67898E-3 3.56927E-3 3.3956E-3 3.37519E-3 3.29336E-3 3.41327E-3 3.20104E-3 2.99602E-3 2.40745E-3 1.95407E-3 2.21731E-3 2.12251E-3 1.80376E-3 1.95047E-3 2.44423E-3 2.00855E-3 2.12076E-3
4.01175E-2 3.95187E-2 6.3664E-2 1.2056E-1 1.87055E-1 7.50681E-2 1.6117E-1 1.55711E-2 2.36687E-2 6.26377E-3 5.38944E-3 1.20732E-1 1.1052E-2 1.01386E-2 1.67161E-2 5.82196E-3 8.07458E-3 5.33124E-3 3.51506E-3 1.37478E-3 3.30165E-3 1.42675E-2 2.25566E-2 8.70181E-3 6.65608E-3 3.61565E-3 1.63564E-3 9.19957E-4 1.19365E-3 1.08679E-3 1.98778E-3 3.69713E-3 4.04464E-3 3.88035E-3 3.86772E-3 3.62845E-3 2.79978E-3 2.30314E-3 2.48507E-3 2.58564E-3 3.50466E-3 4.72869E-3 3.89801E-3 3.92642E-3 4.68958E-3 4.34132E-3 3.97361E-3 4.11806E-3 3.88666E-3 3.10698E-3 2.32552E-3 2.40724E-3 2.50458E-3 2.52858E-3 2.67832E-3 2.55772E-3 2.27633E-3 2.2669E-3 2.07602E-3 2.11916E-3 2.09085E-3
4.4867E-2 4.5656E-2 9.09939E-2 2.00011E-1 4.88676E-2 8.55546E-2 1.25987E-1 3.07305E-2 2.87924E-2 8.65692E-3 2.00914E-2 1.62612E-1 1.19913E-2 6.02826E-3 4.1484E-3 1.10274E-2 1.78709E-2 3.99338E-2 1.92763E-3 1.46641E-3 1.78847E-3 4.34846E-3 1.29319E-2 2.04789E-2 7.6774E-3 9.05811E-3 2.44453E-3 1.30161E-3 8.97749E-4 1.56863E-3 2.23037E-3 3.61756E-3 5.88399E-3 5.79695E-3 5.34092E-3 5.41348E-3 4.6817E-3 3.78389E-3 3.21891E-3 3.32215E-3 4.14929E-3 5.13705E-3 4.68845E-3 4.89358E-3 4.94966E-3 5.09231E-3 4.81765E-3 5.40455E-3 4.26874E-3 3.67135E-3 3.33576E-3 3.21342E-3 2.89983E-3 2.97884E-3 3.06554E-3 3.13324E-3 2.88808E-3 2.34797E-3 2.34552E-3 2.34525E-3 2.37633E-3
1.88509E-2 3.81759E-2 2.40566E-1 2.08265E-1 1.063E-1 1.34337E-1 8.63554E-2 9.21383E-2 3.08238E-2 7.91291E-3 3.3126E-2 1.00995E-1 7.27954E-2 1.49025E-2 8.18557E-3 3.138E-3 1.15746E-2 6.2412E-2 3.20464E-3 1.70107E-3 2.56606E-3 2.77385E-3 9.7267E-3 1.97274E-2 1.3857E-2 7.73511E-3 4.71135E-3 3.50938E-3 1.70339E-3 2.76346E-3 1.61832E-3 2.60604E-3 4.25456E-3 5.82785E-3 4.826E-3 4.67239E-3 5.88641E-3 5.59534E-3 4.8331E-3 4.53299E-3 4.54874E-3 5.50713E-3 6.64118E-3 6.82778E-3 6.60989E-3 6.25872E-3 6.29698E-3 5.88623E-3 5.29549E-3 4.43076E-3 4.05847E-3 3.70284E-3 3.60398E-3 3.48331E-3 3.53886E-3 3.83709E-3 2.79879E-3 2.45404E-3 2.61498E-3 2.42598E-3 2.25949E-3
2.00914E-2 5.26086E-2 2.60866E-1 3.86651E-2 2.95876E-2 2.00017E-2 1.46395E-2 2.52467E-2 1.85904E-2 1.49271E-2 4.46582E-2 6.66225E-2 3.03604E-2 1.34189E-2 5.3817E-2 8.69948E-3 8.22801E-3 5.81015E-2 7.84014E-3 3.90154E-3 2.53069E-3 3.14436E-3 8.19303E-3 1.62544E-2 2.28521E-2 1.09462E-2 5.62597E-3 2.62602E-3 2.38036E-3 4.16862E-3 2.07098E-3 2.67016E-3 3.6661E-3 5.98877E-3 5.38749E-3 5.22737E-3 7.07149E-3 7.2995E-3 7.04205E-3 6.19081E-3 6.35204E-3 6.22679E-3 8.09335E-3 9.15289E-3 8.87543E-3 8.92965E-3 8.49576E-3 7.10938E-3 7.04408E-3 5.95256E-3 4.85876E-3 5.21481E-3 5.29341E-3 4.99308E-3 5.53372E-3 5.18598E-3 3.7824E-3 3.8524E-3 4.02575E-3 3.62977E-3 3.36271E-3
2.90728E-2 9.28153E-2 2.5929E-1 6.36307E-2 4.32987E-2 1.29801E-2 1.80228E-2 1.66532E-2 8.84466E-3 4.76777E-2 1.68014E-1 4.09164E-2 9.58453E-3 5.06944E-3 6.51381E-2 1.12128E-2 8.07682E-3 8.81203E-2 8.40598E-3 3.24406E-3 2.83036E-3 3.12486E-3 4.53604E-3 1.73385E-2 2.88394E-2 9.76272E-3 4.08898E-3 3.45233E-3 4.05666E-3 7.4729E-3 3.03389E-3 3.6587E-3 6.155E-3 7.36633E-3 6.19216E-3 5.87191E-3 8.65568E-3 9.36701E-3 9.11102E-3 9.08553E-3 8.53483E-3 8.23158E-3 1.06275E-2 1.17488E-2 1.16375E-2 1.2197E-2 1.26752E-2 9.80535E-3 9.53429E-3 8.26005E-3 8.00008E-3 6.59188E-3 6.17548E-3 5.9532E-3 6.16541E-3 6.17906E-3 5.37778E-3 5.55643E-3 5.33301E-3 5.18551E-3 4.86057E-3
1.46093E-1 1.13672E-1 4.32142E-2 3.1227E-2 3.26867E-2 1.86987E-2 4.85266E-2 1.33066E-2 1.43036E-2 4.62122E-2 1.06053E-1 9.8542E-3 6.95402E-3 2.92412E-2 5.12952E-2 7.77633E-3 5.5546E-3 1.02471E-1 2.38122E-2 7.31326E-3 1.26599E-2 4.74656E-3 8.692E-3 2.65803E-2 3.40716E-2 1.71426E-2 6.0068E-3 1.23941E-2 7.25054E-3 1.18056E-2 6.94523E-3 4.45514E-3 5.95278E-3 1.0366E-2 8.52264E-3 6.90907E-3 8.19668E-3 1.43813E-2 1.33522E-2 1.35524E-2 1.33904E-2 1.42388E-2 1.38761E-2 1.38917E-2 1.43412E-2 1.62314E-2 1.64513E-2 1.28225E-2 1.14866E-2 1.01257E-2 8.30298E-3 6.76973E-3 6.28373E-3 6.36016E-3 5.4185E-3 4.17304E-3 3.70155E-3 3.64867E-3 4.12698E-3 4.34755E-3 4.75384E-3
8.52432E-2 1.85823E-1 2.06282E-2 3.31296E-2 4.56757E-2 4.50715E-2 4.01978E-2 1.67329E-2 3.72716E-2 4.68288E-2 8.96969E-2 1.16952E-2 3.88784E-2 7.5141E-2 3.01341E-2 4.5101E-2 4.30931E-2 7.03793E-2 7.31391E-2 6.6058E-3 8.28316E-3 1.39164E-2 2.03057E-2 3.72798E-2 4.74894E-2 4.17135E-2 1.33338E-2 2.06463E-2 1.07706E-2 1.38679E-2 1.22315E-2 7.27449E-3 1.10492E-2 1.80728E-2 1.55373E-2 1.23315E-2 1.6031E-2 1.37443E-2 1.41805E-2 1.60927E-2 1.26645E-2 1.53372E-2 1.42533E-2 1.27114E-2 1.33525E-2 1.3848E-2 1.43172E-2 1.32991E-2 1.25122E-2 1.19168E-2 1.03984E-2 8.46133E-3 6.74591E-3 5.44418E-3 3.66143E-3 2.47163E-3 2.42182E-3 2.44714E-3 2.79352E-3 3.43548E-3 3.9467E-3
