data/maxent/outputs/white_267.asc
ncols         426
nrows         180
xllcorner     -130.0
yllcorner     24.0
cellsize      0.16666666666666666
NODATA_value  -9999
[rows 27 to 53 of 180, columns 61 to 121 of 426]
3.61296E-1 3.64255E-1 2.89504E-1 2.63277E-1 4.00604E-1 4.40234E-1 2.14049E-1 3.04346E-1 4.94832E-1 2.10546E-1 5.68278E-1 3.53894E-1 2.54414E-1 5.27773E-1 2.80701E-1 2.53897E-1 9.76007E-2 1.78727E-1 5.35036E-1 7.73738E-2 1.60821E-1 1.17614E-1 1.31356E-1 3.04915E-1 3.34374E-1 3.23245E-1 4.557E-1 3.64394E-1 2.54173E-1 1.93648E-1 1.66345E-1 1.61792E-1 2.59755E-1 2.61304E-1 2.7267E-1 2.5175E-1 2.57238E-1 2.80981E-1 2.80975E-1 2.57436E-1 2.46983E-1 2.43364E-1 2.38662E-1 2.5432E-1 2.56308E-1 2.45521E-1 2.1754E-1 1.92425E-1 1.81928E-1 1.80468E-1 1.66295E-1 1.44114E-1 1.24084E-1 1.08961E-1 9.46764E-2 7.57404E-2 5.93323E-2 5.7645E-2 4.70438E-2 5.03397E-2 5.31298E-2
3.83562E-1 3.21191E-1 3.5728E-1 2.15152E-1 3.81319E-1 4.6071E-1 3.77847E-1 3.26291E-1 5.72854E-1 3.46724E-1 2.72372E-1 2.78601E-1 4.72251E-1 5.18905E-1 3.384E-1 3.66585E-1 1.35115E-1 1.18093E-1 3.59011E-1 3.91475E-1 2.83429E-1 2.63557E-1 2.00297E-1 2.89249E-1 2.15627E-1 2.47961E-1 4.21452E-1 4.60144E-1 3.90325E-1 2.39506E-1 1.58664E-1 1.9739E-1 1.68868E-1 1.55131E-1 1.47931E-1 2.42194E-1 2.69273E-1 2.80173E-1 2.8141E-1 2.66295E-1 2.22633E-1 2.04081E-1 1.80395E-1 1.91368E-1 2.20605E-1 2.33597E-1 1.90922E-1 1.63078E-1 1.63523E-1 1.66873E-1 1.56976E-1 1.31258E-1 1.2197E-1 1.17614E-1 1.01774E-1 8.97656E-2 6.1417E-2 4.92108E-2 3.67833E-2 2.95402E-2 3.60091E-2
4.11612E-1 3.44322E-1 3.80308E-1 3.17694E-1 3.47872E-1 4.34444E-1 4.81087E-1 4.88452E-1 5.87066E-1 5.93216E-1 3.45077E-1 4.07493E-1 5.49247E-1 5.70937E-1 4.40042E-1 4.84388E-1 1.543E-1 1.59093E-1 2.69052E-1 5.92875E-1 4.90805E-1 3.76805E-1 3.50328E-1 2.54954E-1 2.67706E-1 2.88662E-1 2.61138E-1 4.70039E-1 4.92298E-1 1.91922E-1 1.7E-1 2.64046E-1 2.85666E-1 1.50246E-1 1.12941E-1 2.26255E-1 2.56475E-1 2.42385E-1 2.37844E-1 2.46854E-1 1.89386E-1 1.65632E-1 1.28202E-1 1.4231E-1 1.33658E-1 1.28544E-1 1.01508E-1 8.91634E-2 1.25952E-1 1.64619E-1 1.51063E-1 1.35733E-1 1.30186E-1 1.24941E-1 1.14883E-1 1.14923E-1 8.2431E-2 4.85849E-2 2.73478E-2 2.31544E-2 2.54571E-2
3.50446E-1 3.25849E-1 3.25417E-1 3.13266E-1 3.04827E-1 3.95614E-1 4.75647E-1 4.91505E-1 4.30714E-1 5.74016E-1 5.71226E-1 5.92238E-1 6.07861E-1 5.47424E-1 4.43109E-1 4.33854E-1 2.42237E-1 3.16661E-1 2.0873E-1 3.50258E-1 5.7091E-1 4.47232E-1 2.8408E-1 2.03535E-1 3.47944E-1 3.25384E-1 2.22171E-1 4.82099E-1 4.33716E-1 3.09026E-1 1.91953E-1 2.09509E-1 3.26085E-1 2.48153E-1 1.27407E-1 1.42518E-1 1.30198E-1 1.54558E-1 2.2461E-1 2.17616E-1 1.84939E-1 1.57811E-1 1.17648E-1 1.11256E-1 8.8122E-2 8.01745E-2 7.27822E-2 6.59739E-2 6.5994E-2 9.41623E-2 1.24675E-1 1.30173E-1 1.58896E-1 1.09875E-1 8.11824E-2 7.85005E-2 6.06083E-2 4.6655E-2 3.76651E-2 3.73041E-2 3.7092E-2
3.37016E-1 3.21638E-1 2.77816E-1 3.37864E-1 3.18313E-1 3.43632E-1 4.05517E-1 4.5874E-1 2.85659E-1 5.56345E-1 5.86805E-1 6.02027E-1 5.48849E-1 5.26227E-1 5.51737E-1 3.54572E-1 3.5848E-1 5.1894E-1 2.97732E-1 1.94243E-1 5.53723E-1 5.64036E-1 4.98305E-1 3.80379E-1 3.54402E-1 2.72979E-1 2.98218E-1 3.94668E-1 3.2945E-1 3.85533E-1 2.56934E-1 1.77461E-1 2.58244E-1 3.1785E-1 3.19628E-1 1.51024E-1 1.38883E-1 1.35314E-1 2.16312E-1 2.09361E-1 2.03176E-1 1.77235E-1 1.48128E-1 1.0684E-1 7.74111E-2 6.38865E-2 6.01061E-2 5.16517E-2 4.23722E-2 4.64116E-2 5.70129E-2 6.72568E-2 7.27647E-2 5.35311E-2 4.07826E-2 4.04022E-2 3.89146E-2 3.64851E-2 3.58131E-2 4.08893E-2 4.20522E-2
4.28155E-1 2.85812E-1 2.94963E-1 3.38093E-1 3.34303E-1 3.58126E-1 3.74075E-1 4.06703E-1 3.39637E-1 5.55963E-1 5.91714E-1 5.91932E-1 5.7059E-1 5.07825E-1 5.4283E-1 5.36861E-1 4.88965E-1 5.63803E-1 3.48145E-1 3.4115E-1 5.51669E-1 3.97531E-1 4.7368E-1 5.16241E-1 3.11997E-1 3.99907E-1 3.0826E-1 5.18129E-1 2.89896E-1 3.06566E-1 3.11781E-1 3.5578E-1 2.69407E-1 3.00134E-1 4.3156E-1 5.28245E-1 1.74784E-1 1.27434E-1 1.04852E-1 2.27055E-1 2.46114E-1 2.15399E-1 1.90724E-1 1.10048E-1 7.18472E-2 6.40406E-2 6.42885E-2 4.79931E-2 4.26626E-2 3.81618E-2 3.58421E-2 4.07008E-2 3.86383E-2 3.45807E-2 2.92372E-2 3.05993E-2 3.24902E-2 3.31994E-2 3.87933E-2 3.67065E-2 4.91212E-2
4.34655E-1 2.74119E-1 3.05298E-1 3.61444E-1 3.31521E-1 3.86303E-1 4.00785E-1 3.99247E-1 4.84122E-1 5.35564E-1 5.7343E-1 5.86237E-1 5.88212E-1 5.08201E-1 5.32838E-1 5.58066E-1 5.3025E-1 5.5161E-1 4.31666E-1 4.9828E-1 5.51126E-1 4.06695E-1 2.86017E-1 5.20179E-1 3.7899E-1 5.22492E-1 5.16297E-1 5.08959E-1 3.11124E-1 2.84092E-1 2.43539E-1 3.75383E-1 4.64138E-1 4.65829E-1 4.81044E-1 4.16303E-1 3.69457E-1 1.89438E-1 1.20114E-1 2.2999E-1 2.53885E-1 2.60062E-1 2.0599E-1 1.36133E-1 6.99052E-2 5.2643E-2 5.5176E-2 4.89744E-2 4.29228E-2 4.30619E-2 3.85971E-2 3.78864E-2 2.99335E-2 2.44972E-2 2.70759E-2 3.27169E-2 3.60446E-2 3.94629E-2 4.00269E-2 4.50414E-2 1.10061E-1
3.09758E-1 2.91278E-1 3.00401E-1 3.09404E-1 3.50783E-1 3.34871E-1 4.00928E-1 4.74709E-1 5.07029E-1 5.21458E-1 5.79164E-1 5.83194E-1 5.75974E-1 5.60668E-1 5.60821E-1 5.67417E-1 5.65058E-1 5.58863E-1 5.35246E-1 5.67336E-1 5.94837E-1 5.16069E-1 3.156E-1 4.78496E-1 2.61417E-1 4.41675E-1 4.54902E-1 4.81306E-1 3.97383E-1 3.48655E-1 2.24042E-1 3.31086E-1 4.21384E-1 3.93637E-1 4.69442E-1 3.94846E-1 3.57165E-1 3.00846E-1 1.94057E-1 1.49996E-1 1.71677E-1 2.43571E-1 2.18282E-1 1.52952E-1 8.02279E-2 5.79724E-2 5.33488E-2 5.27813E-2 4.77595E-2 4.68525E-2 4.66642E-2 3.63405E-2 3.53997E-2 3.03471E-2 3.26928E-2 3.41468E-2 4.11237E-2 4.70223E-2 5.412E-2 1.20347E-1 2.05639E-1
2.7699E-1 2.55775E-1 2.31231E-1 2.46337E-1 2.72047E-1 3.05982E-1 4.04786E-1 4.2688E-1 4.62559E-1 5.04786E-1 5.79741E-1 5.86379E-1 5.72892E-1 5.88506E-1 5.80383E-1 5.69528E-1 5.63058E-1 5.52044E-1 5.48481E-1 5.63879E-1 5.87714E-1 5.26966E-1 5.0179E-1 4.97136E-1 4.35431E-1 2.78885E-1 4.66179E-1 4.27262E-1 4.13514E-1 3.48064E-1 3.50159E-1 3.71695E-1 4.40642E-1 4.87489E-1 5.02043E-1 3.96848E-1 3.87484E-1 3.19491E-1 2.073E-1 1.75646E-1 1.44438E-1 1.31826E-1 2.06815E-1 1.97409E-1 1.1483E-1 6.15267E-2 5.10509E-2 5.32278E-2 4.72173E-2 4.8356E-2 5.12552E-2 6.45918E-2 6.64274E-2 7.32525E-2 6.85139E-2 6.95127E-2 7.22395E-2 6.09052E-2 7.47353E-2 1.32518E-1 1.75537E-1
2.34571E-1 1.91204E-1 1.73578E-1 2.118E-1 2.99008E-1 2.95035E-1 3.51491E-1 3.7831E-1 4.43845E-1 4.87675E-1 5.73022E-1 5.92652E-1 6.40647E-1 6.1517E-1 5.94966E-1 5.82597E-1 5.46215E-1 5.6341E-1 5.30393E-1 5.45171E-1 5.10709E-1 4.75601E-1 4.55757E-1 4.13058E-1 4.90049E-1 4.5771E-1 4.14019E-1 3.97028E-1 3.78489E-1 2.9771E-1 3.90846E-1 4.38554E-1 4.83269E-1 5.28267E-1 5.79601E-1 4.53499E-1 3.41637E-1 3.11867E-1 3.19733E-1 1.72416E-1 1.24234E-1 1.22267E-1 1.46471E-1 2.19988E-1 1.10713E-1 4.78955E-2 4.00132E-2 5.44316E-2 5.95791E-2 6.59497E-2 7.94638E-2 8.81187E-2 9.47985E-2 9.59322E-2 1.07894E-1 9.92852E-2 9.75659E-2 1.02861E-1 9.41695E-2 9.42726E-2 1.0223E-1
2.02156E-1 1.69472E-1 1.54625E-1 2.12043E-1 2.18183E-1 2.12135E-1 2.11855E-1 2.5163E-1 3.11228E-1 3.54943E-1 4.30444E-1 4.82247E-1 5.32501E-1 5.93983E-1 6.54876E-1 6.04346E-1 5.989E-1 5.78074E-1 5.92286E-1 5.32202E-1 4.9985E-1 4.88863E-1 4.80302E-1 4.69674E-1 4.05745E-1 4.85577E-1 4.61912E-1 2.72244E-1 4.45727E-1 3.28844E-1 4.16331E-1 4.09009E-1 4.41502E-1 4.54654E-1 5.46862E-1 3.80637E-1 3.70418E-1 1.82102E-1 2.81107E-1 1.45137E-1 1.06232E-1 1.86787E-1 1.15108E-1 2.4273E-1 1.19443E-1 5.93114E-2 4.96572E-2 5.61775E-2 6.94233E-2 8.74927E-2 1.21209E-1 1.6089E-1 1.57728E-1 1.59985E-1 1.81019E-1 1.95542E-1 2.02863E-1 1.53415E-1 1.09139E-1 8.92988E-2 7.95415E-2
1.74731E-1 1.71013E-1 2.08755E-1 2.02629E-1 1.69881E-1 1.86415E-1 2.06395E-1 2.21251E-1 2.48514E-1 2.67415E-1 3.08711E-1 3.97617E-1 4.63354E-1 5.18718E-1 6.19523E-1 6.35191E-1 6.02582E-1 5.86205E-1 6.15711E-1 5.71366E-1 5.37316E-1 5.13064E-1 4.94416E-1 4.71701E-1 3.35616E-1 4.14132E-1 4.75628E-1 4.85786E-1 4.50731E-1 4.71788E-1 4.27366E-1 3.56742E-1 3.72849E-1 3.41424E-1 3.99423E-1 2.38426E-1 3.96426E-1 1.69628E-1 2.21678E-1 2.29897E-1 1.15639E-1 1.94661E-1 2.16719E-1 2.46921E-1 1.4149E-1 8.55667E-2 6.5267E-2 6.63682E-2 7.7216E-2 1.04741E-1 1.32975E-1 1.82136E-1 1.8032E-1 2.2508E-1 2.9151E-1 3.27786E-1 2.77533E-1 1.72711E-1 1.28024E-1 1.0459E-1 1.22363E-1
1.83391E-1 1.93154E-1 1.98974E-1 1.66575E-1 1.59367E-1 1.71887E-1 1.93117E-1 2.15866E-1 2.36286E-1 2.60198E-1 3.08431E-1 3.55706E-1 4.37711E-1 5.07844E-1 5.56538E-1 5.70713E-1 5.35245E-1 5.49355E-1 5.84163E-1 5.53692E-1 4.79191E-1 4.90673E-1 4.22806E-1 4.03512E-1 3.48803E-1 3.43933E-1 4.1095E-1 4.22273E-1 4.42953E-1 4.6257E-1 4.25228E-1 3.50432E-1 3.50264E-1 3.18988E-1 3.28204E-1 2.18737E-1 3.11009E-1 3.02364E-1 1.51021E-1 2.09528E-1 1.85805E-1 1.40819E-1 1.81145E-1 2.73987E-1 1.92916E-1 1.2272E-1 9.11408E-2 9.66791E-2 9.68779E-2 1.1537E-1 1.8444E-1 2.14239E-1 2.41819E-1 2.63934E-1 2.98114E-1 2.55841E-1 2.93507E-1 2.30952E-1 1.61259E-1 1.42334E-1 1.29523E-1
1.78251E-1 2.20992E-1 1.5796E-1 1.52499E-1 1.47745E-1 1.61611E-1 1.8834E-1 2.15165E-1 2.30304E-1 2.54398E-1 3.04408E-1 3.46707E-1 4.32655E-1 5.02192E-1 5.56981E-1 5.71658E-1 5.73179E-1 5.5655E-1 5.4104E-1 5.22175E-1 4.80887E-1 4.61621E-1 4.49945E-1 4.35094E-1 4.01131E-1 3.89477E-1 3.42947E-1 4.04597E-1 5.16256E-1 4.39316E-1 3.37476E-1 2.97008E-1 3.41157E-1 3.42863E-1 3.56147E-1 3.30467E-1 2.53038E-1 3.08003E-1 2.57674E-1 1.63193E-1 1.57371E-1 1.49814E-1 1.27807E-1 1.8223E-1 2.4305E-1 1.9042E-1 1.42979E-1 1.89515E-1 1.52327E-1 1.6135E-1 1.98445E-1 2.32958E-1 2.64226E-1 2.81701E-1 2.865E-1 2.8218E-1 2.56204E-1 2.1449E-1 1.78593E-1 1.38495E-1 1.36317E-1
1.54222E-1 1.77347E-1 2.25824E-1 2.15197E-1 1.77179E-1 1.62869E-1 1.89448E-1 2.10253E-1 2.41913E-1 2.64251E-1 2.90371E-1 3.46249E-1 4.12229E-1 5.06607E-1 5.82691E-1 5.66337E-1 5.5503E-1 5.76739E-1 5.4562E-1 5.08792E-1 4.79298E-1 4.52842E-1 3.85472E-1 3.02549E-1 3.34433E-1 3.33939E-1 3.63169E-1 2.9206E-1 2.8565E-1 3.65684E-1 2.91714E-1 2.75537E-1 2.69019E-1 2.9322E-1 3.26777E-1 2.11418E-1 2.51969E-1 2.78107E-1 3.07383E-1 2.75901E-1 2.31605E-1 2.02091E-1 1.48024E-1 1.82874E-1 2.05154E-1 2.54333E-1 1.68032E-1 1.41489E-1 2.43625E-1 2.26364E-1 2.19925E-1 2.46171E-1 2.13294E-1 2.256E-1 2.1157E-1 1.80417E-1 2.33216E-1 2.29741E-1 1.92966E-1 1.57233E-1 1.62774E-1
1.64707E-1 1.788E-1 1.96268E-1 2.08849E-1 1.83317E-1 1.7101E-1 1.85875E-1 2.14503E-1 2.50721E-1 2.73003E-1 3.14498E-1 3.47408E-1 4.19682E-1 5.10053E-1 5.85046E-1 5.71558E-1 5.52424E-1 5.51845E-1 5.32759E-1 5.18099E-1 4.69215E-1 4.53477E-1 4.28992E-1 4.55838E-1 4.66752E-1 4.22762E-1 4.07753E-1 3.17976E-1 3.01866E-1 2.30568E-1 2.4001E-1 2.23884E-1 2.19246E-1 2.43964E-1 2.20859E-1 3.26934E-1 2.93532E-1 2.66662E-1 2.70431E-1 2.36939E-1 1.90188E-1 2.06491E-1 2.26891E-1 2.08956E-1 1.86694E-1 2.18564E-1 1.97178E-1 1.89781E-1 1.82623E-1 1.51693E-1 1.7172E-1 1.99037E-1 1.61951E-1 1.27601E-1 1.21443E-1 1.11121E-1 1.55987E-1 1.99615E-1 1.98046E-1 1.7606E-1 1.72838E-1
1.8642E-1 1.70269E-1 1.50377E-1 1.89458E-1 1.83406E-1 1.61437E-1 1.69175E-1 1.91998E-1 2.53889E-1 3.14392E-1 3.75407E-1 4.07082E-1 4.6442E-1 5.19421E-1 6.17861E-1 5.83076E-1 5.57031E-1 5.45385E-1 5.12617E-1 4.94712E-1 4.99394E-1 4.68652E-1 4.78514E-1 4.52908E-1 3.95546E-1 4.13357E-1 4.43386E-1 3.83154E-1 3.12609E-1 2.14918E-1 1.84127E-1 1.46403E-1 1.55943E-1 1.88377E-1 2.03487E-1 2.58462E-1 2.67443E-1 2.32045E-1 1.99024E-1 1.91408E-1 1.64247E-1 1.70401E-1 1.62998E-1 1.53029E-1 1.6554E-1 1.64775E-1 1.3107E-1 8.42473E-2 1.82063E-1 1.59557E-1 1.59115E-1 1.60456E-1 1.53583E-1 1.44572E-1 1.28611E-1 1.20138E-1 1.30527E-1 1.38822E-1 1.60813E-1 1.85936E-1 1.76682E-1
1.42481E-1 1.08832E-1 1.17581E-1 1.891E-1 1.70446E-1 1.54051E-1 1.69986E-1 2.30573E-1 3.26113E-1 3.80114E-1 4.66701E-1 5.23315E-1 5.2254E-1 5.3456E-1 5.58147E-1 5.895E-1 5.63756E-1 5.2785E-1 5.71271E-1 5.77582E-1 5.19607E-1 6.16341E-1 5.10433E-1 4.17688E-1 3.70835E-1 3.93086E-1 4.10796E-1 3.19469E-1 2.83955E-1 2.16719E-1 1.53137E-1 1.184E-1 1.38914E-1 1.24596E-1 1.62414E-1 2.12703E-1 1.87239E-1 1.88611E-1 1.58347E-1 1.33206E-1 1.2432E-1 1.17031E-1 1.25515E-1 1.23744E-1 1.15697E-1 1.36322E-1 1.3747E-1 6.01472E-2 8.07579E-2 8.08311E-2 1.64609E-1 1.39777E-1 1.0644E-1 1.19168E-1 1.47233E-1 1.51614E-1 1.53598E-1 1.5959E-1 1.72848E-1 1.68996E-1 1.36504E-1
2.04609E-1 1.83964E-1 1.09758E-1 1.66482E-1 1.80135E-1 1.57676E-1 1.9066E-1 2.77549E-1 3.60148E-1 5.18728E-1 6.19391E-1 6.24627E-1 6.07512E-1 5.55758E-1 5.17162E-1 4.79312E-1 4.54444E-1 4.4051E-1 4.93169E-1 5.67084E-1 5.60694E-1 5.5871E-1 5.12474E-1 3.95909E-1 3.81591E-1 3.95539E-1 4.22947E-1 4.03318E-1 3.2706E-1 2.28977E-1 1.76629E-1 1.50454E-1 1.31756E-1 1.61676E-1 1.49782E-1 1.65544E-1 1.37937E-1 1.32252E-1 1.23517E-1 1.22529E-1 1.12563E-1 1.13999E-1 6.65542E-2 9.69597E-2 1.09646E-1 1.2037E-1 1.28117E-1 1.39867E-1 1.42828E-1 6.4282E-2 7.39899E-2 1.41435E-1 1.41718E-1 1.24959E-1 1.44559E-1 1.62165E-1 1.64655E-1 1.17257E-1 1.19541E-1 1.088E-1 1.04668E-1
1.68476E-1 1.8982E-1 1.871E-1 1.9352E-1 1.96719E-1 2.14111E-1 2.24169E-1 2.84653E-1 4.34904E-1 5.82059E-1 6.43425E-1 6.29174E-1 5.8038E-1 5.20299E-1 5.53999E-1 4.74569E-1 4.14834E-1 4.89728E-1 5.40183E-1 4.82595E-1 4.78058E-1 4.83971E-1 5.1463E-1 4.77891E-1 4.55539E-1 4.45556E-1 4.44868E-1 2.88648E-1 2.49227E-1 2.87219E-1 2.09817E-1 1.49844E-1 1.17229E-1 1.74839E-1 1.74288E-1 1.39281E-1 1.05898E-1 1.03983E-1 9.77015E-2 9.96886E-2 9.57811E-2 9.23446E-2 6.43175E-2 9.54875E-2 9.60391E-2 1.08326E-1 1.00652E-1 1.38428E-1 1.32465E-1 5.13056E-2 4.6807E-2 1.58035E-1 1.61742E-1 1.61374E-1 1.60101E-1 1.65279E-1 1.42199E-1 1.70697E-1 1.79581E-1 1.33587E-1 1.24927E-1
1.60321E-1 1.77477E-1 1.93418E-1 2.0515E-1 2.19171E-1 2.61777E-1 2.6433E-1 3.26432E-1 4.22221E-1 6.9755E-1 6.65215E-1 5.16946E-1 4.31297E-1 5.22611E-1 5.62656E-1 5.36828E-1 4.80372E-1 5.46625E-1 4.98388E-1 4.77546E-1 4.77011E-1 4.43279E-1 4.88365E-1 5.30538E-1 5.22475E-1 5.10931E-1 4.83586E-1 4.04547E-1 4.18286E-1 3.67988E-1 2.30954E-1 1.65369E-1 1.21955E-1 2.06728E-1 1.84452E-1 1.05504E-1 9.38932E-2 9.34295E-2 9.5016E-2 7.28522E-2 8.32972E-2 8.15265E-2 8.14886E-2 8.216E-2 8.50502E-2 9.97674E-2 1.20548E-1 5.35834E-2 6.19924E-2 3.75952E-2 4.87687E-2 1.83464E-1 1.92873E-1 1.86327E-1 1.94425E-1 2.00135E-1 1.29235E-1 1.23444E-1 1.94569E-1 1.58865E-1 1.85579E-1
1.87273E-1 2.2451E-1 2.14502E-1 2.12693E-1 2.30871E-1 2.74042E-1 3.71828E-1 4.71769E-1 5.72796E-1 6.86837E-1 5.70104E-1 3.92366E-1 5.33388E-1 5.98055E-1 4.83479E-1 4.71306E-1 5.18536E-1 5.25391E-1 5.45749E-1 5.26754E-1 4.87835E-1 4.25439E-1 5.01277E-1 5.23641E-1 3.85789E-1 3.4366E-1 3.39839E-1 4.15574E-1 2.4061E-1 2.78219E-1 2.98714E-1 1.66827E-1 1.04946E-1 1.57782E-1 1.99414E-1 1.19711E-1 8.73727E-2 7.80552E-2 6.68628E-2 5.76978E-2 5.22767E-2 6.99225E-2 7.73846E-2 6.66395E-2 8.4101E-2 5.35642E-2 4.95759E-2 4.82781E-2 5.41931E-2 3.99261E-2 5.28926E-2 1.27048E-1 2.24861E-1 1.77083E-1 2.24428E-1 2.14967E-1 2.16267E-1 2.09803E-1 2.12887E-1 1.84375E-1 1.93895E-1
1.985E-1 1.90502E-1 2.06036E-1 2.17384E-1 2.17376E-1 2.57812E-1 3.07743E-1 4.06417E-1 5.67704E-1 5.84376E-1 4.5756E-1 4.98438E-1 5.31474E-1 4.67949E-1 4.49104E-1 4.01047E-1 3.44705E-1 3.92438E-1 5.20649E-1 5.29379E-1 5.49254E-1 5.18316E-1 4.19721E-1 4.52153E-1 3.29733E-1 2.93103E-1 2.59783E-1 1.93078E-1 1.75907E-1 1.62236E-1 2.25142E-1 1.44094E-1 1.17043E-1 1.22782E-1 8.67658E-2 8.16942E-2 6.22329E-2 4.43445E-2 3.45869E-2 5.02917E-2 5.96329E-2 5.99275E-2 6.55191E-2 7.62115E-2 9.75724E-2 3.7471E-2 8.96935E-2 8.69707E-2 5.58597E-2 7.87813E-2 1.19335E-1 1.46274E-1 2.07381E-1 2.48451E-1 2.22305E-1 2.29502E-1 2.21592E-1 2.17907E-1 2.13326E-1 2.17848E-1 1.977E-1
1.96512E-1 1.96685E-1 2.43089E-1 2.59517E-1 3.13024E-1 2.79437E-1 3.08636E-1 5.59801E-1 5.45477E-1 5.39692E-1 5.06737E-1 4.5368E-1 4.46574E-1 3.73805E-1 2.6994E-1 2.86746E-1 2.88255E-1 3.78046E-1 5.15258E-1 5.77679E-1 5.78733E-1 5.59599E-1 2.82094E-1 1.52911E-1 1.54715E-1 1.41897E-1 1.61273E-1 2.40422E-1 2.35216E-1 1.73049E-1 1.42067E-1 1.06264E-1 9.14999E-2 9.16262E-2 7.94651E-2 9.13322E-2 5.21582E-2 3.56959E-2 3.08275E-2 4.67758E-2 4.9276E-2 5.32346E-2 4.19857E-2 5.22894E-2 4.00942E-2 4.965E-2 8.63091E-2 1.33073E-1 1.62084E-1 2.43384E-1 2.57178E-1 2.77034E-1 2.72482E-1 2.07893E-1 2.30704E-1 2.64353E-1 2.02994E-1 2.41662E-1 2.36173E-1 2.47344E-1 2.47224E-1
2.31374E-1 2.89389E-1 3.61103E-1 3.92445E-1 3.85034E-1 4.20414E-1 5.56983E-1 5.09104E-1 4.83495E-1 5.12584E-1 4.86286E-1 4.01513E-1 4.36469E-1 3.45771E-1 3.01971E-1 2.19559E-1 2.8591E-1 4.10333E-1 5.12406E-1 5.45197E-1 5.11078E-1 5.53782E-1 4.73159E-1 2.78958E-1 2.99203E-1 4.66882E-1 2.99259E-1 1.27773E-1 1.52424E-1 3.01204E-1 2.05842E-1 1.33276E-1 9.86457E-2 1.38113E-1 1.24654E-1 1.25369E-1 5.50824E-2 3.27861E-2 3.04325E-2 3.61988E-2 4.36957E-2 5.28109E-2 3.48183E-2 3.18665E-2 2.96206E-2 4.42765E-2 1.11503E-1 1.21479E-1 1.64613E-1 2.29437E-1 1.3465E-1 1.68902E-1 1.32593E-1 1.26464E-1 2.92623E-1 2.56188E-1 9.21989E-2 1.22828E-1 9.50114E-2 1.8417E-1 2.44052E-1
2.91371E-1 3.26772E-1 4.16756E-1 4.72756E-1 4.55384E-1 4.18991E-1 3.95208E-1 3.77575E-1 3.77762E-1 4.07287E-1 4.65348E-1 2.90865E-1 3.84868E-1 2.26778E-1 1.31743E-1 1.52734E-1 2.3652E-1 4.06536E-1 5.62011E-1 1.92796E-1 3.4677E-1 2.35245E-1 1.1292E-1 9.87315E-2 1.0091E-1 1.66231E-1 1.40871E-1 1.01604E-1 1.38407E-1 1.23485E-1 1.63003E-1 1.95553E-1 1.68125E-1 9.44789E-2 5.38575E-2 1.04029E-1 7.07911E-2 4.11307E-2 2.8578E-2 3.29439E-2 2.55431E-2 2.90912E-2 3.86048E-2 3.25113E-2 4.08677E-2 9.76628E-2 9.75309E-2 1.24349E-1 1.89396E-1 2.27551E-1 1.0244E-1 1.21405E-1 1.25402E-1 2.13688E-1 2.31521E-1 1.5054E-1 1.14009E-1 1.0241E-1 5.82431E-2 7.37479E-2 4.60888E-2
3.71702E-1 3.51524E-1 4.33349E-1 4.21772E-1 4.02948E-1 3.53292E-1 3.92175E-1 2.79813E-1 3.42879E-1 2.39052E-1 3.91198E-1 2.21765E-1 2.79063E-1 3.60905E-1 2.05143E-1 1.46663E-1 1.7702E-1 4.94571E-1 6.04474E-1 2.33777E-1 2.55819E-1 2.40316E-1 1.02499E-1 9.10001E-2 1.81913E-1 1.93763E-1 9.15765E-2 9.445E-2 1.39478E-1 1.68563E-1 2.64759E-1 8.51442E-2 6.78031E-2 6.57076E-2 4.97661E-2 8.90046E-2 4.88048E-2 5.2598E-2 3.3286E-2 3.21076E-2 2.64714E-2 3.17013E-2 3.70305E-2 3.81871E-2 5.17676E-2 5.85391E-2 1.07193E-1 8.13629E-2 1.67947E-1 2.42508E-1 1.00851E-1 1.03912E-1 1.11892E-1 1.57696E-1 2.40581E-1 1.54932E-1 1.17972E-1 1.08615E-1 1.0742E-1 7.02889E-2 3.82637E-2
