data/maxent/outputs/white_132.asc
ncols         426
nrows         180
xllcorner     -130.0
yllcorner     24.0
cellsize      0.16666666666666666
NODATA_value  -9999
[rows 81 to 107 of 180, columns 244 to 304 of 426]
6.23991E-1 6.43332E-1 6.61119E-1 6.61736E-1 6.49893E-1 6.44627E-1 6.51404E-1 6.57355E-1 6.5776E-1 6.59412E-1 6.64131E-1 6.62267E-1 6.78725E-1 6.84412E-1 6.94818E-1 7.07646E-1 7.26567E-1 7.41172E-1 7.49382E-1 7.56778E-1 7.47256E-1 7.41201E-1 7.43759E-1 7.54638E-1 7.4021E-1 7.4031E-1 7.39031E-1 7.444E-1 7.33511E-1 7.25556E-1 7.34629E-1 7.38541E-1 7.45758E-1 7.78785E-1 7.66498E-1 7.42867E-1 7.3046E-1 7.38129E-1 7.42507E-1 7.79358E-1 7.75609E-1 7.71712E-1 7.73152E-1 7.85E-1 7.55629E-1 7.58826E-1 7.70156E-1 7.64582E-1 7.82404E-1 7.69301E-1 7.55778E-1 7.51284E-1 7.59442E-1 7.57739E-1 7.55792E-1 7.77134E-1 7.88483E-1 7.73495E-1 7.64897E-1 7.62472E-1 7.90154E-1
6.24507E-1 6.42249E-1 6.54006E-1 6.5981E-1 6.44551E-1 6.59253E-1 6.59299E-1 6.45882E-1 6.5086E-1 6.7265E-1 6.72443E-1 6.78731E-1 6.75883E-1 6.78849E-1 6.8702E-1 7.02162E-1 7.23242E-1 7.35616E-1 7.41221E-1 7.46968E-1 7.3871E-1 7.4351E-1 7.58148E-1 7.66425E-1 7.44163E-1 7.30201E-1 7.33539E-1 7.30425E-1 7.30287E-1 7.33312E-1 7.46735E-1 7.45688E-1 7.56789E-1 7.54283E-1 7.63254E-1 7.4573E-1 7.39877E-1 7.45308E-1 7.57732E-1 7.52466E-1 7.56189E-1 7.55836E-1 7.73951E-1 7.60706E-1 7.56034E-1 7.40746E-1 7.53456E-1 7.7308E-1 7.72906E-1 7.60339E-1 7.48879E-1 7.43988E-1 7.50252E-1 7.47128E-1 7.45812E-1 7.51834E-1 7.60614E-1 7.47287E-1 7.53367E-1 7.85355E-1 8.10903E-1
6.22733E-1 6.3973E-1 6.61055E-1 6.55365E-1 6.55212E-1 6.58684E-1 6.75232E-1 6.55109E-1 6.60239E-1 6.82218E-1 6.85632E-1 6.80462E-1 6.87497E-1 6.93032E-1 6.95767E-1 7.04389E-1 7.27402E-1 7.3603E-1 7.36407E-1 7.44101E-1 7.33171E-1 7.45163E-1 7.57758E-1 7.59231E-1 7.61314E-1 7.54217E-1 7.49003E-1 7.40013E-1 7.2579E-1 7.30429E-1 7.34998E-1 7.46182E-1 7.69299E-1 7.48113E-1 7.51773E-1 7.06941E-1 7.33103E-1 7.50448E-1 7.48614E-1 7.5261E-1 7.61809E-1 7.53213E-1 7.52594E-1 7.37584E-1 7.35157E-1 7.46499E-1 7.46351E-1 7.4411E-1 7.63877E-1 7.58332E-1 7.42812E-1 7.5825E-1 7.52768E-1 7.55496E-1 7.42107E-1 7.35835E-1 7.44627E-1 7.54354E-1 7.56796E-1 8.10028E-1 8.37709E-1
6.24504E-1 6.41036E-1 6.67019E-1 6.60546E-1 6.55715E-1 6.59931E-1 6.64704E-1 6.6816E-1 6.64162E-1 6.67312E-1 6.72716E-1 6.87858E-1 7.04554E-1 7.10312E-1 7.04312E-1 7.09775E-1 7.23393E-1 7.34125E-1 7.51001E-1 7.50138E-1 7.36964E-1 7.29714E-1 7.35397E-1 7.49877E-1 7.36607E-1 7.37482E-1 7.49766E-1 7.52048E-1 7.26518E-1 7.37529E-1 7.63296E-1 7.57842E-1 7.58791E-1 7.54834E-1 7.53324E-1 7.42227E-1 7.33012E-1 7.30188E-1 7.16615E-1 7.27733E-1 7.29248E-1 7.41917E-1 7.33185E-1 7.21383E-1 7.1036E-1 7.26032E-1 7.24272E-1 7.53179E-1 7.61945E-1 7.53317E-1 7.61708E-1 7.55049E-1 7.52941E-1 7.55383E-1 7.38552E-1 7.28842E-1 7.2615E-1 7.41219E-1 8.07257E-1 8.13605E-1 8.0722E-1
6.39539E-1 6.47442E-1 6.69399E-1 6.60622E-1 6.63618E-1 6.68775E-1 6.66655E-1 6.73589E-1 6.6453E-1 6.63221E-1 6.72724E-1 6.79254E-1 6.98982E-1 7.11612E-1 7.08851E-1 7.10392E-1 7.17424E-1 7.24379E-1 7.35747E-1 7.41059E-1 7.16808E-1 7.1762E-1 7.22974E-1 7.14997E-1 7.22055E-1 7.23238E-1 7.38533E-1 7.42161E-1 7.34949E-1 7.42261E-1 7.67366E-1 7.67178E-1 7.60056E-1 7.50216E-1 7.40402E-1 7.32108E-1 7.26253E-1 7.08864E-1 6.99384E-1 7.31919E-1 7.30973E-1 7.2372E-1 7.2766E-1 7.24423E-1 7.18798E-1 7.14357E-1 7.19139E-1 7.36719E-1 7.51572E-1 7.51209E-1 7.67106E-1 7.5823E-1 7.53761E-1 7.55279E-1 7.39326E-1 7.33918E-1 7.19965E-1 7.88484E-1 7.74307E-1 7.94064E-1 8.2621E-1
6.5717E-1 6.55559E-1 6.64471E-1 6.81745E-1 6.88273E-1 6.79061E-1 6.73553E-1 6.88788E-1 6.79653E-1 6.86532E-1 6.81964E-1 6.85344E-1 6.8138E-1 6.99571E-1 7.05731E-1 7.0894E-1 7.03103E-1 7.33169E-1 7.3123E-1 7.23247E-1 7.02109E-1 7.00968E-1 7.06792E-1 7.11164E-1 7.39734E-1 7.34418E-1 7.28821E-1 7.47468E-1 7.5224E-1 7.56725E-1 7.6158E-1 7.60158E-1 7.57889E-1 7.4507E-1 7.41236E-1 7.31633E-1 7.16395E-1 6.95292E-1 7.01914E-1 7.28979E-1 7.47718E-1 7.31732E-1 7.35719E-1 7.24547E-1 7.14761E-1 7.12466E-1 7.14575E-1 7.27344E-1 7.44083E-1 7.41221E-1 7.50945E-1 7.477E-1 7.4797E-1 7.45183E-1 7.41215E-1 7.24457E-1 7.57503E-1 7.77266E-1 7.75116E-1 7.94882E-1 8.07517E-1
6.73176E-1 6.72622E-1 6.7563E-1 6.97814E-1 6.89246E-1 6.96951E-1 7.00581E-1 7.08302E-1 6.97919E-1 7.02135E-1 6.84334E-1 6.76668E-1 6.79884E-1 6.83096E-1 7.17803E-1 7.21447E-1 7.24283E-1 7.41104E-1 7.4562E-1 7.33469E-1 7.02638E-1 6.91736E-1 7.00218E-1 7.23212E-1 7.4392E-1 7.48499E-1 7.43251E-1 7.40039E-1 7.41654E-1 7.47028E-1 7.47445E-1 7.60788E-1 7.5142E-1 7.33486E-1 7.39147E-1 7.33978E-1 7.29433E-1 7.15543E-1 7.11774E-1 7.38228E-1 7.41584E-1 7.26286E-1 7.28388E-1 7.22373E-1 7.14591E-1 7.09844E-1 7.17089E-1 7.26934E-1 7.51378E-1 7.50209E-1 7.35396E-1 7.33051E-1 7.42332E-1 7.37727E-1 7.20387E-1 7.30475E-1 7.51446E-1 7.69903E-1 7.83161E-1 7.72959E-1 8.05864E-1
6.70924E-1 6.82239E-1 6.8083E-1 6.91239E-1 6.93074E-1 6.96424E-1 6.99549E-1 7.03941E-1 7.01296E-1 6.91933E-1 6.80766E-1 6.72638E-1 6.71576E-1 6.70192E-1 6.93927E-1 7.18096E-1 7.29329E-1 7.63E-1 7.62606E-1 7.6469E-1 7.04995E-1 6.98953E-1 7.09335E-1 7.29523E-1 7.43756E-1 7.54323E-1 7.4495E-1 7.32746E-1 7.62118E-1 7.57125E-1 7.52888E-1 7.57101E-1 7.49564E-1 7.53516E-1 7.53105E-1 7.43984E-1 7.49486E-1 7.35513E-1 7.05148E-1 7.1658E-1 7.17553E-1 7.07154E-1 7.04426E-1 7.08388E-1 7.07783E-1 7.08888E-1 7.19859E-1 7.34144E-1 7.57093E-1 7.41903E-1 7.35535E-1 7.31066E-1 7.35402E-1 7.21356E-1 7.19782E-1 7.32108E-1 7.46906E-1 7.83277E-1 7.85112E-1 7.92598E-1 8.19709E-1
6.63929E-1 6.69685E-1 6.84714E-1 6.84947E-1 6.91416E-1 6.95298E-1 7.01211E-1 7.04833E-1 6.9575E-1 6.95935E-1 6.92734E-1 6.70059E-1 6.92232E-1 6.6205E-1 6.84904E-1 7.22919E-1 7.32041E-1 7.67809E-1 7.57251E-1 7.45477E-1 7.0537E-1 7.15171E-1 7.24238E-1 7.40478E-1 7.46298E-1 7.46706E-1 7.35261E-1 7.40533E-1 7.57866E-1 7.51165E-1 7.49868E-1 7.50998E-1 7.47393E-1 7.49234E-1 7.46249E-1 7.38994E-1 7.46142E-1 7.07521E-1 6.95086E-1 7.10757E-1 6.94907E-1 6.92248E-1 6.87686E-1 7.012E-1 6.97912E-1 7.21369E-1 7.37491E-1 7.23594E-1 7.39119E-1 7.31504E-1 7.26214E-1 7.09686E-1 7.29401E-1 7.15853E-1 7.3367E-1 7.51735E-1 7.6494E-1 7.85696E-1 8.14905E-1 8.18914E-1 8.19755E-1
6.65015E-1 6.6715E-1 6.76252E-1 6.70633E-1 6.85996E-1 6.90484E-1 6.99147E-1 6.89742E-1 6.87206E-1 6.99777E-1 6.81662E-1 6.4985E-1 6.615E-1 6.4461E-1 6.82667E-1 7.25528E-1 7.12215E-1 7.23429E-1 7.45355E-1 7.15059E-1 6.90754E-1 7.0992E-1 7.2698E-1 7.36547E-1 7.41958E-1 7.41874E-1 7.44156E-1 7.34625E-1 7.37144E-1 7.3481E-1 7.44208E-1 7.43685E-1 7.35058E-1 7.32439E-1 7.21955E-1 7.11224E-1 7.28345E-1 7.03067E-1 7.06181E-1 6.88528E-1 6.8083E-1 6.7452E-1 6.76948E-1 6.90245E-1 6.97892E-1 7.01911E-1 7.20588E-1 7.18282E-1 7.18647E-1 7.16464E-1 7.01032E-1 6.94465E-1 7.0711E-1 7.36802E-1 7.35235E-1 7.81746E-1 7.83948E-1 8.2318E-1 8.33346E-1 8.51935E-1 8.08584E-1
7.0249E-1 6.66055E-1 6.7399E-1 6.81086E-1 6.77202E-1 6.75534E-1 6.83988E-1 6.96964E-1 6.92317E-1 6.87157E-1 6.62349E-1 6.54731E-1 6.35986E-1 6.39238E-1 6.75862E-1 7.13466E-1 7.21121E-1 7.02066E-1 7.17837E-1 7.3111E-1 7.1264E-1 7.01196E-1 7.19405E-1 7.32844E-1 7.39332E-1 7.38373E-1 7.34272E-1 7.31547E-1 7.35513E-1 7.25214E-1 7.24718E-1 7.24617E-1 7.1242E-1 7.03122E-1 7.04997E-1 7.15556E-1 7.39739E-1 7.14733E-1 6.93685E-1 6.81622E-1 6.89731E-1 6.67356E-1 6.82909E-1 6.96681E-1 6.86469E-1 6.99158E-1 6.99153E-1 7.14126E-1 7.1618E-1 7.18294E-1 7.08782E-1 7.07528E-1 6.86363E-1 7.40877E-1 7.73606E-1 7.95816E-1 8.05673E-1 8.41419E-1 8.5569E-1 8.46749E-1 8.06055E-1
6.73579E-1 6.6667E-1 6.7178E-1 6.75025E-1 6.75264E-1 6.6162E-1 6.73565E-1 6.74221E-1 6.74296E-1 6.76475E-1 6.56972E-1 6.55522E-1 6.5174E-1 6.64018E-1 6.7605E-1 7.13136E-1 7.1632E-1 7.09121E-1 7.15377E-1 7.17963E-1 7.50598E-1 7.12492E-1 7.10667E-1 7.32315E-1 7.2599E-1 7.21889E-1 7.28455E-1 7.29225E-1 7.29182E-1 7.13113E-1 7.0573E-1 7.06011E-1 6.99588E-1 6.84314E-1 6.82293E-1 7.06984E-1 7.03485E-1 7.07116E-1 6.84524E-1 6.77219E-1 6.72991E-1 6.6297E-1 6.85941E-1 6.83765E-1 6.8388E-1 6.86231E-1 6.88029E-1 7.05584E-1 7.15231E-1 7.25985E-1 7.01099E-1 7.15013E-1 7.40081E-1 7.65183E-1 7.84618E-1 8.01821E-1 8.34442E-1 8.45034E-1 8.62612E-1 8.54202E-1 8.32591E-1
6.64507E-1 6.80031E-1 6.86214E-1 6.74004E-1 6.55808E-1 6.53513E-1 6.58071E-1 6.55436E-1 6.50415E-1 6.85968E-1 6.769E-1 6.73059E-1 6.80895E-1 6.68494E-1 6.83274E-1 7.14268E-1 7.42506E-1 7.34152E-1 7.20022E-1 7.23748E-1 7.42114E-1 6.8777E-1 7.11414E-1 7.16715E-1 7.13598E-1 7.17211E-1 7.23219E-1 7.3018E-1 7.24398E-1 7.03763E-1 6.89033E-1 6.88984E-1 6.82014E-1 6.74282E-1 6.88021E-1 7.12859E-1 6.89528E-1 6.74743E-1 6.55524E-1 6.51688E-1 6.67629E-1 6.62547E-1 6.66386E-1 6.729E-1 6.79374E-1 6.78036E-1 6.83252E-1 7.03481E-1 7.2364E-1 7.25247E-1 7.415E-1 7.50969E-1 7.37868E-1 7.80591E-1 8.13413E-1 8.19334E-1 8.28012E-1 8.48124E-1 8.55199E-1 8.47803E-1 8.69635E-1
6.78125E-1 6.77591E-1 6.89492E-1 6.71708E-1 6.49723E-1 6.43178E-1 6.36389E-1 6.43949E-1 6.62334E-1 6.59475E-1 6.60696E-1 6.68742E-1 6.94688E-1 6.92443E-1 6.85768E-1 7.12776E-1 7.36668E-1 7.2728E-1 7.40237E-1 7.23449E-1 7.44825E-1 7.24452E-1 7.18767E-1 7.04039E-1 6.91359E-1 7.16391E-1 7.18236E-1 7.02276E-1 6.97031E-1 6.91151E-1 6.76186E-1 6.80766E-1 6.79475E-1 6.60442E-1 6.56439E-1 6.81684E-1 6.70263E-1 6.57446E-1 6.46833E-1 6.56559E-1 6.5451E-1 6.62453E-1 6.66512E-1 6.68959E-1 6.75498E-1 6.8095E-1 7.04391E-1 7.12234E-1 7.12782E-1 7.40998E-1 7.3374E-1 7.42689E-1 7.64867E-1 8.09538E-1 8.28767E-1 8.10019E-1 8.24041E-1 8.5348E-1 8.36002E-1 8.45122E-1 8.33211E-1
6.80233E-1 6.76802E-1 7.07458E-1 6.71891E-1 6.64418E-1 6.53427E-1 6.49684E-1 6.33548E-1 6.65591E-1 6.61845E-1 6.75665E-1 6.74083E-1 6.85907E-1 6.91866E-1 6.90383E-1 6.95278E-1 7.26527E-1 7.29084E-1 7.37213E-1 7.25199E-1 7.32191E-1 7.25597E-1 7.00624E-1 6.97866E-1 6.99785E-1 7.16557E-1 7.07968E-1 6.90478E-1 6.87254E-1 6.89486E-1 6.80582E-1 6.8437E-1 6.70768E-1 6.59053E-1 6.71754E-1 6.88052E-1 6.54024E-1 6.53954E-1 6.5628E-1 6.6064E-1 6.47656E-1 6.80784E-1 6.74114E-1 6.7115E-1 6.87455E-1 7.11722E-1 7.04373E-1 7.43867E-1 7.54034E-1 7.36579E-1 7.77335E-1 7.92078E-1 8.06802E-1 8.06281E-1 8.01575E-1 8.31093E-1 8.22903E-1 8.34162E-1 8.01227E-1 8.11612E-1 7.93139E-1
6.64241E-1 6.73951E-1 6.82696E-1 6.82259E-1 6.7408E-1 6.55807E-1 6.5795E-1 6.66992E-1 6.65185E-1 6.77486E-1 6.8869E-1 6.88962E-1 6.86014E-1 6.91447E-1 6.96523E-1 7.06865E-1 7.21512E-1 7.2645E-1 7.21949E-1 7.27194E-1 7.26138E-1 7.06977E-1 7.03197E-1 6.79903E-1 6.95815E-1 7.06045E-1 6.99799E-1 6.91084E-1 6.84732E-1 6.8272E-1 6.78532E-1 6.73835E-1 6.67273E-1 6.89418E-1 6.73776E-1 6.39165E-1 6.32592E-1 6.611E-1 6.60144E-1 6.52129E-1 6.46997E-1 6.67494E-1 6.87685E-1 6.97595E-1 7.19599E-1 7.27701E-1 7.56671E-1 7.76885E-1 7.65989E-1 7.62993E-1 8.11812E-1 7.95306E-1 7.80287E-1 7.44537E-1 8.09577E-1 8.29051E-1 8.40003E-1 8.08422E-1 8.33448E-1 7.77627E-1 7.70068E-1
6.69841E-1 6.8831E-1 6.86846E-1 6.91854E-1 6.73296E-1 6.7266E-1 6.61766E-1 6.77499E-1 6.83145E-1 6.76226E-1 6.81352E-1 6.88684E-1 6.92391E-1 7.01515E-1 7.02404E-1 7.1981E-1 7.20421E-1 7.29689E-1 7.32337E-1 7.24815E-1 7.14801E-1 7.03265E-1 6.77304E-1 6.70407E-1 6.88378E-1 7.06091E-1 6.9423E-1 6.93967E-1 6.88158E-1 6.85653E-1 6.75888E-1 6.67725E-1 6.91124E-1 6.90885E-1 6.65243E-1 6.45919E-1 6.57086E-1 6.59454E-1 6.81364E-1 6.61812E-1 6.56889E-1 6.62433E-1 6.92961E-1 7.30791E-1 7.4089E-1 7.70221E-1 7.89317E-1 7.74004E-1 7.81622E-1 8.06902E-1 7.96436E-1 7.99273E-1 7.39388E-1 7.61828E-1 8.31488E-1 7.8469E-1 8.25183E-1 7.9769E-1 8.10793E-1 7.33011E-1 8.56872E-1
6.97945E-1 7.08652E-1 7.16178E-1 7.10738E-1 7.16751E-1 7.15548E-1 7.05115E-1 6.94716E-1 6.81923E-1 6.91773E-1 6.91318E-1 6.8489E-1 6.80188E-1 6.96214E-1 7.12486E-1 7.16058E-1 7.25555E-1 7.30595E-1 7.19096E-1 7.14211E-1 6.81997E-1 6.88183E-1 6.89854E-1 6.81759E-1 6.89609E-1 7.06762E-1 7.25057E-1 7.03412E-1 6.87649E-1 6.90132E-1 6.987E-1 7.11058E-1 6.98584E-1 6.64735E-1 6.54482E-1 6.57368E-1 6.58393E-1 6.73636E-1 6.8297E-1 6.72459E-1 6.71357E-1 6.97405E-1 7.23E-1 7.22784E-1 7.33376E-1 7.48129E-1 7.52777E-1 7.66668E-1 8.12344E-1 8.184E-1 7.82071E-1 7.29467E-1 7.66453E-1 8.13991E-1 8.43565E-1 8.23795E-1 7.64544E-1 7.57961E-1 8.0803E-1 8.21236E-1 7.65455E-1
6.76463E-1 6.63737E-1 6.87667E-1 6.95013E-1 7.00904E-1 6.9904E-1 6.90503E-1 7.01083E-1 6.86421E-1 6.85522E-1 6.93919E-1 6.7617E-1 6.76964E-1 6.95589E-1 7.00898E-1 7.12793E-1 7.15482E-1 7.18657E-1 7.08123E-1 6.95883E-1 6.92137E-1 6.91115E-1 6.98188E-1 6.95667E-1 6.98871E-1 7.16272E-1 7.26098E-1 7.18867E-1 7.1607E-1 7.0837E-1 7.2024E-1 7.18366E-1 7.03464E-1 6.73513E-1 6.96005E-1 6.85595E-1 6.79094E-1 6.89183E-1 7.2275E-1 7.19187E-1 7.15209E-1 7.09194E-1 7.32097E-1 7.43639E-1 7.60888E-1 7.64224E-1 7.65856E-1 8.00382E-1 8.16702E-1 7.80463E-1 7.85976E-1 7.70615E-1 8.58206E-1 8.43736E-1 8.213E-1 8.177E-1 7.57331E-1 7.70123E-1 7.99172E-1 7.44795E-1 7.40649E-1
6.61824E-1 6.61343E-1 6.81074E-1 6.79169E-1 6.96021E-1 6.99122E-1 6.8331E-1 6.89444E-1 6.88138E-1 6.86475E-1 6.928E-1 6.90864E-1 6.93654E-1 6.91854E-1 6.96566E-1 6.97315E-1 6.97024E-1 6.91022E-1 6.91765E-1 6.93032E-1 6.77972E-1 6.66112E-1 6.77338E-1 6.80858E-1 7.13458E-1 7.04174E-1 7.08914E-1 7.20982E-1 7.0446E-1 7.03875E-1 7.05224E-1 6.95543E-1 6.87839E-1 6.85305E-1 7.11955E-1 7.10523E-1 6.97102E-1 7.20982E-1 7.3759E-1 7.60722E-1 7.65999E-1 7.55233E-1 7.4137E-1 7.53697E-1 7.87461E-1 8.08767E-1 7.94023E-1 8.23475E-1 8.1825E-1 8.16688E-1 8.29038E-1 7.97214E-1 7.76321E-1 7.80215E-1 7.9979E-1 8.1049E-1 7.46725E-1 7.40118E-1 7.07651E-1 7.0234E-1 7.187E-1
6.60609E-1 6.85714E-1 6.65731E-1 6.78918E-1 6.90276E-1 6.87999E-1 6.94949E-1 7.05294E-1 6.82871E-1 6.92595E-1 6.98623E-1 7.00208E-1 6.92336E-1 7.00211E-1 6.9341E-1 6.89982E-1 6.86029E-1 6.73702E-1 6.65708E-1 6.75657E-1 6.66114E-1 6.75532E-1 6.87525E-1 6.93038E-1 6.98314E-1 7.09349E-1 7.13734E-1 7.08931E-1 7.04502E-1 7.0482E-1 7.03901E-1 6.85586E-1 6.85258E-1 6.97525E-1 7.18867E-1 7.33523E-1 7.46934E-1 7.6728E-1 7.62233E-1 7.93364E-1 7.69293E-1 7.62498E-1 7.71997E-1 7.77882E-1 7.8189E-1 7.92525E-1 8.16418E-1 8.36923E-1 8.33741E-1 8.17036E-1 8.11316E-1 7.57599E-1 7.56649E-1 7.58085E-1 8.0747E-1 8.27814E-1 7.42726E-1 7.49254E-1 8.13656E-1 7.4114E-1 7.17967E-1
6.20367E-1 6.78595E-1 6.66997E-1 6.7458E-1 6.72388E-1 6.74144E-1 7.23321E-1 7.24963E-1 7.04696E-1 6.6903E-1 6.83124E-1 6.93914E-1 6.97777E-1 6.94179E-1 6.81676E-1 6.84319E-1 6.65859E-1 6.57958E-1 6.65331E-1 6.71795E-1 6.66046E-1 6.79906E-1 6.90363E-1 6.97213E-1 6.9067E-1 7.49509E-1 7.51755E-1 7.14934E-1 7.16772E-1 7.10379E-1 7.16369E-1 6.92564E-1 6.74585E-1 7.01818E-1 7.53766E-1 7.67214E-1 7.79128E-1 8.09096E-1 8.28414E-1 7.90266E-1 8.24966E-1 7.71715E-1 7.49682E-1 7.76846E-1 8.09085E-1 8.1213E-1 7.7852E-1 8.09882E-1 7.7969E-1 7.75237E-1 7.4622E-1 7.79312E-1 8.12601E-1 8.07124E-1 8.02919E-1 7.64243E-1 7.31992E-1 7.222E-1 7.21886E-1 7.22519E-1 6.97781E-1
6.29333E-1 6.69701E-1 6.61978E-1 6.67873E-1 6.66186E-1 6.69642E-1 6.74265E-1 7.15851E-1 6.99227E-1 6.73863E-1 6.67163E-1 6.67187E-1 6.65657E-1 6.55921E-1 6.5377E-1 6.5647E-1 6.59685E-1 6.63276E-1 6.72897E-1 6.75982E-1 6.70945E-1 6.8267E-1 6.80044E-1 6.75667E-1 6.9093E-1 7.21368E-1 7.18837E-1 7.11992E-1 7.05753E-1 7.04473E-1 6.99231E-1 6.89003E-1 7.06581E-1 7.24374E-1 7.15361E-1 7.64607E-1 7.39275E-1 7.38202E-1 7.5171E-1 7.69249E-1 7.24489E-1 7.31903E-1 7.42648E-1 7.55385E-1 7.28264E-1 7.37726E-1 8.16528E-1 8.48109E-1 8.37031E-1 8.18685E-1 7.7217E-1 7.79559E-1 7.83563E-1 8.3533E-1 7.77011E-1 7.33086E-1 7.04964E-1 7.23072E-1 6.96808E-1 7.01972E-1 7.03149E-1
6.53105E-1 6.53758E-1 6.53662E-1 6.60331E-1 6.61989E-1 6.68787E-1 6.62595E-1 7.06193E-1 6.82883E-1 6.67796E-1 6.61728E-1 6.54612E-1 6.50026E-1 6.4806E-1 6.55211E-1 6.57802E-1 6.62415E-1 6.68868E-1 6.74378E-1 6.77785E-1 6.71028E-1 6.74368E-1 6.71377E-1 6.99637E-1 7.10459E-1 6.94013E-1 7.353E-1 7.21318E-1 7.08486E-1 7.21633E-1 7.44422E-1 7.01234E-1 7.43304E-1 7.19324E-1 6.92466E-1 6.90546E-1 6.91032E-1 6.98903E-1 7.08412E-1 7.04514E-1 7.00894E-1 7.03228E-1 7.09855E-1 7.21957E-1 8.02581E-1 8.36872E-1 8.56291E-1 8.22375E-1 8.00587E-1 7.79829E-1 7.81277E-1 7.65038E-1 7.2722E-1 7.49446E-1 7.1656E-1 6.85374E-1 6.9618E-1 6.83893E-1 6.87296E-1 6.84345E-1 6.76295E-1
6.59594E-1 6.43135E-1 6.47478E-1 6.49204E-1 6.4683E-1 6.51145E-1 6.51645E-1 7.03566E-1 6.67355E-1 6.39952E-1 6.26348E-1 6.23317E-1 6.24105E-1 6.38251E-1 6.43761E-1 6.41978E-1 6.40492E-1 6.40325E-1 6.41508E-1 6.44838E-1 6.62888E-1 6.51325E-1 6.53041E-1 6.75403E-1 6.81571E-1 6.98916E-1 7.20461E-1 7.03642E-1 6.9577E-1 7.18082E-1 7.33741E-1 6.96317E-1 7.07493E-1 6.73173E-1 6.69093E-1 6.74986E-1 6.90945E-1 6.87122E-1 6.72631E-1 6.96819E-1 6.78083E-1 6.82663E-1 6.95787E-1 8.11709E-1 8.16046E-1 8.37375E-1 8.47233E-1 8.06688E-1 8.1794E-1 8.08979E-1 7.55216E-1 6.81168E-1 6.85054E-1 7.11369E-1 7.20336E-1 6.81127E-1 6.72064E-1 6.88415E-1 6.89632E-1 6.86578E-1 6.81895E-1
6.32491E-1 6.3617E-1 6.36672E-1 6.36947E-1 6.35785E-1 6.38377E-1 6.24149E-1 6.33297E-1 6.53981E-1 6.1021E-1 6.08657E-1 6.1356E-1 6.03982E-1 6.05732E-1 6.23265E-1 6.38663E-1 6.51232E-1 6.27182E-1 6.27049E-1 6.31488E-1 6.35064E-1 6.44647E-1 6.48629E-1 6.59619E-1 6.92845E-1 7.12384E-1 7.00285E-1 6.79684E-1 7.0462E-1 7.3617E-1 7.38301E-1 6.9247E-1 7.02263E-1 6.6554E-1 6.49742E-1 6.97094E-1 6.83864E-1 6.33863E-1 6.40824E-1 6.57541E-1 6.42237E-1 7.13849E-1 7.63941E-1 8.36756E-1 8.32214E-1 8.38898E-1 8.25769E-1 8.19634E-1 7.42849E-1 6.83681E-1 6.79807E-1 6.73045E-1 6.78029E-1 6.89438E-1 6.96202E-1 7.01548E-1 6.9382E-1 6.96206E-1 6.84347E-1 6.82883E-1 6.80863E-1
6.25851E-1 6.25106E-1 6.31859E-1 6.27132E-1 6.23619E-1 6.21431E-1 5.95386E-1 5.91582E-1 6.21372E-1 5.74534E-1 5.90575E-1 5.94913E-1 5.95252E-1 5.99299E-1 6.32975E-1 6.69818E-1 6.6537E-1 6.15129E-1 6.29886E-1 6.34806E-1 6.33565E-1 6.5738E-1 6.35763E-1 6.65281E-1 6.99183E-1 6.92255E-1 6.77909E-1 6.613E-1 6.47216E-1 6.95158E-1 6.62776E-1 6.26557E-1 6.38721E-1 6.07147E-1 6.10484E-1 6.39724E-1 6.07207E-1 6.16665E-1 6.4383E-1 7.18739E-1 8.10292E-1 8.08815E-1 8.22922E-1 8.5206E-1 8.37648E-1 8.43029E-1 8.06627E-1 7.43374E-1 7.16037E-1 7.37278E-1 6.95549E-1 6.67574E-1 6.61501E-1 6.85122E-1 7.12832E-1 6.91474E-1 7.04287E-1 7.009E-1 6.67972E-1 6.64468E-1 6.78055E-1
