data/maxent/outputs/white_258.asc
ncols         426
nrows         180
xllcorner     -130.0
yllcorner     24.0
cellsize      0.16666666666666666
NODATA_value  -9999
[rows 54 to 80 of 180, columns 305 to 365 of 426]
7.78822E-1 7.86691E-1 8.03214E-1 8.03506E-1 7.99472E-1 7.67665E-1 7.72752E-1 7.53104E-1 7.54163E-1 7.53218E-1 7.31525E-1 7.52234E-1 7.38159E-1 7.25903E-1 7.62093E-1 8.3104E-1 8.57242E-1 8.53959E-1 8.76452E-1 8.8938E-1 8.92321E-1 8.93931E-1 8.66045E-1 8.63737E-1 8.89696E-1 8.85548E-1 8.60393E-1 8.51127E-1 8.39173E-1 8.29599E-1 7.53343E-1 6.92031E-1 7.00994E-1 6.72287E-1 6.83215E-1 7.17841E-1 7.16161E-1 6.85728E-1 6.94562E-1 6.65858E-1 6.8971E-1 7.09333E-1 6.34208E-1 5.67295E-1 5.21647E-1 4.91208E-1 4.66462E-1 4.84694E-1 5.10438E-1 5.42862E-1 6.07806E-1 5.93032E-1 6.73597E-1 7.31695E-1 7.51627E-1 7.44015E-1 7.26906E-1 7.64846E-1 8.00974E-1 8.02351E-1 8.21748E-1
8.25842E-1 8.23048E-1 8.51988E-1 8.363E-1 8.45303E-1 8.35635E-1 8.23253E-1 8.11326E-1 8.05683E-1 7.83854E-1 7.89204E-1 7.88348E-1 7.88071E-1 7.9538E-1 8.23241E-1 8.64939E-1 8.81967E-1 8.92636E-1 8.88956E-1 8.74912E-1 8.71325E-1 8.60223E-1 8.549E-1 8.16186E-1 7.91195E-1 7.59819E-1 7.26305E-1 7.34015E-1 6.80461E-1 6.30221E-1 5.84257E-1 5.78555E-1 6.20136E-1 6.62735E-1 6.992E-1 7.18415E-1 6.77945E-1 6.51652E-1 6.32555E-1 6.17212E-1 6.25226E-1 6.11587E-1 5.69266E-1 5.30922E-1 5.0194E-1 5.01547E-1 5.07962E-1 5.10564E-1 5.39067E-1 5.70795E-1 6.08797E-1 6.64989E-1 7.44634E-1 7.99964E-1 8.24253E-1 7.86623E-1 7.89007E-1 7.92074E-1 8.09368E-1 8.30186E-1 8.5113E-1
8.70613E-1 8.75181E-1 8.98511E-1 8.78338E-1 8.88034E-1 8.76773E-1 8.66332E-1 8.67322E-1 8.68805E-1 8.45581E-1 8.43543E-1 8.39087E-1 8.29228E-1 8.28418E-1 8.59073E-1 8.84991E-1 8.94133E-1 8.89717E-1 8.91488E-1 8.70662E-1 8.61357E-1 8.42066E-1 7.82926E-1 7.36908E-1 7.03546E-1 7.12975E-1 6.34809E-1 6.04809E-1 5.70526E-1 5.51544E-1 5.56314E-1 5.85523E-1 6.48535E-1 6.92643E-1 7.25443E-1 7.33777E-1 6.67669E-1 6.34982E-1 5.85642E-1 6.36546E-1 5.9829E-1 5.39673E-1 5.43951E-1 5.01669E-1 5.15698E-1 5.28504E-1 5.6938E-1 5.61145E-1 5.6581E-1 6.54939E-1 7.06756E-1 7.4848E-1 7.8678E-1 8.42874E-1 8.55651E-1 8.9587E-1 8.74287E-1 8.37492E-1 8.40375E-1 8.25498E-1 8.14314E-1
8.75316E-1 8.66431E-1 8.89238E-1 8.82413E-1 8.96475E-1 8.68882E-1 8.41564E-1 8.54579E-1 8.66511E-1 8.67665E-1 8.74664E-1 8.70323E-1 8.50545E-1 8.35155E-1 8.59962E-1 8.85206E-1 8.83793E-1 8.8465E-1 8.79475E-1 8.72739E-1 8.60698E-1 8.10669E-1 7.4601E-1 7.40808E-1 7.09635E-1 6.34479E-1 6.05965E-1 5.38504E-1 5.68677E-1 5.63811E-1 5.26143E-1 5.63037E-1 6.95897E-1 7.12933E-1 7.39786E-1 7.25151E-1 6.60338E-1 6.30425E-1 6.20761E-1 6.08413E-1 6.2524E-1 5.50507E-1 5.56335E-1 5.66028E-1 5.69782E-1 5.20665E-1 6.08622E-1 6.58339E-1 7.05369E-1 7.4057E-1 7.53026E-1 7.84595E-1 8.18062E-1 8.60494E-1 8.8458E-1 8.99568E-1 8.91297E-1 8.93595E-1 8.62522E-1 8.26483E-1 7.81925E-1
8.44341E-1 8.76587E-1 8.80593E-1 8.62718E-1 8.79376E-1 8.78462E-1 8.69652E-1 8.52789E-1 8.70842E-1 8.95694E-1 9.1549E-1 8.96165E-1 8.843E-1 8.7778E-1 9.03244E-1 9.09325E-1 9.04742E-1 9.05262E-1 8.94018E-1 8.49454E-1 8.1967E-1 7.7995E-1 7.67625E-1 7.53719E-1 7.08068E-1 6.28888E-1 5.89571E-1 6.15833E-1 6.37487E-1 6.09736E-1 5.45421E-1 5.25668E-1 6.27339E-1 7.18078E-1 7.41488E-1 6.92438E-1 6.4396E-1 5.93521E-1 6.4973E-1 6.54622E-1 6.13621E-1 6.04969E-1 6.16176E-1 6.0666E-1 6.05906E-1 6.2814E-1 5.83185E-1 5.37267E-1 6.99711E-1 8.03283E-1 7.97813E-1 8.00548E-1 8.34094E-1 8.63726E-1 8.92639E-1 9.21954E-1 9.05095E-1 8.96087E-1 8.58542E-1 8.11955E-1 7.85529E-1
8.28115E-1 8.46924E-1 8.32569E-1 8.5512E-1 8.75202E-1 8.87547E-1 8.59544E-1 8.66863E-1 8.90765E-1 9.27279E-1 9.35625E-1 9.25585E-1 9.17529E-1 9.20284E-1 8.52124E-1 6.27399E-1 8.47047E-1 8.99346E-1 8.61952E-1 8.23609E-1 8.03699E-1 8.15383E-1 8.12606E-1 7.63666E-1 6.59695E-1 6.328E-1 6.39305E-1 6.41547E-1 6.2427E-1 5.77258E-1 5.22182E-1 5.04516E-1 6.02581E-1 7.18919E-1 7.52363E-1 6.12284E-1 6.5247E-1 5.73179E-1 6.47227E-1 6.52382E-1 6.26697E-1 6.32389E-1 6.02736E-1 6.45774E-1 6.40154E-1 5.89116E-1 6.22801E-1 7.28346E-1 7.47206E-1 7.58063E-1 7.90439E-1 8.15931E-1 8.45459E-1 8.68847E-1 8.68046E-1 8.7964E-1 9.01361E-1 8.83164E-1 8.53218E-1 8.0925E-1 7.81507E-1
8.36174E-1 8.67131E-1 8.56761E-1 8.71558E-1 8.72984E-1 8.59951E-1 7.40559E-1 7.22808E-1 6.5247E-1 6.68635E-1 8.53154E-1 8.94104E-1 8.98094E-1 7.46865E-1 5.14716E-1 5.50869E-1 6.02223E-1 8.45779E-1 8.8063E-1 8.50221E-1 8.21929E-1 8.33634E-1 8.19505E-1 7.68815E-1 6.7332E-1 6.64229E-1 6.40164E-1 6.64221E-1 6.5594E-1 6.28057E-1 5.90102E-1 5.93696E-1 7.20809E-1 7.41457E-1 7.5178E-1 6.22754E-1 6.87241E-1 6.09864E-1 6.86665E-1 6.90341E-1 6.94149E-1 7.2765E-1 7.11115E-1 6.96516E-1 7.06801E-1 6.98194E-1 6.78803E-1 7.23564E-1 7.2672E-1 7.29183E-1 7.49622E-1 8.53941E-1 8.35058E-1 8.10379E-1 8.34114E-1 8.77333E-1 8.65958E-1 8.3685E-1 8.23385E-1 7.65472E-1 5.24009E-1
6.72508E-1 5.49402E-1 5.46835E-1 5.44634E-1 5.80191E-1 5.85325E-1 5.82297E-1 5.83414E-1 5.90452E-1 5.8024E-1 5.66878E-1 5.72697E-1 5.63385E-1 5.1877E-1 5.16823E-1 5.17176E-1 5.24843E-1 8.29089E-1 8.6467E-1 8.04345E-1 7.3473E-1 7.55375E-1 8.48766E-1 8.01399E-1 7.10398E-1 6.94671E-1 6.96624E-1 6.57237E-1 6.72036E-1 6.91539E-1 6.96231E-1 7.35926E-1 7.78551E-1 7.68308E-1 8.09905E-1 7.24309E-1 7.06413E-1 6.64422E-1 7.15457E-1 7.58271E-1 7.77211E-1 7.62749E-1 7.37097E-1 7.26546E-1 7.44786E-1 7.90927E-1 7.86951E-1 7.45157E-1 7.06741E-1 6.91088E-1 6.92773E-1 7.61964E-1 7.85057E-1 8.31248E-1 8.28003E-1 8.21572E-1 8.25348E-1 8.03284E-1 -9999 4.66323E-1 -9999
4.35628E-1 4.81053E-1 5.28969E-1 5.69654E-1 5.92729E-1 5.99895E-1 6.02971E-1 6.25256E-1 6.44687E-1 6.44192E-1 6.27619E-1 6.096E-1 5.81323E-1 5.7604E-1 5.83692E-1 5.8301E-1 6.56748E-1 8.31251E-1 8.60535E-1 8.02991E-1 7.53761E-1 6.716E-1 7.69391E-1 8.06951E-1 7.50457E-1 7.00767E-1 6.57629E-1 6.53423E-1 7.23271E-1 7.25193E-1 7.3013E-1 8.09548E-1 8.05068E-1 8.40626E-1 7.97643E-1 7.4768E-1 7.30177E-1 7.20259E-1 7.11344E-1 7.78807E-1 8.09512E-1 8.05628E-1 7.60183E-1 7.37767E-1 7.61236E-1 7.97175E-1 8.64807E-1 8.59739E-1 7.40694E-1 7.04931E-1 6.94668E-1 7.24873E-1 7.98014E-1 8.55565E-1 -9999 -9999 -9999 -9999 -9999 -9999 -9999
4.43332E-1 5.22027E-1 6.53874E-1 8.00903E-1 8.22307E-1 8.02812E-1 8.03806E-1 8.19369E-1 7.68987E-1 6.70548E-1 6.68369E-1 6.46876E-1 5.96338E-1 6.10316E-1 7.14381E-1 9.04721E-1 9.10831E-1 9.05893E-1 8.9057E-1 8.61948E-1 8.45741E-1 8.0492E-1 7.88892E-1 8.01182E-1 7.94713E-1 7.43805E-1 7.14741E-1 7.44809E-1 7.68391E-1 8.31006E-1 8.1507E-1 8.47122E-1 8.55247E-1 8.23025E-1 7.52713E-1 7.54118E-1 7.57627E-1 7.85616E-1 7.5263E-1 8.01708E-1 8.2685E-1 8.1112E-1 8.09245E-1 7.92899E-1 8.05478E-1 7.95922E-1 7.91426E-1 7.83793E-1 7.65484E-1 7.21502E-1 7.31892E-1 7.77185E-1 8.12946E-1 -9999 -9999 -9999 -9999 -9999 -9999 -9999 -9999
8.97891E-1 9.24925E-1 9.23892E-1 9.11192E-1 8.87577E-1 8.48613E-1 8.14993E-1 8.1053E-1 8.74905E-1 8.96463E-1 8.85701E-1 8.61275E-1 8.26408E-1 8.48805E-1 8.81057E-1 8.99498E-1 9.13506E-1 9.13971E-1 9.18105E-1 9.14735E-1 8.933E-1 8.44334E-1 8.50336E-1 8.33563E-1 8.32625E-1 8.10484E-1 8.06721E-1 8.09246E-1 8.30955E-1 8.81237E-1 8.8499E-1 8.70731E-1 8.58264E-1 7.30688E-1 7.43624E-1 7.69476E-1 8.00445E-1 7.66647E-1 7.8551E-1 8.30886E-1 8.41732E-1 8.1357E-1 8.10965E-1 8.36373E-1 8.50418E-1 8.26862E-1 8.08474E-1 8.32728E-1 8.29839E-1 7.60601E-1 8.02804E-1 8.35275E-1 -9999 -9999 -9999 -9999 -9999 -9999 -9999 -9999 -9999
9.11586E-1 9.29224E-1 9.30755E-1 9.04687E-1 8.65871E-1 8.06493E-1 7.60782E-1 7.79512E-1 8.2991E-1 8.54407E-1 8.51227E-1 8.28767E-1 8.13607E-1 8.3574E-1 8.67268E-1 8.74029E-1 8.83035E-1 8.95427E-1 8.90926E-1 8.83395E-1 8.50964E-1 8.11493E-1 8.20639E-1 8.31003E-1 8.29661E-1 8.03318E-1 8.1609E-1 8.69649E-1 8.79133E-1 8.93727E-1 8.85608E-1 8.56765E-1 8.39577E-1 7.60489E-1 7.35367E-1 8.03955E-1 7.95777E-1 7.32718E-1 8.11075E-1 8.34743E-1 8.39558E-1 8.16698E-1 8.18375E-1 8.32546E-1 8.55986E-1 8.55143E-1 8.36602E-1 8.70721E-1 8.64462E-1 8.76018E-1 8.90358E-1 8.69603E-1 -9999 -9999 -9999 -9999 -9999 -9999 -9999 -9999 -9999
8.7906E-1 9.07488E-1 9.18448E-1 9.01238E-1 8.47448E-1 7.89155E-1 7.42214E-1 7.30136E-1 7.29554E-1 7.36286E-1 7.57511E-1 7.75843E-1 7.92268E-1 8.14868E-1 8.39436E-1 8.24399E-1 8.35533E-1 8.64649E-1 8.66975E-1 8.60104E-1 8.40601E-1 8.15695E-1 8.21543E-1 8.26652E-1 8.2266E-1 8.35144E-1 8.12814E-1 7.96286E-1 8.22346E-1 8.26114E-1 8.46319E-1 8.34869E-1 8.23216E-1 7.63608E-1 7.33774E-1 7.65863E-1 7.44949E-1 7.26444E-1 7.93059E-1 8.48191E-1 8.54842E-1 8.39481E-1 8.49823E-1 8.31944E-1 8.49348E-1 8.41148E-1 8.14181E-1 8.98915E-1 9.07464E-1 9.19503E-1 9.13186E-1 8.43578E-1 -9999 -9999 -9999 -9999 -9999 -9999 -9999 -9999 -9999
6.1745E-1 8.85339E-1 8.92413E-1 8.573E-1 8.09299E-1 7.81388E-1 7.3246E-1 6.87829E-1 6.86344E-1 6.80725E-1 6.9766E-1 7.25592E-1 7.37998E-1 7.75689E-1 7.91336E-1 8.01726E-1 8.25745E-1 8.42607E-1 8.53845E-1 8.36572E-1 8.10058E-1 7.95461E-1 8.06664E-1 7.82639E-1 7.97138E-1 8.34156E-1 8.28461E-1 8.23915E-1 8.1677E-1 8.30295E-1 8.32978E-1 8.01388E-1 7.67338E-1 7.89397E-1 8.28324E-1 8.33862E-1 8.10514E-1 7.96946E-1 7.93975E-1 8.44081E-1 8.58674E-1 8.55933E-1 8.41358E-1 8.52542E-1 8.7101E-1 8.44908E-1 8.58789E-1 9.07076E-1 9.31967E-1 9.37521E-1 9.43115E-1 9.25081E-1 -9999 -9999 -9999 -9999 -9999 -9999 -9999 -9999 -9999
8.26881E-1 8.32559E-1 8.19477E-1 7.96659E-1 7.48342E-1 7.17895E-1 6.75076E-1 6.57768E-1 6.47816E-1 6.32408E-1 6.42752E-1 6.59718E-1 7.12613E-1 7.17064E-1 7.56637E-1 7.89515E-1 8.21557E-1 8.46973E-1 8.58631E-1 8.4025E-1 8.25826E-1 8.1132E-1 8.10722E-1 7.86235E-1 7.7824E-1 7.90021E-1 7.69903E-1 7.99286E-1 8.41156E-1 8.49426E-1 8.39006E-1 8.07321E-1 7.25546E-1 7.8969E-1 8.29595E-1 8.6159E-1 8.20216E-1 8.1847E-1 8.33086E-1 8.43741E-1 8.85655E-1 8.66535E-1 8.65106E-1 8.78313E-1 8.88446E-1 8.80757E-1 9.02491E-1 9.21933E-1 9.43568E-1 9.4631E-1 9.47558E-1 9.34499E-1 -9999 -9999 -9999 -9999 -9999 -9999 -9999 -9999 -9999
7.85357E-1 7.97621E-1 7.69078E-1 7.36215E-1 6.77661E-1 6.46957E-1 5.96294E-1 5.99606E-1 5.97716E-1 5.91141E-1 5.98408E-1 6.45362E-1 6.70485E-1 6.8639E-1 7.41178E-1 7.70843E-1 8.19738E-1 8.48753E-1 8.57387E-1 8.61001E-1 8.38069E-1 8.23435E-1 8.18699E-1 7.94651E-1 7.84242E-1 7.56662E-1 7.25715E-1 7.70954E-1 8.15284E-1 8.44104E-1 7.99317E-1 8.01862E-1 7.32381E-1 7.6795E-1 8.38717E-1 8.38072E-1 8.26125E-1 8.01131E-1 8.65866E-1 8.57233E-1 9.1902E-1 9.33159E-1 8.86254E-1 9.13848E-1 9.13481E-1 8.98196E-1 9.06683E-1 9.25861E-1 9.43518E-1 9.54528E-1 -9999 -9999 -9999 -9999 -9999 -9999 -9999 -9999 -9999 -9999 -9999
7.58902E-1 7.49478E-1 7.30318E-1 6.93247E-1 6.48713E-1 5.94549E-1 5.62205E-1 5.55174E-1 5.70089E-1 5.91016E-1 5.91576E-1 6.10655E-1 6.57178E-1 6.90063E-1 7.31503E-1 7.66958E-1 8.10543E-1 8.41021E-1 8.61828E-1 8.76464E-1 8.59372E-1 8.34233E-1 8.2342E-1 8.02422E-1 7.6077E-1 7.3947E-1 7.25417E-1 7.54644E-1 8.23972E-1 8.43851E-1 8.68377E-1 8.11986E-1 7.32046E-1 8.06361E-1 8.38787E-1 8.6551E-1 8.666E-1 8.54484E-1 9.03538E-1 8.92376E-1 9.22644E-1 9.31854E-1 9.14608E-1 9.28062E-1 9.11742E-1 9.1491E-1 9.06687E-1 9.23006E-1 9.40774E-1 9.47012E-1 9.41756E-1 -9999 -9999 -9999 -9999 -9999 -9999 -9999 -9999 -9999 -9999
7.65155E-1 7.63976E-1 7.2073E-1 6.98375E-1 6.42399E-1 5.80178E-1 5.55468E-1 5.23058E-1 5.25549E-1 5.48829E-1 5.56179E-1 5.99867E-1 6.58618E-1 7.15463E-1 7.53986E-1 7.8539E-1 8.13592E-1 8.40847E-1 8.72437E-1 8.77807E-1 8.61395E-1 8.43578E-1 8.29398E-1 8.39226E-1 8.09794E-1 7.95966E-1 7.82512E-1 7.81525E-1 8.12746E-1 8.66542E-1 8.9046E-1 7.87496E-1 7.73464E-1 7.87872E-1 8.68125E-1 8.73692E-1 8.87115E-1 9.01039E-1 8.93748E-1 9.03413E-1 9.36695E-1 9.3974E-1 9.34685E-1 9.19081E-1 9.27184E-1 9.06072E-1 8.99664E-1 9.20282E-1 9.23743E-1 9.32146E-1 9.31027E-1 9.26413E-1 -9999 9.08574E-1 8.57514E-1 -9999 -9999 -9999 -9999 -9999 -9999
7.55565E-1 7.59346E-1 7.16473E-1 6.88457E-1 6.24859E-1 5.77194E-1 5.44298E-1 5.42174E-1 5.44351E-1 5.62377E-1 5.77099E-1 6.04469E-1 6.55429E-1 6.75702E-1 7.44259E-1 7.81812E-1 8.08759E-1 8.1024E-1 8.30533E-1 8.33747E-1 8.38067E-1 8.2978E-1 8.21338E-1 8.41101E-1 8.21699E-1 7.96452E-1 7.89823E-1 7.92951E-1 8.04763E-1 8.97148E-1 8.43973E-1 7.83661E-1 7.86654E-1 7.92119E-1 8.5358E-1 8.98053E-1 9.1585E-1 9.36313E-1 9.1238E-1 9.17637E-1 9.46023E-1 9.3964E-1 9.27597E-1 9.17578E-1 9.21341E-1 9.21126E-1 9.10664E-1 9.1714E-1 9.24315E-1 9.255E-1 9.2211E-1 9.28583E-1 -9999 -9999 8.24974E-1 7.83999E-1 -9999 -9999 -9999 -9999 -9999
7.31491E-1 7.11552E-1 6.87093E-1 6.69133E-1 6.29342E-1 6.00282E-1 5.70476E-1 5.69115E-1 5.89332E-1 5.99168E-1 5.86448E-1 5.90348E-1 6.25618E-1 6.58929E-1 7.29301E-1 7.72283E-1 8.03728E-1 7.96125E-1 7.92605E-1 7.81749E-1 7.97415E-1 8.00193E-1 7.96467E-1 8.15138E-1 8.12237E-1 8.04052E-1 8.10364E-1 8.40622E-1 8.72473E-1 8.60049E-1 7.54988E-1 7.48388E-1 7.3806E-1 8.32565E-1 8.92445E-1 9.05614E-1 9.25458E-1 9.41428E-1 9.42104E-1 9.46861E-1 9.49466E-1 9.38643E-1 9.25221E-1 9.14133E-1 9.15641E-1 9.25148E-1 9.18227E-1 9.29E-1 9.26884E-1 9.26715E-1 9.31905E-1 9.38991E-1 9.50707E-1 9.39979E-1 8.94022E-1 8.25296E-1 -9999 -9999 -9999 -9999 -9999
7.0676E-1 6.86723E-1 6.53978E-1 6.54062E-1 6.68961E-1 6.45643E-1 6.41848E-1 6.46988E-1 6.34491E-1 6.30388E-1 6.2112E-1 6.03435E-1 6.20455E-1 6.80536E-1 7.07635E-1 7.23061E-1 7.42185E-1 7.84251E-1 8.06103E-1 7.95817E-1 7.75019E-1 7.84423E-1 8.07457E-1 8.11799E-1 8.40526E-1 8.51554E-1 8.59481E-1 8.75471E-1 8.41434E-1 7.09952E-1 7.51657E-1 7.64177E-1 7.62185E-1 8.43822E-1 8.75155E-1 9.00171E-1 9.23171E-1 9.42928E-1 9.45655E-1 9.50313E-1 9.42017E-1 9.33065E-1 9.2029E-1 9.18409E-1 9.20527E-1 9.13659E-1 9.2205E-1 9.34275E-1 9.30823E-1 9.31766E-1 9.47488E-1 9.55244E-1 9.5416E-1 9.54933E-1 9.03854E-1 6.77603E-1 -9999 -9999 -9999 -9999 -9999
6.99221E-1 6.84054E-1 6.83315E-1 6.90688E-1 6.94538E-1 6.79085E-1 7.01685E-1 6.89878E-1 6.82174E-1 6.88965E-1 6.89364E-1 6.86152E-1 7.22534E-1 7.48919E-1 7.5161E-1 7.40568E-1 7.15441E-1 7.07975E-1 7.63359E-1 7.85073E-1 7.89442E-1 7.94518E-1 7.95866E-1 8.50335E-1 8.38074E-1 8.57308E-1 8.68463E-1 8.46106E-1 7.49201E-1 7.34573E-1 8.33193E-1 8.63618E-1 8.48838E-1 8.50173E-1 8.84106E-1 9.02285E-1 9.29266E-1 9.46096E-1 9.45243E-1 9.41454E-1 9.38928E-1 9.30689E-1 9.34534E-1 9.25968E-1 9.22316E-1 9.1692E-1 9.20452E-1 9.3895E-1 9.42158E-1 9.04662E-1 9.34142E-1 9.57288E-1 8.99396E-1 5.57141E-1 6.54577E-1 -9999 -9999 -9999 -9999 -9999 -9999
7.42191E-1 7.35362E-1 7.20933E-1 7.19389E-1 7.27539E-1 7.15302E-1 7.24653E-1 7.26759E-1 7.36628E-1 7.45123E-1 7.58897E-1 7.65965E-1 7.60825E-1 7.76979E-1 7.52775E-1 7.60592E-1 7.48219E-1 7.3752E-1 7.60259E-1 7.78057E-1 7.91884E-1 7.74312E-1 8.08034E-1 8.336E-1 8.37155E-1 8.58198E-1 8.52981E-1 8.00047E-1 7.95158E-1 8.44402E-1 8.63412E-1 8.73977E-1 8.16486E-1 8.73093E-1 9.03868E-1 9.1932E-1 9.40871E-1 9.58231E-1 9.54446E-1 9.42159E-1 9.37085E-1 9.4047E-1 9.40111E-1 9.44467E-1 9.35522E-1 9.36041E-1 -9999 -9999 -9999 -9999 9.05915E-1 -9999 -9999 7.55011E-1 8.10713E-1 8.06656E-1 -9999 -9999 -9999 -9999 -9999
7.47286E-1 7.55744E-1 7.40608E-1 7.65091E-1 7.43266E-1 7.33107E-1 7.38815E-1 7.4699E-1 7.83621E-1 7.71035E-1 7.83785E-1 7.8584E-1 8.05647E-1 7.4849E-1 6.66633E-1 7.22502E-1 6.99311E-1 7.62276E-1 7.70113E-1 7.55985E-1 7.46186E-1 7.76702E-1 8.10035E-1 8.32674E-1 8.53704E-1 8.44783E-1 7.97553E-1 8.64938E-1 8.95242E-1 8.82972E-1 8.58174E-1 9.07322E-1 8.88247E-1 8.99166E-1 9.06034E-1 9.28695E-1 9.69139E-1 -9999 -9999 9.4637E-1 9.51682E-1 9.54195E-1 9.55432E-1 9.55843E-1 -9999 9.43733E-1 -9999 -9999 -9999 -9999 -9999 -9999 -9999 -9999 -9999 -9999 -9999 -9999 -9999 -9999 -9999
7.50461E-1 7.54458E-1 7.69618E-1 7.63641E-1 7.63717E-1 7.5783E-1 7.89813E-1 8.24131E-1 7.86236E-1 7.9496E-1 7.97617E-1 8.15019E-1 7.77612E-1 7.31703E-1 7.61409E-1 7.38812E-1 7.353E-1 7.78766E-1 7.80447E-1 7.80227E-1 7.94663E-1 8.20908E-1 8.0682E-1 8.24471E-1 8.12585E-1 8.03468E-1 8.42708E-1 8.778E-1 8.79047E-1 8.81328E-1 8.79727E-1 9.24128E-1 9.02037E-1 9.34527E-1 9.50476E-1 9.59098E-1 9.65736E-1 9.52984E-1 9.43514E-1 9.32509E-1 9.47848E-1 9.4528E-1 9.4982E-1 -9999 -9999 -9999 -9999 -9999 -9999 -9999 -9999 -9999 -9999 -9999 -9999 -9999 -9999 -9999 -9999 -9999 -9999
7.24659E-1 7.56792E-1 7.6584E-1 7.81955E-1 7.83566E-1 8.26229E-1 8.26485E-1 8.30524E-1 8.46988E-1 8.15297E-1 8.37371E-1 8.35749E-1 8.20311E-1 7.91853E-1 7.99439E-1 7.88844E-1 7.97521E-1 8.01834E-1 8.23448E-1 8.35986E-1 8.03067E-1 7.59892E-1 7.48329E-1 7.19062E-1 8.11167E-1 8.18596E-1 7.89878E-1 8.14503E-1 8.47671E-1 8.8378E-1 9.11069E-1 9.31778E-1 9.28393E-1 9.02196E-1 9.2783E-1 9.46588E-1 9.5145E-1 9.43065E-1 9.29123E-1 9.11086E-1 -9999 -9999 -9999 -9999 -9999 -9999 -9999 -9999 -9999 -9999 -9999 -9999 -9999 -9999 -9999 -9999 -9999 -9999 -9999 -9999 -9999
7.5962E-1 7.82803E-1 7.95289E-1 8.0464E-1 8.39398E-1 8.51627E-1 8.28181E-1 8.36002E-1 8.34577E-1 8.12311E-1 7.93551E-1 8.15819E-1 8.12131E-1 8.2179E-1 8.27246E-1 8.35631E-1 8.21306E-1 8.36109E-1 8.25833E-1 8.09857E-1 7.73347E-1 7.53031E-1 8.07555E-1 8.15383E-1 8.09104E-1 8.07282E-1 7.20742E-1 7.72312E-1 8.30689E-1 8.78021E-1 9.17705E-1 9.29841E-1 9.21932E-1 9.03622E-1 9.22767E-1 9.45643E-1 7.89065E-1 -9999 -9999 -9999 -9999 -9999 -9999 -9999 -9999 -9999 -9999 -9999 -9999 -9999 -9999 -9999 -9999 -9999 -9999 -9999 -9999 -9999 -9999 -9999 -9999
