data/maxent/outputs/white_204.asc
ncols         426
nrows         180
xllcorner     -130.0
yllcorner     24.0
cellsize      0.16666666666666666
NODATA_value  -9999
[rows 54 to 80 of 180, columns 305 to 365 of 426]
7.95983E-1 7.99521E-1 8.12524E-1 8.19666E-1 8.19809E-1 8.14594E-1 8.10651E-1 8.05609E-1 8.02222E-1 7.96083E-1 7.80999E-1 7.8234E-1 7.6722E-1 7.51749E-1 7.64152E-1 7.9611E-1 8.07662E-1 8.08914E-1 8.11408E-1 8.18148E-1 8.22104E-1 8.3009E-1 8.29848E-1 8.11629E-1 8.0973E-1 8.07372E-1 7.90466E-1 7.84548E-1 7.75807E-1 7.69461E-1 7.45344E-1 7.2899E-1 7.097E-1 6.91053E-1 6.77585E-1 6.64226E-1 6.99146E-1 6.94289E-1 7.24597E-1 7.59711E-1 7.68916E-1 7.50615E-1 7.34753E-1 7.25997E-1 7.10748E-1 6.89131E-1 6.74237E-1 7.06438E-1 7.06033E-1 7.17455E-1 7.4769E-1 7.70692E-1 8.11507E-1 8.25513E-1 8.12392E-1 7.99798E-1 7.94636E-1 8.08233E-1 8.25702E-1 8.31372E-1 8.40993E-1
8.08509E-1 8.09431E-1 8.27331E-1 8.27248E-1 8.30102E-1 8.22801E-1 8.18553E-1 8.15386E-1 8.11259E-1 8.03418E-1 7.98508E-1 7.92125E-1 7.82948E-1 7.78575E-1 7.90891E-1 8.05723E-1 8.08861E-1 7.93917E-1 8.19767E-1 8.1271E-1 8.10046E-1 8.01929E-1 7.95159E-1 7.75445E-1 7.61986E-1 7.43853E-1 7.24193E-1 7.27063E-1 7.24761E-1 7.11517E-1 7.13079E-1 7.14416E-1 7.09928E-1 6.96652E-1 6.94777E-1 6.60407E-1 6.95348E-1 6.86935E-1 7.20688E-1 7.55298E-1 7.51368E-1 7.33936E-1 7.33575E-1 7.249E-1 7.11789E-1 7.04023E-1 7.23848E-1 7.19796E-1 7.12824E-1 7.44644E-1 7.75773E-1 8.08314E-1 8.23871E-1 8.43425E-1 8.51653E-1 8.27441E-1 8.20741E-1 8.20763E-1 8.32616E-1 8.41623E-1 8.54538E-1
8.21692E-1 8.24852E-1 8.3833E-1 8.34247E-1 8.35473E-1 8.29981E-1 8.22605E-1 8.25365E-1 8.27855E-1 8.17735E-1 8.14809E-1 8.06075E-1 7.96362E-1 7.96899E-1 8.13471E-1 8.04872E-1 7.84174E-1 8.16709E-1 8.18669E-1 8.09599E-1 8.00933E-1 7.86341E-1 7.60242E-1 7.41371E-1 7.27253E-1 7.22049E-1 7.13026E-1 7.21105E-1 7.20126E-1 7.12179E-1 7.17244E-1 7.08639E-1 7.05156E-1 7.12089E-1 7.21854E-1 7.09382E-1 6.96376E-1 6.87593E-1 7.2743E-1 7.23253E-1 7.27081E-1 7.34322E-1 7.19283E-1 6.99393E-1 7.23082E-1 6.87499E-1 7.5121E-1 7.19189E-1 7.50945E-1 8.00219E-1 7.91588E-1 8.0274E-1 8.24946E-1 8.58129E-1 8.64195E-1 8.70198E-1 8.553E-1 8.38386E-1 8.46272E-1 8.40496E-1 8.29602E-1
8.21011E-1 8.21848E-1 8.33826E-1 8.29623E-1 8.31959E-1 8.25603E-1 8.14645E-1 8.17627E-1 8.20079E-1 8.28153E-1 8.30042E-1 8.26852E-1 8.10734E-1 8.01643E-1 8.1488E-1 8.28752E-1 8.24307E-1 8.27741E-1 8.20727E-1 8.0907E-1 7.97905E-1 7.69095E-1 7.4555E-1 7.41363E-1 7.32745E-1 7.22794E-1 7.21784E-1 7.14081E-1 7.28767E-1 7.2186E-1 7.11721E-1 7.24583E-1 7.27041E-1 7.29123E-1 7.35468E-1 7.24828E-1 6.96903E-1 6.92894E-1 7.21786E-1 7.46432E-1 7.43998E-1 7.38029E-1 7.00602E-1 7.01519E-1 7.06818E-1 6.9091E-1 7.81779E-1 7.9169E-1 8.0502E-1 8.12262E-1 8.03236E-1 8.26013E-1 8.43486E-1 8.6565E-1 8.74152E-1 8.79325E-1 8.7108E-1 8.66084E-1 8.53742E-1 8.27172E-1 7.97531E-1
7.95614E-1 8.16233E-1 8.19803E-1 8.17327E-1 8.285E-1 8.2738E-1 8.17158E-1 8.12435E-1 8.20186E-1 8.38796E-1 8.55609E-1 8.41099E-1 8.31637E-1 8.2758E-1 8.46297E-1 8.46291E-1 8.4051E-1 8.39008E-1 8.28845E-1 8.04307E-1 7.85262E-1 7.68409E-1 7.57963E-1 7.5221E-1 7.44339E-1 7.36605E-1 7.33415E-1 7.50978E-1 7.59706E-1 7.46867E-1 7.37455E-1 7.34849E-1 7.41873E-1 7.46448E-1 7.46592E-1 7.19186E-1 6.97542E-1 7.33305E-1 7.36678E-1 7.3639E-1 7.32862E-1 7.52346E-1 7.20481E-1 7.16972E-1 7.25142E-1 7.94607E-1 7.78236E-1 7.32313E-1 8.05177E-1 8.32607E-1 8.3232E-1 8.3792E-1 8.54667E-1 8.68711E-1 8.76225E-1 8.82863E-1 8.82016E-1 8.74655E-1 8.4585E-1 8.10975E-1 7.99114E-1
7.80521E-1 7.88206E-1 7.87075E-1 8.09789E-1 8.24632E-1 8.2411E-1 8.08601E-1 8.18103E-1 8.35668E-1 8.60174E-1 8.64205E-1 8.47491E-1 8.43312E-1 8.47888E-1 8.09546E-1 6.31462E-1 8.06899E-1 8.39811E-1 8.17436E-1 7.98351E-1 7.87956E-1 7.87954E-1 7.84086E-1 7.73376E-1 7.59061E-1 7.56154E-1 7.67743E-1 7.74965E-1 7.7497E-1 7.64005E-1 7.56312E-1 7.53684E-1 7.62316E-1 7.55112E-1 7.57795E-1 6.99839E-1 7.17861E-1 7.61034E-1 7.72056E-1 7.62526E-1 7.6602E-1 7.53436E-1 7.25375E-1 7.52524E-1 7.98245E-1 7.80787E-1 7.87479E-1 7.99633E-1 7.97528E-1 8.07896E-1 8.25154E-1 8.38388E-1 8.53792E-1 8.62582E-1 8.59007E-1 8.63307E-1 8.71027E-1 8.59435E-1 8.41065E-1 8.23895E-1 8.13205E-1
7.92681E-1 8.17893E-1 8.24018E-1 8.41874E-1 8.4531E-1 8.26125E-1 7.48715E-1 7.33581E-1 6.82817E-1 6.83741E-1 8.14875E-1 8.38246E-1 8.53405E-1 7.3269E-1 5.44659E-1 5.77492E-1 6.20066E-1 8.04524E-1 8.25055E-1 8.08496E-1 8.01094E-1 8.0679E-1 8.05845E-1 7.92781E-1 7.81141E-1 7.86019E-1 7.89403E-1 7.95152E-1 7.98632E-1 7.83724E-1 7.62307E-1 7.67839E-1 7.72173E-1 7.71988E-1 7.61458E-1 7.13879E-1 7.404E-1 7.79869E-1 7.82775E-1 7.76878E-1 7.8712E-1 7.8537E-1 7.71539E-1 7.7726E-1 8.01196E-1 7.9462E-1 7.87734E-1 7.85283E-1 7.8505E-1 7.93245E-1 8.04247E-1 8.45167E-1 8.38482E-1 8.35803E-1 8.41137E-1 8.53197E-1 8.59484E-1 8.53289E-1 8.44904E-1 8.1686E-1 6.64119E-1
6.95049E-1 6.10273E-1 6.08205E-1 6.02911E-1 6.26496E-1 6.30715E-1 6.28479E-1 6.25819E-1 6.26363E-1 6.10586E-1 5.97647E-1 6.03792E-1 5.98069E-1 5.5883E-1 5.59922E-1 5.61242E-1 5.6651E-1 7.99956E-1 8.24666E-1 7.92787E-1 7.84579E-1 7.90722E-1 8.25801E-1 8.17934E-1 8.08827E-1 8.09648E-1 8.17255E-1 8.16824E-1 8.27253E-1 8.04395E-1 8.06063E-1 7.89124E-1 7.95845E-1 7.932E-1 7.90727E-1 7.50516E-1 7.49306E-1 7.91044E-1 7.99326E-1 8.1184E-1 8.17011E-1 8.02114E-1 7.96228E-1 7.98621E-1 8.05254E-1 8.28725E-1 8.24003E-1 7.9765E-1 7.83103E-1 7.78337E-1 7.80933E-1 8.04656E-1 8.18967E-1 8.37679E-1 8.54147E-1 8.51144E-1 8.51451E-1 8.41939E-1 -9999 6.0276E-1 -9999
5.00763E-1 5.39394E-1 5.78245E-1 6.12684E-1 6.32265E-1 6.38556E-1 6.40952E-1 6.55263E-1 6.6616E-1 6.63576E-1 6.5028E-1 6.39195E-1 6.19474E-1 6.14499E-1 6.20296E-1 6.17494E-1 6.77288E-1 8.00065E-1 8.22909E-1 7.89788E-1 7.85884E-1 7.63592E-1 7.89696E-1 8.14905E-1 8.12727E-1 8.13692E-1 8.11374E-1 8.2142E-1 8.36951E-1 8.40386E-1 8.2894E-1 8.24926E-1 8.12566E-1 8.17654E-1 7.91428E-1 7.63692E-1 7.65278E-1 7.77615E-1 8.19151E-1 8.29578E-1 8.31429E-1 8.27291E-1 8.07515E-1 8.04753E-1 8.15159E-1 8.32036E-1 8.63323E-1 8.5799E-1 7.994E-1 7.83766E-1 7.77348E-1 7.90726E-1 8.21622E-1 8.47735E-1 -9999 -9999 -9999 -9999 -9999 -9999 -9999
4.82799E-1 5.51013E-1 6.58588E-1 7.65828E-1 7.84116E-1 7.74901E-1 7.77076E-1 7.86481E-1 7.51017E-1 6.79241E-1 6.77961E-1 6.6559E-1 6.32626E-1 6.41574E-1 7.17411E-1 8.60474E-1 8.65546E-1 8.6303E-1 8.54417E-1 8.29888E-1 8.23767E-1 8.04315E-1 7.92854E-1 8.0852E-1 8.18672E-1 8.20843E-1 8.25613E-1 8.29736E-1 8.39305E-1 8.54075E-1 8.49766E-1 8.45192E-1 8.3541E-1 8.10549E-1 7.75746E-1 7.7364E-1 7.99997E-1 8.27133E-1 8.25579E-1 8.42201E-1 8.42682E-1 8.34539E-1 8.31477E-1 8.29564E-1 8.3926E-1 8.34884E-1 8.37414E-1 8.31378E-1 8.15497E-1 7.94289E-1 7.92702E-1 8.11954E-1 8.36034E-1 -9999 -9999 -9999 -9999 -9999 -9999 -9999 -9999
8.19935E-1 8.5847E-1 8.61115E-1 8.53825E-1 8.34584E-1 8.0734E-1 7.90137E-1 7.86704E-1 8.22002E-1 8.38286E-1 8.33583E-1 8.18589E-1 7.96843E-1 8.09401E-1 8.33847E-1 8.49121E-1 8.59853E-1 8.60325E-1 8.61276E-1 8.60785E-1 8.42495E-1 8.22078E-1 8.25287E-1 8.31027E-1 8.35781E-1 8.38968E-1 8.49115E-1 8.51374E-1 8.60236E-1 8.67637E-1 8.65819E-1 8.5421E-1 8.33244E-1 7.72676E-1 7.69791E-1 7.98334E-1 8.32376E-1 8.24574E-1 8.28501E-1 8.55708E-1 8.51278E-1 8.4445E-1 8.40805E-1 8.52257E-1 8.61414E-1 8.52188E-1 8.45001E-1 8.55531E-1 8.49744E-1 8.19344E-1 8.2372E-1 8.47037E-1 -9999 -9999 -9999 -9999 -9999 -9999 -9999 -9999 -9999
8.44315E-1 8.6372E-1 8.63746E-1 8.47235E-1 8.22417E-1 7.80702E-1 7.53095E-1 7.67888E-1 7.94091E-1 8.05266E-1 8.04813E-1 7.92824E-1 7.82277E-1 7.95726E-1 8.16364E-1 8.23521E-1 8.31488E-1 8.36328E-1 8.31642E-1 8.32475E-1 8.17067E-1 8.01784E-1 8.08856E-1 8.11801E-1 8.19367E-1 8.1112E-1 8.18228E-1 8.60864E-1 8.63048E-1 8.62915E-1 8.59936E-1 8.41565E-1 8.21207E-1 7.75482E-1 7.62014E-1 8.20278E-1 8.28112E-1 8.16721E-1 8.36931E-1 8.55248E-1 8.53381E-1 8.49284E-1 8.39467E-1 8.48931E-1 8.61686E-1 8.67748E-1 8.57888E-1 8.70312E-1 8.69029E-1 8.70659E-1 8.74641E-1 8.70664E-1 -9999 -9999 -9999 -9999 -9999 -9999 -9999 -9999 -9999
8.26496E-1 8.33762E-1 8.53911E-1 8.42713E-1 8.14942E-1 7.79207E-1 7.4847E-1 7.40156E-1 7.39585E-1 7.49577E-1 7.60762E-1 7.62945E-1 7.70428E-1 7.81378E-1 7.96659E-1 7.90803E-1 8.05195E-1 8.27473E-1 8.32309E-1 8.32178E-1 8.28827E-1 8.14142E-1 8.20339E-1 8.28028E-1 8.25946E-1 8.29858E-1 8.10524E-1 8.01945E-1 8.19816E-1 8.21845E-1 8.34163E-1 8.21517E-1 8.06366E-1 7.73761E-1 7.60817E-1 7.95517E-1 8.23478E-1 8.0765E-1 8.21112E-1 8.60803E-1 8.63799E-1 8.61466E-1 8.53925E-1 8.48046E-1 8.5347E-1 8.58566E-1 8.46109E-1 8.88327E-1 8.91183E-1 8.91301E-1 8.91528E-1 8.49603E-1 -9999 -9999 -9999 -9999 -9999 -9999 -9999 -9999 -9999
6.09055E-1 8.27033E-1 8.3747E-1 8.26677E-1 8.04334E-1 7.87813E-1 7.57014E-1 7.2593E-1 7.23843E-1 7.29156E-1 7.39675E-1 7.45262E-1 7.52812E-1 7.6522E-1 7.74649E-1 7.82297E-1 8.05373E-1 8.26944E-1 8.34715E-1 8.30546E-1 8.21991E-1 8.09115E-1 8.16974E-1 8.07712E-1 8.18844E-1 8.27904E-1 8.31042E-1 8.22199E-1 8.18979E-1 8.24961E-1 8.22532E-1 7.91458E-1 7.66192E-1 7.88598E-1 8.28354E-1 8.37524E-1 8.31219E-1 8.20867E-1 8.21714E-1 8.55973E-1 8.65149E-1 8.66654E-1 8.58788E-1 8.56895E-1 8.64045E-1 8.55756E-1 8.61545E-1 8.84629E-1 8.95981E-1 9.06051E-1 9.13937E-1 9.07332E-1 -9999 -9999 -9999 -9999 -9999 -9999 -9999 -9999 -9999
7.93937E-1 8.03069E-1 8.09239E-1 8.0055E-1 7.78424E-1 7.65241E-1 7.34054E-1 7.22624E-1 7.14165E-1 7.15833E-1 7.2389E-1 7.29817E-1 7.36775E-1 7.39589E-1 7.63533E-1 7.76591E-1 8.06033E-1 8.29352E-1 8.41801E-1 8.38073E-1 8.3393E-1 8.19819E-1 8.18703E-1 8.05529E-1 8.01583E-1 8.0549E-1 8.00861E-1 8.15525E-1 8.271E-1 8.35736E-1 8.33809E-1 8.03434E-1 7.47742E-1 7.95422E-1 8.34613E-1 8.59286E-1 8.36677E-1 8.33515E-1 8.43786E-1 8.61739E-1 8.76297E-1 8.70351E-1 8.71859E-1 8.70476E-1 8.74614E-1 8.6999E-1 8.76437E-1 8.84144E-1 9.04577E-1 9.11246E-1 9.13095E-1 9.07164E-1 -9999 -9999 -9999 -9999 -9999 -9999 -9999 -9999 -9999
7.8251E-1 7.93884E-1 7.906E-1 7.78681E-1 7.47149E-1 7.28439E-1 6.95361E-1 7.05682E-1 7.00035E-1 6.98648E-1 7.01442E-1 7.24407E-1 7.30975E-1 7.37304E-1 7.64882E-1 7.75307E-1 8.00928E-1 8.32192E-1 8.4328E-1 8.45331E-1 8.35907E-1 8.25605E-1 8.21699E-1 8.08646E-1 8.00799E-1 7.90784E-1 7.77755E-1 8.08054E-1 8.20435E-1 8.40215E-1 8.10336E-1 8.06458E-1 7.56822E-1 7.95271E-1 8.42128E-1 8.48859E-1 8.39846E-1 8.26606E-1 8.58368E-1 8.66621E-1 8.90689E-1 9.00017E-1 8.79935E-1 8.88614E-1 8.87054E-1 8.73952E-1 8.7402E-1 8.86063E-1 8.99417E-1 9.19226E-1 -9999 -9999 -9999 -9999 -9999 -9999 -9999 -9999 -9999 -9999 -9999
7.82657E-1 7.85264E-1 7.83668E-1 7.64316E-1 7.37905E-1 7.01799E-1 6.81616E-1 6.84123E-1 6.90487E-1 7.0226E-1 7.01577E-1 7.05617E-1 7.31305E-1 7.45634E-1 7.63796E-1 7.85348E-1 8.06859E-1 8.27187E-1 8.42173E-1 8.48547E-1 8.40428E-1 8.29361E-1 8.24997E-1 8.1803E-1 7.97284E-1 7.85223E-1 7.88748E-1 8.10412E-1 8.49268E-1 8.6063E-1 8.67888E-1 8.0616E-1 7.60915E-1 8.25976E-1 8.47823E-1 8.61294E-1 8.56115E-1 8.48108E-1 8.79854E-1 8.70092E-1 8.95735E-1 8.98649E-1 8.89197E-1 8.91978E-1 8.82193E-1 8.80652E-1 8.73213E-1 8.83815E-1 9.01441E-1 9.07604E-1 9.06219E-1 -9999 -9999 -9999 -9999 -9999 -9999 -9999 -9999 -9999 -9999
7.91236E-1 7.95592E-1 7.84518E-1 7.67366E-1 7.23718E-1 6.96732E-1 6.84649E-1 6.66358E-1 6.71425E-1 6.7958E-1 6.81699E-1 6.97898E-1 7.26121E-1 7.52789E-1 7.69983E-1 7.93645E-1 8.06055E-1 8.20045E-1 8.38534E-1 8.41065E-1 8.40037E-1 8.3603E-1 8.33043E-1 8.37797E-1 8.23973E-1 8.16109E-1 8.15252E-1 8.41218E-1 8.41827E-1 8.62432E-1 8.72723E-1 7.834E-1 7.99477E-1 8.25506E-1 8.63837E-1 8.66205E-1 8.67261E-1 8.74159E-1 8.68339E-1 8.65652E-1 9.01861E-1 9.02511E-1 8.96852E-1 8.88767E-1 8.9248E-1 8.74886E-1 8.67461E-1 8.83494E-1 8.8758E-1 8.93449E-1 8.96065E-1 8.97111E-1 -9999 8.63155E-1 8.15687E-1 -9999 -9999 -9999 -9999 -9999 -9999
7.94079E-1 8.00104E-1 7.89897E-1 7.67776E-1 7.26734E-1 6.97506E-1 6.8117E-1 6.82678E-1 6.82268E-1 6.86078E-1 6.90983E-1 7.01158E-1 7.29029E-1 7.4132E-1 7.74338E-1 7.8683E-1 8.03828E-1 8.11358E-1 8.25379E-1 8.30663E-1 8.31663E-1 8.33611E-1 8.36244E-1 8.40552E-1 8.33623E-1 8.23785E-1 8.30615E-1 8.32844E-1 8.35097E-1 8.74802E-1 8.23754E-1 7.79685E-1 8.11175E-1 8.31117E-1 8.56376E-1 8.74912E-1 8.8417E-1 8.97843E-1 8.75002E-1 8.76847E-1 9.07063E-1 9.03654E-1 8.95252E-1 8.88375E-1 8.88335E-1 8.8992E-1 8.74598E-1 8.83568E-1 8.89091E-1 8.87717E-1 8.88406E-1 8.9677E-1 -9999 -9999 7.83044E-1 7.47733E-1 -9999 -9999 -9999 -9999 -9999
7.86294E-1 7.83862E-1 7.74468E-1 7.64218E-1 7.35828E-1 7.17396E-1 7.00368E-1 7.00843E-1 7.10105E-1 7.09421E-1 6.99204E-1 7.01058E-1 7.15523E-1 7.3837E-1 7.61434E-1 7.84196E-1 7.97967E-1 7.94298E-1 7.9674E-1 7.96426E-1 8.07127E-1 8.19106E-1 8.24254E-1 8.30222E-1 8.26684E-1 8.25953E-1 8.28178E-1 8.40702E-1 8.56018E-1 8.4705E-1 7.71991E-1 7.59252E-1 7.7866E-1 8.45578E-1 8.70231E-1 8.77772E-1 8.9073E-1 8.98298E-1 8.85549E-1 8.92063E-1 9.1144E-1 9.0479E-1 8.95529E-1 8.86033E-1 8.86491E-1 8.9283E-1 8.74862E-1 8.93578E-1 8.90658E-1 8.9118E-1 8.9797E-1 9.0294E-1 9.00477E-1 8.86698E-1 8.40517E-1 7.81592E-1 -9999 -9999 -9999 -9999 -9999
7.77974E-1 7.7154E-1 7.55783E-1 7.539E-1 7.57288E-1 7.34486E-1 7.32926E-1 7.388E-1 7.29868E-1 7.28232E-1 7.12689E-1 7.05023E-1 7.1717E-1 7.48001E-1 7.69521E-1 7.76821E-1 7.80959E-1 7.97494E-1 8.01454E-1 7.92104E-1 7.88955E-1 8.0302E-1 8.23726E-1 8.26049E-1 8.39508E-1 8.49353E-1 8.52892E-1 8.60552E-1 8.3751E-1 7.49019E-1 7.6938E-1 7.65388E-1 7.84984E-1 8.42621E-1 8.53986E-1 8.73261E-1 8.81353E-1 8.92948E-1 8.91023E-1 9.08182E-1 9.06377E-1 9.00158E-1 8.91532E-1 8.90634E-1 8.90701E-1 8.86836E-1 8.93866E-1 9.0218E-1 8.96938E-1 8.97036E-1 8.97089E-1 9.00763E-1 9.02176E-1 8.97899E-1 8.53682E-1 6.70103E-1 -9999 -9999 -9999 -9999 -9999
7.71449E-1 7.65153E-1 7.61676E-1 7.61781E-1 7.62301E-1 7.47462E-1 7.59376E-1 7.51752E-1 7.48446E-1 7.54476E-1 7.49653E-1 7.47109E-1 7.64016E-1 7.77799E-1 7.85696E-1 7.84158E-1 7.80759E-1 7.80556E-1 7.95517E-1 7.90734E-1 7.85747E-1 8.0168E-1 8.20401E-1 8.50462E-1 8.45939E-1 8.54216E-1 8.5706E-1 8.44223E-1 7.74E-1 7.60733E-1 8.17332E-1 8.38039E-1 8.3668E-1 8.32003E-1 8.49122E-1 8.62078E-1 8.87208E-1 8.98445E-1 9.01117E-1 9.02441E-1 8.99298E-1 8.95812E-1 8.98947E-1 8.96753E-1 8.94901E-1 8.91214E-1 8.95257E-1 9.05331E-1 9.05522E-1 8.60534E-1 8.84929E-1 9.04526E-1 8.3634E-1 5.29435E-1 6.38713E-1 -9999 -9999 -9999 -9999 -9999 -9999
7.88093E-1 7.85006E-1 7.74909E-1 7.7527E-1 7.80674E-1 7.76621E-1 7.72396E-1 7.67088E-1 7.76046E-1 7.74084E-1 7.8179E-1 7.75173E-1 7.71167E-1 7.81194E-1 7.70165E-1 7.75987E-1 7.77268E-1 7.70016E-1 7.76903E-1 7.78973E-1 8.0149E-1 8.15418E-1 8.37435E-1 8.48917E-1 8.50565E-1 8.52138E-1 8.47942E-1 8.15073E-1 8.09344E-1 8.33628E-1 8.46301E-1 8.35848E-1 8.08362E-1 8.45861E-1 8.66718E-1 8.74555E-1 8.87297E-1 9.02574E-1 9.04561E-1 9.00491E-1 8.97751E-1 9.05165E-1 9.06849E-1 9.10722E-1 9.0537E-1 8.83617E-1 -9999 -9999 -9999 -9999 8.53297E-1 -9999 -9999 7.14409E-1 7.66727E-1 7.66403E-1 -9999 -9999 -9999 -9999 -9999
7.85049E-1 7.9062E-1 7.80337E-1 8.04056E-1 7.81993E-1 7.72057E-1 7.71961E-1 7.82857E-1 7.93688E-1 7.78813E-1 7.8772E-1 7.99438E-1 8.07742E-1 7.58195E-1 7.16286E-1 7.49191E-1 7.35063E-1 7.72258E-1 7.8313E-1 7.8664E-1 7.93154E-1 8.199E-1 8.36626E-1 8.37541E-1 8.47873E-1 8.39606E-1 8.08421E-1 8.52063E-1 8.73213E-1 8.46807E-1 8.1857E-1 8.56657E-1 8.51002E-1 8.56966E-1 8.56265E-1 8.76198E-1 9.2977E-1 -9999 -9999 9.06873E-1 9.08751E-1 9.05129E-1 9.04562E-1 8.98637E-1 -9999 8.95131E-1 -9999 -9999 -9999 -9999 -9999 -9999 -9999 -9999 -9999 -9999 -9999 -9999 -9999 -9999 -9999
7.8841E-1 7.91174E-1 8.01164E-1 7.92455E-1 7.92536E-1 7.88697E-1 8.12113E-1 8.186E-1 7.914E-1 7.97256E-1 8.02399E-1 8.15289E-1 7.82238E-1 7.44255E-1 7.5935E-1 7.50414E-1 7.57438E-1 7.92423E-1 8.05635E-1 8.06026E-1 8.14453E-1 8.27507E-1 8.18759E-1 8.26115E-1 8.12487E-1 8.10799E-1 8.37895E-1 8.55545E-1 8.43668E-1 8.27755E-1 8.10302E-1 8.64294E-1 8.46282E-1 8.83054E-1 9.02697E-1 9.12496E-1 9.22E-1 9.04867E-1 8.98338E-1 8.91187E-1 9.02955E-1 9.08487E-1 9.14035E-1 -9999 -9999 -9999 -9999 -9999 -9999 -9999 -9999 -9999 -9999 -9999 -9999 -9999 -9999 -9999 -9999 -9999 -9999
7.78594E-1 7.97221E-1 7.97756E-1 8.04815E-1 8.06417E-1 8.31167E-1 8.20222E-1 8.21621E-1 8.33499E-1 8.12199E-1 8.25607E-1 8.2321E-1 8.05827E-1 7.75278E-1 7.89916E-1 7.91028E-1 8.01938E-1 8.0791E-1 8.258E-1 8.32215E-1 8.02427E-1 7.61421E-1 7.62687E-1 7.38542E-1 8.01116E-1 8.17841E-1 7.98842E-1 8.00562E-1 8.05568E-1 8.23656E-1 8.28905E-1 8.52533E-1 8.60442E-1 8.40911E-1 8.70337E-1 8.96195E-1 9.02569E-1 8.89681E-1 8.74584E-1 8.63241E-1 -9999 -9999 -9999 -9999 -9999 -9999 -9999 -9999 -9999 -9999 -9999 -9999 -9999 -9999 -9999 -9999 -9999 -9999 -9999 -9999 -9999
7.95999E-1 8.12552E-1 8.18686E-1 8.18961E-1 8.34278E-1 8.33826E-1 8.14368E-1 8.18752E-1 8.18204E-1 7.99399E-1 7.77466E-1 7.90616E-1 7.8722E-1 7.89592E-1 8.14502E-1 8.25762E-1 8.13508E-1 8.21972E-1 8.06009E-1 7.93255E-1 7.6768E-1 7.41393E-1 7.75152E-1 7.89132E-1 7.90354E-1 7.87202E-1 7.21486E-1 7.46015E-1 7.82734E-1 8.11163E-1 8.43217E-1 8.55811E-1 8.47775E-1 8.35353E-1 8.61738E-1 8.78127E-1 7.25348E-1 -9999 -9999 -9999 -9999 -9999 -9999 -9999 -9999 -9999 -9999 -9999 -9999 -9999 -9999 -9999 -9999 -9999 -9999 -9999 -9999 -9999 -9999 -9999 -9999
