data/maxent/outputs/white_160.asc
ncols         426
nrows         180
xllcorner     -130.0
yllcorner     24.0
cellsize      0.16666666666666666
NODATA_value  -9999
[rows 108 to 134 of 180, columns 122 to 182 of 426]
1.40001E-1 2.73203E-1 4.57559E-1 4.05241E-1 4.9133E-1 4.10498E-1 1.26431E-1 1.31202E-1 1.42388E-1 1.48315E-1 1.52935E-1 1.66811E-1 1.81513E-1 1.46022E-1 1.48584E-1 1.92079E-1 4.88341E-1 6.02359E-1 6.32062E-1 6.33435E-1 4.14028E-1 1.56746E-1 3.77732E-1 5.94955E-1 4.73681E-1 6.044E-1 4.36115E-1 3.54938E-1 3.79466E-1 2.61066E-1 2.64042E-1 2.35271E-1 2.44176E-1 2.06028E-1 2.16444E-1 1.71298E-1 1.58783E-1 1.93932E-1 1.78235E-1 1.65083E-1 1.67229E-1 1.77045E-1 1.80628E-1 1.95988E-1 2.0204E-1 2.04592E-1 2.07295E-1 2.02875E-1 2.03893E-1 2.17838E-1 2.1907E-1 2.1217E-1 2.2196E-1 2.33668E-1 2.34486E-1 2.16382E-1 2.21861E-1 2.39742E-1 2.57786E-1 2.66887E-1 2.83669E-1
1.83109E-1 2.60596E-1 4.37943E-1 3.48706E-1 3.78208E-1 1.65729E-1 2.06684E-1 2.60654E-1 2.13664E-1 1.77155E-1 1.65678E-1 1.85855E-1 1.58968E-1 1.67026E-1 1.50329E-1 1.80752E-1 4.10957E-1 5.51929E-1 6.36139E-1 5.91409E-1 2.85831E-1 2.66918E-1 5.40692E-1 6.24871E-1 5.94768E-1 6.06018E-1 4.42199E-1 2.86078E-1 2.88025E-1 2.90964E-1 2.99504E-1 2.44661E-1 2.21238E-1 1.91552E-1 2.30166E-1 1.55898E-1 1.56547E-1 1.80385E-1 1.84427E-1 1.83751E-1 1.80741E-1 1.80281E-1 1.79784E-1 1.85314E-1 2.02086E-1 2.01888E-1 2.10802E-1 2.04945E-1 2.20435E-1 2.29723E-1 2.29103E-1 2.46317E-1 2.62958E-1 2.80571E-1 2.82591E-1 2.53099E-1 2.43844E-1 2.49691E-1 2.70201E-1 2.86157E-1 2.90274E-1
2.09096E-1 3.09068E-1 4.06858E-1 2.77656E-1 2.25764E-1 2.52491E-1 3.22004E-1 3.70957E-1 4.18391E-1 3.2099E-1 2.59282E-1 1.92478E-1 1.50814E-1 2.18838E-1 2.38248E-1 1.85447E-1 1.98289E-1 2.24185E-1 3.68275E-1 1.96899E-1 1.88451E-1 2.19239E-1 4.61457E-1 6.08175E-1 6.17185E-1 5.6068E-1 3.95766E-1 3.13438E-1 3.1106E-1 3.23125E-1 3.20146E-1 1.67044E-1 1.30958E-1 1.41053E-1 1.86496E-1 1.74579E-1 1.47856E-1 1.68579E-1 1.71513E-1 1.76968E-1 1.72898E-1 1.74213E-1 1.73613E-1 1.79115E-1 1.86545E-1 2.00446E-1 2.1463E-1 2.21305E-1 2.43342E-1 2.51231E-1 2.52142E-1 2.54682E-1 2.69292E-1 2.89035E-1 2.94752E-1 2.65476E-1 2.49381E-1 2.63051E-1 2.94427E-1 3.04584E-1 3.05074E-1
1.69091E-1 2.47727E-1 3.17858E-1 2.78958E-1 2.64061E-1 3.34326E-1 4.85695E-1 4.92148E-1 4.42238E-1 2.66485E-1 2.51291E-1 2.76449E-1 3.38371E-1 5.34812E-1 3.801E-1 1.96605E-1 1.97092E-1 1.90478E-1 1.63513E-1 1.61329E-1 2.09058E-1 2.38632E-1 2.64219E-1 4.79642E-1 5.14941E-1 4.19347E-1 3.55108E-1 3.53257E-1 2.84717E-1 2.5245E-1 1.90781E-1 1.46056E-1 1.35085E-1 1.3592E-1 1.83223E-1 1.71435E-1 1.56529E-1 1.57798E-1 1.60396E-1 1.63722E-1 1.67766E-1 1.99202E-1 2.12162E-1 2.14571E-1 2.11837E-1 2.00577E-1 2.1257E-1 2.38128E-1 2.53053E-1 2.52502E-1 2.55471E-1 2.5489E-1 2.7241E-1 2.7639E-1 2.67492E-1 2.49625E-1 2.46739E-1 2.45748E-1 2.7718E-1 3.04775E-1 3.30085E-1
1.58698E-1 1.56971E-1 1.71786E-1 2.32515E-1 3.14323E-1 3.63495E-1 3.80589E-1 5.41823E-1 5.56964E-1 4.42622E-1 1.69697E-1 3.4564E-1 6.31217E-1 4.97347E-1 2.40641E-1 1.64077E-1 1.48544E-1 1.60252E-1 1.46269E-1 5.59333E-1 3.92617E-1 2.86588E-1 2.49529E-1 3.72265E-1 4.46492E-1 3.29088E-1 2.43655E-1 2.20433E-1 1.87675E-1 1.93631E-1 1.77221E-1 1.55042E-1 1.69712E-1 1.94582E-1 1.88262E-1 1.63866E-1 1.70503E-1 1.7361E-1 1.90175E-1 1.86513E-1 2.01551E-1 2.25015E-1 2.23456E-1 2.32182E-1 2.28687E-1 2.26144E-1 2.42659E-1 2.48104E-1 2.38971E-1 2.37927E-1 2.46943E-1 2.5725E-1 2.80364E-1 2.868E-1 2.84503E-1 2.63152E-1 2.3582E-1 2.52475E-1 2.81437E-1 3.02645E-1 3.18505E-1
1.30381E-1 1.54624E-1 2.00297E-1 2.3131E-1 2.10945E-1 2.93762E-1 3.56875E-1 3.30864E-1 4.96497E-1 5.13021E-1 2.92584E-1 2.2157E-1 2.10823E-1 1.83746E-1 1.61573E-1 1.42603E-1 1.16178E-1 1.28273E-1 1.46382E-1 5.10044E-1 4.3086E-1 2.15427E-1 2.1651E-1 3.14608E-1 4.07E-1 2.86646E-1 2.37442E-1 2.08658E-1 2.18995E-1 2.02082E-1 1.75793E-1 1.67519E-1 1.65889E-1 1.7437E-1 1.87237E-1 1.88718E-1 1.91839E-1 2.06314E-1 2.07135E-1 2.08209E-1 2.39934E-1 2.23755E-1 2.25158E-1 2.24466E-1 2.09838E-1 2.13934E-1 2.22262E-1 2.31024E-1 2.31758E-1 2.28733E-1 2.38531E-1 2.41559E-1 2.58542E-1 2.58485E-1 2.46007E-1 2.26874E-1 2.32004E-1 2.47136E-1 2.86789E-1 3.14933E-1 3.17615E-1
1.60568E-1 2.1827E-1 1.95328E-1 1.74481E-1 2.01519E-1 3.32581E-1 3.66442E-1 3.30493E-1 3.6288E-1 3.83092E-1 2.86017E-1 3.2498E-1 1.99138E-1 1.42214E-1 1.14957E-1 1.15575E-1 1.12631E-1 1.10915E-1 1.20787E-1 4.15752E-1 5.10167E-1 2.20862E-1 1.97274E-1 2.90686E-1 3.23253E-1 2.78005E-1 2.29414E-1 2.15072E-1 2.17397E-1 1.92256E-1 1.81341E-1 1.79213E-1 2.01207E-1 2.44142E-1 2.11229E-1 2.08978E-1 2.35013E-1 2.71975E-1 2.63244E-1 2.50453E-1 2.3271E-1 2.17842E-1 2.12345E-1 2.0644E-1 2.05949E-1 2.0861E-1 2.19335E-1 2.32479E-1 2.50018E-1 2.45061E-1 2.60911E-1 2.41799E-1 2.58658E-1 2.52095E-1 2.42137E-1 2.32352E-1 2.30819E-1 2.47981E-1 2.72227E-1 3.04311E-1 3.22793E-1
1.54334E-1 1.51997E-1 1.37155E-1 1.77839E-1 1.91532E-1 2.02148E-1 2.3083E-1 2.76438E-1 3.31257E-1 2.26286E-1 3.58499E-1 3.90887E-1 2.47037E-1 1.58398E-1 2.09929E-1 1.40443E-1 1.00629E-1 1.06554E-1 1.24207E-1 5.62177E-1 3.65155E-1 2.0673E-1 1.88215E-1 2.05558E-1 2.46549E-1 2.46685E-1 2.42329E-1 2.13704E-1 1.92906E-1 1.9468E-1 1.86218E-1 1.61288E-1 1.7704E-1 2.20404E-1 2.07565E-1 2.11932E-1 2.1995E-1 2.25823E-1 2.35193E-1 2.32127E-1 2.19198E-1 2.08901E-1 2.06488E-1 2.07651E-1 2.10574E-1 2.18013E-1 2.17408E-1 2.22373E-1 2.36961E-1 2.5021E-1 2.37426E-1 2.19103E-1 2.117E-1 2.34797E-1 2.16078E-1 2.10239E-1 2.18582E-1 2.35248E-1 2.63556E-1 2.93369E-1 3.18413E-1
1.74871E-1 1.39603E-1 1.38923E-1 1.53368E-1 1.78809E-1 2.15221E-1 1.80564E-1 2.37347E-1 2.33473E-1 1.77544E-1 3.39695E-1 3.61987E-1 2.12824E-1 1.67429E-1 1.8805E-1 1.16782E-1 9.08417E-2 9.41082E-2 1.2903E-1 5.72743E-1 3.1461E-1 2.33048E-1 2.16381E-1 2.30497E-1 2.0381E-1 2.16144E-1 2.27281E-1 2.0109E-1 1.82061E-1 1.78179E-1 1.75315E-1 1.7219E-1 1.70485E-1 1.95638E-1 2.02607E-1 1.98783E-1 2.09293E-1 2.16209E-1 2.30273E-1 2.23187E-1 2.12839E-1 2.19612E-1 2.17212E-1 2.14352E-1 2.13758E-1 2.16398E-1 2.19953E-1 2.27832E-1 2.33345E-1 2.54434E-1 2.54632E-1 2.23364E-1 2.02673E-1 1.91611E-1 1.99873E-1 2.0102E-1 2.19009E-1 2.37678E-1 2.6527E-1 2.97088E-1 3.15436E-1
2.93401E-1 2.11948E-1 2.04968E-1 1.78969E-1 1.51043E-1 1.42445E-1 1.76574E-1 2.21667E-1 2.4086E-1 2.4498E-1 3.31559E-1 2.68154E-1 1.89028E-1 1.43283E-1 1.48505E-1 1.80904E-1 9.076E-2 8.88056E-2 1.66669E-1 2.64297E-1 3.70131E-1 3.06223E-1 3.03616E-1 2.57547E-1 2.16477E-1 2.62482E-1 2.05587E-1 1.98297E-1 1.92077E-1 1.82859E-1 1.73177E-1 1.71503E-1 1.66878E-1 1.69808E-1 1.75872E-1 1.83476E-1 1.93659E-1 2.01076E-1 2.20573E-1 2.18755E-1 2.12037E-1 2.13774E-1 2.08803E-1 2.11568E-1 2.19782E-1 2.26002E-1 2.31583E-1 2.4159E-1 2.4872E-1 2.49985E-1 2.56117E-1 2.49768E-1 2.15735E-1 2.05542E-1 2.16222E-1 2.1681E-1 2.34137E-1 2.53199E-1 2.85289E-1 3.0831E-1 3.2639E-1
5.36742E-1 2.85878E-1 2.11781E-1 2.36423E-1 2.44079E-1 2.01425E-1 2.45798E-1 2.85557E-1 2.64128E-1 3.27115E-1 4.7034E-1 3.34046E-1 2.3538E-1 2.67459E-1 1.98509E-1 1.27652E-1 9.67079E-2 1.16808E-1 2.27759E-1 2.33428E-1 3.32139E-1 2.72594E-1 3.22881E-1 4.45036E-1 3.33586E-1 2.60759E-1 2.02277E-1 1.60228E-1 1.5596E-1 1.61207E-1 1.54424E-1 1.51907E-1 1.45712E-1 1.63394E-1 1.90528E-1 1.92733E-1 1.80119E-1 1.86924E-1 1.98066E-1 2.04293E-1 1.99546E-1 1.98475E-1 2.01716E-1 2.09219E-1 2.20175E-1 2.23549E-1 2.34051E-1 2.50811E-1 2.59097E-1 2.54279E-1 2.62552E-1 2.54528E-1 2.197E-1 2.15709E-1 2.24146E-1 2.28807E-1 2.39585E-1 2.63645E-1 2.98084E-1 3.23904E-1 3.26199E-1
6.15849E-1 5.65869E-1 3.96402E-1 3.50932E-1 4.1762E-1 3.78599E-1 4.47527E-1 4.78332E-1 4.66168E-1 2.70026E-1 2.68429E-1 1.51452E-1 1.40473E-1 1.95373E-1 3.24708E-1 2.14243E-1 1.15527E-1 1.42277E-1 1.89532E-1 1.29904E-1 2.61194E-1 2.44493E-1 2.332E-1 3.04874E-1 3.0155E-1 2.33026E-1 1.74879E-1 1.4251E-1 1.36012E-1 1.39609E-1 1.34332E-1 1.29948E-1 1.29684E-1 1.4434E-1 1.69955E-1 1.84355E-1 1.82717E-1 1.93595E-1 1.99711E-1 2.04795E-1 2.08458E-1 2.09083E-1 2.11871E-1 2.1445E-1 2.17694E-1 2.20275E-1 2.3237E-1 2.42024E-1 2.53773E-1 2.60225E-1 2.59018E-1 2.84431E-1 2.59873E-1 2.42896E-1 2.4175E-1 2.4981E-1 2.63246E-1 2.73365E-1 3.06143E-1 3.05381E-1 3.11757E-1
5.75826E-1 5.56845E-1 5.47157E-1 5.66152E-1 4.07442E-1 3.99868E-1 3.48304E-1 3.86556E-1 2.54002E-1 1.96957E-1 1.79556E-1 1.61402E-1 4.13624E-1 3.40346E-1 3.1987E-1 2.99977E-1 1.14008E-1 1.08802E-1 9.64102E-2 1.25239E-1 2.68486E-1 2.47368E-1 1.67237E-1 2.53374E-1 3.06437E-1 2.10608E-1 1.65277E-1 1.36739E-1 1.27526E-1 1.26456E-1 1.34813E-1 1.27618E-1 1.18293E-1 1.38901E-1 1.66146E-1 1.86951E-1 1.87971E-1 1.97639E-1 2.03094E-1 1.99009E-1 1.99694E-1 2.01113E-1 2.08526E-1 2.05783E-1 2.12647E-1 2.1801E-1 2.23675E-1 2.29153E-1 2.38493E-1 2.53065E-1 2.69443E-1 2.902E-1 2.89278E-1 2.67345E-1 2.63247E-1 2.71035E-1 2.65875E-1 2.81752E-1 2.89394E-1 2.95635E-1 3.02455E-1
5.74851E-1 5.34282E-1 5.32631E-1 4.89988E-1 4.53476E-1 2.95805E-1 4.49147E-1 4.78169E-1 2.53896E-1 3.22929E-1 3.69356E-1 2.73926E-1 3.25229E-1 4.28282E-1 1.22649E-1 9.72175E-2 8.45849E-2 8.51019E-2 8.60782E-2 2.1261E-1 3.01204E-1 1.94242E-1 1.7647E-1 3.99305E-1 3.60367E-1 2.46317E-1 1.90094E-1 1.43728E-1 1.33236E-1 1.24911E-1 1.13539E-1 1.08704E-1 1.19803E-1 1.3368E-1 1.42507E-1 1.75292E-1 1.82025E-1 1.79866E-1 1.87262E-1 1.90616E-1 1.97429E-1 2.08755E-1 2.12384E-1 2.12874E-1 2.10754E-1 2.09063E-1 2.12509E-1 2.20594E-1 2.2692E-1 2.49686E-1 2.76448E-1 2.94212E-1 3.10794E-1 2.87095E-1 2.90504E-1 2.66255E-1 2.80037E-1 2.97299E-1 2.97621E-1 3.04152E-1 3.16774E-1
5.42504E-1 5.9335E-1 5.66205E-1 4.97396E-1 3.51321E-1 4.40363E-1 4.66525E-1 4.50691E-1 3.93648E-1 3.47114E-1 3.11949E-1 3.48429E-1 2.07829E-1 4.82216E-1 1.3738E-1 7.92631E-2 8.6154E-2 8.24725E-2 8.43421E-2 2.07621E-1 1.59914E-1 1.36095E-1 2.38166E-1 4.57998E-1 4.15634E-1 5.35049E-1 4.35104E-1 1.79617E-1 1.32683E-1 1.21745E-1 1.11598E-1 9.63342E-2 1.19987E-1 1.31812E-1 1.40621E-1 1.61377E-1 1.73032E-1 1.70669E-1 1.76097E-1 1.87271E-1 1.98804E-1 2.12426E-1 2.16811E-1 2.22602E-1 2.17515E-1 2.11589E-1 2.25757E-1 2.24375E-1 2.24011E-1 2.53799E-1 2.85785E-1 2.79791E-1 2.69501E-1 2.64085E-1 2.66423E-1 2.69418E-1 2.78817E-1 3.05839E-1 2.97279E-1 3.05101E-1 3.25222E-1
4.42754E-1 4.53855E-1 3.9968E-1 3.74817E-1 2.52197E-1 5.57063E-1 5.36097E-1 4.16425E-1 4.7944E-1 3.47909E-1 4.57224E-1 3.59198E-1 2.47672E-1 1.62424E-1 1.07849E-1 1.17366E-1 9.34701E-2 1.20079E-1 1.59622E-1 1.57741E-1 1.09984E-1 1.5622E-1 4.78488E-1 6.48807E-1 4.7653E-1 3.90623E-1 2.56448E-1 2.00039E-1 1.49347E-1 1.25359E-1 1.169E-1 1.08049E-1 1.20032E-1 1.2445E-1 1.43423E-1 1.72669E-1 1.69939E-1 1.70619E-1 1.7583E-1 1.87439E-1 1.96314E-1 2.02018E-1 2.12529E-1 2.14237E-1 2.07931E-1 2.11789E-1 2.2023E-1 2.24466E-1 2.40851E-1 2.4614E-1 2.4356E-1 2.48338E-1 2.51825E-1 2.55307E-1 2.72839E-1 2.73078E-1 2.83812E-1 3.03964E-1 3.00137E-1 3.19343E-1 3.34276E-1
4.14939E-1 3.9458E-1 3.30078E-1 3.60244E-1 3.17867E-1 5.46064E-1 5.62814E-1 5.14086E-1 3.5213E-1 3.38439E-1 5.38299E-1 4.12363E-1 2.00757E-1 1.17613E-1 1.05995E-1 1.23277E-1 1.26541E-1 3.04038E-1 2.67581E-1 9.90252E-2 9.56656E-2 1.29388E-1 4.322E-1 6.3179E-1 6.08066E-1 4.41342E-1 2.9641E-1 2.29696E-1 1.7232E-1 1.38767E-1 1.22238E-1 1.13247E-1 1.13991E-1 1.21148E-1 1.42382E-1 1.78865E-1 1.77361E-1 1.78143E-1 1.82269E-1 1.88199E-1 1.93193E-1 2.04858E-1 2.04116E-1 2.046E-1 2.1053E-1 2.15335E-1 2.2806E-1 2.41131E-1 2.44012E-1 2.48018E-1 2.37227E-1 2.46051E-1 2.51726E-1 2.54775E-1 2.67885E-1 2.85104E-1 2.95527E-1 3.10052E-1 3.17139E-1 3.37281E-1 3.43516E-1
3.63301E-1 3.54915E-1 2.82421E-1 3.7734E-1 3.09258E-1 2.37161E-1 2.56024E-1 4.16614E-1 4.02983E-1 4.31E-1 5.61871E-1 4.89164E-1 2.19732E-1 1.27338E-1 1.26464E-1 1.16527E-1 1.15616E-1 2.64183E-1 1.62658E-1 7.87906E-2 8.2245E-2 1.11249E-1 3.24776E-1 6.4145E-1 6.2225E-1 4.79284E-1 3.26665E-1 2.35308E-1 1.85134E-1 1.43824E-1 1.28856E-1 1.1372E-1 1.12668E-1 1.29474E-1 1.54998E-1 1.78907E-1 1.70826E-1 1.7707E-1 1.82782E-1 1.92367E-1 1.97976E-1 1.99134E-1 1.99125E-1 1.96645E-1 2.02735E-1 2.12742E-1 2.22499E-1 2.33842E-1 2.44106E-1 2.48282E-1 2.3607E-1 2.60388E-1 2.75318E-1 2.88281E-1 2.90176E-1 2.9983E-1 3.06256E-1 3.14634E-1 3.18559E-1 3.39562E-1 3.60649E-1
2.06921E-1 2.30864E-1 1.89214E-1 2.30342E-1 3.79199E-1 3.32514E-1 1.82562E-1 3.10885E-1 5.1592E-1 4.70777E-1 4.53481E-1 5.55789E-1 2.28209E-1 1.23185E-1 1.62871E-1 1.28223E-1 1.00554E-1 1.73462E-1 2.12078E-1 9.23148E-2 8.73978E-2 8.98285E-2 2.77895E-1 6.50336E-1 6.19794E-1 4.56596E-1 3.32691E-1 2.32327E-1 1.85399E-1 1.51656E-1 1.29241E-1 1.13206E-1 1.20018E-1 1.31582E-1 1.48162E-1 1.75309E-1 1.7157E-1 1.75193E-1 1.7971E-1 1.90484E-1 1.95664E-1 1.98928E-1 1.94693E-1 1.81337E-1 1.8955E-1 2.06233E-1 2.11221E-1 2.25346E-1 2.41744E-1 2.37019E-1 2.66892E-1 2.80172E-1 3.00459E-1 3.00407E-1 3.13462E-1 3.09845E-1 3.19711E-1 3.16787E-1 3.31997E-1 3.44692E-1 3.71314E-1
9.8527E-2 1.50377E-1 1.91391E-1 1.31991E-1 2.03473E-1 2.00585E-1 3.02105E-1 2.9925E-1 3.00367E-1 3.29352E-1 2.96825E-1 3.64847E-1 2.14823E-1 1.18616E-1 1.02269E-1 1.18183E-1 9.41884E-2 1.15103E-1 2.24104E-1 9.79075E-2 8.11437E-2 8.161E-2 2.39363E-1 6.39218E-1 6.11E-1 4.4107E-1 3.44202E-1 2.40478E-1 1.95296E-1 1.52897E-1 1.30542E-1 1.13723E-1 1.24734E-1 1.26172E-1 1.25679E-1 1.34943E-1 1.5741E-1 1.60426E-1 1.69926E-1 1.92763E-1 1.96984E-1 1.98457E-1 1.93224E-1 1.84674E-1 1.91025E-1 1.95443E-1 2.02448E-1 2.15896E-1 2.2886E-1 2.30941E-1 2.28107E-1 2.56843E-1 2.84667E-1 3.25322E-1 3.29783E-1 3.25783E-1 3.31894E-1 3.44191E-1 3.54655E-1 3.69114E-1 3.81453E-1
1.15827E-1 1.29817E-1 1.76559E-1 1.39609E-1 1.33068E-1 1.48659E-1 2.71484E-1 4.11971E-1 2.25145E-1 1.61504E-1 1.81122E-1 2.48405E-1 1.50898E-1 1.14273E-1 1.38741E-1 1.29884E-1 1.01327E-1 9.96603E-2 2.14517E-1 1.33646E-1 8.85264E-2 9.17439E-2 1.19188E-1 3.94209E-1 4.94831E-1 3.71975E-1 2.90454E-1 3.19832E-1 2.34129E-1 1.85093E-1 1.46743E-1 1.27684E-1 1.22328E-1 1.15726E-1 1.25705E-1 1.2835E-1 1.36971E-1 1.45007E-1 1.50691E-1 1.72983E-1 1.79286E-1 1.92906E-1 1.93286E-1 1.85905E-1 1.85703E-1 1.92672E-1 1.9704E-1 2.03049E-1 2.19139E-1 2.2318E-1 2.22541E-1 2.43557E-1 2.69439E-1 3.24416E-1 3.52284E-1 3.58536E-1 3.58129E-1 3.48184E-1 3.53574E-1 3.68491E-1 3.95389E-1
1.43567E-1 9.77805E-2 1.19671E-1 2.19561E-1 1.19137E-1 1.22475E-1 2.11023E-1 2.79844E-1 1.89601E-1 1.41827E-1 1.14215E-1 1.37844E-1 1.12841E-1 1.06248E-1 1.27586E-1 1.17481E-1 1.1199E-1 1.12488E-1 2.25462E-1 1.1053E-1 9.83774E-2 1.11892E-1 1.38771E-1 1.65055E-1 1.63636E-1 2.18757E-1 1.78455E-1 2.55948E-1 3.07122E-1 2.21996E-1 1.91694E-1 1.75918E-1 1.37669E-1 1.19589E-1 1.18006E-1 1.27786E-1 1.31404E-1 1.27624E-1 1.36513E-1 1.41975E-1 1.60178E-1 1.73986E-1 1.81887E-1 1.82262E-1 1.8768E-1 1.94536E-1 2.02333E-1 1.97356E-1 2.03743E-1 2.2979E-1 2.35832E-1 2.36576E-1 2.62683E-1 3.11748E-1 3.64507E-1 3.92389E-1 4.15739E-1 3.91552E-1 3.80645E-1 3.84832E-1 4.05116E-1
3.86955E-1 1.53045E-1 1.07456E-1 1.5464E-1 1.31076E-1 1.58764E-1 1.18679E-1 1.46803E-1 1.40424E-1 1.35338E-1 1.04561E-1 9.14051E-2 9.19247E-2 8.07474E-2 8.52425E-2 9.24744E-2 8.9146E-2 9.90345E-2 2.03323E-1 1.06466E-1 9.78024E-2 1.09737E-1 1.51714E-1 1.67991E-1 1.24035E-1 1.19852E-1 1.42003E-1 1.17264E-1 2.64949E-1 3.1102E-1 2.33617E-1 2.02529E-1 1.35324E-1 1.07944E-1 1.13689E-1 1.20251E-1 1.25305E-1 1.13186E-1 1.15076E-1 1.21805E-1 1.35772E-1 1.55153E-1 1.68272E-1 1.72342E-1 1.78083E-1 1.88103E-1 2.0626E-1 2.00784E-1 2.06105E-1 2.35596E-1 2.42169E-1 2.4745E-1 2.58549E-1 3.01569E-1 3.76985E-1 3.87234E-1 3.92775E-1 4.15152E-1 4.30944E-1 4.14434E-1 4.26575E-1
2.20285E-1 3.60632E-1 3.05569E-1 1.28448E-1 1.50628E-1 1.78511E-1 1.3779E-1 1.22811E-1 1.32138E-1 1.2251E-1 9.8238E-2 8.65714E-2 1.42896E-1 8.19826E-2 9.62155E-2 9.71509E-2 8.64371E-2 8.38266E-2 9.60759E-2 9.50063E-2 8.95755E-2 1.15445E-1 1.73115E-1 1.50368E-1 1.68925E-1 1.21061E-1 1.07093E-1 1.04504E-1 2.81278E-1 4.19105E-1 2.54712E-1 1.45263E-1 1.15011E-1 9.60244E-2 9.91681E-2 1.03499E-1 1.04322E-1 9.62594E-2 9.39033E-2 1.05134E-1 1.25208E-1 1.46878E-1 1.53335E-1 1.62513E-1 1.71508E-1 1.84985E-1 1.97205E-1 2.00878E-1 2.03376E-1 2.47139E-1 2.61282E-1 2.66386E-1 2.80285E-1 2.91681E-1 3.66531E-1 3.64731E-1 3.58541E-1 3.56117E-1 3.75748E-1 3.98273E-1 4.08291E-1
1.69259E-1 3.98463E-1 5.61936E-1 1.82588E-1 2.074E-1 1.68374E-1 1.44918E-1 1.67452E-1 1.58158E-1 1.60787E-1 1.14998E-1 1.21276E-1 8.42923E-2 7.71665E-2 1.07259E-1 1.05835E-1 8.72721E-2 8.37488E-2 1.02737E-1 1.1566E-1 8.55093E-2 1.13176E-1 1.66848E-1 1.28585E-1 1.21472E-1 1.18256E-1 8.74728E-2 8.11359E-2 2.43052E-1 3.02081E-1 1.70776E-1 1.30745E-1 1.17875E-1 1.05804E-1 8.70521E-2 8.83183E-2 9.15824E-2 9.44649E-2 8.66023E-2 9.42044E-2 1.12235E-1 1.4139E-1 1.46657E-1 1.58854E-1 1.67989E-1 1.79388E-1 1.91732E-1 1.99938E-1 2.19844E-1 2.37465E-1 2.56186E-1 2.66765E-1 3.03665E-1 3.3729E-1 3.27066E-1 3.2721E-1 3.27806E-1 3.38291E-1 3.54016E-1 4.06045E-1 4.36878E-1
2.15293E-1 4.09535E-1 4.97608E-1 1.95795E-1 3.0126E-1 1.99244E-1 1.62441E-1 1.57355E-1 1.62002E-1 1.48308E-1 1.19239E-1 9.71284E-2 8.31016E-2 8.12299E-2 8.34183E-2 7.9828E-2 7.8999E-2 8.11974E-2 1.02039E-1 9.50401E-2 8.15628E-2 8.95072E-2 1.35929E-1 1.1918E-1 9.45689E-2 8.52378E-2 8.78927E-2 8.71125E-2 1.13152E-1 2.23343E-1 1.85962E-1 1.50395E-1 1.32967E-1 1.04887E-1 9.05827E-2 8.23105E-2 8.36576E-2 8.66185E-2 8.41974E-2 8.78976E-2 1.02334E-1 1.11198E-1 1.30535E-1 1.50925E-1 1.58526E-1 1.73461E-1 1.90842E-1 2.04793E-1 2.09255E-1 2.31512E-1 2.47491E-1 2.59213E-1 2.76271E-1 3.15866E-1 3.45201E-1 3.57207E-1 3.35002E-1 3.32778E-1 3.45508E-1 3.78746E-1 4.13685E-1
1.66161E-1 3.24177E-1 2.04766E-1 2.68002E-1 2.57252E-1 3.93796E-1 2.09851E-1 1.94925E-1 1.45996E-1 1.12929E-1 1.40431E-1 9.91063E-2 8.36625E-2 7.728E-2 7.25366E-2 7.79837E-2 7.64117E-2 8.32013E-2 8.87912E-2 8.39731E-2 7.36677E-2 7.27352E-2 8.4619E-2 1.16432E-1 1.06539E-1 9.00029E-2 9.63636E-2 1.30793E-1 1.01365E-1 1.78741E-1 2.21771E-1 1.54952E-1 1.37815E-1 1.17308E-1 1.06257E-1 9.5315E-2 8.42479E-2 8.73018E-2 8.84653E-2 8.86881E-2 9.59233E-2 1.00368E-1 1.14168E-1 1.27431E-1 1.59852E-1 1.77755E-1 1.94316E-1 2.01339E-1 2.13183E-1 2.28228E-1 2.34136E-1 2.65624E-1 2.98557E-1 3.09102E-1 3.08783E-1 3.28108E-1 3.1711E-1 3.24268E-1 3.41979E-1 3.73376E-1 3.90376E-1
