data/maxent/outputs/white_248.asc
ncols         426
nrows         180
xllcorner     -130.0
yllcorner     24.0
cellsize      0.16666666666666666
NODATA_value  -9999
[rows 27 to 53 of 180, columns 244 to 304 of 426]
6.88907E-2 7.48571E-2 1.04605E-1 1.39211E-1 1.66736E-1 1.93457E-1 1.64042E-1 9.37826E-2 6.45044E-2 5.7797E-2 6.03754E-2 7.05556E-2 7.7361E-2 6.88405E-2 1.26751E-1 8.14524E-2 8.34671E-2 8.44339E-2 8.5484E-2 9.0472E-2 8.38647E-2 8.56802E-2 9.23157E-2 7.30118E-2 7.02122E-2 1.04084E-1 7.32442E-2 7.20572E-2 7.30182E-2 6.55747E-2 6.69232E-2 6.81821E-2 6.74747E-2 6.99523E-2 8.24183E-2 7.93174E-2 6.77031E-2 7.17864E-2 7.03745E-2 7.33329E-2 7.99093E-2 8.75574E-2 9.01946E-2 8.96578E-2 7.72581E-2 7.49868E-2 8.11475E-2 8.55218E-2 8.54013E-2 7.79213E-2 7.11648E-2 8.01209E-2 8.65072E-2 7.77451E-2 7.38824E-2 7.31084E-2 6.80426E-2 6.68912E-2 6.94997E-2 6.60889E-2 6.60312E-2
6.77288E-2 8.07643E-2 1.16027E-1 9.56673E-2 8.9508E-2 1.11406E-1 9.49946E-2 7.70034E-2 6.13273E-2 5.57274E-2 5.18871E-2 7.42326E-2 6.64326E-2 8.78283E-2 7.73889E-2 8.06918E-2 7.9508E-2 1.18971E-1 1.06557E-1 1.08323E-1 1.02564E-1 8.4524E-2 8.43961E-2 9.33656E-2 9.1691E-2 9.00975E-2 7.08461E-2 7.25431E-2 7.46593E-2 6.93626E-2 6.76367E-2 7.3206E-2 6.44041E-2 7.38197E-2 8.15817E-2 8.42961E-2 7.7072E-2 7.3983E-2 6.43533E-2 6.94002E-2 8.28409E-2 8.20353E-2 8.31455E-2 8.95374E-2 9.13229E-2 9.50729E-2 9.16381E-2 8.48709E-2 9.4677E-2 8.8818E-2 7.93381E-2 7.93106E-2 7.86383E-2 7.22099E-2 7.11421E-2 7.37559E-2 6.86671E-2 6.86098E-2 7.54803E-2 7.0219E-2 7.47489E-2
6.87488E-2 7.85404E-2 1.08074E-1 1.16887E-1 1.11169E-1 1.13506E-1 1.69665E-1 1.4013E-1 7.98726E-2 7.2143E-2 8.33652E-2 8.78605E-2 7.8983E-2 1.05858E-1 9.13413E-2 9.95997E-2 1.38406E-1 1.55715E-1 1.41685E-1 1.2691E-1 9.28876E-2 1.01511E-1 9.85719E-2 1.11651E-1 1.1147E-1 1.02932E-1 8.41513E-2 9.03134E-2 8.87046E-2 9.00931E-2 9.60568E-2 8.00717E-2 7.79521E-2 7.99192E-2 8.04105E-2 9.64266E-2 9.39667E-2 1.06939E-1 9.02316E-2 9.0425E-2 1.02062E-1 8.71324E-2 8.08441E-2 8.96583E-2 8.97285E-2 9.8997E-2 9.62715E-2 8.43734E-2 8.7898E-2 8.60052E-2 8.28336E-2 7.948E-2 7.51082E-2 8.00042E-2 8.24961E-2 8.28132E-2 7.68573E-2 8.03352E-2 8.7892E-2 7.90911E-2 8.04728E-2
6.48139E-2 6.73939E-2 9.90025E-2 1.28368E-1 1.42742E-1 1.51372E-1 2.375E-1 2.67617E-1 2.2095E-1 2.73693E-1 2.21094E-1 1.62999E-1 1.3152E-1 1.61579E-1 1.7061E-1 1.52515E-1 1.53328E-1 1.81654E-1 1.76883E-1 1.62238E-1 1.33249E-1 1.40535E-1 1.29417E-1 1.11916E-1 1.00962E-1 9.07377E-2 1.01419E-1 1.0162E-1 9.27302E-2 1.64659E-1 1.03059E-1 9.38634E-2 8.64869E-2 8.30939E-2 9.12711E-2 1.18391E-1 1.01537E-1 9.01294E-2 9.54551E-2 9.56081E-2 9.46595E-2 9.68877E-2 9.14329E-2 8.5247E-2 8.60328E-2 9.34299E-2 9.5924E-2 9.13031E-2 8.75482E-2 9.35442E-2 8.74519E-2 8.92285E-2 8.13349E-2 8.95007E-2 9.21546E-2 1.508E-1 1.52771E-1 1.03606E-1 1.03566E-1 8.57261E-2 8.48543E-2
8.48102E-2 7.71923E-2 8.92467E-2 1.27974E-1 2.16749E-1 3.31866E-1 2.17635E-1 2.37916E-1 3.5158E-1 4.13151E-1 3.47652E-1 3.11098E-1 3.28598E-1 4.05565E-1 3.81665E-1 3.76166E-1 3.52472E-1 3.33151E-1 2.01529E-1 1.76281E-1 1.60616E-1 1.63404E-1 1.83857E-1 1.26166E-1 1.00803E-1 1.01863E-1 1.04058E-1 1.17353E-1 9.56999E-2 1.16618E-1 1.0633E-1 1.01274E-1 9.72617E-2 9.88995E-2 1.11441E-1 1.12935E-1 1.12901E-1 1.02017E-1 9.59264E-2 9.83164E-2 9.33309E-2 1.04982E-1 1.00594E-1 9.9673E-2 9.25152E-2 8.82328E-2 9.89217E-2 9.81723E-2 9.39705E-2 9.75856E-2 1.00802E-1 9.3778E-2 9.78946E-2 1.06851E-1 1.20176E-1 1.89932E-1 2.15035E-1 1.46011E-1 1.98818E-1 1.23843E-1 1.08034E-1
1.40954E-1 1.77377E-1 2.50264E-1 2.69352E-1 3.69575E-1 3.6549E-1 3.94875E-1 1.99209E-1 1.32128E-1 1.28511E-1 1.31771E-1 1.29341E-1 1.29815E-1 1.34995E-1 1.42133E-1 1.35504E-1 1.36496E-1 1.50603E-1 4.20341E-1 2.003E-1 2.03242E-1 1.77419E-1 1.4694E-1 1.27756E-1 1.14606E-1 1.18827E-1 1.10843E-1 1.13234E-1 1.37749E-1 1.19433E-1 1.36426E-1 1.02854E-1 1.12462E-1 1.26769E-1 1.18793E-1 1.17559E-1 1.12572E-1 1.09577E-1 1.16601E-1 1.08088E-1 1.08257E-1 1.05171E-1 1.06473E-1 1.08279E-1 1.11358E-1 1.08578E-1 1.27408E-1 1.14134E-1 1.17109E-1 1.19445E-1 1.42229E-1 1.07599E-1 1.02616E-1 1.00109E-1 1.02441E-1 1.08376E-1 1.46172E-1 1.65046E-1 1.89345E-1 1.6136E-1 1.43617E-1
3.15496E-1 4.87513E-1 4.33738E-1 4.63292E-1 4.39074E-1 2.35944E-1 1.50722E-1 1.4979E-1 1.41483E-1 1.37741E-1 1.34131E-1 1.28373E-1 1.28927E-1 1.29761E-1 1.29249E-1 1.32947E-1 1.38379E-1 1.34099E-1 2.33402E-1 2.81559E-1 2.11358E-1 1.86987E-1 1.56113E-1 1.36833E-1 1.42148E-1 1.36143E-1 1.1837E-1 1.31736E-1 1.38741E-1 1.3649E-1 1.80396E-1 1.66872E-1 1.53771E-1 2.16776E-1 1.91101E-1 1.61494E-1 1.44981E-1 1.20661E-1 1.32394E-1 1.1781E-1 1.13024E-1 1.10819E-1 1.14522E-1 1.26259E-1 1.24653E-1 1.3075E-1 1.25891E-1 1.39707E-1 1.43155E-1 1.41896E-1 1.65766E-1 1.33346E-1 1.29049E-1 1.29762E-1 1.17481E-1 1.13069E-1 1.35704E-1 1.407E-1 1.63107E-1 1.7581E-1 1.9861E-1
4.64695E-1 4.53071E-1 2.87722E-1 2.08734E-1 1.7584E-1 1.92282E-1 1.54611E-1 1.55557E-1 1.47186E-1 1.40688E-1 1.31391E-1 1.25537E-1 1.27232E-1 1.32017E-1 1.3235E-1 1.35297E-1 1.37179E-1 1.33599E-1 1.37324E-1 3.98731E-1 2.12987E-1 1.8686E-1 1.75337E-1 1.58099E-1 1.60099E-1 1.63952E-1 1.53368E-1 1.65411E-1 1.59606E-1 1.51872E-1 2.15166E-1 2.30313E-1 1.95699E-1 1.86802E-1 1.77731E-1 1.59818E-1 1.59014E-1 1.37446E-1 1.30807E-1 1.29905E-1 1.42222E-1 1.2616E-1 1.25894E-1 1.29172E-1 1.34404E-1 1.38566E-1 1.38525E-1 1.43023E-1 1.42781E-1 1.4933E-1 1.45151E-1 1.40767E-1 1.63395E-1 1.3658E-1 1.50271E-1 1.55744E-1 1.50785E-1 1.63665E-1 1.84738E-1 2.15641E-1 1.97303E-1
2.6869E-1 2.01457E-1 3.67712E-1 5.16946E-1 5.21306E-1 2.50258E-1 1.69161E-1 1.60309E-1 1.46288E-1 1.37316E-1 1.25154E-1 1.2217E-1 1.24303E-1 1.30757E-1 1.31204E-1 1.33303E-1 1.33211E-1 1.36736E-1 1.35911E-1 2.36479E-1 4.23445E-1 2.88242E-1 2.39169E-1 2.17621E-1 2.1336E-1 1.98302E-1 2.11804E-1 1.97359E-1 1.91883E-1 2.16527E-1 1.99938E-1 2.10266E-1 2.21458E-1 1.90058E-1 1.84627E-1 1.86155E-1 1.913E-1 1.74132E-1 1.40688E-1 1.5433E-1 1.5825E-1 1.59568E-1 1.79524E-1 1.42029E-1 1.44019E-1 1.40747E-1 1.43918E-1 1.49845E-1 1.46033E-1 1.54107E-1 1.69341E-1 1.82004E-1 1.79679E-1 1.59742E-1 1.64407E-1 2.05859E-1 1.98733E-1 1.99826E-1 2.18388E-1 2.1453E-1 2.17612E-1
2.95218E-1 5.40834E-1 5.25163E-1 2.92702E-1 1.96778E-1 1.84977E-1 1.75999E-1 1.65096E-1 1.51631E-1 1.35926E-1 1.2556E-1 1.24603E-1 1.27295E-1 1.26044E-1 1.37688E-1 1.42284E-1 1.4205E-1 1.45483E-1 1.45819E-1 1.54029E-1 1.64757E-1 3.21557E-1 4.03664E-1 4.19049E-1 3.68219E-1 3.16877E-1 4.63588E-1 2.89428E-1 2.40843E-1 2.20521E-1 1.93601E-1 1.75028E-1 2.30453E-1 2.27375E-1 2.0677E-1 1.97468E-1 2.10427E-1 1.76536E-1 1.66642E-1 1.78995E-1 1.77333E-1 1.76149E-1 1.55434E-1 1.42396E-1 1.55499E-1 1.61528E-1 1.78913E-1 1.83422E-1 1.86449E-1 1.80963E-1 1.8458E-1 2.00653E-1 2.00309E-1 1.82798E-1 1.91157E-1 2.1031E-1 2.11981E-1 2.25535E-1 2.26817E-1 2.17373E-1 2.24608E-1
2.29287E-1 2.83075E-1 2.10074E-1 2.09673E-1 2.02244E-1 1.89916E-1 1.7836E-1 1.66864E-1 1.54119E-1 1.43047E-1 1.33177E-1 1.33938E-1 1.29623E-1 1.33571E-1 1.41987E-1 1.42144E-1 1.46169E-1 1.47955E-1 1.50629E-1 1.51177E-1 3.10943E-1 5.00562E-1 3.62426E-1 1.55249E-1 1.6969E-1 1.76157E-1 4.52195E-1 2.90111E-1 2.34436E-1 2.03199E-1 2.1249E-1 2.07328E-1 1.97716E-1 1.91556E-1 2.29306E-1 2.05256E-1 2.02171E-1 1.81187E-1 2.05964E-1 2.14015E-1 2.17691E-1 1.82617E-1 1.97502E-1 2.05329E-1 1.802E-1 1.75918E-1 1.96429E-1 2.09182E-1 1.93093E-1 2.08098E-1 2.07825E-1 2.06465E-1 2.16905E-1 2.31566E-1 2.34544E-1 2.58244E-1 2.576E-1 2.40725E-1 2.43992E-1 2.17305E-1 2.33943E-1
2.28934E-1 2.20801E-1 2.18678E-1 2.21636E-1 2.22307E-1 2.10339E-1 2.02843E-1 2.54128E-1 2.59898E-1 1.97766E-1 1.71619E-1 1.54275E-1 1.39682E-1 1.4097E-1 1.44409E-1 1.49186E-1 1.49071E-1 1.50548E-1 1.5392E-1 1.49164E-1 1.54453E-1 1.7687E-1 1.57017E-1 1.59672E-1 1.64618E-1 2.04068E-1 4.74334E-1 3.56553E-1 2.7433E-1 2.42281E-1 2.23801E-1 2.37492E-1 2.16205E-1 2.29527E-1 2.2693E-1 1.98128E-1 1.92544E-1 1.91365E-1 1.91542E-1 1.91871E-1 2.04113E-1 1.98003E-1 2.08407E-1 1.98986E-1 1.90517E-1 1.96395E-1 2.00463E-1 2.0956E-1 2.14008E-1 1.98642E-1 2.13781E-1 2.31586E-1 2.10454E-1 2.35337E-1 2.67055E-1 2.87452E-1 2.93818E-1 2.92255E-1 3.1931E-1 2.91828E-1 2.81376E-1
2.45999E-1 2.3854E-1 2.36832E-1 2.50077E-1 2.6116E-1 4.47517E-1 7.27284E-1 7.44024E-1 7.20794E-1 5.8655E-1 2.81059E-1 2.14196E-1 1.56159E-1 1.48765E-1 1.49013E-1 1.49549E-1 1.46703E-1 1.46724E-1 1.50833E-1 1.50657E-1 1.58504E-1 2.06844E-1 1.57535E-1 1.62526E-1 1.61733E-1 1.75318E-1 3.03392E-1 5.6167E-1 4.1301E-1 2.6788E-1 2.44429E-1 2.76474E-1 2.74925E-1 2.81612E-1 2.5432E-1 2.46244E-1 2.36551E-1 2.56282E-1 2.25531E-1 2.23389E-1 2.37122E-1 2.2674E-1 2.12785E-1 2.16551E-1 1.94187E-1 1.98547E-1 1.94569E-1 1.92712E-1 1.81394E-1 1.91311E-1 1.96645E-1 2.27756E-1 2.40187E-1 2.67524E-1 3.07995E-1 3.37688E-1 3.13925E-1 3.10636E-1 4.01714E-1 3.2355E-1 2.99848E-1
2.54576E-1 2.60389E-1 2.8978E-1 4.42474E-1 7.27175E-1 7.09303E-1 6.91916E-1 7.0498E-1 3.90208E-1 2.66646E-1 2.54741E-1 2.54142E-1 2.23696E-1 1.8103E-1 1.63763E-1 1.57885E-1 1.56619E-1 1.52252E-1 1.56052E-1 1.58159E-1 1.60722E-1 1.68685E-1 1.61431E-1 1.64564E-1 1.6335E-1 1.66998E-1 2.00336E-1 3.28035E-1 5.06314E-1 3.19166E-1 2.94926E-1 2.74476E-1 2.82094E-1 2.67045E-1 2.90818E-1 2.84914E-1 2.96099E-1 2.894E-1 2.52088E-1 2.44089E-1 2.54816E-1 2.6501E-1 2.93448E-1 2.63447E-1 2.22805E-1 2.00152E-1 2.21016E-1 2.09404E-1 2.15564E-1 2.41678E-1 2.36824E-1 2.51033E-1 2.64531E-1 2.83591E-1 3.68373E-1 3.47744E-1 3.35028E-1 3.21684E-1 3.36886E-1 3.8788E-1 3.29818E-1
3.23356E-1 3.92041E-1 6.59873E-1 7.06665E-1 6.58567E-1 7.16405E-1 6.77544E-1 3.55231E-1 3.11346E-1 2.69792E-1 2.59892E-1 2.62503E-1 2.54467E-1 2.27609E-1 1.92965E-1 1.70855E-1 1.66709E-1 1.67888E-1 1.68046E-1 1.68607E-1 1.68501E-1 1.67688E-1 1.64968E-1 1.65989E-1 1.67949E-1 1.80428E-1 2.16746E-1 6.13604E-1 4.57972E-1 3.99836E-1 3.61896E-1 3.33534E-1 3.44726E-1 3.2812E-1 3.23155E-1 3.24528E-1 3.37221E-1 3.16296E-1 2.87774E-1 2.57844E-1 2.77788E-1 2.67791E-1 2.52748E-1 2.61569E-1 2.58307E-1 2.32351E-1 2.49248E-1 2.64296E-1 2.61439E-1 2.6526E-1 2.6192E-1 2.89597E-1 3.18404E-1 3.43127E-1 3.99445E-1 4.51166E-1 3.71906E-1 3.71362E-1 3.66348E-1 4.38759E-1 4.17345E-1
6.51642E-1 6.05871E-1 5.57819E-1 5.29194E-1 5.38727E-1 7.04597E-1 7.17248E-1 7.06756E-1 6.9787E-1 5.37223E-1 3.00335E-1 2.525E-1 2.65249E-1 2.52822E-1 2.18109E-1 1.83141E-1 1.88573E-1 2.064E-1 1.9084E-1 1.89819E-1 1.84196E-1 1.73565E-1 1.73978E-1 1.85806E-1 2.05538E-1 2.27364E-1 2.57354E-1 5.42316E-1 6.52529E-1 6.49517E-1 4.75303E-1 4.09495E-1 4.30429E-1 3.91681E-1 4.17454E-1 4.03316E-1 4.1831E-1 4.09931E-1 3.59266E-1 3.10351E-1 3.02096E-1 2.92183E-1 2.62146E-1 2.865E-1 3.06179E-1 2.9399E-1 2.93436E-1 2.8083E-1 2.88001E-1 2.98114E-1 3.32403E-1 3.69101E-1 4.0297E-1 4.14478E-1 4.52475E-1 5.17786E-1 4.32091E-1 3.85405E-1 3.78236E-1 3.92041E-1 4.85991E-1
5.08879E-1 4.58506E-1 4.64727E-1 4.72852E-1 4.84261E-1 5.3609E-1 5.0669E-1 4.81964E-1 5.23003E-1 6.50599E-1 6.8085E-1 2.84534E-1 2.59568E-1 2.65506E-1 2.48613E-1 2.29339E-1 2.34617E-1 2.376E-1 2.5999E-1 3.28334E-1 4.88452E-1 5.09216E-1 3.58796E-1 5.92748E-1 6.40233E-1 6.63678E-1 4.95987E-1 3.42127E-1 6.32075E-1 6.92277E-1 5.52348E-1 5.09293E-1 5.16954E-1 4.96804E-1 4.69405E-1 4.53169E-1 4.19231E-1 4.19374E-1 3.92305E-1 4.07303E-1 3.38112E-1 3.1638E-1 3.40482E-1 3.40251E-1 3.45058E-1 3.53852E-1 3.41114E-1 3.5657E-1 3.67585E-1 3.62176E-1 3.97048E-1 6.48432E-1 5.20499E-1 5.24108E-1 4.85617E-1 4.6785E-1 4.76351E-1 4.40922E-1 3.92027E-1 3.66929E-1 4.05078E-1
4.11741E-1 4.33744E-1 4.16497E-1 4.4608E-1 3.98457E-1 3.54372E-1 3.23845E-1 3.47657E-1 3.59094E-1 4.54377E-1 6.02346E-1 6.54315E-1 3.35479E-1 4.01453E-1 3.19811E-1 3.22207E-1 3.93756E-1 5.86538E-1 6.41389E-1 6.16462E-1 6.00833E-1 5.89285E-1 5.61522E-1 5.61288E-1 5.73502E-1 6.33533E-1 4.90207E-1 3.55008E-1 6.65814E-1 6.5598E-1 6.43363E-1 6.80811E-1 6.87967E-1 6.09161E-1 5.64751E-1 5.66396E-1 5.15917E-1 5.47908E-1 5.04763E-1 5.13312E-1 4.56183E-1 4.44538E-1 4.37903E-1 4.52855E-1 4.46633E-1 4.3185E-1 4.23994E-1 4.95847E-1 4.94623E-1 4.40659E-1 4.38471E-1 5.33827E-1 5.37824E-1 5.51532E-1 5.57569E-1 5.34896E-1 4.92624E-1 4.50417E-1 4.07524E-1 3.7707E-1 3.73864E-1
4.1621E-1 4.17199E-1 4.01903E-1 3.57604E-1 3.06549E-1 2.80583E-1 3.05129E-1 3.20519E-1 3.26746E-1 3.97089E-1 4.71017E-1 4.92917E-1 5.79255E-1 6.24621E-1 6.44566E-1 6.44026E-1 6.62567E-1 6.45784E-1 5.76132E-1 5.23863E-1 5.10926E-1 5.58111E-1 5.46807E-1 5.38926E-1 5.62045E-1 6.043E-1 6.5583E-1 6.61467E-1 6.52126E-1 5.85856E-1 6.4098E-1 7.01912E-1 6.98451E-1 6.45598E-1 5.73904E-1 5.91442E-1 5.85538E-1 5.90919E-1 6.17086E-1 5.74431E-1 5.96969E-1 6.1328E-1 5.35797E-1 5.30164E-1 5.29818E-1 5.1545E-1 5.13981E-1 5.57944E-1 5.94955E-1 6.37708E-1 5.66809E-1 5.98585E-1 6.05989E-1 6.04075E-1 6.09023E-1 6.34066E-1 6.10559E-1 5.28927E-1 4.2835E-1 3.89569E-1 3.92834E-1
3.7613E-1 3.61218E-1 3.6369E-1 3.26412E-1 2.96466E-1 2.97903E-1 3.41485E-1 3.56883E-1 3.69856E-1 4.04273E-1 4.3009E-1 4.2991E-1 4.8331E-1 5.143E-1 5.10885E-1 5.41987E-1 6.14361E-1 6.1285E-1 5.46629E-1 5.54175E-1 6.19615E-1 6.6821E-1 6.1204E-1 5.90531E-1 6.13559E-1 6.07558E-1 5.88673E-1 5.82946E-1 5.22568E-1 5.48596E-1 6.12196E-1 6.84259E-1 6.75663E-1 6.98529E-1 6.46028E-1 6.47814E-1 6.64464E-1 6.3716E-1 6.45768E-1 6.70886E-1 6.56149E-1 6.77845E-1 6.51293E-1 6.268E-1 6.33742E-1 6.45725E-1 6.56702E-1 7.10619E-1 7.18763E-1 6.28133E-1 6.14965E-1 6.56804E-1 6.72118E-1 6.78719E-1 7.02423E-1 7.36538E-1 7.35878E-1 6.9037E-1 5.6301E-1 5.94061E-1 5.11888E-1
3.11663E-1 3.49762E-1 3.45316E-1 3.30535E-1 2.89443E-1 3.35051E-1 3.45919E-1 3.55044E-1 3.88828E-1 4.08837E-1 4.21708E-1 4.15742E-1 4.4779E-1 4.82683E-1 5.09994E-1 5.53277E-1 5.8106E-1 5.94836E-1 5.88134E-1 5.92596E-1 6.2104E-1 6.34202E-1 6.32985E-1 6.28601E-1 6.30406E-1 6.32378E-1 6.38611E-1 6.43047E-1 6.48597E-1 6.21563E-1 6.01614E-1 6.32763E-1 6.67709E-1 6.66844E-1 6.57519E-1 4.15384E-1 3.68597E-1 4.24657E-1 4.5916E-1 4.67192E-1 5.29813E-1 6.24663E-1 6.68594E-1 7.17997E-1 6.9778E-1 7.05329E-1 7.27451E-1 7.29035E-1 7.25985E-1 6.9924E-1 6.85999E-1 7.09605E-1 7.18321E-1 6.87089E-1 6.91619E-1 6.82696E-1 6.57398E-1 6.35749E-1 5.70632E-1 5.26712E-1 4.76718E-1
3.40981E-1 3.47921E-1 3.49646E-1 3.42618E-1 3.46542E-1 3.54059E-1 3.52507E-1 3.74098E-1 4.0933E-1 4.1594E-1 4.11114E-1 4.20632E-1 4.38173E-1 4.92115E-1 5.4277E-1 5.79906E-1 6.19137E-1 6.0124E-1 6.48796E-1 6.33558E-1 6.32635E-1 5.93445E-1 4.68392E-1 4.37276E-1 4.65855E-1 5.03263E-1 6.56891E-1 6.57656E-1 6.40367E-1 6.26741E-1 5.77421E-1 5.43807E-1 5.30443E-1 6.26046E-1 6.31433E-1 6.31451E-1 6.38911E-1 6.48038E-1 6.69344E-1 6.96046E-1 7.24433E-1 7.3544E-1 7.32749E-1 7.06898E-1 6.91961E-1 6.14974E-1 5.76697E-1 6.00362E-1 7.20379E-1 7.80022E-1 8.01252E-1 7.50755E-1 7.21784E-1 7.09111E-1 6.93221E-1 6.96273E-1 6.82479E-1 6.4434E-1 5.41444E-1 4.78148E-1 4.45951E-1
3.20159E-1 3.32255E-1 3.55752E-1 3.41564E-1 3.48509E-1 3.43432E-1 3.43559E-1 3.66995E-1 3.91599E-1 4.06688E-1 3.97611E-1 4.45537E-1 4.82745E-1 6.36778E-1 6.38752E-1 6.30892E-1 6.3611E-1 6.24877E-1 4.17982E-1 3.35449E-1 3.40565E-1 4.49374E-1 6.43245E-1 6.49027E-1 4.64691E-1 5.61476E-1 6.71934E-1 6.71375E-1 6.60463E-1 6.58342E-1 5.03543E-1 3.72458E-1 3.38307E-1 3.22475E-1 3.19488E-1 3.42867E-1 3.49138E-1 4.08481E-1 4.83623E-1 4.74138E-1 5.80761E-1 7.06345E-1 7.2023E-1 7.08657E-1 7.04811E-1 7.39796E-1 6.92018E-1 4.04883E-1 4.02595E-1 4.17484E-1 4.18251E-1 5.13288E-1 7.6573E-1 7.21904E-1 7.24364E-1 7.21168E-1 6.91347E-1 6.51186E-1 6.15267E-1 5.92598E-1 5.48553E-1
3.42852E-1 3.30983E-1 3.53879E-1 3.82056E-1 3.62681E-1 3.58197E-1 3.51989E-1 3.73433E-1 4.13144E-1 4.34182E-1 4.31542E-1 4.97323E-1 6.40381E-1 4.78787E-1 4.61479E-1 5.66501E-1 5.98199E-1 3.70422E-1 3.54369E-1 3.41711E-1 3.67217E-1 3.9404E-1 6.4006E-1 4.86102E-1 4.273E-1 6.67132E-1 6.77011E-1 6.82237E-1 6.8101E-1 6.70437E-1 6.569E-1 6.52438E-1 4.87392E-1 3.99191E-1 3.86579E-1 3.7579E-1 3.55682E-1 3.38748E-1 3.64262E-1 3.2937E-1 3.24999E-1 3.34945E-1 4.12949E-1 6.32042E-1 6.63217E-1 7.33265E-1 4.29502E-1 4.32507E-1 3.78929E-1 3.78226E-1 3.70718E-1 3.4973E-1 5.15485E-1 7.52666E-1 7.17107E-1 7.10199E-1 6.97564E-1 6.93842E-1 6.85317E-1 6.48322E-1 6.52677E-1
3.86814E-1 3.68562E-1 3.81857E-1 3.81526E-1 3.82307E-1 3.86582E-1 3.71447E-1 3.84989E-1 4.22469E-1 4.53941E-1 4.86209E-1 5.83827E-1 6.24433E-1 4.60314E-1 6.25843E-1 5.75048E-1 4.17829E-1 3.80834E-1 3.77568E-1 3.71619E-1 4.69849E-1 4.9409E-1 3.96707E-1 3.98719E-1 4.9517E-1 6.72729E-1 6.86327E-1 6.88068E-1 6.96353E-1 6.3918E-1 6.67562E-1 6.38175E-1 6.63811E-1 6.67495E-1 6.18455E-1 4.44345E-1 4.07887E-1 3.96481E-1 3.74274E-1 3.99993E-1 3.98099E-1 3.70762E-1 3.32929E-1 3.17311E-1 4.04243E-1 5.56782E-1 4.13588E-1 4.14243E-1 3.90065E-1 3.71484E-1 3.55855E-1 3.28398E-1 3.25792E-1 4.80239E-1 7.13937E-1 7.05775E-1 6.95533E-1 6.97807E-1 6.97045E-1 6.92822E-1 6.99519E-1
3.61021E-1 3.59372E-1 3.80499E-1 3.80445E-1 4.10328E-1 4.08125E-1 4.22487E-1 4.24175E-1 4.56197E-1 5.10975E-1 5.82933E-1 6.547E-1 5.70858E-1 6.45355E-1 6.26631E-1 4.60999E-1 4.24374E-1 4.12152E-1 4.0857E-1 4.51066E-1 4.23976E-1 4.27524E-1 5.75481E-1 6.2715E-1 6.88658E-1 6.90163E-1 6.71762E-1 6.51135E-1 6.06162E-1 6.00822E-1 5.86979E-1 6.05738E-1 6.19225E-1 6.2724E-1 6.73658E-1 6.74103E-1 5.00667E-1 4.46991E-1 4.59082E-1 4.7157E-1 4.7034E-1 4.43284E-1 4.01382E-1 3.79266E-1 3.65118E-1 4.93343E-1 6.82251E-1 6.29481E-1 4.5741E-1 3.94842E-1 3.59371E-1 3.1706E-1 2.89662E-1 2.89501E-1 5.01839E-1 6.81539E-1 7.09979E-1 7.333E-1 7.53464E-1 7.40792E-1 7.32025E-1
3.80262E-1 3.8256E-1 4.14645E-1 4.21456E-1 4.5663E-1 4.2065E-1 4.3472E-1 4.44029E-1 4.84461E-1 5.75367E-1 6.92892E-1 5.12018E-1 6.68209E-1 6.48245E-1 4.91228E-1 4.8477E-1 4.79444E-1 4.53784E-1 4.31398E-1 6.59455E-1 5.55241E-1 6.31965E-1 6.87421E-1 6.79965E-1 6.90097E-1 6.64524E-1 6.21143E-1 5.89964E-1 5.72348E-1 5.77917E-1 5.88618E-1 6.01394E-1 6.09379E-1 6.27216E-1 6.61192E-1 6.83191E-1 6.8559E-1 4.88079E-1 4.87412E-1 5.31637E-1 5.32232E-1 4.95421E-1 4.62575E-1 4.31765E-1 3.93176E-1 3.70258E-1 4.6363E-1 8.01427E-1 6.19827E-1 3.80372E-1 3.59822E-1 3.11066E-1 2.8187E-1 2.59747E-1 2.6065E-1 4.66151E-1 7.34429E-1 7.62338E-1 7.82148E-1 7.89079E-1 7.48378E-1
