data/maxent/outputs/white_10.asc
ncols         426
nrows         180
xllcorner     -130.0
yllcorner     24.0
cellsize      0.16666666666666666
NODATA_value  -9999
[rows 54 to 80 of 180, columns 122 to 182 of 426]
1.04835E-3 7.78328E-4 8.45042E-4 2.96665E-4 3.55084E-4 2.08389E-4 1.42803E-4 1.70581E-4 3.02906E-4 5.55206E-4 6.82399E-4 9.29218E-4 1.35511E-3 1.18972E-3 5.35027E-4 4.36509E-4 3.53165E-4 4.65158E-4 5.40325E-4 5.41364E-4 5.06992E-4 4.42262E-4 4.06638E-4 4.28054E-4 4.38313E-4 4.11457E-4 3.8598E-4 4.13026E-4 4.18759E-4 4.33621E-4 6.75136E-4 6.98127E-4 6.99032E-4 6.96301E-4 8.32933E-4 1.18213E-3 1.99242E-3 1.90075E-3 1.4436E-3 6.87044E-4 4.52207E-4 2.68277E-4 2.289E-4 2.34394E-4 2.28459E-4 2.26884E-4 2.35209E-4 2.35502E-4 2.44672E-4 2.78481E-4 3.12611E-4 3.21924E-4 3.18971E-4 3.39924E-4 3.3911E-4 4.9243E-4 2.11545E-4 1.86423E-4 1.61015E-4 1.46297E-4 1.30799E-4
1.34439E-3 1.46181E-3 8.80416E-4 6.79138E-4 3.7205E-4 2.09749E-4 1.34255E-4 1.4522E-4 2.11968E-4 2.75288E-4 4.49858E-4 6.02046E-4 6.26104E-4 8.57916E-4 1.26026E-3 5.05777E-4 3.75443E-4 3.76793E-4 4.26614E-4 4.54598E-4 4.02544E-4 4.15686E-4 4.6386E-4 4.30319E-4 3.77212E-4 3.91084E-4 3.64628E-4 3.92838E-4 4.58634E-4 7.71515E-4 7.88152E-4 1.12465E-3 1.14645E-3 8.93969E-4 1.06973E-3 1.88914E-3 2.17869E-3 2.5276E-3 1.621E-3 9.04972E-4 5.53314E-4 5.18001E-4 3.72655E-4 2.92275E-4 2.58641E-4 2.60802E-4 3.07327E-4 3.0841E-4 2.95736E-4 3.10403E-4 3.03233E-4 3.61433E-4 5.11374E-4 7.41013E-4 1.01467E-3 3.19102E-4 2.5906E-4 2.34532E-4 1.99783E-4 1.57052E-4 1.36284E-4
1.02676E-3 1.23078E-3 9.96312E-4 6.4067E-4 3.53736E-4 2.60684E-4 1.40721E-4 1.0247E-4 8.67389E-5 1.19022E-4 1.75376E-4 3.7603E-4 6.20283E-4 5.17688E-4 6.75236E-4 8.84969E-4 9.29511E-4 3.90317E-4 3.10133E-4 3.48606E-4 4.54409E-4 4.58941E-4 4.83401E-4 5.1481E-4 4.56132E-4 5.06082E-4 3.5465E-4 4.0029E-4 3.86361E-4 5.11138E-4 8.75493E-4 1.71965E-3 1.30496E-3 1.25287E-3 1.55645E-3 2.06787E-3 3.36357E-3 3.09052E-3 2.18461E-3 1.11087E-3 7.05241E-4 5.09295E-4 4.91366E-4 4.83439E-4 4.45145E-4 4.31926E-4 4.76514E-4 5.17423E-4 4.88703E-4 4.13291E-4 3.69282E-4 3.52073E-4 3.82707E-4 4.08607E-4 9.95059E-4 3.59574E-4 2.96142E-4 2.73847E-4 2.27026E-4 1.89366E-4 1.57306E-4
1.11027E-3 8.31557E-4 7.9684E-4 5.99483E-4 3.91461E-4 2.53657E-4 1.89221E-4 1.25683E-4 9.15633E-5 7.81259E-5 9.3404E-5 2.46132E-4 4.68406E-4 5.46006E-4 3.96856E-4 4.715E-4 9.03817E-4 4.0965E-4 3.62971E-4 3.7116E-4 3.92745E-4 4.43565E-4 4.59697E-4 4.53636E-4 5.81359E-4 4.98811E-4 4.71411E-4 3.47438E-4 2.97276E-4 4.16329E-4 6.73194E-4 7.36351E-4 8.30029E-4 2.23727E-3 3.2645E-3 4.08899E-3 3.59383E-3 1.95347E-3 1.54737E-3 1.21416E-3 9.36208E-4 6.20473E-4 5.58814E-4 5.70225E-4 5.75737E-4 5.93891E-4 5.13478E-4 4.7148E-4 4.61475E-4 4.21187E-4 3.5203E-4 3.03936E-4 3.173E-4 3.52355E-4 5.43201E-4 5.38054E-4 3.7934E-4 3.13044E-4 2.38848E-4 1.99941E-4 1.72887E-4
8.70583E-4 8.14496E-4 6.00525E-4 2.38701E-4 2.28999E-4 2.32476E-4 2.16492E-4 1.61608E-4 1.39411E-4 9.66536E-5 8.61892E-5 1.33415E-4 3.04658E-4 4.11142E-4 4.47603E-4 4.21143E-4 6.90135E-4 4.71688E-4 3.23147E-4 3.26469E-4 3.8676E-4 3.57514E-4 3.44698E-4 4.03419E-4 4.80169E-4 4.58364E-4 4.20477E-4 3.0912E-4 2.97793E-4 2.8513E-4 3.40007E-4 4.23952E-4 6.97561E-4 9.04165E-4 1.2094E-3 1.89431E-3 2.45018E-3 1.84677E-3 9.46004E-4 9.11908E-4 8.54655E-4 7.25466E-4 6.04173E-4 5.10736E-4 6.53614E-4 4.73675E-4 4.13425E-4 4.11673E-4 3.9173E-4 3.66669E-4 3.23552E-4 3.4994E-4 4.00366E-4 4.34156E-4 4.24045E-4 4.09081E-4 4.20707E-4 4.03586E-4 3.35578E-4 2.66165E-4 2.62736E-4
6.09775E-4 5.07233E-4 4.02904E-4 1.98776E-4 2.13842E-4 2.50048E-4 2.22296E-4 1.68939E-4 1.10492E-4 1.05905E-4 9.8842E-5 1.37476E-4 1.94733E-4 2.77999E-4 4.12894E-4 4.47526E-4 5.81259E-4 4.23423E-4 3.13428E-4 3.07014E-4 3.45825E-4 3.81393E-4 3.57812E-4 3.64154E-4 3.78356E-4 3.71828E-4 3.75772E-4 3.28094E-4 3.26822E-4 3.04128E-4 2.84003E-4 4.39557E-4 5.71882E-4 6.2144E-4 6.9988E-4 1.33334E-3 1.84883E-3 1.59801E-3 8.62577E-4 7.27253E-4 6.96236E-4 6.69258E-4 6.00779E-4 5.7922E-4 4.63488E-4 4.28831E-4 4.50251E-4 4.01521E-4 3.82648E-4 3.73701E-4 3.91018E-4 4.27394E-4 4.49864E-4 4.39158E-4 4.37232E-4 3.5873E-4 3.68024E-4 3.07523E-4 3.47152E-4 3.45831E-4 4.49389E-4
5.12859E-4 4.29858E-4 3.98322E-4 3.55387E-4 2.28511E-4 2.02715E-4 2.48922E-4 2.42155E-4 2.15173E-4 1.34858E-4 1.19406E-4 1.59199E-4 2.56427E-4 2.09064E-4 3.16293E-4 2.91299E-4 5.54808E-4 4.94347E-4 3.789E-4 3.42138E-4 3.82197E-4 4.84415E-4 4.58771E-4 3.96761E-4 3.51129E-4 3.78212E-4 3.56484E-4 3.95631E-4 3.29725E-4 3.06189E-4 2.82191E-4 3.08648E-4 5.98948E-4 8.06789E-4 4.91635E-4 8.20835E-4 1.42686E-3 1.75704E-3 7.99657E-4 6.35792E-4 5.85801E-4 5.06847E-4 5.35169E-4 5.67062E-4 6.1201E-4 4.15774E-4 3.91249E-4 4.26778E-4 4.46974E-4 4.86098E-4 4.69271E-4 4.84119E-4 4.6268E-4 4.71297E-4 4.79012E-4 4.36317E-4 4.35747E-4 3.54514E-4 2.87439E-4 2.78348E-4 2.62173E-4
3.47761E-4 3.59781E-4 3.81376E-4 3.64038E-4 2.1512E-4 2.19491E-4 2.22135E-4 2.21688E-4 1.82816E-4 1.69853E-4 1.88404E-4 2.0351E-4 2.78967E-4 2.68118E-4 2.86886E-4 3.10797E-4 5.49782E-4 4.78167E-4 3.96912E-4 4.03497E-4 5.19401E-4 5.32525E-4 4.60091E-4 4.35427E-4 3.99459E-4 3.92947E-4 3.96996E-4 3.63455E-4 3.02476E-4 2.92606E-4 2.78782E-4 2.65029E-4 2.8275E-4 4.89274E-4 4.98517E-4 7.57346E-4 9.31463E-4 1.11081E-3 6.82523E-4 5.35828E-4 5.16196E-4 5.21837E-4 5.63158E-4 5.19354E-4 4.94597E-4 5.3409E-4 6.73288E-4 6.05294E-4 5.43316E-4 5.45646E-4 5.44595E-4 4.9102E-4 5.06321E-4 5.45267E-4 5.472E-4 5.02732E-4 4.42553E-4 4.20667E-4 3.82393E-4 4.02776E-4 4.02912E-4
1.48048E-4 1.32447E-4 2.75074E-4 2.212E-4 1.70411E-4 2.00091E-4 2.01988E-4 2.53426E-4 2.71934E-4 2.89758E-4 3.04429E-4 2.83746E-4 2.78122E-4 3.22729E-4 3.01737E-4 3.24363E-4 4.27707E-4 4.19856E-4 4.91411E-4 5.51851E-4 5.79054E-4 6.04309E-4 4.71768E-4 4.09575E-4 4.1558E-4 4.08825E-4 4.57012E-4 4.60001E-4 3.29216E-4 2.89691E-4 2.83264E-4 3.05669E-4 2.54569E-4 3.57141E-4 4.40283E-4 5.28972E-4 7.30728E-4 8.25833E-4 6.02128E-4 5.40264E-4 5.39272E-4 5.92019E-4 5.40295E-4 5.07068E-4 6.3508E-4 6.75632E-4 7.69309E-4 7.47725E-4 7.1099E-4 6.25853E-4 6.3752E-4 6.16838E-4 5.70577E-4 6.83825E-4 7.54047E-4 6.73415E-4 6.529E-4 5.91604E-4 5.11163E-4 5.35093E-4 5.30552E-4
3.07261E-4 2.4593E-4 3.92178E-4 3.79525E-4 2.95843E-4 1.81354E-4 1.48039E-4 1.45401E-4 1.92982E-4 2.46187E-4 2.36885E-4 1.3868E-4 1.63965E-4 1.84293E-4 2.45243E-4 3.65101E-4 4.15616E-4 4.15762E-4 3.75236E-4 4.72569E-4 4.53529E-4 5.21061E-4 4.94648E-4 5.12972E-4 5.50237E-4 4.81196E-4 4.75564E-4 4.01937E-4 3.96336E-4 4.03606E-4 3.67207E-4 3.03652E-4 2.74083E-4 2.9092E-4 3.64005E-4 4.79806E-4 6.12968E-4 6.80638E-4 5.38218E-4 5.09582E-4 4.90859E-4 3.90348E-4 3.83958E-4 5.1127E-4 5.69223E-4 5.49368E-4 5.9813E-4 5.86524E-4 5.57823E-4 5.79526E-4 6.15615E-4 5.98198E-4 6.88738E-4 7.43166E-4 6.71315E-4 7.87444E-4 7.2545E-4 7.28729E-4 6.61335E-4 6.11328E-4 6.04428E-4
5.32717E-4 3.09582E-4 1.75515E-4 2.63459E-4 1.94767E-4 1.37604E-4 1.24206E-4 1.06754E-4 1.06984E-4 1.10565E-4 1.27611E-4 1.2516E-4 1.32972E-4 1.58279E-4 2.07759E-4 3.3429E-4 3.69229E-4 3.81829E-4 3.5572E-4 3.93442E-4 4.61798E-4 4.69099E-4 5.42874E-4 6.02022E-4 6.7519E-4 5.97335E-4 4.67078E-4 4.27571E-4 4.49072E-4 4.3738E-4 3.91851E-4 3.09254E-4 3.06523E-4 3.72803E-4 3.42575E-4 4.06292E-4 4.39752E-4 5.06785E-4 4.96747E-4 5.38451E-4 4.46903E-4 4.26625E-4 5.53443E-4 5.21625E-4 4.09938E-4 4.28179E-4 4.31985E-4 5.30994E-4 4.46583E-4 4.16963E-4 5.41897E-4 6.54582E-4 7.17113E-4 5.48902E-4 5.20047E-4 5.46603E-4 6.31186E-4 6.38442E-4 6.84187E-4 6.89241E-4 7.27262E-4
4.02298E-4 4.15251E-4 3.13055E-4 1.75906E-4 1.61272E-4 1.37478E-4 1.13886E-4 1.09191E-4 1.08194E-4 1.19479E-4 1.35052E-4 1.49767E-4 1.79752E-4 1.81569E-4 2.14115E-4 2.49664E-4 2.6183E-4 2.928E-4 3.07374E-4 3.66117E-4 4.07742E-4 4.16373E-4 5.02379E-4 5.43734E-4 6.35301E-4 7.07681E-4 6.69008E-4 5.55548E-4 4.69563E-4 5.03357E-4 4.60304E-4 4.30968E-4 4.29319E-4 4.34185E-4 4.39157E-4 3.8598E-4 3.57225E-4 4.47325E-4 4.70812E-4 5.38107E-4 4.81424E-4 4.83754E-4 4.25892E-4 4.05112E-4 3.89553E-4 3.87597E-4 3.90449E-4 4.54768E-4 5.07445E-4 5.17079E-4 5.15943E-4 5.20828E-4 4.35736E-4 4.44029E-4 4.55962E-4 5.44203E-4 5.85224E-4 6.06757E-4 6.5347E-4 7.03985E-4 7.83508E-4
2.33661E-4 3.75973E-4 4.25647E-4 3.73423E-4 1.84981E-4 1.54546E-4 1.29952E-4 1.226E-4 1.34032E-4 1.5679E-4 1.71722E-4 1.95507E-4 2.22174E-4 2.21893E-4 2.6331E-4 2.5025E-4 2.78553E-4 2.87478E-4 3.47008E-4 4.97971E-4 6.23498E-4 5.10925E-4 4.96848E-4 5.71902E-4 4.84583E-4 5.14987E-4 5.42897E-4 5.49433E-4 4.80898E-4 4.85252E-4 5.11171E-4 4.95634E-4 4.68636E-4 4.83548E-4 4.85221E-4 3.92226E-4 4.71496E-4 5.0005E-4 4.88867E-4 4.93022E-4 4.46179E-4 4.8276E-4 4.36135E-4 4.14284E-4 4.10732E-4 4.09865E-4 4.33502E-4 4.35054E-4 4.48591E-4 4.69243E-4 4.61343E-4 4.83491E-4 4.7581E-4 4.63013E-4 4.90592E-4 5.48558E-4 6.30346E-4 7.45537E-4 7.91023E-4 7.78517E-4 8.78861E-4
3.36306E-5 1.98819E-4 3.8096E-4 4.40952E-4 4.60785E-4 2.41045E-4 1.84458E-4 1.77028E-4 1.7684E-4 1.50161E-4 1.35518E-4 1.60382E-4 1.27779E-4 1.32333E-4 2.16564E-4 2.61642E-4 2.88191E-4 3.22005E-4 3.65909E-4 5.01436E-4 6.57369E-4 6.1684E-4 6.86887E-4 6.83268E-4 6.06321E-4 5.30984E-4 4.05076E-4 3.68744E-4 3.36601E-4 3.46875E-4 4.90305E-4 4.02934E-4 3.45385E-4 3.73847E-4 5.04568E-4 5.7911E-4 6.81592E-4 6.96793E-4 6.40147E-4 6.70472E-4 6.45684E-4 4.50845E-4 3.52254E-4 3.61814E-4 3.77002E-4 3.81498E-4 3.75545E-4 4.12212E-4 4.58837E-4 5.07196E-4 5.03666E-4 4.58348E-4 5.11582E-4 5.7223E-4 5.68327E-4 6.07441E-4 7.06675E-4 8.04756E-4 1.02288E-3 1.06127E-3 1.14094E-3
2.12957E-5 2.88998E-5 1.20256E-4 3.11632E-4 4.73797E-4 4.03508E-4 1.95847E-4 1.95951E-4 1.28508E-4 1.01472E-4 1.3102E-4 1.38483E-4 1.58764E-4 1.81858E-4 2.37573E-4 2.40067E-4 1.86481E-4 3.32735E-4 3.23396E-4 3.5019E-4 3.26356E-4 4.03347E-4 6.62376E-4 6.37678E-4 8.21935E-4 7.26986E-4 4.92012E-4 4.49621E-4 3.87967E-4 3.7079E-4 5.28747E-4 5.08996E-4 3.82241E-4 3.48334E-4 3.24794E-4 4.10579E-4 5.57453E-4 7.31381E-4 7.64195E-4 6.50352E-4 5.30561E-4 4.07601E-4 3.42632E-4 3.76312E-4 3.81792E-4 3.79662E-4 3.93864E-4 4.48735E-4 4.91726E-4 5.23202E-4 5.62778E-4 6.00926E-4 6.6814E-4 6.12592E-4 6.48297E-4 6.49323E-4 7.42358E-4 8.21761E-4 9.29658E-4 1.00601E-3 8.72405E-4
1.76601E-5 1.80836E-5 2.69676E-5 4.42428E-5 9.13304E-5 1.40913E-4 1.13873E-4 1.10869E-4 1.02453E-4 1.16835E-4 1.37042E-4 2.04605E-4 2.08612E-4 2.55473E-4 2.77236E-4 2.65805E-4 3.09817E-4 3.25011E-4 3.08078E-4 3.44169E-4 1.57452E-4 1.2516E-4 2.61138E-4 4.90068E-4 9.15551E-4 8.3967E-4 7.97959E-4 6.09826E-4 5.13212E-4 4.67152E-4 4.96692E-4 3.68382E-4 3.47407E-4 3.5222E-4 3.26518E-4 3.34916E-4 4.09025E-4 4.97224E-4 5.81254E-4 6.44764E-4 5.66161E-4 4.0507E-4 4.04364E-4 3.75156E-4 3.74155E-4 3.97651E-4 4.46879E-4 4.78693E-4 5.01463E-4 5.46909E-4 5.82092E-4 6.36089E-4 6.51659E-4 5.68676E-4 6.8534E-4 6.37146E-4 7.20515E-4 8.3607E-4 8.8478E-4 8.74624E-4 8.69397E-4
1.46661E-5 1.71028E-5 1.72411E-5 2.7941E-5 5.48752E-5 1.00633E-4 8.47988E-5 7.46151E-5 7.32182E-5 5.72845E-5 4.84903E-5 4.91358E-5 1.44754E-4 1.60089E-4 2.30306E-4 2.47658E-4 3.54668E-4 3.37653E-4 3.38178E-4 2.5567E-4 1.98426E-4 1.56606E-4 1.39593E-4 2.19101E-4 4.2056E-4 7.76589E-4 1.01895E-3 7.88577E-4 6.09696E-4 6.72583E-4 6.09955E-4 6.02097E-4 4.45519E-4 4.17783E-4 3.87571E-4 4.43032E-4 4.90813E-4 5.1182E-4 5.85668E-4 7.00745E-4 6.65493E-4 5.13378E-4 4.72315E-4 4.30324E-4 3.9609E-4 4.0751E-4 4.26115E-4 4.52117E-4 5.06032E-4 5.70622E-4 5.98647E-4 6.52467E-4 6.89159E-4 7.17301E-4 7.02617E-4 6.25433E-4 6.61949E-4 7.63029E-4 7.9222E-4 8.21148E-4 8.3742E-4
2.66081E-5 2.08604E-5 2.80985E-5 5.72133E-5 6.62061E-5 7.63281E-5 5.52896E-5 5.05224E-5 4.80531E-5 5.01514E-5 5.65073E-5 6.82167E-5 9.64597E-5 1.30822E-4 1.46085E-4 2.05877E-4 2.72066E-4 2.47514E-4 2.81184E-4 2.43123E-4 2.56459E-4 2.02191E-4 1.71169E-4 1.72452E-4 2.78779E-4 4.4898E-4 9.68858E-4 8.41941E-4 7.58377E-4 8.43787E-4 8.2719E-4 6.44925E-4 4.96577E-4 4.41932E-4 4.70983E-4 5.04908E-4 5.8305E-4 6.46949E-4 5.85947E-4 6.1391E-4 6.1115E-4 5.95171E-4 4.85058E-4 4.55059E-4 4.32396E-4 4.55156E-4 5.01879E-4 5.47496E-4 6.62183E-4 7.19651E-4 7.61863E-4 7.82588E-4 6.88702E-4 6.52374E-4 6.77257E-4 7.01529E-4 6.64852E-4 7.23778E-4 7.98383E-4 8.48567E-4 8.14496E-4
3.73601E-5 3.42642E-5 4.78414E-5 5.38577E-5 8.03709E-5 6.77685E-5 5.80263E-5 5.93046E-5 5.14967E-5 5.22956E-5 6.8691E-5 8.97899E-5 1.07928E-4 1.33464E-4 2.07791E-4 2.40389E-4 2.44527E-4 2.14756E-4 2.06332E-4 2.11311E-4 2.24436E-4 2.03838E-4 1.82787E-4 1.7975E-4 2.43586E-4 4.63714E-4 9.29129E-4 8.85245E-4 9.85573E-4 9.82655E-4 9.82947E-4 7.26072E-4 6.20293E-4 5.8646E-4 5.67804E-4 6.10721E-4 6.56591E-4 6.91032E-4 7.54507E-4 7.59866E-4 6.89211E-4 6.03549E-4 5.09519E-4 4.9787E-4 5.17478E-4 5.96091E-4 6.89087E-4 7.64163E-4 8.83231E-4 9.39556E-4 9.50917E-4 8.28495E-4 7.69389E-4 7.38388E-4 7.66671E-4 8.23118E-4 7.84685E-4 7.62859E-4 7.6367E-4 7.8182E-4 7.85965E-4
4.21174E-5 3.58229E-5 6.26463E-5 7.45451E-5 8.35454E-5 7.81489E-5 7.32737E-5 6.03163E-5 6.1295E-5 4.56009E-5 5.15996E-5 8.00332E-5 1.01123E-4 1.25872E-4 1.98873E-4 2.15745E-4 2.21618E-4 1.78918E-4 2.43968E-4 3.20883E-4 3.06912E-4 2.65577E-4 2.18826E-4 1.93089E-4 1.9311E-4 3.73862E-4 5.82813E-4 8.00943E-4 1.14988E-3 1.16327E-3 1.04702E-3 1.03491E-3 1.03886E-3 9.24184E-4 6.75847E-4 9.94654E-4 1.0483E-3 8.40728E-4 6.23747E-4 6.46488E-4 7.5663E-4 6.96451E-4 5.70565E-4 5.51191E-4 6.19986E-4 7.21713E-4 8.74228E-4 1.11393E-3 1.19959E-3 1.11126E-3 9.43062E-4 8.35726E-4 7.45104E-4 7.30357E-4 7.38817E-4 7.76374E-4 7.86898E-4 7.19987E-4 7.40503E-4 8.78913E-4 9.15374E-4
5.80331E-5 5.75194E-5 7.76035E-5 8.05591E-5 8.1007E-5 9.04389E-5 7.64361E-5 6.55568E-5 6.5219E-5 6.36417E-5 5.0136E-5 7.1398E-5 1.03792E-4 1.63645E-4 1.65612E-4 1.86154E-4 1.89047E-4 1.29428E-4 3.55083E-4 3.67064E-4 5.25554E-4 3.78905E-4 2.29312E-4 1.69679E-4 1.54955E-4 2.44637E-4 5.58841E-4 7.69286E-4 9.07004E-4 9.50879E-4 1.00274E-3 9.92366E-4 1.00652E-3 9.11366E-4 7.96085E-4 7.90925E-4 8.44749E-4 9.34548E-4 8.27462E-4 6.83822E-4 5.93928E-4 6.5252E-4 6.54087E-4 6.69704E-4 7.62103E-4 8.76162E-4 1.09308E-3 1.55849E-3 1.5728E-3 1.15368E-3 9.43405E-4 7.72531E-4 6.16764E-4 6.39193E-4 7.06638E-4 6.36946E-4 7.07132E-4 7.48596E-4 7.29644E-4 8.9393E-4 9.30267E-4
6.80636E-5 7.5797E-5 8.13165E-5 9.30807E-5 8.9239E-5 7.55041E-5 8.48054E-5 6.07405E-5 6.46788E-5 6.55103E-5 7.09754E-5 8.68959E-5 1.03504E-4 1.56232E-4 1.89165E-4 2.19944E-4 1.63128E-4 1.3963E-4 3.43463E-4 7.14041E-4 5.9683E-4 5.82288E-4 2.92078E-4 1.57766E-4 1.41993E-4 1.99426E-4 4.42425E-4 5.7092E-4 6.39042E-4 6.94239E-4 7.25202E-4 8.99157E-4 9.40971E-4 9.16609E-4 7.33034E-4 6.40298E-4 6.97578E-4 7.8428E-4 7.43465E-4 8.3172E-4 8.71572E-4 7.86748E-4 7.20172E-4 7.72852E-4 8.77521E-4 9.8384E-4 1.2351E-3 1.41487E-3 1.42788E-3 1.1164E-3 9.45568E-4 7.94336E-4 7.13093E-4 6.38555E-4 5.75019E-4 5.81011E-4 6.57848E-4 7.33086E-4 8.1152E-4 7.90311E-4 8.98448E-4
9.95102E-5 7.54447E-5 8.05869E-5 8.60282E-5 8.76195E-5 7.30698E-5 8.45611E-5 7.66552E-5 7.61629E-5 7.06218E-5 1.03107E-4 1.04559E-4 1.5113E-4 1.67153E-4 3.08522E-4 1.34174E-3 6.56838E-4 1.9697E-4 2.47003E-4 9.34179E-4 8.91394E-4 6.54122E-4 4.98515E-4 2.35375E-4 1.67033E-4 2.38126E-4 3.77799E-4 4.79153E-4 5.77568E-4 6.14577E-4 6.54973E-4 7.11043E-4 6.31064E-4 5.58799E-4 6.03206E-4 5.88755E-4 6.06376E-4 5.68304E-4 5.78292E-4 6.06893E-4 6.475E-4 7.18963E-4 7.41385E-4 8.11237E-4 9.08828E-4 1.07869E-3 1.43174E-3 1.65638E-3 1.13132E-3 9.6144E-4 8.12642E-4 7.20896E-4 6.49974E-4 6.29503E-4 5.87431E-4 5.63551E-4 5.94147E-4 7.03387E-4 7.96096E-4 8.2411E-4 8.34694E-4
1.60835E-4 1.07577E-4 1.08684E-4 8.8854E-5 1.11363E-4 7.59979E-5 7.66305E-5 8.56444E-5 9.66132E-5 1.07902E-4 9.1926E-5 1.27439E-4 1.63861E-4 2.17095E-4 4.49729E-4 1.19258E-3 1.84509E-3 1.8706E-3 1.22648E-3 7.56828E-4 1.44364E-3 1.03362E-3 5.33659E-4 3.67668E-4 3.09037E-4 2.85866E-4 3.74133E-4 5.81495E-4 7.54861E-4 6.96732E-4 6.84034E-4 5.72625E-4 4.60936E-4 3.77257E-4 4.72841E-4 5.22171E-4 5.62724E-4 5.93465E-4 6.20879E-4 5.5458E-4 5.90516E-4 7.85787E-4 8.97627E-4 8.5355E-4 8.98651E-4 9.29814E-4 9.82191E-4 9.85118E-4 8.66333E-4 7.13752E-4 6.45231E-4 7.05349E-4 6.48535E-4 7.33679E-4 7.51961E-4 6.6618E-4 6.34099E-4 6.53087E-4 7.14943E-4 7.99371E-4 9.1378E-4
2.41908E-4 1.97296E-4 1.63339E-4 1.49281E-4 1.57476E-4 1.03158E-4 8.49483E-5 9.931E-5 1.1194E-4 1.06488E-4 1.77414E-4 2.46308E-4 2.79061E-4 1.21768E-3 1.19014E-3 1.77614E-3 2.72469E-3 2.48892E-3 3.65088E-3 1.62078E-3 1.42347E-3 1.59126E-3 7.43413E-4 7.28697E-4 6.76268E-4 7.7018E-4 8.57688E-4 1.09043E-3 8.26182E-4 7.96744E-4 7.69566E-4 5.23272E-4 3.70651E-4 3.85838E-4 4.71388E-4 5.53385E-4 6.06644E-4 5.77871E-4 6.82838E-4 6.85105E-4 7.70439E-4 8.34398E-4 9.94628E-4 1.02934E-3 9.10904E-4 8.85185E-4 8.51012E-4 8.79354E-4 8.24242E-4 7.83152E-4 6.27727E-4 6.84638E-4 6.04127E-4 6.155E-4 9.359E-4 1.00611E-3 8.65562E-4 7.23953E-4 7.67926E-4 8.14691E-4 8.58838E-4
3.41124E-4 1.15962E-4 1.00716E-4 1.87477E-4 1.59874E-4 1.33614E-4 1.26245E-4 6.03824E-5 9.31536E-5 1.64621E-4 3.07271E-4 4.99928E-4 5.3103E-4 2.66803E-3 3.728E-3 3.68554E-3 3.0119E-3 2.63767E-3 3.89015E-3 1.14346E-3 5.87485E-4 8.33943E-4 1.24265E-3 8.2853E-4 8.67986E-4 1.09115E-3 1.22894E-3 8.79252E-4 7.30242E-4 6.855E-4 6.81477E-4 5.75233E-4 3.76353E-4 3.85594E-4 4.22947E-4 4.40491E-4 4.33373E-4 4.9099E-4 5.40963E-4 6.00758E-4 7.95795E-4 8.84726E-4 8.23978E-4 8.77088E-4 8.82095E-4 7.4436E-4 7.99798E-4 8.4039E-4 8.5653E-4 7.0479E-4 7.13747E-4 7.10301E-4 7.44497E-4 7.72661E-4 8.08928E-4 7.92289E-4 8.54936E-4 1.00981E-3 1.00921E-3 9.25142E-4 8.73448E-4
1.22362E-4 8.4415E-5 7.97695E-5 1.39597E-4 2.68454E-4 2.01026E-4 1.70982E-4 1.20105E-4 1.06504E-4 1.38852E-4 2.88099E-4 4.38513E-4 5.24654E-4 6.74438E-4 1.19415E-3 2.65307E-3 1.24297E-3 3.80297E-3 4.05426E-3 1.26047E-3 7.93066E-4 9.69729E-4 1.30108E-3 1.04291E-3 1.01137E-3 1.24903E-3 1.5158E-3 8.50936E-4 5.96314E-4 6.5083E-4 6.0798E-4 5.28404E-4 4.53966E-4 3.78686E-4 3.61814E-4 3.65628E-4 4.19532E-4 4.63921E-4 5.18485E-4 7.29835E-4 7.72916E-4 7.47691E-4 7.90524E-4 9.31544E-4 9.2194E-4 7.61863E-4 6.34548E-4 7.58912E-4 9.02552E-4 8.05601E-4 7.39742E-4 9.12212E-4 8.70732E-4 9.02533E-4 8.73045E-4 7.54109E-4 7.44506E-4 8.54891E-4 1.07744E-3 1.02174E-3 1.02209E-3
