data/maxent/outputs/white_207.asc
ncols         426
nrows         180
xllcorner     -130.0
yllcorner     24.0
cellsize      0.16666666666666666
NODATA_value  -9999
[rows 54 to 80 of 180, columns 122 to 182 of 426]
6.79094E-1 6.80069E-1 3.24623E-1 8.53312E-2 1.07728E-1 1.11219E-1 8.44717E-2 9.28088E-2 1.20264E-1 3.65571E-1 6.16146E-1 6.22859E-1 5.98185E-1 5.21689E-1 3.44465E-1 2.82843E-1 2.01286E-1 2.4428E-1 2.91528E-1 2.9022E-1 3.10792E-1 2.34986E-1 1.97056E-1 1.97255E-1 1.86111E-1 1.47667E-1 1.52896E-1 1.89401E-1 1.88184E-1 1.90124E-1 2.33459E-1 2.15345E-1 2.01959E-1 2.203E-1 3.13144E-1 3.91478E-1 4.51878E-1 4.58114E-1 4.46202E-1 3.71596E-1 2.52581E-1 1.82467E-1 1.65648E-1 1.56237E-1 1.53579E-1 1.64587E-1 1.87691E-1 2.06553E-1 2.11533E-1 2.17282E-1 2.17216E-1 2.07808E-1 1.99346E-1 2.04765E-1 2.19137E-1 2.70003E-1 2.53941E-1 2.80092E-1 2.75269E-1 2.71347E-1 2.71826E-1
6.02228E-1 5.85284E-1 3.14433E-1 1.63074E-1 1.02432E-1 8.68605E-2 6.76921E-2 7.29312E-2 8.57086E-2 1.15671E-1 4.42046E-1 6.41145E-1 6.3476E-1 6.21928E-1 5.19335E-1 3.06778E-1 2.24578E-1 2.27828E-1 2.90805E-1 2.83341E-1 2.14193E-1 1.88086E-1 2.10818E-1 2.05448E-1 1.83961E-1 1.54098E-1 1.57011E-1 1.94863E-1 2.26321E-1 3.10012E-1 2.9903E-1 3.49264E-1 2.85631E-1 2.55868E-1 3.41413E-1 4.10923E-1 4.07705E-1 4.23917E-1 4.27761E-1 4.0745E-1 3.25708E-1 2.38355E-1 1.73869E-1 1.47346E-1 1.46899E-1 1.50028E-1 1.66106E-1 1.75934E-1 1.872E-1 1.82316E-1 1.7439E-1 1.88136E-1 2.1046E-1 2.31263E-1 2.69226E-1 2.26259E-1 2.52439E-1 2.6982E-1 2.66813E-1 2.54432E-1 2.61462E-1
6.90464E-1 5.90473E-1 4.84685E-1 1.75775E-1 1.11378E-1 9.38845E-2 6.72545E-2 6.65479E-2 5.9188E-2 6.27407E-2 1.0281E-1 3.01895E-1 5.9553E-1 6.67256E-1 6.36184E-1 5.44315E-1 4.27752E-1 2.54833E-1 2.32719E-1 2.13799E-1 2.08184E-1 1.7404E-1 1.93431E-1 2.14608E-1 1.93585E-1 1.98325E-1 1.65226E-1 2.13928E-1 2.40112E-1 2.90877E-1 4.02593E-1 4.95966E-1 4.04016E-1 3.41954E-1 3.88986E-1 4.25459E-1 4.50064E-1 4.26111E-1 4.06663E-1 3.63296E-1 2.91982E-1 2.25285E-1 1.94499E-1 1.6388E-1 1.5474E-1 1.53458E-1 1.70216E-1 1.85116E-1 1.92579E-1 1.87782E-1 1.93605E-1 1.8723E-1 1.90966E-1 1.89892E-1 2.15466E-1 1.91744E-1 2.31755E-1 2.56328E-1 2.37396E-1 2.36827E-1 2.45958E-1
5.73435E-1 4.31471E-1 2.4762E-1 1.7494E-1 1.15411E-1 9.06917E-2 7.91571E-2 6.98213E-2 5.61726E-2 5.15727E-2 6.06566E-2 1.33896E-1 4.12859E-1 6.39741E-1 6.58884E-1 6.78551E-1 5.07384E-1 2.35454E-1 1.88084E-1 1.67416E-1 1.55452E-1 1.59329E-1 1.83712E-1 2.02955E-1 2.36816E-1 2.29464E-1 2.03701E-1 2.00241E-1 2.00272E-1 2.52245E-1 3.81841E-1 4.64461E-1 4.58466E-1 5.8971E-1 6.16914E-1 6.18081E-1 5.86519E-1 4.19036E-1 3.68831E-1 3.25665E-1 2.44667E-1 1.83361E-1 1.54975E-1 1.43423E-1 1.49448E-1 1.65099E-1 1.79423E-1 1.92135E-1 1.89569E-1 1.94221E-1 1.89709E-1 1.61444E-1 1.69083E-1 1.66429E-1 1.7126E-1 1.74789E-1 2.33801E-1 2.40937E-1 2.15539E-1 2.2568E-1 2.49736E-1
5.75293E-1 5.33857E-1 5.95973E-1 2.97565E-1 1.63008E-1 1.21452E-1 9.23545E-2 6.81512E-2 6.19977E-2 5.22114E-2 5.19515E-2 7.47731E-2 1.56594E-1 4.3245E-1 6.47272E-1 6.74852E-1 5.45762E-1 2.381E-1 1.39387E-1 1.3092E-1 1.39367E-1 1.20923E-1 1.48569E-1 1.93933E-1 2.30525E-1 2.29475E-1 2.07243E-1 1.69932E-1 1.71492E-1 1.8526E-1 2.491E-1 3.54099E-1 4.91011E-1 5.76447E-1 6.05605E-1 6.11825E-1 5.81815E-1 4.6547E-1 2.59238E-1 2.38518E-1 2.08134E-1 1.83451E-1 1.60016E-1 1.35212E-1 1.71548E-1 1.68745E-1 1.83473E-1 1.83127E-1 1.72285E-1 1.64551E-1 1.53603E-1 1.43636E-1 1.5189E-1 1.59855E-1 1.66816E-1 1.91958E-1 2.22681E-1 2.28954E-1 2.09706E-1 2.14045E-1 2.29347E-1
6.47417E-1 6.12334E-1 4.28498E-1 2.27716E-1 1.92273E-1 1.42218E-1 1.13763E-1 7.83958E-2 5.86101E-2 5.48581E-2 5.55019E-2 7.45117E-2 1.05952E-1 2.07687E-1 4.76388E-1 5.86062E-1 5.19283E-1 1.73287E-1 1.17562E-1 1.21651E-1 1.17864E-1 1.18586E-1 1.36904E-1 1.7635E-1 1.86582E-1 1.79213E-1 1.79191E-1 1.63477E-1 1.77494E-1 1.74593E-1 1.82105E-1 2.78802E-1 4.24621E-1 5.41497E-1 5.66215E-1 5.63782E-1 5.49025E-1 4.27111E-1 2.10596E-1 1.87981E-1 1.81349E-1 1.69651E-1 1.51413E-1 1.38178E-1 1.59232E-1 1.69169E-1 1.66901E-1 1.54504E-1 1.44394E-1 1.39137E-1 1.41007E-1 1.42415E-1 1.57109E-1 1.66832E-1 2.01015E-1 2.108E-1 2.17779E-1 2.06782E-1 2.0457E-1 2.02652E-1 2.34576E-1
7.00437E-1 6.70032E-1 6.23955E-1 3.84976E-1 2.47223E-1 1.73182E-1 1.24591E-1 1.0444E-1 8.68689E-2 6.83918E-2 6.35571E-2 8.30955E-2 1.24906E-1 1.4673E-1 2.88546E-1 4.75223E-1 4.35549E-1 1.98168E-1 1.39583E-1 1.29071E-1 1.22373E-1 1.30575E-1 1.54568E-1 1.75238E-1 1.62418E-1 1.64536E-1 1.7071E-1 1.75886E-1 1.56625E-1 1.49268E-1 1.45543E-1 1.66623E-1 3.08793E-1 4.38433E-1 5.12543E-1 5.43749E-1 4.94182E-1 4.21787E-1 2.10059E-1 1.60413E-1 1.4491E-1 1.28935E-1 1.29637E-1 1.42794E-1 1.60315E-1 1.4083E-1 1.46567E-1 1.5014E-1 1.46908E-1 1.54609E-1 1.5194E-1 1.57835E-1 1.66995E-1 1.97373E-1 2.17883E-1 2.06608E-1 2.0403E-1 1.87694E-1 1.72666E-1 1.82037E-1 2.02768E-1
4.99558E-1 5.69594E-1 6.26814E-1 5.32071E-1 2.36134E-1 1.50319E-1 1.1916E-1 9.88151E-2 8.84474E-2 9.04996E-2 8.41049E-2 9.4487E-2 1.33089E-1 1.56772E-1 2.6367E-1 4.22676E-1 2.77876E-1 1.75061E-1 1.39794E-1 1.36132E-1 1.38345E-1 1.50383E-1 1.82662E-1 1.79901E-1 1.75018E-1 1.58695E-1 1.45113E-1 1.35043E-1 1.20298E-1 1.19514E-1 1.22031E-1 1.2742E-1 1.42872E-1 2.52996E-1 3.62152E-1 4.19245E-1 4.07919E-1 3.34739E-1 1.82724E-1 1.45379E-1 1.36128E-1 1.23582E-1 1.39147E-1 1.3443E-1 1.25616E-1 1.34144E-1 1.47877E-1 1.41969E-1 1.39174E-1 1.45949E-1 1.48381E-1 1.5804E-1 1.63908E-1 1.74554E-1 1.86618E-1 1.8722E-1 1.78311E-1 1.80504E-1 1.84171E-1 1.88342E-1 2.01753E-1
1.70044E-1 1.56848E-1 3.93843E-1 2.61957E-1 1.77643E-1 2.2619E-1 2.00217E-1 1.21151E-1 1.28819E-1 1.51786E-1 1.68806E-1 1.8456E-1 1.95156E-1 2.28936E-1 3.58318E-1 3.94947E-1 2.29551E-1 1.74228E-1 1.68462E-1 1.71549E-1 1.91825E-1 2.00369E-1 1.92619E-1 1.82937E-1 1.58993E-1 1.42076E-1 1.36225E-1 1.29415E-1 1.05735E-1 1.02629E-1 1.03256E-1 1.15715E-1 1.13865E-1 1.54602E-1 2.20165E-1 2.8564E-1 3.12292E-1 2.25084E-1 1.63647E-1 1.35818E-1 1.29928E-1 1.40734E-1 1.27261E-1 1.22258E-1 1.34796E-1 1.5278E-1 1.66022E-1 1.57565E-1 1.65533E-1 1.60183E-1 1.64448E-1 1.66106E-1 1.56417E-1 1.75263E-1 2.10637E-1 2.02984E-1 1.99778E-1 1.96989E-1 1.93901E-1 2.17739E-1 2.18484E-1
4.57368E-1 1.24512E-1 1.06165E-1 1.0473E-1 1.04176E-1 9.02782E-2 8.11552E-2 9.06487E-2 1.14611E-1 1.44719E-1 1.80959E-1 1.30948E-1 1.62033E-1 2.76383E-1 3.86725E-1 2.79137E-1 2.1966E-1 1.79644E-1 1.84881E-1 2.01207E-1 1.94385E-1 2.56352E-1 2.10133E-1 1.70255E-1 1.46416E-1 1.28751E-1 1.1588E-1 1.07184E-1 1.08589E-1 1.12928E-1 1.04609E-1 1.02195E-1 1.03951E-1 1.1896E-1 1.42982E-1 1.95453E-1 2.08832E-1 1.73597E-1 1.43405E-1 1.36123E-1 1.33299E-1 1.19995E-1 1.14922E-1 1.36602E-1 1.57476E-1 1.67037E-1 1.67265E-1 1.61301E-1 1.72403E-1 1.65087E-1 1.75956E-1 1.71278E-1 1.71936E-1 1.93497E-1 2.12863E-1 2.2278E-1 2.1308E-1 2.22664E-1 2.26758E-1 2.35288E-1 2.42832E-1
7.47427E-1 4.86488E-1 1.46053E-1 9.80814E-2 8.45423E-2 7.09355E-2 7.31177E-2 6.60908E-2 6.08224E-2 5.9983E-2 6.82358E-2 7.45656E-2 8.76924E-2 1.32903E-1 1.73811E-1 1.70569E-1 1.60116E-1 1.66405E-1 1.93691E-1 2.06188E-1 2.18063E-1 2.34938E-1 2.30094E-1 1.85485E-1 1.48495E-1 1.2522E-1 1.09783E-1 1.14901E-1 1.14038E-1 1.10808E-1 1.0652E-1 9.84365E-2 1.10297E-1 1.28365E-1 1.2115E-1 1.44069E-1 1.46741E-1 1.58136E-1 1.59113E-1 1.46819E-1 1.22624E-1 1.22953E-1 1.47405E-1 1.52692E-1 1.66871E-1 1.81296E-1 1.79578E-1 1.80139E-1 1.64823E-1 1.68785E-1 1.9969E-1 1.90251E-1 1.88961E-1 1.92898E-1 1.98183E-1 2.00205E-1 2.21183E-1 2.35751E-1 2.53885E-1 2.67969E-1 2.8273E-1
6.86966E-1 6.45196E-1 4.64712E-1 1.62296E-1 1.00405E-1 7.63354E-2 6.90366E-2 6.38585E-2 6.22494E-2 6.17502E-2 6.46111E-2 7.60876E-2 9.47443E-2 1.12208E-1 1.32904E-1 1.37617E-1 1.46899E-1 1.63442E-1 1.80238E-1 2.11761E-1 2.14162E-1 2.23604E-1 2.22719E-1 1.96732E-1 1.69937E-1 1.43452E-1 1.2144E-1 1.16346E-1 1.20513E-1 1.32747E-1 1.30762E-1 1.28506E-1 1.4796E-1 1.31428E-1 1.33553E-1 1.31163E-1 1.36548E-1 1.65036E-1 1.60125E-1 1.5222E-1 1.34939E-1 1.40858E-1 1.55813E-1 1.64609E-1 1.74014E-1 1.72749E-1 1.743E-1 1.76066E-1 1.79528E-1 1.84903E-1 1.85988E-1 1.85364E-1 1.8325E-1 1.88984E-1 1.87063E-1 1.99376E-1 2.05085E-1 2.09567E-1 2.23007E-1 2.48719E-1 2.80519E-1
4.59133E-1 6.6601E-1 6.7626E-1 4.30267E-1 1.86627E-1 1.15092E-1 8.11731E-2 6.99176E-2 6.90535E-2 7.60301E-2 7.71477E-2 9.26247E-2 1.1029E-1 1.34257E-1 1.25345E-1 1.3012E-1 1.4864E-1 1.5412E-1 1.72315E-1 1.88302E-1 1.76668E-1 1.65595E-1 1.61503E-1 1.50133E-1 1.26904E-1 1.40004E-1 1.32389E-1 1.33325E-1 1.55205E-1 1.77094E-1 2.09411E-1 1.93204E-1 1.78501E-1 1.62636E-1 1.32433E-1 1.27822E-1 1.49035E-1 1.55255E-1 1.37883E-1 1.27816E-1 1.29393E-1 1.52421E-1 1.64781E-1 1.82778E-1 1.8357E-1 1.79918E-1 1.79226E-1 1.76244E-1 1.7541E-1 1.80678E-1 1.8483E-1 1.90268E-1 1.85475E-1 1.76865E-1 1.81509E-1 1.85405E-1 2.01562E-1 2.20775E-1 2.33126E-1 2.34514E-1 2.57248E-1
1.54382E-1 3.92329E-1 6.33066E-1 6.51565E-1 4.33667E-1 2.56983E-1 1.33668E-1 1.09235E-1 9.68708E-2 1.40761E-1 1.26775E-1 1.16822E-1 1.36243E-1 1.77741E-1 1.79431E-1 1.56326E-1 1.5628E-1 1.58092E-1 1.59272E-1 2.30321E-1 2.87102E-1 2.13991E-1 2.34677E-1 2.09493E-1 1.59138E-1 1.19421E-1 1.19998E-1 1.20091E-1 1.4298E-1 1.88836E-1 2.67585E-1 2.30733E-1 2.13822E-1 2.16231E-1 2.03321E-1 1.8895E-1 1.90758E-1 1.49573E-1 1.43224E-1 1.5414E-1 1.74213E-1 1.72799E-1 1.64598E-1 1.6928E-1 1.7035E-1 1.72532E-1 1.7389E-1 1.76222E-1 1.83539E-1 1.90736E-1 1.9109E-1 1.77449E-1 1.81563E-1 1.87519E-1 1.88514E-1 1.98529E-1 2.14296E-1 2.17434E-1 2.32479E-1 2.42401E-1 2.63542E-1
1.17422E-1 1.49188E-1 2.96677E-1 4.66889E-1 5.52204E-1 3.57143E-1 2.55752E-1 1.63893E-1 1.40052E-1 1.32978E-1 1.27322E-1 1.19132E-1 1.31127E-1 1.43303E-1 1.37015E-1 1.28695E-1 1.34747E-1 1.44966E-1 1.4071E-1 1.94367E-1 3.0926E-1 3.42757E-1 3.65067E-1 2.83516E-1 2.01503E-1 1.44136E-1 1.30609E-1 1.25432E-1 1.24968E-1 1.56521E-1 2.13872E-1 1.64104E-1 1.66569E-1 1.66022E-1 1.61218E-1 1.77963E-1 1.76781E-1 1.85786E-1 2.02617E-1 1.98107E-1 1.83644E-1 1.53992E-1 1.50824E-1 1.65488E-1 1.74051E-1 1.79042E-1 1.84148E-1 1.92614E-1 1.97684E-1 1.99115E-1 2.03297E-1 2.07024E-1 2.12373E-1 2.02182E-1 2.10765E-1 2.06546E-1 2.14553E-1 2.29994E-1 2.30264E-1 2.40414E-1 2.53034E-1
9.55268E-2 1.04183E-1 1.40434E-1 2.11285E-1 2.54963E-1 2.6201E-1 2.48979E-1 2.13144E-1 1.55207E-1 1.4434E-1 1.4516E-1 1.60084E-1 1.3954E-1 1.34084E-1 1.39517E-1 1.41988E-1 1.41563E-1 1.90477E-1 2.25311E-1 2.1718E-1 2.44298E-1 2.52993E-1 3.49585E-1 3.72323E-1 3.1293E-1 2.2765E-1 1.85593E-1 1.31562E-1 1.25422E-1 1.36089E-1 1.17489E-1 9.70432E-2 1.16756E-1 1.31741E-1 1.28294E-1 1.33293E-1 1.54851E-1 1.74436E-1 1.83502E-1 1.84482E-1 1.67184E-1 1.40001E-1 1.53848E-1 1.66239E-1 1.74641E-1 1.79009E-1 1.91629E-1 1.95918E-1 1.99964E-1 2.13465E-1 2.15471E-1 2.1875E-1 2.18557E-1 2.08241E-1 2.17316E-1 2.11621E-1 2.2658E-1 2.47486E-1 2.60441E-1 2.63186E-1 2.66416E-1
7.69487E-2 8.55864E-2 9.99057E-2 1.46096E-1 2.16686E-1 2.28542E-1 2.00507E-1 1.54219E-1 1.36433E-1 1.22558E-1 1.23085E-1 1.50782E-1 1.76367E-1 1.74072E-1 2.54496E-1 1.96748E-1 1.90647E-1 2.4787E-1 3.21469E-1 2.46143E-1 2.1729E-1 2.06901E-1 2.11612E-1 2.65423E-1 3.15195E-1 2.77711E-1 1.94317E-1 1.14731E-1 1.00119E-1 9.91149E-2 8.9622E-2 9.81796E-2 9.4797E-2 1.09146E-1 1.28992E-1 1.58833E-1 1.68048E-1 1.71765E-1 1.76479E-1 1.84436E-1 1.64038E-1 1.46385E-1 1.50066E-1 1.54048E-1 1.7136E-1 1.76549E-1 1.78949E-1 1.93712E-1 2.08485E-1 2.26173E-1 2.33366E-1 2.30813E-1 2.33997E-1 2.27923E-1 2.23095E-1 2.18439E-1 2.32501E-1 2.43874E-1 2.56976E-1 2.61867E-1 2.64739E-1
7.36973E-2 8.20328E-2 1.03728E-1 1.5664E-1 1.81263E-1 1.61039E-1 1.25163E-1 1.04686E-1 9.07901E-2 8.62694E-2 9.39909E-2 1.10723E-1 1.32536E-1 1.33103E-1 1.5768E-1 2.11875E-1 2.19528E-1 2.37774E-1 2.85463E-1 2.31104E-1 2.11504E-1 1.73201E-1 1.86191E-1 1.98276E-1 2.15958E-1 2.37692E-1 1.76761E-1 1.0589E-1 1.02094E-1 1.21566E-1 1.08477E-1 9.64724E-2 9.83752E-2 1.02072E-1 1.19766E-1 1.40706E-1 1.7045E-1 1.77303E-1 1.63681E-1 1.51291E-1 1.42522E-1 1.48181E-1 1.4814E-1 1.49559E-1 1.66051E-1 1.8063E-1 1.83579E-1 2.0084E-1 2.2575E-1 2.43701E-1 2.52182E-1 2.52551E-1 2.3266E-1 2.25012E-1 2.28558E-1 2.36182E-1 2.32345E-1 2.48125E-1 2.5889E-1 2.63787E-1 2.5439E-1
7.17797E-2 8.362E-2 1.02889E-1 1.31067E-1 1.39762E-1 1.08222E-1 9.66637E-2 8.47948E-2 7.75726E-2 7.62524E-2 8.02142E-2 9.33693E-2 1.09532E-1 1.39972E-1 1.57169E-1 1.81609E-1 1.80488E-1 1.943E-1 2.17262E-1 1.99815E-1 1.70134E-1 1.61205E-1 1.55578E-1 1.66169E-1 1.85524E-1 1.98469E-1 1.83322E-1 1.52836E-1 1.57052E-1 1.58684E-1 1.20979E-1 1.04914E-1 1.06748E-1 1.06782E-1 1.17706E-1 1.27547E-1 1.46207E-1 1.61323E-1 1.74332E-1 1.72426E-1 1.57605E-1 1.52824E-1 1.48483E-1 1.49726E-1 1.68384E-1 1.83758E-1 2.09821E-1 2.31497E-1 2.66003E-1 2.82196E-1 2.8223E-1 2.58224E-1 2.3932E-1 2.32739E-1 2.37154E-1 2.52155E-1 2.53269E-1 2.45193E-1 2.50415E-1 2.56743E-1 2.50625E-1
7.58972E-2 9.11017E-2 9.34802E-2 1.05527E-1 1.19639E-1 1.01184E-1 9.73376E-2 7.97726E-2 7.53507E-2 6.77914E-2 7.51872E-2 1.00315E-1 1.13268E-1 1.36467E-1 1.65585E-1 1.55558E-1 1.6095E-1 1.81269E-1 2.48315E-1 2.61189E-1 2.10031E-1 1.85946E-1 1.63599E-1 1.57872E-1 1.65091E-1 1.82739E-1 1.86235E-1 2.19787E-1 2.34829E-1 2.3011E-1 1.98591E-1 1.50838E-1 1.52326E-1 1.57315E-1 1.37937E-1 1.5187E-1 1.52449E-1 1.41783E-1 1.33519E-1 1.48527E-1 1.68838E-1 1.63255E-1 1.47554E-1 1.48415E-1 1.63484E-1 1.95046E-1 2.55284E-1 2.83688E-1 2.91944E-1 2.90446E-1 2.77708E-1 2.55994E-1 2.28114E-1 2.21125E-1 2.19978E-1 2.36134E-1 2.47188E-1 2.41881E-1 2.39657E-1 2.50051E-1 2.52077E-1
7.88481E-2 1.01645E-1 9.5184E-2 9.06081E-2 1.02683E-1 9.68444E-2 8.72205E-2 8.78687E-2 9.01658E-2 7.58807E-2 7.63239E-2 1.0265E-1 1.34298E-1 2.14711E-1 1.7905E-1 1.6986E-1 1.52054E-1 1.65089E-1 3.62435E-1 3.39449E-1 3.72641E-1 2.26059E-1 1.65746E-1 1.53759E-1 1.61498E-1 1.9509E-1 1.92296E-1 2.12997E-1 2.29357E-1 2.29391E-1 2.17696E-1 1.88403E-1 1.95331E-1 2.01156E-1 1.62384E-1 1.54611E-1 1.58883E-1 1.60428E-1 1.47843E-1 1.43555E-1 1.41441E-1 1.47829E-1 1.56489E-1 1.53593E-1 1.66641E-1 2.06525E-1 2.54286E-1 2.78537E-1 2.86177E-1 2.78068E-1 2.50324E-1 2.18695E-1 1.93084E-1 1.97644E-1 2.08771E-1 2.09861E-1 2.22611E-1 2.28152E-1 2.18787E-1 2.24063E-1 2.24677E-1
8.15121E-2 9.97465E-2 1.1732E-1 1.41023E-1 1.11989E-1 1.12887E-1 1.15886E-1 1.00393E-1 1.00001E-1 9.13714E-2 9.15167E-2 1.11989E-1 1.62072E-1 2.58354E-1 2.90187E-1 2.93295E-1 1.958E-1 1.7412E-1 3.78621E-1 6.33893E-1 6.68724E-1 3.74563E-1 1.95501E-1 1.52274E-1 1.48859E-1 2.0559E-1 1.93706E-1 2.08321E-1 2.26686E-1 2.2646E-1 2.06326E-1 2.07358E-1 2.24749E-1 2.35871E-1 1.84087E-1 1.64147E-1 1.69665E-1 1.73498E-1 1.71614E-1 1.84681E-1 1.93281E-1 1.72467E-1 1.52279E-1 1.52616E-1 1.63263E-1 1.89381E-1 2.36757E-1 2.5433E-1 2.67522E-1 2.55037E-1 2.06764E-1 1.84448E-1 1.84202E-1 1.85124E-1 1.89629E-1 1.96262E-1 2.02566E-1 2.1214E-1 2.15399E-1 1.99154E-1 2.06422E-1
8.85506E-2 1.18738E-1 1.51346E-1 1.66181E-1 1.33852E-1 1.41919E-1 1.495E-1 1.14219E-1 1.02811E-1 1.05274E-1 1.33458E-1 1.43818E-1 2.07078E-1 3.17698E-1 4.04735E-1 7.09213E-1 4.94287E-1 2.9137E-1 3.86182E-1 6.25382E-1 6.82257E-1 4.08846E-1 2.58742E-1 1.7563E-1 1.60392E-1 2.42261E-1 2.02746E-1 2.00143E-1 2.15763E-1 2.04149E-1 1.7908E-1 1.62506E-1 1.34536E-1 1.26015E-1 1.37545E-1 1.44741E-1 1.53351E-1 1.48304E-1 1.49524E-1 1.59626E-1 1.64997E-1 1.67842E-1 1.61734E-1 1.66041E-1 1.65193E-1 1.72899E-1 2.03687E-1 2.27203E-1 1.9323E-1 1.75234E-1 1.57266E-1 1.59379E-1 1.58465E-1 1.72812E-1 1.79925E-1 1.82654E-1 1.96141E-1 2.02123E-1 1.9594E-1 1.893E-1 1.90171E-1
1.05731E-1 1.45053E-1 1.97582E-1 2.03611E-1 2.14782E-1 1.46899E-1 1.46971E-1 1.33089E-1 1.38232E-1 1.5977E-1 1.51121E-1 2.0744E-1 2.7354E-1 3.63495E-1 5.05934E-1 6.23567E-1 7.5404E-1 7.20555E-1 6.32307E-1 6.16579E-1 6.5843E-1 5.43019E-1 3.77905E-1 2.60506E-1 2.41309E-1 2.30521E-1 2.07977E-1 2.05632E-1 2.07126E-1 1.88736E-1 1.56755E-1 1.21911E-1 1.02058E-1 1.04434E-1 1.17122E-1 1.29597E-1 1.35161E-1 1.4036E-1 1.42796E-1 1.46817E-1 1.54317E-1 1.65359E-1 1.61788E-1 1.53167E-1 1.53249E-1 1.55732E-1 1.60137E-1 1.64157E-1 1.57442E-1 1.4517E-1 1.42401E-1 1.56597E-1 1.58325E-1 1.74035E-1 1.80687E-1 1.76811E-1 1.81592E-1 1.85684E-1 1.90139E-1 1.88662E-1 1.8929E-1
1.69913E-1 1.90172E-1 1.7072E-1 1.73328E-1 2.58486E-1 1.71369E-1 1.42099E-1 1.88233E-1 1.92467E-1 1.71772E-1 2.62669E-1 3.20316E-1 3.69742E-1 5.8038E-1 6.30902E-1 6.74758E-1 7.40413E-1 8.07889E-1 7.74498E-1 7.12281E-1 6.87152E-1 6.65708E-1 4.98912E-1 5.06724E-1 3.83393E-1 2.30015E-1 2.18804E-1 1.95785E-1 1.6569E-1 1.46572E-1 1.28688E-1 9.95252E-2 9.61905E-2 1.06468E-1 1.14619E-1 1.22887E-1 1.0894E-1 1.10094E-1 1.3222E-1 1.4014E-1 1.49318E-1 1.46143E-1 1.54988E-1 1.59592E-1 1.50882E-1 1.55905E-1 1.51337E-1 1.57753E-1 1.58349E-1 1.60267E-1 1.44012E-1 1.56174E-1 1.57637E-1 1.69257E-1 2.00805E-1 2.01643E-1 1.88743E-1 1.7078E-1 1.75641E-1 1.79711E-1 1.80544E-1
4.39326E-1 2.92917E-1 2.49776E-1 2.25006E-1 1.36342E-1 1.3552E-1 1.89438E-1 1.47221E-1 1.96902E-1 2.61186E-1 3.76631E-1 4.58805E-1 5.00897E-1 6.89563E-1 7.37468E-1 7.59955E-1 7.33838E-1 7.6926E-1 7.76827E-1 7.33715E-1 7.04905E-1 6.67556E-1 6.65217E-1 5.83934E-1 4.21979E-1 2.6903E-1 2.17996E-1 1.54396E-1 1.35201E-1 1.11454E-1 1.00877E-1 9.27247E-2 8.75735E-2 1.00184E-1 9.94941E-2 1.00536E-1 9.33697E-2 9.77629E-2 1.08693E-1 1.20287E-1 1.46374E-1 1.56404E-1 1.57746E-1 1.60477E-1 1.53616E-1 1.3679E-1 1.37848E-1 1.49675E-1 1.57182E-1 1.5186E-1 1.56033E-1 1.55633E-1 1.64802E-1 1.6838E-1 1.72532E-1 1.75862E-1 1.9028E-1 1.98185E-1 1.87458E-1 1.69637E-1 1.66386E-1
1.92238E-1 1.24202E-1 1.44436E-1 1.82431E-1 2.24655E-1 2.2933E-1 2.23803E-1 1.9762E-1 2.34099E-1 2.90731E-1 3.90396E-1 4.71024E-1 5.19493E-1 5.657E-1 6.47465E-1 7.21813E-1 6.92074E-1 8.00593E-1 7.60974E-1 7.2408E-1 7.14083E-1 6.79775E-1 7.24966E-1 6.93245E-1 5.7352E-1 4.48449E-1 2.6554E-1 1.51727E-1 1.23487E-1 1.10884E-1 9.52246E-2 8.04248E-2 8.3968E-2 9.03241E-2 9.09749E-2 9.28489E-2 9.13358E-2 8.99179E-2 1.00596E-1 1.38135E-1 1.56835E-1 1.48821E-1 1.48369E-1 1.51684E-1 1.50527E-1 1.3681E-1 1.28467E-1 1.4354E-1 1.6305E-1 1.59535E-1 1.60774E-1 1.7099E-1 1.64108E-1 1.752E-1 1.67275E-1 1.56621E-1 1.58978E-1 1.69392E-1 1.93451E-1 1.83979E-1 1.82471E-1
