data/maxent/outputs/white_342.asc
ncols         426
nrows         180
xllcorner     -130.0
yllcorner     24.0
cellsize      0.16666666666666666
NODATA_value  -9999
[rows 108 to 134 of 180, columns 61 to 121 of 426]
5.56054E-2 8.99078E-2 7.45882E-2 1.00661E-1 1.32301E-1 2.6501E-1 8.30655E-1 4.66096E-1 4.03969E-1 1.4619E-1 2.03759E-1 3.07401E-1 9.28015E-2 1.77533E-1 1.50652E-1 6.49292E-2 1.65706E-1 8.83747E-2 5.88743E-2 7.12122E-2 7.79601E-2 4.85484E-2 4.98391E-2 2.94842E-2 2.66702E-2 5.06459E-2 4.89128E-2 4.69369E-2 8.64623E-2 8.22186E-2 1.23759E-1 1.27848E-1 9.92399E-2 9.18357E-2 6.43421E-2 3.78356E-2 4.42631E-2 4.87055E-2 3.88108E-2 4.72373E-2 1.3576E-2 7.26305E-3 6.02627E-3 5.7256E-3 6.12896E-3 5.4911E-3 4.12339E-3 5.50971E-3 5.59994E-3 6.72843E-3 4.9323E-3 3.39166E-3 3.6388E-3 3.84931E-3 3.55444E-3 4.2776E-3 3.84227E-3 4.21074E-3 4.13022E-3 5.33361E-3 3.45932E-3
7.04718E-2 8.2014E-2 7.4066E-2 9.19324E-2 1.10952E-1 2.90551E-1 7.26933E-1 6.45064E-1 7.28977E-1 5.66391E-1 5.07333E-1 3.00451E-1 1.64573E-2 2.77429E-2 7.1064E-2 7.28524E-2 7.41804E-2 6.60916E-2 6.38637E-2 7.12897E-2 9.50473E-2 8.28592E-2 5.1771E-2 9.15799E-2 4.90281E-2 2.83441E-2 5.06111E-2 5.26715E-2 9.63783E-2 1.10212E-1 1.58647E-1 1.51106E-1 8.69022E-2 9.16907E-2 5.3182E-2 5.24091E-2 3.53261E-2 3.77979E-2 4.36581E-2 3.87373E-2 1.54289E-2 1.02601E-2 7.7056E-3 5.22182E-3 5.41922E-3 4.97657E-3 4.77076E-3 4.0452E-3 4.899E-3 5.95828E-3 4.3884E-3 3.49693E-3 3.51451E-3 3.44214E-3 3.28959E-3 2.87183E-3 2.98576E-3 4.71483E-3 3.97834E-3 3.78797E-3 3.52773E-3
1.56001E-1 9.55541E-2 8.30787E-2 8.13441E-2 1.21061E-1 2.64918E-1 7.56583E-1 7.49301E-1 7.0207E-1 5.45304E-1 5.02841E-1 1.94035E-1 4.87997E-2 3.48506E-2 2.95989E-2 5.59771E-2 5.99799E-2 8.84415E-2 6.57767E-2 6.72168E-2 9.96506E-2 7.22548E-2 7.45929E-2 6.28306E-2 4.71765E-2 6.30098E-2 4.45427E-2 8.51891E-2 9.71561E-2 1.23637E-1 1.65956E-1 1.8496E-1 9.14193E-2 9.67836E-2 5.25245E-2 3.92343E-2 4.29673E-2 2.13925E-2 2.0799E-2 1.37345E-2 1.40687E-2 1.1074E-2 9.47672E-3 7.54007E-3 6.73769E-3 7.19525E-3 7.282E-3 6.26627E-3 7.6219E-3 9.11802E-3 6.6811E-3 4.04092E-3 3.53488E-3 3.05514E-3 2.90573E-3 3.06179E-3 3.97666E-3 4.6787E-3 3.66018E-3 2.95287E-3 3.33673E-3
2.47675E-1 1.1026E-1 7.07535E-2 5.32345E-2 8.73128E-2 1.26165E-1 6.55624E-1 7.9249E-1 6.65589E-1 5.23584E-1 4.13079E-1 1.42281E-1 9.18912E-2 1.00039E-1 4.81395E-2 8.54464E-2 9.21984E-2 6.90397E-2 7.4834E-2 7.65598E-2 7.22028E-2 6.27135E-2 5.68908E-2 8.0961E-2 5.76753E-2 5.3491E-2 5.98459E-2 7.75866E-2 1.07514E-1 1.46224E-1 1.41519E-1 1.53516E-1 1.45711E-1 9.92334E-2 9.75557E-2 4.07319E-2 4.5167E-2 2.5575E-2 2.07252E-2 1.20472E-2 1.05448E-2 1.48192E-2 1.62327E-2 1.09176E-2 1.35785E-2 1.40137E-2 1.25766E-2 7.82128E-3 6.50541E-3 8.66746E-3 1.02994E-2 7.81348E-3 4.69468E-3 2.974E-3 2.41013E-3 2.84578E-3 5.31352E-3 6.09323E-3 5.04781E-3 3.13017E-3 3.39372E-3
5.11355E-1 2.75845E-1 1.35404E-1 5.76779E-2 8.65043E-2 9.98143E-2 2.98953E-1 7.11989E-1 6.57133E-1 5.81307E-1 2.51627E-1 3.60665E-2 5.34661E-2 3.17134E-2 3.39935E-2 7.7167E-2 3.61274E-2 5.91733E-2 7.45035E-2 5.29267E-2 7.8931E-2 6.22075E-2 4.46404E-2 3.93592E-2 8.96463E-2 8.62058E-2 8.49904E-2 1.12027E-1 1.19866E-1 1.39207E-1 1.92844E-1 1.72237E-1 2.0938E-1 1.04836E-1 1.14437E-1 5.09301E-2 5.62982E-2 4.90215E-2 2.42627E-2 1.62628E-2 1.79486E-2 1.17691E-2 1.9468E-2 1.13964E-2 1.88706E-2 2.53776E-2 1.33036E-2 6.34495E-3 6.99671E-3 1.13351E-2 1.34732E-2 1.44863E-2 9.32786E-3 3.55848E-3 2.12793E-3 2.97387E-3 4.29381E-3 5.44025E-3 3.79567E-3 3.34381E-3 2.87158E-3
4.75338E-1 3.13057E-1 2.53328E-1 1.6725E-1 1.83725E-1 1.97309E-1 4.61542E-1 6.25554E-1 5.52092E-1 4.68225E-1 9.62959E-2 1.98673E-2 1.43987E-2 1.74807E-2 1.43542E-2 2.07834E-2 5.25661E-2 7.91007E-2 3.2813E-2 4.50907E-2 4.13984E-2 4.76841E-2 3.08425E-2 3.2922E-2 1.08447E-1 1.10595E-1 1.5673E-1 1.60253E-1 1.28223E-1 1.40599E-1 1.76841E-1 1.40039E-1 2.45758E-1 1.39E-1 1.63169E-1 1.52409E-1 7.81377E-2 7.22026E-2 5.29625E-2 2.52526E-2 2.0075E-2 2.33668E-2 1.55816E-2 2.14116E-2 1.99433E-2 4.8714E-2 3.13628E-2 2.58176E-2 1.43963E-2 1.02849E-2 1.35602E-2 2.06382E-2 1.35558E-2 6.80405E-3 3.26472E-3 2.63292E-3 2.96715E-3 3.70298E-3 2.89547E-3 4.07396E-3 3.51595E-3
7.31255E-1 5.04133E-1 6.11009E-1 7.0141E-1 7.18702E-1 6.2706E-1 6.77146E-1 6.83458E-1 5.73279E-1 2.7566E-1 7.65564E-2 1.87098E-2 1.16581E-2 1.7172E-2 1.50834E-2 1.53842E-2 2.85687E-2 5.18158E-2 3.67107E-2 4.44222E-2 9.27882E-2 4.87201E-2 6.4913E-2 4.37251E-2 4.80546E-2 1.86557E-1 1.48778E-1 1.28396E-1 1.34405E-1 1.48179E-1 1.68441E-1 1.00825E-1 2.33826E-1 1.95786E-1 1.42945E-1 1.85801E-1 1.30261E-1 1.26081E-1 6.967E-2 5.52323E-2 2.9513E-2 4.78153E-2 2.06945E-2 1.80094E-2 2.78915E-2 4.08239E-2 8.67153E-2 1.22638E-1 1.03126E-1 1.74534E-2 7.21485E-3 1.61368E-2 1.65281E-2 1.11358E-2 6.35721E-3 4.74675E-3 3.58036E-3 4.02108E-3 3.09485E-3 3.4254E-3 3.24048E-3
8.80737E-1 8.04329E-1 6.18123E-1 5.89266E-1 3.71362E-1 6.38201E-1 6.93433E-1 7.14042E-1 6.59598E-1 2.35373E-1 7.84089E-2 2.91142E-2 4.3052E-2 4.2986E-2 1.8487E-2 3.47643E-2 1.33138E-1 2.07245E-1 3.34125E-1 1.89661E-1 7.20953E-2 5.98592E-2 5.24282E-2 9.61825E-2 1.91589E-1 1.74036E-1 1.68999E-1 8.26978E-2 1.65805E-1 1.18161E-1 1.89977E-1 1.54161E-1 1.74715E-1 1.7337E-1 1.37994E-1 1.77349E-1 1.89766E-1 1.7764E-1 1.296E-1 9.49934E-2 5.38999E-2 5.85126E-2 3.19157E-2 2.59289E-2 2.56409E-2 5.63638E-2 8.53937E-2 7.65913E-2 1.22223E-1 4.7006E-2 1.19198E-2 7.67567E-3 1.20308E-2 1.54702E-2 1.00833E-2 7.17122E-3 6.05999E-3 4.58317E-3 3.68505E-3 3.23993E-3 3.02402E-3
9.32566E-1 8.96609E-1 8.78833E-1 8.429E-1 7.57053E-1 8.86799E-1 9.09696E-1 9.1568E-1 8.80073E-1 6.39023E-1 2.58141E-1 1.42149E-1 1.14393E-1 9.38067E-2 4.53772E-2 1.16261E-1 3.51177E-1 2.75743E-1 3.86344E-1 3.16496E-1 2.11951E-1 1.75247E-1 5.7156E-2 3.45691E-2 4.99109E-2 4.74149E-2 5.60013E-2 1.60132E-1 1.44942E-1 1.29891E-1 1.29063E-1 2.21342E-1 2.10704E-1 2.48818E-1 1.66232E-1 1.43053E-1 2.18737E-1 2.57819E-1 2.47235E-1 1.94968E-1 1.58831E-1 1.05916E-1 5.43348E-2 6.03254E-2 5.03651E-2 5.76251E-2 8.13113E-2 7.32356E-2 8.82925E-2 5.67588E-2 1.50103E-2 8.76232E-3 1.17328E-2 1.09357E-2 1.16486E-2 1.21717E-2 6.63163E-3 5.99929E-3 4.55937E-3 5.07182E-3 4.65793E-3
9.60131E-1 9.66193E-1 9.68686E-1 9.67704E-1 9.41141E-1 9.38559E-1 9.49994E-1 8.69926E-1 9.06155E-1 8.31954E-1 6.8556E-1 5.69467E-1 4.59842E-1 4.28687E-1 4.12761E-1 3.60654E-1 5.08784E-1 4.19467E-1 3.968E-1 1.89728E-1 1.63425E-1 1.43733E-1 1.43748E-1 7.53646E-2 4.24132E-2 2.82854E-2 3.20667E-2 1.15161E-1 1.10344E-1 1.29457E-1 1.7106E-1 1.45448E-1 2.00632E-1 2.55411E-1 2.45873E-1 2.12794E-1 2.45475E-1 2.59521E-1 2.83633E-1 2.87536E-1 2.63047E-1 1.12483E-1 7.51439E-2 7.01929E-2 8.06605E-2 9.68642E-2 9.40146E-2 1.05809E-1 1.37601E-1 8.03249E-2 4.27844E-2 2.66089E-2 1.59312E-2 1.18849E-2 1.06633E-2 9.85102E-3 1.34688E-2 1.14392E-2 7.59617E-3 1.01502E-2 1.09097E-2
-9999 -9999 9.61208E-1 8.31495E-1 8.16716E-1 9.2624E-1 9.12823E-1 9.47297E-1 9.78381E-1 9.82188E-1 9.58154E-1 9.51955E-1 8.6613E-1 6.3505E-1 8.8359E-1 8.11015E-1 4.46996E-1 2.32656E-1 2.64753E-1 5.98397E-1 2.80848E-1 9.44609E-2 5.17728E-2 5.76734E-2 9.66642E-2 4.62282E-2 2.73892E-2 3.90092E-2 5.0153E-2 1.83877E-1 2.38285E-1 1.66575E-1 2.51824E-1 2.7089E-1 2.3617E-1 1.96E-1 2.23822E-1 2.34823E-1 1.79725E-1 2.13722E-1 2.08725E-1 1.52723E-1 1.4402E-1 9.55971E-2 1.0926E-1 1.73313E-1 1.75226E-1 1.32067E-1 2.35052E-1 1.32121E-1 6.41343E-2 5.53493E-2 5.89345E-2 3.26455E-2 1.9983E-2 2.14709E-2 2.26425E-2 2.582E-2 1.99267E-2 1.81382E-2 1.52152E-2
9.46242E-1 8.71865E-1 5.84699E-1 8.2487E-1 7.54074E-1 9.41976E-1 9.32918E-1 9.74506E-1 9.88241E-1 9.98004E-1 9.95662E-1 9.92123E-1 9.54855E-1 9.58891E-1 9.77304E-1 9.46371E-1 9.05318E-1 4.48268E-1 4.06889E-1 7.77735E-1 5.46835E-1 3.31422E-1 2.80414E-1 1.38291E-1 4.15602E-2 6.08105E-2 8.57279E-2 5.4393E-2 5.68046E-2 6.60657E-2 9.22543E-2 1.35749E-1 1.11567E-1 1.04919E-1 1.10853E-1 1.30879E-1 1.69573E-1 1.47916E-1 2.34504E-1 2.09863E-1 1.44183E-1 1.52199E-1 1.99875E-1 2.35858E-1 2.93111E-1 3.8472E-1 3.99458E-1 1.80054E-1 3.38979E-1 2.28841E-1 1.28316E-1 1.486E-1 5.09609E-2 4.05045E-2 4.16117E-2 3.5371E-2 4.11242E-2 3.78276E-2 3.9839E-2 2.86541E-2 1.61204E-2
9.33054E-1 9.0338E-1 -9999 -9999 -9999 -9999 -9999 -9999 9.56835E-1 9.93789E-1 9.97266E-1 9.95943E-1 9.85309E-1 9.74603E-1 9.71993E-1 9.36806E-1 8.57075E-1 8.288E-1 8.52088E-1 6.47646E-1 4.16804E-1 5.42222E-1 4.35486E-1 2.46916E-1 6.97112E-2 7.03652E-2 6.56187E-2 4.99496E-2 1.04672E-1 1.00777E-1 8.58803E-2 1.31807E-1 6.726E-2 7.98313E-2 9.90135E-2 1.00009E-1 1.40355E-1 1.82716E-1 1.4195E-1 1.55034E-1 1.44531E-1 1.90735E-1 2.60929E-1 3.20737E-1 4.06833E-1 4.86615E-1 4.61901E-1 3.59937E-1 3.6303E-1 3.93171E-1 1.9549E-1 2.16177E-1 7.92377E-2 7.19779E-2 7.09983E-2 7.28324E-2 5.78385E-2 3.27528E-2 4.20527E-2 4.46215E-2 2.44905E-2
-9999 -9999 -9999 -9999 -9999 -9999 -9999 -9999 9.73052E-1 9.86572E-1 9.87447E-1 9.96647E-1 9.92178E-1 9.8754E-1 9.57044E-1 8.41402E-1 7.86481E-1 7.93697E-1 6.78942E-1 8.91703E-1 4.59588E-1 1.57336E-1 2.72097E-1 2.92781E-1 1.86574E-1 1.2483E-1 4.38792E-2 3.25514E-2 7.97055E-2 8.26965E-2 6.47366E-2 8.33807E-2 7.17932E-2 8.56779E-2 1.68332E-1 9.39232E-2 1.48923E-1 1.43289E-1 2.30907E-1 2.23688E-1 2.42425E-1 2.25318E-1 2.40285E-1 2.33302E-1 3.11785E-1 3.88257E-1 4.03224E-1 3.85988E-1 4.19529E-1 4.98384E-1 2.598E-1 3.47253E-1 3.1933E-1 2.15624E-1 2.10715E-1 1.32595E-1 8.25829E-2 4.68473E-2 3.43573E-2 3.50863E-2 2.64848E-2
-9999 -9999 -9999 -9999 -9999 -9999 -9999 -9999 -9999 -9999 9.74908E-1 9.84621E-1 9.91539E-1 9.82589E-1 9.83737E-1 9.36549E-1 8.75462E-1 8.1592E-1 6.52307E-1 6.06227E-1 7.39283E-1 3.72817E-1 6.48535E-2 1.19991E-1 1.50377E-1 7.87947E-2 1.61304E-1 1.01589E-1 4.06389E-2 4.07542E-2 5.21641E-2 4.49628E-2 1.18558E-1 1.30582E-1 1.93987E-1 1.81656E-1 1.31084E-1 1.1927E-1 1.16075E-1 1.31212E-1 2.50907E-1 2.53838E-1 2.13212E-1 3.28182E-1 1.84706E-1 2.56915E-1 3.36875E-1 3.69989E-1 4.34351E-1 4.36035E-1 5.90864E-1 4.77262E-1 3.64725E-1 3.25685E-1 1.80755E-1 1.61862E-1 1.37178E-1 8.55275E-2 4.57038E-2 2.65144E-2 3.01027E-2
-9999 -9999 -9999 -9999 9.6539E-2 -9999 -9999 7.64008E-1 9.52397E-1 9.13953E-2 -9999 -9999 9.83958E-1 9.81081E-1 9.92206E-1 9.78277E-1 9.73341E-1 8.96188E-1 6.99049E-1 6.98393E-1 7.9458E-1 7.40956E-1 2.23574E-1 9.23792E-2 1.29551E-1 1.24803E-1 1.07574E-1 1.02518E-1 6.20629E-2 6.1186E-2 5.10759E-2 5.91535E-2 1.33903E-1 9.98506E-2 2.25002E-1 2.08571E-1 2.10021E-1 1.69756E-1 1.85523E-1 2.04191E-1 1.80291E-1 1.9876E-1 1.7156E-1 1.54661E-1 1.36574E-1 1.55826E-1 2.48741E-1 2.94044E-1 3.47604E-1 3.8837E-1 5.19204E-1 4.58889E-1 3.17249E-1 2.43576E-1 2.29059E-1 1.92426E-1 1.40494E-1 9.01076E-2 6.3181E-2 4.77463E-2 1.92323E-2
-9999 5.88379E-1 5.42932E-1 -9999 -9999 -9999 -9999 -9999 8.07821E-1 9.52124E-1 -9999 -9999 -9999 -9999 9.70176E-1 9.69759E-1 9.86236E-1 9.47111E-1 6.85232E-1 6.36089E-1 8.29931E-1 3.80707E-1 2.24603E-1 8.11076E-2 1.28735E-1 1.7211E-1 1.04099E-1 6.70548E-2 5.5369E-2 5.93769E-2 5.97896E-2 8.5997E-2 1.37699E-1 1.61285E-1 1.84097E-1 2.58661E-1 2.20065E-1 1.86578E-1 1.79048E-1 2.15366E-1 2.11474E-1 2.20728E-1 1.77473E-1 1.8363E-1 1.62496E-1 2.33168E-1 1.80906E-1 1.87737E-1 2.15008E-1 2.31598E-1 3.48766E-1 5.40394E-1 5.13015E-1 3.73544E-1 2.44832E-1 2.26571E-1 1.40834E-1 1.07173E-1 8.17749E-2 3.23247E-2 3.36094E-2
-9999 -9999 -9999 -9999 -9999 -9999 -9999 3.02129E-1 -9999 -9999 -9999 -9999 -9999 -9999 9.59583E-1 9.8449E-1 9.92601E-1 9.75832E-1 9.15779E-1 7.62088E-1 7.71461E-1 7.31007E-1 2.0989E-1 6.86043E-2 9.92724E-2 8.27287E-2 8.97412E-2 5.70208E-2 4.69442E-2 7.27935E-2 8.01725E-2 7.70951E-2 7.25813E-2 1.11136E-1 2.15494E-1 1.1596E-1 1.35803E-1 1.37816E-1 1.14113E-1 1.28117E-1 1.54949E-1 2.0659E-1 2.04684E-1 2.14728E-1 1.99746E-1 1.58212E-1 1.2739E-1 1.32538E-1 1.92942E-1 1.94626E-1 2.31065E-1 4.00798E-1 4.76239E-1 4.56885E-1 4.1698E-1 3.26409E-1 1.96171E-1 1.69709E-1 7.42136E-2 6.7258E-2 6.75292E-2
-9999 -9999 -9999 -9999 -9999 -9999 -9999 4.91038E-1 8.59754E-1 -9999 -9999 -9999 -9999 -9999 -9999 9.79956E-1 9.84709E-1 9.93585E-1 9.77098E-1 6.93808E-1 8.11382E-1 7.19474E-1 3.21489E-1 1.10507E-1 7.32597E-2 1.09443E-1 7.7976E-2 5.783E-2 3.26031E-2 4.15519E-2 6.81553E-2 7.67226E-2 5.9233E-2 7.84815E-2 1.1238E-1 8.51724E-2 6.36773E-2 7.65571E-2 7.36589E-2 1.00865E-1 1.27273E-1 1.25752E-1 1.56552E-1 1.96275E-1 2.50993E-1 1.65652E-1 1.43536E-1 1.14848E-1 1.50602E-1 1.32988E-1 1.80011E-1 3.14102E-1 3.6301E-1 3.40506E-1 2.83586E-1 3.05625E-1 1.96903E-1 1.85378E-1 7.95407E-2 3.35833E-2 4.36619E-2
-9999 -9999 -9999 -9999 -9999 -9999 -9999 -9999 5.99867E-1 -9999 -9999 -9999 -9999 -9999 -9999 9.49375E-1 9.85465E-1 9.90317E-1 9.87845E-1 9.09121E-1 7.5756E-1 6.85887E-1 5.35862E-1 1.90838E-1 8.72576E-2 6.77292E-2 7.24047E-2 7.05189E-2 5.32835E-2 3.48146E-2 4.13494E-2 4.38628E-2 5.46744E-2 7.83043E-2 5.33564E-2 3.5475E-2 5.91716E-2 5.2792E-2 8.03596E-2 8.77207E-2 9.81876E-2 1.37175E-1 2.11123E-1 2.24073E-1 2.59699E-1 1.72193E-1 2.35962E-1 1.21871E-1 1.09667E-1 1.10656E-1 2.13675E-1 2.20482E-1 3.28938E-1 3.24332E-1 2.71666E-1 2.31394E-1 2.24996E-1 1.13102E-1 1.16299E-1 1.10443E-1 3.88827E-2
-9999 -9999 -9999 -9999 -9999 -9999 -9999 -9999 -9999 -9999 -9999 -9999 -9999 -9999 -9999 -9999 9.45684E-1 9.91299E-1 9.90856E-1 9.53777E-1 6.99057E-1 4.51302E-1 4.32231E-1 3.82482E-1 1.20798E-1 1.48836E-1 1.0229E-1 9.82368E-2 6.06646E-2 4.58835E-2 3.22034E-2 3.64505E-2 4.91883E-2 6.80627E-2 4.67181E-2 5.5967E-2 5.34289E-2 6.77702E-2 6.95932E-2 1.00922E-1 1.56444E-1 1.67387E-1 2.17894E-1 2.38341E-1 2.22763E-1 1.4532E-1 1.58824E-1 1.33834E-1 1.29299E-1 1.23517E-1 1.4428E-1 1.77443E-1 3.20091E-1 2.59834E-1 2.62536E-1 1.79753E-1 1.80901E-1 1.31768E-1 4.7541E-2 6.98045E-2 7.10516E-2
-9999 -9999 -9999 -9999 -9999 -9999 -9999 -9999 -9999 -9999 -9999 -9999 -9999 -9999 -9999 2.82892E-1 9.75651E-1 9.87189E-1 9.79882E-1 9.44952E-1 8.29957E-1 5.90953E-1 3.68314E-1 4.90596E-1 1.4024E-1 1.4498E-1 1.07338E-1 8.74099E-2 7.64868E-2 8.28341E-2 6.89349E-2 4.71182E-2 3.608E-2 4.42524E-2 4.50371E-2 5.90864E-2 5.87897E-2 6.11542E-2 7.84633E-2 1.10671E-1 1.91905E-1 2.2037E-1 1.96431E-1 2.12256E-1 1.86393E-1 1.49335E-1 1.43441E-1 1.21735E-1 1.01971E-1 1.58523E-1 1.62789E-1 1.05515E-1 2.02223E-1 2.97499E-1 2.57141E-1 1.82181E-1 1.01202E-1 1.28883E-1 8.29504E-2 2.9512E-2 5.4671E-2
-9999 -9999 -9999 -9999 -9999 -9999 -9999 -9999 -9999 -9999 -9999 -9999 -9999 -9999 -9999 -9999 8.799E-1 9.65502E-1 9.97396E-1 9.71934E-1 9.11038E-1 7.51989E-1 4.82715E-1 6.74912E-1 4.15867E-1 1.23324E-1 1.74703E-1 9.79807E-2 6.61172E-2 7.73708E-2 9.39237E-2 6.17781E-2 4.36803E-2 2.61862E-2 4.62911E-2 4.97941E-2 7.09862E-2 6.94775E-2 7.32336E-2 7.47247E-2 1.38458E-1 1.74069E-1 1.52905E-1 1.37689E-1 9.64514E-2 1.30039E-1 1.114E-1 1.1118E-1 1.18874E-1 8.98329E-2 1.35812E-1 1.09587E-1 2.14502E-1 2.04935E-1 2.07871E-1 2.36863E-1 1.05051E-1 6.37402E-2 7.19195E-2 2.48939E-2 2.91571E-2
-9999 -9999 -9999 -9999 -9999 -9999 -9999 -9999 -9999 -9999 -9999 -9999 -9999 -9999 -9999 -9999 -9999 8.83295E-1 9.31379E-1 9.78173E-1 9.39826E-1 8.34701E-1 6.45137E-1 4.76192E-1 8.61781E-1 3.33089E-1 1.55995E-1 7.11595E-2 6.01874E-2 7.51348E-2 8.94092E-2 5.61828E-2 5.9256E-2 4.45161E-2 2.67276E-2 3.5745E-2 5.98E-2 5.09488E-2 6.13076E-2 9.33568E-2 9.64972E-2 1.73266E-1 1.72566E-1 1.31815E-1 8.11927E-2 1.33804E-1 1.39584E-1 1.56853E-1 1.51795E-1 1.08782E-1 1.10807E-1 9.03434E-2 1.25851E-1 1.26109E-1 1.31214E-1 1.60406E-1 9.9038E-2 5.09391E-2 7.53401E-2 2.6029E-2 1.83375E-2
-9999 -9999 -9999 -9999 -9999 -9999 -9999 -9999 -9999 -9999 -9999 -9999 -9999 -9999 -9999 -9999 -9999 7.00376E-1 8.99389E-1 9.79227E-1 9.68251E-1 8.1872E-1 7.25923E-1 5.18272E-1 8.0237E-1 8.63014E-1 3.24713E-1 9.43571E-2 8.42801E-2 9.12241E-2 8.45525E-2 6.1086E-2 5.99599E-2 6.38522E-2 3.95078E-2 2.18019E-2 2.89231E-2 6.21107E-2 7.1408E-2 6.95824E-2 1.19068E-1 1.18691E-1 1.32683E-1 1.5815E-1 1.24356E-1 9.43067E-2 8.93972E-2 1.07143E-1 1.15649E-1 2.20793E-1 9.29606E-2 1.84607E-1 1.71312E-1 1.03831E-1 1.57433E-1 1.03437E-1 9.93302E-2 3.04924E-2 5.8088E-2 7.88753E-2 2.25754E-2
-9999 -9999 -9999 -9999 -9999 -9999 -9999 -9999 -9999 -9999 -9999 -9999 -9999 -9999 -9999 -9999 -9999 -9999 7.86248E-1 8.76647E-1 9.86574E-1 9.02509E-1 7.46123E-1 5.62466E-1 5.86574E-1 7.62581E-1 6.67011E-1 1.49175E-1 1.67297E-1 1.18278E-1 9.65012E-2 8.98082E-2 5.30731E-2 4.74122E-2 3.14577E-2 3.04256E-2 2.7723E-2 6.6311E-2 9.20515E-2 5.74913E-2 8.44549E-2 1.79287E-1 1.46569E-1 1.28761E-1 1.06469E-1 9.64882E-2 8.71447E-2 8.24012E-2 9.65909E-2 2.05084E-1 9.32138E-2 1.23406E-1 1.09558E-1 1.60185E-1 1.4537E-1 6.68176E-2 1.22372E-1 3.42551E-2 5.1726E-2 7.82641E-2 3.30982E-2
-9999 -9999 -9999 -9999 -9999 -9999 -9999 -9999 -9999 -9999 -9999 -9999 -9999 -9999 -9999 -9999 -9999 -9999 8.16289E-1 9.8626E-1 9.61732E-1 9.57994E-1 8.10427E-1 4.91344E-1 4.88572E-1 5.65316E-1 5.84677E-1 2.55937E-1 1.69033E-1 1.15865E-1 9.37738E-2 3.1715E-2 6.62621E-2 4.96335E-2 5.02187E-2 4.48474E-2 2.73998E-2 3.31363E-2 4.71194E-2 4.20513E-2 8.40147E-2 9.02612E-2 1.78129E-1 1.2488E-1 1.05562E-1 1.04675E-1 1.33598E-1 1.06499E-1 7.8367E-2 1.28416E-1 1.04798E-1 1.01265E-1 1.33866E-1 1.73227E-1 1.34529E-1 7.46601E-2 9.39925E-2 5.02758E-2 4.6878E-2 7.83261E-2 2.33014E-2
