data/maxent/outputs/white_293.asc
ncols         426
nrows         180
xllcorner     -130.0
yllcorner     24.0
cellsize      0.16666666666666666
NODATA_value  -9999
[rows 27 to 53 of 180, columns 305 to 365 of 426]
2.18868E-3 2.06334E-3 2.00709E-3 2.06585E-3 1.7955E-3 1.95258E-3 1.94873E-3 1.87133E-3 1.96508E-3 2.06078E-3 2.02431E-3 1.81469E-3 1.5549E-3 1.66506E-3 1.81692E-3 2.04877E-3 2.34674E-3 2.13986E-3 1.98318E-3 2.05855E-3 1.98868E-3 1.93727E-3 2.11791E-3 2.29623E-3 1.91642E-3 2.10293E-3 2.31858E-3 1.85171E-3 2.06212E-3 2.18393E-3 1.94718E-3 1.82291E-3 1.84421E-3 1.75898E-3 1.96607E-3 1.47787E-3 1.90604E-3 2.06315E-3 2.44879E-3 2.44907E-3 2.4267E-3 3.01974E-3 3.25479E-3 3.23866E-3 2.73913E-3 2.4745E-3 2.6567E-3 3.20299E-3 2.37197E-3 2.30546E-3 2.0428E-3 2.28659E-3 1.99966E-3 1.94149E-3 2.52751E-3 3.14958E-3 3.06248E-3 4.79745E-3 3.65949E-3 4.79527E-3 6.0655E-3
2.31051E-3 2.1478E-3 2.01613E-3 1.91973E-3 1.77068E-3 1.89612E-3 1.90496E-3 1.8142E-3 1.79453E-3 1.95081E-3 2.14977E-3 2.18903E-3 1.95765E-3 1.77676E-3 1.81382E-3 1.88882E-3 2.06915E-3 1.83234E-3 1.79486E-3 1.74892E-3 1.6034E-3 1.73405E-3 1.92408E-3 2.01606E-3 1.81061E-3 2.2195E-3 1.98637E-3 1.90755E-3 2.06227E-3 2.18445E-3 2.23331E-3 1.96465E-3 2.10074E-3 1.89877E-3 1.91844E-3 1.926E-3 2.04011E-3 2.37805E-3 2.72753E-3 3.11788E-3 3.07783E-3 3.57944E-3 3.90853E-3 3.74789E-3 3.09041E-3 2.1657E-3 2.78121E-3 3.49448E-3 2.64321E-3 1.9339E-3 1.69043E-3 2.003E-3 2.06435E-3 1.84032E-3 2.70577E-3 3.27907E-3 3.23528E-3 4.575E-3 6.28457E-3 1.04503E-2 1.06559E-2
2.87791E-3 2.55991E-3 2.15622E-3 1.96767E-3 1.97558E-3 2.19793E-3 2.19855E-3 2.06329E-3 2.05624E-3 2.31141E-3 2.35515E-3 2.4591E-3 2.62226E-3 2.83357E-3 1.93318E-3 1.75181E-3 1.66147E-3 1.74552E-3 1.6845E-3 1.71318E-3 1.66175E-3 1.67967E-3 1.76773E-3 1.8918E-3 1.79669E-3 1.76641E-3 1.93193E-3 1.9226E-3 1.96262E-3 1.96401E-3 1.99027E-3 1.9544E-3 2.10564E-3 2.14566E-3 2.1119E-3 2.26992E-3 2.80329E-3 3.05366E-3 3.42847E-3 3.96772E-3 4.24032E-3 4.24612E-3 4.48071E-3 4.39117E-3 4.4087E-3 4.00979E-3 3.25213E-3 3.88379E-3 4.03833E-3 2.33911E-3 1.65288E-3 1.8504E-3 2.30999E-3 2.65316E-3 2.85081E-3 3.52837E-3 4.74532E-3 5.36203E-3 6.30771E-3 1.13376E-2 1.68689E-2
2.85508E-3 2.78781E-3 2.17055E-3 2.62192E-3 2.56971E-3 2.07431E-3 2.25255E-3 2.28063E-3 2.25225E-3 2.58227E-3 2.62706E-3 2.55842E-3 2.63315E-3 2.26597E-3 1.94205E-3 1.90592E-3 1.85002E-3 1.90074E-3 1.66152E-3 1.85274E-3 1.94139E-3 2.0393E-3 1.95785E-3 1.85068E-3 1.79474E-3 1.82972E-3 1.97587E-3 1.98371E-3 2.14616E-3 1.95077E-3 1.91477E-3 1.98478E-3 1.87836E-3 1.7602E-3 2.02664E-3 2.36286E-3 2.82531E-3 3.72651E-3 4.05481E-3 4.75971E-3 5.3649E-3 6.01687E-3 5.05421E-3 5.35264E-3 5.49335E-3 5.57781E-3 5.60648E-3 4.01665E-3 3.93104E-3 1.61759E-3 1.42933E-3 1.66928E-3 2.35061E-3 2.6161E-3 3.5574E-3 4.13449E-3 7.06118E-3 9.68199E-3 1.60866E-2 1.84338E-2 3.01602E-2
3.59876E-3 3.95675E-3 2.61769E-3 2.52099E-3 2.48247E-3 2.33881E-3 2.77343E-3 2.88351E-3 2.98943E-3 2.71733E-3 2.77449E-3 2.70104E-3 3.23911E-3 3.49436E-3 2.22331E-3 1.9398E-3 1.905E-3 1.90904E-3 1.92446E-3 2.01084E-3 2.44436E-3 2.21324E-3 2.08538E-3 2.22684E-3 2.39262E-3 2.59112E-3 2.94414E-3 3.21001E-3 2.32012E-3 2.13339E-3 1.8394E-3 2.07336E-3 1.84818E-3 1.51588E-3 1.76792E-3 1.93018E-3 2.51136E-3 3.63112E-3 5.36936E-3 7.11777E-3 7.71665E-3 1.00303E-2 9.03902E-3 8.13124E-3 7.64185E-3 6.61063E-3 7.00085E-3 5.80399E-3 4.7513E-3 2.08177E-3 1.58701E-3 1.7301E-3 1.79974E-3 2.14073E-3 3.10331E-3 5.52471E-3 1.11034E-2 1.7619E-2 2.42928E-2 3.1643E-2 3.89503E-2
4.7669E-3 4.8641E-3 4.84728E-3 4.30991E-3 3.38297E-3 3.13284E-3 3.31426E-3 2.42289E-3 2.74866E-3 3.23822E-3 2.81147E-3 3.06389E-3 4.49121E-3 2.88641E-3 2.25206E-3 2.44405E-3 2.45287E-3 2.22475E-3 2.36347E-3 2.82147E-3 2.90776E-3 2.71165E-3 2.4092E-3 3.22253E-3 3.72848E-3 3.804E-3 4.28516E-3 4.14382E-3 3.44845E-3 2.42887E-3 2.57157E-3 2.36064E-3 2.07197E-3 1.63474E-3 1.80743E-3 2.04142E-3 2.10092E-3 3.19521E-3 4.5102E-3 7.26211E-3 1.12719E-2 1.72207E-2 1.1025E-2 1.02309E-2 1.39629E-2 1.12049E-2 9.63807E-3 8.5364E-3 8.92772E-3 7.6285E-3 3.92996E-3 2.38184E-3 2.17783E-3 2.66617E-3 5.29206E-3 9.52327E-3 1.26905E-2 2.21986E-2 4.1559E-2 5.15592E-2 5.58687E-2
6.50054E-3 6.0132E-3 6.25506E-3 7.23218E-3 7.36509E-3 6.7227E-3 6.04485E-3 4.07563E-3 3.88879E-3 3.57443E-3 3.74802E-3 4.47035E-3 4.54225E-3 3.10321E-3 2.67297E-3 3.06885E-3 3.01355E-3 2.49557E-3 2.26819E-3 2.34994E-3 2.4795E-3 2.96421E-3 3.40148E-3 4.0604E-3 4.53604E-3 3.29612E-3 3.54385E-3 4.01428E-3 3.5577E-3 3.73765E-3 3.53808E-3 2.80641E-3 2.46153E-3 2.13256E-3 2.00863E-3 2.39259E-3 2.79743E-3 3.65712E-3 4.35903E-3 5.24447E-3 7.67251E-3 1.15523E-2 1.56913E-2 1.64521E-2 1.46373E-2 1.32768E-2 1.32046E-2 1.51756E-2 1.70144E-2 1.93585E-2 1.71495E-2 1.28893E-2 1.04276E-2 7.75838E-3 9.78633E-3 1.76598E-2 2.2816E-2 3.2356E-2 5.82872E-2 7.17967E-2 -9999
9.27294E-3 9.06727E-3 8.63526E-3 9.73162E-3 1.08006E-2 1.00129E-2 9.5196E-3 6.22242E-3 5.82415E-3 5.59421E-3 7.23463E-3 5.84931E-3 4.20649E-3 3.48159E-3 3.26687E-3 2.75756E-3 2.86797E-3 2.77277E-3 3.01958E-3 2.6724E-3 3.14872E-3 3.1329E-3 3.22466E-3 3.89899E-3 4.07749E-3 3.3142E-3 3.15409E-3 3.52551E-3 3.3639E-3 3.1964E-3 3.25616E-3 3.24402E-3 2.71933E-3 2.47068E-3 2.65449E-3 2.92915E-3 3.65023E-3 6.23435E-3 5.80671E-3 6.36287E-3 7.48923E-3 1.00903E-2 9.57386E-3 9.8211E-3 8.52822E-3 8.80854E-3 1.0106E-2 1.11385E-2 1.31985E-2 1.51215E-2 1.42084E-2 1.31992E-2 1.34209E-2 2.22361E-2 3.56512E-2 5.30223E-2 4.10564E-2 5.36035E-2 5.8111E-2 -9999 1.23528E-1
9.80163E-3 1.06289E-2 9.24695E-3 8.48346E-3 8.32781E-3 8.30642E-3 1.02838E-2 1.19144E-2 9.82668E-3 6.76255E-3 7.22137E-3 7.75523E-3 6.98743E-3 5.29525E-3 4.19432E-3 3.9304E-3 3.28461E-3 3.36913E-3 3.63876E-3 3.99321E-3 3.89322E-3 3.66929E-3 4.06485E-3 4.6176E-3 3.63388E-3 3.52487E-3 4.04773E-3 4.11277E-3 3.76322E-3 3.362E-3 3.62252E-3 4.39847E-3 3.91023E-3 3.42004E-3 4.05351E-3 4.80825E-3 6.17E-3 7.53512E-3 8.17932E-3 7.6474E-3 7.97284E-3 8.45519E-3 7.48511E-3 8.79529E-3 8.0401E-3 6.28985E-3 5.80688E-3 5.74482E-3 8.41682E-3 1.08565E-2 1.21615E-2 1.16239E-2 9.16129E-3 1.39866E-2 2.79717E-2 4.80459E-2 7.8069E-2 9.46004E-2 1.49921E-1 1.22914E-1 8.5969E-2
1.21956E-2 1.20489E-2 1.23247E-2 1.19751E-2 1.12293E-2 9.7689E-3 1.07485E-2 9.23695E-3 9.58685E-3 7.94593E-3 8.10697E-3 8.70772E-3 7.70243E-3 7.14695E-3 5.95564E-3 5.67903E-3 5.48927E-3 5.4295E-3 4.9829E-3 4.94772E-3 4.85226E-3 4.85663E-3 5.31677E-3 5.1393E-3 4.34063E-3 4.0709E-3 5.08954E-3 5.02271E-3 5.0307E-3 4.72869E-3 5.03611E-3 5.05283E-3 5.19541E-3 5.55946E-3 6.69322E-3 6.89299E-3 9.16728E-3 1.04682E-2 1.30019E-2 1.26706E-2 1.07638E-2 1.04024E-2 9.07066E-3 8.26921E-3 7.70557E-3 4.93782E-3 4.04324E-3 4.35533E-3 4.12896E-3 5.8618E-3 7.2957E-3 8.01002E-3 1.40098E-2 1.36181E-2 2.74778E-2 5.98651E-2 1.02433E-1 2.27414E-1 1.51884E-1 7.70165E-2 4.95151E-2
1.49289E-2 1.48485E-2 1.47293E-2 1.28563E-2 1.1564E-2 1.25308E-2 1.36089E-2 1.32373E-2 1.11554E-2 1.10812E-2 1.15632E-2 9.44915E-3 8.12737E-3 7.73373E-3 6.79774E-3 6.85527E-3 7.17134E-3 7.02606E-3 6.27762E-3 5.74031E-3 6.27229E-3 5.95378E-3 6.37492E-3 6.1418E-3 5.5306E-3 5.69279E-3 5.77635E-3 5.53344E-3 5.8386E-3 6.11194E-3 6.51723E-3 7.25942E-3 6.21202E-3 7.00585E-3 9.22028E-3 1.22138E-2 1.23111E-2 1.49762E-2 1.55194E-2 1.5698E-2 1.34958E-2 1.12232E-2 1.05944E-2 1.00502E-2 8.50269E-3 5.84675E-3 4.29588E-3 4.97168E-3 4.31161E-3 5.53837E-3 7.22124E-3 1.16199E-2 3.77252E-2 3.23849E-2 3.16478E-2 6.26727E-2 2.57896E-1 1.60886E-1 1.37156E-1 6.1502E-2 3.9177E-2
1.9527E-2 1.9002E-2 2.08264E-2 1.69776E-2 1.25986E-2 1.19528E-2 1.39806E-2 1.30446E-2 1.314E-2 1.35477E-2 1.33992E-2 1.28518E-2 1.09054E-2 1.0547E-2 8.60138E-3 9.35998E-3 8.6558E-3 7.21573E-3 7.4617E-3 7.77585E-3 7.03671E-3 6.84068E-3 7.69516E-3 7.64729E-3 7.82625E-3 7.43657E-3 6.6008E-3 6.6942E-3 7.70167E-3 9.0001E-3 1.0527E-2 9.6966E-3 7.27881E-3 8.02697E-3 1.23022E-2 1.31426E-2 1.55424E-2 1.73353E-2 1.93148E-2 1.56234E-2 1.44281E-2 1.48823E-2 1.25546E-2 1.10705E-2 8.40413E-3 5.96655E-3 5.44469E-3 5.81489E-3 6.4569E-3 8.52379E-3 1.29805E-2 5.18001E-2 4.17547E-2 4.48952E-2 5.35818E-2 2.02186E-1 1.84397E-1 1.42293E-1 8.0079E-2 6.183E-2 4.74197E-2
2.53885E-2 2.21955E-2 1.93176E-2 1.75581E-2 1.51872E-2 1.43705E-2 1.39368E-2 1.48241E-2 1.48834E-2 1.49012E-2 1.38544E-2 1.60766E-2 1.44758E-2 1.45887E-2 1.36715E-2 1.46518E-2 1.23691E-2 8.9892E-3 9.86386E-3 9.18456E-3 9.3342E-3 8.95549E-3 9.3298E-3 9.50407E-3 1.09797E-2 9.03667E-3 8.90869E-3 1.10489E-2 1.38905E-2 1.57284E-2 9.42304E-3 1.01541E-2 9.11323E-3 9.34401E-3 1.25701E-2 1.70737E-2 1.94892E-2 1.95456E-2 2.67116E-2 2.01108E-2 1.81015E-2 1.83324E-2 1.63722E-2 1.26438E-2 9.11391E-3 8.04268E-3 8.94701E-3 7.99136E-3 7.38187E-3 9.19469E-3 2.14379E-2 7.08389E-2 1.02434E-1 6.75858E-2 2.43252E-1 1.33847E-1 7.77808E-2 5.84328E-2 4.92705E-2 6.14956E-2 6.52969E-2
3.01751E-2 2.86525E-2 2.37601E-2 2.05285E-2 1.80406E-2 1.75297E-2 1.45375E-2 1.60097E-2 1.55509E-2 1.59339E-2 1.5209E-2 1.56432E-2 1.59767E-2 1.44201E-2 1.43073E-2 1.79648E-2 1.42786E-2 1.30223E-2 1.22447E-2 1.17689E-2 1.18152E-2 1.29893E-2 1.28687E-2 1.18199E-2 1.2767E-2 1.16746E-2 1.07834E-2 1.04324E-2 1.19946E-2 1.33846E-2 1.09331E-2 1.05417E-2 9.93607E-3 1.11696E-2 1.26853E-2 1.58983E-2 2.22548E-2 2.88068E-2 2.72277E-2 2.43989E-2 2.18571E-2 2.23367E-2 1.58801E-2 1.23047E-2 1.13958E-2 1.0931E-2 1.53445E-2 1.50544E-2 1.81523E-2 2.55549E-2 6.16342E-2 6.15957E-2 -9999 1.59303E-1 1.00823E-1 7.80792E-2 3.9612E-2 3.20919E-2 4.55999E-2 5.71699E-2 5.84891E-2
4.06015E-2 3.42306E-2 2.98571E-2 2.70378E-2 2.42598E-2 2.18514E-2 1.91605E-2 1.94369E-2 1.85799E-2 1.80846E-2 1.7295E-2 1.76908E-2 1.78446E-2 1.70376E-2 1.73581E-2 1.80557E-2 1.90707E-2 1.91663E-2 1.82781E-2 2.10133E-2 2.5788E-2 2.08678E-2 2.34054E-2 1.89174E-2 1.78577E-2 1.48591E-2 1.27558E-2 1.18262E-2 1.05957E-2 1.14624E-2 1.2815E-2 1.49665E-2 1.43319E-2 1.25854E-2 1.4682E-2 1.93096E-2 2.47895E-2 3.61591E-2 3.61232E-2 3.74805E-2 2.79496E-2 2.74652E-2 2.1191E-2 2.02695E-2 2.0347E-2 2.73945E-2 4.10354E-2 3.68691E-2 5.39513E-2 7.69216E-2 7.52211E-2 1.81264E-1 1.39337E-1 8.61303E-2 5.14145E-2 5.24715E-2 3.70444E-2 3.33776E-2 5.01214E-2 5.56336E-2 6.27413E-2
4.9865E-2 4.59264E-2 3.68634E-2 3.16976E-2 2.83723E-2 2.33705E-2 2.28664E-2 2.86859E-2 2.30481E-2 2.04966E-2 1.90751E-2 2.11097E-2 1.90008E-2 1.93082E-2 2.13306E-2 2.52389E-2 2.7271E-2 3.26417E-2 3.455E-2 3.81564E-2 4.11695E-2 3.8854E-2 3.3015E-2 2.56894E-2 2.42567E-2 1.91038E-2 1.67465E-2 1.39587E-2 1.21864E-2 1.42231E-2 1.48472E-2 1.62865E-2 1.62031E-2 1.90104E-2 2.16355E-2 2.66684E-2 3.58933E-2 5.14482E-2 5.50539E-2 4.91392E-2 4.2735E-2 4.08532E-2 3.84096E-2 3.89073E-2 5.12591E-2 6.21277E-2 8.75608E-2 1.08809E-1 9.56445E-2 8.50087E-2 7.54536E-2 8.35347E-2 6.68894E-2 5.58129E-2 5.04497E-2 5.06556E-2 4.66243E-2 4.95719E-2 5.13385E-2 5.33762E-2 5.05822E-2
5.52078E-2 4.81858E-2 4.11512E-2 3.78708E-2 3.47102E-2 2.78409E-2 2.87234E-2 3.05368E-2 2.99027E-2 2.52099E-2 2.77252E-2 2.98919E-2 2.69712E-2 2.89222E-2 3.04004E-2 3.45436E-2 4.73142E-2 5.41449E-2 5.4478E-2 6.12428E-2 6.20948E-2 4.26178E-2 3.57948E-2 3.76903E-2 3.5904E-2 2.50754E-2 2.12802E-2 1.78375E-2 1.72351E-2 1.80746E-2 2.03954E-2 2.5639E-2 2.76786E-2 2.19986E-2 2.8113E-2 3.19729E-2 4.3068E-2 5.38826E-2 7.72943E-2 5.96175E-2 5.59054E-2 5.88764E-2 6.11432E-2 6.89115E-2 7.72899E-2 9.28044E-2 1.21547E-1 1.48216E-1 9.05754E-2 6.92329E-2 5.68989E-2 5.68502E-2 5.10691E-2 4.69832E-2 5.70104E-2 5.47723E-2 5.4356E-2 5.45426E-2 5.44737E-2 5.63795E-2 4.43605E-2
5.1943E-2 5.31974E-2 4.57081E-2 3.6093E-2 4.12586E-2 4.13907E-2 3.59624E-2 3.71015E-2 3.73243E-2 3.18575E-2 3.41248E-2 4.46951E-2 4.46413E-2 4.28247E-2 4.33708E-2 5.01296E-2 6.45236E-2 6.88607E-2 7.22119E-2 6.97921E-2 6.63072E-2 5.58034E-2 5.29176E-2 5.20597E-2 4.73372E-2 3.90859E-2 3.85049E-2 2.85449E-2 2.4887E-2 2.74951E-2 2.99994E-2 2.89621E-2 2.74109E-2 2.8399E-2 3.48233E-2 5.32469E-2 6.24948E-2 8.56967E-2 1.23271E-1 8.62445E-2 8.2389E-2 1.09977E-1 1.20153E-1 1.21939E-1 1.1471E-1 1.08312E-1 1.12404E-1 1.04164E-1 8.41598E-2 5.53352E-2 4.91986E-2 4.0509E-2 3.47184E-2 5.32136E-2 5.5672E-2 5.84177E-2 6.02636E-2 5.30925E-2 5.51262E-2 5.12643E-2 5.17485E-2
3.98635E-2 5.46965E-2 6.28318E-2 4.84813E-2 4.86323E-2 4.27056E-2 4.33323E-2 5.10214E-2 5.59845E-2 4.6986E-2 5.09622E-2 5.9002E-2 6.44631E-2 6.02865E-2 5.78347E-2 6.64098E-2 8.54148E-2 8.60225E-2 9.42479E-2 9.03197E-2 8.61243E-2 8.38563E-2 7.59535E-2 5.96204E-2 5.89034E-2 5.56897E-2 5.14163E-2 3.64832E-2 2.76822E-2 3.579E-2 4.71614E-2 4.74376E-2 4.09457E-2 5.10695E-2 7.09774E-2 8.81149E-2 1.01078E-1 1.25847E-1 1.65867E-1 1.64696E-1 1.29242E-1 1.56889E-1 1.35435E-1 1.25976E-1 1.20626E-1 1.15219E-1 1.14369E-1 9.39054E-2 7.54138E-2 5.65532E-2 4.96087E-2 4.74524E-2 4.52925E-2 5.38045E-2 5.63814E-2 5.81719E-2 5.46787E-2 6.42653E-2 6.7122E-2 7.11543E-2 6.45598E-2
5.17935E-2 6.04846E-2 6.22416E-2 5.99117E-2 6.79544E-2 7.10332E-2 7.67719E-2 8.3824E-2 9.03986E-2 8.01962E-2 6.48078E-2 7.39673E-2 7.92348E-2 8.56845E-2 9.23068E-2 8.6217E-2 9.99881E-2 1.09834E-1 1.23513E-1 1.25314E-1 1.14725E-1 1.09965E-1 8.98372E-2 8.13507E-2 8.40164E-2 6.9175E-2 6.09733E-2 5.24097E-2 4.4302E-2 5.79575E-2 9.87452E-2 9.47742E-2 9.35784E-2 1.11696E-1 1.25163E-1 1.43161E-1 1.62492E-1 1.78707E-1 2.24866E-1 2.16796E-1 1.64922E-1 1.44456E-1 1.48171E-1 1.41634E-1 1.25068E-1 1.1324E-1 1.00464E-1 7.2981E-2 6.11252E-2 7.20262E-2 7.20114E-2 5.97481E-2 4.99872E-2 4.76511E-2 4.94939E-2 5.47726E-2 5.81902E-2 8.45005E-2 8.61346E-2 8.73066E-2 8.76109E-2
5.27341E-2 6.65622E-2 6.68958E-2 6.78028E-2 7.28714E-2 6.97299E-2 7.89803E-2 9.22216E-2 1.05289E-1 1.12141E-1 1.07647E-1 9.90544E-2 9.99761E-2 1.14026E-1 1.21345E-1 1.15635E-1 1.18763E-1 1.43834E-1 1.64607E-1 1.70806E-1 1.60396E-1 1.39254E-1 1.1494E-1 1.0294E-1 1.05855E-1 8.85513E-2 8.07044E-2 7.56278E-2 6.93914E-2 1.0707E-1 1.35046E-1 1.63209E-1 1.64324E-1 1.65666E-1 1.77127E-1 2.01278E-1 2.81316E-1 2.5781E-1 2.31033E-1 2.30655E-1 1.9424E-1 1.68262E-1 1.64096E-1 1.45797E-1 1.13068E-1 1.03798E-1 1.00719E-1 8.22396E-2 8.27604E-2 8.81351E-2 8.47745E-2 7.48979E-2 4.73756E-2 3.68753E-2 5.06034E-2 5.35142E-2 6.60198E-2 7.77724E-2 9.50128E-2 7.88705E-2 8.14103E-2
7.14475E-2 7.34568E-2 7.78653E-2 8.87728E-2 8.35528E-2 8.98279E-2 9.24652E-2 9.9653E-2 1.1043E-1 1.22639E-1 1.35755E-1 1.8819E-1 1.48439E-1 1.52847E-1 1.61596E-1 1.54437E-1 1.56442E-1 1.6867E-1 1.85013E-1 1.93678E-1 1.88996E-1 1.74326E-1 1.35839E-1 1.30021E-1 1.4716E-1 1.15124E-1 1.12139E-1 1.13845E-1 1.1041E-1 1.61788E-1 2.16111E-1 2.37502E-1 2.20008E-1 1.96151E-1 2.48717E-1 3.02035E-1 2.93554E-1 2.43889E-1 2.22565E-1 2.68903E-1 2.52384E-1 2.12127E-1 1.83362E-1 1.41624E-1 1.06164E-1 9.97606E-2 1.21936E-1 1.08465E-1 1.01566E-1 9.68833E-2 9.49033E-2 7.54398E-2 6.04473E-2 4.9854E-2 6.75043E-2 7.94765E-2 8.75784E-2 9.43357E-2 9.83993E-2 1.07425E-1 8.96533E-2
9.16484E-2 8.51689E-2 9.67755E-2 1.08506E-1 1.16409E-1 9.79299E-2 8.99689E-2 1.04576E-1 1.4294E-1 1.47284E-1 1.67899E-1 1.81182E-1 1.86592E-1 1.98342E-1 2.2084E-1 2.09327E-1 1.67134E-1 1.93213E-1 2.01023E-1 2.00748E-1 2.02595E-1 1.99061E-1 1.71533E-1 1.70847E-1 1.67384E-1 1.71298E-1 1.63258E-1 1.50013E-1 1.7686E-1 2.35234E-1 3.13178E-1 3.07811E-1 2.85753E-1 3.22449E-1 4.15012E-1 3.56904E-1 3.12332E-1 2.83152E-1 2.69862E-1 2.76001E-1 2.51663E-1 2.14373E-1 1.7489E-1 1.33727E-1 1.22669E-1 1.32457E-1 1.48702E-1 1.27839E-1 1.08523E-1 1.00811E-1 1.11497E-1 9.00077E-2 7.20693E-2 6.91368E-2 7.88271E-2 9.67921E-2 1.43292E-1 1.25588E-1 9.45471E-2 1.18219E-1 1.74517E-1
1.26028E-1 1.1137E-1 1.21819E-1 1.24224E-1 1.1689E-1 1.12638E-1 1.09657E-1 1.22481E-1 1.51199E-1 1.88493E-1 2.105E-1 2.08334E-1 2.27721E-1 2.29489E-1 2.46214E-1 2.67863E-1 2.08137E-1 2.12551E-1 2.54897E-1 2.55656E-1 2.72705E-1 2.53169E-1 2.53773E-1 2.55225E-1 2.5438E-1 2.43533E-1 2.3611E-1 2.35434E-1 2.41832E-1 2.7774E-1 3.37401E-1 4.65494E-1 5.33916E-1 5.09808E-1 5.48471E-1 4.66867E-1 3.72046E-1 3.46572E-1 3.24421E-1 3.19472E-1 2.66558E-1 2.0947E-1 1.79432E-1 1.41891E-1 1.3753E-1 1.70824E-1 1.67327E-1 1.35461E-1 1.13858E-1 1.18603E-1 1.06396E-1 1.05532E-1 1.07961E-1 1.00063E-1 9.10063E-2 1.04409E-1 1.4261E-1 1.64935E-1 1.06751E-1 1.22433E-1 1.96262E-1
2.10279E-1 1.64787E-1 1.48294E-1 1.44135E-1 1.36405E-1 1.26029E-1 1.16502E-1 1.64596E-1 1.99309E-1 2.01319E-1 1.65602E-1 1.85979E-1 2.32996E-1 2.4902E-1 2.51932E-1 2.40012E-1 2.29801E-1 2.47363E-1 2.76898E-1 3.65264E-1 4.34155E-1 3.84038E-1 3.36398E-1 3.29162E-1 3.25145E-1 3.06692E-1 3.14665E-1 3.11496E-1 2.94218E-1 3.36649E-1 4.13969E-1 5.33368E-1 5.7646E-1 5.41356E-1 5.07002E-1 4.12922E-1 3.72926E-1 3.64225E-1 3.55649E-1 3.4528E-1 2.659E-1 1.99796E-1 1.79403E-1 1.73293E-1 1.80397E-1 1.92617E-1 1.61101E-1 1.39339E-1 1.1786E-1 1.26913E-1 1.10564E-1 8.14497E-2 9.70489E-2 1.17311E-1 1.04454E-1 1.2796E-1 1.204E-1 1.50292E-1 2.01096E-1 2.70333E-1 3.2884E-1
2.8892E-1 2.47435E-1 2.38779E-1 2.47286E-1 1.99963E-1 1.65381E-1 1.62129E-1 1.53066E-1 1.93657E-1 2.0406E-1 1.87295E-1 2.0426E-1 1.93087E-1 2.29282E-1 2.86749E-1 3.05705E-1 2.91004E-1 2.79915E-1 2.64788E-1 3.53411E-1 4.38068E-1 4.24159E-1 4.30175E-1 4.03689E-1 3.81683E-1 4.34934E-1 4.65551E-1 4.72928E-1 4.45773E-1 3.94124E-1 4.4888E-1 4.75938E-1 4.75472E-1 4.13578E-1 3.67962E-1 3.60848E-1 3.52681E-1 3.62961E-1 3.7633E-1 3.46932E-1 2.88915E-1 2.84157E-1 2.46009E-1 2.05929E-1 1.8771E-1 1.57454E-1 1.36984E-1 9.85218E-2 9.09169E-2 7.82191E-2 9.48813E-2 1.28911E-1 1.59041E-1 1.78229E-1 1.77961E-1 1.56241E-1 1.40438E-1 2.19447E-1 3.27844E-1 3.90856E-1 4.12871E-1
3.09986E-1 2.88255E-1 3.17008E-1 3.33583E-1 2.97871E-1 2.58635E-1 2.79104E-1 2.5473E-1 2.33895E-1 2.3329E-1 2.31567E-1 2.14001E-1 2.34054E-1 2.28129E-1 2.65855E-1 3.28997E-1 3.66186E-1 3.68915E-1 3.43977E-1 3.94788E-1 4.89181E-1 5.3925E-1 5.27195E-1 4.65267E-1 4.90839E-1 5.89649E-1 5.5184E-1 5.63283E-1 5.13573E-1 5.17813E-1 4.84949E-1 4.36791E-1 3.98688E-1 3.03686E-1 2.51479E-1 2.76455E-1 3.00336E-1 3.51729E-1 3.33974E-1 3.04375E-1 3.31976E-1 3.42446E-1 2.66345E-1 1.74931E-1 1.40993E-1 1.18194E-1 1.04166E-1 9.00443E-2 9.03774E-2 9.30073E-2 9.61592E-2 1.201E-1 1.45072E-1 2.11709E-1 2.40473E-1 2.60996E-1 2.21957E-1 2.97513E-1 3.71446E-1 4.45852E-1 4.94814E-1
