data/maxent/outputs/white_20.asc
ncols         426
nrows         180
xllcorner     -130.0
yllcorner     24.0
cellsize      0.16666666666666666
NODATA_value  -9999
[rows 108 to 134 of 180, columns 122 to 182 of 426]
3.11039E-3 3.39735E-3 2.55514E-3 1.93356E-3 3.34161E-3 4.62037E-3 1.74353E-3 1.54443E-3 1.39503E-3 1.17885E-3 8.47629E-4 6.04615E-4 5.10735E-4 2.38465E-4 2.88844E-4 4.67843E-4 1.32125E-3 1.56208E-3 2.0799E-3 1.76875E-3 3.66447E-3 1.37714E-3 4.09563E-3 2.35867E-3 1.05867E-3 3.8937E-3 2.95559E-3 2.52204E-3 3.00487E-3 1.29047E-3 1.89452E-3 2.34426E-3 1.93819E-3 1.04045E-3 2.12019E-3 1.97722E-3 1.39224E-3 1.87298E-3 1.79682E-3 1.75789E-3 1.90292E-3 2.19542E-3 3.05687E-3 2.97893E-3 2.90409E-3 3.7969E-3 5.65303E-3 5.83834E-3 6.387E-3 8.35322E-3 1.02677E-2 9.73729E-3 1.11401E-2 1.2698E-2 1.30686E-2 1.04406E-2 1.17287E-2 1.47829E-2 1.83185E-2 1.92556E-2 2.13701E-2
2.51967E-3 1.9155E-3 2.08792E-3 2.10134E-3 3.66397E-3 2.18531E-3 2.71411E-3 2.96414E-3 2.03148E-3 1.18853E-3 7.26472E-4 6.92697E-4 5.09934E-4 7.02208E-4 8.41778E-4 1.27332E-3 3.64806E-3 6.41295E-3 6.5673E-3 7.29078E-3 4.39005E-3 3.28711E-3 6.33321E-3 4.19593E-3 2.4008E-3 5.86111E-3 3.42122E-3 1.34936E-3 1.46033E-3 1.83605E-3 3.43946E-3 4.04755E-3 3.57429E-3 2.21597E-3 3.4959E-3 2.06944E-3 1.77911E-3 1.98042E-3 2.17119E-3 2.53188E-3 2.5335E-3 2.9659E-3 3.52527E-3 3.35523E-3 3.7497E-3 4.65488E-3 7.76787E-3 8.86385E-3 1.16119E-2 1.44704E-2 1.34983E-2 1.45717E-2 1.63136E-2 1.81023E-2 1.91996E-2 1.60417E-2 1.54073E-2 1.71361E-2 1.99026E-2 2.18071E-2 2.25735E-2
2.61891E-3 2.19552E-3 1.80252E-3 1.87232E-3 1.43765E-3 1.72032E-3 2.2041E-3 1.94853E-3 2.05217E-3 2.13644E-3 1.44469E-3 9.14131E-4 6.87086E-4 1.69331E-3 3.18169E-3 3.15739E-3 5.37925E-3 9.03904E-3 9.09498E-3 5.56846E-3 3.69901E-3 2.59058E-3 5.77751E-3 8.08368E-3 7.01527E-3 6.40496E-3 3.43132E-3 1.58993E-3 1.71192E-3 2.66814E-3 6.77062E-3 2.70626E-3 1.56523E-3 1.74817E-3 3.63849E-3 3.55726E-3 2.10969E-3 2.82528E-3 2.79784E-3 3.12394E-3 3.10213E-3 3.73721E-3 3.97353E-3 4.28502E-3 4.72318E-3 6.33777E-3 8.45411E-3 1.13283E-2 1.45936E-2 1.73543E-2 1.60271E-2 1.46254E-2 1.54561E-2 1.7817E-2 1.82595E-2 1.77952E-2 1.6639E-2 1.89038E-2 2.30092E-2 2.54582E-2 2.59485E-2
3.70045E-3 3.59857E-3 2.97103E-3 3.57925E-3 2.19532E-3 1.92382E-3 3.05012E-3 2.57878E-3 2.19065E-3 1.68615E-3 1.79791E-3 1.96703E-3 2.09349E-3 1.64481E-3 6.05619E-3 5.20761E-3 6.6089E-3 7.62577E-3 5.70474E-3 4.85638E-3 5.50701E-3 4.32957E-3 3.33437E-3 5.22365E-3 5.37056E-3 8.61246E-3 6.42651E-3 7.1875E-3 5.36819E-3 6.26682E-3 4.88048E-3 3.20874E-3 2.68966E-3 2.72464E-3 5.5779E-3 5.12957E-3 4.44621E-3 4.21053E-3 4.23764E-3 4.11497E-3 4.06899E-3 5.5168E-3 6.79257E-3 7.40406E-3 7.56641E-3 7.64248E-3 9.83037E-3 1.32404E-2 1.23003E-2 1.27452E-2 1.31628E-2 1.26929E-2 1.74553E-2 1.96085E-2 1.91601E-2 1.85185E-2 1.85971E-2 1.82924E-2 2.22559E-2 2.64879E-2 3.18004E-2
4.75944E-3 3.66948E-3 3.27348E-3 2.87852E-3 2.04275E-3 2.09601E-3 2.01808E-3 3.02094E-3 3.00255E-3 2.81839E-3 1.18522E-3 3.05572E-3 6.98898E-3 5.9105E-3 6.33747E-3 4.36723E-3 4.5543E-3 6.97418E-3 5.4544E-3 1.76498E-2 7.97531E-3 3.85147E-3 2.64915E-3 2.62884E-3 5.58532E-3 7.2416E-3 5.5908E-3 7.07058E-3 4.88347E-3 4.82203E-3 5.05987E-3 4.82251E-3 4.60283E-3 5.61118E-3 7.18676E-3 5.39744E-3 5.41313E-3 6.13849E-3 6.5854E-3 5.85152E-3 6.52991E-3 5.89515E-3 5.5849E-3 6.49276E-3 6.91792E-3 7.8414E-3 1.22995E-2 1.157E-2 8.40014E-3 8.19824E-3 9.86394E-3 1.32902E-2 1.91836E-2 2.32893E-2 2.30187E-2 2.2199E-2 1.97994E-2 2.26611E-2 2.56289E-2 2.8934E-2 3.32633E-2
3.76536E-3 4.12898E-3 4.5673E-3 2.71725E-3 2.55139E-3 2.9771E-3 2.22224E-3 1.33238E-3 2.34779E-3 3.2275E-3 3.79108E-3 3.14246E-3 4.0634E-3 3.97382E-3 3.49638E-3 4.0106E-3 3.21576E-3 5.40203E-3 7.45718E-3 2.04698E-2 5.94762E-3 2.39667E-3 1.69453E-3 2.13132E-3 5.77108E-3 4.79059E-3 5.35746E-3 6.25576E-3 9.12785E-3 7.92883E-3 6.0023E-3 5.70127E-3 5.1617E-3 5.88633E-3 6.84458E-3 7.37657E-3 7.98087E-3 9.03795E-3 9.17276E-3 8.50989E-3 8.9355E-3 5.63671E-3 5.42174E-3 5.44543E-3 4.92791E-3 5.59752E-3 7.14832E-3 8.30798E-3 7.60118E-3 6.65341E-3 9.55078E-3 1.38531E-2 1.99237E-2 2.24503E-2 2.2028E-2 2.03966E-2 2.25015E-2 2.52556E-2 3.0463E-2 3.32087E-2 3.66186E-2
5.63689E-3 5.78014E-3 4.49755E-3 3.16024E-3 2.88916E-3 2.66467E-3 2.20776E-3 1.32599E-3 1.20285E-3 2.43536E-3 4.63103E-3 4.34728E-3 3.37664E-3 2.74001E-3 2.0969E-3 2.72957E-3 2.89807E-3 3.07245E-3 3.69934E-3 1.59994E-2 8.05241E-3 3.17482E-3 1.89836E-3 3.21852E-3 3.6888E-3 4.60612E-3 5.69358E-3 7.93663E-3 1.02777E-2 9.54382E-3 7.59205E-3 5.72444E-3 6.06037E-3 7.99668E-3 8.07182E-3 7.73442E-3 1.09763E-2 1.19545E-2 1.12507E-2 9.95088E-3 7.45094E-3 5.89202E-3 5.12263E-3 4.52296E-3 4.81312E-3 5.21601E-3 6.87404E-3 9.12341E-3 1.45943E-2 1.33088E-2 1.60377E-2 1.96934E-2 2.46304E-2 2.58086E-2 2.60225E-2 2.59289E-2 2.835E-2 2.98616E-2 3.38243E-2 3.91498E-2 4.10261E-2
5.56912E-3 4.7853E-3 3.44196E-3 3.68078E-3 2.76137E-3 1.75096E-3 1.22244E-3 1.08747E-3 1.65147E-3 1.50057E-3 2.52197E-3 2.54357E-3 3.15408E-3 3.49863E-3 6.94012E-3 4.33687E-3 2.28485E-3 2.46643E-3 3.7876E-3 2.14162E-2 7.18232E-3 3.41592E-3 2.18058E-3 1.66688E-3 2.32164E-3 2.88157E-3 5.73703E-3 7.34412E-3 6.4634E-3 8.76592E-3 9.8333E-3 5.88752E-3 5.83267E-3 7.0677E-3 4.90099E-3 4.49733E-3 5.14505E-3 5.71324E-3 6.82339E-3 6.9798E-3 6.50596E-3 6.04007E-3 5.47851E-3 5.24092E-3 5.13406E-3 6.20976E-3 6.69645E-3 7.10014E-3 9.98507E-3 1.68744E-2 2.22754E-2 1.92943E-2 2.05581E-2 2.96539E-2 2.62584E-2 2.71306E-2 3.20002E-2 3.49035E-2 3.84133E-2 4.08931E-2 4.40822E-2
8.50249E-3 5.07029E-3 4.03755E-3 3.40396E-3 2.51363E-3 2.35039E-3 1.41266E-3 1.32802E-3 1.11809E-3 7.79126E-4 1.96719E-3 3.8405E-3 3.35253E-3 3.90812E-3 5.67506E-3 2.78704E-3 1.84556E-3 1.92204E-3 3.84676E-3 2.29649E-2 6.71083E-3 5.57976E-3 4.39223E-3 3.27062E-3 1.9365E-3 2.30663E-3 4.23895E-3 5.55292E-3 5.73567E-3 7.21265E-3 7.70846E-3 7.27929E-3 5.95651E-3 7.052E-3 6.66182E-3 5.056E-3 5.33622E-3 5.7426E-3 7.19074E-3 6.20928E-3 6.40761E-3 6.54993E-3 5.97166E-3 5.74183E-3 5.63296E-3 6.63925E-3 7.65867E-3 1.00585E-2 1.12029E-2 1.72843E-2 2.43433E-2 2.53044E-2 2.2611E-2 2.1933E-2 2.77878E-2 2.99655E-2 3.9438E-2 4.29836E-2 4.47168E-2 4.54502E-2 5.06326E-2
1.34213E-2 1.03125E-2 5.93619E-3 2.88611E-3 1.69578E-3 1.43256E-3 1.48322E-3 1.28157E-3 1.07791E-3 9.72456E-4 2.79797E-3 3.24847E-3 2.81325E-3 2.72542E-3 3.89078E-3 6.80431E-3 1.94035E-3 1.51038E-3 6.66898E-3 1.20944E-2 8.97146E-3 6.42669E-3 8.60384E-3 6.58424E-3 3.60704E-3 6.15988E-3 4.52841E-3 5.14215E-3 5.7385E-3 7.28399E-3 6.91784E-3 6.41808E-3 6.18463E-3 6.32592E-3 6.05342E-3 5.65769E-3 5.35038E-3 5.35927E-3 7.39307E-3 6.51107E-3 5.50551E-3 6.2081E-3 5.76126E-3 5.3919E-3 6.13927E-3 7.34008E-3 9.99305E-3 1.39305E-2 1.57785E-2 1.48044E-2 1.78327E-2 3.12438E-2 2.84846E-2 2.93665E-2 3.66769E-2 3.90732E-2 4.47193E-2 4.59701E-2 5.1612E-2 5.61318E-2 6.04037E-2
1.13901E-2 8.10714E-3 4.18626E-3 2.53317E-3 2.08678E-3 1.37307E-3 1.1557E-3 1.31412E-3 9.96339E-4 1.18621E-3 3.32667E-3 2.88479E-3 1.90325E-3 3.83367E-3 5.28443E-3 3.11016E-3 2.29415E-3 2.73817E-3 1.03994E-2 1.02285E-2 1.10041E-2 7.73186E-3 1.04019E-2 1.33537E-2 1.1712E-2 1.06589E-2 5.892E-3 3.71613E-3 4.30626E-3 6.04977E-3 5.87811E-3 6.18778E-3 5.19922E-3 6.08458E-3 7.14511E-3 7.13435E-3 5.99678E-3 5.94741E-3 5.56426E-3 5.73888E-3 5.68784E-3 5.91655E-3 6.31548E-3 6.89209E-3 7.70038E-3 8.77235E-3 1.25816E-2 1.87784E-2 2.15979E-2 1.98632E-2 2.40488E-2 3.8697E-2 3.24773E-2 3.58942E-2 4.13158E-2 4.38776E-2 5.10217E-2 5.35203E-2 5.88154E-2 6.61036E-2 6.58752E-2
5.75337E-3 7.68777E-3 3.72612E-3 2.21418E-3 1.71644E-3 1.54131E-3 1.76689E-3 1.56515E-3 2.16702E-3 1.32488E-3 1.80638E-3 6.32974E-4 5.85238E-4 1.71367E-3 6.92301E-3 7.03353E-3 3.61693E-3 5.15775E-3 7.9472E-3 3.35217E-3 1.25078E-2 9.2971E-3 9.42948E-3 1.02158E-2 1.28807E-2 1.01336E-2 6.0405E-3 3.91113E-3 3.88751E-3 4.36989E-3 4.74499E-3 4.45929E-3 4.11658E-3 4.86659E-3 6.00329E-3 6.54254E-3 6.58723E-3 7.14069E-3 7.42558E-3 7.72084E-3 7.85004E-3 7.70405E-3 7.68751E-3 8.57005E-3 8.92917E-3 1.03762E-2 1.45414E-2 1.93386E-2 2.329E-2 2.47636E-2 2.49955E-2 4.14511E-2 4.9294E-2 4.44316E-2 4.73104E-2 4.99214E-2 5.26593E-2 5.13656E-2 6.41603E-2 6.53436E-2 6.88629E-2
5.95563E-3 2.0173E-3 2.80951E-3 4.88955E-3 1.82965E-3 1.78589E-3 1.72741E-3 1.6225E-3 1.20611E-3 8.83122E-4 9.6303E-4 7.77761E-4 3.28627E-3 6.13941E-3 1.13817E-2 1.49713E-2 4.183E-3 3.79149E-3 2.75598E-3 3.80572E-3 1.49132E-2 1.39369E-2 7.60587E-3 1.26723E-2 1.58598E-2 8.65483E-3 5.56689E-3 4.30568E-3 4.07441E-3 3.98572E-3 4.96116E-3 4.41246E-3 3.80407E-3 4.73884E-3 5.33915E-3 6.51964E-3 6.40012E-3 6.51414E-3 6.53053E-3 6.47239E-3 6.88611E-3 7.72773E-3 8.73232E-3 9.2663E-3 1.01426E-2 1.25985E-2 1.55601E-2 1.85893E-2 2.17145E-2 2.56599E-2 3.10287E-2 3.9537E-2 5.20219E-2 4.9639E-2 4.99466E-2 5.43654E-2 5.27002E-2 5.83429E-2 6.2076E-2 6.73557E-2 7.4326E-2
1.14358E-2 5.19625E-3 4.38455E-3 5.17857E-3 4.04473E-3 3.8962E-3 3.2472E-3 2.68168E-3 1.10322E-3 1.55597E-3 2.00417E-3 2.065E-3 3.4343E-3 1.19722E-2 3.70321E-3 3.6118E-3 3.23426E-3 2.73861E-3 2.46387E-3 1.64071E-2 2.3359E-2 1.47562E-2 1.30838E-2 3.2255E-2 2.38159E-2 1.67013E-2 9.34928E-3 5.43061E-3 5.0187E-3 4.68274E-3 4.09504E-3 3.38439E-3 4.09505E-3 4.08112E-3 3.62566E-3 5.27054E-3 5.45684E-3 4.74609E-3 5.35739E-3 6.06091E-3 7.11345E-3 9.85501E-3 1.10751E-2 1.30823E-2 1.29802E-2 1.37979E-2 1.63673E-2 1.95256E-2 1.99624E-2 2.76468E-2 3.86075E-2 4.32235E-2 6.05842E-2 5.20376E-2 5.61812E-2 4.97216E-2 5.4905E-2 6.86549E-2 7.31531E-2 8.13014E-2 9.77913E-2
2.70685E-2 2.4903E-2 2.24016E-2 1.47538E-2 1.23684E-2 6.46114E-3 2.54969E-3 1.62724E-3 2.0101E-3 1.7277E-3 1.07724E-3 3.56544E-3 4.35511E-3 2.291E-2 6.00582E-3 2.92763E-3 3.81969E-3 3.40393E-3 3.44254E-3 2.39026E-2 1.71041E-2 1.45249E-2 2.9308E-2 3.72866E-2 2.2984E-2 3.89045E-2 3.78452E-2 1.04935E-2 6.56275E-3 5.22715E-3 4.63654E-3 2.88372E-3 4.00587E-3 4.43113E-3 4.01846E-3 4.18962E-3 4.38618E-3 4.08618E-3 4.49174E-3 5.71853E-3 8.24006E-3 1.18402E-2 1.34799E-2 1.65584E-2 1.76884E-2 1.85576E-2 2.85028E-2 2.61044E-2 2.40474E-2 3.3968E-2 4.44026E-2 5.45812E-2 4.93432E-2 4.73868E-2 5.02055E-2 4.94749E-2 5.50593E-2 7.68089E-2 7.85577E-2 9.13013E-2 1.04064E-1
5.96664E-2 5.47449E-2 5.20721E-2 3.27292E-2 2.29475E-2 1.66633E-2 4.3955E-3 1.94911E-3 2.91134E-3 2.34565E-3 2.6271E-3 5.78968E-3 1.0044E-2 9.9379E-3 5.77678E-3 7.06237E-3 5.12552E-3 7.73994E-3 1.47247E-2 2.16281E-2 1.39517E-2 2.74661E-2 7.87199E-2 2.9668E-2 3.32945E-2 3.74107E-2 2.14123E-2 1.54508E-2 1.01118E-2 7.27592E-3 6.35039E-3 4.37928E-3 5.0264E-3 4.46076E-3 5.11137E-3 6.01963E-3 5.22494E-3 4.8962E-3 5.22331E-3 6.43108E-3 7.76587E-3 1.05955E-2 1.50148E-2 1.75342E-2 1.68923E-2 1.97807E-2 2.51497E-2 2.6205E-2 3.5868E-2 4.74072E-2 4.44593E-2 4.63557E-2 4.25901E-2 4.34578E-2 5.85247E-2 5.96588E-2 6.7015E-2 8.64096E-2 9.01339E-2 1.02834E-1 1.14187E-1
9.64151E-2 7.20909E-2 8.08573E-2 6.63055E-2 4.40626E-2 3.05239E-2 1.17277E-2 6.58078E-3 5.84506E-3 4.28863E-3 6.29526E-3 1.08083E-2 1.38538E-2 8.45907E-3 7.56978E-3 1.03676E-2 9.45743E-3 3.40017E-2 4.64498E-2 1.27193E-2 1.31373E-2 2.53483E-2 7.9784E-2 4.67423E-2 3.61487E-2 3.48175E-2 2.74155E-2 1.97635E-2 1.37554E-2 1.0713E-2 8.00325E-3 5.32367E-3 5.33894E-3 5.21528E-3 6.79262E-3 6.85182E-3 6.35297E-3 5.99104E-3 7.08295E-3 8.38088E-3 9.19164E-3 1.26568E-2 1.37346E-2 1.58129E-2 1.9414E-2 2.13516E-2 2.94711E-2 3.50141E-2 3.56646E-2 4.96512E-2 4.70217E-2 4.6922E-2 4.58671E-2 5.02041E-2 6.03989E-2 7.31045E-2 8.08881E-2 1.03048E-1 1.0792E-1 1.27311E-1 1.37983E-1
1.52611E-1 1.46387E-1 1.17523E-1 7.13734E-2 3.15558E-2 2.57358E-2 2.50474E-2 2.25367E-2 1.28642E-2 8.43398E-3 1.02092E-2 1.58113E-2 2.17081E-2 1.33164E-2 1.43708E-2 1.06608E-2 9.40504E-3 3.7493E-2 3.0608E-2 8.70108E-3 9.73698E-3 2.2086E-2 7.57759E-2 4.47687E-2 3.39961E-2 4.28195E-2 3.20272E-2 2.21184E-2 1.78082E-2 1.17876E-2 9.61896E-3 6.21792E-3 5.96101E-3 7.01078E-3 9.34564E-3 7.69068E-3 6.57419E-3 7.68058E-3 8.77888E-3 1.12216E-2 1.35695E-2 1.50109E-2 1.56021E-2 1.66387E-2 1.93449E-2 2.41878E-2 3.09192E-2 3.63791E-2 4.48217E-2 5.93504E-2 5.78192E-2 6.18895E-2 6.2246E-2 7.05528E-2 7.69738E-2 8.67263E-2 9.8805E-2 1.13894E-1 1.23085E-1 1.4488E-1 1.67162E-1
1.49704E-1 1.45929E-1 8.15707E-2 7.19143E-2 7.1573E-2 5.55519E-2 2.21361E-2 3.27306E-2 2.25675E-2 1.52852E-2 1.76562E-2 2.56517E-2 3.0163E-2 1.57474E-2 2.29586E-2 1.52108E-2 8.45056E-3 2.61286E-2 5.22386E-2 1.01473E-2 8.06812E-3 1.31273E-2 7.61485E-2 3.56204E-2 4.21375E-2 4.45589E-2 3.62871E-2 2.17762E-2 1.71169E-2 1.37197E-2 1.04324E-2 7.29109E-3 7.63692E-3 8.21537E-3 1.02585E-2 1.01912E-2 9.00485E-3 9.64963E-3 1.12626E-2 1.42932E-2 1.79985E-2 1.98283E-2 1.85605E-2 1.51635E-2 1.84449E-2 2.51395E-2 2.82628E-2 3.95823E-2 4.71329E-2 6.25022E-2 7.50866E-2 6.69599E-2 7.89361E-2 8.46529E-2 1.01228E-1 1.06479E-1 1.20388E-1 1.22457E-1 1.41396E-1 1.58646E-1 1.80256E-1
4.95402E-2 8.40169E-2 8.40341E-2 3.6366E-2 5.75986E-2 4.77636E-2 5.66994E-2 3.40098E-2 3.33279E-2 3.85802E-2 3.448E-2 4.02837E-2 3.33099E-2 1.87648E-2 1.45839E-2 1.712E-2 9.82639E-3 1.35558E-2 5.41249E-2 1.47338E-2 8.99338E-3 9.23966E-3 5.65319E-2 3.4583E-2 3.8772E-2 3.73463E-2 4.04503E-2 2.30526E-2 1.89501E-2 1.38489E-2 1.09421E-2 7.71096E-3 9.88518E-3 9.67652E-3 9.25813E-3 8.27376E-3 1.00372E-2 9.98092E-3 1.42305E-2 2.0827E-2 2.14351E-2 2.60644E-2 2.48422E-2 2.08513E-2 2.33716E-2 2.364E-2 2.69238E-2 4.34323E-2 6.47278E-2 6.7391E-2 5.61103E-2 6.8246E-2 7.83196E-2 9.98725E-2 1.16879E-1 1.19369E-1 1.30061E-1 1.44233E-1 1.56792E-1 1.76174E-1 1.9148E-1
5.37954E-2 6.55454E-2 8.18468E-2 4.00791E-2 2.87126E-2 2.48861E-2 4.4524E-2 6.10522E-2 3.07072E-2 2.22461E-2 3.00669E-2 4.28491E-2 3.11094E-2 1.92526E-2 2.64617E-2 2.88957E-2 1.45432E-2 1.11697E-2 4.37643E-2 3.29346E-2 1.25917E-2 1.2528E-2 1.99273E-2 7.20944E-2 5.93776E-2 3.77958E-2 3.13895E-2 3.79736E-2 2.40575E-2 2.006E-2 1.50312E-2 1.30276E-2 1.23984E-2 1.10977E-2 1.30707E-2 1.23686E-2 1.23695E-2 1.29898E-2 1.5373E-2 2.22609E-2 2.3097E-2 3.09029E-2 3.48958E-2 3.10742E-2 2.81125E-2 2.9024E-2 3.16297E-2 3.79557E-2 6.12341E-2 6.76448E-2 6.1791E-2 6.9368E-2 8.11038E-2 1.05461E-1 1.28334E-1 1.40456E-1 1.4875E-1 1.45605E-1 1.56993E-1 1.74668E-1 1.97712E-1
7.27663E-2 3.79186E-2 4.70847E-2 8.02691E-2 2.15348E-2 2.02519E-2 4.32149E-2 5.6891E-2 3.48415E-2 2.61974E-2 2.16432E-2 4.40672E-2 3.2507E-2 2.16853E-2 2.59869E-2 2.48087E-2 2.13094E-2 2.15997E-2 5.93196E-2 2.47094E-2 1.48775E-2 1.92311E-2 2.33557E-2 2.49029E-2 2.09265E-2 2.81214E-2 1.89055E-2 2.97486E-2 3.34045E-2 2.40327E-2 2.58794E-2 2.81669E-2 2.1459E-2 1.58833E-2 1.4802E-2 1.56948E-2 1.34272E-2 1.30396E-2 1.70995E-2 1.92303E-2 2.48799E-2 3.43222E-2 4.3579E-2 4.26635E-2 4.3321E-2 4.38135E-2 4.46763E-2 3.99082E-2 4.44765E-2 6.13039E-2 7.52397E-2 7.66584E-2 9.18302E-2 1.09034E-1 1.39866E-1 1.61545E-1 1.8299E-1 1.73488E-1 1.74973E-1 1.92551E-1 2.02476E-1
2.34784E-1 7.30713E-2 3.94799E-2 6.2775E-2 2.87685E-2 4.16579E-2 2.50985E-2 3.13796E-2 2.90077E-2 3.14505E-2 2.58431E-2 2.88098E-2 2.70888E-2 1.76318E-2 1.51877E-2 1.55758E-2 1.3719E-2 2.2804E-2 6.76005E-2 2.2419E-2 1.47037E-2 1.656E-2 2.4039E-2 2.38612E-2 1.33347E-2 1.21196E-2 1.56534E-2 1.06429E-2 3.0002E-2 4.37718E-2 3.72E-2 3.50056E-2 2.17264E-2 1.48806E-2 1.65711E-2 1.54071E-2 1.54288E-2 1.3514E-2 1.49953E-2 1.79113E-2 2.07264E-2 3.13634E-2 4.34367E-2 4.57378E-2 4.81198E-2 4.98265E-2 5.12016E-2 5.34751E-2 5.7285E-2 7.82881E-2 8.68104E-2 9.17837E-2 9.71188E-2 1.17926E-1 1.52921E-1 1.52637E-1 1.5547E-1 1.75228E-1 2.01737E-1 2.00837E-1 2.1356E-1
1.01151E-1 1.69834E-1 1.26368E-1 4.3826E-2 4.20316E-2 5.18579E-2 3.71085E-2 2.71208E-2 2.91658E-2 3.105E-2 2.48899E-2 2.55985E-2 6.9888E-2 1.98095E-2 2.03624E-2 2.18885E-2 1.36995E-2 1.43136E-2 1.80368E-2 1.60491E-2 1.30268E-2 1.82887E-2 2.73878E-2 2.00916E-2 2.30951E-2 1.24412E-2 1.01644E-2 9.38932E-3 3.46665E-2 6.54976E-2 4.94028E-2 2.01667E-2 1.44865E-2 1.24236E-2 1.41214E-2 1.40865E-2 1.37043E-2 1.20531E-2 1.31082E-2 1.44945E-2 2.31495E-2 3.36449E-2 4.18641E-2 4.94762E-2 5.28247E-2 5.98693E-2 5.86019E-2 5.77596E-2 6.09688E-2 7.97798E-2 9.6436E-2 1.01243E-1 1.13425E-1 1.19926E-1 1.55272E-1 1.4954E-1 1.4456E-1 1.41444E-1 1.62089E-1 1.88155E-1 2.02404E-1
5.98788E-2 1.67835E-1 1.47337E-1 5.9464E-2 6.58023E-2 4.50662E-2 4.33677E-2 5.26836E-2 4.51959E-2 5.83405E-2 4.01794E-2 4.56537E-2 2.4917E-2 1.66175E-2 2.67835E-2 2.68769E-2 1.49628E-2 1.19116E-2 2.49329E-2 3.4733E-2 1.27904E-2 1.69667E-2 2.39173E-2 1.44538E-2 1.25049E-2 1.314E-2 8.04163E-3 7.87065E-3 3.70641E-2 5.42382E-2 2.41857E-2 1.74013E-2 1.69538E-2 1.50108E-2 1.195E-2 1.26777E-2 1.24363E-2 1.39964E-2 1.18181E-2 1.34664E-2 1.98947E-2 3.94309E-2 4.38899E-2 5.42384E-2 6.21697E-2 6.62461E-2 7.13473E-2 6.89671E-2 7.35592E-2 7.6027E-2 8.73283E-2 9.75307E-2 1.15747E-1 1.38267E-1 1.42017E-1 1.41987E-1 1.41538E-1 1.45718E-1 1.59955E-1 2.0468E-1 2.32662E-1
1.0176E-1 1.88045E-1 1.91121E-1 6.4176E-2 9.53011E-2 4.90403E-2 5.50453E-2 5.82679E-2 6.3876E-2 5.6805E-2 4.58552E-2 3.11394E-2 2.30907E-2 1.87164E-2 1.72948E-2 1.26595E-2 1.20826E-2 1.04815E-2 2.21915E-2 3.18523E-2 1.29977E-2 1.02621E-2 1.67263E-2 1.05027E-2 7.97324E-3 7.53406E-3 8.18222E-3 7.85589E-3 1.12886E-2 3.45115E-2 2.72655E-2 2.03855E-2 2.0132E-2 1.62903E-2 1.40674E-2 1.37362E-2 1.33291E-2 1.33557E-2 1.21046E-2 1.472E-2 2.13397E-2 2.65627E-2 3.89528E-2 5.22015E-2 5.52298E-2 6.67006E-2 7.61315E-2 7.59779E-2 6.77942E-2 7.59571E-2 8.47608E-2 9.58204E-2 1.07241E-1 1.25857E-1 1.45529E-1 1.69181E-1 1.58195E-1 1.60207E-1 1.71328E-1 1.94759E-1 2.21375E-1
7.68167E-2 1.75359E-1 8.79702E-2 9.89804E-2 6.23352E-2 1.22775E-1 7.66845E-2 6.69097E-2 5.78912E-2 3.86893E-2 6.09275E-2 3.66394E-2 2.28714E-2 1.67609E-2 1.22443E-2 1.1565E-2 1.03151E-2 1.15382E-2 1.3842E-2 1.52629E-2 1.02505E-2 6.2576E-3 6.79974E-3 9.59813E-3 9.2617E-3 7.35928E-3 8.53558E-3 1.53292E-2 1.10423E-2 2.81734E-2 3.3077E-2 2.22155E-2 2.2489E-2 1.96423E-2 2.02689E-2 1.98141E-2 1.71155E-2 1.7571E-2 1.63132E-2 1.85668E-2 2.24438E-2 2.694E-2 3.45836E-2 3.87092E-2 6.13331E-2 7.04719E-2 8.00419E-2 7.40863E-2 7.64869E-2 7.74669E-2 8.27111E-2 1.02967E-1 1.23277E-1 1.31619E-1 1.35017E-1 1.53169E-1 1.47471E-1 1.60856E-1 1.77276E-1 2.09004E-1 2.21972E-1
