data/maxent/outputs/white_22.asc
ncols         426
nrows         180
xllcorner     -130.0
yllcorner     24.0
cellsize      0.16666666666666666
NODATA_value  -9999
[rows 27 to 53 of 180, columns 244 to 304 of 426]
1.01043E-3 1.08195E-3 1.60245E-3 1.46791E-3 1.30452E-3 1.13624E-3 1.24197E-3 1.35568E-3 9.25556E-4 7.83412E-4 8.83192E-4 7.39218E-4 8.80939E-4 6.31022E-4 8.14057E-4 7.81464E-4 9.66864E-4 1.12387E-3 1.07157E-3 1.17028E-3 1.13617E-3 1.05244E-3 1.07978E-3 8.83733E-4 8.76024E-4 1.18211E-3 7.80741E-4 8.52945E-4 9.49818E-4 8.18856E-4 7.818E-4 8.52258E-4 7.28999E-4 7.73081E-4 9.54436E-4 9.50022E-4 9.08569E-4 9.79256E-4 9.93618E-4 1.07746E-3 1.29657E-3 1.56147E-3 1.45714E-3 1.73763E-3 1.62132E-3 1.66546E-3 1.77595E-3 1.90866E-3 1.80716E-3 1.5546E-3 1.36215E-3 1.59046E-3 1.6747E-3 1.46567E-3 1.39555E-3 1.36772E-3 1.29194E-3 1.27687E-3 1.39661E-3 1.30556E-3 1.32927E-3
9.26971E-4 9.30912E-4 1.49766E-3 1.43067E-3 1.42607E-3 1.41449E-3 1.14901E-3 9.34879E-4 6.93002E-4 6.756E-4 5.96178E-4 8.16475E-4 6.73552E-4 8.27782E-4 7.8885E-4 9.47844E-4 7.957E-4 1.39758E-3 1.28381E-3 1.32267E-3 1.12093E-3 1.10035E-3 9.537E-4 1.01413E-3 9.75442E-4 9.40098E-4 7.07213E-4 7.416E-4 7.57917E-4 7.03339E-4 7.37342E-4 8.09402E-4 7.00885E-4 7.28004E-4 9.55078E-4 9.24103E-4 8.20567E-4 8.60275E-4 9.19855E-4 1.05612E-3 1.12756E-3 1.24061E-3 1.22055E-3 1.45021E-3 1.48144E-3 1.66571E-3 1.71416E-3 1.5565E-3 1.83065E-3 1.72854E-3 1.44516E-3 1.34987E-3 1.26051E-3 1.22974E-3 1.12071E-3 1.22726E-3 1.17507E-3 1.19767E-3 1.27579E-3 1.35296E-3 1.44302E-3
9.13768E-4 8.44303E-4 1.24341E-3 1.45133E-3 1.30638E-3 1.18348E-3 1.55449E-3 1.15666E-3 7.26893E-4 6.02231E-4 6.62668E-4 6.82835E-4 6.58964E-4 8.38348E-4 1.08728E-3 9.42488E-4 1.05793E-3 1.04588E-3 1.19793E-3 1.1452E-3 1.06114E-3 1.04276E-3 9.63535E-4 1.15321E-3 1.15359E-3 1.05395E-3 7.68638E-4 7.9779E-4 7.85187E-4 8.38971E-4 1.04393E-3 7.78275E-4 7.5785E-4 7.41336E-4 8.12571E-4 9.84331E-4 9.76943E-4 1.25679E-3 9.84222E-4 9.69328E-4 1.13492E-3 1.01051E-3 9.17325E-4 1.07018E-3 1.12684E-3 1.27952E-3 1.36239E-3 1.24965E-3 1.46933E-3 1.47995E-3 1.47715E-3 1.23248E-3 1.10205E-3 1.24204E-3 1.22715E-3 1.25997E-3 1.21053E-3 1.18467E-3 1.3529E-3 1.46339E-3 1.51125E-3
7.16111E-4 6.93663E-4 8.6126E-4 1.09291E-3 1.23545E-3 1.13803E-3 1.49252E-3 1.42346E-3 9.97318E-4 8.32287E-4 7.10365E-4 7.7759E-4 7.97187E-4 1.08981E-3 1.11125E-3 1.00078E-3 8.44949E-4 1.2624E-3 1.12881E-3 1.37623E-3 1.08654E-3 1.27415E-3 1.19777E-3 9.8385E-4 7.96061E-4 7.59631E-4 7.94445E-4 7.61012E-4 7.34232E-4 1.71916E-3 1.04868E-3 8.68094E-4 8.00017E-4 7.68944E-4 7.83446E-4 1.1089E-3 1.03054E-3 1.01064E-3 9.73533E-4 8.51079E-4 8.8109E-4 9.28169E-4 9.81714E-4 9.36591E-4 9.83035E-4 1.04479E-3 1.10982E-3 1.1275E-3 1.10122E-3 1.32565E-3 1.29187E-3 1.23185E-3 1.15368E-3 1.35097E-3 1.25851E-3 2.55642E-3 2.82904E-3 1.5706E-3 1.50828E-3 1.38482E-3 1.44087E-3
7.61523E-4 7.18311E-4 7.03492E-4 1.00478E-3 1.30056E-3 2.44507E-3 1.38851E-3 1.06118E-3 9.12948E-4 8.77641E-4 1.44997E-3 1.4595E-3 1.07503E-3 8.80029E-4 1.03467E-3 9.96461E-4 6.39558E-4 6.79029E-4 9.51388E-4 1.02111E-3 1.03093E-3 1.17703E-3 1.59907E-3 1.03972E-3 7.18349E-4 6.8693E-4 7.39331E-4 8.99247E-4 7.49525E-4 9.40008E-4 8.48489E-4 8.08882E-4 7.53056E-4 8.59499E-4 9.22353E-4 9.2182E-4 9.53007E-4 9.77874E-4 9.36573E-4 7.6547E-4 8.2499E-4 9.12766E-4 8.58172E-4 8.76072E-4 8.75637E-4 8.89955E-4 1.04952E-3 1.05661E-3 1.02961E-3 1.10526E-3 1.30373E-3 1.22117E-3 1.3607E-3 1.60534E-3 1.70084E-3 3.29822E-3 4.0546E-3 2.14945E-3 3.23861E-3 2.21369E-3 1.84982E-3
7.42414E-4 7.78183E-4 7.80055E-4 1.00418E-3 1.30716E-3 9.54963E-4 1.37457E-3 1.55651E-3 1.56211E-3 1.64146E-3 1.60169E-3 1.58311E-3 1.64748E-3 1.5822E-3 1.60211E-3 1.74345E-3 1.72705E-3 1.75638E-3 8.20248E-4 9.34971E-4 1.29385E-3 1.1649E-3 8.91831E-4 7.45075E-4 6.75842E-4 7.73238E-4 7.35392E-4 7.59514E-4 1.04625E-3 9.67993E-4 1.09285E-3 8.26065E-4 8.74402E-4 9.81723E-4 8.93236E-4 9.71106E-4 8.69201E-4 8.76846E-4 8.69533E-4 7.33718E-4 8.12593E-4 8.24014E-4 7.88059E-4 8.41145E-4 8.75007E-4 8.97207E-4 1.17553E-3 1.09042E-3 1.35208E-3 1.45929E-3 1.94531E-3 1.27243E-3 1.37671E-3 1.39346E-3 1.34501E-3 1.45634E-3 1.82572E-3 2.2612E-3 2.68535E-3 2.2758E-3 2.34563E-3
1.41207E-3 1.00295E-3 9.98754E-4 1.08689E-3 1.1504E-3 1.57613E-3 1.55595E-3 1.67654E-3 1.7284E-3 1.69608E-3 1.66026E-3 1.71062E-3 1.75966E-3 1.79352E-3 1.79933E-3 1.83755E-3 1.87848E-3 1.89989E-3 1.73294E-3 9.83775E-4 1.06307E-3 1.02643E-3 8.0502E-4 6.79384E-4 7.69014E-4 7.41397E-4 6.69394E-4 8.14257E-4 8.95058E-4 8.89903E-4 1.3674E-3 1.13505E-3 1.00313E-3 1.31353E-3 1.30693E-3 1.17064E-3 1.01948E-3 8.78153E-4 8.70594E-4 7.64203E-4 7.83298E-4 7.64305E-4 7.7477E-4 8.93785E-4 8.07641E-4 9.29736E-4 9.20055E-4 1.20605E-3 1.47257E-3 1.34068E-3 1.8964E-3 1.25211E-3 1.23793E-3 1.42312E-3 1.27901E-3 1.23808E-3 1.50173E-3 1.54882E-3 1.88029E-3 2.0509E-3 2.43033E-3
1.19404E-3 1.20276E-3 1.49581E-3 1.49143E-3 1.45649E-3 1.60547E-3 1.67498E-3 1.8608E-3 1.80231E-3 1.78277E-3 1.76882E-3 1.76633E-3 1.82273E-3 1.90916E-3 1.9595E-3 1.99172E-3 1.99931E-3 1.99204E-3 2.00828E-3 7.78537E-4 7.22538E-4 6.78835E-4 7.03471E-4 6.44248E-4 6.69435E-4 7.5447E-4 6.52645E-4 7.83602E-4 8.65388E-4 7.79723E-4 1.22878E-3 1.51496E-3 1.20601E-3 1.21971E-3 1.34619E-3 1.16255E-3 9.93048E-4 8.17469E-4 8.20661E-4 7.75592E-4 8.28222E-4 7.12956E-4 7.10368E-4 7.45152E-4 8.53246E-4 9.35733E-4 9.20168E-4 1.10234E-3 1.09656E-3 1.13185E-3 1.13059E-3 1.34602E-3 1.52971E-3 1.22161E-3 1.41437E-3 1.61439E-3 1.53418E-3 1.84021E-3 2.08211E-3 2.52165E-3 2.21611E-3
1.45743E-3 1.38815E-3 1.82845E-3 1.79189E-3 1.79853E-3 2.03511E-3 2.06655E-3 1.98794E-3 1.86071E-3 1.89015E-3 1.85415E-3 1.86857E-3 1.95812E-3 2.10198E-3 2.09805E-3 2.1541E-3 2.16319E-3 2.15171E-3 2.20241E-3 2.14788E-3 8.03757E-4 8.25161E-4 6.88419E-4 6.94181E-4 6.39342E-4 5.44131E-4 5.99597E-4 8.08071E-4 8.64112E-4 9.78085E-4 9.39633E-4 1.09075E-3 1.28198E-3 1.17328E-3 1.1247E-3 1.20007E-3 1.16254E-3 9.33967E-4 7.94328E-4 8.22235E-4 9.28467E-4 8.41861E-4 1.10005E-3 7.77293E-4 8.91592E-4 9.25183E-4 9.5621E-4 9.60315E-4 1.01354E-3 1.14105E-3 1.28383E-3 1.55505E-3 1.54923E-3 1.364E-3 1.41598E-3 1.90277E-3 1.99216E-3 2.05751E-3 2.48105E-3 2.3879E-3 2.34877E-3
1.75262E-3 1.21178E-3 1.85204E-3 2.09918E-3 2.0012E-3 2.26742E-3 2.24123E-3 2.12547E-3 2.05571E-3 2.04213E-3 2.00453E-3 2.08819E-3 2.13401E-3 2.16749E-3 2.7749E-3 2.90402E-3 2.93079E-3 2.97437E-3 3.01304E-3 3.18236E-3 2.43606E-3 2.32524E-3 2.26638E-3 2.12271E-3 2.58724E-3 2.58151E-3 1.44968E-3 9.18943E-4 8.59113E-4 8.06555E-4 7.09426E-4 6.91148E-4 1.11221E-3 1.36746E-3 1.17403E-3 1.18711E-3 1.28198E-3 1.00856E-3 9.68034E-4 1.08058E-3 1.0882E-3 9.67819E-4 8.39681E-4 7.74544E-4 8.75413E-4 9.91965E-4 1.05553E-3 1.06552E-3 1.22892E-3 1.20789E-3 1.35815E-3 1.59547E-3 1.68924E-3 1.5341E-3 1.4795E-3 1.609E-3 1.80601E-3 2.08926E-3 2.17686E-3 2.06947E-3 2.15682E-3
1.94931E-3 2.25788E-3 2.21635E-3 2.38983E-3 2.37182E-3 2.50832E-3 2.40163E-3 2.3176E-3 2.2663E-3 2.30512E-3 2.26365E-3 2.34984E-3 2.37401E-3 2.50864E-3 3.12769E-3 3.13432E-3 3.25088E-3 3.30211E-3 3.30814E-3 3.28243E-3 2.69996E-3 2.0494E-3 3.06501E-3 2.76501E-3 2.88501E-3 2.74007E-3 7.69604E-4 7.81935E-4 6.9564E-4 5.63899E-4 6.81681E-4 7.06396E-4 7.5145E-4 8.09639E-4 1.18869E-3 1.29205E-3 1.34407E-3 1.23865E-3 1.26219E-3 1.23668E-3 1.42827E-3 1.03589E-3 9.8246E-4 1.20991E-3 9.81213E-4 9.64079E-4 1.13052E-3 1.24506E-3 1.19993E-3 1.30758E-3 1.36446E-3 1.50738E-3 1.67683E-3 1.9211E-3 1.74182E-3 1.88617E-3 2.06961E-3 2.1234E-3 2.08584E-3 1.91413E-3 2.28521E-3
2.34689E-3 2.47502E-3 2.63839E-3 2.54867E-3 2.7829E-3 2.59866E-3 2.58699E-3 2.74207E-3 2.91032E-3 2.72994E-3 2.80156E-3 2.76508E-3 2.6215E-3 2.70285E-3 3.45479E-3 3.54505E-3 3.61169E-3 3.6601E-3 3.68387E-3 3.60402E-3 2.89514E-3 2.97713E-3 3.00744E-3 2.9366E-3 2.91672E-3 2.74946E-3 7.57931E-4 7.9052E-4 6.61179E-4 6.44398E-4 6.81069E-4 7.84681E-4 7.66902E-4 8.54105E-4 9.94916E-4 9.31448E-4 9.84235E-4 1.03572E-3 1.02977E-3 9.81816E-4 9.91068E-4 9.46897E-4 1.02347E-3 1.0612E-3 9.2429E-4 9.53069E-4 1.05232E-3 1.15124E-3 1.27379E-3 1.09442E-3 1.24208E-3 1.4633E-3 1.30824E-3 1.64198E-3 1.79407E-3 1.86185E-3 2.22097E-3 2.63411E-3 3.11042E-3 2.91859E-3 2.68482E-3
2.84314E-3 2.91861E-3 2.60248E-3 2.71186E-3 2.72952E-3 3.60716E-3 2.70251E-3 2.86158E-3 3.17494E-3 3.74119E-3 2.45754E-3 3.21707E-3 2.9756E-3 3.00735E-3 3.73182E-3 3.85866E-3 3.86981E-3 3.90986E-3 3.97933E-3 4.0019E-3 3.22421E-3 3.44931E-3 3.20919E-3 3.18224E-3 3.07573E-3 3.09782E-3 3.29969E-3 2.31429E-3 7.11241E-4 6.65893E-4 7.24357E-4 9.28552E-4 9.80582E-4 1.0363E-3 9.64069E-4 1.07119E-3 1.07359E-3 1.30135E-3 1.07826E-3 1.0963E-3 1.11605E-3 1.16324E-3 1.09069E-3 1.08709E-3 9.32569E-4 9.42204E-4 8.8759E-4 9.21462E-4 9.00957E-4 9.71245E-4 9.733E-4 1.22816E-3 1.43355E-3 1.67435E-3 2.10296E-3 2.46829E-3 2.17492E-3 2.62155E-3 3.51849E-3 3.20377E-3 2.83152E-3
3.07012E-3 3.10847E-3 2.73085E-3 3.45987E-3 2.783E-3 2.52137E-3 1.71216E-3 3.62064E-3 3.69216E-3 3.27297E-3 3.41551E-3 3.82166E-3 3.82931E-3 3.6411E-3 4.35195E-3 4.41282E-3 4.33122E-3 4.28771E-3 4.42545E-3 4.39398E-3 3.54711E-3 3.52011E-3 3.52998E-3 3.46711E-3 3.29656E-3 3.25871E-3 3.31457E-3 3.78921E-3 8.53214E-4 7.05451E-4 8.26887E-4 8.45931E-4 8.84261E-4 8.2037E-4 1.00634E-3 1.11439E-3 1.30323E-3 1.33773E-3 1.16826E-3 1.22978E-3 1.32816E-3 1.38401E-3 1.58516E-3 1.42785E-3 1.05802E-3 9.02482E-4 1.04918E-3 1.0734E-3 1.04641E-3 1.26016E-3 1.27715E-3 1.43242E-3 1.5481E-3 1.61746E-3 2.41763E-3 2.38855E-3 2.29587E-3 2.37709E-3 2.58437E-3 3.25464E-3 2.57546E-3
3.36228E-3 3.39654E-3 2.69769E-3 2.21247E-3 2.8478E-3 2.92301E-3 4.93968E-3 3.87245E-3 3.79228E-3 3.62105E-3 3.72756E-3 4.06189E-3 4.39842E-3 4.48178E-3 5.21072E-3 4.9799E-3 4.83858E-3 4.87476E-3 4.88804E-3 4.87023E-3 3.95419E-3 3.89538E-3 3.8992E-3 3.77454E-3 3.65427E-3 3.55071E-3 3.60967E-3 2.621E-3 8.58215E-4 7.99267E-4 8.40228E-4 9.31697E-4 1.09764E-3 9.75788E-4 9.96362E-4 1.1457E-3 1.36923E-3 1.40351E-3 1.36126E-3 1.26899E-3 1.38173E-3 1.29953E-3 1.15248E-3 1.28119E-3 1.27205E-3 1.14084E-3 1.17516E-3 1.47327E-3 1.45094E-3 1.46093E-3 1.4175E-3 1.64771E-3 1.92657E-3 1.99169E-3 2.75184E-3 3.11508E-3 2.56313E-3 2.68457E-3 2.69864E-3 3.06484E-3 3.34632E-3
2.18848E-3 1.99554E-3 1.65646E-3 1.40489E-3 1.70059E-3 2.20037E-3 2.83152E-3 2.59909E-3 3.20168E-3 4.93102E-3 4.07009E-3 4.141E-3 4.67279E-3 4.90037E-3 4.80082E-3 4.43205E-3 4.47527E-3 4.77008E-3 4.46981E-3 4.36175E-3 4.12624E-3 4.09185E-3 4.1153E-3 4.12817E-3 4.07412E-3 4.01283E-3 4.24413E-3 4.55907E-3 1.9694E-3 1.59727E-3 1.07962E-3 9.04142E-4 1.03505E-3 9.67643E-4 1.16989E-3 1.27766E-3 1.62051E-3 2.08746E-3 1.82683E-3 1.5073E-3 1.42907E-3 1.45494E-3 1.23705E-3 1.38241E-3 1.55143E-3 1.45016E-3 1.55131E-3 1.4957E-3 1.51582E-3 1.54859E-3 1.74088E-3 2.10583E-3 2.5667E-3 2.46102E-3 3.21954E-3 4.00909E-3 3.10646E-3 2.63495E-3 2.48458E-3 2.56395E-3 3.40577E-3
2.05155E-3 1.67695E-3 1.29297E-3 1.3103E-3 1.43161E-3 1.42362E-3 1.01859E-3 7.9682E-4 8.82303E-4 1.67069E-3 2.70499E-3 4.26706E-3 4.65269E-3 5.06744E-3 5.23424E-3 5.23796E-3 5.27917E-3 5.25538E-3 5.22758E-3 5.61893E-3 6.44473E-3 6.53415E-3 5.57158E-3 5.2618E-3 3.36922E-3 2.36183E-3 5.16314E-3 4.19227E-3 4.01756E-3 1.77804E-3 1.29417E-3 1.21903E-3 1.33923E-3 1.19626E-3 1.16738E-3 1.40838E-3 1.53622E-3 1.79396E-3 1.73616E-3 1.78719E-3 1.49058E-3 1.3628E-3 1.58049E-3 1.59537E-3 1.70267E-3 1.63084E-3 1.53538E-3 1.69244E-3 1.85928E-3 1.90175E-3 2.26428E-3 3.10337E-3 3.5146E-3 3.93792E-3 3.81796E-3 3.58227E-3 3.46036E-3 3.11631E-3 2.49541E-3 2.19579E-3 2.75991E-3
1.35417E-3 1.41644E-3 1.08437E-3 1.04445E-3 9.60004E-4 6.28782E-4 5.31681E-4 5.40156E-4 4.89185E-4 7.77506E-4 1.5058E-3 2.94702E-3 4.76274E-3 5.73337E-3 5.61547E-3 5.815E-3 6.54852E-3 6.09228E-3 2.68924E-3 1.69781E-3 1.57158E-3 1.52441E-3 1.40849E-3 1.50821E-3 1.31251E-3 1.56537E-3 4.76644E-3 3.95607E-3 3.62642E-3 1.70666E-3 2.05142E-3 2.23629E-3 2.30779E-3 1.79945E-3 1.79202E-3 2.02795E-3 2.08797E-3 2.47766E-3 2.01869E-3 2.29358E-3 1.98442E-3 1.86728E-3 1.75339E-3 1.84836E-3 1.81747E-3 1.73253E-3 1.84637E-3 2.76544E-3 2.97806E-3 2.7181E-3 3.3561E-3 4.16798E-3 3.67008E-3 4.02045E-3 4.33842E-3 3.83719E-3 3.36169E-3 2.89317E-3 2.44296E-3 2.28429E-3 2.40216E-3
1.26928E-3 1.21948E-3 9.63062E-4 7.42906E-4 5.40175E-4 4.60566E-4 4.35385E-4 4.95187E-4 5.80267E-4 7.5222E-4 1.2909E-3 1.42532E-3 1.68747E-3 1.70593E-3 2.44524E-3 2.92222E-3 2.24089E-3 1.61574E-3 1.36352E-3 1.41022E-3 1.39591E-3 1.38269E-3 1.3279E-3 1.24452E-3 1.19267E-3 1.39471E-3 1.80744E-3 1.91158E-3 2.07888E-3 1.76681E-3 2.18488E-3 2.91427E-3 2.94225E-3 2.39152E-3 1.71268E-3 2.52821E-3 2.52274E-3 2.53204E-3 3.10961E-3 2.82552E-3 3.20636E-3 2.87301E-3 2.15649E-3 1.93873E-3 2.15514E-3 2.0703E-3 2.27596E-3 3.28316E-3 4.22819E-3 5.97012E-3 5.07301E-3 4.75288E-3 4.26529E-3 4.43614E-3 4.79881E-3 5.30042E-3 4.83324E-3 3.45566E-3 2.78861E-3 2.49165E-3 2.40467E-3
1.24688E-3 1.00126E-3 7.53294E-4 5.98944E-4 5.3593E-4 5.55568E-4 6.62704E-4 6.84733E-4 6.22508E-4 6.80752E-4 7.41103E-4 9.4695E-4 9.42406E-4 1.01909E-3 1.24064E-3 1.49181E-3 1.76121E-3 1.60463E-3 1.33088E-3 1.66176E-3 1.8648E-3 3.18132E-3 1.54812E-3 1.42904E-3 1.61558E-3 1.48617E-3 1.67238E-3 1.58326E-3 1.59592E-3 1.88437E-3 2.06592E-3 2.33673E-3 2.02954E-3 2.3266E-3 2.40322E-3 2.61202E-3 3.04644E-3 2.9866E-3 3.58561E-3 3.95619E-3 3.68345E-3 3.61496E-3 3.26194E-3 2.61352E-3 2.79822E-3 3.43385E-3 3.82537E-3 5.19557E-3 5.44387E-3 3.77271E-3 3.58836E-3 4.96627E-3 5.16434E-3 5.46161E-3 6.40225E-3 8.09337E-3 8.1002E-3 7.13768E-3 7.94209E-3 5.40653E-3 3.62793E-3
1.02473E-3 1.04219E-3 7.66078E-4 6.93055E-4 6.23548E-4 7.37801E-4 8.60482E-4 7.40826E-4 7.89477E-4 8.45469E-4 8.34517E-4 8.70801E-4 8.99478E-4 9.89385E-4 1.20195E-3 1.33173E-3 1.5107E-3 1.4653E-3 1.41251E-3 1.3769E-3 1.59453E-3 2.20773E-3 2.56957E-3 3.84851E-3 3.18321E-3 2.5506E-3 2.19391E-3 2.12992E-3 2.02939E-3 1.91918E-3 1.84014E-3 2.06456E-3 2.60074E-3 3.06083E-3 2.8809E-3 3.85277E-3 3.48999E-3 4.1071E-3 4.35184E-3 4.07695E-3 4.25638E-3 4.76507E-3 5.21873E-3 4.79908E-3 4.57E-3 4.75332E-3 5.41342E-3 4.96019E-3 4.836E-3 4.15143E-3 4.14858E-3 6.1254E-3 6.06359E-3 5.11161E-3 5.37475E-3 5.15876E-3 4.67167E-3 4.4671E-3 4.07824E-3 3.66658E-3 2.7539E-3
1.27265E-3 1.10361E-3 7.71383E-4 6.61299E-4 6.97578E-4 7.62074E-4 9.9518E-4 1.11803E-3 1.18982E-3 1.12265E-3 9.71943E-4 9.92637E-4 1.04764E-3 1.25238E-3 1.61708E-3 1.43688E-3 1.65684E-3 1.49962E-3 3.84559E-3 5.28153E-3 5.00189E-3 6.43944E-3 7.42113E-3 7.09743E-3 7.20528E-3 7.00919E-3 4.36975E-3 3.26453E-3 4.29491E-3 5.60809E-3 5.94222E-3 6.45584E-3 5.77844E-3 4.51481E-3 3.5991E-3 2.86086E-3 3.19838E-3 3.26905E-3 3.1173E-3 4.4266E-3 4.92937E-3 4.5611E-3 4.97486E-3 5.17329E-3 5.27278E-3 5.62073E-3 5.91377E-3 8.52171E-3 6.80361E-3 5.76055E-3 6.65089E-3 7.74795E-3 6.21507E-3 5.28978E-3 5.12831E-3 5.39282E-3 5.48005E-3 4.33562E-3 2.70379E-3 2.62339E-3 2.15835E-3
1.07337E-3 1.03489E-3 8.02814E-4 7.06763E-4 7.48908E-4 8.13165E-4 9.01151E-4 1.17384E-3 1.40196E-3 1.32319E-3 1.11917E-3 1.32487E-3 1.38484E-3 2.53955E-3 2.36822E-3 3.01825E-3 2.73621E-3 5.65512E-3 8.44934E-3 8.29982E-3 7.97618E-3 7.93738E-3 4.70552E-3 5.64339E-3 8.71953E-3 7.35627E-3 4.54427E-3 3.48776E-3 3.0348E-3 3.7432E-3 9.43763E-3 8.57236E-3 8.06361E-3 7.50622E-3 7.20624E-3 7.08465E-3 7.15566E-3 6.64557E-3 6.80267E-3 8.00417E-3 7.91221E-3 3.80726E-3 4.32158E-3 4.79571E-3 5.06651E-3 4.54185E-3 8.86689E-3 1.08232E-2 1.08114E-2 1.05135E-2 1.00462E-2 8.49955E-3 7.20559E-3 5.76453E-3 5.4501E-3 5.57846E-3 5.20776E-3 3.9113E-3 3.13563E-3 2.66493E-3 2.087E-3
1.0543E-3 8.83829E-4 9.96545E-4 9.72245E-4 8.7827E-4 8.62907E-4 9.87542E-4 1.24814E-3 1.47329E-3 1.50839E-3 1.42382E-3 1.59686E-3 2.43639E-3 5.6129E-3 5.65695E-3 5.17611E-3 6.26619E-3 8.98954E-3 9.36627E-3 9.15664E-3 9.286E-3 8.70311E-3 6.31381E-3 9.40896E-3 9.78445E-3 5.62398E-3 3.13084E-3 3.5204E-3 3.48007E-3 3.12352E-3 2.78802E-3 6.5483E-3 9.79782E-3 9.46932E-3 9.19784E-3 8.97411E-3 8.96237E-3 8.64529E-3 8.42557E-3 1.09063E-2 1.14379E-2 1.13635E-2 1.01612E-2 8.48017E-3 6.60088E-3 7.36146E-3 1.17179E-2 1.19566E-2 1.13651E-2 1.07925E-2 1.00921E-2 8.8417E-3 7.0348E-3 5.92247E-3 4.88943E-3 4.81491E-3 4.87365E-3 4.22416E-3 3.80365E-3 3.32543E-3 2.98056E-3
1.22599E-3 1.12909E-3 1.1688E-3 1.06331E-3 9.95563E-4 1.07691E-3 1.15441E-3 1.3801E-3 1.72122E-3 1.74869E-3 2.02198E-3 2.01128E-3 5.409E-3 6.09178E-3 4.86754E-3 6.71564E-3 9.44104E-3 1.04515E-2 1.06934E-2 1.06923E-2 1.02923E-2 1.04541E-2 1.08581E-2 1.06703E-2 1.05259E-2 6.76658E-3 3.77759E-3 3.8647E-3 4.20589E-3 2.41253E-3 3.09454E-3 2.31599E-3 2.57627E-3 5.14801E-3 7.72095E-3 9.2139E-3 1.00708E-2 1.04627E-2 1.10318E-2 1.21553E-2 1.29732E-2 1.33923E-2 1.16597E-2 1.11153E-2 1.18586E-2 1.40782E-2 1.42115E-2 1.4893E-2 1.32206E-2 1.18344E-2 1.09653E-2 9.30449E-3 8.37461E-3 6.30932E-3 5.55906E-3 6.0077E-3 4.55205E-3 4.06919E-3 3.43201E-3 3.35154E-3 3.55965E-3
1.18876E-3 1.26073E-3 1.11401E-3 1.14077E-3 1.45343E-3 1.40919E-3 1.67705E-3 1.92301E-3 2.07072E-3 2.09666E-3 2.39256E-3 3.69792E-3 5.74393E-3 3.78592E-3 6.80415E-3 1.05213E-2 1.10517E-2 1.17575E-2 1.21891E-2 1.22583E-2 1.19345E-2 1.23254E-2 1.13878E-2 1.07385E-2 5.05825E-3 4.78811E-3 3.64234E-3 2.50729E-3 2.20597E-3 1.83332E-3 1.96098E-3 1.95041E-3 2.13366E-3 2.19665E-3 2.58431E-3 4.42354E-3 1.00194E-2 1.19991E-2 1.25334E-2 1.40735E-2 1.57015E-2 1.4662E-2 1.33979E-2 1.30122E-2 1.29346E-2 1.57839E-2 1.66826E-2 1.51608E-2 1.31639E-2 1.30584E-2 1.09896E-2 9.25656E-3 8.43478E-3 8.48311E-3 7.37532E-3 7.40883E-3 5.53785E-3 4.95153E-3 4.49827E-3 4.09996E-3 4.23673E-3
1.39173E-3 1.50565E-3 1.40218E-3 1.43165E-3 1.57269E-3 1.70658E-3 2.12523E-3 2.50125E-3 2.61266E-3 2.96474E-3 4.81306E-3 6.2965E-3 3.52726E-3 4.98451E-3 1.1634E-2 1.32044E-2 1.38245E-2 1.41144E-2 1.33705E-2 1.00042E-2 1.21542E-2 1.14529E-2 7.22484E-3 1.01532E-2 4.78347E-3 3.56331E-3 2.56462E-3 1.83853E-3 1.86863E-3 1.61582E-3 1.91394E-3 1.97357E-3 2.18958E-3 2.13289E-3 2.45051E-3 3.72546E-3 7.20454E-3 1.1169E-2 1.34268E-2 1.69201E-2 1.88047E-2 1.73458E-2 1.68264E-2 1.61357E-2 1.46347E-2 1.40229E-2 1.42013E-2 1.1437E-2 1.35185E-2 1.21627E-2 1.13987E-2 9.84558E-3 8.87055E-3 8.43097E-3 8.48604E-3 7.45025E-3 6.43791E-3 5.99821E-3 7.23028E-3 5.72783E-3 4.19877E-3
