data/maxent/outputs/white_107.asc
ncols         426
nrows         180
xllcorner     -130.0
yllcorner     24.0
cellsize      0.16666666666666666
NODATA_value  -9999
[rows 108 to 134 of 180, columns 244 to 304 of 426]
7.10123E-1 7.11249E-1 7.02798E-1 7.01939E-1 6.99731E-1 6.85936E-1 6.67656E-1 6.53188E-1 6.75576E-1 6.2634E-1 6.33385E-1 6.45394E-1 6.61516E-1 6.77175E-1 6.91692E-1 6.98686E-1 6.92118E-1 7.02725E-1 6.975E-1 7.12387E-1 7.16415E-1 7.07497E-1 7.01324E-1 7.01825E-1 7.07737E-1 7.10476E-1 7.11912E-1 7.03061E-1 6.91579E-1 6.91404E-1 7.15282E-1 7.35273E-1 7.18226E-1 6.75965E-1 6.78323E-1 7.07749E-1 7.14911E-1 7.33756E-1 7.72694E-1 7.69239E-1 7.94165E-1 7.96823E-1 7.92432E-1 8.04468E-1 8.42211E-1 8.17846E-1 7.85042E-1 7.92905E-1 7.75397E-1 7.56965E-1 7.56687E-1 7.52827E-1 7.52837E-1 7.76022E-1 7.84264E-1 7.80819E-1 7.6154E-1 7.5763E-1 7.33616E-1 7.39697E-1 7.54452E-1
6.94601E-1 6.99553E-1 7.04498E-1 7.00103E-1 6.87246E-1 6.75345E-1 6.66515E-1 6.39608E-1 6.37938E-1 6.23414E-1 6.20841E-1 6.25083E-1 6.39242E-1 6.62027E-1 6.83803E-1 6.83202E-1 6.87939E-1 6.90059E-1 6.97352E-1 7.02799E-1 7.01083E-1 7.01939E-1 7.05746E-1 7.03767E-1 6.9712E-1 6.94927E-1 6.93574E-1 6.99272E-1 6.80393E-1 6.79744E-1 7.11719E-1 6.83844E-1 6.8472E-1 7.04476E-1 7.18182E-1 7.35282E-1 7.94992E-1 7.88025E-1 7.89272E-1 7.62878E-1 7.35637E-1 8.28866E-1 8.30965E-1 8.25877E-1 8.26035E-1 7.91079E-1 7.96714E-1 7.84197E-1 7.80088E-1 7.68345E-1 7.797E-1 7.57141E-1 7.68145E-1 7.92959E-1 7.94427E-1 7.75076E-1 7.53596E-1 7.4868E-1 7.17312E-1 7.31584E-1 7.42375E-1
6.84137E-1 6.91053E-1 6.97685E-1 6.89567E-1 6.6702E-1 6.57955E-1 6.43729E-1 6.33877E-1 6.32365E-1 6.19152E-1 6.24515E-1 6.2847E-1 6.35055E-1 6.53851E-1 6.5513E-1 6.6617E-1 6.75904E-1 6.84844E-1 6.92554E-1 6.97394E-1 6.94653E-1 7.13777E-1 7.22866E-1 7.0367E-1 6.81174E-1 6.86297E-1 6.55562E-1 6.59053E-1 6.52718E-1 6.67909E-1 7.00356E-1 6.88926E-1 7.3212E-1 7.51509E-1 7.71575E-1 7.61605E-1 7.6276E-1 7.69487E-1 7.50121E-1 7.70069E-1 7.76624E-1 7.98944E-1 8.21347E-1 8.03142E-1 8.025E-1 8.33226E-1 8.08949E-1 7.68689E-1 7.5047E-1 7.77685E-1 8.16577E-1 7.69354E-1 7.78359E-1 7.86349E-1 7.93839E-1 7.56044E-1 7.53254E-1 7.25243E-1 6.92556E-1 6.99666E-1 7.10168E-1
6.72973E-1 6.75113E-1 6.76031E-1 6.62436E-1 6.42643E-1 6.3287E-1 6.28376E-1 6.35199E-1 6.3829E-1 6.16158E-1 6.21416E-1 6.31445E-1 6.42595E-1 6.50427E-1 6.56852E-1 6.60087E-1 6.61678E-1 6.66974E-1 6.78837E-1 6.82332E-1 7.01414E-1 7.16235E-1 7.03452E-1 6.95011E-1 6.89178E-1 6.64533E-1 6.55207E-1 6.47462E-1 6.45661E-1 6.69268E-1 6.7987E-1 7.34229E-1 7.18078E-1 7.0225E-1 7.03831E-1 7.09994E-1 7.20254E-1 7.73173E-1 7.84729E-1 7.97124E-1 7.65658E-1 7.69681E-1 8.10146E-1 7.75059E-1 7.67373E-1 7.77651E-1 7.47063E-1 7.51165E-1 7.51244E-1 7.64514E-1 8.09579E-1 7.82603E-1 7.60663E-1 7.47907E-1 7.36753E-1 7.57423E-1 7.36392E-1 7.02422E-1 6.92458E-1 6.84755E-1 6.96E-1
6.67285E-1 6.60879E-1 6.48858E-1 6.27427E-1 6.18842E-1 6.18759E-1 6.24255E-1 6.15696E-1 6.13076E-1 6.21658E-1 6.25486E-1 6.33588E-1 6.41379E-1 6.43875E-1 6.48201E-1 6.44437E-1 6.47422E-1 6.50242E-1 6.75064E-1 6.74208E-1 6.90423E-1 6.98077E-1 6.90804E-1 6.80149E-1 6.75843E-1 6.78625E-1 6.59752E-1 6.53003E-1 6.72552E-1 6.83241E-1 6.97396E-1 7.25795E-1 7.06473E-1 7.05974E-1 7.24357E-1 6.92653E-1 7.255E-1 7.37747E-1 7.7469E-1 7.50938E-1 7.71814E-1 7.91371E-1 8.09314E-1 7.5635E-1 7.41527E-1 7.4194E-1 7.35637E-1 7.53922E-1 7.59774E-1 7.7811E-1 8.07895E-1 8.00117E-1 7.4476E-1 7.20209E-1 6.97212E-1 7.10785E-1 6.89286E-1 6.9747E-1 6.79953E-1 6.76758E-1 6.60032E-1
6.48004E-1 6.42231E-1 6.28099E-1 6.11869E-1 6.06578E-1 6.05099E-1 6.33162E-1 6.05502E-1 6.13388E-1 6.27479E-1 6.25871E-1 6.34852E-1 6.36138E-1 6.39057E-1 6.37663E-1 6.34982E-1 6.37516E-1 6.43015E-1 6.61512E-1 6.83429E-1 6.78333E-1 6.72509E-1 6.62828E-1 6.9741E-1 6.95252E-1 6.79037E-1 6.61382E-1 6.6087E-1 7.09868E-1 6.82508E-1 6.69572E-1 6.52768E-1 6.55215E-1 7.03158E-1 7.27707E-1 6.9798E-1 7.25947E-1 7.39349E-1 7.77171E-1 7.6904E-1 7.80684E-1 7.81503E-1 7.62059E-1 7.4723E-1 7.42745E-1 7.42572E-1 7.40099E-1 7.35366E-1 7.45397E-1 7.7492E-1 7.75211E-1 7.64525E-1 7.19296E-1 6.9473E-1 6.72873E-1 6.58457E-1 6.5429E-1 6.46583E-1 6.32612E-1 6.44113E-1 6.49155E-1
6.45014E-1 6.26206E-1 6.14583E-1 6.07255E-1 6.03383E-1 5.94777E-1 6.16129E-1 6.33732E-1 6.27588E-1 6.30602E-1 6.45657E-1 6.46711E-1 6.40732E-1 6.32027E-1 6.3797E-1 6.35271E-1 6.37893E-1 6.50059E-1 6.67595E-1 6.71474E-1 6.51327E-1 6.4102E-1 6.64961E-1 6.6698E-1 6.52297E-1 6.58545E-1 6.5655E-1 6.89766E-1 7.35525E-1 6.67828E-1 6.48274E-1 6.66096E-1 6.73253E-1 7.12368E-1 7.14821E-1 7.08737E-1 7.32225E-1 7.57056E-1 7.81454E-1 7.60154E-1 7.41736E-1 7.63521E-1 7.57385E-1 7.49083E-1 7.58412E-1 7.42994E-1 7.24056E-1 7.20188E-1 7.27207E-1 7.3504E-1 7.4217E-1 7.27022E-1 7.06038E-1 6.9101E-1 6.62856E-1 6.54252E-1 6.4061E-1 6.09482E-1 6.06744E-1 5.99548E-1 5.99038E-1
6.32163E-1 6.1329E-1 6.05707E-1 6.0114E-1 5.9544E-1 5.84515E-1 5.89679E-1 6.02543E-1 6.23493E-1 6.44641E-1 6.53398E-1 6.51899E-1 6.66443E-1 6.5623E-1 6.33184E-1 6.34318E-1 6.51387E-1 6.38154E-1 6.55966E-1 6.42868E-1 6.4263E-1 6.48426E-1 6.49181E-1 6.68184E-1 6.45086E-1 6.65297E-1 6.65913E-1 6.95669E-1 6.9034E-1 6.93825E-1 6.80051E-1 6.79012E-1 7.17572E-1 7.41556E-1 7.29401E-1 7.44837E-1 7.41476E-1 7.24832E-1 7.59995E-1 7.30547E-1 7.33094E-1 7.43787E-1 7.47876E-1 7.38551E-1 7.42554E-1 7.34898E-1 7.25659E-1 7.13471E-1 7.10342E-1 6.99753E-1 7.10828E-1 7.0417E-1 6.9748E-1 6.92149E-1 6.66935E-1 6.31287E-1 6.17307E-1 6.06418E-1 5.99909E-1 5.9054E-1 5.90096E-1
6.21795E-1 6.04487E-1 5.92971E-1 5.90973E-1 5.85651E-1 5.84705E-1 5.97525E-1 5.88106E-1 6.07878E-1 6.20692E-1 6.2456E-1 6.27999E-1 6.27331E-1 6.36914E-1 6.3963E-1 6.24837E-1 6.32216E-1 6.24233E-1 6.30084E-1 6.54261E-1 6.45619E-1 6.43066E-1 6.49155E-1 6.48393E-1 6.36064E-1 6.64669E-1 6.352E-1 6.57491E-1 6.79892E-1 6.85716E-1 7.0431E-1 6.93812E-1 6.90411E-1 6.92623E-1 6.77216E-1 7.17373E-1 7.19906E-1 7.22489E-1 7.21649E-1 7.33634E-1 7.23196E-1 7.34581E-1 7.3332E-1 7.33136E-1 7.30422E-1 7.20727E-1 7.07906E-1 6.95414E-1 6.953E-1 6.89897E-1 6.85075E-1 6.95213E-1 6.92381E-1 6.64295E-1 6.63691E-1 6.41037E-1 6.21732E-1 6.1084E-1 5.9741E-1 5.95733E-1 5.92964E-1
6.0637E-1 6.00937E-1 5.98936E-1 5.88861E-1 5.8945E-1 5.8372E-1 5.77546E-1 5.80799E-1 5.91161E-1 6.06692E-1 6.18908E-1 6.21039E-1 6.19549E-1 6.18257E-1 6.15596E-1 6.22462E-1 6.23695E-1 6.26269E-1 6.67825E-1 6.31613E-1 6.26306E-1 6.27487E-1 6.23173E-1 6.13703E-1 6.45105E-1 6.3502E-1 6.33102E-1 6.31371E-1 6.63866E-1 6.69252E-1 6.71289E-1 6.57178E-1 6.775E-1 6.81045E-1 7.01141E-1 7.00305E-1 6.82298E-1 7.12341E-1 7.43127E-1 7.29435E-1 7.12928E-1 7.13152E-1 7.1223E-1 7.12273E-1 7.17806E-1 7.06935E-1 6.9029E-1 6.83027E-1 6.78587E-1 6.82244E-1 6.80791E-1 6.84127E-1 6.62832E-1 6.51332E-1 6.50131E-1 6.38037E-1 6.14114E-1 6.10586E-1 5.94413E-1 5.9456E-1 5.93329E-1
5.95047E-1 6.05085E-1 6.04729E-1 5.95472E-1 5.93922E-1 5.83152E-1 5.77717E-1 5.77643E-1 5.79481E-1 5.91466E-1 6.04335E-1 6.06402E-1 6.05801E-1 6.18768E-1 6.26095E-1 6.25213E-1 6.19825E-1 6.09264E-1 6.19176E-1 6.11129E-1 5.99116E-1 6.14427E-1 6.34229E-1 6.25599E-1 6.41334E-1 6.34482E-1 6.37775E-1 6.68848E-1 6.79376E-1 6.5561E-1 6.53001E-1 7.00411E-1 7.35047E-1 6.91166E-1 6.85089E-1 6.90688E-1 6.79257E-1 6.83892E-1 6.88556E-1 7.04449E-1 6.97087E-1 6.92288E-1 6.93849E-1 7.06998E-1 7.16027E-1 6.88006E-1 6.77482E-1 6.76286E-1 6.72766E-1 6.6999E-1 6.68591E-1 6.41825E-1 6.30731E-1 6.31805E-1 6.20155E-1 6.13543E-1 6.12141E-1 6.09962E-1 6.02702E-1 5.89029E-1 5.93896E-1
5.8947E-1 6.01013E-1 6.04077E-1 5.90067E-1 5.89615E-1 5.91083E-1 5.75845E-1 5.77355E-1 5.77678E-1 5.80042E-1 5.8859E-1 5.91173E-1 6.06612E-1 6.25166E-1 6.16392E-1 6.08529E-1 6.05322E-1 5.98231E-1 5.95132E-1 5.89406E-1 5.84329E-1 5.79317E-1 6.03794E-1 6.20702E-1 6.2422E-1 6.28394E-1 6.4287E-1 6.72695E-1 7.10092E-1 7.13737E-1 7.18258E-1 7.04143E-1 7.05347E-1 6.80973E-1 6.82862E-1 6.8991E-1 6.87293E-1 6.7243E-1 6.68705E-1 6.78632E-1 6.92678E-1 6.77593E-1 6.81222E-1 6.83525E-1 6.81495E-1 6.63399E-1 6.6536E-1 6.9373E-1 6.84033E-1 6.50383E-1 6.47116E-1 6.25077E-1 6.09363E-1 6.07354E-1 5.9063E-1 5.92677E-1 6.02565E-1 6.00977E-1 6.00138E-1 5.9628E-1 6.02937E-1
5.81672E-1 5.91686E-1 5.981E-1 5.90958E-1 6.01293E-1 5.97657E-1 5.80027E-1 5.77036E-1 5.67512E-1 5.63161E-1 5.75385E-1 5.76205E-1 5.75116E-1 5.86145E-1 5.84321E-1 5.92953E-1 5.95639E-1 6.03638E-1 5.92362E-1 5.93353E-1 5.89294E-1 6.02113E-1 6.22865E-1 6.24536E-1 6.21724E-1 6.40917E-1 6.4875E-1 6.58339E-1 7.05165E-1 7.47564E-1 7.50498E-1 7.36352E-1 7.08515E-1 6.86041E-1 6.86022E-1 6.98103E-1 6.78866E-1 6.67288E-1 6.57081E-1 6.63777E-1 6.89063E-1 6.97977E-1 6.73548E-1 6.67275E-1 6.6291E-1 6.5514E-1 6.41622E-1 6.31432E-1 6.20174E-1 6.07764E-1 5.99221E-1 5.96573E-1 6.01013E-1 5.91205E-1 5.82907E-1 5.8848E-1 5.94542E-1 5.95012E-1 5.93288E-1 6.03105E-1 6.00908E-1
5.8588E-1 5.85884E-1 5.87756E-1 5.96503E-1 6.07322E-1 6.12915E-1 5.83322E-1 5.67421E-1 5.55601E-1 5.53422E-1 5.68535E-1 5.63065E-1 5.56228E-1 5.55451E-1 5.73881E-1 5.87208E-1 6.21242E-1 5.96258E-1 5.88089E-1 5.96856E-1 5.93102E-1 6.29701E-1 6.3146E-1 6.08041E-1 6.27339E-1 6.43915E-1 6.44992E-1 6.57657E-1 6.97071E-1 7.47404E-1 7.50573E-1 7.25662E-1 6.98855E-1 6.88493E-1 6.72949E-1 6.62662E-1 6.54867E-1 6.51253E-1 6.56008E-1 6.69225E-1 6.74037E-1 6.85728E-1 7.13937E-1 6.60596E-1 6.62119E-1 6.38245E-1 6.06571E-1 5.91401E-1 5.85256E-1 5.88276E-1 5.97716E-1 6.04415E-1 6.12941E-1 5.90213E-1 5.85269E-1 5.85808E-1 5.82008E-1 5.84754E-1 5.88891E-1 5.96432E-1 6.11274E-1
5.73201E-1 5.80159E-1 5.867E-1 6.07937E-1 6.14622E-1 6.35411E-1 5.94898E-1 5.70614E-1 5.57722E-1 5.53378E-1 5.62357E-1 5.76427E-1 5.78403E-1 5.72592E-1 6.02118E-1 6.57021E-1 6.11167E-1 6.0033E-1 6.12964E-1 5.96588E-1 6.06908E-1 6.19475E-1 6.0178E-1 6.12315E-1 6.15484E-1 6.29977E-1 6.42506E-1 6.45013E-1 6.71423E-1 7.14914E-1 7.03425E-1 6.81922E-1 6.82578E-1 6.75047E-1 6.63916E-1 6.53109E-1 6.5216E-1 6.33876E-1 6.39669E-1 6.60168E-1 6.76241E-1 6.80173E-1 6.6404E-1 6.68994E-1 6.46755E-1 6.19067E-1 5.83945E-1 5.74452E-1 5.78772E-1 5.76422E-1 5.90035E-1 5.9011E-1 6.08976E-1 6.39433E-1 6.20712E-1 5.89115E-1 5.81046E-1 5.86464E-1 5.87935E-1 6.0196E-1 6.02783E-1
5.76273E-1 5.77603E-1 5.8707E-1 6.04725E-1 5.95345E-1 6.13781E-1 5.90778E-1 5.66097E-1 5.57153E-1 5.72499E-1 5.94402E-1 6.02945E-1 5.90464E-1 5.86008E-1 6.32624E-1 6.59069E-1 6.19075E-1 5.84554E-1 6.0627E-1 5.96642E-1 6.17995E-1 6.06582E-1 5.96165E-1 5.8717E-1 6.09106E-1 6.11472E-1 6.19878E-1 6.42779E-1 6.53665E-1 6.69931E-1 6.72886E-1 6.63547E-1 6.59345E-1 6.5983E-1 6.45279E-1 6.50527E-1 6.5864E-1 6.29023E-1 6.30941E-1 6.47321E-1 6.54361E-1 6.61181E-1 6.673E-1 6.65781E-1 6.35412E-1 6.05988E-1 5.76727E-1 5.6659E-1 5.73872E-1 5.82016E-1 5.89299E-1 5.86602E-1 5.91977E-1 6.16887E-1 6.86213E-1 6.53018E-1 6.12517E-1 6.01265E-1 5.98044E-1 6.08529E-1 6.34727E-1
5.66969E-1 5.85879E-1 5.91458E-1 5.81524E-1 5.83841E-1 5.8384E-1 5.84025E-1 5.70916E-1 5.71568E-1 6.01039E-1 6.45645E-1 6.34479E-1 5.9918E-1 5.83444E-1 5.76432E-1 5.96457E-1 5.68294E-1 5.80271E-1 5.78627E-1 6.02288E-1 5.91533E-1 5.68745E-1 5.93081E-1 5.8637E-1 5.87575E-1 5.84515E-1 5.95511E-1 6.11905E-1 6.22918E-1 6.31317E-1 6.47958E-1 6.27568E-1 6.2602E-1 6.3419E-1 6.40319E-1 6.4423E-1 6.50617E-1 6.33222E-1 6.25262E-1 6.28048E-1 6.43431E-1 6.48255E-1 6.38412E-1 6.23022E-1 6.10034E-1 5.94801E-1 5.88094E-1 5.6774E-1 5.74495E-1 5.84892E-1 5.90821E-1 5.92752E-1 5.90707E-1 5.96344E-1 6.00778E-1 6.94556E-1 6.33465E-1 6.23897E-1 6.28011E-1 6.34295E-1 6.61514E-1
5.64522E-1 5.70513E-1 5.73164E-1 5.71227E-1 5.69072E-1 5.76459E-1 5.75622E-1 5.77939E-1 5.83401E-1 6.03566E-1 6.33158E-1 6.25543E-1 6.08532E-1 5.78714E-1 5.62721E-1 5.56441E-1 5.70574E-1 5.77001E-1 5.80948E-1 5.7461E-1 5.56953E-1 5.63884E-1 5.57294E-1 5.63186E-1 5.86513E-1 6.12833E-1 5.80539E-1 5.94121E-1 5.97085E-1 6.06841E-1 6.08123E-1 6.03124E-1 6.05008E-1 6.25315E-1 6.30741E-1 6.37693E-1 6.49831E-1 6.32794E-1 6.25228E-1 6.2756E-1 6.27687E-1 6.30211E-1 6.257E-1 6.10028E-1 5.9687E-1 5.77989E-1 5.77128E-1 5.81852E-1 5.82341E-1 5.8646E-1 5.94502E-1 5.94283E-1 5.94899E-1 6.00819E-1 6.0405E-1 6.14517E-1 6.30318E-1 6.23647E-1 6.42572E-1 6.70553E-1 6.69942E-1
5.6654E-1 5.62156E-1 5.65602E-1 5.69864E-1 5.61181E-1 5.63346E-1 5.75492E-1 5.73904E-1 5.8765E-1 6.04102E-1 6.15561E-1 6.43111E-1 6.2439E-1 6.12344E-1 5.73949E-1 5.68427E-1 5.68425E-1 5.76303E-1 5.61044E-1 5.5431E-1 5.88376E-1 5.61492E-1 5.54577E-1 5.63607E-1 5.8109E-1 5.78639E-1 5.71194E-1 5.99595E-1 6.01715E-1 6.08464E-1 5.92434E-1 5.94436E-1 5.92432E-1 6.36704E-1 6.3513E-1 6.26075E-1 6.22321E-1 6.17682E-1 6.18631E-1 6.18573E-1 6.12608E-1 6.12212E-1 6.06431E-1 5.90377E-1 5.83589E-1 5.73552E-1 5.77237E-1 5.9176E-1 5.88629E-1 5.96269E-1 6.01764E-1 5.98578E-1 5.99983E-1 6.08626E-1 6.18141E-1 6.42254E-1 6.72698E-1 6.69701E-1 6.88009E-1 -9999 -9999
5.7469E-1 5.73341E-1 5.63524E-1 5.60926E-1 5.61682E-1 5.52405E-1 5.67421E-1 5.81493E-1 5.89281E-1 5.93287E-1 5.93094E-1 6.07467E-1 6.0657E-1 6.03089E-1 5.83403E-1 5.72587E-1 5.67751E-1 5.71533E-1 5.57997E-1 5.83306E-1 6.57989E-1 5.83155E-1 5.56742E-1 5.61049E-1 5.60851E-1 5.82503E-1 5.82291E-1 5.85447E-1 5.81708E-1 5.82097E-1 5.8041E-1 5.86612E-1 5.91699E-1 6.12846E-1 6.21547E-1 6.13037E-1 6.05226E-1 6.07422E-1 6.04312E-1 6.03583E-1 6.00246E-1 5.93539E-1 5.8696E-1 5.83904E-1 5.76347E-1 5.85091E-1 5.8959E-1 6.0276E-1 5.97705E-1 5.98178E-1 6.05021E-1 6.07907E-1 6.16844E-1 6.28967E-1 6.37269E-1 6.58827E-1 7.02537E-1 7.0499E-1 -9999 -9999 -9999
5.68636E-1 5.67309E-1 5.56163E-1 5.6611E-1 5.56175E-1 5.52597E-1 5.49967E-1 5.71123E-1 5.80929E-1 5.85311E-1 5.85073E-1 5.78629E-1 5.70114E-1 5.8666E-1 5.90285E-1 5.76174E-1 5.69277E-1 5.83152E-1 5.97911E-1 5.77066E-1 5.81176E-1 5.62554E-1 5.65261E-1 5.82473E-1 5.6551E-1 5.87586E-1 5.99139E-1 5.79114E-1 5.75274E-1 5.8799E-1 5.9278E-1 5.82166E-1 5.94004E-1 6.10512E-1 6.17665E-1 6.07148E-1 6.10779E-1 6.05089E-1 5.97728E-1 5.91959E-1 5.91014E-1 5.87432E-1 5.87622E-1 5.87937E-1 5.92296E-1 5.95128E-1 5.97643E-1 6.01445E-1 6.10667E-1 6.07442E-1 6.21983E-1 6.51746E-1 6.7736E-1 6.87931E-1 7.00856E-1 6.87915E-1 7.10563E-1 -9999 -9999 -9999 -9999
5.73138E-1 5.6123E-1 5.62323E-1 5.73394E-1 5.64062E-1 5.48077E-1 5.53026E-1 5.53013E-1 5.6412E-1 5.55463E-1 5.58504E-1 5.72541E-1 5.61536E-1 5.83079E-1 5.84913E-1 5.92376E-1 5.84074E-1 6.18328E-1 6.44221E-1 5.99445E-1 5.7175E-1 5.68749E-1 5.65211E-1 5.66362E-1 5.61425E-1 5.76711E-1 6.08975E-1 5.94468E-1 5.87939E-1 5.77272E-1 5.71768E-1 5.83334E-1 5.94363E-1 6.04767E-1 6.03991E-1 6.12152E-1 6.09891E-1 6.04999E-1 5.97013E-1 5.88204E-1 5.97426E-1 5.93235E-1 5.86788E-1 5.915E-1 6.0204E-1 6.16744E-1 6.07215E-1 6.09812E-1 6.1647E-1 6.25779E-1 6.54851E-1 6.97651E-1 6.99206E-1 7.1265E-1 7.13029E-1 -9999 -9999 -9999 -9999 -9999 -9999
5.74712E-1 5.61042E-1 5.56478E-1 5.61094E-1 5.50861E-1 5.48561E-1 5.40623E-1 5.48068E-1 5.54527E-1 5.50247E-1 5.5546E-1 5.65357E-1 5.70094E-1 5.80651E-1 5.82374E-1 5.7645E-1 5.78115E-1 5.72512E-1 5.84158E-1 5.80872E-1 5.7503E-1 5.78501E-1 5.80293E-1 5.69524E-1 5.59801E-1 5.73257E-1 5.9148E-1 5.88086E-1 5.77844E-1 5.81577E-1 5.91189E-1 5.98588E-1 6.04582E-1 6.04756E-1 6.04881E-1 6.02814E-1 6.06027E-1 5.98197E-1 5.89071E-1 5.95328E-1 6.03336E-1 6.04254E-1 5.91494E-1 5.97344E-1 6.05813E-1 6.0954E-1 6.13117E-1 6.19572E-1 6.26539E-1 6.47449E-1 6.74511E-1 7.0765E-1 7.13231E-1 7.13798E-1 -9999 -9999 -9999 -9999 -9999 -9999 -9999
5.79633E-1 5.67468E-1 5.5264E-1 5.49535E-1 5.42969E-1 5.52683E-1 5.47466E-1 5.42283E-1 5.45618E-1 5.51268E-1 5.54492E-1 5.73179E-1 5.91316E-1 5.79904E-1 5.73849E-1 5.76993E-1 5.68572E-1 5.81491E-1 5.9581E-1 6.13636E-1 6.10016E-1 6.08353E-1 5.8903E-1 5.81046E-1 5.66875E-1 5.85719E-1 5.84003E-1 5.88043E-1 5.82252E-1 5.89015E-1 6.12159E-1 6.13842E-1 6.16453E-1 6.17416E-1 6.04708E-1 5.86352E-1 5.89175E-1 5.94411E-1 5.92713E-1 5.97955E-1 6.08109E-1 6.03539E-1 6.00642E-1 5.98614E-1 6.10724E-1 6.22892E-1 6.22986E-1 6.36929E-1 6.53732E-1 6.91549E-1 7.04614E-1 7.12906E-1 -9999 -9999 -9999 -9999 -9999 -9999 -9999 -9999 -9999
5.94868E-1 5.8083E-1 5.70033E-1 5.48814E-1 5.46187E-1 5.3935E-1 5.39666E-1 5.57491E-1 5.43979E-1 5.5677E-1 5.59861E-1 5.67012E-1 5.71389E-1 5.73525E-1 5.7441E-1 5.82263E-1 5.82786E-1 5.85143E-1 5.90294E-1 5.95892E-1 5.94226E-1 5.96282E-1 5.8797E-1 5.97236E-1 5.88613E-1 6.26199E-1 5.80628E-1 5.8818E-1 5.94257E-1 6.04433E-1 6.04332E-1 6.11198E-1 6.24428E-1 6.23731E-1 6.15357E-1 6.12372E-1 5.95359E-1 5.96109E-1 5.91056E-1 5.97831E-1 6.10223E-1 6.06125E-1 6.08109E-1 6.04255E-1 6.08627E-1 6.22342E-1 6.48623E-1 6.52533E-1 6.81561E-1 7.11779E-1 7.16033E-1 -9999 -9999 -9999 -9999 -9999 -9999 -9999 -9999 -9999 -9999
6.10606E-1 6.05724E-1 5.84244E-1 5.73459E-1 5.69796E-1 5.56771E-1 5.51078E-1 5.46857E-1 5.38403E-1 5.5096E-1 5.65989E-1 5.70952E-1 5.65741E-1 5.73054E-1 5.73497E-1 5.76393E-1 5.81318E-1 5.88156E-1 5.95664E-1 6.07436E-1 6.11241E-1 5.93416E-1 5.9352E-1 5.90871E-1 6.03323E-1 6.42281E-1 5.89237E-1 5.95901E-1 5.99514E-1 6.07426E-1 6.02663E-1 6.09454E-1 6.08003E-1 6.20106E-1 6.2511E-1 6.20943E-1 6.22276E-1 6.07524E-1 6.06411E-1 6.07686E-1 6.06854E-1 6.09724E-1 6.00556E-1 6.00972E-1 6.19996E-1 6.18275E-1 6.3309E-1 6.67072E-1 7.07397E-1 7.13322E-1 -9999 -9999 -9999 -9999 -9999 -9999 -9999 -9999 -9999 -9999 -9999
6.19092E-1 6.07503E-1 5.96544E-1 5.87817E-1 5.72508E-1 5.63804E-1 5.53079E-1 5.57079E-1 5.62788E-1 5.50389E-1 5.62864E-1 5.72941E-1 5.73652E-1 5.72658E-1 5.65017E-1 5.75221E-1 5.83118E-1 5.93399E-1 6.15946E-1 6.31253E-1 6.27073E-1 6.09502E-1 5.97193E-1 5.92808E-1 5.9735E-1 6.18024E-1 5.97315E-1 6.02499E-1 6.06131E-1 6.05042E-1 6.07578E-1 6.11069E-1 6.12867E-1 6.20746E-1 6.26895E-1 6.23248E-1 6.23118E-1 6.13835E-1 6.08502E-1 6.06315E-1 6.06967E-1 6.10538E-1 6.0569E-1 6.03591E-1 6.11993E-1 6.32539E-1 6.33283E-1 6.72492E-1 7.14523E-1 7.13842E-1 -9999 -9999 -9999 -9999 -9999 -9999 -9999 -9999 -9999 -9999 -9999
