data/maxent/outputs/white_115.asc
ncols         426
nrows         180
xllcorner     -130.0
yllcorner     24.0
cellsize      0.16666666666666666
NODATA_value  -9999
[rows 54 to 80 of 180, columns 244 to 304 of 426]
2.41919E-1 2.42161E-1 2.88114E-1 3.21668E-1 3.62036E-1 3.57546E-1 3.65994E-1 4.02505E-1 4.3948E-1 4.6716E-1 4.14511E-1 4.31863E-1 4.85717E-1 3.91495E-1 4.01602E-1 4.0744E-1 4.09199E-1 4.08873E-1 3.93451E-1 4.71711E-1 5.40735E-1 5.70065E-1 5.71929E-1 5.59632E-1 5.5978E-1 4.98755E-1 4.15688E-1 4.15896E-1 3.95373E-1 3.82263E-1 4.09205E-1 4.42292E-1 4.57195E-1 4.74187E-1 4.94434E-1 5.16115E-1 4.23271E-1 3.9381E-1 4.12046E-1 4.36294E-1 4.58846E-1 4.55587E-1 4.56847E-1 4.46348E-1 4.22057E-1 3.90228E-1 3.58453E-1 4.27028E-1 5.4716E-1 4.62145E-1 3.86048E-1 3.26525E-1 3.20907E-1 3.06158E-1 3.39378E-1 3.68578E-1 4.37433E-1 4.75643E-1 4.85879E-1 4.98108E-1 4.54612E-1
2.96727E-1 3.01519E-1 3.20583E-1 3.53192E-1 3.87932E-1 3.88934E-1 3.96769E-1 4.34913E-1 4.8214E-1 4.17671E-1 4.82497E-1 4.87796E-1 4.6017E-1 4.08211E-1 4.17647E-1 4.25482E-1 4.32445E-1 4.28033E-1 4.34088E-1 5.71134E-1 5.78102E-1 5.74785E-1 5.80758E-1 5.60648E-1 5.33002E-1 4.60553E-1 4.35158E-1 4.16668E-1 3.85578E-1 3.82606E-1 3.84332E-1 4.05143E-1 4.32448E-1 4.65465E-1 4.9893E-1 5.04928E-1 5.302E-1 3.95166E-1 4.32059E-1 4.44059E-1 4.54847E-1 4.58497E-1 4.64112E-1 4.62185E-1 4.48422E-1 4.15879E-1 3.66762E-1 3.51183E-1 4.94052E-1 5.08013E-1 4.69926E-1 3.96158E-1 3.69031E-1 3.38009E-1 3.67707E-1 4.90587E-1 5.34552E-1 5.20277E-1 5.16387E-1 5.12765E-1 5.14208E-1
3.44412E-1 3.67001E-1 3.7561E-1 3.94603E-1 4.12912E-1 4.04292E-1 4.15717E-1 4.62466E-1 4.698E-1 4.70358E-1 4.90242E-1 5.00501E-1 4.07571E-1 4.23235E-1 4.33502E-1 4.50531E-1 4.58041E-1 4.53875E-1 5.18787E-1 6.02008E-1 5.89496E-1 5.65483E-1 5.33914E-1 5.22485E-1 4.87048E-1 4.68651E-1 4.33034E-1 4.32502E-1 4.04255E-1 4.00262E-1 3.89388E-1 4.03625E-1 4.43615E-1 4.73242E-1 4.98418E-1 5.28214E-1 4.96734E-1 3.98252E-1 4.31869E-1 4.61211E-1 4.62931E-1 4.60479E-1 4.6307E-1 4.64873E-1 4.45818E-1 4.11029E-1 3.6786E-1 3.72647E-1 5.47257E-1 5.60303E-1 5.57392E-1 4.82781E-1 5.15951E-1 5.05926E-1 4.45454E-1 4.51475E-1 6.10255E-1 5.56713E-1 5.23691E-1 5.47559E-1 5.40085E-1
3.80939E-1 4.08154E-1 4.1746E-1 4.3153E-1 4.35085E-1 4.3067E-1 4.2952E-1 4.48144E-1 4.49256E-1 4.6254E-1 4.93965E-1 4.39954E-1 4.17914E-1 4.33882E-1 4.524E-1 4.73722E-1 4.79831E-1 4.60167E-1 5.67109E-1 6.0847E-1 5.89911E-1 5.6638E-1 5.43366E-1 4.98263E-1 4.68213E-1 4.48142E-1 4.35072E-1 4.8367E-1 4.25678E-1 4.09349E-1 4.04342E-1 4.22624E-1 4.6103E-1 4.82431E-1 5.17563E-1 5.43955E-1 5.03364E-1 4.04957E-1 4.26712E-1 4.55388E-1 4.63622E-1 4.74909E-1 4.63449E-1 4.54606E-1 4.43213E-1 4.09107E-1 3.93616E-1 5.75453E-1 5.8249E-1 5.69164E-1 5.28477E-1 4.59353E-1 4.47954E-1 4.50936E-1 5.46683E-1 6.5569E-1 6.38711E-1 5.96303E-1 5.59353E-1 4.30538E-1 4.5695E-1
4.00722E-1 4.29622E-1 4.38993E-1 4.44131E-1 4.44746E-1 4.57898E-1 4.46605E-1 4.29841E-1 4.45999E-1 4.80098E-1 5.08832E-1 4.19738E-1 4.15768E-1 4.37373E-1 4.60239E-1 4.80832E-1 4.8709E-1 5.0195E-1 6.08476E-1 6.06218E-1 5.94222E-1 5.64114E-1 5.12807E-1 4.76846E-1 4.52506E-1 4.21663E-1 4.43949E-1 4.6567E-1 4.42161E-1 4.35548E-1 4.38816E-1 4.49592E-1 4.60525E-1 4.87896E-1 5.40499E-1 5.33632E-1 4.22743E-1 3.88261E-1 4.10016E-1 4.28009E-1 4.57889E-1 4.68253E-1 4.60362E-1 4.42738E-1 4.27809E-1 3.97631E-1 5.06931E-1 5.40063E-1 5.40977E-1 5.73461E-1 5.80568E-1 5.5105E-1 4.76437E-1 4.52987E-1 5.09606E-1 6.11589E-1 6.26864E-1 5.83846E-1 5.65737E-1 5.71057E-1 5.73701E-1
4.18845E-1 4.39165E-1 4.6785E-1 4.64421E-1 4.70475E-1 4.07571E-1 4.46033E-1 4.60812E-1 4.72558E-1 5.01291E-1 4.97552E-1 4.00147E-1 4.19307E-1 4.38355E-1 4.63197E-1 4.76704E-1 4.84368E-1 6.09658E-1 6.20802E-1 6.12401E-1 6.00104E-1 5.6449E-1 5.35085E-1 4.85806E-1 4.69899E-1 4.54146E-1 4.64783E-1 4.78477E-1 4.67559E-1 4.72854E-1 4.70098E-1 4.77052E-1 4.87215E-1 5.27776E-1 5.50841E-1 4.12482E-1 4.18067E-1 4.71232E-1 5.48182E-1 5.14091E-1 4.54769E-1 4.66663E-1 4.65356E-1 4.35693E-1 4.12068E-1 4.78497E-1 5.87236E-1 5.31335E-1 5.37204E-1 5.89886E-1 6.2814E-1 5.81226E-1 5.2083E-1 4.97582E-1 4.77662E-1 5.17164E-1 5.95096E-1 5.82587E-1 5.57162E-1 5.6518E-1 5.44429E-1
4.38813E-1 4.48495E-1 4.64594E-1 4.5906E-1 4.66414E-1 4.43592E-1 4.71823E-1 4.91836E-1 5.02813E-1 5.21109E-1 4.04042E-1 4.11912E-1 4.27636E-1 4.51215E-1 4.71111E-1 4.86209E-1 4.88868E-1 6.28458E-1 6.34107E-1 6.23912E-1 6.05489E-1 5.81187E-1 5.41095E-1 5.16702E-1 5.0506E-1 5.06653E-1 5.07366E-1 4.89904E-1 4.921E-1 5.0535E-1 5.12587E-1 5.11292E-1 5.47942E-1 4.7326E-1 4.03907E-1 4.46528E-1 5.65943E-1 5.85148E-1 6.20341E-1 6.81328E-1 5.03518E-1 4.64065E-1 4.66757E-1 4.44715E-1 4.27864E-1 5.25468E-1 6.00283E-1 5.41746E-1 5.58165E-1 5.94569E-1 6.21529E-1 5.97329E-1 5.43024E-1 4.8234E-1 4.62787E-1 5.17716E-1 5.60227E-1 6.00052E-1 5.91298E-1 6.19109E-1 6.19649E-1
4.7203E-1 4.80849E-1 4.63718E-1 4.61022E-1 4.62413E-1 4.63682E-1 4.75486E-1 4.94729E-1 5.23515E-1 5.50393E-1 4.18484E-1 4.24513E-1 4.46007E-1 4.6844E-1 4.88026E-1 4.94926E-1 5.31293E-1 6.38402E-1 6.4171E-1 6.23731E-1 6.1751E-1 5.91784E-1 5.68101E-1 5.43544E-1 5.41946E-1 5.1087E-1 5.07397E-1 4.98745E-1 5.1459E-1 5.37251E-1 5.47537E-1 5.42634E-1 5.81047E-1 4.22823E-1 4.47733E-1 5.58765E-1 5.68243E-1 5.78557E-1 5.91223E-1 6.48429E-1 6.04711E-1 4.59151E-1 4.7722E-1 4.65772E-1 4.4435E-1 5.43461E-1 6.32565E-1 5.6755E-1 5.80983E-1 6.29445E-1 6.40303E-1 6.08792E-1 5.76055E-1 5.45552E-1 5.22796E-1 5.54642E-1 6.23779E-1 6.78741E-1 6.9265E-1 6.86694E-1 6.69036E-1
4.6942E-1 4.71498E-1 4.78289E-1 4.73629E-1 4.73838E-1 4.69634E-1 4.82096E-1 5.05341E-1 5.28265E-1 5.36255E-1 4.2036E-1 4.42235E-1 4.5987E-1 4.81202E-1 5.0264E-1 5.04747E-1 5.74125E-1 6.51093E-1 6.42261E-1 6.29882E-1 6.254E-1 6.05965E-1 6.006E-1 5.65363E-1 5.47648E-1 5.32679E-1 5.34181E-1 5.34609E-1 5.48651E-1 5.65721E-1 5.77929E-1 5.60049E-1 5.93076E-1 5.89255E-1 5.68051E-1 5.55388E-1 5.65016E-1 5.64998E-1 5.72936E-1 6.01614E-1 6.00651E-1 4.51315E-1 4.77088E-1 4.7863E-1 4.66511E-1 5.44481E-1 6.78777E-1 6.25196E-1 6.28236E-1 6.68856E-1 6.41786E-1 6.26697E-1 6.29947E-1 6.22824E-1 6.18611E-1 6.16817E-1 6.85683E-1 7.33292E-1 7.30232E-1 6.01315E-1 5.2723E-1
4.62334E-1 4.70491E-1 4.92972E-1 4.79239E-1 4.9022E-1 4.82825E-1 4.96816E-1 5.21334E-1 5.39121E-1 4.45106E-1 4.37374E-1 4.53555E-1 4.7036E-1 4.91487E-1 5.15647E-1 5.24635E-1 5.18964E-1 6.53104E-1 6.70914E-1 6.56941E-1 6.45244E-1 6.41211E-1 6.27839E-1 5.75857E-1 5.59388E-1 5.48499E-1 5.57187E-1 5.49673E-1 5.53781E-1 5.46603E-1 5.68085E-1 5.90553E-1 6.00429E-1 5.70769E-1 5.65207E-1 5.73515E-1 5.6467E-1 5.68444E-1 5.74584E-1 5.91635E-1 6.36431E-1 4.75298E-1 4.79103E-1 4.8567E-1 4.76343E-1 5.79376E-1 6.9825E-1 6.49491E-1 6.43863E-1 6.92711E-1 6.79488E-1 6.59931E-1 6.55597E-1 6.56515E-1 6.37691E-1 6.65066E-1 7.09104E-1 7.68291E-1 5.96629E-1 5.13646E-1 4.73781E-1
4.55928E-1 4.68416E-1 4.95142E-1 4.97997E-1 4.9842E-1 5.06706E-1 5.1447E-1 5.36286E-1 5.65193E-1 4.41076E-1 4.55317E-1 4.70544E-1 4.9198E-1 5.10456E-1 5.30132E-1 5.39583E-1 5.35953E-1 5.90213E-1 6.90526E-1 6.82552E-1 6.53635E-1 6.41786E-1 6.29567E-1 6.10237E-1 5.94641E-1 5.80762E-1 5.79038E-1 5.69382E-1 5.64331E-1 5.7353E-1 5.84943E-1 5.89175E-1 5.89334E-1 5.8357E-1 5.7368E-1 5.67661E-1 5.65588E-1 5.70673E-1 5.77686E-1 5.92402E-1 6.30599E-1 4.74333E-1 4.65865E-1 5.26901E-1 6.42088E-1 7.45751E-1 7.32374E-1 7.10119E-1 7.0747E-1 7.14191E-1 7.07382E-1 6.99364E-1 6.85166E-1 6.50812E-1 6.32072E-1 6.89648E-1 7.34404E-1 7.39562E-1 6.88356E-1 6.43427E-1 5.69605E-1
4.74818E-1 4.77693E-1 5.06813E-1 5.10781E-1 5.15249E-1 5.31493E-1 5.39286E-1 5.68592E-1 6.00651E-1 4.61328E-1 4.73279E-1 4.95365E-1 5.10679E-1 5.26721E-1 5.4632E-1 5.58477E-1 5.53395E-1 5.52584E-1 6.70767E-1 6.8859E-1 6.7387E-1 6.649E-1 6.68648E-1 6.40472E-1 6.19403E-1 6.08477E-1 5.93922E-1 5.91077E-1 5.87093E-1 5.84024E-1 5.82282E-1 5.83573E-1 5.86489E-1 6.0727E-1 5.94492E-1 5.78901E-1 5.76861E-1 5.81532E-1 5.87416E-1 6.00569E-1 6.36166E-1 5.93256E-1 5.80572E-1 7.32519E-1 7.53334E-1 7.63136E-1 7.77316E-1 7.62112E-1 7.55773E-1 7.48083E-1 7.35673E-1 7.21643E-1 7.24599E-1 7.05877E-1 6.73132E-1 7.10758E-1 7.45508E-1 7.63322E-1 7.78919E-1 7.75897E-1 7.5361E-1
4.92806E-1 4.91469E-1 5.16894E-1 5.11121E-1 5.25292E-1 5.43888E-1 5.57304E-1 5.81423E-1 6.08639E-1 4.94525E-1 4.95712E-1 5.17118E-1 5.31103E-1 5.40749E-1 5.51517E-1 5.62277E-1 5.60672E-1 5.56715E-1 6.17991E-1 6.99284E-1 6.93791E-1 7.0447E-1 7.02041E-1 6.62706E-1 6.35952E-1 6.22241E-1 6.18242E-1 6.02363E-1 5.98421E-1 6.02353E-1 6.01033E-1 6.02958E-1 5.99533E-1 6.16054E-1 6.0361E-1 5.84246E-1 5.80177E-1 6.00391E-1 6.17104E-1 6.37902E-1 6.71251E-1 7.07215E-1 7.31869E-1 7.46322E-1 7.55104E-1 7.64265E-1 7.80163E-1 7.69125E-1 7.7644E-1 7.60319E-1 7.55216E-1 7.55943E-1 7.60643E-1 7.57395E-1 7.60545E-1 7.54298E-1 7.54262E-1 7.54553E-1 7.50531E-1 7.41619E-1 7.06742E-1
4.86319E-1 5.06265E-1 5.00847E-1 5.13668E-1 5.3883E-1 5.50612E-1 5.68894E-1 5.78916E-1 6.06767E-1 6.02819E-1 5.14864E-1 5.38676E-1 5.53419E-1 5.62813E-1 5.69019E-1 5.77667E-1 5.76596E-1 5.71045E-1 6.11514E-1 7.10774E-1 6.96128E-1 6.9762E-1 6.86628E-1 6.67648E-1 6.38695E-1 6.24854E-1 6.1263E-1 6.10337E-1 6.29719E-1 6.22338E-1 6.10362E-1 6.09229E-1 6.15059E-1 6.10272E-1 6.04337E-1 6.05637E-1 6.20014E-1 6.45425E-1 6.69985E-1 6.86155E-1 7.21172E-1 7.33928E-1 7.26033E-1 7.34978E-1 7.54343E-1 7.6074E-1 7.64565E-1 7.63196E-1 7.61006E-1 7.59862E-1 7.66116E-1 7.72157E-1 7.69622E-1 7.64893E-1 7.15927E-1 6.24967E-1 5.717E-1 5.08303E-1 4.80938E-1 4.7124E-1 4.6453E-1
5.00977E-1 5.11482E-1 5.11168E-1 5.14007E-1 5.58418E-1 5.81683E-1 5.78406E-1 5.97926E-1 6.17794E-1 5.7108E-1 5.34272E-1 5.60058E-1 5.77418E-1 5.92125E-1 5.99599E-1 6.0919E-1 5.99656E-1 5.8536E-1 6.81918E-1 7.15948E-1 7.26621E-1 7.16964E-1 6.98764E-1 6.74303E-1 6.55202E-1 6.39277E-1 6.24565E-1 6.12718E-1 6.11335E-1 6.0636E-1 6.10901E-1 6.21895E-1 6.29824E-1 6.34706E-1 6.3759E-1 6.47576E-1 6.74903E-1 7.19312E-1 7.36372E-1 6.42824E-1 6.86334E-1 7.58418E-1 7.345E-1 7.39083E-1 7.61012E-1 7.52162E-1 7.49794E-1 6.23403E-1 5.5132E-1 5.60505E-1 5.94425E-1 6.47615E-1 7.38204E-1 7.04936E-1 6.14275E-1 5.73171E-1 4.93986E-1 4.74371E-1 4.60577E-1 4.73034E-1 5.60992E-1
5.23153E-1 5.42786E-1 5.32941E-1 5.21739E-1 5.39398E-1 5.59017E-1 5.94761E-1 6.19517E-1 6.38057E-1 5.88109E-1 5.54942E-1 5.81598E-1 5.98283E-1 6.13824E-1 6.27378E-1 6.30445E-1 6.28842E-1 6.11751E-1 7.09047E-1 7.24257E-1 7.26864E-1 7.2715E-1 7.08813E-1 6.90615E-1 6.72005E-1 6.58776E-1 6.38583E-1 6.22009E-1 6.15245E-1 6.08719E-1 6.21364E-1 6.43321E-1 6.54827E-1 6.79316E-1 6.87751E-1 7.18224E-1 7.35633E-1 7.53259E-1 7.65274E-1 5.45869E-1 5.91175E-1 7.32068E-1 7.85733E-1 7.6472E-1 7.5147E-1 7.06102E-1 5.27651E-1 4.56043E-1 4.67963E-1 4.881E-1 5.05618E-1 5.18166E-1 5.30659E-1 5.24625E-1 5.19252E-1 5.15176E-1 4.94598E-1 4.86364E-1 5.37441E-1 6.508E-1 6.81331E-1
5.3797E-1 5.73407E-1 5.49912E-1 5.43144E-1 5.53873E-1 5.74789E-1 6.10488E-1 6.31124E-1 6.67009E-1 6.0491E-1 5.64639E-1 5.8823E-1 6.14141E-1 6.34508E-1 6.50124E-1 6.51479E-1 6.51403E-1 7.11202E-1 7.30475E-1 7.25089E-1 7.25467E-1 7.22419E-1 7.20098E-1 6.94485E-1 6.7985E-1 6.64821E-1 6.48136E-1 6.3578E-1 6.31802E-1 6.33265E-1 6.39976E-1 6.47399E-1 6.76247E-1 7.34255E-1 7.41506E-1 7.41836E-1 7.58286E-1 7.65241E-1 7.78635E-1 7.89976E-1 8.05232E-1 8.03039E-1 7.90625E-1 6.94354E-1 5.75892E-1 4.67856E-1 4.4924E-1 4.61934E-1 4.79128E-1 5.01957E-1 5.17616E-1 5.31132E-1 5.4098E-1 5.3927E-1 5.18704E-1 5.50666E-1 6.39277E-1 6.96941E-1 6.58332E-1 6.58806E-1 6.53056E-1
5.66522E-1 5.50954E-1 5.51246E-1 5.56793E-1 5.62781E-1 5.83445E-1 6.27453E-1 6.60105E-1 6.93433E-1 7.08955E-1 5.89572E-1 5.88006E-1 6.13804E-1 6.36054E-1 6.52499E-1 6.5193E-1 7.21959E-1 7.30465E-1 7.25207E-1 7.30419E-1 7.1814E-1 7.09595E-1 7.03738E-1 6.88185E-1 6.81795E-1 6.74959E-1 6.63072E-1 6.48321E-1 6.48502E-1 6.49616E-1 6.60531E-1 6.75002E-1 6.81294E-1 7.02864E-1 7.31343E-1 7.39299E-1 7.43267E-1 7.33907E-1 7.63343E-1 7.85199E-1 8.1043E-1 7.2237E-1 5.67315E-1 4.89965E-1 4.78085E-1 4.63079E-1 4.65455E-1 4.75928E-1 4.95957E-1 5.0593E-1 5.31827E-1 5.49872E-1 5.68003E-1 6.18596E-1 7.00403E-1 7.36898E-1 7.01132E-1 6.76627E-1 6.66431E-1 6.7711E-1 6.92185E-1
5.67652E-1 5.65801E-1 5.64869E-1 5.76149E-1 5.76011E-1 6.05549E-1 6.39888E-1 6.78793E-1 7.02458E-1 7.13748E-1 6.88453E-1 5.8049E-1 6.08625E-1 6.24171E-1 6.32453E-1 6.47318E-1 7.62211E-1 7.49101E-1 7.51372E-1 7.52616E-1 7.37062E-1 7.16988E-1 7.0575E-1 7.00854E-1 6.90219E-1 6.86144E-1 6.80026E-1 6.69004E-1 6.63782E-1 6.53735E-1 6.63438E-1 6.70135E-1 6.79921E-1 6.96295E-1 7.23327E-1 7.39696E-1 6.54918E-1 5.05857E-1 5.65733E-1 5.32652E-1 5.87978E-1 5.49344E-1 5.11495E-1 5.05379E-1 4.92305E-1 4.85442E-1 4.87133E-1 4.86106E-1 5.04438E-1 5.51942E-1 6.37164E-1 7.23705E-1 7.53364E-1 7.46124E-1 7.26492E-1 7.07343E-1 7.0468E-1 6.93073E-1 6.90146E-1 6.86014E-1 6.8173E-1
5.78008E-1 5.7367E-1 5.76402E-1 5.84152E-1 6.01026E-1 6.32691E-1 6.57358E-1 6.8734E-1 7.09572E-1 7.15986E-1 7.2597E-1 6.87162E-1 6.02733E-1 6.7738E-1 7.40081E-1 7.61176E-1 7.54582E-1 7.52043E-1 7.68797E-1 7.58399E-1 7.37607E-1 7.23898E-1 7.08774E-1 7.05077E-1 7.01143E-1 7.0183E-1 6.88789E-1 6.74837E-1 6.68718E-1 6.60736E-1 6.59765E-1 6.63849E-1 6.80577E-1 7.19837E-1 7.38105E-1 7.19077E-1 5.72694E-1 4.78861E-1 4.79141E-1 5.18008E-1 5.43396E-1 5.25098E-1 5.25945E-1 5.26328E-1 5.14607E-1 5.04462E-1 5.08519E-1 6.41609E-1 7.44286E-1 7.65467E-1 7.56113E-1 7.44946E-1 7.29832E-1 7.26694E-1 7.16676E-1 7.10928E-1 7.0383E-1 6.93211E-1 6.811E-1 6.84274E-1 6.74924E-1
5.77728E-1 5.82018E-1 5.93605E-1 6.14325E-1 6.30637E-1 6.32125E-1 6.58891E-1 6.84496E-1 6.82393E-1 7.04982E-1 7.14187E-1 7.20107E-1 7.27386E-1 7.353E-1 7.33356E-1 7.37918E-1 7.36066E-1 7.36777E-1 7.5903E-1 7.46427E-1 7.3704E-1 7.22728E-1 7.1018E-1 7.16371E-1 7.104E-1 6.99433E-1 6.89699E-1 6.71212E-1 6.71675E-1 6.64582E-1 6.61367E-1 6.67664E-1 6.97709E-1 7.26692E-1 7.3091E-1 7.1823E-1 7.2871E-1 7.16403E-1 6.04875E-1 6.32313E-1 4.9855E-1 5.28579E-1 5.48172E-1 6.08083E-1 6.03306E-1 5.92436E-1 7.15455E-1 8.02499E-1 7.7755E-1 7.6105E-1 7.61242E-1 7.35312E-1 7.20719E-1 7.20066E-1 7.08732E-1 7.07332E-1 6.94478E-1 6.81189E-1 6.79707E-1 6.83001E-1 6.74883E-1
6.00897E-1 6.11716E-1 6.22844E-1 6.44204E-1 6.36292E-1 6.52311E-1 6.89319E-1 6.68785E-1 6.54522E-1 6.71992E-1 6.85581E-1 7.05902E-1 7.04442E-1 7.01115E-1 6.96782E-1 7.05743E-1 7.07979E-1 7.28149E-1 7.29706E-1 7.30392E-1 7.26627E-1 7.39707E-1 7.27954E-1 7.2255E-1 7.17859E-1 7.02264E-1 6.91076E-1 6.83485E-1 6.74115E-1 6.81957E-1 6.77025E-1 6.86279E-1 6.97797E-1 7.09463E-1 7.07781E-1 7.19371E-1 7.28037E-1 7.44415E-1 7.43207E-1 7.42687E-1 7.27147E-1 7.3048E-1 7.73171E-1 7.96266E-1 8.08808E-1 8.11848E-1 8.16512E-1 8.10261E-1 7.90105E-1 7.76354E-1 7.56523E-1 7.41906E-1 7.09205E-1 6.96384E-1 6.96234E-1 6.99523E-1 7.03858E-1 6.99491E-1 6.88494E-1 6.84999E-1 6.78656E-1
6.4425E-1 6.44386E-1 6.55202E-1 6.58292E-1 6.7542E-1 6.59204E-1 6.93414E-1 6.70234E-1 6.56858E-1 6.56012E-1 6.74738E-1 6.90527E-1 6.89858E-1 6.81944E-1 6.95829E-1 7.05858E-1 7.19025E-1 7.30613E-1 7.25422E-1 7.29639E-1 7.3894E-1 7.47019E-1 7.38597E-1 7.31491E-1 7.23046E-1 7.25535E-1 7.05403E-1 6.86114E-1 6.93417E-1 7.04334E-1 7.01334E-1 7.02965E-1 6.98516E-1 7.09496E-1 7.24923E-1 7.2865E-1 7.34785E-1 7.47372E-1 7.51133E-1 7.48802E-1 7.58151E-1 7.5622E-1 7.72433E-1 7.90248E-1 8.02423E-1 8.07423E-1 8.12411E-1 8.13904E-1 7.98912E-1 7.8006E-1 7.56145E-1 7.4391E-1 7.16673E-1 7.2006E-1 6.94716E-1 6.94163E-1 6.98888E-1 7.03113E-1 6.84538E-1 6.87424E-1 6.98403E-1
6.49112E-1 6.40611E-1 6.52435E-1 6.64666E-1 6.50075E-1 6.52532E-1 6.53933E-1 6.5882E-1 6.70557E-1 6.77477E-1 6.8446E-1 6.888E-1 6.91033E-1 6.87085E-1 6.88675E-1 6.85347E-1 7.0397E-1 7.12319E-1 7.24077E-1 7.37658E-1 7.44061E-1 7.39241E-1 7.36776E-1 7.36503E-1 7.42734E-1 7.41565E-1 7.06324E-1 6.95707E-1 6.97021E-1 7.11225E-1 7.27215E-1 7.26364E-1 7.25641E-1 7.4107E-1 7.52192E-1 7.40784E-1 7.50851E-1 7.5707E-1 7.52965E-1 7.53193E-1 7.49983E-1 7.51225E-1 7.61736E-1 7.75129E-1 7.84173E-1 7.90473E-1 8.08757E-1 8.07787E-1 7.9356E-1 7.81714E-1 7.56557E-1 7.45359E-1 7.32516E-1 7.18807E-1 7.10545E-1 7.0523E-1 7.07389E-1 7.14023E-1 7.10475E-1 7.00791E-1 7.10427E-1
6.44506E-1 6.44322E-1 6.50206E-1 6.56546E-1 6.64107E-1 6.5738E-1 6.54967E-1 6.57715E-1 6.66964E-1 6.74255E-1 6.77331E-1 6.82163E-1 6.87422E-1 6.94995E-1 6.93308E-1 7.02558E-1 7.07222E-1 7.20121E-1 7.31367E-1 7.4233E-1 7.45162E-1 7.43458E-1 7.43314E-1 7.42266E-1 7.41283E-1 7.37251E-1 7.31578E-1 7.25844E-1 7.21493E-1 7.19166E-1 7.28482E-1 7.35461E-1 7.45292E-1 7.47373E-1 7.47426E-1 7.45444E-1 7.49381E-1 7.54303E-1 7.47506E-1 7.46439E-1 7.45455E-1 7.46362E-1 7.52413E-1 7.55598E-1 7.61782E-1 7.69649E-1 7.8497E-1 7.89638E-1 7.78144E-1 7.72152E-1 7.5112E-1 7.31648E-1 7.29104E-1 7.24742E-1 7.34415E-1 7.43244E-1 7.32612E-1 7.24663E-1 7.37144E-1 7.44095E-1 7.35856E-1
6.5659E-1 6.59863E-1 6.55302E-1 6.58959E-1 6.69318E-1 6.6826E-1 6.68178E-1 6.69373E-1 6.79526E-1 6.90816E-1 6.84171E-1 6.81135E-1 6.90936E-1 6.96353E-1 7.03636E-1 7.19769E-1 7.24985E-1 7.38838E-1 7.45602E-1 7.52164E-1 7.55333E-1 7.5114E-1 7.5243E-1 7.39219E-1 7.39227E-1 7.39926E-1 7.41442E-1 7.40872E-1 7.38485E-1 7.27995E-1 7.41131E-1 7.56862E-1 7.5631E-1 7.48901E-1 7.49702E-1 7.50686E-1 7.49384E-1 7.51139E-1 7.50918E-1 7.49774E-1 7.45534E-1 7.53411E-1 7.51795E-1 7.53904E-1 7.53294E-1 7.5528E-1 7.58291E-1 7.75962E-1 7.69342E-1 7.58287E-1 7.45534E-1 7.40124E-1 7.40563E-1 7.48184E-1 7.50951E-1 7.57736E-1 7.58366E-1 7.44869E-1 7.44575E-1 7.49573E-1 7.45454E-1
6.81725E-1 6.88574E-1 6.87929E-1 6.7197E-1 6.76049E-1 6.77723E-1 6.74192E-1 6.81739E-1 6.76808E-1 6.77162E-1 6.77951E-1 6.85273E-1 6.91294E-1 7.00196E-1 7.12346E-1 7.26876E-1 7.35075E-1 7.43367E-1 7.49118E-1 7.51755E-1 7.51785E-1 7.49411E-1 7.50803E-1 7.43112E-1 7.38906E-1 7.42929E-1 7.44568E-1 7.40624E-1 7.48843E-1 7.42547E-1 7.33669E-1 7.45407E-1 7.46044E-1 7.45942E-1 7.49955E-1 7.50301E-1 7.49128E-1 7.47198E-1 7.50387E-1 7.48971E-1 7.44365E-1 7.51218E-1 7.57989E-1 7.57884E-1 7.53891E-1 7.48203E-1 7.48421E-1 7.58925E-1 7.67943E-1 7.52266E-1 7.44455E-1 7.48261E-1 7.51726E-1 7.5754E-1 7.63976E-1 7.77667E-1 7.79343E-1 7.65647E-1 7.57796E-1 7.50357E-1 7.56592E-1
