data/maxent/outputs/white_159.asc
ncols         426
nrows         180
xllcorner     -130.0
yllcorner     24.0
cellsize      0.16666666666666666
NODATA_value  -9999
[rows 27 to 53 of 180, columns 305 to 365 of 426]
2.17327E-1 2.1618E-1 2.14938E-1 2.10208E-1 2.02846E-1 2.0382E-1 2.01813E-1 1.97613E-1 1.99717E-1 2.03228E-1 2.04422E-1 2.01771E-1 1.899E-1 1.94676E-1 2.01207E-1 2.08613E-1 2.10363E-1 2.02866E-1 1.97459E-1 1.96393E-1 1.91594E-1 1.88409E-1 1.90387E-1 1.93437E-1 1.82857E-1 1.86322E-1 1.84256E-1 1.73231E-1 1.76894E-1 1.73358E-1 1.70753E-1 1.64847E-1 1.65268E-1 1.6655E-1 1.76825E-1 1.53137E-1 1.70474E-1 1.77137E-1 1.86453E-1 1.8905E-1 1.85352E-1 2.02374E-1 2.07382E-1 2.05029E-1 1.8531E-1 1.72538E-1 1.76493E-1 1.92322E-1 1.61288E-1 1.56292E-1 1.49125E-1 1.52221E-1 1.40138E-1 1.40208E-1 1.60085E-1 1.83698E-1 1.75059E-1 2.11914E-1 1.7308E-1 1.94276E-1 2.08748E-1
2.18832E-1 2.17784E-1 2.19731E-1 2.13605E-1 2.06471E-1 2.07906E-1 2.05409E-1 2.02325E-1 1.99708E-1 2.0657E-1 2.12337E-1 2.12999E-1 2.11449E-1 2.05085E-1 2.05528E-1 2.02007E-1 2.02247E-1 1.93138E-1 1.90057E-1 1.84178E-1 1.78959E-1 1.80203E-1 1.87242E-1 1.8604E-1 1.81139E-1 1.85352E-1 1.75925E-1 1.72536E-1 1.79918E-1 1.80811E-1 1.83434E-1 1.78314E-1 1.81106E-1 1.79632E-1 1.85043E-1 1.83992E-1 1.88706E-1 1.96332E-1 2.02505E-1 2.0904E-1 2.06043E-1 2.17294E-1 2.22436E-1 2.1599E-1 1.95502E-1 1.63621E-1 1.80838E-1 1.97193E-1 1.70349E-1 1.42618E-1 1.31186E-1 1.43324E-1 1.41673E-1 1.35023E-1 1.58741E-1 1.7413E-1 1.78495E-1 2.15451E-1 2.44532E-1 2.87736E-1 2.69832E-1
2.3678E-1 2.27857E-1 2.24916E-1 2.17701E-1 2.17791E-1 2.2314E-1 2.2072E-1 2.15994E-1 2.14223E-1 2.22364E-1 2.22065E-1 2.27306E-1 2.33571E-1 2.39581E-1 2.09222E-1 1.92381E-1 1.88916E-1 1.90023E-1 1.88604E-1 1.8732E-1 1.82532E-1 1.80628E-1 1.81921E-1 1.83436E-1 1.79178E-1 1.7154E-1 1.71121E-1 1.76505E-1 1.78909E-1 1.78115E-1 1.82433E-1 1.84042E-1 1.88752E-1 1.87351E-1 1.88341E-1 1.99917E-1 2.14034E-1 2.18731E-1 2.24953E-1 2.30546E-1 2.36732E-1 2.37423E-1 2.40159E-1 2.3549E-1 2.31677E-1 2.16681E-1 1.92629E-1 2.03272E-1 2.05056E-1 1.60647E-1 1.33027E-1 1.36908E-1 1.50197E-1 1.56982E-1 1.63094E-1 1.77732E-1 2.05603E-1 2.27968E-1 2.41625E-1 2.97084E-1 3.51018E-1
2.41729E-1 2.41086E-1 2.2832E-1 2.39216E-1 2.36992E-1 2.20701E-1 2.23735E-1 2.24697E-1 2.23496E-1 2.33918E-1 2.34615E-1 2.30998E-1 2.33103E-1 2.20551E-1 1.99785E-1 1.93531E-1 1.90735E-1 1.91752E-1 1.86032E-1 1.88632E-1 1.90217E-1 1.9042E-1 1.85169E-1 1.82174E-1 1.7233E-1 1.72197E-1 1.75272E-1 1.78055E-1 1.82026E-1 1.79723E-1 1.77609E-1 1.82041E-1 1.78797E-1 1.75389E-1 1.91046E-1 2.02464E-1 2.15727E-1 2.46683E-1 2.51336E-1 2.57336E-1 2.6732E-1 2.80285E-1 2.67201E-1 2.59241E-1 2.55596E-1 2.57692E-1 2.44443E-1 2.05543E-1 2.07066E-1 1.31155E-1 1.20823E-1 1.3006E-1 1.55801E-1 1.5814E-1 1.80622E-1 1.88008E-1 2.38501E-1 2.75905E-1 3.53449E-1 3.78399E-1 4.4456E-1
2.65995E-1 2.63241E-1 2.39774E-1 2.3901E-1 2.35534E-1 2.27329E-1 2.34272E-1 2.35909E-1 2.39088E-1 2.32899E-1 2.3259E-1 2.25239E-1 2.43297E-1 2.35434E-1 2.00943E-1 1.91674E-1 1.89139E-1 1.8864E-1 1.89885E-1 1.92696E-1 2.0057E-1 1.93633E-1 1.8881E-1 1.85935E-1 1.88677E-1 1.96995E-1 1.99696E-1 2.00065E-1 1.8958E-1 1.80187E-1 1.76031E-1 1.88958E-1 1.76783E-1 1.60047E-1 1.70096E-1 1.7839E-1 1.95367E-1 2.35882E-1 2.94032E-1 3.1414E-1 3.19226E-1 3.4032E-1 3.20624E-1 3.10749E-1 2.95023E-1 2.77184E-1 2.63225E-1 2.41703E-1 2.25406E-1 1.52039E-1 1.27459E-1 1.30361E-1 1.35437E-1 1.3889E-1 1.74055E-1 2.2148E-1 2.91073E-1 3.64253E-1 4.19689E-1 4.43217E-1 4.88856E-1
2.88742E-1 2.78375E-1 2.73802E-1 2.69778E-1 2.48099E-1 2.47096E-1 2.51155E-1 2.30968E-1 2.44005E-1 2.52498E-1 2.31092E-1 2.27985E-1 2.51065E-1 2.17549E-1 1.9876E-1 1.99221E-1 2.04452E-1 1.98841E-1 2.01573E-1 2.16225E-1 2.11271E-1 2.05547E-1 1.98273E-1 2.09439E-1 2.04738E-1 2.04203E-1 2.1151E-1 2.11996E-1 2.04205E-1 1.93152E-1 2.02205E-1 2.02834E-1 1.85823E-1 1.62912E-1 1.70942E-1 1.83146E-1 1.84765E-1 2.12659E-1 2.52287E-1 3.11034E-1 3.51056E-1 3.89807E-1 2.68666E-1 2.61548E-1 3.45938E-1 3.21719E-1 2.91363E-1 2.87178E-1 2.77057E-1 2.52375E-1 1.99294E-1 1.54576E-1 1.44564E-1 1.59069E-1 2.25238E-1 2.88755E-1 3.19323E-1 4.08961E-1 4.9305E-1 5.6414E-1 5.95846E-1
3.0829E-1 3.03388E-1 2.88602E-1 2.99617E-1 3.00907E-1 3.00662E-1 2.8725E-1 2.66377E-1 2.65651E-1 2.52841E-1 2.42878E-1 2.39984E-1 2.44048E-1 2.14333E-1 2.03294E-1 2.1765E-1 2.20354E-1 2.06471E-1 2.0531E-1 2.05198E-1 2.10342E-1 2.17338E-1 2.1975E-1 2.18904E-1 2.20368E-1 2.13332E-1 2.15681E-1 2.16668E-1 2.19592E-1 2.22881E-1 2.32457E-1 2.16096E-1 1.96812E-1 1.80585E-1 1.81341E-1 1.94991E-1 2.0616E-1 2.27227E-1 2.34807E-1 2.57183E-1 3.02081E-1 3.42246E-1 3.71061E-1 3.66812E-1 3.48669E-1 3.20424E-1 3.20646E-1 3.35335E-1 3.559E-1 3.81521E-1 3.69555E-1 3.1776E-1 2.88447E-1 2.4578E-1 2.76389E-1 3.62714E-1 4.08512E-1 4.67969E-1 5.67085E-1 6.22861E-1 -9999
3.48111E-1 3.5095E-1 3.3531E-1 3.31131E-1 3.29608E-1 3.2239E-1 3.20466E-1 2.97327E-1 2.94295E-1 2.84302E-1 2.94848E-1 2.64243E-1 2.35032E-1 2.2502E-1 2.28012E-1 2.15493E-1 2.22258E-1 2.1437E-1 2.18871E-1 2.09507E-1 2.17774E-1 2.17401E-1 2.18295E-1 2.33954E-1 2.2984E-1 2.17602E-1 2.12973E-1 2.2237E-1 2.20075E-1 2.21673E-1 2.30705E-1 2.39221E-1 2.17194E-1 2.01416E-1 2.04358E-1 2.13971E-1 2.27075E-1 2.80223E-1 2.64842E-1 2.6432E-1 2.74736E-1 3.00395E-1 2.91174E-1 2.89718E-1 2.74779E-1 2.73394E-1 2.89261E-1 2.98456E-1 3.04546E-1 3.32368E-1 3.16802E-1 3.04448E-1 2.99534E-1 3.83313E-1 4.95839E-1 5.64733E-1 5.04042E-1 5.47148E-1 5.92774E-1 -9999 6.11036E-1
3.52329E-1 3.62585E-1 3.50788E-1 3.31441E-1 3.25067E-1 3.25554E-1 3.43922E-1 3.43106E-1 3.32205E-1 2.92123E-1 2.94937E-1 2.87364E-1 2.91206E-1 2.67736E-1 2.49407E-1 2.414E-1 2.2569E-1 2.22015E-1 2.29865E-1 2.39173E-1 2.31391E-1 2.29139E-1 2.37597E-1 2.4305E-1 2.20551E-1 2.17446E-1 2.27067E-1 2.33488E-1 2.34146E-1 2.27634E-1 2.38971E-1 2.66798E-1 2.599E-1 2.32692E-1 2.51183E-1 2.6356E-1 2.86785E-1 3.00846E-1 2.94787E-1 2.78393E-1 2.7358E-1 2.68155E-1 2.5344E-1 2.67504E-1 2.58133E-1 2.37662E-1 2.31703E-1 2.24345E-1 2.51216E-1 2.73009E-1 2.86487E-1 2.83349E-1 2.56137E-1 3.22195E-1 4.45812E-1 5.43775E-1 6.1367E-1 5.76826E-1 6.72121E-1 6.69779E-1 6.15776E-1
3.64749E-1 3.64463E-1 3.66873E-1 3.61446E-1 3.5347E-1 3.43599E-1 3.41515E-1 3.28414E-1 3.28055E-1 3.03103E-1 2.9675E-1 3.04435E-1 2.90059E-1 2.74568E-1 2.67836E-1 2.63319E-1 2.69454E-1 2.66266E-1 2.59778E-1 2.54734E-1 2.52383E-1 2.52469E-1 2.54656E-1 2.45671E-1 2.28759E-1 2.2754E-1 2.54385E-1 2.55177E-1 2.54554E-1 2.62483E-1 2.79186E-1 2.89986E-1 3.02021E-1 2.9814E-1 3.12837E-1 3.0748E-1 3.313E-1 3.35584E-1 3.45832E-1 3.27556E-1 2.91452E-1 2.80716E-1 2.62436E-1 2.49408E-1 2.39992E-1 2.06504E-1 1.8959E-1 1.83024E-1 1.73757E-1 2.17794E-1 2.41714E-1 2.49191E-1 3.36805E-1 3.38479E-1 4.59145E-1 5.78547E-1 5.97662E-1 7.46113E-1 7.12869E-1 5.97337E-1 5.35706E-1
3.85203E-1 3.83395E-1 3.81031E-1 3.63633E-1 3.64098E-1 3.6773E-1 3.52026E-1 3.47706E-1 3.40148E-1 3.41003E-1 3.22081E-1 3.07174E-1 2.90537E-1 2.88235E-1 2.84555E-1 2.94649E-1 2.96895E-1 2.86417E-1 2.79518E-1 2.71385E-1 2.7486E-1 2.75588E-1 2.73692E-1 2.60347E-1 2.47715E-1 2.54901E-1 2.60998E-1 2.60039E-1 2.62945E-1 2.8203E-1 2.96679E-1 3.18693E-1 3.09513E-1 3.22877E-1 3.4391E-1 3.4643E-1 3.4565E-1 3.61091E-1 3.61204E-1 3.45746E-1 3.16376E-1 2.83901E-1 2.6923E-1 2.63271E-1 2.46575E-1 2.11927E-1 1.77688E-1 1.83627E-1 1.74039E-1 2.0555E-1 2.35626E-1 3.01183E-1 5.40518E-1 5.10107E-1 5.00351E-1 5.92052E-1 7.51316E-1 7.21863E-1 6.72449E-1 5.41589E-1 5.00259E-1
4.12079E-1 4.05001E-1 4.00544E-1 3.79278E-1 3.63689E-1 3.62993E-1 3.66888E-1 3.61257E-1 3.54993E-1 3.55015E-1 3.38439E-1 3.2281E-1 3.12707E-1 3.12944E-1 3.10029E-1 3.05611E-1 2.99381E-1 2.88075E-1 2.89179E-1 2.93897E-1 2.89363E-1 2.89372E-1 2.96763E-1 2.90857E-1 2.92185E-1 2.85225E-1 2.75109E-1 2.78563E-1 2.90573E-1 3.15622E-1 3.32524E-1 3.3781E-1 3.18914E-1 3.29757E-1 3.67923E-1 3.76214E-1 3.77236E-1 3.82545E-1 3.89938E-1 3.40955E-1 3.1671E-1 3.12129E-1 2.88536E-1 2.72509E-1 2.449E-1 2.03759E-1 1.94191E-1 1.97572E-1 2.03698E-1 2.34917E-1 2.87633E-1 5.64287E-1 5.63816E-1 5.81504E-1 6.2749E-1 7.65232E-1 7.47372E-1 6.79948E-1 5.75935E-1 5.61029E-1 5.60791E-1
4.46829E-1 4.20898E-1 4.00379E-1 3.86091E-1 3.71762E-1 3.67353E-1 3.62106E-1 3.70513E-1 3.60139E-1 3.62986E-1 3.51387E-1 3.47297E-1 3.38684E-1 3.34835E-1 3.20608E-1 3.30585E-1 3.20483E-1 3.12968E-1 3.20715E-1 3.11282E-1 3.09764E-1 3.1041E-1 3.1866E-1 3.0708E-1 3.10912E-1 3.06217E-1 3.08011E-1 3.27436E-1 3.53351E-1 3.58173E-1 3.38953E-1 3.54794E-1 3.46385E-1 3.43397E-1 3.82306E-1 4.02511E-1 4.13693E-1 3.93672E-1 4.4244E-1 3.80429E-1 3.56901E-1 3.4617E-1 3.24433E-1 2.88736E-1 2.53192E-1 2.40396E-1 2.59397E-1 2.31417E-1 2.23947E-1 2.41123E-1 3.35303E-1 5.78308E-1 6.53877E-1 6.36194E-1 7.66511E-1 7.22905E-1 6.41095E-1 5.6877E-1 5.35507E-1 5.99273E-1 6.29265E-1
4.74936E-1 4.57651E-1 4.28046E-1 4.02092E-1 3.88128E-1 3.86486E-1 3.81217E-1 3.8215E-1 3.73241E-1 3.75645E-1 3.65728E-1 3.66511E-1 3.57853E-1 3.52614E-1 3.40861E-1 3.62317E-1 3.43256E-1 3.42663E-1 3.48786E-1 3.52349E-1 3.46575E-1 3.57629E-1 3.52171E-1 3.31435E-1 3.37709E-1 3.37427E-1 3.32421E-1 3.33397E-1 3.49788E-1 3.60075E-1 3.51669E-1 3.60029E-1 3.59661E-1 3.6975E-1 3.78513E-1 3.83356E-1 4.35141E-1 4.77301E-1 4.35575E-1 4.18103E-1 3.89263E-1 3.82321E-1 3.23009E-1 2.87501E-1 2.75953E-1 2.7993E-1 3.14213E-1 3.0557E-1 3.28567E-1 3.60183E-1 5.08977E-1 5.31185E-1 -9999 7.19413E-1 6.7013E-1 6.39941E-1 5.28096E-1 4.93192E-1 5.66379E-1 6.14898E-1 6.21268E-1
5.16246E-1 4.8252E-1 4.59331E-1 4.29623E-1 4.28466E-1 4.25038E-1 4.238E-1 4.1806E-1 4.1218E-1 4.02568E-1 3.91107E-1 3.85072E-1 3.76099E-1 3.66351E-1 3.68959E-1 3.63846E-1 3.7619E-1 3.81336E-1 3.98586E-1 4.2286E-1 4.44333E-1 4.35102E-1 4.31103E-1 3.95991E-1 4.00868E-1 3.71142E-1 3.52003E-1 3.47902E-1 3.44523E-1 3.53924E-1 3.60175E-1 3.9122E-1 3.87889E-1 3.7246E-1 3.86564E-1 4.17919E-1 4.5058E-1 5.04352E-1 4.96867E-1 5.01576E-1 4.37147E-1 4.2558E-1 3.77206E-1 3.65251E-1 3.63435E-1 4.14894E-1 4.65944E-1 4.30817E-1 4.87037E-1 5.64411E-1 5.96344E-1 5.95473E-1 6.65103E-1 6.32429E-1 5.59999E-1 5.78138E-1 5.30558E-1 5.18823E-1 5.97385E-1 6.19073E-1 6.41826E-1
5.66012E-1 5.47121E-1 4.98111E-1 4.76891E-1 4.70215E-1 4.51494E-1 4.49976E-1 4.63902E-1 4.39632E-1 4.21277E-1 4.19239E-1 4.34729E-1 4.0811E-1 3.97191E-1 3.96094E-1 4.25488E-1 4.33323E-1 4.73156E-1 5.0044E-1 5.11203E-1 5.18693E-1 5.09542E-1 4.80215E-1 4.4986E-1 4.46372E-1 4.0488E-1 3.86047E-1 3.70913E-1 3.55421E-1 3.85234E-1 3.96331E-1 4.13584E-1 4.09008E-1 4.33314E-1 4.48915E-1 4.71306E-1 5.18992E-1 5.69428E-1 5.72225E-1 5.37653E-1 5.249E-1 5.09724E-1 4.85133E-1 4.87812E-1 5.24576E-1 5.55125E-1 6.08749E-1 6.2854E-1 6.03067E-1 5.88127E-1 5.99921E-1 6.03925E-1 5.92739E-1 5.72301E-1 5.61658E-1 5.77209E-1 5.75856E-1 5.92064E-1 6.04004E-1 6.13339E-1 6.06987E-1
5.89826E-1 5.5945E-1 5.32417E-1 5.1988E-1 5.11938E-1 4.90126E-1 4.8268E-1 4.86498E-1 4.89088E-1 4.68519E-1 4.79456E-1 4.9266E-1 4.73114E-1 4.77467E-1 4.69854E-1 4.9559E-1 5.51189E-1 5.82039E-1 5.83652E-1 5.85572E-1 5.82721E-1 5.35784E-1 5.00779E-1 5.04402E-1 5.03701E-1 4.48843E-1 4.31172E-1 4.05871E-1 3.95427E-1 4.07669E-1 4.33096E-1 4.73807E-1 4.69948E-1 4.39954E-1 4.79931E-1 4.98306E-1 5.33324E-1 5.6987E-1 6.1073E-1 5.81888E-1 5.73799E-1 5.69436E-1 5.72554E-1 5.93597E-1 5.99039E-1 6.29102E-1 6.49273E-1 6.3927E-1 6.13233E-1 5.8939E-1 5.65383E-1 5.65455E-1 5.49642E-1 5.31233E-1 5.83784E-1 5.91024E-1 5.98226E-1 6.0274E-1 6.08863E-1 6.17615E-1 5.90344E-1
5.99472E-1 5.97283E-1 5.70321E-1 5.28844E-1 5.37261E-1 5.42736E-1 5.35114E-1 5.36733E-1 5.50486E-1 5.15722E-1 5.36374E-1 5.68135E-1 5.72395E-1 5.50663E-1 5.46065E-1 5.68911E-1 6.19474E-1 6.25756E-1 6.39117E-1 6.31039E-1 6.16924E-1 5.8357E-1 5.68634E-1 5.59599E-1 5.47044E-1 5.17596E-1 5.17434E-1 4.6537E-1 4.42543E-1 4.54096E-1 4.76732E-1 4.68245E-1 4.68796E-1 4.73712E-1 5.11958E-1 5.75975E-1 5.92278E-1 6.36462E-1 6.78711E-1 6.38584E-1 6.19999E-1 6.50773E-1 6.52692E-1 6.46062E-1 6.41851E-1 6.51042E-1 6.57824E-1 6.45535E-1 6.18628E-1 5.7547E-1 5.54833E-1 5.05306E-1 4.7857E-1 5.59977E-1 5.83287E-1 5.94532E-1 6.08105E-1 6.04156E-1 6.12224E-1 6.06169E-1 6.08825E-1
5.78684E-1 6.19353E-1 6.30407E-1 5.86954E-1 5.8765E-1 5.7792E-1 5.81396E-1 6.0762E-1 6.24847E-1 6.0058E-1 6.0696E-1 6.24857E-1 6.26695E-1 6.15953E-1 6.13266E-1 6.31509E-1 6.65848E-1 6.66373E-1 6.86252E-1 6.72875E-1 6.61297E-1 6.53613E-1 6.31406E-1 5.89362E-1 5.91389E-1 5.87315E-1 5.70693E-1 5.07952E-1 4.60209E-1 5.00961E-1 5.53405E-1 5.60136E-1 5.35804E-1 5.7269E-1 6.21442E-1 6.48638E-1 6.6177E-1 6.81919E-1 6.97641E-1 6.89911E-1 6.69746E-1 6.72165E-1 6.8084E-1 6.70471E-1 6.56139E-1 6.57914E-1 6.58971E-1 6.34159E-1 5.99666E-1 5.79894E-1 5.42969E-1 5.44811E-1 5.25629E-1 5.66985E-1 5.83501E-1 5.9698E-1 5.95444E-1 6.2766E-1 6.39585E-1 6.49237E-1 6.41436E-1
6.50007E-1 6.47523E-1 6.36141E-1 6.3503E-1 6.53066E-1 6.62235E-1 6.74552E-1 6.8781E-1 6.99388E-1 6.80978E-1 6.46359E-1 6.59753E-1 6.693E-1 6.79662E-1 6.89788E-1 6.7334E-1 6.92075E-1 7.05181E-1 7.05333E-1 7.23318E-1 6.85785E-1 6.78672E-1 6.58714E-1 6.40276E-1 6.38694E-1 6.07733E-1 5.95277E-1 5.66973E-1 5.45266E-1 5.70141E-1 6.31046E-1 6.4653E-1 6.63662E-1 6.91476E-1 6.92446E-1 6.97092E-1 6.97399E-1 7.07067E-1 7.1166E-1 7.0758E-1 6.74665E-1 6.77981E-1 6.90601E-1 6.72265E-1 6.57467E-1 6.39841E-1 6.18371E-1 5.67133E-1 5.4735E-1 6.07205E-1 6.14645E-1 5.90449E-1 5.69196E-1 5.57809E-1 5.63816E-1 5.94513E-1 6.12203E-1 6.6021E-1 6.6929E-1 6.79836E-1 6.80386E-1
6.44009E-1 6.46694E-1 6.39399E-1 6.35647E-1 6.52481E-1 6.55047E-1 6.79897E-1 7.0057E-1 7.17177E-1 7.26496E-1 7.18754E-1 7.1458E-1 7.08033E-1 7.19644E-1 7.30477E-1 7.21553E-1 7.2112E-1 7.38447E-1 7.44396E-1 7.30879E-1 7.01075E-1 7.12747E-1 6.88691E-1 6.75039E-1 6.71108E-1 6.40934E-1 6.18885E-1 6.13068E-1 6.10768E-1 6.49529E-1 6.79995E-1 7.16008E-1 7.1686E-1 7.04602E-1 7.03464E-1 7.07858E-1 7.23222E-1 7.06655E-1 7.03554E-1 7.14506E-1 6.96744E-1 6.82961E-1 6.83568E-1 6.50423E-1 6.30723E-1 6.1401E-1 6.14848E-1 5.97202E-1 6.01878E-1 6.26691E-1 6.25147E-1 6.18019E-1 5.78531E-1 5.33033E-1 5.75335E-1 5.98152E-1 6.4E-1 6.57532E-1 6.80978E-1 6.68991E-1 6.75482E-1
6.48632E-1 6.49618E-1 6.58431E-1 6.70061E-1 6.67158E-1 6.83775E-1 6.92128E-1 7.05809E-1 7.22159E-1 7.34913E-1 7.41852E-1 7.63024E-1 7.38506E-1 7.47714E-1 7.60385E-1 7.57989E-1 7.58154E-1 7.56716E-1 7.50429E-1 7.40244E-1 7.23677E-1 7.32559E-1 7.02332E-1 6.97551E-1 7.00383E-1 6.77183E-1 6.6084E-1 6.56977E-1 6.62904E-1 7.0927E-1 7.28489E-1 7.38528E-1 7.28229E-1 7.07017E-1 7.27692E-1 7.29117E-1 7.27947E-1 6.9915E-1 6.80607E-1 7.11231E-1 7.08721E-1 6.9999E-1 6.748E-1 6.49015E-1 6.2759E-1 6.1543E-1 6.44527E-1 6.29967E-1 6.32932E-1 6.25945E-1 6.30092E-1 6.23503E-1 6.11132E-1 5.80206E-1 6.29651E-1 6.56936E-1 6.69284E-1 6.82276E-1 6.8798E-1 7.0444E-1 6.86236E-1
6.77738E-1 6.77413E-1 6.89985E-1 6.99065E-1 7.03557E-1 6.95404E-1 6.93623E-1 7.16257E-1 7.49645E-1 7.5952E-1 7.68747E-1 7.69003E-1 7.62803E-1 7.68148E-1 7.8331E-1 7.82236E-1 7.65347E-1 7.68678E-1 7.60675E-1 7.49562E-1 7.33704E-1 7.28653E-1 7.21106E-1 7.16954E-1 7.07156E-1 7.05178E-1 6.76695E-1 6.75166E-1 6.99811E-1 7.24012E-1 7.54806E-1 7.58048E-1 7.39263E-1 7.34579E-1 7.59624E-1 7.42855E-1 7.21231E-1 6.98789E-1 6.94975E-1 7.10266E-1 7.13211E-1 6.89163E-1 6.56058E-1 6.38259E-1 6.43447E-1 6.55814E-1 6.69809E-1 6.49631E-1 6.26639E-1 6.22964E-1 6.55678E-1 6.46628E-1 6.24219E-1 6.40301E-1 6.66031E-1 6.83404E-1 7.09623E-1 7.1212E-1 6.902E-1 7.13667E-1 7.46909E-1
7.07209E-1 6.96908E-1 7.09117E-1 7.18182E-1 7.20772E-1 7.20242E-1 7.19932E-1 7.32574E-1 7.63297E-1 7.72238E-1 7.81003E-1 7.83682E-1 7.87738E-1 7.73365E-1 7.85121E-1 7.93718E-1 7.76704E-1 7.6999E-1 7.64642E-1 7.49285E-1 7.58112E-1 7.54035E-1 7.4677E-1 7.39399E-1 7.29076E-1 7.2973E-1 7.17291E-1 7.07763E-1 6.98669E-1 7.14948E-1 7.53511E-1 7.67464E-1 7.72677E-1 7.67179E-1 7.81621E-1 7.62495E-1 7.33029E-1 7.15669E-1 7.14435E-1 7.2015E-1 7.21971E-1 6.97017E-1 6.55085E-1 6.35468E-1 6.46326E-1 6.81698E-1 6.84878E-1 6.55948E-1 6.31303E-1 6.51205E-1 6.60012E-1 6.77417E-1 6.92281E-1 6.98173E-1 6.89087E-1 6.96766E-1 7.23708E-1 7.32218E-1 6.99266E-1 7.07813E-1 7.53032E-1
7.33148E-1 7.19113E-1 7.25344E-1 7.29227E-1 7.34588E-1 7.35614E-1 7.2835E-1 7.58281E-1 7.84017E-1 7.88511E-1 7.76477E-1 7.82048E-1 7.89439E-1 7.8729E-1 7.83764E-1 7.81903E-1 7.57661E-1 7.67269E-1 7.73515E-1 7.70196E-1 7.7032E-1 7.70544E-1 7.71252E-1 7.66335E-1 7.60812E-1 7.48928E-1 7.53451E-1 7.53913E-1 7.34522E-1 7.28343E-1 7.42058E-1 7.64282E-1 7.82878E-1 7.78561E-1 7.7873E-1 7.53376E-1 7.32443E-1 7.23499E-1 7.17485E-1 7.21755E-1 7.19333E-1 6.87586E-1 6.49931E-1 6.45439E-1 6.5863E-1 6.86796E-1 6.7707E-1 6.57674E-1 6.29723E-1 6.65241E-1 6.74652E-1 6.24458E-1 6.84487E-1 7.19757E-1 7.06842E-1 7.16574E-1 7.13999E-1 7.3223E-1 7.47929E-1 7.65835E-1 7.72108E-1
7.46057E-1 7.36634E-1 7.5001E-1 7.66776E-1 7.61963E-1 7.58428E-1 7.6194E-1 7.63538E-1 7.84234E-1 7.87331E-1 7.80002E-1 7.80705E-1 7.72793E-1 7.72929E-1 7.82551E-1 7.86093E-1 7.80919E-1 7.81509E-1 7.58552E-1 7.79067E-1 7.93678E-1 7.95329E-1 7.92353E-1 7.79308E-1 7.71081E-1 7.82139E-1 7.8685E-1 7.94097E-1 7.79169E-1 7.56759E-1 7.62509E-1 7.7392E-1 7.82237E-1 7.64317E-1 7.43829E-1 7.19862E-1 7.17148E-1 7.22397E-1 7.29542E-1 7.21502E-1 7.13785E-1 7.13611E-1 6.83706E-1 6.59844E-1 6.62758E-1 6.66111E-1 6.63868E-1 6.34646E-1 6.2618E-1 6.15202E-1 6.34945E-1 7.07226E-1 7.43351E-1 7.58608E-1 7.52836E-1 7.34011E-1 7.23395E-1 7.46227E-1 7.66564E-1 7.79673E-1 7.81084E-1
7.59375E-1 7.59867E-1 7.73177E-1 7.92836E-1 7.88001E-1 7.86329E-1 7.95707E-1 7.95224E-1 7.91482E-1 7.91153E-1 7.84805E-1 7.77396E-1 7.68924E-1 7.48721E-1 7.58529E-1 7.86588E-1 8.00071E-1 7.9293E-1 7.72657E-1 7.86241E-1 7.99143E-1 8.11122E-1 8.0517E-1 7.81927E-1 7.85536E-1 8.04935E-1 8.01455E-1 8.0368E-1 7.85709E-1 7.83908E-1 7.77049E-1 7.57206E-1 7.44475E-1 7.1317E-1 7.01217E-1 6.98516E-1 6.85447E-1 7.09072E-1 7.14382E-1 7.09042E-1 7.23683E-1 7.28976E-1 7.05299E-1 6.68282E-1 6.57174E-1 6.50421E-1 6.50402E-1 6.47586E-1 6.51677E-1 6.66125E-1 6.76745E-1 7.00979E-1 7.12604E-1 7.55852E-1 7.6336E-1 7.50982E-1 7.42517E-1 7.58333E-1 7.70805E-1 7.85265E-1 7.94204E-1
