data/maxent/outputs/white_46.asc
ncols         426
nrows         180
xllcorner     -130.0
yllcorner     24.0
cellsize      0.16666666666666666
NODATA_value  -9999
[rows 27 to 53 of 180, columns 305 to 365 of 426]
5.13143E-6 4.90532E-6 4.5551E-6 4.70326E-6 4.05879E-6 4.24759E-6 4.24555E-6 4.24081E-6 4.53554E-6 4.81524E-6 4.99344E-6 4.50848E-6 3.83336E-6 4.14031E-6 4.54144E-6 4.69199E-6 5.17138E-6 4.78458E-6 4.50998E-6 4.70059E-6 4.75852E-6 4.61486E-6 5.01221E-6 5.1731E-6 4.48977E-6 4.68737E-6 4.83533E-6 4.03302E-6 4.46672E-6 5.17001E-6 4.26283E-6 3.52943E-6 3.7407E-6 3.85044E-6 4.22871E-6 3.20191E-6 4.02043E-6 4.41744E-6 5.16607E-6 5.05868E-6 5.13238E-6 6.07963E-6 6.29386E-6 6.45376E-6 5.89894E-6 5.51839E-6 5.64615E-6 7.26835E-6 5.53397E-6 5.78977E-6 5.26234E-6 5.06756E-6 5.10006E-6 5.19051E-6 6.92082E-6 8.16759E-6 7.72477E-6 8.76334E-6 5.25366E-6 6.57867E-6 8.54702E-6
5.71931E-6 5.37172E-6 4.64811E-6 4.34599E-6 4.06303E-6 4.41444E-6 4.42239E-6 4.41971E-6 4.15825E-6 4.7903E-6 5.5771E-6 5.59362E-6 5.05038E-6 4.50728E-6 4.81281E-6 4.97141E-6 5.19676E-6 4.54007E-6 4.23298E-6 4.3151E-6 3.83431E-6 4.3745E-6 4.59246E-6 4.65708E-6 4.32915E-6 5.32537E-6 4.85918E-6 4.64695E-6 4.49779E-6 4.78757E-6 4.86128E-6 4.37074E-6 4.84564E-6 4.58496E-6 4.39448E-6 4.41423E-6 4.5066E-6 5.01792E-6 5.61225E-6 6.15243E-6 6.22097E-6 6.92126E-6 7.35711E-6 7.64316E-6 6.60888E-6 5.13168E-6 6.50237E-6 8.65117E-6 6.4937E-6 5.35431E-6 4.41928E-6 4.48541E-6 5.00604E-6 4.99432E-6 6.6114E-6 8.27855E-6 8.41539E-6 1.07887E-5 1.29789E-5 1.77428E-5 1.60344E-5
7.16471E-6 6.28139E-6 5.16244E-6 4.63927E-6 4.62654E-6 5.27605E-6 5.42319E-6 5.37446E-6 5.49205E-6 6.47269E-6 6.72921E-6 7.35213E-6 7.95206E-6 7.25643E-6 5.44793E-6 4.81676E-6 3.99791E-6 4.24844E-6 3.95585E-6 3.89576E-6 3.82209E-6 3.95401E-6 4.10827E-6 4.60706E-6 4.32653E-6 4.4004E-6 5.08315E-6 4.76584E-6 4.48316E-6 4.39379E-6 4.67841E-6 4.79332E-6 5.18621E-6 5.2236E-6 5.00663E-6 5.05373E-6 5.87799E-6 6.00618E-6 6.68921E-6 7.47499E-6 7.75386E-6 7.67539E-6 8.36678E-6 8.94036E-6 9.24313E-6 8.9342E-6 8.43826E-6 1.02266E-5 9.23443E-6 6.53479E-6 4.59088E-6 4.61577E-6 5.32779E-6 6.31958E-6 7.45715E-6 8.28101E-6 9.95408E-6 1.29765E-5 1.39308E-5 2.30655E-5 3.43897E-5
7.01669E-6 6.82365E-6 5.37511E-6 6.7136E-6 6.32287E-6 4.75788E-6 5.64552E-6 6.16783E-6 6.13702E-6 7.8031E-6 7.74623E-6 7.51438E-6 7.99801E-6 6.15266E-6 4.99333E-6 4.6561E-6 4.36454E-6 4.6927E-6 3.81361E-6 4.45731E-6 4.71091E-6 4.82336E-6 4.69178E-6 4.3952E-6 4.4952E-6 4.63719E-6 4.85694E-6 4.89495E-6 5.40979E-6 4.88766E-6 4.91075E-6 4.75925E-6 4.82672E-6 4.46269E-6 5.0608E-6 5.53393E-6 6.43845E-6 8.54438E-6 8.01779E-6 8.1728E-6 8.29614E-6 8.72976E-6 8.37273E-6 9.38882E-6 1.0146E-5 1.25498E-5 1.33599E-5 1.02364E-5 9.94594E-6 4.36251E-6 3.92835E-6 4.91072E-6 6.6236E-6 6.94254E-6 9.02369E-6 8.71534E-6 1.18248E-5 1.71834E-5 3.18705E-5 3.81484E-5 7.04066E-5
8.34917E-6 8.90244E-6 6.39405E-6 6.34555E-6 6.00305E-6 5.52747E-6 7.16172E-6 7.44317E-6 8.12905E-6 8.04378E-6 7.79719E-6 7.28951E-6 8.7626E-6 8.62216E-6 5.67618E-6 4.67017E-6 4.66061E-6 4.57541E-6 4.61971E-6 4.74115E-6 5.82677E-6 5.55525E-6 5.16829E-6 5.52315E-6 5.68306E-6 6.01563E-6 6.63078E-6 7.19728E-6 5.86565E-6 6.15098E-6 5.01813E-6 5.11964E-6 4.8172E-6 4.18142E-6 5.09804E-6 5.36799E-6 7.0659E-6 1.07753E-5 1.28027E-5 1.30472E-5 1.23383E-5 1.52904E-5 1.58178E-5 1.51571E-5 1.48497E-5 1.24167E-5 1.30057E-5 1.31889E-5 1.20642E-5 6.1616E-6 4.84688E-6 4.49149E-6 5.1459E-6 5.591E-6 8.63636E-6 1.26773E-5 2.12097E-5 3.56961E-5 4.82404E-5 6.21657E-5 8.94249E-5
1.04791E-5 1.17073E-5 1.22931E-5 1.10915E-5 8.27853E-6 7.45206E-6 8.1297E-6 6.05851E-6 7.62978E-6 1.04648E-5 7.17636E-6 7.52734E-6 1.17865E-5 7.61704E-6 5.65879E-6 6.78282E-6 6.72064E-6 5.74156E-6 6.0931E-6 7.39479E-6 7.52098E-6 7.18441E-6 6.14262E-6 7.38326E-6 7.68181E-6 8.26264E-6 9.98765E-6 9.98334E-6 8.29721E-6 6.99341E-6 7.5068E-6 6.35862E-6 5.81913E-6 4.5707E-6 5.17887E-6 5.43107E-6 5.39651E-6 9.53182E-6 1.26749E-5 1.88519E-5 2.33777E-5 3.59828E-5 3.59501E-5 3.30576E-5 2.92296E-5 2.16961E-5 1.79861E-5 1.45863E-5 1.6256E-5 1.72966E-5 1.12208E-5 6.92456E-6 6.17576E-6 7.69643E-6 1.44601E-5 2.40069E-5 2.96503E-5 5.41583E-5 9.33904E-5 1.24932E-4 1.72305E-4
1.47975E-5 1.43732E-5 1.58025E-5 2.0062E-5 2.08453E-5 2.07487E-5 1.75258E-5 1.25385E-5 1.19698E-5 9.78801E-6 9.67273E-6 1.20416E-5 1.22831E-5 8.64957E-6 7.52858E-6 8.5415E-6 9.02035E-6 6.48445E-6 5.72179E-6 6.15405E-6 6.47273E-6 8.04016E-6 8.96972E-6 9.52244E-6 1.05285E-5 7.45475E-6 8.2048E-6 9.69988E-6 9.79332E-6 1.10063E-5 1.08223E-5 8.54635E-6 7.79297E-6 6.24801E-6 5.18827E-6 6.52501E-6 7.49181E-6 1.07155E-5 1.22382E-5 1.35902E-5 1.88099E-5 2.66083E-5 3.44007E-5 3.85349E-5 3.06985E-5 2.84717E-5 2.96658E-5 3.04696E-5 3.21264E-5 4.60343E-5 4.58056E-5 3.19914E-5 2.59893E-5 1.74669E-5 2.23412E-5 3.89478E-5 5.02376E-5 7.18252E-5 1.44645E-4 1.88262E-4 -9999
2.15869E-5 2.12881E-5 2.5051E-5 2.92349E-5 2.96471E-5 3.12718E-5 2.72316E-5 1.93292E-5 1.70303E-5 1.69305E-5 1.9773E-5 1.62922E-5 1.19422E-5 9.31054E-6 8.64755E-6 7.21629E-6 8.25183E-6 7.59953E-6 8.97383E-6 7.50899E-6 9.04564E-6 9.06221E-6 8.92315E-6 1.04763E-5 1.08486E-5 8.50128E-6 8.26787E-6 9.43976E-6 9.27929E-6 9.18649E-6 1.06571E-5 1.03719E-5 8.57493E-6 7.40053E-6 7.28448E-6 8.10141E-6 1.05012E-5 1.94735E-5 1.67975E-5 1.60794E-5 1.71898E-5 2.1116E-5 1.95111E-5 2.04307E-5 1.96424E-5 2.07598E-5 2.41972E-5 2.5591E-5 2.70878E-5 3.07629E-5 2.88473E-5 2.71784E-5 2.75625E-5 5.32338E-5 1.09965E-4 1.67794E-4 9.02685E-5 1.33158E-4 1.49684E-4 -9999 5.83558E-4
2.3876E-5 3.09875E-5 2.90108E-5 2.62934E-5 2.62037E-5 2.85525E-5 3.42882E-5 3.41203E-5 2.57995E-5 1.86743E-5 2.14445E-5 2.26026E-5 2.13583E-5 1.6927E-5 1.22294E-5 1.21817E-5 9.96504E-6 1.09453E-5 1.18175E-5 1.30478E-5 1.26845E-5 1.14254E-5 1.21537E-5 1.35734E-5 9.80358E-6 9.52442E-6 1.22691E-5 1.23572E-5 1.14523E-5 1.04832E-5 1.22636E-5 1.5894E-5 1.35523E-5 1.12677E-5 1.36034E-5 1.46431E-5 1.95038E-5 2.31783E-5 2.31385E-5 1.92901E-5 1.83841E-5 1.62913E-5 1.35746E-5 1.76881E-5 1.81755E-5 1.68991E-5 1.68633E-5 1.63024E-5 2.07494E-5 2.3669E-5 2.67146E-5 2.63103E-5 2.20934E-5 3.71124E-5 8.05757E-5 1.45826E-4 3.13751E-4 5.51653E-4 7.69064E-4 3.41908E-4 2.17472E-4
3.24278E-5 3.51359E-5 3.93113E-5 4.1151E-5 4.04969E-5 3.42896E-5 3.73544E-5 3.14263E-5 3.08279E-5 2.43443E-5 2.45589E-5 2.70396E-5 2.46696E-5 2.32536E-5 1.92995E-5 1.7326E-5 1.73661E-5 1.6703E-5 1.68876E-5 1.72136E-5 1.66475E-5 1.556E-5 1.70395E-5 1.68001E-5 1.38116E-5 1.32793E-5 1.61628E-5 1.60112E-5 1.61746E-5 1.63656E-5 1.83968E-5 1.82735E-5 1.94921E-5 2.11149E-5 2.32325E-5 2.13903E-5 2.80994E-5 3.18438E-5 3.7438E-5 3.26529E-5 2.37877E-5 2.12874E-5 1.68624E-5 1.68399E-5 1.77278E-5 1.32033E-5 1.18534E-5 1.46304E-5 1.40948E-5 1.62569E-5 1.90903E-5 2.01903E-5 4.08499E-5 3.82454E-5 8.41374E-5 2.17327E-4 5.81683E-4 9.03106E-4 4.14938E-4 1.69996E-4 1.12888E-4
4.20196E-5 4.47764E-5 4.76272E-5 4.24946E-5 4.30775E-5 4.10851E-5 4.13788E-5 3.7519E-5 3.62346E-5 3.54766E-5 3.35644E-5 2.95091E-5 2.59213E-5 2.45137E-5 2.18183E-5 2.25435E-5 2.30598E-5 2.17193E-5 1.94117E-5 1.84726E-5 2.05274E-5 1.96449E-5 2.08484E-5 2.00816E-5 1.78026E-5 1.85379E-5 1.92809E-5 1.86744E-5 1.96274E-5 2.13381E-5 2.39733E-5 2.72744E-5 2.43992E-5 2.60507E-5 3.16029E-5 3.76714E-5 3.73084E-5 4.58811E-5 4.35082E-5 3.79809E-5 2.94625E-5 2.29199E-5 2.07249E-5 2.14385E-5 2.02344E-5 1.79006E-5 1.46697E-5 1.72461E-5 1.38794E-5 1.73634E-5 1.94898E-5 3.37321E-5 1.30736E-4 1.16142E-4 1.16426E-4 2.83406E-4 1.02634E-3 4.44297E-4 2.8522E-4 1.25655E-4 9.54981E-5
5.06769E-5 4.89979E-5 5.18056E-5 5.02131E-5 4.65193E-5 4.15228E-5 4.39312E-5 4.11279E-5 4.08926E-5 3.89501E-5 3.85688E-5 3.63907E-5 3.00335E-5 2.88793E-5 2.30151E-5 2.59893E-5 2.50009E-5 2.25036E-5 2.24222E-5 2.31473E-5 2.17237E-5 2.20938E-5 2.43011E-5 2.34987E-5 2.56079E-5 2.43257E-5 2.1549E-5 2.16452E-5 2.49232E-5 2.68511E-5 3.52276E-5 3.55807E-5 2.75141E-5 2.9799E-5 4.14709E-5 4.16138E-5 4.79905E-5 5.30977E-5 5.2701E-5 3.88705E-5 3.11658E-5 2.91069E-5 2.60572E-5 2.51094E-5 2.16237E-5 1.79942E-5 1.92539E-5 1.89913E-5 1.95524E-5 2.46142E-5 3.08387E-5 1.589E-4 1.24623E-4 1.65279E-4 2.48496E-4 7.73615E-4 5.01934E-4 3.01852E-4 1.72553E-4 1.44772E-4 1.27557E-4
5.81121E-5 5.85908E-5 5.70655E-5 5.41687E-5 5.15826E-5 4.75569E-5 4.35768E-5 4.36883E-5 4.28312E-5 4.11206E-5 3.79234E-5 4.01769E-5 3.69659E-5 3.53949E-5 3.22918E-5 3.60508E-5 3.30769E-5 2.62596E-5 2.77988E-5 2.53093E-5 2.56323E-5 2.52961E-5 2.79279E-5 2.81841E-5 3.35182E-5 2.94501E-5 2.8517E-5 3.44923E-5 4.658E-5 4.75109E-5 2.90425E-5 3.60479E-5 3.26692E-5 3.37652E-5 4.42687E-5 6.1618E-5 6.75026E-5 5.71733E-5 6.72367E-5 4.82442E-5 4.00578E-5 3.76665E-5 3.35668E-5 2.84354E-5 2.37446E-5 2.36376E-5 2.57326E-5 2.63161E-5 2.51494E-5 2.7854E-5 5.91186E-5 2.05088E-4 4.03726E-4 2.81045E-4 1.02793E-3 4.29237E-4 2.49736E-4 1.57396E-4 1.28901E-4 1.72814E-4 1.91062E-4
7.47767E-5 6.81321E-5 6.27986E-5 5.87835E-5 5.58254E-5 5.70628E-5 4.72715E-5 4.57117E-5 4.35872E-5 4.27384E-5 3.74637E-5 3.75401E-5 3.66541E-5 3.47845E-5 3.24423E-5 4.24158E-5 3.31603E-5 3.18731E-5 3.15664E-5 3.29057E-5 3.21102E-5 3.67384E-5 3.54695E-5 3.33723E-5 3.79613E-5 3.66442E-5 3.42688E-5 3.29321E-5 3.71766E-5 4.25425E-5 3.5443E-5 3.62348E-5 3.53356E-5 4.11398E-5 4.27715E-5 5.16738E-5 7.3585E-5 8.83241E-5 6.79217E-5 5.91177E-5 5.08844E-5 4.94262E-5 3.53263E-5 2.87231E-5 2.85089E-5 3.09043E-5 3.84581E-5 3.98064E-5 5.49174E-5 7.88281E-5 1.70592E-4 1.9552E-4 -9999 6.0214E-4 3.49166E-4 2.81288E-4 1.29285E-4 1.04984E-4 1.57382E-4 1.97835E-4 1.94404E-4
8.72057E-5 7.86087E-5 7.62613E-5 6.9736E-5 7.30511E-5 6.55011E-5 5.89863E-5 5.76359E-5 5.10474E-5 4.867E-5 4.26518E-5 4.05523E-5 4.048E-5 3.71285E-5 3.69577E-5 3.34627E-5 3.85974E-5 3.96064E-5 4.17989E-5 5.56903E-5 6.8917E-5 5.99493E-5 7.20355E-5 5.27495E-5 5.21956E-5 4.55003E-5 3.91928E-5 3.68403E-5 3.41819E-5 3.77952E-5 4.28619E-5 5.20384E-5 5.30174E-5 4.80422E-5 5.12216E-5 6.54662E-5 7.86703E-5 9.97656E-5 9.33926E-5 9.48366E-5 6.71914E-5 6.66106E-5 5.02408E-5 4.96017E-5 5.39024E-5 7.26283E-5 1.02276E-4 9.54247E-5 1.52203E-4 2.21973E-4 2.63725E-4 1.22019E-3 5.49393E-4 2.81737E-4 1.69602E-4 1.83407E-4 1.38511E-4 1.27495E-4 1.93682E-4 1.97282E-4 2.27941E-4
1.24121E-4 1.21058E-4 9.64955E-5 8.38048E-5 8.32009E-5 6.95002E-5 6.71306E-5 8.29995E-5 6.1974E-5 5.05395E-5 4.438E-5 5.1418E-5 4.10665E-5 4.05848E-5 4.40726E-5 5.53574E-5 5.8276E-5 7.86968E-5 8.74912E-5 9.99881E-5 1.12097E-4 1.13192E-4 9.69469E-5 7.42652E-5 7.74288E-5 5.80698E-5 4.93229E-5 4.29139E-5 3.86534E-5 5.00136E-5 5.51567E-5 6.30647E-5 6.29853E-5 7.92501E-5 8.52228E-5 9.48474E-5 1.17309E-4 1.59999E-4 1.53407E-4 1.19706E-4 1.0884E-4 1.03694E-4 9.79133E-5 1.05268E-4 1.37986E-4 1.58182E-4 2.3221E-4 2.73921E-4 3.07158E-4 3.55006E-4 3.26744E-4 3.2282E-4 2.41864E-4 2.03894E-4 1.7438E-4 1.83813E-4 1.86854E-4 2.0167E-4 2.00052E-4 2.07011E-4 2.00139E-4
1.67748E-4 1.33581E-4 1.22035E-4 1.19525E-4 1.05854E-4 9.11199E-5 8.53582E-5 8.54627E-5 8.35506E-5 6.69391E-5 7.14997E-5 7.82773E-5 6.40173E-5 6.85966E-5 6.88271E-5 8.56124E-5 1.29135E-4 1.59605E-4 1.59492E-4 1.70393E-4 1.76596E-4 1.29753E-4 9.93921E-5 1.15166E-4 1.15142E-4 8.32958E-5 7.07265E-5 5.92033E-5 5.81592E-5 6.65218E-5 8.05756E-5 1.10833E-4 1.0861E-4 8.36752E-5 1.03451E-4 1.11654E-4 1.37819E-4 1.73681E-4 2.14536E-4 1.63563E-4 1.54994E-4 1.63048E-4 1.77024E-4 2.15227E-4 2.1776E-4 2.70389E-4 3.52953E-4 4.16652E-4 2.73538E-4 2.24496E-4 2.04479E-4 2.23276E-4 1.81997E-4 1.56964E-4 2.1268E-4 2.08265E-4 2.32148E-4 2.46354E-4 2.45249E-4 2.4179E-4 1.8348E-4
1.93791E-4 1.94669E-4 1.70769E-4 1.24848E-4 1.46638E-4 1.3606E-4 1.11099E-4 1.12213E-4 1.09289E-4 8.90451E-5 9.38692E-5 1.31307E-4 1.28804E-4 1.16486E-4 1.13312E-4 1.2964E-4 1.84257E-4 2.0031E-4 2.24546E-4 2.36097E-4 2.03538E-4 1.64392E-4 1.56023E-4 1.75768E-4 1.43606E-4 1.28373E-4 1.36343E-4 1.04347E-4 8.93333E-5 9.61591E-5 1.1033E-4 1.06874E-4 1.04771E-4 1.09043E-4 1.28696E-4 1.89704E-4 2.05146E-4 2.73091E-4 3.39061E-4 2.6307E-4 2.45681E-4 3.29389E-4 3.77549E-4 3.64907E-4 3.586E-4 3.11975E-4 3.5796E-4 3.25603E-4 2.61093E-4 2.12948E-4 2.25522E-4 1.4723E-4 1.27204E-4 1.98112E-4 2.15009E-4 2.58761E-4 2.80043E-4 2.66696E-4 2.72137E-4 2.54471E-4 2.36922E-4
1.46506E-4 2.28471E-4 2.74001E-4 1.92318E-4 1.81658E-4 1.49132E-4 1.40976E-4 1.73461E-4 1.78918E-4 1.37091E-4 1.55942E-4 1.86467E-4 1.93189E-4 1.78622E-4 1.64213E-4 1.90183E-4 2.62191E-4 2.87882E-4 3.17632E-4 3.15671E-4 2.7791E-4 2.45842E-4 2.32021E-4 1.95145E-4 1.92242E-4 1.81681E-4 1.87338E-4 1.35158E-4 1.03441E-4 1.25255E-4 1.6253E-4 1.66469E-4 1.54091E-4 1.95105E-4 2.61436E-4 3.14397E-4 3.40488E-4 3.78554E-4 4.85257E-4 4.75567E-4 4.34274E-4 5.20021E-4 4.01381E-4 4.12944E-4 4.47856E-4 4.10762E-4 4.04443E-4 3.13458E-4 2.73818E-4 2.55502E-4 2.08956E-4 1.84842E-4 1.73947E-4 2.27754E-4 2.55056E-4 2.89885E-4 2.63352E-4 3.05978E-4 3.27798E-4 3.32603E-4 3.3485E-4
2.30003E-4 2.67226E-4 2.75693E-4 2.84972E-4 3.164E-4 2.9136E-4 2.70869E-4 2.88971E-4 2.95202E-4 2.82223E-4 2.27315E-4 2.60618E-4 2.71337E-4 2.84333E-4 3.01929E-4 2.89738E-4 3.31187E-4 3.60001E-4 3.59216E-4 4.06522E-4 3.32228E-4 3.19374E-4 2.79955E-4 2.68671E-4 2.58754E-4 2.11633E-4 2.15855E-4 1.99159E-4 1.74639E-4 1.80893E-4 2.58116E-4 2.90387E-4 3.34059E-4 3.94567E-4 4.32099E-4 5.46055E-4 4.97458E-4 5.0383E-4 7.12136E-4 6.75327E-4 5.69497E-4 5.26762E-4 5.40848E-4 5.21603E-4 4.29804E-4 3.81059E-4 3.36804E-4 2.54555E-4 2.42087E-4 3.44829E-4 3.70904E-4 2.87386E-4 2.51121E-4 2.3124E-4 2.40614E-4 2.90822E-4 3.12645E-4 3.99546E-4 4.03886E-4 3.81964E-4 4.69203E-4
2.94247E-4 3.62784E-4 3.35734E-4 3.11431E-4 3.33059E-4 2.9008E-4 3.04352E-4 3.37572E-4 3.4617E-4 3.50909E-4 3.39246E-4 3.36905E-4 3.35323E-4 3.78108E-4 3.94954E-4 3.82149E-4 3.65925E-4 4.26818E-4 5.01558E-4 4.69229E-4 3.98454E-4 4.07888E-4 3.83407E-4 3.58633E-4 3.54805E-4 2.9789E-4 2.80277E-4 2.84602E-4 2.22183E-4 2.9767E-4 3.60021E-4 4.63411E-4 5.5501E-4 5.61945E-4 5.10502E-4 6.09568E-4 9.16733E-4 9.01486E-4 7.36838E-4 7.3849E-4 6.98806E-4 6.44515E-4 6.39305E-4 5.28104E-4 3.76144E-4 3.2745E-4 3.20432E-4 2.63663E-4 3.33033E-4 4.19449E-4 4.73578E-4 4.66327E-4 3.02948E-4 1.89429E-4 2.66067E-4 3.04874E-4 4.11151E-4 4.90489E-4 4.76187E-4 4.80198E-4 4.55678E-4
3.92946E-4 3.72645E-4 3.89845E-4 4.37824E-4 4.17755E-4 4.23331E-4 4.09858E-4 4.13055E-4 4.16623E-4 4.12784E-4 4.51336E-4 7.43446E-4 5.45518E-4 5.36824E-4 5.38417E-4 4.73873E-4 5.0787E-4 5.59543E-4 6.06034E-4 5.3013E-4 5.04827E-4 5.08496E-4 4.22967E-4 4.26645E-4 5.98693E-4 4.56445E-4 4.61876E-4 4.2004E-4 3.22067E-4 4.42704E-4 6.16797E-4 7.68904E-4 7.88334E-4 6.09334E-4 7.53151E-4 1.05277E-3 9.87486E-4 8.47552E-4 8.10455E-4 9.89488E-4 9.35604E-4 8.98435E-4 7.76213E-4 5.68013E-4 3.78455E-4 3.30297E-4 4.40741E-4 4.23266E-4 4.49699E-4 4.58406E-4 5.12583E-4 5.40165E-4 4.537E-4 2.89392E-4 4.00603E-4 5.00931E-4 5.51422E-4 6.00623E-4 5.68958E-4 5.56504E-4 5.68959E-4
4.53821E-4 4.1825E-4 4.74657E-4 5.36321E-4 5.63544E-4 5.01054E-4 4.66741E-4 4.96038E-4 5.63207E-4 5.52012E-4 6.05492E-4 6.48407E-4 6.95923E-4 7.12678E-4 7.17066E-4 6.66652E-4 5.9789E-4 6.20564E-4 6.19626E-4 6.23979E-4 5.78468E-4 6.05719E-4 5.59968E-4 5.98208E-4 6.83431E-4 6.72155E-4 6.26629E-4 5.46989E-4 5.77732E-4 7.32408E-4 1.02683E-3 9.29089E-4 9.42553E-4 1.20823E-3 1.54333E-3 1.22739E-3 1.21315E-3 1.1585E-3 1.07121E-3 1.02171E-3 1.01805E-3 8.73216E-4 7.71934E-4 5.9636E-4 5.37474E-4 5.36548E-4 6.13081E-4 5.3734E-4 5.2154E-4 4.75648E-4 6.09246E-4 5.97157E-4 4.58639E-4 4.79678E-4 5.67557E-4 6.5408E-4 8.47911E-4 6.69304E-4 6.66869E-4 8.16966E-4 1.21378E-3
6.93479E-4 5.61712E-4 6.05634E-4 6.44321E-4 6.16333E-4 5.75831E-4 5.98301E-4 6.36002E-4 7.02975E-4 7.91411E-4 8.15635E-4 7.88131E-4 8.19948E-4 8.35891E-4 7.8103E-4 8.0888E-4 6.99513E-4 7.38417E-4 8.05714E-4 7.74135E-4 8.41125E-4 8.37255E-4 8.62796E-4 8.67069E-4 8.58511E-4 8.67255E-4 8.44762E-4 8.47825E-4 8.44045E-4 9.7266E-4 1.07084E-3 1.66E-3 2.48721E-3 3.19784E-3 2.893E-3 2.12933E-3 1.74377E-3 1.61474E-3 1.40484E-3 1.31727E-3 1.10498E-3 9.93945E-4 9.13403E-4 7.87152E-4 7.00384E-4 8.03439E-4 7.68464E-4 5.98383E-4 5.31175E-4 6.01713E-4 6.09206E-4 6.73114E-4 7.12144E-4 7.57614E-4 6.64486E-4 8.1033E-4 9.51968E-4 9.22391E-4 7.54917E-4 8.6468E-4 1.5119E-3
1.19395E-3 8.13601E-4 7.23531E-4 6.8066E-4 7.35556E-4 7.31557E-4 7.11702E-4 8.94568E-4 9.60634E-4 8.76077E-4 7.57826E-4 7.69701E-4 9.72988E-4 9.81585E-4 9.37938E-4 8.34439E-4 7.68064E-4 8.26265E-4 9.89639E-4 1.21469E-3 1.69828E-3 1.56314E-3 1.17003E-3 1.15693E-3 1.21509E-3 1.17409E-3 1.26168E-3 1.22472E-3 1.11757E-3 1.35283E-3 1.60924E-3 2.63051E-3 3.5038E-3 3.66687E-3 3.02763E-3 2.41232E-3 1.96899E-3 1.79968E-3 1.53474E-3 1.41592E-3 1.19838E-3 9.61682E-4 9.85828E-4 1.10169E-3 1.08231E-3 1.08564E-3 8.1072E-4 6.92774E-4 5.73934E-4 7.198E-4 7.49438E-4 4.56695E-4 6.50399E-4 9.51906E-4 9.76503E-4 1.35189E-3 1.0601E-3 1.22841E-3 1.76809E-3 2.494E-3 3.59473E-3
1.88132E-3 1.43717E-3 1.3277E-3 1.21121E-3 1.06438E-3 1.00105E-3 9.44185E-4 9.70984E-4 1.1759E-3 1.06151E-3 9.98091E-4 1.11954E-3 8.96856E-4 1.13318E-3 1.37862E-3 1.40777E-3 1.15104E-3 1.0436E-3 1.04667E-3 1.43173E-3 1.68819E-3 1.59374E-3 1.60295E-3 1.54028E-3 1.48099E-3 1.67239E-3 1.83121E-3 1.91572E-3 2.08055E-3 1.96314E-3 2.49865E-3 2.96435E-3 2.96091E-3 2.7281E-3 2.62396E-3 2.68456E-3 2.35707E-3 2.10206E-3 2.08268E-3 1.66275E-3 1.38415E-3 1.44798E-3 1.37105E-3 1.30223E-3 1.14642E-3 9.71703E-4 8.24659E-4 5.6068E-4 5.06693E-4 4.63759E-4 5.28898E-4 9.22454E-4 1.32228E-3 1.62544E-3 1.62566E-3 1.51498E-3 1.35057E-3 2.27316E-3 3.68764E-3 3.99592E-3 4.64357E-3
2.18257E-3 2.09484E-3 1.79478E-3 1.77842E-3 1.56003E-3 1.33648E-3 1.44468E-3 1.40528E-3 1.61401E-3 1.3162E-3 1.21354E-3 1.20289E-3 1.30403E-3 1.2975E-3 1.53568E-3 1.74088E-3 1.71506E-3 1.67313E-3 1.65737E-3 1.91023E-3 2.32929E-3 2.4268E-3 2.47237E-3 2.25669E-3 2.43006E-3 3.17766E-3 3.30326E-3 3.81404E-3 3.88401E-3 3.65916E-3 3.36139E-3 3.26463E-3 3.34441E-3 2.73309E-3 2.56143E-3 2.91891E-3 2.51324E-3 2.65853E-3 2.14582E-3 1.82586E-3 2.10849E-3 2.00432E-3 1.67344E-3 1.13326E-3 9.98043E-4 9.20973E-4 9.04007E-4 7.46046E-4 6.76817E-4 8.08812E-4 7.74391E-4 1.02684E-3 1.09461E-3 1.87149E-3 2.7547E-3 3.36009E-3 2.64014E-3 3.756E-3 4.62169E-3 4.90048E-3 5.9817E-3
