data/maxent/outputs/white_236.asc
ncols         426
nrows         180
xllcorner     -130.0
yllcorner     24.0
cellsize      0.16666666666666666
NODATA_value  -9999
[rows 135 to 161 of 180, columns 183 to 243 of 426]
3.43833E-1 3.81961E-1 3.79092E-1 3.76328E-1 4.03675E-1 4.35448E-1 4.28688E-1 4.2241E-1 4.5579E-1 4.5686E-1 4.71876E-1 4.87E-1 5.09799E-1 5.28331E-1 5.10388E-1 5.15516E-1 5.00694E-1 4.91665E-1 5.13554E-1 5.01363E-1 5.12838E-1 5.75054E-1 5.97095E-1 6.24818E-1 6.24913E-1 6.42123E-1 6.35436E-1 6.18196E-1 6.25072E-1 6.06518E-1 6.08056E-1 5.6932E-1 5.18601E-1 5.32819E-1 6.47985E-1 5.92781E-1 5.31859E-1 5.20553E-1 5.1304E-1 5.13796E-1 5.24809E-1 5.18355E-1 5.4968E-1 5.38545E-1 5.65971E-1 5.48499E-1 5.21087E-1 5.13643E-1 5.00446E-1 4.59381E-1 4.64228E-1 4.94474E-1 4.94118E-1 4.80921E-1 4.67846E-1 4.46972E-1 4.38017E-1 4.31702E-1 4.52525E-1 4.62787E-1 4.70587E-1
3.4707E-1 3.70841E-1 3.68843E-1 3.64335E-1 3.7228E-1 4.01778E-1 4.37613E-1 4.26843E-1 4.43872E-1 4.71562E-1 4.94196E-1 5.35754E-1 5.40056E-1 5.16045E-1 5.23806E-1 5.21581E-1 5.15887E-1 5.22023E-1 5.08736E-1 5.07249E-1 5.47668E-1 5.80598E-1 5.93143E-1 6.27526E-1 6.27056E-1 6.39291E-1 6.2584E-1 6.24935E-1 6.1336E-1 5.86031E-1 6.46365E-1 6.64669E-1 5.74803E-1 5.51935E-1 6.10506E-1 6.39342E-1 5.60722E-1 5.19128E-1 5.07326E-1 5.08844E-1 5.31023E-1 5.60999E-1 5.4895E-1 5.29964E-1 5.37811E-1 5.42596E-1 5.33482E-1 5.64964E-1 5.45806E-1 5.08584E-1 5.23061E-1 5.28933E-1 5.13486E-1 5.12778E-1 5.08932E-1 4.82663E-1 4.7074E-1 4.65561E-1 4.7227E-1 4.81042E-1 4.94334E-1
3.2776E-1 3.33899E-1 3.63302E-1 3.98744E-1 4.13012E-1 4.14313E-1 4.45956E-1 4.34396E-1 4.44168E-1 4.95186E-1 5.02368E-1 5.46569E-1 5.35823E-1 5.14339E-1 5.28009E-1 5.28571E-1 5.28706E-1 5.29232E-1 5.25519E-1 5.32403E-1 5.37029E-1 5.53835E-1 5.73825E-1 6.15561E-1 6.30075E-1 6.25114E-1 6.17066E-1 6.01133E-1 6.00359E-1 5.84423E-1 5.59662E-1 6.07033E-1 6.50887E-1 5.61102E-1 5.60531E-1 5.56506E-1 5.45253E-1 5.40529E-1 5.61172E-1 5.16178E-1 5.0058E-1 5.53872E-1 5.56129E-1 5.6946E-1 5.48027E-1 5.48099E-1 5.76812E-1 6.14397E-1 5.81933E-1 5.48501E-1 5.4304E-1 5.318E-1 5.37451E-1 5.25797E-1 5.21313E-1 5.07442E-1 5.03136E-1 4.93774E-1 5.03045E-1 5.13316E-1 5.04899E-1
3.22981E-1 3.40353E-1 3.62722E-1 3.81331E-1 3.83522E-1 4.27683E-1 4.76705E-1 4.75595E-1 4.62164E-1 4.87683E-1 5.12338E-1 4.97745E-1 4.95628E-1 5.23468E-1 5.42798E-1 5.39887E-1 5.39619E-1 5.37589E-1 5.3195E-1 5.29303E-1 5.30064E-1 5.31423E-1 5.76578E-1 6.06629E-1 6.31638E-1 6.51155E-1 5.7956E-1 5.75884E-1 5.80046E-1 5.60152E-1 5.51615E-1 5.415E-1 5.50929E-1 5.47373E-1 5.59184E-1 5.5778E-1 5.58116E-1 5.36039E-1 5.38006E-1 5.09628E-1 4.99095E-1 5.30435E-1 5.64295E-1 5.7899E-1 5.74649E-1 5.87215E-1 6.13771E-1 6.54869E-1 6.21861E-1 5.94475E-1 5.71579E-1 5.57401E-1 5.45223E-1 5.27634E-1 5.31637E-1 5.33279E-1 5.29363E-1 5.28389E-1 5.48463E-1 5.38567E-1 5.24964E-1
3.10787E-1 3.24513E-1 3.33806E-1 3.52769E-1 3.80612E-1 4.16083E-1 4.89673E-1 4.99462E-1 4.92109E-1 4.96198E-1 5.17003E-1 4.89591E-1 5.16444E-1 5.38974E-1 5.50313E-1 5.66701E-1 5.601E-1 5.41777E-1 5.53965E-1 5.37166E-1 5.46271E-1 5.56017E-1 5.80586E-1 6.18114E-1 6.22565E-1 6.31617E-1 7.1674E-1 5.64753E-1 5.51705E-1 5.36863E-1 5.33757E-1 5.45511E-1 5.62676E-1 5.68719E-1 5.66196E-1 5.75143E-1 5.92093E-1 5.86541E-1 5.89806E-1 5.55341E-1 5.5513E-1 5.59913E-1 5.87094E-1 6.06101E-1 5.98957E-1 6.19739E-1 6.55794E-1 6.75448E-1 6.73472E-1 6.2286E-1 5.86082E-1 5.85473E-1 5.53852E-1 5.30181E-1 5.39068E-1 5.59924E-1 5.64528E-1 5.74696E-1 5.93015E-1 5.82008E-1 5.65247E-1
3.30697E-1 3.66127E-1 3.93132E-1 4.35653E-1 4.6792E-1 4.81974E-1 4.841E-1 4.94974E-1 5.48692E-1 5.34247E-1 5.26261E-1 4.97886E-1 5.08982E-1 5.23683E-1 5.63325E-1 5.68601E-1 5.6622E-1 5.49386E-1 5.60256E-1 5.61454E-1 5.66174E-1 5.62616E-1 6.05857E-1 6.39542E-1 5.95078E-1 5.63053E-1 6.06989E-1 5.52912E-1 5.4412E-1 5.25159E-1 5.26314E-1 5.49249E-1 5.72106E-1 5.6369E-1 5.86465E-1 6.06929E-1 6.24103E-1 6.38056E-1 6.26368E-1 6.23455E-1 6.2232E-1 6.33561E-1 6.71476E-1 6.50929E-1 6.23296E-1 6.58534E-1 6.9173E-1 6.79569E-1 6.7046E-1 6.788E-1 6.27219E-1 5.9865E-1 5.54333E-1 5.47478E-1 5.66024E-1 5.73006E-1 5.8654E-1 6.01629E-1 6.19222E-1 6.18876E-1 6.05987E-1
3.59238E-1 4.09133E-1 4.45879E-1 4.9884E-1 5.2207E-1 5.19468E-1 5.03201E-1 4.91648E-1 5.38269E-1 5.80933E-1 5.72398E-1 5.00167E-1 5.03727E-1 5.39882E-1 5.55502E-1 5.51936E-1 5.50462E-1 5.58313E-1 5.40693E-1 5.58517E-1 5.59987E-1 5.82846E-1 6.13982E-1 7.05444E-1 6.03211E-1 5.65104E-1 5.89003E-1 5.74824E-1 5.69799E-1 5.4451E-1 5.51729E-1 5.58076E-1 5.65861E-1 5.67014E-1 6.16812E-1 6.32399E-1 6.58426E-1 6.78928E-1 6.79566E-1 6.95027E-1 6.91725E-1 6.87391E-1 7.05908E-1 6.81015E-1 6.13958E-1 6.42694E-1 6.91173E-1 6.81687E-1 6.52294E-1 6.77819E-1 6.90105E-1 6.231E-1 5.68932E-1 5.90959E-1 6.42139E-1 6.52903E-1 6.81715E-1 6.19687E-1 6.56117E-1 6.57659E-1 6.69143E-1
3.70065E-1 4.03224E-1 4.33565E-1 4.65108E-1 4.91168E-1 5.10638E-1 4.92851E-1 4.95378E-1 5.18286E-1 5.33461E-1 5.68468E-1 5.2235E-1 5.07445E-1 5.37683E-1 5.3339E-1 5.38231E-1 5.41554E-1 5.80866E-1 5.3125E-1 5.33071E-1 5.51705E-1 5.90544E-1 6.33536E-1 6.66407E-1 6.85707E-1 6.27326E-1 6.18471E-1 6.07262E-1 5.88271E-1 5.75879E-1 5.91769E-1 6.11933E-1 6.22446E-1 6.07065E-1 6.51195E-1 6.59848E-1 6.91765E-1 7.50586E-1 7.0787E-1 7.06848E-1 7.0687E-1 7.02118E-1 6.92541E-1 6.55594E-1 6.1562E-1 6.15347E-1 6.59802E-1 6.49915E-1 6.47132E-1 6.47053E-1 6.42836E-1 6.39769E-1 6.46082E-1 7.49831E-1 8.13502E-1 7.65575E-1 7.82219E-1 7.96027E-1 7.95379E-1 7.45708E-1 7.49111E-1
4.01682E-1 4.39936E-1 4.76385E-1 4.85906E-1 5.03799E-1 5.2293E-1 4.84196E-1 4.93862E-1 5.13756E-1 4.92891E-1 4.76428E-1 5.06469E-1 4.92696E-1 4.98595E-1 4.92994E-1 5.21105E-1 5.2747E-1 5.02313E-1 5.02295E-1 5.15715E-1 5.38908E-1 5.47199E-1 6.21119E-1 6.91742E-1 7.09399E-1 7.13535E-1 6.82557E-1 6.29384E-1 6.10498E-1 6.33666E-1 6.48848E-1 6.63867E-1 7.24367E-1 7.00225E-1 6.97791E-1 7.12299E-1 7.48925E-1 7.34858E-1 6.91817E-1 7.28754E-1 7.30283E-1 7.00363E-1 6.62794E-1 6.17618E-1 5.77591E-1 5.73143E-1 5.93745E-1 6.48396E-1 6.4506E-1 6.432E-1 6.3371E-1 6.52481E-1 6.75815E-1 6.9754E-1 7.88147E-1 8.48841E-1 8.03845E-1 8.28428E-1 8.21903E-1 8.28592E-1 8.18636E-1
4.26176E-1 4.62058E-1 4.61369E-1 4.84459E-1 4.66106E-1 4.73235E-1 5.01984E-1 5.42258E-1 5.24609E-1 4.88906E-1 4.63787E-1 4.7585E-1 4.94629E-1 4.84056E-1 4.9159E-1 5.14097E-1 5.23621E-1 4.96059E-1 5.12097E-1 5.23999E-1 5.45581E-1 5.51632E-1 6.10627E-1 7.09578E-1 7.01294E-1 7.10385E-1 7.17323E-1 6.69132E-1 6.85007E-1 6.68844E-1 6.80778E-1 7.02299E-1 7.10261E-1 7.54228E-1 7.36425E-1 7.17392E-1 7.0784E-1 7.15751E-1 7.26178E-1 7.26566E-1 7.25763E-1 6.80976E-1 6.3434E-1 5.85812E-1 5.53311E-1 5.40767E-1 5.3553E-1 6.08956E-1 6.24577E-1 6.58583E-1 6.41695E-1 6.23598E-1 6.527E-1 7.37612E-1 7.06995E-1 7.59618E-1 8.11789E-1 7.97128E-1 8.01305E-1 8.1311E-1 8.04347E-1
4.62769E-1 4.35368E-1 4.43191E-1 5.04349E-1 5.03435E-1 4.99399E-1 5.36288E-1 5.54232E-1 5.09611E-1 4.74939E-1 4.67977E-1 4.71944E-1 4.81791E-1 4.97937E-1 5.19967E-1 4.92432E-1 4.89461E-1 4.92341E-1 4.97389E-1 5.18775E-1 5.60971E-1 5.79872E-1 6.46712E-1 7.20266E-1 7.37161E-1 7.31203E-1 7.4515E-1 7.32858E-1 7.37533E-1 7.20162E-1 7.32939E-1 7.20707E-1 7.34232E-1 7.30687E-1 7.08296E-1 6.88139E-1 6.85256E-1 6.9366E-1 6.71738E-1 6.79236E-1 6.67628E-1 6.57379E-1 6.44705E-1 6.04438E-1 6.2192E-1 6.0735E-1 5.81009E-1 5.77927E-1 5.8886E-1 6.26801E-1 6.35166E-1 6.09376E-1 6.04132E-1 6.35319E-1 6.61874E-1 7.85611E-1 7.69457E-1 8.03677E-1 7.97753E-1 7.97208E-1 7.83392E-1
4.5888E-1 4.77391E-1 5.08321E-1 5.43368E-1 5.42039E-1 5.90057E-1 5.93162E-1 5.47194E-1 5.16735E-1 5.15563E-1 5.14391E-1 4.95156E-1 5.00156E-1 5.34894E-1 5.24035E-1 5.14517E-1 5.21408E-1 5.08247E-1 5.20171E-1 5.53008E-1 5.56818E-1 5.50561E-1 5.85006E-1 6.36528E-1 6.55911E-1 7.1471E-1 7.3991E-1 7.00505E-1 6.87326E-1 7.16536E-1 7.26038E-1 7.29849E-1 7.31239E-1 -9999 -9999 -9999 -9999 -9999 -9999 6.79365E-1 6.68008E-1 6.65139E-1 6.60289E-1 6.48514E-1 6.57343E-1 6.49279E-1 6.61258E-1 6.39198E-1 6.3122E-1 6.33258E-1 6.35722E-1 6.45475E-1 6.27258E-1 6.42291E-1 6.78323E-1 7.41178E-1 7.61947E-1 7.73388E-1 7.7621E-1 6.79599E-1 7.11826E-1
4.34657E-1 4.6569E-1 4.89713E-1 4.92121E-1 5.27181E-1 6.01254E-1 5.91707E-1 5.40697E-1 5.25365E-1 5.41448E-1 5.13504E-1 5.03972E-1 5.22022E-1 5.41716E-1 5.38807E-1 5.64858E-1 5.6088E-1 5.4713E-1 5.3802E-1 5.46354E-1 5.40755E-1 5.42489E-1 5.34866E-1 5.89276E-1 6.36809E-1 6.97839E-1 7.24528E-1 6.37079E-1 4.65422E-1 4.96909E-1 -9999 -9999 -9999 -9999 -9999 -9999 -9999 -9999 -9999 -9999 -9999 -9999 -9999 -9999 -9999 6.60348E-1 6.60766E-1 -9999 6.63203E-1 6.68087E-1 6.74743E-1 6.89842E-1 6.96344E-1 6.93175E-1 6.94349E-1 7.26706E-1 6.53631E-1 6.73981E-1 6.83892E-1 6.74484E-1 6.56752E-1
4.38093E-1 4.76229E-1 4.90013E-1 4.88907E-1 4.96162E-1 5.3536E-1 5.44596E-1 5.35294E-1 4.95015E-1 5.04216E-1 5.1589E-1 5.25932E-1 5.23308E-1 5.34884E-1 5.54804E-1 5.79812E-1 5.84926E-1 5.72673E-1 5.67146E-1 5.45977E-1 5.7327E-1 5.74112E-1 5.83079E-1 6.42304E-1 6.60827E-1 7.27693E-1 7.13497E-1 4.65664E-1 3.88934E-1 -9999 -9999 -9999 -9999 -9999 -9999 -9999 -9999 -9999 -9999 -9999 -9999 -9999 -9999 -9999 -9999 -9999 -9999 -9999 5.1504E-1 6.94862E-1 7.00436E-1 6.33448E-1 6.76377E-1 6.24857E-1 6.38178E-1 6.16831E-1 5.33025E-1 4.9015E-1 5.18738E-1 4.8397E-1 5.38369E-1
4.23633E-1 4.46904E-1 4.55203E-1 4.44761E-1 4.67422E-1 4.89027E-1 4.89898E-1 4.77091E-1 4.7226E-1 4.91738E-1 5.16596E-1 5.066E-1 5.04107E-1 5.31837E-1 5.5984E-1 5.7589E-1 5.91156E-1 5.9964E-1 5.97079E-1 5.98099E-1 6.28483E-1 6.1819E-1 6.49099E-1 6.85539E-1 7.03281E-1 7.18076E-1 4.23781E-1 -9999 -9999 -9999 -9999 -9999 -9999 -9999 -9999 -9999 -9999 -9999 -9999 -9999 -9999 -9999 -9999 -9999 -9999 -9999 -9999 -9999 -9999 -9999 -9999 5.75721E-1 5.35518E-1 3.93863E-1 3.62239E-1 5.69238E-1 5.52751E-1 -9999 -9999 -9999 5.5839E-1
4.18054E-1 4.21594E-1 4.07699E-1 4.07347E-1 4.3134E-1 4.57273E-1 4.77453E-1 4.86597E-1 4.86039E-1 4.89986E-1 4.95157E-1 5.09622E-1 5.03899E-1 5.28718E-1 5.49187E-1 5.79868E-1 5.88939E-1 6.25073E-1 6.3632E-1 6.52066E-1 6.67937E-1 6.59757E-1 6.83355E-1 7.08161E-1 7.19374E-1 6.30717E-1 -9999 -9999 -9999 -9999 -9999 -9999 -9999 -9999 -9999 -9999 -9999 -9999 -9999 -9999 -9999 -9999 -9999 -9999 -9999 -9999 -9999 -9999 -9999 -9999 -9999 -9999 -9999 -9999 -9999 -9999 -9999 -9999 -9999 -9999 5.32658E-1
4.00631E-1 4.01583E-1 3.94775E-1 3.90401E-1 4.01919E-1 4.2846E-1 4.44543E-1 4.81685E-1 4.8894E-1 5.15E-1 5.18064E-1 5.20352E-1 5.18695E-1 5.45537E-1 5.93887E-1 5.99055E-1 6.08634E-1 6.72734E-1 6.73722E-1 6.89444E-1 7.15433E-1 7.03413E-1 7.09362E-1 7.12298E-1 -9999 -9999 -9999 -9999 -9999 -9999 -9999 -9999 -9999 -9999 -9999 -9999 -9999 -9999 -9999 -9999 -9999 -9999 -9999 -9999 -9999 -9999 -9999 -9999 -9999 -9999 -9999 -9999 -9999 -9999 -9999 -9999 -9999 -9999 -9999 -9999 -9999
3.90608E-1 3.83982E-1 3.71542E-1 3.56031E-1 3.58926E-1 4.07453E-1 4.5361E-1 4.92835E-1 5.08663E-1 5.37815E-1 5.49841E-1 5.47804E-1 5.23205E-1 5.31459E-1 5.91972E-1 6.45794E-1 6.47357E-1 6.93598E-1 7.12232E-1 6.42287E-1 6.55452E-1 5.77511E-1 4.97736E-1 -9999 -9999 -9999 -9999 -9999 -9999 -9999 -9999 -9999 -9999 -9999 -9999 -9999 -9999 -9999 -9999 -9999 -9999 -9999 -9999 -9999 -9999 -9999 -9999 -9999 -9999 -9999 -9999 -9999 -9999 -9999 -9999 -9999 -9999 -9999 -9999 -9999 -9999
3.48687E-1 3.4774E-1 3.32431E-1 3.22058E-1 3.34697E-1 3.80005E-1 4.39896E-1 5.01137E-1 5.21282E-1 5.51031E-1 5.69827E-1 5.84397E-1 5.82201E-1 5.92074E-1 6.27951E-1 6.69468E-1 7.11365E-1 7.02875E-1 6.70562E-1 4.09652E-1 -9999 -9999 -9999 -9999 -9999 -9999 -9999 -9999 -9999 -9999 -9999 -9999 -9999 -9999 -9999 -9999 -9999 -9999 -9999 -9999 -9999 -9999 -9999 -9999 -9999 -9999 -9999 -9999 -9999 -9999 -9999 -9999 -9999 -9999 -9999 -9999 -9999 -9999 -9999 -9999 -9999
3.25006E-1 3.23764E-1 3.22871E-1 3.24335E-1 3.33844E-1 3.83443E-1 4.42135E-1 4.82052E-1 5.27025E-1 5.71835E-1 5.63804E-1 6.06579E-1 6.18944E-1 6.52676E-1 6.87524E-1 7.1414E-1 6.76327E-1 5.30075E-1 5.95484E-1 -9999 -9999 -9999 -9999 -9999 -9999 -9999 -9999 -9999 -9999 -9999 -9999 -9999 -9999 -9999 -9999 -9999 -9999 -9999 -9999 -9999 -9999 -9999 -9999 -9999 -9999 -9999 -9999 -9999 -9999 -9999 -9999 -9999 -9999 -9999 -9999 -9999 -9999 -9999 -9999 -9999 -9999
3.14086E-1 3.09863E-1 3.08829E-1 3.17806E-1 3.45324E-1 4.03155E-1 4.45468E-1 4.74633E-1 5.18602E-1 6.19493E-1 5.80704E-1 6.28497E-1 6.68792E-1 7.02088E-1 6.91703E-1 6.13557E-1 6.01625E-1 -9999 -9999 -9999 -9999 -9999 -9999 -9999 -9999 -9999 -9999 -9999 -9999 -9999 -9999 -9999 -9999 -9999 -9999 -9999 -9999 -9999 -9999 -9999 -9999 -9999 -9999 -9999 -9999 -9999 -9999 -9999 -9999 -9999 -9999 -9999 -9999 -9999 -9999 -9999 -9999 -9999 -9999 -9999 -9999
3.09546E-1 3.07625E-1 3.10258E-1 3.20973E-1 3.6145E-1 4.03025E-1 4.32352E-1 4.84703E-1 5.23018E-1 5.54436E-1 6.09158E-1 7.03545E-1 7.27792E-1 7.37743E-1 6.5407E-1 5.65737E-1 -9999 -9999 -9999 -9999 -9999 -9999 -9999 -9999 -9999 -9999 -9999 -9999 -9999 -9999 -9999 -9999 -9999 -9999 -9999 -9999 -9999 -9999 -9999 -9999 -9999 -9999 -9999 -9999 -9999 -9999 -9999 -9999 -9999 -9999 -9999 -9999 -9999 -9999 -9999 -9999 -9999 -9999 -9999 -9999 -9999
3.19457E-1 3.18336E-1 3.31E-1 3.47315E-1 3.76971E-1 4.07131E-1 4.32116E-1 4.69861E-1 5.16399E-1 5.36211E-1 6.00162E-1 6.8136E-1 7.58979E-1 6.20676E-1 5.16027E-1 -9999 -9999 -9999 -9999 -9999 -9999 -9999 -9999 -9999 -9999 -9999 -9999 -9999 -9999 -9999 -9999 -9999 -9999 -9999 -9999 -9999 -9999 -9999 -9999 -9999 -9999 -9999 -9999 -9999 -9999 -9999 -9999 -9999 -9999 -9999 -9999 -9999 -9999 -9999 -9999 -9999 -9999 -9999 -9999 -9999 -9999
3.29714E-1 3.31914E-1 3.51818E-1 3.7815E-1 3.87564E-1 4.07592E-1 4.3068E-1 4.67219E-1 5.11752E-1 5.48126E-1 5.90533E-1 6.69375E-1 7.31069E-1 6.37797E-1 -9999 -9999 -9999 -9999 -9999 -9999 -9999 -9999 -9999 -9999 -9999 -9999 -9999 -9999 -9999 -9999 -9999 -9999 -9999 -9999 -9999 -9999 -9999 -9999 -9999 -9999 -9999 -9999 -9999 -9999 -9999 -9999 -9999 -9999 -9999 -9999 -9999 -9999 -9999 -9999 -9999 -9999 -9999 -9999 -9999 -9999 -9999
3.2422E-1 3.29829E-1 3.58539E-1 3.69122E-1 3.81063E-1 4.02973E-1 4.32218E-1 4.61174E-1 4.98819E-1 5.38167E-1 5.90275E-1 6.84275E-1 7.36657E-1 6.60771E-1 -9999 -9999 -9999 -9999 -9999 -9999 -9999 -9999 -9999 -9999 -9999 -9999 -9999 -9999 -9999 -9999 -9999 -9999 -9999 -9999 -9999 -9999 -9999 -9999 -9999 -9999 -9999 -9999 -9999 -9999 -9999 -9999 -9999 -9999 -9999 -9999 -9999 -9999 -9999 -9999 -9999 -9999 -9999 -9999 -9999 -9999 -9999
3.1375E-1 3.30511E-1 3.57916E-1 3.77603E-1 3.64232E-1 3.79364E-1 4.01287E-1 4.2538E-1 4.92308E-1 5.24711E-1 5.91123E-1 6.88625E-1 7.37935E-1 -9999 -9999 -9999 -9999 -9999 -9999 -9999 -9999 -9999 -9999 -9999 -9999 -9999 -9999 -9999 -9999 -9999 -9999 -9999 -9999 -9999 -9999 -9999 -9999 -9999 -9999 -9999 -9999 -9999 -9999 -9999 -9999 -9999 -9999 -9999 -9999 -9999 -9999 -9999 -9999 -9999 -9999 -9999 -9999 -9999 -9999 -9999 -9999
2.97483E-1 3.02986E-1 3.43466E-1 3.84223E-1 3.66575E-1 3.73807E-1 3.90569E-1 4.5141E-1 4.58511E-1 5.03797E-1 5.7239E-1 6.76131E-1 7.41935E-1 -9999 -9999 -9999 -9999 -9999 -9999 -9999 -9999 -9999 -9999 -9999 -9999 -9999 -9999 -9999 -9999 -9999 -9999 -9999 -9999 -9999 -9999 -9999 -9999 -9999 -9999 -9999 -9999 -9999 -9999 -9999 -9999 -9999 -9999 -9999 -9999 -9999 -9999 -9999 -9999 -9999 -9999 -9999 -9999 -9999 -9999 -9999 -9999
