data/maxent/outputs/white_53.asc
ncols         426
nrows         180
xllcorner     -130.0
yllcorner     24.0
cellsize      0.16666666666666666
NODATA_value  -9999
[rows 54 to 80 of 180, columns 183 to 243 of 426]
1.05918E-4 1.46073E-4 1.91516E-4 1.92411E-4 1.66717E-4 1.35077E-4 1.19217E-4 1.23634E-4 1.44915E-4 2.00138E-4 2.51745E-4 2.51321E-4 2.16054E-4 1.94645E-4 1.23349E-4 1.49483E-4 2.42842E-4 3.36813E-4 4.97268E-4 5.40498E-4 5.06795E-4 4.62856E-4 4.99959E-4 5.54109E-4 5.28279E-4 4.79548E-4 4.25036E-4 4.04226E-4 3.7924E-4 4.31498E-4 5.17575E-4 5.0574E-4 4.63128E-4 5.28314E-4 6.80118E-4 8.97332E-4 1.16818E-3 1.3705E-3 1.31118E-3 9.70858E-4 1.07338E-3 7.32286E-4 5.82425E-4 4.95555E-4 6.49428E-4 7.75856E-4 7.11326E-4 6.021E-4 6.96119E-4 5.57839E-4 4.95294E-4 4.07093E-4 3.92695E-4 4.01064E-4 4.00715E-4 4.11094E-4 4.73041E-4 4.91762E-4 6.81387E-4 8.85469E-4 6.48124E-4
1.18935E-4 1.32202E-4 1.5136E-4 1.61899E-4 1.55492E-4 1.72059E-4 1.52557E-4 1.58827E-4 1.75705E-4 2.1863E-4 2.73206E-4 3.03582E-4 2.44567E-4 1.90441E-4 1.56883E-4 1.66057E-4 2.51356E-4 3.35756E-4 5.72716E-4 6.74691E-4 5.98573E-4 5.84206E-4 5.94812E-4 6.42706E-4 6.87026E-4 5.48102E-4 4.63374E-4 3.93453E-4 4.30011E-4 5.00695E-4 5.41433E-4 5.37859E-4 5.38577E-4 6.11983E-4 6.35343E-4 8.00981E-4 1.05128E-3 1.24195E-3 1.03944E-3 1.11789E-3 1.15205E-3 9.27253E-4 8.15651E-4 7.47892E-4 9.57214E-4 1.08332E-3 1.04423E-3 1.01075E-3 8.91523E-4 6.55983E-4 6.80159E-4 6.94636E-4 5.65638E-4 5.04725E-4 4.6671E-4 5.2337E-4 5.81822E-4 7.76725E-4 1.0824E-3 1.14419E-3 1.11752E-3
2.01564E-4 2.11316E-4 2.4294E-4 2.11695E-4 2.65079E-4 2.2884E-4 2.26646E-4 1.82941E-4 2.19271E-4 2.33648E-4 2.97765E-4 3.15775E-4 3.15228E-4 2.82218E-4 2.95383E-4 1.99856E-4 2.24347E-4 2.81659E-4 4.11977E-4 5.90319E-4 7.26519E-4 7.42956E-4 7.37906E-4 7.21279E-4 6.88225E-4 6.40107E-4 6.60888E-4 6.00399E-4 5.40701E-4 5.57658E-4 5.55176E-4 5.94817E-4 6.27079E-4 7.25585E-4 6.445E-4 7.50644E-4 8.45756E-4 9.10218E-4 9.88787E-4 1.1072E-3 1.20784E-3 1.50478E-3 1.61451E-3 1.28789E-3 1.46528E-3 1.51054E-3 1.3581E-3 1.15559E-3 9.33307E-4 6.82114E-4 6.68875E-4 6.07041E-4 6.72708E-4 5.31422E-4 4.98237E-4 5.71662E-4 6.52067E-4 8.30617E-4 1.07655E-3 1.44437E-3 1.28398E-3
1.90048E-4 1.85965E-4 2.36491E-4 2.73443E-4 3.47274E-4 3.42393E-4 2.75669E-4 2.85976E-4 2.99112E-4 3.09868E-4 3.68338E-4 4.56384E-4 4.57446E-4 3.98289E-4 2.96054E-4 1.73942E-4 1.53448E-4 1.92849E-4 2.92168E-4 3.81362E-4 5.37278E-4 7.54038E-4 9.07228E-4 8.16369E-4 7.61163E-4 7.41463E-4 6.66543E-4 6.43593E-4 6.96263E-4 7.21423E-4 6.60219E-4 6.37739E-4 5.90369E-4 7.37028E-4 6.67955E-4 7.36918E-4 8.95861E-4 9.79809E-4 1.04271E-3 1.09954E-3 1.01566E-3 1.02001E-3 1.18757E-3 1.6872E-3 1.91807E-3 1.74703E-3 1.5363E-3 1.38644E-3 1.06748E-3 8.47107E-4 7.84319E-4 7.49103E-4 9.96394E-4 9.17828E-4 7.90835E-4 7.6755E-4 1.01992E-3 1.33543E-3 1.65055E-3 1.38959E-3 1.44235E-3
1.41936E-4 1.60874E-4 1.6492E-4 2.57823E-4 3.44394E-4 5.03201E-4 4.11468E-4 3.91817E-4 3.68241E-4 3.46959E-4 4.33502E-4 5.82044E-4 7.74527E-4 5.11438E-4 4.04065E-4 1.9677E-4 1.44068E-4 1.79339E-4 2.36076E-4 3.26388E-4 4.62097E-4 6.11727E-4 7.38371E-4 8.15929E-4 8.46672E-4 8.18618E-4 8.05912E-4 7.72845E-4 7.75271E-4 7.41881E-4 7.94818E-4 8.52288E-4 8.02084E-4 8.33337E-4 8.25772E-4 8.52796E-4 9.48643E-4 1.01978E-3 8.81401E-4 8.75884E-4 1.04929E-3 1.12738E-3 1.30943E-3 1.49314E-3 1.54091E-3 2.06298E-3 1.68354E-3 1.60079E-3 1.27265E-3 1.17563E-3 1.12651E-3 1.14054E-3 1.25497E-3 1.38636E-3 1.18487E-3 1.27863E-3 1.81299E-3 2.13613E-3 1.71893E-3 1.3622E-3 1.49613E-3
3.06694E-4 2.05273E-4 1.79172E-4 2.26814E-4 2.81191E-4 7.37094E-4 5.67812E-4 5.22E-4 5.13405E-4 4.74747E-4 5.76873E-4 5.77093E-4 6.18919E-4 6.50388E-4 5.77623E-4 3.82159E-4 2.6269E-4 2.38423E-4 2.5156E-4 2.82397E-4 4.15171E-4 5.79925E-4 7.29886E-4 7.28727E-4 7.83278E-4 8.12886E-4 8.85301E-4 9.16953E-4 8.86567E-4 9.0186E-4 8.4094E-4 8.34622E-4 9.8993E-4 8.48662E-4 8.0001E-4 7.88955E-4 8.75984E-4 9.25966E-4 8.62148E-4 8.08838E-4 1.0072E-3 1.20149E-3 1.33916E-3 1.21963E-3 1.46771E-3 1.62286E-3 2.02487E-3 2.44268E-3 1.99962E-3 1.84624E-3 1.8973E-3 1.5894E-3 1.48713E-3 1.74077E-3 1.83742E-3 2.05635E-3 2.66678E-3 2.48948E-3 2.07908E-3 1.9959E-3 2.23108E-3
5.0209E-4 4.62146E-4 3.33643E-4 3.27879E-4 4.99857E-4 7.09982E-4 8.70982E-4 8.05769E-4 7.1406E-4 6.06025E-4 6.20807E-4 6.58371E-4 6.92395E-4 7.92304E-4 8.19739E-4 6.19272E-4 4.9954E-4 4.10895E-4 3.57442E-4 3.77729E-4 4.801E-4 5.68922E-4 6.93752E-4 6.67185E-4 7.40993E-4 7.47329E-4 8.57307E-4 8.99434E-4 9.95934E-4 1.0459E-3 9.72927E-4 9.67632E-4 9.89443E-4 8.709E-4 8.04272E-4 7.71803E-4 8.22833E-4 8.40544E-4 8.06812E-4 7.73599E-4 8.70916E-4 1.08539E-3 1.17794E-3 1.29774E-3 1.32677E-3 1.39157E-3 1.5435E-3 2.0922E-3 2.96413E-3 3.32187E-3 2.58675E-3 2.12904E-3 1.83718E-3 1.62605E-3 1.9787E-3 2.59731E-3 3.15655E-3 3.27096E-3 2.85411E-3 2.77883E-3 3.6667E-3
1.27124E-3 7.25261E-4 6.17638E-4 5.5363E-4 7.43138E-4 8.99775E-4 1.31588E-3 1.26939E-3 1.20911E-3 8.41993E-4 7.0907E-4 8.63433E-4 8.16523E-4 8.28683E-4 8.53777E-4 7.47008E-4 7.26898E-4 6.07429E-4 5.12737E-4 5.74092E-4 6.13098E-4 6.20908E-4 6.7044E-4 7.11966E-4 7.78265E-4 9.32005E-4 9.45142E-4 8.65098E-4 1.05121E-3 1.16472E-3 1.31751E-3 1.1414E-3 1.10028E-3 9.27509E-4 8.68605E-4 9.16384E-4 9.03649E-4 9.32736E-4 9.60043E-4 1.08873E-3 8.65617E-4 8.66217E-4 1.11041E-3 1.4181E-3 1.68423E-3 1.82627E-3 2.01278E-3 2.75694E-3 2.90864E-3 4.79762E-3 2.96151E-3 1.86819E-3 1.71912E-3 2.11281E-3 2.00204E-3 2.53977E-3 3.22108E-3 3.65589E-3 3.28257E-3 3.62447E-3 4.73471E-3
2.8044E-3 2.27862E-3 1.46279E-3 1.10749E-3 1.17653E-3 1.41412E-3 1.8142E-3 2.17801E-3 1.80268E-3 1.20611E-3 9.61142E-4 1.0728E-3 1.21747E-3 1.24911E-3 1.18267E-3 1.10992E-3 1.13633E-3 9.53931E-4 7.51241E-4 7.53195E-4 7.55703E-4 7.35323E-4 7.29551E-4 8.13664E-4 8.8611E-4 9.12762E-4 9.78634E-4 9.38812E-4 1.03543E-3 1.32236E-3 1.59278E-3 1.34506E-3 1.22489E-3 1.05433E-3 1.13282E-3 1.06238E-3 1.18984E-3 1.31425E-3 1.22764E-3 1.40562E-3 1.17998E-3 9.73172E-4 1.12189E-3 1.41222E-3 1.64105E-3 1.5779E-3 1.66118E-3 2.00768E-3 3.10682E-3 6.20967E-3 3.96569E-3 1.69569E-3 2.1446E-3 2.90245E-3 2.73145E-3 2.92056E-3 3.71349E-3 3.67478E-3 3.71793E-3 4.51278E-3 5.42315E-3
4.04397E-3 5.6786E-3 3.90883E-3 2.66563E-3 1.82251E-3 2.18864E-3 2.40523E-3 2.51045E-3 2.53439E-3 2.10975E-3 1.30754E-3 1.32491E-3 1.46107E-3 1.54581E-3 1.46896E-3 1.23085E-3 1.13845E-3 8.67434E-4 8.17812E-4 9.41879E-4 9.80679E-4 9.64012E-4 9.12602E-4 9.22538E-4 1.01679E-3 1.18069E-3 1.2858E-3 1.00406E-3 1.23378E-3 1.37793E-3 1.51306E-3 1.50029E-3 1.31646E-3 1.26321E-3 1.22823E-3 1.26354E-3 1.32866E-3 1.51337E-3 1.5759E-3 1.77685E-3 1.64087E-3 1.53145E-3 1.4344E-3 1.39367E-3 1.77194E-3 2.13809E-3 2.46628E-3 3.616E-3 5.14812E-3 9.08506E-3 6.36891E-3 3.46694E-3 3.55139E-3 3.66256E-3 4.09183E-3 4.14138E-3 4.24963E-3 4.54747E-3 4.51052E-3 5.08392E-3 5.36897E-3
4.83246E-3 4.34334E-3 5.59041E-3 5.69402E-3 3.72794E-3 3.7969E-3 4.65942E-3 4.23199E-3 3.89675E-3 3.60503E-3 1.98556E-3 1.27831E-3 1.59656E-3 1.91332E-3 1.73079E-3 1.53644E-3 1.21868E-3 8.44989E-4 1.16354E-3 1.44129E-3 1.43803E-3 1.42988E-3 1.23573E-3 1.19997E-3 1.30919E-3 1.18851E-3 1.23564E-3 1.31768E-3 1.61313E-3 1.63548E-3 1.66226E-3 1.60724E-3 1.46258E-3 1.51111E-3 1.51058E-3 1.53244E-3 1.61954E-3 1.85447E-3 2.02365E-3 2.00988E-3 2.20298E-3 2.16778E-3 1.94054E-3 2.0505E-3 2.32934E-3 2.58518E-3 3.2393E-3 3.25434E-3 4.54624E-3 7.15992E-3 8.64364E-3 5.66569E-3 5.08932E-3 5.87357E-3 5.82455E-3 5.91378E-3 5.61525E-3 5.9888E-3 5.26424E-3 5.27799E-3 5.08803E-3
4.83871E-3 4.86986E-3 4.31548E-3 4.13698E-3 6.00573E-3 6.90322E-3 7.70255E-3 6.77593E-3 4.69655E-3 4.16179E-3 3.42012E-3 2.35734E-3 1.94816E-3 1.89664E-3 1.98722E-3 1.85216E-3 1.49192E-3 1.41642E-3 1.85759E-3 2.04145E-3 1.99444E-3 1.86035E-3 1.62082E-3 1.42445E-3 1.5847E-3 1.54709E-3 1.57874E-3 1.66722E-3 1.98681E-3 1.98104E-3 1.70642E-3 1.67583E-3 1.5851E-3 1.69019E-3 1.87874E-3 1.80272E-3 2.04272E-3 2.08391E-3 2.2983E-3 2.35296E-3 2.33434E-3 2.45162E-3 2.54627E-3 2.68036E-3 3.04454E-3 3.38139E-3 3.62277E-3 3.75872E-3 4.51034E-3 7.41697E-3 7.4469E-3 7.33868E-3 6.1424E-3 5.57683E-3 5.97824E-3 6.60117E-3 7.00844E-3 6.55271E-3 6.55793E-3 6.04244E-3 9.89414E-3
5.46732E-3 5.32584E-3 4.10738E-3 3.86839E-3 3.87905E-3 5.86995E-3 8.64855E-3 7.83408E-3 5.99647E-3 5.35656E-3 6.31989E-3 5.39362E-3 3.50185E-3 2.39784E-3 1.92078E-3 1.97298E-3 1.85981E-3 2.32913E-3 2.35492E-3 2.32719E-3 2.42436E-3 2.05878E-3 1.85321E-3 1.74151E-3 1.85124E-3 1.74888E-3 1.79354E-3 1.81716E-3 2.0362E-3 1.9992E-3 1.85042E-3 1.75554E-3 1.67698E-3 1.73492E-3 1.74563E-3 2.07358E-3 2.17253E-3 2.43322E-3 2.67648E-3 2.84887E-3 2.83274E-3 2.87525E-3 3.19833E-3 3.42473E-3 3.34612E-3 3.4619E-3 4.28872E-3 5.19971E-3 5.31463E-3 6.27881E-3 7.61237E-3 5.08138E-3 4.75993E-3 4.5358E-3 5.15163E-3 6.05634E-3 6.17891E-3 6.58949E-3 6.15623E-3 6.3339E-3 6.43972E-3
7.63027E-3 6.03864E-3 5.45567E-3 4.53435E-3 5.2009E-3 5.90414E-3 7.26066E-3 7.24256E-3 5.67324E-3 6.6487E-3 6.11502E-3 6.12121E-3 4.94291E-3 3.96837E-3 3.43714E-3 2.5561E-3 3.04344E-3 3.55889E-3 2.89664E-3 2.8746E-3 2.77489E-3 2.5546E-3 2.29002E-3 2.26278E-3 1.91738E-3 2.07988E-3 2.16715E-3 2.28734E-3 2.19962E-3 2.20042E-3 2.14632E-3 1.99121E-3 2.03746E-3 2.35171E-3 2.19019E-3 2.36947E-3 2.59831E-3 3.29428E-3 3.36634E-3 3.56725E-3 3.79023E-3 4.01337E-3 4.4244E-3 4.22345E-3 4.4296E-3 4.02889E-3 3.59612E-3 5.10365E-3 6.3934E-3 7.53978E-3 8.81469E-3 7.76638E-3 6.80207E-3 6.72441E-3 6.12561E-3 7.23909E-3 7.49219E-3 7.93014E-3 7.4248E-3 7.6795E-3 7.98122E-3
7.14716E-3 6.31942E-3 4.99944E-3 4.33936E-3 5.2061E-3 5.65383E-3 5.81251E-3 6.392E-3 6.07793E-3 6.95677E-3 5.8245E-3 4.64021E-3 5.25662E-3 4.49617E-3 3.54123E-3 3.55025E-3 4.8434E-3 4.84029E-3 4.46401E-3 3.47235E-3 3.19547E-3 3.44849E-3 3.71182E-3 3.3501E-3 2.44359E-3 2.28034E-3 2.47389E-3 2.77502E-3 2.7739E-3 2.75104E-3 2.79826E-3 2.90494E-3 3.15302E-3 3.32058E-3 2.99897E-3 2.9568E-3 3.2017E-3 3.68782E-3 3.84953E-3 3.9864E-3 4.36804E-3 4.66892E-3 5.41914E-3 4.82854E-3 5.06309E-3 5.08018E-3 4.49162E-3 5.18499E-3 5.58554E-3 6.73469E-3 7.03179E-3 8.88304E-3 1.24778E-2 1.04218E-2 8.61144E-3 8.61191E-3 8.91894E-3 9.1386E-3 9.12196E-3 8.75923E-3 1.08458E-2
6.29799E-3 6.33624E-3 6.37234E-3 5.71733E-3 5.40163E-3 5.33285E-3 5.6222E-3 6.26812E-3 6.12824E-3 6.12169E-3 6.05713E-3 4.65512E-3 5.09663E-3 5.43359E-3 4.57493E-3 4.25636E-3 5.32812E-3 6.51742E-3 6.95031E-3 5.0753E-3 5.0928E-3 4.85654E-3 5.04553E-3 4.41536E-3 3.79924E-3 3.31064E-3 3.66365E-3 4.31246E-3 3.95989E-3 3.77114E-3 3.87315E-3 4.45979E-3 5.30207E-3 4.70974E-3 4.17326E-3 3.77396E-3 4.01563E-3 4.4642E-3 4.82185E-3 4.65299E-3 4.6564E-3 5.05564E-3 5.91465E-3 6.58013E-3 6.67364E-3 6.84737E-3 7.28264E-3 6.89017E-3 7.68939E-3 8.88598E-3 9.37968E-3 1.02353E-2 1.27741E-2 1.53341E-2 1.41209E-2 1.29115E-2 1.23281E-2 1.09394E-2 1.17053E-2 1.14232E-2 1.19814E-2
5.1062E-3 5.30098E-3 5.15499E-3 5.91868E-3 5.75103E-3 5.24453E-3 5.54816E-3 5.24899E-3 5.51362E-3 5.98729E-3 7.09532E-3 7.18641E-3 6.00502E-3 7.49425E-3 7.01047E-3 5.91962E-3 5.35949E-3 6.31976E-3 1.05423E-2 8.73559E-3 7.52301E-3 9.2599E-3 7.16068E-3 6.69366E-3 5.58245E-3 4.8631E-3 5.51659E-3 6.39167E-3 6.49005E-3 6.11168E-3 6.02984E-3 5.37443E-3 5.55531E-3 6.54175E-3 5.25247E-3 5.07688E-3 4.70085E-3 5.13591E-3 5.82924E-3 5.82252E-3 5.90411E-3 6.25052E-3 7.28734E-3 8.2158E-3 9.17661E-3 9.77736E-3 1.00248E-2 9.77013E-3 9.88545E-3 1.05037E-2 1.30175E-2 1.4859E-2 1.45737E-2 1.43175E-2 1.7574E-2 1.78232E-2 1.72347E-2 1.57388E-2 1.49901E-2 1.65299E-2 1.70197E-2
4.30738E-3 4.70293E-3 5.32052E-3 5.28184E-3 5.56487E-3 5.17803E-3 4.87051E-3 5.19958E-3 5.65684E-3 6.59041E-3 6.93424E-3 7.72777E-3 8.27064E-3 8.44157E-3 8.17188E-3 7.54161E-3 7.6577E-3 7.51974E-3 9.33169E-3 1.20942E-2 1.12414E-2 1.30282E-2 1.06286E-2 9.63354E-3 9.19492E-3 7.96968E-3 6.11502E-3 7.44999E-3 8.38231E-3 8.51536E-3 8.53244E-3 7.19555E-3 6.44465E-3 8.42843E-3 6.78317E-3 7.22018E-3 6.73551E-3 6.57088E-3 7.12251E-3 8.79403E-3 7.95621E-3 8.21529E-3 9.27574E-3 1.02996E-2 1.14306E-2 1.29563E-2 1.45083E-2 1.34195E-2 1.28248E-2 1.50096E-2 1.54831E-2 1.67168E-2 1.82815E-2 1.85843E-2 1.92652E-2 2.244E-2 2.50579E-2 1.93837E-2 1.93416E-2 2.00492E-2 2.31228E-2
5.12014E-3 5.11994E-3 5.24049E-3 4.97135E-3 4.86779E-3 4.53174E-3 4.43303E-3 4.35241E-3 5.10044E-3 5.21235E-3 6.06646E-3 7.06777E-3 8.27307E-3 9.88252E-3 9.87834E-3 1.008E-2 1.01966E-2 9.77114E-3 1.00324E-2 1.27875E-2 1.40545E-2 1.51829E-2 1.30503E-2 1.32698E-2 1.23714E-2 9.82996E-3 8.44692E-3 8.9405E-3 1.01204E-2 1.03066E-2 1.04773E-2 9.97712E-3 8.21819E-3 9.36303E-3 9.05673E-3 1.04911E-2 1.02585E-2 9.62375E-3 9.66956E-3 9.85658E-3 9.84704E-3 1.11069E-2 1.23747E-2 1.33205E-2 1.46863E-2 1.56005E-2 1.78677E-2 2.1395E-2 2.07358E-2 2.01139E-2 2.01774E-2 2.20011E-2 2.26952E-2 2.16786E-2 2.44759E-2 2.81326E-2 3.40399E-2 2.67949E-2 2.71732E-2 2.73351E-2 3.17157E-2
6.80495E-3 7.7094E-3 6.5622E-3 5.79079E-3 5.58051E-3 4.73491E-3 4.53786E-3 4.38389E-3 4.89633E-3 5.36695E-3 6.56873E-3 7.56358E-3 8.94596E-3 1.06163E-2 1.1527E-2 1.19951E-2 1.26907E-2 1.2017E-2 1.198E-2 1.51557E-2 1.52153E-2 1.62127E-2 1.51641E-2 1.41314E-2 1.27928E-2 1.17359E-2 1.12739E-2 1.12253E-2 1.18751E-2 1.39769E-2 1.43082E-2 1.25812E-2 1.17721E-2 1.23971E-2 1.72971E-2 1.85083E-2 1.81757E-2 1.92416E-2 1.70658E-2 1.40548E-2 1.41586E-2 1.36381E-2 1.41387E-2 1.57502E-2 1.82139E-2 2.07931E-2 2.35863E-2 3.09519E-2 2.8673E-2 3.21203E-2 2.86875E-2 2.93679E-2 3.4393E-2 3.81425E-2 4.24551E-2 4.5088E-2 4.2259E-2 3.97534E-2 3.91298E-2 3.79688E-2 3.60381E-2
6.51278E-3 6.91334E-3 6.0938E-3 6.41403E-3 5.81902E-3 4.95785E-3 4.84139E-3 5.68042E-3 5.96324E-3 7.68489E-3 9.67849E-3 1.10868E-2 1.24702E-2 1.29988E-2 1.37461E-2 1.44535E-2 1.50972E-2 1.55414E-2 1.57567E-2 1.65208E-2 2.01606E-2 1.8399E-2 1.62781E-2 1.51241E-2 1.36742E-2 1.37099E-2 1.35931E-2 1.42144E-2 1.41641E-2 1.64875E-2 1.79287E-2 1.78738E-2 1.85043E-2 2.04557E-2 2.64611E-2 3.39916E-2 3.42489E-2 3.82906E-2 3.63891E-2 2.46763E-2 2.21775E-2 2.01541E-2 1.76576E-2 2.01045E-2 2.36789E-2 2.63596E-2 3.17098E-2 4.07712E-2 4.0714E-2 4.18922E-2 4.8724E-2 4.7857E-2 4.75068E-2 5.59818E-2 6.0998E-2 5.4309E-2 5.01309E-2 4.62049E-2 4.68502E-2 4.39029E-2 3.81579E-2
5.29683E-3 6.99332E-3 6.90423E-3 7.61083E-3 7.28201E-3 6.42364E-3 6.94588E-3 7.50473E-3 1.05356E-2 1.31935E-2 1.56914E-2 1.55916E-2 1.71607E-2 1.73107E-2 1.70499E-2 1.85661E-2 1.81219E-2 1.98932E-2 2.04497E-2 1.8036E-2 2.25502E-2 2.68238E-2 1.97202E-2 1.72287E-2 1.59042E-2 1.567E-2 1.64709E-2 1.63299E-2 1.58353E-2 1.725E-2 1.90587E-2 1.92406E-2 2.16721E-2 2.44135E-2 2.78669E-2 3.26339E-2 5.31169E-2 7.86192E-2 8.57572E-2 5.29741E-2 3.70106E-2 3.17705E-2 2.80328E-2 2.85377E-2 3.29292E-2 3.73843E-2 4.35277E-2 5.076E-2 5.49391E-2 5.8773E-2 6.09875E-2 6.47574E-2 6.38557E-2 6.82411E-2 6.65134E-2 5.97218E-2 5.96031E-2 6.00944E-2 5.66031E-2 4.94571E-2 4.9222E-2
4.70314E-3 6.63842E-3 8.10684E-3 9.16548E-3 7.67105E-3 7.91307E-3 9.47936E-3 1.24362E-2 1.37976E-2 1.55339E-2 1.79828E-2 1.86724E-2 1.8189E-2 1.82869E-2 1.80576E-2 1.81032E-2 1.71515E-2 1.67244E-2 2.0478E-2 2.19616E-2 2.36893E-2 2.97018E-2 2.35447E-2 1.89042E-2 1.88278E-2 1.85303E-2 1.98951E-2 1.96854E-2 2.00662E-2 2.21385E-2 2.19396E-2 2.37009E-2 2.59023E-2 2.81226E-2 2.98097E-2 3.68598E-2 5.47252E-2 8.57638E-2 1.02544E-1 8.36607E-2 5.34736E-2 3.92064E-2 3.7599E-2 3.67707E-2 3.99509E-2 4.57409E-2 4.95208E-2 5.44027E-2 5.99655E-2 6.37438E-2 7.12324E-2 6.87872E-2 7.01339E-2 7.56461E-2 7.41215E-2 6.85006E-2 6.55609E-2 6.39041E-2 6.02647E-2 5.86694E-2 7.73033E-2
4.53398E-3 6.03421E-3 7.19057E-3 7.92469E-3 9.5446E-3 9.91154E-3 1.12516E-2 1.47737E-2 1.99654E-2 2.09248E-2 1.85195E-2 1.91474E-2 1.8305E-2 1.80739E-2 1.68631E-2 1.83056E-2 1.85122E-2 1.76392E-2 1.94996E-2 2.40296E-2 2.53881E-2 2.75625E-2 2.75542E-2 2.23736E-2 2.11941E-2 2.13852E-2 2.27833E-2 2.40958E-2 2.55648E-2 2.46294E-2 2.53713E-2 2.93847E-2 3.02985E-2 3.04059E-2 3.10557E-2 3.58868E-2 4.75612E-2 7.26233E-2 8.658E-2 7.64407E-2 5.31943E-2 4.77419E-2 4.28006E-2 4.21725E-2 4.48458E-2 5.16584E-2 6.21444E-2 6.47225E-2 6.44737E-2 7.44003E-2 8.5563E-2 8.9698E-2 8.56112E-2 8.75027E-2 8.61366E-2 8.02537E-2 8.39343E-2 7.57866E-2 7.47439E-2 7.30623E-2 1.04969E-1
3.82362E-3 5.45265E-3 6.52571E-3 8.25951E-3 8.60322E-3 1.00131E-2 1.49392E-2 1.92268E-2 1.89993E-2 1.92625E-2 1.94244E-2 2.12186E-2 1.97608E-2 1.95369E-2 1.86702E-2 2.07665E-2 2.03019E-2 2.03911E-2 2.04232E-2 2.30092E-2 2.41265E-2 2.6594E-2 3.22328E-2 2.42842E-2 2.33268E-2 2.41309E-2 2.43636E-2 2.70424E-2 2.6376E-2 2.59648E-2 2.78192E-2 3.04787E-2 3.42579E-2 3.37745E-2 3.38052E-2 3.51061E-2 3.84175E-2 5.01589E-2 6.25008E-2 5.83405E-2 5.18023E-2 5.16571E-2 5.34518E-2 5.53749E-2 5.61536E-2 6.48471E-2 7.4601E-2 7.81469E-2 8.28553E-2 8.68896E-2 9.97787E-2 1.03562E-1 1.03759E-1 1.03768E-1 9.83772E-2 9.80377E-2 1.02266E-1 9.33486E-2 9.48005E-2 1.06511E-1 1.31524E-1
4.6617E-3 5.53615E-3 6.27499E-3 7.32821E-3 1.00148E-2 1.29005E-2 1.69612E-2 1.64373E-2 1.75668E-2 1.87537E-2 1.92961E-2 2.15352E-2 2.0468E-2 2.10602E-2 2.02717E-2 2.14805E-2 2.3351E-2 2.63668E-2 2.39786E-2 2.22663E-2 2.45948E-2 2.82197E-2 3.11977E-2 2.83109E-2 2.68853E-2 2.66953E-2 2.7927E-2 3.06703E-2 3.11739E-2 3.18344E-2 3.3692E-2 3.52954E-2 3.66857E-2 4.18305E-2 4.27602E-2 4.39321E-2 4.46109E-2 4.84524E-2 5.33947E-2 5.06171E-2 5.01122E-2 5.37168E-2 5.47833E-2 6.07429E-2 6.97981E-2 7.98742E-2 8.19072E-2 8.31607E-2 9.56558E-2 1.00426E-1 1.156E-1 1.07388E-1 1.06645E-1 1.05422E-1 1.04803E-1 1.08965E-1 1.14561E-1 1.17053E-1 1.23251E-1 1.40515E-1 1.27299E-1
4.80606E-3 4.72885E-3 6.15788E-3 6.91226E-3 8.37835E-3 1.0524E-2 1.44735E-2 1.55375E-2 1.66191E-2 1.73427E-2 1.78523E-2 1.89412E-2 1.95841E-2 2.11356E-2 2.09584E-2 2.18703E-2 2.26087E-2 2.49255E-2 2.74646E-2 2.47196E-2 2.49889E-2 3.01447E-2 3.36167E-2 3.29146E-2 3.01509E-2 2.97227E-2 3.30009E-2 3.50544E-2 3.72301E-2 3.89657E-2 4.24704E-2 4.40788E-2 4.42302E-2 4.90895E-2 5.56733E-2 6.32302E-2 6.61323E-2 7.20518E-2 6.77195E-2 6.64943E-2 7.19908E-2 6.63044E-2 6.54576E-2 6.56348E-2 7.14348E-2 8.40461E-2 9.67542E-2 1.0153E-1 1.08593E-1 1.10744E-1 1.18017E-1 1.16603E-1 1.10991E-1 1.11868E-1 1.19991E-1 1.34547E-1 1.38797E-1 1.48597E-1 1.47176E-1 1.53625E-1 1.40632E-1
