data/maxent/outputs/white_65.asc
ncols         426
nrows         180
xllcorner     -130.0
yllcorner     24.0
cellsize      0.16666666666666666
NODATA_value  -9999
[rows 0 to 26 of 180, columns 305 to 365 of 426]
3.84078E-5 2.63776E-5 2.36527E-5 2.11936E-5 1.5565E-5 1.4646E-5 1.57578E-5 1.86518E-5 2.37618E-5 2.85921E-5 3.14725E-5 3.12952E-5 3.55388E-5 4.23187E-5 4.61218E-5 5.27025E-5 5.46115E-5 4.73017E-5 3.91801E-5 3.6774E-5 4.44272E-5 5.18773E-5 5.16083E-5 5.24867E-5 4.10518E-5 3.25434E-5 3.21681E-5 3.70986E-5 3.54312E-5 2.5131E-5 2.21341E-5 2.44009E-5 1.9223E-5 2.38887E-5 3.21866E-5 2.6523E-5 2.54345E-5 1.53458E-5 1.19807E-5 1.14425E-5 9.4135E-6 8.7101E-6 8.75325E-6 9.24166E-6 8.31124E-6 7.58131E-6 6.84196E-6 6.66742E-6 6.05E-6 5.66975E-6 5.66162E-6 5.64111E-6 5.39009E-6 5.78823E-6 5.8426E-6 5.88028E-6 6.88166E-6 5.86179E-6 4.83989E-6 5.12433E-6 5.67846E-6
5.03499E-5 3.19656E-5 3.09052E-5 2.86737E-5 2.4616E-5 2.28726E-5 2.59551E-5 3.3474E-5 3.66343E-5 4.33436E-5 5.6388E-5 4.40453E-5 6.76539E-5 6.28047E-5 6.37625E-5 5.06852E-5 5.56097E-5 5.48091E-5 5.47894E-5 6.35795E-5 5.26798E-5 4.47523E-5 4.62646E-5 5.82833E-5 5.40553E-5 5.19759E-5 4.07092E-5 3.43381E-5 2.90277E-5 3.11829E-5 2.88861E-5 2.70393E-5 2.35514E-5 1.9356E-5 1.65925E-5 1.52032E-5 1.41313E-5 1.28517E-5 1.23496E-5 1.2292E-5 1.11628E-5 9.8357E-6 9.20636E-6 8.75605E-6 8.46919E-6 7.91814E-6 7.7342E-6 7.82357E-6 6.78605E-6 6.37726E-6 6.09198E-6 6.24476E-6 6.207E-6 6.40973E-6 5.84096E-6 5.49994E-6 5.37664E-6 5.53484E-6 5.12569E-6 5.52768E-6 5.69024E-6
8.96281E-5 3.19668E-5 2.60547E-5 2.22646E-5 2.34441E-5 2.37329E-5 2.98598E-5 3.61119E-5 3.27142E-5 3.88202E-5 5.83531E-5 6.13332E-5 6.48994E-5 6.30086E-5 5.91112E-5 6.35464E-5 5.59486E-5 4.69409E-5 3.93922E-5 4.59598E-5 5.73877E-5 5.09838E-5 4.59793E-5 4.03359E-5 3.58791E-5 4.03594E-5 3.41133E-5 3.17049E-5 3.06264E-5 2.72309E-5 2.26167E-5 2.03042E-5 1.85524E-5 1.67956E-5 1.54887E-5 1.45125E-5 1.40514E-5 1.35712E-5 1.28537E-5 1.20758E-5 1.19531E-5 1.07585E-5 1.04569E-5 1.07732E-5 1.00741E-5 7.87638E-6 7.78693E-6 7.79265E-6 7.97757E-6 7.29901E-6 6.5883E-6 6.07276E-6 5.4561E-6 5.77824E-6 6.66078E-6 5.89394E-6 5.57837E-6 5.42428E-6 5.31592E-6 5.43739E-6 5.55309E-6
4.99967E-5 3.85807E-5 3.17672E-5 2.77842E-5 2.28678E-5 2.43547E-5 4.01804E-5 5.03492E-5 3.55531E-5 3.99707E-5 5.66243E-5 4.94765E-5 5.42235E-5 5.39187E-5 5.83513E-5 6.5532E-5 5.58988E-5 4.49241E-5 4.41706E-5 5.37166E-5 5.28747E-5 4.21961E-5 3.79538E-5 3.14061E-5 2.99991E-5 3.04686E-5 3.36501E-5 3.31223E-5 2.9389E-5 2.68729E-5 3.07925E-5 2.45883E-5 2.05352E-5 1.85248E-5 1.69679E-5 1.64363E-5 1.58475E-5 1.67259E-5 1.33878E-5 1.25948E-5 1.28486E-5 1.13991E-5 9.99628E-6 1.1295E-5 9.79695E-6 8.57983E-6 8.29158E-6 7.83918E-6 7.62204E-6 7.50489E-6 6.23051E-6 6.20916E-6 5.88856E-6 5.94963E-6 6.29893E-6 6.24195E-6 5.92092E-6 5.56331E-6 5.41207E-6 5.60251E-6 6.66667E-6
2.06714E-5 4.82399E-5 3.70513E-5 3.42497E-5 2.47049E-5 1.92443E-5 2.30225E-5 3.6553E-5 3.82975E-5 5.02695E-5 4.41139E-5 3.6659E-5 5.57967E-5 6.88429E-5 7.54627E-5 6.43717E-5 6.44413E-5 6.51146E-5 6.07366E-5 5.22674E-5 4.85747E-5 4.57847E-5 4.30606E-5 3.91044E-5 3.35327E-5 3.34762E-5 4.2417E-5 3.3928E-5 3.06063E-5 2.71311E-5 2.42533E-5 2.17779E-5 1.98933E-5 1.99089E-5 1.87714E-5 1.81251E-5 1.75162E-5 1.57064E-5 1.39133E-5 1.37909E-5 1.28942E-5 1.13731E-5 1.06405E-5 1.06752E-5 9.69206E-6 9.63229E-6 9.02162E-6 7.74141E-6 7.58835E-6 8.61177E-6 7.29601E-6 6.92067E-6 6.16142E-6 6.09087E-6 6.00442E-6 5.86162E-6 6.71661E-6 6.51497E-6 6.64311E-6 6.81488E-6 6.89646E-6
2.71418E-5 6.0963E-5 4.59426E-5 3.66066E-5 3.54784E-5 3.27474E-5 2.72842E-5 3.35815E-5 3.92691E-5 4.01616E-5 4.04353E-5 4.34498E-5 4.38718E-5 7.8995E-5 6.94477E-5 7.43176E-5 6.92189E-5 6.63571E-5 6.01243E-5 5.7238E-5 5.22658E-5 4.6862E-5 4.56417E-5 3.99766E-5 3.5341E-5 3.60715E-5 3.61549E-5 3.42945E-5 3.35763E-5 3.14842E-5 2.8101E-5 2.70827E-5 2.55178E-5 2.26328E-5 2.12541E-5 2.06584E-5 1.88059E-5 1.74395E-5 1.71851E-5 1.60882E-5 1.49823E-5 1.31291E-5 1.21203E-5 1.18194E-5 1.01233E-5 8.86708E-6 8.84411E-6 9.13159E-6 1.03438E-5 1.00373E-5 8.13942E-6 7.04891E-6 6.47794E-6 6.43934E-6 6.40512E-6 5.59322E-6 5.11027E-6 4.87242E-6 5.61543E-6 6.36526E-6 6.58416E-6
2.22899E-4 1.61877E-4 6.59353E-5 3.95244E-5 3.23196E-5 3.02101E-5 3.31141E-5 3.93843E-5 4.08572E-5 5.34327E-5 5.78869E-5 4.64207E-5 6.50608E-5 7.44899E-5 8.14244E-5 7.66254E-5 7.6698E-5 7.79805E-5 7.46214E-5 6.68133E-5 5.89565E-5 5.50591E-5 5.03025E-5 4.70983E-5 4.09822E-5 3.4897E-5 4.0432E-5 3.74408E-5 3.20025E-5 3.15221E-5 3.05586E-5 2.94278E-5 3.01096E-5 2.90703E-5 2.54209E-5 2.33751E-5 2.07797E-5 1.81981E-5 1.82438E-5 1.7339E-5 1.51328E-5 1.28304E-5 1.2251E-5 1.15341E-5 9.82992E-6 9.90909E-6 9.46901E-6 8.88246E-6 8.93792E-6 8.6873E-6 1.03671E-5 1.22276E-5 7.9122E-6 7.87439E-6 7.06714E-6 6.87175E-6 6.25952E-6 6.49119E-6 7.0303E-6 6.38769E-6 7.18482E-6
-9999 7.59689E-5 8.77814E-5 4.15864E-5 4.46602E-5 3.85842E-5 3.79917E-5 3.97935E-5 4.852E-5 1.04541E-4 8.53927E-5 7.29045E-5 7.43486E-5 7.3322E-5 8.70489E-5 9.15419E-5 8.4623E-5 8.73181E-5 8.27318E-5 6.74769E-5 6.46156E-5 6.62179E-5 6.2264E-5 5.61214E-5 5.25133E-5 4.8078E-5 4.65188E-5 4.25888E-5 4.05936E-5 3.9317E-5 3.43563E-5 3.32637E-5 3.26797E-5 3.03765E-5 2.83843E-5 2.65325E-5 2.26349E-5 2.00963E-5 1.87514E-5 1.72097E-5 1.54249E-5 1.50268E-5 1.43893E-5 1.30973E-5 1.23617E-5 1.13319E-5 1.0446E-5 9.36969E-6 8.4351E-6 9.34803E-6 1.07593E-5 1.10684E-5 8.75639E-6 8.08046E-6 7.58558E-6 8.06856E-6 7.89818E-6 8.14E-6 7.39935E-6 7.66909E-6 7.79889E-6
1.94451E-4 -9999 1.40395E-4 7.34991E-5 5.85152E-5 5.59285E-5 5.84056E-5 5.02906E-5 6.77844E-5 7.61322E-5 6.68898E-5 7.32155E-5 8.1935E-5 7.56244E-5 7.74246E-5 1.19371E-4 1.12174E-4 1.11655E-4 9.67979E-5 7.92681E-5 7.50927E-5 6.6648E-5 5.86781E-5 5.69149E-5 5.03974E-5 4.52776E-5 4.95217E-5 4.97566E-5 4.48543E-5 4.29697E-5 3.86978E-5 3.65309E-5 3.40548E-5 3.58463E-5 3.26605E-5 2.80115E-5 2.61145E-5 2.37214E-5 2.1083E-5 1.9861E-5 2.14501E-5 1.96731E-5 1.84924E-5 1.73679E-5 1.47753E-5 1.29514E-5 1.03657E-5 1.03519E-5 9.98837E-6 9.31925E-6 1.09922E-5 1.06225E-5 9.70583E-6 9.41025E-6 9.22711E-6 1.04447E-5 1.08288E-5 1.04295E-5 8.42575E-6 8.35895E-6 8.29899E-6
-9999 -9999 2.0032E-4 1.39165E-4 8.61952E-5 6.55119E-5 6.04913E-5 5.84627E-5 7.38749E-5 8.04894E-5 8.8094E-5 8.17527E-5 8.70612E-5 8.68963E-5 1.08634E-4 1.25307E-4 1.19058E-4 1.01866E-4 7.91786E-5 7.10042E-5 6.67467E-5 7.20269E-5 6.8073E-5 6.40482E-5 5.74131E-5 5.41601E-5 5.46252E-5 5.40375E-5 5.24995E-5 5.19832E-5 5.04959E-5 4.28072E-5 3.85472E-5 3.69549E-5 3.40879E-5 3.00178E-5 2.87763E-5 2.5949E-5 2.529E-5 2.57482E-5 2.49397E-5 2.26943E-5 2.19468E-5 2.22844E-5 1.9476E-5 1.78214E-5 1.54639E-5 1.33112E-5 1.06486E-5 1.0286E-5 9.65876E-6 7.89946E-6 9.49762E-6 9.90852E-6 1.16309E-5 1.23986E-5 1.3246E-5 1.144E-5 9.85545E-6 1.12177E-5 1.01727E-5
-9999 -9999 -9999 1.48613E-4 1.12718E-4 8.71954E-5 8.51719E-5 8.7357E-5 1.03314E-4 1.04235E-4 9.13247E-5 9.55291E-5 9.31212E-5 9.0711E-5 9.55514E-5 1.10195E-4 9.38634E-5 8.1518E-5 7.73993E-5 7.98555E-5 8.02887E-5 7.63169E-5 7.71429E-5 7.53463E-5 6.45487E-5 6.236E-5 6.35884E-5 6.43924E-5 6.4497E-5 6.21398E-5 5.56676E-5 4.96024E-5 4.58653E-5 4.67631E-5 4.44033E-5 4.00664E-5 3.71165E-5 3.53586E-5 3.53289E-5 2.84922E-5 2.57204E-5 2.33177E-5 2.14924E-5 1.78903E-5 1.68483E-5 1.52137E-5 1.11611E-5 1.09582E-5 8.11642E-6 6.54811E-6 5.95801E-6 6.81673E-6 9.00073E-6 9.7275E-6 1.01056E-5 1.04413E-5 1.19437E-5 1.47047E-5 1.22555E-5 1.38018E-5 1.36938E-5
1.51213E-4 6.07219E-5 2.60408E-4 1.53551E-4 1.21989E-4 1.10244E-4 1.00172E-4 1.17235E-4 1.29269E-4 1.15572E-4 9.50203E-5 8.62966E-5 9.23631E-5 8.16747E-5 8.49002E-5 8.36009E-5 7.88716E-5 7.80242E-5 8.66849E-5 9.5177E-5 9.23273E-5 9.17899E-5 8.01366E-5 7.78546E-5 7.13151E-5 7.06583E-5 6.87508E-5 6.87445E-5 7.22379E-5 6.77042E-5 5.88407E-5 5.67982E-5 5.659E-5 5.62791E-5 5.16728E-5 4.69616E-5 4.82431E-5 4.39496E-5 4.10694E-5 3.62056E-5 2.81857E-5 1.7721E-5 1.32294E-5 1.3549E-5 1.48831E-5 1.07569E-5 8.87513E-6 8.11556E-6 8.84209E-6 8.14857E-6 7.45009E-6 8.23447E-6 1.0756E-5 1.1032E-5 1.00887E-5 9.69373E-6 1.18083E-5 1.45385E-5 1.90412E-5 1.77358E-5 2.01953E-5
-9999 2.02642E-4 2.02048E-4 1.75293E-4 1.44236E-4 1.4053E-4 1.32516E-4 1.28725E-4 1.14918E-4 1.03793E-4 1.09086E-4 9.26541E-5 9.17553E-5 8.95358E-5 9.04019E-5 9.20094E-5 8.49194E-5 7.6751E-5 7.92671E-5 8.8982E-5 9.10709E-5 9.08367E-5 9.37346E-5 9.52936E-5 7.79623E-5 7.64624E-5 7.39141E-5 7.09018E-5 7.17634E-5 6.98224E-5 6.56523E-5 6.59052E-5 6.20068E-5 6.1764E-5 5.68689E-5 5.50583E-5 5.19095E-5 4.9035E-5 3.47655E-5 2.72408E-5 2.05866E-5 1.52122E-5 1.35926E-5 1.97965E-5 1.84686E-5 1.39072E-5 9.87756E-6 1.16068E-5 1.3079E-5 1.00563E-5 1.20088E-5 1.36394E-5 1.60382E-5 1.69877E-5 1.49603E-5 1.50324E-5 1.77923E-5 1.67549E-5 2.4336E-5 2.48117E-5 2.68308E-5
1.51443E-4 1.87033E-4 2.00696E-4 2.02872E-4 1.88886E-4 1.53649E-4 1.48941E-4 1.50697E-4 1.24923E-4 1.29084E-4 1.16538E-4 1.11092E-4 1.22172E-4 1.12587E-4 1.07374E-4 1.07754E-4 1.02449E-4 8.98645E-5 7.70179E-5 8.43037E-5 9.00698E-5 8.99634E-5 9.14804E-5 9.50589E-5 9.16074E-5 8.22625E-5 8.26322E-5 8.02029E-5 7.89518E-5 7.47126E-5 7.70854E-5 8.76125E-5 7.68955E-5 7.49405E-5 6.36423E-5 5.44071E-5 5.21735E-5 3.58877E-5 2.56453E-5 2.13252E-5 2.07745E-5 1.98209E-5 2.10681E-5 2.30433E-5 2.28891E-5 1.9122E-5 1.56387E-5 1.68843E-5 1.4196E-5 1.44889E-5 1.375E-5 1.6626E-5 1.88012E-5 2.53586E-5 3.80853E-5 1.97695E-5 2.29277E-5 2.01248E-5 2.72597E-5 3.24365E-5 3.32557E-5
6.25715E-4 1.9802E-4 2.44451E-4 2.20484E-4 2.15995E-4 1.72291E-4 1.81064E-4 1.77845E-4 1.57292E-4 1.49137E-4 1.39689E-4 1.44289E-4 1.34129E-4 1.42589E-4 1.25663E-4 1.18453E-4 1.19002E-4 1.05435E-4 1.00421E-4 9.85978E-5 8.33679E-5 9.85463E-5 1.01489E-4 1.01182E-4 9.03717E-5 8.90307E-5 9.5268E-5 9.14413E-5 9.03045E-5 8.46912E-5 8.83862E-5 9.15217E-5 7.97324E-5 7.51978E-5 6.4432E-5 5.39971E-5 4.52774E-5 3.52691E-5 3.66791E-5 3.00933E-5 3.07689E-5 3.74371E-5 3.22486E-5 2.79094E-5 2.58945E-5 2.58561E-5 2.5983E-5 2.2361E-5 2.01058E-5 1.61655E-5 1.72761E-5 1.86836E-5 1.98017E-5 2.27262E-5 3.30397E-5 2.48621E-5 2.59543E-5 2.68675E-5 3.06046E-5 4.10549E-5 9.87405E-5
2.97971E-4 5.01306E-4 3.45055E-4 3.38738E-4 3.03579E-4 2.60981E-4 2.47421E-4 2.24417E-4 2.00631E-4 1.60272E-4 1.58874E-4 1.51459E-4 1.44581E-4 1.5304E-4 1.49449E-4 1.19494E-4 1.14201E-4 1.12981E-4 1.0973E-4 1.02927E-4 1.00654E-4 9.93533E-5 1.00901E-4 1.16004E-4 1.2685E-4 1.21394E-4 1.14283E-4 1.12143E-4 1.03573E-4 1.05912E-4 9.73021E-5 9.46936E-5 8.87638E-5 7.24468E-5 6.4354E-5 6.24184E-5 6.92186E-5 6.4959E-5 5.32098E-5 4.58203E-5 4.30836E-5 4.68093E-5 3.74943E-5 3.1707E-5 2.87497E-5 2.55616E-5 3.34754E-5 2.91484E-5 2.57956E-5 2.38067E-5 2.23648E-5 2.21017E-5 2.16961E-5 2.59449E-5 2.69784E-5 3.09858E-5 3.27384E-5 3.23352E-5 3.45993E-5 5.02057E-5 1.02308E-4
3.33478E-4 3.85898E-4 3.6794E-4 3.55159E-4 3.48261E-4 3.02764E-4 2.464E-4 2.07232E-4 1.71595E-4 1.68849E-4 1.56133E-4 1.47893E-4 1.57008E-4 1.53745E-4 1.3827E-4 1.16907E-4 1.18691E-4 1.1969E-4 1.10613E-4 9.80823E-5 9.65216E-5 1.10116E-4 1.12321E-4 1.14442E-4 1.16081E-4 1.10464E-4 1.14097E-4 1.23947E-4 1.22701E-4 1.03481E-4 9.88906E-5 8.76623E-5 7.98459E-5 6.9786E-5 1.18436E-4 1.86585E-4 1.85169E-4 1.34565E-4 8.57872E-5 5.5173E-5 5.44099E-5 5.53022E-5 4.58682E-5 3.86173E-5 3.50592E-5 2.99974E-5 3.68864E-5 3.35831E-5 3.07293E-5 3.03772E-5 2.65235E-5 2.22374E-5 2.00677E-5 2.84793E-5 2.39178E-5 2.78731E-5 3.83414E-5 3.82556E-5 3.95104E-5 4.79046E-5 8.37738E-5
3.28728E-4 3.32754E-4 3.68864E-4 3.44115E-4 3.35649E-4 2.79978E-4 2.18976E-4 2.00321E-4 2.06007E-4 1.69378E-4 1.5083E-4 1.41677E-4 1.41987E-4 1.54117E-4 1.42166E-4 1.40297E-4 1.26798E-4 1.31626E-4 1.13907E-4 1.15043E-4 1.06617E-4 1.20189E-4 1.43855E-4 1.20202E-4 1.07312E-4 1.0915E-4 1.12318E-4 1.16263E-4 1.10724E-4 1.05145E-4 1.0185E-4 1.04706E-4 1.14668E-4 2.27695E-4 2.12825E-4 1.62131E-4 1.38811E-4 9.75105E-5 5.8317E-5 4.41327E-5 4.57353E-5 4.62108E-5 3.73783E-5 3.99239E-5 3.78614E-5 4.04256E-5 4.17253E-5 3.77021E-5 3.47436E-5 3.01195E-5 2.58843E-5 2.96566E-5 2.35278E-5 2.5117E-5 2.5841E-5 2.4459E-5 3.19316E-5 4.24934E-5 4.22578E-5 4.41617E-5 4.71689E-5
3.07352E-4 3.05998E-4 3.17922E-4 3.23363E-4 2.91636E-4 2.47953E-4 2.25353E-4 2.2761E-4 2.1272E-4 1.68445E-4 1.99588E-4 1.82718E-4 2.39193E-4 2.53167E-4 2.01662E-4 1.58311E-4 1.45189E-4 1.71933E-4 1.45655E-4 1.14261E-4 1.09863E-4 1.12662E-4 1.09094E-4 1.0749E-4 1.07802E-4 1.20259E-4 1.11203E-4 1.28193E-4 1.19199E-4 1.13316E-4 9.91203E-5 1.46906E-4 2.9258E-4 2.80126E-4 1.62638E-4 1.14979E-4 7.01785E-5 5.60875E-5 5.53895E-5 5.89024E-5 4.8983E-5 3.5597E-5 3.42114E-5 3.27538E-5 3.74694E-5 4.13589E-5 4.35686E-5 3.77249E-5 3.58307E-5 3.97536E-5 3.09464E-5 2.94413E-5 3.36818E-5 3.64166E-5 3.00289E-5 2.48085E-5 2.13821E-5 3.90368E-5 5.01624E-5 5.66603E-5 4.92137E-5
2.91697E-4 2.88786E-4 2.6617E-4 2.51185E-4 2.46479E-4 2.28124E-4 2.20223E-4 2.31035E-4 1.98184E-4 1.7158E-4 1.83918E-4 1.73961E-4 2.06095E-4 2.04468E-4 1.66176E-4 1.53512E-4 1.66695E-4 1.43621E-4 1.2134E-4 1.15841E-4 1.12982E-4 1.11529E-4 1.13767E-4 1.19901E-4 1.11749E-4 1.11285E-4 1.1824E-4 1.22726E-4 1.04862E-4 1.11646E-4 1.05229E-4 2.75541E-4 2.83202E-4 1.29827E-4 8.97239E-5 6.31798E-5 4.86165E-5 4.23238E-5 4.50189E-5 4.4153E-5 3.99158E-5 3.53219E-5 3.75177E-5 3.47436E-5 4.44928E-5 4.29639E-5 5.17079E-5 5.58469E-5 4.73869E-5 7.95288E-5 6.78898E-5 4.84971E-5 3.77594E-5 4.83458E-5 3.34312E-5 2.79374E-5 3.25797E-5 4.54986E-5 5.63115E-5 7.08373E-5 6.75466E-5
3.04145E-4 2.87627E-4 2.5484E-4 2.50186E-4 2.41842E-4 2.30171E-4 2.30082E-4 2.07833E-4 1.94263E-4 1.70578E-4 1.67143E-4 1.67722E-4 1.69369E-4 1.54702E-4 1.65568E-4 1.80851E-4 1.59417E-4 1.35364E-4 1.25806E-4 1.19517E-4 1.11267E-4 1.1349E-4 1.18091E-4 1.30822E-4 1.09097E-4 1.09485E-4 1.06586E-4 9.80891E-5 8.84065E-5 8.29489E-5 1.01241E-4 2.81162E-4 1.32388E-4 8.93417E-5 7.3008E-5 5.93246E-5 5.25541E-5 4.73657E-5 4.33151E-5 4.88872E-5 4.62925E-5 5.33675E-5 4.98959E-5 3.89785E-5 4.97129E-5 4.24867E-5 3.91559E-5 5.29271E-5 3.94916E-5 5.10356E-5 7.89671E-5 5.72629E-5 3.8145E-5 4.19668E-5 3.58688E-5 3.19851E-5 4.11823E-5 5.34455E-5 6.00078E-5 9.75382E-5 7.09577E-5
2.5079E-4 2.56653E-4 2.28215E-4 2.31568E-4 2.30956E-4 2.29756E-4 2.24844E-4 2.12139E-4 2.08809E-4 1.76286E-4 1.73794E-4 1.76454E-4 1.72487E-4 1.71181E-4 1.69846E-4 1.48163E-4 1.42087E-4 1.50029E-4 1.33306E-4 1.29051E-4 1.16736E-4 1.16997E-4 1.22312E-4 1.44882E-4 1.29952E-4 1.46546E-4 1.24837E-4 1.1247E-4 9.58325E-5 8.35539E-5 9.57445E-5 1.78599E-4 1.24298E-4 7.80428E-5 7.12979E-5 5.9192E-5 5.495E-5 5.99683E-5 6.2339E-5 6.39026E-5 5.20703E-5 6.20019E-5 6.07126E-5 4.30726E-5 5.22004E-5 4.10879E-5 4.76805E-5 5.54382E-5 3.83596E-5 3.98782E-5 4.3874E-5 4.28872E-5 4.3939E-5 4.95699E-5 4.21363E-5 3.62112E-5 4.9391E-5 6.39755E-5 8.57118E-5 1.71631E-4 7.16206E-5
2.19222E-4 2.30631E-4 2.179E-4 2.18446E-4 2.28614E-4 2.32476E-4 2.14997E-4 2.15497E-4 2.16842E-4 2.19655E-4 2.35016E-4 1.90936E-4 1.8254E-4 2.11989E-4 1.86874E-4 1.52684E-4 1.42366E-4 1.33948E-4 1.22145E-4 1.29232E-4 1.24046E-4 1.30731E-4 1.24712E-4 1.34033E-4 1.15223E-4 1.20887E-4 1.07757E-4 1.04203E-4 9.21697E-5 9.06007E-5 8.93341E-5 1.46923E-4 1.00998E-4 7.95802E-5 7.08273E-5 6.27825E-5 6.23388E-5 6.91433E-5 6.4388E-5 6.66853E-5 6.82803E-5 7.65347E-5 6.41451E-5 5.17633E-5 4.84794E-5 5.36249E-5 5.79905E-5 1.28478E-4 6.72324E-5 6.40873E-5 4.69666E-5 3.70444E-5 2.98291E-5 4.82704E-5 5.53739E-5 5.90054E-5 7.39938E-5 8.83724E-5 1.39058E-4 2.72104E-4 1.45533E-4
2.24805E-4 2.26408E-4 2.23737E-4 2.28638E-4 2.34214E-4 2.55801E-4 2.39994E-4 2.35368E-4 2.37787E-4 2.12182E-4 2.16179E-4 1.91936E-4 1.80703E-4 2.03155E-4 1.77373E-4 1.54049E-4 1.45636E-4 1.46197E-4 1.31867E-4 1.34201E-4 1.28249E-4 1.30911E-4 1.33616E-4 1.23156E-4 1.24981E-4 1.02481E-4 9.98274E-5 1.14959E-4 1.15219E-4 9.86651E-5 1.38955E-4 1.04484E-4 7.63018E-5 7.89943E-5 8.10853E-5 7.84898E-5 7.9595E-5 7.71225E-5 9.0283E-5 6.92997E-5 5.23128E-5 6.16707E-5 5.59273E-5 7.59248E-5 5.70305E-5 5.50541E-5 5.49238E-5 2.11735E-4 1.03325E-4 9.44249E-5 6.83304E-5 6.95911E-5 5.45848E-5 5.59131E-5 8.07489E-5 8.10318E-5 8.35038E-5 1.09144E-4 1.20302E-4 1.43884E-4 4.12337E-4
2.18594E-4 2.28408E-4 2.17402E-4 2.18728E-4 2.23411E-4 2.6595E-4 2.8754E-4 2.22406E-4 2.84181E-4 2.75946E-4 2.39047E-4 2.29464E-4 1.90893E-4 1.82368E-4 2.1244E-4 2.12641E-4 1.51851E-4 1.51104E-4 1.5235E-4 1.42732E-4 1.41784E-4 1.76493E-4 1.41009E-4 1.40166E-4 1.42753E-4 1.66432E-4 1.38124E-4 1.30621E-4 1.32131E-4 2.21587E-4 2.03396E-4 8.62877E-5 8.98663E-5 9.24451E-5 1.01775E-4 1.00346E-4 9.07615E-5 9.40529E-5 9.78248E-5 6.79666E-5 6.01599E-5 6.81666E-5 7.83488E-5 1.00119E-4 8.95781E-5 7.70364E-5 7.98537E-5 1.78649E-4 1.22933E-4 1.3223E-4 1.21354E-4 9.33042E-5 1.19621E-4 1.11148E-4 1.06997E-4 1.03178E-4 1.04659E-4 1.1358E-4 1.2788E-4 1.53881E-4 4.06838E-4
1.98405E-4 2.06043E-4 2.01142E-4 2.05085E-4 1.94886E-4 1.98965E-4 1.84886E-4 1.89854E-4 2.02044E-4 2.56839E-4 2.23752E-4 2.45435E-4 2.05677E-4 2.73142E-4 3.3763E-4 1.65955E-4 1.61949E-4 1.60117E-4 1.58766E-4 1.57308E-4 1.50053E-4 1.46005E-4 1.46657E-4 1.44959E-4 1.22157E-4 1.38868E-4 1.52946E-4 1.40401E-4 1.46907E-4 2.06709E-4 1.17253E-4 1.03048E-4 9.65113E-5 1.11391E-4 1.07771E-4 1.11706E-4 8.32604E-5 8.17474E-5 9.73719E-5 9.08753E-5 9.95656E-5 1.11047E-4 1.16657E-4 1.3125E-4 1.04993E-4 1.17128E-4 1.4319E-4 1.70199E-4 1.93992E-4 1.84751E-4 1.37424E-4 1.43133E-4 2.08301E-4 2.43326E-4 1.9025E-4 1.43186E-4 1.30485E-4 1.84829E-4 1.69571E-4 1.87705E-4 2.21928E-4
2.0898E-4 2.0519E-4 1.89836E-4 1.96831E-4 2.10163E-4 1.93103E-4 1.80572E-4 1.89216E-4 1.78669E-4 1.71315E-4 1.85364E-4 1.7159E-4 1.41948E-4 1.59412E-4 1.68886E-4 2.19953E-4 3.47645E-4 1.72756E-4 1.72837E-4 2.20305E-4 2.01314E-4 1.74996E-4 1.50552E-4 1.48964E-4 1.5706E-4 1.69899E-4 1.50501E-4 1.837E-4 1.82759E-4 1.20817E-4 1.17969E-4 1.1486E-4 9.73375E-5 1.17128E-4 1.36751E-4 8.96823E-5 7.56665E-5 8.88537E-5 1.10289E-4 1.17742E-4 1.37116E-4 1.76834E-4 1.85558E-4 2.18772E-4 1.64675E-4 1.86557E-4 2.05134E-4 2.62555E-4 2.38448E-4 2.0249E-4 2.34064E-4 3.12568E-4 5.53203E-4 2.79041E-4 3.76836E-4 2.0219E-4 1.65589E-4 2.4967E-4 2.06589E-4 2.30757E-4 2.76197E-4
