data/maxent/outputs/white_40.asc
ncols         426
nrows         180
xllcorner     -130.0
yllcorner     24.0
cellsize      0.16666666666666666
NODATA_value  -9999
[rows 0 to 26 of 180, columns 61 to 121 of 426]
4.36459E-4 4.87183E-4 1.07446E-3 1.35084E-3 1.41687E-3 1.19805E-3 1.03649E-3 9.01651E-4 8.62188E-4 7.7169E-4 7.54971E-4 7.74446E-4 7.60636E-4 7.39755E-4 7.0739E-4 6.16388E-4 7.00061E-4 5.8631E-4 4.65291E-4 3.48738E-4 3.10544E-4 3.05782E-4 2.79276E-4 2.47367E-4 2.6323E-4 2.38266E-4 1.9024E-4 1.10053E-4 1.09533E-4 9.63543E-5 1.01113E-4 1.24837E-4 1.88248E-4 1.70213E-4 1.71687E-4 1.11925E-4 8.97667E-5 7.34507E-5 9.3189E-5 1.03E-4 7.75737E-5 8.10017E-5 6.73132E-5 7.2497E-5 6.53227E-5 5.62149E-5 7.2701E-5 7.77117E-5 7.21826E-5 5.89989E-5 5.33227E-5 5.86337E-5 5.19835E-5 4.9447E-5 4.90773E-5 4.18476E-5 4.25199E-5 3.92724E-5 3.77266E-5 3.53604E-5 3.17598E-5
4.30175E-4 4.25801E-4 1.45405E-3 8.52534E-4 8.45864E-4 9.22547E-4 8.76771E-4 7.83572E-4 7.93982E-4 7.67919E-4 6.81445E-4 6.96657E-4 7.06957E-4 6.89157E-4 6.15447E-4 6.55371E-4 7.01922E-4 4.72229E-4 3.84799E-4 4.21868E-4 3.45823E-4 2.11306E-4 1.72513E-4 1.37622E-4 1.20043E-4 1.32537E-4 2.2623E-4 1.35238E-4 1.40213E-4 1.82183E-4 2.22793E-4 2.56571E-4 2.90632E-4 2.17566E-4 2.51697E-4 2.0165E-4 9.12685E-5 1.02496E-4 9.35725E-5 1.1189E-4 1.31712E-4 1.44583E-4 1.63465E-4 9.30032E-5 8.06297E-5 7.41907E-5 6.27381E-5 7.65193E-5 7.29434E-5 7.16887E-5 6.65542E-5 5.95482E-5 5.17393E-5 4.85606E-5 4.62727E-5 3.95651E-5 3.39798E-5 3.37465E-5 3.2177E-5 2.6214E-5 2.58909E-5
4.50975E-4 5.43623E-4 5.03041E-4 7.7785E-4 2.91749E-4 3.79141E-4 3.62622E-4 4.56527E-4 5.37198E-4 6.69164E-4 6.66157E-4 6.35641E-4 6.38198E-4 5.29484E-4 5.40635E-4 6.32766E-4 6.18595E-4 5.83425E-4 4.79409E-4 3.48336E-4 2.54603E-4 2.37688E-4 1.95342E-4 1.97392E-4 1.62192E-4 1.83458E-4 2.24584E-4 1.59289E-4 1.29933E-4 1.6128E-4 2.67089E-4 3.09942E-4 3.10779E-4 2.56638E-4 2.8131E-4 2.61476E-4 1.97681E-4 2.87685E-4 2.99771E-4 2.40476E-4 1.97988E-4 1.88214E-4 1.72429E-4 1.16575E-4 7.62709E-5 6.17523E-5 5.45125E-5 8.11488E-5 9.19081E-5 8.31934E-5 6.84158E-5 5.19692E-5 6.30285E-5 5.35904E-5 4.79606E-5 4.13469E-5 3.47987E-5 3.2086E-5 2.97916E-5 2.20131E-5 1.86075E-5
5.0385E-4 3.08795E-4 1.28246E-4 6.2691E-4 2.81851E-4 2.04827E-4 2.56626E-4 4.56181E-4 7.32089E-4 7.52156E-4 6.61774E-4 6.52915E-4 6.70526E-4 7.15436E-4 6.02674E-4 5.54407E-4 5.61293E-4 5.20166E-4 4.93745E-4 3.73379E-4 3.83228E-4 3.29103E-4 2.73116E-4 2.57819E-4 2.49921E-4 2.35124E-4 2.65351E-4 2.09584E-4 2.1419E-4 1.78773E-4 1.66052E-4 2.25886E-4 3.74738E-4 2.21983E-4 2.2623E-4 1.61997E-4 2.05315E-4 2.22448E-4 2.17146E-4 1.82144E-4 2.25251E-4 2.05476E-4 2.3414E-4 2.11198E-4 8.78784E-5 6.06876E-5 5.85282E-5 8.32689E-5 8.75185E-5 8.21657E-5 7.48799E-5 6.556E-5 6.46733E-5 5.86008E-5 5.36622E-5 4.65691E-5 3.92657E-5 3.34996E-5 2.71567E-5 2.82136E-5 2.84485E-5
7.28001E-4 6.61114E-4 4.23827E-4 2.27246E-4 1.99711E-4 1.59837E-4 2.70695E-4 3.71972E-4 3.75009E-4 6.48724E-4 7.29967E-4 8.38366E-4 7.25369E-4 5.46903E-4 4.75275E-4 5.24881E-4 5.46002E-4 5.96566E-4 5.30308E-4 3.78885E-4 3.66485E-4 3.34732E-4 3.14255E-4 2.76924E-4 2.33648E-4 2.3014E-4 2.01198E-4 2.06565E-4 1.69078E-4 2.02575E-4 2.15526E-4 2.60282E-4 3.20563E-4 3.32719E-4 3.04308E-4 2.94596E-4 2.78809E-4 2.49121E-4 1.92526E-4 1.39934E-4 1.4257E-4 1.94721E-4 2.27454E-4 2.07864E-4 1.3201E-4 8.72321E-5 8.05242E-5 6.67507E-5 9.46025E-5 1.02105E-4 8.31126E-5 9.51152E-5 7.78584E-5 7.54783E-5 6.86685E-5 5.82621E-5 4.55352E-5 4.15062E-5 3.60629E-5 4.5389E-5 3.73665E-5
2.78947E-3 2.38379E-3 6.54228E-4 9.20908E-4 3.465E-4 3.95284E-4 2.05753E-4 2.29044E-4 2.58946E-4 4.12662E-4 9.37325E-4 7.51675E-4 5.48519E-4 4.3439E-4 4.81799E-4 4.42035E-4 4.59675E-4 4.56507E-4 4.50556E-4 4.16274E-4 3.70738E-4 3.03091E-4 2.84729E-4 2.74953E-4 2.87801E-4 2.81174E-4 3.06006E-4 2.87078E-4 2.71767E-4 2.30084E-4 2.23444E-4 2.46682E-4 2.87799E-4 3.25924E-4 4.31874E-4 4.11726E-4 3.55499E-4 3.12656E-4 2.2842E-4 1.86444E-4 1.59027E-4 1.42245E-4 1.47239E-4 1.55279E-4 1.18372E-4 7.64735E-5 8.1984E-5 6.44187E-5 7.47053E-5 1.0103E-4 9.95476E-5 9.14232E-5 6.82431E-5 6.68353E-5 7.17825E-5 6.12204E-5 4.94429E-5 3.75674E-5 4.1234E-5 4.18763E-5 4.37548E-5
2.98969E-4 7.64752E-4 4.85863E-3 1.97968E-3 5.40005E-4 7.88412E-4 7.72846E-4 5.81216E-4 6.174E-4 6.54439E-4 1.14084E-3 5.78963E-4 4.2148E-4 3.60171E-4 3.14254E-4 4.10205E-4 4.262E-4 3.74415E-4 3.56976E-4 3.67125E-4 3.43654E-4 2.91205E-4 2.8546E-4 3.01722E-4 2.88318E-4 2.60723E-4 3.22783E-4 3.59835E-4 3.58843E-4 1.98528E-4 2.44391E-4 2.17263E-4 2.35475E-4 2.58869E-4 3.37128E-4 3.00021E-4 3.08472E-4 3.72591E-4 3.23319E-4 2.47464E-4 2.42816E-4 2.09509E-4 2.07667E-4 1.56217E-4 1.14783E-4 8.74117E-5 7.93302E-5 6.6143E-5 5.5845E-5 9.51698E-5 1.10987E-4 1.00781E-4 8.09108E-5 7.41724E-5 7.18965E-5 6.45643E-5 6.46515E-5 4.72443E-5 3.83474E-5 4.42915E-5 4.4693E-5
1.20042E-4 2.39017E-4 8.37365E-4 4.47005E-3 2.80095E-3 7.03466E-4 4.72476E-4 1.02679E-3 5.56589E-4 3.0004E-4 5.12493E-4 8.59383E-4 2.8556E-4 2.09219E-4 2.38469E-4 2.3355E-4 3.07334E-4 4.54162E-4 3.84637E-4 3.43989E-4 3.50969E-4 3.24932E-4 3.18423E-4 3.40061E-4 2.89807E-4 3.13104E-4 3.18858E-4 3.24874E-4 3.58117E-4 3.02895E-4 2.79162E-4 1.96149E-4 2.03937E-4 1.9867E-4 2.73496E-4 2.82331E-4 2.65736E-4 3.39887E-4 3.69672E-4 3.59049E-4 3.38079E-4 2.9631E-4 3.09335E-4 3.10338E-4 2.16823E-4 1.67424E-4 1.2783E-4 1.07744E-4 8.91894E-5 9.16515E-5 1.00964E-4 1.03358E-4 8.37848E-5 7.52394E-5 7.02404E-5 7.21433E-5 6.50706E-5 5.28772E-5 5.62126E-5 4.73203E-5 5.93755E-5
3.61138E-4 4.7388E-4 6.73932E-4 8.45796E-4 1.33705E-3 1.64552E-3 1.28566E-3 5.13618E-4 3.47162E-4 2.28596E-4 5.84095E-4 3.60942E-4 4.57997E-4 2.4343E-4 9.10797E-5 6.90975E-5 1.88455E-4 3.78326E-4 3.91793E-4 4.06638E-4 3.27509E-4 3.15062E-4 2.89905E-4 3.25625E-4 3.0928E-4 2.41638E-4 3.0328E-4 3.22886E-4 3.31642E-4 2.7977E-4 2.16403E-4 2.01409E-4 1.73245E-4 2.17048E-4 3.02164E-4 3.74124E-4 2.94507E-4 3.52834E-4 3.69985E-4 3.63344E-4 3.72587E-4 3.04891E-4 2.74609E-4 3.1964E-4 2.46497E-4 2.39715E-4 2.04644E-4 1.77957E-4 1.5236E-4 1.70207E-4 1.65294E-4 1.53081E-4 1.32433E-4 1.06604E-4 8.91676E-5 8.54291E-5 8.76414E-5 8.05777E-5 9.53612E-5 8.77198E-5 7.796E-5
7.10893E-4 2.95619E-4 5.81669E-4 1.19841E-3 1.45313E-3 2.94773E-4 2.25785E-3 1.57768E-3 7.77023E-4 3.38709E-4 2.38169E-4 2.93297E-4 3.35427E-4 3.5177E-4 2.08241E-4 1.21913E-4 1.47747E-4 2.40423E-4 1.74291E-4 3.898E-4 4.21885E-4 3.63172E-4 3.51541E-4 3.24147E-4 3.66288E-4 2.75023E-4 2.83159E-4 3.18058E-4 3.22233E-4 2.04957E-4 1.34576E-4 1.7358E-4 1.91646E-4 2.64574E-4 2.72504E-4 2.96497E-4 3.0045E-4 3.497E-4 3.32143E-4 3.45545E-4 3.18267E-4 3.79903E-4 3.52669E-4 3.42071E-4 2.50193E-4 2.67686E-4 3.4407E-4 2.82352E-4 2.2033E-4 1.63099E-4 1.60671E-4 1.44291E-4 1.33399E-4 1.14473E-4 8.17643E-5 8.32921E-5 7.06243E-5 7.68552E-5 7.43745E-5 7.28415E-5 8.66499E-5
8.88255E-4 6.23185E-4 4.14164E-4 1.3813E-3 8.72034E-4 2.70588E-4 2.16041E-4 1.76804E-3 1.30527E-3 4.0516E-4 4.6064E-4 1.0884E-4 1.11092E-4 2.55615E-4 1.34533E-4 1.10053E-4 1.44383E-4 9.47615E-5 1.61148E-4 3.26133E-4 5.89011E-4 5.67826E-4 3.99708E-4 3.47815E-4 3.25086E-4 3.41504E-4 2.96828E-4 2.76893E-4 2.55972E-4 2.20926E-4 1.85332E-4 1.94674E-4 2.07827E-4 1.43081E-4 2.11711E-4 2.38413E-4 2.94685E-4 2.69231E-4 2.6175E-4 3.0656E-4 3.56445E-4 3.54693E-4 3.48007E-4 3.3666E-4 2.80411E-4 2.18973E-4 2.33094E-4 2.82907E-4 3.31541E-4 2.33472E-4 1.1006E-4 1.34133E-4 1.52012E-4 1.34931E-4 1.14551E-4 7.12138E-5 6.74909E-5 7.91447E-5 9.81736E-5 8.97597E-5 9.4914E-5
1.88238E-3 2.35766E-3 1.66438E-3 2.05647E-3 9.32041E-4 2.58978E-4 4.03194E-4 1.61983E-3 2.8038E-3 1.72078E-3 7.42678E-4 3.34868E-4 2.18935E-4 1.37815E-4 2.7529E-4 1.04934E-4 2.60594E-4 2.67907E-4 2.03302E-4 4.29287E-4 7.43286E-4 3.78727E-4 4.41442E-4 4.55697E-4 3.60032E-4 3.47362E-4 3.03052E-4 2.70517E-4 2.40353E-4 2.43423E-4 2.3209E-4 2.18818E-4 1.99403E-4 1.91915E-4 1.90394E-4 2.58028E-4 2.3935E-4 2.1048E-4 2.30978E-4 2.99458E-4 3.34084E-4 2.67592E-4 2.36155E-4 2.30383E-4 1.87743E-4 2.03303E-4 2.70682E-4 1.376E-4 1.15489E-4 1.20306E-4 1.07258E-4 7.90452E-5 9.29363E-5 9.60924E-5 7.46143E-5 6.56214E-5 6.30249E-5 5.57748E-5 5.14755E-5 4.41654E-5 5.04682E-5
1.05513E-3 1.8523E-3 1.47708E-3 1.95042E-3 1.78856E-3 4.64187E-4 6.37732E-4 1.89483E-3 7.58284E-4 3.47339E-4 8.9605E-4 2.24325E-3 5.3267E-4 1.84422E-4 4.3857E-4 4.04547E-4 1.0186E-4 2.75526E-4 5.36672E-4 2.73345E-4 2.78345E-4 1.50191E-4 2.43323E-4 4.26252E-4 4.67382E-4 4.07771E-4 3.41152E-4 3.28976E-4 2.5905E-4 2.34312E-4 2.10797E-4 1.91732E-4 2.01255E-4 2.01051E-4 2.76221E-4 2.79275E-4 2.25492E-4 2.42819E-4 2.44052E-4 2.54558E-4 2.41627E-4 1.42538E-4 9.2236E-5 1.58477E-4 1.58806E-4 1.42366E-4 1.85021E-4 1.48867E-4 1.31256E-4 6.96152E-5 5.24228E-5 5.79067E-5 6.217E-5 4.03663E-5 4.38707E-5 5.14889E-5 3.18766E-5 2.63747E-5 2.32088E-5 1.89318E-5 2.49032E-5
3.72769E-3 3.85094E-3 3.56472E-3 2.47333E-3 1.81284E-3 3.55598E-4 1.0911E-3 2.41921E-3 5.50364E-4 2.91545E-4 2.32993E-4 1.05179E-4 1.38085E-3 3.16492E-3 1.45969E-3 4.56825E-4 2.69849E-4 8.72159E-5 3.11096E-4 2.51804E-4 1.8784E-4 1.05158E-4 2.05571E-4 2.3806E-4 3.61635E-4 4.54898E-4 4.02154E-4 3.52462E-4 3.04795E-4 2.6028E-4 1.64559E-4 1.68184E-4 1.34405E-4 1.78542E-4 2.59915E-4 2.32718E-4 2.26539E-4 2.05333E-4 2.22684E-4 2.57906E-4 1.77641E-4 1.33344E-4 9.42687E-5 9.77749E-5 1.6448E-4 1.82897E-4 1.46379E-4 1.28644E-4 1.27479E-4 4.48473E-5 3.06958E-5 3.4934E-5 5.86434E-5 4.48487E-5 2.96588E-5 4.23686E-5 3.83719E-5 2.28573E-5 1.80394E-5 1.49561E-5 1.58543E-5
5.93592E-3 5.44335E-3 4.03939E-3 4.04472E-3 1.73409E-3 7.59823E-4 6.04092E-4 2.46589E-3 1.55179E-3 9.34946E-4 5.22062E-4 9.75216E-5 2.56289E-4 4.88643E-4 4.44324E-3 2.096E-3 6.48607E-4 5.86439E-4 4.12269E-4 1.09436E-4 1.67498E-4 2.38616E-4 1.51338E-4 2.40212E-4 2.95033E-4 3.87719E-4 4.74555E-4 3.62104E-4 2.99421E-4 2.64711E-4 1.83551E-4 1.58906E-4 1.10939E-4 1.25223E-4 2.06411E-4 2.15423E-4 1.85548E-4 1.78756E-4 1.83878E-4 1.76985E-4 1.39096E-4 1.0962E-4 8.04776E-5 7.57448E-5 1.62525E-4 2.77925E-4 2.39467E-4 1.09217E-4 1.00553E-4 5.75367E-5 2.36605E-5 2.87472E-5 3.31902E-5 4.12627E-5 3.161E-5 3.19463E-5 2.99419E-5 2.74432E-5 2.53104E-5 2.27534E-5 1.91172E-5
3.1139E-3 3.44326E-3 1.08046E-2 3.10261E-3 2.53955E-3 2.82103E-3 1.41715E-3 7.77975E-4 4.02261E-3 7.7505E-4 4.40192E-4 1.63043E-4 1.8168E-4 3.25721E-4 1.19634E-3 6.08674E-4 4.9568E-3 1.16433E-3 2.61506E-4 7.34024E-4 3.65184E-4 3.99664E-4 3.99943E-4 1.25672E-4 2.22763E-4 2.66749E-4 3.25357E-4 4.30491E-4 3.28441E-4 2.57568E-4 1.9529E-4 1.66371E-4 1.32233E-4 1.35348E-4 1.68422E-4 2.11282E-4 1.66673E-4 1.41713E-4 1.32929E-4 1.52385E-4 1.31707E-4 1.05796E-4 1.0805E-4 1.05922E-4 8.94969E-5 1.51961E-4 1.71809E-4 1.43466E-4 9.02111E-5 6.09254E-5 2.67859E-5 3.56565E-5 4.12862E-5 4.31819E-5 2.86848E-5 2.7305E-5 2.96662E-5 2.75731E-5 2.50923E-5 3.07336E-5 3.02182E-5
6.06012E-3 9.86045E-3 6.52488E-3 2.44913E-3 4.41033E-3 1.03007E-2 1.16706E-3 4.36653E-4 5.71988E-4 3.49787E-3 6.46172E-4 2.37324E-4 5.45469E-4 2.60746E-4 2.77308E-4 2.62314E-4 5.60642E-4 5.04079E-3 1.27552E-3 1.28028E-3 3.47949E-4 2.85389E-4 4.58453E-4 4.77145E-4 3.53043E-4 4.41015E-4 4.58571E-4 4.10918E-4 4.24894E-4 4.02244E-4 4.04194E-4 3.13634E-4 1.93219E-4 1.55233E-4 1.60508E-4 1.60738E-4 1.95028E-4 1.66544E-4 1.44314E-4 1.37682E-4 1.21637E-4 1.26782E-4 1.3955E-4 1.94919E-4 2.34457E-4 1.79486E-4 1.30068E-4 8.92314E-5 4.1873E-5 2.74221E-5 2.12699E-5 2.73336E-5 4.02952E-5 5.40124E-5 2.60398E-5 2.55856E-5 2.46856E-5 2.04397E-5 3.3594E-5 4.40481E-5 5.00181E-5
1.13085E-2 6.62296E-3 4.65886E-3 2.38358E-3 5.13168E-3 1.21442E-2 2.21802E-3 2.04421E-3 6.865E-4 3.81005E-3 9.93895E-4 1.31855E-3 3.10711E-4 3.83856E-4 1.0441E-4 2.93244E-4 3.80907E-4 8.75045E-4 4.59214E-3 3.13944E-3 1.29737E-3 7.05394E-4 5.81917E-4 4.22051E-4 3.42604E-4 4.72643E-4 5.9178E-4 5.29916E-4 5.96138E-4 6.4048E-4 4.90095E-4 4.46965E-4 2.23711E-4 2.39449E-4 2.71136E-4 2.05045E-4 1.401E-4 1.46069E-4 1.51664E-4 1.61748E-4 1.33563E-4 1.1971E-4 1.05057E-4 1.6027E-4 1.76399E-4 1.72551E-4 1.07894E-4 5.83814E-5 3.06114E-5 2.94513E-5 1.82286E-5 1.72772E-5 1.5716E-5 1.7631E-5 2.4953E-5 2.5637E-5 3.43872E-5 3.29282E-5 3.20347E-5 4.32721E-5 6.58301E-5
9.08308E-3 2.21092E-2 3.612E-2 3.09148E-2 2.44291E-2 1.02577E-2 5.84653E-3 2.97036E-3 2.72127E-3 2.19968E-3 4.82158E-3 1.18024E-3 4.1371E-4 1.70072E-3 2.45313E-4 4.05078E-4 2.57523E-4 5.27157E-4 4.29791E-4 2.85402E-3 4.11857E-3 1.62844E-3 1.29516E-3 8.77963E-4 3.70689E-4 1.82384E-4 3.53554E-4 3.23334E-4 5.21193E-4 4.90685E-4 4.36156E-4 4.17636E-4 5.0588E-4 2.11302E-4 2.27764E-4 2.04353E-4 1.3537E-4 1.37107E-4 1.70987E-4 1.71507E-4 1.67984E-4 1.59969E-4 2.14169E-4 1.90649E-4 2.06037E-4 1.89437E-4 1.26084E-4 1.07817E-4 9.60078E-5 6.25848E-5 4.7339E-5 7.17465E-5 8.89676E-5 6.39244E-5 4.27263E-5 5.44847E-5 6.50648E-5 5.04695E-5 5.76183E-5 8.89421E-5 8.8484E-5
1.81405E-2 9.9376E-3 1.22473E-2 3.53803E-2 2.65602E-2 3.68136E-3 4.83108E-3 7.69247E-3 1.28043E-3 8.06224E-4 3.11825E-3 6.85865E-3 5.78856E-3 1.25612E-3 6.46803E-4 7.43205E-4 1.05775E-3 3.10302E-4 2.93288E-4 3.21968E-4 1.449E-3 3.81276E-3 2.17441E-3 1.34342E-3 7.40279E-4 3.83625E-4 1.98506E-4 2.24892E-4 3.68321E-4 4.42356E-4 5.49833E-4 6.12676E-4 6.20004E-4 4.78458E-4 3.40246E-4 3.27231E-4 2.64025E-4 2.50568E-4 2.96226E-4 2.74507E-4 3.272E-4 3.15907E-4 2.61861E-4 3.15912E-4 3.01125E-4 2.91413E-4 2.68544E-4 2.65336E-4 2.25214E-4 1.87935E-4 1.46413E-4 1.51009E-4 1.02596E-4 7.35075E-5 9.27176E-5 6.91905E-5 5.06315E-5 7.40233E-5 1.16359E-4 1.15985E-4 1.42428E-4
7.78488E-3 6.74129E-3 1.04326E-2 2.01711E-2 3.05487E-2 1.23012E-2 2.68045E-2 3.33844E-3 3.85824E-3 1.34231E-3 9.96766E-4 2.05124E-2 2.11211E-3 1.82873E-3 3.32726E-3 1.12939E-3 1.38923E-3 1.07777E-3 7.05452E-4 3.20885E-4 7.48618E-4 2.4917E-3 3.84443E-3 1.75048E-3 1.31339E-3 7.41048E-4 3.55168E-4 2.10231E-4 3.04134E-4 3.2591E-4 5.96181E-4 7.97062E-4 7.84046E-4 8.78536E-4 8.02356E-4 6.72882E-4 3.48035E-4 2.33189E-4 2.36365E-4 2.90415E-4 4.95944E-4 5.74107E-4 4.38353E-4 4.28165E-4 4.21067E-4 3.66731E-4 3.48515E-4 3.8571E-4 3.15559E-4 1.86023E-4 1.00219E-4 1.12192E-4 1.18472E-4 1.10724E-4 1.17292E-4 8.55833E-5 7.3898E-5 9.93788E-5 1.04829E-4 1.26865E-4 1.37073E-4
8.44101E-3 8.00805E-3 1.569E-2 3.64102E-2 8.92009E-3 1.41627E-2 2.10751E-2 5.2821E-3 4.98867E-3 1.76458E-3 3.42603E-3 2.87373E-2 2.45536E-3 9.92641E-4 7.35657E-4 1.99031E-3 3.20937E-3 7.4523E-3 4.3385E-4 3.49358E-4 4.67485E-4 9.93835E-4 2.36746E-3 3.53636E-3 1.56304E-3 1.73343E-3 5.05702E-4 2.7932E-4 2.06609E-4 3.81538E-4 5.8146E-4 8.05823E-4 9.19314E-4 1.07846E-3 1.14036E-3 1.13241E-3 8.34667E-4 4.91856E-4 3.7268E-4 4.1324E-4 5.05013E-4 6.3967E-4 5.58129E-4 4.82775E-4 4.62608E-4 4.58893E-4 4.53492E-4 5.46031E-4 3.61718E-4 2.38361E-4 1.70024E-4 1.52669E-4 1.4158E-4 1.35167E-4 1.10712E-4 1.18574E-4 1.26686E-4 1.45926E-4 1.58189E-4 1.69195E-4 1.77952E-4
4.33147E-3 7.20205E-3 3.77666E-2 3.88602E-2 1.72838E-2 2.21951E-2 1.45053E-2 1.47459E-2 5.30978E-3 1.54877E-3 5.28292E-3 1.65369E-2 1.26451E-2 2.90776E-3 1.51999E-3 6.78766E-4 2.35357E-3 1.17732E-2 7.71302E-4 3.98491E-4 6.22165E-4 7.26998E-4 1.99093E-3 3.76287E-3 2.61956E-3 1.40322E-3 8.87031E-4 6.82377E-4 3.53125E-4 5.92618E-4 4.06664E-4 7.26439E-4 9.48819E-4 1.01564E-3 1.04343E-3 1.20415E-3 1.32653E-3 9.45259E-4 6.34452E-4 5.49291E-4 5.09394E-4 6.21611E-4 7.78822E-4 7.59037E-4 7.50811E-4 6.46949E-4 6.19593E-4 5.61509E-4 4.80824E-4 2.96218E-4 2.44241E-4 1.87206E-4 1.69355E-4 1.51387E-4 1.43492E-4 1.6474E-4 1.42978E-4 1.40981E-4 1.88408E-4 1.59934E-4 1.54733E-4
4.26319E-3 9.99511E-3 4.32806E-2 7.42468E-3 5.45166E-3 3.95948E-3 3.01276E-3 4.31318E-3 3.53078E-3 3.08296E-3 7.57457E-3 1.15388E-2 5.86924E-3 2.99695E-3 9.90663E-3 1.93665E-3 1.68882E-3 1.16817E-2 1.81846E-3 7.86948E-4 6.41904E-4 8.35171E-4 1.76282E-3 2.70672E-3 3.86828E-3 1.99938E-3 1.03437E-3 5.44927E-4 4.57894E-4 7.99128E-4 4.33372E-4 7.10257E-4 9.61789E-4 1.07624E-3 1.16094E-3 1.26254E-3 1.54007E-3 1.42477E-3 1.14158E-3 8.25564E-4 8.44435E-4 8.15192E-4 9.62795E-4 1.03752E-3 1.06476E-3 1.08301E-3 1.08646E-3 7.66499E-4 7.79934E-4 4.97515E-4 3.44984E-4 3.2595E-4 3.55934E-4 3.06095E-4 3.1769E-4 2.97185E-4 2.25142E-4 2.62974E-4 2.92626E-4 2.68716E-4 2.52861E-4
6.14058E-3 1.66957E-2 4.34246E-2 1.1883E-2 8.78801E-3 3.04124E-3 3.56041E-3 3.33235E-3 2.02044E-3 8.52859E-3 2.87296E-2 8.54416E-3 2.48781E-3 1.22818E-3 1.27976E-2 2.97472E-3 1.86036E-3 1.73852E-2 2.17516E-3 6.9216E-4 6.64574E-4 7.56713E-4 1.15145E-3 2.81605E-3 4.38433E-3 1.7776E-3 8.55218E-4 6.87652E-4 7.69018E-4 1.32361E-3 5.62612E-4 8.31731E-4 1.24253E-3 1.28249E-3 1.22018E-3 1.35822E-3 1.84947E-3 1.85461E-3 1.73064E-3 1.60142E-3 1.45905E-3 1.2903E-3 1.6197E-3 1.70076E-3 1.66084E-3 1.60659E-3 1.62497E-3 1.09715E-3 1.02289E-3 8.20071E-4 8.56914E-4 7.47084E-4 6.62093E-4 5.48311E-4 5.10759E-4 5.57388E-4 5.13641E-4 6.44821E-4 5.52202E-4 5.25295E-4 4.81615E-4
2.36818E-2 2.02736E-2 8.41227E-3 6.47095E-3 6.5407E-3 3.9642E-3 8.18664E-3 3.19363E-3 3.56329E-3 8.5142E-3 2.11136E-2 2.49932E-3 1.76218E-3 6.02306E-3 1.10205E-2 1.91541E-3 1.38353E-3 2.11729E-2 5.63085E-3 1.57817E-3 2.73452E-3 1.08047E-3 2.11202E-3 4.54796E-3 4.66685E-3 2.89676E-3 1.14967E-3 2.00029E-3 1.26141E-3 2.05167E-3 1.21043E-3 8.84802E-4 1.30044E-3 1.6296E-3 1.55979E-3 1.56593E-3 1.91937E-3 2.80319E-3 2.55213E-3 2.44388E-3 2.3445E-3 2.51105E-3 2.29606E-3 2.43062E-3 2.5361E-3 2.53913E-3 2.44294E-3 1.68087E-3 1.42722E-3 1.17467E-3 9.74298E-4 7.10353E-4 5.92025E-4 6.68903E-4 6.85437E-4 5.65313E-4 5.52054E-4 5.57802E-4 5.81578E-4 5.6461E-4 5.13191E-4
1.44466E-2 3.00314E-2 4.93742E-3 6.45953E-3 7.55888E-3 7.61573E-3 7.38458E-3 3.95917E-3 7.28383E-3 9.52049E-3 2.08741E-2 3.27854E-3 8.53832E-3 1.65822E-2 7.21677E-3 1.0074E-2 1.04714E-2 1.65904E-2 1.81221E-2 1.65824E-3 1.88555E-3 3.15592E-3 4.25153E-3 6.75202E-3 6.5426E-3 6.45054E-3 2.27001E-3 3.26347E-3 1.84944E-3 2.30788E-3 2.11168E-3 1.27803E-3 1.98537E-3 2.95024E-3 2.90854E-3 2.80048E-3 3.35628E-3 2.62257E-3 2.7547E-3 3.02258E-3 2.44989E-3 2.91373E-3 2.62068E-3 2.35707E-3 2.29607E-3 2.31269E-3 2.23548E-3 1.81563E-3 1.40373E-3 1.28545E-3 1.04999E-3 8.24478E-4 6.27718E-4 4.79439E-4 3.76599E-4 2.47338E-4 2.92001E-4 3.47806E-4 4.24566E-4 4.87076E-4 4.47359E-4
