data/maxent/outputs/white_147.asc
ncols         426
nrows         180
xllcorner     -130.0
yllcorner     24.0
cellsize      0.16666666666666666
NODATA_value  -9999
[rows 0 to 26 of 180, columns 0 to 60 of 426]
2.99909E-1 3.19273E-1 3.21924E-1 2.66314E-1 2.49044E-1 2.58849E-1 3.06642E-1 3.92916E-1 3.51233E-1 3.21914E-1 2.77305E-1 2.0758E-1 2.59451E-1 2.82987E-1 3.03601E-1 4.59273E-1 4.68698E-1 5.2853E-1 5.56729E-1 5.0189E-1 5.24923E-1 5.55425E-1 5.03184E-1 4.86582E-1 5.04081E-1 5.16761E-1 4.97065E-1 4.84436E-1 4.57683E-1 4.5114E-1 4.6213E-1 4.93096E-1 5.40395E-1 5.45823E-1 5.314E-1 5.48246E-1 5.28787E-1 5.47031E-1 5.77876E-1 5.68367E-1 6.01556E-1 6.19763E-1 6.42486E-1 6.61681E-1 6.62556E-1 6.19083E-1 6.94962E-1 6.84647E-1 6.76669E-1 7.01177E-1 6.83706E-1 6.06531E-1 5.24708E-1 4.72003E-1 5.23013E-1 4.2377E-1 4.04087E-1 2.17301E-1 2.81911E-1 2.27591E-1 2.47818E-1
3.28037E-1 2.77486E-1 2.54335E-1 3.10121E-1 2.55244E-1 2.72717E-1 3.19693E-1 3.40251E-1 2.74421E-1 3.27367E-1 3.17855E-1 2.2885E-1 2.35307E-1 2.59877E-1 3.67616E-1 3.16482E-1 3.23643E-1 5.17002E-1 5.6256E-1 5.88256E-1 5.18101E-1 3.92234E-1 4.99447E-1 4.96657E-1 5.07421E-1 5.09815E-1 4.88186E-1 4.88933E-1 4.75082E-1 4.72277E-1 4.72204E-1 5.25371E-1 4.96024E-1 4.55238E-1 4.06047E-1 4.22223E-1 4.37523E-1 5.09826E-1 5.55412E-1 5.41933E-1 5.78315E-1 6.25075E-1 6.37903E-1 6.52858E-1 6.63788E-1 5.96883E-1 6.4471E-1 6.15225E-1 6.12227E-1 6.71526E-1 4.73101E-1 5.54004E-1 6.1913E-1 6.80712E-1 6.9343E-1 4.67009E-1 3.31594E-1 3.66413E-1 3.57857E-1 2.66614E-1 2.51344E-1
3.58675E-1 3.12459E-1 2.97486E-1 2.94935E-1 2.8435E-1 2.71822E-1 2.93976E-1 3.03365E-1 2.54089E-1 2.67765E-1 2.42103E-1 2.63588E-1 4.27056E-1 2.39894E-1 2.84226E-1 2.6497E-1 3.86737E-1 3.92954E-1 5.21094E-1 5.84127E-1 4.65608E-1 3.8634E-1 4.6057E-1 4.66475E-1 4.44316E-1 5.04374E-1 4.96353E-1 4.69386E-1 4.65949E-1 4.81433E-1 5.31506E-1 5.06138E-1 4.42919E-1 4.11345E-1 4.39345E-1 4.29127E-1 4.49814E-1 4.93076E-1 5.35342E-1 5.45065E-1 5.88797E-1 6.11365E-1 6.04408E-1 6.61799E-1 6.54926E-1 4.94403E-1 5.05729E-1 6.23357E-1 5.32777E-1 5.58441E-1 6.11292E-1 5.01881E-1 3.75648E-1 3.77102E-1 4.67497E-1 6.81812E-1 6.61377E-1 3.42158E-1 2.88161E-1 2.79913E-1 2.70419E-1
3.97135E-1 3.33166E-1 3.2199E-1 3.04472E-1 2.94626E-1 2.61285E-1 2.62615E-1 2.63717E-1 2.74164E-1 2.47929E-1 2.35567E-1 2.82283E-1 2.00142E-1 2.13943E-1 2.51058E-1 3.08605E-1 3.76977E-1 4.06474E-1 4.90883E-1 5.38894E-1 4.72401E-1 3.23629E-1 3.94051E-1 4.1265E-1 4.74721E-1 5.02133E-1 5.03529E-1 5.03863E-1 4.90447E-1 4.90346E-1 5.12095E-1 4.32094E-1 4.29581E-1 4.14889E-1 4.42129E-1 4.61049E-1 4.63189E-1 4.93193E-1 5.2846E-1 5.34765E-1 5.73544E-1 6.19099E-1 6.23078E-1 6.53345E-1 6.66661E-1 5.80076E-1 5.48811E-1 5.70724E-1 5.71715E-1 5.30313E-1 5.84485E-1 5.68568E-1 4.3975E-1 3.55874E-1 3.30565E-1 3.93127E-1 4.52244E-1 6.05718E-1 4.88327E-1 2.72398E-1 3.28444E-1
4.27442E-1 3.89526E-1 3.24064E-1 3.06165E-1 2.89462E-1 2.59498E-1 2.43127E-1 2.36901E-1 2.37233E-1 2.40613E-1 2.16601E-1 2.21697E-1 2.65291E-1 2.97534E-1 2.74683E-1 3.88948E-1 3.69329E-1 3.04561E-1 3.49808E-1 4.12111E-1 5.25889E-1 5.82222E-1 5.20958E-1 5.03214E-1 5.2904E-1 5.21334E-1 5.0881E-1 4.74281E-1 3.97356E-1 3.66345E-1 4.00495E-1 4.38855E-1 4.13458E-1 3.87832E-1 4.10652E-1 4.55426E-1 4.92582E-1 5.12598E-1 5.27174E-1 5.35592E-1 5.60085E-1 6.05392E-1 6.42697E-1 6.46515E-1 6.54743E-1 6.5947E-1 6.00772E-1 5.71898E-1 5.45471E-1 5.34705E-1 5.18912E-1 6.19571E-1 5.99273E-1 4.55182E-1 4.21173E-1 3.08621E-1 2.30621E-1 2.3426E-1 4.02428E-1 5.86763E-1 4.72332E-1
3.7168E-1 3.26062E-1 3.37449E-1 3.38076E-1 3.07217E-1 2.5466E-1 2.53445E-1 2.53657E-1 2.33743E-1 2.33383E-1 2.35956E-1 2.37136E-1 2.86339E-1 3.30441E-1 4.01913E-1 3.43797E-1 3.00449E-1 3.58848E-1 2.02086E-1 3.38248E-1 3.25832E-1 4.78538E-1 5.67122E-1 5.80525E-1 5.6231E-1 5.39101E-1 4.98486E-1 4.58908E-1 4.10952E-1 3.94716E-1 3.94135E-1 4.20343E-1 4.30907E-1 4.47574E-1 4.17921E-1 4.10395E-1 4.57705E-1 4.87738E-1 5.26751E-1 4.77041E-1 4.68633E-1 5.50129E-1 5.69674E-1 6.24382E-1 6.61986E-1 6.64756E-1 6.60893E-1 6.26066E-1 5.3761E-1 4.92707E-1 4.64057E-1 4.73247E-1 5.59292E-1 5.30069E-1 3.58996E-1 3.9143E-1 2.63247E-1 1.9187E-1 2.70226E-1 2.38336E-1 4.42476E-1
-9999 2.5933E-1 3.28894E-1 2.90268E-1 2.89536E-1 2.95076E-1 2.89025E-1 2.46997E-1 2.40013E-1 2.19728E-1 2.38505E-1 2.54059E-1 2.61181E-1 2.83577E-1 2.53465E-1 2.82065E-1 2.2436E-1 3.94172E-1 1.92633E-1 4.26959E-1 3.0293E-1 4.97546E-1 6.11209E-1 5.92141E-1 5.61274E-1 5.23645E-1 4.6835E-1 4.26278E-1 3.87041E-1 3.87393E-1 3.80369E-1 3.66846E-1 3.55952E-1 3.71923E-1 3.99258E-1 4.0457E-1 4.38354E-1 4.52086E-1 5.03342E-1 4.72879E-1 4.51936E-1 5.21369E-1 5.54806E-1 5.81402E-1 6.48179E-1 6.69914E-1 6.64278E-1 6.50864E-1 5.93841E-1 5.35111E-1 4.55995E-1 4.0478E-1 5.57883E-1 5.34745E-1 4.91937E-1 3.77246E-1 3.11427E-1 2.56268E-1 1.70016E-1 1.4824E-1 2.85567E-1
-9999 -9999 -9999 2.4491E-1 3.64643E-1 3.34374E-1 3.24635E-1 2.65046E-1 2.42251E-1 2.40956E-1 2.41189E-1 2.54418E-1 2.70174E-1 2.36225E-1 2.19939E-1 2.5799E-1 2.41399E-1 2.84786E-1 4.07018E-1 3.00002E-1 3.76009E-1 5.49324E-1 6.42344E-1 5.26819E-1 4.03604E-1 3.53389E-1 4.64228E-1 4.01626E-1 2.83004E-1 3.27647E-1 3.03725E-1 3.03668E-1 3.15812E-1 3.31371E-1 3.57285E-1 3.61033E-1 3.8177E-1 4.07269E-1 4.55192E-1 4.47061E-1 3.98185E-1 4.55438E-1 4.93733E-1 5.07276E-1 6.42161E-1 6.66275E-1 6.38887E-1 6.59515E-1 6.0963E-1 5.90396E-1 5.286E-1 5.74433E-1 4.91546E-1 4.81622E-1 5.56706E-1 5.34531E-1 2.71534E-1 3.46386E-1 2.45612E-1 2.0708E-1 2.11484E-1
-9999 -9999 -9999 2.15038E-1 3.18072E-1 3.83507E-1 3.98895E-1 3.07183E-1 3.04651E-1 2.49187E-1 2.62106E-1 2.78554E-1 2.90501E-1 2.9473E-1 2.70694E-1 2.83583E-1 3.27989E-1 3.42137E-1 2.6925E-1 2.66852E-1 3.19579E-1 3.60975E-1 4.25368E-1 3.29659E-1 3.39664E-1 3.58772E-1 4.19898E-1 4.1915E-1 3.75861E-1 3.32954E-1 3.24083E-1 3.17814E-1 3.37466E-1 3.33366E-1 3.39083E-1 3.48334E-1 3.59742E-1 3.75538E-1 3.76573E-1 3.99869E-1 3.87942E-1 4.06139E-1 4.22783E-1 4.91612E-1 6.28124E-1 6.57933E-1 5.93666E-1 6.49129E-1 6.62252E-1 6.58875E-1 6.7242E-1 6.11935E-1 6.09709E-1 6.68491E-1 6.78102E-1 5.34815E-1 5.54192E-1 6.00806E-1 4.78836E-1 2.372E-1 1.62488E-1
-9999 -9999 -9999 -9999 -9999 2.46695E-1 3.1982E-1 3.47341E-1 3.34907E-1 2.96455E-1 3.00611E-1 2.90838E-1 2.7465E-1 2.67646E-1 2.75741E-1 2.76588E-1 3.2267E-1 3.27114E-1 3.40956E-1 4.26687E-1 5.16098E-1 5.68753E-1 5.08172E-1 5.57977E-1 5.39898E-1 5.38466E-1 4.97357E-1 4.30888E-1 3.93497E-1 3.4459E-1 3.21871E-1 3.26724E-1 3.28442E-1 3.13045E-1 3.30872E-1 3.167E-1 3.38405E-1 3.5906E-1 3.50895E-1 3.68282E-1 3.79103E-1 3.98915E-1 4.25806E-1 4.86872E-1 5.81769E-1 6.35351E-1 6.34437E-1 6.28552E-1 6.3881E-1 6.57871E-1 6.66038E-1 6.81692E-1 6.8173E-1 6.66229E-1 6.85205E-1 5.89478E-1 2.56902E-1 3.77225E-1 5.50426E-1 3.77122E-1 4.11591E-1
-9999 -9999 -9999 -9999 -9999 -9999 -9999 3.8095E-1 3.88731E-1 3.33262E-1 3.49726E-1 3.22456E-1 2.92282E-1 2.83006E-1 2.82706E-1 2.95345E-1 2.8243E-1 2.50045E-1 3.80068E-1 2.36622E-1 2.55052E-1 3.58979E-1 2.20669E-1 4.35323E-1 3.38823E-1 5.8193E-1 3.94524E-1 4.29387E-1 4.31429E-1 3.53842E-1 3.37389E-1 3.40751E-1 3.41326E-1 3.25544E-1 3.12338E-1 3.37708E-1 3.31392E-1 3.31805E-1 3.69771E-1 3.36715E-1 3.58603E-1 4.00551E-1 3.98939E-1 4.37884E-1 5.25093E-1 6.01879E-1 6.42497E-1 6.32218E-1 6.22904E-1 6.23288E-1 6.34739E-1 6.5074E-1 6.35843E-1 6.34913E-1 6.6027E-1 6.44883E-1 3.53514E-1 3.02908E-1 6.98509E-1 3.30887E-1 3.00719E-1
-9999 -9999 -9999 -9999 -9999 -9999 -9999 -9999 2.55854E-1 3.0319E-1 3.04118E-1 3.56946E-1 3.33021E-1 3.06817E-1 2.8815E-1 2.84162E-1 3.38043E-1 3.00223E-1 2.10813E-1 3.37653E-1 4.64216E-1 2.76889E-1 1.57609E-1 2.19642E-1 4.32411E-1 4.11879E-1 3.62843E-1 3.82672E-1 3.98613E-1 4.03579E-1 3.61626E-1 3.49319E-1 3.62705E-1 3.599E-1 3.55258E-1 3.83054E-1 3.48457E-1 3.50885E-1 3.95067E-1 3.86609E-1 4.3003E-1 4.21911E-1 3.98805E-1 4.23386E-1 5.39913E-1 5.74774E-1 6.16543E-1 6.31288E-1 6.39342E-1 6.24559E-1 6.05716E-1 6.28074E-1 6.32254E-1 5.9408E-1 4.74876E-1 5.98941E-1 5.47225E-1 3.74688E-1 6.23289E-1 6.70909E-1 5.14569E-1
-9999 -9999 -9999 -9999 -9999 -9999 -9999 -9999 -9999 2.5383E-1 2.8068E-1 3.67428E-1 3.31099E-1 3.11799E-1 3.09555E-1 2.80442E-1 3.43338E-1 3.1718E-1 2.36837E-1 3.64304E-1 3.47246E-1 3.24324E-1 3.76002E-1 2.15685E-1 1.57862E-1 4.5341E-1 3.19275E-1 3.01541E-1 4.13695E-1 4.24094E-1 3.98658E-1 3.84825E-1 3.98263E-1 4.101E-1 3.90451E-1 3.73559E-1 3.74141E-1 3.95524E-1 3.67387E-1 3.64089E-1 4.22152E-1 4.73159E-1 4.92577E-1 5.15707E-1 5.61E-1 5.79455E-1 6.0105E-1 5.9609E-1 6.18001E-1 6.25078E-1 6.24818E-1 6.23462E-1 6.06652E-1 6.58388E-1 6.66781E-1 6.70127E-1 6.71589E-1 6.69474E-1 6.70942E-1 7.01715E-1 3.6293E-1
-9999 -9999 -9999 -9999 -9999 -9999 -9999 -9999 -9999 -9999 2.67837E-1 3.08935E-1 3.32054E-1 3.65274E-1 3.16831E-1 3.16225E-1 3.21431E-1 3.72531E-1 4.24694E-1 3.91249E-1 5.02171E-1 3.94922E-1 3.64578E-1 3.46184E-1 2.07429E-1 3.83552E-1 5.79607E-1 4.29019E-1 3.46158E-1 2.55946E-1 3.48973E-1 4.40458E-1 3.52123E-1 4.54085E-1 4.05203E-1 4.23819E-1 3.96489E-1 3.9771E-1 4.03161E-1 3.89042E-1 3.88043E-1 3.8806E-1 4.04227E-1 4.72079E-1 5.48233E-1 5.80792E-1 5.96859E-1 5.88569E-1 5.88951E-1 5.96838E-1 6.18867E-1 6.22027E-1 6.3114E-1 6.43783E-1 6.52484E-1 6.40577E-1 6.03877E-1 5.93813E-1 5.16397E-1 6.82945E-1 3.86461E-1
-9999 -9999 -9999 -9999 -9999 -9999 -9999 -9999 -9999 -9999 -9999 4.06196E-1 3.63801E-1 3.6646E-1 3.57419E-1 3.12057E-1 3.00793E-1 3.40561E-1 3.87497E-1 4.42992E-1 4.45753E-1 4.45605E-1 3.99346E-1 2.0029E-1 2.04259E-1 3.08098E-1 6.0684E-1 3.67663E-1 1.83428E-1 3.46835E-1 2.56674E-1 1.9194E-1 2.30865E-1 4.75773E-1 3.92687E-1 4.28876E-1 4.11546E-1 4.28937E-1 3.92178E-1 3.88298E-1 4.0057E-1 4.14595E-1 4.30256E-1 4.55769E-1 5.18875E-1 5.88349E-1 6.08938E-1 5.81646E-1 5.69383E-1 5.53772E-1 5.65812E-1 5.80913E-1 6.05766E-1 6.20861E-1 6.24886E-1 6.09273E-1 5.67046E-1 5.55243E-1 6.64798E-1 6.88229E-1 6.4296E-1
-9999 -9999 -9999 -9999 -9999 -9999 -9999 -9999 -9999 -9999 -9999 4.1414E-1 3.85846E-1 3.59089E-1 3.93002E-1 3.61957E-1 3.64871E-1 3.61415E-1 3.38328E-1 3.14104E-1 3.21193E-1 3.84195E-1 2.96962E-1 2.27983E-1 3.34381E-1 4.65761E-1 3.85915E-1 1.48809E-1 1.07875E-1 3.06833E-1 4.13141E-1 3.49974E-1 3.79141E-1 4.42161E-1 3.71E-1 4.7727E-1 3.42742E-1 3.639E-1 4.15496E-1 3.76045E-1 3.84725E-1 3.97257E-1 3.92443E-1 4.1935E-1 4.91228E-1 5.38389E-1 5.94141E-1 6.03384E-1 5.80369E-1 5.59148E-1 5.63093E-1 5.73399E-1 5.95621E-1 6.13118E-1 6.0832E-1 6.08581E-1 5.90217E-1 5.59406E-1 6.72525E-1 6.12966E-1 3.86237E-1
-9999 -9999 -9999 -9999 -9999 -9999 -9999 -9999 -9999 -9999 -9999 -9999 -9999 3.95969E-1 4.4832E-1 4.47634E-1 4.16439E-1 4.05925E-1 3.3487E-1 3.38209E-1 4.31288E-1 4.30632E-1 5.06362E-1 4.44384E-1 2.82385E-1 4.5409E-1 5.36709E-1 2.54415E-1 1.71233E-1 4.4822E-1 6.177E-1 2.77895E-1 1.4476E-1 1.73419E-1 2.20331E-1 5.10835E-1 3.74926E-1 3.35224E-1 4.14483E-1 2.25417E-1 2.56152E-1 3.2592E-1 3.49768E-1 4.13471E-1 3.90883E-1 4.08556E-1 5.99781E-1 6.1499E-1 5.172E-1 5.42713E-1 5.74031E-1 5.81252E-1 5.97076E-1 6.14574E-1 6.16333E-1 5.82147E-1 5.48979E-1 5.39371E-1 6.59426E-1 6.86894E-1 6.8413E-1
-9999 -9999 -9999 -9999 -9999 -9999 -9999 -9999 -9999 -9999 -9999 -9999 -9999 4.14006E-1 4.49849E-1 4.6831E-1 4.46405E-1 4.35929E-1 4.44269E-1 4.35952E-1 4.06611E-1 4.38076E-1 4.41452E-1 5.40587E-1 3.83585E-1 3.77216E-1 4.71137E-1 2.54505E-1 1.51256E-1 4.69743E-1 5.48302E-1 2.96967E-1 1.28407E-1 2.12208E-1 2.30776E-1 3.19753E-1 2.41596E-1 1.40019E-1 3.167E-1 2.28542E-1 1.68375E-1 2.55302E-1 3.69986E-1 4.30477E-1 3.37213E-1 4.14977E-1 4.26166E-1 5.98729E-1 5.97294E-1 4.54565E-1 5.89363E-1 5.823E-1 5.77168E-1 5.6181E-1 6.10971E-1 5.78929E-1 5.02633E-1 4.85048E-1 6.58814E-1 6.77574E-1 6.64856E-1
-9999 -9999 -9999 -9999 -9999 2.24463E-1 -9999 -9999 -9999 -9999 3.24622E-1 4.13915E-1 3.86937E-1 3.86018E-1 3.79319E-1 4.60003E-1 4.92349E-1 4.83226E-1 4.90127E-1 4.90716E-1 4.86562E-1 4.34022E-1 4.40851E-1 4.55565E-1 4.83081E-1 4.15637E-1 3.83407E-1 4.32533E-1 2.77185E-1 2.83051E-1 4.64442E-1 4.48971E-1 3.08736E-1 4.80206E-1 2.30999E-1 3.03688E-1 2.0242E-1 9.67562E-2 2.0101E-1 3.12576E-1 2.41223E-1 2.78938E-1 4.78056E-1 5.67542E-1 4.76268E-1 4.17854E-1 5.45717E-1 5.21101E-1 6.00265E-1 5.3977E-1 5.51035E-1 5.77856E-1 5.65302E-1 5.65765E-1 6.1997E-1 6.10074E-1 5.23339E-1 5.73521E-1 6.62044E-1 6.46478E-1 5.49151E-1
-9999 -9999 -9999 -9999 -9999 -9999 2.21316E-1 3.24774E-1 2.84269E-1 3.0899E-1 3.48909E-1 4.71326E-1 4.79041E-1 4.80343E-1 5.29495E-1 5.29288E-1 5.43221E-1 4.31486E-1 4.35348E-1 4.86524E-1 4.84579E-1 5.28315E-1 5.00079E-1 4.36331E-1 4.74744E-1 4.25656E-1 4.03813E-1 4.54265E-1 4.95058E-1 3.34523E-1 4.66435E-1 3.55078E-1 3.34339E-1 2.33056E-1 3.57334E-1 2.05814E-1 2.74314E-1 1.83056E-1 4.01477E-1 2.70498E-1 2.68992E-1 2.64184E-1 4.47284E-1 3.46815E-1 2.39382E-1 4.77938E-1 6.54736E-1 6.43312E-1 6.26484E-1 5.01788E-1 6.03536E-1 5.94171E-1 5.14391E-1 5.67418E-1 5.71777E-1 5.74008E-1 5.94492E-1 5.97082E-1 6.34495E-1 6.51829E-1 6.52975E-1
-9999 -9999 -9999 -9999 -9999 -9999 -9999 -9999 -9999 -9999 3.6067E-1 4.79593E-1 4.704E-1 5.23494E-1 5.48893E-1 5.87717E-1 5.64248E-1 5.33992E-1 5.18422E-1 4.07621E-1 4.56148E-1 5.29034E-1 5.13322E-1 5.08654E-1 5.38549E-1 5.29748E-1 5.01297E-1 4.83413E-1 4.67249E-1 4.49882E-1 4.18446E-1 4.28488E-1 4.05712E-1 4.71174E-1 5.46534E-1 5.92792E-1 3.14786E-1 1.93164E-1 3.25844E-1 5.11477E-1 4.99721E-1 5.18414E-1 3.59145E-1 4.08379E-1 4.86401E-1 6.83473E-1 2.54355E-1 5.32447E-1 5.24446E-1 6.40819E-1 4.96263E-1 5.83542E-1 5.63122E-1 4.79938E-1 5.42432E-1 5.5011E-1 5.69698E-1 6.23598E-1 6.13799E-1 6.46331E-1 6.54019E-1
-9999 -9999 -9999 -9999 -9999 -9999 -9999 -9999 -9999 -9999 -9999 4.12791E-1 3.9297E-1 4.89721E-1 4.24468E-1 5.38702E-1 4.48336E-1 4.41356E-1 5.28169E-1 4.25833E-1 3.69778E-1 4.04694E-1 4.89493E-1 4.98314E-1 5.08714E-1 5.11667E-1 5.16222E-1 5.23273E-1 5.07585E-1 4.88878E-1 4.29859E-1 4.48815E-1 4.43478E-1 4.36492E-1 4.07141E-1 4.55914E-1 2.22115E-1 2.66335E-1 5.21575E-1 1.75533E-1 2.6443E-1 4.30339E-1 6.82379E-1 6.92195E-1 4.87267E-1 3.92576E-1 3.42943E-1 2.56223E-1 2.90257E-1 6.14324E-1 6.13826E-1 6.28824E-1 5.8655E-1 5.10597E-1 5.18202E-1 5.63895E-1 5.15492E-1 6.04208E-1 6.00102E-1 5.79733E-1 6.17299E-1
-9999 -9999 -9999 -9999 -9999 -9999 -9999 -9999 -9999 -9999 -9999 -9999 3.62784E-1 4.00953E-1 4.55717E-1 4.74304E-1 4.3692E-1 4.97188E-1 5.85949E-1 5.69707E-1 5.47323E-1 5.27641E-1 4.45494E-1 5.08919E-1 5.88346E-1 6.34243E-1 6.43722E-1 5.4769E-1 5.63206E-1 5.45E-1 5.09873E-1 4.76742E-1 4.39562E-1 4.93093E-1 5.08499E-1 4.59513E-1 3.99007E-1 3.90777E-1 5.34101E-1 3.87986E-1 3.47727E-1 5.095E-1 6.58616E-1 5.18939E-1 6.79349E-1 4.78349E-1 2.8132E-1 4.79026E-1 3.70214E-1 4.07429E-1 7.03317E-1 6.52341E-1 6.33074E-1 6.24999E-1 5.88651E-1 5.87237E-1 5.87716E-1 5.42265E-1 6.03528E-1 5.92066E-1 6.21301E-1
-9999 -9999 -9999 -9999 -9999 -9999 -9999 -9999 -9999 -9999 -9999 -9999 3.44257E-1 4.02041E-1 4.54962E-1 5.01719E-1 5.20454E-1 5.15885E-1 5.22522E-1 4.40821E-1 4.39841E-1 5.95559E-1 4.76478E-1 5.30243E-1 5.40372E-1 6.91003E-1 7.22501E-1 6.55255E-1 6.1811E-1 5.43555E-1 5.67952E-1 5.05821E-1 5.35845E-1 5.75864E-1 5.109E-1 4.37298E-1 4.42612E-1 4.39666E-1 3.38312E-1 5.0297E-1 4.18766E-1 6.11755E-1 4.99426E-1 2.46117E-1 6.63481E-1 5.64553E-1 3.57358E-1 4.21912E-1 2.79517E-1 5.12115E-1 6.73496E-1 5.36608E-1 4.44751E-1 6.53894E-1 6.36834E-1 6.04055E-1 5.80607E-1 5.84242E-1 6.03319E-1 6.19087E-1 5.60992E-1
-9999 -9999 -9999 -9999 -9999 -9999 -9999 -9999 -9999 -9999 -9999 -9999 -9999 -9999 -9999 4.30532E-1 4.55557E-1 5.00886E-1 5.2743E-1 4.8243E-1 4.58554E-1 4.379E-1 5.39811E-1 5.38967E-1 4.76774E-1 5.40225E-1 7.1891E-1 7.17682E-1 7.17746E-1 6.82846E-1 5.11988E-1 5.46986E-1 5.66418E-1 5.78805E-1 5.90022E-1 4.88054E-1 4.6858E-1 4.20328E-1 3.88243E-1 4.46168E-1 5.82321E-1 4.62683E-1 2.93002E-1 3.29632E-1 4.20482E-1 6.31454E-1 5.42447E-1 5.34684E-1 6.27585E-1 5.64759E-1 5.52794E-1 6.56259E-1 4.83786E-1 6.31339E-1 6.5362E-1 6.32E-1 6.11311E-1 5.93174E-1 5.17762E-1 4.97926E-1 5.68107E-1
-9999 -9999 -9999 -9999 -9999 -9999 -9999 -9999 -9999 -9999 -9999 -9999 -9999 -9999 -9999 -9999 -9999 5.33057E-1 4.6444E-1 5.30185E-1 5.1017E-1 5.4227E-1 5.13722E-1 5.56636E-1 4.59867E-1 4.28499E-1 5.47632E-1 5.04084E-1 5.74265E-1 7.30103E-1 7.0636E-1 -9999 6.31293E-1 6.34747E-1 5.57863E-1 5.10477E-1 5.2279E-1 4.25777E-1 4.43825E-1 4.51618E-1 4.23175E-1 5.52495E-1 4.10548E-1 5.48551E-1 3.75201E-1 5.21306E-1 6.27359E-1 6.51037E-1 5.73394E-1 5.61391E-1 5.92678E-1 6.17926E-1 5.47191E-1 5.05262E-1 5.7303E-1 6.5901E-1 6.33826E-1 5.60714E-1 5.71132E-1 5.56513E-1 6.10977E-1
-9999 -9999 -9999 -9999 -9999 -9999 -9999 -9999 -9999 -9999 -9999 -9999 -9999 -9999 -9999 -9999 -9999 -9999 5.08992E-1 5.15139E-1 5.00957E-1 5.05707E-1 5.2164E-1 5.04415E-1 4.68851E-1 4.0218E-1 5.07595E-1 4.10008E-1 6.20409E-1 6.16725E-1 6.95647E-1 6.84486E-1 6.05143E-1 6.04337E-1 5.45768E-1 5.45857E-1 5.82851E-1 5.49564E-1 4.6902E-1 5.02763E-1 4.82519E-1 4.35591E-1 4.82798E-1 4.4844E-1 5.68814E-1 5.702E-1 5.57944E-1 5.29642E-1 6.69603E-1 6.26503E-1 5.25721E-1 5.74434E-1 5.2707E-1 5.03935E-1 5.82687E-1 6.72003E-1 6.56746E-1 6.29332E-1 5.18474E-1 4.55822E-1 5.62168E-1
