data/maxent/outputs/white_268.asc
ncols         426
nrows         180
xllcorner     -130.0
yllcorner     24.0
cellsize      0.16666666666666666
NODATA_value  -9999
[rows 108 to 134 of 180, columns 61 to 121 of 426]
1.44394E-1 1.76666E-1 1.51999E-1 1.99209E-1 2.36584E-1 3.21634E-1 8.21689E-1 7.33803E-1 7.56439E-1 4.83808E-1 5.34479E-1 2.68989E-1 1.02362E-1 1.77617E-1 1.7806E-1 6.30164E-2 2.27159E-1 9.00764E-2 2.40816E-2 5.64262E-2 8.65502E-2 2.30863E-2 6.47136E-2 4.87714E-2 4.48942E-2 1.08625E-1 1.10925E-1 7.0328E-2 1.027E-1 6.46945E-2 1.02623E-1 1.11505E-1 8.08151E-2 9.43533E-2 1.09633E-1 1.46425E-1 1.10873E-1 1.26438E-1 1.46434E-1 1.55955E-1 2.26317E-1 1.04668E-1 6.908E-2 6.19601E-2 6.79651E-2 9.90928E-2 1.49986E-1 1.89078E-1 1.22865E-1 6.1873E-2 1.804E-2 1.58795E-2 3.21523E-2 3.7588E-2 3.60449E-2 4.88671E-2 4.74634E-2 5.2834E-2 6.82756E-2 1.01757E-1 4.27408E-2
1.65899E-1 1.4501E-1 1.52828E-1 1.82382E-1 2.08169E-1 3.03423E-1 7.87101E-1 8.06796E-1 7.535E-1 6.96173E-1 6.15161E-1 2.53041E-1 2.99218E-2 4.42113E-2 8.27614E-2 8.00243E-2 8.217E-2 6.65003E-2 6.35717E-2 2.08758E-2 2.48657E-2 2.44933E-2 4.73411E-2 1.70238E-1 8.22843E-2 4.43989E-2 8.83938E-2 7.66602E-2 9.79678E-2 1.00107E-1 1.31539E-1 1.31647E-1 9.41735E-2 1.64466E-1 9.43535E-2 1.53618E-1 1.31613E-1 1.12915E-1 1.19845E-1 1.61258E-1 1.94255E-1 1.3353E-1 8.84192E-2 5.90764E-2 6.14302E-2 6.52723E-2 8.20326E-2 1.02859E-1 9.60546E-2 5.34768E-2 2.17826E-2 1.39035E-2 2.18756E-2 2.73103E-2 2.99455E-2 2.81189E-2 3.42633E-2 5.75662E-2 6.4809E-2 6.05202E-2 5.39139E-2
2.36273E-1 1.73739E-1 1.72709E-1 1.72835E-1 1.92814E-1 2.77134E-1 7.64723E-1 8.07606E-1 7.36171E-1 5.54592E-1 6.07166E-1 1.92218E-1 8.26264E-2 6.3197E-2 3.96567E-2 7.06564E-2 6.69235E-2 1.16773E-1 8.32526E-2 6.57162E-2 9.27048E-2 2.93817E-2 2.4175E-2 8.01859E-2 7.80815E-2 1.33744E-1 6.53639E-2 1.66744E-1 1.88183E-1 1.59503E-1 1.35757E-1 1.6042E-1 1.11615E-1 1.69336E-1 8.92084E-2 7.32151E-2 1.59011E-1 1.08058E-1 1.05836E-1 1.12386E-1 1.33051E-1 1.41595E-1 1.41367E-1 8.54057E-2 7.60979E-2 8.45039E-2 1.02894E-1 1.32862E-1 1.14479E-1 8.54389E-2 4.58612E-2 1.95156E-2 2.09575E-2 2.0424E-2 2.16242E-2 2.5952E-2 4.06309E-2 5.75698E-2 4.66904E-2 3.97601E-2 4.41418E-2
3.67155E-1 1.87527E-1 1.53944E-1 1.37683E-1 1.55813E-1 1.85891E-1 5.04812E-1 8.11985E-1 8.14448E-1 6.37953E-1 3.37229E-1 1.64722E-1 1.29407E-1 1.40271E-1 8.35064E-2 1.14835E-1 1.1635E-1 9.65445E-2 1.03735E-1 1.05659E-1 9.16317E-2 5.67278E-2 2.59376E-2 1.02598E-1 1.06471E-1 1.27853E-1 9.2685E-2 1.23714E-1 1.91633E-1 1.54113E-1 1.02246E-1 1.06294E-1 1.81167E-1 1.72525E-1 1.7424E-1 8.01093E-2 1.34244E-1 1.13823E-1 1.39234E-1 1.06953E-1 9.5452E-2 1.35204E-1 1.71107E-1 1.17437E-1 1.43028E-1 1.69943E-1 2.19691E-1 2.65928E-1 2.73346E-1 2.40669E-1 9.66473E-2 4.55119E-2 2.81829E-2 2.09382E-2 1.7224E-2 2.323E-2 5.73098E-2 6.92963E-2 5.69334E-2 3.85311E-2 4.16412E-2
6.67223E-1 3.63651E-1 1.91048E-1 1.36312E-1 1.59687E-1 1.74007E-1 3.16401E-1 5.93982E-1 5.92313E-1 5.91638E-1 2.12664E-1 7.13488E-2 1.0325E-1 6.71458E-2 6.77154E-2 1.14592E-1 5.52988E-2 8.33672E-2 9.68853E-2 5.4402E-2 2.52955E-2 5.87453E-2 1.46647E-2 3.26037E-2 1.33508E-1 1.64897E-1 1.68073E-1 2.08874E-1 1.85075E-1 1.22986E-1 2.21345E-1 1.15418E-1 2.58337E-1 1.25366E-1 1.61246E-1 1.15643E-1 1.64768E-1 1.67579E-1 1.42457E-1 1.24507E-1 1.58132E-1 9.82315E-2 1.48501E-1 9.50257E-2 1.60112E-1 3.21159E-1 2.80661E-1 2.1977E-1 2.78995E-1 2.89236E-1 1.49503E-1 9.76458E-2 6.24291E-2 2.56523E-2 1.57092E-2 2.47771E-2 4.5591E-2 5.49936E-2 3.85303E-2 3.61305E-2 3.17561E-2
6.65484E-1 6.00091E-1 3.15283E-1 2.22029E-1 2.37226E-1 2.57377E-1 4.60675E-1 6.97069E-1 6.36735E-1 3.54621E-1 1.33511E-1 5.77695E-2 4.13419E-2 4.48697E-2 2.46041E-2 2.74389E-2 7.85486E-2 9.55907E-2 2.93042E-2 4.87578E-2 2.35512E-2 1.75106E-2 8.95553E-3 2.38016E-2 1.16111E-1 1.17163E-1 2.37514E-1 2.09441E-1 1.54546E-1 1.17979E-1 1.25037E-1 6.60378E-2 2.41335E-1 1.28518E-1 1.71578E-1 3.02672E-1 1.8363E-1 1.77468E-1 1.98726E-1 1.45271E-1 1.61469E-1 2.06681E-1 1.11303E-1 1.57455E-1 1.46547E-1 3.30861E-1 3.61145E-1 3.53346E-1 3.26934E-1 2.79783E-1 2.24847E-1 1.64493E-1 9.78855E-2 5.18472E-2 2.45973E-2 2.12718E-2 2.66398E-2 3.50218E-2 2.76882E-2 3.82359E-2 3.55555E-2
8.2501E-1 6.93295E-1 7.60225E-1 8.01428E-1 8.04554E-1 6.49598E-1 6.66838E-1 6.75038E-1 4.89455E-1 2.6615E-1 1.28288E-1 5.70341E-2 4.14292E-2 5.13479E-2 3.13196E-2 2.25901E-2 3.94536E-2 5.99731E-2 4.16387E-2 2.52058E-2 9.18105E-2 4.57816E-2 6.0358E-2 3.77181E-2 4.31895E-2 2.15084E-1 1.43152E-1 1.1808E-1 1.20004E-1 1.12635E-1 9.28339E-2 4.7092E-2 1.3782E-1 1.56299E-1 1.3806E-1 2.98072E-1 2.05889E-1 1.9943E-1 2.24269E-1 2.65359E-1 2.24517E-1 3.17222E-1 1.50989E-1 1.02386E-1 1.47649E-1 1.65265E-1 2.81942E-1 3.70642E-1 4.03713E-1 3.60157E-1 2.70076E-1 2.19939E-1 1.37158E-1 9.32906E-2 5.71865E-2 4.30003E-2 3.4546E-2 3.77965E-2 3.06043E-2 3.35162E-2 3.35813E-2
8.73198E-1 8.45487E-1 8.0911E-1 7.89906E-1 6.93455E-1 7.72221E-1 6.67476E-1 6.75144E-1 5.88981E-1 2.69201E-1 1.14972E-1 7.03364E-2 8.94262E-2 9.26146E-2 4.20939E-2 7.26828E-2 1.43414E-1 1.93753E-1 2.75512E-1 1.56119E-1 7.49416E-2 6.39951E-2 4.85483E-2 8.87297E-2 1.85715E-1 1.54134E-1 1.26018E-1 5.98074E-2 1.40256E-1 8.82295E-2 1.22376E-1 7.73096E-2 8.64078E-2 9.55503E-2 1.07752E-1 2.16319E-1 2.47639E-1 1.59422E-1 2.66706E-1 2.4856E-1 2.6512E-1 3.0358E-1 2.22155E-1 1.77209E-1 1.54914E-1 2.75701E-1 3.02368E-1 1.64381E-1 2.88197E-1 3.34682E-1 3.3499E-1 2.04676E-1 1.82915E-1 1.6138E-1 1.04063E-1 8.01335E-2 7.2251E-2 5.74868E-2 4.31572E-2 3.54542E-2 3.5908E-2
9.2392E-1 9.00122E-1 8.73142E-1 8.62866E-1 8.31494E-1 8.46336E-1 8.40413E-1 8.39665E-1 7.80261E-1 5.99409E-1 2.71691E-1 1.63346E-1 1.34751E-1 1.23121E-1 8.37058E-2 1.40506E-1 3.23398E-1 2.43543E-1 3.31809E-1 2.53205E-1 1.72892E-1 1.4406E-1 4.75874E-2 2.53861E-2 3.3502E-2 3.31426E-2 3.55506E-2 1.31852E-1 1.34595E-1 8.67475E-2 7.93077E-2 1.37315E-1 1.05692E-1 1.67809E-1 1.28782E-1 1.19837E-1 2.20619E-1 1.88841E-1 2.35146E-1 2.83488E-1 2.94746E-1 2.65545E-1 2.68912E-1 3.3463E-1 2.97758E-1 2.55932E-1 3.33642E-1 1.84208E-1 2.14157E-1 3.30991E-1 2.88666E-1 2.74036E-1 2.71323E-1 2.30778E-1 1.88257E-1 1.54234E-1 9.80445E-2 8.9606E-2 6.66756E-2 6.89371E-2 6.10306E-2
9.93102E-1 9.85919E-1 9.89087E-1 9.54314E-1 9.19484E-1 8.89297E-1 8.67042E-1 7.81295E-1 7.88071E-1 7.70168E-1 7.73676E-1 7.42362E-1 7.12547E-1 6.71546E-1 4.8196E-1 3.13805E-1 6.60829E-1 4.65167E-1 3.27272E-1 1.50197E-1 1.33619E-1 1.23934E-1 1.24026E-1 6.15669E-2 2.89912E-2 1.40848E-2 1.89087E-2 8.52287E-2 7.80163E-2 8.37063E-2 1.01319E-1 7.59073E-2 1.00968E-1 1.20368E-1 1.43094E-1 1.32791E-1 1.74879E-1 1.7576E-1 2.51569E-1 2.50706E-1 2.73446E-1 2.85261E-1 2.59413E-1 3.08699E-1 4.01215E-1 3.31194E-1 2.32065E-1 3.41994E-1 3.04997E-1 3.63753E-1 3.75548E-1 3.64914E-1 3.71874E-1 3.33021E-1 2.74838E-1 2.1742E-1 1.97265E-1 1.56689E-1 1.18263E-1 1.46501E-1 1.62311E-1
-9999 -9999 9.92245E-1 9.70107E-1 8.77417E-1 8.87836E-1 8.606E-1 8.60449E-1 8.87807E-1 9.14013E-1 8.94665E-1 9.03559E-1 8.48075E-1 7.78879E-1 7.94221E-1 8.14239E-1 7.12584E-1 5.8864E-1 6.14369E-1 7.35489E-1 2.33104E-1 8.4694E-2 4.84397E-2 4.78757E-2 7.57306E-2 3.65338E-2 1.68237E-2 2.57882E-2 2.71051E-2 1.14176E-1 1.37987E-1 9.81115E-2 1.33403E-1 1.3044E-1 1.16197E-1 1.02215E-1 1.28192E-1 1.454E-1 1.07843E-1 1.64615E-1 2.1267E-1 2.81634E-1 3.55258E-1 2.76729E-1 3.7039E-1 3.70031E-1 2.79275E-1 3.56931E-1 4.08488E-1 3.6615E-1 2.69571E-1 2.99349E-1 3.5001E-1 3.67616E-1 3.41858E-1 3.31734E-1 3.02837E-1 3.0284E-1 2.5486E-1 2.6319E-1 2.95759E-1
9.90908E-1 9.72325E-1 6.39982E-1 9.72658E-1 9.42905E-1 9.78485E-1 9.50502E-1 9.81809E-1 9.84832E-1 9.61186E-1 9.37954E-1 9.18012E-1 8.69273E-1 8.20574E-1 7.81607E-1 7.28031E-1 7.55901E-1 6.65093E-1 6.68535E-1 6.56367E-1 4.1568E-1 2.95136E-1 2.23692E-1 1.18827E-1 3.85904E-2 5.24344E-2 6.88684E-2 3.72153E-2 3.48304E-2 3.9163E-2 5.59705E-2 8.27771E-2 6.73626E-2 6.00332E-2 6.44332E-2 8.16559E-2 1.14923E-1 1.15245E-1 2.08508E-1 1.68264E-1 1.32886E-1 1.59697E-1 2.19525E-1 3.63105E-1 3.82969E-1 4.15053E-1 3.97795E-1 3.86818E-1 3.51568E-1 4.07929E-1 3.68161E-1 3.48333E-1 3.04854E-1 3.04406E-1 3.15558E-1 3.01048E-1 3.04317E-1 3.09019E-1 3.42892E-1 3.83021E-1 3.57923E-1
9.84723E-1 9.67872E-1 -9999 -9999 -9999 -9999 -9999 -9999 9.87017E-1 9.54112E-1 9.52436E-1 9.49207E-1 9.06437E-1 8.36821E-1 8.03349E-1 7.30018E-1 6.41833E-1 6.83117E-1 7.03373E-1 2.94213E-1 2.02825E-1 3.14561E-1 3.39894E-1 1.70974E-1 6.51585E-2 5.47501E-2 4.32889E-2 3.1397E-2 6.92384E-2 6.63084E-2 5.47844E-2 8.39597E-2 5.07183E-2 4.96269E-2 6.18305E-2 5.99114E-2 1.00614E-1 1.64844E-1 1.10762E-1 1.29169E-1 1.19389E-1 1.63703E-1 2.09884E-1 2.77169E-1 3.25288E-1 3.04761E-1 3.25291E-1 4.06287E-1 3.86621E-1 4.33343E-1 3.98596E-1 3.61798E-1 3.74634E-1 3.84886E-1 3.22819E-1 3.37127E-1 3.2148E-1 2.41897E-1 3.23204E-1 3.42793E-1 3.5413E-1
-9999 -9999 -9999 -9999 -9999 -9999 -9999 -9999 9.94098E-1 9.8723E-1 9.75778E-1 9.75928E-1 9.38587E-1 9.27447E-1 8.23874E-1 6.25931E-1 5.7077E-1 5.96353E-1 7.70013E-1 8.1211E-1 2.05529E-1 1.10382E-1 1.5572E-1 2.07162E-1 1.49993E-1 1.09755E-1 3.03508E-2 1.70681E-2 5.12114E-2 5.40231E-2 4.45213E-2 6.47708E-2 5.06171E-2 5.28944E-2 1.07541E-1 5.78276E-2 1.01693E-1 1.10636E-1 1.92507E-1 1.86791E-1 1.82961E-1 1.50993E-1 1.41264E-1 1.30713E-1 1.59094E-1 1.83823E-1 1.91289E-1 2.52856E-1 2.93323E-1 3.82787E-1 4.17062E-1 4.19207E-1 4.39141E-1 4.17147E-1 3.41706E-1 3.72468E-1 3.52579E-1 2.79816E-1 2.64136E-1 3.07942E-1 3.75103E-1
-9999 -9999 -9999 -9999 -9999 -9999 -9999 -9999 -9999 -9999 9.6549E-1 9.87861E-1 9.71079E-1 8.74629E-1 9.00279E-1 7.47852E-1 6.45528E-1 6.62108E-1 7.30174E-1 7.23687E-1 7.17472E-1 1.89254E-1 5.70905E-2 7.18838E-2 1.04721E-1 6.40054E-2 1.29216E-1 6.86125E-2 2.73382E-2 2.75513E-2 3.44826E-2 3.4843E-2 8.32034E-2 8.09551E-2 1.3031E-1 1.29651E-1 7.54742E-2 7.4947E-2 7.397E-2 7.74102E-2 1.4856E-1 1.40844E-1 1.09602E-1 2.14698E-1 1.07148E-1 1.36415E-1 1.74311E-1 2.02703E-1 2.47372E-1 2.71056E-1 4.37539E-1 4.98301E-1 4.64864E-1 3.97105E-1 3.91715E-1 3.79161E-1 3.90559E-1 3.63576E-1 3.07677E-1 2.45398E-1 3.14142E-1
-9999 -9999 -9999 -9999 1.78313E-1 -9999 -9999 9.29243E-1 9.83609E-1 1.61697E-1 -9999 -9999 9.85822E-1 9.41998E-1 8.99027E-1 8.24686E-1 7.91667E-1 8.25626E-1 7.44729E-1 7.25472E-1 5.12726E-1 4.26653E-1 1.40032E-1 1.35491E-1 3.487E-2 6.38322E-2 7.82206E-2 8.25831E-2 4.70712E-2 4.08241E-2 3.38512E-2 4.14378E-2 8.43869E-2 5.87995E-2 1.57587E-1 1.64011E-1 1.40937E-1 1.08192E-1 1.28228E-1 1.16388E-1 9.82804E-2 9.41635E-2 7.72181E-2 8.35328E-2 8.08853E-2 9.37223E-2 1.43997E-1 1.73185E-1 1.9755E-1 2.43044E-1 3.96199E-1 4.95529E-1 4.53079E-1 4.15698E-1 3.83554E-1 2.78814E-1 2.38268E-1 2.71063E-1 2.95922E-1 3.32002E-1 2.21014E-1
-9999 7.21174E-1 7.41894E-1 -9999 -9999 -9999 -9999 -9999 9.59842E-1 9.57192E-1 -9999 -9999 -9999 -9999 9.39834E-1 8.45725E-1 8.40659E-1 8.50894E-1 7.28631E-1 7.27772E-1 5.03894E-1 1.76659E-1 1.26552E-1 5.83198E-2 1.20667E-1 3.88663E-2 2.96302E-2 5.17398E-2 4.53058E-2 4.07343E-2 3.86211E-2 5.70848E-2 8.5815E-2 1.07039E-1 1.18994E-1 1.5336E-1 1.37E-1 1.08784E-1 1.01002E-1 1.29613E-1 1.094E-1 1.00346E-1 8.5693E-2 9.57427E-2 8.56178E-2 1.59907E-1 1.00547E-1 1.03912E-1 1.36359E-1 1.35133E-1 1.91936E-1 3.68895E-1 4.92037E-1 4.61416E-1 4.35179E-1 3.62349E-1 1.8282E-1 1.85521E-1 2.4211E-1 1.9312E-1 2.46896E-1
-9999 -9999 -9999 -9999 -9999 -9999 -9999 4.40056E-1 -9999 -9999 -9999 -9999 -9999 -9999 9.31536E-1 9.7699E-1 8.77543E-1 8.20135E-1 8.22486E-1 7.66776E-1 6.04798E-1 3.65505E-1 1.25932E-1 5.54908E-2 4.36634E-2 3.02031E-2 2.01943E-2 2.20813E-2 3.43243E-2 5.05325E-2 4.88632E-2 4.50952E-2 4.76846E-2 7.50565E-2 1.25509E-1 6.82415E-2 8.43927E-2 8.43088E-2 6.24111E-2 6.9519E-2 8.49809E-2 9.9753E-2 1.02527E-1 1.21819E-1 1.20041E-1 9.64556E-2 7.72581E-2 7.64231E-2 1.2011E-1 1.13895E-1 1.35871E-1 2.50382E-1 3.66372E-1 3.77915E-1 4.02504E-1 3.74213E-1 3.56588E-1 3.69063E-1 1.31776E-1 1.74075E-1 2.61151E-1
-9999 -9999 -9999 -9999 -9999 -9999 -9999 6.90173E-1 9.38935E-1 -9999 -9999 -9999 -9999 -9999 -9999 9.8278E-1 8.80729E-1 8.58109E-1 8.57988E-1 7.50797E-1 7.52074E-1 3.12972E-1 1.65301E-1 8.223E-2 4.19121E-2 2.40265E-2 1.83678E-2 1.50162E-2 1.63893E-2 2.54126E-2 4.47712E-2 4.50165E-2 3.76067E-2 4.65518E-2 7.18927E-2 5.37585E-2 3.55486E-2 3.86786E-2 3.55912E-2 5.24107E-2 6.7955E-2 6.24163E-2 7.20971E-2 1.06486E-1 1.81055E-1 1.18897E-1 1.00707E-1 7.94006E-2 9.95317E-2 8.97706E-2 1.20931E-1 2.22224E-1 3.78728E-1 4.34769E-1 2.69936E-1 3.71713E-1 3.62163E-1 4.03747E-1 1.96658E-1 7.55706E-2 1.09856E-1
-9999 -9999 -9999 -9999 -9999 -9999 -9999 -9999 7.36987E-1 -9999 -9999 -9999 -9999 -9999 -9999 9.55702E-1 9.36295E-1 8.44987E-1 8.92483E-1 8.52543E-1 7.81847E-1 4.53082E-1 2.37003E-1 1.13149E-1 3.50288E-2 1.97694E-2 1.69466E-2 1.36999E-2 1.31472E-2 1.8495E-2 2.89959E-2 2.90349E-2 3.57416E-2 4.61479E-2 3.69087E-2 2.45232E-2 3.68653E-2 2.77195E-2 4.09013E-2 4.49341E-2 4.97343E-2 6.19812E-2 1.15004E-1 1.48999E-1 2.20642E-1 1.47941E-1 2.05391E-1 8.82518E-2 7.79653E-2 8.2887E-2 1.68398E-1 1.72772E-1 3.52604E-1 4.2116E-1 3.52158E-1 3.27935E-1 4.15995E-1 3.07837E-1 3.59995E-1 3.91238E-1 1.21594E-1
-9999 -9999 -9999 -9999 -9999 -9999 -9999 -9999 -9999 -9999 -9999 -9999 -9999 -9999 -9999 -9999 9.26441E-1 8.66682E-1 8.38182E-1 8.02527E-1 6.27609E-1 3.93974E-1 2.95345E-1 1.98553E-1 6.17947E-2 2.94189E-2 2.22366E-2 1.50789E-2 1.33761E-2 1.46004E-2 2.12245E-2 2.47569E-2 3.21015E-2 4.88077E-2 3.28664E-2 3.71613E-2 3.28488E-2 4.18638E-2 4.04555E-2 5.67575E-2 9.58339E-2 9.58389E-2 1.46997E-1 2.03322E-1 2.28719E-1 1.40847E-1 1.48006E-1 1.16331E-1 1.10822E-1 1.14189E-1 1.28013E-1 1.6217E-1 3.57997E-1 3.51194E-1 4.27127E-1 2.85217E-1 3.57884E-1 3.75217E-1 1.8031E-1 2.98107E-1 2.66719E-1
-9999 -9999 -9999 -9999 -9999 -9999 -9999 -9999 -9999 -9999 -9999 -9999 -9999 -9999 -9999 3.62286E-1 9.24413E-1 8.68911E-1 7.65767E-1 6.92265E-1 6.50707E-1 5.13486E-1 4.25197E-1 3.58831E-1 1.04416E-1 9.50615E-2 7.66452E-2 1.76847E-2 1.40725E-2 1.40244E-2 2.02991E-2 1.81724E-2 2.05149E-2 3.58992E-2 3.87657E-2 4.65571E-2 4.14114E-2 4.15468E-2 5.4964E-2 7.27453E-2 1.25622E-1 1.62506E-1 1.45142E-1 2.1057E-1 2.04187E-1 1.57644E-1 1.50828E-1 1.25824E-1 1.03058E-1 1.81064E-1 1.80734E-1 1.14294E-1 2.23575E-1 3.72402E-1 5.24511E-1 3.39125E-1 2.17993E-1 3.29519E-1 2.98799E-1 1.28668E-1 1.95981E-1
-9999 -9999 -9999 -9999 -9999 -9999 -9999 -9999 -9999 -9999 -9999 -9999 -9999 -9999 -9999 -9999 8.46816E-1 9.00145E-1 8.96754E-1 7.48628E-1 6.72637E-1 6.9163E-1 6.26915E-1 5.59129E-1 2.43585E-1 1.15373E-1 1.59587E-1 2.07381E-2 1.53127E-2 1.50366E-2 1.52415E-2 1.69117E-2 1.71251E-2 1.68818E-2 3.96768E-2 4.61288E-2 6.51381E-2 5.18395E-2 5.28203E-2 5.10069E-2 1.00745E-1 1.33294E-1 1.17733E-1 1.31688E-1 9.66818E-2 1.58901E-1 1.38841E-1 1.29125E-1 1.48942E-1 1.17144E-1 1.92133E-1 1.50679E-1 2.60255E-1 2.4224E-1 2.86363E-1 4.0459E-1 2.87363E-1 2.29189E-1 2.63868E-1 1.27072E-1 1.42024E-1
-9999 -9999 -9999 -9999 -9999 -9999 -9999 -9999 -9999 -9999 -9999 -9999 -9999 -9999 -9999 -9999 -9999 8.64971E-1 7.28282E-1 7.52798E-1 6.97702E-1 6.67753E-1 6.70824E-1 6.7758E-1 6.49303E-1 2.27384E-1 1.36412E-1 5.37071E-2 1.79008E-2 1.52634E-2 1.47514E-2 1.37031E-2 1.69987E-2 2.03904E-2 1.68502E-2 3.15019E-2 5.03071E-2 3.74053E-2 4.47998E-2 7.23472E-2 7.52226E-2 1.43273E-1 1.67941E-1 1.45221E-1 8.36031E-2 1.63065E-1 1.97646E-1 2.45832E-1 2.59475E-1 2.04966E-1 2.10564E-1 1.74562E-1 2.23175E-1 2.08501E-1 2.51902E-1 3.56869E-1 3.12591E-1 2.29753E-1 2.80716E-1 1.47214E-1 1.05911E-1
-9999 -9999 -9999 -9999 -9999 -9999 -9999 -9999 -9999 -9999 -9999 -9999 -9999 -9999 -9999 -9999 -9999 8.10186E-1 8.3686E-1 8.49548E-1 7.37378E-1 5.45271E-1 5.88535E-1 6.84705E-1 6.29493E-1 6.13658E-1 2.42922E-1 7.54502E-2 2.81134E-2 1.93731E-2 1.84815E-2 1.5475E-2 1.51029E-2 1.86534E-2 1.63658E-2 1.56687E-2 2.20471E-2 5.05385E-2 5.4667E-2 4.85685E-2 1.0463E-1 1.17774E-1 1.21624E-1 1.60457E-1 1.35619E-1 1.11659E-1 1.18386E-1 1.70668E-1 2.26313E-1 3.9853E-1 2.1896E-1 3.86328E-1 3.51812E-1 2.26369E-1 3.68033E-1 3.21837E-1 3.40245E-1 1.69018E-1 2.49446E-1 2.99293E-1 1.30689E-1
-9999 -9999 -9999 -9999 -9999 -9999 -9999 -9999 -9999 -9999 -9999 -9999 -9999 -9999 -9999 -9999 -9999 -9999 9.0282E-1 7.30049E-1 7.97891E-1 6.31007E-1 5.31605E-1 5.28956E-1 4.94616E-1 4.43557E-1 4.58403E-1 1.16629E-1 4.82951E-2 2.33363E-2 2.33149E-2 1.78713E-2 1.84352E-2 1.67584E-2 1.58477E-2 1.55744E-2 2.01742E-2 5.31936E-2 6.87985E-2 4.24215E-2 7.52731E-2 1.65187E-1 1.63748E-1 1.28705E-1 1.11482E-1 1.1637E-1 1.24655E-1 1.426E-1 1.92231E-1 3.96869E-1 2.44603E-1 3.06434E-1 2.74739E-1 3.8317E-1 4.00219E-1 3.14755E-1 3.59249E-1 1.81365E-1 2.34933E-1 2.91479E-1 1.84917E-1
-9999 -9999 -9999 -9999 -9999 -9999 -9999 -9999 -9999 -9999 -9999 -9999 -9999 -9999 -9999 -9999 -9999 -9999 8.99565E-1 9.08875E-1 7.22036E-1 7.2031E-1 6.01981E-1 3.7832E-1 3.78602E-1 4.02374E-1 3.96389E-1 2.1458E-1 4.78335E-2 2.04063E-2 2.01124E-2 1.56762E-2 1.92598E-2 1.71238E-2 1.77854E-2 2.25445E-2 2.16388E-2 2.56887E-2 3.56418E-2 3.41975E-2 8.3233E-2 9.13358E-2 1.87749E-1 1.42561E-1 1.23764E-1 1.4362E-1 2.35577E-1 2.04256E-1 1.75841E-1 3.10102E-1 2.98406E-1 3.07329E-1 3.53353E-1 4.09235E-1 3.91756E-1 3.2731E-1 3.30527E-1 2.3378E-1 2.24889E-1 2.85505E-1 1.40076E-1
