data/maxent/outputs/white_103.asc
ncols         426
nrows         180
xllcorner     -130.0
yllcorner     24.0
cellsize      0.16666666666666666
NODATA_value  -9999
[rows 135 to 161 of 180, columns 122 to 182 of 426]
1.38723E-1 2.17033E-1 1.59446E-1 2.54722E-1 2.19596E-1 2.57673E-1 1.9309E-1 2.06468E-1 1.65032E-1 1.11844E-1 1.2499E-1 1.34489E-1 8.64763E-2 6.84165E-2 6.95926E-2 6.22652E-2 6.37767E-2 6.87641E-2 7.64268E-2 7.4622E-2 6.65321E-2 4.62061E-2 4.7966E-2 6.09091E-2 7.96838E-2 6.56094E-2 7.25271E-2 1.03913E-1 1.48209E-1 7.47176E-2 1.29657E-1 1.14108E-1 9.7975E-2 8.73328E-2 8.37061E-2 8.7364E-2 8.85833E-2 9.09325E-2 9.10671E-2 8.92401E-2 9.07489E-2 1.00571E-1 1.19946E-1 1.44771E-1 1.77823E-1 1.8372E-1 1.91867E-1 1.94166E-1 2.06755E-1 2.12589E-1 2.29404E-1 2.55871E-1 2.80087E-1 2.9255E-1 3.05581E-1 3.17218E-1 3.1746E-1 3.35878E-1 3.57265E-1 3.76423E-1 3.95406E-1
1.746E-1 2.2697E-1 1.6492E-1 2.45553E-1 2.84006E-1 3.23434E-1 1.89522E-1 1.80357E-1 1.57631E-1 1.19745E-1 1.13287E-1 1.37938E-1 1.09847E-1 8.27496E-2 1.00704E-1 7.35959E-2 6.89938E-2 6.46874E-2 7.23893E-2 7.22495E-2 9.40018E-2 5.70048E-2 6.46764E-2 4.5792E-2 5.55148E-2 7.81768E-2 8.07194E-2 1.11442E-1 1.41388E-1 9.8212E-2 1.11368E-1 1.25467E-1 1.1281E-1 1.00156E-1 1.01414E-1 9.86462E-2 9.41891E-2 9.84837E-2 1.00952E-1 9.97088E-2 1.02059E-1 1.0153E-1 1.19444E-1 1.56399E-1 1.9112E-1 1.90038E-1 1.96974E-1 2.0489E-1 2.17151E-1 2.29382E-1 2.45623E-1 2.73169E-1 2.97296E-1 3.06563E-1 3.17555E-1 3.25463E-1 3.43839E-1 3.42333E-1 3.60072E-1 3.67656E-1 3.796E-1
1.79916E-1 1.87828E-1 1.51864E-1 2.94196E-1 3.39361E-1 2.7973E-1 2.29394E-1 1.668E-1 1.40205E-1 1.18778E-1 1.06002E-1 1.43209E-1 1.29422E-1 9.14609E-2 7.84545E-2 8.61687E-2 7.06126E-2 6.43033E-2 8.1648E-2 8.10239E-2 8.43426E-2 6.23104E-2 9.89267E-2 5.12917E-2 4.58977E-2 7.52228E-2 6.35467E-2 8.37723E-2 1.1006E-1 8.34269E-2 8.74339E-2 1.14092E-1 1.17556E-1 1.27864E-1 1.22149E-1 1.05514E-1 1.00353E-1 1.02387E-1 1.0617E-1 1.06592E-1 1.13724E-1 1.22376E-1 1.43011E-1 1.56479E-1 1.84665E-1 2.01446E-1 2.0072E-1 1.99895E-1 2.14059E-1 2.27215E-1 2.35491E-1 2.55029E-1 2.89407E-1 3.05449E-1 3.20886E-1 3.27552E-1 3.39962E-1 3.46812E-1 3.52948E-1 3.57379E-1 3.68044E-1
1.60641E-1 2.33101E-1 1.79447E-1 3.1432E-1 3.23473E-1 2.17033E-1 1.75686E-1 1.56495E-1 1.49311E-1 1.5163E-1 1.48924E-1 1.55676E-1 1.17561E-1 7.72193E-2 7.39628E-2 7.72058E-2 6.52794E-2 6.46814E-2 8.76515E-2 6.8888E-2 7.48027E-2 8.46238E-2 6.9003E-2 8.60641E-2 6.15703E-2 5.89595E-2 5.75779E-2 1.07948E-1 8.79491E-2 9.17877E-2 9.69023E-2 1.09231E-1 1.33174E-1 1.53648E-1 1.26681E-1 1.34409E-1 1.23355E-1 1.23226E-1 1.1722E-1 1.24682E-1 1.34211E-1 1.47852E-1 1.61522E-1 1.62886E-1 1.83109E-1 1.94805E-1 1.98114E-1 2.03859E-1 2.07803E-1 2.16947E-1 2.35288E-1 2.42872E-1 2.6704E-1 2.88484E-1 3.13009E-1 3.25075E-1 3.28727E-1 3.36967E-1 3.3465E-1 3.40544E-1 3.57231E-1
1.94515E-1 2.49643E-1 2.61716E-1 2.48924E-1 3.42489E-1 2.8333E-1 2.47646E-1 2.0259E-1 1.77468E-1 1.47361E-1 1.15593E-1 1.41225E-1 1.09442E-1 7.71559E-2 6.84654E-2 7.42672E-2 6.08853E-2 8.38665E-2 6.55396E-2 6.12215E-2 8.49752E-2 7.86684E-2 6.41145E-2 8.3109E-2 1.00086E-1 7.55074E-2 5.60841E-2 5.64806E-2 8.45209E-2 8.65252E-2 8.53826E-2 1.05999E-1 1.40839E-1 1.46787E-1 1.55354E-1 1.39246E-1 1.37761E-1 1.26787E-1 1.25381E-1 1.32052E-1 1.39218E-1 1.39653E-1 1.56249E-1 1.63511E-1 1.64791E-1 1.75989E-1 1.85002E-1 1.98312E-1 2.05136E-1 2.16746E-1 2.29189E-1 2.52443E-1 2.67552E-1 2.90173E-1 3.03973E-1 3.21818E-1 3.39118E-1 3.51235E-1 3.5405E-1 3.4995E-1 3.58239E-1
3.04163E-1 2.58049E-1 3.84977E-1 3.91378E-1 2.97942E-1 3.44982E-1 3.23436E-1 2.56393E-1 1.86298E-1 1.40701E-1 1.17246E-1 1.42122E-1 1.14637E-1 8.37442E-2 6.83158E-2 8.22555E-2 7.16607E-2 7.44776E-2 6.51692E-2 9.21867E-2 1.12518E-1 1.03088E-1 8.77325E-2 7.35342E-2 7.49198E-2 7.99696E-2 6.60206E-2 5.20374E-2 6.66498E-2 7.92074E-2 7.36784E-2 8.7052E-2 1.26571E-1 1.37036E-1 1.08678E-1 1.26443E-1 1.28861E-1 1.22173E-1 1.28164E-1 1.45691E-1 1.43055E-1 1.42295E-1 1.46073E-1 1.52921E-1 1.46403E-1 1.60494E-1 1.83427E-1 1.91217E-1 2.04953E-1 2.16879E-1 2.39222E-1 2.53225E-1 2.72098E-1 2.94978E-1 3.08927E-1 3.16367E-1 3.37143E-1 3.41624E-1 3.39396E-1 3.40349E-1 3.54455E-1
3.57263E-1 2.89605E-1 3.61186E-1 4.72212E-1 3.02814E-1 3.68268E-1 3.43077E-1 2.60544E-1 2.07854E-1 1.56473E-1 1.20772E-1 1.114E-1 1.01057E-1 8.31868E-2 8.03902E-2 7.3115E-2 8.68242E-2 8.21668E-2 8.91474E-2 1.27269E-1 1.45584E-1 1.17955E-1 1.11308E-1 7.28488E-2 6.68512E-2 6.77288E-2 5.65084E-2 4.91246E-2 7.2336E-2 6.89077E-2 9.46625E-2 7.66613E-2 8.99932E-2 9.06072E-2 1.06821E-1 1.22566E-1 1.2308E-1 1.33718E-1 1.62393E-1 1.60055E-1 1.52525E-1 1.48031E-1 1.44659E-1 1.46767E-1 1.45893E-1 1.67887E-1 1.76379E-1 1.97623E-1 2.10904E-1 2.19845E-1 2.37082E-1 2.47506E-1 2.66827E-1 2.87515E-1 3.08431E-1 3.17605E-1 3.36534E-1 3.43046E-1 3.43071E-1 3.52805E-1 3.83645E-1
3.96957E-1 3.0518E-1 3.44569E-1 4.62454E-1 3.77514E-1 4.40785E-1 3.25373E-1 2.22192E-1 1.9179E-1 1.5224E-1 1.25216E-1 1.10097E-1 8.66026E-2 7.99631E-2 7.34961E-2 8.17298E-2 8.38879E-2 9.67028E-2 1.09104E-1 1.37101E-1 1.34533E-1 1.2464E-1 1.0171E-1 7.98983E-2 5.86581E-2 7.47287E-2 6.19628E-2 4.5478E-2 7.07518E-2 5.88677E-2 7.54448E-2 8.95023E-2 8.60043E-2 7.57983E-2 8.70546E-2 1.20475E-1 1.35185E-1 1.3588E-1 1.19435E-1 1.22337E-1 1.52594E-1 1.39058E-1 1.35009E-1 1.36163E-1 1.44559E-1 1.494E-1 1.71187E-1 2.03362E-1 2.12335E-1 2.25125E-1 2.39932E-1 2.54604E-1 2.68269E-1 2.92016E-1 3.11884E-1 3.16305E-1 3.35264E-1 3.4534E-1 3.59721E-1 3.70277E-1 3.84744E-1
4.00725E-1 2.95161E-1 3.12611E-1 4.63992E-1 5.27324E-1 5.00694E-1 3.92613E-1 2.43535E-1 1.6241E-1 1.57739E-1 1.36055E-1 1.2358E-1 8.40884E-2 8.34541E-2 7.50948E-2 7.60072E-2 8.04947E-2 9.33641E-2 9.72545E-2 1.10032E-1 9.63658E-2 1.02436E-1 7.59815E-2 6.50208E-2 5.86089E-2 7.05255E-2 6.66999E-2 4.60472E-2 6.80609E-2 5.87751E-2 6.49294E-2 8.78569E-2 8.42679E-2 7.67886E-2 9.07783E-2 1.11981E-1 1.2093E-1 1.15252E-1 1.06944E-1 1.14227E-1 1.35532E-1 1.31297E-1 1.21677E-1 1.32979E-1 1.419E-1 1.42569E-1 1.81764E-1 1.92295E-1 2.18407E-1 2.38374E-1 2.5176E-1 2.74043E-1 2.83669E-1 2.99862E-1 3.19573E-1 3.29469E-1 3.46286E-1 3.61668E-1 3.75067E-1 3.81819E-1 3.94941E-1
3.0085E-1 3.03988E-1 3.16415E-1 4.11437E-1 5.33853E-1 5.50933E-1 4.53589E-1 2.25397E-1 1.67296E-1 1.70461E-1 1.30179E-1 1.08684E-1 1.1034E-1 9.78988E-2 8.06847E-2 7.53269E-2 6.73796E-2 6.8345E-2 6.98337E-2 6.2152E-2 7.43324E-2 7.43892E-2 7.28716E-2 6.61279E-2 6.50989E-2 7.87254E-2 7.57281E-2 5.76808E-2 6.45097E-2 5.86499E-2 6.14982E-2 7.93132E-2 7.06334E-2 7.53884E-2 8.71222E-2 8.99468E-2 9.55092E-2 1.14873E-1 1.03731E-1 1.19854E-1 1.16007E-1 1.1279E-1 1.10477E-1 1.23562E-1 1.43597E-1 1.57719E-1 1.75526E-1 1.98967E-1 2.26753E-1 2.4864E-1 2.60032E-1 2.76459E-1 2.88622E-1 3.07302E-1 3.29669E-1 3.3501E-1 3.56082E-1 3.73325E-1 3.92976E-1 3.98612E-1 4.1562E-1
1.83183E-1 3.05471E-1 2.85599E-1 3.38397E-1 4.13603E-1 5.47074E-1 4.97951E-1 3.05081E-1 2.22673E-1 1.98879E-1 1.29784E-1 8.94728E-2 1.08418E-1 9.73795E-2 7.9463E-2 7.42307E-2 6.6481E-2 5.41836E-2 5.79232E-2 5.64654E-2 6.06229E-2 5.50299E-2 6.29274E-2 5.93611E-2 6.26942E-2 7.03289E-2 5.95586E-2 6.2705E-2 5.21944E-2 5.82225E-2 4.97777E-2 6.30559E-2 6.5195E-2 6.69388E-2 7.98404E-2 7.5417E-2 9.08586E-2 1.08603E-1 1.0682E-1 9.73371E-2 1.09947E-1 1.14528E-1 1.20515E-1 1.22575E-1 1.31961E-1 1.4494E-1 1.73356E-1 2.05891E-1 2.38611E-1 2.7078E-1 2.69271E-1 2.78177E-1 2.9513E-1 3.04483E-1 3.33608E-1 3.42676E-1 3.63795E-1 3.75951E-1 4.06246E-1 4.15554E-1 4.38288E-1
1.94543E-1 2.64122E-1 3.01133E-1 2.99828E-1 3.29063E-1 4.28296E-1 4.80688E-1 3.29203E-1 2.75355E-1 2.11187E-1 1.3926E-1 8.75719E-2 9.58925E-2 8.94017E-2 7.32774E-2 6.78568E-2 6.48702E-2 6.46375E-2 5.29706E-2 4.93869E-2 5.0898E-2 4.81724E-2 5.03312E-2 6.17159E-2 6.09625E-2 6.10833E-2 5.43983E-2 4.89694E-2 4.72294E-2 5.02456E-2 4.54055E-2 5.5449E-2 6.45536E-2 6.86822E-2 8.16857E-2 8.61479E-2 9.09183E-2 1.03782E-1 1.09088E-1 1.01504E-1 1.16731E-1 1.26208E-1 1.17891E-1 1.08223E-1 1.08565E-1 1.16758E-1 1.35525E-1 1.83715E-1 2.17262E-1 2.49825E-1 2.80596E-1 2.84443E-1 2.99379E-1 3.11793E-1 3.44279E-1 3.49689E-1 3.58141E-1 3.82023E-1 3.96221E-1 4.19318E-1 4.4008E-1
2.16528E-1 3.14309E-1 2.58108E-1 2.73714E-1 2.73402E-1 3.51321E-1 4.48355E-1 3.88221E-1 3.14496E-1 2.08023E-1 1.30577E-1 8.27995E-2 8.46178E-2 8.29952E-2 6.42412E-2 6.17939E-2 5.07505E-2 6.21515E-2 6.29099E-2 4.75336E-2 4.38365E-2 4.28157E-2 3.85476E-2 4.65795E-2 5.01928E-2 5.10018E-2 5.05883E-2 4.13107E-2 4.35286E-2 4.59033E-2 4.18103E-2 4.91395E-2 5.98873E-2 7.19667E-2 7.90992E-2 9.22434E-2 8.81086E-2 1.17069E-1 1.1457E-1 1.12553E-1 1.23392E-1 1.11663E-1 1.01507E-1 9.55726E-2 1.14682E-1 9.96657E-2 1.18514E-1 1.53919E-1 1.98735E-1 2.32191E-1 2.55312E-1 2.77557E-1 2.96167E-1 3.14606E-1 3.4049E-1 3.48912E-1 3.5867E-1 3.78963E-1 3.97932E-1 4.01962E-1 4.21554E-1
2.40353E-1 2.6861E-1 2.54527E-1 2.80169E-1 3.09383E-1 3.9168E-1 3.42894E-1 3.76265E-1 3.08149E-1 2.14609E-1 1.51991E-1 9.89336E-2 9.11905E-2 8.3612E-2 6.56274E-2 5.11282E-2 4.47588E-2 4.4969E-2 5.97511E-2 5.15844E-2 4.10894E-2 4.8352E-2 3.69502E-2 4.01392E-2 4.17153E-2 4.33636E-2 3.92619E-2 4.1084E-2 4.15173E-2 4.15382E-2 5.1389E-2 4.15304E-2 5.13525E-2 7.76049E-2 7.36873E-2 7.57767E-2 8.57595E-2 1.03925E-1 1.56493E-1 1.03138E-1 1.10483E-1 1.41619E-1 1.06952E-1 8.55212E-2 9.94442E-2 1.00338E-1 9.76439E-2 1.15728E-1 1.60765E-1 2.01153E-1 2.25481E-1 2.52536E-1 2.91826E-1 3.14977E-1 3.38934E-1 3.57879E-1 3.64169E-1 3.70336E-1 3.77945E-1 3.91452E-1 4.1288E-1
2.78302E-1 2.34667E-1 2.04518E-1 2.90726E-1 3.61563E-1 2.97189E-1 3.45835E-1 3.40332E-1 2.75655E-1 2.08244E-1 1.65521E-1 1.21284E-1 9.78091E-2 7.85197E-2 6.37989E-2 5.10251E-2 4.93474E-2 4.47423E-2 5.81805E-2 5.03874E-2 4.08636E-2 4.86082E-2 3.94142E-2 4.38099E-2 4.06998E-2 4.30741E-2 4.31296E-2 3.48111E-2 3.70913E-2 3.24501E-2 3.69548E-2 4.96104E-2 6.87178E-2 8.15301E-2 6.84993E-2 6.38614E-2 7.95695E-2 8.5619E-2 9.43065E-2 9.15193E-2 9.11725E-2 1.19664E-1 1.50044E-1 9.51711E-2 1.13413E-1 1.43587E-1 9.86084E-2 1.02121E-1 1.256E-1 1.7386E-1 2.00324E-1 2.29414E-1 2.60795E-1 3.16187E-1 3.40181E-1 3.52904E-1 3.71666E-1 3.81876E-1 3.84135E-1 4.01559E-1 4.26903E-1
2.68656E-1 2.51791E-1 2.35338E-1 2.65362E-1 3.53186E-1 2.727E-1 3.34749E-1 2.91546E-1 2.64046E-1 2.10266E-1 1.56779E-1 1.09465E-1 9.44042E-2 6.90953E-2 6.60633E-2 5.50037E-2 4.99098E-2 4.32025E-2 5.35516E-2 5.11824E-2 4.24933E-2 4.97921E-2 4.50152E-2 4.31869E-2 4.52695E-2 4.42611E-2 4.30925E-2 3.72252E-2 3.45203E-2 3.02246E-2 3.82939E-2 5.9196E-2 7.72727E-2 7.15104E-2 7.8283E-2 8.16441E-2 7.15168E-2 7.42985E-2 7.63432E-2 9.12125E-2 8.12251E-2 8.53441E-2 1.51677E-1 1.02825E-1 1.07595E-1 1.2563E-1 9.33431E-2 1.00913E-1 1.18263E-1 1.44418E-1 1.78485E-1 2.04451E-1 2.38759E-1 2.83375E-1 3.21737E-1 3.4672E-1 3.63955E-1 3.79333E-1 3.85359E-1 4.06775E-1 4.26096E-1
2.24345E-1 2.85647E-1 2.95257E-1 2.80089E-1 3.4508E-1 3.09861E-1 3.17147E-1 2.75448E-1 2.67817E-1 1.97311E-1 1.49642E-1 1.23584E-1 9.15035E-2 8.9729E-2 6.26225E-2 4.9921E-2 4.85341E-2 5.31803E-2 5.2868E-2 4.98339E-2 4.49717E-2 4.99577E-2 5.14104E-2 4.45641E-2 4.61653E-2 4.34976E-2 4.41902E-2 4.41398E-2 3.83641E-2 3.70088E-2 4.14287E-2 5.5504E-2 7.41282E-2 7.06391E-2 6.82045E-2 9.50309E-2 9.71558E-2 7.58269E-2 7.88709E-2 7.7631E-2 7.78208E-2 7.55412E-2 1.00348E-1 9.46003E-2 9.56367E-2 1.08533E-1 8.87104E-2 1.05994E-1 1.13063E-1 1.36476E-1 1.63225E-1 1.82298E-1 2.16921E-1 2.55064E-1 3.10486E-1 3.47041E-1 3.59243E-1 3.72302E-1 3.91855E-1 4.0677E-1 4.289E-1
2.10319E-1 2.50596E-1 3.15651E-1 2.97953E-1 3.26397E-1 3.003E-1 3.08148E-1 2.71301E-1 2.81624E-1 2.26112E-1 1.68833E-1 1.51306E-1 1.04173E-1 8.16082E-2 7.46076E-2 7.446E-2 4.54064E-2 4.87852E-2 4.04988E-2 4.49362E-2 4.33244E-2 4.65356E-2 5.00117E-2 4.86275E-2 4.33799E-2 4.2125E-2 4.55105E-2 4.33287E-2 4.11159E-2 4.34519E-2 5.16983E-2 5.01797E-2 5.64199E-2 6.39495E-2 6.59927E-2 7.40648E-2 1.09058E-1 9.09756E-2 6.7798E-2 7.24932E-2 7.35957E-2 7.53911E-2 1.27852E-1 1.06121E-1 1.21959E-1 9.33707E-2 1.0224E-1 1.00494E-1 1.07713E-1 1.11048E-1 1.23588E-1 1.56384E-1 1.87204E-1 2.20288E-1 2.66166E-1 3.01833E-1 3.30696E-1 3.69136E-1 3.88891E-1 4.0178E-1 4.09247E-1
2.07344E-1 2.40846E-1 2.41999E-1 3.29101E-1 3.17739E-1 2.76794E-1 2.78797E-1 3.20079E-1 3.08697E-1 2.60387E-1 2.04717E-1 1.60414E-1 1.37745E-1 9.48596E-2 7.74271E-2 7.59365E-2 4.76159E-2 4.3925E-2 4.12174E-2 3.48857E-2 3.55868E-2 4.48506E-2 4.88802E-2 4.68864E-2 4.31724E-2 4.30401E-2 4.30753E-2 4.30377E-2 4.9831E-2 5.04488E-2 5.06393E-2 6.05261E-2 6.60392E-2 6.97902E-2 6.90832E-2 7.34662E-2 8.12742E-2 7.9512E-2 7.05332E-2 8.79847E-2 7.53025E-2 7.2789E-2 1.24527E-1 9.3138E-2 1.07488E-1 1.29054E-1 1.23005E-1 1.14182E-1 1.14217E-1 1.04546E-1 1.09214E-1 1.4252E-1 1.65412E-1 1.85865E-1 2.22065E-1 2.67359E-1 3.12621E-1 3.42083E-1 3.70429E-1 3.8381E-1 3.85463E-1
2.20337E-1 2.2537E-1 2.15317E-1 3.37595E-1 3.5582E-1 3.49917E-1 3.22435E-1 3.75338E-1 3.53099E-1 3.01453E-1 2.46276E-1 2.13864E-1 1.8067E-1 1.22211E-1 1.13977E-1 7.1267E-2 5.62226E-2 4.72749E-2 3.5506E-2 3.23796E-2 3.31593E-2 4.09657E-2 4.07963E-2 4.48276E-2 5.33116E-2 5.00443E-2 5.29674E-2 4.43014E-2 4.70583E-2 5.78597E-2 6.62767E-2 6.77011E-2 7.52368E-2 8.5408E-2 7.26242E-2 7.39654E-2 8.35931E-2 8.54214E-2 7.12433E-2 1.30441E-1 9.19588E-2 9.14156E-2 1.05167E-1 1.07699E-1 1.13418E-1 1.33725E-1 1.33978E-1 1.41095E-1 1.26334E-1 1.12338E-1 1.22415E-1 1.42026E-1 1.6318E-1 1.77517E-1 1.98555E-1 2.45674E-1 2.86958E-1 3.2291E-1 3.58005E-1 3.63057E-1 3.70097E-1
1.99512E-1 2.2344E-1 2.3067E-1 3.3041E-1 3.59704E-1 3.46944E-1 3.39145E-1 3.39578E-1 3.95027E-1 3.3709E-1 2.90097E-1 2.30093E-1 1.92897E-1 1.64516E-1 1.30759E-1 8.89252E-2 6.66699E-2 5.09708E-2 4.40741E-2 3.25586E-2 3.61169E-2 3.85367E-2 4.23731E-2 4.95345E-2 5.20017E-2 5.21042E-2 5.36807E-2 4.96228E-2 5.62056E-2 5.91202E-2 6.06483E-2 6.76046E-2 6.85775E-2 6.65794E-2 6.90579E-2 7.4304E-2 7.79001E-2 8.27326E-2 7.58071E-2 1.11115E-1 1.13603E-1 1.0405E-1 1.09874E-1 1.24648E-1 1.22159E-1 1.36337E-1 1.52805E-1 1.52947E-1 1.48468E-1 1.56598E-1 1.4911E-1 1.56702E-1 1.70978E-1 1.82732E-1 2.00091E-1 2.29276E-1 2.76237E-1 3.10829E-1 3.44048E-1 3.51956E-1 3.62562E-1
1.92922E-1 1.87889E-1 2.07767E-1 2.551E-1 3.32787E-1 2.58404E-1 3.60197E-1 3.60294E-1 4.10055E-1 3.8017E-1 3.29778E-1 2.65233E-1 2.14484E-1 1.87015E-1 1.53617E-1 9.16769E-2 8.58769E-2 4.32171E-2 3.80316E-2 3.70815E-2 3.72085E-2 4.09919E-2 4.57012E-2 4.48717E-2 4.39525E-2 4.40396E-2 4.7996E-2 5.19348E-2 5.53888E-2 5.75527E-2 5.91346E-2 6.95106E-2 6.80572E-2 6.85916E-2 7.08634E-2 9.24724E-2 9.56987E-2 7.47261E-2 8.19729E-2 9.34546E-2 1.00184E-1 1.05873E-1 1.04449E-1 1.2713E-1 1.30401E-1 1.30733E-1 1.71205E-1 1.68824E-1 1.68309E-1 1.74343E-1 1.82976E-1 1.91853E-1 1.94056E-1 1.99453E-1 2.08735E-1 2.29759E-1 2.70743E-1 3.0589E-1 3.3786E-1 3.53592E-1 3.59265E-1
1.74922E-1 1.79986E-1 1.67797E-1 2.26567E-1 2.57148E-1 2.8174E-1 3.8026E-1 3.79889E-1 3.80945E-1 3.58434E-1 3.29843E-1 3.06613E-1 2.53152E-1 2.09387E-1 1.68385E-1 1.09863E-1 1.15374E-1 7.56889E-2 4.82442E-2 4.43962E-2 3.92945E-2 3.95758E-2 4.20282E-2 4.34142E-2 3.8031E-2 3.70916E-2 4.76052E-2 5.1055E-2 4.76301E-2 5.1634E-2 6.34111E-2 6.29819E-2 6.4737E-2 7.43031E-2 8.85857E-2 9.23274E-2 1.14716E-1 9.20271E-2 9.0984E-2 9.93114E-2 1.08716E-1 1.29732E-1 1.18724E-1 1.13548E-1 1.30146E-1 1.48817E-1 1.49833E-1 1.51725E-1 1.78444E-1 1.80875E-1 1.92073E-1 1.93925E-1 2.03196E-1 2.14905E-1 2.25636E-1 2.48086E-1 2.79833E-1 3.10538E-1 3.35062E-1 3.49088E-1 3.59169E-1
1.86566E-1 1.5641E-1 1.48659E-1 2.04213E-1 2.15143E-1 2.75963E-1 3.08375E-1 2.84626E-1 3.51535E-1 3.61226E-1 3.32917E-1 3.10662E-1 2.78184E-1 2.29556E-1 1.77652E-1 1.35989E-1 1.03814E-1 7.56087E-2 5.86442E-2 5.18195E-2 4.78352E-2 4.13183E-2 4.64365E-2 4.3134E-2 4.37931E-2 4.15668E-2 3.79384E-2 4.60403E-2 5.00716E-2 5.58541E-2 6.14041E-2 5.92368E-2 6.5985E-2 6.85794E-2 1.06144E-1 9.53869E-2 1.26703E-1 1.27807E-1 1.24163E-1 1.23442E-1 1.16518E-1 1.50836E-1 1.46721E-1 1.14733E-1 1.45553E-1 1.49453E-1 1.60507E-1 1.53957E-1 1.75751E-1 1.82861E-1 1.95014E-1 2.02278E-1 2.16068E-1 2.25127E-1 2.33107E-1 2.52692E-1 2.81972E-1 3.2182E-1 3.35206E-1 3.53698E-1 3.68387E-1
1.49118E-1 1.57739E-1 1.61496E-1 1.80872E-1 2.04479E-1 2.46248E-1 2.62371E-1 2.73761E-1 2.99068E-1 3.0164E-1 3.47017E-1 3.16156E-1 2.84313E-1 2.31181E-1 1.91916E-1 1.62152E-1 1.31509E-1 8.89332E-2 9.66579E-2 5.9964E-2 5.54058E-2 5.07034E-2 4.96709E-2 4.54801E-2 3.90875E-2 3.81989E-2 3.63138E-2 4.29779E-2 4.71474E-2 5.93917E-2 5.79829E-2 6.64347E-2 7.41742E-2 8.76487E-2 9.08897E-2 1.22232E-1 1.43938E-1 1.3837E-1 1.3007E-1 1.22652E-1 1.21308E-1 1.47145E-1 1.46992E-1 1.24272E-1 1.3387E-1 1.39455E-1 1.73153E-1 1.7362E-1 1.8294E-1 1.90464E-1 2.01383E-1 2.0413E-1 2.14805E-1 2.38103E-1 2.4678E-1 2.65778E-1 2.89631E-1 3.29513E-1 3.50023E-1 3.60132E-1 3.70303E-1
1.55444E-1 1.63588E-1 1.81388E-1 2.10873E-1 2.04481E-1 2.43103E-1 2.79863E-1 2.67565E-1 2.92707E-1 3.15717E-1 3.37185E-1 3.19173E-1 3.10771E-1 2.55128E-1 1.92215E-1 1.66199E-1 1.47451E-1 1.19371E-1 1.25165E-1 7.4602E-2 5.82744E-2 5.78585E-2 4.62644E-2 4.70118E-2 4.194E-2 3.88901E-2 3.93057E-2 4.11438E-2 4.29628E-2 5.3744E-2 5.43147E-2 5.59958E-2 8.01273E-2 9.62495E-2 9.41559E-2 1.3602E-1 1.61439E-1 1.52477E-1 1.38781E-1 1.36064E-1 1.33833E-1 1.42677E-1 1.42699E-1 1.2378E-1 1.22699E-1 1.61437E-1 1.78038E-1 1.87764E-1 1.77923E-1 1.92209E-1 2.05602E-1 2.23254E-1 2.3537E-1 2.38968E-1 2.58418E-1 2.66108E-1 2.96878E-1 3.27559E-1 3.41094E-1 3.53595E-1 3.63411E-1
1.50485E-1 1.70321E-1 1.9198E-1 2.15774E-1 2.1566E-1 2.39571E-1 2.67014E-1 2.64558E-1 2.80146E-1 3.23082E-1 3.34596E-1 3.28347E-1 3.22491E-1 2.64158E-1 2.1426E-1 1.86786E-1 1.61754E-1 1.35421E-1 1.37556E-1 8.29603E-2 6.54085E-2 6.91282E-2 5.32944E-2 5.11981E-2 4.26701E-2 4.44911E-2 4.60569E-2 4.40892E-2 4.47794E-2 5.04593E-2 6.15016E-2 5.80661E-2 7.61897E-2 8.42732E-2 7.84465E-2 9.63937E-2 1.12847E-1 1.28875E-1 1.4517E-1 1.22893E-1 1.27248E-1 1.27836E-1 1.57613E-1 1.68899E-1 1.44735E-1 1.58845E-1 1.84445E-1 2.16955E-1 1.89289E-1 1.88405E-1 1.96403E-1 2.26998E-1 2.49802E-1 2.69412E-1 2.72321E-1 2.75516E-1 2.86291E-1 3.10274E-1 3.30356E-1 3.45274E-1 3.55183E-1
