data/maxent/outputs/white_157.asc
ncols         426
nrows         180
xllcorner     -130.0
yllcorner     24.0
cellsize      0.16666666666666666
NODATA_value  -9999
[rows 135 to 161 of 180, columns 183 to 243 of 426]
3.83346E-1 4.22208E-1 4.18935E-1 4.15713E-1 4.39582E-1 4.7456E-1 4.82368E-1 4.74933E-1 5.00234E-1 4.8884E-1 4.93959E-1 4.99498E-1 5.09273E-1 5.2139E-1 5.03067E-1 5.16733E-1 5.13758E-1 5.19128E-1 5.42632E-1 5.34657E-1 5.36832E-1 5.75837E-1 5.80594E-1 6.03142E-1 6.0385E-1 6.19661E-1 6.11356E-1 6.00706E-1 6.066E-1 5.98933E-1 6.00616E-1 5.81815E-1 5.64333E-1 5.84891E-1 6.70067E-1 6.47212E-1 6.17164E-1 6.22209E-1 6.24406E-1 6.18813E-1 6.32233E-1 6.2815E-1 6.56132E-1 6.36446E-1 6.49626E-1 6.31345E-1 6.19367E-1 6.25509E-1 6.30635E-1 5.97486E-1 5.85804E-1 5.88968E-1 5.84625E-1 5.75759E-1 5.64759E-1 5.56201E-1 5.54543E-1 5.46781E-1 5.64345E-1 5.67464E-1 5.65073E-1
4.02935E-1 4.28823E-1 4.26255E-1 4.1562E-1 4.1879E-1 4.42647E-1 4.87383E-1 4.81835E-1 4.89194E-1 4.98711E-1 5.11941E-1 5.40811E-1 5.32741E-1 5.15332E-1 5.17024E-1 5.20818E-1 5.25335E-1 5.4601E-1 5.3663E-1 5.39337E-1 5.65557E-1 5.79549E-1 5.73841E-1 5.97636E-1 5.96818E-1 6.09362E-1 6.02934E-1 6.0575E-1 6.02943E-1 5.89268E-1 6.25427E-1 6.47788E-1 5.99818E-1 6.00285E-1 6.51417E-1 6.82806E-1 6.4257E-1 6.24333E-1 6.22448E-1 6.27506E-1 6.55334E-1 6.74961E-1 6.552E-1 6.37093E-1 6.29245E-1 6.47605E-1 6.54693E-1 6.64095E-1 6.47165E-1 6.13739E-1 6.08239E-1 5.93705E-1 5.83731E-1 5.85399E-1 5.79388E-1 5.64153E-1 5.56871E-1 5.56451E-1 5.63986E-1 5.75689E-1 5.81939E-1
3.98438E-1 3.99591E-1 4.21453E-1 4.51631E-1 4.65999E-1 4.6236E-1 4.95127E-1 4.94288E-1 4.88042E-1 5.19523E-1 5.12364E-1 5.46677E-1 5.22682E-1 5.11411E-1 5.20807E-1 5.23949E-1 5.31294E-1 5.432E-1 5.48764E-1 5.55998E-1 5.51432E-1 5.50474E-1 5.55259E-1 5.82078E-1 5.93267E-1 5.93967E-1 5.94657E-1 5.91216E-1 5.94536E-1 5.89106E-1 5.75802E-1 6.15074E-1 6.59883E-1 6.20459E-1 6.29246E-1 6.25549E-1 6.30828E-1 6.35802E-1 6.65352E-1 6.43349E-1 6.39897E-1 6.83988E-1 6.66457E-1 6.66809E-1 6.49837E-1 6.64493E-1 6.77399E-1 6.92351E-1 6.68543E-1 6.29563E-1 6.11847E-1 5.89097E-1 5.92786E-1 5.84576E-1 5.79114E-1 5.66064E-1 5.65576E-1 5.66299E-1 5.68941E-1 5.88771E-1 5.82524E-1
3.93652E-1 4.11909E-1 4.31807E-1 4.44921E-1 4.42686E-1 4.73609E-1 5.17665E-1 5.32221E-1 5.07095E-1 5.13827E-1 5.26613E-1 5.05791E-1 4.93671E-1 5.14317E-1 5.2723E-1 5.2893E-1 5.37677E-1 5.42788E-1 5.50637E-1 5.46133E-1 5.38701E-1 5.29788E-1 5.58808E-1 5.762E-1 5.91142E-1 6.16914E-1 5.84222E-1 5.91767E-1 5.98319E-1 5.85858E-1 5.78672E-1 5.68063E-1 5.89486E-1 6.08971E-1 6.22859E-1 6.27255E-1 6.34709E-1 6.32863E-1 6.41839E-1 6.28331E-1 6.36317E-1 6.72802E-1 6.91209E-1 6.83288E-1 6.79227E-1 6.88899E-1 6.88655E-1 7.0749E-1 6.83772E-1 6.54308E-1 6.34375E-1 6.18985E-1 6.05012E-1 5.94285E-1 5.86345E-1 5.73255E-1 5.74345E-1 5.7746E-1 5.83638E-1 5.9834E-1 5.89746E-1
3.79811E-1 3.96246E-1 3.94777E-1 4.0084E-1 4.1501E-1 4.4175E-1 5.08561E-1 5.39786E-1 5.32988E-1 5.21995E-1 5.31554E-1 4.97498E-1 5.13919E-1 5.2863E-1 5.32455E-1 5.56976E-1 5.59814E-1 5.39738E-1 5.49192E-1 5.40976E-1 5.50481E-1 5.54738E-1 5.689E-1 5.90277E-1 5.99755E-1 6.2808E-1 6.93854E-1 5.91562E-1 5.9506E-1 5.85443E-1 5.74298E-1 5.78884E-1 5.94451E-1 6.17115E-1 6.27802E-1 6.41076E-1 6.55674E-1 6.4588E-1 6.5546E-1 6.4783E-1 6.66081E-1 6.87055E-1 7.11952E-1 7.12687E-1 7.08567E-1 7.09166E-1 7.14574E-1 7.11963E-1 7.00375E-1 6.6451E-1 6.39339E-1 6.3596E-1 6.16924E-1 6.08459E-1 6.05206E-1 5.90562E-1 5.85845E-1 5.79725E-1 5.86595E-1 5.99768E-1 5.99366E-1
3.97568E-1 4.24817E-1 4.48207E-1 4.72318E-1 4.9003E-1 5.05728E-1 4.93584E-1 5.06119E-1 5.66215E-1 5.53238E-1 5.34155E-1 5.00222E-1 5.04142E-1 5.11126E-1 5.49366E-1 5.61298E-1 5.58241E-1 5.37718E-1 5.45748E-1 5.55331E-1 5.64712E-1 5.63165E-1 5.9714E-1 6.16812E-1 5.95816E-1 5.95563E-1 6.2776E-1 5.85049E-1 5.93527E-1 5.8298E-1 5.80646E-1 5.93019E-1 6.14426E-1 6.19754E-1 6.43606E-1 6.54282E-1 6.54874E-1 6.60524E-1 6.64338E-1 6.76086E-1 6.93331E-1 7.13204E-1 7.41045E-1 7.28423E-1 7.13245E-1 7.25408E-1 7.36945E-1 7.11371E-1 6.93286E-1 6.96107E-1 6.63583E-1 6.41991E-1 6.12968E-1 6.08566E-1 6.12028E-1 6.04877E-1 6.03705E-1 5.9051E-1 5.83587E-1 5.93414E-1 5.98464E-1
4.33654E-1 4.82011E-1 5.0727E-1 5.48532E-1 5.61696E-1 5.47285E-1 5.32524E-1 5.08868E-1 5.38075E-1 5.79384E-1 5.60541E-1 4.97938E-1 4.93698E-1 5.28633E-1 5.4224E-1 5.38121E-1 5.31715E-1 5.37628E-1 5.25867E-1 5.49429E-1 5.51016E-1 5.75716E-1 5.9859E-1 6.73521E-1 6.10738E-1 6.10479E-1 6.24052E-1 6.10767E-1 6.15671E-1 6.05828E-1 6.12395E-1 6.18589E-1 6.31524E-1 6.20441E-1 6.43203E-1 6.43789E-1 6.52966E-1 6.69412E-1 6.81943E-1 7.02346E-1 7.11716E-1 7.25545E-1 7.3996E-1 7.26777E-1 7.0101E-1 7.1265E-1 7.37572E-1 7.25626E-1 6.96868E-1 7.01203E-1 6.9425E-1 6.56504E-1 6.12911E-1 6.15597E-1 6.46631E-1 6.50434E-1 6.54952E-1 6.02951E-1 6.05358E-1 6.03257E-1 6.17878E-1
4.5504E-1 4.84103E-1 5.02232E-1 5.16648E-1 5.36846E-1 5.49099E-1 5.2635E-1 5.1783E-1 5.39245E-1 5.42479E-1 5.43086E-1 5.11236E-1 5.02302E-1 5.34744E-1 5.26776E-1 5.21346E-1 5.23672E-1 5.59099E-1 5.16745E-1 5.2622E-1 5.47625E-1 5.85644E-1 6.1652E-1 6.29799E-1 6.39199E-1 6.30879E-1 6.51182E-1 6.50028E-1 6.38967E-1 6.32124E-1 6.45415E-1 6.50468E-1 6.52147E-1 6.3236E-1 6.49497E-1 6.4863E-1 6.62795E-1 7.0675E-1 6.86979E-1 6.96242E-1 7.1351E-1 7.20059E-1 7.19951E-1 7.0723E-1 6.88506E-1 6.92595E-1 7.18056E-1 7.10484E-1 7.01626E-1 6.90534E-1 6.81176E-1 6.65844E-1 6.63515E-1 7.18141E-1 7.3764E-1 6.68414E-1 6.70355E-1 7.123E-1 6.99926E-1 6.64776E-1 6.70775E-1
4.82002E-1 5.05886E-1 5.27867E-1 5.38032E-1 5.5348E-1 5.72713E-1 5.30567E-1 5.27424E-1 5.36588E-1 5.06104E-1 4.83096E-1 5.06069E-1 4.95398E-1 5.05373E-1 4.96939E-1 5.13734E-1 5.19816E-1 5.01235E-1 4.98296E-1 5.15658E-1 5.39682E-1 5.57678E-1 6.01538E-1 6.33324E-1 6.35801E-1 6.5654E-1 6.63449E-1 6.41458E-1 6.31952E-1 6.46641E-1 6.57716E-1 6.62561E-1 6.94567E-1 6.81181E-1 6.72073E-1 6.75669E-1 6.76156E-1 6.75705E-1 6.68445E-1 7.07519E-1 7.16066E-1 7.11609E-1 6.91862E-1 6.66571E-1 6.46707E-1 6.47852E-1 6.62781E-1 7.01256E-1 6.95817E-1 6.9279E-1 6.78392E-1 6.81478E-1 6.85978E-1 6.83934E-1 7.30373E-1 7.17336E-1 6.68136E-1 7.18334E-1 7.15795E-1 7.13882E-1 6.98599E-1
5.01402E-1 5.20415E-1 5.1446E-1 5.37691E-1 5.15093E-1 5.12803E-1 5.27254E-1 5.49207E-1 5.3682E-1 4.92346E-1 4.72065E-1 4.82578E-1 5.06908E-1 5.00035E-1 4.98196E-1 5.10763E-1 5.2259E-1 5.03851E-1 5.21055E-1 5.28922E-1 5.42573E-1 5.55143E-1 5.82996E-1 6.3162E-1 6.19609E-1 6.42384E-1 6.46727E-1 6.36357E-1 6.5236E-1 6.38038E-1 6.53498E-1 6.74041E-1 6.68716E-1 6.72162E-1 6.65257E-1 6.56649E-1 6.44777E-1 6.38276E-1 6.66362E-1 6.81023E-1 6.74734E-1 6.75969E-1 6.59643E-1 6.35587E-1 6.21472E-1 6.19689E-1 6.14088E-1 6.5183E-1 6.64996E-1 6.88134E-1 6.82233E-1 6.70498E-1 6.79692E-1 7.22105E-1 6.8185E-1 6.95799E-1 7.0482E-1 7.10905E-1 7.12101E-1 7.10519E-1 7.01521E-1
5.24402E-1 4.87733E-1 4.86817E-1 5.52231E-1 5.54051E-1 5.34853E-1 5.53035E-1 5.62306E-1 5.11936E-1 4.77047E-1 4.71359E-1 4.80091E-1 4.95793E-1 5.06092E-1 5.23758E-1 5.02736E-1 5.02876E-1 5.11414E-1 5.16146E-1 5.2553E-1 5.54474E-1 5.65646E-1 5.93313E-1 6.36406E-1 6.29522E-1 6.2829E-1 6.35005E-1 6.27042E-1 6.38935E-1 6.38578E-1 6.53246E-1 6.52053E-1 6.55004E-1 6.49202E-1 6.39703E-1 6.35818E-1 6.28599E-1 6.34806E-1 6.34644E-1 6.41554E-1 6.44309E-1 6.42088E-1 6.36078E-1 6.14723E-1 6.15768E-1 6.22114E-1 6.26486E-1 6.22071E-1 6.3444E-1 6.49969E-1 6.66201E-1 6.53434E-1 6.4245E-1 6.51048E-1 6.56829E-1 7.01176E-1 6.97089E-1 7.08373E-1 6.92234E-1 7.0621E-1 6.79842E-1
4.93604E-1 5.02052E-1 5.33035E-1 5.63981E-1 5.62912E-1 5.69903E-1 5.65264E-1 5.3881E-1 5.07796E-1 5.06153E-1 5.11066E-1 4.93031E-1 4.95266E-1 5.28077E-1 5.27467E-1 5.21887E-1 5.35057E-1 5.26891E-1 5.27444E-1 5.5235E-1 5.51612E-1 5.43285E-1 5.52014E-1 5.7974E-1 5.96083E-1 6.15954E-1 6.24276E-1 5.97087E-1 5.93741E-1 6.10673E-1 6.16687E-1 6.36502E-1 6.36296E-1 -9999 -9999 -9999 -9999 -9999 -9999 6.27894E-1 6.25556E-1 6.20885E-1 6.21146E-1 6.16409E-1 6.21993E-1 6.29119E-1 6.37086E-1 6.33287E-1 6.33083E-1 6.33401E-1 6.38173E-1 6.48222E-1 6.38225E-1 6.45835E-1 6.64414E-1 6.81367E-1 6.67277E-1 6.85673E-1 6.87176E-1 6.2597E-1 6.40204E-1
4.37881E-1 4.6257E-1 4.82505E-1 4.94741E-1 5.18774E-1 5.55011E-1 5.51132E-1 5.24279E-1 5.13233E-1 5.37376E-1 5.094E-1 4.91203E-1 5.03474E-1 5.31007E-1 5.32864E-1 5.53987E-1 5.58366E-1 5.48382E-1 5.36344E-1 5.432E-1 5.368E-1 5.31513E-1 5.21846E-1 5.57335E-1 5.82292E-1 6.09548E-1 6.25704E-1 5.70739E-1 4.90797E-1 5.065E-1 -9999 -9999 -9999 -9999 -9999 -9999 -9999 -9999 -9999 -9999 -9999 -9999 -9999 -9999 -9999 6.33519E-1 6.35138E-1 -9999 6.22427E-1 6.37671E-1 6.35893E-1 6.39832E-1 6.44968E-1 6.26554E-1 6.29899E-1 6.59916E-1 6.07821E-1 6.20326E-1 6.30134E-1 6.27596E-1 6.16339E-1
4.23843E-1 4.59975E-1 4.70624E-1 4.77132E-1 4.79595E-1 5.08114E-1 5.16369E-1 5.09691E-1 4.81386E-1 4.91116E-1 5.01229E-1 5.05298E-1 5.02988E-1 5.16875E-1 5.33881E-1 5.51858E-1 5.58826E-1 5.51527E-1 5.49038E-1 5.35804E-1 5.55668E-1 5.50211E-1 5.49361E-1 5.82969E-1 6.00487E-1 6.17224E-1 5.97729E-1 4.84822E-1 4.46792E-1 -9999 -9999 -9999 -9999 -9999 -9999 -9999 -9999 -9999 -9999 -9999 -9999 -9999 -9999 -9999 -9999 -9999 -9999 -9999 5.30904E-1 6.30741E-1 6.24881E-1 5.90843E-1 6.08972E-1 5.8506E-1 6.01042E-1 5.89879E-1 5.48182E-1 5.27014E-1 5.45521E-1 5.25025E-1 5.51463E-1
4.05011E-1 4.34063E-1 4.46609E-1 4.39117E-1 4.53698E-1 4.61874E-1 4.6103E-1 4.45541E-1 4.43776E-1 4.63833E-1 4.94059E-1 4.9505E-1 4.92484E-1 5.09374E-1 5.27892E-1 5.34616E-1 5.47135E-1 5.57927E-1 5.63716E-1 5.69411E-1 5.94161E-1 5.80722E-1 5.96067E-1 6.02216E-1 6.04894E-1 5.86878E-1 4.52489E-1 -9999 -9999 -9999 -9999 -9999 -9999 -9999 -9999 -9999 -9999 -9999 -9999 -9999 -9999 -9999 -9999 -9999 -9999 -9999 -9999 -9999 -9999 -9999 -9999 5.57726E-1 5.36479E-1 4.5416E-1 4.41902E-1 5.64119E-1 5.56403E-1 -9999 -9999 -9999 5.65218E-1
3.95457E-1 4.08064E-1 4.11323E-1 4.08146E-1 4.20186E-1 4.28966E-1 4.33643E-1 4.4117E-1 4.51152E-1 4.60686E-1 4.72459E-1 4.92021E-1 4.85206E-1 4.99134E-1 5.08612E-1 5.28339E-1 5.32563E-1 5.62823E-1 5.85114E-1 6.03361E-1 6.10823E-1 5.99819E-1 6.03764E-1 6.01529E-1 5.8905E-1 5.27699E-1 -9999 -9999 -9999 -9999 -9999 -9999 -9999 -9999 -9999 -9999 -9999 -9999 -9999 -9999 -9999 -9999 -9999 -9999 -9999 -9999 -9999 -9999 -9999 -9999 -9999 -9999 -9999 -9999 -9999 -9999 -9999 -9999 -9999 -9999 5.45042E-1
3.77329E-1 3.84416E-1 3.88608E-1 3.85996E-1 3.88537E-1 4.01388E-1 4.06304E-1 4.32605E-1 4.53946E-1 4.84794E-1 4.89698E-1 4.90104E-1 4.88208E-1 5.02003E-1 5.34861E-1 5.31641E-1 5.38653E-1 5.82564E-1 5.89729E-1 5.96719E-1 6.06154E-1 5.96797E-1 5.85233E-1 5.82854E-1 -9999 -9999 -9999 -9999 -9999 -9999 -9999 -9999 -9999 -9999 -9999 -9999 -9999 -9999 -9999 -9999 -9999 -9999 -9999 -9999 -9999 -9999 -9999 -9999 -9999 -9999 -9999 -9999 -9999 -9999 -9999 -9999 -9999 -9999 -9999 -9999 -9999
3.57704E-1 3.59929E-1 3.56924E-1 3.50342E-1 3.48652E-1 3.77527E-1 4.09103E-1 4.41277E-1 4.60516E-1 5.03089E-1 5.16695E-1 5.08178E-1 4.84219E-1 4.88883E-1 5.33519E-1 5.69565E-1 5.65156E-1 5.7971E-1 5.9177E-1 5.46465E-1 5.49206E-1 5.14371E-1 4.76706E-1 -9999 -9999 -9999 -9999 -9999 -9999 -9999 -9999 -9999 -9999 -9999 -9999 -9999 -9999 -9999 -9999 -9999 -9999 -9999 -9999 -9999 -9999 -9999 -9999 -9999 -9999 -9999 -9999 -9999 -9999 -9999 -9999 -9999 -9999 -9999 -9999 -9999 -9999
3.25053E-1 3.31614E-1 3.24159E-1 3.17175E-1 3.29252E-1 3.54769E-1 3.95893E-1 4.49214E-1 4.67267E-1 5.07695E-1 5.21311E-1 5.27225E-1 5.19268E-1 5.21662E-1 5.53494E-1 5.78415E-1 5.89578E-1 5.81842E-1 5.60276E-1 4.30557E-1 -9999 -9999 -9999 -9999 -9999 -9999 -9999 -9999 -9999 -9999 -9999 -9999 -9999 -9999 -9999 -9999 -9999 -9999 -9999 -9999 -9999 -9999 -9999 -9999 -9999 -9999 -9999 -9999 -9999 -9999 -9999 -9999 -9999 -9999 -9999 -9999 -9999 -9999 -9999 -9999 -9999
3.15908E-1 3.19712E-1 3.19748E-1 3.23245E-1 3.28293E-1 3.58848E-1 4.06181E-1 4.46417E-1 4.81656E-1 5.12004E-1 5.05194E-1 5.35619E-1 5.37523E-1 5.60952E-1 5.78303E-1 5.89426E-1 5.57551E-1 4.92612E-1 5.22867E-1 -9999 -9999 -9999 -9999 -9999 -9999 -9999 -9999 -9999 -9999 -9999 -9999 -9999 -9999 -9999 -9999 -9999 -9999 -9999 -9999 -9999 -9999 -9999 -9999 -9999 -9999 -9999 -9999 -9999 -9999 -9999 -9999 -9999 -9999 -9999 -9999 -9999 -9999 -9999 -9999 -9999 -9999
3.10634E-1 3.07176E-1 3.07888E-1 3.16028E-1 3.36228E-1 3.82442E-1 4.26283E-1 4.49258E-1 4.81159E-1 5.43646E-1 5.10745E-1 5.41428E-1 5.72846E-1 5.77909E-1 5.59103E-1 5.25101E-1 5.20877E-1 -9999 -9999 -9999 -9999 -9999 -9999 -9999 -9999 -9999 -9999 -9999 -9999 -9999 -9999 -9999 -9999 -9999 -9999 -9999 -9999 -9999 -9999 -9999 -9999 -9999 -9999 -9999 -9999 -9999 -9999 -9999 -9999 -9999 -9999 -9999 -9999 -9999 -9999 -9999 -9999 -9999 -9999 -9999 -9999
3.05419E-1 3.01828E-1 3.05844E-1 3.15727E-1 3.52816E-1 3.92545E-1 4.18399E-1 4.59323E-1 4.84144E-1 4.95228E-1 5.23625E-1 5.93375E-1 5.95198E-1 5.9231E-1 5.40387E-1 5.03019E-1 -9999 -9999 -9999 -9999 -9999 -9999 -9999 -9999 -9999 -9999 -9999 -9999 -9999 -9999 -9999 -9999 -9999 -9999 -9999 -9999 -9999 -9999 -9999 -9999 -9999 -9999 -9999 -9999 -9999 -9999 -9999 -9999 -9999 -9999 -9999 -9999 -9999 -9999 -9999 -9999 -9999 -9999 -9999 -9999 -9999
3.04728E-1 3.04429E-1 3.14659E-1 3.31764E-1 3.64327E-1 3.9473E-1 4.0979E-1 4.40784E-1 4.76146E-1 4.8081E-1 5.11654E-1 5.75839E-1 6.07121E-1 5.32296E-1 4.88393E-1 -9999 -9999 -9999 -9999 -9999 -9999 -9999 -9999 -9999 -9999 -9999 -9999 -9999 -9999 -9999 -9999 -9999 -9999 -9999 -9999 -9999 -9999 -9999 -9999 -9999 -9999 -9999 -9999 -9999 -9999 -9999 -9999 -9999 -9999 -9999 -9999 -9999 -9999 -9999 -9999 -9999 -9999 -9999 -9999 -9999 -9999
2.94015E-1 3.09977E-1 3.29754E-1 3.65445E-1 3.75768E-1 3.85581E-1 3.96687E-1 4.32247E-1 4.6851E-1 4.89654E-1 5.07028E-1 5.70498E-1 6.01473E-1 5.42932E-1 -9999 -9999 -9999 -9999 -9999 -9999 -9999 -9999 -9999 -9999 -9999 -9999 -9999 -9999 -9999 -9999 -9999 -9999 -9999 -9999 -9999 -9999 -9999 -9999 -9999 -9999 -9999 -9999 -9999 -9999 -9999 -9999 -9999 -9999 -9999 -9999 -9999 -9999 -9999 -9999 -9999 -9999 -9999 -9999 -9999 -9999 -9999
2.85593E-1 2.9797E-1 3.31072E-1 3.57092E-1 3.6183E-1 3.72234E-1 3.91471E-1 4.18671E-1 4.49229E-1 4.74768E-1 5.05137E-1 5.77147E-1 5.97571E-1 5.55021E-1 -9999 -9999 -9999 -9999 -9999 -9999 -9999 -9999 -9999 -9999 -9999 -9999 -9999 -9999 -9999 -9999 -9999 -9999 -9999 -9999 -9999 -9999 -9999 -9999 -9999 -9999 -9999 -9999 -9999 -9999 -9999 -9999 -9999 -9999 -9999 -9999 -9999 -9999 -9999 -9999 -9999 -9999 -9999 -9999 -9999 -9999 -9999
2.76137E-1 2.9896E-1 3.2808E-1 3.54955E-1 3.44733E-1 3.54241E-1 3.69978E-1 3.90945E-1 4.36377E-1 4.62189E-1 5.05648E-1 5.7843E-1 5.92533E-1 -9999 -9999 -9999 -9999 -9999 -9999 -9999 -9999 -9999 -9999 -9999 -9999 -9999 -9999 -9999 -9999 -9999 -9999 -9999 -9999 -9999 -9999 -9999 -9999 -9999 -9999 -9999 -9999 -9999 -9999 -9999 -9999 -9999 -9999 -9999 -9999 -9999 -9999 -9999 -9999 -9999 -9999 -9999 -9999 -9999 -9999 -9999 -9999
2.66114E-1 2.82035E-1 3.10994E-1 3.49852E-1 3.4262E-1 3.47028E-1 3.59765E-1 4.02077E-1 4.12762E-1 4.45717E-1 4.9278E-1 5.68145E-1 5.87089E-1 -9999 -9999 -9999 -9999 -9999 -9999 -9999 -9999 -9999 -9999 -9999 -9999 -9999 -9999 -9999 -9999 -9999 -9999 -9999 -9999 -9999 -9999 -9999 -9999 -9999 -9999 -9999 -9999 -9999 -9999 -9999 -9999 -9999 -9999 -9999 -9999 -9999 -9999 -9999 -9999 -9999 -9999 -9999 -9999 -9999 -9999 -9999 -9999
