data/maxent/outputs/white_175.asc
ncols         426
nrows         180
xllcorner     -130.0
yllcorner     24.0
cellsize      0.16666666666666666
NODATA_value  -9999
[rows 27 to 53 of 180, columns 183 to 243 of 426]
3.73183E-1 3.52817E-1 3.45666E-1 3.28966E-1 3.12292E-1 3.12196E-1 3.44872E-1 3.84845E-1 3.71407E-1 3.77765E-1 3.72201E-1 3.60398E-1 3.41951E-1 3.24987E-1 3.04641E-1 3.01708E-1 2.99603E-1 3.00285E-1 3.10754E-1 3.12558E-1 3.23719E-1 3.22252E-1 3.14162E-1 2.98621E-1 2.86812E-1 2.91466E-1 3.17857E-1 3.25384E-1 3.26221E-1 3.31453E-1 3.34879E-1 3.5295E-1 3.6218E-1 3.58282E-1 3.57647E-1 3.48397E-1 3.38405E-1 3.28081E-1 3.25502E-1 3.33288E-1 3.37315E-1 3.2102E-1 3.2975E-1 3.17034E-1 2.70499E-1 2.70646E-1 2.6602E-1 2.5059E-1 2.34283E-1 2.24132E-1 2.09537E-1 2.02738E-1 1.91041E-1 2.02515E-1 1.90347E-1 1.91641E-1 1.85157E-1 1.75735E-1 1.65578E-1 1.61689E-1 1.77237E-1
3.68156E-1 3.5386E-1 3.45025E-1 3.24969E-1 3.21759E-1 3.17517E-1 3.17819E-1 3.75626E-1 4.05331E-1 4.08601E-1 3.95468E-1 3.78731E-1 3.60262E-1 3.34537E-1 3.13964E-1 3.05157E-1 3.02685E-1 3.01716E-1 3.13872E-1 3.13193E-1 3.13336E-1 3.17754E-1 3.15036E-1 3.01694E-1 2.96455E-1 3.12964E-1 3.12981E-1 3.30478E-1 2.97559E-1 3.3366E-1 3.46083E-1 3.55598E-1 3.62315E-1 3.69761E-1 3.72062E-1 3.6626E-1 3.62579E-1 3.39387E-1 3.4567E-1 3.49815E-1 3.33099E-1 3.19284E-1 3.22289E-1 3.17987E-1 2.99854E-1 2.95104E-1 2.9667E-1 2.66474E-1 2.47874E-1 2.43014E-1 2.37079E-1 1.99161E-1 1.88985E-1 1.89432E-1 1.78803E-1 1.97217E-1 1.76773E-1 1.73352E-1 1.648E-1 1.71214E-1 1.78385E-1
3.51505E-1 3.38608E-1 3.35311E-1 3.19502E-1 3.25168E-1 3.29255E-1 3.20596E-1 3.29943E-1 3.99741E-1 4.1236E-1 4.09479E-1 4.07924E-1 3.68051E-1 3.22918E-1 3.10895E-1 3.07721E-1 3.0789E-1 3.17299E-1 3.25253E-1 3.24081E-1 3.17967E-1 3.02756E-1 2.94633E-1 2.87733E-1 2.93698E-1 3.34753E-1 2.50205E-1 2.46475E-1 2.88894E-1 3.49268E-1 3.34966E-1 3.6187E-1 3.70171E-1 3.73313E-1 3.7231E-1 3.75775E-1 3.71804E-1 3.61211E-1 3.54167E-1 3.5444E-1 3.55025E-1 3.46099E-1 3.38548E-1 3.42933E-1 3.32464E-1 3.53564E-1 3.33056E-1 2.98636E-1 2.76709E-1 2.77945E-1 2.74158E-1 2.32975E-1 2.12854E-1 2.0805E-1 1.93815E-1 1.79832E-1 2.07235E-1 1.76988E-1 1.7117E-1 1.70809E-1 1.72035E-1
3.34079E-1 3.36169E-1 3.31025E-1 3.2542E-1 3.19477E-1 3.00353E-1 2.76905E-1 2.81276E-1 3.41559E-1 3.83363E-1 3.90744E-1 3.86337E-1 3.46031E-1 3.06762E-1 3.04239E-1 3.02285E-1 3.07074E-1 3.23891E-1 3.27515E-1 3.45864E-1 3.15669E-1 2.99719E-1 2.78794E-1 2.73683E-1 2.74446E-1 3.30412E-1 3.21273E-1 3.30823E-1 2.96605E-1 3.35962E-1 3.44291E-1 3.58709E-1 3.69427E-1 3.75568E-1 3.81644E-1 3.84021E-1 3.96252E-1 3.82026E-1 3.71731E-1 3.91746E-1 3.69063E-1 3.61201E-1 3.63988E-1 3.60654E-1 3.44621E-1 3.36732E-1 3.26427E-1 3.28788E-1 3.24237E-1 2.83664E-1 2.74981E-1 2.71734E-1 2.84085E-1 2.87907E-1 2.77747E-1 2.28899E-1 1.87577E-1 1.76846E-1 1.78755E-1 1.9666E-1 1.84625E-1
3.06341E-1 3.2369E-1 3.19456E-1 3.05768E-1 2.99748E-1 2.82745E-1 2.52973E-1 2.54243E-1 2.84857E-1 3.46056E-1 3.56452E-1 3.63106E-1 3.36317E-1 3.25624E-1 3.12932E-1 3.05933E-1 3.0714E-1 3.07625E-1 3.24953E-1 3.37514E-1 3.20268E-1 2.94597E-1 2.70893E-1 2.65295E-1 2.81282E-1 2.95694E-1 3.07213E-1 3.0344E-1 3.08528E-1 2.99082E-1 3.25851E-1 3.48807E-1 3.72712E-1 3.73716E-1 3.81204E-1 3.90614E-1 4.14341E-1 3.87408E-1 4.05891E-1 4.16729E-1 3.9718E-1 3.85927E-1 3.71901E-1 3.62893E-1 3.67317E-1 3.35329E-1 3.29228E-1 3.33772E-1 3.28892E-1 3.25574E-1 3.2101E-1 3.01262E-1 2.89695E-1 3.09331E-1 3.23673E-1 2.83594E-1 2.02373E-1 1.81302E-1 1.82221E-1 3.23697E-1 3.00484E-1
3.08536E-1 3.23588E-1 3.14826E-1 3.17358E-1 3.03354E-1 2.77902E-1 2.51619E-1 2.58112E-1 2.82531E-1 3.34745E-1 3.51544E-1 3.57777E-1 3.4897E-1 3.39927E-1 3.33838E-1 3.23911E-1 3.29953E-1 3.06684E-1 3.15587E-1 3.29785E-1 3.14795E-1 3.04443E-1 2.89968E-1 2.8956E-1 2.97202E-1 3.06757E-1 3.10197E-1 3.15269E-1 3.27304E-1 3.04764E-1 3.34789E-1 3.72918E-1 3.86452E-1 3.95073E-1 3.90741E-1 3.81142E-1 3.88009E-1 4.19135E-1 4.37453E-1 4.37414E-1 4.34956E-1 4.11292E-1 3.6391E-1 3.5958E-1 3.85298E-1 3.88949E-1 3.62775E-1 3.59107E-1 3.65043E-1 3.34856E-1 3.14611E-1 2.84673E-1 2.7176E-1 3.18958E-1 3.52737E-1 3.21546E-1 2.7664E-1 2.81411E-1 2.94295E-1 3.18128E-1 2.89609E-1
3.38866E-1 3.44555E-1 3.35426E-1 3.07699E-1 2.91078E-1 2.785E-1 2.61118E-1 2.62494E-1 2.93136E-1 3.29037E-1 3.52676E-1 3.54909E-1 3.58558E-1 3.49149E-1 3.38535E-1 3.3893E-1 3.51993E-1 3.29474E-1 3.13633E-1 3.22282E-1 3.19622E-1 3.28686E-1 3.05409E-1 3.03419E-1 3.11451E-1 3.13992E-1 3.22634E-1 3.29188E-1 3.28621E-1 3.28829E-1 3.43387E-1 3.761E-1 4.00646E-1 4.08971E-1 4.05772E-1 3.89332E-1 3.92733E-1 3.99094E-1 4.12883E-1 4.291E-1 4.34538E-1 4.38003E-1 4.30058E-1 4.12873E-1 4.1547E-1 3.74904E-1 3.82092E-1 3.80809E-1 3.62239E-1 3.57407E-1 3.53539E-1 3.31838E-1 3.09776E-1 3.24953E-1 3.05001E-1 3.23025E-1 2.96162E-1 3.16188E-1 3.40986E-1 3.80563E-1 3.98795E-1
3.67063E-1 3.9088E-1 3.74653E-1 3.51777E-1 3.19681E-1 3.02516E-1 2.92728E-1 3.04539E-1 3.15529E-1 3.44656E-1 3.64432E-1 3.7599E-1 3.83924E-1 3.84593E-1 3.77037E-1 3.63476E-1 3.7263E-1 3.61904E-1 3.42774E-1 3.40887E-1 3.35348E-1 3.45021E-1 3.23178E-1 3.17226E-1 3.1789E-1 3.27252E-1 3.37965E-1 3.39544E-1 3.26334E-1 3.36973E-1 3.44062E-1 3.79649E-1 3.93714E-1 4.03569E-1 4.10293E-1 4.03673E-1 4.05556E-1 4.04707E-1 4.04762E-1 4.10066E-1 4.05171E-1 4.05168E-1 4.22084E-1 4.13524E-1 4.14678E-1 4.16901E-1 4.06489E-1 3.9568E-1 3.82208E-1 3.74481E-1 3.77987E-1 4.09771E-1 3.8093E-1 3.70942E-1 3.2994E-1 3.46725E-1 3.51737E-1 3.81317E-1 3.89318E-1 4.07172E-1 4.67181E-1
3.68384E-1 4.30598E-1 4.31264E-1 4.24623E-1 3.89346E-1 3.50084E-1 3.25889E-1 3.29587E-1 3.35287E-1 3.60481E-1 3.85583E-1 4.03979E-1 4.04303E-1 4.08598E-1 4.1714E-1 4.00319E-1 3.89347E-1 3.77008E-1 3.8124E-1 3.78958E-1 3.64233E-1 3.56037E-1 3.5124E-1 3.47076E-1 3.4435E-1 3.67967E-1 3.77856E-1 3.7754E-1 3.85363E-1 3.93963E-1 3.85699E-1 3.93355E-1 3.95217E-1 3.95345E-1 3.98347E-1 3.99963E-1 4.03366E-1 4.04148E-1 4.08643E-1 4.24389E-1 4.04903E-1 3.9714E-1 3.8603E-1 3.74205E-1 3.71194E-1 3.74793E-1 3.98676E-1 4.21087E-1 4.0923E-1 3.90509E-1 3.73149E-1 3.71201E-1 3.51688E-1 3.5419E-1 3.59846E-1 3.81996E-1 3.99893E-1 4.07033E-1 4.46146E-1 6.15006E-1 6.54184E-1
3.82623E-1 3.81499E-1 3.71074E-1 3.56639E-1 3.71786E-1 3.57354E-1 3.60573E-1 3.45903E-1 3.51513E-1 3.63654E-1 3.97562E-1 4.22085E-1 4.36415E-1 4.28304E-1 4.60762E-1 4.45208E-1 4.21196E-1 4.10736E-1 4.09413E-1 4.02107E-1 3.92929E-1 3.86759E-1 3.69191E-1 3.62212E-1 3.60763E-1 4.02378E-1 3.8069E-1 3.9534E-1 3.89309E-1 3.82774E-1 3.88796E-1 3.9034E-1 4.04366E-1 4.03436E-1 4.08118E-1 4.07209E-1 4.09134E-1 4.08008E-1 4.0221E-1 4.00412E-1 3.91108E-1 3.93595E-1 4.10983E-1 4.20188E-1 3.77031E-1 3.93567E-1 3.87992E-1 3.85332E-1 3.86757E-1 3.74169E-1 3.56051E-1 3.51554E-1 3.56491E-1 3.64679E-1 3.63709E-1 3.8854E-1 4.8182E-1 6.35076E-1 6.55067E-1 5.01942E-1 4.25572E-1
4.23343E-1 4.10067E-1 3.9141E-1 3.67985E-1 3.68544E-1 3.53012E-1 3.49249E-1 3.38133E-1 3.57273E-1 3.87424E-1 4.11344E-1 4.272E-1 4.42766E-1 4.50341E-1 4.62187E-1 4.58646E-1 4.47891E-1 4.43694E-1 4.24104E-1 4.12894E-1 4.12503E-1 3.9477E-1 3.79365E-1 3.71842E-1 3.75219E-1 3.71635E-1 3.65889E-1 3.73048E-1 3.82774E-1 3.9507E-1 3.93139E-1 3.96389E-1 4.09723E-1 4.1012E-1 4.07941E-1 4.04697E-1 4.05777E-1 4.05295E-1 4.11531E-1 3.9975E-1 3.9082E-1 3.80809E-1 3.72585E-1 3.64404E-1 3.65515E-1 3.73708E-1 3.75986E-1 3.77114E-1 3.75702E-1 3.69764E-1 3.71557E-1 3.82404E-1 4.15619E-1 5.54948E-1 6.3105E-1 6.58703E-1 5.57244E-1 4.82271E-1 4.4281E-1 4.39043E-1 4.35022E-1
4.39344E-1 4.26486E-1 4.18521E-1 3.99651E-1 3.78315E-1 3.87197E-1 3.75863E-1 3.82548E-1 3.80742E-1 4.09093E-1 4.25494E-1 4.38884E-1 4.40297E-1 4.52914E-1 4.61997E-1 4.69986E-1 4.69332E-1 4.70926E-1 4.58805E-1 4.47289E-1 4.4345E-1 4.16747E-1 3.96126E-1 3.85372E-1 3.68642E-1 3.65108E-1 3.73734E-1 3.863E-1 4.05463E-1 4.21974E-1 4.17391E-1 4.1982E-1 4.26853E-1 4.23159E-1 4.19737E-1 4.2767E-1 4.26407E-1 4.08553E-1 4.07591E-1 4.05135E-1 3.9725E-1 4.11944E-1 3.77339E-1 3.84306E-1 3.81746E-1 3.78181E-1 3.65869E-1 3.61608E-1 3.607E-1 3.83588E-1 4.45653E-1 5.89548E-1 6.49469E-1 5.20251E-1 4.53242E-1 4.58441E-1 4.60684E-1 4.62355E-1 4.55168E-1 4.44334E-1 4.38653E-1
4.38826E-1 4.39864E-1 4.48308E-1 4.33722E-1 4.19274E-1 4.10053E-1 4.01674E-1 4.00097E-1 4.09031E-1 4.22568E-1 4.35081E-1 4.31801E-1 4.41855E-1 4.49722E-1 4.67531E-1 4.78992E-1 4.91854E-1 4.94133E-1 4.89282E-1 4.67288E-1 4.72391E-1 4.56135E-1 4.36599E-1 3.94433E-1 3.84921E-1 3.97E-1 3.96325E-1 4.1441E-1 4.19815E-1 4.78997E-1 4.3628E-1 4.79005E-1 4.49316E-1 4.24235E-1 4.21489E-1 4.40737E-1 4.32552E-1 4.27067E-1 4.30819E-1 4.1352E-1 3.8511E-1 3.98854E-1 4.05953E-1 3.96417E-1 4.00418E-1 3.89403E-1 3.86218E-1 3.85465E-1 4.17046E-1 5.55784E-1 6.63549E-1 4.88379E-1 4.57867E-1 4.69076E-1 4.73895E-1 4.73542E-1 4.67138E-1 4.6317E-1 4.58075E-1 4.53827E-1 4.45389E-1
3.99857E-1 4.08458E-1 4.28116E-1 4.31867E-1 4.38152E-1 4.42023E-1 4.22989E-1 4.16583E-1 4.16393E-1 4.23334E-1 4.39352E-1 4.32433E-1 4.3279E-1 4.44509E-1 4.68629E-1 4.88665E-1 5.13371E-1 5.11689E-1 5.06825E-1 4.93132E-1 4.89284E-1 4.77635E-1 4.48388E-1 4.23185E-1 4.11301E-1 4.19194E-1 4.25635E-1 4.19176E-1 4.36636E-1 4.59118E-1 4.90034E-1 4.63188E-1 4.40349E-1 4.47972E-1 4.42264E-1 4.62665E-1 4.47527E-1 4.34475E-1 4.30723E-1 4.0826E-1 4.03075E-1 3.95473E-1 4.06855E-1 4.22878E-1 4.2307E-1 4.25884E-1 4.32083E-1 4.8995E-1 5.8465E-1 6.46428E-1 4.62957E-1 4.76959E-1 5.04227E-1 5.17559E-1 5.00146E-1 4.81677E-1 4.75222E-1 4.72449E-1 4.65438E-1 4.57892E-1 4.49343E-1
3.72772E-1 3.81031E-1 4.12984E-1 4.25812E-1 4.29321E-1 4.37301E-1 4.35934E-1 4.31847E-1 4.2077E-1 4.29527E-1 4.38634E-1 4.34597E-1 4.37879E-1 4.39225E-1 4.61919E-1 5.03075E-1 5.21008E-1 5.23963E-1 4.98698E-1 4.85915E-1 4.77019E-1 4.71175E-1 4.57396E-1 4.44982E-1 4.24463E-1 4.20112E-1 4.27217E-1 4.24831E-1 4.51089E-1 5.03749E-1 5.20122E-1 4.99076E-1 4.63877E-1 4.64614E-1 4.49242E-1 4.51395E-1 4.46333E-1 4.37958E-1 4.31627E-1 4.25912E-1 4.27308E-1 4.26979E-1 4.25993E-1 4.5312E-1 4.64496E-1 4.78863E-1 5.61272E-1 6.34908E-1 5.78386E-1 4.681E-1 4.82353E-1 5.24896E-1 5.794E-1 6.00386E-1 6.15226E-1 5.06985E-1 4.81145E-1 4.76321E-1 4.67037E-1 4.59284E-1 4.60421E-1
4.19126E-1 4.07851E-1 4.31486E-1 4.36972E-1 4.48896E-1 4.37354E-1 4.43083E-1 4.37261E-1 4.32718E-1 4.31448E-1 4.50118E-1 4.42971E-1 4.47451E-1 4.49829E-1 4.76299E-1 5.10975E-1 5.37945E-1 5.26277E-1 5.00266E-1 4.78836E-1 4.75425E-1 4.67395E-1 4.55E-1 4.64517E-1 4.42067E-1 4.19712E-1 4.20765E-1 4.43326E-1 4.51965E-1 4.8228E-1 4.8725E-1 4.86441E-1 4.86941E-1 4.81401E-1 4.69519E-1 4.55237E-1 4.51865E-1 4.62807E-1 4.53962E-1 4.50865E-1 4.62469E-1 4.68478E-1 4.70139E-1 5.05617E-1 5.42471E-1 6.28199E-1 6.60341E-1 5.07805E-1 5.02082E-1 6.02304E-1 6.8189E-1 6.82763E-1 6.92699E-1 6.99215E-1 6.4393E-1 5.19623E-1 4.86746E-1 4.78213E-1 5.04905E-1 5.47186E-1 6.45551E-1
4.35624E-1 4.43239E-1 4.50028E-1 4.44105E-1 4.45953E-1 4.52744E-1 4.63255E-1 4.66577E-1 4.5366E-1 4.51992E-1 4.63499E-1 4.68408E-1 4.54973E-1 4.58191E-1 4.78035E-1 4.97724E-1 5.19686E-1 5.31614E-1 5.01993E-1 4.89738E-1 4.95385E-1 4.84113E-1 4.77669E-1 4.69286E-1 4.55002E-1 4.37062E-1 4.36327E-1 4.47357E-1 4.55752E-1 4.85554E-1 4.97453E-1 5.26189E-1 5.34906E-1 5.13101E-1 4.99626E-1 4.72676E-1 4.66736E-1 4.93915E-1 4.72781E-1 4.67961E-1 4.92161E-1 5.02602E-1 5.12297E-1 5.51382E-1 6.33714E-1 6.67871E-1 6.6692E-1 6.53116E-1 6.2282E-1 6.2197E-1 6.1974E-1 6.53966E-1 6.76898E-1 6.12014E-1 5.93247E-1 5.66271E-1 5.84484E-1 6.74007E-1 6.84814E-1 6.73455E-1 6.55761E-1
4.4229E-1 4.48263E-1 4.60748E-1 4.56528E-1 4.46529E-1 4.57899E-1 4.77163E-1 4.8167E-1 4.75439E-1 4.69505E-1 4.75293E-1 4.80151E-1 4.66356E-1 4.73724E-1 4.88688E-1 5.04718E-1 5.18897E-1 5.30976E-1 5.2266E-1 5.17985E-1 5.12611E-1 5.3999E-1 5.24546E-1 5.27695E-1 5.08248E-1 4.71809E-1 4.68116E-1 4.76164E-1 4.88048E-1 5.12809E-1 5.15636E-1 5.67129E-1 5.6446E-1 5.45399E-1 5.16033E-1 4.98847E-1 4.94628E-1 4.82577E-1 4.76854E-1 4.81203E-1 4.95112E-1 5.26891E-1 5.44707E-1 5.56256E-1 5.7204E-1 5.81113E-1 5.8967E-1 5.89907E-1 6.00885E-1 5.88678E-1 5.88097E-1 6.22485E-1 6.52728E-1 6.9732E-1 7.03624E-1 6.94235E-1 6.7834E-1 6.5309E-1 6.36037E-1 6.40954E-1 6.16731E-1
4.36754E-1 4.49505E-1 4.6831E-1 4.7083E-1 4.55258E-1 4.61885E-1 4.80191E-1 5.00497E-1 4.97238E-1 4.82328E-1 4.83057E-1 4.83495E-1 4.80589E-1 4.85854E-1 5.08167E-1 5.25402E-1 5.32363E-1 5.38577E-1 5.52796E-1 5.58322E-1 5.4918E-1 5.56803E-1 5.86388E-1 6.02301E-1 5.40766E-1 5.15181E-1 5.219E-1 5.22375E-1 5.41922E-1 5.46671E-1 5.84787E-1 6.07813E-1 5.80639E-1 5.72772E-1 5.70312E-1 5.35072E-1 5.09704E-1 5.0108E-1 5.0231E-1 5.07267E-1 5.4334E-1 5.34561E-1 5.41366E-1 5.42039E-1 5.49998E-1 5.6039E-1 5.72736E-1 5.60394E-1 5.80548E-1 5.94303E-1 5.80869E-1 6.0276E-1 6.27829E-1 6.50592E-1 6.39771E-1 6.25971E-1 6.1438E-1 6.17601E-1 6.1983E-1 6.34979E-1 6.28807E-1
4.28427E-1 4.55257E-1 4.76699E-1 4.95878E-1 4.61721E-1 4.67029E-1 4.89857E-1 4.98882E-1 5.01111E-1 4.97953E-1 4.97359E-1 5.05753E-1 4.99218E-1 5.02334E-1 5.13045E-1 5.32892E-1 5.28518E-1 5.42046E-1 5.54476E-1 5.79847E-1 5.94068E-1 5.96018E-1 6.0326E-1 6.03947E-1 5.79375E-1 5.61937E-1 5.64729E-1 5.80398E-1 5.95538E-1 6.02655E-1 5.99179E-1 5.82883E-1 5.66131E-1 5.61224E-1 5.93936E-1 5.42962E-1 5.22698E-1 5.2038E-1 5.36205E-1 5.53397E-1 5.49537E-1 5.46863E-1 5.47741E-1 5.51637E-1 5.59566E-1 5.81816E-1 5.66319E-1 5.75771E-1 5.81716E-1 5.79678E-1 5.89362E-1 5.86198E-1 5.91325E-1 6.00047E-1 6.00064E-1 6.01719E-1 6.06742E-1 6.08754E-1 6.20342E-1 6.22626E-1 6.2959E-1
4.42531E-1 4.44786E-1 4.83201E-1 5.08521E-1 4.72895E-1 4.6984E-1 4.87891E-1 5.04262E-1 4.91062E-1 4.97672E-1 5.04292E-1 5.15594E-1 5.08383E-1 5.13103E-1 5.35006E-1 5.51245E-1 5.33281E-1 5.40982E-1 5.57946E-1 5.86716E-1 5.92203E-1 6.01516E-1 6.19294E-1 6.11897E-1 6.14402E-1 6.00093E-1 5.97465E-1 6.10785E-1 6.18654E-1 5.89484E-1 5.84723E-1 5.81825E-1 5.59059E-1 5.59987E-1 5.61944E-1 5.77449E-1 5.39635E-1 5.48289E-1 5.50685E-1 5.66326E-1 5.65264E-1 5.76748E-1 5.86156E-1 5.88005E-1 5.88322E-1 5.99177E-1 5.87714E-1 5.85041E-1 5.83208E-1 5.83056E-1 5.77636E-1 5.73322E-1 5.78751E-1 5.8472E-1 5.97941E-1 6.13857E-1 6.12842E-1 5.96801E-1 6.09846E-1 6.21043E-1 6.09071E-1
4.19127E-1 4.3957E-1 4.59225E-1 4.7848E-1 4.56855E-1 4.61286E-1 4.67593E-1 4.84824E-1 4.87272E-1 4.79386E-1 4.8546E-1 4.93499E-1 5.14651E-1 5.04051E-1 5.30371E-1 5.45253E-1 5.3514E-1 5.4944E-1 5.54417E-1 5.63929E-1 5.82908E-1 5.95263E-1 6.08796E-1 6.21106E-1 6.36155E-1 6.21231E-1 6.24164E-1 6.23184E-1 6.20344E-1 5.92779E-1 5.8306E-1 5.721E-1 5.7351E-1 5.55073E-1 5.50716E-1 5.50563E-1 5.50581E-1 5.61415E-1 5.64284E-1 5.7714E-1 5.86484E-1 5.94118E-1 6.15846E-1 6.19788E-1 6.2265E-1 5.98754E-1 5.86237E-1 5.93775E-1 6.19478E-1 6.13544E-1 5.91127E-1 5.81315E-1 5.87204E-1 5.92911E-1 6.02887E-1 6.07188E-1 6.06422E-1 6.18818E-1 6.129E-1 6.20747E-1 6.09786E-1
4.16347E-1 4.42011E-1 4.5306E-1 4.44446E-1 4.42789E-1 4.49992E-1 4.62028E-1 4.78285E-1 4.81681E-1 4.82266E-1 4.71145E-1 5.2009E-1 5.42663E-1 5.39047E-1 5.15337E-1 5.22901E-1 5.48673E-1 5.60922E-1 5.55978E-1 5.59618E-1 5.84605E-1 5.94239E-1 6.07345E-1 6.26906E-1 6.36934E-1 6.25571E-1 6.12784E-1 6.21363E-1 6.21179E-1 6.08923E-1 5.92457E-1 5.82827E-1 5.68787E-1 5.62687E-1 5.66395E-1 5.69634E-1 5.74637E-1 5.68522E-1 5.84624E-1 5.86393E-1 5.96039E-1 6.0669E-1 6.10987E-1 6.04869E-1 5.98757E-1 5.94135E-1 6.03271E-1 6.13471E-1 6.03269E-1 5.76075E-1 5.80208E-1 5.86052E-1 5.89088E-1 5.92467E-1 5.97889E-1 5.98774E-1 6.00783E-1 6.03755E-1 5.99125E-1 6.12226E-1 6.03489E-1
4.14073E-1 4.34981E-1 4.27195E-1 4.27844E-1 4.36097E-1 4.49888E-1 4.50681E-1 4.57825E-1 4.59522E-1 4.74873E-1 4.80311E-1 5.44459E-1 5.3448E-1 5.3197E-1 5.27196E-1 5.18031E-1 5.34255E-1 5.47826E-1 5.56386E-1 5.57516E-1 5.73692E-1 5.89321E-1 6.21657E-1 6.08209E-1 6.37366E-1 6.29998E-1 6.10761E-1 6.1057E-1 6.09623E-1 6.11596E-1 6.24325E-1 5.90515E-1 5.70618E-1 5.74036E-1 5.77427E-1 5.88246E-1 5.95617E-1 5.98606E-1 6.00924E-1 5.95761E-1 5.99602E-1 6.12024E-1 6.11771E-1 6.10249E-1 6.13136E-1 6.01596E-1 5.95428E-1 6.00549E-1 6.09604E-1 5.82681E-1 5.83977E-1 5.96372E-1 5.92516E-1 5.85975E-1 5.9039E-1 5.90897E-1 5.96604E-1 5.99686E-1 6.057E-1 6.10034E-1 6.15048E-1
4.13534E-1 4.14687E-1 4.05122E-1 4.1867E-1 4.30943E-1 4.33922E-1 4.32915E-1 4.32215E-1 4.49327E-1 4.73321E-1 5.12947E-1 5.42112E-1 5.53279E-1 5.15912E-1 5.06295E-1 5.04031E-1 5.21825E-1 5.3761E-1 5.52795E-1 5.58431E-1 5.71969E-1 5.91062E-1 5.79943E-1 5.79578E-1 6.20761E-1 6.45987E-1 6.24521E-1 6.01172E-1 6.04044E-1 6.1812E-1 6.16141E-1 6.05182E-1 5.95229E-1 6.00037E-1 6.03554E-1 6.13257E-1 6.14682E-1 6.14377E-1 6.06693E-1 6.18253E-1 6.09939E-1 6.15108E-1 6.12371E-1 6.09165E-1 6.0926E-1 5.97659E-1 6.04045E-1 5.96583E-1 5.9819E-1 5.8626E-1 5.86513E-1 5.85428E-1 5.94044E-1 5.99315E-1 5.97798E-1 6.04887E-1 6.14871E-1 6.16431E-1 6.2638E-1 6.21466E-1 6.17123E-1
3.9959E-1 3.99054E-1 3.99815E-1 4.11184E-1 4.19209E-1 4.18931E-1 4.17452E-1 4.21121E-1 4.31021E-1 4.87457E-1 5.33028E-1 5.51798E-1 5.38021E-1 5.16579E-1 5.0145E-1 5.12767E-1 4.86325E-1 5.06195E-1 5.37749E-1 5.52264E-1 5.72631E-1 5.75099E-1 5.73313E-1 5.54365E-1 6.0442E-1 6.31283E-1 6.45038E-1 6.35252E-1 6.13467E-1 6.02602E-1 6.04931E-1 6.17641E-1 6.2788E-1 6.24288E-1 6.21194E-1 6.16283E-1 6.23157E-1 6.22208E-1 6.27927E-1 6.37452E-1 6.25725E-1 6.17646E-1 6.15851E-1 6.09667E-1 6.06157E-1 6.05335E-1 6.04986E-1 6.02042E-1 6.11309E-1 6.09451E-1 6.02168E-1 5.92951E-1 6.05614E-1 6.22028E-1 6.19492E-1 6.11989E-1 6.22019E-1 6.29765E-1 6.31765E-1 6.21822E-1 6.12544E-1
3.86172E-1 4.0073E-1 4.02174E-1 3.98025E-1 4.02176E-1 4.03689E-1 4.05979E-1 4.02345E-1 4.17348E-1 4.79887E-1 5.34619E-1 5.35824E-1 5.2195E-1 4.96117E-1 4.94964E-1 5.12856E-1 5.18694E-1 5.03204E-1 5.28791E-1 5.3681E-1 5.38603E-1 5.62921E-1 6.02279E-1 5.87157E-1 6.04697E-1 6.15272E-1 6.06984E-1 6.04828E-1 5.9888E-1 6.09426E-1 6.19559E-1 6.26808E-1 6.07425E-1 6.13181E-1 6.21334E-1 6.25687E-1 6.45491E-1 6.43705E-1 6.51533E-1 6.43786E-1 6.36257E-1 6.21678E-1 6.11553E-1 6.10409E-1 6.08122E-1 6.06571E-1 6.09104E-1 5.99894E-1 5.91273E-1 5.9815E-1 5.93919E-1 5.9648E-1 5.94795E-1 6.09503E-1 6.12529E-1 6.18266E-1 6.20908E-1 6.27691E-1 6.26011E-1 6.30437E-1 6.20977E-1
