data/maxent/outputs/white_346.asc
ncols         426
nrows         180
xllcorner     -130.0
yllcorner     24.0
cellsize      0.16666666666666666
NODATA_value  -9999
[rows 0 to 26 of 180, columns 305 to 365 of 426]
7.95437E-5 4.60093E-5 3.71771E-5 2.99323E-5 2.3031E-5 2.17105E-5 2.40063E-5 2.91869E-5 3.55475E-5 4.01528E-5 4.47262E-5 4.34574E-5 4.66375E-5 6.06491E-5 8.41038E-5 6.2809E-5 6.60002E-5 8.56299E-5 6.60055E-5 6.04584E-5 8.9548E-5 7.95213E-5 7.79443E-5 7.99498E-5 8.07365E-5 6.12777E-5 5.93764E-5 7.25706E-5 8.5813E-5 4.51524E-5 3.86276E-5 5.28707E-5 3.33682E-5 5.24119E-5 6.32604E-5 6.25965E-5 6.50489E-5 3.3358E-5 2.28731E-5 2.30328E-5 1.77268E-5 1.73155E-5 1.76785E-5 2.03334E-5 1.61625E-5 1.43948E-5 1.38063E-5 1.48756E-5 1.24677E-5 1.20658E-5 1.29454E-5 1.26087E-5 1.13419E-5 1.42756E-5 1.51445E-5 1.37905E-5 2.008E-5 1.50106E-5 1.16564E-5 1.31937E-5 1.61152E-5
9.15106E-5 5.02482E-5 4.88505E-5 3.94046E-5 3.35611E-5 3.11264E-5 3.70576E-5 4.67324E-5 4.99743E-5 8.09858E-5 5.68422E-5 3.49435E-5 5.39324E-5 4.82693E-5 6.00986E-5 8.02836E-5 8.91677E-5 9.50191E-5 9.26174E-5 1.00394E-4 7.93659E-5 5.93396E-5 5.79919E-5 8.33825E-5 8.88366E-5 8.64268E-5 9.61952E-5 6.65606E-5 5.3006E-5 5.52452E-5 4.61155E-5 4.21638E-5 3.5428E-5 3.05566E-5 2.82535E-5 3.02469E-5 2.66796E-5 2.36616E-5 2.17627E-5 2.06823E-5 1.88664E-5 1.84915E-5 1.61623E-5 1.58087E-5 1.56134E-5 1.4792E-5 1.4258E-5 1.49782E-5 1.29612E-5 1.21718E-5 1.13828E-5 1.3443E-5 1.40712E-5 1.50673E-5 1.31833E-5 1.13655E-5 1.08393E-5 1.18084E-5 1.1446E-5 1.32574E-5 1.4187E-5
1.10357E-4 5.4038E-5 3.62179E-5 2.94112E-5 3.06184E-5 3.02522E-5 4.01151E-5 4.76169E-5 4.2466E-5 4.92813E-5 6.37778E-5 6.19918E-5 6.52521E-5 6.89779E-5 7.54374E-5 7.29324E-5 7.88694E-5 9.26378E-5 5.97444E-5 9.11335E-5 7.77154E-5 9.6109E-5 1.04047E-4 6.97797E-5 5.86188E-5 7.1218E-5 5.82881E-5 5.39369E-5 5.11794E-5 4.83588E-5 3.80703E-5 3.29271E-5 3.27955E-5 3.24482E-5 2.97587E-5 2.53773E-5 2.51128E-5 2.3869E-5 2.19172E-5 1.98126E-5 1.99044E-5 1.80369E-5 1.74701E-5 2.02752E-5 1.88024E-5 1.3323E-5 1.27111E-5 1.28108E-5 1.53742E-5 1.33344E-5 1.15176E-5 1.12768E-5 1.00357E-5 1.1186E-5 1.36752E-5 1.15414E-5 1.18278E-5 1.22466E-5 1.21617E-5 1.2942E-5 1.25998E-5
8.7482E-5 6.21066E-5 4.23239E-5 3.33457E-5 2.82748E-5 3.09295E-5 4.99752E-5 6.09766E-5 3.97347E-5 4.47208E-5 6.04561E-5 5.4718E-5 6.12374E-5 7.21551E-5 9.73859E-5 9.33355E-5 8.52354E-5 5.82205E-5 5.88806E-5 1.02209E-4 9.65137E-5 5.87322E-5 5.54331E-5 4.32471E-5 4.38212E-5 4.42078E-5 4.63339E-5 4.88624E-5 4.33486E-5 3.983E-5 5.02808E-5 4.21826E-5 3.22722E-5 3.08013E-5 2.68697E-5 2.9669E-5 3.0073E-5 3.53811E-5 2.23787E-5 1.96069E-5 2.24748E-5 1.95919E-5 1.57458E-5 1.94468E-5 1.6614E-5 1.31732E-5 1.24675E-5 1.19715E-5 1.23958E-5 1.30964E-5 1.0059E-5 1.00943E-5 9.93672E-6 9.9946E-6 1.09487E-5 1.15388E-5 1.20851E-5 1.1778E-5 1.13668E-5 1.17522E-5 1.61639E-5
1.42388E-4 7.12391E-5 4.57708E-5 3.73097E-5 2.84642E-5 2.30895E-5 2.64295E-5 4.01624E-5 4.02069E-5 5.32331E-5 4.67981E-5 4.05089E-5 5.54998E-5 8.84427E-5 9.10685E-5 9.45371E-5 7.70135E-5 7.17959E-5 6.33507E-5 5.63647E-5 5.25209E-5 5.37698E-5 5.94475E-5 5.32742E-5 4.91603E-5 5.04168E-5 7.38723E-5 4.68413E-5 4.276E-5 4.0692E-5 3.61951E-5 3.36014E-5 3.28655E-5 3.28529E-5 3.01853E-5 2.82164E-5 2.77101E-5 2.63966E-5 2.11464E-5 2.14498E-5 2.07256E-5 1.76819E-5 1.59496E-5 1.55173E-5 1.44799E-5 1.41053E-5 1.30056E-5 1.15823E-5 1.15025E-5 1.40978E-5 1.07893E-5 1.04411E-5 9.88568E-6 1.02422E-5 1.07211E-5 1.13289E-5 1.32138E-5 1.26324E-5 1.27666E-5 1.4777E-5 1.45411E-5
1.4675E-4 8.72133E-5 5.76738E-5 3.99878E-5 3.7642E-5 3.62215E-5 2.75617E-5 3.4044E-5 3.86532E-5 4.08151E-5 4.23908E-5 4.50336E-5 4.27603E-5 9.03531E-5 1.01587E-4 8.49172E-5 6.72289E-5 6.25788E-5 5.72428E-5 5.84073E-5 5.7979E-5 5.48939E-5 5.74475E-5 5.6073E-5 5.0124E-5 4.7158E-5 4.94476E-5 4.65846E-5 4.53233E-5 4.21685E-5 3.51729E-5 3.60224E-5 3.5749E-5 3.02628E-5 2.89413E-5 2.83985E-5 2.69948E-5 2.48315E-5 2.47046E-5 2.3277E-5 2.13106E-5 1.83113E-5 1.66867E-5 1.67432E-5 1.45809E-5 1.38341E-5 1.36025E-5 1.42472E-5 1.95022E-5 1.91918E-5 1.31176E-5 1.05266E-5 9.87824E-6 1.03204E-5 1.05142E-5 1.24737E-5 1.05556E-5 9.29066E-6 1.01159E-5 1.15763E-5 1.30709E-5
6.15932E-3 1.87296E-4 7.37552E-5 4.58901E-5 3.15506E-5 2.85585E-5 3.08415E-5 3.64174E-5 3.806E-5 4.70132E-5 5.22873E-5 4.46085E-5 6.04041E-5 7.86307E-5 9.46463E-5 7.58037E-5 7.56232E-5 7.91478E-5 7.65139E-5 6.51776E-5 5.59644E-5 5.73978E-5 5.80776E-5 5.1413E-5 4.54754E-5 3.83354E-5 4.54259E-5 4.33377E-5 3.83294E-5 3.73798E-5 3.43093E-5 3.51335E-5 3.78181E-5 3.72079E-5 3.25275E-5 3.01285E-5 2.62994E-5 2.4046E-5 2.32024E-5 2.15165E-5 2.0016E-5 1.76264E-5 1.91623E-5 1.77087E-5 1.4814E-5 1.6877E-5 1.42398E-5 1.26553E-5 1.36668E-5 1.28249E-5 1.80993E-5 2.85234E-5 1.25743E-5 1.22792E-5 1.24342E-5 1.14045E-5 1.01113E-5 1.0661E-5 1.18129E-5 1.045E-5 1.34868E-5
-9999 2.1599E-4 8.69071E-5 4.46804E-5 3.90434E-5 3.39436E-5 3.08744E-5 3.1762E-5 4.01919E-5 9.56832E-5 7.46695E-5 6.11932E-5 6.57758E-5 7.04991E-5 8.90371E-5 9.93846E-5 8.92844E-5 9.00921E-5 9.01828E-5 5.93087E-5 5.84267E-5 6.02693E-5 6.04693E-5 5.73513E-5 4.90144E-5 4.51998E-5 4.91415E-5 4.73669E-5 4.09612E-5 4.09731E-5 3.6899E-5 3.69621E-5 3.67592E-5 3.45082E-5 2.99914E-5 2.90991E-5 2.55068E-5 2.3605E-5 2.18198E-5 2.04971E-5 1.83956E-5 1.83017E-5 1.78838E-5 1.63705E-5 1.61903E-5 1.60452E-5 1.3785E-5 1.29892E-5 1.15535E-5 1.37554E-5 1.79822E-5 2.04216E-5 1.31381E-5 1.1305E-5 1.09501E-5 1.11088E-5 1.09492E-5 1.09182E-5 1.03966E-5 1.17863E-5 1.26561E-5
3.19876E-3 -9999 1.26647E-4 6.85031E-5 5.30231E-5 4.46081E-5 4.41508E-5 3.66855E-5 4.811E-5 5.45721E-5 5.14156E-5 5.68079E-5 6.45175E-5 5.84882E-5 6.34498E-5 1.5516E-4 1.36132E-4 1.62099E-4 1.14971E-4 7.47757E-5 7.18061E-5 7.3798E-5 6.79021E-5 6.35176E-5 5.55073E-5 5.1837E-5 5.69531E-5 5.2196E-5 4.23561E-5 4.16541E-5 4.14193E-5 3.65235E-5 3.07842E-5 3.1295E-5 3.13248E-5 2.85472E-5 2.72609E-5 2.69574E-5 2.34301E-5 2.13577E-5 2.09048E-5 2.05452E-5 1.99349E-5 1.90387E-5 1.73693E-5 1.52437E-5 1.24177E-5 1.23993E-5 1.21373E-5 1.11109E-5 1.32471E-5 1.31588E-5 1.23111E-5 1.18469E-5 1.16828E-5 1.29971E-5 1.26245E-5 1.1785E-5 9.95777E-6 1.09786E-5 1.04167E-5
-9999 -9999 1.97974E-4 1.285E-4 7.97343E-5 6.25212E-5 5.48448E-5 4.57973E-5 5.81948E-5 6.89015E-5 7.45873E-5 5.85778E-5 6.80738E-5 6.71512E-5 9.8052E-5 1.59472E-4 1.47005E-4 1.08894E-4 7.19408E-5 6.3541E-5 6.17758E-5 6.63582E-5 6.53937E-5 6.30184E-5 6.00857E-5 5.31074E-5 4.87191E-5 4.92632E-5 4.83532E-5 4.68245E-5 4.70448E-5 3.93654E-5 3.23888E-5 3.23239E-5 3.12647E-5 2.87299E-5 2.70457E-5 2.40955E-5 2.2559E-5 2.28872E-5 2.27722E-5 2.12404E-5 2.13586E-5 2.09757E-5 1.93789E-5 1.83679E-5 1.63367E-5 1.41785E-5 1.18778E-5 1.35818E-5 1.18784E-5 1.06805E-5 1.11543E-5 1.15826E-5 1.23494E-5 1.28863E-5 1.31886E-5 1.1757E-5 1.0652E-5 1.19147E-5 1.32173E-5
-9999 -9999 -9999 1.20665E-4 9.76705E-5 6.84827E-5 5.6311E-5 6.18827E-5 7.9355E-5 8.14099E-5 7.02436E-5 6.73699E-5 6.05269E-5 5.91487E-5 6.88662E-5 9.96417E-5 8.78006E-5 7.12575E-5 6.54251E-5 6.6556E-5 6.93948E-5 7.03249E-5 7.43246E-5 7.55571E-5 5.96707E-5 5.40339E-5 5.60156E-5 5.25404E-5 4.7388E-5 4.63474E-5 4.23399E-5 3.90069E-5 3.68845E-5 3.5187E-5 3.29403E-5 3.07241E-5 2.92016E-5 2.70732E-5 2.46892E-5 2.24238E-5 2.03144E-5 1.95992E-5 1.83299E-5 1.6672E-5 1.60827E-5 1.49628E-5 1.18995E-5 1.27742E-5 9.81915E-6 7.94468E-6 7.40206E-6 8.94433E-6 1.01346E-5 9.94189E-6 1.01767E-5 1.01536E-5 1.10243E-5 1.31996E-5 1.15196E-5 1.42457E-5 1.49322E-5
1.2558E-4 2.62786E-4 2.41643E-4 1.09269E-4 9.26011E-5 7.87843E-5 6.66896E-5 8.35408E-5 8.75643E-5 7.19008E-5 6.40776E-5 5.9842E-5 7.02039E-5 6.60971E-5 6.80671E-5 6.62217E-5 5.91156E-5 6.21336E-5 8.14821E-5 9.01612E-5 8.95882E-5 6.94956E-5 5.89518E-5 5.66098E-5 5.15415E-5 5.94899E-5 5.61637E-5 5.03969E-5 4.77818E-5 4.41784E-5 4.17115E-5 3.96165E-5 3.91893E-5 3.65781E-5 3.33227E-5 3.13604E-5 3.21828E-5 2.86985E-5 2.64219E-5 2.28202E-5 1.95829E-5 1.48916E-5 1.35762E-5 1.45519E-5 1.2762E-5 1.04655E-5 9.13547E-6 8.60494E-6 8.89238E-6 8.35915E-6 8.40979E-6 9.27461E-6 1.10807E-5 1.01215E-5 9.91241E-6 9.79497E-6 1.15487E-5 1.35129E-5 1.60776E-5 1.47171E-5 1.57155E-5
-9999 1.71844E-4 1.44745E-4 1.1089E-4 8.93279E-5 8.08111E-5 7.34365E-5 6.98991E-5 6.34388E-5 5.89308E-5 6.40448E-5 5.42334E-5 5.53715E-5 5.80073E-5 5.95498E-5 5.96552E-5 5.75872E-5 5.27293E-5 5.88144E-5 7.16064E-5 6.80572E-5 6.4212E-5 6.67853E-5 6.90148E-5 5.77368E-5 5.49316E-5 5.07313E-5 4.9976E-5 4.76711E-5 4.59106E-5 4.0223E-5 4.03856E-5 3.82361E-5 3.62639E-5 3.48289E-5 3.18328E-5 2.98779E-5 2.77632E-5 2.4207E-5 1.95437E-5 1.48938E-5 1.4186E-5 1.3403E-5 1.61726E-5 1.4651E-5 1.21445E-5 9.33525E-6 1.03672E-5 1.12834E-5 8.99713E-6 1.23287E-5 1.3882E-5 1.41091E-5 1.53E-5 1.22272E-5 1.37675E-5 1.48113E-5 1.3699E-5 1.81836E-5 1.74124E-5 1.94627E-5
3.65652E-4 1.39967E-4 1.41441E-4 1.16511E-4 1.02811E-4 7.92802E-5 7.50706E-5 8.29049E-5 7.21554E-5 7.21738E-5 6.3538E-5 6.28315E-5 8.00093E-5 7.37905E-5 6.4166E-5 6.36793E-5 6.34748E-5 5.86848E-5 5.08575E-5 5.68298E-5 5.95598E-5 5.79012E-5 6.02805E-5 7.17925E-5 6.48426E-5 5.28719E-5 4.79324E-5 4.77876E-5 4.66069E-5 4.15756E-5 4.28086E-5 5.01192E-5 4.44415E-5 4.01437E-5 3.39777E-5 2.94149E-5 2.75038E-5 2.20791E-5 2.5052E-5 1.92256E-5 1.67816E-5 1.58214E-5 1.54935E-5 1.61738E-5 1.5868E-5 1.35736E-5 1.1548E-5 1.2708E-5 1.07212E-5 1.14273E-5 1.12392E-5 1.33411E-5 1.47123E-5 2.18515E-5 5.00454E-5 1.54223E-5 1.65492E-5 1.49993E-5 1.87929E-5 2.18676E-5 2.59858E-5
4.29996E-4 1.56503E-4 1.96194E-4 1.17416E-4 1.10563E-4 8.85697E-5 8.54188E-5 9.87474E-5 8.58669E-5 7.70321E-5 7.82601E-5 8.43748E-5 8.39012E-5 8.44751E-5 7.30486E-5 7.38942E-5 7.52086E-5 6.85887E-5 6.37704E-5 6.69026E-5 5.14642E-5 5.93228E-5 6.03621E-5 6.13906E-5 5.84456E-5 5.51118E-5 5.59971E-5 5.33175E-5 5.14673E-5 4.68891E-5 4.69856E-5 4.64869E-5 3.98033E-5 3.50027E-5 3.25098E-5 2.71423E-5 2.29366E-5 2.26672E-5 2.17147E-5 1.7346E-5 1.75187E-5 1.96482E-5 1.6951E-5 1.63982E-5 1.60168E-5 1.6509E-5 1.74152E-5 1.42911E-5 1.33489E-5 1.19281E-5 1.18691E-5 1.4058E-5 1.43795E-5 1.56034E-5 3.00276E-5 1.75759E-5 1.74419E-5 1.82633E-5 1.98474E-5 2.74884E-5 1.15183E-4
1.72576E-4 3.54474E-4 2.2353E-4 1.7408E-4 1.41066E-4 1.24643E-4 1.19706E-4 1.1471E-4 1.02148E-4 7.51933E-5 8.59426E-5 8.81654E-5 8.28134E-5 9.09699E-5 9.86646E-5 7.29092E-5 7.57128E-5 6.80623E-5 6.53765E-5 6.66664E-5 6.66798E-5 6.19655E-5 6.43214E-5 7.57373E-5 8.20441E-5 7.74096E-5 6.73342E-5 6.04614E-5 5.67147E-5 5.61683E-5 4.90358E-5 4.58157E-5 4.26115E-5 3.3696E-5 3.18035E-5 2.90089E-5 3.9845E-5 3.59682E-5 2.46836E-5 2.21824E-5 2.01475E-5 2.1708E-5 1.96879E-5 1.77115E-5 1.63418E-5 1.50266E-5 1.98353E-5 1.62344E-5 1.62259E-5 1.51715E-5 1.47035E-5 1.6735E-5 1.64248E-5 1.69729E-5 1.73035E-5 1.97966E-5 2.01943E-5 2.03595E-5 2.13549E-5 3.03238E-5 1.16339E-4
1.68952E-4 2.34366E-4 1.95649E-4 1.57607E-4 1.48335E-4 1.32286E-4 1.12124E-4 9.25099E-5 9.3566E-5 1.13088E-4 9.9538E-5 9.43468E-5 1.02434E-4 1.00146E-4 7.92893E-5 7.07361E-5 7.82802E-5 7.83422E-5 7.16343E-5 6.48606E-5 6.30595E-5 6.7867E-5 6.61751E-5 6.8735E-5 6.20463E-5 5.45435E-5 5.83176E-5 6.27027E-5 6.28361E-5 4.66653E-5 4.43516E-5 3.83264E-5 3.64542E-5 3.16583E-5 7.15326E-5 1.88679E-4 1.78802E-4 1.10839E-4 4.98664E-5 2.50674E-5 2.35994E-5 2.45527E-5 2.15393E-5 2.20288E-5 1.98435E-5 1.57631E-5 1.94212E-5 1.87226E-5 1.81647E-5 1.83613E-5 1.56891E-5 1.43235E-5 1.68215E-5 2.27432E-5 1.3896E-5 1.64105E-5 2.20853E-5 2.06853E-5 2.15617E-5 2.44812E-5 6.06215E-5
1.54278E-4 1.54249E-4 1.73299E-4 1.46792E-4 1.37912E-4 1.27379E-4 1.01501E-4 9.95818E-5 1.09759E-4 1.13027E-4 9.51488E-5 9.09457E-5 9.40718E-5 9.86753E-5 7.71762E-5 8.31919E-5 8.53722E-5 8.4593E-5 6.72611E-5 6.89356E-5 5.89871E-5 6.4267E-5 8.2919E-5 6.00884E-5 4.76099E-5 5.02023E-5 5.08651E-5 5.22344E-5 4.65631E-5 4.00593E-5 4.00456E-5 4.21093E-5 4.81409E-5 1.62687E-4 1.71185E-4 1.6454E-4 9.24671E-5 5.78164E-5 2.45613E-5 1.86508E-5 1.98433E-5 2.06943E-5 1.79962E-5 1.99004E-5 1.90386E-5 2.02367E-5 2.03425E-5 1.97696E-5 1.86849E-5 1.65923E-5 1.44146E-5 1.60236E-5 1.53214E-5 1.86648E-5 1.58199E-5 1.43564E-5 1.77016E-5 2.11834E-5 2.61547E-5 2.19367E-5 2.32473E-5
1.28749E-4 1.22454E-4 1.21636E-4 1.24828E-4 1.32617E-4 1.3541E-4 1.31089E-4 1.42933E-4 1.43503E-4 1.11826E-4 1.23247E-4 1.24056E-4 1.86102E-4 2.20057E-4 1.40567E-4 9.70148E-5 8.50115E-5 1.0985E-4 8.89203E-5 6.11429E-5 5.62111E-5 5.48303E-5 5.37783E-5 4.93156E-5 4.50147E-5 5.02588E-5 4.51485E-5 5.51502E-5 4.49581E-5 4.11697E-5 3.66826E-5 6.01501E-5 2.15443E-4 2.03618E-4 1.06288E-4 6.0101E-5 2.65339E-5 2.08971E-5 2.20913E-5 2.65076E-5 1.95245E-5 1.53893E-5 1.52098E-5 1.55515E-5 1.75059E-5 1.86988E-5 2.13346E-5 1.84696E-5 1.81475E-5 2.07725E-5 1.61903E-5 1.49617E-5 1.94682E-5 2.14483E-5 1.72565E-5 1.65318E-5 1.35068E-5 2.05653E-5 2.4721E-5 2.83466E-5 2.30715E-5
1.05998E-4 1.06104E-4 1.02604E-4 1.09909E-4 1.19984E-4 1.23115E-4 1.2667E-4 1.34077E-4 1.12062E-4 9.81467E-5 1.06052E-4 1.07658E-4 1.36824E-4 1.5056E-4 1.01507E-4 9.22419E-5 1.02574E-4 8.27392E-5 6.18708E-5 5.50527E-5 5.02819E-5 4.77458E-5 4.63676E-5 5.08821E-5 4.59675E-5 4.45218E-5 4.45733E-5 4.50392E-5 3.53089E-5 3.69467E-5 3.59033E-5 1.81838E-4 2.02494E-4 5.71947E-5 2.94851E-5 2.16549E-5 1.79671E-5 1.59965E-5 1.80515E-5 1.72861E-5 1.48918E-5 1.41786E-5 1.49474E-5 1.51458E-5 1.91918E-5 1.84017E-5 2.38633E-5 2.54586E-5 2.31093E-5 4.78164E-5 4.63898E-5 2.49821E-5 1.85365E-5 2.86944E-5 1.8779E-5 1.82668E-5 1.82508E-5 2.32494E-5 2.75759E-5 3.05042E-5 3.19609E-5
1.10053E-4 1.09658E-4 9.39304E-5 1.17942E-4 1.28144E-4 1.31898E-4 1.32534E-4 1.21527E-4 1.14732E-4 9.28302E-5 9.02222E-5 9.13574E-5 9.96154E-5 9.20742E-5 9.52765E-5 1.08214E-4 9.1337E-5 6.83916E-5 6.76784E-5 6.46794E-5 5.1458E-5 5.12665E-5 5.1063E-5 5.51837E-5 4.38168E-5 4.2947E-5 3.95226E-5 3.478E-5 3.06827E-5 2.77061E-5 3.54027E-5 2.2533E-4 5.43791E-5 2.90974E-5 2.3254E-5 1.96597E-5 1.78081E-5 1.63554E-5 1.55625E-5 1.66986E-5 1.5734E-5 1.83009E-5 1.73389E-5 1.4944E-5 1.99425E-5 1.73701E-5 1.72831E-5 2.24398E-5 1.82094E-5 2.44336E-5 4.71515E-5 3.14015E-5 1.73685E-5 1.88847E-5 1.67444E-5 1.92287E-5 2.6754E-5 2.72175E-5 2.84344E-5 4.40936E-5 3.08121E-5
9.90991E-5 9.67594E-5 9.06473E-5 1.10064E-4 1.22985E-4 1.22247E-4 1.18382E-4 1.11832E-4 1.13134E-4 8.90361E-5 8.5512E-5 9.61957E-5 9.44686E-5 9.42264E-5 8.85228E-5 7.10177E-5 7.0971E-5 7.16135E-5 6.64674E-5 6.66342E-5 4.93309E-5 4.8695E-5 5.1129E-5 6.03716E-5 4.86852E-5 6.02429E-5 4.33356E-5 3.69663E-5 2.99277E-5 2.6098E-5 3.04403E-5 6.72136E-5 4.01734E-5 2.39793E-5 2.18522E-5 1.8522E-5 1.71116E-5 1.97084E-5 1.94168E-5 1.98063E-5 1.6886E-5 2.01688E-5 1.93432E-5 1.64659E-5 2.01069E-5 1.58527E-5 1.84862E-5 2.12533E-5 1.59069E-5 1.72993E-5 1.85216E-5 1.8098E-5 1.83558E-5 2.12845E-5 1.70702E-5 1.6707E-5 2.32733E-5 2.60534E-5 3.38533E-5 8.41671E-5 2.92331E-5
9.61135E-5 9.96595E-5 1.05324E-4 1.07891E-4 1.0609E-4 1.13122E-4 9.61997E-5 9.17099E-5 9.30882E-5 9.87915E-5 1.25934E-4 9.34178E-5 8.97636E-5 1.14116E-4 9.73939E-5 6.67581E-5 6.28944E-5 5.94092E-5 5.36207E-5 5.49222E-5 4.99525E-5 5.07038E-5 4.75629E-5 5.06098E-5 4.25703E-5 4.25192E-5 3.64995E-5 3.36851E-5 2.74859E-5 2.66027E-5 2.64525E-5 4.26875E-5 2.9532E-5 2.4256E-5 2.08917E-5 1.84614E-5 1.8377E-5 2.15257E-5 1.91484E-5 1.88272E-5 2.00696E-5 2.29135E-5 2.02629E-5 1.75756E-5 1.74653E-5 1.85292E-5 2.18107E-5 4.91425E-5 2.36335E-5 2.37658E-5 1.82324E-5 1.42651E-5 1.19744E-5 1.90186E-5 2.12672E-5 2.23243E-5 2.93816E-5 3.62997E-5 5.50253E-5 1.53636E-4 6.25225E-5
1.09216E-4 1.06768E-4 1.02269E-4 1.11451E-4 1.02593E-4 1.01742E-4 8.90423E-5 8.6673E-5 9.44173E-5 8.39729E-5 1.03164E-4 9.14427E-5 8.30333E-5 1.0336E-4 8.28895E-5 6.62249E-5 6.03449E-5 6.04692E-5 5.3442E-5 5.22989E-5 4.99885E-5 5.06097E-5 5.18441E-5 4.57589E-5 4.55478E-5 3.57615E-5 3.21173E-5 3.57781E-5 3.51767E-5 2.75884E-5 3.9964E-5 3.03553E-5 2.22574E-5 2.35629E-5 2.22914E-5 2.1423E-5 2.20736E-5 2.1784E-5 2.50655E-5 1.9564E-5 1.5668E-5 1.92561E-5 1.8593E-5 2.48892E-5 1.94832E-5 1.81373E-5 1.95659E-5 8.91907E-5 3.32725E-5 2.8714E-5 2.17589E-5 2.29055E-5 1.91091E-5 2.07176E-5 3.05759E-5 2.64216E-5 2.85515E-5 4.14029E-5 4.64773E-5 5.77488E-5 2.1929E-4
8.45199E-5 9.25261E-5 8.98261E-5 9.09989E-5 9.01623E-5 1.03145E-4 1.14069E-4 7.54279E-5 1.00118E-4 1.11443E-4 1.07606E-4 1.0683E-4 8.10159E-5 7.75594E-5 9.42694E-5 9.6367E-5 5.94454E-5 5.92221E-5 6.15044E-5 5.53231E-5 5.34641E-5 7.16108E-5 5.27289E-5 5.24794E-5 5.09274E-5 6.31934E-5 4.61418E-5 3.95131E-5 3.76179E-5 6.83021E-5 5.87311E-5 2.46454E-5 2.47367E-5 2.36728E-5 2.60448E-5 2.55601E-5 2.33933E-5 2.47924E-5 2.67197E-5 2.04373E-5 1.92865E-5 2.09192E-5 2.35515E-5 2.94224E-5 2.73889E-5 2.35504E-5 2.2827E-5 5.99676E-5 3.45398E-5 3.54207E-5 3.32972E-5 2.75267E-5 3.81272E-5 3.71714E-5 3.28356E-5 3.19084E-5 3.22089E-5 3.71712E-5 4.3791E-5 4.81591E-5 1.77023E-4
7.52377E-5 8.26051E-5 8.25125E-5 8.33269E-5 7.68428E-5 7.57992E-5 6.92253E-5 6.78945E-5 7.06695E-5 9.1213E-5 8.25653E-5 1.04098E-4 8.23195E-5 1.09293E-4 1.73765E-4 6.2059E-5 6.03411E-5 5.97851E-5 5.95394E-5 5.92912E-5 5.44355E-5 5.25859E-5 5.11671E-5 5.00261E-5 4.18897E-5 4.71625E-5 4.9029E-5 4.15431E-5 4.20625E-5 5.97735E-5 3.23789E-5 2.78335E-5 2.55756E-5 2.87773E-5 2.81559E-5 2.85424E-5 2.32295E-5 2.38832E-5 2.76201E-5 2.60115E-5 2.85584E-5 3.37153E-5 3.50518E-5 3.63595E-5 2.95374E-5 3.1406E-5 3.50253E-5 4.03926E-5 4.52008E-5 4.42972E-5 3.25362E-5 3.70689E-5 6.63896E-5 9.03153E-5 6.17559E-5 4.2955E-5 3.81301E-5 6.27536E-5 5.58597E-5 5.66553E-5 7.79571E-5
7.87878E-5 7.65877E-5 7.4791E-5 7.73166E-5 7.92518E-5 7.27769E-5 6.75052E-5 6.75569E-5 6.29194E-5 6.08686E-5 6.47824E-5 6.20723E-5 5.48023E-5 6.21305E-5 6.22367E-5 8.62213E-5 1.64058E-4 6.46752E-5 6.36118E-5 8.74599E-5 7.21299E-5 6.03749E-5 5.08746E-5 4.978E-5 5.21943E-5 5.65425E-5 4.69766E-5 5.52553E-5 5.28396E-5 3.32209E-5 3.22351E-5 2.95391E-5 2.66597E-5 3.09559E-5 3.48293E-5 2.50125E-5 2.34175E-5 2.67115E-5 2.89848E-5 3.35996E-5 3.83987E-5 4.96835E-5 4.98965E-5 5.5961E-5 4.30547E-5 4.33975E-5 4.54282E-5 5.47184E-5 5.02893E-5 4.30161E-5 5.42241E-5 8.5634E-5 2.91367E-4 9.0921E-5 1.46128E-4 6.39395E-5 4.73167E-5 7.66215E-5 7.09007E-5 8.21026E-5 1.11016E-4
