data/maxent/outputs/white_244.asc
ncols         426
nrows         180
xllcorner     -130.0
yllcorner     24.0
cellsize      0.16666666666666666
NODATA_value  -9999
[rows 27 to 53 of 180, columns 183 to 243 of 426]
2.4708E-1 2.33868E-1 2.28815E-1 2.13358E-1 1.85143E-1 1.93276E-1 2.22716E-1 2.72852E-1 2.65708E-1 2.79478E-1 2.63709E-1 2.52461E-1 2.3715E-1 2.03234E-1 1.78088E-1 1.84056E-1 1.79219E-1 1.75334E-1 1.86448E-1 1.86334E-1 1.94453E-1 2.04414E-1 1.85213E-1 1.67614E-1 1.49913E-1 1.5481E-1 1.98882E-1 2.1464E-1 2.23526E-1 2.23065E-1 2.28033E-1 2.51617E-1 2.61299E-1 2.57773E-1 2.56854E-1 2.48624E-1 2.37447E-1 2.28361E-1 2.2776E-1 2.31535E-1 2.36982E-1 2.16466E-1 2.24696E-1 2.12601E-1 1.68693E-1 1.65557E-1 1.64271E-1 1.4845E-1 1.20393E-1 9.88472E-2 8.30047E-2 8.61012E-2 7.79614E-2 8.8085E-2 7.39082E-2 7.88214E-2 7.18806E-2 6.07067E-2 5.20258E-2 4.79047E-2 5.81155E-2
2.33547E-1 2.24395E-1 2.27016E-1 2.05488E-1 1.90023E-1 1.8347E-1 1.84188E-1 2.46522E-1 2.80208E-1 3.02793E-1 2.8889E-1 2.74386E-1 2.52525E-1 2.12454E-1 1.84942E-1 1.8204E-1 1.75137E-1 1.70113E-1 1.84976E-1 1.80318E-1 1.78763E-1 1.84273E-1 1.86924E-1 1.64685E-1 1.55515E-1 1.71315E-1 1.74483E-1 2.29461E-1 2.36069E-1 2.21713E-1 2.33674E-1 2.51479E-1 2.61763E-1 2.60573E-1 2.63283E-1 2.59371E-1 2.58245E-1 2.32855E-1 2.37102E-1 2.40727E-1 2.17976E-1 2.06663E-1 2.08772E-1 2.0412E-1 1.93305E-1 1.89633E-1 1.91041E-1 1.53804E-1 1.26303E-1 1.13432E-1 1.07517E-1 7.53593E-2 6.83881E-2 6.95598E-2 6.06848E-2 7.59028E-2 5.63521E-2 5.59956E-2 4.95424E-2 5.57639E-2 6.01665E-2
2.00074E-1 1.90513E-1 2.03663E-1 1.85936E-1 1.89341E-1 1.9366E-1 1.80127E-1 1.90261E-1 2.67174E-1 2.6462E-1 2.65723E-1 2.96505E-1 2.42396E-1 1.86255E-1 1.72409E-1 1.77088E-1 1.75261E-1 1.89561E-1 2.00495E-1 1.96825E-1 1.81972E-1 1.62663E-1 1.47725E-1 1.41453E-1 1.4928E-1 2.17042E-1 1.8102E-1 1.77653E-1 2.17805E-1 2.29314E-1 2.59551E-1 2.51963E-1 2.65563E-1 2.65626E-1 2.59205E-1 2.60338E-1 2.52974E-1 2.43498E-1 2.3533E-1 2.32392E-1 2.33117E-1 2.22561E-1 2.15952E-1 2.22913E-1 2.16869E-1 2.45644E-1 2.2385E-1 1.84506E-1 1.49295E-1 1.47895E-1 1.44134E-1 9.48562E-2 7.87651E-2 7.76962E-2 6.77229E-2 5.51132E-2 7.93455E-2 5.31779E-2 5.02723E-2 5.0895E-2 5.07069E-2
1.74331E-1 1.84006E-1 1.85234E-1 1.85704E-1 1.77634E-1 1.50914E-1 1.27104E-1 1.34591E-1 1.92905E-1 2.41831E-1 2.45704E-1 2.44385E-1 2.02002E-1 1.52589E-1 1.56607E-1 1.60766E-1 1.68432E-1 1.86533E-1 1.90541E-1 2.16159E-1 1.80195E-1 1.60837E-1 1.30907E-1 1.19703E-1 1.21469E-1 1.96869E-1 1.8599E-1 1.8868E-1 2.16704E-1 2.01922E-1 2.11383E-1 2.35034E-1 2.50235E-1 2.58991E-1 2.64028E-1 2.63972E-1 2.75132E-1 2.56539E-1 2.42253E-1 2.59778E-1 2.3782E-1 2.30778E-1 2.21839E-1 2.2254E-1 2.02546E-1 2.07312E-1 2.02687E-1 2.10089E-1 2.04585E-1 1.42132E-1 1.30394E-1 1.32608E-1 1.52431E-1 1.66191E-1 1.47757E-1 9.38361E-2 5.73038E-2 4.99964E-2 5.12716E-2 6.47556E-2 5.40979E-2
1.44719E-1 1.71143E-1 1.65232E-1 1.50575E-1 1.4819E-1 1.37968E-1 1.03158E-1 1.04542E-1 1.31668E-1 1.90161E-1 1.93663E-1 2.01942E-1 1.6901E-1 1.60772E-1 1.60009E-1 1.6183E-1 1.71737E-1 1.72342E-1 1.79216E-1 1.92202E-1 1.74656E-1 1.46675E-1 1.17814E-1 1.10397E-1 1.23409E-1 1.3707E-1 1.49304E-1 1.4689E-1 1.52702E-1 1.42087E-1 1.75721E-1 2.05906E-1 2.46081E-1 2.46531E-1 2.50973E-1 2.54573E-1 2.77613E-1 3.16616E-1 2.72957E-1 2.8508E-1 2.54179E-1 2.38108E-1 2.15378E-1 2.08683E-1 2.17039E-1 1.87838E-1 1.83775E-1 1.9367E-1 1.91239E-1 1.88361E-1 1.92416E-1 1.64172E-1 1.50863E-1 1.79173E-1 2.07615E-1 1.50128E-1 6.51658E-2 4.8444E-2 4.85304E-2 1.59326E-1 1.44098E-1
1.51421E-1 1.7395E-1 1.63597E-1 1.73418E-1 1.62382E-1 1.31512E-1 1.00437E-1 1.04697E-1 1.2387E-1 1.72011E-1 1.79907E-1 1.7961E-1 1.60713E-1 1.60647E-1 1.73429E-1 1.7088E-1 1.88222E-1 1.6525E-1 1.6823E-1 1.71079E-1 1.55051E-1 1.454E-1 1.26782E-1 1.23962E-1 1.28382E-1 1.41158E-1 1.46746E-1 1.48537E-1 1.64643E-1 1.35448E-1 1.6985E-1 2.25E-1 2.4787E-1 2.51718E-1 2.43374E-1 2.15773E-1 2.11005E-1 2.57794E-1 2.94822E-1 3.09463E-1 3.0251E-1 2.67188E-1 2.03601E-1 1.95796E-1 2.20235E-1 2.42569E-1 2.09477E-1 2.11238E-1 2.22281E-1 1.7921E-1 1.56666E-1 1.23928E-1 1.12323E-1 1.64714E-1 2.17466E-1 1.77367E-1 1.18548E-1 1.11304E-1 1.16663E-1 1.30451E-1 1.0885E-1
1.76635E-1 1.89621E-1 1.77064E-1 1.397E-1 1.32163E-1 1.27828E-1 1.07287E-1 1.08492E-1 1.34339E-1 1.55979E-1 1.69144E-1 1.67314E-1 1.72274E-1 1.66392E-1 1.73773E-1 1.81588E-1 2.08012E-1 1.78366E-1 1.52176E-1 1.51356E-1 1.47211E-1 1.62216E-1 1.34063E-1 1.30344E-1 1.35066E-1 1.34289E-1 1.48938E-1 1.5708E-1 1.5576E-1 1.51644E-1 1.68125E-1 2.04036E-1 2.39915E-1 2.4937E-1 2.40134E-1 2.04382E-1 2.00819E-1 2.07537E-1 2.28349E-1 2.6252E-1 2.78648E-1 2.9915E-1 2.76451E-1 2.53005E-1 2.56306E-1 1.96089E-1 2.08375E-1 2.17019E-1 2.06282E-1 2.00965E-1 1.96457E-1 1.73525E-1 1.51439E-1 1.63045E-1 1.42186E-1 1.59842E-1 1.25318E-1 1.40496E-1 1.48265E-1 1.62121E-1 1.74242E-1
1.95994E-1 2.42837E-1 2.38926E-1 2.02673E-1 1.59293E-1 1.43267E-1 1.36869E-1 1.49606E-1 1.53503E-1 1.59934E-1 1.76179E-1 1.81808E-1 1.94841E-1 2.01103E-1 2.08051E-1 1.9319E-1 2.15737E-1 1.96218E-1 1.64609E-1 1.54385E-1 1.5069E-1 1.64848E-1 1.43216E-1 1.36625E-1 1.32115E-1 1.40925E-1 1.5614E-1 1.61807E-1 1.43072E-1 1.5273E-1 1.54128E-1 1.97402E-1 2.15018E-1 2.23734E-1 2.27564E-1 2.094E-1 2.09177E-1 2.06293E-1 2.07968E-1 2.17205E-1 2.18367E-1 2.12942E-1 2.48178E-1 2.40872E-1 2.46566E-1 2.54877E-1 2.42808E-1 2.29268E-1 2.18538E-1 2.07811E-1 2.15691E-1 2.65291E-1 2.31377E-1 2.29379E-1 1.64748E-1 1.72927E-1 1.70251E-1 1.88973E-1 1.7553E-1 1.83563E-1 2.48861E-1
1.83434E-1 2.69918E-1 2.88249E-1 2.74962E-1 2.34867E-1 1.8734E-1 1.62378E-1 1.65503E-1 1.71291E-1 1.74833E-1 1.89226E-1 2.02956E-1 2.07885E-1 2.17453E-1 2.31987E-1 2.09566E-1 2.03087E-1 1.89037E-1 1.89381E-1 1.89175E-1 1.74575E-1 1.65043E-1 1.62101E-1 1.59748E-1 1.5836E-1 1.90566E-1 2.19511E-1 2.2914E-1 2.32716E-1 2.3158E-1 2.00955E-1 2.02001E-1 2.03704E-1 1.96673E-1 1.99392E-1 1.97837E-1 1.97608E-1 1.99203E-1 2.077E-1 2.3912E-1 1.99898E-1 1.94997E-1 1.8052E-1 1.72582E-1 1.70029E-1 1.74329E-1 2.15747E-1 2.52112E-1 2.39673E-1 2.15021E-1 1.96631E-1 1.98516E-1 1.80177E-1 1.79148E-1 1.85392E-1 2.12787E-1 2.05739E-1 1.90305E-1 2.15213E-1 3.51747E-1 4.7929E-1
1.72388E-1 1.76654E-1 1.77787E-1 1.66545E-1 1.92555E-1 1.74834E-1 1.8769E-1 1.70022E-1 1.75019E-1 1.76863E-1 1.94273E-1 2.19632E-1 2.33832E-1 2.23867E-1 2.66445E-1 2.3998E-1 2.12342E-1 2.07443E-1 2.09322E-1 2.07359E-1 2.01733E-1 1.97841E-1 1.76603E-1 1.72766E-1 1.73938E-1 2.40092E-1 2.46775E-1 2.5543E-1 2.18517E-1 1.99861E-1 2.04379E-1 1.98576E-1 2.10289E-1 2.02043E-1 2.06824E-1 2.01032E-1 2.03988E-1 1.95886E-1 1.79615E-1 1.79637E-1 1.7225E-1 1.88021E-1 2.23269E-1 2.53917E-1 1.73294E-1 2.00213E-1 1.87986E-1 1.84302E-1 1.91712E-1 1.75754E-1 1.5517E-1 1.60693E-1 1.69786E-1 1.68436E-1 1.58523E-1 1.59564E-1 2.2528E-1 3.77854E-1 4.7896E-1 2.9162E-1 1.94377E-1
1.82167E-1 1.75705E-1 1.65545E-1 1.6274E-1 1.69168E-1 1.45182E-1 1.45746E-1 1.36223E-1 1.58508E-1 1.82471E-1 1.96025E-1 2.17804E-1 2.40075E-1 2.49298E-1 2.60624E-1 2.41498E-1 2.31022E-1 2.2678E-1 2.12825E-1 2.07189E-1 2.13992E-1 1.97568E-1 1.85738E-1 1.80271E-1 1.90948E-1 1.90531E-1 1.81021E-1 1.8644E-1 1.94532E-1 2.06895E-1 1.92574E-1 1.93334E-1 2.07598E-1 2.07131E-1 2.03554E-1 1.92578E-1 1.95618E-1 1.86954E-1 1.89934E-1 1.70979E-1 1.66317E-1 1.56674E-1 1.5308E-1 1.48769E-1 1.49829E-1 1.5905E-1 1.60769E-1 1.60393E-1 1.55405E-1 1.50421E-1 1.53618E-1 1.52784E-1 1.73796E-1 2.76286E-1 4.12719E-1 4.71693E-1 3.81282E-1 2.60755E-1 2.15705E-1 2.19154E-1 2.19102E-1
1.6567E-1 1.6599E-1 1.68784E-1 1.64687E-1 1.60436E-1 1.75074E-1 1.57822E-1 1.61928E-1 1.59988E-1 1.85894E-1 2.00428E-1 2.23918E-1 2.23446E-1 2.39124E-1 2.46818E-1 2.50438E-1 2.43004E-1 2.45934E-1 2.48901E-1 2.54917E-1 2.66183E-1 2.2481E-1 2.0664E-1 2.0661E-1 1.79938E-1 1.7242E-1 1.82654E-1 1.95129E-1 2.14811E-1 2.28842E-1 2.15995E-1 2.15751E-1 2.33566E-1 2.24266E-1 2.17361E-1 2.33581E-1 2.25841E-1 1.82672E-1 1.78942E-1 1.80918E-1 1.7287E-1 2.06074E-1 1.54035E-1 1.64814E-1 1.65562E-1 1.54233E-1 1.37437E-1 1.40098E-1 1.34389E-1 1.48982E-1 2.02533E-1 3.01607E-1 4.87353E-1 3.39852E-1 2.37959E-1 2.40413E-1 2.40905E-1 2.46137E-1 2.42092E-1 2.33465E-1 2.29344E-1
1.64962E-1 1.64565E-1 1.75672E-1 1.68811E-1 1.68169E-1 1.62309E-1 1.56104E-1 1.62594E-1 1.64439E-1 1.83315E-1 1.91732E-1 1.98847E-1 2.20607E-1 2.29411E-1 2.3717E-1 2.45631E-1 2.52264E-1 2.6161E-1 2.80853E-1 2.69972E-1 2.77704E-1 2.55896E-1 2.65285E-1 1.99112E-1 1.84841E-1 2.01324E-1 1.93601E-1 2.19105E-1 2.19627E-1 3.14573E-1 2.26076E-1 3.20628E-1 2.57794E-1 2.03897E-1 2.02747E-1 2.43478E-1 2.12405E-1 2.0438E-1 2.16901E-1 1.87303E-1 1.43375E-1 1.66506E-1 1.71018E-1 1.57295E-1 1.61357E-1 1.52765E-1 1.46778E-1 1.43747E-1 1.68016E-1 2.64776E-1 4.91273E-1 2.97896E-1 2.59084E-1 2.7234E-1 2.74359E-1 2.67277E-1 2.58468E-1 2.56879E-1 2.53982E-1 2.53721E-1 2.44451E-1
1.54991E-1 1.6251E-1 1.45786E-1 1.42478E-1 1.66226E-1 1.82279E-1 1.64692E-1 1.63864E-1 1.66626E-1 1.80534E-1 1.8873E-1 1.91971E-1 1.96855E-1 2.14717E-1 2.35194E-1 2.50473E-1 2.72949E-1 2.79077E-1 2.92504E-1 2.89736E-1 2.98399E-1 2.81049E-1 2.72859E-1 2.38295E-1 2.17765E-1 2.2012E-1 2.22236E-1 2.11677E-1 2.20935E-1 2.51531E-1 3.20447E-1 2.71401E-1 2.14163E-1 2.27565E-1 2.20221E-1 2.59708E-1 2.2564E-1 2.01725E-1 1.96054E-1 1.54338E-1 1.49819E-1 1.42388E-1 1.57943E-1 1.77944E-1 1.79304E-1 1.80012E-1 1.86555E-1 2.19197E-1 2.91123E-1 4.80853E-1 2.69238E-1 2.95921E-1 3.35057E-1 3.50937E-1 3.18554E-1 2.90273E-1 2.81783E-1 2.80315E-1 2.74018E-1 2.65818E-1 2.57643E-1
1.17935E-1 1.35035E-1 1.47947E-1 1.32735E-1 1.47832E-1 1.70864E-1 1.73729E-1 1.73733E-1 1.66619E-1 1.83916E-1 1.83576E-1 1.82556E-1 1.85834E-1 1.90126E-1 2.18498E-1 2.77791E-1 2.81326E-1 2.80926E-1 2.5676E-1 2.68052E-1 2.61969E-1 2.74571E-1 2.80514E-1 2.62053E-1 2.33631E-1 2.1925E-1 2.22322E-1 2.16939E-1 2.31513E-1 3.13597E-1 3.71892E-1 3.21657E-1 2.37085E-1 2.40805E-1 2.1463E-1 2.1511E-1 2.0042E-1 1.84278E-1 1.72246E-1 1.66589E-1 1.7186E-1 1.64865E-1 1.71841E-1 2.07044E-1 2.18026E-1 2.31161E-1 2.74047E-1 4.57759E-1 4.46221E-1 2.88346E-1 3.07656E-1 3.68107E-1 4.48748E-1 4.79023E-1 5.02813E-1 3.36127E-1 3.00964E-1 2.97596E-1 2.83593E-1 2.76053E-1 2.78867E-1
1.43715E-1 1.34563E-1 1.52814E-1 1.42422E-1 1.58006E-1 1.54585E-1 1.67814E-1 1.687E-1 1.70627E-1 1.72662E-1 1.85204E-1 1.79065E-1 1.87828E-1 1.92394E-1 2.29232E-1 2.6884E-1 2.95371E-1 2.72418E-1 2.52994E-1 2.53921E-1 2.63833E-1 2.72206E-1 2.70398E-1 2.82999E-1 2.43202E-1 2.04145E-1 2.0453E-1 2.36272E-1 2.36246E-1 2.55469E-1 2.57976E-1 2.57405E-1 2.52682E-1 2.48221E-1 2.21826E-1 1.93241E-1 1.8614E-1 2.09376E-1 1.86552E-1 1.84583E-1 1.95828E-1 1.97745E-1 2.11617E-1 2.61081E-1 2.94366E-1 4.13093E-1 4.95224E-1 3.53639E-1 3.40482E-1 4.80614E-1 5.29908E-1 5.35431E-1 5.61669E-1 5.73907E-1 5.46771E-1 3.64443E-1 3.19408E-1 3.08615E-1 3.59314E-1 4.35727E-1 5.91419E-1
1.47744E-1 1.65511E-1 1.69211E-1 1.52201E-1 1.53331E-1 1.55916E-1 1.75716E-1 1.81592E-1 1.75886E-1 1.77578E-1 1.88248E-1 2.00648E-1 1.88963E-1 1.95651E-1 2.20794E-1 2.40402E-1 2.60733E-1 2.7007E-1 2.42437E-1 2.64605E-1 3.00741E-1 2.93773E-1 2.90329E-1 2.67566E-1 2.40543E-1 2.08518E-1 2.01309E-1 2.05212E-1 2.1169E-1 2.3263E-1 2.49854E-1 2.90922E-1 3.03723E-1 2.6684E-1 2.44399E-1 2.03198E-1 1.9937E-1 2.55534E-1 1.9466E-1 1.93715E-1 2.12408E-1 2.20327E-1 2.30039E-1 2.72997E-1 4.66809E-1 5.19554E-1 5.2158E-1 4.74229E-1 3.64288E-1 3.62578E-1 3.6645E-1 4.39484E-1 5.69607E-1 5.08356E-1 4.85633E-1 4.50401E-1 4.88221E-1 6.09619E-1 6.18907E-1 5.45919E-1 4.78034E-1
1.53167E-1 1.63332E-1 1.82325E-1 1.73193E-1 1.59646E-1 1.58245E-1 1.75994E-1 1.82795E-1 1.85311E-1 1.79274E-1 1.8918E-1 2.04101E-1 1.97726E-1 2.02872E-1 2.18468E-1 2.34329E-1 2.47575E-1 2.59999E-1 2.56667E-1 2.79861E-1 2.97296E-1 3.58072E-1 3.4069E-1 3.24288E-1 2.92875E-1 2.29222E-1 2.23619E-1 2.19013E-1 2.23346E-1 2.4937E-1 2.49062E-1 3.23684E-1 3.18694E-1 2.86211E-1 2.50331E-1 2.29913E-1 2.24408E-1 1.99582E-1 1.88578E-1 1.86236E-1 1.95179E-1 2.31303E-1 2.53181E-1 2.72176E-1 3.05644E-1 3.17417E-1 3.38239E-1 3.25153E-1 3.60191E-1 3.10554E-1 3.02004E-1 3.78817E-1 4.39153E-1 5.82515E-1 6.10779E-1 5.93153E-1 5.54541E-1 4.95525E-1 4.60297E-1 4.77389E-1 3.82825E-1
1.46603E-1 1.64151E-1 1.88151E-1 1.931E-1 1.76379E-1 1.66751E-1 1.74844E-1 1.96637E-1 1.9522E-1 1.84958E-1 1.90004E-1 2.01595E-1 1.96935E-1 2.04132E-1 2.30317E-1 2.43486E-1 2.51096E-1 2.61143E-1 2.80728E-1 3.11696E-1 3.29288E-1 3.56545E-1 3.96948E-1 4.28679E-1 3.27335E-1 2.72525E-1 2.68161E-1 2.63209E-1 2.69873E-1 2.78534E-1 3.27948E-1 3.949E-1 3.21283E-1 3.14577E-1 3.31314E-1 2.82203E-1 2.27882E-1 2.01156E-1 2.0027E-1 2.00108E-1 2.59453E-1 2.37431E-1 2.4908E-1 2.37583E-1 2.4692E-1 2.68173E-1 3.05469E-1 2.68902E-1 3.10806E-1 3.23764E-1 2.94667E-1 3.45767E-1 3.86048E-1 4.37429E-1 4.25393E-1 4.05555E-1 3.89005E-1 3.94428E-1 3.94059E-1 4.44897E-1 4.01139E-1
1.41606E-1 1.7414E-1 2.00931E-1 2.23579E-1 1.83148E-1 1.7943E-1 2.03552E-1 2.11283E-1 2.04215E-1 2.06212E-1 2.12697E-1 2.35177E-1 2.31124E-1 2.29084E-1 2.36815E-1 2.51537E-1 2.36985E-1 2.63147E-1 2.86125E-1 3.34578E-1 3.70416E-1 3.98452E-1 4.03843E-1 4.00281E-1 3.5526E-1 3.11449E-1 3.078E-1 3.21106E-1 3.36873E-1 3.6703E-1 3.5417E-1 3.15318E-1 2.84119E-1 2.89235E-1 4.66233E-1 4.80018E-1 2.33866E-1 2.14168E-1 2.39365E-1 2.65542E-1 2.60313E-1 2.47314E-1 2.51076E-1 2.53466E-1 2.76207E-1 3.35537E-1 2.81692E-1 3.13486E-1 3.13436E-1 3.10698E-1 3.33495E-1 3.12011E-1 3.11656E-1 3.25252E-1 3.22426E-1 3.29987E-1 3.59039E-1 3.66764E-1 3.95825E-1 3.87582E-1 4.02751E-1
1.65125E-1 1.62908E-1 2.08845E-1 2.44762E-1 2.01792E-1 1.91862E-1 2.04369E-1 2.36649E-1 2.06854E-1 2.1461E-1 2.31421E-1 2.58012E-1 2.5279E-1 2.60252E-1 2.93988E-1 2.95821E-1 2.56934E-1 2.67852E-1 2.95385E-1 3.53015E-1 3.66916E-1 3.85067E-1 4.16032E-1 3.91605E-1 3.93309E-1 3.56302E-1 3.39578E-1 3.6623E-1 3.89912E-1 3.25358E-1 3.24308E-1 3.09531E-1 2.67174E-1 2.73069E-1 2.95908E-1 3.40258E-1 2.45969E-1 2.51796E-1 2.5356E-1 2.79539E-1 2.77656E-1 3.07701E-1 3.42803E-1 3.49489E-1 3.57633E-1 3.90395E-1 3.5804E-1 3.36104E-1 3.35399E-1 3.33195E-1 3.14055E-1 2.91864E-1 2.89718E-1 3.01866E-1 3.2178E-1 3.61443E-1 3.8592E-1 3.48751E-1 3.75681E-1 3.80291E-1 3.32678E-1
1.33354E-1 1.62345E-1 1.76541E-1 2.11721E-1 1.83843E-1 1.80553E-1 1.86318E-1 2.14208E-1 2.27879E-1 2.04177E-1 2.12721E-1 2.22605E-1 2.5997E-1 2.56055E-1 2.89223E-1 3.0245E-1 2.67245E-1 2.96847E-1 2.92061E-1 3.10862E-1 3.4792E-1 3.77687E-1 3.92574E-1 4.18346E-1 4.61417E-1 3.99015E-1 4.19839E-1 4.1228E-1 4.09823E-1 3.39695E-1 3.26614E-1 3.18662E-1 3.00997E-1 2.70596E-1 2.68315E-1 2.68742E-1 2.67662E-1 2.80752E-1 2.80775E-1 3.06945E-1 3.4039E-1 3.66514E-1 4.37282E-1 4.53172E-1 4.7257E-1 3.98184E-1 3.56602E-1 3.77938E-1 4.5347E-1 4.36312E-1 3.54924E-1 3.18926E-1 3.1619E-1 3.30458E-1 3.60101E-1 3.52358E-1 3.65589E-1 4.09938E-1 3.86782E-1 4.01106E-1 3.59362E-1
1.40013E-1 1.67669E-1 1.79436E-1 1.7049E-1 1.66434E-1 1.73789E-1 1.89552E-1 2.26202E-1 2.33545E-1 2.28964E-1 2.00644E-1 2.54777E-1 2.85891E-1 2.94249E-1 2.80838E-1 2.87773E-1 3.2586E-1 3.35205E-1 3.01397E-1 3.05675E-1 3.55728E-1 3.76798E-1 4.04708E-1 4.32742E-1 4.65044E-1 4.19839E-1 3.9122E-1 4.17809E-1 4.20545E-1 3.89359E-1 3.57443E-1 3.50681E-1 3.11098E-1 2.97228E-1 3.06448E-1 3.06441E-1 3.22095E-1 3.14105E-1 3.50143E-1 3.49435E-1 3.81612E-1 4.07015E-1 4.2638E-1 4.10104E-1 3.9304E-1 3.83644E-1 4.09807E-1 4.41535E-1 3.93415E-1 3.10556E-1 3.13036E-1 3.23422E-1 3.26551E-1 3.3546E-1 3.61753E-1 3.41729E-1 3.31992E-1 3.54841E-1 3.41098E-1 3.73278E-1 3.46682E-1
1.41463E-1 1.66239E-1 1.52319E-1 1.55517E-1 1.61647E-1 1.75611E-1 1.82043E-1 1.98941E-1 1.96648E-1 2.18276E-1 2.15354E-1 3.15219E-1 2.90014E-1 2.62253E-1 2.84611E-1 2.81857E-1 2.99945E-1 3.12146E-1 3.14184E-1 3.10757E-1 3.36602E-1 3.71245E-1 4.23422E-1 4.4027E-1 5.07961E-1 4.30799E-1 3.92648E-1 3.97236E-1 4.04075E-1 4.12359E-1 4.53352E-1 3.76412E-1 3.38436E-1 3.38228E-1 3.40494E-1 3.73991E-1 3.94489E-1 4.0531E-1 4.04844E-1 3.96544E-1 4.05673E-1 4.33578E-1 4.28795E-1 4.25894E-1 4.26061E-1 3.89883E-1 3.71562E-1 3.98699E-1 3.86737E-1 3.25709E-1 3.28535E-1 3.57372E-1 3.44511E-1 3.32683E-1 3.37967E-1 3.31006E-1 3.21104E-1 3.17254E-1 3.55442E-1 3.66562E-1 3.66989E-1
1.51699E-1 1.49394E-1 1.36783E-1 1.48682E-1 1.62047E-1 1.68127E-1 1.68175E-1 1.7006E-1 1.91651E-1 2.171E-1 2.69665E-1 3.25762E-1 3.51484E-1 2.45562E-1 2.31211E-1 2.51628E-1 2.81658E-1 3.02333E-1 3.3025E-1 3.26326E-1 3.46139E-1 3.59413E-1 3.85586E-1 4.3895E-1 4.71338E-1 4.95098E-1 4.44662E-1 3.95778E-1 4.09524E-1 4.50657E-1 4.41832E-1 4.15012E-1 4.01576E-1 4.14647E-1 4.24587E-1 4.54846E-1 4.53411E-1 4.52608E-1 4.37164E-1 4.82231E-1 4.48676E-1 4.57206E-1 4.37951E-1 4.24903E-1 4.1597E-1 3.83205E-1 4.02905E-1 3.86939E-1 3.73397E-1 3.49218E-1 3.54259E-1 3.48319E-1 3.53043E-1 3.57813E-1 3.57624E-1 3.69774E-1 3.67638E-1 3.49708E-1 3.95825E-1 3.85437E-1 3.48722E-1
1.42577E-1 1.42142E-1 1.41452E-1 1.50505E-1 1.61452E-1 1.56043E-1 1.53541E-1 1.61207E-1 1.76909E-1 2.44398E-1 3.0611E-1 3.3378E-1 3.06704E-1 2.56945E-1 2.17247E-1 2.58749E-1 2.25233E-1 2.51377E-1 3.13037E-1 3.27024E-1 3.67688E-1 3.45357E-1 3.83652E-1 4.04121E-1 4.32558E-1 4.60457E-1 5.25808E-1 5.13483E-1 4.57956E-1 4.18008E-1 4.14915E-1 4.54806E-1 4.86265E-1 4.84302E-1 4.86521E-1 4.7631E-1 5.00958E-1 5.01796E-1 5.19602E-1 5.47241E-1 5.16387E-1 4.76114E-1 4.57269E-1 4.32773E-1 4.18444E-1 4.15974E-1 4.16069E-1 4.0795E-1 4.47892E-1 4.33958E-1 4.11719E-1 3.80229E-1 4.06106E-1 4.24405E-1 4.22071E-1 4.01132E-1 3.94569E-1 3.91749E-1 4.0491E-1 3.83364E-1 3.3611E-1
1.34689E-1 1.47697E-1 1.48128E-1 1.45981E-1 1.51348E-1 1.49175E-1 1.50876E-1 1.50183E-1 1.68257E-1 2.2758E-1 3.02569E-1 2.96925E-1 2.73723E-1 2.23921E-1 2.13214E-1 2.49969E-1 2.74971E-1 2.52271E-1 2.90154E-1 3.04017E-1 3.0408E-1 3.50145E-1 3.91274E-1 3.97984E-1 4.15963E-1 4.31505E-1 4.35773E-1 4.42726E-1 4.21262E-1 4.54586E-1 4.82029E-1 4.89784E-1 4.43115E-1 4.64478E-1 4.91493E-1 5.14024E-1 5.86384E-1 5.90778E-1 6.07731E-1 5.73197E-1 5.56395E-1 4.90064E-1 4.44439E-1 4.36502E-1 4.36582E-1 4.33675E-1 4.47704E-1 4.21852E-1 4.05807E-1 4.18048E-1 4.00145E-1 4.00436E-1 3.87851E-1 4.15207E-1 4.27808E-1 4.36627E-1 4.22558E-1 4.19422E-1 4.16081E-1 4.27981E-1 3.69694E-1
