data/maxent/outputs/white_50.asc
ncols         426
nrows         180
xllcorner     -130.0
yllcorner     24.0
cellsize      0.16666666666666666
NODATA_value  -9999
[rows 0 to 26 of 180, columns 183 to 243 of 426]
5.55776E-7 3.82479E-7 3.672E-7 3.38805E-7 2.6397E-7 2.28009E-7 2.29925E-7 4.12052E-7 4.48868E-7 4.12325E-7 3.58115E-7 3.41057E-7 2.20862E-7 2.03122E-7 2.18319E-7 2.12203E-7 1.92721E-7 1.79586E-7 1.77505E-7 2.07411E-7 2.63122E-7 2.05115E-7 1.78458E-7 1.74514E-7 1.82027E-7 1.77049E-7 1.73426E-7 2.14628E-7 2.18867E-7 1.90791E-7 1.78007E-7 1.62971E-7 1.56963E-7 1.74631E-7 1.31905E-7 1.2091E-7 1.1435E-7 1.06424E-7 1.11598E-7 1.11262E-7 1.10359E-7 1.19802E-7 1.07145E-7 9.40024E-8 9.53908E-8 9.72859E-8 1.01096E-7 9.12911E-8 1.16042E-7 1.02337E-7 9.46995E-8 1.06809E-7 1.14878E-7 8.55484E-8 9.25224E-8 7.64453E-8 7.91469E-8 6.68945E-8 6.66127E-8 7.20977E-8 6.70031E-8
4.7382E-7 3.71245E-7 4.79082E-7 8.67595E-7 9.06521E-7 9.05481E-7 9.41115E-7 9.14642E-7 8.68284E-7 6.56549E-7 3.97949E-7 4.06775E-7 3.24415E-7 2.58516E-7 2.83191E-7 2.37193E-7 2.15084E-7 2.00041E-7 1.82482E-7 2.15594E-7 2.0239E-7 2.03152E-7 2.45295E-7 2.10838E-7 2.09154E-7 1.70794E-7 2.01231E-7 2.33391E-7 2.46583E-7 2.72163E-7 2.82157E-7 2.38419E-7 2.05487E-7 2.05314E-7 1.85194E-7 1.57112E-7 1.59041E-7 1.55323E-7 1.44012E-7 1.3521E-7 1.33291E-7 1.117E-7 1.21779E-7 1.47246E-7 1.38346E-7 1.29794E-7 1.28159E-7 1.0416E-7 1.13285E-7 1.30403E-7 1.10827E-7 1.19778E-7 1.10412E-7 9.27739E-8 1.05259E-7 1.16694E-7 1.96097E-7 1.84564E-7 1.3721E-7 9.69176E-8 9.36271E-8
4.15174E-7 4.1588E-7 8.43316E-7 1.17238E-6 1.08288E-6 1.04991E-6 1.1766E-6 1.15837E-6 1.2548E-6 1.14836E-6 6.61843E-7 5.17655E-7 4.86786E-7 3.37255E-7 2.93423E-7 2.64992E-7 2.45959E-7 2.42158E-7 2.62033E-7 2.95553E-7 2.32176E-7 1.94333E-7 1.93479E-7 2.01802E-7 2.29944E-7 2.01911E-7 2.12447E-7 2.15292E-7 2.12534E-7 1.93123E-7 1.94329E-7 1.92615E-7 1.95962E-7 1.83931E-7 1.82513E-7 1.88001E-7 1.87803E-7 1.76904E-7 1.76894E-7 1.53713E-7 1.49289E-7 1.3477E-7 1.27109E-7 1.07495E-7 1.15611E-7 1.10454E-7 1.10669E-7 1.1171E-7 1.32569E-7 1.28301E-7 1.48889E-7 1.20582E-7 9.70242E-8 9.48497E-8 9.48233E-8 9.8201E-8 9.69881E-8 9.88253E-8 9.22594E-8 9.59976E-8 9.34328E-8
5.20936E-7 6.66373E-7 1.31533E-6 1.24779E-6 1.12109E-6 1.09458E-6 1.11589E-6 1.08114E-6 1.22445E-6 1.38642E-6 1.15289E-6 6.34571E-7 7.00147E-7 4.21419E-7 3.98627E-7 3.27141E-7 3.12878E-7 3.14808E-7 2.90815E-7 2.68289E-7 3.21193E-7 2.37813E-7 2.14322E-7 2.05954E-7 2.14378E-7 2.55156E-7 2.28506E-7 1.95019E-7 1.90875E-7 1.91093E-7 2.09551E-7 2.30569E-7 2.0331E-7 1.92766E-7 1.79623E-7 1.88437E-7 1.952E-7 1.81825E-7 1.75706E-7 1.84633E-7 1.61693E-7 1.34235E-7 1.40959E-7 1.1655E-7 1.04353E-7 1.07996E-7 1.59091E-7 1.3829E-7 1.42029E-7 1.50441E-7 1.45336E-7 1.84292E-7 1.20369E-7 1.06689E-7 1.0905E-7 9.94061E-8 9.83877E-8 1.00451E-7 1.15478E-7 9.87781E-8 1.07484E-7
9.29863E-7 1.29337E-6 1.41203E-6 1.33663E-6 1.26447E-6 1.22554E-6 1.26369E-6 1.26552E-6 1.31628E-6 1.48602E-6 1.36336E-6 9.96243E-7 8.67326E-7 4.80607E-7 3.719E-7 3.88745E-7 3.54865E-7 3.13561E-7 3.13913E-7 2.95786E-7 2.76218E-7 2.76726E-7 2.83857E-7 2.36624E-7 2.16386E-7 2.15582E-7 2.09536E-7 2.26398E-7 2.39836E-7 2.28919E-7 2.3688E-7 2.34676E-7 2.08958E-7 2.09896E-7 2.29449E-7 2.50525E-7 2.06976E-7 1.89093E-7 1.69979E-7 1.77778E-7 1.78068E-7 1.62342E-7 1.68107E-7 1.58239E-7 1.55234E-7 1.60192E-7 1.31808E-7 1.29016E-7 1.47694E-7 1.29694E-7 1.3152E-7 1.49059E-7 1.21868E-7 1.18654E-7 1.14736E-7 1.1415E-7 1.0621E-7 1.15985E-7 1.22045E-7 1.08848E-7 1.02756E-7
1.05817E-6 1.01517E-6 1.28709E-6 1.37196E-6 1.30927E-6 1.38902E-6 1.60182E-6 1.43384E-6 1.39518E-6 1.56779E-6 1.50774E-6 1.38899E-6 1.22768E-6 6.09226E-7 5.05804E-7 4.05722E-7 3.99582E-7 3.79542E-7 3.44313E-7 3.52298E-7 3.67125E-7 3.05589E-7 2.795E-7 2.99993E-7 3.00112E-7 3.10136E-7 3.01284E-7 3.19146E-7 2.77459E-7 2.83187E-7 2.82515E-7 2.64444E-7 2.51293E-7 2.58851E-7 2.47228E-7 3.14327E-7 3.62616E-7 3.00422E-7 3.39815E-7 3.04859E-7 3.16398E-7 2.5717E-7 1.98263E-7 1.9449E-7 1.89956E-7 2.07628E-7 1.48655E-7 1.43783E-7 1.66426E-7 1.83252E-7 1.7265E-7 1.60723E-7 1.29446E-7 1.24766E-7 1.18944E-7 1.12801E-7 1.36212E-7 1.77947E-7 1.53849E-7 1.32191E-7 1.44228E-7
1.22196E-6 9.33531E-7 9.2811E-7 1.16888E-6 1.49563E-6 1.69994E-6 1.60204E-6 1.58846E-6 1.61919E-6 1.76409E-6 1.72207E-6 1.69584E-6 1.34216E-6 9.16618E-7 7.70542E-7 5.55566E-7 4.80863E-7 4.70961E-7 4.84984E-7 4.44284E-7 4.42113E-7 4.04439E-7 3.35451E-7 3.48787E-7 3.57753E-7 3.46019E-7 3.29869E-7 3.47944E-7 3.10069E-7 3.01374E-7 2.90633E-7 2.86738E-7 3.22707E-7 3.69253E-7 3.04797E-7 3.52783E-7 3.59113E-7 3.07059E-7 3.3398E-7 3.10662E-7 3.22285E-7 2.83487E-7 2.38081E-7 2.18596E-7 2.44652E-7 2.69162E-7 2.49923E-7 2.09443E-7 2.69116E-7 2.24411E-7 2.31381E-7 2.39307E-7 2.01504E-7 1.46212E-7 1.40951E-7 1.38293E-7 1.5218E-7 1.94296E-7 1.93915E-7 1.88703E-7 2.09531E-7
1.5865E-6 1.1913E-6 1.16774E-6 1.48438E-6 1.9041E-6 1.57312E-6 1.50548E-6 1.5955E-6 1.74332E-6 1.75089E-6 1.66634E-6 1.77332E-6 1.72546E-6 1.03947E-6 8.65178E-7 7.90454E-7 8.19902E-7 9.46077E-7 7.82642E-7 6.83408E-7 5.59094E-7 4.93288E-7 4.35973E-7 4.04026E-7 3.81829E-7 4.59291E-7 3.99474E-7 3.84947E-7 3.87267E-7 3.85065E-7 3.4576E-7 3.24123E-7 3.59872E-7 3.53893E-7 3.32079E-7 3.59075E-7 3.4687E-7 3.06289E-7 2.84477E-7 2.9197E-7 3.15921E-7 3.38006E-7 2.85868E-7 2.48797E-7 2.56568E-7 2.55111E-7 2.3331E-7 2.38937E-7 2.82177E-7 2.41889E-7 2.261E-7 2.91551E-7 2.74547E-7 2.41109E-7 1.8099E-7 1.68125E-7 1.97513E-7 1.88661E-7 1.87038E-7 1.7047E-7 1.80982E-7
1.79502E-6 1.35234E-6 1.29216E-6 1.45875E-6 1.48759E-6 1.85402E-6 1.67344E-6 1.62109E-6 1.8458E-6 1.94451E-6 1.76534E-6 1.73905E-6 1.6208E-6 1.48918E-6 1.05058E-6 8.84324E-7 9.89109E-7 8.0977E-7 9.43075E-7 9.47907E-7 7.94913E-7 6.68418E-7 6.05834E-7 5.23051E-7 5.12124E-7 4.85294E-7 4.4108E-7 4.70046E-7 3.86662E-7 4.13261E-7 4.34283E-7 4.32458E-7 4.78367E-7 3.81979E-7 3.85741E-7 3.61278E-7 3.69689E-7 3.78342E-7 4.02697E-7 3.81397E-7 3.39188E-7 3.45485E-7 3.66103E-7 3.18327E-7 2.72339E-7 2.40163E-7 2.52005E-7 3.82131E-7 2.99941E-7 2.61628E-7 2.35629E-7 2.32527E-7 2.0148E-7 2.02881E-7 2.39912E-7 2.2717E-7 2.19473E-7 1.91583E-7 2.0664E-7 2.07022E-7 1.86568E-7
2.1387E-6 1.46666E-6 1.38034E-6 1.5018E-6 1.44662E-6 1.3774E-6 2.03487E-6 1.58892E-6 1.72537E-6 2.30463E-6 1.93277E-6 1.815E-6 1.6994E-6 1.53522E-6 1.53585E-6 1.13946E-6 1.17428E-6 9.93011E-7 9.141E-7 7.94999E-7 7.47612E-7 7.21409E-7 6.64312E-7 6.14645E-7 6.43438E-7 5.80607E-7 4.96959E-7 4.92002E-7 4.39659E-7 4.27618E-7 4.45237E-7 4.24397E-7 4.25947E-7 4.0024E-7 4.67032E-7 5.0035E-7 4.55555E-7 4.43476E-7 4.54546E-7 4.20106E-7 3.83222E-7 3.74696E-7 3.78217E-7 3.75765E-7 3.1541E-7 2.85062E-7 2.94935E-7 3.20517E-7 2.84838E-7 2.58204E-7 2.19407E-7 2.17757E-7 2.10189E-7 2.13482E-7 2.13409E-7 2.26319E-7 2.2103E-7 2.17333E-7 2.06264E-7 2.11913E-7 2.33166E-7
2.15668E-6 1.69023E-6 1.5724E-6 1.64731E-6 1.6177E-6 1.51442E-6 1.48664E-6 1.75292E-6 2.02852E-6 2.00857E-6 1.88385E-6 1.80126E-6 1.79748E-6 1.88887E-6 1.82564E-6 1.31577E-6 1.30761E-6 1.13097E-6 1.08507E-6 9.15809E-7 9.17195E-7 8.88207E-7 7.59684E-7 6.96133E-7 7.76659E-7 6.6948E-7 6.30989E-7 6.55912E-7 5.07285E-7 5.7006E-7 6.08359E-7 5.44366E-7 4.94588E-7 4.71065E-7 5.79209E-7 4.88366E-7 4.48849E-7 4.027E-7 4.46296E-7 4.12383E-7 4.8701E-7 4.19688E-7 3.4641E-7 3.28101E-7 2.91679E-7 2.86773E-7 2.84958E-7 2.77762E-7 2.5267E-7 2.3969E-7 2.33204E-7 2.1674E-7 2.45251E-7 2.34641E-7 2.46522E-7 2.34952E-7 2.2419E-7 2.12498E-7 2.13242E-7 2.16506E-7 2.3169E-7
1.98676E-6 1.9612E-6 1.85832E-6 2.01024E-6 1.84896E-6 1.75385E-6 1.81745E-6 1.84566E-6 2.38951E-6 2.32846E-6 1.93646E-6 2.27004E-6 2.2936E-6 2.26114E-6 1.93281E-6 1.64039E-6 1.4216E-6 1.28308E-6 1.26168E-6 1.08291E-6 1.01146E-6 1.03727E-6 9.49916E-7 1.0543E-6 1.18408E-6 1.08229E-6 9.19563E-7 8.82755E-7 8.55785E-7 8.64859E-7 8.49268E-7 8.5085E-7 8.305E-7 6.52163E-7 6.54756E-7 4.97034E-7 4.5404E-7 4.79718E-7 4.5729E-7 4.45059E-7 4.51797E-7 3.97277E-7 3.62014E-7 3.48813E-7 3.56948E-7 3.31863E-7 2.91286E-7 3.0502E-7 3.25895E-7 3.06944E-7 3.18149E-7 3.02976E-7 2.56605E-7 2.55686E-7 2.70034E-7 2.87758E-7 2.88558E-7 2.71499E-7 2.77336E-7 2.83087E-7 2.64316E-7
2.22021E-6 2.312E-6 2.21112E-6 2.04298E-6 1.98242E-6 2.07642E-6 2.22735E-6 1.91154E-6 2.0277E-6 2.30292E-6 1.82951E-6 2.2208E-6 1.89611E-6 2.93408E-6 2.31635E-6 2.19562E-6 1.68832E-6 1.49134E-6 1.17027E-6 1.05443E-6 1.12259E-6 1.17084E-6 1.18679E-6 1.27823E-6 1.35555E-6 1.01834E-6 1.05851E-6 9.24986E-7 9.26205E-7 8.7979E-7 9.48035E-7 9.30771E-7 9.99108E-7 8.8351E-7 7.73685E-7 6.12441E-7 6.07752E-7 6.45825E-7 5.85897E-7 6.08941E-7 5.09749E-7 4.68738E-7 4.45343E-7 3.92782E-7 3.78177E-7 3.81319E-7 3.37316E-7 3.4957E-7 4.58569E-7 4.00958E-7 4.28115E-7 3.39055E-7 3.02152E-7 2.84075E-7 3.42293E-7 3.81939E-7 3.52252E-7 3.09836E-7 2.8844E-7 2.91466E-7 3.19023E-7
3.03463E-6 2.28853E-6 2.28682E-6 2.14226E-6 1.97796E-6 2.04186E-6 2.47272E-6 2.16781E-6 1.78287E-6 1.67147E-6 2.07167E-6 2.23117E-6 2.84969E-6 3.16064E-6 2.76099E-6 2.447E-6 2.17234E-6 1.71675E-6 1.33317E-6 1.33466E-6 1.34194E-6 1.35836E-6 1.36561E-6 1.43303E-6 1.22854E-6 1.27363E-6 1.08377E-6 1.26592E-6 1.17024E-6 1.24179E-6 1.08531E-6 1.0935E-6 1.2664E-6 1.04487E-6 1.13627E-6 9.57431E-7 9.00735E-7 8.9879E-7 8.96053E-7 7.86558E-7 6.96606E-7 5.64942E-7 5.08234E-7 4.50771E-7 4.95678E-7 5.94833E-7 4.77408E-7 4.4965E-7 4.39012E-7 4.62698E-7 4.96746E-7 4.30456E-7 4.61719E-7 3.93496E-7 4.2932E-7 4.4128E-7 3.65378E-7 3.81991E-7 3.88692E-7 3.57256E-7 3.83431E-7
3.12486E-6 2.88776E-6 3.05274E-6 2.72236E-6 2.29342E-6 2.40044E-6 2.13731E-6 1.74823E-6 2.01538E-6 2.32254E-6 2.58918E-6 2.48512E-6 2.5949E-6 3.51816E-6 2.44782E-6 1.86968E-6 2.57645E-6 1.97847E-6 1.47638E-6 1.44473E-6 1.50395E-6 1.57239E-6 1.62977E-6 1.60436E-6 1.39064E-6 1.38254E-6 1.31244E-6 1.3025E-6 1.38539E-6 1.33919E-6 1.2667E-6 1.23374E-6 1.23811E-6 1.25823E-6 1.24419E-6 1.14409E-6 1.02269E-6 9.91252E-7 9.51757E-7 8.73768E-7 7.78172E-7 7.28436E-7 6.1589E-7 6.05697E-7 6.26519E-7 7.6189E-7 5.68366E-7 5.71181E-7 5.50896E-7 5.03115E-7 5.46078E-7 5.12877E-7 5.04963E-7 4.91432E-7 5.06978E-7 4.78906E-7 4.46842E-7 4.18346E-7 3.92411E-7 3.8674E-7 3.74537E-7
2.65118E-6 2.84406E-6 3.76087E-6 2.98186E-6 2.04486E-6 1.48439E-6 1.89392E-6 2.02617E-6 2.48813E-6 2.96272E-6 2.77903E-6 2.15102E-6 2.44569E-6 3.05401E-6 2.09462E-6 2.45496E-6 2.82097E-6 2.80553E-6 1.72203E-6 1.60877E-6 1.51469E-6 1.56632E-6 1.58511E-6 1.6322E-6 1.68345E-6 1.66065E-6 1.57616E-6 1.82282E-6 1.80333E-6 1.63105E-6 1.52826E-6 1.36893E-6 1.33013E-6 1.12158E-6 1.25285E-6 1.20372E-6 1.24969E-6 1.16324E-6 9.73134E-7 8.97074E-7 8.37329E-7 9.73547E-7 1.0902E-6 8.86293E-7 7.62224E-7 9.23173E-7 6.71982E-7 6.25384E-7 6.6758E-7 6.54355E-7 6.58284E-7 5.98227E-7 5.6785E-7 5.75922E-7 5.81088E-7 5.49942E-7 4.86142E-7 4.59303E-7 4.25013E-7 4.40009E-7 4.59617E-7
2.93547E-6 3.0949E-6 3.46008E-6 3.73765E-6 3.21243E-6 2.06312E-6 1.37507E-6 1.91868E-6 2.6348E-6 2.94944E-6 2.3116E-6 2.25263E-6 2.61571E-6 2.76309E-6 2.18177E-6 2.98874E-6 2.99354E-6 3.61438E-6 2.98315E-6 1.86855E-6 1.76355E-6 1.77494E-6 1.84382E-6 1.94433E-6 2.18212E-6 1.89819E-6 1.95161E-6 2.18496E-6 2.19688E-6 1.93316E-6 1.99961E-6 1.92994E-6 1.72207E-6 1.62512E-6 1.36591E-6 1.50908E-6 2.07414E-6 2.04036E-6 1.29269E-6 1.19207E-6 1.29597E-6 1.104E-6 1.04332E-6 1.00899E-6 1.00508E-6 1.01649E-6 1.01784E-6 8.77391E-7 8.19763E-7 7.10833E-7 6.55609E-7 6.46088E-7 6.94365E-7 6.65596E-7 6.35717E-7 6.41943E-7 5.7284E-7 5.42498E-7 5.38067E-7 5.81751E-7 5.63559E-7
3.74589E-6 3.45169E-6 3.79404E-6 4.01177E-6 3.75311E-6 2.92621E-6 1.85646E-6 2.03814E-6 2.95143E-6 3.11102E-6 2.2699E-6 1.9999E-6 1.95964E-6 2.14735E-6 1.79667E-6 2.65188E-6 3.45833E-6 4.16861E-6 2.78518E-6 2.02294E-6 2.04257E-6 2.25948E-6 2.31731E-6 2.30954E-6 2.34952E-6 2.26988E-6 2.45327E-6 2.36097E-6 2.25345E-6 2.2683E-6 2.22894E-6 2.49967E-6 2.34723E-6 2.62871E-6 2.08669E-6 1.84946E-6 2.37753E-6 2.17599E-6 1.69251E-6 1.4211E-6 1.67264E-6 1.29113E-6 1.1723E-6 1.15074E-6 1.12399E-6 9.71528E-7 9.6877E-7 1.14541E-6 1.00215E-6 8.36254E-7 6.97081E-7 7.51477E-7 8.91095E-7 8.657E-7 8.23891E-7 8.04471E-7 6.66625E-7 6.4956E-7 6.33611E-7 6.30723E-7 6.20993E-7
4.30353E-6 5.01628E-6 4.74061E-6 4.52469E-6 4.36669E-6 3.80634E-6 3.23455E-6 2.59548E-6 2.59998E-6 2.78232E-6 2.78442E-6 2.85754E-6 2.45734E-6 2.48366E-6 2.25102E-6 4.45824E-6 4.37602E-6 4.33093E-6 3.63084E-6 2.53535E-6 3.11883E-6 2.76636E-6 2.69998E-6 2.6592E-6 2.54646E-6 2.87865E-6 2.83138E-6 2.52855E-6 2.42461E-6 2.37688E-6 2.05738E-6 2.16466E-6 2.72067E-6 2.67829E-6 2.96131E-6 2.66228E-6 2.48487E-6 2.20862E-6 1.96575E-6 1.69569E-6 1.44771E-6 1.37197E-6 1.26564E-6 1.26582E-6 1.17328E-6 1.20266E-6 1.09707E-6 9.84823E-7 9.68859E-7 8.72859E-7 8.68134E-7 9.65577E-7 8.33018E-7 7.69477E-7 8.32173E-7 8.70264E-7 7.56068E-7 6.97871E-7 7.1601E-7 7.52704E-7 7.7112E-7
5.18494E-6 4.23223E-6 4.49036E-6 4.14167E-6 5.08675E-6 5.33772E-6 5.03729E-6 3.78526E-6 3.14803E-6 3.34711E-6 3.62398E-6 3.30496E-6 3.15171E-6 2.78586E-6 3.30629E-6 5.05921E-6 4.68606E-6 4.92432E-6 4.73634E-6 3.63187E-6 3.9362E-6 3.05368E-6 2.9948E-6 3.01997E-6 2.93583E-6 3.11596E-6 3.09734E-6 3.11506E-6 2.73667E-6 3.04599E-6 3.14189E-6 3.4353E-6 3.23498E-6 2.84784E-6 2.83028E-6 3.5064E-6 3.37184E-6 3.05684E-6 2.79491E-6 2.4535E-6 2.02787E-6 1.62305E-6 1.35546E-6 1.60912E-6 1.56743E-6 1.5586E-6 1.32879E-6 1.30067E-6 1.13341E-6 1.26686E-6 1.0721E-6 1.04153E-6 9.20541E-7 9.29848E-7 9.09586E-7 8.44343E-7 7.99645E-7 7.68505E-7 8.71096E-7 8.97293E-7 9.08438E-7
7.07697E-6 5.03118E-6 4.63576E-6 4.62801E-6 4.73571E-6 5.99398E-6 5.84166E-6 5.82485E-6 4.18363E-6 3.68337E-6 3.68301E-6 3.51088E-6 3.61323E-6 2.68962E-6 3.28529E-6 5.45604E-6 5.24227E-6 4.56234E-6 4.74577E-6 4.07897E-6 4.13745E-6 3.91099E-6 3.71779E-6 3.44991E-6 3.16002E-6 3.28068E-6 3.7046E-6 3.64633E-6 3.15127E-6 3.64363E-6 3.93281E-6 3.42637E-6 3.44407E-6 3.61358E-6 4.05215E-6 4.30276E-6 4.24736E-6 4.48914E-6 4.69689E-6 3.35695E-6 2.84491E-6 2.42328E-6 2.35221E-6 1.87439E-6 2.13095E-6 2.17784E-6 1.56907E-6 1.40564E-6 1.29411E-6 1.23629E-6 1.32739E-6 1.07961E-6 1.01744E-6 1.00035E-6 1.07217E-6 8.79739E-7 9.26232E-7 9.84468E-7 1.02275E-6 1.00599E-6 1.07283E-6
7.67731E-6 6.36835E-6 5.95745E-6 6.17068E-6 5.56695E-6 6.84636E-6 6.62018E-6 6.37688E-6 6.32815E-6 4.27058E-6 4.54534E-6 4.05533E-6 3.68127E-6 3.24829E-6 3.3107E-6 4.97472E-6 5.08352E-6 4.27916E-6 3.82245E-6 3.80146E-6 4.28162E-6 4.97531E-6 4.17783E-6 3.9211E-6 4.15199E-6 4.34695E-6 4.12167E-6 4.40443E-6 4.84369E-6 5.09224E-6 5.30449E-6 4.77331E-6 4.94475E-6 5.89272E-6 5.74215E-6 4.97574E-6 5.31038E-6 5.36593E-6 5.20382E-6 6.1249E-6 4.97618E-6 3.90844E-6 3.28474E-6 3.22485E-6 3.5959E-6 3.17376E-6 2.08013E-6 1.87074E-6 1.69414E-6 1.39915E-6 1.1963E-6 1.15294E-6 1.07375E-6 1.12899E-6 1.2316E-6 1.02006E-6 1.05692E-6 1.06771E-6 1.12615E-6 1.20693E-6 1.17913E-6
6.22153E-6 7.55883E-6 7.27821E-6 7.45915E-6 6.70214E-6 7.57184E-6 7.45864E-6 7.07269E-6 5.82783E-6 4.57552E-6 4.46009E-6 3.92178E-6 3.57283E-6 3.39618E-6 2.80103E-6 2.27476E-6 3.13379E-6 3.92627E-6 3.14441E-6 4.72096E-6 4.77716E-6 5.25337E-6 5.55123E-6 4.98106E-6 4.87608E-6 5.86879E-6 6.24545E-6 6.40163E-6 6.01207E-6 5.74441E-6 6.96102E-6 6.2473E-6 6.89428E-6 6.34014E-6 6.00298E-6 5.54704E-6 5.78431E-6 6.51194E-6 6.06406E-6 5.83176E-6 6.08387E-6 5.50947E-6 5.74603E-6 4.81884E-6 4.45764E-6 3.39554E-6 3.07698E-6 2.44859E-6 1.99512E-6 1.60645E-6 1.37583E-6 1.09836E-6 1.12975E-6 1.13649E-6 1.26671E-6 1.29199E-6 1.199E-6 1.1756E-6 1.25219E-6 1.38312E-6 1.43295E-6
5.39616E-6 7.35038E-6 8.62441E-6 8.91011E-6 9.3914E-6 8.25517E-6 7.32677E-6 6.76035E-6 5.96054E-6 6.02844E-6 5.88625E-6 5.13604E-6 4.25546E-6 3.67119E-6 3.37618E-6 3.69039E-6 3.64624E-6 3.85247E-6 4.20655E-6 6.54261E-6 6.11559E-6 5.60855E-6 6.50786E-6 5.90696E-6 5.87094E-6 6.5048E-6 6.84035E-6 6.80333E-6 7.08977E-6 6.41014E-6 5.81472E-6 6.06017E-6 6.28707E-6 6.0449E-6 8.17027E-6 7.91804E-6 6.4095E-6 6.48711E-6 5.71296E-6 4.72232E-6 4.77211E-6 4.78344E-6 4.99071E-6 6.42905E-6 5.4283E-6 5.32829E-6 3.59163E-6 3.00085E-6 2.25337E-6 1.96918E-6 1.59751E-6 1.44241E-6 1.76043E-6 1.4667E-6 1.57269E-6 1.53524E-6 1.45105E-6 1.30681E-6 1.38628E-6 1.51022E-6 1.68858E-6
7.26473E-6 7.81645E-6 9.21566E-6 9.99621E-6 1.03274E-5 9.62062E-6 8.25548E-6 7.49498E-6 7.46084E-6 7.26895E-6 7.85233E-6 7.33105E-6 5.7946E-6 5.36421E-6 5.81559E-6 5.75061E-6 6.08662E-6 6.12573E-6 6.76356E-6 7.71909E-6 7.6735E-6 6.99077E-6 7.67919E-6 7.21384E-6 7.16131E-6 7.04522E-6 7.33635E-6 7.26522E-6 7.29709E-6 7.5014E-6 6.90235E-6 7.06423E-6 6.69933E-6 7.38743E-6 7.94186E-6 8.26645E-6 7.4079E-6 7.31965E-6 6.90651E-6 6.51961E-6 5.81255E-6 6.78004E-6 5.97702E-6 6.63098E-6 7.23766E-6 6.66976E-6 4.57382E-6 3.29169E-6 2.83423E-6 2.3711E-6 2.67827E-6 1.73958E-6 1.60774E-6 1.54706E-6 1.58763E-6 1.59814E-6 1.56288E-6 1.53682E-6 1.58601E-6 2.04002E-6 2.85168E-6
8.58086E-6 9.99606E-6 1.00293E-5 9.94913E-6 1.03693E-5 1.07886E-5 9.52226E-6 8.51366E-6 8.97635E-6 9.35377E-6 8.86956E-6 8.85033E-6 7.7818E-6 6.83128E-6 6.28749E-6 6.79511E-6 6.91375E-6 6.86774E-6 8.44941E-6 9.41455E-6 9.40949E-6 8.6692E-6 7.88986E-6 7.29445E-6 7.39311E-6 7.70994E-6 7.58889E-6 7.72083E-6 7.93659E-6 7.93999E-6 8.56553E-6 8.54766E-6 8.20809E-6 8.7652E-6 9.40129E-6 9.23933E-6 1.03212E-5 1.05904E-5 1.01358E-5 8.42424E-6 9.2886E-6 8.14039E-6 7.22362E-6 6.51023E-6 6.56573E-6 6.54891E-6 5.45566E-6 4.4604E-6 3.75204E-6 2.60666E-6 2.16254E-6 1.94215E-6 1.94261E-6 1.97991E-6 2.11675E-6 1.91548E-6 1.90071E-6 1.84689E-6 2.1536E-6 2.36084E-6 2.90493E-6
1.10062E-5 1.12797E-5 1.02566E-5 1.0898E-5 1.07895E-5 1.06505E-5 1.16349E-5 1.06708E-5 1.08012E-5 1.26949E-5 1.08769E-5 1.06732E-5 9.01414E-6 7.69532E-6 6.86514E-6 7.14228E-6 7.53579E-6 7.50927E-6 9.7904E-6 1.0952E-5 1.08172E-5 1.0028E-5 8.53721E-6 7.71708E-6 7.07927E-6 7.34514E-6 9.1582E-6 8.39998E-6 8.18549E-6 8.77469E-6 9.16695E-6 9.17775E-6 9.42028E-6 1.03754E-5 1.03712E-5 1.02453E-5 1.0253E-5 1.03422E-5 1.14084E-5 9.47475E-6 9.37907E-6 1.15201E-5 8.90397E-6 7.06508E-6 6.95006E-6 7.69347E-6 9.5309E-6 7.42179E-6 4.53069E-6 3.8292E-6 2.44741E-6 2.26553E-6 2.17426E-6 2.17772E-6 2.17332E-6 2.16104E-6 2.03705E-6 2.21877E-6 2.46096E-6 2.571E-6 2.8051E-6
