data/maxent/outputs/white_44.asc
ncols         426
nrows         180
xllcorner     -130.0
yllcorner     24.0
cellsize      0.16666666666666666
NODATA_value  -9999
[rows 81 to 107 of 180, columns 122 to 182 of 426]
6.1661E-4 3.34226E-4 8.84579E-4 1.08928E-3 8.7714E-4 1.1383E-3 1.20816E-3 9.77504E-4 1.03516E-3 1.49087E-3 1.23378E-3 2.1793E-3 2.73823E-3 3.51357E-3 2.71332E-3 1.81669E-3 1.21533E-3 2.5152E-3 1.85428E-3 2.30301E-3 2.03734E-3 1.59334E-3 6.94313E-4 5.91415E-4 1.78455E-3 2.99456E-3 8.30374E-3 4.40557E-3 2.75567E-3 3.47608E-3 2.32693E-3 1.64258E-3 1.44495E-3 1.36307E-3 1.42509E-3 1.31824E-3 1.44363E-3 1.52659E-3 1.63245E-3 1.98494E-3 2.13792E-3 2.62937E-3 2.7489E-3 3.27361E-3 3.39792E-3 2.5416E-3 2.25993E-3 2.50739E-3 3.33997E-3 3.27312E-3 3.34545E-3 2.9944E-3 3.32642E-3 3.46902E-3 3.30192E-3 3.20884E-3 2.81099E-3 3.47676E-3 4.40614E-3 4.44534E-3 3.88503E-3
3.53618E-4 4.5465E-4 6.14232E-4 1.13245E-3 1.39109E-3 1.04343E-3 5.47675E-4 7.63713E-4 1E-3 2.557E-3 3.57204E-3 3.1975E-3 4.05448E-3 4.38157E-3 4.07063E-3 4.01066E-3 2.83508E-3 2.52059E-3 1.68778E-3 8.96339E-4 2.02347E-3 1.752E-3 1.16692E-3 8.6926E-4 1.52572E-3 3.7358E-3 1.32012E-2 4.97565E-3 3.13946E-3 2.7039E-3 2.04595E-3 1.73093E-3 1.41189E-3 1.0795E-3 1.18413E-3 1.2757E-3 1.3824E-3 1.5472E-3 2.01691E-3 1.86518E-3 1.82386E-3 2.33313E-3 2.57662E-3 3.51066E-3 3.47575E-3 2.9714E-3 2.55079E-3 2.64327E-3 2.74498E-3 3.43467E-3 3.82945E-3 3.78028E-3 3.78758E-3 4.48532E-3 4.74816E-3 4.11985E-3 3.96921E-3 5.03624E-3 6.41313E-3 6.00157E-3 4.4635E-3
3.12624E-4 5.83984E-4 7.52919E-4 8.22163E-4 8.13222E-4 1.44632E-3 2.1141E-3 1.1232E-3 1.07977E-3 2.29953E-3 1.65001E-3 2.30528E-3 2.56735E-3 1.92187E-3 1.48285E-3 1.41029E-3 1.3696E-3 1.95957E-3 1.71899E-3 3.26317E-4 3.26446E-4 1.33661E-3 4.83014E-4 1.14867E-3 1.29508E-3 3.77502E-3 1.61822E-2 8.0489E-3 3.84101E-3 3.10786E-3 2.67817E-3 2.02855E-3 1.92791E-3 1.52487E-3 1.85782E-3 1.39454E-3 1.24583E-3 1.66147E-3 1.94357E-3 1.85418E-3 2.02422E-3 2.67407E-3 3.15905E-3 3.58399E-3 4.43606E-3 4.02714E-3 3.54824E-3 3.408E-3 3.51813E-3 4.37362E-3 4.31987E-3 4.66396E-3 5.41591E-3 6.04068E-3 6.59087E-3 5.86702E-3 6.02854E-3 6.62865E-3 7.7607E-3 7.44065E-3 5.01648E-3
1.20068E-3 1.9333E-3 2.0961E-3 3.47545E-3 3.87875E-3 4.74709E-3 4.43663E-3 1.78507E-3 1.93317E-3 2.73959E-3 1.97003E-3 2.00682E-3 2.24904E-3 1.07077E-3 5.44349E-4 1.1543E-3 1.69921E-3 1.32613E-3 1.63923E-3 1.33512E-3 1.02615E-3 1.34222E-3 1.16693E-3 9.78284E-4 1.95771E-3 2.82181E-3 1.43488E-2 2.4646E-2 1.32944E-2 5.65147E-3 4.28104E-3 3.2091E-3 3.10151E-3 1.9907E-3 2.4777E-3 1.97607E-3 1.45246E-3 1.73488E-3 1.87854E-3 2.12354E-3 2.4296E-3 3.07611E-3 3.15617E-3 3.46597E-3 4.42343E-3 4.82874E-3 5.02162E-3 4.63663E-3 5.18766E-3 5.89579E-3 5.77213E-3 5.83363E-3 6.0657E-3 6.75812E-3 6.92474E-3 6.58366E-3 6.82905E-3 6.98089E-3 7.70316E-3 7.54174E-3 6.26407E-3
2.99663E-3 4.05263E-3 5.18036E-3 7.46031E-3 9.46381E-3 7.4667E-3 4.09251E-3 3.21789E-3 2.97796E-3 2.10205E-3 1.98757E-3 1.67654E-3 1.26393E-3 4.34336E-4 6.03212E-4 1.92062E-3 2.05838E-3 9.34496E-4 1.21574E-3 1.21702E-3 9.44192E-4 1.04155E-3 6.70288E-4 1.19038E-3 2.62947E-3 3.15379E-3 9.98983E-3 3.05849E-2 2.1887E-2 8.80235E-3 4.79785E-3 4.33526E-3 3.70342E-3 2.7999E-3 3.26048E-3 2.45337E-3 2.65527E-3 2.1218E-3 1.83278E-3 2.09626E-3 2.72933E-3 3.19507E-3 3.42853E-3 4.17369E-3 4.00845E-3 3.66596E-3 4.7147E-3 4.84667E-3 4.42653E-3 5.33923E-3 5.9709E-3 5.88811E-3 6.48985E-3 6.99825E-3 7.00244E-3 7.17437E-3 7.38315E-3 7.70984E-3 8.04436E-3 7.77594E-3 6.2237E-3
6.80379E-3 8.09933E-3 1.00949E-2 8.76695E-3 8.47181E-3 6.75609E-3 3.5673E-3 2.45889E-3 1.63731E-3 1.7322E-3 3.24981E-3 7.67722E-3 1.00324E-2 3.72285E-3 1.99196E-3 1.46782E-3 1.38916E-3 1.16698E-3 1.31714E-3 9.99003E-4 6.38593E-4 6.17393E-4 7.13004E-4 6.16597E-4 1.16072E-3 1.75825E-3 3.79945E-3 1.86219E-2 1.88395E-2 7.6896E-3 3.59899E-3 3.38133E-3 3.25846E-3 2.90524E-3 3.20021E-3 2.83198E-3 2.73667E-3 2.02123E-3 1.97184E-3 2.20762E-3 2.55303E-3 3.17002E-3 3.4537E-3 4.07307E-3 3.94422E-3 3.475E-3 4.32427E-3 4.33656E-3 4.00035E-3 4.1621E-3 4.66232E-3 4.43298E-3 5.86107E-3 6.49262E-3 6.70979E-3 7.15319E-3 8.32325E-3 8.7373E-3 8.19681E-3 7.41183E-3 6.9522E-3
6.15324E-3 9.71864E-3 1.88307E-2 1.75318E-2 1.77554E-2 2.09846E-2 1.12843E-2 9.55492E-3 1.05846E-2 8.13558E-3 2.59747E-3 2.50713E-3 3.11897E-3 8.37309E-4 2.48726E-3 1.42784E-3 1.77104E-3 1.09457E-3 5.49858E-4 5.08792E-4 4.0587E-4 4.95643E-4 5.24568E-4 5.6758E-4 7.73742E-4 1.326E-3 1.75911E-3 5.80059E-3 6.61293E-3 3.87636E-3 2.14944E-3 2.5095E-3 2.66648E-3 2.37619E-3 1.98812E-3 2.01484E-3 1.60616E-3 1.80068E-3 1.99346E-3 2.32312E-3 2.86345E-3 3.40631E-3 4.06491E-3 4.68727E-3 5.05601E-3 4.5363E-3 4.64242E-3 4.7891E-3 4.49099E-3 3.94848E-3 3.77455E-3 3.80507E-3 4.57027E-3 6.02935E-3 6.66156E-3 7.16499E-3 8.28051E-3 8.7898E-3 8.57824E-3 7.27867E-3 6.96109E-3
7.41294E-3 2.11767E-2 1.53172E-2 6.6686E-3 6.19806E-3 6.35223E-3 1.71409E-2 1.68477E-2 1.43441E-2 8.89802E-3 2.72027E-3 7.0796E-4 4.66128E-4 3.53505E-4 9.17006E-4 6.15686E-4 7.24609E-4 6.5862E-4 3.13784E-4 3.40927E-4 3.04738E-4 4.34834E-4 3.21246E-4 1.31658E-4 4.44513E-4 6.57152E-4 1.14446E-3 1.7653E-3 2.3801E-3 9.00269E-4 6.73329E-4 1.4726E-3 1.59151E-3 1.64696E-3 1.60623E-3 1.53198E-3 1.45177E-3 1.89268E-3 2.00551E-3 2.57636E-3 2.93871E-3 3.30644E-3 4.22554E-3 4.97064E-3 5.54037E-3 5.25144E-3 4.91936E-3 5.31522E-3 5.30918E-3 4.20823E-3 4.23034E-3 4.20429E-3 5.13142E-3 5.84313E-3 6.25129E-3 6.97013E-3 8.9784E-3 1.05398E-2 9.56316E-3 8.10476E-3 6.67184E-3
1.789E-2 1.06443E-2 3.94247E-3 1.04804E-2 2.02311E-2 1.27402E-2 9.47252E-3 1.46097E-2 7.12121E-3 1.57418E-3 5.742E-4 2.81425E-4 3.41031E-4 4.15046E-4 4.54496E-4 1.98078E-4 2.44772E-4 2.93257E-4 1.54364E-4 2.86837E-4 3.41039E-4 3.57442E-4 4.9618E-5 3.45338E-5 2.63509E-4 2.68424E-4 3.67108E-4 5.82801E-4 1.34488E-3 7.23625E-4 6.04684E-4 1.00131E-3 1.06232E-3 1.22647E-3 1.40106E-3 1.69552E-3 1.93629E-3 2.07028E-3 2.39708E-3 2.50966E-3 2.76156E-3 2.89994E-3 3.20747E-3 3.84699E-3 4.7078E-3 4.67616E-3 6.07733E-3 6.4313E-3 5.61365E-3 4.70958E-3 4.94959E-3 5.21652E-3 6.34504E-3 6.72182E-3 6.09612E-3 6.73098E-3 9.54419E-3 1.18632E-2 1.2812E-2 8.95238E-3 6.58934E-3
5.81279E-3 3.86455E-3 4.68148E-3 2.05457E-2 6.63826E-3 4.9181E-3 1.04854E-2 1.20408E-2 1.28537E-2 3.5982E-3 5.67537E-3 2.16754E-3 2.80741E-3 9.78719E-4 6.29846E-4 2.50729E-4 1.69845E-4 2.11942E-4 1.4154E-4 1.88774E-4 4.29254E-4 4.82405E-4 6.59188E-5 3.69789E-5 1.0493E-4 1.75089E-4 1.79438E-4 3.49855E-4 1.86382E-3 3.09503E-3 1.32326E-3 1.2704E-3 1.02205E-3 1.24476E-3 1.55009E-3 2.46097E-3 2.62996E-3 2.89803E-3 2.59286E-3 2.7533E-3 2.35753E-3 2.34351E-3 2.65397E-3 3.34764E-3 4.06149E-3 5.12216E-3 6.99551E-3 7.05408E-3 6.44924E-3 5.37888E-3 5.12116E-3 5.75661E-3 6.93436E-3 7.03693E-3 6.25196E-3 6.3047E-3 9.03428E-3 1.05135E-2 1.1102E-2 8.18144E-3 7.10713E-3
1.0993E-2 1.31885E-2 1.99483E-2 2.68304E-2 2.36509E-2 4.59085E-3 3.22871E-3 1.31382E-2 1.14958E-2 6.3613E-3 1.12444E-2 1.06048E-2 3.90211E-3 5.03975E-4 4.03794E-4 2.63065E-4 1.11432E-4 2.23402E-4 2.20562E-4 1.73806E-4 3.66125E-4 3.91983E-4 2.05327E-4 1.28862E-4 2.63392E-4 2.12123E-4 4.45775E-4 3.09348E-4 1.22756E-3 4.80808E-3 3.25975E-3 2.4435E-3 2.15669E-3 1.80787E-3 2.22141E-3 2.70496E-3 3.80286E-3 3.74384E-3 2.9409E-3 2.76625E-3 2.02628E-3 1.73466E-3 2.20979E-3 2.80316E-3 3.20425E-3 4.12033E-3 5.55167E-3 6.16865E-3 5.94353E-3 5.58968E-3 6.20931E-3 7.50509E-3 8.29867E-3 9.21509E-3 8.10885E-3 8.37023E-3 1.0428E-2 1.01351E-2 8.29683E-3 7.39164E-3 6.82671E-3
1.72722E-2 2.6205E-2 1.57895E-2 9.05515E-3 3.00581E-2 1.41803E-2 3.08172E-3 6.24728E-3 1.00151E-2 8.87474E-3 7.90582E-3 3.40004E-3 6.38837E-4 3.35413E-4 2.86E-4 2.01685E-4 2.58818E-5 8.66421E-5 2.16415E-4 2.19706E-4 3.36321E-4 7.30183E-4 7.86834E-4 4.31328E-4 5.91017E-4 1.69761E-3 4.47699E-3 3.46006E-3 6.77682E-3 4.80046E-3 3.71216E-3 2.75324E-3 2.83477E-3 2.35764E-3 2.61251E-3 2.69554E-3 4.20454E-3 3.63879E-3 2.75661E-3 2.17192E-3 2.14148E-3 1.78118E-3 1.55586E-3 2.20317E-3 2.85833E-3 3.63349E-3 4.51105E-3 5.10801E-3 4.97132E-3 5.02069E-3 6.23569E-3 7.96285E-3 1.18265E-2 1.07892E-2 1.05659E-2 1.04677E-2 1.10727E-2 1.04053E-2 8.10461E-3 7.27088E-3 7.4461E-3
2.41663E-2 2.57618E-2 8.01741E-3 8.71949E-3 2.72507E-2 2.58636E-2 1.16126E-2 3.99015E-3 3.57149E-3 4.36217E-3 6.08551E-3 2.9603E-3 3.64106E-4 1.15069E-4 7.57456E-5 4.28473E-5 4.42013E-5 3.30451E-5 4.50899E-5 1.32754E-4 2.92736E-4 4.28389E-4 9.03153E-4 1.42577E-3 2.71234E-3 4.14492E-3 1.05191E-2 1.17552E-2 8.65373E-3 5.51006E-3 3.97772E-3 2.81244E-3 2.83718E-3 2.23674E-3 2.50492E-3 2.41316E-3 3.03853E-3 2.41805E-3 2.43003E-3 2.42342E-3 1.83641E-3 1.61759E-3 1.52397E-3 1.68605E-3 2.46155E-3 2.99896E-3 3.73811E-3 4.13768E-3 4.66319E-3 5.00371E-3 5.38424E-3 7.78995E-3 1.08536E-2 1.24405E-2 1.13383E-2 1.14728E-2 1.12659E-2 1.0633E-2 1.03671E-2 9.28852E-3 9.11333E-3
2.22262E-2 1.68599E-2 1.37675E-2 1.99816E-2 3.007E-2 2.00098E-2 1.63758E-2 1.10345E-2 5.21648E-3 2.11177E-3 1.79936E-3 2.79523E-3 9.71675E-4 4.08911E-4 1.41104E-4 9.02358E-5 1.20474E-4 4.62833E-5 2.49015E-4 3.77424E-4 4.92196E-4 4.46903E-4 1.59438E-4 6.0626E-4 7.32525E-4 1.02326E-3 1.59742E-3 6.28447E-3 6.08828E-3 4.90162E-3 4.84218E-3 2.50153E-3 2.246E-3 2.57309E-3 2.10217E-3 1.95917E-3 2.12836E-3 2.21616E-3 2.55769E-3 2.76076E-3 2.08329E-3 1.61991E-3 1.53671E-3 1.58842E-3 2.30645E-3 2.81321E-3 3.94441E-3 4.19841E-3 5.01931E-3 5.45499E-3 5.80426E-3 7.15783E-3 9.34859E-3 1.08635E-2 1.1026E-2 1.04541E-2 1.12995E-2 1.2002E-2 1.39651E-2 1.19904E-2 1.06868E-2
3.36982E-2 1.72306E-2 1.39917E-2 1.18394E-2 2.50242E-2 1.70969E-2 1.11567E-2 7.7173E-3 4.82785E-3 3.04817E-3 1.37424E-3 1.88691E-3 6.1537E-4 2.51472E-4 2.45247E-4 1.67927E-4 2.30416E-4 9.76319E-5 2.80395E-4 2.3891E-4 3.5949E-4 1.16935E-4 4.40294E-5 5.72747E-4 4.70008E-4 5.88557E-4 6.56429E-4 1.70421E-3 6.40796E-3 5.61056E-3 3.85539E-3 2.7315E-3 2.39042E-3 1.69023E-3 2.24808E-3 2.04216E-3 2.41794E-3 2.63204E-3 2.80925E-3 2.24732E-3 1.68695E-3 1.62693E-3 2.01149E-3 2.03406E-3 2.32464E-3 2.59834E-3 3.36119E-3 4.68229E-3 5.13765E-3 5.68262E-3 6.15782E-3 7.56633E-3 8.88824E-3 9.51671E-3 1.01019E-2 1.01214E-2 1.04953E-2 1.37366E-2 1.52566E-2 1.4833E-2 1.49261E-2
2.89985E-2 1.38072E-2 3.67238E-3 3.8542E-3 9.39774E-3 1.58863E-2 1.60968E-2 6.39014E-3 3.13259E-3 1.97285E-3 1.41094E-3 3.18732E-4 1.75612E-4 2.04488E-4 1.90856E-4 1.52423E-4 2.33235E-4 2.19554E-4 3.44998E-4 6.32484E-4 2.37121E-4 2.76523E-5 3.36835E-5 6.49229E-5 4.63549E-4 7.05028E-4 9.05776E-4 9.45138E-4 5.12373E-3 5.69191E-3 8.37437E-3 9.30607E-3 4.85352E-3 2.50648E-3 2.20139E-3 2.00745E-3 2.58742E-3 3.92932E-3 2.96267E-3 2.86421E-3 2.68077E-3 2.77583E-3 2.92579E-3 3.41243E-3 3.25639E-3 3.31857E-3 4.55452E-3 5.63987E-3 5.19205E-3 5.66415E-3 6.47791E-3 7.61494E-3 8.86855E-3 8.97599E-3 9.26309E-3 1.09942E-2 1.20256E-2 1.41896E-2 1.58461E-2 1.61264E-2 1.63257E-2
3.42307E-2 2.27683E-2 1.9365E-2 6.3359E-3 6.31008E-3 1.43865E-2 8.02076E-3 4.50195E-3 3.69088E-3 1.59621E-3 7.70634E-4 4.49882E-4 2.33797E-4 2.01883E-4 1.79442E-4 9.44535E-5 2.7103E-4 3.69663E-4 5.82259E-4 3.39879E-4 7.97576E-5 3.15727E-5 3.74143E-5 6.27464E-5 3.50911E-4 8.14196E-4 1.6951E-3 3.35269E-3 9.46871E-3 9.16261E-3 9.74614E-3 1.20982E-2 1.12838E-2 6.20954E-3 3.85286E-3 4.30437E-3 5.67528E-3 7.8578E-3 5.73753E-3 4.81012E-3 5.30339E-3 5.15324E-3 4.81954E-3 4.23264E-3 4.37534E-3 3.88699E-3 3.88351E-3 4.60451E-3 5.13843E-3 5.5582E-3 6.6242E-3 7.52109E-3 8.32378E-3 8.40538E-3 9.51035E-3 1.1586E-2 1.28189E-2 1.44836E-2 1.66711E-2 1.62453E-2 1.67932E-2
4.74383E-2 4.33149E-2 4.5152E-2 3.65754E-2 1.87335E-2 1.29432E-2 1.75662E-2 9.28701E-3 6.01385E-3 2.85504E-3 2.97322E-3 2.09993E-3 3.69507E-4 4.43758E-4 6.17031E-4 4.03139E-4 3.10654E-4 9.16285E-4 8.62032E-4 7.74732E-4 1.293E-4 2.56942E-5 2.75206E-5 5.43516E-5 5.90383E-4 5.00173E-4 4.60848E-4 2.22423E-3 5.52252E-3 1.16351E-2 1.14521E-2 1.60114E-2 9.15514E-3 9.13164E-3 6.66707E-3 1.10305E-2 1.20543E-2 1.45714E-2 1.16325E-2 1.04492E-2 6.18204E-3 4.93676E-3 4.52348E-3 4.24959E-3 4.60455E-3 4.64434E-3 5.07967E-3 4.78328E-3 4.60678E-3 5.69208E-3 6.55339E-3 6.8392E-3 7.61778E-3 8.76494E-3 1.02413E-2 1.05316E-2 1.17265E-2 1.4216E-2 1.49318E-2 1.62E-2 1.70217E-2
2.69937E-2 2.39158E-2 1.9836E-2 2.59674E-2 3.89972E-2 2.9585E-2 1.41491E-2 1.65332E-2 8.77723E-3 2.67495E-3 8.34242E-3 4.47269E-3 3.06445E-3 2.02125E-3 1.57637E-3 1.03146E-3 1.64728E-3 7.22458E-4 3.62818E-4 7.77209E-4 7.39689E-4 4.69157E-5 2.80681E-5 3.72225E-5 1.06783E-4 2.22855E-4 7.59929E-4 1.26376E-3 2.65566E-3 6.92123E-3 1.10345E-2 7.16296E-3 7.47265E-3 5.50818E-3 5.40302E-3 1.1854E-2 1.41017E-2 1.40278E-2 9.72892E-3 9.56334E-3 7.06282E-3 6.53258E-3 6.50761E-3 5.27679E-3 4.86264E-3 5.62149E-3 5.74045E-3 5.65255E-3 5.36131E-3 6.31124E-3 7.89394E-3 8.6365E-3 9.43013E-3 1.00899E-2 1.15523E-2 1.18816E-2 1.19259E-2 1.3627E-2 1.6373E-2 1.78777E-2 1.82863E-2
1.3711E-2 1.41683E-2 1.5135E-2 1.87343E-2 3.69106E-2 4.22715E-2 3.49019E-2 2.6315E-2 1.91167E-2 8.49882E-3 1.44074E-2 8.39394E-3 5.75179E-3 6.66665E-3 4.89342E-3 1.22415E-3 1.31687E-3 1.15269E-3 3.55714E-4 9.02324E-4 6.0283E-4 1.31199E-4 5.13096E-5 1.37372E-4 1.27294E-4 3.24993E-4 5.12388E-4 7.21618E-4 3.54976E-3 5.40727E-3 1.13839E-2 1.01737E-2 6.02249E-3 5.68289E-3 8.61359E-3 1.0364E-2 9.3401E-3 7.35041E-3 9.23688E-3 8.16595E-3 7.27816E-3 7.08355E-3 7.02576E-3 6.27425E-3 5.65366E-3 6.20838E-3 6.84534E-3 7.07225E-3 6.37845E-3 7.35335E-3 8.3116E-3 1.05301E-2 1.24506E-2 1.33053E-2 1.39542E-2 1.4014E-2 1.40616E-2 1.65641E-2 1.82043E-2 1.86483E-2 1.93613E-2
1.36795E-2 1.58284E-2 1.95579E-2 1.39063E-2 8.084E-3 1.31022E-2 4.91486E-2 3.19118E-2 1.95433E-2 1.97514E-2 2.62362E-2 1.08322E-2 6.34924E-3 1.44807E-2 7.86297E-3 3.74514E-3 1.68357E-3 2.13454E-3 9.44696E-4 7.23335E-4 7.91015E-4 4.35559E-4 1.22648E-4 2.16803E-4 1.18484E-4 3.19604E-4 4.3127E-4 1.36845E-3 4.31216E-3 5.75213E-3 7.57834E-3 4.53594E-3 8.12328E-3 9.82501E-3 1.02154E-2 1.02493E-2 1.36686E-2 1.43898E-2 1.52003E-2 1.56005E-2 1.09184E-2 9.21841E-3 8.04576E-3 8.35648E-3 8.20954E-3 8.34146E-3 1.0512E-2 9.17394E-3 8.70693E-3 1.00226E-2 1.0053E-2 1.35948E-2 1.64881E-2 1.73778E-2 1.92595E-2 1.83928E-2 1.97426E-2 2.19834E-2 1.98962E-2 2.12583E-2 2.21741E-2
1.53183E-2 2.65001E-2 3.40177E-2 3.75602E-2 9.82441E-3 7.28833E-3 1.65797E-2 3.55427E-2 2.50551E-2 1.97877E-2 2.93283E-2 2.61275E-2 2.51082E-2 1.46135E-2 7.23065E-3 3.93E-3 1.86486E-3 1.04214E-3 1.15107E-3 7.02832E-4 9.3687E-4 8.10209E-4 3.62213E-4 1.62034E-4 4.58954E-4 1.12058E-3 5.70279E-4 2.91113E-3 4.30854E-3 3.80729E-3 3.98115E-3 3.44802E-3 2.24513E-3 3.62882E-3 9.44595E-3 1.60624E-2 1.35627E-2 1.45952E-2 1.49569E-2 1.3653E-2 1.24779E-2 9.9858E-3 1.01398E-2 9.25948E-3 1.02415E-2 1.09527E-2 1.1854E-2 1.06318E-2 9.73671E-3 1.1271E-2 1.27209E-2 1.46071E-2 1.80161E-2 1.88131E-2 1.97144E-2 2.34286E-2 2.69916E-2 2.73343E-2 2.65895E-2 2.65104E-2 2.53267E-2
1.6238E-2 2.90824E-2 6.35822E-2 5.37687E-2 1.6409E-2 5.85698E-3 7.24109E-3 1.05756E-2 1.74081E-2 1.7299E-2 1.98651E-2 2.11984E-2 2.52569E-2 8.1571E-3 5.48756E-3 2.28479E-3 2.91212E-3 2.23805E-3 8.50223E-4 2.04804E-3 8.75535E-4 1.12905E-3 4.34775E-4 4.26923E-4 1.12742E-3 8.11533E-4 9.55035E-4 3.91313E-3 5.2969E-3 5.05407E-3 5.31373E-3 2.1949E-3 2.90491E-3 2.34099E-3 5.24253E-3 9.91679E-3 9.5872E-3 9.94861E-3 1.12104E-2 1.24686E-2 1.1925E-2 1.15345E-2 1.05387E-2 9.28458E-3 1.04699E-2 1.0747E-2 1.04203E-2 9.82693E-3 9.54682E-3 1.12028E-2 1.33195E-2 1.59986E-2 1.81005E-2 2.15698E-2 2.30382E-2 2.63141E-2 2.90956E-2 3.079E-2 3.15915E-2 3.38014E-2 3.13898E-2
1.30301E-2 2.47188E-2 4.88524E-2 2.93859E-2 2.33954E-2 6.4058E-3 6.79783E-3 1.03781E-2 1.2561E-2 1.23127E-2 1.76905E-2 1.92896E-2 1.76108E-2 5.54146E-3 5.06937E-3 1.75996E-3 2.22515E-3 2.12606E-3 7.35189E-4 2.64396E-3 2.67009E-3 3.04881E-3 8.12238E-4 6.76126E-4 2.09762E-3 8.55471E-4 1.35685E-3 4.25388E-3 8.23321E-3 4.06369E-3 1.53595E-3 2.70412E-3 4.07794E-3 3.75202E-3 3.93081E-3 5.72645E-3 7.57439E-3 9.98323E-3 1.24589E-2 1.1349E-2 1.06409E-2 1.02622E-2 1.04827E-2 1.2556E-2 1.25623E-2 1.28943E-2 1.21463E-2 1.01079E-2 8.84169E-3 1.11637E-2 1.50157E-2 1.75935E-2 1.88342E-2 2.10738E-2 2.42692E-2 2.80154E-2 3.09529E-2 3.49381E-2 3.55229E-2 3.59759E-2 3.69678E-2
1.15708E-2 2.61763E-2 2.8481E-2 2.14365E-2 3.48781E-2 1.13438E-2 6.86905E-3 9.11617E-3 1.37336E-2 1.11948E-2 8.79317E-3 8.26197E-3 1.1155E-2 3.01595E-3 3.30492E-3 2.11248E-3 3.44303E-3 5.58726E-3 2.02593E-3 5.2415E-3 8.59823E-3 7.05441E-3 2.47067E-3 1.20115E-3 2.04044E-3 1.81629E-3 1.26582E-3 2.45157E-3 5.47452E-3 2.55142E-3 1.53326E-3 2.02841E-3 2.9292E-3 3.97763E-3 4.5692E-3 6.9129E-3 8.39965E-3 1.01622E-2 9.65261E-3 1.01702E-2 1.04873E-2 1.06443E-2 1.2437E-2 1.31577E-2 1.38988E-2 1.37224E-2 1.17374E-2 1.11644E-2 1.23276E-2 1.50426E-2 1.84849E-2 2.06527E-2 1.88122E-2 1.99788E-2 2.00649E-2 2.59554E-2 3.00932E-2 3.23424E-2 3.70029E-2 3.96912E-2 3.97568E-2
1.30293E-2 2.56832E-2 1.40107E-2 1.14903E-2 1.95361E-2 1.41148E-2 5.89169E-3 6.6339E-3 6.99666E-3 6.01844E-3 6.31388E-3 4.56037E-3 6.11461E-3 1.65339E-3 1.19282E-3 1.33453E-3 1.84664E-3 6.96413E-3 6.56385E-3 6.92333E-3 7.91077E-3 5.15871E-3 5.16408E-3 6.0351E-3 3.77684E-3 1.19798E-3 2.1602E-3 4.42918E-3 9.38102E-3 5.36354E-3 2.344E-3 2.26785E-3 2.1668E-3 3.50885E-3 5.97739E-3 6.24664E-3 9.48007E-3 1.00446E-2 9.63137E-3 8.80088E-3 6.8846E-3 8.61733E-3 1.08208E-2 1.39388E-2 1.42997E-2 1.51394E-2 1.42471E-2 1.44573E-2 1.55192E-2 1.82479E-2 2.14414E-2 2.29505E-2 2.18697E-2 2.05922E-2 1.90832E-2 2.28796E-2 2.70907E-2 3.22441E-2 3.70668E-2 4.05961E-2 4.5576E-2
1.04136E-2 2.61211E-2 1.33676E-2 6.50258E-3 1.1048E-2 1.84037E-2 6.54369E-3 7.05508E-3 6.81864E-3 5.95299E-3 3.93398E-3 2.41681E-3 1.27887E-3 1.38794E-3 1.04213E-3 1.2469E-3 5.59498E-3 4.78924E-3 7.22529E-3 8.57351E-3 1.64591E-2 7.18167E-3 1.49915E-2 6.31575E-3 1.47295E-3 3.37332E-3 7.70156E-3 7.22894E-3 7.06071E-3 4.7343E-3 4.88407E-3 7.34541E-3 4.10841E-3 4.93813E-3 7.29878E-3 1.20231E-2 1.05981E-2 9.12732E-3 9.32003E-3 6.66719E-3 7.32514E-3 8.80799E-3 1.11657E-2 1.26055E-2 1.43133E-2 1.66614E-2 1.63005E-2 1.70135E-2 1.73968E-2 1.96035E-2 2.31395E-2 2.60027E-2 2.53578E-2 2.32525E-2 2.06742E-2 2.34628E-2 3.07708E-2 3.41977E-2 3.57829E-2 3.88076E-2 4.03832E-2
