data/maxent/outputs/white_26.asc
ncols         426
nrows         180
xllcorner     -130.0
yllcorner     24.0
cellsize      0.16666666666666666
NODATA_value  -9999
[rows 54 to 80 of 180, columns 244 to 304 of 426]
9.24937E-4 8.26873E-4 8.48284E-4 1.0574E-3 1.36033E-3 1.38834E-3 1.53511E-3 1.80906E-3 2.20906E-3 5.09116E-3 6.0389E-3 4.94463E-3 3.09343E-3 1.38324E-2 1.74741E-2 1.91577E-2 2.00035E-2 2.05541E-2 1.88679E-2 1.70615E-2 1.11987E-2 7.71558E-3 7.73974E-3 7.42165E-3 5.85023E-3 2.56418E-3 1.53851E-3 1.51001E-3 1.27483E-3 1.20895E-3 1.50699E-3 1.77215E-3 2.01619E-3 2.21663E-3 2.62551E-3 4.87954E-3 1.56198E-2 1.78734E-2 2.03653E-2 2.28404E-2 2.57005E-2 2.51524E-2 2.54531E-2 2.43026E-2 2.16898E-2 1.85063E-2 1.54905E-2 1.81183E-2 1.17415E-2 1.38958E-2 1.3999E-2 1.21353E-2 1.15867E-2 1.06174E-2 1.11674E-2 1.0722E-2 9.77932E-3 7.47342E-3 5.45415E-3 5.85184E-3 4.00951E-3
1.23917E-3 9.9679E-4 1.16897E-3 1.61312E-3 2.10227E-3 2.00922E-3 1.93442E-3 2.20063E-3 4.26732E-3 6.4454E-3 3.20251E-3 2.77023E-3 9.5167E-3 1.76335E-2 1.97754E-2 2.17054E-2 2.32324E-2 2.33088E-2 2.24811E-2 1.23307E-2 6.74072E-3 5.84626E-3 5.91958E-3 4.97639E-3 3.29263E-3 1.95433E-3 1.65221E-3 1.37284E-3 1.11786E-3 1.11188E-3 1.15911E-3 1.3699E-3 1.62711E-3 2.06407E-3 3.44659E-3 3.1534E-3 9.70379E-3 1.92254E-2 2.35974E-2 2.45738E-2 2.65442E-2 2.70953E-2 2.79371E-2 2.67281E-2 2.46951E-2 2.17786E-2 1.6828E-2 1.41573E-2 1.50677E-2 1.05989E-2 1.64436E-2 1.45038E-2 1.38286E-2 1.33341E-2 1.36285E-2 1.24157E-2 8.57519E-3 8.20385E-3 5.33225E-3 5.87214E-3 5.33068E-3
1.72563E-3 1.60702E-3 1.83734E-3 2.18342E-3 2.18276E-3 2.05285E-3 2.35048E-3 3.64156E-3 4.69948E-3 3.10543E-3 3.02994E-3 5.82338E-3 1.75268E-2 1.99561E-2 2.18879E-2 2.34776E-2 2.64754E-2 2.68527E-2 2.0315E-2 7.6625E-3 6.14822E-3 4.7748E-3 3.11906E-3 2.92862E-3 2.25995E-3 2.02904E-3 1.6056E-3 1.57274E-3 1.29155E-3 1.26215E-3 1.1314E-3 1.25753E-3 1.70366E-3 2.23639E-3 2.60458E-3 3.15566E-3 1.35617E-2 2.00675E-2 2.42621E-2 2.76632E-2 2.80324E-2 2.79711E-2 2.84285E-2 2.83503E-2 2.52944E-2 2.12115E-2 1.71191E-2 1.56856E-2 1.28202E-2 7.9113E-3 8.83931E-3 6.99312E-3 8.96687E-3 2.02027E-2 1.93382E-2 1.98484E-2 8.24639E-3 6.36178E-3 5.66838E-3 1.04681E-2 1.20823E-2
2.2645E-3 2.42462E-3 2.54732E-3 2.82975E-3 2.93543E-3 2.74824E-3 2.73463E-3 3.4573E-3 3.15111E-3 2.93633E-3 2.92401E-3 1.338E-2 2.11449E-2 2.24917E-2 2.41849E-2 2.53313E-2 2.81734E-2 2.8577E-2 1.71592E-2 5.95791E-3 5.06239E-3 4.18881E-3 3.85236E-3 2.4439E-3 2.03386E-3 1.7811E-3 1.55337E-3 2.49647E-3 1.55149E-3 1.3283E-3 1.26983E-3 1.39698E-3 1.81145E-3 2.31089E-3 3.16685E-3 4.20011E-3 1.53467E-2 2.16236E-2 2.47403E-2 2.79974E-2 2.85605E-2 3.11969E-2 2.95283E-2 2.78946E-2 2.57139E-2 2.17022E-2 1.73005E-2 1.32E-2 6.78341E-3 5.49419E-3 5.59659E-3 5.87223E-3 5.56425E-3 6.31722E-3 9.81366E-3 1.05248E-2 8.57355E-3 7.63261E-3 8.78663E-3 1.16191E-2 1.44468E-2
2.51721E-3 2.86328E-3 2.97668E-3 3.07004E-3 3.45475E-3 4.46179E-3 3.7517E-3 3.00138E-3 2.89734E-3 3.27518E-3 3.2486E-3 1.70377E-2 2.2724E-2 2.50069E-2 2.6485E-2 2.80003E-2 3.05495E-2 2.7269E-2 1.01933E-2 6.81634E-3 5.69269E-3 4.46009E-3 2.93737E-3 2.25031E-3 1.83768E-3 1.44607E-3 1.67521E-3 2.00264E-3 1.72613E-3 1.58845E-3 1.55633E-3 1.60777E-3 1.78146E-3 2.21205E-3 4.09015E-3 1.32511E-2 2.2356E-2 2.08914E-2 2.37782E-2 2.5343E-2 2.92301E-2 3.15417E-2 3.03227E-2 2.69553E-2 2.36708E-2 1.9389E-2 1.8294E-2 6.1262E-3 5.71113E-3 5.41019E-3 6.84069E-3 7.47329E-3 5.13826E-3 4.70498E-3 7.16375E-3 9.8016E-3 8.83578E-3 6.95416E-3 7.97536E-3 1.04148E-2 7.87452E-3
2.68867E-3 2.83266E-3 4.02076E-3 5.13577E-3 4.84123E-3 7.97065E-3 3.9237E-3 3.47881E-3 3.4799E-3 3.79499E-3 8.92786E-3 2.05149E-2 2.44822E-2 2.71941E-2 2.97283E-2 3.21119E-2 3.02358E-2 1.56191E-2 6.83866E-3 6.189E-3 5.35779E-3 3.93221E-3 3.23346E-3 2.24399E-3 1.99189E-3 1.70984E-3 1.82787E-3 2.03579E-3 1.92935E-3 2.00528E-3 1.86386E-3 1.99083E-3 2.2334E-3 3.45221E-3 9.83331E-3 2.19119E-2 2.19355E-2 2.33337E-2 2.61097E-2 3.42728E-2 2.97601E-2 3.21482E-2 3.22302E-2 2.74804E-2 2.12629E-2 2.66344E-2 9.78022E-3 6.025E-3 5.48074E-3 6.82621E-3 7.81849E-3 7.60277E-3 6.04711E-3 4.7975E-3 4.06546E-3 5.66844E-3 7.62621E-3 6.68931E-3 6.61505E-3 6.76417E-3 6.46978E-3
2.70119E-3 2.76607E-3 3.82359E-3 3.74289E-3 4.1956E-3 6.83047E-3 3.8431E-3 3.56842E-3 3.93639E-3 4.88136E-3 2.11641E-2 2.30222E-2 2.60964E-2 2.9686E-2 3.23779E-2 3.51346E-2 3.38842E-2 1.50447E-2 7.25937E-3 6.782E-3 5.5707E-3 4.44073E-3 3.16057E-3 2.70325E-3 2.58628E-3 2.63298E-3 2.60226E-3 2.2518E-3 2.28647E-3 2.61255E-3 2.84956E-3 2.75361E-3 4.11456E-3 1.68171E-2 1.83587E-2 1.65708E-2 6.96584E-3 6.50522E-3 8.69545E-3 1.41582E-2 3.63006E-2 3.29768E-2 3.37797E-2 2.9698E-2 2.46728E-2 3.09588E-2 1.03551E-2 6.15845E-3 5.83332E-3 6.85332E-3 8.19052E-3 7.21195E-3 5.13962E-3 4.30612E-3 3.32834E-3 5.25187E-3 7.20581E-3 7.77652E-3 7.75462E-3 9.64742E-3 9.22985E-3
3.66582E-3 3.96037E-3 3.41708E-3 3.26549E-3 3.2184E-3 3.83751E-3 3.14791E-3 3.51559E-3 4.40311E-3 5.01622E-3 2.36254E-2 2.58128E-2 2.99411E-2 3.29974E-2 3.51709E-2 3.86695E-2 3.551E-2 1.38147E-2 7.37231E-3 6.19216E-3 6.26779E-3 4.63959E-3 3.72648E-3 3.17563E-3 3.2666E-3 2.57795E-3 2.58334E-3 2.56112E-3 2.75585E-3 3.44184E-3 3.86177E-3 3.71446E-3 7.65121E-3 2.16119E-2 1.70321E-2 5.6E-3 4.5972E-3 5.7209E-3 7.14666E-3 9.91401E-3 3.71341E-2 3.25314E-2 3.73429E-2 3.53275E-2 2.90537E-2 3.56104E-2 1.2675E-2 6.21951E-3 6.22087E-3 7.47688E-3 8.4447E-3 6.91875E-3 5.34393E-3 4.95048E-3 4.38646E-3 5.81226E-3 9.19526E-3 1.14848E-2 1.59406E-2 2.09313E-2 2.09657E-2
3.16402E-3 3.11532E-3 3.53916E-3 3.24897E-3 3.61156E-3 2.92446E-3 3.09163E-3 3.41867E-3 4.26873E-3 9.48181E-3 2.52078E-2 3.00741E-2 3.404E-2 3.62113E-2 3.85334E-2 4.26984E-2 3.1857E-2 1.07862E-2 7.31728E-3 6.52908E-3 6.26814E-3 5.15797E-3 4.91819E-3 3.7491E-3 3.34969E-3 3.08104E-3 3.19561E-3 3.43872E-3 3.74639E-3 4.6637E-3 4.98885E-3 4.49485E-3 6.15347E-3 6.44181E-3 5.19221E-3 4.55145E-3 4.53543E-3 5.73144E-3 6.73641E-3 8.34005E-3 2.91398E-2 3.29022E-2 3.79305E-2 3.85994E-2 3.39353E-2 4.01176E-2 1.52042E-2 7.93554E-3 6.82478E-3 8.53067E-3 7.63263E-3 7.46252E-3 7.53148E-3 7.06194E-3 7.44152E-3 8.48709E-3 1.38443E-2 2.04391E-2 4.25222E-2 7.14989E-2 5.65935E-2
2.72619E-3 2.84183E-3 3.52452E-3 3.17491E-3 3.67126E-3 3.08839E-3 3.73241E-3 3.91671E-3 4.51973E-3 2.46537E-2 2.98323E-2 3.33894E-2 3.71839E-2 3.87117E-2 4.11253E-2 4.52957E-2 4.47011E-2 2.3244E-2 1.28224E-2 9.34543E-3 7.42929E-3 7.27155E-3 6.46774E-3 3.97401E-3 3.64641E-3 3.52325E-3 3.77112E-3 3.68181E-3 3.9137E-3 3.73868E-3 4.56594E-3 5.81622E-3 6.65587E-3 5.15551E-3 4.80671E-3 5.22981E-3 5.14822E-3 5.46901E-3 5.97346E-3 7.36224E-3 1.53503E-2 3.90217E-2 3.95616E-2 3.979E-2 3.75226E-2 4.71783E-2 1.52547E-2 9.01729E-3 8.01681E-3 1.06803E-2 1.04583E-2 8.98686E-3 8.7947E-3 9.2103E-3 9.32174E-3 1.15239E-2 1.8773E-2 6.28385E-2 1.08685E-1 6.53634E-2 5.2928E-2
2.58451E-3 2.74693E-3 3.36797E-3 3.4045E-3 3.39032E-3 3.34166E-3 3.72912E-3 4.30763E-3 5.75539E-3 3.14273E-2 3.44854E-2 3.75822E-2 4.11718E-2 4.22381E-2 4.48177E-2 4.78186E-2 5.21907E-2 4.07839E-2 2.09322E-2 1.18928E-2 7.87332E-3 6.83675E-3 6.25438E-3 5.46916E-3 4.91656E-3 4.48447E-3 4.43828E-3 4.24445E-3 4.26012E-3 4.52743E-3 5.15363E-3 5.5724E-3 5.59024E-3 5.46708E-3 4.97096E-3 4.9211E-3 4.92532E-3 5.42351E-3 5.84513E-3 7.07465E-3 1.24525E-2 4.03584E-2 3.84232E-2 4.69612E-2 4.80652E-2 2.41489E-2 1.79756E-2 1.31741E-2 1.28131E-2 1.54672E-2 1.39257E-2 1.17949E-2 1.10591E-2 9.48056E-3 1.01584E-2 1.42772E-2 2.87279E-2 7.77894E-2 1.54633E-1 1.17654E-1 7.05004E-2
3.06574E-3 2.93185E-3 3.67364E-3 3.63708E-3 3.63288E-3 4.93752E-3 4.59607E-3 6.01073E-3 8.69765E-3 3.6081E-2 3.9441E-2 4.33693E-2 4.46007E-2 4.58007E-2 4.80404E-2 5.03648E-2 5.43709E-2 5.87143E-2 3.29928E-2 1.45208E-2 9.26822E-3 8.53991E-3 9.23521E-3 7.35848E-3 6.2242E-3 5.663E-3 5.05007E-3 5.13859E-3 5.1618E-3 5.14671E-3 5.1215E-3 5.27428E-3 5.43622E-3 6.78896E-3 6.03484E-3 6.00446E-3 6.15342E-3 5.96657E-3 5.90615E-3 7.60964E-3 1.1924E-2 4.40829E-2 5.56368E-2 3.13678E-2 1.99243E-2 2.38176E-2 2.87255E-2 2.3841E-2 2.58761E-2 2.33153E-2 1.91288E-2 1.63843E-2 1.60858E-2 1.47815E-2 1.46077E-2 1.88855E-2 2.25273E-2 2.82888E-2 3.99196E-2 4.32478E-2 4.23815E-2
3.38085E-3 3.13243E-3 3.98994E-3 3.63855E-3 3.83817E-3 4.33721E-3 4.66292E-3 6.10394E-3 7.76838E-3 3.24771E-2 4.50499E-2 4.82421E-2 4.96408E-2 5.25948E-2 5.33484E-2 5.61053E-2 5.95729E-2 6.22882E-2 3.8988E-2 1.44038E-2 1.09059E-2 1.16188E-2 1.10649E-2 8.92616E-3 7.40278E-3 6.54887E-3 6.44314E-3 5.73225E-3 5.88387E-3 6.09271E-3 6.01729E-3 6.20789E-3 6.02246E-3 7.79812E-3 7.20717E-3 6.49436E-3 6.74802E-3 7.02209E-3 7.35722E-3 9.86687E-3 1.53539E-2 2.15138E-2 1.74864E-2 1.87717E-2 2.00183E-2 2.35638E-2 2.72367E-2 2.95037E-2 3.086E-2 2.38833E-2 2.17423E-2 2.05972E-2 2.06002E-2 2.16189E-2 2.47508E-2 2.34056E-2 2.53722E-2 3.38313E-2 3.71217E-2 4.00018E-2 3.98245E-2
2.98852E-3 3.55985E-3 3.34884E-3 3.46709E-3 4.03272E-3 4.13099E-3 4.89931E-3 4.98027E-3 6.07239E-3 1.92776E-2 4.69372E-2 5.26245E-2 5.502E-2 5.75092E-2 5.91578E-2 6.03407E-2 6.22025E-2 6.65578E-2 4.31618E-2 1.39428E-2 9.15761E-3 8.80631E-3 8.61861E-3 8.97542E-3 7.69591E-3 6.79233E-3 6.22168E-3 6.38885E-3 7.89104E-3 7.44348E-3 6.66997E-3 6.66269E-3 7.48351E-3 8.65046E-3 8.78272E-3 9.16051E-3 9.32919E-3 1.08368E-2 1.23381E-2 1.53035E-2 2.2039E-2 2.25675E-2 1.8702E-2 1.87841E-2 2.06366E-2 2.37354E-2 2.53887E-2 2.59419E-2 2.54207E-2 2.46873E-2 2.50064E-2 2.51003E-2 2.33506E-2 2.85555E-2 6.58865E-2 8.99743E-2 6.93098E-2 5.49933E-2 4.78732E-2 4.35648E-2 4.12441E-2
3.40072E-3 3.76131E-3 3.48258E-3 3.28107E-3 4.60239E-3 5.0816E-3 5.05195E-3 5.64601E-3 6.15138E-3 2.95358E-2 5.08692E-2 5.7366E-2 5.96228E-2 5.99413E-2 6.17392E-2 6.25786E-2 6.91593E-2 6.85161E-2 3.59601E-2 1.41564E-2 1.26392E-2 9.49683E-3 9.46031E-3 1.20542E-2 8.93813E-3 7.6436E-3 6.76063E-3 6.46856E-3 6.53505E-3 6.28634E-3 6.45907E-3 7.21126E-3 8.53317E-3 9.75962E-3 1.12578E-2 1.5032E-2 1.59802E-2 1.9715E-2 2.35765E-2 5.11849E-2 4.97964E-2 2.84169E-2 1.83423E-2 1.88448E-2 2.12183E-2 2.32117E-2 2.87009E-2 6.8203E-2 6.12573E-2 6.45313E-2 7.08466E-2 7.63247E-2 5.22389E-2 6.0635E-2 8.22476E-2 7.27132E-2 5.40376E-2 4.88559E-2 4.48027E-2 4.41745E-2 5.88688E-2
3.96487E-3 4.7692E-3 4.03309E-3 3.38021E-3 3.76898E-3 4.21625E-3 5.83322E-3 7.51259E-3 7.55991E-3 3.25871E-2 5.62313E-2 6.13894E-2 6.41533E-2 6.47715E-2 6.57836E-2 6.73617E-2 6.99241E-2 6.333E-2 2.59407E-2 1.22914E-2 1.13367E-2 1.07484E-2 1.03629E-2 1.11364E-2 9.66561E-3 8.88587E-3 7.60666E-3 6.89984E-3 6.72283E-3 6.42397E-3 7.04726E-3 8.91797E-3 1.10455E-2 1.28291E-2 1.28416E-2 1.79127E-2 2.47033E-2 3.0222E-2 3.97242E-2 5.94419E-2 6.61357E-2 4.23459E-2 2.46137E-2 2.39899E-2 2.55901E-2 4.47044E-2 5.79391E-2 4.75751E-2 4.96451E-2 5.37668E-2 5.68031E-2 6.04866E-2 6.36793E-2 6.21677E-2 6.11685E-2 5.86799E-2 5.36494E-2 4.87061E-2 5.34144E-2 3.30258E-2 1.70806E-2
4.33383E-3 6.22967E-3 4.75312E-3 4.06842E-3 4.47436E-3 4.94559E-3 6.25855E-3 7.22414E-3 9.61079E-3 3.41685E-2 5.98381E-2 6.55078E-2 6.77434E-2 6.79725E-2 6.81383E-2 7.05537E-2 6.27437E-2 3.74303E-2 1.4875E-2 1.11373E-2 1.04528E-2 1.06199E-2 1.22337E-2 1.08962E-2 9.77304E-3 8.729E-3 7.5634E-3 7.15052E-3 7.63508E-3 8.12165E-3 8.15989E-3 8.17972E-3 9.90393E-3 1.49112E-2 1.72548E-2 2.05793E-2 2.67561E-2 3.11725E-2 2.83276E-2 3.06067E-2 3.34429E-2 3.07845E-2 3.38475E-2 7.03975E-2 7.00618E-2 5.23217E-2 4.78116E-2 4.99581E-2 5.32969E-2 5.76446E-2 6.05436E-2 6.35074E-2 6.43698E-2 6.35769E-2 5.87924E-2 6.36427E-2 5.61954E-2 2.21781E-2 1.22899E-2 1.15969E-2 8.84122E-3
5.26677E-3 4.59524E-3 4.40849E-3 4.44897E-3 4.46959E-3 5.25904E-3 7.23881E-3 9.47833E-3 1.36977E-2 1.42253E-2 4.95624E-2 6.77952E-2 7.18912E-2 7.33146E-2 7.3288E-2 6.89675E-2 4.77273E-2 1.31795E-2 1.11658E-2 1.0565E-2 1.02826E-2 1.06126E-2 1.08978E-2 1.00546E-2 9.58831E-3 8.95909E-3 7.98148E-3 7.0694E-3 7.42764E-3 8.09096E-3 9.04824E-3 1.0167E-2 9.88207E-3 1.0915E-2 1.47463E-2 1.91767E-2 2.66893E-2 3.38288E-2 2.69319E-2 3.4877E-2 4.23771E-2 8.49212E-2 8.12128E-2 6.39672E-2 5.96221E-2 5.36391E-2 5.37759E-2 5.49969E-2 5.92577E-2 5.79525E-2 6.57073E-2 6.97436E-2 7.31334E-2 7.9922E-2 4.88229E-2 2.59245E-2 1.41854E-2 9.22809E-3 7.9979E-3 1.04035E-2 8.77306E-3
5.21136E-3 5.31925E-3 4.93341E-3 5.56142E-3 5.0379E-3 6.30343E-3 7.86971E-3 1.13656E-2 1.51123E-2 1.90262E-2 3.21185E-2 6.1495E-2 6.79775E-2 7.05823E-2 6.93758E-2 6.25146E-2 2.15805E-2 1.31452E-2 1.23358E-2 1.26228E-2 1.26725E-2 1.26313E-2 1.12558E-2 1.09271E-2 9.72396E-3 9.2711E-3 8.62499E-3 7.70415E-3 7.55127E-3 7.39675E-3 8.48283E-3 8.946E-3 9.60176E-3 1.10622E-2 1.43554E-2 1.97209E-2 5.75285E-2 5.89165E-2 6.29089E-2 6.00746E-2 7.58573E-2 8.27338E-2 7.27352E-2 7.0883E-2 6.58074E-2 6.25893E-2 6.21441E-2 5.96428E-2 6.31552E-2 7.34676E-2 8.77126E-2 5.59957E-2 3.1338E-2 2.61552E-2 1.70059E-2 1.27113E-2 1.15128E-2 1.02884E-2 9.54019E-3 9.7921E-3 8.56279E-3
5.77086E-3 5.41056E-3 5.43209E-3 5.61038E-3 6.20028E-3 8.04285E-3 9.50821E-3 1.20315E-2 1.41298E-2 1.85577E-2 1.77951E-2 3.69869E-2 5.68193E-2 4.75565E-2 2.98563E-2 1.93991E-2 1.28533E-2 1.18644E-2 1.50493E-2 1.45117E-2 1.28036E-2 1.21889E-2 1.11133E-2 1.08631E-2 1.01813E-2 1.02444E-2 8.88206E-3 7.93565E-3 7.94095E-3 7.70736E-3 7.97842E-3 8.25878E-3 9.40816E-3 1.38798E-2 1.9791E-2 2.92868E-2 6.80085E-2 5.61142E-2 5.30281E-2 5.81586E-2 7.4596E-2 7.61822E-2 7.57369E-2 7.74813E-2 7.29987E-2 6.9385E-2 6.95534E-2 9.82691E-2 6.77842E-2 4.08328E-2 2.48224E-2 1.72624E-2 1.38411E-2 1.36168E-2 1.15746E-2 1.06897E-2 1.0842E-2 9.87926E-3 9.7169E-3 9.92366E-3 9.65782E-3
5.81283E-3 6.15378E-3 6.49304E-3 7.22913E-3 8.17548E-3 7.99788E-3 9.98562E-3 1.26805E-2 1.04808E-2 1.38371E-2 1.56025E-2 1.54666E-2 1.41285E-2 1.35855E-2 1.12614E-2 1.0524E-2 1.02916E-2 1.08719E-2 1.38364E-2 1.27395E-2 1.31167E-2 1.17899E-2 1.05321E-2 1.15654E-2 1.09889E-2 9.63567E-3 9.03104E-3 8.14267E-3 8.60736E-3 8.27852E-3 8.01226E-3 8.5057E-3 1.12182E-2 1.67073E-2 1.91836E-2 1.52773E-2 1.79166E-2 3.51279E-2 6.51831E-2 5.93506E-2 6.85023E-2 7.50469E-2 8.28049E-2 1.02636E-1 1.02127E-1 9.96141E-2 9.78172E-2 5.20789E-2 3.19286E-2 2.01661E-2 1.8047E-2 1.40379E-2 1.32201E-2 1.41862E-2 1.0829E-2 1.02689E-2 9.84424E-3 9.23566E-3 1.03153E-2 1.07777E-2 9.40503E-3
7.34702E-3 7.97308E-3 8.42352E-3 9.63535E-3 8.74105E-3 1.01986E-2 1.38759E-2 1.04807E-2 8.67341E-3 9.41587E-3 1.02014E-2 1.1765E-2 1.10387E-2 1.00217E-2 8.97409E-3 9.20413E-3 9.17512E-3 1.09901E-2 1.10137E-2 1.13088E-2 1.11991E-2 1.37821E-2 1.19121E-2 1.1798E-2 1.13095E-2 1.03452E-2 9.79028E-3 9.56602E-3 9.21091E-3 9.71544E-3 9.09006E-3 1.00227E-2 1.15371E-2 1.3396E-2 1.37207E-2 1.53478E-2 1.62059E-2 2.07895E-2 2.55785E-2 2.97337E-2 5.05269E-2 5.41485E-2 4.20416E-2 4.50467E-2 5.4814E-2 5.76296E-2 5.27651E-2 3.97798E-2 2.8561E-2 2.02784E-2 1.80108E-2 1.77163E-2 1.28846E-2 1.15587E-2 1.03185E-2 1.02555E-2 1.15492E-2 1.16453E-2 1.11077E-2 9.44233E-3 8.72725E-3
1.0758E-2 1.03083E-2 1.10219E-2 1.09466E-2 1.27256E-2 1.12757E-2 1.53969E-2 1.12118E-2 9.43036E-3 9.07234E-3 9.84699E-3 1.06808E-2 1.02507E-2 9.42705E-3 9.96418E-3 1.0446E-2 1.16699E-2 1.24949E-2 1.14558E-2 1.17706E-2 1.26592E-2 1.39365E-2 1.22997E-2 1.19737E-2 1.17796E-2 1.34052E-2 1.17412E-2 1.05E-2 1.14162E-2 1.23068E-2 1.13249E-2 1.11924E-2 1.13384E-2 1.26709E-2 1.52395E-2 1.52979E-2 1.5339E-2 1.74231E-2 1.69912E-2 1.68549E-2 2.0088E-2 1.94005E-2 2.06599E-2 2.52979E-2 3.1461E-2 3.31375E-2 3.9288E-2 3.31155E-2 2.55876E-2 2.27693E-2 1.87653E-2 1.87848E-2 1.5074E-2 1.49435E-2 1.10866E-2 1.00299E-2 1.13101E-2 1.21477E-2 9.19497E-3 9.02482E-3 1.00565E-2
1.12251E-2 1.0009E-2 1.09251E-2 1.2124E-2 1.05483E-2 1.12626E-2 1.11402E-2 1.08936E-2 1.15098E-2 1.16651E-2 1.14329E-2 1.11655E-2 1.10799E-2 1.0453E-2 1.01949E-2 9.64212E-3 1.10391E-2 1.10212E-2 1.19766E-2 1.30123E-2 1.3429E-2 1.24404E-2 1.20829E-2 1.24397E-2 1.4873E-2 1.74167E-2 1.27243E-2 1.22424E-2 1.22071E-2 1.37471E-2 1.54873E-2 1.47519E-2 1.42196E-2 1.60572E-2 1.74764E-2 1.53697E-2 1.64113E-2 1.69469E-2 1.64154E-2 1.6968E-2 1.62954E-2 1.73464E-2 1.89249E-2 2.04805E-2 2.14606E-2 2.34244E-2 3.26313E-2 3.04128E-2 2.41239E-2 2.35943E-2 2.05267E-2 1.97727E-2 1.74657E-2 1.5286E-2 1.2992E-2 1.19264E-2 1.19776E-2 1.31364E-2 1.22131E-2 1.01304E-2 1.04633E-2
1.09741E-2 1.06065E-2 1.13972E-2 1.24166E-2 1.25475E-2 1.16505E-2 1.11878E-2 1.11347E-2 1.17111E-2 1.18611E-2 1.14033E-2 1.141E-2 1.1612E-2 1.18993E-2 1.14742E-2 1.19131E-2 1.17962E-2 1.24584E-2 1.3393E-2 1.40925E-2 1.43176E-2 1.35596E-2 1.37846E-2 1.40722E-2 1.40627E-2 1.4651E-2 1.52554E-2 1.54222E-2 1.51082E-2 1.54287E-2 1.73116E-2 1.79457E-2 1.85657E-2 1.69069E-2 1.6886E-2 1.67942E-2 1.76444E-2 1.69387E-2 1.54675E-2 1.54011E-2 1.58199E-2 1.66703E-2 1.66704E-2 1.73821E-2 1.76581E-2 1.85904E-2 2.46003E-2 2.50291E-2 2.04746E-2 2.16341E-2 1.85226E-2 1.62401E-2 1.58526E-2 1.58799E-2 1.701E-2 1.84875E-2 1.53893E-2 1.47502E-2 1.62048E-2 1.63795E-2 1.43673E-2
1.23663E-2 1.30287E-2 1.25464E-2 1.29777E-2 1.39197E-2 1.36135E-2 1.31823E-2 1.30436E-2 1.35714E-2 1.41233E-2 1.25381E-2 1.16191E-2 1.18535E-2 1.24658E-2 1.32361E-2 1.48831E-2 1.46316E-2 1.59818E-2 1.70888E-2 1.78627E-2 1.67034E-2 1.5164E-2 1.56355E-2 1.3936E-2 1.41794E-2 1.46594E-2 1.59688E-2 1.70959E-2 1.76677E-2 1.76254E-2 2.0823E-2 2.40766E-2 2.03031E-2 1.73335E-2 1.77806E-2 1.88032E-2 1.85832E-2 1.71884E-2 1.62318E-2 1.67549E-2 1.77429E-2 1.8315E-2 1.70771E-2 1.79148E-2 1.87499E-2 1.77016E-2 1.97656E-2 2.45678E-2 2.1816E-2 2.03961E-2 1.83825E-2 1.90959E-2 2.06209E-2 2.26862E-2 2.34382E-2 2.24065E-2 2.09238E-2 1.80661E-2 1.83198E-2 1.75496E-2 1.66141E-2
1.63591E-2 1.69911E-2 1.70292E-2 1.47561E-2 1.48626E-2 1.44831E-2 1.38583E-2 1.43964E-2 1.37632E-2 1.32985E-2 1.24339E-2 1.22364E-2 1.25847E-2 1.37336E-2 1.51031E-2 1.74584E-2 1.68225E-2 1.68037E-2 1.70631E-2 1.6957E-2 1.59668E-2 1.55634E-2 1.55626E-2 1.46021E-2 1.41776E-2 1.54917E-2 1.68141E-2 1.72791E-2 2.17903E-2 2.36954E-2 2.01347E-2 1.9846E-2 1.88465E-2 1.80751E-2 1.86177E-2 1.91789E-2 1.96365E-2 1.76454E-2 1.67958E-2 1.66821E-2 1.60705E-2 1.71223E-2 1.87076E-2 2.01776E-2 2.07437E-2 1.8536E-2 2.0858E-2 2.45375E-2 2.65548E-2 2.23622E-2 2.19583E-2 2.53412E-2 2.85849E-2 3.07643E-2 3.44483E-2 3.48476E-2 3.37019E-2 2.84131E-2 2.33873E-2 2.01541E-2 2.01179E-2
