data/maxent/outputs/white_79.asc
ncols         426
nrows         180
xllcorner     -130.0
yllcorner     24.0
cellsize      0.16666666666666666
NODATA_value  -9999
[rows 54 to 80 of 180, columns 61 to 121 of 426]
2.93263E-1 1.92605E-1 3.52176E-1 3.46631E-1 2.76097E-1 1.64557E-1 1.18856E-1 7.8699E-2 5.06951E-2 2.28033E-2 5.93671E-2 7.48394E-2 1.2256E-1 1.96554E-1 1.67013E-1 1.5973E-1 2.95269E-1 6.06795E-1 3.03759E-1 1.35608E-1 1.40982E-1 7.09994E-2 4.17554E-2 1.5822E-2 4.88909E-2 2.30688E-2 1.45036E-2 9.78149E-3 1.2096E-2 1.11792E-2 3.42955E-2 1.12507E-2 7.17655E-3 3.95536E-3 4.08375E-3 6.33334E-3 3.20036E-3 3.52943E-3 1.8687E-3 2.13094E-3 3.17592E-3 3.41389E-3 3.11728E-3 1.32521E-3 3.05156E-3 3.41985E-3 3.89562E-3 3.40108E-3 5.0738E-3 1.52015E-2 4.80455E-3 5.47756E-3 6.02466E-3 5.35846E-3 7.63944E-3 7.42907E-3 6.24423E-3 5.40524E-3 5.22173E-3 3.57118E-3 5.9718E-3
3.21879E-1 3.58407E-1 3.27276E-1 1.89093E-1 2.07694E-1 1.76058E-1 9.13764E-2 4.26031E-2 6.60932E-2 7.04914E-2 5.76961E-2 8.13096E-2 1.05186E-1 1.68189E-1 2.04933E-1 3.62489E-1 5.6609E-1 4.96239E-1 6.14075E-2 1.98043E-1 2.70822E-1 3.89534E-2 4.6242E-2 3.08785E-2 2.34721E-2 1.54651E-2 1.07388E-2 1.25682E-2 2.12065E-2 2.66903E-2 1.59842E-2 8.10805E-3 7.41027E-3 4.40997E-3 6.85373E-3 4.94024E-3 2.22035E-3 2.75208E-3 3.0966E-3 1.66116E-3 1.73633E-3 1.62149E-3 2.59634E-3 2.17834E-3 2.08174E-3 2.41929E-3 2.97674E-3 3.36028E-3 4.92235E-3 7.64983E-3 6.80499E-3 1.03342E-2 5.58509E-3 5.71201E-3 5.8708E-3 6.0081E-3 6.50558E-3 5.95047E-3 5.81314E-3 3.97996E-3 4.7684E-3
2.1098E-1 3.25039E-1 1.57789E-1 1.04905E-1 1.09165E-1 1.1119E-1 1.29515E-1 9.58867E-2 7.63412E-2 7.8757E-2 7.96848E-2 8.90769E-2 9.69717E-2 1.30691E-1 2.15042E-1 2.46715E-1 3.99336E-1 1.56123E-1 3.48612E-1 3.24002E-1 3.16004E-1 8.94586E-2 6.62668E-2 4.27533E-2 2.50921E-2 1.50012E-2 1.12446E-2 1.34998E-2 1.04559E-2 8.89632E-3 8.95675E-3 6.61175E-3 6.31145E-3 1.04683E-2 7.50571E-3 5.98601E-3 4.16083E-3 1.84899E-3 1.91809E-3 1.87763E-3 1.70528E-3 1.22611E-3 1.7234E-3 2.27699E-3 1.72551E-3 1.94954E-3 3.74198E-3 5.29971E-3 7.23887E-3 8.17079E-3 9.56501E-3 7.82483E-3 6.50101E-3 5.3063E-3 5.16317E-3 5.61742E-3 8.67183E-3 7.13493E-3 5.66625E-3 4.81427E-3 4.09689E-3
1.0673E-1 1.98044E-1 1.92412E-1 2.18719E-1 2.28638E-1 1.77511E-1 1.53449E-1 1.38308E-1 5.52488E-2 6.37572E-2 6.54597E-2 8.30066E-2 8.74936E-2 1.23088E-1 1.59191E-1 4.28622E-1 3.63617E-1 4.15269E-1 4.40422E-1 3.06237E-1 3.04588E-1 1.51529E-1 3.83117E-2 6.13817E-2 4.21135E-2 2.09007E-2 1.20114E-2 9.76675E-3 8.02029E-3 6.01704E-3 5.61778E-3 5.29161E-3 5.69052E-3 1.31742E-2 9.78317E-3 4.18446E-3 4.15989E-3 3.30146E-3 2.07552E-3 1.78843E-3 1.7489E-3 2.1093E-3 1.9013E-3 2.16176E-3 3.21042E-3 4.25878E-3 7.3071E-3 6.37599E-3 7.56938E-3 9.82231E-3 1.34463E-2 1.10189E-2 5.29389E-3 4.8518E-3 6.57734E-3 6.65502E-3 1.19448E-2 9.8903E-3 5.55942E-3 7.17331E-3 6.92254E-3
8.31198E-2 1.05649E-1 1.10112E-1 6.89135E-2 5.43093E-2 7.03863E-2 5.01437E-2 4.4934E-2 4.54933E-2 5.72326E-2 7.81768E-2 7.73787E-2 9.14885E-2 1.81683E-1 2.36954E-1 3.16334E-1 3.54913E-1 3.8373E-1 4.95499E-1 3.97536E-1 2.90572E-1 2.2352E-1 8.5305E-2 1.4803E-1 3.42788E-2 3.30871E-2 1.66558E-2 1.70543E-2 9.3058E-3 8.34273E-3 8.25841E-3 1.00479E-2 1.20209E-2 1.30915E-2 8.44056E-3 5.34347E-3 3.71783E-3 3.00261E-3 2.65576E-3 3.38006E-3 2.35779E-3 3.02576E-3 3.27204E-3 4.22206E-3 7.15908E-3 7.83127E-3 1.05434E-2 9.35624E-3 1.13183E-2 1.85834E-2 1.72154E-2 1.53798E-2 7.22914E-3 6.72524E-3 5.50851E-3 5.50143E-3 5.62522E-3 6.81581E-3 5.72295E-3 3.20743E-3 2.91864E-3
1.02574E-1 7.08542E-2 8.20007E-2 5.95023E-2 4.41764E-2 4.50346E-2 5.824E-2 5.27365E-2 5.44143E-2 8.27866E-2 8.64832E-2 9.95141E-2 1.54479E-1 1.87846E-1 2.06581E-1 2.22058E-1 2.74952E-1 3.01023E-1 3.48148E-1 4.04817E-1 4.70104E-1 3.79291E-1 1.94115E-1 2.28981E-1 7.8211E-2 7.18968E-2 4.3606E-2 2.31693E-2 1.04485E-2 8.05296E-3 6.16727E-3 4.14633E-3 9.62113E-3 1.16707E-2 7.54889E-3 5.4998E-3 5.78435E-3 3.33613E-3 4.0476E-3 4.44645E-3 5.17823E-3 5.04014E-3 7.44944E-3 6.68463E-3 7.36603E-3 7.9493E-3 1.11393E-2 1.57825E-2 1.74025E-2 2.06182E-2 3.31167E-2 2.72722E-2 2.20244E-2 1.11645E-2 6.03835E-3 5.23577E-3 5.42435E-3 5.61693E-3 5.30126E-3 3.05246E-3 2.3526E-3
6.40668E-2 4.71288E-2 5.05658E-2 5.32324E-2 5.54116E-2 5.45647E-2 6.51823E-2 8.11955E-2 9.80787E-2 1.08325E-1 1.28668E-1 1.32439E-1 1.88511E-1 1.61674E-1 1.53231E-1 1.74484E-1 2.42354E-1 2.57846E-1 2.55996E-1 3.20276E-1 4.74163E-1 4.53989E-1 2.58807E-1 1.52929E-1 9.28001E-2 6.81215E-2 5.52473E-2 2.72855E-2 1.01374E-2 7.05176E-3 7.06775E-3 5.31784E-3 4.67475E-3 5.67845E-3 7.32927E-3 6.15838E-3 7.54618E-3 8.11675E-3 7.89624E-3 7.11915E-3 1.13955E-2 1.18907E-2 9.12523E-3 6.08703E-3 7.21484E-3 7.20248E-3 1.07185E-2 1.35568E-2 1.71625E-2 2.44971E-2 2.80651E-2 1.76155E-2 1.65847E-2 8.16037E-3 8.53747E-3 9.4603E-3 5.45381E-3 5.31018E-3 4.18962E-3 2.15081E-3 2.09194E-3
4.837E-2 4.81639E-2 4.6238E-2 5.30064E-2 6.62354E-2 7.20532E-2 7.43398E-2 8.63239E-2 1.06135E-1 1.47326E-1 2.09781E-1 2.21616E-1 2.28246E-1 1.94185E-1 1.90269E-1 2.14487E-1 2.08336E-1 2.19565E-1 2.42343E-1 2.5328E-1 3.07926E-1 5.35128E-1 2.73944E-1 2.54283E-1 1.50568E-1 1.70438E-1 7.80871E-2 3.87893E-2 1.81808E-2 1.12043E-2 9.66031E-3 9.92186E-3 1.66428E-2 9.85351E-3 4.33646E-3 4.82689E-3 7.05895E-3 1.14923E-2 1.13848E-2 1.41894E-2 1.44845E-2 9.28727E-3 9.42525E-3 1.00044E-2 1.01196E-2 9.91354E-3 1.26918E-2 1.75511E-2 2.45884E-2 3.03202E-2 2.11934E-2 1.59072E-2 1.30639E-2 7.17598E-3 6.83656E-3 5.9662E-3 5.45914E-3 4.63295E-3 3.42886E-3 3.22721E-3 2.49378E-3
6.3792E-2 6.27412E-2 6.52838E-2 6.63105E-2 8.48684E-2 7.95931E-2 8.10869E-2 9.69594E-2 1.0531E-1 1.97264E-1 1.66309E-1 1.05212E-1 1.28635E-1 1.51712E-1 2.26299E-1 3.10723E-1 1.8957E-1 1.78401E-1 2.4147E-1 2.29681E-1 2.33137E-1 3.58412E-1 5.61221E-1 4.03427E-1 3.31335E-1 1.2463E-1 4.07347E-2 9.67786E-2 4.1083E-2 2.83229E-2 2.1741E-2 1.80979E-2 3.0912E-2 2.68342E-2 2.21874E-2 1.3456E-2 1.04707E-2 1.75566E-2 1.88375E-2 1.53607E-2 1.4974E-2 1.15577E-2 1.27432E-2 1.40888E-2 1.65349E-2 1.5984E-2 1.72218E-2 2.8015E-2 3.91248E-2 3.16967E-2 2.3847E-2 1.99357E-2 1.77293E-2 7.63242E-3 7.16936E-3 6.02758E-3 5.10614E-3 4.24637E-3 3.50542E-3 3.0708E-3 2.05221E-3
8.35875E-2 8.62629E-2 8.18693E-2 9.10171E-2 9.63195E-2 8.95216E-2 1.1035E-1 1.11542E-1 1.23574E-1 1.3545E-1 1.19456E-1 1.13648E-1 1.09887E-1 1.30738E-1 1.84465E-1 2.62639E-1 2.12075E-1 2.15879E-1 1.96071E-1 1.5905E-1 1.48162E-1 1.76532E-1 2.53936E-1 4.21665E-1 4.08252E-1 2.43088E-1 1.69251E-1 8.26737E-2 5.42643E-2 4.30985E-2 4.09136E-2 4.59876E-2 4.75202E-2 4.36278E-2 4.05315E-2 3.35051E-2 4.28758E-2 4.06568E-2 3.72705E-2 2.20046E-2 2.0773E-2 2.35757E-2 2.39425E-2 2.6375E-2 3.49251E-2 3.79547E-2 3.2737E-2 4.38966E-2 3.02841E-2 2.52525E-2 2.38923E-2 2.54504E-2 1.19793E-2 1.17111E-2 1.12961E-2 5.71448E-3 4.01017E-3 3.46708E-3 3.35053E-3 2.23438E-3 1.53657E-3
8.20674E-2 9.0678E-2 1.0397E-1 1.11564E-1 9.31405E-2 8.96571E-2 1.14703E-1 1.15204E-1 1.17168E-1 1.19923E-1 9.36561E-2 8.45055E-2 1.14522E-1 1.71332E-1 1.74061E-1 1.66013E-1 1.41218E-1 1.42695E-1 2.17834E-1 1.44755E-1 1.25886E-1 1.49067E-1 1.72707E-1 2.09044E-1 3.26211E-1 4.47961E-1 1.44644E-1 6.66794E-2 5.73848E-2 6.04097E-2 5.23821E-2 5.32487E-2 6.98105E-2 7.52738E-2 7.60106E-2 7.77914E-2 7.87549E-2 5.89119E-2 6.47664E-2 3.47315E-2 3.06199E-2 3.52151E-2 3.89623E-2 3.12871E-2 3.95236E-2 4.56809E-2 5.50526E-2 3.79671E-2 1.77704E-2 1.38872E-2 1.48727E-2 1.74127E-2 2.3038E-2 1.09826E-2 1.24102E-2 9.00547E-3 5.3481E-3 4.54049E-3 3.56598E-3 2.13282E-3 1.20563E-3
7.08559E-2 6.65018E-2 7.44731E-2 7.46466E-2 9.6598E-2 1.03732E-1 1.12282E-1 1.20977E-1 9.9233E-2 1.10011E-1 9.4138E-2 8.70838E-2 1.01231E-1 1.07488E-1 1.09066E-1 1.10281E-1 1.17517E-1 1.08753E-1 9.19308E-2 2.62638E-1 1.06933E-1 8.84004E-2 1.04583E-1 1.22491E-1 1.85901E-1 2.65217E-1 3.48326E-1 3.86695E-1 3.5058E-1 3.17617E-1 2.63928E-1 2.22104E-1 1.61944E-1 1.10011E-1 1.06012E-1 1.28368E-1 1.02606E-1 1.0965E-1 9.79009E-2 4.60619E-2 4.43889E-2 4.12869E-2 3.79885E-2 4.29317E-2 5.96998E-2 6.95698E-2 5.06919E-2 2.19752E-2 1.36213E-2 9.0649E-3 9.7046E-3 1.33071E-2 1.51062E-2 1.31449E-2 8.61504E-3 6.01685E-3 5.39411E-3 3.43903E-3 1.89393E-3 1.79148E-3 1.67687E-3
7.15105E-2 7.46549E-2 6.1142E-2 6.3066E-2 6.72894E-2 8.70226E-2 9.36493E-2 7.59746E-2 7.06753E-2 1.09882E-1 1.11353E-1 9.73086E-2 8.11745E-2 8.07947E-2 1.15926E-1 1.10604E-1 1.23505E-1 1.11842E-1 9.28382E-2 1.34619E-1 1.95025E-1 1.0841E-1 8.58263E-2 1.00484E-1 1.26348E-1 1.66E-1 2.07237E-1 2.20767E-1 2.11009E-1 2.25854E-1 2.01466E-1 1.94192E-1 1.76445E-1 1.44293E-1 1.44119E-1 1.22013E-1 9.65473E-2 8.69026E-2 7.01996E-2 7.67367E-2 4.88215E-2 4.03554E-2 6.59527E-2 7.84406E-2 8.89922E-2 6.10096E-2 3.27377E-2 2.10146E-2 1.41926E-2 1.19781E-2 1.00167E-2 1.04409E-2 1.35418E-2 9.31337E-3 8.91057E-3 5.74168E-3 5.47211E-3 2.10917E-3 1.09889E-3 7.84982E-4 1.12975E-3
9.83704E-2 8.05818E-2 7.15589E-2 7.53776E-2 7.33911E-2 7.48732E-2 5.8475E-2 3.50311E-2 9.99212E-2 1.33469E-1 1.28576E-1 9.3912E-2 6.22454E-2 7.14812E-2 1.15869E-1 1.11596E-1 1.12145E-1 9.48351E-2 9.23609E-2 9.02526E-2 1.02908E-1 2.04964E-1 1.60387E-1 1.06076E-1 1.12814E-1 1.61327E-1 1.65435E-1 1.68113E-1 1.6861E-1 1.72827E-1 1.73524E-1 1.748E-1 1.56229E-1 1.41215E-1 1.33284E-1 1.05593E-1 7.22476E-2 6.04573E-2 6.54325E-2 8.53949E-2 4.6397E-2 6.31838E-2 9.39457E-2 8.35136E-2 6.49342E-2 5.7693E-2 4.02758E-2 2.10071E-2 1.95686E-2 1.17368E-2 1.08941E-2 1.1964E-2 1.05067E-2 8.15863E-3 7.8931E-3 6.03661E-3 4.18328E-3 1.86982E-3 9.68922E-4 7.51804E-4 6.30164E-4
8.75621E-2 6.68621E-2 8.18906E-2 8.46945E-2 7.54109E-2 6.73244E-2 5.10577E-2 6.43433E-2 7.56496E-2 9.9519E-2 7.48274E-2 6.95822E-2 8.49063E-2 8.85785E-2 1.16582E-1 1.07489E-1 1.06615E-1 9.87573E-2 9.03107E-2 7.57006E-2 6.16918E-2 7.26814E-2 1.70757E-1 2.21184E-1 1.7395E-1 1.61056E-1 1.48538E-1 1.64885E-1 1.57716E-1 1.39504E-1 1.52749E-1 1.47198E-1 1.44308E-1 1.54619E-1 1.33261E-1 1.08149E-1 9.42848E-2 7.99774E-2 6.36984E-2 5.40974E-2 6.08923E-2 7.20819E-2 8.84306E-2 6.85484E-2 4.91965E-2 5.32776E-2 5.27728E-2 3.34223E-2 2.33841E-2 2.18155E-2 1.45304E-2 1.2591E-2 9.90986E-3 9.30555E-3 6.7464E-3 5.84582E-3 3.87845E-3 1.30336E-3 6.68188E-4 5.99898E-4 6.07148E-4
6.93439E-2 6.54994E-2 8.58488E-2 8.98795E-2 9.11247E-2 9.2427E-2 7.14455E-2 8.71894E-2 8.57242E-2 7.88631E-2 9.70188E-2 1.20952E-1 1.27692E-1 1.27095E-1 1.14948E-1 1.18746E-1 1.19083E-1 1.10611E-1 8.63182E-2 8.38925E-2 7.34461E-2 6.13169E-2 7.86498E-2 1.45113E-1 1.77898E-1 1.6285E-1 1.33628E-1 1.16936E-1 1.06545E-1 1.03239E-1 9.51144E-2 8.13082E-2 1.02255E-1 1.11349E-1 1.05656E-1 8.47981E-2 7.69165E-2 6.14271E-2 5.34676E-2 4.13323E-2 6.6028E-2 6.62016E-2 7.11591E-2 5.65881E-2 4.84598E-2 5.81549E-2 5.70139E-2 3.31316E-2 2.62049E-2 2.07072E-2 9.24068E-3 1.09236E-2 7.48058E-3 6.4654E-3 6.90293E-3 5.50865E-3 3.65166E-3 1.5362E-3 8.13266E-4 6.6097E-4 5.75769E-4
1.40352E-1 7.45964E-2 7.73028E-2 7.94139E-2 8.94593E-2 8.08466E-2 9.93402E-2 1.01029E-1 1.29514E-1 1.11392E-1 9.24879E-2 9.86327E-2 1.14467E-1 1.04252E-1 1.14965E-1 1.25528E-1 1.01955E-1 1.061E-1 9.37812E-2 9.92226E-2 8.91232E-2 6.73193E-2 6.33157E-2 9.88606E-2 1.49058E-1 1.37468E-1 8.10834E-2 7.0537E-2 5.25803E-2 6.38894E-2 7.58837E-2 5.68204E-2 3.87061E-2 3.96093E-2 5.21485E-2 7.40788E-2 5.21238E-2 5.13256E-2 4.04024E-2 3.31564E-2 3.52297E-2 5.32955E-2 6.30871E-2 7.48837E-2 7.55224E-2 6.69503E-2 5.0204E-2 5.37231E-2 4.50873E-2 1.82016E-2 7.78559E-3 6.55607E-3 3.69528E-3 5.56321E-3 5.77543E-3 4.36222E-3 2.48078E-3 1.48955E-3 1.24698E-3 1.06171E-3 8.57658E-4
1.6123E-1 1.0644E-1 8.20975E-2 6.91948E-2 7.27338E-2 9.26782E-2 9.03943E-2 1.18924E-1 1.31732E-1 6.19537E-2 8.99451E-2 1.07503E-1 9.74981E-2 1.04157E-1 8.8558E-2 1.09921E-1 1.12069E-1 1.12362E-1 1.03161E-1 8.84289E-2 9.29027E-2 7.76844E-2 7.2672E-2 7.37631E-2 1.10612E-1 1.08213E-1 7.57228E-2 4.45101E-2 3.75981E-2 3.87198E-2 6.10218E-2 3.15267E-2 1.91998E-2 3.15401E-2 3.38378E-2 4.31538E-2 4.43688E-2 3.51918E-2 3.5571E-2 3.72029E-2 5.69467E-2 4.1053E-2 6.54005E-2 7.53161E-2 6.82544E-2 7.5409E-2 6.42401E-2 5.50183E-2 5.60196E-2 1.67808E-2 2.38179E-2 1.88278E-2 4.06162E-3 2.2777E-3 3.32757E-3 2.46047E-3 1.88541E-3 1.45056E-3 1.60991E-3 1.55394E-3 1.46144E-3
1.33379E-1 1.09885E-1 8.24025E-2 7.69817E-2 8.65974E-2 1.06966E-1 1.19279E-1 1.2555E-1 9.61391E-2 1.21269E-1 9.5565E-2 1.26907E-1 1.00428E-1 1.32118E-1 9.64383E-2 1.11433E-1 1.26233E-1 1.17554E-1 1.09396E-1 9.14944E-2 8.19579E-2 7.46445E-2 6.8333E-2 4.8528E-2 5.84163E-2 6.35417E-2 4.17267E-2 3.56329E-2 3.36333E-2 2.72418E-2 4.01302E-2 2.74783E-2 2.52024E-2 2.50833E-2 2.32172E-2 3.97483E-2 3.64736E-2 5.10077E-2 4.2029E-2 4.52654E-2 3.78433E-2 3.48422E-2 6.99247E-2 8.59465E-2 8.78586E-2 1.02218E-1 8.85135E-2 6.68146E-2 4.74853E-2 1.69021E-2 3.47067E-2 1.75692E-2 2.97061E-3 1.8976E-3 2.90267E-3 2.07092E-3 1.68325E-3 1.35579E-3 1.27901E-3 1.71655E-3 1.74873E-3
1.16877E-1 1.04702E-1 9.38072E-2 8.58497E-2 9.42943E-2 1.26138E-1 1.08002E-1 1.42949E-1 1.62313E-1 1.23834E-1 1.39628E-1 1.15053E-1 1.16293E-1 8.70669E-2 8.37532E-2 1.10368E-1 1.23349E-1 1.12623E-1 1.04872E-1 8.86402E-2 7.46219E-2 7.44996E-2 5.11997E-2 4.2808E-2 3.68413E-2 3.95398E-2 2.99745E-2 3.13184E-2 2.15059E-2 2.80664E-2 3.21701E-2 2.53032E-2 2.03591E-2 2.47473E-2 3.34914E-2 3.31006E-2 4.81548E-2 3.41733E-2 2.51717E-2 3.00308E-2 4.5049E-2 5.78303E-2 1.21947E-1 1.22574E-1 1.14429E-1 1.44283E-1 1.25713E-1 8.18887E-2 5.20399E-2 2.20497E-2 1.39048E-2 5.37469E-3 2.42516E-3 2.48655E-3 2.3467E-3 2.22005E-3 1.96608E-3 1.4018E-3 1.49154E-3 1.96853E-3 2.40463E-3
1.41265E-1 1.17702E-1 1.07162E-1 8.99679E-2 7.9404E-2 1.08877E-1 1.5509E-1 1.61361E-1 1.14836E-1 1.26886E-1 1.41878E-1 9.74125E-2 1.52086E-1 1.21429E-1 1.58297E-1 1.34874E-1 1.24286E-1 1.01504E-1 9.36517E-2 8.23763E-2 8.93134E-2 8.45877E-2 4.89589E-2 3.99047E-2 3.40666E-2 3.38004E-2 2.93257E-2 2.06431E-2 2.95927E-2 2.39608E-2 2.16497E-2 2.50821E-2 1.88621E-2 3.07259E-2 3.73617E-2 2.73588E-2 5.38303E-2 3.59005E-2 4.14482E-2 4.40142E-2 8.20747E-2 1.89096E-1 2.23944E-1 1.87387E-1 1.79932E-1 2.14461E-1 1.76227E-1 8.68821E-2 5.33573E-2 2.32652E-2 1.7897E-2 4.62806E-3 2.8777E-3 3.33904E-3 3.06542E-3 2.90867E-3 2.91277E-3 2.6058E-3 2.69446E-3 3.12191E-3 3.28242E-3
1.54299E-1 1.42242E-1 1.45662E-1 1.66289E-1 1.60466E-1 1.74485E-1 1.01744E-1 9.43867E-2 1.96091E-1 9.35058E-2 8.89336E-2 8.62061E-2 1.58849E-1 1.42737E-1 1.30262E-1 1.13365E-1 1.29499E-1 1.30014E-1 1.08792E-1 1.0036E-1 7.87154E-2 6.88417E-2 4.79161E-2 4.53957E-2 3.95549E-2 3.33828E-2 3.22659E-2 2.40083E-2 2.51738E-2 2.66978E-2 1.98736E-2 1.4838E-2 2.05072E-2 2.72002E-2 2.76714E-2 2.93332E-2 5.22044E-2 4.59053E-2 5.63758E-2 8.36342E-2 1.13797E-1 2.24462E-1 2.85503E-1 3.35729E-1 2.75762E-1 3.08076E-1 3.72928E-1 4.80973E-2 3.4645E-2 1.79625E-2 1.69392E-2 6.20003E-3 3.10292E-3 3.66738E-3 3.68841E-3 4.03491E-3 3.9322E-3 3.82944E-3 3.33937E-3 3.64916E-3 4.11044E-3
1.58005E-1 1.64149E-1 1.71431E-1 2.07324E-1 2.06344E-1 1.28086E-1 7.25771E-2 1.4913E-1 1.68531E-1 8.51172E-2 1.08737E-1 1.18427E-1 1.57333E-1 7.83504E-2 1.47049E-1 1.41322E-1 1.34591E-1 1.01574E-1 8.60001E-2 7.52745E-2 7.82249E-2 6.05405E-2 5.67394E-2 4.54831E-2 3.69948E-2 4.15433E-2 3.95634E-2 2.07834E-2 1.55262E-2 2.58346E-2 2.85917E-2 1.96678E-2 3.07977E-2 2.08499E-2 2.45469E-2 3.77548E-2 3.26027E-2 5.25182E-2 8.7546E-2 7.54485E-2 1.04626E-1 2.26452E-1 2.83182E-1 3.50016E-1 4.30192E-1 4.56155E-1 2.56237E-1 1.85761E-1 5.41097E-2 2.83472E-2 2.01111E-2 8.51451E-3 4.22931E-3 3.49875E-3 4.47392E-3 4.25228E-3 4.08556E-3 3.78216E-3 3.03428E-3 3.94934E-3 4.24362E-3
2.66213E-1 1.72675E-1 2.10493E-1 2.31893E-1 1.01259E-1 9.79975E-2 6.69123E-2 1.61983E-1 9.96026E-2 6.86888E-2 9.16458E-2 8.71955E-2 1.08038E-1 6.33863E-2 1.4975E-1 9.03775E-2 6.69222E-2 1.39911E-1 9.13355E-2 9.25439E-2 1.06747E-1 7.93544E-2 6.13483E-2 5.0457E-2 5.72831E-2 4.8785E-2 3.41887E-2 2.08649E-2 3.48864E-2 3.29929E-2 2.97371E-2 4.12108E-2 2.08765E-2 3.51131E-2 4.77436E-2 6.04767E-2 5.43396E-2 7.95822E-2 1.01248E-1 1.11221E-1 8.21367E-2 1.06753E-1 2.57864E-1 3.37505E-1 3.42492E-1 5.01979E-1 3.87618E-1 2.62988E-1 5.96799E-2 4.85105E-2 3.354E-2 1.68973E-2 9.3702E-3 5.87057E-3 6.65376E-3 6.80635E-3 5.12825E-3 4.53753E-3 3.5429E-3 3.58607E-3 4.07295E-3
2.57274E-1 2.20636E-1 2.72124E-1 1.35322E-1 7.10466E-2 6.6406E-2 6.97915E-2 1.14303E-1 8.77468E-2 7.16531E-2 9.92754E-2 7.66533E-2 9.88271E-2 1.56731E-1 1.17665E-1 6.08887E-2 5.59738E-2 9.84299E-2 6.39899E-2 8.19794E-2 8.38398E-2 6.95544E-2 6.97951E-2 6.54732E-2 7.15876E-2 4.58571E-2 2.75155E-2 4.85066E-2 3.49666E-2 3.26944E-2 2.54912E-2 4.77979E-2 1.83121E-2 4.57757E-2 4.37972E-2 4.12347E-2 6.61364E-2 8.40232E-2 1.26435E-1 9.03781E-2 1.11529E-1 7.22454E-2 1.42759E-1 3.0961E-1 3.74055E-1 4.94813E-1 3.65406E-1 3.41215E-1 6.92378E-2 5.64345E-2 4.21825E-2 3.41863E-2 2.58041E-2 1.52551E-2 1.31514E-2 9.28861E-3 6.85019E-3 6.14591E-3 5.3804E-3 4.00107E-3 3.91013E-3
2.82585E-1 2.66536E-1 2.6085E-1 1.10846E-1 1.16683E-1 1.08288E-1 1.17429E-1 1.46098E-1 1.0673E-1 1.01192E-1 7.15198E-2 1.62168E-1 8.09921E-2 2.01401E-1 1.35078E-1 1.33589E-1 8.63631E-2 8.58923E-2 1.09888E-1 4.8951E-2 5.69727E-2 9.33389E-2 5.20426E-2 6.87823E-2 5.72932E-2 4.76296E-2 5.63884E-2 4.90952E-2 6.38262E-2 3.41643E-2 2.67446E-2 3.32849E-2 1.57254E-2 6.05625E-2 4.57733E-2 5.12512E-2 5.89029E-2 6.2464E-2 7.96098E-2 7.38002E-2 6.40655E-2 1.39085E-1 1.04508E-1 2.19878E-1 3.58846E-1 4.78235E-1 2.92544E-1 3.08665E-1 1.72388E-1 6.78522E-2 4.91913E-2 5.30715E-2 2.76405E-2 1.39907E-2 7.22014E-3 4.84907E-3 3.49469E-3 4.71031E-3 4.43796E-3 4.87128E-3 4.74099E-3
2.09997E-1 1.87222E-1 1.34568E-1 2.0833E-1 1.78833E-1 1.72005E-1 1.7245E-1 1.26333E-1 9.40077E-2 1.08832E-1 1.09809E-1 1.89098E-1 1.16486E-1 1.38094E-1 1.99282E-1 1.58335E-1 2.15056E-1 5.41684E-2 1.05604E-1 9.93837E-2 5.67618E-2 1.09109E-1 1.14561E-1 9.62014E-2 6.57552E-2 7.87379E-2 3.17001E-2 5.18549E-2 6.23673E-2 6.65538E-2 7.34509E-2 4.97233E-2 1.47969E-2 6.83944E-2 3.57273E-2 4.3184E-2 5.09636E-2 4.99425E-2 4.58528E-2 5.15609E-2 7.1051E-2 1.76021E-1 8.78192E-2 3.0113E-1 1.51894E-1 2.682E-1 2.82363E-1 2.47008E-1 1.22039E-1 3.92911E-2 5.43354E-2 4.90289E-2 3.26552E-2 1.92387E-2 1.35481E-2 1.42583E-2 1.46393E-2 1.3317E-2 1.16467E-2 9.52717E-3 6.22438E-3
