data/maxent/outputs/white_92.asc
ncols         426
nrows         180
xllcorner     -130.0
yllcorner     24.0
cellsize      0.16666666666666666
NODATA_value  -9999
[rows 27 to 53 of 180, columns 305 to 365 of 426]
1.32101E-3 1.27528E-3 1.24295E-3 1.247E-3 1.14842E-3 1.2264E-3 1.23668E-3 1.22835E-3 1.28086E-3 1.31321E-3 1.30623E-3 1.1979E-3 1.04436E-3 1.10031E-3 1.19239E-3 1.26163E-3 1.3385E-3 1.2719E-3 1.24353E-3 1.28233E-3 1.27184E-3 1.26007E-3 1.33443E-3 1.39802E-3 1.26899E-3 1.33155E-3 1.40023E-3 1.2663E-3 1.3457E-3 1.41253E-3 1.3128E-3 1.2339E-3 1.2445E-3 1.23489E-3 1.35128E-3 1.05751E-3 1.29217E-3 1.39222E-3 1.60204E-3 1.62264E-3 1.60641E-3 1.90242E-3 2.0132E-3 2.02376E-3 1.80306E-3 1.67957E-3 1.76954E-3 2.11065E-3 1.64702E-3 1.57637E-3 1.43567E-3 1.44608E-3 1.28581E-3 1.25483E-3 1.52742E-3 1.77923E-3 1.67243E-3 2.25038E-3 1.52702E-3 1.83849E-3 2.2569E-3
1.40473E-3 1.3351E-3 1.25372E-3 1.1978E-3 1.14012E-3 1.22473E-3 1.23511E-3 1.2161E-3 1.20483E-3 1.29849E-3 1.40548E-3 1.41336E-3 1.29265E-3 1.19424E-3 1.22854E-3 1.267E-3 1.33161E-3 1.22559E-3 1.20261E-3 1.1801E-3 1.1176E-3 1.19139E-3 1.28025E-3 1.32385E-3 1.27339E-3 1.44712E-3 1.35133E-3 1.33408E-3 1.38464E-3 1.4328E-3 1.46439E-3 1.36583E-3 1.42766E-3 1.37869E-3 1.36967E-3 1.35749E-3 1.41481E-3 1.56188E-3 1.7507E-3 1.9477E-3 1.93215E-3 2.18243E-3 2.32503E-3 2.27651E-3 1.98133E-3 1.52842E-3 1.89306E-3 2.32124E-3 1.84317E-3 1.41777E-3 1.19936E-3 1.32678E-3 1.35164E-3 1.21761E-3 1.58889E-3 1.80744E-3 1.76551E-3 2.26099E-3 2.60952E-3 3.78623E-3 3.7326E-3
1.6724E-3 1.50928E-3 1.31838E-3 1.22807E-3 1.23361E-3 1.34079E-3 1.39073E-3 1.37547E-3 1.40485E-3 1.55204E-3 1.57842E-3 1.65129E-3 1.70823E-3 1.68299E-3 1.33193E-3 1.22539E-3 1.15036E-3 1.21202E-3 1.18886E-3 1.18632E-3 1.17818E-3 1.18564E-3 1.23326E-3 1.31486E-3 1.29121E-3 1.26975E-3 1.34281E-3 1.34891E-3 1.36978E-3 1.3772E-3 1.40635E-3 1.43038E-3 1.49169E-3 1.48509E-3 1.4525E-3 1.55271E-3 1.78556E-3 1.87959E-3 2.07369E-3 2.32275E-3 2.44079E-3 2.46832E-3 2.58609E-3 2.59225E-3 2.62971E-3 2.51697E-3 2.20489E-3 2.52339E-3 2.54775E-3 1.68005E-3 1.17774E-3 1.26947E-3 1.4802E-3 1.63581E-3 1.71652E-3 1.86965E-3 2.19055E-3 2.42582E-3 2.6312E-3 4.15676E-3 5.91248E-3
1.72728E-3 1.65041E-3 1.36891E-3 1.53688E-3 1.49192E-3 1.27651E-3 1.42681E-3 1.5122E-3 1.54388E-3 1.76131E-3 1.80049E-3 1.75361E-3 1.77444E-3 1.53342E-3 1.33404E-3 1.31887E-3 1.28382E-3 1.322E-3 1.19827E-3 1.29173E-3 1.33472E-3 1.38901E-3 1.35456E-3 1.31579E-3 1.2933E-3 1.31989E-3 1.37331E-3 1.39169E-3 1.48261E-3 1.39928E-3 1.37218E-3 1.4142E-3 1.36787E-3 1.26993E-3 1.44856E-3 1.60915E-3 1.83629E-3 2.26133E-3 2.32244E-3 2.62542E-3 2.86145E-3 3.13029E-3 2.84668E-3 2.9944E-3 3.08151E-3 3.29357E-3 3.34834E-3 2.564E-3 2.59036E-3 1.15693E-3 9.81238E-4 1.20124E-3 1.48277E-3 1.60507E-3 1.97282E-3 1.93075E-3 2.78454E-3 3.61093E-3 5.77655E-3 6.49369E-3 1.03998E-2
2.10041E-3 2.16508E-3 1.63402E-3 1.54161E-3 1.48888E-3 1.41865E-3 1.72894E-3 1.81441E-3 1.946E-3 1.90785E-3 1.9467E-3 1.87239E-3 2.10906E-3 2.0685E-3 1.53961E-3 1.39213E-3 1.37005E-3 1.35595E-3 1.3575E-3 1.40088E-3 1.58909E-3 1.51476E-3 1.46581E-3 1.51415E-3 1.59032E-3 1.71082E-3 1.80908E-3 1.8876E-3 1.57342E-3 1.50001E-3 1.35675E-3 1.48471E-3 1.36214E-3 1.17093E-3 1.29084E-3 1.39667E-3 1.67834E-3 2.28904E-3 2.90679E-3 3.50559E-3 3.79932E-3 4.53312E-3 4.24213E-3 4.16583E-3 4.05352E-3 3.67684E-3 3.82578E-3 3.41621E-3 2.96699E-3 1.44925E-3 1.09507E-3 1.13272E-3 1.14865E-3 1.26937E-3 1.67319E-3 2.43926E-3 4.16787E-3 6.29525E-3 8.30032E-3 1.05263E-2 1.3194E-2
2.60891E-3 2.67367E-3 2.65053E-3 2.40585E-3 1.98046E-3 1.89699E-3 2.05805E-3 1.65861E-3 1.89822E-3 2.27241E-3 1.99903E-3 2.12719E-3 2.73012E-3 1.97664E-3 1.60766E-3 1.72262E-3 1.72232E-3 1.59635E-3 1.65166E-3 1.87799E-3 1.89205E-3 1.82333E-3 1.70542E-3 1.98162E-3 2.08569E-3 2.13326E-3 2.37334E-3 2.31725E-3 2.03084E-3 1.68489E-3 1.76997E-3 1.68029E-3 1.49603E-3 1.24239E-3 1.35974E-3 1.48237E-3 1.48341E-3 2.03824E-3 2.70156E-3 3.96438E-3 5.38104E-3 7.27019E-3 5.17531E-3 4.96221E-3 6.50542E-3 5.65187E-3 5.0256E-3 4.69474E-3 4.72503E-3 4.15471E-3 2.37224E-3 1.43846E-3 1.25476E-3 1.43008E-3 2.46706E-3 3.83879E-3 4.76367E-3 7.89235E-3 1.30791E-2 1.61433E-2 1.89793E-2
3.31602E-3 3.33432E-3 3.50949E-3 3.88505E-3 3.85863E-3 3.68185E-3 3.42213E-3 2.5721E-3 2.50247E-3 2.37105E-3 2.46877E-3 2.82342E-3 2.81782E-3 2.12562E-3 1.88619E-3 2.1075E-3 2.13018E-3 1.79821E-3 1.68246E-3 1.73559E-3 1.79859E-3 2.01913E-3 2.18582E-3 2.3785E-3 2.54019E-3 2.08609E-3 2.17765E-3 2.34559E-3 2.23795E-3 2.31006E-3 2.3072E-3 1.97414E-3 1.74251E-3 1.51262E-3 1.44539E-3 1.68222E-3 1.88015E-3 2.31034E-3 2.60819E-3 3.00758E-3 4.0204E-3 5.35271E-3 6.88528E-3 7.57283E-3 7.11233E-3 6.65836E-3 6.60651E-3 7.50277E-3 8.3859E-3 9.53347E-3 8.4387E-3 6.2689E-3 4.91662E-3 3.32669E-3 3.84324E-3 6.46472E-3 8.04247E-3 1.08822E-2 1.77829E-2 2.13221E-2 -9999
4.62535E-3 4.49188E-3 4.66635E-3 5.01375E-3 5.20194E-3 5.11687E-3 4.82595E-3 3.66823E-3 3.4143E-3 3.39471E-3 4.00165E-3 3.42136E-3 2.71942E-3 2.37332E-3 2.27297E-3 2.02118E-3 2.1154E-3 2.00267E-3 2.14471E-3 1.96182E-3 2.17531E-3 2.15697E-3 2.17541E-3 2.51616E-3 2.59565E-3 2.24582E-3 2.14207E-3 2.30851E-3 2.23284E-3 2.15265E-3 2.23451E-3 2.30437E-3 1.97493E-3 1.79939E-3 1.85782E-3 1.97467E-3 2.33611E-3 3.59607E-3 3.31971E-3 3.4531E-3 3.79818E-3 4.52274E-3 4.42489E-3 4.62902E-3 4.42539E-3 4.612E-3 5.24933E-3 5.60486E-3 6.19665E-3 7.02138E-3 6.31656E-3 5.76415E-3 5.44235E-3 8.21215E-3 1.28659E-2 1.8377E-2 1.34304E-2 1.69603E-2 1.90135E-2 -9999 3.4626E-2
4.86263E-3 5.41136E-3 5.11046E-3 4.79863E-3 4.77268E-3 4.83718E-3 5.61247E-3 5.71015E-3 4.88713E-3 3.85012E-3 4.17077E-3 4.20636E-3 4.01473E-3 3.39832E-3 2.75012E-3 2.67618E-3 2.32927E-3 2.36438E-3 2.51321E-3 2.68075E-3 2.62431E-3 2.5073E-3 2.6645E-3 2.96666E-3 2.52818E-3 2.43359E-3 2.66388E-3 2.66929E-3 2.47457E-3 2.28726E-3 2.49845E-3 3.05369E-3 2.78998E-3 2.38339E-3 2.74613E-3 3.08446E-3 3.74312E-3 4.30312E-3 4.49377E-3 4.08457E-3 3.96184E-3 3.8812E-3 3.49614E-3 4.07859E-3 4.0865E-3 3.4938E-3 3.26398E-3 3.0018E-3 3.84237E-3 4.45445E-3 4.75481E-3 4.55578E-3 3.5815E-3 5.28435E-3 1.01314E-2 1.66754E-2 2.62369E-2 3.10493E-2 4.65733E-2 3.22653E-2 2.31012E-2
5.80864E-3 6.12261E-3 6.54898E-3 6.57562E-3 6.30842E-3 5.74736E-3 5.92022E-3 5.23811E-3 5.23036E-3 4.5805E-3 4.71883E-3 4.85341E-3 4.32542E-3 4.04158E-3 3.59168E-3 3.3775E-3 3.4188E-3 3.32488E-3 3.21245E-3 3.22057E-3 3.19796E-3 3.17897E-3 3.36783E-3 3.31574E-3 2.91756E-3 2.78251E-3 3.30417E-3 3.24109E-3 3.13867E-3 3.10084E-3 3.37694E-3 3.52781E-3 3.69678E-3 3.77295E-3 4.24496E-3 4.28141E-3 5.21066E-3 5.75903E-3 6.60619E-3 6.08608E-3 4.78145E-3 4.37899E-3 3.96555E-3 3.70088E-3 3.63071E-3 2.62045E-3 2.11824E-3 2.09409E-3 1.95154E-3 2.60586E-3 3.04281E-3 3.19103E-3 5.37101E-3 5.19152E-3 9.96015E-3 2.08951E-2 3.21154E-2 5.70553E-2 3.73451E-2 2.02893E-2 1.57251E-2
7.20105E-3 7.35628E-3 7.64106E-3 7.02913E-3 6.85979E-3 6.98391E-3 6.93873E-3 6.5751E-3 6.1039E-3 6.10374E-3 5.86518E-3 5.10246E-3 4.482E-3 4.39937E-3 4.17239E-3 4.15961E-3 4.2563E-3 4.1106E-3 3.74002E-3 3.57952E-3 3.81833E-3 3.77279E-3 3.96635E-3 3.84826E-3 3.47659E-3 3.55976E-3 3.5614E-3 3.42056E-3 3.4731E-3 3.68212E-3 4.01583E-3 4.52879E-3 4.12565E-3 4.53863E-3 5.48393E-3 6.48439E-3 6.49063E-3 7.57698E-3 7.69202E-3 7.0014E-3 5.7213E-3 4.65562E-3 4.34397E-3 4.22667E-3 3.69668E-3 2.72073E-3 2.07293E-3 2.34678E-3 2.02054E-3 2.49375E-3 3.11294E-3 4.47777E-3 1.3462E-2 1.17834E-2 1.15546E-2 2.25475E-2 6.07872E-2 3.76776E-2 2.83556E-2 1.55454E-2 1.31257E-2
8.5734E-3 8.4958E-3 8.88469E-3 8.21398E-3 7.30242E-3 7.0571E-3 7.30225E-3 7.00189E-3 6.9676E-3 6.70324E-3 6.56961E-3 6.22836E-3 5.44491E-3 5.35962E-3 4.65122E-3 4.82421E-3 4.60186E-3 4.18088E-3 4.20314E-3 4.34088E-3 4.10297E-3 4.2237E-3 4.68594E-3 4.64385E-3 4.74123E-3 4.50863E-3 3.91598E-3 3.81125E-3 4.13671E-3 4.5369E-3 5.31865E-3 5.4132E-3 4.56784E-3 5.00826E-3 6.80883E-3 7.23165E-3 8.02754E-3 8.64313E-3 9.24729E-3 6.89551E-3 5.81182E-3 5.8136E-3 5.03251E-3 4.59959E-3 3.69815E-3 2.78074E-3 2.62649E-3 2.61528E-3 2.67238E-3 3.23409E-3 4.42501E-3 1.76345E-2 1.43801E-2 1.57793E-2 2.02314E-2 6.11303E-2 4.38223E-2 2.92794E-2 1.79101E-2 1.68868E-2 1.61837E-2
9.9877E-3 9.61223E-3 9.1083E-3 8.66617E-3 7.96957E-3 7.59331E-3 7.24441E-3 7.37903E-3 7.20577E-3 7.05737E-3 6.67059E-3 7.12503E-3 6.64519E-3 6.59313E-3 6.16178E-3 6.59072E-3 5.91142E-3 4.92286E-3 5.16612E-3 4.85257E-3 4.88577E-3 4.87314E-3 5.36266E-3 5.21335E-3 5.77767E-3 5.07979E-3 4.79789E-3 5.40264E-3 6.42921E-3 6.70759E-3 4.91637E-3 5.67937E-3 5.4712E-3 5.63514E-3 7.25402E-3 9.05635E-3 9.8437E-3 9.10873E-3 1.17435E-2 8.22572E-3 7.2884E-3 7.22899E-3 6.57604E-3 5.10808E-3 3.92879E-3 3.67271E-3 3.84985E-3 3.37238E-3 3.07111E-3 3.37674E-3 6.26052E-3 2.08747E-2 3.40062E-2 2.39616E-2 7.6603E-2 4.27974E-2 2.58521E-2 1.69897E-2 1.46083E-2 1.97971E-2 2.24937E-2
1.16424E-2 1.10236E-2 1.006E-2 9.46791E-3 8.69332E-3 8.64827E-3 7.82259E-3 7.85423E-3 7.45962E-3 7.40236E-3 6.9958E-3 7.05936E-3 6.98829E-3 6.61098E-3 6.33478E-3 7.5556E-3 6.34211E-3 6.09187E-3 5.91958E-3 6.1188E-3 5.93726E-3 6.5648E-3 6.41681E-3 5.94776E-3 6.29097E-3 6.10521E-3 5.80021E-3 5.4849E-3 5.86551E-3 6.32813E-3 5.66675E-3 5.97228E-3 5.94537E-3 6.66715E-3 7.32527E-3 8.11274E-3 1.09407E-2 1.35511E-2 1.08914E-2 9.9474E-3 8.81627E-3 8.84546E-3 6.35377E-3 5.00853E-3 4.72135E-3 4.69187E-3 5.7704E-3 5.47005E-3 6.21183E-3 7.50037E-3 1.57761E-2 1.67475E-2 -9999 5.71991E-2 3.46672E-2 2.73312E-2 1.4536E-2 1.19889E-2 1.68023E-2 2.12799E-2 2.15138E-2
1.43361E-2 1.25346E-2 1.16417E-2 1.09123E-2 1.07636E-2 1.00649E-2 9.20192E-3 9.03287E-3 8.62726E-3 8.13698E-3 7.59457E-3 7.50382E-3 7.44632E-3 7.07206E-3 7.04435E-3 6.87712E-3 7.35096E-3 7.63855E-3 7.84383E-3 9.0892E-3 1.06178E-2 1.01173E-2 1.05618E-2 8.55137E-3 8.32038E-3 7.26324E-3 6.45089E-3 6.01776E-3 5.38199E-3 5.79024E-3 6.41494E-3 7.66438E-3 7.6586E-3 7.14648E-3 7.81794E-3 9.58492E-3 1.13169E-2 1.44976E-2 1.38248E-2 1.4421E-2 1.10846E-2 1.10136E-2 8.54251E-3 8.03505E-3 8.12185E-3 1.06122E-2 1.39721E-2 1.16633E-2 1.54679E-2 2.41474E-2 2.69672E-2 7.74023E-2 5.30401E-2 3.03302E-2 1.84678E-2 1.97405E-2 1.46205E-2 1.31721E-2 1.95252E-2 2.13779E-2 2.39816E-2
1.78176E-2 1.66846E-2 1.4249E-2 1.30111E-2 1.24849E-2 1.08741E-2 1.03483E-2 1.17243E-2 9.58183E-3 8.46321E-3 8.04722E-3 8.88084E-3 7.74408E-3 7.65761E-3 7.95604E-3 9.18233E-3 9.8406E-3 1.20914E-2 1.35018E-2 1.45019E-2 1.56444E-2 1.55582E-2 1.36339E-2 1.15733E-2 1.07823E-2 8.40154E-3 7.39662E-3 6.5881E-3 5.83551E-3 7.09363E-3 7.84886E-3 8.76928E-3 8.7404E-3 1.02251E-2 1.11332E-2 1.21979E-2 1.52711E-2 1.98651E-2 2.05615E-2 1.8092E-2 1.71158E-2 1.68799E-2 1.53802E-2 1.60405E-2 2.03092E-2 2.36948E-2 3.31845E-2 4.01773E-2 3.72892E-2 4.11512E-2 3.98649E-2 3.3568E-2 2.43091E-2 2.06663E-2 1.89266E-2 1.97841E-2 1.90761E-2 1.99032E-2 2.05246E-2 2.14322E-2 2.04744E-2
2.1319E-2 1.86256E-2 1.67383E-2 1.58707E-2 1.47601E-2 1.25268E-2 1.18177E-2 1.21446E-2 1.18287E-2 1.03464E-2 1.09378E-2 1.18751E-2 1.05971E-2 1.11205E-2 1.11514E-2 1.27742E-2 1.73309E-2 2.03796E-2 2.08023E-2 2.22415E-2 2.23774E-2 1.6931E-2 1.53035E-2 1.60666E-2 1.4874E-2 1.08913E-2 9.47507E-3 8.08043E-3 7.63812E-3 8.32434E-3 1.0161E-2 1.31572E-2 1.31059E-2 1.04995E-2 1.26443E-2 1.39105E-2 1.67421E-2 2.04461E-2 2.82661E-2 2.36625E-2 2.42365E-2 2.56269E-2 2.76105E-2 2.99991E-2 3.24501E-2 3.75881E-2 4.86308E-2 6.07829E-2 3.78909E-2 3.17235E-2 2.46606E-2 2.19042E-2 1.8992E-2 1.69318E-2 2.19632E-2 2.17325E-2 2.23275E-2 2.266E-2 2.26288E-2 2.2964E-2 1.83799E-2
2.29155E-2 2.32598E-2 2.05835E-2 1.59718E-2 1.70735E-2 1.62562E-2 1.42562E-2 1.44739E-2 1.46921E-2 1.26429E-2 1.37139E-2 1.71076E-2 1.74231E-2 1.64119E-2 1.61835E-2 1.8309E-2 2.41526E-2 2.54959E-2 2.78564E-2 2.81699E-2 2.58474E-2 2.20813E-2 2.1925E-2 2.16403E-2 1.85476E-2 1.63873E-2 1.66471E-2 1.22267E-2 1.06635E-2 1.15822E-2 1.2767E-2 1.24965E-2 1.21706E-2 1.23316E-2 1.48551E-2 2.12254E-2 2.41888E-2 3.24991E-2 4.49122E-2 3.44427E-2 3.46566E-2 4.54559E-2 4.9373E-2 4.91097E-2 4.6736E-2 4.37159E-2 4.5296E-2 4.23879E-2 3.52143E-2 2.68379E-2 2.30167E-2 1.57943E-2 1.31173E-2 2.01499E-2 2.22165E-2 2.39993E-2 2.4576E-2 2.34495E-2 2.49393E-2 2.29492E-2 2.19429E-2
1.91886E-2 2.57587E-2 2.96798E-2 2.1683E-2 2.06357E-2 1.78596E-2 1.69509E-2 1.94969E-2 2.16632E-2 1.85262E-2 2.01822E-2 2.29541E-2 2.35895E-2 2.25192E-2 2.23362E-2 2.48549E-2 3.16463E-2 3.29119E-2 3.69184E-2 3.64722E-2 3.39375E-2 3.19727E-2 3.04438E-2 2.39517E-2 2.37504E-2 2.27005E-2 2.20247E-2 1.51199E-2 1.17198E-2 1.4469E-2 1.84728E-2 1.89894E-2 1.6884E-2 2.05999E-2 2.82421E-2 3.48188E-2 3.9677E-2 4.86821E-2 6.14285E-2 6.2855E-2 5.32128E-2 6.27032E-2 5.39907E-2 5.00851E-2 4.93591E-2 4.71306E-2 4.61456E-2 3.82216E-2 3.09444E-2 2.73732E-2 2.0725E-2 1.94149E-2 1.76449E-2 2.14915E-2 2.32619E-2 2.46051E-2 2.25646E-2 2.58501E-2 2.79708E-2 2.94781E-2 2.90328E-2
2.48693E-2 2.95978E-2 3.00882E-2 2.87731E-2 3.03602E-2 2.93753E-2 2.88603E-2 3.08996E-2 3.39182E-2 3.10931E-2 2.54833E-2 2.89485E-2 3.06349E-2 3.30653E-2 3.53722E-2 3.31079E-2 3.80187E-2 4.12702E-2 4.47457E-2 4.85575E-2 4.09892E-2 3.96587E-2 3.34419E-2 3.12866E-2 3.15508E-2 2.66338E-2 2.57761E-2 2.13191E-2 1.85703E-2 2.09094E-2 2.90298E-2 3.18998E-2 3.58084E-2 4.37198E-2 5.0458E-2 5.70659E-2 6.47455E-2 7.02514E-2 8.5642E-2 8.45523E-2 6.63524E-2 5.92447E-2 5.96492E-2 5.70197E-2 5.08464E-2 4.38357E-2 3.78883E-2 2.74172E-2 2.3532E-2 3.34512E-2 3.51088E-2 2.68004E-2 2.33518E-2 2.0477E-2 2.0936E-2 2.40678E-2 2.57237E-2 3.36548E-2 3.43471E-2 3.40183E-2 3.87534E-2
2.60583E-2 3.11923E-2 2.93474E-2 2.74972E-2 2.8889E-2 2.74564E-2 2.96684E-2 3.4051E-2 3.94279E-2 4.22405E-2 3.96364E-2 3.70452E-2 3.77986E-2 4.37755E-2 4.57335E-2 4.37326E-2 4.25886E-2 5.03314E-2 5.95339E-2 5.80586E-2 5.09136E-2 4.82175E-2 4.3293E-2 4.02103E-2 3.97562E-2 3.42675E-2 3.17272E-2 3.20057E-2 2.6669E-2 3.35165E-2 3.79809E-2 4.92581E-2 6.00455E-2 6.57877E-2 7.16622E-2 8.12913E-2 1.10963E-1 1.01312E-1 9.08052E-2 9.1052E-2 7.91271E-2 7.03329E-2 6.80604E-2 6.01375E-2 4.29986E-2 3.81454E-2 3.7281E-2 3.10357E-2 3.19462E-2 3.70315E-2 4.0651E-2 3.98383E-2 2.59623E-2 1.72243E-2 2.18446E-2 2.42083E-2 3.08075E-2 3.62553E-2 3.94625E-2 3.65387E-2 3.56167E-2
3.14525E-2 3.04195E-2 3.15087E-2 3.44941E-2 3.23388E-2 3.37419E-2 3.505E-2 3.71509E-2 4.13128E-2 4.57212E-2 5.10693E-2 7.19282E-2 5.86445E-2 5.93273E-2 6.14493E-2 5.43385E-2 5.65548E-2 6.18229E-2 6.7148E-2 6.39329E-2 5.8017E-2 5.77482E-2 4.69007E-2 4.73239E-2 5.66693E-2 4.70134E-2 4.61321E-2 4.4949E-2 3.80294E-2 4.76421E-2 6.62116E-2 7.76455E-2 8.5923E-2 7.85817E-2 9.75184E-2 1.2058E-1 1.16707E-1 1.00117E-1 9.21065E-2 1.07269E-1 1.01952E-1 8.81441E-2 7.77259E-2 5.81067E-2 4.14184E-2 3.71174E-2 4.68284E-2 4.20448E-2 4.01663E-2 3.83747E-2 3.88015E-2 3.95095E-2 3.16149E-2 2.17377E-2 2.89919E-2 3.59319E-2 3.93721E-2 4.27523E-2 4.45279E-2 4.52762E-2 4.01929E-2
3.57032E-2 3.37087E-2 3.78708E-2 4.08898E-2 4.26433E-2 3.73859E-2 3.58335E-2 4.05332E-2 5.30411E-2 5.55468E-2 6.35604E-2 6.95742E-2 7.45091E-2 7.88408E-2 8.20393E-2 7.54735E-2 6.34164E-2 6.68081E-2 6.92846E-2 7.12486E-2 6.46501E-2 6.96376E-2 6.16123E-2 6.35267E-2 6.88933E-2 6.79675E-2 6.34553E-2 5.80038E-2 6.46618E-2 7.66278E-2 1.05247E-1 1.1172E-1 1.12415E-1 1.32627E-1 1.62357E-1 1.41936E-1 1.32107E-1 1.23212E-1 1.12855E-1 1.12619E-1 1.02781E-1 8.78104E-2 7.29216E-2 5.67865E-2 5.11546E-2 5.23309E-2 5.90473E-2 4.9502E-2 4.24064E-2 3.84807E-2 4.58085E-2 4.09481E-2 3.02088E-2 3.14061E-2 3.6704E-2 4.38571E-2 5.527E-2 4.91898E-2 4.3121E-2 5.39493E-2 7.80162E-2
4.86458E-2 4.19745E-2 4.5687E-2 4.76131E-2 4.67391E-2 4.53593E-2 4.49234E-2 4.81387E-2 5.72485E-2 7.23146E-2 8.05803E-2 7.99664E-2 8.52804E-2 8.86009E-2 8.84763E-2 9.1773E-2 7.93004E-2 8.09462E-2 9.08436E-2 8.54334E-2 9.13637E-2 9.4793E-2 9.86611E-2 1.01727E-1 1.01501E-1 1.02679E-1 9.99304E-2 9.73757E-2 1.00527E-1 1.12245E-1 1.22749E-1 1.70023E-1 2.35749E-1 2.74837E-1 2.40807E-1 1.99619E-1 1.69969E-1 1.60294E-1 1.38943E-1 1.30284E-1 1.06088E-1 8.67053E-2 7.76732E-2 6.78779E-2 5.82481E-2 7.09256E-2 6.71312E-2 5.2596E-2 4.33724E-2 4.64723E-2 4.49858E-2 4.5934E-2 4.71051E-2 4.58877E-2 4.16513E-2 4.83242E-2 6.25726E-2 6.22958E-2 4.41363E-2 4.72914E-2 7.61678E-2
7.52737E-2 5.77371E-2 5.33923E-2 5.09511E-2 5.33034E-2 5.29079E-2 4.98834E-2 6.2593E-2 7.36455E-2 7.40023E-2 6.37051E-2 6.81961E-2 8.59345E-2 9.36725E-2 9.4892E-2 8.86702E-2 8.40216E-2 9.4415E-2 1.10019E-1 1.31984E-1 1.77391E-1 1.65271E-1 1.31152E-1 1.25943E-1 1.28769E-1 1.28873E-1 1.30225E-1 1.30115E-1 1.25045E-1 1.43253E-1 1.6663E-1 2.2675E-1 2.70831E-1 2.75142E-1 2.42869E-1 2.11305E-1 1.79315E-1 1.67917E-1 1.52696E-1 1.25546E-1 9.99757E-2 8.12112E-2 7.80811E-2 9.69941E-2 8.31377E-2 8.4284E-2 6.40526E-2 5.39452E-2 4.24504E-2 5.12649E-2 4.90541E-2 3.08747E-2 4.15555E-2 5.34357E-2 4.92534E-2 6.32523E-2 5.54627E-2 6.53963E-2 8.21126E-2 1.04222E-1 1.33631E-1
1.04328E-1 8.83798E-2 8.48028E-2 7.94275E-2 7.11246E-2 6.42326E-2 6.46174E-2 6.52752E-2 8.06361E-2 8.24316E-2 7.72505E-2 8.24834E-2 7.38024E-2 8.76532E-2 1.09133E-1 1.14378E-1 1.06638E-1 1.05912E-1 1.03881E-1 1.43769E-1 1.69535E-1 1.56772E-1 1.57068E-1 1.56377E-1 1.53479E-1 1.59786E-1 1.63945E-1 1.73586E-1 1.86467E-1 1.82893E-1 2.14991E-1 2.37618E-1 2.38894E-1 2.14881E-1 1.95071E-1 2.00238E-1 1.84592E-1 1.76997E-1 1.7215E-1 1.35232E-1 1.03304E-1 1.09312E-1 1.05988E-1 9.39644E-2 8.32367E-2 6.84256E-2 5.79127E-2 4.09551E-2 3.67825E-2 3.25467E-2 3.51041E-2 5.36668E-2 6.72517E-2 7.65195E-2 7.66892E-2 7.13837E-2 6.32546E-2 9.49184E-2 1.42063E-1 1.59591E-1 1.69035E-1
1.17296E-1 1.14234E-1 1.12541E-1 1.11249E-1 9.7499E-2 8.69497E-2 9.42139E-2 9.60858E-2 9.87268E-2 9.24623E-2 8.76817E-2 8.36885E-2 9.07681E-2 8.93391E-2 1.04978E-1 1.27589E-1 1.38881E-1 1.43698E-1 1.38904E-1 1.62156E-1 1.92416E-1 2.01566E-1 2.03907E-1 1.98237E-1 2.01386E-1 2.30159E-1 2.47674E-1 2.63745E-1 2.65008E-1 2.61059E-1 2.49624E-1 2.27661E-1 2.11231E-1 1.74885E-1 1.56175E-1 1.80466E-1 1.81437E-1 1.87847E-1 1.51475E-1 1.27032E-1 1.3003E-1 1.34033E-1 1.16905E-1 7.54616E-2 6.67537E-2 5.62664E-2 5.15335E-2 4.32281E-2 4.17775E-2 4.42461E-2 4.3036E-2 5.02843E-2 5.43701E-2 7.7371E-2 9.89983E-2 1.22837E-1 9.94446E-2 1.30184E-1 1.6238E-1 1.77435E-1 2.01213E-1
