data/maxent/outputs/white_29.asc
ncols         426
nrows         180
xllcorner     -130.0
yllcorner     24.0
cellsize      0.16666666666666666
NODATA_value  -9999
[rows 81 to 107 of 180, columns 122 to 182 of 426]
5.18958E-5 2.99253E-5 7.96966E-5 2.58351E-4 1.85377E-4 2.6964E-4 2.3108E-4 1.66984E-4 1.9417E-4 3.11614E-4 2.6582E-4 4.76348E-4 6.41619E-4 1.068E-3 8.17652E-4 5.14759E-4 3.4301E-4 1.69259E-3 1.55122E-3 1.68296E-3 1.977E-3 1.25286E-3 6.6292E-4 6.39607E-4 1.43284E-3 2.52472E-3 1.90239E-3 3.90599E-4 2.02613E-4 2.1038E-4 1.1462E-4 6.26309E-5 4.45935E-5 4.00036E-5 3.83195E-5 3.42295E-5 4.16649E-5 4.82352E-5 6.09158E-5 1.04185E-4 1.10914E-4 1.45424E-4 1.58581E-4 2.16416E-4 2.13307E-4 1.25221E-4 1.01395E-4 1.56641E-4 3.23823E-4 3.00162E-4 2.84998E-4 2.40637E-4 3.03458E-4 3.41347E-4 3.31792E-4 3.10085E-4 2.3316E-4 3.85533E-4 6.65779E-4 6.88475E-4 5.52694E-4
5.17046E-5 6.75573E-5 6.98935E-5 1.26259E-4 2.22782E-4 1.52027E-4 8.67174E-5 1.16949E-4 1.67913E-4 6.87165E-4 1.15834E-3 8.72999E-4 1.45939E-3 2.09921E-3 2.43395E-3 2.54245E-3 1.29392E-3 2.61947E-3 9.62864E-4 3.04584E-4 1.56285E-3 1.63019E-3 7.55381E-4 7.52017E-4 1.37715E-3 2.69304E-3 3.03586E-3 5.75961E-4 2.79132E-4 1.85504E-4 1.17142E-4 7.85083E-5 5.18415E-5 3.35935E-5 3.39106E-5 3.35025E-5 3.91822E-5 5.07027E-5 8.37016E-5 8.09344E-5 7.53078E-5 1.09681E-4 1.34598E-4 2.25102E-4 2.19424E-4 1.69869E-4 1.33203E-4 1.67168E-4 2.12844E-4 3.05343E-4 3.43289E-4 3.4006E-4 3.606E-4 5.2742E-4 5.72897E-4 4.47259E-4 4.26967E-4 7.44767E-4 1.25587E-3 1.09613E-3 6.20319E-4
7.09767E-5 1.12685E-4 1.08076E-4 1.12739E-4 9.2388E-5 1.85852E-4 4.22602E-4 1.97849E-4 1.87546E-4 4.38146E-4 4.02915E-4 6.72486E-4 1.86176E-3 1.89891E-3 1.75032E-3 1.80725E-3 5.56964E-4 1.134E-3 1.39906E-3 8.25846E-5 8.57235E-5 5.5394E-4 1.47817E-4 8.05871E-4 1.23038E-3 2.43581E-3 3.72596E-3 1.15591E-3 3.71581E-4 2.39838E-4 1.64902E-4 1.09124E-4 9.02605E-5 5.84917E-5 6.51375E-5 4.06856E-5 3.68012E-5 5.6655E-5 8.16818E-5 7.37702E-5 7.94085E-5 1.37367E-4 1.79638E-4 2.2138E-4 3.22299E-4 2.67628E-4 2.15756E-4 2.19058E-4 2.73046E-4 4.02701E-4 4.22563E-4 4.91645E-4 6.54456E-4 7.82631E-4 9.31153E-4 7.84423E-4 8.96745E-4 1.16944E-3 1.64858E-3 1.52859E-3 7.02802E-4
1.85436E-4 2.46143E-4 2.36779E-4 5.31382E-4 6.44339E-4 9.06223E-4 1.25992E-3 3.39222E-4 3.6281E-4 6.61468E-4 5.1438E-4 6.64862E-4 1.47755E-3 1.10296E-3 5.94125E-4 1.18133E-3 5.87786E-4 3.6595E-4 6.18986E-4 5.91132E-4 3.84527E-4 6.52337E-4 9.80557E-4 7.13838E-4 1.59635E-3 1.95836E-3 4.01462E-3 5.47874E-3 1.59606E-3 4.6225E-4 2.79999E-4 1.95116E-4 1.8029E-4 9.69985E-5 1.08705E-4 7.62461E-5 4.96977E-5 6.22823E-5 7.7909E-5 8.99722E-5 1.10031E-4 1.57705E-4 1.67413E-4 2.15655E-4 3.22416E-4 3.44113E-4 3.77236E-4 3.42361E-4 4.58782E-4 6.67237E-4 7.27176E-4 7.58988E-4 7.48535E-4 8.95786E-4 9.29229E-4 9.006E-4 1.03365E-3 1.16396E-3 1.47675E-3 1.46752E-3 1.06001E-3
3.84813E-4 5.91808E-4 7.74153E-4 1.4401E-3 2.32524E-3 1.86743E-3 1.14893E-3 7.81812E-4 6.52319E-4 4.86512E-4 6.03092E-4 6.82584E-4 6.3814E-4 3.78466E-4 5.27232E-4 6.26644E-4 6.88185E-4 2.83567E-4 4.84494E-4 1.26341E-3 9.26588E-4 7.58574E-4 6.61411E-4 1.13605E-3 2.00011E-3 2.21761E-3 2.96249E-3 7.59447E-3 3.46015E-3 8.81854E-4 3.65253E-4 3.12003E-4 2.39297E-4 1.67083E-4 1.84249E-4 1.07689E-4 1.25019E-4 9.3152E-5 7.93232E-5 8.86867E-5 1.31511E-4 1.61598E-4 1.92277E-4 2.68721E-4 2.70698E-4 2.39114E-4 3.64447E-4 3.83424E-4 3.57799E-4 5.48876E-4 6.72081E-4 6.93112E-4 8.159E-4 8.92031E-4 9.08665E-4 1.00862E-3 1.15249E-3 1.34789E-3 1.56546E-3 1.50513E-3 1.01125E-3
1.30654E-3 1.60969E-3 2.179E-3 2.36441E-3 2.29599E-3 1.83485E-3 1.01288E-3 5.19499E-4 3.97631E-4 4.0465E-4 8.88475E-4 1.52673E-3 2.5165E-3 1.47611E-3 9.23518E-4 4.46638E-4 4.04445E-4 4.09532E-4 7.01213E-4 5.8824E-4 6.00444E-4 4.54619E-4 6.41588E-4 6.30155E-4 1.0901E-3 1.42166E-3 1.48507E-3 4.28726E-3 3.31619E-3 7.44665E-4 2.34265E-4 2.30503E-4 2.04882E-4 1.77957E-4 1.95744E-4 1.35249E-4 1.54206E-4 1.0588E-4 9.68122E-5 1.02795E-4 1.18679E-4 1.59391E-4 1.80787E-4 2.41522E-4 2.34291E-4 1.98764E-4 2.9592E-4 2.99036E-4 2.45301E-4 2.83388E-4 3.93275E-4 3.66524E-4 6.02576E-4 7.35496E-4 7.80861E-4 9.22037E-4 1.3697E-3 1.63904E-3 1.51006E-3 1.31599E-3 1.2227E-3
1.3341E-3 2.35326E-3 4.86653E-3 3.52664E-3 2.97071E-3 4.03852E-3 3.1558E-3 2.07662E-3 1.82364E-3 1.35959E-3 9.24434E-4 6.70269E-4 8.59905E-4 4.04859E-4 6.7957E-4 4.2194E-4 1.04945E-3 7.79557E-4 5.47081E-4 4.61837E-4 3.58655E-4 5.08175E-4 4.61296E-4 3.55555E-4 6.99979E-4 5.74924E-4 4.9144E-4 1.36757E-3 1.1829E-3 4.2258E-4 1.59633E-4 1.7332E-4 1.8118E-4 1.47469E-4 1.07181E-4 1.15209E-4 8.97502E-5 9.56099E-5 1.03843E-4 1.1063E-4 1.37241E-4 1.64239E-4 2.12757E-4 2.70345E-4 3.18925E-4 2.94584E-4 3.19148E-4 3.3705E-4 3.01357E-4 2.44143E-4 2.34758E-4 2.36247E-4 3.26078E-4 5.85193E-4 7.30912E-4 8.88168E-4 1.31418E-3 1.60394E-3 1.55501E-3 1.22351E-3 1.23241E-3
1.9024E-3 4.16315E-3 2.43016E-3 8.91736E-4 8.05606E-4 7.89253E-4 2.56061E-3 3.28284E-3 1.97544E-3 1.63271E-3 5.84818E-4 2.11314E-4 1.88335E-4 2.59988E-4 3.95845E-4 2.77932E-4 2.19214E-4 4.97839E-4 2.75728E-4 2.83844E-4 2.38764E-4 4.00329E-4 1.50301E-4 7.39133E-5 3.45674E-4 6.63352E-4 2.46092E-4 7.23108E-4 4.3197E-4 1.37531E-4 7.45115E-5 9.8152E-5 8.65082E-5 8.96285E-5 8.16041E-5 8.54607E-5 8.13781E-5 1.09465E-4 1.06235E-4 1.23716E-4 1.36669E-4 1.51854E-4 2.23747E-4 2.86824E-4 3.46091E-4 3.41235E-4 3.18131E-4 3.77722E-4 4.13792E-4 2.65091E-4 2.70122E-4 2.63528E-4 3.86225E-4 5.21152E-4 6.22723E-4 8.43122E-4 1.57697E-3 2.35558E-3 1.98365E-3 1.4365E-3 9.40958E-4
3.31898E-3 1.56042E-3 6.42499E-4 1.59064E-3 3.34622E-3 1.86722E-3 9.21446E-4 2.0045E-3 1.89323E-3 5.93438E-4 3.76775E-4 2.17915E-4 1.71371E-4 1.11257E-4 2.37321E-4 1.49253E-4 2.01922E-4 2.22391E-4 1.45707E-4 2.48653E-4 1.72028E-4 2.80046E-4 1.60502E-5 8.0588E-6 1.30793E-4 6.21396E-5 8.93035E-5 1.97622E-4 3.60696E-4 1.20402E-4 8.06178E-5 8.16701E-5 5.9249E-5 6.6241E-5 7.68965E-5 9.30583E-5 1.1071E-4 1.08979E-4 1.21318E-4 1.23377E-4 1.3054E-4 1.31506E-4 1.43928E-4 1.73423E-4 2.58121E-4 2.58018E-4 4.63369E-4 5.71304E-4 4.46196E-4 3.17951E-4 3.56569E-4 4.00137E-4 5.84119E-4 6.78933E-4 5.92503E-4 7.82253E-4 1.82428E-3 3.02174E-3 3.87815E-3 1.74448E-3 9.55732E-4
9.41823E-4 7.22291E-4 8.73643E-4 3.56696E-3 1.44927E-3 1.21078E-3 2.22134E-3 1.44343E-3 2.60103E-3 1.09843E-3 1.05326E-3 5.58987E-4 6.39824E-4 2.55443E-4 2.11347E-4 1.21358E-4 6.46245E-5 1.20879E-4 5.84662E-5 1.64798E-4 3.1594E-4 3.19426E-4 1.68856E-5 8.03801E-6 2.61903E-5 4.10523E-5 5.85646E-5 2.97858E-4 5.85196E-4 3.34079E-4 1.30698E-4 8.81295E-5 6.06714E-5 6.14299E-5 7.5826E-5 1.31318E-4 1.36377E-4 1.47887E-4 1.16266E-4 1.35172E-4 1.14656E-4 9.22184E-5 1.00698E-4 1.34784E-4 1.77309E-4 2.92248E-4 5.60601E-4 7.11327E-4 6.00724E-4 4.16263E-4 3.82522E-4 4.92337E-4 7.22421E-4 7.61451E-4 6.53611E-4 7.25148E-4 1.70705E-3 2.33658E-3 2.5669E-3 1.43293E-3 1.12204E-3
1.92384E-3 2.2659E-3 3.43622E-3 4.84874E-3 5.73703E-3 1.26059E-3 6.67888E-4 2.98688E-3 1.25445E-3 4.47016E-4 1.33255E-3 1.48385E-3 7.4849E-4 2.23421E-4 1.92609E-4 9.82516E-5 3.1112E-5 7.65159E-5 1.10369E-4 1.39443E-4 2.69711E-4 6.2576E-5 1.14954E-4 6.92E-5 1.05042E-4 6.76093E-5 1.44799E-4 3.27193E-4 1.2515E-3 3.60192E-4 2.28723E-4 1.4078E-4 1.12527E-4 8.24377E-5 1.00438E-4 1.16527E-4 1.94927E-4 1.79888E-4 1.28924E-4 1.22352E-4 8.50062E-5 6.4578E-5 7.75818E-5 9.81126E-5 1.24022E-4 2.06138E-4 3.72195E-4 4.53494E-4 4.46125E-4 4.07227E-4 5.14265E-4 8.46218E-4 1.11469E-3 1.42861E-3 1.16856E-3 1.30659E-3 2.12135E-3 2.00007E-3 1.32273E-3 1.09301E-3 1.00953E-3
3.68834E-3 4.85663E-3 4.84905E-3 2.36492E-3 5.88632E-3 3.59916E-3 8.81335E-4 1.5645E-3 2.28237E-3 9.00347E-4 7.25489E-4 7.60027E-4 1.49072E-4 1.18493E-4 9.07118E-5 5.24861E-5 7.16175E-6 2.24425E-5 7.43433E-5 1.22918E-4 2.49769E-4 1.1313E-4 3.42168E-4 2.64641E-4 2.66626E-4 2.94726E-4 7.65629E-4 1.56375E-3 1.07844E-3 3.58005E-4 2.52393E-4 1.39518E-4 1.24172E-4 9.07278E-5 9.94791E-5 1.04314E-4 1.83485E-4 1.75776E-4 1.27551E-4 1.06392E-4 9.92567E-5 6.5271E-5 5.09059E-5 7.00473E-5 1.05273E-4 1.72119E-4 2.64216E-4 3.47627E-4 3.13515E-4 3.20941E-4 5.20102E-4 9.21203E-4 2.22141E-3 1.97325E-3 1.96032E-3 1.95535E-3 2.33364E-3 2.13393E-3 1.26281E-3 1.09371E-3 1.25919E-3
4.9931E-3 4.33047E-3 3.88085E-3 2.32593E-3 4.90737E-3 4.62027E-3 2.89792E-3 1.14165E-3 1.128E-3 1.00318E-3 1.05107E-3 5.62129E-4 9.68563E-5 3.3201E-5 2.08983E-5 1.27397E-5 1.28273E-5 1.01286E-5 1.30463E-5 3.86113E-5 2.05622E-4 2.17439E-4 7.19505E-4 2.1801E-4 4.59936E-4 6.31025E-4 1.02114E-3 7.98312E-4 5.99356E-4 3.71032E-4 2.83154E-4 1.70385E-4 1.20406E-4 7.79987E-5 9.76112E-5 1.0286E-4 1.39771E-4 1.35053E-4 1.36084E-4 1.21886E-4 8.61426E-5 6.53602E-5 5.34748E-5 5.09149E-5 8.73838E-5 1.36069E-4 2.10299E-4 2.49738E-4 2.94937E-4 3.21724E-4 3.96983E-4 9.55474E-4 2.00321E-3 2.76004E-3 2.34364E-3 2.41892E-3 2.36852E-3 2.18887E-3 2.23565E-3 1.83975E-3 1.82988E-3
3.35237E-3 2.20079E-3 2.56027E-3 4.42612E-3 5.76625E-3 3.6852E-3 2.56506E-3 2.16082E-3 1.26632E-3 5.11833E-4 4.15191E-4 5.98172E-4 3.4313E-4 1.698E-4 4.46394E-5 2.95766E-5 3.6082E-5 1.39798E-5 8.3086E-5 1.33308E-4 2.12386E-4 2.10911E-4 3.05181E-5 4.84457E-4 1.69175E-4 2.28345E-4 6.81755E-4 6.0238E-4 3.98814E-4 3.43439E-4 3.31865E-4 1.45136E-4 1.12253E-4 1.05162E-4 9.12306E-5 9.52764E-5 1.05253E-4 1.39204E-4 1.57514E-4 1.50322E-4 9.90878E-5 6.71797E-5 5.87266E-5 6.06416E-5 1.04213E-4 1.43357E-4 2.45975E-4 2.61597E-4 3.54223E-4 3.88649E-4 4.73588E-4 7.99169E-4 1.48693E-3 2.06227E-3 2.19207E-3 1.99757E-3 2.40872E-3 2.82741E-3 4.00247E-3 2.91657E-3 2.41299E-3
6.03732E-3 2.73812E-3 2.53183E-3 2.47096E-3 5.3434E-3 2.95422E-3 2.00509E-3 1.59313E-3 1.01425E-3 6.48756E-4 3.61127E-4 5.21825E-4 4.39282E-4 1.78822E-4 8.79364E-5 5.35651E-5 9.23117E-5 3.0525E-5 8.69022E-5 8.07434E-5 1.3258E-4 1.07558E-5 3.21385E-6 2.47124E-4 3.84233E-4 1.76812E-4 3.46757E-4 1.58447E-3 5.07717E-4 3.48969E-4 2.54081E-4 1.89766E-4 1.61582E-4 9.46472E-5 1.14482E-4 1.00539E-4 1.47881E-4 1.80798E-4 2.17219E-4 1.36908E-4 8.37063E-5 7.09873E-5 8.76968E-5 9.01892E-5 1.15493E-4 1.49777E-4 2.21307E-4 3.71657E-4 3.97606E-4 4.40799E-4 5.31461E-4 8.36189E-4 1.25875E-3 1.56764E-3 1.85991E-3 1.87364E-3 2.0556E-3 3.60207E-3 5.01033E-3 4.60607E-3 4.49684E-3
8.20488E-3 3.76857E-3 6.9526E-4 7.74698E-4 2.14116E-3 3.68189E-3 3.47083E-3 1.35433E-3 9.05154E-4 7.58587E-4 5.46013E-4 2.12493E-4 9.80828E-5 1.38071E-4 6.57904E-5 5.45363E-5 9.42214E-5 7.86065E-5 1.81346E-4 2.33271E-4 4.30888E-5 1.60373E-6 2.14639E-6 4.87162E-6 3.50945E-4 3.35424E-4 3.27571E-4 9.08187E-4 7.08785E-4 3.71502E-4 5.94975E-4 6.51941E-4 3.47765E-4 1.83708E-4 1.42109E-4 1.36477E-4 1.74362E-4 2.71222E-4 2.2055E-4 1.90753E-4 1.41446E-4 1.46227E-4 1.55001E-4 1.74076E-4 1.79547E-4 2.10443E-4 3.25107E-4 4.26645E-4 3.69217E-4 4.39336E-4 5.59969E-4 7.92519E-4 1.17762E-3 1.34582E-3 1.49696E-3 2.23133E-3 2.72142E-3 3.76824E-3 5.36849E-3 5.69981E-3 6.28826E-3
9.09806E-3 5.74485E-3 3.6525E-3 1.1952E-3 1.19127E-3 3.32547E-3 1.73596E-3 9.08705E-4 1.20203E-3 1.10788E-3 5.33287E-4 2.93356E-4 1.42246E-4 8.12273E-5 5.73177E-5 3.20907E-5 8.38549E-5 1.18897E-4 1.67542E-4 1.12172E-4 6.89918E-6 2.10898E-6 2.28297E-6 4.10034E-6 3.90403E-5 5.57062E-4 3.07069E-4 3.58324E-4 7.98887E-4 6.53597E-4 7.59818E-4 9.19542E-4 9.07241E-4 5.17665E-4 3.11235E-4 3.38326E-4 4.30232E-4 6.42914E-4 4.50791E-4 3.49165E-4 3.69171E-4 3.31513E-4 2.81587E-4 2.51004E-4 2.84554E-4 2.63116E-4 2.83461E-4 3.2319E-4 3.46825E-4 4.07748E-4 5.80155E-4 7.84746E-4 9.75688E-4 1.06603E-3 1.49399E-3 2.42974E-3 3.01674E-3 3.76963E-3 5.4239E-3 5.5091E-3 6.58238E-3
8.96541E-3 7.02243E-3 8.03049E-3 7.03292E-3 3.62317E-3 2.20493E-3 3.44372E-3 1.80538E-3 2.20351E-3 1.80528E-3 1.75014E-3 1.11918E-3 2.42817E-4 2.8537E-4 3.22224E-4 2.20991E-4 1.7629E-4 4.38194E-4 3.95403E-4 2.31388E-4 1.97452E-5 1.87929E-6 1.76327E-6 3.62493E-6 2.10726E-4 3.76928E-4 2.01981E-4 4.84022E-4 4.63824E-4 8.78509E-4 1.01778E-3 1.47464E-3 7.98858E-4 7.88234E-4 5.59838E-4 1.01413E-3 1.16429E-3 1.54882E-3 1.10662E-3 9.08639E-4 4.58565E-4 3.70914E-4 3.30547E-4 2.87555E-4 3.16075E-4 3.20449E-4 3.42421E-4 3.03707E-4 2.69047E-4 3.97703E-4 5.71388E-4 6.51197E-4 8.20192E-4 1.1237E-3 1.64254E-3 1.91057E-3 2.39924E-3 3.57462E-3 4.08909E-3 5.33369E-3 6.3818E-3
5.81977E-3 4.84551E-3 3.91531E-3 4.28106E-3 7.2627E-3 5.91737E-3 2.3999E-3 2.75868E-3 1.82298E-3 1.63851E-3 3.80634E-3 1.09525E-3 8.76296E-4 1.10961E-3 4.02659E-4 2.75922E-4 6.24107E-4 3.752E-4 1.9812E-4 4.55981E-4 2.25484E-4 4.35203E-6 1.89212E-6 2.54085E-6 7.18724E-6 2.76694E-5 3.78058E-4 9.37882E-4 1.99587E-3 9.61762E-4 9.42954E-4 6.6725E-4 7.49372E-4 5.11049E-4 4.72764E-4 1.04286E-3 1.28231E-3 1.22276E-3 6.85179E-4 6.88553E-4 5.57468E-4 5.1303E-4 5.1292E-4 3.64308E-4 2.90761E-4 3.84E-4 4.22694E-4 4.15626E-4 3.40098E-4 4.60883E-4 7.92237E-4 1.0095E-3 1.20579E-3 1.49436E-3 1.9924E-3 2.19205E-3 2.33208E-3 3.10241E-3 4.83111E-3 7.11462E-3 7.779E-3
3.11326E-3 3.18994E-3 3.336E-3 3.9077E-3 6.65867E-3 9.94144E-3 6.86447E-3 5.03295E-3 3.69573E-3 1.53341E-3 2.3474E-3 1.39253E-3 1.01144E-3 1.39311E-3 1.01726E-3 2.70596E-4 3.02558E-4 5.55032E-4 1.87068E-4 3.26294E-4 1.46345E-4 1.87489E-5 3.9435E-6 9.26211E-6 1.01902E-5 6.0912E-5 3.72141E-4 6.06137E-4 1.33672E-3 7.67471E-4 1.36598E-3 8.88232E-4 5.19328E-4 4.66372E-4 6.62485E-4 7.90892E-4 6.92279E-4 5.0838E-4 6.99389E-4 6.16216E-4 5.80533E-4 5.29524E-4 5.22139E-4 4.39166E-4 3.66292E-4 4.6818E-4 5.89273E-4 5.96631E-4 4.75387E-4 6.54314E-4 8.68097E-4 1.44838E-3 2.11001E-3 2.43916E-3 2.80701E-3 2.97366E-3 3.1644E-3 4.50195E-3 5.82483E-3 7.57552E-3 7.96764E-3
3.01478E-3 3.32121E-3 4.22702E-3 3.24666E-3 2.01011E-3 2.77509E-3 1.00827E-2 5.97925E-3 3.00049E-3 2.99961E-3 4.17294E-3 1.74512E-3 1.07607E-3 2.43295E-3 1.43315E-3 7.45326E-4 3.73371E-4 5.13564E-4 4.95857E-4 2.18884E-4 1.95153E-4 1.34691E-4 1.1967E-5 1.85688E-5 1.09388E-5 1.05462E-4 3.2557E-4 9.05476E-4 1.36888E-3 7.36841E-4 9.17119E-4 1.10099E-3 7.39195E-4 6.92132E-4 7.66758E-4 7.80024E-4 1.19374E-3 1.16173E-3 1.29436E-3 1.59245E-3 8.67529E-4 7.14121E-4 5.32199E-4 5.92821E-4 6.47324E-4 7.41891E-4 1.24412E-3 9.45557E-4 8.34549E-4 1.09881E-3 1.23591E-3 2.29282E-3 3.63537E-3 4.18305E-3 5.23557E-3 5.01069E-3 5.74929E-3 8.68064E-3 7.99713E-3 8.69294E-3 9.12074E-3
3.293E-3 5.70513E-3 7.13091E-3 9.81568E-3 2.64625E-3 1.92598E-3 3.49151E-3 6.43489E-3 4.07643E-3 3.18684E-3 4.45954E-3 4.38673E-3 4.21184E-3 2.37613E-3 1.38238E-3 8.15879E-4 4.04285E-4 2.44088E-4 2.73307E-4 1.92996E-4 2.66162E-4 2.05446E-4 7.50538E-5 1.9863E-5 1.15326E-4 4.55626E-4 3.8625E-4 1.24733E-3 1.61438E-3 1.03862E-3 7.82266E-4 3.46724E-4 3.73105E-4 4.87699E-4 1.2406E-3 1.51845E-3 9.82282E-4 1.13176E-3 1.3138E-3 1.20571E-3 1.11189E-3 7.75073E-4 8.1178E-4 7.61237E-4 1.00217E-3 1.20274E-3 1.44072E-3 1.20541E-3 1.01177E-3 1.38149E-3 1.98236E-3 2.70711E-3 4.32235E-3 5.00357E-3 5.57889E-3 7.6373E-3 1.14027E-2 1.19123E-2 1.11846E-2 1.1355E-2 1.06731E-2
3.64623E-3 6.39147E-3 1.67582E-2 1.33187E-2 4.39969E-3 1.3189E-3 1.76804E-3 2.89647E-3 3.58673E-3 3.31242E-3 3.42013E-3 3.32819E-3 4.09747E-3 1.4387E-3 1.09932E-3 4.95951E-4 6.45088E-4 4.90515E-4 1.98265E-4 6.19841E-4 2.57881E-4 2.80618E-4 1.42832E-4 8.88914E-5 2.87302E-4 5.78419E-4 4.2697E-4 1.55228E-3 1.14831E-3 6.02699E-4 3.78883E-4 1.31828E-4 2.29741E-4 2.62516E-4 6.61609E-4 8.08364E-4 5.59763E-4 5.56532E-4 7.09774E-4 9.7014E-4 9.77681E-4 9.8731E-4 9.61912E-4 9.06757E-4 1.15587E-3 1.19663E-3 1.15477E-3 1.02971E-3 9.87792E-4 1.3961E-3 2.10225E-3 3.2405E-3 4.39059E-3 6.33602E-3 7.40964E-3 1.11323E-2 1.28828E-2 1.35567E-2 1.36185E-2 1.51276E-2 1.39605E-2
3.44191E-3 5.69611E-3 1.32935E-2 6.07769E-3 4.91314E-3 1.38578E-3 1.68998E-3 2.81107E-3 2.57796E-3 2.43376E-3 3.01953E-3 3.15441E-3 3.03268E-3 1.06515E-3 1.11027E-3 4.2938E-4 5.26549E-4 5.21674E-4 1.9882E-4 6.20773E-4 9.62818E-4 9.4238E-4 2.73472E-4 1.38495E-4 6.53104E-4 7.08574E-4 5.05844E-4 2.49608E-3 1.30967E-3 3.14903E-4 9.05946E-5 1.55845E-4 3.98598E-4 3.6654E-4 3.51397E-4 3.46968E-4 3.60016E-4 5.14764E-4 7.72054E-4 7.47008E-4 7.57541E-4 7.83301E-4 9.709E-4 1.47046E-3 1.5571E-3 1.54105E-3 1.43499E-3 1.03882E-3 7.96272E-4 1.36254E-3 2.5128E-3 3.66317E-3 4.45057E-3 5.95587E-3 8.96815E-3 1.25543E-2 1.388E-2 1.57757E-2 1.61149E-2 1.60415E-2 1.70503E-2
2.91204E-3 5.87388E-3 6.41857E-3 1.05965E-2 9.04082E-3 2.71164E-3 1.52745E-3 2.12175E-3 3.04067E-3 2.33999E-3 1.77418E-3 1.6182E-3 2.28422E-3 6.95384E-4 7.79407E-4 5.36315E-4 8.21834E-4 1.30308E-3 5.36857E-4 1.26385E-3 2.52929E-3 2.05696E-3 5.94568E-4 2.87582E-4 5.83356E-4 1.17508E-3 5.37661E-4 1.86442E-3 6.97078E-4 2.04263E-4 9.50468E-5 1.22621E-4 1.86522E-4 2.24047E-4 2.65067E-4 3.72657E-4 3.78653E-4 5.24988E-4 4.87776E-4 5.60217E-4 6.75965E-4 8.39531E-4 1.29038E-3 1.48547E-3 1.82679E-3 1.72862E-3 1.32549E-3 1.21247E-3 1.51434E-3 2.46149E-3 3.67529E-3 4.74594E-3 4.38095E-3 5.36515E-3 5.94596E-3 1.13193E-2 1.37374E-2 1.46366E-2 1.64807E-2 1.77604E-2 1.91324E-2
3.733E-3 5.16782E-3 3.47408E-3 3.59467E-3 6.76671E-3 2.98927E-3 1.17663E-3 1.25329E-3 1.25472E-3 1.04471E-3 1.00138E-3 7.53507E-4 1.44727E-3 4.02456E-4 3.50893E-4 3.80311E-4 4.99037E-4 1.662E-3 1.64447E-3 9.01936E-4 8.88302E-4 5.33719E-4 7.3148E-4 1.77142E-3 1.98835E-3 9.79E-4 1.49086E-3 2.56588E-3 1.97E-3 5.31811E-4 1.7278E-4 1.44135E-4 1.22384E-4 1.9664E-4 3.20573E-4 3.20122E-4 4.75805E-4 5.18735E-4 5.27395E-4 4.7234E-4 4.2412E-4 6.25052E-4 9.38634E-4 1.68745E-3 1.78807E-3 2.0889E-3 1.89999E-3 1.9608E-3 2.36911E-3 3.52906E-3 4.90741E-3 5.73892E-3 5.64081E-3 5.1626E-3 4.74964E-3 7.69094E-3 1.28066E-2 1.56137E-2 1.75089E-2 1.91063E-2 2.24534E-2
3.14183E-3 5.64146E-3 3.73378E-3 1.69338E-3 3.63345E-3 5.04602E-3 1.18382E-3 1.21454E-3 1.05059E-3 8.85719E-4 5.52342E-4 3.1357E-4 1.74058E-4 2.84847E-4 2.99958E-4 4.04677E-4 1.35992E-3 2.18273E-3 2.36282E-3 3.80587E-3 4.39867E-3 7.67892E-4 3.96525E-3 2.45774E-3 1.27257E-3 2.46887E-3 4.74539E-3 2.99115E-3 2.00713E-3 6.17768E-4 4.84913E-4 5.02144E-4 3.0573E-4 3.68435E-4 4.49056E-4 7.82213E-4 6.53773E-4 5.04361E-4 5.21984E-4 3.92709E-4 5.02123E-4 7.30875E-4 1.20937E-3 1.39542E-3 1.77096E-3 2.37021E-3 2.40047E-3 2.61095E-3 2.92688E-3 4.00331E-3 5.72837E-3 7.17533E-3 7.06067E-3 6.14683E-3 5.00716E-3 7.21977E-3 1.3721E-2 1.75527E-2 1.74953E-2 1.90776E-2 2.08531E-2
