data/maxent/outputs/white_15.asc
ncols         426
nrows         180
xllcorner     -130.0
yllcorner     24.0
cellsize      0.16666666666666666
NODATA_value  -9999
[rows 0 to 26 of 180, columns 183 to 243 of 426]
7.33738E-6 5.39776E-6 4.94609E-6 4.59182E-6 3.92696E-6 3.58354E-6 3.8023E-6 7.21469E-6 8.03218E-6 7.36504E-6 5.75109E-6 5.05935E-6 3.6708E-6 3.44935E-6 3.91611E-6 3.89807E-6 3.53112E-6 3.44734E-6 3.47627E-6 3.91051E-6 5.49412E-6 4.35866E-6 3.63839E-6 3.59358E-6 3.6867E-6 3.82048E-6 3.77778E-6 4.83585E-6 5.78248E-6 4.93802E-6 4.27396E-6 3.98686E-6 3.80092E-6 4.23055E-6 3.56065E-6 3.30933E-6 3.13463E-6 3.04025E-6 3.23281E-6 3.18384E-6 3.14911E-6 3.41599E-6 3.16281E-6 2.84742E-6 3.01281E-6 3.02793E-6 3.17342E-6 3.11854E-6 3.77686E-6 3.43553E-6 3.16305E-6 3.56898E-6 3.82463E-6 3.08513E-6 3.3051E-6 2.88977E-6 2.8527E-6 2.4568E-6 2.41668E-6 2.55823E-6 2.45641E-6
6.0635E-6 5.12736E-6 5.94513E-6 1.2241E-5 1.05852E-5 1.08641E-5 1.13743E-5 1.159E-5 1.44452E-5 1.09585E-5 6.11981E-6 5.78542E-6 4.88164E-6 4.33329E-6 4.73991E-6 3.85416E-6 3.54002E-6 3.42071E-6 3.27489E-6 4.00186E-6 3.87157E-6 3.85615E-6 4.79066E-6 4.43943E-6 4.33059E-6 3.52878E-6 4.16045E-6 4.9816E-6 5.54971E-6 6.31635E-6 7.07856E-6 6.24241E-6 5.02621E-6 4.70276E-6 4.41791E-6 3.92313E-6 4.03507E-6 4.08766E-6 3.86525E-6 3.70046E-6 3.61814E-6 3.04246E-6 3.28089E-6 4.0274E-6 4.22163E-6 4.0441E-6 3.72133E-6 3.21689E-6 3.44032E-6 4.00397E-6 3.51151E-6 3.74588E-6 3.52041E-6 3.07553E-6 3.36951E-6 3.77167E-6 6.47784E-6 6.67631E-6 5.01087E-6 3.27744E-6 3.20245E-6
5.70515E-6 5.44068E-6 9.10626E-6 1.2348E-5 1.17324E-5 1.18463E-5 1.27596E-5 1.19066E-5 1.28546E-5 1.22453E-5 1.0529E-5 6.40841E-6 6.25962E-6 4.75964E-6 4.37464E-6 4.12264E-6 3.97112E-6 4.01096E-6 4.30432E-6 5.28921E-6 4.39066E-6 3.6209E-6 3.62404E-6 3.82921E-6 4.51866E-6 3.80096E-6 4.20042E-6 4.44564E-6 4.34192E-6 4.00328E-6 4.03021E-6 4.04734E-6 4.17491E-6 4.08373E-6 4.41246E-6 4.50791E-6 4.50836E-6 4.46729E-6 4.46778E-6 3.92296E-6 3.8213E-6 3.54827E-6 3.25063E-6 2.91024E-6 3.21644E-6 3.12573E-6 3.24069E-6 3.33294E-6 3.80894E-6 3.68666E-6 4.32125E-6 3.67691E-6 3.17036E-6 2.97687E-6 2.99349E-6 3.07406E-6 3.05694E-6 3.137E-6 2.97606E-6 3.127E-6 3.03953E-6
6.54522E-6 7.51201E-6 1.4795E-5 1.16082E-5 1.15598E-5 1.20097E-5 1.22692E-5 1.16576E-5 1.17073E-5 1.2796E-5 1.21507E-5 8.02492E-6 7.82724E-6 5.52021E-6 5.5088E-6 4.66925E-6 4.70427E-6 4.73528E-6 4.66233E-6 4.46287E-6 5.4548E-6 4.20965E-6 3.76996E-6 3.64582E-6 3.9131E-6 4.63192E-6 4.45637E-6 3.72627E-6 3.70727E-6 3.67284E-6 4.05585E-6 4.60099E-6 4.21143E-6 4.14086E-6 4.05396E-6 4.28791E-6 4.45126E-6 4.3007E-6 4.07807E-6 4.24893E-6 3.97198E-6 3.41705E-6 3.53374E-6 3.11865E-6 2.91925E-6 3.01827E-6 4.43418E-6 3.99671E-6 3.92072E-6 4.16542E-6 4.10396E-6 5.05796E-6 3.72824E-6 3.29342E-6 3.29097E-6 3.12544E-6 3.12211E-6 3.086E-6 3.46254E-6 3.04126E-6 3.27987E-6
1.08755E-5 1.27426E-5 1.44249E-5 1.22147E-5 1.17542E-5 1.22177E-5 1.31306E-5 1.34068E-5 1.2429E-5 1.26005E-5 1.14857E-5 1.30461E-5 9.29701E-6 5.71944E-6 4.59447E-6 5.04592E-6 4.67276E-6 4.33571E-6 4.67224E-6 4.50201E-6 4.27662E-6 4.5276E-6 4.78741E-6 4.1818E-6 3.84355E-6 3.94049E-6 3.8475E-6 4.35366E-6 4.56665E-6 4.2142E-6 4.42185E-6 4.6286E-6 4.21463E-6 4.37212E-6 4.86935E-6 5.43148E-6 4.47161E-6 4.13182E-6 3.7206E-6 3.99782E-6 4.05138E-6 3.78667E-6 3.96868E-6 3.86573E-6 3.86434E-6 4.04379E-6 3.5029E-6 3.53345E-6 3.89758E-6 3.61723E-6 3.61626E-6 4.04331E-6 3.58383E-6 3.4818E-6 3.40659E-6 3.42371E-6 3.24038E-6 3.41885E-6 3.47663E-6 3.25025E-6 3.12238E-6
1.16559E-5 1.0519E-5 1.25163E-5 1.62141E-5 1.54372E-5 1.58997E-5 1.61159E-5 1.37503E-5 1.25896E-5 1.19728E-5 1.11944E-5 1.14664E-5 1.33872E-5 6.41868E-6 5.87626E-6 5.03699E-6 5.01338E-6 4.92435E-6 4.59884E-6 4.94205E-6 5.42622E-6 4.76857E-6 4.44934E-6 4.89835E-6 5.04171E-6 5.42159E-6 5.59095E-6 6.02311E-6 5.10833E-6 5.27325E-6 5.28545E-6 4.97795E-6 4.78395E-6 4.99839E-6 4.94561E-6 6.49412E-6 7.48627E-6 6.36591E-6 7.22277E-6 6.592E-6 6.94278E-6 5.97014E-6 4.51975E-6 4.41374E-6 4.2795E-6 4.87553E-6 3.73674E-6 3.6258E-6 4.23121E-6 4.70375E-6 4.46883E-6 4.32997E-6 3.74756E-6 3.56864E-6 3.49914E-6 3.3122E-6 3.69955E-6 4.55283E-6 4.25496E-6 3.7269E-6 3.97279E-6
1.25727E-5 9.95939E-6 9.44189E-6 1.11163E-5 1.67826E-5 1.69716E-5 1.33276E-5 1.37496E-5 1.39553E-5 1.28833E-5 1.17109E-5 1.20562E-5 1.43633E-5 8.60704E-6 7.63973E-6 5.93954E-6 5.47295E-6 5.43858E-6 5.9409E-6 5.75752E-6 5.99269E-6 5.85206E-6 5.20831E-6 5.5226E-6 5.74079E-6 6.16105E-6 5.72081E-6 6.14493E-6 5.47675E-6 5.37872E-6 5.32366E-6 5.29698E-6 5.8504E-6 7.07913E-6 6.16236E-6 6.92921E-6 7.4827E-6 6.27624E-6 6.52909E-6 6.19101E-6 6.41751E-6 5.9125E-6 4.96208E-6 4.66827E-6 5.37665E-6 6.11685E-6 5.73798E-6 4.91087E-6 6.14555E-6 5.39413E-6 5.36663E-6 5.58683E-6 5.10085E-6 3.82821E-6 3.64097E-6 3.652E-6 3.73052E-6 4.69335E-6 4.79079E-6 4.76839E-6 5.30005E-6
1.56251E-5 1.16898E-5 1.12699E-5 1.34977E-5 2.07763E-5 1.34172E-5 1.28936E-5 1.30571E-5 1.40853E-5 1.32635E-5 1.18284E-5 1.14868E-5 1.2724E-5 9.93731E-6 7.76576E-6 7.4737E-6 7.9112E-6 9.51224E-6 8.46208E-6 8.01569E-6 7.20916E-6 6.71229E-6 6.30197E-6 6.08389E-6 5.86889E-6 7.47609E-6 6.45265E-6 6.3776E-6 6.48499E-6 6.4867E-6 6.12286E-6 5.84812E-6 6.47541E-6 6.72968E-6 6.35165E-6 6.93614E-6 6.74377E-6 6.07487E-6 5.49574E-6 5.55176E-6 5.91213E-6 6.34041E-6 5.62102E-6 5.09733E-6 5.19716E-6 5.19261E-6 4.8644E-6 4.97591E-6 5.74227E-6 5.41686E-6 5.09326E-6 6.37174E-6 6.5141E-6 5.86969E-6 4.32283E-6 4.09973E-6 4.54264E-6 4.36864E-6 4.27223E-6 4.13104E-6 4.23692E-6
1.7239E-5 1.32197E-5 1.20876E-5 1.34278E-5 1.28115E-5 1.79323E-5 1.5095E-5 1.35418E-5 1.46613E-5 1.51626E-5 1.27568E-5 1.23658E-5 1.14708E-5 1.15945E-5 9.0093E-6 7.46646E-6 8.78953E-6 7.99363E-6 9.83159E-6 1.03221E-5 9.4354E-6 8.23609E-6 7.86443E-6 7.07628E-6 7.26059E-6 7.10205E-6 6.74256E-6 7.36022E-6 6.40979E-6 6.87524E-6 7.46329E-6 7.30166E-6 8.53581E-6 7.01929E-6 6.89655E-6 6.68574E-6 6.78397E-6 7.13933E-6 7.46394E-6 7.28122E-6 6.50381E-6 6.24346E-6 6.77063E-6 6.2595E-6 5.46073E-6 4.98696E-6 5.22381E-6 7.8981E-6 6.63805E-6 5.59256E-6 5.19064E-6 5.05543E-6 4.65011E-6 4.55526E-6 5.24801E-6 4.90995E-6 4.67838E-6 4.27178E-6 4.61486E-6 4.55808E-6 4.24181E-6
1.98069E-5 1.3972E-5 1.29319E-5 1.30779E-5 1.23775E-5 1.14419E-5 1.88778E-5 1.35302E-5 1.71824E-5 1.9699E-5 1.36393E-5 1.39768E-5 1.32427E-5 1.25192E-5 1.33011E-5 8.50709E-6 9.51135E-6 9.06297E-6 9.14972E-6 8.47632E-6 8.3467E-6 8.45146E-6 7.94772E-6 7.77529E-6 8.27722E-6 7.92488E-6 7.0752E-6 7.32271E-6 6.8975E-6 6.7245E-6 7.19136E-6 7.16101E-6 7.30121E-6 6.78678E-6 7.76532E-6 8.33501E-6 7.79009E-6 7.60942E-6 7.86803E-6 7.50888E-6 6.92162E-6 6.96348E-6 6.99956E-6 7.15378E-6 6.32783E-6 5.68047E-6 5.76639E-6 6.43009E-6 5.55715E-6 5.27372E-6 4.79175E-6 4.72457E-6 4.72402E-6 4.7854E-6 4.72147E-6 4.92984E-6 4.90693E-6 4.53306E-6 4.31395E-6 4.33041E-6 4.89341E-6
1.9242E-5 1.50626E-5 1.3775E-5 1.39786E-5 1.33785E-5 1.24211E-5 1.15868E-5 1.44944E-5 1.81474E-5 1.82947E-5 1.48215E-5 1.39207E-5 1.44982E-5 1.73104E-5 1.62134E-5 9.55892E-6 1.05537E-5 1.00637E-5 1.01802E-5 9.47696E-6 9.73306E-6 9.84663E-6 8.61964E-6 8.35446E-6 9.42974E-6 8.52252E-6 8.26735E-6 8.82692E-6 7.28092E-6 8.34336E-6 8.90667E-6 8.39371E-6 7.87461E-6 7.59468E-6 9.67458E-6 8.08275E-6 7.48746E-6 6.57014E-6 7.06236E-6 7.10165E-6 9.0645E-6 8.17791E-6 6.46184E-6 5.96076E-6 5.38754E-6 5.5679E-6 5.59623E-6 5.40403E-6 4.81146E-6 4.45526E-6 4.7528E-6 4.4938E-6 4.80265E-6 4.59106E-6 4.82575E-6 4.60933E-6 4.83508E-6 4.65683E-6 4.33117E-6 4.19037E-6 4.57379E-6
1.79534E-5 1.65315E-5 1.59569E-5 1.57466E-5 1.46597E-5 1.35383E-5 1.38418E-5 1.38575E-5 1.80722E-5 1.90787E-5 1.69911E-5 1.75068E-5 2.0886E-5 1.8401E-5 1.60539E-5 1.42821E-5 1.21851E-5 1.16857E-5 1.16974E-5 1.05284E-5 1.03121E-5 1.0871E-5 1.00975E-5 1.16348E-5 1.37096E-5 1.28719E-5 1.13219E-5 1.07175E-5 1.08983E-5 1.13308E-5 1.13706E-5 1.14684E-5 1.16665E-5 9.75865E-6 9.92875E-6 7.77964E-6 7.04005E-6 7.77991E-6 7.1781E-6 7.32455E-6 7.84927E-6 7.18977E-6 6.45254E-6 6.07837E-6 6.63813E-6 6.40465E-6 5.32158E-6 5.39919E-6 5.75997E-6 5.40376E-6 5.81213E-6 5.61894E-6 4.92481E-6 4.82625E-6 4.91841E-6 5.19399E-6 5.51372E-6 5.3148E-6 5.17199E-6 5.35316E-6 5.23874E-6
1.84414E-5 1.92014E-5 1.78312E-5 1.62517E-5 1.4994E-5 1.54327E-5 1.59324E-5 1.37183E-5 1.45716E-5 1.77212E-5 1.4415E-5 1.63688E-5 1.4384E-5 2.46163E-5 2.20057E-5 2.37162E-5 1.55791E-5 1.34753E-5 1.15604E-5 1.05984E-5 1.11037E-5 1.17956E-5 1.21089E-5 1.29014E-5 1.50131E-5 1.13074E-5 1.23274E-5 1.07715E-5 1.13158E-5 1.11624E-5 1.1707E-5 1.18381E-5 1.31296E-5 1.19845E-5 1.05457E-5 8.63831E-6 8.7097E-6 9.24942E-6 8.74235E-6 9.07964E-6 8.28142E-6 7.81079E-6 7.12932E-6 6.69967E-6 6.80009E-6 7.18673E-6 5.9466E-6 6.01824E-6 7.80199E-6 7.04209E-6 7.35359E-6 6.12735E-6 5.62618E-6 5.39356E-6 6.20316E-6 6.30308E-6 6.19141E-6 5.4708E-6 5.30854E-6 5.29069E-6 5.88686E-6
2.74801E-5 2.05287E-5 1.87331E-5 1.65443E-5 1.43603E-5 1.50482E-5 1.82041E-5 1.64291E-5 1.26347E-5 1.25689E-5 1.47504E-5 1.63019E-5 2.31972E-5 2.64466E-5 2.93275E-5 2.72653E-5 2.3988E-5 1.56194E-5 1.26772E-5 1.26064E-5 1.26628E-5 1.26968E-5 1.31088E-5 1.44856E-5 1.28124E-5 1.35666E-5 1.20004E-5 1.38407E-5 1.36554E-5 1.46825E-5 1.3679E-5 1.36376E-5 1.50005E-5 1.36197E-5 1.45108E-5 1.29016E-5 1.21838E-5 1.20625E-5 1.21343E-5 1.16771E-5 1.08013E-5 9.09724E-6 8.08065E-6 7.52798E-6 8.46215E-6 9.8722E-6 8.32632E-6 7.85739E-6 7.62888E-6 8.05864E-6 8.62164E-6 7.52967E-6 8.15408E-6 6.90026E-6 7.07629E-6 7.2673E-6 5.89104E-6 6.09531E-6 6.85818E-6 6.28728E-6 6.98664E-6
2.67557E-5 2.49156E-5 2.65652E-5 2.32401E-5 1.86304E-5 1.84782E-5 1.58518E-5 1.15782E-5 1.29097E-5 1.54202E-5 1.70572E-5 1.74076E-5 2.00291E-5 2.88577E-5 2.29133E-5 1.70493E-5 2.72913E-5 2.10424E-5 1.38496E-5 1.31903E-5 1.37067E-5 1.43087E-5 1.50744E-5 1.56917E-5 1.34913E-5 1.42277E-5 1.37134E-5 1.39178E-5 1.5151E-5 1.50358E-5 1.48755E-5 1.4585E-5 1.4443E-5 1.51423E-5 1.50772E-5 1.45709E-5 1.35736E-5 1.33973E-5 1.28819E-5 1.23565E-5 1.12404E-5 1.07227E-5 9.39465E-6 9.34123E-6 9.97145E-6 1.23969E-5 8.99429E-6 9.02026E-6 9.17213E-6 8.08794E-6 8.86075E-6 8.45338E-6 8.23256E-6 8.21149E-6 8.21037E-6 7.5975E-6 6.99674E-6 6.56933E-6 6.47319E-6 6.50711E-6 6.34237E-6
2.00988E-5 2.18001E-5 2.95447E-5 2.51388E-5 1.69045E-5 1.07791E-5 1.20172E-5 1.18556E-5 1.49708E-5 1.82365E-5 1.85552E-5 1.53553E-5 1.83025E-5 2.38984E-5 1.74042E-5 2.12277E-5 3.08118E-5 3.06613E-5 1.59997E-5 1.40488E-5 1.33407E-5 1.36938E-5 1.36092E-5 1.43322E-5 1.52338E-5 1.51556E-5 1.54185E-5 1.8102E-5 1.80206E-5 1.66396E-5 1.63678E-5 1.50136E-5 1.5613E-5 1.30104E-5 1.45137E-5 1.475E-5 1.55088E-5 1.51458E-5 1.33129E-5 1.21939E-5 1.14516E-5 1.37484E-5 1.62872E-5 1.4163E-5 1.16565E-5 1.4303E-5 1.08481E-5 1.00403E-5 1.10799E-5 1.05183E-5 1.07486E-5 9.71906E-6 8.97233E-6 9.12045E-6 8.99708E-6 8.68331E-6 7.56964E-6 7.23007E-6 7.12359E-6 7.2736E-6 7.33905E-6
1.87057E-5 2.1685E-5 2.53103E-5 2.90986E-5 2.48198E-5 1.52755E-5 8.9306E-6 1.09197E-5 1.51859E-5 1.59251E-5 1.37567E-5 1.50279E-5 1.86189E-5 1.9177E-5 1.53929E-5 2.45547E-5 2.46484E-5 3.12927E-5 2.6E-5 1.66103E-5 1.47548E-5 1.45446E-5 1.50415E-5 1.59217E-5 1.81945E-5 1.64437E-5 1.79806E-5 1.95878E-5 2.02496E-5 1.86938E-5 1.89787E-5 1.85403E-5 1.76066E-5 1.66895E-5 1.53421E-5 1.66657E-5 2.66214E-5 2.83712E-5 1.77502E-5 1.5519E-5 1.734E-5 1.55031E-5 1.45682E-5 1.46311E-5 1.47717E-5 1.5411E-5 1.52249E-5 1.37322E-5 1.28602E-5 1.13622E-5 1.02989E-5 1.04406E-5 1.10935E-5 1.02823E-5 9.6357E-6 1.00631E-5 9.0384E-6 8.66026E-6 8.61664E-6 9.19342E-6 8.47224E-6
2.08419E-5 2.17303E-5 2.57582E-5 2.94461E-5 2.73821E-5 1.95708E-5 1.20263E-5 1.07141E-5 1.65861E-5 1.83318E-5 1.34099E-5 1.30606E-5 1.36197E-5 1.41795E-5 1.22167E-5 1.87554E-5 2.61635E-5 3.65524E-5 2.5021E-5 1.60484E-5 1.60243E-5 1.77576E-5 1.72379E-5 1.75629E-5 1.78925E-5 1.8279E-5 2.13568E-5 2.07471E-5 2.02481E-5 1.98129E-5 2.02514E-5 2.1968E-5 2.24392E-5 2.47638E-5 2.18251E-5 1.88554E-5 2.51275E-5 2.59869E-5 2.09256E-5 1.80301E-5 2.14369E-5 1.78258E-5 1.61409E-5 1.56549E-5 1.59877E-5 1.38921E-5 1.38864E-5 1.63319E-5 1.57035E-5 1.2964E-5 1.01728E-5 1.15146E-5 1.50537E-5 1.54872E-5 1.38951E-5 1.29415E-5 1.06894E-5 1.03562E-5 1.01012E-5 9.82218E-6 9.55518E-6
2.15623E-5 2.70479E-5 2.85799E-5 2.92541E-5 3.03372E-5 2.44486E-5 1.8768E-5 1.2966E-5 1.39358E-5 1.52541E-5 1.55903E-5 1.46724E-5 1.40376E-5 1.36931E-5 1.2871E-5 3.22962E-5 3.43494E-5 3.27063E-5 3.04859E-5 1.83355E-5 2.12649E-5 1.98647E-5 1.99191E-5 1.98281E-5 1.86025E-5 2.12651E-5 2.22731E-5 2.20347E-5 2.11606E-5 2.12718E-5 1.8806E-5 2.03697E-5 2.49839E-5 2.46191E-5 2.61799E-5 2.52585E-5 2.40763E-5 2.27947E-5 2.15028E-5 1.97717E-5 1.72795E-5 1.7028E-5 1.57173E-5 1.55793E-5 1.45238E-5 1.54859E-5 1.4747E-5 1.32554E-5 1.33595E-5 1.26971E-5 1.3051E-5 1.5127E-5 1.31337E-5 1.1852E-5 1.30837E-5 1.43336E-5 1.20301E-5 1.10391E-5 1.14617E-5 1.17526E-5 1.17514E-5
2.34195E-5 2.28961E-5 2.61967E-5 2.46894E-5 3.06852E-5 3.76564E-5 3.54354E-5 2.31125E-5 1.7189E-5 1.79023E-5 1.9977E-5 1.59083E-5 1.70232E-5 1.52031E-5 1.80149E-5 3.59929E-5 3.4648E-5 3.86603E-5 3.40471E-5 2.3498E-5 2.41382E-5 2.03827E-5 2.05238E-5 2.15295E-5 2.12509E-5 2.28041E-5 2.32706E-5 2.43271E-5 2.22237E-5 2.50758E-5 2.60022E-5 2.84608E-5 2.77883E-5 2.41018E-5 2.41177E-5 3.132E-5 3.26894E-5 2.88598E-5 2.77249E-5 2.58038E-5 2.25019E-5 1.9044E-5 1.59597E-5 1.83996E-5 1.91727E-5 1.9046E-5 1.65389E-5 1.70602E-5 1.5266E-5 1.78732E-5 1.6321E-5 1.6078E-5 1.4602E-5 1.47273E-5 1.44625E-5 1.34919E-5 1.26344E-5 1.20563E-5 1.32772E-5 1.32425E-5 1.31923E-5
3.08529E-5 2.47491E-5 2.30232E-5 2.29041E-5 2.54206E-5 3.95022E-5 4.36308E-5 4.21262E-5 2.63111E-5 2.11079E-5 2.07653E-5 1.78588E-5 1.94122E-5 1.4839E-5 1.8456E-5 3.69143E-5 3.83291E-5 3.01105E-5 2.78648E-5 2.51546E-5 2.44847E-5 2.41804E-5 2.28816E-5 2.24781E-5 2.15288E-5 2.33379E-5 2.64152E-5 2.6788E-5 2.35569E-5 2.67351E-5 3.02662E-5 2.61075E-5 2.73828E-5 2.92366E-5 3.13716E-5 3.59875E-5 3.77774E-5 3.83097E-5 4.3671E-5 3.33359E-5 2.86479E-5 2.44097E-5 2.38629E-5 2.05832E-5 2.31938E-5 2.42847E-5 1.96094E-5 1.813E-5 1.76598E-5 1.80645E-5 1.89232E-5 1.67773E-5 1.58535E-5 1.54883E-5 1.65451E-5 1.32474E-5 1.3381E-5 1.41534E-5 1.46466E-5 1.4259E-5 1.47729E-5
3.22834E-5 2.9964E-5 2.72796E-5 2.71822E-5 3.02365E-5 3.81094E-5 4.86447E-5 4.67335E-5 4.51179E-5 2.63135E-5 2.5397E-5 2.48407E-5 1.97893E-5 1.71105E-5 1.60401E-5 2.57971E-5 3.15641E-5 2.61623E-5 2.21563E-5 2.2662E-5 2.4884E-5 2.92888E-5 2.5852E-5 2.4525E-5 2.6525E-5 2.86251E-5 2.68862E-5 2.97681E-5 3.23521E-5 3.41136E-5 3.62914E-5 3.23671E-5 3.59273E-5 4.28867E-5 4.22431E-5 3.82376E-5 4.42375E-5 4.59208E-5 4.42174E-5 5.47882E-5 4.92451E-5 3.79781E-5 3.21062E-5 3.1146E-5 3.57605E-5 3.31747E-5 2.37522E-5 2.38175E-5 2.23533E-5 1.94863E-5 1.71352E-5 1.6867E-5 1.57009E-5 1.62265E-5 1.88397E-5 1.46447E-5 1.48846E-5 1.49977E-5 1.54443E-5 1.59768E-5 1.56007E-5
2.80181E-5 3.38827E-5 3.15075E-5 3.18483E-5 3.25937E-5 3.85193E-5 4.69333E-5 4.7481E-5 3.52441E-5 2.73661E-5 2.58981E-5 2.32569E-5 1.92158E-5 1.6395E-5 1.31236E-5 1.23932E-5 1.64377E-5 2.18334E-5 1.83763E-5 2.61588E-5 2.70594E-5 2.95428E-5 3.105E-5 2.84548E-5 2.94596E-5 3.35862E-5 3.66598E-5 3.87037E-5 3.69E-5 3.5231E-5 4.39425E-5 4.01791E-5 4.64631E-5 4.40918E-5 4.07706E-5 3.95009E-5 4.4951E-5 4.93506E-5 4.8612E-5 4.59795E-5 4.88186E-5 4.95493E-5 5.088E-5 4.44003E-5 4.0675E-5 3.30738E-5 3.17474E-5 2.75186E-5 2.47011E-5 2.07038E-5 1.87797E-5 1.63384E-5 1.64778E-5 1.53808E-5 1.71262E-5 1.74165E-5 1.6143E-5 1.51989E-5 1.57623E-5 1.71046E-5 1.74443E-5
2.46331E-5 3.48453E-5 3.82181E-5 3.92721E-5 3.98768E-5 3.45754E-5 3.04046E-5 2.90003E-5 2.79759E-5 2.9168E-5 2.89483E-5 2.33005E-5 1.95333E-5 1.75795E-5 1.61571E-5 1.80774E-5 1.90091E-5 2.15501E-5 2.36811E-5 3.36191E-5 3.23872E-5 3.03095E-5 3.36227E-5 3.18021E-5 3.17084E-5 3.5969E-5 3.73066E-5 3.89655E-5 4.13873E-5 4.15211E-5 3.70221E-5 3.9728E-5 4.46646E-5 4.3442E-5 5.31536E-5 5.20874E-5 4.52285E-5 4.73671E-5 4.2794E-5 3.75811E-5 3.78672E-5 3.86546E-5 4.1199E-5 5.34028E-5 4.89203E-5 4.74169E-5 3.53439E-5 3.22377E-5 2.60383E-5 2.54969E-5 2.12369E-5 1.99452E-5 2.49986E-5 2.05696E-5 2.03164E-5 2.1027E-5 1.85284E-5 1.53669E-5 1.59593E-5 1.72525E-5 1.84821E-5
2.99029E-5 3.41678E-5 4.20384E-5 4.46211E-5 4.35939E-5 3.90785E-5 3.42536E-5 2.88992E-5 2.90199E-5 2.8066E-5 3.08125E-5 2.85425E-5 2.38358E-5 2.27589E-5 2.63296E-5 2.83208E-5 2.8771E-5 3.09737E-5 3.40201E-5 3.80167E-5 3.75548E-5 3.64701E-5 3.71321E-5 3.47932E-5 3.49925E-5 3.51479E-5 3.75741E-5 3.82003E-5 3.94875E-5 4.18611E-5 4.01367E-5 4.29049E-5 4.43397E-5 4.91194E-5 5.20101E-5 5.39147E-5 4.71952E-5 4.66717E-5 4.52086E-5 4.42787E-5 4.25156E-5 4.91197E-5 4.5943E-5 5.3465E-5 5.82388E-5 5.54181E-5 4.09393E-5 3.15466E-5 2.9711E-5 2.89559E-5 3.52429E-5 2.59063E-5 2.16978E-5 1.94524E-5 1.95673E-5 1.85549E-5 1.78483E-5 1.74659E-5 1.67114E-5 2.0363E-5 2.7124E-5
3.18357E-5 4.06057E-5 4.42456E-5 4.56832E-5 4.55311E-5 4.54334E-5 4.16181E-5 3.54541E-5 3.51756E-5 3.27751E-5 3.17157E-5 3.15448E-5 2.83252E-5 2.56822E-5 2.4974E-5 2.68805E-5 2.88099E-5 3.12153E-5 4.0745E-5 4.5015E-5 4.52501E-5 4.2472E-5 3.73457E-5 3.2624E-5 3.38151E-5 3.82778E-5 3.76861E-5 3.82271E-5 4.32886E-5 4.48028E-5 5.12397E-5 4.84209E-5 4.89271E-5 5.31165E-5 5.7712E-5 5.79117E-5 6.20917E-5 6.59377E-5 6.3351E-5 5.23505E-5 6.05671E-5 5.59544E-5 5.21579E-5 4.95917E-5 4.95192E-5 5.17333E-5 4.34173E-5 3.69068E-5 3.55267E-5 2.77368E-5 2.56658E-5 2.42507E-5 2.30339E-5 2.37607E-5 2.48323E-5 2.1109E-5 1.99996E-5 1.83794E-5 2.01117E-5 2.14032E-5 2.47096E-5
3.77108E-5 4.30955E-5 3.972E-5 4.51218E-5 4.605E-5 4.47497E-5 4.88351E-5 4.26143E-5 3.97378E-5 4.42115E-5 3.71776E-5 3.68765E-5 3.19366E-5 2.63009E-5 2.38332E-5 2.50666E-5 2.88861E-5 3.28259E-5 4.63977E-5 5.1917E-5 4.99769E-5 4.60876E-5 3.84929E-5 3.38061E-5 3.08665E-5 3.30977E-5 5.28313E-5 4.67262E-5 4.3287E-5 5.906E-5 6.16914E-5 4.91572E-5 5.12842E-5 5.94937E-5 6.17639E-5 6.02379E-5 6.01717E-5 6.04909E-5 6.54137E-5 5.63026E-5 5.84166E-5 7.0544E-5 5.94986E-5 4.8392E-5 4.82506E-5 5.24004E-5 6.49492E-5 5.41325E-5 3.77469E-5 3.49592E-5 2.43366E-5 2.35999E-5 2.26441E-5 2.28426E-5 2.26142E-5 2.19211E-5 1.86304E-5 1.93925E-5 2.19726E-5 2.23572E-5 2.29318E-5
