data/maxent/outputs/white_144.asc
ncols         426
nrows         180
xllcorner     -130.0
yllcorner     24.0
cellsize      0.16666666666666666
NODATA_value  -9999
[rows 108 to 134 of 180, columns 183 to 243 of 426]
3.24172E-1 3.29247E-1 3.57496E-1 3.84346E-1 3.98453E-1 4.20706E-1 4.19793E-1 4.03857E-1 4.09073E-1 4.22352E-1 4.39239E-1 4.6081E-1 4.81358E-1 4.96733E-1 4.95233E-1 5.02417E-1 5.02135E-1 5.17595E-1 5.17983E-1 5.22377E-1 5.17276E-1 5.12085E-1 5.28554E-1 5.15415E-1 5.2723E-1 5.6713E-1 5.58921E-1 5.62641E-1 5.7638E-1 5.75041E-1 5.98757E-1 6.10149E-1 6.22897E-1 6.17931E-1 6.25485E-1 6.43843E-1 6.38589E-1 6.25273E-1 5.97585E-1 5.95513E-1 5.46764E-1 5.53773E-1 5.67535E-1 5.71314E-1 5.78243E-1 5.69416E-1 5.57158E-1 5.62821E-1 5.37564E-1 5.29907E-1 5.35111E-1 5.40785E-1 5.60271E-1 5.3892E-1 5.50931E-1 5.49094E-1 5.94633E-1 6.06492E-1 6.2042E-1 6.18168E-1 6.05174E-1
3.0777E-1 3.30549E-1 3.48145E-1 3.79584E-1 3.97395E-1 4.23381E-1 4.28955E-1 4.28045E-1 4.1697E-1 4.35765E-1 4.56194E-1 4.69262E-1 5.07411E-1 5.06917E-1 5.00712E-1 5.05985E-1 5.0314E-1 5.11527E-1 5.15453E-1 5.20621E-1 5.22795E-1 5.3072E-1 5.14602E-1 5.15895E-1 5.28061E-1 5.41776E-1 5.65096E-1 5.80257E-1 5.92313E-1 5.891E-1 5.99188E-1 6.10152E-1 6.18246E-1 6.32118E-1 6.09872E-1 6.14061E-1 6.21866E-1 6.07627E-1 6.29778E-1 6.20806E-1 6.17498E-1 5.76351E-1 5.74489E-1 5.7991E-1 5.79348E-1 5.80615E-1 5.60854E-1 5.46343E-1 5.34783E-1 5.24906E-1 5.39903E-1 5.46504E-1 5.55955E-1 5.32684E-1 5.51359E-1 5.55277E-1 5.75823E-1 6.04219E-1 6.13161E-1 6.04863E-1 5.90579E-1
3.4381E-1 3.5542E-1 3.51468E-1 3.7963E-1 4.06773E-1 4.1409E-1 4.35704E-1 4.40973E-1 4.45052E-1 4.56568E-1 4.76524E-1 5.02147E-1 5.11197E-1 5.1086E-1 5.11163E-1 5.06115E-1 5.10784E-1 5.17002E-1 5.20363E-1 5.21342E-1 5.32572E-1 5.26627E-1 5.26555E-1 5.1231E-1 5.23189E-1 5.35371E-1 5.57281E-1 5.72017E-1 5.66688E-1 5.51608E-1 5.42415E-1 5.49505E-1 5.3314E-1 5.20585E-1 5.69109E-1 5.69773E-1 5.84101E-1 5.84182E-1 6.02551E-1 6.09307E-1 5.9866E-1 5.57332E-1 5.48324E-1 5.75268E-1 5.77361E-1 5.59579E-1 5.4894E-1 5.50072E-1 5.33468E-1 5.30062E-1 5.40793E-1 5.5101E-1 5.57285E-1 5.39761E-1 5.47987E-1 5.52386E-1 5.58113E-1 5.87606E-1 5.89171E-1 5.78602E-1 5.73227E-1
3.72932E-1 3.7415E-1 3.71917E-1 3.68817E-1 4.03131E-1 4.1749E-1 4.3106E-1 4.56641E-1 4.53119E-1 4.63546E-1 4.85963E-1 5.03251E-1 5.15307E-1 5.22659E-1 5.21144E-1 5.19564E-1 5.19444E-1 5.25512E-1 5.25631E-1 5.31691E-1 5.3616E-1 5.40148E-1 5.47848E-1 5.56509E-1 5.46022E-1 5.22259E-1 5.21997E-1 5.4501E-1 5.20166E-1 5.07459E-1 5.10257E-1 4.82312E-1 4.79599E-1 4.95515E-1 4.92672E-1 4.99096E-1 5.12512E-1 5.33267E-1 5.46353E-1 5.61361E-1 5.34024E-1 5.2727E-1 5.35058E-1 5.43021E-1 5.69153E-1 5.30967E-1 5.11566E-1 5.31762E-1 5.31786E-1 5.2821E-1 5.4098E-1 5.44495E-1 5.52505E-1 5.37684E-1 5.34485E-1 5.42573E-1 5.61527E-1 5.64683E-1 5.65166E-1 5.62556E-1 5.64393E-1
3.53453E-1 3.62493E-1 3.79284E-1 3.75752E-1 3.88313E-1 4.02156E-1 4.33986E-1 4.34733E-1 4.43388E-1 4.53111E-1 4.84519E-1 4.85849E-1 5.00159E-1 5.2125E-1 5.20843E-1 5.2018E-1 5.21909E-1 5.29047E-1 5.20355E-1 5.25527E-1 5.36211E-1 5.40219E-1 5.42672E-1 5.76306E-1 5.65758E-1 5.29171E-1 5.22631E-1 5.22385E-1 5.02811E-1 4.96064E-1 4.98715E-1 4.92507E-1 4.98694E-1 5.04126E-1 5.33468E-1 5.86244E-1 5.53691E-1 5.46501E-1 5.22465E-1 5.16194E-1 5.07666E-1 5.18592E-1 5.23483E-1 5.28102E-1 5.3669E-1 5.31337E-1 5.21949E-1 5.12071E-1 5.27221E-1 5.30852E-1 5.40474E-1 5.43295E-1 5.44216E-1 5.29282E-1 5.27271E-1 5.26371E-1 5.61414E-1 5.64805E-1 5.6023E-1 5.5322E-1 5.58437E-1
3.54697E-1 3.55177E-1 3.67713E-1 3.78803E-1 3.86729E-1 4.03396E-1 4.14022E-1 4.27562E-1 4.32745E-1 4.37506E-1 4.74522E-1 4.87209E-1 4.91081E-1 5.12802E-1 5.16107E-1 5.18761E-1 5.18965E-1 5.27835E-1 5.22159E-1 5.34746E-1 5.49715E-1 5.36896E-1 5.46487E-1 5.59399E-1 5.55876E-1 5.57225E-1 5.54624E-1 5.34082E-1 5.37043E-1 5.00163E-1 5.29426E-1 5.12571E-1 5.05211E-1 5.20315E-1 5.67222E-1 5.41986E-1 4.94823E-1 4.91771E-1 4.95836E-1 5.29743E-1 5.03554E-1 5.21706E-1 5.33834E-1 5.30865E-1 5.26021E-1 5.20532E-1 5.22588E-1 5.22693E-1 5.3484E-1 5.41453E-1 5.42765E-1 5.39787E-1 5.37947E-1 5.21765E-1 5.23864E-1 5.29407E-1 5.69815E-1 5.88688E-1 5.68776E-1 5.52538E-1 5.49154E-1
3.54874E-1 3.73438E-1 3.66129E-1 3.94688E-1 4.33853E-1 4.51205E-1 4.15607E-1 4.39016E-1 4.53718E-1 4.51257E-1 4.56844E-1 4.71772E-1 4.83711E-1 4.98987E-1 5.12947E-1 5.23019E-1 5.24773E-1 5.26702E-1 5.26284E-1 5.36597E-1 5.44824E-1 5.3258E-1 5.37576E-1 5.39437E-1 5.47336E-1 5.61264E-1 5.35588E-1 5.2968E-1 5.17612E-1 5.25904E-1 5.53863E-1 5.61425E-1 5.25152E-1 5.77475E-1 5.59294E-1 5.32472E-1 5.295E-1 5.38673E-1 5.37657E-1 5.43964E-1 5.35415E-1 5.43802E-1 5.42639E-1 5.36313E-1 5.40626E-1 5.41906E-1 5.42181E-1 5.33835E-1 5.49819E-1 5.55403E-1 5.52718E-1 5.38539E-1 5.29852E-1 5.20767E-1 5.22606E-1 5.34654E-1 5.40819E-1 5.42782E-1 5.40268E-1 5.47517E-1 5.57348E-1
3.37512E-1 3.65114E-1 3.78288E-1 3.96529E-1 4.55095E-1 4.66683E-1 4.2757E-1 4.26922E-1 4.5564E-1 4.75433E-1 4.79454E-1 4.82768E-1 4.87927E-1 4.92638E-1 5.14702E-1 5.34191E-1 5.34415E-1 5.21282E-1 5.19828E-1 5.26654E-1 5.33414E-1 5.34167E-1 5.39497E-1 5.57469E-1 5.62555E-1 5.6586E-1 5.58248E-1 5.62419E-1 5.96167E-1 5.90509E-1 5.93465E-1 5.82358E-1 5.67208E-1 5.72266E-1 5.69687E-1 5.64742E-1 5.49819E-1 5.67458E-1 5.73189E-1 5.53933E-1 5.34957E-1 5.41346E-1 5.6833E-1 5.70412E-1 5.52456E-1 5.66701E-1 5.54956E-1 5.57476E-1 5.66298E-1 5.65298E-1 5.63356E-1 5.47103E-1 5.44856E-1 5.42059E-1 5.37338E-1 5.29289E-1 5.50169E-1 5.31235E-1 5.31596E-1 5.45783E-1 5.4517E-1
3.34476E-1 3.50087E-1 3.64589E-1 3.66845E-1 3.81254E-1 3.92605E-1 4.10735E-1 4.24657E-1 4.42827E-1 4.71409E-1 4.78546E-1 4.84422E-1 4.92188E-1 5.00914E-1 5.0917E-1 5.33385E-1 5.35552E-1 5.22171E-1 5.0937E-1 5.18568E-1 5.30818E-1 5.49459E-1 5.51153E-1 5.6726E-1 5.80043E-1 5.75146E-1 5.77665E-1 5.85061E-1 5.7709E-1 5.78124E-1 5.4223E-1 5.55323E-1 5.35088E-1 5.49895E-1 5.4376E-1 5.31626E-1 5.9406E-1 5.85252E-1 5.46387E-1 5.44359E-1 5.29832E-1 5.38949E-1 5.54268E-1 5.60334E-1 5.7093E-1 5.66323E-1 5.88378E-1 5.74677E-1 5.70059E-1 5.6593E-1 5.5737E-1 5.48685E-1 5.43104E-1 5.64259E-1 5.32443E-1 5.30147E-1 5.20618E-1 5.20242E-1 5.30659E-1 5.35552E-1 5.25171E-1
3.39215E-1 3.44551E-1 3.56099E-1 3.52686E-1 3.62053E-1 3.75553E-1 3.97494E-1 4.13877E-1 4.34822E-1 4.49868E-1 4.63291E-1 4.81968E-1 4.98261E-1 5.32437E-1 5.28125E-1 5.25869E-1 5.21948E-1 5.21313E-1 5.09643E-1 5.14954E-1 5.24454E-1 5.39895E-1 5.46596E-1 5.4892E-1 5.43828E-1 5.53738E-1 5.60591E-1 5.39896E-1 5.46943E-1 5.11142E-1 5.22605E-1 5.48526E-1 5.75112E-1 5.77188E-1 5.55077E-1 5.45386E-1 5.30683E-1 5.19031E-1 5.38356E-1 5.32483E-1 5.40094E-1 5.49747E-1 5.65265E-1 5.81578E-1 5.93405E-1 5.79115E-1 5.94069E-1 5.8979E-1 5.73662E-1 5.64367E-1 5.64505E-1 5.46346E-1 5.52619E-1 5.54752E-1 5.36271E-1 5.28906E-1 5.16934E-1 5.12386E-1 5.53352E-1 5.4428E-1 5.29417E-1
3.37662E-1 3.39061E-1 3.47324E-1 3.54769E-1 3.63141E-1 3.72951E-1 3.88254E-1 4.05305E-1 4.27224E-1 4.31278E-1 4.41309E-1 4.69844E-1 4.83341E-1 4.96595E-1 5.17452E-1 5.15903E-1 5.11923E-1 5.17445E-1 5.1885E-1 5.14959E-1 5.14469E-1 5.16922E-1 5.17461E-1 5.13132E-1 5.2409E-1 5.23795E-1 5.26337E-1 5.2452E-1 5.61466E-1 5.44558E-1 5.14228E-1 5.00804E-1 5.06281E-1 5.20629E-1 5.48688E-1 5.26645E-1 5.20233E-1 5.23917E-1 5.32165E-1 5.30142E-1 5.61046E-1 5.69237E-1 5.80271E-1 5.91531E-1 6.08266E-1 6.01401E-1 5.93476E-1 5.9964E-1 5.82688E-1 5.61493E-1 5.63455E-1 5.51349E-1 5.55643E-1 5.42498E-1 5.29137E-1 5.30749E-1 5.16524E-1 5.19105E-1 5.17509E-1 5.10796E-1 5.08268E-1
3.26893E-1 3.32976E-1 3.46901E-1 3.60813E-1 3.66202E-1 3.76934E-1 3.83213E-1 4.00937E-1 4.15898E-1 4.29407E-1 4.38963E-1 4.61178E-1 4.91105E-1 5.03312E-1 5.17269E-1 5.23351E-1 5.20828E-1 5.38227E-1 5.24126E-1 5.26306E-1 5.26777E-1 5.24182E-1 5.22941E-1 5.21599E-1 5.37813E-1 5.1375E-1 5.05392E-1 4.93568E-1 4.96199E-1 4.80997E-1 4.83183E-1 4.83033E-1 5.01817E-1 5.32008E-1 5.37083E-1 5.40241E-1 5.26629E-1 5.24043E-1 5.25358E-1 5.40207E-1 5.68745E-1 5.88169E-1 5.93802E-1 6.01592E-1 6.01883E-1 5.94118E-1 5.90074E-1 5.88276E-1 5.91486E-1 5.72605E-1 5.69344E-1 5.583E-1 5.46568E-1 5.44874E-1 5.27905E-1 5.35647E-1 5.24452E-1 5.19403E-1 5.20043E-1 4.96119E-1 4.9882E-1
3.23412E-1 3.37564E-1 3.41978E-1 3.51966E-1 3.65792E-1 3.88632E-1 3.91755E-1 4.0027E-1 4.18166E-1 4.38055E-1 4.53557E-1 4.79036E-1 4.90122E-1 5.03735E-1 5.07177E-1 5.30377E-1 5.52115E-1 5.77472E-1 5.21964E-1 5.20964E-1 5.21387E-1 5.24683E-1 5.2212E-1 5.22791E-1 5.14489E-1 5.06196E-1 5.01328E-1 4.92087E-1 4.7812E-1 4.79335E-1 4.83272E-1 4.96687E-1 5.22094E-1 5.47534E-1 5.58274E-1 5.53319E-1 5.56122E-1 5.56117E-1 5.50773E-1 5.54273E-1 5.72606E-1 5.92397E-1 5.97414E-1 6.02864E-1 6.02351E-1 5.97025E-1 5.95481E-1 5.84416E-1 5.8003E-1 5.66168E-1 5.70984E-1 5.46468E-1 5.44917E-1 5.40016E-1 5.37684E-1 5.38508E-1 5.20606E-1 5.02552E-1 5.2543E-1 5.06738E-1 4.88202E-1
3.38315E-1 3.68663E-1 3.60922E-1 3.68191E-1 3.68955E-1 3.77325E-1 3.98825E-1 4.1967E-1 4.29947E-1 4.48183E-1 4.82781E-1 5.1253E-1 5.16744E-1 5.14262E-1 5.233E-1 5.23477E-1 5.40329E-1 5.46855E-1 5.20147E-1 5.20767E-1 5.277E-1 5.30031E-1 5.25711E-1 5.32086E-1 5.18673E-1 5.12043E-1 5.04494E-1 4.93977E-1 5.00364E-1 5.09206E-1 5.16138E-1 5.3101E-1 5.80527E-1 6.04001E-1 5.75636E-1 5.79015E-1 5.85559E-1 5.88552E-1 5.89066E-1 5.79324E-1 5.83357E-1 6.05036E-1 6.08953E-1 6.08499E-1 5.96599E-1 5.92161E-1 5.9323E-1 5.8477E-1 5.73911E-1 5.62074E-1 5.66263E-1 5.54824E-1 5.46419E-1 5.45591E-1 5.4841E-1 5.41476E-1 5.27926E-1 4.94019E-1 5.27269E-1 5.05678E-1 4.88274E-1
3.53038E-1 3.63194E-1 3.69811E-1 3.76222E-1 3.83849E-1 3.86489E-1 4.06077E-1 4.31575E-1 4.49632E-1 4.63009E-1 4.79757E-1 5.03237E-1 4.9968E-1 4.93244E-1 5.09287E-1 5.08569E-1 5.14424E-1 5.28259E-1 5.3642E-1 5.29186E-1 5.35021E-1 5.32869E-1 5.28814E-1 5.22239E-1 5.16871E-1 5.15824E-1 5.13094E-1 5.11015E-1 5.19819E-1 5.31584E-1 5.47658E-1 5.53259E-1 5.70286E-1 5.7189E-1 5.94203E-1 6.02854E-1 6.07675E-1 6.08307E-1 6.14398E-1 6.10547E-1 6.05976E-1 6.07058E-1 6.11541E-1 6.0853E-1 5.9881E-1 5.91717E-1 5.84816E-1 5.71652E-1 5.68683E-1 5.64563E-1 5.52208E-1 5.55009E-1 5.44728E-1 5.57661E-1 5.67194E-1 5.42332E-1 5.30168E-1 5.01234E-1 4.94217E-1 4.79646E-1 4.85819E-1
3.54574E-1 3.7066E-1 3.65832E-1 3.85238E-1 3.97346E-1 4.09838E-1 4.2107E-1 4.36055E-1 4.54448E-1 4.69894E-1 4.7015E-1 4.91924E-1 4.89768E-1 4.87404E-1 5.21314E-1 5.03443E-1 5.09295E-1 5.21508E-1 5.24244E-1 5.26445E-1 5.29603E-1 5.26498E-1 5.25389E-1 5.19241E-1 5.19044E-1 5.17642E-1 5.08477E-1 5.12802E-1 5.24412E-1 5.46172E-1 5.62865E-1 5.90465E-1 6.12094E-1 6.06959E-1 5.99455E-1 6.17794E-1 6.17146E-1 6.20134E-1 6.17655E-1 6.18284E-1 6.19593E-1 6.28061E-1 6.13323E-1 6.04786E-1 5.99705E-1 5.83221E-1 5.72342E-1 5.55646E-1 5.57669E-1 5.57917E-1 5.6953E-1 5.53085E-1 5.41509E-1 5.49874E-1 5.51853E-1 5.37221E-1 5.23695E-1 5.05166E-1 4.80721E-1 4.73103E-1 4.77332E-1
3.65798E-1 3.71896E-1 3.70251E-1 3.78914E-1 3.93113E-1 4.14925E-1 4.42104E-1 4.46801E-1 4.52475E-1 4.74396E-1 4.65299E-1 4.8901E-1 4.8441E-1 4.87254E-1 5.08558E-1 4.98061E-1 5.2044E-1 5.16869E-1 5.18877E-1 5.27744E-1 5.24618E-1 5.21612E-1 5.43458E-1 5.29884E-1 5.19699E-1 5.22807E-1 5.25837E-1 5.31556E-1 5.37578E-1 5.49916E-1 5.78453E-1 6.31308E-1 6.01427E-1 6.04776E-1 6.11394E-1 6.3106E-1 6.35343E-1 6.34833E-1 6.34219E-1 6.20954E-1 6.07116E-1 6.35873E-1 6.21588E-1 6.06292E-1 5.96146E-1 5.70138E-1 5.58501E-1 5.41932E-1 5.47843E-1 5.49689E-1 5.56957E-1 5.51397E-1 5.47971E-1 5.44085E-1 5.33283E-1 5.27736E-1 5.00909E-1 4.90974E-1 4.74889E-1 4.76375E-1 4.74354E-1
3.91152E-1 3.80391E-1 3.79205E-1 3.92685E-1 4.02805E-1 4.19718E-1 4.4475E-1 4.45719E-1 4.60729E-1 4.73468E-1 4.67594E-1 4.7523E-1 4.92431E-1 4.965E-1 5.32246E-1 5.39529E-1 5.50934E-1 5.30571E-1 5.40269E-1 5.2712E-1 5.31867E-1 5.31955E-1 5.26003E-1 5.25231E-1 5.22831E-1 5.31544E-1 5.4938E-1 5.28362E-1 5.47503E-1 5.35482E-1 5.51862E-1 5.59646E-1 5.91405E-1 6.22987E-1 6.28937E-1 6.50509E-1 6.3972E-1 6.38618E-1 6.33392E-1 6.15594E-1 6.02931E-1 6.07916E-1 6.02458E-1 5.89544E-1 5.95588E-1 5.48618E-1 5.39298E-1 5.32525E-1 5.31975E-1 5.39509E-1 5.48976E-1 5.42505E-1 5.32563E-1 5.32184E-1 5.35952E-1 5.35096E-1 4.96231E-1 4.81674E-1 4.71424E-1 4.74344E-1 4.70997E-1
4.09561E-1 3.78353E-1 3.826E-1 3.96146E-1 4.1212E-1 4.49939E-1 4.69218E-1 4.38429E-1 4.54715E-1 4.77707E-1 4.8219E-1 4.88938E-1 5.09818E-1 5.19911E-1 5.35458E-1 5.53432E-1 5.78726E-1 5.52519E-1 5.38958E-1 5.39852E-1 5.62414E-1 5.77561E-1 5.46559E-1 5.67669E-1 5.27435E-1 5.24615E-1 5.15797E-1 5.22818E-1 5.56553E-1 5.60023E-1 5.6285E-1 5.82156E-1 6.03703E-1 6.26048E-1 6.34514E-1 6.39851E-1 6.40187E-1 6.4073E-1 6.42025E-1 6.24924E-1 6.08912E-1 5.90522E-1 5.85758E-1 5.73098E-1 5.62349E-1 5.32963E-1 5.26491E-1 5.3206E-1 5.21143E-1 5.31925E-1 5.41931E-1 5.32374E-1 5.32488E-1 5.30115E-1 5.4073E-1 5.22618E-1 4.89308E-1 4.818E-1 4.7575E-1 4.70027E-1 4.69381E-1
4.16089E-1 3.83252E-1 3.97943E-1 4.22932E-1 4.4016E-1 4.61056E-1 4.61701E-1 4.50259E-1 4.39864E-1 4.58473E-1 4.74954E-1 4.80416E-1 5.31278E-1 5.35975E-1 5.38675E-1 5.57027E-1 5.61537E-1 5.37791E-1 5.26159E-1 5.38907E-1 5.5472E-1 5.54205E-1 5.36322E-1 5.48334E-1 5.24149E-1 5.24998E-1 5.2658E-1 5.414E-1 5.59824E-1 6.17405E-1 5.91465E-1 6.11669E-1 6.60174E-1 6.38478E-1 6.33944E-1 6.37847E-1 6.27301E-1 6.36724E-1 6.32935E-1 6.30032E-1 5.97565E-1 5.85138E-1 6.1585E-1 5.68688E-1 5.49311E-1 5.274E-1 5.27226E-1 5.25958E-1 5.17475E-1 5.27274E-1 5.41762E-1 5.25739E-1 5.29037E-1 5.32178E-1 5.34487E-1 5.03269E-1 4.99372E-1 4.8035E-1 4.74875E-1 4.68382E-1 4.68682E-1
4.17659E-1 3.90537E-1 4.10109E-1 4.27427E-1 4.61241E-1 4.64758E-1 4.40903E-1 4.57221E-1 4.37737E-1 4.3566E-1 4.60797E-1 4.68253E-1 4.95953E-1 4.98449E-1 5.17339E-1 5.40797E-1 5.14722E-1 5.22303E-1 5.22576E-1 5.34394E-1 5.44026E-1 5.51059E-1 5.44092E-1 5.36772E-1 5.3043E-1 5.23735E-1 5.33359E-1 5.65731E-1 5.98594E-1 6.00646E-1 6.15853E-1 6.23217E-1 6.34736E-1 6.55221E-1 6.51925E-1 6.30829E-1 6.05956E-1 6.13339E-1 6.05361E-1 6.00427E-1 5.82125E-1 5.782E-1 5.71598E-1 5.85146E-1 5.83449E-1 5.4763E-1 5.28463E-1 5.24433E-1 5.257E-1 5.29125E-1 5.45932E-1 5.28769E-1 5.32468E-1 5.29462E-1 5.06658E-1 5.0309E-1 5.04301E-1 5.05989E-1 4.78298E-1 4.76537E-1 4.75588E-1
4.19232E-1 4.07889E-1 4.30447E-1 4.42433E-1 4.48839E-1 4.7584E-1 4.91051E-1 4.81212E-1 4.54496E-1 4.50829E-1 4.59622E-1 4.639E-1 4.78691E-1 4.96265E-1 4.94203E-1 5.08466E-1 5.02147E-1 5.13242E-1 5.261E-1 5.54128E-1 5.50721E-1 5.51558E-1 5.40463E-1 5.40395E-1 5.42828E-1 5.54928E-1 5.57483E-1 5.82076E-1 6.16153E-1 6.20999E-1 6.16745E-1 6.09774E-1 6.23225E-1 6.26363E-1 6.44953E-1 5.98134E-1 6.19298E-1 5.87938E-1 5.84707E-1 5.71706E-1 5.58811E-1 5.60178E-1 5.61275E-1 5.68292E-1 5.69992E-1 5.62755E-1 5.28732E-1 5.29139E-1 5.28093E-1 5.26887E-1 5.28019E-1 5.4117E-1 5.29984E-1 5.18667E-1 5.06128E-1 5.20218E-1 5.55488E-1 4.95885E-1 4.7758E-1 4.98983E-1 4.87735E-1
4.08203E-1 4.48646E-1 4.44437E-1 4.39051E-1 4.45347E-1 4.52818E-1 4.96924E-1 4.92649E-1 4.83711E-1 4.58987E-1 4.53491E-1 4.52747E-1 4.65973E-1 4.92307E-1 5.01767E-1 5.01304E-1 5.00518E-1 5.16199E-1 5.22706E-1 5.43067E-1 5.80916E-1 5.51057E-1 5.46724E-1 5.47989E-1 5.7869E-1 5.74044E-1 5.79838E-1 5.9195E-1 6.04925E-1 6.42129E-1 6.05112E-1 6.07347E-1 6.13075E-1 6.08876E-1 5.87138E-1 5.79463E-1 5.8885E-1 5.69005E-1 5.78831E-1 5.53035E-1 5.57825E-1 5.64304E-1 5.61481E-1 5.56146E-1 5.68707E-1 5.62983E-1 5.31235E-1 5.26914E-1 5.31877E-1 5.21206E-1 5.22449E-1 5.29168E-1 5.14088E-1 5.10416E-1 5.17632E-1 5.22206E-1 5.10771E-1 4.96714E-1 4.90194E-1 5.02545E-1 5.0096E-1
3.94613E-1 4.09405E-1 4.36807E-1 4.58749E-1 4.5781E-1 4.51068E-1 4.92899E-1 4.90777E-1 4.73509E-1 4.71019E-1 4.6177E-1 4.60598E-1 4.8163E-1 4.96525E-1 5.13174E-1 4.97378E-1 5.05232E-1 5.08266E-1 5.34325E-1 5.53856E-1 5.35089E-1 5.40337E-1 5.47075E-1 5.55828E-1 5.81051E-1 5.6125E-1 5.62128E-1 5.7848E-1 6.04684E-1 5.95448E-1 6.06235E-1 5.98583E-1 5.95525E-1 5.89391E-1 5.75776E-1 5.61681E-1 5.58891E-1 5.65093E-1 5.63643E-1 5.69873E-1 5.54203E-1 5.50916E-1 5.50874E-1 5.52055E-1 5.78549E-1 5.71143E-1 5.36332E-1 5.28502E-1 5.28271E-1 5.16924E-1 5.46344E-1 5.1955E-1 5.22349E-1 5.13828E-1 5.22072E-1 5.05598E-1 5.12566E-1 4.95111E-1 4.94597E-1 5.13858E-1 5.01026E-1
4.03713E-1 4.2075E-1 4.45404E-1 4.74312E-1 4.9363E-1 4.75797E-1 4.66939E-1 4.80533E-1 4.71661E-1 4.74708E-1 4.72859E-1 4.79531E-1 5.15285E-1 5.09612E-1 5.13813E-1 5.05397E-1 5.18143E-1 5.0466E-1 5.25167E-1 5.46291E-1 5.40408E-1 5.31233E-1 5.5145E-1 5.56478E-1 5.64568E-1 5.92386E-1 5.7398E-1 5.90027E-1 6.04753E-1 6.09828E-1 6.01893E-1 5.9646E-1 5.91151E-1 6.07465E-1 5.68798E-1 5.62275E-1 5.48065E-1 5.44769E-1 5.6597E-1 5.90076E-1 5.85666E-1 5.60369E-1 5.54965E-1 5.61854E-1 5.76898E-1 5.79021E-1 5.67258E-1 5.39622E-1 5.25827E-1 5.45022E-1 5.39158E-1 5.10077E-1 5.22435E-1 5.18181E-1 5.31072E-1 5.14168E-1 5.01102E-1 5.03782E-1 5.10752E-1 5.06589E-1 5.12188E-1
4.0008E-1 4.22769E-1 4.38513E-1 4.37677E-1 4.8264E-1 4.9739E-1 4.8994E-1 4.73286E-1 4.61792E-1 4.77313E-1 4.81426E-1 4.89667E-1 4.85086E-1 4.96444E-1 5.13353E-1 5.20384E-1 5.06493E-1 5.07992E-1 5.06924E-1 5.21469E-1 5.36893E-1 5.35924E-1 5.55964E-1 5.87475E-1 5.85415E-1 6.05151E-1 6.14544E-1 6.01649E-1 6.15346E-1 6.08888E-1 5.95204E-1 5.98107E-1 5.83592E-1 5.99502E-1 6.21204E-1 5.60793E-1 5.53935E-1 5.48988E-1 5.60873E-1 5.69763E-1 5.78199E-1 6.02341E-1 5.83801E-1 5.74063E-1 5.88423E-1 5.74253E-1 5.73357E-1 5.46513E-1 5.54895E-1 5.46052E-1 5.26172E-1 5.29478E-1 5.34173E-1 5.34208E-1 5.20775E-1 5.04299E-1 5.11372E-1 5.16451E-1 5.20965E-1 5.29152E-1 5.34756E-1
3.84806E-1 3.97361E-1 4.10119E-1 4.35941E-1 4.48004E-1 4.80007E-1 4.83496E-1 4.83302E-1 4.72026E-1 4.71157E-1 5.01466E-1 5.06579E-1 5.02512E-1 5.31342E-1 5.28266E-1 5.26777E-1 5.09706E-1 5.19007E-1 5.14043E-1 5.19758E-1 5.21613E-1 5.56566E-1 5.65704E-1 6.00105E-1 5.97382E-1 6.08945E-1 6.02411E-1 6.06032E-1 6.24623E-1 5.96798E-1 5.91303E-1 5.74391E-1 5.71802E-1 5.86862E-1 6.75374E-1 5.88328E-1 5.84493E-1 5.69525E-1 5.79397E-1 5.78443E-1 6.11474E-1 6.32999E-1 6.17041E-1 5.96759E-1 6.18371E-1 5.84857E-1 5.9206E-1 5.69041E-1 5.79372E-1 5.55451E-1 5.453E-1 5.49654E-1 5.56234E-1 5.45872E-1 5.38018E-1 5.23198E-1 5.17214E-1 5.30268E-1 5.41708E-1 5.4676E-1 5.56615E-1
