data/maxent/outputs/white_314.asc
ncols         426
nrows         180
xllcorner     -130.0
yllcorner     24.0
cellsize      0.16666666666666666
NODATA_value  -9999
[rows 54 to 80 of 180, columns 244 to 304 of 426]
8.28207E-3 7.60763E-3 1.03478E-2 1.29639E-2 1.67382E-2 1.50719E-2 1.56053E-2 2.03171E-2 2.80575E-2 9.18111E-2 9.97319E-2 9.31184E-2 5.83052E-2 1.30179E-1 1.42915E-1 1.51977E-1 1.58994E-1 1.66629E-1 1.54063E-1 2.21301E-1 2.0311E-1 1.34503E-1 1.20913E-1 1.10807E-1 9.06194E-2 4.78927E-2 3.12508E-2 3.21882E-2 2.43245E-2 2.24229E-2 2.80947E-2 3.07145E-2 3.48887E-2 4.04853E-2 4.84164E-2 8.55699E-2 1.79819E-1 1.61249E-1 1.86598E-1 2.17071E-1 2.5026E-1 2.46583E-1 2.53804E-1 2.40464E-1 2.10975E-1 1.69898E-1 1.33425E-1 2.41708E-1 3.86594E-1 3.76309E-1 2.31988E-1 1.48936E-1 1.45426E-1 1.29774E-1 1.77141E-1 2.11183E-1 3.47133E-1 2.99827E-1 2.41435E-1 2.60122E-1 1.79891E-1
1.16243E-2 1.12472E-2 1.19297E-2 1.35234E-2 1.76771E-2 1.92616E-2 1.93874E-2 2.56092E-2 6.17878E-2 8.96451E-2 5.11693E-2 4.82181E-2 1.29363E-1 1.46127E-1 1.59405E-1 1.71358E-1 1.88877E-1 1.90972E-1 2.04535E-1 2.22803E-1 1.23865E-1 1.04534E-1 9.0225E-2 7.35586E-2 5.45865E-2 3.45598E-2 3.09554E-2 2.54039E-2 1.80121E-2 1.71677E-2 1.95727E-2 2.28578E-2 2.74737E-2 3.79547E-2 6.22039E-2 6.26327E-2 1.65508E-1 1.61156E-1 2.05658E-1 2.21101E-1 2.39046E-1 2.47776E-1 2.62232E-1 2.65084E-1 2.4684E-1 2.01332E-1 1.41024E-1 1.30712E-1 3.62405E-1 3.93574E-1 3.77552E-1 2.52658E-1 1.90881E-1 1.45372E-1 1.82159E-1 3.70797E-1 3.34289E-1 3.03924E-1 2.23015E-1 2.47021E-1 2.2805E-1
1.46282E-2 1.57298E-2 1.52216E-2 1.75565E-2 2.15058E-2 2.05887E-2 2.12365E-2 3.12092E-2 5.1284E-2 3.98242E-2 4.80205E-2 8.81224E-2 1.45922E-1 1.62182E-1 1.76859E-1 2.01627E-1 2.18481E-1 2.2201E-1 2.76468E-1 1.47058E-1 1.05514E-1 8.77147E-2 5.47738E-2 4.92264E-2 3.80235E-2 3.37758E-2 2.58321E-2 2.64162E-2 1.95779E-2 1.89626E-2 1.71133E-2 2.14373E-2 2.96091E-2 3.74188E-2 4.0708E-2 5.34521E-2 1.89273E-1 1.59808E-1 2.01082E-1 2.40588E-1 2.46476E-1 2.47228E-1 2.58546E-1 2.69786E-1 2.46068E-1 1.98916E-1 1.4542E-1 1.49761E-1 3.59684E-1 3.63571E-1 3.81158E-1 3.80635E-1 4.05948E-1 4.0212E-1 2.62705E-1 2.47862E-1 2.94013E-1 2.51336E-1 2.28676E-1 3.57608E-1 3.9702E-1
1.62508E-2 1.8543E-2 1.92497E-2 2.31856E-2 2.6457E-2 2.54759E-2 2.36032E-2 2.87078E-2 3.29199E-2 4.0842E-2 5.09295E-2 1.40311E-1 1.5494E-1 1.73851E-1 1.99112E-1 2.20229E-1 2.43344E-1 2.21967E-1 2.53905E-1 1.05535E-1 8.45094E-2 7.17692E-2 6.05514E-2 4.1968E-2 3.4362E-2 2.94403E-2 2.48015E-2 4.29883E-2 2.32289E-2 1.99193E-2 2.06716E-2 2.19636E-2 2.94224E-2 3.22213E-2 4.46593E-2 6.06176E-2 1.94686E-1 1.63469E-1 1.93805E-1 2.30082E-1 2.45063E-1 2.67737E-1 2.59442E-1 2.57404E-1 2.49306E-1 2.02198E-1 1.83221E-1 3.71821E-1 3.27115E-1 3.12391E-1 3.68592E-1 3.84961E-1 3.79156E-1 3.81375E-1 4.99225E-1 3.83005E-1 2.69832E-1 2.47471E-1 2.77722E-1 2.34345E-1 3.02916E-1
1.72805E-2 2.04095E-2 2.2616E-2 2.45672E-2 2.85252E-2 3.77621E-2 3.39783E-2 3.14077E-2 3.75725E-2 4.62847E-2 5.63024E-2 1.49931E-1 1.50711E-1 1.7742E-1 2.06029E-1 2.29213E-1 2.4514E-1 2.48998E-1 1.3429E-1 9.75021E-2 8.58448E-2 6.9465E-2 5.29089E-2 3.87047E-2 2.96278E-2 2.11035E-2 2.468E-2 3.08684E-2 2.63236E-2 2.4524E-2 2.22945E-2 2.28668E-2 2.55769E-2 3.06764E-2 5.24856E-2 1.66894E-1 1.66285E-1 1.39521E-1 1.69208E-1 1.91267E-1 2.367E-1 2.59055E-1 2.55035E-1 2.41827E-1 2.24874E-1 1.93677E-1 3.94881E-1 3.25334E-1 3.34755E-1 3.28608E-1 4.0183E-1 4.73188E-1 3.73831E-1 3.22637E-1 4.09124E-1 3.97137E-1 2.58635E-1 1.96587E-1 2.32227E-1 2.9756E-1 2.40875E-1
1.80621E-2 2.07203E-2 3.09919E-2 3.76497E-2 3.61146E-2 6.11774E-2 4.15522E-2 3.86435E-2 4.41418E-2 5.61228E-2 1.23005E-1 1.32044E-1 1.52034E-1 1.76051E-1 2.07402E-1 2.25956E-1 2.40205E-1 1.8617E-1 9.35412E-2 9.08022E-2 8.24043E-2 5.8652E-2 5.10545E-2 3.82096E-2 3.18638E-2 2.4719E-2 2.75082E-2 3.19076E-2 2.67956E-2 2.60686E-2 2.49899E-2 2.71206E-2 2.92011E-2 4.08841E-2 1.12464E-1 1.38311E-1 1.51574E-1 2.23496E-1 3.06095E-1 3.04256E-1 2.26413E-1 2.53857E-1 2.5865E-1 2.26408E-1 1.90111E-1 3.39201E-1 3.50535E-1 3.40684E-1 3.62462E-1 3.84369E-1 4.14153E-1 4.45118E-1 3.89462E-1 3.03317E-1 2.0954E-1 2.46798E-1 2.11381E-1 1.67655E-1 1.83591E-1 2.02583E-1 2.11681E-1
1.95389E-2 2.1441E-2 2.67287E-2 2.88822E-2 3.18716E-2 5.82363E-2 4.34303E-2 5.0129E-2 5.8336E-2 7.83546E-2 1.3313E-1 1.37159E-1 1.56783E-1 1.83825E-1 2.11249E-1 2.33551E-1 2.45687E-1 1.63943E-1 9.26735E-2 9.27273E-2 7.89662E-2 6.35215E-2 5.05727E-2 4.22187E-2 3.79429E-2 3.71536E-2 3.85588E-2 3.07851E-2 2.92786E-2 3.16349E-2 3.42597E-2 3.40444E-2 4.73091E-2 1.50607E-1 1.19063E-1 1.46603E-1 9.63258E-2 9.38298E-2 1.49954E-1 2.64834E-1 3.07319E-1 2.44377E-1 2.53601E-1 2.29074E-1 2.09022E-1 4.2788E-1 3.85049E-1 3.51355E-1 3.55848E-1 3.93614E-1 4.34499E-1 3.98507E-1 2.88718E-1 2.21621E-1 1.56317E-1 2.24905E-1 2.4372E-1 2.07763E-1 2.14014E-1 2.5017E-1 2.44558E-1
2.53166E-2 3.02547E-2 2.58747E-2 2.6653E-2 2.80179E-2 3.47558E-2 3.89451E-2 5.62257E-2 5.79514E-2 7.30898E-2 1.41244E-1 1.45204E-1 1.72284E-1 2.01698E-1 2.30662E-1 2.42564E-1 2.65904E-1 1.46968E-1 9.29536E-2 8.62799E-2 8.0992E-2 6.67144E-2 5.83167E-2 4.73307E-2 4.95835E-2 3.59979E-2 3.39449E-2 2.98358E-2 3.28164E-2 3.92627E-2 4.48077E-2 4.24882E-2 8.7133E-2 1.31924E-1 1.40855E-1 7.00767E-2 5.73401E-2 8.20369E-2 1.17613E-1 1.80415E-1 4.2231E-1 2.24716E-1 2.60352E-1 2.50497E-1 2.21944E-1 4.2813E-1 4.33473E-1 3.46419E-1 3.59992E-1 3.96439E-1 4.10081E-1 3.38149E-1 2.6181E-1 2.17179E-1 1.92236E-1 2.32738E-1 2.70818E-1 2.44546E-1 2.83442E-1 3.40112E-1 3.29422E-1
2.25687E-2 2.3451E-2 2.72247E-2 2.66603E-2 3.34205E-2 2.91623E-2 3.61217E-2 4.65658E-2 5.62483E-2 1.1416E-1 1.3411E-1 1.60264E-1 1.8545E-1 2.15956E-1 2.46241E-1 2.55419E-1 2.72304E-1 1.16747E-1 8.83978E-2 7.94652E-2 7.75478E-2 6.79408E-2 6.90671E-2 5.1992E-2 4.65632E-2 4.16052E-2 3.9913E-2 3.74053E-2 4.11779E-2 4.87932E-2 5.48312E-2 4.71601E-2 6.27836E-2 6.84734E-2 5.33586E-2 4.52253E-2 5.54106E-2 7.68769E-2 9.80412E-2 1.24211E-1 3.52548E-1 2.05006E-1 2.4443E-1 2.58497E-1 2.48882E-1 3.93726E-1 4.5549E-1 3.67574E-1 3.45318E-1 3.97646E-1 3.10013E-1 2.95732E-1 2.7665E-1 2.48061E-1 2.53902E-1 2.9439E-1 3.63837E-1 3.62983E-1 4.71102E-1 4.31019E-1 3.0638E-1
2.04309E-2 2.12717E-2 2.73468E-2 2.42506E-2 3.05697E-2 2.89539E-2 3.82054E-2 4.25522E-2 5.61417E-2 1.57055E-1 1.47E-1 1.70256E-1 1.9361E-1 2.24799E-1 2.54337E-1 2.72015E-1 2.72063E-1 2.08755E-1 1.16953E-1 9.23891E-2 8.05841E-2 8.06656E-2 7.72735E-2 5.22643E-2 4.81398E-2 4.4484E-2 4.61569E-2 4.13616E-2 4.20357E-2 3.92169E-2 4.78484E-2 6.05434E-2 6.50538E-2 4.95723E-2 4.92188E-2 5.90727E-2 6.05466E-2 6.42327E-2 7.39379E-2 9.81466E-2 2.10462E-1 2.28474E-1 2.33125E-1 2.51311E-1 2.51794E-1 4.51322E-1 4.0724E-1 3.68026E-1 3.74818E-1 4.39659E-1 3.97926E-1 3.1564E-1 2.93872E-1 2.77665E-1 2.9007E-1 3.55042E-1 4.45475E-1 6.35652E-1 4.51197E-1 2.65653E-1 2.06873E-1
1.83042E-2 1.97341E-2 2.48003E-2 2.60378E-2 2.76526E-2 3.15521E-2 3.78885E-2 4.24697E-2 6.74642E-2 1.51079E-1 1.65421E-1 1.87549E-1 2.19723E-1 2.45026E-1 2.61549E-1 2.78114E-1 2.91293E-1 3.01481E-1 1.77625E-1 1.07404E-1 8.15036E-2 7.72458E-2 7.47735E-2 6.5308E-2 5.85776E-2 5.42347E-2 5.16758E-2 4.6378E-2 4.3803E-2 4.76301E-2 5.4012E-2 5.54431E-2 5.80347E-2 5.73207E-2 5.57464E-2 5.81654E-2 5.46603E-2 6.08005E-2 6.58059E-2 8.62356E-2 1.65904E-1 2.19655E-1 2.08545E-1 2.97268E-1 5.08315E-1 4.44312E-1 4.22894E-1 4.00829E-1 4.57955E-1 5.14301E-1 4.59569E-1 3.66911E-1 3.09924E-1 2.58786E-1 2.37831E-1 3.30946E-1 4.71888E-1 6.54949E-1 7.05398E-1 5.41538E-1 3.58519E-1
2.09134E-2 2.0779E-2 2.68733E-2 2.78502E-2 2.99916E-2 4.48892E-2 4.21064E-2 5.7753E-2 8.00618E-2 1.74141E-1 1.86125E-1 2.16927E-1 2.39025E-1 2.55049E-1 2.71832E-1 2.83893E-1 2.92511E-1 3.01333E-1 2.54719E-1 1.18213E-1 9.03668E-2 8.97432E-2 9.4985E-2 8.07331E-2 6.80728E-2 6.44475E-2 5.58049E-2 5.33943E-2 5.1047E-2 5.10004E-2 5.13335E-2 5.27987E-2 5.63632E-2 7.06394E-2 6.39939E-2 6.51498E-2 6.64913E-2 6.54571E-2 6.82241E-2 9.43124E-2 1.57591E-1 3.7934E-1 3.88438E-1 4.76233E-1 3.84369E-1 4.77111E-1 5.54035E-1 5.28556E-1 5.57199E-1 5.29152E-1 4.69595E-1 4.13182E-1 3.6304E-1 2.959E-1 2.63725E-1 3.36151E-1 4.00272E-1 4.65417E-1 5.56103E-1 5.50127E-1 4.89398E-1
2.42115E-2 2.2997E-2 2.90887E-2 2.61944E-2 3.06859E-2 3.95848E-2 4.36534E-2 6.1313E-2 7.82481E-2 2.01439E-1 2.14084E-1 2.43126E-1 2.60765E-1 2.74706E-1 2.83572E-1 2.92715E-1 3.00936E-1 3.00401E-1 2.80531E-1 1.13008E-1 1.00302E-1 1.11294E-1 1.07099E-1 8.83514E-2 7.4861E-2 6.88026E-2 6.66883E-2 5.74324E-2 5.72263E-2 6.16663E-2 6.30361E-2 6.52674E-2 6.45667E-2 8.18095E-2 7.76791E-2 7.52233E-2 8.149E-2 8.0825E-2 8.36411E-2 1.2324E-1 2.01668E-1 2.99944E-1 2.9507E-1 3.39317E-1 3.83358E-1 4.6876E-1 5.15471E-1 5.56985E-1 5.66272E-1 4.85953E-1 4.57139E-1 4.30095E-1 3.93067E-1 3.85948E-1 3.9892E-1 3.80093E-1 3.9349E-1 4.71652E-1 4.76787E-1 4.89428E-1 4.54626E-1
2.20763E-2 2.49778E-2 2.3482E-2 2.63189E-2 3.44154E-2 3.7926E-2 4.41864E-2 4.73574E-2 6.36208E-2 1.92384E-1 2.36859E-1 2.64799E-1 2.81482E-1 2.89856E-1 2.97262E-1 3.05064E-1 3.06548E-1 3.19214E-1 2.96324E-1 1.1525E-1 9.25901E-2 9.58756E-2 9.61796E-2 8.87797E-2 7.38385E-2 6.80568E-2 6.22915E-2 6.25626E-2 7.50697E-2 7.45177E-2 7.23097E-2 7.26828E-2 8.47952E-2 1.03065E-1 1.07477E-1 1.16278E-1 1.13058E-1 1.22142E-1 1.33329E-1 1.85235E-1 2.73488E-1 3.22043E-1 3.05175E-1 3.29933E-1 3.50191E-1 4.23341E-1 4.49946E-1 4.61424E-1 4.52072E-1 4.34854E-1 4.22082E-1 4.11809E-1 3.69842E-1 4.27085E-1 6.21827E-1 5.24521E-1 3.73065E-1 2.56577E-1 2.174E-1 2.07835E-1 2.01075E-1
2.39084E-2 2.43335E-2 2.42282E-2 2.50867E-2 3.95556E-2 4.84095E-2 4.52244E-2 5.41951E-2 6.22777E-2 2.22844E-1 2.56282E-1 2.83554E-1 2.98174E-1 3.03843E-1 3.11218E-1 3.16802E-1 3.33704E-1 3.25188E-1 2.68247E-1 1.15759E-1 1.29849E-1 1.10885E-1 1.03946E-1 1.21312E-1 8.62814E-2 7.61955E-2 6.74442E-2 6.30262E-2 6.36655E-2 6.24439E-2 6.78432E-2 7.83522E-2 9.69137E-2 1.15264E-1 1.3297E-1 1.74393E-1 1.65297E-1 1.79695E-1 2.24428E-1 3.94602E-1 4.56376E-1 3.55554E-1 2.83012E-1 3.05271E-1 3.23165E-1 3.57825E-1 4.10377E-1 4.82985E-1 3.35591E-1 3.54251E-1 4.27127E-1 5.55294E-1 5.58565E-1 5.73915E-1 5.00084E-1 3.8009E-1 2.4141E-1 2.21614E-1 2.05337E-1 2.19691E-1 3.6707E-1
2.69382E-2 3.02249E-2 2.89203E-2 2.5944E-2 3.12228E-2 3.57652E-2 5.0803E-2 7.28621E-2 7.51485E-2 2.30423E-1 2.75221E-1 3.01648E-1 3.15409E-1 3.16999E-1 3.23974E-1 3.35473E-1 3.50579E-1 3.34174E-1 1.84029E-1 1.05819E-1 1.17732E-1 1.16076E-1 1.09336E-1 1.1633E-1 1.00644E-1 8.84E-2 7.46646E-2 6.71195E-2 6.45231E-2 6.10185E-2 6.97226E-2 9.58786E-2 1.21192E-1 1.50535E-1 1.47605E-1 1.70546E-1 2.14234E-1 2.68521E-1 3.62504E-1 2.79491E-1 3.61464E-1 4.71563E-1 3.50439E-1 3.56271E-1 3.82598E-1 4.75886E-1 2.7216E-1 1.72597E-1 1.91675E-1 2.22337E-1 2.46561E-1 2.67474E-1 2.88879E-1 2.83086E-1 2.75077E-1 2.78454E-1 2.55737E-1 2.52797E-1 3.32144E-1 4.31066E-1 2.99605E-1
2.90424E-2 3.84076E-2 3.06333E-2 2.85033E-2 3.24493E-2 3.84177E-2 5.26392E-2 6.61743E-2 8.98093E-2 2.41977E-1 2.89168E-1 3.10542E-1 3.26959E-1 3.28303E-1 3.31325E-1 3.53835E-1 3.53529E-1 2.57466E-1 1.10595E-1 1.0281E-1 1.05526E-1 1.14783E-1 1.22655E-1 1.07704E-1 9.81827E-2 8.66969E-2 7.66327E-2 7.22821E-2 7.33519E-2 7.47007E-2 8.25329E-2 8.96928E-2 1.12285E-1 1.65117E-1 1.78252E-1 1.91502E-1 2.35883E-1 2.94799E-1 3.00367E-1 3.52282E-1 3.95274E-1 4.10642E-1 4.28417E-1 5.24576E-1 3.48227E-1 1.80245E-1 1.60173E-1 1.78562E-1 2.05254E-1 2.38064E-1 2.60491E-1 2.83649E-1 2.99175E-1 3.04676E-1 2.82918E-1 3.45579E-1 4.9179E-1 3.66479E-1 2.87745E-1 2.87703E-1 2.187E-1
3.5819E-2 2.97668E-2 2.91669E-2 3.09198E-2 3.2586E-2 4.04949E-2 5.67063E-2 7.34591E-2 9.57724E-2 1.3837E-1 2.8422E-1 3.15713E-1 3.38192E-1 3.52592E-1 3.60414E-1 3.67689E-1 3.34468E-1 9.60768E-2 9.59292E-2 1.09469E-1 1.04083E-1 1.06248E-1 1.06245E-1 9.61826E-2 9.40544E-2 9.02124E-2 8.32271E-2 7.50347E-2 8.07427E-2 8.46426E-2 9.45575E-2 1.09069E-1 1.05742E-1 1.17203E-1 1.47473E-1 1.75192E-1 2.36814E-1 3.37641E-1 2.77086E-1 3.8898E-1 4.78802E-1 5.79804E-1 3.19819E-1 2.01104E-1 1.89549E-1 1.72654E-1 1.7812E-1 1.93541E-1 2.22029E-1 2.35672E-1 2.77674E-1 3.06432E-1 3.42521E-1 4.56138E-1 5.01069E-1 3.64836E-1 2.82008E-1 2.40098E-1 2.20529E-1 2.31657E-1 1.83132E-1
3.44926E-2 3.26447E-2 3.23981E-2 3.5392E-2 3.5382E-2 4.6285E-2 5.8722E-2 7.96053E-2 1.04403E-1 1.26293E-1 2.59183E-1 3.03811E-1 3.28634E-1 3.47571E-1 3.59837E-1 3.63963E-1 1.68993E-1 1.11623E-1 1.20668E-1 1.32097E-1 1.33098E-1 1.25216E-1 1.04969E-1 1.0481E-1 9.67543E-2 9.6376E-2 9.32186E-2 8.74997E-2 8.70114E-2 8.07572E-2 8.78555E-2 8.85926E-2 9.24279E-2 1.06029E-1 1.31206E-1 1.73511E-1 3.79561E-1 2.29286E-1 3.06694E-1 2.56808E-1 3.46317E-1 2.96005E-1 2.35695E-1 2.26572E-1 2.09537E-1 2.01211E-1 2.0637E-1 2.04765E-1 2.29425E-1 3.07529E-1 4.70373E-1 4.7883E-1 3.27336E-1 2.83091E-1 2.4923E-1 2.26229E-1 2.12032E-1 2.19734E-1 2.05051E-1 2.10099E-1 1.77209E-1
3.57875E-2 3.33665E-2 3.38286E-2 3.54076E-2 4.08219E-2 5.33177E-2 6.41705E-2 8.49415E-2 1.13494E-1 1.24076E-1 1.46863E-1 2.76445E-1 3.04538E-1 3.26265E-1 2.4973E-1 1.75381E-1 1.23191E-1 1.17351E-1 1.45759E-1 1.40581E-1 1.25912E-1 1.16981E-1 1.0495E-1 1.05705E-1 1.0468E-1 1.10127E-1 1.00149E-1 8.87468E-2 8.49621E-2 7.71969E-2 7.50039E-2 7.76687E-2 8.89399E-2 1.25354E-1 1.59995E-1 2.30414E-1 3.23052E-1 1.93287E-1 1.94921E-1 2.46744E-1 2.9281E-1 2.64097E-1 2.6099E-1 2.62195E-1 2.4485E-1 2.29405E-1 2.36495E-1 4.68221E-1 4.76326E-1 3.92416E-1 2.63995E-1 1.99834E-1 1.74422E-1 1.81577E-1 1.77433E-1 1.75908E-1 1.89444E-1 1.76095E-1 1.80218E-1 1.8162E-1 1.89504E-1
3.51916E-2 3.45449E-2 3.55839E-2 4.27837E-2 5.04983E-2 4.97557E-2 6.25466E-2 8.2426E-2 7.85808E-2 1.01676E-1 1.13489E-1 1.16636E-1 1.18175E-1 1.22157E-1 1.12152E-1 1.16303E-1 1.0787E-1 1.06379E-1 1.40171E-1 1.24771E-1 1.23078E-1 1.12035E-1 1.03917E-1 1.20372E-1 1.1784E-1 1.04286E-1 9.68947E-2 8.15164E-2 8.36368E-2 7.57197E-2 7.09524E-2 7.53574E-2 9.93646E-2 1.34232E-1 1.46222E-1 1.17796E-1 1.37363E-1 2.67234E-1 3.37669E-1 3.47398E-1 2.30287E-1 2.78107E-1 3.04629E-1 4.1104E-1 3.99233E-1 3.78418E-1 5.46031E-1 4.26264E-1 3.73216E-1 2.71677E-1 1.91866E-1 1.56118E-1 1.50179E-1 1.69924E-1 1.44557E-1 1.57253E-1 1.68134E-1 1.48072E-1 1.61359E-1 1.70744E-1 1.64339E-1
3.82378E-2 4.13329E-2 4.44792E-2 5.57402E-2 5.08035E-2 5.82905E-2 8.85358E-2 6.8552E-2 5.8946E-2 7.02636E-2 7.95109E-2 9.53727E-2 9.13384E-2 8.55207E-2 7.86556E-2 8.42253E-2 8.5151E-2 1.06771E-1 1.08344E-1 1.07957E-1 1.07063E-1 1.33082E-1 1.20852E-1 1.22677E-1 1.20704E-1 1.00319E-1 9.10777E-2 8.79841E-2 8.00405E-2 8.35732E-2 7.63481E-2 8.18165E-2 9.3236E-2 1.03472E-1 1.00296E-1 1.11192E-1 1.19067E-1 1.49147E-1 1.87962E-1 2.14246E-1 3.51414E-1 4.06885E-1 3.30755E-1 3.18028E-1 3.785E-1 3.91867E-1 3.77241E-1 3.43578E-1 3.09857E-1 2.1923E-1 1.53631E-1 1.55653E-1 1.07918E-1 1.01658E-1 1.16847E-1 1.41331E-1 1.56472E-1 1.56731E-1 1.55055E-1 1.46285E-1 1.44546E-1
5.70901E-2 5.57643E-2 6.20824E-2 6.32729E-2 7.59366E-2 6.36234E-2 9.46362E-2 7.03099E-2 6.03996E-2 5.98699E-2 7.0873E-2 8.05283E-2 7.76743E-2 7.09558E-2 7.91889E-2 8.6425E-2 1.0081E-1 1.14199E-1 1.0797E-1 1.09679E-1 1.21015E-1 1.38612E-1 1.29625E-1 1.23693E-1 1.15646E-1 1.25103E-1 1.0162E-1 8.5133E-2 9.29836E-2 1.02233E-1 9.31716E-2 9.15263E-2 8.90548E-2 9.61271E-2 1.10265E-1 1.14074E-1 1.18601E-1 1.30705E-1 1.32181E-1 1.24541E-1 1.5069E-1 1.55622E-1 1.75693E-1 2.01985E-1 2.48652E-1 2.89434E-1 3.05213E-1 2.70713E-1 2.35007E-1 1.88486E-1 1.36053E-1 1.2518E-1 1.07617E-1 1.11682E-1 1.00562E-1 1.14454E-1 1.36303E-1 1.47891E-1 1.21465E-1 1.22276E-1 1.48997E-1
6.06921E-2 5.56754E-2 6.20616E-2 6.8948E-2 5.87283E-2 6.10969E-2 6.17958E-2 6.4368E-2 7.09849E-2 7.55316E-2 7.95896E-2 8.01249E-2 8.08425E-2 7.6709E-2 7.65061E-2 7.37989E-2 8.7259E-2 9.43609E-2 1.06018E-1 1.21166E-1 1.27066E-1 1.2128E-1 1.18341E-1 1.20551E-1 1.3832E-1 1.49135E-1 1.00397E-1 9.19629E-2 9.36679E-2 1.04697E-1 1.17376E-1 1.13574E-1 1.11494E-1 1.27028E-1 1.40168E-1 1.21501E-1 1.32481E-1 1.41147E-1 1.37837E-1 1.36303E-1 1.37574E-1 1.45832E-1 1.6478E-1 1.73743E-1 1.9208E-1 2.03846E-1 2.402E-1 2.40161E-1 1.97781E-1 1.80212E-1 1.45898E-1 1.2535E-1 1.08812E-1 1.016E-1 1.05082E-1 1.05635E-1 1.17317E-1 1.37842E-1 1.24952E-1 1.15402E-1 1.28205E-1
6.04326E-2 6.06984E-2 6.37386E-2 6.67445E-2 6.86756E-2 6.43745E-2 6.28417E-2 6.47809E-2 7.06256E-2 7.48355E-2 7.51178E-2 7.76948E-2 8.02338E-2 8.49293E-2 8.24061E-2 8.90902E-2 9.19481E-2 1.0353E-1 1.16102E-1 1.2861E-1 1.29332E-1 1.25445E-1 1.26622E-1 1.27113E-1 1.28793E-1 1.29196E-1 1.27382E-1 1.21758E-1 1.1469E-1 1.10541E-1 1.19163E-1 1.25046E-1 1.36455E-1 1.34389E-1 1.31679E-1 1.26211E-1 1.27838E-1 1.37929E-1 1.28326E-1 1.29988E-1 1.37426E-1 1.46861E-1 1.45917E-1 1.4641E-1 1.45458E-1 1.44635E-1 1.85653E-1 1.91605E-1 1.59163E-1 1.56609E-1 1.35992E-1 1.12447E-1 1.07812E-1 1.00374E-1 1.16872E-1 1.44179E-1 1.21838E-1 1.24745E-1 1.44487E-1 1.53707E-1 1.5534E-1
6.9686E-2 7.25796E-2 6.88067E-2 6.87773E-2 7.43244E-2 7.32746E-2 7.35048E-2 7.4329E-2 8.15094E-2 8.89518E-2 8.21869E-2 7.81512E-2 8.28721E-2 8.65119E-2 9.31658E-2 1.10735E-1 1.15186E-1 1.30801E-1 1.42831E-1 1.54056E-1 1.54208E-1 1.42629E-1 1.46015E-1 1.26158E-1 1.27563E-1 1.31555E-1 1.35494E-1 1.37103E-1 1.32806E-1 1.209E-1 1.40037E-1 1.68188E-1 1.51966E-1 1.36831E-1 1.37189E-1 1.34171E-1 1.29988E-1 1.28276E-1 1.31533E-1 1.50312E-1 1.72456E-1 1.61795E-1 1.46532E-1 1.33474E-1 1.31957E-1 1.34787E-1 1.39882E-1 1.71539E-1 1.50183E-1 1.37065E-1 1.24518E-1 1.21735E-1 1.22545E-1 1.33002E-1 1.30533E-1 1.30088E-1 1.36198E-1 1.24806E-1 1.25657E-1 1.38808E-1 1.41827E-1
9.05612E-2 9.65205E-2 9.5053E-2 7.97227E-2 8.09423E-2 8.07648E-2 7.83619E-2 8.46638E-2 8.1929E-2 8.04215E-2 7.96643E-2 8.24011E-2 8.51653E-2 9.20152E-2 1.03857E-1 1.2355E-1 1.31807E-1 1.40182E-1 1.49589E-1 1.54864E-1 1.49509E-1 1.47287E-1 1.48959E-1 1.33957E-1 1.28278E-1 1.37178E-1 1.40477E-1 1.3367E-1 1.54109E-1 1.54271E-1 1.30076E-1 1.36479E-1 1.33108E-1 1.31431E-1 1.35341E-1 1.32342E-1 1.29075E-1 1.22825E-1 1.26516E-1 1.56272E-1 1.48735E-1 1.58781E-1 1.571E-1 1.59084E-1 1.40562E-1 1.31551E-1 1.37174E-1 1.5753E-1 1.63986E-1 1.35568E-1 1.32943E-1 1.45428E-1 1.54216E-1 1.60587E-1 1.64789E-1 1.78766E-1 1.75556E-1 1.56619E-1 1.46898E-1 1.37924E-1 1.58806E-1
