data/maxent/outputs/white_1.asc
ncols         426
nrows         180
xllcorner     -130.0
yllcorner     24.0
cellsize      0.16666666666666666
NODATA_value  -9999
[rows 54 to 80 of 180, columns 122 to 182 of 426]
1.79345E-3 1.74599E-3 1.79993E-3 5.24678E-4 7.02113E-4 3.55116E-4 2.04891E-4 2.38708E-4 4.70439E-4 1.09168E-3 1.25214E-3 1.65447E-3 2.37113E-3 2.19321E-3 6.83246E-4 5.35151E-4 4.03405E-4 6.08634E-4 7.04855E-4 6.66385E-4 5.74014E-4 5.32887E-4 5.02555E-4 5.53662E-4 6.00365E-4 5.80424E-4 5.28953E-4 5.32053E-4 5.33876E-4 5.51488E-4 9.59475E-4 1.01835E-3 1.0498E-3 9.67751E-4 9.63772E-4 1.12701E-3 1.63182E-3 1.33739E-3 1.14512E-3 6.36972E-4 4.40925E-4 2.6833E-4 2.46018E-4 2.72694E-4 2.55845E-4 2.35981E-4 2.34678E-4 2.26162E-4 2.3261E-4 2.693E-4 2.97843E-4 2.91195E-4 2.81308E-4 3.06252E-4 3.00614E-4 4.602E-4 1.73745E-4 1.51268E-4 1.30037E-4 1.16424E-4 1.02722E-4
2.31111E-3 2.43193E-3 2.04658E-3 1.60557E-3 8.07968E-4 4.12265E-4 2.21031E-4 2.29826E-4 3.47707E-4 4.80996E-4 1.02245E-3 1.14022E-3 1.24375E-3 1.66595E-3 2.52219E-3 6.92596E-4 4.85007E-4 5.00711E-4 5.87682E-4 5.87378E-4 4.94531E-4 5.23393E-4 6.03263E-4 5.44303E-4 4.77951E-4 5.26358E-4 4.93261E-4 5.07096E-4 5.93199E-4 1.06713E-3 1.04527E-3 1.63849E-3 1.72593E-3 1.24684E-3 1.23907E-3 1.75359E-3 1.28227E-3 1.0943E-3 9.62222E-4 7.55337E-4 5.29698E-4 5.76612E-4 4.47882E-4 3.44413E-4 2.79483E-4 2.71873E-4 3.13053E-4 2.93488E-4 2.71742E-4 2.77956E-4 2.65253E-4 3.27711E-4 4.81666E-4 7.7026E-4 1.1163E-3 2.86696E-4 2.14238E-4 1.90472E-4 1.60487E-4 1.22769E-4 1.05297E-4
2.68262E-3 2.47972E-3 1.95431E-3 1.5854E-3 8.01004E-4 5.7262E-4 2.53165E-4 1.69756E-4 1.30057E-4 1.77289E-4 2.7867E-4 7.17584E-4 1.22142E-3 1.10749E-3 1.57849E-3 1.69975E-3 2.00598E-3 5.89466E-4 4.26314E-4 4.65069E-4 6.41238E-4 6.09695E-4 6.42929E-4 6.91712E-4 5.91754E-4 7.00604E-4 4.74046E-4 5.32058E-4 4.8722E-4 6.32115E-4 1.18362E-3 2.72378E-3 1.80565E-3 1.66611E-3 1.86517E-3 2.14104E-3 2.87192E-3 1.98851E-3 1.67962E-3 1.00936E-3 7.19921E-4 5.68653E-4 6.05999E-4 6.33376E-4 5.47786E-4 4.99942E-4 5.12887E-4 5.29487E-4 4.6793E-4 3.85843E-4 3.60722E-4 3.37494E-4 3.56832E-4 3.9145E-4 1.16905E-3 3.42471E-4 2.49085E-4 2.253E-4 1.81534E-4 1.51822E-4 1.28631E-4
2.28618E-3 1.79782E-3 1.96744E-3 1.4873E-3 8.94683E-4 5.26483E-4 3.6243E-4 2.13961E-4 1.39681E-4 1.09853E-4 1.34991E-4 4.50001E-4 9.80287E-4 1.03096E-3 1.07546E-3 1.43694E-3 1.85708E-3 6.88362E-4 5.64722E-4 5.42379E-4 5.5802E-4 6.26586E-4 6.67804E-4 6.25376E-4 7.5328E-4 6.48841E-4 6.44533E-4 4.49767E-4 3.73405E-4 5.25467E-4 9.33675E-4 1.00276E-3 1.00172E-3 3.36824E-3 4.53178E-3 4.90456E-3 4.30667E-3 2.22272E-3 1.61179E-3 1.31775E-3 1.09658E-3 7.0044E-4 6.24548E-4 6.62692E-4 6.82846E-4 6.79985E-4 5.68602E-4 5.04857E-4 4.70352E-4 4.21717E-4 3.54606E-4 2.84534E-4 2.9757E-4 3.33648E-4 5.70952E-4 5.6166E-4 3.22321E-4 2.59044E-4 1.96452E-4 1.67159E-4 1.46551E-4
2.28971E-3 1.97846E-3 1.63739E-3 5.43524E-4 4.4952E-4 4.41769E-4 4.03925E-4 2.82893E-4 2.26368E-4 1.43905E-4 1.17313E-4 1.92733E-4 5.30264E-4 9.08636E-4 9.66764E-4 1.20007E-3 1.42903E-3 9.314E-4 5.29209E-4 4.88778E-4 5.8321E-4 5.26678E-4 5.28648E-4 5.96878E-4 6.79537E-4 6.27357E-4 5.91369E-4 4.09281E-4 3.91564E-4 3.56363E-4 4.27122E-4 5.295E-4 9.75744E-4 1.41543E-3 1.98033E-3 2.83725E-3 3.30079E-3 2.69761E-3 1.2635E-3 1.19861E-3 1.1048E-3 8.93916E-4 7.22615E-4 5.80043E-4 8.1782E-4 5.41716E-4 4.46656E-4 4.23162E-4 3.98873E-4 3.61461E-4 3.08627E-4 3.34404E-4 3.79895E-4 4.10346E-4 4.01245E-4 3.71384E-4 3.76648E-4 3.66428E-4 3.03752E-4 2.36447E-4 2.35633E-4
1.82572E-3 1.68081E-3 9.6525E-4 4.52865E-4 4.4137E-4 4.80647E-4 3.89123E-4 2.67572E-4 1.53344E-4 1.47772E-4 1.30139E-4 1.93742E-4 2.80304E-4 4.63442E-4 9.89523E-4 9.10559E-4 1.24762E-3 7.74113E-4 4.78291E-4 4.64062E-4 5.14015E-4 5.80992E-4 5.6738E-4 5.70977E-4 5.47411E-4 5.2535E-4 5.53334E-4 4.68568E-4 4.6077E-4 4.19827E-4 3.6628E-4 6.17867E-4 8.47863E-4 9.83405E-4 1.26125E-3 2.17835E-3 2.86924E-3 2.66325E-3 1.33108E-3 9.80378E-4 9.38569E-4 8.6611E-4 7.49041E-4 6.81241E-4 5.59052E-4 4.72299E-4 4.68364E-4 3.92923E-4 3.70286E-4 3.56307E-4 3.78403E-4 4.16314E-4 4.39287E-4 4.25341E-4 4.17734E-4 3.32437E-4 3.43281E-4 2.80165E-4 3.24658E-4 3.233E-4 4.37478E-4
2.03484E-3 1.54174E-3 1.47122E-3 9.22868E-4 5.94723E-4 4.1643E-4 4.37618E-4 4.00259E-4 3.27146E-4 1.80407E-4 1.51393E-4 2.19187E-4 4.02496E-4 2.85678E-4 5.92946E-4 7.42361E-4 1.30539E-3 9.28454E-4 6.11251E-4 4.9433E-4 5.32262E-4 7.48656E-4 7.37836E-4 6.4552E-4 5.37788E-4 5.73375E-4 5.55284E-4 6.21527E-4 4.99118E-4 4.58185E-4 3.86493E-4 4.23062E-4 9.90462E-4 1.34183E-3 8.2355E-4 1.48048E-3 2.58496E-3 3.34036E-3 1.32856E-3 8.81223E-4 7.59855E-4 6.15194E-4 6.42446E-4 6.90792E-4 7.70986E-4 4.59269E-4 3.96253E-4 4.29649E-4 4.71983E-4 5.19178E-4 4.99391E-4 4.97789E-4 4.62953E-4 4.76138E-4 4.78301E-4 4.37496E-4 4.29548E-4 3.39446E-4 2.6908E-4 2.60607E-4 2.40604E-4
1.07722E-3 1.10941E-3 1.34736E-3 1.1742E-3 5.68057E-4 4.20372E-4 3.81144E-4 3.37467E-4 2.38767E-4 2.25995E-4 2.66035E-4 2.9282E-4 4.47157E-4 3.91919E-4 5.4191E-4 8.02731E-4 1.24095E-3 8.28627E-4 5.89802E-4 5.82333E-4 7.60532E-4 8.2125E-4 7.9746E-4 7.49679E-4 6.48799E-4 6.34394E-4 6.37025E-4 5.56023E-4 4.50046E-4 4.16631E-4 3.81718E-4 3.54337E-4 3.82681E-4 7.64561E-4 8.005E-4 1.4333E-3 1.86192E-3 2.1579E-3 1.05135E-3 7.35007E-4 6.45658E-4 6.45171E-4 7.3035E-4 6.54051E-4 5.62176E-4 5.97937E-4 7.86311E-4 6.57054E-4 6.04442E-4 6.14237E-4 6.11159E-4 5.43014E-4 5.24577E-4 5.45061E-4 5.5233E-4 4.96664E-4 4.32417E-4 4.10009E-4 3.74381E-4 3.99026E-4 3.9683E-4
4.98578E-4 4.00709E-4 7.37736E-4 6.55533E-4 4.60011E-4 5.58308E-4 4.99519E-4 4.51058E-4 4.45256E-4 5.42401E-4 5.80104E-4 5.64672E-4 5.60524E-4 6.88508E-4 7.49107E-4 8.6982E-4 8.72851E-4 6.97522E-4 7.54597E-4 8.25654E-4 9.60499E-4 1.0423E-3 8.11042E-4 6.96706E-4 6.78945E-4 6.49552E-4 7.58752E-4 7.9048E-4 5.0144E-4 3.95053E-4 3.819E-4 4.1712E-4 3.2993E-4 4.82547E-4 6.42676E-4 8.75135E-4 1.33622E-3 1.35191E-3 8.35359E-4 6.78059E-4 6.88347E-4 7.83782E-4 6.89699E-4 6.069E-4 7.91528E-4 8.9377E-4 9.98634E-4 9.83555E-4 9.30716E-4 7.7229E-4 7.8533E-4 7.42151E-4 6.51666E-4 7.57962E-4 8.3634E-4 7.19227E-4 6.91212E-4 6.20548E-4 5.31267E-4 5.56077E-4 5.44086E-4
1.19346E-3 8.02692E-4 1.15067E-3 1.06269E-3 7.523E-4 3.67601E-4 2.69446E-4 2.43928E-4 3.43648E-4 5.23406E-4 5.55345E-4 2.54481E-4 3.36233E-4 4.64945E-4 6.91072E-4 9.62029E-4 8.70113E-4 7.46356E-4 6.16888E-4 7.62196E-4 6.83631E-4 9.11393E-4 8.72073E-4 8.56905E-4 8.86139E-4 7.58341E-4 7.48642E-4 6.21213E-4 6.18155E-4 6.25483E-4 5.21633E-4 3.99631E-4 3.44808E-4 3.61348E-4 4.73936E-4 6.82361E-4 9.26595E-4 9.60133E-4 6.74408E-4 6.27306E-4 5.93368E-4 4.46347E-4 4.57524E-4 6.92962E-4 7.9568E-4 7.62592E-4 8.24443E-4 7.66968E-4 7.33723E-4 7.24012E-4 7.77428E-4 7.44104E-4 8.3234E-4 8.87476E-4 7.6545E-4 8.79965E-4 7.96425E-4 8.02966E-4 7.13374E-4 6.49006E-4 6.25447E-4
4.41143E-3 1.20539E-3 5.44126E-4 6.30363E-4 4.04456E-4 2.57513E-4 2.15019E-4 1.60894E-4 1.50606E-4 1.66499E-4 2.0334E-4 2.13037E-4 2.36606E-4 3.20701E-4 4.79483E-4 7.48428E-4 7.18604E-4 6.84117E-4 5.94706E-4 6.57084E-4 7.67035E-4 8.30682E-4 1.02164E-3 1.07064E-3 1.1536E-3 9.83801E-4 7.20185E-4 6.65144E-4 6.85649E-4 6.35167E-4 5.35511E-4 4.12783E-4 4.00063E-4 4.93842E-4 4.20571E-4 4.92959E-4 5.21751E-4 6.03898E-4 5.76124E-4 6.31656E-4 5.17632E-4 5.31385E-4 7.89935E-4 7.48363E-4 5.77535E-4 5.68998E-4 5.72593E-4 7.09879E-4 5.62262E-4 4.9613E-4 6.64721E-4 8.48309E-4 9.42155E-4 6.72749E-4 5.90955E-4 5.96132E-4 7.01869E-4 7.01266E-4 7.35198E-4 7.29047E-4 7.3207E-4
4.14624E-3 2.24877E-3 1.22932E-3 4.76818E-4 2.8539E-4 2.20373E-4 1.66969E-4 1.5189E-4 1.55907E-4 1.8578E-4 2.19801E-4 2.74981E-4 3.53035E-4 3.83106E-4 4.53341E-4 4.95012E-4 4.83234E-4 5.29166E-4 4.99949E-4 6.07559E-4 6.96118E-4 7.32869E-4 9.4782E-4 1.01847E-3 1.16496E-3 1.26103E-3 1.10254E-3 8.73249E-4 6.90283E-4 7.38368E-4 6.42857E-4 5.93737E-4 5.95426E-4 5.77892E-4 5.54561E-4 4.48314E-4 3.92823E-4 5.1518E-4 5.45377E-4 6.34421E-4 5.73619E-4 6.3373E-4 5.85385E-4 5.67152E-4 5.36284E-4 5.2338E-4 5.05219E-4 5.87127E-4 6.4649E-4 6.40189E-4 6.25718E-4 6.31721E-4 5.31742E-4 5.30616E-4 5.31677E-4 6.13315E-4 6.36143E-4 6.62741E-4 7.08093E-4 7.53097E-4 7.90011E-4
7.16544E-4 2.18345E-3 2.63065E-3 1.27551E-3 4.16496E-4 2.21129E-4 1.78334E-4 1.73196E-4 2.05275E-4 2.713E-4 3.1305E-4 3.84963E-4 4.98438E-4 5.72719E-4 5.993E-4 5.31945E-4 5.73779E-4 5.45622E-4 6.37831E-4 8.91629E-4 1.12684E-3 8.78405E-4 8.54814E-4 1.00798E-3 8.18847E-4 9.0123E-4 9.38791E-4 9.34775E-4 7.93532E-4 7.43868E-4 7.83782E-4 7.45418E-4 6.92031E-4 6.66876E-4 6.051E-4 4.50905E-4 5.50532E-4 5.9079E-4 5.78061E-4 5.81914E-4 5.24065E-4 6.56951E-4 6.49776E-4 6.29297E-4 6.10858E-4 5.73668E-4 5.712E-4 5.41476E-4 5.62528E-4 5.86173E-4 5.7906E-4 6.06204E-4 5.78114E-4 5.56782E-4 5.65644E-4 6.3639E-4 7.24251E-4 8.51947E-4 8.97611E-4 8.73755E-4 9.39905E-4
7.37913E-5 5.92315E-4 1.7235E-3 2.21512E-3 1.45972E-3 4.93195E-4 2.80214E-4 2.81485E-4 3.13684E-4 3.4188E-4 3.11047E-4 3.69276E-4 3.05193E-4 3.34295E-4 5.70086E-4 6.48569E-4 6.52686E-4 6.53066E-4 6.83134E-4 1.08841E-3 1.62942E-3 1.24161E-3 1.46028E-3 1.36297E-3 1.15061E-3 9.21472E-4 6.50455E-4 5.80252E-4 5.11936E-4 5.30534E-4 8.06739E-4 5.98673E-4 4.86012E-4 5.14951E-4 6.90403E-4 7.8441E-4 9.54637E-4 9.00869E-4 8.25636E-4 9.04481E-4 9.40414E-4 6.32681E-4 4.86438E-4 5.13764E-4 5.54966E-4 5.31978E-4 4.89303E-4 5.2346E-4 5.83124E-4 6.38719E-4 6.16754E-4 5.62505E-4 6.35453E-4 7.00631E-4 6.7259E-4 7.22705E-4 8.33549E-4 9.46743E-4 1.20728E-3 1.22489E-3 1.27889E-3
4.18183E-5 5.98496E-5 4.06754E-4 9.42087E-4 1.68814E-3 1.11217E-3 4.35287E-4 4.35515E-4 2.79642E-4 2.1522E-4 2.99873E-4 3.0595E-4 3.46143E-4 4.19348E-4 5.32828E-4 5.00785E-4 3.72563E-4 7.20064E-4 6.26035E-4 7.31922E-4 8.03898E-4 1.08992E-3 1.52551E-3 1.59201E-3 1.74978E-3 1.34013E-3 8.23193E-4 7.05522E-4 5.8163E-4 5.81218E-4 9.1868E-4 7.80609E-4 5.34609E-4 4.56884E-4 4.22303E-4 5.44221E-4 7.74748E-4 1.00938E-3 1.08814E-3 9.03518E-4 7.14498E-4 5.53908E-4 4.41011E-4 5.21419E-4 5.58503E-4 5.58796E-4 5.50784E-4 5.92698E-4 6.43901E-4 6.84169E-4 7.28982E-4 7.65928E-4 8.58973E-4 7.73065E-4 7.88036E-4 7.60766E-4 8.46991E-4 9.52712E-4 1.06153E-3 1.1381E-3 9.27804E-4
3.14915E-5 3.22722E-5 5.19675E-5 9.59052E-5 2.10326E-4 3.11316E-4 2.47459E-4 2.68805E-4 2.43967E-4 2.98305E-4 3.66937E-4 5.6495E-4 5.13738E-4 5.61138E-4 6.27504E-4 5.72079E-4 6.85676E-4 7.72788E-4 7.58863E-4 8.55852E-4 3.51275E-4 2.57672E-4 7.18442E-4 1.163E-3 2.03038E-3 1.86645E-3 1.5732E-3 1.03687E-3 8.36499E-4 7.46958E-4 8.19283E-4 5.53022E-4 4.72764E-4 4.81482E-4 4.35708E-4 4.50131E-4 5.22338E-4 6.14297E-4 7.28502E-4 8.2974E-4 7.30711E-4 5.24411E-4 5.27846E-4 5.12076E-4 5.49755E-4 5.82859E-4 6.31685E-4 6.51377E-4 6.64106E-4 6.89087E-4 7.21402E-4 7.79618E-4 7.89556E-4 6.76003E-4 8.11653E-4 7.17219E-4 8.03367E-4 9.46478E-4 1.00977E-3 9.88307E-4 9.20283E-4
2.39904E-5 2.91805E-5 2.89299E-5 5.23387E-5 1.29535E-4 2.7675E-4 2.03327E-4 1.79383E-4 1.86115E-4 1.36742E-4 1.1302E-4 1.22099E-4 4.36803E-4 4.09031E-4 6.59018E-4 6.07791E-4 8.17383E-4 8.04084E-4 9.94807E-4 6.94754E-4 4.87874E-4 3.58476E-4 3.09406E-4 5.58242E-4 1.07311E-3 1.76861E-3 2.06819E-3 1.38688E-3 1.00623E-3 1.14325E-3 1.03443E-3 9.80355E-4 6.50143E-4 5.71729E-4 5.34495E-4 6.13886E-4 6.49516E-4 6.42765E-4 7.25058E-4 9.01082E-4 8.90009E-4 6.74965E-4 6.32579E-4 5.69139E-4 5.41133E-4 5.61426E-4 5.69256E-4 5.82944E-4 6.30243E-4 6.92671E-4 7.10152E-4 7.64046E-4 8.00742E-4 8.27925E-4 7.87791E-4 6.67575E-4 6.97685E-4 8.46355E-4 8.4784E-4 8.65358E-4 8.5345E-4
5.07434E-5 3.98088E-5 5.66107E-5 1.65899E-4 1.93191E-4 1.92386E-4 1.24405E-4 1.12231E-4 1.0594E-4 1.11546E-4 1.31053E-4 1.66034E-4 2.50987E-4 3.12433E-4 3.40117E-4 5.05988E-4 6.08026E-4 5.63647E-4 8.07727E-4 6.52317E-4 7.12871E-4 5.2477E-4 4.16659E-4 4.1855E-4 7.23484E-4 1.11595E-3 2.00359E-3 1.48151E-3 1.3055E-3 1.47196E-3 1.41389E-3 9.99168E-4 6.81056E-4 5.79217E-4 6.02605E-4 6.48912E-4 7.58795E-4 8.12987E-4 7.1212E-4 7.6492E-4 7.93923E-4 8.00874E-4 6.82436E-4 6.12593E-4 5.65111E-4 5.9107E-4 6.55429E-4 6.80181E-4 8.35835E-4 8.92635E-4 9.04821E-4 8.86243E-4 7.70855E-4 7.18311E-4 7.5125E-4 7.52334E-4 6.86414E-4 7.26137E-4 8.2178E-4 8.66087E-4 8.05264E-4
7.46275E-5 7.11692E-5 1.16117E-4 1.46556E-4 2.23085E-4 1.68123E-4 1.35034E-4 1.31954E-4 1.19922E-4 1.27243E-4 1.77598E-4 2.3791E-4 2.7941E-4 3.62276E-4 5.84071E-4 6.36341E-4 5.76542E-4 4.93861E-4 5.15697E-4 5.56932E-4 6.06955E-4 5.57521E-4 4.6545E-4 4.39393E-4 6.22812E-4 1.13593E-3 1.94649E-3 1.64781E-3 1.76088E-3 1.67531E-3 1.56374E-3 1.10477E-3 8.6161E-4 7.61605E-4 7.19572E-4 7.69695E-4 8.09976E-4 8.61372E-4 9.79127E-4 1.02002E-3 9.42127E-4 8.15561E-4 7.08111E-4 6.68842E-4 6.5105E-4 7.52022E-4 8.98561E-4 9.81665E-4 1.11488E-3 1.13653E-3 1.12111E-3 9.42998E-4 8.58656E-4 8.03545E-4 8.40539E-4 8.8266E-4 8.21539E-4 7.88516E-4 7.69575E-4 7.66811E-4 7.72679E-4
8.88388E-5 8.04157E-5 1.53367E-4 1.93126E-4 2.35942E-4 2.11208E-4 2.00182E-4 1.46128E-4 1.51473E-4 1.12008E-4 1.39937E-4 2.32389E-4 2.79625E-4 3.57368E-4 6.09872E-4 5.94419E-4 5.76189E-4 4.45119E-4 6.86234E-4 9.32402E-4 9.28743E-4 7.97396E-4 5.97864E-4 4.87675E-4 4.81456E-4 9.21693E-4 1.29727E-3 1.74122E-3 2.13304E-3 1.99094E-3 1.72577E-3 1.6061E-3 1.51876E-3 1.31428E-3 9.35952E-4 1.47314E-3 1.44475E-3 1.07407E-3 7.61433E-4 8.18093E-4 1.01602E-3 9.48305E-4 7.74026E-4 7.40551E-4 7.57569E-4 9.24023E-4 1.12664E-3 1.40637E-3 1.50418E-3 1.35008E-3 1.09991E-3 9.79258E-4 8.48693E-4 8.1927E-4 8.18442E-4 8.50939E-4 8.4031E-4 7.3997E-4 7.6144E-4 8.91811E-4 9.1601E-4
1.24825E-4 1.4033E-4 1.89043E-4 1.89438E-4 2.0389E-4 2.47835E-4 2.02256E-4 1.69487E-4 1.7827E-4 1.66954E-4 1.24134E-4 2.02522E-4 3.06093E-4 5.69231E-4 5.50539E-4 5.44891E-4 5.26214E-4 3.2204E-4 1.11726E-3 1.11681E-3 1.60891E-3 1.2231E-3 6.51573E-4 4.24763E-4 3.88102E-4 6.94117E-4 1.32325E-3 1.67355E-3 1.79093E-3 1.70162E-3 1.69118E-3 1.5826E-3 1.47212E-3 1.32688E-3 1.17809E-3 1.12594E-3 1.16632E-3 1.26549E-3 1.08095E-3 8.33268E-4 6.96614E-4 8.10225E-4 8.33495E-4 8.50572E-4 9.18581E-4 1.09822E-3 1.38812E-3 2.15813E-3 2.09438E-3 1.36991E-3 1.07703E-3 8.82725E-4 6.9962E-4 7.24406E-4 7.72763E-4 6.91694E-4 7.70964E-4 8.0731E-4 7.64711E-4 9.45785E-4 9.79567E-4
1.4476E-4 1.73935E-4 2.09752E-4 3.10157E-4 2.40844E-4 2.05525E-4 2.4845E-4 1.57824E-4 1.71456E-4 1.69283E-4 1.74914E-4 2.30206E-4 2.91725E-4 5.31017E-4 6.72575E-4 7.6771E-4 4.45517E-4 3.60075E-4 1.12974E-3 2.61586E-3 2.23756E-3 1.69585E-3 8.05704E-4 3.98385E-4 3.41347E-4 5.68352E-4 1.08588E-3 1.26391E-3 1.31045E-3 1.28644E-3 1.24953E-3 1.54342E-3 1.55539E-3 1.42078E-3 1.08849E-3 9.19801E-4 9.88874E-4 1.11031E-3 1.04074E-3 1.12683E-3 1.11396E-3 9.89848E-4 8.71741E-4 9.07253E-4 1.01587E-3 1.1696E-3 1.45769E-3 1.65882E-3 1.66695E-3 1.31321E-3 1.10861E-3 8.83871E-4 8.05554E-4 7.18896E-4 6.22443E-4 6.28971E-4 7.19627E-4 7.86422E-4 8.71325E-4 8.31582E-4 9.39439E-4
2.17885E-4 1.76965E-4 2.3961E-4 2.8198E-4 2.58229E-4 2.25114E-4 2.7036E-4 2.00929E-4 1.86619E-4 1.69199E-4 2.88142E-4 2.81053E-4 4.39475E-4 5.20543E-4 1.19326E-3 8.72529E-3 3.03736E-3 5.70866E-4 6.6384E-4 2.9415E-3 3.41111E-3 1.86361E-3 1.38014E-3 6.11245E-4 4.21566E-4 7.30515E-4 9.69703E-4 1.00165E-3 1.17508E-3 1.16412E-3 1.16601E-3 1.22985E-3 1.03774E-3 8.56606E-4 8.9502E-4 8.56868E-4 8.54394E-4 7.91627E-4 8.20279E-4 8.50112E-4 8.57285E-4 9.00336E-4 9.04015E-4 9.73394E-4 1.0627E-3 1.26896E-3 1.68754E-3 1.97701E-3 1.23934E-3 1.08991E-3 9.16576E-4 8.06176E-4 7.38436E-4 7.01786E-4 6.35247E-4 6.09651E-4 6.47213E-4 7.77696E-4 8.6943E-4 8.85422E-4 8.82495E-4
3.81032E-4 2.64644E-4 3.37715E-4 2.96184E-4 3.91324E-4 2.25048E-4 2.39826E-4 2.40799E-4 2.76668E-4 2.9815E-4 2.31915E-4 3.18787E-4 4.58002E-4 7.1565E-4 2.15916E-3 5.64633E-3 9.03242E-3 8.44282E-3 4.90005E-3 2.42714E-3 4.46714E-3 2.4631E-3 1.23329E-3 9.37438E-4 8.57263E-4 7.71076E-4 9.38388E-4 1.29048E-3 1.53375E-3 1.37216E-3 1.25285E-3 1.00691E-3 8.40114E-4 7.0162E-4 7.95817E-4 8.39635E-4 8.62049E-4 9.12105E-4 9.38826E-4 8.30117E-4 8.43313E-4 1.03869E-3 1.14874E-3 1.06525E-3 1.07764E-3 1.07922E-3 1.11396E-3 1.10788E-3 9.76679E-4 8.29824E-4 7.557E-4 8.34732E-4 7.43772E-4 8.54413E-4 8.66724E-4 7.24027E-4 6.84738E-4 7.00063E-4 7.7982E-4 8.5612E-4 9.56373E-4
7.4534E-4 5.48725E-4 4.34991E-4 4.54844E-4 5.30833E-4 3.24807E-4 2.42473E-4 2.80856E-4 3.01333E-4 2.49347E-4 5.64405E-4 9.2117E-4 9.85738E-4 6.66156E-3 5.99944E-3 8.93719E-3 1.01625E-2 1.04078E-2 1.21224E-2 3.49455E-3 3.06162E-3 4.06641E-3 1.66294E-3 1.72688E-3 1.86161E-3 1.97806E-3 1.964E-3 2.28669E-3 1.58866E-3 1.47882E-3 1.33677E-3 8.87335E-4 6.49059E-4 7.35898E-4 8.96246E-4 1.01906E-3 9.82721E-4 8.70893E-4 1.08892E-3 1.03332E-3 1.09319E-3 1.10389E-3 1.26056E-3 1.35499E-3 1.22332E-3 1.13971E-3 1.05388E-3 1.01733E-3 9.32634E-4 9.10478E-4 7.54269E-4 8.09054E-4 7.00855E-4 6.96756E-4 1.13668E-3 1.21415E-3 9.52499E-4 7.74561E-4 8.03244E-4 8.72557E-4 9.19415E-4
1.5437E-3 3.96103E-4 2.91113E-4 6.23634E-4 4.40795E-4 3.7492E-4 3.66446E-4 1.2848E-4 2.2132E-4 5.37827E-4 1.22694E-3 1.96453E-3 1.88584E-3 1.39765E-2 1.75988E-2 1.51216E-2 1.15635E-2 7.52103E-3 1.0808E-2 2.04615E-3 7.79808E-4 1.48116E-3 3.30584E-3 2.37322E-3 2.21269E-3 2.61009E-3 2.64691E-3 1.59194E-3 1.24063E-3 1.08191E-3 1.06617E-3 9.05337E-4 6.02303E-4 7.10626E-4 7.71503E-4 7.6121E-4 6.51921E-4 7.05251E-4 7.36373E-4 8.07324E-4 1.10738E-3 1.2421E-3 1.09957E-3 1.13988E-3 1.18671E-3 1.02119E-3 1.06116E-3 9.92318E-4 9.69861E-4 7.94151E-4 8.52175E-4 8.45727E-4 8.48411E-4 8.83669E-4 9.14191E-4 8.9265E-4 9.36191E-4 1.09484E-3 1.11053E-3 1.03772E-3 9.57784E-4
3.18656E-4 1.56465E-4 1.69595E-4 3.74164E-4 8.54426E-4 5.88777E-4 4.69966E-4 2.80446E-4 2.61E-4 4.09696E-4 8.98796E-4 1.27813E-3 1.40857E-3 1.91225E-3 3.60046E-3 9.91879E-3 2.62712E-3 1.21729E-2 1.22751E-2 2.35499E-3 1.27588E-3 1.94678E-3 3.53934E-3 2.99364E-3 2.80011E-3 3.39778E-3 3.51315E-3 1.42434E-3 9.12885E-4 9.60343E-4 8.8904E-4 7.59081E-4 7.13291E-4 6.46543E-4 6.30117E-4 6.09038E-4 6.55688E-4 6.62054E-4 6.93598E-4 1.06069E-3 1.13841E-3 1.07617E-3 1.06389E-3 1.22633E-3 1.23839E-3 1.07175E-3 8.73597E-4 8.79049E-4 9.92498E-4 8.9684E-4 8.41889E-4 1.05826E-3 9.80741E-4 1.01851E-3 9.64294E-4 7.88748E-4 7.69065E-4 8.79566E-4 1.1362E-3 1.1168E-3 1.09122E-3
