data/maxent/outputs/white_269.asc
ncols         426
nrows         180
xllcorner     -130.0
yllcorner     24.0
cellsize      0.16666666666666666
NODATA_value  -9999
[rows 27 to 53 of 180, columns 244 to 304 of 426]
4.02059E-2 4.1714E-2 5.75616E-2 7.03052E-2 7.98198E-2 9.36481E-2 8.21992E-2 5.40708E-2 3.97744E-2 3.57173E-2 3.62941E-2 4.03631E-2 4.40548E-2 3.81888E-2 6.2299E-2 4.41982E-2 4.65149E-2 4.66552E-2 4.68939E-2 4.9265E-2 4.52255E-2 4.67793E-2 5.16526E-2 4.02453E-2 3.87707E-2 5.80732E-2 4.06708E-2 4.05024E-2 4.2035E-2 3.7418E-2 3.78894E-2 3.93225E-2 3.84342E-2 4.02594E-2 4.8376E-2 4.66896E-2 4.0558E-2 4.31501E-2 4.25603E-2 4.37974E-2 4.70137E-2 5.08127E-2 5.22136E-2 5.31638E-2 4.55365E-2 4.40888E-2 4.7546E-2 5.06124E-2 5.07469E-2 4.72015E-2 4.3258E-2 4.78018E-2 5.01995E-2 4.51179E-2 4.25907E-2 4.12522E-2 3.75826E-2 3.60282E-2 3.69759E-2 3.4777E-2 3.46253E-2
3.97553E-2 4.55431E-2 6.25087E-2 5.22856E-2 4.9604E-2 6.17172E-2 5.42448E-2 4.5834E-2 3.83811E-2 3.46688E-2 3.08488E-2 4.40814E-2 3.85529E-2 4.89314E-2 4.22444E-2 4.29978E-2 4.38756E-2 6.62941E-2 5.96037E-2 5.93673E-2 5.5693E-2 4.55275E-2 4.53257E-2 5.21391E-2 5.17042E-2 5.08621E-2 3.90055E-2 3.99427E-2 4.10657E-2 3.81519E-2 3.77918E-2 4.13997E-2 3.66961E-2 4.18769E-2 4.74883E-2 4.93062E-2 4.53902E-2 4.34702E-2 3.9056E-2 4.12835E-2 4.65054E-2 4.63768E-2 4.69802E-2 5.11829E-2 5.22655E-2 5.47495E-2 5.37814E-2 5.06579E-2 5.62744E-2 5.36628E-2 4.77897E-2 4.74942E-2 4.6072E-2 4.18282E-2 4.09513E-2 4.18443E-2 3.80751E-2 3.72435E-2 4.07188E-2 3.7197E-2 3.98176E-2
4.01913E-2 4.40301E-2 5.91726E-2 6.29651E-2 5.92393E-2 6.02851E-2 8.86325E-2 7.58705E-2 4.62012E-2 4.29259E-2 4.87867E-2 5.11899E-2 4.64534E-2 5.82925E-2 4.82139E-2 5.28123E-2 7.39351E-2 8.533E-2 7.81006E-2 6.9057E-2 5.0586E-2 5.42266E-2 5.28345E-2 6.20092E-2 6.32591E-2 5.7476E-2 4.52915E-2 4.87378E-2 4.78442E-2 4.94632E-2 5.49417E-2 4.51082E-2 4.38822E-2 4.52341E-2 4.61423E-2 5.55531E-2 5.41288E-2 6.31742E-2 5.23483E-2 5.0276E-2 5.68306E-2 4.78119E-2 4.39228E-2 4.87359E-2 5.02774E-2 5.59939E-2 5.59491E-2 4.98764E-2 5.23169E-2 5.15805E-2 4.92572E-2 4.64513E-2 4.2802E-2 4.52863E-2 4.6733E-2 4.63608E-2 4.23648E-2 4.3905E-2 4.71941E-2 4.21151E-2 4.29118E-2
3.63829E-2 3.70906E-2 5.3236E-2 6.66619E-2 7.33419E-2 7.67266E-2 1.25945E-1 1.39166E-1 1.24508E-1 1.47711E-1 1.16424E-1 8.85872E-2 7.20155E-2 8.47943E-2 8.8513E-2 8.17497E-2 8.39127E-2 1.00873E-1 9.81282E-2 8.82562E-2 7.07458E-2 7.40676E-2 6.8659E-2 6.03056E-2 5.45249E-2 4.83463E-2 5.49027E-2 5.43733E-2 4.96951E-2 9.0086E-2 5.87063E-2 5.28398E-2 4.90279E-2 4.696E-2 5.09738E-2 6.67305E-2 5.77822E-2 5.16037E-2 5.34016E-2 5.20627E-2 5.09432E-2 5.19411E-2 4.86453E-2 4.57229E-2 4.6762E-2 5.18684E-2 5.43837E-2 5.20829E-2 5.01347E-2 5.38962E-2 4.95058E-2 4.92935E-2 4.4151E-2 4.9268E-2 5.01922E-2 7.99154E-2 8.02519E-2 5.55375E-2 5.43428E-2 4.48475E-2 4.40175E-2
4.59719E-2 4.18131E-2 4.8404E-2 6.61096E-2 1.10775E-1 1.69562E-1 1.14273E-1 1.40504E-1 1.88105E-1 1.92781E-1 1.68386E-1 1.3821E-1 1.39803E-1 1.6983E-1 1.62466E-1 1.68838E-1 1.72545E-1 1.73145E-1 1.18376E-1 9.27337E-2 8.20999E-2 8.28846E-2 9.49819E-2 6.61701E-2 5.39384E-2 5.56988E-2 5.79076E-2 6.51998E-2 5.18102E-2 6.41272E-2 5.93426E-2 5.6934E-2 5.45243E-2 5.4481E-2 6.11602E-2 6.24969E-2 6.31764E-2 5.69736E-2 5.2194E-2 5.21135E-2 4.89941E-2 5.4703E-2 5.19398E-2 5.17171E-2 4.885E-2 4.7316E-2 5.37445E-2 5.38806E-2 5.15116E-2 5.36362E-2 5.57903E-2 5.01954E-2 5.29053E-2 5.96483E-2 6.62564E-2 9.87853E-2 1.05245E-1 7.6324E-2 9.88127E-2 6.27793E-2 5.34051E-2
6.94078E-2 9.09415E-2 1.45142E-1 1.57057E-1 2.09629E-1 1.96854E-1 1.89147E-1 9.94943E-2 6.48769E-2 6.07294E-2 5.46331E-2 5.07936E-2 5.19846E-2 5.66101E-2 6.22233E-2 6.02226E-2 6.71587E-2 7.98172E-2 1.98693E-1 1.13798E-1 1.05507E-1 8.96669E-2 7.53471E-2 6.72428E-2 6.23049E-2 6.62872E-2 6.14851E-2 6.12278E-2 7.69254E-2 6.51607E-2 7.72338E-2 5.65892E-2 6.2015E-2 6.8747E-2 6.41809E-2 6.4184E-2 6.13799E-2 5.90202E-2 6.05312E-2 5.53661E-2 5.61864E-2 5.35744E-2 5.37015E-2 5.50186E-2 5.73442E-2 5.64427E-2 6.74051E-2 6.00659E-2 6.15287E-2 6.27904E-2 7.66269E-2 5.75947E-2 5.51207E-2 5.56733E-2 5.67988E-2 5.87142E-2 7.94752E-2 8.83032E-2 9.70436E-2 8.10993E-2 7.24959E-2
1.85724E-1 2.40107E-1 2.05566E-1 2.5525E-1 2.02975E-1 1.1974E-1 7.36412E-2 6.85906E-2 6.35251E-2 5.81819E-2 5.22479E-2 4.93584E-2 4.96509E-2 4.96986E-2 4.88023E-2 5.17829E-2 5.86746E-2 6.30978E-2 1.19134E-1 1.63314E-1 1.21097E-1 1.00501E-1 8.3112E-2 7.42439E-2 7.70544E-2 7.42471E-2 6.47824E-2 7.27791E-2 7.53498E-2 7.67113E-2 1.02438E-1 9.40212E-2 8.48789E-2 1.18656E-1 1.0625E-1 8.93262E-2 7.77703E-2 6.2843E-2 6.78016E-2 6.02648E-2 5.72313E-2 5.53615E-2 5.81279E-2 6.31683E-2 6.29843E-2 6.68617E-2 6.49404E-2 7.18489E-2 7.39076E-2 7.39328E-2 8.71302E-2 6.85486E-2 6.73608E-2 6.96028E-2 6.38402E-2 6.08515E-2 7.47866E-2 7.62141E-2 8.49003E-2 8.80477E-2 9.66917E-2
2.59679E-1 2.18948E-1 1.48044E-1 1.07068E-1 9.04112E-2 1.01128E-1 7.96353E-2 7.06697E-2 6.34604E-2 5.76281E-2 5.18306E-2 4.79516E-2 4.79655E-2 4.97963E-2 5.00938E-2 5.1829E-2 5.35554E-2 5.70315E-2 7.22818E-2 2.18987E-1 1.26579E-1 1.11773E-1 1.01818E-1 8.79432E-2 8.85223E-2 8.92535E-2 8.31907E-2 9.25961E-2 8.9921E-2 8.37165E-2 1.19942E-1 1.28632E-1 1.09172E-1 1.00589E-1 9.63845E-2 8.77983E-2 8.5712E-2 6.96557E-2 6.52524E-2 6.48071E-2 7.06807E-2 6.20822E-2 6.27986E-2 6.38908E-2 6.68335E-2 6.94851E-2 6.86754E-2 7.31286E-2 7.25989E-2 7.49429E-2 7.24445E-2 7.11837E-2 8.60155E-2 7.41414E-2 8.33565E-2 8.69456E-2 8.36767E-2 8.81947E-2 9.76443E-2 1.09804E-1 9.74749E-2
1.37122E-1 1.03608E-1 2.03273E-1 2.86179E-1 2.84703E-1 1.43887E-1 9.1894E-2 7.37374E-2 6.24367E-2 5.64172E-2 4.97077E-2 4.79714E-2 4.85262E-2 5.12096E-2 5.1493E-2 5.2193E-2 5.21332E-2 5.51967E-2 6.41564E-2 1.32119E-1 2.39186E-1 1.73463E-1 1.42483E-1 1.27966E-1 1.27565E-1 1.15389E-1 1.24618E-1 1.18554E-1 1.13275E-1 1.24465E-1 1.11747E-1 1.18322E-1 1.236E-1 1.04685E-1 1.02232E-1 1.04435E-1 1.04642E-1 9.14907E-2 7.05177E-2 7.83557E-2 8.08834E-2 7.9866E-2 9.04563E-2 7.12066E-2 7.23667E-2 6.91883E-2 7.12674E-2 7.57909E-2 7.30065E-2 7.81218E-2 8.52245E-2 9.48725E-2 9.76468E-2 8.54379E-2 8.9525E-2 1.13876E-1 1.08836E-1 1.10309E-1 1.16002E-1 1.10786E-1 1.09675E-1
1.57819E-1 3.2787E-1 2.87602E-1 1.67539E-1 1.13704E-1 1.07047E-1 9.4379E-2 7.9899E-2 6.7873E-2 5.75474E-2 5.17615E-2 5.19548E-2 5.28104E-2 5.15734E-2 6.57418E-2 6.74576E-2 6.73432E-2 7.01274E-2 7.60211E-2 9.43794E-2 9.28238E-2 1.84431E-1 2.31234E-1 2.31353E-1 2.15938E-1 1.85192E-1 2.44506E-1 1.77937E-1 1.46553E-1 1.25396E-1 1.06761E-1 9.2165E-2 1.27986E-1 1.26919E-1 1.14688E-1 1.1066E-1 1.15387E-1 9.18314E-2 8.50596E-2 9.17393E-2 8.95779E-2 8.91192E-2 7.7491E-2 7.0664E-2 7.77146E-2 7.96658E-2 9.09426E-2 9.3773E-2 9.54782E-2 9.40976E-2 9.69975E-2 1.06241E-1 1.04802E-1 9.57967E-2 1.03178E-1 1.14149E-1 1.12807E-1 1.23367E-1 1.19775E-1 1.12154E-1 1.14091E-1
1.26755E-1 1.62714E-1 1.23994E-1 1.27616E-1 1.21056E-1 1.12008E-1 1.00157E-1 8.70928E-2 7.53992E-2 6.86888E-2 6.36962E-2 6.46146E-2 5.88482E-2 5.76244E-2 7.04997E-2 7.00286E-2 7.15514E-2 7.42167E-2 7.80608E-2 8.63249E-2 1.76431E-1 2.94446E-1 2.21083E-1 8.79033E-2 9.86487E-2 1.07293E-1 2.60379E-1 1.7142E-1 1.39094E-1 1.16675E-1 1.22361E-1 1.14628E-1 1.05434E-1 1.02948E-1 1.31543E-1 1.13373E-1 1.09132E-1 9.33561E-2 1.06413E-1 1.09424E-1 1.08834E-1 8.95987E-2 1.00279E-1 1.04133E-1 9.05808E-2 8.68443E-2 9.90834E-2 1.08435E-1 9.86669E-2 1.08971E-1 1.0814E-1 1.07155E-1 1.13379E-1 1.23445E-1 1.25604E-1 1.3918E-1 1.35507E-1 1.2293E-1 1.25341E-1 1.1012E-1 1.18742E-1
1.3689E-1 1.36053E-1 1.40522E-1 1.37831E-1 1.3848E-1 1.29596E-1 1.25955E-1 1.63599E-1 1.67523E-1 1.20236E-1 1.02517E-1 8.87578E-2 7.03387E-2 6.44846E-2 7.7649E-2 7.87729E-2 7.83392E-2 8.16087E-2 8.73298E-2 8.83977E-2 7.81969E-2 9.4564E-2 8.53852E-2 8.75169E-2 9.50935E-2 1.24444E-1 2.7197E-1 2.0803E-1 1.60382E-1 1.42008E-1 1.25056E-1 1.33025E-1 1.13669E-1 1.29669E-1 1.33119E-1 1.11648E-1 1.07843E-1 1.04564E-1 1.02496E-1 1.00638E-1 1.06029E-1 1.00693E-1 1.06711E-1 9.89279E-2 9.53087E-2 9.95548E-2 1.00884E-1 1.06982E-1 1.09577E-1 1.01624E-1 1.1344E-1 1.25022E-1 1.13092E-1 1.26867E-1 1.46525E-1 1.57939E-1 1.5874E-1 1.5383E-1 1.71932E-1 1.52639E-1 1.5397E-1
1.60976E-1 1.64058E-1 1.62798E-1 1.70617E-1 1.77053E-1 3.20391E-1 5.69309E-1 6.16816E-1 5.85061E-1 4.38573E-1 1.89405E-1 1.43741E-1 9.29882E-2 7.67209E-2 8.87365E-2 8.6385E-2 8.32647E-2 8.59246E-2 9.24488E-2 9.38299E-2 8.29707E-2 1.12591E-1 7.85769E-2 8.20976E-2 9.01618E-2 1.09674E-1 1.90065E-1 3.19142E-1 2.23369E-1 1.46644E-1 1.36344E-1 1.56961E-1 1.5591E-1 1.66833E-1 1.52809E-1 1.4887E-1 1.43185E-1 1.55995E-1 1.35796E-1 1.31067E-1 1.34715E-1 1.22317E-1 1.09756E-1 1.13095E-1 9.80856E-2 1.01717E-1 1.00703E-1 9.81786E-2 9.08549E-2 9.81454E-2 1.05407E-1 1.27618E-1 1.35352E-1 1.53089E-1 1.78604E-1 1.97012E-1 1.81116E-1 1.74285E-1 2.35472E-1 1.7618E-1 1.65587E-1
1.80245E-1 1.96421E-1 2.17493E-1 3.41261E-1 6.00217E-1 5.68714E-1 5.36631E-1 5.73694E-1 3.10438E-1 2.09657E-1 1.93856E-1 1.88747E-1 1.55706E-1 1.1513E-1 1.12E-1 1.0377E-1 9.80193E-2 9.62383E-2 1.00817E-1 1.03002E-1 8.52291E-2 8.82481E-2 8.17948E-2 8.38341E-2 8.84829E-2 9.9837E-2 1.27904E-1 2.18208E-1 2.90128E-1 1.73316E-1 1.68298E-1 1.53586E-1 1.62431E-1 1.57849E-1 1.80164E-1 1.80182E-1 1.89908E-1 1.81138E-1 1.56956E-1 1.47544E-1 1.53864E-1 1.55485E-1 1.73422E-1 1.46686E-1 1.19448E-1 1.04845E-1 1.21202E-1 1.10242E-1 1.17135E-1 1.38081E-1 1.34483E-1 1.45198E-1 1.55126E-1 1.66949E-1 2.25611E-1 2.10161E-1 1.97782E-1 1.86144E-1 1.97857E-1 2.36974E-1 1.8785E-1
2.46041E-1 3.09576E-1 5.15256E-1 5.83871E-1 5.58501E-1 6.29139E-1 5.43664E-1 2.97415E-1 2.60762E-1 2.17718E-1 2.03277E-1 1.99377E-1 1.8642E-1 1.58574E-1 1.46907E-1 1.23882E-1 1.16256E-1 1.17373E-1 1.17205E-1 1.17363E-1 9.59113E-2 9.2562E-2 9.17103E-2 9.49228E-2 1.00269E-1 1.13623E-1 1.47253E-1 3.73577E-1 2.64826E-1 2.30995E-1 2.1445E-1 2.04595E-1 2.18221E-1 2.11827E-1 2.09107E-1 2.13482E-1 2.25738E-1 2.08231E-1 1.81982E-1 1.60489E-1 1.76859E-1 1.67741E-1 1.51675E-1 1.54545E-1 1.50018E-1 1.30264E-1 1.45326E-1 1.54951E-1 1.5652E-1 1.56037E-1 1.49311E-1 1.6855E-1 1.93626E-1 2.12097E-1 2.50836E-1 2.9161E-1 2.28261E-1 2.24754E-1 2.19992E-1 2.79981E-1 2.57696E-1
5.56042E-1 4.98938E-1 4.30164E-1 4.00015E-1 4.53613E-1 6.35377E-1 6.55663E-1 6.54796E-1 6.44417E-1 4.7445E-1 2.51175E-1 1.99566E-1 2.01353E-1 1.87146E-1 1.54096E-1 1.22495E-1 1.27519E-1 1.4162E-1 1.27299E-1 1.26553E-1 1.20927E-1 1.10958E-1 1.1361E-1 1.28464E-1 1.46621E-1 1.66021E-1 1.96811E-1 4.01827E-1 4.58494E-1 4.49956E-1 2.98041E-1 2.53107E-1 2.76051E-1 2.53842E-1 2.70647E-1 2.72332E-1 2.94095E-1 2.90477E-1 2.47808E-1 2.08239E-1 2.0016E-1 1.93031E-1 1.64853E-1 1.80579E-1 1.98541E-1 1.85733E-1 1.8335E-1 1.70402E-1 1.74588E-1 1.81044E-1 2.05339E-1 2.33274E-1 2.57754E-1 2.72095E-1 2.97563E-1 3.50812E-1 2.76002E-1 2.3732E-1 2.3153E-1 2.41685E-1 3.18878E-1
4.1325E-1 3.37087E-1 3.16087E-1 3.47218E-1 3.69201E-1 4.15695E-1 3.41673E-1 3.03874E-1 3.43167E-1 5.33721E-1 6.19056E-1 2.39518E-1 2.07373E-1 2.08768E-1 1.91091E-1 1.73673E-1 1.8121E-1 1.85766E-1 2.06322E-1 2.6665E-1 3.99657E-1 4.13807E-1 2.87598E-1 4.61324E-1 5.14503E-1 5.37605E-1 4.09738E-1 2.8296E-1 4.70795E-1 5.1292E-1 3.70466E-1 3.35779E-1 3.54938E-1 3.32021E-1 3.12377E-1 3.11367E-1 2.93324E-1 2.97933E-1 2.81524E-1 2.95733E-1 2.41709E-1 2.20207E-1 2.36391E-1 2.33865E-1 2.3556E-1 2.45907E-1 2.29853E-1 2.34556E-1 2.40074E-1 2.34035E-1 2.60158E-1 4.54851E-1 3.61261E-1 3.62953E-1 3.2673E-1 3.1081E-1 3.18599E-1 2.85116E-1 2.43184E-1 2.22479E-1 2.47026E-1
2.72262E-1 2.99752E-1 2.59482E-1 2.84744E-1 2.35567E-1 1.88576E-1 1.67476E-1 1.81833E-1 1.86496E-1 2.83059E-1 4.66964E-1 5.98191E-1 2.82587E-1 3.42741E-1 2.75228E-1 2.79352E-1 3.50142E-1 4.87311E-1 5.44974E-1 5.05304E-1 4.79697E-1 4.56377E-1 4.24645E-1 4.34463E-1 4.3034E-1 5.13779E-1 4.32041E-1 3.05135E-1 5.02475E-1 4.94319E-1 4.94642E-1 5.35205E-1 5.42573E-1 4.47127E-1 4.11115E-1 4.10354E-1 3.67576E-1 4.01686E-1 3.71154E-1 3.6961E-1 3.31382E-1 3.19714E-1 3.17058E-1 3.29776E-1 3.23738E-1 3.10061E-1 3.07944E-1 3.64359E-1 3.57649E-1 2.97825E-1 2.87541E-1 3.71148E-1 3.89643E-1 3.98709E-1 3.99238E-1 3.7929E-1 3.38968E-1 2.99697E-1 2.6041E-1 2.32853E-1 2.2696E-1
2.64972E-1 2.5685E-1 2.31729E-1 1.9007E-1 1.52766E-1 1.37495E-1 1.49071E-1 1.63777E-1 1.74504E-1 2.35104E-1 3.47656E-1 3.83798E-1 4.80704E-1 5.0986E-1 5.62514E-1 5.74158E-1 5.73727E-1 5.34495E-1 4.49923E-1 4.0272E-1 3.83709E-1 4.22393E-1 4.10379E-1 4.02527E-1 4.36736E-1 4.84282E-1 5.52698E-1 5.54068E-1 5.48192E-1 4.80318E-1 5.59984E-1 6.29684E-1 6.18516E-1 5.53154E-1 4.50615E-1 4.83929E-1 4.86386E-1 4.85604E-1 4.89751E-1 4.37919E-1 4.53041E-1 4.62758E-1 4.0326E-1 3.93963E-1 4.06312E-1 3.93265E-1 3.97492E-1 4.33115E-1 4.53759E-1 4.8604E-1 4.14736E-1 4.47387E-1 4.59908E-1 4.49415E-1 4.45451E-1 4.72316E-1 4.51016E-1 3.75874E-1 2.8139E-1 2.4157E-1 2.48392E-1
2.30244E-1 2.05263E-1 1.92196E-1 1.68732E-1 1.51254E-1 1.52938E-1 1.8386E-1 1.9613E-1 2.08075E-1 2.48077E-1 2.84466E-1 2.98836E-1 3.38535E-1 3.65871E-1 3.79895E-1 4.32035E-1 5.30815E-1 5.25886E-1 4.47202E-1 4.60939E-1 5.32334E-1 6.1446E-1 5.00691E-1 4.78073E-1 5.04799E-1 4.98132E-1 4.83915E-1 4.77125E-1 4.18222E-1 4.58346E-1 5.3189E-1 6.11636E-1 5.88897E-1 6.15501E-1 5.49925E-1 5.62408E-1 5.67327E-1 5.57683E-1 5.73009E-1 5.87448E-1 5.75068E-1 5.89569E-1 5.63747E-1 5.21419E-1 5.33106E-1 5.50723E-1 5.40419E-1 5.94835E-1 5.89712E-1 4.90385E-1 4.90561E-1 5.17097E-1 5.19957E-1 5.2861E-1 5.48447E-1 5.82683E-1 5.69538E-1 5.10924E-1 4.32349E-1 4.30392E-1 3.3418E-1
1.70289E-1 2.00353E-1 1.8424E-1 1.78413E-1 1.58077E-1 1.97553E-1 2.11111E-1 2.10919E-1 2.46535E-1 2.77522E-1 2.93807E-1 2.94349E-1 3.18409E-1 3.5744E-1 4.00747E-1 4.45803E-1 4.88925E-1 5.08473E-1 4.97904E-1 4.96811E-1 5.30162E-1 5.59523E-1 5.63106E-1 5.57467E-1 5.54534E-1 5.53977E-1 5.60493E-1 5.67479E-1 5.68578E-1 5.32885E-1 5.15197E-1 5.60987E-1 6.07742E-1 6.02672E-1 5.9187E-1 3.48564E-1 3.04928E-1 3.59139E-1 4.05107E-1 4.21037E-1 4.95583E-1 5.78228E-1 5.86328E-1 6.20987E-1 6.12769E-1 6.28029E-1 6.44102E-1 6.279E-1 6.25104E-1 5.89173E-1 5.77534E-1 5.92145E-1 5.99032E-1 5.57546E-1 5.59495E-1 5.42405E-1 5.12658E-1 5.00022E-1 4.30509E-1 3.75994E-1 3.11949E-1
1.98441E-1 2.04506E-1 1.90378E-1 1.87767E-1 2.03515E-1 2.25056E-1 2.4158E-1 2.69585E-1 3.04497E-1 3.10603E-1 3.01825E-1 3.16371E-1 3.3831E-1 4.02033E-1 4.68196E-1 4.91646E-1 5.40865E-1 5.17849E-1 5.84687E-1 5.42914E-1 5.51291E-1 4.90817E-1 4.05421E-1 3.71077E-1 4.00411E-1 4.46533E-1 6.06137E-1 5.99707E-1 5.69813E-1 5.1012E-1 4.7571E-1 4.57462E-1 4.50197E-1 5.06709E-1 5.42996E-1 5.40815E-1 5.40603E-1 5.46519E-1 6.17981E-1 6.29681E-1 7.07247E-1 7.01237E-1 7.03725E-1 6.23706E-1 6.41256E-1 5.5804E-1 5.39966E-1 5.72969E-1 6.53576E-1 7.25885E-1 7.60848E-1 6.9127E-1 6.39683E-1 6.05355E-1 5.73065E-1 5.73303E-1 5.54582E-1 4.99598E-1 4.03305E-1 3.5011E-1 3.22221E-1
1.86835E-1 1.95426E-1 2.00451E-1 1.94302E-1 2.11961E-1 2.17175E-1 2.34737E-1 2.75343E-1 3.18479E-1 3.29258E-1 3.12463E-1 3.68435E-1 4.04442E-1 5.74853E-1 5.83915E-1 5.71506E-1 5.75949E-1 5.19388E-1 3.4952E-1 2.75672E-1 2.83393E-1 3.87654E-1 5.7958E-1 5.61907E-1 4.00243E-1 4.94562E-1 6.29676E-1 6.35766E-1 6.07437E-1 5.97485E-1 4.32166E-1 3.06675E-1 2.77015E-1 2.63432E-1 2.60086E-1 2.80725E-1 2.86862E-1 3.52189E-1 4.36138E-1 4.4447E-1 5.43451E-1 6.7277E-1 6.91738E-1 6.64186E-1 6.3571E-1 6.99817E-1 6.32501E-1 3.75084E-1 3.7318E-1 3.88785E-1 3.9417E-1 4.85748E-1 7.17608E-1 6.68104E-1 6.37897E-1 6.29086E-1 5.78698E-1 5.12505E-1 4.73372E-1 4.46184E-1 4.00441E-1
2.1386E-1 1.94353E-1 2.17713E-1 2.47909E-1 2.37356E-1 2.42671E-1 2.55905E-1 2.97253E-1 3.49255E-1 3.70724E-1 3.64165E-1 4.26245E-1 5.71606E-1 3.88802E-1 3.78209E-1 4.49839E-1 4.73026E-1 3.02303E-1 2.88062E-1 2.7743E-1 3.00957E-1 3.27931E-1 5.35235E-1 4.15086E-1 3.61512E-1 6.22816E-1 6.50148E-1 6.47364E-1 6.38164E-1 6.18014E-1 5.99622E-1 5.77953E-1 4.11492E-1 3.28675E-1 3.17108E-1 3.08028E-1 2.92001E-1 2.84849E-1 3.24105E-1 2.96874E-1 2.95719E-1 3.08326E-1 3.83635E-1 5.5173E-1 5.77675E-1 6.47304E-1 4.05826E-1 4.08432E-1 3.53271E-1 3.54418E-1 3.47318E-1 3.25684E-1 4.80337E-1 6.93552E-1 6.40434E-1 6.22704E-1 6.03724E-1 5.76222E-1 5.53118E-1 5.12892E-1 5.05916E-1
2.48994E-1 2.39053E-1 2.5725E-1 2.59441E-1 2.73291E-1 2.93597E-1 2.98436E-1 3.26644E-1 3.72121E-1 4.0214E-1 4.41013E-1 5.12958E-1 4.83034E-1 3.72294E-1 4.9523E-1 4.50457E-1 3.38779E-1 3.06036E-1 3.03737E-1 2.99207E-1 3.97576E-1 4.24152E-1 3.24866E-1 3.30681E-1 4.3293E-1 6.22999E-1 6.55066E-1 6.49901E-1 6.57995E-1 5.79995E-1 6.17577E-1 5.71439E-1 6.02212E-1 5.9688E-1 5.00481E-1 3.71959E-1 3.38179E-1 3.35805E-1 3.2563E-1 3.60325E-1 3.61705E-1 3.35788E-1 2.94782E-1 2.80069E-1 3.73338E-1 5.29552E-1 3.8938E-1 3.88478E-1 3.64233E-1 3.45E-1 3.29008E-1 3.00527E-1 2.96378E-1 4.2863E-1 6.5573E-1 6.4131E-1 6.05427E-1 5.98019E-1 5.68642E-1 5.69366E-1 5.89372E-1
2.41235E-1 2.344E-1 2.64378E-1 2.84327E-1 3.41993E-1 3.48147E-1 3.75302E-1 3.86629E-1 4.1739E-1 4.64553E-1 5.3045E-1 5.80009E-1 4.59275E-1 5.68292E-1 4.80647E-1 3.67452E-1 3.38516E-1 3.30614E-1 3.27989E-1 3.72053E-1 3.46767E-1 3.50351E-1 4.79725E-1 5.23154E-1 6.55684E-1 6.56067E-1 6.27057E-1 6.0012E-1 5.42921E-1 5.28639E-1 5.13832E-1 5.31834E-1 5.52311E-1 5.60979E-1 6.14415E-1 6.12915E-1 4.30368E-1 3.81473E-1 4.01064E-1 4.25097E-1 4.27791E-1 3.98198E-1 3.57587E-1 3.38582E-1 3.30105E-1 4.66661E-1 6.52532E-1 5.98472E-1 4.2076E-1 3.59016E-1 3.22877E-1 2.82297E-1 2.55427E-1 2.51262E-1 4.37206E-1 5.78843E-1 6.49124E-1 6.72438E-1 6.79796E-1 6.59213E-1 6.55482E-1
2.81677E-1 2.85903E-1 3.42699E-1 3.64274E-1 4.02935E-1 3.75265E-1 4.00413E-1 4.1589E-1 4.56039E-1 5.37234E-1 6.34087E-1 4.30484E-1 6.14501E-1 5.59789E-1 3.88654E-1 3.8274E-1 3.82698E-1 3.64398E-1 3.51978E-1 5.51958E-1 4.72262E-1 5.24781E-1 6.22695E-1 5.82337E-1 6.43115E-1 6.04325E-1 5.63983E-1 5.21903E-1 5.04036E-1 5.00865E-1 5.11382E-1 5.23629E-1 5.38148E-1 5.53745E-1 5.92736E-1 6.3278E-1 5.79465E-1 4.19952E-1 4.27892E-1 4.8154E-1 4.85568E-1 4.46593E-1 4.15815E-1 3.8719E-1 3.51046E-1 3.35169E-1 4.26057E-1 7.31353E-1 5.68635E-1 3.36719E-1 3.18927E-1 2.72004E-1 2.45152E-1 2.22593E-1 2.23938E-1 4.18546E-1 6.82616E-1 7.32329E-1 7.54757E-1 7.49723E-1 6.85034E-1
