data/maxent/outputs/white_13.asc
ncols         426
nrows         180
xllcorner     -130.0
yllcorner     24.0
cellsize      0.16666666666666666
NODATA_value  -9999
[rows 135 to 161 of 180, columns 183 to 243 of 426]
1.96441E-1 2.2036E-1 2.17264E-1 2.19138E-1 2.33863E-1 2.65413E-1 2.77027E-1 2.80364E-1 3.26844E-1 3.5478E-1 3.77422E-1 3.87192E-1 4.01752E-1 4.24568E-1 4.20705E-1 4.31529E-1 4.27256E-1 4.21815E-1 4.25962E-1 4.01479E-1 3.62202E-1 3.35996E-1 3.24984E-1 3.27329E-1 3.09404E-1 3.08924E-1 2.95878E-1 2.85688E-1 2.84865E-1 2.49558E-1 2.32636E-1 1.96746E-1 1.62607E-1 1.7427E-1 2.41464E-1 2.15736E-1 1.86359E-1 1.90393E-1 1.90673E-1 1.88324E-1 1.92367E-1 1.98191E-1 2.16339E-1 2.02902E-1 2.29655E-1 2.20009E-1 2.07001E-1 2.07898E-1 2.01895E-1 1.68531E-1 1.62849E-1 1.70342E-1 1.64232E-1 1.59649E-1 1.57757E-1 1.49721E-1 1.46664E-1 1.43192E-1 1.43384E-1 1.43839E-1 1.49107E-1
2.04857E-1 2.17403E-1 2.15257E-1 2.1466E-1 2.20274E-1 2.47717E-1 2.97152E-1 3.20168E-1 3.69195E-1 4.12758E-1 4.47096E-1 4.62657E-1 4.51123E-1 4.34244E-1 4.42038E-1 4.49153E-1 4.5579E-1 4.53264E-1 4.30404E-1 4.10619E-1 3.74298E-1 3.31075E-1 3.20029E-1 3.135E-1 2.92059E-1 2.75907E-1 2.66469E-1 2.66618E-1 2.68436E-1 2.41766E-1 2.59913E-1 2.62739E-1 2.02213E-1 1.86218E-1 2.22146E-1 2.50383E-1 2.08623E-1 1.95357E-1 1.89928E-1 1.85567E-1 2.16139E-1 2.6913E-1 2.42294E-1 1.98538E-1 2.12308E-1 2.14241E-1 2.07135E-1 2.17149E-1 2.00883E-1 1.71417E-1 1.70488E-1 1.66162E-1 1.56988E-1 1.59682E-1 1.63519E-1 1.55946E-1 1.49988E-1 1.51365E-1 1.51639E-1 1.48347E-1 1.53931E-1
1.8815E-1 1.93068E-1 2.12616E-1 2.39152E-1 2.55529E-1 2.69483E-1 3.22226E-1 3.6362E-1 4.06555E-1 4.94169E-1 5.11897E-1 5.07564E-1 4.74304E-1 4.52233E-1 4.68254E-1 4.73026E-1 4.84489E-1 4.61745E-1 4.42896E-1 4.17522E-1 3.73218E-1 3.31575E-1 3.1331E-1 3.00078E-1 2.77067E-1 2.49073E-1 2.41956E-1 2.35766E-1 2.4703E-1 2.35778E-1 2.18577E-1 2.41502E-1 2.56508E-1 1.86119E-1 1.87587E-1 1.96224E-1 2.07144E-1 2.13431E-1 2.23339E-1 1.92258E-1 2.22668E-1 3.07902E-1 2.84051E-1 2.47795E-1 2.17902E-1 2.4299E-1 2.75187E-1 3.13666E-1 2.53215E-1 1.87543E-1 1.65995E-1 1.56078E-1 1.56678E-1 1.53417E-1 1.56433E-1 1.59297E-1 1.57079E-1 1.51718E-1 1.55661E-1 1.53316E-1 1.50953E-1
1.8599E-1 2.00895E-1 2.21815E-1 2.40937E-1 2.5279E-1 3.01764E-1 3.60522E-1 4.04067E-1 4.29052E-1 4.75563E-1 4.95662E-1 4.71951E-1 4.63776E-1 4.82375E-1 5.02714E-1 5.1562E-1 4.99808E-1 4.77867E-1 4.46429E-1 4.16184E-1 3.79751E-1 3.46063E-1 3.27967E-1 3.01705E-1 2.8108E-1 2.72775E-1 2.20737E-1 2.22952E-1 2.29208E-1 2.26395E-1 2.23906E-1 2.20672E-1 2.06112E-1 1.82919E-1 1.92686E-1 2.00129E-1 2.12686E-1 2.1331E-1 2.06234E-1 1.99944E-1 2.39374E-1 3.35811E-1 3.62573E-1 3.06984E-1 3.00335E-1 3.51839E-1 3.82666E-1 4.19654E-1 3.58925E-1 2.82284E-1 2.26015E-1 1.91286E-1 1.71111E-1 1.53276E-1 1.5305E-1 1.61539E-1 1.60814E-1 1.59793E-1 1.70745E-1 1.62898E-1 1.53468E-1
1.78479E-1 1.94586E-1 2.03125E-1 2.28831E-1 2.63443E-1 3.1397E-1 3.8352E-1 4.21158E-1 4.46355E-1 4.57159E-1 4.66126E-1 4.62295E-1 4.90264E-1 5.06238E-1 5.31367E-1 5.43332E-1 5.2156E-1 4.90517E-1 4.72554E-1 4.29654E-1 3.93768E-1 3.64766E-1 3.41213E-1 3.31356E-1 2.97394E-1 2.84809E-1 3.37701E-1 2.257E-1 2.15253E-1 2.12807E-1 2.19236E-1 2.25179E-1 2.16779E-1 1.98705E-1 2.20357E-1 2.26764E-1 2.35883E-1 2.26775E-1 2.41545E-1 2.54515E-1 3.01994E-1 3.88026E-1 4.49238E-1 4.51155E-1 4.38431E-1 4.78244E-1 5.3396E-1 5.07891E-1 4.47468E-1 3.41133E-1 2.76407E-1 2.3867E-1 1.97876E-1 1.92323E-1 1.82126E-1 1.60916E-1 1.66564E-1 1.77157E-1 1.89941E-1 1.84291E-1 1.77931E-1
1.94796E-1 2.26741E-1 2.55107E-1 2.99641E-1 3.37991E-1 3.7339E-1 3.97043E-1 4.27094E-1 4.82915E-1 4.76841E-1 4.67025E-1 4.65432E-1 4.84593E-1 5.07205E-1 5.43584E-1 5.43294E-1 5.28383E-1 4.97516E-1 4.70689E-1 4.36522E-1 4.05363E-1 3.66796E-1 3.53272E-1 3.32452E-1 2.77452E-1 2.52102E-1 2.72073E-1 2.22487E-1 2.11174E-1 2.05575E-1 2.16698E-1 2.20207E-1 2.23824E-1 2.01277E-1 2.42736E-1 2.62857E-1 2.645E-1 2.65964E-1 2.76159E-1 2.96184E-1 3.62783E-1 4.47921E-1 5.59227E-1 5.53191E-1 5.10244E-1 5.69753E-1 6.09424E-1 5.5521E-1 4.74423E-1 4.20543E-1 3.3126E-1 2.59539E-1 1.95996E-1 1.92958E-1 2.01773E-1 1.84624E-1 1.73606E-1 1.90837E-1 2.12906E-1 2.13149E-1 2.21139E-1
2.1773E-1 2.48797E-1 2.87655E-1 3.33371E-1 3.81803E-1 4.04401E-1 4.28205E-1 4.41037E-1 4.82523E-1 5.17288E-1 5.17215E-1 4.69253E-1 4.82916E-1 5.19946E-1 5.44069E-1 5.36192E-1 5.14284E-1 4.87808E-1 4.51406E-1 4.20772E-1 3.85444E-1 3.62916E-1 3.33861E-1 3.7325E-1 2.75703E-1 2.47088E-1 2.52352E-1 2.3675E-1 2.28029E-1 2.1284E-1 2.1505E-1 2.14238E-1 2.13046E-1 1.9761E-1 2.17607E-1 2.18729E-1 2.42981E-1 2.68874E-1 2.85672E-1 3.3009E-1 3.7683E-1 4.37218E-1 5.13112E-1 4.97494E-1 4.45136E-1 4.93398E-1 5.12843E-1 4.91944E-1 4.07228E-1 4.14008E-1 4.09531E-1 2.82071E-1 1.88054E-1 2.04637E-1 2.30748E-1 2.31183E-1 2.31908E-1 2.05095E-1 2.40449E-1 2.41435E-1 2.54199E-1
2.2216E-1 2.44046E-1 2.76219E-1 3.18624E-1 3.71432E-1 4.16056E-1 4.3859E-1 4.43476E-1 4.65162E-1 4.78294E-1 5.22682E-1 4.82375E-1 4.79053E-1 5.11121E-1 5.29483E-1 5.33326E-1 5.0396E-1 4.9884E-1 4.27181E-1 4.03379E-1 3.84461E-1 3.69656E-1 3.49238E-1 3.386E-1 3.24757E-1 2.79608E-1 2.71784E-1 2.61973E-1 2.45234E-1 2.33533E-1 2.32897E-1 2.34647E-1 2.35638E-1 2.19669E-1 2.47776E-1 2.40202E-1 2.56968E-1 3.0476E-1 2.6876E-1 2.79533E-1 3.32157E-1 3.60384E-1 3.5473E-1 3.28855E-1 3.12954E-1 3.06306E-1 3.46327E-1 3.23707E-1 3.19115E-1 3.3218E-1 3.22568E-1 2.98928E-1 2.4597E-1 3.24461E-1 3.73603E-1 4.96111E-1 5.0806E-1 3.41629E-1 3.52905E-1 3.02863E-1 3.09658E-1
2.35537E-1 2.68079E-1 3.05545E-1 3.45108E-1 3.94962E-1 4.33599E-1 4.18918E-1 4.31476E-1 4.52113E-1 4.45166E-1 4.48251E-1 4.72093E-1 4.61977E-1 4.67494E-1 4.70287E-1 4.96775E-1 4.77321E-1 4.2172E-1 4.03051E-1 3.97714E-1 3.97597E-1 3.81548E-1 3.70354E-1 3.75883E-1 3.76198E-1 3.6038E-1 3.36394E-1 2.94015E-1 2.70367E-1 2.69529E-1 2.73924E-1 2.81995E-1 3.14097E-1 2.96332E-1 2.98436E-1 3.04455E-1 3.51467E-1 3.34551E-1 2.818E-1 2.95126E-1 2.89409E-1 2.67212E-1 2.69116E-1 2.66529E-1 2.49865E-1 2.56992E-1 2.86008E-1 3.34181E-1 3.05414E-1 2.79451E-1 2.74758E-1 2.94854E-1 2.75028E-1 2.83559E-1 3.59557E-1 4.92784E-1 5.40355E-1 4.10996E-1 3.9879E-1 4.21222E-1 4.79952E-1
2.51912E-1 2.88795E-1 3.21332E-1 3.7359E-1 3.92345E-1 4.0154E-1 4.2687E-1 4.67619E-1 4.62979E-1 4.55417E-1 4.45809E-1 4.59169E-1 4.69463E-1 4.52685E-1 4.55104E-1 4.64898E-1 4.58395E-1 4.04035E-1 3.97854E-1 4.0136E-1 4.0829E-1 3.95044E-1 3.86034E-1 4.18572E-1 4.03425E-1 3.99303E-1 4.02773E-1 3.55312E-1 3.5166E-1 3.14724E-1 3.15524E-1 3.22749E-1 3.28392E-1 3.8889E-1 3.91802E-1 3.74337E-1 4.11212E-1 4.29962E-1 3.74167E-1 3.52131E-1 4.02155E-1 3.33059E-1 3.26635E-1 3.32935E-1 3.26417E-1 3.29542E-1 3.29004E-1 3.84424E-1 3.72095E-1 3.72992E-1 3.15248E-1 2.75826E-1 2.82284E-1 3.50803E-1 3.20244E-1 3.55684E-1 4.0384E-1 3.89733E-1 4.13505E-1 4.45567E-1 4.82527E-1
2.81477E-1 2.98788E-1 3.2759E-1 4.04146E-1 4.19319E-1 4.21041E-1 4.53334E-1 4.83161E-1 4.6856E-1 4.59054E-1 4.62508E-1 4.7235E-1 4.70027E-1 4.78411E-1 4.86567E-1 4.44026E-1 4.17051E-1 3.85668E-1 3.80379E-1 3.97394E-1 4.28019E-1 4.09566E-1 4.12842E-1 4.47012E-1 4.54537E-1 4.59322E-1 4.98093E-1 4.59531E-1 4.49741E-1 3.84107E-1 3.86758E-1 3.7691E-1 4.02251E-1 4.15749E-1 3.77207E-1 3.77196E-1 4.29772E-1 4.1E-1 3.63614E-1 3.83024E-1 3.77967E-1 4.31627E-1 4.40929E-1 4.00023E-1 4.41127E-1 4.26748E-1 3.93522E-1 3.95009E-1 3.97258E-1 4.30934E-1 4.01369E-1 3.29596E-1 3.03287E-1 3.11302E-1 3.30485E-1 4.59553E-1 4.05801E-1 4.60896E-1 5.02145E-1 4.78596E-1 5.07232E-1
3.01876E-1 3.40601E-1 3.88671E-1 4.23579E-1 4.55533E-1 5.05913E-1 5.2246E-1 5.04058E-1 4.96489E-1 5.06184E-1 5.15511E-1 5.03863E-1 5.03871E-1 5.16986E-1 4.95337E-1 4.63016E-1 4.34039E-1 4.06168E-1 4.06308E-1 4.18077E-1 4.1637E-1 3.89343E-1 3.80563E-1 4.02877E-1 4.04101E-1 4.54986E-1 5.15728E-1 5.38913E-1 5.33477E-1 5.09326E-1 4.90672E-1 4.56565E-1 4.48032E-1 -9999 -9999 -9999 -9999 -9999 -9999 4.43619E-1 4.47386E-1 4.47661E-1 4.71431E-1 4.56314E-1 4.81377E-1 4.92553E-1 5.28508E-1 4.74046E-1 4.57819E-1 4.65069E-1 4.5758E-1 4.334E-1 3.79919E-1 3.74495E-1 3.88898E-1 4.40719E-1 5.21999E-1 5.1373E-1 5.2073E-1 5.45017E-1 5.5951E-1
3.02465E-1 3.71718E-1 4.12143E-1 3.97104E-1 4.18831E-1 4.89173E-1 5.16095E-1 5.15214E-1 5.19851E-1 5.41051E-1 5.27044E-1 5.22918E-1 5.31225E-1 5.25195E-1 5.07039E-1 4.96615E-1 4.73194E-1 4.44216E-1 4.25328E-1 4.18806E-1 4.12044E-1 4.03358E-1 3.60791E-1 3.62925E-1 3.85377E-1 4.54819E-1 5.21796E-1 5.65439E-1 3.83447E-1 3.94394E-1 -9999 -9999 -9999 -9999 -9999 -9999 -9999 -9999 -9999 -9999 -9999 -9999 -9999 -9999 -9999 5.08801E-1 5.11332E-1 -9999 6.12727E-1 5.10551E-1 5.17465E-1 5.26349E-1 5.2613E-1 5.61342E-1 5.59347E-1 5.21789E-1 5.6873E-1 5.65642E-1 5.74029E-1 5.61609E-1 5.39677E-1
3.19432E-1 3.90097E-1 4.13983E-1 4.02137E-1 4.03741E-1 4.43126E-1 4.85186E-1 5.13014E-1 5.14022E-1 5.39673E-1 5.62527E-1 5.66458E-1 5.53346E-1 5.43695E-1 5.30035E-1 5.32983E-1 5.19345E-1 4.86934E-1 4.57638E-1 4.22428E-1 4.3947E-1 4.43007E-1 3.95358E-1 3.84533E-1 3.90125E-1 4.90167E-1 5.6771E-1 3.96977E-1 3.17006E-1 -9999 -9999 -9999 -9999 -9999 -9999 -9999 -9999 -9999 -9999 -9999 -9999 -9999 -9999 -9999 -9999 -9999 -9999 -9999 5.14658E-1 6.02148E-1 6.07638E-1 6.31427E-1 5.98561E-1 5.97715E-1 5.93032E-1 5.73175E-1 4.82758E-1 4.12944E-1 4.50142E-1 4.16087E-1 4.69674E-1
3.21836E-1 3.60098E-1 3.83841E-1 3.79204E-1 3.94654E-1 4.24285E-1 4.43366E-1 4.71112E-1 5.00626E-1 5.49001E-1 5.91237E-1 5.85495E-1 5.64485E-1 5.63505E-1 5.56373E-1 5.57219E-1 5.60052E-1 5.33576E-1 4.89631E-1 4.56799E-1 4.86582E-1 4.75764E-1 4.5143E-1 4.23369E-1 4.43024E-1 5.50004E-1 3.43399E-1 -9999 -9999 -9999 -9999 -9999 -9999 -9999 -9999 -9999 -9999 -9999 -9999 -9999 -9999 -9999 -9999 -9999 -9999 -9999 -9999 -9999 -9999 -9999 -9999 5.6643E-1 5.19577E-1 3.541E-1 3.23325E-1 5.3513E-1 5.15891E-1 -9999 -9999 -9999 4.78667E-1
3.20592E-1 3.48593E-1 3.5679E-1 3.53848E-1 3.79266E-1 4.12503E-1 4.28881E-1 4.70413E-1 5.05734E-1 5.39144E-1 5.83363E-1 5.93674E-1 5.74941E-1 5.72033E-1 5.78907E-1 5.84975E-1 5.84476E-1 5.87907E-1 5.42275E-1 5.20272E-1 5.37521E-1 5.2822E-1 5.20583E-1 5.16052E-1 5.47178E-1 5.84551E-1 -9999 -9999 -9999 -9999 -9999 -9999 -9999 -9999 -9999 -9999 -9999 -9999 -9999 -9999 -9999 -9999 -9999 -9999 -9999 -9999 -9999 -9999 -9999 -9999 -9999 -9999 -9999 -9999 -9999 -9999 -9999 -9999 -9999 -9999 4.5294E-1
2.84229E-1 3.27452E-1 3.44833E-1 3.36451E-1 3.55878E-1 3.83103E-1 4.07362E-1 4.49678E-1 4.8355E-1 5.35499E-1 5.59076E-1 5.8348E-1 5.78561E-1 5.97161E-1 6.23663E-1 6.25502E-1 6.21556E-1 6.45489E-1 6.01967E-1 5.87039E-1 6.47394E-1 6.29609E-1 6.46256E-1 6.16003E-1 -9999 -9999 -9999 -9999 -9999 -9999 -9999 -9999 -9999 -9999 -9999 -9999 -9999 -9999 -9999 -9999 -9999 -9999 -9999 -9999 -9999 -9999 -9999 -9999 -9999 -9999 -9999 -9999 -9999 -9999 -9999 -9999 -9999 -9999 -9999 -9999 -9999
2.66419E-1 2.98228E-1 2.94934E-1 2.89571E-1 3.12368E-1 3.60443E-1 4.01557E-1 4.41434E-1 4.72762E-1 5.16896E-1 5.42077E-1 5.702E-1 5.7582E-1 5.96336E-1 6.35321E-1 6.75587E-1 6.76207E-1 6.99958E-1 7.04973E-1 7.21858E-1 7.29952E-1 6.58279E-1 5.263E-1 -9999 -9999 -9999 -9999 -9999 -9999 -9999 -9999 -9999 -9999 -9999 -9999 -9999 -9999 -9999 -9999 -9999 -9999 -9999 -9999 -9999 -9999 -9999 -9999 -9999 -9999 -9999 -9999 -9999 -9999 -9999 -9999 -9999 -9999 -9999 -9999 -9999 -9999
2.21072E-1 2.50743E-1 2.62983E-1 2.52975E-1 2.76408E-1 3.30993E-1 3.88735E-1 4.38337E-1 4.61865E-1 5.01141E-1 5.28421E-1 5.83576E-1 6.20567E-1 6.51601E-1 6.83923E-1 7.13784E-1 7.6886E-1 7.41246E-1 7.94384E-1 4.57515E-1 -9999 -9999 -9999 -9999 -9999 -9999 -9999 -9999 -9999 -9999 -9999 -9999 -9999 -9999 -9999 -9999 -9999 -9999 -9999 -9999 -9999 -9999 -9999 -9999 -9999 -9999 -9999 -9999 -9999 -9999 -9999 -9999 -9999 -9999 -9999 -9999 -9999 -9999 -9999 -9999 -9999
1.84832E-1 2.15611E-1 2.30265E-1 2.42773E-1 2.67022E-1 3.27798E-1 3.90418E-1 4.18072E-1 4.49936E-1 4.96545E-1 5.26144E-1 6.04385E-1 6.5892E-1 7.20937E-1 7.46053E-1 7.78233E-1 8.21972E-1 6.81879E-1 7.61599E-1 -9999 -9999 -9999 -9999 -9999 -9999 -9999 -9999 -9999 -9999 -9999 -9999 -9999 -9999 -9999 -9999 -9999 -9999 -9999 -9999 -9999 -9999 -9999 -9999 -9999 -9999 -9999 -9999 -9999 -9999 -9999 -9999 -9999 -9999 -9999 -9999 -9999 -9999 -9999 -9999 -9999 -9999
1.73799E-1 1.87189E-1 2.0799E-1 2.31702E-1 2.71262E-1 3.49285E-1 3.89317E-1 4.1607E-1 4.4642E-1 5.24376E-1 5.35539E-1 6.20537E-1 7.08396E-1 7.63379E-1 8.3848E-1 8.12093E-1 7.97663E-1 -9999 -9999 -9999 -9999 -9999 -9999 -9999 -9999 -9999 -9999 -9999 -9999 -9999 -9999 -9999 -9999 -9999 -9999 -9999 -9999 -9999 -9999 -9999 -9999 -9999 -9999 -9999 -9999 -9999 -9999 -9999 -9999 -9999 -9999 -9999 -9999 -9999 -9999 -9999 -9999 -9999 -9999 -9999 -9999
1.67909E-1 1.85018E-1 2.06255E-1 2.51165E-1 2.92847E-1 3.4953E-1 3.94007E-1 4.28513E-1 4.53837E-1 4.87892E-1 5.50495E-1 6.62668E-1 7.5671E-1 8.1527E-1 8.57305E-1 7.62276E-1 -9999 -9999 -9999 -9999 -9999 -9999 -9999 -9999 -9999 -9999 -9999 -9999 -9999 -9999 -9999 -9999 -9999 -9999 -9999 -9999 -9999 -9999 -9999 -9999 -9999 -9999 -9999 -9999 -9999 -9999 -9999 -9999 -9999 -9999 -9999 -9999 -9999 -9999 -9999 -9999 -9999 -9999 -9999 -9999 -9999
1.73651E-1 1.92159E-1 2.28258E-1 2.67848E-1 3.21279E-1 3.73918E-1 4.20152E-1 4.3593E-1 4.63471E-1 5.02429E-1 5.72488E-1 6.60935E-1 7.82778E-1 8.05251E-1 6.83066E-1 -9999 -9999 -9999 -9999 -9999 -9999 -9999 -9999 -9999 -9999 -9999 -9999 -9999 -9999 -9999 -9999 -9999 -9999 -9999 -9999 -9999 -9999 -9999 -9999 -9999 -9999 -9999 -9999 -9999 -9999 -9999 -9999 -9999 -9999 -9999 -9999 -9999 -9999 -9999 -9999 -9999 -9999 -9999 -9999 -9999 -9999
1.79603E-1 2.00841E-1 2.41905E-1 2.95806E-1 3.3813E-1 3.90435E-1 4.37389E-1 4.5558E-1 4.80473E-1 5.24961E-1 5.95608E-1 6.84098E-1 7.84398E-1 8.18897E-1 -9999 -9999 -9999 -9999 -9999 -9999 -9999 -9999 -9999 -9999 -9999 -9999 -9999 -9999 -9999 -9999 -9999 -9999 -9999 -9999 -9999 -9999 -9999 -9999 -9999 -9999 -9999 -9999 -9999 -9999 -9999 -9999 -9999 -9999 -9999 -9999 -9999 -9999 -9999 -9999 -9999 -9999 -9999 -9999 -9999 -9999 -9999
1.66416E-1 1.9811E-1 2.47715E-1 2.98349E-1 3.51921E-1 3.91461E-1 4.30502E-1 4.62939E-1 4.89157E-1 5.40318E-1 6.04203E-1 7.01535E-1 7.91553E-1 8.3741E-1 -9999 -9999 -9999 -9999 -9999 -9999 -9999 -9999 -9999 -9999 -9999 -9999 -9999 -9999 -9999 -9999 -9999 -9999 -9999 -9999 -9999 -9999 -9999 -9999 -9999 -9999 -9999 -9999 -9999 -9999 -9999 -9999 -9999 -9999 -9999 -9999 -9999 -9999 -9999 -9999 -9999 -9999 -9999 -9999 -9999 -9999 -9999
1.56954E-1 1.96556E-1 2.53319E-1 3.17606E-1 3.4859E-1 3.84948E-1 4.17998E-1 4.4153E-1 4.88183E-1 5.52702E-1 6.28416E-1 7.21449E-1 8.03735E-1 -9999 -9999 -9999 -9999 -9999 -9999 -9999 -9999 -9999 -9999 -9999 -9999 -9999 -9999 -9999 -9999 -9999 -9999 -9999 -9999 -9999 -9999 -9999 -9999 -9999 -9999 -9999 -9999 -9999 -9999 -9999 -9999 -9999 -9999 -9999 -9999 -9999 -9999 -9999 -9999 -9999 -9999 -9999 -9999 -9999 -9999 -9999 -9999
1.58789E-1 1.96997E-1 2.55933E-1 3.168E-1 3.58666E-1 3.89706E-1 4.1018E-1 4.57218E-1 4.79775E-1 5.5609E-1 6.39244E-1 7.34836E-1 8.14448E-1 -9999 -9999 -9999 -9999 -9999 -9999 -9999 -9999 -9999 -9999 -9999 -9999 -9999 -9999 -9999 -9999 -9999 -9999 -9999 -9999 -9999 -9999 -9999 -9999 -9999 -9999 -9999 -9999 -9999 -9999 -9999 -9999 -9999 -9999 -9999 -9999 -9999 -9999 -9999 -9999 -9999 -9999 -9999 -9999 -9999 -9999 -9999 -9999
