data/maxent/outputs/white_9.asc
ncols         426
nrows         180
xllcorner     -130.0
yllcorner     24.0
cellsize      0.16666666666666666
NODATA_value  -9999
[rows 54 to 80 of 180, columns 122 to 182 of 426]
6.41172E-4 4.88406E-4 1.23978E-3 6.21134E-4 6.85687E-4 3.47337E-4 2.43387E-4 2.76064E-4 4.80675E-4 6.48522E-4 4.36392E-4 5.96333E-4 1.07585E-3 1.1813E-3 6.76026E-4 5.75595E-4 4.98288E-4 6.54905E-4 7.47779E-4 7.41737E-4 6.40462E-4 6.18956E-4 5.87862E-4 6.21133E-4 6.49833E-4 6.70122E-4 6.07794E-4 5.93992E-4 6.05924E-4 6.27945E-4 9.60349E-4 1.04292E-3 1.05933E-3 9.70367E-4 9.847E-4 1.15186E-3 1.58365E-3 1.47938E-3 1.13419E-3 6.94316E-4 5.21441E-4 3.26211E-4 2.87756E-4 3.05536E-4 2.90479E-4 2.70082E-4 2.66776E-4 2.56789E-4 2.61724E-4 2.96892E-4 3.29541E-4 3.27823E-4 3.22891E-4 3.45963E-4 3.35693E-4 4.88149E-4 1.91459E-4 1.59073E-4 1.38195E-4 1.2574E-4 1.11546E-4
9.15931E-4 1.05975E-3 1.30647E-3 1.25267E-3 7.32893E-4 4.30442E-4 2.57851E-4 2.54957E-4 3.64279E-4 4.45486E-4 4.43209E-4 3.36736E-4 3.57321E-4 5.30139E-4 1.27337E-3 6.76591E-4 5.37105E-4 5.39423E-4 5.65376E-4 6.05812E-4 5.78944E-4 6.19153E-4 7.01564E-4 6.41819E-4 5.59052E-4 6.32548E-4 5.85638E-4 5.66787E-4 6.50277E-4 1.04747E-3 1.04727E-3 1.49959E-3 1.65309E-3 1.24181E-3 1.29715E-3 1.78485E-3 1.81018E-3 1.9555E-3 1.24994E-3 8.08493E-4 6.08316E-4 6.45778E-4 5.12014E-4 4.04497E-4 3.37484E-4 3.26609E-4 3.71683E-4 3.59793E-4 3.32391E-4 3.3911E-4 3.22661E-4 3.79755E-4 5.35384E-4 8.20501E-4 1.11169E-3 3.18629E-4 2.41757E-4 2.11468E-4 1.78409E-4 1.40369E-4 1.20415E-4
7.0375E-4 8.83423E-4 1.03754E-3 1.1501E-3 6.98578E-4 5.17523E-4 2.76274E-4 1.75903E-4 1.46523E-4 1.9928E-4 2.58934E-4 4.33736E-4 4.23603E-4 2.83239E-4 4.6093E-4 7.67872E-4 1.1373E-3 5.49203E-4 4.29588E-4 4.98672E-4 6.80413E-4 7.29266E-4 7.62183E-4 7.92919E-4 7.0942E-4 7.7971E-4 5.592E-4 5.68915E-4 5.38013E-4 6.76966E-4 1.11858E-3 2.08669E-3 1.72356E-3 1.72837E-3 1.97187E-3 2.25067E-3 2.99731E-3 2.67487E-3 1.81038E-3 1.10755E-3 8.11945E-4 6.56625E-4 6.78632E-4 6.91583E-4 6.19007E-4 5.76238E-4 5.96774E-4 6.25368E-4 5.61677E-4 4.56787E-4 4.0666E-4 3.86218E-4 4.11197E-4 4.4783E-4 1.1952E-3 3.9531E-4 2.93837E-4 2.63714E-4 2.16649E-4 1.79943E-4 1.47226E-4
7.46109E-4 9.31931E-4 1.29133E-3 1.07137E-3 7.6775E-4 5.02176E-4 3.61369E-4 2.28956E-4 1.63167E-4 1.36125E-4 1.47392E-4 3.53289E-4 4.66874E-4 3.10885E-4 2.13392E-4 3.1152E-4 9.05697E-4 6.20489E-4 5.79112E-4 5.96662E-4 6.46757E-4 7.33176E-4 7.47025E-4 7.15669E-4 8.74366E-4 7.26504E-4 7.03219E-4 4.98545E-4 4.16082E-4 5.59197E-4 8.56684E-4 8.48739E-4 1.01054E-3 2.53248E-3 3.41059E-3 4.18608E-3 3.94697E-3 2.29774E-3 1.7497E-3 1.43947E-3 1.21606E-3 8.58653E-4 7.82731E-4 8.08813E-4 7.93842E-4 7.85809E-4 6.57861E-4 5.83564E-4 5.58808E-4 4.8954E-4 3.98831E-4 3.46525E-4 3.53061E-4 3.95244E-4 6.45348E-4 6.43961E-4 4.00362E-4 3.18639E-4 2.4137E-4 1.96731E-4 1.62302E-4
6.09023E-4 6.73373E-4 4.48234E-4 3.17486E-4 3.61131E-4 3.88581E-4 3.9257E-4 3.08843E-4 2.51982E-4 1.74895E-4 1.45881E-4 2.06361E-4 4.37289E-4 4.04277E-4 2.69439E-4 2.61339E-4 5.79283E-4 7.47639E-4 5.76112E-4 5.79384E-4 6.72175E-4 6.31168E-4 5.98405E-4 6.44636E-4 7.18907E-4 6.83673E-4 6.27916E-4 4.6407E-4 4.3655E-4 4.01832E-4 4.67883E-4 5.21184E-4 7.6263E-4 8.98983E-4 1.20461E-3 1.94156E-3 2.73964E-3 2.52367E-3 1.39866E-3 1.30242E-3 1.23006E-3 1.0467E-3 8.64196E-4 7.31937E-4 9.09272E-4 6.38852E-4 5.29226E-4 5.10806E-4 4.75079E-4 4.35457E-4 3.85137E-4 4.21187E-4 4.697E-4 5.1073E-4 4.99758E-4 4.664E-4 4.72187E-4 4.5108E-4 3.68363E-4 2.79963E-4 2.66921E-4
3.75443E-4 3.20478E-4 3.64484E-4 2.97165E-4 3.33161E-4 4.06743E-4 3.73031E-4 3.03761E-4 1.95722E-4 1.86437E-4 1.70201E-4 2.14659E-4 2.85256E-4 3.65869E-4 3.82477E-4 2.92471E-4 5.19794E-4 7.46217E-4 5.79683E-4 5.56687E-4 6.23998E-4 6.87328E-4 6.24744E-4 5.91482E-4 5.99976E-4 5.88959E-4 5.89407E-4 5.1891E-4 4.8881E-4 4.4773E-4 4.0153E-4 5.87573E-4 6.46298E-4 6.26845E-4 7.25861E-4 1.54114E-3 2.33663E-3 2.2738E-3 1.41517E-3 1.12906E-3 1.07335E-3 1.00119E-3 8.90058E-4 8.42016E-4 6.47326E-4 5.78321E-4 5.87286E-4 5.20706E-4 4.88491E-4 4.78705E-4 5.03471E-4 5.44455E-4 5.64441E-4 5.38458E-4 5.16958E-4 4.1235E-4 4.22214E-4 3.5488E-4 3.95278E-4 3.85219E-4 4.90292E-4
2.85698E-4 2.35672E-4 2.50182E-4 3.49753E-4 3.17567E-4 3.22455E-4 4.30476E-4 4.38457E-4 3.86278E-4 2.34293E-4 2.00712E-4 2.50857E-4 3.81375E-4 2.91303E-4 3.79197E-4 2.48534E-4 6.11057E-4 8.34833E-4 6.91201E-4 6.28517E-4 6.94539E-4 8.56796E-4 7.82225E-4 6.54646E-4 5.80854E-4 6.2178E-4 5.80289E-4 6.30967E-4 5.31606E-4 4.98023E-4 4.44278E-4 4.64508E-4 8.29675E-4 1.00526E-3 5.37055E-4 9.42691E-4 1.87295E-3 2.56991E-3 1.34103E-3 1.02689E-3 9.40056E-4 8.19321E-4 8.46315E-4 8.51651E-4 8.66826E-4 5.93424E-4 5.39304E-4 5.7512E-4 6.08714E-4 6.50445E-4 6.32651E-4 6.22858E-4 5.86301E-4 5.82512E-4 5.68771E-4 5.26319E-4 5.2442E-4 4.23389E-4 3.38979E-4 3.22676E-4 2.92598E-4
2.43314E-4 2.28626E-4 2.28261E-4 2.93446E-4 2.94691E-4 3.66659E-4 3.97802E-4 4.04369E-4 3.20198E-4 2.81509E-4 3.22032E-4 3.30739E-4 4.2664E-4 3.84288E-4 3.57293E-4 3.08149E-4 7.84327E-4 8.24938E-4 7.27759E-4 7.37287E-4 9.43444E-4 9.36524E-4 7.86688E-4 7.39491E-4 6.71781E-4 6.70932E-4 6.88027E-4 6.19275E-4 5.17627E-4 4.96051E-4 4.65086E-4 4.28578E-4 4.39664E-4 7.06455E-4 6.74238E-4 1.01285E-3 1.3122E-3 1.76997E-3 1.16906E-3 8.88777E-4 8.48096E-4 8.43308E-4 8.78189E-4 8.01417E-4 7.40711E-4 7.76299E-4 9.77231E-4 8.4787E-4 7.6107E-4 7.7724E-4 7.71025E-4 6.74861E-4 6.71721E-4 6.91556E-4 6.92237E-4 6.41056E-4 5.61447E-4 5.32108E-4 4.75909E-4 4.96006E-4 4.88617E-4
2.0444E-4 1.94739E-4 2.22418E-4 2.70113E-4 2.63088E-4 2.68729E-4 2.82227E-4 4.31586E-4 4.5459E-4 4.58149E-4 4.67738E-4 4.22491E-4 4.07311E-4 4.38973E-4 3.29831E-4 3.49812E-4 6.60789E-4 7.2245E-4 8.60195E-4 9.55272E-4 9.6969E-4 1.00146E-3 7.863E-4 6.91505E-4 7.25531E-4 7.20916E-4 8.19218E-4 8.42807E-4 5.92681E-4 5.04092E-4 4.84398E-4 5.11664E-4 4.15424E-4 5.52063E-4 6.48391E-4 7.72789E-4 1.08561E-3 1.36364E-3 1.02467E-3 9.07689E-4 8.90704E-4 9.30484E-4 8.5301E-4 8.02475E-4 9.79257E-4 1.06697E-3 1.19918E-3 1.15768E-3 1.08557E-3 9.33741E-4 9.59028E-4 9.1169E-4 8.248E-4 9.28629E-4 1.00158E-3 8.99495E-4 8.7408E-4 7.80529E-4 6.68651E-4 6.73365E-4 6.60369E-4
2.27578E-4 4.26333E-4 7.79097E-4 7.62831E-4 5.90956E-4 3.48993E-4 2.74081E-4 2.5476E-4 3.20446E-4 3.82498E-4 3.42531E-4 2.14484E-4 2.36251E-4 2.12118E-4 2.47974E-4 4.90642E-4 6.34644E-4 7.155E-4 6.36116E-4 7.81187E-4 7.45854E-4 7.82344E-4 8.13375E-4 8.85541E-4 9.98117E-4 8.89757E-4 8.90923E-4 7.35041E-4 7.22477E-4 7.35279E-4 6.4549E-4 5.09443E-4 4.55694E-4 4.69281E-4 5.67501E-4 7.22245E-4 9.53239E-4 1.12946E-3 8.97518E-4 8.44585E-4 7.99923E-4 6.18422E-4 6.31793E-4 8.34922E-4 9.18563E-4 8.75695E-4 9.78902E-4 9.50155E-4 8.77803E-4 9.00748E-4 9.40925E-4 9.01612E-4 1.00862E-3 1.03378E-3 8.85134E-4 1.04909E-3 9.74851E-4 9.73466E-4 8.69339E-4 7.63648E-4 7.35558E-4
3.02523E-4 2.15666E-4 2.67753E-4 5.15426E-4 3.86573E-4 2.71857E-4 2.38039E-4 1.99221E-4 1.9718E-4 2.08679E-4 2.33597E-4 2.24647E-4 2.27711E-4 2.41653E-4 3.00874E-4 5.39139E-4 6.54219E-4 6.71431E-4 5.77838E-4 6.33905E-4 7.31953E-4 7.22397E-4 8.62752E-4 1.04467E-3 1.2471E-3 1.16745E-3 8.98623E-4 7.8797E-4 8.32773E-4 7.99169E-4 7.04341E-4 5.44865E-4 5.131E-4 6.05361E-4 5.49938E-4 6.23384E-4 6.7279E-4 7.93389E-4 7.71684E-4 8.61434E-4 7.33674E-4 7.12862E-4 9.29204E-4 8.56931E-4 6.54185E-4 6.61806E-4 6.80756E-4 8.51116E-4 6.94583E-4 6.15603E-4 7.84765E-4 9.82779E-4 1.0546E-3 7.60715E-4 6.96614E-4 7.21508E-4 8.27444E-4 8.15116E-4 8.52898E-4 8.27724E-4 8.3377E-4
2.44238E-4 2.34519E-4 2.2505E-4 2.49548E-4 2.69179E-4 2.42512E-4 2.02095E-4 1.95459E-4 2.00548E-4 2.21125E-4 2.46758E-4 2.67085E-4 3.08738E-4 3.03389E-4 3.49706E-4 4.22914E-4 4.47607E-4 4.86912E-4 4.8276E-4 5.6131E-4 6.43741E-4 6.5246E-4 8.09357E-4 9.30895E-4 1.13986E-3 1.35314E-3 1.30877E-3 1.07157E-3 8.68824E-4 9.18281E-4 8.32824E-4 7.65978E-4 7.30171E-4 7.47942E-4 7.29845E-4 6.17095E-4 5.42403E-4 6.76869E-4 7.35775E-4 8.66881E-4 8.00288E-4 8.14206E-4 7.06724E-4 6.74723E-4 6.3657E-4 6.30088E-4 6.20726E-4 7.23688E-4 7.98475E-4 7.76304E-4 7.62346E-4 7.62018E-4 6.21449E-4 6.16473E-4 6.30484E-4 7.36194E-4 7.82656E-4 7.98729E-4 8.32992E-4 8.6309E-4 8.99869E-4
1.30112E-4 1.97591E-4 2.37856E-4 2.68633E-4 2.53252E-4 2.51505E-4 2.25365E-4 2.18681E-4 2.38913E-4 2.75565E-4 3.09302E-4 3.42439E-4 3.76423E-4 3.52303E-4 4.49841E-4 4.29613E-4 4.71973E-4 4.97179E-4 5.82946E-4 8.31347E-4 1.07571E-3 8.95827E-4 8.99678E-4 1.07495E-3 9.2803E-4 9.65519E-4 1.04072E-3 1.03895E-3 8.7019E-4 8.40296E-4 8.37923E-4 8.38895E-4 8.08083E-4 8.50036E-4 8.50134E-4 6.60325E-4 7.44755E-4 8.00308E-4 8.06187E-4 8.25275E-4 7.45202E-4 8.05849E-4 7.48709E-4 6.87802E-4 6.87637E-4 6.76106E-4 6.97849E-4 6.84543E-4 7.13029E-4 7.27858E-4 7.07065E-4 7.24426E-4 6.97164E-4 6.66278E-4 6.94309E-4 7.69858E-4 8.54485E-4 9.8979E-4 1.03367E-3 1.0079E-3 1.09147E-3
3.33578E-5 1.22003E-4 1.9393E-4 2.59495E-4 3.23718E-4 3.04437E-4 2.83392E-4 2.75436E-4 2.93671E-4 2.13751E-4 2.02144E-4 2.51762E-4 1.88115E-4 1.78227E-4 3.15571E-4 4.12107E-4 4.67524E-4 5.459E-4 6.21897E-4 7.67794E-4 9.37575E-4 1.02892E-3 1.11381E-3 1.18275E-3 1.14144E-3 1.05586E-3 7.74928E-4 7.05003E-4 6.08673E-4 5.79657E-4 7.60253E-4 6.4324E-4 5.69634E-4 6.21536E-4 8.51452E-4 9.79317E-4 1.16748E-3 1.22232E-3 1.10172E-3 1.12769E-3 1.06454E-3 7.36147E-4 5.71772E-4 5.95252E-4 6.44363E-4 6.43923E-4 6.20752E-4 6.66847E-4 7.4313E-4 8.02733E-4 7.7606E-4 7.148E-4 7.87028E-4 8.6087E-4 8.29261E-4 8.5724E-4 9.74148E-4 1.10607E-3 1.35616E-3 1.37342E-3 1.43752E-3
2.28554E-5 2.84677E-5 9.07195E-5 1.7994E-4 2.78848E-4 3.17881E-4 2.25398E-4 2.65627E-4 1.81846E-4 1.44639E-4 1.93058E-4 2.15762E-4 2.41649E-4 2.74342E-4 3.88728E-4 4.12438E-4 3.13951E-4 5.83153E-4 5.75665E-4 5.65164E-4 4.0095E-4 4.87969E-4 8.00988E-4 9.55059E-4 1.48391E-3 1.4406E-3 9.63774E-4 8.67996E-4 7.28776E-4 6.60559E-4 9.02008E-4 9.41978E-4 6.72263E-4 6.07377E-4 5.70866E-4 7.13767E-4 9.69296E-4 1.24944E-3 1.27862E-3 1.06716E-3 8.70146E-4 6.93917E-4 5.58762E-4 6.28602E-4 6.68586E-4 6.67503E-4 6.63046E-4 7.33255E-4 7.94471E-4 8.34248E-4 8.80605E-4 9.3344E-4 1.01289E-3 9.23332E-4 9.14869E-4 9.05472E-4 1.00562E-3 1.11819E-3 1.23682E-3 1.3134E-3 1.10754E-3
1.94438E-5 1.87675E-5 2.67869E-5 3.80409E-5 7.1157E-5 1.13279E-4 1.04586E-4 1.25059E-4 1.36249E-4 1.59913E-4 1.93536E-4 2.93375E-4 3.22305E-4 4.31483E-4 4.69079E-4 4.59089E-4 5.39101E-4 5.02859E-4 4.43107E-4 5.15805E-4 1.95297E-4 1.42129E-4 2.75192E-4 5.44536E-4 1.26935E-3 1.46317E-3 1.55136E-3 1.21033E-3 9.86071E-4 8.76289E-4 9.78249E-4 7.46835E-4 6.5956E-4 6.60295E-4 6.10087E-4 6.23061E-4 7.27556E-4 8.53741E-4 9.89369E-4 1.10115E-3 9.84063E-4 7.07521E-4 6.70491E-4 6.18125E-4 6.40314E-4 6.74212E-4 7.43453E-4 7.92429E-4 8.09181E-4 8.50251E-4 8.96815E-4 9.69263E-4 9.71388E-4 8.36847E-4 9.68399E-4 8.85927E-4 9.873E-4 1.13162E-3 1.17622E-3 1.14673E-3 1.09214E-3
1.57362E-5 1.8693E-5 1.75738E-5 2.89434E-5 5.12752E-5 1.0622E-4 1.0145E-4 9.52124E-5 9.57997E-5 7.88361E-5 6.55215E-5 6.06354E-5 1.91054E-4 2.24384E-4 2.8735E-4 3.54839E-4 5.56448E-4 4.65643E-4 4.14781E-4 3.50823E-4 2.75699E-4 2.12577E-4 1.83539E-4 2.74698E-4 5.33871E-4 1.2043E-3 2.00857E-3 1.70282E-3 1.2762E-3 1.42241E-3 1.31568E-3 1.27044E-3 9.25485E-4 8.30924E-4 7.33976E-4 8.09379E-4 8.72518E-4 9.11228E-4 1.03298E-3 1.2488E-3 1.20055E-3 9.24517E-4 8.22676E-4 7.0909E-4 6.52464E-4 6.87289E-4 7.0371E-4 7.37973E-4 8.09556E-4 8.85839E-4 9.18111E-4 9.807E-4 1.01657E-3 1.04472E-3 9.99166E-4 8.85378E-4 9.22979E-4 1.04568E-3 1.06355E-3 1.07327E-3 1.05006E-3
3.67108E-5 2.65936E-5 3.47037E-5 6.58673E-5 7.55133E-5 9.65298E-5 7.75896E-5 7.46337E-5 7.44247E-5 7.95156E-5 8.66459E-5 1.00342E-4 1.37472E-4 1.99433E-4 2.12046E-4 2.72999E-4 3.83786E-4 3.36711E-4 3.51237E-4 3.29153E-4 3.58846E-4 3.04445E-4 2.51253E-4 2.46249E-4 4.10067E-4 6.88396E-4 1.96142E-3 1.89295E-3 1.68121E-3 1.76762E-3 1.7923E-3 1.41594E-3 1.02887E-3 8.8891E-4 8.95853E-4 9.26813E-4 1.03707E-3 1.1388E-3 1.05007E-3 1.11937E-3 1.12241E-3 1.10659E-3 9.06037E-4 8.04E-4 7.23659E-4 7.54498E-4 8.44187E-4 8.8785E-4 1.06155E-3 1.0983E-3 1.15303E-3 1.17878E-3 1.033E-3 9.63221E-4 9.84351E-4 1.00326E-3 9.44101E-4 9.86993E-4 1.06032E-3 1.10602E-3 1.05601E-3
5.43791E-5 4.78055E-5 6.41507E-5 6.83636E-5 1.01869E-4 9.84295E-5 8.83104E-5 9.54528E-5 8.41034E-5 8.7443E-5 1.13692E-4 1.43355E-4 1.67596E-4 1.95562E-4 3.0492E-4 3.45584E-4 3.6186E-4 3.03611E-4 2.819E-4 2.95147E-4 3.34667E-4 3.1038E-4 2.82555E-4 2.75221E-4 3.7406E-4 7.91496E-4 1.83712E-3 1.83654E-3 2.05479E-3 2.04468E-3 2.12079E-3 1.60865E-3 1.29841E-3 1.17346E-3 1.09261E-3 1.13284E-3 1.17273E-3 1.21531E-3 1.35341E-3 1.37307E-3 1.28007E-3 1.13312E-3 9.70483E-4 9.11749E-4 8.74635E-4 9.81688E-4 1.10781E-3 1.15451E-3 1.24454E-3 1.29624E-3 1.35644E-3 1.24235E-3 1.14622E-3 1.08886E-3 1.11288E-3 1.14284E-3 1.06404E-3 1.02861E-3 1.013E-3 1.02889E-3 1.03641E-3
6.12532E-5 4.92032E-5 9.04449E-5 1.04787E-4 1.10447E-4 1.14052E-4 1.09501E-4 9.85977E-5 1.02349E-4 8.10212E-5 8.96412E-5 1.25954E-4 1.52991E-4 1.81329E-4 2.75941E-4 3.21632E-4 3.29568E-4 2.54251E-4 3.16532E-4 4.10572E-4 4.31622E-4 3.88437E-4 3.33629E-4 2.96545E-4 3.01376E-4 6.21129E-4 1.08653E-3 1.48958E-3 2.15986E-3 2.19264E-3 2.07831E-3 2.09651E-3 2.07104E-3 1.78843E-3 1.30228E-3 1.8554E-3 1.91304E-3 1.52035E-3 1.15097E-3 1.18525E-3 1.3872E-3 1.30192E-3 1.09668E-3 1.04466E-3 1.08415E-3 1.18502E-3 1.25613E-3 1.38503E-3 1.42175E-3 1.41936E-3 1.30257E-3 1.25481E-3 1.12771E-3 1.10002E-3 1.08409E-3 1.11254E-3 1.08401E-3 9.84958E-4 1.00895E-3 1.16485E-3 1.20513E-3
8.94558E-5 7.93223E-5 1.16509E-4 1.24879E-4 1.16631E-4 1.34592E-4 1.21818E-4 1.03511E-4 1.01847E-4 1.04576E-4 8.43241E-5 1.11437E-4 1.47178E-4 2.03031E-4 2.26472E-4 2.67878E-4 2.82739E-4 1.91231E-4 3.74552E-4 3.94429E-4 4.93627E-4 5.08179E-4 3.37994E-4 2.59825E-4 2.38962E-4 3.70193E-4 9.9558E-4 1.40599E-3 1.67343E-3 1.77033E-3 1.90042E-3 1.95942E-3 1.91847E-3 1.6768E-3 1.53305E-3 1.48816E-3 1.54446E-3 1.69066E-3 1.51626E-3 1.25743E-3 1.10492E-3 1.21687E-3 1.21778E-3 1.23606E-3 1.33413E-3 1.39031E-3 1.45365E-3 1.62822E-3 1.61639E-3 1.44483E-3 1.32492E-3 1.20898E-3 9.93157E-4 9.99802E-4 1.05036E-3 9.31897E-4 1.00195E-3 1.04079E-3 1.0143E-3 1.21789E-3 1.27095E-3
1.08687E-4 1.12936E-4 1.1065E-4 1.19647E-4 1.29967E-4 1.08733E-4 1.22806E-4 9.30348E-5 9.73395E-5 9.97682E-5 1.09913E-4 1.28118E-4 1.36145E-4 1.77951E-4 2.0988E-4 2.54611E-4 2.26619E-4 2.06915E-4 3.44398E-4 4.85927E-4 4.28106E-4 5.40664E-4 4.29456E-4 2.47343E-4 2.2428E-4 2.89731E-4 7.53501E-4 1.00987E-3 1.15779E-3 1.28609E-3 1.37421E-3 1.70298E-3 1.72846E-3 1.64411E-3 1.40466E-3 1.21269E-3 1.28044E-3 1.42127E-3 1.37664E-3 1.54406E-3 1.60444E-3 1.44054E-3 1.33345E-3 1.38726E-3 1.53869E-3 1.58071E-3 1.71771E-3 1.72707E-3 1.75038E-3 1.53792E-3 1.42791E-3 1.2644E-3 1.14373E-3 1.01531E-3 8.79195E-4 8.56877E-4 9.54078E-4 1.04242E-3 1.12893E-3 1.12118E-3 1.26532E-3
1.7595E-4 1.08677E-4 1.02025E-4 1.08258E-4 1.22392E-4 9.84747E-5 1.12433E-4 1.11885E-4 1.1388E-4 1.04408E-4 1.40688E-4 1.41653E-4 1.84649E-4 1.7654E-4 2.87037E-4 9.30668E-4 5.80773E-4 2.3866E-4 2.47339E-4 5.98024E-4 6.17423E-4 6.0231E-4 7.06676E-4 3.68091E-4 2.665E-4 3.27153E-4 6.26312E-4 8.90388E-4 1.06575E-3 1.18666E-3 1.31774E-3 1.43769E-3 1.2835E-3 1.14013E-3 1.19132E-3 1.13821E-3 1.14369E-3 1.08567E-3 1.12192E-3 1.19617E-3 1.24646E-3 1.3425E-3 1.35607E-3 1.47001E-3 1.59065E-3 1.84938E-3 2.26013E-3 2.56272E-3 1.772E-3 1.55881E-3 1.34232E-3 1.20598E-3 1.08652E-3 1.01592E-3 9.11803E-4 8.60839E-4 8.77416E-4 1.02125E-3 1.16288E-3 1.2099E-3 1.2078E-3
2.86304E-4 1.55311E-4 1.33104E-4 1.06681E-4 1.31864E-4 1.0704E-4 1.05353E-4 1.18666E-4 1.31433E-4 1.39452E-4 1.22435E-4 1.5222E-4 1.83168E-4 2.22834E-4 3.8602E-4 8.40225E-4 1.32193E-3 1.31509E-3 8.76033E-4 5.6196E-4 9.42478E-4 7.57253E-4 6.15827E-4 5.18059E-4 4.3362E-4 4.25184E-4 6.27647E-4 1.08041E-3 1.45104E-3 1.36428E-3 1.40594E-3 1.20868E-3 1.01354E-3 8.44382E-4 9.91329E-4 1.04637E-3 1.11242E-3 1.18069E-3 1.25351E-3 1.12747E-3 1.18393E-3 1.48658E-3 1.67206E-3 1.6081E-3 1.65089E-3 1.64019E-3 1.69746E-3 1.69511E-3 1.49462E-3 1.25607E-3 1.12603E-3 1.20891E-3 1.09151E-3 1.17587E-3 1.18385E-3 1.0307E-3 9.6473E-4 9.80896E-4 1.06582E-3 1.18872E-3 1.33463E-3
3.49852E-4 2.75671E-4 2.30297E-4 2.12004E-4 1.82384E-4 1.38463E-4 1.23318E-4 1.23312E-4 1.39401E-4 1.37626E-4 2.00466E-4 2.55894E-4 2.74061E-4 1.13981E-3 1.14192E-3 1.67867E-3 1.99668E-3 1.85773E-3 2.81765E-3 1.23474E-3 9.63222E-4 1.02808E-3 6.00945E-4 5.96786E-4 8.13853E-4 1.32341E-3 1.58484E-3 2.16979E-3 1.69297E-3 1.67945E-3 1.62897E-3 1.1534E-3 8.43822E-4 8.73012E-4 1.05328E-3 1.21435E-3 1.32762E-3 1.21959E-3 1.42628E-3 1.41462E-3 1.55195E-3 1.63591E-3 1.90255E-3 2.0079E-3 1.79793E-3 1.67313E-3 1.55964E-3 1.54654E-3 1.43812E-3 1.35651E-3 1.10952E-3 1.16737E-3 1.02644E-3 1.00907E-3 1.46164E-3 1.55287E-3 1.32413E-3 1.12256E-3 1.16913E-3 1.22905E-3 1.2742E-3
2.70989E-4 1.20921E-4 1.16588E-4 2.36822E-4 2.5E-4 2.05123E-4 1.67419E-4 7.2765E-5 1.11495E-4 1.87255E-4 2.91641E-4 4.80626E-4 4.93444E-4 2.60687E-3 3.56209E-3 3.25767E-3 3.00332E-3 1.81297E-3 2.80071E-3 9.18719E-4 4.03042E-4 5.54841E-4 8.67596E-4 6.41818E-4 1.00416E-3 1.78767E-3 2.34791E-3 1.88143E-3 1.57694E-3 1.52525E-3 1.49225E-3 1.25292E-3 8.52141E-4 8.87265E-4 9.93452E-4 1.02284E-3 9.7709E-4 1.06121E-3 1.12177E-3 1.23167E-3 1.5956E-3 1.76621E-3 1.63392E-3 1.73976E-3 1.76559E-3 1.52339E-3 1.54647E-3 1.51368E-3 1.50152E-3 1.22678E-3 1.24401E-3 1.22912E-3 1.25932E-3 1.29143E-3 1.31684E-3 1.26528E-3 1.3216E-3 1.51685E-3 1.51176E-3 1.41209E-3 1.32388E-3
1.56555E-4 1.16064E-4 1.05187E-4 1.80896E-4 3.36366E-4 2.52328E-4 2.14362E-4 1.55222E-4 1.16548E-4 1.30182E-4 2.73761E-4 4.06031E-4 4.63632E-4 6.72625E-4 1.32454E-3 3.01056E-3 1.22039E-3 2.87667E-3 3.62238E-3 1.05636E-3 5.83464E-4 6.2693E-4 8.09818E-4 7.24166E-4 8.38017E-4 1.51902E-3 2.68101E-3 1.79715E-3 1.31838E-3 1.47116E-3 1.39828E-3 1.16822E-3 1.01394E-3 8.66474E-4 8.47617E-4 8.4872E-4 9.49529E-4 1.01793E-3 1.07438E-3 1.47953E-3 1.59015E-3 1.5678E-3 1.63148E-3 1.86391E-3 1.86432E-3 1.58155E-3 1.31443E-3 1.37579E-3 1.5337E-3 1.3935E-3 1.28404E-3 1.55801E-3 1.48435E-3 1.50612E-3 1.44254E-3 1.24525E-3 1.20977E-3 1.34064E-3 1.59867E-3 1.5267E-3 1.50646E-3
