data/maxent/outputs/white_49.asc
ncols         426
nrows         180
xllcorner     -130.0
yllcorner     24.0
cellsize      0.16666666666666666
NODATA_value  -9999
[rows 0 to 26 of 180, columns 305 to 365 of 426]
6.48281E-7 3.7172E-7 3.19168E-7 2.59602E-7 1.8564E-7 1.72498E-7 1.7322E-7 1.93E-7 2.40306E-7 2.9749E-7 3.04353E-7 2.98477E-7 3.42465E-7 4.21384E-7 5.19046E-7 5.70799E-7 5.90337E-7 4.91733E-7 4.30697E-7 3.82661E-7 4.79803E-7 6.41875E-7 7.06561E-7 6.90253E-7 4.51269E-7 3.30677E-7 3.30494E-7 3.80972E-7 3.77386E-7 2.75689E-7 2.29806E-7 2.88484E-7 1.94627E-7 2.94927E-7 4.40436E-7 3.5067E-7 3.26307E-7 1.85775E-7 1.31545E-7 1.35993E-7 1.04892E-7 1.1177E-7 1.12573E-7 1.14837E-7 9.75547E-8 9.57572E-8 9.51404E-8 9.8617E-8 8.41932E-8 8.23136E-8 8.47447E-8 8.22059E-8 7.79068E-8 8.69683E-8 8.70062E-8 9.0484E-8 1.002E-7 8.13399E-8 6.84552E-8 7.77511E-8 8.80027E-8
1.03512E-6 4.93931E-7 5.24854E-7 4.45021E-7 3.73332E-7 3.40879E-7 3.57217E-7 4.42513E-7 4.82518E-7 5.55456E-7 7.58515E-7 6.95766E-7 1.03407E-6 8.97902E-7 7.12661E-7 5.67029E-7 6.37131E-7 6.67723E-7 7.86833E-7 1.01306E-6 7.94803E-7 6.76765E-7 7.14672E-7 8.59682E-7 7.23716E-7 6.4831E-7 4.97003E-7 3.8815E-7 3.34206E-7 3.72571E-7 3.55007E-7 3.34652E-7 2.63843E-7 2.20313E-7 1.97119E-7 1.79196E-7 1.58515E-7 1.41852E-7 1.38882E-7 1.29607E-7 1.18816E-7 1.24095E-7 1.18481E-7 1.05247E-7 1.07385E-7 9.70402E-8 9.69465E-8 1.00203E-7 9.16878E-8 8.26881E-8 8.07026E-8 8.79412E-8 9.28856E-8 9.64956E-8 8.57385E-8 8.33083E-8 7.84362E-8 8.36819E-8 7.97861E-8 8.67385E-8 8.95428E-8
3.21635E-6 5.17072E-7 3.88167E-7 3.04315E-7 3.17153E-7 3.11226E-7 3.40131E-7 4.15701E-7 3.75704E-7 4.3473E-7 7.00845E-7 7.41153E-7 7.89928E-7 7.31552E-7 6.57611E-7 6.64632E-7 5.88365E-7 5.45436E-7 4.52832E-7 5.45608E-7 6.64786E-7 6.22306E-7 5.57645E-7 4.78124E-7 4.20022E-7 4.63558E-7 3.89319E-7 3.98067E-7 4.0019E-7 3.4756E-7 2.68542E-7 2.19814E-7 2.12416E-7 2.18867E-7 1.94563E-7 1.7011E-7 1.52831E-7 1.52505E-7 1.56385E-7 1.56055E-7 1.48126E-7 1.34246E-7 1.46409E-7 1.52219E-7 1.40613E-7 1.03292E-7 9.55067E-8 9.66166E-8 1.131E-7 9.91796E-8 8.6912E-8 8.85997E-8 7.57923E-8 8.19751E-8 9.82073E-8 8.38925E-8 8.16579E-8 8.84239E-8 8.79475E-8 9.78802E-8 9.43971E-8
8.9625E-7 6.14579E-7 5.00975E-7 4.1655E-7 3.42151E-7 3.15619E-7 4.66422E-7 5.44607E-7 3.77336E-7 4.36597E-7 5.67859E-7 4.81687E-7 5.40388E-7 5.79753E-7 6.71358E-7 6.7244E-7 6.05334E-7 5.57065E-7 5.65666E-7 6.52262E-7 6.21725E-7 5.02695E-7 4.463E-7 3.69202E-7 3.72468E-7 3.63469E-7 3.98759E-7 3.95324E-7 3.59919E-7 3.20307E-7 3.83629E-7 2.87726E-7 2.64132E-7 2.35678E-7 2.07857E-7 2.29464E-7 2.26778E-7 2.54719E-7 1.74795E-7 1.57323E-7 1.89407E-7 1.67997E-7 1.39645E-7 1.51845E-7 1.2772E-7 1.14806E-7 1.01608E-7 9.2531E-8 9.87738E-8 9.84939E-8 8.80099E-8 8.6957E-8 8.9847E-8 8.68571E-8 9.57874E-8 9.11948E-8 9.11676E-8 9.23255E-8 9.09002E-8 9.87318E-8 1.1302E-7
5.8357E-6 7.41886E-7 5.27273E-7 4.56974E-7 3.29288E-7 2.59659E-7 2.85702E-7 4.18725E-7 4.0269E-7 5.08672E-7 4.53014E-7 3.79747E-7 5.90343E-7 7.32391E-7 7.8939E-7 7.20381E-7 7.03421E-7 7.13906E-7 6.81707E-7 6.26005E-7 5.73588E-7 5.23923E-7 5.16684E-7 4.69174E-7 4.41657E-7 4.50397E-7 5.50645E-7 3.93783E-7 3.84049E-7 3.5936E-7 3.28996E-7 3.25446E-7 3.22954E-7 2.86022E-7 2.55863E-7 2.62816E-7 2.57836E-7 2.61853E-7 2.13498E-7 1.97312E-7 1.96418E-7 1.78523E-7 1.53366E-7 1.43847E-7 1.35379E-7 1.23623E-7 1.09648E-7 9.8414E-8 1.0725E-7 1.20159E-7 1.05103E-7 8.57487E-8 8.45065E-8 8.8147E-8 9.42152E-8 1.01513E-7 1.10981E-7 1.16327E-7 1.19301E-7 1.32002E-7 1.32627E-7
7.0835E-6 1.02545E-6 6.94551E-7 5.2602E-7 4.5336E-7 4.21827E-7 3.25699E-7 3.60001E-7 4.0133E-7 3.98405E-7 4.00216E-7 4.46316E-7 4.82151E-7 8.56063E-7 8.17993E-7 7.88491E-7 7.29022E-7 7.17492E-7 6.64351E-7 6.79658E-7 6.48786E-7 5.6637E-7 5.41567E-7 5.21321E-7 4.58402E-7 4.49642E-7 4.5391E-7 4.32261E-7 4.40512E-7 4.1731E-7 3.63857E-7 3.65051E-7 3.69117E-7 3.16246E-7 3.07941E-7 3.10369E-7 2.7597E-7 2.64016E-7 2.67698E-7 2.53446E-7 2.25506E-7 2.00454E-7 1.70447E-7 1.59699E-7 1.56105E-7 1.58056E-7 1.37326E-7 1.44118E-7 1.60403E-7 1.48013E-7 1.22514E-7 9.89172E-8 9.79158E-8 1.0989E-7 1.09514E-7 1.3198E-7 1.09641E-7 1.01605E-7 1.13729E-7 1.30512E-7 1.35608E-7
5.0766E-4 8.5307E-6 1.31088E-6 7.28333E-7 4.11117E-7 3.63071E-7 3.80668E-7 4.08913E-7 4.09171E-7 5.29797E-7 6.127E-7 5.05058E-7 7.13288E-7 8.50451E-7 9.49788E-7 8.42115E-7 8.25263E-7 8.22058E-7 8.27547E-7 7.67E-7 7.24477E-7 6.92036E-7 6.51456E-7 5.91793E-7 5.06255E-7 4.31126E-7 4.99917E-7 4.83911E-7 4.61241E-7 4.24539E-7 3.85142E-7 3.87928E-7 4.07131E-7 4.26952E-7 3.87562E-7 3.3481E-7 2.96712E-7 3.15958E-7 2.80017E-7 2.49301E-7 2.41049E-7 2.336E-7 2.51251E-7 2.18313E-7 1.89715E-7 2.15176E-7 1.73699E-7 1.39835E-7 1.47564E-7 1.46072E-7 1.7661E-7 2.01922E-7 1.39142E-7 1.43307E-7 1.33247E-7 1.27909E-7 1.1392E-7 1.24131E-7 1.42022E-7 1.33841E-7 1.553E-7
-9999 1.20302E-5 1.7139E-6 7.18178E-7 5.65448E-7 4.74011E-7 4.52278E-7 4.65067E-7 5.23507E-7 1.11925E-6 9.66001E-7 8.10113E-7 8.12944E-7 8.20324E-7 9.52732E-7 1.01391E-6 9.66614E-7 9.9482E-7 9.99249E-7 8.26195E-7 7.96659E-7 8.43047E-7 8.18798E-7 7.48872E-7 6.74996E-7 6.19E-7 6.25287E-7 6.02742E-7 5.07504E-7 5.04212E-7 4.7102E-7 4.91192E-7 4.64496E-7 4.40754E-7 4.02157E-7 3.86974E-7 3.22778E-7 2.99596E-7 2.83806E-7 2.66134E-7 2.61012E-7 2.40574E-7 2.63325E-7 2.65268E-7 2.39109E-7 2.00419E-7 1.74281E-7 1.69528E-7 1.57296E-7 1.65785E-7 1.99031E-7 1.90337E-7 1.51512E-7 1.36237E-7 1.36975E-7 1.3722E-7 1.39462E-7 1.41408E-7 1.42204E-7 1.61238E-7 1.58146E-7
3.71678E-4 -9999 3.32088E-6 1.56757E-6 9.20538E-7 7.70025E-7 7.95947E-7 6.76567E-7 7.46111E-7 7.94532E-7 7.43614E-7 7.77013E-7 8.5885E-7 8.24187E-7 8.7047E-7 1.37548E-6 1.34332E-6 1.42586E-6 1.23392E-6 1.02021E-6 9.44337E-7 9.06263E-7 8.52789E-7 8.66576E-7 7.87723E-7 7.58837E-7 7.50848E-7 7.31545E-7 6.13651E-7 6.3284E-7 6.63028E-7 5.41648E-7 4.56822E-7 4.73577E-7 5.03678E-7 4.22756E-7 3.80415E-7 4.44634E-7 4.19297E-7 3.29935E-7 3.03051E-7 2.90496E-7 2.85131E-7 2.7841E-7 2.35633E-7 2.35996E-7 2.13346E-7 1.79756E-7 1.64817E-7 1.68276E-7 1.78495E-7 1.7352E-7 1.85115E-7 1.85681E-7 1.78458E-7 1.89041E-7 1.81426E-7 1.66216E-7 1.57946E-7 1.71986E-7 1.75569E-7
-9999 -9999 1.18335E-5 3.14624E-6 1.55228E-6 1.06252E-6 9.67616E-7 8.87896E-7 9.48502E-7 1.00025E-6 1.05934E-6 9.08897E-7 1.04067E-6 1.05357E-6 1.30473E-6 1.53465E-6 1.53463E-6 1.29866E-6 1.08089E-6 9.29177E-7 8.9283E-7 9.44948E-7 8.97734E-7 8.80876E-7 8.60911E-7 8.1603E-7 7.93755E-7 8.31968E-7 8.70683E-7 8.67269E-7 8.79768E-7 6.64853E-7 5.60233E-7 5.78394E-7 6.0613E-7 5.73094E-7 5.39057E-7 4.77223E-7 4.59003E-7 4.16665E-7 3.84533E-7 3.48728E-7 3.51112E-7 3.58791E-7 3.24818E-7 2.95185E-7 2.55002E-7 2.52516E-7 2.3154E-7 2.84441E-7 2.31498E-7 2.14882E-7 2.48471E-7 2.52639E-7 2.60209E-7 2.37017E-7 2.38485E-7 2.24778E-7 2.01691E-7 2.30503E-7 2.66532E-7
-9999 -9999 -9999 2.78222E-6 1.77493E-6 1.29595E-6 1.18137E-6 1.18293E-6 1.28291E-6 1.25051E-6 1.14392E-6 1.1601E-6 1.11015E-6 1.08578E-6 1.18795E-6 1.41906E-6 1.26031E-6 1.09764E-6 1.12187E-6 1.09164E-6 1.10717E-6 1.1443E-6 1.16304E-6 1.11193E-6 9.60414E-7 9.72406E-7 1.10181E-6 1.08093E-6 9.46249E-7 9.27497E-7 8.42885E-7 7.75851E-7 7.41475E-7 6.79601E-7 6.34536E-7 6.47199E-7 5.84237E-7 6.0241E-7 5.70327E-7 5.34016E-7 4.8039E-7 4.67964E-7 4.68782E-7 4.48973E-7 3.73013E-7 3.06282E-7 2.68782E-7 2.91012E-7 2.06777E-7 1.85306E-7 1.85141E-7 2.12779E-7 2.45167E-7 2.65274E-7 2.61533E-7 2.56658E-7 2.87591E-7 3.20652E-7 2.66238E-7 3.2912E-7 3.58392E-7
3.93926E-6 1.79599E-5 5.45718E-6 2.22872E-6 1.65565E-6 1.6123E-6 1.49968E-6 1.61663E-6 1.50219E-6 1.36188E-6 1.24926E-6 1.13239E-6 1.22052E-6 1.16116E-6 1.19554E-6 1.14316E-6 1.09761E-6 1.15797E-6 1.25208E-6 1.31738E-6 1.32444E-6 1.23434E-6 1.06564E-6 1.08696E-6 1.08929E-6 1.22211E-6 1.21672E-6 1.05866E-6 1.02812E-6 9.79309E-7 9.63294E-7 8.70204E-7 8.67816E-7 8.1381E-7 8.05473E-7 8.13617E-7 7.3024E-7 7.32842E-7 7.03025E-7 6.45622E-7 5.94589E-7 5.09748E-7 4.13988E-7 4.08018E-7 3.05461E-7 2.68138E-7 2.25451E-7 2.13795E-7 2.079E-7 2.24661E-7 2.20808E-7 2.41657E-7 3.09616E-7 3.3254E-7 3.16196E-7 2.96904E-7 3.7484E-7 4.30831E-7 4.96488E-7 4.35159E-7 4.69137E-7
-9999 4.53386E-6 2.44066E-6 2.18823E-6 1.8297E-6 1.81854E-6 1.83693E-6 1.62731E-6 1.32927E-6 1.25974E-6 1.47177E-6 1.22687E-6 1.22804E-6 1.23455E-6 1.21053E-6 1.19862E-6 1.19556E-6 1.09872E-6 1.15424E-6 1.38154E-6 1.34162E-6 1.35768E-6 1.371E-6 1.48638E-6 1.28254E-6 1.23518E-6 1.19518E-6 1.17624E-6 1.16118E-6 1.10501E-6 1.00544E-6 1.01983E-6 9.79553E-7 1.03342E-6 9.96069E-7 9.35528E-7 9.19213E-7 9.3837E-7 9.37862E-7 7.27683E-7 5.99768E-7 4.55198E-7 3.84996E-7 3.86467E-7 3.51997E-7 3.0696E-7 2.63205E-7 3.02669E-7 2.94686E-7 2.84674E-7 3.84323E-7 4.19661E-7 5.09299E-7 4.89324E-7 3.74714E-7 4.68156E-7 5.11045E-7 4.18279E-7 6.1877E-7 5.68039E-7 7.01606E-7
2.86946E-5 2.91946E-6 2.71566E-6 2.62682E-6 2.46589E-6 2.07101E-6 2.05636E-6 2.00832E-6 1.60515E-6 1.52663E-6 1.43469E-6 1.38171E-6 1.74816E-6 1.61758E-6 1.47599E-6 1.42916E-6 1.43388E-6 1.2799E-6 1.16298E-6 1.34292E-6 1.37007E-6 1.325E-6 1.34911E-6 1.58099E-6 1.61225E-6 1.34833E-6 1.34467E-6 1.28375E-6 1.2544E-6 1.12261E-6 1.19322E-6 1.42595E-6 1.41712E-6 1.29388E-6 1.06963E-6 1.14271E-6 1.13601E-6 1.0016E-6 8.93467E-7 7.29663E-7 7.12469E-7 6.22594E-7 5.36435E-7 5.13571E-7 4.77356E-7 4.71255E-7 4.46075E-7 3.95642E-7 3.67474E-7 3.13657E-7 3.06038E-7 4.97136E-7 5.22037E-7 6.74836E-7 8.9485E-7 5.29887E-7 5.95452E-7 5.12346E-7 7.39383E-7 8.64648E-7 9.83839E-7
3.62446E-5 3.14631E-6 3.34793E-6 2.66068E-6 2.60564E-6 2.22987E-6 2.24319E-6 2.29319E-6 2.0132E-6 1.93304E-6 1.83122E-6 1.9592E-6 1.92511E-6 1.98842E-6 1.82026E-6 1.74913E-6 1.77839E-6 1.61443E-6 1.67797E-6 1.71879E-6 1.33987E-6 1.50335E-6 1.61505E-6 1.68548E-6 1.63814E-6 1.62329E-6 1.69339E-6 1.62455E-6 1.57292E-6 1.46296E-6 1.48828E-6 1.54161E-6 1.42316E-6 1.13732E-6 1.16057E-6 1.04907E-6 1.00037E-6 1.04836E-6 1.02993E-6 9.26806E-7 7.68204E-7 7.20715E-7 7.01871E-7 7.17428E-7 6.07201E-7 5.23567E-7 5.39229E-7 5.06305E-7 5.23503E-7 4.75545E-7 5.6924E-7 6.08829E-7 6.27698E-7 6.54534E-7 8.43886E-7 5.72714E-7 5.99354E-7 6.58911E-7 8.05818E-7 1.19931E-6 3.54004E-6
3.79642E-6 1.0337E-5 3.86431E-6 3.6834E-6 3.58689E-6 3.14003E-6 2.98745E-6 2.9611E-6 2.75085E-6 2.27419E-6 2.36582E-6 2.22757E-6 2.11857E-6 2.28566E-6 2.42182E-6 1.912E-6 1.95202E-6 1.87627E-6 1.82221E-6 1.89421E-6 1.96465E-6 1.84076E-6 1.88834E-6 2.23712E-6 2.32104E-6 2.34799E-6 2.24316E-6 2.13658E-6 1.97452E-6 2.11037E-6 1.84526E-6 1.89172E-6 1.7919E-6 1.27319E-6 1.3359E-6 1.12762E-6 1.58094E-6 1.39748E-6 1.14304E-6 1.04153E-6 8.53581E-7 9.88877E-7 1.02445E-6 9.26834E-7 7.35372E-7 7.89004E-7 8.30646E-7 6.27877E-7 5.86759E-7 6.13129E-7 6.80086E-7 7.7727E-7 7.35297E-7 7.372E-7 7.11624E-7 7.12551E-7 7.54158E-7 7.31795E-7 9.79853E-7 1.60902E-6 3.83608E-6
4.22401E-6 4.7038E-6 4.53029E-6 3.97089E-6 4.2206E-6 3.99713E-6 3.32863E-6 2.86638E-6 2.58946E-6 3.091E-6 2.79999E-6 2.58486E-6 2.70231E-6 2.64271E-6 2.18499E-6 2.02161E-6 2.26133E-6 2.25661E-6 2.1631E-6 2.03277E-6 2.05674E-6 2.1587E-6 2.25008E-6 2.33263E-6 2.24735E-6 2.03826E-6 2.28352E-6 2.45295E-6 2.55572E-6 2.07666E-6 1.90551E-6 1.6986E-6 1.82644E-6 1.47329E-6 3.05558E-6 5.45046E-6 4.39349E-6 2.90309E-6 1.96006E-6 1.23699E-6 1.13407E-6 1.20747E-6 1.05677E-6 1.2008E-6 1.1217E-6 9.32287E-7 9.00825E-7 8.32329E-7 7.41333E-7 8.27521E-7 8.17706E-7 7.5478E-7 7.73284E-7 9.90849E-7 7.81362E-7 8.23849E-7 1.00147E-6 1.06128E-6 1.19105E-6 1.50118E-6 3.02964E-6
4.69674E-6 4.56633E-6 4.77866E-6 4.42899E-6 4.66262E-6 4.11294E-6 3.08104E-6 2.92744E-6 3.22601E-6 3.12788E-6 2.71483E-6 2.63093E-6 2.78757E-6 2.77453E-6 2.45546E-6 2.65669E-6 2.67187E-6 2.70399E-6 2.24656E-6 2.34245E-6 2.14221E-6 2.40625E-6 2.81371E-6 2.25777E-6 1.92182E-6 2.03977E-6 2.15543E-6 2.27778E-6 2.26897E-6 2.03416E-6 2.0277E-6 2.23715E-6 2.71643E-6 6.67663E-6 6.58397E-6 4.21982E-6 3.0791E-6 2.3096E-6 1.6081E-6 1.27766E-6 1.27949E-6 1.27821E-6 1.14467E-6 1.27059E-6 1.12757E-6 1.06975E-6 9.66654E-7 1.02208E-6 9.99361E-7 9.09291E-7 8.42132E-7 8.72449E-7 8.8414E-7 9.21407E-7 9.49358E-7 8.2804E-7 9.65905E-7 1.31393E-6 1.43206E-6 1.40623E-6 1.4735E-6
4.64187E-6 4.37428E-6 4.59713E-6 4.74142E-6 4.56106E-6 4.13771E-6 3.9649E-6 3.99519E-6 3.88968E-6 3.32264E-6 3.58252E-6 3.50315E-6 3.8559E-6 4.03534E-6 3.60578E-6 3.2505E-6 3.05416E-6 3.45563E-6 2.97009E-6 2.38082E-6 2.31671E-6 2.30823E-6 2.39282E-6 2.37847E-6 2.11039E-6 2.48276E-6 2.344E-6 2.7758E-6 2.41701E-6 2.22607E-6 2.1138E-6 3.33992E-6 9.76595E-6 7.87365E-6 3.97937E-6 2.6806E-6 1.6373E-6 1.34723E-6 1.51489E-6 1.63704E-6 1.43229E-6 1.07524E-6 1.08126E-6 1.09831E-6 1.17552E-6 1.04717E-6 1.12423E-6 1.06124E-6 1.05029E-6 1.19417E-6 1.02377E-6 9.46219E-7 1.20841E-6 1.21527E-6 1.06065E-6 9.34355E-7 8.24568E-7 1.42892E-6 1.76188E-6 1.88747E-6 1.55877E-6
4.20486E-6 4.38008E-6 4.24383E-6 4.22084E-6 4.28555E-6 4.20965E-6 4.12055E-6 4.20667E-6 3.81221E-6 3.30448E-6 3.58691E-6 3.65027E-6 3.88361E-6 3.90013E-6 3.57745E-6 3.40824E-6 3.73655E-6 3.26579E-6 2.71433E-6 2.52982E-6 2.34071E-6 2.35529E-6 2.3151E-6 2.64463E-6 2.5572E-6 2.73092E-6 2.60376E-6 2.58386E-6 2.08951E-6 2.35629E-6 2.39157E-6 8.25861E-6 7.69131E-6 3.3271E-6 2.36009E-6 1.78651E-6 1.33404E-6 1.19546E-6 1.28687E-6 1.26752E-6 1.15832E-6 1.04033E-6 1.15156E-6 1.07556E-6 1.20337E-6 1.10345E-6 1.32971E-6 1.40538E-6 1.27911E-6 1.92036E-6 1.72617E-6 1.43106E-6 1.26597E-6 1.4973E-6 1.201E-6 1.07114E-6 1.2535E-6 1.70658E-6 2.04948E-6 2.32437E-6 2.32207E-6
4.72669E-6 4.70147E-6 4.27313E-6 4.57707E-6 4.49343E-6 4.51397E-6 4.48212E-6 4.20046E-6 4.16353E-6 3.79856E-6 3.68302E-6 3.74402E-6 3.70403E-6 3.52893E-6 3.8086E-6 3.98752E-6 3.62011E-6 3.20262E-6 3.11905E-6 2.98454E-6 2.66534E-6 2.727E-6 2.82722E-6 2.82094E-6 2.61674E-6 2.83213E-6 2.48773E-6 2.41656E-6 2.16722E-6 2.01025E-6 2.45468E-6 7.733E-6 3.34891E-6 2.35822E-6 1.98401E-6 1.69845E-6 1.50175E-6 1.30353E-6 1.31927E-6 1.38233E-6 1.30813E-6 1.48047E-6 1.4124E-6 1.16333E-6 1.29283E-6 1.07173E-6 1.13485E-6 1.37247E-6 1.24139E-6 1.61454E-6 2.23039E-6 1.62671E-6 1.22755E-6 1.28811E-6 1.23682E-6 1.23173E-6 1.61905E-6 2.0763E-6 2.30858E-6 3.34306E-6 2.47445E-6
4.51811E-6 4.61058E-6 4.20573E-6 4.54107E-6 4.60091E-6 4.68421E-6 4.74774E-6 4.65337E-6 4.6314E-6 3.9453E-6 3.74296E-6 4.0424E-6 4.00706E-6 4.03199E-6 3.73957E-6 3.38065E-6 3.37013E-6 3.36379E-6 3.16172E-6 3.13477E-6 2.72606E-6 2.72097E-6 2.91283E-6 3.17899E-6 3.02343E-6 3.61161E-6 3.22126E-6 2.91219E-6 2.42653E-6 2.06462E-6 2.59524E-6 4.32707E-6 3.15469E-6 1.95934E-6 1.74013E-6 1.61595E-6 1.57319E-6 1.62981E-6 1.67063E-6 1.5628E-6 1.50815E-6 1.6723E-6 1.64344E-6 1.40266E-6 1.66688E-6 1.34167E-6 1.38886E-6 1.43878E-6 1.20204E-6 1.27778E-6 1.40463E-6 1.3382E-6 1.49526E-6 1.63982E-6 1.42479E-6 1.41325E-6 1.86803E-6 2.49092E-6 3.11494E-6 5.07689E-6 2.48647E-6
4.46653E-6 4.55938E-6 4.46237E-6 4.76177E-6 4.70895E-6 4.97439E-6 4.82086E-6 4.87878E-6 4.84209E-6 4.84384E-6 4.99637E-6 4.39258E-6 4.24102E-6 4.37894E-6 4.12416E-6 3.60171E-6 3.45463E-6 3.28697E-6 3.01496E-6 3.25806E-6 3.02776E-6 3.10855E-6 3.10714E-6 3.30073E-6 2.89314E-6 3.34438E-6 3.08462E-6 2.86854E-6 2.30017E-6 2.22455E-6 2.43454E-6 3.86939E-6 2.82303E-6 2.13609E-6 1.88141E-6 1.74243E-6 1.72674E-6 2.05323E-6 1.91513E-6 1.79574E-6 1.68267E-6 1.78146E-6 1.54644E-6 1.44621E-6 1.6128E-6 1.72556E-6 1.8068E-6 3.211E-6 1.74434E-6 1.64968E-6 1.5238E-6 1.24896E-6 1.07844E-6 1.81856E-6 2.11319E-6 2.23526E-6 2.13375E-6 2.49966E-6 4.34271E-6 9.12721E-6 5.38866E-6
4.84056E-6 4.84685E-6 4.83107E-6 5.0474E-6 5.13866E-6 5.20954E-6 4.99321E-6 5.12171E-6 5.33605E-6 5.07803E-6 5.01645E-6 4.59806E-6 4.32146E-6 4.48845E-6 4.13756E-6 3.68307E-6 3.58368E-6 3.67744E-6 3.38752E-6 3.46654E-6 3.28555E-6 3.33233E-6 3.5143E-6 3.42109E-6 3.46951E-6 2.82742E-6 2.82472E-6 3.27347E-6 3.0721E-6 2.75461E-6 3.82288E-6 3.05252E-6 2.26358E-6 2.34563E-6 2.09303E-6 2.146E-6 2.01412E-6 1.92942E-6 2.21934E-6 1.84647E-6 1.42416E-6 1.66022E-6 1.59687E-6 1.93408E-6 1.74701E-6 1.69663E-6 1.55811E-6 5.40677E-6 3.00515E-6 2.85027E-6 2.17678E-6 1.97317E-6 1.72929E-6 2.21306E-6 3.19564E-6 2.95796E-6 2.88824E-6 3.0485E-6 3.23036E-6 4.55428E-6 1.55375E-5
4.51179E-6 4.88015E-6 4.70686E-6 4.98017E-6 5.19088E-6 5.87292E-6 6.18446E-6 5.11568E-6 6.37088E-6 6.04499E-6 5.52408E-6 5.36261E-6 4.68675E-6 4.50383E-6 4.68755E-6 4.75972E-6 3.83049E-6 3.92741E-6 4.00519E-6 3.8553E-6 3.70086E-6 4.2566E-6 3.76299E-6 3.82144E-6 3.79521E-6 4.2107E-6 3.79475E-6 3.55319E-6 3.57426E-6 5.51299E-6 5.21879E-6 2.5303E-6 2.64989E-6 2.35577E-6 2.46911E-6 2.50462E-6 2.17086E-6 2.14098E-6 2.46463E-6 2.15293E-6 2.00543E-6 2.23973E-6 2.21619E-6 2.65982E-6 2.75967E-6 2.47712E-6 2.34974E-6 5.44444E-6 3.99393E-6 4.32935E-6 3.76488E-6 2.59415E-6 3.80477E-6 4.10549E-6 4.13159E-6 3.49141E-6 3.66364E-6 3.55825E-6 4.13416E-6 5.99018E-6 1.8165E-5
4.52004E-6 4.75768E-6 4.75163E-6 4.86203E-6 4.6754E-6 4.77159E-6 4.60342E-6 4.74737E-6 4.99519E-6 5.96327E-6 5.41822E-6 5.63083E-6 4.91641E-6 5.89631E-6 6.55805E-6 4.24454E-6 4.23069E-6 4.18464E-6 4.27232E-6 4.30359E-6 4.16734E-6 4.08859E-6 3.97132E-6 4.06481E-6 3.54409E-6 4.11746E-6 4.44658E-6 4.04492E-6 4.04628E-6 5.48488E-6 3.34006E-6 2.87665E-6 2.78057E-6 3.11126E-6 2.91568E-6 2.82726E-6 2.36368E-6 2.43903E-6 2.81343E-6 2.73408E-6 2.94626E-6 3.34479E-6 3.40168E-6 3.40505E-6 3.04252E-6 3.66619E-6 4.24807E-6 4.98477E-6 5.82043E-6 4.98727E-6 4.04088E-6 4.23553E-6 6.32032E-6 9.00471E-6 6.75235E-6 5.01728E-6 4.87583E-6 6.95467E-6 5.19328E-6 6.47776E-6 7.49693E-6
5.22874E-6 5.01098E-6 4.69713E-6 4.76717E-6 5.02803E-6 4.78414E-6 4.59978E-6 4.82329E-6 4.67059E-6 4.587E-6 4.97871E-6 4.60353E-6 3.92251E-6 4.18569E-6 4.35123E-6 5.45777E-6 6.98337E-6 4.56465E-6 4.6723E-6 5.48296E-6 5.35847E-6 4.76257E-6 4.3814E-6 4.41027E-6 4.4402E-6 4.7153E-6 4.31208E-6 4.86527E-6 4.92163E-6 3.80334E-6 3.53355E-6 3.21306E-6 2.97032E-6 3.27547E-6 3.72191E-6 2.71928E-6 2.56551E-6 2.92778E-6 3.39036E-6 3.51517E-6 4.03477E-6 5.01241E-6 5.08523E-6 5.49593E-6 4.64316E-6 5.43853E-6 5.86675E-6 7.07927E-6 6.65361E-6 5.87493E-6 5.96382E-6 8.72556E-6 2.10081E-5 1.04464E-5 1.48703E-5 7.4258E-6 5.67602E-6 7.80552E-6 5.46717E-6 7.41046E-6 9.02352E-6
