data/maxent/outputs/white_232.asc
ncols         426
nrows         180
xllcorner     -130.0
yllcorner     24.0
cellsize      0.16666666666666666
NODATA_value  -9999
[rows 27 to 53 of 180, columns 61 to 121 of 426]
4.26745E-1 4.14062E-1 6.76681E-1 7.17813E-1 5.83002E-1 6.07233E-1 7.11022E-1 6.97265E-1 6.43239E-1 6.72483E-1 6.73722E-1 6.44109E-1 6.46679E-1 6.85764E-1 6.43011E-1 6.50022E-1 5.31267E-1 6.30874E-1 6.77855E-1 5.50609E-1 6.04067E-1 5.5408E-1 5.97436E-1 5.9339E-1 5.87888E-1 5.9073E-1 5.66975E-1 5.92216E-1 5.9684E-1 6.68738E-1 6.71091E-1 6.75644E-1 6.81039E-1 6.16233E-1 5.68641E-1 5.12002E-1 4.75607E-1 4.67705E-1 4.18959E-1 3.78031E-1 3.23058E-1 2.91159E-1 2.77492E-1 3.06095E-1 3.12882E-1 2.98721E-1 2.75922E-1 2.60116E-1 2.49554E-1 2.53047E-1 2.43243E-1 2.20015E-1 1.90249E-1 1.72355E-1 1.65035E-1 1.63275E-1 1.47529E-1 1.40129E-1 1.15472E-1 1.25116E-1 1.33119E-1
4.01677E-1 3.59306E-1 5.26784E-1 7.23439E-1 5.95888E-1 5.45201E-1 6.42688E-1 6.96733E-1 6.50896E-1 6.76598E-1 6.81788E-1 6.85318E-1 6.44142E-1 6.67915E-1 6.48091E-1 6.42117E-1 6.07416E-1 5.70934E-1 6.25017E-1 6.44348E-1 6.53767E-1 6.50147E-1 6.30331E-1 6.20319E-1 6.51769E-1 6.09255E-1 5.76496E-1 5.5953E-1 5.99603E-1 6.49428E-1 6.82068E-1 6.72475E-1 6.74334E-1 6.72125E-1 6.63617E-1 5.77112E-1 5.33814E-1 5.06889E-1 4.66969E-1 4.06086E-1 3.30247E-1 2.87696E-1 2.74974E-1 2.86964E-1 3.0812E-1 2.78034E-1 2.40932E-1 2.16909E-1 2.22683E-1 2.30081E-1 2.23469E-1 1.92347E-1 1.83475E-1 1.7432E-1 1.65996E-1 1.70508E-1 1.31986E-1 1.05407E-1 8.12578E-2 7.42416E-2 8.56807E-2
4.374E-1 3.86567E-1 4.03174E-1 5.76566E-1 4.53129E-1 4.9488E-1 5.53273E-1 6.04365E-1 6.58185E-1 6.65003E-1 6.77707E-1 6.50305E-1 6.7463E-1 7.14181E-1 6.59585E-1 6.58361E-1 6.42219E-1 6.18117E-1 6.69474E-1 7.2051E-1 6.54219E-1 6.34979E-1 6.27568E-1 6.45845E-1 6.40632E-1 6.32225E-1 6.37272E-1 5.61611E-1 6.15357E-1 6.60876E-1 6.79142E-1 6.81079E-1 6.73531E-1 6.43455E-1 6.05389E-1 6.57497E-1 6.09445E-1 5.67638E-1 4.86487E-1 4.05795E-1 3.17172E-1 2.60887E-1 2.25332E-1 2.20407E-1 2.094E-1 2.05349E-1 1.73837E-1 1.60472E-1 1.84512E-1 2.1432E-1 1.97121E-1 1.88298E-1 1.84682E-1 1.84921E-1 1.83441E-1 1.8837E-1 1.44148E-1 8.48916E-2 6.65631E-2 6.44919E-2 7.42684E-2
5.52431E-1 3.54678E-1 3.43045E-1 3.78299E-1 4.2239E-1 4.57832E-1 5.20922E-1 5.53519E-1 6.13989E-1 6.35273E-1 6.44847E-1 6.75292E-1 7.09258E-1 6.77613E-1 6.63027E-1 6.63507E-1 6.93122E-1 6.63717E-1 6.38674E-1 6.74824E-1 7.13096E-1 6.536E-1 6.68702E-1 6.78217E-1 6.14824E-1 5.93939E-1 6.5399E-1 5.83827E-1 5.44582E-1 6.69878E-1 6.68169E-1 6.90747E-1 6.08937E-1 6.79474E-1 6.33711E-1 6.25349E-1 6.20083E-1 6.37491E-1 5.16083E-1 4.5045E-1 3.48935E-1 2.57016E-1 2.12331E-1 1.95109E-1 1.73005E-1 1.63052E-1 1.49885E-1 1.33929E-1 1.32968E-1 1.86567E-1 2.01831E-1 2.17064E-1 2.54499E-1 1.72617E-1 1.42192E-1 1.33932E-1 1.12393E-1 9.14491E-2 7.73361E-2 8.12686E-2 7.73316E-2
5.43563E-1 3.52351E-1 2.84382E-1 3.72337E-1 5.21904E-1 4.9086E-1 4.9249E-1 5.19594E-1 6.95526E-1 6.08351E-1 6.39304E-1 6.68365E-1 6.4733E-1 6.57346E-1 6.88559E-1 6.87697E-1 6.7483E-1 6.74546E-1 6.83279E-1 6.772E-1 7.09703E-1 7.33248E-1 6.64281E-1 6.52931E-1 6.41326E-1 6.28215E-1 6.30541E-1 6.09192E-1 5.89334E-1 4.89321E-1 6.74702E-1 6.81087E-1 6.73336E-1 5.75105E-1 6.52683E-1 6.03486E-1 5.78297E-1 5.95217E-1 5.80749E-1 4.72984E-1 3.69264E-1 2.80951E-1 2.27727E-1 1.80339E-1 1.49342E-1 1.36007E-1 1.28156E-1 1.13004E-1 1.03649E-1 1.0602E-1 1.18134E-1 1.40401E-1 1.4477E-1 1.19237E-1 1.0235E-1 9.85101E-2 9.02728E-2 8.53501E-2 8.28351E-2 9.17774E-2 9.18002E-2
4.57437E-1 3.14439E-1 3.27934E-1 3.85132E-1 3.80063E-1 4.4686E-1 4.12646E-1 5.6554E-1 6.74277E-1 6.00176E-1 6.49804E-1 6.61008E-1 6.56567E-1 6.49135E-1 6.76454E-1 6.85803E-1 6.68716E-1 7.21088E-1 6.89811E-1 6.63953E-1 7.26093E-1 6.62509E-1 6.66614E-1 6.8478E-1 6.59107E-1 6.36142E-1 6.38472E-1 6.17799E-1 5.87396E-1 5.578E-1 6.01772E-1 5.67894E-1 6.56925E-1 6.41349E-1 6.52575E-1 6.96428E-1 6.41152E-1 5.70941E-1 5.48361E-1 5.08406E-1 3.93133E-1 3.30345E-1 2.50372E-1 1.90844E-1 1.51119E-1 1.32493E-1 1.28378E-1 1.08313E-1 1.02931E-1 9.68361E-2 9.048E-2 9.68568E-2 9.53756E-2 8.8524E-2 8.46586E-2 8.51452E-2 8.44794E-2 8.18105E-2 9.06764E-2 8.74695E-2 1.04802E-1
4.80963E-1 3.0286E-1 3.38555E-1 4.11104E-1 4.78138E-1 4.57003E-1 4.43951E-1 5.56981E-1 5.69446E-1 5.92478E-1 6.18074E-1 6.53843E-1 6.65545E-1 6.56498E-1 6.66587E-1 7.0969E-1 6.8361E-1 7.24912E-1 6.69443E-1 6.72192E-1 7.38835E-1 6.6136E-1 6.82554E-1 6.95339E-1 6.61341E-1 6.73219E-1 6.45627E-1 6.13541E-1 5.71581E-1 5.69279E-1 5.58662E-1 5.62033E-1 5.60517E-1 5.99122E-1 6.24491E-1 6.70356E-1 6.42343E-1 5.98947E-1 5.61659E-1 5.41964E-1 4.24064E-1 3.89195E-1 2.79523E-1 2.10785E-1 1.46559E-1 1.15656E-1 1.17413E-1 1.09192E-1 1.02724E-1 1.03661E-1 9.85065E-2 9.50572E-2 8.01053E-2 6.90843E-2 7.56409E-2 8.45466E-2 8.9447E-2 9.35152E-2 9.22632E-2 1.01235E-1 1.74278E-1
3.65518E-1 3.3348E-1 3.45668E-1 3.76579E-1 4.0411E-1 4.06465E-1 4.56798E-1 5.08733E-1 5.35712E-1 5.78581E-1 6.20036E-1 6.40351E-1 6.47155E-1 6.70196E-1 6.87107E-1 7.33516E-1 7.23543E-1 7.3118E-1 7.07998E-1 7.43148E-1 7.57056E-1 6.86332E-1 6.71929E-1 6.70203E-1 6.90028E-1 6.43027E-1 6.33878E-1 6.20695E-1 5.77981E-1 5.39798E-1 5.4301E-1 5.72956E-1 5.17691E-1 4.98394E-1 6.50281E-1 6.58833E-1 6.82074E-1 6.35093E-1 5.76932E-1 5.76443E-1 5.78333E-1 4.71463E-1 3.36549E-1 2.28616E-1 1.60693E-1 1.26473E-1 1.14313E-1 1.13067E-1 1.09161E-1 1.08633E-1 1.10043E-1 9.42684E-2 9.18246E-2 8.00667E-2 8.30781E-2 8.3735E-2 9.11123E-2 9.86045E-2 1.04307E-1 1.80773E-1 3.51473E-1
3.43443E-1 3.06931E-1 2.83878E-1 3.00537E-1 3.33272E-1 3.79572E-1 4.67567E-1 4.90159E-1 5.29635E-1 5.64273E-1 6.14614E-1 6.36858E-1 6.44015E-1 6.87181E-1 7.11366E-1 7.26066E-1 7.30953E-1 7.1377E-1 7.25575E-1 7.28609E-1 7.40578E-1 6.96791E-1 6.84103E-1 6.73748E-1 6.57171E-1 6.75245E-1 6.43434E-1 6.10529E-1 5.9624E-1 5.48222E-1 5.34418E-1 5.64684E-1 5.92298E-1 5.82001E-1 6.23593E-1 6.56368E-1 6.42763E-1 6.4845E-1 5.8848E-1 5.49795E-1 5.61728E-1 5.62442E-1 4.83681E-1 2.89778E-1 1.95538E-1 1.31436E-1 1.11538E-1 1.14479E-1 1.07571E-1 1.08067E-1 1.12344E-1 1.29346E-1 1.29355E-1 1.37684E-1 1.31579E-1 1.2857E-1 1.28043E-1 1.14925E-1 1.31114E-1 2.02248E-1 3.09564E-1
3.18873E-1 2.58443E-1 2.42981E-1 2.80159E-1 3.56357E-1 3.65725E-1 4.02386E-1 4.41499E-1 5.26345E-1 5.58089E-1 6.29905E-1 6.40449E-1 6.70703E-1 6.71506E-1 6.63886E-1 7.09375E-1 6.89923E-1 7.12443E-1 7.16236E-1 7.03961E-1 6.81163E-1 6.66427E-1 6.67908E-1 6.75083E-1 6.82495E-1 6.57534E-1 6.63375E-1 6.3492E-1 5.73514E-1 5.85066E-1 5.52909E-1 5.74656E-1 6.18453E-1 6.2828E-1 6.70525E-1 6.58252E-1 6.42672E-1 6.25014E-1 6.088E-1 5.66802E-1 5.70926E-1 5.69358E-1 5.55195E-1 3.30574E-1 1.95574E-1 1.23107E-1 1.01874E-1 1.17673E-1 1.24551E-1 1.29373E-1 1.415E-1 1.47188E-1 1.52295E-1 1.51994E-1 1.69473E-1 1.55915E-1 1.58454E-1 1.66963E-1 1.57402E-1 1.52144E-1 1.63371E-1
2.85771E-1 2.36943E-1 2.22689E-1 2.78609E-1 2.92977E-1 2.90662E-1 2.89173E-1 3.3896E-1 3.9494E-1 4.48186E-1 5.15829E-1 5.56935E-1 5.93644E-1 6.23138E-1 6.60567E-1 6.82306E-1 7.26065E-1 7.24837E-1 7.46407E-1 6.94505E-1 6.75348E-1 6.72827E-1 6.6747E-1 6.61334E-1 6.76373E-1 6.76073E-1 6.42682E-1 6.88806E-1 5.96634E-1 5.59193E-1 5.50596E-1 4.94081E-1 5.57639E-1 5.65016E-1 6.38335E-1 6.61198E-1 6.16358E-1 6.31378E-1 6.12315E-1 5.76823E-1 5.5279E-1 5.44025E-1 5.82331E-1 3.66158E-1 2.03369E-1 1.38384E-1 1.19446E-1 1.24136E-1 1.35257E-1 1.4872E-1 1.76488E-1 2.08146E-1 2.11435E-1 2.27052E-1 2.60121E-1 2.94471E-1 2.99342E-1 2.20788E-1 1.67504E-1 1.4968E-1 1.38684E-1
2.50181E-1 2.46162E-1 2.7241E-1 2.58781E-1 2.30344E-1 2.47833E-1 2.79729E-1 3.01695E-1 3.34833E-1 3.67364E-1 4.22692E-1 4.99397E-1 5.46498E-1 5.81693E-1 6.41975E-1 6.97531E-1 7.25998E-1 7.23148E-1 7.5635E-1 7.26149E-1 7.11089E-1 7.02175E-1 6.83732E-1 6.67749E-1 7.02043E-1 6.75395E-1 6.65077E-1 6.43494E-1 6.19658E-1 5.67335E-1 5.42249E-1 4.4062E-1 4.57738E-1 4.51601E-1 5.41993E-1 6.69633E-1 5.7518E-1 6.38986E-1 6.189E-1 5.54772E-1 5.67441E-1 5.71218E-1 5.47976E-1 3.78009E-1 2.17742E-1 1.68231E-1 1.42311E-1 1.43556E-1 1.50621E-1 1.653E-1 1.84066E-1 2.30884E-1 2.42479E-1 3.17185E-1 4.43422E-1 5.10988E-1 4.06467E-1 2.4676E-1 1.83734E-1 1.64588E-1 1.83707E-1
2.45948E-1 2.55688E-1 2.47928E-1 2.25446E-1 2.1711E-1 2.36429E-1 2.63027E-1 2.90195E-1 3.18511E-1 3.51303E-1 4.07352E-1 4.5896E-1 5.16615E-1 5.71169E-1 6.14366E-1 6.53337E-1 6.82063E-1 7.11865E-1 7.40883E-1 7.18534E-1 6.82563E-1 6.74262E-1 6.7663E-1 6.53249E-1 6.47497E-1 6.68384E-1 6.48916E-1 6.40799E-1 6.16093E-1 5.6421E-1 5.21201E-1 4.41901E-1 4.51901E-1 4.16578E-1 4.50487E-1 6.81678E-1 5.71836E-1 5.93735E-1 6.00289E-1 5.81776E-1 5.80583E-1 5.80886E-1 5.65089E-1 4.27115E-1 2.75693E-1 1.94093E-1 1.60497E-1 1.64678E-1 1.57744E-1 1.71872E-1 2.19436E-1 2.6114E-1 3.2523E-1 3.81708E-1 4.85263E-1 5.31975E-1 4.88388E-1 3.39906E-1 2.13424E-1 1.9374E-1 1.8546E-1
2.39527E-1 2.9879E-1 2.24791E-1 2.08502E-1 2.07926E-1 2.29921E-1 2.66535E-1 2.91873E-1 3.10712E-1 3.36485E-1 3.95585E-1 4.3968E-1 5.06141E-1 5.59108E-1 6.05053E-1 6.5025E-1 7.03347E-1 7.09803E-1 6.98668E-1 6.99018E-1 6.72614E-1 6.62632E-1 6.5273E-1 6.42054E-1 6.41723E-1 6.49729E-1 6.77175E-1 6.44416E-1 5.94082E-1 5.293E-1 5.32449E-1 4.7607E-1 4.70927E-1 4.63629E-1 4.77706E-1 6.18668E-1 6.44916E-1 5.22484E-1 6.00941E-1 5.73633E-1 5.57204E-1 5.4474E-1 5.47392E-1 5.41628E-1 4.05939E-1 2.64449E-1 2.05594E-1 2.54047E-1 2.12128E-1 2.05806E-1 2.37181E-1 3.24661E-1 3.99242E-1 4.42587E-1 4.73394E-1 4.7203E-1 4.00081E-1 3.07898E-1 2.3079E-1 1.88523E-1 1.89879E-1
2.19714E-1 2.51553E-1 2.87804E-1 2.62169E-1 2.31314E-1 2.25643E-1 2.58507E-1 2.8716E-1 3.17677E-1 3.44701E-1 3.81037E-1 4.35453E-1 4.82594E-1 5.59695E-1 6.2518E-1 6.56829E-1 6.90104E-1 7.13878E-1 6.97139E-1 6.76995E-1 6.69711E-1 6.4936E-1 6.68886E-1 6.97687E-1 6.37203E-1 6.49366E-1 6.41428E-1 6.49893E-1 6.43384E-1 5.27182E-1 3.81426E-1 3.88973E-1 3.5617E-1 4.14941E-1 4.46964E-1 6.19857E-1 5.86264E-1 4.94369E-1 4.53388E-1 4.11227E-1 4.17946E-1 4.41796E-1 5.3301E-1 4.6628E-1 4.29038E-1 3.86783E-1 2.30711E-1 2.12863E-1 3.21021E-1 3.06949E-1 3.00373E-1 3.5846E-1 4.61693E-1 4.71435E-1 4.77309E-1 5.01637E-1 4.58814E-1 3.48247E-1 2.49055E-1 2.1142E-1 2.06792E-1
2.18036E-1 2.34951E-1 2.40661E-1 2.42297E-1 2.2174E-1 2.17595E-1 2.45179E-1 2.86495E-1 3.21405E-1 3.51253E-1 3.98924E-1 4.3182E-1 4.82272E-1 5.54227E-1 6.27894E-1 6.6247E-1 6.88003E-1 7.03832E-1 6.97007E-1 6.82283E-1 6.63892E-1 6.48297E-1 6.49262E-1 6.67526E-1 6.58479E-1 6.57886E-1 6.24054E-1 6.3591E-1 5.68736E-1 5.79248E-1 3.27438E-1 3.4509E-1 3.3756E-1 3.24062E-1 3.05808E-1 4.22965E-1 4.41424E-1 3.61057E-1 3.58264E-1 4.23829E-1 3.16271E-1 3.48062E-1 4.17204E-1 4.26286E-1 4.03253E-1 3.74722E-1 2.74804E-1 2.52137E-1 3.5773E-1 3.46035E-1 3.09232E-1 3.09139E-1 3.74249E-1 4.90657E-1 5.03748E-1 5.4755E-1 4.94251E-1 3.74006E-1 2.73667E-1 2.31321E-1 2.21419E-1
2.2626E-1 1.98652E-1 1.75244E-1 2.26207E-1 2.10736E-1 2.02227E-1 2.16046E-1 2.5016E-1 3.17678E-1 3.67265E-1 4.36922E-1 4.74319E-1 5.06021E-1 5.44928E-1 6.26831E-1 6.62904E-1 6.84947E-1 6.94516E-1 6.88914E-1 6.8448E-1 6.85574E-1 6.76637E-1 6.80658E-1 6.78679E-1 6.08163E-1 6.15316E-1 6.23493E-1 5.91313E-1 4.84708E-1 4.55262E-1 4.84859E-1 2.91075E-1 3.00982E-1 3.63273E-1 2.8674E-1 3.72927E-1 3.61054E-1 3.55086E-1 3.42955E-1 3.37989E-1 3.1579E-1 3.76055E-1 3.42391E-1 3.85695E-1 3.76587E-1 3.10424E-1 1.83999E-1 1.43102E-1 2.44476E-1 3.33942E-1 3.22256E-1 2.30118E-1 2.30606E-1 3.39056E-1 4.33054E-1 4.95127E-1 4.35533E-1 4.44957E-1 3.95812E-1 2.90684E-1 2.37825E-1
1.62272E-1 1.37572E-1 1.37191E-1 2.23657E-1 2.01051E-1 1.86245E-1 2.12232E-1 2.7007E-1 3.61145E-1 3.92872E-1 4.82321E-1 5.39667E-1 5.32671E-1 5.55384E-1 5.94284E-1 6.28919E-1 6.68916E-1 6.62289E-1 6.55748E-1 6.75348E-1 7.00641E-1 7.55803E-1 7.04683E-1 6.39735E-1 5.87194E-1 5.98692E-1 5.83538E-1 6.08323E-1 5.34231E-1 4.77448E-1 3.30706E-1 3.02614E-1 4.67621E-1 5.13017E-1 2.35731E-1 3.06196E-1 4.22806E-1 4.21119E-1 3.67473E-1 2.13412E-1 1.93488E-1 1.97969E-1 2.5747E-1 2.49992E-1 2.85596E-1 2.79051E-1 1.97797E-1 1.12227E-1 1.38314E-1 1.43526E-1 2.9794E-1 3.13731E-1 1.74846E-1 2.00666E-1 3.14024E-1 3.15094E-1 2.8065E-1 2.82978E-1 2.54221E-1 2.30904E-1 1.98764E-1
2.59464E-1 2.17701E-1 1.31892E-1 1.83568E-1 2.08183E-1 1.89311E-1 2.27842E-1 3.16478E-1 4.23217E-1 5.4722E-1 6.03631E-1 6.16725E-1 6.26354E-1 6.2241E-1 5.90335E-1 4.61859E-1 4.27709E-1 4.3575E-1 5.2907E-1 6.63635E-1 6.81799E-1 6.94139E-1 6.88871E-1 6.25677E-1 5.95015E-1 6.42528E-1 6.12317E-1 5.84803E-1 5.41459E-1 4.54372E-1 5.17976E-1 3.8862E-1 4.99816E-1 3.26299E-1 2.16493E-1 3.26047E-1 4.17788E-1 3.95034E-1 3.47099E-1 2.98805E-1 5.2757E-1 3.38179E-1 1.1089E-1 2.65574E-1 4.10558E-1 4.61903E-1 2.1844E-1 2.62782E-1 3.61616E-1 1.2775E-1 1.38566E-1 3.48121E-1 3.05147E-1 2.11228E-1 3.84195E-1 3.1031E-1 2.54459E-1 1.95974E-1 1.91924E-1 1.78453E-1 1.70857E-1
2.10552E-1 2.29058E-1 2.18198E-1 2.05101E-1 2.08607E-1 2.38767E-1 2.69306E-1 3.29971E-1 4.75159E-1 5.7985E-1 6.59393E-1 7.00797E-1 6.69965E-1 6.61033E-1 6.2322E-1 5.41872E-1 4.34525E-1 5.1152E-1 6.34952E-1 5.95854E-1 6.16177E-1 6.30292E-1 6.49081E-1 6.6588E-1 6.36641E-1 6.17593E-1 5.96222E-1 6.43757E-1 6.17238E-1 4.56415E-1 4.52473E-1 4.69294E-1 4.96657E-1 3.2895E-1 2.5876E-1 4.03814E-1 4.80453E-1 3.30119E-1 2.57038E-1 3.60386E-1 5.12718E-1 2.29217E-1 1.16817E-1 3.29846E-1 3.43503E-1 3.20586E-1 1.93893E-1 3.54058E-1 2.47959E-1 1.11732E-1 1.04113E-1 2.57041E-1 3.06096E-1 2.79092E-1 2.78766E-1 4.09292E-1 4.83006E-1 4.38393E-1 2.67408E-1 2.01622E-1 1.86098E-1
1.94561E-1 2.224E-1 2.43235E-1 2.56618E-1 2.64504E-1 2.74636E-1 2.88508E-1 3.43791E-1 4.57408E-1 6.60619E-1 7.59232E-1 6.9384E-1 6.80123E-1 6.5767E-1 6.26813E-1 6.17512E-1 5.14214E-1 5.58484E-1 5.95779E-1 6.06164E-1 6.03892E-1 5.94629E-1 6.12006E-1 6.49187E-1 6.71764E-1 6.54383E-1 6.1221E-1 5.66125E-1 5.61075E-1 4.73436E-1 4.15984E-1 4.72207E-1 4.92548E-1 3.42553E-1 3.16194E-1 3.5635E-1 4.66453E-1 3.82857E-1 4.32976E-1 5.17827E-1 4.35952E-1 1.88047E-1 1.606E-1 2.03126E-1 3.2485E-1 3.86246E-1 2.24417E-1 1.16151E-1 1.29014E-1 8.84463E-2 1.07699E-1 2.5082E-1 3.08131E-1 4.10196E-1 3.29226E-1 3.49979E-1 5.62333E-1 5.77149E-1 3.13197E-1 2.1741E-1 2.31205E-1
2.20278E-1 2.51413E-1 2.43402E-1 2.37207E-1 2.61334E-1 3.196E-1 4.25493E-1 5.05684E-1 5.65975E-1 7.20634E-1 6.9692E-1 7.13374E-1 6.38802E-1 6.45996E-1 5.70833E-1 5.59442E-1 5.90295E-1 5.95931E-1 5.65528E-1 6.22242E-1 6.06231E-1 5.87837E-1 6.40387E-1 6.30391E-1 6.92533E-1 6.17349E-1 6.07573E-1 6.02291E-1 6.47229E-1 5.16761E-1 4.47614E-1 5.05158E-1 5.34191E-1 4.26121E-1 3.2866E-1 2.87226E-1 3.3716E-1 4.54551E-1 4.30522E-1 2.57353E-1 1.97397E-1 3.76176E-1 2.12471E-1 1.61179E-1 2.07032E-1 1.30969E-1 1.1677E-1 1.16449E-1 1.19729E-1 9.32498E-2 1.1219E-1 1.78022E-1 3.55458E-1 4.49579E-1 3.86014E-1 2.98432E-1 4.49093E-1 4.74086E-1 2.86477E-1 2.24894E-1 2.35445E-1
2.21648E-1 2.10249E-1 2.30799E-1 2.36086E-1 2.4748E-1 2.96328E-1 3.58091E-1 4.62029E-1 6.31315E-1 7.13932E-1 6.72117E-1 6.27589E-1 6.30224E-1 5.61562E-1 5.32433E-1 4.93211E-1 4.8717E-1 5.43111E-1 5.52326E-1 5.80048E-1 6.49781E-1 6.11726E-1 6.49353E-1 6.33662E-1 7.0048E-1 6.30021E-1 5.48019E-1 5.66648E-1 5.87818E-1 5.76342E-1 4.76098E-1 5.0384E-1 4.26021E-1 3.57019E-1 3.90428E-1 3.41287E-1 3.7357E-1 2.00227E-1 1.14178E-1 2.72091E-1 3.31454E-1 2.51611E-1 1.75308E-1 2.43167E-1 3.35234E-1 9.84673E-2 1.72073E-1 1.71285E-1 1.21585E-1 1.41071E-1 1.77016E-1 1.93054E-1 2.51463E-1 4.71253E-1 4.78505E-1 3.05483E-1 2.83838E-1 2.83708E-1 2.76798E-1 2.80477E-1 2.425E-1
2.27995E-1 2.29198E-1 2.75268E-1 2.90792E-1 3.51453E-1 3.17663E-1 3.43813E-1 6.37965E-1 6.96013E-1 6.76663E-1 6.47145E-1 6.19475E-1 5.7165E-1 5.01431E-1 3.6215E-1 4.18337E-1 4.24008E-1 4.95084E-1 6.03452E-1 6.53838E-1 6.55505E-1 6.62433E-1 6.61785E-1 7.09334E-1 6.85316E-1 6.52019E-1 6.0107E-1 5.5711E-1 5.74037E-1 6.01739E-1 5.54738E-1 5.17155E-1 4.5307E-1 3.55129E-1 3.83321E-1 2.79704E-1 2.84458E-1 1.33625E-1 1.1831E-1 3.79642E-1 3.48544E-1 4.71194E-1 1.28071E-1 1.36764E-1 1.00829E-1 1.21004E-1 5.50102E-1 4.82288E-1 2.34435E-1 3.2388E-1 3.95981E-1 4.31392E-1 4.85053E-1 5.04072E-1 4.70354E-1 3.8705E-1 5.17024E-1 4.58178E-1 4.58329E-1 4.79225E-1 3.82372E-1
2.80603E-1 3.44699E-1 4.36041E-1 4.71586E-1 4.55844E-1 4.85941E-1 6.22802E-1 6.64988E-1 6.5234E-1 6.5675E-1 6.18699E-1 5.18891E-1 6.00215E-1 6.78206E-1 6.07291E-1 3.49913E-1 4.02834E-1 5.33289E-1 5.97948E-1 6.36054E-1 5.98617E-1 6.445E-1 5.89804E-1 6.25909E-1 5.86259E-1 6.10448E-1 5.93233E-1 5.80982E-1 5.49094E-1 5.10183E-1 4.88694E-1 4.64875E-1 3.97784E-1 2.90509E-1 2.53692E-1 2.13101E-1 4.10497E-1 1.86098E-1 1.41661E-1 2.78005E-1 3.12021E-1 4.03838E-1 1.05747E-1 8.72188E-2 8.10815E-2 1.10678E-1 2.09094E-1 4.45979E-1 2.28703E-1 4.84196E-1 5.8647E-1 5.88832E-1 5.83563E-1 6.05049E-1 4.89075E-1 4.74883E-1 6.44922E-1 6.21E-1 6.41523E-1 5.24396E-1 4.6396E-1
3.83495E-1 4.26563E-1 5.28513E-1 5.5319E-1 5.57345E-1 5.55689E-1 6.19058E-1 6.10053E-1 5.71212E-1 5.67298E-1 5.71754E-1 3.79883E-1 5.00266E-1 7.20471E-1 7.76523E-1 7.62833E-1 6.26037E-1 5.77519E-1 6.27257E-1 6.89542E-1 5.78521E-1 6.57457E-1 6.25258E-1 6.23345E-1 5.94292E-1 5.74085E-1 6.18624E-1 5.95924E-1 5.71011E-1 5.77956E-1 5.57853E-1 4.40455E-1 3.17544E-1 2.97704E-1 3.72121E-1 1.63998E-1 1.87966E-1 3.47975E-1 1.86139E-1 2.35123E-1 9.9901E-2 1.10606E-1 9.69756E-2 8.77007E-2 1.141E-1 2.87559E-1 1.90097E-1 3.86829E-1 2.59982E-1 4.97063E-1 5.98835E-1 5.31515E-1 6.61297E-1 4.89179E-1 5.29858E-1 6.2363E-1 6.40695E-1 6.39571E-1 5.90845E-1 6.07082E-1 5.96912E-1
4.86178E-1 4.72616E-1 5.35452E-1 5.60013E-1 5.25829E-1 4.93038E-1 5.8568E-1 6.82059E-1 6.14293E-1 7.25428E-1 5.489E-1 2.87453E-1 3.39958E-1 5.10682E-1 6.82785E-1 6.98508E-1 6.28594E-1 5.78866E-1 6.51104E-1 6.22314E-1 5.43881E-1 5.5441E-1 5.94495E-1 6.24868E-1 5.80048E-1 5.87993E-1 6.27699E-1 5.94227E-1 5.49873E-1 4.87119E-1 4.32776E-1 5.26477E-1 4.06687E-1 2.62765E-1 3.11982E-1 1.32031E-1 8.07303E-2 1.81827E-1 2.39985E-1 1.43951E-1 8.0697E-2 9.22985E-2 1.08292E-1 1.18539E-1 1.58817E-1 1.56558E-1 2.08647E-1 4.01299E-1 4.01634E-1 5.0748E-1 6.47362E-1 5.26712E-1 5.69946E-1 6.12057E-1 5.65506E-1 6.52774E-1 6.08432E-1 6.40928E-1 5.99921E-1 6.43129E-1 5.76041E-1
