data/maxent/outputs/white_238.asc
ncols         426
nrows         180
xllcorner     -130.0
yllcorner     24.0
cellsize      0.16666666666666666
NODATA_value  -9999
[rows 54 to 80 of 180, columns 183 to 243 of 426]
1.69109E-1 1.94715E-1 1.81659E-1 1.85292E-1 1.93659E-1 1.90014E-1 1.86982E-1 1.93553E-1 2.14987E-1 2.57288E-1 3.38453E-1 3.50895E-1 3.29955E-1 3.29713E-1 2.86513E-1 3.09287E-1 3.57098E-1 3.76182E-1 3.8567E-1 4.22204E-1 4.15777E-1 4.34424E-1 4.86881E-1 4.99707E-1 4.94604E-1 4.91824E-1 4.69385E-1 4.56452E-1 4.4248E-1 4.7075E-1 5.19877E-1 5.07972E-1 4.69097E-1 4.98666E-1 5.79355E-1 6.43133E-1 6.48073E-1 6.47567E-1 6.28232E-1 5.8298E-1 5.87716E-1 5.49376E-1 5.35951E-1 5.08545E-1 5.05883E-1 5.09547E-1 5.08208E-1 4.97561E-1 5.19756E-1 5.01636E-1 4.71497E-1 4.53953E-1 4.58282E-1 4.69824E-1 4.83427E-1 4.95439E-1 4.94507E-1 4.987E-1 5.15105E-1 5.40922E-1 4.60766E-1
1.54377E-1 1.60765E-1 1.63779E-1 1.71748E-1 1.83534E-1 1.99214E-1 1.88668E-1 1.96498E-1 2.16646E-1 2.45219E-1 3.16446E-1 3.62029E-1 3.1787E-1 2.96122E-1 2.81016E-1 2.94162E-1 3.50302E-1 3.94256E-1 4.57246E-1 4.45761E-1 4.2976E-1 4.42063E-1 4.65718E-1 4.9929E-1 5.20577E-1 4.72975E-1 4.44989E-1 4.06052E-1 4.47058E-1 4.87168E-1 5.08443E-1 4.9221E-1 4.82872E-1 5.21859E-1 5.20294E-1 5.69068E-1 6.2525E-1 6.32415E-1 5.77172E-1 5.6245E-1 5.66002E-1 5.62617E-1 5.43934E-1 5.23685E-1 5.24117E-1 5.1578E-1 5.20322E-1 5.38314E-1 5.34882E-1 5.06535E-1 4.94813E-1 4.59E-1 4.59513E-1 4.61433E-1 4.57279E-1 4.74201E-1 4.82594E-1 5.05516E-1 5.50482E-1 5.12044E-1 4.95301E-1
1.61572E-1 1.63363E-1 1.64574E-1 1.67521E-1 1.91188E-1 1.91639E-1 1.93288E-1 1.90316E-1 2.15927E-1 2.2792E-1 2.83047E-1 3.38813E-1 3.35576E-1 3.09499E-1 3.4332E-1 2.89581E-1 3.16853E-1 3.55758E-1 4.17679E-1 4.44899E-1 4.33001E-1 4.36633E-1 4.61508E-1 4.72445E-1 4.70604E-1 4.54597E-1 4.58541E-1 4.44465E-1 4.45345E-1 4.67579E-1 4.7917E-1 4.82948E-1 4.93685E-1 5.35445E-1 5.05205E-1 5.44014E-1 5.81439E-1 5.85777E-1 5.55769E-1 5.61794E-1 5.5818E-1 5.82898E-1 5.97218E-1 5.61894E-1 5.45826E-1 5.5345E-1 5.32458E-1 5.30037E-1 5.10264E-1 4.9982E-1 5.20059E-1 4.91067E-1 4.4837E-1 4.59469E-1 4.44811E-1 4.53246E-1 4.68565E-1 4.74224E-1 4.7998E-1 5.26167E-1 5.01115E-1
1.61582E-1 1.68059E-1 1.79937E-1 1.83795E-1 1.9151E-1 1.95903E-1 1.8711E-1 2.00171E-1 2.14602E-1 2.26081E-1 2.65724E-1 3.50188E-1 3.62381E-1 3.53953E-1 3.18843E-1 2.74474E-1 2.65099E-1 2.99062E-1 3.53265E-1 3.77899E-1 4.08236E-1 4.43835E-1 4.69472E-1 4.62965E-1 4.51315E-1 4.54284E-1 4.38457E-1 4.46699E-1 4.68018E-1 4.84944E-1 4.71884E-1 4.64282E-1 4.61141E-1 5.07497E-1 5.09685E-1 5.41813E-1 5.99271E-1 5.89388E-1 5.67462E-1 5.64267E-1 5.36204E-1 5.333E-1 5.42523E-1 5.8674E-1 5.8367E-1 5.66921E-1 5.38205E-1 5.47512E-1 4.97965E-1 4.81566E-1 4.8476E-1 4.92084E-1 4.45993E-1 4.22753E-1 4.21034E-1 4.39237E-1 4.78061E-1 4.9954E-1 5.10794E-1 4.8714E-1 5.07003E-1
1.14861E-1 1.34148E-1 1.49559E-1 1.85311E-1 1.92653E-1 1.90718E-1 1.97009E-1 2.01175E-1 2.05876E-1 2.18516E-1 2.48649E-1 3.22619E-1 4.29585E-1 3.59046E-1 3.50836E-1 2.69543E-1 2.54121E-1 2.68192E-1 3.00998E-1 3.54632E-1 3.80102E-1 4.32487E-1 4.74911E-1 4.66647E-1 4.48255E-1 4.45304E-1 4.51169E-1 4.48563E-1 4.61602E-1 4.56806E-1 4.77516E-1 5.00222E-1 4.84534E-1 5.22869E-1 5.62654E-1 5.68142E-1 5.88233E-1 5.87523E-1 5.49477E-1 5.32698E-1 5.43599E-1 5.26539E-1 5.27974E-1 5.29195E-1 5.45883E-1 5.6089E-1 5.39892E-1 5.35604E-1 5.23616E-1 4.91628E-1 4.98035E-1 4.88528E-1 4.51768E-1 4.66605E-1 4.55599E-1 4.61658E-1 4.65722E-1 5.1902E-1 4.83991E-1 4.61996E-1 4.95289E-1
1.09077E-1 1.17283E-1 1.26742E-1 1.48052E-1 1.7912E-1 2.05981E-1 1.85611E-1 2.01539E-1 2.17854E-1 2.24427E-1 2.47544E-1 2.81183E-1 3.34801E-1 3.63163E-1 3.46055E-1 2.88495E-1 2.68463E-1 2.69024E-1 2.7921E-1 3.08738E-1 3.7837E-1 4.2303E-1 4.83787E-1 4.77873E-1 4.67917E-1 4.64905E-1 4.69096E-1 4.56893E-1 4.36675E-1 4.47434E-1 4.49143E-1 4.66529E-1 5.09654E-1 4.9007E-1 5.06284E-1 5.24094E-1 5.35893E-1 5.52164E-1 5.44859E-1 5.31683E-1 5.45388E-1 5.48365E-1 5.47668E-1 5.25053E-1 5.37283E-1 5.49773E-1 5.61295E-1 5.63945E-1 5.3582E-1 5.04977E-1 4.93911E-1 4.87811E-1 4.85284E-1 4.96706E-1 4.83594E-1 4.75756E-1 4.89637E-1 5.20421E-1 4.60103E-1 4.60807E-1 4.74069E-1
1.13945E-1 1.22132E-1 1.21569E-1 1.3968E-1 1.73853E-1 1.78945E-1 1.79669E-1 1.887E-1 2.09863E-1 2.16497E-1 2.33672E-1 2.61692E-1 3.11695E-1 3.63233E-1 3.58885E-1 3.09197E-1 2.83031E-1 2.79095E-1 2.93597E-1 3.24062E-1 3.86758E-1 4.36208E-1 4.44453E-1 4.37861E-1 4.5936E-1 4.55226E-1 4.69136E-1 4.46729E-1 4.4296E-1 4.39497E-1 4.53158E-1 4.77644E-1 4.83465E-1 4.73445E-1 4.72043E-1 4.79794E-1 5.11401E-1 5.25516E-1 5.29411E-1 5.26508E-1 5.27442E-1 5.3762E-1 5.45748E-1 5.48222E-1 5.39606E-1 5.3226E-1 5.52125E-1 5.59868E-1 5.53636E-1 5.55981E-1 5.13949E-1 4.86169E-1 4.76151E-1 4.97482E-1 5.03261E-1 4.92149E-1 4.95796E-1 5.18216E-1 4.75779E-1 4.68086E-1 4.93639E-1
1.28384E-1 1.29969E-1 1.35687E-1 1.44588E-1 1.63842E-1 1.72146E-1 1.8665E-1 1.95917E-1 2.15072E-1 2.08994E-1 2.19987E-1 2.59016E-1 2.94367E-1 3.14036E-1 3.33328E-1 2.98968E-1 2.8999E-1 2.85369E-1 3.01966E-1 3.55533E-1 3.78807E-1 4.17177E-1 4.38004E-1 4.36586E-1 4.38733E-1 4.74414E-1 4.63882E-1 4.22493E-1 4.46586E-1 4.6937E-1 4.97453E-1 4.9268E-1 4.94225E-1 4.64709E-1 4.60267E-1 4.91085E-1 5.12469E-1 5.27595E-1 5.39616E-1 5.56211E-1 5.26934E-1 5.19188E-1 5.42135E-1 5.56202E-1 5.56766E-1 5.51553E-1 5.51485E-1 5.6088E-1 5.62025E-1 5.96023E-1 5.30769E-1 5.01685E-1 4.91335E-1 4.82336E-1 4.8863E-1 4.92487E-1 4.94637E-1 4.98304E-1 4.84572E-1 4.75982E-1 5.11732E-1
1.50175E-1 1.50804E-1 1.4041E-1 1.41221E-1 1.54721E-1 1.80595E-1 1.9978E-1 2.13147E-1 2.09247E-1 2.06092E-1 2.15064E-1 2.41514E-1 2.87628E-1 3.1668E-1 3.20598E-1 3.10984E-1 3.05703E-1 2.78042E-1 2.84139E-1 3.10771E-1 3.45673E-1 3.92852E-1 4.262E-1 4.52942E-1 4.44691E-1 4.30403E-1 4.3437E-1 3.96996E-1 4.12806E-1 4.83489E-1 5.34296E-1 4.85788E-1 4.83756E-1 4.66796E-1 4.92511E-1 4.86975E-1 5.33547E-1 5.5114E-1 5.40701E-1 5.67413E-1 5.5104E-1 5.26055E-1 5.26118E-1 5.5021E-1 5.60909E-1 5.54509E-1 5.26619E-1 5.4689E-1 5.70566E-1 6.18837E-1 5.40899E-1 4.73165E-1 4.66634E-1 5.00326E-1 4.97122E-1 5.00732E-1 5.27371E-1 5.0262E-1 4.89979E-1 4.94411E-1 5.20775E-1
1.66895E-1 1.95148E-1 1.72513E-1 1.42912E-1 1.43599E-1 1.76311E-1 1.99501E-1 2.20913E-1 2.10177E-1 2.04675E-1 2.00258E-1 2.1875E-1 2.58135E-1 2.8599E-1 2.78004E-1 2.62093E-1 2.56639E-1 2.315E-1 2.43978E-1 2.72829E-1 3.14719E-1 3.71643E-1 3.99548E-1 4.1231E-1 4.27969E-1 4.33316E-1 4.6776E-1 3.73109E-1 4.04421E-1 4.42687E-1 4.7069E-1 4.72718E-1 4.59076E-1 4.67024E-1 4.80536E-1 4.88559E-1 5.11398E-1 5.3106E-1 5.35046E-1 5.46168E-1 5.36361E-1 5.33077E-1 5.13348E-1 5.07956E-1 5.28896E-1 5.3447E-1 5.32194E-1 5.36927E-1 5.71768E-1 6.43383E-1 5.96326E-1 5.03442E-1 4.94816E-1 5.07292E-1 5.06545E-1 5.36126E-1 5.51247E-1 5.57196E-1 5.36E-1 5.49402E-1 5.23631E-1
1.95954E-1 1.85965E-1 1.85306E-1 1.94313E-1 1.57299E-1 1.71713E-1 2.06585E-1 2.21283E-1 2.31198E-1 2.1311E-1 1.91588E-1 1.88844E-1 2.32874E-1 2.48406E-1 2.47517E-1 2.44705E-1 2.28259E-1 2.20242E-1 2.43809E-1 2.81599E-1 3.22832E-1 3.60362E-1 3.85571E-1 3.86194E-1 3.84295E-1 3.74662E-1 3.74744E-1 4.03017E-1 4.35722E-1 4.39671E-1 4.56045E-1 4.5272E-1 4.47673E-1 4.85355E-1 5.03612E-1 4.96313E-1 5.02031E-1 5.13238E-1 5.31539E-1 5.2864E-1 5.25932E-1 5.14806E-1 5.07992E-1 5.00911E-1 5.1527E-1 5.31123E-1 5.46175E-1 5.38097E-1 5.62456E-1 5.89386E-1 6.2562E-1 5.35694E-1 5.25028E-1 5.2527E-1 5.35669E-1 5.44795E-1 5.56305E-1 5.619E-1 5.22019E-1 5.38216E-1 5.0186E-1
1.85084E-1 1.85488E-1 1.66457E-1 1.67623E-1 1.98211E-1 2.0093E-1 2.1433E-1 2.24495E-1 2.32186E-1 2.08146E-1 1.94356E-1 1.87055E-1 1.9155E-1 2.29057E-1 2.27418E-1 2.3521E-1 2.40166E-1 2.38254E-1 2.60475E-1 3.04807E-1 3.30456E-1 3.39907E-1 3.44395E-1 3.49826E-1 3.64775E-1 3.6391E-1 3.75698E-1 4.11579E-1 4.37477E-1 4.44224E-1 4.3226E-1 4.34527E-1 4.4814E-1 4.91847E-1 5.25154E-1 5.00556E-1 5.27167E-1 5.02304E-1 5.08116E-1 5.04293E-1 4.9991E-1 5.02776E-1 5.11929E-1 5.12346E-1 5.17053E-1 5.26096E-1 5.30301E-1 5.20675E-1 5.21971E-1 5.65085E-1 5.64644E-1 5.47937E-1 5.32556E-1 5.38308E-1 5.6742E-1 5.88221E-1 6.05295E-1 5.92535E-1 5.78634E-1 5.43617E-1 6.04041E-1
1.69294E-1 1.70167E-1 1.49416E-1 1.44863E-1 1.4912E-1 1.72852E-1 1.97958E-1 1.94518E-1 1.81978E-1 1.79441E-1 1.99145E-1 1.96129E-1 1.76392E-1 1.82639E-1 1.87422E-1 1.99717E-1 2.20661E-1 2.57209E-1 2.71534E-1 2.8691E-1 2.98774E-1 3.09545E-1 3.21819E-1 3.31341E-1 3.47848E-1 3.42567E-1 3.54788E-1 3.81902E-1 4.14528E-1 4.18046E-1 4.18743E-1 4.18987E-1 4.28353E-1 4.39747E-1 4.58272E-1 4.97706E-1 4.90945E-1 4.76955E-1 4.82878E-1 4.82064E-1 4.77598E-1 4.78776E-1 5.07278E-1 5.18948E-1 5.08172E-1 5.04671E-1 5.22342E-1 5.20415E-1 5.01049E-1 5.22212E-1 5.52652E-1 4.99595E-1 4.93594E-1 5.02026E-1 5.29439E-1 5.69428E-1 5.74338E-1 5.69861E-1 5.52394E-1 5.30482E-1 5.25283E-1
1.87096E-1 1.7454E-1 1.63819E-1 1.53913E-1 1.60104E-1 1.64292E-1 1.83161E-1 1.78702E-1 1.72227E-1 1.76576E-1 1.69069E-1 1.57105E-1 1.66165E-1 1.80338E-1 1.93725E-1 1.88661E-1 2.06593E-1 2.5677E-1 2.71145E-1 2.67854E-1 2.86585E-1 2.97763E-1 3.1755E-1 3.2433E-1 3.24717E-1 3.25144E-1 3.14445E-1 3.54189E-1 3.79747E-1 3.98372E-1 4.2281E-1 4.31202E-1 4.20325E-1 4.3125E-1 4.5263E-1 4.82348E-1 4.96283E-1 5.11636E-1 4.79176E-1 4.73314E-1 4.75249E-1 4.74254E-1 4.98207E-1 4.96693E-1 4.99558E-1 4.92837E-1 4.78001E-1 5.03996E-1 5.10697E-1 5.19036E-1 5.47889E-1 5.32685E-1 5.2083E-1 5.23369E-1 5.2655E-1 5.50213E-1 5.64202E-1 5.67705E-1 5.68975E-1 5.47559E-1 5.29826E-1
1.91301E-1 1.83863E-1 1.64381E-1 1.57296E-1 1.62703E-1 1.66321E-1 1.74597E-1 1.74792E-1 1.68163E-1 1.72014E-1 1.5814E-1 1.40186E-1 1.73741E-1 1.91011E-1 1.94641E-1 2.10466E-1 2.28004E-1 2.33977E-1 2.68275E-1 2.63395E-1 2.72288E-1 2.86764E-1 3.12852E-1 3.35753E-1 3.15634E-1 3.21475E-1 3.01653E-1 3.18369E-1 3.46921E-1 3.7059E-1 3.95295E-1 4.06578E-1 4.02627E-1 4.19236E-1 4.3679E-1 4.63629E-1 4.76745E-1 4.90134E-1 4.79354E-1 4.62595E-1 4.64266E-1 4.60865E-1 4.77286E-1 4.60426E-1 4.83094E-1 4.84054E-1 4.58106E-1 4.70656E-1 4.75071E-1 4.97947E-1 5.19206E-1 5.45271E-1 5.78068E-1 5.58193E-1 5.27944E-1 5.48248E-1 5.49378E-1 5.5397E-1 5.61849E-1 5.53603E-1 5.41336E-1
1.8802E-1 1.83645E-1 1.77375E-1 1.67158E-1 1.63883E-1 1.63666E-1 1.73197E-1 1.74114E-1 1.71321E-1 1.77605E-1 1.76638E-1 1.73962E-1 2.08209E-1 2.1906E-1 2.14679E-1 2.28838E-1 2.31725E-1 2.316E-1 2.4499E-1 2.48083E-1 2.73652E-1 2.91267E-1 3.16733E-1 3.35678E-1 3.18888E-1 3.14754E-1 3.1015E-1 3.17701E-1 3.21047E-1 3.39193E-1 3.60267E-1 3.92083E-1 4.09149E-1 4.00573E-1 4.16227E-1 4.2907E-1 4.47204E-1 4.62131E-1 4.74646E-1 4.55652E-1 4.38224E-1 4.34999E-1 4.55845E-1 4.58316E-1 4.53527E-1 4.51813E-1 4.63442E-1 4.60743E-1 4.79237E-1 5.05879E-1 5.22634E-1 5.45409E-1 5.76944E-1 6E-1 5.76469E-1 5.82179E-1 5.7181E-1 5.53302E-1 5.57362E-1 5.52521E-1 5.41233E-1
1.76418E-1 1.7411E-1 1.65265E-1 1.68119E-1 1.65745E-1 1.59087E-1 1.6244E-1 1.64089E-1 1.75923E-1 1.83954E-1 1.98072E-1 2.10149E-1 2.20846E-1 2.51971E-1 2.40439E-1 2.38599E-1 2.35933E-1 2.34055E-1 2.87869E-1 2.42582E-1 2.5039E-1 3.01951E-1 2.96798E-1 3.18165E-1 3.33204E-1 3.28712E-1 3.37614E-1 3.1987E-1 3.22325E-1 3.22879E-1 3.3885E-1 3.48053E-1 3.80862E-1 3.96259E-1 3.79515E-1 4.02339E-1 4.23721E-1 4.31548E-1 4.41549E-1 4.37059E-1 4.32779E-1 4.27136E-1 4.29741E-1 4.30863E-1 4.30959E-1 4.51107E-1 4.57046E-1 4.79254E-1 4.96558E-1 5.02179E-1 5.5072E-1 5.68738E-1 5.59376E-1 5.61223E-1 5.84942E-1 5.70542E-1 5.73808E-1 5.69814E-1 5.57064E-1 5.53218E-1 5.43316E-1
1.56716E-1 1.63376E-1 1.66041E-1 1.62934E-1 1.66794E-1 1.56985E-1 1.55656E-1 1.65154E-1 1.71712E-1 1.86969E-1 1.91049E-1 2.01709E-1 2.24508E-1 2.53863E-1 2.43799E-1 2.45023E-1 2.48415E-1 2.46663E-1 2.60822E-1 2.7153E-1 2.52192E-1 3.14956E-1 3.12426E-1 3.32198E-1 3.5154E-1 3.57765E-1 3.45404E-1 3.33971E-1 3.34285E-1 3.4809E-1 3.45251E-1 3.42064E-1 3.55465E-1 4.05643E-1 3.66313E-1 3.90568E-1 4.03296E-1 4.3105E-1 4.33057E-1 4.49112E-1 4.37582E-1 4.30745E-1 4.30957E-1 4.27204E-1 4.34242E-1 4.53904E-1 4.84656E-1 4.64044E-1 5.02839E-1 5.45345E-1 5.39419E-1 5.52696E-1 5.46772E-1 5.49421E-1 5.41856E-1 5.77218E-1 5.84177E-1 5.46669E-1 5.49922E-1 5.52995E-1 5.67272E-1
1.5861E-1 1.56319E-1 1.57423E-1 1.51585E-1 1.57555E-1 1.52026E-1 1.49077E-1 1.49564E-1 1.68614E-1 1.71458E-1 1.8171E-1 1.90244E-1 2.04684E-1 2.35263E-1 2.53911E-1 2.63709E-1 2.66015E-1 2.6171E-1 2.63061E-1 2.73387E-1 2.71662E-1 3.30723E-1 3.31792E-1 3.51414E-1 3.64694E-1 3.73786E-1 3.63967E-1 3.58541E-1 3.56981E-1 3.48631E-1 3.51478E-1 3.4925E-1 3.2753E-1 3.65659E-1 3.65418E-1 4.03401E-1 4.27501E-1 4.38827E-1 4.31766E-1 4.34403E-1 4.20504E-1 4.45836E-1 4.58137E-1 4.46488E-1 4.50971E-1 4.45509E-1 4.59028E-1 5.2437E-1 5.39325E-1 5.34633E-1 5.2466E-1 5.32595E-1 5.28354E-1 5.23051E-1 5.3229E-1 5.52775E-1 5.79165E-1 5.574E-1 5.52358E-1 5.58559E-1 6.00292E-1
1.7078E-1 1.75994E-1 1.62102E-1 1.63913E-1 1.63099E-1 1.5035E-1 1.51222E-1 1.50203E-1 1.56692E-1 1.64781E-1 1.77106E-1 1.8888E-1 2.12043E-1 2.48435E-1 2.62899E-1 2.6181E-1 2.70163E-1 2.6522E-1 2.68315E-1 2.70362E-1 2.65023E-1 3.25101E-1 3.37261E-1 3.3965E-1 3.49965E-1 3.43003E-1 3.65873E-1 3.6976E-1 3.85775E-1 3.99752E-1 3.9931E-1 3.58306E-1 3.48618E-1 3.53361E-1 4.20631E-1 4.4523E-1 4.49763E-1 4.69626E-1 4.50781E-1 4.33399E-1 4.53445E-1 4.35563E-1 4.40031E-1 4.46253E-1 4.52224E-1 4.72953E-1 5.11876E-1 5.62873E-1 5.55636E-1 5.64387E-1 5.49999E-1 5.44298E-1 5.51112E-1 5.49055E-1 5.6088E-1 5.62446E-1 5.58951E-1 5.49708E-1 5.49891E-1 5.45212E-1 5.55665E-1
1.58053E-1 1.65872E-1 1.58184E-1 1.60352E-1 1.59588E-1 1.54655E-1 1.48136E-1 1.54272E-1 1.58801E-1 1.75812E-1 2.00786E-1 2.10011E-1 2.25536E-1 2.42653E-1 2.46961E-1 2.51679E-1 2.62456E-1 2.72729E-1 2.85257E-1 2.86874E-1 2.94828E-1 3.00623E-1 3.2906E-1 3.32899E-1 3.31521E-1 3.39623E-1 3.55876E-1 3.81779E-1 4.00156E-1 4.28036E-1 4.15866E-1 4.01028E-1 3.92744E-1 4.05176E-1 4.36367E-1 4.86535E-1 5.17915E-1 5.20053E-1 5.09128E-1 4.53478E-1 4.46385E-1 4.55131E-1 4.30284E-1 4.39722E-1 4.52622E-1 4.64727E-1 5.00433E-1 5.28677E-1 5.24904E-1 5.3805E-1 5.75425E-1 5.65673E-1 5.64804E-1 5.82073E-1 6.08412E-1 5.9371E-1 5.44752E-1 5.23857E-1 5.35373E-1 5.43072E-1 5.5054E-1
1.37977E-1 1.5712E-1 1.61874E-1 1.74842E-1 1.63288E-1 1.54712E-1 1.58875E-1 1.62442E-1 1.83035E-1 2.10032E-1 2.25769E-1 2.1786E-1 2.35337E-1 2.38923E-1 2.46368E-1 2.76968E-1 2.73673E-1 2.91577E-1 2.95508E-1 2.83927E-1 3.25091E-1 3.50457E-1 3.3257E-1 3.31177E-1 3.24139E-1 3.44416E-1 3.53377E-1 3.72396E-1 3.89841E-1 3.99995E-1 4.01542E-1 3.87339E-1 4.00113E-1 4.08843E-1 4.28583E-1 4.63969E-1 5.3147E-1 5.75081E-1 6.01489E-1 5.24477E-1 4.68859E-1 4.45943E-1 4.30564E-1 4.38636E-1 4.60261E-1 4.69398E-1 4.9757E-1 5.35924E-1 5.40027E-1 5.6139E-1 5.65751E-1 6.17609E-1 6.13783E-1 6.16639E-1 5.90372E-1 5.67433E-1 5.56416E-1 5.48545E-1 5.42279E-1 5.32005E-1 5.37938E-1
1.29496E-1 1.42771E-1 1.63607E-1 1.74113E-1 1.59745E-1 1.53386E-1 1.59435E-1 1.80302E-1 1.88948E-1 2.09197E-1 2.27198E-1 2.33639E-1 2.30936E-1 2.38376E-1 2.57022E-1 2.6017E-1 2.4607E-1 2.44814E-1 2.84817E-1 3.04208E-1 3.22322E-1 3.71687E-1 3.48458E-1 3.17201E-1 3.24445E-1 3.43307E-1 3.60294E-1 3.77926E-1 3.92535E-1 4.01052E-1 4.04198E-1 4.11915E-1 4.21361E-1 4.29409E-1 4.33214E-1 4.68931E-1 5.15761E-1 5.35279E-1 6.08071E-1 5.51509E-1 5.13577E-1 4.57693E-1 4.52418E-1 4.55606E-1 4.60887E-1 4.82118E-1 4.96271E-1 5.10994E-1 5.35027E-1 5.46029E-1 5.77149E-1 5.57874E-1 5.68233E-1 5.93472E-1 5.84206E-1 5.65312E-1 5.66918E-1 5.78936E-1 5.5541E-1 5.50507E-1 5.85531E-1
1.20696E-1 1.33089E-1 1.38709E-1 1.45468E-1 1.59582E-1 1.58191E-1 1.66229E-1 1.87112E-1 2.21019E-1 2.31418E-1 2.26601E-1 2.32024E-1 2.25491E-1 2.25712E-1 2.25586E-1 2.40038E-1 2.39937E-1 2.35708E-1 2.56097E-1 3.00673E-1 3.13296E-1 3.28342E-1 3.46557E-1 3.18805E-1 3.21916E-1 3.38678E-1 3.63019E-1 3.80825E-1 4.07765E-1 3.94899E-1 4.04197E-1 4.3587E-1 4.31724E-1 4.37991E-1 4.36316E-1 4.52793E-1 5.06024E-1 5.41499E-1 5.51449E-1 5.42909E-1 5.11112E-1 4.80796E-1 4.60127E-1 4.47087E-1 4.67182E-1 5.02598E-1 5.36054E-1 5.29014E-1 5.19294E-1 5.53097E-1 5.79862E-1 5.84814E-1 5.5816E-1 5.74147E-1 5.88421E-1 5.73894E-1 5.92948E-1 5.52267E-1 5.46792E-1 5.39117E-1 5.95639E-1
1.14684E-1 1.25738E-1 1.31913E-1 1.43794E-1 1.43908E-1 1.50567E-1 1.81759E-1 2.12316E-1 2.18402E-1 2.21551E-1 2.21651E-1 2.30018E-1 2.19919E-1 2.189E-1 2.12322E-1 2.35211E-1 2.33169E-1 2.45345E-1 2.58016E-1 2.90622E-1 3.02014E-1 3.14332E-1 3.6111E-1 3.08918E-1 3.21082E-1 3.3997E-1 3.58505E-1 3.82374E-1 3.90956E-1 3.8587E-1 3.94778E-1 4.17028E-1 4.42824E-1 4.3743E-1 4.37403E-1 4.37382E-1 4.511E-1 4.986E-1 5.27202E-1 5.39467E-1 5.01123E-1 4.90419E-1 4.9511E-1 4.95592E-1 4.88941E-1 5.13477E-1 5.37354E-1 5.44985E-1 5.57575E-1 5.69129E-1 5.9361E-1 5.92332E-1 5.82008E-1 5.93671E-1 5.93205E-1 5.96276E-1 6.06968E-1 5.68948E-1 5.74174E-1 5.81866E-1 6.30289E-1
1.16781E-1 1.24537E-1 1.28108E-1 1.3156E-1 1.46111E-1 1.65049E-1 1.90724E-1 1.91261E-1 2.00493E-1 2.07375E-1 2.06644E-1 2.20908E-1 2.10884E-1 2.13468E-1 2.10349E-1 2.26067E-1 2.50165E-1 3.02116E-1 2.83674E-1 2.70392E-1 2.92053E-1 3.09488E-1 3.31396E-1 3.22672E-1 3.24251E-1 3.35185E-1 3.543E-1 3.82083E-1 3.97036E-1 4.00295E-1 4.05307E-1 4.23393E-1 4.30171E-1 4.43523E-1 4.54384E-1 4.50654E-1 4.57984E-1 4.75055E-1 4.97607E-1 4.86658E-1 4.75379E-1 4.87304E-1 4.80541E-1 5.01619E-1 5.21044E-1 5.29258E-1 5.16867E-1 5.12857E-1 5.59078E-1 5.64451E-1 5.99826E-1 5.59352E-1 5.6151E-1 5.59752E-1 5.66699E-1 5.71653E-1 5.85748E-1 5.81452E-1 5.97854E-1 6.19991E-1 5.9701E-1
1.13381E-1 1.12258E-1 1.22564E-1 1.26541E-1 1.31697E-1 1.44622E-1 1.68165E-1 1.75388E-1 1.8391E-1 1.86128E-1 1.85808E-1 1.93923E-1 2.00888E-1 2.09264E-1 2.06953E-1 2.22158E-1 2.41458E-1 2.73519E-1 2.99992E-1 2.71157E-1 2.74454E-1 3.09405E-1 3.30283E-1 3.37151E-1 3.26979E-1 3.3322E-1 3.56749E-1 3.83818E-1 4.01763E-1 4.05852E-1 4.15101E-1 4.29851E-1 4.31025E-1 4.45487E-1 4.6355E-1 4.94023E-1 5.07561E-1 5.11397E-1 5.1597E-1 5.23139E-1 5.32497E-1 5.14533E-1 5.04367E-1 5.05367E-1 5.08391E-1 5.18736E-1 5.37954E-1 5.45306E-1 5.77974E-1 5.5626E-1 5.5689E-1 5.56869E-1 5.48871E-1 5.46525E-1 5.65518E-1 5.99957E-1 6.05915E-1 6.09754E-1 5.89062E-1 6.0339E-1 5.77744E-1
