data/maxent/outputs/white_98.asc
ncols         426
nrows         180
xllcorner     -130.0
yllcorner     24.0
cellsize      0.16666666666666666
NODATA_value  -9999
[rows 135 to 161 of 180, columns 183 to 243 of 426]
4.0746E-1 4.32669E-1 4.40309E-1 4.4748E-1 4.62198E-1 4.80961E-1 5.00378E-1 5.13158E-1 5.52675E-1 5.84239E-1 6.22668E-1 6.60315E-1 6.95556E-1 7.21495E-1 7.26748E-1 7.30332E-1 7.33766E-1 7.29225E-1 7.32841E-1 7.21404E-1 7.06999E-1 7.36925E-1 7.51217E-1 7.58097E-1 7.58247E-1 7.64198E-1 7.64511E-1 7.55372E-1 7.51778E-1 7.36873E-1 7.24262E-1 7.02267E-1 6.83178E-1 6.95773E-1 7.48025E-1 7.28445E-1 7.04433E-1 6.99453E-1 6.97606E-1 6.94475E-1 7.12713E-1 7.16332E-1 7.2514E-1 7.04658E-1 7.07662E-1 7.01231E-1 6.90974E-1 6.84565E-1 6.7903E-1 6.5263E-1 6.44961E-1 6.47941E-1 6.4017E-1 6.29537E-1 6.20303E-1 6.1416E-1 6.17729E-1 6.16832E-1 6.33067E-1 6.40443E-1 6.45834E-1
3.93248E-1 4.14878E-1 4.23246E-1 4.34918E-1 4.41681E-1 4.69229E-1 5.09109E-1 5.34983E-1 5.71832E-1 6.0026E-1 6.40179E-1 6.9266E-1 7.24194E-1 7.23929E-1 7.3412E-1 7.3732E-1 7.44271E-1 7.39789E-1 7.30835E-1 7.21602E-1 7.15197E-1 7.34346E-1 7.4727E-1 7.60738E-1 7.61356E-1 7.62023E-1 7.5428E-1 7.52944E-1 7.43169E-1 7.17846E-1 7.34096E-1 7.38013E-1 7.07165E-1 7.04648E-1 7.34375E-1 7.45243E-1 7.14675E-1 6.96757E-1 6.93714E-1 6.99899E-1 7.20163E-1 7.42219E-1 7.37175E-1 7.1095E-1 7.03809E-1 7.13296E-1 7.09804E-1 7.18687E-1 7.03183E-1 6.75277E-1 6.68784E-1 6.56039E-1 6.4742E-1 6.48107E-1 6.44147E-1 6.30482E-1 6.2601E-1 6.2871E-1 6.3867E-1 6.48718E-1 6.58079E-1
3.75325E-1 3.88368E-1 4.18427E-1 4.42745E-1 4.6093E-1 4.76742E-1 5.20559E-1 5.56627E-1 5.91082E-1 6.28339E-1 6.60094E-1 7.17581E-1 7.36774E-1 7.30936E-1 7.40782E-1 7.48755E-1 7.54133E-1 7.43331E-1 7.32968E-1 7.25209E-1 7.06366E-1 7.14302E-1 7.28584E-1 7.51467E-1 7.55894E-1 7.47499E-1 7.37473E-1 7.26568E-1 7.21264E-1 7.05142E-1 6.87501E-1 7.06296E-1 7.33973E-1 7.14909E-1 7.19641E-1 7.12877E-1 7.03472E-1 6.99688E-1 7.15754E-1 7.06723E-1 7.11846E-1 7.44804E-1 7.42718E-1 7.34966E-1 7.20844E-1 7.30036E-1 7.34968E-1 7.50395E-1 7.2728E-1 6.9367E-1 6.79825E-1 6.64957E-1 6.66885E-1 6.57281E-1 6.52245E-1 6.39533E-1 6.36557E-1 6.38827E-1 6.49326E-1 6.62421E-1 6.574E-1
3.74632E-1 3.92335E-1 4.16835E-1 4.38343E-1 4.52804E-1 4.9374E-1 5.39145E-1 5.74938E-1 5.97612E-1 6.38759E-1 6.88344E-1 7.08879E-1 7.21693E-1 7.38732E-1 7.53406E-1 7.61136E-1 7.5612E-1 7.46776E-1 7.31884E-1 7.22605E-1 7.06454E-1 6.92783E-1 7.15285E-1 7.31246E-1 7.41663E-1 7.49496E-1 7.19186E-1 7.05072E-1 7.01696E-1 6.83418E-1 6.70939E-1 6.64107E-1 6.84833E-1 7.06127E-1 7.16922E-1 7.12477E-1 7.07318E-1 6.95661E-1 7.03077E-1 6.99346E-1 7.09782E-1 7.42097E-1 7.54244E-1 7.49837E-1 7.48581E-1 7.60362E-1 7.65198E-1 7.72652E-1 7.52642E-1 7.27449E-1 7.1033E-1 6.96809E-1 6.83604E-1 6.711E-1 6.61706E-1 6.47999E-1 6.42256E-1 6.46253E-1 6.6114E-1 6.70649E-1 6.60755E-1
3.62449E-1 3.80883E-1 3.98464E-1 4.32985E-1 4.69035E-1 5.07221E-1 5.55122E-1 5.78286E-1 6.04049E-1 6.428E-1 6.93567E-1 7.03334E-1 7.24254E-1 7.41559E-1 7.58968E-1 7.63554E-1 7.55616E-1 7.49222E-1 7.47021E-1 7.27861E-1 7.11557E-1 6.9497E-1 6.99398E-1 7.1593E-1 7.14778E-1 7.28746E-1 7.64205E-1 6.97333E-1 6.82307E-1 6.65775E-1 6.5447E-1 6.58613E-1 6.81489E-1 7.07895E-1 7.2063E-1 7.22796E-1 7.23475E-1 7.10591E-1 7.15946E-1 7.13736E-1 7.26921E-1 7.50618E-1 7.78645E-1 7.83657E-1 7.80186E-1 7.84707E-1 7.93896E-1 7.89478E-1 7.77894E-1 7.48137E-1 7.276E-1 7.17082E-1 6.95475E-1 6.8682E-1 6.83398E-1 6.6825E-1 6.60463E-1 6.55469E-1 6.64447E-1 6.71573E-1 6.63392E-1
3.74406E-1 4.0239E-1 4.26965E-1 4.67901E-1 5.02384E-1 5.30055E-1 5.60392E-1 5.88732E-1 6.31267E-1 6.56586E-1 6.82944E-1 6.91954E-1 7.14218E-1 7.32518E-1 7.55008E-1 7.56366E-1 7.54242E-1 7.5075E-1 7.46327E-1 7.32696E-1 7.15356E-1 6.9544E-1 6.96285E-1 7.13753E-1 7.01427E-1 6.94235E-1 7.08293E-1 6.90603E-1 6.85368E-1 6.70168E-1 6.61483E-1 6.7412E-1 6.95236E-1 7.11733E-1 7.31383E-1 7.38226E-1 7.40194E-1 7.40064E-1 7.38906E-1 7.4252E-1 7.58398E-1 7.83972E-1 8.11203E-1 8.05039E-1 7.94394E-1 8.05116E-1 8.10919E-1 7.98702E-1 7.84217E-1 7.76832E-1 7.47722E-1 7.20974E-1 6.87242E-1 6.82764E-1 6.89651E-1 6.83093E-1 6.79672E-1 6.67661E-1 6.59077E-1 6.59852E-1 6.50791E-1
3.94813E-1 4.28119E-1 4.59478E-1 4.96545E-1 5.28133E-1 5.47878E-1 5.6901E-1 5.95164E-1 6.39547E-1 6.70616E-1 6.90715E-1 6.83895E-1 7.04648E-1 7.29456E-1 7.45786E-1 7.51553E-1 7.47146E-1 7.46127E-1 7.33128E-1 7.23064E-1 7.08253E-1 6.94662E-1 7.05773E-1 7.47734E-1 7.15041E-1 7.04577E-1 7.05025E-1 7.04208E-1 7.05153E-1 6.93572E-1 6.99775E-1 7.06907E-1 7.17577E-1 7.18855E-1 7.34183E-1 7.37812E-1 7.50208E-1 7.61293E-1 7.63372E-1 7.73794E-1 7.84758E-1 7.98967E-1 8.15616E-1 8.06146E-1 7.81067E-1 7.86978E-1 7.94865E-1 7.90223E-1 7.67723E-1 7.77127E-1 7.79599E-1 7.25792E-1 6.73378E-1 6.70187E-1 7.04689E-1 7.11675E-1 7.17372E-1 6.74862E-1 6.70518E-1 6.6605E-1 6.72258E-1
4.0869E-1 4.31715E-1 4.60242E-1 4.86538E-1 5.29378E-1 5.68963E-1 5.94337E-1 6.16273E-1 6.44274E-1 6.57997E-1 6.87136E-1 6.84076E-1 7.01757E-1 7.24479E-1 7.38409E-1 7.48775E-1 7.39493E-1 7.4198E-1 7.15932E-1 7.07238E-1 7.00946E-1 6.95645E-1 7.08374E-1 7.31732E-1 7.506E-1 7.28006E-1 7.31658E-1 7.26802E-1 7.22311E-1 7.15788E-1 7.27457E-1 7.38125E-1 7.39854E-1 7.24819E-1 7.32056E-1 7.41625E-1 7.56414E-1 7.78214E-1 7.69644E-1 7.76418E-1 7.87945E-1 7.93815E-1 7.9267E-1 7.78622E-1 7.63002E-1 7.53419E-1 7.56602E-1 7.45713E-1 7.41665E-1 7.45648E-1 7.42132E-1 7.29977E-1 7.0659E-1 7.31861E-1 7.46531E-1 6.87745E-1 6.92689E-1 7.40492E-1 7.31162E-1 7.08809E-1 7.09519E-1
4.25617E-1 4.59524E-1 4.94268E-1 5.21057E-1 5.61908E-1 6.04282E-1 6.12723E-1 6.30392E-1 6.53478E-1 6.59675E-1 6.68459E-1 6.90487E-1 6.99803E-1 7.10642E-1 7.20468E-1 7.33993E-1 7.26909E-1 7.04628E-1 6.99396E-1 6.98554E-1 7.03405E-1 6.94731E-1 7.04886E-1 7.48934E-1 7.56189E-1 7.52268E-1 7.36868E-1 7.24163E-1 7.18001E-1 7.29565E-1 7.42496E-1 7.5061E-1 7.65638E-1 7.49811E-1 7.45015E-1 7.41443E-1 7.38394E-1 7.41936E-1 7.50062E-1 7.61857E-1 7.72517E-1 7.6912E-1 7.50535E-1 7.2397E-1 7.04007E-1 6.93798E-1 6.88444E-1 6.87211E-1 7.00301E-1 7.12285E-1 7.27719E-1 7.30851E-1 7.22964E-1 7.21152E-1 7.41721E-1 7.36906E-1 6.98689E-1 7.35647E-1 7.30084E-1 7.25845E-1 6.98377E-1
4.40877E-1 4.75508E-1 5.06814E-1 5.50942E-1 5.72027E-1 5.97588E-1 6.24318E-1 6.58407E-1 6.69527E-1 6.75632E-1 6.73381E-1 6.88119E-1 7.00409E-1 7.039E-1 7.15709E-1 7.23545E-1 7.17034E-1 6.94141E-1 6.94304E-1 7.00658E-1 7.10443E-1 7.03627E-1 7.12582E-1 7.6025E-1 7.50096E-1 7.29371E-1 7.13714E-1 7.09037E-1 7.14865E-1 7.2822E-1 7.38969E-1 7.41818E-1 7.34211E-1 7.32232E-1 7.15304E-1 7.05326E-1 6.93593E-1 6.77944E-1 7.09258E-1 7.2252E-1 7.01927E-1 7.09724E-1 6.86567E-1 6.60634E-1 6.51988E-1 6.45017E-1 6.34364E-1 6.3057E-1 6.34694E-1 6.61419E-1 6.89259E-1 6.89473E-1 6.9952E-1 7.2237E-1 7.05548E-1 7.19689E-1 7.41946E-1 7.22275E-1 7.18087E-1 7.11864E-1 6.95195E-1
4.60096E-1 4.73293E-1 4.98E-1 5.67586E-1 6.0368E-1 6.11333E-1 6.41149E-1 6.62754E-1 6.66494E-1 6.69466E-1 6.81348E-1 6.87379E-1 6.9322E-1 7.09975E-1 7.23784E-1 7.04851E-1 6.93959E-1 6.82805E-1 6.837E-1 6.98407E-1 7.17217E-1 7.14532E-1 7.37524E-1 7.56536E-1 7.41875E-1 7.29735E-1 7.21101E-1 7.25047E-1 7.18629E-1 7.18403E-1 7.23658E-1 7.14926E-1 7.05462E-1 6.99903E-1 6.95234E-1 6.91148E-1 6.87366E-1 6.91179E-1 6.88368E-1 6.86406E-1 6.81307E-1 6.74044E-1 6.73637E-1 6.64643E-1 6.65176E-1 6.53047E-1 6.41444E-1 6.30033E-1 6.27182E-1 6.27965E-1 6.27532E-1 6.42344E-1 6.49284E-1 6.62408E-1 6.71914E-1 6.93942E-1 7.00168E-1 7.06546E-1 6.89628E-1 7.0205E-1 6.65652E-1
4.59371E-1 4.90768E-1 5.31735E-1 5.6525E-1 5.92096E-1 6.33139E-1 6.48741E-1 6.44879E-1 6.60471E-1 6.79608E-1 6.90688E-1 6.90003E-1 7.02476E-1 7.20945E-1 7.20765E-1 7.08018E-1 6.99113E-1 6.87946E-1 6.96588E-1 7.08679E-1 7.12462E-1 7.07165E-1 7.14741E-1 7.29782E-1 7.27584E-1 7.28016E-1 7.26834E-1 6.92403E-1 6.86832E-1 6.91313E-1 6.88269E-1 7.05303E-1 7.02009E-1 -9999 -9999 -9999 -9999 -9999 -9999 6.89546E-1 6.86349E-1 6.83447E-1 6.78758E-1 6.73331E-1 6.70804E-1 6.63945E-1 6.59927E-1 6.40506E-1 6.36708E-1 6.32343E-1 6.33136E-1 6.35475E-1 6.35748E-1 6.39025E-1 6.53471E-1 6.70836E-1 6.55142E-1 6.76815E-1 6.72808E-1 6.0726E-1 6.16984E-1
4.57801E-1 5.0049E-1 5.33593E-1 5.3574E-1 5.61634E-1 6.13201E-1 6.2944E-1 6.30611E-1 6.45167E-1 6.64425E-1 6.6933E-1 6.80644E-1 7.01332E-1 7.15475E-1 7.21916E-1 7.25792E-1 7.16712E-1 7.06903E-1 7.04237E-1 7.06706E-1 7.09228E-1 7.11888E-1 6.99838E-1 7.05382E-1 7.17379E-1 7.25729E-1 7.31561E-1 6.69022E-1 5.79664E-1 5.87611E-1 -9999 -9999 -9999 -9999 -9999 -9999 -9999 -9999 -9999 -9999 -9999 -9999 -9999 -9999 -9999 6.63738E-1 6.63161E-1 -9999 6.11527E-1 6.43248E-1 6.4421E-1 6.45898E-1 6.50046E-1 6.22766E-1 6.18485E-1 6.46548E-1 5.91015E-1 6.03398E-1 6.03235E-1 6.04259E-1 6.19065E-1
4.68547E-1 5.03758E-1 5.24485E-1 5.23831E-1 5.28286E-1 5.63565E-1 5.95257E-1 6.17132E-1 6.22736E-1 6.37463E-1 6.55328E-1 6.71474E-1 6.8965E-1 7.07828E-1 7.19996E-1 7.33179E-1 7.31967E-1 7.24163E-1 7.18871E-1 7.08195E-1 7.21143E-1 7.25227E-1 7.13983E-1 7.17369E-1 7.14432E-1 7.24678E-1 7.09141E-1 5.82751E-1 5.35522E-1 -9999 -9999 -9999 -9999 -9999 -9999 -9999 -9999 -9999 -9999 -9999 -9999 -9999 -9999 -9999 -9999 -9999 -9999 -9999 5.37517E-1 6.37527E-1 6.30705E-1 5.95272E-1 6.17179E-1 5.92856E-1 5.94256E-1 5.86031E-1 5.343E-1 4.85931E-1 5.20153E-1 5.1795E-1 5.59962E-1
4.56029E-1 4.79369E-1 4.92008E-1 4.93289E-1 5.0832E-1 5.33482E-1 5.5097E-1 5.82847E-1 6.01039E-1 6.2244E-1 6.48788E-1 6.5687E-1 6.72069E-1 6.97578E-1 7.14834E-1 7.27123E-1 7.41594E-1 7.40264E-1 7.31987E-1 7.25857E-1 7.40789E-1 7.3868E-1 7.311E-1 7.18982E-1 7.1844E-1 7.03768E-1 5.48952E-1 -9999 -9999 -9999 -9999 -9999 -9999 -9999 -9999 -9999 -9999 -9999 -9999 -9999 -9999 -9999 -9999 -9999 -9999 -9999 -9999 -9999 -9999 -9999 -9999 5.61409E-1 5.40982E-1 4.60381E-1 4.2863E-1 5.60675E-1 5.48162E-1 -9999 -9999 -9999 5.73694E-1
4.45227E-1 4.57519E-1 4.5854E-1 4.62558E-1 4.84933E-1 5.11245E-1 5.34899E-1 5.66749E-1 5.84989E-1 6.03648E-1 6.20517E-1 6.44647E-1 6.58421E-1 6.81553E-1 7.0095E-1 7.25175E-1 7.43833E-1 7.58482E-1 7.52598E-1 7.48894E-1 7.49485E-1 7.48531E-1 7.39731E-1 7.33258E-1 7.30939E-1 6.74643E-1 -9999 -9999 -9999 -9999 -9999 -9999 -9999 -9999 -9999 -9999 -9999 -9999 -9999 -9999 -9999 -9999 -9999 -9999 -9999 -9999 -9999 -9999 -9999 -9999 -9999 -9999 -9999 -9999 -9999 -9999 -9999 -9999 -9999 -9999 5.57894E-1
4.21953E-1 4.33084E-1 4.39664E-1 4.37395E-1 4.59295E-1 4.88081E-1 5.11754E-1 5.45016E-1 5.64381E-1 5.96348E-1 6.10147E-1 6.3569E-1 6.53098E-1 6.84135E-1 7.14416E-1 7.37634E-1 7.54521E-1 7.73935E-1 7.63818E-1 7.56402E-1 7.6007E-1 7.59321E-1 7.44263E-1 7.4529E-1 -9999 -9999 -9999 -9999 -9999 -9999 -9999 -9999 -9999 -9999 -9999 -9999 -9999 -9999 -9999 -9999 -9999 -9999 -9999 -9999 -9999 -9999 -9999 -9999 -9999 -9999 -9999 -9999 -9999 -9999 -9999 -9999 -9999 -9999 -9999 -9999 -9999
4.11821E-1 4.12546E-1 4.11042E-1 4.07446E-1 4.24787E-1 4.67943E-1 5.03808E-1 5.34512E-1 5.56319E-1 5.85193E-1 6.1024E-1 6.32672E-1 6.48165E-1 6.78494E-1 7.24596E-1 7.56445E-1 7.72987E-1 7.80195E-1 7.74471E-1 7.09324E-1 7.17578E-1 6.75179E-1 6.2465E-1 -9999 -9999 -9999 -9999 -9999 -9999 -9999 -9999 -9999 -9999 -9999 -9999 -9999 -9999 -9999 -9999 -9999 -9999 -9999 -9999 -9999 -9999 -9999 -9999 -9999 -9999 -9999 -9999 -9999 -9999 -9999 -9999 -9999 -9999 -9999 -9999 -9999 -9999
3.81114E-1 3.78028E-1 3.81371E-1 3.79402E-1 4.00395E-1 4.42868E-1 4.85091E-1 5.24036E-1 5.45218E-1 5.75074E-1 6.05522E-1 6.39008E-1 6.70703E-1 7.10282E-1 7.44387E-1 7.64816E-1 7.81284E-1 7.83186E-1 7.37029E-1 5.81293E-1 -9999 -9999 -9999 -9999 -9999 -9999 -9999 -9999 -9999 -9999 -9999 -9999 -9999 -9999 -9999 -9999 -9999 -9999 -9999 -9999 -9999 -9999 -9999 -9999 -9999 -9999 -9999 -9999 -9999 -9999 -9999 -9999 -9999 -9999 -9999 -9999 -9999 -9999 -9999 -9999 -9999
3.60119E-1 3.63306E-1 3.6901E-1 3.76025E-1 3.9305E-1 4.33058E-1 4.7639E-1 5.00379E-1 5.28652E-1 5.64341E-1 5.93384E-1 6.4114E-1 6.7661E-1 7.2603E-1 7.45744E-1 7.66041E-1 7.36995E-1 6.65414E-1 7.02299E-1 -9999 -9999 -9999 -9999 -9999 -9999 -9999 -9999 -9999 -9999 -9999 -9999 -9999 -9999 -9999 -9999 -9999 -9999 -9999 -9999 -9999 -9999 -9999 -9999 -9999 -9999 -9999 -9999 -9999 -9999 -9999 -9999 -9999 -9999 -9999 -9999 -9999 -9999 -9999 -9999 -9999 -9999
3.58672E-1 3.55778E-1 3.57662E-1 3.69097E-1 3.9352E-1 4.34142E-1 4.59361E-1 4.87457E-1 5.15478E-1 5.7411E-1 5.87147E-1 6.40974E-1 6.82238E-1 7.12317E-1 6.97732E-1 6.89333E-1 6.9548E-1 -9999 -9999 -9999 -9999 -9999 -9999 -9999 -9999 -9999 -9999 -9999 -9999 -9999 -9999 -9999 -9999 -9999 -9999 -9999 -9999 -9999 -9999 -9999 -9999 -9999 -9999 -9999 -9999 -9999 -9999 -9999 -9999 -9999 -9999 -9999 -9999 -9999 -9999 -9999 -9999 -9999 -9999 -9999 -9999
3.56857E-1 3.58915E-1 3.60177E-1 3.76492E-1 3.95662E-1 4.23755E-1 4.50167E-1 4.83496E-1 5.08014E-1 5.38897E-1 5.84381E-1 6.43721E-1 6.72259E-1 7.02403E-1 6.61705E-1 6.42684E-1 -9999 -9999 -9999 -9999 -9999 -9999 -9999 -9999 -9999 -9999 -9999 -9999 -9999 -9999 -9999 -9999 -9999 -9999 -9999 -9999 -9999 -9999 -9999 -9999 -9999 -9999 -9999 -9999 -9999 -9999 -9999 -9999 -9999 -9999 -9999 -9999 -9999 -9999 -9999 -9999 -9999 -9999 -9999 -9999 -9999
3.63337E-1 3.66081E-1 3.77336E-1 3.86594E-1 4.04957E-1 4.26965E-1 4.53755E-1 4.72599E-1 4.99032E-1 5.26165E-1 5.73461E-1 6.26125E-1 6.64611E-1 5.95239E-1 5.61769E-1 -9999 -9999 -9999 -9999 -9999 -9999 -9999 -9999 -9999 -9999 -9999 -9999 -9999 -9999 -9999 -9999 -9999 -9999 -9999 -9999 -9999 -9999 -9999 -9999 -9999 -9999 -9999 -9999 -9999 -9999 -9999 -9999 -9999 -9999 -9999 -9999 -9999 -9999 -9999 -9999 -9999 -9999 -9999 -9999 -9999 -9999
3.78975E-1 3.73474E-1 3.83572E-1 3.9511E-1 4.06652E-1 4.30018E-1 4.53334E-1 4.69558E-1 4.91592E-1 5.22657E-1 5.63866E-1 6.09797E-1 6.43784E-1 5.8656E-1 -9999 -9999 -9999 -9999 -9999 -9999 -9999 -9999 -9999 -9999 -9999 -9999 -9999 -9999 -9999 -9999 -9999 -9999 -9999 -9999 -9999 -9999 -9999 -9999 -9999 -9999 -9999 -9999 -9999 -9999 -9999 -9999 -9999 -9999 -9999 -9999 -9999 -9999 -9999 -9999 -9999 -9999 -9999 -9999 -9999 -9999 -9999
3.76485E-1 3.77595E-1 3.86987E-1 3.9305E-1 4.10344E-1 4.26952E-1 4.4818E-1 4.67077E-1 4.89082E-1 5.17111E-1 5.54852E-1 5.9785E-1 6.28175E-1 5.80676E-1 -9999 -9999 -9999 -9999 -9999 -9999 -9999 -9999 -9999 -9999 -9999 -9999 -9999 -9999 -9999 -9999 -9999 -9999 -9999 -9999 -9999 -9999 -9999 -9999 -9999 -9999 -9999 -9999 -9999 -9999 -9999 -9999 -9999 -9999 -9999 -9999 -9999 -9999 -9999 -9999 -9999 -9999 -9999 -9999 -9999 -9999 -9999
3.73012E-1 3.73057E-1 3.88226E-1 3.99913E-1 4.03359E-1 4.1867E-1 4.34964E-1 4.4927E-1 4.82756E-1 5.13087E-1 5.50769E-1 5.93899E-1 6.11571E-1 -9999 -9999 -9999 -9999 -9999 -9999 -9999 -9999 -9999 -9999 -9999 -9999 -9999 -9999 -9999 -9999 -9999 -9999 -9999 -9999 -9999 -9999 -9999 -9999 -9999 -9999 -9999 -9999 -9999 -9999 -9999 -9999 -9999 -9999 -9999 -9999 -9999 -9999 -9999 -9999 -9999 -9999 -9999 -9999 -9999 -9999 -9999 -9999
3.60357E-1 3.58849E-1 3.84269E-1 4.02132E-1 4.06666E-1 4.18003E-1 4.2512E-1 4.57625E-1 4.64787E-1 5.04282E-1 5.48336E-1 5.99402E-1 6.05319E-1 -9999 -9999 -9999 -9999 -9999 -9999 -9999 -9999 -9999 -9999 -9999 -9999 -9999 -9999 -9999 -9999 -9999 -9999 -9999 -9999 -9999 -9999 -9999 -9999 -9999 -9999 -9999 -9999 -9999 -9999 -9999 -9999 -9999 -9999 -9999 -9999 -9999 -9999 -9999 -9999 -9999 -9999 -9999 -9999 -9999 -9999 -9999 -9999
