data/maxent/outputs/white_186.asc
ncols         426
nrows         180
xllcorner     -130.0
yllcorner     24.0
cellsize      0.16666666666666666
NODATA_value  -9999
[rows 108 to 134 of 180, columns 61 to 121 of 426]
1.06281E-1 1.33005E-1 1.03996E-1 1.44211E-1 1.69002E-1 1.70379E-1 6.76191E-1 8.4505E-1 8.15178E-1 7.63532E-1 7.59032E-1 2.15137E-1 3.7236E-2 1.29674E-1 1.28824E-1 1.97465E-2 1.33846E-1 2.95374E-2 9.16312E-3 1.83793E-2 2.9617E-2 7.9849E-3 2.16485E-2 1.74398E-2 1.63119E-2 7.24553E-2 7.73776E-2 2.53245E-2 3.47237E-2 1.65226E-2 2.46427E-2 2.92884E-2 2.36476E-2 3.63484E-2 6.02349E-2 1.6901E-1 7.92453E-2 1.13218E-1 1.78543E-1 1.93223E-1 3.86351E-1 1.79695E-1 1.11E-1 9.81886E-2 1.09608E-1 1.80109E-1 3.1148E-1 4.02545E-1 2.71872E-1 8.45409E-2 1.83456E-2 2.01217E-2 3.76882E-2 4.50125E-2 4.411E-2 6.12831E-2 6.23158E-2 8.64693E-2 1.31221E-1 2.19784E-1 6.69439E-2
1.23032E-1 9.55727E-2 1.05912E-1 1.38268E-1 1.53875E-1 1.5252E-1 5.86825E-1 8.63644E-1 6.77191E-1 6.86223E-1 6.06393E-1 2.01207E-1 1.25675E-2 1.67419E-2 2.75875E-2 2.61728E-2 2.60793E-2 2.04827E-2 2.00199E-2 8.18136E-3 8.20406E-3 8.67365E-3 1.5509E-2 9.29431E-2 3.09746E-2 1.57628E-2 3.61E-2 2.7102E-2 3.12859E-2 3.2356E-2 2.99434E-2 3.44109E-2 3.65349E-2 1.01682E-1 4.72416E-2 1.54423E-1 1.47782E-1 8.74376E-2 9.0691E-2 2.30556E-1 3.20594E-1 2.30334E-1 1.46202E-1 9.18855E-2 9.53074E-2 1.05778E-1 1.44728E-1 2.13789E-1 1.99904E-1 7.11489E-2 2.47924E-2 1.70099E-2 2.82659E-2 3.31952E-2 3.76002E-2 3.51502E-2 4.1815E-2 9.26762E-2 1.23064E-1 1.12931E-1 9.70942E-2
1.83873E-1 1.23266E-1 1.43154E-1 1.43343E-1 1.27899E-1 1.37007E-1 5.75989E-1 7.91091E-1 6.71602E-1 4.96243E-1 6.04042E-1 1.10958E-1 3.2123E-2 2.48375E-2 1.48259E-2 2.225E-2 2.06699E-2 5.02986E-2 2.72527E-2 2.08645E-2 2.71643E-2 9.55268E-3 8.13931E-3 2.5725E-2 2.82549E-2 8.87164E-2 2.16492E-2 1.02934E-1 1.25369E-1 7.01015E-2 3.07703E-2 4.00165E-2 4.75124E-2 1.08927E-1 3.80279E-2 3.51532E-2 1.89937E-1 1.35313E-1 1.32061E-1 1.62946E-1 1.98239E-1 2.30936E-1 2.39642E-1 1.34136E-1 1.16666E-1 1.31192E-1 1.65573E-1 2.402E-1 2.19197E-1 1.45442E-1 4.79677E-2 2.17227E-2 2.52165E-2 2.59186E-2 2.74423E-2 3.26068E-2 4.90877E-2 7.90874E-2 7.58411E-2 5.56645E-2 7.18513E-2
2.92739E-1 1.34622E-1 1.12842E-1 1.0031E-1 1.04722E-1 1.15321E-1 3.33614E-1 7.87609E-1 8.28263E-1 6.60274E-1 2.67024E-1 8.98368E-2 6.13506E-2 7.36376E-2 3.12428E-2 5.13983E-2 4.8311E-2 3.7052E-2 4.05234E-2 3.95947E-2 2.83326E-2 1.68483E-2 8.78069E-3 3.74914E-2 4.7631E-2 9.51121E-2 3.67771E-2 5.68769E-2 1.2737E-1 6.08434E-2 2.38727E-2 2.34547E-2 8.11289E-2 1.16713E-1 1.47108E-1 4.02407E-2 1.03035E-1 1.25145E-1 1.9882E-1 1.50774E-1 1.33733E-1 1.94664E-1 2.61987E-1 1.84348E-1 2.19539E-1 2.37901E-1 3.07718E-1 4.3228E-1 4.74527E-1 4.31404E-1 1.60993E-1 4.81851E-2 2.93388E-2 2.7476E-2 2.47456E-2 3.3292E-2 7.02004E-2 1.09028E-1 7.30675E-2 5.02903E-2 6.3203E-2
4.71301E-1 2.53475E-1 1.21305E-1 8.77382E-2 1.04773E-1 1.12854E-1 2.21194E-1 5.36814E-1 5.8514E-1 5.69517E-1 1.31285E-1 3.0475E-2 5.12088E-2 2.85956E-2 2.60378E-2 5.19647E-2 1.99513E-2 3.33015E-2 3.35924E-2 1.82895E-2 8.67814E-3 1.86874E-2 6.2349E-3 1.07522E-2 6.24398E-2 1.13485E-1 1.18992E-1 1.63571E-1 1.13538E-1 3.56335E-2 8.0497E-2 2.36545E-2 9.00947E-2 4.86614E-2 1.14153E-1 7.20893E-2 1.32531E-1 1.6878E-1 1.80389E-1 1.64159E-1 2.2154E-1 1.32216E-1 2.05049E-1 1.29911E-1 2.20589E-1 4.32884E-1 4.00255E-1 3.42584E-1 4.46037E-1 4.66336E-1 2.35668E-1 1.42182E-1 7.62341E-2 3.02821E-2 2.43512E-2 3.7588E-2 5.96744E-2 6.75365E-2 5.05199E-2 4.76297E-2 5.01691E-2
4.95782E-1 4.30561E-1 2.20245E-1 1.51198E-1 1.65804E-1 1.86306E-1 3.34305E-1 6.75691E-1 6.21338E-1 2.71748E-1 6.35205E-2 2.91225E-2 2.25562E-2 2.24597E-2 1.38414E-2 1.23802E-2 2.9352E-2 3.42076E-2 1.05345E-2 1.44438E-2 8.96194E-3 7.10122E-3 4.20754E-3 8.50043E-3 3.79598E-2 3.75789E-2 1.6835E-1 1.24247E-1 6.81865E-2 3.13037E-2 3.02292E-2 1.3635E-2 6.602E-2 3.95227E-2 7.95573E-2 3.82619E-1 1.41748E-1 1.28746E-1 2.14317E-1 1.71073E-1 2.01114E-1 2.81342E-1 1.36933E-1 2.05384E-1 1.88757E-1 3.9972E-1 4.67608E-1 4.65582E-1 4.87974E-1 4.53088E-1 3.44179E-1 2.37128E-1 1.47004E-1 6.47954E-2 3.63728E-2 3.17658E-2 3.69993E-2 4.61782E-2 3.95817E-2 5.84304E-2 5.57691E-2
5.93675E-1 4.74068E-1 5.39501E-1 6.53938E-1 7.16641E-1 5.15541E-1 6.19133E-1 6.4051E-1 3.49065E-1 1.51982E-1 6.83128E-2 2.92099E-2 2.34049E-2 2.63878E-2 1.60122E-2 1.14474E-2 1.42183E-2 1.85309E-2 1.37907E-2 8.62946E-3 2.49822E-2 1.36471E-2 1.75263E-2 1.2203E-2 1.34888E-2 1.00928E-1 4.64913E-2 3.06622E-2 3.19222E-2 2.62862E-2 1.88971E-2 9.23441E-3 2.8851E-2 5.23556E-2 4.62949E-2 3.29339E-1 1.43867E-1 1.01271E-1 2.20706E-1 3.07195E-1 2.62847E-1 4.42254E-1 1.72476E-1 1.05444E-1 1.49476E-1 1.5112E-1 2.27066E-1 2.96709E-1 3.93868E-1 5.05724E-1 4.54912E-1 3.20857E-1 2.05688E-1 1.48012E-1 7.87164E-2 5.84211E-2 4.37124E-2 4.63503E-2 4.149E-2 5.25317E-2 5.85576E-2
8.08961E-1 7.98265E-1 6.60768E-1 7.3856E-1 7.32547E-1 7.69964E-1 5.91803E-1 5.81748E-1 3.73062E-1 1.58129E-1 6.27298E-2 3.80266E-2 4.97957E-2 5.20261E-2 1.83242E-2 2.71296E-2 6.50567E-2 9.03195E-2 1.4748E-1 5.89688E-2 1.85106E-2 1.6163E-2 1.38366E-2 2.4087E-2 7.44864E-2 5.43941E-2 3.18385E-2 1.36882E-2 4.27595E-2 1.81812E-2 2.82249E-2 1.4466E-2 1.48372E-2 1.74556E-2 2.65414E-2 1.22628E-1 1.56476E-1 5.18987E-2 2.06385E-1 1.69274E-1 2.67065E-1 3.42169E-1 2.47469E-1 1.8225E-1 1.45208E-1 2.56252E-1 2.45202E-1 1.03977E-1 1.81248E-1 3.48624E-1 5.04455E-1 3.24443E-1 2.62658E-1 2.442E-1 1.78041E-1 1.43929E-1 1.30301E-1 9.39274E-2 6.79596E-2 5.98148E-2 6.53204E-2
8.37425E-1 8.02472E-1 8.34904E-1 8.36255E-1 7.92855E-1 8.13562E-1 7.46297E-1 7.28442E-1 6.88515E-1 3.96016E-1 1.48912E-1 8.13709E-2 6.79476E-2 6.29959E-2 3.28393E-2 6.56834E-2 1.86931E-1 1.14537E-1 1.61977E-1 1.04936E-1 6.12551E-2 4.5305E-2 1.42025E-2 1.06341E-2 1.08104E-2 1.0467E-2 9.9528E-3 3.91821E-2 3.94943E-2 1.74459E-2 1.45152E-2 3.15122E-2 1.86655E-2 4.6419E-2 3.42451E-2 3.38209E-2 8.67229E-2 5.18564E-2 8.85324E-2 1.42824E-1 1.80554E-1 1.83046E-1 2.4761E-1 3.66024E-1 3.00896E-1 2.13386E-1 2.73165E-1 1.18671E-1 1.28945E-1 3.07261E-1 4.00221E-1 4.21193E-1 4.18886E-1 3.69118E-1 3.02752E-1 2.57298E-1 1.75309E-1 1.70311E-1 1.23019E-1 1.25725E-1 1.05981E-1
9.50523E-1 9.17898E-1 9.23214E-1 8.19708E-1 8.12032E-1 7.83493E-1 6.72217E-1 5.58085E-1 5.62914E-1 6.07563E-1 6.45638E-1 6.6329E-1 6.46142E-1 4.93796E-1 2.58238E-1 1.68226E-1 4.41163E-1 2.44728E-1 1.51393E-1 5.19625E-2 4.09881E-2 3.17884E-2 3.37007E-2 2.1215E-2 1.10026E-2 5.25971E-3 6.38498E-3 2.11708E-2 1.85239E-2 1.63485E-2 1.81812E-2 1.20673E-2 1.69458E-2 2.1795E-2 3.01079E-2 2.81316E-2 4.70518E-2 4.56105E-2 9.82367E-2 8.83613E-2 1.03594E-1 1.55685E-1 1.7558E-1 2.58304E-1 5.11261E-1 2.60326E-1 1.25869E-1 2.30811E-1 1.74437E-1 3.00782E-1 4.71963E-1 4.72676E-1 5.43051E-1 5.33991E-1 4.61504E-1 3.49296E-1 3.20693E-1 2.5988E-1 2.10867E-1 2.60234E-1 2.96661E-1
-9999 -9999 9.2728E-1 9.267E-1 8.28106E-1 7.65028E-1 6.94697E-1 6.60637E-1 6.46342E-1 7.24638E-1 7.60433E-1 8.02049E-1 7.65126E-1 8.03372E-1 5.69946E-1 6.54082E-1 7.58573E-1 7.37456E-1 7.4041E-1 5.44082E-1 8.81673E-2 2.02466E-2 1.4185E-2 1.50448E-2 2.04457E-2 1.17135E-2 6.01049E-3 8.574E-3 7.01323E-3 2.40354E-2 3.16639E-2 1.57309E-2 2.61101E-2 2.3411E-2 2.04607E-2 1.76115E-2 2.56225E-2 3.23599E-2 2.41235E-2 4.47048E-2 7.54448E-2 1.39907E-1 2.68364E-1 1.71767E-1 3.34186E-1 2.55571E-1 1.17528E-1 2.15028E-1 1.86948E-1 2.20228E-1 1.76931E-1 2.30609E-1 3.13295E-1 4.57759E-1 4.91533E-1 4.91715E-1 4.39854E-1 4.46104E-1 3.81661E-1 4.05789E-1 4.88865E-1
9.22233E-1 9.09095E-1 6.18665E-1 9.10756E-1 8.76302E-1 9.13132E-1 8.56202E-1 8.76231E-1 8.67468E-1 7.03607E-1 6.42053E-1 6.16681E-1 5.76522E-1 4.55087E-1 3.65177E-1 3.13285E-1 4.28236E-1 7.56087E-1 7.59015E-1 3.70457E-1 2.03865E-1 1.23939E-1 8.56789E-2 2.84058E-2 1.19532E-2 1.54428E-2 2.05323E-2 1.13425E-2 9.48681E-3 8.66464E-3 1.0263E-2 1.36161E-2 1.11816E-2 9.34414E-3 1.04321E-2 1.49807E-2 2.42419E-2 2.91155E-2 6.70474E-2 4.64355E-2 4.1287E-2 5.20495E-2 7.65149E-2 1.87069E-1 2.17216E-1 2.25857E-1 1.44524E-1 2.12876E-1 1.26412E-1 2.2218E-1 2.33272E-1 1.9961E-1 2.44551E-1 2.80573E-1 3.20095E-1 3.3851E-1 3.50759E-1 3.88552E-1 4.79219E-1 5.38533E-1 5.5876E-1
9.01106E-1 8.92802E-1 -9999 -9999 -9999 -9999 -9999 -9999 9.03073E-1 7.31469E-1 7.09078E-1 7.06485E-1 6.20307E-1 4.9077E-1 3.96239E-1 3.09447E-1 2.38071E-1 3.19544E-1 4.04509E-1 8.82545E-2 5.27112E-2 1.25518E-1 1.59677E-1 5.47497E-2 1.60517E-2 1.47794E-2 1.3537E-2 1.01044E-2 1.93675E-2 1.52219E-2 1.09733E-2 1.53896E-2 1.06225E-2 8.71735E-3 1.10096E-2 1.06018E-2 2.07169E-2 4.82602E-2 2.80065E-2 3.5211E-2 3.25677E-2 5.18198E-2 6.40948E-2 8.54901E-2 9.99732E-2 7.23849E-2 8.24361E-2 1.59799E-1 1.37881E-1 1.72152E-1 2.36731E-1 1.51869E-1 3.23575E-1 3.68751E-1 2.65761E-1 3.16659E-1 3.26363E-1 2.5748E-1 3.96825E-1 4.55958E-1 5.79607E-1
-9999 -9999 -9999 -9999 -9999 -9999 -9999 -9999 9.31335E-1 8.83572E-1 8.50937E-1 7.79525E-1 7.21375E-1 7.05411E-1 4.36503E-1 2.03826E-1 1.73911E-1 2.10742E-1 6.71469E-1 5.44752E-1 5.33871E-2 2.27614E-2 4.02078E-2 7.18662E-2 4.26381E-2 2.93382E-2 1.01458E-2 5.80521E-3 1.69283E-2 1.46399E-2 1.07544E-2 1.56462E-2 1.08553E-2 9.5212E-3 1.9203E-2 1.02645E-2 1.86798E-2 2.38336E-2 5.41103E-2 5.40636E-2 4.9091E-2 3.7107E-2 3.07088E-2 2.8908E-2 3.19519E-2 3.39901E-2 3.78284E-2 6.28163E-2 7.23654E-2 1.11568E-1 2.34138E-1 1.43618E-1 1.75445E-1 2.86047E-1 1.71677E-1 3.13947E-1 3.47431E-1 2.80025E-1 2.86112E-1 3.72272E-1 5.47423E-1
-9999 -9999 -9999 -9999 -9999 -9999 -9999 -9999 -9999 -9999 8.73189E-1 9.38512E-1 8.05687E-1 6.2697E-1 6.34986E-1 3.2762E-1 2.19663E-1 2.53297E-1 4.10369E-1 5.25183E-1 5.08781E-1 5.66635E-2 1.55383E-2 2.16603E-2 2.49231E-2 1.60773E-2 3.39031E-2 1.90921E-2 8.09779E-3 7.68936E-3 8.64869E-3 9.19748E-3 1.77581E-2 1.40397E-2 2.77669E-2 2.63055E-2 1.22635E-2 1.31281E-2 1.38665E-2 1.44931E-2 3.0173E-2 2.75963E-2 2.09317E-2 5.38845E-2 1.94236E-2 2.38782E-2 3.12648E-2 3.90456E-2 5.10288E-2 5.88811E-2 1.37501E-1 2.18365E-1 1.98236E-1 1.59904E-1 2.63728E-1 2.64639E-1 3.42654E-1 3.60437E-1 3.31936E-1 2.81006E-1 4.17251E-1
-9999 -9999 -9999 -9999 3.86082E-1 -9999 -9999 8.59824E-1 8.80741E-1 3.32464E-1 -9999 -9999 8.7388E-1 7.44228E-1 6.07769E-1 4.79139E-1 4.0237E-1 5.13912E-1 4.4072E-1 5.0091E-1 2.35622E-1 1.91819E-1 3.93778E-2 5.26001E-2 1.47373E-2 2.01939E-2 2.02592E-2 2.09781E-2 1.39369E-2 1.08636E-2 8.74364E-3 1.04283E-2 1.65894E-2 1.02768E-2 3.85115E-2 4.41111E-2 2.7153E-2 1.87819E-2 2.44832E-2 2.03072E-2 1.70533E-2 1.50586E-2 1.28038E-2 1.51792E-2 1.40174E-2 1.59696E-2 2.50654E-2 3.17248E-2 3.60338E-2 5.15142E-2 1.14664E-1 2.22527E-1 3.01399E-1 2.47704E-1 1.96157E-1 1.22741E-1 1.18143E-1 1.8254E-1 2.5406E-1 3.82859E-1 2.6804E-1
-9999 6.8078E-1 6.67702E-1 -9999 -9999 -9999 -9999 -9999 8.8267E-1 8.41233E-1 -9999 -9999 -9999 -9999 7.61737E-1 5.92875E-1 4.65654E-1 4.94541E-1 3.92626E-1 4.78406E-1 1.90744E-1 3.6026E-2 2.82526E-2 2.21062E-2 5.37899E-2 2.2494E-2 1.04785E-2 1.58119E-2 1.24302E-2 1.03012E-2 1.02853E-2 1.68971E-2 1.90489E-2 2.10492E-2 2.07462E-2 3.1612E-2 2.30926E-2 1.62616E-2 1.51541E-2 2.15618E-2 1.68617E-2 1.56248E-2 1.35238E-2 1.61179E-2 1.44979E-2 3.78461E-2 1.72499E-2 1.81915E-2 2.71737E-2 2.71275E-2 3.88195E-2 1.02619E-1 2.19573E-1 3.08285E-1 3.12983E-1 1.92415E-1 7.74577E-2 1.02167E-1 1.75321E-1 1.61994E-1 2.47199E-1
-9999 -9999 -9999 -9999 -9999 -9999 -9999 4.76469E-1 -9999 -9999 -9999 -9999 -9999 -9999 8.23252E-1 8.1032E-1 5.70522E-1 3.73045E-1 4.17535E-1 5.50961E-1 2.48617E-1 1.45499E-1 3.06295E-2 1.31763E-2 1.68061E-2 1.19619E-2 7.31898E-3 7.84583E-3 1.20806E-2 1.56568E-2 1.61274E-2 1.37077E-2 1.10513E-2 1.64383E-2 2.70949E-2 1.28293E-2 1.47313E-2 1.39905E-2 9.27844E-3 9.91049E-3 1.19731E-2 1.49936E-2 1.58304E-2 2.14834E-2 2.31018E-2 1.95948E-2 1.48963E-2 1.41208E-2 2.52967E-2 2.33435E-2 2.73463E-2 5.91228E-2 1.19752E-1 1.43436E-1 1.60564E-1 1.89058E-1 2.28071E-1 2.8469E-1 7.94675E-2 1.28341E-1 2.23363E-1
-9999 -9999 -9999 -9999 -9999 -9999 -9999 6.9091E-1 8.27975E-1 -9999 -9999 -9999 -9999 -9999 -9999 8.59245E-1 6.06623E-1 4.63306E-1 4.64386E-1 5.99909E-1 5.33384E-1 1.1503E-1 4.55305E-2 1.89243E-2 1.11578E-2 7.31969E-3 7.25337E-3 5.85179E-3 5.72762E-3 8.17865E-3 1.39684E-2 1.29564E-2 9.94722E-3 1.02032E-2 1.57991E-2 1.19788E-2 7.4432E-3 6.98081E-3 5.93198E-3 7.80302E-3 9.44164E-3 9.10298E-3 1.04507E-2 1.76511E-2 4.29531E-2 2.75165E-2 2.21899E-2 1.58331E-2 2.09262E-2 1.89399E-2 2.83537E-2 5.89054E-2 1.30354E-1 1.75776E-1 9.14563E-2 1.86167E-1 2.20709E-1 3.76781E-1 1.3849E-1 4.88295E-2 6.54431E-2
-9999 -9999 -9999 -9999 -9999 -9999 -9999 -9999 6.92303E-1 -9999 -9999 -9999 -9999 -9999 -9999 8.88731E-1 7.03877E-1 4.97547E-1 5.53452E-1 5.67188E-1 5.96793E-1 2.63673E-1 8.78795E-2 2.59276E-2 1.10539E-2 8.28869E-3 7.24293E-3 5.79117E-3 5.09753E-3 6.47236E-3 9.69615E-3 8.39797E-3 1.07096E-2 1.39316E-2 1.01566E-2 7.01324E-3 8.3841E-3 6.06512E-3 7.10494E-3 6.98794E-3 7.26477E-3 8.57222E-3 1.88872E-2 3.0635E-2 7.30074E-2 4.1481E-2 6.20574E-2 2.03953E-2 1.73093E-2 1.91081E-2 4.51211E-2 4.98699E-2 1.25323E-1 2.01596E-1 1.37012E-1 1.39136E-1 3.4315E-1 2.10503E-1 3.37609E-1 4.93449E-1 1.0693E-1
-9999 -9999 -9999 -9999 -9999 -9999 -9999 -9999 -9999 -9999 -9999 -9999 -9999 -9999 -9999 -9999 7.70651E-1 5.55668E-1 4.63413E-1 4.4693E-1 2.96475E-1 1.97453E-1 1.67714E-1 7.49604E-2 1.96384E-2 1.21884E-2 9.11802E-3 6.31272E-3 5.75177E-3 5.67446E-3 7.53611E-3 8.07012E-3 8.99649E-3 1.54924E-2 9.00765E-3 9.33764E-3 7.93028E-3 8.84271E-3 7.59261E-3 9.08352E-3 1.43472E-2 1.47299E-2 2.92728E-2 5.54016E-2 7.94192E-2 4.14844E-2 4.36442E-2 3.08528E-2 2.83793E-2 2.92272E-2 3.56363E-2 4.9076E-2 1.58107E-1 1.60992E-1 2.86275E-1 1.2165E-1 2.44817E-1 3.47329E-1 1.27516E-1 2.63001E-1 2.61175E-1
-9999 -9999 -9999 -9999 -9999 -9999 -9999 -9999 -9999 -9999 -9999 -9999 -9999 -9999 -9999 4.4637E-1 7.23325E-1 5.95217E-1 4.37357E-1 3.22799E-1 3.15726E-1 3.00241E-1 2.8907E-1 2.49676E-1 3.10296E-2 3.31995E-2 2.84029E-2 9.82763E-3 7.14061E-3 6.11249E-3 7.4849E-3 6.10499E-3 6.33931E-3 9.11685E-3 1.14361E-2 1.18176E-2 9.66667E-3 9.18693E-3 1.11257E-2 1.30172E-2 2.02693E-2 3.21067E-2 3.11921E-2 6.89663E-2 6.90744E-2 4.97045E-2 4.74381E-2 3.97038E-2 3.00736E-2 6.5582E-2 6.37256E-2 3.47253E-2 9.50756E-2 2.31958E-1 5.7606E-1 2.23549E-1 1.17968E-1 2.65512E-1 2.60628E-1 9.17379E-2 1.60895E-1
-9999 -9999 -9999 -9999 -9999 -9999 -9999 -9999 -9999 -9999 -9999 -9999 -9999 -9999 -9999 -9999 7.00073E-1 6.86817E-1 6.26219E-1 3.909E-1 3.44962E-1 5.05449E-1 4.57862E-1 4.80223E-1 1.2607E-1 3.08888E-2 5.85735E-2 1.1534E-2 7.76357E-3 6.69581E-3 6.13319E-3 6.132E-3 5.92561E-3 4.90364E-3 1.12024E-2 1.28919E-2 1.70219E-2 1.13948E-2 1.10649E-2 8.9536E-3 1.67858E-2 2.63928E-2 2.41272E-2 3.60699E-2 2.64135E-2 5.51119E-2 5.0892E-2 4.35464E-2 5.18782E-2 4.01716E-2 7.49479E-2 5.54514E-2 1.18277E-1 1.03499E-1 1.45471E-1 3.95869E-1 1.86703E-1 1.41026E-1 2.0686E-1 8.67509E-2 1.00046E-1
-9999 -9999 -9999 -9999 -9999 -9999 -9999 -9999 -9999 -9999 -9999 -9999 -9999 -9999 -9999 -9999 -9999 7.22362E-1 5.15783E-1 4.22982E-1 3.80942E-1 3.87874E-1 4.71797E-1 5.41416E-1 3.99801E-1 1.28191E-1 5.32232E-2 2.81547E-2 8.67957E-3 8.22998E-3 6.7897E-3 6.2591E-3 6.59685E-3 7.74289E-3 5.47552E-3 1.006E-2 1.32519E-2 8.89127E-3 9.14397E-3 1.40074E-2 1.33513E-2 2.93206E-2 4.47126E-2 4.43088E-2 2.22605E-2 5.4691E-2 7.94376E-2 1.07072E-1 1.1996E-1 8.54174E-2 8.70102E-2 6.95506E-2 9.08687E-2 8.36281E-2 1.08559E-1 2.49696E-1 2.15253E-1 1.36703E-1 2.23605E-1 9.39946E-2 7.09845E-2
-9999 -9999 -9999 -9999 -9999 -9999 -9999 -9999 -9999 -9999 -9999 -9999 -9999 -9999 -9999 -9999 -9999 7.29078E-1 6.83176E-1 6.01031E-1 4.89237E-1 2.26194E-1 3.20187E-1 5.3878E-1 4.52725E-1 3.43225E-1 1.28052E-1 2.75135E-2 1.48459E-2 1.87213E-2 1.87145E-2 8.62598E-3 7.25539E-3 7.32354E-3 5.72784E-3 4.81742E-3 6.14725E-3 1.16455E-2 1.19314E-2 8.89668E-3 2.08251E-2 2.49995E-2 2.54945E-2 4.26301E-2 3.86474E-2 3.24677E-2 3.64653E-2 6.1193E-2 9.38153E-2 2.70608E-1 9.20484E-2 2.22761E-1 1.68133E-1 9.41673E-2 2.02705E-1 1.86655E-1 2.49412E-1 9.49148E-2 1.903E-1 2.5105E-1 8.87513E-2
-9999 -9999 -9999 -9999 -9999 -9999 -9999 -9999 -9999 -9999 -9999 -9999 -9999 -9999 -9999 -9999 -9999 -9999 7.94419E-1 5.9714E-1 5.33242E-1 3.47704E-1 2.68197E-1 3.1225E-1 3.46893E-1 2.30001E-1 1.78553E-1 3.73883E-2 3.00832E-2 2.28461E-2 2.37171E-2 1.80856E-2 1.09376E-2 7.79263E-3 6.49632E-3 5.63007E-3 5.86466E-3 1.67782E-2 1.68792E-2 8.10846E-3 1.41866E-2 3.57981E-2 4.37956E-2 3.0993E-2 2.74775E-2 3.34417E-2 3.92702E-2 4.92866E-2 6.91339E-2 2.60028E-1 9.98443E-2 1.46235E-1 1.13323E-1 2.37921E-1 2.89972E-1 1.68467E-1 3.03285E-1 1.07085E-1 1.61653E-1 2.28722E-1 1.16294E-1
-9999 -9999 -9999 -9999 -9999 -9999 -9999 -9999 -9999 -9999 -9999 -9999 -9999 -9999 -9999 -9999 -9999 -9999 7.80494E-1 6.62227E-1 4.48741E-1 4.83893E-1 3.81789E-1 1.59946E-1 1.70938E-1 2.74193E-1 1.67188E-1 6.70181E-2 2.94489E-2 2.1389E-2 2.22578E-2 2.31962E-2 1.78396E-2 8.88371E-3 8.54462E-3 1.57575E-2 8.5059E-3 7.12909E-3 9.88317E-3 7.44552E-3 1.71496E-2 1.67141E-2 4.81605E-2 3.91896E-2 3.50516E-2 4.56246E-2 9.10406E-2 7.42935E-2 6.37468E-2 1.58562E-1 1.43612E-1 1.42612E-1 1.69948E-1 2.27093E-1 2.27811E-1 2.2521E-1 2.67828E-1 1.53939E-1 1.44112E-1 2.24704E-1 8.15536E-2
