data/maxent/outputs/white_87.asc
ncols         426
nrows         180
xllcorner     -130.0
yllcorner     24.0
cellsize      0.16666666666666666
NODATA_value  -9999
[rows 81 to 107 of 180, columns 183 to 243 of 426]
5.26293E-2 5.09897E-2 5.09572E-2 5.50115E-2 6.17319E-2 7.39468E-2 8.62788E-2 9.2102E-2 9.1573E-2 9.62408E-2 9.97134E-2 1.03118E-1 1.14535E-1 1.14673E-1 1.12896E-1 1.14387E-1 1.2123E-1 1.37405E-1 1.52299E-1 1.62158E-1 1.68715E-1 1.63562E-1 1.73161E-1 1.87436E-1 1.74573E-1 1.70055E-1 1.77379E-1 1.99055E-1 2.06055E-1 2.09727E-1 2.13545E-1 2.2514E-1 2.31169E-1 2.40432E-1 2.52414E-1 2.99616E-1 3.47785E-1 4.11884E-1 4.12967E-1 3.81911E-1 3.64532E-1 3.31203E-1 3.09628E-1 2.96978E-1 2.95072E-1 3.11057E-1 3.33411E-1 3.43263E-1 3.75866E-1 3.42629E-1 3.47741E-1 3.72012E-1 3.80917E-1 3.65193E-1 3.96389E-1 4.25989E-1 4.53062E-1 4.70868E-1 4.12657E-1 4.18724E-1 4.32358E-1
4.79375E-2 4.75476E-2 4.83172E-2 4.85882E-2 5.74365E-2 6.90779E-2 8.36772E-2 9.82506E-2 1.06333E-1 1.06482E-1 1.11485E-1 1.20426E-1 1.2191E-1 1.24273E-1 1.23178E-1 1.26136E-1 1.28952E-1 1.38472E-1 1.58329E-1 1.66255E-1 1.64864E-1 1.63135E-1 1.68845E-1 1.93287E-1 1.85322E-1 1.76965E-1 1.9012E-1 2.01792E-1 2.09188E-1 2.10603E-1 2.11053E-1 2.23905E-1 2.27379E-1 2.39755E-1 2.52737E-1 3.18514E-1 4.24868E-1 5.17918E-1 5.49767E-1 5.07052E-1 4.46886E-1 3.87257E-1 3.42965E-1 3.2641E-1 3.25269E-1 3.37693E-1 3.47749E-1 3.65866E-1 3.76254E-1 3.64597E-1 3.63326E-1 3.86324E-1 4.0015E-1 4.17231E-1 4.38136E-1 4.56122E-1 4.43589E-1 4.33603E-1 4.2372E-1 4.16082E-1 4.25923E-1
4.50738E-2 4.97507E-2 4.28044E-2 4.67792E-2 5.65826E-2 7.07003E-2 7.9758E-2 9.17793E-2 1.08554E-1 1.14708E-1 1.20594E-1 1.33772E-1 1.34358E-1 1.42723E-1 1.40632E-1 1.39371E-1 1.33954E-1 1.3841E-1 1.5831E-1 1.66588E-1 1.66584E-1 1.68689E-1 1.69604E-1 1.66222E-1 1.8991E-1 2.11324E-1 2.04857E-1 2.09324E-1 2.18897E-1 2.22789E-1 2.29132E-1 2.28721E-1 2.33879E-1 2.51265E-1 2.84935E-1 3.32126E-1 4.40701E-1 5.22797E-1 5.49723E-1 5.22411E-1 4.75999E-1 4.23684E-1 3.63298E-1 3.54956E-1 3.4812E-1 3.43981E-1 3.60795E-1 3.77793E-1 3.85056E-1 3.94331E-1 3.90479E-1 4.0785E-1 4.21953E-1 4.3888E-1 4.65684E-1 4.74611E-1 4.41718E-1 4.48174E-1 4.42612E-1 4.37057E-1 4.50096E-1
4.94654E-2 4.67221E-2 4.54154E-2 4.62255E-2 5.46022E-2 7.6128E-2 8.71758E-2 1.01166E-1 1.17112E-1 1.11738E-1 1.25443E-1 1.39549E-1 1.38417E-1 1.44196E-1 1.4844E-1 1.47764E-1 1.49038E-1 1.49148E-1 1.62284E-1 1.72287E-1 1.69795E-1 1.8914E-1 1.8979E-1 1.86202E-1 1.8929E-1 2.11537E-1 2.47291E-1 2.4641E-1 2.43469E-1 2.36918E-1 2.38074E-1 2.42652E-1 2.63764E-1 2.57195E-1 2.9474E-1 3.36241E-1 3.85831E-1 4.58593E-1 4.84928E-1 4.87598E-1 4.52813E-1 4.13477E-1 3.83803E-1 3.69405E-1 3.64887E-1 3.71231E-1 3.87876E-1 3.93743E-1 4.14949E-1 4.11453E-1 4.23293E-1 4.41448E-1 4.40443E-1 4.57919E-1 4.3424E-1 4.45754E-1 4.4498E-1 4.53555E-1 4.78595E-1 4.73189E-1 4.60393E-1
4.69812E-2 4.251E-2 4.15895E-2 4.23161E-2 4.88154E-2 6.93308E-2 8.13645E-2 1.01847E-1 1.06172E-1 1.03796E-1 1.22932E-1 1.34198E-1 1.41896E-1 1.448E-1 1.44343E-1 1.45285E-1 1.48899E-1 1.64395E-1 1.68857E-1 1.7743E-1 1.90672E-1 1.9756E-1 1.91338E-1 1.94909E-1 2.02738E-1 2.14031E-1 2.39123E-1 2.56656E-1 2.59177E-1 2.55647E-1 2.55514E-1 2.62203E-1 2.63096E-1 2.70794E-1 2.86615E-1 3.11665E-1 3.46588E-1 3.78639E-1 3.82504E-1 4.21226E-1 4.08883E-1 4.03866E-1 3.93296E-1 3.79176E-1 3.79976E-1 3.91856E-1 4.16517E-1 4.28246E-1 4.37206E-1 4.23422E-1 4.3791E-1 4.62512E-1 4.48613E-1 4.41661E-1 4.51223E-1 4.55678E-1 4.62509E-1 4.73208E-1 4.93481E-1 5.25097E-1 5.08743E-1
5.21323E-2 5.54105E-2 5.56031E-2 5.49799E-2 5.69485E-2 6.7594E-2 7.57964E-2 8.90022E-2 1.02472E-1 1.13022E-1 1.23676E-1 1.27154E-1 1.27874E-1 1.26214E-1 1.38031E-1 1.44631E-1 1.56659E-1 1.67641E-1 1.86713E-1 1.85602E-1 1.90621E-1 2.07011E-1 2.07527E-1 2.118E-1 2.25961E-1 2.35709E-1 2.52059E-1 2.81126E-1 2.74356E-1 2.75374E-1 2.8078E-1 2.89121E-1 2.87727E-1 2.91177E-1 2.96317E-1 3.26746E-1 3.30697E-1 3.5865E-1 3.76077E-1 3.8887E-1 3.86239E-1 4.20502E-1 4.13515E-1 3.98551E-1 3.89223E-1 4.14407E-1 4.46762E-1 4.51142E-1 4.47579E-1 4.62582E-1 4.55115E-1 4.7462E-1 4.65039E-1 4.64613E-1 4.68702E-1 4.86883E-1 5.01197E-1 5.01003E-1 5.09825E-1 5.21112E-1 5.46483E-1
5.5242E-2 6.32195E-2 6.68734E-2 7.2269E-2 7.05524E-2 7.69594E-2 9.64435E-2 9.73007E-2 1.03015E-1 1.16574E-1 1.309E-1 1.42607E-1 1.38497E-1 1.36502E-1 1.4106E-1 1.48855E-1 1.63782E-1 1.95632E-1 1.88279E-1 1.86095E-1 2.01273E-1 2.10424E-1 2.25462E-1 2.26183E-1 2.40321E-1 2.55739E-1 2.80726E-1 2.89448E-1 2.92279E-1 3.12939E-1 3.01825E-1 3.12141E-1 3.18379E-1 3.16461E-1 3.16166E-1 3.39491E-1 3.51266E-1 3.6457E-1 3.73188E-1 3.81689E-1 3.93892E-1 4.21912E-1 4.35573E-1 4.24074E-1 4.12215E-1 4.33899E-1 4.60041E-1 4.54161E-1 4.64538E-1 4.81728E-1 4.84624E-1 4.83103E-1 5.05661E-1 4.88273E-1 4.87424E-1 5.03835E-1 5.25515E-1 5.31699E-1 5.35779E-1 5.27819E-1 5.34505E-1
5.28972E-2 6.76665E-2 8.01506E-2 8.41998E-2 8.35366E-2 9.19355E-2 9.90008E-2 9.92485E-2 1.06904E-1 1.22607E-1 1.27125E-1 1.35589E-1 1.41046E-1 1.39517E-1 1.44188E-1 1.61464E-1 1.72988E-1 1.94193E-1 1.86937E-1 1.86587E-1 2.03142E-1 2.07672E-1 2.33564E-1 2.50839E-1 2.80015E-1 2.78207E-1 2.92176E-1 3.0257E-1 3.26116E-1 3.37791E-1 3.19988E-1 3.18573E-1 3.32403E-1 3.32539E-1 3.34521E-1 3.43851E-1 3.50976E-1 3.53254E-1 3.6906E-1 3.8389E-1 4.09088E-1 4.3397E-1 4.59952E-1 4.51447E-1 4.49071E-1 4.60867E-1 4.55747E-1 4.5602E-1 4.71779E-1 4.74128E-1 4.97687E-1 4.9601E-1 5.17977E-1 5.22986E-1 5.03937E-1 5.11449E-1 5.48188E-1 5.60646E-1 5.54608E-1 5.61189E-1 5.56592E-1
5.47187E-2 7.07315E-2 8.05991E-2 8.32346E-2 9.00342E-2 9.42672E-2 9.79918E-2 1.07973E-1 1.18616E-1 1.25638E-1 1.34188E-1 1.40524E-1 1.42742E-1 1.44236E-1 1.48336E-1 1.77016E-1 1.79524E-1 1.9454E-1 2.04974E-1 2.06979E-1 2.11836E-1 2.26004E-1 2.50322E-1 2.6812E-1 2.93748E-1 3.02473E-1 3.06484E-1 3.19469E-1 3.48003E-1 3.53116E-1 3.47712E-1 3.35756E-1 3.36695E-1 3.56824E-1 3.48782E-1 3.40062E-1 3.55184E-1 3.62483E-1 3.66898E-1 4.01177E-1 4.10572E-1 4.35129E-1 4.65508E-1 4.91035E-1 4.86499E-1 4.93573E-1 4.85021E-1 4.88825E-1 4.87366E-1 4.76759E-1 4.80328E-1 5.20461E-1 5.42472E-1 5.69376E-1 5.46955E-1 5.43267E-1 5.64101E-1 5.67932E-1 5.76353E-1 5.65416E-1 5.73909E-1
6.10865E-2 7.12393E-2 8.18545E-2 9.25696E-2 1.06054E-1 1.22332E-1 1.16941E-1 1.24609E-1 1.21559E-1 1.29042E-1 1.39176E-1 1.54587E-1 1.46699E-1 1.51458E-1 1.69749E-1 1.72881E-1 1.88744E-1 2.02444E-1 2.09862E-1 2.26336E-1 2.40626E-1 2.43327E-1 2.55272E-1 2.70901E-1 2.9741E-1 3.136E-1 3.16555E-1 3.346E-1 3.49044E-1 3.53975E-1 3.53157E-1 3.52568E-1 3.55776E-1 3.47793E-1 3.56072E-1 3.68088E-1 3.88532E-1 3.84976E-1 3.98019E-1 4.08588E-1 4.29718E-1 4.49964E-1 4.70952E-1 4.9937E-1 5.15742E-1 5.10886E-1 5.24724E-1 5.25981E-1 5.26581E-1 5.1336E-1 4.95576E-1 5.02631E-1 5.3061E-1 5.82447E-1 5.81429E-1 5.92172E-1 5.92239E-1 5.92947E-1 5.78862E-1 5.71654E-1 5.76317E-1
6.10952E-2 6.88598E-2 8.08706E-2 1.00732E-1 1.0788E-1 1.11656E-1 1.18631E-1 1.2274E-1 1.25056E-1 1.31161E-1 1.45084E-1 1.60749E-1 1.58575E-1 1.66881E-1 1.8486E-1 1.91417E-1 1.8766E-1 1.94784E-1 2.09478E-1 2.27195E-1 2.27201E-1 2.30599E-1 2.37903E-1 2.65028E-1 2.90185E-1 3.22774E-1 3.26571E-1 3.45136E-1 3.43622E-1 3.38998E-1 3.36759E-1 3.38659E-1 3.45547E-1 3.51471E-1 3.57856E-1 3.85145E-1 3.9412E-1 3.99342E-1 4.1788E-1 4.33075E-1 4.43782E-1 4.55008E-1 4.72156E-1 5.14568E-1 5.2307E-1 5.27734E-1 5.37371E-1 5.49659E-1 5.46489E-1 5.58062E-1 5.52816E-1 5.57391E-1 5.60792E-1 5.74866E-1 6.19732E-1 6.55463E-1 6.38364E-1 6.31014E-1 6.08388E-1 6.00359E-1 5.88483E-1
6.46624E-2 7.23298E-2 8.61969E-2 1.02557E-1 1.10409E-1 1.12035E-1 1.13617E-1 1.24061E-1 1.24802E-1 1.24876E-1 1.46172E-1 1.66602E-1 1.83166E-1 1.94513E-1 1.88916E-1 1.93118E-1 1.93747E-1 2.01674E-1 2.08614E-1 2.09586E-1 2.22637E-1 2.34656E-1 2.42911E-1 2.57426E-1 2.96407E-1 3.13242E-1 3.29127E-1 3.3517E-1 3.55679E-1 3.52626E-1 3.34325E-1 3.38582E-1 3.53783E-1 3.58374E-1 3.79895E-1 3.88372E-1 3.95772E-1 4.22121E-1 4.5054E-1 4.80397E-1 4.6799E-1 4.56007E-1 4.85394E-1 4.96091E-1 5.12914E-1 5.30076E-1 5.54915E-1 5.4746E-1 5.70032E-1 5.35074E-1 5.39658E-1 5.73677E-1 6.10618E-1 6.35674E-1 6.75855E-1 6.72872E-1 6.64691E-1 6.47622E-1 6.1351E-1 6.22253E-1 6.3875E-1
7.11323E-2 8.29255E-2 9.43405E-2 1.05672E-1 1.2386E-1 1.16919E-1 1.20234E-1 1.31797E-1 1.39238E-1 1.43999E-1 1.53219E-1 1.76797E-1 2.0523E-1 2.11004E-1 1.94584E-1 1.89441E-1 2.05576E-1 2.12261E-1 2.06091E-1 2.04347E-1 2.19488E-1 2.43973E-1 2.50186E-1 2.64641E-1 2.93024E-1 3.23376E-1 3.3302E-1 3.29509E-1 3.55619E-1 3.61538E-1 3.55016E-1 3.58914E-1 3.72744E-1 3.88752E-1 3.98126E-1 4.01016E-1 4.16559E-1 4.40833E-1 4.95345E-1 5.2436E-1 5.0772E-1 4.92651E-1 5.01274E-1 5.13394E-1 5.30683E-1 5.42227E-1 5.55349E-1 5.75075E-1 5.73367E-1 5.73548E-1 5.74202E-1 5.88637E-1 6.35711E-1 6.8145E-1 6.94155E-1 6.81746E-1 6.68538E-1 6.56853E-1 6.49377E-1 6.67906E-1 6.52072E-1
7.29367E-2 9.0941E-2 1.08037E-1 1.18628E-1 1.27059E-1 1.30264E-1 1.42436E-1 1.47019E-1 1.53091E-1 1.60532E-1 1.6243E-1 1.79275E-1 2.03296E-1 2.17219E-1 1.98902E-1 1.93144E-1 2.09679E-1 2.21566E-1 2.29026E-1 2.21633E-1 2.32797E-1 2.44315E-1 2.61219E-1 2.7377E-1 2.97424E-1 3.42307E-1 3.51756E-1 3.47738E-1 3.70692E-1 3.745E-1 3.67973E-1 3.89031E-1 4.06537E-1 4.01102E-1 4.29429E-1 4.79828E-1 5.15521E-1 4.68823E-1 5.00121E-1 5.45997E-1 5.84118E-1 5.42177E-1 5.32233E-1 5.27813E-1 5.53215E-1 5.54552E-1 5.85366E-1 5.78836E-1 5.67952E-1 5.74856E-1 6.23055E-1 6.44168E-1 6.54459E-1 6.68196E-1 6.81761E-1 6.96374E-1 6.81479E-1 6.79646E-1 6.76545E-1 6.73366E-1 6.71553E-1
8.69793E-2 1.00338E-1 1.20286E-1 1.28855E-1 1.36572E-1 1.4401E-1 1.51167E-1 1.54077E-1 1.5708E-1 1.73725E-1 1.71771E-1 1.79613E-1 1.92327E-1 2.11444E-1 2.06696E-1 2.08507E-1 2.13107E-1 2.25779E-1 2.45225E-1 2.4098E-1 2.41289E-1 2.55671E-1 2.61531E-1 2.72435E-1 3.02164E-1 3.41811E-1 3.55972E-1 3.68248E-1 3.71359E-1 3.99237E-1 4.03004E-1 4.23354E-1 4.25638E-1 4.35286E-1 4.56735E-1 4.78274E-1 4.81356E-1 4.8278E-1 5.07139E-1 5.5806E-1 6.01219E-1 5.74621E-1 5.54865E-1 5.63173E-1 5.94736E-1 5.68107E-1 5.91931E-1 5.83617E-1 5.82022E-1 5.85735E-1 6.49662E-1 6.81204E-1 6.69545E-1 6.80035E-1 7.15025E-1 7.14794E-1 6.80017E-1 6.63134E-1 6.62649E-1 6.66999E-1 6.81024E-1
9.66796E-2 1.087E-1 1.21667E-1 1.32754E-1 1.44484E-1 1.51817E-1 1.54655E-1 1.55756E-1 1.56052E-1 1.67494E-1 1.78765E-1 1.81385E-1 1.9294E-1 2.11542E-1 2.16456E-1 2.30075E-1 2.48562E-1 2.45343E-1 2.36983E-1 2.40049E-1 2.35083E-1 2.5959E-1 2.91204E-1 2.92738E-1 3.11402E-1 3.44225E-1 3.69548E-1 3.87533E-1 3.92821E-1 4.10394E-1 4.36913E-1 4.48416E-1 4.55296E-1 4.62245E-1 4.69014E-1 4.76624E-1 4.86039E-1 4.96939E-1 5.1454E-1 5.5174E-1 5.72732E-1 5.65633E-1 5.75667E-1 5.87755E-1 5.94122E-1 5.94061E-1 5.98307E-1 5.85667E-1 5.8907E-1 6.01418E-1 6.53939E-1 7.07196E-1 6.91204E-1 6.68169E-1 6.72931E-1 7.14775E-1 6.74413E-1 6.76774E-1 6.77301E-1 6.85013E-1 6.69954E-1
1.01899E-1 1.08731E-1 1.18706E-1 1.32946E-1 1.46926E-1 1.55224E-1 1.5951E-1 1.6533E-1 1.69349E-1 1.82966E-1 1.92125E-1 2.00924E-1 2.25103E-1 2.41857E-1 2.35559E-1 2.5576E-1 2.67813E-1 2.74431E-1 2.57332E-1 2.48929E-1 2.54442E-1 2.64726E-1 2.98733E-1 3.15067E-1 3.38074E-1 3.6113E-1 3.91195E-1 3.98259E-1 4.30712E-1 4.46262E-1 4.70922E-1 4.80965E-1 4.90136E-1 4.81694E-1 5.08223E-1 5.12375E-1 5.1635E-1 5.24022E-1 5.5029E-1 5.70067E-1 5.79987E-1 5.76066E-1 5.83692E-1 6.12113E-1 6.13638E-1 6.22667E-1 6.14542E-1 6.11936E-1 6.28511E-1 6.51047E-1 6.82453E-1 6.98255E-1 6.70116E-1 6.97294E-1 6.5866E-1 6.98279E-1 6.93862E-1 6.54394E-1 6.58644E-1 6.98317E-1 7.31727E-1
1.04612E-1 1.14008E-1 1.24335E-1 1.36398E-1 1.49238E-1 1.543E-1 1.57817E-1 1.65394E-1 1.70839E-1 1.75732E-1 1.90881E-1 2.07515E-1 2.24222E-1 2.44707E-1 2.42717E-1 2.56816E-1 2.69467E-1 2.91351E-1 2.7806E-1 2.73153E-1 2.78111E-1 2.8609E-1 3.06742E-1 3.36886E-1 3.57021E-1 3.71254E-1 3.92862E-1 4.15073E-1 4.50707E-1 4.80385E-1 5.00016E-1 5.19536E-1 5.33479E-1 5.27918E-1 6.08487E-1 5.43263E-1 5.39598E-1 5.58893E-1 5.74502E-1 5.93409E-1 5.89158E-1 5.78796E-1 5.93568E-1 6.24462E-1 6.37949E-1 6.251E-1 6.2496E-1 6.30364E-1 6.47436E-1 6.76812E-1 6.85356E-1 6.75505E-1 7.217E-1 6.94423E-1 6.56614E-1 6.60082E-1 6.69715E-1 6.57277E-1 6.38867E-1 6.96814E-1 7.39592E-1
1.13216E-1 1.25187E-1 1.29369E-1 1.38748E-1 1.43602E-1 1.52717E-1 1.59947E-1 1.67639E-1 1.7803E-1 1.77974E-1 2.01084E-1 2.09668E-1 2.25827E-1 2.34486E-1 2.43876E-1 2.60106E-1 2.76497E-1 2.96354E-1 2.96154E-1 2.92815E-1 3.07928E-1 3.27395E-1 3.48213E-1 3.63969E-1 3.78265E-1 3.77495E-1 3.8991E-1 4.20167E-1 4.7067E-1 5.0547E-1 5.20435E-1 5.37026E-1 5.40326E-1 5.46848E-1 5.47557E-1 5.47349E-1 5.69232E-1 5.93311E-1 6.02185E-1 6.14742E-1 6.10273E-1 6.10014E-1 5.95502E-1 6.33475E-1 6.33502E-1 6.24337E-1 6.24936E-1 6.30321E-1 6.48104E-1 6.75697E-1 6.57835E-1 6.43828E-1 6.41553E-1 6.70568E-1 6.76326E-1 6.63378E-1 6.64408E-1 6.70498E-1 6.43987E-1 7.00224E-1 7.26862E-1
1.21464E-1 1.3311E-1 1.29023E-1 1.47449E-1 1.50864E-1 1.4684E-1 1.56785E-1 1.67422E-1 1.77552E-1 1.84251E-1 1.98869E-1 2.17163E-1 2.25046E-1 2.3524E-1 2.55016E-1 2.73036E-1 2.7647E-1 2.94987E-1 2.94033E-1 3.25852E-1 3.51964E-1 3.73995E-1 4.04102E-1 3.92965E-1 4.01124E-1 3.93078E-1 4.11642E-1 4.57568E-1 4.88244E-1 5.20569E-1 5.46253E-1 5.44287E-1 5.4944E-1 5.64824E-1 5.58456E-1 5.56532E-1 5.91138E-1 6.11869E-1 6.3154E-1 6.48154E-1 6.46235E-1 6.16827E-1 6.12808E-1 6.29821E-1 6.19773E-1 6.18353E-1 6.19938E-1 6.27443E-1 6.40603E-1 6.62154E-1 6.45105E-1 6.14394E-1 6.28246E-1 6.41469E-1 6.31029E-1 6.33861E-1 6.54466E-1 6.59285E-1 6.50215E-1 6.79113E-1 7.44354E-1
1.19453E-1 1.34675E-1 1.30195E-1 1.2995E-1 1.41394E-1 1.42455E-1 1.54743E-1 1.65498E-1 1.82006E-1 1.94758E-1 2.09373E-1 2.25711E-1 2.38011E-1 2.53973E-1 2.7294E-1 2.88051E-1 2.87526E-1 3.02318E-1 3.14781E-1 3.68961E-1 3.93659E-1 4.05401E-1 4.24331E-1 4.24122E-1 4.19301E-1 4.27547E-1 4.4927E-1 4.83954E-1 5.25604E-1 5.85012E-1 5.80291E-1 5.68431E-1 5.64626E-1 5.51827E-1 5.62002E-1 5.65713E-1 5.75367E-1 5.89733E-1 6.21634E-1 6.61273E-1 6.63153E-1 6.30087E-1 6.34715E-1 6.36204E-1 6.54933E-1 6.46811E-1 6.20432E-1 6.23558E-1 6.41359E-1 6.60202E-1 6.37857E-1 6.20334E-1 6.05028E-1 6.23804E-1 6.53411E-1 6.3531E-1 6.21689E-1 5.92072E-1 5.98032E-1 6.19706E-1 6.66152E-1
1.25219E-1 1.40606E-1 1.51864E-1 1.5993E-1 1.48634E-1 1.51451E-1 1.63508E-1 1.82413E-1 1.90186E-1 1.93752E-1 2.14811E-1 2.32969E-1 2.48522E-1 2.7106E-1 2.8951E-1 3.12674E-1 3.03021E-1 3.21467E-1 3.55616E-1 4.10048E-1 4.41414E-1 4.44577E-1 4.40629E-1 4.40366E-1 4.42083E-1 4.55947E-1 4.83724E-1 5.27633E-1 5.55946E-1 6.0004E-1 6.01182E-1 5.93296E-1 5.7818E-1 5.76166E-1 5.92268E-1 5.86626E-1 5.9448E-1 6.11189E-1 6.32255E-1 6.31049E-1 5.96291E-1 6.0532E-1 6.07408E-1 6.13516E-1 6.37564E-1 6.35168E-1 6.17211E-1 6.07724E-1 6.40666E-1 6.59916E-1 6.50636E-1 6.32925E-1 6.04865E-1 6.12146E-1 6.31738E-1 6.48128E-1 5.58123E-1 6.03192E-1 5.93126E-1 5.86299E-1 6.09859E-1
1.36032E-1 1.45341E-1 1.41261E-1 1.61453E-1 1.57762E-1 1.68555E-1 1.79065E-1 2.11631E-1 2.07232E-1 2.14467E-1 2.30774E-1 2.4676E-1 2.64552E-1 2.81008E-1 3.09246E-1 3.81789E-1 3.45035E-1 3.56092E-1 3.96845E-1 4.46088E-1 4.72457E-1 4.53838E-1 4.53621E-1 4.76565E-1 4.77515E-1 4.89381E-1 5.16973E-1 5.42535E-1 6.17796E-1 6.10624E-1 6.19519E-1 6.06606E-1 5.97813E-1 6.08903E-1 6.13593E-1 6.30912E-1 6.37267E-1 6.0405E-1 5.85049E-1 5.9988E-1 6.10098E-1 5.95172E-1 6.15325E-1 5.89275E-1 6.18207E-1 6.17661E-1 6.00655E-1 6.02574E-1 6.03163E-1 6.33953E-1 6.33147E-1 6.09273E-1 5.75499E-1 5.8547E-1 6.03337E-1 5.80095E-1 5.68525E-1 5.61843E-1 6.07534E-1 6.04446E-1 6.31173E-1
1.70928E-1 1.82605E-1 1.77979E-1 1.68186E-1 1.8327E-1 1.77507E-1 1.88608E-1 2.05915E-1 2.17004E-1 2.38745E-1 2.54038E-1 2.66568E-1 2.79737E-1 3.0233E-1 3.28845E-1 3.60159E-1 3.59727E-1 3.8323E-1 4.24135E-1 4.65825E-1 4.93136E-1 4.65005E-1 4.67569E-1 5.79054E-1 5.30237E-1 5.23203E-1 5.7197E-1 6.64925E-1 6.47228E-1 6.10785E-1 6.42891E-1 6.46201E-1 6.47841E-1 6.52413E-1 6.6254E-1 6.76848E-1 6.9076E-1 6.54002E-1 6.05163E-1 6.44307E-1 6.13805E-1 6.34213E-1 6.00889E-1 5.94376E-1 5.97018E-1 5.9511E-1 5.84729E-1 5.80995E-1 5.90585E-1 5.60269E-1 5.93738E-1 5.58841E-1 5.50351E-1 5.81369E-1 6.22258E-1 6.06561E-1 5.63292E-1 5.7431E-1 6.23611E-1 6.37027E-1 6.85378E-1
1.72266E-1 1.63472E-1 1.90304E-1 1.9294E-1 1.86279E-1 1.82709E-1 1.94794E-1 2.21714E-1 2.35749E-1 2.86219E-1 2.85996E-1 3.04984E-1 3.18073E-1 3.32743E-1 3.64057E-1 3.79005E-1 3.90482E-1 4.07607E-1 4.32851E-1 4.76255E-1 5.17604E-1 4.76081E-1 5.11655E-1 5.73418E-1 5.63445E-1 5.45993E-1 6.50227E-1 6.6109E-1 6.43856E-1 6.22113E-1 6.49083E-1 6.49012E-1 6.60172E-1 6.89955E-1 6.68477E-1 6.16161E-1 6.10908E-1 6.19893E-1 5.95075E-1 6.20391E-1 6.86344E-1 7.10039E-1 6.20036E-1 7.05206E-1 5.85185E-1 5.84162E-1 5.69E-1 5.90378E-1 6.4224E-1 6.10596E-1 5.70094E-1 5.5972E-1 6.08154E-1 6.69728E-1 6.54276E-1 6.34076E-1 5.75809E-1 6.17264E-1 6.6465E-1 6.94221E-1 7.31678E-1
1.78925E-1 1.74077E-1 1.71452E-1 2.00567E-1 2.21145E-1 2.16331E-1 2.03859E-1 2.38488E-1 2.62887E-1 2.7489E-1 2.9107E-1 3.25652E-1 3.71222E-1 3.9178E-1 3.91266E-1 4.00089E-1 4.14604E-1 4.37032E-1 4.94686E-1 5.26061E-1 5.21621E-1 5.14367E-1 5.34343E-1 5.55641E-1 5.59442E-1 6.18929E-1 6.60569E-1 6.42701E-1 6.43752E-1 6.38455E-1 6.36529E-1 6.24599E-1 6.61402E-1 6.57523E-1 6.41182E-1 6.43924E-1 6.49783E-1 6.37716E-1 6.08918E-1 5.94471E-1 5.93805E-1 5.87748E-1 5.90627E-1 6.82262E-1 6.24583E-1 5.86712E-1 6.08718E-1 6.35581E-1 6.50824E-1 6.20274E-1 6.08183E-1 6.19639E-1 6.75721E-1 6.88332E-1 6.60244E-1 6.26881E-1 6.39148E-1 6.79214E-1 6.96709E-1 7.26126E-1 6.91133E-1
1.77449E-1 1.94227E-1 1.89839E-1 1.99263E-1 2.37253E-1 2.54247E-1 2.42744E-1 2.45782E-1 2.77022E-1 2.96256E-1 3.17323E-1 3.51065E-1 3.8507E-1 4.31959E-1 4.16281E-1 4.16794E-1 4.23389E-1 4.58561E-1 5.06803E-1 5.38636E-1 5.3082E-1 5.51623E-1 5.45921E-1 5.65315E-1 5.77455E-1 6.70394E-1 6.63552E-1 6.55251E-1 6.52074E-1 6.48066E-1 6.52555E-1 6.43192E-1 6.43099E-1 6.38635E-1 6.4311E-1 6.49078E-1 6.63221E-1 6.54215E-1 6.22502E-1 6.1155E-1 6.0393E-1 6.22793E-1 6.67029E-1 6.66043E-1 6.37409E-1 6.21905E-1 6.09314E-1 6.1999E-1 6.23639E-1 6.24751E-1 6.35532E-1 6.39821E-1 6.85853E-1 6.90319E-1 6.63321E-1 6.73839E-1 7.14662E-1 7.2838E-1 7.13915E-1 7.44038E-1 7.23892E-1
