data/maxent/outputs/white_194.asc
ncols         426
nrows         180
xllcorner     -130.0
yllcorner     24.0
cellsize      0.16666666666666666
NODATA_value  -9999
[rows 0 to 26 of 180, columns 244 to 304 of 426]
2.00802E-2 1.90902E-2 1.97517E-2 1.87631E-2 1.77704E-2 1.80056E-2 1.77928E-2 1.76566E-2 1.817E-2 1.86577E-2 1.82733E-2 1.82047E-2 1.72696E-2 1.7328E-2 1.81716E-2 1.80652E-2 1.82318E-2 1.73109E-2 1.73987E-2 1.7365E-2 1.76266E-2 1.68379E-2 1.67137E-2 1.72228E-2 1.64622E-2 1.68718E-2 1.68394E-2 1.53377E-2 1.58179E-2 1.56731E-2 1.44366E-2 1.44325E-2 1.45223E-2 1.57796E-2 1.51576E-2 1.60518E-2 1.64377E-2 1.66073E-2 1.78877E-2 1.86543E-2 1.77262E-2 1.58433E-2 1.61027E-2 1.54425E-2 -9999 -9999 -9999 -9999 -9999 -9999 -9999 -9999 -9999 -9999 -9999 -9999 1.17787E-1 -9999 -9999 -9999 -9999
2.35351E-2 2.22288E-2 2.19765E-2 2.0051E-2 1.94077E-2 1.88951E-2 1.92157E-2 1.80012E-2 1.90186E-2 1.87669E-2 1.92688E-2 1.97455E-2 1.9273E-2 1.86179E-2 1.83699E-2 1.93443E-2 2.03148E-2 2.02674E-2 1.99566E-2 2.00227E-2 1.92221E-2 1.97823E-2 1.97909E-2 1.8203E-2 1.75912E-2 1.83942E-2 1.7947E-2 1.84245E-2 1.69692E-2 1.79682E-2 1.7132E-2 1.802E-2 1.77118E-2 1.73985E-2 1.76447E-2 1.75434E-2 1.83427E-2 1.84683E-2 1.95981E-2 1.9857E-2 2.10794E-2 1.88729E-2 1.72567E-2 1.49267E-2 -9999 -9999 -9999 -9999 -9999 -9999 -9999 -9999 -9999 -9999 -9999 -9999 -9999 -9999 -9999 -9999 1.00265E-1
2.38584E-2 2.52624E-2 2.48999E-2 2.38465E-2 2.46766E-2 2.44278E-2 2.52179E-2 2.25768E-2 2.26906E-2 1.95281E-2 1.92306E-2 1.94522E-2 2.00613E-2 2.08949E-2 2.07449E-2 2.12259E-2 2.17635E-2 2.24288E-2 2.14886E-2 2.16138E-2 2.03274E-2 1.9823E-2 2.11772E-2 2.05722E-2 1.94185E-2 1.97053E-2 1.92013E-2 1.96374E-2 1.8842E-2 1.87481E-2 1.88746E-2 1.99459E-2 2.03315E-2 2.10238E-2 2.03526E-2 2.04516E-2 2.12722E-2 2.15367E-2 2.16302E-2 2.17615E-2 2.18647E-2 1.9319E-2 1.71356E-2 -9999 -9999 -9999 -9999 -9999 -9999 -9999 -9999 -9999 -9999 -9999 -9999 -9999 -9999 3.49258E-2 -9999 -9999 2.06443E-1
2.77679E-2 2.69946E-2 2.49547E-2 2.55156E-2 2.27195E-2 2.19653E-2 2.20268E-2 2.23706E-2 2.17275E-2 2.01774E-2 2.02942E-2 1.94809E-2 2.01466E-2 2.07017E-2 2.1401E-2 2.22632E-2 2.27293E-2 2.28008E-2 2.30645E-2 2.22408E-2 2.17788E-2 2.15511E-2 2.20492E-2 2.22817E-2 2.06182E-2 2.01341E-2 2.12689E-2 2.13741E-2 2.02153E-2 2.04613E-2 2.10064E-2 2.18578E-2 2.23099E-2 2.26199E-2 2.26687E-2 2.37044E-2 2.34895E-2 2.28981E-2 2.45638E-2 2.37041E-2 2.57451E-2 2.44788E-2 2.20521E-2 2.12684E-2 -9999 -9999 -9999 -9999 -9999 -9999 -9999 -9999 -9999 -9999 -9999 2.97639E-2 4.2298E-2 1.34255E-1 -9999 -9999 -9999
2.78349E-2 2.75949E-2 2.85145E-2 2.72906E-2 2.35945E-2 2.49014E-2 2.48172E-2 2.38059E-2 2.32401E-2 2.26223E-2 2.21871E-2 2.12246E-2 2.19541E-2 2.25742E-2 2.2205E-2 2.25305E-2 2.356E-2 2.44838E-2 2.42523E-2 2.441E-2 2.45782E-2 2.38861E-2 2.4972E-2 2.40802E-2 2.34933E-2 2.33147E-2 2.34159E-2 2.38008E-2 2.41097E-2 2.29558E-2 2.34621E-2 2.41412E-2 2.49173E-2 2.51682E-2 2.50838E-2 2.53602E-2 2.65424E-2 2.85305E-2 2.59761E-2 2.73172E-2 2.82828E-2 2.58272E-2 2.56041E-2 2.80394E-2 -9999 3.01432E-2 3.07765E-2 2.95394E-2 2.848E-2 2.68723E-2 -9999 -9999 -9999 -9999 -9999 3.36886E-2 1.69828E-1 2.46735E-1 2.02339E-1 -9999 -9999
3.19633E-2 3.28144E-2 3.0947E-2 3.2832E-2 2.84592E-2 2.82933E-2 2.82812E-2 2.73182E-2 2.62945E-2 2.67213E-2 2.64285E-2 2.82347E-2 2.43136E-2 2.34755E-2 2.35274E-2 2.35632E-2 2.4869E-2 2.50634E-2 2.64586E-2 2.66773E-2 2.61297E-2 2.50623E-2 2.56461E-2 2.66473E-2 2.74905E-2 2.54955E-2 2.50484E-2 2.46855E-2 2.58983E-2 2.69024E-2 2.57308E-2 2.65826E-2 2.6663E-2 2.80584E-2 2.78807E-2 2.7625E-2 2.84178E-2 2.79777E-2 2.69741E-2 2.76841E-2 2.89489E-2 2.79776E-2 2.7636E-2 3.35296E-2 3.22828E-2 3.21606E-2 3.25458E-2 3.26816E-2 3.38125E-2 3.27789E-2 3.25582E-2 1.87003E-1 -9999 -9999 -9999 -9999 3.9046E-2 5.02941E-2 -9999 -9999 -9999
4.69661E-2 4.39704E-2 3.5286E-2 3.32279E-2 3.44731E-2 3.08171E-2 3.28223E-2 3.11798E-2 3.37496E-2 3.08163E-2 2.95068E-2 3.68844E-2 2.9356E-2 2.69261E-2 2.59864E-2 2.55373E-2 2.6783E-2 2.73916E-2 2.79222E-2 2.83016E-2 2.85334E-2 2.8469E-2 2.79902E-2 2.7113E-2 2.84227E-2 2.78908E-2 2.77003E-2 2.79571E-2 2.65877E-2 2.81603E-2 2.91776E-2 3.03675E-2 3.13097E-2 2.90092E-2 2.97887E-2 3.10543E-2 3.09984E-2 2.88943E-2 2.80643E-2 2.84577E-2 2.94391E-2 3.06233E-2 3.18052E-2 3.77974E-2 3.24482E-2 3.45804E-2 3.29041E-2 3.70832E-2 3.94199E-2 4.35655E-2 4.10433E-2 3.37923E-2 -9999 -9999 -9999 -9999 -9999 -9999 -9999 -9999 -9999
3.87175E-2 3.57686E-2 3.65895E-2 3.69448E-2 3.79701E-2 3.25454E-2 3.13021E-2 3.232E-2 3.17507E-2 3.03722E-2 3.16626E-2 3.11547E-2 2.94163E-2 2.82048E-2 2.81719E-2 2.83972E-2 2.81057E-2 2.86929E-2 2.93846E-2 2.94085E-2 2.99277E-2 3.04485E-2 3.00144E-2 2.94144E-2 3.12083E-2 3.0517E-2 3.02397E-2 3.00221E-2 3.06452E-2 3.14196E-2 3.09203E-2 3.24254E-2 3.44717E-2 3.45186E-2 3.49754E-2 3.53983E-2 3.46268E-2 3.23623E-2 3.429E-2 3.26453E-2 3.10662E-2 3.32073E-2 3.48368E-2 3.9011E-2 4.0517E-2 -9999 -9999 -9999 3.81914E-2 4.18864E-2 4.91855E-2 4.22684E-2 -9999 -9999 -9999 -9999 -9999 -9999 -9999 -9999 1.33522E-1
3.79633E-2 3.58072E-2 3.46894E-2 3.4175E-2 3.28089E-2 3.3083E-2 3.44613E-2 3.55893E-2 3.92095E-2 3.43819E-2 3.40035E-2 3.32378E-2 3.23194E-2 2.94366E-2 2.99002E-2 3.18025E-2 3.10356E-2 3.15718E-2 3.14169E-2 3.16996E-2 3.27103E-2 3.33734E-2 3.24278E-2 3.11735E-2 3.03003E-2 3.2623E-2 3.22968E-2 3.15475E-2 3.42246E-2 3.58072E-2 3.62679E-2 3.67156E-2 3.67869E-2 3.53175E-2 3.67227E-2 3.94613E-2 4.0388E-2 3.87737E-2 3.98115E-2 3.7838E-2 3.52276E-2 3.53911E-2 3.80744E-2 4.02657E-2 3.89628E-2 3.91102E-2 5.29592E-2 -9999 -9999 -9999 -9999 -9999 -9999 -9999 -9999 -9999 -9999 -9999 1.25956E-1 -9999 1.31906E-1
3.98977E-2 4.0833E-2 4.01498E-2 3.92609E-2 3.68494E-2 3.603E-2 3.38122E-2 3.53789E-2 3.44331E-2 3.52456E-2 3.42978E-2 3.4196E-2 3.329E-2 3.25249E-2 3.17212E-2 3.39353E-2 3.5738E-2 3.46591E-2 3.44577E-2 3.50739E-2 3.51218E-2 3.52002E-2 3.46839E-2 3.26471E-2 3.50789E-2 3.14692E-2 3.43327E-2 3.55909E-2 3.69681E-2 3.80876E-2 3.90549E-2 4.03391E-2 4.06145E-2 3.96084E-2 4.1347E-2 4.42983E-2 4.43237E-2 4.3317E-2 4.43887E-2 4.46317E-2 4.29351E-2 4.65147E-2 4.75639E-2 4.61445E-2 4.75922E-2 4.9086E-2 5.33483E-2 -9999 -9999 -9999 -9999 -9999 -9999 -9999 -9999 -9999 -9999 -9999 -9999 -9999 -9999
4.41003E-2 4.49262E-2 4.36517E-2 4.41793E-2 4.26057E-2 4.64034E-2 4.2676E-2 4.1396E-2 4.87777E-2 3.99191E-2 3.92905E-2 4.05693E-2 3.76528E-2 3.69203E-2 3.53355E-2 3.70253E-2 3.68933E-2 3.76571E-2 3.74167E-2 3.61585E-2 3.72244E-2 3.70791E-2 3.68448E-2 3.6793E-2 4.2266E-2 3.5496E-2 3.65233E-2 3.66923E-2 4.0332E-2 4.23568E-2 4.26462E-2 4.32804E-2 4.34581E-2 4.42983E-2 4.73312E-2 4.70085E-2 4.71599E-2 4.97279E-2 4.98078E-2 4.92634E-2 5.28259E-2 5.44696E-2 5.34099E-2 4.93411E-2 4.85088E-2 5.04565E-2 5.46307E-2 1.54471E-1 -9999 -9999 -9999 -9999 -9999 -9999 -9999 -9999 -9999 -9999 9.38148E-2 5.20235E-2 -9999
5.20344E-2 4.8235E-2 4.58662E-2 4.71205E-2 4.90125E-2 4.97298E-2 4.55246E-2 4.27387E-2 4.11786E-2 4.06068E-2 4.07964E-2 4.0766E-2 4.24285E-2 4.07223E-2 4.03247E-2 4.08161E-2 4.06611E-2 4.08285E-2 4.14683E-2 4.05778E-2 3.98556E-2 3.9163E-2 4.03638E-2 3.97238E-2 4.03356E-2 4.02009E-2 4.20583E-2 4.26926E-2 4.47262E-2 4.43003E-2 4.36843E-2 4.34446E-2 4.4733E-2 4.79683E-2 4.90567E-2 5.36382E-2 5.44529E-2 5.55738E-2 5.50116E-2 5.79279E-2 5.72243E-2 5.50262E-2 5.69209E-2 5.21428E-2 5.55393E-2 6.04225E-2 5.62176E-2 5.99714E-2 6.33013E-2 6.56821E-2 6.81528E-2 -9999 -9999 -9999 -9999 -9999 -9999 -9999 7.87475E-2 8.7425E-2 7.94375E-2
5.26579E-2 5.06017E-2 4.95113E-2 5.14144E-2 5.23356E-2 4.58433E-2 4.87113E-2 4.43556E-2 4.23651E-2 4.20517E-2 3.99993E-2 4.0188E-2 4.13109E-2 4.19743E-2 4.32294E-2 4.50648E-2 4.40603E-2 4.4764E-2 4.50482E-2 4.46063E-2 4.51167E-2 4.40373E-2 4.26204E-2 4.42586E-2 4.61279E-2 4.59757E-2 4.65455E-2 4.7273E-2 4.75657E-2 4.76376E-2 4.7877E-2 4.73725E-2 4.81732E-2 5.10172E-2 5.36656E-2 5.65151E-2 6.0343E-2 5.95156E-2 5.94339E-2 6.13154E-2 6.10525E-2 6.12611E-2 6.51702E-2 6.21571E-2 6.31619E-2 6.71268E-2 6.80444E-2 7.07271E-2 7.33693E-2 7.72697E-2 7.0729E-2 6.13071E-2 -9999 -9999 -9999 -9999 -9999 -9999 9.43261E-2 8.74852E-2 5.66569E-2
5.94916E-2 5.5417E-2 5.57443E-2 5.23959E-2 5.31123E-2 5.01654E-2 4.76363E-2 4.78569E-2 4.34493E-2 4.31964E-2 4.14223E-2 4.1289E-2 4.40858E-2 4.47952E-2 4.59274E-2 4.6432E-2 4.90014E-2 4.98166E-2 5.02133E-2 5.08862E-2 5.01466E-2 5.03935E-2 4.84963E-2 4.97277E-2 4.9796E-2 4.86428E-2 4.80675E-2 4.9785E-2 5.2366E-2 5.34899E-2 5.61848E-2 5.48886E-2 5.28393E-2 5.54966E-2 5.91098E-2 6.02409E-2 6.19007E-2 6.19819E-2 6.34046E-2 6.49966E-2 6.55399E-2 6.74952E-2 6.98472E-2 6.84537E-2 7.25162E-2 7.36812E-2 7.57585E-2 7.68679E-2 8.11246E-2 8.67984E-2 7.60194E-2 7.05791E-2 7.06219E-2 -9999 -9999 -9999 -9999 -9999 -9999 -9999 5.14709E-2
6.00344E-2 6.04572E-2 6.1379E-2 6.20948E-2 6.42821E-2 5.64976E-2 5.31507E-2 5.4016E-2 5.47447E-2 5.16953E-2 4.72062E-2 4.67476E-2 4.82016E-2 4.84126E-2 4.85903E-2 5.22059E-2 5.58049E-2 5.52828E-2 5.50069E-2 5.64474E-2 5.58556E-2 5.58899E-2 5.82124E-2 5.64405E-2 5.50816E-2 5.53414E-2 5.28224E-2 5.37813E-2 5.56527E-2 5.93346E-2 6.13602E-2 6.35281E-2 6.36859E-2 6.15137E-2 6.33476E-2 6.65429E-2 6.69437E-2 6.71588E-2 6.89214E-2 6.96124E-2 6.96249E-2 7.55225E-2 7.7377E-2 7.63236E-2 7.62372E-2 7.85903E-2 8.09879E-2 8.60438E-2 8.96634E-2 9.21067E-2 8.5898E-2 8.40246E-2 8.55442E-2 9.18331E-2 -9999 -9999 -9999 -9999 1.12042E-1 1.26968E-1 1.41976E-1
6.78485E-2 6.77069E-2 7.01004E-2 6.39204E-2 6.45089E-2 6.68966E-2 6.11213E-2 5.8461E-2 6.23307E-2 6.05293E-2 5.32475E-2 5.39307E-2 5.94559E-2 6.36287E-2 5.95626E-2 6.21802E-2 6.32366E-2 6.37802E-2 6.29307E-2 6.14919E-2 6.02625E-2 5.9368E-2 6.71212E-2 6.17256E-2 6.12992E-2 6.13453E-2 5.92299E-2 6.05673E-2 6.44636E-2 6.80177E-2 7.24903E-2 7.12781E-2 7.04205E-2 7.29676E-2 7.04835E-2 6.95566E-2 6.917E-2 7.19319E-2 7.78357E-2 7.71583E-2 7.85564E-2 7.94033E-2 8.0564E-2 8.06859E-2 8.13604E-2 8.28632E-2 7.80385E-2 7.99316E-2 8.52375E-2 8.54468E-2 8.84397E-2 8.83136E-2 9.32776E-2 9.44049E-2 -9999 -9999 -9999 1.29345E-1 1.36948E-1 1.62561E-1 1.69669E-1
7.69315E-2 8.03386E-2 7.48135E-2 7.29185E-2 7.67642E-2 6.83856E-2 7.06627E-2 7.38756E-2 6.83887E-2 6.96793E-2 7.16125E-2 7.60903E-2 7.07591E-2 6.98343E-2 6.90434E-2 6.7719E-2 6.99091E-2 7.21788E-2 7.2867E-2 7.13851E-2 6.74396E-2 6.61889E-2 6.69571E-2 6.43247E-2 6.53693E-2 7.08133E-2 6.88747E-2 6.75542E-2 6.85958E-2 7.46817E-2 7.83089E-2 7.93867E-2 7.79562E-2 7.60316E-2 7.65969E-2 7.63056E-2 7.44449E-2 7.65284E-2 8.08484E-2 8.02626E-2 8.52297E-2 8.27358E-2 8.22976E-2 8.37766E-2 8.26817E-2 8.26083E-2 8.29659E-2 8.6404E-2 8.7905E-2 9.01489E-2 9.4896E-2 9.98109E-2 1.07942E-1 1.0368E-1 1.04033E-1 1.15297E-1 1.23198E-1 1.31904E-1 1.55937E-1 1.8154E-1 1.88061E-1
8.15911E-2 7.89717E-2 8.08063E-2 8.42842E-2 7.75641E-2 7.56293E-2 7.88388E-2 8.01227E-2 8.1489E-2 7.75243E-2 7.34665E-2 7.41329E-2 7.16914E-2 7.0273E-2 7.34537E-2 7.26367E-2 7.23154E-2 7.51605E-2 7.52349E-2 7.68976E-2 7.65128E-2 7.60361E-2 7.59954E-2 7.25164E-2 7.39245E-2 7.44037E-2 7.79902E-2 8.00963E-2 8.71504E-2 8.23439E-2 8.36454E-2 8.24374E-2 8.09463E-2 8.2455E-2 8.29194E-2 8.5673E-2 8.51216E-2 8.56688E-2 8.81699E-2 9.01777E-2 8.6035E-2 8.5569E-2 8.76707E-2 9.2699E-2 9.24381E-2 9.577E-2 9.90275E-2 9.97259E-2 1.01127E-1 1.05864E-1 1.11309E-1 1.12123E-1 1.14189E-1 1.1071E-1 1.15895E-1 1.29943E-1 1.31778E-1 1.38067E-1 1.61236E-1 1.91047E-1 2.03448E-1
9.79424E-2 9.64793E-2 9.64184E-2 9.15416E-2 9.28222E-2 9.18165E-2 8.51763E-2 8.56975E-2 9.64175E-2 8.67124E-2 8.38886E-2 7.81051E-2 8.29504E-2 7.66459E-2 7.39496E-2 7.74696E-2 8.17161E-2 8.81538E-2 9.34872E-2 8.9408E-2 8.99911E-2 8.9583E-2 8.87374E-2 8.62496E-2 9.03247E-2 9.6913E-2 9.13254E-2 9.08399E-2 1.02594E-1 9.04123E-2 8.59036E-2 9.339E-2 8.99654E-2 1.00949E-1 8.90924E-2 8.91636E-2 8.83982E-2 8.78645E-2 8.89959E-2 8.94478E-2 9.2329E-2 9.74672E-2 9.81885E-2 1.01084E-1 1.06508E-1 1.08368E-1 1.08047E-1 1.16248E-1 1.21193E-1 1.21492E-1 1.19521E-1 1.21945E-1 1.25074E-1 1.33642E-1 1.41367E-1 1.51553E-1 1.56498E-1 1.69064E-1 1.80356E-1 1.90378E-1 1.94092E-1
1.14404E-1 1.15078E-1 9.99422E-2 9.83899E-2 1.0299E-1 9.89793E-2 1.08744E-1 1.00195E-1 9.557E-2 9.1384E-2 8.68149E-2 8.2504E-2 8.89133E-2 9.80967E-2 8.79065E-2 8.98188E-2 9.33269E-2 8.80165E-2 1.04612E-1 1.13848E-1 1.1194E-1 1.00733E-1 1.02269E-1 9.94445E-2 1.05175E-1 1.07505E-1 1.12028E-1 1.13356E-1 1.12135E-1 1.07138E-1 9.79118E-2 1.01133E-1 9.79082E-2 9.93401E-2 9.72772E-2 9.21174E-2 8.82881E-2 8.85396E-2 8.79432E-2 9.44028E-2 1.00918E-1 1.05812E-1 1.08437E-1 1.14786E-1 1.17743E-1 1.1991E-1 1.22349E-1 1.30026E-1 1.3396E-1 1.37976E-1 1.33354E-1 1.35741E-1 1.30197E-1 1.30078E-1 1.30826E-1 1.43714E-1 1.59651E-1 1.76121E-1 1.89526E-1 1.99757E-1 1.93626E-1
1.14061E-1 1.10535E-1 1.05233E-1 1.04928E-1 1.05507E-1 1.03771E-1 1.06877E-1 1.04041E-1 1.02787E-1 9.74967E-2 1.02043E-1 1.04943E-1 9.135E-2 9.49147E-2 9.44629E-2 9.89665E-2 1.04082E-1 1.00203E-1 1.05479E-1 1.14263E-1 1.13166E-1 1.09841E-1 1.11441E-1 1.17069E-1 1.08863E-1 1.0351E-1 1.05357E-1 1.15522E-1 1.38225E-1 1.19999E-1 1.12412E-1 1.08759E-1 1.01421E-1 1.03208E-1 1.01232E-1 9.44152E-2 9.37347E-2 9.57331E-2 9.53344E-2 1.04969E-1 1.18842E-1 1.20291E-1 1.21359E-1 1.28396E-1 1.33181E-1 1.32582E-1 1.4112E-1 1.44538E-1 1.43542E-1 1.42857E-1 1.38944E-1 1.31305E-1 1.21366E-1 1.16043E-1 1.13254E-1 1.19874E-1 1.3651E-1 1.49811E-1 1.74392E-1 1.89701E-1 1.98708E-1
1.2565E-1 1.27032E-1 1.1987E-1 1.15472E-1 1.15159E-1 1.14067E-1 1.06489E-1 1.05982E-1 1.04297E-1 1.01625E-1 1.05441E-1 1.11405E-1 1.11213E-1 1.11284E-1 1.11728E-1 1.0729E-1 1.06008E-1 1.09528E-1 1.06878E-1 1.18778E-1 1.27719E-1 1.3113E-1 1.24264E-1 1.18133E-1 1.16173E-1 1.21663E-1 1.26495E-1 1.31772E-1 1.49299E-1 1.46797E-1 1.27542E-1 1.19391E-1 1.18812E-1 1.20642E-1 1.12494E-1 1.10852E-1 1.10358E-1 1.08722E-1 1.12866E-1 1.29545E-1 1.41145E-1 1.36537E-1 1.38955E-1 1.38732E-1 1.44846E-1 1.51343E-1 1.53438E-1 1.49734E-1 1.42279E-1 1.34952E-1 1.25234E-1 1.16466E-1 1.13353E-1 1.11784E-1 1.23068E-1 1.1666E-1 1.25243E-1 1.36877E-1 1.46642E-1 1.61314E-1 1.73008E-1
1.3074E-1 1.33904E-1 1.42499E-1 1.87756E-1 2.1817E-1 1.88139E-1 1.38824E-1 1.16625E-1 1.12851E-1 1.06232E-1 1.05308E-1 1.09917E-1 1.08404E-1 1.06242E-1 1.20754E-1 1.17089E-1 1.21689E-1 1.19715E-1 1.20751E-1 1.21224E-1 1.37026E-1 1.53341E-1 1.57332E-1 1.52262E-1 1.51001E-1 1.53565E-1 1.56307E-1 1.54138E-1 1.43562E-1 1.57579E-1 1.54757E-1 1.5537E-1 1.47539E-1 1.33563E-1 1.28747E-1 1.28416E-1 1.39475E-1 1.33851E-1 1.35774E-1 1.43651E-1 1.55963E-1 1.54084E-1 1.50967E-1 1.65624E-1 1.57855E-1 1.61133E-1 1.71971E-1 1.52768E-1 1.36811E-1 1.21713E-1 1.18798E-1 1.14043E-1 1.18637E-1 1.20628E-1 1.27265E-1 1.21839E-1 1.31066E-1 1.39933E-1 1.42184E-1 1.48746E-1 1.55714E-1
1.58718E-1 1.62989E-1 2.12255E-1 2.24509E-1 2.31989E-1 2.24115E-1 2.09755E-1 1.47276E-1 1.18677E-1 1.15825E-1 1.13478E-1 1.30185E-1 1.10973E-1 1.21299E-1 1.31493E-1 1.21417E-1 1.26531E-1 1.24955E-1 1.36305E-1 1.3674E-1 1.38323E-1 1.63698E-1 1.76719E-1 1.89733E-1 1.87471E-1 1.79174E-1 1.63014E-1 1.6069E-1 1.77685E-1 1.7911E-1 1.86484E-1 1.9836E-1 1.65346E-1 1.46083E-1 1.41019E-1 1.38944E-1 1.5993E-1 1.6843E-1 1.62638E-1 1.57983E-1 1.64075E-1 1.76907E-1 1.79587E-1 1.83708E-1 1.65441E-1 1.61085E-1 1.57263E-1 1.41112E-1 1.31628E-1 1.23589E-1 1.21514E-1 1.23454E-1 1.22167E-1 1.18864E-1 1.21057E-1 1.24592E-1 1.32164E-1 1.38695E-1 1.41076E-1 1.46971E-1 1.51315E-1
1.88507E-1 1.88257E-1 2.92022E-1 2.88572E-1 3.09458E-1 2.91205E-1 3.04494E-1 3.04E-1 1.50275E-1 1.24177E-1 1.44707E-1 1.48174E-1 1.39031E-1 1.30663E-1 1.31859E-1 1.40192E-1 1.37183E-1 1.50078E-1 1.94362E-1 1.66384E-1 1.6456E-1 1.62087E-1 1.76507E-1 1.8599E-1 1.91026E-1 1.79254E-1 1.86373E-1 1.95103E-1 2.03759E-1 2.14902E-1 1.92794E-1 2.06018E-1 1.9023E-1 1.59876E-1 1.62752E-1 1.62668E-1 1.59746E-1 1.53401E-1 1.59299E-1 1.54371E-1 1.61997E-1 1.6027E-1 1.69886E-1 1.79894E-1 1.61784E-1 1.48782E-1 1.63942E-1 1.51864E-1 1.38405E-1 1.37193E-1 1.33261E-1 1.30464E-1 1.29782E-1 1.32571E-1 1.30332E-1 1.32639E-1 1.3191E-1 1.44076E-1 1.54428E-1 1.58246E-1 1.61142E-1
1.94943E-1 2.51016E-1 3.27465E-1 3.51924E-1 3.38557E-1 3.21218E-1 3.03675E-1 2.99556E-1 1.68994E-1 1.40928E-1 1.4468E-1 1.38517E-1 1.47802E-1 1.36188E-1 1.60219E-1 1.48169E-1 1.7676E-1 1.39163E-1 1.65611E-1 2.10146E-1 1.95156E-1 1.93704E-1 2.01557E-1 2.15846E-1 2.0169E-1 1.88472E-1 1.85061E-1 1.80305E-1 1.89837E-1 1.89667E-1 2.02645E-1 2.0721E-1 1.99351E-1 1.78997E-1 1.78644E-1 1.82928E-1 1.63072E-1 1.49449E-1 1.51998E-1 1.61116E-1 1.62382E-1 1.75988E-1 1.82896E-1 1.79877E-1 1.61683E-1 1.52393E-1 1.5458E-1 1.52818E-1 1.45319E-1 1.47704E-1 1.47332E-1 1.4142E-1 1.42584E-1 1.37427E-1 1.42623E-1 1.44931E-1 1.40614E-1 1.45603E-1 1.54118E-1 1.62363E-1 1.65281E-1
2.0155E-1 2.33586E-1 3.23098E-1 3.55941E-1 3.80062E-1 3.9731E-1 3.93045E-1 2.57519E-1 1.50042E-1 1.30464E-1 1.26264E-1 1.30573E-1 1.29686E-1 1.51434E-1 1.87022E-1 2.5401E-1 1.84827E-1 1.94762E-1 1.75792E-1 1.89623E-1 1.77934E-1 2.03486E-1 2.0545E-1 1.943E-1 1.74613E-1 1.73575E-1 1.86669E-1 1.8843E-1 2.04465E-1 1.99255E-1 2.06203E-1 2.02246E-1 2.04282E-1 2.02673E-1 2.00277E-1 1.89472E-1 1.77439E-1 1.7002E-1 1.74317E-1 1.7386E-1 1.77282E-1 1.92035E-1 2.01786E-1 1.83992E-1 1.6359E-1 1.71791E-1 1.7188E-1 1.83984E-1 1.64997E-1 1.59888E-1 1.64946E-1 1.64996E-1 1.42631E-1 1.48744E-1 1.54092E-1 1.55798E-1 1.56319E-1 1.55392E-1 1.56644E-1 1.67054E-1 1.65195E-1
