data/maxent/outputs/white_134.asc
ncols         426
nrows         180
xllcorner     -130.0
yllcorner     24.0
cellsize      0.16666666666666666
NODATA_value  -9999
[rows 27 to 53 of 180, columns 122 to 182 of 426]
2.62482E-1 2.73017E-1 2.70238E-1 2.76252E-1 3.22226E-1 3.39277E-1 3.04204E-1 2.7978E-1 2.7044E-1 2.36249E-1 2.28899E-1 2.18733E-1 2.26915E-1 2.86128E-1 3.2102E-1 3.18704E-1 3.19927E-1 3.0877E-1 3.43247E-1 3.74309E-1 3.7481E-1 3.68061E-1 3.6191E-1 3.67097E-1 3.3939E-1 3.28341E-1 2.69935E-1 2.89507E-1 3.65207E-1 4.1871E-1 4.62116E-1 4.72382E-1 4.66794E-1 4.21968E-1 3.59346E-1 2.99968E-1 2.74856E-1 2.81555E-1 2.70901E-1 2.59541E-1 2.48203E-1 2.40398E-1 2.38354E-1 2.29811E-1 2.11757E-1 2.23495E-1 2.37916E-1 2.52385E-1 2.5565E-1 2.5527E-1 2.55326E-1 2.52964E-1 2.56568E-1 2.61731E-1 2.58525E-1 2.53173E-1 2.39951E-1 2.24672E-1 2.23799E-1 2.21973E-1 2.18551E-1
2.0532E-1 2.17602E-1 2.60864E-1 2.80244E-1 3.12026E-1 2.94558E-1 2.63138E-1 2.32328E-1 2.25648E-1 2.13224E-1 2.02077E-1 2.07921E-1 2.07316E-1 2.1914E-1 2.50364E-1 2.93109E-1 3.04712E-1 3.22856E-1 3.17183E-1 3.272E-1 3.46487E-1 3.36701E-1 3.361E-1 3.54372E-1 3.74834E-1 3.08635E-1 2.408E-1 2.05482E-1 2.77513E-1 3.14286E-1 3.82709E-1 4.24679E-1 4.2654E-1 3.9344E-1 3.42135E-1 2.85136E-1 2.71838E-1 2.70627E-1 2.63616E-1 2.62535E-1 2.61957E-1 2.51131E-1 2.45543E-1 2.33437E-1 2.29212E-1 2.37778E-1 2.61893E-1 2.6854E-1 2.56837E-1 2.5483E-1 2.52326E-1 2.51139E-1 2.4327E-1 2.47982E-1 2.52138E-1 2.57684E-1 2.4767E-1 2.3331E-1 2.21746E-1 2.25969E-1 2.36542E-1
1.99226E-1 2.25309E-1 2.26054E-1 2.58081E-1 2.87962E-1 2.73973E-1 2.51922E-1 2.21982E-1 2.11602E-1 1.9678E-1 1.98102E-1 1.97878E-1 1.86639E-1 1.94852E-1 2.20489E-1 2.2944E-1 2.22107E-1 2.30192E-1 2.61569E-1 2.95692E-1 3.05127E-1 2.85413E-1 2.91141E-1 2.56977E-1 3.40936E-1 3.47467E-1 3.39411E-1 2.58982E-1 1.70286E-1 2.21748E-1 2.28099E-1 3.02356E-1 3.34087E-1 3.0473E-1 2.58307E-1 2.62757E-1 2.59129E-1 2.50551E-1 2.49308E-1 2.75385E-1 2.83346E-1 2.53317E-1 2.29545E-1 2.23999E-1 2.22817E-1 2.32568E-1 2.4576E-1 2.20291E-1 1.79299E-1 2.10373E-1 2.09832E-1 2.0363E-1 1.9877E-1 2.05011E-1 2.27817E-1 2.27649E-1 2.1002E-1 2.16121E-1 2.28075E-1 2.29124E-1 2.3287E-1
1.91273E-1 2.04558E-1 2.04441E-1 2.37512E-1 2.71597E-1 2.62249E-1 2.31618E-1 2.08587E-1 2.02783E-1 1.933E-1 1.94423E-1 1.9152E-1 1.84709E-1 1.97701E-1 1.99727E-1 2.08213E-1 1.98681E-1 2.03317E-1 2.30558E-1 2.6258E-1 2.4108E-1 2.28034E-1 2.15485E-1 2.30975E-1 2.13644E-1 2.48954E-1 2.75656E-1 1.72594E-1 1.22946E-1 2.69816E-1 2.53327E-1 2.51628E-1 2.55682E-1 2.36064E-1 2.23689E-1 2.05488E-1 2.20448E-1 2.30982E-1 2.33048E-1 2.50093E-1 2.61377E-1 2.36347E-1 2.2433E-1 2.18738E-1 2.14767E-1 2.1409E-1 2.11084E-1 1.75213E-1 1.57102E-1 1.81423E-1 1.87446E-1 1.77096E-1 1.8398E-1 1.82794E-1 1.88525E-1 1.86181E-1 2.004E-1 1.98156E-1 1.98526E-1 1.90187E-1 1.97348E-1
2.05678E-1 2.19017E-1 2.22349E-1 2.34365E-1 2.52153E-1 2.51138E-1 2.35751E-1 2.10381E-1 2.01029E-1 1.98992E-1 1.88089E-1 1.97038E-1 1.75155E-1 1.72382E-1 1.88866E-1 1.97961E-1 1.95408E-1 1.95619E-1 1.96362E-1 1.88652E-1 1.8953E-1 1.96267E-1 1.78267E-1 1.96046E-1 1.52015E-1 1.32082E-1 2.19767E-1 2.10473E-1 1.29815E-1 1.57624E-1 1.97609E-1 2.27428E-1 2.32942E-1 2.24098E-1 2.18813E-1 2.09834E-1 2.05271E-1 2.12011E-1 2.16285E-1 1.94281E-1 1.83894E-1 1.82145E-1 1.99072E-1 2.22122E-1 2.2798E-1 2.44498E-1 2.20363E-1 2.01769E-1 2.11174E-1 2.11293E-1 2.06145E-1 1.82184E-1 1.88306E-1 1.87192E-1 1.82839E-1 1.67622E-1 1.70761E-1 1.69996E-1 1.57591E-1 1.4882E-1 1.65794E-1
2.39437E-1 2.37154E-1 2.38379E-1 2.19888E-1 2.05782E-1 1.96205E-1 1.97889E-1 1.98839E-1 1.9219E-1 1.82001E-1 1.8476E-1 1.75393E-1 1.77083E-1 1.73042E-1 1.62901E-1 1.86854E-1 1.87166E-1 1.94495E-1 1.79694E-1 1.65741E-1 1.63486E-1 1.76071E-1 1.8624E-1 1.77135E-1 1.52611E-1 1.98363E-1 2.11895E-1 2.30029E-1 1.84447E-1 1.58128E-1 1.93667E-1 2.24848E-1 2.2309E-1 2.25245E-1 2.30704E-1 2.23991E-1 2.13087E-1 2.0338E-1 1.93688E-1 1.85588E-1 1.67174E-1 1.60723E-1 1.58565E-1 1.85564E-1 2.11109E-1 2.49772E-1 2.69572E-1 2.53386E-1 2.60567E-1 2.45797E-1 2.46863E-1 2.22951E-1 2.10955E-1 2.08257E-1 1.9841E-1 1.8379E-1 1.70212E-1 1.72238E-1 1.73114E-1 1.85204E-1 1.7952E-1
3.63657E-1 3.53823E-1 3.36625E-1 3.16306E-1 2.63767E-1 2.0959E-1 1.69616E-1 1.66112E-1 1.69593E-1 1.67754E-1 1.7043E-1 1.78338E-1 1.72943E-1 2.04655E-1 1.86298E-1 1.89768E-1 1.73876E-1 1.76621E-1 1.81968E-1 1.70906E-1 1.77093E-1 1.8189E-1 1.91479E-1 1.81945E-1 1.39261E-1 1.46402E-1 2.02978E-1 1.75441E-1 1.44606E-1 1.84628E-1 2.11638E-1 2.17395E-1 2.16929E-1 2.19741E-1 2.33029E-1 2.33773E-1 2.22579E-1 2.16366E-1 2.0322E-1 1.82578E-1 1.76883E-1 1.79984E-1 1.90873E-1 2.06854E-1 2.16224E-1 2.40188E-1 2.7774E-1 2.83815E-1 2.83144E-1 2.9442E-1 3.02529E-1 2.65774E-1 2.324E-1 2.16989E-1 2.15877E-1 2.09229E-1 2.17683E-1 2.04777E-1 1.98975E-1 2.071E-1 2.13099E-1
5.07302E-1 5.09502E-1 4.73334E-1 4.71801E-1 3.38283E-1 2.79788E-1 2.21564E-1 1.86049E-1 1.71594E-1 1.64849E-1 1.63872E-1 1.79147E-1 1.89843E-1 2.03539E-1 2.01433E-1 2.19695E-1 1.91147E-1 1.63552E-1 1.71453E-1 1.64684E-1 1.68483E-1 1.7523E-1 1.88035E-1 1.84138E-1 1.85989E-1 2.12844E-1 2.20815E-1 2.17985E-1 1.99332E-1 1.96853E-1 2.08916E-1 2.17717E-1 2.19077E-1 2.31848E-1 2.34905E-1 2.3653E-1 2.28594E-1 2.19103E-1 2.15973E-1 2.04309E-1 2.01254E-1 2.15007E-1 2.30241E-1 2.46497E-1 2.54276E-1 2.6412E-1 2.70202E-1 2.87643E-1 3.04122E-1 3.23104E-1 3.58799E-1 3.17503E-1 2.65115E-1 2.43393E-1 2.34061E-1 2.32676E-1 2.29851E-1 2.35058E-1 2.27039E-1 2.35359E-1 2.46729E-1
4.74296E-1 4.7897E-1 4.17439E-1 3.55481E-1 3.18177E-1 3.09033E-1 3.23744E-1 2.60446E-1 2.02531E-1 1.87451E-1 1.62324E-1 1.64532E-1 1.62477E-1 1.79779E-1 2.06629E-1 2.08619E-1 1.89845E-1 1.70912E-1 1.6321E-1 1.73512E-1 1.68407E-1 1.59081E-1 1.69788E-1 1.77879E-1 1.85939E-1 1.96829E-1 2.06924E-1 2.02471E-1 1.95979E-1 1.97532E-1 1.96748E-1 2.06777E-1 2.13815E-1 2.2065E-1 2.32419E-1 2.45647E-1 2.45505E-1 2.50613E-1 2.41373E-1 2.33263E-1 2.46138E-1 2.47945E-1 2.83352E-1 2.76586E-1 2.73569E-1 2.69822E-1 2.84345E-1 2.78534E-1 3.00423E-1 3.28879E-1 3.46206E-1 3.30027E-1 3.09248E-1 2.72371E-1 2.61471E-1 2.58154E-1 2.59019E-1 2.56597E-1 2.55482E-1 2.46605E-1 2.31008E-1
3.0945E-1 3.48155E-1 3.69227E-1 3.47278E-1 3.31562E-1 3.4999E-1 4.25272E-1 3.21217E-1 2.57207E-1 2.2028E-1 2.0269E-1 1.69576E-1 1.93261E-1 2.02985E-1 2.35051E-1 2.22429E-1 2.12236E-1 2.08976E-1 2.27749E-1 2.23011E-1 1.99975E-1 1.81231E-1 1.63607E-1 1.66664E-1 1.87813E-1 2.17523E-1 1.97113E-1 2.147E-1 2.25077E-1 2.24099E-1 2.19506E-1 2.21841E-1 2.1311E-1 2.05205E-1 2.29613E-1 2.24855E-1 2.23621E-1 2.2768E-1 2.06553E-1 2.13105E-1 2.24585E-1 2.52125E-1 2.84848E-1 3.02458E-1 3.1092E-1 2.71362E-1 2.89639E-1 2.93623E-1 2.88476E-1 2.94432E-1 3.18399E-1 3.16704E-1 3.22917E-1 2.83477E-1 2.70243E-1 2.6715E-1 2.53668E-1 2.71294E-1 2.54806E-1 2.6043E-1 2.6531E-1
2.8132E-1 3.34087E-1 3.53238E-1 3.35216E-1 3.01816E-1 2.83838E-1 2.64225E-1 2.63454E-1 2.46475E-1 2.01959E-1 2.10565E-1 1.95113E-1 2.1778E-1 2.59063E-1 2.43943E-1 2.44702E-1 2.51334E-1 2.60179E-1 2.34558E-1 2.08679E-1 2.02841E-1 1.80017E-1 1.72321E-1 1.81982E-1 2.09308E-1 2.2859E-1 1.96335E-1 2.08225E-1 2.25259E-1 2.364E-1 2.31389E-1 2.21191E-1 1.91116E-1 2.11351E-1 1.88118E-1 2.05159E-1 2.19894E-1 2.20447E-1 2.19724E-1 2.14346E-1 2.23969E-1 2.42714E-1 2.83188E-1 3.01982E-1 3.26862E-1 2.55119E-1 2.67574E-1 2.73646E-1 2.66494E-1 2.72305E-1 2.81894E-1 2.84858E-1 2.69016E-1 2.88791E-1 2.91015E-1 2.80936E-1 2.64871E-1 2.50922E-1 2.54594E-1 2.73156E-1 2.87814E-1
3.37405E-1 3.6049E-1 3.24777E-1 3.01743E-1 2.69353E-1 2.50495E-1 2.41969E-1 2.38006E-1 2.22733E-1 2.18506E-1 2.07204E-1 2.52682E-1 2.67834E-1 2.70053E-1 2.49482E-1 2.49262E-1 2.54957E-1 2.38899E-1 2.12738E-1 1.90732E-1 1.83243E-1 1.74979E-1 1.77295E-1 1.85118E-1 2.06105E-1 2.01038E-1 1.92095E-1 2.42115E-1 2.43634E-1 2.55201E-1 2.28656E-1 2.069E-1 1.92453E-1 1.7158E-1 1.71309E-1 1.99073E-1 2.18894E-1 2.45661E-1 2.3908E-1 2.44249E-1 2.56923E-1 2.52446E-1 2.52644E-1 2.86854E-1 3.13161E-1 3.01954E-1 2.8602E-1 2.81358E-1 2.93411E-1 2.95172E-1 3.13641E-1 3.08903E-1 2.79139E-1 2.71537E-1 2.96155E-1 2.95684E-1 2.80781E-1 2.74063E-1 2.72128E-1 2.78847E-1 2.88935E-1
3.9038E-1 4.37838E-1 4.24373E-1 3.6265E-1 3.03005E-1 2.61211E-1 2.15158E-1 2.18706E-1 2.28049E-1 2.32137E-1 2.19557E-1 2.36123E-1 2.3755E-1 2.37249E-1 1.92027E-1 1.94368E-1 1.91041E-1 1.80808E-1 1.79444E-1 1.67125E-1 1.76791E-1 1.69028E-1 1.72334E-1 1.78418E-1 1.88904E-1 2.08106E-1 2.44506E-1 2.36898E-1 2.33907E-1 2.41495E-1 1.89199E-1 1.91317E-1 1.93257E-1 1.80672E-1 2.02828E-1 2.31703E-1 2.41069E-1 2.39834E-1 2.17816E-1 2.21864E-1 2.37615E-1 2.37324E-1 2.29805E-1 2.53791E-1 2.60591E-1 2.589E-1 2.79691E-1 2.81797E-1 2.58131E-1 2.52764E-1 2.57683E-1 2.80012E-1 2.79846E-1 2.83351E-1 2.81198E-1 2.79215E-1 2.87252E-1 2.86951E-1 2.89038E-1 2.84822E-1 2.77835E-1
4.60708E-1 4.86568E-1 5.1902E-1 5.03174E-1 3.78447E-1 3.02651E-1 2.47307E-1 2.29396E-1 2.37258E-1 2.42774E-1 2.3591E-1 2.2407E-1 2.22953E-1 2.2845E-1 2.02316E-1 1.81443E-1 1.85209E-1 1.80626E-1 1.91668E-1 1.76938E-1 1.62069E-1 1.6576E-1 1.68843E-1 1.81066E-1 2.07936E-1 2.44071E-1 2.42057E-1 2.25899E-1 1.49877E-1 7.39962E-2 1.33482E-1 1.77262E-1 1.57498E-1 2.1699E-1 2.23443E-1 2.28475E-1 2.37613E-1 2.42182E-1 2.21519E-1 2.24266E-1 2.33398E-1 2.40172E-1 2.38653E-1 2.52727E-1 2.67688E-1 2.7246E-1 2.68819E-1 2.63939E-1 2.61827E-1 2.75487E-1 2.83743E-1 2.79321E-1 2.78882E-1 2.84294E-1 2.71832E-1 2.83861E-1 2.65272E-1 2.6451E-1 2.73379E-1 2.61206E-1 2.61675E-1
4.33321E-1 4.47817E-1 5.08887E-1 4.41482E-1 3.91779E-1 3.41804E-1 2.8969E-1 2.16838E-1 2.09835E-1 2.16284E-1 2.3318E-1 2.25211E-1 2.08285E-1 2.3345E-1 2.24732E-1 1.99548E-1 2.19488E-1 1.86668E-1 1.67767E-1 1.60288E-1 1.61718E-1 1.69581E-1 1.77916E-1 2.08231E-1 2.21546E-1 2.27063E-1 2.03645E-1 1.99441E-1 1.02055E-1 8.75169E-2 6.36979E-2 1.86977E-1 2.2488E-1 2.34934E-1 2.48944E-1 2.45121E-1 2.29915E-1 2.25321E-1 2.17381E-1 2.17185E-1 2.35641E-1 2.54616E-1 2.49803E-1 2.38905E-1 2.45938E-1 2.62195E-1 2.78854E-1 2.77466E-1 2.70672E-1 2.69305E-1 2.82358E-1 2.7613E-1 2.72928E-1 2.66926E-1 2.60559E-1 2.50993E-1 2.47945E-1 2.62065E-1 2.44012E-1 2.57918E-1 2.40151E-1
4.72769E-1 4.97257E-1 4.89992E-1 4.75726E-1 4.4967E-1 3.71531E-1 3.03337E-1 2.23438E-1 2.23584E-1 2.28744E-1 2.10665E-1 1.94502E-1 1.91406E-1 2.017E-1 1.92407E-1 1.95474E-1 1.89197E-1 1.66978E-1 1.73361E-1 1.64123E-1 1.70762E-1 1.77629E-1 2.00689E-1 1.99064E-1 1.41268E-1 1.11299E-1 1.03527E-1 1.21007E-1 9.26782E-2 7.44766E-2 5.4687E-2 1.13652E-1 2.72677E-1 2.37614E-1 2.51781E-1 2.45341E-1 2.15496E-1 2.08518E-1 2.13139E-1 2.15431E-1 2.20952E-1 2.35609E-1 2.52204E-1 2.73972E-1 2.83266E-1 2.93967E-1 2.7507E-1 2.62209E-1 2.61719E-1 2.72808E-1 2.70769E-1 2.5643E-1 2.64095E-1 2.57828E-1 2.41873E-1 2.26008E-1 2.31642E-1 2.41141E-1 2.51956E-1 2.65789E-1 2.40772E-1
4.80785E-1 3.69849E-1 3.89718E-1 4.64351E-1 3.79576E-1 3.14995E-1 2.8959E-1 2.64088E-1 2.68517E-1 2.49002E-1 2.49057E-1 2.33333E-1 2.38594E-1 1.93016E-1 1.59284E-1 1.61927E-1 1.54077E-1 1.49111E-1 1.58876E-1 1.68733E-1 1.60817E-1 1.676E-1 1.92117E-1 1.66109E-1 1.45566E-1 1.0961E-1 9.84323E-2 7.44996E-2 6.72582E-2 8.27549E-2 9.60355E-2 1.14481E-1 2.76002E-1 2.73293E-1 2.4173E-1 2.15242E-1 2.22431E-1 2.33838E-1 2.36859E-1 2.33524E-1 2.53269E-1 2.44226E-1 2.5394E-1 2.66276E-1 2.60218E-1 2.59037E-1 2.67166E-1 2.66695E-1 2.68516E-1 2.60581E-1 2.64446E-1 2.51582E-1 2.51048E-1 2.61563E-1 2.3946E-1 2.19742E-1 2.13317E-1 2.45437E-1 2.54653E-1 2.66658E-1 2.52345E-1
3.22131E-1 3.32987E-1 3.26624E-1 2.99428E-1 2.84166E-1 2.3932E-1 2.43821E-1 2.43648E-1 2.65023E-1 2.6219E-1 2.89778E-1 2.99336E-1 2.56907E-1 1.96963E-1 1.6086E-1 1.44965E-1 1.48854E-1 1.48408E-1 1.62833E-1 1.69017E-1 1.54897E-1 1.5859E-1 1.72669E-1 1.49767E-1 1.57382E-1 1.52618E-1 1.2432E-1 1.18836E-1 7.50945E-2 1.175E-1 1.53189E-1 1.43638E-1 2.31203E-1 2.48733E-1 2.03857E-1 1.89767E-1 2.09279E-1 2.05214E-1 2.24887E-1 2.33407E-1 2.24321E-1 2.37922E-1 2.3933E-1 2.55552E-1 2.62971E-1 2.71146E-1 2.58886E-1 2.40981E-1 2.35313E-1 2.43814E-1 2.47229E-1 2.53545E-1 2.37059E-1 2.58637E-1 2.42841E-1 2.10887E-1 2.11233E-1 2.29119E-1 2.48592E-1 2.73838E-1 2.6351E-1
2.65744E-1 2.46369E-1 2.35492E-1 2.43095E-1 2.27855E-1 2.13907E-1 2.35119E-1 2.77435E-1 3.22403E-1 3.46723E-1 3.42144E-1 2.72951E-1 2.44824E-1 1.98156E-1 1.63613E-1 1.57723E-1 1.59583E-1 1.57953E-1 1.58932E-1 1.63793E-1 1.80655E-1 1.73185E-1 1.88576E-1 1.94128E-1 2.32704E-1 2.06522E-1 1.51931E-1 2.19151E-1 1.93701E-1 1.27342E-1 1.57232E-1 1.99627E-1 2.05322E-1 2.0073E-1 1.82351E-1 2.02329E-1 2.22143E-1 2.19611E-1 2.5162E-1 2.34989E-1 2.3108E-1 2.21931E-1 2.29166E-1 2.38645E-1 2.51123E-1 2.47445E-1 2.5981E-1 2.45356E-1 2.48362E-1 2.49396E-1 2.45414E-1 2.15494E-1 2.11332E-1 1.97751E-1 2.22486E-1 2.08974E-1 2.20366E-1 2.25935E-1 2.39397E-1 2.64454E-1 2.54821E-1
2.66216E-1 2.49925E-1 2.34854E-1 2.2809E-1 2.14264E-1 2.46084E-1 3.04689E-1 3.42958E-1 3.59149E-1 3.29537E-1 3.16536E-1 2.66904E-1 2.70636E-1 2.46408E-1 2.59495E-1 2.1312E-1 1.9911E-1 1.96474E-1 1.88712E-1 1.95092E-1 2.11217E-1 2.32998E-1 2.30802E-1 1.96413E-1 1.93324E-1 1.96857E-1 1.57245E-1 2.00001E-1 2.33818E-1 1.79216E-1 2.41882E-1 2.45286E-1 2.22663E-1 1.98911E-1 1.77299E-1 1.85826E-1 2.39562E-1 2.49639E-1 2.3338E-1 2.27741E-1 2.39315E-1 2.30728E-1 2.3233E-1 2.45282E-1 2.57457E-1 2.54828E-1 2.46266E-1 2.47142E-1 2.22548E-1 2.08337E-1 2.18203E-1 1.96472E-1 1.9514E-1 1.82357E-1 2.15595E-1 2.08356E-1 2.20872E-1 2.11308E-1 2.25058E-1 2.33694E-1 2.39079E-1
3.45235E-1 3.17505E-1 3.03296E-1 2.82171E-1 2.54723E-1 2.46324E-1 2.68456E-1 2.30206E-1 2.71738E-1 2.7315E-1 2.79428E-1 2.93093E-1 2.91057E-1 2.59312E-1 2.95721E-1 2.23141E-1 2.71923E-1 2.40092E-1 2.50228E-1 2.21676E-1 2.50686E-1 2.48494E-1 2.15867E-1 2.36822E-1 2.21986E-1 2.19148E-1 1.96508E-1 1.70817E-1 2.40435E-1 2.37926E-1 2.5495E-1 1.92292E-1 1.94813E-1 2.06649E-1 1.78881E-1 1.85879E-1 2.01548E-1 2.02325E-1 2.14279E-1 2.21683E-1 2.21365E-1 2.20024E-1 2.43988E-1 2.53275E-1 2.59786E-1 2.70546E-1 2.28957E-1 2.33592E-1 2.10112E-1 1.98335E-1 2.09435E-1 2.24971E-1 2.27428E-1 2.06194E-1 2.42835E-1 2.1176E-1 2.30505E-1 2.20308E-1 2.10611E-1 2.16491E-1 2.34455E-1
4.48847E-1 4.19577E-1 3.26979E-1 2.80149E-1 2.8976E-1 3.02636E-1 2.98936E-1 2.60435E-1 2.91886E-1 3.23737E-1 3.74555E-1 4.43664E-1 3.10021E-1 3.36024E-1 2.74862E-1 2.53065E-1 3.45309E-1 3.07409E-1 2.86128E-1 2.44465E-1 2.80745E-1 2.67318E-1 2.47881E-1 2.71906E-1 2.63958E-1 2.39266E-1 2.64013E-1 2.31136E-1 2.1786E-1 3.26016E-1 2.81775E-1 2.96296E-1 2.08585E-1 1.61982E-1 1.59555E-1 1.91608E-1 2.22552E-1 2.27277E-1 2.17445E-1 2.1841E-1 2.01994E-1 1.91976E-1 2.08031E-1 2.54158E-1 2.6949E-1 2.93946E-1 2.72523E-1 2.49564E-1 2.21808E-1 2.28357E-1 2.3575E-1 2.21353E-1 2.10958E-1 2.11017E-1 2.31878E-1 2.68748E-1 2.24728E-1 2.13562E-1 2.1028E-1 2.11036E-1 2.19084E-1
3.83476E-1 3.49522E-1 3.91577E-1 3.55635E-1 3.43932E-1 3.10785E-1 3.32373E-1 3.48801E-1 3.84387E-1 4.18038E-1 3.52191E-1 3.52088E-1 3.10017E-1 3.46082E-1 3.125E-1 3.27047E-1 4.30364E-1 3.25608E-1 3.34025E-1 3.0601E-1 3.13731E-1 3.56124E-1 3.82851E-1 2.72911E-1 2.94621E-1 2.3716E-1 2.64193E-1 2.13122E-1 2.38111E-1 3.20587E-1 2.8602E-1 2.49121E-1 2.67748E-1 2.07571E-1 1.78638E-1 1.86786E-1 2.19688E-1 2.20433E-1 2.19016E-1 2.22331E-1 1.9465E-1 2.01488E-1 2.24599E-1 2.4611E-1 2.67066E-1 2.42239E-1 2.17491E-1 2.15405E-1 2.03059E-1 2.0926E-1 2.22286E-1 2.26834E-1 2.28465E-1 2.2992E-1 2.31943E-1 2.60564E-1 2.6009E-1 2.20854E-1 2.09749E-1 2.22475E-1 2.27915E-1
4.55694E-1 3.89884E-1 3.52874E-1 3.61612E-1 3.41899E-1 3.67623E-1 4.58868E-1 3.87109E-1 4.40406E-1 4.17605E-1 3.93527E-1 3.68484E-1 3.64977E-1 3.44994E-1 3.76004E-1 3.66589E-1 3.39544E-1 3.56831E-1 4.56916E-1 4.12802E-1 2.77957E-1 3.15865E-1 3.90129E-1 2.68553E-1 2.50824E-1 2.39757E-1 2.40839E-1 2.46475E-1 2.32406E-1 2.83935E-1 2.62188E-1 2.54462E-1 2.59271E-1 2.37139E-1 2.09949E-1 2.21205E-1 2.01353E-1 1.91718E-1 2.28109E-1 2.49314E-1 2.21656E-1 2.20424E-1 2.33321E-1 2.54818E-1 2.58763E-1 2.55626E-1 2.27335E-1 2.15234E-1 2.2777E-1 2.33352E-1 2.35858E-1 2.40224E-1 2.49314E-1 2.51295E-1 2.60799E-1 2.96996E-1 2.33347E-1 2.34521E-1 2.373E-1 2.4353E-1 2.33079E-1
4.85058E-1 4.52435E-1 4.39669E-1 4.08847E-1 3.53072E-1 4.2468E-1 4.70776E-1 4.84945E-1 5.22542E-1 5.38074E-1 4.59118E-1 3.80842E-1 4.11894E-1 3.65569E-1 4.0857E-1 4.90587E-1 4.53633E-1 4.21843E-1 3.89105E-1 3.39226E-1 3.71668E-1 3.1773E-1 3.50266E-1 2.84492E-1 2.46616E-1 2.27275E-1 2.18894E-1 2.53247E-1 2.67093E-1 2.88473E-1 2.36728E-1 2.65786E-1 2.43813E-1 2.0888E-1 2.65987E-1 2.73334E-1 2.75041E-1 2.23947E-1 2.58524E-1 2.70556E-1 2.42336E-1 2.13781E-1 2.16044E-1 2.20163E-1 2.22956E-1 2.28697E-1 2.43231E-1 2.3659E-1 2.41973E-1 2.496E-1 2.53974E-1 2.62982E-1 2.63485E-1 2.45009E-1 2.45375E-1 2.74198E-1 2.79727E-1 2.4451E-1 2.42259E-1 2.31622E-1 2.45667E-1
4.06048E-1 4.98692E-1 4.86541E-1 3.56607E-1 2.76969E-1 4.23051E-1 5.33518E-1 4.72703E-1 5.00504E-1 5.45243E-1 5.73403E-1 4.75805E-1 4.33158E-1 3.84692E-1 4.22454E-1 4.90142E-1 4.09098E-1 3.44109E-1 3.24521E-1 3.79686E-1 3.90201E-1 3.48049E-1 3.37884E-1 2.52414E-1 2.28957E-1 2.25669E-1 2.2605E-1 2.54907E-1 2.78834E-1 2.77776E-1 2.6013E-1 2.2721E-1 2.23684E-1 2.50644E-1 2.91203E-1 3.07435E-1 3.23052E-1 2.95262E-1 2.70862E-1 2.52345E-1 2.21937E-1 2.14343E-1 2.13455E-1 1.92911E-1 1.96683E-1 2.07126E-1 2.11922E-1 2.12799E-1 2.21216E-1 2.33384E-1 2.44035E-1 2.4737E-1 2.43543E-1 2.49786E-1 2.49097E-1 2.67739E-1 2.89559E-1 2.45657E-1 2.62914E-1 2.37585E-1 2.38978E-1
3.48797E-2 1.81331E-1 4.70095E-1 2.1081E-1 2.18474E-1 2.28879E-1 3.41372E-1 4.73122E-1 4.59941E-1 4.78966E-1 3.2105E-1 5.40229E-1 4.93089E-1 4.21692E-1 4.17092E-1 4.44812E-1 3.10272E-1 2.82206E-1 3.25649E-1 3.15464E-1 3.80775E-1 3.76588E-1 2.93212E-1 2.52235E-1 2.3542E-1 1.99424E-1 2.10891E-1 2.65404E-1 2.6596E-1 2.48836E-1 2.28063E-1 2.22364E-1 2.47429E-1 3.01826E-1 3.47668E-1 4.47755E-1 4.46322E-1 4.54975E-1 4.04555E-1 2.96521E-1 2.25984E-1 2.33504E-1 2.2923E-1 2.19054E-1 2.08606E-1 2.29067E-1 2.33697E-1 2.33328E-1 2.3191E-1 2.44059E-1 2.63541E-1 2.76872E-1 2.79371E-1 2.82435E-1 2.55442E-1 2.72621E-1 2.94718E-1 2.57673E-1 2.73041E-1 2.53651E-1 2.52607E-1
