data/maxent/outputs/white_145.asc
ncols         426
nrows         180
xllcorner     -130.0
yllcorner     24.0
cellsize      0.16666666666666666
NODATA_value  -9999
[rows 81 to 107 of 180, columns 244 to 304 of 426]
6.06667E-1 6.25378E-1 6.41604E-1 6.42442E-1 6.31146E-1 6.26805E-1 6.32164E-1 6.3699E-1 6.37058E-1 6.39777E-1 6.44447E-1 6.41925E-1 6.56032E-1 6.61697E-1 6.71289E-1 6.78965E-1 6.91129E-1 6.97244E-1 7.03405E-1 7.11951E-1 7.01793E-1 6.93644E-1 6.96236E-1 7.10235E-1 6.99122E-1 7.0141E-1 7.01527E-1 7.06604E-1 7.01074E-1 6.98757E-1 7.03427E-1 7.0692E-1 7.14425E-1 7.52165E-1 7.34715E-1 7.14296E-1 7.02351E-1 7.08601E-1 7.08063E-1 7.38754E-1 7.37624E-1 7.33303E-1 7.35329E-1 7.49847E-1 7.18249E-1 7.2163E-1 7.34641E-1 7.30568E-1 7.54802E-1 7.44653E-1 7.32035E-1 7.27568E-1 7.34353E-1 7.37023E-1 7.34414E-1 7.5422E-1 7.64058E-1 7.51356E-1 7.45702E-1 7.43782E-1 7.75663E-1
6.05303E-1 6.21012E-1 6.30771E-1 6.36108E-1 6.21452E-1 6.35066E-1 6.34333E-1 6.20817E-1 6.2676E-1 6.46393E-1 6.46739E-1 6.51324E-1 6.48873E-1 6.5095E-1 6.58187E-1 6.67561E-1 6.79257E-1 6.89891E-1 6.96056E-1 7.01047E-1 6.92019E-1 6.97729E-1 7.1447E-1 7.24077E-1 7.02857E-1 6.94116E-1 6.9449E-1 6.91199E-1 6.91186E-1 6.93796E-1 7.06599E-1 7.06241E-1 7.16793E-1 7.18344E-1 7.26682E-1 7.10234E-1 7.05384E-1 7.07898E-1 7.17696E-1 7.12561E-1 7.15336E-1 7.16322E-1 7.37209E-1 7.23631E-1 7.18774E-1 7.01654E-1 7.16613E-1 7.40636E-1 7.42902E-1 7.33875E-1 7.24483E-1 7.19141E-1 7.25827E-1 7.26356E-1 7.24823E-1 7.30392E-1 7.37215E-1 7.25215E-1 7.33985E-1 7.72181E-1 7.99465E-1
6.01466E-1 6.1468E-1 6.33373E-1 6.26466E-1 6.24327E-1 6.27521E-1 6.41746E-1 6.23403E-1 6.26793E-1 6.45247E-1 6.48287E-1 6.42489E-1 6.49537E-1 6.52499E-1 6.52977E-1 6.59141E-1 6.79216E-1 6.88921E-1 6.90219E-1 6.93549E-1 6.84769E-1 6.96287E-1 7.12712E-1 7.16141E-1 7.14771E-1 7.06531E-1 7.02956E-1 6.93949E-1 6.80536E-1 6.85787E-1 6.90448E-1 7.02025E-1 7.2506E-1 7.0706E-1 7.12386E-1 6.7117E-1 6.91738E-1 7.06749E-1 7.06531E-1 7.10798E-1 7.21664E-1 7.1324E-1 7.13903E-1 6.97174E-1 6.94682E-1 7.09985E-1 7.10748E-1 7.08741E-1 7.33571E-1 7.32595E-1 7.17034E-1 7.31978E-1 7.30733E-1 7.35358E-1 7.21623E-1 7.14644E-1 7.23478E-1 7.36689E-1 7.43806E-1 8.02169E-1 8.27704E-1
5.98793E-1 6.11592E-1 6.32777E-1 6.26146E-1 6.18424E-1 6.21179E-1 6.23342E-1 6.25169E-1 6.22171E-1 6.23517E-1 6.26268E-1 6.39094E-1 6.54325E-1 6.60798E-1 6.55313E-1 6.6066E-1 6.74902E-1 6.85349E-1 6.99499E-1 6.97759E-1 6.83832E-1 6.78476E-1 6.87633E-1 7.02902E-1 6.90451E-1 6.90873E-1 7.06182E-1 7.08656E-1 6.84763E-1 6.96072E-1 7.19477E-1 7.12108E-1 7.12629E-1 7.07939E-1 7.08383E-1 6.99425E-1 6.88951E-1 6.83983E-1 6.72192E-1 6.85072E-1 6.87471E-1 7.0336E-1 6.93631E-1 6.79444E-1 6.67886E-1 6.86508E-1 6.85718E-1 7.20375E-1 7.34034E-1 7.29822E-1 7.38349E-1 7.31094E-1 7.34338E-1 7.38054E-1 7.19987E-1 7.09995E-1 7.07793E-1 7.27711E-1 7.99912E-1 8.06467E-1 8.04187E-1
6.07692E-1 6.12268E-1 6.28185E-1 6.20241E-1 6.21765E-1 6.24187E-1 6.21062E-1 6.27824E-1 6.17896E-1 6.15634E-1 6.22779E-1 6.28685E-1 6.4604E-1 6.59636E-1 6.58576E-1 6.6033E-1 6.69686E-1 6.75605E-1 6.84103E-1 6.87819E-1 6.64457E-1 6.65676E-1 6.73035E-1 6.6797E-1 6.76576E-1 6.78022E-1 6.9664E-1 7.03956E-1 6.9598E-1 7.02319E-1 7.24142E-1 7.23744E-1 7.15979E-1 7.07152E-1 6.97302E-1 6.91045E-1 6.8155E-1 6.6359E-1 6.55574E-1 6.89634E-1 6.90652E-1 6.85523E-1 6.90785E-1 6.87157E-1 6.80682E-1 6.7816E-1 6.84316E-1 7.0676E-1 7.27456E-1 7.29946E-1 7.47753E-1 7.39817E-1 7.39106E-1 7.42372E-1 7.24465E-1 7.18566E-1 7.03328E-1 7.83479E-1 7.70925E-1 7.88768E-1 8.19379E-1
6.1729E-1 6.11445E-1 6.1621E-1 6.33929E-1 6.38638E-1 6.2884E-1 6.25619E-1 6.38375E-1 6.29078E-1 6.33592E-1 6.30337E-1 6.33467E-1 6.307E-1 6.48183E-1 6.54188E-1 6.60661E-1 6.57945E-1 6.86501E-1 6.82638E-1 6.75007E-1 6.52185E-1 6.49538E-1 6.58019E-1 6.65509E-1 6.96938E-1 6.92696E-1 6.91176E-1 7.11309E-1 7.15968E-1 7.17016E-1 7.20059E-1 7.18692E-1 7.16166E-1 7.02976E-1 6.99765E-1 6.8976E-1 6.73732E-1 6.52665E-1 6.59876E-1 6.89849E-1 7.10486E-1 6.96027E-1 7.02481E-1 6.91646E-1 6.82877E-1 6.81891E-1 6.84095E-1 6.99811E-1 7.23801E-1 7.23865E-1 7.35753E-1 7.34427E-1 7.36978E-1 7.33316E-1 7.29425E-1 7.11178E-1 7.50224E-1 7.71664E-1 7.6934E-1 7.87077E-1 8.01315E-1
6.22358E-1 6.19566E-1 6.2368E-1 6.449E-1 6.39456E-1 6.49074E-1 6.53038E-1 6.59914E-1 6.49422E-1 6.49028E-1 6.29043E-1 6.23816E-1 6.28899E-1 6.32191E-1 6.65825E-1 6.74506E-1 6.80237E-1 6.95752E-1 7.00956E-1 6.88515E-1 6.55489E-1 6.44012E-1 6.54887E-1 6.80061E-1 7.01607E-1 7.09533E-1 7.08557E-1 7.05608E-1 7.05898E-1 7.11068E-1 7.09709E-1 7.22793E-1 7.17731E-1 7.04639E-1 7.02805E-1 6.93889E-1 6.89792E-1 6.73995E-1 6.70845E-1 7.01478E-1 7.06746E-1 6.9244E-1 6.96637E-1 6.91293E-1 6.85516E-1 6.83466E-1 6.91407E-1 7.02641E-1 7.35256E-1 7.37935E-1 7.24065E-1 7.23746E-1 7.32051E-1 7.27122E-1 7.1128E-1 7.21184E-1 7.44647E-1 7.62814E-1 7.73164E-1 7.6507E-1 7.97569E-1
6.19737E-1 6.31563E-1 6.31256E-1 6.42544E-1 6.4426E-1 6.49982E-1 6.54212E-1 6.57645E-1 6.54541E-1 6.42375E-1 6.28596E-1 6.19894E-1 6.2019E-1 6.20965E-1 6.4775E-1 6.73897E-1 6.87881E-1 7.20371E-1 7.19378E-1 7.20791E-1 6.62089E-1 6.56876E-1 6.67763E-1 6.90144E-1 7.07761E-1 7.20486E-1 7.102E-1 6.98338E-1 7.28979E-1 7.23154E-1 7.19127E-1 7.23496E-1 7.19085E-1 7.24523E-1 7.19816E-1 7.07279E-1 7.13358E-1 6.97899E-1 6.6605E-1 6.79913E-1 6.84219E-1 6.75148E-1 6.7327E-1 6.80446E-1 6.82402E-1 6.8472E-1 6.97831E-1 7.16328E-1 7.44879E-1 7.31358E-1 7.24477E-1 7.20301E-1 7.24718E-1 7.12271E-1 7.12526E-1 7.24957E-1 7.39774E-1 7.71397E-1 7.73822E-1 7.84264E-1 8.10853E-1
6.14621E-1 6.21702E-1 6.37846E-1 6.39884E-1 6.46021E-1 6.5073E-1 6.57108E-1 6.60816E-1 6.50533E-1 6.49166E-1 6.41748E-1 6.19856E-1 6.3986E-1 6.14684E-1 6.40962E-1 6.80618E-1 6.92294E-1 7.27669E-1 7.17262E-1 7.07474E-1 6.68185E-1 6.77932E-1 6.86842E-1 7.05216E-1 7.1414E-1 7.15531E-1 7.02497E-1 7.07899E-1 7.26539E-1 7.18398E-1 7.1732E-1 7.19862E-1 7.16099E-1 7.19865E-1 7.1456E-1 7.04842E-1 7.12717E-1 6.72827E-1 6.60368E-1 6.77375E-1 6.65745E-1 6.62906E-1 6.60844E-1 6.76693E-1 6.7641E-1 7.004E-1 7.21015E-1 7.06067E-1 7.25807E-1 7.18578E-1 7.13606E-1 6.97524E-1 7.19132E-1 7.07326E-1 7.28387E-1 7.48218E-1 7.60048E-1 7.74558E-1 8.03778E-1 8.17142E-1 8.13072E-1
6.21888E-1 6.2533E-1 6.34769E-1 6.30353E-1 6.44809E-1 6.4951E-1 6.57799E-1 6.4847E-1 6.43704E-1 6.54462E-1 6.3274E-1 6.00401E-1 6.11022E-1 5.9864E-1 6.39618E-1 6.84599E-1 6.73947E-1 6.85825E-1 7.1007E-1 6.80118E-1 6.58787E-1 6.75653E-1 6.9436E-1 7.06021E-1 7.13574E-1 7.13107E-1 7.16526E-1 7.03948E-1 7.08002E-1 7.03327E-1 7.13206E-1 7.15286E-1 7.06183E-1 7.03026E-1 6.90956E-1 6.79292E-1 6.9708E-1 6.73273E-1 6.78987E-1 6.64087E-1 6.54326E-1 6.48074E-1 6.53204E-1 6.66638E-1 6.76833E-1 6.7922E-1 7.01972E-1 7.00821E-1 7.02699E-1 7.02644E-1 6.87461E-1 6.79434E-1 6.94882E-1 7.24863E-1 7.345E-1 7.80423E-1 7.79492E-1 8.12644E-1 8.25284E-1 8.42426E-1 7.92979E-1
6.59033E-1 6.29456E-1 6.36804E-1 6.44224E-1 6.38638E-1 6.36927E-1 6.45559E-1 6.57152E-1 6.51323E-1 6.42817E-1 6.12601E-1 6.04212E-1 5.86356E-1 5.93238E-1 6.32635E-1 6.73269E-1 6.84909E-1 6.69235E-1 6.84451E-1 6.9911E-1 6.81735E-1 6.70716E-1 6.90489E-1 7.04292E-1 7.12983E-1 7.12266E-1 7.08414E-1 7.04988E-1 7.08957E-1 6.95732E-1 6.97196E-1 6.9837E-1 6.86142E-1 6.75E-1 6.77087E-1 6.88678E-1 7.17928E-1 6.90212E-1 6.69353E-1 6.58896E-1 6.64372E-1 6.42855E-1 6.5956E-1 6.76688E-1 6.63636E-1 6.7898E-1 6.80733E-1 6.98146E-1 7.02383E-1 7.05397E-1 6.93712E-1 6.91599E-1 6.72612E-1 7.2784E-1 7.69131E-1 7.86916E-1 7.98673E-1 8.32646E-1 8.51866E-1 8.40126E-1 7.92833E-1
6.36922E-1 6.32513E-1 6.37059E-1 6.39238E-1 6.38721E-1 6.25958E-1 6.36827E-1 6.36353E-1 6.35251E-1 6.3483E-1 6.11165E-1 6.09295E-1 6.03085E-1 6.17777E-1 6.33979E-1 6.74263E-1 6.80697E-1 6.74673E-1 6.84622E-1 6.93719E-1 7.25995E-1 6.8516E-1 6.82332E-1 7.05631E-1 6.99487E-1 6.95945E-1 7.03223E-1 7.02953E-1 7.03226E-1 6.8704E-1 6.81049E-1 6.84004E-1 6.77595E-1 6.61777E-1 6.58756E-1 6.84818E-1 6.79471E-1 6.83521E-1 6.58761E-1 6.52573E-1 6.46856E-1 6.39346E-1 6.6428E-1 6.61661E-1 6.67193E-1 6.73436E-1 6.76341E-1 6.9354E-1 7.02546E-1 7.13447E-1 6.88504E-1 6.97682E-1 7.22156E-1 7.50955E-1 7.71058E-1 7.88633E-1 8.24445E-1 8.38893E-1 8.5901E-1 8.49049E-1 8.2313E-1
6.33267E-1 6.45375E-1 6.4937E-1 6.3715E-1 6.21042E-1 6.19752E-1 6.23307E-1 6.19197E-1 6.13002E-1 6.44748E-1 6.35005E-1 6.31161E-1 6.37668E-1 6.27959E-1 6.44078E-1 6.74058E-1 7.07394E-1 7.0613E-1 6.99497E-1 7.06396E-1 7.23392E-1 6.62867E-1 6.87688E-1 6.90855E-1 6.87553E-1 6.93765E-1 7.03026E-1 7.09146E-1 7.03956E-1 6.8416E-1 6.69173E-1 6.71036E-1 6.64733E-1 6.56898E-1 6.68524E-1 6.92753E-1 6.66217E-1 6.46852E-1 6.27345E-1 6.28004E-1 6.43813E-1 6.4152E-1 6.46182E-1 6.5565E-1 6.67982E-1 6.6947E-1 6.77868E-1 6.95643E-1 7.09985E-1 7.11404E-1 7.26452E-1 7.36066E-1 7.24111E-1 7.64078E-1 7.93313E-1 8.06E-1 8.21649E-1 8.43363E-1 8.53607E-1 8.46365E-1 8.61026E-1
6.43928E-1 6.42054E-1 6.51815E-1 6.35341E-1 6.12954E-1 6.08216E-1 6.02105E-1 6.08878E-1 6.24538E-1 6.22304E-1 6.24795E-1 6.33122E-1 6.56895E-1 6.56323E-1 6.50662E-1 6.77499E-1 7.1231E-1 7.11214E-1 7.269E-1 7.12741E-1 7.30452E-1 7.03471E-1 6.97424E-1 6.8246E-1 6.69487E-1 6.99214E-1 7.03012E-1 6.86054E-1 6.81792E-1 6.76098E-1 6.61389E-1 6.67941E-1 6.66334E-1 6.42657E-1 6.32382E-1 6.60838E-1 6.46247E-1 6.3275E-1 6.20104E-1 6.34595E-1 6.34972E-1 6.4576E-1 6.52739E-1 6.56424E-1 6.64843E-1 6.72862E-1 6.97428E-1 7.01671E-1 6.95862E-1 7.24469E-1 7.17477E-1 7.29423E-1 7.50838E-1 7.91566E-1 8.13324E-1 8.05512E-1 8.21845E-1 8.4856E-1 8.36013E-1 8.41819E-1 8.25621E-1
6.42156E-1 6.4063E-1 6.71601E-1 6.37818E-1 6.27174E-1 6.13983E-1 6.08877E-1 5.92639E-1 6.21837E-1 6.18936E-1 6.3548E-1 6.39523E-1 6.53934E-1 6.61987E-1 6.58564E-1 6.68765E-1 7.09632E-1 7.16045E-1 7.27972E-1 7.18789E-1 7.22764E-1 7.12468E-1 6.87067E-1 6.83808E-1 6.85229E-1 7.04479E-1 6.96937E-1 6.79222E-1 6.76144E-1 6.80472E-1 6.73056E-1 6.77991E-1 6.63479E-1 6.44415E-1 6.48399E-1 6.61746E-1 6.31056E-1 6.30276E-1 6.34706E-1 6.42927E-1 6.34165E-1 6.67339E-1 6.60742E-1 6.57743E-1 6.72315E-1 6.98581E-1 6.92817E-1 7.29218E-1 7.33544E-1 7.2039E-1 7.65236E-1 7.75511E-1 7.90268E-1 7.95048E-1 7.96281E-1 8.24066E-1 8.19447E-1 8.30539E-1 7.93992E-1 8.02492E-1 7.82517E-1
6.27609E-1 6.39523E-1 6.52092E-1 6.48951E-1 6.33577E-1 6.11765E-1 6.12012E-1 6.20576E-1 6.19789E-1 6.30772E-1 6.48571E-1 6.55707E-1 6.58036E-1 6.66992E-1 6.71031E-1 6.86401E-1 7.05242E-1 7.17471E-1 7.16742E-1 7.2358E-1 7.21815E-1 6.99962E-1 6.92916E-1 6.7119E-1 6.87946E-1 6.97333E-1 6.93029E-1 6.84891E-1 6.79084E-1 6.78803E-1 6.7562E-1 6.71403E-1 6.64521E-1 6.80684E-1 6.60438E-1 6.20461E-1 6.14973E-1 6.45796E-1 6.46843E-1 6.4189E-1 6.39447E-1 6.57565E-1 6.74973E-1 6.80691E-1 6.99481E-1 7.11183E-1 7.40905E-1 7.6086E-1 7.50838E-1 7.48303E-1 7.97229E-1 7.8271E-1 7.71079E-1 7.37225E-1 8.02734E-1 8.23133E-1 8.32381E-1 7.96508E-1 8.21762E-1 7.66368E-1 7.57182E-1
6.37024E-1 6.55737E-1 6.52627E-1 6.52312E-1 6.28986E-1 6.28398E-1 6.22743E-1 6.38619E-1 6.4351E-1 6.39948E-1 6.50321E-1 6.60934E-1 6.66108E-1 6.75778E-1 6.81496E-1 7.02636E-1 7.05975E-1 7.18796E-1 7.2608E-1 7.24574E-1 7.16239E-1 7.00815E-1 6.73597E-1 6.68437E-1 6.85033E-1 7.01373E-1 6.91218E-1 6.93308E-1 6.89749E-1 6.8623E-1 6.77439E-1 6.68489E-1 6.91051E-1 6.86092E-1 6.59667E-1 6.41146E-1 6.54011E-1 6.54546E-1 6.73402E-1 6.55958E-1 6.51246E-1 6.55715E-1 6.81215E-1 7.14033E-1 7.20185E-1 7.51661E-1 7.75612E-1 7.61114E-1 7.72737E-1 7.95916E-1 7.85927E-1 7.91224E-1 7.27836E-1 7.53785E-1 8.2211E-1 7.72709E-1 8.11055E-1 7.81514E-1 7.95736E-1 7.21565E-1 8.39103E-1
6.62606E-1 6.70779E-1 6.77696E-1 6.72449E-1 6.79082E-1 6.78807E-1 6.72988E-1 6.63586E-1 6.5177E-1 6.6194E-1 6.65566E-1 6.64003E-1 6.62732E-1 6.79163E-1 6.96369E-1 6.99518E-1 7.11039E-1 7.16681E-1 7.10013E-1 7.12007E-1 6.84314E-1 6.86792E-1 6.86695E-1 6.79128E-1 6.89174E-1 7.05166E-1 7.22733E-1 7.0617E-1 6.96768E-1 6.94477E-1 6.9804E-1 7.10389E-1 6.98641E-1 6.66089E-1 6.53466E-1 6.53382E-1 6.58882E-1 6.72483E-1 6.79864E-1 6.68778E-1 6.67711E-1 6.87891E-1 7.06742E-1 7.0387E-1 7.12494E-1 7.28346E-1 7.35811E-1 7.52153E-1 8.01306E-1 8.07942E-1 7.69063E-1 7.16376E-1 7.5683E-1 8.09878E-1 8.38316E-1 8.12982E-1 7.48802E-1 7.4287E-1 7.90117E-1 8.00685E-1 7.45043E-1
6.38992E-1 6.22523E-1 6.5107E-1 6.59929E-1 6.68129E-1 6.69009E-1 6.60829E-1 6.76974E-1 6.6121E-1 6.6003E-1 6.71509E-1 6.58157E-1 6.64895E-1 6.87867E-1 6.9361E-1 7.04022E-1 7.05025E-1 7.07394E-1 6.99524E-1 6.9228E-1 6.91536E-1 6.90395E-1 6.94782E-1 6.94218E-1 6.98505E-1 7.1547E-1 7.25719E-1 7.22553E-1 7.21246E-1 7.12889E-1 7.21904E-1 7.20813E-1 7.06299E-1 6.77613E-1 6.97113E-1 6.85461E-1 6.77039E-1 6.87237E-1 7.18967E-1 7.13887E-1 7.06239E-1 6.97436E-1 7.17091E-1 7.24112E-1 7.41734E-1 7.46766E-1 7.50127E-1 7.89889E-1 8.09294E-1 7.71713E-1 7.73559E-1 7.58406E-1 8.52514E-1 8.39323E-1 8.14123E-1 8.05476E-1 7.43821E-1 7.5453E-1 7.82637E-1 7.26548E-1 7.20117E-1
6.26066E-1 6.27862E-1 6.48006E-1 6.47959E-1 6.67942E-1 6.71331E-1 6.58042E-1 6.66949E-1 6.67203E-1 6.62809E-1 6.69987E-1 6.7469E-1 6.85962E-1 6.87692E-1 6.92925E-1 6.90094E-1 6.87201E-1 6.81436E-1 6.83294E-1 6.89043E-1 6.78342E-1 6.68782E-1 6.75954E-1 6.79765E-1 7.11604E-1 7.07029E-1 7.13094E-1 7.24182E-1 7.08586E-1 7.07409E-1 7.09658E-1 7.01622E-1 6.92273E-1 6.87681E-1 7.11813E-1 7.09136E-1 6.91209E-1 7.15238E-1 7.34802E-1 7.54925E-1 7.54933E-1 7.42006E-1 7.25219E-1 7.36306E-1 7.72226E-1 7.94309E-1 7.79224E-1 8.14863E-1 8.10831E-1 8.07724E-1 8.21486E-1 7.87644E-1 7.64859E-1 7.69871E-1 7.8783E-1 7.95984E-1 7.31253E-1 7.23481E-1 6.95125E-1 6.8919E-1 6.99807E-1
6.3009E-1 6.5267E-1 6.36721E-1 6.51664E-1 6.62633E-1 6.60203E-1 6.67039E-1 6.78723E-1 6.61293E-1 6.67238E-1 6.73473E-1 6.81165E-1 6.82926E-1 6.93077E-1 6.87549E-1 6.82052E-1 6.75231E-1 6.63648E-1 6.60514E-1 6.74108E-1 6.69852E-1 6.77465E-1 6.88927E-1 6.92792E-1 7.00696E-1 7.13701E-1 7.182E-1 7.13929E-1 7.07533E-1 7.09097E-1 7.10096E-1 6.93969E-1 6.87578E-1 6.9521E-1 7.15035E-1 7.27101E-1 7.41773E-1 7.62218E-1 7.59342E-1 7.89661E-1 7.62555E-1 7.51026E-1 7.57552E-1 7.62062E-1 7.66057E-1 7.77455E-1 8.05293E-1 8.27473E-1 8.27076E-1 8.10196E-1 8.03254E-1 7.47507E-1 7.46578E-1 7.51027E-1 7.99565E-1 8.14403E-1 7.22309E-1 7.27595E-1 7.92633E-1 7.20481E-1 6.95739E-1
5.91337E-1 6.44446E-1 6.34844E-1 6.42348E-1 6.40051E-1 6.4406E-1 6.91938E-1 6.93801E-1 6.75677E-1 6.41163E-1 6.5365E-1 6.70231E-1 6.82455E-1 6.85232E-1 6.69608E-1 6.71381E-1 6.53201E-1 6.44139E-1 6.5742E-1 6.67859E-1 6.67458E-1 6.84307E-1 6.92417E-1 6.98515E-1 6.92438E-1 7.4871E-1 7.55851E-1 7.21439E-1 7.19314E-1 7.14383E-1 7.21518E-1 6.9763E-1 6.73889E-1 6.9604E-1 7.46159E-1 7.59944E-1 7.7352E-1 8.05906E-1 8.29014E-1 7.8871E-1 8.22385E-1 7.63714E-1 7.39549E-1 7.62959E-1 7.93278E-1 7.97188E-1 7.65399E-1 8.00388E-1 7.71479E-1 7.68163E-1 7.38437E-1 7.70909E-1 8.10268E-1 8.03839E-1 7.92896E-1 7.44136E-1 7.09225E-1 7.00975E-1 7.03096E-1 7.06698E-1 6.81204E-1
5.91923E-1 6.304E-1 6.23425E-1 6.31305E-1 6.31257E-1 6.36935E-1 6.43943E-1 6.8351E-1 6.66279E-1 6.42642E-1 6.32762E-1 6.38402E-1 6.46358E-1 6.4329E-1 6.38804E-1 6.42852E-1 6.46354E-1 6.49395E-1 6.62084E-1 6.68435E-1 6.69134E-1 6.83893E-1 6.81168E-1 6.76579E-1 6.90654E-1 7.21854E-1 7.23394E-1 7.1659E-1 7.08179E-1 7.08008E-1 7.05346E-1 6.93266E-1 7.02352E-1 7.15906E-1 7.0666E-1 7.5846E-1 7.35858E-1 7.40052E-1 7.53145E-1 7.70142E-1 7.23498E-1 7.29327E-1 7.35356E-1 7.41215E-1 7.1221E-1 7.22387E-1 8.08441E-1 8.4172E-1 8.33054E-1 8.19158E-1 7.71E-1 7.81133E-1 7.82226E-1 8.3197E-1 7.57573E-1 7.09172E-1 6.79686E-1 6.96961E-1 6.79366E-1 6.85479E-1 6.84943E-1
6.08924E-1 6.09965E-1 6.0787E-1 6.21232E-1 6.30007E-1 6.39303E-1 6.33486E-1 6.73433E-1 6.50269E-1 6.36134E-1 6.31012E-1 6.23757E-1 6.27509E-1 6.30923E-1 6.40622E-1 6.43988E-1 6.47027E-1 6.52043E-1 6.6053E-1 6.65872E-1 6.64145E-1 6.72749E-1 6.71403E-1 6.97691E-1 7.08131E-1 6.95204E-1 7.34622E-1 7.18763E-1 7.00188E-1 7.15954E-1 7.4066E-1 7.01903E-1 7.38775E-1 7.12493E-1 6.8583E-1 6.88156E-1 6.93831E-1 7.04208E-1 7.14794E-1 7.09708E-1 7.00547E-1 7.02769E-1 7.07099E-1 7.10385E-1 7.90196E-1 8.31195E-1 8.4851E-1 8.18933E-1 8.00653E-1 7.81942E-1 7.79436E-1 7.51731E-1 7.08191E-1 7.28003E-1 6.92664E-1 6.62559E-1 6.70748E-1 6.66441E-1 6.70793E-1 6.69501E-1 6.62755E-1
6.12691E-1 6.00479E-1 6.00629E-1 6.13799E-1 6.18588E-1 6.27349E-1 6.2835E-1 6.74942E-1 6.40012E-1 6.08833E-1 5.93972E-1 5.94347E-1 6.01545E-1 6.21658E-1 6.29873E-1 6.28216E-1 6.28035E-1 6.2674E-1 6.29482E-1 6.32455E-1 6.53521E-1 6.47423E-1 6.51917E-1 6.75081E-1 6.8125E-1 6.97606E-1 7.20316E-1 6.98947E-1 6.84237E-1 7.0648E-1 7.29332E-1 6.94812E-1 7.02E-1 6.69579E-1 6.69389E-1 6.77455E-1 6.94408E-1 6.94343E-1 6.81842E-1 6.99116E-1 6.81309E-1 6.80525E-1 6.9264E-1 7.96041E-1 8.10434E-1 8.356E-1 8.41125E-1 8.02739E-1 8.14405E-1 7.98283E-1 7.39948E-1 6.67736E-1 6.6895E-1 6.89203E-1 6.95233E-1 6.61696E-1 6.54755E-1 6.70728E-1 6.74394E-1 6.71184E-1 6.64458E-1
5.88079E-1 5.92259E-1 5.94622E-1 6.09525E-1 6.13092E-1 6.17655E-1 6.01809E-1 6.10641E-1 6.30244E-1 5.84122E-1 5.81524E-1 5.88584E-1 5.8209E-1 5.89844E-1 6.11937E-1 6.26279E-1 6.39445E-1 6.17789E-1 6.19101E-1 6.20627E-1 6.25549E-1 6.35962E-1 6.44911E-1 6.57454E-1 6.87259E-1 7.05946E-1 6.9481E-1 6.72987E-1 6.93315E-1 7.2872E-1 7.342E-1 6.90208E-1 6.9937E-1 6.66091E-1 6.57256E-1 6.97043E-1 6.83974E-1 6.4501E-1 6.49624E-1 6.63594E-1 6.4698E-1 7.09357E-1 7.55191E-1 8.28716E-1 8.31828E-1 8.37463E-1 8.2324E-1 8.06488E-1 7.227E-1 6.65842E-1 6.68542E-1 6.66706E-1 6.72916E-1 6.82576E-1 6.87135E-1 6.88807E-1 6.79961E-1 6.80061E-1 6.69254E-1 6.66142E-1 6.64222E-1
5.89314E-1 5.88594E-1 6.01839E-1 6.03338E-1 6.01266E-1 5.97E-1 5.72978E-1 5.69592E-1 6.0206E-1 5.56254E-1 5.70321E-1 5.73136E-1 5.76725E-1 5.8582E-1 6.22548E-1 6.58069E-1 6.52413E-1 6.06024E-1 6.18632E-1 6.21709E-1 6.21031E-1 6.45129E-1 6.28627E-1 6.56342E-1 6.86582E-1 6.79448E-1 6.67932E-1 6.51313E-1 6.40034E-1 6.89041E-1 6.64168E-1 6.34499E-1 6.44467E-1 6.20621E-1 6.24629E-1 6.4794E-1 6.17101E-1 6.27674E-1 6.47856E-1 7.20932E-1 8.13227E-1 8.06929E-1 8.16972E-1 8.43884E-1 8.36891E-1 8.39941E-1 7.94709E-1 7.24256E-1 6.95276E-1 7.13271E-1 6.84173E-1 6.67478E-1 6.64188E-1 6.84118E-1 7.06658E-1 6.85743E-1 6.91702E-1 6.87596E-1 6.53359E-1 6.47849E-1 6.66102E-1
