data/maxent/outputs/white_78.asc
ncols         426
nrows         180
xllcorner     -130.0
yllcorner     24.0
cellsize      0.16666666666666666
NODATA_value  -9999
[rows 54 to 80 of 180, columns 61 to 121 of 426]
2.87268E-1 1.85788E-1 3.55229E-1 3.49621E-1 2.69104E-1 1.5739E-1 1.12688E-1 7.52641E-2 4.82343E-2 2.1311E-2 5.55335E-2 7.2062E-2 1.15777E-1 1.88511E-1 1.57846E-1 1.52251E-1 2.70297E-1 5.63793E-1 2.86285E-1 1.26712E-1 1.33874E-1 6.7615E-2 4.03831E-2 1.50319E-2 4.73421E-2 2.19066E-2 1.37191E-2 9.05166E-3 1.12455E-2 1.02389E-2 3.10654E-2 1.04497E-2 6.77111E-3 3.69246E-3 4.01367E-3 6.16653E-3 3.06984E-3 3.21524E-3 1.82743E-3 2.10114E-3 3.19111E-3 3.37197E-3 3.09837E-3 1.26988E-3 2.99256E-3 3.31554E-3 3.72175E-3 3.10112E-3 4.54456E-3 1.36533E-2 4.33663E-3 4.92001E-3 5.23414E-3 4.79475E-3 6.66624E-3 6.36698E-3 5.35089E-3 4.64279E-3 4.6147E-3 3.2252E-3 5.43414E-3
3.16451E-1 3.60915E-1 3.32302E-1 1.84596E-1 2.06327E-1 1.6945E-1 8.75856E-2 4.02336E-2 6.31141E-2 6.6748E-2 5.44035E-2 7.89885E-2 9.9575E-2 1.55691E-1 1.90083E-1 3.42244E-1 5.25257E-1 4.68002E-1 5.90732E-2 1.86915E-1 2.4203E-1 3.75736E-2 4.39314E-2 3.02312E-2 2.26711E-2 1.47403E-2 9.96998E-3 1.18208E-2 2.00392E-2 2.514E-2 1.4741E-2 7.40585E-3 6.74997E-3 4.26583E-3 6.23024E-3 4.78187E-3 2.15771E-3 2.57102E-3 2.9891E-3 1.62534E-3 1.69976E-3 1.60853E-3 2.51241E-3 2.04072E-3 1.94425E-3 2.30311E-3 2.69559E-3 2.99849E-3 4.38115E-3 6.81869E-3 6.11356E-3 9.29412E-3 4.93263E-3 5.06046E-3 5.08239E-3 5.31825E-3 5.78786E-3 5.32536E-3 5.15319E-3 3.60598E-3 4.30788E-3
2.06321E-1 3.23712E-1 1.51842E-1 1.01705E-1 1.0339E-1 1.04475E-1 1.2169E-1 9.21466E-2 7.3118E-2 7.42133E-2 7.50901E-2 8.54133E-2 9.19013E-2 1.21851E-1 1.99393E-1 2.32146E-1 3.73313E-1 1.50268E-1 3.18637E-1 2.89516E-1 2.86982E-1 8.71607E-2 6.41672E-2 4.15337E-2 2.44053E-2 1.43115E-2 1.06168E-2 1.27521E-2 9.71021E-3 8.25852E-3 8.25082E-3 5.96722E-3 5.75424E-3 9.59491E-3 6.86908E-3 5.40306E-3 3.98325E-3 1.76792E-3 1.85972E-3 1.73641E-3 1.63693E-3 1.14869E-3 1.6483E-3 2.18559E-3 1.59316E-3 1.77278E-3 3.34774E-3 4.73228E-3 6.3954E-3 7.28763E-3 8.62466E-3 7.04292E-3 5.83708E-3 4.77138E-3 4.66876E-3 5.0008E-3 7.69209E-3 6.27957E-3 5.10325E-3 4.35282E-3 3.70203E-3
1.01639E-1 1.96803E-1 1.88641E-1 2.16762E-1 2.30839E-1 1.75379E-1 1.53817E-1 1.35123E-1 5.18329E-2 6.05688E-2 5.99883E-2 7.71848E-2 7.8043E-2 1.14674E-1 1.41683E-1 3.92235E-1 3.31871E-1 3.82127E-1 4.00924E-1 2.77791E-1 2.75185E-1 1.46118E-1 3.78238E-2 6.00833E-2 4.05907E-2 2.01684E-2 1.16116E-2 9.2362E-3 7.49265E-3 5.49636E-3 5.16659E-3 4.77421E-3 5.10841E-3 1.21151E-2 9.26404E-3 4.06933E-3 3.79604E-3 3.18618E-3 1.97574E-3 1.72937E-3 1.62134E-3 2.01803E-3 1.84495E-3 2.01407E-3 2.98818E-3 3.89455E-3 6.5428E-3 5.65599E-3 6.61233E-3 8.71413E-3 1.20177E-2 9.90596E-3 4.74978E-3 4.44519E-3 6.04519E-3 6.06779E-3 1.06677E-2 8.81166E-3 5.01575E-3 6.5745E-3 6.33575E-3
8.30261E-2 1.04957E-1 1.08248E-1 6.53774E-2 5.26812E-2 6.76873E-2 4.65377E-2 4.19036E-2 4.23194E-2 5.48536E-2 7.44213E-2 6.95973E-2 8.29507E-2 1.68964E-1 2.13111E-1 2.8721E-1 3.24538E-1 3.53779E-1 4.54329E-1 3.65376E-1 2.6403E-1 2.06151E-1 8.3383E-2 1.44788E-1 3.29929E-2 3.19868E-2 1.5854E-2 1.62265E-2 8.72339E-3 7.77005E-3 7.68245E-3 9.49071E-3 1.10681E-2 1.17641E-2 7.72963E-3 5.02545E-3 3.58537E-3 2.82906E-3 2.43264E-3 3.20643E-3 2.22559E-3 2.84598E-3 3.11113E-3 3.86757E-3 6.51813E-3 7.02586E-3 9.42521E-3 8.19359E-3 9.85832E-3 1.65296E-2 1.54617E-2 1.38763E-2 6.55058E-3 6.15363E-3 5.06009E-3 4.94607E-3 4.94269E-3 6.046E-3 5.20444E-3 2.91267E-3 2.64754E-3
1.03344E-1 7.02231E-2 8.17529E-2 5.76145E-2 4.33028E-2 4.38468E-2 5.59196E-2 5.10201E-2 5.26598E-2 7.79331E-2 8.05227E-2 9.01193E-2 1.42098E-1 1.73916E-1 1.86808E-1 2.01752E-1 2.51085E-1 2.77791E-1 3.17749E-1 3.6904E-1 4.48034E-1 3.54239E-1 1.89596E-1 2.18133E-1 7.64216E-2 7.04892E-2 4.2556E-2 2.21898E-2 9.70686E-3 7.52305E-3 5.67379E-3 3.75069E-3 9.016E-3 1.06644E-2 6.92109E-3 4.92661E-3 5.29138E-3 3.02226E-3 3.80724E-3 4.0668E-3 4.91455E-3 4.64571E-3 6.90962E-3 5.97727E-3 6.53714E-3 7.03489E-3 9.93344E-3 1.39584E-2 1.50692E-2 1.77578E-2 2.89064E-2 2.41814E-2 2.03405E-2 1.04135E-2 5.45389E-3 4.78016E-3 4.82047E-3 5.02569E-3 4.80832E-3 2.77685E-3 2.13367E-3
6.53001E-2 4.57379E-2 4.90275E-2 5.30307E-2 5.42022E-2 5.42734E-2 6.4384E-2 7.45038E-2 9.20405E-2 9.92304E-2 1.2082E-1 1.25375E-1 1.77608E-1 1.47741E-1 1.40418E-1 1.59635E-1 2.24754E-1 2.38195E-1 2.33597E-1 2.95745E-1 4.45771E-1 4.2393E-1 2.4955E-1 1.48304E-1 9.05197E-2 6.65597E-2 5.32957E-2 2.62873E-2 9.38977E-3 6.48437E-3 6.54848E-3 4.80564E-3 4.24742E-3 5.13972E-3 6.84599E-3 5.63072E-3 6.87889E-3 7.42168E-3 7.3695E-3 6.76139E-3 1.04638E-2 1.10928E-2 8.0489E-3 5.33381E-3 6.34228E-3 6.30105E-3 9.43373E-3 1.19501E-2 1.52627E-2 2.15129E-2 2.46138E-2 1.51287E-2 1.4717E-2 7.65188E-3 7.99909E-3 8.35973E-3 4.87793E-3 4.67017E-3 3.79749E-3 1.91989E-3 1.89545E-3
4.86122E-2 4.75592E-2 4.57272E-2 5.12115E-2 6.35313E-2 7.12908E-2 7.36468E-2 8.09397E-2 9.7752E-2 1.38224E-1 2.02679E-1 2.1163E-1 2.19618E-1 1.84548E-1 1.7282E-1 1.98379E-1 1.96697E-1 2.07218E-1 2.24945E-1 2.32856E-1 2.85262E-1 5.05495E-1 2.68894E-1 2.42091E-1 1.4779E-1 1.61866E-1 7.61993E-2 3.74532E-2 1.72658E-2 1.0556E-2 8.88974E-3 9.13158E-3 1.56534E-2 9.18323E-3 3.88867E-3 4.34871E-3 6.5122E-3 1.01985E-2 1.02192E-2 1.3076E-2 1.33282E-2 8.16777E-3 8.16839E-3 8.73025E-3 8.91743E-3 8.68699E-3 1.11562E-2 1.55662E-2 2.20023E-2 2.64528E-2 1.90508E-2 1.3537E-2 1.11095E-2 6.46782E-3 6.16211E-3 5.23617E-3 4.9146E-3 4.252E-3 3.08382E-3 2.92505E-3 2.24714E-3
6.31519E-2 6.17897E-2 6.38119E-2 6.43249E-2 8.12918E-2 7.48358E-2 7.59785E-2 9.21463E-2 1.01405E-1 1.95472E-1 1.58894E-1 9.87977E-2 1.21223E-1 1.43201E-1 2.16226E-1 3.00306E-1 1.79637E-1 1.70753E-1 2.33909E-1 2.19895E-1 2.2395E-1 3.51068E-1 5.32584E-1 3.79177E-1 3.03472E-1 1.18862E-1 3.91925E-2 9.27639E-2 3.96027E-2 2.71305E-2 2.05959E-2 1.71072E-2 2.85251E-2 2.4316E-2 2.03538E-2 1.23576E-2 9.62727E-3 1.56018E-2 1.65744E-2 1.35706E-2 1.31608E-2 1.00141E-2 1.11474E-2 1.24973E-2 1.47816E-2 1.43609E-2 1.53958E-2 2.4985E-2 3.47471E-2 2.78679E-2 2.10394E-2 1.78753E-2 1.57322E-2 6.95453E-3 6.04366E-3 5.26645E-3 4.56148E-3 3.84858E-3 3.19284E-3 2.90661E-3 2.03635E-3
8.34602E-2 8.532E-2 8.07146E-2 8.91804E-2 9.38886E-2 8.74314E-2 1.09514E-1 1.09477E-1 1.20806E-1 1.32324E-1 1.1521E-1 1.09182E-1 1.04032E-1 1.2412E-1 1.77515E-1 2.54484E-1 2.06072E-1 2.09956E-1 1.89087E-1 1.54337E-1 1.42061E-1 1.64922E-1 2.28591E-1 3.80147E-1 3.82335E-1 2.2696E-1 1.57703E-1 7.34913E-2 4.94841E-2 3.77625E-2 3.54163E-2 3.99473E-2 4.11554E-2 3.78531E-2 3.57642E-2 2.91893E-2 3.77611E-2 3.56636E-2 3.25344E-2 1.93365E-2 1.8368E-2 2.09558E-2 2.12124E-2 2.29738E-2 3.07914E-2 3.38972E-2 2.90216E-2 3.93397E-2 2.67223E-2 2.23317E-2 2.08843E-2 2.22807E-2 1.09627E-2 1.04389E-2 9.71927E-3 5.16206E-3 3.62475E-3 3.14051E-3 3.0521E-3 2.04774E-3 1.37819E-3
8.24101E-2 9.09506E-2 1.04283E-1 1.12252E-1 9.28547E-2 9.01205E-2 1.1451E-1 1.13642E-1 1.15356E-1 1.18535E-1 9.05289E-2 7.9326E-2 1.09563E-1 1.68488E-1 1.69047E-1 1.58895E-1 1.33457E-1 1.3607E-1 2.09993E-1 1.36735E-1 1.1781E-1 1.38034E-1 1.57707E-1 1.89429E-1 2.96323E-1 4.18634E-1 1.35738E-1 5.83879E-2 4.97812E-2 5.23511E-2 4.49023E-2 4.58284E-2 6.02394E-2 6.50925E-2 6.6301E-2 6.80219E-2 6.92669E-2 5.20618E-2 5.73506E-2 3.07105E-2 2.67279E-2 3.07543E-2 3.38848E-2 2.73183E-2 3.46924E-2 4.02313E-2 4.95523E-2 3.38767E-2 1.56241E-2 1.20672E-2 1.31248E-2 1.55986E-2 2.02254E-2 9.86682E-3 1.08933E-2 8.10624E-3 4.60793E-3 4.14893E-3 3.2584E-3 1.98684E-3 1.06452E-3
7.19012E-2 6.80325E-2 7.58384E-2 7.56987E-2 9.73921E-2 1.04969E-1 1.14811E-1 1.20759E-1 9.99941E-2 1.08807E-1 9.06844E-2 8.33357E-2 9.44512E-2 1.03927E-1 1.02496E-1 1.02954E-1 1.09317E-1 1.03284E-1 8.89032E-2 2.55657E-1 9.95934E-2 8.15411E-2 9.57967E-2 1.11867E-1 1.72183E-1 2.4239E-1 3.18494E-1 3.49301E-1 3.19405E-1 2.89246E-1 2.42246E-1 2.01169E-1 1.44103E-1 9.65148E-2 9.25955E-2 1.1188E-1 9.02102E-2 9.79051E-2 8.78894E-2 4.11292E-2 3.89234E-2 3.5965E-2 3.32062E-2 3.75788E-2 5.2866E-2 6.23783E-2 4.53999E-2 1.91969E-2 1.18859E-2 7.75799E-3 8.36554E-3 1.19181E-2 1.3152E-2 1.15396E-2 7.67732E-3 5.48003E-3 4.75218E-3 3.03255E-3 1.67646E-3 1.66672E-3 1.53987E-3
7.35639E-2 7.64201E-2 6.24054E-2 6.38055E-2 6.78468E-2 8.83443E-2 9.48392E-2 7.77336E-2 7.09678E-2 1.08713E-1 1.10868E-1 9.588E-2 7.51979E-2 7.58559E-2 1.11657E-1 1.03916E-1 1.16307E-1 1.05278E-1 8.94505E-2 1.29025E-1 1.86434E-1 1.01033E-1 7.95475E-2 9.43914E-2 1.17797E-1 1.53761E-1 1.91563E-1 2.04458E-1 1.92914E-1 2.06308E-1 1.84112E-1 1.75107E-1 1.62004E-1 1.27957E-1 1.27904E-1 1.07632E-1 8.58146E-2 7.70534E-2 6.27387E-2 6.79228E-2 4.3049E-2 3.55464E-2 5.87957E-2 7.03657E-2 8.02498E-2 5.4446E-2 2.90532E-2 1.82571E-2 1.22661E-2 1.02711E-2 8.66427E-3 9.20823E-3 1.18733E-2 8.17974E-3 8.15287E-3 5.27893E-3 5.06001E-3 1.84905E-3 9.63987E-4 7.03953E-4 1.05392E-3
1.00093E-1 8.2115E-2 7.24564E-2 7.51398E-2 7.31829E-2 7.57828E-2 5.99152E-2 3.31353E-2 9.92519E-2 1.34441E-1 1.28685E-1 8.98502E-2 5.7099E-2 6.51701E-2 1.1363E-1 1.0646E-1 1.06457E-1 9.15517E-2 8.9258E-2 8.58965E-2 9.83428E-2 1.9688E-1 1.51637E-1 9.77054E-2 1.03502E-1 1.49535E-1 1.51862E-1 1.54772E-1 1.54356E-1 1.59647E-1 1.62458E-1 1.63304E-1 1.46846E-1 1.27636E-1 1.19846E-1 9.51965E-2 6.47848E-2 5.42464E-2 5.89762E-2 7.72862E-2 4.15705E-2 5.6007E-2 8.51125E-2 7.43904E-2 5.79667E-2 5.08522E-2 3.60469E-2 1.80503E-2 1.69881E-2 1.00811E-2 9.44348E-3 1.06983E-2 9.2213E-3 7.13518E-3 7.25946E-3 5.59003E-3 3.86095E-3 1.65822E-3 8.66672E-4 6.71964E-4 5.63407E-4
9.11325E-2 7.00077E-2 8.40754E-2 8.53884E-2 7.53691E-2 6.82866E-2 5.20168E-2 6.48489E-2 7.45729E-2 9.84712E-2 7.15195E-2 6.50748E-2 8.04663E-2 8.35398E-2 1.1321E-1 1.03123E-1 1.01341E-1 9.37649E-2 8.55861E-2 7.04733E-2 5.73235E-2 6.80535E-2 1.64192E-1 2.16036E-1 1.61047E-1 1.47975E-1 1.34447E-1 1.49305E-1 1.43679E-1 1.32488E-1 1.47655E-1 1.41005E-1 1.3747E-1 1.48266E-1 1.26881E-1 1.0046E-1 9.01134E-2 7.55341E-2 5.85602E-2 4.96255E-2 5.5438E-2 6.39516E-2 7.9895E-2 6.02087E-2 4.36109E-2 4.62472E-2 4.63791E-2 2.98029E-2 2.04253E-2 1.94694E-2 1.29387E-2 1.15729E-2 8.84388E-3 8.39949E-3 6.16923E-3 5.41742E-3 3.65105E-3 1.18356E-3 5.91324E-4 5.30246E-4 5.34767E-4
6.96641E-2 6.81978E-2 8.9069E-2 9.31695E-2 9.25193E-2 9.33943E-2 7.29549E-2 8.55915E-2 8.40449E-2 7.63718E-2 9.60472E-2 1.22551E-1 1.28462E-1 1.26464E-1 1.13352E-1 1.15864E-1 1.1492E-1 1.07282E-1 8.13347E-2 7.80945E-2 6.80639E-2 5.67742E-2 7.46139E-2 1.40031E-1 1.74009E-1 1.58495E-1 1.28867E-1 1.11275E-1 9.97258E-2 9.61128E-2 8.92259E-2 7.93139E-2 9.97574E-2 1.07544E-1 1.0094E-1 8.16151E-2 7.31733E-2 5.89807E-2 4.95182E-2 3.79906E-2 5.9725E-2 5.99635E-2 6.37386E-2 4.9648E-2 4.23511E-2 5.13026E-2 4.95139E-2 2.97837E-2 2.28152E-2 1.92415E-2 8.1051E-3 9.82597E-3 6.67091E-3 5.7989E-3 6.42132E-3 5.1612E-3 3.44079E-3 1.4076E-3 7.28536E-4 5.90828E-4 5.07614E-4
1.45714E-1 7.62872E-2 7.90954E-2 8.19232E-2 9.15243E-2 8.19911E-2 1.0056E-1 9.83265E-2 1.31855E-1 1.11245E-1 9.32274E-2 9.80664E-2 1.13174E-1 1.0204E-1 1.12849E-1 1.22649E-1 9.69199E-2 1.00634E-1 8.79376E-2 9.25353E-2 8.34691E-2 6.26302E-2 5.92745E-2 9.55276E-2 1.45785E-1 1.33867E-1 7.73483E-2 6.74874E-2 5.04509E-2 6.20355E-2 7.37373E-2 5.46846E-2 3.72289E-2 3.75508E-2 4.89515E-2 7.0872E-2 4.90281E-2 4.81612E-2 3.75519E-2 3.04528E-2 3.20078E-2 4.7552E-2 5.50274E-2 6.52495E-2 6.58978E-2 5.78108E-2 4.44161E-2 4.63118E-2 3.97273E-2 1.69391E-2 6.84377E-3 5.74649E-3 3.16211E-3 5.03405E-3 5.38995E-3 4.10659E-3 2.26771E-3 1.35614E-3 1.1359E-3 9.64895E-4 7.7012E-4
1.66255E-1 1.08928E-1 8.42704E-2 7.09008E-2 7.48633E-2 9.33799E-2 9.18674E-2 1.20964E-1 1.32713E-1 6.1159E-2 8.90244E-2 1.06394E-1 9.53494E-2 1.0141E-1 8.55069E-2 1.06247E-1 1.07431E-1 1.07781E-1 9.8357E-2 8.30757E-2 8.7594E-2 7.33673E-2 6.97757E-2 7.1791E-2 1.08624E-1 1.05842E-1 7.43528E-2 4.31201E-2 3.68321E-2 3.75189E-2 5.99437E-2 3.02172E-2 1.74576E-2 2.92903E-2 3.08778E-2 3.99605E-2 4.17292E-2 3.29629E-2 3.26587E-2 3.41094E-2 5.14305E-2 3.60312E-2 5.64855E-2 6.52043E-2 5.8747E-2 6.4762E-2 5.62849E-2 4.78914E-2 4.95232E-2 1.57072E-2 2.24023E-2 1.72506E-2 3.57897E-3 1.96224E-3 3.01705E-3 2.23702E-3 1.74484E-3 1.31417E-3 1.47507E-3 1.41107E-3 1.32484E-3
1.35527E-1 1.12419E-1 8.42631E-2 7.92907E-2 8.80388E-2 1.08361E-1 1.18824E-1 1.25731E-1 9.74087E-2 1.19971E-1 9.40651E-2 1.24978E-1 9.77194E-2 1.29323E-1 9.43913E-2 1.08544E-1 1.21906E-1 1.13088E-1 1.05049E-1 8.64944E-2 7.73055E-2 7.03858E-2 6.60677E-2 4.69639E-2 5.69861E-2 6.24102E-2 4.11554E-2 3.47045E-2 3.22276E-2 2.61933E-2 3.93639E-2 2.6022E-2 2.36668E-2 2.29766E-2 2.07367E-2 3.66595E-2 3.36723E-2 4.83286E-2 3.95976E-2 4.10969E-2 3.33407E-2 3.05994E-2 5.98411E-2 7.51575E-2 7.64508E-2 8.79228E-2 7.6042E-2 5.78569E-2 4.24317E-2 1.58361E-2 3.33338E-2 1.64611E-2 2.60859E-3 1.687E-3 2.63228E-3 1.87146E-3 1.54222E-3 1.22662E-3 1.15469E-3 1.54538E-3 1.57594E-3
1.16135E-1 1.0521E-1 9.47426E-2 8.79792E-2 9.62818E-2 1.27238E-1 1.09215E-1 1.41302E-1 1.61036E-1 1.18645E-1 1.37221E-1 1.11176E-1 1.13316E-1 8.61401E-2 8.18124E-2 1.06922E-1 1.18729E-1 1.07766E-1 1.0024E-1 8.39479E-2 6.99933E-2 7.11328E-2 5.00137E-2 4.08605E-2 3.48086E-2 3.80233E-2 2.85196E-2 3.02042E-2 2.04923E-2 2.728E-2 3.14205E-2 2.44009E-2 1.90356E-2 2.24282E-2 3.08203E-2 2.92555E-2 4.51215E-2 3.00307E-2 2.22578E-2 2.64496E-2 4.00183E-2 5.13177E-2 1.08464E-1 1.07868E-1 9.93244E-2 1.25407E-1 1.0856E-1 7.06461E-2 4.6458E-2 2.05968E-2 1.30016E-2 4.78877E-3 2.18017E-3 2.23803E-3 2.09387E-3 2.02503E-3 1.79133E-3 1.27026E-3 1.35512E-3 1.76845E-3 2.1515E-3
1.39935E-1 1.17578E-1 1.07416E-1 9.00989E-2 7.98443E-2 1.10388E-1 1.56465E-1 1.60997E-1 1.07969E-1 1.18699E-1 1.36154E-1 9.07185E-2 1.50899E-1 1.19367E-1 1.54037E-1 1.29977E-1 1.18631E-1 9.63118E-2 8.87487E-2 7.80334E-2 8.56008E-2 8.20858E-2 4.71412E-2 3.832E-2 3.19497E-2 3.18749E-2 2.76578E-2 1.94757E-2 2.85147E-2 2.29882E-2 2.05893E-2 2.33947E-2 1.71852E-2 2.81033E-2 3.43243E-2 2.37541E-2 4.98297E-2 3.15533E-2 3.71097E-2 3.91581E-2 7.48676E-2 1.83848E-1 2.02652E-1 1.69278E-1 1.57353E-1 1.89872E-1 1.59031E-1 7.68014E-2 4.71767E-2 2.09035E-2 1.70861E-2 4.0863E-3 2.59764E-3 2.99393E-3 2.75422E-3 2.65295E-3 2.64081E-3 2.34884E-3 2.41348E-3 2.80075E-3 2.93928E-3
1.5353E-1 1.42249E-1 1.44522E-1 1.65219E-1 1.60832E-1 1.74898E-1 9.57809E-2 8.86574E-2 1.9852E-1 8.75261E-2 8.30889E-2 7.98189E-2 1.56862E-1 1.40641E-1 1.25576E-1 1.07726E-1 1.26238E-1 1.26978E-1 1.04934E-1 9.71122E-2 7.63002E-2 6.67345E-2 4.58763E-2 4.34408E-2 3.7394E-2 3.11319E-2 3.04816E-2 2.23684E-2 2.38788E-2 2.50047E-2 1.8513E-2 1.34766E-2 1.86627E-2 2.43682E-2 2.42225E-2 2.63392E-2 4.62746E-2 4.0855E-2 5.01802E-2 7.43792E-2 1.01969E-1 2.15043E-1 2.74862E-1 3.10044E-1 2.43066E-1 2.78108E-1 3.38179E-1 4.29143E-2 3.20456E-2 1.65766E-2 1.61427E-2 5.52632E-3 2.7779E-3 3.33585E-3 3.41451E-3 3.69043E-3 3.57618E-3 3.47832E-3 3.0375E-3 3.32557E-3 3.67582E-3
1.57977E-1 1.62978E-1 1.70954E-1 2.08983E-1 2.0675E-1 1.23057E-1 6.72719E-2 1.46234E-1 1.67694E-1 7.95932E-2 1.02472E-1 1.12731E-1 1.54752E-1 7.21286E-2 1.42989E-1 1.39026E-1 1.31344E-1 9.89837E-2 8.18633E-2 7.01372E-2 7.47983E-2 5.83868E-2 5.44721E-2 4.2799E-2 3.42434E-2 3.87861E-2 3.68159E-2 1.86576E-2 1.36825E-2 2.38204E-2 2.64886E-2 1.77569E-2 2.8573E-2 1.84822E-2 2.11406E-2 3.40663E-2 2.84944E-2 4.70588E-2 7.85426E-2 6.86723E-2 9.36761E-2 2.08458E-1 2.74715E-1 3.4559E-1 4.10939E-1 4.36923E-1 2.3165E-1 1.67308E-1 4.76416E-2 2.61492E-2 1.90811E-2 7.64741E-3 3.75718E-3 3.17888E-3 4.03687E-3 3.93752E-3 3.81095E-3 3.47848E-3 2.76679E-3 3.62721E-3 3.85063E-3
2.64652E-1 1.72279E-1 2.10455E-1 2.32057E-1 9.64196E-2 9.27427E-2 6.17553E-2 1.58944E-1 9.39592E-2 6.37338E-2 8.61243E-2 8.18838E-2 1.02303E-1 5.8242E-2 1.44852E-1 8.42458E-2 6.00325E-2 1.34057E-1 8.58782E-2 8.62239E-2 1.01208E-1 7.61401E-2 5.75783E-2 4.70256E-2 5.4252E-2 4.50463E-2 3.07503E-2 1.88201E-2 3.31391E-2 3.06226E-2 2.71749E-2 3.90259E-2 1.86925E-2 3.1281E-2 4.31177E-2 5.44837E-2 4.92794E-2 7.31462E-2 9.23265E-2 1.02871E-1 7.33968E-2 9.47841E-2 2.48554E-1 3.40195E-1 3.53486E-1 5.03797E-1 3.66008E-1 2.38938E-1 5.2603E-2 4.3682E-2 3.09455E-2 1.56873E-2 8.50495E-3 5.2951E-3 6.33466E-3 6.57541E-3 4.92666E-3 4.41406E-3 3.37248E-3 3.32839E-3 3.72078E-3
2.59574E-1 2.18815E-1 2.71841E-1 1.31609E-1 6.62859E-2 6.15891E-2 6.38346E-2 1.0896E-1 8.2836E-2 6.67418E-2 9.45942E-2 7.18278E-2 9.35305E-2 1.54324E-1 1.12235E-1 5.54506E-2 4.93899E-2 9.06289E-2 5.90921E-2 7.73056E-2 7.92295E-2 6.34134E-2 6.35575E-2 6.05871E-2 6.62006E-2 4.10583E-2 2.41568E-2 4.55911E-2 3.33569E-2 2.95261E-2 2.26435E-2 4.50786E-2 1.57841E-2 4.02775E-2 3.88767E-2 3.55382E-2 5.91933E-2 7.88099E-2 1.20768E-1 8.21128E-2 9.91991E-2 6.37038E-2 1.32408E-1 3.01893E-1 3.75376E-1 4.97785E-1 3.41725E-1 3.14973E-1 6.39174E-2 5.08633E-2 3.79681E-2 3.21529E-2 2.49811E-2 1.48745E-2 1.23782E-2 8.72994E-3 6.4049E-3 5.75843E-3 5.16714E-3 3.86296E-3 3.70516E-3
2.8196E-1 2.64759E-1 2.60924E-1 1.0623E-1 1.11242E-1 1.03401E-1 1.13251E-1 1.42828E-1 1.02341E-1 9.75992E-2 6.78326E-2 1.5711E-1 7.64643E-2 1.98623E-1 1.29478E-1 1.27596E-1 8.015E-2 7.99107E-2 1.06336E-1 4.45072E-2 5.22012E-2 8.60775E-2 4.59773E-2 6.15797E-2 5.11465E-2 4.18718E-2 5.35151E-2 4.72238E-2 5.99304E-2 3.0173E-2 2.34636E-2 2.99983E-2 1.34399E-2 5.51446E-2 4.01054E-2 4.34319E-2 5.16413E-2 5.65808E-2 7.42145E-2 6.68717E-2 5.63914E-2 1.24648E-1 9.62017E-2 2.07189E-1 3.49663E-1 4.81333E-1 2.70067E-1 2.86249E-1 1.60521E-1 6.31081E-2 4.39393E-2 5.06119E-2 2.58057E-2 1.2977E-2 6.5947E-3 4.39993E-3 3.17167E-3 4.32089E-3 4.08904E-3 4.51014E-3 4.46761E-3
2.05195E-1 1.83907E-1 1.27901E-1 2.05564E-1 1.75144E-1 1.68065E-1 1.70695E-1 1.21943E-1 8.99392E-2 1.04124E-1 1.05183E-1 1.86465E-1 1.11963E-1 1.33444E-1 1.96073E-1 1.51279E-1 2.11796E-1 4.87858E-2 9.97162E-2 9.26497E-2 5.05908E-2 1.01809E-1 1.07007E-1 8.80515E-2 5.80847E-2 7.30766E-2 2.97842E-2 4.74113E-2 5.68475E-2 6.13966E-2 6.99854E-2 4.6359E-2 1.25477E-2 6.44832E-2 3.04064E-2 3.65398E-2 4.40636E-2 4.44069E-2 4.18427E-2 4.58555E-2 6.30114E-2 1.58398E-1 8.01771E-2 2.77276E-1 1.39387E-1 2.47188E-1 2.59645E-1 2.28705E-1 1.14429E-1 3.63759E-2 4.68731E-2 4.50841E-2 3.11347E-2 1.78501E-2 1.26442E-2 1.3408E-2 1.3901E-2 1.28708E-2 1.0878E-2 8.72541E-3 5.60307E-3
