data/maxent/outputs/white_191.asc
ncols         426
nrows         180
xllcorner     -130.0
yllcorner     24.0
cellsize      0.16666666666666666
NODATA_value  -9999
[rows 135 to 161 of 180, columns 122 to 182 of 426]
9.63422E-2 1.72278E-1 9.84898E-2 2.01219E-1 1.78381E-1 2.25175E-1 1.34867E-1 1.58177E-1 1.16265E-1 6.73031E-2 8.22087E-2 9.59808E-2 6.54712E-2 5.03804E-2 5.11172E-2 4.3256E-2 4.12736E-2 4.11423E-2 4.24558E-2 4.52639E-2 4.34834E-2 3.56288E-2 3.70008E-2 5.00824E-2 7.63142E-2 6.19335E-2 6.97645E-2 1.18888E-1 1.88408E-1 6.62199E-2 1.56515E-1 1.19904E-1 8.95226E-2 6.59612E-2 5.46493E-2 5.12081E-2 4.57429E-2 4.37775E-2 4.72678E-2 4.44841E-2 4.42978E-2 4.69417E-2 5.79261E-2 7.58363E-2 1.08434E-1 1.27469E-1 1.43285E-1 1.51301E-1 1.77723E-1 1.89668E-1 2.02696E-1 2.28979E-1 2.50545E-1 2.58998E-1 2.70751E-1 2.71314E-1 2.67676E-1 2.78605E-1 2.99746E-1 3.11024E-1 3.14124E-1
1.31629E-1 1.84973E-1 9.60028E-2 1.91801E-1 2.59093E-1 3.81966E-1 1.37643E-1 1.38828E-1 1.1753E-1 7.82872E-2 7.49201E-2 1.11794E-1 9.26646E-2 7.34765E-2 8.59858E-2 5.59289E-2 4.74432E-2 4.19471E-2 4.60755E-2 4.85936E-2 7.71956E-2 5.11959E-2 5.34913E-2 3.53708E-2 4.96624E-2 8.07248E-2 8.00944E-2 1.38281E-1 1.8269E-1 9.54135E-2 1.10203E-1 1.50124E-1 1.04199E-1 7.86468E-2 6.90364E-2 5.81015E-2 4.66031E-2 4.85798E-2 5.17361E-2 4.89553E-2 4.75947E-2 4.63345E-2 5.70039E-2 8.04002E-2 1.30344E-1 1.31555E-1 1.45797E-1 1.70628E-1 1.96179E-1 2.15499E-1 2.29038E-1 2.62018E-1 2.81832E-1 2.81998E-1 2.97809E-1 3.08092E-1 3.31016E-1 3.13825E-1 3.3054E-1 3.27305E-1 3.26811E-1
1.32997E-1 1.28384E-1 8.22733E-2 2.68154E-1 4.00038E-1 2.73004E-1 1.84531E-1 1.28337E-1 1.02239E-1 8.15928E-2 7.19592E-2 1.272E-1 1.15191E-1 8.76986E-2 7.05419E-2 7.3083E-2 5.31742E-2 4.75681E-2 6.20361E-2 6.40859E-2 7.70846E-2 6.24414E-2 1.08281E-1 4.79612E-2 4.16525E-2 7.75429E-2 6.35766E-2 8.81921E-2 1.32819E-1 8.11861E-2 8.28894E-2 1.35907E-1 1.37495E-1 1.43289E-1 9.53149E-2 6.82916E-2 5.33763E-2 5.46351E-2 5.86823E-2 5.88592E-2 6.09478E-2 6.29505E-2 7.36106E-2 8.8238E-2 1.12094E-1 1.37867E-1 1.62887E-1 1.66503E-1 1.9868E-1 2.16214E-1 2.26397E-1 2.44764E-1 2.81778E-1 3.00942E-1 3.21123E-1 3.25528E-1 3.37268E-1 3.29607E-1 3.31118E-1 3.26144E-1 3.22206E-1
1.17796E-1 1.83249E-1 9.07088E-2 2.88247E-1 3.23407E-1 1.62635E-1 1.3055E-1 1.21845E-1 1.16673E-1 1.21121E-1 1.29904E-1 1.62108E-1 1.1522E-1 6.92615E-2 6.5335E-2 6.74342E-2 5.05816E-2 5.23959E-2 7.22068E-2 5.87812E-2 7.12694E-2 9.04362E-2 7.3358E-2 9.5459E-2 6.40924E-2 6.06113E-2 5.83578E-2 1.43808E-1 9.24181E-2 9.41686E-2 9.71821E-2 1.37062E-1 2.18615E-1 2.66056E-1 1.34243E-1 1.13696E-1 8.54796E-2 8.47372E-2 7.75225E-2 7.97843E-2 8.2418E-2 9.0137E-2 1.06882E-1 1.16047E-1 1.29734E-1 1.41557E-1 1.38907E-1 1.63053E-1 1.84253E-1 2.03847E-1 2.30443E-1 2.35735E-1 2.61407E-1 2.8989E-1 3.16833E-1 3.19601E-1 3.18918E-1 3.14209E-1 3.06017E-1 3.04045E-1 3.123E-1
1.41484E-1 1.79898E-1 1.70215E-1 1.62913E-1 3.18447E-1 2.51052E-1 2.35347E-1 1.80775E-1 1.65061E-1 1.29928E-1 8.89556E-2 1.42718E-1 1.06146E-1 6.92893E-2 6.21965E-2 6.60305E-2 5.02128E-2 7.66052E-2 5.53155E-2 5.23118E-2 7.64297E-2 7.82518E-2 6.51458E-2 8.90029E-2 1.32826E-1 8.91276E-2 5.45608E-2 5.29085E-2 8.76022E-2 8.62198E-2 9.08148E-2 1.35799E-1 2.64238E-1 3.08682E-1 3.03875E-1 2.18489E-1 1.55326E-1 1.06631E-1 9.50818E-2 1.00168E-1 1.07882E-1 1.08628E-1 1.20834E-1 1.36486E-1 1.38229E-1 1.38503E-1 1.28445E-1 1.41874E-1 1.77006E-1 2.00862E-1 2.28595E-1 2.44639E-1 2.60522E-1 2.84959E-1 3.01728E-1 3.18135E-1 3.35389E-1 3.43661E-1 3.29916E-1 3.20994E-1 3.14839E-1
2.13274E-1 1.67211E-1 2.95753E-1 3.16916E-1 2.20717E-1 3.24904E-1 4.56851E-1 3.25604E-1 1.93997E-1 1.25338E-1 9.45609E-2 1.63858E-1 1.29409E-1 8.06601E-2 6.58983E-2 8.01022E-2 6.67936E-2 6.95782E-2 6.05812E-2 8.3511E-2 1.06686E-1 1.01995E-1 8.77195E-2 7.79681E-2 8.60661E-2 9.45536E-2 6.76574E-2 4.80812E-2 6.05679E-2 8.45874E-2 7.51754E-2 1.01717E-1 2.26439E-1 2.80805E-1 1.95513E-1 2.18115E-1 1.76459E-1 1.19865E-1 1.27192E-1 1.51728E-1 1.49269E-1 1.32146E-1 1.27082E-1 1.30811E-1 1.18815E-1 1.18116E-1 1.27262E-1 1.36314E-1 1.67955E-1 1.9915E-1 2.33511E-1 2.43838E-1 2.61706E-1 2.83657E-1 3.00955E-1 3.10861E-1 3.37622E-1 3.20294E-1 3.057E-1 2.95545E-1 3.03606E-1
2.2389E-1 1.80166E-1 2.32244E-1 3.32017E-1 1.86623E-1 2.85073E-1 4.52813E-1 4.31547E-1 3.10161E-1 1.70943E-1 1.03295E-1 1.21605E-1 1.07518E-1 8.35424E-2 7.74832E-2 7.19114E-2 9.05282E-2 7.71152E-2 7.99968E-2 1.23646E-1 1.53807E-1 1.12122E-1 1.28045E-1 7.13156E-2 6.91948E-2 7.57756E-2 5.5418E-2 4.56105E-2 7.52234E-2 6.72591E-2 1.19399E-1 8.50334E-2 1.23971E-1 1.39925E-1 1.85805E-1 2.05877E-1 1.64689E-1 1.83217E-1 2.54243E-1 2.36384E-1 1.83961E-1 1.57158E-1 1.43179E-1 1.31115E-1 1.17479E-1 1.17833E-1 1.19283E-1 1.36154E-1 1.66681E-1 1.88696E-1 2.1707E-1 2.30292E-1 2.50062E-1 2.67277E-1 3.01769E-1 3.09673E-1 3.26588E-1 3.27428E-1 3.12277E-1 3.12662E-1 3.51208E-1
2.22588E-1 1.82061E-1 1.9777E-1 2.41481E-1 1.97161E-1 3.14902E-1 4.3557E-1 3.8383E-1 2.98405E-1 1.85194E-1 1.28992E-1 1.23848E-1 9.01255E-2 8.46951E-2 8.14249E-2 9.21285E-2 8.8327E-2 9.67716E-2 1.13889E-1 1.72817E-1 1.64477E-1 1.30066E-1 1.173E-1 8.89352E-2 6.30673E-2 9.5823E-2 6.78679E-2 4.14859E-2 8.71076E-2 5.63995E-2 8.05891E-2 1.24057E-1 1.14061E-1 9.63379E-2 1.28875E-1 2.19721E-1 2.55082E-1 2.17758E-1 1.51103E-1 1.41157E-1 1.85422E-1 1.51111E-1 1.25412E-1 1.22693E-1 1.13646E-1 1.03087E-1 1.13398E-1 1.36328E-1 1.54926E-1 1.83145E-1 2.03332E-1 2.21052E-1 2.37969E-1 2.73895E-1 3.09136E-1 3.13285E-1 3.34524E-1 3.38038E-1 3.44326E-1 3.53546E-1 3.64103E-1
2.0495E-1 1.6208E-1 1.65405E-1 2.05458E-1 2.89423E-1 3.12353E-1 3.36564E-1 3.82783E-1 2.88892E-1 2.4895E-1 2.01583E-1 1.41087E-1 9.00591E-2 9.71723E-2 8.44378E-2 8.78114E-2 8.7814E-2 1.30537E-1 1.56287E-1 1.45078E-1 1.13766E-1 1.26728E-1 8.74437E-2 7.37706E-2 7.07417E-2 1.00381E-1 9.51961E-2 4.84296E-2 8.54992E-2 5.59842E-2 7.31648E-2 1.4788E-1 1.33859E-1 9.94484E-2 1.29297E-1 1.93666E-1 1.88578E-1 1.44754E-1 1.22633E-1 1.30491E-1 1.48611E-1 1.22716E-1 1.02483E-1 1.02699E-1 9.43743E-2 8.56351E-2 9.97663E-2 1.14769E-1 1.44007E-1 1.78626E-1 2.05013E-1 2.43295E-1 2.62279E-1 2.81846E-1 3.22176E-1 3.45333E-1 3.66624E-1 3.81128E-1 3.86785E-1 3.76086E-1 3.82287E-1
1.54091E-1 1.60803E-1 1.52411E-1 1.88258E-1 2.68597E-1 3.41095E-1 3.16333E-1 4.12615E-1 3.94329E-1 3.13031E-1 2.33466E-1 1.70796E-1 1.28718E-1 1.33611E-1 1.04701E-1 1.0339E-1 8.60762E-2 8.86057E-2 1.17717E-1 1.06485E-1 1.19315E-1 1.13765E-1 1.04168E-1 8.70772E-2 1.02715E-1 1.46212E-1 1.46218E-1 8.59973E-2 9.16902E-2 6.73961E-2 5.99009E-2 1.33032E-1 9.3918E-2 8.82794E-2 1.14465E-1 1.11118E-1 1.13428E-1 1.28286E-1 1.03197E-1 1.29809E-1 1.03368E-1 8.8902E-2 7.11936E-2 7.12984E-2 7.69442E-2 8.17423E-2 8.81478E-2 1.02493E-1 1.32902E-1 1.5947E-1 1.90273E-1 2.31175E-1 2.57858E-1 2.95264E-1 3.52539E-1 3.52943E-1 3.90742E-1 4.14151E-1 4.24383E-1 4.12146E-1 4.16023E-1
9.18194E-2 1.45107E-1 1.38236E-1 1.54675E-1 1.84173E-1 3.67499E-1 3.51922E-1 3.87427E-1 3.79643E-1 3.8008E-1 2.50378E-1 1.56263E-1 1.87E-1 1.43136E-1 1.49958E-1 1.23912E-1 1.2716E-1 8.94624E-2 1.10563E-1 1.15336E-1 1.23041E-1 9.21801E-2 1.22101E-1 9.81988E-2 1.15038E-1 1.50668E-1 1.1118E-1 1.08054E-1 7.23628E-2 7.66321E-2 3.33536E-2 5.19566E-2 6.83394E-2 6.62528E-2 8.86024E-2 7.41702E-2 9.64145E-2 1.24238E-1 1.01266E-1 6.72693E-2 7.36878E-2 8.00413E-2 8.12084E-2 7.9687E-2 7.44922E-2 6.86713E-2 8.21732E-2 9.75706E-2 1.28774E-1 1.6441E-1 1.91813E-1 2.23903E-1 2.51139E-1 2.85369E-1 3.48032E-1 3.64512E-1 4.08217E-1 4.0249E-1 4.53625E-1 4.49386E-1 4.71024E-1
8.79331E-2 1.19332E-1 1.47852E-1 1.4323E-1 1.60713E-1 2.27007E-1 3.47819E-1 3.90835E-1 3.63083E-1 3.66786E-1 3.03978E-1 1.67132E-1 1.95964E-1 1.47202E-1 1.58926E-1 1.3244E-1 1.78448E-1 1.93081E-1 1.22895E-1 1.08121E-1 1.12106E-1 8.11873E-2 8.33019E-2 1.22388E-1 1.25821E-1 1.42512E-1 1.10539E-1 7.81336E-2 4.56177E-2 5.01888E-2 2.66196E-2 2.94455E-2 4.00146E-2 7.50886E-2 1.15767E-1 1.01712E-1 8.66509E-2 1.05399E-1 8.68391E-2 7.52942E-2 7.75593E-2 8.23454E-2 9.15495E-2 8.0323E-2 6.83874E-2 5.93656E-2 6.65591E-2 8.74644E-2 1.17322E-1 1.4597E-1 2.08046E-1 2.29409E-1 2.48299E-1 2.6243E-1 3.17108E-1 3.57408E-1 3.76621E-1 4.05066E-1 4.28162E-1 4.49189E-1 4.60195E-1
9.62067E-2 1.55612E-1 1.28596E-1 1.42811E-1 1.54108E-1 2.10851E-1 3.09356E-1 3.60432E-1 3.93862E-1 3.20048E-1 2.31913E-1 1.6675E-1 1.7221E-1 1.42764E-1 1.43939E-1 1.36354E-1 1.33822E-1 1.97553E-1 2.10573E-1 1.21834E-1 1.03982E-1 8.16048E-2 6.02305E-2 7.8897E-2 1.05056E-1 1.20999E-1 1.0241E-1 6.12067E-2 4.43273E-2 6.12537E-2 3.59281E-2 2.86327E-2 3.72101E-2 7.97006E-2 1.11467E-1 1.22887E-1 7.90027E-2 1.15337E-1 9.62394E-2 8.29831E-2 9.90946E-2 5.27861E-2 6.75282E-2 5.93655E-2 9.07416E-2 6.3372E-2 6.23879E-2 7.97189E-2 1.09166E-1 1.41251E-1 1.8587E-1 2.30556E-1 2.44187E-1 2.57324E-1 2.91036E-1 3.23183E-1 3.39819E-1 3.54338E-1 3.93128E-1 3.83874E-1 3.74889E-1
1.03125E-1 1.31935E-1 1.25589E-1 1.57365E-1 1.93923E-1 2.55653E-1 2.49885E-1 3.6488E-1 3.8927E-1 3.1303E-1 2.60832E-1 1.91821E-1 2.09482E-1 1.5095E-1 1.44669E-1 1.26461E-1 1.18659E-1 1.39402E-1 1.99502E-1 1.54945E-1 9.93881E-2 1.32861E-1 6.03958E-2 6.2262E-2 6.68174E-2 7.45307E-2 5.86598E-2 4.49231E-2 4.49472E-2 5.47343E-2 7.96169E-2 3.64765E-2 5.57551E-2 1.19998E-1 8.64244E-2 6.36919E-2 5.93384E-2 1.01642E-1 2.04908E-1 5.25466E-2 5.61143E-2 1.40092E-1 9.30362E-2 5.46106E-2 7.69479E-2 7.65446E-2 6.37583E-2 7.79089E-2 1.02804E-1 1.3505E-1 1.74844E-1 2.06284E-1 2.4662E-1 2.59865E-1 2.88269E-1 3.15513E-1 3.22067E-1 3.20091E-1 3.26447E-1 3.35403E-1 3.41561E-1
1.37018E-1 1.02374E-1 9.79094E-2 1.75691E-1 2.36421E-1 2.21887E-1 2.85436E-1 3.34145E-1 3.01716E-1 2.82442E-1 2.52933E-1 2.34822E-1 2.11478E-1 1.52541E-1 1.7803E-1 1.44734E-1 1.40989E-1 1.37148E-1 1.88582E-1 1.53796E-1 9.69313E-2 1.28657E-1 6.65162E-2 8.54361E-2 6.66533E-2 7.42213E-2 6.12445E-2 3.5514E-2 4.71179E-2 3.90622E-2 4.59564E-2 6.6314E-2 1.17129E-1 1.46352E-1 9.99419E-2 5.66449E-2 7.18308E-2 5.88288E-2 5.36896E-2 3.8862E-2 3.63714E-2 1.09111E-1 1.79447E-1 6.79194E-2 1.00942E-1 1.68442E-1 8.3571E-2 7.98912E-2 1.07621E-1 1.46913E-1 1.72422E-1 2.01036E-1 2.33827E-1 2.65657E-1 2.90532E-1 3.03823E-1 3.16718E-1 3.25907E-1 3.20173E-1 3.36099E-1 3.51604E-1
1.27992E-1 1.26719E-1 1.22704E-1 1.67698E-1 2.48741E-1 2.2126E-1 2.96742E-1 2.69473E-1 3.04711E-1 2.55923E-1 2.23433E-1 1.93755E-1 2.06175E-1 1.56683E-1 1.94988E-1 1.78708E-1 1.6326E-1 1.28042E-1 1.75155E-1 1.57875E-1 1.06648E-1 1.30079E-1 8.87447E-2 7.54852E-2 7.64504E-2 6.31482E-2 6.20555E-2 4.74431E-2 4.20327E-2 3.38679E-2 4.81988E-2 9.26172E-2 1.37557E-1 1.17349E-1 1.08794E-1 9.46345E-2 5.91608E-2 4.32962E-2 3.2373E-2 5.37898E-2 3.30989E-2 3.8118E-2 1.76362E-1 9.12407E-2 9.90205E-2 1.28043E-1 8.24474E-2 9.14653E-2 1.17607E-1 1.53498E-1 1.69273E-1 1.84984E-1 2.12853E-1 2.40489E-1 2.74686E-1 2.92733E-1 3.00243E-1 3.03715E-1 3.14519E-1 3.41556E-1 3.46478E-1
9.17809E-2 1.53054E-1 1.6711E-1 1.81524E-1 2.67748E-1 2.69309E-1 2.84096E-1 2.56463E-1 3.19981E-1 2.14438E-1 1.92993E-1 2.21697E-1 2.05109E-1 2.38928E-1 1.93938E-1 1.50451E-1 1.50176E-1 1.70138E-1 1.70847E-1 1.58468E-1 1.2868E-1 1.20351E-1 1.14389E-1 7.25941E-2 6.95202E-2 6.39824E-2 6.76698E-2 7.40287E-2 5.46106E-2 4.89836E-2 5.655E-2 8.19262E-2 1.30132E-1 1.02536E-1 8.45573E-2 1.26626E-1 1.1387E-1 5.05626E-2 3.65581E-2 3.17988E-2 3.53125E-2 3.41616E-2 7.49504E-2 7.27821E-2 7.21743E-2 1.05017E-1 7.54917E-2 9.76485E-2 1.25675E-1 1.53732E-1 1.55027E-1 1.64846E-1 1.93823E-1 2.21605E-1 2.60301E-1 2.9338E-1 2.95023E-1 3.0297E-1 3.21907E-1 3.39649E-1 3.58857E-1
7.77617E-2 1.21451E-1 1.80313E-1 1.91987E-1 2.65973E-1 2.74846E-1 2.69727E-1 2.3513E-1 3.04433E-1 2.84481E-1 2.20246E-1 2.83974E-1 2.29824E-1 2.00919E-1 2.02936E-1 2.22315E-1 1.36444E-1 1.62894E-1 1.23515E-1 1.42075E-1 1.27152E-1 1.20549E-1 1.22109E-1 9.52636E-2 5.58565E-2 5.28885E-2 8.10451E-2 7.41341E-2 6.75009E-2 7.70708E-2 9.21049E-2 7.33379E-2 8.3394E-2 8.49837E-2 7.96353E-2 9.04023E-2 1.54167E-1 7.89695E-2 3.24679E-2 2.67865E-2 2.82364E-2 3.60189E-2 1.20211E-1 8.21449E-2 1.09729E-1 7.85748E-2 9.49068E-2 1.14855E-1 1.31776E-1 1.39771E-1 1.32753E-1 1.44142E-1 1.66755E-1 1.96631E-1 2.4193E-1 2.61957E-1 2.8526E-1 3.1632E-1 3.28709E-1 3.401E-1 3.44921E-1
8.06177E-2 1.11447E-1 1.26602E-1 2.19555E-1 2.54834E-1 2.47958E-1 2.64255E-1 2.71463E-1 2.9736E-1 3.12999E-1 2.85814E-1 2.72845E-1 2.90029E-1 2.22168E-1 1.93301E-1 1.99681E-1 1.40169E-1 1.33923E-1 1.2395E-1 1.06545E-1 1.03501E-1 1.37666E-1 1.16278E-1 9.55287E-2 6.13016E-2 5.3673E-2 6.25915E-2 7.54218E-2 1.06254E-1 1.01461E-1 1.03934E-1 1.02823E-1 1.05404E-1 9.75704E-2 7.98627E-2 8.04279E-2 7.52265E-2 6.18877E-2 3.67221E-2 6.62782E-2 2.86206E-2 3.20856E-2 1.16032E-1 7.15471E-2 9.7307E-2 1.36236E-1 1.31302E-1 1.43801E-1 1.41594E-1 1.3226E-1 1.21124E-1 1.32899E-1 1.49301E-1 1.72527E-1 2.12378E-1 2.55891E-1 2.87077E-1 3.08679E-1 3.17506E-1 3.21613E-1 3.18423E-1
1.04798E-1 1.05676E-1 1.02332E-1 2.26475E-1 2.6395E-1 2.84984E-1 2.56591E-1 3.03122E-1 3.30811E-1 3.40391E-1 3.29885E-1 3.51709E-1 3.55817E-1 2.54804E-1 2.79926E-1 1.69874E-1 1.39833E-1 1.40333E-1 1.03999E-1 9.68089E-2 9.19902E-2 1.20157E-1 9.58488E-2 9.16839E-2 9.47837E-2 7.08119E-2 9.0662E-2 7.33222E-2 8.22706E-2 1.33277E-1 1.36616E-1 1.16159E-1 1.37588E-1 1.3699E-1 8.41525E-2 7.68225E-2 7.8066E-2 7.61018E-2 3.57065E-2 1.35438E-1 5.24516E-2 6.12302E-2 7.74448E-2 9.60493E-2 9.86151E-2 1.39719E-1 1.53908E-1 1.93362E-1 1.6052E-1 1.39998E-1 1.28433E-1 1.38826E-1 1.51567E-1 1.72828E-1 2.04666E-1 2.47917E-1 2.76836E-1 2.94992E-1 3.0554E-1 2.96491E-1 3.0563E-1
1.08061E-1 1.16313E-1 1.2104E-1 2.09653E-1 2.45323E-1 2.27487E-1 2.34572E-1 2.40983E-1 3.14224E-1 3.21055E-1 3.45901E-1 3.36098E-1 3.3484E-1 3.28633E-1 2.89355E-1 2.09332E-1 1.49819E-1 1.32719E-1 1.2654E-1 9.66865E-2 9.74924E-2 1.10044E-1 1.06252E-1 1.04164E-1 8.85653E-2 7.64841E-2 8.97653E-2 7.83519E-2 1.09267E-1 1.22227E-1 1.04263E-1 1.0979E-1 9.67957E-2 8.31814E-2 7.268E-2 7.76186E-2 6.94285E-2 6.26919E-2 3.58437E-2 9.332E-2 8.99703E-2 7.38129E-2 8.47474E-2 9.95563E-2 1.07048E-1 1.30958E-1 1.79842E-1 1.87499E-1 1.59835E-1 1.42379E-1 1.30804E-1 1.45051E-1 1.74991E-1 1.99109E-1 2.19783E-1 2.40811E-1 2.7569E-1 2.79482E-1 2.94685E-1 2.91976E-1 3.1119E-1
1.14326E-1 1.00833E-1 1.1521E-1 1.53862E-1 2.17219E-1 1.61307E-1 2.32068E-1 2.35182E-1 2.83916E-1 2.91488E-1 3.1508E-1 3.22403E-1 3.12356E-1 3.29512E-1 3.07491E-1 1.83579E-1 1.95248E-1 9.92481E-2 9.6738E-2 1.01983E-1 1.04615E-1 1.04632E-1 1.15648E-1 1.03956E-1 8.76332E-2 8.02678E-2 8.2635E-2 9.0759E-2 9.58984E-2 1.09888E-1 1.07645E-1 1.24684E-1 1.13915E-1 8.97606E-2 7.19719E-2 1.16098E-1 9.20318E-2 4.58414E-2 3.78102E-2 4.98253E-2 6.44774E-2 7.83155E-2 7.20393E-2 1.0734E-1 1.1521E-1 1.23121E-1 2.04647E-1 2.1536E-1 1.74211E-1 1.44996E-1 1.3905E-1 1.53713E-1 1.84648E-1 2.22843E-1 2.40074E-1 2.33415E-1 2.69469E-1 2.73629E-1 2.7567E-1 2.91727E-1 2.98121E-1
1.10397E-1 1.09644E-1 9.1175E-2 1.42755E-1 1.64442E-1 1.79329E-1 2.47684E-1 2.45769E-1 2.59627E-1 2.44739E-1 2.5601E-1 3.2095E-1 3.03861E-1 3.07108E-1 2.86316E-1 1.9838E-1 2.62827E-1 1.46004E-1 1.03922E-1 1.15783E-1 1.05501E-1 1.06789E-1 1.1373E-1 1.03438E-1 8.47594E-2 7.17682E-2 9.04947E-2 9.14784E-2 7.8723E-2 7.93288E-2 1.14401E-1 1.0651E-1 1.00897E-1 1.08266E-1 1.1502E-1 9.17754E-2 1.2077E-1 6.09697E-2 4.27778E-2 4.65235E-2 5.32416E-2 1.04496E-1 9.22525E-2 8.6867E-2 1.17298E-1 1.3591E-1 1.38883E-1 1.47048E-1 1.91951E-1 1.67254E-1 1.36192E-1 1.3515E-1 1.57105E-1 1.91457E-1 2.10998E-1 2.28257E-1 2.5906E-1 2.67884E-1 2.62502E-1 2.64674E-1 2.73422E-1
1.39617E-1 9.8167E-2 7.87633E-2 1.2691E-1 1.20447E-1 1.82229E-1 1.93963E-1 1.7403E-1 2.18826E-1 2.55662E-1 2.36897E-1 2.53334E-1 2.9829E-1 2.87623E-1 2.44568E-1 2.19435E-1 1.83311E-1 1.3194E-1 1.16768E-1 1.14189E-1 1.20587E-1 1.12428E-1 1.25885E-1 1.0218E-1 1.01114E-1 7.40941E-2 5.88184E-2 6.40898E-2 6.93093E-2 8.14127E-2 1.16122E-1 9.55172E-2 9.44053E-2 9.10701E-2 1.63553E-1 9.79759E-2 1.31648E-1 9.54498E-2 7.33311E-2 6.75834E-2 6.1725E-2 1.5048E-1 1.52052E-1 8.75791E-2 1.29313E-1 1.33076E-1 1.41475E-1 1.27227E-1 1.58794E-1 1.37716E-1 1.28182E-1 1.31536E-1 1.4689E-1 1.65325E-1 1.86065E-1 2.06567E-1 2.38097E-1 2.69141E-1 2.61196E-1 2.4434E-1 2.48663E-1
1.18648E-1 1.06464E-1 9.85214E-2 1.10371E-1 1.13182E-1 1.51603E-1 1.62792E-1 1.58394E-1 1.65416E-1 1.59554E-1 2.417E-1 2.26561E-1 2.51891E-1 2.43056E-1 2.40492E-1 2.35288E-1 2.18312E-1 1.45854E-1 1.82361E-1 1.23429E-1 1.2955E-1 1.32504E-1 1.34477E-1 1.19028E-1 9.73354E-2 7.36542E-2 5.60102E-2 6.17847E-2 6.406E-2 1.07483E-1 8.9855E-2 1.22104E-1 1.13308E-1 1.46226E-1 1.16021E-1 1.46158E-1 1.51277E-1 9.19062E-2 6.9344E-2 6.21118E-2 6.18168E-2 1.16896E-1 1.75457E-1 9.56357E-2 9.93682E-2 1.08358E-1 1.6887E-1 1.43469E-1 1.29756E-1 1.33341E-1 1.2282E-1 1.245E-1 1.31253E-1 1.61694E-1 1.88239E-1 1.95449E-1 2.19939E-1 2.47411E-1 2.56573E-1 2.41982E-1 2.51552E-1
1.16855E-1 1.27657E-1 1.34331E-1 1.61108E-1 1.19957E-1 1.60127E-1 1.77861E-1 1.53806E-1 1.60134E-1 1.79265E-1 1.95715E-1 2.0839E-1 2.65841E-1 2.58574E-1 1.98873E-1 2.01311E-1 2.17898E-1 1.95037E-1 2.429E-1 1.24427E-1 1.18238E-1 1.38803E-1 1.18777E-1 1.32001E-1 1.07319E-1 8.83056E-2 7.29729E-2 6.35809E-2 5.94437E-2 9.29089E-2 9.60717E-2 9.25047E-2 1.39113E-1 2.12329E-1 1.30204E-1 2.31605E-1 1.88082E-1 1.0013E-1 6.4562E-2 6.33296E-2 6.54509E-2 9.67655E-2 1.30203E-1 9.36743E-2 7.4168E-2 1.44744E-1 1.68845E-1 1.47412E-1 1.00618E-1 1.07585E-1 1.22404E-1 1.50531E-1 1.5705E-1 1.52856E-1 1.72155E-1 1.68162E-1 2.06141E-1 2.3489E-1 2.30782E-1 2.37027E-1 2.45186E-1
1.06554E-1 1.41917E-1 1.6751E-1 1.89173E-1 1.66254E-1 1.60974E-1 1.6837E-1 1.45707E-1 1.51622E-1 1.74645E-1 1.81383E-1 1.85263E-1 2.34861E-1 2.26E-1 2.19032E-1 2.0685E-1 2.0438E-1 1.94487E-1 2.39528E-1 1.28021E-1 1.13276E-1 1.40559E-1 1.35839E-1 1.54901E-1 1.19671E-1 1.07884E-1 9.92037E-2 7.89245E-2 6.77998E-2 7.69929E-2 1.22038E-1 9.29805E-2 1.62154E-1 1.46919E-1 9.00933E-2 9.42919E-2 7.54649E-2 5.32167E-2 8.28138E-2 4.77203E-2 5.93838E-2 8.60514E-2 1.79472E-1 1.98621E-1 1.08985E-1 1.18913E-1 1.50019E-1 1.52511E-1 9.93515E-2 1.01024E-1 1.0995E-1 1.84381E-1 2.42066E-1 2.19782E-1 1.84694E-1 1.94869E-1 1.98828E-1 2.0908E-1 2.15084E-1 2.22626E-1 2.38946E-1
