data/maxent/outputs/white_32.asc
ncols         426
nrows         180
xllcorner     -130.0
yllcorner     24.0
cellsize      0.16666666666666666
NODATA_value  -9999
[rows 108 to 134 of 180, columns 244 to 304 of 426]
2.30391E-1 2.17715E-1 1.89674E-1 1.78507E-1 1.62219E-1 1.41675E-1 1.2564E-1 1.19069E-1 1.49946E-1 9.96314E-2 1.02692E-1 1.1044E-1 1.20676E-1 1.3391E-1 1.5704E-1 1.72256E-1 1.66604E-1 1.87026E-1 1.78798E-1 2.03002E-1 2.07791E-1 1.96885E-1 1.93446E-1 1.87996E-1 1.61168E-1 1.60222E-1 1.62262E-1 1.62633E-1 1.76426E-1 1.87246E-1 2.37883E-1 2.94898E-1 2.62768E-1 1.83414E-1 1.90929E-1 2.43337E-1 2.33494E-1 2.54132E-1 3.01264E-1 2.86937E-1 2.50941E-1 2.4637E-1 2.4209E-1 2.81489E-1 4.24645E-1 4.06155E-1 3.56589E-1 3.57354E-1 3.32453E-1 3.00838E-1 3.22876E-1 3.51643E-1 3.9018E-1 4.40491E-1 4.78707E-1 4.97929E-1 4.43661E-1 4.24148E-1 3.57029E-1 3.72617E-1 4.30423E-1
2.35565E-1 2.30401E-1 2.22419E-1 1.99169E-1 1.70095E-1 1.49437E-1 1.39518E-1 1.17239E-1 1.14266E-1 1.0363E-1 1.04347E-1 1.09764E-1 1.1343E-1 1.25426E-1 1.47679E-1 1.51751E-1 1.62391E-1 1.7012E-1 1.82287E-1 1.90569E-1 1.86206E-1 1.97049E-1 2.03587E-1 1.82316E-1 1.57384E-1 1.61265E-1 1.57798E-1 2.15137E-1 1.81885E-1 1.80705E-1 2.50647E-1 2.04762E-1 2.13519E-1 2.14125E-1 2.20935E-1 2.30548E-1 2.51491E-1 2.72996E-1 2.3568E-1 2.84845E-1 2.54402E-1 3.04615E-1 2.81028E-1 4.25482E-1 4.50313E-1 3.84513E-1 3.96753E-1 4.07968E-1 4.20919E-1 3.89228E-1 4.26472E-1 3.95204E-1 4.4282E-1 5.21637E-1 5.42172E-1 5.02651E-1 4.57226E-1 4.30132E-1 3.43272E-1 3.80844E-1 4.24951E-1
2.53824E-1 2.41019E-1 2.43847E-1 2.20375E-1 1.7028E-1 1.53126E-1 1.37918E-1 1.29391E-1 1.24048E-1 1.07512E-1 1.12839E-1 1.19233E-1 1.21609E-1 1.32879E-1 1.32615E-1 1.46178E-1 1.60109E-1 1.7055E-1 1.81658E-1 1.85277E-1 1.86598E-1 2.16288E-1 1.99468E-1 1.66076E-1 1.6683E-1 1.61307E-1 1.5634E-1 1.6661E-1 1.45715E-1 1.69876E-1 2.45462E-1 2.24494E-1 2.33064E-1 2.15027E-1 1.75521E-1 1.52521E-1 1.56054E-1 1.84902E-1 2.19E-1 2.96717E-1 3.5147E-1 3.51958E-1 4.14527E-1 3.98036E-1 4.00622E-1 4.66315E-1 4.62135E-1 4.25585E-1 4.24542E-1 4.77981E-1 5.98782E-1 4.72433E-1 5.15936E-1 5.51291E-1 5.80558E-1 4.6675E-1 4.62638E-1 3.89655E-1 3.15836E-1 3.37101E-1 3.7051E-1
2.61074E-1 2.54355E-1 2.28584E-1 2.01793E-1 1.6961E-1 1.52025E-1 1.46808E-1 1.47096E-1 1.43531E-1 1.09942E-1 1.17188E-1 1.32761E-1 1.41177E-1 1.47486E-1 1.53746E-1 1.60283E-1 1.65832E-1 1.7296E-1 1.87053E-1 1.8367E-1 1.94025E-1 1.87251E-1 1.70816E-1 1.8125E-1 1.76187E-1 1.86285E-1 1.81242E-1 1.57705E-1 1.51731E-1 1.8916E-1 2.08553E-1 2.20824E-1 1.93105E-1 1.75509E-1 1.874E-1 1.86596E-1 1.97317E-1 1.60608E-1 1.75242E-1 2.34825E-1 3.21221E-1 3.08091E-1 4.13734E-1 3.9672E-1 3.93626E-1 4.20387E-1 4.20231E-1 4.57468E-1 4.74303E-1 5.24612E-1 6.40981E-1 5.78374E-1 5.17806E-1 4.75543E-1 4.28767E-1 4.68959E-1 4.25596E-1 3.52357E-1 3.37465E-1 3.30638E-1 3.44803E-1
2.57662E-1 2.40611E-1 2.13354E-1 1.76855E-1 1.7028E-1 1.63666E-1 1.7168E-1 1.37794E-1 1.2228E-1 1.24887E-1 1.33448E-1 1.51189E-1 1.6225E-1 1.66285E-1 1.69318E-1 1.66668E-1 1.6867E-1 1.69537E-1 2.07995E-1 1.98397E-1 1.97952E-1 1.82015E-1 1.78292E-1 1.8296E-1 1.80259E-1 2.36308E-1 1.88079E-1 1.76232E-1 2.04307E-1 2.03684E-1 1.88655E-1 1.87562E-1 1.65743E-1 1.62151E-1 1.60112E-1 1.8098E-1 1.8736E-1 1.58841E-1 1.46125E-1 1.93898E-1 2.5984E-1 3.60353E-1 4.90863E-1 4.15174E-1 3.93544E-1 4.13529E-1 4.40931E-1 4.87885E-1 5.2067E-1 5.96586E-1 6.78266E-1 6.49295E-1 5.11937E-1 4.3778E-1 3.73152E-1 3.78479E-1 3.45234E-1 3.51116E-1 3.24369E-1 3.22771E-1 3.058E-1
2.25806E-1 2.09451E-1 1.93579E-1 1.7425E-1 1.79941E-1 1.67877E-1 2.11731E-1 1.42129E-1 1.38845E-1 1.52979E-1 1.52283E-1 1.69932E-1 1.73963E-1 1.81947E-1 1.81154E-1 1.76238E-1 1.78569E-1 1.80577E-1 1.98192E-1 2.04404E-1 1.93461E-1 1.93254E-1 2.01166E-1 2.31017E-1 2.84539E-1 2.41523E-1 1.96742E-1 1.99054E-1 2.47071E-1 1.88605E-1 1.74178E-1 1.66191E-1 1.58049E-1 1.76331E-1 1.44781E-1 1.73377E-1 1.4114E-1 1.56811E-1 2.78994E-1 2.58933E-1 3.66037E-1 4.52431E-1 4.50295E-1 4.48842E-1 4.44463E-1 4.59686E-1 4.81022E-1 4.75612E-1 5.11615E-1 5.8459E-1 5.93723E-1 5.62968E-1 4.652E-1 4.04866E-1 3.4773E-1 3.28877E-1 3.16411E-1 2.97072E-1 2.80205E-1 2.89666E-1 2.94947E-1
2.12644E-1 1.86255E-1 1.87606E-1 1.82527E-1 1.88921E-1 1.70937E-1 1.97296E-1 2.15268E-1 1.85171E-1 1.83798E-1 2.15061E-1 2.15579E-1 2.06131E-1 1.98165E-1 2.02576E-1 1.97476E-1 1.97512E-1 2.1017E-1 2.13633E-1 2.04863E-1 1.95455E-1 1.86569E-1 1.93863E-1 2.04867E-1 2.14375E-1 2.1105E-1 2.05118E-1 2.49012E-1 2.35131E-1 1.70069E-1 1.63179E-1 1.78078E-1 1.785E-1 2.11116E-1 1.9908E-1 1.91669E-1 2.3102E-1 3.34799E-1 5.13893E-1 4.5492E-1 4.17327E-1 4.89929E-1 5.10358E-1 5.09184E-1 5.31633E-1 5.14929E-1 4.76282E-1 4.71124E-1 4.69805E-1 4.87607E-1 5.04391E-1 4.73311E-1 4.31521E-1 3.92196E-1 3.46385E-1 3.28502E-1 3.07197E-1 2.65012E-1 2.58092E-1 2.51694E-1 2.50218E-1
2.04005E-1 1.93695E-1 1.9297E-1 1.89644E-1 1.90052E-1 1.67483E-1 1.68456E-1 1.80997E-1 2.05997E-1 2.47712E-1 2.57875E-1 2.58444E-1 2.91469E-1 2.67179E-1 2.24863E-1 2.23267E-1 2.52778E-1 2.21875E-1 2.2382E-1 2.08735E-1 2.16893E-1 1.80801E-1 1.82205E-1 2.06824E-1 2.0509E-1 2.24901E-1 2.46376E-1 2.76299E-1 2.06885E-1 2.01908E-1 1.68754E-1 1.60445E-1 2.1459E-1 2.70836E-1 2.84046E-1 3.36148E-1 3.90099E-1 4.09998E-1 5.05093E-1 4.4567E-1 4.65835E-1 4.9893E-1 5.11767E-1 5.06842E-1 5.21739E-1 5.14077E-1 4.84476E-1 4.50005E-1 4.26464E-1 4.0385E-1 4.19356E-1 4.0806E-1 3.96135E-1 3.79813E-1 3.51079E-1 3.09915E-1 2.90623E-1 2.75167E-1 2.70052E-1 2.52845E-1 2.49211E-1
2.18297E-1 2.04018E-1 1.89957E-1 1.90557E-1 1.97073E-1 1.93686E-1 2.0098E-1 1.72786E-1 1.91707E-1 2.09557E-1 2.22436E-1 2.31159E-1 2.32421E-1 2.54191E-1 2.63182E-1 2.37744E-1 2.43048E-1 2.25756E-1 2.19645E-1 2.61238E-1 2.01833E-1 1.86101E-1 1.87331E-1 2.0223E-1 2.1293E-1 2.4272E-1 2.266E-1 2.49913E-1 2.38811E-1 2.10357E-1 2.12806E-1 2.21856E-1 2.40164E-1 2.59889E-1 2.6209E-1 3.55168E-1 4.06201E-1 4.15943E-1 4.25402E-1 4.5904E-1 4.52625E-1 4.85191E-1 4.89838E-1 4.93579E-1 5.02963E-1 4.79871E-1 4.53861E-1 4.1812E-1 3.93019E-1 3.81622E-1 3.75254E-1 3.80108E-1 3.71812E-1 3.46879E-1 3.46337E-1 3.2276E-1 3.00669E-1 2.9239E-1 2.77023E-1 2.58614E-1 2.50899E-1
2.10723E-1 2.27619E-1 2.30318E-1 2.20412E-1 2.24576E-1 2.10085E-1 1.78159E-1 1.78696E-1 1.85929E-1 2.03526E-1 2.1528E-1 2.24237E-1 2.26226E-1 2.28816E-1 2.25369E-1 2.25184E-1 2.23171E-1 2.39821E-1 3.24328E-1 2.2892E-1 2.05089E-1 2.0567E-1 1.97195E-1 2.09744E-1 2.4104E-1 2.38343E-1 2.42691E-1 2.47128E-1 2.50144E-1 2.47455E-1 2.3325E-1 2.26507E-1 2.74856E-1 2.85147E-1 3.46403E-1 3.76873E-1 3.61076E-1 4.04844E-1 4.72689E-1 4.54097E-1 4.3602E-1 4.45149E-1 4.50045E-1 4.57834E-1 4.78045E-1 4.57007E-1 4.18296E-1 3.96207E-1 3.8358E-1 3.87948E-1 3.83146E-1 3.81015E-1 3.45263E-1 3.36605E-1 3.32314E-1 3.23784E-1 3.0411E-1 3.02492E-1 2.69546E-1 2.63745E-1 2.5915E-1
2.20221E-1 2.46802E-1 2.51078E-1 2.52535E-1 2.45764E-1 2.17347E-1 1.85582E-1 1.79672E-1 1.80319E-1 1.94049E-1 2.05681E-1 2.12779E-1 2.14059E-1 2.24061E-1 2.29032E-1 2.28443E-1 2.24894E-1 2.31772E-1 2.46578E-1 2.26921E-1 2.18715E-1 2.30884E-1 2.74547E-1 2.46886E-1 2.59931E-1 2.52275E-1 2.67439E-1 3.15086E-1 3.14089E-1 2.68967E-1 2.65285E-1 3.38604E-1 4.04725E-1 3.27318E-1 3.49694E-1 3.70659E-1 3.57137E-1 3.57768E-1 3.66652E-1 3.99101E-1 4.06926E-1 4.08241E-1 4.10104E-1 4.38943E-1 4.58754E-1 4.20494E-1 3.92031E-1 3.91145E-1 3.91901E-1 3.80677E-1 3.71297E-1 3.38992E-1 3.24782E-1 3.138E-1 3.02977E-1 3.03515E-1 3.12454E-1 3.01661E-1 2.88739E-1 2.66653E-1 2.70739E-1
2.45751E-1 2.59077E-1 2.58979E-1 2.54818E-1 2.43362E-1 2.33992E-1 1.88332E-1 1.8409E-1 1.82512E-1 1.90171E-1 2.00558E-1 2.07607E-1 2.30589E-1 2.51068E-1 2.40573E-1 2.31703E-1 2.30012E-1 2.30438E-1 2.31591E-1 2.4303E-1 2.42036E-1 2.33602E-1 2.45951E-1 2.56661E-1 2.57636E-1 2.64778E-1 2.88665E-1 3.33053E-1 3.91883E-1 3.88313E-1 3.90694E-1 3.63189E-1 3.56075E-1 3.3803E-1 3.5648E-1 3.65786E-1 3.60325E-1 3.56138E-1 3.52942E-1 3.66885E-1 3.88313E-1 3.71716E-1 3.86606E-1 3.9506E-1 4.03343E-1 3.77386E-1 3.76251E-1 4.32909E-1 4.20465E-1 3.66495E-1 3.56231E-1 3.24866E-1 3.0673E-1 2.96948E-1 2.85725E-1 2.91939E-1 2.97289E-1 3.00646E-1 2.95744E-1 2.84899E-1 2.95421E-1
2.55887E-1 2.64598E-1 2.65829E-1 2.58497E-1 2.6611E-1 2.44626E-1 2.05771E-1 1.96294E-1 1.8551E-1 1.86573E-1 1.96907E-1 2.03664E-1 2.0784E-1 2.25635E-1 2.18909E-1 2.30262E-1 2.35373E-1 2.34289E-1 2.45628E-1 2.63428E-1 2.5533E-1 2.55241E-1 2.65467E-1 2.60769E-1 2.61892E-1 2.80483E-1 2.91493E-1 3.09296E-1 4.03327E-1 4.86111E-1 4.78286E-1 4.4098E-1 3.75774E-1 3.55762E-1 3.63322E-1 3.86826E-1 3.69624E-1 3.59865E-1 3.53538E-1 3.618E-1 3.88896E-1 4.03372E-1 3.80964E-1 3.82074E-1 3.82448E-1 3.64464E-1 3.48994E-1 3.38075E-1 3.28779E-1 3.19925E-1 3.1455E-1 3.06966E-1 3.03761E-1 2.88285E-1 2.81567E-1 2.9048E-1 3.01312E-1 3.0251E-1 2.9673E-1 3.09873E-1 3.12271E-1
2.71014E-1 2.64998E-1 2.62291E-1 2.67509E-1 2.74659E-1 2.7398E-1 2.22136E-1 2.03335E-1 1.93871E-1 1.91006E-1 2.01862E-1 2.02822E-1 2.00358E-1 2.06201E-1 2.25584E-1 2.36254E-1 2.56024E-1 2.42642E-1 2.45495E-1 2.6288E-1 2.63385E-1 2.90084E-1 2.76754E-1 2.48581E-1 2.69163E-1 2.88581E-1 2.98834E-1 3.27531E-1 4.06189E-1 5.07854E-1 4.97966E-1 4.37337E-1 3.82866E-1 3.75048E-1 3.64381E-1 3.60823E-1 3.60546E-1 3.56469E-1 3.6012E-1 3.69558E-1 3.79946E-1 4.04828E-1 4.5821E-1 3.90712E-1 3.89334E-1 3.59577E-1 3.23877E-1 3.09191E-1 2.99212E-1 3.05436E-1 3.16601E-1 3.19324E-1 3.33628E-1 3.04293E-1 3.01773E-1 3.03736E-1 2.97364E-1 2.98697E-1 3.01699E-1 3.13996E-1 3.42756E-1
2.56233E-1 2.59066E-1 2.6118E-1 2.77486E-1 2.85835E-1 3.10401E-1 2.47569E-1 2.2061E-1 2.09748E-1 2.02394E-1 2.05039E-1 2.17395E-1 2.30614E-1 2.3106E-1 2.60797E-1 3.26738E-1 2.60314E-1 2.53993E-1 2.76668E-1 2.64914E-1 2.78125E-1 2.85799E-1 2.54943E-1 2.59698E-1 2.63875E-1 2.89372E-1 3.1239E-1 3.28427E-1 3.64139E-1 4.45755E-1 4.21223E-1 3.80429E-1 3.83927E-1 3.76314E-1 3.69914E-1 3.67712E-1 3.75788E-1 3.50988E-1 3.55065E-1 3.73422E-1 3.98327E-1 4.09473E-1 4.05353E-1 4.19956E-1 3.88851E-1 3.48455E-1 3.11338E-1 3.04809E-1 3.08334E-1 3.05518E-1 3.1245E-1 3.13539E-1 3.46609E-1 3.96138E-1 3.63612E-1 3.22097E-1 3.0694E-1 3.10152E-1 3.07139E-1 3.30162E-1 3.45892E-1
2.54809E-1 2.50209E-1 2.58448E-1 2.71999E-1 2.68077E-1 2.89651E-1 2.58099E-1 2.35291E-1 2.20973E-1 2.26707E-1 2.45095E-1 2.51903E-1 2.49701E-1 2.54156E-1 3.15724E-1 3.55183E-1 2.82245E-1 2.5648E-1 2.73788E-1 2.57177E-1 2.73063E-1 2.54913E-1 2.52101E-1 2.47273E-1 2.7029E-1 2.88288E-1 3.07099E-1 3.34921E-1 3.52543E-1 3.75559E-1 3.79444E-1 3.75114E-1 3.76306E-1 3.74102E-1 3.66639E-1 3.7919E-1 3.96966E-1 3.59971E-1 3.59543E-1 3.73288E-1 3.86383E-1 4.08456E-1 4.17252E-1 4.30073E-1 3.99168E-1 3.50095E-1 3.17846E-1 3.09338E-1 3.1137E-1 3.10848E-1 3.17587E-1 3.25232E-1 3.39279E-1 3.72856E-1 4.97941E-1 4.3443E-1 3.63179E-1 3.39873E-1 3.30249E-1 3.6114E-1 4.18935E-1
2.39494E-1 2.58406E-1 2.64139E-1 2.65565E-1 2.78843E-1 2.83121E-1 2.82576E-1 2.54861E-1 2.42409E-1 2.65124E-1 3.27306E-1 3.12014E-1 2.76189E-1 2.62759E-1 2.60856E-1 2.80746E-1 2.52428E-1 2.64883E-1 2.575E-1 2.62955E-1 2.43461E-1 2.29016E-1 2.68252E-1 2.63734E-1 2.75467E-1 2.81195E-1 2.9343E-1 3.12266E-1 3.27999E-1 3.37147E-1 3.59212E-1 3.46945E-1 3.53189E-1 3.64254E-1 3.74901E-1 3.8539E-1 3.98428E-1 3.7641E-1 3.69867E-1 3.7819E-1 3.92143E-1 4.07708E-1 4.09525E-1 3.93654E-1 3.71828E-1 3.46989E-1 3.34391E-1 3.10828E-1 3.13776E-1 3.26861E-1 3.41457E-1 3.50157E-1 3.47505E-1 3.4736E-1 3.52062E-1 5.41952E-1 4.13488E-1 3.90472E-1 3.93914E-1 4.22532E-1 4.9021E-1
2.3942E-1 2.47579E-1 2.51282E-1 2.62475E-1 2.72251E-1 2.86248E-1 2.84401E-1 2.69613E-1 2.61923E-1 2.79902E-1 3.20322E-1 3.17974E-1 3.06503E-1 2.74577E-1 2.63486E-1 2.61289E-1 2.73974E-1 2.74269E-1 2.66956E-1 2.57462E-1 2.45674E-1 2.48924E-1 2.52739E-1 2.66269E-1 3.00984E-1 3.39794E-1 2.9594E-1 3.06863E-1 3.11082E-1 3.22453E-1 3.31215E-1 3.36618E-1 3.49991E-1 3.73729E-1 3.79967E-1 3.92884E-1 4.1353E-1 3.96193E-1 3.97507E-1 3.98496E-1 3.99825E-1 4.10225E-1 4.00231E-1 3.79527E-1 3.57896E-1 3.41362E-1 3.28604E-1 3.33193E-1 3.36637E-1 3.46434E-1 3.59918E-1 3.60951E-1 3.58383E-1 3.62207E-1 3.65027E-1 3.88263E-1 4.20646E-1 4.01776E-1 4.35845E-1 5.04464E-1 5.19682E-1
2.45837E-1 2.45105E-1 2.4986E-1 2.55482E-1 2.62707E-1 2.72256E-1 2.83228E-1 2.71259E-1 2.76185E-1 2.95315E-1 3.06736E-1 3.54291E-1 3.52982E-1 3.34334E-1 2.86884E-1 2.7743E-1 2.79997E-1 2.92517E-1 2.74026E-1 2.66639E-1 3.14729E-1 2.73455E-1 2.62418E-1 2.7527E-1 3.05772E-1 3.07037E-1 2.99497E-1 3.22165E-1 3.2492E-1 3.42893E-1 3.39815E-1 3.48303E-1 3.57258E-1 4.16944E-1 4.12929E-1 4.0662E-1 4.13883E-1 4.13979E-1 4.10937E-1 4.07752E-1 4.03608E-1 3.92336E-1 3.80255E-1 3.65015E-1 3.50205E-1 3.35482E-1 3.41045E-1 3.58038E-1 3.58795E-1 3.70225E-1 3.74361E-1 3.73392E-1 3.73425E-1 3.828E-1 4.0162E-1 4.61197E-1 5.19848E-1 5.09059E-1 5.53691E-1 -9999 -9999
2.70819E-1 2.67394E-1 2.53548E-1 2.57811E-1 2.66673E-1 2.59518E-1 2.73818E-1 2.8623E-1 2.92225E-1 2.94309E-1 2.91201E-1 3.21512E-1 3.43529E-1 3.36251E-1 3.13176E-1 2.97835E-1 2.92824E-1 3.09055E-1 2.97508E-1 3.23449E-1 4.63379E-1 3.13381E-1 2.72652E-1 2.79371E-1 2.93544E-1 3.28803E-1 3.29825E-1 3.30599E-1 3.23362E-1 3.39709E-1 3.57663E-1 3.72943E-1 3.80232E-1 4.13229E-1 4.28979E-1 4.18129E-1 4.18634E-1 4.22516E-1 4.15814E-1 4.10914E-1 4.04194E-1 3.87179E-1 3.70772E-1 3.63562E-1 3.47537E-1 3.51464E-1 3.66059E-1 3.89554E-1 3.75308E-1 3.74092E-1 3.81552E-1 3.88643E-1 4.06547E-1 4.3052E-1 4.47359E-1 4.99607E-1 6.14943E-1 6.25954E-1 -9999 -9999 -9999
2.66208E-1 2.61632E-1 2.57084E-1 2.65884E-1 2.62181E-1 2.60744E-1 2.61993E-1 2.79782E-1 2.98307E-1 3.10248E-1 3.18329E-1 3.18893E-1 3.17304E-1 3.3595E-1 3.39312E-1 3.23928E-1 3.18794E-1 3.49056E-1 3.87868E-1 3.43421E-1 3.3777E-1 3.08429E-1 3.03983E-1 3.21656E-1 3.12779E-1 3.5945E-1 3.788E-1 3.58867E-1 3.50291E-1 3.6079E-1 3.86343E-1 3.98801E-1 4.08464E-1 4.35143E-1 4.47091E-1 4.26458E-1 4.38141E-1 4.30633E-1 4.24281E-1 4.16793E-1 4.05668E-1 3.82822E-1 3.68023E-1 3.57334E-1 3.67933E-1 3.79441E-1 3.92462E-1 3.96738E-1 4.0018E-1 3.90864E-1 4.18922E-1 4.74295E-1 5.24783E-1 5.51255E-1 6.01286E-1 5.62713E-1 6.47134E-1 -9999 -9999 -9999 -9999
2.74772E-1 2.7232E-1 2.70691E-1 2.85399E-1 2.7321E-1 2.6304E-1 2.66805E-1 2.76858E-1 2.93914E-1 2.93364E-1 2.98302E-1 3.22383E-1 3.23519E-1 3.59482E-1 3.6819E-1 3.73368E-1 3.69376E-1 4.38259E-1 4.98656E-1 4.02231E-1 3.51452E-1 3.43633E-1 3.3358E-1 3.33295E-1 3.38665E-1 3.70978E-1 4.18556E-1 3.93109E-1 3.8215E-1 3.80845E-1 3.9561E-1 4.14668E-1 4.26088E-1 4.4234E-1 4.38079E-1 4.41847E-1 4.39902E-1 4.31831E-1 4.3309E-1 4.24476E-1 4.16193E-1 3.96268E-1 3.74468E-1 3.70336E-1 3.90092E-1 4.16989E-1 4.05366E-1 4.04003E-1 4.15203E-1 4.33138E-1 4.87464E-1 5.86504E-1 5.94724E-1 6.46315E-1 6.48784E-1 -9999 -9999 -9999 -9999 -9999 -9999
2.84905E-1 2.83769E-1 2.8279E-1 2.82938E-1 2.67485E-1 2.68796E-1 2.70237E-1 2.85562E-1 3.00851E-1 2.95329E-1 3.02958E-1 3.28024E-1 3.43189E-1 3.66481E-1 3.72463E-1 3.67452E-1 3.66977E-1 3.68494E-1 3.86899E-1 3.72507E-1 3.57556E-1 3.58127E-1 3.58716E-1 3.56592E-1 3.58593E-1 3.83549E-1 4.03071E-1 3.91744E-1 3.81555E-1 3.99249E-1 4.25888E-1 4.43538E-1 4.52694E-1 4.50876E-1 4.46785E-1 4.33162E-1 4.26949E-1 4.23703E-1 4.30425E-1 4.35719E-1 4.36593E-1 4.18149E-1 3.86796E-1 3.89457E-1 4.0302E-1 4.10555E-1 4.17871E-1 4.28672E-1 4.40191E-1 4.81756E-1 5.3682E-1 6.33928E-1 6.52274E-1 6.65311E-1 -9999 -9999 -9999 -9999 -9999 -9999 -9999
3.02117E-1 3.01262E-1 3.00727E-1 2.97908E-1 2.81518E-1 2.7857E-1 2.86017E-1 2.96267E-1 2.96741E-1 2.9987E-1 3.19838E-1 3.5921E-1 3.91704E-1 3.73615E-1 3.69709E-1 3.7422E-1 3.63393E-1 3.75223E-1 3.8753E-1 3.97973E-1 3.81977E-1 3.75006E-1 3.6536E-1 3.80598E-1 3.78302E-1 4.11055E-1 3.97237E-1 4.12448E-1 4.13972E-1 4.33234E-1 4.76137E-1 4.7853E-1 4.87752E-1 4.8098E-1 4.50634E-1 4.27187E-1 4.14961E-1 4.24609E-1 4.22327E-1 4.44769E-1 4.50507E-1 4.28189E-1 4.10586E-1 4.01772E-1 4.12457E-1 4.36887E-1 4.4105E-1 4.68305E-1 5.01411E-1 5.80261E-1 6.23217E-1 6.54082E-1 -9999 -9999 -9999 -9999 -9999 -9999 -9999 -9999 -9999
3.37155E-1 3.28488E-1 3.22125E-1 3.16342E-1 3.05405E-1 2.89648E-1 2.95111E-1 3.21841E-1 3.05143E-1 3.14807E-1 3.35281E-1 3.58064E-1 3.62926E-1 3.70513E-1 3.78995E-1 3.92747E-1 3.903E-1 3.7575E-1 3.69388E-1 3.65163E-1 3.60162E-1 3.64552E-1 3.74669E-1 3.98904E-1 4.01486E-1 4.68238E-1 4.04923E-1 4.26966E-1 4.39689E-1 4.65952E-1 4.74905E-1 4.85271E-1 5.09836E-1 4.9941E-1 4.71427E-1 4.63665E-1 4.36467E-1 4.29557E-1 4.25174E-1 4.45256E-1 4.562E-1 4.42212E-1 4.37262E-1 4.22E-1 4.15706E-1 4.47195E-1 5.03237E-1 5.09312E-1 5.69509E-1 6.5251E-1 6.83113E-1 -9999 -9999 -9999 -9999 -9999 -9999 -9999 -9999 -9999 -9999
3.71882E-1 3.75161E-1 3.49647E-1 3.42228E-1 3.36834E-1 3.17455E-1 3.19101E-1 3.22191E-1 3.13352E-1 3.21757E-1 3.51569E-1 3.7024E-1 3.66898E-1 3.73325E-1 3.77865E-1 3.85618E-1 3.92095E-1 3.88423E-1 3.84026E-1 3.87691E-1 3.92293E-1 3.84186E-1 3.96241E-1 3.99538E-1 4.26456E-1 5.15314E-1 4.31063E-1 4.47749E-1 4.55108E-1 4.65676E-1 4.65283E-1 4.81147E-1 4.78694E-1 4.91424E-1 5.00376E-1 4.81493E-1 4.74849E-1 4.54445E-1 4.52512E-1 4.60228E-1 4.60841E-1 4.58326E-1 4.36905E-1 4.33204E-1 4.61122E-1 4.56994E-1 4.8324E-1 5.51997E-1 6.46115E-1 6.72516E-1 -9999 -9999 -9999 -9999 -9999 -9999 -9999 -9999 -9999 -9999 -9999
4.00248E-1 3.91452E-1 3.80129E-1 3.72911E-1 3.62933E-1 3.47986E-1 3.39836E-1 3.49804E-1 3.5377E-1 3.33611E-1 3.63518E-1 3.73633E-1 3.72451E-1 3.71901E-1 3.73692E-1 3.82462E-1 3.87906E-1 3.93481E-1 4.14621E-1 4.29247E-1 4.2411E-1 4.18677E-1 4.1867E-1 4.29746E-1 4.26052E-1 4.8685E-1 4.53586E-1 4.71971E-1 4.73949E-1 4.71154E-1 4.69232E-1 4.79521E-1 4.80143E-1 4.88528E-1 4.9839E-1 4.9109E-1 4.76695E-1 4.62118E-1 4.60733E-1 4.65365E-1 4.6794E-1 4.69374E-1 4.55629E-1 4.51565E-1 4.64036E-1 5.00773E-1 4.9275E-1 5.74326E-1 6.96835E-1 6.97429E-1 -9999 -9999 -9999 -9999 -9999 -9999 -9999 -9999 -9999 -9999 -9999
