data/maxent/outputs/white_331.asc
ncols         426
nrows         180
xllcorner     -130.0
yllcorner     24.0
cellsize      0.16666666666666666
NODATA_value  -9999
[rows 135 to 161 of 180, columns 183 to 243 of 426]
2.66703E-1 2.715E-1 2.68353E-1 2.74137E-1 2.97134E-1 3.18407E-1 3.05826E-1 3.0174E-1 3.29448E-1 3.50741E-1 3.74282E-1 3.94393E-1 4.25495E-1 4.68268E-1 4.92755E-1 5.1494E-1 5.15949E-1 5.01652E-1 4.84694E-1 4.51758E-1 4.2286E-1 4.04175E-1 3.94425E-1 3.96822E-1 3.78471E-1 3.82119E-1 3.70131E-1 3.62419E-1 3.67964E-1 3.17854E-1 2.91793E-1 2.44163E-1 2.05843E-1 2.25544E-1 3.35001E-1 3.05034E-1 2.68249E-1 2.8184E-1 2.85618E-1 2.78272E-1 2.8387E-1 2.60888E-1 2.80255E-1 3.01993E-1 3.45725E-1 3.34109E-1 3.14448E-1 3.00976E-1 2.84967E-1 2.38684E-1 2.20562E-1 2.1548E-1 1.96002E-1 1.84499E-1 1.80704E-1 1.77777E-1 1.8341E-1 1.80221E-1 1.77251E-1 1.75579E-1 1.83488E-1
2.55188E-1 2.56729E-1 2.58511E-1 2.67909E-1 2.87965E-1 3.08413E-1 3.23429E-1 3.23785E-1 3.56673E-1 4.07713E-1 4.44127E-1 4.71333E-1 4.77144E-1 4.7803E-1 5.17033E-1 5.42183E-1 5.53414E-1 5.36754E-1 4.97658E-1 4.68212E-1 4.44086E-1 4.11761E-1 4.02754E-1 3.96366E-1 3.69307E-1 3.54992E-1 3.35788E-1 3.54692E-1 3.55967E-1 3.10943E-1 3.32907E-1 3.35677E-1 2.60322E-1 2.4658E-1 3.12058E-1 3.63267E-1 3.07102E-1 2.91674E-1 2.85404E-1 2.73702E-1 2.63215E-1 2.76319E-1 2.68747E-1 2.78036E-1 3.22462E-1 3.12709E-1 2.85148E-1 3.03247E-1 2.77264E-1 2.28179E-1 2.12409E-1 1.90434E-1 1.73292E-1 1.76652E-1 1.82028E-1 1.77021E-1 1.72943E-1 1.79795E-1 1.83291E-1 1.77797E-1 1.85529E-1
2.32744E-1 2.3764E-1 2.55466E-1 2.86144E-1 3.00667E-1 3.13235E-1 3.4052E-1 3.45957E-1 3.87994E-1 4.74511E-1 5.0264E-1 5.12685E-1 5.05838E-1 5.00236E-1 5.41998E-1 5.66199E-1 5.82913E-1 5.51134E-1 5.14674E-1 4.89061E-1 4.502E-1 4.2073E-1 4.09361E-1 3.95244E-1 3.64729E-1 3.3172E-1 3.13517E-1 3.17324E-1 3.29639E-1 3.06919E-1 2.78509E-1 3.08843E-1 3.39511E-1 2.52893E-1 2.63023E-1 2.85825E-1 3.07039E-1 3.21019E-1 3.35813E-1 2.63095E-1 2.19036E-1 2.71581E-1 2.77627E-1 2.991E-1 2.95919E-1 2.80808E-1 2.97303E-1 3.28534E-1 2.56645E-1 2.11225E-1 1.93933E-1 1.7258E-1 1.73017E-1 1.6682E-1 1.70581E-1 1.76455E-1 1.74441E-1 1.72647E-1 1.82373E-1 1.8136E-1 1.76575E-1
2.32201E-1 2.41571E-1 2.59765E-1 2.79203E-1 2.9306E-1 3.33058E-1 3.83224E-1 3.93504E-1 4.19356E-1 4.74236E-1 5.02099E-1 4.82584E-1 4.95597E-1 5.44113E-1 5.88089E-1 6.14788E-1 6.01896E-1 5.68252E-1 5.17707E-1 4.91964E-1 4.6224E-1 4.37393E-1 4.27824E-1 4.05464E-1 3.86567E-1 3.75339E-1 3.0179E-1 3.01538E-1 3.07023E-1 2.95788E-1 2.86451E-1 2.78474E-1 2.70341E-1 2.50134E-1 2.62599E-1 2.9047E-1 3.11993E-1 3.17401E-1 2.98164E-1 2.41399E-1 2.16666E-1 2.5898E-1 2.90971E-1 2.95685E-1 2.92787E-1 3.29518E-1 3.69286E-1 4.05012E-1 3.32839E-1 2.58439E-1 2.13923E-1 1.95992E-1 1.7231E-1 1.64071E-1 1.67752E-1 1.72598E-1 1.7477E-1 1.78577E-1 1.93538E-1 1.9156E-1 1.80392E-1
2.32124E-1 2.39214E-1 2.59015E-1 2.90116E-1 3.2033E-1 3.65107E-1 4.32474E-1 4.45716E-1 4.56237E-1 4.78948E-1 4.97524E-1 4.88969E-1 5.29165E-1 5.69827E-1 6.16409E-1 6.29676E-1 6.0755E-1 5.8077E-1 5.61443E-1 5.10021E-1 4.79232E-1 4.5335E-1 4.33327E-1 4.31793E-1 3.97211E-1 3.94886E-1 4.72471E-1 3.1234E-1 2.91216E-1 2.80761E-1 2.84033E-1 2.88768E-1 2.84445E-1 2.67754E-1 2.70288E-1 2.98594E-1 3.13849E-1 3.09868E-1 3.1116E-1 2.57878E-1 2.59692E-1 2.8218E-1 3.25516E-1 3.43762E-1 3.41156E-1 3.86414E-1 4.49846E-1 4.58347E-1 4.20646E-1 3.15645E-1 2.54211E-1 2.21929E-1 1.87283E-1 1.82166E-1 1.77166E-1 1.77279E-1 1.83896E-1 1.92633E-1 2.05363E-1 2.13336E-1 2.12335E-1
2.50239E-1 2.8446E-1 3.03508E-1 3.54766E-1 3.89784E-1 4.25973E-1 4.61469E-1 4.78979E-1 5.13204E-1 5.10644E-1 5.15168E-1 5.11455E-1 5.30294E-1 5.70033E-1 6.12412E-1 6.10328E-1 6.00543E-1 5.81848E-1 5.60384E-1 5.16541E-1 4.88732E-1 4.58801E-1 4.51641E-1 4.38263E-1 3.79953E-1 3.52635E-1 3.79407E-1 3.15089E-1 2.98537E-1 2.81599E-1 2.88303E-1 2.84633E-1 2.94551E-1 2.70811E-1 2.8852E-1 2.93892E-1 2.98686E-1 3.11952E-1 3.10224E-1 3.19587E-1 3.26079E-1 3.58308E-1 4.22284E-1 4.04229E-1 3.82091E-1 4.40472E-1 4.86597E-1 4.68145E-1 4.28204E-1 4.03923E-1 3.27579E-1 2.64155E-1 2.04774E-1 2.00042E-1 2.03107E-1 1.98704E-1 2.08174E-1 2.13503E-1 2.25197E-1 2.34952E-1 2.41748E-1
2.58999E-1 2.79531E-1 3.11947E-1 3.54668E-1 4.10685E-1 4.46721E-1 4.70473E-1 4.83158E-1 5.26811E-1 5.69646E-1 5.87949E-1 5.38228E-1 5.52322E-1 5.86158E-1 6.06471E-1 6.00757E-1 5.82767E-1 5.6225E-1 5.19337E-1 4.82364E-1 4.61414E-1 4.55229E-1 4.43981E-1 5.16559E-1 3.8923E-1 3.585E-1 3.62967E-1 3.47481E-1 3.37607E-1 3.13632E-1 3.18504E-1 3.18273E-1 3.18034E-1 2.85442E-1 3.06378E-1 3.01219E-1 3.11909E-1 3.38855E-1 3.44441E-1 3.7392E-1 3.92509E-1 3.97846E-1 4.36837E-1 4.06626E-1 3.36935E-1 3.79335E-1 4.45244E-1 4.46809E-1 3.97446E-1 4.24286E-1 4.40824E-1 2.97488E-1 2.34892E-1 2.5049E-1 2.73177E-1 2.77067E-1 2.98659E-1 2.40553E-1 2.61843E-1 2.63492E-1 2.84983E-1
2.42818E-1 2.61738E-1 2.91653E-1 3.38114E-1 3.83267E-1 4.23583E-1 4.44886E-1 4.67154E-1 4.95105E-1 5.25574E-1 6.12795E-1 5.67798E-1 5.5755E-1 5.84538E-1 5.93119E-1 6.06941E-1 5.72674E-1 5.61268E-1 4.76517E-1 4.49814E-1 4.53876E-1 4.60978E-1 4.62205E-1 4.57375E-1 4.5351E-1 3.95564E-1 4.07497E-1 4.11106E-1 3.97211E-1 3.7555E-1 3.74151E-1 3.72505E-1 3.65738E-1 3.28124E-1 3.61543E-1 3.45425E-1 3.7139E-1 4.59725E-1 3.93777E-1 3.80578E-1 3.8938E-1 3.85292E-1 3.86092E-1 3.46299E-1 3.12637E-1 3.11627E-1 3.64526E-1 3.44107E-1 3.4681E-1 3.59317E-1 3.53991E-1 3.21353E-1 3.0756E-1 4.20142E-1 5.08265E-1 8.33544E-1 8.10449E-1 4.39423E-1 4.39793E-1 3.60117E-1 3.74029E-1
2.59176E-1 2.84976E-1 3.15225E-1 3.42462E-1 3.78902E-1 4.09928E-1 4.13652E-1 4.4265E-1 4.9066E-1 5.05751E-1 5.21773E-1 5.49975E-1 5.3494E-1 5.41722E-1 5.48939E-1 5.81254E-1 5.58565E-1 4.87862E-1 4.56483E-1 4.4486E-1 4.59011E-1 4.6437E-1 4.76878E-1 5.00502E-1 5.03801E-1 4.96821E-1 4.9168E-1 4.66451E-1 4.42045E-1 4.28198E-1 4.33374E-1 4.43965E-1 4.92328E-1 4.44763E-1 4.52519E-1 4.62151E-1 5.26238E-1 4.83579E-1 4.1525E-1 4.54271E-1 4.53778E-1 4.33966E-1 4.31502E-1 4.09302E-1 3.67998E-1 3.73631E-1 4.09861E-1 4.79763E-1 4.37306E-1 4.00881E-1 3.50566E-1 3.46741E-1 3.6045E-1 3.65835E-1 4.76763E-1 6.97691E-1 8.01267E-1 5.36373E-1 5.30846E-1 5.66452E-1 6.78229E-1
2.72713E-1 3.06445E-1 3.24083E-1 3.5322E-1 3.64002E-1 3.85386E-1 4.25776E-1 4.9559E-1 5.13334E-1 5.19135E-1 5.18212E-1 5.26844E-1 5.32518E-1 5.20294E-1 5.40352E-1 5.64149E-1 5.58559E-1 4.84478E-1 4.65918E-1 4.63879E-1 4.7839E-1 4.67545E-1 4.87464E-1 5.5471E-1 5.33105E-1 5.36649E-1 5.66066E-1 5.27897E-1 5.28071E-1 4.67557E-1 4.78899E-1 4.91635E-1 4.85854E-1 5.83786E-1 6.11535E-1 5.70351E-1 6.41677E-1 6.86169E-1 5.70595E-1 5.60699E-1 7.01937E-1 5.51242E-1 5.35962E-1 5.39708E-1 5.12926E-1 5.07593E-1 4.89422E-1 5.51214E-1 5.31041E-1 5.47276E-1 4.63703E-1 4.00642E-1 3.95688E-1 4.85068E-1 4.16966E-1 4.63956E-1 5.39166E-1 5.08477E-1 5.53857E-1 6.02954E-1 6.7002E-1
3.21239E-1 3.38531E-1 3.54545E-1 3.91611E-1 3.87787E-1 4.11471E-1 4.65592E-1 5.193E-1 5.40059E-1 5.33397E-1 5.33273E-1 5.38634E-1 5.27412E-1 5.53053E-1 5.77693E-1 5.50586E-1 5.2829E-1 4.86932E-1 4.6288E-1 4.6656E-1 4.85406E-1 4.77092E-1 5.13907E-1 5.79838E-1 6.05416E-1 6.23294E-1 7.03262E-1 6.25006E-1 6.45081E-1 5.49631E-1 5.62356E-1 5.42543E-1 5.66853E-1 5.99015E-1 5.38608E-1 5.45662E-1 6.53056E-1 5.99871E-1 5.27403E-1 5.73211E-1 5.88206E-1 6.99243E-1 7.14564E-1 6.53126E-1 7.15954E-1 6.83218E-1 6.04091E-1 5.656E-1 5.57323E-1 6.06818E-1 5.77808E-1 4.70006E-1 4.30124E-1 4.23247E-1 4.37588E-1 6.37557E-1 5.43187E-1 6.18229E-1 7.0084E-1 6.51393E-1 7.1784E-1
3.94031E-1 4.14132E-1 4.34956E-1 4.54461E-1 4.68667E-1 5.56359E-1 5.91745E-1 5.72687E-1 5.72274E-1 5.86091E-1 5.8423E-1 5.6833E-1 5.7511E-1 6.03401E-1 6.00654E-1 5.86275E-1 5.54728E-1 5.03331E-1 4.97262E-1 4.9117E-1 4.7783E-1 4.50823E-1 4.5628E-1 4.89298E-1 4.90976E-1 5.89711E-1 7.09582E-1 7.91425E-1 8.0036E-1 7.72041E-1 7.46771E-1 6.56823E-1 6.33664E-1 -9999 -9999 -9999 -9999 -9999 -9999 6.60704E-1 6.81139E-1 6.83969E-1 7.4344E-1 7.32682E-1 7.74806E-1 7.94104E-1 8.16657E-1 6.97006E-1 6.63585E-1 6.61265E-1 6.48682E-1 6.16413E-1 5.28193E-1 5.17117E-1 5.26169E-1 6.01474E-1 7.41572E-1 7.08862E-1 7.1593E-1 8.29494E-1 7.9595E-1
4.36363E-1 4.88063E-1 5.16781E-1 4.834E-1 5.13074E-1 6.2139E-1 6.23937E-1 5.75707E-1 5.73596E-1 5.94598E-1 5.92873E-1 5.96409E-1 6.10325E-1 6.28986E-1 6.36177E-1 6.44124E-1 5.96413E-1 5.51774E-1 5.26423E-1 5.02693E-1 4.87116E-1 4.74648E-1 4.26784E-1 4.33773E-1 4.83434E-1 6.08698E-1 7.25562E-1 8.75256E-1 6.44941E-1 6.88256E-1 -9999 -9999 -9999 -9999 -9999 -9999 -9999 -9999 -9999 -9999 -9999 -9999 -9999 -9999 -9999 8.09426E-1 8.10749E-1 -9999 8.92045E-1 7.38784E-1 7.41917E-1 7.42256E-1 7.36291E-1 7.99783E-1 7.94628E-1 7.24006E-1 8.44523E-1 8.42365E-1 8.17274E-1 7.99378E-1 7.98172E-1
4.80398E-1 5.40199E-1 5.53414E-1 5.26062E-1 5.36197E-1 5.67838E-1 5.81439E-1 5.84784E-1 5.54246E-1 5.89476E-1 6.28821E-1 6.39829E-1 6.35796E-1 6.3303E-1 6.40741E-1 6.53334E-1 6.35757E-1 5.98741E-1 5.66135E-1 5.30187E-1 5.49587E-1 5.52143E-1 4.95157E-1 5.05329E-1 5.37161E-1 6.86406E-1 8.20954E-1 6.6763E-1 4.7964E-1 -9999 -9999 -9999 -9999 -9999 -9999 -9999 -9999 -9999 -9999 -9999 -9999 -9999 -9999 -9999 -9999 -9999 -9999 -9999 9.08378E-1 8.7117E-1 8.64061E-1 9.07056E-1 8.53619E-1 8.83179E-1 8.52075E-1 8.65023E-1 7.94302E-1 6.1707E-1 7.35246E-1 6.94713E-1 8.30901E-1
4.99887E-1 5.23334E-1 5.32094E-1 5.22676E-1 5.3684E-1 5.50826E-1 5.57863E-1 5.57983E-1 5.76516E-1 6.15049E-1 6.49858E-1 6.39995E-1 6.40705E-1 6.52811E-1 6.51388E-1 6.54562E-1 6.70968E-1 6.61839E-1 6.31432E-1 5.98154E-1 6.36028E-1 6.21515E-1 6.06089E-1 5.91799E-1 6.33842E-1 8.07705E-1 5.39059E-1 -9999 -9999 -9999 -9999 -9999 -9999 -9999 -9999 -9999 -9999 -9999 -9999 -9999 -9999 -9999 -9999 -9999 -9999 -9999 -9999 -9999 -9999 -9999 -9999 9.21826E-1 8.62566E-1 5.33907E-1 4.02403E-1 8.71394E-1 8.37868E-1 -9999 -9999 -9999 8.6773E-1
5.11442E-1 5.12119E-1 5.0481E-1 5.04569E-1 5.33294E-1 5.54219E-1 5.67408E-1 5.966E-1 6.06242E-1 6.21272E-1 6.28407E-1 6.37312E-1 6.32692E-1 6.47411E-1 6.60847E-1 6.77448E-1 7.06055E-1 7.37938E-1 7.11082E-1 6.95938E-1 7.25641E-1 7.16496E-1 7.10548E-1 7.14656E-1 7.7867E-1 8.96309E-1 -9999 -9999 -9999 -9999 -9999 -9999 -9999 -9999 -9999 -9999 -9999 -9999 -9999 -9999 -9999 -9999 -9999 -9999 -9999 -9999 -9999 -9999 -9999 -9999 -9999 -9999 -9999 -9999 -9999 -9999 -9999 -9999 -9999 -9999 8.13849E-1
5.02975E-1 5.0334E-1 5.06287E-1 4.98165E-1 5.15169E-1 5.41433E-1 5.59858E-1 5.98096E-1 6.01573E-1 6.1887E-1 6.15193E-1 6.24568E-1 6.24068E-1 6.61829E-1 7.10805E-1 7.26616E-1 7.51104E-1 8.06193E-1 7.8493E-1 7.89401E-1 8.50865E-1 8.32116E-1 8.59091E-1 8.33428E-1 -9999 -9999 -9999 -9999 -9999 -9999 -9999 -9999 -9999 -9999 -9999 -9999 -9999 -9999 -9999 -9999 -9999 -9999 -9999 -9999 -9999 -9999 -9999 -9999 -9999 -9999 -9999 -9999 -9999 -9999 -9999 -9999 -9999 -9999 -9999 -9999 -9999
4.96535E-1 4.859E-1 4.74059E-1 4.76744E-1 5.03627E-1 5.47009E-1 5.82875E-1 6.12253E-1 6.15546E-1 6.11274E-1 6.06985E-1 6.22849E-1 6.32186E-1 6.60446E-1 7.24625E-1 7.8778E-1 8.1646E-1 8.59506E-1 8.71405E-1 9.40358E-1 9.42663E-1 9.52839E-1 8.30594E-1 -9999 -9999 -9999 -9999 -9999 -9999 -9999 -9999 -9999 -9999 -9999 -9999 -9999 -9999 -9999 -9999 -9999 -9999 -9999 -9999 -9999 -9999 -9999 -9999 -9999 -9999 -9999 -9999 -9999 -9999 -9999 -9999 -9999 -9999 -9999 -9999 -9999 -9999
4.62987E-1 4.54784E-1 4.68719E-1 4.76127E-1 4.94458E-1 5.51095E-1 6.00935E-1 6.27449E-1 6.27638E-1 6.2644E-1 6.346E-1 6.63674E-1 7.06249E-1 7.4589E-1 7.92153E-1 8.38652E-1 8.95842E-1 8.86052E-1 9.49653E-1 6.35582E-1 -9999 -9999 -9999 -9999 -9999 -9999 -9999 -9999 -9999 -9999 -9999 -9999 -9999 -9999 -9999 -9999 -9999 -9999 -9999 -9999 -9999 -9999 -9999 -9999 -9999 -9999 -9999 -9999 -9999 -9999 -9999 -9999 -9999 -9999 -9999 -9999 -9999 -9999 -9999 -9999 -9999
4.44451E-1 4.5726E-1 4.76828E-1 4.88992E-1 5.00804E-1 5.56897E-1 6.03769E-1 6.13763E-1 6.3246E-1 6.57697E-1 6.71315E-1 7.16029E-1 7.73362E-1 8.31872E-1 8.57183E-1 8.97894E-1 9.47572E-1 9.19375E-1 9.72872E-1 -9999 -9999 -9999 -9999 -9999 -9999 -9999 -9999 -9999 -9999 -9999 -9999 -9999 -9999 -9999 -9999 -9999 -9999 -9999 -9999 -9999 -9999 -9999 -9999 -9999 -9999 -9999 -9999 -9999 -9999 -9999 -9999 -9999 -9999 -9999 -9999 -9999 -9999 -9999 -9999 -9999 -9999
4.57804E-1 4.63809E-1 4.8752E-1 4.9759E-1 5.33978E-1 5.8323E-1 5.96363E-1 6.1205E-1 6.36655E-1 7.08395E-1 7.15684E-1 7.79573E-1 8.31932E-1 8.9051E-1 9.57068E-1 9.73198E-1 9.74383E-1 -9999 -9999 -9999 -9999 -9999 -9999 -9999 -9999 -9999 -9999 -9999 -9999 -9999 -9999 -9999 -9999 -9999 -9999 -9999 -9999 -9999 -9999 -9999 -9999 -9999 -9999 -9999 -9999 -9999 -9999 -9999 -9999 -9999 -9999 -9999 -9999 -9999 -9999 -9999 -9999 -9999 -9999 -9999 -9999
4.82306E-1 4.93964E-1 5.13992E-1 5.35423E-1 5.5714E-1 5.82863E-1 5.96337E-1 6.36152E-1 6.7075E-1 7.04231E-1 7.48637E-1 8.44523E-1 8.93007E-1 9.29596E-1 9.67112E-1 9.58544E-1 -9999 -9999 -9999 -9999 -9999 -9999 -9999 -9999 -9999 -9999 -9999 -9999 -9999 -9999 -9999 -9999 -9999 -9999 -9999 -9999 -9999 -9999 -9999 -9999 -9999 -9999 -9999 -9999 -9999 -9999 -9999 -9999 -9999 -9999 -9999 -9999 -9999 -9999 -9999 -9999 -9999 -9999 -9999 -9999 -9999
5.18157E-1 5.28957E-1 5.50946E-1 5.68867E-1 5.78809E-1 5.9612E-1 6.31851E-1 6.60212E-1 7.03737E-1 7.24275E-1 7.69379E-1 8.45721E-1 9.31331E-1 9.70606E-1 8.66805E-1 -9999 -9999 -9999 -9999 -9999 -9999 -9999 -9999 -9999 -9999 -9999 -9999 -9999 -9999 -9999 -9999 -9999 -9999 -9999 -9999 -9999 -9999 -9999 -9999 -9999 -9999 -9999 -9999 -9999 -9999 -9999 -9999 -9999 -9999 -9999 -9999 -9999 -9999 -9999 -9999 -9999 -9999 -9999 -9999 -9999 -9999
5.63589E-1 5.54671E-1 5.81583E-1 5.90098E-1 5.85608E-1 6.18233E-1 6.55649E-1 6.78636E-1 6.93716E-1 7.023E-1 7.63252E-1 8.42009E-1 9.04597E-1 9.6174E-1 -9999 -9999 -9999 -9999 -9999 -9999 -9999 -9999 -9999 -9999 -9999 -9999 -9999 -9999 -9999 -9999 -9999 -9999 -9999 -9999 -9999 -9999 -9999 -9999 -9999 -9999 -9999 -9999 -9999 -9999 -9999 -9999 -9999 -9999 -9999 -9999 -9999 -9999 -9999 -9999 -9999 -9999 -9999 -9999 -9999 -9999 -9999
5.74413E-1 5.76312E-1 6.05918E-1 5.9502E-1 6.07146E-1 6.32109E-1 6.56391E-1 6.80301E-1 6.80653E-1 6.96323E-1 7.47758E-1 8.3751E-1 8.99607E-1 9.46711E-1 -9999 -9999 -9999 -9999 -9999 -9999 -9999 -9999 -9999 -9999 -9999 -9999 -9999 -9999 -9999 -9999 -9999 -9999 -9999 -9999 -9999 -9999 -9999 -9999 -9999 -9999 -9999 -9999 -9999 -9999 -9999 -9999 -9999 -9999 -9999 -9999 -9999 -9999 -9999 -9999 -9999 -9999 -9999 -9999 -9999 -9999 -9999
5.52748E-1 5.86412E-1 6.20945E-1 6.26343E-1 6.2777E-1 6.36935E-1 6.47169E-1 6.6E-1 6.89153E-1 7.06769E-1 7.7011E-1 8.44877E-1 9.07767E-1 -9999 -9999 -9999 -9999 -9999 -9999 -9999 -9999 -9999 -9999 -9999 -9999 -9999 -9999 -9999 -9999 -9999 -9999 -9999 -9999 -9999 -9999 -9999 -9999 -9999 -9999 -9999 -9999 -9999 -9999 -9999 -9999 -9999 -9999 -9999 -9999 -9999 -9999 -9999 -9999 -9999 -9999 -9999 -9999 -9999 -9999 -9999 -9999
5.1569E-1 5.53771E-1 6.15107E-1 6.56493E-1 6.37772E-1 6.50511E-1 6.51915E-1 6.75897E-1 6.76481E-1 7.14181E-1 7.83135E-1 8.74175E-1 9.26518E-1 -9999 -9999 -9999 -9999 -9999 -9999 -9999 -9999 -9999 -9999 -9999 -9999 -9999 -9999 -9999 -9999 -9999 -9999 -9999 -9999 -9999 -9999 -9999 -9999 -9999 -9999 -9999 -9999 -9999 -9999 -9999 -9999 -9999 -9999 -9999 -9999 -9999 -9999 -9999 -9999 -9999 -9999 -9999 -9999 -9999 -9999 -9999 -9999
