data/maxent/outputs/white_211.asc
ncols         426
nrows         180
xllcorner     -130.0
yllcorner     24.0
cellsize      0.16666666666666666
NODATA_value  -9999
[rows 54 to 80 of 180, columns 244 to 304 of 426]
6.08346E-1 5.99358E-1 6.19894E-1 6.3239E-1 6.58032E-1 6.48003E-1 6.5125E-1 6.69076E-1 6.87009E-1 7.08964E-1 6.59185E-1 6.85637E-1 7.15592E-1 6.01008E-1 5.8425E-1 5.77018E-1 5.66076E-1 5.40784E-1 4.91322E-1 6.57048E-1 7.33923E-1 7.38627E-1 7.38039E-1 7.38894E-1 7.36922E-1 7.11667E-1 6.79188E-1 6.90346E-1 6.63055E-1 6.61243E-1 6.81814E-1 6.90225E-1 7.02501E-1 7.11324E-1 7.20338E-1 7.32355E-1 6.44876E-1 5.80417E-1 5.84309E-1 5.93947E-1 6.11747E-1 6.09129E-1 6.0271E-1 5.74051E-1 5.19829E-1 4.52431E-1 3.81306E-1 5.62369E-1 7.66141E-1 6.64393E-1 5.11675E-1 3.63185E-1 3.47418E-1 3.16664E-1 4.02815E-1 4.5178E-1 6.37793E-1 7.22775E-1 7.7045E-1 7.92091E-1 7.97387E-1
6.26651E-1 6.21106E-1 6.20699E-1 6.36148E-1 6.56684E-1 6.6842E-1 6.69194E-1 6.89893E-1 7.0879E-1 6.50154E-1 7.07195E-1 7.08707E-1 6.90253E-1 5.89508E-1 5.88685E-1 5.82556E-1 5.72522E-1 5.37672E-1 5.50889E-1 7.44483E-1 7.36563E-1 7.3278E-1 7.36033E-1 7.34062E-1 7.2071E-1 6.87834E-1 6.81195E-1 6.63738E-1 6.35727E-1 6.36393E-1 6.51219E-1 6.64284E-1 6.80836E-1 7.06493E-1 7.23559E-1 7.32744E-1 7.60785E-1 5.66377E-1 5.99332E-1 5.90645E-1 5.89274E-1 5.8713E-1 6.00583E-1 5.94006E-1 5.65163E-1 4.94558E-1 3.88806E-1 3.71651E-1 6.84408E-1 7.28509E-1 6.51115E-1 5.2035E-1 4.35049E-1 3.51702E-1 4.21729E-1 7.06123E-1 7.69997E-1 7.6571E-1 7.82495E-1 7.9583E-1 8.12759E-1
6.43498E-1 6.4524E-1 6.39195E-1 6.53008E-1 6.73059E-1 6.70985E-1 6.68256E-1 6.86204E-1 7.04471E-1 7.02133E-1 7.06685E-1 7.18477E-1 5.90655E-1 5.95141E-1 5.92985E-1 5.97343E-1 5.87914E-1 5.59475E-1 6.8024E-1 7.3714E-1 7.32933E-1 7.30851E-1 7.17047E-1 7.15519E-1 6.97101E-1 6.8779E-1 6.64962E-1 6.68567E-1 6.43749E-1 6.47621E-1 6.40906E-1 6.60506E-1 6.88132E-1 7.075E-1 7.0973E-1 7.29223E-1 7.21911E-1 5.59186E-1 5.86747E-1 6.03397E-1 5.96179E-1 5.7957E-1 5.81893E-1 5.86266E-1 5.46182E-1 4.78091E-1 3.89743E-1 4.19617E-1 7.48083E-1 7.73315E-1 7.7304E-1 7.3583E-1 7.49406E-1 6.91786E-1 5.50457E-1 5.4659E-1 8.20312E-1 8.0825E-1 8.09029E-1 7.94117E-1 7.88652E-1
6.56946E-1 6.57098E-1 6.59704E-1 6.73636E-1 6.83681E-1 6.8272E-1 6.70753E-1 6.74072E-1 6.9109E-1 7.01846E-1 7.08354E-1 6.51652E-1 5.85129E-1 5.95679E-1 6.04385E-1 6.15612E-1 6.07367E-1 5.75805E-1 7.22729E-1 7.29573E-1 7.28118E-1 7.25619E-1 7.26551E-1 7.05863E-1 6.93738E-1 6.81384E-1 6.64921E-1 7.16558E-1 6.63184E-1 6.50236E-1 6.54606E-1 6.57687E-1 6.8899E-1 6.96745E-1 7.16367E-1 7.33374E-1 7.15544E-1 5.58919E-1 5.60863E-1 5.76347E-1 5.78283E-1 5.90227E-1 5.67311E-1 5.53488E-1 5.31521E-1 4.63743E-1 4.40659E-1 7.50124E-1 7.73295E-1 7.7996E-1 7.81105E-1 7.63709E-1 7.69693E-1 7.85038E-1 8.37459E-1 8.55997E-1 8.33524E-1 8.0858E-1 7.95794E-1 5.38784E-1 6.08081E-1
6.55045E-1 6.61271E-1 6.69965E-1 6.76085E-1 6.84333E-1 6.88115E-1 6.84089E-1 6.72104E-1 6.93345E-1 7.05134E-1 7.11598E-1 6.12374E-1 5.74185E-1 5.89293E-1 6.05297E-1 6.14381E-1 6.07959E-1 6.43017E-1 7.36247E-1 7.32467E-1 7.29746E-1 7.25504E-1 7.17647E-1 6.96378E-1 6.77706E-1 6.52028E-1 6.64868E-1 6.86854E-1 6.73105E-1 6.6328E-1 6.57352E-1 6.59635E-1 6.69242E-1 6.85108E-1 7.25272E-1 7.26945E-1 6.02165E-1 5.11814E-1 5.13291E-1 5.19309E-1 5.52491E-1 5.6647E-1 5.4498E-1 5.11967E-1 4.87966E-1 4.43402E-1 6.76503E-1 7.21272E-1 7.38255E-1 7.86976E-1 8.25715E-1 8.50165E-1 8.2764E-1 8.35913E-1 8.68151E-1 8.5949E-1 8.30539E-1 8.06856E-1 7.94292E-1 7.99532E-1 8.03299E-1
6.48577E-1 6.59127E-1 6.86504E-1 6.89294E-1 6.89006E-1 6.02505E-1 6.92037E-1 6.93173E-1 6.99663E-1 7.08415E-1 7.13664E-1 5.59854E-1 5.67671E-1 5.81262E-1 5.98179E-1 5.98365E-1 6.14013E-1 7.39388E-1 7.32544E-1 7.30805E-1 7.26964E-1 7.03585E-1 7.03328E-1 6.83374E-1 6.76337E-1 6.57077E-1 6.69593E-1 6.84007E-1 6.66614E-1 6.66708E-1 6.63059E-1 6.71561E-1 6.75958E-1 7.05277E-1 7.25E-1 5.4903E-1 5.66923E-1 6.59447E-1 7.35413E-1 6.5416E-1 5.26015E-1 5.4709E-1 5.37375E-1 4.78971E-1 4.40833E-1 6.04578E-1 7.50914E-1 7.25383E-1 7.47455E-1 8.07695E-1 8.4842E-1 8.60345E-1 8.55805E-1 8.46448E-1 8.0812E-1 8.06724E-1 8.13719E-1 7.987E-1 7.78947E-1 7.80197E-1 7.79973E-1
6.48437E-1 6.57228E-1 6.76009E-1 6.84135E-1 6.86147E-1 6.70802E-1 6.93844E-1 6.99921E-1 7.03902E-1 7.15778E-1 5.69947E-1 5.53528E-1 5.68844E-1 5.87329E-1 5.99724E-1 6.01921E-1 6.11124E-1 7.41557E-1 7.31344E-1 7.32855E-1 7.20656E-1 7.03366E-1 6.90682E-1 6.79891E-1 6.80001E-1 6.83249E-1 6.9398E-1 6.74846E-1 6.71163E-1 6.8022E-1 6.87459E-1 6.86043E-1 7.12131E-1 6.55158E-1 5.29962E-1 6.15524E-1 7.24915E-1 7.44737E-1 7.8336E-1 8.22675E-1 6.22301E-1 5.28025E-1 5.28943E-1 4.81411E-1 4.5761E-1 6.78207E-1 7.7113E-1 7.46768E-1 7.71845E-1 8.22427E-1 8.53067E-1 8.48682E-1 8.25921E-1 7.77271E-1 7.57696E-1 8.00989E-1 8.14016E-1 8.15089E-1 8.01928E-1 8.03058E-1 7.88415E-1
6.66566E-1 6.82301E-1 6.74691E-1 6.76923E-1 6.82091E-1 6.83195E-1 6.93442E-1 7.01719E-1 7.05892E-1 7.14538E-1 5.78527E-1 5.58245E-1 5.8059E-1 5.98752E-1 6.09581E-1 6.03181E-1 6.49883E-1 7.42929E-1 7.30927E-1 7.26666E-1 7.21274E-1 7.02159E-1 6.94894E-1 6.79096E-1 6.97928E-1 6.79473E-1 6.77511E-1 6.67889E-1 6.79605E-1 6.96166E-1 7.10569E-1 7.01464E-1 7.29974E-1 5.49806E-1 6.08894E-1 7.15662E-1 7.21306E-1 7.3061E-1 7.52575E-1 7.92362E-1 7.56887E-1 5.10551E-1 5.37766E-1 5.07293E-1 4.79131E-1 6.83031E-1 8.00762E-1 7.61929E-1 7.89569E-1 8.41019E-1 8.55028E-1 8.33594E-1 8.09143E-1 7.81402E-1 7.75016E-1 8.04957E-1 8.34114E-1 8.41113E-1 8.41477E-1 8.29701E-1 8.04564E-1
6.5162E-1 6.5568E-1 6.74358E-1 6.75919E-1 6.87616E-1 6.86976E-1 6.9387E-1 7.03422E-1 7.08494E-1 7.21941E-1 5.53086E-1 5.68864E-1 5.86507E-1 6.04657E-1 6.17245E-1 6.06384E-1 6.99086E-1 7.43275E-1 7.28572E-1 7.19849E-1 7.16498E-1 7.06841E-1 7.10655E-1 6.86695E-1 6.85245E-1 6.86741E-1 6.86574E-1 6.84276E-1 6.94964E-1 7.11157E-1 7.19732E-1 7.08382E-1 7.25658E-1 7.27192E-1 7.19661E-1 7.10601E-1 7.22884E-1 7.28544E-1 7.37322E-1 7.55833E-1 7.61316E-1 5.11381E-1 5.313E-1 5.26125E-1 5.06535E-1 6.52518E-1 8.30213E-1 7.96312E-1 8.07131E-1 8.50553E-1 8.36874E-1 8.23614E-1 8.18992E-1 8.08088E-1 8.01628E-1 8.18638E-1 8.55103E-1 8.64981E-1 8.5563E-1 7.36462E-1 6.34089E-1
6.39565E-1 6.46759E-1 6.69367E-1 6.63936E-1 6.86429E-1 6.85428E-1 6.9444E-1 7.03744E-1 7.11842E-1 6.06535E-1 5.57397E-1 5.72851E-1 5.8731E-1 6.076E-1 6.23171E-1 6.24337E-1 6.23387E-1 7.52282E-1 7.49034E-1 7.32963E-1 7.18951E-1 7.21212E-1 7.21187E-1 6.88076E-1 6.8615E-1 6.84896E-1 6.93531E-1 6.85176E-1 6.85669E-1 6.86759E-1 7.04002E-1 7.24545E-1 7.26049E-1 7.08746E-1 7.10345E-1 7.25733E-1 7.25226E-1 7.23856E-1 7.24323E-1 7.36848E-1 7.81971E-1 5.46532E-1 5.37842E-1 5.28491E-1 5.03512E-1 6.97414E-1 8.30362E-1 8.00836E-1 8.11897E-1 8.60818E-1 8.56892E-1 8.35603E-1 8.22175E-1 8.04893E-1 7.88709E-1 8.23996E-1 8.62592E-1 8.83327E-1 6.73221E-1 5.45301E-1 4.87113E-1
6.25821E-1 6.36446E-1 6.57736E-1 6.6349E-1 6.771E-1 6.89679E-1 6.98334E-1 7.04135E-1 7.15239E-1 5.74705E-1 5.70058E-1 5.81466E-1 6.00817E-1 6.17459E-1 6.30829E-1 6.33209E-1 6.23757E-1 6.9581E-1 7.57722E-1 7.47444E-1 7.25115E-1 7.18731E-1 7.18022E-1 7.09284E-1 7.0338E-1 6.95564E-1 6.97719E-1 6.89756E-1 6.86168E-1 6.98508E-1 7.13354E-1 7.1332E-1 7.18796E-1 7.1934E-1 7.16785E-1 7.22618E-1 7.2241E-1 7.19977E-1 7.17232E-1 7.28096E-1 7.71172E-1 5.36288E-1 5.04827E-1 5.72638E-1 7.72722E-1 8.57551E-1 8.52177E-1 8.42742E-1 8.58105E-1 8.75686E-1 8.71568E-1 8.54591E-1 8.35059E-1 7.94935E-1 7.68153E-1 8.15309E-1 8.55122E-1 8.55615E-1 8.11011E-1 7.40573E-1 6.63742E-1
6.318E-1 6.39549E-1 6.62269E-1 6.6594E-1 6.78988E-1 6.97285E-1 6.99529E-1 7.06881E-1 7.14906E-1 5.84667E-1 5.77473E-1 5.96685E-1 6.10355E-1 6.25399E-1 6.39724E-1 6.46078E-1 6.35462E-1 6.27524E-1 7.58795E-1 7.5248E-1 7.32423E-1 7.26537E-1 7.30706E-1 7.23084E-1 7.11432E-1 7.05714E-1 6.9791E-1 6.99483E-1 7.01045E-1 7.02995E-1 7.04712E-1 7.08063E-1 7.15306E-1 7.25536E-1 7.23129E-1 7.2187E-1 7.22846E-1 7.19964E-1 7.19396E-1 7.31811E-1 7.71081E-1 7.31154E-1 6.86079E-1 8.46933E-1 8.55414E-1 8.75749E-1 8.95684E-1 8.87417E-1 8.90738E-1 8.88873E-1 8.78396E-1 8.6353E-1 8.59542E-1 8.37808E-1 8.06434E-1 8.33987E-1 8.6218E-1 8.77654E-1 8.93205E-1 8.86E-1 8.53752E-1
6.52049E-1 6.49058E-1 6.64164E-1 6.53861E-1 6.78207E-1 6.95651E-1 6.9932E-1 7.07956E-1 7.13799E-1 6.18956E-1 5.93313E-1 6.06153E-1 6.1805E-1 6.22771E-1 6.32178E-1 6.38825E-1 6.32569E-1 6.26123E-1 7.19962E-1 7.49574E-1 7.38224E-1 7.39044E-1 7.32505E-1 7.24755E-1 7.15876E-1 7.05828E-1 7.08016E-1 7.01712E-1 7.08992E-1 7.17078E-1 7.20467E-1 7.23436E-1 7.21955E-1 7.24152E-1 7.20806E-1 7.19751E-1 7.2569E-1 7.30847E-1 7.38313E-1 7.63758E-1 7.92823E-1 8.06161E-1 8.16878E-1 8.36971E-1 8.55372E-1 8.73891E-1 8.90039E-1 8.90847E-1 8.9398E-1 8.84197E-1 8.79411E-1 8.76845E-1 8.79871E-1 8.75598E-1 8.78162E-1 8.66056E-1 8.6094E-1 8.65018E-1 8.60285E-1 8.48895E-1 8.06367E-1
6.37576E-1 6.51953E-1 6.44521E-1 6.60643E-1 6.79808E-1 6.83748E-1 6.97085E-1 7.00682E-1 7.11216E-1 7.19352E-1 6.04421E-1 6.16559E-1 6.26401E-1 6.32614E-1 6.36025E-1 6.42903E-1 6.39267E-1 6.32142E-1 7.0156E-1 7.43845E-1 7.29227E-1 7.28852E-1 7.25223E-1 7.26057E-1 7.17806E-1 7.11374E-1 7.05457E-1 7.10254E-1 7.23898E-1 7.26545E-1 7.2072E-1 7.20352E-1 7.21463E-1 7.21346E-1 7.24455E-1 7.31004E-1 7.36816E-1 7.54595E-1 7.71748E-1 7.93455E-1 8.19928E-1 8.19328E-1 8.10706E-1 8.24064E-1 8.46754E-1 8.64062E-1 8.70557E-1 8.72603E-1 8.68952E-1 8.6711E-1 8.71021E-1 8.77001E-1 8.74979E-1 8.76826E-1 8.47335E-1 7.38025E-1 6.31914E-1 5.05197E-1 4.58983E-1 4.53844E-1 4.57059E-1
6.25684E-1 6.27459E-1 6.4144E-1 6.48307E-1 6.80585E-1 6.92035E-1 6.89133E-1 7.04651E-1 7.12342E-1 6.78748E-1 6.0834E-1 6.2495E-1 6.3956E-1 6.5098E-1 6.55684E-1 6.64007E-1 6.54121E-1 6.4033E-1 7.49721E-1 7.41283E-1 7.52547E-1 7.43278E-1 7.30094E-1 7.34035E-1 7.29979E-1 7.2234E-1 7.11874E-1 7.10326E-1 7.13886E-1 7.13561E-1 7.18057E-1 7.26736E-1 7.30631E-1 7.36527E-1 7.45301E-1 7.55137E-1 7.57487E-1 7.63914E-1 7.84073E-1 7.58911E-1 8.06753E-1 8.454E-1 8.1331E-1 8.16442E-1 8.34911E-1 8.39015E-1 8.43758E-1 7.30928E-1 5.89466E-1 6.07667E-1 6.7058E-1 7.60546E-1 8.4739E-1 8.26753E-1 7.22199E-1 6.25453E-1 4.657E-1 4.40613E-1 4.2234E-1 4.51647E-1 6.21172E-1
6.31762E-1 6.35316E-1 6.46142E-1 6.41263E-1 6.46952E-1 6.5646E-1 6.85714E-1 7.1103E-1 7.16683E-1 6.84842E-1 6.18654E-1 6.37087E-1 6.49337E-1 6.61895E-1 6.71537E-1 6.70608E-1 6.70888E-1 6.63598E-1 7.47168E-1 7.31021E-1 7.44573E-1 7.4136E-1 7.30849E-1 7.32818E-1 7.31302E-1 7.29164E-1 7.17647E-1 7.15611E-1 7.16711E-1 7.12791E-1 7.20375E-1 7.40274E-1 7.56196E-1 7.81482E-1 7.83262E-1 7.64131E-1 7.72497E-1 7.76601E-1 8.15792E-1 5.51584E-1 6.31937E-1 8.37121E-1 8.52826E-1 8.41069E-1 8.36498E-1 8.04985E-1 5.19325E-1 3.83046E-1 4.092E-1 4.47863E-1 4.79639E-1 5.01869E-1 5.24319E-1 5.15355E-1 4.99178E-1 5.00841E-1 4.69957E-1 4.69536E-1 5.71893E-1 7.35504E-1 7.7416E-1
6.33777E-1 6.30826E-1 6.17442E-1 6.22571E-1 6.27978E-1 6.49748E-1 6.88574E-1 7.068E-1 7.15939E-1 6.89805E-1 6.19805E-1 6.36366E-1 6.56964E-1 6.74237E-1 6.87141E-1 6.89256E-1 6.94453E-1 7.53077E-1 7.35681E-1 7.28312E-1 7.31888E-1 7.33017E-1 7.3083E-1 7.31163E-1 7.28653E-1 7.21771E-1 7.16558E-1 7.16806E-1 7.2254E-1 7.24064E-1 7.3043E-1 7.38111E-1 7.67398E-1 8.00167E-1 7.99696E-1 7.84198E-1 7.80805E-1 8.08218E-1 8.20569E-1 8.44473E-1 8.63462E-1 8.65743E-1 8.61661E-1 7.85988E-1 6.00688E-1 3.95377E-1 3.65875E-1 3.91635E-1 4.2546E-1 4.6636E-1 4.94923E-1 5.1922E-1 5.34581E-1 5.31864E-1 4.98147E-1 5.59956E-1 7.1006E-1 7.71442E-1 7.63251E-1 7.73959E-1 7.8428E-1
6.35007E-1 6.20329E-1 6.24129E-1 6.283E-1 6.35409E-1 6.48114E-1 6.76101E-1 6.77262E-1 6.59192E-1 7.14851E-1 6.48931E-1 6.2961E-1 6.51776E-1 6.68449E-1 6.81835E-1 6.93311E-1 7.64782E-1 6.9993E-1 7.03798E-1 7.28492E-1 7.30118E-1 7.29513E-1 7.28673E-1 7.24346E-1 7.23478E-1 7.19809E-1 7.1484E-1 7.08121E-1 7.17672E-1 7.24539E-1 7.34469E-1 7.50298E-1 7.53958E-1 7.64777E-1 7.89121E-1 7.93944E-1 7.91646E-1 8.02368E-1 8.01244E-1 8.39611E-1 8.67256E-1 8.00916E-1 5.41843E-1 4.13292E-1 3.99848E-1 3.82775E-1 3.91698E-1 4.12545E-1 4.48558E-1 4.7618E-1 5.11583E-1 5.41208E-1 5.70038E-1 6.68722E-1 7.6476E-1 7.91038E-1 7.89339E-1 7.86411E-1 7.89573E-1 7.92633E-1 7.91697E-1
6.27204E-1 6.19352E-1 6.32543E-1 6.2382E-1 6.30558E-1 6.40975E-1 6.54064E-1 6.51844E-1 6.44664E-1 6.42833E-1 7.25196E-1 6.2193E-1 6.44982E-1 6.57751E-1 6.66753E-1 6.90597E-1 7.69693E-1 7.20196E-1 7.30079E-1 7.54616E-1 7.54014E-1 7.3808E-1 7.24073E-1 7.24672E-1 7.18094E-1 7.18159E-1 7.15294E-1 7.13954E-1 7.1496E-1 7.14006E-1 7.25896E-1 7.22103E-1 7.18482E-1 7.38705E-1 7.60525E-1 7.63304E-1 7.37834E-1 4.90196E-1 5.78797E-1 4.88595E-1 5.75026E-1 5.13952E-1 4.50973E-1 4.44329E-1 4.26413E-1 4.17101E-1 4.26008E-1 4.29506E-1 4.59701E-1 5.41096E-1 6.83864E-1 7.7314E-1 7.96399E-1 7.96089E-1 7.94953E-1 7.88854E-1 7.89983E-1 7.9732E-1 8.02047E-1 8.0392E-1 7.94413E-1
6.19336E-1 6.21672E-1 6.3156E-1 6.18387E-1 6.2038E-1 6.25387E-1 6.29958E-1 6.53428E-1 6.74779E-1 6.44279E-1 6.8621E-1 7.19557E-1 6.39785E-1 7.08106E-1 7.42883E-1 7.45831E-1 7.26591E-1 7.19717E-1 7.33973E-1 7.31878E-1 7.23746E-1 7.21609E-1 7.12829E-1 7.18359E-1 7.20382E-1 7.25904E-1 7.21554E-1 7.13666E-1 7.09985E-1 7.00396E-1 6.94299E-1 6.94694E-1 7.06432E-1 7.38253E-1 7.36792E-1 7.50639E-1 6.25859E-1 4.44652E-1 4.30855E-1 4.94405E-1 5.24182E-1 4.86645E-1 4.83691E-1 4.86546E-1 4.6656E-1 4.48577E-1 4.58329E-1 6.94099E-1 7.84365E-1 8.11988E-1 7.98738E-1 7.87683E-1 7.78363E-1 7.81323E-1 7.80635E-1 7.80137E-1 7.86786E-1 7.82344E-1 7.88493E-1 7.89774E-1 7.93587E-1
6.05496E-1 5.97711E-1 5.99705E-1 6.1097E-1 6.13506E-1 6.07912E-1 6.16991E-1 6.41515E-1 6.5341E-1 6.6146E-1 6.63231E-1 6.70744E-1 6.88796E-1 6.96145E-1 6.97062E-1 6.99489E-1 6.93608E-1 6.87578E-1 7.26822E-1 7.19325E-1 7.08414E-1 7.03826E-1 7.038E-1 7.25497E-1 7.26631E-1 7.18207E-1 7.14071E-1 6.94246E-1 7.01522E-1 6.84E-1 6.76143E-1 6.74208E-1 7.14817E-1 7.27927E-1 7.07214E-1 6.95107E-1 7.10453E-1 7.3604E-1 6.42192E-1 6.79564E-1 4.6788E-1 5.08536E-1 5.34463E-1 6.34209E-1 6.22782E-1 6.01269E-1 7.71314E-1 8.32939E-1 8.37752E-1 8.26577E-1 8.01693E-1 7.72003E-1 7.58728E-1 7.63522E-1 7.55525E-1 7.63578E-1 7.67384E-1 7.5427E-1 7.64917E-1 7.73171E-1 7.79081E-1
5.82795E-1 5.83769E-1 5.91622E-1 6.10677E-1 5.98512E-1 6.04496E-1 6.45243E-1 6.21499E-1 6.12936E-1 6.41667E-1 6.52924E-1 6.6759E-1 6.67165E-1 6.59085E-1 6.3964E-1 6.36194E-1 6.36989E-1 6.6516E-1 6.74268E-1 6.85036E-1 6.90546E-1 7.1712E-1 7.1442E-1 7.21076E-1 7.25066E-1 7.05741E-1 6.9591E-1 6.9025E-1 6.73611E-1 6.78205E-1 6.69854E-1 6.69801E-1 6.82405E-1 6.85028E-1 6.74687E-1 6.86268E-1 6.90434E-1 7.02208E-1 7.1169E-1 7.18164E-1 7.44584E-1 7.68984E-1 7.92707E-1 8.04096E-1 8.28103E-1 8.30171E-1 8.36109E-1 8.44959E-1 8.4313E-1 8.25174E-1 7.74157E-1 7.64326E-1 7.19223E-1 7.06449E-1 7.24523E-1 7.46904E-1 7.49999E-1 7.4943E-1 7.54027E-1 7.58062E-1 7.66587E-1
6.06185E-1 5.98563E-1 6.08625E-1 6.09115E-1 6.32753E-1 6.04281E-1 6.43817E-1 6.14409E-1 6.0065E-1 6.00205E-1 6.14843E-1 6.31358E-1 6.33319E-1 6.29228E-1 6.37031E-1 6.39183E-1 6.49895E-1 6.67829E-1 6.65449E-1 6.74391E-1 6.93309E-1 7.09961E-1 7.13621E-1 7.12396E-1 7.05416E-1 7.10381E-1 6.9357E-1 6.68541E-1 6.76488E-1 6.89703E-1 6.7801E-1 6.6739E-1 6.53128E-1 6.57098E-1 6.73629E-1 6.7655E-1 6.84902E-1 6.96107E-1 6.98888E-1 6.93367E-1 7.20788E-1 7.46588E-1 7.70317E-1 7.90439E-1 8.1248E-1 8.30258E-1 8.34479E-1 8.36258E-1 8.33884E-1 8.05383E-1 7.51963E-1 7.2718E-1 7.13095E-1 7.12374E-1 7.0601E-1 7.22716E-1 7.37685E-1 7.42731E-1 7.2978E-1 7.3853E-1 7.69927E-1
5.89332E-1 5.78367E-1 5.86716E-1 5.9833E-1 5.88295E-1 5.86791E-1 5.89503E-1 5.92849E-1 6.00952E-1 6.05955E-1 6.1301E-1 6.1801E-1 6.22207E-1 6.21321E-1 6.20947E-1 6.09901E-1 6.25961E-1 6.364E-1 6.57557E-1 6.78696E-1 6.91582E-1 6.88089E-1 6.8787E-1 6.91629E-1 6.9546E-1 6.94288E-1 6.73367E-1 6.69194E-1 6.63967E-1 6.73425E-1 6.89889E-1 6.80905E-1 6.74677E-1 6.80749E-1 6.896E-1 6.84844E-1 6.95598E-1 7.0493E-1 7.07639E-1 7.06168E-1 7.22556E-1 7.39502E-1 7.62392E-1 7.7354E-1 7.93969E-1 8.04269E-1 8.11571E-1 8.17668E-1 8.09903E-1 7.9109E-1 7.53048E-1 7.17217E-1 6.99461E-1 7.04484E-1 7.14759E-1 7.19266E-1 7.28885E-1 7.4173E-1 7.33386E-1 7.37068E-1 7.56854E-1
5.68417E-1 5.62932E-1 5.65297E-1 5.73924E-1 5.9272E-1 5.85356E-1 5.86908E-1 5.8438E-1 5.86303E-1 5.91852E-1 5.9703E-1 6.01807E-1 6.07637E-1 6.15535E-1 6.15918E-1 6.19762E-1 6.24483E-1 6.44507E-1 6.60349E-1 6.71534E-1 6.7445E-1 6.76773E-1 6.8045E-1 6.81023E-1 6.84113E-1 6.87975E-1 6.96248E-1 6.91704E-1 6.73172E-1 6.6463E-1 6.74927E-1 6.8458E-1 7.01475E-1 6.92252E-1 6.83525E-1 6.80555E-1 6.83327E-1 7.01002E-1 6.9896E-1 7.09307E-1 7.25198E-1 7.40611E-1 7.45603E-1 7.47714E-1 7.46666E-1 7.45104E-1 7.75264E-1 7.80911E-1 7.66984E-1 7.58755E-1 7.46182E-1 7.12207E-1 7.06288E-1 6.92533E-1 7.24635E-1 7.55716E-1 7.40729E-1 7.39744E-1 7.54133E-1 7.67874E-1 7.77892E-1
5.63717E-1 5.65483E-1 5.60951E-1 5.68385E-1 5.85918E-1 5.8941E-1 5.92807E-1 5.87449E-1 5.91149E-1 6.01839E-1 5.98827E-1 5.96836E-1 6.09872E-1 6.13822E-1 6.17262E-1 6.35202E-1 6.39834E-1 6.55535E-1 6.6143E-1 6.68778E-1 6.7722E-1 6.72942E-1 6.81312E-1 6.66648E-1 6.69268E-1 6.6936E-1 6.73025E-1 6.84983E-1 6.8276E-1 6.70667E-1 6.85141E-1 7.08155E-1 7.14953E-1 6.9888E-1 6.90887E-1 6.85493E-1 6.83441E-1 6.90478E-1 6.95888E-1 7.25473E-1 7.41631E-1 7.48494E-1 7.40052E-1 7.18636E-1 7.10908E-1 7.25026E-1 7.15734E-1 7.43849E-1 7.40108E-1 7.319E-1 7.22656E-1 7.11861E-1 7.0644E-1 7.19825E-1 7.1071E-1 7.29956E-1 7.51102E-1 7.36892E-1 7.25358E-1 7.56506E-1 7.60563E-1
5.77926E-1 5.93945E-1 5.91714E-1 5.75951E-1 5.80779E-1 5.86777E-1 5.86505E-1 5.92769E-1 5.79488E-1 5.82417E-1 5.85319E-1 5.9546E-1 5.9869E-1 6.04813E-1 6.17454E-1 6.29267E-1 6.40261E-1 6.57369E-1 6.63743E-1 6.63056E-1 6.69596E-1 6.60713E-1 6.68445E-1 6.67682E-1 6.63363E-1 6.64731E-1 6.62362E-1 6.71378E-1 6.90283E-1 6.90697E-1 6.68355E-1 6.85067E-1 6.8832E-1 6.92107E-1 6.94645E-1 6.84769E-1 6.79762E-1 6.73864E-1 6.83235E-1 7.31653E-1 7.3469E-1 7.45474E-1 7.39408E-1 7.3713E-1 7.08423E-1 7.04008E-1 6.94492E-1 7.12082E-1 7.30549E-1 7.09686E-1 7.06619E-1 7.13086E-1 7.12575E-1 7.24302E-1 7.17892E-1 7.47744E-1 7.49981E-1 7.32568E-1 7.36714E-1 7.356E-1 7.58803E-1
