data/maxent/outputs/white_241.asc
ncols         426
nrows         180
xllcorner     -130.0
yllcorner     24.0
cellsize      0.16666666666666666
NODATA_value  -9999
[rows 54 to 80 of 180, columns 122 to 182 of 426]
4.7627E-1 4.61618E-1 2.24047E-1 3.65039E-2 5.02402E-2 4.59173E-2 3.02148E-2 3.50544E-2 5.45522E-2 2.41207E-1 3.9514E-1 4.16772E-1 4.09392E-1 4.15977E-1 1.97771E-1 1.51242E-1 1.03355E-1 1.42615E-1 1.72096E-1 1.68473E-1 1.73108E-1 1.31883E-1 1.12064E-1 1.13414E-1 1.08065E-1 8.14751E-2 8.4897E-2 1.07387E-1 1.06788E-1 1.09755E-1 1.53847E-1 1.41553E-1 1.34594E-1 1.50572E-1 1.88414E-1 2.54342E-1 3.16362E-1 3.21743E-1 2.89752E-1 2.04051E-1 1.34833E-1 8.85903E-2 7.64138E-2 7.52828E-2 7.39179E-2 8.37471E-2 9.9491E-2 1.0784E-1 1.10912E-1 1.15737E-1 1.21564E-1 1.25068E-1 1.26669E-1 1.35326E-1 1.50157E-1 1.89148E-1 1.61579E-1 1.75425E-1 1.65514E-1 1.59284E-1 1.56595E-1
4.24833E-1 4.0354E-1 2.13934E-1 1.00424E-1 5.13735E-2 2.98777E-2 2.19713E-2 2.53377E-2 3.31797E-2 5.11218E-2 3.064E-1 4.09651E-1 4.16354E-1 4.25681E-1 3.93673E-1 1.74094E-1 1.20134E-1 1.27265E-1 1.68511E-1 1.62556E-1 1.19384E-1 1.08349E-1 1.24922E-1 1.16745E-1 1.00752E-1 8.32666E-2 8.4784E-2 1.09521E-1 1.3339E-1 2.06919E-1 1.9957E-1 2.60304E-1 2.16334E-1 1.77488E-1 2.10576E-1 2.87995E-1 2.87351E-1 2.93664E-1 2.84778E-1 2.40915E-1 1.67903E-1 1.36175E-1 9.16046E-2 7.45852E-2 7.26129E-2 7.54253E-2 8.7932E-2 9.2826E-2 1.0048E-1 1.04896E-1 1.05795E-1 1.20332E-1 1.47058E-1 1.59638E-1 1.95414E-1 1.47977E-1 1.60849E-1 1.69476E-1 1.64414E-1 1.5086E-1 1.50148E-1
5.16303E-1 4.2327E-1 3.21938E-1 1.13913E-1 5.79843E-2 4.28552E-2 2.21419E-2 2.14585E-2 1.77986E-2 2.00488E-2 3.99455E-2 1.64438E-1 3.92666E-1 4.22586E-1 4.3067E-1 3.70547E-1 3.14648E-1 1.47414E-1 1.25907E-1 1.1763E-1 1.23063E-1 9.98971E-2 1.12132E-1 1.2743E-1 1.09327E-1 1.16846E-1 8.92313E-2 1.23408E-1 1.37081E-1 1.73553E-1 2.68369E-1 3.89761E-1 2.79851E-1 2.2724E-1 2.56758E-1 3.13571E-1 3.48775E-1 3.24302E-1 2.88331E-1 2.2899E-1 1.63419E-1 1.29496E-1 1.13103E-1 9.61767E-2 8.86412E-2 8.67533E-2 9.65189E-2 1.0201E-1 1.10798E-1 1.12936E-1 1.17457E-1 1.12266E-1 1.22642E-1 1.20194E-1 1.54449E-1 1.1627E-1 1.42927E-1 1.55923E-1 1.4317E-1 1.39322E-1 1.40914E-1
3.97864E-1 2.77158E-1 1.5699E-1 1.1288E-1 6.22537E-2 4.13147E-2 3.12402E-2 2.24471E-2 1.60599E-2 1.372E-2 1.88428E-2 5.94678E-2 2.88595E-1 3.9486E-1 4.02495E-1 4.47198E-1 3.37437E-1 1.44176E-1 1.08593E-1 9.37403E-2 8.63696E-2 8.931E-2 1.05249E-1 1.16201E-1 1.42555E-1 1.36582E-1 1.20501E-1 1.1189E-1 1.07188E-1 1.47979E-1 2.51795E-1 3.07468E-1 2.70769E-1 4.74179E-1 5.3018E-1 5.3043E-1 4.84549E-1 3.0684E-1 2.5549E-1 2.00147E-1 1.56489E-1 1.12597E-1 9.26825E-2 8.51782E-2 9.04919E-2 9.89432E-2 1.02454E-1 1.05191E-1 1.00917E-1 1.06977E-1 1.0647E-1 9.43855E-2 1.02076E-1 1.00962E-1 1.0829E-1 1.10784E-1 1.39838E-1 1.44712E-1 1.27747E-1 1.33065E-1 1.43673E-1
3.95681E-1 3.72985E-1 3.97694E-1 1.78176E-1 8.90137E-2 5.60469E-2 3.8578E-2 2.47367E-2 2.08885E-2 1.48175E-2 1.49079E-2 2.54915E-2 7.39588E-2 3.03426E-1 3.9531E-1 4.28473E-1 3.74128E-1 1.61791E-1 7.43215E-2 6.79252E-2 7.5466E-2 6.23907E-2 7.77313E-2 1.10445E-1 1.38767E-1 1.37533E-1 1.24464E-1 9.30962E-2 9.23689E-2 9.87205E-2 1.40908E-1 2.00916E-1 3.29582E-1 4.31046E-1 4.35676E-1 4.75898E-1 4.75359E-1 3.32594E-1 1.71374E-1 1.60154E-1 1.40332E-1 1.18896E-1 1.00381E-1 7.94313E-2 1.08497E-1 9.87971E-2 9.95942E-2 9.77379E-2 9.21669E-2 8.79106E-2 8.3273E-2 8.18053E-2 8.94894E-2 9.55767E-2 1.00235E-1 1.12503E-1 1.29063E-1 1.33568E-1 1.23585E-1 1.28229E-1 1.36229E-1
4.44066E-1 4.02377E-1 2.71781E-1 1.36482E-1 1.11677E-1 7.24368E-2 4.954E-2 2.88243E-2 1.81347E-2 1.66838E-2 1.6415E-2 2.53503E-2 4.12559E-2 9.93588E-2 3.07973E-1 3.58453E-1 3.43503E-1 1.04478E-1 5.88573E-2 6.11163E-2 5.99799E-2 6.15105E-2 7.28365E-2 9.94247E-2 1.07114E-1 1.04019E-1 1.05108E-1 9.20127E-2 1.00459E-1 9.705E-2 1.00407E-1 1.75834E-1 2.86376E-1 3.73142E-1 3.41958E-1 4.19697E-1 4.09737E-1 3.06021E-1 1.40414E-1 1.22865E-1 1.20215E-1 1.11902E-1 9.61841E-2 8.48816E-2 9.46152E-2 9.42762E-2 9.23227E-2 8.14036E-2 7.59636E-2 7.23894E-2 7.50864E-2 7.84788E-2 8.62762E-2 9.16774E-2 1.09224E-1 1.13427E-1 1.17399E-1 1.10079E-1 1.15867E-1 1.1928E-1 1.44424E-1
4.87457E-1 4.44769E-1 3.9532E-1 2.23205E-1 1.42629E-1 9.54388E-2 5.56499E-2 4.34538E-2 3.27209E-2 2.20296E-2 1.98144E-2 2.93825E-2 5.38906E-2 6.11572E-2 1.66854E-1 2.8675E-1 2.61697E-1 1.24828E-1 7.37997E-2 6.36505E-2 6.09173E-2 7.15588E-2 8.85557E-2 1.01637E-1 9.17254E-2 9.47182E-2 9.88169E-2 1.0305E-1 8.82815E-2 8.34546E-2 7.98928E-2 9.62997E-2 2.20084E-1 3.22312E-1 3.32077E-1 3.53949E-1 3.56126E-1 3.15402E-1 1.42525E-1 1.04079E-1 9.10411E-2 7.65049E-2 7.75988E-2 8.81657E-2 1.02514E-1 7.8899E-2 7.73738E-2 7.96526E-2 7.9837E-2 8.53346E-2 8.26978E-2 8.66326E-2 8.82674E-2 1.03618E-1 1.15209E-1 1.0941E-1 1.08543E-1 9.92086E-2 9.16147E-2 9.88391E-2 1.10102E-1
2.95913E-1 3.36822E-1 4.01961E-1 3.34219E-1 1.31763E-1 7.66112E-2 5.21629E-2 3.93881E-2 3.17472E-2 3.27327E-2 3.17336E-2 3.69943E-2 6.10097E-2 7.08708E-2 1.49658E-1 2.36817E-1 1.87937E-1 1.03497E-1 7.33459E-2 7.08069E-2 7.56327E-2 8.4571E-2 1.08137E-1 1.07596E-1 1.01449E-1 9.2279E-2 8.34292E-2 7.53408E-2 6.52115E-2 6.50751E-2 6.54516E-2 6.98928E-2 8.1861E-2 1.74437E-1 2.40876E-1 3.01425E-1 3.04005E-1 2.36254E-1 1.19397E-1 9.06473E-2 8.05211E-2 7.48767E-2 8.78235E-2 8.18311E-2 7.19754E-2 7.95274E-2 9.03943E-2 8.24127E-2 8.0224E-2 8.34519E-2 8.44115E-2 8.75242E-2 8.81203E-2 9.49101E-2 1.0171E-1 9.91211E-2 9.24655E-2 9.25993E-2 9.52893E-2 9.93032E-2 1.07437E-1
7.80149E-2 7.00902E-2 2.08272E-1 1.32052E-1 9.40607E-2 1.19041E-1 1.15327E-1 5.28247E-2 5.64211E-2 7.28744E-2 8.43269E-2 9.62254E-2 1.03511E-1 1.37086E-1 2.03227E-1 2.11168E-1 1.45931E-1 9.58029E-2 9.3447E-2 9.63397E-2 1.15245E-1 1.24499E-1 1.14803E-1 1.07297E-1 9.11876E-2 8.00754E-2 8.06673E-2 7.80516E-2 5.79845E-2 5.36002E-2 5.52492E-2 6.42719E-2 6.14257E-2 9.24812E-2 1.42701E-1 1.90282E-1 2.17976E-1 1.56841E-1 1.02614E-1 8.09345E-2 7.93092E-2 8.94151E-2 7.70317E-2 7.14007E-2 8.43803E-2 9.69583E-2 1.04736E-1 9.97352E-2 1.02243E-1 9.471E-2 9.61307E-2 9.63933E-2 8.87689E-2 1.02813E-1 1.24008E-1 1.14248E-1 1.11302E-1 1.08329E-1 1.03113E-1 1.19062E-1 1.1879E-1
2.59105E-1 5.66862E-2 5.41584E-2 5.51986E-2 5.2687E-2 3.67719E-2 3.02393E-2 3.27235E-2 4.60669E-2 6.92496E-2 9.81971E-2 5.18959E-2 7.49091E-2 1.46467E-1 1.97629E-1 1.71874E-1 1.31499E-1 9.91528E-2 9.94942E-2 1.13348E-1 1.06377E-1 1.56724E-1 1.27137E-1 1.0041E-1 8.52111E-2 7.27516E-2 6.56953E-2 6.02056E-2 6.15982E-2 6.59034E-2 6.01209E-2 5.71651E-2 5.67062E-2 6.48885E-2 8.34729E-2 1.24378E-1 1.3763E-1 1.1395E-1 8.70087E-2 7.97537E-2 7.69608E-2 6.63566E-2 6.22877E-2 8.15984E-2 9.78079E-2 1.00945E-1 1.01141E-1 9.52693E-2 1.00373E-1 9.5078E-2 1.03162E-1 9.98609E-2 1.04109E-1 1.17081E-1 1.24154E-1 1.32003E-1 1.2266E-1 1.2931E-1 1.29309E-1 1.34344E-1 1.37227E-1
5.47327E-1 2.7254E-1 7.0041E-2 4.6799E-2 3.42036E-2 2.36963E-2 2.30552E-2 1.97217E-2 1.72839E-2 1.72911E-2 2.26931E-2 2.52306E-2 3.15199E-2 5.59311E-2 8.92552E-2 9.40777E-2 8.28585E-2 8.50293E-2 9.73244E-2 1.0847E-1 1.19643E-1 1.34601E-1 1.45568E-1 1.1314E-1 9.00535E-2 7.29389E-2 6.02496E-2 6.43781E-2 6.58455E-2 6.41587E-2 6.04205E-2 5.41227E-2 6.05097E-2 7.41465E-2 6.73825E-2 8.38036E-2 8.66257E-2 9.43131E-2 9.33355E-2 8.65543E-2 6.81646E-2 6.94503E-2 9.10132E-2 9.31895E-2 9.53713E-2 1.0034E-1 9.81569E-2 1.0263E-1 9.0839E-2 9.10337E-2 1.13065E-1 1.1569E-1 1.18275E-1 1.13777E-1 1.10393E-1 1.11075E-1 1.25115E-1 1.3569E-1 1.48841E-1 1.57909E-1 1.6409E-1
4.85227E-1 4.24717E-1 2.5911E-1 8.23235E-2 3.72783E-2 2.59162E-2 2.14123E-2 1.92839E-2 1.76822E-2 1.82749E-2 2.11932E-2 2.73074E-2 3.64159E-2 4.67802E-2 5.98465E-2 6.24089E-2 6.65314E-2 7.75179E-2 8.44026E-2 1.04501E-1 1.12436E-1 1.22749E-1 1.36138E-1 1.19225E-1 1.0433E-1 8.8123E-2 7.22239E-2 6.78132E-2 6.96084E-2 8.06539E-2 7.71216E-2 7.5814E-2 8.81889E-2 7.68348E-2 7.7877E-2 7.39773E-2 7.57252E-2 9.52461E-2 9.23226E-2 8.8866E-2 7.5766E-2 8.12241E-2 8.84943E-2 9.20375E-2 9.48969E-2 9.321E-2 9.28237E-2 9.66459E-2 1.01172E-1 1.04187E-1 1.04396E-1 1.0463E-1 1.02432E-1 1.06027E-1 1.04435E-1 1.12204E-1 1.14587E-1 1.17794E-1 1.29421E-1 1.48476E-1 1.6553E-1
2.36317E-1 4.39251E-1 4.58019E-1 2.33697E-1 9.00892E-2 4.11616E-2 2.62424E-2 2.18612E-2 2.23919E-2 2.65247E-2 2.78286E-2 3.55882E-2 4.87112E-2 6.82909E-2 6.02484E-2 6.00107E-2 7.09975E-2 7.21371E-2 8.32413E-2 9.8523E-2 9.87216E-2 9.13184E-2 8.88839E-2 8.51875E-2 6.86942E-2 7.88766E-2 7.6821E-2 7.94967E-2 9.44223E-2 1.10595E-1 1.34865E-1 1.22962E-1 1.10772E-1 9.81274E-2 7.67315E-2 6.99156E-2 8.66187E-2 9.02779E-2 7.85825E-2 7.22644E-2 7.11369E-2 8.97643E-2 9.62241E-2 1.04227E-1 1.03738E-1 9.95057E-2 9.87066E-2 9.57618E-2 9.63002E-2 1.00616E-1 1.02206E-1 1.07057E-1 1.03138E-1 9.92134E-2 9.98824E-2 1.04139E-1 1.17051E-1 1.31052E-1 1.42105E-1 1.43762E-1 1.59117E-1
3.99962E-2 1.92425E-1 4.02561E-1 4.33256E-1 2.39364E-1 1.24165E-1 5.0733E-2 3.99623E-2 3.56318E-2 6.03513E-2 5.27227E-2 4.84921E-2 5.8542E-2 8.48408E-2 9.67647E-2 8.43354E-2 8.19033E-2 7.62511E-2 7.776E-2 1.38704E-1 1.84946E-1 1.30757E-1 1.59256E-1 1.35758E-1 9.5274E-2 6.55865E-2 6.31049E-2 6.39132E-2 7.83452E-2 1.1163E-1 1.75388E-1 1.42039E-1 1.23186E-1 1.24079E-1 1.20446E-1 1.14936E-1 1.21377E-1 9.32336E-2 8.80861E-2 9.72888E-2 1.13169E-1 1.01713E-1 9.07791E-2 9.2777E-2 9.36571E-2 9.42257E-2 9.28095E-2 9.52075E-2 1.0061E-1 1.07773E-1 1.07721E-1 9.77647E-2 1.0204E-1 1.06396E-1 1.05974E-1 1.15012E-1 1.26902E-1 1.32199E-1 1.51787E-1 1.59167E-1 1.76354E-1
2.53315E-2 3.49379E-2 1.33538E-1 2.48558E-1 3.23459E-1 1.80625E-1 1.15527E-1 7.27789E-2 5.56327E-2 4.89149E-2 5.04284E-2 4.6589E-2 5.37405E-2 6.43276E-2 6.33677E-2 5.66065E-2 5.58291E-2 7.07529E-2 6.51522E-2 1.02354E-1 1.81116E-1 1.87418E-1 2.15316E-1 1.93576E-1 1.36377E-1 9.0436E-2 7.33491E-2 6.99591E-2 6.85711E-2 9.00938E-2 1.41859E-1 1.02415E-1 9.50697E-2 8.85831E-2 8.35457E-2 9.62517E-2 1.03817E-1 1.18232E-1 1.3168E-1 1.24599E-1 1.08185E-1 8.65282E-2 8.07305E-2 9.02243E-2 9.57988E-2 9.85047E-2 1.01433E-1 1.07619E-1 1.1257E-1 1.14329E-1 1.1838E-1 1.21118E-1 1.27322E-1 1.17399E-1 1.23582E-1 1.21084E-1 1.29716E-1 1.40759E-1 1.46354E-1 1.55659E-1 1.55508E-1
1.94675E-2 2.1358E-2 3.14104E-2 5.49019E-2 8.9754E-2 1.01609E-1 9.03808E-2 8.12253E-2 6.09851E-2 5.97964E-2 6.37437E-2 8.0573E-2 6.5286E-2 6.00317E-2 6.55009E-2 6.497E-2 6.87243E-2 1.06051E-1 1.28112E-1 1.24475E-1 1.24454E-1 1.18204E-1 1.80813E-1 2.19203E-1 2.09488E-1 1.60845E-1 1.24117E-1 8.20998E-2 7.54456E-2 8.0309E-2 6.95846E-2 5.23635E-2 6.244E-2 6.98126E-2 6.52725E-2 6.80757E-2 8.31117E-2 9.77645E-2 1.07479E-1 1.10939E-1 9.85457E-2 7.82813E-2 8.5276E-2 9.04869E-2 9.69823E-2 1.01496E-1 1.09973E-1 1.11874E-1 1.14828E-1 1.23283E-1 1.25225E-1 1.29417E-1 1.29502E-1 1.19003E-1 1.29911E-1 1.23255E-1 1.34752E-1 1.51628E-1 1.6339E-1 1.64635E-1 1.62283E-1
1.45526E-2 1.69258E-2 1.97799E-2 3.21899E-2 6.11586E-2 8.49225E-2 6.68824E-2 5.32651E-2 4.90029E-2 4.09101E-2 4.06024E-2 5.08627E-2 8.33138E-2 8.11683E-2 1.30392E-1 1.04973E-1 1.00924E-1 1.38444E-1 1.62262E-1 1.30334E-1 1.10626E-1 1.0157E-1 1.09237E-1 1.53099E-1 1.89681E-1 1.85369E-1 1.35579E-1 7.58143E-2 6.3318E-2 6.42458E-2 5.61674E-2 5.97065E-2 5.3659E-2 6.0436E-2 6.99054E-2 8.82558E-2 9.59236E-2 9.69918E-2 1.0322E-1 1.12021E-1 1.0071E-1 8.45832E-2 8.63135E-2 8.71975E-2 9.52324E-2 9.93429E-2 1.00573E-1 1.08053E-1 1.18504E-1 1.32078E-1 1.35233E-1 1.36521E-1 1.39374E-1 1.36428E-1 1.32688E-1 1.24802E-1 1.341E-1 1.4772E-1 1.53067E-1 1.5652E-1 1.56907E-1
1.71437E-2 1.83299E-2 2.52987E-2 4.84715E-2 5.64688E-2 5.39118E-2 3.80224E-2 3.05404E-2 2.58616E-2 2.48572E-2 2.88077E-2 3.79576E-2 5.22171E-2 5.35645E-2 6.67589E-2 1.03512E-1 1.10122E-1 1.20915E-1 1.50088E-1 1.19578E-1 1.12425E-1 9.07216E-2 9.72088E-2 1.1277E-1 1.34192E-1 1.57906E-1 1.19643E-1 7.15989E-2 6.74276E-2 8.35111E-2 7.21791E-2 5.90396E-2 5.72668E-2 5.70682E-2 6.74092E-2 8.11218E-2 1.01602E-1 1.07217E-1 9.53374E-2 8.95032E-2 8.43786E-2 8.76992E-2 8.51978E-2 8.51718E-2 9.20748E-2 1.02599E-1 1.06577E-1 1.15884E-1 1.37766E-1 1.4922E-1 1.51533E-1 1.49368E-1 1.356E-1 1.29731E-1 1.33398E-1 1.37153E-1 1.31669E-1 1.41157E-1 1.52377E-1 1.56996E-1 1.48724E-1
1.81052E-2 2.15073E-2 3.08593E-2 4.24966E-2 5.01453E-2 3.50577E-2 2.8995E-2 2.44795E-2 2.22236E-2 2.33965E-2 2.77334E-2 3.52435E-2 4.23665E-2 5.95933E-2 7.48479E-2 8.75137E-2 8.14528E-2 8.58159E-2 1.02332E-1 9.61672E-2 8.40089E-2 8.21329E-2 7.97128E-2 9.00988E-2 1.12596E-1 1.35111E-1 1.26311E-1 1.06295E-1 1.1134E-1 1.13339E-1 8.24796E-2 6.52251E-2 6.41941E-2 6.30577E-2 6.89595E-2 7.73683E-2 9.05132E-2 1.00799E-1 1.09895E-1 1.10074E-1 9.7903E-2 9.0653E-2 8.50374E-2 8.54333E-2 9.74839E-2 1.13542E-1 1.35798E-1 1.49655E-1 1.69516E-1 1.74985E-1 1.72336E-1 1.5288E-1 1.42129E-1 1.35624E-1 1.40807E-1 1.48911E-1 1.47662E-1 1.43436E-1 1.45486E-1 1.4829E-1 1.45286E-1
2.01346E-2 2.47567E-2 2.92386E-2 3.49759E-2 4.30673E-2 3.45963E-2 3.33989E-2 2.47554E-2 2.31444E-2 2.01515E-2 2.52674E-2 3.85893E-2 4.4985E-2 5.8912E-2 7.92199E-2 7.17961E-2 7.44865E-2 8.18597E-2 1.22625E-1 1.3276E-1 1.06102E-1 9.71035E-2 8.91186E-2 8.62297E-2 9.35939E-2 1.18422E-1 1.27457E-1 1.59896E-1 1.75809E-1 1.70419E-1 1.42664E-1 1.06032E-1 1.05749E-1 1.05888E-1 8.58695E-2 1.06919E-1 1.06611E-1 9.29925E-2 8.07392E-2 9.14232E-2 1.04724E-1 9.83706E-2 8.52555E-2 8.49052E-2 9.83673E-2 1.29043E-1 1.64184E-1 1.98621E-1 2.05899E-1 1.94012E-1 1.69109E-1 1.54041E-1 1.34267E-1 1.28276E-1 1.29666E-1 1.41311E-1 1.45703E-1 1.39929E-1 1.39696E-1 1.4964E-1 1.51125E-1
2.25853E-2 3.18166E-2 3.0913E-2 2.84452E-2 3.4137E-2 3.45073E-2 2.97734E-2 2.90652E-2 3.0899E-2 2.59198E-2 2.39177E-2 3.80814E-2 5.7118E-2 9.50961E-2 8.12317E-2 7.7625E-2 7.02544E-2 6.86055E-2 1.85422E-1 1.73858E-1 2.09932E-1 1.12685E-1 9.15161E-2 8.12323E-2 8.75783E-2 1.19369E-1 1.3089E-1 1.50551E-1 1.6945E-1 1.70849E-1 1.5984E-1 1.35417E-1 1.38956E-1 1.42648E-1 1.09408E-1 1.03189E-1 1.07005E-1 1.09634E-1 9.7375E-2 8.76164E-2 8.07519E-2 8.65715E-2 9.19271E-2 9.17696E-2 1.05771E-1 1.36298E-1 1.75322E-1 1.94537E-1 1.96928E-1 1.91328E-1 1.54559E-1 1.29714E-1 1.0543E-1 1.10491E-1 1.20568E-1 1.20622E-1 1.32824E-1 1.37153E-1 1.29025E-1 1.37927E-1 1.39007E-1
2.49307E-2 3.19549E-2 4.17428E-2 5.68318E-2 4.0607E-2 3.98997E-2 4.4162E-2 3.29716E-2 3.3856E-2 3.04867E-2 2.99998E-2 4.13128E-2 6.46405E-2 1.12751E-1 1.355E-1 1.45903E-1 8.72034E-2 7.71718E-2 2.14524E-1 4.58522E-1 4.91157E-1 2.29296E-1 1.07855E-1 7.96682E-2 7.75351E-2 1.20534E-1 1.28792E-1 1.47513E-1 1.60563E-1 1.62779E-1 1.46219E-1 1.51615E-1 1.68643E-1 1.73355E-1 1.26228E-1 1.08186E-1 1.13915E-1 1.18628E-1 1.11698E-1 1.16179E-1 1.18221E-1 1.04625E-1 8.97761E-2 9.31637E-2 1.05757E-1 1.26883E-1 1.61819E-1 1.82133E-1 1.91085E-1 1.62263E-1 1.33488E-1 1.08266E-1 1.04129E-1 1.02654E-1 1.04645E-1 1.10457E-1 1.17439E-1 1.23905E-1 1.28977E-1 1.16594E-1 1.2393E-1
2.93929E-2 4.07293E-2 5.82686E-2 6.59417E-2 5.12344E-2 5.27843E-2 5.78429E-2 3.95748E-2 3.40241E-2 3.41537E-2 5.15897E-2 5.22827E-2 8.60559E-2 1.63037E-1 2.27323E-1 5.64266E-1 3.11799E-1 1.53331E-1 2.31391E-1 4.6737E-1 5.329E-1 2.74589E-1 1.46385E-1 1.01015E-1 9.01368E-2 1.40503E-1 1.32817E-1 1.3467E-1 1.5322E-1 1.44458E-1 1.25018E-1 1.13905E-1 8.94384E-2 8.01701E-2 8.90119E-2 9.40058E-2 1.00232E-1 9.40231E-2 9.26442E-2 9.46315E-2 9.63758E-2 9.95215E-2 9.69346E-2 1.00327E-1 1.04753E-1 1.18533E-1 1.44898E-1 1.6069E-1 1.24212E-1 1.12698E-1 9.50447E-2 9.09702E-2 8.88811E-2 9.53194E-2 9.90897E-2 1.00068E-1 1.10205E-1 1.17987E-1 1.1554E-1 1.1078E-1 1.116E-1
4.30939E-2 5.84211E-2 8.60476E-2 8.44944E-2 9.5517E-2 5.41356E-2 5.50021E-2 4.78426E-2 5.09005E-2 5.8397E-2 5.1373E-2 7.41709E-2 1.09592E-1 1.92553E-1 3.25408E-1 4.68879E-1 6.17073E-1 5.93176E-1 4.92578E-1 4.74E-1 5.43337E-1 4.15883E-1 2.49067E-1 1.59286E-1 1.51219E-1 1.48545E-1 1.36994E-1 1.44025E-1 1.48928E-1 1.36846E-1 1.11193E-1 8.18013E-2 6.49605E-2 6.14569E-2 7.43389E-2 8.48308E-2 8.74412E-2 9.12707E-2 9.01451E-2 8.80698E-2 9.00573E-2 1.00772E-1 1.01234E-1 9.29255E-2 9.42206E-2 9.84241E-2 1.0101E-1 1.01193E-1 9.40289E-2 8.3734E-2 8.13217E-2 9.05502E-2 8.95093E-2 1.01818E-1 1.0636E-1 1.00451E-1 1.02065E-1 1.04855E-1 1.08845E-1 1.09278E-1 1.12625E-1
8.90199E-2 9.50823E-2 7.88578E-2 7.53718E-2 1.23205E-1 6.8776E-2 4.9908E-2 6.84523E-2 6.91878E-2 5.78191E-2 1.00665E-1 1.46569E-1 1.82295E-1 4.3824E-1 4.71221E-1 5.29998E-1 6.21561E-1 6.92582E-1 6.74213E-1 5.90575E-1 5.55624E-1 5.4281E-1 3.53879E-1 3.47341E-1 2.49494E-1 1.59E-1 1.55918E-1 1.44889E-1 1.22641E-1 1.06564E-1 9.12771E-2 6.46056E-2 5.54056E-2 6.27647E-2 7.03342E-2 7.79977E-2 7.02574E-2 6.96603E-2 8.5982E-2 8.7415E-2 9.16465E-2 8.97417E-2 9.64194E-2 9.96441E-2 9.2974E-2 9.62835E-2 9.25495E-2 9.53368E-2 9.28888E-2 9.44483E-2 8.25063E-2 9.06852E-2 8.86203E-2 9.45726E-2 1.24451E-1 1.26262E-1 1.12513E-1 9.73768E-2 1.01142E-1 1.04656E-1 1.07452E-1
2.63413E-1 1.41025E-1 1.06623E-1 1.0957E-1 5.43329E-2 5.12951E-2 7.11621E-2 4.45896E-2 6.39961E-2 9.99424E-2 1.88281E-1 2.62158E-1 2.88572E-1 5.38761E-1 6.16643E-1 6.40375E-1 6.30055E-1 6.2817E-1 6.57421E-1 5.65122E-1 4.94411E-1 5.19928E-1 5.38655E-1 4.52365E-1 2.78118E-1 1.91184E-1 1.60161E-1 1.11625E-1 9.51417E-2 7.45702E-2 6.80514E-2 6.03633E-2 4.96388E-2 5.46352E-2 5.43582E-2 5.51193E-2 5.28259E-2 5.74128E-2 6.40442E-2 7.07497E-2 8.94321E-2 9.71093E-2 9.51164E-2 9.62369E-2 9.44728E-2 8.15171E-2 8.42169E-2 8.94649E-2 9.31658E-2 8.72405E-2 9.08575E-2 9.09271E-2 9.51954E-2 9.81043E-2 1.01793E-1 1.03399E-1 1.12584E-1 1.21343E-1 1.16147E-1 1.03528E-1 1.00032E-1
7.51176E-2 3.84912E-2 4.62131E-2 7.17925E-2 1.11322E-1 1.01418E-1 9.07494E-2 6.76796E-2 7.81961E-2 1.14372E-1 1.79772E-1 2.49122E-1 2.93658E-1 3.26937E-1 4.36459E-1 5.90485E-1 4.85784E-1 6.73954E-1 6.576E-1 5.73865E-1 5.37661E-1 5.42496E-1 5.77585E-1 5.61061E-1 4.45725E-1 3.21754E-1 2.01237E-1 1.09059E-1 7.85806E-2 7.03557E-2 6.05028E-2 5.00474E-2 4.95058E-2 4.84721E-2 4.75066E-2 4.81787E-2 5.0957E-2 5.14995E-2 5.75906E-2 8.59195E-2 9.62909E-2 8.92649E-2 8.82704E-2 9.43605E-2 9.29767E-2 8.23454E-2 7.34992E-2 8.34394E-2 9.83555E-2 9.25939E-2 9.20327E-2 1.02757E-1 9.74495E-2 1.05153E-1 1.00529E-1 8.8839E-2 8.95553E-2 9.91983E-2 1.20911E-1 1.14709E-1 1.1342E-1
