data/maxent/outputs/white_152.asc
ncols         426
nrows         180
xllcorner     -130.0
yllcorner     24.0
cellsize      0.16666666666666666
NODATA_value  -9999
[rows 0 to 26 of 180, columns 183 to 243 of 426]
9.80116E-2 8.90044E-2 9.01653E-2 8.77365E-2 8.14168E-2 7.78644E-2 7.93997E-2 8.32706E-2 8.59847E-2 8.60434E-2 9.13293E-2 8.73684E-2 7.62798E-2 7.48715E-2 7.77918E-2 7.59359E-2 7.38242E-2 7.31367E-2 7.34698E-2 7.47823E-2 7.34064E-2 7.20797E-2 7.43316E-2 7.44508E-2 7.66236E-2 7.55163E-2 7.69818E-2 7.59821E-2 6.82708E-2 7.1116E-2 7.53442E-2 7.3218E-2 7.21756E-2 7.52673E-2 7.03422E-2 6.84925E-2 6.72067E-2 6.46608E-2 6.35725E-2 6.37025E-2 6.38472E-2 6.51124E-2 6.15579E-2 5.86406E-2 5.77103E-2 5.80922E-2 5.85316E-2 5.57137E-2 5.88556E-2 5.65449E-2 5.61234E-2 5.71416E-2 5.78314E-2 5.39899E-2 5.49932E-2 5.22547E-2 5.24203E-2 5.03247E-2 5.03851E-2 5.11676E-2 4.97988E-2
1.00183E-1 9.13689E-2 9.87064E-2 8.29398E-2 6.24662E-2 6.07537E-2 6.08193E-2 6.05055E-2 7.38369E-2 8.83782E-2 9.01027E-2 9.18621E-2 8.64954E-2 8.08772E-2 8.29788E-2 7.88239E-2 7.67441E-2 7.55511E-2 7.39525E-2 7.74825E-2 7.52517E-2 7.8116E-2 7.99797E-2 7.65791E-2 7.8587E-2 7.90239E-2 8.19958E-2 7.98839E-2 7.89819E-2 7.74655E-2 7.00308E-2 7.02722E-2 7.68834E-2 7.94104E-2 7.73908E-2 7.47025E-2 7.42797E-2 7.22065E-2 7.05532E-2 6.94862E-2 6.87508E-2 6.58417E-2 6.68065E-2 6.85682E-2 6.42743E-2 6.39288E-2 6.45627E-2 6.09751E-2 6.20252E-2 6.35675E-2 6.14109E-2 6.20507E-2 6.10112E-2 5.85623E-2 6.03271E-2 6.08615E-2 5.62086E-2 5.02396E-2 5.3961E-2 5.60791E-2 5.42117E-2
1.01268E-1 1.00484E-1 1.11144E-1 6.82565E-2 6.49928E-2 6.32166E-2 6.37985E-2 6.02751E-2 6.16191E-2 6.15444E-2 8.76496E-2 9.7035E-2 9.63331E-2 8.74747E-2 8.39195E-2 8.22529E-2 8.14437E-2 8.05573E-2 8.16088E-2 8.18419E-2 7.86543E-2 7.75818E-2 7.90945E-2 8.12572E-2 8.25908E-2 8.42821E-2 8.64573E-2 8.61467E-2 8.69773E-2 8.59679E-2 8.5991E-2 8.67479E-2 8.6793E-2 8.33659E-2 7.97192E-2 8.04474E-2 8.03634E-2 7.70913E-2 7.74853E-2 7.35097E-2 7.23254E-2 7.05473E-2 6.95598E-2 6.58198E-2 6.66909E-2 6.57807E-2 6.51599E-2 6.48238E-2 6.80317E-2 6.69258E-2 6.77308E-2 6.38484E-2 5.89192E-2 5.98933E-2 6.08028E-2 6.0954E-2 6.07779E-2 5.94624E-2 5.81616E-2 5.83635E-2 5.71967E-2
1.10463E-1 1.11055E-1 1.03081E-1 6.55093E-2 6.46161E-2 6.45573E-2 6.37708E-2 6.07899E-2 5.95661E-2 6.194E-2 6.3077E-2 9.63465E-2 1.041E-1 9.33639E-2 9.21474E-2 8.80879E-2 8.72178E-2 8.77532E-2 8.52187E-2 8.46123E-2 8.66159E-2 8.29295E-2 8.29635E-2 8.23962E-2 8.51139E-2 8.87172E-2 8.62963E-2 8.58722E-2 8.59957E-2 8.55669E-2 8.94653E-2 9.30193E-2 8.96261E-2 8.71763E-2 8.44758E-2 8.39814E-2 8.42701E-2 8.22264E-2 8.11849E-2 8.05794E-2 7.54803E-2 7.10098E-2 7.41617E-2 6.91504E-2 6.5726E-2 6.73049E-2 7.30014E-2 7.01949E-2 7.16075E-2 7.22057E-2 7.11767E-2 7.40942E-2 6.4741E-2 6.28918E-2 6.41195E-2 6.20087E-2 6.15409E-2 6.20728E-2 6.44618E-2 6.10035E-2 6.13193E-2
1.18558E-1 1.28999E-1 8.34925E-2 6.96832E-2 6.65886E-2 6.65932E-2 6.81469E-2 6.70046E-2 6.29497E-2 6.27611E-2 6.03765E-2 7.37491E-2 1.0719E-1 9.55935E-2 8.99249E-2 9.17372E-2 8.92607E-2 8.72324E-2 8.8654E-2 8.84228E-2 8.70828E-2 8.76342E-2 8.92478E-2 8.68748E-2 8.70993E-2 8.74129E-2 8.78879E-2 9.11067E-2 9.34318E-2 9.17733E-2 9.36379E-2 9.34261E-2 9.11729E-2 9.07786E-2 9.15828E-2 8.95813E-2 8.72438E-2 8.57081E-2 8.26633E-2 8.25872E-2 8.20365E-2 7.92559E-2 7.97544E-2 7.85971E-2 7.76423E-2 7.73401E-2 7.21946E-2 7.08211E-2 7.42159E-2 7.10152E-2 7.14138E-2 7.31694E-2 6.74785E-2 6.65442E-2 6.53329E-2 6.50101E-2 6.36724E-2 6.47817E-2 6.53091E-2 6.29993E-2 6.17726E-2
1.26469E-1 1.26263E-1 1.27564E-1 9.73698E-2 9.77679E-2 9.62604E-2 8.18599E-2 7.078E-2 6.61062E-2 6.28323E-2 6.0584E-2 6.34616E-2 1.01703E-1 9.88284E-2 9.56853E-2 9.30074E-2 9.31637E-2 9.26805E-2 9.13162E-2 9.34988E-2 9.54268E-2 9.1664E-2 9.00786E-2 9.263E-2 9.55266E-2 9.52195E-2 9.54683E-2 9.69625E-2 9.60352E-2 9.6661E-2 9.85248E-2 9.86689E-2 9.67006E-2 9.7618E-2 9.65587E-2 9.64056E-2 9.5602E-2 9.38742E-2 9.54171E-2 9.23865E-2 9.11134E-2 8.64694E-2 8.52475E-2 8.54734E-2 8.37392E-2 8.36046E-2 7.61422E-2 7.42019E-2 7.77357E-2 7.88293E-2 7.72364E-2 7.46822E-2 6.84876E-2 6.78713E-2 6.643E-2 6.64169E-2 7.0423E-2 7.498E-2 7.0299E-2 6.68875E-2 6.87312E-2
1.35686E-1 1.26671E-1 1.28476E-1 1.31776E-1 1.03625E-1 8.97591E-2 7.30103E-2 7.14221E-2 7.14296E-2 6.73483E-2 6.33336E-2 6.50716E-2 9.15974E-2 1.06114E-1 1.02421E-1 9.74325E-2 9.60271E-2 9.77437E-2 1.01245E-1 9.99218E-2 1.01593E-1 9.917E-2 9.67478E-2 9.75594E-2 1.00456E-1 9.8381E-2 9.98748E-2 1.01553E-1 9.98266E-2 9.92064E-2 9.90045E-2 9.91716E-2 1.02348E-1 1.02396E-1 9.91476E-2 1.01585E-1 9.97429E-2 9.86673E-2 1.01058E-1 9.83745E-2 9.94121E-2 9.68339E-2 9.22736E-2 8.91732E-2 9.01361E-2 9.01596E-2 8.82034E-2 8.49236E-2 8.93645E-2 8.39798E-2 8.5614E-2 8.49378E-2 7.88424E-2 7.32856E-2 7.24114E-2 7.18353E-2 7.39051E-2 7.86064E-2 7.75467E-2 7.62831E-2 7.83831E-2
1.47233E-1 1.39172E-1 1.38352E-1 1.41032E-1 1.07442E-1 7.58411E-2 7.23408E-2 7.10758E-2 7.29284E-2 6.98995E-2 6.55533E-2 6.39933E-2 6.90809E-2 1.06729E-1 1.06842E-1 1.06066E-1 1.07805E-1 1.1021E-1 1.13315E-1 1.11656E-1 1.09133E-1 1.07428E-1 1.04911E-1 1.03653E-1 1.04362E-1 1.06016E-1 1.06374E-1 1.05723E-1 1.06452E-1 1.06536E-1 1.03949E-1 1.03354E-1 1.06506E-1 1.03069E-1 1.03094E-1 1.04706E-1 1.04912E-1 1.02115E-1 1.00474E-1 9.95474E-2 1.02383E-1 1.03899E-1 9.74895E-2 9.34405E-2 9.43682E-2 9.35762E-2 9.07698E-2 9.11157E-2 9.50191E-2 8.92456E-2 8.77227E-2 9.22658E-2 8.84315E-2 8.48012E-2 8.13072E-2 7.9158E-2 8.21716E-2 7.95471E-2 7.81334E-2 7.5664E-2 7.61942E-2
1.58249E-1 1.48679E-1 1.43901E-1 1.43542E-1 1.43751E-1 1.29771E-1 8.17694E-2 7.53571E-2 7.82998E-2 7.96355E-2 7.00987E-2 6.87382E-2 6.59736E-2 6.90119E-2 1.08227E-1 1.09871E-1 1.15186E-1 1.13919E-1 1.19533E-1 1.21511E-1 1.17184E-1 1.17536E-1 1.16481E-1 1.13706E-1 1.13303E-1 1.14306E-1 1.11338E-1 1.13459E-1 1.09324E-1 1.09861E-1 1.102E-1 1.10915E-1 1.10706E-1 1.05852E-1 1.07323E-1 1.06488E-1 1.07865E-1 1.07303E-1 1.09527E-1 1.06151E-1 1.04488E-1 1.06865E-1 1.07685E-1 1.01402E-1 9.786E-2 9.25156E-2 9.30129E-2 1.00913E-1 9.38318E-2 9.26683E-2 8.94381E-2 9.06792E-2 8.71105E-2 8.69779E-2 9.02376E-2 8.90049E-2 8.63737E-2 8.0302E-2 8.0417E-2 7.9214E-2 7.57205E-2
1.67328E-1 1.54438E-1 1.48013E-1 1.50786E-1 1.47124E-1 1.40849E-1 1.27388E-1 7.82618E-2 9.37951E-2 1.21115E-1 7.41983E-2 7.63582E-2 7.58596E-2 7.556E-2 1.02056E-1 1.18504E-1 1.23032E-1 1.23812E-1 1.25312E-1 1.2573E-1 1.25235E-1 1.24411E-1 1.22016E-1 1.22647E-1 1.23316E-1 1.22196E-1 1.19135E-1 1.18025E-1 1.15453E-1 1.13982E-1 1.13895E-1 1.11598E-1 1.12957E-1 1.11525E-1 1.153E-1 1.16785E-1 1.15458E-1 1.15962E-1 1.16376E-1 1.12205E-1 1.10008E-1 1.08802E-1 1.08563E-1 1.07177E-1 1.02479E-1 9.89349E-2 9.89914E-2 9.9876E-2 9.6646E-2 9.28245E-2 8.85251E-2 8.87252E-2 8.87403E-2 8.9218E-2 8.8691E-2 9.10003E-2 8.78471E-2 8.47546E-2 8.23964E-2 8.11487E-2 8.35558E-2
1.75384E-1 1.6278E-1 1.58803E-1 1.56812E-1 1.5453E-1 1.47666E-1 1.42277E-1 1.3955E-1 9.46215E-2 9.6212E-2 8.15752E-2 7.85852E-2 8.07324E-2 9.9742E-2 1.00537E-1 1.27165E-1 1.33613E-1 1.35175E-1 1.37795E-1 1.35128E-1 1.3687E-1 1.35286E-1 1.31051E-1 1.30457E-1 1.32012E-1 1.28359E-1 1.28836E-1 1.27421E-1 1.21519E-1 1.24235E-1 1.25907E-1 1.2185E-1 1.20555E-1 1.17856E-1 1.21148E-1 1.1845E-1 1.16611E-1 1.1366E-1 1.16833E-1 1.13669E-1 1.13381E-1 1.09941E-1 1.07153E-1 1.04883E-1 1.00879E-1 1.0046E-1 9.70846E-2 9.49299E-2 9.09663E-2 8.93374E-2 9.208E-2 9.06914E-2 9.38391E-2 9.12438E-2 9.36653E-2 9.10283E-2 9.11047E-2 8.84782E-2 8.65808E-2 8.38394E-2 8.53516E-2
1.78373E-1 1.74352E-1 1.67477E-1 1.67479E-1 1.6012E-1 1.53553E-1 1.53401E-1 1.49367E-1 1.50918E-1 9.70718E-2 1.31312E-1 1.46758E-1 1.1698E-1 9.42736E-2 8.83404E-2 1.37107E-1 1.47241E-1 1.49179E-1 1.50571E-1 1.46548E-1 1.43963E-1 1.44304E-1 1.43693E-1 1.44477E-1 1.43634E-1 1.42591E-1 1.39151E-1 1.40095E-1 1.3773E-1 1.37422E-1 1.38323E-1 1.38338E-1 1.36823E-1 1.30054E-1 1.29473E-1 1.20977E-1 1.18674E-1 1.20486E-1 1.18654E-1 1.16505E-1 1.17122E-1 1.1255E-1 1.09808E-1 1.06179E-1 1.06955E-1 1.0423E-1 9.9197E-2 9.92382E-2 1.01822E-1 9.97889E-2 1.02143E-1 9.92174E-2 9.40805E-2 9.37777E-2 9.33083E-2 9.53483E-2 9.56084E-2 9.50253E-2 9.37495E-2 9.35177E-2 9.08411E-2
1.92257E-1 1.87973E-1 1.79274E-1 1.69082E-1 1.64991E-1 1.62221E-1 1.62215E-1 1.54494E-1 1.56521E-1 1.4998E-1 1.48464E-1 1.60057E-1 1.57696E-1 1.53134E-1 1.07269E-1 1.15222E-1 1.62457E-1 1.66436E-1 1.58577E-1 1.53116E-1 1.53439E-1 1.5464E-1 1.54664E-1 1.56759E-1 1.52367E-1 1.50276E-1 1.47794E-1 1.45381E-1 1.44521E-1 1.40932E-1 1.44306E-1 1.43364E-1 1.46226E-1 1.43708E-1 1.40197E-1 1.32131E-1 1.31603E-1 1.3306E-1 1.28781E-1 1.30688E-1 1.2321E-1 1.20808E-1 1.16262E-1 1.10812E-1 1.10277E-1 1.09506E-1 1.0492E-1 1.03915E-1 1.14095E-1 1.1049E-1 1.13176E-1 1.05595E-1 1.0199E-1 9.87132E-2 1.00761E-1 1.02219E-1 1.02126E-1 9.69341E-2 9.52724E-2 9.3584E-2 9.65757E-2
2.06155E-1 1.9051E-1 1.83914E-1 1.76349E-1 1.6675E-1 1.65022E-1 1.62815E-1 1.56897E-1 1.5389E-1 1.57418E-1 1.65176E-1 1.7289E-1 1.75514E-1 1.79488E-1 1.53111E-1 1.54992E-1 1.69608E-1 1.79036E-1 1.7163E-1 1.70131E-1 1.68502E-1 1.67665E-1 1.63798E-1 1.61575E-1 1.59218E-1 1.59548E-1 1.55626E-1 1.58467E-1 1.53919E-1 1.52339E-1 1.47234E-1 1.49697E-1 1.57201E-1 1.50095E-1 1.53767E-1 1.47631E-1 1.4628E-1 1.47411E-1 1.47823E-1 1.41528E-1 1.35376E-1 1.29524E-1 1.22934E-1 1.17381E-1 1.20887E-1 1.25952E-1 1.19031E-1 1.16112E-1 1.16851E-1 1.16766E-1 1.19313E-1 1.15985E-1 1.18354E-1 1.13075E-1 1.12359E-1 1.11568E-1 1.03672E-1 1.03479E-1 1.05983E-1 1.01422E-1 1.01709E-1
2.12877E-1 2.04421E-1 2.01658E-1 1.91025E-1 1.73983E-1 1.75469E-1 1.61189E-1 1.54262E-1 1.56307E-1 1.69874E-1 1.78326E-1 1.81981E-1 1.84047E-1 1.92708E-1 1.84953E-1 1.89836E-1 1.86006E-1 1.80978E-1 1.81609E-1 1.79172E-1 1.78522E-1 1.77315E-1 1.75394E-1 1.68513E-1 1.66214E-1 1.64403E-1 1.63536E-1 1.61878E-1 1.62164E-1 1.60389E-1 1.5788E-1 1.57704E-1 1.58493E-1 1.57859E-1 1.56998E-1 1.52031E-1 1.49051E-1 1.48765E-1 1.49518E-1 1.45907E-1 1.42547E-1 1.3866E-1 1.31705E-1 1.31009E-1 1.33301E-1 1.36725E-1 1.28883E-1 1.29474E-1 1.28789E-1 1.24551E-1 1.27229E-1 1.24879E-1 1.23451E-1 1.20858E-1 1.21087E-1 1.17282E-1 1.13488E-1 1.09717E-1 1.06205E-1 1.03976E-1 1.0155E-1
2.21471E-1 2.12822E-1 2.20233E-1 2.01595E-1 1.82241E-1 1.64031E-1 1.61631E-1 1.54187E-1 1.67086E-1 1.81116E-1 1.86151E-1 1.76921E-1 1.90088E-1 2.0113E-1 1.93167E-1 2.01395E-1 1.59741E-1 1.55689E-1 1.83503E-1 1.85172E-1 1.79929E-1 1.81936E-1 1.81129E-1 1.79424E-1 1.78674E-1 1.77792E-1 1.73932E-1 1.77897E-1 1.78055E-1 1.74581E-1 1.7037E-1 1.64199E-1 1.60595E-1 1.56903E-1 1.60753E-1 1.55932E-1 1.56965E-1 1.55162E-1 1.49203E-1 1.4606E-1 1.45198E-1 1.50224E-1 1.52065E-1 1.44772E-1 1.44808E-1 1.48633E-1 1.38394E-1 1.37483E-1 1.38222E-1 1.3849E-1 1.3755E-1 1.329E-1 1.28718E-1 1.2819E-1 1.27143E-1 1.24032E-1 1.17311E-1 1.11702E-1 1.10459E-1 1.08498E-1 1.10481E-1
2.19314E-1 2.20543E-1 2.2032E-1 2.12966E-1 1.96123E-1 1.73825E-1 1.55145E-1 1.58381E-1 1.69774E-1 1.78131E-1 1.73986E-1 1.80028E-1 1.92702E-1 2.02553E-1 1.97148E-1 2.00926E-1 2.03084E-1 1.90059E-1 1.95001E-1 1.86173E-1 1.89247E-1 1.89904E-1 1.90564E-1 1.90866E-1 1.94437E-1 1.87699E-1 1.86554E-1 1.91483E-1 1.9042E-1 1.87629E-1 1.85786E-1 1.82541E-1 1.74513E-1 1.74422E-1 1.66978E-1 1.69791E-1 1.6491E-1 1.56662E-1 1.57885E-1 1.60664E-1 1.63314E-1 1.57111E-1 1.56714E-1 1.55702E-1 1.55989E-1 1.53242E-1 1.54691E-1 1.49275E-1 1.49264E-1 1.43903E-1 1.40411E-1 1.3703E-1 1.38234E-1 1.34687E-1 1.31127E-1 1.30431E-1 1.2686E-1 1.22953E-1 1.22635E-1 1.24513E-1 1.15465E-1
2.29073E-1 2.26338E-1 2.35529E-1 2.27154E-1 2.11625E-1 1.90947E-1 1.72119E-1 1.62099E-1 1.8148E-1 1.87234E-1 1.74204E-1 1.78826E-1 1.87192E-1 1.88959E-1 1.7957E-1 1.99893E-1 2.05444E-1 1.70498E-1 1.86129E-1 1.95508E-1 1.96674E-1 1.99673E-1 2.01525E-1 2.02921E-1 2.03181E-1 2.00641E-1 1.98893E-1 1.98856E-1 1.9598E-1 1.96637E-1 1.91965E-1 1.9672E-1 1.9119E-1 1.93836E-1 1.85525E-1 1.86013E-1 1.90487E-1 1.79239E-1 1.77383E-1 1.71773E-1 1.74677E-1 1.66534E-1 1.65412E-1 1.65212E-1 1.60432E-1 1.58119E-1 1.59361E-1 1.63587E-1 1.55118E-1 1.52948E-1 1.43754E-1 1.46402E-1 1.45494E-1 1.39274E-1 1.40255E-1 1.38417E-1 1.33766E-1 1.32885E-1 1.29365E-1 1.26196E-1 1.21509E-1
2.30392E-1 2.45917E-1 2.55766E-1 2.4813E-1 2.22844E-1 2.02861E-1 1.94548E-1 1.78412E-1 1.79425E-1 1.80806E-1 1.83987E-1 1.86195E-1 1.9096E-1 1.88109E-1 1.84418E-1 1.87757E-1 1.52516E-1 1.45552E-1 1.81141E-1 2.11274E-1 2.22113E-1 2.11964E-1 2.08985E-1 2.08754E-1 2.12789E-1 2.18109E-1 2.12241E-1 2.06004E-1 2.0448E-1 2.01273E-1 1.95341E-1 1.93724E-1 2.00572E-1 2.00383E-1 2.06661E-1 2.04972E-1 2.04341E-1 1.9874E-1 1.93004E-1 1.87038E-1 1.82245E-1 1.7905E-1 1.7371E-1 1.71969E-1 1.67979E-1 1.70102E-1 1.69282E-1 1.64721E-1 1.65027E-1 1.5956E-1 1.56986E-1 1.57477E-1 1.51091E-1 1.4874E-1 1.48513E-1 1.44296E-1 1.39844E-1 1.36756E-1 1.35181E-1 1.35011E-1 1.31714E-1
2.43331E-1 2.38718E-1 2.52E-1 2.40457E-1 2.37425E-1 2.02023E-1 1.98898E-1 2.09094E-1 1.97513E-1 1.98716E-1 2.04616E-1 1.93376E-1 2.01983E-1 1.96633E-1 2.11158E-1 1.8497E-1 1.54462E-1 1.73847E-1 2.00991E-1 2.23124E-1 2.3521E-1 2.23449E-1 2.21186E-1 2.1811E-1 2.19586E-1 2.27495E-1 2.25638E-1 2.23038E-1 2.17227E-1 2.17739E-1 2.19333E-1 2.18269E-1 2.16168E-1 2.13542E-1 2.15943E-1 2.23093E-1 2.18392E-1 2.1821E-1 2.11545E-1 2.04204E-1 1.98194E-1 1.87529E-1 1.77418E-1 1.83788E-1 1.83274E-1 1.86447E-1 1.82032E-1 1.81563E-1 1.73841E-1 1.74806E-1 1.666E-1 1.63297E-1 1.57408E-1 1.55266E-1 1.51069E-1 1.4658E-1 1.4303E-1 1.40834E-1 1.43059E-1 1.42896E-1 1.40943E-1
2.73311E-1 2.47398E-1 2.41922E-1 2.37677E-1 2.39964E-1 2.42683E-1 2.01633E-1 2.02855E-1 2.21233E-1 2.15428E-1 2.18587E-1 2.07798E-1 2.20869E-1 2.05105E-1 2.25165E-1 2.06242E-1 1.72193E-1 2.19862E-1 2.38395E-1 2.37453E-1 2.35687E-1 2.3697E-1 2.38538E-1 2.39232E-1 2.30836E-1 2.35896E-1 2.39776E-1 2.37435E-1 2.31894E-1 2.37378E-1 2.35098E-1 2.31075E-1 2.27457E-1 2.28487E-1 2.376E-1 2.35524E-1 2.36617E-1 2.42495E-1 2.34704E-1 2.23238E-1 2.18336E-1 2.11981E-1 2.08396E-1 1.97905E-1 2.02042E-1 2.03725E-1 1.89684E-1 1.85457E-1 1.79536E-1 1.75806E-1 1.75233E-1 1.65388E-1 1.61937E-1 1.58897E-1 1.5681E-1 1.47945E-1 1.49561E-1 1.50894E-1 1.50054E-1 1.47264E-1 1.46065E-1
2.77508E-1 2.65886E-1 2.60715E-1 2.57163E-1 2.58522E-1 2.75792E-1 2.2466E-1 2.10178E-1 2.20016E-1 2.34302E-1 2.42412E-1 2.322E-1 2.30668E-1 2.26208E-1 2.27299E-1 2.36803E-1 2.20738E-1 2.33099E-1 2.43268E-1 2.42233E-1 2.46173E-1 2.49144E-1 2.52508E-1 2.55576E-1 2.57407E-1 2.59127E-1 2.51092E-1 2.5585E-1 2.63022E-1 2.64367E-1 2.63641E-1 2.57382E-1 2.52759E-1 2.60899E-1 2.56908E-1 2.5163E-1 2.49455E-1 2.48937E-1 2.4877E-1 2.46376E-1 2.32598E-1 2.2837E-1 2.22877E-1 2.25904E-1 2.27427E-1 2.15263E-1 2.06496E-1 1.98532E-1 1.94197E-1 1.84829E-1 1.76578E-1 1.72184E-1 1.65575E-1 1.65332E-1 1.60296E-1 1.56549E-1 1.55748E-1 1.5369E-1 1.526E-1 1.55351E-1 1.49717E-1
2.6366E-1 2.7857E-1 2.76507E-1 2.79067E-1 2.79665E-1 2.89719E-1 2.65858E-1 2.52777E-1 2.5414E-1 2.53832E-1 2.57449E-1 2.51815E-1 2.44894E-1 2.41037E-1 2.29766E-1 2.25196E-1 2.31324E-1 2.50567E-1 2.43885E-1 2.65272E-1 2.64212E-1 2.74319E-1 2.80854E-1 2.74739E-1 2.66012E-1 2.79465E-1 2.86869E-1 2.8525E-1 2.813E-1 2.79051E-1 2.89546E-1 2.82E-1 2.85814E-1 2.75807E-1 2.74194E-1 2.65241E-1 2.60948E-1 2.67762E-1 2.58534E-1 2.57091E-1 2.57264E-1 2.42139E-1 2.49266E-1 2.42713E-1 2.4316E-1 2.23713E-1 2.20977E-1 2.14503E-1 2.04524E-1 1.92914E-1 1.83257E-1 1.73598E-1 1.69575E-1 1.66833E-1 1.68018E-1 1.64803E-1 1.59786E-1 1.55344E-1 1.56581E-1 1.5986E-1 1.56293E-1
2.46991E-1 2.77028E-1 2.94814E-1 3.02625E-1 3.14388E-1 3.03013E-1 2.85322E-1 2.75772E-1 2.70781E-1 2.85191E-1 2.93186E-1 2.78777E-1 2.62576E-1 2.54899E-1 2.5023E-1 2.53782E-1 2.58455E-1 2.66836E-1 2.72412E-1 2.99581E-1 2.94784E-1 2.87985E-1 2.98945E-1 2.9141E-1 2.87146E-1 2.888E-1 2.98491E-1 2.96942E-1 2.99796E-1 2.89225E-1 2.8542E-1 2.8952E-1 2.89269E-1 2.80713E-1 2.99099E-1 2.92073E-1 2.78163E-1 2.72784E-1 2.6291E-1 2.52709E-1 2.5259E-1 2.51451E-1 2.54399E-1 2.60987E-1 2.51736E-1 2.49173E-1 2.32075E-1 2.20234E-1 2.10038E-1 2.02107E-1 1.93239E-1 1.86401E-1 1.89766E-1 1.77056E-1 1.76156E-1 1.67102E-1 1.6275E-1 1.53055E-1 1.54442E-1 1.57283E-1 1.63515E-1
2.6565E-1 2.76619E-1 3.07068E-1 3.18565E-1 3.24569E-1 3.16415E-1 2.96531E-1 2.8022E-1 2.83671E-1 2.93346E-1 3.11349E-1 3.0394E-1 2.86342E-1 2.83606E-1 3.08159E-1 3.08041E-1 3.09664E-1 3.08471E-1 3.07854E-1 3.13088E-1 3.12251E-1 3.08803E-1 3.13636E-1 3.04994E-1 3.04733E-1 3.02482E-1 3.06067E-1 3.0575E-1 3.08058E-1 3.10401E-1 3.07062E-1 3.03034E-1 2.90971E-1 2.90726E-1 2.93703E-1 2.97376E-1 2.97171E-1 2.92974E-1 2.85645E-1 2.85018E-1 2.7551E-1 2.7819E-1 2.70106E-1 2.66786E-1 2.67005E-1 2.59791E-1 2.40977E-1 2.258E-1 2.14245E-1 2.11758E-1 2.1564E-1 1.94118E-1 1.87863E-1 1.82057E-1 1.78301E-1 1.74361E-1 1.65112E-1 1.61116E-1 1.59534E-1 1.70838E-1 1.91935E-1
2.89527E-1 3.04575E-1 3.14728E-1 3.20111E-1 3.24468E-1 3.30176E-1 3.17793E-1 2.98521E-1 3.03482E-1 3.11349E-1 3.1931E-1 3.20296E-1 3.05109E-1 2.93045E-1 2.9385E-1 3.05764E-1 3.14798E-1 3.1246E-1 3.20688E-1 3.25699E-1 3.27496E-1 3.23669E-1 3.1453E-1 3.0655E-1 3.08314E-1 3.14619E-1 3.11623E-1 3.14445E-1 3.15268E-1 3.20679E-1 3.22916E-1 3.24806E-1 3.16903E-1 3.11771E-1 3.16342E-1 3.1444E-1 3.22318E-1 3.19047E-1 3.13766E-1 3.03928E-1 2.97175E-1 2.90948E-1 2.83883E-1 2.65596E-1 2.62332E-1 2.54259E-1 2.43155E-1 2.33203E-1 2.30401E-1 2.1562E-1 2.07422E-1 1.96388E-1 1.92455E-1 1.87346E-1 1.83509E-1 1.78283E-1 1.75117E-1 1.69792E-1 1.75986E-1 1.79801E-1 1.94425E-1
3.21567E-1 3.2568E-1 3.20814E-1 3.2753E-1 3.26688E-1 3.32925E-1 3.51595E-1 3.37297E-1 3.23255E-1 3.46282E-1 3.47428E-1 3.42347E-1 3.21451E-1 3.01965E-1 2.94729E-1 3.01384E-1 3.13276E-1 3.18117E-1 3.28604E-1 3.32089E-1 3.30663E-1 3.27415E-1 3.17757E-1 3.10068E-1 3.05161E-1 3.11684E-1 3.14421E-1 3.10941E-1 3.16977E-1 2.79456E-1 2.88534E-1 3.34096E-1 3.3342E-1 3.39832E-1 3.34874E-1 3.26629E-1 3.22301E-1 3.2157E-1 3.28211E-1 3.12414E-1 3.09542E-1 3.21908E-1 2.99559E-1 2.7406E-1 2.62574E-1 2.59902E-1 2.63479E-1 2.51582E-1 2.38732E-1 2.38102E-1 2.13404E-1 2.02644E-1 1.94837E-1 1.90603E-1 1.86054E-1 1.78367E-1 1.74221E-1 1.76197E-1 1.82343E-1 1.8456E-1 1.89765E-1
