data/maxent/outputs/white_215.asc
ncols         426
nrows         180
xllcorner     -130.0
yllcorner     24.0
cellsize      0.16666666666666666
NODATA_value  -9999
[rows 81 to 107 of 180, columns 183 to 243 of 426]
1.65108E-1 1.59034E-1 1.57391E-1 1.63171E-1 1.70338E-1 1.85224E-1 2.06743E-1 2.11981E-1 2.07423E-1 2.17651E-1 2.2872E-1 2.38722E-1 2.56377E-1 2.47995E-1 2.42175E-1 2.51794E-1 2.69622E-1 2.97319E-1 3.24695E-1 3.54822E-1 3.68687E-1 3.54998E-1 3.58702E-1 3.79217E-1 3.69383E-1 3.77024E-1 3.92845E-1 4.32252E-1 4.35197E-1 4.2802E-1 4.30415E-1 4.53741E-1 4.63101E-1 4.68921E-1 4.72971E-1 4.99701E-1 5.03804E-1 5.01117E-1 5.21367E-1 5.38074E-1 5.30365E-1 5.22727E-1 5.10809E-1 4.99056E-1 4.92274E-1 4.94696E-1 5.01788E-1 5.03684E-1 5.42807E-1 5.07241E-1 5.08002E-1 5.27578E-1 5.41788E-1 5.27692E-1 5.50882E-1 5.57945E-1 5.60187E-1 5.68697E-1 5.21464E-1 5.30326E-1 5.35726E-1
1.48314E-1 1.49598E-1 1.4881E-1 1.47588E-1 1.59257E-1 1.76894E-1 2.01944E-1 2.23491E-1 2.30085E-1 2.27222E-1 2.40692E-1 2.61648E-1 2.60194E-1 2.59641E-1 2.58131E-1 2.6687E-1 2.74884E-1 2.9042E-1 3.29186E-1 3.4768E-1 3.44738E-1 3.4201E-1 3.50551E-1 3.81512E-1 3.68004E-1 3.68542E-1 3.91281E-1 4.15328E-1 4.19193E-1 4.19941E-1 4.20405E-1 4.43664E-1 4.44758E-1 4.63539E-1 4.59684E-1 4.84866E-1 4.99881E-1 5.13849E-1 5.81539E-1 5.31408E-1 5.28368E-1 5.31774E-1 5.09535E-1 5.01502E-1 4.96139E-1 4.97347E-1 4.99341E-1 5.04617E-1 5.14616E-1 5.10242E-1 5.07921E-1 5.21224E-1 5.32329E-1 5.46913E-1 5.58154E-1 5.60835E-1 5.26334E-1 5.1862E-1 5.24327E-1 5.16247E-1 5.21493E-1
1.32476E-1 1.38602E-1 1.29603E-1 1.34413E-1 1.49132E-1 1.68849E-1 1.84964E-1 2.01674E-1 2.29249E-1 2.37798E-1 2.47032E-1 2.70558E-1 2.70196E-1 2.78687E-1 2.76029E-1 2.76155E-1 2.68394E-1 2.73764E-1 3.11741E-1 3.26306E-1 3.30724E-1 3.36365E-1 3.40241E-1 3.31763E-1 3.61601E-1 3.91755E-1 3.92443E-1 4.02541E-1 4.18639E-1 4.31848E-1 4.38237E-1 4.34118E-1 4.36342E-1 4.58603E-1 4.81179E-1 4.74463E-1 4.90419E-1 5.06045E-1 5.67138E-1 5.16628E-1 5.15542E-1 5.33201E-1 5.00282E-1 5.03698E-1 4.97465E-1 4.89697E-1 4.91548E-1 4.91831E-1 4.95322E-1 5.22045E-1 5.19963E-1 5.30967E-1 5.29501E-1 5.40403E-1 5.60606E-1 5.61945E-1 5.24765E-1 5.27208E-1 5.22117E-1 5.18373E-1 5.23111E-1
1.37771E-1 1.35569E-1 1.33213E-1 1.31128E-1 1.44288E-1 1.801E-1 1.94832E-1 2.11906E-1 2.29567E-1 2.14343E-1 2.38355E-1 2.64848E-1 2.63057E-1 2.68839E-1 2.71824E-1 2.72914E-1 2.80239E-1 2.82602E-1 3.16449E-1 3.26268E-1 3.24555E-1 3.72204E-1 3.69174E-1 3.56942E-1 3.58916E-1 3.78867E-1 4.26377E-1 4.28913E-1 4.32976E-1 4.32698E-1 4.35653E-1 4.41104E-1 4.73842E-1 4.47857E-1 4.79633E-1 4.80681E-1 4.78958E-1 4.86577E-1 4.97136E-1 5.10284E-1 5.04726E-1 5.11378E-1 5.0513E-1 4.9637E-1 4.94708E-1 4.9847E-1 4.98333E-1 4.85399E-1 5.02578E-1 5.19193E-1 5.29135E-1 5.43769E-1 5.34983E-1 5.34342E-1 5.13654E-1 5.29666E-1 5.26068E-1 5.21481E-1 5.35252E-1 5.25333E-1 5.11171E-1
1.30717E-1 1.22657E-1 1.22018E-1 1.20981E-1 1.27944E-1 1.57595E-1 1.76414E-1 2.06346E-1 2.06353E-1 1.95178E-1 2.23644E-1 2.4124E-1 2.5448E-1 2.58528E-1 2.57638E-1 2.58738E-1 2.64978E-1 2.96295E-1 3.13348E-1 3.32343E-1 3.5778E-1 3.73736E-1 3.6024E-1 3.66125E-1 3.71342E-1 3.75707E-1 4.07202E-1 4.13725E-1 4.29847E-1 4.32911E-1 4.41659E-1 4.54674E-1 4.57737E-1 4.56935E-1 4.53718E-1 4.60026E-1 4.66991E-1 4.80381E-1 4.80579E-1 5.02372E-1 4.90128E-1 5.02564E-1 5.0505E-1 4.90447E-1 4.87095E-1 4.91394E-1 4.94901E-1 4.94084E-1 4.98081E-1 4.87447E-1 5.17172E-1 5.42199E-1 5.19583E-1 5.06393E-1 5.24102E-1 5.34786E-1 5.27973E-1 5.21329E-1 5.25234E-1 5.51193E-1 5.27132E-1
1.32279E-1 1.342E-1 1.3422E-1 1.3197E-1 1.31327E-1 1.45847E-1 1.58271E-1 1.7718E-1 1.93686E-1 2.09907E-1 2.19315E-1 2.2279E-1 2.20847E-1 2.16941E-1 2.42546E-1 2.54581E-1 2.74355E-1 2.93991E-1 3.3655E-1 3.3983E-1 3.49476E-1 3.78792E-1 3.70022E-1 3.72402E-1 3.89667E-1 3.9336E-1 3.93989E-1 4.3604E-1 4.24786E-1 4.28682E-1 4.46321E-1 4.63804E-1 4.64554E-1 4.6025E-1 4.50445E-1 4.8102E-1 4.63729E-1 4.73805E-1 4.80807E-1 4.83683E-1 4.67585E-1 5.05712E-1 5.0286E-1 4.85295E-1 4.76959E-1 4.84291E-1 4.94393E-1 4.91782E-1 4.87029E-1 5.01417E-1 4.96036E-1 5.27933E-1 5.14391E-1 5.08227E-1 5.23604E-1 5.40743E-1 5.36406E-1 5.20155E-1 5.17482E-1 5.25636E-1 5.43929E-1
1.28137E-1 1.4206E-1 1.45869E-1 1.53355E-1 1.45426E-1 1.54571E-1 1.79206E-1 1.82916E-1 1.91237E-1 2.07444E-1 2.2794E-1 2.43746E-1 2.3115E-1 2.22958E-1 2.33861E-1 2.54054E-1 2.74425E-1 3.33958E-1 3.36235E-1 3.28788E-1 3.5744E-1 3.69437E-1 3.83111E-1 3.78704E-1 3.93381E-1 4.07355E-1 4.18219E-1 4.13427E-1 4.16903E-1 4.44239E-1 4.42258E-1 4.64086E-1 4.69515E-1 4.56275E-1 4.45874E-1 4.53863E-1 4.59235E-1 4.65651E-1 4.67302E-1 4.67432E-1 4.70265E-1 4.85063E-1 4.96569E-1 4.84469E-1 4.76667E-1 4.80283E-1 4.89529E-1 4.79129E-1 4.92136E-1 5.18875E-1 5.1276E-1 4.99655E-1 5.25971E-1 5.06406E-1 5.07925E-1 5.15122E-1 5.27084E-1 5.24259E-1 5.27449E-1 5.20481E-1 5.24672E-1
1.23902E-1 1.41614E-1 1.61917E-1 1.65394E-1 1.61872E-1 1.75024E-1 1.85112E-1 1.80194E-1 1.86861E-1 2.08275E-1 2.14402E-1 2.26307E-1 2.31192E-1 2.28307E-1 2.3312E-1 2.6125E-1 2.98308E-1 3.31512E-1 3.1987E-1 3.13446E-1 3.39561E-1 3.49803E-1 3.8012E-1 3.95804E-1 4.1697E-1 4.19054E-1 4.13258E-1 4.10908E-1 4.28913E-1 4.54029E-1 4.36923E-1 4.3224E-1 4.50451E-1 4.36616E-1 4.34059E-1 4.4491E-1 4.45886E-1 4.53581E-1 4.68392E-1 4.62005E-1 4.79623E-1 4.86706E-1 4.94813E-1 4.87227E-1 4.81979E-1 4.78266E-1 4.71771E-1 4.71626E-1 4.83688E-1 4.92489E-1 5.12244E-1 5.00081E-1 5.06007E-1 5.08686E-1 4.94438E-1 4.92984E-1 5.20225E-1 5.35442E-1 5.33575E-1 5.38516E-1 5.35954E-1
1.23579E-1 1.38864E-1 1.55837E-1 1.56538E-1 1.66386E-1 1.72493E-1 1.75086E-1 1.86381E-1 1.99799E-1 2.0675E-1 2.2195E-1 2.30867E-1 2.2844E-1 2.34249E-1 2.43969E-1 2.87284E-1 3.07486E-1 3.36968E-1 3.49077E-1 3.4295E-1 3.45742E-1 3.61174E-1 3.79496E-1 3.90224E-1 4.13467E-1 4.1038E-1 4.0402E-1 4.14167E-1 4.41738E-1 4.45056E-1 4.49054E-1 4.41105E-1 4.34652E-1 4.54158E-1 4.41645E-1 4.37048E-1 4.4263E-1 4.52032E-1 4.52397E-1 4.61236E-1 4.57822E-1 4.59822E-1 4.75559E-1 4.92565E-1 4.92944E-1 4.86605E-1 4.79389E-1 4.80315E-1 4.79519E-1 4.77265E-1 4.74796E-1 5.03944E-1 5.04891E-1 5.26551E-1 5.12546E-1 5.0986E-1 5.31091E-1 5.40775E-1 5.47233E-1 5.37536E-1 5.43746E-1
1.30595E-1 1.41794E-1 1.53882E-1 1.64668E-1 1.79396E-1 1.9732E-1 1.93109E-1 2.08224E-1 2.02165E-1 2.06376E-1 2.21129E-1 2.41744E-1 2.3385E-1 2.4476E-1 2.79969E-1 2.88459E-1 3.20292E-1 3.50163E-1 3.5734E-1 3.75164E-1 3.92438E-1 3.85737E-1 3.86999E-1 3.93964E-1 4.04166E-1 4.02187E-1 3.9929E-1 4.22459E-1 4.45054E-1 4.47114E-1 4.50251E-1 4.55668E-1 4.58578E-1 4.47492E-1 4.46817E-1 4.3873E-1 4.44302E-1 4.51134E-1 4.54997E-1 4.50781E-1 4.47335E-1 4.52016E-1 4.52958E-1 4.75051E-1 4.85694E-1 4.79932E-1 4.82972E-1 4.78107E-1 4.93215E-1 4.93551E-1 4.82662E-1 4.65027E-1 4.77861E-1 5.18231E-1 5.18947E-1 5.3581E-1 5.38332E-1 5.41846E-1 5.37035E-1 5.34111E-1 5.3959E-1
1.26413E-1 1.34832E-1 1.47208E-1 1.69534E-1 1.757E-1 1.79499E-1 1.92565E-1 2.02305E-1 2.03507E-1 2.03812E-1 2.22722E-1 2.51859E-1 2.53376E-1 2.69552E-1 3.02823E-1 3.13364E-1 3.18645E-1 3.31074E-1 3.54839E-1 3.77916E-1 3.70268E-1 3.65116E-1 3.69741E-1 3.94429E-1 4.00718E-1 4.10197E-1 4.1401E-1 4.25664E-1 4.28654E-1 4.30579E-1 4.31888E-1 4.31986E-1 4.34155E-1 4.38027E-1 4.37344E-1 4.48878E-1 4.51533E-1 4.54345E-1 4.54124E-1 4.57769E-1 4.56398E-1 4.52097E-1 4.45388E-1 4.65183E-1 4.70647E-1 4.67241E-1 4.66692E-1 4.70859E-1 4.64743E-1 4.96399E-1 5.03139E-1 5.00946E-1 4.98117E-1 5.10012E-1 5.41003E-1 5.65762E-1 5.48849E-1 5.5606E-1 5.42984E-1 5.42643E-1 5.34555E-1
1.27599E-1 1.3297E-1 1.51509E-1 1.66579E-1 1.71028E-1 1.69686E-1 1.79406E-1 1.96484E-1 1.93596E-1 1.86294E-1 2.17504E-1 2.56289E-1 2.80329E-1 3.02668E-1 2.99141E-1 3.13692E-1 3.15839E-1 3.31187E-1 3.37261E-1 3.38884E-1 3.53925E-1 3.61294E-1 3.70253E-1 3.8019E-1 3.95869E-1 3.92073E-1 4.05761E-1 4.05796E-1 4.25404E-1 4.28607E-1 4.11688E-1 4.20069E-1 4.25103E-1 4.27483E-1 4.44948E-1 4.49141E-1 4.52165E-1 4.6349E-1 4.64743E-1 4.64705E-1 4.53994E-1 4.47415E-1 4.47299E-1 4.3678E-1 4.42168E-1 4.48156E-1 4.67839E-1 4.52253E-1 4.78125E-1 4.53103E-1 4.62221E-1 4.98228E-1 5.31285E-1 5.49487E-1 5.7178E-1 5.59118E-1 5.55735E-1 5.55258E-1 5.3232E-1 5.41954E-1 5.55935E-1
1.3089E-1 1.43613E-1 1.56015E-1 1.668E-1 1.72628E-1 1.64462E-1 1.75181E-1 1.94368E-1 2.05749E-1 2.09884E-1 2.24392E-1 2.68221E-1 3.06325E-1 3.10951E-1 2.90537E-1 2.9645E-1 3.21383E-1 3.25049E-1 3.19943E-1 3.21035E-1 3.41856E-1 3.6651E-1 3.77689E-1 3.88099E-1 3.87999E-1 3.94149E-1 4.03446E-1 3.99445E-1 4.06206E-1 4.14053E-1 4.09092E-1 4.10993E-1 4.17263E-1 4.21408E-1 4.2773E-1 4.30052E-1 4.43429E-1 4.55419E-1 4.80095E-1 4.74156E-1 4.54378E-1 4.45386E-1 4.40245E-1 4.32388E-1 4.41428E-1 4.49616E-1 4.53685E-1 4.67585E-1 4.78702E-1 4.86376E-1 4.9273E-1 5.04026E-1 5.35718E-1 5.72396E-1 5.7318E-1 5.53939E-1 5.5435E-1 5.44602E-1 5.41053E-1 5.58514E-1 5.51487E-1
1.31231E-1 1.53683E-1 1.70834E-1 1.71552E-1 1.71775E-1 1.72523E-1 1.89049E-1 1.99026E-1 2.13086E-1 2.21626E-1 2.33293E-1 2.60704E-1 2.93591E-1 3.11252E-1 2.9107E-1 2.88338E-1 3.15292E-1 3.313E-1 3.43652E-1 3.34701E-1 3.50824E-1 3.62122E-1 3.83799E-1 3.83993E-1 3.79448E-1 4.02775E-1 4.03489E-1 4.00748E-1 4.0328E-1 3.99927E-1 3.9446E-1 4.11939E-1 4.16262E-1 4.06367E-1 4.20864E-1 4.62644E-1 4.8501E-1 4.39257E-1 4.49957E-1 4.68515E-1 4.92133E-1 4.51906E-1 4.33696E-1 4.25121E-1 4.48126E-1 4.4145E-1 4.6814E-1 4.72985E-1 4.74244E-1 4.91212E-1 5.26193E-1 5.38169E-1 5.47712E-1 5.51458E-1 5.45818E-1 5.62201E-1 5.55628E-1 5.47218E-1 5.51493E-1 5.58992E-1 5.61428E-1
1.46156E-1 1.56211E-1 1.72093E-1 1.75426E-1 1.76202E-1 1.83404E-1 1.92723E-1 2.03324E-1 2.11031E-1 2.27362E-1 2.3073E-1 2.43508E-1 2.64956E-1 2.94422E-1 2.90168E-1 3.007E-1 3.10843E-1 3.35076E-1 3.57326E-1 3.47499E-1 3.3878E-1 3.61405E-1 3.62682E-1 3.61882E-1 3.7603E-1 3.98728E-1 3.98701E-1 4.02258E-1 3.92554E-1 3.99378E-1 3.96907E-1 4.01263E-1 4.00111E-1 4.06485E-1 4.19735E-1 4.37236E-1 4.48756E-1 4.43632E-1 4.44518E-1 4.59323E-1 4.83176E-1 4.52299E-1 4.37804E-1 4.38644E-1 4.6705E-1 4.39676E-1 4.69667E-1 4.78328E-1 4.89493E-1 4.97856E-1 5.46225E-1 5.76815E-1 5.57339E-1 5.60471E-1 5.89147E-1 5.71817E-1 5.43976E-1 5.35224E-1 5.44417E-1 5.47498E-1 5.582E-1
1.53109E-1 1.58284E-1 1.68823E-1 1.73379E-1 1.81806E-1 1.88339E-1 1.94795E-1 1.97249E-1 2.0244E-1 2.14494E-1 2.35883E-1 2.37556E-1 2.55197E-1 2.84549E-1 2.88205E-1 3.06138E-1 3.2753E-1 3.39249E-1 3.27473E-1 3.27212E-1 3.27789E-1 3.5152E-1 3.67814E-1 3.5736E-1 3.67483E-1 3.86133E-1 3.94958E-1 3.92407E-1 3.83672E-1 3.8371E-1 3.90193E-1 3.96696E-1 4.02676E-1 4.09391E-1 4.13264E-1 4.27534E-1 4.44334E-1 4.46344E-1 4.3987E-1 4.44594E-1 4.50596E-1 4.41705E-1 4.43476E-1 4.51678E-1 4.56659E-1 4.61352E-1 4.79112E-1 4.81391E-1 4.95424E-1 5.08433E-1 5.49223E-1 6.02253E-1 5.82965E-1 5.56018E-1 5.69719E-1 5.96203E-1 5.48469E-1 5.37838E-1 5.44803E-1 5.59009E-1 5.4516E-1
1.55445E-1 1.57957E-1 1.62849E-1 1.73352E-1 1.82677E-1 1.93237E-1 1.95728E-1 2.05276E-1 2.09024E-1 2.2356E-1 2.40729E-1 2.57215E-1 2.81906E-1 3.05025E-1 2.96609E-1 3.1505E-1 3.38548E-1 3.60603E-1 3.37589E-1 3.27964E-1 3.41919E-1 3.46278E-1 3.56927E-1 3.57973E-1 3.67534E-1 3.81229E-1 3.92007E-1 3.82065E-1 3.89033E-1 3.82207E-1 3.90559E-1 3.97819E-1 4.06257E-1 4.05606E-1 4.25501E-1 4.35328E-1 4.3867E-1 4.40237E-1 4.52212E-1 4.47917E-1 4.5886E-1 4.52621E-1 4.47952E-1 4.77917E-1 4.78973E-1 4.95969E-1 4.98838E-1 5.0317E-1 5.18885E-1 5.42477E-1 5.7131E-1 5.94041E-1 5.70438E-1 5.9941E-1 5.64891E-1 6.01907E-1 5.81854E-1 5.42388E-1 5.3628E-1 5.55366E-1 5.87122E-1
1.56641E-1 1.64641E-1 1.6905E-1 1.76615E-1 1.88005E-1 1.95029E-1 1.98039E-1 2.01787E-1 2.09647E-1 2.12637E-1 2.35514E-1 2.59592E-1 2.81542E-1 3.0056E-1 2.9738E-1 3.10021E-1 3.39322E-1 3.72021E-1 3.51425E-1 3.44212E-1 3.49651E-1 3.44227E-1 3.44746E-1 3.5696E-1 3.66933E-1 3.71458E-1 3.76133E-1 3.84601E-1 3.92706E-1 3.88479E-1 3.92374E-1 4.0302E-1 4.1126E-1 4.14304E-1 4.75295E-1 4.28203E-1 4.33125E-1 4.42638E-1 4.49965E-1 4.61677E-1 4.67265E-1 4.5393E-1 4.64149E-1 4.98724E-1 5.10005E-1 5.1018E-1 5.17121E-1 5.18969E-1 5.32261E-1 5.56473E-1 5.70601E-1 5.66455E-1 6.27049E-1 5.97256E-1 5.607E-1 5.7262E-1 5.78559E-1 5.60821E-1 5.32752E-1 5.60903E-1 5.99821E-1
1.64538E-1 1.71782E-1 1.68194E-1 1.71579E-1 1.80342E-1 1.93679E-1 2.06909E-1 2.10251E-1 2.16573E-1 2.13099E-1 2.43826E-1 2.5525E-1 2.77889E-1 2.81833E-1 2.92449E-1 3.1102E-1 3.38991E-1 3.59017E-1 3.52152E-1 3.37593E-1 3.45541E-1 3.49196E-1 3.48796E-1 3.56391E-1 3.73965E-1 3.7216E-1 3.69637E-1 3.77102E-1 3.88616E-1 3.92137E-1 3.94571E-1 3.99305E-1 4.07845E-1 4.1476E-1 4.17431E-1 4.21945E-1 4.32835E-1 4.50692E-1 4.62342E-1 4.72284E-1 4.72595E-1 4.77975E-1 4.75687E-1 5.15997E-1 5.23018E-1 5.13747E-1 5.1037E-1 4.97052E-1 5.15409E-1 5.48859E-1 5.46246E-1 5.367E-1 5.40671E-1 5.70667E-1 5.75669E-1 5.71077E-1 5.74927E-1 5.71356E-1 5.3872E-1 5.73028E-1 5.80644E-1
1.62147E-1 1.7752E-1 1.6484E-1 1.74266E-1 1.80395E-1 1.83036E-1 1.98632E-1 2.06624E-1 2.15576E-1 2.23824E-1 2.35161E-1 2.58227E-1 2.72159E-1 2.79117E-1 2.90221E-1 3.11429E-1 3.25651E-1 3.42836E-1 3.29969E-1 3.43253E-1 3.47535E-1 3.45995E-1 3.49791E-1 3.49024E-1 3.67337E-1 3.67534E-1 3.72466E-1 3.80751E-1 3.80317E-1 3.81108E-1 3.93009E-1 4.008E-1 4.15232E-1 4.36151E-1 4.30609E-1 4.28258E-1 4.43884E-1 4.60303E-1 4.77766E-1 4.97961E-1 5.02573E-1 4.79273E-1 4.89001E-1 5.21305E-1 5.15548E-1 5.17876E-1 5.06206E-1 5.02262E-1 5.02124E-1 5.26226E-1 5.2988E-1 5.12246E-1 5.24726E-1 5.33398E-1 5.33501E-1 5.43527E-1 5.64487E-1 5.58916E-1 5.34518E-1 5.44606E-1 5.96234E-1
1.54639E-1 1.65891E-1 1.53072E-1 1.50063E-1 1.64367E-1 1.76112E-1 1.9339E-1 1.98985E-1 2.22729E-1 2.32556E-1 2.47085E-1 2.5845E-1 2.68651E-1 2.81827E-1 2.92221E-1 3.09444E-1 3.22521E-1 3.31066E-1 3.21453E-1 3.41292E-1 3.42372E-1 3.409E-1 3.49729E-1 3.47173E-1 3.61189E-1 3.68963E-1 3.68643E-1 3.74186E-1 3.80296E-1 4.09773E-1 4.14589E-1 4.17584E-1 4.27215E-1 4.33422E-1 4.46415E-1 4.46059E-1 4.36886E-1 4.42594E-1 4.68126E-1 4.99925E-1 5.03472E-1 4.76657E-1 4.99929E-1 5.1411E-1 5.3247E-1 5.28678E-1 4.99651E-1 4.97947E-1 5.11399E-1 5.31981E-1 5.13024E-1 5.15697E-1 5.04699E-1 5.2348E-1 5.41792E-1 5.34686E-1 5.14322E-1 4.94811E-1 4.89027E-1 5.03579E-1 5.26415E-1
1.54626E-1 1.59888E-1 1.66128E-1 1.67098E-1 1.63446E-1 1.77307E-1 1.94656E-1 2.08418E-1 2.23987E-1 2.23881E-1 2.42071E-1 2.58463E-1 2.63749E-1 2.75389E-1 2.92664E-1 3.10287E-1 3.1217E-1 3.34668E-1 3.34686E-1 3.41283E-1 3.46889E-1 3.42421E-1 3.45986E-1 3.40919E-1 3.53629E-1 3.64749E-1 3.60791E-1 3.66479E-1 3.79297E-1 4.16587E-1 4.25104E-1 4.32327E-1 4.33703E-1 4.52178E-1 4.64377E-1 4.46029E-1 4.39609E-1 4.50797E-1 4.57826E-1 4.5864E-1 4.43452E-1 4.5365E-1 4.57429E-1 4.72012E-1 4.96979E-1 5.11943E-1 4.98953E-1 4.89648E-1 5.1827E-1 5.38264E-1 5.32134E-1 5.18722E-1 5.09275E-1 5.05705E-1 5.10773E-1 5.1825E-1 4.63191E-1 4.95283E-1 4.75587E-1 4.71761E-1 4.87898E-1
1.5803E-1 1.53687E-1 1.50312E-1 1.67402E-1 1.71515E-1 1.87933E-1 2.00015E-1 2.22538E-1 2.27132E-1 2.31305E-1 2.41386E-1 2.51947E-1 2.63795E-1 2.70897E-1 2.89186E-1 3.40703E-1 3.19748E-1 3.31145E-1 3.32146E-1 3.39612E-1 3.50382E-1 3.29795E-1 3.37171E-1 3.41662E-1 3.49471E-1 3.47894E-1 3.48543E-1 3.59358E-1 4.0257E-1 4.14313E-1 4.30725E-1 4.30063E-1 4.38061E-1 4.57872E-1 4.51496E-1 4.53669E-1 4.60659E-1 4.34112E-1 4.1925E-1 4.30166E-1 4.45437E-1 4.4068E-1 4.57859E-1 4.43906E-1 4.75208E-1 4.94746E-1 4.84234E-1 4.83716E-1 4.88319E-1 5.1321E-1 5.20453E-1 4.96556E-1 4.70361E-1 4.6776E-1 4.7141E-1 4.5177E-1 4.50939E-1 4.43668E-1 4.70138E-1 4.72753E-1 4.89603E-1
1.78706E-1 1.8797E-1 1.77015E-1 1.68521E-1 1.88077E-1 1.88677E-1 2.02732E-1 2.25725E-1 2.36639E-1 2.46992E-1 2.51328E-1 2.57837E-1 2.64521E-1 2.73616E-1 2.87865E-1 3.09089E-1 3.0501E-1 3.237E-1 3.32472E-1 3.37858E-1 3.50262E-1 3.19937E-1 3.24409E-1 3.81019E-1 3.53601E-1 3.44249E-1 3.64981E-1 4.27858E-1 4.11897E-1 4.01099E-1 4.27943E-1 4.38537E-1 4.51282E-1 4.75816E-1 4.76567E-1 4.83517E-1 5.18681E-1 4.62469E-1 4.24896E-1 4.55984E-1 4.3403E-1 4.50634E-1 4.42172E-1 4.36895E-1 4.58838E-1 4.70224E-1 4.65027E-1 4.60924E-1 4.75634E-1 4.48629E-1 4.77952E-1 4.40343E-1 4.24227E-1 4.33719E-1 4.61893E-1 4.5423E-1 4.28313E-1 4.37519E-1 4.66084E-1 4.7459E-1 5.10465E-1
1.75635E-1 1.7E-1 1.91194E-1 1.86356E-1 1.81192E-1 1.84238E-1 1.97393E-1 2.28715E-1 2.39374E-1 2.73659E-1 2.65662E-1 2.77415E-1 2.80381E-1 2.83658E-1 3.03552E-1 3.10914E-1 3.14684E-1 3.23114E-1 3.34051E-1 3.45852E-1 3.54685E-1 3.15726E-1 3.30284E-1 3.58242E-1 3.54512E-1 3.40389E-1 4.07827E-1 4.33715E-1 4.14669E-1 4.04202E-1 4.39966E-1 4.35326E-1 4.55765E-1 5.50915E-1 5.09854E-1 4.41644E-1 4.371E-1 4.46955E-1 4.1887E-1 4.25739E-1 4.99492E-1 5.19598E-1 4.44863E-1 5.00341E-1 4.39204E-1 4.50797E-1 4.36858E-1 4.50757E-1 5.02149E-1 4.76775E-1 4.33253E-1 4.16351E-1 4.3282E-1 4.70105E-1 4.69317E-1 4.71502E-1 4.22399E-1 4.53388E-1 4.85837E-1 5.06325E-1 5.31806E-1
1.76155E-1 1.75014E-1 1.73665E-1 1.97684E-1 2.1462E-1 2.10828E-1 2.00309E-1 2.26666E-1 2.4891E-1 2.5716E-1 2.61802E-1 2.82139E-1 3.05838E-1 3.12075E-1 3.12489E-1 3.21178E-1 3.28159E-1 3.33492E-1 3.52552E-1 3.65378E-1 3.53529E-1 3.30816E-1 3.32417E-1 3.34219E-1 3.36373E-1 3.66814E-1 4.1316E-1 4.1423E-1 4.13402E-1 4.06719E-1 4.14726E-1 4.04572E-1 4.60282E-1 4.75879E-1 4.8073E-1 4.89595E-1 5.10935E-1 4.95018E-1 4.34023E-1 4.16542E-1 4.19821E-1 4.1113E-1 4.16185E-1 4.80446E-1 4.59273E-1 4.42169E-1 4.57062E-1 4.76729E-1 4.87799E-1 4.57368E-1 4.35315E-1 4.29004E-1 4.59648E-1 4.77933E-1 4.69144E-1 4.44944E-1 4.53352E-1 4.84913E-1 4.99936E-1 5.18192E-1 5.00616E-1
1.71582E-1 1.8652E-1 1.87193E-1 1.95469E-1 2.27155E-1 2.34784E-1 2.28253E-1 2.22749E-1 2.43716E-1 2.60793E-1 2.72474E-1 2.83321E-1 2.98917E-1 3.22403E-1 3.19014E-1 3.19142E-1 3.20505E-1 3.3378E-1 3.49972E-1 3.63809E-1 3.51067E-1 3.53863E-1 3.38161E-1 3.3329E-1 3.342E-1 3.89673E-1 4.07483E-1 4.10468E-1 4.10568E-1 4.05537E-1 4.25414E-1 4.2389E-1 4.39324E-1 4.57397E-1 4.84071E-1 5.06005E-1 5.55484E-1 5.28078E-1 4.42571E-1 4.28959E-1 4.1823E-1 4.27872E-1 4.88903E-1 4.81258E-1 4.53374E-1 4.55585E-1 4.49871E-1 4.50699E-1 4.5073E-1 4.41419E-1 4.24773E-1 4.27629E-1 4.61838E-1 4.76827E-1 4.51965E-1 4.59319E-1 4.92673E-1 5.07333E-1 4.96457E-1 5.25314E-1 5.18764E-1
