data/maxent/outputs/white_24.asc
ncols         426
nrows         180
xllcorner     -130.0
yllcorner     24.0
cellsize      0.16666666666666666
NODATA_value  -9999
[rows 54 to 80 of 180, columns 244 to 304 of 426]
1.88253E-3 1.67175E-3 1.73721E-3 2.17763E-3 2.7879E-3 2.96863E-3 3.19727E-3 3.59248E-3 4.05187E-3 8.1177E-3 9.53409E-3 7.83412E-3 4.24478E-3 2.00456E-2 2.50597E-2 2.69345E-2 2.76198E-2 2.69511E-2 2.29995E-2 2.10685E-2 1.35945E-2 9.12479E-3 9.20262E-3 9.07584E-3 7.12419E-3 3.62039E-3 2.29282E-3 2.26518E-3 1.92754E-3 1.8292E-3 2.27018E-3 2.60235E-3 2.98688E-3 3.09179E-3 3.51726E-3 6.10076E-3 1.98992E-2 2.35222E-2 2.66841E-2 2.93276E-2 3.32113E-2 3.19971E-2 3.20621E-2 2.97109E-2 2.52155E-2 2.00823E-2 1.53228E-2 2.16383E-2 1.40129E-2 1.69452E-2 1.68862E-2 1.22633E-2 1.14566E-2 1.0001E-2 1.17048E-2 1.19558E-2 1.3494E-2 1.13411E-2 8.68074E-3 9.36438E-3 6.67977E-3
2.52363E-3 2.0783E-3 2.41251E-3 3.28955E-3 4.31546E-3 4.19331E-3 4.02409E-3 4.18787E-3 7.3233E-3 1.07575E-2 5.36243E-3 4.4047E-3 1.32884E-2 2.52382E-2 2.75826E-2 2.97262E-2 3.0788E-2 2.91552E-2 2.75287E-2 1.43725E-2 7.72941E-3 6.87767E-3 7.13927E-3 5.96153E-3 4.22187E-3 2.88866E-3 2.47376E-3 2.08258E-3 1.73679E-3 1.71066E-3 1.76846E-3 2.09923E-3 2.4584E-3 2.91635E-3 4.41352E-3 3.94381E-3 1.17791E-2 2.43095E-2 3.01006E-2 3.0503E-2 3.23743E-2 3.24035E-2 3.38326E-2 3.28296E-2 2.96596E-2 2.43193E-2 1.6721E-2 1.39287E-2 1.8124E-2 1.25002E-2 2.00907E-2 1.77738E-2 1.50655E-2 1.28093E-2 1.43765E-2 1.47736E-2 1.23038E-2 1.25086E-2 8.36031E-3 9.53487E-3 8.6028E-3
3.41052E-3 3.32238E-3 3.72674E-3 4.48068E-3 4.61855E-3 4.36164E-3 4.9213E-3 7.1932E-3 8.77398E-3 5.57609E-3 4.971E-3 7.92542E-3 2.52395E-2 2.79559E-2 2.98719E-2 3.09409E-2 3.42217E-2 3.40205E-2 2.41531E-2 8.54365E-3 6.91687E-3 5.81079E-3 4.0988E-3 3.90406E-3 3.21911E-3 2.99514E-3 2.45122E-3 2.39524E-3 1.99228E-3 1.94966E-3 1.74691E-3 1.91153E-3 2.42787E-3 3.05675E-3 3.32951E-3 3.82963E-3 1.66057E-2 2.48528E-2 3.01577E-2 3.40167E-2 3.38901E-2 3.31514E-2 3.37253E-2 3.39352E-2 2.94385E-2 2.33432E-2 1.70815E-2 1.64225E-2 1.51514E-2 9.20252E-3 1.03695E-2 7.96386E-3 1.0573E-2 2.45991E-2 2.24796E-2 2.28573E-2 1.17111E-2 9.69327E-3 8.94547E-3 1.578E-2 1.83053E-2
4.41833E-3 4.88216E-3 5.1588E-3 5.83624E-3 6.10352E-3 5.75194E-3 5.62197E-3 6.88199E-3 6.1744E-3 5.27921E-3 4.58616E-3 1.89646E-2 3.02421E-2 3.10854E-2 3.22042E-2 3.26043E-2 3.5529E-2 3.5737E-2 2.00476E-2 6.4997E-3 5.79198E-3 5.0084E-3 4.68434E-3 3.40494E-3 3.0354E-3 2.69753E-3 2.30894E-3 3.65376E-3 2.37486E-3 2.0353E-3 1.94344E-3 2.12202E-3 2.64705E-3 3.10144E-3 4.00769E-3 5.05088E-3 1.88458E-2 2.63505E-2 2.97157E-2 3.31317E-2 3.3603E-2 3.65262E-2 3.38514E-2 3.18375E-2 2.91787E-2 2.31868E-2 1.77186E-2 1.50514E-2 8.08646E-3 7.03197E-3 7.0807E-3 6.80632E-3 6.757E-3 7.71493E-3 1.22595E-2 1.44775E-2 1.21265E-2 1.16486E-2 1.34072E-2 1.3882E-2 2.14138E-2
4.88528E-3 5.73344E-3 6.06446E-3 6.30353E-3 7.04698E-3 9.30966E-3 7.56905E-3 5.85864E-3 5.4251E-3 5.65022E-3 4.89932E-3 2.40637E-2 3.24805E-2 3.44732E-2 3.50401E-2 3.58512E-2 3.8492E-2 3.33653E-2 1.15558E-2 7.59709E-3 6.44413E-3 5.23836E-3 3.6777E-3 3.31561E-3 2.78022E-3 2.2235E-3 2.50441E-3 2.96102E-3 2.59674E-3 2.38279E-3 2.35425E-3 2.38636E-3 2.63836E-3 2.95362E-3 5.05768E-3 1.65897E-2 2.9009E-2 2.43257E-2 2.69508E-2 2.82862E-2 3.30724E-2 3.57151E-2 3.33132E-2 2.89258E-2 2.52779E-2 2.0283E-2 1.99118E-2 6.33439E-3 6.27665E-3 6.74659E-3 8.65318E-3 9.03889E-3 6.74637E-3 6.25717E-3 8.92157E-3 1.35215E-2 1.2883E-2 1.05728E-2 1.22231E-2 1.60528E-2 1.2222E-2
5.22961E-3 5.71597E-3 8.20362E-3 1.05131E-2 9.78742E-3 1.66619E-2 8.04713E-3 6.74201E-3 6.42239E-3 6.20732E-3 1.21627E-2 2.97686E-2 3.46146E-2 3.71425E-2 3.91316E-2 4.13517E-2 3.77709E-2 1.83218E-2 7.47986E-3 6.78922E-3 5.95047E-3 4.5039E-3 3.90221E-3 3.175E-3 2.89532E-3 2.50229E-3 2.63956E-3 2.89935E-3 2.77466E-3 2.90354E-3 2.58872E-3 2.80329E-3 3.14717E-3 4.40326E-3 1.25005E-2 2.92611E-2 2.86707E-2 2.81144E-2 3.13434E-2 4.25854E-2 3.22576E-2 3.54648E-2 3.47242E-2 2.79986E-2 2.13518E-2 3.11229E-2 9.9621E-3 6.16994E-3 6.33627E-3 8.44935E-3 9.88132E-3 9.73304E-3 7.85787E-3 6.53718E-3 6.00325E-3 8.38455E-3 1.10273E-2 9.91434E-3 1.00153E-2 1.0385E-2 1.01801E-2
5.43727E-3 5.6825E-3 7.66565E-3 7.60412E-3 8.50728E-3 1.4006E-2 7.56156E-3 6.48937E-3 6.83983E-3 6.46832E-3 3.0685E-2 3.26412E-2 3.62735E-2 3.99617E-2 4.22626E-2 4.48829E-2 4.18414E-2 1.71987E-2 7.83085E-3 7.36085E-3 6.12014E-3 4.95687E-3 3.79511E-3 3.47706E-3 3.39029E-3 3.45659E-3 3.52753E-3 3.17919E-3 3.12702E-3 3.48066E-3 3.61037E-3 3.79908E-3 5.76513E-3 2.22907E-2 2.50186E-2 2.17227E-2 8.50003E-3 7.60762E-3 1.00195E-2 1.62751E-2 4.28547E-2 3.53371E-2 3.58629E-2 2.99804E-2 2.45507E-2 3.62758E-2 1.12784E-2 6.49909E-3 6.62162E-3 8.53567E-3 1.04197E-2 9.80559E-3 7.56711E-3 6.48066E-3 4.84004E-3 7.7587E-3 1.05606E-2 1.09933E-2 1.10045E-2 1.37825E-2 1.30439E-2
7.34586E-3 7.99208E-3 6.91823E-3 6.73077E-3 6.46325E-3 7.59972E-3 5.9566E-3 6.16598E-3 7.46191E-3 7.46696E-3 3.3648E-2 3.63363E-2 4.06599E-2 4.33665E-2 4.50013E-2 4.86537E-2 4.26297E-2 1.54207E-2 7.88159E-3 6.69468E-3 6.82611E-3 5.08654E-3 4.29123E-3 3.96181E-3 4.15196E-3 3.41179E-3 3.50991E-3 3.64662E-3 3.71217E-3 4.29914E-3 4.83151E-3 5.19993E-3 1.02887E-2 2.92409E-2 2.25268E-2 7.78142E-3 6.22294E-3 7.00177E-3 8.18692E-3 1.12676E-2 4.42182E-2 3.43133E-2 3.93369E-2 3.56966E-2 2.89498E-2 4.26793E-2 1.41027E-2 6.93705E-3 7.35781E-3 9.431E-3 1.09262E-2 9.75688E-3 7.66379E-3 7.21041E-3 6.30455E-3 8.37085E-3 1.2849E-2 1.49001E-2 1.88019E-2 2.37146E-2 2.41717E-2
6.3423E-3 6.28544E-3 7.13151E-3 6.56544E-3 7.1388E-3 5.68078E-3 5.70532E-3 5.8481E-3 7.01138E-3 1.26701E-2 3.58246E-2 4.15768E-2 4.54071E-2 4.67643E-2 4.83097E-2 5.28406E-2 3.75904E-2 1.15599E-2 7.78107E-3 6.96938E-3 6.72712E-3 5.56556E-3 5.35261E-3 4.41656E-3 4.28413E-3 4.0271E-3 4.34529E-3 4.79506E-3 4.60162E-3 5.70711E-3 6.78419E-3 6.45219E-3 8.64152E-3 9.06851E-3 7.36327E-3 6.5333E-3 6.18755E-3 6.96874E-3 8.02752E-3 9.39405E-3 3.44145E-2 3.45543E-2 3.98068E-2 3.9661E-2 3.40948E-2 4.63586E-2 1.72165E-2 9.33267E-3 8.46626E-3 1.07498E-2 1.03394E-2 1.05107E-2 1.06251E-2 9.93425E-3 1.04942E-2 1.20747E-2 1.80695E-2 2.30378E-2 4.72463E-2 8.51708E-2 6.55704E-2
5.48301E-3 5.66394E-3 6.90673E-3 6.23809E-3 7.15034E-3 5.8939E-3 6.91778E-3 6.69182E-3 7.06415E-3 3.43845E-2 4.20412E-2 4.56311E-2 4.88515E-2 4.92083E-2 5.06653E-2 5.50034E-2 5.32317E-2 2.56875E-2 1.34393E-2 9.83635E-3 7.79724E-3 7.70662E-3 6.9993E-3 4.73188E-3 4.65136E-3 4.6462E-3 4.89694E-3 4.94492E-3 5.34727E-3 5.21288E-3 6.30996E-3 7.9919E-3 9.16804E-3 7.31837E-3 6.82636E-3 6.80952E-3 6.61587E-3 6.9317E-3 7.46249E-3 8.59438E-3 1.72421E-2 4.18532E-2 4.12431E-2 4.0715E-2 3.72753E-2 5.71899E-2 1.70613E-2 1.08404E-2 1.01115E-2 1.31289E-2 1.3548E-2 1.23007E-2 1.22231E-2 1.24972E-2 1.24321E-2 1.52785E-2 2.21845E-2 6.49911E-2 1.02885E-1 6.38812E-2 5.15572E-2
5.11351E-3 5.44556E-3 6.50372E-3 6.50795E-3 6.40718E-3 6.07191E-3 6.57975E-3 7.20797E-3 8.52019E-3 4.44081E-2 4.74419E-2 5.00737E-2 5.27252E-2 5.25564E-2 5.43805E-2 5.70849E-2 6.14966E-2 4.57968E-2 2.19324E-2 1.21811E-2 8.13115E-3 7.13064E-3 6.7682E-3 6.08779E-3 5.98285E-3 5.60638E-3 5.74247E-3 5.60293E-3 5.75371E-3 6.07424E-3 6.76305E-3 7.52949E-3 7.57847E-3 7.52843E-3 6.88906E-3 6.71027E-3 6.6268E-3 6.96081E-3 7.16421E-3 8.16855E-3 1.36329E-2 4.2569E-2 3.86145E-2 4.94608E-2 5.61135E-2 2.69194E-2 1.98999E-2 1.51701E-2 1.53753E-2 1.82569E-2 1.68211E-2 1.54615E-2 1.45894E-2 1.25038E-2 1.18791E-2 1.6818E-2 3.32854E-2 8.29639E-2 1.55029E-1 1.25785E-1 8.27765E-2
5.99499E-3 5.7365E-3 7.01497E-3 6.7908E-3 6.63887E-3 8.8951E-3 7.93398E-3 9.70406E-3 1.30138E-2 4.90802E-2 5.29176E-2 5.60914E-2 5.61733E-2 5.61774E-2 5.75544E-2 5.91837E-2 6.34526E-2 6.72235E-2 3.59667E-2 1.47632E-2 9.37235E-3 8.74328E-3 9.74246E-3 7.89846E-3 6.98678E-3 6.59331E-3 6.23163E-3 6.50248E-3 6.78372E-3 6.87585E-3 6.89348E-3 7.11989E-3 7.361E-3 9.01277E-3 8.07889E-3 8.18028E-3 7.98234E-3 7.47092E-3 7.17436E-3 8.74342E-3 1.3005E-2 5.08812E-2 6.74457E-2 3.57046E-2 2.21252E-2 2.51901E-2 2.81355E-2 2.39617E-2 2.60363E-2 2.38771E-2 2.04173E-2 1.84981E-2 1.85502E-2 1.7012E-2 1.68034E-2 2.18393E-2 2.58846E-2 3.04452E-2 4.09526E-2 4.59431E-2 4.79892E-2
6.59676E-3 5.97045E-3 7.53003E-3 6.71577E-3 6.86003E-3 7.42752E-3 7.69018E-3 9.49839E-3 1.13223E-2 4.20339E-2 5.91127E-2 6.0816E-2 6.1266E-2 6.35036E-2 6.33375E-2 6.5369E-2 6.87819E-2 7.12578E-2 4.31231E-2 1.44198E-2 1.08492E-2 1.15827E-2 1.15136E-2 9.48248E-3 8.00504E-3 7.35813E-3 7.7783E-3 7.13703E-3 7.60387E-3 7.81255E-3 7.79684E-3 8.05965E-3 7.88339E-3 1.01943E-2 9.19251E-3 8.31825E-3 8.56231E-3 8.47912E-3 8.57245E-3 1.07149E-2 1.7341E-2 2.387E-2 1.93651E-2 2.07618E-2 2.21826E-2 2.5074E-2 2.71778E-2 2.97011E-2 3.0504E-2 2.45616E-2 2.27792E-2 2.16883E-2 2.13868E-2 2.30381E-2 2.65099E-2 2.6445E-2 2.85661E-2 3.83789E-2 4.20785E-2 4.55426E-2 4.57185E-2
5.71082E-3 6.70115E-3 6.27411E-3 6.28269E-3 6.98254E-3 6.79592E-3 7.8607E-3 7.57729E-3 8.63092E-3 2.34736E-2 5.95551E-2 6.50081E-2 6.64827E-2 6.81741E-2 6.91289E-2 6.96195E-2 7.11387E-2 7.46674E-2 4.70335E-2 1.38607E-2 9.0661E-3 8.77708E-3 8.98089E-3 9.41465E-3 8.31034E-3 7.51913E-3 7.35994E-3 7.89761E-3 9.91389E-3 9.20637E-3 8.37823E-3 8.45903E-3 9.31921E-3 1.06826E-2 1.0758E-2 1.16963E-2 1.17875E-2 1.25073E-2 1.3341E-2 1.72201E-2 2.43008E-2 2.48206E-2 2.07514E-2 2.08753E-2 2.26413E-2 2.63707E-2 2.73142E-2 2.7575E-2 2.736E-2 2.68602E-2 2.66581E-2 2.61523E-2 2.4376E-2 3.02419E-2 7.1137E-2 1.04058E-1 7.66366E-2 5.44951E-2 4.60238E-2 4.24322E-2 4.10346E-2
6.33962E-3 6.92582E-3 6.3225E-3 5.73979E-3 7.67426E-3 7.88105E-3 7.83093E-3 8.29454E-3 8.51202E-3 3.61574E-2 6.35093E-2 6.94507E-2 7.06652E-2 6.98193E-2 7.09761E-2 7.10382E-2 7.72927E-2 7.61246E-2 3.85804E-2 1.41463E-2 1.23366E-2 9.26616E-3 9.64851E-3 1.28152E-2 9.62684E-3 8.67393E-3 8.15237E-3 8.06341E-3 8.21957E-3 7.92543E-3 8.19626E-3 8.91465E-3 1.03286E-2 1.1542E-2 1.30024E-2 1.79238E-2 1.89972E-2 2.19141E-2 2.56423E-2 5.72874E-2 5.61245E-2 3.06122E-2 2.09384E-2 2.10591E-2 2.3039E-2 2.56833E-2 3.211E-2 8.05008E-2 6.51287E-2 6.92836E-2 8.04086E-2 8.83719E-2 5.86848E-2 6.87229E-2 9.79366E-2 7.90004E-2 5.14064E-2 4.69505E-2 4.28311E-2 4.40919E-2 7.10321E-2
7.11027E-3 8.46817E-3 7.07872E-3 5.75923E-3 6.20466E-3 6.55834E-3 8.88588E-3 1.09213E-2 1.01286E-2 3.92144E-2 6.82873E-2 7.28359E-2 7.46541E-2 7.41889E-2 7.39515E-2 7.42594E-2 7.64314E-2 6.90464E-2 2.67373E-2 1.22154E-2 1.10566E-2 1.05476E-2 1.05849E-2 1.21602E-2 1.05079E-2 9.88015E-3 8.90714E-3 8.51532E-3 8.47078E-3 8.12351E-3 8.6614E-3 1.05899E-2 1.24275E-2 1.42618E-2 1.42556E-2 2.00412E-2 2.63106E-2 3.23161E-2 4.12094E-2 6.10347E-2 7.29006E-2 4.67823E-2 2.88837E-2 2.69197E-2 2.81864E-2 5.04813E-2 5.74503E-2 3.97556E-2 4.29609E-2 4.84118E-2 5.28767E-2 5.72621E-2 6.13563E-2 6.06406E-2 5.92155E-2 5.81449E-2 5.26862E-2 4.93134E-2 6.05216E-2 3.67163E-2 1.94886E-2
7.54503E-3 1.07893E-2 8.09263E-3 6.68557E-3 7.30082E-3 7.68932E-3 9.24485E-3 1.00778E-2 1.24385E-2 4.01878E-2 7.11281E-2 7.64195E-2 7.76319E-2 7.6676E-2 7.50608E-2 7.66144E-2 6.74786E-2 3.90656E-2 1.47202E-2 1.0847E-2 1.014E-2 1.06198E-2 1.3042E-2 1.16489E-2 1.07557E-2 9.78192E-3 8.74334E-3 8.52719E-3 9.2276E-3 9.56156E-3 9.61731E-3 9.66412E-3 1.1135E-2 1.62461E-2 1.85194E-2 2.16459E-2 2.77123E-2 3.2465E-2 2.95091E-2 3.22951E-2 3.55734E-2 3.43216E-2 3.65361E-2 7.91552E-2 7.54982E-2 4.39931E-2 3.92826E-2 4.28085E-2 4.78118E-2 5.4056E-2 5.8467E-2 6.28083E-2 6.53252E-2 6.46488E-2 5.84836E-2 6.90073E-2 6.43039E-2 2.48673E-2 1.40974E-2 1.34318E-2 1.01845E-2
8.7979E-3 7.64942E-3 7.21689E-3 7.1751E-3 7.04999E-3 8.11927E-3 1.05028E-2 1.3043E-2 1.79133E-2 1.69742E-2 5.68968E-2 7.75261E-2 8.14613E-2 8.08243E-2 7.969E-2 7.41745E-2 4.88028E-2 1.24924E-2 1.06424E-2 1.04663E-2 1.01395E-2 1.06991E-2 1.19294E-2 1.08943E-2 1.05138E-2 9.98569E-3 8.99219E-3 8.21146E-3 8.81063E-3 9.53155E-3 1.02484E-2 1.12543E-2 1.07105E-2 1.20987E-2 1.52377E-2 1.98461E-2 2.78038E-2 3.64991E-2 2.8379E-2 3.72799E-2 4.53156E-2 9.4077E-2 7.73504E-2 5.2912E-2 4.92304E-2 4.43424E-2 4.56517E-2 4.85016E-2 5.467E-2 5.60807E-2 6.52838E-2 7.12563E-2 7.72169E-2 9.3505E-2 5.44432E-2 2.81631E-2 1.57813E-2 1.03652E-2 9.04289E-3 1.18025E-2 9.67718E-3
8.5283E-3 8.782E-3 8.00886E-3 8.98585E-3 7.82837E-3 9.42525E-3 1.10786E-2 1.53367E-2 1.95169E-2 2.40464E-2 3.44835E-2 6.93317E-2 7.58252E-2 7.70353E-2 7.46522E-2 6.52252E-2 2.07812E-2 1.28044E-2 1.22173E-2 1.25215E-2 1.23296E-2 1.26928E-2 1.25605E-2 1.22529E-2 1.08962E-2 1.04104E-2 9.7009E-3 8.7815E-3 8.68957E-3 8.55068E-3 9.50809E-3 9.69952E-3 1.00274E-2 1.16313E-2 1.4511E-2 1.97842E-2 6.1629E-2 5.86074E-2 7.0473E-2 5.83525E-2 7.83248E-2 7.70995E-2 6.30524E-2 6.11647E-2 5.62639E-2 5.35461E-2 5.4819E-2 5.37304E-2 5.93023E-2 7.59682E-2 1.00768E-1 6.20356E-2 3.40704E-2 2.84124E-2 1.85513E-2 1.39925E-2 1.25894E-2 1.13894E-2 1.05782E-2 1.09268E-2 9.50825E-3
9.32356E-3 8.63587E-3 8.62227E-3 8.6656E-3 9.29643E-3 1.16749E-2 1.31967E-2 1.584E-2 1.75973E-2 2.31098E-2 2.10961E-2 3.91736E-2 6.2496E-2 5.00583E-2 3.0075E-2 1.87043E-2 1.2117E-2 1.14568E-2 1.49155E-2 1.42362E-2 1.32995E-2 1.284E-2 1.24893E-2 1.2325E-2 1.14614E-2 1.15231E-2 9.88632E-3 8.9339E-3 8.93021E-3 8.60336E-3 8.82772E-3 9.12306E-3 9.98445E-3 1.40853E-2 1.95439E-2 2.95477E-2 7.31021E-2 5.27549E-2 4.84234E-2 5.79531E-2 7.5344E-2 7.14451E-2 6.96335E-2 7.10649E-2 6.57264E-2 6.14085E-2 6.3036E-2 1.09694E-1 7.34509E-2 4.4674E-2 2.66986E-2 1.8368E-2 1.48146E-2 1.46367E-2 1.25082E-2 1.15996E-2 1.18932E-2 1.09255E-2 1.08586E-2 1.10671E-2 1.07807E-2
9.31246E-3 9.77396E-3 1.00061E-2 1.07975E-2 1.18891E-2 1.14224E-2 1.36172E-2 1.66636E-2 1.34675E-2 1.73581E-2 1.89669E-2 1.8192E-2 1.59418E-2 1.46604E-2 1.18515E-2 1.12081E-2 1.05796E-2 1.06823E-2 1.33138E-2 1.25862E-2 1.35648E-2 1.26622E-2 1.15651E-2 1.26499E-2 1.21325E-2 1.07762E-2 1.01248E-2 9.14999E-3 9.50046E-3 9.16991E-3 8.93011E-3 9.63619E-3 1.16729E-2 1.64897E-2 1.99616E-2 1.6179E-2 1.79706E-2 3.61992E-2 6.93649E-2 6.24926E-2 6.48338E-2 7.458E-2 8.2308E-2 1.11733E-1 1.08917E-1 1.03514E-1 1.05451E-1 5.52675E-2 3.46393E-2 2.17181E-2 1.906E-2 1.49399E-2 1.39473E-2 1.49507E-2 1.16192E-2 1.10206E-2 1.07256E-2 1.01624E-2 1.14564E-2 1.19412E-2 1.04495E-2
1.13769E-2 1.21555E-2 1.23797E-2 1.38736E-2 1.23901E-2 1.4003E-2 1.78682E-2 1.36316E-2 1.13039E-2 1.20038E-2 1.26423E-2 1.40409E-2 1.29449E-2 1.15114E-2 9.95579E-3 1.00196E-2 9.83926E-3 1.17047E-2 1.14873E-2 1.16727E-2 1.16164E-2 1.42698E-2 1.2694E-2 1.26762E-2 1.22693E-2 1.15583E-2 1.0968E-2 1.06696E-2 1.03194E-2 1.06402E-2 1.00708E-2 1.10024E-2 1.22078E-2 1.3918E-2 1.42126E-2 1.5422E-2 1.58296E-2 2.01551E-2 2.53051E-2 2.96525E-2 5.15588E-2 5.48088E-2 4.37273E-2 4.56756E-2 5.59359E-2 5.85003E-2 5.38576E-2 4.17829E-2 3.03817E-2 2.1305E-2 1.87661E-2 1.83734E-2 1.29775E-2 1.17586E-2 1.06065E-2 1.0919E-2 1.22539E-2 1.23913E-2 1.20959E-2 1.02861E-2 9.55688E-3
1.57426E-2 1.4758E-2 1.54574E-2 1.50897E-2 1.70217E-2 1.51112E-2 1.95736E-2 1.43381E-2 1.21063E-2 1.15528E-2 1.21127E-2 1.26916E-2 1.19887E-2 1.09888E-2 1.12423E-2 1.15423E-2 1.2767E-2 1.34993E-2 1.22229E-2 1.23095E-2 1.31869E-2 1.45401E-2 1.29624E-2 1.27881E-2 1.26718E-2 1.4592E-2 1.29027E-2 1.17169E-2 1.28085E-2 1.34965E-2 1.21904E-2 1.18403E-2 1.19984E-2 1.30871E-2 1.51568E-2 1.49014E-2 1.47576E-2 1.67699E-2 1.64792E-2 1.63575E-2 1.95371E-2 1.87812E-2 2.07368E-2 2.55643E-2 3.20141E-2 3.42595E-2 4.05929E-2 3.3883E-2 2.65562E-2 2.3706E-2 1.92743E-2 1.82958E-2 1.50312E-2 1.48523E-2 1.12252E-2 1.06004E-2 1.2015E-2 1.28545E-2 9.86682E-3 9.69808E-3 1.08304E-2
1.57277E-2 1.3891E-2 1.472E-2 1.61139E-2 1.41563E-2 1.49206E-2 1.45333E-2 1.39761E-2 1.44931E-2 1.4399E-2 1.37864E-2 1.32003E-2 1.29941E-2 1.21873E-2 1.16546E-2 1.08979E-2 1.22545E-2 1.19528E-2 1.28585E-2 1.3809E-2 1.40064E-2 1.30606E-2 1.27317E-2 1.31582E-2 1.58986E-2 1.88645E-2 1.39527E-2 1.33304E-2 1.32074E-2 1.42574E-2 1.51381E-2 1.44016E-2 1.39248E-2 1.55837E-2 1.68538E-2 1.4857E-2 1.58043E-2 1.64556E-2 1.61097E-2 1.66315E-2 1.60924E-2 1.70093E-2 1.85017E-2 2.08319E-2 2.20316E-2 2.40886E-2 3.29437E-2 3.08068E-2 2.48207E-2 2.42726E-2 2.09374E-2 1.90882E-2 1.70256E-2 1.52213E-2 1.35556E-2 1.25933E-2 1.26635E-2 1.39094E-2 1.28929E-2 1.07818E-2 1.1127E-2
1.47886E-2 1.41032E-2 1.48527E-2 1.60417E-2 1.6217E-2 1.50339E-2 1.44078E-2 1.40807E-2 1.45304E-2 1.44445E-2 1.37219E-2 1.35468E-2 1.35683E-2 1.36259E-2 1.29711E-2 1.32401E-2 1.29069E-2 1.33795E-2 1.42615E-2 1.48899E-2 1.49464E-2 1.41539E-2 1.43007E-2 1.46442E-2 1.47651E-2 1.53047E-2 1.57212E-2 1.58051E-2 1.52495E-2 1.5027E-2 1.62758E-2 1.68732E-2 1.74004E-2 1.62878E-2 1.63505E-2 1.62631E-2 1.70776E-2 1.65652E-2 1.5238E-2 1.52435E-2 1.57799E-2 1.65274E-2 1.63578E-2 1.7122E-2 1.79373E-2 1.89132E-2 2.50256E-2 2.53743E-2 2.09021E-2 2.21335E-2 1.91507E-2 1.67823E-2 1.63445E-2 1.62896E-2 1.76738E-2 1.934E-2 1.61325E-2 1.55574E-2 1.70192E-2 1.7192E-2 1.51914E-2
1.58107E-2 1.65786E-2 1.59059E-2 1.62841E-2 1.74223E-2 1.71086E-2 1.64612E-2 1.60635E-2 1.64352E-2 1.6775E-2 1.49015E-2 1.36264E-2 1.35964E-2 1.4093E-2 1.46818E-2 1.61886E-2 1.56538E-2 1.68083E-2 1.78608E-2 1.85435E-2 1.72891E-2 1.56382E-2 1.60497E-2 1.44072E-2 1.47869E-2 1.5318E-2 1.62069E-2 1.65628E-2 1.67553E-2 1.6401E-2 1.97735E-2 2.25961E-2 1.92162E-2 1.66018E-2 1.71372E-2 1.81105E-2 1.793E-2 1.67287E-2 1.59269E-2 1.66853E-2 1.77456E-2 1.79784E-2 1.67865E-2 1.73665E-2 1.80345E-2 1.75922E-2 1.96826E-2 2.45939E-2 2.21385E-2 2.08781E-2 1.8948E-2 1.95904E-2 2.11157E-2 2.32458E-2 2.38451E-2 2.29644E-2 2.1667E-2 1.88428E-2 1.89847E-2 1.83289E-2 1.73787E-2
1.99678E-2 2.07162E-2 2.05769E-2 1.79247E-2 1.79654E-2 1.753E-2 1.68651E-2 1.73377E-2 1.63871E-2 1.57499E-2 1.45745E-2 1.40948E-2 1.41768E-2 1.51661E-2 1.62444E-2 1.83469E-2 1.74675E-2 1.72919E-2 1.75331E-2 1.74297E-2 1.61813E-2 1.57514E-2 1.57119E-2 1.48752E-2 1.44867E-2 1.56019E-2 1.65405E-2 1.62284E-2 2.01601E-2 2.25824E-2 1.91231E-2 1.89031E-2 1.80835E-2 1.73232E-2 1.7844E-2 1.83723E-2 1.8829E-2 1.70131E-2 1.6299E-2 1.65985E-2 1.57699E-2 1.68247E-2 1.83407E-2 1.96514E-2 1.98355E-2 1.79351E-2 2.00417E-2 2.443E-2 2.67131E-2 2.27575E-2 2.22835E-2 2.55801E-2 2.87306E-2 3.10102E-2 3.43781E-2 3.50112E-2 3.39821E-2 2.88167E-2 2.41455E-2 2.09358E-2 2.08481E-2
