maxent_outputs/bumblebees/envfiles/wc2.0_bio_10m_01.tif.asc
ncols 426
nrows 180
xllcorner -130
yllcorner 24
cellsize 0.16666666666666666
nodata_value -1.7e+308
[rows 80 to 95 of 180, columns 37 to 73 of 426]
1.109207289091621895e+01 9.631624973068634077e+00 1.071489575753609280e+01 1.025561459859212299e+01 1.045925001055002213e+01 1.106284366470451097e+01 1.052093748251597027e+01 1.394337507337331772e+01 1.660167696668456117e+01 1.687351041038830957e+01 1.628716660539309302e+01 1.348208335290352444e+01 9.111541743079820677e+00 6.685260369131962754e+00 6.375729175905386903e+00 5.886739651362101533e+00 6.014791632692019441e+00 6.088260350128014586e+00 7.050520951549212434e+00 7.500020777185757659e+00 8.658239533503850893e+00 9.041937420765558286e+00 9.058802142739295959e+00 9.760739654302597046e+00 1.081934386243422885e+01 1.059863547484079938e+01 1.090853131065765957e+01 9.941937478880086942e+00 9.896697836617628141e+00 9.518687491615613894e+00 9.265052070220312075e+00 9.907229269544282957e+00 1.020678127681215663e+01 9.666499947508176760e+00 9.871343627572059631e+00 9.331020906567573547e+00 9.921833326419195132e+00
1.140165630836660604e+01 1.011678125228112002e+01 9.899250100056329771e+00 9.722645922253528639e+00 9.784375083632767200e+00 1.137839579954743385e+01 1.479437492166956325e+01 1.660503120223681250e+01 1.675043744097153464e+01 1.674611451228459558e+01 1.667943743988871574e+01 1.450991683080792427e+01 1.061689586689074893e+01 6.166302112241585753e+00 5.813208341598510742e+00 5.862635398904482820e+00 6.250927117963631652e+00 6.616927035152912140e+00 7.268760395546753905e+00 9.013656248648961977e+00 9.588395928343137697e+00 9.795156290133794741e+00 8.664604246616363525e+00 9.759666694949070020e+00 1.100381244967381100e+01 9.447822868824005127e+00 1.086841661483049393e+01 9.835020877420902252e+00 1.047009380223850350e+01 1.061742707217733006e+01 1.050131249241530895e+01 9.591531212131181761e+00 1.027668743828932385e+01 9.177875022093454405e+00 1.009928130110104938e+01 1.070113536467154880e+01 9.325916657845178648e+00
1.234326044470071793e+01 1.141205203036467175e+01 1.033886452267567257e+01 9.726354174315929413e+00 9.013958385437339516e+00 1.006274987508853336e+01 1.494306245073676109e+01 1.647616667207330465e+01 1.673216661003728589e+01 1.692030227308471879e+01 1.677831253595650196e+01 1.512212508218362927e+01 1.163589587093641420e+01 8.310604105393091245e+00 7.140781232776741483e+00 7.956770832339922883e+00 7.971468776464462280e+00 7.269770801067352295e+00 6.814468761906027794e+00 7.056687564899523757e+00 9.283145859837532043e+00 9.931708345810571714e+00 1.037974988544980626e+01 1.049610415628800730e+01 1.089879174778858761e+01 1.106551048159599304e+01 1.028229168926676174e+01 1.067094786092638969e+01 9.835041634738445282e+00 1.126787502070268054e+01 9.979802036037048296e+00 1.045068738555225174e+01 1.079150000913068652e+01 9.884041761358579592e+00 9.897541726628938719e+00 1.062721882263819317e+01 1.003991672893365283e+01
1.220460411487147212e+01 1.247377085685729980e+01 1.147612493853860904e+01 1.079736438890298267e+01 8.155697985862692789e+00 7.970572904994090102e+00 1.094267700985074043e+01 1.571285411094625850e+01 1.684331232185165206e+01 1.691745835791031638e+01 1.666521872331698617e+01 1.616935412616779288e+01 1.354940618326266666e+01 1.001176032920678516e+01 6.702406203995148637e+00 8.633249933520952268e+00 8.717583159605661436e+00 9.068177064259847597e+00 8.158031230171522097e+00 7.188791690394282341e+00 7.002052151908476851e+00 7.966322968403498628e+00 9.902416574458280607e+00 9.790364568432172732e+00 9.457531228661537170e+00 1.115527077888449092e+01 1.074427087356646915e+01 1.029400002087155919e+01 9.885041775802770658e+00 1.117438541352748871e+01 1.040446889369438033e+01 1.124040629218021969e+01 1.064163530990481377e+01 1.101291668915655464e+01 1.074636457363764386e+01 1.007007288436094861e+01 1.136050000165899654e+01
1.170991661958396435e+01 1.119295842945575714e+01 1.221953124723707695e+01 1.135481254632274251e+01 1.016008336842060089e+01 8.731989541401466326e+00 9.783416723211606936e+00 1.555642698829372783e+01 1.669652090206121287e+01 1.670778142164150992e+01 1.646190628161032876e+01 1.675886456420024118e+01 1.462668734975159168e+01 1.205682292580604553e+01 9.810145941873392061e+00 8.742468719681104616e+00 8.362166653076807066e+00 9.223843793074289366e+00 7.925833451251189210e+00 6.541135373214880921e+00 7.206062498191992738e+00 6.933864536384741761e+00 8.345822999874750181e+00 9.218489711483320193e+00 9.044156288107236819e+00 1.079517707725366016e+01 1.148768744462480207e+01 1.106336454550425152e+01 1.093369792650143246e+01 1.125572927792867084e+01 1.143965622534354587e+01 1.132111448918779750e+01 1.122558325684318881e+01 1.081410405784845352e+01 9.411895826458930969e+00 1.148970837146043777e+01 1.158514598423304598e+01
1.154346666733423810e+01 1.145677091926336288e+01 1.188480208689967732e+01 1.267146885395050049e+01 1.179808336496353149e+01 9.357583460708459810e+00 1.094015622138977051e+01 1.491028120741248131e+01 1.657135420168439666e+01 1.643687497327725211e+01 1.613816673060258111e+01 1.609970812251170358e+01 1.640738556534051895e+01 1.511712496976057629e+01 1.303965617390349507e+01 1.055872918913761715e+01 9.141499931613603636e+00 7.982437496383984588e+00 7.113874917849898338e+00 7.960374953846137025e+00 8.312197894323617220e+00 8.663843666513761477e+00 8.558895960450172424e+00 8.678395768006643252e+00 9.886239478985467954e+00 9.766552182535329862e+00 9.541708325346311526e+00 1.098520837724208832e+01 1.127966664731502533e+01 1.164529180030027966e+01 1.162249989310900311e+01 1.134957295469939709e+01 1.106167697906494141e+01 1.010180203368266483e+01 1.154552078992128372e+01 1.136393745988607407e+01 9.065250049034753843e+00
1.183595291773478131e+01 1.175988543576871415e+01 1.196398957803224583e+01 1.170736468831698041e+01 1.128643758098284344e+01 9.111666657030582428e+00 9.826072901487350464e+00 1.466972916449109654e+01 1.636782283944194205e+01 1.630120835204919061e+01 1.597107285012801547e+01 1.603235422074794769e+01 1.637571873515844345e+01 1.666858338564634323e+01 1.496743722011645694e+01 1.285346876922994852e+01 1.097311468158538084e+01 1.012945833802223206e+01 9.142770875555774168e+00 6.546604171395301819e+00 6.750250076254208587e+00 6.926041697462399505e+00 6.768083337694406509e+00 8.732229183117548033e+00 1.039469793376823326e+01 1.012782289553433657e+01 1.039636456593871117e+01 1.156680197020371814e+01 1.183252065877119641e+01 1.178156234323978424e+01 1.130413538838426213e+01 1.107034384583433528e+01 1.067894791314999203e+01 9.106604119141897158e+00 1.128604170649001937e+01 7.686052049199740388e+00 8.910687536001205444e+00
1.167534042398134808e+01 1.203574990232785602e+01 1.211522915711005588e+01 1.236444787805279155e+01 1.178894799388945103e+01 1.186932287116845508e+01 9.773572872082391783e+00 1.432115616463124752e+01 1.583119803418715854e+01 1.627295831342538079e+01 1.605898952732483664e+01 1.621476041587690631e+01 1.634218755721424898e+01 1.676606247822443763e+01 1.611783336351315299e+01 1.396506255865097046e+01 1.308408335347970386e+01 1.162754178047180176e+01 1.040226035068432431e+01 6.693895749747753143e+00 4.845395812143881820e+00 5.626906198759873412e+00 6.516343728949625991e+00 5.941125030318896272e+00 9.779229154189428286e+00 9.529781177639961243e+00 1.055855206151803394e+01 1.129442716141541858e+01 1.166072917481263538e+01 1.150026036550601383e+01 1.101073952267567257e+01 1.117216678708791733e+01 1.031072911123434643e+01 1.018343753864367862e+01 9.862781157096227602e+00 8.807770778735479311e+00 7.325531274080276489e+00
1.160635331273078918e+01 1.209343756983677487e+01 1.238167701785763164e+01 1.354198962015410324e+01 1.339727091168363948e+01 1.231916669756174088e+01 1.130639580513040165e+01 1.307667712448164821e+01 1.528477072094877620e+01 1.624633333925157785e+01 1.617341682066519937e+01 1.648571880782644072e+01 1.684043738618493080e+01 1.684313558942328015e+01 1.686697908242543420e+01 1.568135412782430649e+01 1.377878101915121078e+01 1.257734384480863810e+01 1.135632294292251210e+01 8.700125026206174894e+00 6.663437418639659882e+00 5.336562490711609819e+00 6.167948067188262939e+00 5.869614650805790923e+00 9.278322994709014893e+00 1.031102089956402779e+01 1.016393761771420579e+01 1.146386456489562988e+01 1.119051034251848797e+01 1.113426046818494797e+01 1.130810408542553525e+01 1.112595834086338620e+01 1.098196865866581540e+01 1.049847919990619083e+01 9.486291731397310301e+00 9.112572972973188357e+00 7.288666660586993196e+00
1.163539562622706036e+01 1.190848952035109143e+01 1.266936457343399525e+01 1.309041659285624881e+01 1.302925019431859255e+01 1.390541653521358967e+01 1.317994791703919510e+01 1.381720827023188214e+01 1.466488550044596195e+01 1.626923957342902938e+01 1.636335411667823792e+01 1.642983337988455972e+01 1.680468741804361343e+01 1.712797900786002359e+01 1.696752095843354979e+01 1.637973956267039100e+01 1.484707294280330281e+01 1.411306239788730998e+01 1.256574990611989051e+01 1.012832287450631519e+01 7.743291715780894258e+00 5.464166690905888579e+00 7.259895807753006913e+00 6.680333261688550017e+00 9.782551979025205569e+00 8.650010387102762266e+00 8.769104267160097166e+00 1.108312490582466125e+01 1.103305216630299945e+01 1.137796874220172505e+01 1.142203128089507480e+01 1.132536449221273323e+01 9.943479177852472262e+00 9.951197847723960876e+00 9.538250098625818296e+00 9.412218774358430906e+00 8.150718744844198227e+00
1.201204269131024738e+01 1.181452992558479309e+01 1.252719780306021313e+01 1.290348948072642088e+01 1.406415645902355571e+01 1.316421890786538462e+01 1.299623963795602322e+01 1.396202078275382519e+01 1.420191660973553915e+01 1.533768757184346576e+01 1.633144813403487206e+01 1.652673962650199613e+01 1.655989573895931244e+01 1.656790630985051394e+01 1.654296883630255977e+01 1.661358327418565750e+01 1.557651039709647556e+01 1.485499998182058334e+01 1.344295823465411921e+01 1.106228135774532895e+01 8.722333302100500063e+00 5.488729238510131836e+00 5.551031336188316345e+00 5.695500080784161590e+00 9.615406220157941775e+00 8.709968626499176025e+00 9.099291721979776426e+00 1.074263542952636818e+01 1.106368743748559247e+01 9.935552075505256653e+00 1.186413539449373822e+01 1.122981255191067795e+01 1.135932284966111183e+01 1.169431233157714267e+01 1.098816670291125774e+01 1.049915625403324704e+01 7.979906248549620607e+00
-1.699999999999999939e+308 1.206288313865661621e+01 1.247354408105214496e+01 1.301977081224322319e+01 1.407609363614271025e+01 1.449937515705823898e+01 1.317392694740556180e+01 1.404175003804266453e+01 1.486884375785787960e+01 1.520641673728823662e+01 1.637743752449750900e+01 1.659931256870428840e+01 1.643206249674161157e+01 1.628275000490248203e+01 1.657131253431240836e+01 1.672145827487111092e+01 1.591917701934774776e+01 1.528356232245763202e+01 1.421786455375452896e+01 1.229217706123987774e+01 9.704802167912324862e+00 7.458937517056862809e+00 4.692187471936146714e+00 4.208614543080329895e+00 7.883197938402493499e+00 7.371468663215637207e+00 9.388656208912530943e+00 1.002583339065313339e+01 1.027727085848649402e+01 9.446708391110101743e+00 1.105489577942838331e+01 1.054310420279701610e+01 9.759791761636734009e+00 1.016738543659448624e+01 1.093934379983693361e+01 1.001229182879129986e+01 8.920000130931535764e+00
-1.699999999999999939e+308 -1.699999999999999939e+308 1.219840269287427326e+01 1.276961903274059296e+01 1.344361460953950882e+01 1.432076055432359318e+01 1.457393761724233627e+01 1.404063543801506420e+01 1.466548954447110553e+01 1.511359368264675140e+01 1.565940628573298454e+01 1.626564589887857437e+01 1.610129172603289405e+01 1.614053137352069101e+01 1.666135409288108349e+01 1.658329164981842041e+01 1.647764573246240616e+01 1.565236477057139020e+01 1.455414579684535603e+01 1.265515625973542591e+01 9.686041588584581419e+00 7.107218721260626815e+00 5.074135442574818633e+00 4.006281276543934844e+00 4.681468725204467773e+00 6.604468801369269393e+00 7.775760372479756377e+00 6.776395893345276811e+00 6.741145949500302770e+00 8.929208348194757505e+00 8.307416776816049619e+00 1.223629166185855865e+01 1.075568756709496121e+01 1.058510425950711031e+01 9.212437480688095093e+00 9.275489573677381472e+00 9.059697931011518435e+00
-1.699999999999999939e+308 -1.699999999999999939e+308 -1.699999999999999939e+308 1.289861099918683429e+01 1.304828703403472900e+01 1.366193768032826483e+01 1.459861459583044052e+01 1.420863539911806583e+01 1.465516668496032615e+01 1.470407288894057274e+01 1.523130210985740085e+01 1.605521857241789618e+01 1.561940630028645138e+01 1.571599991122881512e+01 1.617040611803531647e+01 1.610437496006488800e+01 1.650144784152507782e+01 1.609541655828555307e+01 1.486709373009701629e+01 1.343581244923795204e+01 1.151393753538529019e+01 9.046989642083644867e+00 6.312677092850208282e+00 5.390281255046526887e+00 3.915458336472511292e+00 2.846302094558874618e+00 4.813364624977111816e+00 4.289749950170516968e+00 7.439552118342059650e+00 8.330114616701999708e+00 6.292104267825682662e+00 9.970989649494489626e+00 9.452437430620193481e+00 9.791499954958757357e+00 1.119544793913761715e+01 8.429520929853120847e+00 1.012959363621970077e+01
-1.699999999999999939e+308 -1.699999999999999939e+308 -1.699999999999999939e+308 -1.699999999999999939e+308 1.305533346533775330e+01 1.356618835528691669e+01 1.422638537983099560e+01 1.473876032481590848e+01 1.509063532358656268e+01 1.509298960243662258e+01 1.554887499536077122e+01 1.570117714256048203e+01 1.561086458961168866e+01 1.546507285907864571e+01 1.554625001798073392e+01 1.581262496113777161e+01 1.624440626675884047e+01 1.636309372385342797e+01 1.564817715343087912e+01 1.427472908546527286e+01 1.276409368465344052e+01 1.065768748490760665e+01 9.303156172235807375e+00 5.686927042901515961e+00 3.179958313703536987e+00 2.092760431269804489e+00 2.978916610901554574e+00 6.186343769232432344e+00 4.428427164753277800e+00 5.467187523841857910e+00 6.010625019669532776e+00 8.005385494480529829e+00 9.198156252503395081e+00 9.889072952171167330e+00 1.173878117899099927e+01 1.057817710439364056e+01 1.026685424009338021e+01
-1.699999999999999939e+308 -1.699999999999999939e+308 -1.699999999999999939e+308 -1.699999999999999939e+308 1.235625018676122089e+01 1.324207829435666461e+01 1.379432297249635120e+01 1.461574990550676922e+01 1.507028691967328449e+01 1.533131901919841766e+01 1.542611025522152524e+01 1.538958327720562558e+01 1.549961478263139725e+01 1.543654164237280746e+01 1.557131247470776181e+01 1.588822922358910184e+01 1.603458331028620520e+01 1.661476039017240325e+01 1.566980213609834571e+01 1.516995826332519393e+01 1.436541656994571348e+01 1.240853130320707898e+01 9.734166634579500155e+00 7.326458252966403961e+00 5.004885463975369930e+00 2.579781124989191543e+00 1.398239587744076973e+00 2.723145748022943735e+00 6.892749980092048645e+00 8.032458380524380104e+00 6.860843837261199951e+00 7.954739552612106301e+00 9.287666653593381838e+00 9.559666633605957031e+00 1.137663538257280926e+01 1.209698961675167084e+01 1.087376037736733814e+01
