maxent_outputs/hummingbirds/hummingbird_319.asc
ncols         426
nrows         180
xllcorner     -130.0
yllcorner     24.0
cellsize      0.16666666666666666
NODATA_value  -9999
[rows 81 to 107 of 180, columns 244 to 304 of 426]
1.61432E-1 1.62864E-1 1.60612E-1 1.59054E-1 1.58361E-1 1.63474E-1 1.60577E-1 1.58843E-1 1.58733E-1 1.60451E-1 1.64991E-1 1.65002E-1 1.72799E-1 1.81521E-1 1.85547E-1 1.76256E-1 1.66103E-1 1.57826E-1 1.50943E-1 1.49145E-1 1.47984E-1 1.47197E-1 1.50916E-1 1.5369E-1 1.52206E-1 1.55435E-1 1.58465E-1 1.60028E-1 1.63348E-1 1.6778E-1 1.64454E-1 1.62415E-1 1.65005E-1 1.63131E-1 1.61532E-1 1.68299E-1 1.70021E-1 1.71578E-1 1.63747E-1 1.52676E-1 1.44888E-1 1.43169E-1 1.48538E-1 1.58788E-1 1.65604E-1 1.56203E-1 1.5622E-1 1.64844E-1 1.67451E-1 1.5837E-1 1.5171E-1 1.56576E-1 1.69977E-1 1.58895E-1 1.55907E-1 1.7244E-1 1.76023E-1 1.56658E-1 1.4431E-1 1.38515E-1 1.27602E-1
1.64466E-1 1.61553E-1 1.59117E-1 1.62882E-1 1.60506E-1 1.63085E-1 1.59264E-1 1.55423E-1 1.57018E-1 1.61546E-1 1.63102E-1 1.67402E-1 1.73005E-1 1.64094E-1 1.65097E-1 1.60838E-1 1.53654E-1 1.46797E-1 1.43552E-1 1.46997E-1 1.46739E-1 1.50148E-1 1.50279E-1 1.52501E-1 1.54621E-1 1.53315E-1 1.51495E-1 1.52191E-1 1.55464E-1 1.60675E-1 1.64088E-1 1.58326E-1 1.60014E-1 1.59919E-1 1.61344E-1 1.67398E-1 1.72353E-1 1.74688E-1 1.75413E-1 1.53908E-1 1.45898E-1 1.44989E-1 1.47441E-1 1.54771E-1 1.64749E-1 1.62916E-1 1.6336E-1 1.62258E-1 1.70738E-1 1.58974E-1 1.52393E-1 1.62353E-1 1.69041E-1 1.57575E-1 1.57939E-1 1.62157E-1 1.70373E-1 1.59824E-1 1.45735E-1 1.28882E-1 1.20252E-1
1.67274E-1 1.6178E-1 1.64516E-1 1.62301E-1 1.59793E-1 1.60864E-1 1.60411E-1 1.58483E-1 1.57266E-1 1.60926E-1 1.63868E-1 1.65941E-1 1.64046E-1 1.57228E-1 1.54999E-1 1.51708E-1 1.47764E-1 1.43342E-1 1.44909E-1 1.5438E-1 1.56619E-1 1.52829E-1 1.51759E-1 1.47751E-1 1.46568E-1 1.42971E-1 1.42273E-1 1.45906E-1 1.52198E-1 1.57761E-1 1.63755E-1 1.59732E-1 1.59133E-1 1.63498E-1 1.59325E-1 1.64073E-1 1.68352E-1 1.80667E-1 1.79485E-1 1.57227E-1 1.52185E-1 1.53185E-1 1.56694E-1 1.622E-1 1.62287E-1 1.63013E-1 1.69527E-1 1.71383E-1 1.66245E-1 1.56932E-1 1.55904E-1 1.68344E-1 1.55368E-1 1.50315E-1 1.54322E-1 1.59392E-1 1.65993E-1 1.55506E-1 1.39511E-1 1.11084E-1 9.93823E-2
1.63411E-1 1.6081E-1 1.62042E-1 1.61135E-1 1.57756E-1 1.59777E-1 1.57969E-1 1.55619E-1 1.54366E-1 1.53149E-1 1.54388E-1 1.64457E-1 1.60717E-1 1.55675E-1 1.48803E-1 1.47327E-1 1.41549E-1 1.41617E-1 1.53151E-1 1.62936E-1 1.56668E-1 1.49841E-1 1.42501E-1 1.40646E-1 1.3727E-1 1.40185E-1 1.43082E-1 1.43056E-1 1.46111E-1 1.50706E-1 1.64496E-1 1.70349E-1 1.67988E-1 1.64031E-1 1.53875E-1 1.63427E-1 1.69538E-1 1.80048E-1 1.82785E-1 1.68097E-1 1.59752E-1 1.55273E-1 1.5344E-1 1.61471E-1 1.69013E-1 1.6445E-1 1.6907E-1 1.76363E-1 1.61884E-1 1.54421E-1 1.57955E-1 1.67052E-1 1.49937E-1 1.4712E-1 1.50914E-1 1.59076E-1 1.62205E-1 1.49816E-1 1.17444E-1 1.08652E-1 1.03992E-1
1.64638E-1 1.60448E-1 1.58782E-1 1.57103E-1 1.59281E-1 1.58557E-1 1.56627E-1 1.58294E-1 1.53194E-1 1.50859E-1 1.54261E-1 1.59812E-1 1.57481E-1 1.57547E-1 1.49881E-1 1.48262E-1 1.44903E-1 1.47525E-1 1.54345E-1 1.5534E-1 1.52561E-1 1.49042E-1 1.44311E-1 1.34639E-1 1.32862E-1 1.40103E-1 1.39114E-1 1.34762E-1 1.45743E-1 1.51773E-1 1.6764E-1 1.6969E-1 1.68054E-1 1.5638E-1 1.49919E-1 1.56586E-1 1.64768E-1 1.74354E-1 1.78777E-1 1.67432E-1 1.65064E-1 1.57942E-1 1.50924E-1 1.56724E-1 1.64147E-1 1.64137E-1 1.67568E-1 1.64852E-1 1.6029E-1 1.53918E-1 1.59573E-1 1.51758E-1 1.39942E-1 1.36889E-1 1.42831E-1 1.54547E-1 1.62557E-1 1.22499E-1 1.04655E-1 1.06235E-1 9.74392E-2
1.64601E-1 1.59732E-1 1.54926E-1 1.62433E-1 1.65083E-1 1.60025E-1 1.56138E-1 1.59001E-1 1.52601E-1 1.5242E-1 1.55283E-1 1.64749E-1 1.60843E-1 1.58195E-1 1.56198E-1 1.50206E-1 1.48979E-1 1.56592E-1 1.54125E-1 1.47853E-1 1.51228E-1 1.51314E-1 1.4313E-1 1.35431E-1 1.36635E-1 1.39727E-1 1.35985E-1 1.40286E-1 1.47196E-1 1.57387E-1 1.60444E-1 1.61013E-1 1.59129E-1 1.4596E-1 1.47175E-1 1.54977E-1 1.62074E-1 1.71844E-1 1.72597E-1 1.61441E-1 1.66078E-1 1.62903E-1 1.5782E-1 1.58592E-1 1.54143E-1 1.6091E-1 1.64793E-1 1.63189E-1 1.59669E-1 1.5771E-1 1.54714E-1 1.45977E-1 1.32606E-1 1.29595E-1 1.37305E-1 1.46552E-1 1.35601E-1 1.08512E-1 9.48901E-2 9.20626E-2 9.18987E-2
1.6305E-1 1.57925E-1 1.59655E-1 1.62913E-1 1.63267E-1 1.61461E-1 1.58138E-1 1.59416E-1 1.58041E-1 1.61346E-1 1.64176E-1 1.65595E-1 1.61309E-1 1.60227E-1 1.60512E-1 1.56146E-1 1.58939E-1 1.63652E-1 1.53848E-1 1.50447E-1 1.53239E-1 1.51518E-1 1.49422E-1 1.39872E-1 1.41509E-1 1.41967E-1 1.38332E-1 1.45312E-1 1.55593E-1 1.54921E-1 1.55651E-1 1.5533E-1 1.5436E-1 1.52893E-1 1.45343E-1 1.50964E-1 1.57712E-1 1.6657E-1 1.67128E-1 1.64399E-1 1.61903E-1 1.60625E-1 1.62088E-1 1.58215E-1 1.55005E-1 1.54806E-1 1.58415E-1 1.6516E-1 1.57024E-1 1.52571E-1 1.42596E-1 1.39919E-1 1.3018E-1 1.29333E-1 1.39001E-1 1.32852E-1 1.12153E-1 9.63507E-2 8.79907E-2 8.60167E-2 9.61049E-2
1.64517E-1 1.65261E-1 1.66304E-1 1.6659E-1 1.6312E-1 1.6488E-1 1.65898E-1 1.64073E-1 1.62548E-1 1.61148E-1 1.63001E-1 1.60579E-1 1.62582E-1 1.63474E-1 1.6309E-1 1.5975E-1 1.55005E-1 1.58874E-1 1.55626E-1 1.52107E-1 1.53808E-1 1.506E-1 1.49533E-1 1.47192E-1 1.43441E-1 1.39074E-1 1.46356E-1 1.58153E-1 1.57951E-1 1.56191E-1 1.53913E-1 1.48665E-1 1.46593E-1 1.43274E-1 1.40165E-1 1.4896E-1 1.56845E-1 1.59594E-1 1.65622E-1 1.62556E-1 1.60495E-1 1.60539E-1 1.6045E-1 1.56003E-1 1.50669E-1 1.51833E-1 1.56422E-1 1.51576E-1 1.44505E-1 1.40839E-1 1.33786E-1 1.30783E-1 1.26451E-1 1.29514E-1 1.30507E-1 1.24382E-1 1.09668E-1 9.09828E-2 8.67942E-2 8.1237E-2 9.08728E-2
1.73345E-1 1.74374E-1 1.72366E-1 1.67086E-1 1.70848E-1 1.65057E-1 1.645E-1 1.63843E-1 1.61303E-1 1.59416E-1 1.62733E-1 1.60303E-1 1.66644E-1 1.62497E-1 1.65015E-1 1.55291E-1 1.48212E-1 1.60289E-1 1.55493E-1 1.53103E-1 1.53535E-1 1.5348E-1 1.53448E-1 1.50043E-1 1.42743E-1 1.44727E-1 1.55594E-1 1.57857E-1 1.60948E-1 1.6437E-1 1.51218E-1 1.4831E-1 1.40291E-1 1.39138E-1 1.41717E-1 1.45478E-1 1.50361E-1 1.55581E-1 1.57727E-1 1.55285E-1 1.57581E-1 1.60274E-1 1.6223E-1 1.57879E-1 1.49625E-1 1.47889E-1 1.42281E-1 1.41962E-1 1.37262E-1 1.33723E-1 1.30223E-1 1.28856E-1 1.23723E-1 1.23001E-1 1.16606E-1 1.07126E-1 9.85837E-2 9.20235E-2 8.60774E-2 7.04166E-2 1.09007E-1
1.82703E-1 1.82013E-1 1.7549E-1 1.72222E-1 1.75444E-1 1.69027E-1 1.63998E-1 1.61113E-1 1.60268E-1 1.60191E-1 1.58976E-1 1.57547E-1 1.62468E-1 1.58292E-1 1.58078E-1 1.50991E-1 1.45769E-1 1.46355E-1 1.45248E-1 1.50931E-1 1.50033E-1 1.53264E-1 1.52408E-1 1.45218E-1 1.41924E-1 1.45432E-1 1.54359E-1 1.58093E-1 1.50578E-1 1.5694E-1 1.54529E-1 1.47846E-1 1.44158E-1 1.40089E-1 1.42199E-1 1.4542E-1 1.47925E-1 1.55639E-1 1.56275E-1 1.54319E-1 1.53112E-1 1.60164E-1 1.59116E-1 1.63468E-1 1.51866E-1 1.42877E-1 1.35442E-1 1.33576E-1 1.31878E-1 1.31478E-1 1.32353E-1 1.29221E-1 1.26428E-1 1.17749E-1 1.0227E-1 9.15302E-2 9.38129E-2 8.34819E-2 8.54534E-2 9.16352E-2 1.56856E-1
2.03158E-1 1.87606E-1 1.81922E-1 1.78774E-1 1.7501E-1 1.71209E-1 1.65426E-1 1.58908E-1 1.57574E-1 1.61188E-1 1.61972E-1 1.57958E-1 1.57703E-1 1.5544E-1 1.49875E-1 1.49752E-1 1.45643E-1 1.41498E-1 1.44154E-1 1.49404E-1 1.55726E-1 1.52631E-1 1.49481E-1 1.44915E-1 1.50156E-1 1.49964E-1 1.55182E-1 1.55801E-1 1.49964E-1 1.55857E-1 1.57907E-1 1.54166E-1 1.51598E-1 1.49952E-1 1.47427E-1 1.52694E-1 1.47498E-1 1.5814E-1 1.65123E-1 1.55983E-1 1.50553E-1 1.55606E-1 1.6224E-1 1.61549E-1 1.49012E-1 1.40797E-1 1.37011E-1 1.31856E-1 1.30575E-1 1.30991E-1 1.28917E-1 1.25614E-1 1.24336E-1 1.03355E-1 8.07336E-2 7.04973E-2 7.94698E-2 6.83254E-2 7.06015E-2 1.16559E-1 1.55026E-1
1.94645E-1 1.89783E-1 1.8436E-1 1.81165E-1 1.74149E-1 1.72558E-1 1.67547E-1 1.606E-1 1.57458E-1 1.56842E-1 1.57978E-1 1.54964E-1 1.57296E-1 1.56494E-1 1.50369E-1 1.47006E-1 1.43802E-1 1.37098E-1 1.34521E-1 1.39626E-1 1.45958E-1 1.54404E-1 1.45866E-1 1.48004E-1 1.41757E-1 1.46351E-1 1.45861E-1 1.47205E-1 1.49145E-1 1.55213E-1 1.56891E-1 1.54252E-1 1.47588E-1 1.46465E-1 1.47605E-1 1.50439E-1 1.51656E-1 1.49448E-1 1.55494E-1 1.59672E-1 1.50125E-1 1.5132E-1 1.57782E-1 1.54835E-1 1.59728E-1 1.50081E-1 1.48599E-1 1.41749E-1 1.37303E-1 1.32741E-1 1.31647E-1 1.20074E-1 1.05781E-1 9.05695E-2 6.4864E-2 6.20763E-2 5.70558E-2 6.88877E-2 8.24099E-2 1.15975E-1 1.39831E-1
1.86701E-1 1.81494E-1 1.77002E-1 1.72317E-1 1.68242E-1 1.70975E-1 1.69807E-1 1.62597E-1 1.57958E-1 1.62992E-1 1.57203E-1 1.57709E-1 1.5862E-1 1.54111E-1 1.52473E-1 1.46346E-1 1.45783E-1 1.42389E-1 1.47314E-1 1.49371E-1 1.54923E-1 1.58951E-1 1.5399E-1 1.44286E-1 1.36692E-1 1.42199E-1 1.56289E-1 1.53113E-1 1.54051E-1 1.54502E-1 1.52119E-1 1.52897E-1 1.52111E-1 1.42752E-1 1.43993E-1 1.40687E-1 1.44243E-1 1.44684E-1 1.51903E-1 1.52893E-1 1.58E-1 1.5906E-1 1.58624E-1 1.56689E-1 1.66264E-1 1.727E-1 1.68961E-1 1.54031E-1 1.41616E-1 1.34704E-1 1.21584E-1 9.65835E-2 8.37774E-2 7.31792E-2 5.64332E-2 5.65153E-2 6.67703E-2 7.08955E-2 8.62867E-2 1.13448E-1 1.17123E-1
1.78502E-1 1.74797E-1 1.75152E-1 1.64949E-1 1.61376E-1 1.65064E-1 1.6651E-1 1.63244E-1 1.63531E-1 1.53876E-1 1.52642E-1 1.55981E-1 1.58621E-1 1.5471E-1 1.49672E-1 1.48411E-1 1.49763E-1 1.55829E-1 1.65015E-1 1.62646E-1 1.68803E-1 1.79833E-1 1.63315E-1 1.48642E-1 1.42106E-1 1.4478E-1 1.61864E-1 1.60178E-1 1.56382E-1 1.53411E-1 1.52892E-1 1.50497E-1 1.4822E-1 1.46619E-1 1.42323E-1 1.41273E-1 1.38976E-1 1.48083E-1 1.52275E-1 1.54601E-1 1.58978E-1 1.57843E-1 1.57134E-1 1.56046E-1 1.59065E-1 1.63265E-1 1.63994E-1 1.50117E-1 1.38112E-1 1.34956E-1 1.1738E-1 9.3735E-2 7.89717E-2 6.01909E-2 5.54195E-2 7.37638E-2 8.00818E-2 8.84917E-2 1.1546E-1 1.24686E-1 1.41469E-1
1.76167E-1 1.67782E-1 1.74998E-1 1.56326E-1 1.5348E-1 1.54507E-1 1.60516E-1 1.59052E-1 1.60188E-1 1.5197E-1 1.5471E-1 1.55032E-1 1.5294E-1 1.53917E-1 1.51856E-1 1.5568E-1 1.5854E-1 1.65651E-1 1.75421E-1 1.76805E-1 1.87116E-1 1.79123E-1 1.6514E-1 1.59099E-1 1.56343E-1 1.57077E-1 1.62001E-1 1.6269E-1 1.62841E-1 1.58454E-1 1.5415E-1 1.51952E-1 1.47708E-1 1.47322E-1 1.46351E-1 1.46298E-1 1.39161E-1 1.45849E-1 1.49439E-1 1.58308E-1 1.63245E-1 1.57367E-1 1.52288E-1 1.53613E-1 1.46812E-1 1.46343E-1 1.4154E-1 1.34718E-1 1.3411E-1 1.26818E-1 1.05988E-1 8.26449E-2 6.63615E-2 7.30213E-2 8.66782E-2 8.40458E-2 1.02158E-1 1.13904E-1 1.3623E-1 1.40704E-1 1.37466E-1
1.68121E-1 1.66299E-1 1.62707E-1 1.54649E-1 1.51221E-1 1.52495E-1 1.54831E-1 1.65068E-1 1.65393E-1 1.59043E-1 1.65457E-1 1.5951E-1 1.51447E-1 1.4859E-1 1.51841E-1 1.59363E-1 1.63644E-1 1.62832E-1 1.65268E-1 1.82995E-1 1.93746E-1 1.84884E-1 1.72909E-1 1.62878E-1 1.62867E-1 1.63653E-1 1.62135E-1 1.67528E-1 1.63403E-1 1.64118E-1 1.6201E-1 1.62634E-1 1.61479E-1 1.50091E-1 1.40104E-1 1.39006E-1 1.45114E-1 1.48598E-1 1.53166E-1 1.57156E-1 1.62613E-1 1.60502E-1 1.46328E-1 1.47552E-1 1.37628E-1 1.27091E-1 1.21219E-1 1.16944E-1 1.18972E-1 1.24803E-1 9.78169E-2 9.02328E-2 9.54525E-2 1.04419E-1 1.02054E-1 1.111E-1 1.19391E-1 1.4502E-1 1.39079E-1 1.57666E-1 1.34007E-1
1.66557E-1 1.65132E-1 1.56237E-1 1.50712E-1 1.49417E-1 1.53504E-1 1.62992E-1 1.76334E-1 1.72617E-1 1.66142E-1 1.62224E-1 1.59871E-1 1.52685E-1 1.49309E-1 1.52428E-1 1.5527E-1 1.55832E-1 1.5257E-1 1.58918E-1 1.6865E-1 1.70361E-1 1.74392E-1 1.78296E-1 1.7026E-1 1.61998E-1 1.5891E-1 1.58072E-1 1.63803E-1 1.71635E-1 1.67295E-1 1.61299E-1 1.66879E-1 1.65763E-1 1.52771E-1 1.46705E-1 1.44895E-1 1.49455E-1 1.55165E-1 1.58404E-1 1.62831E-1 1.55315E-1 1.58065E-1 1.52697E-1 1.37177E-1 1.30812E-1 1.20183E-1 1.139E-1 1.15155E-1 1.16989E-1 1.11291E-1 1.23074E-1 1.19211E-1 1.28872E-1 1.16225E-1 1.14658E-1 1.44852E-1 1.45624E-1 1.60876E-1 1.53436E-1 1.70163E-1 1.32546E-1
1.53789E-1 1.51897E-1 1.51754E-1 1.51595E-1 1.54692E-1 1.60835E-1 1.71179E-1 1.80614E-1 1.73014E-1 1.68535E-1 1.69129E-1 1.70724E-1 1.68801E-1 1.609E-1 1.59998E-1 1.58302E-1 1.55617E-1 1.52645E-1 1.53475E-1 1.60477E-1 1.62581E-1 1.55607E-1 1.64495E-1 1.62329E-1 1.57639E-1 1.55766E-1 1.54519E-1 1.55485E-1 1.64661E-1 1.61403E-1 1.59321E-1 1.60381E-1 1.6019E-1 1.5775E-1 1.57772E-1 1.56412E-1 1.52329E-1 1.4865E-1 1.56022E-1 1.6432E-1 1.64391E-1 1.55994E-1 1.50643E-1 1.40203E-1 1.30987E-1 1.27917E-1 1.217E-1 1.2332E-1 1.1782E-1 1.16233E-1 1.43214E-1 1.49781E-1 1.40461E-1 1.20586E-1 1.27661E-1 1.46456E-1 1.7913E-1 1.73331E-1 1.66653E-1 1.66699E-1 1.76332E-1
1.46709E-1 1.44355E-1 1.5438E-1 1.56462E-1 1.57116E-1 1.67267E-1 1.71179E-1 1.73782E-1 1.73985E-1 1.72171E-1 1.68521E-1 1.7128E-1 1.75216E-1 1.74986E-1 1.70769E-1 1.65763E-1 1.60884E-1 1.52665E-1 1.5359E-1 1.6317E-1 1.6413E-1 1.58097E-1 1.54486E-1 1.53253E-1 1.54265E-1 1.5273E-1 1.50707E-1 1.53257E-1 1.53928E-1 1.55827E-1 1.53899E-1 1.52615E-1 1.50487E-1 1.59245E-1 1.61272E-1 1.59967E-1 1.47875E-1 1.46113E-1 1.55162E-1 1.61632E-1 1.62015E-1 1.57474E-1 1.45798E-1 1.36796E-1 1.29843E-1 1.28927E-1 1.27935E-1 1.27627E-1 1.22556E-1 1.32302E-1 1.51643E-1 1.56813E-1 1.20324E-1 1.32866E-1 1.40242E-1 1.63904E-1 1.80481E-1 1.76448E-1 1.65469E-1 1.76226E-1 1.82178E-1
1.52665E-1 1.52795E-1 1.58709E-1 1.57402E-1 1.60948E-1 1.64388E-1 1.67373E-1 1.64837E-1 1.71089E-1 1.71377E-1 1.67465E-1 1.73482E-1 1.75009E-1 1.7664E-1 1.76448E-1 1.71661E-1 1.67199E-1 1.63868E-1 1.63273E-1 1.66136E-1 1.68772E-1 1.64789E-1 1.58084E-1 1.55121E-1 1.63221E-1 1.56676E-1 1.56021E-1 1.51162E-1 1.49791E-1 1.56311E-1 1.65394E-1 1.60073E-1 1.56756E-1 1.59825E-1 1.54714E-1 1.54087E-1 1.45533E-1 1.47435E-1 1.52723E-1 1.50652E-1 1.46672E-1 1.46681E-1 1.40526E-1 1.33829E-1 1.23754E-1 1.1937E-1 1.2649E-1 1.21737E-1 1.26049E-1 1.39068E-1 1.44858E-1 1.5839E-1 1.62252E-1 1.54727E-1 1.64477E-1 1.7576E-1 1.86618E-1 1.83684E-1 1.77582E-1 1.73591E-1 1.71155E-1
1.65553E-1 1.64025E-1 1.53235E-1 1.60788E-1 1.66011E-1 1.67615E-1 1.69361E-1 1.73708E-1 1.68425E-1 1.65189E-1 1.6203E-1 1.63431E-1 1.7056E-1 1.67819E-1 1.71233E-1 1.69638E-1 1.67686E-1 1.6355E-1 1.61778E-1 1.64757E-1 1.67414E-1 1.61802E-1 1.63462E-1 1.59793E-1 1.57287E-1 1.55114E-1 1.57469E-1 1.60666E-1 1.59675E-1 1.63109E-1 1.68642E-1 1.63033E-1 1.55535E-1 1.52951E-1 1.44835E-1 1.39132E-1 1.36479E-1 1.44081E-1 1.50257E-1 1.3213E-1 1.34878E-1 1.37092E-1 1.34446E-1 1.27925E-1 1.1954E-1 1.16202E-1 1.12235E-1 1.07281E-1 1.16798E-1 1.33031E-1 1.53694E-1 1.63559E-1 1.63523E-1 1.47669E-1 1.39075E-1 1.43422E-1 1.66612E-1 1.7775E-1 1.94389E-1 1.80438E-1 1.72328E-1
1.56384E-1 1.59171E-1 1.50987E-1 1.48562E-1 1.50881E-1 1.54952E-1 1.71767E-1 1.75554E-1 1.70214E-1 1.57059E-1 1.49576E-1 1.5098E-1 1.59348E-1 1.63391E-1 1.61603E-1 1.60748E-1 1.63421E-1 1.59974E-1 1.66098E-1 1.75207E-1 1.69782E-1 1.68351E-1 1.67511E-1 1.68015E-1 1.68968E-1 1.79877E-1 1.86466E-1 1.70805E-1 1.68324E-1 1.64253E-1 1.67421E-1 1.57321E-1 1.52459E-1 1.43425E-1 1.29361E-1 1.26548E-1 1.28159E-1 1.24195E-1 1.20208E-1 1.32298E-1 1.19799E-1 1.37053E-1 1.36775E-1 1.24012E-1 1.13636E-1 1.11528E-1 1.21914E-1 1.17288E-1 1.24719E-1 1.42983E-1 1.57089E-1 1.57702E-1 1.39667E-1 1.32379E-1 1.37031E-1 1.55499E-1 1.58604E-1 1.6599E-1 1.68548E-1 1.67601E-1 1.72768E-1
1.51604E-1 1.53545E-1 1.41948E-1 1.38879E-1 1.39293E-1 1.42121E-1 1.51643E-1 1.64438E-1 1.63529E-1 1.47493E-1 1.42183E-1 1.4578E-1 1.55594E-1 1.63411E-1 1.61225E-1 1.64279E-1 1.6857E-1 1.66682E-1 1.6855E-1 1.68372E-1 1.64475E-1 1.63733E-1 1.70377E-1 1.73852E-1 1.68268E-1 1.67008E-1 1.65489E-1 1.60687E-1 1.56277E-1 1.50254E-1 1.5366E-1 1.52556E-1 1.42593E-1 1.35046E-1 1.30693E-1 1.24392E-1 1.32387E-1 1.37029E-1 1.43289E-1 1.44923E-1 1.55084E-1 1.45318E-1 1.42879E-1 1.30332E-1 1.23957E-1 1.17484E-1 1.0716E-1 1.04249E-1 1.12727E-1 1.33412E-1 1.44667E-1 1.32754E-1 1.26871E-1 1.18706E-1 1.47136E-1 1.58181E-1 1.60841E-1 1.63423E-1 1.64491E-1 1.72815E-1 1.79421E-1
1.54457E-1 1.45954E-1 1.35491E-1 1.36333E-1 1.39657E-1 1.41055E-1 1.44498E-1 1.63093E-1 1.56495E-1 1.46556E-1 1.46121E-1 1.49119E-1 1.58963E-1 1.66447E-1 1.68516E-1 1.71551E-1 1.69429E-1 1.64489E-1 1.63425E-1 1.57722E-1 1.57806E-1 1.60115E-1 1.71763E-1 1.84006E-1 1.85023E-1 1.66877E-1 1.51522E-1 1.41581E-1 1.33206E-1 1.31329E-1 1.34953E-1 1.41545E-1 1.26792E-1 1.26909E-1 1.3206E-1 1.38052E-1 1.44434E-1 1.54909E-1 1.6134E-1 1.69179E-1 1.76262E-1 1.69866E-1 1.54409E-1 1.43289E-1 1.16237E-1 1.07179E-1 8.87529E-2 9.9677E-2 1.11583E-1 1.24126E-1 1.3191E-1 1.39795E-1 1.44803E-1 1.41948E-1 1.4993E-1 1.57488E-1 1.66567E-1 1.7853E-1 1.82322E-1 1.92925E-1 1.93666E-1
1.5114E-1 1.45571E-1 1.39795E-1 1.47684E-1 1.50505E-1 1.48739E-1 1.50578E-1 1.69289E-1 1.5326E-1 1.49549E-1 1.51258E-1 1.54985E-1 1.63576E-1 1.65844E-1 1.71457E-1 1.75327E-1 1.75963E-1 1.71526E-1 1.64347E-1 1.6226E-1 1.5939E-1 1.6782E-1 1.73285E-1 1.66927E-1 1.64194E-1 1.59139E-1 1.37343E-1 1.31549E-1 1.25176E-1 1.21255E-1 1.2358E-1 1.41178E-1 1.51223E-1 1.48786E-1 1.50547E-1 1.59862E-1 1.70218E-1 1.79072E-1 1.84635E-1 1.81903E-1 1.70331E-1 1.80515E-1 1.65848E-1 1.25968E-1 1.129E-1 9.96697E-2 9.22273E-2 9.6599E-2 1.06731E-1 1.27179E-1 1.40664E-1 1.4758E-1 1.50646E-1 1.52659E-1 1.64691E-1 1.75012E-1 1.86528E-1 1.94946E-1 1.95986E-1 2.00912E-1 2.01149E-1
1.55571E-1 1.50935E-1 1.47317E-1 1.57802E-1 1.57371E-1 1.54048E-1 1.5445E-1 1.61122E-1 1.64743E-1 1.48593E-1 1.49481E-1 1.52045E-1 1.6345E-1 1.72683E-1 1.79658E-1 1.96877E-1 1.99502E-1 1.75972E-1 1.66453E-1 1.60203E-1 1.64807E-1 1.6492E-1 1.59183E-1 1.57486E-1 1.47776E-1 1.30867E-1 1.27327E-1 1.2808E-1 1.2283E-1 1.15983E-1 1.26883E-1 1.73721E-1 1.76882E-1 1.6556E-1 1.6956E-1 1.94684E-1 2.03449E-1 1.94166E-1 1.93232E-1 1.82083E-1 1.73075E-1 1.63136E-1 1.423E-1 1.13776E-1 1.05292E-1 9.5986E-2 9.53341E-2 1.11E-1 1.34359E-1 1.37768E-1 1.48705E-1 1.58489E-1 1.69628E-1 1.81157E-1 1.9426E-1 2.06747E-1 1.98793E-1 2.01876E-1 2.02179E-1 2.01372E-1 1.98105E-1
1.71027E-1 1.63514E-1 1.6285E-1 1.64896E-1 1.60831E-1 1.52514E-1 1.52325E-1 1.56799E-1 1.72025E-1 1.54406E-1 1.51399E-1 1.48669E-1 1.5572E-1 1.6288E-1 1.85137E-1 2.0525E-1 2.00498E-1 1.67029E-1 1.55144E-1 1.51336E-1 1.58151E-1 1.65706E-1 1.51965E-1 1.47375E-1 1.25071E-1 1.17115E-1 1.19392E-1 1.23989E-1 1.34387E-1 1.32555E-1 1.67608E-1 1.83602E-1 1.82793E-1 1.84646E-1 1.87758E-1 2.01564E-1 2.15751E-1 2.08776E-1 2.00056E-1 1.75147E-1 1.42594E-1 1.34763E-1 1.06191E-1 8.67059E-2 9.05384E-2 1.11488E-1 1.24021E-1 1.37265E-1 1.3647E-1 1.34495E-1 1.50168E-1 1.68378E-1 1.85588E-1 2.00269E-1 2.20829E-1 2.09698E-1 2.1745E-1 2.17956E-1 2.10878E-1 2.15294E-1 2.09656E-1
