maxent_outputs/hummingbirds/hummingbird_107.asc
ncols         426
nrows         180
xllcorner     -130.0
yllcorner     24.0
cellsize      0.16666666666666666
NODATA_value  -9999
[rows 108 to 134 of 180, columns 61 to 121 of 426]
5.52636E-1 5.49396E-1 5.10593E-1 5.38756E-1 5.56894E-1 5.41183E-1 6.1689E-1 5.14635E-1 5.06593E-1 4.15426E-1 4.43538E-1 5.66794E-1 5.93552E-1 5.66471E-1 5.58191E-1 6.13581E-1 5.97567E-1 6.57254E-1 7.01258E-1 6.81875E-1 6.1252E-1 5.72993E-1 5.62636E-1 5.04857E-1 4.83813E-1 5.08742E-1 5.24123E-1 5.48318E-1 5.90543E-1 6.05913E-1 6.54225E-1 6.38661E-1 5.93667E-1 5.82418E-1 5.58601E-1 4.5339E-1 5.05731E-1 5.10763E-1 4.56712E-1 4.72969E-1 3.20807E-1 2.77493E-1 2.80596E-1 2.86612E-1 2.8152E-1 2.523E-1 2.2714E-1 2.39719E-1 2.58835E-1 3.25314E-1 3.67476E-1 3.32954E-1 3.11719E-1 3.01993E-1 2.93546E-1 2.89786E-1 2.76305E-1 2.63408E-1 2.47985E-1 2.59841E-1 2.6151E-1
5.73822E-1 5.41878E-1 5.4112E-1 5.73618E-1 5.68692E-1 5.42713E-1 5.7643E-1 5.41925E-1 6.03788E-1 5.6024E-1 5.50494E-1 5.77866E-1 5.40808E-1 5.49512E-1 5.93591E-1 5.98533E-1 6.13616E-1 6.14578E-1 6.2281E-1 6.64675E-1 6.6966E-1 6.38032E-1 5.90931E-1 5.69212E-1 5.28064E-1 5.02768E-1 5.36383E-1 5.406E-1 5.99077E-1 6.0071E-1 6.68575E-1 6.45629E-1 5.73938E-1 5.73616E-1 5.274E-1 4.90029E-1 4.63296E-1 4.96814E-1 5.05198E-1 4.5444E-1 3.36476E-1 2.97796E-1 2.96291E-1 2.91271E-1 2.86017E-1 2.64442E-1 2.49664E-1 2.33875E-1 2.5741E-1 3.33756E-1 3.55951E-1 3.53413E-1 3.3481E-1 3.14076E-1 3.04734E-1 2.86747E-1 2.69733E-1 2.74836E-1 2.49952E-1 2.47372E-1 2.48118E-1
6.19019E-1 5.96992E-1 6.05256E-1 6.03022E-1 5.86497E-1 5.70702E-1 5.85186E-1 5.94867E-1 6.00898E-1 5.52122E-1 5.43182E-1 5.60444E-1 5.90374E-1 5.68968E-1 5.86234E-1 5.77294E-1 5.97996E-1 5.64941E-1 5.79204E-1 6.1559E-1 6.30733E-1 6.26328E-1 6.01331E-1 5.61876E-1 5.19461E-1 5.45959E-1 5.30834E-1 5.54024E-1 5.56802E-1 5.80044E-1 6.80974E-1 6.80801E-1 5.76271E-1 5.74005E-1 5.27799E-1 5.0288E-1 4.70361E-1 4.26311E-1 4.32097E-1 3.64651E-1 3.43578E-1 3.11342E-1 2.92604E-1 3.10026E-1 2.97593E-1 2.87106E-1 2.76006E-1 2.57911E-1 2.79151E-1 3.24718E-1 3.52692E-1 3.52545E-1 3.34261E-1 3.24037E-1 3.1399E-1 3.06061E-1 2.9983E-1 2.85639E-1 2.60931E-1 2.47375E-1 2.56026E-1
6.16605E-1 6.19597E-1 6.22346E-1 6.1795E-1 6.45209E-1 6.24579E-1 6.21773E-1 6.09579E-1 5.71174E-1 5.39762E-1 5.51347E-1 6.03671E-1 5.82905E-1 5.73177E-1 5.62343E-1 5.52024E-1 5.62536E-1 5.4313E-1 5.49676E-1 5.70929E-1 5.8105E-1 6.19056E-1 6.14109E-1 5.72006E-1 5.17113E-1 5.05639E-1 5.30581E-1 5.3771E-1 5.52705E-1 5.82764E-1 6.58789E-1 6.81528E-1 6.19695E-1 5.55363E-1 5.6733E-1 5.01006E-1 5.11282E-1 4.41804E-1 3.9336E-1 3.50088E-1 3.49404E-1 3.61013E-1 3.38509E-1 3.31676E-1 3.24324E-1 3.08845E-1 2.87557E-1 2.53782E-1 2.43164E-1 2.75568E-1 3.19528E-1 3.63486E-1 3.50788E-1 3.27455E-1 3.17798E-1 3.12308E-1 3.10183E-1 3.00815E-1 2.96126E-1 2.67583E-1 2.64802E-1
5.57824E-1 6.10578E-1 6.46136E-1 6.35285E-1 6.45722E-1 6.53017E-1 6.59976E-1 6.33257E-1 6.11353E-1 5.80234E-1 6.08323E-1 5.87091E-1 5.49979E-1 5.38865E-1 5.32615E-1 5.31253E-1 5.17206E-1 5.15847E-1 5.6917E-1 5.93252E-1 5.93628E-1 6.11021E-1 6.00568E-1 5.66345E-1 5.38697E-1 5.10769E-1 5.30617E-1 5.35442E-1 5.42097E-1 6.17942E-1 6.46201E-1 7.04737E-1 6.82384E-1 5.72095E-1 5.91034E-1 5.12221E-1 5.00274E-1 4.80492E-1 4.01443E-1 3.63012E-1 3.60408E-1 3.59049E-1 3.86137E-1 3.61936E-1 3.56977E-1 3.3595E-1 2.99281E-1 2.51721E-1 2.44709E-1 2.83703E-1 2.99549E-1 3.43952E-1 3.57732E-1 3.29486E-1 3.05907E-1 3.10789E-1 3.14134E-1 3.26237E-1 3.02014E-1 2.93212E-1 2.83631E-1
5.71456E-1 5.64324E-1 6.49167E-1 6.68615E-1 6.61343E-1 6.65615E-1 6.51093E-1 5.69324E-1 5.57271E-1 5.88701E-1 5.90268E-1 5.51699E-1 5.39896E-1 5.42334E-1 5.28094E-1 5.19357E-1 5.21201E-1 5.49239E-1 5.78733E-1 5.81131E-1 5.86317E-1 6.11256E-1 5.88381E-1 5.79935E-1 5.84669E-1 5.7435E-1 5.4936E-1 5.71716E-1 5.74237E-1 6.34018E-1 6.80701E-1 7.00733E-1 7.11099E-1 6.05449E-1 6.24172E-1 5.55066E-1 5.29106E-1 5.20784E-1 4.63862E-1 4.02046E-1 3.65922E-1 3.768E-1 3.74308E-1 3.89327E-1 3.73808E-1 3.90492E-1 3.58069E-1 3.3106E-1 2.82834E-1 2.68034E-1 2.86675E-1 3.38496E-1 3.49688E-1 3.41905E-1 3.24E-1 3.13499E-1 3.05187E-1 3.11648E-1 2.94324E-1 3.13553E-1 3.03361E-1
6.11324E-1 5.89477E-1 5.68862E-1 5.79454E-1 5.9252E-1 6.36276E-1 6.33675E-1 5.9714E-1 5.82325E-1 5.98382E-1 5.81233E-1 5.54525E-1 5.32351E-1 5.18667E-1 5.26052E-1 5.20249E-1 5.34428E-1 5.71839E-1 5.96995E-1 5.81659E-1 5.91072E-1 6.24497E-1 6.11987E-1 5.92394E-1 5.64925E-1 5.96972E-1 6.20516E-1 6.20748E-1 6.23152E-1 6.54214E-1 7.10461E-1 6.67591E-1 7.11326E-1 6.68752E-1 6.28505E-1 5.90954E-1 5.76557E-1 5.6278E-1 4.82767E-1 4.37683E-1 3.78437E-1 4.1926E-1 3.80378E-1 3.78461E-1 4.07599E-1 4.33453E-1 4.69319E-1 4.71699E-1 4.34709E-1 3.12149E-1 2.57261E-1 2.96803E-1 3.31255E-1 3.39447E-1 3.36206E-1 3.30281E-1 3.17574E-1 3.17785E-1 3.03017E-1 3.04078E-1 3.01546E-1
6.68934E-1 6.211E-1 5.87171E-1 5.19041E-1 4.47223E-1 5.47601E-1 6.54402E-1 6.31264E-1 6.31021E-1 5.93497E-1 5.47407E-1 5.2252E-1 5.03525E-1 4.99775E-1 5.12581E-1 5.25431E-1 5.36167E-1 5.35224E-1 5.60472E-1 5.83084E-1 6.06558E-1 6.29105E-1 6.45121E-1 6.32274E-1 6.40067E-1 6.41606E-1 6.81252E-1 6.51979E-1 6.55807E-1 6.43197E-1 6.93049E-1 7.08604E-1 7.08563E-1 6.58337E-1 6.14454E-1 5.99896E-1 5.96352E-1 5.88849E-1 5.35701E-1 5.04818E-1 4.27846E-1 4.46477E-1 4.01471E-1 3.93676E-1 4.02764E-1 4.36249E-1 4.73553E-1 4.93065E-1 4.77403E-1 3.82706E-1 2.89169E-1 2.63479E-1 2.95081E-1 3.21189E-1 3.26617E-1 3.24885E-1 3.21787E-1 3.0485E-1 3.0509E-1 3.04593E-1 3.01451E-1
7.87932E-1 7.54599E-1 6.62733E-1 6.37374E-1 5.96009E-1 6.6276E-1 7.43051E-1 7.4904E-1 6.76376E-1 5.94192E-1 5.65379E-1 5.26307E-1 4.91123E-1 4.94399E-1 5.05408E-1 5.19682E-1 5.28664E-1 5.41154E-1 5.55116E-1 5.80419E-1 6.00745E-1 6.00789E-1 6.74896E-1 7.22216E-1 7.28572E-1 7.04892E-1 6.93734E-1 6.71952E-1 6.43978E-1 6.63276E-1 6.45875E-1 6.98541E-1 7.08038E-1 6.88571E-1 6.31148E-1 5.73112E-1 6.09284E-1 6.33635E-1 6.06911E-1 5.73487E-1 5.54378E-1 5.11059E-1 4.37772E-1 4.37561E-1 4.3844E-1 4.43775E-1 4.70687E-1 4.9092E-1 4.8295E-1 4.08437E-1 3.07424E-1 2.77516E-1 2.95308E-1 3.05962E-1 3.13671E-1 3.15024E-1 2.96662E-1 3.06522E-1 3.16157E-1 3.20086E-1 3.22682E-1
8.99416E-1 8.6879E-1 8.72364E-1 8.55139E-1 8.17577E-1 8.23328E-1 7.84724E-1 7.93271E-1 7.56398E-1 6.23222E-1 5.54788E-1 5.23096E-1 4.88703E-1 4.68817E-1 4.83395E-1 5.06268E-1 5.11096E-1 5.29905E-1 5.39718E-1 5.54973E-1 5.95364E-1 6.17666E-1 6.58225E-1 7.08448E-1 7.21733E-1 6.98527E-1 6.84154E-1 6.82817E-1 6.83422E-1 6.88028E-1 6.9076E-1 6.75489E-1 6.99116E-1 7.02539E-1 6.81391E-1 6.45227E-1 6.50471E-1 6.55793E-1 6.31329E-1 6.26673E-1 6.04441E-1 5.15047E-1 4.78156E-1 4.59539E-1 4.55927E-1 4.82051E-1 4.91507E-1 4.95505E-1 5.03301E-1 4.41336E-1 3.71316E-1 3.44777E-1 3.14674E-1 2.95411E-1 2.95447E-1 2.9724E-1 3.08202E-1 3.26268E-1 3.34624E-1 3.37464E-1 3.4491E-1
-9999 -9999 9.07554E-1 9.03765E-1 8.85655E-1 8.87227E-1 8.29031E-1 8.55753E-1 8.70633E-1 8.0174E-1 7.1748E-1 7.02297E-1 6.39732E-1 5.59788E-1 6.44873E-1 6.09365E-1 5.10071E-1 4.51359E-1 4.62637E-1 5.38753E-1 5.4152E-1 5.75037E-1 6.17452E-1 6.59083E-1 6.84467E-1 6.70572E-1 6.72185E-1 6.90827E-1 6.90616E-1 7.20241E-1 7.12784E-1 6.97473E-1 7.03904E-1 7.14221E-1 6.98897E-1 6.7299E-1 6.65848E-1 6.57195E-1 6.17938E-1 6.15041E-1 5.76991E-1 5.53363E-1 5.28834E-1 4.97793E-1 5.03021E-1 5.40549E-1 5.48332E-1 5.12311E-1 5.47757E-1 4.99896E-1 4.31865E-1 4.15554E-1 4.16634E-1 3.62321E-1 3.30387E-1 3.32429E-1 3.34919E-1 3.34377E-1 3.32039E-1 3.22568E-1 3.15381E-1
9.29699E-1 9.15163E-1 9.76276E-1 9.28382E-1 9.17211E-1 9.12092E-1 9.06819E-1 9.06357E-1 9.32233E-1 9.09989E-1 8.78023E-1 8.67699E-1 8.25353E-1 8.00654E-1 7.85058E-1 7.64863E-1 6.84382E-1 5.14649E-1 5.10225E-1 6.23264E-1 5.80061E-1 5.55429E-1 6.003E-1 6.48277E-1 6.59427E-1 6.78074E-1 6.89367E-1 6.87147E-1 7.02996E-1 6.98081E-1 6.99318E-1 7.15502E-1 6.49572E-1 6.6185E-1 6.38471E-1 6.24873E-1 6.34724E-1 6.14225E-1 6.37769E-1 6.25436E-1 5.71033E-1 5.51773E-1 5.80034E-1 5.84793E-1 6.05375E-1 6.32688E-1 6.28113E-1 5.4061E-1 5.91824E-1 5.52673E-1 4.93657E-1 4.89872E-1 4.16768E-1 3.90815E-1 3.94526E-1 3.76125E-1 3.83059E-1 3.83317E-1 3.72348E-1 3.53966E-1 3.25121E-1
9.34309E-1 9.04431E-1 -9999 -9999 -9999 -9999 -9999 -9999 9.48974E-1 9.19928E-1 9.02223E-1 8.93358E-1 8.63971E-1 8.46047E-1 8.12473E-1 7.32035E-1 6.89515E-1 6.56759E-1 6.69439E-1 6.98008E-1 6.84165E-1 6.54634E-1 5.93755E-1 6.63172E-1 6.77049E-1 7.10328E-1 7.27442E-1 7.24934E-1 7.35284E-1 7.26218E-1 7.03131E-1 7.14433E-1 6.54657E-1 6.62625E-1 6.65175E-1 6.3616E-1 6.25814E-1 6.37103E-1 6.03742E-1 6.00086E-1 5.75197E-1 5.82165E-1 6.16317E-1 6.19481E-1 6.63203E-1 6.72735E-1 6.53376E-1 5.98179E-1 5.99435E-1 5.89606E-1 5.26833E-1 5.27495E-1 4.46069E-1 4.34913E-1 4.34567E-1 4.30718E-1 4.18797E-1 3.91237E-1 3.90115E-1 3.95586E-1 3.60717E-1
-9999 -9999 -9999 -9999 -9999 -9999 -9999 -9999 9.47652E-1 9.31913E-1 9.13946E-1 9.09824E-1 8.9812E-1 8.09433E-1 7.70375E-1 6.80893E-1 6.56077E-1 6.68349E-1 5.82696E-1 6.76774E-1 7.2262E-1 7.45295E-1 7.22736E-1 6.42357E-1 6.42008E-1 6.86842E-1 7.478E-1 7.35804E-1 7.67785E-1 7.66566E-1 7.23723E-1 7.12215E-1 6.8751E-1 6.87057E-1 6.99025E-1 6.54186E-1 6.52253E-1 6.28989E-1 6.47791E-1 6.51542E-1 6.38442E-1 6.20394E-1 6.12122E-1 6.22082E-1 6.56144E-1 6.74969E-1 6.64439E-1 6.35057E-1 6.29881E-1 6.33638E-1 5.67448E-1 5.71709E-1 5.60147E-1 5.28846E-1 5.36123E-1 4.92159E-1 4.47671E-1 4.19165E-1 3.96006E-1 3.79628E-1 3.65566E-1
-9999 -9999 -9999 -9999 -9999 -9999 -9999 -9999 -9999 -9999 9.48769E-1 9.3787E-1 9.04677E-1 8.86047E-1 8.08169E-1 7.71636E-1 7.21728E-1 6.51703E-1 5.76991E-1 5.66506E-1 6.08669E-1 7.22181E-1 7.42304E-1 7.80374E-1 7.41938E-1 7.02034E-1 6.88241E-1 7.38888E-1 7.45645E-1 7.43511E-1 7.1554E-1 6.74107E-1 7.35058E-1 7.03031E-1 7.02771E-1 6.94386E-1 6.41528E-1 6.2259E-1 6.12439E-1 6.1131E-1 6.59249E-1 6.53921E-1 6.41616E-1 6.76847E-1 6.60462E-1 6.82741E-1 7.03265E-1 6.88444E-1 6.69493E-1 6.5025E-1 6.50733E-1 5.95713E-1 5.74942E-1 5.65938E-1 5.18903E-1 5.18848E-1 4.96699E-1 4.55532E-1 4.08732E-1 3.72883E-1 3.68797E-1
-9999 -9999 -9999 -9999 9.85659E-1 -9999 -9999 9.58973E-1 9.46772E-1 9.87262E-1 -9999 -9999 9.13276E-1 9.05869E-1 8.84243E-1 8.65093E-1 8.11274E-1 6.87556E-1 6.12799E-1 6.08762E-1 6.93774E-1 7.22887E-1 7.6297E-1 8.30795E-1 7.88857E-1 7.68458E-1 7.20904E-1 7.10274E-1 7.35642E-1 7.48023E-1 7.22468E-1 7.27671E-1 7.43001E-1 6.84918E-1 7.03296E-1 6.88173E-1 6.9194E-1 6.6034E-1 6.61524E-1 6.59838E-1 6.31737E-1 6.55345E-1 6.31489E-1 6.21266E-1 6.40309E-1 6.6694E-1 6.97323E-1 6.97739E-1 6.72473E-1 6.54791E-1 6.53952E-1 6.34134E-1 5.67945E-1 5.4635E-1 5.55469E-1 5.44742E-1 5.24074E-1 4.85164E-1 4.49548E-1 4.09809E-1 3.56219E-1
-9999 9.38777E-1 9.0183E-1 -9999 -9999 -9999 -9999 -9999 9.47786E-1 9.60615E-1 -9999 -9999 -9999 -9999 9.11957E-1 8.78168E-1 8.36356E-1 7.43444E-1 6.32648E-1 5.92321E-1 7.05545E-1 7.57859E-1 7.87267E-1 7.78909E-1 8.22293E-1 8.00345E-1 7.61045E-1 7.39932E-1 7.24147E-1 7.41063E-1 7.53245E-1 7.53704E-1 7.46931E-1 7.24701E-1 7.21924E-1 7.34041E-1 7.10082E-1 6.91847E-1 6.74233E-1 6.81954E-1 6.78151E-1 6.70174E-1 6.59858E-1 6.66465E-1 6.52818E-1 6.89389E-1 6.71649E-1 6.53724E-1 6.38711E-1 6.00452E-1 6.09289E-1 6.61846E-1 6.4343E-1 5.88928E-1 5.48876E-1 5.53524E-1 5.1898E-1 5.10145E-1 4.95038E-1 4.05362E-1 4.03307E-1
-9999 -9999 -9999 -9999 -9999 -9999 -9999 9.72047E-1 -9999 -9999 -9999 -9999 -9999 -9999 9.46834E-1 9.16618E-1 8.78411E-1 7.96119E-1 7.18777E-1 6.35377E-1 6.60453E-1 7.25622E-1 7.92891E-1 7.69874E-1 7.76787E-1 7.31862E-1 6.98611E-1 7.46202E-1 7.5646E-1 7.50112E-1 7.70061E-1 7.81778E-1 7.65135E-1 7.43727E-1 7.51635E-1 7.30165E-1 7.21635E-1 7.17545E-1 6.83844E-1 6.77269E-1 6.87474E-1 6.77014E-1 6.82176E-1 6.84332E-1 6.70117E-1 6.51016E-1 6.42799E-1 6.11575E-1 6.26965E-1 6.09686E-1 6.03045E-1 6.4348E-1 6.38604E-1 6.37282E-1 6.1816E-1 5.86403E-1 5.3037E-1 5.29478E-1 5.05028E-1 4.97006E-1 4.78382E-1
-9999 -9999 -9999 -9999 -9999 -9999 -9999 9.59812E-1 9.51598E-1 -9999 -9999 -9999 -9999 -9999 -9999 9.26719E-1 8.93241E-1 8.62798E-1 7.87363E-1 6.20385E-1 6.53057E-1 7.57164E-1 8.0104E-1 7.89678E-1 7.73377E-1 6.96455E-1 6.83759E-1 7.11427E-1 7.35676E-1 7.46707E-1 7.54692E-1 7.81372E-1 7.69189E-1 7.53591E-1 7.55304E-1 7.3614E-1 6.97334E-1 6.79893E-1 6.65754E-1 6.74521E-1 6.75871E-1 6.26886E-1 6.67621E-1 6.80104E-1 6.856E-1 6.57239E-1 6.38556E-1 5.88126E-1 6.12826E-1 5.85312E-1 5.92067E-1 6.09546E-1 5.96061E-1 5.8453E-1 5.95445E-1 5.79964E-1 5.41221E-1 5.28571E-1 5.08096E-1 4.73687E-1 4.89883E-1
-9999 -9999 -9999 -9999 -9999 -9999 -9999 -9999 9.58758E-1 -9999 -9999 -9999 -9999 -9999 -9999 9.50476E-1 9.21035E-1 8.83173E-1 8.13539E-1 6.97699E-1 6.26854E-1 6.48023E-1 7.67954E-1 8.21295E-1 7.70582E-1 7.21241E-1 6.82889E-1 6.93121E-1 7.15215E-1 7.44018E-1 7.48938E-1 7.07138E-1 7.47198E-1 7.80369E-1 7.19393E-1 6.69744E-1 6.96507E-1 6.87056E-1 6.85186E-1 6.74959E-1 6.66393E-1 6.6041E-1 6.97762E-1 6.8549E-1 6.71912E-1 6.3817E-1 6.68789E-1 6.17605E-1 6.05308E-1 5.84862E-1 6.23192E-1 6.03665E-1 6.02333E-1 5.85407E-1 5.81925E-1 5.71425E-1 5.43389E-1 5.03051E-1 4.8969E-1 4.69239E-1 4.93013E-1
-9999 -9999 -9999 -9999 -9999 -9999 -9999 -9999 -9999 -9999 -9999 -9999 -9999 -9999 -9999 -9999 9.32899E-1 9.04934E-1 8.3408E-1 7.47401E-1 6.11371E-1 5.70432E-1 6.3474E-1 8.07473E-1 8.25866E-1 7.88522E-1 7.52932E-1 6.90772E-1 6.70313E-1 6.51449E-1 6.6287E-1 7.07045E-1 7.57168E-1 7.48543E-1 7.19573E-1 7.02952E-1 6.92454E-1 7.01592E-1 6.89903E-1 6.90347E-1 7.01337E-1 6.84852E-1 6.90964E-1 6.71396E-1 6.47886E-1 6.1838E-1 6.37691E-1 6.30917E-1 6.30439E-1 6.08043E-1 6.17968E-1 6.07029E-1 6.22126E-1 5.75993E-1 5.63528E-1 5.631E-1 5.49736E-1 4.99331E-1 4.53895E-1 4.64722E-1 4.88435E-1
-9999 -9999 -9999 -9999 -9999 -9999 -9999 -9999 -9999 -9999 -9999 -9999 -9999 -9999 -9999 9.85646E-1 9.28578E-1 9.11327E-1 8.46311E-1 7.69172E-1 6.76038E-1 5.85935E-1 5.55566E-1 6.46109E-1 8.26652E-1 8.28985E-1 7.97338E-1 7.2179E-1 6.42309E-1 6.43879E-1 7.42196E-1 7.32961E-1 7.33075E-1 7.23847E-1 6.87147E-1 6.89842E-1 6.92795E-1 6.89373E-1 6.92885E-1 6.96881E-1 7.0331E-1 6.9956E-1 6.73697E-1 6.52004E-1 6.30048E-1 6.21878E-1 6.38435E-1 6.31721E-1 6.23303E-1 6.51081E-1 6.51241E-1 6.02363E-1 6.38374E-1 6.27463E-1 5.4093E-1 5.70392E-1 5.39449E-1 5.32802E-1 4.85999E-1 4.49165E-1 4.86113E-1
-9999 -9999 -9999 -9999 -9999 -9999 -9999 -9999 -9999 -9999 -9999 -9999 -9999 -9999 -9999 -9999 9.28021E-1 9.28743E-1 8.65286E-1 7.87073E-1 7.18138E-1 6.34881E-1 5.47112E-1 6.47787E-1 8.40278E-1 8.17615E-1 8.69375E-1 7.72481E-1 6.72657E-1 6.72542E-1 7.24271E-1 7.33047E-1 7.27425E-1 6.97599E-1 7.20534E-1 6.8018E-1 7.01378E-1 6.75623E-1 6.89772E-1 6.66702E-1 6.76608E-1 6.77842E-1 6.43651E-1 6.2245E-1 5.84358E-1 6.13738E-1 6.25834E-1 6.26157E-1 6.37989E-1 6.13252E-1 6.4677E-1 6.1236E-1 6.58122E-1 6.75503E-1 6.40909E-1 5.62959E-1 5.55687E-1 5.22166E-1 5.04039E-1 4.64966E-1 4.6305E-1
-9999 -9999 -9999 -9999 -9999 -9999 -9999 -9999 -9999 -9999 -9999 -9999 -9999 -9999 -9999 -9999 -9999 9.26142E-1 9.01326E-1 8.34614E-1 7.60467E-1 6.74983E-1 6.01258E-1 5.63655E-1 8.43656E-1 8.37164E-1 8.54249E-1 8.41924E-1 7.72E-1 7.43662E-1 7.46553E-1 7.4002E-1 7.56313E-1 7.5388E-1 7.18048E-1 7.30056E-1 7.16491E-1 6.77551E-1 6.80519E-1 6.9676E-1 6.64138E-1 6.84422E-1 6.41436E-1 6.17248E-1 5.78786E-1 6.12951E-1 6.36313E-1 6.26265E-1 6.32913E-1 6.12571E-1 6.27594E-1 5.84825E-1 6.01701E-1 6.07999E-1 5.9213E-1 5.8813E-1 5.71493E-1 5.37173E-1 5.31276E-1 4.75854E-1 4.43867E-1
-9999 -9999 -9999 -9999 -9999 -9999 -9999 -9999 -9999 -9999 -9999 -9999 -9999 -9999 -9999 -9999 -9999 9.28808E-1 9.22407E-1 9.12177E-1 8.2413E-1 7.04273E-1 6.33801E-1 5.72565E-1 7.69884E-1 8.72834E-1 8.80196E-1 8.62015E-1 8.51616E-1 8.06485E-1 7.90568E-1 7.75202E-1 7.63806E-1 7.73761E-1 7.38591E-1 7.17117E-1 7.17817E-1 7.07974E-1 6.93599E-1 6.71989E-1 6.99883E-1 6.79169E-1 6.44216E-1 6.35711E-1 6.2464E-1 5.96161E-1 5.85774E-1 6.04195E-1 6.00665E-1 6.22898E-1 5.90586E-1 5.95803E-1 6.08874E-1 5.85514E-1 5.92153E-1 5.72395E-1 5.52117E-1 5.2085E-1 5.19974E-1 5.33597E-1 4.8021E-1
-9999 -9999 -9999 -9999 -9999 -9999 -9999 -9999 -9999 -9999 -9999 -9999 -9999 -9999 -9999 -9999 -9999 -9999 9.58767E-1 9.06009E-1 8.58407E-1 7.502E-1 6.61352E-1 5.98581E-1 6.30185E-1 8.25226E-1 8.88062E-1 8.48489E-1 8.9823E-1 8.64343E-1 8.483E-1 8.35271E-1 7.90883E-1 7.78296E-1 7.59482E-1 7.40011E-1 7.32425E-1 7.61214E-1 7.38229E-1 6.78297E-1 6.8229E-1 6.80566E-1 6.42113E-1 6.24718E-1 6.01729E-1 6.02025E-1 5.89241E-1 5.85111E-1 5.85448E-1 6.09533E-1 5.77359E-1 5.79335E-1 5.79462E-1 5.75333E-1 5.41207E-1 5.13156E-1 5.62883E-1 5.35547E-1 5.34537E-1 5.4179E-1 5.09392E-1
-9999 -9999 -9999 -9999 -9999 -9999 -9999 -9999 -9999 -9999 -9999 -9999 -9999 -9999 -9999 -9999 -9999 -9999 9.56281E-1 9.17284E-1 8.67048E-1 7.93507E-1 6.91142E-1 6.29532E-1 6.35351E-1 6.67834E-1 8.41516E-1 8.76488E-1 8.86157E-1 8.75438E-1 8.40137E-1 9.33073E-1 8.39719E-1 7.81757E-1 7.69692E-1 8.0284E-1 7.39633E-1 7.24536E-1 7.40259E-1 6.92303E-1 7.00716E-1 6.53522E-1 6.57315E-1 6.05929E-1 5.86554E-1 5.92738E-1 6.1391E-1 5.80557E-1 5.64466E-1 5.96176E-1 5.80115E-1 5.66493E-1 5.91302E-1 5.95193E-1 5.66592E-1 5.06335E-1 5.48889E-1 5.52197E-1 5.30408E-1 5.50651E-1 4.97711E-1
