maxent_outputs/hummingbirds/hummingbird_11.asc
ncols         426
nrows         180
xllcorner     -130.0
yllcorner     24.0
cellsize      0.16666666666666666
NODATA_value  -9999
[rows 27 to 53 of 180, columns 305 to 365 of 426]
3.58128E-2 3.67635E-2 3.70898E-2 3.87084E-2 3.73502E-2 3.67291E-2 3.56424E-2 3.41577E-2 3.44448E-2 3.60529E-2 3.74444E-2 3.72919E-2 3.61207E-2 3.69782E-2 3.74344E-2 3.9261E-2 4.08758E-2 3.82466E-2 3.43271E-2 3.33099E-2 3.1304E-2 2.98297E-2 2.9826E-2 2.9565E-2 2.70126E-2 2.63194E-2 2.54642E-2 2.13775E-2 2.0929E-2 2.08765E-2 1.95799E-2 1.81599E-2 1.83735E-2 1.81021E-2 1.79153E-2 1.54646E-2 1.77003E-2 1.85038E-2 1.93438E-2 2.02105E-2 2.08536E-2 2.34688E-2 2.44443E-2 2.46387E-2 2.15233E-2 2.04779E-2 2.13471E-2 2.30418E-2 1.83191E-2 1.85975E-2 1.67068E-2 1.7832E-2 1.75452E-2 1.68751E-2 1.91223E-2 1.97109E-2 1.96282E-2 2.25621E-2 1.72257E-2 1.63529E-2 1.74641E-2
3.46828E-2 3.5677E-2 3.68128E-2 3.6697E-2 3.50447E-2 3.56323E-2 3.4877E-2 3.46226E-2 3.2929E-2 3.50082E-2 3.8092E-2 3.7923E-2 3.97322E-2 3.841E-2 3.90595E-2 3.63392E-2 3.63767E-2 3.31503E-2 3.1191E-2 2.99074E-2 2.78844E-2 2.77845E-2 2.85521E-2 2.645E-2 2.54025E-2 2.57725E-2 2.38272E-2 2.16476E-2 2.11269E-2 2.07692E-2 2.07735E-2 1.97658E-2 1.96913E-2 1.83252E-2 1.7478E-2 1.8089E-2 1.88979E-2 2.02757E-2 2.18407E-2 2.29611E-2 2.19875E-2 2.3857E-2 2.56773E-2 2.41913E-2 2.18647E-2 1.79597E-2 2.07487E-2 2.29062E-2 1.88494E-2 1.66251E-2 1.45591E-2 1.47349E-2 1.55491E-2 1.51108E-2 1.80519E-2 1.87638E-2 1.77803E-2 1.86858E-2 1.99822E-2 2.20951E-2 2.03029E-2
3.76086E-2 3.69328E-2 3.6148E-2 3.51603E-2 3.50922E-2 3.66279E-2 3.56784E-2 3.36664E-2 3.37231E-2 3.56516E-2 3.76996E-2 4.01182E-2 4.33788E-2 4.6239E-2 3.81226E-2 3.48518E-2 3.18694E-2 3.09637E-2 2.92841E-2 2.80338E-2 2.68799E-2 2.68942E-2 2.63216E-2 2.59094E-2 2.44453E-2 2.27469E-2 2.30945E-2 2.15891E-2 2.05228E-2 1.95557E-2 2.05106E-2 1.96029E-2 1.95332E-2 1.88884E-2 1.84812E-2 2.00321E-2 2.27205E-2 2.41024E-2 2.44469E-2 2.48086E-2 2.43969E-2 2.53323E-2 2.61991E-2 2.59076E-2 2.47925E-2 2.30584E-2 2.0344E-2 2.16406E-2 2.19984E-2 1.77341E-2 1.5033E-2 1.38401E-2 1.45092E-2 1.50968E-2 1.50946E-2 1.60533E-2 1.72002E-2 1.76738E-2 1.79714E-2 2.12146E-2 2.39387E-2
3.5313E-2 3.6585E-2 3.52168E-2 3.85254E-2 3.77635E-2 3.37196E-2 3.37405E-2 3.29183E-2 3.27673E-2 3.54521E-2 3.57483E-2 3.5758E-2 3.81087E-2 3.67831E-2 3.35129E-2 3.17266E-2 3.00038E-2 3.04277E-2 2.77324E-2 2.80549E-2 2.84256E-2 2.7831E-2 2.63683E-2 2.48587E-2 2.29113E-2 2.23118E-2 2.18337E-2 2.07614E-2 2.11421E-2 2.03213E-2 1.96344E-2 1.8731E-2 1.79855E-2 1.70207E-2 1.88262E-2 2.09427E-2 2.28109E-2 2.72595E-2 2.86187E-2 2.54652E-2 2.4869E-2 2.73757E-2 2.93591E-2 2.97009E-2 2.77685E-2 2.72374E-2 2.57939E-2 2.09533E-2 2.00585E-2 1.31916E-2 1.29795E-2 1.27047E-2 1.4815E-2 1.36434E-2 1.44491E-2 1.45028E-2 1.76925E-2 1.9383E-2 2.27251E-2 2.33957E-2 2.8682E-2
3.3395E-2 3.69537E-2 3.44334E-2 3.43101E-2 3.35359E-2 3.2599E-2 3.24706E-2 3.31955E-2 3.31865E-2 3.20006E-2 3.10833E-2 3.06276E-2 3.42689E-2 3.73205E-2 2.98942E-2 2.82382E-2 2.80774E-2 2.80489E-2 2.83146E-2 2.8608E-2 2.99379E-2 2.76898E-2 2.60782E-2 2.52911E-2 2.54532E-2 2.41155E-2 2.47223E-2 2.54673E-2 2.14956E-2 2.1362E-2 1.92976E-2 1.96789E-2 1.71806E-2 1.56698E-2 1.70656E-2 1.78078E-2 2.09285E-2 2.51606E-2 3.33697E-2 3.22467E-2 2.96433E-2 3.49692E-2 4.085E-2 3.53232E-2 3.28461E-2 2.71444E-2 2.52957E-2 2.24148E-2 2.04337E-2 1.38507E-2 1.22423E-2 1.20117E-2 1.19828E-2 1.12226E-2 1.41291E-2 1.55861E-2 1.98024E-2 2.35551E-2 2.61602E-2 2.84047E-2 3.1237E-2
3.24246E-2 3.42146E-2 3.66859E-2 3.45545E-2 3.06701E-2 2.95747E-2 2.951E-2 2.82358E-2 3.078E-2 3.33527E-2 2.74516E-2 2.62829E-2 3.25286E-2 2.79973E-2 2.67427E-2 2.93083E-2 3.03903E-2 2.84193E-2 2.92686E-2 3.13875E-2 3.0605E-2 2.85839E-2 2.58182E-2 2.79676E-2 2.82345E-2 2.74967E-2 2.74856E-2 2.71905E-2 2.43495E-2 2.06952E-2 2.33276E-2 2.12602E-2 1.90424E-2 1.59184E-2 1.62737E-2 1.71714E-2 1.771E-2 2.15896E-2 2.53657E-2 2.99182E-2 3.18352E-2 4.67561E-2 6.60521E-2 6.33104E-2 4.12499E-2 2.87006E-2 2.70975E-2 2.43562E-2 2.48717E-2 2.16254E-2 1.66277E-2 1.28881E-2 1.15156E-2 1.17617E-2 1.53267E-2 1.75311E-2 1.85763E-2 2.3071E-2 3.1525E-2 3.47481E-2 3.71493E-2
3.52029E-2 3.31228E-2 3.01623E-2 3.37189E-2 3.49153E-2 3.54621E-2 3.40179E-2 3.25861E-2 3.38947E-2 3.1043E-2 2.60104E-2 2.40112E-2 2.73389E-2 2.52488E-2 2.58985E-2 2.92732E-2 2.97571E-2 2.72154E-2 2.60297E-2 2.64748E-2 2.69688E-2 2.81667E-2 2.89023E-2 2.95149E-2 2.87845E-2 2.33306E-2 2.32415E-2 2.44395E-2 2.43827E-2 2.71599E-2 2.71121E-2 2.25684E-2 2.1157E-2 1.79531E-2 1.60202E-2 1.75184E-2 1.87711E-2 2.15577E-2 2.18656E-2 2.25368E-2 2.59446E-2 2.9935E-2 3.71403E-2 4.05902E-2 3.20017E-2 2.935E-2 2.95775E-2 2.91986E-2 2.79758E-2 3.3419E-2 3.41716E-2 2.88354E-2 2.45253E-2 1.72729E-2 1.78742E-2 2.26295E-2 2.38712E-2 2.725E-2 3.51126E-2 3.90157E-2 -9999
3.52827E-2 3.74383E-2 3.38213E-2 3.36324E-2 3.68406E-2 3.56965E-2 3.61316E-2 3.20317E-2 3.29502E-2 3.25E-2 3.05333E-2 2.58565E-2 2.31986E-2 2.39363E-2 2.61956E-2 2.57303E-2 2.69909E-2 2.62549E-2 2.69447E-2 2.53587E-2 2.72052E-2 2.75579E-2 2.67018E-2 2.67359E-2 2.5166E-2 2.1699E-2 2.03776E-2 2.14272E-2 2.15333E-2 2.28069E-2 2.48561E-2 2.42975E-2 2.13663E-2 1.91692E-2 1.76558E-2 1.81942E-2 1.94806E-2 2.52566E-2 2.23422E-2 2.16212E-2 2.15691E-2 2.38802E-2 2.29659E-2 2.39034E-2 2.35908E-2 2.33699E-2 2.40504E-2 2.32266E-2 2.26845E-2 2.66862E-2 2.48423E-2 2.40388E-2 2.2303E-2 2.80222E-2 3.56452E-2 3.93584E-2 2.91021E-2 3.30438E-2 3.45581E-2 -9999 4.34075E-2
3.47771E-2 3.75126E-2 3.30293E-2 2.88862E-2 2.81187E-2 2.8314E-2 3.13519E-2 3.43337E-2 3.15182E-2 2.69966E-2 2.76214E-2 2.82418E-2 2.76921E-2 2.58088E-2 2.58279E-2 2.6077E-2 2.49063E-2 2.41715E-2 2.54912E-2 2.78721E-2 2.66555E-2 2.65826E-2 2.80301E-2 2.5364E-2 1.98726E-2 1.88995E-2 2.03496E-2 2.03019E-2 2.04031E-2 2.07524E-2 2.37628E-2 2.72666E-2 2.49421E-2 2.15387E-2 2.19089E-2 2.12912E-2 2.29653E-2 2.42948E-2 2.38088E-2 2.13627E-2 2.01771E-2 1.94711E-2 1.77029E-2 2.01028E-2 1.97807E-2 1.81846E-2 1.74759E-2 1.51901E-2 1.55092E-2 1.58345E-2 1.65852E-2 1.72583E-2 1.47763E-2 1.9661E-2 2.87158E-2 3.44683E-2 4.09775E-2 5.25539E-2 5.42089E-2 3.34921E-2 2.81947E-2
3.78499E-2 3.43582E-2 3.24617E-2 3.02169E-2 2.94555E-2 2.83263E-2 2.79248E-2 2.69666E-2 2.69518E-2 2.55697E-2 2.4353E-2 2.69496E-2 2.67913E-2 2.68743E-2 2.59986E-2 2.75297E-2 2.74805E-2 2.75326E-2 2.63869E-2 2.63534E-2 2.6062E-2 2.57254E-2 2.58631E-2 2.39313E-2 2.03484E-2 1.90657E-2 2.11387E-2 1.9976E-2 2.01605E-2 2.04923E-2 2.39448E-2 2.689E-2 2.91123E-2 2.7097E-2 2.55615E-2 2.33015E-2 2.54753E-2 2.55619E-2 2.65106E-2 2.4024E-2 2.17154E-2 1.98268E-2 1.75819E-2 1.6392E-2 1.70405E-2 1.31427E-2 1.13718E-2 9.85373E-3 7.79294E-3 8.70365E-3 1.03926E-2 1.17253E-2 1.81202E-2 1.88347E-2 2.7861E-2 3.63996E-2 4.59213E-2 4.60064E-2 3.53105E-2 2.53901E-2 2.39729E-2
3.57369E-2 3.42385E-2 3.03533E-2 2.72267E-2 3.01009E-2 3.19106E-2 2.88458E-2 2.66296E-2 2.58192E-2 2.53481E-2 2.62993E-2 2.56709E-2 2.50684E-2 2.45311E-2 2.42858E-2 2.55131E-2 2.71895E-2 2.68341E-2 2.60419E-2 2.51194E-2 2.52146E-2 2.46419E-2 2.4501E-2 2.17304E-2 1.98124E-2 1.98572E-2 2.00519E-2 1.92786E-2 1.94687E-2 2.06355E-2 2.33634E-2 2.72112E-2 2.67604E-2 2.68246E-2 2.69653E-2 2.70334E-2 2.58614E-2 2.65262E-2 2.576E-2 2.42444E-2 2.09449E-2 1.80472E-2 1.72646E-2 1.6095E-2 1.34465E-2 1.05554E-2 8.13203E-3 7.41627E-3 5.95275E-3 6.65814E-3 7.33647E-3 1.15129E-2 3.58017E-2 3.20816E-2 2.90991E-2 4.20825E-2 4.62665E-2 3.118E-2 2.39931E-2 2.0035E-2 2.07242E-2
3.39089E-2 3.03729E-2 3.36317E-2 2.88591E-2 2.66E-2 2.74237E-2 2.85331E-2 2.46583E-2 2.38426E-2 2.50762E-2 2.55651E-2 2.59557E-2 2.57138E-2 2.55066E-2 2.4459E-2 2.585E-2 2.51049E-2 2.3414E-2 2.42072E-2 2.46734E-2 2.40107E-2 2.29921E-2 2.27975E-2 2.18012E-2 2.14594E-2 2.01466E-2 1.89218E-2 1.86773E-2 1.98863E-2 2.07169E-2 2.28829E-2 2.53724E-2 2.31235E-2 2.38802E-2 2.68957E-2 2.56554E-2 2.61576E-2 2.53069E-2 2.50998E-2 2.13332E-2 1.89973E-2 1.89555E-2 1.57653E-2 1.38595E-2 1.02071E-2 7.37584E-3 6.46979E-3 5.88435E-3 5.49814E-3 6.29606E-3 7.50731E-3 2.57269E-2 3.07861E-2 3.77919E-2 6.35266E-2 4.83902E-2 3.41174E-2 2.26073E-2 1.8213E-2 2.02695E-2 2.329E-2
3.06976E-2 2.76336E-2 2.587E-2 2.46272E-2 2.45521E-2 2.60995E-2 2.55733E-2 2.3867E-2 2.40463E-2 2.41608E-2 2.38488E-2 2.57294E-2 2.51209E-2 2.60303E-2 2.56638E-2 2.65939E-2 2.46868E-2 2.2385E-2 2.44736E-2 2.4323E-2 2.37065E-2 2.28181E-2 2.19406E-2 2.01017E-2 2.11321E-2 1.96216E-2 1.93425E-2 2.11659E-2 2.39312E-2 2.5078E-2 2.09549E-2 2.30575E-2 2.21344E-2 2.18532E-2 2.44133E-2 2.69906E-2 2.90245E-2 2.55134E-2 2.65164E-2 2.23569E-2 2.05192E-2 1.86265E-2 1.57755E-2 1.24904E-2 8.90479E-3 7.07153E-3 7.14902E-3 5.83112E-3 5.17303E-3 5.4166E-3 7.59047E-3 2.15816E-2 4.05618E-2 4.68417E-2 5.59635E-2 4.04656E-2 2.97904E-2 2.11647E-2 2.02306E-2 2.36951E-2 2.87799E-2
2.82824E-2 2.76919E-2 2.4706E-2 2.35381E-2 2.30292E-2 2.42562E-2 2.28111E-2 2.23093E-2 2.23115E-2 2.31585E-2 2.17058E-2 2.33001E-2 2.32075E-2 2.32222E-2 2.34857E-2 2.64845E-2 2.32084E-2 2.21952E-2 2.31656E-2 2.30469E-2 2.22405E-2 2.33077E-2 2.08987E-2 1.9599E-2 1.94224E-2 1.9886E-2 2.01006E-2 1.95796E-2 2.14215E-2 2.26491E-2 2.11628E-2 2.2518E-2 2.30397E-2 2.31259E-2 2.28234E-2 2.33255E-2 2.62081E-2 2.90591E-2 2.45246E-2 2.14716E-2 2.08068E-2 1.96067E-2 1.46032E-2 1.07235E-2 8.70768E-3 7.28211E-3 8.05652E-3 6.81481E-3 6.60607E-3 7.20919E-3 1.18237E-2 1.53198E-2 -9999 4.92325E-2 3.66334E-2 3.23312E-2 2.43129E-2 2.28631E-2 2.52907E-2 2.86551E-2 2.93329E-2
3.05447E-2 2.80346E-2 2.65656E-2 2.68213E-2 2.55445E-2 2.43707E-2 2.32143E-2 2.34126E-2 2.20447E-2 2.19047E-2 2.15885E-2 2.19003E-2 2.21016E-2 2.23742E-2 2.25875E-2 2.26877E-2 2.32895E-2 2.2835E-2 2.28376E-2 2.48832E-2 2.76751E-2 2.54724E-2 2.51729E-2 2.14162E-2 2.08086E-2 2.03845E-2 1.95822E-2 1.91877E-2 1.8927E-2 2.06201E-2 2.22617E-2 2.45197E-2 2.47579E-2 2.35474E-2 2.24763E-2 2.44E-2 2.49408E-2 2.907E-2 2.54161E-2 2.4952E-2 2.12448E-2 2.08182E-2 1.6979E-2 1.4236E-2 1.11531E-2 1.13629E-2 1.18696E-2 9.34565E-3 1.02504E-2 1.93479E-2 2.47238E-2 7.6093E-2 5.01378E-2 3.14391E-2 2.22636E-2 2.43503E-2 2.68837E-2 2.7843E-2 3.13241E-2 2.95988E-2 3.27967E-2
3.33288E-2 3.51581E-2 3.11913E-2 2.76562E-2 2.5467E-2 2.28895E-2 2.28761E-2 2.50402E-2 2.2628E-2 2.06683E-2 1.99232E-2 2.24896E-2 2.08803E-2 2.07181E-2 2.19316E-2 2.42427E-2 2.31967E-2 2.52741E-2 2.67155E-2 2.98178E-2 3.21213E-2 2.92199E-2 2.54942E-2 2.30797E-2 2.275E-2 1.99404E-2 1.96116E-2 1.90916E-2 1.86221E-2 2.16738E-2 2.31724E-2 2.549E-2 2.49461E-2 2.59877E-2 2.62757E-2 2.58849E-2 2.82825E-2 3.09879E-2 2.7311E-2 2.53943E-2 2.56216E-2 2.66573E-2 2.40235E-2 2.21491E-2 2.02361E-2 2.01572E-2 2.17837E-2 2.14335E-2 3.01652E-2 5.01239E-2 5.30825E-2 4.26469E-2 2.70626E-2 2.19193E-2 2.01845E-2 2.47929E-2 3.36309E-2 3.45998E-2 3.27397E-2 3.22326E-2 3.14703E-2
3.58391E-2 3.56522E-2 3.01787E-2 2.79648E-2 2.60264E-2 2.44664E-2 2.3813E-2 2.34234E-2 2.45664E-2 2.17396E-2 2.23199E-2 2.36034E-2 2.2377E-2 2.30181E-2 2.34486E-2 2.42932E-2 2.83822E-2 3.12328E-2 3.11031E-2 3.7807E-2 3.73899E-2 2.57894E-2 2.41161E-2 2.45114E-2 2.51518E-2 2.07638E-2 2.05698E-2 1.95767E-2 1.88847E-2 2.05062E-2 2.40429E-2 3.03039E-2 2.79324E-2 2.36822E-2 2.62832E-2 2.47334E-2 2.82069E-2 2.66455E-2 2.94659E-2 2.85904E-2 3.1537E-2 3.21562E-2 3.27109E-2 3.22899E-2 3.05615E-2 2.84472E-2 3.1805E-2 3.56542E-2 3.46446E-2 3.82573E-2 3.56376E-2 2.83496E-2 2.07305E-2 1.73719E-2 2.00714E-2 2.41349E-2 3.22941E-2 3.49768E-2 3.57137E-2 3.56208E-2 3.01133E-2
3.72925E-2 3.87245E-2 3.15232E-2 2.64461E-2 2.82301E-2 2.72357E-2 2.52579E-2 2.50225E-2 2.48031E-2 2.3251E-2 2.39652E-2 2.71643E-2 2.75264E-2 2.5309E-2 2.48352E-2 2.68065E-2 2.95809E-2 3.25461E-2 3.30146E-2 3.28847E-2 2.9924E-2 2.6396E-2 2.68393E-2 2.49687E-2 2.58417E-2 2.32502E-2 2.47578E-2 2.13714E-2 2.03976E-2 2.03373E-2 2.16245E-2 2.1489E-2 2.1614E-2 2.2199E-2 2.46859E-2 2.8733E-2 2.93807E-2 2.98752E-2 2.89382E-2 3.1927E-2 3.81581E-2 3.80148E-2 3.729E-2 3.46016E-2 3.46516E-2 3.0194E-2 3.04004E-2 3.12746E-2 3.26665E-2 3.50865E-2 3.55223E-2 2.08302E-2 1.53658E-2 1.90785E-2 2.16425E-2 2.67095E-2 3.09267E-2 3.26764E-2 3.35817E-2 3.37672E-2 3.35437E-2
3.62392E-2 3.81487E-2 3.85874E-2 2.99985E-2 2.83057E-2 2.71587E-2 2.58914E-2 2.82743E-2 2.79811E-2 2.52485E-2 2.84967E-2 3.07498E-2 3.31932E-2 3.15482E-2 2.8079E-2 2.79638E-2 3.19974E-2 3.20648E-2 3.48973E-2 3.37296E-2 3.1404E-2 2.93157E-2 2.693E-2 2.36367E-2 2.59001E-2 2.76417E-2 2.91983E-2 2.12406E-2 1.81053E-2 1.73489E-2 1.80577E-2 1.9375E-2 1.99556E-2 2.43879E-2 3.12901E-2 3.38897E-2 3.30869E-2 3.21826E-2 3.29769E-2 3.68149E-2 4.73248E-2 4.78291E-2 3.5889E-2 3.40271E-2 3.48185E-2 3.15591E-2 2.94758E-2 2.90769E-2 3.03401E-2 3.64531E-2 3.18173E-2 2.83218E-2 2.27013E-2 2.40076E-2 2.51672E-2 2.87963E-2 2.91703E-2 3.45035E-2 3.89507E-2 3.91024E-2 3.6247E-2
4.91637E-2 4.26465E-2 3.78349E-2 3.84088E-2 3.78442E-2 3.63042E-2 3.58654E-2 3.52325E-2 3.34709E-2 3.31107E-2 3.09369E-2 3.26679E-2 3.33623E-2 3.28753E-2 3.23505E-2 3.05226E-2 3.11844E-2 3.2768E-2 3.41649E-2 3.33974E-2 3.11654E-2 2.89584E-2 2.42176E-2 2.38888E-2 2.76453E-2 2.82096E-2 2.95032E-2 2.46204E-2 1.95919E-2 1.49846E-2 1.48768E-2 1.86721E-2 2.36379E-2 3.09343E-2 3.44472E-2 3.71926E-2 3.71077E-2 3.75571E-2 4.28355E-2 4.72353E-2 5.3287E-2 5.26341E-2 4.39997E-2 3.72027E-2 2.96944E-2 2.45215E-2 2.27355E-2 2.20463E-2 2.29834E-2 3.82231E-2 4.10927E-2 3.55462E-2 3.28584E-2 2.94798E-2 2.62715E-2 3.03254E-2 3.01918E-2 4.02841E-2 4.24909E-2 4.36031E-2 4.1183E-2
4.66244E-2 4.16143E-2 3.50173E-2 3.05756E-2 3.42445E-2 3.16263E-2 3.43565E-2 3.63477E-2 3.82392E-2 4.05868E-2 4.44782E-2 3.86881E-2 3.65097E-2 3.36949E-2 3.32367E-2 3.14402E-2 3.13891E-2 3.1357E-2 2.97927E-2 3.15415E-2 3.09005E-2 2.4355E-2 2.34108E-2 2.45885E-2 2.84022E-2 2.78205E-2 2.74011E-2 2.77949E-2 2.05903E-2 1.58623E-2 1.70484E-2 2.30751E-2 3.26727E-2 3.89027E-2 3.83894E-2 4.10946E-2 4.7302E-2 5.07474E-2 4.55496E-2 4.25063E-2 5.06684E-2 5.17012E-2 4.2697E-2 3.28661E-2 2.18945E-2 1.86201E-2 1.86031E-2 1.93093E-2 2.64813E-2 3.37793E-2 3.93683E-2 4.21903E-2 3.90448E-2 3.00091E-2 2.99946E-2 2.8872E-2 3.28166E-2 3.75835E-2 4.30743E-2 4.05411E-2 3.79524E-2
4.13388E-2 3.47261E-2 3.20663E-2 3.13476E-2 3.22526E-2 3.58961E-2 3.76105E-2 3.78843E-2 4.07974E-2 4.37065E-2 4.55709E-2 4.94484E-2 4.02269E-2 3.68734E-2 3.5836E-2 3.41031E-2 3.44184E-2 3.25403E-2 2.99776E-2 2.81929E-2 2.71781E-2 2.51114E-2 2.14819E-2 2.23408E-2 3.04052E-2 2.76043E-2 2.87196E-2 2.80649E-2 1.94513E-2 1.97548E-2 2.53609E-2 3.25014E-2 4.1571E-2 4.50523E-2 4.50925E-2 4.62693E-2 4.35532E-2 4.50791E-2 4.60458E-2 4.29743E-2 4.4282E-2 4.51826E-2 4.09248E-2 3.04162E-2 2.2518E-2 1.86345E-2 2.28914E-2 2.71558E-2 3.00823E-2 2.74395E-2 3.21259E-2 4.03241E-2 4.3015E-2 3.38308E-2 3.54629E-2 3.63856E-2 3.97566E-2 4.03408E-2 3.91378E-2 4.33625E-2 3.53234E-2
2.97623E-2 2.80112E-2 2.81199E-2 2.94118E-2 3.17681E-2 3.14425E-2 3.25239E-2 3.64937E-2 4.24597E-2 4.07359E-2 4.36322E-2 4.38856E-2 4.21571E-2 3.89588E-2 4.01885E-2 3.8838E-2 3.88648E-2 3.49387E-2 3.1461E-2 2.93451E-2 2.70763E-2 2.85414E-2 2.44495E-2 2.60092E-2 2.76904E-2 2.877E-2 3.22033E-2 2.80255E-2 2.63956E-2 2.75456E-2 3.50791E-2 3.83687E-2 4.421E-2 5.00351E-2 4.72507E-2 4.44782E-2 4.46159E-2 4.58632E-2 4.32038E-2 3.76036E-2 3.77807E-2 3.88352E-2 3.90414E-2 3.46587E-2 3.05767E-2 2.51862E-2 2.75189E-2 2.61586E-2 2.60968E-2 2.20587E-2 2.6778E-2 3.07653E-2 3.00255E-2 3.12115E-2 3.50285E-2 3.78448E-2 4.5275E-2 3.82015E-2 3.22349E-2 3.69867E-2 4.27364E-2
2.65098E-2 2.28431E-2 2.34567E-2 2.53758E-2 2.76292E-2 2.8269E-2 3.21149E-2 3.66003E-2 3.91591E-2 4.38725E-2 4.55205E-2 4.5307E-2 4.4307E-2 4.08246E-2 4.0195E-2 4.26394E-2 4.48681E-2 4.27831E-2 3.74646E-2 3.21143E-2 3.22542E-2 3.40749E-2 3.40777E-2 3.52121E-2 3.58536E-2 3.58343E-2 3.74128E-2 3.76698E-2 4.07059E-2 4.12718E-2 3.79421E-2 4.59321E-2 4.87666E-2 4.91454E-2 4.91736E-2 4.73943E-2 4.69325E-2 4.56178E-2 4.11757E-2 3.69485E-2 3.36383E-2 3.61397E-2 4.14892E-2 4.41178E-2 3.48854E-2 3.29308E-2 2.65688E-2 2.1743E-2 1.85432E-2 2.3016E-2 2.27619E-2 2.70695E-2 3.32518E-2 3.68069E-2 3.22027E-2 3.30646E-2 3.77452E-2 4.1668E-2 2.65747E-2 2.56817E-2 3.2693E-2
2.69995E-2 2.26667E-2 2.25843E-2 2.3459E-2 2.61305E-2 2.86979E-2 3.04873E-2 3.72774E-2 4.09437E-2 3.91396E-2 3.57791E-2 3.70878E-2 4.21478E-2 4.39931E-2 4.37851E-2 4.70081E-2 5.42927E-2 5.31907E-2 4.59815E-2 4.47647E-2 4.78057E-2 4.69823E-2 3.77175E-2 3.67049E-2 3.8095E-2 3.52587E-2 3.58493E-2 3.71552E-2 3.87016E-2 4.32358E-2 4.93805E-2 5.53789E-2 5.46851E-2 5.67802E-2 5.55291E-2 5.38443E-2 4.92507E-2 4.40339E-2 3.88842E-2 3.15611E-2 2.9076E-2 3.06288E-2 4.49248E-2 5.65124E-2 4.63138E-2 3.43024E-2 2.40293E-2 1.95244E-2 1.52466E-2 2.06293E-2 2.37384E-2 1.68185E-2 2.42106E-2 3.11519E-2 2.97174E-2 3.68811E-2 2.98674E-2 3.05299E-2 3.09916E-2 3.20416E-2 3.58502E-2
3.01562E-2 2.70107E-2 2.82854E-2 2.61079E-2 2.6211E-2 2.8149E-2 3.04903E-2 3.34807E-2 3.89862E-2 4.02783E-2 3.98896E-2 4.2078E-2 4.20764E-2 4.82592E-2 5.24244E-2 5.62639E-2 5.67584E-2 5.63058E-2 5.40055E-2 4.73839E-2 4.37464E-2 4.10162E-2 3.82724E-2 3.76997E-2 3.79973E-2 3.47355E-2 3.77621E-2 3.99627E-2 4.24194E-2 4.64873E-2 5.46004E-2 5.6605E-2 5.59664E-2 6.03122E-2 6.59354E-2 6.5882E-2 5.8704E-2 4.83665E-2 4.0661E-2 2.99773E-2 2.54231E-2 3.10697E-2 4.30007E-2 4.65923E-2 3.79615E-2 3.00141E-2 2.45265E-2 1.8881E-2 1.6297E-2 1.47905E-2 1.5875E-2 2.54371E-2 3.17511E-2 3.57888E-2 3.32553E-2 3.10142E-2 2.83207E-2 3.12306E-2 3.57407E-2 3.49258E-2 3.53941E-2
3.26669E-2 3.05997E-2 2.93278E-2 2.82142E-2 2.85775E-2 2.96404E-2 3.34738E-2 3.57263E-2 4.09062E-2 4.04765E-2 4.32021E-2 4.25622E-2 4.75267E-2 5.03058E-2 5.20115E-2 5.22548E-2 5.59987E-2 5.93338E-2 5.77593E-2 5.20079E-2 4.81532E-2 4.21284E-2 4.00432E-2 3.89976E-2 3.90455E-2 4.19967E-2 4.70416E-2 5.23878E-2 5.34991E-2 5.17578E-2 5.45521E-2 5.98168E-2 6.81094E-2 8.50556E-2 9.88548E-2 9.71711E-2 8.35015E-2 5.91272E-2 4.04613E-2 3.04451E-2 2.95119E-2 3.28162E-2 3.50987E-2 3.10121E-2 2.91708E-2 2.92741E-2 3.12256E-2 2.87606E-2 2.20752E-2 2.39217E-2 2.13896E-2 2.24106E-2 2.16785E-2 2.63105E-2 3.22863E-2 3.6819E-2 3.06728E-2 3.28031E-2 3.52737E-2 3.22126E-2 3.49463E-2
