maxent_outputs/hummingbirds/hummingbird_82.asc
ncols         426
nrows         180
xllcorner     -130.0
yllcorner     24.0
cellsize      0.16666666666666666
NODATA_value  -9999
[rows 81 to 107 of 180, columns 244 to 304 of 426]
1.56159E-1 1.57707E-1 1.54338E-1 1.52681E-1 1.52205E-1 1.56408E-1 1.52396E-1 1.50968E-1 1.50679E-1 1.51686E-1 1.5644E-1 1.57633E-1 1.64187E-1 1.71289E-1 1.7291E-1 1.638E-1 1.54148E-1 1.44822E-1 1.36767E-1 1.34838E-1 1.33533E-1 1.32236E-1 1.36535E-1 1.39302E-1 1.37594E-1 1.40221E-1 1.43385E-1 1.44074E-1 1.46155E-1 1.50813E-1 1.47508E-1 1.46578E-1 1.47325E-1 1.45362E-1 1.43493E-1 1.50465E-1 1.52905E-1 1.56209E-1 1.49101E-1 1.38435E-1 1.30837E-1 1.27964E-1 1.32748E-1 1.42941E-1 1.50392E-1 1.39961E-1 1.37006E-1 1.45189E-1 1.49365E-1 1.43361E-1 1.37262E-1 1.40829E-1 1.51874E-1 1.41823E-1 1.39849E-1 1.55104E-1 1.59468E-1 1.42139E-1 1.3064E-1 1.24439E-1 1.15511E-1
1.59405E-1 1.5634E-1 1.54172E-1 1.57689E-1 1.5492E-1 1.56702E-1 1.52621E-1 1.4919E-1 1.51031E-1 1.54025E-1 1.55932E-1 1.60157E-1 1.65929E-1 1.55948E-1 1.56392E-1 1.52278E-1 1.44433E-1 1.36448E-1 1.31536E-1 1.33843E-1 1.33124E-1 1.37143E-1 1.37778E-1 1.40165E-1 1.41696E-1 1.40684E-1 1.38862E-1 1.38674E-1 1.40635E-1 1.45863E-1 1.4928E-1 1.43575E-1 1.44637E-1 1.45349E-1 1.46256E-1 1.51088E-1 1.56697E-1 1.59032E-1 1.60485E-1 1.40452E-1 1.31889E-1 1.29415E-1 1.31158E-1 1.39011E-1 1.48962E-1 1.46622E-1 1.44659E-1 1.42451E-1 1.51389E-1 1.43012E-1 1.37932E-1 1.46136E-1 1.52147E-1 1.43017E-1 1.44176E-1 1.48569E-1 1.55202E-1 1.47329E-1 1.34409E-1 1.18406E-1 1.09954E-1
1.62019E-1 1.56552E-1 1.60641E-1 1.58301E-1 1.53856E-1 1.55218E-1 1.54677E-1 1.5311E-1 1.50973E-1 1.5442E-1 1.57784E-1 1.59719E-1 1.58736E-1 1.51975E-1 1.4906E-1 1.45168E-1 1.39646E-1 1.33828E-1 1.3466E-1 1.40872E-1 1.43615E-1 1.40983E-1 1.41201E-1 1.3724E-1 1.35207E-1 1.31226E-1 1.30258E-1 1.33272E-1 1.39115E-1 1.44659E-1 1.51287E-1 1.47597E-1 1.46151E-1 1.49675E-1 1.45482E-1 1.50939E-1 1.53428E-1 1.64043E-1 1.63095E-1 1.43014E-1 1.3865E-1 1.38704E-1 1.41466E-1 1.45992E-1 1.46079E-1 1.46774E-1 1.51546E-1 1.517E-1 1.46803E-1 1.41189E-1 1.40894E-1 1.50828E-1 1.40438E-1 1.36906E-1 1.42135E-1 1.48163E-1 1.53779E-1 1.4466E-1 1.29594E-1 1.04567E-1 9.41959E-2
1.56902E-1 1.55458E-1 1.57085E-1 1.57022E-1 1.52763E-1 1.54684E-1 1.52753E-1 1.49773E-1 1.49375E-1 1.48213E-1 1.49649E-1 1.59336E-1 1.56309E-1 1.50841E-1 1.43729E-1 1.41963E-1 1.34867E-1 1.33073E-1 1.4186E-1 1.4987E-1 1.44583E-1 1.40157E-1 1.33982E-1 1.31074E-1 1.27691E-1 1.29619E-1 1.3121E-1 1.30362E-1 1.34321E-1 1.38471E-1 1.51401E-1 1.58192E-1 1.56371E-1 1.52487E-1 1.41633E-1 1.5042E-1 1.55515E-1 1.64945E-1 1.67279E-1 1.53702E-1 1.46429E-1 1.42523E-1 1.39988E-1 1.45692E-1 1.52972E-1 1.48751E-1 1.52986E-1 1.5767E-1 1.44392E-1 1.40036E-1 1.42415E-1 1.51195E-1 1.36997E-1 1.35452E-1 1.40191E-1 1.4934E-1 1.52955E-1 1.41704E-1 1.11538E-1 1.02964E-1 9.85895E-2
1.58495E-1 1.55048E-1 1.5465E-1 1.53207E-1 1.55137E-1 1.53106E-1 1.50882E-1 1.53001E-1 1.48635E-1 1.4613E-1 1.49179E-1 1.54976E-1 1.53249E-1 1.53903E-1 1.45944E-1 1.43618E-1 1.39584E-1 1.39462E-1 1.43551E-1 1.44425E-1 1.43385E-1 1.40644E-1 1.36195E-1 1.25619E-1 1.22684E-1 1.28955E-1 1.27077E-1 1.23161E-1 1.33288E-1 1.38759E-1 1.53385E-1 1.56726E-1 1.55843E-1 1.44273E-1 1.36354E-1 1.42848E-1 1.50222E-1 1.59598E-1 1.63916E-1 1.52243E-1 1.50432E-1 1.45218E-1 1.37577E-1 1.42024E-1 1.49468E-1 1.50182E-1 1.53526E-1 1.50506E-1 1.4691E-1 1.41199E-1 1.46341E-1 1.3959E-1 1.29664E-1 1.28058E-1 1.3458E-1 1.47E-1 1.55865E-1 1.19395E-1 1.0142E-1 1.01296E-1 9.2371E-2
1.5934E-1 1.55636E-1 1.51606E-1 1.59121E-1 1.61619E-1 1.56217E-1 1.52616E-1 1.55338E-1 1.49024E-1 1.48309E-1 1.5012E-1 1.58746E-1 1.55236E-1 1.54348E-1 1.52474E-1 1.46232E-1 1.43876E-1 1.49481E-1 1.45249E-1 1.39341E-1 1.42766E-1 1.42578E-1 1.34896E-1 1.26539E-1 1.26286E-1 1.28753E-1 1.25323E-1 1.28583E-1 1.34306E-1 1.4278E-1 1.46319E-1 1.47846E-1 1.44847E-1 1.31074E-1 1.31786E-1 1.39606E-1 1.46688E-1 1.56952E-1 1.57363E-1 1.47381E-1 1.52279E-1 1.48991E-1 1.43106E-1 1.45193E-1 1.41337E-1 1.47906E-1 1.51979E-1 1.50563E-1 1.48294E-1 1.47481E-1 1.44151E-1 1.36835E-1 1.25247E-1 1.23413E-1 1.31636E-1 1.41284E-1 1.33385E-1 1.07655E-1 9.28816E-2 8.90497E-2 8.72295E-2
1.59872E-1 1.553E-1 1.56785E-1 1.59221E-1 1.61803E-1 1.59925E-1 1.55848E-1 1.57392E-1 1.55962E-1 1.58111E-1 1.59985E-1 1.59797E-1 1.5539E-1 1.55855E-1 1.57252E-1 1.5296E-1 1.53668E-1 1.5675E-1 1.46353E-1 1.42263E-1 1.44789E-1 1.43526E-1 1.42779E-1 1.31991E-1 1.32162E-1 1.31747E-1 1.28595E-1 1.34874E-1 1.43352E-1 1.42319E-1 1.44006E-1 1.42716E-1 1.41635E-1 1.41172E-1 1.31749E-1 1.36104E-1 1.43259E-1 1.52089E-1 1.52868E-1 1.50921E-1 1.48959E-1 1.47666E-1 1.47423E-1 1.4456E-1 1.42304E-1 1.4283E-1 1.46136E-1 1.52667E-1 1.46052E-1 1.4362E-1 1.34692E-1 1.33221E-1 1.25164E-1 1.2508E-1 1.35489E-1 1.30687E-1 1.12184E-1 9.70806E-2 8.73434E-2 8.36531E-2 9.15271E-2
1.6413E-1 1.63967E-1 1.63637E-1 1.64044E-1 1.60742E-1 1.63594E-1 1.6477E-1 1.63219E-1 1.61737E-1 1.60113E-1 1.59981E-1 1.57084E-1 1.59343E-1 1.61372E-1 1.61075E-1 1.56481E-1 1.51165E-1 1.53116E-1 1.49399E-1 1.44383E-1 1.45879E-1 1.43647E-1 1.43691E-1 1.41802E-1 1.37366E-1 1.31853E-1 1.37617E-1 1.47937E-1 1.48327E-1 1.46768E-1 1.4549E-1 1.3868E-1 1.36015E-1 1.32054E-1 1.28082E-1 1.36309E-1 1.44914E-1 1.4766E-1 1.52856E-1 1.50276E-1 1.50086E-1 1.49992E-1 1.4824E-1 1.44024E-1 1.38695E-1 1.39463E-1 1.4476E-1 1.40949E-1 1.35821E-1 1.33487E-1 1.26939E-1 1.25542E-1 1.22735E-1 1.27155E-1 1.28939E-1 1.24297E-1 1.10865E-1 9.21653E-2 8.68249E-2 7.98359E-2 8.79068E-2
1.74328E-1 1.74907E-1 1.71393E-1 1.66353E-1 1.69048E-1 1.64442E-1 1.6403E-1 1.63067E-1 1.59822E-1 1.57672E-1 1.59231E-1 1.57171E-1 1.63643E-1 1.60034E-1 1.63488E-1 1.52888E-1 1.45241E-1 1.54654E-1 1.5046E-1 1.48553E-1 1.48549E-1 1.48019E-1 1.49254E-1 1.46127E-1 1.38419E-1 1.39849E-1 1.47653E-1 1.49328E-1 1.52918E-1 1.57604E-1 1.44356E-1 1.41167E-1 1.31356E-1 1.30119E-1 1.32117E-1 1.35053E-1 1.40741E-1 1.45082E-1 1.46664E-1 1.45237E-1 1.48433E-1 1.50746E-1 1.5194E-1 1.46768E-1 1.38665E-1 1.36454E-1 1.32454E-1 1.33198E-1 1.2924E-1 1.2667E-1 1.24939E-1 1.25548E-1 1.22188E-1 1.2251E-1 1.17561E-1 1.08439E-1 1.00222E-1 9.23698E-2 8.61608E-2 7.07247E-2 1.06029E-1
1.84905E-1 1.84165E-1 1.77201E-1 1.73994E-1 1.76034E-1 1.69442E-1 1.63334E-1 1.59994E-1 1.58756E-1 1.58417E-1 1.56414E-1 1.55624E-1 1.60854E-1 1.56844E-1 1.57232E-1 1.49276E-1 1.43425E-1 1.42711E-1 1.41962E-1 1.47616E-1 1.47197E-1 1.49303E-1 1.5001E-1 1.42958E-1 1.39319E-1 1.41481E-1 1.49028E-1 1.52344E-1 1.45722E-1 1.52266E-1 1.49743E-1 1.43068E-1 1.38363E-1 1.3346E-1 1.34381E-1 1.37029E-1 1.4015E-1 1.47368E-1 1.48684E-1 1.46911E-1 1.44571E-1 1.52071E-1 1.49649E-1 1.53163E-1 1.41945E-1 1.33979E-1 1.27503E-1 1.26245E-1 1.25831E-1 1.27201E-1 1.29982E-1 1.27785E-1 1.2681E-1 1.17943E-1 1.05029E-1 9.43407E-2 9.51451E-2 8.35196E-2 8.58532E-2 9.17954E-2 1.51311E-1
2.06531E-1 1.92761E-1 1.86437E-1 1.82035E-1 1.76727E-1 1.72286E-1 1.66061E-1 1.58688E-1 1.57447E-1 1.60399E-1 1.60856E-1 1.56096E-1 1.56453E-1 1.54427E-1 1.48434E-1 1.48397E-1 1.44069E-1 1.39537E-1 1.41085E-1 1.46102E-1 1.53338E-1 1.50493E-1 1.48631E-1 1.42704E-1 1.47153E-1 1.46457E-1 1.51341E-1 1.52069E-1 1.4707E-1 1.53056E-1 1.56491E-1 1.51804E-1 1.48385E-1 1.4615E-1 1.42527E-1 1.47793E-1 1.42382E-1 1.52488E-1 1.60204E-1 1.50288E-1 1.43778E-1 1.49075E-1 1.53992E-1 1.53279E-1 1.40639E-1 1.33677E-1 1.31396E-1 1.2624E-1 1.26603E-1 1.29164E-1 1.2926E-1 1.27359E-1 1.26456E-1 1.0388E-1 8.44864E-2 7.41611E-2 8.10106E-2 6.98158E-2 7.23187E-2 1.15873E-1 1.51348E-1
2.00256E-1 1.9671E-1 1.90025E-1 1.84548E-1 1.76544E-1 1.75823E-1 1.6973E-1 1.62054E-1 1.58423E-1 1.56421E-1 1.57158E-1 1.53964E-1 1.55338E-1 1.55036E-1 1.49191E-1 1.46111E-1 1.4247E-1 1.34859E-1 1.32764E-1 1.38889E-1 1.43858E-1 1.53531E-1 1.45413E-1 1.45383E-1 1.39947E-1 1.42965E-1 1.42527E-1 1.43848E-1 1.46873E-1 1.54012E-1 1.56692E-1 1.54261E-1 1.46492E-1 1.43867E-1 1.44863E-1 1.47288E-1 1.47001E-1 1.44392E-1 1.497E-1 1.5389E-1 1.43564E-1 1.45158E-1 1.50624E-1 1.47635E-1 1.54389E-1 1.46136E-1 1.45803E-1 1.38567E-1 1.34617E-1 1.32288E-1 1.35142E-1 1.22634E-1 1.07282E-1 9.14384E-2 6.86697E-2 6.52379E-2 5.96085E-2 7.09999E-2 8.42079E-2 1.16071E-1 1.38667E-1
1.94065E-1 1.86992E-1 1.80063E-1 1.73693E-1 1.69537E-1 1.73831E-1 1.72479E-1 1.63868E-1 1.58472E-1 1.61896E-1 1.56557E-1 1.56866E-1 1.57469E-1 1.53803E-1 1.51723E-1 1.4429E-1 1.43091E-1 1.40749E-1 1.47864E-1 1.51055E-1 1.56237E-1 1.60224E-1 1.53751E-1 1.44411E-1 1.37267E-1 1.41427E-1 1.54955E-1 1.52608E-1 1.54388E-1 1.55424E-1 1.5308E-1 1.54102E-1 1.53515E-1 1.42322E-1 1.43496E-1 1.3907E-1 1.41251E-1 1.40219E-1 1.46523E-1 1.48304E-1 1.52513E-1 1.53638E-1 1.53457E-1 1.52251E-1 1.64718E-1 1.73608E-1 1.71413E-1 1.5367E-1 1.40202E-1 1.3522E-1 1.24193E-1 9.98357E-2 8.7818E-2 7.56257E-2 5.88262E-2 5.93854E-2 6.97004E-2 7.39416E-2 8.83991E-2 1.15671E-1 1.1921E-1
1.83807E-1 1.78088E-1 1.76487E-1 1.65529E-1 1.60602E-1 1.6476E-1 1.66584E-1 1.62799E-1 1.62152E-1 1.52066E-1 1.51989E-1 1.55473E-1 1.5854E-1 1.54715E-1 1.48824E-1 1.47076E-1 1.49732E-1 1.57418E-1 1.68534E-1 1.68863E-1 1.73874E-1 1.83172E-1 1.66659E-1 1.52318E-1 1.46657E-1 1.47475E-1 1.63432E-1 1.63755E-1 1.61236E-1 1.58169E-1 1.57447E-1 1.54752E-1 1.51508E-1 1.4805E-1 1.42496E-1 1.40527E-1 1.37041E-1 1.45229E-1 1.47667E-1 1.51072E-1 1.55169E-1 1.54711E-1 1.55711E-1 1.55469E-1 1.6014E-1 1.66343E-1 1.6728E-1 1.51409E-1 1.38619E-1 1.35866E-1 1.19613E-1 9.67283E-2 8.2228E-2 6.31775E-2 5.87943E-2 7.71361E-2 8.29108E-2 9.07447E-2 1.17836E-1 1.27405E-1 1.45007E-1
1.81534E-1 1.69693E-1 1.75996E-1 1.54859E-1 1.50995E-1 1.51579E-1 1.57814E-1 1.56957E-1 1.57221E-1 1.48738E-1 1.52616E-1 1.53765E-1 1.53362E-1 1.54898E-1 1.52614E-1 1.57808E-1 1.61738E-1 1.7017E-1 1.84051E-1 1.86942E-1 1.9941E-1 1.881E-1 1.73006E-1 1.66313E-1 1.63495E-1 1.63656E-1 1.68147E-1 1.71458E-1 1.72674E-1 1.67381E-1 1.6219E-1 1.59517E-1 1.53681E-1 1.50778E-1 1.46229E-1 1.45067E-1 1.38557E-1 1.43649E-1 1.47329E-1 1.56319E-1 1.63196E-1 1.56643E-1 1.53496E-1 1.5633E-1 1.49403E-1 1.49643E-1 1.44746E-1 1.35168E-1 1.33263E-1 1.27349E-1 1.0736E-1 8.44483E-2 6.93584E-2 7.63529E-2 8.95379E-2 8.62796E-2 1.04357E-1 1.16675E-1 1.38825E-1 1.44757E-1 1.43967E-1
1.73716E-1 1.69264E-1 1.63565E-1 1.54234E-1 1.49448E-1 1.49778E-1 1.52099E-1 1.63037E-1 1.64422E-1 1.56747E-1 1.65397E-1 1.60622E-1 1.53462E-1 1.51093E-1 1.5448E-1 1.64812E-1 1.70203E-1 1.71029E-1 1.7579E-1 1.9678E-1 2.1138E-1 2.00982E-1 1.88175E-1 1.75541E-1 1.74433E-1 1.74634E-1 1.73303E-1 1.79405E-1 1.76626E-1 1.76747E-1 1.73318E-1 1.74132E-1 1.72328E-1 1.57407E-1 1.44747E-1 1.41035E-1 1.4692E-1 1.49912E-1 1.54841E-1 1.59812E-1 1.67818E-1 1.65233E-1 1.51027E-1 1.51471E-1 1.41167E-1 1.30796E-1 1.24107E-1 1.17784E-1 1.18916E-1 1.2344E-1 9.82792E-2 9.21408E-2 9.76535E-2 1.06589E-1 1.04001E-1 1.13157E-1 1.20876E-1 1.45718E-1 1.4107E-1 1.61527E-1 1.40941E-1
1.73855E-1 1.69638E-1 1.58405E-1 1.51149E-1 1.48906E-1 1.53409E-1 1.64909E-1 1.80093E-1 1.75835E-1 1.69237E-1 1.65775E-1 1.63998E-1 1.55293E-1 1.52207E-1 1.58461E-1 1.6264E-1 1.63897E-1 1.61427E-1 1.70643E-1 1.84875E-1 1.88631E-1 1.93072E-1 1.98241E-1 1.8845E-1 1.75984E-1 1.72636E-1 1.72896E-1 1.7907E-1 1.88701E-1 1.81255E-1 1.73442E-1 1.81343E-1 1.80289E-1 1.63822E-1 1.55552E-1 1.52649E-1 1.57384E-1 1.62041E-1 1.64155E-1 1.69852E-1 1.63427E-1 1.6674E-1 1.60511E-1 1.4295E-1 1.35514E-1 1.25079E-1 1.18321E-1 1.18063E-1 1.1774E-1 1.09411E-1 1.21498E-1 1.19695E-1 1.29867E-1 1.1743E-1 1.15275E-1 1.46613E-1 1.45679E-1 1.60982E-1 1.55625E-1 1.75019E-1 1.39495E-1
1.60575E-1 1.56507E-1 1.55156E-1 1.55154E-1 1.59287E-1 1.66663E-1 1.79633E-1 1.90084E-1 1.81534E-1 1.7661E-1 1.76987E-1 1.79161E-1 1.77193E-1 1.69209E-1 1.69416E-1 1.67201E-1 1.65132E-1 1.62342E-1 1.6581E-1 1.77671E-1 1.8253E-1 1.74402E-1 1.85707E-1 1.81921E-1 1.76627E-1 1.75641E-1 1.74936E-1 1.74433E-1 1.84852E-1 1.7722E-1 1.73427E-1 1.76653E-1 1.75924E-1 1.71506E-1 1.70549E-1 1.6825E-1 1.64311E-1 1.58911E-1 1.66433E-1 1.74391E-1 1.7517E-1 1.66125E-1 1.58363E-1 1.47961E-1 1.37717E-1 1.33916E-1 1.26095E-1 1.25346E-1 1.17881E-1 1.15343E-1 1.40873E-1 1.50521E-1 1.42585E-1 1.22684E-1 1.30343E-1 1.49444E-1 1.83033E-1 1.78316E-1 1.7088E-1 1.69784E-1 1.79439E-1
1.53037E-1 1.4861E-1 1.61193E-1 1.63663E-1 1.65499E-1 1.78436E-1 1.83261E-1 1.87851E-1 1.87094E-1 1.83879E-1 1.80048E-1 1.832E-1 1.89671E-1 1.90823E-1 1.85393E-1 1.79844E-1 1.7465E-1 1.65238E-1 1.68219E-1 1.82686E-1 1.86884E-1 1.80191E-1 1.76422E-1 1.757E-1 1.78878E-1 1.78541E-1 1.75274E-1 1.7737E-1 1.7652E-1 1.74595E-1 1.71166E-1 1.7086E-1 1.66704E-1 1.76203E-1 1.77902E-1 1.75876E-1 1.61222E-1 1.58982E-1 1.67804E-1 1.73335E-1 1.73546E-1 1.67963E-1 1.54596E-1 1.44312E-1 1.35844E-1 1.34504E-1 1.3153E-1 1.29923E-1 1.23756E-1 1.33374E-1 1.51035E-1 1.57933E-1 1.24291E-1 1.36657E-1 1.45273E-1 1.69544E-1 1.89958E-1 1.84981E-1 1.74241E-1 1.81584E-1 1.86066E-1
1.6037E-1 1.60579E-1 1.67806E-1 1.68125E-1 1.7384E-1 1.78934E-1 1.8357E-1 1.81077E-1 1.88812E-1 1.87162E-1 1.81613E-1 1.90262E-1 1.94361E-1 1.97744E-1 1.97561E-1 1.89751E-1 1.84596E-1 1.81213E-1 1.83395E-1 1.91465E-1 1.96173E-1 1.91E-1 1.82277E-1 1.7906E-1 1.92214E-1 1.85803E-1 1.84855E-1 1.76147E-1 1.714E-1 1.77798E-1 1.88835E-1 1.79482E-1 1.75411E-1 1.79552E-1 1.73117E-1 1.72709E-1 1.611E-1 1.62376E-1 1.68177E-1 1.64471E-1 1.58991E-1 1.57215E-1 1.49938E-1 1.41493E-1 1.30556E-1 1.25097E-1 1.30418E-1 1.26218E-1 1.28759E-1 1.40363E-1 1.46985E-1 1.62296E-1 1.66227E-1 1.63253E-1 1.73435E-1 1.85191E-1 1.98516E-1 1.93142E-1 1.87127E-1 1.80538E-1 1.75055E-1
1.77759E-1 1.74956E-1 1.64736E-1 1.7595E-1 1.82923E-1 1.86361E-1 1.88622E-1 1.93581E-1 1.87916E-1 1.80939E-1 1.76658E-1 1.80294E-1 1.92245E-1 1.90484E-1 1.93474E-1 1.91748E-1 1.89129E-1 1.83917E-1 1.84634E-1 1.91714E-1 1.98799E-1 1.91819E-1 1.94047E-1 1.89159E-1 1.86629E-1 1.85191E-1 1.87193E-1 1.88514E-1 1.8492E-1 1.89386E-1 1.95946E-1 1.85515E-1 1.77223E-1 1.73369E-1 1.63948E-1 1.56335E-1 1.53425E-1 1.60514E-1 1.67202E-1 1.47886E-1 1.49038E-1 1.49567E-1 1.4534E-1 1.3711E-1 1.27763E-1 1.22967E-1 1.18306E-1 1.13755E-1 1.21355E-1 1.36821E-1 1.58666E-1 1.7088E-1 1.72136E-1 1.60562E-1 1.51384E-1 1.55145E-1 1.77121E-1 1.85673E-1 1.96258E-1 1.85781E-1 1.76048E-1
1.69913E-1 1.72504E-1 1.65379E-1 1.63736E-1 1.67611E-1 1.74397E-1 1.92081E-1 1.96901E-1 1.88878E-1 1.70234E-1 1.62432E-1 1.66376E-1 1.80158E-1 1.86758E-1 1.83515E-1 1.83739E-1 1.86466E-1 1.8165E-1 1.90725E-1 2.07483E-1 2.04115E-1 2.04021E-1 2.03299E-1 2.04075E-1 2.04034E-1 2.11444E-1 2.20517E-1 2.04239E-1 1.98494E-1 1.93176E-1 1.95445E-1 1.84663E-1 1.78093E-1 1.66617E-1 1.50332E-1 1.46312E-1 1.48523E-1 1.44741E-1 1.40846E-1 1.51273E-1 1.35609E-1 1.50923E-1 1.49369E-1 1.34601E-1 1.2236E-1 1.19987E-1 1.30498E-1 1.24897E-1 1.30976E-1 1.51076E-1 1.67659E-1 1.67769E-1 1.52682E-1 1.4719E-1 1.53834E-1 1.69166E-1 1.70545E-1 1.76641E-1 1.7801E-1 1.76634E-1 1.80563E-1
1.65779E-1 1.68712E-1 1.56711E-1 1.54286E-1 1.56146E-1 1.60991E-1 1.72982E-1 1.8531E-1 1.83296E-1 1.62044E-1 1.54968E-1 1.61217E-1 1.76107E-1 1.88651E-1 1.85839E-1 1.90257E-1 1.96299E-1 1.9375E-1 1.98442E-1 2.01996E-1 1.98374E-1 1.98282E-1 2.07557E-1 2.10405E-1 2.05011E-1 2.02845E-1 2.02353E-1 1.94916E-1 1.87355E-1 1.78875E-1 1.81511E-1 1.79602E-1 1.66549E-1 1.58725E-1 1.54788E-1 1.4872E-1 1.57294E-1 1.62006E-1 1.67538E-1 1.67888E-1 1.73797E-1 1.60955E-1 1.57243E-1 1.41714E-1 1.34029E-1 1.27464E-1 1.18884E-1 1.16027E-1 1.23567E-1 1.46016E-1 1.60714E-1 1.49939E-1 1.44714E-1 1.36013E-1 1.66884E-1 1.72578E-1 1.73147E-1 1.744E-1 1.75635E-1 1.84278E-1 1.89684E-1
1.70593E-1 1.62109E-1 1.50136E-1 1.53757E-1 1.60123E-1 1.62031E-1 1.66193E-1 1.85301E-1 1.78468E-1 1.65693E-1 1.64439E-1 1.66805E-1 1.79906E-1 1.8975E-1 1.93523E-1 1.98661E-1 1.98258E-1 1.94557E-1 1.97206E-1 1.91238E-1 1.91353E-1 1.94981E-1 2.11566E-1 2.2441E-1 2.24973E-1 2.04862E-1 1.86703E-1 1.72439E-1 1.58992E-1 1.57026E-1 1.60097E-1 1.68024E-1 1.51903E-1 1.52429E-1 1.57751E-1 1.65363E-1 1.72053E-1 1.83536E-1 1.89287E-1 1.95827E-1 1.98357E-1 1.89153E-1 1.71825E-1 1.57384E-1 1.29432E-1 1.22749E-1 1.05316E-1 1.1517E-1 1.29136E-1 1.4333E-1 1.50972E-1 1.55741E-1 1.60963E-1 1.58611E-1 1.67194E-1 1.72427E-1 1.79432E-1 1.93036E-1 1.96942E-1 2.09889E-1 2.09724E-1
1.70009E-1 1.64983E-1 1.57883E-1 1.71145E-1 1.76344E-1 1.7349E-1 1.76245E-1 1.95074E-1 1.78629E-1 1.74345E-1 1.75544E-1 1.80669E-1 1.8922E-1 1.92422E-1 2.00587E-1 2.07984E-1 2.082E-1 2.02709E-1 1.96554E-1 1.96331E-1 1.96515E-1 2.08101E-1 2.15769E-1 2.09082E-1 2.05832E-1 1.98352E-1 1.70847E-1 1.6066E-1 1.50249E-1 1.4495E-1 1.50453E-1 1.70341E-1 1.80254E-1 1.78753E-1 1.82368E-1 1.94229E-1 2.05532E-1 2.13794E-1 2.17548E-1 2.11342E-1 1.9409E-1 2.04265E-1 1.87249E-1 1.40077E-1 1.29572E-1 1.18252E-1 1.11933E-1 1.17584E-1 1.29314E-1 1.47992E-1 1.59126E-1 1.66298E-1 1.68958E-1 1.68687E-1 1.79438E-1 1.90427E-1 2.0348E-1 2.12855E-1 2.13977E-1 2.19901E-1 2.19474E-1
1.77482E-1 1.71887E-1 1.69182E-1 1.87693E-1 1.86604E-1 1.8266E-1 1.82988E-1 1.92981E-1 1.94357E-1 1.79977E-1 1.80369E-1 1.83697E-1 1.94479E-1 2.05296E-1 2.14121E-1 2.32994E-1 2.36359E-1 2.10428E-1 1.99093E-1 1.93529E-1 2.01132E-1 2.03979E-1 1.99293E-1 1.98757E-1 1.88369E-1 1.66886E-1 1.59855E-1 1.5808E-1 1.49607E-1 1.42209E-1 1.5642E-1 2.0386E-1 2.08532E-1 2.01025E-1 2.07904E-1 2.32676E-1 2.45111E-1 2.3225E-1 2.27403E-1 2.10906E-1 1.97793E-1 1.87951E-1 1.63814E-1 1.32113E-1 1.25561E-1 1.17248E-1 1.17323E-1 1.32727E-1 1.54197E-1 1.58404E-1 1.72581E-1 1.82877E-1 1.94292E-1 2.04343E-1 2.1477E-1 2.25264E-1 2.17738E-1 2.21848E-1 2.22893E-1 2.22389E-1 2.1835E-1
1.99037E-1 1.90922E-1 1.91918E-1 1.97254E-1 1.92064E-1 1.8067E-1 1.83709E-1 1.91492E-1 2.09639E-1 1.92322E-1 1.88478E-1 1.83961E-1 1.89291E-1 1.95463E-1 2.21758E-1 2.43745E-1 2.3749E-1 2.00783E-1 1.88648E-1 1.83212E-1 1.92627E-1 2.03348E-1 1.89638E-1 1.87208E-1 1.61919E-1 1.51207E-1 1.52029E-1 1.55835E-1 1.66998E-1 1.64929E-1 2.01743E-1 2.188E-1 2.21634E-1 2.24686E-1 2.30931E-1 2.49823E-1 2.66453E-1 2.53878E-1 2.3384E-1 2.06914E-1 1.70329E-1 1.60302E-1 1.26745E-1 1.06873E-1 1.11254E-1 1.32785E-1 1.45349E-1 1.57339E-1 1.57223E-1 1.5415E-1 1.73072E-1 1.95848E-1 2.14005E-1 2.27094E-1 2.47033E-1 2.33623E-1 2.39692E-1 2.41308E-1 2.35026E-1 2.39355E-1 2.35854E-1
