maxent_outputs/hummingbirds/hummingbird_166.asc
ncols         426
nrows         180
xllcorner     -130.0
yllcorner     24.0
cellsize      0.16666666666666666
NODATA_value  -9999
[rows 54 to 80 of 180, columns 183 to 243 of 426]
2.8987E-1 2.99754E-1 3.03513E-1 2.94539E-1 2.88538E-1 2.84788E-1 2.83571E-1 2.81013E-1 2.85871E-1 2.91606E-1 3.00809E-1 3.0339E-1 3.04859E-1 3.04642E-1 2.93469E-1 3.03355E-1 3.17616E-1 3.15964E-1 3.14764E-1 3.11609E-1 3.0432E-1 3.00602E-1 3.08396E-1 3.18586E-1 3.15803E-1 3.14039E-1 3.03565E-1 2.99647E-1 2.94865E-1 3.01088E-1 3.10542E-1 3.11598E-1 3.11998E-1 3.1706E-1 3.31045E-1 3.50557E-1 3.47477E-1 3.42895E-1 3.46326E-1 3.36436E-1 3.44935E-1 3.30969E-1 3.29396E-1 3.30465E-1 3.37771E-1 3.30499E-1 3.28488E-1 3.21055E-1 3.21646E-1 3.26206E-1 3.33912E-1 3.30396E-1 3.35963E-1 3.43893E-1 3.50921E-1 3.51823E-1 3.58594E-1 3.56663E-1 3.67957E-1 3.67643E-1 3.73367E-1
2.7958E-1 2.85551E-1 2.88918E-1 2.86581E-1 2.86418E-1 2.91465E-1 2.84164E-1 2.83503E-1 2.85819E-1 2.90576E-1 2.9978E-1 3.10218E-1 3.02687E-1 2.98517E-1 2.94977E-1 3.00817E-1 3.12304E-1 3.17735E-1 3.25702E-1 3.20047E-1 3.14158E-1 3.10668E-1 3.11375E-1 3.19597E-1 3.26519E-1 3.14595E-1 3.06322E-1 3.00292E-1 3.00945E-1 3.0768E-1 3.09566E-1 3.08989E-1 3.0952E-1 3.15332E-1 3.17183E-1 3.26915E-1 3.41445E-1 3.46953E-1 3.38361E-1 3.42812E-1 3.4778E-1 3.46639E-1 3.41852E-1 3.41631E-1 3.44984E-1 3.38003E-1 3.33387E-1 3.34554E-1 3.32625E-1 3.35173E-1 3.46324E-1 3.575E-1 3.51976E-1 3.46087E-1 3.49515E-1 3.56351E-1 3.56693E-1 3.69394E-1 3.82311E-1 3.87598E-1 3.87042E-1
2.9505E-1 2.9782E-1 3.02404E-1 2.97447E-1 2.97285E-1 2.96781E-1 2.96036E-1 2.88792E-1 2.91343E-1 2.91891E-1 2.98667E-1 3.06364E-1 3.07574E-1 3.02671E-1 3.12413E-1 2.99381E-1 3.04407E-1 3.13696E-1 3.22254E-1 3.26084E-1 3.27032E-1 3.24262E-1 3.22165E-1 3.22833E-1 3.2132E-1 3.20295E-1 3.21553E-1 3.15617E-1 3.10546E-1 3.09471E-1 3.07675E-1 3.07525E-1 3.10256E-1 3.19138E-1 3.1381E-1 3.24246E-1 3.33153E-1 3.37505E-1 3.34857E-1 3.3935E-1 3.48351E-1 3.56454E-1 3.63097E-1 3.56159E-1 3.55576E-1 3.54627E-1 3.52679E-1 3.4677E-1 3.45443E-1 3.36008E-1 3.40187E-1 3.429E-1 3.55047E-1 3.41531E-1 3.44896E-1 3.55412E-1 3.55926E-1 3.627E-1 3.73054E-1 3.78403E-1 3.7436E-1
2.99969E-1 2.99486E-1 3.09203E-1 3.06594E-1 3.07251E-1 3.02102E-1 2.98618E-1 2.97409E-1 2.98268E-1 2.96916E-1 2.98305E-1 3.07873E-1 3.11899E-1 3.10623E-1 3.0503E-1 3.00968E-1 2.99025E-1 3.04401E-1 3.14031E-1 3.17177E-1 3.25193E-1 3.28802E-1 3.28604E-1 3.2623E-1 3.2526E-1 3.26009E-1 3.21407E-1 3.17944E-1 3.19406E-1 3.20041E-1 3.12415E-1 3.07474E-1 3.01475E-1 3.12518E-1 3.14987E-1 3.25203E-1 3.37452E-1 3.36928E-1 3.38211E-1 3.46803E-1 3.4482E-1 3.42089E-1 3.45099E-1 3.59008E-1 3.62061E-1 3.6455E-1 3.60593E-1 3.58847E-1 3.46249E-1 3.39554E-1 3.41407E-1 3.37792E-1 3.53171E-1 3.57178E-1 3.55741E-1 3.55122E-1 3.63412E-1 3.68318E-1 3.73764E-1 3.61809E-1 3.66505E-1
2.91701E-1 2.8947E-1 2.9416E-1 3.03243E-1 3.1148E-1 3.10505E-1 3.03005E-1 3.02815E-1 3.0111E-1 2.9994E-1 3.01281E-1 3.11966E-1 3.335E-1 3.1428E-1 3.12941E-1 2.97732E-1 2.98392E-1 2.97455E-1 3.04376E-1 3.18009E-1 3.24048E-1 3.28847E-1 3.33657E-1 3.3313E-1 3.32873E-1 3.29999E-1 3.26957E-1 3.24273E-1 3.22482E-1 3.19233E-1 3.18244E-1 3.20552E-1 3.13083E-1 3.18697E-1 3.28623E-1 3.30918E-1 3.34208E-1 3.36745E-1 3.34067E-1 3.34996E-1 3.43686E-1 3.41866E-1 3.44025E-1 3.48174E-1 3.51945E-1 3.60057E-1 3.60617E-1 3.59237E-1 3.49114E-1 3.50337E-1 3.51714E-1 3.46768E-1 3.52794E-1 3.66681E-1 3.59019E-1 3.62665E-1 3.77687E-1 3.78099E-1 3.72201E-1 3.61908E-1 3.68352E-1
3.07574E-1 2.93079E-1 2.91602E-1 2.92479E-1 3.0067E-1 3.23312E-1 3.1137E-1 3.06993E-1 3.04952E-1 3.03935E-1 3.0419E-1 3.05482E-1 3.1336E-1 3.16469E-1 3.13001E-1 3.05648E-1 3.02193E-1 3.00529E-1 2.99393E-1 3.06012E-1 3.18029E-1 3.26318E-1 3.3702E-1 3.34635E-1 3.33209E-1 3.33847E-1 3.3465E-1 3.30635E-1 3.27021E-1 3.26171E-1 3.18922E-1 3.15492E-1 3.22585E-1 3.16889E-1 3.19527E-1 3.23704E-1 3.28915E-1 3.31391E-1 3.32172E-1 3.30353E-1 3.40005E-1 3.41996E-1 3.41556E-1 3.41254E-1 3.49998E-1 3.61456E-1 3.6911E-1 3.70118E-1 3.56331E-1 3.5704E-1 3.65505E-1 3.57554E-1 3.53588E-1 3.66372E-1 3.67146E-1 3.76684E-1 3.84919E-1 3.87841E-1 3.78383E-1 3.79018E-1 3.79653E-1
3.18091E-1 3.17629E-1 3.04491E-1 2.99396E-1 3.0617E-1 3.12963E-1 3.1534E-1 3.16984E-1 3.13969E-1 3.09766E-1 3.12341E-1 3.09526E-1 3.10912E-1 3.18286E-1 3.21537E-1 3.16269E-1 3.108E-1 3.07565E-1 3.03656E-1 3.06862E-1 3.14317E-1 3.22599E-1 3.30151E-1 3.26012E-1 3.29763E-1 3.2849E-1 3.33257E-1 3.30929E-1 3.3184E-1 3.31208E-1 3.22186E-1 3.20001E-1 3.21192E-1 3.17135E-1 3.16796E-1 3.1992E-1 3.25389E-1 3.25552E-1 3.26975E-1 3.2561E-1 3.30442E-1 3.39881E-1 3.42599E-1 3.47646E-1 3.4739E-1 3.51693E-1 3.63299E-1 3.77675E-1 3.87144E-1 3.72055E-1 3.72535E-1 3.65459E-1 3.57277E-1 3.67916E-1 3.76969E-1 3.80849E-1 3.8494E-1 3.92933E-1 3.86366E-1 3.84335E-1 3.92077E-1
3.38821E-1 3.21228E-1 3.11863E-1 3.09514E-1 3.10588E-1 3.13257E-1 3.20865E-1 3.20691E-1 3.21193E-1 3.20018E-1 3.13336E-1 3.15367E-1 3.1085E-1 3.11932E-1 3.19593E-1 3.14888E-1 3.17524E-1 3.11429E-1 3.07899E-1 3.11059E-1 3.13044E-1 3.19333E-1 3.2397E-1 3.23412E-1 3.22433E-1 3.34461E-1 3.33461E-1 3.25878E-1 3.31091E-1 3.31286E-1 3.33817E-1 3.25172E-1 3.25237E-1 3.18188E-1 3.18951E-1 3.26516E-1 3.28168E-1 3.2987E-1 3.30949E-1 3.36013E-1 3.30386E-1 3.31025E-1 3.41975E-1 3.53621E-1 3.57714E-1 3.62752E-1 3.67817E-1 3.76243E-1 3.81269E-1 3.95639E-1 3.86297E-1 3.7618E-1 3.71773E-1 3.79413E-1 3.80785E-1 3.82446E-1 3.83721E-1 3.89215E-1 3.86707E-1 3.86695E-1 3.95465E-1
3.53921E-1 3.43468E-1 3.30093E-1 3.20217E-1 3.14122E-1 3.17322E-1 3.21089E-1 3.27601E-1 3.2542E-1 3.22723E-1 3.19153E-1 3.15054E-1 3.19793E-1 3.20398E-1 3.23719E-1 3.22847E-1 3.22974E-1 3.23492E-1 3.13407E-1 3.09929E-1 3.11626E-1 3.15772E-1 3.21683E-1 3.26945E-1 3.24618E-1 3.24429E-1 3.30284E-1 3.25078E-1 3.24822E-1 3.34883E-1 3.40647E-1 3.3288E-1 3.28649E-1 3.23047E-1 3.29557E-1 3.29189E-1 3.38791E-1 3.42253E-1 3.35671E-1 3.43437E-1 3.39639E-1 3.32912E-1 3.37284E-1 3.5074E-1 3.57591E-1 3.57386E-1 3.60207E-1 3.69275E-1 3.8092E-1 4.0944E-1 3.94957E-1 3.62141E-1 3.7337E-1 3.89654E-1 3.8629E-1 3.86805E-1 3.94454E-1 3.90009E-1 3.86303E-1 3.91962E-1 4.00638E-1
3.50093E-1 3.68745E-1 3.54625E-1 3.36684E-1 3.19532E-1 3.17791E-1 3.17903E-1 3.22533E-1 3.28112E-1 3.26613E-1 3.2071E-1 3.19027E-1 3.23488E-1 3.20712E-1 3.18076E-1 3.18404E-1 3.2054E-1 3.20629E-1 3.15616E-1 3.13561E-1 3.1381E-1 3.17125E-1 3.20854E-1 3.23565E-1 3.24116E-1 3.31731E-1 3.4236E-1 3.26713E-1 3.28493E-1 3.31584E-1 3.37173E-1 3.34144E-1 3.29744E-1 3.3045E-1 3.29191E-1 3.3186E-1 3.35741E-1 3.41107E-1 3.41404E-1 3.47711E-1 3.45295E-1 3.46493E-1 3.42459E-1 3.41306E-1 3.54791E-1 3.65602E-1 3.75765E-1 3.8564E-1 3.95898E-1 4.21114E-1 4.13102E-1 3.87332E-1 3.88716E-1 3.93524E-1 3.93297E-1 3.98758E-1 4.03092E-1 4.07566E-1 4.00428E-1 4.02315E-1 3.98416E-1
3.50443E-1 3.49229E-1 3.60379E-1 3.66777E-1 3.40047E-1 3.30249E-1 3.31987E-1 3.25828E-1 3.37371E-1 3.39591E-1 3.29571E-1 3.24406E-1 3.28583E-1 3.28999E-1 3.1907E-1 3.16112E-1 3.17987E-1 3.21375E-1 3.18884E-1 3.21014E-1 3.21589E-1 3.25072E-1 3.23652E-1 3.24026E-1 3.23474E-1 3.23093E-1 3.2768E-1 3.32856E-1 3.37792E-1 3.35275E-1 3.35356E-1 3.32879E-1 3.30348E-1 3.33461E-1 3.33557E-1 3.34738E-1 3.36523E-1 3.41084E-1 3.45782E-1 3.45448E-1 3.48711E-1 3.50398E-1 3.47886E-1 3.50584E-1 3.58128E-1 3.67425E-1 3.79349E-1 3.79951E-1 3.88862E-1 4.09251E-1 4.19475E-1 4.00614E-1 3.98071E-1 3.97091E-1 3.99325E-1 3.98282E-1 3.99974E-1 4.06118E-1 3.9445E-1 3.99496E-1 3.90733E-1
3.51354E-1 3.49491E-1 3.47099E-1 3.53982E-1 3.65956E-1 3.59943E-1 3.46943E-1 3.39958E-1 3.42047E-1 3.40446E-1 3.43267E-1 3.40299E-1 3.31843E-1 3.2876E-1 3.22642E-1 3.16663E-1 3.16926E-1 3.14262E-1 3.20812E-1 3.24467E-1 3.27218E-1 3.27351E-1 3.23549E-1 3.20867E-1 3.25462E-1 3.26672E-1 3.30293E-1 3.36222E-1 3.36902E-1 3.34838E-1 3.2992E-1 3.29155E-1 3.27636E-1 3.30289E-1 3.35391E-1 3.35251E-1 3.42371E-1 3.38799E-1 3.42876E-1 3.44093E-1 3.43319E-1 3.48914E-1 3.52737E-1 3.53429E-1 3.61037E-1 3.6978E-1 3.78199E-1 3.78207E-1 3.80886E-1 4.00726E-1 4.01424E-1 4.02973E-1 3.96796E-1 3.98511E-1 4.07115E-1 4.1289E-1 4.18939E-1 4.13181E-1 4.09774E-1 3.99477E-1 4.20173E-1
3.5402E-1 3.49794E-1 3.44119E-1 3.42318E-1 3.45907E-1 3.5011E-1 3.5084E-1 3.47834E-1 3.45629E-1 3.514E-1 3.7308E-1 3.78167E-1 3.53895E-1 3.33846E-1 3.2069E-1 3.20331E-1 3.18651E-1 3.22154E-1 3.22589E-1 3.27086E-1 3.30134E-1 3.27111E-1 3.23671E-1 3.23183E-1 3.28366E-1 3.23967E-1 3.28146E-1 3.29371E-1 3.32343E-1 3.30129E-1 3.27011E-1 3.24154E-1 3.23312E-1 3.24605E-1 3.26422E-1 3.34855E-1 3.3598E-1 3.37472E-1 3.43083E-1 3.43814E-1 3.43469E-1 3.45009E-1 3.55509E-1 3.6073E-1 3.60284E-1 3.65067E-1 3.78933E-1 3.82547E-1 3.78596E-1 3.8818E-1 3.9732E-1 3.8365E-1 3.81635E-1 3.82895E-1 3.91824E-1 4.05288E-1 4.05813E-1 4.05805E-1 4.00055E-1 3.96572E-1 3.96433E-1
3.67674E-1 3.55686E-1 3.52793E-1 3.48717E-1 3.50822E-1 3.49912E-1 3.5211E-1 3.53305E-1 3.60276E-1 3.73586E-1 3.78944E-1 3.83501E-1 3.65186E-1 3.48632E-1 3.44613E-1 3.40867E-1 3.31105E-1 3.33667E-1 3.32143E-1 3.3291E-1 3.33347E-1 3.30663E-1 3.25727E-1 3.26621E-1 3.23148E-1 3.27075E-1 3.26981E-1 3.32064E-1 3.30092E-1 3.29982E-1 3.30254E-1 3.25487E-1 3.26234E-1 3.31991E-1 3.294E-1 3.34065E-1 3.38691E-1 3.46646E-1 3.45095E-1 3.46781E-1 3.48961E-1 3.52043E-1 3.58875E-1 3.59812E-1 3.66028E-1 3.63678E-1 3.60891E-1 3.76892E-1 3.83038E-1 3.88188E-1 3.967E-1 3.92434E-1 3.89308E-1 3.91125E-1 3.89556E-1 3.99072E-1 4.04394E-1 4.05758E-1 4.03922E-1 4.02597E-1 4.01237E-1
3.63492E-1 3.57072E-1 3.51926E-1 3.49291E-1 3.49543E-1 3.48161E-1 3.48911E-1 3.51836E-1 3.56402E-1 3.68028E-1 3.75355E-1 3.77216E-1 3.69561E-1 3.50196E-1 3.3853E-1 3.38547E-1 3.44957E-1 3.39E-1 3.48135E-1 3.37623E-1 3.33476E-1 3.37039E-1 3.40614E-1 3.37209E-1 3.23777E-1 3.26807E-1 3.29865E-1 3.3206E-1 3.34174E-1 3.3308E-1 3.33048E-1 3.30931E-1 3.34058E-1 3.38814E-1 3.3479E-1 3.36431E-1 3.38733E-1 3.47518E-1 3.48375E-1 3.49984E-1 3.52192E-1 3.52664E-1 3.56641E-1 3.55535E-1 3.65569E-1 3.67227E-1 3.63359E-1 3.69492E-1 3.72663E-1 3.82736E-1 3.88591E-1 3.97421E-1 4.06907E-1 4.00022E-1 3.94125E-1 4.01782E-1 4.03886E-1 4.05194E-1 4.08016E-1 4.04577E-1 4.07019E-1
3.62156E-1 3.61822E-1 3.60864E-1 3.55116E-1 3.50714E-1 3.48284E-1 3.48812E-1 3.51782E-1 3.52351E-1 3.56383E-1 3.63188E-1 3.54065E-1 3.56464E-1 3.49538E-1 3.37455E-1 3.36531E-1 3.44005E-1 3.51288E-1 3.53073E-1 3.42443E-1 3.44058E-1 3.44607E-1 3.47888E-1 3.40969E-1 3.36075E-1 3.34584E-1 3.39723E-1 3.45041E-1 3.40211E-1 3.38317E-1 3.33619E-1 3.38653E-1 3.48832E-1 3.44367E-1 3.40598E-1 3.37541E-1 3.43649E-1 3.47886E-1 3.54191E-1 3.51846E-1 3.52286E-1 3.5384E-1 3.57416E-1 3.63784E-1 3.69726E-1 3.70169E-1 3.76206E-1 3.7549E-1 3.76771E-1 3.8664E-1 3.91221E-1 3.98161E-1 4.04445E-1 4.15663E-1 4.10504E-1 4.13003E-1 4.15521E-1 4.09531E-1 4.1098E-1 4.10014E-1 4.08055E-1
3.53951E-1 3.5521E-1 3.5462E-1 3.55838E-1 3.51995E-1 3.46098E-1 3.43744E-1 3.47165E-1 3.51022E-1 3.53521E-1 3.55837E-1 3.52067E-1 3.47884E-1 3.5401E-1 3.45897E-1 3.4196E-1 3.37521E-1 3.4433E-1 3.70994E-1 3.52768E-1 3.47949E-1 3.64163E-1 3.52566E-1 3.52537E-1 3.50575E-1 3.45923E-1 3.5207E-1 3.56653E-1 3.53701E-1 3.48764E-1 3.44565E-1 3.40084E-1 3.43528E-1 3.52079E-1 3.40156E-1 3.40682E-1 3.44197E-1 3.4897E-1 3.54875E-1 3.56403E-1 3.59142E-1 3.60645E-1 3.66328E-1 3.69666E-1 3.74639E-1 3.79707E-1 3.79794E-1 3.83089E-1 3.84641E-1 3.84743E-1 3.99402E-1 4.07379E-1 4.07056E-1 4.08425E-1 4.14994E-1 4.11831E-1 4.20605E-1 4.19253E-1 4.16985E-1 4.13915E-1 4.12987E-1
3.44805E-1 3.49719E-1 3.53516E-1 3.53426E-1 3.51773E-1 3.48742E-1 3.43358E-1 3.4634E-1 3.47934E-1 3.52718E-1 3.51391E-1 3.51241E-1 3.49503E-1 3.52189E-1 3.46292E-1 3.44229E-1 3.43473E-1 3.43717E-1 3.55129E-1 3.63193E-1 3.5441E-1 3.71867E-1 3.65236E-1 3.64129E-1 3.65685E-1 3.62583E-1 3.55011E-1 3.59508E-1 3.59673E-1 3.58434E-1 3.55963E-1 3.46659E-1 3.4259E-1 3.58319E-1 3.4551E-1 3.49593E-1 3.51213E-1 3.5759E-1 3.60031E-1 3.69687E-1 3.67744E-1 3.68497E-1 3.73524E-1 3.75118E-1 3.79328E-1 3.84398E-1 3.86653E-1 3.78582E-1 3.88081E-1 3.9724E-1 3.98167E-1 4.03247E-1 4.03129E-1 4.04106E-1 4.05899E-1 4.18307E-1 4.2381E-1 4.17137E-1 4.18607E-1 4.18048E-1 4.20323E-1
3.51803E-1 3.51994E-1 3.56318E-1 3.51994E-1 3.48942E-1 3.45776E-1 3.44032E-1 3.43146E-1 3.49926E-1 3.47517E-1 3.46249E-1 3.46941E-1 3.46876E-1 3.49131E-1 3.49245E-1 3.48548E-1 3.49707E-1 3.49758E-1 3.52839E-1 3.65151E-1 3.6384E-1 3.7654E-1 3.71403E-1 3.74359E-1 3.74162E-1 3.67611E-1 3.63236E-1 3.6417E-1 3.63686E-1 3.59977E-1 3.58926E-1 3.56072E-1 3.4422E-1 3.53244E-1 3.52384E-1 3.6042E-1 3.65219E-1 3.69057E-1 3.68547E-1 3.71903E-1 3.70102E-1 3.78492E-1 3.84781E-1 3.8379E-1 3.86018E-1 3.81712E-1 3.80449E-1 3.94323E-1 3.99536E-1 4.01134E-1 3.99335E-1 4.01304E-1 4.01917E-1 3.99645E-1 4.06702E-1 4.1612E-1 4.25603E-1 4.22393E-1 4.21808E-1 4.20574E-1 4.27993E-1
3.61262E-1 3.68156E-1 3.64687E-1 3.59584E-1 3.56464E-1 3.49715E-1 3.45617E-1 3.4569E-1 3.47623E-1 3.46822E-1 3.4627E-1 3.47306E-1 3.47778E-1 3.52935E-1 3.51049E-1 3.5021E-1 3.51183E-1 3.51358E-1 3.57387E-1 3.68626E-1 3.64435E-1 3.7606E-1 3.75072E-1 3.71507E-1 3.70065E-1 3.6745E-1 3.70456E-1 3.68222E-1 3.70905E-1 3.7346E-1 3.70801E-1 3.60251E-1 3.56726E-1 3.59637E-1 3.77436E-1 3.80467E-1 3.80823E-1 3.85929E-1 3.84613E-1 3.7903E-1 3.81623E-1 3.79496E-1 3.82249E-1 3.86111E-1 3.87733E-1 3.90584E-1 3.98199E-1 4.09895E-1 4.07539E-1 4.14474E-1 4.10291E-1 4.08542E-1 4.12527E-1 4.13165E-1 4.19572E-1 4.21844E-1 4.2396E-1 4.22485E-1 4.20235E-1 4.17584E-1 4.17787E-1
3.64161E-1 3.63306E-1 3.59634E-1 3.5893E-1 3.58805E-1 3.54528E-1 3.4966E-1 3.50965E-1 3.48266E-1 3.50784E-1 3.52853E-1 3.53375E-1 3.52695E-1 3.51592E-1 3.50887E-1 3.50888E-1 3.5234E-1 3.57242E-1 3.64314E-1 3.68186E-1 3.74246E-1 3.71997E-1 3.71756E-1 3.71963E-1 3.67523E-1 3.67773E-1 3.70626E-1 3.76962E-1 3.76386E-1 3.814E-1 3.80229E-1 3.77497E-1 3.78006E-1 3.82426E-1 3.88209E-1 4.01288E-1 4.04661E-1 4.11948E-1 4.07586E-1 3.91489E-1 3.90261E-1 3.93256E-1 3.86036E-1 3.89238E-1 3.92487E-1 3.94491E-1 4.01273E-1 4.10129E-1 4.08019E-1 4.11359E-1 4.21858E-1 4.20689E-1 4.2033E-1 4.21336E-1 4.3272E-1 4.32398E-1 4.22369E-1 4.17717E-1 4.2061E-1 4.21269E-1 4.21753E-1
3.61117E-1 3.62122E-1 3.62109E-1 3.65425E-1 3.63366E-1 3.58195E-1 3.58662E-1 3.56875E-1 3.60724E-1 3.59841E-1 3.62011E-1 3.56633E-1 3.58848E-1 3.60062E-1 3.59101E-1 3.64303E-1 3.59557E-1 3.66487E-1 3.70815E-1 3.67622E-1 3.82958E-1 3.92522E-1 3.76548E-1 3.71987E-1 3.67551E-1 3.71186E-1 3.73873E-1 3.76409E-1 3.78588E-1 3.80277E-1 3.81529E-1 3.78434E-1 3.84579E-1 3.89239E-1 3.92912E-1 3.97539E-1 4.21516E-1 4.60055E-1 4.73061E-1 4.21737E-1 4.06499E-1 4.00785E-1 3.94184E-1 3.9465E-1 3.99166E-1 4.01365E-1 4.08192E-1 4.16604E-1 4.18543E-1 4.23121E-1 4.2471E-1 4.39207E-1 4.35957E-1 4.34609E-1 4.28787E-1 4.28717E-1 4.289E-1 4.27898E-1 4.27428E-1 4.22641E-1 4.2479E-1
3.60371E-1 3.58165E-1 3.62248E-1 3.66201E-1 3.58773E-1 3.56519E-1 3.59665E-1 3.63045E-1 3.5985E-1 3.59975E-1 3.63484E-1 3.62531E-1 3.60987E-1 3.6328E-1 3.65071E-1 3.6298E-1 3.52662E-1 3.48967E-1 3.65974E-1 3.74295E-1 3.80828E-1 3.95162E-1 3.83295E-1 3.68849E-1 3.6868E-1 3.72937E-1 3.78497E-1 3.8265E-1 3.84922E-1 3.87715E-1 3.87156E-1 3.90645E-1 3.92538E-1 3.9583E-1 3.96175E-1 4.0507E-1 4.21929E-1 4.66978E-1 4.92391E-1 4.50081E-1 4.22692E-1 4.0542E-1 4.02597E-1 4.00022E-1 4.03339E-1 4.0787E-1 4.10223E-1 4.15687E-1 4.20325E-1 4.24226E-1 4.33839E-1 4.31987E-1 4.33978E-1 4.37695E-1 4.35843E-1 4.34707E-1 4.36328E-1 4.38183E-1 4.33106E-1 4.31101E-1 4.4276E-1
3.55856E-1 3.55346E-1 3.53794E-1 3.54207E-1 3.60264E-1 3.56387E-1 3.58374E-1 3.62773E-1 3.71323E-1 3.72122E-1 3.65209E-1 3.63356E-1 3.60792E-1 3.60672E-1 3.61091E-1 3.64538E-1 3.59732E-1 3.52587E-1 3.60024E-1 3.77497E-1 3.81494E-1 3.86152E-1 3.85443E-1 3.71535E-1 3.70988E-1 3.73851E-1 3.81433E-1 3.87422E-1 3.94144E-1 3.90651E-1 3.91961E-1 4.00859E-1 3.99503E-1 4.00037E-1 3.98662E-1 4.0364E-1 4.15807E-1 4.39509E-1 4.54451E-1 4.38845E-1 4.18534E-1 4.11873E-1 4.03309E-1 4.00342E-1 4.03335E-1 4.11398E-1 4.23408E-1 4.22815E-1 4.21066E-1 4.30589E-1 4.43158E-1 4.46665E-1 4.41402E-1 4.44039E-1 4.45472E-1 4.42464E-1 4.49379E-1 4.38376E-1 4.36575E-1 4.36278E-1 4.55472E-1
3.54941E-1 3.57271E-1 3.55185E-1 3.55725E-1 3.53808E-1 3.53084E-1 3.64372E-1 3.72883E-1 3.68967E-1 3.68073E-1 3.67808E-1 3.68584E-1 3.6407E-1 3.634E-1 3.63985E-1 3.69844E-1 3.65086E-1 3.62537E-1 3.62888E-1 3.71998E-1 3.74202E-1 3.80406E-1 3.91277E-1 3.73712E-1 3.7165E-1 3.7761E-1 3.83346E-1 3.91346E-1 3.92441E-1 3.9E-1 3.93355E-1 3.96699E-1 4.0533E-1 4.04466E-1 4.04973E-1 4.05031E-1 4.06413E-1 4.19079E-1 4.27872E-1 4.27317E-1 4.19622E-1 4.14913E-1 4.14612E-1 4.12925E-1 4.09972E-1 4.18559E-1 4.27795E-1 4.3257E-1 4.36683E-1 4.38822E-1 4.5065E-1 4.54624E-1 4.54946E-1 4.55858E-1 4.50522E-1 4.53042E-1 4.57993E-1 4.50817E-1 4.51357E-1 4.56087E-1 4.71401E-1
3.58948E-1 3.61329E-1 3.58924E-1 3.54326E-1 3.55432E-1 3.57909E-1 3.64335E-1 3.61953E-1 3.64513E-1 3.67114E-1 3.6723E-1 3.69652E-1 3.65007E-1 3.64143E-1 3.64503E-1 3.7006E-1 3.72672E-1 3.80639E-1 3.72612E-1 3.69537E-1 3.74946E-1 3.81337E-1 3.84425E-1 3.79999E-1 3.76249E-1 3.8011E-1 3.86209E-1 3.94328E-1 3.96969E-1 3.97014E-1 3.98583E-1 4.01557E-1 4.03549E-1 4.09978E-1 4.1421E-1 4.14524E-1 4.13256E-1 4.17014E-1 4.20289E-1 4.15325E-1 4.12114E-1 4.14809E-1 4.1274E-1 4.15002E-1 4.18855E-1 4.25579E-1 4.26058E-1 4.26698E-1 4.40787E-1 4.43602E-1 4.5818E-1 4.52291E-1 4.52497E-1 4.48926E-1 4.45935E-1 4.51074E-1 4.59424E-1 4.64202E-1 4.68341E-1 4.75078E-1 4.70167E-1
3.57884E-1 3.55596E-1 3.56608E-1 3.55339E-1 3.5188E-1 3.51863E-1 3.55542E-1 3.59277E-1 3.619E-1 3.62565E-1 3.64443E-1 3.65628E-1 3.6294E-1 3.64217E-1 3.6507E-1 3.68476E-1 3.71252E-1 3.75709E-1 3.80511E-1 3.74747E-1 3.74698E-1 3.8037E-1 3.86551E-1 3.86639E-1 3.82845E-1 3.85309E-1 3.92815E-1 3.98109E-1 4.02125E-1 4.03599E-1 4.07582E-1 4.09202E-1 4.09606E-1 4.13864E-1 4.18003E-1 4.25903E-1 4.2828E-1 4.30208E-1 4.27281E-1 4.25873E-1 4.28848E-1 4.22024E-1 4.20209E-1 4.15619E-1 4.17728E-1 4.25799E-1 4.34208E-1 4.37494E-1 4.47473E-1 4.47815E-1 4.54637E-1 4.56591E-1 4.51065E-1 4.49351E-1 4.53996E-1 4.65898E-1 4.71165E-1 4.77656E-1 4.74072E-1 4.78556E-1 4.69847E-1
