maxent_outputs/hummingbirds/hummingbird_91.asc
ncols         426
nrows         180
xllcorner     -130.0
yllcorner     24.0
cellsize      0.16666666666666666
NODATA_value  -9999
[rows 108 to 134 of 180, columns 61 to 121 of 426]
5.59348E-1 5.5229E-1 5.1275E-1 5.40896E-1 5.61131E-1 5.35427E-1 5.79156E-1 3.87865E-1 3.51012E-1 2.49226E-1 2.70926E-1 4.49797E-1 5.20376E-1 4.42854E-1 4.32915E-1 5.70805E-1 4.69689E-1 6.01137E-1 7.20397E-1 6.54183E-1 5.43231E-1 5.37903E-1 4.83135E-1 4.20187E-1 3.96566E-1 3.74078E-1 3.89259E-1 4.6202E-1 5.0973E-1 5.65619E-1 6.23787E-1 5.91066E-1 5.442E-1 5.13935E-1 4.64716E-1 3.07332E-1 3.97676E-1 3.88697E-1 3.15874E-1 3.26679E-1 1.68036E-1 1.48819E-1 1.56161E-1 1.64231E-1 1.59055E-1 1.30524E-1 1.07188E-1 1.12638E-1 1.29424E-1 1.91812E-1 2.53276E-1 2.1653E-1 1.84948E-1 1.73034E-1 1.67359E-1 1.62461E-1 1.53414E-1 1.40787E-1 1.2685E-1 1.28227E-1 1.40696E-1
5.84391E-1 5.49589E-1 5.46736E-1 5.79855E-1 5.68824E-1 5.31049E-1 5.28419E-1 4.27342E-1 5.07101E-1 4.2959E-1 4.08787E-1 4.6823E-1 4.88793E-1 4.87908E-1 5.30347E-1 5.37936E-1 5.51179E-1 5.56539E-1 5.66324E-1 6.70439E-1 6.74074E-1 6.28303E-1 5.37206E-1 4.37911E-1 4.3007E-1 4.21385E-1 4.37166E-1 4.54118E-1 5.27332E-1 5.32821E-1 6.37935E-1 5.98331E-1 5.00804E-1 4.63734E-1 4.36662E-1 3.52981E-1 3.24073E-1 3.87315E-1 3.96182E-1 3.03568E-1 1.85125E-1 1.61805E-1 1.68149E-1 1.68489E-1 1.63993E-1 1.46195E-1 1.32293E-1 1.15961E-1 1.3207E-1 2.01199E-1 2.3601E-1 2.41186E-1 2.10898E-1 1.90338E-1 1.7851E-1 1.65906E-1 1.52639E-1 1.47999E-1 1.28437E-1 1.26873E-1 1.27571E-1
6.32225E-1 6.11447E-1 6.14574E-1 6.0867E-1 5.84985E-1 5.58704E-1 5.31906E-1 5.05535E-1 4.98119E-1 4.39841E-1 4.00627E-1 4.67052E-1 5.24248E-1 4.99373E-1 5.41228E-1 5.10646E-1 5.3463E-1 4.68708E-1 5.02508E-1 5.59753E-1 5.7673E-1 6.13308E-1 5.80612E-1 4.84018E-1 4.23239E-1 4.12278E-1 4.55231E-1 4.29776E-1 4.30594E-1 4.86867E-1 6.54101E-1 6.40287E-1 4.97037E-1 4.63316E-1 4.49335E-1 4.18743E-1 3.26751E-1 2.89872E-1 2.96843E-1 2.24721E-1 2.01577E-1 1.71426E-1 1.58021E-1 1.77867E-1 1.71922E-1 1.63015E-1 1.50008E-1 1.33264E-1 1.49034E-1 1.88813E-1 2.24154E-1 2.37812E-1 2.15899E-1 2.04811E-1 1.94174E-1 1.83094E-1 1.73723E-1 1.58871E-1 1.39248E-1 1.33258E-1 1.34269E-1
6.19618E-1 6.35441E-1 6.36042E-1 6.28366E-1 6.56537E-1 6.32469E-1 5.93796E-1 5.1139E-1 4.39372E-1 4.01544E-1 4.4245E-1 5.29648E-1 5.05466E-1 4.83793E-1 4.85099E-1 4.57483E-1 4.68096E-1 4.51903E-1 4.5768E-1 4.81768E-1 5.01619E-1 5.74986E-1 5.96107E-1 4.77735E-1 4.08623E-1 3.70068E-1 4.36796E-1 4.37896E-1 4.27498E-1 5.03257E-1 6.3338E-1 6.71191E-1 5.34321E-1 4.43377E-1 4.4394E-1 4.158E-1 3.97056E-1 3.13232E-1 2.51318E-1 2.13652E-1 2.15792E-1 2.16592E-1 1.91836E-1 1.92609E-1 1.85752E-1 1.73339E-1 1.5082E-1 1.21163E-1 1.09405E-1 1.37387E-1 1.83989E-1 2.3511E-1 2.30581E-1 2.07464E-1 1.98238E-1 1.89059E-1 1.78732E-1 1.64872E-1 1.67214E-1 1.49008E-1 1.42172E-1
5.28319E-1 6.05694E-1 6.58437E-1 6.52372E-1 6.61496E-1 6.73259E-1 6.55886E-1 5.56592E-1 5.06097E-1 4.53905E-1 5.3232E-1 5.34567E-1 4.68165E-1 4.61245E-1 4.54462E-1 4.38921E-1 4.34973E-1 4.25833E-1 4.86285E-1 5.3842E-1 5.62289E-1 5.65756E-1 5.90099E-1 5.26988E-1 4.31262E-1 3.80829E-1 4.04613E-1 4.00535E-1 4.28516E-1 5.63171E-1 5.70448E-1 7.01656E-1 6.10281E-1 4.96654E-1 4.8227E-1 4.08192E-1 3.78645E-1 3.48151E-1 2.61899E-1 2.2833E-1 2.18606E-1 2.26247E-1 2.39613E-1 2.2648E-1 2.14155E-1 1.83994E-1 1.58208E-1 1.25746E-1 1.14959E-1 1.43789E-1 1.69668E-1 2.09634E-1 2.27448E-1 2.12427E-1 1.91783E-1 1.88321E-1 1.84538E-1 1.92709E-1 1.7687E-1 1.7024E-1 1.59313E-1
5.42388E-1 5.35787E-1 6.53381E-1 6.86662E-1 6.80391E-1 6.8694E-1 6.32055E-1 4.53503E-1 4.35396E-1 4.89974E-1 5.28446E-1 4.89616E-1 4.72881E-1 4.70941E-1 4.63452E-1 4.56724E-1 4.41833E-1 4.67217E-1 5.36774E-1 5.29984E-1 5.54698E-1 5.97224E-1 5.85086E-1 5.52417E-1 5.06804E-1 4.98005E-1 4.1608E-1 4.59481E-1 4.82034E-1 5.87501E-1 6.5264E-1 7.21034E-1 6.65997E-1 5.52227E-1 5.50392E-1 3.97236E-1 4.12611E-1 4.08818E-1 3.27896E-1 2.66281E-1 2.26641E-1 2.28179E-1 2.45496E-1 2.48428E-1 2.38997E-1 2.37935E-1 2.05066E-1 1.87408E-1 1.48618E-1 1.37881E-1 1.55778E-1 2.01514E-1 2.15375E-1 2.15554E-1 2.02374E-1 1.94914E-1 1.85565E-1 1.87804E-1 1.74872E-1 1.82948E-1 1.75072E-1
5.74758E-1 5.54901E-1 5.13929E-1 5.10864E-1 5.13034E-1 5.899E-1 5.58126E-1 4.91327E-1 4.99745E-1 5.40636E-1 5.23891E-1 4.95692E-1 4.65357E-1 4.40545E-1 4.57348E-1 4.60315E-1 4.74085E-1 5.156E-1 5.5614E-1 5.48572E-1 5.33625E-1 5.93221E-1 5.70629E-1 5.57094E-1 5.192E-1 5.03758E-1 5.5053E-1 5.63535E-1 5.69078E-1 6.18165E-1 7.15877E-1 6.92657E-1 7.03513E-1 6.24511E-1 5.75014E-1 4.4436E-1 4.70234E-1 4.75809E-1 3.49327E-1 2.88547E-1 2.35789E-1 2.57382E-1 2.50857E-1 2.63388E-1 2.85731E-1 3.16176E-1 3.46373E-1 3.40412E-1 2.96446E-1 1.70516E-1 1.29747E-1 1.64557E-1 1.98548E-1 2.06924E-1 2.08551E-1 2.04376E-1 1.98276E-1 1.97236E-1 1.84325E-1 1.79424E-1 1.73212E-1
6.01502E-1 5.35767E-1 5.16636E-1 4.09554E-1 3.17352E-1 4.31654E-1 5.89296E-1 5.61022E-1 5.82289E-1 5.51618E-1 4.95439E-1 4.61789E-1 4.2575E-1 4.13935E-1 4.36034E-1 4.49487E-1 4.56614E-1 4.46291E-1 4.68648E-1 5.18904E-1 5.62699E-1 5.92331E-1 6.16227E-1 5.85468E-1 5.60232E-1 5.70284E-1 6.4215E-1 6.32813E-1 6.01664E-1 6.14309E-1 6.70309E-1 7.28084E-1 7.30821E-1 6.56527E-1 5.83856E-1 5.05125E-1 4.98248E-1 5.39878E-1 4.18201E-1 3.93426E-1 2.88305E-1 2.97287E-1 2.67933E-1 2.69403E-1 2.83908E-1 3.00673E-1 3.50454E-1 3.99721E-1 3.72289E-1 2.46033E-1 1.52394E-1 1.41862E-1 1.66889E-1 1.88058E-1 1.95393E-1 1.93566E-1 1.89472E-1 1.79603E-1 1.81826E-1 1.79039E-1 1.7433E-1
7.83104E-1 7.33903E-1 5.80161E-1 5.43925E-1 4.93385E-1 5.76991E-1 7.21024E-1 7.30298E-1 6.26047E-1 5.24166E-1 5.04064E-1 4.60722E-1 4.16977E-1 4.14031E-1 4.24222E-1 4.37491E-1 4.38971E-1 4.58487E-1 4.6677E-1 5.02997E-1 5.33345E-1 5.36209E-1 6.57341E-1 7.36281E-1 7.36539E-1 7.08416E-1 6.96212E-1 6.22832E-1 5.88976E-1 6.4908E-1 6.37216E-1 6.78959E-1 7.27464E-1 6.64178E-1 5.97687E-1 5.29678E-1 5.41893E-1 6.04906E-1 5.5005E-1 4.91655E-1 4.5775E-1 4.05809E-1 3.09415E-1 2.93925E-1 2.99658E-1 3.19696E-1 3.3853E-1 3.98945E-1 3.92474E-1 2.75981E-1 1.75576E-1 1.49165E-1 1.61586E-1 1.6775E-1 1.7534E-1 1.79952E-1 1.68841E-1 1.76876E-1 1.85678E-1 1.85473E-1 1.8793E-1
9.32146E-1 8.90287E-1 8.91951E-1 8.87605E-1 8.26654E-1 8.46648E-1 8.07595E-1 8.14641E-1 7.52898E-1 5.56347E-1 4.68104E-1 4.26349E-1 3.86585E-1 3.80719E-1 4.03302E-1 4.30799E-1 4.30092E-1 4.51971E-1 4.66081E-1 4.91077E-1 5.38642E-1 5.62322E-1 6.08486E-1 6.953E-1 7.36227E-1 7.22425E-1 7.00952E-1 6.62754E-1 6.68931E-1 6.80171E-1 6.87057E-1 6.86075E-1 7.15978E-1 7.19358E-1 6.73073E-1 6.34312E-1 6.21429E-1 6.34865E-1 5.76827E-1 5.79705E-1 5.52732E-1 4.20617E-1 3.69187E-1 3.29709E-1 2.96925E-1 3.58703E-1 3.95594E-1 3.7856E-1 4.09553E-1 3.15892E-1 2.30941E-1 2.06294E-1 1.7022E-1 1.52527E-1 1.5498E-1 1.60389E-1 1.69547E-1 1.8749E-1 1.95696E-1 1.90462E-1 1.89699E-1
-9999 -9999 9.39072E-1 9.37736E-1 9.22601E-1 9.23596E-1 8.61026E-1 8.8558E-1 9.02834E-1 8.05657E-1 6.76225E-1 6.54657E-1 5.7122E-1 4.56489E-1 5.89031E-1 5.50258E-1 4.1338E-1 3.16845E-1 3.2328E-1 4.34463E-1 4.65689E-1 5.2295E-1 5.87678E-1 6.39934E-1 6.57472E-1 6.58339E-1 6.86656E-1 7.02917E-1 7.1301E-1 7.11704E-1 6.97623E-1 7.0664E-1 6.97259E-1 7.30129E-1 7.09212E-1 6.81251E-1 6.66466E-1 6.54125E-1 6.08117E-1 5.86832E-1 5.24584E-1 4.69874E-1 4.11495E-1 3.95116E-1 3.67657E-1 4.33282E-1 4.74665E-1 4.07274E-1 4.69182E-1 3.99467E-1 3.28342E-1 2.97643E-1 2.87624E-1 2.15322E-1 1.84175E-1 1.81863E-1 1.85664E-1 1.8467E-1 1.85089E-1 1.73473E-1 1.59767E-1
9.47954E-1 9.35535E-1 9.8735E-1 9.52906E-1 9.44909E-1 9.36481E-1 9.35105E-1 9.30824E-1 9.60688E-1 9.46044E-1 9.22304E-1 9.09595E-1 8.56953E-1 8.27114E-1 8.01037E-1 7.75206E-1 6.46178E-1 3.82776E-1 3.69908E-1 5.41892E-1 4.97345E-1 4.733E-1 5.28054E-1 6.06437E-1 6.4309E-1 6.56786E-1 6.66904E-1 6.87171E-1 7.16308E-1 7.15527E-1 7.16248E-1 7.34342E-1 6.73669E-1 6.89158E-1 6.44856E-1 6.18764E-1 6.23147E-1 5.89071E-1 5.96494E-1 5.94148E-1 5.28523E-1 5.04797E-1 5.28976E-1 5.04911E-1 5.20839E-1 5.56981E-1 5.79005E-1 4.43416E-1 5.41291E-1 4.6133E-1 3.91257E-1 3.96063E-1 2.95265E-1 2.5896E-1 2.53556E-1 2.32971E-1 2.37908E-1 2.32279E-1 2.13802E-1 1.91005E-1 1.53074E-1
9.54633E-1 9.26374E-1 -9999 -9999 -9999 -9999 -9999 -9999 9.73292E-1 9.53308E-1 9.41079E-1 9.32145E-1 9.00594E-1 8.82175E-1 8.41839E-1 7.32584E-1 6.76632E-1 6.12256E-1 6.14852E-1 6.91062E-1 6.7248E-1 5.97283E-1 4.98767E-1 6.09665E-1 6.53292E-1 6.99178E-1 7.28269E-1 7.39343E-1 7.35479E-1 7.35579E-1 7.19925E-1 7.33692E-1 6.77575E-1 6.84736E-1 6.74524E-1 6.4002E-1 6.12213E-1 6.0023E-1 5.75179E-1 5.67165E-1 5.4308E-1 5.4055E-1 5.85193E-1 5.85025E-1 6.33505E-1 6.6495E-1 6.30285E-1 5.34219E-1 5.45842E-1 5.29489E-1 4.32481E-1 4.58345E-1 3.16248E-1 2.98679E-1 3.06403E-1 2.96368E-1 2.77371E-1 2.5326E-1 2.33037E-1 2.28132E-1 1.70452E-1
-9999 -9999 -9999 -9999 -9999 -9999 -9999 -9999 9.67723E-1 9.61425E-1 9.48838E-1 9.44331E-1 9.30576E-1 8.133E-1 7.78716E-1 6.83137E-1 6.50075E-1 6.47943E-1 4.76105E-1 6.09489E-1 7.38422E-1 7.76389E-1 7.11834E-1 5.80297E-1 5.86648E-1 6.50802E-1 7.6457E-1 7.69508E-1 7.81087E-1 7.87893E-1 7.49159E-1 7.31561E-1 7.12516E-1 7.10931E-1 6.98856E-1 6.60776E-1 6.45789E-1 6.12494E-1 6.19745E-1 6.20442E-1 6.10251E-1 6.01788E-1 6.0751E-1 6.17543E-1 6.58408E-1 6.8067E-1 6.6152E-1 6.12732E-1 6.09623E-1 6.06113E-1 4.79E-1 5.23637E-1 4.99439E-1 4.23092E-1 4.56766E-1 3.64472E-1 3.08238E-1 2.81655E-1 2.47993E-1 2.20549E-1 1.89739E-1
-9999 -9999 -9999 -9999 -9999 -9999 -9999 -9999 -9999 -9999 9.7046E-1 9.63413E-1 9.33924E-1 9.15622E-1 8.11523E-1 7.84535E-1 7.30084E-1 6.22316E-1 4.98302E-1 4.66267E-1 5.17376E-1 7.32755E-1 7.7961E-1 7.98313E-1 7.30371E-1 6.87626E-1 6.46989E-1 7.36105E-1 7.77464E-1 7.78768E-1 7.47197E-1 7.03548E-1 7.53159E-1 7.16781E-1 6.88994E-1 6.83368E-1 6.49746E-1 6.2589E-1 6.09503E-1 6.10804E-1 6.57568E-1 6.57324E-1 6.51446E-1 6.64065E-1 6.72003E-1 6.97892E-1 7.122E-1 6.94824E-1 6.65994E-1 6.47237E-1 6.25952E-1 5.36822E-1 5.12545E-1 5.06413E-1 4.09665E-1 3.99751E-1 3.57841E-1 3.04094E-1 2.56499E-1 2.26556E-1 2.07301E-1
-9999 -9999 -9999 -9999 9.9227E-1 -9999 -9999 9.73035E-1 9.61579E-1 9.93886E-1 -9999 -9999 9.40347E-1 9.34032E-1 9.07307E-1 8.95136E-1 8.29084E-1 6.53991E-1 5.42541E-1 5.27631E-1 6.53276E-1 6.84409E-1 7.84762E-1 8.56315E-1 8.25803E-1 7.73721E-1 7.07978E-1 6.91022E-1 7.43003E-1 7.72273E-1 7.56446E-1 7.58743E-1 7.60915E-1 6.96603E-1 6.84701E-1 6.56843E-1 6.88564E-1 6.6164E-1 6.60501E-1 6.69005E-1 6.4399E-1 6.78983E-1 6.5495E-1 6.31059E-1 6.52064E-1 6.82916E-1 7.11606E-1 7.12249E-1 6.85272E-1 6.54781E-1 6.32552E-1 5.72497E-1 4.68702E-1 4.50639E-1 4.67424E-1 4.74723E-1 4.48253E-1 3.68741E-1 3.04557E-1 2.51264E-1 2.09616E-1
-9999 9.50137E-1 9.14457E-1 -9999 -9999 -9999 -9999 -9999 9.64584E-1 9.72653E-1 -9999 -9999 -9999 -9999 9.40114E-1 9.11379E-1 8.60792E-1 7.36955E-1 5.84824E-1 5.19649E-1 6.91529E-1 7.89941E-1 8.19421E-1 8.14651E-1 8.43174E-1 8.38985E-1 8.00183E-1 7.44451E-1 7.31281E-1 7.63329E-1 7.86013E-1 7.72914E-1 7.56788E-1 7.25432E-1 7.24064E-1 7.30231E-1 7.13451E-1 7.06064E-1 6.89859E-1 6.92935E-1 6.99105E-1 6.94325E-1 6.87548E-1 6.8461E-1 6.66301E-1 6.85444E-1 6.86964E-1 6.67598E-1 6.47682E-1 6.04569E-1 6.1017E-1 6.42286E-1 5.84357E-1 4.91705E-1 4.36691E-1 4.66728E-1 4.6244E-1 4.33384E-1 3.79478E-1 2.74659E-1 2.5666E-1
-9999 -9999 -9999 -9999 -9999 -9999 -9999 9.81772E-1 -9999 -9999 -9999 -9999 -9999 -9999 9.68275E-1 9.44079E-1 9.12026E-1 8.16572E-1 7.06214E-1 5.80095E-1 6.24555E-1 7.05347E-1 8.2338E-1 8.1441E-1 8.14609E-1 7.74954E-1 7.40734E-1 7.88099E-1 7.84694E-1 7.62262E-1 7.90662E-1 8.09953E-1 7.94394E-1 7.56563E-1 7.50488E-1 7.5402E-1 7.42219E-1 7.42269E-1 7.13521E-1 7.07893E-1 7.19469E-1 7.02744E-1 7.08628E-1 6.97118E-1 6.76378E-1 6.51142E-1 6.48604E-1 6.1889E-1 6.31387E-1 6.14733E-1 6.05579E-1 6.33691E-1 6.08483E-1 5.98838E-1 5.71899E-1 5.13305E-1 4.31298E-1 4.04855E-1 4.26978E-1 3.89075E-1 3.42916E-1
-9999 -9999 -9999 -9999 -9999 -9999 -9999 9.70603E-1 9.60443E-1 -9999 -9999 -9999 -9999 -9999 -9999 9.51948E-1 9.24517E-1 8.89829E-1 7.9435E-1 5.51997E-1 5.89724E-1 7.55991E-1 8.20736E-1 8.26171E-1 8.14988E-1 7.33634E-1 7.2345E-1 7.57312E-1 7.81662E-1 7.85231E-1 7.7457E-1 8.09634E-1 8.05029E-1 7.82927E-1 7.7436E-1 7.64824E-1 7.33264E-1 7.14776E-1 7.03495E-1 7.09461E-1 7.06978E-1 6.50409E-1 6.98897E-1 7.00951E-1 6.81005E-1 6.50327E-1 6.35549E-1 5.87296E-1 6.16075E-1 5.87816E-1 5.83929E-1 5.89638E-1 5.44783E-1 5.1666E-1 5.57031E-1 5.03265E-1 4.4049E-1 3.86629E-1 4.08318E-1 3.92588E-1 4.02346E-1
-9999 -9999 -9999 -9999 -9999 -9999 -9999 -9999 9.71294E-1 -9999 -9999 -9999 -9999 -9999 -9999 9.70469E-1 9.48296E-1 9.0954E-1 8.2064E-1 6.56976E-1 5.41597E-1 5.8542E-1 7.63688E-1 8.54841E-1 8.14832E-1 7.62234E-1 7.19013E-1 7.35315E-1 7.61791E-1 7.89459E-1 7.82844E-1 7.39044E-1 7.77708E-1 8.10743E-1 7.50789E-1 7.00934E-1 7.30725E-1 7.25974E-1 7.20946E-1 7.08868E-1 7.00431E-1 6.8869E-1 7.17803E-1 6.86739E-1 6.4261E-1 6.17851E-1 6.48993E-1 6.138E-1 6.02911E-1 5.78407E-1 6.10235E-1 5.77779E-1 5.49934E-1 5.04558E-1 5.20451E-1 5.05706E-1 4.13165E-1 3.85756E-1 3.47467E-1 3.06476E-1 3.87226E-1
-9999 -9999 -9999 -9999 -9999 -9999 -9999 -9999 -9999 -9999 -9999 -9999 -9999 -9999 -9999 -9999 9.56289E-1 9.27742E-1 8.47506E-1 7.29208E-1 5.49191E-1 4.8822E-1 5.55542E-1 8.1911E-1 8.63688E-1 8.29088E-1 7.95343E-1 7.26567E-1 7.02349E-1 6.8032E-1 6.88019E-1 7.3997E-1 7.91889E-1 7.65506E-1 7.49395E-1 7.2923E-1 7.22377E-1 7.31737E-1 7.23588E-1 7.19923E-1 7.2331E-1 7.04309E-1 6.91161E-1 6.53726E-1 6.10619E-1 5.92589E-1 6.20019E-1 6.22099E-1 6.24456E-1 5.973E-1 6.0147E-1 5.80928E-1 5.59237E-1 4.99205E-1 4.54774E-1 4.96403E-1 4.35734E-1 3.56364E-1 3.39115E-1 3.24739E-1 3.5161E-1
-9999 -9999 -9999 -9999 -9999 -9999 -9999 -9999 -9999 -9999 -9999 -9999 -9999 -9999 -9999 9.93255E-1 9.50791E-1 9.3343E-1 8.63653E-1 7.64718E-1 6.29044E-1 4.97328E-1 4.42515E-1 5.54923E-1 8.67364E-1 8.58016E-1 8.12326E-1 7.52581E-1 6.63149E-1 6.69698E-1 7.80198E-1 7.73045E-1 7.69125E-1 7.4119E-1 6.96345E-1 6.99488E-1 7.12235E-1 7.12468E-1 7.15986E-1 7.18541E-1 7.15632E-1 7.01771E-1 6.67193E-1 6.16779E-1 5.92801E-1 5.94043E-1 6.20335E-1 6.1173E-1 6.07984E-1 6.19037E-1 6.20411E-1 5.73694E-1 5.90578E-1 5.46078E-1 3.80502E-1 4.72538E-1 4.52731E-1 4.05966E-1 3.52772E-1 3.3686E-1 3.58729E-1
-9999 -9999 -9999 -9999 -9999 -9999 -9999 -9999 -9999 -9999 -9999 -9999 -9999 -9999 -9999 -9999 9.50541E-1 9.48136E-1 8.72975E-1 7.85777E-1 6.86765E-1 5.40495E-1 4.27728E-1 5.4189E-1 8.68601E-1 8.55374E-1 8.86917E-1 8.07364E-1 6.98106E-1 6.96149E-1 7.60014E-1 7.72435E-1 7.63694E-1 7.25235E-1 7.33179E-1 6.82349E-1 7.04006E-1 6.86038E-1 7.08077E-1 6.87225E-1 6.87524E-1 6.72565E-1 6.34243E-1 5.9631E-1 5.59561E-1 5.83556E-1 5.97851E-1 6.02911E-1 6.13754E-1 5.82406E-1 6.09759E-1 5.74175E-1 6.12574E-1 6.37519E-1 5.78726E-1 4.34062E-1 4.58804E-1 4.18469E-1 3.78011E-1 3.5645E-1 3.51059E-1
-9999 -9999 -9999 -9999 -9999 -9999 -9999 -9999 -9999 -9999 -9999 -9999 -9999 -9999 -9999 -9999 -9999 9.46705E-1 9.23077E-1 8.4459E-1 7.38421E-1 6.05652E-1 4.91249E-1 4.32471E-1 8.32938E-1 8.68465E-1 8.85474E-1 8.70799E-1 8.12131E-1 7.82043E-1 7.82585E-1 7.83041E-1 7.97906E-1 7.9122E-1 7.54332E-1 7.54332E-1 7.27371E-1 6.93438E-1 7.01704E-1 7.12754E-1 6.75261E-1 6.7884E-1 6.18068E-1 5.86584E-1 5.58257E-1 5.84675E-1 6.01272E-1 5.80622E-1 5.77113E-1 5.62754E-1 5.80135E-1 5.35116E-1 5.49455E-1 5.58173E-1 5.30241E-1 4.89067E-1 4.73142E-1 4.45214E-1 4.0869E-1 3.70851E-1 3.37335E-1
-9999 -9999 -9999 -9999 -9999 -9999 -9999 -9999 -9999 -9999 -9999 -9999 -9999 -9999 -9999 -9999 -9999 9.54299E-1 9.43792E-1 9.31369E-1 8.10992E-1 6.74799E-1 5.47082E-1 4.40797E-1 7.14148E-1 8.86135E-1 9.07914E-1 8.99122E-1 8.90612E-1 8.37665E-1 8.20205E-1 8.1431E-1 8.04003E-1 8.15669E-1 7.80498E-1 7.57223E-1 7.54679E-1 7.22181E-1 7.08166E-1 6.93016E-1 7.12548E-1 6.85794E-1 6.37138E-1 6.18949E-1 6.0548E-1 5.78078E-1 5.636E-1 5.67356E-1 5.44772E-1 5.31829E-1 5.33022E-1 5.10069E-1 5.43039E-1 5.2858E-1 5.12366E-1 4.84054E-1 4.43245E-1 4.33569E-1 4.00114E-1 4.06202E-1 3.70332E-1
-9999 -9999 -9999 -9999 -9999 -9999 -9999 -9999 -9999 -9999 -9999 -9999 -9999 -9999 -9999 -9999 -9999 -9999 9.74029E-1 9.30462E-1 8.60243E-1 7.10877E-1 5.86565E-1 4.85152E-1 5.13608E-1 8.11053E-1 8.98909E-1 8.81384E-1 9.27628E-1 8.95792E-1 8.78715E-1 8.6688E-1 8.242E-1 8.20349E-1 8.03572E-1 7.8542E-1 7.76342E-1 7.81971E-1 7.51694E-1 7.04394E-1 6.99558E-1 6.81312E-1 6.28082E-1 6.17849E-1 5.94189E-1 5.86884E-1 5.67857E-1 5.51055E-1 5.40388E-1 5.16522E-1 5.15928E-1 5.03838E-1 5.1845E-1 4.81117E-1 4.24092E-1 4.10455E-1 4.37506E-1 4.39649E-1 4.24819E-1 4.15102E-1 4.00361E-1
-9999 -9999 -9999 -9999 -9999 -9999 -9999 -9999 -9999 -9999 -9999 -9999 -9999 -9999 -9999 -9999 -9999 -9999 9.70961E-1 9.29311E-1 8.77962E-1 7.58269E-1 6.04425E-1 5.4931E-1 5.44057E-1 5.71597E-1 8.29319E-1 8.87584E-1 9.12078E-1 9.07708E-1 8.70746E-1 9.5137E-1 8.71134E-1 8.21282E-1 8.10476E-1 8.40983E-1 7.8031E-1 7.63538E-1 7.78682E-1 7.25454E-1 7.21126E-1 6.67359E-1 6.48526E-1 5.91851E-1 5.7338E-1 5.69323E-1 5.68407E-1 5.32105E-1 5.19306E-1 5.18028E-1 5.03317E-1 4.87445E-1 5.18719E-1 5.08088E-1 4.68707E-1 3.8754E-1 4.24913E-1 4.48025E-1 4.24437E-1 4.28445E-1 3.95488E-1
