maxent_outputs/hummingbirds/hummingbird_233.asc
ncols         426
nrows         180
xllcorner     -130.0
yllcorner     24.0
cellsize      0.16666666666666666
NODATA_value  -9999
[rows 54 to 80 of 180, columns 61 to 121 of 426]
5.32536E-1 5.30938E-1 5.34163E-1 5.33317E-1 5.33507E-1 5.11395E-1 4.99381E-1 4.75671E-1 4.59598E-1 4.48643E-1 4.78164E-1 4.75566E-1 4.89822E-1 4.99597E-1 4.89367E-1 4.81904E-1 4.46085E-1 4.63032E-1 4.5211E-1 4.25296E-1 4.38024E-1 4.24115E-1 4.21406E-1 4.30237E-1 4.57673E-1 4.46165E-1 4.40333E-1 4.47068E-1 4.55471E-1 4.56619E-1 4.57178E-1 4.58755E-1 4.55028E-1 4.51563E-1 4.25639E-1 4.19667E-1 3.86458E-1 3.66962E-1 4.02141E-1 3.66825E-1 3.93906E-1 3.82211E-1 3.86585E-1 3.51035E-1 3.74347E-1 3.76471E-1 4.1477E-1 4.11697E-1 4.44757E-1 4.49234E-1 4.3012E-1 4.31083E-1 4.11846E-1 4.21405E-1 4.09917E-1 3.98245E-1 3.86167E-1 3.90799E-1 4.05635E-1 4.18818E-1 4.24422E-1
5.41586E-1 5.42391E-1 5.39109E-1 5.2431E-1 5.16162E-1 5.19865E-1 4.8376E-1 4.56316E-1 4.60615E-1 4.69807E-1 4.65081E-1 4.8739E-1 4.75826E-1 4.71014E-1 4.62377E-1 4.72671E-1 4.68197E-1 4.55071E-1 4.40608E-1 4.247E-1 4.02284E-1 4.33212E-1 3.94388E-1 4.29668E-1 4.29624E-1 4.25622E-1 4.39998E-1 4.34066E-1 4.36641E-1 4.50608E-1 4.61801E-1 4.66523E-1 4.67132E-1 4.13388E-1 3.87118E-1 4.17909E-1 3.98289E-1 3.67331E-1 3.83409E-1 3.71927E-1 3.92158E-1 3.74531E-1 3.58718E-1 3.46328E-1 3.54065E-1 3.81536E-1 3.8466E-1 3.68132E-1 3.71253E-1 3.79377E-1 3.99544E-1 4.10545E-1 3.73148E-1 3.93028E-1 3.95138E-1 4.06965E-1 4.0644E-1 4.12442E-1 4.06013E-1 4.22003E-1 4.3578E-1
5.24238E-1 5.405E-1 5.3313E-1 5.10918E-1 5.15615E-1 5.09245E-1 5.03931E-1 4.75127E-1 4.56841E-1 4.54789E-1 4.44805E-1 4.65276E-1 4.56712E-1 4.55779E-1 4.61264E-1 4.62135E-1 4.62196E-1 4.42739E-1 3.96846E-1 3.7484E-1 3.83357E-1 4.29433E-1 4.14669E-1 4.27068E-1 4.2884E-1 4.18642E-1 4.17978E-1 4.26535E-1 4.39871E-1 4.44058E-1 4.50049E-1 4.61664E-1 4.49413E-1 4.11963E-1 3.99515E-1 3.77551E-1 4.0058E-1 4.23763E-1 3.80604E-1 3.51719E-1 3.9286E-1 3.43658E-1 3.56249E-1 3.70967E-1 3.42448E-1 3.45068E-1 3.65763E-1 3.7284E-1 3.60895E-1 3.7113E-1 3.89237E-1 3.87328E-1 3.90333E-1 3.8901E-1 3.95426E-1 4.04566E-1 4.12307E-1 4.11583E-1 4.27235E-1 4.33958E-1 4.42153E-1
5.13276E-1 5.36572E-1 5.35272E-1 5.32553E-1 5.3409E-1 5.17163E-1 4.93939E-1 4.90706E-1 4.74488E-1 4.42007E-1 4.29E-1 4.39212E-1 4.30511E-1 4.40465E-1 4.37692E-1 4.70121E-1 4.37984E-1 4.27555E-1 4.08805E-1 3.78957E-1 3.85886E-1 4.21986E-1 4.06608E-1 4.20096E-1 4.34815E-1 4.13308E-1 3.94171E-1 4.11566E-1 4.10539E-1 4.28317E-1 4.34289E-1 4.46749E-1 4.51022E-1 4.23638E-1 4.18141E-1 4.11222E-1 3.71971E-1 4.00857E-1 4.12027E-1 3.81001E-1 3.54895E-1 4.04058E-1 3.82404E-1 3.64008E-1 3.78614E-1 3.89077E-1 3.81728E-1 3.49797E-1 3.32275E-1 3.45261E-1 3.76574E-1 3.89598E-1 3.83824E-1 3.95677E-1 4.07334E-1 4.0622E-1 4.21448E-1 4.23272E-1 4.4045E-1 4.48492E-1 4.42091E-1
4.80579E-1 5.02307E-1 5.17145E-1 5.0476E-1 4.75891E-1 4.94359E-1 4.72924E-1 4.57584E-1 4.56974E-1 4.46599E-1 4.38174E-1 4.19062E-1 4.20823E-1 4.47622E-1 4.54234E-1 4.5817E-1 4.63753E-1 4.61173E-1 4.52389E-1 4.10592E-1 4.02653E-1 4.01778E-1 4.23657E-1 4.36637E-1 4.20021E-1 4.19299E-1 4.12255E-1 4.16824E-1 4.01987E-1 3.90047E-1 4.34686E-1 4.4294E-1 4.2474E-1 3.98944E-1 3.98873E-1 4.13137E-1 4.0168E-1 3.79727E-1 3.59255E-1 3.91081E-1 3.75361E-1 3.74623E-1 3.91265E-1 3.67148E-1 3.65425E-1 3.5686E-1 3.66682E-1 3.51528E-1 3.54782E-1 3.80235E-1 3.88562E-1 3.99763E-1 3.8606E-1 3.9813E-1 4.0301E-1 3.87781E-1 3.9683E-1 4.14301E-1 4.28002E-1 4.29637E-1 4.42077E-1
4.8183E-1 4.87813E-1 4.98222E-1 4.84835E-1 4.59167E-1 4.45148E-1 4.6941E-1 4.40227E-1 4.47228E-1 4.28963E-1 4.2321E-1 4.27052E-1 4.42801E-1 4.48326E-1 4.58282E-1 4.57527E-1 4.61524E-1 4.65539E-1 4.4793E-1 4.39702E-1 4.34511E-1 4.2286E-1 4.34887E-1 4.26101E-1 4.25734E-1 4.18728E-1 4.12141E-1 4.1365E-1 4.15612E-1 4.05778E-1 4.19298E-1 4.40693E-1 4.33475E-1 4.18663E-1 4.1325E-1 3.71003E-1 4.28348E-1 4.28852E-1 3.77834E-1 3.73771E-1 4.26074E-1 3.80836E-1 3.95108E-1 3.68633E-1 3.63145E-1 3.60325E-1 3.75392E-1 3.74267E-1 3.75862E-1 3.78235E-1 4.11287E-1 4.14773E-1 4.31496E-1 4.16283E-1 3.80792E-1 3.88969E-1 4.04891E-1 4.18687E-1 4.23954E-1 4.25209E-1 4.27909E-1
4.68573E-1 4.69208E-1 4.75695E-1 4.62628E-1 4.65293E-1 4.55182E-1 4.59196E-1 4.29255E-1 4.32306E-1 4.31365E-1 4.38047E-1 4.39747E-1 4.58259E-1 4.59355E-1 4.59282E-1 4.5945E-1 4.73833E-1 4.70287E-1 4.57036E-1 4.65076E-1 4.67677E-1 4.45868E-1 4.31496E-1 4.08388E-1 4.25256E-1 4.06693E-1 4.04542E-1 4.05073E-1 4.12465E-1 4.08857E-1 4.07688E-1 4.32192E-1 4.4001E-1 4.3681E-1 4.13131E-1 4.06444E-1 4.09437E-1 3.94037E-1 3.98623E-1 4.06772E-1 3.93651E-1 4.11773E-1 3.68359E-1 3.57153E-1 3.6603E-1 3.61099E-1 3.71671E-1 3.77274E-1 3.9259E-1 3.99816E-1 4.06197E-1 3.90247E-1 4.17156E-1 4.34082E-1 4.29597E-1 3.84751E-1 3.85748E-1 3.99132E-1 4.2179E-1 4.37426E-1 4.11943E-1
4.56232E-1 4.44658E-1 4.46871E-1 4.36597E-1 4.34278E-1 4.6318E-1 4.6139E-1 4.33695E-1 4.33745E-1 4.44765E-1 4.6523E-1 4.66203E-1 4.7259E-1 4.61358E-1 4.6081E-1 4.72414E-1 4.91262E-1 4.80605E-1 4.73391E-1 4.66308E-1 4.68419E-1 4.67675E-1 4.39475E-1 4.02489E-1 4.22641E-1 4.09713E-1 4.1725E-1 4.15279E-1 4.10524E-1 4.05039E-1 4.19897E-1 4.27733E-1 4.22689E-1 4.33847E-1 4.49464E-1 4.29943E-1 4.19107E-1 3.85611E-1 3.75433E-1 4.02027E-1 3.98221E-1 3.608E-1 3.56954E-1 3.62738E-1 3.72555E-1 3.76009E-1 3.89541E-1 4.0417E-1 4.08709E-1 4.25633E-1 4.37562E-1 4.06754E-1 3.90596E-1 4.38727E-1 4.01289E-1 3.5676E-1 3.95117E-1 4.1628E-1 4.19019E-1 4.26932E-1 4.21527E-1
4.61688E-1 4.55918E-1 4.44979E-1 4.37992E-1 4.43842E-1 4.289E-1 4.29247E-1 4.40699E-1 4.45431E-1 4.69685E-1 4.56948E-1 4.36463E-1 4.45297E-1 4.50735E-1 4.8167E-1 4.97081E-1 4.87661E-1 4.90748E-1 4.92088E-1 4.83577E-1 4.79833E-1 4.9929E-1 4.64193E-1 4.17311E-1 4.01354E-1 4.02475E-1 4.21403E-1 4.19462E-1 4.12404E-1 4.08089E-1 4.03927E-1 4.20226E-1 4.04608E-1 3.96957E-1 4.0656E-1 4.13764E-1 4.06933E-1 3.88632E-1 3.65575E-1 3.6804E-1 3.6993E-1 3.58747E-1 3.67253E-1 3.80319E-1 3.92722E-1 4.02261E-1 4.08411E-1 4.25271E-1 4.34551E-1 4.33255E-1 4.35765E-1 4.43287E-1 4.27621E-1 4.2923E-1 3.68801E-1 3.8087E-1 4.06631E-1 3.9786E-1 3.96578E-1 4.03755E-1 3.88007E-1
4.68411E-1 4.68623E-1 4.66786E-1 4.6066E-1 4.53273E-1 4.55708E-1 4.73683E-1 4.58175E-1 4.57776E-1 4.61086E-1 4.49921E-1 4.47526E-1 4.42495E-1 4.48856E-1 4.87231E-1 5.01406E-1 4.68675E-1 4.66139E-1 4.91614E-1 4.85901E-1 4.69595E-1 4.5637E-1 4.292E-1 4.25317E-1 4.1255E-1 4.00061E-1 4.04746E-1 3.79439E-1 3.84407E-1 3.75711E-1 3.68098E-1 3.70793E-1 3.72984E-1 3.68302E-1 3.86973E-1 3.7168E-1 3.91617E-1 3.90524E-1 3.84727E-1 3.71285E-1 3.79739E-1 3.93506E-1 3.99923E-1 4.07118E-1 4.16417E-1 4.21449E-1 4.27048E-1 4.3187E-1 4.17972E-1 4.26667E-1 4.28894E-1 4.35832E-1 4.36032E-1 4.17365E-1 3.93288E-1 4.22028E-1 4.14199E-1 4.05778E-1 3.8962E-1 3.77368E-1 4.25735E-1
4.78862E-1 4.82717E-1 4.8238E-1 4.83815E-1 4.7445E-1 4.76636E-1 4.84112E-1 4.68361E-1 4.6484E-1 4.5956E-1 4.439E-1 4.38928E-1 4.51885E-1 4.71364E-1 4.78077E-1 4.57156E-1 4.4619E-1 4.37284E-1 4.66911E-1 4.85129E-1 4.76957E-1 4.51724E-1 4.32858E-1 4.30819E-1 4.24163E-1 4.25038E-1 4.05057E-1 3.80462E-1 3.70713E-1 3.73835E-1 3.6555E-1 3.64541E-1 3.74424E-1 3.76055E-1 3.81002E-1 3.80629E-1 3.89799E-1 3.92565E-1 4.07223E-1 3.92304E-1 3.93201E-1 4.09215E-1 4.07786E-1 4.12506E-1 4.16989E-1 4.25273E-1 4.36651E-1 4.40163E-1 4.0536E-1 3.92981E-1 4.15878E-1 4.31131E-1 4.30678E-1 4.22742E-1 4.11211E-1 4.20949E-1 3.83645E-1 4.03599E-1 3.87033E-1 3.85957E-1 4.27571E-1
4.81363E-1 4.7798E-1 4.77431E-1 4.7466E-1 4.802E-1 4.79223E-1 4.80216E-1 4.7355E-1 4.70023E-1 4.62127E-1 4.55496E-1 4.51844E-1 4.62236E-1 4.50034E-1 4.42313E-1 4.35459E-1 4.31331E-1 4.30331E-1 4.42002E-1 4.82281E-1 4.74966E-1 4.73284E-1 4.57972E-1 4.41491E-1 4.39824E-1 4.36466E-1 4.3843E-1 4.42224E-1 4.40963E-1 4.38888E-1 4.32871E-1 4.2523E-1 4.11312E-1 3.90904E-1 3.83785E-1 3.87697E-1 3.92259E-1 4.07205E-1 4.16984E-1 4.04406E-1 4.14174E-1 4.11804E-1 4.1443E-1 4.24594E-1 4.26325E-1 4.28819E-1 4.33585E-1 4.01565E-1 3.90845E-1 3.69231E-1 3.81099E-1 4.22203E-1 4.02846E-1 4.17561E-1 4.08927E-1 4.15656E-1 3.88611E-1 3.65359E-1 3.42985E-1 3.69388E-1 4.02597E-1
4.88719E-1 4.84748E-1 4.74388E-1 4.66665E-1 4.67513E-1 4.75778E-1 4.74969E-1 4.70963E-1 4.58931E-1 4.66553E-1 4.66353E-1 4.62404E-1 4.58254E-1 4.49234E-1 4.48919E-1 4.37492E-1 4.38614E-1 4.34955E-1 4.41666E-1 4.44739E-1 4.72101E-1 4.66401E-1 4.76165E-1 4.86463E-1 4.74177E-1 4.59327E-1 4.53619E-1 4.58009E-1 4.40113E-1 4.39714E-1 4.3674E-1 4.25E-1 4.20408E-1 4.00628E-1 3.93198E-1 3.96093E-1 4.00702E-1 4.10957E-1 4.16998E-1 4.33235E-1 4.2279E-1 4.26942E-1 4.56448E-1 4.51177E-1 4.42249E-1 4.38506E-1 4.38974E-1 3.97959E-1 3.873E-1 3.76219E-1 3.81771E-1 4.02585E-1 4.04543E-1 3.87483E-1 4.189E-1 4.16878E-1 3.95983E-1 3.343E-1 3.20175E-1 3.11473E-1 3.42853E-1
4.96046E-1 4.85128E-1 4.73965E-1 4.6896E-1 4.64436E-1 4.7209E-1 4.68534E-1 4.67301E-1 4.67822E-1 4.77673E-1 4.69573E-1 4.62975E-1 4.4038E-1 4.42113E-1 4.52468E-1 4.39881E-1 4.36506E-1 4.44902E-1 4.46472E-1 4.27854E-1 4.28981E-1 4.58578E-1 4.69087E-1 4.59596E-1 4.52241E-1 4.40489E-1 4.33959E-1 4.36581E-1 4.2505E-1 4.45648E-1 4.48761E-1 4.38649E-1 4.25465E-1 4.07025E-1 4.05595E-1 4.1302E-1 4.13491E-1 4.23403E-1 4.32604E-1 4.48534E-1 4.32218E-1 4.4633E-1 4.45734E-1 4.32894E-1 4.44697E-1 4.25094E-1 4.47769E-1 3.91021E-1 3.95166E-1 3.77252E-1 3.83234E-1 4.1453E-1 3.9865E-1 3.80264E-1 4.23588E-1 4.19285E-1 3.84194E-1 3.40537E-1 3.1523E-1 3.04804E-1 2.92924E-1
4.93695E-1 4.84845E-1 4.84414E-1 4.78242E-1 4.63777E-1 4.6821E-1 4.57853E-1 4.63698E-1 4.60747E-1 4.63363E-1 4.51497E-1 4.44749E-1 4.5253E-1 4.47487E-1 4.50816E-1 4.40805E-1 4.35982E-1 4.33234E-1 4.26318E-1 4.15114E-1 4.0512E-1 4.14089E-1 4.46874E-1 4.58104E-1 4.47222E-1 4.4559E-1 4.30246E-1 4.31496E-1 4.39046E-1 4.55296E-1 4.61243E-1 4.56881E-1 4.49095E-1 4.38527E-1 4.32197E-1 4.35609E-1 4.50711E-1 4.56468E-1 4.47264E-1 4.34387E-1 4.51119E-1 4.49586E-1 4.65773E-1 4.33118E-1 4.28675E-1 4.14456E-1 4.25593E-1 4.33696E-1 4.08165E-1 4.20999E-1 4.11976E-1 4.23456E-1 4.06096E-1 4.11128E-1 4.12728E-1 4.18717E-1 3.86587E-1 3.33262E-1 2.97264E-1 2.90173E-1 2.87135E-1
4.79819E-1 4.73784E-1 4.86877E-1 4.89545E-1 4.80315E-1 4.7228E-1 4.66454E-1 4.63185E-1 4.57745E-1 4.54804E-1 4.55637E-1 4.61386E-1 4.62892E-1 4.57461E-1 4.49065E-1 4.4749E-1 4.43117E-1 4.46273E-1 4.25189E-1 4.2284E-1 4.16798E-1 4.075E-1 4.2011E-1 4.46243E-1 4.56196E-1 4.54157E-1 4.44513E-1 4.47182E-1 4.41719E-1 4.47476E-1 4.48508E-1 4.47915E-1 4.5442E-1 4.55758E-1 4.54809E-1 4.52477E-1 4.61931E-1 4.62211E-1 4.44611E-1 4.25425E-1 4.62444E-1 4.54744E-1 4.52237E-1 4.26895E-1 4.1451E-1 4.30736E-1 4.19959E-1 4.38999E-1 4.09467E-1 4.44692E-1 3.85655E-1 4.08339E-1 3.81731E-1 3.80112E-1 4.15645E-1 4.05329E-1 3.95898E-1 3.44077E-1 3.05598E-1 3.01482E-1 2.84887E-1
4.92343E-1 4.64385E-1 4.70977E-1 4.79455E-1 4.80969E-1 4.72194E-1 4.70692E-1 4.66009E-1 4.69981E-1 4.60561E-1 4.55118E-1 4.49372E-1 4.49618E-1 4.45672E-1 4.42304E-1 4.45221E-1 4.29495E-1 4.32122E-1 4.27787E-1 4.25817E-1 4.24053E-1 4.12157E-1 4.13138E-1 4.38475E-1 4.5791E-1 4.59072E-1 4.37306E-1 4.33503E-1 4.30903E-1 4.43485E-1 4.56629E-1 4.46379E-1 4.34257E-1 4.36489E-1 4.48616E-1 4.64445E-1 4.60077E-1 4.634E-1 4.30886E-1 4.16084E-1 4.2892E-1 4.36686E-1 4.25331E-1 4.28159E-1 4.26908E-1 4.17738E-1 4.28948E-1 4.07244E-1 4.19033E-1 4.40942E-1 3.7805E-1 3.70421E-1 3.35926E-1 3.72836E-1 4.03749E-1 3.97561E-1 3.70941E-1 3.38499E-1 3.28325E-1 3.16955E-1 2.99726E-1
4.84361E-1 4.70528E-1 4.6635E-1 4.61307E-1 4.71869E-1 4.74921E-1 4.68253E-1 4.61346E-1 4.64734E-1 4.53519E-1 4.42036E-1 4.46701E-1 4.42894E-1 4.36684E-1 4.30715E-1 4.36332E-1 4.32988E-1 4.3834E-1 4.34055E-1 4.25756E-1 4.27269E-1 4.26792E-1 4.30377E-1 4.37622E-1 4.48527E-1 4.48824E-1 4.42341E-1 4.26724E-1 4.29368E-1 4.37193E-1 4.57841E-1 4.31756E-1 4.09017E-1 4.2838E-1 4.35E-1 4.46793E-1 4.48272E-1 4.3511E-1 4.3135E-1 4.28052E-1 4.47325E-1 4.07595E-1 4.2411E-1 4.16375E-1 4.11051E-1 4.14783E-1 4.23863E-1 4.05612E-1 4.26148E-1 4.40334E-1 4.43111E-1 4.32458E-1 3.51239E-1 3.30276E-1 3.70972E-1 3.68927E-1 3.59158E-1 3.29731E-1 3.25788E-1 3.13403E-1 3.11237E-1
4.64643E-1 4.6617E-1 4.64187E-1 4.66667E-1 4.75951E-1 4.7589E-1 4.66552E-1 4.60304E-1 4.57302E-1 4.46817E-1 4.38327E-1 4.42585E-1 4.36694E-1 4.38647E-1 4.41878E-1 4.41575E-1 4.38228E-1 4.38408E-1 4.36303E-1 4.31134E-1 4.22984E-1 4.23734E-1 4.33229E-1 4.26923E-1 4.35885E-1 4.45577E-1 4.47244E-1 4.45034E-1 4.34496E-1 4.18795E-1 4.46132E-1 4.26616E-1 4.22896E-1 4.22496E-1 4.19004E-1 4.36923E-1 4.33874E-1 4.52222E-1 4.58964E-1 4.47874E-1 3.97334E-1 3.92898E-1 4.17298E-1 4.1971E-1 4.15521E-1 4.18682E-1 4.16314E-1 4.01858E-1 4.34273E-1 4.33721E-1 4.65496E-1 4.26054E-1 3.45709E-1 3.31798E-1 3.64315E-1 3.56162E-1 3.44861E-1 3.22654E-1 3.08676E-1 3.10665E-1 3.12907E-1
4.46432E-1 4.56856E-1 4.53222E-1 4.63257E-1 4.76418E-1 4.78494E-1 4.63539E-1 4.56244E-1 4.55631E-1 4.35013E-1 4.43896E-1 4.34783E-1 4.37506E-1 4.43628E-1 4.34385E-1 4.38267E-1 4.33353E-1 4.33669E-1 4.32657E-1 4.29079E-1 4.2365E-1 4.26576E-1 4.34665E-1 4.14677E-1 4.11888E-1 4.23761E-1 4.43596E-1 4.40022E-1 4.15548E-1 4.26292E-1 4.34174E-1 4.29809E-1 4.22875E-1 4.26927E-1 4.3405E-1 4.26353E-1 4.40929E-1 4.29839E-1 4.12055E-1 4.07626E-1 4.15247E-1 4.28007E-1 4.60088E-1 4.31177E-1 4.15923E-1 4.26227E-1 4.26088E-1 4.05664E-1 4.39742E-1 4.24292E-1 4.1565E-1 3.6882E-1 3.43371E-1 3.4949E-1 3.54012E-1 3.53256E-1 3.43597E-1 3.21153E-1 3.18897E-1 3.1604E-1 3.19073E-1
4.42635E-1 4.48833E-1 4.51113E-1 4.519E-1 4.47168E-1 4.68362E-1 4.73278E-1 4.64104E-1 4.44063E-1 4.40073E-1 4.42808E-1 4.32576E-1 4.47166E-1 4.46265E-1 4.43577E-1 4.33445E-1 4.29453E-1 4.26686E-1 4.27133E-1 4.2402E-1 4.32004E-1 4.36228E-1 4.24456E-1 4.26577E-1 4.04427E-1 4.09808E-1 4.05379E-1 4.05157E-1 4.2366E-1 4.21709E-1 4.1952E-1 4.21601E-1 4.10668E-1 4.34619E-1 4.37996E-1 4.21376E-1 4.42657E-1 4.20604E-1 4.23498E-1 4.16176E-1 4.6392E-1 5.29942E-1 4.9855E-1 4.46058E-1 4.40148E-1 4.44748E-1 4.35234E-1 4.15628E-1 4.30121E-1 4.15264E-1 4.28053E-1 3.62977E-1 3.49979E-1 3.62913E-1 3.65354E-1 3.55453E-1 3.47986E-1 3.29761E-1 3.23741E-1 3.28626E-1 3.28861E-1
4.52517E-1 4.56945E-1 4.54206E-1 4.66715E-1 4.77135E-1 4.74942E-1 4.50168E-1 4.42541E-1 4.64402E-1 4.37558E-1 4.34215E-1 4.31164E-1 4.46099E-1 4.36849E-1 4.34269E-1 4.32668E-1 4.40861E-1 4.41436E-1 4.33754E-1 4.38264E-1 4.39242E-1 4.34219E-1 4.17322E-1 4.19715E-1 4.08807E-1 4.01942E-1 4.07624E-1 4.0429E-1 4.08293E-1 4.17719E-1 4.12635E-1 4.03354E-1 4.17286E-1 4.29142E-1 4.241E-1 4.093E-1 4.3786E-1 4.33425E-1 4.37633E-1 4.53476E-1 4.72739E-1 5.43642E-1 5.65058E-1 5.04166E-1 4.60523E-1 4.58393E-1 4.62079E-1 4.28745E-1 4.31429E-1 4.13086E-1 4.29173E-1 3.77573E-1 3.43853E-1 3.67512E-1 3.7185E-1 3.6118E-1 3.52913E-1 3.45347E-1 3.37421E-1 3.41924E-1 3.31723E-1
4.57039E-1 4.58003E-1 4.66733E-1 4.76678E-1 4.7483E-1 4.62864E-1 4.39482E-1 4.6001E-1 4.62216E-1 4.38001E-1 4.40332E-1 4.46453E-1 4.4788E-1 4.25111E-1 4.44445E-1 4.39261E-1 4.4432E-1 4.41518E-1 4.28095E-1 4.21384E-1 4.29811E-1 4.27551E-1 4.24723E-1 4.10751E-1 3.93857E-1 4.02423E-1 4.01417E-1 3.84972E-1 3.79378E-1 4.10917E-1 4.16112E-1 4.09526E-1 4.26235E-1 4.12509E-1 4.10995E-1 4.2348E-1 4.11818E-1 4.43543E-1 4.68409E-1 4.5529E-1 4.72914E-1 5.11648E-1 5.59567E-1 5.56784E-1 4.98809E-1 4.9168E-1 4.32329E-1 4.48556E-1 4.02557E-1 4.20898E-1 4.19983E-1 3.81695E-1 3.55387E-1 3.57655E-1 3.72609E-1 3.71021E-1 3.69877E-1 3.5962E-1 3.40744E-1 3.49027E-1 3.39672E-1
4.77374E-1 4.63358E-1 4.78635E-1 4.87534E-1 4.61706E-1 4.55297E-1 4.37781E-1 4.63231E-1 4.45468E-1 4.36136E-1 4.40209E-1 4.39846E-1 4.4366E-1 4.26206E-1 4.52396E-1 4.3217E-1 4.22397E-1 4.48583E-1 4.26548E-1 4.26429E-1 4.35611E-1 4.33972E-1 4.12161E-1 4.04862E-1 4.12663E-1 3.98816E-1 3.83796E-1 3.77892E-1 4.11808E-1 4.12686E-1 4.12535E-1 4.30883E-1 4.1194E-1 4.35656E-1 4.46816E-1 4.48475E-1 4.39761E-1 4.65073E-1 4.75138E-1 4.84506E-1 4.50098E-1 4.43747E-1 5.09708E-1 5.58073E-1 5.73744E-1 5.31863E-1 4.73161E-1 4.55416E-1 4.09468E-1 4.23845E-1 4.21419E-1 4.08717E-1 3.90746E-1 3.74884E-1 3.91439E-1 4.10426E-1 3.93412E-1 3.80152E-1 3.65867E-1 3.60574E-1 3.49699E-1
4.68763E-1 4.72743E-1 4.79687E-1 4.70317E-1 4.45373E-1 4.40005E-1 4.38152E-1 4.53977E-1 4.46714E-1 4.36693E-1 4.50171E-1 4.36263E-1 4.44378E-1 4.55479E-1 4.49451E-1 4.23238E-1 4.11089E-1 4.35027E-1 4.08906E-1 4.21903E-1 4.28436E-1 4.11556E-1 4.0719E-1 4.0394E-1 4.06746E-1 3.90227E-1 3.734E-1 4.10095E-1 4.26672E-1 4.03968E-1 3.99868E-1 4.31995E-1 4.00064E-1 4.34987E-1 4.21765E-1 4.21153E-1 4.49669E-1 4.68943E-1 4.93349E-1 4.7019E-1 4.47253E-1 4.21962E-1 4.59582E-1 5.05257E-1 5.62047E-1 5.42891E-1 4.71945E-1 4.63854E-1 4.53418E-1 4.26578E-1 4.22864E-1 4.28738E-1 4.43822E-1 4.3065E-1 4.51489E-1 4.54013E-1 4.46374E-1 4.31639E-1 4.17243E-1 3.92578E-1 3.63313E-1
4.81225E-1 4.76351E-1 4.76842E-1 4.61786E-1 4.56403E-1 4.57276E-1 4.62947E-1 4.61244E-1 4.56766E-1 4.56829E-1 4.44027E-1 4.56803E-1 4.34615E-1 4.54538E-1 4.5105E-1 4.47764E-1 4.30368E-1 4.26692E-1 4.33755E-1 4.11977E-1 4.1249E-1 4.16876E-1 3.92771E-1 4.01289E-1 3.93802E-1 3.80349E-1 4.09544E-1 4.23473E-1 4.21167E-1 3.98869E-1 3.98374E-1 4.12367E-1 3.89832E-1 4.50811E-1 4.2252E-1 4.39169E-1 4.47342E-1 4.5278E-1 4.65998E-1 4.54128E-1 4.26277E-1 4.48791E-1 4.5016E-1 4.80523E-1 5.05033E-1 5.50055E-1 4.64685E-1 4.6758E-1 4.58187E-1 4.47623E-1 4.19707E-1 4.52922E-1 4.82336E-1 4.64561E-1 4.46873E-1 4.35521E-1 4.18289E-1 4.43174E-1 4.37459E-1 4.3477E-1 4.18251E-1
4.70225E-1 4.7309E-1 4.66736E-1 4.75152E-1 4.68391E-1 4.68871E-1 4.67496E-1 4.60392E-1 4.54254E-1 4.51735E-1 4.47355E-1 4.60396E-1 4.44834E-1 4.46431E-1 4.54355E-1 4.47472E-1 4.63683E-1 4.10312E-1 4.3589E-1 4.3329E-1 4.08203E-1 4.19921E-1 4.1932E-1 4.06321E-1 3.88055E-1 4.06379E-1 4.47325E-1 4.00717E-1 4.11664E-1 4.23446E-1 4.38618E-1 4.27628E-1 3.85674E-1 4.5459E-1 4.11E-1 4.31595E-1 4.351E-1 4.36239E-1 4.27747E-1 4.3319E-1 4.3141E-1 4.58865E-1 4.37089E-1 4.81282E-1 4.43093E-1 4.6103E-1 4.50352E-1 4.60065E-1 4.8578E-1 4.69029E-1 4.08885E-1 4.27212E-1 4.63249E-1 4.60885E-1 4.66606E-1 4.64296E-1 4.49177E-1 4.24791E-1 4.03938E-1 3.91804E-1 3.76566E-1
