maxent_outputs/hummingbirds/hummingbird_33.asc
ncols         426
nrows         180
xllcorner     -130.0
yllcorner     24.0
cellsize      0.16666666666666666
NODATA_value  -9999
[rows 135 to 161 of 180, columns 183 to 243 of 426]
3.14642E-1 3.07479E-1 3.05636E-1 3.1653E-1 3.18375E-1 3.0543E-1 2.68353E-1 2.56949E-1 2.49038E-1 2.50124E-1 2.42901E-1 2.42623E-1 2.4268E-1 2.50843E-1 2.6027E-1 2.57955E-1 2.52574E-1 2.43672E-1 2.6836E-1 2.73494E-1 2.54767E-1 2.4578E-1 2.53508E-1 2.47563E-1 2.37645E-1 2.36315E-1 2.30686E-1 2.14138E-1 1.97023E-1 1.75664E-1 1.58639E-1 1.39627E-1 1.2124E-1 1.12632E-1 1.14503E-1 9.43063E-2 8.04577E-2 7.22758E-2 6.56815E-2 6.89371E-2 6.13005E-2 5.88558E-2 6.06011E-2 7.24068E-2 8.12578E-2 8.11664E-2 7.44558E-2 7.0116E-2 6.62364E-2 6.94269E-2 8.2911E-2 9.9848E-2 1.04179E-1 1.02367E-1 1.0353E-1 9.58107E-2 9.14515E-2 9.43849E-2 8.80289E-2 9.21129E-2 9.8662E-2
3.09693E-1 3.00334E-1 3.02317E-1 3.10552E-1 3.3894E-1 3.26071E-1 2.85435E-1 2.72353E-1 2.76039E-1 2.9591E-1 2.96827E-1 2.88033E-1 2.76937E-1 2.66495E-1 2.65473E-1 2.75093E-1 2.76134E-1 2.57054E-1 2.65829E-1 2.72525E-1 2.40139E-1 2.12939E-1 2.33181E-1 2.26003E-1 2.18423E-1 1.96809E-1 1.76647E-1 1.76896E-1 1.70606E-1 1.56675E-1 1.56817E-1 1.46012E-1 1.23672E-1 1.09312E-1 1.05578E-1 9.77456E-2 8.12949E-2 7.19414E-2 6.60137E-2 6.12699E-2 5.34211E-2 5.35022E-2 5.77522E-2 6.56424E-2 7.58355E-2 6.69773E-2 6.2105E-2 7.04484E-2 7.65084E-2 8.30112E-2 9.76359E-2 1.18467E-1 1.16721E-1 1.13876E-1 1.15817E-1 1.1146E-1 1.0871E-1 1.05673E-1 1.02128E-1 9.47795E-2 9.56921E-2
2.97318E-1 3.10763E-1 3.18541E-1 3.18148E-1 3.15509E-1 3.20328E-1 3.0711E-1 2.78602E-1 2.95516E-1 3.4301E-1 3.67796E-1 3.43384E-1 3.13748E-1 2.89464E-1 2.83609E-1 2.86447E-1 3.01041E-1 2.63042E-1 2.66899E-1 2.66634E-1 2.40339E-1 2.14451E-1 2.06993E-1 1.99861E-1 1.86077E-1 1.59101E-1 1.43597E-1 1.46971E-1 1.5194E-1 1.4699E-1 1.42757E-1 1.38899E-1 1.24719E-1 9.39693E-2 8.90846E-2 9.15543E-2 8.17078E-2 7.442E-2 6.53701E-2 5.43382E-2 4.7975E-2 4.51886E-2 5.44894E-2 6.56424E-2 6.62093E-2 5.8432E-2 6.67576E-2 7.47171E-2 7.70363E-2 8.96445E-2 1.02235E-1 1.20902E-1 1.22057E-1 1.22744E-1 1.24798E-1 1.30191E-1 1.27201E-1 1.2071E-1 1.2366E-1 1.08167E-1 1.08412E-1
2.99955E-1 3.15785E-1 3.1946E-1 3.19986E-1 3.31145E-1 3.23387E-1 3.07905E-1 2.69677E-1 2.75947E-1 3.06942E-1 3.22573E-1 3.19126E-1 3.19508E-1 3.04233E-1 3.10919E-1 3.27176E-1 3.05044E-1 2.87116E-1 2.77024E-1 2.67688E-1 2.42776E-1 2.25602E-1 2.0676E-1 1.78714E-1 1.5578E-1 1.41063E-1 1.24434E-1 1.27455E-1 1.31825E-1 1.33823E-1 1.36483E-1 1.40807E-1 1.16704E-1 9.19486E-2 9.14433E-2 8.99133E-2 8.53503E-2 7.334E-2 6.69828E-2 5.83288E-2 4.69746E-2 3.97831E-2 4.4485E-2 5.74878E-2 5.73848E-2 5.63172E-2 6.63714E-2 7.7303E-2 8.08717E-2 9.14299E-2 9.68222E-2 1.04E-1 1.12944E-1 1.14539E-1 1.29877E-1 1.52564E-1 1.50021E-1 1.46537E-1 1.52715E-1 1.23554E-1 1.23162E-1
3.21657E-1 3.23235E-1 3.35541E-1 3.55882E-1 3.71635E-1 3.63291E-1 3.35706E-1 2.66833E-1 2.53124E-1 2.52921E-1 2.59144E-1 2.97707E-1 3.21571E-1 3.12629E-1 3.32952E-1 3.34985E-1 3.21105E-1 3.21224E-1 2.93963E-1 2.78797E-1 2.42947E-1 2.21601E-1 2.06959E-1 1.88614E-1 1.56929E-1 1.30758E-1 1.39205E-1 1.20882E-1 1.15795E-1 1.17429E-1 1.2774E-1 1.36759E-1 1.26499E-1 1.00723E-1 8.91848E-2 8.69227E-2 8.48175E-2 9.07057E-2 8.41858E-2 6.70435E-2 5.34818E-2 4.228E-2 3.88215E-2 4.47E-2 4.6282E-2 5.41533E-2 6.49751E-2 7.89952E-2 8.9389E-2 9.35322E-2 9.55125E-2 1.05331E-1 1.08305E-1 1.01134E-1 1.13384E-1 1.55431E-1 1.70865E-1 1.93933E-1 2.00158E-1 1.68492E-1 1.56183E-1
3.32051E-1 3.32498E-1 3.50294E-1 3.46456E-1 3.46154E-1 3.38297E-1 3.36547E-1 3.09681E-1 2.69892E-1 2.48836E-1 2.48436E-1 2.84672E-1 3.1247E-1 3.29056E-1 3.45042E-1 3.46271E-1 3.50618E-1 3.39726E-1 3.03705E-1 2.7423E-1 2.49695E-1 2.12186E-1 1.90252E-1 1.67689E-1 1.3679E-1 1.16455E-1 1.25206E-1 1.2176E-1 1.08935E-1 1.06322E-1 1.10488E-1 1.13494E-1 1.09313E-1 9.04894E-2 8.80753E-2 9.41435E-2 1.05109E-1 1.12134E-1 9.81346E-2 8.38635E-2 6.52171E-2 5.34029E-2 4.83519E-2 4.7211E-2 4.78739E-2 5.56761E-2 6.64814E-2 7.81723E-2 8.93096E-2 9.80126E-2 1.00334E-1 1.11355E-1 1.18528E-1 1.1942E-1 1.30113E-1 1.50223E-1 1.68296E-1 2.06528E-1 2.41873E-1 2.27169E-1 2.08885E-1
3.03546E-1 3.02584E-1 3.12011E-1 2.92464E-1 2.97626E-1 3.05842E-1 2.84394E-1 2.85359E-1 2.91607E-1 2.76785E-1 2.80368E-1 2.72995E-1 2.98236E-1 3.23181E-1 3.59306E-1 3.65637E-1 3.69368E-1 3.47042E-1 3.28733E-1 2.83267E-1 2.41996E-1 1.9917E-1 1.66079E-1 1.51979E-1 1.28896E-1 1.04166E-1 1.17273E-1 1.16101E-1 1.06375E-1 9.65136E-2 9.53803E-2 9.37304E-2 8.96285E-2 9.46126E-2 1.11708E-1 1.22708E-1 1.30995E-1 1.28789E-1 1.16425E-1 1.04189E-1 8.71308E-2 6.93923E-2 6.4015E-2 6.04719E-2 5.13821E-2 5.7626E-2 7.27539E-2 7.81255E-2 8.63399E-2 9.38271E-2 1.06917E-1 1.17591E-1 1.37938E-1 1.59406E-1 1.63739E-1 1.68622E-1 1.9166E-1 2.11002E-1 2.50792E-1 2.59915E-1 2.54807E-1
2.77996E-1 2.91313E-1 2.94056E-1 2.99241E-1 2.83731E-1 2.74311E-1 2.65797E-1 2.60549E-1 2.49003E-1 2.61311E-1 3.01472E-1 2.79564E-1 2.84765E-1 3.04313E-1 3.45785E-1 3.65229E-1 3.62976E-1 3.54015E-1 3.26088E-1 2.93644E-1 2.46537E-1 1.94507E-1 1.58264E-1 1.71422E-1 1.72335E-1 1.37677E-1 1.0748E-1 1.00339E-1 9.67364E-2 9.59902E-2 9.38966E-2 1.0086E-1 1.08853E-1 1.19502E-1 1.40705E-1 1.41372E-1 1.49292E-1 1.52458E-1 1.34655E-1 1.20017E-1 9.97865E-2 8.67065E-2 7.9869E-2 6.95623E-2 6.37108E-2 6.6782E-2 7.86632E-2 8.43828E-2 9.2301E-2 9.56896E-2 1.03859E-1 1.21891E-1 1.43961E-1 1.84313E-1 2.12293E-1 2.76485E-1 2.93041E-1 2.51406E-1 2.71061E-1 2.72036E-1 2.75182E-1
2.92607E-1 3.00461E-1 2.92839E-1 2.88489E-1 2.74345E-1 2.40957E-1 2.33861E-1 2.36326E-1 2.34786E-1 2.41373E-1 2.65404E-1 2.79465E-1 2.87711E-1 2.87714E-1 2.94563E-1 3.22314E-1 3.12312E-1 2.97109E-1 3.07686E-1 2.90464E-1 2.53161E-1 2.03929E-1 1.93657E-1 2.10162E-1 2.20816E-1 1.92712E-1 1.57355E-1 1.23981E-1 1.20315E-1 1.2466E-1 1.21851E-1 1.26912E-1 1.45681E-1 1.5089E-1 1.55307E-1 1.63792E-1 1.84562E-1 1.76625E-1 1.49786E-1 1.37809E-1 1.24067E-1 1.05762E-1 9.64821E-2 8.76169E-2 7.87654E-2 7.85982E-2 8.449E-2 9.87974E-2 1.02293E-1 1.02319E-1 1.03544E-1 1.18181E-1 1.41486E-1 1.68418E-1 2.13508E-1 2.74129E-1 3.07759E-1 2.72503E-1 2.69723E-1 2.83458E-1 2.96838E-1
2.90256E-1 3.04058E-1 2.98568E-1 2.83605E-1 2.72259E-1 2.56252E-1 2.48282E-1 2.56681E-1 2.4416E-1 2.82093E-1 2.85679E-1 3.04225E-1 2.98001E-1 2.87151E-1 2.86456E-1 2.87908E-1 2.76599E-1 2.52651E-1 2.50152E-1 2.55642E-1 2.43473E-1 2.35551E-1 2.34531E-1 2.55868E-1 2.55734E-1 2.36688E-1 2.16272E-1 1.81158E-1 1.74612E-1 1.70047E-1 1.59757E-1 1.61006E-1 1.83384E-1 2.05083E-1 1.99036E-1 1.80103E-1 1.90273E-1 2.01131E-1 1.78796E-1 1.57747E-1 1.54292E-1 1.256E-1 1.12549E-1 9.78773E-2 9.22616E-2 9.22713E-2 9.63578E-2 1.11212E-1 1.18804E-1 1.21302E-1 1.15923E-1 1.18602E-1 1.37058E-1 1.71803E-1 1.91859E-1 2.38458E-1 2.57091E-1 2.58952E-1 2.58191E-1 2.72154E-1 2.74994E-1
3.15525E-1 3.25843E-1 3.20608E-1 2.93317E-1 2.60811E-1 2.58642E-1 2.54617E-1 2.57858E-1 2.60766E-1 2.88044E-1 3.16667E-1 3.3607E-1 3.3178E-1 3.29447E-1 3.09339E-1 2.67291E-1 2.38716E-1 2.08134E-1 2.1626E-1 2.39604E-1 2.83357E-1 2.79979E-1 2.77817E-1 2.90283E-1 2.88951E-1 2.73106E-1 2.7244E-1 2.54383E-1 2.40856E-1 2.254E-1 2.16756E-1 2.15172E-1 2.30599E-1 2.38327E-1 2.16661E-1 1.87518E-1 1.94342E-1 1.97434E-1 1.82355E-1 1.74121E-1 1.55433E-1 1.48888E-1 1.35208E-1 1.179E-1 1.17707E-1 1.11684E-1 1.10055E-1 1.19301E-1 1.24064E-1 1.34525E-1 1.33172E-1 1.34942E-1 1.41398E-1 1.64586E-1 1.81056E-1 2.37876E-1 2.41524E-1 2.54151E-1 2.68158E-1 2.58255E-1 2.67733E-1
3.68982E-1 3.54473E-1 3.31738E-1 3.34155E-1 3.15324E-1 3.4044E-1 3.27685E-1 3.01391E-1 3.08561E-1 3.17192E-1 3.49232E-1 3.667E-1 3.66835E-1 3.47226E-1 3.07635E-1 2.70676E-1 2.28848E-1 2.31763E-1 2.4196E-1 2.57896E-1 2.8213E-1 2.89647E-1 2.90447E-1 2.90462E-1 2.81806E-1 2.80722E-1 2.83865E-1 2.94055E-1 3.0253E-1 2.82212E-1 2.64641E-1 2.54917E-1 2.64007E-1 -9999 -9999 -9999 -9999 -9999 -9999 1.94931E-1 1.80378E-1 1.71334E-1 1.59608E-1 1.43646E-1 1.40035E-1 1.27477E-1 1.3799E-1 1.36677E-1 1.41746E-1 1.46592E-1 1.56318E-1 1.71519E-1 1.91992E-1 1.93137E-1 2.03645E-1 2.23765E-1 2.52807E-1 2.41877E-1 2.42126E-1 2.63608E-1 2.68172E-1
4.24561E-1 3.79876E-1 3.59831E-1 3.76316E-1 3.77317E-1 3.93267E-1 3.98699E-1 3.87333E-1 3.77841E-1 3.63879E-1 3.65462E-1 3.74011E-1 3.73893E-1 3.20565E-1 2.90336E-1 2.59308E-1 2.61318E-1 2.58145E-1 2.56679E-1 2.61796E-1 2.84719E-1 3.05073E-1 2.83734E-1 2.59225E-1 2.5564E-1 2.7326E-1 2.79981E-1 3.11684E-1 3.62459E-1 3.28378E-1 -9999 -9999 -9999 -9999 -9999 -9999 -9999 -9999 -9999 -9999 -9999 -9999 -9999 -9999 -9999 1.33514E-1 1.34281E-1 -9999 1.65869E-1 1.68419E-1 1.83556E-1 2.03708E-1 2.22078E-1 2.42377E-1 2.46065E-1 2.38058E-1 2.53718E-1 2.57052E-1 2.52006E-1 2.41646E-1 2.26621E-1
4.51652E-1 4.19148E-1 4.05802E-1 4.29123E-1 4.52246E-1 4.64686E-1 4.81757E-1 4.8706E-1 4.6666E-1 4.55897E-1 4.50414E-1 4.34744E-1 4.03826E-1 3.72978E-1 3.3872E-1 3.3505E-1 3.24531E-1 3.09326E-1 2.84971E-1 2.66569E-1 2.86294E-1 3.28581E-1 2.92531E-1 2.46168E-1 2.33643E-1 2.64071E-1 3.09725E-1 3.67694E-1 4.00594E-1 -9999 -9999 -9999 -9999 -9999 -9999 -9999 -9999 -9999 -9999 -9999 -9999 -9999 -9999 -9999 -9999 -9999 -9999 -9999 1.95098E-1 1.88264E-1 2.08212E-1 2.25616E-1 2.40853E-1 2.48495E-1 2.50881E-1 2.54536E-1 2.67938E-1 2.80475E-1 2.66744E-1 2.65372E-1 2.493E-1
5.13815E-1 4.88059E-1 4.8218E-1 4.94596E-1 5.18223E-1 5.41029E-1 5.50237E-1 5.56463E-1 5.46943E-1 5.40158E-1 5.25159E-1 5.03401E-1 4.62361E-1 4.38575E-1 4.14994E-1 4.25695E-1 4.18438E-1 3.68625E-1 3.08074E-1 2.73104E-1 3.0441E-1 3.36799E-1 3.0386E-1 2.61149E-1 2.61616E-1 3.06756E-1 4.03253E-1 -9999 -9999 -9999 -9999 -9999 -9999 -9999 -9999 -9999 -9999 -9999 -9999 -9999 -9999 -9999 -9999 -9999 -9999 -9999 -9999 -9999 -9999 -9999 -9999 2.50248E-1 2.61336E-1 2.98532E-1 3.26927E-1 2.60805E-1 2.63661E-1 -9999 -9999 -9999 2.2871E-1
5.68556E-1 5.58447E-1 5.41337E-1 5.62087E-1 5.67987E-1 6.09335E-1 6.14829E-1 6.03477E-1 5.85845E-1 5.7742E-1 5.96413E-1 5.63782E-1 5.38935E-1 5.11741E-1 5.23323E-1 5.11984E-1 4.93845E-1 4.50007E-1 3.69753E-1 3.33106E-1 3.58609E-1 3.8024E-1 3.65011E-1 3.39468E-1 3.30955E-1 3.73007E-1 -9999 -9999 -9999 -9999 -9999 -9999 -9999 -9999 -9999 -9999 -9999 -9999 -9999 -9999 -9999 -9999 -9999 -9999 -9999 -9999 -9999 -9999 -9999 -9999 -9999 -9999 -9999 -9999 -9999 -9999 -9999 -9999 -9999 -9999 2.61743E-1
5.93671E-1 6.18429E-1 6.0087E-1 6.04961E-1 6.25981E-1 6.36502E-1 6.37725E-1 6.07556E-1 5.79701E-1 5.64982E-1 5.79384E-1 5.9089E-1 5.8044E-1 5.92597E-1 5.88341E-1 5.91476E-1 5.66263E-1 5.41059E-1 4.61544E-1 4.08917E-1 4.74438E-1 4.83846E-1 4.77925E-1 4.3596E-1 -9999 -9999 -9999 -9999 -9999 -9999 -9999 -9999 -9999 -9999 -9999 -9999 -9999 -9999 -9999 -9999 -9999 -9999 -9999 -9999 -9999 -9999 -9999 -9999 -9999 -9999 -9999 -9999 -9999 -9999 -9999 -9999 -9999 -9999 -9999 -9999 -9999
6.33861E-1 6.61468E-1 6.45918E-1 6.32292E-1 6.24412E-1 6.38122E-1 6.35281E-1 6.17665E-1 5.83093E-1 5.44552E-1 5.12941E-1 5.46522E-1 5.89068E-1 6.21445E-1 6.20188E-1 6.35867E-1 6.13737E-1 5.99579E-1 5.79594E-1 5.63273E-1 5.76021E-1 6.04135E-1 5.77993E-1 -9999 -9999 -9999 -9999 -9999 -9999 -9999 -9999 -9999 -9999 -9999 -9999 -9999 -9999 -9999 -9999 -9999 -9999 -9999 -9999 -9999 -9999 -9999 -9999 -9999 -9999 -9999 -9999 -9999 -9999 -9999 -9999 -9999 -9999 -9999 -9999 -9999 -9999
6.46322E-1 6.86508E-1 6.6553E-1 6.35131E-1 6.12882E-1 6.29122E-1 6.37595E-1 6.22941E-1 5.77146E-1 5.11711E-1 4.88087E-1 5.36074E-1 5.91604E-1 6.44891E-1 6.52765E-1 6.6484E-1 7.06923E-1 6.47765E-1 6.93518E-1 7.08366E-1 -9999 -9999 -9999 -9999 -9999 -9999 -9999 -9999 -9999 -9999 -9999 -9999 -9999 -9999 -9999 -9999 -9999 -9999 -9999 -9999 -9999 -9999 -9999 -9999 -9999 -9999 -9999 -9999 -9999 -9999 -9999 -9999 -9999 -9999 -9999 -9999 -9999 -9999 -9999 -9999 -9999
5.74509E-1 6.14251E-1 6.23116E-1 6.02886E-1 6.14208E-1 6.29725E-1 6.05408E-1 5.83072E-1 5.58036E-1 5.48588E-1 5.14335E-1 5.45248E-1 6.05702E-1 6.80442E-1 6.96239E-1 7.15373E-1 7.75249E-1 7.75941E-1 7.21577E-1 -9999 -9999 -9999 -9999 -9999 -9999 -9999 -9999 -9999 -9999 -9999 -9999 -9999 -9999 -9999 -9999 -9999 -9999 -9999 -9999 -9999 -9999 -9999 -9999 -9999 -9999 -9999 -9999 -9999 -9999 -9999 -9999 -9999 -9999 -9999 -9999 -9999 -9999 -9999 -9999 -9999 -9999
5.69086E-1 5.82171E-1 5.88022E-1 6.10325E-1 6.06885E-1 6.02198E-1 5.59829E-1 5.67604E-1 5.6639E-1 5.80975E-1 5.56517E-1 5.6393E-1 6.35882E-1 6.85388E-1 7.67413E-1 8.07446E-1 8.01434E-1 -9999 -9999 -9999 -9999 -9999 -9999 -9999 -9999 -9999 -9999 -9999 -9999 -9999 -9999 -9999 -9999 -9999 -9999 -9999 -9999 -9999 -9999 -9999 -9999 -9999 -9999 -9999 -9999 -9999 -9999 -9999 -9999 -9999 -9999 -9999 -9999 -9999 -9999 -9999 -9999 -9999 -9999 -9999 -9999
5.86403E-1 6.02977E-1 5.92162E-1 6.10125E-1 5.95781E-1 5.65948E-1 5.66811E-1 5.67593E-1 5.87485E-1 5.88244E-1 5.92963E-1 6.12474E-1 6.7938E-1 7.3811E-1 8.10935E-1 8.27215E-1 -9999 -9999 -9999 -9999 -9999 -9999 -9999 -9999 -9999 -9999 -9999 -9999 -9999 -9999 -9999 -9999 -9999 -9999 -9999 -9999 -9999 -9999 -9999 -9999 -9999 -9999 -9999 -9999 -9999 -9999 -9999 -9999 -9999 -9999 -9999 -9999 -9999 -9999 -9999 -9999 -9999 -9999 -9999 -9999 -9999
6.24646E-1 6.1844E-1 6.24551E-1 6.2636E-1 6.03216E-1 5.87622E-1 6.04502E-1 6.07734E-1 6.22486E-1 6.45695E-1 6.80428E-1 6.71614E-1 7.24132E-1 8.38466E-1 8.46427E-1 -9999 -9999 -9999 -9999 -9999 -9999 -9999 -9999 -9999 -9999 -9999 -9999 -9999 -9999 -9999 -9999 -9999 -9999 -9999 -9999 -9999 -9999 -9999 -9999 -9999 -9999 -9999 -9999 -9999 -9999 -9999 -9999 -9999 -9999 -9999 -9999 -9999 -9999 -9999 -9999 -9999 -9999 -9999 -9999 -9999 -9999
6.98368E-1 6.51969E-1 6.4282E-1 6.09726E-1 6.08714E-1 6.33347E-1 6.62016E-1 6.6556E-1 6.89318E-1 7.43864E-1 7.78924E-1 7.87248E-1 8.23303E-1 8.7451E-1 -9999 -9999 -9999 -9999 -9999 -9999 -9999 -9999 -9999 -9999 -9999 -9999 -9999 -9999 -9999 -9999 -9999 -9999 -9999 -9999 -9999 -9999 -9999 -9999 -9999 -9999 -9999 -9999 -9999 -9999 -9999 -9999 -9999 -9999 -9999 -9999 -9999 -9999 -9999 -9999 -9999 -9999 -9999 -9999 -9999 -9999 -9999
6.91835E-1 6.84456E-1 6.6995E-1 6.21679E-1 6.60094E-1 6.88204E-1 7.0279E-1 7.10786E-1 7.50375E-1 7.99931E-1 8.42579E-1 8.64469E-1 8.84593E-1 9.04806E-1 -9999 -9999 -9999 -9999 -9999 -9999 -9999 -9999 -9999 -9999 -9999 -9999 -9999 -9999 -9999 -9999 -9999 -9999 -9999 -9999 -9999 -9999 -9999 -9999 -9999 -9999 -9999 -9999 -9999 -9999 -9999 -9999 -9999 -9999 -9999 -9999 -9999 -9999 -9999 -9999 -9999 -9999 -9999 -9999 -9999 -9999 -9999
6.84148E-1 6.76123E-1 6.75897E-1 6.59368E-1 6.78714E-1 7.02489E-1 7.13706E-1 7.37108E-1 7.74271E-1 8.2366E-1 8.72531E-1 8.95623E-1 9.17383E-1 -9999 -9999 -9999 -9999 -9999 -9999 -9999 -9999 -9999 -9999 -9999 -9999 -9999 -9999 -9999 -9999 -9999 -9999 -9999 -9999 -9999 -9999 -9999 -9999 -9999 -9999 -9999 -9999 -9999 -9999 -9999 -9999 -9999 -9999 -9999 -9999 -9999 -9999 -9999 -9999 -9999 -9999 -9999 -9999 -9999 -9999 -9999 -9999
7.0306E-1 6.57344E-1 6.8855E-1 6.85877E-1 7.03602E-1 7.13631E-1 7.41795E-1 7.63119E-1 7.87594E-1 8.32777E-1 8.67877E-1 8.99219E-1 9.30791E-1 -9999 -9999 -9999 -9999 -9999 -9999 -9999 -9999 -9999 -9999 -9999 -9999 -9999 -9999 -9999 -9999 -9999 -9999 -9999 -9999 -9999 -9999 -9999 -9999 -9999 -9999 -9999 -9999 -9999 -9999 -9999 -9999 -9999 -9999 -9999 -9999 -9999 -9999 -9999 -9999 -9999 -9999 -9999 -9999 -9999 -9999 -9999 -9999
