maxent_outputs/hummingbirds/hummingbird_316.asc
ncols         426
nrows         180
xllcorner     -130.0
yllcorner     24.0
cellsize      0.16666666666666666
NODATA_value  -9999
[rows 54 to 80 of 180, columns 183 to 243 of 426]
1.05496E-1 1.09416E-1 1.19978E-1 1.22091E-1 1.19926E-1 1.17473E-1 1.1889E-1 1.15678E-1 1.1414E-1 1.11342E-1 1.08109E-1 1.09647E-1 1.14389E-1 1.15592E-1 1.09194E-1 1.03944E-1 1.12861E-1 1.17776E-1 1.22895E-1 1.1877E-1 1.18431E-1 1.15576E-1 1.13035E-1 1.09011E-1 1.09214E-1 1.07376E-1 1.08623E-1 1.12208E-1 1.09196E-1 1.1005E-1 1.15347E-1 1.11648E-1 1.12826E-1 1.14391E-1 1.23254E-1 1.35713E-1 1.37841E-1 1.37966E-1 1.37585E-1 1.26042E-1 1.33754E-1 1.17979E-1 1.07195E-1 1.0598E-1 1.15021E-1 1.20565E-1 1.17874E-1 1.17762E-1 1.25163E-1 1.20167E-1 1.16487E-1 1.12253E-1 1.09438E-1 1.08399E-1 1.04985E-1 1.06017E-1 1.08491E-1 1.08092E-1 1.15317E-1 1.20939E-1 1.16219E-1
1.05021E-1 1.09574E-1 1.15154E-1 1.16685E-1 1.18666E-1 1.22862E-1 1.19929E-1 1.15307E-1 1.14646E-1 1.12372E-1 1.08988E-1 1.16259E-1 1.10901E-1 1.12522E-1 1.09744E-1 1.05026E-1 1.05409E-1 1.08798E-1 1.17358E-1 1.19051E-1 1.16225E-1 1.15253E-1 1.12292E-1 1.13194E-1 1.17509E-1 1.14497E-1 1.14202E-1 1.17086E-1 1.11688E-1 1.10551E-1 1.12707E-1 1.1585E-1 1.15594E-1 1.15848E-1 1.20891E-1 1.29823E-1 1.34805E-1 1.37585E-1 1.32502E-1 1.36421E-1 1.37618E-1 1.22547E-1 1.19063E-1 1.17992E-1 1.26509E-1 1.31055E-1 1.24566E-1 1.28556E-1 1.26812E-1 1.18685E-1 1.18973E-1 1.17904E-1 1.11317E-1 1.0858E-1 1.07352E-1 1.10577E-1 1.1328E-1 1.21589E-1 1.31892E-1 1.28766E-1 1.25474E-1
1.14078E-1 1.20887E-1 1.26975E-1 1.26913E-1 1.2592E-1 1.28217E-1 1.2753E-1 1.20316E-1 1.17802E-1 1.15754E-1 1.11413E-1 1.0968E-1 1.09905E-1 1.14302E-1 1.21112E-1 1.11584E-1 1.05563E-1 1.03529E-1 1.09172E-1 1.1884E-1 1.22881E-1 1.21002E-1 1.17714E-1 1.18674E-1 1.17171E-1 1.19518E-1 1.26802E-1 1.25906E-1 1.18205E-1 1.16006E-1 1.12307E-1 1.16967E-1 1.18085E-1 1.25964E-1 1.19198E-1 1.2058E-1 1.22123E-1 1.25324E-1 1.25086E-1 1.27939E-1 1.32294E-1 1.4223E-1 1.44415E-1 1.3386E-1 1.36516E-1 1.36344E-1 1.29292E-1 1.24918E-1 1.2163E-1 1.14005E-1 1.11084E-1 1.07493E-1 1.10006E-1 1.06398E-1 1.05496E-1 1.10395E-1 1.13082E-1 1.16195E-1 1.20274E-1 1.27586E-1 1.20612E-1
1.13619E-1 1.14061E-1 1.21977E-1 1.24601E-1 1.31629E-1 1.31931E-1 1.31297E-1 1.2995E-1 1.25371E-1 1.21918E-1 1.15501E-1 1.11841E-1 1.13647E-1 1.15505E-1 1.14141E-1 1.18267E-1 1.14383E-1 1.08636E-1 1.07853E-1 1.12619E-1 1.18622E-1 1.24251E-1 1.26481E-1 1.232E-1 1.22879E-1 1.22432E-1 1.22843E-1 1.21443E-1 1.26337E-1 1.26069E-1 1.21509E-1 1.21625E-1 1.22379E-1 1.30472E-1 1.17874E-1 1.19375E-1 1.20571E-1 1.213E-1 1.23091E-1 1.27163E-1 1.24461E-1 1.24473E-1 1.27185E-1 1.42538E-1 1.4999E-1 1.48177E-1 1.36035E-1 1.28103E-1 1.23397E-1 1.16459E-1 1.11867E-1 1.06354E-1 1.15783E-1 1.13247E-1 1.11529E-1 1.1288E-1 1.20451E-1 1.23151E-1 1.27972E-1 1.1931E-1 1.20308E-1
1.22445E-1 1.17766E-1 1.19562E-1 1.20252E-1 1.28266E-1 1.38502E-1 1.31126E-1 1.31824E-1 1.29517E-1 1.27086E-1 1.22397E-1 1.18454E-1 1.29264E-1 1.17449E-1 1.18225E-1 1.19797E-1 1.20817E-1 1.13003E-1 1.08055E-1 1.11764E-1 1.17153E-1 1.19865E-1 1.2221E-1 1.26121E-1 1.28254E-1 1.28183E-1 1.29648E-1 1.28785E-1 1.30176E-1 1.28752E-1 1.31222E-1 1.37396E-1 1.30899E-1 1.34192E-1 1.30473E-1 1.23596E-1 1.21931E-1 1.18556E-1 1.1437E-1 1.18728E-1 1.24065E-1 1.26713E-1 1.30996E-1 1.3181E-1 1.34368E-1 1.53275E-1 1.39513E-1 1.33124E-1 1.26533E-1 1.22658E-1 1.20154E-1 1.17109E-1 1.16538E-1 1.20637E-1 1.20372E-1 1.2038E-1 1.28805E-1 1.34721E-1 1.26743E-1 1.17798E-1 1.19355E-1
1.46852E-1 1.33385E-1 1.29322E-1 1.24905E-1 1.21874E-1 1.39345E-1 1.43968E-1 1.38512E-1 1.35304E-1 1.33045E-1 1.2746E-1 1.20881E-1 1.16934E-1 1.16358E-1 1.19203E-1 1.20024E-1 1.18542E-1 1.17711E-1 1.11535E-1 1.08418E-1 1.12843E-1 1.17159E-1 1.24858E-1 1.21518E-1 1.23855E-1 1.26257E-1 1.28429E-1 1.30488E-1 1.35446E-1 1.34582E-1 1.31657E-1 1.30323E-1 1.37246E-1 1.30383E-1 1.24199E-1 1.19567E-1 1.18872E-1 1.16356E-1 1.12212E-1 1.15643E-1 1.21859E-1 1.28125E-1 1.26703E-1 1.20504E-1 1.26952E-1 1.31866E-1 1.48264E-1 1.46296E-1 1.38695E-1 1.35637E-1 1.33944E-1 1.25845E-1 1.20143E-1 1.26617E-1 1.31574E-1 1.32786E-1 1.41204E-1 1.43289E-1 1.31152E-1 1.28522E-1 1.31723E-1
1.48524E-1 1.47626E-1 1.40219E-1 1.33442E-1 1.31464E-1 1.39102E-1 1.50903E-1 1.48473E-1 1.43388E-1 1.39053E-1 1.35957E-1 1.26588E-1 1.17988E-1 1.16396E-1 1.20979E-1 1.24538E-1 1.22668E-1 1.20864E-1 1.12291E-1 1.1209E-1 1.12519E-1 1.13839E-1 1.20409E-1 1.20849E-1 1.23097E-1 1.22313E-1 1.26554E-1 1.27457E-1 1.32622E-1 1.35641E-1 1.33415E-1 1.29428E-1 1.33298E-1 1.30054E-1 1.27182E-1 1.22717E-1 1.19702E-1 1.16058E-1 1.12002E-1 1.12646E-1 1.16572E-1 1.22959E-1 1.23998E-1 1.21943E-1 1.20835E-1 1.22836E-1 1.26466E-1 1.33811E-1 1.48412E-1 1.54853E-1 1.39584E-1 1.33934E-1 1.29615E-1 1.24755E-1 1.27971E-1 1.37506E-1 1.43848E-1 1.49124E-1 1.35841E-1 1.34958E-1 1.39978E-1
1.68638E-1 1.47736E-1 1.41352E-1 1.39335E-1 1.44383E-1 1.43738E-1 1.49503E-1 1.51014E-1 1.53465E-1 1.50572E-1 1.40622E-1 1.32094E-1 1.2344E-1 1.19649E-1 1.20382E-1 1.21081E-1 1.27177E-1 1.23557E-1 1.15253E-1 1.14351E-1 1.17608E-1 1.15472E-1 1.17068E-1 1.19953E-1 1.23553E-1 1.2917E-1 1.26884E-1 1.25854E-1 1.32381E-1 1.34759E-1 1.35945E-1 1.31159E-1 1.31121E-1 1.27322E-1 1.28171E-1 1.25573E-1 1.20221E-1 1.18071E-1 1.14657E-1 1.17976E-1 1.14667E-1 1.1635E-1 1.19073E-1 1.23502E-1 1.27942E-1 1.29761E-1 1.3397E-1 1.39946E-1 1.36242E-1 1.61547E-1 1.41924E-1 1.30699E-1 1.30052E-1 1.33807E-1 1.30618E-1 1.38223E-1 1.40263E-1 1.4198E-1 1.39175E-1 1.38082E-1 1.41611E-1
1.73558E-1 1.61172E-1 1.49435E-1 1.492E-1 1.46355E-1 1.43631E-1 1.45132E-1 1.47473E-1 1.5267E-1 1.53515E-1 1.46068E-1 1.3644E-1 1.33719E-1 1.26885E-1 1.29014E-1 1.27688E-1 1.3209E-1 1.36771E-1 1.24736E-1 1.23056E-1 1.20717E-1 1.18553E-1 1.18532E-1 1.23758E-1 1.24181E-1 1.27062E-1 1.275E-1 1.29899E-1 1.33293E-1 1.34303E-1 1.33517E-1 1.28652E-1 1.29212E-1 1.26114E-1 1.27471E-1 1.24373E-1 1.29718E-1 1.26879E-1 1.20254E-1 1.2112E-1 1.17164E-1 1.13902E-1 1.1687E-1 1.20577E-1 1.20258E-1 1.21697E-1 1.31792E-1 1.31224E-1 1.30502E-1 1.59373E-1 1.39489E-1 1.27228E-1 1.33344E-1 1.40753E-1 1.37168E-1 1.35668E-1 1.3976E-1 1.39298E-1 1.42291E-1 1.40717E-1 1.39039E-1
1.59585E-1 1.80988E-1 1.79894E-1 1.64507E-1 1.536E-1 1.46874E-1 1.44241E-1 1.41203E-1 1.4973E-1 1.52666E-1 1.51668E-1 1.40052E-1 1.34838E-1 1.3435E-1 1.34713E-1 1.35381E-1 1.36676E-1 1.41458E-1 1.33471E-1 1.31291E-1 1.27062E-1 1.20491E-1 1.20886E-1 1.23091E-1 1.25157E-1 1.33625E-1 1.41627E-1 1.3135E-1 1.37173E-1 1.33839E-1 1.30212E-1 1.28798E-1 1.29363E-1 1.25807E-1 1.23835E-1 1.25815E-1 1.26421E-1 1.26144E-1 1.23294E-1 1.2678E-1 1.23269E-1 1.22361E-1 1.19189E-1 1.14853E-1 1.18787E-1 1.308E-1 1.43001E-1 1.48486E-1 1.41269E-1 1.5121E-1 1.44067E-1 1.33936E-1 1.39269E-1 1.39938E-1 1.41052E-1 1.40521E-1 1.37244E-1 1.40721E-1 1.40788E-1 1.41092E-1 1.33243E-1
1.50265E-1 1.55317E-1 1.81772E-1 1.97465E-1 1.74568E-1 1.61337E-1 1.58009E-1 1.53276E-1 1.49297E-1 1.61085E-1 1.58841E-1 1.50245E-1 1.40042E-1 1.45412E-1 1.44946E-1 1.41755E-1 1.41678E-1 1.46514E-1 1.4009E-1 1.39837E-1 1.30158E-1 1.25603E-1 1.24308E-1 1.29085E-1 1.33644E-1 1.33543E-1 1.31909E-1 1.33155E-1 1.33669E-1 1.28092E-1 1.29437E-1 1.32088E-1 1.33375E-1 1.26399E-1 1.24102E-1 1.27462E-1 1.29006E-1 1.29351E-1 1.27722E-1 1.26534E-1 1.30886E-1 1.27914E-1 1.23681E-1 1.22157E-1 1.25083E-1 1.31885E-1 1.43187E-1 1.36743E-1 1.30578E-1 1.34406E-1 1.54417E-1 1.41415E-1 1.47446E-1 1.48592E-1 1.44221E-1 1.47053E-1 1.45451E-1 1.47322E-1 1.43296E-1 1.3463E-1 1.27799E-1
1.55316E-1 1.56837E-1 1.68991E-1 1.85418E-1 1.98045E-1 1.95473E-1 1.74812E-1 1.6401E-1 1.55533E-1 1.61809E-1 1.66234E-1 1.62488E-1 1.55288E-1 1.42886E-1 1.47129E-1 1.4864E-1 1.41006E-1 1.41822E-1 1.4686E-1 1.38341E-1 1.31592E-1 1.30525E-1 1.30444E-1 1.33082E-1 1.37112E-1 1.37936E-1 1.4091E-1 1.36471E-1 1.34365E-1 1.31831E-1 1.28241E-1 1.32131E-1 1.28941E-1 1.2594E-1 1.2305E-1 1.24866E-1 1.31517E-1 1.30948E-1 1.34002E-1 1.32617E-1 1.32593E-1 1.33965E-1 1.26181E-1 1.23259E-1 1.2407E-1 1.31526E-1 1.33644E-1 1.31716E-1 1.32283E-1 1.46591E-1 1.519E-1 1.57596E-1 1.5325E-1 1.45244E-1 1.43985E-1 1.4539E-1 1.49653E-1 1.45883E-1 1.40001E-1 1.32254E-1 1.49355E-1
1.68233E-1 1.67209E-1 1.7172E-1 1.73184E-1 1.76133E-1 1.80992E-1 1.80974E-1 1.78664E-1 1.77514E-1 1.77591E-1 1.8636E-1 1.77578E-1 1.72689E-1 1.63884E-1 1.54126E-1 1.54648E-1 1.47896E-1 1.48865E-1 1.44248E-1 1.38257E-1 1.37316E-1 1.3544E-1 1.36434E-1 1.40004E-1 1.49455E-1 1.43401E-1 1.4241E-1 1.34096E-1 1.31096E-1 1.30509E-1 1.29895E-1 1.291E-1 1.26562E-1 1.29956E-1 1.30614E-1 1.3026E-1 1.30111E-1 1.34918E-1 1.37591E-1 1.43359E-1 1.37574E-1 1.34437E-1 1.29896E-1 1.26977E-1 1.23565E-1 1.22451E-1 1.29616E-1 1.37924E-1 1.34576E-1 1.42508E-1 1.59285E-1 1.42553E-1 1.45041E-1 1.39136E-1 1.33729E-1 1.33707E-1 1.31361E-1 1.34223E-1 1.30615E-1 1.32219E-1 1.31132E-1
1.77872E-1 1.69738E-1 1.68504E-1 1.67697E-1 1.73638E-1 1.75656E-1 1.74853E-1 1.84965E-1 1.97438E-1 1.90039E-1 1.67585E-1 1.66791E-1 1.68757E-1 1.70298E-1 1.75681E-1 1.78178E-1 1.60938E-1 1.56402E-1 1.45959E-1 1.44501E-1 1.41511E-1 1.4028E-1 1.39833E-1 1.47722E-1 1.42648E-1 1.43637E-1 1.47191E-1 1.40926E-1 1.34845E-1 1.30247E-1 1.29404E-1 1.27875E-1 1.29396E-1 1.37173E-1 1.32078E-1 1.33312E-1 1.29837E-1 1.34576E-1 1.437E-1 1.49882E-1 1.46759E-1 1.46446E-1 1.41339E-1 1.33896E-1 1.31263E-1 1.24426E-1 1.22101E-1 1.32981E-1 1.44847E-1 1.49848E-1 1.65206E-1 1.59752E-1 1.55646E-1 1.48605E-1 1.37386E-1 1.36431E-1 1.36844E-1 1.42958E-1 1.3874E-1 1.36793E-1 1.34901E-1
1.64545E-1 1.61586E-1 1.60998E-1 1.63701E-1 1.62135E-1 1.62353E-1 1.61675E-1 1.73575E-1 1.82508E-1 1.79011E-1 1.57278E-1 1.41752E-1 1.5527E-1 1.66884E-1 1.59513E-1 1.58517E-1 1.67278E-1 1.65681E-1 1.6344E-1 1.49512E-1 1.44337E-1 1.4732E-1 1.51919E-1 1.48415E-1 1.42275E-1 1.43406E-1 1.47824E-1 1.46777E-1 1.37454E-1 1.33526E-1 1.33148E-1 1.35941E-1 1.35766E-1 1.41719E-1 1.40311E-1 1.33786E-1 1.32034E-1 1.3075E-1 1.38161E-1 1.43723E-1 1.46447E-1 1.48443E-1 1.49352E-1 1.37189E-1 1.36332E-1 1.32538E-1 1.29143E-1 1.33189E-1 1.38014E-1 1.43686E-1 1.44962E-1 1.51663E-1 1.65694E-1 1.56581E-1 1.41817E-1 1.35203E-1 1.39455E-1 1.43697E-1 1.45328E-1 1.3884E-1 1.4083E-1
1.56419E-1 1.59705E-1 1.64365E-1 1.64075E-1 1.63171E-1 1.6322E-1 1.63259E-1 1.67263E-1 1.73103E-1 1.7091E-1 1.60055E-1 1.5063E-1 1.47554E-1 1.55491E-1 1.51426E-1 1.51062E-1 1.58046E-1 1.69781E-1 1.76828E-1 1.5805E-1 1.55337E-1 1.54945E-1 1.5744E-1 1.4831E-1 1.47385E-1 1.4297E-1 1.50738E-1 1.53723E-1 1.48139E-1 1.45992E-1 1.41418E-1 1.4073E-1 1.50991E-1 1.48322E-1 1.46801E-1 1.40575E-1 1.35332E-1 1.36036E-1 1.43091E-1 1.41466E-1 1.40845E-1 1.43115E-1 1.47108E-1 1.47766E-1 1.41991E-1 1.42298E-1 1.41379E-1 1.40217E-1 1.44782E-1 1.46617E-1 1.43575E-1 1.44482E-1 1.47991E-1 1.61196E-1 1.57911E-1 1.50025E-1 1.43905E-1 1.40967E-1 1.50101E-1 1.44648E-1 1.4271E-1
1.48012E-1 1.56107E-1 1.58375E-1 1.6502E-1 1.65929E-1 1.61001E-1 1.62325E-1 1.64024E-1 1.63371E-1 1.64869E-1 1.68803E-1 1.68438E-1 1.55317E-1 1.58569E-1 1.56082E-1 1.49589E-1 1.50795E-1 1.61035E-1 1.89752E-1 1.75979E-1 1.69263E-1 1.76118E-1 1.65303E-1 1.60319E-1 1.51934E-1 1.50221E-1 1.51666E-1 1.58952E-1 1.61728E-1 1.57675E-1 1.5004E-1 1.43445E-1 1.41936E-1 1.55971E-1 1.46384E-1 1.47937E-1 1.43776E-1 1.44881E-1 1.45993E-1 1.43028E-1 1.42969E-1 1.45081E-1 1.45487E-1 1.47232E-1 1.52243E-1 1.54534E-1 1.50163E-1 1.46614E-1 1.447E-1 1.45665E-1 1.46769E-1 1.49108E-1 1.45116E-1 1.44508E-1 1.62133E-1 1.57035E-1 1.45867E-1 1.43333E-1 1.43719E-1 1.48317E-1 1.48652E-1
1.50734E-1 1.53222E-1 1.57751E-1 1.6061E-1 1.62894E-1 1.65369E-1 1.64119E-1 1.62986E-1 1.67288E-1 1.70782E-1 1.70431E-1 1.73873E-1 1.72286E-1 1.6377E-1 1.62444E-1 1.57325E-1 1.57841E-1 1.60091E-1 1.75711E-1 1.87172E-1 1.81623E-1 1.88593E-1 1.74204E-1 1.66499E-1 1.62886E-1 1.55518E-1 1.46942E-1 1.56085E-1 1.58495E-1 1.57935E-1 1.51385E-1 1.48677E-1 1.45116E-1 1.61431E-1 1.55001E-1 1.59194E-1 1.56044E-1 1.52955E-1 1.52256E-1 1.5315E-1 1.49967E-1 1.47581E-1 1.51262E-1 1.49895E-1 1.543E-1 1.55545E-1 1.6535E-1 1.53089E-1 1.48117E-1 1.50262E-1 1.45276E-1 1.49901E-1 1.5317E-1 1.54382E-1 1.53244E-1 1.51588E-1 1.52283E-1 1.37551E-1 1.38506E-1 1.44321E-1 1.54109E-1
1.60003E-1 1.63809E-1 1.66252E-1 1.63055E-1 1.55977E-1 1.59333E-1 1.60769E-1 1.63633E-1 1.65126E-1 1.63948E-1 1.65654E-1 1.70314E-1 1.73086E-1 1.77325E-1 1.6898E-1 1.70894E-1 1.69332E-1 1.6293E-1 1.64699E-1 1.81379E-1 1.831E-1 1.85266E-1 1.76887E-1 1.75231E-1 1.71079E-1 1.56801E-1 1.50686E-1 1.50132E-1 1.56194E-1 1.53836E-1 1.53475E-1 1.58974E-1 1.61293E-1 1.66214E-1 1.62457E-1 1.62735E-1 1.63869E-1 1.58548E-1 1.58184E-1 1.52585E-1 1.48531E-1 1.53453E-1 1.59645E-1 1.58234E-1 1.60688E-1 1.61095E-1 1.62056E-1 1.68951E-1 1.57547E-1 1.46013E-1 1.44343E-1 1.52911E-1 1.52061E-1 1.51037E-1 1.5007E-1 1.45873E-1 1.5282E-1 1.41313E-1 1.44253E-1 1.46428E-1 1.61318E-1
1.62921E-1 1.76585E-1 1.77674E-1 1.67723E-1 1.62388E-1 1.59063E-1 1.63335E-1 1.64664E-1 1.71462E-1 1.68125E-1 1.70484E-1 1.68048E-1 1.70708E-1 1.69935E-1 1.71945E-1 1.69081E-1 1.72077E-1 1.70481E-1 1.67626E-1 1.80505E-1 1.84982E-1 1.84183E-1 1.77272E-1 1.75365E-1 1.69482E-1 1.63803E-1 1.57535E-1 1.52756E-1 1.52171E-1 1.57442E-1 1.62217E-1 1.63684E-1 1.67899E-1 1.67587E-1 1.80462E-1 1.73249E-1 1.61993E-1 1.66192E-1 1.65703E-1 1.60789E-1 1.50019E-1 1.50612E-1 1.58117E-1 1.63254E-1 1.72664E-1 1.73495E-1 1.74857E-1 1.78027E-1 1.65319E-1 1.59043E-1 1.54384E-1 1.56719E-1 1.67655E-1 1.65101E-1 1.63383E-1 1.59205E-1 1.5312E-1 1.49404E-1 1.50835E-1 1.51709E-1 1.54085E-1
1.69567E-1 1.70249E-1 1.69764E-1 1.71366E-1 1.68697E-1 1.62735E-1 1.69949E-1 1.77381E-1 1.76535E-1 1.77483E-1 1.76668E-1 1.79264E-1 1.7823E-1 1.80162E-1 1.78062E-1 1.75423E-1 1.7464E-1 1.75718E-1 1.74706E-1 1.78011E-1 1.96148E-1 1.8662E-1 1.76745E-1 1.7286E-1 1.70543E-1 1.70605E-1 1.61107E-1 1.6046E-1 1.54476E-1 1.5776E-1 1.65888E-1 1.74103E-1 1.77771E-1 1.82028E-1 1.87193E-1 1.84645E-1 1.63209E-1 1.48653E-1 1.53145E-1 1.61654E-1 1.64844E-1 1.6768E-1 1.66334E-1 1.7609E-1 1.81681E-1 1.78026E-1 1.79941E-1 1.80309E-1 1.68188E-1 1.68455E-1 1.77972E-1 1.74481E-1 1.73398E-1 1.80999E-1 1.81254E-1 1.73319E-1 1.58515E-1 1.54424E-1 1.55366E-1 1.55233E-1 1.53476E-1
1.71237E-1 1.7368E-1 1.70454E-1 1.71713E-1 1.77635E-1 1.78732E-1 1.81367E-1 1.82945E-1 1.88462E-1 1.88349E-1 1.8976E-1 1.9185E-1 2.00989E-1 1.98257E-1 1.93273E-1 1.90933E-1 1.90778E-1 1.8928E-1 1.89834E-1 1.84427E-1 1.91342E-1 2.0689E-1 1.83376E-1 1.76278E-1 1.7711E-1 1.70538E-1 1.72251E-1 1.66635E-1 1.58824E-1 1.57293E-1 1.63055E-1 1.65168E-1 1.74552E-1 1.83054E-1 1.82643E-1 1.76216E-1 1.56508E-1 1.31655E-1 1.31489E-1 1.59763E-1 1.71409E-1 1.81369E-1 1.8533E-1 1.90254E-1 1.88649E-1 1.83548E-1 1.82651E-1 1.85239E-1 1.88208E-1 1.89188E-1 1.91617E-1 1.9435E-1 1.92943E-1 1.92329E-1 1.77319E-1 1.67785E-1 1.62904E-1 1.59617E-1 1.58368E-1 1.59663E-1 1.64269E-1
1.74351E-1 1.76683E-1 1.7588E-1 1.80318E-1 1.80224E-1 1.85685E-1 1.90938E-1 1.90384E-1 1.88078E-1 1.87142E-1 1.90951E-1 1.94259E-1 1.90527E-1 1.88328E-1 1.84179E-1 1.88203E-1 1.92203E-1 1.91641E-1 1.95477E-1 1.95834E-1 1.98609E-1 2.10028E-1 1.92221E-1 1.8172E-1 1.81061E-1 1.74921E-1 1.75222E-1 1.69311E-1 1.66356E-1 1.67608E-1 1.65638E-1 1.73316E-1 1.78127E-1 1.8363E-1 1.86362E-1 1.82811E-1 1.55659E-1 1.17388E-1 1.01871E-1 1.45778E-1 1.77207E-1 1.92707E-1 1.99179E-1 2.03866E-1 1.96587E-1 1.88988E-1 1.84079E-1 1.80362E-1 1.88338E-1 1.91626E-1 2.02744E-1 1.84375E-1 1.74366E-1 1.73621E-1 1.69614E-1 1.61816E-1 1.56684E-1 1.56561E-1 1.56796E-1 1.57522E-1 1.82253E-1
1.81591E-1 1.81808E-1 1.85344E-1 1.86943E-1 1.87097E-1 1.87404E-1 1.86803E-1 1.90164E-1 1.9507E-1 1.93656E-1 1.82708E-1 1.82905E-1 1.82658E-1 1.83754E-1 1.83188E-1 1.96472E-1 1.98313E-1 1.91674E-1 1.92264E-1 1.96802E-1 1.98941E-1 2.09513E-1 2.05198E-1 1.90938E-1 1.83864E-1 1.82608E-1 1.75745E-1 1.77043E-1 1.75471E-1 1.71514E-1 1.74465E-1 1.78639E-1 1.82075E-1 1.82563E-1 1.91178E-1 1.89324E-1 1.78879E-1 1.50822E-1 1.40211E-1 1.60271E-1 1.8289E-1 2.0132E-1 2.07223E-1 1.94927E-1 1.85847E-1 1.82573E-1 1.88921E-1 1.84267E-1 1.82406E-1 1.87517E-1 1.98461E-1 1.93699E-1 1.75954E-1 1.66254E-1 1.65915E-1 1.61075E-1 1.61498E-1 1.58041E-1 1.59736E-1 1.56336E-1 1.82922E-1
1.82301E-1 1.8493E-1 1.85897E-1 1.86709E-1 1.88834E-1 1.91041E-1 1.93539E-1 1.94425E-1 1.92172E-1 1.90426E-1 1.84919E-1 1.84346E-1 1.85998E-1 1.90386E-1 1.92396E-1 2.01897E-1 1.99422E-1 1.95611E-1 1.89052E-1 1.84896E-1 1.87979E-1 1.98989E-1 2.08516E-1 1.98272E-1 1.91799E-1 1.85951E-1 1.81741E-1 1.80249E-1 1.75947E-1 1.75986E-1 1.80042E-1 1.87015E-1 1.92474E-1 1.93105E-1 1.89201E-1 1.88806E-1 1.86999E-1 1.75351E-1 1.70948E-1 1.81119E-1 1.90815E-1 2.04863E-1 2.12444E-1 2.04844E-1 1.93032E-1 1.87103E-1 1.8876E-1 1.87931E-1 1.89885E-1 1.9453E-1 2.01203E-1 1.90255E-1 1.70281E-1 1.66488E-1 1.71922E-1 1.73967E-1 1.77123E-1 1.63579E-1 1.64859E-1 1.72161E-1 1.88956E-1
1.85933E-1 1.88744E-1 1.9229E-1 1.92005E-1 1.92582E-1 1.92305E-1 1.93039E-1 1.90909E-1 1.93923E-1 1.94274E-1 1.93006E-1 1.88526E-1 1.94626E-1 1.99858E-1 1.97159E-1 2.03965E-1 2.0642E-1 1.96543E-1 1.89529E-1 1.89313E-1 1.89485E-1 1.98799E-1 2.08689E-1 2.0788E-1 2.01383E-1 1.90933E-1 1.86551E-1 1.87519E-1 1.86439E-1 1.888E-1 1.91893E-1 2.00512E-1 1.96967E-1 2.00148E-1 1.96961E-1 1.93345E-1 1.875E-1 1.83309E-1 1.82142E-1 1.95516E-1 1.98925E-1 2.02157E-1 2.0228E-1 2.0052E-1 2.00376E-1 1.981E-1 1.90558E-1 1.89424E-1 1.97629E-1 2.01241E-1 2.03632E-1 1.7687E-1 1.69294E-1 1.74266E-1 1.83528E-1 1.83609E-1 1.75591E-1 1.6676E-1 1.71178E-1 1.78943E-1 1.62886E-1
1.84998E-1 1.87547E-1 1.88943E-1 1.89542E-1 1.89526E-1 1.89323E-1 1.91047E-1 1.97274E-1 1.99541E-1 2.01327E-1 1.97158E-1 1.95607E-1 1.99149E-1 2.04794E-1 2.03953E-1 2.0343E-1 2.03571E-1 2.01857E-1 1.98255E-1 1.97143E-1 1.96496E-1 1.98225E-1 2.11574E-1 2.10335E-1 2.00966E-1 1.98153E-1 1.95914E-1 1.96621E-1 1.94958E-1 2.00732E-1 2.06199E-1 2.07307E-1 2.03418E-1 2.00918E-1 2.04514E-1 1.94781E-1 1.82843E-1 1.77561E-1 1.80379E-1 1.95163E-1 2.00219E-1 1.97408E-1 1.98648E-1 2.00386E-1 1.99327E-1 1.99241E-1 2.02629E-1 2.03261E-1 2.12765E-1 1.98128E-1 1.86178E-1 1.74254E-1 1.74795E-1 1.81414E-1 1.8651E-1 1.86522E-1 1.76467E-1 1.77854E-1 1.76485E-1 1.72296E-1 1.62783E-1
