maxent_outputs/hummingbirds/hummingbird_306.asc
ncols         426
nrows         180
xllcorner     -130.0
yllcorner     24.0
cellsize      0.16666666666666666
NODATA_value  -9999
[rows 135 to 161 of 180, columns 183 to 243 of 426]
4.0493E-1 4.02203E-1 4.02766E-1 4.14519E-1 4.24335E-1 4.16894E-1 3.85619E-1 3.78259E-1 3.76802E-1 3.83605E-1 3.85121E-1 3.85309E-1 3.86513E-1 4.01687E-1 4.16265E-1 4.18816E-1 4.1309E-1 4.00438E-1 4.19701E-1 4.16367E-1 3.98973E-1 3.93038E-1 3.9973E-1 3.95874E-1 3.86546E-1 3.90495E-1 3.86051E-1 3.72097E-1 3.61017E-1 3.3636E-1 3.16171E-1 2.91588E-1 2.66142E-1 2.62424E-1 2.83106E-1 2.54684E-1 2.30805E-1 2.20919E-1 2.10582E-1 2.14385E-1 2.04444E-1 1.97332E-1 1.99825E-1 2.18258E-1 2.35901E-1 2.32674E-1 2.2062E-1 2.13636E-1 2.07411E-1 2.04244E-1 2.21294E-1 2.40971E-1 2.41867E-1 2.36852E-1 2.37756E-1 2.29321E-1 2.27425E-1 2.32714E-1 2.23307E-1 2.30154E-1 2.42079E-1
3.9743E-1 3.91203E-1 3.96154E-1 4.08293E-1 4.35502E-1 4.34984E-1 4.03973E-1 3.94415E-1 4.02267E-1 4.25646E-1 4.34661E-1 4.34202E-1 4.21427E-1 4.13938E-1 4.2326E-1 4.41536E-1 4.4017E-1 4.22172E-1 4.23844E-1 4.24011E-1 3.97476E-1 3.74049E-1 3.91242E-1 3.83623E-1 3.76249E-1 3.58575E-1 3.40421E-1 3.47203E-1 3.40573E-1 3.19377E-1 3.23666E-1 3.13969E-1 2.80553E-1 2.633E-1 2.70829E-1 2.677E-1 2.38004E-1 2.23542E-1 2.14065E-1 2.05424E-1 1.92984E-1 1.92804E-1 1.98394E-1 2.08573E-1 2.26894E-1 2.1479E-1 2.056E-1 2.18696E-1 2.22173E-1 2.22382E-1 2.38217E-1 2.58787E-1 2.53982E-1 2.50977E-1 2.53442E-1 2.49357E-1 2.46901E-1 2.4659E-1 2.44324E-1 2.34863E-1 2.38612E-1
3.84738E-1 3.96912E-1 4.09512E-1 4.166E-1 4.20421E-1 4.31694E-1 4.27197E-1 4.03145E-1 4.22145E-1 4.65153E-1 4.8474E-1 4.76219E-1 4.51967E-1 4.34602E-1 4.40173E-1 4.49058E-1 4.65151E-1 4.33457E-1 4.31438E-1 4.29607E-1 4.03626E-1 3.81138E-1 3.76071E-1 3.68021E-1 3.55662E-1 3.27206E-1 3.10961E-1 3.16869E-1 3.24201E-1 3.13855E-1 3.04686E-1 3.04285E-1 2.91517E-1 2.43307E-1 2.4107E-1 2.52043E-1 2.41201E-1 2.31558E-1 2.17504E-1 1.94887E-1 1.80771E-1 1.76013E-1 1.93136E-1 2.12738E-1 2.1304E-1 2.03516E-1 2.16063E-1 2.25364E-1 2.16802E-1 2.28492E-1 2.41897E-1 2.61619E-1 2.61988E-1 2.60785E-1 2.63406E-1 2.72001E-1 2.68332E-1 2.63174E-1 2.719E-1 2.53158E-1 2.54504E-1
3.88609E-1 4.0389E-1 4.13138E-1 4.18992E-1 4.30968E-1 4.35987E-1 4.35774E-1 4.0292E-1 4.10924E-1 4.40034E-1 4.56621E-1 4.50681E-1 4.55394E-1 4.55621E-1 4.69324E-1 4.88691E-1 4.75306E-1 4.57621E-1 4.43425E-1 4.34786E-1 4.10879E-1 3.98009E-1 3.82187E-1 3.55108E-1 3.33364E-1 3.18632E-1 2.90776E-1 2.95108E-1 3.00438E-1 3.00555E-1 3.00197E-1 3.04811E-1 2.74949E-1 2.42841E-1 2.47165E-1 2.53156E-1 2.50059E-1 2.3187E-1 2.20134E-1 2.02398E-1 1.79805E-1 1.65173E-1 1.74028E-1 1.98725E-1 1.99893E-1 1.99292E-1 2.1517E-1 2.31457E-1 2.26163E-1 2.35121E-1 2.40904E-1 2.48412E-1 2.53688E-1 2.53746E-1 2.70712E-1 2.95133E-1 2.92384E-1 2.91962E-1 3.05835E-1 2.75213E-1 2.73221E-1
4.09116E-1 4.10432E-1 4.26552E-1 4.48444E-1 4.664E-1 4.72074E-1 4.66432E-1 4.11231E-1 3.99607E-1 4.0183E-1 4.11579E-1 4.38237E-1 4.65427E-1 4.67365E-1 4.91665E-1 4.99363E-1 4.89735E-1 4.85688E-1 4.62532E-1 4.47214E-1 4.15184E-1 3.95863E-1 3.8084E-1 3.65128E-1 3.35775E-1 3.12158E-1 3.33435E-1 2.91447E-1 2.81166E-1 2.7987E-1 2.91963E-1 3.02989E-1 2.91529E-1 2.59533E-1 2.49375E-1 2.53286E-1 2.5088E-1 2.5854E-1 2.49784E-1 2.1924E-1 1.93733E-1 1.71279E-1 1.67225E-1 1.77969E-1 1.80765E-1 1.94822E-1 2.14196E-1 2.36726E-1 2.48502E-1 2.45883E-1 2.43305E-1 2.54559E-1 2.54291E-1 2.44461E-1 2.58065E-1 3.0093E-1 3.17674E-1 3.43025E-1 3.54192E-1 3.27712E-1 3.15511E-1
4.22858E-1 4.31122E-1 4.47815E-1 4.54374E-1 4.60752E-1 4.66186E-1 4.7157E-1 4.54071E-1 4.26426E-1 4.08867E-1 4.09979E-1 4.37977E-1 4.61216E-1 4.80143E-1 5.01343E-1 5.06516E-1 5.0995E-1 4.98284E-1 4.69391E-1 4.43978E-1 4.23478E-1 3.85585E-1 3.72671E-1 3.5223E-1 3.14734E-1 2.93227E-1 3.07384E-1 2.96215E-1 2.77433E-1 2.71397E-1 2.76877E-1 2.80311E-1 2.7883E-1 2.51792E-1 2.54695E-1 2.64241E-1 2.78109E-1 2.87845E-1 2.69172E-1 2.4862E-1 2.18004E-1 1.98512E-1 1.92075E-1 1.8686E-1 1.86463E-1 2.01713E-1 2.19891E-1 2.34896E-1 2.50039E-1 2.62702E-1 2.60728E-1 2.71277E-1 2.74653E-1 2.74356E-1 2.86488E-1 3.06395E-1 3.26959E-1 3.63998E-1 3.97733E-1 3.87621E-1 3.7236E-1
4.03243E-1 4.06375E-1 4.20155E-1 4.13774E-1 4.28825E-1 4.42324E-1 4.24592E-1 4.32109E-1 4.4855E-1 4.48155E-1 4.52881E-1 4.38654E-1 4.58191E-1 4.83354E-1 5.12403E-1 5.19302E-1 5.19001E-1 5.02348E-1 4.83005E-1 4.43505E-1 4.07972E-1 3.76169E-1 3.50501E-1 3.49788E-1 3.10047E-1 2.8057E-1 2.99363E-1 2.96656E-1 2.82995E-1 2.6605E-1 2.66118E-1 2.65601E-1 2.62468E-1 2.64543E-1 2.92358E-1 3.04308E-1 3.13881E-1 3.1452E-1 2.98881E-1 2.8393E-1 2.59162E-1 2.30164E-1 2.22422E-1 2.14382E-1 1.9433E-1 2.06877E-1 2.37232E-1 2.45258E-1 2.52548E-1 2.65369E-1 2.85434E-1 2.89853E-1 3.06048E-1 3.29968E-1 3.37746E-1 3.43834E-1 3.71359E-1 3.78792E-1 4.16291E-1 4.23089E-1 4.2003E-1
3.79987E-1 3.94775E-1 4.06161E-1 4.20692E-1 4.14633E-1 4.11393E-1 4.08731E-1 4.10315E-1 4.06364E-1 4.28537E-1 4.80726E-1 4.55388E-1 4.54953E-1 4.72735E-1 4.99514E-1 5.14605E-1 5.15255E-1 5.08966E-1 4.71584E-1 4.46966E-1 4.15447E-1 3.76343E-1 3.48468E-1 3.6593E-1 3.71796E-1 3.31571E-1 2.96511E-1 2.86872E-1 2.81472E-1 2.78651E-1 2.76624E-1 2.87756E-1 2.98895E-1 3.08582E-1 3.41444E-1 3.38191E-1 3.49457E-1 3.63528E-1 3.31552E-1 3.08679E-1 2.80355E-1 2.60172E-1 2.55647E-1 2.37708E-1 2.25158E-1 2.32775E-1 2.58911E-1 2.65985E-1 2.75799E-1 2.74684E-1 2.84052E-1 3.03448E-1 3.2749E-1 3.83592E-1 4.216E-1 5.10888E-1 5.22761E-1 4.49483E-1 4.68008E-1 4.51994E-1 4.521E-1
4.01412E-1 4.14906E-1 4.13917E-1 4.15133E-1 4.10194E-1 3.84518E-1 3.79669E-1 3.88958E-1 4.00036E-1 4.12348E-1 4.35038E-1 4.52512E-1 4.55411E-1 4.56187E-1 4.59162E-1 4.84277E-1 4.77993E-1 4.57533E-1 4.60007E-1 4.49068E-1 4.25005E-1 3.87843E-1 3.87891E-1 4.13153E-1 4.31696E-1 4.11304E-1 3.74048E-1 3.26721E-1 3.21606E-1 3.25475E-1 3.23946E-1 3.32663E-1 3.61488E-1 3.6549E-1 3.72399E-1 3.83571E-1 4.13989E-1 4.01165E-1 3.59121E-1 3.4527E-1 3.26153E-1 2.99558E-1 2.89516E-1 2.7636E-1 2.60234E-1 2.62403E-1 2.76212E-1 3.05426E-1 3.03228E-1 2.99243E-1 2.91387E-1 3.06816E-1 3.34949E-1 3.63857E-1 4.20969E-1 4.96502E-1 5.33995E-1 4.81377E-1 4.84323E-1 5.0241E-1 5.28447E-1
4.02467E-1 4.22852E-1 4.21211E-1 4.13245E-1 4.07889E-1 4.00075E-1 4.00322E-1 4.20259E-1 4.15713E-1 4.50801E-1 4.50056E-1 4.65836E-1 4.59959E-1 4.51317E-1 4.56816E-1 4.67006E-1 4.61016E-1 4.31154E-1 4.28702E-1 4.33207E-1 4.27342E-1 4.1892E-1 4.28524E-1 4.63306E-1 4.72914E-1 4.66802E-1 4.53296E-1 4.0832E-1 4.02231E-1 3.8496E-1 3.75912E-1 3.82678E-1 4.07713E-1 4.45325E-1 4.41406E-1 4.16749E-1 4.34976E-1 4.50438E-1 4.15866E-1 3.87257E-1 3.93688E-1 3.45017E-1 3.25923E-1 3.05404E-1 2.9663E-1 3.00001E-1 3.02859E-1 3.26116E-1 3.34985E-1 3.41186E-1 3.22249E-1 3.16368E-1 3.36712E-1 3.8744E-1 3.97909E-1 4.44137E-1 4.63122E-1 4.70117E-1 4.83193E-1 5.07227E-1 5.19948E-1
4.34607E-1 4.46886E-1 4.46546E-1 4.32512E-1 4.03752E-1 4.09249E-1 4.15462E-1 4.27976E-1 4.35614E-1 4.53721E-1 4.74837E-1 4.91321E-1 4.87579E-1 4.93174E-1 4.83495E-1 4.52382E-1 4.31268E-1 4.04543E-1 4.06667E-1 4.23421E-1 4.64649E-1 4.62509E-1 4.72224E-1 5.01676E-1 5.14471E-1 5.1497E-1 5.27362E-1 4.99814E-1 4.91444E-1 4.60256E-1 4.54047E-1 4.53591E-1 4.76679E-1 4.84467E-1 4.53178E-1 4.22288E-1 4.40636E-1 4.39566E-1 4.14317E-1 4.11492E-1 3.92073E-1 3.94829E-1 3.78576E-1 3.48047E-1 3.54627E-1 3.43821E-1 3.33056E-1 3.40992E-1 3.45636E-1 3.6656E-1 3.60377E-1 3.46374E-1 3.48185E-1 3.76291E-1 3.97145E-1 4.80193E-1 4.69208E-1 4.90139E-1 5.20042E-1 5.05868E-1 5.24064E-1
4.92856E-1 4.86641E-1 4.72802E-1 4.8201E-1 4.70162E-1 5.04252E-1 5.00303E-1 4.76906E-1 4.80002E-1 4.87776E-1 5.12308E-1 5.23186E-1 5.26794E-1 5.18319E-1 4.89181E-1 4.66398E-1 4.31933E-1 4.30857E-1 4.39605E-1 4.51511E-1 4.67334E-1 4.72556E-1 4.81364E-1 4.94214E-1 4.95975E-1 5.17642E-1 5.40196E-1 5.61566E-1 5.71504E-1 5.49526E-1 5.29413E-1 5.09672E-1 5.16408E-1 -9999 -9999 -9999 -9999 -9999 -9999 4.46185E-1 4.33377E-1 4.22709E-1 4.1421E-1 3.92463E-1 3.90814E-1 3.77306E-1 3.93514E-1 3.79886E-1 3.84332E-1 3.90967E-1 4.03652E-1 4.16543E-1 4.24956E-1 4.25664E-1 4.37084E-1 4.66469E-1 5.16065E-1 5.01812E-1 5.03261E-1 5.38078E-1 5.34577E-1
5.38285E-1 5.15815E-1 5.06486E-1 5.18092E-1 5.27938E-1 5.58218E-1 5.62935E-1 5.43906E-1 5.34571E-1 5.29225E-1 5.31608E-1 5.37931E-1 5.41708E-1 5.05602E-1 4.85866E-1 4.70676E-1 4.68912E-1 4.62571E-1 4.58971E-1 4.61968E-1 4.79653E-1 4.97117E-1 4.76966E-1 4.69532E-1 4.78201E-1 5.15794E-1 5.45855E-1 5.97906E-1 6.52741E-1 6.18334E-1 -9999 -9999 -9999 -9999 -9999 -9999 -9999 -9999 -9999 -9999 -9999 -9999 -9999 -9999 -9999 3.86242E-1 3.87634E-1 -9999 4.3163E-1 4.28211E-1 4.49977E-1 4.73147E-1 4.91403E-1 5.20614E-1 5.24322E-1 5.07288E-1 5.37412E-1 5.37296E-1 5.32235E-1 5.21311E-1 5.03214E-1
5.61554E-1 5.51625E-1 5.45855E-1 5.57455E-1 5.78251E-1 5.97735E-1 6.13816E-1 6.14531E-1 5.91043E-1 5.90704E-1 5.99516E-1 5.91697E-1 5.70384E-1 5.47511E-1 5.28643E-1 5.33705E-1 5.28028E-1 5.12186E-1 4.89753E-1 4.72515E-1 4.9912E-1 5.35508E-1 5.05373E-1 4.74522E-1 4.70935E-1 5.25245E-1 5.86608E-1 6.64376E-1 6.97478E-1 -9999 -9999 -9999 -9999 -9999 -9999 -9999 -9999 -9999 -9999 -9999 -9999 -9999 -9999 -9999 -9999 -9999 -9999 -9999 4.92117E-1 4.71839E-1 4.93918E-1 5.19244E-1 5.28583E-1 5.40093E-1 5.38827E-1 5.48441E-1 5.70382E-1 5.77162E-1 5.70239E-1 5.77921E-1 5.53913E-1
6.03347E-1 5.92415E-1 5.90061E-1 5.96794E-1 6.18524E-1 6.38891E-1 6.46625E-1 6.45279E-1 6.4271E-1 6.48726E-1 6.48452E-1 6.34422E-1 6.12996E-1 6.02468E-1 5.89352E-1 6.01117E-1 6.01061E-1 5.70624E-1 5.25945E-1 4.97156E-1 5.33905E-1 5.62349E-1 5.40583E-1 5.08785E-1 5.17341E-1 5.78992E-1 6.87351E-1 -9999 -9999 -9999 -9999 -9999 -9999 -9999 -9999 -9999 -9999 -9999 -9999 -9999 -9999 -9999 -9999 -9999 -9999 -9999 -9999 -9999 -9999 -9999 -9999 5.54598E-1 5.73235E-1 6.25804E-1 6.52352E-1 5.63847E-1 5.66866E-1 -9999 -9999 -9999 5.2342E-1
6.35364E-1 6.30078E-1 6.16398E-1 6.35142E-1 6.46641E-1 6.78598E-1 6.8765E-1 6.83647E-1 6.72844E-1 6.76122E-1 6.91138E-1 6.7488E-1 6.6379E-1 6.53346E-1 6.68832E-1 6.686E-1 6.63002E-1 6.44918E-1 5.93863E-1 5.7012E-1 5.98493E-1 6.15706E-1 6.12175E-1 5.97553E-1 5.98263E-1 6.43631E-1 -9999 -9999 -9999 -9999 -9999 -9999 -9999 -9999 -9999 -9999 -9999 -9999 -9999 -9999 -9999 -9999 -9999 -9999 -9999 -9999 -9999 -9999 -9999 -9999 -9999 -9999 -9999 -9999 -9999 -9999 -9999 -9999 -9999 -9999 5.72646E-1
6.49081E-1 6.6162E-1 6.50255E-1 6.54466E-1 6.7389E-1 6.90513E-1 6.98598E-1 6.89913E-1 6.74114E-1 6.71435E-1 6.87053E-1 6.9784E-1 6.94487E-1 7.12593E-1 7.24567E-1 7.2992E-1 7.22142E-1 7.21861E-1 6.74743E-1 6.46221E-1 7.09895E-1 7.1209E-1 7.15296E-1 6.81907E-1 -9999 -9999 -9999 -9999 -9999 -9999 -9999 -9999 -9999 -9999 -9999 -9999 -9999 -9999 -9999 -9999 -9999 -9999 -9999 -9999 -9999 -9999 -9999 -9999 -9999 -9999 -9999 -9999 -9999 -9999 -9999 -9999 -9999 -9999 -9999 -9999 -9999
6.68906E-1 6.80809E-1 6.71593E-1 6.66954E-1 6.65816E-1 6.88823E-1 7.00714E-1 7.03366E-1 6.85736E-1 6.65547E-1 6.54012E-1 6.81244E-1 7.10072E-1 7.34892E-1 7.50709E-1 7.72687E-1 7.57299E-1 7.6232E-1 7.65759E-1 7.79087E-1 7.89748E-1 8.09441E-1 7.9703E-1 -9999 -9999 -9999 -9999 -9999 -9999 -9999 -9999 -9999 -9999 -9999 -9999 -9999 -9999 -9999 -9999 -9999 -9999 -9999 -9999 -9999 -9999 -9999 -9999 -9999 -9999 -9999 -9999 -9999 -9999 -9999 -9999 -9999 -9999 -9999 -9999 -9999 -9999
6.77029E-1 6.97311E-1 6.80737E-1 6.62874E-1 6.56891E-1 6.83025E-1 7.05459E-1 7.09807E-1 6.87345E-1 6.5302E-1 6.4789E-1 6.87625E-1 7.2933E-1 7.6637E-1 7.82352E-1 7.95003E-1 8.31997E-1 7.93743E-1 8.46981E-1 8.75728E-1 -9999 -9999 -9999 -9999 -9999 -9999 -9999 -9999 -9999 -9999 -9999 -9999 -9999 -9999 -9999 -9999 -9999 -9999 -9999 -9999 -9999 -9999 -9999 -9999 -9999 -9999 -9999 -9999 -9999 -9999 -9999 -9999 -9999 -9999 -9999 -9999 -9999 -9999 -9999 -9999 -9999
6.29612E-1 6.57254E-1 6.65408E-1 6.51797E-1 6.61858E-1 6.85183E-1 6.82729E-1 6.80339E-1 6.79511E-1 6.86667E-1 6.71341E-1 7.04881E-1 7.52758E-1 8.0478E-1 8.18891E-1 8.37124E-1 8.82398E-1 8.92712E-1 8.64876E-1 -9999 -9999 -9999 -9999 -9999 -9999 -9999 -9999 -9999 -9999 -9999 -9999 -9999 -9999 -9999 -9999 -9999 -9999 -9999 -9999 -9999 -9999 -9999 -9999 -9999 -9999 -9999 -9999 -9999 -9999 -9999 -9999 -9999 -9999 -9999 -9999 -9999 -9999 -9999 -9999 -9999 -9999
6.28989E-1 6.40304E-1 6.47924E-1 6.62997E-1 6.6594E-1 6.70211E-1 6.5096E-1 6.69642E-1 6.84382E-1 7.17515E-1 7.05438E-1 7.29368E-1 7.8216E-1 8.22282E-1 8.86721E-1 9.07849E-1 9.0387E-1 -9999 -9999 -9999 -9999 -9999 -9999 -9999 -9999 -9999 -9999 -9999 -9999 -9999 -9999 -9999 -9999 -9999 -9999 -9999 -9999 -9999 -9999 -9999 -9999 -9999 -9999 -9999 -9999 -9999 -9999 -9999 -9999 -9999 -9999 -9999 -9999 -9999 -9999 -9999 -9999 -9999 -9999 -9999 -9999
6.44186E-1 6.58583E-1 6.56209E-1 6.66968E-1 6.61825E-1 6.46857E-1 6.55166E-1 6.7439E-1 7.01481E-1 7.16395E-1 7.33073E-1 7.69382E-1 8.21929E-1 8.62956E-1 9.08233E-1 9.1947E-1 -9999 -9999 -9999 -9999 -9999 -9999 -9999 -9999 -9999 -9999 -9999 -9999 -9999 -9999 -9999 -9999 -9999 -9999 -9999 -9999 -9999 -9999 -9999 -9999 -9999 -9999 -9999 -9999 -9999 -9999 -9999 -9999 -9999 -9999 -9999 -9999 -9999 -9999 -9999 -9999 -9999 -9999 -9999 -9999 -9999
6.71679E-1 6.70511E-1 6.77084E-1 6.80939E-1 6.6878E-1 6.6263E-1 6.83658E-1 7.02581E-1 7.3012E-1 7.53329E-1 7.85022E-1 7.99647E-1 8.51153E-1 9.20686E-1 9.31408E-1 -9999 -9999 -9999 -9999 -9999 -9999 -9999 -9999 -9999 -9999 -9999 -9999 -9999 -9999 -9999 -9999 -9999 -9999 -9999 -9999 -9999 -9999 -9999 -9999 -9999 -9999 -9999 -9999 -9999 -9999 -9999 -9999 -9999 -9999 -9999 -9999 -9999 -9999 -9999 -9999 -9999 -9999 -9999 -9999 -9999 -9999
7.19205E-1 6.92311E-1 6.92675E-1 6.75935E-1 6.73825E-1 6.97932E-1 7.24066E-1 7.41115E-1 7.71112E-1 8.10151E-1 8.40352E-1 8.60718E-1 8.93755E-1 9.33758E-1 -9999 -9999 -9999 -9999 -9999 -9999 -9999 -9999 -9999 -9999 -9999 -9999 -9999 -9999 -9999 -9999 -9999 -9999 -9999 -9999 -9999 -9999 -9999 -9999 -9999 -9999 -9999 -9999 -9999 -9999 -9999 -9999 -9999 -9999 -9999 -9999 -9999 -9999 -9999 -9999 -9999 -9999 -9999 -9999 -9999 -9999 -9999
7.17666E-1 7.13894E-1 7.15164E-1 6.81136E-1 7.11812E-1 7.3652E-1 7.52684E-1 7.67945E-1 8.00179E-1 8.39117E-1 8.74239E-1 9.02305E-1 9.25226E-1 9.4464E-1 -9999 -9999 -9999 -9999 -9999 -9999 -9999 -9999 -9999 -9999 -9999 -9999 -9999 -9999 -9999 -9999 -9999 -9999 -9999 -9999 -9999 -9999 -9999 -9999 -9999 -9999 -9999 -9999 -9999 -9999 -9999 -9999 -9999 -9999 -9999 -9999 -9999 -9999 -9999 -9999 -9999 -9999 -9999 -9999 -9999 -9999 -9999
7.16116E-1 7.13592E-1 7.21055E-1 7.1108E-1 7.26933E-1 7.45659E-1 7.57475E-1 7.81188E-1 8.14174E-1 8.50464E-1 8.91478E-1 9.19243E-1 9.43387E-1 -9999 -9999 -9999 -9999 -9999 -9999 -9999 -9999 -9999 -9999 -9999 -9999 -9999 -9999 -9999 -9999 -9999 -9999 -9999 -9999 -9999 -9999 -9999 -9999 -9999 -9999 -9999 -9999 -9999 -9999 -9999 -9999 -9999 -9999 -9999 -9999 -9999 -9999 -9999 -9999 -9999 -9999 -9999 -9999 -9999 -9999 -9999 -9999
7.30391E-1 7.03557E-1 7.30179E-1 7.35467E-1 7.43804E-1 7.55148E-1 7.77689E-1 8.01341E-1 8.21422E-1 8.56243E-1 8.89483E-1 9.23363E-1 9.52279E-1 -9999 -9999 -9999 -9999 -9999 -9999 -9999 -9999 -9999 -9999 -9999 -9999 -9999 -9999 -9999 -9999 -9999 -9999 -9999 -9999 -9999 -9999 -9999 -9999 -9999 -9999 -9999 -9999 -9999 -9999 -9999 -9999 -9999 -9999 -9999 -9999 -9999 -9999 -9999 -9999 -9999 -9999 -9999 -9999 -9999 -9999 -9999 -9999
