maxent_outputs/hummingbirds/hummingbird_224.asc
ncols         426
nrows         180
xllcorner     -130.0
yllcorner     24.0
cellsize      0.16666666666666666
NODATA_value  -9999
[rows 0 to 26 of 180, columns 183 to 243 of 426]
3.04909E-1 2.91621E-1 2.89786E-1 2.89141E-1 2.83686E-1 2.81719E-1 2.84175E-1 3.13289E-1 3.1635E-1 3.1105E-1 2.95321E-1 2.88106E-1 2.78383E-1 2.74545E-1 2.78915E-1 2.81345E-1 2.78113E-1 2.74599E-1 2.74292E-1 2.79609E-1 2.95437E-1 2.85517E-1 2.76046E-1 2.7629E-1 2.73415E-1 2.74704E-1 2.71941E-1 2.81697E-1 2.88927E-1 2.81911E-1 2.73869E-1 2.70948E-1 2.72305E-1 2.72708E-1 2.6804E-1 2.64482E-1 2.63012E-1 2.62871E-1 2.67054E-1 2.65759E-1 2.64646E-1 2.6711E-1 2.65963E-1 2.63296E-1 2.68565E-1 2.68438E-1 2.688E-1 2.69644E-1 2.76022E-1 2.74145E-1 2.71131E-1 2.7774E-1 2.78543E-1 2.73752E-1 2.77161E-1 2.72062E-1 2.72344E-1 2.67379E-1 2.67568E-1 2.69843E-1 2.69102E-1
2.91806E-1 2.88361E-1 2.93705E-1 3.38275E-1 3.58842E-1 3.64631E-1 3.65023E-1 3.64906E-1 3.47982E-1 3.3221E-1 2.99993E-1 2.96163E-1 2.88124E-1 2.83514E-1 2.86491E-1 2.77702E-1 2.75231E-1 2.73503E-1 2.72204E-1 2.78301E-1 2.77971E-1 2.77323E-1 2.86759E-1 2.83066E-1 2.79185E-1 2.6867E-1 2.7405E-1 2.81318E-1 2.84816E-1 2.8888E-1 2.96924E-1 2.92509E-1 2.82105E-1 2.77765E-1 2.74185E-1 2.7047E-1 2.7168E-1 2.73454E-1 2.72442E-1 2.69731E-1 2.69797E-1 2.63174E-1 2.6592E-1 2.74447E-1 2.79113E-1 2.76431E-1 2.72531E-1 2.67756E-1 2.70007E-1 2.76073E-1 2.72006E-1 2.76574E-1 2.74795E-1 2.69453E-1 2.74184E-1 2.79939E-1 3.08232E-1 3.15038E-1 2.9889E-1 2.79029E-1 2.78204E-1
2.84719E-1 2.8596E-1 3.1278E-1 3.62704E-1 3.65367E-1 3.64312E-1 3.70877E-1 3.72505E-1 3.76633E-1 3.71926E-1 3.29425E-1 2.99526E-1 2.96923E-1 2.83551E-1 2.8114E-1 2.79169E-1 2.76793E-1 2.78339E-1 2.81775E-1 2.89044E-1 2.81991E-1 2.74167E-1 2.74782E-1 2.76657E-1 2.80555E-1 2.7128E-1 2.75435E-1 2.72761E-1 2.70769E-1 2.67225E-1 2.67855E-1 2.65685E-1 2.69855E-1 2.67442E-1 2.73673E-1 2.73779E-1 2.71874E-1 2.75059E-1 2.73767E-1 2.69591E-1 2.69363E-1 2.67519E-1 2.6355E-1 2.60562E-1 2.62495E-1 2.64552E-1 2.66624E-1 2.66807E-1 2.71365E-1 2.71291E-1 2.77678E-1 2.72358E-1 2.69918E-1 2.66215E-1 2.66928E-1 2.70925E-1 2.70456E-1 2.7299E-1 2.71932E-1 2.7273E-1 2.72506E-1
2.88924E-1 2.98012E-1 3.38999E-1 3.66826E-1 3.67916E-1 3.6538E-1 3.69037E-1 3.69632E-1 3.74186E-1 3.79048E-1 3.69549E-1 3.1095E-1 3.04091E-1 2.88795E-1 2.89E-1 2.80704E-1 2.82546E-1 2.83255E-1 2.83681E-1 2.80621E-1 2.88822E-1 2.77956E-1 2.72568E-1 2.72377E-1 2.72743E-1 2.78622E-1 2.76052E-1 2.66891E-1 2.64884E-1 2.65389E-1 2.66777E-1 2.71161E-1 2.68715E-1 2.67252E-1 2.66975E-1 2.69688E-1 2.71418E-1 2.69211E-1 2.67998E-1 2.69277E-1 2.70169E-1 2.64979E-1 2.62807E-1 2.62086E-1 2.60825E-1 2.60994E-1 2.73951E-1 2.71566E-1 2.69949E-1 2.72128E-1 2.72214E-1 2.79587E-1 2.72968E-1 2.68454E-1 2.69117E-1 2.67475E-1 2.68372E-1 2.68352E-1 2.73168E-1 2.68905E-1 2.71734E-1
3.11181E-1 3.18469E-1 3.50176E-1 3.65176E-1 3.66394E-1 3.67861E-1 3.67104E-1 3.70663E-1 3.73828E-1 3.78156E-1 3.75233E-1 3.47813E-1 3.15767E-1 2.89923E-1 2.80231E-1 2.83494E-1 2.79967E-1 2.76254E-1 2.78675E-1 2.78652E-1 2.7683E-1 2.79202E-1 2.80274E-1 2.75357E-1 2.70615E-1 2.73941E-1 2.7031E-1 2.74081E-1 2.73199E-1 2.69965E-1 2.70095E-1 2.70934E-1 2.66739E-1 2.67832E-1 2.72377E-1 2.77199E-1 2.70085E-1 2.67473E-1 2.62602E-1 2.65439E-1 2.67429E-1 2.66684E-1 2.67743E-1 2.66057E-1 2.66654E-1 2.68141E-1 2.63619E-1 2.64039E-1 2.67455E-1 2.67454E-1 2.66089E-1 2.71985E-1 2.68886E-1 2.6805E-1 2.66949E-1 2.68584E-1 2.6728E-1 2.69435E-1 2.70849E-1 2.70714E-1 2.69373E-1
3.09199E-1 3.06892E-1 3.20041E-1 3.42574E-1 3.4321E-1 3.45994E-1 3.63812E-1 3.6978E-1 3.7073E-1 3.76312E-1 3.76245E-1 3.67718E-1 3.36052E-1 2.96727E-1 2.91322E-1 2.83186E-1 2.82953E-1 2.80047E-1 2.76921E-1 2.77645E-1 2.84491E-1 2.78538E-1 2.7572E-1 2.79744E-1 2.79912E-1 2.82823E-1 2.86199E-1 2.8721E-1 2.7964E-1 2.7887E-1 2.7672E-1 2.72361E-1 2.71194E-1 2.70933E-1 2.7063E-1 2.8202E-1 2.88233E-1 2.80402E-1 2.8742E-1 2.86066E-1 2.89058E-1 2.83509E-1 2.70753E-1 2.68236E-1 2.68041E-1 2.74997E-1 2.6595E-1 2.65807E-1 2.69893E-1 2.74518E-1 2.72736E-1 2.71767E-1 2.70034E-1 2.68132E-1 2.66979E-1 2.63361E-1 2.67302E-1 2.75355E-1 2.76979E-1 2.73139E-1 2.75429E-1
3.06974E-1 3.00666E-1 2.9849E-1 3.08844E-1 3.42217E-1 3.56809E-1 3.67931E-1 3.70772E-1 3.71261E-1 3.77969E-1 3.79515E-1 3.73418E-1 3.38285E-1 3.07802E-1 3.01477E-1 2.89893E-1 2.83173E-1 2.84031E-1 2.84529E-1 2.82349E-1 2.85935E-1 2.85513E-1 2.78922E-1 2.81695E-1 2.82984E-1 2.88602E-1 2.8534E-1 2.86432E-1 2.81448E-1 2.78656E-1 2.76938E-1 2.77199E-1 2.78553E-1 2.84272E-1 2.781E-1 2.84845E-1 2.86945E-1 2.79737E-1 2.80765E-1 2.79546E-1 2.79543E-1 2.7603E-1 2.70167E-1 2.71511E-1 2.76602E-1 2.81239E-1 2.79511E-1 2.73419E-1 2.81791E-1 2.7724E-1 2.75874E-1 2.77902E-1 2.78377E-1 2.68464E-1 2.67471E-1 2.66879E-1 2.68265E-1 2.76745E-1 2.78063E-1 2.78654E-1 2.81091E-1
3.13882E-1 3.01309E-1 3.01292E-1 3.12511E-1 3.48017E-1 3.66256E-1 3.65353E-1 3.67771E-1 3.68234E-1 3.70091E-1 3.71381E-1 3.72907E-1 3.63222E-1 3.13377E-1 2.99036E-1 2.93921E-1 2.96645E-1 3.04802E-1 2.97546E-1 2.9285E-1 2.87813E-1 2.8716E-1 2.85007E-1 2.82806E-1 2.83121E-1 2.93406E-1 2.86192E-1 2.86002E-1 2.85498E-1 2.85031E-1 2.81647E-1 2.79885E-1 2.79514E-1 2.83863E-1 2.81544E-1 2.82379E-1 2.80596E-1 2.77249E-1 2.73219E-1 2.71755E-1 2.72313E-1 2.76362E-1 2.75226E-1 2.7142E-1 2.72069E-1 2.72407E-1 2.69849E-1 2.69299E-1 2.75223E-1 2.73453E-1 2.72188E-1 2.81618E-1 2.83589E-1 2.81271E-1 2.69317E-1 2.67172E-1 2.70753E-1 2.71101E-1 2.71455E-1 2.72878E-1 2.72086E-1
3.13359E-1 3.03728E-1 3.01454E-1 3.07965E-1 3.0898E-1 3.36293E-1 3.61072E-1 3.65309E-1 3.66143E-1 3.64915E-1 3.69379E-1 3.67833E-1 3.60964E-1 3.52356E-1 3.08502E-1 2.95022E-1 2.98137E-1 2.92914E-1 2.99312E-1 3.01117E-1 2.978E-1 2.92781E-1 2.89782E-1 2.87363E-1 2.91471E-1 2.87632E-1 2.86839E-1 2.89695E-1 2.83567E-1 2.85145E-1 2.89422E-1 2.86997E-1 2.91856E-1 2.84176E-1 2.82508E-1 2.80412E-1 2.82206E-1 2.83961E-1 2.83822E-1 2.83581E-1 2.7844E-1 2.77182E-1 2.78749E-1 2.77038E-1 2.71698E-1 2.71186E-1 2.71096E-1 2.86018E-1 2.81639E-1 2.74825E-1 2.72177E-1 2.70599E-1 2.67036E-1 2.66637E-1 2.72519E-1 2.70851E-1 2.69768E-1 2.67441E-1 2.72962E-1 2.72853E-1 2.71254E-1
3.16923E-1 3.03554E-1 3.01295E-1 3.01226E-1 3.01933E-1 3.04361E-1 3.40968E-1 3.61067E-1 3.4938E-1 3.45573E-1 3.67803E-1 3.61287E-1 3.54368E-1 3.4776E-1 3.30934E-1 2.9881E-1 2.98376E-1 2.93446E-1 2.9399E-1 2.89336E-1 2.90321E-1 2.91575E-1 2.89913E-1 2.90342E-1 2.93772E-1 2.90803E-1 2.86477E-1 2.87266E-1 2.82893E-1 2.81672E-1 2.85219E-1 2.85503E-1 2.83674E-1 2.80316E-1 2.84766E-1 2.88936E-1 2.86171E-1 2.83405E-1 2.83664E-1 2.82257E-1 2.78761E-1 2.79893E-1 2.80778E-1 2.81401E-1 2.76397E-1 2.7317E-1 2.72302E-1 2.77114E-1 2.72575E-1 2.70288E-1 2.686E-1 2.65349E-1 2.65227E-1 2.65312E-1 2.64457E-1 2.65867E-1 2.69821E-1 2.68948E-1 2.68466E-1 2.69689E-1 2.74621E-1
3.0976E-1 2.99719E-1 2.96799E-1 3.03753E-1 3.01558E-1 3.02481E-1 3.05335E-1 3.21351E-1 3.53956E-1 3.52956E-1 3.59581E-1 3.5831E-1 3.53023E-1 3.37235E-1 3.34545E-1 3.00285E-1 2.9972E-1 2.9546E-1 2.96739E-1 2.93142E-1 2.93137E-1 2.9401E-1 2.90318E-1 2.90253E-1 2.95868E-1 2.92478E-1 2.88929E-1 2.92778E-1 2.82485E-1 2.88875E-1 2.9031E-1 2.88685E-1 2.84513E-1 2.83258E-1 2.92974E-1 2.8625E-1 2.82015E-1 2.75524E-1 2.77802E-1 2.80611E-1 2.90261E-1 2.85662E-1 2.76811E-1 2.73772E-1 2.72322E-1 2.72151E-1 2.7254E-1 2.72877E-1 2.69004E-1 2.67086E-1 2.67925E-1 2.64943E-1 2.65576E-1 2.65181E-1 2.63816E-1 2.65661E-1 2.66278E-1 2.65925E-1 2.65616E-1 2.67067E-1 2.70171E-1
3.05236E-1 3.02881E-1 3.04439E-1 3.06763E-1 3.05446E-1 3.05636E-1 3.07114E-1 3.11481E-1 3.27546E-1 3.55704E-1 3.34304E-1 3.27724E-1 3.41474E-1 3.49393E-1 3.4506E-1 3.12601E-1 3.00332E-1 2.97496E-1 2.96571E-1 2.94114E-1 2.93754E-1 2.96512E-1 2.96143E-1 3.01973E-1 3.0987E-1 3.05965E-1 2.99294E-1 2.95632E-1 2.96446E-1 2.98438E-1 2.97696E-1 2.9758E-1 2.97583E-1 2.92406E-1 2.91281E-1 2.8175E-1 2.77025E-1 2.83401E-1 2.79562E-1 2.80365E-1 2.81903E-1 2.78609E-1 2.74737E-1 2.76818E-1 2.78211E-1 2.7517E-1 2.70806E-1 2.71031E-1 2.72041E-1 2.69837E-1 2.72265E-1 2.7054E-1 2.65676E-1 2.6452E-1 2.65481E-1 2.67764E-1 2.6934E-1 2.68656E-1 2.68992E-1 2.71431E-1 2.73981E-1
3.0124E-1 3.04544E-1 3.03793E-1 3.03872E-1 3.02101E-1 3.06796E-1 3.08923E-1 3.04324E-1 3.11189E-1 3.26356E-1 3.15444E-1 3.20226E-1 3.12372E-1 3.37702E-1 3.47928E-1 3.38597E-1 3.05945E-1 2.99745E-1 2.94864E-1 2.90475E-1 2.96155E-1 3.00154E-1 3.01126E-1 3.02872E-1 3.10263E-1 2.95915E-1 2.99242E-1 2.91367E-1 2.9502E-1 2.94622E-1 2.95566E-1 2.9652E-1 2.99131E-1 2.94932E-1 2.92096E-1 2.83062E-1 2.84719E-1 2.86317E-1 2.83669E-1 2.85038E-1 2.84168E-1 2.82354E-1 2.78819E-1 2.77708E-1 2.77445E-1 2.80328E-1 2.73722E-1 2.72273E-1 2.79444E-1 2.75608E-1 2.77757E-1 2.7172E-1 2.67088E-1 2.64631E-1 2.69568E-1 2.70752E-1 2.71492E-1 2.69282E-1 2.70714E-1 2.72422E-1 2.76883E-1
3.16044E-1 3.06244E-1 3.04808E-1 3.0336E-1 2.99833E-1 3.02777E-1 3.15407E-1 3.12623E-1 3.00617E-1 2.98578E-1 3.08748E-1 3.13645E-1 3.303E-1 3.32273E-1 3.37988E-1 3.3045E-1 3.23159E-1 3.01692E-1 2.94298E-1 2.96046E-1 2.97769E-1 2.97477E-1 2.9988E-1 3.04048E-1 2.9769E-1 2.99328E-1 2.92613E-1 2.97361E-1 2.99056E-1 3.03098E-1 2.98769E-1 2.97719E-1 3.00801E-1 3.00756E-1 3.00929E-1 2.95313E-1 2.95881E-1 2.93499E-1 2.93619E-1 2.95298E-1 2.93551E-1 2.85146E-1 2.8171E-1 2.82982E-1 2.86911E-1 2.91258E-1 2.84663E-1 2.81623E-1 2.80428E-1 2.82343E-1 2.83544E-1 2.77223E-1 2.79172E-1 2.70624E-1 2.71255E-1 2.73161E-1 2.68078E-1 2.73231E-1 2.76772E-1 2.75829E-1 2.83067E-1
3.10575E-1 3.1071E-1 3.1508E-1 3.13879E-1 3.09105E-1 3.09493E-1 3.04224E-1 2.90213E-1 2.97368E-1 3.02868E-1 3.10089E-1 3.1172E-1 3.18827E-1 3.34805E-1 3.20374E-1 3.03558E-1 3.23159E-1 3.1311E-1 2.96097E-1 2.95821E-1 2.97842E-1 2.99154E-1 3.00687E-1 3.0434E-1 2.9644E-1 2.98773E-1 2.94886E-1 2.94683E-1 2.9765E-1 2.99597E-1 2.98764E-1 2.97473E-1 2.98592E-1 2.99713E-1 2.9803E-1 2.99876E-1 2.97257E-1 2.98983E-1 2.9704E-1 2.95646E-1 2.94546E-1 2.92417E-1 2.87784E-1 2.88471E-1 2.90476E-1 2.97902E-1 2.8588E-1 2.86989E-1 2.85421E-1 2.8075E-1 2.8239E-1 2.79612E-1 2.7872E-1 2.77894E-1 2.76314E-1 2.71577E-1 2.72298E-1 2.72867E-1 2.7316E-1 2.76459E-1 2.7782E-1
2.94159E-1 3.00707E-1 3.16645E-1 3.13004E-1 2.99408E-1 2.81019E-1 2.89665E-1 2.9135E-1 3.01734E-1 3.10393E-1 3.1066E-1 3.02615E-1 3.0877E-1 3.17351E-1 3.03671E-1 3.13258E-1 3.34494E-1 3.37916E-1 3.06683E-1 2.9562E-1 2.92384E-1 2.93584E-1 2.93039E-1 2.9649E-1 2.98118E-1 2.96673E-1 2.98027E-1 3.04259E-1 3.05479E-1 2.99876E-1 2.98273E-1 2.93962E-1 2.97468E-1 2.89583E-1 2.93118E-1 2.97656E-1 3.00964E-1 3.01323E-1 2.9937E-1 2.96948E-1 2.94324E-1 3.01629E-1 3.07031E-1 3.0351E-1 2.94125E-1 3.02001E-1 2.94123E-1 2.89365E-1 2.91585E-1 2.90121E-1 2.89604E-1 2.84362E-1 2.80104E-1 2.79211E-1 2.77765E-1 2.76463E-1 2.73305E-1 2.75587E-1 2.76014E-1 2.79666E-1 2.8291E-1
2.9021E-1 2.98149E-1 3.07251E-1 3.17335E-1 3.13232E-1 2.98457E-1 2.76363E-1 2.89152E-1 3.02097E-1 2.992E-1 2.95391E-1 2.98337E-1 3.03953E-1 3.05443E-1 2.97635E-1 3.20156E-1 3.20289E-1 3.3446E-1 3.24511E-1 3.02719E-1 2.94416E-1 2.92208E-1 2.93895E-1 2.9665E-1 3.0165E-1 2.98631E-1 3.0032E-1 3.0368E-1 3.05409E-1 3.00903E-1 3.00899E-1 2.9818E-1 2.99101E-1 2.97137E-1 2.947E-1 2.99112E-1 3.25784E-1 3.31641E-1 3.09788E-1 3.03367E-1 3.05947E-1 3.02489E-1 3.01289E-1 3.03996E-1 3.04273E-1 3.06062E-1 3.04614E-1 3.01034E-1 2.9621E-1 2.91942E-1 2.88069E-1 2.88267E-1 2.89965E-1 2.86613E-1 2.83534E-1 2.8442E-1 2.81133E-1 2.82469E-1 2.82781E-1 2.86306E-1 2.89865E-1
2.95572E-1 2.97611E-1 3.06669E-1 3.16265E-1 3.1511E-1 3.05389E-1 2.89532E-1 2.89115E-1 3.0068E-1 3.03827E-1 2.88645E-1 2.85215E-1 2.87509E-1 2.91008E-1 2.86984E-1 3.05125E-1 3.21066E-1 3.39503E-1 3.21405E-1 2.95796E-1 2.96238E-1 2.99427E-1 2.98374E-1 2.97332E-1 2.97993E-1 2.99383E-1 3.05241E-1 3.02436E-1 3.00636E-1 3.0055E-1 3.00896E-1 3.01815E-1 3.06805E-1 3.10589E-1 3.07721E-1 3.02037E-1 3.15909E-1 3.22351E-1 3.11048E-1 3.06776E-1 3.14299E-1 3.09091E-1 3.05229E-1 3.03937E-1 3.0707E-1 3.01106E-1 3.00212E-1 3.08954E-1 3.07733E-1 2.99409E-1 2.90537E-1 2.93307E-1 3.04109E-1 3.04746E-1 2.98572E-1 2.95865E-1 2.88513E-1 2.87453E-1 2.91039E-1 2.92533E-1 2.93558E-1
2.99329E-1 3.11983E-1 3.13719E-1 3.13634E-1 3.1748E-1 3.13917E-1 3.03992E-1 2.90271E-1 2.90554E-1 2.95636E-1 2.94155E-1 2.88555E-1 2.83645E-1 2.87019E-1 2.86373E-1 3.28664E-1 3.38414E-1 3.45389E-1 3.28512E-1 3.00291E-1 3.03947E-1 3.00031E-1 3.00398E-1 2.9972E-1 2.95101E-1 3.01394E-1 3.01946E-1 3.01886E-1 2.99169E-1 3.02065E-1 2.94345E-1 2.97958E-1 3.08374E-1 3.06594E-1 3.12795E-1 3.14595E-1 3.14742E-1 3.09533E-1 3.09667E-1 3.068E-1 3.02459E-1 3.05091E-1 3.02782E-1 3.02782E-1 3.00357E-1 3.04882E-1 3.03035E-1 2.9952E-1 2.97579E-1 2.959E-1 3.00163E-1 3.05419E-1 2.98408E-1 2.93915E-1 2.97405E-1 3.02365E-1 2.95745E-1 2.92643E-1 2.97868E-1 2.99349E-1 3.02497E-1
3.05153E-1 3.05792E-1 3.12243E-1 3.08667E-1 3.17602E-1 3.31306E-1 3.29834E-1 3.07656E-1 2.93588E-1 2.95744E-1 3.02606E-1 2.92196E-1 2.92311E-1 2.85427E-1 2.90844E-1 3.27473E-1 3.39412E-1 3.35344E-1 3.28207E-1 3.08212E-1 3.05385E-1 2.98334E-1 2.9806E-1 3.00347E-1 2.99364E-1 3.00399E-1 3.00617E-1 3.02637E-1 2.98163E-1 3.03366E-1 3.05198E-1 3.10413E-1 3.09998E-1 3.04902E-1 3.03596E-1 3.18076E-1 3.2535E-1 3.19702E-1 3.16414E-1 3.17548E-1 3.10176E-1 3.08468E-1 3.02176E-1 3.07807E-1 3.10381E-1 3.09701E-1 3.04555E-1 3.05688E-1 3.04703E-1 3.09995E-1 3.05925E-1 3.07376E-1 3.03648E-1 3.04215E-1 3.02918E-1 3.01853E-1 2.99306E-1 2.98239E-1 3.04841E-1 3.06608E-1 3.07597E-1
3.13171E-1 3.11019E-1 3.11891E-1 3.09653E-1 3.08407E-1 3.29696E-1 3.37793E-1 3.36898E-1 3.13092E-1 2.9812E-1 2.97623E-1 2.91824E-1 2.91674E-1 2.80625E-1 2.84578E-1 3.20963E-1 3.30206E-1 3.15796E-1 3.09794E-1 3.06991E-1 3.08556E-1 3.03647E-1 2.96942E-1 2.96121E-1 2.93328E-1 2.97058E-1 3.00854E-1 3.03224E-1 2.97527E-1 3.02326E-1 3.10282E-1 3.01381E-1 3.04708E-1 3.10225E-1 3.14838E-1 3.22847E-1 3.29963E-1 3.29715E-1 3.37832E-1 3.27211E-1 3.22818E-1 3.15415E-1 3.14961E-1 3.09728E-1 3.14703E-1 3.1858E-1 3.12915E-1 3.07459E-1 3.08378E-1 3.11293E-1 3.13907E-1 3.11949E-1 3.0889E-1 3.08218E-1 3.11916E-1 3.03376E-1 3.03557E-1 3.06154E-1 3.09308E-1 3.12704E-1 3.1591E-1
3.12327E-1 3.16225E-1 3.15022E-1 3.18142E-1 3.18654E-1 3.26022E-1 3.40119E-1 3.38531E-1 3.34758E-1 3.05625E-1 2.99424E-1 2.99945E-1 2.88295E-1 2.80247E-1 2.75709E-1 3.00518E-1 3.13605E-1 3.0508E-1 2.9488E-1 2.98168E-1 3.03713E-1 3.10034E-1 3.02214E-1 2.96875E-1 2.98363E-1 3.02237E-1 2.9947E-1 3.01668E-1 3.07596E-1 3.09276E-1 3.14113E-1 3.08497E-1 3.1373E-1 3.22736E-1 3.26663E-1 3.21065E-1 3.30254E-1 3.36292E-1 3.36205E-1 3.48791E-1 3.45407E-1 3.3508E-1 3.26349E-1 3.25315E-1 3.32317E-1 3.33965E-1 3.15388E-1 3.18797E-1 3.15986E-1 3.1396E-1 3.09986E-1 3.10716E-1 3.10851E-1 3.12474E-1 3.18982E-1 3.09117E-1 3.10517E-1 3.13033E-1 3.14741E-1 3.17063E-1 3.20673E-1
3.05468E-1 3.17591E-1 3.17889E-1 3.1559E-1 3.14309E-1 3.17331E-1 3.2872E-1 3.30661E-1 3.16515E-1 2.98263E-1 2.93754E-1 2.89005E-1 2.80122E-1 2.72973E-1 2.6697E-1 2.73358E-1 2.80491E-1 2.89449E-1 2.82915E-1 2.97097E-1 3.00917E-1 3.03224E-1 3.03664E-1 2.991E-1 3.00544E-1 3.04236E-1 3.08284E-1 3.10794E-1 3.08374E-1 3.0796E-1 3.17992E-1 3.15602E-1 3.21691E-1 3.23005E-1 3.18298E-1 3.18691E-1 3.26916E-1 3.34428E-1 3.36514E-1 3.34034E-1 3.37036E-1 3.4098E-1 3.44887E-1 3.40994E-1 3.37049E-1 3.29161E-1 3.27495E-1 3.2294E-1 3.22042E-1 3.18223E-1 3.13844E-1 3.10956E-1 3.15116E-1 3.13147E-1 3.17918E-1 3.20024E-1 3.1639E-1 3.15156E-1 3.17142E-1 3.21277E-1 3.28211E-1
3.0004E-1 3.16884E-1 3.20158E-1 3.16991E-1 3.13008E-1 3.04089E-1 2.97822E-1 2.95412E-1 2.95868E-1 2.94028E-1 2.93117E-1 2.84586E-1 2.7977E-1 2.77072E-1 2.71706E-1 2.7489E-1 2.76923E-1 2.84141E-1 2.90362E-1 3.01911E-1 3.01706E-1 3.00353E-1 3.00341E-1 2.98253E-1 2.97992E-1 3.03436E-1 3.05024E-1 3.08861E-1 3.10991E-1 3.13829E-1 3.07193E-1 3.11808E-1 3.17927E-1 3.18191E-1 3.26272E-1 3.2909E-1 3.24066E-1 3.25225E-1 3.22285E-1 3.19688E-1 3.19595E-1 3.22271E-1 3.2848E-1 3.46462E-1 3.43779E-1 3.41623E-1 3.31523E-1 3.30211E-1 3.23844E-1 3.2907E-1 3.21463E-1 3.23526E-1 3.34586E-1 3.27871E-1 3.27578E-1 3.30628E-1 3.25774E-1 3.20349E-1 3.2175E-1 3.26884E-1 3.29903E-1
3.08743E-1 3.11988E-1 3.16339E-1 3.17783E-1 3.13762E-1 3.08587E-1 3.0417E-1 3.02003E-1 2.99679E-1 2.91426E-1 2.94117E-1 2.91955E-1 2.88039E-1 2.86387E-1 2.82593E-1 2.83254E-1 2.85681E-1 2.91486E-1 2.99409E-1 3.02943E-1 3.01216E-1 3.02249E-1 3.01553E-1 2.99653E-1 2.96169E-1 2.95688E-1 2.9825E-1 3.0324E-1 3.0582E-1 3.09932E-1 3.08521E-1 3.12744E-1 3.16052E-1 3.21559E-1 3.22689E-1 3.27006E-1 3.20913E-1 3.22818E-1 3.21173E-1 3.21391E-1 3.2108E-1 3.2809E-1 3.29735E-1 3.42743E-1 3.51284E-1 3.47842E-1 3.38006E-1 3.30268E-1 3.33559E-1 3.32839E-1 3.42962E-1 3.32705E-1 3.26882E-1 3.22316E-1 3.2498E-1 3.23541E-1 3.26998E-1 3.27984E-1 3.27462E-1 3.36143E-1 3.47725E-1
3.03789E-1 3.11658E-1 3.1327E-1 3.13375E-1 3.13157E-1 3.16601E-1 3.15577E-1 3.12396E-1 3.12456E-1 3.03614E-1 2.965E-1 2.96665E-1 2.95071E-1 2.90908E-1 2.84218E-1 2.83128E-1 2.83306E-1 2.88806E-1 3.0323E-1 3.05879E-1 3.04918E-1 3.03426E-1 3.00026E-1 2.91901E-1 2.92899E-1 2.95635E-1 2.95926E-1 2.98592E-1 3.09404E-1 3.11517E-1 3.19157E-1 3.15108E-1 3.17975E-1 3.22143E-1 3.23576E-1 3.2662E-1 3.28708E-1 3.33426E-1 3.33748E-1 3.25732E-1 3.3789E-1 3.36259E-1 3.3388E-1 3.36791E-1 3.42141E-1 3.5316E-1 3.47274E-1 3.4089E-1 3.41052E-1 3.31838E-1 3.29576E-1 3.31483E-1 3.3045E-1 3.34015E-1 3.36633E-1 3.30696E-1 3.31273E-1 3.28965E-1 3.36791E-1 3.37639E-1 3.42594E-1
3.03941E-1 3.06942E-1 3.00675E-1 3.07397E-1 3.13957E-1 3.15044E-1 3.16161E-1 3.18148E-1 3.19537E-1 3.18075E-1 3.00411E-1 3.02161E-1 3.00299E-1 2.90416E-1 2.81518E-1 2.82279E-1 2.8688E-1 2.88595E-1 3.03883E-1 3.08514E-1 3.08907E-1 3.05285E-1 2.99003E-1 2.93214E-1 2.88407E-1 2.90426E-1 3.14542E-1 3.11036E-1 3.08731E-1 3.27435E-1 3.28927E-1 3.13984E-1 3.14061E-1 3.20574E-1 3.25636E-1 3.25017E-1 3.25353E-1 3.2725E-1 3.32085E-1 3.2725E-1 3.31085E-1 3.41847E-1 3.38616E-1 3.37069E-1 3.43637E-1 3.56661E-1 3.72204E-1 3.66386E-1 3.46245E-1 3.37101E-1 3.25839E-1 3.25933E-1 3.27137E-1 3.29945E-1 3.32531E-1 3.32652E-1 3.26546E-1 3.30126E-1 3.35466E-1 3.40782E-1 3.42608E-1
