maxent_outputs/hummingbirds/hummingbird_345.asc
ncols         426
nrows         180
xllcorner     -130.0
yllcorner     24.0
cellsize      0.16666666666666666
NODATA_value  -9999
[rows 54 to 80 of 180, columns 305 to 365 of 426]
6.73091E-2 6.09733E-2 6.08337E-2 5.74291E-2 6.00157E-2 6.109E-2 6.58648E-2 6.87922E-2 6.99919E-2 7.18347E-2 7.23423E-2 7.69511E-2 7.95617E-2 8.38181E-2 8.47489E-2 8.52579E-2 8.72604E-2 8.46167E-2 8.73062E-2 8.79676E-2 8.5051E-2 8.02442E-2 7.57648E-2 7.67037E-2 8.89085E-2 9.27257E-2 9.16618E-2 8.99372E-2 8.68255E-2 7.70817E-2 6.82839E-2 7.17522E-2 9.99445E-2 1.41701E-1 1.95942E-1 1.9437E-1 1.37277E-1 9.87987E-2 7.98022E-2 5.58665E-2 5.96899E-2 6.3981E-2 5.6285E-2 4.90498E-2 4.77991E-2 5.25363E-2 5.71041E-2 4.11451E-2 5.72583E-2 5.6071E-2 5.44888E-2 4.05018E-2 4.88127E-2 5.75539E-2 7.03758E-2 7.50905E-2 7.17457E-2 7.32157E-2 7.01233E-2 6.85849E-2 6.91922E-2
7.09498E-2 6.85669E-2 7.23336E-2 7.20305E-2 7.28132E-2 7.10806E-2 7.42209E-2 7.50931E-2 7.7176E-2 7.86875E-2 7.71771E-2 7.77947E-2 8.23221E-2 8.61929E-2 8.66216E-2 8.72278E-2 8.73302E-2 9.884E-2 8.61467E-2 8.39618E-2 8.73794E-2 9.40888E-2 1.03495E-1 9.40714E-2 9.33618E-2 9.37272E-2 9.05764E-2 7.97889E-2 6.325E-2 6.02975E-2 5.72713E-2 6.27906E-2 8.22207E-2 1.24387E-1 1.98991E-1 2.02955E-1 1.23377E-1 9.73919E-2 7.28452E-2 5.84828E-2 6.02156E-2 5.90438E-2 5.37897E-2 5.20439E-2 5.58354E-2 6.00614E-2 4.19732E-2 5.47899E-2 7.17026E-2 6.0823E-2 4.63314E-2 4.73551E-2 6.02219E-2 6.21461E-2 6.39329E-2 7.56197E-2 7.80721E-2 8.05009E-2 7.67899E-2 7.20667E-2 7.16072E-2
8.0749E-2 8.01765E-2 8.3453E-2 7.98419E-2 8.42066E-2 8.44293E-2 8.93238E-2 9.02119E-2 9.32216E-2 8.76348E-2 8.78952E-2 9.08416E-2 9.31772E-2 9.13859E-2 9.0666E-2 9.0065E-2 9.13626E-2 8.78136E-2 9.44572E-2 9.30452E-2 1.03341E-1 1.0614E-1 1.05783E-1 1.02698E-1 9.92809E-2 8.6154E-2 6.90352E-2 6.03752E-2 5.84646E-2 5.82672E-2 6.08311E-2 7.51058E-2 8.918E-2 1.2072E-1 1.95773E-1 1.95185E-1 1.21603E-1 9.45701E-2 6.47736E-2 7.26827E-2 6.75875E-2 5.2277E-2 6.09003E-2 5.76677E-2 6.11568E-2 7.45506E-2 5.56678E-2 7.17331E-2 5.53269E-2 4.88506E-2 6.7175E-2 6.65445E-2 6.63657E-2 6.39969E-2 6.9115E-2 8.13406E-2 8.85101E-2 8.76232E-2 8.29453E-2 7.0969E-2 7.17806E-2
9.09252E-2 8.04795E-2 8.74055E-2 8.8434E-2 9.26132E-2 8.75619E-2 8.92832E-2 9.40007E-2 1.01952E-1 9.71356E-2 9.32586E-2 9.61455E-2 9.59506E-2 9.07089E-2 8.42955E-2 8.23868E-2 8.52726E-2 8.4159E-2 9.20163E-2 1.06898E-1 1.14449E-1 1.04616E-1 1.03972E-1 9.7362E-2 8.73566E-2 7.34922E-2 6.47738E-2 5.80445E-2 5.61056E-2 6.00426E-2 6.4024E-2 6.44338E-2 9.22332E-2 9.98937E-2 1.52665E-1 1.92423E-1 1.2012E-1 8.2094E-2 7.19968E-2 6.25458E-2 6.75252E-2 5.52675E-2 7.34498E-2 7.57271E-2 7.90221E-2 7.85259E-2 4.81878E-2 5.28972E-2 4.96412E-2 5.49629E-2 6.54258E-2 5.95713E-2 6.55604E-2 6.94663E-2 7.60793E-2 8.46236E-2 9.29663E-2 9.2217E-2 8.03832E-2 7.82902E-2 7.8329E-2
1.05614E-1 9.95211E-2 9.79839E-2 8.7326E-2 9.15779E-2 1.00501E-1 1.07377E-1 1.02896E-1 1.15232E-1 1.06594E-1 1.03335E-1 9.81112E-2 9.69335E-2 9.63298E-2 9.45384E-2 1.05991E-1 1.03535E-1 1.15433E-1 1.16281E-1 9.28983E-2 9.44349E-2 9.02731E-2 9.61724E-2 9.03647E-2 7.64368E-2 6.57034E-2 6.04899E-2 5.71257E-2 5.94468E-2 6.33478E-2 5.75753E-2 5.79814E-2 7.06531E-2 9.1398E-2 1.27998E-1 1.40808E-1 1.05796E-1 6.37998E-2 7.49129E-2 7.48488E-2 6.30658E-2 6.26681E-2 8.03033E-2 8.15015E-2 7.51111E-2 4.32696E-2 3.04826E-2 2.01562E-2 3.80828E-2 5.68552E-2 5.79144E-2 6.35942E-2 6.28172E-2 7.18499E-2 8.01911E-2 9.24901E-2 9.0644E-2 9.06898E-2 8.52219E-2 8.01679E-2 8.81068E-2
1.08573E-1 1.15306E-1 1.05443E-1 9.05088E-2 9.91888E-2 1.23547E-1 1.1546E-1 1.20901E-1 1.30363E-1 1.33187E-1 1.20178E-1 1.19388E-1 1.1981E-1 1.31422E-1 1.56323E-1 1.88515E-1 1.4279E-1 1.10612E-1 8.7937E-2 8.44238E-2 8.39553E-2 8.70678E-2 8.90846E-2 7.71428E-2 6.35815E-2 5.78167E-2 5.311E-2 5.34167E-2 5.33057E-2 5.5155E-2 4.91458E-2 3.96234E-2 5.72918E-2 8.18921E-2 1.22506E-1 1.18067E-1 9.08886E-2 5.46781E-2 5.91418E-2 6.02408E-2 5.51984E-2 6.6571E-2 8.17726E-2 6.19147E-2 4.48895E-2 3.17559E-2 3.22942E-2 3.95476E-2 4.46059E-2 5.70743E-2 5.83213E-2 6.30827E-2 6.90899E-2 7.48948E-2 7.58729E-2 8.4205E-2 9.21805E-2 9.66906E-2 1.0218E-1 1.07521E-1 1.15857E-1
1.41163E-1 1.39654E-1 1.54894E-1 1.58622E-1 1.75769E-1 2.07968E-1 2.39296E-1 2.48923E-1 2.59896E-1 2.39484E-1 1.76671E-1 1.47669E-1 1.35433E-1 1.74284E-1 2.14066E-1 1.9884E-1 1.73536E-1 1.29983E-1 9.87004E-2 8.08148E-2 6.5415E-2 7.47939E-2 7.84657E-2 6.37677E-2 5.19587E-2 4.82803E-2 4.80088E-2 5.22312E-2 5.11266E-2 5.64828E-2 5.92946E-2 5.74367E-2 7.33032E-2 7.93812E-2 1.0922E-1 1.11365E-1 8.95636E-2 5.29963E-2 6.07439E-2 6.79705E-2 6.08025E-2 7.45553E-2 7.58379E-2 6.10431E-2 5.01424E-2 4.24703E-2 3.27644E-2 3.9951E-2 4.47502E-2 5.1058E-2 5.56269E-2 7.78402E-2 6.7715E-2 7.45906E-2 8.20564E-2 9.9602E-2 1.22769E-1 1.35473E-1 1.32702E-1 1.56626E-1 2.05866E-1
2.53714E-1 2.81818E-1 2.89965E-1 2.97315E-1 2.95534E-1 3.0594E-1 3.09673E-1 3.08879E-1 2.96476E-1 2.76658E-1 2.55312E-1 2.3427E-1 2.29481E-1 2.28773E-1 2.16276E-1 2.06111E-1 1.95419E-1 1.3569E-1 7.98658E-2 5.54068E-2 4.79961E-2 4.83042E-2 6.92129E-2 5.59696E-2 4.47965E-2 4.30627E-2 4.38564E-2 4.25792E-2 4.36865E-2 5.78007E-2 5.74165E-2 6.94033E-2 7.86366E-2 7.55171E-2 1.1135E-1 1.0617E-1 9.63774E-2 4.99249E-2 5.86578E-2 6.33653E-2 7.06634E-2 8.19012E-2 6.45545E-2 5.62936E-2 5.91921E-2 5.52813E-2 5.28541E-2 4.16928E-2 4.91742E-2 5.22456E-2 5.80377E-2 7.07872E-2 7.31018E-2 8.50946E-2 1.24328E-1 1.51346E-1 1.47986E-1 1.81819E-1 -9999 2.13028E-1 -9999
3.21612E-1 3.09813E-1 3.04303E-1 3.01235E-1 3.09673E-1 3.19326E-1 3.24001E-1 3.21078E-1 3.09898E-1 2.96456E-1 2.82102E-1 2.60563E-1 2.46278E-1 2.34431E-1 2.27356E-1 2.15303E-1 1.77223E-1 1.38282E-1 7.60793E-2 5.40015E-2 4.72136E-2 4.20007E-2 4.40661E-2 5.00061E-2 4.37283E-2 3.83906E-2 3.60066E-2 3.51622E-2 4.39017E-2 4.65142E-2 5.39357E-2 6.89769E-2 7.90369E-2 9.2472E-2 1.03115E-1 1.04643E-1 8.97218E-2 7.08393E-2 4.55354E-2 5.84336E-2 7.42152E-2 6.72365E-2 6.35478E-2 5.77788E-2 6.23114E-2 6.22619E-2 6.73257E-2 6.24014E-2 4.86468E-2 5.30936E-2 6.12343E-2 7.08121E-2 8.56036E-2 1.05237E-1 -9999 -9999 -9999 -9999 -9999 -9999 -9999
3.24695E-1 3.01508E-1 2.73715E-1 2.46091E-1 2.47487E-1 2.5993E-1 2.66828E-1 2.72518E-1 2.84258E-1 2.979E-1 2.87361E-1 2.7055E-1 2.63962E-1 2.4794E-1 2.06845E-1 1.38548E-1 1.15474E-1 1.02183E-1 8.46467E-2 7.06277E-2 6.27675E-2 5.11198E-2 4.14774E-2 4.33388E-2 4.88205E-2 4.48439E-2 3.89079E-2 3.91397E-2 4.45856E-2 5.95805E-2 5.7414E-2 7.10633E-2 8.44805E-2 1.00663E-1 1.0583E-1 9.73011E-2 6.82044E-2 5.85175E-2 4.87316E-2 5.8801E-2 7.06544E-2 6.08181E-2 6.28985E-2 6.04635E-2 6.5341E-2 6.96E-2 5.99335E-2 5.75427E-2 5.96307E-2 6.2807E-2 6.85826E-2 8.33277E-2 1.05335E-1 -9999 -9999 -9999 -9999 -9999 -9999 -9999 -9999
2.12124E-1 1.88481E-1 1.74238E-1 1.68996E-1 1.72962E-1 1.79498E-1 1.95103E-1 2.05901E-1 1.95304E-1 2.01824E-1 1.8979E-1 1.73961E-1 1.7153E-1 1.70154E-1 1.50453E-1 1.34666E-1 1.26416E-1 1.18986E-1 1.19864E-1 1.15974E-1 1.08471E-1 1.01534E-1 8.78238E-2 6.96119E-2 6.32436E-2 5.49922E-2 5.06064E-2 4.76412E-2 4.90075E-2 7.22506E-2 7.35312E-2 7.74805E-2 9.90286E-2 1.11813E-1 1.00734E-1 7.93189E-2 5.48964E-2 4.35516E-2 4.42814E-2 6.12173E-2 7.08435E-2 5.40712E-2 5.10922E-2 6.21097E-2 7.45088E-2 8.28906E-2 7.92528E-2 6.886E-2 7.77041E-2 7.58764E-2 8.10991E-2 1.03031E-1 -9999 -9999 -9999 -9999 -9999 -9999 -9999 -9999 -9999
1.70239E-1 1.58349E-1 1.48877E-1 1.44941E-1 1.53369E-1 1.61164E-1 1.68905E-1 1.83064E-1 1.82375E-1 1.71584E-1 1.69387E-1 1.65198E-1 1.65367E-1 1.65448E-1 1.58966E-1 1.48166E-1 1.38735E-1 1.31927E-1 1.31093E-1 1.24564E-1 1.12935E-1 1.06554E-1 1.02309E-1 9.82739E-2 9.13932E-2 8.37969E-2 8.65043E-2 7.18727E-2 7.3921E-2 8.37286E-2 8.24653E-2 9.17525E-2 1.08819E-1 1.13717E-1 1.01322E-1 7.24286E-2 4.67032E-2 3.66061E-2 4.84108E-2 5.65596E-2 6.95603E-2 5.34176E-2 4.64322E-2 5.69675E-2 6.6739E-2 7.77142E-2 8.60219E-2 8.97331E-2 9.55702E-2 1.01581E-1 1.07779E-1 1.18953E-1 -9999 -9999 -9999 -9999 -9999 -9999 -9999 -9999 -9999
1.85311E-1 1.79554E-1 1.46271E-1 1.2525E-1 1.25868E-1 1.41123E-1 1.48106E-1 1.6751E-1 1.77283E-1 1.6818E-1 1.6135E-1 1.62563E-1 1.61349E-1 1.75949E-1 1.72139E-1 1.44755E-1 1.2593E-1 1.16332E-1 1.06842E-1 9.54618E-2 7.8777E-2 8.56721E-2 8.10572E-2 7.5423E-2 7.73002E-2 8.11616E-2 9.87986E-2 1.00915E-1 9.63128E-2 9.76251E-2 9.27293E-2 1.07451E-1 1.18852E-1 1.18148E-1 1.0655E-1 8.30004E-2 3.67986E-2 3.34429E-2 4.04995E-2 6.61398E-2 6.95824E-2 6.65935E-2 4.77282E-2 5.52625E-2 6.4314E-2 7.52344E-2 8.21948E-2 8.73395E-2 9.58875E-2 1.04452E-1 1.15744E-1 2.01847E-1 -9999 -9999 -9999 -9999 -9999 -9999 -9999 -9999 -9999
2.55251E-1 1.86843E-1 1.31455E-1 1.11733E-1 9.85536E-2 1.00738E-1 1.24294E-1 1.65408E-1 1.66194E-1 1.58766E-1 1.52507E-1 1.6297E-1 1.49516E-1 1.88516E-1 1.89473E-1 1.3231E-1 1.13933E-1 9.80766E-2 9.38444E-2 8.73703E-2 7.93357E-2 8.37535E-2 8.29617E-2 8.06944E-2 7.78841E-2 8.92622E-2 8.19757E-2 9.24925E-2 9.20487E-2 9.20587E-2 9.73879E-2 1.19868E-1 1.24794E-1 1.0705E-1 7.87299E-2 7.33845E-2 4.30761E-2 3.99243E-2 4.44451E-2 6.25668E-2 7.20463E-2 6.15427E-2 5.59913E-2 5.31401E-2 6.87635E-2 7.47172E-2 7.99911E-2 8.97477E-2 9.92225E-2 1.16875E-1 1.36618E-1 1.72447E-1 -9999 -9999 -9999 -9999 -9999 -9999 -9999 -9999 -9999
1.81519E-1 1.3619E-1 1.0238E-1 9.55774E-2 9.03532E-2 8.69436E-2 1.14358E-1 1.37007E-1 1.51825E-1 1.24618E-1 1.33512E-1 1.32204E-1 1.60216E-1 1.72577E-1 1.41051E-1 1.60839E-1 1.1413E-1 9.4954E-2 9.01434E-2 8.93951E-2 8.48847E-2 9.00952E-2 8.65989E-2 8.82281E-2 8.74149E-2 9.07674E-2 8.24926E-2 8.21817E-2 9.11511E-2 8.55244E-2 8.31015E-2 1.1464E-1 1.22937E-1 1.04585E-1 7.47595E-2 5.82195E-2 4.77186E-2 4.86382E-2 5.43069E-2 7.5306E-2 6.99351E-2 7.17175E-2 6.20528E-2 5.77252E-2 7.30022E-2 7.85882E-2 8.57534E-2 9.53949E-2 1.08222E-1 1.23325E-1 1.47325E-1 1.65782E-1 -9999 -9999 -9999 -9999 -9999 -9999 -9999 -9999 -9999
1.18624E-1 1.19062E-1 1.03335E-1 8.72787E-2 8.4506E-2 8.9997E-2 1.05963E-1 9.90948E-2 1.16265E-1 1.06396E-1 1.20115E-1 1.36466E-1 1.40729E-1 1.55115E-1 1.22851E-1 1.3033E-1 1.16562E-1 9.85882E-2 9.75462E-2 9.73019E-2 9.77401E-2 9.27472E-2 8.94285E-2 8.90079E-2 9.08471E-2 8.73385E-2 8.55574E-2 7.82035E-2 8.4227E-2 7.66395E-2 9.66004E-2 1.06782E-1 1.21159E-1 9.94225E-2 7.65638E-2 6.30143E-2 4.89617E-2 4.91359E-2 5.70285E-2 8.42756E-2 7.58357E-2 8.68847E-2 7.23382E-2 6.71363E-2 7.66895E-2 7.91525E-2 8.96408E-2 9.28167E-2 1.11313E-1 1.35097E-1 -9999 -9999 -9999 -9999 -9999 -9999 -9999 -9999 -9999 -9999 -9999
9.76486E-2 8.86393E-2 8.8085E-2 8.63573E-2 8.44901E-2 8.93849E-2 9.6012E-2 8.7238E-2 9.07233E-2 1.07457E-1 1.14502E-1 1.2556E-1 1.22744E-1 1.28625E-1 1.23552E-1 1.1504E-1 1.11282E-1 1.05177E-1 9.9726E-2 9.86039E-2 9.71989E-2 9.19088E-2 8.95069E-2 8.17098E-2 7.83806E-2 8.08867E-2 7.75423E-2 7.19152E-2 6.23039E-2 5.87998E-2 6.69185E-2 1.24559E-1 1.11926E-1 8.46353E-2 7.33125E-2 6.18089E-2 4.96219E-2 5.42869E-2 7.58919E-2 9.20832E-2 8.88897E-2 8.16046E-2 7.21876E-2 6.63514E-2 7.26791E-2 7.92561E-2 9.20105E-2 9.44478E-2 1.14268E-1 1.38237E-1 1.54732E-1 -9999 -9999 -9999 -9999 -9999 -9999 -9999 -9999 -9999 -9999
9.39904E-2 9.17081E-2 8.63868E-2 8.73524E-2 8.84302E-2 8.45591E-2 8.14613E-2 8.11744E-2 7.63205E-2 8.62925E-2 1.05737E-1 1.16612E-1 1.22399E-1 1.25111E-1 1.29059E-1 1.19603E-1 1.14223E-1 1.09481E-1 1.02876E-1 9.57411E-2 9.23243E-2 8.98644E-2 8.32872E-2 7.97013E-2 7.70058E-2 7.69519E-2 7.17846E-2 5.27309E-2 5.0964E-2 6.31755E-2 8.29055E-2 1.25673E-1 9.98708E-2 8.09425E-2 6.73116E-2 6.17606E-2 5.34652E-2 6.03799E-2 8.69454E-2 9.52962E-2 8.34526E-2 7.17854E-2 7.1781E-2 7.2067E-2 7.27316E-2 8E-2 8.79832E-2 9.87935E-2 1.04971E-1 1.23848E-1 1.48547E-1 1.70422E-1 -9999 2.43864E-1 2.58828E-1 -9999 -9999 -9999 -9999 -9999 -9999
8.72202E-2 8.6777E-2 7.36712E-2 7.56979E-2 8.41186E-2 8.16248E-2 7.95516E-2 7.18848E-2 7.39099E-2 9.06173E-2 1.04422E-1 1.15951E-1 1.17041E-1 1.06159E-1 1.09306E-1 1.16633E-1 1.07739E-1 9.86147E-2 9.60767E-2 8.75351E-2 8.97698E-2 8.19873E-2 7.39151E-2 7.89426E-2 7.13506E-2 6.57599E-2 5.81911E-2 5.4646E-2 4.94854E-2 9.46008E-2 1.19593E-1 1.20248E-1 9.5599E-2 7.47231E-2 7.33545E-2 5.93278E-2 6.73947E-2 7.71579E-2 9.22434E-2 9.5874E-2 8.11102E-2 7.65701E-2 7.43933E-2 8.10049E-2 7.60184E-2 9.44622E-2 1.0828E-1 1.13388E-1 1.16503E-1 1.24365E-1 1.43839E-1 1.68332E-1 -9999 -9999 2.69485E-1 2.7665E-1 -9999 -9999 -9999 -9999 -9999
8.68003E-2 7.95067E-2 6.79109E-2 6.46483E-2 7.18984E-2 7.40576E-2 7.73669E-2 7.28531E-2 8.18698E-2 9.16305E-2 1.02636E-1 1.12282E-1 1.0966E-1 9.47805E-2 1.09107E-1 1.14836E-1 1.19922E-1 1.10841E-1 1.01919E-1 9.10815E-2 9.11848E-2 7.78543E-2 6.87082E-2 7.31286E-2 7.89395E-2 7.14095E-2 6.42572E-2 7.18151E-2 8.38668E-2 9.52826E-2 1.08589E-1 1.17399E-1 9.12926E-2 7.66097E-2 7.49213E-2 6.82415E-2 7.37853E-2 8.84703E-2 9.92297E-2 1.00862E-1 8.15766E-2 8.81264E-2 8.50248E-2 8.94878E-2 8.8897E-2 1.17954E-1 1.3122E-1 1.38364E-1 1.30162E-1 1.42395E-1 1.6025E-1 1.8015E-1 2.08661E-1 2.29791E-1 2.46751E-1 2.62579E-1 -9999 -9999 -9999 -9999 -9999
8.30005E-2 7.97701E-2 7.38038E-2 7.25632E-2 7.24267E-2 8.40677E-2 8.63369E-2 8.45182E-2 8.74351E-2 9.09836E-2 1.08265E-1 1.04846E-1 9.63998E-2 9.80488E-2 9.18488E-2 9.3221E-2 9.4737E-2 1.05594E-1 1.12881E-1 1.11762E-1 1.00174E-1 8.01064E-2 7.365E-2 7.8352E-2 8.2922E-2 7.79549E-2 7.13887E-2 7.38833E-2 9.33128E-2 1.06212E-1 1.04694E-1 1.1841E-1 9.26754E-2 8.17025E-2 8.91576E-2 8.33172E-2 8.39527E-2 9.22422E-2 1.02519E-1 9.77577E-2 9.00706E-2 8.94767E-2 1.02449E-1 1.0493E-1 1.14037E-1 1.31665E-1 1.61352E-1 1.75224E-1 1.63626E-1 1.61633E-1 1.9075E-1 2.09244E-1 2.19087E-1 2.23863E-1 2.4709E-1 3.10301E-1 -9999 -9999 -9999 -9999 -9999
8.37012E-2 8.52137E-2 8.26606E-2 7.41374E-2 8.11523E-2 8.8791E-2 8.88118E-2 9.37716E-2 9.54525E-2 9.60132E-2 1.06177E-1 1.05809E-1 1.06512E-1 1.09231E-1 1.01865E-1 9.43747E-2 8.01669E-2 7.56155E-2 9.29553E-2 1.11814E-1 1.09926E-1 8.36967E-2 7.56539E-2 8.16959E-2 8.19681E-2 8.38523E-2 8.6886E-2 8.65936E-2 9.85876E-2 1.04753E-1 1.01895E-1 1.00767E-1 8.89832E-2 8.89255E-2 8.97834E-2 9.5457E-2 9.47403E-2 1.04815E-1 1.01525E-1 9.94654E-2 1.06777E-1 1.06069E-1 1.25337E-1 1.33013E-1 1.46972E-1 1.60411E-1 1.77107E-1 1.94568E-1 1.96874E-1 2.37279E-1 2.35816E-1 2.39252E-1 2.73317E-1 3.70847E-1 3.62806E-1 -9999 -9999 -9999 -9999 -9999 -9999
8.10332E-2 7.93866E-2 7.82851E-2 8.06257E-2 7.87146E-2 7.77383E-2 8.92205E-2 9.84124E-2 9.3837E-2 1.08052E-1 1.06944E-1 1.1602E-1 1.14226E-1 1.12197E-1 1.14346E-1 1.043E-1 1.00562E-1 1.03682E-1 1.10059E-1 1.15237E-1 8.89724E-2 7.06932E-2 6.20336E-2 7.17109E-2 7.77924E-2 8.9002E-2 9.29272E-2 9.32069E-2 8.7226E-2 9.11527E-2 9.09271E-2 1.20949E-1 1.00582E-1 9.48849E-2 9.89298E-2 1.09598E-1 1.2106E-1 1.21224E-1 1.14997E-1 1.1644E-1 1.23511E-1 1.36878E-1 1.52938E-1 1.84635E-1 1.68123E-1 2.57843E-1 -9999 -9999 -9999 -9999 2.57349E-1 -9999 -9999 3.39707E-1 3.32616E-1 3.3737E-1 -9999 -9999 -9999 -9999 -9999
8.15577E-2 7.92568E-2 7.93753E-2 7.44565E-2 8.04287E-2 8.51908E-2 9.29094E-2 8.96694E-2 1.04411E-1 1.15097E-1 1.08468E-1 9.89999E-2 1.04422E-1 1.18082E-1 1.15156E-1 1.16937E-1 1.20478E-1 1.19777E-1 1.09561E-1 9.04405E-2 8.45527E-2 7.32425E-2 6.90702E-2 9.40865E-2 9.95983E-2 1.00688E-1 1.00007E-1 8.92617E-2 8.62908E-2 1.07822E-1 1.15133E-1 1.38294E-1 1.13302E-1 1.18288E-1 1.24589E-1 1.35937E-1 1.65223E-1 -9999 -9999 1.66905E-1 1.73074E-1 1.93747E-1 2.13042E-1 2.26522E-1 -9999 2.53591E-1 -9999 -9999 -9999 -9999 -9999 -9999 -9999 -9999 -9999 -9999 -9999 -9999 -9999 -9999 -9999
7.96683E-2 7.77573E-2 7.81588E-2 8.35034E-2 8.20991E-2 8.13389E-2 8.38534E-2 1.00503E-1 1.05893E-1 9.94663E-2 9.38503E-2 1.00964E-1 1.09206E-1 1.17588E-1 1.25765E-1 1.26984E-1 1.19101E-1 1.05532E-1 8.59067E-2 8.01198E-2 9.42683E-2 9.66981E-2 1.01041E-1 1.03549E-1 1.08947E-1 1.03046E-1 9.29499E-2 9.19409E-2 1.099E-1 1.29521E-1 1.4429E-1 1.49279E-1 1.44835E-1 1.5836E-1 1.67598E-1 1.73766E-1 1.82357E-1 1.66788E-1 1.80141E-1 1.9931E-1 1.9532E-1 1.8986E-1 1.99665E-1 -9999 -9999 -9999 -9999 -9999 -9999 -9999 -9999 -9999 -9999 -9999 -9999 -9999 -9999 -9999 -9999 -9999 -9999
8.25852E-2 7.62142E-2 8.24491E-2 8.43671E-2 8.10437E-2 8.75413E-2 9.93691E-2 9.89525E-2 9.54075E-2 1.02456E-1 1.0589E-1 1.09241E-1 1.11122E-1 1.22111E-1 1.1806E-1 1.16731E-1 1.06422E-1 9.98844E-2 9.44269E-2 9.94343E-2 1.14613E-1 1.19716E-1 1.13793E-1 1.15305E-1 1.12252E-1 1.01855E-1 9.87415E-2 1.07382E-1 1.28029E-1 1.40099E-1 1.63781E-1 1.73735E-1 1.71385E-1 1.94062E-1 1.87329E-1 1.96305E-1 2.01407E-1 2.03507E-1 2.17319E-1 2.41389E-1 -9999 -9999 -9999 -9999 -9999 -9999 -9999 -9999 -9999 -9999 -9999 -9999 -9999 -9999 -9999 -9999 -9999 -9999 -9999 -9999 -9999
8.34424E-2 7.55224E-2 7.58782E-2 8.37E-2 9.21099E-2 1.06857E-1 1.17438E-1 1.17246E-1 1.18189E-1 1.23164E-1 1.24624E-1 1.22239E-1 1.18178E-1 1.26417E-1 1.15642E-1 1.10806E-1 1.17258E-1 1.14988E-1 1.16148E-1 1.15764E-1 1.16159E-1 1.27647E-1 1.27613E-1 1.25634E-1 1.22534E-1 1.21095E-1 1.25823E-1 1.32856E-1 1.46827E-1 1.6116E-1 1.67488E-1 1.76467E-1 1.91751E-1 2.22478E-1 2.31045E-1 2.58147E-1 2.90271E-1 -9999 -9999 -9999 -9999 -9999 -9999 -9999 -9999 -9999 -9999 -9999 -9999 -9999 -9999 -9999 -9999 -9999 -9999 -9999 -9999 -9999 -9999 -9999 -9999
