maxent_outputs/hummingbirds/hummingbird_71.asc
ncols         426
nrows         180
xllcorner     -130.0
yllcorner     24.0
cellsize      0.16666666666666666
NODATA_value  -9999
[rows 27 to 53 of 180, columns 61 to 121 of 426]
1.23021E-1 1.7175E-1 9.19697E-2 7.93845E-2 8.48686E-2 7.97665E-2 6.64984E-2 7.24789E-2 8.24222E-2 7.1542E-2 1.1864E-1 8.89705E-2 7.42576E-2 1.01607E-1 8.01977E-2 6.78962E-2 5.73841E-2 6.29277E-2 1.13399E-1 5.52869E-2 5.53647E-2 5.6112E-2 5.56599E-2 6.06428E-2 6.46097E-2 5.94118E-2 6.92191E-2 5.66068E-2 5.07554E-2 4.31005E-2 3.67902E-2 3.53507E-2 4.49526E-2 5.66414E-2 7.17476E-2 8.36362E-2 8.52214E-2 8.75769E-2 9.40825E-2 9.65016E-2 1.00524E-1 1.09026E-1 1.11909E-1 1.09572E-1 1.0224E-1 1.04086E-1 9.85831E-2 9.2288E-2 8.41968E-2 8.29644E-2 8.10409E-2 7.75306E-2 7.58207E-2 7.1231E-2 6.21434E-2 5.48188E-2 4.89825E-2 4.94016E-2 4.76757E-2 4.8299E-2 4.56675E-2
1.32341E-1 1.60892E-1 1.06065E-1 8.13834E-2 9.68348E-2 9.5555E-2 8.17807E-2 7.83158E-2 1.03703E-1 9.29137E-2 8.27959E-2 8.31674E-2 1.01518E-1 1.02415E-1 8.00079E-2 7.85003E-2 6.94866E-2 6.72613E-2 9.23774E-2 8.59328E-2 7.15557E-2 6.80523E-2 6.24599E-2 6.28942E-2 5.81533E-2 5.5355E-2 7.34625E-2 7.91239E-2 6.13751E-2 4.73871E-2 3.85243E-2 3.57345E-2 3.55499E-2 4.07757E-2 4.59527E-2 5.71775E-2 7.36014E-2 8.64826E-2 9.04285E-2 9.61952E-2 1.02143E-1 1.06421E-1 1.02492E-1 9.97798E-2 9.50917E-2 1.02446E-1 1.05502E-1 9.85805E-2 8.60991E-2 8.04696E-2 7.87761E-2 7.84519E-2 7.54264E-2 7.56078E-2 6.85606E-2 5.91292E-2 4.98505E-2 4.77735E-2 4.86446E-2 4.44806E-2 4.45283E-2
1.46841E-1 1.56035E-1 1.45358E-1 9.09674E-2 8.76548E-2 9.90891E-2 9.93954E-2 9.9353E-2 1.12194E-1 1.34215E-1 9.66863E-2 1.01703E-1 1.12846E-1 1.16156E-1 9.63929E-2 9.53679E-2 7.84339E-2 7.33794E-2 7.88813E-2 1.19786E-1 9.62878E-2 7.71532E-2 7.36286E-2 6.4127E-2 6.24944E-2 6.28655E-2 6.08286E-2 9.14448E-2 7.24938E-2 4.75646E-2 3.93911E-2 4.26646E-2 4.03779E-2 3.27747E-2 3.45092E-2 4.54241E-2 5.90113E-2 7.52123E-2 8.1093E-2 9.15156E-2 9.96267E-2 1.01532E-1 1.03572E-1 9.90829E-2 9.14895E-2 9.79914E-2 1.07366E-1 1.02907E-1 9.61169E-2 9.39264E-2 9.73867E-2 9.17675E-2 8.77426E-2 8.16808E-2 7.07173E-2 6.86754E-2 6.36942E-2 5.43747E-2 4.85499E-2 4.9701E-2 4.93776E-2
1.22795E-1 1.66647E-1 1.89777E-1 9.76746E-2 8.16177E-2 1.04271E-1 1.1311E-1 1.11761E-1 1.06005E-1 1.33063E-1 1.28575E-1 1.30957E-1 1.29984E-1 1.172E-1 1.05471E-1 1.05134E-1 8.99732E-2 9.11437E-2 8.08512E-2 1.04756E-1 1.27128E-1 1.01956E-1 8.40098E-2 7.58824E-2 7.19524E-2 6.5537E-2 5.96052E-2 8.65259E-2 9.9384E-2 5.85876E-2 4.60426E-2 4.36861E-2 4.97509E-2 3.84064E-2 2.97324E-2 3.50626E-2 4.8081E-2 6.33396E-2 8.1104E-2 8.6261E-2 9.37162E-2 1.00724E-1 1.0792E-1 1.04876E-1 1.01247E-1 1.03461E-1 1.08969E-1 1.16581E-1 9.99129E-2 9.45998E-2 9.56088E-2 9.39584E-2 9.84967E-2 1.00051E-1 8.42886E-2 7.56486E-2 7.39638E-2 7.05787E-2 6.64948E-2 6.85306E-2 6.69354E-2
1.22846E-1 1.5699E-1 1.82466E-1 1.16179E-1 1.00201E-1 1.01362E-1 1.08315E-1 1.03594E-1 1.04344E-1 1.27825E-1 1.50016E-1 1.40459E-1 1.20598E-1 1.18511E-1 1.20243E-1 1.1116E-1 1.05653E-1 1.17946E-1 1.01717E-1 9.5935E-2 1.42653E-1 1.38198E-1 1.1604E-1 9.71151E-2 8.71668E-2 6.85033E-2 6.86504E-2 7.71816E-2 6.54608E-2 8.25289E-2 5.34483E-2 4.27001E-2 4.62482E-2 5.29595E-2 4.18383E-2 2.8695E-2 3.63021E-2 5.89923E-2 7.78031E-2 8.41495E-2 8.86337E-2 9.97931E-2 1.07777E-1 1.13549E-1 1.1164E-1 1.09915E-1 1.20537E-1 1.17464E-1 9.79373E-2 9.04818E-2 8.56874E-2 8.40352E-2 8.75477E-2 9.06541E-2 8.97221E-2 8.14481E-2 7.97532E-2 7.9462E-2 7.93351E-2 7.78814E-2 7.93113E-2
1.31706E-1 1.54866E-1 1.52406E-1 1.17572E-1 1.17891E-1 1.14944E-1 1.20567E-1 1.10816E-1 1.16194E-1 1.41763E-1 1.60783E-1 1.40384E-1 1.30337E-1 1.19984E-1 1.25806E-1 1.24087E-1 1.23479E-1 1.44345E-1 1.20765E-1 1.06067E-1 1.4407E-1 1.18327E-1 1.24909E-1 1.28987E-1 9.15028E-2 9.01624E-2 7.54746E-2 9.48253E-2 6.35701E-2 6.28809E-2 6.40901E-2 6.55995E-2 5.23411E-2 4.65512E-2 5.59896E-2 6.09231E-2 3.86813E-2 4.28987E-2 5.69811E-2 8.11477E-2 8.49974E-2 1.03363E-1 1.18938E-1 1.32604E-1 1.43671E-1 1.44506E-1 1.48531E-1 1.19641E-1 1.07894E-1 9.59667E-2 9.05394E-2 8.73086E-2 8.47281E-2 8.57705E-2 8.74657E-2 8.52555E-2 8.3863E-2 8.34012E-2 8.06851E-2 8.15574E-2 8.19275E-2
1.42533E-1 1.78568E-1 1.60723E-1 1.29539E-1 1.22014E-1 1.35897E-1 1.33216E-1 1.17318E-1 1.34632E-1 1.77958E-1 1.4714E-1 1.43248E-1 1.39502E-1 1.28851E-1 1.29477E-1 1.38023E-1 1.39359E-1 1.35241E-1 1.29619E-1 1.34878E-1 1.4412E-1 1.28028E-1 1.1387E-1 1.33761E-1 1.12086E-1 1.08927E-1 9.85342E-2 9.62895E-2 6.98215E-2 6.46672E-2 5.7622E-2 7.27845E-2 8.90705E-2 6.95244E-2 6.52603E-2 5.81592E-2 5.00648E-2 4.05785E-2 4.56207E-2 7.7876E-2 8.62498E-2 1.00211E-1 1.18361E-1 1.32804E-1 1.4072E-1 1.37714E-1 1.36401E-1 1.23082E-1 1.16159E-1 1.09719E-1 9.56148E-2 9.42565E-2 8.8366E-2 8.6015E-2 8.53091E-2 8.45456E-2 8.15262E-2 8.18233E-2 8.15777E-2 8.46803E-2 9.15433E-2
1.67777E-1 1.62317E-1 1.64852E-1 1.59916E-1 1.55602E-1 1.50642E-1 1.52656E-1 1.4714E-1 1.53822E-1 1.6849E-1 1.52369E-1 1.40482E-1 1.53911E-1 1.47932E-1 1.49776E-1 1.4409E-1 1.52079E-1 1.50486E-1 1.447E-1 1.57045E-1 1.76159E-1 1.56876E-1 1.25487E-1 1.39987E-1 1.15222E-1 1.09233E-1 1.03325E-1 9.5714E-2 8.43229E-2 7.06223E-2 5.91066E-2 7.25807E-2 9.50569E-2 9.40349E-2 6.57042E-2 6.10438E-2 5.17255E-2 5.31818E-2 4.92462E-2 6.04466E-2 7.84071E-2 1.01576E-1 1.15305E-1 1.31445E-1 1.33944E-1 1.3575E-1 1.31061E-1 1.21591E-1 1.10158E-1 1.02463E-1 9.98864E-2 9.54757E-2 9.81993E-2 9.18765E-2 8.85696E-2 8.78667E-2 8.15864E-2 8.08081E-2 7.60055E-2 8.40628E-2 8.94043E-2
1.75089E-1 1.74997E-1 1.62115E-1 1.64175E-1 1.62366E-1 1.55954E-1 1.68752E-1 1.72533E-1 1.82859E-1 1.89067E-1 1.5316E-1 1.55566E-1 1.57365E-1 1.54141E-1 1.58758E-1 1.53389E-1 1.53692E-1 1.59205E-1 1.58413E-1 1.71743E-1 2.01834E-1 1.79374E-1 1.53914E-1 1.48232E-1 1.35014E-1 1.10424E-1 1.16683E-1 1.0178E-1 9.4461E-2 8.19259E-2 7.81646E-2 7.90821E-2 8.12023E-2 9.98752E-2 9.84688E-2 6.98424E-2 5.67492E-2 5.25239E-2 4.61656E-2 5.00644E-2 5.90476E-2 7.25445E-2 1.01992E-1 1.23252E-1 1.23792E-1 1.23225E-1 1.26689E-1 1.23356E-1 1.14344E-1 1.09938E-1 1.07771E-1 1.09847E-1 1.08046E-1 1.02752E-1 1.04491E-1 1.02767E-1 9.0234E-2 8.79473E-2 8.19815E-2 7.88407E-2 8.25764E-2
1.42032E-1 1.52753E-1 1.46056E-1 1.46663E-1 1.92289E-1 1.70322E-1 1.87046E-1 1.87086E-1 1.98366E-1 1.9289E-1 1.80377E-1 1.80658E-1 1.88345E-1 1.68375E-1 1.67434E-1 1.67772E-1 1.7134E-1 1.73939E-1 1.55818E-1 1.79125E-1 1.82755E-1 1.63562E-1 1.57878E-1 1.59729E-1 1.52137E-1 1.34847E-1 1.31535E-1 1.13401E-1 9.59343E-2 8.65024E-2 8.54148E-2 8.52812E-2 8.66348E-2 9.79688E-2 1.31701E-1 9.29573E-2 6.98246E-2 5.76834E-2 5.84525E-2 4.50648E-2 5.64236E-2 6.42725E-2 9.15012E-2 1.17525E-1 1.36243E-1 1.50421E-1 1.45275E-1 1.51269E-1 1.43811E-1 1.40568E-1 1.30475E-1 1.26922E-1 1.14465E-1 1.08289E-1 1.06553E-1 1.09578E-1 1.0108E-1 9.54498E-2 1.01592E-1 8.9798E-2 8.3969E-2
1.48454E-1 1.52774E-1 1.4956E-1 1.73403E-1 1.60451E-1 1.59552E-1 1.53648E-1 1.48722E-1 1.66145E-1 1.69058E-1 1.74836E-1 1.73108E-1 1.68311E-1 1.88768E-1 1.9747E-1 1.79117E-1 1.85071E-1 1.77336E-1 1.82526E-1 1.84322E-1 1.76369E-1 1.77073E-1 1.74026E-1 1.71771E-1 1.68673E-1 1.50218E-1 1.32502E-1 1.1986E-1 1.1002E-1 9.32892E-2 9.31893E-2 9.98004E-2 9.79673E-2 1.05492E-1 1.27662E-1 9.28181E-2 7.76713E-2 5.42679E-2 5.65179E-2 4.69301E-2 6.17938E-2 7.07988E-2 8.2449E-2 1.13046E-1 1.37213E-1 1.57579E-1 1.61522E-1 1.49977E-1 1.43868E-1 1.28792E-1 1.18796E-1 1.23336E-1 1.25059E-1 1.20521E-1 1.17976E-1 1.1232E-1 1.08507E-1 1.07947E-1 1.04532E-1 1.08124E-1 9.92607E-2
1.69134E-1 1.72256E-1 1.97733E-1 2.04911E-1 1.77365E-1 1.82171E-1 1.76657E-1 1.68919E-1 1.63308E-1 1.66095E-1 1.66262E-1 1.67005E-1 1.76714E-1 1.89548E-1 2.04959E-1 1.94207E-1 1.90298E-1 1.96966E-1 2.17534E-1 2.04529E-1 1.8986E-1 1.82529E-1 1.86172E-1 1.86522E-1 1.7027E-1 1.59254E-1 1.37523E-1 1.30599E-1 1.20845E-1 1.06774E-1 1.05096E-1 1.12275E-1 1.02365E-1 1.11967E-1 9.31075E-2 7.64874E-2 8.0331E-2 5.85559E-2 5.65671E-2 4.95234E-2 6.0068E-2 8.06739E-2 9.47844E-2 1.1301E-1 1.32359E-1 1.42031E-1 1.51598E-1 1.54751E-1 1.4824E-1 1.40476E-1 1.32046E-1 1.27634E-1 1.24887E-1 1.20298E-1 1.06601E-1 1.02415E-1 1.07716E-1 1.14276E-1 1.09109E-1 1.09575E-1 1.07586E-1
1.95532E-1 2.01096E-1 2.41022E-1 2.19314E-1 2.15732E-1 2.04695E-1 2.04219E-1 1.94105E-1 1.83082E-1 1.79523E-1 1.84906E-1 1.85844E-1 1.95819E-1 2.05516E-1 1.93783E-1 1.91672E-1 1.81947E-1 1.84203E-1 2.03937E-1 2.00894E-1 1.95222E-1 1.90038E-1 1.85816E-1 1.77527E-1 1.62952E-1 1.5351E-1 1.34388E-1 1.29092E-1 1.22093E-1 1.18532E-1 1.13156E-1 1.1211E-1 1.06225E-1 1.18413E-1 1.06326E-1 7.57515E-2 7.65199E-2 7.75479E-2 6.07782E-2 5.7782E-2 6.04938E-2 7.29884E-2 8.49048E-2 1.0057E-1 1.22668E-1 1.31786E-1 1.37594E-1 1.37563E-1 1.40028E-1 1.37313E-1 1.30623E-1 1.22079E-1 1.18692E-1 1.14326E-1 9.52851E-2 8.93138E-2 9.69394E-2 1.0792E-1 1.19661E-1 1.1571E-1 1.11788E-1
2.34748E-1 2.54477E-1 2.37106E-1 2.31223E-1 2.17044E-1 2.0475E-1 2.02572E-1 1.97002E-1 1.92133E-1 1.99928E-1 2.07731E-1 2.07484E-1 2.08227E-1 2.16793E-1 2.09447E-1 1.97862E-1 1.97413E-1 1.96617E-1 1.915E-1 1.90144E-1 1.82153E-1 1.74982E-1 1.79089E-1 1.75291E-1 1.61885E-1 1.51616E-1 1.42823E-1 1.40059E-1 1.20354E-1 1.14272E-1 1.16192E-1 1.00001E-1 1.02005E-1 1.07173E-1 1.00282E-1 9.09285E-2 7.72841E-2 7.03524E-2 6.93249E-2 5.63853E-2 6.11384E-2 5.91325E-2 6.90264E-2 8.8425E-2 1.01779E-1 1.20483E-1 1.34483E-1 1.32225E-1 1.38088E-1 1.31123E-1 1.27609E-1 1.18436E-1 1.0973E-1 1.08676E-1 1.00442E-1 9.89248E-2 1.05141E-1 1.11095E-1 1.13185E-1 1.13832E-1 1.12841E-1
2.50837E-1 2.5537E-1 2.82882E-1 2.78735E-1 2.58698E-1 2.28079E-1 2.1548E-1 2.06369E-1 2.04335E-1 2.127E-1 2.21452E-1 2.1984E-1 2.26283E-1 2.24771E-1 2.15291E-1 2.04413E-1 2.00815E-1 2.12118E-1 2.02222E-1 1.9082E-1 1.84199E-1 1.78561E-1 1.74506E-1 1.548E-1 1.46455E-1 1.42539E-1 1.3738E-1 1.24367E-1 1.21191E-1 1.21861E-1 1.0726E-1 1.01404E-1 1.08762E-1 9.49676E-2 9.41445E-2 8.38445E-2 7.66275E-2 6.71249E-2 6.82458E-2 6.19479E-2 5.93701E-2 5.5502E-2 7.30512E-2 7.87979E-2 8.7512E-2 1.12268E-1 1.32783E-1 1.49163E-1 1.28786E-1 1.2489E-1 1.17829E-1 1.17912E-1 1.02091E-1 1.03551E-1 9.54246E-2 9.63023E-2 1.03838E-1 1.11335E-1 1.18735E-1 1.15828E-1 1.10875E-1
2.74467E-1 2.84176E-1 2.93054E-1 3.02387E-1 2.69596E-1 2.44315E-1 2.27526E-1 2.23957E-1 2.20884E-1 2.33478E-1 2.37404E-1 2.48314E-1 2.39553E-1 2.35413E-1 2.30798E-1 2.15791E-1 2.05105E-1 2.04053E-1 1.98886E-1 1.98178E-1 1.82307E-1 1.85449E-1 1.72734E-1 1.69612E-1 1.6559E-1 1.55396E-1 1.35361E-1 1.22851E-1 1.0529E-1 1.0953E-1 1.07639E-1 1.03672E-1 1.07242E-1 1.11166E-1 1.1182E-1 9.14675E-2 8.26214E-2 7.47647E-2 7.72989E-2 7.872E-2 6.44623E-2 5.96488E-2 7.65776E-2 8.10737E-2 9.05641E-2 9.31868E-2 1.12786E-1 1.18484E-1 9.80562E-2 9.76694E-2 9.34611E-2 1.01208E-1 9.20932E-2 8.92005E-2 8.40818E-2 8.78292E-2 9.85427E-2 1.0687E-1 1.13574E-1 1.15805E-1 1.12542E-1
3.03744E-1 3.06256E-1 2.90939E-1 2.99654E-1 2.94283E-1 2.66588E-1 2.57945E-1 2.45993E-1 2.55262E-1 2.7098E-1 2.69268E-1 2.68641E-1 2.65162E-1 2.60545E-1 2.52224E-1 2.21474E-1 2.02236E-1 1.92802E-1 1.79661E-1 1.72723E-1 1.88991E-1 1.83337E-1 1.85173E-1 1.75751E-1 1.43812E-1 1.39107E-1 1.35879E-1 1.18967E-1 1.0096E-1 9.16478E-2 1.01011E-1 1.03773E-1 1.05645E-1 1.06017E-1 1.12337E-1 9.38635E-2 9.08499E-2 8.42475E-2 8.16733E-2 8.31493E-2 7.86151E-2 8.55909E-2 7.48402E-2 7.95181E-2 9.34452E-2 9.46885E-2 1.00731E-1 1.10673E-1 1.06781E-1 9.7372E-2 9.49951E-2 9.64822E-2 9.08183E-2 8.952E-2 8.93063E-2 9.05825E-2 9.20588E-2 9.64533E-2 1.0248E-1 1.11175E-1 1.02406E-1
3.01296E-1 2.98492E-1 3.03227E-1 3.28689E-1 3.14085E-1 2.9015E-1 2.75759E-1 2.92348E-1 3.07324E-1 3.21261E-1 3.17764E-1 3.12118E-1 3.05632E-1 2.70701E-1 2.44482E-1 2.31226E-1 1.99806E-1 1.86641E-1 1.97339E-1 2.02989E-1 1.86825E-1 2.28012E-1 1.90596E-1 1.63983E-1 1.38899E-1 1.29066E-1 1.26337E-1 1.13186E-1 1.04307E-1 9.80968E-2 9.81451E-2 8.5888E-2 8.38546E-2 9.45479E-2 1.13492E-1 9.64082E-2 9.79814E-2 1.02479E-1 9.5884E-2 8.54172E-2 8.96873E-2 8.56905E-2 8.72992E-2 7.90637E-2 8.33709E-2 9.94526E-2 1.06093E-1 1.08164E-1 1.06953E-1 1.15326E-1 1.01844E-1 9.67784E-2 9.57616E-2 9.4255E-2 9.42966E-2 9.59679E-2 1.01141E-1 1.04058E-1 1.09178E-1 1.1052E-1 1.12043E-1
2.49618E-1 2.81051E-1 3.07348E-1 3.3968E-1 3.46921E-1 3.15323E-1 3.09922E-1 3.22366E-1 2.85783E-1 2.77634E-1 2.9327E-1 2.855E-1 2.67478E-1 2.22142E-1 2.05103E-1 2.41816E-1 2.40774E-1 2.32278E-1 2.31959E-1 1.97867E-1 1.90801E-1 1.99058E-1 1.87996E-1 1.49185E-1 1.44318E-1 1.41413E-1 1.30035E-1 1.1743E-1 1.08366E-1 1.00992E-1 9.58703E-2 9.73187E-2 8.60141E-2 1.01801E-1 1.12392E-1 9.76121E-2 9.95331E-2 9.86538E-2 9.30344E-2 1.01677E-1 1.09908E-1 1.04245E-1 9.41565E-2 9.21819E-2 1.05546E-1 1.10055E-1 1.06114E-1 1.07767E-1 1.01863E-1 1.1639E-1 1.09759E-1 9.83538E-2 9.65941E-2 9.64085E-2 9.56294E-2 9.49591E-2 1.0864E-1 1.20353E-1 1.21105E-1 1.19955E-1 1.20368E-1
3.11501E-1 3.12501E-1 3.39292E-1 3.69469E-1 3.75035E-1 3.69781E-1 3.36013E-1 3.13593E-1 2.97756E-1 3.04865E-1 3.07772E-1 2.84201E-1 2.29394E-1 1.99246E-1 1.98258E-1 2.06691E-1 2.11341E-1 2.14342E-1 1.85646E-1 1.63357E-1 1.64435E-1 1.70118E-1 1.91638E-1 1.73443E-1 1.63162E-1 1.52851E-1 1.3475E-1 1.08425E-1 9.55366E-2 1.00742E-1 9.53609E-2 7.75028E-2 8.07124E-2 9.93059E-2 1.05505E-1 1.01175E-1 9.98225E-2 9.47056E-2 8.4103E-2 9.62527E-2 1.08877E-1 1.02871E-1 1.05722E-1 1.04931E-1 1.06759E-1 1.10511E-1 1.07204E-1 1.07418E-1 1.04195E-1 1.15321E-1 1.16984E-1 9.87739E-2 9.80974E-2 9.71695E-2 9.53281E-2 8.94556E-2 9.30918E-2 9.90132E-2 1.15017E-1 1.15957E-1 1.16183E-1
3.13061E-1 3.16232E-1 2.98699E-1 2.99783E-1 3.17014E-1 3.83632E-1 3.52675E-1 3.50664E-1 3.29655E-1 3.27368E-1 3.07951E-1 2.22933E-1 1.92082E-1 1.88284E-1 1.90111E-1 2.05143E-1 2.0452E-1 2.19998E-1 1.61913E-1 1.54884E-1 1.56228E-1 1.56208E-1 1.71886E-1 1.95578E-1 1.80627E-1 1.65822E-1 1.43819E-1 1.19245E-1 1.14853E-1 1.09272E-1 8.8863E-2 7.69831E-2 7.90847E-2 1.03543E-1 9.31829E-2 8.71755E-2 9.89069E-2 1.10646E-1 1.09313E-1 1.06918E-1 9.78683E-2 1.02705E-1 1.06101E-1 1.02301E-1 9.83551E-2 1.12837E-1 1.10558E-1 1.15517E-1 1.15122E-1 1.20794E-1 1.18459E-1 1.02614E-1 9.83126E-2 9.26619E-2 9.35739E-2 9.17681E-2 7.99915E-2 8.69535E-2 1.07714E-1 1.11212E-1 1.05684E-1
3.8339E-1 4.01532E-1 3.85382E-1 3.75379E-1 3.69467E-1 3.18139E-1 3.00162E-1 3.16724E-1 3.30264E-1 3.14902E-1 2.65618E-1 2.0107E-1 1.95122E-1 2.15514E-1 1.93634E-1 1.76771E-1 1.9161E-1 1.96924E-1 2.07507E-1 1.69851E-1 1.71938E-1 1.54946E-1 1.58949E-1 1.65138E-1 1.50076E-1 1.17917E-1 1.13401E-1 1.2953E-1 1.01132E-1 9.38605E-2 9.68217E-2 8.11094E-2 7.66036E-2 9.59143E-2 9.13542E-2 8.06951E-2 9.85119E-2 9.88544E-2 9.87072E-2 8.16468E-2 7.50357E-2 1.0004E-1 1.08454E-1 9.54227E-2 1.1258E-1 1.20009E-1 1.26139E-1 1.24646E-1 1.20822E-1 1.21295E-1 1.18496E-1 1.03738E-1 9.55725E-2 8.7466E-2 9.14606E-2 9.58204E-2 8.91175E-2 9.49395E-2 1.18299E-1 1.26403E-1 1.1668E-1
3.82411E-1 3.71389E-1 3.70886E-1 3.78303E-1 3.52074E-1 3.22901E-1 2.96798E-1 2.98059E-1 2.85902E-1 2.79409E-1 2.17798E-1 1.9796E-1 1.88315E-1 1.64155E-1 1.71885E-1 1.6149E-1 1.34504E-1 1.46973E-1 2.11914E-1 1.9664E-1 1.779E-1 1.80775E-1 1.55895E-1 1.6005E-1 1.40087E-1 1.1434E-1 9.77801E-2 9.06378E-2 8.23893E-2 7.92299E-2 8.57573E-2 7.93933E-2 7.92534E-2 8.56951E-2 8.4702E-2 7.99481E-2 8.05284E-2 6.12943E-2 5.55257E-2 8.54277E-2 1.05534E-1 1.02283E-1 1.06339E-1 1.03297E-1 1.08814E-1 1.31025E-1 1.25599E-1 1.16101E-1 1.23554E-1 1.25988E-1 1.17056E-1 1.06671E-1 1.02752E-1 9.17983E-2 8.60235E-2 1.07612E-1 1.18504E-1 1.24432E-1 1.23544E-1 1.24433E-1 1.24668E-1
3.34985E-1 3.29052E-1 3.31288E-1 3.16432E-1 3.05587E-1 3.0407E-1 3.15988E-1 2.9111E-1 2.76388E-1 2.62647E-1 2.11074E-1 2.00526E-1 1.70185E-1 1.52877E-1 1.34363E-1 1.28201E-1 1.1567E-1 1.48037E-1 1.87231E-1 1.93086E-1 1.8988E-1 1.87531E-1 1.39702E-1 1.10487E-1 1.00751E-1 8.74219E-2 8.73956E-2 9.0438E-2 8.26314E-2 7.83109E-2 7.29022E-2 6.76833E-2 7.45267E-2 8.34822E-2 7.79104E-2 8.30134E-2 8.44211E-2 5.8183E-2 5.884E-2 9.65999E-2 9.60425E-2 1.01593E-1 1.16191E-1 1.12493E-1 1.18013E-1 1.2015E-1 8.75909E-2 1.00071E-1 1.14099E-1 1.13788E-1 9.93778E-2 9.08487E-2 8.82574E-2 8.10178E-2 8.48126E-2 1.069E-1 8.11035E-2 9.20138E-2 9.30892E-2 9.74667E-2 1.04887E-1
3.06959E-1 2.96082E-1 2.74846E-1 2.69308E-1 2.7103E-1 2.73185E-1 2.85573E-1 2.56021E-1 2.43195E-1 2.37068E-1 2.1404E-1 2.04013E-1 1.86993E-1 1.76762E-1 1.5488E-1 1.29435E-1 1.23617E-1 1.60134E-1 1.85303E-1 1.78872E-1 1.68116E-1 1.74639E-1 1.50127E-1 1.14751E-1 1.09381E-1 1.1643E-1 1.00799E-1 7.70493E-2 7.1604E-2 8.32477E-2 7.85553E-2 6.80581E-2 6.66724E-2 8.23154E-2 8.30669E-2 8.34614E-2 8.80774E-2 8.07947E-2 6.59822E-2 8.2847E-2 8.68321E-2 1.00827E-1 1.20375E-1 1.24889E-1 1.24152E-1 1.21984E-1 1.08355E-1 8.21414E-2 1.10568E-1 8.9653E-2 6.5462E-2 6.90472E-2 5.45107E-2 5.15538E-2 8.65291E-2 8.355E-2 5.05369E-2 6.17024E-2 6.30427E-2 7.79388E-2 9.51549E-2
2.59598E-1 2.43579E-1 2.30157E-1 2.13276E-1 2.04801E-1 1.90346E-1 2.01983E-1 1.98551E-1 1.87287E-1 1.91753E-1 1.88808E-1 1.7673E-1 1.78679E-1 1.49133E-1 1.30191E-1 1.31758E-1 1.30127E-1 1.588E-1 1.77331E-1 1.1959E-1 1.39098E-1 1.23111E-1 9.361E-2 8.28564E-2 7.72298E-2 8.95251E-2 8.30089E-2 7.07177E-2 7.0089E-2 6.74074E-2 6.99668E-2 7.17389E-2 6.94312E-2 7.57714E-2 8.09646E-2 8.34913E-2 7.60569E-2 8.99128E-2 7.64788E-2 7.62075E-2 8.22044E-2 1.02876E-1 1.21998E-1 1.19718E-1 1.14975E-1 9.9787E-2 1.09412E-1 7.35611E-2 1.02301E-1 7.442E-2 3.97376E-2 3.9283E-2 4.34039E-2 6.1103E-2 5.6972E-2 5.03821E-2 4.01876E-2 4.07889E-2 3.71353E-2 4.30354E-2 5.37489E-2
1.97345E-1 1.7882E-1 1.95738E-1 1.84142E-1 1.71383E-1 1.75246E-1 1.90211E-1 1.82168E-1 1.90634E-1 1.66478E-1 1.50315E-1 1.23089E-1 1.44612E-1 1.46734E-1 1.24434E-1 1.09579E-1 1.10286E-1 1.47769E-1 1.65231E-1 1.21412E-1 1.1467E-1 1.06366E-1 8.89231E-2 8.45331E-2 9.35276E-2 9.3113E-2 7.96285E-2 7.0616E-2 7.14926E-2 6.77306E-2 7.2666E-2 6.28853E-2 6.68248E-2 8.05376E-2 7.96862E-2 8.04425E-2 7.36559E-2 7.47636E-2 8.30688E-2 9.20206E-2 9.61738E-2 1.09741E-1 1.1296E-1 1.15362E-1 9.50986E-2 9.3366E-2 9.78027E-2 5.7928E-2 7.21501E-2 6.00456E-2 3.72371E-2 3.07945E-2 3.34232E-2 3.64383E-2 4.52008E-2 3.43412E-2 2.95911E-2 2.93799E-2 2.85246E-2 3.07999E-2 3.89814E-2
