maxent_outputs/hummingbirds/hummingbird_124.asc
ncols         426
nrows         180
xllcorner     -130.0
yllcorner     24.0
cellsize      0.16666666666666666
NODATA_value  -9999
[rows 27 to 53 of 180, columns 122 to 182 of 426]
2.89751E-1 2.86524E-1 2.80021E-1 2.88628E-1 3.15981E-1 3.21138E-1 3.05044E-1 3.08608E-1 3.07099E-1 2.96433E-1 2.89074E-1 2.80136E-1 2.82543E-1 3.13711E-1 3.25827E-1 3.20627E-1 3.17545E-1 3.0634E-1 3.09603E-1 3.1548E-1 3.22201E-1 3.25602E-1 3.24158E-1 3.28819E-1 3.17445E-1 3.44328E-1 3.00385E-1 2.97877E-1 3.24863E-1 3.48464E-1 3.44446E-1 3.42892E-1 3.38841E-1 3.27239E-1 3.18542E-1 3.13437E-1 3.0729E-1 3.05898E-1 3.02323E-1 2.97842E-1 2.92816E-1 2.9033E-1 2.86625E-1 2.87529E-1 2.89848E-1 2.8873E-1 2.818E-1 2.84207E-1 2.89535E-1 2.93949E-1 2.9575E-1 2.94417E-1 2.93717E-1 2.97073E-1 3.04786E-1 3.03075E-1 2.9711E-1 2.92903E-1 2.94468E-1 2.91295E-1 2.90586E-1
2.66958E-1 2.72076E-1 2.79401E-1 2.89147E-1 3.10359E-1 3.08397E-1 2.97554E-1 2.93489E-1 2.94651E-1 2.94016E-1 2.8474E-1 2.84473E-1 2.77154E-1 2.78097E-1 2.86204E-1 3.04226E-1 3.06406E-1 3.02272E-1 3.02292E-1 3.06364E-1 3.19387E-1 3.1828E-1 3.1707E-1 3.34185E-1 3.45392E-1 2.99461E-1 2.72566E-1 2.67771E-1 3.03245E-1 3.06725E-1 3.29967E-1 3.30172E-1 3.2238E-1 3.22222E-1 3.22491E-1 3.13427E-1 3.08317E-1 3.05805E-1 3.04647E-1 2.98434E-1 2.96081E-1 2.94374E-1 2.94193E-1 2.9221E-1 2.93597E-1 2.93339E-1 2.88524E-1 2.84373E-1 2.89893E-1 2.95715E-1 2.88307E-1 2.87607E-1 2.89207E-1 2.92175E-1 2.92352E-1 2.96763E-1 2.98294E-1 2.91309E-1 2.87739E-1 2.90977E-1 2.90497E-1
2.67964E-1 2.7587E-1 2.73871E-1 2.91443E-1 3.15569E-1 3.18796E-1 3.1412E-1 3.03617E-1 2.99115E-1 2.90813E-1 2.89776E-1 2.93475E-1 2.81098E-1 2.76491E-1 2.80726E-1 2.73808E-1 2.6878E-1 2.65285E-1 2.70577E-1 2.84268E-1 3.01239E-1 3.11498E-1 3.02936E-1 2.73883E-1 3.12393E-1 3.38186E-1 3.73282E-1 3.10768E-1 2.6703E-1 2.97823E-1 2.90576E-1 2.90202E-1 3.02117E-1 3.07792E-1 3.09704E-1 3.13932E-1 3.15989E-1 3.06515E-1 3.0399E-1 3.05684E-1 3.03956E-1 2.98195E-1 2.96803E-1 2.94699E-1 2.96648E-1 2.97439E-1 2.94641E-1 2.93795E-1 2.86295E-1 2.9273E-1 2.86462E-1 2.86378E-1 2.85879E-1 2.85859E-1 2.87589E-1 2.96375E-1 2.9849E-1 3.01705E-1 3.01349E-1 2.98475E-1 2.92356E-1
2.98284E-1 2.85049E-1 2.83819E-1 2.93515E-1 3.12853E-1 3.27293E-1 3.29458E-1 3.22789E-1 3.20953E-1 3.10667E-1 3.02367E-1 2.98542E-1 2.89846E-1 2.944E-1 2.96942E-1 2.81793E-1 2.73052E-1 2.71185E-1 2.81669E-1 3.03268E-1 3.03717E-1 2.97971E-1 2.78691E-1 2.86612E-1 2.78752E-1 3.16771E-1 3.3434E-1 2.66552E-1 2.4749E-1 3.44215E-1 3.37341E-1 3.17592E-1 3.09468E-1 3.10315E-1 3.04178E-1 3.03872E-1 3.02868E-1 3.07735E-1 3.05835E-1 3.13956E-1 3.15831E-1 3.08519E-1 3.05502E-1 3.01043E-1 2.98216E-1 2.99242E-1 2.9848E-1 3.00717E-1 2.96117E-1 2.94294E-1 2.92086E-1 2.87611E-1 2.87601E-1 2.82287E-1 2.78891E-1 2.87539E-1 2.89762E-1 2.88595E-1 2.92329E-1 3.04444E-1 2.97949E-1
3.36937E-1 3.28792E-1 3.20964E-1 3.1625E-1 3.25112E-1 3.32136E-1 3.34351E-1 3.32156E-1 3.33408E-1 3.30736E-1 3.19126E-1 3.11577E-1 2.93238E-1 2.87339E-1 2.97526E-1 2.89581E-1 2.85863E-1 2.86639E-1 2.86176E-1 2.94462E-1 3.07548E-1 2.98394E-1 2.85719E-1 2.78777E-1 2.4573E-1 2.54612E-1 3.13026E-1 3.00715E-1 2.45609E-1 2.6922E-1 2.92067E-1 3.03688E-1 3.17255E-1 3.18161E-1 3.07675E-1 3.0427E-1 2.9788E-1 3.00417E-1 3.05239E-1 3.06559E-1 3.03185E-1 3.02447E-1 3.02958E-1 3.05027E-1 3.01746E-1 3.04702E-1 3.02076E-1 2.98456E-1 2.98775E-1 2.95907E-1 2.99302E-1 2.92618E-1 2.92074E-1 2.86465E-1 2.81387E-1 2.79891E-1 2.78997E-1 2.7783E-1 2.7797E-1 2.87572E-1 2.86596E-1
3.59961E-1 3.58623E-1 3.56048E-1 3.47039E-1 3.405E-1 3.36702E-1 3.31413E-1 3.28342E-1 3.24145E-1 3.18785E-1 3.21797E-1 3.18136E-1 3.00889E-1 2.93281E-1 2.90396E-1 2.98113E-1 3.01112E-1 3.04796E-1 2.96298E-1 2.96654E-1 3.00637E-1 2.99569E-1 2.91757E-1 2.87741E-1 2.62655E-1 3.09415E-1 3.08772E-1 3.13673E-1 2.84667E-1 2.69569E-1 2.94842E-1 3.11469E-1 3.18566E-1 3.20523E-1 3.16637E-1 3.16203E-1 3.07932E-1 2.96664E-1 2.9721E-1 3.01901E-1 2.96679E-1 2.93236E-1 2.89127E-1 2.91361E-1 2.93598E-1 2.99198E-1 2.98491E-1 2.98282E-1 3.04313E-1 3.07515E-1 3.05503E-1 2.95018E-1 2.88223E-1 2.9273E-1 2.91348E-1 2.86358E-1 2.82346E-1 2.80229E-1 2.82216E-1 2.95619E-1 2.92575E-1
3.93126E-1 3.92398E-1 3.88771E-1 3.82577E-1 3.64078E-1 3.50562E-1 3.34492E-1 3.3116E-1 3.2313E-1 3.17866E-1 3.2368E-1 3.15165E-1 3.12145E-1 3.27145E-1 3.18331E-1 3.15519E-1 3.06745E-1 3.07604E-1 3.06487E-1 3.1212E-1 3.09637E-1 3.10769E-1 2.99817E-1 2.8289E-1 2.48394E-1 2.56591E-1 3.12645E-1 2.77899E-1 2.53742E-1 2.88318E-1 3.08889E-1 3.1338E-1 3.1397E-1 3.18075E-1 3.18877E-1 3.23167E-1 3.14119E-1 2.99996E-1 2.95132E-1 2.91745E-1 2.94165E-1 2.89343E-1 2.88715E-1 2.85449E-1 2.83308E-1 2.84071E-1 2.91689E-1 2.89216E-1 2.88378E-1 2.99847E-1 3.05018E-1 2.99841E-1 2.90981E-1 2.84451E-1 2.88589E-1 2.94271E-1 3.04769E-1 2.87507E-1 2.84108E-1 2.90983E-1 2.97059E-1
3.94516E-1 3.95641E-1 3.99069E-1 4.08614E-1 3.8991E-1 3.81217E-1 3.64123E-1 3.49264E-1 3.37432E-1 3.33465E-1 3.23528E-1 3.2691E-1 3.38203E-1 3.37136E-1 3.37439E-1 3.37029E-1 3.25622E-1 3.12501E-1 3.14048E-1 3.14197E-1 3.08885E-1 3.11223E-1 3.04863E-1 2.99633E-1 2.99994E-1 3.12731E-1 3.18366E-1 3.20392E-1 3.0592E-1 3.09163E-1 3.09309E-1 3.06692E-1 3.12268E-1 3.15023E-1 3.18144E-1 3.18549E-1 3.10329E-1 3.00134E-1 2.96734E-1 2.92368E-1 2.84362E-1 2.84532E-1 2.87506E-1 2.85358E-1 2.82522E-1 2.78196E-1 2.79704E-1 2.85217E-1 2.88805E-1 2.95415E-1 3.06907E-1 3.05704E-1 2.94391E-1 2.9243E-1 2.92299E-1 2.92572E-1 2.94758E-1 2.93198E-1 2.90571E-1 2.99771E-1 3.04063E-1
3.73033E-1 3.79668E-1 3.79643E-1 3.74424E-1 3.6996E-1 3.74905E-1 3.9444E-1 3.92514E-1 3.6497E-1 3.52091E-1 3.35013E-1 3.29178E-1 3.29139E-1 3.3258E-1 3.45583E-1 3.45898E-1 3.36691E-1 3.26052E-1 3.21616E-1 3.26126E-1 3.17103E-1 3.10998E-1 3.08995E-1 3.08528E-1 3.17313E-1 3.18017E-1 3.20005E-1 3.15258E-1 3.17984E-1 3.15827E-1 3.11369E-1 3.1568E-1 3.20355E-1 3.12666E-1 3.1352E-1 3.25864E-1 3.19846E-1 3.2002E-1 3.21829E-1 3.14163E-1 3.18894E-1 3.09252E-1 3.02012E-1 2.84631E-1 2.79865E-1 2.75902E-1 2.81312E-1 2.77892E-1 2.86064E-1 2.96098E-1 3.0021E-1 3.01673E-1 3.00168E-1 3.00826E-1 3.02573E-1 3.02098E-1 3.04199E-1 3.03641E-1 2.99797E-1 2.92938E-1 2.90055E-1
3.46613E-1 3.4865E-1 3.72857E-1 3.79755E-1 3.70567E-1 3.68625E-1 4.09991E-1 4.10336E-1 3.86622E-1 3.64671E-1 3.51773E-1 3.42516E-1 3.47809E-1 3.52848E-1 3.60733E-1 3.63701E-1 3.53868E-1 3.52715E-1 3.7827E-1 3.8383E-1 3.40316E-1 3.28048E-1 3.09844E-1 3.00947E-1 2.97681E-1 3.10983E-1 3.02346E-1 3.16462E-1 3.28941E-1 3.3295E-1 3.26058E-1 3.21306E-1 3.2168E-1 3.16101E-1 3.24867E-1 3.0656E-1 3.05133E-1 3.03918E-1 2.93944E-1 2.91574E-1 2.92221E-1 3.08186E-1 3.13482E-1 3.23243E-1 3.04857E-1 2.80596E-1 2.84581E-1 2.85705E-1 2.85354E-1 2.89808E-1 3.02317E-1 2.99807E-1 3.00166E-1 3.01596E-1 3.04352E-1 3.0298E-1 2.96045E-1 3.0118E-1 2.91115E-1 2.84603E-1 2.88509E-1
3.60002E-1 3.69546E-1 3.75547E-1 3.74927E-1 3.8058E-1 3.73517E-1 3.70251E-1 3.74597E-1 3.71353E-1 3.55154E-1 3.58592E-1 3.52578E-1 3.56503E-1 3.76134E-1 3.68146E-1 3.74683E-1 3.82772E-1 3.84749E-1 3.73741E-1 3.53233E-1 3.39844E-1 3.2316E-1 3.17275E-1 3.06573E-1 3.14601E-1 3.20574E-1 3.07725E-1 3.21057E-1 3.33285E-1 3.3953E-1 3.34628E-1 3.25799E-1 3.1412E-1 3.28353E-1 2.89337E-1 2.99775E-1 3.01111E-1 3.00753E-1 2.99307E-1 2.9793E-1 2.97446E-1 3.03234E-1 3.18479E-1 3.23847E-1 3.35835E-1 2.83543E-1 2.83079E-1 2.84213E-1 2.85235E-1 2.89882E-1 2.93147E-1 2.86071E-1 2.77802E-1 2.91369E-1 3.00563E-1 2.98881E-1 2.93699E-1 2.85807E-1 2.82137E-1 2.82424E-1 2.83708E-1
3.79022E-1 3.63904E-1 3.42428E-1 3.66516E-1 3.75984E-1 3.72811E-1 3.68959E-1 3.68277E-1 3.6384E-1 3.62298E-1 3.58539E-1 3.74242E-1 3.83975E-1 3.82655E-1 3.69933E-1 3.73604E-1 3.73954E-1 3.58137E-1 3.45701E-1 3.42633E-1 3.37002E-1 3.19851E-1 3.14166E-1 3.12594E-1 3.15464E-1 3.11008E-1 3.05312E-1 3.44175E-1 3.44204E-1 3.49073E-1 3.38463E-1 3.29344E-1 3.22823E-1 2.83594E-1 2.71678E-1 2.88159E-1 3.04213E-1 3.13909E-1 3.08192E-1 3.1312E-1 3.19121E-1 3.1579E-1 3.104E-1 3.2026E-1 3.37645E-1 3.2448E-1 3.02383E-1 3.01649E-1 3.1768E-1 3.28905E-1 3.16994E-1 2.99143E-1 2.79805E-1 2.79822E-1 2.87729E-1 2.90165E-1 2.89499E-1 2.84442E-1 2.84225E-1 2.79943E-1 2.78457E-1
3.89578E-1 3.85986E-1 3.84223E-1 3.9027E-1 3.81134E-1 3.75373E-1 3.59379E-1 3.59114E-1 3.62173E-1 3.68492E-1 3.65619E-1 3.60971E-1 3.55478E-1 3.49048E-1 3.37319E-1 3.3854E-1 3.38961E-1 3.32202E-1 3.31441E-1 3.35834E-1 3.34024E-1 3.23542E-1 3.11695E-1 3.12147E-1 3.10097E-1 3.16331E-1 3.29849E-1 3.37051E-1 3.59774E-1 3.61045E-1 3.14846E-1 3.27868E-1 3.14742E-1 2.90907E-1 2.94965E-1 3.14995E-1 3.19207E-1 3.1133E-1 2.98572E-1 3.00802E-1 3.05267E-1 3.09796E-1 3.01414E-1 3.04218E-1 3.05515E-1 3.01068E-1 3.09567E-1 3.10648E-1 2.97153E-1 3.03113E-1 2.92029E-1 2.86129E-1 2.85111E-1 2.90381E-1 2.86402E-1 2.83638E-1 2.8925E-1 2.88227E-1 2.87888E-1 2.81717E-1 2.80981E-1
3.87178E-1 3.8743E-1 3.97153E-1 4.08009E-1 3.93066E-1 3.8275E-1 3.63081E-1 3.62613E-1 3.67724E-1 3.72393E-1 3.68999E-1 3.53656E-1 3.48767E-1 3.50442E-1 3.44181E-1 3.3857E-1 3.40188E-1 3.38275E-1 3.42106E-1 3.41456E-1 3.29467E-1 3.22444E-1 3.19112E-1 3.16611E-1 3.19552E-1 3.27406E-1 3.32702E-1 3.42802E-1 3.06373E-1 2.07547E-1 2.91856E-1 3.16939E-1 2.84339E-1 3.20169E-1 3.20023E-1 3.19937E-1 3.2082E-1 3.14049E-1 3.01452E-1 3.05012E-1 3.07442E-1 3.08774E-1 3.0687E-1 3.06706E-1 3.0859E-1 3.11217E-1 3.07262E-1 3.10421E-1 3.10449E-1 3.12211E-1 3.16034E-1 3.0909E-1 3.02389E-1 2.97309E-1 2.91669E-1 2.93821E-1 2.84845E-1 2.78536E-1 2.81217E-1 2.77333E-1 2.76064E-1
3.74682E-1 3.68542E-1 3.9736E-1 3.92688E-1 3.84661E-1 3.8052E-1 3.79536E-1 3.59368E-1 3.51356E-1 3.53873E-1 3.63053E-1 3.48531E-1 3.35163E-1 3.49862E-1 3.59628E-1 3.54829E-1 3.58154E-1 3.41461E-1 3.30473E-1 3.29214E-1 3.27689E-1 3.2459E-1 3.20376E-1 3.25909E-1 3.22867E-1 3.29737E-1 3.28038E-1 3.29266E-1 2.5551E-1 2.67183E-1 2.18342E-1 3.13615E-1 3.2667E-1 3.35226E-1 3.25833E-1 3.1998E-1 3.1688E-1 3.03996E-1 2.98681E-1 3.00934E-1 3.09329E-1 3.17508E-1 3.18561E-1 3.08779E-1 3.01106E-1 3.0589E-1 3.08226E-1 3.06915E-1 3.06652E-1 3.08044E-1 3.16667E-1 3.14709E-1 3.14482E-1 2.95499E-1 2.92182E-1 2.89663E-1 2.87598E-1 2.92758E-1 2.80199E-1 2.85912E-1 2.7515E-1
3.90406E-1 3.9924E-1 3.97786E-1 4.04826E-1 4.02789E-1 3.89205E-1 3.86631E-1 3.67094E-1 3.70409E-1 3.71057E-1 3.56368E-1 3.30409E-1 3.27486E-1 3.35954E-1 3.38547E-1 3.43141E-1 3.36316E-1 3.29295E-1 3.31919E-1 3.35326E-1 3.33934E-1 3.29444E-1 3.25034E-1 3.31877E-1 2.9001E-1 2.61212E-1 2.52561E-1 2.91683E-1 2.79577E-1 2.41737E-1 1.94935E-1 2.44838E-1 3.47366E-1 3.28595E-1 3.23728E-1 3.16124E-1 3.11259E-1 3.02349E-1 3.06112E-1 3.07909E-1 3.06816E-1 3.08305E-1 3.17917E-1 3.20387E-1 3.23951E-1 3.24161E-1 3.15096E-1 3.06825E-1 3.0515E-1 3.10594E-1 3.15608E-1 3.19444E-1 3.26488E-1 3.05869E-1 2.97109E-1 2.94534E-1 2.90192E-1 2.89539E-1 2.85942E-1 2.88988E-1 2.7551E-1
3.99224E-1 4.08715E-1 4.1187E-1 4.14427E-1 3.95807E-1 3.70668E-1 3.80559E-1 3.79424E-1 3.88578E-1 3.75879E-1 3.71602E-1 3.53896E-1 3.57909E-1 3.40502E-1 3.2878E-1 3.30526E-1 3.24901E-1 3.15103E-1 3.21971E-1 3.28687E-1 3.28118E-1 3.21256E-1 3.26849E-1 3.16046E-1 3.01117E-1 2.7484E-1 2.57301E-1 2.38597E-1 2.25057E-1 2.42442E-1 2.44805E-1 2.43252E-1 3.38488E-1 3.31799E-1 3.23042E-1 3.09276E-1 3.1146E-1 3.10544E-1 3.13381E-1 3.12754E-1 3.18978E-1 3.15531E-1 3.19842E-1 3.25563E-1 3.1979E-1 3.12728E-1 3.14186E-1 3.13131E-1 3.1837E-1 3.12492E-1 3.22325E-1 3.2752E-1 3.28516E-1 3.33208E-1 3.0653E-1 2.97124E-1 2.93184E-1 3.00588E-1 2.95986E-1 2.93843E-1 2.86848E-1
3.91599E-1 3.9441E-1 3.97021E-1 3.9125E-1 3.81945E-1 3.64978E-1 3.70558E-1 3.82302E-1 3.91427E-1 3.85303E-1 3.81843E-1 3.81097E-1 3.68004E-1 3.42431E-1 3.2628E-1 3.26908E-1 3.2785E-1 3.21525E-1 3.29768E-1 3.36512E-1 3.25395E-1 3.2384E-1 3.26552E-1 3.12949E-1 3.15378E-1 2.98865E-1 2.69072E-1 2.70909E-1 2.31199E-1 2.76574E-1 2.97307E-1 2.69323E-1 3.0911E-1 3.1778E-1 2.9467E-1 2.866E-1 3.00605E-1 2.98521E-1 3.05414E-1 3.12447E-1 3.08541E-1 3.08678E-1 3.11146E-1 3.1971E-1 3.26982E-1 3.29927E-1 3.2396E-1 3.05173E-1 3.01346E-1 3.12725E-1 3.18656E-1 3.25908E-1 3.24969E-1 3.26602E-1 3.28553E-1 2.92524E-1 2.88366E-1 2.91238E-1 2.94065E-1 2.92147E-1 2.9522E-1
4.00297E-1 3.92046E-1 3.88353E-1 3.867E-1 3.8228E-1 3.76999E-1 3.83445E-1 4.00276E-1 4.11482E-1 4.05618E-1 3.90283E-1 3.6557E-1 3.65574E-1 3.4581E-1 3.31031E-1 3.3434E-1 3.37983E-1 3.3407E-1 3.34864E-1 3.32734E-1 3.39996E-1 3.36776E-1 3.39221E-1 3.39307E-1 3.51393E-1 3.3617E-1 2.96905E-1 3.37118E-1 3.30433E-1 2.80247E-1 2.92579E-1 3.13296E-1 2.96023E-1 2.92347E-1 2.87956E-1 2.86518E-1 2.99956E-1 3.00448E-1 3.22314E-1 3.15227E-1 3.19159E-1 3.18251E-1 3.17251E-1 3.18459E-1 3.2318E-1 3.22718E-1 3.24752E-1 3.1812E-1 3.08413E-1 3.23238E-1 3.32365E-1 3.13502E-1 3.09272E-1 3.03263E-1 3.17067E-1 2.88611E-1 2.81442E-1 2.80977E-1 2.84332E-1 2.92553E-1 2.88725E-1
3.98314E-1 3.94084E-1 3.90401E-1 3.86348E-1 3.73373E-1 3.83568E-1 3.92071E-1 3.9004E-1 3.99374E-1 3.85803E-1 3.84745E-1 3.5561E-1 3.6814E-1 3.70391E-1 3.96482E-1 3.75347E-1 3.69266E-1 3.61892E-1 3.52273E-1 3.48003E-1 3.56608E-1 3.57953E-1 3.53904E-1 3.33691E-1 3.15822E-1 3.21126E-1 2.95375E-1 3.05865E-1 3.34912E-1 3.08342E-1 3.32055E-1 3.16153E-1 3.0608E-1 2.9872E-1 2.82749E-1 2.77911E-1 3.07902E-1 3.16269E-1 3.1789E-1 3.16812E-1 3.24628E-1 3.25764E-1 3.26012E-1 3.27654E-1 3.27764E-1 3.25663E-1 3.19376E-1 3.18673E-1 3.02906E-1 2.94302E-1 3.12183E-1 3.08923E-1 3.12769E-1 3.06561E-1 3.21176E-1 3.00709E-1 2.84403E-1 2.76567E-1 2.78829E-1 2.84855E-1 2.90144E-1
3.96856E-1 3.97611E-1 3.924E-1 3.84796E-1 3.73742E-1 3.56953E-1 3.79433E-1 3.60774E-1 3.67519E-1 3.65114E-1 3.63843E-1 3.66079E-1 3.61762E-1 3.47052E-1 3.64313E-1 3.43531E-1 3.66672E-1 3.64541E-1 3.70817E-1 3.49803E-1 3.4987E-1 3.53455E-1 3.41069E-1 3.54153E-1 3.45284E-1 3.39347E-1 3.28739E-1 3.02924E-1 3.19357E-1 3.27576E-1 3.28914E-1 2.77352E-1 2.94011E-1 3.12553E-1 2.94937E-1 2.86422E-1 2.9247E-1 2.9859E-1 3.09672E-1 3.19139E-1 3.16353E-1 3.29316E-1 3.36268E-1 3.31882E-1 3.17469E-1 3.19274E-1 3.07471E-1 3.11745E-1 3.04436E-1 3.00034E-1 3.05767E-1 3.12474E-1 3.19956E-1 3.24718E-1 3.46251E-1 3.01446E-1 3.03822E-1 2.88211E-1 2.77351E-1 2.8239E-1 2.8766E-1
4.02278E-1 4.05055E-1 3.89631E-1 3.69309E-1 3.69618E-1 3.74137E-1 3.88038E-1 3.78942E-1 3.81342E-1 3.74822E-1 3.69729E-1 3.91674E-1 3.62413E-1 3.61978E-1 3.42526E-1 3.31818E-1 3.757E-1 3.74448E-1 3.71508E-1 3.49591E-1 3.60788E-1 3.57979E-1 3.50204E-1 3.55216E-1 3.63354E-1 3.5879E-1 3.64298E-1 3.4356E-1 3.21199E-1 3.45814E-1 3.0654E-1 3.23294E-1 3.16742E-1 3.04604E-1 2.91983E-1 2.99422E-1 3.10579E-1 3.18101E-1 3.1406E-1 3.12768E-1 3.17437E-1 3.15289E-1 3.18929E-1 3.22396E-1 3.17537E-1 3.20473E-1 3.23333E-1 3.21608E-1 3.07177E-1 3.09173E-1 3.14138E-1 3.08346E-1 3.03477E-1 3.0526E-1 3.32957E-1 3.38021E-1 3.04308E-1 2.94163E-1 2.85939E-1 2.89367E-1 2.86331E-1
4.05376E-1 3.8809E-1 3.80803E-1 3.75363E-1 3.84804E-1 3.98477E-1 3.95728E-1 3.72225E-1 3.65406E-1 3.7948E-1 3.49979E-1 3.54772E-1 3.36008E-1 3.42758E-1 3.42362E-1 3.41037E-1 3.71782E-1 3.60426E-1 3.67006E-1 3.60507E-1 3.66328E-1 3.79101E-1 3.96102E-1 3.66464E-1 3.69331E-1 3.55686E-1 3.6629E-1 3.49025E-1 3.5072E-1 3.5224E-1 3.21362E-1 3.13783E-1 3.45251E-1 3.29864E-1 3.17884E-1 3.11308E-1 3.32404E-1 3.28202E-1 3.22904E-1 3.31284E-1 3.16909E-1 3.18844E-1 3.26309E-1 3.30626E-1 3.27548E-1 3.16766E-1 3.10533E-1 3.08348E-1 3.0628E-1 3.08573E-1 3.18324E-1 3.22534E-1 3.18219E-1 3.18724E-1 3.18222E-1 3.28942E-1 3.21097E-1 3.08431E-1 2.9782E-1 3.02678E-1 2.99519E-1
3.95198E-1 3.81202E-1 3.81275E-1 3.86938E-1 3.99343E-1 3.91305E-1 3.74621E-1 3.53455E-1 3.71391E-1 3.81544E-1 3.74692E-1 3.57683E-1 3.40195E-1 3.37732E-1 3.45058E-1 3.41549E-1 3.37041E-1 3.49106E-1 3.76666E-1 3.88017E-1 3.42233E-1 3.44397E-1 3.72782E-1 3.63683E-1 3.52645E-1 3.57586E-1 3.67685E-1 3.6747E-1 3.50926E-1 3.48845E-1 3.44252E-1 3.51497E-1 3.36985E-1 3.48395E-1 3.45133E-1 3.42834E-1 3.2943E-1 3.14939E-1 3.28795E-1 3.48685E-1 3.33502E-1 3.28779E-1 3.34472E-1 3.37185E-1 3.31531E-1 3.25615E-1 3.15521E-1 3.12934E-1 3.13298E-1 3.17423E-1 3.20198E-1 3.22044E-1 3.2805E-1 3.28454E-1 3.34109E-1 3.4524E-1 3.15487E-1 3.13377E-1 3.1047E-1 3.15558E-1 3.09958E-1
3.96631E-1 3.74847E-1 3.61824E-1 3.712E-1 3.90672E-1 3.76892E-1 3.70348E-1 3.75472E-1 3.99748E-1 4.24394E-1 4.08504E-1 3.55621E-1 3.52466E-1 3.39111E-1 3.56298E-1 3.88045E-1 3.68713E-1 3.52598E-1 3.64507E-1 3.673E-1 3.61161E-1 3.51133E-1 3.54156E-1 3.59036E-1 3.71304E-1 3.61448E-1 3.60745E-1 3.66401E-1 3.73056E-1 3.7706E-1 3.5199E-1 3.74015E-1 3.60765E-1 3.38829E-1 3.50618E-1 3.59055E-1 3.62215E-1 3.35096E-1 3.35926E-1 3.60016E-1 3.52192E-1 3.2943E-1 3.26971E-1 3.27093E-1 3.25359E-1 3.23653E-1 3.22424E-1 3.2E-1 3.20486E-1 3.20112E-1 3.24483E-1 3.26161E-1 3.25287E-1 3.23588E-1 3.25226E-1 3.39951E-1 3.35393E-1 3.12109E-1 3.11111E-1 3.07866E-1 3.11438E-1
4.33992E-1 4.02444E-1 3.74272E-1 3.58662E-1 3.71947E-1 3.92364E-1 4.10025E-1 4.03954E-1 3.7884E-1 3.92644E-1 4.31463E-1 3.85767E-1 3.58085E-1 3.44378E-1 3.61211E-1 3.9075E-1 3.53134E-1 3.48975E-1 3.47092E-1 3.42185E-1 3.39441E-1 3.44537E-1 3.44991E-1 3.59375E-1 3.65481E-1 3.65033E-1 3.66541E-1 3.68519E-1 3.67856E-1 3.59503E-1 3.64035E-1 3.57433E-1 3.62197E-1 3.47353E-1 3.53924E-1 3.56232E-1 3.46697E-1 3.31359E-1 3.29249E-1 3.3871E-1 3.35331E-1 3.26213E-1 3.28523E-1 3.20759E-1 3.2023E-1 3.18979E-1 3.16392E-1 3.16198E-1 3.19194E-1 3.21808E-1 3.24604E-1 3.30434E-1 3.3074E-1 3.32332E-1 3.29703E-1 3.3781E-1 3.5136E-1 3.17832E-1 3.23112E-1 3.13125E-1 3.08993E-1
4.58837E-1 4.47983E-1 4.00578E-1 3.55134E-1 3.69009E-1 3.52903E-1 3.56304E-1 3.74447E-1 3.83103E-1 3.68811E-1 4.12622E-1 4.09126E-1 3.90207E-1 3.59433E-1 3.564E-1 3.68166E-1 3.44778E-1 3.4074E-1 3.40017E-1 3.23919E-1 3.36371E-1 3.40724E-1 3.48451E-1 3.57968E-1 3.56562E-1 3.49311E-1 3.58129E-1 3.55744E-1 3.46072E-1 3.52055E-1 3.53482E-1 3.55235E-1 3.65302E-1 3.74138E-1 3.6639E-1 3.77958E-1 3.71107E-1 3.62408E-1 3.41462E-1 3.33905E-1 3.26432E-1 3.32981E-1 3.37344E-1 3.40638E-1 3.32222E-1 3.26906E-1 3.22283E-1 3.24676E-1 3.24319E-1 3.28315E-1 3.33527E-1 3.43359E-1 3.42695E-1 3.40769E-1 3.38999E-1 3.4976E-1 3.52326E-1 3.24709E-1 3.25148E-1 3.1876E-1 3.1729E-1
