X,Y,Test or train,Raw prediction,Cumulative prediction,Cloglog prediction
-122.272747,37.8715926,train,6.441518008613437E-4,62.03877533771935,0.8791843162216663
-118.094918,33.77657,train,0.001255403799170001,86.0324238213031,0.9837397646658272
-117.1179754,32.5913659,train,0.0012630035052565187,86.28583729223041,0.9841401997477853
-122.0912159979,37.5531292275,train,7.851270895094948E-4,67.2013704602904,0.9239249575080734
-121.9918870926,37.8893844989,train,4.3862171843542995E-4,52.42166398218602,0.76286752283567
-97.6398618099,30.2341560118,train,1.0697526002480235E-4,24.57003683905047,0.29600943890745623
-122.497644,37.498734,train,0.0011524272378530909,82.03306556353418,0.9772038192968497
-122.51687,37.524656,train,0.0014437279904992483,90.82146470002792,0.9912345051052814
-117.246637,32.716878,train,0.0015330138863573252,93.34858229492272,0.9934604248782845
-117.273028,33.012112,train,0.001126005665377199,80.92332034911745,0.975139422889901
-121.974724,37.454093,train,7.08817953437412E-4,64.53297301361992,0.9022812219757986
-122.106399,37.458691,train,8.464165860331383E-4,69.96604257547823,0.9377830894414525
-116.989642,32.844147,train,6.1962083497886E-4,61.2902769187308,0.8690581618294337
-122.508416,37.931505,train,0.0010166266912757002,77.0248715033463,0.9644065967855472
-117.242044,32.893051,train,0.001238532649719641,85.59748359369141,0.9828143019600099
-118.063487,34.065652,train,8.556390304570455E-4,70.38573260093254,0.939637526727154
-121.968344,37.242142,train,6.627411914515049E-4,62.86657811276398,0.886332952759161
-118.3035471105,34.1888816888,train,4.045401790701091E-4,49.09627420458918,0.7348112264492761
-84.564,34.136,train,2.2717632035175068E-5,6.038005137653486,0.07182733941150699
-122.4581883333,37.8037883333,train,0.0011056972631207013,80.10278704558327,0.9734264589667452
-122.685938,38.568207,train,5.256854902078518E-4,57.09738281428806,0.8217906360865714
-122.258956,37.739999,train,8.973682230009032E-4,72.03104753811073,0.9473612589023921
-121.988572,37.54827,train,5.446827447995873E-4,57.77843272094643,0.8325594657196923
-119.187424,34.140783,train,0.0014363632571639303,90.5815200842176,0.9910201158672565
-96.952543,33.065701,train,7.941795706258431E-5,20.209653118320325,0.2293906085083054
-122.523718,47.304535,train,4.60959144829854E-4,53.720300816130234,0.7796253782731531
-117.881584,33.653351,train,0.001478987211423015,92.04608905893343,0.992192100391092
-118.460083,34.059948,train,0.0012199096122111743,84.61406513068134,0.9817314592014899
-117.798915,34.085375,train,5.637296244699254E-4,58.83666381900363,0.8427031703318715
-122.196083,37.010827,train,9.910176442585559E-4,75.54091140153429,0.9612866431472111
-122.325525,37.562992,train,9.221392608456889E-4,72.96099838733612,0.9514702237093221
-122.47662,37.579006,train,0.001142210873967647,81.79178296183693,0.9764267326922761
-118.076717,33.985246,train,0.0010616389754542449,78.25611495487873,0.9692935380663467
-123.300169,44.549312,train,4.148376900160197E-4,50.009435991664404,0.7436213742670172
-117.1452555,32.7326383333,train,0.0011243449865144049,80.82034685913999,0.975003593926848
-115.019825,36.104599,train,1.779803870082323E-4,30.20548527895975,0.4423150827484036
-98.2299766667,26.1761133333,train,6.398555461924679E-4,61.78162251600779,0.8774692153030226
-115.261096,36.32303,train,1.351884349606425E-4,27.113550833759852,0.35825159513569027
-122.174317,47.383377,train,3.4976037002736407E-4,44.084626982261184,0.682595563884383
-118.043823,34.171101,train,2.176347243680243E-4,32.70515523708062,0.5103520866478286
-118.346913,33.779836,train,0.0013628956532814893,88.72272454261714,0.9885723337447324
-122.285278,37.275561,train,8.614607477924542E-4,70.56321512047047,0.9407795862787409
-122.0611,37.084653,train,8.07194192707562E-4,68.09540343617016,0.9292383519305704
-115.40842,36.047127,train,8.042351232458582E-5,20.385266202493654,0.23192886678839497
-121.62818,36.87623,train,6.042183791973655E-4,60.36051411505798,0.8622708126156425
-97.957578,26.126174,train,7.033599847995876E-4,64.4195787559063,0.9005155285401555
-111.012039,31.874263,train,1.2026214419066299E-4,25.955696418500164,0.3260404310645104
-80.158353,25.680441,train,0.0010792063789366495,78.79268454118997,0.9710133978417813
-123.970789,49.1966,train,3.551581326932799E-4,44.426805979296965,0.68816740231693
-117.821658,33.831842,train,9.202678756225607E-4,72.75571067248337,0.951171329656987
-97.790387,30.382223,train,1.0659905283830047E-4,24.518460724216954,0.2951399304940321
-118.2104823942,34.128889108,train,0.0010222264927198551,77.31733514951605,0.9650545898630163
-81.1344444444,35.1008333333,train,2.858599941414602E-5,8.384678449723953,0.08952775833089355
-122.089992,37.331621,train,7.194215697907049E-4,64.88511367863043,0.9056224874832876
-123.434218,48.498668,train,4.623453773119111E-4,53.840642165070584,0.7806254293422772
-116.5691000641,33.7821895068,train,1.7095026084040216E-4,29.743346439450324,0.4293019399381527
-122.174367,37.381273,train,8.231741756041122E-4,69.01634786524218,0.9328528712331974
-116.838024,34.906778,train,1.398029236691844E-4,27.51840287578925,0.3678946947609454
-119.799098,34.42612,train,0.001001690891714495,76.36110677389085,0.962618897174134
-120.6440036372,35.4841497587,train,3.878690491152423E-4,47.98872004636397,0.7199017023963065
-121.850625,36.5945383333,train,0.0015380335910971379,93.51882855674265,0.9935672486800897
-116.5669915361,34.053068203,train,1.3949543281434204E-4,27.49536576236785,0.3672566479582602
-111.8718692289,33.389206091,train,2.921517260229848E-4,38.45111236407956,0.6165561597755076
-122.601644,38.228025,train,5.74794545902263E-4,59.12691881600867,0.8483113321873558
-111.067956,32.245626,train,1.7409554090961046E-4,29.907081180223003,0.4351611427682821
-122.287479,47.706073,train,2.8848738079433853E-4,37.839728423743296,0.6119182392877756
-117.9941163889,34.0085980556,train,7.783240531723483E-4,66.77275088715372,0.9222077895920667
-118.285122,33.713863,train,0.0013900578864386324,89.26254933093122,0.9895467090775617
-117.3363931126,33.1761750251,train,0.0011205351547349633,80.68361396676643,0.9746891723161207
-118.41115,33.88379,train,0.0015552929066465543,94.12089702722692,0.9939214037218076
-80.361456,26.127516,train,6.595311451749852E-4,62.66084226091066,0.8851294509719912
-110.9871268272,29.0826044392,train,3.580277596469652E-4,44.68623722768229,0.6910896420402418
-108.6808,27.0561,train,4.0700907480917833E-4,49.33695010945481,0.7369507243338225
-117.72108078,33.4764846746,train,0.0011728034411358026,83.30097815287446,0.9786780335857842
-93.2173758,30.2265949,train,6.050371628321114E-5,16.783378729367783,0.18005272499863256
-93.2011413574,30.1225609284,train,7.071528937793019E-5,18.69577954133569,0.20706960912146666
-118.295373,35.686886,train,7.931589319935307E-5,20.19285466749145,0.22913250683446273
-80.434281,25.493214,train,0.0011565984891132115,82.38546167813364,0.9775136837402897
-122.5837039965,38.4020522186,train,5.182418054320999E-4,56.63960358534844,0.8173846361669512
-123.0165754,38.4684565,train,0.001015625454028626,76.9484270941215,0.9642894765710097
-103.4360566667,25.5320983333,train,1.80896200924418E-4,30.46654430503388,0.447624963076111
-122.387663126,47.808429048,train,3.3961821805096967E-4,43.33386006028755,0.6718556470893284
-121.3116933333,38.6174683333,train,3.85944990595941E-4,47.74564029831799,0.7181278719660655
-117.1586541456,34.0227327619,train,2.2503982438055827E-4,33.201877019104984,0.5221054297436886
-98.10865,29.6953383333,train,9.857855389990982E-5,23.39671901589896,0.2763449021305292
-116.85993,32.82685,train,7.452825742883543E-4,65.5525355690134,0.9133001819013964
-122.0599001,36.9827206,train,0.001079180526182641,78.78956720903462,0.9710109389787104
-119.8467558864,34.4403067575,train,0.001153751397591035,82.25259307404198,0.9773026452904457
-97.41706,25.850721,train,7.418309680780588E-4,65.43940684518908,0.9123127373599695
-123.3282923698,38.5679879078,train,8.074732191955993E-4,68.10400790332105,0.929303104408248
-122.0446193218,37.924539678,train,5.577411310325915E-4,58.54351005301175,0.839581960601809
-121.33797,38.7617766667,train,3.860555036099959E-4,47.76034617976544,0.7182300596661162
-123.7061013,48.8012239,train,2.9979156242766227E-4,39.41600624211383,0.6260483372018342
-118.7375897409,34.1400665726,train,8.921029860745951E-4,71.68927214641398,0.9464440000036228
-116.3282957208,33.1738004415,train,3.814285391226286E-4,47.274548786035865,0.7139198006604073
-97.039479017,28.0687805213,train,4.7205261464623575E-4,54.50281193618389,0.7875023811572033
-110.2395839096,31.3904253004,train,6.287282877741093E-5,17.279139111174388,0.18640159719726135
-109.1559880972,31.9045133926,train,5.1433139473810844E-5,14.703751956640446,0.15528357131428894
-104.6947967994,24.0199725224,train,8.108223077049777E-5,20.502671631707894,0.2335870932352374
-118.5333941084,33.4683785159,train,0.0015300886757798936,93.27999140555778,0.9933973575753413
-122.1366834641,38.0212767009,train,5.804016291454354E-4,59.289868223966906,0.8510764471508017
-116.378785,33.255505,train,2.423277415575221E-4,34.26291495221587,0.5484582852848235
-122.66835965,45.44842382,train,3.774225496553363E-4,47.033112497464735,0.7101347937687659
-117.1059016,33.1394355,train,7.96857465101547E-4,67.796315589994,0.9267972932079309
-117.0439613053,33.2333878521,train,5.53800077976032E-4,58.257710967480406,0.8374941639738491
-111.7351305,33.3611756,train,2.728302513919157E-4,36.279383837030245,0.5914608527349482
-75.544127,35.257754,train,6.717264482779462E-5,18.039885181598557,0.19779915701284967
-116.3738984121,33.6998350357,train,3.648352688110271E-4,45.31260458075265,0.6979128937609476
-110.760289728,31.5391845179,train,8.225739810280805E-5,20.677233208216535,0.23653651798267195
-116.0154416667,32.7121111111,train,3.532665642657796E-4,44.29922925809371,0.6862260527118003
-122.3041253365,47.6355493196,train,3.7397541886529295E-4,46.65860890399011,0.7068377558601778
-118.4723033333,34.17567,train,6.882339169590091E-4,63.88268162743661,0.8954536167838278
-121.8038866667,37.3346533333,train,4.104882500533577E-4,49.51388558199247,0.7399364422126826
-116.969111,32.563188,train,8.504303494640932E-4,70.1925347273032,0.9385970726958569
-123.8762066667,46.1420716667,train,6.134515845366064E-4,60.995739732178514,0.8663806866671386
-111.9861366667,26.8850616389,train,7.731849576062774E-4,66.63500914503975,0.9208849682311374
-122.7492141724,37.9346191747,train,0.0012823172853071267,86.87425666810181,0.9851140428338268
-121.5059998333,38.583523555,train,4.5805958599439594E-4,53.511367893054135,0.7775188233296837
-108.9227383333,26.9897716111,train,6.63579626244982E-4,62.90035333842997,0.8866452142652395
-122.1523647312,47.4279450006,train,2.1888430642337138E-4,32.77639271266637,0.5123554997268727
-122.286806702,38.2972397865,train,5.403780949454736E-4,57.64654309166095,0.8301778001747431
-110.926479,32.2217429,train,1.8386130624808853E-4,30.73826059332165,0.45297276281671817
-98.1334877014,26.2903369467,train,6.589812117569174E-4,62.56126897360952,0.884921996653813
-110.8222067,32.3100666,train,1.4539801524798149E-4,27.900452087597646,0.37939285094881514
-117.619017,33.710592,train,4.000785728852528E-4,48.570790579540486,0.7309006497836998
-122.4988994194,37.9720472698,train,8.970915384578687E-4,71.99476855538774,0.9473134510386925
-95.452075,29.700174,train,1.1790886879283738E-4,25.747322715422477,0.3208165159077452
-97.69846,30.312823,train,1.1658572505298932E-4,25.576601002850623,0.31786157374766955
-122.5186305556,38.0249416667,train,7.134231412334602E-4,64.7329521703714,0.9037466356865405
-121.937325,37.7597,train,4.771531550429242E-4,54.75496392179744,0.7910289563690425
-122.2833681107,48.0642712906,train,2.686014471003017E-4,36.03517184986628,0.5857529121671747
-122.404325,37.2631753,train,0.0011141338118229416,80.41330015843886,0.9741519451281885
-121.9218492508,36.9924024597,train,9.67078197088865E-4,74.91572669707772,0.9581232402761983
-124.2864131945,49.3269866732,train,2.6878632780958056E-4,36.04570088720096,0.5860041188268936
-123.9581909159,46.204109686,train,5.358348560745859E-4,57.50733747937927,0.8276273738999511
-119.555915,34.0499383333,train,0.0011688663051642074,83.0663652864583,0.978400811658898
-111.1708688736,32.2422433534,train,1.5153652219460808E-4,28.349240609982868,0.39176728000425953
-117.2839609,33.1711358,train,8.647486340785316E-4,70.79184772760071,0.9414150044278381
-119.967305793,37.6054675109,train,2.2518196105054863E-4,33.21614789059354,0.5223282469731751
-116.9964468946,33.0987229804,train,4.3303501047706395E-4,51.876075904094435,0.7584807489797976
-99.9927683333,25.9340349444,train,2.7968898760492454E-4,36.996029562600455,0.6005518620968219
-119.1233833333,35.41407,train,3.371169364511041E-4,43.15894946873167,0.6691515478286878
-123.4822619837,38.7303232213,train,0.001006795957935219,76.55040822933753,0.9632398136235634
-100.017233,25.961316,train,3.144072233287078E-4,41.00262636854459,0.6435578528308759
-123.1806271496,39.2304158679,train,4.4097547609422375E-4,52.609239177018424,0.7646917910237989
-97.7297363281,26.1723594666,train,6.127798432636224E-4,60.92376605427627,0.8660858634012564
-119.0378093719,34.172257607,train,0.00103134281727952,77.63586334967046,0.9660843659686729
-111.7115592957,33.5997505691,train,2.3599063842182473E-4,33.746512707418056,0.5389714083134626
-123.5199479,48.386248,train,3.690176469253698E-4,45.895769279333244,0.702029988639504
-116.7585083,32.7342879,train,4.186910277349084E-4,50.53919439722693,0.7468423555274104
-124.2854011059,40.324885683,train,0.0016503432163352076,94.84207170669114,0.9955499749404797
-94.6464526189,31.6196334875,train,6.735187716457992E-5,18.076941249766477,0.19827076764901574
-117.8140327333,35.6638492658,train,1.339541079271347E-4,27.014944843153,0.35564732184555536
-123.748343736,45.4680319364,train,5.205112841754389E-4,56.766777838726995,0.8187393866143615
-123.5938954353,38.8094056021,train,0.0014032018018975464,89.71558324820742,0.989987932556362
-117.0924118,32.91589079,train,8.805892258675897E-4,71.24402444327583,0.944382106935508
-100.2782893181,25.6758289151,train,3.1611754571421365E-4,41.15615771969444,0.6455524759578386
-118.8449689374,34.1731785704,train,8.978827231669466E-4,72.04296430742787,0.9474500432281188
-117.0352732,33.3461227,train,4.618584022651454E-4,53.785103634724166,0.7802746356350764
-119.7290934032,36.8655684707,train,2.980370908472594E-4,39.11388249251555,0.6238894785204621
-118.529536128,34.0550416641,train,8.443917697577443E-4,69.89551732873132,0.9373683748802731
-119.1682633013,36.3325698764,train,3.1694793887779277E-4,41.22539466124067,0.6465168733295468
-106.6373083333,24.0594483333,train,0.0013787320097532667,88.9464846226741,0.9891509499004788
-80.2743317753,25.6776056567,train,9.294501071786522E-4,73.59257469170102,0.9526204661955452
-121.4400976896,38.2657593126,train,4.1366038301035633E-4,49.838359370864346,0.7426291212914714
-123.1943949066,49.1676623604,train,2.3420788422631261E-4,33.66138065271451,0.5362668154042612
-119.228905,34.2789166667,train,0.0011624611624737689,82.67489984783377,0.9779420897308241
-116.0416434333,34.1286051396,train,1.3407038477675337E-4,27.02423378654486,0.35589310145783126
-121.8059778214,37.2040644651,train,4.932654371926329E-4,55.65461805077938,0.8017892974278226
-123.0767655373,39.0890015957,train,3.650738215464604E-4,45.331283033344796,0.6981492453033471
-106.5999984741,24.4016665861,train,9.512326589693964E-4,74.32235582889275,0.9558884836543987
-122.5110018253,37.7831635099,train,0.001608081705167216,94.59819960471162,0.9948880981123471
-76.6490364075,38.0567374334,train,2.9423461627837585E-5,8.699262529773938,0.09202607336990043
-117.9905629125,35.3735031828,train,1.36948112691814E-4,27.254126890253506,0.361946103245129
-123.9229316701,45.9803422717,train,4.84861306843178E-4,55.26279806793391,0.7962477235797703
-109.0036517102,25.7911962964,train,0.0012078091117789754,84.40598798276082,0.9809915664891404
-122.692759037,38.4051596066,train,5.714453899410555E-4,59.029587822804125,0.8466352756430069
-95.6478109836,29.8920718395,train,1.0145049178139778E-4,23.74243640988261,0.2831318405496802
-114.0385838225,27.9763292102,train,0.0012650156749427026,86.35055489477605,0.9842445614841496
-115.693051815,32.7689087424,train,4.8438368223615414E-4,55.23209270712139,0.795928171755247
-124.085182,40.881207,train,0.0013103243480711273,87.50613992411942,0.9864209801327354
-98.5732416667,29.51488,train,1.3292416808175867E-4,26.939683694771993,0.35346619307508964
-116.9329971,32.4500853,train,8.874110540593741E-4,71.58319506019608,0.9456131573378254
-98.4579188,29.4587004,train,1.6232366054202483E-4,29.2010132511267,0.41291799205478064
-120.6167493096,34.9126020233,train,0.0010357996557940462,77.83331818537187,0.9665767082676735
-121.691362,36.626614,train,9.20403368943327E-4,72.76007592669659,0.9511930320715462
-87.9002,30.5702,train,5.509236057293898E-5,15.566593952173985,0.1653646480238884
-116.6019637,33.0786552,train,1.4999049238573683E-4,28.223082449819543,0.3886741269633357
-112.1100739645,33.3484609353,train,2.863973822866747E-4,37.54177197309343,0.6092478724878445
-112.6284801035,33.3196520154,train,2.5283334749775626E-4,35.00842602359768,0.5637574374648375
-123.809352,39.409221,train,0.001232245998607803,85.35000546124189,0.9824561353621026
-116.47491,34.06836,train,1.236170039448905E-4,26.281662985133586,0.33341831761913754
-112.2346074879,34.3967341974,train,5.37431710773854E-5,15.253169634397802,0.16166173817380647
-121.7716759878,36.9081137122,train,8.583680090657877E-4,70.46037109921262,0.9401755934038195
-117.8328168111,33.641575993,train,0.0010341227998423104,77.75902711214455,0.9663923120393392
-110.9757228631,32.1323267205,train,1.4375514977116272E-4,27.787853604133062,0.3760385533156191
-119.505812721,34.3861782698,train,6.908633751822145E-4,64.016336951137,0.8963516967907622
-122.81577066,48.08180305,train,3.575673231564377E-4,44.63173370851528,0.6906226149259729
-122.658987536,48.7559410557,train,2.4046266456153318E-4,34.106314968680856,0.5456866509526558
-115.7213652053,34.2019192724,train,2.1311761956815608E-4,32.449822808523976,0.5030410636671392
-112.0621945,33.6255083333,train,2.779106611458506E-4,36.767142781896425,0.5982143637549764
-118.5084240419,34.3076325953,train,6.103156156266352E-4,60.702090745284046,0.8649987473198281
-117.5943045854,33.3883611968,train,0.0010056401228678985,76.50886391196572,0.9631001416950571
-111.7888983333,33.6841283333,train,1.7679803041927404E-4,30.08832461253862,0.44014741936595536
-122.1143692143,47.9128923019,train,2.415902774721616E-4,34.20099425732044,0.5473643891682717
-116.9114215,34.2438963,train,4.271975434416175E-5,12.753169516113465,0.13078546804283875
-122.6327096126,45.5082455712,train,3.48427020762879E-4,44.00356747025655,0.6812039490938719
-114.9812088575,36.0874657084,train,1.7764065326908424E-4,30.171820789197486,0.4416930955421621
-123.3005918562,48.440440317,train,4.796612737822426E-4,54.93324365009485,0.792741573460969
-121.7884598921,36.800016497,train,9.904831659631977E-4,75.50791280353927,0.9612186940703715
-123.9664807544,45.7895966107,train,5.493212551289817E-4,58.05185499625623,0.8350884744345235
-98.3794443,26.185498,train,6.322129437700721E-4,61.61962843714449,0.8743578229418666
-124.016231,49.2216405,train,2.918887974038186E-4,38.414553377070575,0.6162252277713431
-88.1458318577,30.6234069435,train,6.795765323663702E-5,18.20218471767669,0.1998626835098961
-118.8546607772,35.4338224347,train,2.9680810821534437E-4,38.96098513099908,0.6223698097593394
-122.5688921,45.4779567,train,3.6758256446132434E-4,45.567595749849396,0.7006236689095243
-122.1337179183,39.1551666265,train,4.350537442768496E-4,52.11617677331232,0.7600751777313575
-110.8808642111,31.7271417261,train,9.04432038195689E-5,22.11121967506178,0.25676868592354496
-117.85721956,34.41452715,train,8.027132307955739E-5,20.358140830805873,0.2315452429011421
-123.0026861167,44.8969383333,train,4.097757527046587E-4,49.47764261405718,0.7393277716689015
-121.1451565894,38.6532325938,train,3.232286272451595E-4,41.878391373446156,0.6537266302332614
-116.798947737,32.9985053929,train,3.734380188474255E-4,46.560407373670074,0.7063203868009025
-119.4844890142,34.3859472382,train,6.517748506981536E-4,62.29849077942323,0.882168626730356
-114.0422698,35.2066415,train,9.848538099664458E-5,23.38042402619053,0.27612364389737865
-121.7254790147,38.5702397536,train,4.0699496134802943E-4,49.33623240458541,0.7369385430657975
-90.4494124,30.4457404,train,6.357964670545259E-5,17.39989295761719,0.18828622657460337
-121.8197678287,38.0196569432,train,5.033532654622291E-4,55.98393222684224,0.8082424084829369
-80.3417099144,25.7298250081,train,9.583455797271324E-4,74.53727211849142,0.9569060292464964
-81.4466582441,26.7653891751,train,5.057627058580528E-4,56.08497823869501,0.8097523670609655
-122.6300867272,47.5097499672,train,4.340969257452927E-4,52.026919537496525,0.7593207833532786
-122.3254983333,38.9130483333,train,3.8248197783149335E-4,47.3673668084084,0.7149068947400576
-122.1863116667,39.4287716667,train,4.246441166939502E-4,51.06204953328534,0.751739137083842
-122.1472016667,38.4828666667,train,4.801752168230302E-4,54.97192986155905,0.7930907723639238
-122.1945258045,47.1292020986,train,2.496559926926362E-4,34.80525566596334,0.5591858052423299
-110.3409780973,24.1021096016,train,7.153880794585284E-4,64.81827744965331,0.9043651893948895
-110.9476858658,32.4181041867,train,1.2602642292706227E-4,26.505769925487797,0.3386671414667698
-120.8780833333,37.7591216667,train,3.4502730784606513E-4,43.726452355346574,0.6776279992237781
-116.7995505556,33.0227966667,train,2.5882680730561014E-4,35.38373955675052,0.5722522593309342
-123.4664642087,43.26384505,train,3.55649638067682E-4,44.45995553033005,0.6886698738351322
-117.3277359009,33.9703445435,train,3.227153118957292E-4,41.817365725030946,0.6531429420269013
-81.6049771345,26.3755821638,train,5.966960538130121E-4,59.889371910456035,0.8588292129561067
-120.8402629667,35.3234536259,train,0.0014821719444357748,92.13596354122758,0.9922732622533372
-121.88556325,37.1578015577,train,7.010678462039981E-4,64.37195749388175,0.8997645248448113
-121.8703097105,47.4704027763,train,1.280272191070325E-4,26.620587296058478,0.3429943719343198
-107.8605920086,37.2621213624,train,8.009627663307043E-6,0.7177762199506319,0.02593761342695211
-90.4920254937,30.0975269079,train,8.575118002889981E-5,21.317573996799005,0.24523831662462559
-117.8599448589,35.6312330111,train,1.0665463123868544E-4,24.526080243629043,0.29526845358314613
-117.9104064436,33.7262039353,train,0.0011491127837083546,81.94828076848667,0.9769545610742515
-117.8189166856,33.8539520619,train,7.257674030970748E-4,64.99026617262099,0.9075672009485584
-115.2126293,28.1901766,train,0.001334230981882181,88.03691526710907,0.9874453982321179
-122.109375,37.6684768608,train,6.113781034652596E-4,60.77767742744804,0.8654685514142701
-108.985882,25.7904657,train,0.0010855879488710952,79.2554316319247,0.9716140152354945
-119.2605461386,35.226945315,train,3.29124305740731E-4,42.538104131324786,0.6603605615174744
-122.9316633333,44.1290166667,train,3.6934787535337725E-4,45.963574944904586,0.7023526623325251
-124.8976385382,49.6785913161,train,2.8934206768134924E-4,38.01789264580996,0.6130049983700563
-122.4154133333,48.7835466667,train,1.6049642914822638E-4,29.015617549507425,0.4093877326629193
-118.7033295496,34.1688444533,train,5.991023045628583E-4,60.05859662487664,0.8599393696137516
-97.3152701,30.1104947,train,1.1065870700539394E-4,24.97971320890917,0.3044663421353716
-124.2359756917,43.3994582771,train,0.0014499400238252953,91.28809667737444,0.9914113545310792
-97.6336537837,27.8660073107,train,3.0542547598535173E-4,40.05296109912402,0.6328973762519409
-123.093534907,49.1709630972,train,1.8767426043435416E-4,31.035414152075074,0.45977369679745994
-124.415379401,43.1147071992,train,0.0015912022342937805,94.4401225705299,0.9945970031130893
-121.1218579969,35.5940784574,train,0.001028083706106966,77.50078172152307,0.9657197505731704
-122.1252888333,47.5713283333,train,2.2651782460593594E-4,33.29829680237574,0.5244173124356988
-123.9241736,49.1065468,train,3.192701070454768E-4,41.46075044221743,0.6491998737063337
-97.4197585,29.8919985,train,1.145045048002401E-4,25.379790351394842,0.3131876027970075
-122.1010203641,47.6873175245,train,2.2328793357526074E-4,33.02598287056415,0.5193505687051609
-115.7504234709,31.6936446822,train,1.3111856575663655E-4,26.808411110414443,0.34962459242069255
-118.5558959541,33.0024866844,train,0.0019337270112258936,96.76266387926334,0.9982438646521798
-121.352279149,38.5520295711,train,4.3051642972053057E-4,51.60256242922452,0.7564766688490236
-119.8865571,37.4649385,train,2.554873394648829E-4,35.19374534194507,0.5675396848006493
-117.066451806,33.9365847181,train,2.641493087276234E-4,35.71998600291374,0.5796573215482694
-107.384967,24.82376,train,0.00129376188738685,87.375026417112,0.9856626492106795
-122.9109560698,49.2057178634,train,1.4239798416961367E-4,27.695204293358557,0.3732539092024679
-122.7066274667,45.5970845333,train,3.843181635982803E-4,47.52915968589684,0.716619303982704
-121.825775,38.43300333,train,4.086687789245376E-4,49.42135022313274,0.738379281522393
-122.3661745248,38.0027493881,train,6.765913327282647E-4,63.47454665835053,0.891382705938435
-111.1382601738,32.3921064183,train,1.5834034813447834E-4,28.89307324159186,0.4051948144920794
-116.2930453834,34.1378981756,train,1.1091388458204262E-4,25.004744371922165,0.3050484328445763
-123.3588231418,49.3966556568,train,1.77232345875792E-4,30.131361280831282,0.4409446452146
-120.4446555556,34.6929888889,train,8.866543922211091E-4,71.52189988133127,0.945477966677413
-100.3696740569,25.6507213096,train,1.7371197604250908E-4,29.887100946618467,0.4344498498339209
-125.01773883,49.687425,train,2.25548345682498E-4,33.25291528347279,0.5229021223602403
-123.0226612,44.0415,train,4.013489956204609E-4,48.68067365471347,0.7320200048902821
-121.5530137783,36.3852739051,train,4.5085628599595735E-4,53.284450557404114,0.7721980003074499
-123.2119362517,39.1548618543,train,4.826820833875572E-4,55.13038517654399,0.7947856487843995
-81.4147843,28.3931932,train,3.684767931970327E-4,45.78471600857786,0.7015007523873336
-117.234663,49.581875,train,1.0902022582136309E-5,1.561178183426132,0.03513780884071738
-83.294213,30.867484,train,1.1954010143281656E-4,25.892845945265947,0.3244418925799615
-116.608060564,31.8984954837,train,8.295178214546764E-4,69.22255640110073,0.9342360119437753
-118.3594519961,35.6452446292,train,1.1132807267413563E-4,25.05474170333694,0.30599220875049493
-118.5840355043,34.385486876,train,4.4003226660482E-4,52.5337812204745,0.7639624523851596
-116.3025134,32.949772,train,3.3171674816916873E-4,42.72763727536338,0.6632372531482935
-117.2080019983,34.0331036243,train,3.962732386946426E-4,48.41978227816084,0.72751975809311
-123.4631137871,48.5711245837,train,4.1669290115199404E-4,50.33316987968463,0.7451772175480614
-122.862975,45.56638667,train,3.8516437006994356E-4,47.64176372768114,0.7174050019865936
-81.2859282327,28.2510287566,train,4.1546746254931486E-4,50.144503042619945,0.7441505850880088
-115.8086601285,33.735598751,train,1.649943049935161E-4,29.40847881781582,0.41803982350995095
-122.93732964,38.39191944,train,6.582697919359491E-4,62.535299590605916,0.8846530680211873
-111.9037656,33.7727571,train,1.8131679840478635E-4,30.503445100199595,0.44838671381346995
-122.6380093022,49.1659285358,train,1.2087661500003065E-4,26.0091832525383,0.327397835248722
-123.2683778554,43.0200306785,train,2.9975917547855435E-4,39.41073948369255,0.6260085978861949
-112.1800161486,30.0556582952,train,2.5403586989336497E-4,35.092394111448726,0.5654752530235214
-123.4490723116,48.797110574,train,4.2104642316423033E-4,50.7356326055913,0.7487912557685004
-122.950425,47.0949138889,train,5.026853999366867E-4,55.946464902283836,0.8078217503262753
-117.5853247597,33.6523714361,train,7.789367599839812E-4,66.91978658066394,0.9223640194939595
-95.593322019,29.6016407118,train,1.167639682289009E-4,25.599599245089493,0.31826038760623454
-102.1409512159,32.0285039227,train,8.519238600039063E-5,21.228329181844412,0.2438532470589747
-76.6376847234,38.2884113826,train,2.581991335844618E-5,7.260356973752954,0.08122702542015525
-121.783567485,37.1482393916,train,5.952878464934139E-4,59.790335434029345,0.8581754400395876
-123.0851466,45.5071984,train,4.3555052750235895E-4,52.16251941410176,0.760465928653251
-105.4547293447,28.1908042335,train,1.2109680850976076E-4,26.031229012753652,0.32788359072370954
-110.2704617063,24.0684063405,train,6.169399375797862E-4,61.175157410758885,0.8679012989526437
-122.8050665,38.0643444,train,7.991760564856997E-4,67.86240840530222,0.9273520623308756
-111.857744,33.649221,train,2.636287783961328E-4,35.68065567706353,0.5789388124956072
-101.4081393534,26.8998176529,train,2.8748455387496696E-4,37.68025570861396,0.610639224116509
-114.1041648211,34.2921627949,train,2.956096961525822E-4,38.86888319180716,0.6208820294998361
-80.649589,28.14681,train,5.121936814021219E-4,56.297478192279,0.8137245944869587
-115.5552833333,32.9692033333,train,3.869741781366666E-4,47.876033614568485,0.7190780946580991
-117.4310556,34.0284039,train,4.5349821355870434E-4,53.36767618505378,0.7741641170740776
-121.7684370832,39.7715980901,train,4.111454944490951E-4,49.575411537893366,0.7404966511205564
-80.6064611,25.3823998,train,9.953065396193094E-4,75.80570706317538,0.9618276041519398
-112.7710466667,33.37852,train,2.3584278172306654E-4,33.739452090425175,0.5387476979959516
-110.84887,31.4966333333,train,9.40670894116187E-5,22.673396370409296,0.2655534667389937
-123.2272666667,38.9074416667,train,4.847797704162947E-4,55.255767588381566,0.7961932075725817
-113.284819,32.098344,train,2.979614619547493E-4,39.09988597500686,0.6237961382813337
-116.6802670062,31.8913795282,train,9.967086971887096E-4,76.00501631198709,0.9620028143698692
-121.720574,38.799703,train,4.1677240137660577E-4,50.34171027282514,0.7452436777674055
-113.9106709059,33.6080148697,train,2.4053192618141294E-4,34.11213047579188,0.5457898820628234
-80.2192959934,26.1017744842,train,5.567075971673783E-4,58.46602724612763,0.8390370487095593
-109.9554282199,27.4958936739,train,7.555734639789795E-4,65.77859993957883,0.9161787174569971
-111.6284193099,34.2923705101,train,7.248848271330049E-5,19.052129156015756,0.21166942260470467
-111.1087983546,24.3941738641,train,7.886926176003865E-4,67.3205832115419,0.9248097471193653
-122.3794921891,40.5936189346,train,4.774230055561327E-4,54.76797944421143,0.7912138955437749
-116.3755762,33.1381155,train,1.9291938870707507E-4,31.352315811914195,0.46899117262780166
-122.8644166667,38.108615,train,0.0012746205288136723,86.70951885281896,0.9847333352261557
-121.1912466667,36.484915,train,4.2296966657732457E-4,50.92355242655995,0.7503714529262915
-84.9595629796,30.4300441068,train,6.193394236153171E-5,17.07743985023145,0.18389142194451102
-121.2992693111,38.6735948213,train,4.032494503893934E-4,48.895328052589,0.7336857877996457
-122.298155,47.88801167,train,2.496009305886138E-4,34.80173485212051,0.5591061600793348
-122.8938059131,42.2572218939,train,1.538711609380424E-4,28.55430818247946,0.3964085728625987
-81.638684459,28.5549037239,train,2.8327866147922354E-4,37.281186896947965,0.6052289138387693
-95.1832527273,29.5281651052,train,1.1512325565256731E-4,25.42993110083274,0.3145805189375904
-121.9470322469,49.2619781713,train,9.74575879821445E-5,23.198472937772003,0.27367844421233634
-122.7896148611,49.0169438333,train,1.5395102266567342E-4,28.56196301075738,0.3965667110175042
-119.21958089,34.4398217766,train,6.594268724985067E-4,62.641962205923036,0.8850901443870798
-120.0450291702,50.6640011175,train,2.9940405090289713E-5,8.865009882401512,0.0935647946922743
-94.9338914337,29.2190925368,train,1.6288938546343804E-4,29.25840156190099,0.4140067037387909
-121.7912955963,49.3061421262,train,9.589649815498657E-5,22.93499727282965,0.2699486803948544
-122.4819023347,48.4933941844,train,2.6521517635400986E-4,35.7989464283148,0.5811247582724621
-112.8628110726,32.3805074521,train,2.6799461850531854E-4,36.000606742943084,0.5849273120970314
-122.2626569549,49.0430788918,train,1.227205952661854E-4,26.193839625147213,0.3314549119116458
-98.3321842788,29.6794532297,train,9.686152062211845E-5,23.090041631916854,0.27225657115640745
-95.535977,29.7571238,train,1.1722953069801338E-4,25.659669530457876,0.3193009703910985
-116.1972184287,43.6382813654,train,5.746774754026248E-5,16.119566485506873,0.1718442996287074
-107.1489949722,25.985596,train,1.1642257176898984E-4,25.55554976917339,0.31749631856835947
-122.4304866555,47.6627465418,train,4.2106669995467793E-4,50.73732367467351,0.7488079678798367
-123.7958889793,48.9706480858,train,3.02337877404585E-4,39.76342852483704,0.629159526859484
-115.4629491,32.5905749,train,4.677963754619203E-4,54.249651380706815,0.7845140559148189
-123.85894957,49.4699463787,train,2.7320332879177947E-4,36.31559669967969,0.5919606324690381
-116.9364,33.7315133333,train,2.3220584779621534E-4,33.565777189649,0.5332106340460809
-121.7286333333,36.2014733333,train,8.334113960264375E-4,69.41257757906995,0.9350708021420769
-123.6364881088,48.3228515525,train,6.114920885081084E-4,60.7857896491959,0.8655188553862805
-111.0702314974,29.0255344584,train,3.549064239045618E-4,44.40982949486434,0.687909763651571
-112.1507476618,34.063745334,train,1.4686675346696672E-4,28.001116261504595,0.3823763572604044
-116.9475095,33.9690605556,train,1.9288237861731018E-4,31.350292389207915,0.46892668742806964
-97.0557794614,28.7977421793,train,2.837115709941177E-4,37.31669520890312,0.6057892464137045
-117.6165344778,33.8708288248,train,6.518950918507486E-4,62.30287448164043,0.8822151039570628
-116.2361029163,33.6436389732,train,3.466342738100867E-4,43.859459777730244,0.679323239974724
-122.1439138333,47.1239361667,train,1.7327165356835066E-4,29.864164158998957,0.4336321996667981
-119.480995,36.824305,train,3.196254619860397E-4,41.497783604866505,0.6496086453349985
-112.12100301,33.7864725172,train,2.2327273330272773E-4,33.02445672579149,0.5193265968061975
-125.0287377038,49.6241960121,train,1.405702057785392E-4,27.570677789837326,0.369484008941511
-122.8002072331,45.3112987203,train,3.7331667455406343E-4,46.53823358336943,0.7062034391736918
-92.0077389963,30.2083266657,train,2.5467481771291557E-5,7.129056718064934,0.0801639943457445
-118.2935891,33.8658064,train,0.0011987989029176515,84.25100264430435,0.9804212337543694
-81.0378012987,31.9523354597,train,1.222185806514495E-4,26.143566457436158,0.33035282312586833
-100.2631046385,25.6379648953,train,2.1981819474900353E-4,32.82739200344883,0.5138474174785057
-119.8203642796,37.0780991883,train,2.6209178131113585E-4,35.56452297061653,0.5768100579936126
-120.2348024052,36.2531737513,train,2.826717966243653E-4,37.23402299151053,0.6044420826447843
-100.1824783333,25.3430483333,train,1.4928339139086E-4,28.17281936536523,0.3872541872316645
-99.6372741,29.2952364,train,1.9937665787075356E-4,31.711651284344626,0.4801230893529146
-95.1170311,29.5865159,train,1.1806499553618837E-4,25.764444818509702,0.32116434426680684
-122.6350743265,49.1672512576,train,9.642091284336642E-5,23.009890159073368,0.2712037461019301
-90.5366035,29.6486132,train,7.812724422667787E-5,19.99743833059045,0.2261202478808585
-125.9066184,49.1529842,train,3.7701519013036015E-4,46.99532712662857,0.7097471114194722
-97.4344741742,32.8781071847,train,8.14207405196826E-5,20.55295450960672,0.23443784848313864
-121.5476587176,39.0715179936,train,4.178496206132993E-4,50.45743165380001,0.7461424995994487
-110.896209591,27.8917739308,train,0.0011299711448583011,81.20624598775598,0.9754607863505789
-82.2483370853,27.8770108288,train,3.9929391615823895E-4,48.5029279612129,0.7302069631657588
-124.1857646539,40.8184359574,train,0.0019231754961931194,96.56927554039835,0.9981820026565649
-91.1614292505,30.4400224368,train,4.1974672735584594E-5,12.568845549006573,0.12865794839685285
-122.8919668248,45.4873448375,train,4.028188004404789E-4,48.82768865958991,0.7333092250070399
-114.3409001536,34.466171947,train,2.987858124233414E-4,39.25244719048946,0.6248122927883208
-117.91021362,33.94574542,train,9.414058244222344E-4,73.96874119148843,0.9544430520013003
-104.6531760693,24.027905132,train,9.248338415097081E-5,22.43668508966286,0.2617272005886633
-95.8210075049,29.8083102559,train,1.0995070906116054E-4,24.911184963675197,0.3028487595104761
-122.0446612476,38.7109168173,train,4.1255324881226356E-4,49.70719422547405,0.7416925075822096
-122.2446706242,47.1768848512,train,3.087054288849553E-4,40.38244234271114,0.6368268295113255
-121.8668964,38.5772896,train,4.2232080775497365E-4,50.85837112475973,0.7498394443440894
-122.6191768943,38.9240657367,train,3.078284355755641E-4,40.304019181352935,0.6357803112296665
-122.0306738738,38.2078213878,train,5.204157472248187E-4,56.76141251196298,0.8186825596194258
-116.2991033333,33.7637466667,train,4.3086335863242933E-4,51.63533786827506,0.756753710915779
-116.4412973543,33.5987123056,train,1.1979108817028049E-4,25.914693176684995,0.32499798436173377
-110.8967036927,31.2230030704,train,8.540147513129087E-5,21.265420820234354,0.24437180870141706
-122.6805883333,47.5163883431,train,3.680866448802918E-4,45.69204369397641,0.7011184009052372
-122.8562211112,45.7572486744,train,3.568049817708508E-4,44.541492623857685,0.6898478086660831
-120.7156362501,35.5424573638,train,4.350848554834695E-4,52.11907899584899,0.7600996673302853
-99.753574,29.428057,train,1.8251041636266745E-4,30.61359557631858,0.4505427781945872
-108.1641083333,25.3576,train,0.0011948734106796107,84.01152374319979,0.9801674340921002
-115.9667571625,33.7020205951,train,1.6233026402017936E-4,29.201683257383017,0.4129307118058754
-116.655754,33.9883177,train,2.9283831210234296E-4,38.5481075575968,0.6174189783402414
-107.5594566667,25.0519783333,train,0.0011129820532805594,80.32503740212744,0.9740540813538644
-123.1940115988,49.1323076445,train,2.886162245445569E-4,37.866587050144325,0.6120822629848275
-115.1269833333,35.9850216667,train,1.2262818311026077E-4,26.184585209684062,0.3312521728424157
-97.2902543,26.1009111,train,8.612947423927362E-4,70.55167145866686,0.9407473218684129
-97.0121274002,28.8853070623,train,2.3711924173640663E-4,33.82878627831619,0.5406754379181771
-111.1587152412,33.2796369608,train,1.520677148859306E-4,28.394986299117306,0.392826424633135
-91.1674941048,30.4416724959,train,3.6860179998833644E-5,11.14297304018197,0.1139127012635267
-115.9788083333,32.6749366667,train,5.322357291419211E-4,57.27669064532321,0.8255797789320254
-111.9964279979,33.3186858677,train,2.4131081890137982E-4,34.17752969919375,0.5469491703055196
-123.6379589601,48.7657922623,train,3.8835557805359024E-4,48.04552338464551,0.7203484727599592
-123.73658,39.2081,train,0.001269370894159208,86.6042486224565,0.9844681003543597
-121.990776723,38.3906784884,train,4.096795542272785E-4,49.47275068039781,0.7392454823809911
-77.1564272,38.8239278,train,3.25371369894804E-5,9.825574590818265,0.1012548046322368
-119.6137383333,36.5839416667,train,2.9827875335749603E-4,39.15860658463773,0.6241875801847381
-123.1194167054,44.6119439071,train,3.9318999461831155E-4,48.3349144172812,0.7247492891141385
-120.658295,35.29142,train,7.441030875956189E-4,65.5138770963525,0.9129640082649293
-114.7869040444,32.8553722805,train,3.842582673878072E-4,47.52387490175131,0.7165636079725549
-122.3527561924,45.3327661242,train,3.125922909251768E-4,40.75999675034171,0.6414289539572845
-96.9883587956,28.1341106748,train,5.322943898487517E-4,57.27829643775531,0.8256133460559816
-112.0014057872,33.3165074356,train,2.4891026528547574E-4,34.75757192004186,0.5581059168001143
-123.2191764853,44.6679392391,train,4.6189768671127233E-4,53.78793457360331,0.7803029550737186
-118.9516506079,34.160875478,train,9.236108317346944E-4,73.10147471857609,0.9517039745876539
-123.0617761111,38.3115052778,train,0.0012821201340109296,86.85991450689028,0.9851044105632244
-121.3179784182,36.50696736,train,2.7894759735150505E-4,36.90060113708061,0.5995790087004131
-121.8232831416,38.2754669048,train,4.312317881709006E-4,51.670144537504484,0.7570475773603595
-124.05995,48.82317,train,1.8000541724896333E-4,30.388392087107782,0.4460081757169657
-93.2192804664,30.3513026511,train,5.025120619977276E-5,14.494521192234696,0.1520014240403924
-111.7885094943,34.8530900102,train,4.0271989713147945E-5,12.098660791597228,0.12377650840405252
-103.8946253,30.5882111,train,5.751612089677279E-5,16.131041294366398,0.1719757299458533
-108.6067113514,25.6596114108,train,0.0010139745354046795,76.8086496736173,0.9640955173444031
-122.0468099424,38.5278043616,train,4.4962411751698223E-4,53.215648112489404,0.771275179016387
-122.4157512188,45.5144150144,train,3.360956097714711E-4,43.08162913321321,0.6680410097550382
-122.2733499722,38.1168316667,train,6.310654451669751E-4,61.59530583485121,0.8738838896318517
-123.6090817675,49.418313072,train,1.2331822938287348E-4,26.25368690851143,0.3327645525988685
-107.4186554956,24.8558847876,train,0.0012236801082711538,84.85874763894367,0.9819560699623666
-121.2795224895,36.6914569398,train,2.748938229244631E-4,36.479684987683505,0.5942175914519374
-125.2469358852,50.0234610502,train,2.1863890392222654E-4,32.76299108738831,0.5119627019961881
-109.3565570672,26.8879005033,train,7.493968763967416E-4,65.64285968584862,0.9144626957889188
-117.3517916667,33.984555,train,5.209028174008823E-4,56.8056090113929,0.8189720912009196
-120.0949875328,37.4032190686,train,2.659947637513567E-4,35.855508799924216,0.5821948129971544
-122.35318,38.4173366667,train,5.221335108289064E-4,56.927665751145426,0.8197016002462307
-90.087843,30.418084,train,7.494719195241913E-5,19.477735875001592,0.21800340379792182
-120.8168416667,38.1659611667,train,2.6064258900074824E-4,35.47695528527042,0.5747930571793052
-103.7749933333,29.2651833333,train,1.68546773398428E-4,29.6189410751521,0.4247836552538897
-83.7176374973,35.1034779341,train,5.153400847052779E-6,0.19162588014022158,0.016766378254357228
-124.0464798857,44.6129170651,train,9.146487117943261E-4,72.57595195611763,0.9502627395035501
-111.764045,33.295215,train,2.3196149929476188E-4,33.55410878912309,0.5328362506863318
-98.2416216284,29.6106137602,train,1.1620874001525946E-4,25.527959627528396,0.3170173121255314
-106.456795,31.85135,train,6.409639554349316E-5,17.488175112557904,0.1896613006988237
-110.9643033333,31.854,train,1.2385235532472728E-4,26.303700364055654,0.3339328518295209
-81.9568256228,27.9460729673,train,3.0491130482953536E-4,39.99843544920224,0.632277545124762
-76.6939637609,38.2750238038,train,2.815051504237112E-5,8.209336326267557,0.08822590700059607
-114.618900891,32.7280988708,train,3.8879797440359766E-4,48.087762860233575,0.7207540983783698
-111.6633533471,33.4300026753,train,2.3180829536852685E-4,33.546792825395805,0.5326013631408832
-116.8598547272,36.5101075063,train,3.1131322952308036E-4,40.628479681132305,0.6399209932559821
-112.3100003719,33.5519213309,train,2.734091769821896E-4,36.33557741212349,0.592236127816106
-111.2335883333,25.7179383333,train,7.862113449648585E-4,67.23762233451447,0.9241951127204445
-116.8692351108,36.4602495693,train,3.4521717937378984E-4,43.7436419550946,0.6778287668527823
-122.62445,46.95815,train,3.50988330198418E-4,44.15927947945605,0.6838718101494627
-122.7672638,47.0735912,train,4.6725081863328833E-4,54.21771062129599,0.7841279917471098
-122.6299699564,45.6894862194,train,3.2253015413684653E-4,41.7953531896422,0.6529321587369341
-113.40515,37.22353,train,4.5935560848967264E-5,13.505147274469955,0.13990850723242543
-81.3083072,28.6401208,train,3.2139141634631926E-4,41.67588298689921,0.6516330022157839
-112.1935703789,33.6791144916,train,2.4888666291618183E-4,34.75541900303332,0.5580716950350733
-124.2698365822,42.0508942143,train,0.0013939954706050834,89.35950378897194,0.9896808904721623
-80.3987009886,25.6093241626,train,0.001152355638188037,82.02181108580758,0.9771984633544661
-123.0425271662,49.0022269966,train,2.475829810605156E-4,34.63609799220765,0.5561773267893562
-111.8305634,34.8129229,train,6.273140491734731E-5,17.254720972578827,0.18602398558645095
-121.5174108559,38.6729415553,train,4.488183289468821E-4,53.17064953121518,0.7706696702620649
-84.2526659,30.419635,train,7.471258109845623E-5,19.439401304945562,0.21740121603206608
-78.977703,33.60983495,train,4.831872749844438E-5,14.09792178431623,0.14660756988406543
-90.9746035351,30.409652964,train,4.574152829409497E-5,13.46005559295101,0.13936077373064515
-121.1429519653,37.7349433899,train,3.7547315567380206E-4,46.852292926589655,0.7082748614796972
-117.6294334314,34.1446996273,train,5.044794299560142E-4,56.04709874136097,0.8089496440408348
-120.815575,35.3261694444,train,0.0010792369079539134,78.90928240503908,0.9710163011970726
-119.83493,36.760695,train,3.005567943513882E-4,39.5365111767809,0.6269860616939874
-111.0152397,31.7939073,train,1.1124021556574661E-4,25.044136326096197,0.3057921232353501
-112.801225,31.95473,train,2.096877561304288E-4,32.26880180546449,0.4974169369354532
-124.1517375704,41.0534956535,train,0.0014348853040531732,90.53341754046741,0.9909764646245736
-122.7930577105,49.1896438551,train,1.124953133715822E-4,25.195641263476745,0.30864501304009495
-87.6940941811,30.4114563715,train,4.666804997757668E-5,13.695337953064127,0.14197310695815557
-110.8305892994,32.0910650488,train,1.2610479997822812E-4,26.510267658449322,0.33883718690364983
-126.0608427599,49.2757117878,train,2.761854625801316E-4,36.60321857727529,0.5959336277051173
-122.4993600943,45.4915787857,train,3.2540433697829195E-4,42.10774327562467,0.656189733641124
-121.5034162626,38.2580325175,train,4.667584223088753E-4,54.188882254190254,0.7837789528723025
-114.4568101953,32.6763393989,train,4.2804222579195475E-4,51.270956624327916,0.7544917084078878
-120.6410380816,35.1370458992,train,0.0010538431274730803,78.0440946985129,0.9684979814662367
-106.4898886631,31.7905750526,train,7.455174985172437E-5,19.413122057455947,0.21698813429850894
-116.4990630001,32.1110729563,train,3.195186067871679E-4,41.48664773616731,0.6494857778486041
-115.4554055043,36.1752983654,train,6.396557700640858E-5,17.46582587534663,0.18931341155453396
-123.1732131502,45.5540654052,train,3.7030008375239814E-4,46.11149510264289,0.703281131676696
-122.5283590915,47.9115866152,train,4.0386813718859023E-4,48.992501173495455,0.7342258406641488
-90.1423974103,29.9791051482,train,1.0447549383206831E-4,24.152828144567934,0.29021167866649844
-117.238532,33.800755,train,2.696467318147148E-4,36.09470127198044,0.5871711900962397
-122.8396016436,44.6101794648,train,3.7732863186430373E-4,47.02440098258734,0.7100454585564009
-122.4315466967,38.8738065844,train,3.1978702862348426E-4,41.514362649116336,0.6497943409992748
-117.0872255042,33.592955082,train,3.133355503922624E-4,40.85552158859752,0.6423023234691255
-122.7934003813,38.2088620907,train,5.854810255865535E-4,59.47983189515576,0.8535377973685807
-121.7823958397,37.6449479391,train,3.6747643504752485E-4,45.54139440010087,0.7005194034060664
-119.0392025325,34.1613788573,train,0.001257156747285288,86.09777082817457,0.9838330169260558
-99.788882,29.235865,train,1.9720779942046816E-4,31.589117192634784,0.47641039069576496
-116.6077083333,31.8136216667,train,9.262960100549541E-4,73.31414044364305,0.9521276025535117
-121.3009909722,38.1546829722,train,3.673455178204546E-4,45.5091546937996,0.7003907354012056
-124.1496666667,40.81,train,0.0014537423073179283,91.54654010823502,0.9915178361824012
-122.8704181686,38.5958589583,train,6.38713574644342E-4,61.7574170662405,0.8770092488338446
-121.3381729983,39.108302084,train,4.346288965741336E-4,52.0765446692754,0.7597405029538178
-111.6586312068,33.7321490747,train,1.7934574735919143E-4,30.330516458708527,0.4448078146592258
-120.4904333333,37.3312027778,train,2.996655852730556E-4,39.395519865403806,0.6258937374391846
-121.2570199033,37.8657823636,train,3.806797625191233E-4,47.22588244701942,0.7132161040543727
-118.3282802626,33.342152511,train,0.002814022709994373,100.0,0.999902233340741
-122.8255869933,41.8613423007,train,8.325015563930658E-5,20.846079115676314,0.23901928601872746
-110.0970611667,24.0090833333,train,5.152830118057463E-4,56.47329056601631,0.8156031865524033
-118.505225,32.9298366667,train,0.0015377405986940142,93.50226385593297,0.9935610617716554
-122.8798597953,49.0590398327,train,1.8941131428358216E-4,31.144734888137833,0.46284387652301406
-121.4014395141,36.0815815162,train,4.1833248640535294E-4,50.509292319840824,0.7465443683704225
-99.6732501056,27.5592347874,train,3.313324656709469E-4,42.699542429634874,0.6628123790379872
-121.2762125506,38.8472187375,train,3.8561508138450104E-4,47.7017395342917,0.7178225954134914
-123.1934139655,44.0632334643,train,4.32723128147894E-4,51.827043274791265,0.7582334760645844
-109.9116688531,31.4463851626,train,6.39219059476166E-5,17.45836504545233,0.1891972427217662
-81.3474563032,29.9284727672,train,1.7121977451688936E-4,29.75729656314192,0.4298063770145143
-109.2121394724,26.5964696667,train,9.488833884386749E-4,74.25137282164118,0.9555471558419488
-123.713921411,48.3590014146,train,3.3429091054597916E-4,42.937331219179605,0.6660695519093802
-105.0149560937,25.6120587835,train,1.2179183837623366E-4,26.100831275348664,0.32941455364950234
-120.8499924,35.3659445,train,0.0011034112804050188,80.04128461906437,0.9732263972994664
-106.5369033333,31.825275,train,6.0926247568574926E-5,16.86800927615346,0.1811886655232421
-123.8246684277,40.1274824608,train,6.137811042546601E-4,61.03103968848526,0.8665250735340904
-111.6272512424,24.9325302743,train,8.205281037561844E-4,68.76981632126498,0.9322673704381247
-111.3593702376,26.0072155922,train,8.131655236378631E-4,68.27954409320338,0.9306112346463772
-111.2798769635,26.1117769693,train,0.001016369373874883,77.01141214720856,0.9643765336818195
-94.0202274744,29.9854465439,train,7.326698463818427E-5,19.196078378341948,0.21368048397330197
-112.265608531,27.3380512895,train,9.678690812778E-4,75.01975403377,0.958231766428563
-111.1063171551,32.1217175253,train,1.3794389168784337E-4,27.348430154202475,0.3640273465769239
-110.2772856,31.5455001,train,7.576318742612739E-5,19.617676648542346,0.22009425521653048
-121.4582883333,43.83628,train,2.968493187796996E-5,8.78720197593436,0.09280468553515786
-114.1629333333,33.016075,train,3.1355959457830205E-4,40.88627534710438,0.6425651698393893
-122.7342189984,45.7788233052,train,4.0412078357689613E-4,49.0320214108738,0.7344460611205006
-76.3295399555,39.4045074754,train,2.9378279205081725E-5,8.682926827687849,0.09189146040647533
-81.3910841241,31.1613026679,train,1.3972253959792513E-4,27.512926310697114,0.3677279590953655
-110.6765124675,24.3164258523,train,6.029170800171009E-4,60.299181929326195,0.8616815045188169
-110.2808358109,31.9667281325,train,7.868338981859362E-5,20.088752425969265,0.2275310873736468
-84.1318632,36.1034126,train,2.2449378783957702E-5,5.928839052262118,0.07101004843520264
-92.0437866458,30.3858274689,train,2.0585536872137608E-5,5.1709046315185425,0.06531154915270754
-90.8617279666,29.8035450769,train,5.386338218178657E-5,15.28232555809767,0.16199232841731137
-92.0788660188,30.1282205481,train,3.1424395527550575E-5,9.411174746569557,0.0979675322664385
-91.2328806159,30.2908965796,train,3.7773029523561146E-5,11.426131112834526,0.1165626488959105
-91.8957570006,30.1987450415,train,2.6705280280668116E-5,7.630626598862512,0.0838921202198808
-117.3504952495,34.2876571299,train,1.842439056349206E-4,30.77161255413784,0.45365902878067677
-76.1716506902,39.6030318486,train,2.4719740022813632E-5,6.811176556652462,0.07790452378166124
-114.3007000163,34.1596001121,train,2.854456828623243E-4,37.45893136464221,0.6080258162498795
-96.3606389923,30.655198305,train,1.1862021813432199E-4,25.81277437055328,0.32239985937910864
-121.1199583333,38.691125,train,3.9934534992141005E-4,48.50737169398245,0.7302524886102035
-119.7325846553,36.7174952772,train,3.3778382403648393E-4,43.20943671525419,0.6698746813450617
-80.318961,25.6258814,train,0.001407019825017349,89.91932920042869,0.9901125723546157
-112.4686250696,33.6335387855,train,2.426859719411393E-4,34.28620152340629,0.5489887016244743
-116.4312092722,33.4310519919,train,2.0786305501198417E-4,32.11846377097237,0.494398986656452
-120.6707254797,35.4894047743,train,6.913936748781706E-4,64.04329207706208,0.8965318813653738
-97.3501665127,27.6722811713,train,4.131281598020196E-4,49.761021049121915,0.7421792955928719
-97.8969201299,27.5204007201,train,4.182884150966806E-4,50.50456960107331,0.7465077160821721
-117.277478,34.518457,train,1.077101293894436E-4,24.67078373623443,0.29770481210796407
-121.8582277778,39.7531694444,train,4.00878409334571E-4,48.63997108635197,0.7316059205906928
-116.0142589722,33.980862,train,1.1318946558959133E-4,25.27322556637006,0.31021781176595076
-98.4132216667,30.130775,train,8.495504824085175E-5,21.181334962399383,0.24326419478347316
-117.2743667349,33.4708163885,train,6.885606579415563E-4,63.899289866884246,0.8955656357738996
-119.9610133333,34.6096966667,train,6.020780450972931E-4,60.24626775924328,0.8613002016985369
-121.59311265,37.01828069,train,4.6992186759052437E-4,54.37604905824755,0.7860115902253856
-116.777825,32.00820555,train,7.89126302147751E-4,67.34733582273078,0.9249166620465625
-111.4693297127,33.9308189455,train,8.465134204457775E-5,21.12119941691246,0.24250975229928562
-112.4995629,34.5415325997,train,3.741308470383697E-5,11.31195424983772,0.11551869826575523
-119.6642383333,36.8012616667,train,3.019791745326806E-4,39.71772829525674,0.628722820645682
-107.14027,24.814595,train,0.0012023035403457257,84.31131556752294,0.9806450778604315
-118.949863579,34.407991223,train,5.459148600207118E-4,57.85105673073748,0.8332349981090057
-121.29207,44.0176278333,train,4.452776954639998E-5,13.181728494089036,0.1359265359354188
-113.0666144705,27.6127181697,train,2.8809648202373034E-4,37.75824209613645,0.6114201836379575
-111.4295716667,33.3194583333,train,2.0238384426812478E-4,31.845657551853904,0.4852273390641134
-122.6499783333,38.53122,train,4.678516212153966E-4,54.25288585826743,0.7845531121420656
-97.664447,26.18527,train,6.417090762396113E-4,61.89255579615587,0.8782121262073206
-82.3113548299,29.5207165389,train,1.6075016133757682E-4,29.04136188458599,0.40987921630461366
-114.377839677,34.1739305391,train,2.604300470999203E-4,35.46604414535766,0.5744964319089336
-119.166444921,36.3323572287,train,3.049986728447533E-4,40.006413798169426,0.6323829406509185
-82.3834666667,29.686875,train,1.5454532115882622E-4,28.61892712918883,0.3977422102356528
-121.9826283333,38.2517083333,train,4.443613414957274E-4,52.880649895004574,0.7672914026911547
-122.2743216667,38.6642416667,train,4.758824061091617E-4,54.69367272381792,0.7901558576500411
-112.0250778333,26.62002,train,3.3308377182321767E-4,42.83536107628462,0.6647443399817239
-121.2181018318,37.0603503174,train,3.071289685620822E-4,40.239126590456394,0.6349434741745883
-122.4919920172,47.2408827341,train,4.0487400809765113E-4,49.14741792928336,0.7351015305778579
-113.0514879273,33.0225991664,train,3.1149635210112704E-4,40.64730891382692,0.6401372755834195
-122.8092156247,39.0106184395,train,3.266393538830521E-4,42.21699519984038,0.6575800829646412
-81.1987699941,28.6862485209,train,3.716071325095101E-4,46.28461548375796,0.7045508806036317
-109.7047120684,29.8150777543,train,1.3959402307257412E-4,27.504170482515313,0.36746129390895454
-84.2725793545,30.5483099408,train,8.413497878003466E-5,21.018956568516003,0.2412253173033596
-124.4754638997,49.3609865,train,3.6769133042859417E-4,45.59444801490155,0.7007304869973688
-112.753745,32.23962,train,1.980516262465267E-4,31.636790914116183,0.4778580124024444
-107.6552266667,24.8213166667,train,0.0012416556244714172,85.66293945640128,0.9829894980170383
-111.4780316839,33.3644054385,train,2.0114834017919336E-4,31.795547225331457,0.4831363487635163
-121.1466523978,39.1678046725,train,3.0901223434590103E-4,40.40987773350793,0.6371922307987123
-123.1642829997,39.2408289997,train,3.414478510301558E-4,43.44260658994689,0.673819630480967
-115.3100925894,36.1075149029,train,1.4014457198937089E-4,27.541679368691497,0.3686028641254986
-75.1033302031,38.3441658161,train,3.318662250041323E-5,10.03311485402821,0.10316798181982523
-115.992724091,36.2017194286,train,7.011351051872069E-5,18.60537724165553,0.20550245174583393
-116.0310757963,36.218246,train,9.993825868026375E-5,23.582339691711514,0.27956611676834786
-107.9958050698,25.3461391645,train,0.0011235666641748975,80.77219490193815,0.9749396788203157
-114.1353889,32.6767414,train,3.701579770007474E-4,46.092673046928475,0.7031427518035622
-74.959138,38.984362,train,3.0442827494783532E-5,9.023480003799342,0.0950577941586015
-114.6863686948,32.7093126206,train,4.2161502092290357E-4,50.787471103178596,0.7492594722012539
-114.4626966982,32.9606150193,train,4.4096640353592103E-4,52.60851336083672,0.7646847863952271
-80.9702766598,29.0144192087,train,2.6457208558073935E-4,35.75193025359239,0.5802399951058065
-120.662877755,37.8180913333,train,3.0150893570886404E-4,39.65781792405762,0.6281495448397303
-98.2212978601,26.4651883193,train,5.866620859048207E-4,59.52402162079608,0.8541042560580074
-121.6071333333,39.495225,train,4.1317125467807815E-4,49.767283243888805,0.7422157478583509
-115.2594562031,35.9970797308,train,1.0167320677363936E-4,23.76964746235208,0.2836554914775544
-112.3671890052,33.3853019579,train,2.3837301483543215E-4,33.9323563449972,0.5425610721327383
-115.78956,30.204688,train,9.707093444549017E-4,75.21023189293733,0.9586191975154116
-113.5698741,34.2708924,train,2.2443872762922644E-4,33.141525425874136,0.5211619846905851
-123.3475668,42.4285133,train,2.770552529474672E-4,36.685863959079896,0.5970851160647414
-77.7961823917,44.4574462603,train,1.7680498340930892E-5,3.9180027531836017,0.05635992231904863
-121.7865772364,37.700618702,train,3.6387882852946925E-4,45.241735105715925,0.6969634189198481
