maxent_outputs/hummingbirds/hummingbird_337.asc
ncols         426
nrows         180
xllcorner     -130.0
yllcorner     24.0
cellsize      0.16666666666666666
NODATA_value  -9999
[rows 27 to 53 of 180, columns 122 to 182 of 426]
5.44571E-2 5.02125E-2 4.59694E-2 4.66751E-2 5.5177E-2 6.27099E-2 6.14229E-2 6.47966E-2 6.88686E-2 6.79287E-2 6.76034E-2 6.3814E-2 6.10015E-2 7.07563E-2 7.76074E-2 7.91954E-2 7.93449E-2 7.82202E-2 7.75454E-2 7.68341E-2 8.02427E-2 8.15629E-2 8.17167E-2 8.50179E-2 8.7048E-2 9.56212E-2 9.42933E-2 8.96927E-2 8.70887E-2 8.44425E-2 7.71496E-2 7.21465E-2 7.08009E-2 7.34945E-2 7.08966E-2 7.11384E-2 6.84877E-2 6.54927E-2 6.44941E-2 6.3631E-2 6.47283E-2 6.31135E-2 6.15949E-2 6.12037E-2 6.32381E-2 6.39881E-2 5.91401E-2 6.08696E-2 6.11902E-2 6.12363E-2 6.27342E-2 6.47615E-2 6.75051E-2 6.73465E-2 6.49967E-2 6.1617E-2 6.27957E-2 6.17665E-2 6.47256E-2 6.54662E-2 6.63256E-2
4.97735E-2 4.91695E-2 5.04693E-2 5.406E-2 6.06761E-2 6.4009E-2 6.35123E-2 6.52108E-2 6.72114E-2 6.78005E-2 6.75431E-2 6.86924E-2 6.44074E-2 6.12783E-2 6.36571E-2 7.23667E-2 7.53446E-2 7.07558E-2 7.03122E-2 6.94313E-2 7.53489E-2 7.91103E-2 8.15528E-2 8.65346E-2 8.92954E-2 8.4918E-2 8.22462E-2 8.69862E-2 9.74196E-2 9.07153E-2 8.25024E-2 7.61335E-2 6.93633E-2 7.17836E-2 7.60605E-2 7.2769E-2 6.96305E-2 7.04737E-2 6.86829E-2 6.74666E-2 6.50451E-2 6.64919E-2 6.65048E-2 6.66711E-2 6.71963E-2 6.70277E-2 6.36515E-2 6.03256E-2 6.14682E-2 6.02847E-2 6.06382E-2 6.43278E-2 6.69327E-2 6.52503E-2 6.14064E-2 6.22995E-2 6.35307E-2 5.9569E-2 5.98876E-2 6.23568E-2 6.28441E-2
5.32391E-2 5.65673E-2 5.48723E-2 6.12901E-2 6.62843E-2 7.30479E-2 7.39007E-2 7.25227E-2 7.11213E-2 7.0876E-2 6.98668E-2 7.28693E-2 6.82336E-2 6.56005E-2 6.39962E-2 6.24814E-2 6.17924E-2 6.0297E-2 6.04224E-2 6.659E-2 7.06118E-2 7.93685E-2 7.95855E-2 7.61291E-2 8.42613E-2 9.62303E-2 1.11309E-1 1.01253E-1 9.20884E-2 9.24002E-2 8.27925E-2 7.52377E-2 7.50722E-2 7.16509E-2 7.28282E-2 7.54312E-2 7.60453E-2 7.27094E-2 7.10424E-2 7.27737E-2 7.40951E-2 7.1822E-2 6.96139E-2 6.91723E-2 7.07154E-2 6.90543E-2 6.93065E-2 7.05449E-2 6.87171E-2 6.7132E-2 6.50932E-2 6.68012E-2 6.82892E-2 6.54537E-2 6.23778E-2 6.25085E-2 6.08448E-2 5.95782E-2 6.20223E-2 6.35714E-2 6.43148E-2
6.96842E-2 6.35238E-2 6.41452E-2 6.47255E-2 6.81922E-2 7.70703E-2 8.27195E-2 8.36745E-2 8.60475E-2 8.06423E-2 7.84892E-2 7.74895E-2 7.71698E-2 7.27568E-2 7.57601E-2 6.87536E-2 6.55025E-2 6.1457E-2 6.4264E-2 7.21079E-2 7.63278E-2 7.61002E-2 7.1484E-2 7.94557E-2 9.02861E-2 1.07495E-1 1.03973E-1 8.51499E-2 8.89189E-2 1.04873E-1 9.42972E-2 8.68519E-2 8.54617E-2 7.84549E-2 7.38912E-2 7.22897E-2 7.06588E-2 7.33983E-2 7.42173E-2 7.61843E-2 7.89727E-2 7.77295E-2 7.43243E-2 7.25033E-2 7.35667E-2 7.25973E-2 7.49415E-2 7.63984E-2 7.59151E-2 7.37869E-2 7.20883E-2 7.22457E-2 7.17353E-2 6.6622E-2 6.39684E-2 6.18826E-2 5.88844E-2 5.76243E-2 5.93309E-2 6.93246E-2 6.90982E-2
8.91139E-2 8.877E-2 8.45962E-2 7.84939E-2 8.01092E-2 8.15588E-2 8.5083E-2 8.79059E-2 9.33136E-2 9.63546E-2 8.80955E-2 8.87193E-2 8.09446E-2 7.3132E-2 8.06806E-2 7.62481E-2 7.30617E-2 6.77468E-2 6.5597E-2 7.20577E-2 7.92909E-2 7.77954E-2 7.74805E-2 7.62106E-2 7.60592E-2 9.40339E-2 1.12888E-1 9.23212E-2 8.27564E-2 8.57692E-2 8.67905E-2 8.11882E-2 8.597E-2 8.45334E-2 7.49036E-2 7.2557E-2 7.03599E-2 7.11493E-2 6.96889E-2 7.09326E-2 7.05431E-2 7.22001E-2 7.41866E-2 7.46585E-2 7.62776E-2 7.73087E-2 7.67448E-2 7.937E-2 7.8979E-2 7.74118E-2 7.90815E-2 7.74631E-2 7.55931E-2 7.11428E-2 6.74358E-2 6.71805E-2 6.54574E-2 6.41239E-2 6.5188E-2 6.9134E-2 6.62367E-2
1.00615E-1 1.02663E-1 1.02105E-1 9.90707E-2 9.57818E-2 9.33355E-2 9.14886E-2 8.83991E-2 9.08048E-2 8.96499E-2 9.88469E-2 1.01048E-1 9.10054E-2 8.2973E-2 7.85273E-2 8.04422E-2 8.25959E-2 7.77717E-2 7.30246E-2 7.71989E-2 8.00839E-2 8.11204E-2 7.62378E-2 7.91649E-2 8.11298E-2 9.42055E-2 1.00723E-1 1.01227E-1 9.17061E-2 8.63223E-2 9.09191E-2 9.00558E-2 8.78456E-2 8.53174E-2 7.84541E-2 7.82195E-2 7.40963E-2 6.84217E-2 6.71719E-2 6.82513E-2 7.011E-2 7.06683E-2 7.10329E-2 7.01564E-2 7.02454E-2 7.19307E-2 7.21234E-2 7.56285E-2 8.35951E-2 8.40254E-2 8.29272E-2 8.05121E-2 7.66528E-2 7.7067E-2 7.49596E-2 7.01481E-2 6.86971E-2 6.64724E-2 6.777E-2 7.56894E-2 7.23196E-2
1.04901E-1 1.05635E-1 1.08989E-1 1.06365E-1 1.00874E-1 9.97199E-2 9.70078E-2 9.43864E-2 9.15078E-2 9.12617E-2 1.0143E-1 9.94503E-2 9.74512E-2 1.02173E-1 9.63526E-2 9.00724E-2 8.63271E-2 8.90595E-2 8.33267E-2 8.69534E-2 8.32167E-2 8.29279E-2 7.92236E-2 8.03781E-2 7.74993E-2 8.41571E-2 8.99397E-2 9.18051E-2 8.94578E-2 8.87015E-2 9.76634E-2 9.94435E-2 8.85717E-2 8.45245E-2 8.11297E-2 8.18819E-2 7.72293E-2 6.91182E-2 6.68212E-2 6.64126E-2 6.89812E-2 7.01668E-2 6.94642E-2 7.05276E-2 6.92808E-2 6.72238E-2 6.90394E-2 6.91243E-2 7.33505E-2 7.84877E-2 8.40059E-2 8.08465E-2 8.10092E-2 7.50956E-2 7.32992E-2 7.30243E-2 8.03878E-2 7.11687E-2 7.092E-2 7.40378E-2 7.43555E-2
9.09327E-2 9.10922E-2 9.85724E-2 1.04303E-1 1.0765E-1 1.11363E-1 1.10058E-1 1.06267E-1 1.03164E-1 1.047E-1 1.01159E-1 9.84746E-2 1.10123E-1 1.04137E-1 1.05862E-1 1.03458E-1 1.00352E-1 9.36772E-2 9.16778E-2 9.02771E-2 8.51001E-2 8.82719E-2 8.448E-2 8.58577E-2 8.64039E-2 9.4514E-2 9.48964E-2 9.68574E-2 1.01801E-1 9.5012E-2 8.92348E-2 9.27687E-2 8.62092E-2 8.48215E-2 8.2899E-2 8.08629E-2 7.88638E-2 7.1553E-2 6.93363E-2 7.03075E-2 6.70397E-2 6.9807E-2 6.90911E-2 7.06771E-2 6.95227E-2 6.79738E-2 6.84587E-2 6.85521E-2 6.87018E-2 7.23937E-2 7.64741E-2 8.2481E-2 8.13658E-2 7.85448E-2 7.60444E-2 7.29739E-2 7.40489E-2 7.46489E-2 7.54245E-2 8.02575E-2 8.08089E-2
8.64819E-2 8.80301E-2 9.99989E-2 1.05956E-1 1.06589E-1 1.03454E-1 1.12176E-1 1.21432E-1 1.15962E-1 1.10922E-1 1.10768E-1 1.04947E-1 1.07122E-1 1.04918E-1 1.11213E-1 1.16588E-1 1.11992E-1 1.07151E-1 1.0035E-1 1.04481E-1 9.94908E-2 9.50438E-2 9.47131E-2 9.7987E-2 1.02003E-1 1.01008E-1 1.03321E-1 1.05248E-1 9.62112E-2 9.37761E-2 9.07039E-2 9.21111E-2 9.56332E-2 8.8736E-2 8.47158E-2 9.2109E-2 8.98124E-2 8.76106E-2 8.99862E-2 8.73659E-2 8.76491E-2 8.55994E-2 8.15061E-2 7.2919E-2 7.15152E-2 7.00764E-2 6.93073E-2 7.05686E-2 7.12247E-2 7.13189E-2 7.20142E-2 7.84367E-2 8.18969E-2 8.44704E-2 8.30021E-2 8.04477E-2 7.93736E-2 8.03095E-2 7.93797E-2 7.81886E-2 7.353E-2
9.25438E-2 9.26132E-2 1.06097E-1 1.14969E-1 1.05654E-1 9.35938E-2 1.10059E-1 1.25675E-1 1.26047E-1 1.15354E-1 1.14464E-1 1.13365E-1 1.14032E-1 1.14306E-1 1.11353E-1 1.22314E-1 1.23102E-1 1.18933E-1 1.30386E-1 1.36365E-1 1.07778E-1 1.04831E-1 9.97675E-2 9.18859E-2 8.85646E-2 9.03766E-2 9.15857E-2 9.45047E-2 9.72066E-2 9.90001E-2 9.73815E-2 9.86233E-2 9.85115E-2 9.60376E-2 9.94666E-2 8.49902E-2 8.50009E-2 8.40363E-2 8.29413E-2 7.87902E-2 7.72892E-2 8.89539E-2 9.07128E-2 9.74177E-2 8.56556E-2 7.00783E-2 7.0939E-2 7.05315E-2 7.16873E-2 7.612E-2 7.84292E-2 7.73563E-2 7.81956E-2 8.20944E-2 8.59748E-2 8.39323E-2 8.17097E-2 8.32065E-2 7.8525E-2 7.35685E-2 7.57356E-2
1.05974E-1 1.06616E-1 1.09122E-1 1.1227E-1 1.21388E-1 1.20456E-1 1.22657E-1 1.26447E-1 1.23849E-1 1.17382E-1 1.16388E-1 1.18848E-1 1.09426E-1 1.15615E-1 1.10511E-1 1.19315E-1 1.26088E-1 1.32813E-1 1.25408E-1 1.14389E-1 1.12341E-1 1.02393E-1 1.05307E-1 9.55101E-2 9.268E-2 9.65979E-2 9.40838E-2 9.89429E-2 1.01617E-1 1.05116E-1 1.06077E-1 1.00524E-1 9.88448E-2 1.073E-1 8.95171E-2 8.88079E-2 8.51153E-2 8.55501E-2 8.7389E-2 8.72557E-2 8.47616E-2 8.99788E-2 9.48002E-2 9.69908E-2 1.06109E-1 7.55507E-2 7.40895E-2 7.30938E-2 7.41299E-2 7.76118E-2 7.86258E-2 7.58683E-2 7.29537E-2 7.97588E-2 8.22687E-2 8.30628E-2 8.23878E-2 8.19239E-2 7.73667E-2 7.40668E-2 7.2788E-2
1.15932E-1 1.05183E-1 9.49562E-2 1.12102E-1 1.2461E-1 1.21551E-1 1.24421E-1 1.23223E-1 1.20938E-1 1.18375E-1 1.16866E-1 1.20328E-1 1.17646E-1 1.15633E-1 1.09165E-1 1.11681E-1 1.16314E-1 1.10067E-1 1.1038E-1 1.15424E-1 1.15826E-1 1.04383E-1 9.72784E-2 9.46348E-2 9.20864E-2 9.19084E-2 9.2581E-2 1.03051E-1 1.10728E-1 1.08707E-1 1.01411E-1 1.02994E-1 1.09107E-1 9.52173E-2 8.60665E-2 8.74849E-2 9.32494E-2 9.62535E-2 9.3463E-2 9.66168E-2 9.70235E-2 1.00572E-1 9.51016E-2 9.92852E-2 1.07135E-1 9.88744E-2 8.61666E-2 8.69886E-2 9.41308E-2 1.02551E-1 9.5527E-2 8.72552E-2 7.65809E-2 7.58697E-2 7.75814E-2 8.0506E-2 8.14584E-2 7.84364E-2 7.827E-2 7.42617E-2 7.16401E-2
1.18292E-1 1.12529E-1 1.10389E-1 1.22224E-1 1.22809E-1 1.26594E-1 1.26725E-1 1.2476E-1 1.20776E-1 1.212E-1 1.20388E-1 1.12029E-1 1.05669E-1 9.7965E-2 1.00746E-1 1.01375E-1 1.02069E-1 1.04944E-1 1.09175E-1 1.16106E-1 1.15258E-1 1.07151E-1 9.83693E-2 9.66965E-2 9.4122E-2 9.14622E-2 9.08341E-2 1.01481E-1 1.24746E-1 1.18075E-1 1.02082E-1 1.15319E-1 1.08224E-1 9.26714E-2 8.82347E-2 9.61113E-2 1.00721E-1 9.7098E-2 9.05932E-2 9.25284E-2 9.17724E-2 9.94741E-2 9.32562E-2 9.4896E-2 9.46378E-2 8.84917E-2 9.05504E-2 9.33092E-2 8.80092E-2 9.45613E-2 8.6012E-2 8.07034E-2 8.10086E-2 8.13535E-2 7.87132E-2 7.77214E-2 8.32967E-2 8.16984E-2 8.09868E-2 7.80737E-2 7.71497E-2
1.09069E-1 1.04146E-1 1.01598E-1 1.13901E-1 1.22518E-1 1.33507E-1 1.25572E-1 1.24878E-1 1.24431E-1 1.24391E-1 1.22732E-1 1.07726E-1 1.00798E-1 9.70273E-2 9.95497E-2 9.96249E-2 1.01886E-1 1.05536E-1 1.09625E-1 1.12226E-1 1.12565E-1 1.07583E-1 1.01795E-1 1.00135E-1 9.58948E-2 9.45701E-2 9.54263E-2 9.5426E-2 1.11E-1 8.46313E-2 1.20568E-1 1.18046E-1 1.01613E-1 1.01011E-1 1.004E-1 1.02404E-1 1.04829E-1 9.88573E-2 9.01708E-2 9.38314E-2 9.51005E-2 9.78375E-2 9.51011E-2 9.54572E-2 9.64994E-2 9.68155E-2 9.59929E-2 9.89702E-2 9.5608E-2 9.42454E-2 9.49065E-2 9.3708E-2 8.67268E-2 7.91017E-2 7.81694E-2 8.06027E-2 7.86952E-2 7.59083E-2 7.78061E-2 7.66592E-2 7.53283E-2
1.03027E-1 9.41657E-2 9.80007E-2 1.14599E-1 1.22065E-1 1.30803E-1 1.32102E-1 1.2787E-1 1.18451E-1 1.16871E-1 1.19408E-1 1.07024E-1 9.77511E-2 9.66058E-2 1.03311E-1 1.03342E-1 1.02326E-1 1.00613E-1 1.04719E-1 1.07348E-1 1.10438E-1 1.06036E-1 1.00808E-1 9.97046E-2 9.53368E-2 9.50682E-2 9.28447E-2 8.87983E-2 8.85016E-2 1.31088E-1 1.08549E-1 1.09465E-1 1.02693E-1 1.04622E-1 1.01282E-1 1.00187E-1 1.03182E-1 9.64305E-2 9.2936E-2 9.34912E-2 9.42537E-2 9.98988E-2 1.02261E-1 9.56427E-2 9.29382E-2 9.39522E-2 9.41276E-2 9.10061E-2 9.01134E-2 8.89965E-2 9.03851E-2 8.9994E-2 9.06951E-2 7.68435E-2 7.60208E-2 7.52769E-2 7.77499E-2 8.34922E-2 7.73653E-2 8.32921E-2 7.84187E-2
9.32897E-2 9.16307E-2 9.32446E-2 1.03025E-1 1.13429E-1 1.17391E-1 1.28676E-1 1.27731E-1 1.29026E-1 1.28333E-1 1.20461E-1 1.04187E-1 9.70577E-2 9.64833E-2 9.57954E-2 9.52E-2 9.64676E-2 9.74464E-2 1.02589E-1 1.05661E-1 1.08004E-1 1.0571E-1 1.00133E-1 1.01298E-1 9.48126E-2 9.16419E-2 8.80147E-2 9.90136E-2 1.15436E-1 1.17623E-1 8.88543E-2 9.67486E-2 1.04799E-1 1.03185E-1 9.94195E-2 1.01528E-1 1.04326E-1 1.00871E-1 9.63593E-2 9.78045E-2 9.55211E-2 9.72935E-2 9.84756E-2 9.67522E-2 9.88906E-2 9.84933E-2 9.68817E-2 9.20401E-2 9.08035E-2 8.9325E-2 9.00496E-2 9.49038E-2 9.77855E-2 8.23839E-2 8.04986E-2 8.10666E-2 7.86731E-2 7.98965E-2 7.72324E-2 8.13484E-2 7.53901E-2
8.36925E-2 7.59409E-2 7.85917E-2 9.99871E-2 1.11233E-1 1.11295E-1 1.1764E-1 1.22208E-1 1.26679E-1 1.26812E-1 1.26552E-1 1.14391E-1 1.08251E-1 1.02155E-1 1.01657E-1 9.98345E-2 9.68588E-2 9.26861E-2 9.49996E-2 1.00186E-1 1.01395E-1 9.66787E-2 1.00098E-1 1.02319E-1 1.05212E-1 1.01413E-1 9.19806E-2 9.31573E-2 8.71931E-2 9.17929E-2 9.29612E-2 8.92945E-2 9.863E-2 9.87313E-2 1.0274E-1 1.02726E-1 1.06773E-1 1.00833E-1 9.7799E-2 9.85049E-2 9.94079E-2 9.81355E-2 9.82915E-2 1.00147E-1 9.92523E-2 9.69826E-2 9.71575E-2 9.57464E-2 9.68863E-2 9.30291E-2 9.62525E-2 9.91E-2 9.92851E-2 1.01424E-1 8.49704E-2 8.29124E-2 8.53673E-2 8.80417E-2 8.48582E-2 8.21069E-2 8.09026E-2
1.03156E-1 1.00403E-1 1.02411E-1 1.11934E-1 1.16128E-1 1.1793E-1 1.14762E-1 1.18858E-1 1.27437E-1 1.30367E-1 1.26134E-1 1.21907E-1 1.13132E-1 1.03361E-1 1.01539E-1 1.04048E-1 1.03143E-1 9.96054E-2 1.02278E-1 1.04425E-1 1.02373E-1 1.02681E-1 1.04542E-1 1.04255E-1 1.06479E-1 1.04967E-1 9.58183E-2 9.06425E-2 8.64338E-2 8.9739E-2 9.68197E-2 9.02904E-2 9.25313E-2 9.57312E-2 9.57748E-2 9.92704E-2 1.03395E-1 1.00659E-1 9.64219E-2 9.70441E-2 9.68211E-2 9.30696E-2 9.31882E-2 9.6543E-2 1.00819E-1 1.04369E-1 1.04911E-1 9.66138E-2 9.50239E-2 9.87324E-2 1.00001E-1 9.95707E-2 9.90431E-2 9.35751E-2 1.01298E-1 8.00961E-2 8.05631E-2 8.07385E-2 8.12605E-2 7.7852E-2 8.42645E-2
1.19658E-1 1.16646E-1 1.19461E-1 1.17622E-1 1.21683E-1 1.23236E-1 1.22942E-1 1.24713E-1 1.29447E-1 1.26141E-1 1.20179E-1 1.14344E-1 1.1565E-1 1.09068E-1 1.0405E-1 1.05729E-1 1.08723E-1 1.05293E-1 1.06432E-1 1.04898E-1 1.09311E-1 1.1058E-1 1.1203E-1 1.10606E-1 1.10463E-1 1.16939E-1 1.07658E-1 1.04872E-1 1.05766E-1 9.43445E-2 9.17715E-2 9.50135E-2 9.47925E-2 9.52645E-2 9.9317E-2 9.50411E-2 1.00013E-1 9.80582E-2 1.01879E-1 1.00746E-1 1.0043E-1 1.00171E-1 9.86929E-2 9.76847E-2 1.00383E-1 1.03331E-1 1.06179E-1 1.03715E-1 9.9934E-2 1.05161E-1 1.11615E-1 1.01364E-1 9.53341E-2 9.30471E-2 9.72233E-2 7.76497E-2 7.34998E-2 7.24971E-2 7.55757E-2 7.82692E-2 7.86941E-2
1.18168E-1 1.16752E-1 1.18408E-1 1.18306E-1 1.17211E-1 1.14568E-1 1.10524E-1 1.04668E-1 1.11562E-1 1.11741E-1 1.17788E-1 1.06672E-1 1.12654E-1 1.15852E-1 1.33015E-1 1.22549E-1 1.19556E-1 1.1619E-1 1.12641E-1 1.11719E-1 1.15137E-1 1.12918E-1 1.13469E-1 1.08564E-1 9.89004E-2 1.06432E-1 1.00933E-1 9.91219E-2 1.0063E-1 9.80275E-2 9.65759E-2 1.01538E-1 1.04473E-1 9.97522E-2 9.57635E-2 9.31814E-2 9.76433E-2 9.85837E-2 1.01679E-1 1.00719E-1 1.03011E-1 1.02898E-1 1.01955E-1 1.01463E-1 1.03644E-1 1.06416E-1 1.06265E-1 1.1025E-1 1.0212E-1 9.84815E-2 1.05005E-1 1.02243E-1 1.03381E-1 9.95677E-2 1.05749E-1 9.05464E-2 7.98695E-2 7.54102E-2 7.47037E-2 7.59927E-2 8.14777E-2
1.01616E-1 1.09202E-1 1.08358E-1 1.08386E-1 1.08874E-1 9.93487E-2 1.077E-1 1.04326E-1 1.05708E-1 1.08186E-1 1.06462E-1 1.06174E-1 1.03342E-1 9.67082E-2 1.00682E-1 9.85655E-2 1.0439E-1 1.11764E-1 1.16329E-1 1.08913E-1 1.02127E-1 1.06571E-1 1.09381E-1 1.17447E-1 1.16593E-1 1.14057E-1 1.12056E-1 1.01205E-1 9.32901E-2 9.80897E-2 9.81305E-2 9.44184E-2 1.04228E-1 1.06669E-1 9.90361E-2 9.41076E-2 1.00416E-1 1.03211E-1 1.0299E-1 1.0359E-1 9.9769E-2 1.04149E-1 1.04344E-1 1.03117E-1 1.00261E-1 1.02182E-1 1.00936E-1 1.05923E-1 1.04596E-1 1.06554E-1 1.05374E-1 1.01239E-1 1.03188E-1 1.12509E-1 1.24524E-1 9.62733E-2 9.33729E-2 8.86047E-2 7.9735E-2 7.92019E-2 8.17483E-2
9.33701E-2 1.03051E-1 1.11278E-1 1.05524E-1 1.0451E-1 1.04386E-1 1.12365E-1 1.11132E-1 1.11675E-1 1.04767E-1 9.78585E-2 1.06244E-1 1.01853E-1 9.561E-2 8.97454E-2 8.61745E-2 9.83452E-2 1.10165E-1 1.1329E-1 1.0529E-1 1.06191E-1 1.1087E-1 1.10806E-1 1.11648E-1 1.22066E-1 1.21479E-1 1.19229E-1 1.12413E-1 1.01085E-1 1.00887E-1 9.47795E-2 1.10047E-1 1.15311E-1 1.15312E-1 1.02404E-1 9.84512E-2 1.08339E-1 1.1362E-1 1.08376E-1 1.06012E-1 1.04906E-1 1.02658E-1 1.03383E-1 9.92326E-2 9.83488E-2 9.96398E-2 1.02717E-1 1.09842E-1 1.07874E-1 1.06752E-1 1.06376E-1 1.00367E-1 9.58331E-2 9.77299E-2 1.15139E-1 1.18401E-1 1.00364E-1 9.64831E-2 8.6958E-2 8.69705E-2 8.50671E-2
1.10874E-1 1.0628E-1 9.93477E-2 1.00896E-1 1.09611E-1 1.19531E-1 1.15679E-1 1.00525E-1 9.37944E-2 9.84605E-2 9.34114E-2 9.70274E-2 8.63133E-2 8.45553E-2 8.61076E-2 8.20748E-2 8.72193E-2 9.84283E-2 1.02911E-1 1.03552E-1 1.05741E-1 1.12094E-1 1.23904E-1 1.2058E-1 1.15722E-1 1.17051E-1 1.1868E-1 1.19173E-1 1.15437E-1 1.04725E-1 9.51758E-2 9.57679E-2 1.06676E-1 1.15253E-1 1.13745E-1 1.05917E-1 1.14357E-1 1.12713E-1 1.08321E-1 1.1029E-1 1.05197E-1 1.04492E-1 1.04377E-1 1.07634E-1 1.07154E-1 1.07195E-1 1.0931E-1 1.08531E-1 1.13455E-1 1.15163E-1 1.16311E-1 1.15182E-1 1.09723E-1 1.07627E-1 1.10117E-1 1.13099E-1 1.06027E-1 1.03819E-1 9.73644E-2 9.75321E-2 9.16739E-2
9.90238E-2 9.95558E-2 1.01186E-1 1.01858E-1 1.14827E-1 1.09945E-1 9.0403E-2 9.00297E-2 9.19269E-2 1.0587E-1 1.04309E-1 9.86573E-2 8.31309E-2 8.25915E-2 8.06793E-2 7.92305E-2 8.10093E-2 8.63055E-2 9.13784E-2 1.07478E-1 9.79075E-2 9.50309E-2 1.07287E-1 1.14599E-1 1.09571E-1 1.14037E-1 1.2045E-1 1.18425E-1 1.11094E-1 9.72688E-2 9.58361E-2 1.01075E-1 1.00975E-1 1.14167E-1 1.16553E-1 1.19097E-1 1.14095E-1 1.07166E-1 1.1013E-1 1.20541E-1 1.1222E-1 1.06824E-1 1.09941E-1 1.08656E-1 1.04529E-1 1.03024E-1 1.05682E-1 1.09484E-1 1.12987E-1 1.14063E-1 1.12005E-1 1.13475E-1 1.16478E-1 1.13306E-1 1.19653E-1 1.23819E-1 1.05387E-1 1.08468E-1 1.02703E-1 1.04191E-1 1.02689E-1
8.29242E-2 8.08461E-2 7.72427E-2 8.59379E-2 1.02893E-1 9.33576E-2 8.39358E-2 8.32369E-2 9.30828E-2 1.14956E-1 1.15235E-1 9.13362E-2 7.86117E-2 7.76752E-2 7.88932E-2 8.82604E-2 8.30324E-2 7.82961E-2 9.40388E-2 1.06443E-1 9.88726E-2 1.00988E-1 9.58276E-2 1.04539E-1 1.19156E-1 1.16148E-1 1.1549E-1 1.13099E-1 1.17308E-1 1.14165E-1 1.05593E-1 1.10534E-1 1.13723E-1 1.08327E-1 1.12901E-1 1.22275E-1 1.26093E-1 1.13461E-1 1.07097E-1 1.27776E-1 1.24995E-1 1.12469E-1 1.07963E-1 1.07251E-1 1.05075E-1 1.04998E-1 1.04579E-1 1.06605E-1 1.07801E-1 1.09116E-1 1.11573E-1 1.1353E-1 1.12416E-1 1.12079E-1 1.15697E-1 1.22776E-1 1.16132E-1 1.02092E-1 9.88954E-2 9.93532E-2 1.00373E-1
5.47519E-2 6.07914E-2 6.73023E-2 7.95356E-2 9.2263E-2 9.02681E-2 7.3729E-2 6.48606E-2 7.09895E-2 7.2976E-2 9.79526E-2 9.01888E-2 7.54348E-2 7.55002E-2 7.97889E-2 8.2897E-2 7.80891E-2 8.91069E-2 9.29766E-2 8.71233E-2 8.6268E-2 9.43275E-2 9.14778E-2 1.09461E-1 1.17144E-1 1.16082E-1 1.19278E-1 1.14503E-1 1.09064E-1 1.03787E-1 1.09059E-1 1.1057E-1 1.16869E-1 1.04674E-1 1.0812E-1 1.14601E-1 1.07762E-1 1.02689E-1 1.04344E-1 1.17061E-1 1.19299E-1 1.12902E-1 1.15341E-1 1.11701E-1 1.11057E-1 1.1103E-1 1.11783E-1 1.13587E-1 1.13068E-1 1.14727E-1 1.16099E-1 1.20537E-1 1.23386E-1 1.22375E-1 1.17696E-1 1.21495E-1 1.26514E-1 1.03832E-1 1.05127E-1 1.03605E-1 1.01619E-1
3.08298E-2 3.6607E-2 5.87352E-2 8.41074E-2 8.65518E-2 8.08829E-2 7.05625E-2 6.35076E-2 7.97745E-2 6.53671E-2 4.76158E-2 6.71288E-2 7.85316E-2 7.43529E-2 7.4744E-2 7.67429E-2 8.80875E-2 9.33986E-2 8.7321E-2 8.42335E-2 8.30569E-2 8.85984E-2 9.85035E-2 1.08096E-1 1.06099E-1 1.10755E-1 1.13798E-1 1.0364E-1 9.66904E-2 1.04497E-1 1.10185E-1 1.11658E-1 1.14909E-1 1.17021E-1 1.1559E-1 1.15373E-1 1.09049E-1 9.98675E-2 9.84631E-2 1.07733E-1 1.12449E-1 1.15826E-1 1.2117E-1 1.24054E-1 1.18853E-1 1.14753E-1 1.12233E-1 1.11758E-1 1.13675E-1 1.16771E-1 1.16371E-1 1.20976E-1 1.19026E-1 1.17477E-1 1.22103E-1 1.2987E-1 1.25793E-1 1.04873E-1 1.02055E-1 1.01402E-1 1.03972E-1
