maxent_outputs/hummingbirds/hummingbird_156.asc
ncols         426
nrows         180
xllcorner     -130.0
yllcorner     24.0
cellsize      0.16666666666666666
NODATA_value  -9999
[rows 54 to 80 of 180, columns 122 to 182 of 426]
6.32118E-1 6.64818E-1 4.96954E-1 4.08332E-1 4.3192E-1 3.9086E-1 3.52793E-1 3.54286E-1 3.81506E-1 4.67069E-1 5.87689E-1 6.07677E-1 5.90293E-1 5.22272E-1 4.09777E-1 3.86079E-1 3.61878E-1 3.91092E-1 4.03244E-1 3.92604E-1 3.81818E-1 3.7621E-1 3.71533E-1 3.82217E-1 3.90359E-1 3.88385E-1 3.82805E-1 3.79661E-1 3.80815E-1 3.8141E-1 4.07301E-1 4.13918E-1 4.1984E-1 4.06229E-1 3.9706E-1 3.96579E-1 4.12857E-1 4.09513E-1 3.96314E-1 3.67216E-1 3.48567E-1 3.30744E-1 3.3051E-1 3.36937E-1 3.32586E-1 3.27857E-1 3.24211E-1 3.25073E-1 3.26596E-1 3.32539E-1 3.34993E-1 3.30523E-1 3.272E-1 3.32676E-1 3.32013E-1 3.57303E-1 3.16477E-1 3.14987E-1 3.1041E-1 3.06252E-1 3.02991E-1
6.22259E-1 5.94635E-1 5.15664E-1 4.88977E-1 4.53099E-1 4.11158E-1 3.64327E-1 3.63857E-1 3.78336E-1 3.95089E-1 5.07663E-1 6.08013E-1 6.24203E-1 6.26741E-1 5.49098E-1 4.09397E-1 3.82736E-1 3.87321E-1 4.03922E-1 3.95299E-1 3.74237E-1 3.72661E-1 3.8382E-1 3.81386E-1 3.78066E-1 3.81258E-1 3.80153E-1 3.8037E-1 3.86393E-1 4.12407E-1 4.0539E-1 4.36505E-1 4.36434E-1 4.14195E-1 4.0494E-1 4.12486E-1 4.07622E-1 4.18599E-1 3.90488E-1 3.72615E-1 3.56729E-1 3.66664E-1 3.58522E-1 3.43909E-1 3.32954E-1 3.30113E-1 3.34159E-1 3.30139E-1 3.24795E-1 3.24726E-1 3.23449E-1 3.34411E-1 3.5177E-1 3.8119E-1 4.05867E-1 3.36023E-1 3.21718E-1 3.17001E-1 3.11081E-1 3.02358E-1 2.99553E-1
6.8121E-1 6.28042E-1 5.63347E-1 4.9482E-1 4.53345E-1 4.29643E-1 3.77595E-1 3.57075E-1 3.3442E-1 3.43672E-1 3.67031E-1 4.44198E-1 5.6027E-1 6.32877E-1 6.50819E-1 5.78089E-1 5.17916E-1 4.07941E-1 3.88101E-1 3.82856E-1 3.94117E-1 3.85085E-1 3.89384E-1 3.94518E-1 3.8661E-1 3.96947E-1 3.78743E-1 3.83559E-1 3.75461E-1 3.81322E-1 4.21497E-1 4.88433E-1 4.38106E-1 4.23591E-1 4.19964E-1 4.21193E-1 4.3386E-1 4.31174E-1 4.10668E-1 3.8592E-1 3.71451E-1 3.6716E-1 3.76311E-1 3.76654E-1 3.66436E-1 3.58619E-1 3.53991E-1 3.54347E-1 3.44618E-1 3.38443E-1 3.41817E-1 3.40069E-1 3.40088E-1 3.48429E-1 4.07611E-1 3.44741E-1 3.23683E-1 3.19708E-1 3.11062E-1 3.08711E-1 3.08103E-1
6.25327E-1 5.56517E-1 5.35059E-1 4.96667E-1 4.5837E-1 4.21316E-1 4.00002E-1 3.68848E-1 3.37219E-1 3.19771E-1 3.29131E-1 3.97107E-1 4.84075E-1 5.94369E-1 6.79503E-1 6.88456E-1 5.78104E-1 4.20084E-1 4.0222E-1 3.89831E-1 3.87247E-1 3.92255E-1 3.99162E-1 3.93134E-1 3.95949E-1 3.90106E-1 3.94252E-1 3.73906E-1 3.65023E-1 3.74737E-1 4.14659E-1 4.25431E-1 4.05687E-1 4.9668E-1 5.06781E-1 4.92868E-1 4.76784E-1 4.29623E-1 4.13366E-1 4.02905E-1 3.92753E-1 3.68018E-1 3.65127E-1 3.68122E-1 3.69262E-1 3.71513E-1 3.63652E-1 3.57456E-1 3.49939E-1 3.47838E-1 3.44989E-1 3.31603E-1 3.33118E-1 3.38805E-1 3.63947E-1 3.63178E-1 3.30401E-1 3.22297E-1 3.14049E-1 3.13171E-1 3.15448E-1
6.51809E-1 6.3125E-1 6.49179E-1 4.71909E-1 4.22782E-1 4.15626E-1 4.0549E-1 3.8005E-1 3.60993E-1 3.33225E-1 3.19554E-1 3.41778E-1 4.0212E-1 4.9373E-1 6.14514E-1 6.71991E-1 5.92633E-1 4.51159E-1 4.01685E-1 3.88486E-1 3.95471E-1 3.85495E-1 3.92271E-1 3.96568E-1 3.99251E-1 3.91625E-1 3.91573E-1 3.72878E-1 3.72392E-1 3.61809E-1 3.68154E-1 3.81133E-1 4.28813E-1 4.72219E-1 5.01801E-1 5.04647E-1 4.87603E-1 4.60921E-1 4.09921E-1 4.06791E-1 4.0148E-1 3.89283E-1 3.79189E-1 3.6423E-1 3.85863E-1 3.66805E-1 3.58935E-1 3.51827E-1 3.47776E-1 3.42642E-1 3.3535E-1 3.38251E-1 3.41727E-1 3.4225E-1 3.42187E-1 3.38408E-1 3.37993E-1 3.40122E-1 3.36427E-1 3.28525E-1 3.31751E-1
6.64094E-1 6.65604E-1 5.74416E-1 4.58189E-1 4.41444E-1 4.22099E-1 4.01253E-1 3.71893E-1 3.34481E-1 3.28979E-1 3.22534E-1 3.38589E-1 3.55561E-1 3.98624E-1 5.19302E-1 5.88528E-1 5.73916E-1 4.32096E-1 3.89823E-1 3.86807E-1 3.87853E-1 3.93483E-1 3.95172E-1 3.99754E-1 3.92126E-1 3.87156E-1 3.92574E-1 3.82087E-1 3.82675E-1 3.78557E-1 3.65925E-1 3.92841E-1 4.25265E-1 4.51638E-1 4.9117E-1 4.90056E-1 4.85716E-1 4.76371E-1 4.22674E-1 4.0406E-1 4.02941E-1 3.94586E-1 3.84317E-1 3.73523E-1 3.7187E-1 3.60224E-1 3.55912E-1 3.45706E-1 3.39832E-1 3.36523E-1 3.40679E-1 3.44067E-1 3.47365E-1 3.4554E-1 3.46076E-1 3.37212E-1 3.39948E-1 3.3157E-1 3.38861E-1 3.41576E-1 3.59687E-1
6.92975E-1 6.91131E-1 6.89359E-1 5.83144E-1 4.93756E-1 4.36894E-1 4.04545E-1 3.91692E-1 3.72081E-1 3.36617E-1 3.22894E-1 3.41209E-1 3.75902E-1 3.5242E-1 4.29846E-1 5.17781E-1 5.43114E-1 4.40138E-1 4.06011E-1 3.86866E-1 3.85305E-1 4.06085E-1 4.12103E-1 4.06833E-1 3.93464E-1 3.94178E-1 3.96262E-1 4.03182E-1 3.88363E-1 3.84831E-1 3.69553E-1 3.71753E-1 4.25128E-1 4.51915E-1 4.49516E-1 4.84134E-1 4.91205E-1 4.93995E-1 4.26753E-1 3.97161E-1 3.86081E-1 3.70161E-1 3.69269E-1 3.76633E-1 3.87631E-1 3.56909E-1 3.46952E-1 3.4746E-1 3.53149E-1 3.57548E-1 3.56644E-1 3.53373E-1 3.50354E-1 3.52272E-1 3.53721E-1 3.49957E-1 3.49261E-1 3.40576E-1 3.32227E-1 3.30996E-1 3.28459E-1
6.32426E-1 6.44091E-1 6.75663E-1 6.50584E-1 4.90451E-1 4.13736E-1 3.93392E-1 3.7472E-1 3.44231E-1 3.41827E-1 3.47344E-1 3.52645E-1 3.80337E-1 3.69468E-1 4.23606E-1 5.09947E-1 4.80499E-1 4.21771E-1 3.94008E-1 3.90514E-1 4.01316E-1 4.09327E-1 4.18457E-1 4.16555E-1 4.05347E-1 4.01588E-1 4.03791E-1 3.91959E-1 3.79355E-1 3.71526E-1 3.66189E-1 3.59422E-1 3.64162E-1 4.06225E-1 4.22101E-1 4.68156E-1 4.73659E-1 4.70704E-1 4.0817E-1 3.8477E-1 3.72708E-1 3.66372E-1 3.80019E-1 3.73875E-1 3.6182E-1 3.61285E-1 3.74356E-1 3.60824E-1 3.59388E-1 3.60943E-1 3.60634E-1 3.55763E-1 3.51695E-1 3.52812E-1 3.55482E-1 3.49317E-1 3.44869E-1 3.44054E-1 3.42735E-1 3.46897E-1 3.46126E-1
5.17478E-1 4.92689E-1 5.87718E-1 5.29807E-1 4.67285E-1 4.81293E-1 4.53974E-1 4.05104E-1 3.92604E-1 4.11931E-1 4.13568E-1 4.18163E-1 4.20861E-1 4.39038E-1 4.8719E-1 5.21749E-1 4.48005E-1 4.08962E-1 4.04508E-1 4.0778E-1 4.1791E-1 4.25852E-1 4.15898E-1 4.07832E-1 4.04936E-1 3.98901E-1 4.0887E-1 4.13584E-1 3.79961E-1 3.64419E-1 3.6277E-1 3.70178E-1 3.56062E-1 3.73286E-1 3.9604E-1 4.21351E-1 4.4909E-1 4.32119E-1 3.92654E-1 3.75496E-1 3.72715E-1 3.80331E-1 3.7002E-1 3.58086E-1 3.73898E-1 3.85653E-1 3.90967E-1 3.87545E-1 3.861E-1 3.74403E-1 3.74533E-1 3.68991E-1 3.61931E-1 3.69246E-1 3.74923E-1 3.65812E-1 3.63775E-1 3.60311E-1 3.56276E-1 3.58352E-1 3.56547E-1
6.49135E-1 5.20684E-1 5.10988E-1 4.91678E-1 4.59319E-1 4.03954E-1 3.82341E-1 3.74472E-1 3.91243E-1 4.20967E-1 4.38243E-1 3.80905E-1 4.01543E-1 4.58739E-1 5.22518E-1 4.89722E-1 4.42651E-1 4.18013E-1 3.99031E-1 4.05534E-1 3.96176E-1 4.25512E-1 4.18977E-1 4.13565E-1 4.13498E-1 4.04276E-1 4.03269E-1 3.93105E-1 3.93975E-1 3.94116E-1 3.80219E-1 3.63474E-1 3.53711E-1 3.56267E-1 3.70452E-1 3.96517E-1 4.12312E-1 4.04691E-1 3.76412E-1 3.69917E-1 3.63912E-1 3.46759E-1 3.45109E-1 3.71779E-1 3.82932E-1 3.84027E-1 3.85289E-1 3.77869E-1 3.78737E-1 3.72783E-1 3.76703E-1 3.75015E-1 3.74697E-1 3.81908E-1 3.7558E-1 3.7791E-1 3.72938E-1 3.75106E-1 3.7005E-1 3.64241E-1 3.62356E-1
7.34964E-1 6.50859E-1 4.92935E-1 4.48947E-1 4.10445E-1 3.7961E-1 3.69661E-1 3.40114E-1 3.30386E-1 3.38499E-1 3.52424E-1 3.66114E-1 3.74907E-1 3.98788E-1 4.27342E-1 4.39073E-1 4.23532E-1 4.12634E-1 4.01133E-1 4.05129E-1 4.10702E-1 4.20548E-1 4.34738E-1 4.30576E-1 4.29267E-1 4.18315E-1 4.00463E-1 3.98986E-1 3.97271E-1 3.89685E-1 3.78217E-1 3.6498E-1 3.66995E-1 3.76597E-1 3.62708E-1 3.66377E-1 3.66542E-1 3.72458E-1 3.6598E-1 3.65205E-1 3.51403E-1 3.53767E-1 3.79928E-1 3.78981E-1 3.70353E-1 3.70978E-1 3.71644E-1 3.80316E-1 3.65233E-1 3.57295E-1 3.73787E-1 3.83421E-1 3.88828E-1 3.74293E-1 3.66621E-1 3.63671E-1 3.72275E-1 3.70901E-1 3.70246E-1 3.70025E-1 3.66563E-1
7.51536E-1 6.69509E-1 6.48964E-1 4.56587E-1 3.88052E-1 3.63067E-1 3.44896E-1 3.36196E-1 3.35527E-1 3.45141E-1 3.58516E-1 3.80487E-1 4.03193E-1 4.12257E-1 4.15637E-1 4.1175E-1 4.02144E-1 4.02847E-1 3.92751E-1 4.05197E-1 4.09796E-1 4.15623E-1 4.31127E-1 4.31865E-1 4.36599E-1 4.37425E-1 4.24774E-1 4.09904E-1 3.94014E-1 3.96617E-1 3.87323E-1 3.85013E-1 3.87548E-1 3.82415E-1 3.76565E-1 3.62084E-1 3.51149E-1 3.66865E-1 3.66672E-1 3.70446E-1 3.62023E-1 3.67455E-1 3.679E-1 3.66938E-1 3.63507E-1 3.65921E-1 3.64506E-1 3.71492E-1 3.75122E-1 3.72748E-1 3.68381E-1 3.68477E-1 3.63595E-1 3.62933E-1 3.61383E-1 3.66438E-1 3.66662E-1 3.6804E-1 3.67805E-1 3.69532E-1 3.6867E-1
5.79432E-1 6.73137E-1 6.85036E-1 6.21622E-1 4.28556E-1 3.52628E-1 3.40023E-1 3.39022E-1 3.51678E-1 3.76652E-1 3.88335E-1 4.06543E-1 4.27877E-1 4.47662E-1 4.32297E-1 4.19037E-1 4.18779E-1 4.07141E-1 4.10478E-1 4.21159E-1 4.31964E-1 4.1506E-1 4.154E-1 4.23985E-1 4.11993E-1 4.20731E-1 4.21899E-1 4.20866E-1 4.12623E-1 4.04452E-1 4.08098E-1 4.0405E-1 4.00174E-1 3.92534E-1 3.78855E-1 3.60595E-1 3.67618E-1 3.72828E-1 3.68445E-1 3.60665E-1 3.56307E-1 3.73723E-1 3.78047E-1 3.77487E-1 3.73706E-1 3.68861E-1 3.70351E-1 3.66925E-1 3.68522E-1 3.6954E-1 3.69027E-1 3.7129E-1 3.67374E-1 3.62841E-1 3.63701E-1 3.69376E-1 3.72488E-1 3.80697E-1 3.80323E-1 3.77198E-1 3.75967E-1
3.92319E-1 5.61125E-1 6.45882E-1 6.737E-1 6.20336E-1 4.34484E-1 3.64871E-1 3.71017E-1 3.86659E-1 4.1002E-1 4.07516E-1 4.14068E-1 4.12419E-1 4.30877E-1 4.55246E-1 4.43638E-1 4.32135E-1 4.22364E-1 4.13461E-1 4.5672E-1 5.06045E-1 4.53932E-1 4.71965E-1 4.60707E-1 4.41458E-1 4.20958E-1 3.9989E-1 3.95292E-1 3.88907E-1 3.91878E-1 4.20949E-1 3.9956E-1 3.8549E-1 3.8383E-1 3.92884E-1 3.95568E-1 4.04143E-1 3.94946E-1 3.89476E-1 3.94031E-1 4.01735E-1 3.82264E-1 3.67067E-1 3.66975E-1 3.66908E-1 3.63942E-1 3.6132E-1 3.65524E-1 3.72469E-1 3.74172E-1 3.69957E-1 3.63715E-1 3.67984E-1 3.71441E-1 3.69588E-1 3.74887E-1 3.80338E-1 3.84743E-1 3.94507E-1 3.93266E-1 3.90445E-1
3.50332E-1 3.7296E-1 5.04125E-1 5.8073E-1 6.36137E-1 5.47785E-1 4.44327E-1 4.16766E-1 3.96643E-1 3.83309E-1 4.02199E-1 4.00047E-1 4.03999E-1 4.14686E-1 4.21838E-1 4.12842E-1 3.97591E-1 4.30287E-1 4.14072E-1 4.30709E-1 4.84225E-1 5.16609E-1 5.5425E-1 5.07736E-1 4.78185E-1 4.43406E-1 4.16259E-1 4.03229E-1 3.91444E-1 3.96967E-1 4.29362E-1 4.10486E-1 3.85865E-1 3.74263E-1 3.66649E-1 3.78566E-1 3.94877E-1 4.03387E-1 4.06165E-1 3.96731E-1 3.86269E-1 3.73414E-1 3.61736E-1 3.69511E-1 3.70625E-1 3.71403E-1 3.70348E-1 3.75035E-1 3.77983E-1 3.79606E-1 3.8109E-1 3.7952E-1 3.84263E-1 3.76977E-1 3.75142E-1 3.76299E-1 3.77596E-1 3.8434E-1 3.82441E-1 3.8491E-1 3.71717E-1
3.3021E-1 3.31399E-1 3.53285E-1 3.84972E-1 4.24922E-1 4.38857E-1 4.36193E-1 4.29877E-1 4.03826E-1 4.19401E-1 4.32845E-1 4.52523E-1 4.34224E-1 4.21558E-1 4.27841E-1 4.1981E-1 4.33501E-1 4.46517E-1 4.58536E-1 4.64187E-1 4.36203E-1 4.24194E-1 5.08768E-1 5.57354E-1 5.4956E-1 4.92741E-1 4.63934E-1 4.28973E-1 4.1462E-1 4.10803E-1 4.12701E-1 3.86113E-1 3.75863E-1 3.75457E-1 3.68672E-1 3.69288E-1 3.73322E-1 3.76164E-1 3.81696E-1 3.83851E-1 3.80026E-1 3.64987E-1 3.69446E-1 3.68355E-1 3.75941E-1 3.77005E-1 3.78257E-1 3.80683E-1 3.80825E-1 3.79845E-1 3.80379E-1 3.80104E-1 3.79061E-1 3.70812E-1 3.76821E-1 3.70247E-1 3.74812E-1 3.81954E-1 3.83407E-1 3.81173E-1 3.72397E-1
3.13861E-1 3.24335E-1 3.17767E-1 3.49247E-1 3.95881E-1 4.3147E-1 4.14556E-1 4.01076E-1 4.03116E-1 3.87745E-1 3.79404E-1 3.95158E-1 4.63573E-1 4.32557E-1 4.82429E-1 4.47448E-1 4.47958E-1 4.60678E-1 5.18946E-1 4.84696E-1 4.47163E-1 4.26148E-1 4.21219E-1 4.69227E-1 5.26475E-1 5.28662E-1 4.8028E-1 4.4338E-1 4.2207E-1 4.25662E-1 4.18686E-1 4.13119E-1 3.89845E-1 3.80214E-1 3.79402E-1 3.86995E-1 3.84412E-1 3.77994E-1 3.75813E-1 3.87217E-1 3.88336E-1 3.75064E-1 3.72942E-1 3.69982E-1 3.72023E-1 3.73951E-1 3.71375E-1 3.7311E-1 3.76556E-1 3.78735E-1 3.79146E-1 3.78862E-1 3.79073E-1 3.76372E-1 3.73354E-1 3.64548E-1 3.64622E-1 3.74355E-1 3.74068E-1 3.73791E-1 3.70135E-1
3.446E-1 3.47854E-1 3.56756E-1 4.21767E-1 4.3155E-1 4.1719E-1 3.80247E-1 3.71514E-1 3.66083E-1 3.68147E-1 3.76293E-1 3.9085E-1 4.11372E-1 4.08665E-1 4.07955E-1 4.39644E-1 4.37373E-1 4.43676E-1 4.99069E-1 4.74416E-1 4.7755E-1 4.47358E-1 4.3429E-1 4.40304E-1 4.80311E-1 4.94742E-1 4.81603E-1 4.44726E-1 4.38329E-1 4.45139E-1 4.38329E-1 4.13306E-1 3.90053E-1 3.80299E-1 3.78091E-1 3.79341E-1 3.89099E-1 3.87842E-1 3.76954E-1 3.76216E-1 3.79621E-1 3.81615E-1 3.7774E-1 3.69486E-1 3.70745E-1 3.75455E-1 3.78954E-1 3.76537E-1 3.88526E-1 3.92614E-1 3.89549E-1 3.84102E-1 3.75963E-1 3.70483E-1 3.72853E-1 3.70898E-1 3.63829E-1 3.6271E-1 3.69396E-1 3.70442E-1 3.65156E-1
3.5844E-1 3.61714E-1 3.9122E-1 4.12555E-1 4.31176E-1 4.02799E-1 3.86229E-1 3.76463E-1 3.76873E-1 3.82534E-1 4.00459E-1 4.15475E-1 4.1816E-1 4.31789E-1 4.51824E-1 4.5321E-1 4.35212E-1 4.3068E-1 4.51707E-1 4.58868E-1 4.61206E-1 4.58535E-1 4.44155E-1 4.38581E-1 4.66956E-1 4.83845E-1 4.78755E-1 4.57466E-1 4.57824E-1 4.50817E-1 4.36395E-1 4.15303E-1 3.98614E-1 3.88698E-1 3.82989E-1 3.83016E-1 3.81479E-1 3.86372E-1 3.97563E-1 3.99067E-1 3.93277E-1 3.83595E-1 3.76889E-1 3.7168E-1 3.74386E-1 3.82949E-1 3.94282E-1 3.967E-1 4.06134E-1 4.06871E-1 4.0145E-1 3.87745E-1 3.77814E-1 3.7435E-1 3.75567E-1 3.78092E-1 3.73822E-1 3.68073E-1 3.65016E-1 3.62485E-1 3.6247E-1
3.65778E-1 3.69617E-1 3.98997E-1 4.10251E-1 4.27838E-1 4.20051E-1 4.20057E-1 3.94262E-1 3.95875E-1 3.80839E-1 4.00038E-1 4.28352E-1 4.29557E-1 4.38089E-1 4.7093E-1 4.52657E-1 4.443E-1 4.3808E-1 4.86373E-1 5.11274E-1 5.05601E-1 4.9387E-1 4.65114E-1 4.46214E-1 4.51352E-1 4.75432E-1 4.72708E-1 4.78949E-1 4.70255E-1 4.59361E-1 4.48072E-1 4.35187E-1 4.27544E-1 4.20215E-1 4.05135E-1 4.25709E-1 4.16945E-1 3.96676E-1 3.78073E-1 3.82605E-1 3.94525E-1 3.90473E-1 3.77017E-1 3.72588E-1 3.7664E-1 3.912E-1 4.09411E-1 4.26309E-1 4.31325E-1 4.17994E-1 4.00959E-1 3.88116E-1 3.7822E-1 3.76517E-1 3.7508E-1 3.75652E-1 3.74662E-1 3.65359E-1 3.66043E-1 3.70213E-1 3.70703E-1
3.75346E-1 3.94786E-1 4.0512E-1 3.99923E-1 4.09658E-1 4.24593E-1 4.18245E-1 4.11259E-1 4.17181E-1 4.04372E-1 3.87477E-1 4.19116E-1 4.39989E-1 5.00485E-1 4.78473E-1 4.6636E-1 4.52499E-1 4.2656E-1 5.49625E-1 5.57446E-1 6.09302E-1 5.38449E-1 4.75918E-1 4.43981E-1 4.44408E-1 4.90214E-1 4.92851E-1 4.84508E-1 4.7024E-1 4.55573E-1 4.49721E-1 4.39804E-1 4.26677E-1 4.18755E-1 4.19955E-1 4.13315E-1 4.11103E-1 4.09743E-1 3.9986E-1 3.81526E-1 3.67811E-1 3.7528E-1 3.79251E-1 3.79631E-1 3.83522E-1 3.97842E-1 4.19883E-1 4.41817E-1 4.4071E-1 4.17891E-1 3.94457E-1 3.78505E-1 3.6739E-1 3.69724E-1 3.71981E-1 3.67145E-1 3.69055E-1 3.69993E-1 3.66096E-1 3.73894E-1 3.75314E-1
3.7736E-1 3.94683E-1 4.1344E-1 4.50554E-1 4.25234E-1 4.23345E-1 4.39222E-1 4.07619E-1 4.09241E-1 4.02414E-1 3.9447E-1 4.11197E-1 4.24925E-1 4.92373E-1 5.05729E-1 5.00792E-1 4.61917E-1 4.47217E-1 5.47361E-1 6.71161E-1 7.03583E-1 6.13024E-1 5.02233E-1 4.52881E-1 4.36824E-1 4.90531E-1 4.94376E-1 4.78357E-1 4.66904E-1 4.51765E-1 4.41842E-1 4.49302E-1 4.40916E-1 4.27895E-1 4.15339E-1 4.05508E-1 4.05725E-1 4.07068E-1 4.00996E-1 3.99531E-1 3.93968E-1 3.87287E-1 3.78734E-1 3.77212E-1 3.82735E-1 3.92949E-1 4.08042E-1 4.23054E-1 4.24166E-1 4.06886E-1 3.9146E-1 3.76033E-1 3.70908E-1 3.67974E-1 3.62067E-1 3.62388E-1 3.67786E-1 3.6963E-1 3.72849E-1 3.69725E-1 3.75215E-1
3.97898E-1 3.98689E-1 4.3166E-1 4.43799E-1 4.3261E-1 4.25381E-1 4.38079E-1 4.1096E-1 3.97634E-1 3.89789E-1 4.18245E-1 4.08432E-1 4.27626E-1 4.62671E-1 5.25895E-1 6.76695E-1 5.66608E-1 4.77884E-1 4.92703E-1 6.22999E-1 6.80856E-1 5.85549E-1 5.31669E-1 4.78274E-1 4.5401E-1 5.11502E-1 4.99472E-1 4.69668E-1 4.63129E-1 4.51368E-1 4.42977E-1 4.40812E-1 4.28052E-1 4.12967E-1 4.07455E-1 4.02679E-1 3.96131E-1 3.8996E-1 3.88934E-1 3.85931E-1 3.85878E-1 3.83017E-1 3.81537E-1 3.83492E-1 3.83865E-1 3.89943E-1 4.00524E-1 4.08576E-1 3.85967E-1 3.83985E-1 3.77956E-1 3.71215E-1 3.66205E-1 3.65886E-1 3.61003E-1 3.60115E-1 3.63612E-1 3.70712E-1 3.73059E-1 3.72393E-1 3.72574E-1
4.31068E-1 4.20198E-1 4.543E-1 4.46925E-1 4.65679E-1 4.16986E-1 4.15149E-1 4.09201E-1 4.08671E-1 4.05407E-1 3.87491E-1 3.96702E-1 4.05837E-1 4.36505E-1 5.14734E-1 5.90627E-1 6.6646E-1 6.54757E-1 5.80498E-1 5.29025E-1 6.31708E-1 5.97863E-1 5.26532E-1 5.03398E-1 5.05873E-1 4.97386E-1 4.96391E-1 4.87309E-1 4.77601E-1 4.61826E-1 4.49132E-1 4.31303E-1 4.21203E-1 4.05971E-1 4.08241E-1 4.02487E-1 4.0027E-1 3.97855E-1 3.95743E-1 3.87739E-1 3.8707E-1 3.92426E-1 3.90835E-1 3.84508E-1 3.78696E-1 3.77481E-1 3.75697E-1 3.71646E-1 3.69559E-1 3.69085E-1 3.65983E-1 3.74071E-1 3.67753E-1 3.75785E-1 3.76452E-1 3.65028E-1 3.63844E-1 3.64535E-1 3.70119E-1 3.70701E-1 3.71287E-1
4.95978E-1 4.6942E-1 4.46593E-1 4.46151E-1 4.70972E-1 4.28544E-1 4.01287E-1 4.04956E-1 4.00159E-1 3.81737E-1 3.99744E-1 4.05878E-1 4.10331E-1 5.24125E-1 5.24348E-1 5.60992E-1 6.30375E-1 6.77947E-1 6.52261E-1 5.33909E-1 5.49902E-1 6.3383E-1 5.55018E-1 6.24669E-1 6.12906E-1 5.3882E-1 5.06973E-1 4.9606E-1 4.63755E-1 4.55931E-1 4.42963E-1 4.14683E-1 3.95312E-1 4.04102E-1 4.09503E-1 4.09596E-1 3.98997E-1 3.8362E-1 3.96967E-1 3.91946E-1 3.92141E-1 3.86827E-1 3.88313E-1 3.8966E-1 3.83315E-1 3.80258E-1 3.76196E-1 3.71665E-1 3.6959E-1 3.71296E-1 3.67007E-1 3.7159E-1 3.6755E-1 3.68441E-1 3.91165E-1 3.92703E-1 3.76023E-1 3.64187E-1 3.63526E-1 3.68993E-1 3.6929E-1
5.8247E-1 4.84964E-1 4.4181E-1 4.68903E-1 4.25084E-1 4.11889E-1 4.10518E-1 3.58651E-1 3.72551E-1 3.85665E-1 4.101E-1 4.24114E-1 4.17037E-1 5.75607E-1 6.11989E-1 6.18469E-1 5.68224E-1 6.21372E-1 6.31488E-1 4.90842E-1 4.63038E-1 5.24576E-1 6.71411E-1 6.68671E-1 6.15681E-1 5.56167E-1 5.06283E-1 4.59138E-1 4.35275E-1 4.19823E-1 4.16556E-1 4.04292E-1 3.82472E-1 3.90161E-1 3.88253E-1 3.813E-1 3.68606E-1 3.66467E-1 3.66927E-1 3.72827E-1 3.87138E-1 3.91338E-1 3.86441E-1 3.86098E-1 3.82764E-1 3.7608E-1 3.7509E-1 3.73485E-1 3.71767E-1 3.6438E-1 3.72144E-1 3.73733E-1 3.72385E-1 3.75497E-1 3.74473E-1 3.73968E-1 3.74719E-1 3.77843E-1 3.7585E-1 3.73834E-1 3.69879E-1
4.21202E-1 3.56348E-1 3.61864E-1 4.12662E-1 4.62094E-1 4.38291E-1 4.22417E-1 3.81965E-1 3.66988E-1 3.66002E-1 3.81702E-1 3.91429E-1 3.90923E-1 3.90876E-1 4.32785E-1 5.15106E-1 4.55122E-1 6.3311E-1 6.02566E-1 4.96796E-1 4.7738E-1 5.30498E-1 6.68792E-1 6.87082E-1 6.73787E-1 6.4474E-1 5.42491E-1 4.37843E-1 4.12975E-1 4.1188E-1 4.03477E-1 3.83865E-1 3.83358E-1 3.77946E-1 3.75215E-1 3.69022E-1 3.68093E-1 3.61841E-1 3.60658E-1 3.79443E-1 3.87411E-1 3.8642E-1 3.83314E-1 3.85618E-1 3.86588E-1 3.81788E-1 3.7526E-1 3.70431E-1 3.71017E-1 3.68642E-1 3.68888E-1 3.78815E-1 3.74129E-1 3.80154E-1 3.741E-1 3.62075E-1 3.60128E-1 3.62922E-1 3.74266E-1 3.76688E-1 3.74093E-1
