maxent_outputs/hummingbirds/hummingbird_194.asc
ncols         426
nrows         180
xllcorner     -130.0
yllcorner     24.0
cellsize      0.16666666666666666
NODATA_value  -9999
[rows 54 to 80 of 180, columns 244 to 304 of 426]
3.63952E-1 3.62277E-1 3.80778E-1 3.84617E-1 3.97613E-1 3.88248E-1 3.90071E-1 4.07715E-1 4.27136E-1 5.14586E-1 5.32942E-1 5.22116E-1 4.92952E-1 5.95872E-1 6.10443E-1 6.20301E-1 6.27437E-1 6.38916E-1 6.4856E-1 6.1331E-1 5.73492E-1 5.46312E-1 5.35967E-1 5.27007E-1 5.14047E-1 4.74422E-1 4.63018E-1 4.72982E-1 4.62766E-1 4.61688E-1 4.71331E-1 4.74686E-1 4.74717E-1 4.90051E-1 5.0219E-1 5.38329E-1 6.32069E-1 6.6386E-1 6.79849E-1 6.95208E-1 7.08523E-1 7.20416E-1 7.33956E-1 7.44697E-1 7.56013E-1 7.56133E-1 7.60985E-1 7.11389E-1 6.71156E-1 7.0905E-1 7.35211E-1 7.80644E-1 7.88659E-1 7.89564E-1 7.52953E-1 7.28968E-1 6.5992E-1 6.24213E-1 6.03865E-1 6.07895E-1 5.7897E-1
3.76095E-1 3.7713E-1 3.76975E-1 3.78109E-1 3.88421E-1 3.97172E-1 4.00079E-1 4.18472E-1 4.73968E-1 5.18319E-1 4.77601E-1 4.78828E-1 5.64592E-1 6.11323E-1 6.21599E-1 6.26856E-1 6.37382E-1 6.50663E-1 6.51342E-1 5.84979E-1 5.42186E-1 5.24352E-1 5.11679E-1 5.05304E-1 4.89742E-1 4.61275E-1 4.63305E-1 4.62511E-1 4.46561E-1 4.47461E-1 4.56142E-1 4.60152E-1 4.66251E-1 4.8854E-1 5.13223E-1 5.15513E-1 5.80055E-1 6.71791E-1 6.87014E-1 7.02424E-1 7.18079E-1 7.31512E-1 7.38525E-1 7.49409E-1 7.54038E-1 7.62372E-1 7.65826E-1 7.51281E-1 6.78241E-1 6.91276E-1 7.16573E-1 7.47003E-1 7.62112E-1 7.89359E-1 7.59732E-1 6.71546E-1 6.29713E-1 6.15775E-1 5.85467E-1 5.98247E-1 5.92983E-1
3.7565E-1 3.87142E-1 3.81341E-1 3.90215E-1 4.0322E-1 4.03884E-1 3.99578E-1 4.18844E-1 4.55643E-1 4.54074E-1 4.78472E-1 5.3447E-1 6.16369E-1 6.24058E-1 6.28653E-1 6.31975E-1 6.37885E-1 6.52048E-1 6.28821E-1 5.53857E-1 5.30647E-1 5.14239E-1 4.84942E-1 4.81531E-1 4.69189E-1 4.67844E-1 4.55824E-1 4.61382E-1 4.49932E-1 4.50331E-1 4.4547E-1 4.58331E-1 4.77684E-1 4.88718E-1 4.95622E-1 5.08584E-1 6.0254E-1 6.7202E-1 6.88191E-1 7.06372E-1 7.22375E-1 7.36395E-1 7.49148E-1 7.59135E-1 7.67417E-1 7.66852E-1 7.65402E-1 7.29651E-1 6.59031E-1 6.63094E-1 6.70683E-1 6.79669E-1 6.7556E-1 7.12682E-1 7.37266E-1 7.19089E-1 6.00518E-1 5.91267E-1 5.92536E-1 6.30191E-1 6.39875E-1
3.79043E-1 3.86907E-1 3.89259E-1 3.99163E-1 4.06616E-1 4.07969E-1 4.04782E-1 4.11501E-1 4.26618E-1 4.56323E-1 4.87963E-1 5.93088E-1 6.27699E-1 6.29719E-1 6.33968E-1 6.32424E-1 6.39716E-1 6.46195E-1 5.96416E-1 5.26879E-1 5.14976E-1 5.05955E-1 4.99972E-1 4.73926E-1 4.66358E-1 4.61504E-1 4.5866E-1 4.84091E-1 4.56792E-1 4.51236E-1 4.54991E-1 4.58506E-1 4.68793E-1 4.76585E-1 4.96401E-1 5.14644E-1 6.05433E-1 6.71722E-1 6.94837E-1 7.13186E-1 7.29269E-1 7.45104E-1 7.58661E-1 7.69289E-1 7.79852E-1 7.79958E-1 7.47818E-1 6.60582E-1 6.45458E-1 6.45202E-1 6.71449E-1 6.7629E-1 6.66748E-1 6.73286E-1 6.83679E-1 6.25527E-1 5.9204E-1 5.82766E-1 5.99073E-1 6.69637E-1 6.52494E-1
3.83509E-1 3.92846E-1 3.97369E-1 4.00463E-1 4.05965E-1 4.21722E-1 4.21149E-1 4.2113E-1 4.45271E-1 4.6694E-1 4.93614E-1 6.10869E-1 6.32669E-1 6.39193E-1 6.37512E-1 6.36716E-1 6.39011E-1 6.23954E-1 5.51458E-1 5.23081E-1 5.16522E-1 5.07519E-1 4.90452E-1 4.6968E-1 4.60421E-1 4.43109E-1 4.53573E-1 4.65847E-1 4.60285E-1 4.5777E-1 4.5079E-1 4.54349E-1 4.59736E-1 4.72513E-1 5.03774E-1 5.79583E-1 6.44298E-1 6.72992E-1 6.94668E-1 7.13588E-1 7.34015E-1 7.48784E-1 7.6767E-1 7.81766E-1 7.83137E-1 7.69061E-1 7.05224E-1 6.56945E-1 6.61338E-1 6.57186E-1 6.75338E-1 6.9068E-1 6.72032E-1 6.59266E-1 6.76287E-1 6.37603E-1 5.95478E-1 5.79212E-1 5.92032E-1 6.11242E-1 5.86556E-1
3.85155E-1 3.96706E-1 4.12417E-1 4.15735E-1 4.13093E-1 4.63054E-1 4.37025E-1 4.36084E-1 4.51079E-1 4.75176E-1 5.46104E-1 6.28168E-1 6.37972E-1 6.42904E-1 6.41461E-1 6.41432E-1 6.30611E-1 5.70738E-1 5.1948E-1 5.15878E-1 5.1167E-1 4.98936E-1 4.9136E-1 4.7523E-1 4.66468E-1 4.54533E-1 4.6154E-1 4.68043E-1 4.57448E-1 4.51539E-1 4.56593E-1 4.61372E-1 4.67696E-1 4.87395E-1 5.44022E-1 6.23822E-1 6.3637E-1 6.29724E-1 6.33291E-1 6.82287E-1 7.37607E-1 7.52843E-1 7.72109E-1 7.89967E-1 7.70148E-1 7.38641E-1 6.70496E-1 6.69084E-1 6.78664E-1 6.74727E-1 6.61875E-1 6.64084E-1 6.75244E-1 6.6502E-1 6.29614E-1 6.17697E-1 5.88799E-1 5.73899E-1 5.81272E-1 5.84589E-1 5.88336E-1
3.93432E-1 4.01874E-1 4.06001E-1 4.09261E-1 4.11552E-1 4.52955E-1 4.39156E-1 4.52749E-1 4.64599E-1 5.07237E-1 6.20076E-1 6.3059E-1 6.34401E-1 6.35534E-1 6.38424E-1 6.38562E-1 6.35113E-1 5.57947E-1 5.18076E-1 5.17658E-1 5.11136E-1 5.03614E-1 4.95084E-1 4.86813E-1 4.80849E-1 4.81298E-1 4.8097E-1 4.66028E-1 4.59807E-1 4.60805E-1 4.71829E-1 4.70618E-1 4.85038E-1 5.60526E-1 5.81459E-1 5.65741E-1 5.28537E-1 5.37339E-1 5.61815E-1 5.97717E-1 7.12353E-1 7.52696E-1 7.68541E-1 7.85699E-1 7.79966E-1 7.2929E-1 6.86317E-1 6.73107E-1 6.73293E-1 6.7513E-1 6.62878E-1 6.53339E-1 6.40175E-1 6.13214E-1 5.9196E-1 6.04559E-1 6.04739E-1 5.88395E-1 5.89972E-1 6.00194E-1 5.99853E-1
4.03634E-1 4.12987E-1 4.05271E-1 4.10572E-1 4.15631E-1 4.19472E-1 4.37801E-1 4.57818E-1 4.55753E-1 4.87846E-1 6.13968E-1 6.30319E-1 6.32069E-1 6.36093E-1 6.37108E-1 6.41828E-1 6.23108E-1 5.50714E-1 5.17378E-1 5.14341E-1 5.15945E-1 5.10179E-1 5.06753E-1 4.96065E-1 4.96462E-1 4.76996E-1 4.7316E-1 4.60519E-1 4.65901E-1 4.76179E-1 4.8174E-1 4.743E-1 5.04924E-1 5.74966E-1 5.51468E-1 4.95007E-1 4.90538E-1 5.22524E-1 5.49838E-1 5.73436E-1 6.64034E-1 7.42505E-1 7.64706E-1 7.80449E-1 7.78796E-1 7.35746E-1 6.93497E-1 6.66646E-1 6.66134E-1 6.62207E-1 6.51912E-1 6.42799E-1 6.18137E-1 5.96346E-1 5.90505E-1 6.02789E-1 6.08508E-1 5.88195E-1 5.94498E-1 6.16495E-1 6.25345E-1
4.05778E-1 4.10773E-1 4.09975E-1 4.08338E-1 4.18956E-1 4.18276E-1 4.32264E-1 4.48228E-1 4.57545E-1 5.31798E-1 6.22444E-1 6.33084E-1 6.35341E-1 6.36449E-1 6.38214E-1 6.42805E-1 6.09908E-1 5.32526E-1 5.11454E-1 5.08331E-1 5.13618E-1 5.08069E-1 5.13833E-1 5.00498E-1 4.91009E-1 4.86034E-1 4.80262E-1 4.70908E-1 4.8265E-1 4.90483E-1 4.80998E-1 4.69028E-1 4.80229E-1 4.83774E-1 4.71139E-1 4.62641E-1 4.8418E-1 5.13005E-1 5.36753E-1 5.53183E-1 6.35305E-1 7.28648E-1 7.52766E-1 7.71592E-1 7.73324E-1 7.41981E-1 6.90963E-1 6.75062E-1 6.68545E-1 6.57666E-1 6.24182E-1 6.21603E-1 6.14583E-1 6.04933E-1 6.08801E-1 6.2122E-1 6.2603E-1 6.12752E-1 6.37093E-1 7.04456E-1 7.33066E-1
4.06317E-1 4.08381E-1 4.15829E-1 4.06205E-1 4.13164E-1 4.19049E-1 4.30424E-1 4.38669E-1 4.62974E-1 5.98648E-1 6.26183E-1 6.33062E-1 6.35099E-1 6.35454E-1 6.37528E-1 6.39843E-1 6.3517E-1 5.71458E-1 5.3107E-1 5.16364E-1 5.08322E-1 5.10775E-1 5.11021E-1 4.89524E-1 4.85223E-1 4.83825E-1 4.87658E-1 4.77504E-1 4.74309E-1 4.61245E-1 4.70424E-1 4.77764E-1 4.80705E-1 4.67929E-1 4.69027E-1 4.82743E-1 4.91461E-1 5.01468E-1 5.12326E-1 5.34046E-1 5.84046E-1 7.12656E-1 7.4206E-1 7.57868E-1 7.6603E-1 7.23345E-1 6.55554E-1 6.62677E-1 6.71656E-1 6.60508E-1 6.36384E-1 6.20297E-1 6.12322E-1 6.04764E-1 6.17322E-1 6.42306E-1 6.48375E-1 6.67532E-1 7.55427E-1 7.66985E-1 7.59951E-1
4.00105E-1 4.04612E-1 4.14315E-1 4.15906E-1 4.16776E-1 4.26759E-1 4.33718E-1 4.40378E-1 4.7789E-1 6.20249E-1 6.31468E-1 6.36737E-1 6.38365E-1 6.3546E-1 6.35204E-1 6.39941E-1 6.40602E-1 6.10923E-1 5.50587E-1 5.16488E-1 4.97849E-1 4.96531E-1 4.97613E-1 4.95938E-1 4.89754E-1 4.91834E-1 4.86465E-1 4.78531E-1 4.73252E-1 4.7597E-1 4.805E-1 4.79526E-1 4.81776E-1 4.80764E-1 4.84199E-1 4.87295E-1 4.87889E-1 5.0021E-1 5.08514E-1 5.30149E-1 5.70563E-1 7.06907E-1 7.38363E-1 7.31057E-1 6.91344E-1 6.53101E-1 6.52593E-1 6.61502E-1 6.68449E-1 6.60069E-1 6.45534E-1 6.29732E-1 6.1532E-1 6.00263E-1 6.03757E-1 6.39107E-1 6.62146E-1 6.95553E-1 7.32683E-1 7.29398E-1 7.03597E-1
4.00051E-1 4.05372E-1 4.13051E-1 4.15373E-1 4.20841E-1 4.3558E-1 4.40949E-1 4.61178E-1 4.78066E-1 6.28058E-1 6.40897E-1 6.42105E-1 6.39703E-1 6.36661E-1 6.34891E-1 6.3345E-1 6.3519E-1 6.32515E-1 5.708E-1 5.21106E-1 5.0004E-1 5.03488E-1 5.07617E-1 5.06547E-1 5.00329E-1 5.01157E-1 4.9198E-1 4.88897E-1 4.82212E-1 4.81723E-1 4.80951E-1 4.83632E-1 4.85732E-1 4.97825E-1 4.96861E-1 4.98466E-1 5.05617E-1 5.08721E-1 5.1471E-1 5.35966E-1 5.70057E-1 6.58634E-1 6.9296E-1 6.46279E-1 6.33971E-1 6.50627E-1 6.63475E-1 6.63511E-1 6.64259E-1 6.5657E-1 6.44636E-1 6.37189E-1 6.25712E-1 6.09925E-1 6.04072E-1 6.25519E-1 6.39099E-1 6.46351E-1 6.5314E-1 6.48488E-1 6.47097E-1
4.06002E-1 4.08802E-1 4.14686E-1 4.11448E-1 4.21166E-1 4.342E-1 4.45959E-1 4.67398E-1 4.85416E-1 6.15384E-1 6.40029E-1 6.45837E-1 6.45562E-1 6.44976E-1 6.42427E-1 6.36479E-1 6.3663E-1 6.29574E-1 5.88338E-1 5.17196E-1 5.05531E-1 5.14736E-1 5.13238E-1 5.16219E-1 5.09467E-1 5.0692E-1 5.06272E-1 4.97035E-1 4.94627E-1 4.99075E-1 4.99686E-1 5.01835E-1 5.0056E-1 5.1357E-1 5.17272E-1 5.20638E-1 5.25344E-1 5.30707E-1 5.35322E-1 5.57474E-1 5.84667E-1 6.08087E-1 6.06235E-1 6.19154E-1 6.31189E-1 6.49393E-1 6.57046E-1 6.58746E-1 6.58705E-1 6.47072E-1 6.41134E-1 6.33864E-1 6.23703E-1 6.23378E-1 6.25143E-1 6.25115E-1 6.325E-1 6.49244E-1 6.51137E-1 6.51833E-1 6.43272E-1
4.0585E-1 4.06986E-1 4.08643E-1 4.15498E-1 4.2877E-1 4.37305E-1 4.43349E-1 4.56446E-1 4.80163E-1 5.67843E-1 6.38718E-1 6.4605E-1 6.49696E-1 6.45136E-1 6.43765E-1 6.4199E-1 6.36178E-1 6.34035E-1 5.95836E-1 5.17868E-1 5.08501E-1 5.13975E-1 5.15905E-1 5.1464E-1 5.06961E-1 5.07897E-1 5.03872E-1 5.057E-1 5.16146E-1 5.18498E-1 5.18477E-1 5.1475E-1 5.27639E-1 5.43396E-1 5.46208E-1 5.48536E-1 5.44535E-1 5.5332E-1 5.60849E-1 5.78928E-1 6.07564E-1 6.17558E-1 6.08195E-1 6.15127E-1 6.23952E-1 6.40619E-1 6.46506E-1 6.47636E-1 6.48865E-1 6.44967E-1 6.39706E-1 6.36036E-1 6.29522E-1 6.42812E-1 6.89583E-1 7.24368E-1 7.32244E-1 7.46665E-1 7.45567E-1 7.36091E-1 7.24151E-1
4.08041E-1 4.07562E-1 4.11795E-1 4.18102E-1 4.35866E-1 4.51061E-1 4.44881E-1 4.62497E-1 4.76169E-1 5.95555E-1 6.44534E-1 6.50655E-1 6.49893E-1 6.47622E-1 6.44819E-1 6.42844E-1 6.39661E-1 6.33521E-1 5.84105E-1 5.2978E-1 5.40029E-1 5.29728E-1 5.23439E-1 5.38837E-1 5.17991E-1 5.10527E-1 5.07355E-1 5.03973E-1 5.09578E-1 5.08752E-1 5.13889E-1 5.2576E-1 5.40851E-1 5.54158E-1 5.65309E-1 5.70341E-1 5.62842E-1 5.68983E-1 5.87842E-1 6.49085E-1 6.55874E-1 6.2007E-1 6.03332E-1 6.0775E-1 6.22271E-1 6.31405E-1 6.45587E-1 7.08173E-1 7.34359E-1 7.33966E-1 7.26916E-1 7.08424E-1 6.78313E-1 6.86743E-1 7.23224E-1 7.3726E-1 7.60774E-1 7.5558E-1 7.48895E-1 7.34721E-1 6.96865E-1
4.11076E-1 4.14123E-1 4.2021E-1 4.22728E-1 4.32545E-1 4.42937E-1 4.53773E-1 4.73705E-1 4.83624E-1 5.89948E-1 6.46439E-1 6.54841E-1 6.53844E-1 6.51089E-1 6.47984E-1 6.46513E-1 6.44135E-1 6.33302E-1 5.5906E-1 5.30939E-1 5.40155E-1 5.39367E-1 5.33257E-1 5.34313E-1 5.26813E-1 5.22875E-1 5.19431E-1 5.08521E-1 5.07366E-1 5.05758E-1 5.17845E-1 5.41596E-1 5.57888E-1 5.72795E-1 5.74014E-1 5.70678E-1 5.81955E-1 5.92597E-1 6.15715E-1 7.03541E-1 6.96686E-1 6.46013E-1 6.11029E-1 6.16324E-1 6.30311E-1 6.61967E-1 7.42093E-1 7.63507E-1 7.58219E-1 7.57473E-1 7.52537E-1 7.5564E-1 7.57302E-1 7.58523E-1 7.63593E-1 7.57959E-1 7.59334E-1 7.43944E-1 7.11449E-1 6.65071E-1 6.45626E-1
4.14711E-1 4.17119E-1 4.16222E-1 4.22381E-1 4.28382E-1 4.36456E-1 4.53781E-1 4.69747E-1 4.9026E-1 5.88142E-1 6.46052E-1 6.53367E-1 6.57401E-1 6.54072E-1 6.5097E-1 6.52361E-1 6.42671E-1 5.91832E-1 5.39058E-1 5.31881E-1 5.33514E-1 5.40749E-1 5.37214E-1 5.37819E-1 5.32949E-1 5.31594E-1 5.22148E-1 5.17317E-1 5.15522E-1 5.19168E-1 5.30276E-1 5.38603E-1 5.55388E-1 5.76381E-1 5.8023E-1 5.80857E-1 5.90958E-1 6.0543E-1 6.0231E-1 6.13402E-1 6.27417E-1 6.26432E-1 6.31765E-1 6.85439E-1 7.2478E-1 7.64236E-1 7.62065E-1 7.57832E-1 7.52146E-1 7.51237E-1 7.48066E-1 7.50587E-1 7.50776E-1 7.5189E-1 7.55312E-1 7.42379E-1 6.99665E-1 6.59503E-1 6.62835E-1 6.62926E-1 6.51838E-1
4.20161E-1 4.14605E-1 4.18259E-1 4.23868E-1 4.29037E-1 4.39129E-1 4.54972E-1 4.72677E-1 4.85208E-1 5.20563E-1 6.24432E-1 6.50786E-1 6.58732E-1 6.55922E-1 6.57706E-1 6.51638E-1 6.17125E-1 5.35176E-1 5.3195E-1 5.34776E-1 5.36387E-1 5.42924E-1 5.38073E-1 5.35438E-1 5.35565E-1 5.3486E-1 5.29897E-1 5.24014E-1 5.24234E-1 5.29255E-1 5.37932E-1 5.50959E-1 5.52512E-1 5.55377E-1 5.67482E-1 5.80275E-1 5.95551E-1 6.10763E-1 5.93236E-1 6.24619E-1 6.44751E-1 6.92805E-1 7.50124E-1 7.69245E-1 7.67657E-1 7.60556E-1 7.557E-1 7.51437E-1 7.46687E-1 7.42482E-1 7.42493E-1 7.43113E-1 7.44022E-1 7.22327E-1 6.84862E-1 6.56653E-1 6.61036E-1 6.64346E-1 6.66545E-1 6.64043E-1 6.37344E-1
4.19175E-1 4.15569E-1 4.20531E-1 4.2393E-1 4.30394E-1 4.44571E-1 4.60143E-1 4.76773E-1 4.93502E-1 5.02975E-1 5.80978E-1 6.39183E-1 6.44518E-1 6.50226E-1 6.51628E-1 6.43413E-1 5.69827E-1 5.47825E-1 5.46573E-1 5.53977E-1 5.55868E-1 5.50462E-1 5.32465E-1 5.39502E-1 5.40811E-1 5.4064E-1 5.43024E-1 5.36783E-1 5.36697E-1 5.325E-1 5.37762E-1 5.42063E-1 5.43633E-1 5.48643E-1 5.59752E-1 5.72445E-1 6.35236E-1 6.78997E-1 6.59916E-1 7.00581E-1 7.1429E-1 7.51974E-1 7.60097E-1 7.60784E-1 7.60462E-1 7.57359E-1 7.51112E-1 7.39644E-1 7.35502E-1 7.30902E-1 7.07851E-1 6.75848E-1 6.48546E-1 6.54235E-1 6.54092E-1 6.53838E-1 6.54712E-1 6.64334E-1 6.61652E-1 6.63669E-1 6.44988E-1
4.20081E-1 4.18713E-1 4.19466E-1 4.25262E-1 4.36699E-1 4.49268E-1 4.62756E-1 4.83312E-1 5.0594E-1 5.01974E-1 5.18935E-1 5.81051E-1 6.20712E-1 6.02776E-1 5.79304E-1 5.62368E-1 5.4518E-1 5.43939E-1 5.54059E-1 5.56385E-1 5.46725E-1 5.43985E-1 5.37806E-1 5.40572E-1 5.44113E-1 5.45831E-1 5.45981E-1 5.40772E-1 5.39703E-1 5.33338E-1 5.28482E-1 5.30273E-1 5.39209E-1 5.52758E-1 5.62708E-1 5.85091E-1 6.4207E-1 6.77134E-1 6.84045E-1 6.80179E-1 7.0891E-1 7.29916E-1 7.40262E-1 7.46074E-1 7.49232E-1 7.48103E-1 7.40206E-1 6.89802E-1 6.65597E-1 6.57436E-1 6.3311E-1 6.22203E-1 6.19467E-1 6.26844E-1 6.38679E-1 6.43516E-1 6.53799E-1 6.52661E-1 6.57442E-1 6.55343E-1 6.55501E-1
4.25486E-1 4.22598E-1 4.22007E-1 4.3395E-1 4.45517E-1 4.49738E-1 4.63928E-1 4.78482E-1 4.82126E-1 4.94014E-1 4.99418E-1 5.01872E-1 5.09475E-1 5.19335E-1 5.22186E-1 5.30668E-1 5.34134E-1 5.36251E-1 5.55842E-1 5.50144E-1 5.44134E-1 5.42443E-1 5.41215E-1 5.49478E-1 5.49921E-1 5.44528E-1 5.4206E-1 5.3795E-1 5.39568E-1 5.31946E-1 5.25351E-1 5.28653E-1 5.41152E-1 5.55448E-1 5.54683E-1 5.42484E-1 5.52104E-1 5.88405E-1 6.2928E-1 6.27676E-1 6.92445E-1 7.09032E-1 7.172E-1 7.15463E-1 7.19536E-1 7.23757E-1 6.86838E-1 6.59819E-1 6.66897E-1 6.47225E-1 6.18582E-1 6.08521E-1 6.08414E-1 6.16313E-1 6.22134E-1 6.32326E-1 6.44528E-1 6.4038E-1 6.49523E-1 6.50096E-1 6.52961E-1
4.31519E-1 4.33113E-1 4.35871E-1 4.50658E-1 4.52524E-1 4.59282E-1 4.83992E-1 4.74122E-1 4.6405E-1 4.71009E-1 4.82134E-1 4.93612E-1 4.93746E-1 4.94824E-1 4.9842E-1 5.07633E-1 5.13979E-1 5.28713E-1 5.37642E-1 5.37327E-1 5.38819E-1 5.47572E-1 5.47931E-1 5.4541E-1 5.45902E-1 5.31995E-1 5.30472E-1 5.35042E-1 5.31534E-1 5.3402E-1 5.28399E-1 5.30744E-1 5.38082E-1 5.42579E-1 5.40228E-1 5.43394E-1 5.46791E-1 5.56247E-1 5.68307E-1 5.80815E-1 6.17217E-1 6.37363E-1 6.28632E-1 6.3181E-1 6.49359E-1 6.50737E-1 6.5357E-1 6.58419E-1 6.57201E-1 6.32779E-1 6.02887E-1 6.03786E-1 5.91929E-1 5.92372E-1 6.06115E-1 6.23464E-1 6.35614E-1 6.36777E-1 6.46048E-1 6.45304E-1 6.50983E-1
4.50969E-1 4.52207E-1 4.58494E-1 4.62903E-1 4.76019E-1 4.68311E-1 4.8958E-1 4.75533E-1 4.66608E-1 4.65405E-1 4.78403E-1 4.88942E-1 4.86803E-1 4.82017E-1 4.94344E-1 5.04838E-1 5.18473E-1 5.29029E-1 5.31931E-1 5.36297E-1 5.42427E-1 5.49052E-1 5.49808E-1 5.44849E-1 5.40047E-1 5.41541E-1 5.33908E-1 5.29181E-1 5.35194E-1 5.39904E-1 5.36015E-1 5.38038E-1 5.37052E-1 5.40988E-1 5.44021E-1 5.4784E-1 5.50978E-1 5.56638E-1 5.61086E-1 5.60662E-1 5.76484E-1 5.89742E-1 5.99714E-1 6.1109E-1 6.30672E-1 6.43439E-1 6.45811E-1 6.41252E-1 6.392E-1 6.22935E-1 5.97413E-1 5.90073E-1 5.96071E-1 5.97692E-1 6.01486E-1 6.15279E-1 6.30999E-1 6.37158E-1 6.34176E-1 6.3885E-1 6.53221E-1
4.62298E-1 4.65682E-1 4.73298E-1 4.72344E-1 4.65841E-1 4.69707E-1 4.71142E-1 4.7477E-1 4.76367E-1 4.80624E-1 4.86257E-1 4.88738E-1 4.90149E-1 4.86845E-1 4.93379E-1 5.00238E-1 5.12781E-1 5.23151E-1 5.29045E-1 5.40404E-1 5.45932E-1 5.46459E-1 5.44668E-1 5.45459E-1 5.51671E-1 5.52233E-1 5.3569E-1 5.35522E-1 5.38574E-1 5.45579E-1 5.54947E-1 5.51254E-1 5.54314E-1 5.62611E-1 5.65758E-1 5.57078E-1 5.63079E-1 5.7052E-1 5.7176E-1 5.73185E-1 5.81519E-1 5.9168E-1 6.01522E-1 6.07079E-1 6.18159E-1 6.2403E-1 6.31588E-1 6.33712E-1 6.26847E-1 6.20041E-1 6.05196E-1 5.96898E-1 5.98435E-1 6.00315E-1 6.08467E-1 6.14332E-1 6.2355E-1 6.36677E-1 6.34399E-1 6.39262E-1 6.51897E-1
4.69518E-1 4.73955E-1 4.79762E-1 4.77058E-1 4.71878E-1 4.74638E-1 4.74803E-1 4.78448E-1 4.83996E-1 4.84898E-1 4.86007E-1 4.87566E-1 4.90995E-1 4.98764E-1 5.02034E-1 5.13443E-1 5.20115E-1 5.30044E-1 5.38491E-1 5.45057E-1 5.47432E-1 5.47235E-1 5.47951E-1 5.47495E-1 5.51937E-1 5.54117E-1 5.54069E-1 5.55745E-1 5.52249E-1 5.54707E-1 5.6083E-1 5.62564E-1 5.69779E-1 5.70965E-1 5.70736E-1 5.65507E-1 5.63823E-1 5.72905E-1 5.70372E-1 5.78636E-1 5.89336E-1 5.98985E-1 6.01184E-1 6.03016E-1 6.06567E-1 6.04688E-1 6.21626E-1 6.23721E-1 6.17429E-1 6.17427E-1 6.15746E-1 6.06848E-1 6.06591E-1 6.0587E-1 6.15369E-1 6.31194E-1 6.28659E-1 6.3387E-1 6.44688E-1 6.56046E-1 6.68484E-1
4.7889E-1 4.81699E-1 4.81804E-1 4.78593E-1 4.80196E-1 4.80646E-1 4.84106E-1 4.88264E-1 4.93123E-1 4.96026E-1 4.95254E-1 4.93755E-1 4.97786E-1 5.02176E-1 5.10529E-1 5.26827E-1 5.37098E-1 5.46137E-1 5.50865E-1 5.51467E-1 5.56161E-1 5.54958E-1 5.59748E-1 5.55106E-1 5.55119E-1 5.60213E-1 5.6348E-1 5.68352E-1 5.66434E-1 5.63568E-1 5.67855E-1 5.80039E-1 5.80608E-1 5.76688E-1 5.77006E-1 5.68475E-1 5.63252E-1 5.67541E-1 5.7543E-1 5.94864E-1 6.11265E-1 6.10995E-1 6.10752E-1 6.00061E-1 6.016E-1 6.08367E-1 6.11733E-1 6.21596E-1 6.19352E-1 6.18861E-1 6.20773E-1 6.18288E-1 6.18024E-1 6.27224E-1 6.23719E-1 6.27841E-1 6.37767E-1 6.37798E-1 6.35899E-1 6.52772E-1 6.65306E-1
4.87855E-1 4.92586E-1 4.93998E-1 4.86807E-1 4.89614E-1 4.90312E-1 4.89438E-1 4.95022E-1 4.96355E-1 4.94222E-1 5.00072E-1 5.02181E-1 5.04529E-1 5.09006E-1 5.19932E-1 5.36101E-1 5.49447E-1 5.55814E-1 5.58104E-1 5.59679E-1 5.59731E-1 5.5889E-1 5.62064E-1 5.60365E-1 5.58713E-1 5.65672E-1 5.68893E-1 5.72462E-1 5.81171E-1 5.73902E-1 5.69955E-1 5.75678E-1 5.75845E-1 5.7811E-1 5.79022E-1 5.74238E-1 5.65651E-1 5.66098E-1 5.74257E-1 6.02929E-1 6.1122E-1 6.18935E-1 6.20407E-1 6.18513E-1 6.07006E-1 6.12218E-1 6.1597E-1 6.25149E-1 6.26356E-1 6.21379E-1 6.25291E-1 6.31118E-1 6.35237E-1 6.41007E-1 6.39997E-1 6.47467E-1 6.49121E-1 6.47662E-1 6.49883E-1 6.5588E-1 6.74683E-1
