maxent_outputs/hummingbirds/hummingbird_65.asc
ncols         426
nrows         180
xllcorner     -130.0
yllcorner     24.0
cellsize      0.16666666666666666
NODATA_value  -9999
[rows 54 to 80 of 180, columns 305 to 365 of 426]
3.40092E-2 3.05042E-2 3.04484E-2 2.88808E-2 3.14887E-2 3.29383E-2 3.65938E-2 3.89023E-2 4.00393E-2 4.18368E-2 4.26702E-2 4.49425E-2 4.71112E-2 5.0245E-2 4.958E-2 4.79356E-2 4.77388E-2 4.52348E-2 4.61999E-2 4.60202E-2 4.3353E-2 4.02508E-2 3.82453E-2 3.83731E-2 4.43558E-2 4.74496E-2 4.83114E-2 4.72193E-2 4.54158E-2 3.98868E-2 3.65855E-2 4.03094E-2 6.02901E-2 9.47116E-2 1.41146E-1 1.31985E-1 8.85444E-2 6.01254E-2 4.57035E-2 2.98355E-2 3.07551E-2 3.33224E-2 2.96659E-2 2.59003E-2 2.55161E-2 2.90773E-2 3.31444E-2 2.28273E-2 3.27474E-2 3.15265E-2 3.02623E-2 2.13194E-2 2.52465E-2 2.95946E-2 3.63025E-2 3.85711E-2 3.59978E-2 3.55627E-2 3.29685E-2 3.16093E-2 3.13571E-2
3.64483E-2 3.53337E-2 3.68834E-2 3.68718E-2 3.83065E-2 3.86684E-2 4.12398E-2 4.20735E-2 4.39095E-2 4.5297E-2 4.43398E-2 4.45472E-2 4.77552E-2 4.95662E-2 4.88085E-2 4.71159E-2 4.52399E-2 5.05269E-2 4.35836E-2 4.23163E-2 4.46522E-2 4.91159E-2 5.53271E-2 5.05542E-2 5.0695E-2 5.21428E-2 5.07556E-2 4.42748E-2 3.38066E-2 3.23233E-2 3.17771E-2 3.63714E-2 4.96291E-2 7.96777E-2 1.35446E-1 1.35877E-1 8.00501E-2 6.04259E-2 4.23427E-2 3.1683E-2 3.22348E-2 3.18859E-2 2.91667E-2 2.8321E-2 3.1042E-2 3.38815E-2 2.30438E-2 3.11259E-2 4.12719E-2 3.43443E-2 2.44747E-2 2.44828E-2 3.10103E-2 3.12156E-2 3.15314E-2 3.79845E-2 3.88595E-2 3.92345E-2 3.55516E-2 3.21709E-2 3.11533E-2
4.1993E-2 4.17158E-2 4.35502E-2 4.22329E-2 4.48241E-2 4.59511E-2 4.99829E-2 5.0428E-2 5.18734E-2 4.88546E-2 4.94478E-2 5.08463E-2 5.23114E-2 5.0742E-2 4.85366E-2 4.60853E-2 4.49201E-2 4.29794E-2 4.67943E-2 4.66149E-2 5.34558E-2 5.69555E-2 5.90865E-2 5.80531E-2 5.76885E-2 5.01883E-2 3.93128E-2 3.3668E-2 3.20197E-2 3.22656E-2 3.49111E-2 4.39503E-2 5.37024E-2 7.38965E-2 1.20798E-1 1.25324E-1 7.83077E-2 5.87378E-2 3.72349E-2 4.11679E-2 3.73645E-2 2.85043E-2 3.40198E-2 3.25546E-2 3.50888E-2 4.35393E-2 3.06302E-2 4.11496E-2 3.01022E-2 2.53953E-2 3.55654E-2 3.42626E-2 3.34416E-2 3.11314E-2 3.31024E-2 3.97509E-2 4.3663E-2 4.25866E-2 3.74622E-2 3.03464E-2 2.94367E-2
4.93021E-2 4.29704E-2 4.72821E-2 4.74376E-2 5.00163E-2 4.86328E-2 5.01807E-2 5.30008E-2 5.67419E-2 5.30296E-2 5.01543E-2 5.06546E-2 5.10865E-2 4.77938E-2 4.20858E-2 3.98169E-2 4.06936E-2 4.06226E-2 4.53458E-2 5.33782E-2 5.94671E-2 5.72487E-2 5.99836E-2 5.66952E-2 5.12135E-2 4.32694E-2 3.72126E-2 3.23929E-2 3.12004E-2 3.38998E-2 3.77081E-2 3.8636E-2 5.43919E-2 5.91693E-2 9.05853E-2 1.19024E-1 7.7575E-2 5.06894E-2 4.12881E-2 3.50417E-2 3.75273E-2 3.07057E-2 4.24649E-2 4.49545E-2 4.75647E-2 4.72155E-2 2.56663E-2 2.77367E-2 2.49892E-2 2.70606E-2 3.23079E-2 2.87543E-2 3.12088E-2 3.26238E-2 3.59118E-2 4.02343E-2 4.49704E-2 4.27916E-2 3.48448E-2 3.21693E-2 3.05068E-2
6.15772E-2 5.54282E-2 5.3766E-2 4.70488E-2 4.91686E-2 5.58473E-2 6.08179E-2 5.88234E-2 6.4885E-2 5.67443E-2 5.29924E-2 4.88059E-2 4.8098E-2 4.82054E-2 4.62553E-2 5.22052E-2 4.91144E-2 5.64006E-2 5.67652E-2 4.6626E-2 5.02761E-2 4.99623E-2 5.56991E-2 5.27229E-2 4.5052E-2 3.81474E-2 3.49254E-2 3.2137E-2 3.3338E-2 3.66428E-2 3.46603E-2 3.60073E-2 4.24375E-2 5.21958E-2 7.37593E-2 8.47101E-2 6.58479E-2 3.74355E-2 4.25943E-2 4.20383E-2 3.53909E-2 3.48338E-2 4.69682E-2 4.8366E-2 4.48636E-2 2.29119E-2 1.44374E-2 8.30688E-3 1.70662E-2 2.53738E-2 2.55589E-2 2.84304E-2 2.7799E-2 3.24007E-2 3.63982E-2 4.24813E-2 4.14653E-2 3.97089E-2 3.5195E-2 3.15549E-2 3.50211E-2
6.24346E-2 6.52003E-2 5.98431E-2 4.77206E-2 5.11006E-2 6.91952E-2 6.62933E-2 6.83647E-2 7.20938E-2 6.9281E-2 5.99166E-2 5.71344E-2 5.95317E-2 6.31225E-2 7.46904E-2 8.9885E-2 6.59347E-2 5.10653E-2 4.18194E-2 4.25635E-2 4.47754E-2 4.83639E-2 5.01516E-2 4.37794E-2 3.67673E-2 3.36328E-2 3.04119E-2 2.99742E-2 3.01745E-2 3.21635E-2 2.9496E-2 2.36669E-2 3.33766E-2 4.68382E-2 6.92411E-2 7.07065E-2 5.42358E-2 3.05346E-2 3.2012E-2 3.28606E-2 3.02534E-2 3.7073E-2 4.71111E-2 3.46547E-2 2.31669E-2 1.50188E-2 1.47202E-2 1.68996E-2 1.8148E-2 2.32688E-2 2.40211E-2 2.61052E-2 2.90061E-2 3.21976E-2 3.18795E-2 3.52648E-2 3.87188E-2 3.98749E-2 4.18613E-2 4.41961E-2 4.77054E-2
7.94385E-2 7.41898E-2 8.36143E-2 8.29895E-2 9.08963E-2 1.10977E-1 1.32315E-1 1.38364E-1 1.42315E-1 1.24538E-1 8.59078E-2 6.88239E-2 6.65429E-2 8.29221E-2 1.00899E-1 9.12121E-2 7.74134E-2 5.77861E-2 4.57567E-2 3.98325E-2 3.34798E-2 4.01516E-2 4.35089E-2 3.5395E-2 2.91037E-2 2.69971E-2 2.66335E-2 2.9184E-2 2.89211E-2 3.23138E-2 3.3914E-2 3.28894E-2 4.08779E-2 4.42668E-2 6.19315E-2 6.55807E-2 5.17014E-2 2.86278E-2 3.23085E-2 3.75534E-2 3.31508E-2 4.13364E-2 4.19392E-2 3.23806E-2 2.51282E-2 2.0113E-2 1.38311E-2 1.59047E-2 1.73817E-2 2.027E-2 2.23427E-2 3.02365E-2 2.68176E-2 3.06214E-2 3.32743E-2 4.12339E-2 5.09526E-2 5.60522E-2 5.50397E-2 6.39439E-2 8.33222E-2
1.4136E-1 1.49974E-1 1.54189E-1 1.5871E-1 1.58945E-1 1.70293E-1 1.75637E-1 1.7611E-1 1.6486E-1 1.46959E-1 1.28444E-1 1.12555E-1 1.09959E-1 1.07202E-1 9.85021E-2 9.27594E-2 8.76958E-2 5.93571E-2 3.57295E-2 2.57591E-2 2.35647E-2 2.45774E-2 3.64739E-2 2.88548E-2 2.32412E-2 2.28986E-2 2.33133E-2 2.32825E-2 2.43813E-2 3.31387E-2 3.21085E-2 3.80487E-2 4.29067E-2 4.14958E-2 6.23951E-2 6.156E-2 5.54943E-2 2.67994E-2 3.09364E-2 3.35581E-2 3.8432E-2 4.5371E-2 3.40268E-2 2.84662E-2 2.91134E-2 2.53774E-2 2.26196E-2 1.67808E-2 1.93475E-2 2.0549E-2 2.29065E-2 2.74382E-2 2.94687E-2 3.47953E-2 5.07584E-2 6.32262E-2 6.19691E-2 7.65586E-2 -9999 8.58352E-2 -9999
1.76424E-1 1.67718E-1 1.65261E-1 1.62839E-1 1.72262E-1 1.82743E-1 1.88126E-1 1.87038E-1 1.76619E-1 1.63263E-1 1.49458E-1 1.30783E-1 1.19039E-1 1.10271E-1 1.06204E-1 9.95694E-2 7.99637E-2 6.16729E-2 3.26581E-2 2.34998E-2 2.17444E-2 2.00563E-2 2.04247E-2 2.33803E-2 2.10695E-2 1.9246E-2 1.83315E-2 1.84055E-2 2.31798E-2 2.52173E-2 2.95797E-2 3.73206E-2 4.33879E-2 5.08581E-2 5.76961E-2 5.96585E-2 5.19027E-2 3.95039E-2 2.31233E-2 3.05321E-2 4.01048E-2 3.563E-2 3.28591E-2 2.96694E-2 3.02139E-2 2.90409E-2 3.08269E-2 2.60709E-2 1.91754E-2 2.08064E-2 2.37517E-2 2.74256E-2 3.47479E-2 4.36138E-2 -9999 -9999 -9999 -9999 -9999 -9999 -9999
1.80753E-1 1.66264E-1 1.50173E-1 1.35925E-1 1.40493E-1 1.52595E-1 1.60426E-1 1.66694E-1 1.69927E-1 1.71191E-1 1.60152E-1 1.44876E-1 1.38533E-1 1.28742E-1 1.03526E-1 6.69092E-2 5.56952E-2 4.83979E-2 3.84854E-2 3.11709E-2 2.83735E-2 2.3434E-2 1.78536E-2 1.90563E-2 2.31044E-2 2.20333E-2 1.92548E-2 1.94544E-2 2.25447E-2 3.18007E-2 3.13542E-2 3.88402E-2 4.71981E-2 5.7498E-2 6.07451E-2 5.5728E-2 3.7014E-2 3.06813E-2 2.43294E-2 3.02882E-2 3.73035E-2 3.08415E-2 3.23872E-2 3.0172E-2 3.05224E-2 3.26567E-2 2.72527E-2 2.47623E-2 2.41035E-2 2.46261E-2 2.67639E-2 3.25482E-2 4.1952E-2 -9999 -9999 -9999 -9999 -9999 -9999 -9999 -9999
1.18234E-1 1.03824E-1 9.63178E-2 9.63012E-2 1.02484E-1 1.09914E-1 1.24864E-1 1.33476E-1 1.2079E-1 1.21057E-1 1.11881E-1 1.00139E-1 9.78517E-2 9.36899E-2 8.19017E-2 7.23402E-2 6.68373E-2 6.24305E-2 6.26755E-2 5.76865E-2 5.55746E-2 5.34595E-2 4.60674E-2 3.57076E-2 3.27713E-2 2.85064E-2 2.61065E-2 2.44894E-2 2.56467E-2 3.89735E-2 4.01762E-2 4.31267E-2 5.65761E-2 6.49441E-2 5.8954E-2 4.4176E-2 2.79677E-2 2.08384E-2 2.10416E-2 3.09499E-2 3.67416E-2 2.61169E-2 2.43085E-2 2.82093E-2 3.39662E-2 4.03834E-2 3.84079E-2 3.06006E-2 3.34166E-2 3.13703E-2 3.12815E-2 4.03913E-2 -9999 -9999 -9999 -9999 -9999 -9999 -9999 -9999 -9999
9.70999E-2 8.86481E-2 8.47875E-2 8.37222E-2 9.16607E-2 1.00331E-1 1.09664E-1 1.20389E-1 1.17586E-1 1.07949E-1 1.05462E-1 1.02027E-1 1.01682E-1 9.92426E-2 9.4181E-2 8.58387E-2 7.9238E-2 7.51147E-2 7.61683E-2 6.95652E-2 6.28005E-2 5.98663E-2 5.7752E-2 5.60791E-2 5.18842E-2 4.77531E-2 4.95503E-2 3.98005E-2 4.06406E-2 4.62632E-2 4.59152E-2 5.17517E-2 6.22149E-2 6.58941E-2 5.87765E-2 3.93159E-2 2.31921E-2 1.67214E-2 2.26239E-2 2.71307E-2 3.5309E-2 2.52689E-2 2.0346E-2 2.42362E-2 2.87642E-2 3.52656E-2 4.09092E-2 4.1112E-2 4.27657E-2 4.39145E-2 4.38934E-2 4.85884E-2 -9999 -9999 -9999 -9999 -9999 -9999 -9999 -9999 -9999
1.10551E-1 1.04715E-1 8.53294E-2 7.24253E-2 7.41834E-2 8.80314E-2 9.6313E-2 1.12342E-1 1.18994E-1 1.13539E-1 1.07087E-1 1.06017E-1 1.04419E-1 1.11803E-1 1.06776E-1 8.76658E-2 7.41634E-2 6.72444E-2 6.08235E-2 5.38274E-2 4.38619E-2 4.88298E-2 4.64069E-2 4.30677E-2 4.5599E-2 4.81488E-2 5.86027E-2 5.86696E-2 5.49456E-2 5.56482E-2 5.26209E-2 6.17735E-2 6.87711E-2 6.89841E-2 6.25697E-2 4.55935E-2 1.7412E-2 1.45461E-2 1.78596E-2 3.19688E-2 3.4857E-2 3.25702E-2 2.06148E-2 2.32381E-2 2.65802E-2 3.20197E-2 3.65004E-2 3.82631E-2 4.17904E-2 4.38867E-2 4.78954E-2 8.1948E-2 -9999 -9999 -9999 -9999 -9999 -9999 -9999 -9999 -9999
1.55916E-1 1.11624E-1 7.80982E-2 6.50781E-2 5.90208E-2 6.2419E-2 8.05386E-2 1.12508E-1 1.16146E-1 1.10683E-1 1.02892E-1 1.09765E-1 9.83195E-2 1.205E-1 1.18592E-1 8.18162E-2 6.77197E-2 5.60767E-2 5.32354E-2 4.95623E-2 4.53678E-2 4.81614E-2 4.87383E-2 4.79053E-2 4.67022E-2 5.44403E-2 5.01918E-2 5.60995E-2 5.4314E-2 5.33197E-2 5.63993E-2 7.02228E-2 7.4351E-2 6.26714E-2 4.41176E-2 3.92817E-2 2.03396E-2 1.74349E-2 1.92235E-2 2.90471E-2 3.53226E-2 2.87073E-2 2.49167E-2 2.26804E-2 2.82358E-2 3.05566E-2 3.31705E-2 3.81257E-2 4.13211E-2 4.97513E-2 5.92813E-2 7.52157E-2 -9999 -9999 -9999 -9999 -9999 -9999 -9999 -9999 -9999
1.11212E-1 8.3464E-2 6.26962E-2 5.92019E-2 5.60193E-2 5.49598E-2 7.40012E-2 9.13451E-2 1.05199E-1 8.60387E-2 9.06808E-2 8.82638E-2 1.06703E-1 1.13291E-1 8.96285E-2 1.0014E-1 6.83853E-2 5.43353E-2 5.11718E-2 5.07089E-2 4.87084E-2 5.24895E-2 5.1006E-2 5.34199E-2 5.39001E-2 5.64587E-2 5.226E-2 5.1253E-2 5.51629E-2 5.07077E-2 4.77361E-2 6.62916E-2 7.17109E-2 5.96991E-2 4.05137E-2 2.95583E-2 2.25462E-2 2.18075E-2 2.37977E-2 3.58986E-2 3.30339E-2 3.43183E-2 2.85253E-2 2.49231E-2 3.06769E-2 3.24185E-2 3.50745E-2 3.97321E-2 4.59007E-2 5.38037E-2 6.47248E-2 7.33735E-2 -9999 -9999 -9999 -9999 -9999 -9999 -9999 -9999 -9999
7.42141E-2 7.49907E-2 6.53375E-2 5.53705E-2 5.39826E-2 5.70797E-2 6.7349E-2 6.39327E-2 7.76944E-2 7.17944E-2 8.0149E-2 9.00619E-2 9.31067E-2 1.01569E-1 7.8422E-2 8.142E-2 7.08499E-2 5.69066E-2 5.50286E-2 5.52554E-2 5.58259E-2 5.37503E-2 5.25391E-2 5.32538E-2 5.61929E-2 5.52615E-2 5.42393E-2 4.84626E-2 5.06596E-2 4.4287E-2 5.43073E-2 5.95399E-2 6.8931E-2 5.5419E-2 3.97739E-2 3.11962E-2 2.28582E-2 2.13284E-2 2.48048E-2 4.049E-2 3.48605E-2 4.09059E-2 3.4022E-2 2.95219E-2 3.24538E-2 3.21023E-2 3.66574E-2 3.75264E-2 4.71461E-2 5.93197E-2 -9999 -9999 -9999 -9999 -9999 -9999 -9999 -9999 -9999 -9999 -9999
6.12195E-2 5.59398E-2 5.51573E-2 5.44536E-2 5.33012E-2 5.64827E-2 6.00617E-2 5.56605E-2 5.85416E-2 6.96841E-2 7.45867E-2 8.13062E-2 7.88508E-2 8.32128E-2 7.91142E-2 7.16256E-2 6.68215E-2 6.10258E-2 5.71113E-2 5.61221E-2 5.59507E-2 5.25451E-2 5.22865E-2 4.85426E-2 4.76366E-2 4.99287E-2 4.83564E-2 4.29004E-2 3.44667E-2 3.18101E-2 3.52088E-2 6.81223E-2 6.14701E-2 4.55037E-2 3.77367E-2 3.00092E-2 2.23586E-2 2.28597E-2 3.34521E-2 4.35689E-2 4.14717E-2 3.74958E-2 3.23943E-2 2.80957E-2 2.97525E-2 3.12715E-2 3.70474E-2 3.6934E-2 4.76693E-2 5.99422E-2 6.75722E-2 -9999 -9999 -9999 -9999 -9999 -9999 -9999 -9999 -9999 -9999
5.90132E-2 5.60529E-2 5.2822E-2 5.33053E-2 5.53255E-2 5.225E-2 5.0581E-2 4.9955E-2 4.76619E-2 5.40296E-2 6.72697E-2 7.35991E-2 7.76587E-2 7.96722E-2 8.20118E-2 7.44056E-2 6.84017E-2 6.48172E-2 5.935E-2 5.50209E-2 5.29834E-2 5.1487E-2 4.75134E-2 4.60766E-2 4.47789E-2 4.53379E-2 4.15584E-2 2.83184E-2 2.5722E-2 3.17795E-2 4.23098E-2 6.76984E-2 5.34614E-2 4.24557E-2 3.38387E-2 2.96262E-2 2.37488E-2 2.57456E-2 3.85707E-2 4.43311E-2 3.77475E-2 3.08579E-2 3.01398E-2 2.96955E-2 2.84215E-2 3.04099E-2 3.44615E-2 3.92253E-2 4.20803E-2 5.20745E-2 6.40734E-2 7.46574E-2 -9999 1.12582E-1 1.20551E-1 -9999 -9999 -9999 -9999 -9999 -9999
5.36881E-2 5.21087E-2 4.32938E-2 4.42989E-2 5.04631E-2 4.94294E-2 4.81084E-2 4.28934E-2 4.52669E-2 5.69003E-2 6.64037E-2 7.43015E-2 7.43387E-2 6.70319E-2 6.75406E-2 7.08419E-2 6.4074E-2 5.72304E-2 5.52325E-2 4.96236E-2 5.08806E-2 4.58626E-2 4.11998E-2 4.36062E-2 3.92104E-2 3.57827E-2 3.10265E-2 2.79944E-2 2.41004E-2 4.75837E-2 6.30956E-2 6.3568E-2 4.97141E-2 3.84005E-2 3.66678E-2 2.77435E-2 3.03091E-2 3.3651E-2 4.07311E-2 4.29838E-2 3.58494E-2 3.29789E-2 3.09524E-2 3.34063E-2 2.92702E-2 3.77395E-2 4.45894E-2 4.5513E-2 4.64037E-2 5.03349E-2 6.18782E-2 7.44806E-2 -9999 -9999 1.23378E-1 1.24495E-1 -9999 -9999 -9999 -9999 -9999
5.28835E-2 4.67847E-2 3.91748E-2 3.69488E-2 4.19073E-2 4.3312E-2 4.64422E-2 4.37088E-2 4.97635E-2 5.71984E-2 6.5422E-2 7.25118E-2 6.95338E-2 5.90852E-2 6.60642E-2 6.85956E-2 7.05792E-2 6.46933E-2 5.90053E-2 5.17871E-2 5.17256E-2 4.3372E-2 3.76003E-2 3.93335E-2 4.19849E-2 3.74919E-2 3.29997E-2 3.71526E-2 4.34141E-2 4.94695E-2 5.83711E-2 6.29686E-2 4.7196E-2 3.77791E-2 3.63037E-2 3.171E-2 3.33662E-2 3.96105E-2 4.44934E-2 4.49443E-2 3.51585E-2 3.81795E-2 3.55232E-2 3.64587E-2 3.55903E-2 5.00857E-2 5.73741E-2 5.81218E-2 5.3219E-2 5.94311E-2 6.96008E-2 7.97815E-2 9.32479E-2 1.02725E-1 1.10242E-1 1.16599E-1 -9999 -9999 -9999 -9999 -9999
4.96049E-2 4.73807E-2 4.30277E-2 4.21421E-2 4.15174E-2 4.91734E-2 5.15955E-2 5.03048E-2 5.3023E-2 5.61998E-2 6.78944E-2 6.58934E-2 5.98743E-2 5.95839E-2 5.46228E-2 5.45559E-2 5.5922E-2 6.14502E-2 6.45824E-2 6.36296E-2 5.66084E-2 4.44629E-2 3.94715E-2 4.14012E-2 4.27413E-2 3.96611E-2 3.57188E-2 3.73312E-2 4.87089E-2 5.72776E-2 5.68371E-2 6.30604E-2 4.72385E-2 4.00373E-2 4.27659E-2 3.87914E-2 3.83352E-2 4.06327E-2 4.48084E-2 4.08051E-2 3.71779E-2 3.65324E-2 4.18212E-2 4.26224E-2 4.78065E-2 5.81339E-2 7.32615E-2 7.83659E-2 7.18451E-2 7.07438E-2 8.44249E-2 9.45753E-2 9.92104E-2 1.00639E-1 1.11328E-1 1.36517E-1 -9999 -9999 -9999 -9999 -9999
4.97253E-2 5.06476E-2 4.93681E-2 4.32757E-2 4.68745E-2 5.12439E-2 5.22741E-2 5.59154E-2 5.72685E-2 5.82139E-2 6.4708E-2 6.39674E-2 6.35128E-2 6.36899E-2 5.85844E-2 5.45771E-2 4.64575E-2 4.34278E-2 5.28065E-2 6.3821E-2 6.32543E-2 4.68325E-2 4.02787E-2 4.22039E-2 4.15921E-2 4.27067E-2 4.43936E-2 4.43587E-2 5.25661E-2 5.64147E-2 5.41008E-2 5.21962E-2 4.47054E-2 4.36202E-2 4.22602E-2 4.37122E-2 4.15123E-2 4.50429E-2 4.20711E-2 3.9606E-2 4.18368E-2 4.17146E-2 5.23966E-2 5.73639E-2 6.50526E-2 7.32031E-2 8.15355E-2 8.85685E-2 8.86545E-2 1.09801E-1 1.10461E-1 1.13839E-1 1.32054E-1 1.83593E-1 1.78122E-1 -9999 -9999 -9999 -9999 -9999 -9999
4.71067E-2 4.62842E-2 4.55355E-2 4.65303E-2 4.45509E-2 4.46952E-2 5.23394E-2 5.7992E-2 5.59451E-2 6.44339E-2 6.28878E-2 6.65511E-2 6.49089E-2 6.18374E-2 6.40753E-2 5.97298E-2 5.75151E-2 5.91329E-2 6.22322E-2 6.62311E-2 5.03312E-2 3.76524E-2 3.15298E-2 3.61544E-2 3.96909E-2 4.54709E-2 4.8319E-2 4.85611E-2 4.54611E-2 4.77258E-2 4.74837E-2 6.33728E-2 5.20006E-2 4.66942E-2 4.62823E-2 4.99918E-2 5.36789E-2 5.10485E-2 4.61092E-2 4.58972E-2 4.87059E-2 5.64828E-2 6.6653E-2 8.32862E-2 7.64338E-2 1.26929E-1 -9999 -9999 -9999 -9999 1.2347E-1 -9999 -9999 1.69264E-1 1.67846E-1 1.70129E-1 -9999 -9999 -9999 -9999 -9999
4.69014E-2 4.53065E-2 4.56045E-2 4.21607E-2 4.55987E-2 4.85835E-2 5.35317E-2 5.23141E-2 6.03988E-2 6.6237E-2 6.2848E-2 5.69719E-2 5.89244E-2 6.47801E-2 6.46712E-2 6.67359E-2 6.98028E-2 6.82713E-2 6.09912E-2 5.02028E-2 4.66859E-2 3.90495E-2 3.56664E-2 4.96655E-2 5.21262E-2 5.28834E-2 5.27952E-2 4.61368E-2 4.39047E-2 5.59912E-2 6.08205E-2 7.30704E-2 5.80513E-2 5.79932E-2 5.90891E-2 6.36087E-2 7.41342E-2 -9999 -9999 7.2961E-2 7.49816E-2 8.78864E-2 9.98713E-2 1.07781E-1 -9999 1.24652E-1 -9999 -9999 -9999 -9999 -9999 -9999 -9999 -9999 -9999 -9999 -9999 -9999 -9999 -9999 -9999
4.45915E-2 4.35085E-2 4.40504E-2 4.71292E-2 4.57482E-2 4.65259E-2 4.78405E-2 5.69688E-2 5.98808E-2 5.71855E-2 5.34569E-2 5.76721E-2 5.93057E-2 6.434E-2 7.04569E-2 7.35465E-2 6.9387E-2 5.95752E-2 4.66437E-2 4.32869E-2 5.17492E-2 5.25964E-2 5.51977E-2 5.54477E-2 5.82088E-2 5.37686E-2 4.7399E-2 4.66461E-2 5.68855E-2 6.84994E-2 7.67078E-2 7.77136E-2 7.34673E-2 7.42882E-2 7.73297E-2 8.0249E-2 8.53854E-2 7.43427E-2 8.52789E-2 9.86341E-2 8.98153E-2 8.93608E-2 9.40847E-2 -9999 -9999 -9999 -9999 -9999 -9999 -9999 -9999 -9999 -9999 -9999 -9999 -9999 -9999 -9999 -9999 -9999 -9999
4.57088E-2 4.22309E-2 4.65009E-2 4.83576E-2 4.59174E-2 4.95466E-2 5.53474E-2 5.49877E-2 5.36247E-2 5.81467E-2 5.99918E-2 6.09775E-2 6.0315E-2 6.64798E-2 6.50812E-2 6.63245E-2 6.08872E-2 5.60037E-2 5.10358E-2 5.32326E-2 6.3552E-2 6.75327E-2 6.32851E-2 6.36452E-2 5.95801E-2 5.23081E-2 4.97351E-2 5.40039E-2 6.53149E-2 7.17328E-2 8.43523E-2 8.93343E-2 8.12088E-2 9.92874E-2 9.21234E-2 9.34976E-2 9.48062E-2 9.71093E-2 1.10429E-1 1.30494E-1 -9999 -9999 -9999 -9999 -9999 -9999 -9999 -9999 -9999 -9999 -9999 -9999 -9999 -9999 -9999 -9999 -9999 -9999 -9999 -9999 -9999
4.53176E-2 4.13315E-2 4.29961E-2 4.83096E-2 5.38837E-2 6.09267E-2 6.6911E-2 6.55814E-2 6.6806E-2 6.98403E-2 6.99139E-2 6.75312E-2 6.34665E-2 6.85524E-2 6.35219E-2 6.11655E-2 6.54653E-2 6.3303E-2 6.2909E-2 6.26592E-2 6.34975E-2 7.07175E-2 6.91882E-2 6.82428E-2 6.57035E-2 6.39094E-2 6.51766E-2 6.80068E-2 7.48064E-2 8.17718E-2 8.39489E-2 8.61499E-2 9.20691E-2 1.15099E-1 1.18625E-1 1.30153E-1 1.44329E-1 -9999 -9999 -9999 -9999 -9999 -9999 -9999 -9999 -9999 -9999 -9999 -9999 -9999 -9999 -9999 -9999 -9999 -9999 -9999 -9999 -9999 -9999 -9999 -9999
