maxent_outputs/hummingbirds/hummingbird_190.asc
ncols         426
nrows         180
xllcorner     -130.0
yllcorner     24.0
cellsize      0.16666666666666666
NODATA_value  -9999
[rows 81 to 107 of 180, columns 122 to 182 of 426]
3.58042E-1 3.18648E-1 3.6641E-1 4.67884E-1 4.51225E-1 4.70297E-1 4.39437E-1 4.15281E-1 4.22656E-1 4.40653E-1 4.14721E-1 4.40848E-1 4.7514E-1 5.1399E-1 4.92006E-1 4.73203E-1 4.71157E-1 6.58376E-1 6.71364E-1 6.69805E-1 7.07107E-1 6.87341E-1 7.46871E-1 7.75786E-1 7.33051E-1 6.53507E-1 5.39491E-1 4.33999E-1 4.08311E-1 4.10837E-1 3.9942E-1 3.80682E-1 3.74636E-1 3.76669E-1 3.82809E-1 3.76646E-1 3.72972E-1 3.67787E-1 3.67184E-1 3.85329E-1 3.87648E-1 3.89634E-1 3.85356E-1 3.88767E-1 3.90254E-1 3.79838E-1 3.72709E-1 3.66807E-1 3.70917E-1 3.71244E-1 3.68037E-1 3.62654E-1 3.65901E-1 3.64258E-1 3.62699E-1 3.5823E-1 3.516E-1 3.50917E-1 3.53583E-1 3.56209E-1 3.58523E-1
3.05181E-1 3.15509E-1 3.32259E-1 3.63521E-1 4.16403E-1 3.99374E-1 3.65685E-1 3.85311E-1 4.10379E-1 5.18051E-1 5.43506E-1 5.00151E-1 5.6375E-1 6.1009E-1 6.39042E-1 6.44073E-1 5.80825E-1 6.84723E-1 6.34068E-1 5.22661E-1 6.58237E-1 6.84597E-1 6.48333E-1 7.33684E-1 7.55598E-1 6.48723E-1 5.17595E-1 4.30322E-1 4.09121E-1 3.99834E-1 3.85965E-1 3.73291E-1 3.66811E-1 3.62589E-1 3.66493E-1 3.70358E-1 3.6679E-1 3.70299E-1 3.90542E-1 3.85337E-1 3.79079E-1 3.86459E-1 3.8637E-1 3.88122E-1 3.85039E-1 3.79492E-1 3.70213E-1 3.65146E-1 3.61412E-1 3.70162E-1 3.71229E-1 3.65026E-1 3.60119E-1 3.64519E-1 3.64909E-1 3.58007E-1 3.53043E-1 3.54872E-1 3.60917E-1 3.59603E-1 3.532E-1
2.86562E-1 3.1027E-1 3.26274E-1 3.38957E-1 3.46117E-1 3.83235E-1 4.58945E-1 4.22722E-1 4.14088E-1 4.66629E-1 4.71716E-1 5.22321E-1 6.37714E-1 6.77745E-1 7.25328E-1 7.47529E-1 5.69525E-1 6.22322E-1 6.51784E-1 4.5574E-1 4.53601E-1 5.65447E-1 4.98697E-1 6.78749E-1 7.641E-1 6.41207E-1 5.02406E-1 4.44061E-1 4.12631E-1 4.05747E-1 4.02856E-1 3.91751E-1 3.82116E-1 3.7388E-1 3.79678E-1 3.60312E-1 3.55723E-1 3.81648E-1 3.96984E-1 3.898E-1 3.88908E-1 3.94269E-1 3.93971E-1 3.88896E-1 3.86951E-1 3.80843E-1 3.71376E-1 3.67971E-1 3.63591E-1 3.69238E-1 3.65646E-1 3.71952E-1 3.72889E-1 3.75785E-1 3.76142E-1 3.69905E-1 3.65125E-1 3.64559E-1 3.65006E-1 3.65137E-1 3.56298E-1
3.42198E-1 3.72241E-1 3.768E-1 4.25733E-1 4.4251E-1 4.70086E-1 5.46265E-1 4.49733E-1 4.59478E-1 5.1635E-1 5.21529E-1 5.40565E-1 6.28351E-1 6.97395E-1 6.95056E-1 6.93761E-1 5.4132E-1 5.08124E-1 5.51447E-1 5.73364E-1 5.48415E-1 5.95707E-1 6.64721E-1 6.7453E-1 7.30385E-1 6.55279E-1 5.44572E-1 5.00296E-1 4.69122E-1 4.37679E-1 4.26711E-1 4.119E-1 4.09659E-1 3.89271E-1 4.06997E-1 3.85489E-1 3.74127E-1 3.90247E-1 4.02282E-1 4.00849E-1 3.9726E-1 4.00983E-1 3.94683E-1 3.84487E-1 3.88148E-1 3.87807E-1 3.89546E-1 3.79511E-1 3.82087E-1 3.86774E-1 3.79716E-1 3.78973E-1 3.78901E-1 3.79936E-1 3.79023E-1 3.7352E-1 3.70734E-1 3.70148E-1 3.7192E-1 3.69278E-1 3.61559E-1
4.04939E-1 4.22926E-1 4.44141E-1 4.8663E-1 5.31148E-1 5.34548E-1 5.49208E-1 5.25781E-1 5.09138E-1 5.11816E-1 5.49345E-1 5.82064E-1 6.04271E-1 6.55102E-1 6.5819E-1 5.33134E-1 5.31009E-1 5.18717E-1 5.60232E-1 6.96723E-1 6.87374E-1 6.3681E-1 7.49278E-1 7.46237E-1 7.23134E-1 6.45949E-1 5.38431E-1 5.16293E-1 5.03463E-1 4.70251E-1 4.48419E-1 4.43386E-1 4.26998E-1 4.07651E-1 4.20973E-1 4.05396E-1 4.1099E-1 4.1087E-1 4.06537E-1 4.04708E-1 4.05966E-1 4.01921E-1 3.93662E-1 3.94937E-1 3.86813E-1 3.7616E-1 3.79442E-1 3.80482E-1 3.8026E-1 3.80335E-1 3.83144E-1 3.79668E-1 3.82082E-1 3.83198E-1 3.80827E-1 3.77788E-1 3.73298E-1 3.7339E-1 3.70948E-1 3.68436E-1 3.60689E-1
4.8831E-1 5.00287E-1 5.21626E-1 5.59201E-1 5.62861E-1 5.5855E-1 5.58537E-1 5.04193E-1 5.15185E-1 5.07318E-1 5.33319E-1 4.71618E-1 5.00867E-1 5.56869E-1 5.77828E-1 5.17249E-1 5.13625E-1 5.31264E-1 6.13709E-1 6.19673E-1 6.93702E-1 6.37296E-1 7.10839E-1 7.45564E-1 7.67026E-1 6.38514E-1 5.45068E-1 5.02081E-1 5.07374E-1 4.83986E-1 4.61492E-1 4.52394E-1 4.39472E-1 4.27684E-1 4.36389E-1 4.24904E-1 4.37765E-1 4.23E-1 4.1137E-1 4.04932E-1 4.05865E-1 4.10104E-1 4.02186E-1 3.95028E-1 3.87968E-1 3.76711E-1 3.873E-1 3.86932E-1 3.80063E-1 3.7663E-1 3.77122E-1 3.75077E-1 3.80711E-1 3.81333E-1 3.81283E-1 3.79309E-1 3.78438E-1 3.7454E-1 3.71044E-1 3.64309E-1 3.61243E-1
5.19745E-1 5.43304E-1 5.70449E-1 5.20357E-1 4.86368E-1 5.11954E-1 5.72239E-1 5.27011E-1 4.89886E-1 4.77145E-1 5.69522E-1 5.19201E-1 5.10995E-1 5.8851E-1 4.75292E-1 4.87771E-1 6.2831E-1 6.42107E-1 6.96109E-1 6.86067E-1 6.75736E-1 7.28491E-1 7.0062E-1 6.21388E-1 6.79883E-1 5.39273E-1 5.04293E-1 5.11471E-1 4.74413E-1 4.6848E-1 4.57772E-1 4.58928E-1 4.49245E-1 4.40807E-1 4.33156E-1 4.40925E-1 4.31511E-1 4.25045E-1 4.17136E-1 4.1077E-1 4.07284E-1 4.07303E-1 4.05383E-1 4.0578E-1 4.03497E-1 3.95464E-1 3.91202E-1 3.89887E-1 3.83409E-1 3.77865E-1 3.73491E-1 3.74905E-1 3.80102E-1 3.83743E-1 3.83816E-1 3.80987E-1 3.75917E-1 3.72665E-1 3.67537E-1 3.60847E-1 3.5955E-1
5.54434E-1 5.25233E-1 4.50935E-1 3.76476E-1 3.81301E-1 3.90712E-1 4.66122E-1 5.10863E-1 4.47236E-1 4.89693E-1 5.02867E-1 5.22763E-1 5.46131E-1 6.03127E-1 5.73144E-1 5.92564E-1 5.09109E-1 6.434E-1 6.66951E-1 6.54151E-1 6.50726E-1 7.05784E-1 5.4975E-1 4.67782E-1 5.95807E-1 6.39265E-1 4.88275E-1 5.46796E-1 4.86852E-1 4.37581E-1 4.27363E-1 4.5129E-1 4.39695E-1 4.35063E-1 4.2978E-1 4.26009E-1 4.17713E-1 4.22758E-1 4.18682E-1 4.15755E-1 4.13417E-1 4.10251E-1 4.13967E-1 4.12252E-1 4.11753E-1 4.02503E-1 3.94893E-1 3.94522E-1 3.86983E-1 3.78477E-1 3.78303E-1 3.77767E-1 3.84565E-1 3.83025E-1 3.81054E-1 3.77949E-1 3.7737E-1 3.7751E-1 3.73116E-1 3.67798E-1 3.68129E-1
4.93832E-1 4.04109E-1 3.44196E-1 3.97058E-1 4.69407E-1 4.57515E-1 4.20096E-1 4.49925E-1 5.4432E-1 5.75214E-1 6.2266E-1 6.21032E-1 5.64253E-1 4.73713E-1 5.96138E-1 6.39682E-1 6.49472E-1 6.42172E-1 6.71108E-1 6.74329E-1 6.14084E-1 6.36848E-1 4.34264E-1 4.08379E-1 5.01877E-1 4.80621E-1 4.77733E-1 5.10606E-1 5.23323E-1 4.61666E-1 4.50533E-1 4.48132E-1 4.39952E-1 4.38594E-1 4.38561E-1 4.32317E-1 4.24316E-1 4.08741E-1 4.14719E-1 4.16951E-1 4.13742E-1 4.07259E-1 4.0527E-1 4.05651E-1 4.04269E-1 3.94953E-1 3.97222E-1 3.92017E-1 3.8315E-1 3.78474E-1 3.81015E-1 3.80963E-1 3.87816E-1 3.85613E-1 3.78053E-1 3.76353E-1 3.78327E-1 3.82067E-1 3.83045E-1 3.75352E-1 3.67812E-1
3.53948E-1 3.38683E-1 3.46242E-1 4.86135E-1 5.21749E-1 5.42442E-1 5.23126E-1 4.41196E-1 5.19688E-1 5.66337E-1 5.01077E-1 5.28772E-1 5.08432E-1 5.03591E-1 5.23822E-1 5.85244E-1 5.39247E-1 6.19243E-1 5.63011E-1 6.68565E-1 6.55171E-1 5.82346E-1 4.47716E-1 4.07202E-1 4.44399E-1 4.62739E-1 4.64831E-1 5.67538E-1 5.35057E-1 4.82058E-1 4.54237E-1 4.37829E-1 4.39534E-1 4.35674E-1 4.29636E-1 4.33944E-1 4.23501E-1 4.14952E-1 3.98052E-1 4.00588E-1 3.91017E-1 3.83607E-1 3.9146E-1 3.99945E-1 3.96888E-1 3.97129E-1 4.02793E-1 3.89123E-1 3.85393E-1 3.8001E-1 3.79688E-1 3.83366E-1 3.88348E-1 3.85876E-1 3.7736E-1 3.73823E-1 3.7775E-1 3.82501E-1 3.86285E-1 3.75008E-1 3.69393E-1
3.9047E-1 4.04301E-1 4.40918E-1 4.87615E-1 5.57819E-1 5.67121E-1 5.15745E-1 5.26383E-1 4.54265E-1 4.27474E-1 4.39493E-1 4.55519E-1 4.83475E-1 5.78926E-1 5.93001E-1 5.42285E-1 4.51959E-1 5.30184E-1 6.02157E-1 6.52655E-1 6.58598E-1 4.78775E-1 5.02753E-1 4.72661E-1 4.93001E-1 4.6746E-1 4.81723E-1 6.03135E-1 5.97123E-1 4.65478E-1 4.49047E-1 4.37714E-1 4.44293E-1 4.30053E-1 4.20228E-1 4.13331E-1 4.25429E-1 4.15251E-1 3.95823E-1 3.88974E-1 3.72138E-1 3.61898E-1 3.77088E-1 3.90666E-1 3.91264E-1 3.9368E-1 3.95502E-1 3.95079E-1 3.90276E-1 3.86546E-1 3.90445E-1 3.9406E-1 3.92019E-1 3.93704E-1 3.84816E-1 3.83201E-1 3.86569E-1 3.8498E-1 3.7978E-1 3.73666E-1 3.6745E-1
4.1434E-1 4.65452E-1 5.97137E-1 5.51265E-1 5.21869E-1 5.64697E-1 5.703E-1 5.47854E-1 5.13311E-1 4.5304E-1 4.44325E-1 5.00728E-1 4.63103E-1 5.40503E-1 5.23524E-1 4.81543E-1 3.44365E-1 4.32617E-1 5.386E-1 6.2612E-1 6.7268E-1 4.93046E-1 5.38753E-1 5.44441E-1 5.21686E-1 5.1255E-1 5.29781E-1 5.74614E-1 5.35527E-1 4.48779E-1 4.27601E-1 4.16325E-1 4.27541E-1 4.22035E-1 4.13033E-1 4.01945E-1 4.17103E-1 3.99197E-1 3.90378E-1 3.75471E-1 3.70172E-1 3.59968E-1 3.5665E-1 3.75558E-1 3.83798E-1 3.856E-1 3.87184E-1 3.87444E-1 3.85192E-1 3.83103E-1 3.88386E-1 3.92641E-1 3.98388E-1 3.95299E-1 3.96919E-1 3.96472E-1 3.92161E-1 3.86922E-1 3.79198E-1 3.71565E-1 3.67742E-1
4.40591E-1 4.68371E-1 6.32017E-1 5.50463E-1 4.95871E-1 4.85845E-1 5.50646E-1 5.77107E-1 5.87208E-1 5.19869E-1 4.64287E-1 4.69236E-1 4.61287E-1 4.30272E-1 3.7916E-1 3.52134E-1 3.78106E-1 3.61352E-1 3.96033E-1 4.87905E-1 6.60144E-1 5.52999E-1 5.91032E-1 5.32599E-1 5.37843E-1 5.36768E-1 5.28876E-1 4.8839E-1 4.66758E-1 4.4302E-1 4.17796E-1 4.01016E-1 4.09934E-1 4.03399E-1 3.95622E-1 3.84734E-1 3.9303E-1 3.73073E-1 3.69896E-1 3.71103E-1 3.58144E-1 3.5365E-1 3.52148E-1 3.58292E-1 3.77074E-1 3.79958E-1 3.80944E-1 3.79469E-1 3.81319E-1 3.81567E-1 3.8244E-1 3.86554E-1 3.91896E-1 3.96912E-1 3.94325E-1 3.94771E-1 3.93105E-1 3.8771E-1 3.80175E-1 3.73926E-1 3.73298E-1
4.43153E-1 4.35103E-1 4.82645E-1 5.12963E-1 4.99718E-1 4.88049E-1 4.66323E-1 5.0412E-1 5.56446E-1 5.58963E-1 5.25294E-1 4.96386E-1 5.85201E-1 5.93517E-1 4.62474E-1 4.42365E-1 5.05286E-1 4.24072E-1 5.49854E-1 5.58664E-1 5.81991E-1 5.54748E-1 4.25096E-1 6.22902E-1 4.81815E-1 4.73602E-1 5.31E-1 5.0515E-1 4.50294E-1 4.27192E-1 4.20757E-1 3.93606E-1 3.88002E-1 3.92763E-1 3.79501E-1 3.70394E-1 3.68606E-1 3.63377E-1 3.62337E-1 3.6707E-1 3.571E-1 3.49737E-1 3.49396E-1 3.50587E-1 3.66973E-1 3.69748E-1 3.79303E-1 3.78696E-1 3.82386E-1 3.83894E-1 3.83971E-1 3.87754E-1 3.88977E-1 3.94969E-1 3.95548E-1 3.92446E-1 3.91955E-1 3.9077E-1 3.94126E-1 3.86871E-1 3.79349E-1
4.72299E-1 4.54556E-1 4.71886E-1 4.9119E-1 5.05262E-1 4.80332E-1 4.84211E-1 5.13281E-1 5.25802E-1 5.42301E-1 5.62777E-1 5.70441E-1 6.53509E-1 6.51923E-1 5.65352E-1 5.34822E-1 5.90716E-1 5.01364E-1 5.31021E-1 4.97551E-1 4.71143E-1 4.09377E-1 3.61318E-1 5.32809E-1 6.18273E-1 4.64348E-1 5.47434E-1 6.13685E-1 4.9537E-1 4.42335E-1 4.16799E-1 3.96189E-1 3.87353E-1 3.69524E-1 3.79862E-1 3.73479E-1 3.69738E-1 3.67256E-1 3.64655E-1 3.56217E-1 3.42564E-1 3.48285E-1 3.56645E-1 3.56053E-1 3.62062E-1 3.6183E-1 3.70294E-1 3.79651E-1 3.8183E-1 3.86285E-1 3.87817E-1 3.92268E-1 3.93531E-1 3.91068E-1 3.89897E-1 3.93186E-1 3.91376E-1 3.97657E-1 4.00043E-1 3.9127E-1 3.91607E-1
5.77303E-1 5.45229E-1 4.16231E-1 4.35086E-1 5.04423E-1 5.17237E-1 5.16131E-1 5.45896E-1 5.923E-1 6.18696E-1 6.17463E-1 6.53789E-1 6.39561E-1 6.57694E-1 5.77618E-1 6.02009E-1 6.18329E-1 6.08241E-1 6.41336E-1 5.88135E-1 4.38633E-1 3.42312E-1 3.36304E-1 3.63913E-1 6.14742E-1 5.36041E-1 4.94993E-1 6.27508E-1 5.27742E-1 4.5467E-1 4.62498E-1 4.64027E-1 4.28102E-1 3.87932E-1 3.81895E-1 3.71701E-1 3.78715E-1 3.90555E-1 3.70105E-1 3.68727E-1 3.65962E-1 3.70146E-1 3.71486E-1 3.81394E-1 3.74859E-1 3.73536E-1 3.8081E-1 3.88252E-1 3.82174E-1 3.84539E-1 3.90978E-1 3.9753E-1 3.98223E-1 3.90443E-1 3.92446E-1 3.96149E-1 3.97731E-1 4.00696E-1 3.99675E-1 3.97263E-1 3.92551E-1
5.55409E-1 5.40929E-1 4.79633E-1 4.35506E-1 4.45083E-1 5.36786E-1 5.34797E-1 5.27481E-1 6.01372E-1 6.76321E-1 6.82682E-1 6.55862E-1 6.49133E-1 6.23799E-1 5.52015E-1 4.94676E-1 5.34815E-1 5.52969E-1 5.37745E-1 4.59602E-1 3.85641E-1 3.58735E-1 3.51491E-1 3.48686E-1 4.30775E-1 5.7316E-1 5.13941E-1 5.14016E-1 5.23234E-1 4.84025E-1 4.82677E-1 4.91441E-1 4.73437E-1 4.36506E-1 4.09659E-1 4.11102E-1 4.16657E-1 4.30594E-1 4.09867E-1 3.98845E-1 4.03247E-1 4.02563E-1 4.00137E-1 3.92073E-1 3.92784E-1 3.87237E-1 3.81874E-1 3.85354E-1 3.86588E-1 3.85362E-1 3.94602E-1 3.95879E-1 3.99009E-1 3.95389E-1 3.95338E-1 3.99637E-1 4.02421E-1 4.03306E-1 4.0187E-1 3.96011E-1 3.9221E-1
4.71817E-1 4.59609E-1 4.65558E-1 4.88063E-1 4.8334E-1 4.70652E-1 5.25305E-1 5.36613E-1 6.08276E-1 6.72052E-1 6.57527E-1 6.35042E-1 6.74758E-1 6.78388E-1 6.30124E-1 6.47606E-1 6.64196E-1 6.27686E-1 6.21658E-1 5.50355E-1 3.96682E-1 3.46187E-1 3.41744E-1 3.4498E-1 4.77568E-1 6.29862E-1 5.13481E-1 5.21748E-1 5.05666E-1 5.14842E-1 5.00008E-1 5.05529E-1 4.65864E-1 4.61443E-1 4.40501E-1 4.59551E-1 4.71707E-1 4.82626E-1 4.6237E-1 4.57229E-1 4.23202E-1 4.11484E-1 4.04062E-1 3.99724E-1 4.01214E-1 3.9549E-1 3.96977E-1 3.9154E-1 3.89418E-1 3.90061E-1 3.92136E-1 3.92626E-1 3.96705E-1 3.99117E-1 4.0106E-1 3.98256E-1 4.01197E-1 4.02638E-1 4.01739E-1 3.95083E-1 3.94745E-1
4.26558E-1 4.1601E-1 4.07093E-1 4.29566E-1 4.82771E-1 4.98941E-1 4.66065E-1 4.94551E-1 5.43722E-1 6.85315E-1 6.19809E-1 5.60674E-1 5.71734E-1 6.25881E-1 5.30686E-1 5.41992E-1 5.95704E-1 6.49571E-1 6.74E-1 6.77896E-1 5.18435E-1 3.61564E-1 3.49258E-1 3.51379E-1 3.79398E-1 4.2434E-1 5.6313E-1 5.95269E-1 5.98649E-1 5.38892E-1 5.02072E-1 4.60417E-1 4.54363E-1 4.35944E-1 4.26428E-1 4.69436E-1 4.88118E-1 4.8729E-1 4.58042E-1 4.5275E-1 4.35431E-1 4.30454E-1 4.25492E-1 4.13009E-1 4.0631E-1 4.05975E-1 4.01003E-1 3.96805E-1 3.95433E-1 3.98772E-1 4.01747E-1 4.03378E-1 4.06877E-1 4.03626E-1 4.0888E-1 4.062E-1 4.00746E-1 4.03818E-1 4.04374E-1 3.99914E-1 3.97475E-1
3.93751E-1 3.91001E-1 3.97661E-1 4.11681E-1 4.63754E-1 5.27296E-1 5.11323E-1 5.111E-1 5.18625E-1 5.07579E-1 4.93113E-1 4.67958E-1 4.62179E-1 5.23018E-1 5.20167E-1 4.42271E-1 4.80058E-1 6.3747E-1 6.72538E-1 6.19797E-1 4.84168E-1 3.85133E-1 3.74361E-1 3.96045E-1 3.79519E-1 4.27487E-1 6.19184E-1 6.39327E-1 5.71862E-1 5.40409E-1 5.43963E-1 4.78178E-1 4.44578E-1 4.3427E-1 4.50884E-1 4.66851E-1 4.66108E-1 4.55845E-1 4.61286E-1 4.52517E-1 4.40756E-1 4.36931E-1 4.31097E-1 4.24336E-1 4.15338E-1 4.09648E-1 4.08608E-1 4.02719E-1 4.01731E-1 4.03864E-1 4.07474E-1 4.10993E-1 4.13326E-1 4.1504E-1 4.14206E-1 4.08752E-1 4.03912E-1 4.05534E-1 4.04243E-1 3.99995E-1 3.99346E-1
3.98144E-1 4.02736E-1 4.12563E-1 4.02332E-1 3.8723E-1 4.1205E-1 4.99241E-1 4.90156E-1 4.663E-1 4.58743E-1 4.81657E-1 4.54172E-1 4.2494E-1 4.90131E-1 4.77246E-1 4.64889E-1 4.70146E-1 5.50014E-1 6.6827E-1 6.11166E-1 5.31193E-1 4.36169E-1 3.92769E-1 3.93684E-1 3.74075E-1 4.42563E-1 6.44628E-1 5.99926E-1 5.59996E-1 5.31006E-1 5.37019E-1 5.48385E-1 4.97881E-1 4.68891E-1 4.74177E-1 4.79592E-1 5.1213E-1 4.99677E-1 4.92807E-1 4.8383E-1 4.6179E-1 4.47942E-1 4.42177E-1 4.37103E-1 4.27781E-1 4.21432E-1 4.24624E-1 4.18179E-1 4.1788E-1 4.23848E-1 4.17488E-1 4.22034E-1 4.21805E-1 4.20057E-1 4.22982E-1 4.17673E-1 4.18456E-1 4.14342E-1 4.01589E-1 4.02756E-1 4.03885E-1
4.12314E-1 4.34431E-1 4.53606E-1 4.6602E-1 3.95593E-1 3.88361E-1 4.24887E-1 4.71417E-1 4.51787E-1 4.40623E-1 4.60274E-1 4.7329E-1 4.78167E-1 4.55121E-1 4.66201E-1 4.71522E-1 4.55555E-1 4.67813E-1 5.00135E-1 6.0008E-1 5.58037E-1 4.77535E-1 4.06455E-1 3.6746E-1 4.23326E-1 5.89911E-1 6.42122E-1 5.68722E-1 5.5149E-1 5.5139E-1 5.51928E-1 5.01852E-1 5.05879E-1 5.00195E-1 5.24344E-1 5.2897E-1 4.99986E-1 4.94346E-1 4.91959E-1 4.79823E-1 4.69367E-1 4.53823E-1 4.5284E-1 4.39677E-1 4.3739E-1 4.37063E-1 4.33163E-1 4.25093E-1 4.22167E-1 4.27045E-1 4.20571E-1 4.2102E-1 4.22888E-1 4.21105E-1 4.2012E-1 4.28844E-1 4.33119E-1 4.28617E-1 4.21493E-1 4.18683E-1 4.10401E-1
4.20602E-1 4.49403E-1 5.39692E-1 5.15085E-1 4.22845E-1 3.83388E-1 3.92774E-1 4.14609E-1 4.35994E-1 4.35007E-1 4.43069E-1 4.43584E-1 4.7E-1 4.32207E-1 4.6406E-1 4.42406E-1 4.93411E-1 4.79108E-1 4.4001E-1 6.01957E-1 5.65572E-1 5.1009E-1 4.22071E-1 4.06857E-1 4.94646E-1 6.62781E-1 5.92498E-1 5.64455E-1 5.32013E-1 5.23229E-1 5.10958E-1 4.45067E-1 4.70715E-1 4.69626E-1 4.92485E-1 4.98562E-1 4.79456E-1 4.78656E-1 4.78697E-1 4.80935E-1 4.6975E-1 4.63043E-1 4.46078E-1 4.34717E-1 4.32989E-1 4.31421E-1 4.25988E-1 4.23083E-1 4.23027E-1 4.24619E-1 4.22657E-1 4.22477E-1 4.22441E-1 4.27376E-1 4.27386E-1 4.27487E-1 4.33108E-1 4.33217E-1 4.30408E-1 4.33563E-1 4.2466E-1
4.10182E-1 4.42695E-1 5.25192E-1 4.68582E-1 4.48723E-1 3.89867E-1 3.9323E-1 4.21405E-1 4.46326E-1 4.37728E-1 4.53417E-1 4.61471E-1 4.6709E-1 4.29118E-1 4.61014E-1 4.27869E-1 4.64855E-1 4.60746E-1 4.21661E-1 5.41443E-1 5.98413E-1 5.47232E-1 4.41526E-1 4.07541E-1 5.51167E-1 7.11611E-1 5.6766E-1 5.89645E-1 5.28771E-1 4.72271E-1 4.24235E-1 4.50824E-1 4.93694E-1 4.8912E-1 4.72373E-1 4.75492E-1 4.75671E-1 4.86345E-1 4.93293E-1 4.80209E-1 4.66117E-1 4.55611E-1 4.46525E-1 4.48232E-1 4.41246E-1 4.4547E-1 4.37258E-1 4.302E-1 4.23599E-1 4.24989E-1 4.32192E-1 4.30351E-1 4.28423E-1 4.28279E-1 4.25203E-1 4.31014E-1 4.35396E-1 4.39348E-1 4.39285E-1 4.36998E-1 4.37765E-1
4.14698E-1 4.49403E-1 4.85726E-1 5.96552E-1 5.08865E-1 4.26551E-1 4.06777E-1 4.19992E-1 4.46965E-1 4.46971E-1 4.53089E-1 4.51234E-1 4.659E-1 4.1079E-1 4.38341E-1 4.46842E-1 4.96247E-1 5.15126E-1 4.65209E-1 5.28548E-1 5.8282E-1 5.18199E-1 4.51715E-1 4.0239E-1 4.66804E-1 6.13467E-1 5.68796E-1 6.20063E-1 4.89478E-1 4.41248E-1 4.16293E-1 4.30058E-1 4.57642E-1 4.66432E-1 4.63301E-1 4.76241E-1 4.775E-1 4.8122E-1 4.79978E-1 4.79362E-1 4.68255E-1 4.5656E-1 4.55524E-1 4.54244E-1 4.4744E-1 4.45316E-1 4.35028E-1 4.34768E-1 4.35468E-1 4.35574E-1 4.41403E-1 4.4107E-1 4.30247E-1 4.25062E-1 4.18921E-1 4.2425E-1 4.29866E-1 4.32778E-1 4.43515E-1 4.47308E-1 4.4381E-1
4.24678E-1 4.65995E-1 4.83892E-1 5.32096E-1 5.43043E-1 4.46012E-1 4.12793E-1 4.22789E-1 4.30444E-1 4.30228E-1 4.50309E-1 4.38052E-1 4.49773E-1 3.977E-1 3.96576E-1 4.26538E-1 4.59464E-1 5.55007E-1 4.82378E-1 4.61638E-1 4.66436E-1 4.44643E-1 4.49648E-1 5.08965E-1 5.85455E-1 6.57254E-1 6.03926E-1 5.78786E-1 5.22121E-1 4.71373E-1 4.30247E-1 4.24468E-1 4.3118E-1 4.48871E-1 4.61738E-1 4.58192E-1 4.78795E-1 4.7821E-1 4.72087E-1 4.65156E-1 4.53107E-1 4.47966E-1 4.49709E-1 4.53692E-1 4.53467E-1 4.47471E-1 4.44847E-1 4.4511E-1 4.4424E-1 4.42486E-1 4.48876E-1 4.46606E-1 4.37789E-1 4.32404E-1 4.24831E-1 4.21696E-1 4.20104E-1 4.30267E-1 4.4142E-1 4.50684E-1 4.56647E-1
4.16628E-1 4.76774E-1 4.97241E-1 4.68133E-1 5.50046E-1 4.98781E-1 4.27456E-1 4.35904E-1 4.42287E-1 4.42152E-1 4.34372E-1 4.21536E-1 4.03906E-1 4.07957E-1 3.93165E-1 4.20767E-1 5.42004E-1 6.12537E-1 5.96271E-1 6.18191E-1 5.18796E-1 4.45614E-1 5.00148E-1 5.55741E-1 6.7766E-1 6.17413E-1 5.84993E-1 5.27407E-1 4.99648E-1 4.67994E-1 4.60064E-1 4.6986E-1 4.45183E-1 4.47311E-1 4.62366E-1 4.82693E-1 4.7454E-1 4.6661E-1 4.65477E-1 4.48886E-1 4.52238E-1 4.52557E-1 4.50103E-1 4.49345E-1 4.50749E-1 4.56838E-1 4.48102E-1 4.50416E-1 4.46261E-1 4.48549E-1 4.5235E-1 4.52524E-1 4.49185E-1 4.42166E-1 4.36324E-1 4.30669E-1 4.34092E-1 4.38928E-1 4.38648E-1 4.44487E-1 4.48432E-1
