maxent_outputs/hummingbirds/hummingbird_228.asc
ncols         426
nrows         180
xllcorner     -130.0
yllcorner     24.0
cellsize      0.16666666666666666
NODATA_value  -9999
[rows 54 to 80 of 180, columns 183 to 243 of 426]
3.23281E-1 3.30573E-1 3.38628E-1 3.3529E-1 3.30456E-1 3.27306E-1 3.24022E-1 3.21033E-1 3.2424E-1 3.24588E-1 3.25009E-1 3.26449E-1 3.25796E-1 3.24676E-1 3.12738E-1 3.18805E-1 3.34445E-1 3.40917E-1 3.50333E-1 3.49267E-1 3.40457E-1 3.37657E-1 3.49905E-1 3.66067E-1 3.61368E-1 3.55862E-1 3.38286E-1 3.30229E-1 3.25644E-1 3.32843E-1 3.40589E-1 3.44565E-1 3.45811E-1 3.50642E-1 3.58535E-1 3.7181E-1 3.72161E-1 3.74105E-1 3.75022E-1 3.64678E-1 3.71348E-1 3.56736E-1 3.57032E-1 3.55262E-1 3.60345E-1 3.58148E-1 3.5722E-1 3.47914E-1 3.46528E-1 3.49716E-1 3.54559E-1 3.51462E-1 3.552E-1 3.60064E-1 3.65041E-1 3.66425E-1 3.69527E-1 3.69862E-1 3.80052E-1 3.84045E-1 3.82518E-1
3.20562E-1 3.25826E-1 3.30135E-1 3.29495E-1 3.28692E-1 3.32598E-1 3.24459E-1 3.25138E-1 3.24164E-1 3.25146E-1 3.25721E-1 3.31591E-1 3.24986E-1 3.19187E-1 3.15221E-1 3.19993E-1 3.30178E-1 3.38915E-1 3.54271E-1 3.57132E-1 3.53092E-1 3.49715E-1 3.53149E-1 3.65334E-1 3.70969E-1 3.54383E-1 3.42544E-1 3.31294E-1 3.34057E-1 3.43446E-1 3.44494E-1 3.41427E-1 3.41653E-1 3.47679E-1 3.47916E-1 3.55804E-1 3.69935E-1 3.73352E-1 3.67742E-1 3.73959E-1 3.75331E-1 3.73219E-1 3.66592E-1 3.64956E-1 3.68047E-1 3.65979E-1 3.6677E-1 3.63998E-1 3.58878E-1 3.58139E-1 3.66804E-1 3.74735E-1 3.71553E-1 3.6719E-1 3.67277E-1 3.72893E-1 3.75374E-1 3.84552E-1 3.95315E-1 4.00377E-1 3.99547E-1
3.32593E-1 3.33601E-1 3.37504E-1 3.34698E-1 3.36117E-1 3.36608E-1 3.35483E-1 3.29928E-1 3.31746E-1 3.28357E-1 3.28689E-1 3.31194E-1 3.302E-1 3.24123E-1 3.30701E-1 3.20803E-1 3.23633E-1 3.31621E-1 3.43164E-1 3.50865E-1 3.59665E-1 3.61897E-1 3.63327E-1 3.6479E-1 3.6358E-1 3.60768E-1 3.59051E-1 3.48829E-1 3.44075E-1 3.43886E-1 3.43758E-1 3.40136E-1 3.41792E-1 3.49258E-1 3.46074E-1 3.5504E-1 3.63226E-1 3.67974E-1 3.69258E-1 3.7176E-1 3.7544E-1 3.80978E-1 3.84309E-1 3.76733E-1 3.783E-1 3.77807E-1 3.78313E-1 3.75551E-1 3.70307E-1 3.60997E-1 3.6444E-1 3.68807E-1 3.77583E-1 3.69575E-1 3.69962E-1 3.74379E-1 3.7686E-1 3.84075E-1 3.9497E-1 4.01758E-1 3.98527E-1
3.30042E-1 3.29417E-1 3.36409E-1 3.3564E-1 3.38672E-1 3.39506E-1 3.37726E-1 3.37576E-1 3.38146E-1 3.33667E-1 3.31347E-1 3.35553E-1 3.35293E-1 3.30648E-1 3.23763E-1 3.20504E-1 3.17914E-1 3.21975E-1 3.30611E-1 3.35928E-1 3.47476E-1 3.56932E-1 3.61574E-1 3.63743E-1 3.6327E-1 3.64343E-1 3.59062E-1 3.54943E-1 3.53743E-1 3.53506E-1 3.4478E-1 3.37977E-1 3.30157E-1 3.38689E-1 3.45059E-1 3.5524E-1 3.6782E-1 3.6921E-1 3.67168E-1 3.70992E-1 3.67892E-1 3.6525E-1 3.67171E-1 3.78821E-1 3.82299E-1 3.81035E-1 3.8022E-1 3.81251E-1 3.74967E-1 3.67239E-1 3.69775E-1 3.69511E-1 3.8408E-1 3.85494E-1 3.80798E-1 3.80843E-1 3.8854E-1 3.95685E-1 4.01301E-1 3.93704E-1 3.95436E-1
3.26139E-1 3.2419E-1 3.25129E-1 3.31293E-1 3.37977E-1 3.46131E-1 3.43588E-1 3.43707E-1 3.4214E-1 3.38185E-1 3.36093E-1 3.41861E-1 3.52587E-1 3.34893E-1 3.30246E-1 3.16709E-1 3.17365E-1 3.17493E-1 3.22671E-1 3.3465E-1 3.41551E-1 3.49609E-1 3.57642E-1 3.61503E-1 3.64803E-1 3.63794E-1 3.60531E-1 3.58524E-1 3.54583E-1 3.50847E-1 3.4766E-1 3.45756E-1 3.3847E-1 3.42354E-1 3.52774E-1 3.59572E-1 3.63832E-1 3.67006E-1 3.62689E-1 3.60515E-1 3.65758E-1 3.64977E-1 3.66083E-1 3.69409E-1 3.71131E-1 3.8072E-1 3.81076E-1 3.83256E-1 3.7699E-1 3.77819E-1 3.77638E-1 3.80311E-1 3.86334E-1 3.93549E-1 3.8589E-1 3.91339E-1 4.0253E-1 4.0782E-1 4.02543E-1 3.95273E-1 3.9797E-1
3.43358E-1 3.29663E-1 3.24915E-1 3.25431E-1 3.2992E-1 3.5076E-1 3.48086E-1 3.48528E-1 3.46436E-1 3.43379E-1 3.40606E-1 3.38194E-1 3.40851E-1 3.3804E-1 3.33613E-1 3.2616E-1 3.2368E-1 3.22614E-1 3.22669E-1 3.27812E-1 3.36153E-1 3.45647E-1 3.55204E-1 3.57686E-1 3.58628E-1 3.58467E-1 3.60127E-1 3.59282E-1 3.54916E-1 3.54865E-1 3.47071E-1 3.42217E-1 3.4628E-1 3.42029E-1 3.47011E-1 3.51589E-1 3.56867E-1 3.60285E-1 3.6091E-1 3.56295E-1 3.61507E-1 3.62984E-1 3.64506E-1 3.64052E-1 3.72502E-1 3.8064E-1 3.9166E-1 3.97343E-1 3.87186E-1 3.85358E-1 3.92392E-1 3.85523E-1 3.85896E-1 3.92698E-1 3.95935E-1 4.03345E-1 4.11392E-1 4.1549E-1 4.06805E-1 4.05774E-1 4.09137E-1
3.5095E-1 3.49525E-1 3.38428E-1 3.32604E-1 3.36171E-1 3.45272E-1 3.51274E-1 3.54669E-1 3.52914E-1 3.47805E-1 3.49201E-1 3.44347E-1 3.42652E-1 3.44726E-1 3.45014E-1 3.39749E-1 3.35905E-1 3.32939E-1 3.2955E-1 3.29493E-1 3.37065E-1 3.40493E-1 3.48432E-1 3.47318E-1 3.53453E-1 3.52015E-1 3.55248E-1 3.54731E-1 3.5699E-1 3.56665E-1 3.48285E-1 3.4726E-1 3.45053E-1 3.42882E-1 3.42952E-1 3.47741E-1 3.52763E-1 3.53999E-1 3.54458E-1 3.52151E-1 3.53565E-1 3.58835E-1 3.63072E-1 3.68751E-1 3.71808E-1 3.7688E-1 3.84962E-1 3.97825E-1 4.09335E-1 4.04282E-1 4.00665E-1 3.94476E-1 3.88024E-1 3.91237E-1 4.02176E-1 4.07806E-1 4.12142E-1 4.19557E-1 4.1555E-1 4.15155E-1 4.27839E-1
3.70076E-1 3.53362E-1 3.44972E-1 3.41187E-1 3.42142E-1 3.46348E-1 3.55663E-1 3.56219E-1 3.57921E-1 3.56085E-1 3.47934E-1 3.51253E-1 3.43928E-1 3.41775E-1 3.45267E-1 3.43762E-1 3.44577E-1 3.38961E-1 3.34354E-1 3.36654E-1 3.38968E-1 3.39527E-1 3.41383E-1 3.43057E-1 3.43792E-1 3.5512E-1 3.52566E-1 3.48105E-1 3.52607E-1 3.53037E-1 3.5673E-1 3.50026E-1 3.49399E-1 3.44339E-1 3.427E-1 3.49226E-1 3.52532E-1 3.57632E-1 3.58601E-1 3.59408E-1 3.5245E-1 3.51179E-1 3.61473E-1 3.75262E-1 3.82936E-1 3.86984E-1 3.9196E-1 4.03195E-1 4.08365E-1 4.2679E-1 4.07335E-1 3.9397E-1 3.90408E-1 4.01019E-1 4.00329E-1 4.04015E-1 4.09205E-1 4.19086E-1 4.16505E-1 4.2166E-1 4.33975E-1
3.81696E-1 3.70827E-1 3.59273E-1 3.50762E-1 3.47318E-1 3.50331E-1 3.51859E-1 3.59376E-1 3.60965E-1 3.57527E-1 3.54105E-1 3.49411E-1 3.52462E-1 3.52402E-1 3.5134E-1 3.51171E-1 3.55064E-1 3.51779E-1 3.42279E-1 3.36983E-1 3.38563E-1 3.3889E-1 3.40669E-1 3.44349E-1 3.43565E-1 3.44064E-1 3.48656E-1 3.42977E-1 3.43755E-1 3.56243E-1 3.65085E-1 3.61106E-1 3.55418E-1 3.48682E-1 3.50775E-1 3.51244E-1 3.59281E-1 3.65696E-1 3.6407E-1 3.68829E-1 3.61728E-1 3.5468E-1 3.57912E-1 3.71111E-1 3.81305E-1 3.7999E-1 3.79229E-1 3.9018E-1 4.07643E-1 4.40331E-1 4.2093E-1 3.82333E-1 3.94694E-1 4.09715E-1 4.08041E-1 4.10694E-1 4.19867E-1 4.19981E-1 4.1834E-1 4.2882E-1 4.41805E-1
3.76368E-1 3.89871E-1 3.76232E-1 3.65666E-1 3.49883E-1 3.4955E-1 3.51262E-1 3.57264E-1 3.6035E-1 3.61485E-1 3.56596E-1 3.54413E-1 3.56114E-1 3.52686E-1 3.51833E-1 3.48384E-1 3.5046E-1 3.4797E-1 3.42102E-1 3.40256E-1 3.4138E-1 3.44172E-1 3.42563E-1 3.4359E-1 3.43355E-1 3.49036E-1 3.56047E-1 3.43422E-1 3.46175E-1 3.5414E-1 3.6415E-1 3.62741E-1 3.56851E-1 3.56768E-1 3.52761E-1 3.55104E-1 3.58431E-1 3.67426E-1 3.70278E-1 3.73467E-1 3.70967E-1 3.69032E-1 3.65226E-1 3.68221E-1 3.81814E-1 3.86696E-1 3.90118E-1 4.04151E-1 4.2313E-1 4.58987E-1 4.43596E-1 4.11903E-1 4.1405E-1 4.16291E-1 4.24554E-1 4.25981E-1 4.30043E-1 4.34472E-1 4.29139E-1 4.33605E-1 4.37552E-1
3.71669E-1 3.68789E-1 3.78069E-1 3.83394E-1 3.63028E-1 3.56916E-1 3.64017E-1 3.61739E-1 3.66903E-1 3.6999E-1 3.63939E-1 3.60306E-1 3.60525E-1 3.59495E-1 3.52471E-1 3.48697E-1 3.45562E-1 3.45593E-1 3.46105E-1 3.46676E-1 3.49428E-1 3.54759E-1 3.49596E-1 3.42897E-1 3.43073E-1 3.44394E-1 3.48527E-1 3.52837E-1 3.61988E-1 3.61234E-1 3.61977E-1 3.5876E-1 3.55348E-1 3.60039E-1 3.59263E-1 3.59362E-1 3.61511E-1 3.68277E-1 3.74107E-1 3.73538E-1 3.75724E-1 3.76989E-1 3.73603E-1 3.77699E-1 3.84015E-1 3.90541E-1 3.98179E-1 3.99371E-1 4.18106E-1 4.43927E-1 4.54705E-1 4.29456E-1 4.21496E-1 4.28113E-1 4.34744E-1 4.3181E-1 4.3121E-1 4.40147E-1 4.31853E-1 4.34039E-1 4.31721E-1
3.69352E-1 3.68726E-1 3.61902E-1 3.66718E-1 3.80084E-1 3.7657E-1 3.72485E-1 3.75372E-1 3.71418E-1 3.72201E-1 3.76404E-1 3.77853E-1 3.69765E-1 3.62925E-1 3.55947E-1 3.46854E-1 3.42708E-1 3.41121E-1 3.48818E-1 3.50148E-1 3.55815E-1 3.56094E-1 3.49115E-1 3.39222E-1 3.44267E-1 3.47468E-1 3.50658E-1 3.56787E-1 3.63523E-1 3.63965E-1 3.57312E-1 3.53598E-1 3.53261E-1 3.57423E-1 3.63798E-1 3.61971E-1 3.66285E-1 3.65044E-1 3.699E-1 3.72947E-1 3.70207E-1 3.76277E-1 3.83368E-1 3.82513E-1 3.91778E-1 3.96445E-1 4.0327E-1 4.04206E-1 4.1155E-1 4.3145E-1 4.32932E-1 4.27735E-1 4.23214E-1 4.25086E-1 4.34251E-1 4.41358E-1 4.46163E-1 4.42278E-1 4.40677E-1 4.36352E-1 4.55162E-1
3.72911E-1 3.69575E-1 3.64076E-1 3.6339E-1 3.66059E-1 3.69776E-1 3.77727E-1 3.77302E-1 3.75273E-1 3.83729E-1 4.04695E-1 4.11196E-1 3.91475E-1 3.71081E-1 3.56532E-1 3.53394E-1 3.47527E-1 3.51274E-1 3.51837E-1 3.57584E-1 3.61442E-1 3.53927E-1 3.4677E-1 3.42614E-1 3.44186E-1 3.41465E-1 3.47757E-1 3.52457E-1 3.60959E-1 3.61182E-1 3.56647E-1 3.5366E-1 3.53074E-1 3.52104E-1 3.5113E-1 3.59684E-1 3.61118E-1 3.64175E-1 3.69514E-1 3.68481E-1 3.72003E-1 3.74957E-1 3.87933E-1 3.93424E-1 3.90877E-1 3.96055E-1 4.06683E-1 4.10928E-1 4.10981E-1 4.14275E-1 4.24843E-1 4.07258E-1 4.06165E-1 4.0962E-1 4.19422E-1 4.35275E-1 4.3735E-1 4.40036E-1 4.34963E-1 4.36693E-1 4.38026E-1
3.81546E-1 3.72742E-1 3.70744E-1 3.67653E-1 3.71147E-1 3.72888E-1 3.76841E-1 3.77908E-1 3.84166E-1 4.03368E-1 4.14135E-1 4.22646E-1 4.04904E-1 3.83341E-1 3.73915E-1 3.68577E-1 3.63631E-1 3.65037E-1 3.62557E-1 3.66336E-1 3.6352E-1 3.57691E-1 3.48791E-1 3.45964E-1 3.40756E-1 3.42291E-1 3.45335E-1 3.55295E-1 3.57612E-1 3.61524E-1 3.61705E-1 3.56937E-1 3.57651E-1 3.60004E-1 3.56201E-1 3.5863E-1 3.63808E-1 3.72143E-1 3.70645E-1 3.70892E-1 3.75315E-1 3.80968E-1 3.8917E-1 3.92096E-1 3.99784E-1 3.96996E-1 3.94453E-1 4.05027E-1 4.10727E-1 4.17026E-1 4.24379E-1 4.19591E-1 4.14521E-1 4.20233E-1 4.17594E-1 4.30766E-1 4.3945E-1 4.39625E-1 4.36821E-1 4.41778E-1 4.44677E-1
3.78656E-1 3.7453E-1 3.70803E-1 3.65592E-1 3.6884E-1 3.69734E-1 3.68994E-1 3.71968E-1 3.81399E-1 3.96977E-1 4.15295E-1 4.1972E-1 4.05074E-1 3.78163E-1 3.65808E-1 3.65579E-1 3.75006E-1 3.72248E-1 3.79192E-1 3.71396E-1 3.65351E-1 3.63785E-1 3.64533E-1 3.57444E-1 3.43793E-1 3.42807E-1 3.47567E-1 3.55038E-1 3.62351E-1 3.63189E-1 3.63392E-1 3.613E-1 3.65212E-1 3.67977E-1 3.60305E-1 3.62302E-1 3.66573E-1 3.76208E-1 3.75569E-1 3.79225E-1 3.82147E-1 3.83206E-1 3.8851E-1 3.89712E-1 4.00547E-1 4.02483E-1 3.9716E-1 4.00562E-1 4.00911E-1 4.09118E-1 4.13387E-1 4.25177E-1 4.40439E-1 4.3273E-1 4.27469E-1 4.3515E-1 4.39318E-1 4.41376E-1 4.43878E-1 4.42676E-1 4.5075E-1
3.74421E-1 3.74853E-1 3.76312E-1 3.72586E-1 3.7001E-1 3.6779E-1 3.66599E-1 3.7148E-1 3.73497E-1 3.80028E-1 3.94345E-1 3.88517E-1 3.85483E-1 3.75094E-1 3.66095E-1 3.65662E-1 3.72608E-1 3.82118E-1 3.87412E-1 3.77984E-1 3.74075E-1 3.70462E-1 3.69859E-1 3.63119E-1 3.58352E-1 3.5526E-1 3.6013E-1 3.68957E-1 3.66808E-1 3.65301E-1 3.62412E-1 3.68221E-1 3.75877E-1 3.71231E-1 3.66184E-1 3.62628E-1 3.72372E-1 3.78218E-1 3.83865E-1 3.82106E-1 3.84821E-1 3.87527E-1 3.91043E-1 4.01539E-1 4.06281E-1 4.05654E-1 4.10403E-1 4.07598E-1 4.06433E-1 4.17712E-1 4.22993E-1 4.30915E-1 4.39448E-1 4.51502E-1 4.48163E-1 4.48372E-1 4.52429E-1 4.45506E-1 4.47671E-1 4.4894E-1 4.48997E-1
3.66969E-1 3.66104E-1 3.67214E-1 3.69547E-1 3.6774E-1 3.65414E-1 3.63786E-1 3.66291E-1 3.69165E-1 3.74333E-1 3.79354E-1 3.76238E-1 3.72812E-1 3.75413E-1 3.71528E-1 3.73166E-1 3.68079E-1 3.72873E-1 3.95763E-1 3.86731E-1 3.80041E-1 3.87238E-1 3.75186E-1 3.74337E-1 3.72E-1 3.67889E-1 3.75083E-1 3.79803E-1 3.79555E-1 3.76296E-1 3.75233E-1 3.71283E-1 3.74058E-1 3.7778E-1 3.67374E-1 3.67045E-1 3.69812E-1 3.77595E-1 3.87795E-1 3.88907E-1 3.91807E-1 3.93591E-1 4.0198E-1 4.06176E-1 4.13124E-1 4.15826E-1 4.15688E-1 4.18369E-1 4.17415E-1 4.18888E-1 4.35104E-1 4.44972E-1 4.48031E-1 4.48188E-1 4.55294E-1 4.55487E-1 4.62191E-1 4.61038E-1 4.57834E-1 4.55487E-1 4.52725E-1
3.60105E-1 3.62213E-1 3.66595E-1 3.67733E-1 3.67277E-1 3.64914E-1 3.60829E-1 3.64595E-1 3.68501E-1 3.72596E-1 3.72452E-1 3.72946E-1 3.74065E-1 3.73434E-1 3.68947E-1 3.70482E-1 3.70674E-1 3.72379E-1 3.80413E-1 3.92155E-1 3.85042E-1 3.9315E-1 3.87411E-1 3.85888E-1 3.88759E-1 3.88701E-1 3.79639E-1 3.82846E-1 3.87448E-1 3.9131E-1 3.92326E-1 3.81198E-1 3.74768E-1 3.83628E-1 3.71419E-1 3.75564E-1 3.75632E-1 3.8265E-1 3.90062E-1 4.04665E-1 4.01556E-1 4.03313E-1 4.09614E-1 4.11984E-1 4.14433E-1 4.21303E-1 4.23948E-1 4.17613E-1 4.2414E-1 4.33457E-1 4.3781E-1 4.43472E-1 4.44939E-1 4.45856E-1 4.50323E-1 4.62276E-1 4.71114E-1 4.64629E-1 4.62943E-1 4.57736E-1 4.5868E-1
3.64654E-1 3.63534E-1 3.66505E-1 3.69585E-1 3.69027E-1 3.63079E-1 3.61586E-1 3.61378E-1 3.67973E-1 3.66263E-1 3.65379E-1 3.66823E-1 3.70277E-1 3.70521E-1 3.6943E-1 3.70157E-1 3.74862E-1 3.77651E-1 3.81403E-1 3.95158E-1 3.98074E-1 4.01983E-1 3.94831E-1 3.9823E-1 3.97389E-1 3.9225E-1 3.89979E-1 3.91647E-1 3.92934E-1 3.94809E-1 3.94588E-1 3.9008E-1 3.75085E-1 3.81171E-1 3.79022E-1 3.88431E-1 3.92127E-1 3.96845E-1 3.97754E-1 4.05701E-1 4.06685E-1 4.16083E-1 4.22735E-1 4.23133E-1 4.22194E-1 4.16354E-1 4.19867E-1 4.31835E-1 4.37682E-1 4.43588E-1 4.43289E-1 4.44323E-1 4.4542E-1 4.42883E-1 4.52848E-1 4.6573E-1 4.76863E-1 4.71925E-1 4.69512E-1 4.64553E-1 4.67024E-1
3.72517E-1 3.74067E-1 3.7555E-1 3.74739E-1 3.75956E-1 3.70141E-1 3.63593E-1 3.63174E-1 3.66442E-1 3.66627E-1 3.65401E-1 3.68609E-1 3.67765E-1 3.70979E-1 3.68883E-1 3.71274E-1 3.77568E-1 3.79755E-1 3.87623E-1 4.02692E-1 4.01137E-1 4.04585E-1 4.04689E-1 3.96846E-1 3.92941E-1 3.9467E-1 3.9795E-1 3.97284E-1 4.00369E-1 4.06253E-1 4.0177E-1 3.92942E-1 3.87564E-1 3.91667E-1 4.08041E-1 4.11793E-1 4.17998E-1 4.23054E-1 4.18908E-1 4.14391E-1 4.21183E-1 4.18859E-1 4.19916E-1 4.23654E-1 4.22965E-1 4.24792E-1 4.33654E-1 4.48328E-1 4.4743E-1 4.57227E-1 4.54336E-1 4.50479E-1 4.54278E-1 4.57141E-1 4.66837E-1 4.77145E-1 4.78293E-1 4.78299E-1 4.73777E-1 4.67784E-1 4.60652E-1
3.72791E-1 3.76216E-1 3.74738E-1 3.79203E-1 3.78303E-1 3.72949E-1 3.68206E-1 3.7056E-1 3.67108E-1 3.70407E-1 3.72763E-1 3.73694E-1 3.72095E-1 3.69999E-1 3.71623E-1 3.74307E-1 3.78889E-1 3.86718E-1 3.95486E-1 3.99231E-1 4.06429E-1 4.06266E-1 4.02083E-1 4.00465E-1 3.92964E-1 3.93994E-1 4.00931E-1 4.07634E-1 4.06266E-1 4.11179E-1 4.11655E-1 4.08131E-1 4.09153E-1 4.12461E-1 4.22897E-1 4.41881E-1 4.51917E-1 4.66926E-1 4.59786E-1 4.34565E-1 4.31379E-1 4.31875E-1 4.23724E-1 4.24674E-1 4.28272E-1 4.31567E-1 4.3923E-1 4.51905E-1 4.52265E-1 4.55399E-1 4.63677E-1 4.60752E-1 4.61161E-1 4.63045E-1 4.76907E-1 4.81944E-1 4.79435E-1 4.73905E-1 4.74423E-1 4.69853E-1 4.65771E-1
3.70722E-1 3.73868E-1 3.78412E-1 3.81134E-1 3.81911E-1 3.74885E-1 3.74384E-1 3.73742E-1 3.79592E-1 3.80983E-1 3.85971E-1 3.80816E-1 3.79392E-1 3.81507E-1 3.82049E-1 3.86467E-1 3.82322E-1 3.93333E-1 4.01208E-1 3.97042E-1 4.1107E-1 4.2179E-1 4.07589E-1 4.01293E-1 3.95739E-1 3.99453E-1 4.04609E-1 4.07462E-1 4.09402E-1 4.11001E-1 4.12287E-1 4.10509E-1 4.15701E-1 4.21771E-1 4.29298E-1 4.38551E-1 4.80232E-1 5.44422E-1 5.60878E-1 4.7834E-1 4.52815E-1 4.42134E-1 4.30753E-1 4.28491E-1 4.34305E-1 4.39032E-1 4.49693E-1 4.58395E-1 4.61817E-1 4.65796E-1 4.69542E-1 4.77476E-1 4.72609E-1 4.72816E-1 4.72594E-1 4.77885E-1 4.82653E-1 4.83653E-1 4.826E-1 4.72938E-1 4.73815E-1
3.68406E-1 3.69421E-1 3.77124E-1 3.81297E-1 3.74029E-1 3.73009E-1 3.76559E-1 3.82747E-1 3.8342E-1 3.85063E-1 3.87051E-1 3.82542E-1 3.79506E-1 3.81906E-1 3.84147E-1 3.81969E-1 3.75759E-1 3.74064E-1 3.92268E-1 4.02139E-1 4.13473E-1 4.27462E-1 4.12968E-1 3.97899E-1 3.97495E-1 4.01488E-1 4.09515E-1 4.13722E-1 4.15499E-1 4.20198E-1 4.1747E-1 4.21698E-1 4.22771E-1 4.26556E-1 4.28827E-1 4.44602E-1 4.79822E-1 5.64234E-1 6.09885E-1 5.25466E-1 4.74988E-1 4.46617E-1 4.37614E-1 4.34099E-1 4.43381E-1 4.51347E-1 4.55985E-1 4.62353E-1 4.63717E-1 4.68765E-1 4.79494E-1 4.78478E-1 4.8091E-1 4.8241E-1 4.8321E-1 4.86766E-1 4.90545E-1 4.91051E-1 4.85693E-1 4.82774E-1 4.93931E-1
3.65566E-1 3.64956E-1 3.66559E-1 3.67695E-1 3.75965E-1 3.73447E-1 3.76409E-1 3.83352E-1 3.90256E-1 3.91427E-1 3.86044E-1 3.84202E-1 3.82506E-1 3.82245E-1 3.82056E-1 3.87931E-1 3.84615E-1 3.81323E-1 3.91761E-1 4.06508E-1 4.13358E-1 4.18329E-1 4.12725E-1 4.01826E-1 4.02374E-1 4.03616E-1 4.12674E-1 4.2021E-1 4.26094E-1 4.23263E-1 4.21518E-1 4.30648E-1 4.30557E-1 4.30243E-1 4.27944E-1 4.37757E-1 4.59227E-1 5.03316E-1 5.29996E-1 5.00398E-1 4.64284E-1 4.52345E-1 4.38385E-1 4.39465E-1 4.47038E-1 4.58704E-1 4.71147E-1 4.69407E-1 4.66881E-1 4.74258E-1 4.91386E-1 4.99305E-1 4.96365E-1 4.99263E-1 4.97911E-1 4.96291E-1 5.04627E-1 4.95624E-1 4.93188E-1 4.92596E-1 5.10155E-1
3.6267E-1 3.6854E-1 3.68338E-1 3.68403E-1 3.67073E-1 3.70026E-1 3.822E-1 3.91719E-1 3.86425E-1 3.88029E-1 3.91008E-1 3.93027E-1 3.87355E-1 3.84963E-1 3.86752E-1 3.96298E-1 3.98239E-1 3.95913E-1 3.94471E-1 4.03675E-1 4.07411E-1 4.1316E-1 4.22371E-1 4.06495E-1 4.01718E-1 4.09931E-1 4.15109E-1 4.26764E-1 4.2514E-1 4.20936E-1 4.23759E-1 4.23944E-1 4.34442E-1 4.34402E-1 4.36505E-1 4.38957E-1 4.42254E-1 4.64571E-1 4.77905E-1 4.72013E-1 4.58845E-1 4.5044E-1 4.49999E-1 4.51729E-1 4.55095E-1 4.66085E-1 4.75764E-1 4.82691E-1 4.84395E-1 4.84338E-1 4.99927E-1 5.10206E-1 5.12779E-1 5.13017E-1 5.02795E-1 5.07202E-1 5.13331E-1 5.10898E-1 5.0912E-1 5.14381E-1 5.27928E-1
3.71734E-1 3.73125E-1 3.71136E-1 3.68038E-1 3.70519E-1 3.73085E-1 3.80005E-1 3.79805E-1 3.83816E-1 3.88208E-1 3.89745E-1 3.95082E-1 3.87861E-1 3.84677E-1 3.88901E-1 3.96749E-1 4.04649E-1 4.12461E-1 4.07522E-1 4.03784E-1 4.11153E-1 4.20777E-1 4.19721E-1 4.12705E-1 4.08232E-1 4.13918E-1 4.20819E-1 4.28271E-1 4.27104E-1 4.24549E-1 4.27344E-1 4.26833E-1 4.31472E-1 4.43776E-1 4.47391E-1 4.51517E-1 4.50455E-1 4.57463E-1 4.62061E-1 4.52051E-1 4.48101E-1 4.50579E-1 4.51243E-1 4.55432E-1 4.6069E-1 4.71443E-1 4.75033E-1 4.76942E-1 4.89025E-1 4.9359E-1 5.12651E-1 5.12519E-1 5.11856E-1 5.05884E-1 4.98346E-1 5.06896E-1 5.18846E-1 5.29207E-1 5.32695E-1 5.3904E-1 5.33304E-1
3.72016E-1 3.7052E-1 3.7097E-1 3.7021E-1 3.66842E-1 3.67562E-1 3.7227E-1 3.76288E-1 3.80701E-1 3.81961E-1 3.86262E-1 3.88059E-1 3.84653E-1 3.85E-1 3.89217E-1 3.94378E-1 3.98932E-1 4.05832E-1 4.13149E-1 4.13479E-1 4.16825E-1 4.17784E-1 4.24403E-1 4.20641E-1 4.16657E-1 4.20669E-1 4.30028E-1 4.30207E-1 4.32749E-1 4.32759E-1 4.38083E-1 4.38963E-1 4.40841E-1 4.48321E-1 4.53948E-1 4.66548E-1 4.72429E-1 4.77301E-1 4.71299E-1 4.64332E-1 4.69552E-1 4.61682E-1 4.62905E-1 4.5693E-1 4.61105E-1 4.731E-1 4.82965E-1 4.86359E-1 4.95761E-1 5.01566E-1 5.15396E-1 5.19287E-1 5.09103E-1 5.06716E-1 5.10746E-1 5.24359E-1 5.32292E-1 5.43505E-1 5.43237E-1 5.46718E-1 5.36815E-1
