maxent_outputs/hummingbirds/hummingbird_193.asc
ncols         426
nrows         180
xllcorner     -130.0
yllcorner     24.0
cellsize      0.16666666666666666
NODATA_value  -9999
[rows 27 to 53 of 180, columns 122 to 182 of 426]
3.30713E-1 3.27845E-1 3.23292E-1 3.32504E-1 3.58467E-1 3.5117E-1 3.36737E-1 3.43785E-1 3.35932E-1 3.21136E-1 3.09146E-1 2.97546E-1 3.02913E-1 3.34083E-1 3.40502E-1 3.30747E-1 3.25973E-1 3.13674E-1 3.2045E-1 3.27782E-1 3.3176E-1 3.34134E-1 3.31523E-1 3.35797E-1 3.18836E-1 3.4114E-1 2.97933E-1 2.96469E-1 3.23128E-1 3.46391E-1 3.45754E-1 3.48269E-1 3.43364E-1 3.22227E-1 3.09519E-1 3.01043E-1 2.96272E-1 2.98014E-1 2.96666E-1 2.93646E-1 2.88254E-1 2.86043E-1 2.82792E-1 2.82618E-1 2.81884E-1 2.81535E-1 2.84268E-1 2.89105E-1 2.89332E-1 2.88302E-1 2.86797E-1 2.81862E-1 2.77336E-1 2.81284E-1 2.9102E-1 2.93306E-1 2.88591E-1 2.86281E-1 2.84322E-1 2.81107E-1 2.83072E-1
2.93596E-1 3.03602E-1 3.12517E-1 3.20435E-1 3.3969E-1 3.35907E-1 3.26516E-1 3.22575E-1 3.20791E-1 3.16554E-1 3.02047E-1 2.96286E-1 2.90244E-1 2.96697E-1 3.06863E-1 3.24316E-1 3.22133E-1 3.24304E-1 3.25498E-1 3.31914E-1 3.42688E-1 3.34311E-1 3.27932E-1 3.45006E-1 3.54686E-1 3.06012E-1 2.77083E-1 2.69912E-1 3.01756E-1 3.04954E-1 3.30533E-1 3.30905E-1 3.27692E-1 3.23692E-1 3.13875E-1 3.01202E-1 2.97392E-1 2.93912E-1 2.95372E-1 2.91124E-1 2.91215E-1 2.88289E-1 2.88013E-1 2.84165E-1 2.83931E-1 2.8308E-1 2.83139E-1 2.81792E-1 2.82299E-1 2.8602E-1 2.75714E-1 2.71571E-1 2.71202E-1 2.75875E-1 2.80767E-1 2.87982E-1 2.92518E-1 2.86616E-1 2.80911E-1 2.83443E-1 2.86354E-1
2.86892E-1 2.95978E-1 2.95111E-1 3.1248E-1 3.42364E-1 3.42562E-1 3.3745E-1 3.24951E-1 3.18955E-1 3.06709E-1 3.04558E-1 3.03253E-1 2.90092E-1 2.84524E-1 2.95706E-1 2.8842E-1 2.81366E-1 2.79659E-1 2.89916E-1 3.0315E-1 3.22989E-1 3.26514E-1 3.14437E-1 2.84631E-1 3.21412E-1 3.43224E-1 3.72476E-1 3.09586E-1 2.65365E-1 2.91738E-1 2.83173E-1 2.8914E-1 3.02935E-1 3.05004E-1 3.02122E-1 3.02003E-1 3.01873E-1 2.91825E-1 2.9092E-1 2.9386E-1 2.92206E-1 2.87842E-1 2.86449E-1 2.84363E-1 2.83011E-1 2.861E-1 2.82975E-1 2.78961E-1 2.68505E-1 2.74799E-1 2.67498E-1 2.66112E-1 2.64787E-1 2.67862E-1 2.76882E-1 2.9713E-1 3.04945E-1 3.1075E-1 3.01958E-1 2.92121E-1 2.85008E-1
3.04353E-1 2.9376E-1 2.92264E-1 3.0761E-1 3.40074E-1 3.53872E-1 3.52043E-1 3.42386E-1 3.36601E-1 3.25799E-1 3.12678E-1 3.05363E-1 2.94053E-1 3.05786E-1 3.04258E-1 2.90932E-1 2.78517E-1 2.81447E-1 2.9749E-1 3.23275E-1 3.17852E-1 3.1186E-1 2.91612E-1 2.9324E-1 2.8529E-1 3.17755E-1 3.35688E-1 2.66155E-1 2.43617E-1 3.31018E-1 3.24823E-1 3.12197E-1 3.02531E-1 2.99646E-1 2.90472E-1 2.93328E-1 2.93992E-1 2.95335E-1 2.89876E-1 2.98802E-1 3.00341E-1 2.93884E-1 2.93527E-1 2.89766E-1 2.84633E-1 2.8756E-1 2.83448E-1 2.82936E-1 2.73632E-1 2.71244E-1 2.69764E-1 2.64512E-1 2.63823E-1 2.61876E-1 2.64414E-1 2.89373E-1 2.95944E-1 2.95159E-1 2.97069E-1 2.97349E-1 2.85487E-1
3.36508E-1 3.28203E-1 3.19744E-1 3.22955E-1 3.40802E-1 3.54057E-1 3.5725E-1 3.51236E-1 3.47588E-1 3.40559E-1 3.27843E-1 3.15493E-1 2.95073E-1 2.96135E-1 2.99115E-1 2.91063E-1 2.86561E-1 2.92997E-1 3.00318E-1 3.06621E-1 3.17676E-1 3.06575E-1 2.93781E-1 2.86438E-1 2.53572E-1 2.56693E-1 3.1666E-1 3.00898E-1 2.4307E-1 2.61713E-1 2.80641E-1 2.93675E-1 3.06687E-1 3.0285E-1 2.92703E-1 2.93096E-1 2.86592E-1 2.86392E-1 2.94167E-1 2.9834E-1 2.97287E-1 2.97971E-1 2.9563E-1 2.96583E-1 2.88094E-1 2.92409E-1 2.89997E-1 2.82119E-1 2.7957E-1 2.73782E-1 2.74368E-1 2.66063E-1 2.64737E-1 2.62142E-1 2.59794E-1 2.59433E-1 2.61897E-1 2.62533E-1 2.61526E-1 2.69247E-1 2.71145E-1
3.55736E-1 3.53121E-1 3.4881E-1 3.40278E-1 3.34184E-1 3.34162E-1 3.33235E-1 3.35917E-1 3.30893E-1 3.24905E-1 3.23965E-1 3.1594E-1 2.9456E-1 2.88309E-1 2.87301E-1 2.97472E-1 2.98989E-1 3.1115E-1 3.04185E-1 3.0071E-1 3.05407E-1 3.05029E-1 2.98141E-1 2.88982E-1 2.64251E-1 3.03087E-1 3.07018E-1 3.11021E-1 2.81668E-1 2.64283E-1 2.82492E-1 2.94958E-1 3.01953E-1 3.02857E-1 3.03946E-1 3.02269E-1 2.9097E-1 2.84249E-1 2.87413E-1 2.94534E-1 2.89466E-1 2.86785E-1 2.8421E-1 2.91105E-1 2.93971E-1 2.95632E-1 2.91278E-1 2.86716E-1 2.85709E-1 2.85527E-1 2.80932E-1 2.70367E-1 2.63726E-1 2.66334E-1 2.67241E-1 2.62727E-1 2.59999E-1 2.58961E-1 2.61606E-1 2.72705E-1 2.70961E-1
4.19E-1 4.13379E-1 4.01028E-1 3.89835E-1 3.64701E-1 3.44815E-1 3.24572E-1 3.21941E-1 3.14852E-1 3.14138E-1 3.18228E-1 3.05435E-1 3.01647E-1 3.19583E-1 3.08076E-1 3.04529E-1 2.97897E-1 3.01097E-1 3.05434E-1 3.0947E-1 3.10607E-1 3.12009E-1 3.03261E-1 2.86306E-1 2.56895E-1 2.58811E-1 3.02917E-1 2.73829E-1 2.49718E-1 2.76656E-1 2.90651E-1 2.94837E-1 2.99191E-1 3.07258E-1 3.11368E-1 3.08707E-1 2.95183E-1 2.88148E-1 2.86899E-1 2.85104E-1 2.88168E-1 2.83299E-1 2.87748E-1 2.87126E-1 2.86099E-1 2.90026E-1 2.95573E-1 2.85018E-1 2.76685E-1 2.82919E-1 2.84325E-1 2.78041E-1 2.67426E-1 2.6051E-1 2.65105E-1 2.70414E-1 2.77331E-1 2.6409E-1 2.60613E-1 2.67237E-1 2.74146E-1
4.64581E-1 4.6334E-1 4.49856E-1 4.51403E-1 4.08318E-1 3.85912E-1 3.61725E-1 3.43169E-1 3.3341E-1 3.2539E-1 3.16718E-1 3.24192E-1 3.29499E-1 3.33683E-1 3.30844E-1 3.2778E-1 3.12538E-1 2.96964E-1 3.02095E-1 3.04722E-1 3.04923E-1 3.07347E-1 3.03566E-1 2.96109E-1 2.97408E-1 3.03527E-1 3.0801E-1 3.05358E-1 2.91496E-1 2.91927E-1 2.96805E-1 2.95964E-1 3.03235E-1 3.07182E-1 3.10064E-1 3.06187E-1 2.91367E-1 2.89457E-1 2.90026E-1 2.8127E-1 2.7758E-1 2.78545E-1 2.88987E-1 2.87766E-1 2.86446E-1 2.82359E-1 2.84531E-1 2.89815E-1 2.85114E-1 2.81894E-1 2.90036E-1 2.85887E-1 2.74201E-1 2.70779E-1 2.68846E-1 2.70183E-1 2.70136E-1 2.70406E-1 2.66815E-1 2.75654E-1 2.81869E-1
4.43239E-1 4.47793E-1 4.21603E-1 4.04433E-1 3.8815E-1 3.93512E-1 4.18424E-1 3.98587E-1 3.62512E-1 3.46903E-1 3.25336E-1 3.21032E-1 3.19255E-1 3.26559E-1 3.38157E-1 3.32972E-1 3.22145E-1 3.11195E-1 3.06E-1 3.05642E-1 2.99539E-1 2.96568E-1 2.94798E-1 2.93498E-1 3.02856E-1 3.02989E-1 3.04351E-1 2.98E-1 3.03245E-1 3.01767E-1 2.96804E-1 3.03306E-1 3.05343E-1 2.99448E-1 3.02695E-1 3.07504E-1 3.01207E-1 3.06501E-1 3.05906E-1 2.99399E-1 3.07621E-1 2.97192E-1 2.96474E-1 2.8767E-1 2.83266E-1 2.78077E-1 2.84974E-1 2.79258E-1 2.86111E-1 2.92475E-1 2.90037E-1 2.85158E-1 2.82526E-1 2.79346E-1 2.79401E-1 2.78406E-1 2.80399E-1 2.77999E-1 2.75033E-1 2.71371E-1 2.71482E-1
3.7442E-1 3.82994E-1 4.01244E-1 3.98113E-1 3.89414E-1 4.07816E-1 4.66812E-1 4.37252E-1 3.89761E-1 3.63683E-1 3.44379E-1 3.30551E-1 3.39936E-1 3.45588E-1 3.56706E-1 3.51946E-1 3.37959E-1 3.37472E-1 3.57662E-1 3.59235E-1 3.30081E-1 3.17378E-1 2.98501E-1 2.93687E-1 2.90446E-1 3.03485E-1 2.92069E-1 3.07295E-1 3.20239E-1 3.24918E-1 3.18624E-1 3.15928E-1 3.12286E-1 3.02137E-1 3.08388E-1 2.97788E-1 2.95328E-1 2.97181E-1 2.86145E-1 2.87865E-1 2.92437E-1 3.02424E-1 3.04031E-1 3.10738E-1 2.9873E-1 2.82094E-1 2.85993E-1 2.86922E-1 2.85584E-1 2.88407E-1 3.00025E-1 2.94395E-1 2.89733E-1 2.83343E-1 2.81203E-1 2.79352E-1 2.74152E-1 2.79104E-1 2.71136E-1 2.67899E-1 2.70859E-1
3.69032E-1 3.86901E-1 3.94267E-1 3.8746E-1 3.83693E-1 3.83481E-1 3.82476E-1 3.86478E-1 3.74627E-1 3.55113E-1 3.5408E-1 3.40692E-1 3.53876E-1 3.68166E-1 3.63699E-1 3.61383E-1 3.65668E-1 3.62844E-1 3.54589E-1 3.39217E-1 3.23222E-1 3.1766E-1 3.09261E-1 3.0372E-1 3.12395E-1 3.1546E-1 3.01475E-1 3.17243E-1 3.27548E-1 3.3736E-1 3.32406E-1 3.24047E-1 3.06183E-1 3.12944E-1 2.84541E-1 2.94942E-1 2.99976E-1 2.97412E-1 2.95138E-1 2.93599E-1 2.97109E-1 3.01258E-1 3.12661E-1 3.14309E-1 3.22949E-1 2.8009E-1 2.80915E-1 2.84335E-1 2.83706E-1 2.8544E-1 2.88547E-1 2.82328E-1 2.75654E-1 2.84287E-1 2.88883E-1 2.81002E-1 2.75741E-1 2.66679E-1 2.65143E-1 2.67227E-1 2.71367E-1
3.98112E-1 3.9314E-1 3.72155E-1 3.84954E-1 3.83458E-1 3.77104E-1 3.69559E-1 3.67491E-1 3.6184E-1 3.58351E-1 3.51013E-1 3.63347E-1 3.81401E-1 3.81295E-1 3.69824E-1 3.65936E-1 3.60481E-1 3.502E-1 3.36628E-1 3.32207E-1 3.21662E-1 3.12486E-1 3.12911E-1 3.14274E-1 3.15476E-1 3.08399E-1 3.03604E-1 3.43652E-1 3.49659E-1 3.48186E-1 3.36085E-1 3.23397E-1 3.10097E-1 2.79924E-1 2.72478E-1 2.89435E-1 3.00092E-1 3.12348E-1 3.09653E-1 3.11268E-1 3.17976E-1 3.1274E-1 3.06239E-1 3.12101E-1 3.26456E-1 3.13805E-1 2.95008E-1 2.93323E-1 3.07096E-1 3.13073E-1 3.05119E-1 2.91507E-1 2.7589E-1 2.73531E-1 2.82153E-1 2.82669E-1 2.78799E-1 2.74522E-1 2.70893E-1 2.6764E-1 2.67922E-1
4.22087E-1 4.28946E-1 4.26223E-1 4.19943E-1 4.03723E-1 3.90567E-1 3.68338E-1 3.66632E-1 3.65441E-1 3.66987E-1 3.58741E-1 3.61615E-1 3.60024E-1 3.60838E-1 3.4295E-1 3.40578E-1 3.38344E-1 3.28709E-1 3.24314E-1 3.25795E-1 3.24748E-1 3.178E-1 3.12402E-1 3.13219E-1 3.09766E-1 3.18612E-1 3.37117E-1 3.43982E-1 3.60892E-1 3.57997E-1 3.11336E-1 3.17118E-1 3.0837E-1 2.92173E-1 2.99122E-1 3.16769E-1 3.17104E-1 3.136E-1 3.05503E-1 3.04285E-1 3.13178E-1 3.08383E-1 3.01621E-1 3.02019E-1 3.02095E-1 2.97325E-1 3.0339E-1 3.03467E-1 2.89444E-1 2.87085E-1 2.82861E-1 2.82493E-1 2.79327E-1 2.82752E-1 2.80527E-1 2.78917E-1 2.82499E-1 2.81933E-1 2.80633E-1 2.73611E-1 2.71211E-1
4.41386E-1 4.54505E-1 4.77377E-1 4.73474E-1 4.3028E-1 4.04864E-1 3.80773E-1 3.73694E-1 3.74946E-1 3.73901E-1 3.66009E-1 3.61949E-1 3.61053E-1 3.64984E-1 3.50057E-1 3.39742E-1 3.39716E-1 3.35747E-1 3.39229E-1 3.36261E-1 3.22453E-1 3.19838E-1 3.20844E-1 3.18402E-1 3.24329E-1 3.39832E-1 3.41892E-1 3.44021E-1 3.06178E-1 2.12342E-1 2.85226E-1 3.1129E-1 2.87126E-1 3.22519E-1 3.25193E-1 3.22488E-1 3.21446E-1 3.19231E-1 3.11499E-1 3.11132E-1 3.11679E-1 3.08086E-1 3.05315E-1 3.05503E-1 3.05425E-1 3.05009E-1 2.99055E-1 2.99298E-1 2.98242E-1 2.9988E-1 3.02167E-1 2.9487E-1 2.901E-1 2.88684E-1 2.83487E-1 2.8768E-1 2.77584E-1 2.73208E-1 2.75231E-1 2.70232E-1 2.70288E-1
4.30629E-1 4.35485E-1 4.82179E-1 4.47008E-1 4.22713E-1 4.09047E-1 4.01777E-1 3.73565E-1 3.64677E-1 3.63901E-1 3.67283E-1 3.60047E-1 3.51448E-1 3.68656E-1 3.71364E-1 3.61551E-1 3.67802E-1 3.46318E-1 3.30259E-1 3.29118E-1 3.24042E-1 3.25199E-1 3.25983E-1 3.36333E-1 3.36679E-1 3.42569E-1 3.31831E-1 3.31298E-1 2.5684E-1 2.61577E-1 2.21021E-1 3.16806E-1 3.33093E-1 3.43072E-1 3.35573E-1 3.2836E-1 3.20117E-1 3.11054E-1 3.07643E-1 3.09792E-1 3.16334E-1 3.19567E-1 3.15831E-1 3.03816E-1 2.94744E-1 2.99644E-1 3.04767E-1 3.04286E-1 3.02771E-1 3.02818E-1 3.0817E-1 3.03988E-1 2.96424E-1 2.89086E-1 2.85519E-1 2.82884E-1 2.78484E-1 2.82023E-1 2.7242E-1 2.74381E-1 2.64588E-1
4.74683E-1 4.96463E-1 4.88932E-1 4.87437E-1 4.69441E-1 4.36983E-1 4.12945E-1 3.85388E-1 3.8517E-1 3.82611E-1 3.62132E-1 3.43365E-1 3.43413E-1 3.52346E-1 3.54239E-1 3.59385E-1 3.47102E-1 3.37637E-1 3.3647E-1 3.38647E-1 3.35227E-1 3.31603E-1 3.33754E-1 3.40834E-1 2.95647E-1 2.65591E-1 2.56221E-1 2.87569E-1 2.7152E-1 2.38226E-1 2.01303E-1 2.53698E-1 3.56117E-1 3.40599E-1 3.38544E-1 3.27104E-1 3.16458E-1 3.0914E-1 3.16478E-1 3.14664E-1 3.14144E-1 3.13291E-1 3.19787E-1 3.21856E-1 3.22552E-1 3.2295E-1 3.11521E-1 3.04166E-1 3.00687E-1 3.04651E-1 3.06293E-1 3.04352E-1 3.03337E-1 2.90387E-1 2.80741E-1 2.7841E-1 2.77863E-1 2.77631E-1 2.76417E-1 2.77642E-1 2.66129E-1
5.18504E-1 5.63911E-1 5.58496E-1 5.07198E-1 4.58583E-1 4.16987E-1 4.18E-1 4.08667E-1 4.1025E-1 3.91601E-1 3.82491E-1 3.66712E-1 3.73303E-1 3.51764E-1 3.34947E-1 3.38313E-1 3.3241E-1 3.21852E-1 3.32522E-1 3.36469E-1 3.3488E-1 3.30111E-1 3.34662E-1 3.19811E-1 3.01069E-1 2.71296E-1 2.56895E-1 2.36642E-1 2.23615E-1 2.41957E-1 2.48679E-1 2.5546E-1 3.55125E-1 3.49073E-1 3.37776E-1 3.1968E-1 3.1815E-1 3.21047E-1 3.24136E-1 3.21337E-1 3.29075E-1 3.24205E-1 3.25777E-1 3.25278E-1 3.1697E-1 3.12309E-1 3.11874E-1 3.10022E-1 3.10431E-1 3.0428E-1 3.08785E-1 3.0747E-1 3.04724E-1 3.04017E-1 2.84525E-1 2.76668E-1 2.73458E-1 2.81963E-1 2.79529E-1 2.817E-1 2.77215E-1
4.57495E-1 4.65677E-1 4.64768E-1 4.43333E-1 4.25789E-1 4.00755E-1 4.04543E-1 4.08694E-1 4.1174E-1 4.00581E-1 3.98826E-1 3.99997E-1 3.87378E-1 3.54024E-1 3.31805E-1 3.28831E-1 3.31115E-1 3.24396E-1 3.35388E-1 3.43395E-1 3.31186E-1 3.26741E-1 3.27852E-1 3.09337E-1 3.11212E-1 2.97627E-1 2.70979E-1 2.72514E-1 2.33827E-1 2.78568E-1 3.02472E-1 2.82796E-1 3.30278E-1 3.39464E-1 3.12673E-1 2.99641E-1 3.12267E-1 3.0874E-1 3.1869E-1 3.25122E-1 3.20137E-1 3.21375E-1 3.20548E-1 3.2439E-1 3.27279E-1 3.27436E-1 3.17885E-1 2.99596E-1 2.94399E-1 3.00886E-1 3.02894E-1 3.09339E-1 3.03004E-1 3.07481E-1 2.99842E-1 2.74312E-1 2.70025E-1 2.7554E-1 2.80109E-1 2.82211E-1 2.83002E-1
4.46787E-1 4.34669E-1 4.24068E-1 4.23299E-1 4.15081E-1 4.0549E-1 4.08937E-1 4.27869E-1 4.41109E-1 4.37014E-1 4.1986E-1 3.88394E-1 3.8241E-1 3.55458E-1 3.35636E-1 3.37432E-1 3.39969E-1 3.38159E-1 3.36908E-1 3.37998E-1 3.44489E-1 3.34836E-1 3.34402E-1 3.35894E-1 3.59641E-1 3.39884E-1 2.97381E-1 3.44696E-1 3.37947E-1 2.84896E-1 3.00289E-1 3.26352E-1 3.17409E-1 3.1297E-1 3.03213E-1 3.06967E-1 3.17437E-1 3.17276E-1 3.38647E-1 3.2769E-1 3.30801E-1 3.25247E-1 3.19759E-1 3.1914E-1 3.24128E-1 3.21182E-1 3.22849E-1 3.13355E-1 3.01733E-1 3.14724E-1 3.13781E-1 2.9336E-1 2.89743E-1 2.81719E-1 2.92358E-1 2.72468E-1 2.70058E-1 2.72884E-1 2.74952E-1 2.8376E-1 2.82448E-1
4.41945E-1 4.3529E-1 4.26883E-1 4.20942E-1 4.04483E-1 4.20004E-1 4.35852E-1 4.40379E-1 4.46433E-1 4.22668E-1 4.11604E-1 3.78377E-1 3.85056E-1 3.78003E-1 4.00989E-1 3.78752E-1 3.71475E-1 3.63932E-1 3.55364E-1 3.49748E-1 3.57517E-1 3.6145E-1 3.56206E-1 3.31659E-1 3.21491E-1 3.27251E-1 2.9724E-1 3.15058E-1 3.48031E-1 3.18503E-1 3.48641E-1 3.3832E-1 3.28464E-1 3.17708E-1 3.00728E-1 3.00869E-1 3.30197E-1 3.37267E-1 3.33077E-1 3.2951E-1 3.34414E-1 3.3343E-1 3.30037E-1 3.32045E-1 3.31382E-1 3.26607E-1 3.18795E-1 3.1276E-1 2.94997E-1 2.85175E-1 2.98954E-1 2.88506E-1 2.90407E-1 2.8391E-1 2.95658E-1 2.81184E-1 2.68958E-1 2.65932E-1 2.70189E-1 2.78525E-1 2.81814E-1
4.6837E-1 4.57238E-1 4.48554E-1 4.38664E-1 4.23533E-1 4.05488E-1 4.17924E-1 3.89688E-1 3.98937E-1 3.91119E-1 3.85843E-1 3.85875E-1 3.76523E-1 3.62073E-1 3.88188E-1 3.60643E-1 3.90286E-1 3.79101E-1 3.86599E-1 3.60423E-1 3.66199E-1 3.67333E-1 3.48001E-1 3.60678E-1 3.51744E-1 3.48552E-1 3.3634E-1 3.0875E-1 3.3636E-1 3.43841E-1 3.49364E-1 3.04818E-1 3.19139E-1 3.34514E-1 3.1489E-1 3.10319E-1 3.15601E-1 3.1612E-1 3.24278E-1 3.29665E-1 3.27027E-1 3.36482E-1 3.40641E-1 3.35238E-1 3.21358E-1 3.21886E-1 3.05983E-1 3.06858E-1 2.96648E-1 2.87302E-1 2.89888E-1 2.99792E-1 3.0512E-1 3.00466E-1 3.14119E-1 2.83438E-1 2.9008E-1 2.74767E-1 2.68209E-1 2.75468E-1 2.80992E-1
4.92895E-1 4.81798E-1 4.46257E-1 4.22582E-1 4.2347E-1 4.23894E-1 4.23898E-1 4.01998E-1 4.03598E-1 4.01528E-1 4.02229E-1 4.2888E-1 3.80261E-1 3.89105E-1 3.67646E-1 3.59566E-1 4.10893E-1 4.01584E-1 3.94632E-1 3.65812E-1 3.76979E-1 3.68613E-1 3.6345E-1 3.75039E-1 3.79299E-1 3.71231E-1 3.80615E-1 3.54419E-1 3.34493E-1 3.7368E-1 3.40522E-1 3.61322E-1 3.45233E-1 3.26719E-1 3.13812E-1 3.24013E-1 3.32554E-1 3.35414E-1 3.28392E-1 3.21799E-1 3.24677E-1 3.19851E-1 3.20367E-1 3.27625E-1 3.23285E-1 3.26931E-1 3.24918E-1 3.1504E-1 2.98954E-1 2.9995E-1 3.01516E-1 2.96382E-1 2.90364E-1 2.90822E-1 3.08935E-1 3.10744E-1 2.85579E-1 2.76944E-1 2.73025E-1 2.74713E-1 2.72634E-1
4.64938E-1 4.45628E-1 4.50354E-1 4.38037E-1 4.35785E-1 4.35307E-1 4.28313E-1 4.10888E-1 4.0978E-1 4.26934E-1 3.85053E-1 3.85866E-1 3.5973E-1 3.74144E-1 3.73912E-1 3.79846E-1 4.23909E-1 3.98079E-1 3.99383E-1 3.86242E-1 3.85783E-1 4.05388E-1 4.28896E-1 3.88914E-1 3.94975E-1 3.71022E-1 3.83303E-1 3.58902E-1 3.67046E-1 3.799E-1 3.56191E-1 3.43921E-1 3.74037E-1 3.55662E-1 3.38836E-1 3.33658E-1 3.5145E-1 3.43807E-1 3.36559E-1 3.41286E-1 3.24503E-1 3.24024E-1 3.30752E-1 3.29502E-1 3.25453E-1 3.12008E-1 3.02374E-1 2.99625E-1 2.93281E-1 2.93143E-1 2.99709E-1 3.03081E-1 3.01538E-1 3.01132E-1 2.97106E-1 3.06671E-1 3.01252E-1 2.86564E-1 2.78707E-1 2.81769E-1 2.826E-1
4.76612E-1 4.45411E-1 4.3556E-1 4.41767E-1 4.40547E-1 4.37515E-1 4.46149E-1 4.09228E-1 4.30648E-1 4.26906E-1 4.16896E-1 3.91452E-1 3.75381E-1 3.71814E-1 3.86512E-1 3.8836E-1 3.81212E-1 3.9502E-1 4.36391E-1 4.31027E-1 3.67134E-1 3.80232E-1 4.17506E-1 3.95313E-1 3.79135E-1 3.77677E-1 3.81976E-1 3.8512E-1 3.6976E-1 3.77622E-1 3.71902E-1 3.76253E-1 3.73713E-1 3.75737E-1 3.64055E-1 3.6074E-1 3.43467E-1 3.27668E-1 3.42878E-1 3.59575E-1 3.41051E-1 3.33704E-1 3.33579E-1 3.34852E-1 3.29864E-1 3.22696E-1 3.08035E-1 3.02055E-1 3.003E-1 3.03347E-1 3.05691E-1 3.05607E-1 3.08083E-1 3.08985E-1 3.08925E-1 3.17374E-1 2.94739E-1 2.90707E-1 2.90734E-1 2.96355E-1 2.89773E-1
5.05319E-1 4.64289E-1 4.42802E-1 4.39421E-1 4.37739E-1 4.44023E-1 4.53226E-1 4.59528E-1 4.76694E-1 4.84548E-1 4.57408E-1 3.93574E-1 4.02429E-1 3.81405E-1 4.09087E-1 4.5532E-1 4.35611E-1 4.17496E-1 4.14936E-1 4.04658E-1 4.0586E-1 3.86871E-1 4.03104E-1 3.98676E-1 3.981E-1 3.78952E-1 3.78752E-1 3.89968E-1 3.96292E-1 4.03723E-1 3.77725E-1 4.02529E-1 3.88997E-1 3.59854E-1 3.79153E-1 3.84286E-1 3.79897E-1 3.48699E-1 3.55913E-1 3.75718E-1 3.60711E-1 3.34291E-1 3.28159E-1 3.26092E-1 3.23119E-1 3.19365E-1 3.16318E-1 3.12248E-1 3.12249E-1 3.10548E-1 3.11649E-1 3.11284E-1 3.08484E-1 3.05801E-1 3.03985E-1 3.13048E-1 3.10932E-1 2.92458E-1 2.94685E-1 2.90701E-1 2.96827E-1
6.44339E-1 5.66116E-1 4.94945E-1 4.26172E-1 4.16243E-1 4.75672E-1 5.49324E-1 5.651E-1 4.76435E-1 4.84769E-1 5.16894E-1 4.44755E-1 4.17047E-1 3.94509E-1 4.18876E-1 4.74687E-1 4.19396E-1 3.9796E-1 3.89239E-1 3.95724E-1 3.95746E-1 3.90921E-1 3.97742E-1 3.91541E-1 3.91277E-1 3.89456E-1 3.86312E-1 3.95185E-1 4.00884E-1 3.96018E-1 3.95477E-1 3.86188E-1 3.83373E-1 3.7135E-1 3.79108E-1 3.7695E-1 3.68917E-1 3.50246E-1 3.45912E-1 3.49608E-1 3.4296E-1 3.32031E-1 3.27915E-1 3.15988E-1 3.12492E-1 3.09288E-1 3.0447E-1 3.02274E-1 3.06153E-1 3.07431E-1 3.08397E-1 3.10453E-1 3.07083E-1 3.08215E-1 3.07518E-1 3.13721E-1 3.2058E-1 2.97908E-1 3.03449E-1 2.92639E-1 2.93771E-1
7.91476E-1 7.26266E-1 5.72812E-1 4.08968E-1 4.24611E-1 4.15217E-1 4.53935E-1 5.08012E-1 4.69801E-1 4.79092E-1 6.12401E-1 5.30992E-1 4.67299E-1 4.23005E-1 4.23389E-1 4.44469E-1 3.91572E-1 3.79734E-1 3.92561E-1 3.72318E-1 3.95991E-1 3.97746E-1 3.92565E-1 3.9287E-1 3.93186E-1 3.74768E-1 3.83593E-1 3.95917E-1 3.88676E-1 3.86113E-1 3.82905E-1 3.81735E-1 3.92247E-1 3.99727E-1 3.92089E-1 4.04971E-1 3.98941E-1 3.91075E-1 3.6434E-1 3.48545E-1 3.34376E-1 3.3907E-1 3.3891E-1 3.38145E-1 3.26801E-1 3.20059E-1 3.13545E-1 3.16966E-1 3.15905E-1 3.15786E-1 3.2087E-1 3.27623E-1 3.27134E-1 3.24881E-1 3.17044E-1 3.21113E-1 3.20736E-1 3.01888E-1 3.05146E-1 2.99408E-1 2.99296E-1
