maxent_outputs/hummingbirds/hummingbird_191.asc
ncols         426
nrows         180
xllcorner     -130.0
yllcorner     24.0
cellsize      0.16666666666666666
NODATA_value  -9999
[rows 54 to 80 of 180, columns 244 to 304 of 426]
3.53408E-1 3.51404E-1 3.69791E-1 3.73219E-1 3.85728E-1 3.75634E-1 3.76959E-1 3.94002E-1 4.13069E-1 5.01039E-1 5.19544E-1 5.08832E-1 4.79969E-1 5.85141E-1 6.00554E-1 6.10361E-1 6.17611E-1 6.29034E-1 6.38248E-1 6.00843E-1 5.60707E-1 5.33245E-1 5.22876E-1 5.14429E-1 5.01831E-1 4.62705E-1 4.51178E-1 4.61127E-1 4.50259E-1 4.49016E-1 4.58467E-1 4.61396E-1 4.61081E-1 4.76233E-1 4.8815E-1 5.24097E-1 6.19016E-1 6.51954E-1 6.68106E-1 6.83388E-1 6.9647E-1 7.08138E-1 7.21415E-1 7.31974E-1 7.43271E-1 7.43667E-1 7.48543E-1 6.97073E-1 6.54417E-1 6.93689E-1 7.21362E-1 7.6825E-1 7.76252E-1 7.77314E-1 7.39701E-1 7.14478E-1 6.43039E-1 6.0578E-1 5.84801E-1 5.89231E-1 5.6035E-1
3.65147E-1 3.65876E-1 3.65142E-1 3.65644E-1 3.75858E-1 3.84339E-1 3.86817E-1 4.05116E-1 4.60542E-1 5.05069E-1 4.6364E-1 4.65073E-1 5.52504E-1 6.01403E-1 6.11554E-1 6.16968E-1 6.274E-1 6.40699E-1 6.40089E-1 5.71921E-1 5.29625E-1 5.11822E-1 4.98885E-1 4.9321E-1 4.77882E-1 4.49796E-1 4.51747E-1 4.50557E-1 4.34253E-1 4.34652E-1 4.43371E-1 4.47276E-1 4.53046E-1 4.75226E-1 4.99815E-1 5.01352E-1 5.65928E-1 6.602E-1 6.75206E-1 6.90542E-1 7.06076E-1 7.19211E-1 7.26099E-1 7.36736E-1 7.41305E-1 7.49845E-1 7.53741E-1 7.38459E-1 6.62356E-1 6.74925E-1 7.01499E-1 7.33135E-1 7.48952E-1 7.77149E-1 7.46399E-1 6.55483E-1 6.12481E-1 5.9778E-1 5.66287E-1 5.79022E-1 5.73955E-1
3.64637E-1 3.75432E-1 3.6931E-1 3.7761E-1 3.90503E-1 3.91074E-1 3.86909E-1 4.05983E-1 4.42505E-1 4.40387E-1 4.64802E-1 5.21421E-1 6.06187E-1 6.1395E-1 6.18678E-1 6.21949E-1 6.28037E-1 6.4214E-1 6.16591E-1 5.40776E-1 5.18098E-1 5.02224E-1 4.72908E-1 4.69994E-1 4.58E-1 4.56423E-1 4.44223E-1 4.49749E-1 4.37868E-1 4.37961E-1 4.32851E-1 4.45619E-1 4.64842E-1 4.75703E-1 4.81942E-1 4.94072E-1 5.89021E-1 6.60608E-1 6.76605E-1 6.94565E-1 7.10474E-1 7.24349E-1 7.36842E-1 7.46688E-1 7.54927E-1 7.5461E-1 7.53529E-1 7.1664E-1 6.42852E-1 6.4611E-1 6.5389E-1 6.64026E-1 6.59689E-1 6.97255E-1 7.23144E-1 7.05123E-1 5.83163E-1 5.738E-1 5.74747E-1 6.1271E-1 6.22402E-1
3.67757E-1 3.75214E-1 3.77147E-1 3.87037E-1 3.94373E-1 3.95505E-1 3.92317E-1 3.99103E-1 4.14122E-1 4.43294E-1 4.7427E-1 5.81644E-1 6.17911E-1 6.19809E-1 6.23945E-1 6.2237E-1 6.2966E-1 6.36029E-1 5.84183E-1 5.14077E-1 5.02757E-1 4.94325E-1 4.89122E-1 4.63193E-1 4.5557E-1 4.50463E-1 4.47008E-1 4.72483E-1 4.44663E-1 4.39027E-1 4.42701E-1 4.45465E-1 4.5586E-1 4.63766E-1 4.83202E-1 5.00598E-1 5.92398E-1 6.60516E-1 6.8356E-1 7.01567E-1 7.17407E-1 7.32986E-1 7.46451E-1 7.5699E-1 7.67374E-1 7.67767E-1 7.34894E-1 6.44777E-1 6.28725E-1 6.27745E-1 6.54684E-1 6.61654E-1 6.5282E-1 6.59175E-1 6.67665E-1 6.07962E-1 5.74487E-1 5.65857E-1 5.82442E-1 6.53373E-1 6.36216E-1
3.72234E-1 3.80956E-1 3.85199E-1 3.88487E-1 3.94025E-1 4.09832E-1 4.08904E-1 4.09262E-1 4.33001E-1 4.54058E-1 4.8003E-1 5.99825E-1 6.23114E-1 6.29259E-1 6.27565E-1 6.26766E-1 6.29177E-1 6.12856E-1 5.38797E-1 5.10707E-1 5.04449E-1 4.96512E-1 4.80422E-1 4.59346E-1 4.49698E-1 4.31779E-1 4.42038E-1 4.54061E-1 4.48465E-1 4.45763E-1 4.38354E-1 4.41404E-1 4.46589E-1 4.59211E-1 4.90426E-1 5.66778E-1 6.32697E-1 6.6215E-1 6.83692E-1 7.02376E-1 7.22428E-1 7.36996E-1 7.55668E-1 7.69591E-1 7.70531E-1 7.56698E-1 6.90853E-1 6.41657E-1 6.45313E-1 6.39974E-1 6.5849E-1 6.74238E-1 6.57003E-1 6.44545E-1 6.60832E-1 6.20753E-1 5.77888E-1 5.61948E-1 5.75236E-1 5.94385E-1 5.69669E-1
3.73781E-1 3.84742E-1 4.00262E-1 4.04028E-1 4.01445E-1 4.51731E-1 4.25079E-1 4.24077E-1 4.3882E-1 4.62568E-1 5.33939E-1 6.18236E-1 6.28423E-1 6.3316E-1 6.31719E-1 6.31848E-1 6.20356E-1 5.58633E-1 5.06772E-1 5.03406E-1 4.99782E-1 4.87391E-1 4.80657E-1 4.64712E-1 4.55753E-1 4.43041E-1 4.49857E-1 4.56321E-1 4.45374E-1 4.39256E-1 4.43895E-1 4.48627E-1 4.54665E-1 4.74292E-1 5.31627E-1 6.12717E-1 6.24704E-1 6.17227E-1 6.19999E-1 6.69513E-1 7.26169E-1 7.41416E-1 7.605E-1 7.78073E-1 7.57528E-1 7.24983E-1 6.54989E-1 6.5376E-1 6.62805E-1 6.58051E-1 6.45049E-1 6.47438E-1 6.58837E-1 6.48724E-1 6.14546E-1 6.02329E-1 5.71668E-1 5.5653E-1 5.6452E-1 5.68047E-1 5.7199E-1
3.81595E-1 3.89768E-1 3.93983E-1 3.97483E-1 4.00014E-1 4.41696E-1 4.27685E-1 4.41376E-1 4.53023E-1 4.94896E-1 6.10108E-1 6.21185E-1 6.2496E-1 6.26068E-1 6.28966E-1 6.29269E-1 6.24719E-1 5.46045E-1 5.05456E-1 5.0538E-1 4.99383E-1 4.91922E-1 4.83736E-1 4.75581E-1 4.69667E-1 4.69672E-1 4.69309E-1 4.53732E-1 4.47358E-1 4.48568E-1 4.59456E-1 4.57914E-1 4.72354E-1 5.49473E-1 5.70591E-1 5.54206E-1 5.15334E-1 5.23535E-1 5.47596E-1 5.82895E-1 6.99867E-1 7.41514E-1 7.57254E-1 7.74077E-1 7.67331E-1 7.15121E-1 6.70966E-1 6.5799E-1 6.57679E-1 6.58971E-1 6.4688E-1 6.37378E-1 6.24587E-1 5.99189E-1 5.78245E-1 5.89734E-1 5.8895E-1 5.71793E-1 5.73866E-1 5.83895E-1 5.83268E-1
3.91743E-1 4.01121E-1 3.93795E-1 3.98967E-1 4.03923E-1 4.0845E-1 4.26895E-1 4.47387E-1 4.4455E-1 4.75657E-1 6.04406E-1 6.21131E-1 6.22798E-1 6.26663E-1 6.27734E-1 6.32503E-1 6.12652E-1 5.38653E-1 5.05095E-1 5.02244E-1 5.03924E-1 4.98145E-1 4.94708E-1 4.83688E-1 4.84616E-1 4.65053E-1 4.60788E-1 4.47715E-1 4.53301E-1 4.63652E-1 4.69491E-1 4.61936E-1 4.93213E-1 5.64632E-1 5.40673E-1 4.82677E-1 4.77764E-1 5.09446E-1 5.36276E-1 5.59301E-1 6.50609E-1 7.31565E-1 7.53534E-1 7.69118E-1 7.663E-1 7.21359E-1 6.77798E-1 6.51567E-1 6.50645E-1 6.46064E-1 6.36135E-1 6.27294E-1 6.03208E-1 5.82251E-1 5.76393E-1 5.87892E-1 5.92373E-1 5.71858E-1 5.78144E-1 6.00398E-1 6.09425E-1
3.9382E-1 3.98904E-1 3.98417E-1 3.97059E-1 4.08053E-1 4.07557E-1 4.21869E-1 4.37826E-1 4.46538E-1 5.20463E-1 6.13605E-1 6.24081E-1 6.26163E-1 6.27139E-1 6.28862E-1 6.33617E-1 5.99026E-1 5.20512E-1 4.99316E-1 4.96144E-1 5.01447E-1 4.95949E-1 5.01576E-1 4.88E-1 4.78756E-1 4.73978E-1 4.67651E-1 4.5826E-1 4.70068E-1 4.78258E-1 4.69039E-1 4.56901E-1 4.68297E-1 4.71985E-1 4.59283E-1 4.50912E-1 4.72145E-1 5.0061E-1 5.23816E-1 5.39894E-1 6.22318E-1 7.1764E-1 7.41738E-1 7.60243E-1 7.61072E-1 7.27919E-1 6.74594E-1 6.58775E-1 6.52171E-1 6.41409E-1 6.08886E-1 6.06322E-1 5.99063E-1 5.89546E-1 5.93521E-1 6.05775E-1 6.09718E-1 5.96381E-1 6.2105E-1 6.90266E-1 7.20231E-1
3.94502E-1 3.96349E-1 4.03953E-1 3.94933E-1 4.02422E-1 4.08511E-1 4.20237E-1 4.28043E-1 4.51659E-1 5.89261E-1 6.17829E-1 6.24393E-1 6.26112E-1 6.26186E-1 6.28242E-1 6.30828E-1 6.25516E-1 5.59896E-1 5.19143E-1 5.04353E-1 4.96282E-1 4.98842E-1 4.99076E-1 4.77116E-1 4.72986E-1 4.71597E-1 4.7525E-1 4.64875E-1 4.61602E-1 4.49005E-1 4.58275E-1 4.66072E-1 4.69137E-1 4.56068E-1 4.57293E-1 4.7159E-1 4.80036E-1 4.89544E-1 4.99927E-1 5.21093E-1 5.70706E-1 7.01402E-1 7.3072E-1 7.46244E-1 7.54112E-1 7.09624E-1 6.40339E-1 6.4698E-1 6.55438E-1 6.44342E-1 6.21101E-1 6.05099E-1 5.97271E-1 5.90067E-1 6.02724E-1 6.26616E-1 6.32144E-1 6.51327E-1 7.42562E-1 7.55567E-1 7.48955E-1
3.88327E-1 3.92646E-1 4.02154E-1 4.04064E-1 4.05467E-1 4.15827E-1 4.23143E-1 4.29181E-1 4.66096E-1 6.11582E-1 6.22899E-1 6.27903E-1 6.29312E-1 6.26407E-1 6.26119E-1 6.30808E-1 6.31561E-1 6.00447E-1 5.38951E-1 5.04604E-1 4.86002E-1 4.84887E-1 4.86044E-1 4.84095E-1 4.77877E-1 4.79523E-1 4.73896E-1 4.65971E-1 4.60789E-1 4.63738E-1 4.68505E-1 4.67476E-1 4.69793E-1 4.68773E-1 4.72191E-1 4.75923E-1 4.76295E-1 4.88335E-1 4.96052E-1 5.17092E-1 5.57016E-1 6.95717E-1 7.27238E-1 7.19003E-1 6.77399E-1 6.37408E-1 6.36969E-1 6.45759E-1 6.52375E-1 6.44362E-1 6.3019E-1 6.14342E-1 6.00182E-1 5.85736E-1 5.89457E-1 6.2359E-1 6.46222E-1 6.80019E-1 7.1835E-1 7.15909E-1 6.90562E-1
3.88364E-1 3.93396E-1 4.01193E-1 4.03814E-1 4.09628E-1 4.24609E-1 4.29727E-1 4.49706E-1 4.66342E-1 6.18959E-1 6.32066E-1 6.33054E-1 6.30693E-1 6.27639E-1 6.25902E-1 6.24504E-1 6.26388E-1 6.23449E-1 5.60049E-1 5.09471E-1 4.88286E-1 4.92046E-1 4.96184E-1 4.95049E-1 4.88365E-1 4.88788E-1 4.79356E-1 4.76515E-1 4.70092E-1 4.69467E-1 4.68711E-1 4.71329E-1 4.73311E-1 4.85821E-1 4.84773E-1 4.86752E-1 4.93851E-1 4.96369E-1 5.0168E-1 5.22683E-1 5.56309E-1 6.45889E-1 6.80435E-1 6.31735E-1 6.18661E-1 6.34654E-1 6.46826E-1 6.47482E-1 6.48628E-1 6.41087E-1 6.29342E-1 6.22315E-1 6.10527E-1 5.94888E-1 5.89465E-1 6.10404E-1 6.23176E-1 6.30235E-1 6.37137E-1 6.32976E-1 6.32437E-1
3.94202E-1 3.96899E-1 4.02921E-1 4.0005E-1 4.10025E-1 4.23188E-1 4.34434E-1 4.55707E-1 4.7327E-1 6.0543E-1 6.31096E-1 6.3686E-1 6.36561E-1 6.3605E-1 6.33506E-1 6.27746E-1 6.28005E-1 6.2094E-1 5.78175E-1 5.05741E-1 4.93867E-1 5.03115E-1 5.01941E-1 5.04546E-1 4.97419E-1 4.94371E-1 4.93629E-1 4.84516E-1 4.82467E-1 4.86907E-1 4.87421E-1 4.89512E-1 4.87925E-1 5.01231E-1 5.04926E-1 5.08447E-1 5.13512E-1 5.17783E-1 5.21529E-1 5.43477E-1 5.70633E-1 5.93992E-1 5.91558E-1 6.04201E-1 6.15864E-1 6.33381E-1 6.40525E-1 6.42766E-1 6.42965E-1 6.31543E-1 6.2595E-1 6.18778E-1 6.08242E-1 6.07757E-1 6.09578E-1 6.09794E-1 6.17215E-1 6.34249E-1 6.36302E-1 6.37406E-1 6.2976E-1
3.9409E-1 3.95452E-1 3.97198E-1 4.04369E-1 4.17608E-1 4.26037E-1 4.31945E-1 4.44652E-1 4.67847E-1 5.56386E-1 6.29655E-1 6.37181E-1 6.40767E-1 6.36335E-1 6.35016E-1 6.33158E-1 6.27538E-1 6.2539E-1 5.858E-1 5.06527E-1 4.96372E-1 5.01805E-1 5.03981E-1 5.02889E-1 4.95275E-1 4.9569E-1 4.91579E-1 4.93379E-1 5.03904E-1 5.06051E-1 5.05679E-1 5.02011E-1 5.1478E-1 5.3062E-1 5.33784E-1 5.36378E-1 5.32336E-1 5.39997E-1 5.4641E-1 5.64451E-1 5.92974E-1 6.02852E-1 5.93626E-1 6.00209E-1 6.08563E-1 6.24914E-1 6.30577E-1 6.31868E-1 6.33357E-1 6.2977E-1 6.2457E-1 6.2077E-1 6.14132E-1 6.27457E-1 6.75576E-1 7.12124E-1 7.21007E-1 7.36417E-1 7.35569E-1 7.25973E-1 7.14092E-1
3.96568E-1 3.96138E-1 4.00727E-1 4.06919E-1 4.24916E-1 4.39761E-1 4.33661E-1 4.50817E-1 4.6416E-1 5.84938E-1 6.35503E-1 6.41754E-1 6.40961E-1 6.38593E-1 6.3593E-1 6.33875E-1 6.30967E-1 6.24851E-1 5.73648E-1 5.18233E-1 5.28011E-1 5.17285E-1 5.11325E-1 5.27379E-1 5.06392E-1 4.98726E-1 4.95306E-1 4.91823E-1 4.97113E-1 4.96306E-1 5.01265E-1 5.12882E-1 5.27927E-1 5.41087E-1 5.52378E-1 5.57978E-1 5.50181E-1 5.55288E-1 5.73431E-1 6.35431E-1 6.41805E-1 6.04796E-1 5.88282E-1 5.92787E-1 6.06811E-1 6.1622E-1 6.30583E-1 6.95262E-1 7.22783E-1 7.2248E-1 7.14877E-1 6.95731E-1 6.64477E-1 6.73085E-1 7.10936E-1 7.26224E-1 7.51499E-1 7.46713E-1 7.40272E-1 7.2548E-1 6.8645E-1
3.9987E-1 4.02962E-1 4.09257E-1 4.11585E-1 4.21361E-1 4.31604E-1 4.42474E-1 4.62414E-1 4.72012E-1 5.79727E-1 6.37346E-1 6.45659E-1 6.44746E-1 6.41998E-1 6.38898E-1 6.37484E-1 6.35116E-1 6.23903E-1 5.48079E-1 5.19041E-1 5.28039E-1 5.27005E-1 5.21152E-1 5.22623E-1 5.14869E-1 5.10858E-1 5.07174E-1 4.96416E-1 4.95183E-1 4.9372E-1 5.05464E-1 5.28821E-1 5.44765E-1 5.5913E-1 5.60264E-1 5.57087E-1 5.68319E-1 5.78752E-1 6.01631E-1 6.91182E-1 6.83396E-1 6.3083E-1 5.95233E-1 6.00926E-1 6.14995E-1 6.47675E-1 7.30669E-1 7.53494E-1 7.48285E-1 7.47337E-1 7.42286E-1 7.45266E-1 7.46645E-1 7.4827E-1 7.54077E-1 7.48645E-1 7.50435E-1 7.35033E-1 7.01642E-1 6.54228E-1 6.34681E-1
4.04086E-1 4.06644E-1 4.05552E-1 4.1146E-1 4.17398E-1 4.25622E-1 4.4278E-1 4.58771E-1 4.78971E-1 5.77862E-1 6.36876E-1 6.44217E-1 6.48107E-1 6.44767E-1 6.41676E-1 6.4295E-1 6.32748E-1 5.80691E-1 5.27048E-1 5.1967E-1 5.21162E-1 5.28654E-1 5.25219E-1 5.25578E-1 5.20759E-1 5.18997E-1 5.09779E-1 5.05246E-1 5.03791E-1 5.07463E-1 5.17995E-1 5.25717E-1 5.4168E-1 5.62249E-1 5.65885E-1 5.66789E-1 5.76865E-1 5.9133E-1 5.88117E-1 5.98526E-1 6.11841E-1 6.10589E-1 6.16439E-1 6.71722E-1 7.12641E-1 7.53935E-1 7.52159E-1 7.47943E-1 7.42336E-1 7.41214E-1 7.37984E-1 7.40339E-1 7.40493E-1 7.41856E-1 7.45936E-1 7.32614E-1 6.88526E-1 6.47518E-1 6.51291E-1 6.51632E-1 6.40497E-1
4.09684E-1 4.04171E-1 4.07678E-1 4.13167E-1 4.18245E-1 4.28262E-1 4.44005E-1 4.616E-1 4.73785E-1 5.08846E-1 6.14281E-1 6.41362E-1 6.49212E-1 6.46541E-1 6.48229E-1 6.41691E-1 6.05788E-1 5.2241E-1 5.19337E-1 5.22149E-1 5.23961E-1 5.30501E-1 5.25417E-1 5.22814E-1 5.22871E-1 5.22272E-1 5.17533E-1 5.11759E-1 5.12606E-1 5.17425E-1 5.25718E-1 5.38028E-1 5.38646E-1 5.40889E-1 5.53013E-1 5.65948E-1 5.81626E-1 5.97328E-1 5.79978E-1 6.10224E-1 6.29564E-1 6.78963E-1 7.38582E-1 7.58782E-1 7.57328E-1 7.50493E-1 7.45895E-1 7.41642E-1 7.36889E-1 7.3272E-1 7.32548E-1 7.32929E-1 7.33707E-1 7.11468E-1 6.73131E-1 6.44602E-1 6.48875E-1 6.51735E-1 6.54218E-1 6.5216E-1 6.25187E-1
4.08777E-1 4.05132E-1 4.10153E-1 4.13326E-1 4.19546E-1 4.33407E-1 4.48723E-1 4.65367E-1 4.81557E-1 4.90657E-1 5.69456E-1 6.2916E-1 6.34814E-1 6.40446E-1 6.41603E-1 6.32715E-1 5.57071E-1 5.34487E-1 5.33177E-1 5.40957E-1 5.43166E-1 5.3795E-1 5.20067E-1 5.26861E-1 5.27992E-1 5.28071E-1 5.304E-1 5.24604E-1 5.24743E-1 5.20239E-1 5.25061E-1 5.28593E-1 5.29649E-1 5.34406E-1 5.45625E-1 5.58484E-1 6.22726E-1 6.68128E-1 6.48431E-1 6.88903E-1 7.01862E-1 7.40688E-1 7.49279E-1 7.50201E-1 7.50061E-1 7.47261E-1 7.41242E-1 7.30008E-1 7.25794E-1 7.20714E-1 6.96742E-1 6.63711E-1 6.35635E-1 6.41529E-1 6.41624E-1 6.41591E-1 6.42334E-1 6.52324E-1 6.49788E-1 6.52266E-1 6.33673E-1
4.09741E-1 4.08345E-1 4.09158E-1 4.14361E-1 4.2528E-1 4.3759E-1 4.50959E-1 4.71447E-1 4.9376E-1 4.89597E-1 5.06886E-1 5.7004E-1 6.10649E-1 5.92106E-1 5.6775E-1 5.50149E-1 5.3242E-1 5.30848E-1 5.41118E-1 5.43445E-1 5.33916E-1 5.31252E-1 5.25034E-1 5.27812E-1 5.31347E-1 5.33347E-1 5.3338E-1 5.28061E-1 5.26722E-1 5.20136E-1 5.15189E-1 5.16793E-1 5.25237E-1 5.39015E-1 5.49262E-1 5.72054E-1 6.30494E-1 6.66406E-1 6.73101E-1 6.68681E-1 6.97566E-1 7.18969E-1 7.29216E-1 7.35213E-1 7.38566E-1 7.3772E-1 7.30001E-1 6.78588E-1 6.53818E-1 6.45114E-1 6.20152E-1 6.08926E-1 6.06463E-1 6.14151E-1 6.26069E-1 6.31029E-1 6.41677E-1 6.40766E-1 6.46201E-1 6.44157E-1 6.44947E-1
4.14869E-1 4.1179E-1 4.11109E-1 4.226E-1 4.33817E-1 4.37862E-1 4.51775E-1 4.66619E-1 4.70279E-1 4.82224E-1 4.87602E-1 4.90272E-1 4.98076E-1 5.07751E-1 5.10404E-1 5.18531E-1 5.21325E-1 5.23385E-1 5.43364E-1 5.3746E-1 5.31827E-1 5.29953E-1 5.28507E-1 5.36768E-1 5.37295E-1 5.31833E-1 5.29273E-1 5.24455E-1 5.2579E-1 5.1813E-1 5.11664E-1 5.15059E-1 5.27445E-1 5.42081E-1 5.41528E-1 5.29172E-1 5.38882E-1 5.76095E-1 6.17993E-1 6.16039E-1 6.82332E-1 6.98423E-1 7.06332E-1 7.03866E-1 7.08048E-1 7.12438E-1 6.74834E-1 6.47303E-1 6.54378E-1 6.3454E-1 6.0539E-1 5.95718E-1 5.96019E-1 6.0443E-1 6.09957E-1 6.20256E-1 6.32958E-1 6.28945E-1 6.38472E-1 6.39187E-1 6.4191E-1
4.203E-1 4.21864E-1 4.24592E-1 4.38955E-1 4.40459E-1 4.47044E-1 4.71799E-1 4.62158E-1 4.52453E-1 4.59836E-1 4.70615E-1 4.82054E-1 4.82388E-1 4.83473E-1 4.8658E-1 4.95338E-1 5.0146E-1 5.16418E-1 5.25268E-1 5.24964E-1 5.26369E-1 5.35461E-1 5.35391E-1 5.32994E-1 5.33499E-1 5.19557E-1 5.17563E-1 5.21544E-1 5.17658E-1 5.20088E-1 5.14604E-1 5.17038E-1 5.24494E-1 5.29243E-1 5.27052E-1 5.30363E-1 5.33708E-1 5.43525E-1 5.56021E-1 5.68779E-1 6.0565E-1 6.25382E-1 6.15776E-1 6.18555E-1 6.36082E-1 6.37817E-1 6.40749E-1 6.4576E-1 6.44578E-1 6.20106E-1 5.90167E-1 5.91756E-1 5.80081E-1 5.80763E-1 5.94503E-1 6.12004E-1 6.24207E-1 6.25764E-1 6.34979E-1 6.33938E-1 6.39472E-1
4.39412E-1 4.40569E-1 4.46665E-1 4.50849E-1 4.63965E-1 4.55883E-1 4.77544E-1 4.63593E-1 4.55048E-1 4.54073E-1 4.66664E-1 4.76864E-1 4.75233E-1 4.70821E-1 4.82911E-1 4.92951E-1 5.06275E-1 5.16928E-1 5.19748E-1 5.23918E-1 5.30037E-1 5.36776E-1 5.37369E-1 5.3241E-1 5.27459E-1 5.28969E-1 5.2091E-1 5.15599E-1 5.21287E-1 5.26212E-1 5.22446E-1 5.24332E-1 5.23473E-1 5.27605E-1 5.3113E-1 5.3494E-1 5.38015E-1 5.44009E-1 5.4871E-1 5.48316E-1 5.64292E-1 5.7735E-1 5.86618E-1 5.97814E-1 6.17413E-1 6.30539E-1 6.32963E-1 6.28504E-1 6.26319E-1 6.10365E-1 5.85082E-1 5.78639E-1 5.84521E-1 5.8618E-1 5.89907E-1 6.03884E-1 6.19951E-1 6.26023E-1 6.22699E-1 6.27054E-1 6.41495E-1
4.50249E-1 4.53235E-1 4.60517E-1 4.60058E-1 4.5367E-1 4.57291E-1 4.58818E-1 4.62524E-1 4.64479E-1 4.68697E-1 4.74328E-1 4.7686E-1 4.78554E-1 4.75549E-1 4.81867E-1 4.88168E-1 5.00561E-1 5.10611E-1 5.16582E-1 5.27915E-1 5.3357E-1 5.33803E-1 5.32068E-1 5.3285E-1 5.39003E-1 5.39466E-1 5.2238E-1 5.21809E-1 5.24752E-1 5.32017E-1 5.41419E-1 5.37927E-1 5.40822E-1 5.4944E-1 5.52969E-1 5.44316E-1 5.50363E-1 5.58083E-1 5.59743E-1 5.61134E-1 5.6944E-1 5.79587E-1 5.89222E-1 5.94323E-1 6.05364E-1 6.11376E-1 6.18899E-1 6.21287E-1 6.14275E-1 6.07747E-1 5.93447E-1 5.85531E-1 5.86903E-1 5.88575E-1 5.9677E-1 6.02648E-1 6.12083E-1 6.25332E-1 6.22564E-1 6.27168E-1 6.39304E-1
4.573E-1 4.61553E-1 4.67041E-1 4.64595E-1 4.60014E-1 4.62379E-1 4.62513E-1 4.66029E-1 4.7146E-1 4.72649E-1 4.73959E-1 4.75812E-1 4.79395E-1 4.87048E-1 4.90258E-1 5.01084E-1 5.07496E-1 5.1729E-1 5.25735E-1 5.3233E-1 5.34548E-1 5.34437E-1 5.35292E-1 5.34892E-1 5.39106E-1 5.41005E-1 5.40792E-1 5.42143E-1 5.38726E-1 5.41119E-1 5.47378E-1 5.49298E-1 5.56527E-1 5.57866E-1 5.57754E-1 5.52761E-1 5.51234E-1 5.60812E-1 5.5868E-1 5.66862E-1 5.77507E-1 5.8713E-1 5.89121E-1 5.90805E-1 5.94073E-1 5.92191E-1 6.0922E-1 6.11518E-1 6.05059E-1 6.0539E-1 6.03913E-1 5.95022E-1 5.94745E-1 5.937E-1 6.03647E-1 6.19767E-1 6.1673E-1 6.22113E-1 6.32657E-1 6.43533E-1 6.55874E-1
4.66769E-1 4.6957E-1 4.69577E-1 4.6656E-1 4.6826E-1 4.68613E-1 4.71863E-1 4.75716E-1 4.80576E-1 4.83746E-1 4.8316E-1 4.81897E-1 4.86156E-1 4.90506E-1 4.98594E-1 5.14345E-1 5.24124E-1 5.33143E-1 5.37998E-1 5.39011E-1 5.43578E-1 5.42429E-1 5.47049E-1 5.42209E-1 5.42223E-1 5.47234E-1 5.50442E-1 5.54982E-1 5.53072E-1 5.50296E-1 5.55101E-1 5.67494E-1 5.67925E-1 5.63824E-1 5.64207E-1 5.56227E-1 5.51334E-1 5.55821E-1 5.63863E-1 5.83435E-1 6.00043E-1 5.99258E-1 5.98651E-1 5.87988E-1 5.89426E-1 5.96334E-1 5.99626E-1 6.09583E-1 6.0715E-1 6.06762E-1 6.08671E-1 6.0635E-1 6.06097E-1 6.153E-1 6.1152E-1 6.15494E-1 6.25415E-1 6.25384E-1 6.23345E-1 6.40079E-1 6.52447E-1
4.76064E-1 4.8102E-1 4.82338E-1 4.75079E-1 4.7773E-1 4.78363E-1 4.77411E-1 4.82787E-1 4.83985E-1 4.82174E-1 4.87988E-1 4.90486E-1 4.92855E-1 4.97237E-1 5.07824E-1 5.2333E-1 5.36372E-1 5.42727E-1 5.45427E-1 5.47217E-1 5.47261E-1 5.46631E-1 5.49722E-1 5.47445E-1 5.45807E-1 5.52778E-1 5.56106E-1 5.59217E-1 5.67913E-1 5.61385E-1 5.57263E-1 5.63286E-1 5.63561E-1 5.65671E-1 5.66685E-1 5.61993E-1 5.53863E-1 5.54513E-1 5.62726E-1 5.91756E-1 5.99474E-1 6.06939E-1 6.08126E-1 6.0672E-1 5.95228E-1 6.00497E-1 6.04107E-1 6.13132E-1 6.14346E-1 6.09493E-1 6.13429E-1 6.19302E-1 6.23402E-1 6.29192E-1 6.2781E-1 6.3536E-1 6.36776E-1 6.35147E-1 6.37666E-1 6.4344E-1 6.62217E-1
