maxent_outputs/hummingbirds/hummingbird_305.asc
ncols         426
nrows         180
xllcorner     -130.0
yllcorner     24.0
cellsize      0.16666666666666666
NODATA_value  -9999
[rows 0 to 26 of 180, columns 244 to 304 of 426]
4.95053E-2 4.9262E-2 4.99225E-2 4.92947E-2 5.0373E-2 5.12481E-2 5.07747E-2 5.04019E-2 4.97339E-2 5.10884E-2 5.25793E-2 5.0667E-2 5.13405E-2 5.17311E-2 5.08586E-2 5.07554E-2 5.23327E-2 5.49698E-2 5.48424E-2 5.13788E-2 4.98665E-2 5.00406E-2 5.2973E-2 4.8961E-2 4.83667E-2 4.79526E-2 4.7692E-2 4.90844E-2 4.94311E-2 5.67298E-2 5.53053E-2 5.83444E-2 5.55364E-2 5.11632E-2 5.74732E-2 5.62798E-2 5.69343E-2 6.15973E-2 6.28451E-2 6.19897E-2 6.22429E-2 5.99424E-2 6.27915E-2 6.8396E-2 -9999 -9999 -9999 -9999 -9999 -9999 -9999 -9999 -9999 -9999 -9999 -9999 9.91897E-1 -9999 -9999 -9999 9.9926E-1
5.14798E-2 5.12357E-2 5.24514E-2 5.09028E-2 5.1096E-2 5.05303E-2 5.16009E-2 5.07695E-2 5.09589E-2 5.00746E-2 4.94437E-2 4.80999E-2 4.91867E-2 5.02217E-2 5.00381E-2 4.99672E-2 5.09666E-2 4.99304E-2 5.00366E-2 5.01384E-2 4.83684E-2 4.92542E-2 5.01442E-2 4.94631E-2 4.85995E-2 4.92024E-2 4.96425E-2 4.87989E-2 4.8857E-2 4.86318E-2 5.15648E-2 5.11719E-2 5.259E-2 5.28351E-2 5.51697E-2 5.73123E-2 5.80881E-2 6.76603E-2 6.33961E-2 6.4435E-2 6.27531E-2 5.77172E-2 6.04863E-2 6.9529E-2 -9999 -9999 -9999 -9999 -9999 -9999 -9999 -9999 -9999 -9999 -9999 -9999 -9999 -9999 -9999 -9999 9.64461E-1
4.87014E-2 5.02012E-2 5.07237E-2 5.06701E-2 5.25742E-2 5.23729E-2 5.51586E-2 5.47942E-2 5.47741E-2 5.08235E-2 4.95425E-2 4.79242E-2 4.8465E-2 4.73528E-2 4.76081E-2 4.86755E-2 5.00033E-2 4.94705E-2 5.00017E-2 4.98861E-2 4.88973E-2 4.89056E-2 4.78851E-2 4.81721E-2 4.89431E-2 4.87267E-2 4.70363E-2 4.79088E-2 4.95078E-2 5.01848E-2 5.33917E-2 5.28545E-2 5.24553E-2 5.35411E-2 5.5161E-2 5.49669E-2 5.63647E-2 5.76748E-2 6.0218E-2 6.11603E-2 6.23404E-2 5.84749E-2 6.50929E-2 -9999 -9999 -9999 -9999 -9999 -9999 -9999 -9999 -9999 -9999 -9999 -9999 -9999 -9999 2.17161E-1 -9999 -9999 9.78467E-1
4.98639E-2 5.08008E-2 4.88312E-2 4.71566E-2 4.76718E-2 4.68905E-2 4.908E-2 5.0746E-2 4.99162E-2 4.96725E-2 5.05397E-2 4.91634E-2 4.81014E-2 4.6813E-2 4.87331E-2 4.72513E-2 4.71014E-2 4.72244E-2 4.87102E-2 4.87017E-2 4.81622E-2 4.88003E-2 5.05743E-2 5.19401E-2 5.13643E-2 5.02164E-2 4.7662E-2 4.78137E-2 5.04487E-2 5.02334E-2 5.04677E-2 5.10197E-2 5.18414E-2 5.40441E-2 5.37395E-2 5.46765E-2 5.55152E-2 5.98102E-2 5.9438E-2 6.06488E-2 6.21263E-2 6.25327E-2 6.43669E-2 6.86646E-2 -9999 -9999 -9999 -9999 -9999 -9999 -9999 -9999 -9999 -9999 -9999 9.57678E-2 9.59212E-2 3.49115E-1 -9999 -9999 -9999
4.69394E-2 4.70866E-2 4.75454E-2 4.77567E-2 4.6428E-2 4.88737E-2 4.75207E-2 4.73171E-2 4.73298E-2 4.77753E-2 4.89861E-2 4.86669E-2 4.79139E-2 4.78391E-2 4.72864E-2 4.59218E-2 4.54239E-2 4.61034E-2 4.67154E-2 4.6647E-2 4.67535E-2 4.71775E-2 5.03888E-2 5.30766E-2 4.81017E-2 4.95222E-2 4.81836E-2 4.77405E-2 4.81644E-2 4.90329E-2 4.5989E-2 4.81367E-2 4.81715E-2 5.07693E-2 5.12111E-2 5.35364E-2 5.62206E-2 5.98276E-2 5.85763E-2 6.03461E-2 6.27571E-2 6.63352E-2 6.37284E-2 8.26546E-2 -9999 6.21426E-2 6.12771E-2 6.17197E-2 6.32869E-2 6.68012E-2 -9999 -9999 -9999 -9999 -9999 9.78894E-2 1.80684E-1 7.04436E-1 9.77933E-1 -9999 -9999
4.95215E-2 5.01326E-2 4.80566E-2 5.17474E-2 4.85334E-2 4.82406E-2 4.97332E-2 4.83926E-2 5.00489E-2 4.93553E-2 5.1296E-2 5.37136E-2 5.11049E-2 4.82773E-2 4.62842E-2 4.67429E-2 4.47126E-2 4.4602E-2 4.48143E-2 4.5786E-2 4.59363E-2 4.65644E-2 4.67619E-2 4.6568E-2 4.69638E-2 4.60905E-2 4.82277E-2 4.83674E-2 4.70808E-2 4.6946E-2 4.80495E-2 4.8546E-2 4.91424E-2 5.05197E-2 5.22983E-2 5.22975E-2 5.53902E-2 5.47641E-2 5.68134E-2 5.74713E-2 5.89168E-2 6.60229E-2 7.7621E-2 8.87005E-2 5.91274E-2 5.75107E-2 5.88111E-2 5.64128E-2 5.72991E-2 5.93508E-2 6.30796E-2 2.83068E-1 -9999 -9999 -9999 -9999 1.18736E-1 9.30403E-2 -9999 -9999 -9999
5.82307E-2 5.86947E-2 5.05877E-2 4.93186E-2 5.14038E-2 4.96668E-2 5.19093E-2 5.14986E-2 5.25079E-2 5.44976E-2 5.19394E-2 6.12838E-2 5.62187E-2 4.99862E-2 4.77579E-2 4.77921E-2 4.5226E-2 4.38372E-2 4.48893E-2 4.55907E-2 4.47993E-2 4.48143E-2 4.36998E-2 4.35313E-2 4.39132E-2 4.53571E-2 4.55195E-2 4.56685E-2 4.68806E-2 4.64836E-2 4.68889E-2 4.82761E-2 4.97407E-2 5.23514E-2 5.31251E-2 5.30111E-2 5.45214E-2 5.47406E-2 5.60861E-2 5.74859E-2 6.00295E-2 6.51637E-2 6.95534E-2 7.06399E-2 6.93534E-2 6.64615E-2 6.83082E-2 7.10176E-2 7.12056E-2 6.5135E-2 6.17783E-2 6.77173E-2 -9999 -9999 -9999 -9999 -9999 -9999 -9999 -9999 9.9946E-1
4.79649E-2 4.90052E-2 4.98563E-2 4.89459E-2 5.04369E-2 4.91272E-2 4.87545E-2 4.87524E-2 4.85538E-2 4.90885E-2 5.10248E-2 5.23376E-2 4.88602E-2 4.75145E-2 4.56552E-2 4.54064E-2 4.51846E-2 4.45815E-2 4.57416E-2 4.44898E-2 4.43301E-2 4.28748E-2 4.24705E-2 4.33731E-2 4.38621E-2 4.44237E-2 4.3869E-2 4.4534E-2 4.61203E-2 4.56279E-2 4.62804E-2 4.61678E-2 4.73401E-2 4.83472E-2 4.98695E-2 5.28188E-2 5.49644E-2 5.33176E-2 5.30488E-2 5.57024E-2 5.82646E-2 6.00922E-2 6.06599E-2 6.2523E-2 6.86211E-2 -9999 -9999 -9999 8.06712E-2 7.50443E-2 6.67095E-2 6.66922E-2 -9999 -9999 -9999 -9999 -9999 -9999 -9999 -9999 9.93944E-1
4.61928E-2 4.57755E-2 4.56838E-2 4.64047E-2 4.64203E-2 4.59825E-2 4.81446E-2 4.9873E-2 5.39887E-2 5.13378E-2 5.23644E-2 5.03397E-2 4.98908E-2 4.68946E-2 4.59342E-2 4.73561E-2 4.43973E-2 4.35271E-2 4.39858E-2 4.46854E-2 4.29711E-2 4.22347E-2 4.18317E-2 4.34943E-2 4.41686E-2 4.29614E-2 4.31116E-2 4.42684E-2 4.37667E-2 4.38841E-2 4.54087E-2 4.52295E-2 4.65406E-2 4.9825E-2 5.03422E-2 5.15377E-2 5.37908E-2 5.38057E-2 5.41651E-2 5.6321E-2 5.82544E-2 5.84906E-2 5.67919E-2 5.65776E-2 5.7356E-2 6.17607E-2 6.49143E-2 -9999 -9999 -9999 -9999 -9999 -9999 -9999 -9999 -9999 -9999 -9999 2.96947E-1 -9999 9.96253E-1
4.55462E-2 4.69804E-2 4.74294E-2 4.90043E-2 4.74707E-2 4.78556E-2 4.78736E-2 4.94231E-2 4.94225E-2 5.02893E-2 4.81076E-2 4.86887E-2 4.57455E-2 4.57833E-2 4.56152E-2 4.56425E-2 4.58505E-2 4.63848E-2 4.35713E-2 4.37373E-2 4.15403E-2 4.12425E-2 4.05306E-2 4.08057E-2 4.66798E-2 4.36457E-2 4.17564E-2 4.28539E-2 4.23296E-2 4.28454E-2 4.43496E-2 4.40393E-2 4.79821E-2 4.75477E-2 4.90249E-2 5.13631E-2 5.34622E-2 5.45717E-2 5.55569E-2 5.46159E-2 5.45904E-2 5.4839E-2 5.61237E-2 5.36857E-2 5.64854E-2 5.9392E-2 6.19387E-2 -9999 -9999 -9999 -9999 -9999 -9999 -9999 9.99399E-1 -9999 -9999 -9999 -9999 -9999 9.99553E-1
4.62686E-2 4.76205E-2 4.78242E-2 4.91585E-2 4.81115E-2 4.89554E-2 5.10771E-2 5.15002E-2 5.42624E-2 5.05298E-2 5.02855E-2 4.85822E-2 4.7523E-2 4.56936E-2 4.55689E-2 4.4307E-2 4.37495E-2 4.28554E-2 4.39055E-2 4.27343E-2 4.05705E-2 4.12275E-2 4.09973E-2 3.93333E-2 4.87889E-2 4.9198E-2 4.01796E-2 4.11067E-2 4.02265E-2 3.97799E-2 4.17999E-2 4.29357E-2 4.37867E-2 4.4625E-2 4.69744E-2 5.02492E-2 5.09434E-2 5.3671E-2 5.23271E-2 5.43711E-2 5.4758E-2 5.50887E-2 5.43204E-2 5.38569E-2 5.99849E-2 6.10277E-2 6.43011E-2 1.92191E-1 -9999 -9999 -9999 -9999 -9999 -9999 -9999 -9999 -9999 -9999 2.41314E-1 1.05824E-1 -9999
4.67431E-2 4.69093E-2 4.58016E-2 4.66332E-2 4.80434E-2 4.98492E-2 4.877E-2 4.79731E-2 4.72153E-2 4.55016E-2 4.62791E-2 4.68928E-2 4.66534E-2 4.6321E-2 4.4829E-2 4.48023E-2 4.2987E-2 4.35525E-2 4.22199E-2 4.06307E-2 4.0611E-2 3.8975E-2 3.95278E-2 3.98732E-2 3.88988E-2 3.90612E-2 3.88203E-2 3.86129E-2 3.82634E-2 3.98262E-2 4.03014E-2 4.14507E-2 4.23389E-2 4.37932E-2 4.56757E-2 4.86038E-2 4.91441E-2 4.95456E-2 4.94931E-2 5.2137E-2 5.18763E-2 5.20972E-2 5.20334E-2 5.4854E-2 5.35863E-2 5.49208E-2 5.69041E-2 5.84594E-2 5.79691E-2 6.27828E-2 6.94013E-2 -9999 -9999 -9999 -9999 -9999 -9999 -9999 9.82765E-2 9.1614E-2 9.46916E-2
4.53514E-2 4.57782E-2 4.60807E-2 4.78294E-2 4.77079E-2 4.51906E-2 4.70108E-2 4.64147E-2 4.51629E-2 4.50135E-2 4.49577E-2 4.44893E-2 4.49661E-2 4.39432E-2 4.46438E-2 4.47175E-2 4.17598E-2 4.25787E-2 4.16294E-2 4.1768E-2 4.00745E-2 3.98612E-2 3.86161E-2 3.99895E-2 3.94892E-2 3.83097E-2 3.88469E-2 3.86524E-2 3.87211E-2 3.90281E-2 4.01897E-2 4.07895E-2 4.15961E-2 4.32465E-2 4.51228E-2 4.56372E-2 4.52688E-2 4.56313E-2 4.79788E-2 4.91126E-2 4.98537E-2 4.93664E-2 4.95349E-2 5.0248E-2 5.19827E-2 5.23273E-2 5.32637E-2 5.51611E-2 5.49336E-2 5.62607E-2 6.28952E-2 6.9742E-2 -9999 -9999 -9999 -9999 -9999 -9999 9.50303E-2 8.24629E-2 1.11127E-1
4.53511E-2 4.44982E-2 4.58673E-2 4.59503E-2 4.6894E-2 4.49552E-2 4.62532E-2 4.58462E-2 4.48422E-2 4.5152E-2 4.4456E-2 4.30767E-2 4.37831E-2 4.41455E-2 4.38621E-2 4.40566E-2 4.3756E-2 4.38702E-2 4.22956E-2 4.25784E-2 4.10403E-2 3.9951E-2 3.81878E-2 3.83644E-2 3.84781E-2 3.8425E-2 3.85766E-2 3.7761E-2 3.88107E-2 3.90592E-2 4.05845E-2 3.99403E-2 4.15736E-2 4.25834E-2 4.16206E-2 4.13227E-2 4.38777E-2 4.90056E-2 4.53175E-2 4.63398E-2 4.74254E-2 4.66588E-2 4.85106E-2 4.94154E-2 5.06884E-2 5.17902E-2 5.18219E-2 5.15123E-2 5.12848E-2 5.55007E-2 5.87347E-2 6.32726E-2 6.8501E-2 -9999 -9999 -9999 -9999 -9999 -9999 -9999 1.60654E-1
4.35028E-2 4.40314E-2 4.59781E-2 4.72929E-2 4.86158E-2 4.66003E-2 4.58658E-2 4.67758E-2 4.83545E-2 4.62932E-2 4.39365E-2 4.42128E-2 4.29944E-2 4.35768E-2 4.36851E-2 4.4161E-2 4.39725E-2 4.26045E-2 4.14466E-2 4.23757E-2 4.07476E-2 3.96332E-2 3.97694E-2 3.84894E-2 3.76128E-2 3.91677E-2 3.67288E-2 3.69478E-2 3.6829E-2 3.79376E-2 3.81666E-2 3.75964E-2 3.93594E-2 4.01603E-2 3.93834E-2 4.28162E-2 4.47343E-2 4.34029E-2 4.35287E-2 4.55617E-2 4.56945E-2 4.53857E-2 4.68141E-2 4.77353E-2 4.80189E-2 5.15105E-2 5.17548E-2 5.0344E-2 5.21865E-2 5.57214E-2 5.81967E-2 6.22205E-2 6.95946E-2 7.70389E-2 -9999 -9999 -9999 -9999 1.02118E-1 9.42809E-2 9.34448E-2
4.44605E-2 4.57584E-2 4.77357E-2 4.56457E-2 4.59718E-2 4.71618E-2 4.67696E-2 4.6027E-2 4.8369E-2 4.86573E-2 4.58405E-2 4.51847E-2 4.65613E-2 4.83179E-2 4.49073E-2 4.5926E-2 4.50763E-2 4.34104E-2 4.27047E-2 4.086E-2 3.92499E-2 3.83187E-2 4.297E-2 3.81778E-2 3.73719E-2 3.81503E-2 3.75612E-2 3.71197E-2 3.70217E-2 3.8042E-2 3.94096E-2 3.84091E-2 3.84659E-2 4.11573E-2 4.07702E-2 4.05678E-2 4.03479E-2 4.12097E-2 4.17009E-2 4.18197E-2 4.25705E-2 4.33341E-2 4.48162E-2 4.43914E-2 4.59823E-2 4.88469E-2 4.9763E-2 5.16401E-2 5.50625E-2 5.77784E-2 6.45982E-2 7.25649E-2 7.45447E-2 7.85327E-2 -9999 -9999 -9999 8.78106E-2 8.85806E-2 8.50737E-2 9.59119E-2
4.51573E-2 4.6436E-2 4.65395E-2 4.64323E-2 4.76364E-2 4.62208E-2 4.84747E-2 4.81398E-2 4.68259E-2 4.86409E-2 5.0173E-2 5.11529E-2 4.98731E-2 4.7672E-2 4.68827E-2 4.5066E-2 4.28123E-2 4.226E-2 4.28115E-2 4.16629E-2 3.92478E-2 3.78853E-2 3.81043E-2 3.6701E-2 3.70306E-2 3.883E-2 3.72674E-2 3.62332E-2 3.69126E-2 3.7869E-2 3.95514E-2 3.94308E-2 4.01485E-2 3.89335E-2 3.88363E-2 3.84003E-2 3.85414E-2 3.85444E-2 3.93937E-2 3.96979E-2 4.21294E-2 4.24465E-2 4.27116E-2 4.37086E-2 4.44216E-2 4.7235E-2 5.00117E-2 5.25373E-2 5.47655E-2 5.89904E-2 6.78717E-2 7.36305E-2 7.89192E-2 7.43882E-2 7.11883E-2 7.51488E-2 8.05426E-2 8.52672E-2 8.18658E-2 8.56406E-2 8.51424E-2
4.41538E-2 4.4082E-2 4.48406E-2 4.60713E-2 4.57076E-2 4.47943E-2 4.74578E-2 4.68053E-2 4.81189E-2 4.77258E-2 4.74336E-2 4.72259E-2 4.69005E-2 4.57063E-2 4.46966E-2 4.27996E-2 4.21525E-2 4.1396E-2 4.17965E-2 4.13415E-2 3.9329E-2 3.79253E-2 3.81378E-2 3.66655E-2 3.70551E-2 3.67196E-2 3.63799E-2 3.66889E-2 3.94789E-2 3.75332E-2 3.85318E-2 3.88509E-2 3.68618E-2 3.82522E-2 3.77244E-2 3.81094E-2 3.76328E-2 3.89538E-2 4.17434E-2 4.0793E-2 3.98425E-2 4.00679E-2 3.95791E-2 4.10243E-2 4.41032E-2 4.72593E-2 5.19068E-2 5.28881E-2 5.75524E-2 6.35152E-2 6.89249E-2 7.24575E-2 6.87711E-2 6.66968E-2 6.58403E-2 6.85757E-2 7.96191E-2 8.8517E-2 8.49268E-2 8.56309E-2 8.92635E-2
4.57761E-2 4.53599E-2 4.54106E-2 4.57053E-2 4.68541E-2 4.72393E-2 4.72244E-2 4.67875E-2 4.85574E-2 4.87786E-2 4.79558E-2 4.66527E-2 4.84011E-2 4.71755E-2 4.26628E-2 4.35274E-2 4.3687E-2 4.45532E-2 4.45899E-2 4.29674E-2 4.1247E-2 3.95218E-2 3.82941E-2 3.6652E-2 3.73248E-2 3.93265E-2 3.70312E-2 3.6415E-2 3.99287E-2 3.63475E-2 3.53605E-2 3.70313E-2 3.62167E-2 3.92423E-2 3.75372E-2 3.61269E-2 3.58893E-2 3.72297E-2 3.71292E-2 3.80314E-2 3.97733E-2 3.86371E-2 3.94666E-2 4.31102E-2 4.80013E-2 4.88429E-2 4.86258E-2 5.45353E-2 5.78799E-2 5.91595E-2 6.10193E-2 6.45188E-2 6.47015E-2 6.48525E-2 6.59758E-2 6.92922E-2 7.38465E-2 7.8466E-2 8.18978E-2 7.71723E-2 7.87458E-2
4.53197E-2 4.75599E-2 4.29264E-2 4.38381E-2 4.6174E-2 4.57467E-2 4.9937E-2 4.82393E-2 4.69449E-2 4.51573E-2 4.68178E-2 4.56723E-2 4.65346E-2 5.09444E-2 4.68098E-2 4.61249E-2 4.74557E-2 4.39042E-2 4.66004E-2 4.67962E-2 4.37217E-2 3.84848E-2 3.89533E-2 3.67568E-2 3.78308E-2 3.92567E-2 3.96901E-2 3.91812E-2 3.75399E-2 3.71439E-2 3.54863E-2 3.75984E-2 3.65338E-2 3.68752E-2 3.72339E-2 3.60408E-2 3.64085E-2 3.58124E-2 3.5919E-2 3.69652E-2 3.91279E-2 4.05832E-2 4.23726E-2 4.60596E-2 4.68676E-2 4.6739E-2 4.72386E-2 5.13694E-2 5.21638E-2 5.22171E-2 5.61092E-2 5.5149E-2 5.88792E-2 6.03304E-2 6.37302E-2 6.679E-2 6.83428E-2 6.97861E-2 7.09625E-2 7.45289E-2 7.73975E-2
4.37661E-2 4.383E-2 4.32004E-2 4.28386E-2 4.42476E-2 4.46581E-2 4.84688E-2 4.66512E-2 4.57631E-2 4.62562E-2 4.85377E-2 5.39344E-2 4.59444E-2 4.65244E-2 4.48651E-2 4.43176E-2 4.62331E-2 4.37242E-2 4.28966E-2 4.34199E-2 4.06838E-2 3.78415E-2 3.65739E-2 3.77584E-2 3.60144E-2 3.49629E-2 3.49764E-2 3.59171E-2 3.881E-2 3.68684E-2 3.60065E-2 3.62249E-2 3.5726E-2 3.65152E-2 3.61062E-2 3.43636E-2 3.44744E-2 3.49087E-2 3.61122E-2 3.96247E-2 4.19067E-2 4.13836E-2 4.21087E-2 4.45999E-2 4.48924E-2 4.61017E-2 5.02094E-2 5.19077E-2 5.46685E-2 5.32124E-2 5.48603E-2 5.37137E-2 5.22088E-2 5.31142E-2 5.53921E-2 5.96314E-2 5.96868E-2 6.17143E-2 6.19673E-2 6.78368E-2 7.10057E-2
4.27822E-2 4.5688E-2 4.41063E-2 4.37011E-2 4.36686E-2 4.50092E-2 4.48286E-2 4.54669E-2 4.69281E-2 4.76232E-2 4.69249E-2 5.27618E-2 5.43675E-2 5.1782E-2 5.11489E-2 4.95136E-2 4.58126E-2 4.22671E-2 3.98503E-2 4.12963E-2 4.15638E-2 3.92326E-2 3.62129E-2 3.47249E-2 3.34651E-2 3.51761E-2 3.59874E-2 3.76368E-2 3.97917E-2 3.98697E-2 3.6851E-2 3.60569E-2 3.61951E-2 3.70723E-2 3.58244E-2 3.5304E-2 3.59453E-2 3.68461E-2 3.80315E-2 4.19694E-2 4.40404E-2 4.14145E-2 4.29746E-2 4.18556E-2 4.32421E-2 4.71442E-2 4.88155E-2 5.06099E-2 4.93588E-2 4.96186E-2 5.09805E-2 4.90662E-2 4.86115E-2 5.37151E-2 6.66328E-2 5.82769E-2 5.8575E-2 5.6727E-2 6.01157E-2 6.14134E-2 6.51612E-2
4.25483E-2 4.35987E-2 4.58088E-2 5.25958E-2 6.10044E-2 5.78946E-2 5.2018E-2 4.69638E-2 4.84539E-2 4.69891E-2 4.55963E-2 4.8813E-2 5.06436E-2 4.93807E-2 5.18162E-2 5.11444E-2 4.94718E-2 4.32225E-2 4.13917E-2 3.97947E-2 4.05836E-2 4.15259E-2 4.07632E-2 3.73213E-2 3.72768E-2 3.68958E-2 3.79344E-2 3.84147E-2 3.75391E-2 3.98817E-2 3.81994E-2 3.80441E-2 3.88126E-2 3.71063E-2 3.69688E-2 3.74029E-2 4.05604E-2 3.86165E-2 3.82945E-2 4.03648E-2 4.33524E-2 4.22541E-2 4.04681E-2 4.47212E-2 4.34852E-2 4.56288E-2 4.90314E-2 4.56022E-2 4.48707E-2 4.58709E-2 4.7867E-2 4.67199E-2 5.11162E-2 5.32404E-2 5.7902E-2 5.44622E-2 5.59712E-2 5.78359E-2 6.06293E-2 5.96414E-2 5.97049E-2
4.55535E-2 4.85521E-2 5.67152E-2 7.78725E-2 6.83592E-2 7.34397E-2 7.46052E-2 5.66231E-2 4.88663E-2 4.86771E-2 4.80844E-2 5.88128E-2 5.17463E-2 5.13827E-2 5.4856E-2 4.82126E-2 4.66118E-2 4.03313E-2 4.07399E-2 4.05003E-2 3.71778E-2 4.03279E-2 4.14965E-2 4.29178E-2 4.04944E-2 3.88452E-2 3.73221E-2 3.82947E-2 4.03802E-2 3.92316E-2 4.00927E-2 4.1238E-2 3.89992E-2 3.70692E-2 3.74914E-2 3.7703E-2 4.17191E-2 4.24001E-2 4.29411E-2 4.16779E-2 4.28065E-2 4.57834E-2 4.45869E-2 4.59935E-2 4.64214E-2 4.52971E-2 4.42201E-2 4.30985E-2 4.45181E-2 4.35965E-2 4.54409E-2 4.50629E-2 4.93514E-2 4.67567E-2 4.91942E-2 4.912E-2 5.12062E-2 5.5859E-2 5.80528E-2 5.78959E-2 6.13648E-2
4.94732E-2 5.16255E-2 7.23515E-2 9.47526E-2 8.99697E-2 1.16911E-1 1.24721E-1 1.01653E-1 5.37601E-2 4.83643E-2 5.48975E-2 6.35712E-2 5.30355E-2 5.29111E-2 5.53997E-2 5.10613E-2 4.40592E-2 4.2203E-2 5.18103E-2 4.24627E-2 3.9045E-2 3.8371E-2 3.96788E-2 4.00186E-2 3.85658E-2 3.666E-2 3.75569E-2 4.04065E-2 4.25289E-2 4.26386E-2 3.86485E-2 3.99723E-2 3.90522E-2 3.65573E-2 3.90797E-2 3.84556E-2 3.8704E-2 3.96885E-2 4.09379E-2 4.21855E-2 4.29902E-2 4.30051E-2 4.3638E-2 4.54313E-2 4.30609E-2 4.2203E-2 4.52577E-2 4.46904E-2 4.35329E-2 4.41756E-2 4.31492E-2 4.39842E-2 4.51567E-2 4.70323E-2 4.73751E-2 4.82219E-2 4.94882E-2 5.46139E-2 5.77575E-2 5.65336E-2 5.55766E-2
4.71542E-2 5.4382E-2 9.78656E-2 1.13084E-1 1.22139E-1 1.31288E-1 1.36976E-1 8.95796E-2 5.30328E-2 5.08452E-2 5.53079E-2 5.28729E-2 5.68251E-2 5.7622E-2 5.94873E-2 4.9389E-2 4.92993E-2 3.71943E-2 3.95401E-2 4.91907E-2 4.13482E-2 4.01682E-2 4.07324E-2 4.08189E-2 3.79153E-2 3.74883E-2 3.82644E-2 3.83299E-2 3.90045E-2 3.84341E-2 4.02802E-2 4.0144E-2 3.92651E-2 3.6799E-2 3.69992E-2 3.94588E-2 3.78753E-2 3.63767E-2 3.82129E-2 4.20782E-2 4.27876E-2 4.4693E-2 4.45198E-2 4.44629E-2 4.03031E-2 3.78451E-2 3.89827E-2 4.15314E-2 4.1497E-2 4.24266E-2 4.34374E-2 4.42487E-2 4.56578E-2 4.401E-2 4.69292E-2 4.83083E-2 4.90547E-2 5.27353E-2 5.35563E-2 5.4481E-2 5.27442E-2
4.3374E-2 4.77795E-2 8.05524E-2 9.64532E-2 9.76126E-2 1.09341E-1 1.20244E-1 6.3838E-2 4.48351E-2 4.4687E-2 4.60071E-2 4.93187E-2 5.00491E-2 5.61264E-2 6.16155E-2 6.55452E-2 5.12605E-2 4.59839E-2 3.86375E-2 3.95691E-2 3.92652E-2 4.08232E-2 4.30352E-2 3.99169E-2 3.70152E-2 3.71078E-2 3.78672E-2 3.89348E-2 4.06272E-2 3.87004E-2 3.8007E-2 3.78009E-2 3.86576E-2 3.8885E-2 3.80027E-2 3.73832E-2 3.56168E-2 3.72053E-2 4.05709E-2 4.27933E-2 4.5251E-2 4.60163E-2 4.53925E-2 4.09174E-2 3.56689E-2 3.78774E-2 3.87218E-2 4.15218E-2 4.08954E-2 4.20475E-2 4.36017E-2 4.41148E-2 4.09378E-2 4.45381E-2 4.64237E-2 4.85511E-2 5.05672E-2 4.93063E-2 4.89215E-2 5.11823E-2 5.35394E-2
