maxent_outputs/hummingbirds/hummingbird_300.asc
ncols         426
nrows         180
xllcorner     -130.0
yllcorner     24.0
cellsize      0.16666666666666666
NODATA_value  -9999
[rows 0 to 26 of 180, columns 61 to 121 of 426]
8.00121E-2 8.64637E-2 1.20161E-1 1.38755E-1 1.42729E-1 1.36831E-1 1.34131E-1 1.3113E-1 1.30263E-1 1.2847E-1 1.28618E-1 1.22997E-1 1.18855E-1 1.20697E-1 1.14063E-1 1.12585E-1 1.17445E-1 1.13739E-1 1.10538E-1 1.03134E-1 1.02595E-1 1.01531E-1 9.98623E-2 9.66793E-2 1.02601E-1 1.07057E-1 1.03927E-1 8.40956E-2 7.9838E-2 7.64914E-2 7.67831E-2 7.97161E-2 8.86152E-2 8.32077E-2 8.40988E-2 8.47157E-2 8.43352E-2 7.71251E-2 8.22228E-2 8.49329E-2 8.06137E-2 8.64398E-2 8.32953E-2 8.77461E-2 8.8271E-2 8.58221E-2 8.88825E-2 8.67844E-2 8.55342E-2 8.18432E-2 7.94387E-2 8.27974E-2 7.95151E-2 7.87693E-2 8.07279E-2 7.94104E-2 7.97951E-2 7.74784E-2 7.83443E-2 7.60218E-2 8.29412E-2
7.7913E-2 8.25066E-2 1.24943E-1 1.11819E-1 1.16643E-1 1.21927E-1 1.24596E-1 1.19047E-1 1.22251E-1 1.28404E-1 1.30157E-1 1.28779E-1 1.26765E-1 1.24439E-1 1.19081E-1 1.20184E-1 1.18072E-1 1.07645E-1 1.10483E-1 1.12485E-1 1.11495E-1 9.74254E-2 8.66014E-2 8.08729E-2 8.15276E-2 8.09937E-2 9.50647E-2 8.22839E-2 8.17671E-2 8.81477E-2 9.38265E-2 9.64613E-2 1.0011E-1 8.58989E-2 9.58617E-2 9.56107E-2 7.86069E-2 8.11141E-2 8.21974E-2 8.75872E-2 9.37509E-2 9.85241E-2 1.04883E-1 9.34431E-2 9.36627E-2 9.22486E-2 8.65475E-2 8.59788E-2 8.47827E-2 8.38879E-2 8.44835E-2 8.32127E-2 8.11371E-2 7.90504E-2 7.97539E-2 7.99995E-2 7.53911E-2 7.53656E-2 7.30853E-2 7.21865E-2 7.36289E-2
7.44777E-2 8.0928E-2 8.70244E-2 9.96195E-2 7.63376E-2 8.24638E-2 8.39119E-2 8.90153E-2 9.83237E-2 1.13774E-1 1.19451E-1 1.29601E-1 1.27628E-1 1.2325E-1 1.06662E-1 1.12645E-1 1.17441E-1 1.18838E-1 1.17074E-1 1.08042E-1 1.04162E-1 9.88355E-2 9.51514E-2 9.58574E-2 9.14924E-2 9.43717E-2 9.1294E-2 7.8953E-2 7.75165E-2 8.2169E-2 9.7395E-2 1.02319E-1 1.01117E-1 9.8189E-2 1.04279E-1 1.00952E-1 9.52649E-2 1.09579E-1 1.11738E-1 1.0774E-1 1.02991E-1 1.08727E-1 1.0679E-1 9.32697E-2 8.93847E-2 9.47842E-2 9.00691E-2 8.47143E-2 8.67987E-2 8.44403E-2 8.51068E-2 8.50691E-2 8.63191E-2 8.20496E-2 7.92711E-2 7.8996E-2 7.67364E-2 7.49004E-2 7.34299E-2 7.01501E-2 6.70771E-2
7.32407E-2 6.6201E-2 6.15893E-2 9.00995E-2 7.21711E-2 6.86303E-2 7.25706E-2 8.69796E-2 1.09087E-1 1.15741E-1 1.1421E-1 1.16023E-1 1.17244E-1 1.09204E-1 1.07564E-1 1.09164E-1 1.1395E-1 1.12051E-1 1.14974E-1 1.08158E-1 1.14394E-1 1.125E-1 1.06253E-1 1.04433E-1 1.02187E-1 1.00046E-1 9.9996E-2 9.1662E-2 9.12E-2 8.37234E-2 7.96498E-2 8.85479E-2 1.05037E-1 9.42235E-2 9.58146E-2 8.68735E-2 9.45392E-2 9.94092E-2 9.91068E-2 9.63271E-2 1.08381E-1 1.09172E-1 1.09443E-1 1.09731E-1 9.17085E-2 9.0608E-2 9.05016E-2 8.56188E-2 8.49566E-2 8.69629E-2 8.82799E-2 8.77649E-2 8.5399E-2 7.97054E-2 7.93954E-2 7.94923E-2 7.7842E-2 8.04016E-2 7.81121E-2 7.31355E-2 6.94296E-2
7.81275E-2 8.14866E-2 7.03452E-2 6.86208E-2 6.23528E-2 6.25997E-2 7.25333E-2 7.96459E-2 8.35756E-2 1.05187E-1 1.17338E-1 1.21408E-1 1.13058E-1 1.05343E-1 1.04835E-1 1.12118E-1 1.1163E-1 1.13341E-1 1.14374E-1 1.08527E-1 1.1223E-1 1.12076E-1 1.10633E-1 1.07502E-1 9.8486E-2 9.72752E-2 9.00538E-2 8.93531E-2 8.19863E-2 8.66731E-2 8.85361E-2 9.4222E-2 9.81309E-2 1.00927E-1 1.01427E-1 9.85526E-2 9.90198E-2 9.67706E-2 9.3903E-2 8.73879E-2 8.84231E-2 9.81101E-2 1.00934E-1 1.01974E-1 1.00572E-1 9.92558E-2 9.68961E-2 8.8898E-2 8.77668E-2 9.13986E-2 9.02232E-2 9.30881E-2 8.69714E-2 8.36074E-2 8.2135E-2 8.18369E-2 8.26692E-2 8.27054E-2 8.17587E-2 7.60701E-2 6.942E-2
1.03473E-1 1.00215E-1 7.72563E-2 8.39256E-2 7.10239E-2 6.55304E-2 5.83306E-2 6.39245E-2 6.89015E-2 8.16838E-2 1.21076E-1 1.14626E-1 1.06091E-1 9.80128E-2 1.03897E-1 1.07125E-1 1.09228E-1 1.12924E-1 1.10996E-1 1.12019E-1 1.11363E-1 1.07031E-1 1.05687E-1 1.051E-1 1.04385E-1 1.00546E-1 1.01925E-1 9.86852E-2 9.64839E-2 9.37656E-2 9.29959E-2 9.54814E-2 9.7288E-2 1.03217E-1 1.10664E-1 1.10756E-1 1.06542E-1 1.00948E-1 9.62958E-2 9.24804E-2 9.04291E-2 8.29433E-2 8.43348E-2 9.27973E-2 9.39356E-2 9.31605E-2 9.36551E-2 8.80449E-2 8.90412E-2 9.36261E-2 9.30132E-2 9.1601E-2 8.2956E-2 8.1644E-2 8.12497E-2 8.20504E-2 8.35401E-2 8.05167E-2 7.68748E-2 7.25316E-2 6.94056E-2
6.7368E-2 8.23075E-2 1.13996E-1 9.84749E-2 7.54518E-2 7.81139E-2 7.94034E-2 7.62427E-2 8.33273E-2 8.80959E-2 1.14325E-1 8.81601E-2 9.00288E-2 8.71755E-2 8.44338E-2 9.5293E-2 9.95485E-2 1.02892E-1 1.04017E-1 1.09348E-1 1.08463E-1 1.04569E-1 1.04371E-1 1.0926E-1 1.04772E-1 9.96853E-2 1.03517E-1 1.09009E-1 1.07953E-1 8.87806E-2 9.94244E-2 9.53025E-2 9.65581E-2 9.65232E-2 1.05922E-1 1.0244E-1 1.00129E-1 1.03516E-1 9.96727E-2 9.68063E-2 9.68224E-2 8.91276E-2 9.01929E-2 8.85888E-2 8.4277E-2 8.51887E-2 8.93716E-2 8.54662E-2 8.57541E-2 9.19054E-2 9.36326E-2 8.93118E-2 8.24282E-2 8.07345E-2 7.88716E-2 7.72776E-2 8.01521E-2 7.32956E-2 6.98993E-2 6.97021E-2 6.76199E-2
5.42557E-2 6.74938E-2 8.35118E-2 1.02083E-1 9.47494E-2 6.96873E-2 6.63644E-2 8.29095E-2 6.85174E-2 5.78871E-2 8.06916E-2 9.18323E-2 6.70366E-2 6.05398E-2 6.64637E-2 6.82859E-2 7.52851E-2 9.38036E-2 9.90063E-2 9.62053E-2 1.00495E-1 1.07222E-1 1.07307E-1 1.06799E-1 1.04753E-1 1.04551E-1 1.03252E-1 1.05803E-1 1.07389E-1 1.0683E-1 1.04359E-1 9.33421E-2 8.87311E-2 8.67334E-2 9.90104E-2 1.0241E-1 9.73184E-2 9.90762E-2 9.91533E-2 1.02473E-1 1.04996E-1 9.67648E-2 9.71089E-2 1.01274E-1 9.83711E-2 9.5451E-2 9.51529E-2 9.04457E-2 8.97372E-2 8.64457E-2 8.5022E-2 8.50827E-2 8.00343E-2 7.579E-2 7.49733E-2 7.95056E-2 7.66689E-2 7.08498E-2 7.05908E-2 6.76927E-2 6.9999E-2
6.48427E-2 6.7688E-2 6.97759E-2 7.8889E-2 8.14611E-2 7.86561E-2 7.35405E-2 5.98537E-2 5.05175E-2 4.44296E-2 6.90646E-2 6.64331E-2 7.09286E-2 5.95672E-2 4.23692E-2 4.23508E-2 5.72988E-2 7.82253E-2 8.00588E-2 8.91788E-2 9.74736E-2 1.01292E-1 9.61983E-2 9.54288E-2 9.72951E-2 9.59865E-2 1.02094E-1 1.06665E-1 1.04631E-1 1.03046E-1 9.75447E-2 9.37231E-2 8.03082E-2 8.94971E-2 9.84439E-2 1.02966E-1 9.49488E-2 1.00245E-1 1.00495E-1 1.02418E-1 1.0535E-1 1.04399E-1 1.00669E-1 1.01369E-1 1.00856E-1 1.03779E-1 9.89038E-2 9.15214E-2 8.82878E-2 9.13802E-2 8.89654E-2 8.90955E-2 8.41165E-2 7.93173E-2 7.89957E-2 8.14865E-2 8.10435E-2 7.58572E-2 7.86808E-2 7.72099E-2 7.53978E-2
6.98098E-2 6.52455E-2 7.20544E-2 7.447E-2 6.99282E-2 5.37575E-2 7.66675E-2 7.47197E-2 6.25782E-2 4.58567E-2 4.30646E-2 4.71885E-2 5.59227E-2 6.14416E-2 5.30198E-2 3.99022E-2 4.63364E-2 5.76657E-2 4.85589E-2 7.25285E-2 9.14065E-2 1.0173E-1 9.67247E-2 9.29932E-2 9.43349E-2 9.64302E-2 9.95256E-2 1.03191E-1 1.06429E-1 9.63899E-2 7.6865E-2 8.15402E-2 8.39744E-2 9.64481E-2 9.77475E-2 9.77245E-2 9.90324E-2 1.02407E-1 1.03401E-1 1.04743E-1 1.04752E-1 1.13349E-1 1.04493E-1 1.00672E-1 9.64058E-2 1.00926E-1 1.07309E-1 9.87547E-2 9.02824E-2 8.31234E-2 8.46234E-2 8.35634E-2 8.22273E-2 8.13282E-2 7.77522E-2 8.05422E-2 7.54539E-2 7.55677E-2 7.0726E-2 6.84749E-2 7.47648E-2
6.76178E-2 6.59154E-2 6.50462E-2 6.98605E-2 6.4308E-2 4.91861E-2 5.28572E-2 7.26393E-2 6.34009E-2 4.49806E-2 4.74825E-2 3.40285E-2 3.72055E-2 4.47835E-2 3.58793E-2 3.7535E-2 4.16217E-2 3.7061E-2 4.36756E-2 6.0437E-2 9.21096E-2 8.85734E-2 8.92836E-2 9.10177E-2 9.1904E-2 9.26163E-2 9.56937E-2 1.01541E-1 1.03066E-1 9.74147E-2 9.14557E-2 8.74146E-2 8.27866E-2 7.42441E-2 9.33755E-2 9.58643E-2 1.04273E-1 1.07313E-1 1.0637E-1 1.03282E-1 1.05619E-1 1.04534E-1 1.01343E-1 1.02841E-1 1.0118E-1 9.53072E-2 9.61784E-2 9.74689E-2 9.78562E-2 8.93902E-2 7.43354E-2 8.03375E-2 8.66416E-2 8.41257E-2 8.52389E-2 8.64554E-2 8.4649E-2 8.07005E-2 7.92815E-2 7.51419E-2 8.12701E-2
6.82179E-2 6.78656E-2 6.34819E-2 6.7246E-2 6.23944E-2 5.04653E-2 4.93831E-2 5.94852E-2 6.77416E-2 6.13016E-2 5.12967E-2 3.85954E-2 3.66338E-2 3.3425E-2 4.00801E-2 3.40566E-2 4.3218E-2 4.56449E-2 4.36629E-2 6.13586E-2 8.76468E-2 6.32172E-2 7.06304E-2 8.17073E-2 8.81513E-2 8.96725E-2 9.23533E-2 9.49508E-2 9.80316E-2 1.01403E-1 1.00437E-1 9.89189E-2 9.69782E-2 9.48443E-2 9.57169E-2 1.03276E-1 1.03281E-1 1.02993E-1 1.04224E-1 1.00747E-1 1.04438E-1 1.07142E-1 1.06447E-1 1.01865E-1 9.40153E-2 9.19762E-2 1.02105E-1 8.55982E-2 7.78573E-2 7.73223E-2 7.55676E-2 7.00881E-2 7.65713E-2 8.05907E-2 7.83338E-2 8.22234E-2 8.28875E-2 8.48102E-2 8.54849E-2 8.74773E-2 8.88814E-2
6.32765E-2 6.37245E-2 5.85826E-2 5.88143E-2 5.47975E-2 4.88579E-2 4.83215E-2 5.39215E-2 4.53784E-2 3.87923E-2 4.85064E-2 6.40516E-2 4.18112E-2 3.14278E-2 3.76886E-2 3.76373E-2 2.958E-2 3.83838E-2 5.5064E-2 4.61272E-2 4.91751E-2 3.83615E-2 5.18676E-2 6.76753E-2 7.93502E-2 8.55839E-2 9.24387E-2 9.89675E-2 9.93176E-2 1.00264E-1 1.02359E-1 9.94613E-2 1.02074E-1 1.05614E-1 1.06203E-1 1.04205E-1 9.9072E-2 9.63252E-2 9.15247E-2 9.00319E-2 9.51477E-2 1.0148E-1 9.06748E-2 1.00379E-1 9.46285E-2 8.54332E-2 9.5704E-2 8.90084E-2 8.94647E-2 7.25944E-2 6.51399E-2 6.48866E-2 6.83738E-2 6.14706E-2 7.05997E-2 7.72437E-2 7.34027E-2 7.47504E-2 7.92293E-2 8.48105E-2 8.53865E-2
7.09163E-2 7.19277E-2 6.57268E-2 5.93203E-2 5.45515E-2 4.42005E-2 4.74365E-2 5.32348E-2 3.98876E-2 3.20127E-2 2.89969E-2 2.61085E-2 4.95647E-2 6.35389E-2 5.426E-2 3.94687E-2 3.16455E-2 2.78494E-2 3.75649E-2 3.52388E-2 3.48096E-2 3.35487E-2 4.64E-2 5.11537E-2 6.40162E-2 7.75731E-2 8.80373E-2 9.77081E-2 1.01715E-1 1.05926E-1 1.0537E-1 1.04601E-1 1.00293E-1 9.8548E-2 1.01924E-1 9.72848E-2 9.91369E-2 9.5299E-2 9.65082E-2 9.1736E-2 8.92911E-2 9.87467E-2 8.94602E-2 9.22463E-2 9.55298E-2 9.26369E-2 9.06026E-2 9.16744E-2 9.92922E-2 8.03212E-2 6.85668E-2 6.56271E-2 7.04723E-2 6.70439E-2 6.64552E-2 8.07249E-2 8.12468E-2 7.41417E-2 7.16955E-2 7.54265E-2 7.30398E-2
8.8292E-2 8.35524E-2 7.17054E-2 6.55498E-2 5.12766E-2 4.38907E-2 4.27802E-2 5.30373E-2 4.44447E-2 3.95321E-2 3.48771E-2 2.12607E-2 2.9221E-2 3.52541E-2 6.97198E-2 5.76063E-2 4.20654E-2 3.89577E-2 3.63381E-2 2.89186E-2 3.34053E-2 3.67177E-2 3.31921E-2 4.90602E-2 5.69623E-2 6.75487E-2 8.66242E-2 9.70957E-2 1.04068E-1 1.05266E-1 1.11389E-1 1.10354E-1 1.08812E-1 1.05424E-1 1.1129E-1 1.0623E-1 1.02916E-1 9.91967E-2 9.85605E-2 9.76004E-2 9.68262E-2 9.70061E-2 8.87234E-2 8.46038E-2 9.62786E-2 1.03666E-1 1.05365E-1 9.47116E-2 9.99312E-2 9.20374E-2 7.51702E-2 7.21418E-2 6.73633E-2 7.3809E-2 7.58169E-2 7.777E-2 7.82283E-2 7.55791E-2 7.78863E-2 7.72559E-2 7.33731E-2
6.85445E-2 6.76708E-2 9.79766E-2 5.66247E-2 4.93854E-2 4.9306E-2 4.3027E-2 3.96391E-2 5.71021E-2 3.65294E-2 3.12283E-2 2.27465E-2 2.43953E-2 3.05011E-2 4.4957E-2 3.82958E-2 7.70643E-2 5.27574E-2 3.35798E-2 4.59047E-2 3.7192E-2 4.43997E-2 4.61587E-2 3.39388E-2 4.84467E-2 5.79245E-2 6.66549E-2 8.2777E-2 1.05824E-1 1.14547E-1 1.16178E-1 1.14249E-1 1.12738E-1 1.14974E-1 1.16358E-1 1.17841E-1 1.08E-1 1.01865E-1 9.82013E-2 9.61576E-2 9.65423E-2 1.00242E-1 9.98312E-2 9.27343E-2 8.73597E-2 9.69008E-2 1.05275E-1 1.03373E-1 9.60059E-2 9.19594E-2 7.35251E-2 7.65776E-2 7.83973E-2 8.20343E-2 7.4918E-2 8.03545E-2 8.16797E-2 7.82054E-2 7.47675E-2 7.60988E-2 7.62392E-2
8.80085E-2 1.00974E-1 8.55242E-2 6.08943E-2 5.88955E-2 7.50813E-2 4.07738E-2 3.40672E-2 3.32577E-2 4.87924E-2 3.03645E-2 2.31261E-2 2.9698E-2 2.51651E-2 2.88492E-2 2.52399E-2 3.81427E-2 8.36849E-2 5.68557E-2 5.67214E-2 3.67573E-2 3.24189E-2 4.40525E-2 5.65664E-2 5.57257E-2 7.04773E-2 7.71357E-2 7.80314E-2 1.01449E-1 1.18575E-1 1.19784E-1 1.18181E-1 1.15027E-1 1.1627E-1 1.18843E-1 1.21033E-1 1.22734E-1 1.13524E-1 1.06798E-1 1.03171E-1 9.83566E-2 1.01109E-1 1.01646E-1 1.02311E-1 1.04005E-1 1.0028E-1 9.85675E-2 9.12021E-2 7.94641E-2 7.15641E-2 6.66026E-2 6.98119E-2 7.95156E-2 8.89591E-2 7.77188E-2 8.11726E-2 8.34274E-2 7.21188E-2 7.50023E-2 7.63542E-2 7.4886E-2
1.18774E-1 9.75202E-2 7.10346E-2 5.52915E-2 6.87658E-2 9.51178E-2 4.42389E-2 3.921E-2 3.39656E-2 4.89311E-2 3.3244E-2 3.72697E-2 2.50508E-2 2.6927E-2 2.07351E-2 2.93976E-2 3.29544E-2 4.73369E-2 7.90917E-2 7.27531E-2 5.21025E-2 4.10501E-2 3.78078E-2 4.03686E-2 4.75983E-2 6.73112E-2 7.76426E-2 7.8764E-2 9.68501E-2 1.11305E-1 1.17142E-1 1.18369E-1 1.15329E-1 1.26362E-1 1.38515E-1 1.27094E-1 1.17115E-1 1.09501E-1 1.09503E-1 1.10213E-1 1.01316E-1 9.71032E-2 9.37486E-2 9.79319E-2 1.04975E-1 1.02488E-1 9.46264E-2 7.6472E-2 6.99827E-2 6.88239E-2 6.19049E-2 6.07501E-2 5.98711E-2 6.84178E-2 7.66098E-2 8.33632E-2 9.1848E-2 7.71061E-2 7.00175E-2 7.10625E-2 7.44597E-2
1.19877E-1 1.48126E-1 1.54687E-1 1.29893E-1 1.23654E-1 8.33717E-2 6.13987E-2 4.6442E-2 4.32628E-2 4.34167E-2 4.9925E-2 3.3424E-2 2.68328E-2 4.12822E-2 2.54318E-2 3.20366E-2 3.06267E-2 4.03711E-2 4.0303E-2 6.74584E-2 8.85066E-2 5.87291E-2 6.18679E-2 5.17495E-2 4.04483E-2 3.61675E-2 6.10477E-2 6.32875E-2 7.87463E-2 8.44354E-2 1.00345E-1 1.1044E-1 1.19351E-1 1.15614E-1 1.22873E-1 1.12911E-1 1.01976E-1 1.05259E-1 1.09515E-1 1.05585E-1 1.05071E-1 1.01666E-1 1.01421E-1 1.01595E-1 1.07111E-1 1.05777E-1 1.00875E-1 9.02149E-2 9.05332E-2 8.44561E-2 8.1389E-2 9.19527E-2 9.81085E-2 9.3861E-2 8.6622E-2 9.08896E-2 9.5876E-2 8.19854E-2 8.06459E-2 8.0574E-2 7.5625E-2
1.524E-1 1.09961E-1 1.05784E-1 1.57832E-1 1.27327E-1 6.32486E-2 5.84597E-2 6.62503E-2 4.02962E-2 3.30058E-2 4.65948E-2 5.6643E-2 5.58016E-2 3.7675E-2 3.44856E-2 3.86365E-2 4.24012E-2 3.34834E-2 3.47303E-2 3.94898E-2 5.7329E-2 9.37236E-2 7.09159E-2 6.81683E-2 5.22353E-2 4.67516E-2 4.30082E-2 5.2917E-2 6.67193E-2 7.58816E-2 8.95278E-2 1.07519E-1 1.09495E-1 1.04578E-1 1.09865E-1 1.13943E-1 1.0686E-1 1.06769E-1 1.13782E-1 1.08611E-1 1.10856E-1 1.10382E-1 1.0526E-1 1.08727E-1 1.07729E-1 1.09495E-1 1.08156E-1 1.12291E-1 1.09374E-1 1.11753E-1 1.09428E-1 1.07893E-1 1.06252E-1 1.00628E-1 1.03231E-1 9.72321E-2 8.21329E-2 8.45302E-2 9.17614E-2 8.36318E-2 8.05497E-2
1.22438E-1 9.18608E-2 1.02042E-1 1.28772E-1 1.30946E-1 9.10678E-2 1.1987E-1 5.16371E-2 5.04588E-2 3.80911E-2 3.51593E-2 9.68608E-2 4.52628E-2 4.40481E-2 5.09269E-2 4.24702E-2 4.52278E-2 4.65229E-2 4.27143E-2 3.80246E-2 5.31055E-2 7.03031E-2 1.04297E-1 6.64743E-2 7.43144E-2 6.22696E-2 5.00761E-2 4.65276E-2 5.55067E-2 6.29427E-2 8.22037E-2 9.47086E-2 1.01856E-1 1.03167E-1 1.10919E-1 1.14467E-1 1.04561E-1 9.84787E-2 9.89896E-2 1.02635E-1 1.08528E-1 1.12708E-1 1.0887E-1 1.07461E-1 1.10274E-1 1.08167E-1 1.07085E-1 1.10291E-1 1.11691E-1 1.06431E-1 9.39674E-2 9.82473E-2 1.0537E-1 1.0398E-1 1.01816E-1 9.35995E-2 9.05895E-2 9.2922E-2 9.12463E-2 8.57426E-2 8.23509E-2
1.24008E-1 1.09497E-1 1.38315E-1 1.64472E-1 8.62102E-2 9.59074E-2 1.12526E-1 6.37452E-2 5.86731E-2 4.28335E-2 4.86753E-2 1.13371E-1 4.69925E-2 4.29413E-2 4.22556E-2 5.03798E-2 5.68287E-2 7.50536E-2 4.22741E-2 3.9293E-2 4.63473E-2 5.53651E-2 6.96091E-2 9.92099E-2 6.31379E-2 8.45161E-2 5.22639E-2 4.3968E-2 4.5092E-2 5.62154E-2 7.36644E-2 8.30066E-2 8.87909E-2 1.02251E-1 1.12516E-1 1.22621E-1 1.18748E-1 1.08622E-1 1.01248E-1 1.02028E-1 1.07262E-1 1.13014E-1 1.08208E-1 1.11489E-1 1.16188E-1 1.08648E-1 1.06828E-1 1.13756E-1 1.07432E-1 1.04827E-1 1.00967E-1 1.01216E-1 9.98181E-2 9.84878E-2 9.81529E-2 9.30352E-2 9.14216E-2 9.00568E-2 9.13326E-2 8.99085E-2 8.86439E-2
9.88197E-2 1.11697E-1 2.32645E-1 1.85294E-1 1.14028E-1 1.37138E-1 9.13087E-2 8.73435E-2 6.10224E-2 4.83033E-2 5.66863E-2 8.55623E-2 7.68618E-2 5.20557E-2 4.86061E-2 4.29696E-2 5.60405E-2 8.48669E-2 5.21374E-2 3.9956E-2 4.94171E-2 5.42194E-2 6.27774E-2 8.64304E-2 8.21992E-2 6.81459E-2 6.17263E-2 5.53367E-2 4.97186E-2 5.52269E-2 5.97042E-2 7.54087E-2 8.33735E-2 9.37052E-2 1.03777E-1 1.20977E-1 1.29784E-1 1.22242E-1 1.14818E-1 1.08227E-1 1.04856E-1 1.13572E-1 1.19881E-1 1.21677E-1 1.24866E-1 1.19259E-1 1.14075E-1 1.06987E-1 1.1316E-1 1.03395E-1 9.93233E-2 1.00309E-1 9.86715E-2 9.77043E-2 9.6252E-2 9.82689E-2 8.95254E-2 8.68554E-2 8.61096E-2 8.88159E-2 8.66748E-2
9.80817E-2 1.26275E-1 2.42902E-1 8.54593E-2 6.88458E-2 6.45886E-2 6.0108E-2 6.01198E-2 5.67776E-2 5.58961E-2 6.92265E-2 7.94419E-2 6.62181E-2 5.96561E-2 7.8012E-2 5.66055E-2 5.81646E-2 8.8598E-2 5.92309E-2 5.1343E-2 5.10046E-2 6.15262E-2 6.73425E-2 6.83723E-2 1.06803E-1 7.30881E-2 5.86058E-2 4.79153E-2 4.91326E-2 5.48789E-2 5.31691E-2 7.17225E-2 7.68663E-2 9.18678E-2 1.07088E-1 1.20325E-1 1.29471E-1 1.31206E-1 1.25632E-1 1.18387E-1 1.15545E-1 1.2064E-1 1.26032E-1 1.23482E-1 1.21741E-1 1.25349E-1 1.2367E-1 1.12334E-1 1.13834E-1 1.07629E-1 9.8481E-2 1.01863E-1 1.03621E-1 1.05844E-1 1.09729E-1 1.0547E-1 9.19323E-2 9.18158E-2 9.6405E-2 9.23024E-2 8.76105E-2
1.27344E-1 1.71151E-1 2.47004E-1 9.97462E-2 7.95986E-2 6.54483E-2 6.40624E-2 6.1656E-2 6.10148E-2 7.98832E-2 1.15409E-1 8.03452E-2 5.9745E-2 5.34786E-2 9.11839E-2 6.61134E-2 6.10941E-2 9.75952E-2 6.30783E-2 4.7287E-2 4.92489E-2 5.4327E-2 6.54216E-2 6.80293E-2 1.17426E-1 6.46212E-2 5.08844E-2 4.57812E-2 5.18941E-2 5.8947E-2 5.01862E-2 6.65445E-2 7.54363E-2 9.17934E-2 1.02075E-1 1.17001E-1 1.29375E-1 1.30165E-1 1.27314E-1 1.27257E-1 1.29288E-1 1.34604E-1 1.41522E-1 1.38065E-1 1.29457E-1 1.25287E-1 1.26604E-1 1.13779E-1 1.13816E-1 1.07785E-1 1.11682E-1 1.09294E-1 1.07504E-1 1.13757E-1 1.16422E-1 1.03656E-1 1.00714E-1 9.98711E-2 9.9533E-2 9.43915E-2 9.24594E-2
2.34946E-1 1.78017E-1 1.17257E-1 9.67235E-2 8.19109E-2 7.13972E-2 7.18165E-2 6.68611E-2 7.13749E-2 8.18094E-2 1.16101E-1 6.50464E-2 6.14438E-2 7.25799E-2 8.91068E-2 5.99644E-2 5.92179E-2 1.11923E-1 8.05396E-2 6.40975E-2 6.97587E-2 6.2327E-2 6.91257E-2 7.73364E-2 1.16195E-1 7.1075E-2 5.42535E-2 5.86418E-2 5.17617E-2 5.91549E-2 5.26299E-2 6.13391E-2 6.8862E-2 8.88852E-2 9.8466E-2 1.1398E-1 1.22623E-1 1.37506E-1 1.36218E-1 1.35041E-1 1.3472E-1 1.48228E-1 1.51322E-1 1.47695E-1 1.45667E-1 1.39307E-1 1.38437E-1 1.24223E-1 1.19477E-1 1.14381E-1 1.12305E-1 1.02693E-1 1.01103E-1 1.01921E-1 9.94302E-2 9.47858E-2 9.54734E-2 9.31336E-2 9.0833E-2 9.10722E-2 9.06604E-2
1.85949E-1 2.31731E-1 1.02272E-1 1.00191E-1 9.57162E-2 8.44229E-2 7.82942E-2 7.72171E-2 8.47092E-2 9.34258E-2 1.33654E-1 7.52328E-2 8.90189E-2 1.06304E-1 8.43183E-2 9.03366E-2 9.53832E-2 1.11832E-1 1.19687E-1 6.56857E-2 6.67337E-2 7.20817E-2 7.67687E-2 9.11656E-2 1.08613E-1 1.05723E-1 6.34846E-2 6.36517E-2 5.55522E-2 6.00532E-2 5.91508E-2 5.62817E-2 6.82998E-2 9.22313E-2 1.17842E-1 1.27864E-1 1.32154E-1 1.26481E-1 1.30229E-1 1.37163E-1 1.36288E-1 1.45487E-1 1.42574E-1 1.43104E-1 1.392E-1 1.38102E-1 1.35838E-1 1.27608E-1 1.13801E-1 1.12159E-1 1.06067E-1 1.02741E-1 9.86867E-2 8.97255E-2 8.41058E-2 7.4323E-2 7.45147E-2 7.37034E-2 7.89366E-2 7.92898E-2 7.79686E-2
