maxent_outputs/hummingbirds/hummingbird_311.asc
ncols         426
nrows         180
xllcorner     -130.0
yllcorner     24.0
cellsize      0.16666666666666666
NODATA_value  -9999
[rows 81 to 107 of 180, columns 244 to 304 of 426]
1.63541E-1 1.64921E-1 1.61912E-1 1.60342E-1 1.59483E-1 1.64795E-1 1.61462E-1 1.59545E-1 1.59201E-1 1.60971E-1 1.65428E-1 1.65564E-1 1.73016E-1 1.81709E-1 1.85273E-1 1.74816E-1 1.63636E-1 1.54524E-1 1.46778E-1 1.44647E-1 1.435E-1 1.42668E-1 1.46535E-1 1.49435E-1 1.48292E-1 1.51151E-1 1.53889E-1 1.55069E-1 1.58383E-1 1.62899E-1 1.59332E-1 1.57673E-1 1.59905E-1 1.5818E-1 1.56651E-1 1.63653E-1 1.65696E-1 1.67829E-1 1.5976E-1 1.48127E-1 1.39577E-1 1.36992E-1 1.42074E-1 1.52245E-1 1.59507E-1 1.49246E-1 1.48343E-1 1.56727E-1 1.59856E-1 1.51031E-1 1.44452E-1 1.48831E-1 1.61739E-1 1.50693E-1 1.4718E-1 1.63043E-1 1.66311E-1 1.47848E-1 1.3631E-1 1.30066E-1 1.19092E-1
1.66005E-1 1.62739E-1 1.59886E-1 1.63412E-1 1.60874E-1 1.63484E-1 1.59329E-1 1.55212E-1 1.57042E-1 1.61099E-1 1.62724E-1 1.66811E-1 1.72655E-1 1.63192E-1 1.63972E-1 1.58848E-1 1.50552E-1 1.42907E-1 1.39077E-1 1.42219E-1 1.41871E-1 1.45658E-1 1.45703E-1 1.48005E-1 1.50682E-1 1.49384E-1 1.47047E-1 1.47416E-1 1.50267E-1 1.55082E-1 1.58488E-1 1.53231E-1 1.5486E-1 1.55261E-1 1.5649E-1 1.61965E-1 1.67556E-1 1.69668E-1 1.70306E-1 1.48788E-1 1.39997E-1 1.38211E-1 1.40257E-1 1.47618E-1 1.57339E-1 1.5516E-1 1.54917E-1 1.53399E-1 1.6224E-1 1.50812E-1 1.44493E-1 1.54185E-1 1.60432E-1 1.49187E-1 1.49261E-1 1.5307E-1 1.60659E-1 1.51137E-1 1.37389E-1 1.20354E-1 1.11574E-1
1.68202E-1 1.6202E-1 1.64963E-1 1.62172E-1 1.59017E-1 1.6021E-1 1.59502E-1 1.57693E-1 1.56071E-1 1.5942E-1 1.62504E-1 1.64357E-1 1.62529E-1 1.5532E-1 1.52476E-1 1.48727E-1 1.43834E-1 1.38964E-1 1.4019E-1 1.4903E-1 1.51726E-1 1.47991E-1 1.47079E-1 1.43033E-1 1.41722E-1 1.38177E-1 1.37314E-1 1.40432E-1 1.46517E-1 1.51808E-1 1.57632E-1 1.54112E-1 1.53805E-1 1.58326E-1 1.54053E-1 1.58723E-1 1.62348E-1 1.74197E-1 1.72812E-1 1.50747E-1 1.45522E-1 1.45757E-1 1.48978E-1 1.54359E-1 1.5422E-1 1.54634E-1 1.6057E-1 1.62326E-1 1.57001E-1 1.48058E-1 1.47354E-1 1.58901E-1 1.4629E-1 1.41284E-1 1.45349E-1 1.50444E-1 1.56528E-1 1.46525E-1 1.30999E-1 1.0315E-1 9.17689E-2
1.62651E-1 1.6005E-1 1.60949E-1 1.60116E-1 1.5628E-1 1.58297E-1 1.56209E-1 1.53533E-1 1.52597E-1 1.51123E-1 1.51971E-1 1.61727E-1 1.57837E-1 1.52459E-1 1.45215E-1 1.43626E-1 1.36994E-1 1.36241E-1 1.47091E-1 1.56948E-1 1.51164E-1 1.4471E-1 1.3741E-1 1.35064E-1 1.31861E-1 1.34329E-1 1.372E-1 1.36814E-1 1.39893E-1 1.44145E-1 1.5716E-1 1.63397E-1 1.62032E-1 1.58288E-1 1.47821E-1 1.56951E-1 1.6258E-1 1.72568E-1 1.75307E-1 1.6069E-1 1.52372E-1 1.47749E-1 1.45458E-1 1.52983E-1 1.60633E-1 1.55713E-1 1.60175E-1 1.66765E-1 1.52259E-1 1.45379E-1 1.48287E-1 1.57259E-1 1.40754E-1 1.37991E-1 1.41754E-1 1.50173E-1 1.53123E-1 1.40806E-1 1.0882E-1 1.00504E-1 9.65189E-2
1.62801E-1 1.58596E-1 1.56823E-1 1.55224E-1 1.57365E-1 1.56131E-1 1.53912E-1 1.55793E-1 1.506E-1 1.47959E-1 1.50853E-1 1.56333E-1 1.53519E-1 1.53729E-1 1.45831E-1 1.43946E-1 1.39987E-1 1.41442E-1 1.47368E-1 1.4876E-1 1.46792E-1 1.43344E-1 1.3847E-1 1.28383E-1 1.26283E-1 1.33299E-1 1.32067E-1 1.27767E-1 1.38503E-1 1.44006E-1 1.5936E-1 1.61979E-1 1.61081E-1 1.49517E-1 1.42625E-1 1.49089E-1 1.56598E-1 1.6619E-1 1.70943E-1 1.59268E-1 1.56884E-1 1.49968E-1 1.42178E-1 1.47745E-1 1.5539E-1 1.55319E-1 1.58602E-1 1.55292E-1 1.50708E-1 1.44056E-1 1.49531E-1 1.41689E-1 1.30151E-1 1.27252E-1 1.33322E-1 1.45178E-1 1.5301E-1 1.13667E-1 9.66068E-2 9.80205E-2 8.95721E-2
1.61926E-1 1.57089E-1 1.52171E-1 1.59949E-1 1.62524E-1 1.5722E-1 1.53264E-1 1.55727E-1 1.49255E-1 1.48585E-1 1.51294E-1 1.60293E-1 1.56286E-1 1.53764E-1 1.51527E-1 1.45172E-1 1.43553E-1 1.50275E-1 1.47097E-1 1.41162E-1 1.44661E-1 1.44785E-1 1.36402E-1 1.28401E-1 1.29256E-1 1.31955E-1 1.28253E-1 1.32427E-1 1.38916E-1 1.48542E-1 1.51452E-1 1.52105E-1 1.50158E-1 1.36833E-1 1.38218E-1 1.46182E-1 1.53226E-1 1.63444E-1 1.64195E-1 1.5302E-1 1.57127E-1 1.53902E-1 1.48133E-1 1.49051E-1 1.44669E-1 1.51269E-1 1.54942E-1 1.52773E-1 1.49359E-1 1.47453E-1 1.43906E-1 1.35424E-1 1.22252E-1 1.19421E-1 1.27213E-1 1.36611E-1 1.26079E-1 9.97253E-2 8.67014E-2 8.42461E-2 8.42498E-2
1.59687E-1 1.54539E-1 1.56237E-1 1.59332E-1 1.60364E-1 1.58372E-1 1.54432E-1 1.55431E-1 1.54132E-1 1.56701E-1 1.59282E-1 1.60523E-1 1.56085E-1 1.55083E-1 1.55317E-1 1.50577E-1 1.52672E-1 1.56729E-1 1.4633E-1 1.42904E-1 1.45739E-1 1.44101E-1 1.42436E-1 1.32342E-1 1.33086E-1 1.33049E-1 1.29561E-1 1.36473E-1 1.46168E-1 1.45522E-1 1.46351E-1 1.45407E-1 1.44855E-1 1.44812E-1 1.36112E-1 1.41448E-1 1.48651E-1 1.57318E-1 1.57854E-1 1.55066E-1 1.5249E-1 1.51286E-1 1.51825E-1 1.47592E-1 1.44431E-1 1.44292E-1 1.47396E-1 1.53414E-1 1.45426E-1 1.41392E-1 1.31697E-1 1.29185E-1 1.19628E-1 1.18829E-1 1.28898E-1 1.22833E-1 1.0287E-1 8.76986E-2 7.97716E-2 7.83059E-2 8.79146E-2
1.61356E-1 1.61629E-1 1.62604E-1 1.62913E-1 1.59112E-1 1.61105E-1 1.61976E-1 1.59952E-1 1.58094E-1 1.56332E-1 1.57413E-1 1.55229E-1 1.57289E-1 1.58506E-1 1.57836E-1 1.53671E-1 1.47992E-1 1.50851E-1 1.47134E-1 1.43147E-1 1.45261E-1 1.42395E-1 1.41561E-1 1.39149E-1 1.34849E-1 1.29909E-1 1.36654E-1 1.48015E-1 1.47917E-1 1.46037E-1 1.44175E-1 1.38552E-1 1.36887E-1 1.33681E-1 1.30179E-1 1.38868E-1 1.46899E-1 1.49786E-1 1.55706E-1 1.5259E-1 1.51044E-1 1.5108E-1 1.50119E-1 1.4524E-1 1.39187E-1 1.39838E-1 1.43984E-1 1.39087E-1 1.32088E-1 1.29135E-1 1.22353E-1 1.19629E-1 1.1563E-1 1.18964E-1 1.20245E-1 1.14515E-1 1.00289E-1 8.21522E-2 7.84122E-2 7.36806E-2 8.29336E-2
1.70387E-1 1.71033E-1 1.68622E-1 1.6302E-1 1.66592E-1 1.60497E-1 1.59794E-1 1.58851E-1 1.55973E-1 1.53796E-1 1.56333E-1 1.54283E-1 1.60507E-1 1.5672E-1 1.59426E-1 1.48354E-1 1.40278E-1 1.50725E-1 1.4617E-1 1.43913E-1 1.44506E-1 1.44365E-1 1.44406E-1 1.40912E-1 1.33282E-1 1.34981E-1 1.44898E-1 1.47035E-1 1.49916E-1 1.53457E-1 1.40611E-1 1.37861E-1 1.2984E-1 1.29119E-1 1.31715E-1 1.35309E-1 1.39996E-1 1.45462E-1 1.47251E-1 1.44785E-1 1.47598E-1 1.49987E-1 1.51599E-1 1.46196E-1 1.37563E-1 1.34918E-1 1.29669E-1 1.29308E-1 1.24786E-1 1.21439E-1 1.18354E-1 1.17474E-1 1.12868E-1 1.12561E-1 1.06782E-1 9.77903E-2 8.96184E-2 8.30796E-2 7.78017E-2 6.35249E-2 1.0027E-1
1.80113E-1 1.79163E-1 1.71882E-1 1.6833E-1 1.71049E-1 1.642E-1 1.58669E-1 1.55503E-1 1.54255E-1 1.53848E-1 1.52217E-1 1.51055E-1 1.55925E-1 1.51655E-1 1.51335E-1 1.42915E-1 1.37025E-1 1.3689E-1 1.35422E-1 1.40991E-1 1.4059E-1 1.43328E-1 1.42608E-1 1.35193E-1 1.31696E-1 1.3462E-1 1.43274E-1 1.46762E-1 1.39899E-1 1.45913E-1 1.43368E-1 1.37273E-1 1.33799E-1 1.29955E-1 1.32051E-1 1.35208E-1 1.37208E-1 1.44876E-1 1.45472E-1 1.43823E-1 1.42217E-1 1.49151E-1 1.47439E-1 1.5087E-1 1.38907E-1 1.29621E-1 1.22416E-1 1.20697E-1 1.1934E-1 1.19257E-1 1.20334E-1 1.17406E-1 1.15256E-1 1.07061E-1 9.32471E-2 8.31226E-2 8.49565E-2 7.48737E-2 7.71388E-2 8.32456E-2 1.461E-1
1.99974E-1 1.84945E-1 1.78463E-1 1.74526E-1 1.69974E-1 1.65596E-1 1.59472E-1 1.521E-1 1.50812E-1 1.54204E-1 1.54966E-1 1.50827E-1 1.50286E-1 1.47877E-1 1.4164E-1 1.40851E-1 1.36393E-1 1.31878E-1 1.33673E-1 1.38415E-1 1.44997E-1 1.42084E-1 1.38958E-1 1.33969E-1 1.38618E-1 1.38163E-1 1.43488E-1 1.44189E-1 1.38836E-1 1.44683E-1 1.47236E-1 1.43309E-1 1.40926E-1 1.39302E-1 1.36751E-1 1.41804E-1 1.36332E-1 1.46644E-1 1.53866E-1 1.44647E-1 1.38396E-1 1.43908E-1 1.49419E-1 1.48295E-1 1.3543E-1 1.27368E-1 1.2397E-1 1.19139E-1 1.18242E-1 1.18908E-1 1.17015E-1 1.14072E-1 1.13405E-1 9.33975E-2 7.2731E-2 6.28826E-2 7.09167E-2 6.06398E-2 6.30961E-2 1.07066E-1 1.44484E-1
1.91539E-1 1.86923E-1 1.80615E-1 1.76512E-1 1.68512E-1 1.66877E-1 1.60886E-1 1.53554E-1 1.501E-1 1.48922E-1 1.5002E-1 1.46961E-1 1.48588E-1 1.4752E-1 1.41224E-1 1.37508E-1 1.33915E-1 1.26613E-1 1.23813E-1 1.2884E-1 1.3446E-1 1.42936E-1 1.34492E-1 1.3596E-1 1.29847E-1 1.34118E-1 1.33797E-1 1.35228E-1 1.37394E-1 1.43786E-1 1.45967E-1 1.43646E-1 1.37077E-1 1.35829E-1 1.36739E-1 1.39086E-1 1.39761E-1 1.37472E-1 1.43223E-1 1.47042E-1 1.37099E-1 1.38659E-1 1.44192E-1 1.40928E-1 1.46105E-1 1.37058E-1 1.35659E-1 1.28941E-1 1.24754E-1 1.20772E-1 1.20149E-1 1.09057E-1 9.57272E-2 8.11897E-2 5.74372E-2 5.45029E-2 4.98993E-2 6.1099E-2 7.4124E-2 1.06157E-1 1.29496E-1
1.83081E-1 1.76758E-1 1.71413E-1 1.65996E-1 1.61426E-1 1.6453E-1 1.62664E-1 1.5476E-1 1.49515E-1 1.53764E-1 1.48111E-1 1.4862E-1 1.4906E-1 1.44491E-1 1.42485E-1 1.35625E-1 1.34236E-1 1.31164E-1 1.36462E-1 1.38711E-1 1.43769E-1 1.47134E-1 1.41907E-1 1.3239E-1 1.25135E-1 1.30697E-1 1.44398E-1 1.41341E-1 1.42522E-1 1.43337E-1 1.4122E-1 1.42059E-1 1.41437E-1 1.32315E-1 1.32876E-1 1.29267E-1 1.32379E-1 1.32279E-1 1.38976E-1 1.39936E-1 1.44156E-1 1.45136E-1 1.44739E-1 1.43069E-1 1.53025E-1 1.59749E-1 1.56782E-1 1.41425E-1 1.2905E-1 1.22752E-1 1.10798E-1 8.71351E-2 7.51905E-2 6.48594E-2 4.90867E-2 4.92129E-2 5.89289E-2 6.29427E-2 7.75351E-2 1.03766E-1 1.06968E-1
1.72588E-1 1.68182E-1 1.67486E-1 1.57081E-1 1.52917E-1 1.56661E-1 1.57999E-1 1.54023E-1 1.53461E-1 1.43789E-1 1.42874E-1 1.46114E-1 1.4826E-1 1.44208E-1 1.39069E-1 1.37015E-1 1.3856E-1 1.45027E-1 1.54359E-1 1.52652E-1 1.57666E-1 1.66854E-1 1.51224E-1 1.37214E-1 1.31367E-1 1.33912E-1 1.50709E-1 1.49471E-1 1.46005E-1 1.43255E-1 1.42794E-1 1.40271E-1 1.37741E-1 1.35687E-1 1.30758E-1 1.29471E-1 1.2694E-1 1.3551E-1 1.38834E-1 1.41082E-1 1.45129E-1 1.43861E-1 1.43476E-1 1.42752E-1 1.46216E-1 1.50732E-1 1.51521E-1 1.3748E-1 1.2565E-1 1.22986E-1 1.06785E-1 8.45655E-2 7.05823E-2 5.26593E-2 4.81807E-2 6.53411E-2 7.13301E-2 7.9013E-2 1.04907E-1 1.13771E-1 1.29992E-1
1.68145E-1 1.59188E-1 1.65426E-1 1.46704E-1 1.43299E-1 1.44304E-1 1.50231E-1 1.48482E-1 1.48795E-1 1.40424E-1 1.43084E-1 1.43664E-1 1.41747E-1 1.42824E-1 1.40537E-1 1.44578E-1 1.47362E-1 1.54768E-1 1.65442E-1 1.6762E-1 1.77252E-1 1.67574E-1 1.5416E-1 1.48249E-1 1.45643E-1 1.46439E-1 1.51392E-1 1.52898E-1 1.53496E-1 1.48883E-1 1.44435E-1 1.42011E-1 1.377E-1 1.36194E-1 1.3379E-1 1.33307E-1 1.26871E-1 1.32856E-1 1.35829E-1 1.44311E-1 1.49409E-1 1.43524E-1 1.38709E-1 1.40222E-1 1.33892E-1 1.33626E-1 1.29194E-1 1.22288E-1 1.21233E-1 1.15306E-1 9.59175E-2 7.36311E-2 5.84448E-2 6.4623E-2 7.73216E-2 7.46569E-2 9.17061E-2 1.02847E-1 1.24213E-1 1.28443E-1 1.25477E-1
1.58576E-1 1.56294E-1 1.5247E-1 1.44258E-1 1.4026E-1 1.41331E-1 1.43391E-1 1.53296E-1 1.53889E-1 1.46577E-1 1.53085E-1 1.47577E-1 1.39725E-1 1.37049E-1 1.40052E-1 1.48049E-1 1.5242E-1 1.52752E-1 1.55946E-1 1.74392E-1 1.85247E-1 1.74628E-1 1.62371E-1 1.5296E-1 1.52621E-1 1.52948E-1 1.51699E-1 1.57329E-1 1.53985E-1 1.54495E-1 1.51965E-1 1.52631E-1 1.51083E-1 1.38665E-1 1.28443E-1 1.26904E-1 1.32775E-1 1.35598E-1 1.39531E-1 1.43352E-1 1.49135E-1 1.46848E-1 1.32934E-1 1.33752E-1 1.24255E-1 1.14551E-1 1.0911E-1 1.05003E-1 1.0708E-1 1.12969E-1 8.75762E-2 8.05084E-2 8.53798E-2 9.39701E-2 9.13488E-2 9.99411E-2 1.07559E-1 1.31654E-1 1.25902E-1 1.43833E-1 1.21354E-1
1.55711E-1 1.5385E-1 1.45246E-1 1.39335E-1 1.37814E-1 1.41997E-1 1.52042E-1 1.65431E-1 1.6106E-1 1.54722E-1 1.50738E-1 1.48323E-1 1.40578E-1 1.36967E-1 1.41053E-1 1.44224E-1 1.45243E-1 1.42336E-1 1.49194E-1 1.5995E-1 1.61866E-1 1.6479E-1 1.6867E-1 1.60982E-1 1.51732E-1 1.48245E-1 1.47669E-1 1.53563E-1 1.61659E-1 1.5663E-1 1.50927E-1 1.56264E-1 1.54823E-1 1.41325E-1 1.35077E-1 1.33079E-1 1.37245E-1 1.42221E-1 1.44595E-1 1.48696E-1 1.4173E-1 1.443E-1 1.38697E-1 1.23618E-1 1.17227E-1 1.0751E-1 1.01978E-1 1.03264E-1 1.05273E-1 9.96561E-2 1.11135E-1 1.07777E-1 1.16965E-1 1.04877E-1 1.02797E-1 1.31762E-1 1.31453E-1 1.45676E-1 1.38652E-1 1.5469E-1 1.18587E-1
1.42212E-1 1.39966E-1 1.3985E-1 1.39945E-1 1.43054E-1 1.49222E-1 1.6021E-1 1.69792E-1 1.62244E-1 1.57131E-1 1.57648E-1 1.59655E-1 1.58038E-1 1.49761E-1 1.48751E-1 1.4719E-1 1.449E-1 1.41814E-1 1.43303E-1 1.5115E-1 1.53859E-1 1.46173E-1 1.54485E-1 1.52315E-1 1.47801E-1 1.4554E-1 1.44085E-1 1.4547E-1 1.54997E-1 1.5067E-1 1.47808E-1 1.48965E-1 1.48867E-1 1.46467E-1 1.4572E-1 1.4363E-1 1.39689E-1 1.35397E-1 1.42157E-1 1.50028E-1 1.50272E-1 1.41915E-1 1.36103E-1 1.25969E-1 1.16993E-1 1.14187E-1 1.08699E-1 1.1055E-1 1.05425E-1 1.04172E-1 1.30078E-1 1.37099E-1 1.28596E-1 1.09232E-1 1.1565E-1 1.33116E-1 1.64021E-1 1.57797E-1 1.50404E-1 1.49422E-1 1.58663E-1
1.34659E-1 1.32043E-1 1.42291E-1 1.44428E-1 1.45389E-1 1.5594E-1 1.59995E-1 1.62898E-1 1.62953E-1 1.60606E-1 1.56775E-1 1.60323E-1 1.65283E-1 1.6491E-1 1.60535E-1 1.55483E-1 1.50674E-1 1.42353E-1 1.435E-1 1.53713E-1 1.55024E-1 1.48662E-1 1.44459E-1 1.43339E-1 1.44322E-1 1.42385E-1 1.40251E-1 1.43059E-1 1.43626E-1 1.44794E-1 1.42451E-1 1.41748E-1 1.39702E-1 1.48061E-1 1.49307E-1 1.47203E-1 1.34514E-1 1.32437E-1 1.40958E-1 1.46982E-1 1.47356E-1 1.42865E-1 1.3145E-1 1.2246E-1 1.15792E-1 1.15164E-1 1.14443E-1 1.14782E-1 1.10078E-1 1.19623E-1 1.38446E-1 1.4399E-1 1.09231E-1 1.21219E-1 1.27768E-1 1.49614E-1 1.65071E-1 1.60277E-1 1.49199E-1 1.58562E-1 1.63464E-1
1.40124E-1 1.40495E-1 1.4617E-1 1.4538E-1 1.49026E-1 1.52393E-1 1.5621E-1 1.53873E-1 1.60123E-1 1.59522E-1 1.55264E-1 1.62012E-1 1.64908E-1 1.67187E-1 1.66988E-1 1.61812E-1 1.5732E-1 1.53958E-1 1.53335E-1 1.5658E-1 1.59904E-1 1.55768E-1 1.48098E-1 1.44845E-1 1.52422E-1 1.4639E-1 1.45584E-1 1.405E-1 1.39006E-1 1.45096E-1 1.54245E-1 1.49453E-1 1.45961E-1 1.48357E-1 1.42694E-1 1.41459E-1 1.31831E-1 1.33263E-1 1.38616E-1 1.3664E-1 1.32579E-1 1.32448E-1 1.26306E-1 1.19784E-1 1.10391E-1 1.06283E-1 1.13009E-1 1.0923E-1 1.13212E-1 1.25796E-1 1.31951E-1 1.45567E-1 1.49322E-1 1.42321E-1 1.50746E-1 1.60171E-1 1.69985E-1 1.66378E-1 1.59972E-1 1.55421E-1 1.5223E-1
1.53192E-1 1.51113E-1 1.41208E-1 1.48618E-1 1.53282E-1 1.54925E-1 1.56525E-1 1.60941E-1 1.56982E-1 1.52916E-1 1.49566E-1 1.51694E-1 1.6028E-1 1.57895E-1 1.61524E-1 1.60074E-1 1.57695E-1 1.53601E-1 1.52301E-1 1.55631E-1 1.59207E-1 1.52984E-1 1.53936E-1 1.49466E-1 1.47098E-1 1.45026E-1 1.4673E-1 1.49541E-1 1.48029E-1 1.51593E-1 1.57589E-1 1.52834E-1 1.44644E-1 1.41036E-1 1.3291E-1 1.2662E-1 1.23847E-1 1.30632E-1 1.36648E-1 1.19535E-1 1.21939E-1 1.23605E-1 1.20712E-1 1.14362E-1 1.06474E-1 1.03252E-1 9.97692E-2 9.57364E-2 1.04631E-1 1.20178E-1 1.40752E-1 1.50859E-1 1.50701E-1 1.35852E-1 1.26726E-1 1.29793E-1 1.49854E-1 1.59129E-1 1.73757E-1 1.60804E-1 1.52497E-1
1.44799E-1 1.4625E-1 1.38492E-1 1.35807E-1 1.37842E-1 1.42091E-1 1.57784E-1 1.61351E-1 1.56485E-1 1.4447E-1 1.37037E-1 1.39157E-1 1.48648E-1 1.53642E-1 1.51506E-1 1.50765E-1 1.5354E-1 1.49478E-1 1.55868E-1 1.6537E-1 1.60987E-1 1.59799E-1 1.57933E-1 1.57704E-1 1.58277E-1 1.68049E-1 1.74834E-1 1.59372E-1 1.56092E-1 1.52454E-1 1.55826E-1 1.46496E-1 1.4119E-1 1.31732E-1 1.17913E-1 1.15064E-1 1.16499E-1 1.12798E-1 1.09181E-1 1.20285E-1 1.08065E-1 1.23822E-1 1.23397E-1 1.10923E-1 1.00682E-1 9.86944E-2 1.08797E-1 1.04584E-1 1.12013E-1 1.30265E-1 1.44466E-1 1.45003E-1 1.27939E-1 1.2088E-1 1.2478E-1 1.4014E-1 1.41939E-1 1.47954E-1 1.49918E-1 1.49026E-1 1.53334E-1
1.39146E-1 1.40375E-1 1.29133E-1 1.26012E-1 1.26319E-1 1.29336E-1 1.38634E-1 1.50263E-1 1.49378E-1 1.34611E-1 1.29419E-1 1.33757E-1 1.44741E-1 1.53651E-1 1.51194E-1 1.54467E-1 1.58978E-1 1.56366E-1 1.58096E-1 1.57929E-1 1.54553E-1 1.53898E-1 1.59942E-1 1.62766E-1 1.57184E-1 1.55905E-1 1.54704E-1 1.49433E-1 1.44566E-1 1.38681E-1 1.42287E-1 1.41046E-1 1.3082E-1 1.23193E-1 1.19173E-1 1.13371E-1 1.21159E-1 1.26013E-1 1.31714E-1 1.32915E-1 1.41927E-1 1.32274E-1 1.29532E-1 1.16719E-1 1.10291E-1 1.04357E-1 9.53483E-2 9.29674E-2 1.011E-1 1.21559E-1 1.3301E-1 1.21583E-1 1.1567E-1 1.07496E-1 1.32964E-1 1.41699E-1 1.43315E-1 1.45229E-1 1.46352E-1 1.54075E-1 1.59652E-1
1.4135E-1 1.32752E-1 1.22463E-1 1.23774E-1 1.27508E-1 1.28787E-1 1.32182E-1 1.48927E-1 1.42586E-1 1.33496E-1 1.33475E-1 1.36505E-1 1.47321E-1 1.55619E-1 1.58035E-1 1.61259E-1 1.58992E-1 1.53494E-1 1.52363E-1 1.4656E-1 1.46751E-1 1.49368E-1 1.60942E-1 1.72513E-1 1.73225E-1 1.55894E-1 1.40413E-1 1.30152E-1 1.2095E-1 1.19499E-1 1.23202E-1 1.29894E-1 1.15679E-1 1.15618E-1 1.20655E-1 1.26944E-1 1.33466E-1 1.43663E-1 1.49736E-1 1.56963E-1 1.6237E-1 1.55996E-1 1.40662E-1 1.29121E-1 1.03448E-1 9.56755E-2 7.92381E-2 8.90368E-2 1.00869E-1 1.13433E-1 1.20389E-1 1.26032E-1 1.29843E-1 1.26998E-1 1.34165E-1 1.40629E-1 1.48397E-1 1.60223E-1 1.63439E-1 1.73502E-1 1.73819E-1
1.37964E-1 1.32953E-1 1.26738E-1 1.35695E-1 1.38921E-1 1.37127E-1 1.38689E-1 1.55447E-1 1.40306E-1 1.36689E-1 1.38529E-1 1.4274E-1 1.51699E-1 1.54613E-1 1.60564E-1 1.64562E-1 1.64909E-1 1.59831E-1 1.52497E-1 1.50123E-1 1.47541E-1 1.56261E-1 1.62151E-1 1.56356E-1 1.53692E-1 1.48298E-1 1.26979E-1 1.20478E-1 1.13146E-1 1.0937E-1 1.12406E-1 1.29498E-1 1.3873E-1 1.3686E-1 1.39225E-1 1.48715E-1 1.59041E-1 1.67814E-1 1.73197E-1 1.6939E-1 1.57568E-1 1.664E-1 1.51836E-1 1.12447E-1 1.01118E-1 8.94244E-2 8.25785E-2 8.6829E-2 9.64729E-2 1.14801E-1 1.26144E-1 1.31806E-1 1.34295E-1 1.35779E-1 1.46735E-1 1.56938E-1 1.67818E-1 1.75842E-1 1.76758E-1 1.81129E-1 1.80504E-1
1.42813E-1 1.38018E-1 1.34657E-1 1.46735E-1 1.46271E-1 1.42574E-1 1.42808E-1 1.48961E-1 1.52244E-1 1.37093E-1 1.37694E-1 1.40313E-1 1.51489E-1 1.61041E-1 1.68172E-1 1.84794E-1 1.87052E-1 1.63988E-1 1.54434E-1 1.47728E-1 1.52213E-1 1.52604E-1 1.48135E-1 1.47211E-1 1.37493E-1 1.2084E-1 1.17158E-1 1.1727E-1 1.11374E-1 1.05109E-1 1.15811E-1 1.6028E-1 1.63837E-1 1.53744E-1 1.58834E-1 1.8303E-1 1.92125E-1 1.83613E-1 1.8179E-1 1.70278E-1 1.60827E-1 1.50154E-1 1.29331E-1 1.01758E-1 9.46638E-2 8.63742E-2 8.55931E-2 9.9379E-2 1.1975E-1 1.22419E-1 1.33285E-1 1.42569E-1 1.53185E-1 1.64179E-1 1.76513E-1 1.87905E-1 1.80093E-1 1.82328E-1 1.82743E-1 1.81454E-1 1.77912E-1
1.58625E-1 1.51155E-1 1.50958E-1 1.5364E-1 1.49377E-1 1.40227E-1 1.40647E-1 1.45395E-1 1.60646E-1 1.43883E-1 1.40545E-1 1.37398E-1 1.44085E-1 1.5093E-1 1.72961E-1 1.9235E-1 1.87098E-1 1.54641E-1 1.42649E-1 1.38494E-1 1.45259E-1 1.52777E-1 1.40664E-1 1.36451E-1 1.15055E-1 1.07455E-1 1.09452E-1 1.1337E-1 1.22995E-1 1.21229E-1 1.54931E-1 1.70742E-1 1.70652E-1 1.7355E-1 1.77791E-1 1.92162E-1 2.06777E-1 1.9906E-1 1.88256E-1 1.63425E-1 1.3131E-1 1.23065E-1 9.49188E-2 7.70589E-2 8.13361E-2 9.97623E-2 1.1067E-1 1.22035E-1 1.21023E-1 1.18871E-1 1.34302E-1 1.52393E-1 1.68798E-1 1.82644E-1 2.02497E-1 1.91481E-1 1.97625E-1 1.97957E-1 1.91192E-1 1.95173E-1 1.89999E-1
