maxent_outputs/hummingbirds/hummingbird_134.asc
ncols         426
nrows         180
xllcorner     -130.0
yllcorner     24.0
cellsize      0.16666666666666666
NODATA_value  -9999
[rows 81 to 107 of 180, columns 122 to 182 of 426]
3.15515E-1 2.93382E-1 3.23477E-1 3.60848E-1 3.51887E-1 3.62968E-1 3.58519E-1 3.4458E-1 3.41435E-1 3.50157E-1 3.32611E-1 3.44691E-1 3.64086E-1 3.84621E-1 3.69098E-1 3.53774E-1 3.48801E-1 4.53067E-1 4.52677E-1 4.48096E-1 4.67548E-1 4.53256E-1 4.67618E-1 4.80008E-1 5.05924E-1 4.90426E-1 4.42932E-1 3.78919E-1 3.62482E-1 3.71466E-1 3.65716E-1 3.47069E-1 3.42456E-1 3.47591E-1 3.50827E-1 3.46664E-1 3.46879E-1 3.47513E-1 3.41861E-1 3.50641E-1 3.56218E-1 3.63757E-1 3.65136E-1 3.71384E-1 3.75512E-1 3.71648E-1 3.68931E-1 3.65865E-1 3.69939E-1 3.73022E-1 3.73511E-1 3.69925E-1 3.75662E-1 3.7869E-1 3.79873E-1 3.7876E-1 3.75927E-1 3.75882E-1 3.78453E-1 3.82758E-1 3.84498E-1
2.8408E-1 2.86698E-1 2.93174E-1 3.09646E-1 3.36381E-1 3.30841E-1 3.10607E-1 3.23501E-1 3.35525E-1 3.92018E-1 4.0303E-1 3.78987E-1 4.1056E-1 4.41859E-1 4.53196E-1 4.56938E-1 4.16957E-1 4.74898E-1 4.26441E-1 3.57624E-1 4.3979E-1 4.53116E-1 4.31446E-1 4.5794E-1 5.04622E-1 4.88828E-1 4.28834E-1 3.73107E-1 3.61596E-1 3.56111E-1 3.46537E-1 3.35163E-1 3.35248E-1 3.35082E-1 3.41446E-1 3.4799E-1 3.44053E-1 3.41751E-1 3.55877E-1 3.52803E-1 3.52038E-1 3.64285E-1 3.67492E-1 3.69772E-1 3.70603E-1 3.69569E-1 3.63418E-1 3.60133E-1 3.58303E-1 3.69194E-1 3.74443E-1 3.73133E-1 3.74003E-1 3.80829E-1 3.84804E-1 3.80445E-1 3.76576E-1 3.77966E-1 3.85449E-1 3.87479E-1 3.84534E-1
2.68384E-1 2.82802E-1 2.89606E-1 2.9295E-1 2.99494E-1 3.26517E-1 3.62002E-1 3.40488E-1 3.40294E-1 3.71815E-1 3.6539E-1 3.86599E-1 4.49167E-1 4.65768E-1 4.78046E-1 4.82723E-1 3.92725E-1 4.23416E-1 4.35712E-1 3.28282E-1 3.21539E-1 3.83944E-1 3.40973E-1 4.31798E-1 4.86941E-1 4.76432E-1 4.17943E-1 3.80592E-1 3.57467E-1 3.54346E-1 3.53067E-1 3.48607E-1 3.39765E-1 3.36829E-1 3.43396E-1 3.30162E-1 3.27688E-1 3.47899E-1 3.58046E-1 3.56382E-1 3.60676E-1 3.70892E-1 3.73449E-1 3.71625E-1 3.72417E-1 3.7145E-1 3.67218E-1 3.64669E-1 3.62232E-1 3.69925E-1 3.68597E-1 3.77259E-1 3.82978E-1 3.89512E-1 3.9328E-1 3.88415E-1 3.83845E-1 3.83928E-1 3.87967E-1 3.92201E-1 3.89428E-1
3.02831E-1 3.24447E-1 3.25909E-1 3.51512E-1 3.60224E-1 3.84778E-1 4.04524E-1 3.53332E-1 3.63441E-1 3.88609E-1 3.86438E-1 3.95255E-1 4.45935E-1 4.56924E-1 4.24927E-1 4.42395E-1 3.85014E-1 3.72249E-1 3.91239E-1 3.95262E-1 3.72987E-1 3.97334E-1 4.27629E-1 4.19293E-1 4.87438E-1 4.70726E-1 4.33157E-1 4.17258E-1 4.01007E-1 3.75419E-1 3.66051E-1 3.56867E-1 3.57742E-1 3.45225E-1 3.60638E-1 3.4712E-1 3.39342E-1 3.51261E-1 3.59905E-1 3.64242E-1 3.64396E-1 3.7131E-1 3.70098E-1 3.64186E-1 3.70907E-1 3.76041E-1 3.78394E-1 3.73916E-1 3.75802E-1 3.76337E-1 3.72332E-1 3.7661E-1 3.84336E-1 3.8957E-1 3.92409E-1 3.89094E-1 3.87918E-1 3.87403E-1 3.90435E-1 3.92153E-1 3.90922E-1
3.38892E-1 3.45586E-1 3.55864E-1 3.84509E-1 4.09996E-1 4.09063E-1 3.99139E-1 3.84995E-1 3.81212E-1 3.77769E-1 3.96323E-1 4.10369E-1 4.18547E-1 4.02863E-1 4.18242E-1 3.90676E-1 3.82243E-1 3.61112E-1 3.82063E-1 4.4543E-1 4.31723E-1 4.08648E-1 4.3741E-1 4.57922E-1 4.92988E-1 4.57933E-1 4.18477E-1 4.30826E-1 4.26095E-1 3.94539E-1 3.7487E-1 3.74775E-1 3.66684E-1 3.54283E-1 3.66945E-1 3.59529E-1 3.65738E-1 3.63799E-1 3.59894E-1 3.64334E-1 3.69276E-1 3.70245E-1 3.67053E-1 3.7052E-1 3.65827E-1 3.59198E-1 3.66962E-1 3.71309E-1 3.67728E-1 3.67092E-1 3.73871E-1 3.76885E-1 3.83302E-1 3.90074E-1 3.91361E-1 3.89683E-1 3.87971E-1 3.89306E-1 3.89168E-1 3.90463E-1 3.89768E-1
3.76477E-1 3.80762E-1 3.92116E-1 4.02977E-1 4.12963E-1 4.10895E-1 3.96086E-1 3.66306E-1 3.63611E-1 3.68667E-1 3.98069E-1 3.88348E-1 4.04507E-1 4.14465E-1 4.14203E-1 3.7972E-1 3.74208E-1 3.71372E-1 4.02551E-1 4.07335E-1 4.24234E-1 4.09213E-1 4.27317E-1 4.37223E-1 4.82955E-1 4.44412E-1 4.09118E-1 4.1323E-1 4.16258E-1 3.95428E-1 3.76262E-1 3.73693E-1 3.70712E-1 3.65896E-1 3.76134E-1 3.73039E-1 3.78803E-1 3.66842E-1 3.61283E-1 3.61086E-1 3.67462E-1 3.78183E-1 3.75282E-1 3.69877E-1 3.66724E-1 3.58413E-1 3.6895E-1 3.71243E-1 3.68696E-1 3.66008E-1 3.68244E-1 3.70827E-1 3.8127E-1 3.85577E-1 3.89857E-1 3.9039E-1 3.90513E-1 3.90229E-1 3.90853E-1 3.89169E-1 3.90878E-1
3.74543E-1 3.92131E-1 4.20096E-1 4.08536E-1 4.03171E-1 4.14809E-1 4.22625E-1 4.05826E-1 3.93548E-1 3.89453E-1 4.1085E-1 3.87716E-1 3.87619E-1 4.15768E-1 3.68076E-1 3.58861E-1 4.16942E-1 4.17747E-1 4.1866E-1 4.16218E-1 3.98393E-1 4.24195E-1 4.19832E-1 3.83786E-1 4.35909E-1 3.83041E-1 3.74387E-1 4.01384E-1 3.75478E-1 3.69897E-1 3.60757E-1 3.70205E-1 3.7092E-1 3.69171E-1 3.67858E-1 3.73854E-1 3.65352E-1 3.65423E-1 3.65259E-1 3.66026E-1 3.67105E-1 3.72052E-1 3.75612E-1 3.78361E-1 3.78422E-1 3.70922E-1 3.6824E-1 3.70465E-1 3.67936E-1 3.65947E-1 3.65011E-1 3.72063E-1 3.80453E-1 3.86497E-1 3.89495E-1 3.89693E-1 3.8823E-1 3.88445E-1 3.88607E-1 3.89179E-1 3.91855E-1
3.89876E-1 4.18295E-1 3.90689E-1 3.36272E-1 3.46521E-1 3.57495E-1 3.92303E-1 4.09413E-1 3.82684E-1 3.92837E-1 3.80971E-1 3.72348E-1 3.8029E-1 4.05243E-1 4.06336E-1 3.8754E-1 3.50526E-1 4.04186E-1 3.90845E-1 3.90571E-1 3.74761E-1 4.17831E-1 3.40146E-1 2.93465E-1 3.7089E-1 4.1699E-1 3.58721E-1 3.92655E-1 3.72951E-1 3.29704E-1 3.225E-1 3.53837E-1 3.56461E-1 3.58354E-1 3.58594E-1 3.59912E-1 3.55407E-1 3.60191E-1 3.6228E-1 3.66765E-1 3.71051E-1 3.72997E-1 3.79007E-1 3.80699E-1 3.83253E-1 3.75412E-1 3.71123E-1 3.72706E-1 3.6783E-1 3.64682E-1 3.69327E-1 3.74271E-1 3.84612E-1 3.8652E-1 3.87529E-1 3.86967E-1 3.87362E-1 3.89776E-1 3.91839E-1 3.9462E-1 4.00826E-1
4.01615E-1 3.58358E-1 3.16313E-1 3.5708E-1 3.90401E-1 3.78826E-1 3.81048E-1 3.96729E-1 4.0193E-1 3.88605E-1 4.02567E-1 3.88939E-1 3.84039E-1 3.4537E-1 3.86968E-1 3.61943E-1 3.66785E-1 3.73027E-1 3.62449E-1 3.88241E-1 3.71513E-1 3.86656E-1 2.78737E-1 2.60662E-1 3.17501E-1 3.22917E-1 3.2638E-1 3.50027E-1 3.76864E-1 3.38858E-1 3.32251E-1 3.44104E-1 3.47532E-1 3.51899E-1 3.60154E-1 3.63755E-1 3.62545E-1 3.53934E-1 3.59261E-1 3.63289E-1 3.67794E-1 3.66565E-1 3.69443E-1 3.73212E-1 3.74454E-1 3.67655E-1 3.71352E-1 3.68908E-1 3.67073E-1 3.68433E-1 3.7292E-1 3.77779E-1 3.87922E-1 3.89645E-1 3.85235E-1 3.85823E-1 3.8796E-1 3.93734E-1 3.98193E-1 4.00722E-1 3.99159E-1
3.20728E-1 3.1239E-1 3.2204E-1 3.93896E-1 3.70998E-1 3.7488E-1 3.98645E-1 3.82842E-1 4.0634E-1 4.01707E-1 3.90895E-1 3.8488E-1 3.85954E-1 3.69245E-1 3.60389E-1 3.47565E-1 3.17151E-1 3.51545E-1 3.25341E-1 3.69169E-1 3.97768E-1 3.75826E-1 2.91434E-1 2.58587E-1 2.86736E-1 3.06935E-1 3.06315E-1 3.58594E-1 3.90317E-1 3.7262E-1 3.46697E-1 3.44172E-1 3.43826E-1 3.51943E-1 3.56356E-1 3.66216E-1 3.64672E-1 3.61811E-1 3.51962E-1 3.55602E-1 3.52455E-1 3.50259E-1 3.57983E-1 3.67327E-1 3.6976E-1 3.72593E-1 3.80263E-1 3.70445E-1 3.72667E-1 3.73219E-1 3.77669E-1 3.84552E-1 3.90475E-1 3.9145E-1 3.86941E-1 3.86571E-1 3.913E-1 3.97434E-1 4.03585E-1 3.9952E-1 3.9769E-1
3.52685E-1 3.61041E-1 3.83444E-1 4.10493E-1 4.28858E-1 3.86518E-1 3.61351E-1 4.14213E-1 3.91165E-1 3.78568E-1 3.76348E-1 3.73035E-1 3.67464E-1 3.7337E-1 3.69801E-1 3.37032E-1 2.81039E-1 3.23316E-1 3.498E-1 3.62862E-1 3.94648E-1 3.38242E-1 3.19689E-1 2.87699E-1 3.15536E-1 3.0587E-1 3.24667E-1 3.67795E-1 4.14819E-1 3.79019E-1 3.61068E-1 3.57708E-1 3.59315E-1 3.54476E-1 3.53846E-1 3.53237E-1 3.64978E-1 3.62932E-1 3.51595E-1 3.49384E-1 3.39447E-1 3.34738E-1 3.48121E-1 3.61306E-1 3.64823E-1 3.701E-1 3.74062E-1 3.77644E-1 3.75935E-1 3.77492E-1 3.85946E-1 3.94117E-1 3.97674E-1 4.01522E-1 3.97035E-1 3.98345E-1 4.03407E-1 4.0472E-1 4.05329E-1 4.0365E-1 3.98962E-1
3.82394E-1 3.94235E-1 4.16921E-1 3.99435E-1 4.28678E-1 4.20957E-1 3.82214E-1 4.02046E-1 4.05959E-1 3.83478E-1 3.79846E-1 3.75587E-1 3.29668E-1 3.40812E-1 3.33005E-1 3.10031E-1 2.39507E-1 2.73637E-1 3.28225E-1 3.58396E-1 3.97103E-1 3.5928E-1 3.67043E-1 3.50544E-1 3.4528E-1 3.76227E-1 4.0353E-1 4.23388E-1 4.15969E-1 3.70374E-1 3.59131E-1 3.54089E-1 3.60457E-1 3.57429E-1 3.5521E-1 3.50549E-1 3.63185E-1 3.55199E-1 3.455E-1 3.3747E-1 3.37159E-1 3.34603E-1 3.35342E-1 3.51741E-1 3.60548E-1 3.64882E-1 3.70179E-1 3.72687E-1 3.74513E-1 3.76237E-1 3.83979E-1 3.90828E-1 3.98496E-1 3.97023E-1 4.01266E-1 4.03859E-1 4.02914E-1 4.01873E-1 3.99024E-1 3.9544E-1 3.94125E-1
3.85941E-1 3.89883E-1 4.22581E-1 3.99209E-1 4.12847E-1 4.06044E-1 4.15501E-1 4.00907E-1 4.01682E-1 3.81641E-1 3.77153E-1 3.59021E-1 3.1237E-1 2.82401E-1 2.59323E-1 2.40949E-1 2.42654E-1 2.37293E-1 2.55204E-1 3.02177E-1 3.88178E-1 3.58447E-1 3.98673E-1 3.96694E-1 4.07827E-1 4.15E-1 4.3144E-1 4.14911E-1 3.93472E-1 3.73397E-1 3.57967E-1 3.50615E-1 3.58344E-1 3.53175E-1 3.50611E-1 3.44492E-1 3.4852E-1 3.35841E-1 3.33866E-1 3.34831E-1 3.28987E-1 3.30781E-1 3.32705E-1 3.41005E-1 3.56245E-1 3.61848E-1 3.65224E-1 3.68342E-1 3.72497E-1 3.76008E-1 3.80691E-1 3.86055E-1 3.92402E-1 3.962E-1 3.97131E-1 4.00952E-1 4.03305E-1 4.03818E-1 4.00522E-1 3.98093E-1 3.98272E-1
3.7246E-1 3.59587E-1 3.79053E-1 4.08874E-1 4.17239E-1 3.98125E-1 3.88431E-1 3.99659E-1 3.94151E-1 3.65893E-1 3.5255E-1 3.63582E-1 3.69194E-1 3.55981E-1 2.89526E-1 2.77189E-1 2.92933E-1 2.54892E-1 3.27573E-1 3.36887E-1 3.58013E-1 3.52434E-1 2.87766E-1 3.8653E-1 3.42685E-1 3.37835E-1 3.67205E-1 4.06916E-1 3.81481E-1 3.69544E-1 3.70698E-1 3.51873E-1 3.50286E-1 3.53487E-1 3.43092E-1 3.36944E-1 3.34492E-1 3.30254E-1 3.31786E-1 3.35542E-1 3.2933E-1 3.3277E-1 3.35432E-1 3.36754E-1 3.50723E-1 3.54577E-1 3.64306E-1 3.67853E-1 3.74304E-1 3.79673E-1 3.83024E-1 3.88449E-1 3.91895E-1 3.96659E-1 3.98599E-1 3.99661E-1 4.03213E-1 4.06241E-1 4.12252E-1 4.08417E-1 4.03853E-1
3.97399E-1 3.69278E-1 3.76794E-1 3.85551E-1 4.15035E-1 3.86911E-1 3.79796E-1 3.82188E-1 3.7567E-1 3.62016E-1 3.4864E-1 3.70091E-1 3.75534E-1 3.4993E-1 3.17594E-1 3.08713E-1 3.29103E-1 2.85287E-1 3.22374E-1 3.12563E-1 3.19791E-1 2.94667E-1 2.62673E-1 3.35266E-1 3.75037E-1 3.17956E-1 3.42668E-1 4.26141E-1 3.99E-1 3.72288E-1 3.55524E-1 3.46146E-1 3.45274E-1 3.35654E-1 3.47626E-1 3.45082E-1 3.39515E-1 3.38088E-1 3.38804E-1 3.34265E-1 3.2548E-1 3.34965E-1 3.44754E-1 3.45974E-1 3.53916E-1 3.55172E-1 3.61964E-1 3.70419E-1 3.74115E-1 3.81744E-1 3.87473E-1 3.95625E-1 3.98146E-1 3.94083E-1 3.95914E-1 4.00277E-1 4.02092E-1 4.09116E-1 4.15074E-1 4.11768E-1 4.12509E-1
4.3141E-1 4.00157E-1 3.23318E-1 3.37127E-1 3.83656E-1 4.03102E-1 3.98541E-1 3.80985E-1 3.74268E-1 3.74932E-1 3.6758E-1 3.48043E-1 3.26043E-1 3.40834E-1 3.12043E-1 3.12386E-1 3.30243E-1 3.25453E-1 3.55866E-1 3.64956E-1 3.07505E-1 2.54245E-1 2.46188E-1 2.63317E-1 3.6835E-1 3.46606E-1 3.29136E-1 4.03425E-1 4.04801E-1 3.71013E-1 3.82479E-1 3.90315E-1 3.74399E-1 3.45832E-1 3.43601E-1 3.37931E-1 3.43983E-1 3.55029E-1 3.39844E-1 3.39938E-1 3.40956E-1 3.45966E-1 3.50434E-1 3.62064E-1 3.59989E-1 3.62204E-1 3.73367E-1 3.81821E-1 3.79819E-1 3.83464E-1 3.94917E-1 4.02308E-1 4.02642E-1 3.95179E-1 3.95586E-1 3.99329E-1 4.02799E-1 4.09443E-1 4.12842E-1 4.13234E-1 4.11022E-1
4.33592E-1 4.14987E-1 3.88583E-1 3.46189E-1 3.47496E-1 3.99174E-1 3.74746E-1 3.58065E-1 3.81127E-1 4.09326E-1 3.86485E-1 3.5793E-1 3.36847E-1 3.23097E-1 3.04333E-1 2.83713E-1 3.13021E-1 3.26514E-1 3.37119E-1 3.0945E-1 2.82921E-1 2.68894E-1 2.60392E-1 2.53037E-1 2.99614E-1 3.73411E-1 3.7245E-1 3.89005E-1 4.11428E-1 3.92118E-1 3.89172E-1 3.98329E-1 4.01507E-1 3.80265E-1 3.62155E-1 3.63633E-1 3.72122E-1 3.87893E-1 3.68848E-1 3.60482E-1 3.65551E-1 3.66129E-1 3.67708E-1 3.64832E-1 3.69705E-1 3.71156E-1 3.74049E-1 3.79828E-1 3.83096E-1 3.85153E-1 3.95312E-1 3.97895E-1 4.02636E-1 4.00398E-1 4E-1 4.02917E-1 4.06617E-1 4.11452E-1 4.12582E-1 4.09454E-1 4.09893E-1
4.02996E-1 3.87263E-1 4.02484E-1 4.09099E-1 3.88057E-1 3.6268E-1 3.87516E-1 3.79317E-1 3.98853E-1 4.18956E-1 4.12458E-1 3.89473E-1 3.62942E-1 3.72493E-1 3.6282E-1 3.60287E-1 3.58169E-1 3.75064E-1 3.7049E-1 3.46522E-1 2.80408E-1 2.58235E-1 2.52721E-1 2.52354E-1 3.19553E-1 3.7356E-1 3.31578E-1 3.74135E-1 3.88879E-1 4.06865E-1 3.94109E-1 4.0828E-1 3.86324E-1 3.88045E-1 3.7639E-1 4.00986E-1 4.17515E-1 4.27346E-1 4.07396E-1 4.03529E-1 3.71878E-1 3.64732E-1 3.65745E-1 3.67508E-1 3.75884E-1 3.76076E-1 3.85462E-1 3.87715E-1 3.89907E-1 3.90639E-1 3.91333E-1 3.91672E-1 3.96917E-1 4.01298E-1 4.04979E-1 4.01287E-1 4.05398E-1 4.10082E-1 4.10926E-1 4.0608E-1 4.07504E-1
3.84614E-1 3.70216E-1 3.63264E-1 3.77408E-1 4.08727E-1 4.02163E-1 3.74009E-1 3.70965E-1 3.739E-1 4.10413E-1 4.14985E-1 3.63632E-1 3.63818E-1 3.92921E-1 3.538E-1 3.38199E-1 3.7796E-1 3.73793E-1 3.64828E-1 3.93638E-1 3.38006E-1 2.66301E-1 2.59786E-1 2.58411E-1 2.73997E-1 2.95379E-1 3.5331E-1 3.97099E-1 4.13699E-1 4.08298E-1 3.95265E-1 3.68244E-1 3.70966E-1 3.61579E-1 3.62805E-1 4.02214E-1 4.15334E-1 4.13652E-1 3.87419E-1 3.8642E-1 3.7592E-1 3.80008E-1 3.83553E-1 3.80711E-1 3.8241E-1 3.86374E-1 3.87383E-1 3.88744E-1 3.94224E-1 3.97617E-1 4.01106E-1 4.02644E-1 4.06344E-1 4.05302E-1 4.11662E-1 4.12455E-1 4.11586E-1 4.14371E-1 4.13248E-1 4.11468E-1 4.10929E-1
3.6303E-1 3.58477E-1 3.62332E-1 3.68735E-1 3.95541E-1 4.24345E-1 4.01971E-1 3.84803E-1 3.84004E-1 3.57235E-1 3.65233E-1 3.40682E-1 3.34648E-1 3.64049E-1 3.66164E-1 3.10661E-1 3.30475E-1 3.78623E-1 3.60968E-1 3.61595E-1 3.0805E-1 2.74751E-1 2.79016E-1 2.88136E-1 2.71367E-1 2.91108E-1 3.6277E-1 3.90143E-1 4.0844E-1 4.0215E-1 4.20095E-1 3.83387E-1 3.62386E-1 3.58677E-1 3.74406E-1 3.85571E-1 3.77587E-1 3.69159E-1 3.80335E-1 3.80044E-1 3.78389E-1 3.85323E-1 3.88638E-1 3.90232E-1 3.88422E-1 3.88688E-1 3.91565E-1 3.9204E-1 3.94989E-1 3.98954E-1 4.02844E-1 4.098E-1 4.14826E-1 4.17415E-1 4.18303E-1 4.18085E-1 4.16591E-1 4.22392E-1 4.20951E-1 4.17238E-1 4.18546E-1
3.60126E-1 3.56689E-1 3.62316E-1 3.63166E-1 3.41473E-1 3.57893E-1 4.119E-1 3.90872E-1 3.61254E-1 3.55007E-1 3.74919E-1 3.42464E-1 3.26446E-1 3.68128E-1 3.51656E-1 3.38109E-1 3.24707E-1 3.53586E-1 3.83342E-1 3.47402E-1 3.24435E-1 2.98391E-1 2.82032E-1 2.82247E-1 2.6786E-1 2.89623E-1 3.65301E-1 3.86093E-1 4.02282E-1 3.97444E-1 4.13168E-1 3.99686E-1 3.91666E-1 3.79097E-1 3.79385E-1 3.83169E-1 4.101E-1 4.06526E-1 4.13158E-1 4.15712E-1 4.04026E-1 3.97022E-1 3.99147E-1 4.02929E-1 4.01059E-1 3.99334E-1 4.05691E-1 4.04763E-1 4.07142E-1 4.15593E-1 4.10724E-1 4.18305E-1 4.20362E-1 4.2415E-1 4.30094E-1 4.30227E-1 4.3449E-1 4.3421E-1 4.24063E-1 4.24105E-1 4.24747E-1
3.64881E-1 3.73879E-1 3.82074E-1 4.0111E-1 3.53838E-1 3.43153E-1 3.62755E-1 3.895E-1 3.74404E-1 3.57776E-1 3.71362E-1 3.68632E-1 3.73308E-1 3.53142E-1 3.46402E-1 3.38858E-1 3.19053E-1 3.09129E-1 3.24312E-1 3.37511E-1 3.32451E-1 3.01721E-1 2.79569E-1 2.60508E-1 2.92326E-1 3.59036E-1 3.7269E-1 3.84119E-1 3.83827E-1 3.94833E-1 4.05937E-1 3.66664E-1 3.57623E-1 3.6919E-1 4.01484E-1 4.26057E-1 4.1061E-1 4.17397E-1 4.23927E-1 4.20816E-1 4.18071E-1 4.11507E-1 4.16983E-1 4.09501E-1 4.08824E-1 4.11121E-1 4.12556E-1 4.08836E-1 4.11139E-1 4.18366E-1 4.13721E-1 4.17248E-1 4.21966E-1 4.22845E-1 4.27822E-1 4.39413E-1 4.45851E-1 4.47656E-1 4.40481E-1 4.354E-1 4.28976E-1
3.66943E-1 3.80534E-1 4.24104E-1 4.14641E-1 3.67568E-1 3.37327E-1 3.47208E-1 3.60737E-1 3.72463E-1 3.70218E-1 3.65456E-1 3.5878E-1 3.67921E-1 3.29321E-1 3.34968E-1 3.11383E-1 3.39129E-1 3.27716E-1 3.01854E-1 3.59441E-1 3.28367E-1 3.17005E-1 2.84893E-1 2.83842E-1 3.29032E-1 3.92213E-1 3.54953E-1 3.86006E-1 3.82704E-1 3.88135E-1 3.89399E-1 3.4E-1 3.47795E-1 3.40939E-1 3.63733E-1 3.87361E-1 3.86083E-1 3.97534E-1 4.06416E-1 4.16666E-1 4.14305E-1 4.14258E-1 4.0492E-1 4.00003E-1 4.01297E-1 4.05253E-1 4.05812E-1 4.09529E-1 4.14779E-1 4.19356E-1 4.19839E-1 4.21636E-1 4.2499E-1 4.31532E-1 4.33224E-1 4.37379E-1 4.44966E-1 4.49118E-1 4.47256E-1 4.48198E-1 4.41198E-1
3.55276E-1 3.73901E-1 4.18198E-1 3.84323E-1 3.7407E-1 3.34277E-1 3.40691E-1 3.56637E-1 3.68529E-1 3.61436E-1 3.64278E-1 3.65616E-1 3.63506E-1 3.24959E-1 3.34797E-1 3.02499E-1 3.24705E-1 3.27489E-1 2.9076E-1 3.37774E-1 3.67243E-1 3.62491E-1 3.04736E-1 2.94457E-1 3.59147E-1 4.09299E-1 3.5009E-1 4.06999E-1 3.92382E-1 3.66996E-1 3.34037E-1 3.4715E-1 3.59817E-1 3.57083E-1 3.54114E-1 3.69299E-1 3.82968E-1 4.0122E-1 4.18966E-1 4.19582E-1 4.12714E-1 4.09803E-1 4.06077E-1 4.12679E-1 4.11159E-1 4.19875E-1 4.18072E-1 4.15367E-1 4.14825E-1 4.20197E-1 4.29086E-1 4.31638E-1 4.29225E-1 4.25115E-1 4.23578E-1 4.32555E-1 4.42082E-1 4.49524E-1 4.55003E-1 4.53929E-1 4.54058E-1
3.56897E-1 3.73172E-1 3.78415E-1 4.28152E-1 4.05314E-1 3.58044E-1 3.48086E-1 3.51412E-1 3.56256E-1 3.55501E-1 3.50256E-1 3.47261E-1 3.56392E-1 3.11349E-1 3.1907E-1 3.14678E-1 3.443E-1 3.6128E-1 3.18636E-1 3.52537E-1 3.85052E-1 3.76279E-1 3.27478E-1 2.97205E-1 3.32719E-1 3.87009E-1 3.46507E-1 3.99819E-1 3.69211E-1 3.43903E-1 3.28279E-1 3.34778E-1 3.48028E-1 3.6027E-1 3.60149E-1 3.74728E-1 3.90013E-1 4.04893E-1 4.13915E-1 4.22704E-1 4.19957E-1 4.14007E-1 4.14547E-1 4.18656E-1 4.16514E-1 4.20784E-1 4.1622E-1 4.18775E-1 4.24404E-1 4.25727E-1 4.33736E-1 4.37361E-1 4.25191E-1 4.21409E-1 4.15191E-1 4.23453E-1 4.32257E-1 4.40769E-1 4.56215E-1 4.63986E-1 4.60839E-1
3.59094E-1 3.71821E-1 3.67859E-1 3.83209E-1 4.03308E-1 3.71276E-1 3.48387E-1 3.53178E-1 3.51316E-1 3.44531E-1 3.50284E-1 3.35307E-1 3.38376E-1 2.998E-1 2.90497E-1 3.01921E-1 3.17552E-1 3.72104E-1 3.49909E-1 3.49041E-1 3.58006E-1 3.46278E-1 3.45242E-1 3.62298E-1 3.8629E-1 3.88166E-1 3.7636E-1 3.86237E-1 3.80753E-1 3.62112E-1 3.36651E-1 3.36497E-1 3.36584E-1 3.51554E-1 3.70572E-1 3.73991E-1 3.98018E-1 4.09243E-1 4.12533E-1 4.17E-1 4.11414E-1 4.0691E-1 4.10464E-1 4.17496E-1 4.23226E-1 4.22618E-1 4.23248E-1 4.27798E-1 4.29661E-1 4.30846E-1 4.38783E-1 4.37778E-1 4.31517E-1 4.3039E-1 4.27301E-1 4.25176E-1 4.26286E-1 4.40567E-1 4.5648E-1 4.67962E-1 4.67746E-1
3.46908E-1 3.80134E-1 3.7808E-1 3.46374E-1 3.82606E-1 3.9016E-1 3.56939E-1 3.60017E-1 3.60552E-1 3.55861E-1 3.43656E-1 3.28959E-1 3.0805E-1 3.03195E-1 2.88825E-1 3.00418E-1 3.54979E-1 3.82291E-1 3.73011E-1 3.88837E-1 3.74253E-1 3.58283E-1 3.77159E-1 3.67689E-1 3.95131E-1 3.94299E-1 3.98851E-1 3.63046E-1 3.56575E-1 3.52254E-1 3.53974E-1 3.77348E-1 3.51776E-1 3.56396E-1 3.76932E-1 4.07993E-1 4.09124E-1 4.04502E-1 4.11281E-1 4.03196E-1 4.12227E-1 4.14677E-1 4.13673E-1 4.16366E-1 4.21524E-1 4.32955E-1 4.28057E-1 4.33429E-1 4.32615E-1 4.34861E-1 4.36702E-1 4.41973E-1 4.43094E-1 4.40112E-1 4.38307E-1 4.33083E-1 4.35213E-1 4.41888E-1 4.48443E-1 4.54662E-1 4.56654E-1
