maxent_outputs/hummingbirds/hummingbird_109.asc
ncols         426
nrows         180
xllcorner     -130.0
yllcorner     24.0
cellsize      0.16666666666666666
NODATA_value  -9999
[rows 0 to 26 of 180, columns 305 to 365 of 426]
1.00211E-1 8.5632E-2 8.20672E-2 7.69655E-2 7.4085E-2 7.423E-2 7.62723E-2 8.02804E-2 8.38299E-2 8.61513E-2 8.68625E-2 8.63796E-2 8.7473E-2 9.33103E-2 1.01794E-1 1.23475E-1 1.26528E-1 1.05862E-1 9.85318E-2 9.40019E-2 1.01888E-1 1.1961E-1 1.27348E-1 1.24321E-1 1.11252E-1 9.20748E-2 9.09446E-2 9.47369E-2 1.00733E-1 8.77916E-2 8.35467E-2 9.05102E-2 8.09646E-2 8.89092E-2 1.1995E-1 1.118E-1 1.06278E-1 8.36067E-2 7.83729E-2 8.10675E-2 7.75399E-2 7.756E-2 7.92567E-2 8.28949E-2 7.98898E-2 7.71557E-2 7.73565E-2 7.9909E-2 7.71471E-2 7.78862E-2 7.97263E-2 7.94694E-2 7.81179E-2 8.3015E-2 8.35488E-2 8.1234E-2 8.98383E-2 8.29642E-2 7.82953E-2 8.09119E-2 8.45994E-2
1.07801E-1 8.63876E-2 8.79235E-2 8.19302E-2 7.98851E-2 7.93682E-2 8.37481E-2 8.81961E-2 9.04491E-2 1.02575E-1 1.30122E-1 1.51887E-1 1.50843E-1 1.55925E-1 1.42157E-1 1.15292E-1 1.15104E-1 1.0516E-1 1.04884E-1 1.13655E-1 1.26229E-1 1.40482E-1 1.48269E-1 1.33116E-1 1.2233E-1 1.21023E-1 1.05651E-1 9.39275E-2 8.93396E-2 9.01808E-2 8.66856E-2 8.57088E-2 8.12957E-2 7.96444E-2 7.98888E-2 8.07197E-2 7.84613E-2 7.77198E-2 7.8215E-2 7.78001E-2 7.60963E-2 7.85539E-2 7.79281E-2 7.89751E-2 7.95852E-2 7.8504E-2 7.79665E-2 7.98782E-2 7.78853E-2 7.8087E-2 7.66572E-2 8.03142E-2 8.16319E-2 8.31233E-2 8.09539E-2 7.85743E-2 7.72903E-2 7.85784E-2 7.83743E-2 8.07363E-2 8.2457E-2
1.43389E-1 9.03811E-2 8.06305E-2 7.69471E-2 7.90243E-2 8.01452E-2 8.50898E-2 8.84818E-2 8.73177E-2 8.89304E-2 1.24307E-1 1.34888E-1 1.39552E-1 1.3279E-1 1.23424E-1 1.33494E-1 1.23266E-1 1.07198E-1 9.59875E-2 1.04777E-1 1.29352E-1 1.15506E-1 1.08434E-1 9.77061E-2 9.29564E-2 9.59243E-2 9.24196E-2 9.08234E-2 8.9339E-2 8.85855E-2 8.33073E-2 7.93631E-2 8.13089E-2 8.262E-2 8.19267E-2 7.79968E-2 7.71367E-2 7.71423E-2 7.73131E-2 7.7477E-2 7.747E-2 7.76192E-2 7.85849E-2 8.25482E-2 8.25676E-2 7.67124E-2 7.66854E-2 7.72408E-2 8.13237E-2 7.98033E-2 7.66804E-2 7.77518E-2 7.55E-2 7.7009E-2 8.10573E-2 7.83838E-2 7.87953E-2 8.01501E-2 8.00653E-2 8.18509E-2 8.12768E-2
1.08206E-1 9.20131E-2 8.321E-2 7.94026E-2 7.84897E-2 8.00632E-2 8.78396E-2 9.16062E-2 8.50663E-2 8.71393E-2 9.16057E-2 8.9478E-2 9.26933E-2 9.79815E-2 1.0575E-1 1.18464E-1 1.03936E-1 9.70348E-2 9.66531E-2 1.08074E-1 1.05696E-1 9.38042E-2 9.33258E-2 8.68888E-2 8.8138E-2 8.67841E-2 8.76221E-2 8.87691E-2 8.51353E-2 8.39838E-2 8.75351E-2 8.44977E-2 8.05935E-2 8.1163E-2 7.88595E-2 8.14347E-2 8.20532E-2 8.73494E-2 7.88322E-2 7.70258E-2 8.12151E-2 7.96871E-2 7.68879E-2 8.10406E-2 7.93092E-2 7.63709E-2 7.68928E-2 7.61965E-2 7.83484E-2 8.02569E-2 7.55854E-2 7.47938E-2 7.61611E-2 7.64813E-2 7.85964E-2 7.96093E-2 7.97678E-2 8.04021E-2 8.03652E-2 8.08678E-2 8.52631E-2
2.87234E-1 9.55249E-2 8.50219E-2 8.14731E-2 7.86319E-2 7.64198E-2 7.81094E-2 8.5041E-2 8.52787E-2 8.97839E-2 8.7595E-2 8.51575E-2 9.11809E-2 1.02116E-1 1.21736E-1 1.04594E-1 9.86196E-2 9.61374E-2 9.34939E-2 9.20102E-2 8.93749E-2 8.92654E-2 9.31739E-2 8.90665E-2 8.86806E-2 8.89921E-2 9.63699E-2 8.49667E-2 8.43654E-2 8.38739E-2 8.286E-2 8.31526E-2 8.43666E-2 8.31407E-2 8.17401E-2 8.07295E-2 8.11519E-2 8.18493E-2 7.90817E-2 7.91889E-2 7.93045E-2 7.75496E-2 7.70425E-2 7.72002E-2 7.69153E-2 7.68254E-2 7.66732E-2 7.59593E-2 7.69732E-2 8.18397E-2 7.57358E-2 7.52243E-2 7.59867E-2 7.70926E-2 7.86487E-2 7.97032E-2 8.08888E-2 8.1979E-2 8.27457E-2 8.62486E-2 8.57934E-2
2.99956E-1 1.0214E-1 9.10698E-2 8.32065E-2 8.20139E-2 8.23744E-2 7.79439E-2 8.20791E-2 8.43984E-2 8.48378E-2 8.63196E-2 8.71284E-2 8.65601E-2 1.01669E-1 1.07209E-1 9.92064E-2 9.31743E-2 9.15834E-2 8.99183E-2 9.16522E-2 9.16226E-2 9.00847E-2 8.98418E-2 8.99713E-2 8.76654E-2 8.53514E-2 8.65541E-2 8.52774E-2 8.57942E-2 8.41256E-2 8.08773E-2 8.18934E-2 8.26246E-2 8.02908E-2 8.03938E-2 8.08626E-2 8.01162E-2 7.89377E-2 7.98148E-2 7.97404E-2 7.86248E-2 7.72719E-2 7.68829E-2 7.77612E-2 7.76101E-2 7.7521E-2 7.78081E-2 7.94527E-2 8.52204E-2 8.60472E-2 8.01276E-2 7.65845E-2 7.63328E-2 7.76035E-2 7.9072E-2 8.36512E-2 8.0504E-2 7.90759E-2 8.01866E-2 8.25968E-2 8.54461E-2
8.06969E-1 1.42327E-1 9.772E-2 8.76599E-2 7.86683E-2 7.78745E-2 7.94306E-2 8.18107E-2 8.26092E-2 8.6712E-2 8.9304E-2 8.73494E-2 9.21928E-2 1.00202E-1 1.05084E-1 9.79872E-2 9.64035E-2 9.60263E-2 9.61492E-2 9.13607E-2 8.94179E-2 9.05615E-2 9.0045E-2 8.70334E-2 8.44704E-2 8.23871E-2 8.49353E-2 8.53394E-2 8.53805E-2 8.39605E-2 8.17252E-2 8.29892E-2 8.4202E-2 8.47155E-2 8.36051E-2 8.24759E-2 8.072E-2 8.07064E-2 7.98708E-2 7.91289E-2 7.93818E-2 7.82991E-2 8.10111E-2 7.97753E-2 7.76674E-2 8.13739E-2 7.81139E-2 7.7685E-2 7.98177E-2 7.91999E-2 8.64903E-2 9.58029E-2 7.92183E-2 7.94572E-2 8.06204E-2 8.14167E-2 7.97726E-2 8.10073E-2 8.2007E-2 8.09991E-2 8.60198E-2
9.23894E-1 2.03662E-1 1.01579E-1 8.75088E-2 8.16485E-2 7.95753E-2 7.89071E-2 8.01899E-2 8.37822E-2 1.00214E-1 9.61148E-2 9.16956E-2 9.32725E-2 9.57374E-2 1.00525E-1 1.03811E-1 1.00436E-1 9.96804E-2 1.01279E-1 8.9942E-2 8.98927E-2 9.03496E-2 9.10099E-2 8.99359E-2 8.67699E-2 8.67209E-2 8.83077E-2 8.88489E-2 8.45284E-2 8.50871E-2 8.4563E-2 8.62431E-2 8.58535E-2 8.49234E-2 8.31617E-2 8.35162E-2 8.17278E-2 8.10442E-2 7.99367E-2 7.91455E-2 7.90693E-2 7.86697E-2 7.92063E-2 7.85341E-2 7.81612E-2 7.85091E-2 7.70538E-2 7.77014E-2 7.65607E-2 7.96046E-2 8.45524E-2 8.75207E-2 7.98792E-2 7.77396E-2 7.75634E-2 7.949E-2 7.99698E-2 8.04467E-2 8.10015E-2 8.33137E-2 8.51466E-2
8.97271E-1 9.23079E-1 1.12853E-1 9.81696E-2 9.2299E-2 8.6632E-2 8.61672E-2 8.3657E-2 8.71815E-2 8.87939E-2 8.86982E-2 8.92719E-2 9.23475E-2 8.93412E-2 9.12703E-2 1.1758E-1 1.1118E-1 1.21219E-1 1.09307E-1 9.5232E-2 9.31363E-2 9.63791E-2 9.53108E-2 9.40599E-2 9.24675E-2 9.22523E-2 9.2999E-2 9.11482E-2 8.80712E-2 8.82523E-2 8.92845E-2 8.55415E-2 8.17167E-2 8.29704E-2 8.54373E-2 8.44813E-2 8.32187E-2 8.54478E-2 8.43648E-2 8.05212E-2 7.96603E-2 8.07322E-2 8.05505E-2 7.93879E-2 7.79471E-2 7.72806E-2 7.58036E-2 7.58144E-2 7.63522E-2 7.57891E-2 7.92784E-2 8.00078E-2 7.94697E-2 7.97817E-2 7.97164E-2 8.04231E-2 7.98427E-2 8.06588E-2 8.03884E-2 8.30221E-2 8.31027E-2
9.2368E-1 -9999 1.71553E-1 1.18897E-1 1.02996E-1 9.73152E-2 9.54769E-2 8.96336E-2 9.26817E-2 9.67671E-2 9.82289E-2 9.07313E-2 9.56437E-2 9.39636E-2 1.02234E-1 1.16818E-1 1.14123E-1 1.057E-1 9.52492E-2 9.10527E-2 9.06577E-2 9.22384E-2 9.18216E-2 9.22258E-2 9.23871E-2 9.0378E-2 8.9362E-2 9.02803E-2 9.18095E-2 9.11973E-2 9.14395E-2 8.6785E-2 8.39769E-2 8.61656E-2 8.64636E-2 8.67652E-2 8.6333E-2 8.40162E-2 8.28608E-2 8.15632E-2 8.17107E-2 8.11345E-2 8.23587E-2 8.31503E-2 8.11264E-2 8.07867E-2 8.0184E-2 7.86358E-2 7.78516E-2 8.28954E-2 8.19737E-2 8.34943E-2 8.33247E-2 8.41365E-2 8.30283E-2 8.21492E-2 8.12387E-2 8.18082E-2 8.26632E-2 8.60662E-2 8.99494E-2
9.23733E-1 -9999 -9999 1.13565E-1 1.08501E-1 9.86338E-2 9.22078E-2 9.41515E-2 9.97023E-2 9.94272E-2 9.75179E-2 9.51904E-2 9.21781E-2 9.24972E-2 9.44104E-2 1.03672E-1 1.01711E-1 9.48361E-2 9.31851E-2 9.2138E-2 9.26182E-2 9.45741E-2 9.61725E-2 9.60457E-2 9.21841E-2 9.10081E-2 9.34733E-2 9.24095E-2 8.89428E-2 8.92702E-2 8.74917E-2 8.73072E-2 8.76124E-2 8.61884E-2 8.61026E-2 8.6964E-2 8.57268E-2 8.50979E-2 8.4528E-2 8.45749E-2 8.41074E-2 8.34543E-2 8.3511E-2 8.43551E-2 8.30632E-2 8.26186E-2 7.97747E-2 8.20078E-2 7.89636E-2 7.76555E-2 7.90555E-2 8.30649E-2 8.1748E-2 8.16564E-2 8.12178E-2 8.08349E-2 8.067E-2 8.29485E-2 8.35146E-2 8.86774E-2 9.16267E-2
1.22255E-1 3.48839E-1 1.47763E-1 1.11045E-1 1.06291E-1 1.0278E-1 9.80249E-2 1.03148E-1 1.01113E-1 9.66664E-2 9.6905E-2 9.55444E-2 9.91207E-2 9.80942E-2 9.71669E-2 9.53526E-2 9.20921E-2 9.27852E-2 9.96906E-2 1.04709E-1 1.01491E-1 9.46128E-2 9.03504E-2 9.01227E-2 9.02727E-2 9.46658E-2 9.37047E-2 9.05635E-2 8.86566E-2 8.72671E-2 8.86716E-2 8.76021E-2 8.80947E-2 8.7056E-2 8.66166E-2 8.70897E-2 8.79762E-2 8.79637E-2 8.73447E-2 8.65256E-2 8.74273E-2 8.51701E-2 8.63577E-2 8.6212E-2 8.12689E-2 7.95352E-2 7.62505E-2 7.7013E-2 7.73323E-2 7.77581E-2 7.89082E-2 8.03548E-2 8.23004E-2 8.04579E-2 8.30171E-2 8.29245E-2 8.64365E-2 8.76452E-2 8.81143E-2 8.76936E-2 8.86775E-2
9.23029E-1 1.31048E-1 1.18786E-1 1.10367E-1 1.03589E-1 1.00034E-1 9.87436E-2 9.70507E-2 9.33826E-2 9.28587E-2 9.54187E-2 9.21592E-2 9.22099E-2 9.27025E-2 9.28581E-2 9.29322E-2 9.16693E-2 8.94215E-2 9.12348E-2 9.70827E-2 9.59489E-2 9.46142E-2 9.52491E-2 9.55906E-2 9.38493E-2 9.29594E-2 9.21969E-2 9.1942E-2 9.03834E-2 8.97385E-2 8.66638E-2 8.7503E-2 8.72049E-2 8.86688E-2 8.83241E-2 8.81156E-2 8.86915E-2 8.89967E-2 9.23473E-2 8.97716E-2 8.63604E-2 8.74797E-2 8.53912E-2 8.4459E-2 8.2124E-2 8.02941E-2 7.63243E-2 7.81938E-2 8.07582E-2 7.74276E-2 8.55171E-2 8.74736E-2 8.54056E-2 8.64506E-2 8.30101E-2 8.78942E-2 8.85938E-2 8.64219E-2 8.83483E-2 8.84383E-2 9.26044E-2
2.15955E-1 1.20217E-1 1.19762E-1 1.10684E-1 1.06462E-1 9.97769E-2 9.84572E-2 1.02141E-1 9.91498E-2 9.68222E-2 9.38048E-2 9.34972E-2 1.01754E-1 9.91394E-2 9.34553E-2 9.18754E-2 9.19075E-2 9.1699E-2 9.02879E-2 9.36707E-2 9.31648E-2 9.25412E-2 9.26448E-2 9.75625E-2 9.65335E-2 9.20943E-2 9.09243E-2 9.09299E-2 9.05296E-2 8.78981E-2 8.82168E-2 9.22023E-2 9.22767E-2 9.14259E-2 8.88062E-2 8.87596E-2 8.88864E-2 9.16903E-2 1.00042E-1 9.44104E-2 9.04828E-2 8.73072E-2 8.55917E-2 8.32415E-2 8.24403E-2 8.18811E-2 8.04893E-2 8.12027E-2 7.98372E-2 8.13565E-2 8.15313E-2 8.36579E-2 8.38758E-2 9.13344E-2 1.09899E-1 8.6332E-2 8.8146E-2 8.91557E-2 9.20905E-2 9.3626E-2 1.0088E-1
1.85382E-1 1.26321E-1 1.31954E-1 1.06921E-1 1.0534E-1 1.00558E-1 9.96834E-2 1.06739E-1 1.02962E-1 9.86482E-2 9.91849E-2 1.0137E-1 1.03E-1 1.00387E-1 9.67451E-2 9.63667E-2 9.67006E-2 9.41393E-2 9.43844E-2 9.70293E-2 9.17793E-2 9.35019E-2 9.45813E-2 9.57592E-2 9.54278E-2 9.43016E-2 9.36676E-2 9.33499E-2 9.28267E-2 9.10866E-2 9.11996E-2 9.1832E-2 9.13642E-2 8.92716E-2 8.95409E-2 8.7229E-2 8.71868E-2 9.18446E-2 8.94828E-2 8.6808E-2 8.59702E-2 8.62264E-2 8.54693E-2 8.59061E-2 8.45549E-2 8.45416E-2 8.49857E-2 8.33022E-2 8.37595E-2 8.40186E-2 8.36015E-2 8.59494E-2 8.67266E-2 8.72235E-2 9.90276E-2 8.84905E-2 8.84055E-2 9.08683E-2 9.26136E-2 9.94331E-2 1.30872E-1
1.23773E-1 1.54143E-1 1.29669E-1 1.15879E-1 1.11147E-1 1.08278E-1 1.08874E-1 1.09487E-1 1.06047E-1 9.90369E-2 1.02429E-1 1.03568E-1 1.01166E-1 1.02479E-1 1.06657E-1 9.75725E-2 9.93632E-2 9.60711E-2 9.56383E-2 9.84831E-2 9.99108E-2 9.87012E-2 9.97852E-2 1.03097E-1 1.02965E-1 1.02246E-1 9.96138E-2 9.62939E-2 9.49988E-2 9.49295E-2 9.25559E-2 9.30019E-2 9.24972E-2 9.06674E-2 9.00573E-2 8.71932E-2 9.406E-2 9.20453E-2 8.68156E-2 8.7062E-2 8.59749E-2 8.76E-2 8.83364E-2 8.67186E-2 8.59173E-2 8.48448E-2 8.7837E-2 8.37405E-2 8.55611E-2 8.661E-2 8.76661E-2 9.05621E-2 9.05179E-2 8.91616E-2 8.98916E-2 9.06621E-2 9.05296E-2 9.25379E-2 9.56261E-2 1.00938E-1 1.32689E-1
1.21616E-1 1.33622E-1 1.26454E-1 1.1235E-1 1.13157E-1 1.12727E-1 1.08595E-1 1.03586E-1 1.07661E-1 1.15513E-1 1.09985E-1 1.07098E-1 1.09307E-1 1.07941E-1 9.9052E-2 9.75164E-2 1.01578E-1 1.01561E-1 1.00164E-1 1.00559E-1 1.00894E-1 1.01507E-1 1.01209E-1 1.01313E-1 9.85952E-2 9.53631E-2 9.7049E-2 9.81465E-2 9.86581E-2 9.37077E-2 9.30539E-2 9.08781E-2 9.14036E-2 8.98202E-2 1.05499E-1 1.44973E-1 1.40439E-1 1.16153E-1 9.88417E-2 8.70216E-2 8.75519E-2 8.92697E-2 8.78812E-2 9.12701E-2 8.87623E-2 8.55439E-2 8.65179E-2 8.62219E-2 8.72319E-2 8.89974E-2 8.5835E-2 8.79872E-2 9.64422E-2 9.83072E-2 8.81759E-2 9.0956E-2 9.47985E-2 9.39936E-2 9.63082E-2 9.80773E-2 1.13823E-1
1.20337E-1 1.16971E-1 1.19797E-1 1.12848E-1 1.16174E-1 1.15061E-1 1.06537E-1 1.07145E-1 1.10545E-1 1.1608E-1 1.08957E-1 1.07749E-1 1.09609E-1 1.07013E-1 9.96703E-2 1.02525E-1 1.05862E-1 1.04644E-1 9.85783E-2 1.00789E-1 9.82343E-2 1.00056E-1 1.04978E-1 9.7529E-2 9.34743E-2 9.41643E-2 9.4759E-2 9.56743E-2 9.5276E-2 9.39758E-2 9.41176E-2 9.47949E-2 9.49564E-2 1.2593E-1 1.71701E-1 1.30334E-1 1.12929E-1 1.04126E-1 9.03794E-2 8.81545E-2 8.9529E-2 8.97596E-2 8.9014E-2 9.01721E-2 8.87711E-2 8.90777E-2 8.71607E-2 8.80006E-2 8.79148E-2 8.7798E-2 8.53123E-2 8.69469E-2 9.20919E-2 9.72184E-2 9.31539E-2 9.25053E-2 9.55662E-2 9.69597E-2 1.02949E-1 9.73721E-2 9.94907E-2
1.14943E-1 1.10362E-1 1.10693E-1 1.12207E-1 1.17419E-1 1.18743E-1 1.19621E-1 1.20554E-1 1.21509E-1 1.16261E-1 1.15403E-1 1.17002E-1 1.24837E-1 1.28027E-1 1.16785E-1 1.08147E-1 1.05419E-1 1.10509E-1 1.06797E-1 9.99562E-2 9.87763E-2 9.80843E-2 9.95351E-2 9.82197E-2 9.50311E-2 9.63111E-2 9.4837E-2 1.00518E-1 9.71104E-2 9.6282E-2 9.34603E-2 1.01154E-1 1.68198E-1 1.64821E-1 1.19344E-1 1.06674E-1 8.93404E-2 8.79181E-2 9.07159E-2 9.57931E-2 8.97103E-2 8.87159E-2 8.79089E-2 8.8244E-2 8.85785E-2 8.92677E-2 8.87816E-2 8.53723E-2 8.57726E-2 8.81193E-2 8.69629E-2 8.63215E-2 9.48397E-2 9.59589E-2 9.43957E-2 9.77082E-2 9.61183E-2 9.83969E-2 9.96996E-2 1.01286E-1 1.00141E-1
1.06926E-1 1.0897E-1 1.08971E-1 1.13121E-1 1.15781E-1 1.18015E-1 1.18476E-1 1.18761E-1 1.14219E-1 1.10042E-1 1.11469E-1 1.12966E-1 1.16574E-1 1.20502E-1 1.10571E-1 1.08065E-1 1.11537E-1 1.06649E-1 1.0095E-1 9.8879E-2 9.59532E-2 9.57269E-2 9.56468E-2 9.8301E-2 9.66113E-2 9.70336E-2 9.7095E-2 9.81768E-2 9.4675E-2 9.5719E-2 9.46872E-2 1.27269E-1 1.53559E-1 1.06073E-1 9.46571E-2 9.18644E-2 8.89655E-2 8.79672E-2 9.0709E-2 8.99111E-2 8.82515E-2 8.74916E-2 8.80899E-2 8.74935E-2 8.95428E-2 8.82254E-2 9.09111E-2 8.93118E-2 8.92482E-2 1.01081E-1 1.03784E-1 9.3153E-2 9.04309E-2 9.9447E-2 9.67709E-2 1.00733E-1 9.83465E-2 1.00036E-1 1.01408E-1 1.00577E-1 1.04521E-1
1.07585E-1 1.09127E-1 1.05153E-1 1.15067E-1 1.17258E-1 1.18226E-1 1.17323E-1 1.16153E-1 1.15357E-1 1.09579E-1 1.07268E-1 1.08252E-1 1.10579E-1 1.09031E-1 1.0933E-1 1.12547E-1 1.09623E-1 1.03589E-1 1.05259E-1 1.04992E-1 9.93646E-2 9.97053E-2 9.99818E-2 1.01502E-1 9.82493E-2 9.90119E-2 9.71865E-2 9.57919E-2 9.50207E-2 9.33303E-2 9.55108E-2 1.35722E-1 1.0443E-1 9.47268E-2 9.43601E-2 9.35366E-2 9.04463E-2 8.90348E-2 9.08441E-2 9.05827E-2 8.95556E-2 9.03111E-2 8.93516E-2 8.82293E-2 8.97252E-2 8.86991E-2 8.94857E-2 9.07774E-2 9.00918E-2 9.3688E-2 1.05772E-1 9.85379E-2 9.00537E-2 9.27179E-2 9.45009E-2 1.0194E-1 1.08389E-1 1.03628E-1 1.04063E-1 1.05525E-1 1.01376E-1
1.06577E-1 1.06718E-1 1.05509E-1 1.1172E-1 1.1502E-1 1.14301E-1 1.13745E-1 1.14041E-1 1.13535E-1 1.07552E-1 1.05383E-1 1.09665E-1 1.09782E-1 1.09724E-1 1.07624E-1 1.03168E-1 1.04182E-1 1.03603E-1 1.04673E-1 1.05427E-1 9.87584E-2 9.84594E-2 1.01173E-1 1.02922E-1 9.93752E-2 1.04313E-1 9.87695E-2 9.76158E-2 9.52428E-2 9.47807E-2 9.54526E-2 1.08436E-1 9.99495E-2 9.36181E-2 9.32155E-2 9.17262E-2 9.0572E-2 9.26403E-2 9.27422E-2 9.23091E-2 9.02177E-2 9.15129E-2 9.08142E-2 9.18437E-2 9.34701E-2 9.0678E-2 9.04491E-2 9.07834E-2 8.91717E-2 9.07101E-2 9.18083E-2 9.14479E-2 9.25612E-2 9.54154E-2 9.22791E-2 9.70307E-2 1.03519E-1 1.02921E-1 1.05356E-1 1.15926E-1 1.03881E-1
1.08064E-1 1.07767E-1 1.09264E-1 1.11161E-1 1.0936E-1 1.11948E-1 1.09767E-1 1.08923E-1 1.08016E-1 1.09521E-1 1.16274E-1 1.08791E-1 1.07927E-1 1.12985E-1 1.10173E-1 1.02715E-1 1.02183E-1 1.01533E-1 1.00453E-1 1.01332E-1 9.929E-2 1.00007E-1 9.91808E-2 1.00742E-1 9.83592E-2 9.89378E-2 9.74603E-2 9.59424E-2 9.38638E-2 9.43897E-2 9.47159E-2 1.01595E-1 9.68786E-2 9.48308E-2 9.274E-2 9.1762E-2 9.17816E-2 9.44211E-2 9.20223E-2 9.08878E-2 9.24564E-2 9.23577E-2 9.04178E-2 9.13745E-2 9.37263E-2 9.35476E-2 9.43062E-2 1.02465E-1 9.38689E-2 9.4677E-2 9.17213E-2 9.11872E-2 9.04919E-2 9.65751E-2 9.74995E-2 9.99843E-2 1.0601E-1 1.09966E-1 1.12013E-1 1.29973E-1 1.16083E-1
1.09385E-1 1.09208E-1 1.07755E-1 1.09887E-1 1.08518E-1 1.08127E-1 1.06062E-1 1.06129E-1 1.08247E-1 1.06355E-1 1.11813E-1 1.08688E-1 1.07196E-1 1.11912E-1 1.06602E-1 1.03062E-1 1.01116E-1 1.01871E-1 1.00233E-1 9.99859E-2 9.94654E-2 1.00158E-1 1.01078E-1 9.95589E-2 9.94544E-2 9.57368E-2 9.56837E-2 9.84373E-2 9.82711E-2 9.62859E-2 1.01893E-1 9.92251E-2 9.55261E-2 9.54138E-2 9.36428E-2 9.35445E-2 9.45406E-2 9.47771E-2 9.46535E-2 9.3365E-2 9.252E-2 9.29909E-2 9.15682E-2 9.42291E-2 9.40283E-2 9.39941E-2 9.46563E-2 1.1534E-1 9.81727E-2 9.74253E-2 9.49812E-2 9.81707E-2 9.61722E-2 1.0016E-1 1.06705E-1 1.02479E-1 1.05747E-1 1.13689E-1 1.12153E-1 1.16722E-1 1.40474E-1
1.02417E-1 1.04233E-1 1.04662E-1 1.05584E-1 1.05996E-1 1.08669E-1 1.1317E-1 1.04882E-1 1.10072E-1 1.12301E-1 1.11746E-1 1.11965E-1 1.05343E-1 1.04982E-1 1.074E-1 1.0861E-1 1.01016E-1 1.01749E-1 1.03179E-1 1.01872E-1 1.0107E-1 1.06471E-1 1.01435E-1 1.01766E-1 1.01623E-1 1.05879E-1 1.01045E-1 1.0037E-1 1.0144E-1 1.10278E-1 1.07823E-1 9.74284E-2 9.68873E-2 9.47049E-2 9.5134E-2 9.47645E-2 9.43444E-2 9.46364E-2 9.57244E-2 9.46478E-2 9.49733E-2 9.61472E-2 9.48453E-2 9.69359E-2 9.68411E-2 9.77775E-2 9.74975E-2 1.12393E-1 1.02908E-1 1.04394E-1 1.02831E-1 1.00907E-1 1.06936E-1 1.10152E-1 1.08551E-1 1.07568E-1 1.08694E-1 1.12745E-1 1.17126E-1 1.18168E-1 1.44296E-1
1.01285E-1 1.0319E-1 1.03882E-1 1.04175E-1 1.03827E-1 1.0437E-1 1.03837E-1 1.03609E-1 1.04508E-1 1.07077E-1 1.05515E-1 1.10718E-1 1.05958E-1 1.11303E-1 1.25317E-1 1.01426E-1 1.01928E-1 1.02313E-1 1.02231E-1 1.02669E-1 1.01343E-1 1.01071E-1 1.01018E-1 1.01244E-1 9.90153E-2 1.01363E-1 1.0337E-1 1.02062E-1 1.02001E-1 1.07394E-1 9.98617E-2 9.86566E-2 9.86247E-2 9.83787E-2 9.6733E-2 9.72513E-2 9.4817E-2 9.56686E-2 9.57405E-2 9.5413E-2 9.82926E-2 9.99707E-2 9.99436E-2 9.90786E-2 9.82863E-2 1.0118E-1 1.02935E-1 1.05757E-1 1.07591E-1 1.07899E-1 1.07067E-1 1.09026E-1 1.17795E-1 1.24087E-1 1.19922E-1 1.1371E-1 1.13002E-1 1.21245E-1 1.22533E-1 1.24099E-1 1.29176E-1
1.02756E-1 1.02172E-1 1.02687E-1 1.03035E-1 1.03439E-1 1.02929E-1 1.02758E-1 1.03197E-1 1.02764E-1 1.02118E-1 1.0189E-1 1.01584E-1 1.00907E-1 1.03187E-1 1.0204E-1 1.08229E-1 1.22269E-1 1.03524E-1 1.03448E-1 1.09538E-1 1.06458E-1 1.04003E-1 1.01629E-1 1.01614E-1 1.03103E-1 1.05085E-1 1.02044E-1 1.05575E-1 1.05678E-1 1.0108E-1 1.00456E-1 9.99328E-2 9.81591E-2 9.98121E-2 1.00065E-1 9.63864E-2 9.78251E-2 9.64985E-2 9.72262E-2 9.74035E-2 9.90573E-2 1.00963E-1 1.02342E-1 1.04518E-1 1.04275E-1 1.05801E-1 1.0719E-1 1.09915E-1 1.11252E-1 1.1037E-1 1.14306E-1 1.2364E-1 1.58782E-1 1.30912E-1 1.45516E-1 1.23094E-1 1.20668E-1 1.26621E-1 1.29626E-1 1.31848E-1 1.35545E-1
