maxent_outputs/hummingbirds/hummingbird_326.asc
ncols         426
nrows         180
xllcorner     -130.0
yllcorner     24.0
cellsize      0.16666666666666666
NODATA_value  -9999
[rows 54 to 80 of 180, columns 244 to 304 of 426]
1.19205E-1 1.24052E-1 1.44621E-1 1.43787E-1 1.47861E-1 1.36674E-1 1.37371E-1 1.48697E-1 1.56305E-1 2.28003E-1 2.42014E-1 2.29662E-1 2.08675E-1 3.21972E-1 3.25383E-1 3.15388E-1 3.05062E-1 2.8753E-1 2.73012E-1 2.30653E-1 2.04358E-1 1.87458E-1 1.96222E-1 2.07793E-1 1.94446E-1 1.49978E-1 1.30743E-1 1.38782E-1 1.33262E-1 1.35345E-1 1.42443E-1 1.59234E-1 1.63033E-1 1.71994E-1 1.77777E-1 2.07908E-1 2.77684E-1 2.99317E-1 2.91211E-1 2.80791E-1 2.67182E-1 2.60402E-1 2.47068E-1 2.39884E-1 2.32876E-1 2.42226E-1 2.48076E-1 2.10566E-1 1.30165E-1 1.40023E-1 1.8136E-1 2.0298E-1 1.95313E-1 1.96936E-1 1.80455E-1 1.59598E-1 1.23466E-1 9.86114E-2 8.33585E-2 8.5434E-2 7.63273E-2
1.29455E-1 1.37858E-1 1.37613E-1 1.30488E-1 1.37425E-1 1.41998E-1 1.4525E-1 1.64546E-1 2.0826E-1 2.41832E-1 1.81442E-1 1.81882E-1 2.74217E-1 3.28338E-1 3.17905E-1 3.05114E-1 2.86592E-1 2.72634E-1 2.47934E-1 1.9452E-1 1.66246E-1 1.6796E-1 1.83705E-1 1.81781E-1 1.64557E-1 1.42174E-1 1.40395E-1 1.37168E-1 1.32504E-1 1.38007E-1 1.38262E-1 1.41684E-1 1.50757E-1 1.65382E-1 1.91912E-1 1.79453E-1 2.27489E-1 3.00666E-1 2.88271E-1 2.77509E-1 2.6733E-1 2.53342E-1 2.44194E-1 2.27971E-1 2.24366E-1 2.3366E-1 2.48065E-1 2.40312E-1 1.50265E-1 1.15687E-1 1.49352E-1 1.68281E-1 1.90176E-1 2.10014E-1 1.96867E-1 1.4246E-1 1.13731E-1 1.06883E-1 8.84465E-2 8.2233E-2 8.32219E-2
1.33766E-1 1.41369E-1 1.4113E-1 1.38895E-1 1.48968E-1 1.46538E-1 1.57197E-1 1.85867E-1 2.07634E-1 1.72932E-1 1.79763E-1 2.3477E-1 3.24699E-1 3.22981E-1 3.07916E-1 2.90703E-1 2.79104E-1 2.65714E-1 2.19784E-1 1.62132E-1 1.63859E-1 1.61664E-1 1.52919E-1 1.61753E-1 1.55431E-1 1.53737E-1 1.40707E-1 1.436E-1 1.41388E-1 1.43806E-1 1.39719E-1 1.38876E-1 1.57303E-1 1.72165E-1 1.78633E-1 1.81415E-1 2.52583E-1 3.01142E-1 2.90459E-1 2.73642E-1 2.64816E-1 2.52779E-1 2.39594E-1 2.2458E-1 2.16246E-1 2.25456E-1 2.42136E-1 2.43144E-1 1.44504E-1 1.07808E-1 1.11488E-1 9.73032E-2 1.06585E-1 1.48983E-1 1.90327E-1 2.05472E-1 1.23073E-1 1.03221E-1 9.15037E-2 1.10682E-1 1.16691E-1
1.3181E-1 1.43332E-1 1.46825E-1 1.49905E-1 1.54189E-1 1.54188E-1 1.69192E-1 1.84288E-1 1.75103E-1 1.7676E-1 1.86828E-1 3.00502E-1 3.30833E-1 3.21033E-1 3.04677E-1 2.91947E-1 2.80859E-1 2.76004E-1 2.15854E-1 1.58117E-1 1.59836E-1 1.57252E-1 1.65855E-1 1.56133E-1 1.53372E-1 1.49432E-1 1.49649E-1 1.73085E-1 1.50946E-1 1.44231E-1 1.36631E-1 1.47283E-1 1.65174E-1 1.85186E-1 1.91856E-1 1.98769E-1 2.58718E-1 3.03863E-1 2.91966E-1 2.72936E-1 2.54377E-1 2.44974E-1 2.34296E-1 2.21499E-1 2.07175E-1 2.1829E-1 2.09336E-1 1.37313E-1 1.04462E-1 9.17815E-2 8.63708E-2 8.98125E-2 8.98144E-2 8.96144E-2 9.43841E-2 1.18279E-1 1.27183E-1 1.1761E-1 1.29622E-1 1.51161E-1 1.51791E-1
1.36793E-1 1.45213E-1 1.51803E-1 1.53542E-1 1.55078E-1 1.73415E-1 1.77499E-1 1.82969E-1 1.82856E-1 1.90369E-1 1.95395E-1 3.12906E-1 3.39398E-1 3.23176E-1 3.10342E-1 2.98726E-1 2.92106E-1 2.71717E-1 1.977E-1 1.78892E-1 1.71104E-1 1.66181E-1 1.53366E-1 1.47758E-1 1.46992E-1 1.42823E-1 1.51415E-1 1.60101E-1 1.52946E-1 1.4631E-1 1.53116E-1 1.60378E-1 1.65943E-1 1.80969E-1 2.05739E-1 2.63933E-1 3.03137E-1 3.11457E-1 2.97037E-1 2.78535E-1 2.53888E-1 2.43257E-1 2.29149E-1 2.11209E-1 2.04284E-1 2.09985E-1 1.43413E-1 8.80183E-2 8.6259E-2 8.30968E-2 8.9367E-2 8.0843E-2 7.859E-2 8.0038E-2 7.5723E-2 1.07552E-1 1.26495E-1 1.23626E-1 1.34615E-1 1.36883E-1 1.32198E-1
1.43804E-1 1.49917E-1 1.61501E-1 1.72992E-1 1.67287E-1 2.18086E-1 1.69672E-1 1.75779E-1 1.80467E-1 1.95604E-1 2.60212E-1 3.42656E-1 3.4661E-1 3.29434E-1 3.17562E-1 3.08321E-1 2.93592E-1 2.2604E-1 1.77528E-1 1.72852E-1 1.65945E-1 1.58613E-1 1.57751E-1 1.45808E-1 1.4887E-1 1.50141E-1 1.5225E-1 1.57097E-1 1.63213E-1 1.70724E-1 1.69412E-1 1.72372E-1 1.80787E-1 2.04997E-1 2.5762E-1 3.27225E-1 3.06791E-1 2.7142E-1 2.30872E-1 2.3686E-1 2.52724E-1 2.43141E-1 2.29558E-1 2.13361E-1 2.14865E-1 1.73772E-1 1.06917E-1 8.28405E-2 7.76981E-2 8.58706E-2 9.00302E-2 7.7973E-2 6.83548E-2 6.82592E-2 8.88563E-2 1.0856E-1 1.32609E-1 1.30226E-1 1.32312E-1 1.27007E-1 1.20779E-1
1.43444E-1 1.49899E-1 1.50466E-1 1.57367E-1 1.61999E-1 2.08519E-1 1.71501E-1 1.68591E-1 1.81092E-1 2.19025E-1 3.44256E-1 3.51479E-1 3.45181E-1 3.35597E-1 3.27636E-1 3.18733E-1 2.96603E-1 2.24039E-1 1.78345E-1 1.75316E-1 1.68263E-1 1.59438E-1 1.4923E-1 1.50012E-1 1.5639E-1 1.63472E-1 1.65991E-1 1.64718E-1 1.7405E-1 1.86247E-1 1.87876E-1 1.88764E-1 2.12012E-1 3.03532E-1 3.19761E-1 2.96984E-1 2.20917E-1 1.93405E-1 1.74758E-1 1.66149E-1 2.29312E-1 2.46235E-1 2.37543E-1 2.20601E-1 2.098E-1 1.62359E-1 1.01413E-1 8.33485E-2 8.07915E-2 8.4803E-2 9.03937E-2 8.56538E-2 8.15961E-2 9.7875E-2 1.05337E-1 1.09606E-1 1.26293E-1 1.3841E-1 1.42506E-1 1.37965E-1 1.37987E-1
1.48731E-1 1.5244E-1 1.44065E-1 1.46253E-1 1.5878E-1 1.72384E-1 1.65097E-1 1.71818E-1 1.84516E-1 2.10847E-1 3.50498E-1 3.54208E-1 3.46171E-1 3.39888E-1 3.29921E-1 3.23269E-1 2.96086E-1 2.16645E-1 1.75574E-1 1.68714E-1 1.73267E-1 1.58009E-1 1.48633E-1 1.50405E-1 1.57573E-1 1.61268E-1 1.67326E-1 1.70313E-1 1.8429E-1 1.94824E-1 1.99684E-1 1.99846E-1 2.45342E-1 3.24234E-1 3.041E-1 2.2475E-1 1.97724E-1 1.90763E-1 1.7633E-1 1.65533E-1 2.08075E-1 2.5625E-1 2.44162E-1 2.35192E-1 2.18854E-1 1.6579E-1 1.0296E-1 8.38038E-2 8.35936E-2 8.98228E-2 9.4547E-2 9.5568E-2 9.70026E-2 1.11087E-1 1.15528E-1 1.18061E-1 1.37862E-1 1.53966E-1 1.74598E-1 1.74396E-1 1.83885E-1
1.41508E-1 1.38851E-1 1.43539E-1 1.4761E-1 1.61321E-1 1.57272E-1 1.70829E-1 1.81949E-1 1.89588E-1 2.6046E-1 3.67897E-1 3.59896E-1 3.53028E-1 3.43257E-1 3.32635E-1 3.2673E-1 2.82747E-1 1.95026E-1 1.76844E-1 1.74552E-1 1.69899E-1 1.63294E-1 1.58752E-1 1.54533E-1 1.58837E-1 1.65166E-1 1.71651E-1 1.816E-1 1.93979E-1 2.05803E-1 2.07735E-1 1.9666E-1 2.11425E-1 2.20636E-1 2.12716E-1 2.00048E-1 1.98664E-1 2.04424E-1 1.94081E-1 1.81265E-1 2.20843E-1 2.75269E-1 2.58134E-1 2.42803E-1 2.24312E-1 1.82066E-1 1.07052E-1 8.42825E-2 7.93162E-2 8.70264E-2 1.06888E-1 1.08014E-1 1.14787E-1 1.19845E-1 1.22386E-1 1.22698E-1 1.42278E-1 1.68712E-1 2.21754E-1 2.84695E-1 3.08874E-1
1.32533E-1 1.39493E-1 1.46437E-1 1.49787E-1 1.61345E-1 1.59821E-1 1.7223E-1 1.8558E-1 2.05357E-1 3.54813E-1 3.79995E-1 3.64805E-1 3.54974E-1 3.42165E-1 3.32903E-1 3.35462E-1 3.23434E-1 2.46885E-1 2.07843E-1 1.92614E-1 1.78335E-1 1.78815E-1 1.73919E-1 1.57661E-1 1.58125E-1 1.62151E-1 1.7272E-1 1.76111E-1 1.764E-1 1.80524E-1 1.89848E-1 2.09016E-1 2.13385E-1 1.95475E-1 1.94822E-1 2.10174E-1 2.11731E-1 2.12068E-1 2.05741E-1 1.96375E-1 1.98816E-1 2.83731E-1 2.71511E-1 2.5269E-1 2.36272E-1 1.85861E-1 1.18502E-1 8.95651E-2 7.96677E-2 8.84938E-2 1.06386E-1 1.15061E-1 1.15931E-1 1.28152E-1 1.32752E-1 1.27393E-1 1.41746E-1 1.98444E-1 3.23824E-1 3.52034E-1 3.59334E-1
1.27962E-1 1.37951E-1 1.48116E-1 1.49665E-1 1.60534E-1 1.63315E-1 1.69434E-1 1.81747E-1 2.18855E-1 3.80953E-1 3.77207E-1 3.60718E-1 3.50871E-1 3.46107E-1 3.44002E-1 3.36305E-1 3.34273E-1 2.93823E-1 2.30723E-1 2.04141E-1 1.84875E-1 1.75772E-1 1.73282E-1 1.71047E-1 1.7306E-1 1.67215E-1 1.70451E-1 1.73521E-1 1.76178E-1 1.86787E-1 2.01051E-1 2.01642E-1 2.02482E-1 1.98657E-1 1.89801E-1 2.00877E-1 2.1144E-1 2.10582E-1 2.11357E-1 2.00892E-1 1.95392E-1 2.86627E-1 2.76151E-1 2.46677E-1 1.90467E-1 1.44458E-1 1.23081E-1 1.01099E-1 9.32236E-2 1.01601E-1 1.10416E-1 1.22476E-1 1.31325E-1 1.41079E-1 1.55142E-1 1.40176E-1 1.58359E-1 1.97516E-1 2.43891E-1 2.85666E-1 2.99982E-1
1.36778E-1 1.38516E-1 1.48051E-1 1.52011E-1 1.61134E-1 1.71475E-1 1.75456E-1 1.92213E-1 2.12519E-1 3.69321E-1 3.68795E-1 3.58628E-1 3.56699E-1 3.50889E-1 3.46577E-1 3.43019E-1 3.43242E-1 3.33683E-1 2.76551E-1 2.19266E-1 1.93074E-1 1.86319E-1 1.91983E-1 1.82172E-1 1.78138E-1 1.71995E-1 1.72683E-1 1.8367E-1 1.9234E-1 1.89625E-1 1.87531E-1 1.89571E-1 1.90375E-1 2.00325E-1 1.98119E-1 2.14681E-1 2.16744E-1 2.10785E-1 2.01682E-1 1.99838E-1 1.89152E-1 2.34264E-1 2.33461E-1 1.67259E-1 1.38708E-1 1.3203E-1 1.22022E-1 1.14873E-1 1.20179E-1 1.23623E-1 1.25831E-1 1.31412E-1 1.42191E-1 1.56092E-1 1.70914E-1 1.65043E-1 1.56088E-1 1.51062E-1 1.57057E-1 1.77971E-1 1.97688E-1
1.40092E-1 1.41579E-1 1.51138E-1 1.56947E-1 1.6262E-1 1.65628E-1 1.71912E-1 1.85839E-1 1.93911E-1 3.30754E-1 3.60476E-1 3.56532E-1 3.54777E-1 3.53414E-1 3.48071E-1 3.5112E-1 3.50281E-1 3.48136E-1 3.04135E-1 2.20299E-1 2.02566E-1 1.99364E-1 1.94939E-1 1.9038E-1 1.82549E-1 1.72658E-1 1.77452E-1 1.81207E-1 1.90962E-1 1.93788E-1 1.92396E-1 1.93437E-1 1.88831E-1 2.00485E-1 2.01473E-1 2.00339E-1 2.02435E-1 1.97925E-1 1.92257E-1 1.85188E-1 1.87142E-1 1.77006E-1 1.54061E-1 1.44436E-1 1.382E-1 1.3129E-1 1.23744E-1 1.3076E-1 1.29229E-1 1.31192E-1 1.33232E-1 1.36489E-1 1.40292E-1 1.48845E-1 1.59804E-1 1.65464E-1 1.67072E-1 1.76748E-1 1.86797E-1 1.96764E-1 2.18171E-1
1.34259E-1 1.48525E-1 1.50196E-1 1.5536E-1 1.54842E-1 1.56488E-1 1.74944E-1 1.80269E-1 1.81821E-1 2.58521E-1 3.5083E-1 3.61564E-1 3.52539E-1 3.58175E-1 3.54769E-1 3.49669E-1 3.52965E-1 3.4787E-1 3.06553E-1 2.15396E-1 1.85475E-1 1.81064E-1 1.77321E-1 1.8812E-1 1.86438E-1 1.77325E-1 1.78841E-1 1.83774E-1 1.91548E-1 1.91468E-1 1.81425E-1 1.83982E-1 1.874E-1 1.89451E-1 1.91121E-1 1.9299E-1 1.92938E-1 1.95056E-1 1.94055E-1 1.90696E-1 1.8132E-1 1.63218E-1 1.57157E-1 1.48439E-1 1.45912E-1 1.43306E-1 1.42329E-1 1.42397E-1 1.43586E-1 1.46503E-1 1.49696E-1 1.4831E-1 1.49077E-1 1.56846E-1 1.98665E-1 2.46448E-1 2.67986E-1 2.9863E-1 3.09384E-1 3.08734E-1 3.15241E-1
1.43702E-1 1.55555E-1 1.55098E-1 1.52293E-1 1.57362E-1 1.604E-1 1.73262E-1 1.82315E-1 1.89283E-1 2.92426E-1 3.50282E-1 3.59401E-1 3.56663E-1 3.5103E-1 3.47702E-1 3.42863E-1 3.49992E-1 3.50389E-1 2.8046E-1 2.11411E-1 1.87447E-1 1.73239E-1 1.77932E-1 1.93106E-1 1.90346E-1 1.84383E-1 1.79671E-1 1.81743E-1 1.83387E-1 1.80571E-1 1.76251E-1 1.7834E-1 1.81976E-1 1.77863E-1 1.81528E-1 1.96105E-1 1.96706E-1 1.98252E-1 1.94402E-1 2.33783E-1 2.14306E-1 1.74367E-1 1.58254E-1 1.56352E-1 1.51778E-1 1.57642E-1 1.679E-1 2.22109E-1 2.62169E-1 2.63042E-1 2.47125E-1 2.29078E-1 2.00551E-1 2.14072E-1 2.43808E-1 2.67662E-1 3.04409E-1 3.14099E-1 3.1961E-1 3.09047E-1 2.72563E-1
1.56522E-1 1.66378E-1 1.5895E-1 1.53463E-1 1.505E-1 1.6287E-1 1.77579E-1 1.93527E-1 1.97435E-1 3.00816E-1 3.54174E-1 3.54057E-1 3.52944E-1 3.48007E-1 3.4331E-1 3.40163E-1 3.3488E-1 3.26053E-1 2.50649E-1 1.92673E-1 1.7638E-1 1.72864E-1 1.74794E-1 1.83529E-1 1.82901E-1 1.86483E-1 1.81216E-1 1.83979E-1 1.8697E-1 1.8574E-1 1.82598E-1 1.8029E-1 1.81828E-1 1.71752E-1 1.66505E-1 1.80576E-1 1.96784E-1 1.94953E-1 1.99457E-1 2.61873E-1 2.3825E-1 1.8342E-1 1.55442E-1 1.60943E-1 1.6355E-1 1.95063E-1 2.76929E-1 3.18202E-1 3.14231E-1 3.03767E-1 2.98565E-1 2.92698E-1 2.85176E-1 2.91152E-1 2.94446E-1 2.91629E-1 2.98958E-1 2.95226E-1 2.67264E-1 1.94176E-1 1.47384E-1
1.60545E-1 1.69267E-1 1.66101E-1 1.6234E-1 1.60713E-1 1.65952E-1 1.82087E-1 1.88737E-1 2.04063E-1 2.91055E-1 3.44354E-1 3.54105E-1 3.47563E-1 3.42342E-1 3.37583E-1 3.27089E-1 3.08672E-1 2.62248E-1 2.00159E-1 1.77896E-1 1.71453E-1 1.6787E-1 1.78352E-1 1.80564E-1 1.80264E-1 1.77822E-1 1.75434E-1 1.76697E-1 1.8873E-1 1.91924E-1 1.79041E-1 1.65509E-1 1.61048E-1 1.60592E-1 1.69133E-1 1.81204E-1 1.86506E-1 1.94881E-1 1.83246E-1 1.74647E-1 1.64131E-1 1.56996E-1 1.66145E-1 2.08704E-1 2.60514E-1 3.15446E-1 3.28568E-1 3.25801E-1 3.22541E-1 3.11396E-1 3.07007E-1 3.00586E-1 2.92091E-1 2.88383E-1 2.88417E-1 2.68158E-1 2.22494E-1 1.56998E-1 1.20701E-1 1.16533E-1 1.0792E-1
1.64293E-1 1.64754E-1 1.65841E-1 1.62021E-1 1.57093E-1 1.59974E-1 1.75982E-1 1.80631E-1 1.86608E-1 2.07997E-1 3.05129E-1 3.4116E-1 3.41178E-1 3.38989E-1 3.29777E-1 3.16893E-1 2.65194E-1 1.8592E-1 1.71908E-1 1.64689E-1 1.68227E-1 1.72833E-1 1.76232E-1 1.77999E-1 1.76752E-1 1.74288E-1 1.68868E-1 1.63839E-1 1.67603E-1 1.72103E-1 1.7243E-1 1.6603E-1 1.59269E-1 1.58796E-1 1.70477E-1 1.82703E-1 2.01261E-1 2.19545E-1 2.04843E-1 1.8161E-1 1.66013E-1 2.03267E-1 2.69171E-1 3.03114E-1 3.12183E-1 3.26241E-1 3.35103E-1 3.31096E-1 3.2699E-1 3.24557E-1 3.13479E-1 3.03861E-1 2.87688E-1 2.57748E-1 2.03382E-1 1.53384E-1 1.19351E-1 9.94604E-2 9.34532E-2 1.09468E-1 1.08852E-1
1.63408E-1 1.65071E-1 1.63598E-1 1.61671E-1 1.60947E-1 1.63001E-1 1.71494E-1 1.74065E-1 1.74617E-1 1.78037E-1 2.48315E-1 3.13889E-1 3.23155E-1 3.19948E-1 3.09235E-1 2.86737E-1 2.06939E-1 1.71581E-1 1.62985E-1 1.62562E-1 1.68745E-1 1.76322E-1 1.79591E-1 1.76022E-1 1.6902E-1 1.66333E-1 1.5972E-1 1.54493E-1 1.52368E-1 1.56079E-1 1.63166E-1 1.59968E-1 1.59027E-1 1.63796E-1 1.7405E-1 1.87945E-1 2.51429E-1 3.13579E-1 2.84218E-1 2.75731E-1 2.48651E-1 2.77614E-1 2.95905E-1 3.06068E-1 3.15393E-1 3.24041E-1 3.31216E-1 3.40177E-1 3.36535E-1 3.12433E-1 2.74523E-1 2.28837E-1 1.85475E-1 1.67438E-1 1.33153E-1 1.18236E-1 1.13298E-1 1.02335E-1 1.00569E-1 1.00109E-1 1.01697E-1
1.62398E-1 1.64428E-1 1.6915E-1 1.65469E-1 1.65515E-1 1.67395E-1 1.64821E-1 1.73868E-1 1.79986E-1 1.7746E-1 1.96948E-1 2.51419E-1 2.93053E-1 2.66433E-1 2.26718E-1 1.94637E-1 1.69728E-1 1.60575E-1 1.70008E-1 1.68701E-1 1.70484E-1 1.71652E-1 1.71185E-1 1.70413E-1 1.64277E-1 1.64255E-1 1.55688E-1 1.5213E-1 1.54079E-1 1.58057E-1 1.64039E-1 1.60985E-1 1.56356E-1 1.68291E-1 1.8689E-1 2.19025E-1 2.79394E-1 3.10134E-1 2.984E-1 2.83693E-1 2.86123E-1 2.9905E-1 2.94155E-1 2.99257E-1 3.0252E-1 3.12686E-1 3.17864E-1 2.84531E-1 2.46272E-1 1.96022E-1 1.75332E-1 1.56105E-1 1.45329E-1 1.38357E-1 1.2041E-1 1.13328E-1 1.09624E-1 1.06953E-1 1.04629E-1 1.05218E-1 1.02129E-1
1.58965E-1 1.64194E-1 1.73414E-1 1.71797E-1 1.71112E-1 1.67577E-1 1.67355E-1 1.81653E-1 1.73915E-1 1.8069E-1 1.89543E-1 1.91873E-1 1.9726E-1 1.88277E-1 1.72396E-1 1.57687E-1 1.55197E-1 1.57557E-1 1.61768E-1 1.61343E-1 1.6913E-1 1.64373E-1 1.60401E-1 1.63446E-1 1.61299E-1 1.5683E-1 1.56245E-1 1.54312E-1 1.57247E-1 1.61918E-1 1.63889E-1 1.5981E-1 1.64049E-1 1.801E-1 1.9015E-1 1.87722E-1 1.97807E-1 2.36156E-1 2.7351E-1 2.60566E-1 3.10848E-1 2.95675E-1 2.90581E-1 2.67664E-1 2.7024E-1 2.76738E-1 2.39075E-1 1.87813E-1 1.5106E-1 1.36319E-1 1.55877E-1 1.50618E-1 1.49841E-1 1.48086E-1 1.26469E-1 1.15504E-1 1.07805E-1 1.10803E-1 1.1227E-1 1.1229E-1 1.02081E-1
1.70103E-1 1.74285E-1 1.76513E-1 1.77069E-1 1.68861E-1 1.79628E-1 1.89758E-1 1.79631E-1 1.67201E-1 1.72789E-1 1.76733E-1 1.79912E-1 1.79579E-1 1.72929E-1 1.6211E-1 1.58642E-1 1.56636E-1 1.59188E-1 1.55752E-1 1.58956E-1 1.57566E-1 1.68272E-1 1.59671E-1 1.62118E-1 1.59224E-1 1.64269E-1 1.63928E-1 1.61877E-1 1.62546E-1 1.66987E-1 1.6724E-1 1.72134E-1 1.72199E-1 1.76382E-1 1.83145E-1 1.88096E-1 1.85399E-1 1.98192E-1 2.11586E-1 2.13158E-1 2.39368E-1 2.2907E-1 2.01976E-1 1.87571E-1 1.83148E-1 1.81082E-1 1.73905E-1 1.59464E-1 1.42083E-1 1.40824E-1 1.66267E-1 1.68975E-1 1.57741E-1 1.50022E-1 1.30547E-1 1.1855E-1 1.18219E-1 1.18795E-1 1.1424E-1 1.03257E-1 9.45302E-2
1.84744E-1 1.77365E-1 1.76501E-1 1.71274E-1 1.82782E-1 1.78733E-1 1.94208E-1 1.82406E-1 1.73358E-1 1.73638E-1 1.71119E-1 1.72186E-1 1.7744E-1 1.79212E-1 1.74753E-1 1.68815E-1 1.6623E-1 1.65587E-1 1.58234E-1 1.60538E-1 1.61763E-1 1.64721E-1 1.56067E-1 1.58986E-1 1.61486E-1 1.68965E-1 1.69741E-1 1.67625E-1 1.67297E-1 1.72239E-1 1.68229E-1 1.64402E-1 1.65944E-1 1.68934E-1 1.79699E-1 1.7595E-1 1.71907E-1 1.78213E-1 1.72512E-1 1.7357E-1 1.7791E-1 1.68445E-1 1.62879E-1 1.63946E-1 1.60377E-1 1.49205E-1 1.63961E-1 1.52998E-1 1.42309E-1 1.55304E-1 1.67875E-1 1.73251E-1 1.60297E-1 1.54161E-1 1.34166E-1 1.18581E-1 1.17172E-1 1.18604E-1 1.06367E-1 1.00863E-1 9.52777E-2
1.73557E-1 1.59093E-1 1.59204E-1 1.66447E-1 1.6461E-1 1.69964E-1 1.72556E-1 1.70003E-1 1.75331E-1 1.74155E-1 1.71828E-1 1.73496E-1 1.73344E-1 1.77332E-1 1.74231E-1 1.64864E-1 1.68301E-1 1.61103E-1 1.63339E-1 1.62369E-1 1.64205E-1 1.58633E-1 1.57814E-1 1.57477E-1 1.63281E-1 1.69415E-1 1.66479E-1 1.65235E-1 1.64066E-1 1.7184E-1 1.71912E-1 1.69924E-1 1.64875E-1 1.65221E-1 1.67047E-1 1.65613E-1 1.65425E-1 1.64298E-1 1.62925E-1 1.65101E-1 1.59275E-1 1.58616E-1 1.56952E-1 1.56388E-1 1.46101E-1 1.43202E-1 1.53961E-1 1.45834E-1 1.41583E-1 1.52456E-1 1.62451E-1 1.6332E-1 1.57523E-1 1.52762E-1 1.34032E-1 1.25255E-1 1.19951E-1 1.18246E-1 1.16602E-1 1.02448E-1 9.43368E-2
1.58359E-1 1.4794E-1 1.52768E-1 1.65206E-1 1.71468E-1 1.64573E-1 1.64301E-1 1.63526E-1 1.66092E-1 1.7108E-1 1.71039E-1 1.72925E-1 1.76076E-1 1.74023E-1 1.75537E-1 1.69255E-1 1.66355E-1 1.64532E-1 1.62423E-1 1.60588E-1 1.6429E-1 1.62251E-1 1.63029E-1 1.62834E-1 1.5732E-1 1.57117E-1 1.60406E-1 1.61081E-1 1.61287E-1 1.64304E-1 1.69827E-1 1.70188E-1 1.66475E-1 1.60555E-1 1.61771E-1 1.64843E-1 1.72422E-1 1.62303E-1 1.59051E-1 1.55077E-1 1.53131E-1 1.51744E-1 1.48221E-1 1.50331E-1 1.47627E-1 1.47082E-1 1.46051E-1 1.38411E-1 1.34534E-1 1.43498E-1 1.39352E-1 1.41788E-1 1.41455E-1 1.44957E-1 1.41014E-1 1.34275E-1 1.24794E-1 1.22956E-1 1.208E-1 1.12907E-1 9.83825E-2
1.53223E-1 1.56838E-1 1.54927E-1 1.64539E-1 1.71956E-1 1.70048E-1 1.63905E-1 1.64497E-1 1.66987E-1 1.73076E-1 1.70383E-1 1.67867E-1 1.69619E-1 1.73376E-1 1.74762E-1 1.73846E-1 1.67174E-1 1.67114E-1 1.63573E-1 1.63716E-1 1.60559E-1 1.58139E-1 1.60165E-1 1.55126E-1 1.54527E-1 1.51358E-1 1.53775E-1 1.54933E-1 1.59438E-1 1.62586E-1 1.73199E-1 1.7327E-1 1.61977E-1 1.51966E-1 1.55407E-1 1.6511E-1 1.70005E-1 1.64021E-1 1.55222E-1 1.49146E-1 1.42724E-1 1.47112E-1 1.42644E-1 1.53426E-1 1.54382E-1 1.41657E-1 1.42073E-1 1.41348E-1 1.38363E-1 1.3817E-1 1.32523E-1 1.38569E-1 1.46496E-1 1.45256E-1 1.46253E-1 1.39877E-1 1.31828E-1 1.27639E-1 1.31481E-1 1.15362E-1 1.0659E-1
1.63868E-1 1.63681E-1 1.63573E-1 1.63763E-1 1.6453E-1 1.62604E-1 1.62165E-1 1.63326E-1 1.63021E-1 1.69858E-1 1.65845E-1 1.65701E-1 1.67914E-1 1.72449E-1 1.74981E-1 1.76922E-1 1.64763E-1 1.6064E-1 1.53698E-1 1.49193E-1 1.49905E-1 1.49776E-1 1.49396E-1 1.51314E-1 1.49615E-1 1.48883E-1 1.51707E-1 1.50797E-1 1.62271E-1 1.76614E-1 1.66164E-1 1.60028E-1 1.56441E-1 1.49215E-1 1.51888E-1 1.59764E-1 1.70128E-1 1.64142E-1 1.5538E-1 1.39286E-1 1.34267E-1 1.34012E-1 1.39717E-1 1.45003E-1 1.53985E-1 1.4087E-1 1.41692E-1 1.43448E-1 1.47499E-1 1.42591E-1 1.38937E-1 1.44132E-1 1.48286E-1 1.49934E-1 1.52397E-1 1.46605E-1 1.44504E-1 1.40515E-1 1.32593E-1 1.21018E-1 1.07993E-1
