maxent_outputs/hummingbirds/hummingbird_271.asc
ncols         426
nrows         180
xllcorner     -130.0
yllcorner     24.0
cellsize      0.16666666666666666
NODATA_value  -9999
[rows 0 to 26 of 180, columns 61 to 121 of 426]
1.83847E-1 1.89893E-1 2.2922E-1 2.34169E-1 2.2556E-1 2.21799E-1 2.17522E-1 2.08581E-1 2.03346E-1 1.96771E-1 1.88888E-1 1.77058E-1 1.71939E-1 1.70103E-1 1.61389E-1 1.56349E-1 1.6199E-1 1.58033E-1 1.5395E-1 1.45292E-1 1.44805E-1 1.4418E-1 1.4256E-1 1.36051E-1 1.3918E-1 1.40614E-1 1.34158E-1 1.12773E-1 1.087E-1 1.05371E-1 1.06147E-1 1.11943E-1 1.24342E-1 1.20519E-1 1.2161E-1 1.13062E-1 1.10607E-1 1.05154E-1 1.10845E-1 1.13522E-1 1.08405E-1 1.11946E-1 1.08403E-1 1.1087E-1 1.11777E-1 1.09621E-1 1.12799E-1 1.12677E-1 1.11384E-1 1.07308E-1 1.05036E-1 1.08738E-1 1.05546E-1 1.04938E-1 1.05028E-1 1.01472E-1 1.01775E-1 1.00975E-1 1.01721E-1 9.93865E-2 1.04684E-1
1.79399E-1 1.81507E-1 2.21215E-1 2.08464E-1 2.09583E-1 2.18582E-1 2.15224E-1 2.11262E-1 2.0129E-1 1.97312E-1 1.91417E-1 1.85515E-1 1.79409E-1 1.75772E-1 1.69079E-1 1.66548E-1 1.63623E-1 1.5447E-1 1.51363E-1 1.53256E-1 1.49316E-1 1.33873E-1 1.21876E-1 1.15583E-1 1.1342E-1 1.11925E-1 1.27116E-1 1.13188E-1 1.13124E-1 1.18601E-1 1.2745E-1 1.30684E-1 1.37462E-1 1.24208E-1 1.33272E-1 1.28007E-1 1.07255E-1 1.09987E-1 1.08998E-1 1.14611E-1 1.20624E-1 1.24597E-1 1.31127E-1 1.17612E-1 1.18298E-1 1.17447E-1 1.11521E-1 1.12957E-1 1.11737E-1 1.10707E-1 1.09373E-1 1.08242E-1 1.05942E-1 1.03869E-1 1.02781E-1 1.00882E-1 9.76231E-2 9.70846E-2 9.62449E-2 9.35659E-2 9.53411E-2
1.79152E-1 1.83137E-1 1.84019E-1 1.96774E-1 1.72327E-1 1.81537E-1 1.8452E-1 1.91737E-1 1.97692E-1 2.00452E-1 1.83971E-1 1.84427E-1 1.81349E-1 1.75718E-1 1.56577E-1 1.59321E-1 1.63826E-1 1.61485E-1 1.56013E-1 1.42886E-1 1.36223E-1 1.3352E-1 1.29609E-1 1.30401E-1 1.2481E-1 1.27155E-1 1.25624E-1 1.11924E-1 1.08402E-1 1.13992E-1 1.3119E-1 1.39962E-1 1.3872E-1 1.33108E-1 1.3754E-1 1.34321E-1 1.25727E-1 1.42137E-1 1.44733E-1 1.36567E-1 1.30334E-1 1.3498E-1 1.33063E-1 1.20297E-1 1.14557E-1 1.18471E-1 1.14117E-1 1.12809E-1 1.14882E-1 1.12393E-1 1.10716E-1 1.08595E-1 1.09863E-1 1.05467E-1 1.02605E-1 1.0046E-1 9.77595E-2 9.73607E-2 9.5495E-2 9.1987E-2 8.87276E-2
1.72897E-1 1.67447E-1 1.57576E-1 1.83953E-1 1.69624E-1 1.60105E-1 1.66221E-1 1.84763E-1 1.98467E-1 2.08348E-1 1.95284E-1 1.74408E-1 1.6895E-1 1.59523E-1 1.56536E-1 1.56824E-1 1.60543E-1 1.57825E-1 1.54553E-1 1.44257E-1 1.51194E-1 1.49019E-1 1.42085E-1 1.39575E-1 1.39257E-1 1.36419E-1 1.38584E-1 1.29089E-1 1.26098E-1 1.1791E-1 1.13427E-1 1.2429E-1 1.43652E-1 1.28954E-1 1.28215E-1 1.18388E-1 1.27187E-1 1.30655E-1 1.30543E-1 1.2657E-1 1.38369E-1 1.38708E-1 1.39355E-1 1.38016E-1 1.17493E-1 1.14971E-1 1.15244E-1 1.12126E-1 1.13422E-1 1.13359E-1 1.12643E-1 1.11943E-1 1.0926E-1 1.05433E-1 1.03065E-1 1.0127E-1 9.9495E-2 1.01824E-1 9.91574E-2 9.60413E-2 9.22405E-2
1.91613E-1 1.85076E-1 1.67005E-1 1.6669E-1 1.54858E-1 1.50067E-1 1.68579E-1 1.80899E-1 1.88336E-1 1.96549E-1 2.00225E-1 1.82253E-1 1.72612E-1 1.62923E-1 1.57754E-1 1.64314E-1 1.62428E-1 1.59843E-1 1.57758E-1 1.45358E-1 1.49363E-1 1.48818E-1 1.46787E-1 1.42896E-1 1.35176E-1 1.33442E-1 1.27384E-1 1.26446E-1 1.17836E-1 1.2097E-1 1.23307E-1 1.30172E-1 1.38166E-1 1.39598E-1 1.37425E-1 1.34032E-1 1.32016E-1 1.29777E-1 1.242E-1 1.1705E-1 1.20213E-1 1.30854E-1 1.3433E-1 1.33647E-1 1.27914E-1 1.24501E-1 1.22348E-1 1.14198E-1 1.15089E-1 1.18993E-1 1.15267E-1 1.18234E-1 1.11759E-1 1.10434E-1 1.08588E-1 1.06298E-1 1.04909E-1 1.04831E-1 1.03515E-1 1.01541E-1 9.63399E-2
2.08978E-1 2.07135E-1 1.86156E-1 1.82421E-1 1.76124E-1 1.58096E-1 1.50967E-1 1.57976E-1 1.6599E-1 1.85915E-1 1.97248E-1 1.94734E-1 1.88519E-1 1.79573E-1 1.71882E-1 1.63779E-1 1.64781E-1 1.64516E-1 1.58321E-1 1.53469E-1 1.5223E-1 1.47063E-1 1.44977E-1 1.43732E-1 1.42165E-1 1.37402E-1 1.41075E-1 1.37191E-1 1.34438E-1 1.28674E-1 1.30349E-1 1.33724E-1 1.36933E-1 1.41682E-1 1.50163E-1 1.47075E-1 1.42611E-1 1.36728E-1 1.29268E-1 1.25058E-1 1.23085E-1 1.17332E-1 1.19361E-1 1.24487E-1 1.21344E-1 1.18712E-1 1.1965E-1 1.13902E-1 1.15025E-1 1.19752E-1 1.18555E-1 1.1702E-1 1.07848E-1 1.06523E-1 1.08145E-1 1.06932E-1 1.061E-1 1.02852E-1 1.00991E-1 9.82367E-2 9.84886E-2
1.77857E-1 1.93437E-1 2.06034E-1 2.07495E-1 1.85556E-1 1.8579E-1 1.83301E-1 1.77711E-1 1.8332E-1 1.92853E-1 1.90891E-1 1.90958E-1 1.79542E-1 1.74654E-1 1.70075E-1 1.7583E-1 1.66587E-1 1.60698E-1 1.55298E-1 1.54628E-1 1.50191E-1 1.45131E-1 1.44217E-1 1.45891E-1 1.43225E-1 1.36953E-1 1.43067E-1 1.4594E-1 1.4741E-1 1.25518E-1 1.34917E-1 1.30975E-1 1.34061E-1 1.35218E-1 1.42602E-1 1.38077E-1 1.35915E-1 1.39941E-1 1.35995E-1 1.30276E-1 1.30515E-1 1.2503E-1 1.26688E-1 1.20367E-1 1.13746E-1 1.12937E-1 1.15687E-1 1.11768E-1 1.09795E-1 1.18433E-1 1.19802E-1 1.172E-1 1.10091E-1 1.08172E-1 1.07661E-1 1.0415E-1 1.07133E-1 9.95094E-2 9.56007E-2 9.73797E-2 9.67663E-2
1.62683E-1 1.78599E-1 1.99656E-1 2.09791E-1 2.09645E-1 1.84834E-1 1.7816E-1 1.96714E-1 1.87057E-1 1.61195E-1 1.79082E-1 1.82711E-1 1.60176E-1 1.5025E-1 1.61612E-1 1.68105E-1 1.70214E-1 1.67849E-1 1.56835E-1 1.49902E-1 1.45732E-1 1.46429E-1 1.45645E-1 1.47117E-1 1.4392E-1 1.45689E-1 1.46023E-1 1.45479E-1 1.47427E-1 1.43962E-1 1.41389E-1 1.29821E-1 1.26077E-1 1.2256E-1 1.35607E-1 1.36318E-1 1.31277E-1 1.3625E-1 1.38779E-1 1.39648E-1 1.39708E-1 1.33973E-1 1.35013E-1 1.37424E-1 1.29585E-1 1.2433E-1 1.21843E-1 1.16936E-1 1.16432E-1 1.12648E-1 1.13085E-1 1.15372E-1 1.0985E-1 1.07046E-1 1.05627E-1 1.09053E-1 1.05851E-1 9.91487E-2 1.00777E-1 9.7233E-2 1.02156E-1
1.74202E-1 1.8058E-1 1.87936E-1 2.04254E-1 2.05113E-1 1.97161E-1 1.91279E-1 1.73332E-1 1.50477E-1 1.39498E-1 1.74903E-1 1.57942E-1 1.62843E-1 1.4597E-1 1.24795E-1 1.24888E-1 1.49129E-1 1.61626E-1 1.64555E-1 1.63144E-1 1.53747E-1 1.4926E-1 1.42534E-1 1.41024E-1 1.42534E-1 1.3967E-1 1.45371E-1 1.46789E-1 1.44765E-1 1.40712E-1 1.34958E-1 1.28675E-1 1.14459E-1 1.26152E-1 1.36542E-1 1.41565E-1 1.33253E-1 1.38784E-1 1.41031E-1 1.4006E-1 1.40859E-1 1.40055E-1 1.36206E-1 1.3777E-1 1.33044E-1 1.33834E-1 1.28713E-1 1.22815E-1 1.19077E-1 1.22453E-1 1.22299E-1 1.22747E-1 1.19348E-1 1.13633E-1 1.11094E-1 1.11714E-1 1.1121E-1 1.07426E-1 1.12598E-1 1.10852E-1 1.08892E-1
1.96992E-1 1.83078E-1 1.96612E-1 2.00383E-1 1.99668E-1 1.70874E-1 2.02251E-1 1.99855E-1 1.83255E-1 1.43721E-1 1.38157E-1 1.34297E-1 1.47686E-1 1.50054E-1 1.34953E-1 1.23572E-1 1.32484E-1 1.56166E-1 1.44054E-1 1.6641E-1 1.59192E-1 1.49685E-1 1.45585E-1 1.42501E-1 1.43109E-1 1.41679E-1 1.4384E-1 1.4647E-1 1.4753E-1 1.31732E-1 1.09802E-1 1.15769E-1 1.19121E-1 1.32178E-1 1.34527E-1 1.34999E-1 1.34113E-1 1.39389E-1 1.39659E-1 1.41086E-1 1.38403E-1 1.47714E-1 1.41126E-1 1.37652E-1 1.31182E-1 1.34586E-1 1.42055E-1 1.343E-1 1.26603E-1 1.18034E-1 1.19566E-1 1.18712E-1 1.17628E-1 1.14319E-1 1.08247E-1 1.11333E-1 1.05432E-1 1.05393E-1 1.03732E-1 1.02964E-1 1.08571E-1
2.00008E-1 1.97372E-1 1.88993E-1 1.96077E-1 1.99057E-1 1.6549E-1 1.69803E-1 2.04435E-1 1.88556E-1 1.46294E-1 1.52451E-1 1.2132E-1 1.24948E-1 1.34028E-1 1.26416E-1 1.24165E-1 1.25222E-1 1.20986E-1 1.36648E-1 1.62848E-1 1.64514E-1 1.60072E-1 1.53535E-1 1.49631E-1 1.4434E-1 1.44526E-1 1.44601E-1 1.44483E-1 1.43022E-1 1.37094E-1 1.27936E-1 1.2365E-1 1.18449E-1 1.05388E-1 1.2535E-1 1.28224E-1 1.37814E-1 1.42899E-1 1.41161E-1 1.4077E-1 1.40791E-1 1.40172E-1 1.39695E-1 1.39314E-1 1.35058E-1 1.28978E-1 1.30169E-1 1.33929E-1 1.36796E-1 1.26712E-1 1.08728E-1 1.13921E-1 1.18797E-1 1.16167E-1 1.15058E-1 1.14185E-1 1.12115E-1 1.09828E-1 1.10152E-1 1.0762E-1 1.12931E-1
2.02164E-1 2.00431E-1 1.96454E-1 1.94862E-1 1.99273E-1 1.69087E-1 1.67658E-1 1.9341E-1 1.99867E-1 1.8837E-1 1.74924E-1 1.37084E-1 1.32803E-1 1.26167E-1 1.33047E-1 1.2387E-1 1.33518E-1 1.38274E-1 1.38696E-1 1.59845E-1 1.69987E-1 1.61176E-1 1.61146E-1 1.56952E-1 1.49186E-1 1.47859E-1 1.45136E-1 1.41966E-1 1.39844E-1 1.41062E-1 1.40423E-1 1.38802E-1 1.33925E-1 1.27715E-1 1.26393E-1 1.34597E-1 1.37238E-1 1.39006E-1 1.40169E-1 1.39205E-1 1.41047E-1 1.39539E-1 1.39266E-1 1.37367E-1 1.2864E-1 1.26565E-1 1.35377E-1 1.16992E-1 1.10267E-1 1.11702E-1 1.0968E-1 1.01153E-1 1.05808E-1 1.07925E-1 1.03426E-1 1.08005E-1 1.08962E-1 1.11057E-1 1.11473E-1 1.13664E-1 1.15383E-1
2.07194E-1 1.99508E-1 1.98421E-1 1.98512E-1 1.9686E-1 1.80688E-1 1.83594E-1 1.9747E-1 1.8258E-1 1.63442E-1 1.75153E-1 1.90405E-1 1.53794E-1 1.28466E-1 1.30342E-1 1.36892E-1 1.18671E-1 1.33051E-1 1.51107E-1 1.47916E-1 1.46094E-1 1.31387E-1 1.50593E-1 1.62564E-1 1.57629E-1 1.5516E-1 1.53154E-1 1.52179E-1 1.43313E-1 1.41204E-1 1.40909E-1 1.37873E-1 1.41522E-1 1.4091E-1 1.4186E-1 1.39704E-1 1.33953E-1 1.33677E-1 1.30762E-1 1.29172E-1 1.33182E-1 1.33259E-1 1.2155E-1 1.34634E-1 1.28356E-1 1.205E-1 1.29635E-1 1.22265E-1 1.20177E-1 1.03281E-1 9.44882E-2 9.42317E-2 9.57748E-2 8.58368E-2 9.40483E-2 1.01341E-1 9.73494E-2 9.89992E-2 1.01619E-1 1.05499E-1 1.08366E-1
2.09399E-1 2.0948E-1 2.03545E-1 2.0145E-1 2.02937E-1 1.84094E-1 1.90385E-1 1.99261E-1 1.83508E-1 1.52864E-1 1.41476E-1 1.33822E-1 1.70436E-1 1.73005E-1 1.61814E-1 1.41733E-1 1.23088E-1 1.16236E-1 1.28299E-1 1.30005E-1 1.24718E-1 1.19392E-1 1.483E-1 1.52757E-1 1.59339E-1 1.58861E-1 1.57301E-1 1.55349E-1 1.47529E-1 1.46252E-1 1.42518E-1 1.419E-1 1.37875E-1 1.3679E-1 1.38157E-1 1.33245E-1 1.35534E-1 1.31631E-1 1.33669E-1 1.30823E-1 1.25263E-1 1.3116E-1 1.2091E-1 1.24087E-1 1.30399E-1 1.30017E-1 1.25137E-1 1.24074E-1 1.29616E-1 1.06854E-1 9.58953E-2 9.25996E-2 9.95886E-2 9.3244E-2 9.03392E-2 1.03955E-1 1.04919E-1 9.7279E-2 9.50644E-2 9.70995E-2 9.64926E-2
2.20556E-1 2.18168E-1 2.18291E-1 2.09228E-1 2.04323E-1 1.96103E-1 1.93005E-1 1.98336E-1 2.01437E-1 1.92079E-1 1.74297E-1 1.30028E-1 1.51418E-1 1.61194E-1 1.75528E-1 1.58013E-1 1.46556E-1 1.33401E-1 1.24354E-1 1.15455E-1 1.1807E-1 1.22001E-1 1.17615E-1 1.50881E-1 1.55958E-1 1.58623E-1 1.62985E-1 1.5941E-1 1.54949E-1 1.46545E-1 1.47218E-1 1.46029E-1 1.42472E-1 1.3969E-1 1.46888E-1 1.41865E-1 1.38301E-1 1.34665E-1 1.34541E-1 1.33564E-1 1.3198E-1 1.29609E-1 1.20717E-1 1.16579E-1 1.32113E-1 1.43197E-1 1.42534E-1 1.25864E-1 1.28904E-1 1.18307E-1 1.00431E-1 9.90016E-2 9.50299E-2 9.9813E-2 9.95736E-2 1.01669E-1 1.02274E-1 9.96146E-2 1.02242E-1 1.01992E-1 9.75672E-2
2.1626E-1 2.12671E-1 2.48326E-1 2.07803E-1 2.04145E-1 2.0637E-1 2.01406E-1 1.97995E-1 2.13281E-1 1.95029E-1 1.71146E-1 1.41979E-1 1.45622E-1 1.55863E-1 1.7274E-1 1.60706E-1 1.75738E-1 1.63267E-1 1.31475E-1 1.37307E-1 1.28521E-1 1.3525E-1 1.37227E-1 1.20437E-1 1.42512E-1 1.52527E-1 1.62133E-1 1.62384E-1 1.61427E-1 1.55113E-1 1.52884E-1 1.50563E-1 1.46965E-1 1.47673E-1 1.50225E-1 1.5257E-1 1.42259E-1 1.35702E-1 1.31822E-1 1.3246E-1 1.32552E-1 1.33933E-1 1.34094E-1 1.26705E-1 1.20887E-1 1.33617E-1 1.40069E-1 1.3556E-1 1.25369E-1 1.19092E-1 9.91177E-2 1.02086E-1 1.05589E-1 1.07269E-1 9.94369E-2 1.02961E-1 1.04568E-1 1.01265E-1 9.94199E-2 1.03535E-1 1.03553E-1
2.26594E-1 2.45397E-1 2.4231E-1 2.22912E-1 2.14489E-1 2.52974E-1 2.07518E-1 1.9439E-1 1.81587E-1 2.08107E-1 1.80122E-1 1.52621E-1 1.6422E-1 1.52822E-1 1.46696E-1 1.44085E-1 1.5819E-1 1.82096E-1 1.71366E-1 1.57749E-1 1.31516E-1 1.21131E-1 1.34285E-1 1.5218E-1 1.49701E-1 1.56472E-1 1.64869E-1 1.66352E-1 1.65518E-1 1.66089E-1 1.63634E-1 1.59026E-1 1.50587E-1 1.50064E-1 1.51073E-1 1.53184E-1 1.55524E-1 1.48868E-1 1.42185E-1 1.38422E-1 1.33147E-1 1.36397E-1 1.36744E-1 1.40156E-1 1.42299E-1 1.36128E-1 1.31432E-1 1.23096E-1 1.07783E-1 9.69406E-2 9.13148E-2 9.48626E-2 1.05404E-1 1.15603E-1 1.01369E-1 1.0465E-1 1.05282E-1 9.55657E-2 1.0089E-1 1.04717E-1 1.04939E-1
2.61998E-1 2.58522E-1 2.16092E-1 2.14082E-1 2.39856E-1 2.84421E-1 2.14149E-1 2.06467E-1 2.03089E-1 2.11451E-1 1.85278E-1 1.89395E-1 1.62087E-1 1.51636E-1 1.34266E-1 1.46517E-1 1.51642E-1 1.67295E-1 1.76194E-1 1.73142E-1 1.50852E-1 1.36238E-1 1.28858E-1 1.33463E-1 1.41967E-1 1.62761E-1 1.67081E-1 1.62436E-1 1.72158E-1 1.77174E-1 1.6879E-1 1.61482E-1 1.51344E-1 1.61923E-1 1.73167E-1 1.60566E-1 1.4942E-1 1.44322E-1 1.45376E-1 1.46506E-1 1.37285E-1 1.32518E-1 1.2862E-1 1.35713E-1 1.40996E-1 1.38615E-1 1.27705E-1 1.0765E-1 9.768E-2 9.60998E-2 8.64393E-2 8.51527E-2 8.44362E-2 9.25306E-2 1.01332E-1 1.0613E-1 1.14778E-1 1.01804E-1 9.57653E-2 9.87571E-2 1.05142E-1
2.44464E-1 2.91985E-1 3.14214E-1 3.0476E-1 3.10497E-1 2.65709E-1 2.33794E-1 2.18597E-1 2.17261E-1 2.15314E-1 2.22859E-1 1.93103E-1 1.66303E-1 1.82822E-1 1.52464E-1 1.52715E-1 1.49513E-1 1.55579E-1 1.54165E-1 1.68462E-1 1.7391E-1 1.68607E-1 1.55936E-1 1.45724E-1 1.34009E-1 1.21827E-1 1.49306E-1 1.58447E-1 1.64535E-1 1.67126E-1 1.65817E-1 1.62635E-1 1.62958E-1 1.52125E-1 1.58494E-1 1.49934E-1 1.37534E-1 1.39408E-1 1.45779E-1 1.42634E-1 1.42782E-1 1.38706E-1 1.41083E-1 1.4088E-1 1.44311E-1 1.42703E-1 1.34719E-1 1.23579E-1 1.21372E-1 1.14286E-1 1.08609E-1 1.20412E-1 1.27866E-1 1.2148E-1 1.13831E-1 1.18119E-1 1.23032E-1 1.10187E-1 1.08389E-1 1.12308E-1 1.08531E-1
2.61214E-1 2.46035E-1 2.60647E-1 3.20426E-1 3.07441E-1 2.44155E-1 2.42099E-1 2.52868E-1 2.14418E-1 1.99028E-1 2.14041E-1 2.43391E-1 2.28257E-1 1.87022E-1 1.70339E-1 1.69649E-1 1.66103E-1 1.51584E-1 1.42992E-1 1.52778E-1 1.70506E-1 1.76434E-1 1.81703E-1 1.66291E-1 1.46154E-1 1.37414E-1 1.2729E-1 1.44382E-1 1.59392E-1 1.6765E-1 1.71602E-1 1.72167E-1 1.63483E-1 1.50685E-1 1.51E-1 1.51577E-1 1.45095E-1 1.46697E-1 1.5371E-1 1.49301E-1 1.52637E-1 1.5219E-1 1.46388E-1 1.5055E-1 1.49305E-1 1.47816E-1 1.46126E-1 1.47542E-1 1.44135E-1 1.43875E-1 1.3901E-1 1.39826E-1 1.3615E-1 1.31028E-1 1.3359E-1 1.24967E-1 1.10971E-1 1.13278E-1 1.23119E-1 1.1575E-1 1.14285E-1
2.34899E-1 2.31047E-1 2.51983E-1 2.73149E-1 2.86069E-1 2.7052E-1 3.07169E-1 2.31708E-1 2.20123E-1 2.079E-1 1.9609E-1 2.81997E-1 2.10183E-1 2.00004E-1 2.02681E-1 1.80527E-1 1.70529E-1 1.70616E-1 1.52831E-1 1.48585E-1 1.71055E-1 1.79032E-1 1.83171E-1 1.79319E-1 1.65982E-1 1.5335E-1 1.36859E-1 1.3551E-1 1.4048E-1 1.57513E-1 1.75339E-1 1.75853E-1 1.73163E-1 1.64617E-1 1.65162E-1 1.59442E-1 1.46282E-1 1.37791E-1 1.39836E-1 1.44711E-1 1.55024E-1 1.604E-1 1.52901E-1 1.52037E-1 1.53358E-1 1.50621E-1 1.46101E-1 1.49192E-1 1.47575E-1 1.38861E-1 1.25533E-1 1.30122E-1 1.38219E-1 1.35136E-1 1.33184E-1 1.24474E-1 1.20858E-1 1.24906E-1 1.22144E-1 1.18066E-1 1.1392E-1
2.4427E-1 2.41275E-1 2.7531E-1 2.92349E-1 2.46762E-1 2.64247E-1 2.90737E-1 2.3707E-1 2.34675E-1 2.09066E-1 2.14E-1 3.06599E-1 2.08516E-1 2.02251E-1 1.86195E-1 1.8979E-1 1.89743E-1 2.24822E-1 1.6441E-1 1.49964E-1 1.65902E-1 1.7153E-1 1.81864E-1 1.8381E-1 1.7837E-1 1.71837E-1 1.50652E-1 1.27721E-1 1.32323E-1 1.39425E-1 1.63891E-1 1.71439E-1 1.74561E-1 1.73707E-1 1.74674E-1 1.77378E-1 1.66977E-1 1.53239E-1 1.45786E-1 1.47195E-1 1.54092E-1 1.6107E-1 1.55806E-1 1.57184E-1 1.59579E-1 1.51826E-1 1.49362E-1 1.54021E-1 1.46986E-1 1.41396E-1 1.34903E-1 1.35528E-1 1.33777E-1 1.32759E-1 1.30297E-1 1.26994E-1 1.24894E-1 1.2389E-1 1.24675E-1 1.22428E-1 1.20865E-1
2.38865E-1 2.4799E-1 3.58359E-1 3.14974E-1 2.66712E-1 2.79749E-1 2.64118E-1 2.65955E-1 2.33373E-1 2.20185E-1 2.23976E-1 2.76499E-1 2.63112E-1 2.03884E-1 1.94928E-1 1.77004E-1 1.96301E-1 2.40354E-1 1.85179E-1 1.54997E-1 1.65504E-1 1.7517E-1 1.82072E-1 1.87351E-1 1.82916E-1 1.73697E-1 1.58736E-1 1.39624E-1 1.41785E-1 1.36747E-1 1.5492E-1 1.74256E-1 1.7597E-1 1.77024E-1 1.751E-1 1.8426E-1 1.83329E-1 1.72463E-1 1.62032E-1 1.55588E-1 1.52054E-1 1.59886E-1 1.67414E-1 1.69335E-1 1.69461E-1 1.64265E-1 1.58904E-1 1.51112E-1 1.54126E-1 1.41459E-1 1.37194E-1 1.35884E-1 1.33929E-1 1.32731E-1 1.31283E-1 1.3327E-1 1.24934E-1 1.20951E-1 1.21936E-1 1.21694E-1 1.18817E-1
2.27323E-1 2.59517E-1 3.66438E-1 2.30201E-1 2.20731E-1 2.31909E-1 2.26019E-1 2.20423E-1 2.20608E-1 2.2063E-1 2.39861E-1 2.65649E-1 2.28415E-1 2.12953E-1 2.43858E-1 2.01361E-1 1.97482E-1 2.50317E-1 1.93751E-1 1.71153E-1 1.69435E-1 1.8667E-1 1.84146E-1 1.80013E-1 1.8919E-1 1.72001E-1 1.61489E-1 1.52035E-1 1.46183E-1 1.39332E-1 1.44753E-1 1.77231E-1 1.78273E-1 1.81417E-1 1.86079E-1 1.8348E-1 1.84401E-1 1.83548E-1 1.78381E-1 1.6798E-1 1.65275E-1 1.67701E-1 1.74735E-1 1.72801E-1 1.70845E-1 1.7225E-1 1.70481E-1 1.58106E-1 1.59382E-1 1.50237E-1 1.40247E-1 1.41586E-1 1.43206E-1 1.45366E-1 1.4942E-1 1.44269E-1 1.30765E-1 1.30449E-1 1.34953E-1 1.29619E-1 1.23847E-1
2.43478E-1 2.96174E-1 3.57819E-1 2.42313E-1 2.3335E-1 2.29036E-1 2.2535E-1 2.20275E-1 2.27051E-1 2.5159E-1 3.1653E-1 2.62809E-1 2.19521E-1 2.05338E-1 2.67193E-1 2.18736E-1 2.06822E-1 2.66375E-1 2.04066E-1 1.66125E-1 1.68149E-1 1.71889E-1 1.8911E-1 1.85083E-1 1.91287E-1 1.83517E-1 1.60348E-1 1.52256E-1 1.56865E-1 1.53924E-1 1.47434E-1 1.74613E-1 1.78041E-1 1.86102E-1 1.83407E-1 1.86149E-1 1.87921E-1 1.86618E-1 1.83786E-1 1.81533E-1 1.80937E-1 1.83437E-1 1.91523E-1 1.8921E-1 1.80551E-1 1.76781E-1 1.78817E-1 1.64152E-1 1.64008E-1 1.54491E-1 1.58263E-1 1.54648E-1 1.52178E-1 1.56097E-1 1.59067E-1 1.48389E-1 1.44514E-1 1.45637E-1 1.42406E-1 1.38154E-1 1.37358E-1
3.4335E-1 3.04376E-1 2.52548E-1 2.28345E-1 2.22273E-1 2.28991E-1 2.16464E-1 2.27591E-1 2.36475E-1 2.46505E-1 3.0664E-1 2.26879E-1 2.22043E-1 2.35656E-1 2.54937E-1 2.07207E-1 2.02191E-1 2.80769E-1 2.29794E-1 1.94957E-1 1.96521E-1 1.89089E-1 1.92695E-1 1.8084E-1 1.9255E-1 1.92426E-1 1.71175E-1 1.67505E-1 1.60223E-1 1.66767E-1 1.58108E-1 1.73457E-1 1.81249E-1 1.86492E-1 1.74794E-1 1.89391E-1 1.85425E-1 2.00171E-1 1.99227E-1 1.95403E-1 1.92809E-1 2.0133E-1 2.00956E-1 2.00093E-1 1.97775E-1 1.95234E-1 1.94476E-1 1.7873E-1 1.73488E-1 1.67741E-1 1.61936E-1 1.505E-1 1.46398E-1 1.49856E-1 1.48301E-1 1.43966E-1 1.43921E-1 1.43311E-1 1.4307E-1 1.42507E-1 1.4173E-1
2.87374E-1 3.52311E-1 2.45102E-1 2.219E-1 2.19694E-1 2.15659E-1 2.23819E-1 2.36228E-1 2.3972E-1 2.52591E-1 3.13723E-1 2.3171E-1 2.49954E-1 2.72269E-1 2.3983E-1 2.49612E-1 2.57571E-1 2.80519E-1 2.84865E-1 1.99119E-1 1.94764E-1 1.98027E-1 1.9579E-1 1.86474E-1 1.93802E-1 1.96679E-1 1.75051E-1 1.71258E-1 1.63106E-1 1.70002E-1 1.70515E-1 1.72614E-1 1.88846E-1 2.04536E-1 2.00498E-1 1.97811E-1 2.0009E-1 1.93262E-1 1.9854E-1 2.0153E-1 1.93998E-1 1.99099E-1 1.96489E-1 1.94677E-1 1.92698E-1 1.92123E-1 1.90668E-1 1.82436E-1 1.7064E-1 1.69107E-1 1.61964E-1 1.55014E-1 1.47345E-1 1.38722E-1 1.32223E-1 1.20856E-1 1.22659E-1 1.25737E-1 1.32534E-1 1.35363E-1 1.3518E-1
