maxent_outputs/hummingbirds/hummingbird_81.asc
ncols         426
nrows         180
xllcorner     -130.0
yllcorner     24.0
cellsize      0.16666666666666666
NODATA_value  -9999
[rows 27 to 53 of 180, columns 183 to 243 of 426]
4.29103E-2 4.33318E-2 4.23043E-2 4.21367E-2 3.93048E-2 3.97137E-2 4.21064E-2 4.54448E-2 4.29332E-2 4.09736E-2 3.83892E-2 3.96062E-2 4.09397E-2 4.17315E-2 4.37652E-2 4.6832E-2 4.62636E-2 4.09089E-2 4.0165E-2 4.06132E-2 4.12702E-2 4.53211E-2 4.55288E-2 4.57435E-2 4.49111E-2 4.63503E-2 5.08847E-2 5.43439E-2 5.67229E-2 5.42343E-2 5.50786E-2 5.34882E-2 5.3566E-2 5.36622E-2 5.24418E-2 5.20567E-2 4.81736E-2 4.68141E-2 4.4837E-2 4.64529E-2 4.85584E-2 4.28468E-2 4.4195E-2 4.15933E-2 3.46478E-2 3.43722E-2 3.26422E-2 3.15706E-2 3.11872E-2 3.14354E-2 2.95392E-2 2.79751E-2 2.74157E-2 2.94348E-2 2.87316E-2 2.97762E-2 2.91457E-2 2.75132E-2 2.60315E-2 2.57107E-2 2.67869E-2
4.26959E-2 4.44446E-2 4.44725E-2 4.31367E-2 4.09072E-2 4.02536E-2 4.12919E-2 4.53766E-2 4.68829E-2 4.40904E-2 4.10469E-2 4.01916E-2 4.14523E-2 4.4264E-2 4.41743E-2 4.81792E-2 4.6748E-2 4.22072E-2 3.98579E-2 3.93576E-2 3.94229E-2 4.34574E-2 4.60968E-2 4.68806E-2 4.74977E-2 4.93675E-2 5.12257E-2 5.98613E-2 6.17755E-2 5.72611E-2 5.45829E-2 5.54768E-2 5.62958E-2 5.31651E-2 5.23216E-2 5.26176E-2 5.10159E-2 4.68938E-2 4.63699E-2 4.8853E-2 4.30127E-2 4.04655E-2 4.01349E-2 3.98853E-2 3.74595E-2 3.68774E-2 3.83717E-2 3.41452E-2 3.389E-2 3.51908E-2 3.39748E-2 2.85708E-2 2.77391E-2 2.77587E-2 2.62175E-2 2.91894E-2 2.69019E-2 2.64096E-2 2.50512E-2 2.66686E-2 2.69639E-2
4.77218E-2 4.59798E-2 4.57741E-2 4.23119E-2 4.08213E-2 4.35214E-2 4.47162E-2 4.72555E-2 5.23291E-2 4.84239E-2 4.45698E-2 4.31481E-2 4.50327E-2 4.73625E-2 4.66572E-2 4.89488E-2 4.83751E-2 4.59876E-2 4.32116E-2 3.99978E-2 4.06876E-2 4.07606E-2 4.42838E-2 4.57995E-2 4.96258E-2 6.04781E-2 6.44321E-2 6.58392E-2 6.45226E-2 6.00733E-2 6.38719E-2 5.50276E-2 5.29993E-2 5.14911E-2 5.05013E-2 5.15589E-2 5.09981E-2 4.99813E-2 4.78354E-2 4.59215E-2 4.58984E-2 4.30596E-2 4.11858E-2 4.18488E-2 4.22898E-2 4.90719E-2 4.56241E-2 4.13087E-2 3.74352E-2 4.0635E-2 3.8767E-2 3.20155E-2 3.02716E-2 2.89877E-2 2.81035E-2 2.6383E-2 2.92862E-2 2.59677E-2 2.50145E-2 2.55665E-2 2.62119E-2
4.50286E-2 5.2197E-2 4.85204E-2 4.59931E-2 4.48712E-2 4.46668E-2 4.44328E-2 4.65505E-2 5.22772E-2 5.16886E-2 4.87643E-2 4.67286E-2 4.75788E-2 5.09138E-2 4.89339E-2 4.72022E-2 4.81754E-2 4.78338E-2 4.54653E-2 4.42297E-2 4.23892E-2 4.33811E-2 4.49919E-2 4.47926E-2 4.66508E-2 5.92246E-2 5.78973E-2 5.80286E-2 6.85143E-2 6.18366E-2 5.67408E-2 5.28313E-2 5.08211E-2 4.88956E-2 5.03523E-2 5.07522E-2 5.13093E-2 5.23742E-2 4.9277E-2 5.00071E-2 4.68368E-2 4.36369E-2 4.31286E-2 4.4737E-2 4.15482E-2 4.42001E-2 4.52251E-2 4.74064E-2 4.93371E-2 3.9976E-2 3.79758E-2 3.73064E-2 4.07898E-2 4.5378E-2 4.00265E-2 3.22301E-2 2.7036E-2 2.54966E-2 2.54218E-2 2.75041E-2 2.69558E-2
4.71768E-2 5.26195E-2 5.18937E-2 4.58751E-2 4.7283E-2 5.0354E-2 4.5618E-2 4.71919E-2 4.81324E-2 5.27846E-2 5.12991E-2 4.88139E-2 5.03067E-2 4.98307E-2 5.06365E-2 4.90769E-2 4.91433E-2 5.0036E-2 4.80942E-2 4.69179E-2 4.57747E-2 4.66976E-2 4.67822E-2 4.61042E-2 4.85231E-2 5.16448E-2 5.47985E-2 5.47616E-2 5.60211E-2 5.34921E-2 5.32022E-2 5.07837E-2 5.01401E-2 4.62863E-2 4.68316E-2 5.03682E-2 5.38244E-2 5.96485E-2 5.5311E-2 5.55891E-2 5.14245E-2 4.84784E-2 4.78687E-2 4.70319E-2 4.78017E-2 4.5178E-2 4.54637E-2 4.67412E-2 4.90596E-2 4.62811E-2 4.84622E-2 4.4506E-2 4.25915E-2 4.80355E-2 5.54968E-2 4.17163E-2 2.82031E-2 2.56188E-2 2.58528E-2 3.90913E-2 4.0035E-2
5.15961E-2 5.63489E-2 5.48187E-2 5.42109E-2 5.63703E-2 5.43044E-2 5.00009E-2 4.85293E-2 5.01131E-2 5.46223E-2 5.40108E-2 5.05844E-2 5.17636E-2 5.03493E-2 5.03433E-2 4.83176E-2 4.84583E-2 5.01854E-2 5.1255E-2 5.05649E-2 4.96751E-2 5.29853E-2 5.01422E-2 5.05042E-2 5.3198E-2 5.46367E-2 5.78938E-2 5.87076E-2 6.00038E-2 5.249E-2 5.28283E-2 5.53134E-2 5.15278E-2 4.78147E-2 4.76145E-2 4.80084E-2 5.17872E-2 5.75783E-2 6.00883E-2 6.15759E-2 6.08715E-2 5.6615E-2 5.06528E-2 4.93054E-2 5.08039E-2 5.53325E-2 5.32928E-2 5.33765E-2 5.63463E-2 5.0223E-2 4.53369E-2 4.08337E-2 3.86898E-2 4.72208E-2 5.69747E-2 4.93685E-2 3.71061E-2 3.43814E-2 3.42712E-2 3.77537E-2 3.73435E-2
5.42488E-2 5.65192E-2 5.56457E-2 4.93059E-2 5.28629E-2 5.49512E-2 5.24874E-2 5.26911E-2 5.30571E-2 5.41298E-2 5.30079E-2 5.22173E-2 5.15596E-2 4.96763E-2 5.03066E-2 4.65979E-2 4.72181E-2 5.11468E-2 5.11523E-2 5.20382E-2 5.17301E-2 5.81911E-2 5.27276E-2 5.40389E-2 5.55368E-2 5.44672E-2 5.75251E-2 5.88184E-2 5.76716E-2 5.42063E-2 5.38581E-2 5.49606E-2 5.43295E-2 5.36886E-2 5.33546E-2 4.92313E-2 5.28494E-2 5.46333E-2 5.67659E-2 6.11189E-2 5.98937E-2 6.25255E-2 5.9423E-2 5.74911E-2 5.86559E-2 5.45367E-2 5.63649E-2 5.66237E-2 5.48016E-2 5.47135E-2 5.52742E-2 5.12529E-2 4.77276E-2 4.94094E-2 4.51608E-2 4.64427E-2 3.86331E-2 3.95857E-2 4.21678E-2 4.6001E-2 4.90522E-2
5.63016E-2 6.35997E-2 6.50066E-2 5.99442E-2 5.54071E-2 5.59697E-2 5.67459E-2 5.61232E-2 5.42605E-2 5.22282E-2 5.3276E-2 5.3587E-2 5.22876E-2 5.147E-2 4.96474E-2 4.7026E-2 4.80512E-2 5.16531E-2 5.38776E-2 5.36364E-2 5.56718E-2 6.04133E-2 5.3633E-2 5.45547E-2 5.45056E-2 5.60412E-2 5.93873E-2 6.04669E-2 5.52831E-2 5.37849E-2 5.20355E-2 5.6735E-2 5.71047E-2 5.57284E-2 5.46621E-2 5.35355E-2 5.55055E-2 5.58079E-2 5.69427E-2 5.70213E-2 5.86212E-2 5.87347E-2 5.97041E-2 6.01527E-2 5.92612E-2 6.1377E-2 6.16148E-2 5.87016E-2 5.70503E-2 5.73623E-2 5.97598E-2 6.53003E-2 5.91106E-2 6.20404E-2 4.94424E-2 4.98476E-2 4.67493E-2 4.74784E-2 4.50911E-2 4.86398E-2 5.45543E-2
5.60449E-2 6.61136E-2 6.97277E-2 6.6704E-2 6.38028E-2 5.932E-2 5.97254E-2 5.77332E-2 5.74648E-2 5.42338E-2 5.38697E-2 5.42345E-2 5.52467E-2 5.38095E-2 5.24457E-2 5.09653E-2 4.87715E-2 5.25524E-2 5.74808E-2 5.86617E-2 5.92903E-2 5.79734E-2 5.54917E-2 5.62659E-2 5.78731E-2 6.38744E-2 7.45108E-2 7.70836E-2 7.33114E-2 6.66349E-2 6.09206E-2 5.84204E-2 5.82095E-2 5.59161E-2 5.59327E-2 5.57119E-2 5.57921E-2 5.6397E-2 5.84532E-2 6.05256E-2 5.75292E-2 5.61663E-2 5.46547E-2 5.5414E-2 5.63566E-2 5.7008E-2 6.03716E-2 6.21316E-2 6.10775E-2 6.03026E-2 5.77917E-2 5.78515E-2 5.64997E-2 5.63277E-2 5.87919E-2 6.20666E-2 5.5481E-2 4.88663E-2 5.18709E-2 6.9281E-2 1.10827E-1
5.26108E-2 5.48629E-2 5.5721E-2 5.35836E-2 6.04604E-2 5.77811E-2 6.09355E-2 5.9885E-2 5.88862E-2 5.64524E-2 5.42882E-2 5.50049E-2 5.50434E-2 5.50515E-2 5.66148E-2 5.41994E-2 5.14675E-2 5.3803E-2 5.83042E-2 5.94337E-2 5.99951E-2 5.84412E-2 5.56548E-2 5.69825E-2 5.87354E-2 7.247E-2 7.96852E-2 7.64561E-2 6.8421E-2 6.14405E-2 6.08127E-2 5.77334E-2 5.65054E-2 5.56535E-2 5.60984E-2 5.59294E-2 5.61669E-2 5.59428E-2 5.61733E-2 5.60706E-2 5.61881E-2 5.53473E-2 5.6579E-2 6.15756E-2 5.47012E-2 5.68687E-2 5.94555E-2 5.94249E-2 6.11231E-2 6.04631E-2 5.69983E-2 5.66212E-2 5.88469E-2 6.13353E-2 5.77221E-2 5.69175E-2 6.12482E-2 7.54296E-2 1.111E-1 1.72241E-1 2.177E-1
5.25387E-2 5.30404E-2 5.19017E-2 5.42685E-2 5.63148E-2 5.36389E-2 5.37826E-2 5.54166E-2 5.60402E-2 5.62918E-2 5.51318E-2 5.54131E-2 5.39027E-2 5.59661E-2 5.5484E-2 5.46152E-2 5.41666E-2 5.65199E-2 5.59148E-2 5.71227E-2 5.75293E-2 5.56807E-2 5.47478E-2 5.56597E-2 5.68851E-2 6.22604E-2 6.32067E-2 6.19171E-2 6.20897E-2 6.1833E-2 5.75035E-2 5.76542E-2 5.71266E-2 5.67845E-2 5.85037E-2 5.7188E-2 5.72507E-2 5.69611E-2 5.5514E-2 5.56193E-2 5.42722E-2 5.24063E-2 5.08257E-2 4.95152E-2 5.07721E-2 5.39058E-2 5.47008E-2 5.56206E-2 5.55848E-2 5.72479E-2 5.64816E-2 5.64313E-2 6.20429E-2 8.31061E-2 1.01561E-1 1.3177E-1 1.77968E-1 2.12811E-1 2.35602E-1 2.41636E-1 2.31656E-1
5.44478E-2 5.40713E-2 5.43036E-2 5.34203E-2 5.48402E-2 5.67848E-2 5.6866E-2 5.74418E-2 5.61257E-2 5.6755E-2 5.75385E-2 5.65907E-2 5.35309E-2 5.38921E-2 5.74126E-2 5.63187E-2 5.58871E-2 5.53021E-2 5.56099E-2 5.86066E-2 6.18621E-2 5.49369E-2 5.44759E-2 5.72832E-2 5.66523E-2 5.79387E-2 6.0113E-2 6.21389E-2 6.32584E-2 6.36263E-2 5.97688E-2 5.99292E-2 6.32742E-2 6.27501E-2 6.13052E-2 6.36511E-2 6.06848E-2 5.6894E-2 5.55427E-2 5.6145E-2 5.4768E-2 5.72378E-2 5.29173E-2 5.28202E-2 5.43322E-2 5.37174E-2 5.31618E-2 5.46271E-2 5.34905E-2 5.78853E-2 6.54343E-2 8.67904E-2 1.51265E-1 2.2291E-1 2.71387E-1 2.63905E-1 2.58373E-1 2.50864E-1 2.4182E-1 2.40037E-1 2.3686E-1
5.72306E-2 5.92552E-2 6.07011E-2 5.76248E-2 5.77706E-2 5.65918E-2 5.75978E-2 6.0142E-2 6.08779E-2 6.04644E-2 6.13839E-2 5.71422E-2 5.50611E-2 5.66644E-2 5.85895E-2 5.77406E-2 5.53507E-2 5.62256E-2 5.72204E-2 5.68569E-2 5.5163E-2 5.49031E-2 5.72812E-2 5.78264E-2 5.67093E-2 5.87125E-2 6.02343E-2 6.1959E-2 6.21596E-2 6.77323E-2 6.27865E-2 7.18867E-2 6.51351E-2 5.88216E-2 5.92358E-2 6.41131E-2 5.7218E-2 5.68486E-2 5.85989E-2 5.89936E-2 5.66272E-2 5.815E-2 5.78355E-2 5.38654E-2 5.39459E-2 5.46937E-2 5.59208E-2 5.48938E-2 5.9934E-2 7.74066E-2 1.47596E-1 2.5576E-1 2.93396E-1 2.80332E-1 2.72155E-1 2.6622E-1 2.59389E-1 2.55715E-1 2.53471E-1 2.49323E-1 2.4691E-1
6.29969E-2 6.79326E-2 6.50803E-2 6.02259E-2 6.02531E-2 6.21027E-2 6.06899E-2 6.12122E-2 6.18679E-2 6.38056E-2 6.18734E-2 5.90038E-2 5.6686E-2 5.77206E-2 5.79016E-2 5.75539E-2 5.63793E-2 5.76857E-2 5.76401E-2 5.80319E-2 5.60817E-2 5.57307E-2 6.04595E-2 6.15821E-2 5.89218E-2 5.91358E-2 5.89415E-2 5.94556E-2 6.15631E-2 6.71059E-2 7.40027E-2 7.00685E-2 5.8796E-2 5.99797E-2 6.00245E-2 6.07413E-2 5.82703E-2 5.68559E-2 5.7968E-2 5.54191E-2 5.63041E-2 5.65805E-2 5.7238E-2 5.59633E-2 5.69045E-2 5.8805E-2 5.96645E-2 6.72691E-2 7.95944E-2 1.61573E-1 2.9562E-1 2.96103E-1 2.66489E-1 2.56246E-1 2.58977E-1 2.65826E-1 2.70542E-1 2.73784E-1 2.65139E-1 2.5953E-1 2.53867E-1
5.79119E-2 6.63697E-2 6.82443E-2 6.36274E-2 6.04343E-2 6.30625E-2 6.39408E-2 6.55223E-2 6.39784E-2 6.53398E-2 6.87385E-2 6.17947E-2 6.21491E-2 6.18991E-2 5.88108E-2 5.852E-2 5.68552E-2 5.71986E-2 5.9726E-2 5.83303E-2 5.71906E-2 5.68301E-2 6.27402E-2 6.33101E-2 5.98132E-2 5.92415E-2 6.05057E-2 6.21316E-2 6.31176E-2 7.13606E-2 8.25485E-2 7.55101E-2 6.34353E-2 6.19179E-2 6.00954E-2 5.79413E-2 5.70697E-2 5.65564E-2 5.66053E-2 5.80887E-2 5.93232E-2 5.85546E-2 5.93583E-2 6.21287E-2 6.42971E-2 6.52888E-2 7.51447E-2 1.08914E-1 2.15563E-1 3.05953E-1 2.9198E-1 2.43006E-1 1.97049E-1 1.87716E-1 1.78971E-1 2.54252E-1 2.73083E-1 2.69376E-1 2.6686E-1 2.55859E-1 2.46988E-1
6.46684E-2 6.62347E-2 6.99521E-2 6.81445E-2 6.92175E-2 6.68221E-2 6.59361E-2 6.61267E-2 6.70011E-2 6.90609E-2 7.37098E-2 7.0659E-2 7.02009E-2 6.86585E-2 6.54038E-2 6.39377E-2 6.3562E-2 6.18563E-2 6.30145E-2 6.52098E-2 6.17635E-2 6.06377E-2 6.40719E-2 6.42044E-2 6.02761E-2 6.03001E-2 6.3016E-2 6.32597E-2 6.51632E-2 6.69561E-2 6.75348E-2 6.89523E-2 6.64598E-2 6.49772E-2 6.03583E-2 5.84705E-2 5.82683E-2 6.04056E-2 5.94238E-2 5.97751E-2 5.99694E-2 5.96E-2 6.40416E-2 6.97874E-2 7.67866E-2 9.81747E-2 1.72614E-1 2.72391E-1 2.78175E-1 1.99672E-1 1.52176E-1 1.16675E-1 1.1988E-1 1.39748E-1 1.73992E-1 2.37138E-1 2.49552E-1 2.54698E-1 2.15986E-1 1.88673E-1 1.56169E-1
6.6685E-2 7.1855E-2 7.29006E-2 7.22731E-2 7.27649E-2 7.08365E-2 6.99675E-2 6.64298E-2 6.69629E-2 7.14596E-2 7.41072E-2 7.49204E-2 7.32291E-2 7.22904E-2 6.98701E-2 6.44116E-2 6.34409E-2 6.52136E-2 6.56936E-2 6.83345E-2 6.92739E-2 6.80052E-2 6.43959E-2 5.95884E-2 5.77695E-2 5.97785E-2 6.29056E-2 6.01416E-2 6.29581E-2 6.40723E-2 6.49273E-2 6.93326E-2 7.04239E-2 6.58604E-2 6.132E-2 5.97888E-2 6.04842E-2 6.89816E-2 6.03186E-2 6.11932E-2 6.22457E-2 6.36229E-2 6.49914E-2 7.21461E-2 1.01336E-1 1.43632E-1 1.38715E-1 1.15744E-1 9.95007E-2 9.35794E-2 9.55807E-2 1.04151E-1 1.2911E-1 1.73201E-1 1.93724E-1 2.06182E-1 1.91616E-1 1.37339E-1 1.00181E-1 8.71611E-2 8.17055E-2
6.94589E-2 7.03517E-2 7.33879E-2 7.47232E-2 7.72621E-2 7.11059E-2 7.10133E-2 7.00142E-2 6.81776E-2 6.79313E-2 7.33919E-2 7.48549E-2 7.51069E-2 7.27997E-2 7.06255E-2 6.87579E-2 6.81678E-2 6.9045E-2 6.86141E-2 6.98717E-2 6.82672E-2 7.26375E-2 6.84982E-2 6.35373E-2 6.15939E-2 5.86592E-2 6.14843E-2 6.31963E-2 6.28974E-2 6.3077E-2 6.53828E-2 7.72407E-2 7.75889E-2 6.80361E-2 6.22877E-2 6.23853E-2 6.30678E-2 6.09294E-2 6.08697E-2 6.0073E-2 6.349E-2 6.58899E-2 7.12662E-2 7.65733E-2 8.0113E-2 8.22389E-2 8.44449E-2 8.51828E-2 8.66304E-2 8.0804E-2 8.65244E-2 9.71058E-2 1.03631E-1 1.19518E-1 1.30739E-1 1.13303E-1 9.97235E-2 8.9877E-2 8.09266E-2 7.87942E-2 7.37276E-2
6.89997E-2 7.03623E-2 7.09395E-2 7.28004E-2 7.72671E-2 7.42043E-2 7.05371E-2 7.04524E-2 6.82442E-2 6.94985E-2 6.92351E-2 7.43033E-2 7.35595E-2 7.40256E-2 7.18355E-2 7.24135E-2 7.46223E-2 7.43031E-2 7.09486E-2 6.87423E-2 6.93824E-2 7.15891E-2 7.64471E-2 7.61368E-2 6.49667E-2 6.21961E-2 6.42277E-2 6.46976E-2 6.5528E-2 6.53059E-2 7.25731E-2 8.32578E-2 7.6996E-2 7.64022E-2 7.52338E-2 6.74502E-2 6.37443E-2 6.26237E-2 6.1463E-2 6.17381E-2 6.93994E-2 6.85391E-2 7.12876E-2 6.87611E-2 6.92176E-2 7.32107E-2 7.81319E-2 7.20606E-2 7.88252E-2 8.68137E-2 8.56472E-2 8.79889E-2 9.00561E-2 9.2798E-2 8.46408E-2 8.20531E-2 7.71648E-2 8.20911E-2 8.01368E-2 8.04181E-2 7.81573E-2
7.05729E-2 7.10239E-2 7.25687E-2 7.15192E-2 7.58386E-2 7.76638E-2 7.85859E-2 7.63547E-2 7.01827E-2 7.05765E-2 7.20843E-2 7.47835E-2 7.65693E-2 7.56411E-2 7.41707E-2 7.08907E-2 7.14801E-2 7.35326E-2 7.36937E-2 7.27824E-2 7.37327E-2 7.55483E-2 7.33948E-2 7.10251E-2 6.74334E-2 6.61532E-2 6.70523E-2 6.79241E-2 7.03056E-2 7.67678E-2 7.5254E-2 7.45537E-2 7.0467E-2 7.14733E-2 1.00221E-1 1.08267E-1 6.603E-2 6.34492E-2 6.36698E-2 6.73062E-2 6.7809E-2 6.62396E-2 6.95309E-2 6.89105E-2 7.30528E-2 7.95608E-2 7.25846E-2 7.44844E-2 7.69825E-2 7.99354E-2 8.43851E-2 8.41558E-2 8.19605E-2 7.945E-2 7.58995E-2 7.63726E-2 7.63793E-2 7.77086E-2 7.86543E-2 7.68267E-2 7.52144E-2
7.45274E-2 7.24291E-2 7.10176E-2 7.06755E-2 7.97576E-2 8.1653E-2 7.90331E-2 8.31087E-2 7.5744E-2 7.30889E-2 7.49234E-2 7.63608E-2 7.84226E-2 7.97858E-2 8.06116E-2 7.66977E-2 7.42389E-2 7.25506E-2 7.40681E-2 7.5321E-2 7.6368E-2 7.47561E-2 7.5642E-2 7.23119E-2 7.06185E-2 6.97882E-2 6.83357E-2 6.98338E-2 7.3179E-2 7.25732E-2 7.52618E-2 7.01897E-2 6.86791E-2 6.81433E-2 7.13176E-2 7.64156E-2 6.75913E-2 6.66716E-2 6.70596E-2 6.85391E-2 6.78208E-2 7.01661E-2 7.62971E-2 7.80283E-2 8.17713E-2 8.5407E-2 8.16878E-2 8.06282E-2 7.98873E-2 8.22062E-2 8.51971E-2 8.27851E-2 8.04784E-2 7.61544E-2 7.58569E-2 7.98936E-2 8.21989E-2 7.88025E-2 7.81941E-2 7.47882E-2 7.10568E-2
7.26508E-2 7.59322E-2 7.29441E-2 7.73883E-2 8.18768E-2 7.95203E-2 7.95271E-2 8.25417E-2 8.3856E-2 7.70893E-2 7.66401E-2 7.56037E-2 7.86006E-2 8.6284E-2 8.25143E-2 7.94441E-2 7.43107E-2 7.66389E-2 7.26331E-2 7.44534E-2 7.4715E-2 7.58653E-2 7.27636E-2 7.44733E-2 7.72824E-2 7.13808E-2 7.56709E-2 7.41923E-2 7.60527E-2 7.42477E-2 7.59226E-2 7.7286E-2 7.13072E-2 6.87249E-2 6.72615E-2 6.85692E-2 7.15073E-2 7.1849E-2 7.00539E-2 7.0005E-2 7.47303E-2 7.64548E-2 8.31283E-2 8.62388E-2 9.05159E-2 8.51042E-2 7.9261E-2 7.9958E-2 8.50548E-2 9.22308E-2 8.84058E-2 8.38577E-2 8.15046E-2 8.12285E-2 8.12004E-2 7.78232E-2 7.9615E-2 8.31036E-2 7.90778E-2 7.97E-2 7.45199E-2
7.81043E-2 7.66841E-2 7.77757E-2 8.25058E-2 8.0361E-2 7.98569E-2 8.17006E-2 8.71396E-2 8.85663E-2 8.4655E-2 7.74102E-2 7.26537E-2 7.43886E-2 7.80411E-2 8.99411E-2 8.88281E-2 8.79749E-2 8.29304E-2 7.62298E-2 7.64884E-2 7.94391E-2 7.6633E-2 7.68984E-2 7.39903E-2 7.63636E-2 7.23954E-2 7.26123E-2 7.60075E-2 7.77352E-2 7.62332E-2 7.69689E-2 8.00189E-2 7.63134E-2 7.4671E-2 7.25906E-2 7.01144E-2 7.2772E-2 7.61538E-2 7.65851E-2 7.42904E-2 7.73055E-2 7.75963E-2 8.09301E-2 8.20926E-2 8.01073E-2 8.0807E-2 8.12544E-2 8.00852E-2 8.19201E-2 7.78366E-2 7.88951E-2 7.94073E-2 8.17077E-2 8.10563E-2 8.31769E-2 7.86845E-2 7.70994E-2 7.85861E-2 7.63523E-2 7.81736E-2 7.45584E-2
8.07666E-2 8.20113E-2 8.3783E-2 8.50333E-2 8.40205E-2 8.2482E-2 8.27154E-2 8.55285E-2 8.24557E-2 8.39297E-2 7.96406E-2 7.92197E-2 7.90363E-2 7.37677E-2 8.41005E-2 9.39114E-2 9.17291E-2 8.73717E-2 8.35062E-2 8.01105E-2 7.81377E-2 7.79059E-2 7.39071E-2 7.21759E-2 7.62653E-2 7.19141E-2 7.37559E-2 7.53204E-2 7.73587E-2 7.79423E-2 8.24077E-2 8.22095E-2 8.18419E-2 7.94527E-2 7.76297E-2 7.78708E-2 7.81522E-2 7.94695E-2 7.78437E-2 8.10449E-2 8.09191E-2 8.00251E-2 7.75072E-2 7.93625E-2 7.70952E-2 7.74203E-2 7.57747E-2 7.9534E-2 8.05011E-2 7.73416E-2 8.20564E-2 8.53591E-2 8.33422E-2 8.08587E-2 8.09626E-2 7.92991E-2 7.49755E-2 7.40003E-2 7.69655E-2 7.70396E-2 7.84732E-2
8.8706E-2 8.80898E-2 8.85942E-2 8.79374E-2 8.84637E-2 8.95214E-2 8.86852E-2 8.71297E-2 8.5986E-2 8.60387E-2 8.42271E-2 8.65473E-2 9.29166E-2 7.92705E-2 7.91393E-2 9.42023E-2 9.7791E-2 9.44223E-2 9.37705E-2 8.59417E-2 8.2101E-2 7.29996E-2 6.83657E-2 7.06127E-2 7.11534E-2 7.71807E-2 7.7758E-2 7.786E-2 7.9174E-2 8.19157E-2 8.07811E-2 8.14777E-2 8.48323E-2 8.36525E-2 8.42163E-2 8.29044E-2 8.2266E-2 8.23458E-2 8.52316E-2 8.93302E-2 8.55418E-2 8.34298E-2 8.09871E-2 7.86485E-2 7.76944E-2 7.60651E-2 7.87414E-2 7.7364E-2 7.84432E-2 8.18557E-2 8.46639E-2 8.40668E-2 8.41972E-2 8.30886E-2 8.37241E-2 8.0341E-2 7.80963E-2 7.61022E-2 7.85717E-2 7.73907E-2 7.54524E-2
9.02763E-2 9.43704E-2 9.31631E-2 9.34921E-2 9.41308E-2 9.09877E-2 8.79713E-2 8.63136E-2 8.77007E-2 8.71413E-2 8.75327E-2 8.70368E-2 8.83636E-2 8.49971E-2 7.7571E-2 9.18092E-2 9.95716E-2 9.7626E-2 9.97837E-2 9.38145E-2 9.25523E-2 7.99719E-2 7.17571E-2 7.03147E-2 6.98123E-2 7.62881E-2 8.38187E-2 8.51075E-2 8.34557E-2 8.06795E-2 7.80567E-2 8.16238E-2 8.44078E-2 8.60132E-2 8.71683E-2 8.80458E-2 8.92721E-2 9.14077E-2 9.45061E-2 9.21229E-2 9.25858E-2 8.6071E-2 8.21376E-2 7.84855E-2 7.79891E-2 7.86158E-2 8.09229E-2 8.2368E-2 8.77536E-2 8.71057E-2 9.08529E-2 8.72734E-2 8.79626E-2 9.0909E-2 8.62447E-2 8.05926E-2 8.27537E-2 8.39633E-2 8.09786E-2 7.51818E-2 7.39026E-2
9.29192E-2 9.48712E-2 9.92564E-2 9.88651E-2 9.71671E-2 9.4007E-2 9.11133E-2 9.01771E-2 9.06847E-2 8.74703E-2 8.83826E-2 8.72142E-2 8.96129E-2 8.5166E-2 7.97994E-2 8.64283E-2 9.60271E-2 1.00706E-1 9.71187E-2 9.38626E-2 9.1433E-2 9.26903E-2 7.53604E-2 7.18491E-2 7.45612E-2 7.77076E-2 8.17366E-2 8.43522E-2 8.20955E-2 8.31819E-2 8.54995E-2 8.25162E-2 8.54647E-2 8.90306E-2 8.87886E-2 9.1357E-2 9.69323E-2 1.00343E-1 1.01964E-1 9.64147E-2 1.00705E-1 8.58818E-2 8.03519E-2 7.86861E-2 8.30152E-2 8.51249E-2 8.95651E-2 8.82213E-2 9.04168E-2 8.97888E-2 8.91791E-2 8.97639E-2 8.63525E-2 8.60544E-2 8.23223E-2 7.89814E-2 8.18407E-2 8.0603E-2 8.00441E-2 8.30673E-2 7.74714E-2
