maxent_outputs/hummingbirds/hummingbird_334.asc
ncols         426
nrows         180
xllcorner     -130.0
yllcorner     24.0
cellsize      0.16666666666666666
NODATA_value  -9999
[rows 108 to 134 of 180, columns 61 to 121 of 426]
6.36154E-1 6.50194E-1 5.93384E-1 6.31043E-1 6.35899E-1 5.55742E-1 5.17151E-1 2.64889E-1 2.11343E-1 1.28251E-1 1.43214E-1 3.21298E-1 3.95702E-1 3.17846E-1 3.17875E-1 4.79937E-1 3.44502E-1 4.97096E-1 6.58346E-1 5.69938E-1 4.45186E-1 4.39973E-1 3.7792E-1 3.1798E-1 2.95687E-1 2.57482E-1 2.62237E-1 3.42249E-1 3.93856E-1 4.54689E-1 5.44827E-1 4.85126E-1 4.23338E-1 3.84793E-1 3.17534E-1 1.82839E-1 2.78846E-1 2.66392E-1 2.04356E-1 2.09104E-1 8.50406E-2 7.45038E-2 7.42868E-2 8.05361E-2 8.00139E-2 6.74147E-2 5.51362E-2 5.88627E-2 6.81322E-2 1.11141E-1 1.53617E-1 1.27237E-1 9.87056E-2 9.12881E-2 8.9217E-2 8.7944E-2 8.10214E-2 7.44339E-2 6.54313E-2 6.35209E-2 7.21237E-2
6.5162E-1 6.15737E-1 6.20605E-1 6.56831E-1 6.29494E-1 5.35824E-1 4.67292E-1 3.09877E-1 3.89287E-1 2.98792E-1 2.8156E-1 3.49459E-1 3.76328E-1 3.85321E-1 4.30786E-1 4.35077E-1 4.37166E-1 4.3626E-1 4.49609E-1 5.97202E-1 5.98569E-1 5.51716E-1 4.45024E-1 3.21142E-1 3.22347E-1 3.11919E-1 3.16217E-1 3.30811E-1 4.16898E-1 4.16966E-1 5.74555E-1 4.97233E-1 3.72364E-1 3.25365E-1 3.02116E-1 2.23186E-1 1.94908E-1 2.62194E-1 2.81979E-1 1.92896E-1 9.72877E-2 8.13189E-2 8.38861E-2 8.10858E-2 8.09424E-2 7.07816E-2 6.47547E-2 5.64482E-2 6.49117E-2 1.11929E-1 1.37991E-1 1.43058E-1 1.1967E-1 1.04896E-1 9.55213E-2 8.87691E-2 8.15495E-2 7.7974E-2 6.51773E-2 6.41394E-2 6.43517E-2
6.86545E-1 6.71532E-1 6.89183E-1 6.80969E-1 6.30525E-1 5.48521E-1 4.72006E-1 4.07453E-1 3.78617E-1 3.25545E-1 2.74226E-1 3.60263E-1 4.16711E-1 3.96141E-1 4.32503E-1 3.96834E-1 4.1392E-1 3.5276E-1 3.88744E-1 4.5534E-1 4.75901E-1 5.33038E-1 4.95576E-1 3.79628E-1 3.09342E-1 2.83636E-1 3.4085E-1 3.00636E-1 3.02E-1 3.76297E-1 5.85754E-1 5.56336E-1 3.67515E-1 3.25032E-1 3.13823E-1 2.82415E-1 1.9988E-1 1.67011E-1 1.77212E-1 1.23325E-1 1.09331E-1 8.56972E-2 7.88359E-2 8.5619E-2 8.33242E-2 7.79961E-2 7.00913E-2 6.11187E-2 7.0942E-2 9.72093E-2 1.27454E-1 1.38956E-1 1.24207E-1 1.14752E-1 1.07538E-1 9.91511E-2 9.3838E-2 8.37399E-2 7.1943E-2 6.93853E-2 6.81425E-2
6.36796E-1 6.82544E-1 6.95322E-1 6.8552E-1 7.05812E-1 6.56341E-1 5.62966E-1 4.15332E-1 3.12066E-1 2.74368E-1 3.41563E-1 4.27927E-1 4.04848E-1 3.73613E-1 3.78792E-1 3.3868E-1 3.44544E-1 3.3321E-1 3.42042E-1 3.64123E-1 3.88884E-1 4.84913E-1 5.11079E-1 3.65876E-1 2.88093E-1 2.44373E-1 3.17977E-1 3.19683E-1 3.05815E-1 3.97189E-1 5.49471E-1 6.20134E-1 4.09261E-1 3.21101E-1 3.02997E-1 2.84024E-1 2.59252E-1 1.89013E-1 1.43571E-1 1.1422E-1 1.16552E-1 1.13902E-1 9.79625E-2 9.8236E-2 9.52739E-2 8.3251E-2 6.86745E-2 5.50819E-2 4.84271E-2 6.26961E-2 9.2561E-2 1.31744E-1 1.31662E-1 1.15388E-1 1.08419E-1 1.03928E-1 9.88904E-2 8.68976E-2 9.00727E-2 7.90776E-2 7.40305E-2
4.80145E-1 5.9481E-1 6.79816E-1 6.96439E-1 7.15982E-1 7.08214E-1 6.49782E-1 4.87548E-1 4.1164E-1 3.43819E-1 4.43856E-1 4.3902E-1 3.69319E-1 3.51956E-1 3.50449E-1 3.25968E-1 3.07002E-1 3.04604E-1 3.69386E-1 4.40039E-1 4.6678E-1 4.8139E-1 5.10426E-1 4.37731E-1 3.16049E-1 2.60445E-1 2.73277E-1 2.70857E-1 3.15701E-1 4.55635E-1 4.68345E-1 6.54805E-1 4.93758E-1 3.7366E-1 3.47114E-1 2.73799E-1 2.4845E-1 2.21608E-1 1.49369E-1 1.26021E-1 1.19156E-1 1.23125E-1 1.30508E-1 1.21349E-1 1.11728E-1 8.68724E-2 7.15915E-2 5.51707E-2 5.23129E-2 6.5659E-2 8.08519E-2 1.12041E-1 1.31535E-1 1.21493E-1 1.08479E-1 1.08731E-1 1.02355E-1 1.06762E-1 9.84079E-2 9.20593E-2 8.45764E-2
4.92613E-1 4.80093E-1 6.50954E-1 7.19728E-1 7.1936E-1 7.15519E-1 5.93239E-1 3.47766E-1 3.11572E-1 3.88777E-1 4.27403E-1 3.9589E-1 3.84086E-1 3.73441E-1 3.7313E-1 3.61946E-1 3.38837E-1 3.56445E-1 4.33411E-1 4.23364E-1 4.65032E-1 5.10466E-1 4.87448E-1 4.60945E-1 3.98153E-1 3.82487E-1 2.86993E-1 3.36359E-1 3.6184E-1 4.77049E-1 5.59896E-1 6.67056E-1 5.60404E-1 4.33293E-1 4.30276E-1 2.52376E-1 2.81608E-1 2.79451E-1 2.04178E-1 1.49777E-1 1.22522E-1 1.22317E-1 1.40209E-1 1.37419E-1 1.30076E-1 1.22671E-1 9.72159E-2 9.18457E-2 7.2487E-2 6.50254E-2 7.23818E-2 1.00853E-1 1.17522E-1 1.22804E-1 1.15368E-1 1.10399E-1 1.04202E-1 1.05399E-1 9.76364E-2 1.02298E-1 9.68101E-2
5.16449E-1 4.93805E-1 4.32166E-1 4.1933E-1 4.15338E-1 5.19779E-1 4.76412E-1 3.76983E-1 3.99173E-1 4.48009E-1 4.28288E-1 4.02443E-1 3.76805E-1 3.50628E-1 3.66274E-1 3.66428E-1 3.78577E-1 4.22146E-1 4.60864E-1 4.45033E-1 4.33427E-1 5.03638E-1 4.76545E-1 4.56429E-1 4.07801E-1 3.76643E-1 4.27259E-1 4.43435E-1 4.48642E-1 5.08843E-1 6.40227E-1 6.39691E-1 6.1571E-1 5.10976E-1 4.56533E-1 2.93776E-1 3.31515E-1 3.48596E-1 2.1704E-1 1.66265E-1 1.29517E-1 1.39823E-1 1.42986E-1 1.50305E-1 1.63621E-1 1.82895E-1 2.03753E-1 1.96138E-1 1.63857E-1 8.21528E-2 5.84932E-2 7.607E-2 1.0056E-1 1.11685E-1 1.17034E-1 1.16365E-1 1.10363E-1 1.10432E-1 1.02211E-1 1.00306E-1 9.48634E-2
4.98842E-1 4.2621E-1 4.10115E-1 2.95024E-1 2.04176E-1 3.12383E-1 4.859E-1 4.53982E-1 4.69474E-1 4.53865E-1 4.02936E-1 3.71796E-1 3.38418E-1 3.28596E-1 3.51128E-1 3.68175E-1 3.62831E-1 3.38783E-1 3.54846E-1 4.15024E-1 4.58141E-1 4.88596E-1 5.10591E-1 4.8733E-1 4.37516E-1 4.46159E-1 5.26702E-1 5.13297E-1 4.8026E-1 4.99715E-1 5.71354E-1 6.60718E-1 6.6174E-1 5.61535E-1 4.69518E-1 3.63066E-1 3.59807E-1 4.09822E-1 2.81196E-1 2.58869E-1 1.70045E-1 1.71532E-1 1.55099E-1 1.51405E-1 1.53189E-1 1.57131E-1 2.05329E-1 2.48548E-1 2.26094E-1 1.24307E-1 7.07571E-2 6.3738E-2 7.90893E-2 9.39955E-2 1.01506E-1 1.00997E-1 9.84847E-2 9.7182E-2 1.00606E-1 9.72497E-2 9.3256E-2
7.72768E-1 6.78963E-1 4.7545E-1 4.3201E-1 3.7857E-1 4.6519E-1 6.74144E-1 6.94147E-1 5.54356E-1 4.17207E-1 4.12261E-1 3.68524E-1 3.29956E-1 3.2617E-1 3.44658E-1 3.54276E-1 3.34181E-1 3.41028E-1 3.39466E-1 3.75469E-1 4.21346E-1 4.29874E-1 5.76863E-1 6.75336E-1 6.60902E-1 6.27104E-1 6.04121E-1 5.07059E-1 4.69094E-1 5.4406E-1 5.36087E-1 5.92969E-1 6.84193E-1 5.62547E-1 4.71921E-1 4.00711E-1 4.03087E-1 4.82266E-1 4.12356E-1 3.54901E-1 3.2288E-1 2.77476E-1 1.87234E-1 1.6352E-1 1.59821E-1 1.72482E-1 1.86917E-1 2.46655E-1 2.48043E-1 1.42246E-1 8.22858E-2 6.80396E-2 7.55995E-2 7.80053E-2 8.37193E-2 8.98051E-2 8.41252E-2 9.09363E-2 9.86526E-2 9.88262E-2 1.00522E-1
9.74674E-1 9.27579E-1 9.17061E-1 9.13881E-1 8.33345E-1 8.65809E-1 8.17964E-1 8.02839E-1 7.0857E-1 4.5935E-1 3.36152E-1 2.7866E-1 2.42067E-1 2.56352E-1 3.07382E-1 3.41153E-1 3.03288E-1 3.23525E-1 3.4936E-1 3.75204E-1 4.33635E-1 4.51434E-1 5.0641E-1 6.15555E-1 6.69298E-1 6.37834E-1 6.23474E-1 5.66006E-1 5.76242E-1 5.69794E-1 5.84938E-1 5.93085E-1 6.50282E-1 6.66003E-1 5.8202E-1 5.28799E-1 4.89784E-1 5.15657E-1 4.36586E-1 4.45559E-1 4.22932E-1 2.82483E-1 2.3306E-1 1.96263E-1 1.59171E-1 2.09755E-1 2.3726E-1 2.17917E-1 2.60548E-1 1.76835E-1 1.20157E-1 1.04709E-1 7.97341E-2 6.9433E-2 7.07603E-2 7.55284E-2 8.14319E-2 9.20471E-2 9.78391E-2 9.39539E-2 9.18054E-2
-9999 -9999 9.83863E-1 9.86133E-1 9.76564E-1 9.61364E-1 8.84786E-1 8.93131E-1 9.19052E-1 7.84223E-1 5.75715E-1 5.7674E-1 4.51972E-1 3.02065E-1 5.16094E-1 4.34748E-1 2.60715E-1 1.67648E-1 1.68246E-1 2.87652E-1 3.54628E-1 4.1418E-1 4.84108E-1 5.4866E-1 5.54849E-1 5.59471E-1 5.96005E-1 6.23982E-1 6.35648E-1 6.18202E-1 6.06593E-1 6.24014E-1 6.14359E-1 6.81296E-1 6.50531E-1 6.01578E-1 5.79086E-1 5.53325E-1 4.90231E-1 4.47947E-1 3.83709E-1 3.29152E-1 2.62357E-1 2.52375E-1 2.17533E-1 2.78059E-1 3.08137E-1 2.48272E-1 3.19912E-1 2.54186E-1 1.99002E-1 1.7334E-1 1.65314E-1 1.07764E-1 8.74629E-2 8.59447E-2 9.14193E-2 8.90532E-2 8.92655E-2 8.00343E-2 7.1592E-2
9.89439E-1 9.88927E-1 9.99862E-1 9.95679E-1 9.90866E-1 9.68306E-1 9.6348E-1 9.58203E-1 9.88318E-1 9.7463E-1 9.51844E-1 9.37832E-1 8.70834E-1 8.41052E-1 8.14757E-1 7.73239E-1 5.83184E-1 2.33058E-1 2.15004E-1 4.276E-1 3.87731E-1 3.55996E-1 4.11164E-1 5.08562E-1 5.44055E-1 5.54412E-1 5.73411E-1 6.04581E-1 6.34831E-1 6.23637E-1 6.29265E-1 6.6184E-1 6.44537E-1 6.26693E-1 5.55474E-1 5.17197E-1 5.12496E-1 4.61764E-1 4.54277E-1 4.50546E-1 3.84599E-1 3.61291E-1 3.87855E-1 3.65616E-1 3.67762E-1 4.03091E-1 4.261E-1 2.83697E-1 3.90162E-1 3.05807E-1 2.42094E-1 2.60337E-1 1.68024E-1 1.41233E-1 1.36374E-1 1.23998E-1 1.28059E-1 1.23502E-1 1.06762E-1 8.69515E-2 6.30765E-2
9.93917E-1 9.8493E-1 -9999 -9999 -9999 -9999 -9999 -9999 9.96749E-1 9.86943E-1 9.77773E-1 9.6604E-1 9.28383E-1 9.06738E-1 8.51135E-1 7.02808E-1 6.31727E-1 5.26833E-1 5.19556E-1 6.60061E-1 6.43417E-1 5.07698E-1 3.69601E-1 5.0291E-1 5.45714E-1 6.0003E-1 6.54424E-1 6.74734E-1 6.69162E-1 6.66188E-1 6.36946E-1 6.88458E-1 6.53663E-1 5.93672E-1 5.84524E-1 5.39395E-1 5.00905E-1 4.7758E-1 4.40149E-1 4.23839E-1 4.06873E-1 3.98426E-1 4.55643E-1 4.55636E-1 4.92979E-1 5.58892E-1 4.92934E-1 3.79973E-1 3.89619E-1 3.86595E-1 2.84962E-1 3.13707E-1 1.81006E-1 1.70842E-1 1.75912E-1 1.71306E-1 1.54708E-1 1.39698E-1 1.21572E-1 1.13562E-1 7.00051E-2
-9999 -9999 -9999 -9999 -9999 -9999 -9999 -9999 9.94401E-1 9.9364E-1 9.89184E-1 9.84471E-1 9.65755E-1 7.82288E-1 7.31378E-1 6.31141E-1 6.00463E-1 5.85193E-1 3.32146E-1 4.92151E-1 7.30079E-1 7.81382E-1 6.6094E-1 4.70105E-1 4.73542E-1 5.59849E-1 6.95395E-1 6.95175E-1 7.3349E-1 7.35966E-1 6.99435E-1 7.07231E-1 6.7243E-1 6.24081E-1 6.15704E-1 5.57582E-1 5.50909E-1 4.98021E-1 5.15658E-1 5.12919E-1 4.77262E-1 4.86004E-1 4.94473E-1 4.93296E-1 5.44816E-1 5.84395E-1 5.49878E-1 4.83357E-1 4.70586E-1 4.78021E-1 3.20222E-1 3.80208E-1 3.65915E-1 2.76784E-1 3.23605E-1 2.22673E-1 1.76347E-1 1.57878E-1 1.28747E-1 1.07254E-1 8.35317E-2
-9999 -9999 -9999 -9999 -9999 -9999 -9999 -9999 -9999 -9999 9.97458E-1 9.95843E-1 9.78459E-1 9.44366E-1 7.70823E-1 7.42135E-1 6.87777E-1 5.35572E-1 3.74931E-1 3.30777E-1 3.85435E-1 7.16246E-1 7.90097E-1 7.95053E-1 6.71863E-1 6.04931E-1 5.4852E-1 6.65561E-1 7.17858E-1 7.16201E-1 6.99956E-1 6.76625E-1 7.03637E-1 6.3348E-1 6.00654E-1 5.87735E-1 5.46884E-1 5.23117E-1 4.99622E-1 5.00526E-1 5.56459E-1 5.57424E-1 5.40331E-1 5.49671E-1 5.75855E-1 6.16944E-1 6.27238E-1 6.06916E-1 5.67045E-1 5.344E-1 5.09095E-1 4.14209E-1 3.76177E-1 3.71543E-1 2.60709E-1 2.44964E-1 2.07858E-1 1.65145E-1 1.30038E-1 1.10702E-1 9.64212E-2
-9999 -9999 -9999 -9999 9.99963E-1 -9999 -9999 9.97421E-1 9.91333E-1 9.99984E-1 -9999 -9999 9.8764E-1 9.76654E-1 9.2365E-1 9.21493E-1 8.24096E-1 5.57255E-1 4.13277E-1 3.92877E-1 5.53115E-1 5.96772E-1 8.18767E-1 9.38123E-1 8.52716E-1 7.52073E-1 6.46242E-1 6.02803E-1 6.77804E-1 7.16989E-1 7.16973E-1 7.1639E-1 6.96843E-1 5.88577E-1 5.81747E-1 5.46038E-1 5.96824E-1 5.66946E-1 5.73143E-1 5.80352E-1 5.58975E-1 5.81918E-1 5.53804E-1 5.42839E-1 5.69297E-1 5.97545E-1 6.35363E-1 6.41067E-1 6.10917E-1 5.55109E-1 5.12238E-1 4.31928E-1 3.16309E-1 2.97668E-1 3.05197E-1 3.16948E-1 3.00378E-1 2.1822E-1 1.59819E-1 1.21889E-1 9.67778E-2
-9999 9.96091E-1 9.85569E-1 -9999 -9999 -9999 -9999 -9999 9.94435E-1 9.96534E-1 -9999 -9999 -9999 -9999 9.84791E-1 9.58394E-1 8.73714E-1 6.75289E-1 4.60637E-1 3.76595E-1 5.96269E-1 7.40071E-1 8.14956E-1 8.61422E-1 9.41518E-1 8.93098E-1 7.9389E-1 6.91974E-1 6.47842E-1 6.92424E-1 7.46047E-1 7.42718E-1 6.99075E-1 6.41926E-1 6.38765E-1 6.53853E-1 6.27439E-1 6.29944E-1 6.15495E-1 6.19004E-1 6.1958E-1 6.02428E-1 6.00769E-1 5.87726E-1 5.61089E-1 5.81269E-1 5.84607E-1 5.70239E-1 5.55294E-1 5.01044E-1 5.01386E-1 5.23279E-1 4.38846E-1 3.42017E-1 2.78284E-1 3.13834E-1 3.30361E-1 2.99222E-1 2.32258E-1 1.4006E-1 1.27584E-1
-9999 -9999 -9999 -9999 -9999 -9999 -9999 9.99579E-1 -9999 -9999 -9999 -9999 -9999 -9999 9.96779E-1 9.84865E-1 9.45519E-1 7.98838E-1 6.22899E-1 4.43731E-1 5.21856E-1 6.33099E-1 8.20028E-1 8.07268E-1 8.50779E-1 8.01687E-1 7.50869E-1 7.61609E-1 7.48161E-1 7.18491E-1 7.68141E-1 7.98205E-1 7.60598E-1 6.98823E-1 6.80835E-1 6.90926E-1 6.82034E-1 6.81759E-1 6.45601E-1 6.37638E-1 6.54874E-1 6.31218E-1 6.37871E-1 6.12046E-1 5.6522E-1 5.3595E-1 5.39934E-1 5.10372E-1 5.27383E-1 4.99508E-1 4.98056E-1 5.3612E-1 4.94834E-1 4.77311E-1 4.46909E-1 3.71543E-1 2.92475E-1 2.50074E-1 2.94981E-1 2.47284E-1 1.92309E-1
-9999 -9999 -9999 -9999 -9999 -9999 -9999 9.97854E-1 9.91012E-1 -9999 -9999 -9999 -9999 -9999 -9999 9.9038E-1 9.60574E-1 8.99841E-1 7.52922E-1 4.15276E-1 4.67186E-1 7.12469E-1 8.05098E-1 8.18955E-1 8.03676E-1 7.39611E-1 7.37188E-1 7.3141E-1 7.3112E-1 7.40215E-1 7.4618E-1 7.92962E-1 7.85046E-1 7.30525E-1 7.21274E-1 7.19468E-1 6.71637E-1 6.49172E-1 6.24833E-1 6.33044E-1 6.25536E-1 5.77559E-1 6.08006E-1 6.12125E-1 5.80168E-1 5.31521E-1 5.34445E-1 4.90154E-1 5.03409E-1 4.72685E-1 4.76047E-1 4.74704E-1 4.08185E-1 3.63286E-1 4.26256E-1 3.60911E-1 2.91953E-1 2.32069E-1 2.65818E-1 2.66655E-1 2.78185E-1
-9999 -9999 -9999 -9999 -9999 -9999 -9999 -9999 9.97849E-1 -9999 -9999 -9999 -9999 -9999 -9999 9.96943E-1 9.84347E-1 9.38288E-1 7.93855E-1 5.62999E-1 4.22099E-1 5.05463E-1 7.38619E-1 8.53261E-1 8.1639E-1 7.70919E-1 7.32109E-1 7.17399E-1 7.21063E-1 7.54128E-1 7.71402E-1 7.40318E-1 7.76488E-1 7.98287E-1 7.25787E-1 6.61992E-1 6.78136E-1 6.53292E-1 6.4737E-1 6.22703E-1 5.95627E-1 5.83979E-1 6.21038E-1 5.8493E-1 5.2712E-1 4.89219E-1 5.4094E-1 4.96698E-1 4.74738E-1 4.55564E-1 4.98779E-1 4.4723E-1 4.1575E-1 3.44426E-1 3.70262E-1 3.67922E-1 2.58601E-1 2.38001E-1 2.01055E-1 1.63356E-1 2.52402E-1
-9999 -9999 -9999 -9999 -9999 -9999 -9999 -9999 -9999 -9999 -9999 -9999 -9999 -9999 -9999 -9999 9.91378E-1 9.59871E-1 8.54194E-1 6.825E-1 4.72964E-1 3.99391E-1 4.70185E-1 8.1419E-1 8.71175E-1 8.40698E-1 8.02414E-1 7.34808E-1 7.13527E-1 6.96364E-1 6.99894E-1 7.24648E-1 7.51129E-1 7.38792E-1 6.98377E-1 6.78345E-1 6.62712E-1 6.71688E-1 6.54008E-1 6.4265E-1 6.44851E-1 6.04194E-1 5.89211E-1 5.38727E-1 4.85489E-1 4.57179E-1 5.02952E-1 5.05266E-1 5.00843E-1 4.82004E-1 4.77029E-1 4.54829E-1 4.19823E-1 3.48443E-1 2.94069E-1 3.58257E-1 2.83536E-1 2.02742E-1 1.95672E-1 1.83015E-1 2.08304E-1
-9999 -9999 -9999 -9999 -9999 -9999 -9999 -9999 -9999 -9999 -9999 -9999 -9999 -9999 -9999 9.99956E-1 9.8545E-1 9.6484E-1 8.90696E-1 7.57623E-1 5.71919E-1 4.16185E-1 3.4095E-1 4.64755E-1 8.84992E-1 8.80092E-1 8.32476E-1 7.91335E-1 7.06377E-1 6.94381E-1 7.64199E-1 7.37332E-1 7.19614E-1 6.95577E-1 6.48812E-1 6.38291E-1 6.47911E-1 6.45355E-1 6.5862E-1 6.58937E-1 6.42601E-1 6.16217E-1 5.56345E-1 4.91519E-1 4.68363E-1 4.61941E-1 5.00879E-1 4.87513E-1 4.69677E-1 4.89498E-1 4.88174E-1 4.38662E-1 4.58325E-1 3.98542E-1 2.18053E-1 3.21498E-1 3.09024E-1 2.49804E-1 2.05464E-1 1.97802E-1 2.08078E-1
-9999 -9999 -9999 -9999 -9999 -9999 -9999 -9999 -9999 -9999 -9999 -9999 -9999 -9999 -9999 -9999 9.8834E-1 9.78544E-1 8.93345E-1 7.8238E-1 6.54594E-1 4.5496E-1 3.23776E-1 4.33252E-1 8.94222E-1 8.75849E-1 9.14896E-1 8.42406E-1 7.37691E-1 7.18266E-1 7.49924E-1 7.4691E-1 7.2402E-1 6.63962E-1 7.00025E-1 6.2797E-1 6.56746E-1 6.32621E-1 6.43996E-1 6.12092E-1 6.07309E-1 5.6992E-1 5.12622E-1 4.63467E-1 4.25696E-1 4.55337E-1 4.65519E-1 4.67561E-1 4.73992E-1 4.32471E-1 4.68143E-1 4.38677E-1 4.89089E-1 5.06446E-1 4.37457E-1 2.73792E-1 3.1093E-1 2.68334E-1 2.23881E-1 2.11925E-1 2.09998E-1
-9999 -9999 -9999 -9999 -9999 -9999 -9999 -9999 -9999 -9999 -9999 -9999 -9999 -9999 -9999 -9999 -9999 9.83704E-1 9.50082E-1 8.57238E-1 7.11634E-1 5.39739E-1 4.00174E-1 3.01699E-1 8.32578E-1 9.06022E-1 9.24033E-1 9.02812E-1 8.26768E-1 7.96732E-1 7.80234E-1 7.67768E-1 7.74632E-1 7.6655E-1 7.07398E-1 7.25618E-1 7.00958E-1 6.44538E-1 6.46297E-1 6.51607E-1 5.87356E-1 5.84464E-1 5.00974E-1 4.58546E-1 4.21254E-1 4.62769E-1 4.79279E-1 4.52149E-1 4.32023E-1 4.06574E-1 4.29055E-1 3.89475E-1 4.12754E-1 4.24817E-1 3.89529E-1 3.30949E-1 3.13708E-1 2.95925E-1 2.50275E-1 2.23496E-1 1.9933E-1
-9999 -9999 -9999 -9999 -9999 -9999 -9999 -9999 -9999 -9999 -9999 -9999 -9999 -9999 -9999 -9999 -9999 9.899E-1 9.78014E-1 9.58503E-1 8.08217E-1 6.19719E-1 4.76711E-1 3.20669E-1 6.82077E-1 9.19674E-1 9.49152E-1 9.32074E-1 9.14573E-1 8.97011E-1 8.84572E-1 8.12796E-1 7.88412E-1 7.94743E-1 7.44544E-1 7.05036E-1 7.14134E-1 6.88551E-1 6.65958E-1 6.44132E-1 6.59229E-1 6.06487E-1 5.33895E-1 5.01881E-1 4.84641E-1 4.5508E-1 4.36836E-1 4.33662E-1 4.07412E-1 3.68682E-1 3.74026E-1 3.42477E-1 3.79442E-1 3.84324E-1 3.45626E-1 3.12592E-1 2.82265E-1 2.78885E-1 2.4805E-1 2.45755E-1 2.18976E-1
-9999 -9999 -9999 -9999 -9999 -9999 -9999 -9999 -9999 -9999 -9999 -9999 -9999 -9999 -9999 -9999 -9999 -9999 9.97389E-1 9.70658E-1 8.81671E-1 6.75845E-1 5.22219E-1 3.97898E-1 4.26739E-1 7.99721E-1 9.20449E-1 9.13016E-1 9.55046E-1 9.43326E-1 9.35018E-1 9.0534E-1 8.31019E-1 8.06001E-1 7.84389E-1 7.65008E-1 7.51439E-1 7.63703E-1 7.29236E-1 6.64849E-1 6.41519E-1 6.1568E-1 5.3575E-1 5.06986E-1 4.72231E-1 4.57801E-1 4.27049E-1 4.11084E-1 3.96595E-1 3.56126E-1 3.49267E-1 3.33892E-1 3.5628E-1 3.13068E-1 2.50022E-1 2.41162E-1 2.67541E-1 2.74954E-1 2.69494E-1 2.46048E-1 2.46785E-1
-9999 -9999 -9999 -9999 -9999 -9999 -9999 -9999 -9999 -9999 -9999 -9999 -9999 -9999 -9999 -9999 -9999 -9999 9.97313E-1 9.60789E-1 9.01628E-1 7.49471E-1 5.33396E-1 4.70684E-1 4.70703E-1 5.09244E-1 8.21296E-1 9.00102E-1 9.42446E-1 9.47577E-1 9.27279E-1 9.92358E-1 9.02201E-1 8.27871E-1 8.21849E-1 8.77719E-1 7.9545E-1 7.48428E-1 7.74499E-1 6.89621E-1 6.80216E-1 6.05158E-1 5.75639E-1 4.80176E-1 4.48571E-1 4.42255E-1 4.35045E-1 3.8834E-1 3.77915E-1 3.48056E-1 3.27257E-1 3.12481E-1 3.47553E-1 3.28326E-1 2.91855E-1 2.26805E-1 2.53853E-1 2.77139E-1 2.64484E-1 2.57457E-1 2.42321E-1
