maxent_outputs/hummingbirds/hummingbird_192.asc
ncols         426
nrows         180
xllcorner     -130.0
yllcorner     24.0
cellsize      0.16666666666666666
NODATA_value  -9999
[rows 0 to 26 of 180, columns 122 to 182 of 426]
3.1185E-1 3.0651E-1 3.05443E-1 2.78373E-1 2.71239E-1 2.93854E-1 3.14783E-1 3.16266E-1 3.012E-1 2.92339E-1 2.82568E-1 2.8029E-1 2.81744E-1 2.80918E-1 2.76829E-1 2.70198E-1 2.79047E-1 2.81126E-1 2.9085E-1 2.96865E-1 2.96707E-1 2.85741E-1 2.77052E-1 2.75625E-1 2.63482E-1 2.64138E-1 2.64169E-1 2.61784E-1 2.61022E-1 2.56801E-1 2.54477E-1 2.52933E-1 2.50939E-1 2.46106E-1 2.44689E-1 2.44158E-1 2.43315E-1 2.45003E-1 2.46328E-1 2.45814E-1 2.48164E-1 2.48705E-1 2.47476E-1 2.48373E-1 2.47856E-1 2.47429E-1 2.45096E-1 2.45764E-1 2.47842E-1 2.4677E-1 2.41561E-1 2.42554E-1 2.40844E-1 2.35232E-1 2.40521E-1 2.52896E-1 2.61072E-1 2.48539E-1 2.53977E-1 2.60909E-1 2.41096E-1
2.9357E-1 2.88853E-1 2.85884E-1 2.78129E-1 2.79319E-1 2.87462E-1 2.90665E-1 2.9283E-1 3.13779E-1 3.14682E-1 2.93572E-1 2.83337E-1 2.76186E-1 2.86291E-1 2.88433E-1 2.73258E-1 2.66876E-1 2.6664E-1 2.8081E-1 2.88074E-1 2.90627E-1 2.81391E-1 2.78791E-1 2.70391E-1 2.67489E-1 2.72972E-1 2.72271E-1 2.62509E-1 2.6302E-1 2.61893E-1 2.61365E-1 2.62421E-1 2.61084E-1 2.65273E-1 2.54523E-1 2.45898E-1 2.46833E-1 2.49425E-1 2.4921E-1 2.51756E-1 2.52258E-1 2.50946E-1 2.48516E-1 2.45557E-1 2.47289E-1 2.51681E-1 2.49543E-1 2.48971E-1 2.4007E-1 2.2555E-1 2.29981E-1 2.45843E-1 2.49276E-1 2.46796E-1 2.47174E-1 2.48636E-1 2.67765E-1 2.61443E-1 2.4479E-1 2.43739E-1 2.37852E-1
2.71032E-1 2.69685E-1 2.65984E-1 2.68486E-1 2.81877E-1 2.83795E-1 2.94378E-1 2.97031E-1 3.03632E-1 3.10138E-1 3.06641E-1 2.84477E-1 2.71701E-1 2.76914E-1 2.85742E-1 2.74523E-1 2.65567E-1 2.63876E-1 2.6449E-1 2.72172E-1 2.7413E-1 2.75458E-1 2.73811E-1 2.703E-1 2.55648E-1 2.65285E-1 2.65541E-1 2.69346E-1 2.66144E-1 2.63843E-1 2.55261E-1 2.52501E-1 2.49484E-1 2.46244E-1 2.46049E-1 2.56972E-1 2.5981E-1 2.59579E-1 2.50226E-1 2.52685E-1 2.54321E-1 2.57908E-1 2.50434E-1 2.56807E-1 2.69815E-1 2.70121E-1 2.56729E-1 2.48898E-1 2.46915E-1 2.43399E-1 2.45531E-1 2.50232E-1 2.50959E-1 2.50223E-1 2.53351E-1 2.53567E-1 2.60524E-1 2.55031E-1 2.50516E-1 2.40249E-1 2.38766E-1
2.81911E-1 2.76321E-1 2.66125E-1 2.67858E-1 2.64915E-1 2.74297E-1 2.77926E-1 2.78957E-1 2.87457E-1 2.90413E-1 3.01281E-1 2.91015E-1 2.87028E-1 2.76321E-1 2.82972E-1 2.73385E-1 2.65554E-1 2.62327E-1 2.61479E-1 2.60572E-1 2.62757E-1 2.61099E-1 2.55197E-1 2.52957E-1 2.51143E-1 2.47816E-1 2.47259E-1 2.53129E-1 2.55988E-1 2.62047E-1 2.56832E-1 2.54329E-1 2.57557E-1 2.47851E-1 2.50238E-1 2.52089E-1 2.44397E-1 2.51564E-1 2.53696E-1 2.55669E-1 2.56543E-1 2.59384E-1 2.64601E-1 2.813E-1 2.92833E-1 2.75325E-1 2.52952E-1 2.45518E-1 2.44678E-1 2.46303E-1 2.46546E-1 2.44431E-1 2.55945E-1 2.68691E-1 2.72747E-1 2.7653E-1 2.7795E-1 2.77379E-1 2.53815E-1 2.44691E-1 2.43189E-1
2.89446E-1 2.88359E-1 2.72602E-1 2.65855E-1 2.62649E-1 2.63296E-1 2.65545E-1 2.77331E-1 2.90701E-1 2.85246E-1 2.85422E-1 2.92379E-1 2.92439E-1 2.92512E-1 2.91978E-1 2.86172E-1 2.79608E-1 2.64851E-1 2.62703E-1 2.63134E-1 2.64786E-1 2.60122E-1 2.58594E-1 2.57841E-1 2.54124E-1 2.50702E-1 2.54344E-1 2.59207E-1 2.64052E-1 2.67854E-1 2.65341E-1 2.63699E-1 2.64924E-1 2.50625E-1 2.41324E-1 2.45159E-1 2.50305E-1 2.55385E-1 2.58788E-1 2.6564E-1 2.64846E-1 2.68961E-1 2.63699E-1 2.73801E-1 2.88917E-1 2.6979E-1 2.49653E-1 2.46418E-1 2.48014E-1 2.48903E-1 2.478E-1 2.52411E-1 2.47714E-1 2.48286E-1 2.60153E-1 2.69778E-1 2.87974E-1 2.8483E-1 2.70491E-1 2.61209E-1 2.5973E-1
2.93898E-1 2.99831E-1 2.8887E-1 2.80269E-1 2.73749E-1 2.67512E-1 2.60915E-1 2.8266E-1 2.7933E-1 2.76037E-1 2.76727E-1 2.81775E-1 2.87965E-1 2.99114E-1 3.10106E-1 3.06483E-1 2.81839E-1 2.68298E-1 2.68721E-1 2.67196E-1 2.71957E-1 2.71823E-1 2.63916E-1 2.5831E-1 2.57737E-1 2.56087E-1 2.57046E-1 2.56797E-1 2.56138E-1 2.5645E-1 2.60154E-1 2.57085E-1 2.60287E-1 2.5529E-1 2.45625E-1 2.46316E-1 2.47326E-1 2.60244E-1 2.75801E-1 2.78891E-1 2.72906E-1 2.66082E-1 2.72886E-1 2.81805E-1 2.80595E-1 2.65199E-1 2.51926E-1 2.52132E-1 2.62051E-1 2.64232E-1 2.61403E-1 2.80567E-1 2.80859E-1 2.76909E-1 2.81545E-1 2.78166E-1 2.77579E-1 2.73312E-1 2.67342E-1 2.50467E-1 2.5498E-1
3.1848E-1 3.07761E-1 3.06779E-1 3.00378E-1 2.85944E-1 2.75178E-1 2.68476E-1 2.61466E-1 2.5628E-1 2.62272E-1 2.62965E-1 2.65518E-1 2.75701E-1 2.84504E-1 2.92148E-1 2.96891E-1 2.76613E-1 2.71059E-1 2.73181E-1 2.72766E-1 2.77019E-1 2.7796E-1 2.7047E-1 2.66367E-1 2.67797E-1 2.70334E-1 2.73178E-1 2.6705E-1 2.58907E-1 2.54304E-1 2.56034E-1 2.61287E-1 2.64377E-1 2.64094E-1 2.5778E-1 2.57603E-1 2.62243E-1 2.64831E-1 2.65254E-1 2.64277E-1 2.64229E-1 2.66619E-1 2.69946E-1 2.65374E-1 2.65925E-1 2.56218E-1 2.59962E-1 2.66248E-1 2.80371E-1 2.91377E-1 2.8571E-1 2.76989E-1 3.02608E-1 3.02422E-1 2.74133E-1 2.89413E-1 2.93291E-1 2.96395E-1 2.81255E-1 2.67494E-1 2.55039E-1
3.04829E-1 3.12434E-1 3.10444E-1 2.97939E-1 2.96494E-1 2.92585E-1 2.93718E-1 2.76011E-1 2.71014E-1 2.68774E-1 2.65613E-1 2.65426E-1 2.65018E-1 2.69097E-1 2.76852E-1 2.73129E-1 2.71221E-1 2.70996E-1 2.75379E-1 2.7398E-1 2.72837E-1 2.71678E-1 2.72942E-1 2.73943E-1 2.73984E-1 2.74767E-1 2.76259E-1 2.76425E-1 2.71891E-1 2.66914E-1 2.67334E-1 2.74098E-1 2.77497E-1 2.75292E-1 2.74205E-1 2.69608E-1 2.66285E-1 2.67542E-1 2.58901E-1 2.52418E-1 2.51304E-1 2.6343E-1 2.65965E-1 2.61179E-1 2.62161E-1 2.76042E-1 2.81676E-1 2.85778E-1 2.94752E-1 3.0334E-1 2.9979E-1 2.77458E-1 2.84168E-1 2.90688E-1 2.68359E-1 2.82555E-1 2.73952E-1 2.83071E-1 2.92186E-1 2.79637E-1 2.64796E-1
3.17455E-1 2.96624E-1 2.93049E-1 2.93369E-1 2.99098E-1 2.9163E-1 2.9194E-1 3.02481E-1 3.11346E-1 3.08004E-1 2.8656E-1 2.81692E-1 2.70893E-1 2.64875E-1 2.63283E-1 2.70154E-1 2.69819E-1 2.75132E-1 2.77731E-1 2.78925E-1 2.7639E-1 2.7558E-1 2.77766E-1 2.8058E-1 2.79106E-1 2.76813E-1 2.82254E-1 2.81649E-1 2.80464E-1 2.79231E-1 2.82801E-1 2.82369E-1 2.8421E-1 2.84473E-1 2.81152E-1 2.78583E-1 2.74745E-1 2.77364E-1 2.69254E-1 2.73866E-1 2.7394E-1 2.73828E-1 2.76093E-1 2.77548E-1 2.79628E-1 2.89778E-1 2.9204E-1 2.90055E-1 2.93821E-1 2.9776E-1 3.06733E-1 2.85832E-1 2.70024E-1 2.96007E-1 2.71697E-1 2.74588E-1 2.67889E-1 2.67607E-1 2.8848E-1 2.87607E-1 2.65285E-1
3.27308E-1 3.17021E-1 3.0577E-1 2.86921E-1 2.89278E-1 2.91034E-1 2.89574E-1 2.94399E-1 2.98032E-1 3.03773E-1 3.17042E-1 3.06592E-1 2.83888E-1 2.71114E-1 2.6442E-1 2.69503E-1 2.72742E-1 2.73954E-1 2.75837E-1 2.7542E-1 2.76705E-1 2.80893E-1 2.81669E-1 2.83477E-1 2.82846E-1 2.7812E-1 2.80333E-1 2.81352E-1 2.85387E-1 2.805E-1 2.80126E-1 2.79455E-1 2.85683E-1 2.81546E-1 2.81396E-1 2.78602E-1 2.77121E-1 2.7666E-1 2.79428E-1 2.87836E-1 2.90803E-1 2.90553E-1 2.90288E-1 2.88036E-1 2.82798E-1 2.78594E-1 2.77232E-1 2.77339E-1 2.8618E-1 3.00115E-1 3.04941E-1 2.74291E-1 2.59591E-1 2.89423E-1 2.88271E-1 2.82566E-1 2.73318E-1 2.73586E-1 2.77299E-1 2.79064E-1 2.63787E-1
3.27719E-1 3.21703E-1 3.14147E-1 2.94983E-1 2.93567E-1 2.93477E-1 2.92589E-1 2.90676E-1 2.89095E-1 2.91431E-1 3.00384E-1 3.18064E-1 2.91362E-1 2.78954E-1 2.73643E-1 2.71288E-1 2.72842E-1 2.73658E-1 2.74446E-1 2.8038E-1 2.81442E-1 2.85785E-1 2.86463E-1 2.86258E-1 2.81726E-1 2.79378E-1 2.80637E-1 2.81668E-1 2.81967E-1 2.84198E-1 2.80196E-1 2.76493E-1 2.77617E-1 2.79926E-1 2.81077E-1 2.80543E-1 2.74755E-1 2.77503E-1 2.86863E-1 2.90629E-1 2.91056E-1 2.85582E-1 2.79969E-1 2.88135E-1 2.84895E-1 2.78496E-1 2.81947E-1 2.90125E-1 2.79859E-1 2.7717E-1 2.65856E-1 2.53795E-1 2.55805E-1 2.80041E-1 2.77767E-1 2.7095E-1 2.687E-1 2.89407E-1 2.80212E-1 2.67724E-1 2.62117E-1
3.24253E-1 3.18475E-1 3.11119E-1 2.95246E-1 2.94479E-1 2.99457E-1 2.99153E-1 2.96832E-1 2.97282E-1 2.942E-1 2.98099E-1 3.01534E-1 2.91608E-1 2.83037E-1 2.83235E-1 2.78944E-1 2.78426E-1 2.77967E-1 2.76609E-1 2.79611E-1 2.8115E-1 2.80462E-1 2.80254E-1 2.76697E-1 2.74103E-1 2.7302E-1 2.76014E-1 2.77921E-1 2.76799E-1 2.774E-1 2.75864E-1 2.74678E-1 2.74819E-1 2.76692E-1 2.78821E-1 2.81682E-1 2.73573E-1 2.75528E-1 2.75819E-1 2.76588E-1 2.80347E-1 2.69442E-1 2.65883E-1 2.65028E-1 2.69701E-1 2.69963E-1 2.76399E-1 2.72327E-1 2.56146E-1 2.42985E-1 2.47273E-1 2.58902E-1 2.84555E-1 2.9777E-1 2.81069E-1 2.72032E-1 2.71014E-1 2.85579E-1 2.79818E-1 2.62763E-1 2.66488E-1
3.07756E-1 3.06101E-1 2.99782E-1 2.96366E-1 2.91487E-1 2.9625E-1 2.96185E-1 3.02948E-1 3.08974E-1 3.12913E-1 3.04589E-1 2.94671E-1 2.86894E-1 2.82977E-1 2.83271E-1 2.78383E-1 2.77106E-1 2.76958E-1 2.72838E-1 2.81723E-1 2.84856E-1 2.8359E-1 2.80153E-1 2.7827E-1 2.74954E-1 2.73899E-1 2.73175E-1 2.7456E-1 2.73438E-1 2.74296E-1 2.73905E-1 2.96911E-1 2.89107E-1 3.01295E-1 2.93671E-1 2.79852E-1 2.82908E-1 2.76245E-1 2.67951E-1 2.72112E-1 2.75357E-1 2.7289E-1 2.64045E-1 2.64402E-1 2.65918E-1 2.71811E-1 2.68504E-1 2.65748E-1 2.59261E-1 2.55222E-1 2.74044E-1 2.96012E-1 3.0549E-1 3.07695E-1 2.90651E-1 2.7862E-1 2.58634E-1 2.69839E-1 2.732E-1 2.61326E-1 2.51051E-1
2.96576E-1 2.94766E-1 2.98439E-1 2.92844E-1 2.91275E-1 2.92085E-1 2.87719E-1 2.82766E-1 2.9093E-1 2.9413E-1 2.89667E-1 2.86395E-1 2.87203E-1 2.85737E-1 2.79039E-1 2.81409E-1 2.74727E-1 2.72424E-1 2.76553E-1 2.96567E-1 3.01054E-1 2.96908E-1 2.91042E-1 2.81378E-1 2.76447E-1 2.73984E-1 2.6722E-1 2.70752E-1 2.73677E-1 2.74704E-1 2.76007E-1 2.90946E-1 2.89922E-1 2.88763E-1 2.89654E-1 2.91295E-1 2.94187E-1 2.9008E-1 2.84099E-1 2.75353E-1 2.69445E-1 2.61218E-1 2.51821E-1 2.59123E-1 2.67923E-1 2.71538E-1 2.66192E-1 2.82053E-1 2.82907E-1 2.89242E-1 2.94949E-1 2.87694E-1 2.93889E-1 3.0292E-1 2.819E-1 2.60943E-1 2.58818E-1 2.62051E-1 2.66805E-1 2.67341E-1 2.57213E-1
2.97606E-1 2.99734E-1 2.9639E-1 3.0151E-1 2.96993E-1 2.93591E-1 3.01676E-1 3.03317E-1 2.87666E-1 2.80012E-1 2.73875E-1 2.7699E-1 2.80505E-1 2.81926E-1 2.83822E-1 2.82099E-1 2.84052E-1 2.79248E-1 2.82177E-1 2.85003E-1 2.89578E-1 2.95149E-1 2.91946E-1 2.89462E-1 2.8293E-1 2.73984E-1 2.66941E-1 2.67525E-1 2.70954E-1 2.73852E-1 2.7637E-1 2.82959E-1 2.89915E-1 2.89761E-1 2.93374E-1 2.9768E-1 2.9735E-1 2.9628E-1 2.93645E-1 2.86916E-1 2.82332E-1 2.80101E-1 2.7371E-1 2.67401E-1 2.65181E-1 2.59773E-1 2.50008E-1 2.60262E-1 2.81217E-1 2.77608E-1 2.81985E-1 2.87783E-1 2.8521E-1 2.98402E-1 2.8825E-1 2.53633E-1 2.62582E-1 2.48821E-1 2.47533E-1 2.62709E-1 2.63568E-1
3.07769E-1 3.08743E-1 3.0306E-1 3.01884E-1 3.12808E-1 3.07776E-1 3.00514E-1 2.94167E-1 2.96055E-1 2.86332E-1 2.71348E-1 2.70294E-1 2.73292E-1 2.85074E-1 2.91145E-1 2.90937E-1 2.93099E-1 2.8997E-1 2.94142E-1 2.87083E-1 2.8786E-1 2.89694E-1 2.83502E-1 2.84184E-1 2.89629E-1 2.77918E-1 2.70868E-1 2.66401E-1 2.70733E-1 2.71514E-1 2.73964E-1 2.78094E-1 2.85371E-1 2.89613E-1 2.95227E-1 2.99244E-1 2.99382E-1 2.99804E-1 2.97001E-1 2.93337E-1 2.88047E-1 2.77086E-1 2.7707E-1 2.7462E-1 2.67226E-1 2.75781E-1 2.61281E-1 2.53994E-1 2.4371E-1 2.46332E-1 2.55356E-1 2.82913E-1 2.93629E-1 3.02E-1 2.86982E-1 2.49989E-1 2.43764E-1 2.39558E-1 2.60184E-1 2.53235E-1 2.41774E-1
3.06484E-1 3.1206E-1 3.10054E-1 3.01477E-1 3.01241E-1 3.04076E-1 2.93346E-1 2.89928E-1 2.90353E-1 2.87199E-1 2.85701E-1 2.82167E-1 2.88565E-1 2.95859E-1 2.99839E-1 3.03011E-1 3.01267E-1 2.97985E-1 2.95493E-1 2.93395E-1 2.84937E-1 2.92625E-1 2.89491E-1 2.81551E-1 2.84481E-1 2.74548E-1 2.84792E-1 2.75833E-1 2.7602E-1 2.73428E-1 2.72638E-1 2.7455E-1 2.90519E-1 2.90575E-1 2.91398E-1 2.95553E-1 2.98646E-1 2.98419E-1 2.97996E-1 2.94579E-1 2.8919E-1 2.86313E-1 2.77912E-1 2.72168E-1 2.65126E-1 2.6774E-1 2.66721E-1 2.62821E-1 2.53981E-1 2.51688E-1 2.52156E-1 2.64743E-1 2.76667E-1 2.72515E-1 2.59556E-1 2.46845E-1 2.41645E-1 2.47972E-1 2.64616E-1 2.83557E-1 2.5693E-1
2.99985E-1 3.02143E-1 3.01573E-1 3.06534E-1 3.11696E-1 3.02627E-1 2.9001E-1 2.79758E-1 2.96642E-1 2.9089E-1 2.99309E-1 3.07422E-1 3.02899E-1 2.9935E-1 2.99462E-1 3.0108E-1 3.00495E-1 3.03592E-1 2.99096E-1 2.90921E-1 2.88857E-1 2.96171E-1 2.98684E-1 2.85717E-1 2.82109E-1 2.75233E-1 2.83684E-1 2.7946E-1 2.83391E-1 2.82072E-1 2.7485E-1 2.73082E-1 2.77512E-1 2.84214E-1 2.83651E-1 2.90804E-1 2.93946E-1 2.99253E-1 2.97717E-1 2.94488E-1 2.87259E-1 2.84191E-1 2.77574E-1 2.75294E-1 2.67462E-1 2.68476E-1 2.70265E-1 2.66757E-1 2.62295E-1 2.60468E-1 2.61254E-1 2.71102E-1 2.72556E-1 2.61631E-1 2.58233E-1 2.56284E-1 2.55073E-1 2.55248E-1 2.58626E-1 2.69944E-1 2.64755E-1
3.01166E-1 3.03027E-1 3.05418E-1 3.06982E-1 3.09286E-1 3.06085E-1 3.01701E-1 2.89727E-1 3.00503E-1 2.93509E-1 3.01362E-1 3.12847E-1 3.11048E-1 3.04924E-1 3.06585E-1 3.08131E-1 3.18427E-1 3.0839E-1 3.01827E-1 3.03041E-1 2.95903E-1 2.91286E-1 2.89246E-1 2.91662E-1 2.88026E-1 2.84844E-1 2.84955E-1 2.83772E-1 2.81567E-1 2.80974E-1 2.79034E-1 2.7752E-1 2.72139E-1 2.73724E-1 2.78526E-1 2.83154E-1 2.86932E-1 2.96111E-1 2.9138E-1 2.85E-1 2.89306E-1 2.86201E-1 2.82509E-1 2.78987E-1 2.76331E-1 2.72973E-1 2.71884E-1 2.66287E-1 2.59057E-1 2.53222E-1 2.5711E-1 2.70084E-1 2.84076E-1 2.81657E-1 2.88009E-1 2.91111E-1 2.86415E-1 2.90661E-1 2.97294E-1 2.80136E-1 2.59303E-1
3.20098E-1 3.0957E-1 3.04861E-1 3.10818E-1 3.10766E-1 3.1367E-1 3.10625E-1 3.07822E-1 3.0459E-1 3.07897E-1 2.99685E-1 2.98364E-1 3.06621E-1 3.15889E-1 3.20121E-1 3.25834E-1 3.27184E-1 3.20012E-1 3.15219E-1 3.0895E-1 3.00449E-1 3.01143E-1 2.99257E-1 2.95102E-1 2.95439E-1 2.91401E-1 2.89519E-1 2.90473E-1 2.8706E-1 2.82447E-1 2.83635E-1 2.90306E-1 2.8556E-1 2.83042E-1 2.83958E-1 2.83903E-1 2.84853E-1 2.83182E-1 2.86962E-1 2.93091E-1 2.92911E-1 2.89742E-1 2.84808E-1 2.85712E-1 2.82219E-1 2.82611E-1 2.79827E-1 2.67372E-1 2.61275E-1 2.60177E-1 2.57162E-1 2.56431E-1 2.56642E-1 2.55649E-1 2.75308E-1 2.74649E-1 2.71039E-1 2.83666E-1 2.92238E-1 2.9278E-1 2.84732E-1
3.06645E-1 3.03756E-1 2.88975E-1 2.97146E-1 3.01388E-1 3.07545E-1 3.14034E-1 3.14747E-1 3.18836E-1 3.19699E-1 3.20931E-1 3.16609E-1 3.19361E-1 3.16225E-1 3.11762E-1 3.16627E-1 3.16924E-1 3.22639E-1 3.17537E-1 3.12557E-1 3.03678E-1 2.94563E-1 2.99043E-1 2.96514E-1 2.90093E-1 2.97274E-1 2.94305E-1 2.90562E-1 2.85646E-1 2.82561E-1 2.7661E-1 2.81186E-1 2.87406E-1 2.88489E-1 2.8479E-1 2.85288E-1 2.85783E-1 2.89262E-1 2.9241E-1 2.93296E-1 2.92788E-1 2.94081E-1 2.90747E-1 2.92218E-1 2.89971E-1 2.92485E-1 2.90625E-1 2.82205E-1 2.66147E-1 2.63625E-1 2.60943E-1 2.60522E-1 2.59389E-1 2.58815E-1 2.57199E-1 2.55402E-1 2.57617E-1 2.64513E-1 2.69531E-1 2.8325E-1 2.96016E-1
3.1257E-1 3.03233E-1 2.95018E-1 2.9233E-1 2.99772E-1 3.06719E-1 3.11426E-1 3.16991E-1 3.24071E-1 3.23371E-1 3.202E-1 3.24217E-1 3.26227E-1 3.18128E-1 3.10219E-1 3.1169E-1 3.13285E-1 3.08276E-1 3.06994E-1 3.08028E-1 3.07287E-1 2.97562E-1 3.04902E-1 3.09566E-1 2.9525E-1 2.87653E-1 2.88336E-1 2.79959E-1 2.74704E-1 2.69862E-1 2.70196E-1 2.75213E-1 2.76557E-1 2.78862E-1 2.83057E-1 2.84268E-1 2.92821E-1 3.00561E-1 2.99519E-1 2.98275E-1 2.95785E-1 2.94533E-1 2.92687E-1 2.95293E-1 2.9329E-1 2.9424E-1 2.91952E-1 2.89693E-1 2.81679E-1 2.67651E-1 2.68752E-1 2.66277E-1 2.6919E-1 2.66402E-1 2.57995E-1 2.52709E-1 2.57016E-1 2.59479E-1 2.62551E-1 2.65041E-1 2.83549E-1
3.08591E-1 2.97954E-1 2.95442E-1 2.99628E-1 3.02586E-1 3.08453E-1 3.17979E-1 3.26458E-1 3.2663E-1 3.30111E-1 3.37556E-1 3.40314E-1 3.38515E-1 3.30622E-1 3.2413E-1 3.23916E-1 3.22214E-1 3.13587E-1 3.04788E-1 2.97185E-1 2.96727E-1 2.97037E-1 3.01593E-1 3.16584E-1 3.28676E-1 3.09779E-1 2.8749E-1 2.76217E-1 2.71125E-1 2.68665E-1 2.68784E-1 2.64279E-1 2.64569E-1 2.75596E-1 2.8092E-1 2.86071E-1 2.88531E-1 2.94551E-1 2.99407E-1 2.98874E-1 3.00027E-1 2.97684E-1 2.95024E-1 2.92852E-1 2.90573E-1 2.89258E-1 2.88283E-1 2.882E-1 2.84662E-1 2.82438E-1 2.80475E-1 2.74294E-1 2.68522E-1 2.62459E-1 2.58664E-1 2.50031E-1 2.50598E-1 2.55268E-1 2.62577E-1 2.7E-1 2.66308E-1
3.15262E-1 3.10904E-1 3.1898E-1 3.22994E-1 3.21558E-1 3.31719E-1 3.3779E-1 3.46569E-1 3.46187E-1 3.39513E-1 3.38255E-1 3.41163E-1 3.39019E-1 3.38863E-1 3.31331E-1 3.29101E-1 3.1633E-1 3.08344E-1 3.09027E-1 2.97777E-1 3.01166E-1 3.22858E-1 3.3539E-1 3.061E-1 3.18249E-1 3.31632E-1 3.21376E-1 3.07233E-1 2.8779E-1 2.74752E-1 2.70527E-1 2.68474E-1 2.67872E-1 2.72019E-1 2.79104E-1 2.83465E-1 2.87356E-1 2.92903E-1 2.93564E-1 2.95441E-1 2.94462E-1 2.95265E-1 2.9146E-1 2.88573E-1 2.85679E-1 2.8463E-1 2.84346E-1 2.84617E-1 2.86443E-1 2.83277E-1 2.80189E-1 2.79729E-1 2.73793E-1 2.62794E-1 2.55802E-1 2.50056E-1 2.52371E-1 2.55078E-1 2.63614E-1 2.65135E-1 2.56733E-1
3.52985E-1 3.52013E-1 3.56141E-1 3.6943E-1 3.77761E-1 3.86025E-1 3.74379E-1 3.52213E-1 3.46955E-1 3.46349E-1 3.45616E-1 3.39249E-1 3.37764E-1 3.22323E-1 3.08835E-1 3.10736E-1 3.12336E-1 3.16055E-1 3.17942E-1 3.06814E-1 3.13986E-1 3.11527E-1 3.08571E-1 3.05274E-1 3.05491E-1 3.25714E-1 3.29829E-1 3.24684E-1 3.16408E-1 2.89854E-1 2.93411E-1 2.84127E-1 2.77501E-1 2.74538E-1 2.81302E-1 2.83536E-1 2.85679E-1 2.90285E-1 2.923E-1 2.89181E-1 2.90076E-1 2.91059E-1 2.94131E-1 2.95032E-1 2.89906E-1 2.82808E-1 2.79337E-1 2.80619E-1 2.83868E-1 2.8471E-1 2.83528E-1 2.81933E-1 2.83977E-1 2.71443E-1 2.60988E-1 2.48144E-1 2.56052E-1 2.59178E-1 2.58536E-1 2.52602E-1 2.50961E-1
3.91071E-1 3.96438E-1 4.05497E-1 4.015E-1 4.01923E-1 3.99652E-1 3.67752E-1 3.46335E-1 3.42919E-1 3.36674E-1 3.30519E-1 3.27301E-1 3.24874E-1 3.23232E-1 3.20458E-1 3.09844E-1 3.03863E-1 3.04706E-1 3.137E-1 3.20915E-1 3.23007E-1 3.20851E-1 3.19245E-1 3.17128E-1 3.13044E-1 3.1043E-1 3.1472E-1 3.12176E-1 3.18042E-1 3.31879E-1 3.30224E-1 3.02629E-1 2.90581E-1 2.93378E-1 2.8387E-1 2.87516E-1 2.87587E-1 2.90015E-1 2.90067E-1 2.88234E-1 2.80963E-1 2.79096E-1 2.88122E-1 2.9963E-1 2.96362E-1 2.86204E-1 2.79927E-1 2.7814E-1 2.79235E-1 2.80923E-1 2.83548E-1 2.85046E-1 2.8245E-1 2.90504E-1 2.78104E-1 2.7222E-1 2.6602E-1 2.61484E-1 2.6568E-1 2.60972E-1 2.54896E-1
3.85777E-1 3.72708E-1 3.60943E-1 3.7058E-1 3.79995E-1 3.76398E-1 3.51077E-1 3.53667E-1 3.47101E-1 3.39394E-1 3.2795E-1 3.25877E-1 3.37619E-1 3.34358E-1 3.22765E-1 3.07183E-1 3.00675E-1 2.96141E-1 3.07746E-1 3.17957E-1 3.28015E-1 3.31976E-1 3.29745E-1 3.20597E-1 3.26101E-1 3.48541E-1 3.41842E-1 3.34966E-1 3.29058E-1 3.34587E-1 3.38471E-1 3.38612E-1 3.22001E-1 3.10247E-1 2.98413E-1 2.89749E-1 2.90674E-1 2.93393E-1 2.9015E-1 2.85886E-1 2.81186E-1 2.76002E-1 2.71928E-1 2.72861E-1 2.77721E-1 2.78459E-1 2.78739E-1 2.77559E-1 2.79228E-1 2.81327E-1 2.8176E-1 2.82033E-1 2.75406E-1 2.88015E-1 2.85996E-1 2.78608E-1 2.70409E-1 2.67094E-1 2.7266E-1 2.69411E-1 2.66498E-1
