maxent_outputs/hummingbirds/hummingbird_223.asc
ncols         426
nrows         180
xllcorner     -130.0
yllcorner     24.0
cellsize      0.16666666666666666
NODATA_value  -9999
[rows 0 to 26 of 180, columns 305 to 365 of 426]
3.78778E-1 3.4234E-1 3.33224E-1 3.15124E-1 2.99076E-1 2.92931E-1 2.91719E-1 2.93933E-1 2.98544E-1 3.03658E-1 3.06748E-1 3.04747E-1 3.09649E-1 3.22902E-1 3.36852E-1 3.67199E-1 3.66231E-1 3.35443E-1 3.22458E-1 3.16981E-1 3.34499E-1 3.69899E-1 3.81328E-1 3.77596E-1 3.56093E-1 3.24634E-1 3.23718E-1 3.29207E-1 3.37974E-1 3.15375E-1 3.10069E-1 3.25475E-1 3.04551E-1 3.26915E-1 3.75911E-1 3.62994E-1 3.56648E-1 3.18991E-1 3.04021E-1 3.08106E-1 3.00979E-1 3.03398E-1 3.06165E-1 3.11318E-1 3.03501E-1 2.98488E-1 3.00748E-1 3.05298E-1 2.9944E-1 2.98324E-1 3.04783E-1 3.03183E-1 2.99743E-1 3.07219E-1 3.11554E-1 3.05967E-1 3.20277E-1 3.11071E-1 3.02031E-1 3.0626E-1 3.15715E-1
3.96244E-1 3.48777E-1 3.45422E-1 3.30132E-1 3.19722E-1 3.09869E-1 3.08461E-1 3.15555E-1 3.13537E-1 3.33076E-1 3.80247E-1 4.03519E-1 3.96575E-1 4.05175E-1 3.90003E-1 3.4736E-1 3.49691E-1 3.39419E-1 3.44676E-1 3.70817E-1 3.83797E-1 3.95617E-1 4.0244E-1 3.88827E-1 3.80816E-1 3.76502E-1 3.4894E-1 3.29303E-1 3.23759E-1 3.25791E-1 3.20853E-1 3.20256E-1 3.10027E-1 3.05933E-1 3.06026E-1 3.09726E-1 3.04569E-1 3.02191E-1 3.04923E-1 3.01732E-1 2.98327E-1 3.06313E-1 2.9952E-1 2.99062E-1 3.0153E-1 2.96871E-1 2.97137E-1 3.00774E-1 2.9715E-1 2.94622E-1 2.93916E-1 3.02621E-1 3.054E-1 3.09969E-1 3.03671E-1 3.00024E-1 2.98246E-1 3.01176E-1 3.00633E-1 3.07195E-1 3.08136E-1
4.45162E-1 3.5245E-1 3.28304E-1 3.12087E-1 3.09364E-1 3.03527E-1 3.07803E-1 3.13027E-1 3.07536E-1 3.11258E-1 3.6842E-1 3.80902E-1 3.84137E-1 3.75682E-1 3.60704E-1 3.70289E-1 3.54374E-1 3.34531E-1 3.19699E-1 3.38394E-1 3.79096E-1 3.61848E-1 3.50272E-1 3.33307E-1 3.2216E-1 3.31135E-1 3.24003E-1 3.2716E-1 3.24855E-1 3.23662E-1 3.11595E-1 3.04331E-1 3.0683E-1 3.0905E-1 3.05527E-1 3.02473E-1 3.01565E-1 2.98895E-1 3.02654E-1 3.07638E-1 3.05869E-1 3.04909E-1 3.04179E-1 3.12307E-1 3.07103E-1 2.97106E-1 2.93578E-1 2.95129E-1 3.02523E-1 3.00643E-1 2.939E-1 2.96843E-1 2.93338E-1 2.99413E-1 3.05293E-1 2.99624E-1 2.97915E-1 3.01078E-1 3.02469E-1 3.07687E-1 3.05116E-1
3.87038E-1 3.57877E-1 3.32523E-1 3.14478E-1 3.06471E-1 2.99567E-1 3.17353E-1 3.21768E-1 3.02999E-1 3.0558E-1 3.14948E-1 3.11388E-1 3.15875E-1 3.23028E-1 3.35289E-1 3.51611E-1 3.28913E-1 3.16433E-1 3.20047E-1 3.41975E-1 3.4314E-1 3.28724E-1 3.26251E-1 3.14785E-1 3.13877E-1 3.17517E-1 3.19227E-1 3.21598E-1 3.15552E-1 3.14011E-1 3.23069E-1 3.1751E-1 3.08136E-1 3.07042E-1 3.04527E-1 3.10992E-1 3.08863E-1 3.22632E-1 3.06932E-1 3.0518E-1 3.13244E-1 3.10419E-1 3.011E-1 3.08639E-1 3.01171E-1 2.95184E-1 2.94878E-1 2.91545E-1 2.93696E-1 2.95948E-1 2.90503E-1 2.92397E-1 2.93077E-1 2.93327E-1 2.97895E-1 2.99687E-1 3.00426E-1 3.02117E-1 3.04257E-1 3.04385E-1 3.14648E-1
6.12474E-1 3.61183E-1 3.29722E-1 3.13857E-1 2.99815E-1 2.89017E-1 2.90388E-1 3.03143E-1 2.99861E-1 3.09425E-1 3.04763E-1 2.97724E-1 3.11936E-1 3.30212E-1 3.57203E-1 3.30689E-1 3.25118E-1 3.24894E-1 3.2366E-1 3.22985E-1 3.2253E-1 3.21254E-1 3.25728E-1 3.21561E-1 3.19089E-1 3.2404E-1 3.33159E-1 3.15156E-1 3.16324E-1 3.1472E-1 3.10288E-1 3.13804E-1 3.15792E-1 3.13013E-1 3.09697E-1 3.08763E-1 3.09201E-1 3.10751E-1 3.05053E-1 3.08665E-1 3.10137E-1 3.06839E-1 3.01552E-1 3.01165E-1 2.97509E-1 2.96256E-1 2.9315E-1 2.92447E-1 2.93794E-1 3.00742E-1 2.94203E-1 2.90421E-1 2.93175E-1 2.92538E-1 2.9846E-1 3.00798E-1 3.07852E-1 3.06484E-1 3.08572E-1 3.15895E-1 3.14089E-1
6.19437E-1 3.68976E-1 3.36266E-1 3.1506E-1 3.07648E-1 3.03656E-1 2.8946E-1 2.92043E-1 2.96672E-1 2.979E-1 2.9738E-1 3.03002E-1 3.03795E-1 3.3529E-1 3.37392E-1 3.28773E-1 3.21389E-1 3.21425E-1 3.21706E-1 3.22488E-1 3.25583E-1 3.2405E-1 3.25792E-1 3.25585E-1 3.19477E-1 3.18236E-1 3.16751E-1 3.18088E-1 3.17262E-1 3.15729E-1 3.11496E-1 3.1377E-1 3.10748E-1 3.08724E-1 3.07869E-1 3.12366E-1 3.10178E-1 3.07843E-1 3.12429E-1 3.1666E-1 3.12192E-1 3.08733E-1 3.04881E-1 3.02027E-1 2.9947E-1 3.02727E-1 3.00718E-1 3.01193E-1 3.11728E-1 3.09346E-1 3.00672E-1 2.92356E-1 2.92803E-1 2.98641E-1 3.01385E-1 3.12153E-1 3.0681E-1 3.03895E-1 3.06432E-1 3.1016E-1 3.17958E-1
8.98953E-1 4.43978E-1 3.58595E-1 3.25418E-1 2.94636E-1 2.90344E-1 2.88662E-1 2.92359E-1 2.94524E-1 3.00769E-1 3.0798E-1 3.03131E-1 3.17178E-1 3.29733E-1 3.34637E-1 3.25693E-1 3.26887E-1 3.30415E-1 3.31864E-1 3.27252E-1 3.26319E-1 3.26544E-1 3.25533E-1 3.24574E-1 3.19778E-1 3.16502E-1 3.1949E-1 3.17722E-1 3.18765E-1 3.16741E-1 3.11837E-1 3.14082E-1 3.14527E-1 3.16277E-1 3.15964E-1 3.15564E-1 3.15676E-1 3.1687E-1 3.1669E-1 3.12427E-1 3.17311E-1 3.1328E-1 3.15374E-1 3.12961E-1 3.07077E-1 3.13733E-1 3.03184E-1 2.97837E-1 3.00511E-1 2.98917E-1 3.13344E-1 3.29458E-1 3.05834E-1 3.0603E-1 3.07216E-1 3.07179E-1 3.04366E-1 3.07409E-1 3.11252E-1 3.09339E-1 3.22339E-1
9.64638E-1 5.14249E-1 3.63988E-1 3.20318E-1 3.02929E-1 2.94346E-1 2.90104E-1 2.92289E-1 2.93917E-1 3.30403E-1 3.24033E-1 3.13674E-1 3.17038E-1 3.20537E-1 3.30683E-1 3.37196E-1 3.36545E-1 3.37918E-1 3.37998E-1 3.27272E-1 3.27643E-1 3.27585E-1 3.32491E-1 3.32423E-1 3.29933E-1 3.30807E-1 3.27548E-1 3.25853E-1 3.22125E-1 3.21748E-1 3.18792E-1 3.20786E-1 3.21127E-1 3.20146E-1 3.17636E-1 3.20345E-1 3.19622E-1 3.18594E-1 3.17214E-1 3.16065E-1 3.15623E-1 3.10852E-1 3.14175E-1 3.11056E-1 3.09917E-1 3.07646E-1 3.00456E-1 3.02747E-1 2.97192E-1 3.02745E-1 3.13022E-1 3.18183E-1 3.0654E-1 2.99068E-1 3.00461E-1 3.0481E-1 3.04585E-1 3.07766E-1 3.10782E-1 3.16627E-1 3.20893E-1
9.53192E-1 9.57627E-1 3.8438E-1 3.45673E-1 3.18664E-1 3.08679E-1 3.0618E-1 2.97211E-1 3.03859E-1 3.05473E-1 3.06697E-1 3.11274E-1 3.18203E-1 3.15966E-1 3.15551E-1 3.52455E-1 3.49864E-1 3.62847E-1 3.45994E-1 3.33774E-1 3.32823E-1 3.392E-1 3.37596E-1 3.39942E-1 3.36469E-1 3.37023E-1 3.35079E-1 3.30453E-1 3.2827E-1 3.2953E-1 3.29131E-1 3.25363E-1 3.16833E-1 3.20211E-1 3.2776E-1 3.28579E-1 3.26561E-1 3.32383E-1 3.30321E-1 3.22462E-1 3.1846E-1 3.16034E-1 3.16718E-1 3.12683E-1 3.09567E-1 3.05747E-1 3.03274E-1 2.96582E-1 2.99173E-1 2.9612E-1 3.00003E-1 2.98433E-1 3.00767E-1 3.05728E-1 3.0386E-1 3.05271E-1 3.06257E-1 3.09494E-1 3.10797E-1 3.18487E-1 3.17811E-1
9.63123E-1 -9999 4.63718E-1 3.71112E-1 3.34792E-1 3.17685E-1 3.13166E-1 3.05897E-1 3.1159E-1 3.17371E-1 3.20747E-1 3.11918E-1 3.17557E-1 3.20491E-1 3.36688E-1 3.57623E-1 3.53502E-1 3.43304E-1 3.31995E-1 3.29028E-1 3.30958E-1 3.38812E-1 3.38255E-1 3.37947E-1 3.35575E-1 3.36442E-1 3.35042E-1 3.31838E-1 3.36302E-1 3.40337E-1 3.37498E-1 3.28037E-1 3.23025E-1 3.28095E-1 3.30919E-1 3.34429E-1 3.34574E-1 3.31356E-1 3.29676E-1 3.27713E-1 3.29904E-1 3.23658E-1 3.21244E-1 3.20522E-1 3.16891E-1 3.12544E-1 3.07138E-1 3.05912E-1 3.03084E-1 3.16258E-1 3.10146E-1 3.12982E-1 3.13231E-1 3.13286E-1 3.10582E-1 3.07828E-1 3.11599E-1 3.12727E-1 3.16453E-1 3.22991E-1 3.31573E-1
9.63108E-1 -9999 -9999 3.63506E-1 3.41056E-1 3.16598E-1 3.08232E-1 3.11553E-1 3.19247E-1 3.19999E-1 3.16222E-1 3.1652E-1 3.13515E-1 3.16473E-1 3.22354E-1 3.38218E-1 3.33446E-1 3.29799E-1 3.29594E-1 3.31588E-1 3.36773E-1 3.43394E-1 3.46527E-1 3.42328E-1 3.37895E-1 3.36014E-1 3.44443E-1 3.41138E-1 3.33092E-1 3.36337E-1 3.28576E-1 3.29401E-1 3.34565E-1 3.33379E-1 3.34541E-1 3.34819E-1 3.32614E-1 3.36606E-1 3.35489E-1 3.36831E-1 3.33237E-1 3.34599E-1 3.30408E-1 3.30106E-1 3.22224E-1 3.16181E-1 3.1463E-1 3.15778E-1 3.09317E-1 3.04495E-1 3.06351E-1 3.12193E-1 3.09991E-1 3.09504E-1 3.08758E-1 3.12619E-1 3.14686E-1 3.20945E-1 3.19373E-1 3.30727E-1 3.38079E-1
3.90499E-1 6.44436E-1 3.9175E-1 3.43176E-1 3.27079E-1 3.23465E-1 3.16377E-1 3.23394E-1 3.22677E-1 3.16059E-1 3.15701E-1 3.13791E-1 3.23156E-1 3.21804E-1 3.23527E-1 3.2281E-1 3.22105E-1 3.24601E-1 3.37865E-1 3.40585E-1 3.47264E-1 3.38791E-1 3.33617E-1 3.37916E-1 3.37858E-1 3.45704E-1 3.43427E-1 3.39255E-1 3.39663E-1 3.36448E-1 3.36787E-1 3.33089E-1 3.33103E-1 3.33463E-1 3.36531E-1 3.4073E-1 3.38174E-1 3.39656E-1 3.42407E-1 3.46817E-1 3.44376E-1 3.39192E-1 3.38199E-1 3.36446E-1 3.19207E-1 3.13076E-1 3.05757E-1 3.03885E-1 3.02458E-1 3.04178E-1 3.04738E-1 3.07649E-1 3.12544E-1 3.07557E-1 3.1378E-1 3.16522E-1 3.26144E-1 3.29573E-1 3.31923E-1 3.34895E-1 3.41157E-1
9.52247E-1 3.7908E-1 3.49465E-1 3.35561E-1 3.24692E-1 3.22694E-1 3.17933E-1 3.16034E-1 3.14671E-1 3.10751E-1 3.16292E-1 3.11342E-1 3.14267E-1 3.17348E-1 3.17316E-1 3.1978E-1 3.20995E-1 3.20653E-1 3.27399E-1 3.40765E-1 3.46229E-1 3.44294E-1 3.44894E-1 3.46654E-1 3.41584E-1 3.43158E-1 3.44593E-1 3.43973E-1 3.40475E-1 3.38408E-1 3.33313E-1 3.37517E-1 3.35595E-1 3.38975E-1 3.39729E-1 3.39843E-1 3.42857E-1 3.45621E-1 3.56563E-1 3.54006E-1 3.51692E-1 3.49483E-1 3.37782E-1 3.2782E-1 3.20274E-1 3.129E-1 3.0562E-1 3.09069E-1 3.07244E-1 3.02231E-1 3.16418E-1 3.18253E-1 3.17704E-1 3.22259E-1 3.14902E-1 3.26018E-1 3.31175E-1 3.28672E-1 3.39903E-1 3.3997E-1 3.48738E-1
5.18438E-1 3.54602E-1 3.45943E-1 3.3466E-1 3.31863E-1 3.20901E-1 3.20518E-1 3.23659E-1 3.20389E-1 3.19649E-1 3.1762E-1 3.17145E-1 3.27924E-1 3.24457E-1 3.2338E-1 3.25124E-1 3.24963E-1 3.25964E-1 3.24902E-1 3.37976E-1 3.40095E-1 3.42297E-1 3.43943E-1 3.49364E-1 3.51965E-1 3.46107E-1 3.45337E-1 3.43608E-1 3.42441E-1 3.41598E-1 3.41615E-1 3.46481E-1 3.50729E-1 3.45439E-1 3.43058E-1 3.44826E-1 3.51244E-1 3.56994E-1 3.71789E-1 3.6614E-1 3.61585E-1 3.49387E-1 3.38343E-1 3.26132E-1 3.20011E-1 3.19003E-1 3.13298E-1 3.07388E-1 3.07614E-1 3.05155E-1 3.04054E-1 3.12199E-1 3.14824E-1 3.30794E-1 3.66201E-1 3.27101E-1 3.3241E-1 3.3824E-1 3.47415E-1 3.50589E-1 3.6309E-1
4.4866E-1 3.59141E-1 3.57545E-1 3.33671E-1 3.31429E-1 3.26153E-1 3.24486E-1 3.27196E-1 3.26012E-1 3.23727E-1 3.24307E-1 3.29275E-1 3.29648E-1 3.29888E-1 3.27246E-1 3.28011E-1 3.31484E-1 3.30608E-1 3.35776E-1 3.44543E-1 3.3874E-1 3.42815E-1 3.44753E-1 3.49946E-1 3.47642E-1 3.48456E-1 3.47922E-1 3.45469E-1 3.46548E-1 3.4636E-1 3.45889E-1 3.49066E-1 3.49426E-1 3.44587E-1 3.47562E-1 3.427E-1 3.48506E-1 3.6144E-1 3.57985E-1 3.5642E-1 3.49176E-1 3.4322E-1 3.37101E-1 3.34498E-1 3.27645E-1 3.2065E-1 3.16591E-1 3.11547E-1 3.12281E-1 3.14333E-1 3.14612E-1 3.18995E-1 3.22262E-1 3.24155E-1 3.47204E-1 3.29552E-1 3.32992E-1 3.4308E-1 3.47068E-1 3.61287E-1 4.25783E-1
3.50891E-1 3.9909E-1 3.53682E-1 3.48229E-1 3.40833E-1 3.37422E-1 3.35652E-1 3.35339E-1 3.34469E-1 3.24077E-1 3.31433E-1 3.31419E-1 3.29659E-1 3.35183E-1 3.39609E-1 3.32223E-1 3.36112E-1 3.36251E-1 3.3698E-1 3.43328E-1 3.48064E-1 3.51778E-1 3.53122E-1 3.64694E-1 3.63296E-1 3.61311E-1 3.55612E-1 3.5085E-1 3.51566E-1 3.52243E-1 3.49966E-1 3.52774E-1 3.55889E-1 3.46679E-1 3.50327E-1 3.43517E-1 3.68105E-1 3.65447E-1 3.55308E-1 3.55427E-1 3.47503E-1 3.485E-1 3.44929E-1 3.39794E-1 3.33071E-1 3.28001E-1 3.26736E-1 3.12659E-1 3.13831E-1 3.10394E-1 3.16141E-1 3.2772E-1 3.30983E-1 3.25295E-1 3.26468E-1 3.32289E-1 3.37104E-1 3.44607E-1 3.54373E-1 3.69881E-1 4.29184E-1
3.49381E-1 3.59854E-1 3.519E-1 3.46946E-1 3.44778E-1 3.42809E-1 3.38374E-1 3.31215E-1 3.3472E-1 3.43995E-1 3.39317E-1 3.38507E-1 3.39459E-1 3.40367E-1 3.32291E-1 3.33125E-1 3.40536E-1 3.4274E-1 3.43157E-1 3.49404E-1 3.51822E-1 3.56363E-1 3.59694E-1 3.59462E-1 3.57876E-1 3.50844E-1 3.54562E-1 3.59946E-1 3.61957E-1 3.55505E-1 3.51953E-1 3.46653E-1 3.54552E-1 3.50022E-1 3.8466E-1 4.50435E-1 4.40904E-1 4.07356E-1 3.82332E-1 3.60403E-1 3.53833E-1 3.55194E-1 3.46011E-1 3.50952E-1 3.40898E-1 3.28616E-1 3.23657E-1 3.18202E-1 3.16385E-1 3.16678E-1 3.16609E-1 3.2163E-1 3.39372E-1 3.44451E-1 3.31921E-1 3.37293E-1 3.45904E-1 3.49088E-1 3.5957E-1 3.69142E-1 4.07062E-1
3.46978E-1 3.44732E-1 3.50089E-1 3.45903E-1 3.42341E-1 3.411E-1 3.33752E-1 3.33338E-1 3.41378E-1 3.44685E-1 3.37568E-1 3.35289E-1 3.41625E-1 3.39416E-1 3.32595E-1 3.38561E-1 3.45834E-1 3.47375E-1 3.41789E-1 3.49829E-1 3.4666E-1 3.53051E-1 3.67047E-1 3.54518E-1 3.50296E-1 3.4995E-1 3.52653E-1 3.52858E-1 3.5521E-1 3.5735E-1 3.53645E-1 3.56796E-1 3.65963E-1 4.24137E-1 4.75097E-1 4.2635E-1 3.99954E-1 3.87422E-1 3.69436E-1 3.62996E-1 3.61457E-1 3.61353E-1 3.53544E-1 3.50723E-1 3.384E-1 3.32736E-1 3.22093E-1 3.20249E-1 3.19882E-1 3.1821E-1 3.14354E-1 3.20582E-1 3.31819E-1 3.41532E-1 3.41135E-1 3.41685E-1 3.4912E-1 3.57499E-1 3.69781E-1 3.62995E-1 3.6454E-1
3.40657E-1 3.36666E-1 3.39368E-1 3.39658E-1 3.40508E-1 3.44092E-1 3.43246E-1 3.49203E-1 3.54109E-1 3.4623E-1 3.45945E-1 3.50458E-1 3.60573E-1 3.69071E-1 3.53218E-1 3.47365E-1 3.46001E-1 3.56181E-1 3.52479E-1 3.46576E-1 3.47658E-1 3.53156E-1 3.57494E-1 3.61433E-1 3.54535E-1 3.55333E-1 3.5452E-1 3.66454E-1 3.6331E-1 3.58781E-1 3.56717E-1 3.75589E-1 4.72987E-1 4.7435E-1 4.08859E-1 3.89097E-1 3.5983E-1 3.59201E-1 3.67861E-1 3.78439E-1 3.68343E-1 3.56196E-1 3.48084E-1 3.44411E-1 3.38017E-1 3.29001E-1 3.22466E-1 3.14938E-1 3.16249E-1 3.22265E-1 3.1778E-1 3.16763E-1 3.36282E-1 3.39481E-1 3.42346E-1 3.52526E-1 3.59127E-1 3.63607E-1 3.64484E-1 3.66837E-1 3.63456E-1
3.31728E-1 3.32621E-1 3.33333E-1 3.34676E-1 3.36796E-1 3.42327E-1 3.42932E-1 3.49436E-1 3.43134E-1 3.4151E-1 3.45223E-1 3.46241E-1 3.54322E-1 3.58614E-1 3.46167E-1 3.47074E-1 3.53738E-1 3.4858E-1 3.40212E-1 3.4366E-1 3.43148E-1 3.49786E-1 3.50848E-1 3.60537E-1 3.58068E-1 3.61462E-1 3.62937E-1 3.67878E-1 3.61821E-1 3.64729E-1 3.67066E-1 4.34351E-1 4.61903E-1 3.89555E-1 3.7582E-1 3.69687E-1 3.6211E-1 3.58449E-1 3.64091E-1 3.61801E-1 3.56474E-1 3.48462E-1 3.4541E-1 3.40375E-1 3.33786E-1 3.27738E-1 3.28911E-1 3.2485E-1 3.18411E-1 3.43234E-1 3.46641E-1 3.35796E-1 3.3235E-1 3.51023E-1 3.49262E-1 3.62058E-1 3.62335E-1 3.61728E-1 3.63873E-1 3.62183E-1 3.63488E-1
3.34749E-1 3.33679E-1 3.30371E-1 3.38812E-1 3.40667E-1 3.45231E-1 3.48361E-1 3.47606E-1 3.46984E-1 3.42559E-1 3.41932E-1 3.41972E-1 3.45392E-1 3.42008E-1 3.48201E-1 3.52162E-1 3.48708E-1 3.3971E-1 3.4344E-1 3.50069E-1 3.46847E-1 3.50675E-1 3.58652E-1 3.64293E-1 3.57503E-1 3.6313E-1 3.61737E-1 3.64732E-1 3.66006E-1 3.62036E-1 3.66388E-1 4.39948E-1 3.81321E-1 3.67806E-1 3.71093E-1 3.70245E-1 3.66884E-1 3.66022E-1 3.69293E-1 3.63522E-1 3.55387E-1 3.54873E-1 3.47558E-1 3.41193E-1 3.37799E-1 3.26833E-1 3.23827E-1 3.24489E-1 3.21073E-1 3.30649E-1 3.54949E-1 3.44491E-1 3.2984E-1 3.3645E-1 3.47022E-1 3.64224E-1 3.79151E-1 3.63396E-1 3.6521E-1 3.71262E-1 3.59417E-1
3.3186E-1 3.3053E-1 3.28282E-1 3.36112E-1 3.41254E-1 3.4483E-1 3.45198E-1 3.46739E-1 3.49118E-1 3.39658E-1 3.37442E-1 3.44345E-1 3.43829E-1 3.47196E-1 3.43788E-1 3.35682E-1 3.38978E-1 3.39457E-1 3.4497E-1 3.44536E-1 3.42349E-1 3.44992E-1 3.55283E-1 3.63215E-1 3.60808E-1 3.70328E-1 3.67693E-1 3.70422E-1 3.68642E-1 3.68164E-1 3.67664E-1 3.91449E-1 3.75599E-1 3.64416E-1 3.64472E-1 3.66681E-1 3.70083E-1 3.69341E-1 3.71602E-1 3.66793E-1 3.56956E-1 3.54888E-1 3.52001E-1 3.47431E-1 3.48677E-1 3.35984E-1 3.26055E-1 3.24179E-1 3.19808E-1 3.25095E-1 3.30024E-1 3.27779E-1 3.39669E-1 3.47138E-1 3.44248E-1 3.59823E-1 3.74952E-1 3.71688E-1 3.75771E-1 4.01902E-1 3.76355E-1
3.31949E-1 3.32475E-1 3.35469E-1 3.39098E-1 3.37136E-1 3.43866E-1 3.40617E-1 3.43477E-1 3.44503E-1 3.46608E-1 3.51759E-1 3.41987E-1 3.40197E-1 3.50226E-1 3.46533E-1 3.34077E-1 3.35844E-1 3.35822E-1 3.34848E-1 3.40448E-1 3.39542E-1 3.46491E-1 3.48682E-1 3.5981E-1 3.57993E-1 3.60072E-1 3.62776E-1 3.62569E-1 3.66378E-1 3.65644E-1 3.6629E-1 3.84051E-1 3.70064E-1 3.65427E-1 3.65957E-1 3.6675E-1 3.69422E-1 3.74152E-1 3.68713E-1 3.64407E-1 3.65323E-1 3.57048E-1 3.4776E-1 3.43999E-1 3.47169E-1 3.39047E-1 3.366E-1 3.55595E-1 3.30853E-1 3.31674E-1 3.30742E-1 3.32975E-1 3.33485E-1 3.50777E-1 3.60368E-1 3.66022E-1 3.77016E-1 3.79115E-1 3.94415E-1 4.3876E-1 4.15125E-1
3.37147E-1 3.37351E-1 3.34618E-1 3.38331E-1 3.39257E-1 3.41095E-1 3.39075E-1 3.44293E-1 3.44719E-1 3.42565E-1 3.49622E-1 3.41596E-1 3.37781E-1 3.46959E-1 3.37313E-1 3.32952E-1 3.30248E-1 3.32212E-1 3.31033E-1 3.34029E-1 3.35996E-1 3.43429E-1 3.49902E-1 3.50502E-1 3.54251E-1 3.53425E-1 3.57857E-1 3.6237E-1 3.68401E-1 3.68149E-1 3.88072E-1 3.81136E-1 3.69678E-1 3.72678E-1 3.70341E-1 3.69725E-1 3.70696E-1 3.71718E-1 3.70785E-1 3.6667E-1 3.62335E-1 3.57795E-1 3.45985E-1 3.47563E-1 3.44669E-1 3.3883E-1 3.36839E-1 3.80703E-1 3.43351E-1 3.40355E-1 3.37974E-1 3.45669E-1 3.46994E-1 3.604E-1 3.75894E-1 3.72039E-1 3.80282E-1 3.89649E-1 3.94619E-1 4.12568E-1 4.77426E-1
3.29699E-1 3.29692E-1 3.28781E-1 3.33385E-1 3.34505E-1 3.42399E-1 3.51019E-1 3.44053E-1 3.54375E-1 3.53255E-1 3.49807E-1 3.48621E-1 3.36986E-1 3.36079E-1 3.37457E-1 3.42432E-1 3.28124E-1 3.29747E-1 3.34592E-1 3.34594E-1 3.36178E-1 3.48732E-1 3.46296E-1 3.49701E-1 3.50855E-1 3.64676E-1 3.60434E-1 3.64374E-1 3.71254E-1 3.98944E-1 3.98864E-1 3.70425E-1 3.71644E-1 3.71069E-1 3.72655E-1 3.71738E-1 3.74102E-1 3.73168E-1 3.71945E-1 3.67103E-1 3.64701E-1 3.65389E-1 3.49922E-1 3.49041E-1 3.48809E-1 3.46734E-1 3.42221E-1 3.71818E-1 3.52643E-1 3.60258E-1 3.55772E-1 3.51645E-1 3.7246E-1 3.8063E-1 3.82634E-1 3.82077E-1 3.94325E-1 3.97943E-1 4.07421E-1 4.28897E-1 4.93797E-1
3.25314E-1 3.29124E-1 3.28852E-1 3.29826E-1 3.26734E-1 3.31747E-1 3.34941E-1 3.40939E-1 3.43723E-1 3.47364E-1 3.42008E-1 3.47148E-1 3.35728E-1 3.41618E-1 3.56651E-1 3.2522E-1 3.26805E-1 3.2865E-1 3.33672E-1 3.33216E-1 3.34122E-1 3.37464E-1 3.40532E-1 3.44778E-1 3.42505E-1 3.50029E-1 3.63459E-1 3.67221E-1 3.68917E-1 3.90232E-1 3.75187E-1 3.70224E-1 3.73233E-1 3.73411E-1 3.75597E-1 3.82164E-1 3.76243E-1 3.76704E-1 3.7082E-1 3.6842E-1 3.67692E-1 3.67883E-1 3.62212E-1 3.56097E-1 3.48884E-1 3.51426E-1 3.54504E-1 3.58078E-1 3.64427E-1 3.63428E-1 3.61863E-1 3.68517E-1 3.95139E-1 4.13168E-1 4.0513E-1 3.98748E-1 4.02779E-1 4.26279E-1 4.29197E-1 4.4812E-1 4.62005E-1
3.32844E-1 3.26212E-1 3.25839E-1 3.26419E-1 3.26565E-1 3.27762E-1 3.32541E-1 3.40054E-1 3.39537E-1 3.34929E-1 3.3465E-1 3.31213E-1 3.26664E-1 3.27511E-1 3.23315E-1 3.33579E-1 3.55194E-1 3.2954E-1 3.299E-1 3.42254E-1 3.41859E-1 3.41067E-1 3.41153E-1 3.44374E-1 3.47657E-1 3.53072E-1 3.55629E-1 3.70537E-1 3.77094E-1 3.71094E-1 3.68674E-1 3.70098E-1 3.65347E-1 3.76526E-1 3.80531E-1 3.80011E-1 3.81228E-1 3.72512E-1 3.73227E-1 3.66675E-1 3.65318E-1 3.63212E-1 3.70662E-1 3.66925E-1 3.61283E-1 3.62E-1 3.66174E-1 3.7158E-1 3.73015E-1 3.78498E-1 3.84035E-1 4.0495E-1 4.67614E-1 4.27461E-1 4.49496E-1 4.23761E-1 4.1723E-1 4.38369E-1 4.36697E-1 4.5821E-1 4.76476E-1
