maxent_outputs/hummingbirds/hummingbird_217.asc
ncols         426
nrows         180
xllcorner     -130.0
yllcorner     24.0
cellsize      0.16666666666666666
NODATA_value  -9999
[rows 0 to 26 of 180, columns 183 to 243 of 426]
3.08413E-1 2.95182E-1 2.92158E-1 2.90574E-1 2.84837E-1 2.82695E-1 2.85209E-1 3.15671E-1 3.18633E-1 3.13347E-1 2.96927E-1 2.8976E-1 2.7986E-1 2.76282E-1 2.80855E-1 2.83547E-1 2.80086E-1 2.77008E-1 2.76972E-1 2.82649E-1 2.99489E-1 2.89041E-1 2.79149E-1 2.79195E-1 2.76495E-1 2.78127E-1 2.75252E-1 2.85879E-1 2.93673E-1 2.86666E-1 2.78151E-1 2.75417E-1 2.76328E-1 2.76806E-1 2.72089E-1 2.68811E-1 2.67288E-1 2.6725E-1 2.71578E-1 2.70105E-1 2.69E-1 2.71581E-1 2.70418E-1 2.68023E-1 2.73089E-1 2.73245E-1 2.73711E-1 2.74612E-1 2.8104E-1 2.7926E-1 2.75924E-1 2.82332E-1 2.83296E-1 2.78221E-1 2.81603E-1 2.76512E-1 2.76967E-1 2.71822E-1 2.7214E-1 2.74375E-1 2.73772E-1
2.9492E-1 2.91211E-1 2.96076E-1 3.41075E-1 3.62523E-1 3.6839E-1 3.6883E-1 3.68781E-1 3.51426E-1 3.34995E-1 3.01971E-1 2.97791E-1 2.89892E-1 2.85483E-1 2.88577E-1 2.79687E-1 2.77276E-1 2.75849E-1 2.74691E-1 2.81373E-1 2.81048E-1 2.80439E-1 2.90442E-1 2.86717E-1 2.82851E-1 2.71954E-1 2.77394E-1 2.85459E-1 2.89303E-1 2.93701E-1 3.01801E-1 2.97224E-1 2.86246E-1 2.8202E-1 2.78571E-1 2.7469E-1 2.76081E-1 2.78104E-1 2.77243E-1 2.74541E-1 2.74543E-1 2.67684E-1 2.70611E-1 2.794E-1 2.84059E-1 2.81271E-1 2.77369E-1 2.72722E-1 2.7502E-1 2.8132E-1 2.76949E-1 2.81447E-1 2.79513E-1 2.74067E-1 2.78552E-1 2.84597E-1 3.14171E-1 3.20942E-1 3.04362E-1 2.83678E-1 2.83049E-1
2.87944E-1 2.88364E-1 3.15223E-1 3.66422E-1 3.69204E-1 3.68228E-1 3.74794E-1 3.76705E-1 3.80787E-1 3.75964E-1 3.32245E-1 3.0141E-1 2.98862E-1 2.85438E-1 2.83175E-1 2.81214E-1 2.7915E-1 2.8104E-1 2.84845E-1 2.92934E-1 2.85634E-1 2.77415E-1 2.78083E-1 2.79797E-1 2.84188E-1 2.74608E-1 2.78822E-1 2.76631E-1 2.74503E-1 2.70933E-1 2.71312E-1 2.69281E-1 2.73389E-1 2.7178E-1 2.78535E-1 2.78287E-1 2.76723E-1 2.80006E-1 2.78571E-1 2.74434E-1 2.7433E-1 2.72431E-1 2.68459E-1 2.65363E-1 2.67644E-1 2.69528E-1 2.71701E-1 2.72007E-1 2.76492E-1 2.76408E-1 2.8286E-1 2.77422E-1 2.74971E-1 2.71239E-1 2.71755E-1 2.75678E-1 2.75502E-1 2.7773E-1 2.76829E-1 2.77835E-1 2.77733E-1
2.91661E-1 3.00671E-1 3.42137E-1 3.70715E-1 3.71587E-1 3.69235E-1 3.73053E-1 3.73904E-1 3.78684E-1 3.83377E-1 3.73098E-1 3.13273E-1 3.06308E-1 2.9082E-1 2.91325E-1 2.83111E-1 2.85116E-1 2.86036E-1 2.86855E-1 2.8393E-1 2.92729E-1 2.8156E-1 2.76062E-1 2.75632E-1 2.76331E-1 2.82696E-1 2.8016E-1 2.70512E-1 2.68689E-1 2.69291E-1 2.70751E-1 2.75046E-1 2.72698E-1 2.71698E-1 2.71685E-1 2.74523E-1 2.76288E-1 2.74292E-1 2.73116E-1 2.7469E-1 2.75469E-1 2.70266E-1 2.68059E-1 2.67202E-1 2.66077E-1 2.66219E-1 2.79437E-1 2.77072E-1 2.75364E-1 2.77371E-1 2.77302E-1 2.849E-1 2.78076E-1 2.73577E-1 2.74101E-1 2.72836E-1 2.73955E-1 2.73805E-1 2.78318E-1 2.74212E-1 2.76974E-1
3.14111E-1 3.20961E-1 3.53679E-1 3.68886E-1 3.70126E-1 3.71527E-1 3.70871E-1 3.74517E-1 3.78102E-1 3.82547E-1 3.79524E-1 3.50915E-1 3.18181E-1 2.92197E-1 2.82505E-1 2.8587E-1 2.825E-1 2.79012E-1 2.81841E-1 2.81633E-1 2.80141E-1 2.82957E-1 2.84305E-1 2.79208E-1 2.74434E-1 2.77716E-1 2.74308E-1 2.78049E-1 2.77287E-1 2.73998E-1 2.74251E-1 2.75416E-1 2.71039E-1 2.72113E-1 2.76991E-1 2.82214E-1 2.74868E-1 2.72297E-1 2.67487E-1 2.70733E-1 2.72589E-1 2.71605E-1 2.7277E-1 2.71035E-1 2.71688E-1 2.73255E-1 2.69302E-1 2.69787E-1 2.73114E-1 2.72644E-1 2.71381E-1 2.7727E-1 2.7434E-1 2.73982E-1 2.72918E-1 2.74271E-1 2.72682E-1 2.74723E-1 2.76327E-1 2.76484E-1 2.74842E-1
3.12275E-1 3.0946E-1 3.22568E-1 3.4558E-1 3.46066E-1 3.48998E-1 3.6716E-1 3.73356E-1 3.74755E-1 3.80858E-1 3.80629E-1 3.714E-1 3.38995E-1 2.99091E-1 2.93829E-1 2.85499E-1 2.85457E-1 2.82891E-1 2.79822E-1 2.81004E-1 2.88081E-1 2.82312E-1 2.79518E-1 2.83713E-1 2.83927E-1 2.87268E-1 2.90599E-1 2.91839E-1 2.84004E-1 2.83476E-1 2.81118E-1 2.76647E-1 2.75708E-1 2.75444E-1 2.7535E-1 2.87234E-1 2.93753E-1 2.85746E-1 2.92849E-1 2.91161E-1 2.94262E-1 2.88769E-1 2.75702E-1 2.73091E-1 2.73105E-1 2.80349E-1 2.71367E-1 2.71444E-1 2.75734E-1 2.80361E-1 2.78554E-1 2.77342E-1 2.75766E-1 2.74345E-1 2.73213E-1 2.6934E-1 2.72986E-1 2.81006E-1 2.82604E-1 2.78781E-1 2.80946E-1
3.106E-1 3.04109E-1 3.01626E-1 3.1146E-1 3.45378E-1 3.60266E-1 3.71754E-1 3.74561E-1 3.75034E-1 3.82221E-1 3.83712E-1 3.77334E-1 3.41582E-1 3.10536E-1 3.04226E-1 2.92472E-1 2.86014E-1 2.86788E-1 2.87595E-1 2.85808E-1 2.8952E-1 2.89586E-1 2.82985E-1 2.86003E-1 2.87407E-1 2.93227E-1 2.8992E-1 2.91211E-1 2.8607E-1 2.83271E-1 2.81785E-1 2.82016E-1 2.83492E-1 2.89653E-1 2.8355E-1 2.90214E-1 2.92499E-1 2.8515E-1 2.8587E-1 2.84604E-1 2.8469E-1 2.81306E-1 2.75596E-1 2.76568E-1 2.81735E-1 2.86671E-1 2.84841E-1 2.78821E-1 2.87569E-1 2.83345E-1 2.82E-1 2.84045E-1 2.84506E-1 2.74723E-1 2.73823E-1 2.7315E-1 2.74251E-1 2.82421E-1 2.83759E-1 2.84337E-1 2.86526E-1
3.17707E-1 3.04966E-1 3.04541E-1 3.15481E-1 3.51233E-1 3.69688E-1 3.6898E-1 3.71463E-1 3.72026E-1 3.74034E-1 3.75379E-1 3.77107E-1 3.67319E-1 3.16317E-1 3.01882E-1 2.96985E-1 2.99839E-1 3.08285E-1 3.00914E-1 2.96637E-1 2.91693E-1 2.9117E-1 2.89299E-1 2.87403E-1 2.87512E-1 2.98667E-1 2.91101E-1 2.90957E-1 2.90503E-1 2.90172E-1 2.86768E-1 2.84974E-1 2.84824E-1 2.89574E-1 2.8704E-1 2.88131E-1 2.86126E-1 2.82701E-1 2.78682E-1 2.77392E-1 2.77818E-1 2.81723E-1 2.80885E-1 2.77172E-1 2.777E-1 2.7815E-1 2.75867E-1 2.75596E-1 2.81366E-1 2.79803E-1 2.78371E-1 2.87805E-1 2.8992E-1 2.87528E-1 2.75459E-1 2.73167E-1 2.76563E-1 2.77177E-1 2.7779E-1 2.7898E-1 2.78494E-1
3.17064E-1 3.07188E-1 3.04664E-1 3.11228E-1 3.1167E-1 3.39311E-1 3.64601E-1 3.68767E-1 3.69552E-1 3.68532E-1 3.73142E-1 3.71684E-1 3.6508E-1 3.56272E-1 3.11241E-1 2.97791E-1 3.01337E-1 2.96214E-1 3.03117E-1 3.05165E-1 3.01928E-1 2.9685E-1 2.94185E-1 2.91804E-1 2.9594E-1 2.9226E-1 2.91699E-1 2.94886E-1 2.88661E-1 2.90572E-1 2.94952E-1 2.92679E-1 2.97967E-1 2.89779E-1 2.88106E-1 2.86261E-1 2.87901E-1 2.89576E-1 2.89674E-1 2.89599E-1 2.84548E-1 2.82752E-1 2.8457E-1 2.83152E-1 2.77696E-1 2.77302E-1 2.77573E-1 2.92926E-1 2.88693E-1 2.81706E-1 2.79192E-1 2.771E-1 2.73466E-1 2.73014E-1 2.78779E-1 2.7669E-1 2.75817E-1 2.74142E-1 2.80054E-1 2.80073E-1 2.78547E-1
3.20707E-1 3.06996E-1 3.04742E-1 3.0463E-1 3.04909E-1 3.07007E-1 3.43926E-1 3.64435E-1 3.523E-1 3.48757E-1 3.71857E-1 3.65111E-1 3.58144E-1 3.51427E-1 3.34257E-1 3.01433E-1 3.01576E-1 2.96731E-1 2.97504E-1 2.9303E-1 2.94035E-1 2.95589E-1 2.94049E-1 2.94547E-1 2.98218E-1 2.95424E-1 2.91155E-1 2.92471E-1 2.88234E-1 2.87279E-1 2.90959E-1 2.91341E-1 2.89582E-1 2.86245E-1 2.90874E-1 2.95071E-1 2.92249E-1 2.89366E-1 2.89611E-1 2.88495E-1 2.85087E-1 2.86308E-1 2.87242E-1 2.88028E-1 2.83087E-1 2.79756E-1 2.79406E-1 2.84344E-1 2.79911E-1 2.77881E-1 2.7581E-1 2.72643E-1 2.72136E-1 2.72155E-1 2.71375E-1 2.72434E-1 2.7653E-1 2.76001E-1 2.75549E-1 2.76974E-1 2.81601E-1
3.13703E-1 3.03713E-1 3.00455E-1 3.07073E-1 3.04619E-1 3.05281E-1 3.07886E-1 3.24135E-1 3.57352E-1 3.56218E-1 3.63361E-1 3.62213E-1 3.56891E-1 3.40776E-1 3.38223E-1 3.02939E-1 3.02707E-1 2.9849E-1 2.99956E-1 2.96459E-1 2.96881E-1 2.98222E-1 2.94466E-1 2.94661E-1 3.00507E-1 2.9704E-1 2.93744E-1 2.98026E-1 2.87846E-1 2.94422E-1 2.9604E-1 2.9437E-1 2.90447E-1 2.8974E-1 2.99992E-1 2.92815E-1 2.88614E-1 2.81824E-1 2.84279E-1 2.87076E-1 2.9727E-1 2.9254E-1 2.83667E-1 2.80625E-1 2.7895E-1 2.79537E-1 2.80398E-1 2.80715E-1 2.76857E-1 2.74568E-1 2.74869E-1 2.71862E-1 2.72614E-1 2.72411E-1 2.7112E-1 2.72635E-1 2.72964E-1 2.72528E-1 2.72339E-1 2.73852E-1 2.76965E-1
3.08603E-1 3.06472E-1 3.07915E-1 3.10174E-1 3.08614E-1 3.0873E-1 3.10217E-1 3.14591E-1 3.30573E-1 3.59006E-1 3.37116E-1 3.3071E-1 3.45022E-1 3.53344E-1 3.49049E-1 3.16011E-1 3.03266E-1 3.00489E-1 2.99893E-1 2.97477E-1 2.97548E-1 3.00687E-1 3.00248E-1 3.06626E-1 3.15128E-1 3.11322E-1 3.04761E-1 3.01032E-1 3.0197E-1 3.04114E-1 3.03419E-1 3.03447E-1 3.03656E-1 2.98461E-1 2.97748E-1 2.88564E-1 2.83731E-1 2.90109E-1 2.86111E-1 2.87028E-1 2.88701E-1 2.85685E-1 2.81927E-1 2.84096E-1 2.85794E-1 2.83075E-1 2.78427E-1 2.7866E-1 2.79501E-1 2.77194E-1 2.79665E-1 2.78276E-1 2.73469E-1 2.72098E-1 2.73303E-1 2.7552E-1 2.77333E-1 2.75891E-1 2.76233E-1 2.78646E-1 2.8105E-1
3.04087E-1 3.0768E-1 3.07303E-1 3.07394E-1 3.05604E-1 3.10339E-1 3.12474E-1 3.076E-1 3.14029E-1 3.29292E-1 3.18122E-1 3.22822E-1 3.14986E-1 3.41093E-1 3.5163E-1 3.42382E-1 3.09145E-1 3.02647E-1 2.97504E-1 2.93654E-1 2.99733E-1 3.04044E-1 3.05281E-1 3.07467E-1 3.15327E-1 3.00965E-1 3.04603E-1 2.96897E-1 3.0072E-1 3.00789E-1 3.01785E-1 3.02726E-1 3.05267E-1 3.01168E-1 2.98451E-1 2.89445E-1 2.9101E-1 2.92874E-1 2.90222E-1 2.91627E-1 2.90844E-1 2.89091E-1 2.85945E-1 2.85395E-1 2.85109E-1 2.87971E-1 2.81474E-1 2.80322E-1 2.87541E-1 2.83521E-1 2.85301E-1 2.79182E-1 2.74682E-1 2.72626E-1 2.78392E-1 2.79382E-1 2.79465E-1 2.77183E-1 2.78302E-1 2.79962E-1 2.84146E-1
3.18804E-1 3.09031E-1 3.07833E-1 3.06313E-1 3.02962E-1 3.06054E-1 3.19011E-1 3.16139E-1 3.03922E-1 3.01633E-1 3.11438E-1 3.16291E-1 3.33048E-1 3.35181E-1 3.4107E-1 3.34082E-1 3.26503E-1 3.04564E-1 2.96726E-1 2.98915E-1 3.00954E-1 3.0123E-1 3.04136E-1 3.08962E-1 3.02711E-1 3.04695E-1 2.98203E-1 3.03638E-1 3.05497E-1 3.09976E-1 3.05901E-1 3.04725E-1 3.07493E-1 3.06941E-1 3.07358E-1 3.0201E-1 3.02511E-1 3.00133E-1 3.0016E-1 3.01881E-1 3.00331E-1 2.92077E-1 2.89366E-1 2.90527E-1 2.94237E-1 2.98592E-1 2.91965E-1 2.89312E-1 2.87952E-1 2.90104E-1 2.91078E-1 2.84579E-1 2.86563E-1 2.78158E-1 2.79327E-1 2.81262E-1 2.76105E-1 2.80787E-1 2.84313E-1 2.83588E-1 2.90889E-1
3.13554E-1 3.13419E-1 3.17823E-1 3.16496E-1 3.12174E-1 3.12248E-1 3.07953E-1 2.94125E-1 3.01422E-1 3.06461E-1 3.13225E-1 3.14236E-1 3.21421E-1 3.37352E-1 3.23129E-1 3.0615E-1 3.26731E-1 3.16172E-1 2.98322E-1 2.98353E-1 3.0094E-1 3.0287E-1 3.05121E-1 3.09348E-1 3.01729E-1 3.04518E-1 3.01083E-1 3.01263E-1 3.04635E-1 3.06559E-1 3.0595E-1 3.04669E-1 3.05723E-1 3.07147E-1 3.05737E-1 3.07788E-1 3.04951E-1 3.06631E-1 3.04369E-1 3.0282E-1 3.01416E-1 2.99634E-1 2.95436E-1 2.95853E-1 2.97478E-1 3.05069E-1 2.93115E-1 2.94089E-1 2.92475E-1 2.87785E-1 2.89501E-1 2.86645E-1 2.85922E-1 2.8554E-1 2.84269E-1 2.79612E-1 2.79987E-1 2.80519E-1 2.81371E-1 2.84767E-1 2.85848E-1
2.96514E-1 3.03541E-1 3.19251E-1 3.1553E-1 3.01753E-1 2.83211E-1 2.93275E-1 2.95732E-1 3.05774E-1 3.1405E-1 3.13538E-1 3.05004E-1 3.11098E-1 3.20106E-1 3.05969E-1 3.15901E-1 3.37845E-1 3.40961E-1 3.08761E-1 2.98159E-1 2.95546E-1 2.97322E-1 2.97313E-1 3.01328E-1 3.03612E-1 3.02576E-1 3.04393E-1 3.10912E-1 3.12158E-1 3.06769E-1 3.05651E-1 3.01801E-1 3.05338E-1 2.97403E-1 3.00966E-1 3.05461E-1 3.0892E-1 3.09196E-1 3.07196E-1 3.0454E-1 3.01619E-1 3.08947E-1 3.1442E-1 3.10676E-1 3.01075E-1 3.08859E-1 3.0069E-1 2.96059E-1 2.98612E-1 2.96888E-1 2.96507E-1 2.91546E-1 2.87574E-1 2.86962E-1 2.85849E-1 2.84599E-1 2.8151E-1 2.84002E-1 2.84289E-1 2.87915E-1 2.90761E-1
2.92744E-1 3.00887E-1 3.09804E-1 3.19835E-1 3.15872E-1 3.00711E-1 2.78832E-1 2.92698E-1 3.06149E-1 3.02979E-1 2.98365E-1 3.00747E-1 3.06618E-1 3.0799E-1 2.99985E-1 3.22937E-1 3.22987E-1 3.37472E-1 3.27455E-1 3.05402E-1 2.97383E-1 2.95876E-1 2.98167E-1 3.01711E-1 3.0728E-1 3.04369E-1 3.065E-1 3.1012E-1 3.11998E-1 3.07599E-1 3.0828E-1 3.05997E-1 3.07173E-1 3.04729E-1 3.01989E-1 3.07114E-1 3.34782E-1 3.40209E-1 3.17566E-1 3.10772E-1 3.13401E-1 3.0998E-1 3.08387E-1 3.10713E-1 3.1088E-1 3.12897E-1 3.11265E-1 3.07592E-1 3.02993E-1 2.98633E-1 2.94955E-1 2.95206E-1 2.97062E-1 2.94109E-1 2.91327E-1 2.92395E-1 2.888E-1 2.90124E-1 2.90263E-1 2.93545E-1 2.97589E-1
2.97854E-1 3.00036E-1 3.0911E-1 3.18497E-1 3.17451E-1 3.07858E-1 2.91935E-1 2.9224E-1 3.04675E-1 3.07795E-1 2.91988E-1 2.87879E-1 2.90044E-1 2.93418E-1 2.88993E-1 3.07494E-1 3.23864E-1 3.42917E-1 3.24171E-1 2.98291E-1 2.99059E-1 3.02962E-1 3.02455E-1 3.02126E-1 3.03359E-1 3.05224E-1 3.11534E-1 3.08974E-1 3.076E-1 3.07609E-1 3.08605E-1 3.09814E-1 3.14885E-1 3.18722E-1 3.15189E-1 3.09359E-1 3.24161E-1 3.30393E-1 3.18414E-1 3.13931E-1 3.21913E-1 3.16242E-1 3.12323E-1 3.11072E-1 3.14229E-1 3.07861E-1 3.06752E-1 3.15141E-1 3.14145E-1 3.05594E-1 2.96717E-1 2.99892E-1 3.10956E-1 3.1196E-1 3.05879E-1 3.03488E-1 2.95833E-1 2.94723E-1 2.98236E-1 2.99824E-1 3.0134E-1
3.01741E-1 3.15046E-1 3.16298E-1 3.15921E-1 3.19857E-1 3.16534E-1 3.06814E-1 2.92635E-1 2.93517E-1 2.99127E-1 2.97615E-1 2.92075E-1 2.86789E-1 2.89625E-1 2.8867E-1 3.32404E-1 3.42443E-1 3.49147E-1 3.31506E-1 3.02535E-1 3.06727E-1 3.03698E-1 3.04921E-1 3.04728E-1 3.0045E-1 3.07193E-1 3.08574E-1 3.0872E-1 3.06259E-1 3.09503E-1 3.02256E-1 3.06241E-1 3.16841E-1 3.15054E-1 3.20631E-1 3.21685E-1 3.21638E-1 3.16636E-1 3.16396E-1 3.13648E-1 3.09155E-1 3.1165E-1 3.0987E-1 3.0999E-1 3.07447E-1 3.1149E-1 3.09341E-1 3.05762E-1 3.03288E-1 3.01807E-1 3.05996E-1 3.11661E-1 3.04937E-1 3.00314E-1 3.0418E-1 3.09511E-1 3.02982E-1 2.99894E-1 3.04792E-1 3.06362E-1 3.09697E-1
3.07556E-1 3.08065E-1 3.14579E-1 3.10812E-1 3.19963E-1 3.34469E-1 3.33197E-1 3.10431E-1 2.95601E-1 2.98431E-1 3.05756E-1 2.95833E-1 2.96128E-1 2.88898E-1 2.9421E-1 3.31818E-1 3.43541E-1 3.39017E-1 3.31205E-1 3.10546E-1 3.07884E-1 3.01253E-1 3.02286E-1 3.05547E-1 3.05041E-1 3.06323E-1 3.07153E-1 3.09619E-1 3.05491E-1 3.11349E-1 3.13036E-1 3.18688E-1 3.17779E-1 3.12587E-1 3.11119E-1 3.25273E-1 3.31987E-1 3.26476E-1 3.2352E-1 3.24572E-1 3.17351E-1 3.15269E-1 3.09607E-1 3.15548E-1 3.17394E-1 3.1627E-1 3.1057E-1 3.11572E-1 3.10065E-1 3.15982E-1 3.11906E-1 3.13493E-1 3.0991E-1 3.10674E-1 3.09751E-1 3.08858E-1 3.06386E-1 3.05259E-1 3.1158E-1 3.1313E-1 3.14216E-1
3.16928E-1 3.13104E-1 3.13673E-1 3.1123E-1 3.10526E-1 3.32498E-1 3.41276E-1 3.4043E-1 3.15244E-1 2.99997E-1 3.002E-1 2.94937E-1 2.95697E-1 2.84462E-1 2.88547E-1 3.25533E-1 3.34654E-1 3.19376E-1 3.12702E-1 3.09031E-1 3.10638E-1 3.06046E-1 3.00615E-1 3.00858E-1 2.99138E-1 3.03325E-1 3.07633E-1 3.10142E-1 3.04859E-1 3.10018E-1 3.17783E-1 3.0916E-1 3.12865E-1 3.17802E-1 3.21894E-1 3.29895E-1 3.36692E-1 3.36386E-1 3.44822E-1 3.34016E-1 3.29434E-1 3.22468E-1 3.22093E-1 3.16347E-1 3.21318E-1 3.24719E-1 3.18649E-1 3.13483E-1 3.14518E-1 3.17129E-1 3.19781E-1 3.17761E-1 3.15189E-1 3.1488E-1 3.18646E-1 3.10349E-1 3.10356E-1 3.12872E-1 3.15775E-1 3.18926E-1 3.22218E-1
3.16846E-1 3.1878E-1 3.16767E-1 3.19546E-1 3.20585E-1 3.28399E-1 3.43561E-1 3.42E-1 3.38175E-1 3.07913E-1 3.02212E-1 3.0334E-1 2.9228E-1 2.84537E-1 2.7992E-1 3.04635E-1 3.17514E-1 3.08402E-1 2.98061E-1 3.01012E-1 3.0631E-1 3.1293E-1 3.05971E-1 3.01596E-1 3.03713E-1 3.07952E-1 3.06222E-1 3.08535E-1 3.14267E-1 3.16183E-1 3.2105E-1 3.15625E-1 3.21483E-1 3.29957E-1 3.33815E-1 3.28461E-1 3.379E-1 3.43405E-1 3.43377E-1 3.55852E-1 3.52557E-1 3.42E-1 3.3313E-1 3.31782E-1 3.38861E-1 3.40243E-1 3.2148E-1 3.24776E-1 3.21914E-1 3.19435E-1 3.15426E-1 3.16289E-1 3.17006E-1 3.19003E-1 3.26043E-1 3.1582E-1 3.1719E-1 3.19693E-1 3.216E-1 3.23461E-1 3.2702E-1
3.09327E-1 3.20643E-1 3.19811E-1 3.17252E-1 3.16255E-1 3.19749E-1 3.31969E-1 3.33793E-1 3.1894E-1 3.00605E-1 2.96728E-1 2.92231E-1 2.83843E-1 2.76751E-1 2.70794E-1 2.76961E-1 2.83765E-1 2.93039E-1 2.85663E-1 3.0083E-1 3.04761E-1 3.06988E-1 3.0796E-1 3.03874E-1 3.06143E-1 3.10159E-1 3.14176E-1 3.17086E-1 3.14764E-1 3.14586E-1 3.24296E-1 3.22305E-1 3.28386E-1 3.29779E-1 3.25145E-1 3.26207E-1 3.34848E-1 3.42199E-1 3.44189E-1 3.41882E-1 3.44627E-1 3.48588E-1 3.52014E-1 3.4764E-1 3.43704E-1 3.35916E-1 3.33787E-1 3.28589E-1 3.27274E-1 3.23103E-1 3.19038E-1 3.1635E-1 3.21171E-1 3.19467E-1 3.24594E-1 3.26829E-1 3.23362E-1 3.22284E-1 3.24392E-1 3.28024E-1 3.34872E-1
3.0437E-1 3.21109E-1 3.22831E-1 3.19172E-1 3.15325E-1 3.06508E-1 3.003E-1 2.97993E-1 2.98192E-1 2.96535E-1 2.95923E-1 2.87586E-1 2.82815E-1 2.80086E-1 2.74795E-1 2.78466E-1 2.80544E-1 2.87403E-1 2.93355E-1 3.06398E-1 3.0635E-1 3.0454E-1 3.05023E-1 3.03552E-1 3.03911E-1 3.09633E-1 3.11198E-1 3.14717E-1 3.17216E-1 3.20442E-1 3.14316E-1 3.18676E-1 3.2479E-1 3.25987E-1 3.33793E-1 3.36238E-1 3.31388E-1 3.33841E-1 3.30847E-1 3.28135E-1 3.28193E-1 3.30625E-1 3.36475E-1 3.53601E-1 3.50419E-1 3.48636E-1 3.37968E-1 3.36427E-1 3.29424E-1 3.33991E-1 3.26747E-1 3.29196E-1 3.40503E-1 3.33907E-1 3.3416E-1 3.37739E-1 3.33295E-1 3.28439E-1 3.29864E-1 3.34784E-1 3.36861E-1
3.12647E-1 3.16116E-1 3.20364E-1 3.21136E-1 3.1676E-1 3.11331E-1 3.06937E-1 3.04316E-1 3.01671E-1 2.93688E-1 2.96633E-1 2.94836E-1 2.90607E-1 2.88437E-1 2.84583E-1 2.86807E-1 2.89407E-1 2.95325E-1 3.03467E-1 3.07388E-1 3.05964E-1 3.06903E-1 3.06642E-1 3.05392E-1 3.02646E-1 3.026E-1 3.05206E-1 3.09847E-1 3.12293E-1 3.15739E-1 3.14781E-1 3.19867E-1 3.24101E-1 3.30299E-1 3.31694E-1 3.35364E-1 3.28381E-1 3.30497E-1 3.2927E-1 3.29197E-1 3.29442E-1 3.36768E-1 3.37883E-1 3.50157E-1 3.58347E-1 3.55101E-1 3.44511E-1 3.36635E-1 3.39387E-1 3.38402E-1 3.48986E-1 3.38298E-1 3.33147E-1 3.28714E-1 3.31818E-1 3.3069E-1 3.34895E-1 3.35964E-1 3.35613E-1 3.43715E-1 3.53498E-1
3.06702E-1 3.15276E-1 3.17271E-1 3.17401E-1 3.17334E-1 3.19949E-1 3.18236E-1 3.14693E-1 3.13842E-1 3.05134E-1 2.98855E-1 2.99327E-1 2.97389E-1 2.93131E-1 2.86776E-1 2.8636E-1 2.86751E-1 2.92932E-1 3.078E-1 3.10498E-1 3.09734E-1 3.08338E-1 3.05226E-1 2.97855E-1 2.99474E-1 3.02311E-1 3.02925E-1 3.05527E-1 3.15925E-1 3.17473E-1 3.25484E-1 3.21662E-1 3.25313E-1 3.30679E-1 3.32403E-1 3.35031E-1 3.36938E-1 3.4158E-1 3.41798E-1 3.34051E-1 3.46253E-1 3.44526E-1 3.42041E-1 3.45263E-1 3.50002E-1 3.60271E-1 3.54014E-1 3.47463E-1 3.47134E-1 3.37871E-1 3.35796E-1 3.37539E-1 3.37225E-1 3.41309E-1 3.44336E-1 3.38404E-1 3.39464E-1 3.37025E-1 3.44463E-1 3.44857E-1 3.48409E-1
3.07576E-1 3.11046E-1 3.0516E-1 3.12393E-1 3.20085E-1 3.21129E-1 3.19576E-1 3.19981E-1 3.20561E-1 3.19335E-1 3.02638E-1 3.04318E-1 3.01955E-1 2.92523E-1 2.84379E-1 2.85421E-1 2.8993E-1 2.92598E-1 3.08864E-1 3.13828E-1 3.14133E-1 3.10438E-1 3.04322E-1 2.98758E-1 2.9419E-1 2.96313E-1 3.21832E-1 3.17701E-1 3.1501E-1 3.34472E-1 3.35787E-1 3.20283E-1 3.21473E-1 3.28367E-1 3.33619E-1 3.33807E-1 3.34386E-1 3.35806E-1 3.40646E-1 3.35855E-1 3.4001E-1 3.49952E-1 3.46603E-1 3.45024E-1 3.51719E-1 3.63967E-1 3.7921E-1 3.72979E-1 3.52539E-1 3.43621E-1 3.323E-1 3.33015E-1 3.34657E-1 3.37797E-1 3.4077E-1 3.41661E-1 3.35109E-1 3.38496E-1 3.43349E-1 3.47986E-1 3.49183E-1
