maxent_outputs/hummingbirds/hummingbird_20.asc
ncols         426
nrows         180
xllcorner     -130.0
yllcorner     24.0
cellsize      0.16666666666666666
NODATA_value  -9999
[rows 27 to 53 of 180, columns 122 to 182 of 426]
3.40634E-2 3.1157E-2 2.82478E-2 2.88307E-2 3.46898E-2 4.05725E-2 4.03232E-2 4.2713E-2 4.60481E-2 4.6066E-2 4.66547E-2 4.4212E-2 4.17216E-2 4.86036E-2 5.3671E-2 5.56407E-2 5.59157E-2 5.53627E-2 5.43579E-2 5.33447E-2 5.60304E-2 5.76234E-2 5.77812E-2 5.99859E-2 6.25169E-2 6.8435E-2 6.88425E-2 6.53307E-2 6.24158E-2 5.92945E-2 5.24336E-2 4.74798E-2 4.60533E-2 4.96187E-2 4.88008E-2 4.94763E-2 4.69298E-2 4.4295E-2 4.34832E-2 4.28904E-2 4.41572E-2 4.30368E-2 4.2012E-2 4.18486E-2 4.3775E-2 4.41212E-2 3.88775E-2 3.94394E-2 4.00964E-2 4.05237E-2 4.14563E-2 4.32585E-2 4.58487E-2 4.53877E-2 4.29969E-2 4.036E-2 4.15812E-2 4.07417E-2 4.33598E-2 4.38083E-2 4.3689E-2
3.27379E-2 3.15061E-2 3.27075E-2 3.52853E-2 3.96498E-2 4.21346E-2 4.19252E-2 4.38949E-2 4.59175E-2 4.64908E-2 4.72094E-2 4.83289E-2 4.53269E-2 4.24271E-2 4.41582E-2 5.0361E-2 5.28823E-2 4.89239E-2 4.86742E-2 4.74681E-2 5.17061E-2 5.53388E-2 5.73531E-2 6.07821E-2 6.26457E-2 6.09535E-2 6.01565E-2 6.40336E-2 7.1285E-2 6.56342E-2 5.78741E-2 5.29107E-2 4.68708E-2 4.91289E-2 5.29547E-2 5.12259E-2 4.83135E-2 4.89439E-2 4.69912E-2 4.62253E-2 4.40654E-2 4.55842E-2 4.56129E-2 4.63098E-2 4.67058E-2 4.65915E-2 4.30324E-2 3.98965E-2 4.12238E-2 4.0087E-2 4.07833E-2 4.41618E-2 4.65398E-2 4.50411E-2 4.14765E-2 4.16637E-2 4.19216E-2 3.9381E-2 4.01373E-2 4.17181E-2 4.0852E-2
3.61863E-2 3.80889E-2 3.71619E-2 4.18009E-2 4.45554E-2 4.9531E-2 5.03086E-2 4.97872E-2 4.88011E-2 4.94434E-2 4.89089E-2 5.19949E-2 4.86874E-2 4.69371E-2 4.50643E-2 4.40171E-2 4.36171E-2 4.2084E-2 4.18301E-2 4.63493E-2 4.90842E-2 5.6171E-2 5.67914E-2 5.49339E-2 6.04581E-2 6.90817E-2 8.08523E-2 7.53139E-2 6.87905E-2 6.89084E-2 6.16524E-2 5.4214E-2 5.31707E-2 5.07546E-2 5.23172E-2 5.4498E-2 5.43385E-2 5.20153E-2 5.00817E-2 5.07423E-2 5.18858E-2 5.0177E-2 4.85763E-2 4.81905E-2 5.0052E-2 4.80856E-2 4.82384E-2 4.96311E-2 4.88891E-2 4.69036E-2 4.5594E-2 4.71845E-2 4.8827E-2 4.63284E-2 4.31978E-2 4.19057E-2 3.97782E-2 3.80758E-2 4.08092E-2 4.30051E-2 4.34131E-2
4.9584E-2 4.47311E-2 4.53916E-2 4.5112E-2 4.65501E-2 5.2359E-2 5.66851E-2 5.79182E-2 6.04144E-2 5.65298E-2 5.60216E-2 5.55753E-2 5.60694E-2 5.19341E-2 5.43882E-2 4.9338E-2 4.7289E-2 4.35922E-2 4.56786E-2 5.07045E-2 5.46361E-2 5.45413E-2 5.15408E-2 5.77906E-2 6.64104E-2 7.94158E-2 7.68031E-2 6.42732E-2 6.78596E-2 7.97697E-2 7.13544E-2 6.45691E-2 6.29848E-2 5.71316E-2 5.46281E-2 5.26005E-2 5.07681E-2 5.30082E-2 5.38187E-2 5.46537E-2 5.67654E-2 5.57718E-2 5.25888E-2 5.13348E-2 5.281E-2 5.10767E-2 5.33819E-2 5.48329E-2 5.54155E-2 5.36513E-2 5.17658E-2 5.23743E-2 5.21494E-2 4.78615E-2 4.54823E-2 4.18211E-2 3.88737E-2 3.76486E-2 3.92171E-2 4.79951E-2 4.85261E-2
6.45898E-2 6.46717E-2 6.17546E-2 5.6175E-2 5.61489E-2 5.66908E-2 5.86662E-2 6.12709E-2 6.60373E-2 6.92973E-2 6.33015E-2 6.48619E-2 5.9204E-2 5.29654E-2 5.90441E-2 5.59306E-2 5.36103E-2 4.88821E-2 4.7179E-2 5.25986E-2 5.79343E-2 5.72403E-2 5.67238E-2 5.60316E-2 5.65301E-2 7.1742E-2 8.48435E-2 6.89882E-2 6.34996E-2 6.5659E-2 6.62332E-2 6.08301E-2 6.42161E-2 6.25095E-2 5.54923E-2 5.28999E-2 5.1344E-2 5.21448E-2 5.04202E-2 5.10675E-2 5.07066E-2 5.18539E-2 5.35921E-2 5.33835E-2 5.55332E-2 5.51075E-2 5.444E-2 5.72008E-2 5.7351E-2 5.65299E-2 5.77997E-2 5.73313E-2 5.60548E-2 5.20334E-2 4.87984E-2 4.8672E-2 4.67507E-2 4.52139E-2 4.66267E-2 5.00555E-2 4.72485E-2
7.39079E-2 7.5637E-2 7.529E-2 7.28385E-2 7.01984E-2 6.79027E-2 6.63158E-2 6.34374E-2 6.58111E-2 6.48829E-2 7.27734E-2 7.47033E-2 6.81645E-2 6.19668E-2 5.7785E-2 5.91829E-2 6.10302E-2 5.70151E-2 5.34426E-2 5.74454E-2 5.95622E-2 6.05805E-2 5.64585E-2 5.90403E-2 6.09546E-2 7.07604E-2 7.64476E-2 7.66237E-2 6.97386E-2 6.58186E-2 6.92909E-2 6.86737E-2 6.6062E-2 6.34203E-2 5.76469E-2 5.74525E-2 5.45218E-2 5.02451E-2 4.91222E-2 4.89833E-2 5.08853E-2 5.1356E-2 5.16572E-2 4.97475E-2 4.9157E-2 5.03208E-2 5.0551E-2 5.39133E-2 6.09258E-2 6.15064E-2 6.08826E-2 5.91078E-2 5.62481E-2 5.66899E-2 5.42837E-2 5.08723E-2 4.97423E-2 4.81916E-2 4.91177E-2 5.50314E-2 5.23944E-2
7.37104E-2 7.45857E-2 7.84369E-2 7.66006E-2 7.3378E-2 7.32586E-2 7.19837E-2 6.97756E-2 6.82762E-2 6.77494E-2 7.56466E-2 7.51264E-2 7.34237E-2 7.6828E-2 7.25765E-2 6.78535E-2 6.41477E-2 6.68995E-2 6.22845E-2 6.48806E-2 6.2181E-2 6.20065E-2 5.94643E-2 6.07952E-2 5.80862E-2 6.40129E-2 6.82119E-2 7.01666E-2 6.86875E-2 6.7928E-2 7.48247E-2 7.59674E-2 6.67151E-2 6.27921E-2 5.93787E-2 6.04444E-2 5.73038E-2 5.09149E-2 4.87736E-2 4.82725E-2 4.99901E-2 5.0971E-2 4.97619E-2 5.00145E-2 4.83634E-2 4.60605E-2 4.73426E-2 4.84768E-2 5.2622E-2 5.68202E-2 6.11345E-2 5.87625E-2 5.9612E-2 5.52861E-2 5.32851E-2 5.24198E-2 5.86106E-2 5.17673E-2 5.22873E-2 5.45901E-2 5.4024E-2
6.0312E-2 6.05867E-2 6.71424E-2 7.14922E-2 7.62095E-2 8.08928E-2 8.0731E-2 7.87944E-2 7.61429E-2 7.85297E-2 7.57945E-2 7.3407E-2 8.24807E-2 7.74721E-2 7.87549E-2 7.81087E-2 7.58004E-2 7.09909E-2 6.91884E-2 6.7867E-2 6.39125E-2 6.6308E-2 6.36568E-2 6.49147E-2 6.46907E-2 7.21385E-2 7.2222E-2 7.3951E-2 7.81001E-2 7.27851E-2 6.72226E-2 6.97929E-2 6.39848E-2 6.29846E-2 6.06956E-2 5.96414E-2 5.87657E-2 5.26903E-2 5.06137E-2 5.14498E-2 4.8852E-2 5.08683E-2 4.9475E-2 5.01032E-2 4.85157E-2 4.67558E-2 4.69942E-2 4.71991E-2 4.83981E-2 5.18708E-2 5.44494E-2 5.95066E-2 5.91255E-2 5.71309E-2 5.5492E-2 5.24382E-2 5.40382E-2 5.43019E-2 5.55972E-2 5.90955E-2 5.85532E-2
5.7472E-2 5.86299E-2 6.93164E-2 7.46368E-2 7.62987E-2 7.36733E-2 7.93128E-2 8.87963E-2 8.60073E-2 8.23699E-2 8.3632E-2 7.90297E-2 8.05778E-2 7.85876E-2 8.32576E-2 8.86041E-2 8.51297E-2 8.13715E-2 7.6275E-2 8.09998E-2 7.68694E-2 7.23767E-2 7.22804E-2 7.51501E-2 7.74536E-2 7.67273E-2 7.8428E-2 8.11105E-2 7.29276E-2 7.10199E-2 6.8795E-2 6.87519E-2 7.15001E-2 6.63656E-2 6.24801E-2 6.83656E-2 6.69835E-2 6.47663E-2 6.63723E-2 6.43989E-2 6.42316E-2 6.28273E-2 5.87171E-2 5.17019E-2 5.00252E-2 4.89984E-2 4.77821E-2 4.94394E-2 5.00996E-2 4.99878E-2 5.09088E-2 5.65218E-2 5.90586E-2 6.17187E-2 6.06592E-2 5.86978E-2 5.77478E-2 5.92584E-2 5.86204E-2 5.74247E-2 5.30841E-2
6.47834E-2 6.47636E-2 7.46584E-2 8.23133E-2 7.54812E-2 6.49646E-2 7.57121E-2 9.01115E-2 9.36128E-2 8.56625E-2 8.65177E-2 8.58787E-2 8.60563E-2 8.61518E-2 8.37801E-2 9.2503E-2 9.46409E-2 9.10038E-2 1.00372E-1 1.0668E-1 8.19353E-2 7.97562E-2 7.60747E-2 6.92458E-2 6.71508E-2 6.7962E-2 6.97845E-2 7.18462E-2 7.36351E-2 7.40358E-2 7.28428E-2 7.36558E-2 7.36876E-2 7.19644E-2 7.45967E-2 6.2751E-2 6.28487E-2 6.1849E-2 6.10212E-2 5.76842E-2 5.62615E-2 6.52305E-2 6.57828E-2 7.08988E-2 6.11858E-2 4.91336E-2 4.97392E-2 4.94551E-2 5.0372E-2 5.36863E-2 5.54352E-2 5.50109E-2 5.5986E-2 5.97408E-2 6.35215E-2 6.20444E-2 6.01784E-2 6.12593E-2 5.76273E-2 5.30844E-2 5.46029E-2
7.69265E-2 7.628E-2 7.81016E-2 8.14636E-2 8.95522E-2 8.82466E-2 8.96131E-2 9.23386E-2 9.18608E-2 8.71128E-2 8.66461E-2 9.02233E-2 8.15831E-2 8.765E-2 8.24833E-2 9.07981E-2 9.6274E-2 1.03344E-1 9.71232E-2 8.7743E-2 8.72578E-2 7.75631E-2 8.02554E-2 7.19998E-2 6.92356E-2 7.26772E-2 7.09051E-2 7.42102E-2 7.63905E-2 7.85858E-2 7.91818E-2 7.5066E-2 7.41379E-2 8.06637E-2 6.70739E-2 6.61508E-2 6.22097E-2 6.26258E-2 6.41756E-2 6.40431E-2 6.18854E-2 6.57618E-2 6.87907E-2 7.06656E-2 7.72326E-2 5.39731E-2 5.27812E-2 5.19642E-2 5.26786E-2 5.53199E-2 5.61869E-2 5.36403E-2 5.15006E-2 5.73532E-2 5.93309E-2 6.10394E-2 6.03584E-2 6.08395E-2 5.66555E-2 5.34674E-2 5.16295E-2
8.31959E-2 7.40542E-2 6.66266E-2 8.11972E-2 9.16815E-2 8.93276E-2 9.27403E-2 9.17636E-2 9.0137E-2 8.81981E-2 8.72018E-2 9.12997E-2 8.7795E-2 8.60721E-2 8.11735E-2 8.37288E-2 8.89371E-2 8.39437E-2 8.4971E-2 8.83443E-2 8.9781E-2 8.01485E-2 7.35693E-2 7.07946E-2 6.85546E-2 6.88348E-2 6.97829E-2 7.63359E-2 8.19772E-2 8.17565E-2 7.62039E-2 7.74443E-2 8.23582E-2 7.16895E-2 6.41613E-2 6.47744E-2 6.92311E-2 7.0448E-2 6.83513E-2 7.08104E-2 7.10998E-2 7.36655E-2 6.90751E-2 7.23161E-2 7.82325E-2 7.1992E-2 6.24559E-2 6.30179E-2 6.82392E-2 7.55017E-2 6.93872E-2 6.25693E-2 5.41181E-2 5.44776E-2 5.56057E-2 5.76013E-2 5.92777E-2 5.69156E-2 5.7077E-2 5.34523E-2 5.08709E-2
8.37116E-2 7.83117E-2 7.66836E-2 8.72966E-2 8.89671E-2 9.29102E-2 9.43061E-2 9.27549E-2 9.01318E-2 9.05051E-2 9.01872E-2 8.34975E-2 7.83753E-2 7.22257E-2 7.47445E-2 7.56877E-2 7.63467E-2 7.95318E-2 8.3736E-2 8.88486E-2 8.88427E-2 8.21913E-2 7.49159E-2 7.29072E-2 7.08296E-2 6.82637E-2 6.69293E-2 7.50936E-2 9.30526E-2 8.93929E-2 7.78284E-2 8.78977E-2 8.15813E-2 6.89481E-2 6.51077E-2 7.0808E-2 7.42762E-2 7.15407E-2 6.65381E-2 6.83737E-2 6.68099E-2 7.30616E-2 6.76053E-2 6.89679E-2 6.88254E-2 6.43517E-2 6.58411E-2 6.78577E-2 6.4756E-2 7.09175E-2 6.35334E-2 5.7994E-2 5.83827E-2 5.85692E-2 5.6393E-2 5.5507E-2 6.03317E-2 5.89113E-2 5.8412E-2 5.65131E-2 5.60487E-2
7.45349E-2 6.9953E-2 6.7593E-2 7.83714E-2 8.74897E-2 9.83191E-2 9.22646E-2 9.30758E-2 9.27276E-2 9.29976E-2 9.20595E-2 7.883E-2 7.35257E-2 7.05264E-2 7.38402E-2 7.43514E-2 7.60886E-2 7.97307E-2 8.35268E-2 8.54146E-2 8.66746E-2 8.21715E-2 7.7358E-2 7.62568E-2 7.25337E-2 7.06164E-2 7.09228E-2 7.08855E-2 8.51512E-2 6.60119E-2 9.36656E-2 9.02048E-2 7.65849E-2 7.51529E-2 7.36764E-2 7.53376E-2 7.71967E-2 7.26614E-2 6.58292E-2 6.89027E-2 6.93603E-2 7.19505E-2 6.92558E-2 6.95881E-2 7.04726E-2 7.08327E-2 7.02068E-2 7.3348E-2 7.09274E-2 6.99802E-2 6.9861E-2 6.92822E-2 6.31373E-2 5.72932E-2 5.63951E-2 5.78009E-2 5.7118E-2 5.47595E-2 5.61516E-2 5.53511E-2 5.43044E-2
7.05196E-2 6.32013E-2 6.50511E-2 8.03691E-2 8.86804E-2 9.65274E-2 9.73936E-2 9.5173E-2 8.69887E-2 8.60266E-2 8.80599E-2 7.82452E-2 7.10803E-2 7.00378E-2 7.62403E-2 7.6636E-2 7.56303E-2 7.53414E-2 7.95138E-2 8.10009E-2 8.44664E-2 8.07788E-2 7.63762E-2 7.5521E-2 7.15727E-2 7.09047E-2 7.00846E-2 6.69004E-2 6.84224E-2 1.04021E-1 8.56855E-2 8.24699E-2 7.60468E-2 7.62464E-2 7.43583E-2 7.3639E-2 7.61613E-2 7.10466E-2 6.87602E-2 6.84284E-2 6.86432E-2 7.35919E-2 7.47996E-2 7.02E-2 6.85123E-2 6.90061E-2 6.87404E-2 6.63866E-2 6.58223E-2 6.50636E-2 6.5658E-2 6.56258E-2 6.747E-2 5.5717E-2 5.49325E-2 5.42227E-2 5.66674E-2 6.07683E-2 5.53543E-2 6.04943E-2 5.75516E-2
6.19721E-2 6.03925E-2 6.24959E-2 7.01129E-2 7.87811E-2 8.46333E-2 9.48267E-2 9.39599E-2 9.51793E-2 9.49016E-2 8.92607E-2 7.63512E-2 7.0756E-2 7.09031E-2 7.03044E-2 6.98823E-2 7.18456E-2 7.24695E-2 7.72859E-2 7.94466E-2 8.21182E-2 8.03999E-2 7.58607E-2 7.60248E-2 7.18349E-2 6.99692E-2 6.79868E-2 7.6588E-2 9.15931E-2 9.44665E-2 7.02678E-2 7.35539E-2 7.74455E-2 7.53388E-2 7.21905E-2 7.50446E-2 7.74675E-2 7.4713E-2 7.07743E-2 7.21122E-2 6.97221E-2 7.13334E-2 7.18104E-2 7.01925E-2 7.18718E-2 7.14376E-2 7.10926E-2 6.73855E-2 6.66316E-2 6.48618E-2 6.57435E-2 7.05167E-2 7.32876E-2 6.06375E-2 5.97446E-2 5.98579E-2 5.76942E-2 5.85094E-2 5.57745E-2 5.87379E-2 5.49316E-2
5.43444E-2 4.73428E-2 4.9811E-2 6.7641E-2 7.83609E-2 8.00597E-2 8.47599E-2 8.84147E-2 9.22048E-2 9.27466E-2 9.30666E-2 8.35734E-2 7.94637E-2 7.55863E-2 7.60949E-2 7.4545E-2 7.22775E-2 6.90429E-2 7.03312E-2 7.51336E-2 7.58414E-2 7.23285E-2 7.53367E-2 7.74696E-2 8.0364E-2 7.83074E-2 7.14179E-2 7.3673E-2 6.99789E-2 7.27883E-2 7.23191E-2 6.77854E-2 7.16188E-2 7.20035E-2 7.4774E-2 7.59589E-2 7.93882E-2 7.45924E-2 7.21213E-2 7.28203E-2 7.2624E-2 7.10889E-2 7.15222E-2 7.3604E-2 7.32661E-2 7.11521E-2 7.12897E-2 7.00957E-2 7.13662E-2 6.86402E-2 7.14102E-2 7.42672E-2 7.47091E-2 7.67323E-2 6.36006E-2 6.23562E-2 6.46814E-2 6.59365E-2 6.28584E-2 5.99214E-2 5.93738E-2
7.21755E-2 6.99122E-2 7.15166E-2 8.02174E-2 8.35709E-2 8.61114E-2 8.27516E-2 8.61951E-2 9.29224E-2 9.57324E-2 9.16158E-2 8.84372E-2 8.23052E-2 7.67802E-2 7.63257E-2 7.83034E-2 7.74572E-2 7.47191E-2 7.65222E-2 7.78086E-2 7.62541E-2 7.69156E-2 7.8674E-2 7.9226E-2 8.10665E-2 8.13129E-2 7.46598E-2 7.11929E-2 6.7996E-2 6.94641E-2 7.34634E-2 6.70895E-2 6.74479E-2 6.97087E-2 6.99865E-2 7.36794E-2 7.65955E-2 7.46435E-2 7.10437E-2 7.05549E-2 7.06443E-2 6.71775E-2 6.75851E-2 7.06157E-2 7.41637E-2 7.68781E-2 7.81597E-2 7.19661E-2 7.09301E-2 7.41778E-2 7.55056E-2 7.51284E-2 7.53596E-2 7.00855E-2 7.70855E-2 6.02523E-2 6.12679E-2 6.05872E-2 6.049E-2 5.72833E-2 6.24659E-2
8.68279E-2 8.44976E-2 8.81027E-2 8.57727E-2 8.87739E-2 9.00006E-2 9.00551E-2 9.0407E-2 9.29888E-2 8.96823E-2 8.57021E-2 8.26723E-2 8.45615E-2 8.05981E-2 7.77037E-2 7.89646E-2 8.11832E-2 7.84419E-2 7.94137E-2 7.78687E-2 8.12434E-2 8.30109E-2 8.46703E-2 8.35645E-2 8.25754E-2 8.93841E-2 8.41385E-2 8.01694E-2 8.0548E-2 7.25786E-2 6.9312E-2 6.99917E-2 6.90162E-2 6.96698E-2 7.36078E-2 7.01408E-2 7.37948E-2 7.25305E-2 7.49212E-2 7.44101E-2 7.34329E-2 7.36823E-2 7.30384E-2 7.25241E-2 7.35457E-2 7.68848E-2 7.88292E-2 7.79563E-2 7.62574E-2 7.94598E-2 8.53701E-2 7.78957E-2 7.23764E-2 7.06348E-2 7.36189E-2 5.83137E-2 5.49512E-2 5.34402E-2 5.60664E-2 5.74299E-2 5.7288E-2
8.64815E-2 8.5213E-2 8.65201E-2 8.64184E-2 8.54426E-2 8.20992E-2 7.83457E-2 7.25396E-2 7.76567E-2 7.85312E-2 8.44327E-2 7.62281E-2 8.15929E-2 8.51523E-2 9.91272E-2 9.13107E-2 8.91321E-2 8.64606E-2 8.3748E-2 8.31133E-2 8.56533E-2 8.40636E-2 8.47188E-2 8.22494E-2 7.44484E-2 8.10218E-2 7.7495E-2 7.5789E-2 7.57718E-2 7.41342E-2 7.09405E-2 7.47265E-2 7.71964E-2 7.37295E-2 7.08281E-2 6.84557E-2 7.15855E-2 7.13453E-2 7.49031E-2 7.44627E-2 7.65088E-2 7.57132E-2 7.54856E-2 7.42624E-2 7.58726E-2 7.90272E-2 7.98962E-2 8.42093E-2 7.81984E-2 7.56568E-2 8.02144E-2 7.87766E-2 7.96641E-2 7.64713E-2 8.09909E-2 6.82233E-2 6.00531E-2 5.6386E-2 5.51632E-2 5.6024E-2 6.07129E-2
7.09298E-2 7.75384E-2 7.68995E-2 7.66129E-2 7.67256E-2 6.90877E-2 7.59155E-2 7.42069E-2 7.42988E-2 7.65188E-2 7.56036E-2 7.54879E-2 7.4438E-2 7.00903E-2 7.25972E-2 7.19879E-2 7.51906E-2 8.11922E-2 8.4318E-2 7.91479E-2 7.3824E-2 7.70835E-2 8.0477E-2 8.73285E-2 8.76984E-2 8.55314E-2 8.45768E-2 7.6846E-2 6.93097E-2 7.28721E-2 7.21832E-2 6.93692E-2 7.67924E-2 7.88665E-2 7.29963E-2 6.92733E-2 7.39179E-2 7.63082E-2 7.63965E-2 7.70363E-2 7.41993E-2 7.77933E-2 7.75292E-2 7.58528E-2 7.38796E-2 7.52674E-2 7.62417E-2 8.09323E-2 8.02444E-2 8.2463E-2 8.19195E-2 7.7437E-2 7.88209E-2 8.75778E-2 9.69748E-2 7.36341E-2 6.99834E-2 6.68972E-2 6.00303E-2 5.89846E-2 6.09128E-2
6.2627E-2 7.02701E-2 7.82677E-2 7.38814E-2 7.30472E-2 7.24376E-2 7.93111E-2 7.90167E-2 7.94237E-2 7.37515E-2 6.77698E-2 7.3649E-2 7.27491E-2 6.76066E-2 6.40619E-2 6.11102E-2 6.88593E-2 7.87478E-2 8.11697E-2 7.55514E-2 7.62124E-2 8.09338E-2 8.12552E-2 8.11365E-2 9.01708E-2 9.01742E-2 8.84319E-2 8.40245E-2 7.56081E-2 7.33499E-2 6.82833E-2 7.89355E-2 8.41116E-2 8.53915E-2 7.5459E-2 7.25222E-2 8.04691E-2 8.48009E-2 8.08921E-2 8.05124E-2 7.86496E-2 7.72701E-2 7.82993E-2 7.32212E-2 7.19264E-2 7.27735E-2 7.69211E-2 8.45281E-2 8.31185E-2 8.23803E-2 8.23697E-2 7.68179E-2 7.33276E-2 7.47434E-2 8.86954E-2 9.14374E-2 7.6089E-2 7.36225E-2 6.60007E-2 6.64475E-2 6.50632E-2
7.7714E-2 7.41684E-2 6.7976E-2 6.90221E-2 7.65365E-2 8.43646E-2 8.09167E-2 6.93463E-2 6.39114E-2 6.65706E-2 6.42588E-2 6.68877E-2 6.00666E-2 5.86584E-2 6.00957E-2 5.68107E-2 5.90185E-2 6.80626E-2 7.16357E-2 7.32924E-2 7.5156E-2 8.01036E-2 8.80358E-2 8.78662E-2 8.40161E-2 8.67208E-2 8.71048E-2 8.91333E-2 8.50942E-2 7.6124E-2 6.80462E-2 6.81578E-2 7.75038E-2 8.47553E-2 8.43803E-2 7.86382E-2 8.52128E-2 8.42029E-2 8.1057E-2 8.26901E-2 7.91118E-2 7.90469E-2 7.82222E-2 8.12302E-2 7.99463E-2 8.12247E-2 8.41489E-2 8.35286E-2 8.8485E-2 9.00445E-2 9.11498E-2 8.93441E-2 8.48651E-2 8.21821E-2 8.53215E-2 8.66821E-2 8.08891E-2 7.98938E-2 7.48267E-2 7.54728E-2 6.98328E-2
6.65571E-2 6.84224E-2 7.0494E-2 6.99445E-2 8.06331E-2 7.61291E-2 5.96963E-2 6.08709E-2 6.16155E-2 7.21523E-2 7.04309E-2 6.74896E-2 5.66599E-2 5.60674E-2 5.49457E-2 5.34461E-2 5.50412E-2 5.86164E-2 6.1029E-2 7.36433E-2 6.91571E-2 6.65339E-2 7.5581E-2 8.20838E-2 7.96951E-2 8.34878E-2 8.86385E-2 8.69369E-2 8.14918E-2 6.99466E-2 6.87153E-2 7.24903E-2 7.23748E-2 8.41003E-2 8.69808E-2 8.92604E-2 8.56583E-2 8.02433E-2 8.26E-2 9.06096E-2 8.45449E-2 8.09439E-2 8.39902E-2 8.25319E-2 7.92128E-2 7.81011E-2 8.15215E-2 8.47803E-2 8.86716E-2 8.96653E-2 8.6976E-2 8.82556E-2 9.08674E-2 8.71984E-2 9.23108E-2 9.5368E-2 8.06433E-2 8.39747E-2 7.93092E-2 8.04237E-2 7.94118E-2
5.2656E-2 5.26238E-2 5.0802E-2 5.79525E-2 7.09999E-2 6.31965E-2 5.4808E-2 5.45242E-2 6.11055E-2 7.72151E-2 7.74614E-2 6.18641E-2 5.21092E-2 5.1949E-2 5.23285E-2 5.77624E-2 5.47671E-2 5.1471E-2 6.38045E-2 7.37684E-2 6.75402E-2 7.08058E-2 6.64495E-2 7.46097E-2 8.6758E-2 8.52399E-2 8.47506E-2 8.28335E-2 8.60857E-2 8.35719E-2 7.71301E-2 8.01997E-2 8.26602E-2 8.00958E-2 8.35717E-2 9.10421E-2 9.44588E-2 8.57281E-2 7.93649E-2 9.62317E-2 9.43395E-2 8.51177E-2 8.22345E-2 8.21333E-2 8.05267E-2 8.07036E-2 8.07816E-2 8.24612E-2 8.36355E-2 8.46687E-2 8.69294E-2 8.86897E-2 8.78166E-2 8.64192E-2 8.93445E-2 9.50586E-2 8.94852E-2 7.93004E-2 7.63824E-2 7.66455E-2 7.61915E-2
2.96707E-2 3.5317E-2 4.1287E-2 5.39651E-2 6.47519E-2 6.02428E-2 4.56971E-2 3.8678E-2 4.5576E-2 4.67698E-2 6.31138E-2 5.96903E-2 4.9676E-2 5.0361E-2 5.28422E-2 5.34973E-2 5.17024E-2 6.05122E-2 6.40132E-2 5.82668E-2 5.79051E-2 6.50659E-2 6.34114E-2 7.93148E-2 8.62637E-2 8.57754E-2 8.86492E-2 8.38915E-2 7.968E-2 7.46771E-2 7.9575E-2 8.05964E-2 8.65472E-2 7.6571E-2 7.87722E-2 8.35848E-2 7.77996E-2 7.49209E-2 7.66137E-2 8.75198E-2 8.99666E-2 8.53102E-2 8.88121E-2 8.64469E-2 8.63982E-2 8.67849E-2 8.7939E-2 8.98156E-2 8.84641E-2 8.99574E-2 9.12015E-2 9.5017E-2 9.74055E-2 9.66165E-2 9.13418E-2 9.42866E-2 9.85318E-2 8.03241E-2 8.09018E-2 8.05523E-2 7.72518E-2
1.43799E-2 1.83867E-2 3.41024E-2 5.93803E-2 6.085E-2 5.66517E-2 4.66823E-2 3.96436E-2 5.29717E-2 4.16532E-2 2.63401E-2 4.10745E-2 5.11579E-2 4.85952E-2 4.91929E-2 5.0191E-2 6.11209E-2 6.56676E-2 5.94364E-2 5.75349E-2 5.53023E-2 6.02398E-2 6.9537E-2 7.82776E-2 7.76847E-2 8.27049E-2 8.42615E-2 7.52515E-2 6.93659E-2 7.61895E-2 8.04546E-2 8.18507E-2 8.44201E-2 8.56994E-2 8.35344E-2 8.15978E-2 7.51594E-2 6.80556E-2 6.86968E-2 7.84617E-2 8.41425E-2 8.76165E-2 9.31083E-2 9.58087E-2 9.22542E-2 8.96233E-2 8.82387E-2 8.69961E-2 8.87887E-2 9.18785E-2 9.05198E-2 9.42688E-2 9.25765E-2 9.11562E-2 9.49661E-2 1.01379E-1 9.86221E-2 8.18633E-2 7.92369E-2 7.84868E-2 8.004E-2
