maxent_outputs/hummingbirds/hummingbird_61.asc
ncols         426
nrows         180
xllcorner     -130.0
yllcorner     24.0
cellsize      0.16666666666666666
NODATA_value  -9999
[rows 27 to 53 of 180, columns 183 to 243 of 426]
3.95304E-2 4.06253E-2 3.98585E-2 4.09262E-2 3.94366E-2 3.98957E-2 4.2357E-2 4.62565E-2 4.31088E-2 4.00534E-2 3.69685E-2 3.96667E-2 4.29607E-2 4.5424E-2 4.95347E-2 5.17667E-2 4.96696E-2 4.19698E-2 3.95345E-2 3.88575E-2 3.8091E-2 4.2903E-2 4.49897E-2 4.6817E-2 4.70185E-2 4.95584E-2 5.54016E-2 5.83595E-2 6.06371E-2 5.68073E-2 5.71258E-2 5.46604E-2 5.44621E-2 5.25395E-2 5.06859E-2 5.06348E-2 4.65601E-2 4.57301E-2 4.34856E-2 4.50151E-2 4.59355E-2 3.90499E-2 3.94691E-2 3.6323E-2 2.9645E-2 2.80617E-2 2.51694E-2 2.43653E-2 2.60102E-2 2.72692E-2 2.49991E-2 2.27134E-2 2.24226E-2 2.4215E-2 2.45005E-2 2.52755E-2 2.44065E-2 2.33513E-2 2.18322E-2 2.18288E-2 2.23247E-2
3.81801E-2 4.12679E-2 4.12263E-2 4.20584E-2 4.05149E-2 3.97436E-2 4.1503E-2 4.5994E-2 4.70601E-2 4.31622E-2 4.0043E-2 4.02447E-2 4.33954E-2 4.8865E-2 4.94291E-2 5.26946E-2 5.00526E-2 4.40653E-2 3.91944E-2 3.7723E-2 3.7226E-2 4.18649E-2 4.6133E-2 4.8525E-2 4.99122E-2 5.38134E-2 5.71958E-2 6.64639E-2 6.8237E-2 6.07889E-2 5.76476E-2 5.73021E-2 5.70441E-2 5.20175E-2 5.08013E-2 5.1132E-2 4.89197E-2 4.54631E-2 4.44914E-2 4.71267E-2 4.00168E-2 3.75176E-2 3.67037E-2 3.5849E-2 3.26257E-2 3.06807E-2 3.10494E-2 2.76953E-2 2.8887E-2 3.14607E-2 2.9752E-2 2.4543E-2 2.39676E-2 2.43618E-2 2.30667E-2 2.54879E-2 2.38637E-2 2.31272E-2 2.18157E-2 2.28221E-2 2.27445E-2
4.65489E-2 4.35697E-2 4.4391E-2 4.25978E-2 4.02554E-2 4.32651E-2 4.51245E-2 4.84744E-2 5.28596E-2 4.91163E-2 4.49182E-2 4.3113E-2 4.73521E-2 5.28045E-2 5.35308E-2 5.32054E-2 5.13698E-2 4.75602E-2 4.34158E-2 3.89981E-2 3.94752E-2 4.16343E-2 4.61449E-2 4.97557E-2 5.44475E-2 6.78422E-2 7.40896E-2 7.58309E-2 7.31049E-2 6.59845E-2 6.85747E-2 5.6556E-2 5.241E-2 5.0379E-2 4.84769E-2 4.99026E-2 4.9793E-2 4.88452E-2 4.61881E-2 4.4173E-2 4.36965E-2 4.07901E-2 3.88865E-2 3.75294E-2 3.69366E-2 4.30956E-2 3.89469E-2 3.58531E-2 3.31987E-2 3.67579E-2 3.45841E-2 2.89855E-2 2.78149E-2 2.67207E-2 2.59981E-2 2.42058E-2 2.60613E-2 2.37395E-2 2.26735E-2 2.31237E-2 2.34717E-2
4.73443E-2 5.16216E-2 4.80485E-2 4.67285E-2 4.60902E-2 4.65911E-2 4.72885E-2 4.93371E-2 5.42202E-2 5.30144E-2 5.033E-2 4.90062E-2 5.17297E-2 5.7979E-2 5.64748E-2 5.29864E-2 5.24209E-2 5.0171E-2 4.67188E-2 4.41537E-2 4.28351E-2 4.55556E-2 4.9726E-2 4.98089E-2 5.26677E-2 6.61603E-2 6.48247E-2 6.61207E-2 7.85753E-2 6.98447E-2 6.1556E-2 5.44333E-2 5.051E-2 4.70949E-2 4.85151E-2 4.91963E-2 5.08784E-2 5.22408E-2 4.8633E-2 4.95117E-2 4.56098E-2 4.15219E-2 4.066E-2 4.1865E-2 3.84091E-2 4.0272E-2 4.07492E-2 4.35854E-2 4.42803E-2 3.74865E-2 3.52758E-2 3.50998E-2 3.71303E-2 4.09658E-2 3.62844E-2 2.96852E-2 2.52473E-2 2.33414E-2 2.36614E-2 2.58718E-2 2.51778E-2
5.06695E-2 5.31661E-2 5.21983E-2 4.81003E-2 4.90406E-2 5.24237E-2 4.96407E-2 5.12976E-2 5.14921E-2 5.61024E-2 5.39141E-2 5.29327E-2 5.61146E-2 5.58303E-2 5.73322E-2 5.59596E-2 5.46159E-2 5.37054E-2 5.12622E-2 4.92357E-2 4.80709E-2 5.12977E-2 5.26928E-2 5.2921E-2 5.59991E-2 5.90623E-2 6.24837E-2 6.26631E-2 6.42285E-2 6.22E-2 5.93324E-2 5.35334E-2 4.98629E-2 4.39607E-2 4.48566E-2 4.98882E-2 5.50141E-2 6.29958E-2 5.7094E-2 5.72018E-2 5.07775E-2 4.64885E-2 4.62231E-2 4.57028E-2 4.53792E-2 4.26356E-2 4.28964E-2 4.40137E-2 4.61477E-2 4.29321E-2 4.45691E-2 4.16525E-2 3.9265E-2 4.29615E-2 4.86431E-2 3.70399E-2 2.64103E-2 2.3734E-2 2.40491E-2 3.74056E-2 3.69894E-2
5.52646E-2 5.7213E-2 5.57099E-2 5.52599E-2 5.81642E-2 5.76428E-2 5.54334E-2 5.33376E-2 5.4029E-2 5.87124E-2 5.96406E-2 5.54137E-2 5.69043E-2 5.59785E-2 5.5778E-2 5.34664E-2 5.46231E-2 5.47266E-2 5.56898E-2 5.54207E-2 5.44685E-2 5.92099E-2 5.74618E-2 5.79757E-2 6.00895E-2 6.20561E-2 6.67145E-2 6.79165E-2 6.84957E-2 6.14919E-2 5.92895E-2 5.90312E-2 5.2209E-2 4.62073E-2 4.63245E-2 4.86977E-2 5.44373E-2 6.11041E-2 6.36876E-2 6.73888E-2 6.52767E-2 5.83643E-2 4.99855E-2 4.92589E-2 5.03619E-2 5.38728E-2 5.12691E-2 5.15243E-2 5.3602E-2 4.79635E-2 4.3144E-2 3.91813E-2 3.69564E-2 4.36261E-2 5.15562E-2 4.38511E-2 3.3553E-2 3.14061E-2 3.20154E-2 3.54742E-2 3.54158E-2
5.77818E-2 5.96326E-2 5.82867E-2 5.21849E-2 5.65295E-2 5.9755E-2 5.74903E-2 5.77614E-2 5.77888E-2 5.9431E-2 5.80452E-2 5.78172E-2 5.7304E-2 5.59154E-2 5.60031E-2 5.18923E-2 5.31947E-2 5.58777E-2 5.67243E-2 5.82339E-2 5.79142E-2 6.59024E-2 6.15311E-2 6.2716E-2 6.26754E-2 6.21201E-2 6.51707E-2 6.68513E-2 6.60305E-2 6.12577E-2 5.97745E-2 5.86019E-2 5.59569E-2 5.47187E-2 5.4554E-2 5.12452E-2 5.58247E-2 5.7788E-2 6.06778E-2 6.50752E-2 6.35831E-2 6.74506E-2 6.04556E-2 5.75872E-2 5.93396E-2 5.33898E-2 5.65737E-2 5.51136E-2 5.29902E-2 5.24969E-2 5.13142E-2 4.67428E-2 4.46485E-2 4.63662E-2 4.20876E-2 4.18739E-2 3.49142E-2 3.48337E-2 3.79544E-2 4.38791E-2 4.75917E-2
5.97E-2 6.63058E-2 6.62695E-2 6.11501E-2 5.90673E-2 6.07497E-2 6.20533E-2 6.04059E-2 5.95237E-2 5.7993E-2 5.78778E-2 5.92896E-2 5.70559E-2 5.66056E-2 5.5054E-2 5.2987E-2 5.43305E-2 5.72034E-2 5.91645E-2 5.83E-2 6.25905E-2 6.81533E-2 6.23101E-2 6.30085E-2 6.20109E-2 6.40557E-2 6.69416E-2 6.76247E-2 6.31865E-2 6.08519E-2 5.82097E-2 6.16514E-2 6.11893E-2 5.93225E-2 5.71426E-2 5.6394E-2 6.01311E-2 6.04362E-2 6.18782E-2 6.12227E-2 6.30375E-2 6.24797E-2 6.13508E-2 6.14539E-2 5.9881E-2 6.19167E-2 6.15064E-2 5.77525E-2 5.64575E-2 5.47294E-2 5.65165E-2 6.09805E-2 5.4619E-2 5.78639E-2 4.57041E-2 4.53819E-2 4.05458E-2 4.03596E-2 4.02967E-2 4.48288E-2 5.25243E-2
5.84334E-2 6.87067E-2 7.30135E-2 7.04822E-2 6.81991E-2 6.26878E-2 6.49606E-2 6.22639E-2 6.26737E-2 5.98918E-2 5.93909E-2 5.84133E-2 5.97929E-2 5.7149E-2 5.68905E-2 5.65596E-2 5.47095E-2 5.83638E-2 6.28427E-2 6.36573E-2 6.51591E-2 6.46364E-2 6.4031E-2 6.40146E-2 6.60907E-2 7.24326E-2 8.57004E-2 8.7277E-2 8.10683E-2 7.33533E-2 6.65725E-2 6.3622E-2 6.37287E-2 6.05479E-2 6.11904E-2 6.10752E-2 6.16149E-2 6.24239E-2 6.46883E-2 6.57664E-2 6.22241E-2 6.009E-2 5.76218E-2 5.71055E-2 5.7806E-2 5.7928E-2 6.14891E-2 6.23136E-2 6.10616E-2 5.83104E-2 5.43364E-2 5.4237E-2 5.35323E-2 5.41797E-2 5.66688E-2 5.80466E-2 5.08034E-2 4.38254E-2 4.70726E-2 6.70947E-2 1.15871E-1
5.55619E-2 5.70936E-2 5.75095E-2 5.50364E-2 6.32392E-2 6.17745E-2 6.7689E-2 6.58331E-2 6.39502E-2 6.1435E-2 5.96789E-2 5.87505E-2 5.81264E-2 5.86216E-2 6.03693E-2 5.84548E-2 5.7128E-2 6.04641E-2 6.49802E-2 6.57021E-2 6.59067E-2 6.56867E-2 6.41831E-2 6.57892E-2 6.79713E-2 8.23629E-2 9.21133E-2 8.68128E-2 7.69049E-2 6.89226E-2 6.70167E-2 6.30816E-2 6.14093E-2 6.14902E-2 6.21331E-2 6.19958E-2 6.20249E-2 6.21383E-2 6.26169E-2 6.12923E-2 6.18918E-2 6.07052E-2 6.07299E-2 6.30182E-2 5.7114E-2 5.91262E-2 6.18607E-2 6.04126E-2 6.15736E-2 5.90443E-2 5.50702E-2 5.53302E-2 5.74657E-2 6.20636E-2 6.08943E-2 5.92529E-2 6.00941E-2 7.45333E-2 1.13806E-1 1.7899E-1 2.13898E-1
5.39857E-2 5.40957E-2 5.29293E-2 5.58928E-2 5.76305E-2 5.73489E-2 5.82387E-2 6.14415E-2 6.14673E-2 6.15632E-2 6.05417E-2 5.96154E-2 5.73311E-2 5.97152E-2 6.00313E-2 5.87478E-2 5.99102E-2 6.32049E-2 6.19478E-2 6.22402E-2 6.33281E-2 6.24346E-2 6.18794E-2 6.3218E-2 6.4559E-2 7.03286E-2 7.03269E-2 6.74934E-2 6.8285E-2 6.69206E-2 6.28656E-2 6.3455E-2 6.21503E-2 6.24093E-2 6.58649E-2 6.47464E-2 6.47644E-2 6.44482E-2 6.24492E-2 6.2423E-2 5.99408E-2 5.74199E-2 5.53659E-2 5.32836E-2 5.43022E-2 5.76218E-2 5.86227E-2 5.93014E-2 5.77379E-2 5.85761E-2 5.71857E-2 5.88662E-2 6.51102E-2 8.98583E-2 1.10287E-1 1.42784E-1 1.90993E-1 2.17287E-1 2.29163E-1 2.24209E-1 2.07148E-1
5.63837E-2 5.62912E-2 5.65508E-2 5.57289E-2 5.65067E-2 5.88643E-2 6.05566E-2 6.19921E-2 6.18147E-2 6.19483E-2 6.22114E-2 6.08661E-2 5.68808E-2 5.76597E-2 6.25753E-2 6.1965E-2 6.12044E-2 6.08756E-2 6.08644E-2 6.21644E-2 6.50105E-2 6.05527E-2 6.03097E-2 6.28314E-2 6.14076E-2 6.41894E-2 6.6088E-2 6.77198E-2 6.77192E-2 6.92752E-2 6.51434E-2 6.56987E-2 6.81728E-2 6.84632E-2 6.7663E-2 6.97876E-2 6.78961E-2 6.45257E-2 6.18302E-2 6.26838E-2 5.99286E-2 6.25381E-2 5.79716E-2 5.6935E-2 5.73326E-2 5.73997E-2 5.69911E-2 5.76313E-2 5.50503E-2 5.97273E-2 6.71218E-2 9.38407E-2 1.66309E-1 2.43263E-1 2.83776E-1 2.68163E-1 2.53728E-1 2.34592E-1 2.20275E-1 2.10849E-1 2.0104E-1
5.95312E-2 6.17555E-2 6.16941E-2 5.91244E-2 5.94252E-2 5.90502E-2 6.16447E-2 6.40708E-2 6.51629E-2 6.37626E-2 6.6104E-2 6.21266E-2 5.98357E-2 6.17764E-2 6.37995E-2 6.33133E-2 5.93149E-2 5.95105E-2 6.06791E-2 6.1729E-2 5.90572E-2 5.86424E-2 6.23538E-2 6.12335E-2 6.01807E-2 6.23889E-2 6.56708E-2 6.72213E-2 6.76967E-2 7.34522E-2 6.73671E-2 7.68601E-2 7.00758E-2 6.54191E-2 6.60589E-2 7.0266E-2 6.3641E-2 6.32447E-2 6.43756E-2 6.40725E-2 6.19963E-2 6.37247E-2 6.29397E-2 5.98179E-2 5.96257E-2 6.00886E-2 6.05048E-2 5.78508E-2 6.34601E-2 8.3192E-2 1.6395E-1 2.78297E-1 2.99647E-1 2.76601E-1 2.65487E-1 2.52854E-1 2.4014E-1 2.29937E-1 2.21051E-1 2.10648E-1 2.01679E-1
6.47356E-2 6.91629E-2 6.69097E-2 6.18592E-2 6.11857E-2 6.32845E-2 6.40267E-2 6.47392E-2 6.57941E-2 6.83786E-2 6.65048E-2 6.4745E-2 6.22841E-2 6.4086E-2 6.34966E-2 6.32398E-2 6.03149E-2 6.09015E-2 6.1641E-2 6.14364E-2 6.04051E-2 6.00982E-2 6.39426E-2 6.22497E-2 6.04509E-2 6.14548E-2 6.20429E-2 6.42359E-2 6.63449E-2 7.14379E-2 7.84034E-2 7.53302E-2 6.57314E-2 6.78052E-2 6.75476E-2 6.65543E-2 6.44815E-2 6.34717E-2 6.45532E-2 6.23554E-2 6.32614E-2 6.35132E-2 6.50461E-2 6.2684E-2 6.32085E-2 6.5399E-2 6.47815E-2 7.3226E-2 8.90517E-2 1.8731E-1 3.08961E-1 2.97367E-1 2.63021E-1 2.51165E-1 2.42945E-1 2.39883E-1 2.39634E-1 2.35388E-1 2.2315E-1 2.12016E-1 2.00538E-1
5.93712E-2 6.82413E-2 6.9299E-2 6.58773E-2 6.26048E-2 6.55102E-2 6.69831E-2 6.83523E-2 6.78207E-2 6.9439E-2 7.30957E-2 6.7174E-2 6.74561E-2 6.80865E-2 6.54461E-2 6.48204E-2 6.13166E-2 6.11004E-2 6.38475E-2 6.30633E-2 6.20332E-2 6.1311E-2 6.35948E-2 6.4399E-2 6.14294E-2 6.14186E-2 6.30507E-2 6.60273E-2 6.61342E-2 7.48685E-2 8.73779E-2 7.89606E-2 6.99597E-2 6.96968E-2 6.81622E-2 6.46667E-2 6.39049E-2 6.34488E-2 6.37247E-2 6.51865E-2 6.61418E-2 6.68516E-2 6.83852E-2 6.96631E-2 7.07049E-2 7.17247E-2 8.344E-2 1.26863E-1 2.35444E-1 3.08674E-1 2.91493E-1 2.50372E-1 2.0064E-1 1.838E-1 1.73397E-1 2.27233E-1 2.31504E-1 2.22415E-1 2.18904E-1 2.04284E-1 1.94754E-1
6.40897E-2 6.63143E-2 7.06289E-2 6.96417E-2 7.17203E-2 7.03886E-2 6.81965E-2 6.86961E-2 7.02118E-2 7.14535E-2 7.69678E-2 7.52974E-2 7.65105E-2 7.64219E-2 7.26366E-2 6.99093E-2 6.81588E-2 6.64188E-2 6.8323E-2 7.17816E-2 6.79498E-2 6.60444E-2 6.64341E-2 6.52555E-2 6.21798E-2 6.36374E-2 6.76E-2 6.68233E-2 6.88009E-2 7.02043E-2 7.05235E-2 7.37782E-2 7.33916E-2 7.2297E-2 6.90922E-2 6.65817E-2 6.64658E-2 6.92668E-2 6.66639E-2 6.7679E-2 6.73479E-2 6.65779E-2 7.05854E-2 7.22578E-2 8.02966E-2 1.11344E-1 1.9563E-1 2.83623E-1 2.87225E-1 2.15717E-1 1.66786E-1 1.28465E-1 1.25651E-1 1.37496E-1 1.6531E-1 2.12845E-1 2.12123E-1 2.12179E-1 1.77412E-1 1.5575E-1 1.27828E-1
6.35482E-2 6.99663E-2 7.1624E-2 7.2705E-2 7.44037E-2 7.37294E-2 7.19964E-2 6.73359E-2 6.82371E-2 7.40547E-2 7.78264E-2 8.01972E-2 8.18622E-2 8.17255E-2 7.75021E-2 7.15546E-2 6.93766E-2 7.09442E-2 7.24609E-2 7.3883E-2 7.39003E-2 7.15039E-2 6.7359E-2 6.2425E-2 6.07492E-2 6.33833E-2 6.76862E-2 6.44765E-2 6.736E-2 6.79243E-2 6.86619E-2 7.42133E-2 7.37288E-2 7.24746E-2 6.88926E-2 6.8252E-2 6.82453E-2 7.63411E-2 6.78324E-2 6.87885E-2 6.8386E-2 6.9589E-2 6.96589E-2 7.73105E-2 1.16688E-1 1.63876E-1 1.58099E-1 1.30478E-1 1.09399E-1 9.92574E-2 9.93354E-2 1.09584E-1 1.33446E-1 1.7003E-1 1.86749E-1 1.88415E-1 1.71486E-1 1.19477E-1 7.94597E-2 7.00675E-2 6.55529E-2
6.65442E-2 6.69091E-2 7.20924E-2 7.52489E-2 7.79678E-2 7.20495E-2 7.09157E-2 7.00086E-2 6.92837E-2 7.01587E-2 7.71339E-2 8.00052E-2 8.19782E-2 7.82131E-2 7.79263E-2 7.48084E-2 7.50188E-2 7.61134E-2 7.57606E-2 7.58242E-2 7.29781E-2 7.65958E-2 7.07621E-2 6.60114E-2 6.50795E-2 6.17327E-2 6.5539E-2 6.73852E-2 6.62728E-2 6.58362E-2 6.97254E-2 7.83983E-2 8.03922E-2 7.50718E-2 6.99624E-2 7.07842E-2 7.16067E-2 6.78177E-2 6.80228E-2 6.65844E-2 7.11377E-2 7.20273E-2 7.8281E-2 8.53107E-2 8.55999E-2 8.49846E-2 8.36187E-2 8.46993E-2 8.54328E-2 8.16643E-2 8.9426E-2 9.98457E-2 1.04796E-1 1.16453E-1 1.22803E-1 9.94902E-2 8.27429E-2 7.28296E-2 6.43296E-2 6.08342E-2 5.91125E-2
6.6254E-2 6.73767E-2 6.86271E-2 7.15222E-2 7.62971E-2 7.45328E-2 7.07509E-2 6.93509E-2 6.80612E-2 7.11516E-2 7.16879E-2 7.8708E-2 7.78892E-2 7.84525E-2 7.60404E-2 7.78488E-2 8.25696E-2 8.32626E-2 7.87039E-2 7.44368E-2 7.27285E-2 7.34624E-2 7.82301E-2 7.63239E-2 6.80327E-2 6.54144E-2 6.62576E-2 6.71085E-2 6.75273E-2 6.8088E-2 7.49737E-2 8.51688E-2 7.93593E-2 7.92556E-2 8.04977E-2 7.44028E-2 7.13775E-2 7.00545E-2 6.78672E-2 6.91321E-2 7.75029E-2 7.67397E-2 7.80278E-2 7.39061E-2 7.25854E-2 7.3994E-2 7.70215E-2 7.15196E-2 7.84948E-2 8.6864E-2 8.79576E-2 8.87396E-2 8.97593E-2 8.98046E-2 7.66946E-2 7.12671E-2 6.42801E-2 6.78612E-2 6.64156E-2 6.44691E-2 6.44351E-2
6.87028E-2 6.82856E-2 6.81774E-2 6.68853E-2 7.32078E-2 7.52975E-2 7.75441E-2 7.67819E-2 6.98234E-2 7.01182E-2 7.34879E-2 7.67384E-2 7.80045E-2 7.77042E-2 7.78353E-2 7.46443E-2 7.77991E-2 8.00592E-2 8.15144E-2 7.93496E-2 7.75859E-2 7.66965E-2 7.37257E-2 7.01777E-2 6.84281E-2 6.77071E-2 6.89164E-2 6.86905E-2 7.06313E-2 7.82063E-2 7.73419E-2 7.69438E-2 7.41962E-2 7.68459E-2 1.09104E-1 1.17615E-1 7.36308E-2 6.99008E-2 6.96659E-2 7.3442E-2 7.47809E-2 7.16623E-2 7.48477E-2 7.29675E-2 7.58976E-2 8.0178E-2 7.32809E-2 7.2744E-2 7.58242E-2 7.93286E-2 8.30934E-2 8.38632E-2 8.10677E-2 7.58661E-2 7.06349E-2 6.97172E-2 6.63211E-2 6.77353E-2 6.7121E-2 6.50326E-2 6.2567E-2
7.29435E-2 6.87792E-2 6.58171E-2 6.52113E-2 7.48161E-2 7.8544E-2 7.83107E-2 8.21303E-2 7.56869E-2 7.15655E-2 7.35089E-2 7.55436E-2 7.77389E-2 7.93866E-2 8.10697E-2 7.60914E-2 7.7457E-2 7.73705E-2 7.91216E-2 7.92243E-2 8.03166E-2 7.71346E-2 7.57736E-2 7.31769E-2 7.09306E-2 7.0661E-2 6.86663E-2 6.905E-2 7.23766E-2 7.3499E-2 7.67326E-2 7.21697E-2 7.24603E-2 7.1559E-2 7.65781E-2 8.15294E-2 7.37705E-2 7.286E-2 7.33721E-2 7.39667E-2 7.28738E-2 7.37657E-2 7.96712E-2 8.00673E-2 8.41109E-2 8.64724E-2 8.06337E-2 7.87403E-2 7.67665E-2 8.03785E-2 8.50506E-2 8.42146E-2 8.1365E-2 7.41147E-2 7.30095E-2 7.42731E-2 7.3695E-2 7.21775E-2 7.01198E-2 6.68093E-2 6.34639E-2
7.01473E-2 7.1463E-2 6.78535E-2 7.23281E-2 7.66464E-2 7.74396E-2 7.81854E-2 8.11324E-2 8.2195E-2 7.58871E-2 7.55159E-2 7.38639E-2 7.73562E-2 8.5485E-2 8.09014E-2 7.94363E-2 7.58861E-2 7.85769E-2 7.58813E-2 7.80414E-2 7.7975E-2 7.94697E-2 7.53586E-2 7.58522E-2 7.62464E-2 7.04233E-2 7.44124E-2 7.2161E-2 7.42652E-2 7.42208E-2 7.66324E-2 7.97266E-2 7.2562E-2 7.21314E-2 7.1194E-2 7.30056E-2 7.61154E-2 7.72265E-2 7.48844E-2 7.3988E-2 7.79556E-2 7.96736E-2 8.51801E-2 8.62038E-2 9.1527E-2 8.56054E-2 7.97777E-2 7.81119E-2 8.3038E-2 8.96037E-2 8.9011E-2 8.56745E-2 8.24812E-2 8.20599E-2 7.92441E-2 7.62652E-2 7.6265E-2 7.84875E-2 7.50798E-2 7.50713E-2 7.0636E-2
7.54299E-2 7.30186E-2 7.29594E-2 7.87302E-2 7.73608E-2 7.82331E-2 8.02571E-2 8.55126E-2 8.59508E-2 8.26121E-2 7.64788E-2 7.08709E-2 7.21321E-2 7.75691E-2 8.89216E-2 8.82409E-2 8.88703E-2 8.55349E-2 8.02081E-2 8.14687E-2 8.23314E-2 7.90729E-2 7.96075E-2 7.50745E-2 7.64899E-2 7.17126E-2 7.21473E-2 7.29298E-2 7.4706E-2 7.35276E-2 7.61049E-2 8.06618E-2 7.66123E-2 7.54484E-2 7.39571E-2 7.15538E-2 7.54532E-2 8.14326E-2 8.08488E-2 7.7576E-2 7.97838E-2 7.98904E-2 8.24773E-2 8.36979E-2 8.21922E-2 8.3016E-2 8.20018E-2 7.93746E-2 8.05675E-2 7.92537E-2 8.14428E-2 8.21995E-2 8.56099E-2 8.47101E-2 8.46722E-2 8.02684E-2 7.76453E-2 7.76279E-2 7.58523E-2 7.63162E-2 7.24346E-2
7.84116E-2 8.01417E-2 8.05864E-2 8.27991E-2 8.29354E-2 8.10948E-2 8.18516E-2 8.44988E-2 8.14357E-2 8.30068E-2 7.89072E-2 7.65505E-2 7.81656E-2 7.43572E-2 8.5081E-2 9.40267E-2 9.1449E-2 8.94637E-2 8.6669E-2 8.45369E-2 8.20263E-2 8.15843E-2 7.41128E-2 7.28348E-2 7.45901E-2 7.09817E-2 7.34015E-2 7.25264E-2 7.43039E-2 7.51656E-2 8.00729E-2 8.17069E-2 8.25348E-2 7.88809E-2 7.70377E-2 7.8846E-2 8.01345E-2 8.20366E-2 7.96657E-2 8.2618E-2 8.23844E-2 8.07204E-2 7.71119E-2 7.95723E-2 7.5923E-2 7.71217E-2 7.51621E-2 8.02314E-2 7.87528E-2 7.78835E-2 8.48758E-2 8.75205E-2 8.74356E-2 8.61319E-2 8.60991E-2 8.36507E-2 7.68158E-2 7.47002E-2 7.62968E-2 7.52493E-2 7.66636E-2
8.59965E-2 8.62544E-2 8.74672E-2 8.62013E-2 8.74786E-2 8.90826E-2 8.88026E-2 8.73893E-2 8.47837E-2 8.46489E-2 8.05847E-2 8.29152E-2 9.10371E-2 8.08658E-2 8.24627E-2 9.81656E-2 9.95761E-2 9.8181E-2 9.74339E-2 8.91791E-2 8.59501E-2 7.35195E-2 6.81605E-2 6.98288E-2 6.8541E-2 7.46565E-2 7.52195E-2 7.47864E-2 7.58647E-2 7.93731E-2 7.8621E-2 7.92855E-2 8.527E-2 8.34195E-2 8.26496E-2 8.09071E-2 7.8776E-2 8.0711E-2 8.53356E-2 8.94164E-2 8.72032E-2 8.31202E-2 8.11381E-2 7.84895E-2 7.54572E-2 7.41884E-2 7.78054E-2 7.78231E-2 7.96601E-2 8.42483E-2 8.60695E-2 8.77991E-2 8.86431E-2 8.74499E-2 8.90978E-2 8.26863E-2 7.81171E-2 7.5516E-2 7.50288E-2 7.52378E-2 7.36836E-2
8.69775E-2 9.20435E-2 9.01576E-2 9.17866E-2 9.2972E-2 9.10201E-2 8.85686E-2 8.67329E-2 8.79142E-2 8.56855E-2 8.37764E-2 8.18301E-2 8.50616E-2 8.64267E-2 8.07229E-2 9.57802E-2 1.05039E-1 1.02127E-1 1.02854E-1 9.65216E-2 9.40987E-2 8.02752E-2 7.04213E-2 6.8979E-2 6.80852E-2 7.49507E-2 7.89108E-2 7.98551E-2 8.02506E-2 7.79463E-2 7.43866E-2 7.88186E-2 8.31838E-2 8.53048E-2 8.73924E-2 8.63336E-2 8.57787E-2 8.92708E-2 9.24378E-2 9.06631E-2 9.38511E-2 8.77499E-2 8.2726E-2 7.82894E-2 7.74074E-2 7.77483E-2 8.10563E-2 8.37161E-2 8.9908E-2 8.9602E-2 9.40323E-2 9.00643E-2 9.15382E-2 9.50473E-2 8.75431E-2 8.15124E-2 8.26375E-2 8.28081E-2 7.79654E-2 7.21988E-2 7.29247E-2
8.94108E-2 9.15818E-2 9.75953E-2 9.7043E-2 9.59236E-2 9.33632E-2 9.09816E-2 9.14524E-2 9.2158E-2 8.58745E-2 8.44481E-2 8.36531E-2 8.76824E-2 8.57372E-2 8.20175E-2 8.9122E-2 9.86647E-2 1.04668E-1 9.84686E-2 9.68517E-2 9.53557E-2 9.44021E-2 7.12781E-2 6.89291E-2 7.22089E-2 7.65126E-2 7.84466E-2 8.01596E-2 7.85463E-2 8.00739E-2 8.28899E-2 7.85312E-2 8.6353E-2 9.06758E-2 8.95252E-2 9.24319E-2 9.54069E-2 9.75986E-2 1.00191E-1 9.52803E-2 1.0183E-1 8.65295E-2 8.13466E-2 7.84735E-2 8.31349E-2 8.58342E-2 9.17469E-2 9.08297E-2 9.40525E-2 9.3658E-2 9.37394E-2 9.3834E-2 9.12122E-2 8.97689E-2 8.38943E-2 7.91618E-2 8.18852E-2 7.96272E-2 7.89042E-2 8.1069E-2 7.69811E-2
