maxent_outputs/hummingbirds/hummingbird_210.asc
ncols         426
nrows         180
xllcorner     -130.0
yllcorner     24.0
cellsize      0.16666666666666666
NODATA_value  -9999
[rows 0 to 26 of 180, columns 122 to 182 of 426]
3.51529E-1 3.46824E-1 3.46746E-1 3.21009E-1 3.1424E-1 3.35109E-1 3.53668E-1 3.55174E-1 3.42623E-1 3.34109E-1 3.24367E-1 3.21513E-1 3.22978E-1 3.23461E-1 3.1946E-1 3.13866E-1 3.22939E-1 3.23336E-1 3.30103E-1 3.34921E-1 3.37496E-1 3.27981E-1 3.19365E-1 3.18478E-1 3.06303E-1 3.07067E-1 3.0664E-1 3.03733E-1 3.02894E-1 2.99849E-1 2.98747E-1 2.98634E-1 2.97782E-1 2.93999E-1 2.93383E-1 2.93414E-1 2.93258E-1 2.96725E-1 2.99121E-1 2.99314E-1 3.02653E-1 3.03567E-1 3.02075E-1 3.03378E-1 3.02969E-1 3.0212E-1 2.99064E-1 3.00286E-1 3.02692E-1 3.01376E-1 2.95763E-1 2.97646E-1 2.96266E-1 2.90188E-1 2.9626E-1 3.08781E-1 3.17527E-1 3.04072E-1 3.10501E-1 3.17645E-1 2.96035E-1
3.33741E-1 3.29325E-1 3.26073E-1 3.1871E-1 3.20444E-1 3.27799E-1 3.30236E-1 3.32573E-1 3.52802E-1 3.54719E-1 3.34895E-1 3.24646E-1 3.16393E-1 3.27342E-1 3.30402E-1 3.16192E-1 3.10531E-1 3.1016E-1 3.21659E-1 3.26469E-1 3.31301E-1 3.23963E-1 3.21624E-1 3.13203E-1 3.09863E-1 3.14842E-1 3.14893E-1 3.05184E-1 3.05866E-1 3.05918E-1 3.06011E-1 3.08682E-1 3.08466E-1 3.13507E-1 3.03722E-1 2.956E-1 2.97357E-1 3.01506E-1 3.0194E-1 3.05657E-1 3.06761E-1 3.05833E-1 3.03044E-1 2.99416E-1 3.01768E-1 3.06E-1 3.03754E-1 3.03295E-1 2.93732E-1 2.7843E-1 2.83181E-1 3.00259E-1 3.04444E-1 3.01468E-1 3.02108E-1 3.02975E-1 3.23687E-1 3.17378E-1 2.99787E-1 2.98503E-1 2.92183E-1
3.1237E-1 3.11419E-1 3.06892E-1 3.09618E-1 3.23679E-1 3.25487E-1 3.36229E-1 3.37988E-1 3.4322E-1 3.47934E-1 3.46111E-1 3.25487E-1 3.12439E-1 3.16992E-1 3.26556E-1 3.17493E-1 3.09048E-1 3.07226E-1 3.07941E-1 3.15598E-1 3.17162E-1 3.19286E-1 3.17421E-1 3.13817E-1 2.99313E-1 3.0763E-1 3.07815E-1 3.11724E-1 3.09364E-1 3.09091E-1 3.01196E-1 2.99493E-1 2.97856E-1 2.95086E-1 2.95636E-1 3.07758E-1 3.11641E-1 3.12563E-1 3.02638E-1 3.06692E-1 3.08688E-1 3.12688E-1 3.04421E-1 3.09179E-1 3.19572E-1 3.22012E-1 3.10576E-1 3.02406E-1 2.99794E-1 2.95886E-1 2.98062E-1 3.03429E-1 3.04678E-1 3.04741E-1 3.07506E-1 3.08014E-1 3.1539E-1 3.09267E-1 3.04465E-1 2.93936E-1 2.9223E-1
3.24504E-1 3.17953E-1 3.08529E-1 3.09705E-1 3.07801E-1 3.18215E-1 3.21208E-1 3.22051E-1 3.29818E-1 3.29781E-1 3.3854E-1 3.29799E-1 3.27525E-1 3.16889E-1 3.22627E-1 3.14944E-1 3.08151E-1 3.05E-1 3.04382E-1 3.04521E-1 3.07743E-1 3.06817E-1 3.0102E-1 2.97566E-1 2.95461E-1 2.9146E-1 2.91175E-1 2.97681E-1 3.01153E-1 3.08443E-1 3.04524E-1 3.0322E-1 3.07582E-1 2.97731E-1 3.00198E-1 3.02113E-1 2.95282E-1 3.0282E-1 3.06243E-1 3.09486E-1 3.10411E-1 3.12976E-1 3.12874E-1 3.23147E-1 3.32611E-1 3.2353E-1 3.04778E-1 2.96871E-1 2.95783E-1 2.98259E-1 2.98387E-1 2.96012E-1 3.08599E-1 3.22228E-1 3.2654E-1 3.3072E-1 3.32552E-1 3.32423E-1 3.07429E-1 2.97919E-1 2.96696E-1
3.32082E-1 3.31025E-1 3.15689E-1 3.10617E-1 3.07673E-1 3.08624E-1 3.10824E-1 3.21738E-1 3.3293E-1 3.26017E-1 3.23908E-1 3.28387E-1 3.29226E-1 3.30747E-1 3.31427E-1 3.27196E-1 3.21521E-1 3.08222E-1 3.06556E-1 3.0747E-1 3.10385E-1 3.06605E-1 3.05567E-1 3.04105E-1 2.99792E-1 2.95811E-1 3.00257E-1 3.05392E-1 3.10291E-1 3.15133E-1 3.1433E-1 3.14341E-1 3.16357E-1 3.0077E-1 2.89958E-1 2.93975E-1 3.00535E-1 3.07102E-1 3.10928E-1 3.17737E-1 3.149E-1 3.15522E-1 3.06821E-1 3.14165E-1 3.32019E-1 3.18974E-1 2.99561E-1 2.96555E-1 2.98365E-1 3.00146E-1 2.99916E-1 3.05077E-1 2.99826E-1 3.00049E-1 3.12552E-1 3.22768E-1 3.42415E-1 3.39022E-1 3.24775E-1 3.14733E-1 3.13595E-1
3.37361E-1 3.4315E-1 3.33791E-1 3.26068E-1 3.21449E-1 3.14844E-1 3.0743E-1 3.29122E-1 3.23671E-1 3.17552E-1 3.16072E-1 3.19277E-1 3.24102E-1 3.34419E-1 3.46282E-1 3.44902E-1 3.24057E-1 3.11706E-1 3.12931E-1 3.1238E-1 3.1867E-1 3.20121E-1 3.12561E-1 3.05557E-1 3.04443E-1 3.02323E-1 3.03713E-1 3.03621E-1 3.0353E-1 3.04748E-1 3.09224E-1 3.06725E-1 3.11176E-1 3.05787E-1 2.95482E-1 2.94891E-1 2.95736E-1 3.0874E-1 3.22701E-1 3.23099E-1 3.16586E-1 3.09538E-1 3.15492E-1 3.25792E-1 3.28444E-1 3.15426E-1 3.01612E-1 3.01759E-1 3.12887E-1 3.14759E-1 3.12152E-1 3.32103E-1 3.3299E-1 3.29419E-1 3.33959E-1 3.31019E-1 3.30874E-1 3.26717E-1 3.211E-1 3.03385E-1 3.07301E-1
3.60051E-1 3.512E-1 3.51346E-1 3.46073E-1 3.32672E-1 3.22244E-1 3.15212E-1 3.07544E-1 3.00474E-1 3.05386E-1 3.04295E-1 3.0543E-1 3.13689E-1 3.21756E-1 3.29845E-1 3.37454E-1 3.20261E-1 3.15069E-1 3.18064E-1 3.186E-1 3.24566E-1 3.26775E-1 3.19445E-1 3.14424E-1 3.13968E-1 3.16318E-1 3.1922E-1 3.14191E-1 3.06414E-1 3.02264E-1 3.04341E-1 3.09907E-1 3.13715E-1 3.14014E-1 3.06753E-1 3.05189E-1 3.0861E-1 3.10383E-1 3.10863E-1 3.09722E-1 3.09398E-1 3.12288E-1 3.17316E-1 3.13983E-1 3.16247E-1 3.06093E-1 3.0932E-1 3.16331E-1 3.30451E-1 3.40802E-1 3.35849E-1 3.27401E-1 3.53504E-1 3.54962E-1 3.2632E-1 3.4183E-1 3.45987E-1 3.49517E-1 3.34168E-1 3.20773E-1 3.0707E-1
3.48762E-1 3.54745E-1 3.53344E-1 3.41188E-1 3.40873E-1 3.37573E-1 3.38521E-1 3.21622E-1 3.15987E-1 3.12214E-1 3.07729E-1 3.06726E-1 3.05513E-1 3.08849E-1 3.17856E-1 3.16096E-1 3.15338E-1 3.15504E-1 3.19679E-1 3.20442E-1 3.20332E-1 3.20203E-1 3.20745E-1 3.20333E-1 3.20303E-1 3.20211E-1 3.22142E-1 3.22841E-1 3.18846E-1 3.14497E-1 3.14374E-1 3.22066E-1 3.26174E-1 3.23838E-1 3.22304E-1 3.16136E-1 3.12695E-1 3.14003E-1 3.05215E-1 2.98768E-1 2.98631E-1 3.10759E-1 3.15175E-1 3.10659E-1 3.1111E-1 3.24264E-1 3.28403E-1 3.30713E-1 3.36902E-1 3.41888E-1 3.43021E-1 3.25782E-1 3.34082E-1 3.41613E-1 3.19786E-1 3.33737E-1 3.26292E-1 3.35259E-1 3.44601E-1 3.32693E-1 3.17128E-1
3.60416E-1 3.40443E-1 3.35677E-1 3.35936E-1 3.4158E-1 3.34438E-1 3.34557E-1 3.44414E-1 3.52505E-1 3.50601E-1 3.2998E-1 3.24034E-1 3.1192E-1 3.05756E-1 3.04916E-1 3.13489E-1 3.1473E-1 3.19551E-1 3.22696E-1 3.25396E-1 3.242E-1 3.23342E-1 3.24864E-1 3.26429E-1 3.24954E-1 3.22011E-1 3.28155E-1 3.27685E-1 3.26897E-1 3.25902E-1 3.29554E-1 3.29491E-1 3.31378E-1 3.31947E-1 3.27378E-1 3.24491E-1 3.19226E-1 3.22087E-1 3.13736E-1 3.18922E-1 3.20382E-1 3.20658E-1 3.24123E-1 3.25303E-1 3.26947E-1 3.32786E-1 3.30643E-1 3.27085E-1 3.30953E-1 3.3379E-1 3.43147E-1 3.31265E-1 3.1954E-1 3.46514E-1 3.22283E-1 3.25298E-1 3.18941E-1 3.18644E-1 3.40395E-1 3.40068E-1 3.16871E-1
3.67683E-1 3.58025E-1 3.47583E-1 3.29241E-1 3.31806E-1 3.33957E-1 3.31822E-1 3.35903E-1 3.38545E-1 3.43066E-1 3.55792E-1 3.47381E-1 3.25881E-1 3.12864E-1 3.07975E-1 3.14012E-1 3.16996E-1 3.18423E-1 3.21295E-1 3.22118E-1 3.23411E-1 3.27688E-1 3.28196E-1 3.28829E-1 3.27226E-1 3.22095E-1 3.25291E-1 3.27333E-1 3.31645E-1 3.26506E-1 3.2619E-1 3.25519E-1 3.32429E-1 3.27807E-1 3.27794E-1 3.24177E-1 3.20752E-1 3.18595E-1 3.21131E-1 3.29792E-1 3.3301E-1 3.3468E-1 3.34876E-1 3.32043E-1 3.28303E-1 3.21836E-1 3.17787E-1 3.164E-1 3.24692E-1 3.36972E-1 3.43957E-1 3.21918E-1 3.09907E-1 3.40653E-1 3.38735E-1 3.32584E-1 3.23911E-1 3.24188E-1 3.27935E-1 3.30742E-1 3.14891E-1
3.66315E-1 3.60703E-1 3.53685E-1 3.36835E-1 3.35349E-1 3.35809E-1 3.34888E-1 3.32558E-1 3.3108E-1 3.32535E-1 3.3988E-1 3.57082E-1 3.3314E-1 3.21759E-1 3.18003E-1 3.16124E-1 3.17599E-1 3.19268E-1 3.20583E-1 3.27164E-1 3.27961E-1 3.31558E-1 3.31415E-1 3.29897E-1 3.25272E-1 3.23442E-1 3.24658E-1 3.27162E-1 3.27258E-1 3.30007E-1 3.26479E-1 3.21796E-1 3.23298E-1 3.26145E-1 3.27232E-1 3.26851E-1 3.18984E-1 3.19903E-1 3.28672E-1 3.31781E-1 3.3325E-1 3.28393E-1 3.23887E-1 3.32487E-1 3.30975E-1 3.23284E-1 3.23429E-1 3.31295E-1 3.21074E-1 3.20489E-1 3.12369E-1 3.02348E-1 3.05715E-1 3.29029E-1 3.27176E-1 3.20478E-1 3.18978E-1 3.40053E-1 3.31289E-1 3.18254E-1 3.12784E-1
3.61421E-1 3.56445E-1 3.49597E-1 3.35553E-1 3.34856E-1 3.40677E-1 3.40112E-1 3.37615E-1 3.38921E-1 3.35499E-1 3.38546E-1 3.42699E-1 3.34612E-1 3.26455E-1 3.27258E-1 3.24476E-1 3.23925E-1 3.2454E-1 3.22917E-1 3.26118E-1 3.27214E-1 3.25469E-1 3.24893E-1 3.20596E-1 3.17354E-1 3.15537E-1 3.18796E-1 3.22512E-1 3.21489E-1 3.22529E-1 3.21551E-1 3.20463E-1 3.21237E-1 3.23403E-1 3.25312E-1 3.28078E-1 3.18164E-1 3.18669E-1 3.18965E-1 3.18851E-1 3.24374E-1 3.1437E-1 3.11359E-1 3.10942E-1 3.16288E-1 3.17523E-1 3.21742E-1 3.17795E-1 3.01283E-1 2.88803E-1 2.92635E-1 3.05551E-1 3.31475E-1 3.44858E-1 3.28699E-1 3.19754E-1 3.20911E-1 3.35765E-1 3.30346E-1 3.13116E-1 3.17097E-1
3.43631E-1 3.43924E-1 3.38397E-1 3.35754E-1 3.31556E-1 3.36356E-1 3.36145E-1 3.42858E-1 3.48549E-1 3.5263E-1 3.45791E-1 3.37656E-1 3.30629E-1 3.26893E-1 3.27694E-1 3.22933E-1 3.22469E-1 3.23643E-1 3.18795E-1 3.28401E-1 3.31056E-1 3.29148E-1 3.25583E-1 3.22554E-1 3.17657E-1 3.15932E-1 3.1509E-1 3.17678E-1 3.18038E-1 3.19365E-1 3.19017E-1 3.41591E-1 3.34227E-1 3.47551E-1 3.41345E-1 3.26193E-1 3.28552E-1 3.21155E-1 3.11941E-1 3.15814E-1 3.18762E-1 3.18138E-1 3.09803E-1 3.10912E-1 3.12963E-1 3.20253E-1 3.17316E-1 3.12522E-1 3.0515E-1 2.99631E-1 3.16689E-1 3.35664E-1 3.4163E-1 3.45631E-1 3.36924E-1 3.25799E-1 3.07258E-1 3.19062E-1 3.23338E-1 3.11521E-1 3.00938E-1
3.33771E-1 3.33553E-1 3.36407E-1 3.31751E-1 3.30593E-1 3.32858E-1 3.28984E-1 3.24031E-1 3.31753E-1 3.34755E-1 3.31828E-1 3.29481E-1 3.31326E-1 3.30031E-1 3.23401E-1 3.26292E-1 3.20023E-1 3.18713E-1 3.22994E-1 3.41421E-1 3.44912E-1 3.4045E-1 3.34933E-1 3.24931E-1 3.18615E-1 3.16206E-1 3.09099E-1 3.14203E-1 3.18397E-1 3.19241E-1 3.20027E-1 3.34478E-1 3.32751E-1 3.32835E-1 3.34618E-1 3.37189E-1 3.39897E-1 3.36395E-1 3.29613E-1 3.19808E-1 3.12961E-1 3.05396E-1 2.96096E-1 3.05085E-1 3.15382E-1 3.20559E-1 3.1348E-1 3.26346E-1 3.25878E-1 3.28511E-1 3.32824E-1 3.24224E-1 3.28146E-1 3.38211E-1 3.2546E-1 3.07024E-1 3.05519E-1 3.10871E-1 3.16278E-1 3.16955E-1 3.07147E-1
3.35733E-1 3.38597E-1 3.34715E-1 3.39629E-1 3.36156E-1 3.33382E-1 3.40244E-1 3.42988E-1 3.29293E-1 3.21633E-1 3.1526E-1 3.17992E-1 3.21921E-1 3.24022E-1 3.26859E-1 3.26207E-1 3.29349E-1 3.24359E-1 3.27844E-1 3.30331E-1 3.33019E-1 3.37918E-1 3.33543E-1 3.30231E-1 3.23609E-1 3.14177E-1 3.09473E-1 3.11166E-1 3.14538E-1 3.1737E-1 3.18538E-1 3.2294E-1 3.29195E-1 3.3066E-1 3.36235E-1 3.40991E-1 3.40706E-1 3.38994E-1 3.36412E-1 3.30091E-1 3.24828E-1 3.23255E-1 3.17699E-1 3.12616E-1 3.10826E-1 3.06612E-1 2.97316E-1 3.04112E-1 3.2207E-1 3.16224E-1 3.19835E-1 3.23189E-1 3.20103E-1 3.3226E-1 3.28659E-1 2.9788E-1 3.08345E-1 2.96438E-1 2.96832E-1 3.12169E-1 3.13471E-1
3.46553E-1 3.477E-1 3.42339E-1 3.40431E-1 3.51676E-1 3.4746E-1 3.39461E-1 3.33985E-1 3.35467E-1 3.26913E-1 3.12227E-1 3.10133E-1 3.14049E-1 3.25545E-1 3.30871E-1 3.33298E-1 3.36921E-1 3.33436E-1 3.38604E-1 3.32301E-1 3.32041E-1 3.33181E-1 3.26006E-1 3.23893E-1 3.28922E-1 3.19128E-1 3.12934E-1 3.09228E-1 3.13653E-1 3.13702E-1 3.14807E-1 3.17064E-1 3.24314E-1 3.295E-1 3.3459E-1 3.39743E-1 3.39975E-1 3.39378E-1 3.36528E-1 3.33182E-1 3.29585E-1 3.18953E-1 3.20047E-1 3.19111E-1 3.11609E-1 3.19995E-1 3.05721E-1 2.9893E-1 2.85722E-1 2.86553E-1 2.94204E-1 3.19914E-1 3.28418E-1 3.36093E-1 3.26567E-1 2.9359E-1 2.89496E-1 2.87037E-1 3.08919E-1 3.02451E-1 2.90436E-1
3.46111E-1 3.50885E-1 3.50477E-1 3.41858E-1 3.42206E-1 3.45581E-1 3.33095E-1 3.2877E-1 3.29482E-1 3.28544E-1 3.27351E-1 3.23528E-1 3.28255E-1 3.33456E-1 3.35323E-1 3.40626E-1 3.43989E-1 3.41919E-1 3.39454E-1 3.37706E-1 3.29061E-1 3.36871E-1 3.33247E-1 3.22598E-1 3.23672E-1 3.15672E-1 3.26943E-1 3.17799E-1 3.18296E-1 3.15691E-1 3.14034E-1 3.13992E-1 3.28339E-1 3.29074E-1 3.29702E-1 3.34773E-1 3.37989E-1 3.37052E-1 3.36166E-1 3.32834E-1 3.29332E-1 3.28485E-1 3.20797E-1 3.1581E-1 3.08605E-1 3.11591E-1 3.09984E-1 3.06266E-1 2.9701E-1 2.92632E-1 2.92035E-1 3.04819E-1 3.16973E-1 3.13394E-1 3.02809E-1 2.9158E-1 2.87692E-1 2.96201E-1 3.14362E-1 3.33324E-1 3.05912E-1
3.41236E-1 3.43212E-1 3.42532E-1 3.47637E-1 3.53406E-1 3.44814E-1 3.31637E-1 3.21191E-1 3.35899E-1 3.32266E-1 3.38979E-1 3.45108E-1 3.39125E-1 3.35572E-1 3.36688E-1 3.40404E-1 3.43053E-1 3.4722E-1 3.4312E-1 3.35194E-1 3.33167E-1 3.39067E-1 3.41069E-1 3.26366E-1 3.20818E-1 3.15721E-1 3.25694E-1 3.22057E-1 3.2509E-1 3.24357E-1 3.17412E-1 3.14695E-1 3.17745E-1 3.23894E-1 3.22803E-1 3.29983E-1 3.32668E-1 3.3824E-1 3.36106E-1 3.33291E-1 3.27489E-1 3.26519E-1 3.20682E-1 3.19025E-1 3.10515E-1 3.10838E-1 3.13315E-1 3.10225E-1 3.06326E-1 3.0418E-1 3.02083E-1 3.10697E-1 3.1334E-1 3.03943E-1 3.02086E-1 3.0143E-1 3.01352E-1 3.02117E-1 3.07118E-1 3.19262E-1 3.14028E-1
3.43842E-1 3.45137E-1 3.45909E-1 3.45952E-1 3.48991E-1 3.47704E-1 3.42956E-1 3.31252E-1 3.40693E-1 3.34329E-1 3.39515E-1 3.47083E-1 3.46976E-1 3.41694E-1 3.44135E-1 3.46476E-1 3.60451E-1 3.49728E-1 3.44251E-1 3.46846E-1 3.3939E-1 3.34577E-1 3.31489E-1 3.31725E-1 3.27373E-1 3.24905E-1 3.26955E-1 3.26428E-1 3.24491E-1 3.23183E-1 3.2101E-1 3.19732E-1 3.1402E-1 3.14365E-1 3.18797E-1 3.23153E-1 3.26923E-1 3.35958E-1 3.32428E-1 3.26236E-1 3.31423E-1 3.2934E-1 3.26083E-1 3.22091E-1 3.19145E-1 3.16326E-1 3.15176E-1 3.10114E-1 3.03518E-1 2.97691E-1 2.98714E-1 3.09085E-1 3.22436E-1 3.2127E-1 3.28026E-1 3.31532E-1 3.28277E-1 3.30655E-1 3.39259E-1 3.26989E-1 3.08067E-1
3.58425E-1 3.47919E-1 3.41979E-1 3.47102E-1 3.46885E-1 3.5055E-1 3.49251E-1 3.47875E-1 3.43282E-1 3.45853E-1 3.37422E-1 3.33577E-1 3.42295E-1 3.53052E-1 3.59638E-1 3.64857E-1 3.66393E-1 3.60208E-1 3.55926E-1 3.50746E-1 3.42642E-1 3.42837E-1 3.413E-1 3.36983E-1 3.36494E-1 3.31858E-1 3.30684E-1 3.33209E-1 3.29968E-1 3.24728E-1 3.24474E-1 3.31238E-1 3.26532E-1 3.22884E-1 3.24825E-1 3.25592E-1 3.27131E-1 3.25654E-1 3.29261E-1 3.34829E-1 3.36122E-1 3.33717E-1 3.28161E-1 3.2912E-1 3.25012E-1 3.2546E-1 3.23431E-1 3.1154E-1 3.06007E-1 3.05229E-1 2.99217E-1 2.98989E-1 2.99424E-1 2.95696E-1 3.14242E-1 3.14455E-1 3.12496E-1 3.24749E-1 3.32382E-1 3.32417E-1 3.30708E-1
3.41336E-1 3.39546E-1 3.24543E-1 3.3124E-1 3.35275E-1 3.41544E-1 3.49069E-1 3.50988E-1 3.55012E-1 3.54867E-1 3.54784E-1 3.50357E-1 3.53908E-1 3.50567E-1 3.44986E-1 3.51502E-1 3.54345E-1 3.6086E-1 3.57096E-1 3.52199E-1 3.44452E-1 3.36781E-1 3.41772E-1 3.39237E-1 3.31668E-1 3.39016E-1 3.35937E-1 3.3235E-1 3.27431E-1 3.24015E-1 3.16872E-1 3.19953E-1 3.25221E-1 3.25511E-1 3.22678E-1 3.25451E-1 3.28909E-1 3.33333E-1 3.36739E-1 3.37718E-1 3.37195E-1 3.3845E-1 3.34044E-1 3.34833E-1 3.31244E-1 3.35106E-1 3.34596E-1 3.26404E-1 3.10639E-1 3.09098E-1 3.051E-1 3.05E-1 3.04015E-1 3.02206E-1 2.98767E-1 2.9599E-1 2.98941E-1 3.07002E-1 3.12051E-1 3.23664E-1 3.37904E-1
3.44637E-1 3.36349E-1 3.28237E-1 3.24709E-1 3.31626E-1 3.38862E-1 3.44014E-1 3.50687E-1 3.58216E-1 3.57207E-1 3.53578E-1 3.56037E-1 3.58408E-1 3.50893E-1 3.44405E-1 3.46627E-1 3.49581E-1 3.46479E-1 3.46046E-1 3.46033E-1 3.44219E-1 3.3733E-1 3.46182E-1 3.52763E-1 3.38629E-1 3.29602E-1 3.29142E-1 3.20107E-1 3.15045E-1 3.10139E-1 3.10515E-1 3.15967E-1 3.15694E-1 3.16276E-1 3.20646E-1 3.23258E-1 3.33912E-1 3.42644E-1 3.43747E-1 3.42423E-1 3.40425E-1 3.38985E-1 3.34889E-1 3.35382E-1 3.33013E-1 3.34326E-1 3.32869E-1 3.32387E-1 3.24899E-1 3.11926E-1 3.14406E-1 3.1227E-1 3.16103E-1 3.11031E-1 3.00638E-1 2.93748E-1 2.98797E-1 3.02017E-1 3.05921E-1 3.06997E-1 3.26806E-1
3.40284E-1 3.2938E-1 3.27146E-1 3.30334E-1 3.33442E-1 3.39152E-1 3.47911E-1 3.58564E-1 3.58753E-1 3.61778E-1 3.68321E-1 3.71701E-1 3.69584E-1 3.61866E-1 3.56354E-1 3.57296E-1 3.57357E-1 3.49034E-1 3.42113E-1 3.33813E-1 3.32649E-1 3.34089E-1 3.39221E-1 3.5482E-1 3.69445E-1 3.50679E-1 3.27399E-1 3.15966E-1 3.10848E-1 3.08586E-1 3.09352E-1 3.04986E-1 3.05068E-1 3.16764E-1 3.20736E-1 3.26445E-1 3.29558E-1 3.35447E-1 3.41305E-1 3.4097E-1 3.41719E-1 3.39327E-1 3.36469E-1 3.33102E-1 3.29563E-1 3.2867E-1 3.27614E-1 3.27809E-1 3.25131E-1 3.24384E-1 3.2474E-1 3.19795E-1 3.1494E-1 3.06448E-1 3.00944E-1 2.92053E-1 2.92451E-1 2.98195E-1 3.07696E-1 3.15299E-1 3.12609E-1
3.46615E-1 3.41694E-1 3.49275E-1 3.5332E-1 3.5103E-1 3.59266E-1 3.66088E-1 3.74369E-1 3.74386E-1 3.68806E-1 3.67371E-1 3.69706E-1 3.68306E-1 3.7008E-1 3.6349E-1 3.62699E-1 3.52573E-1 3.45556E-1 3.47033E-1 3.34575E-1 3.36863E-1 3.5927E-1 3.73371E-1 3.45245E-1 3.55514E-1 3.67582E-1 3.58178E-1 3.45199E-1 3.26813E-1 3.14664E-1 3.1114E-1 3.10004E-1 3.09692E-1 3.13972E-1 3.20897E-1 3.25445E-1 3.28738E-1 3.34666E-1 3.35582E-1 3.37155E-1 3.34676E-1 3.35359E-1 3.30227E-1 3.27275E-1 3.23087E-1 3.22345E-1 3.23114E-1 3.22781E-1 3.24596E-1 3.22619E-1 3.20685E-1 3.23885E-1 3.1974E-1 3.07178E-1 2.97987E-1 2.92769E-1 2.96011E-1 3.0013E-1 3.09139E-1 3.11133E-1 3.02934E-1
3.82244E-1 3.80869E-1 3.84212E-1 3.97807E-1 4.04005E-1 4.09895E-1 3.9888E-1 3.78506E-1 3.74331E-1 3.73597E-1 3.73176E-1 3.68778E-1 3.6951E-1 3.58048E-1 3.44867E-1 3.46271E-1 3.47539E-1 3.52935E-1 3.56613E-1 3.43852E-1 3.49144E-1 3.47715E-1 3.45248E-1 3.42185E-1 3.41052E-1 3.58982E-1 3.60879E-1 3.56028E-1 3.51024E-1 3.27396E-1 3.34355E-1 3.26208E-1 3.19997E-1 3.16902E-1 3.23656E-1 3.25917E-1 3.28654E-1 3.33108E-1 3.34207E-1 3.30323E-1 3.28989E-1 3.26994E-1 3.28868E-1 3.30666E-1 3.26546E-1 3.19336E-1 3.15623E-1 3.17341E-1 3.20864E-1 3.23109E-1 3.22017E-1 3.23653E-1 3.30883E-1 3.1653E-1 3.05388E-1 2.93123E-1 3.01917E-1 3.06619E-1 3.06206E-1 2.98815E-1 2.96281E-1
4.13313E-1 4.15861E-1 4.23688E-1 4.22668E-1 4.24113E-1 4.23058E-1 3.94607E-1 3.73625E-1 3.69179E-1 3.64097E-1 3.5945E-1 3.58915E-1 3.58725E-1 3.59459E-1 3.56964E-1 3.44362E-1 3.36997E-1 3.38729E-1 3.49631E-1 3.55724E-1 3.56859E-1 3.55405E-1 3.53732E-1 3.52649E-1 3.48735E-1 3.45657E-1 3.47516E-1 3.41821E-1 3.4953E-1 3.67972E-1 3.69721E-1 3.43541E-1 3.3234E-1 3.3603E-1 3.26881E-1 3.30274E-1 3.29847E-1 3.32678E-1 3.32039E-1 3.29129E-1 3.21093E-1 3.16437E-1 3.22992E-1 3.34723E-1 3.32288E-1 3.23233E-1 3.15948E-1 3.13899E-1 3.15892E-1 3.1946E-1 3.24102E-1 3.28532E-1 3.29494E-1 3.37774E-1 3.24171E-1 3.1758E-1 3.10741E-1 3.06897E-1 3.107E-1 3.06755E-1 3.00363E-1
4.04237E-1 3.94173E-1 3.84981E-1 3.94318E-1 4.04159E-1 4.04002E-1 3.7929E-1 3.78549E-1 3.71729E-1 3.64863E-1 3.55213E-1 3.53737E-1 3.67497E-1 3.68001E-1 3.56825E-1 3.40647E-1 3.32329E-1 3.27444E-1 3.39857E-1 3.49884E-1 3.59682E-1 3.64063E-1 3.62073E-1 3.53298E-1 3.57063E-1 3.78405E-1 3.71845E-1 3.64566E-1 3.61233E-1 3.70952E-1 3.77817E-1 3.79767E-1 3.62993E-1 3.52783E-1 3.41119E-1 3.32794E-1 3.3352E-1 3.36426E-1 3.32366E-1 3.27124E-1 3.21311E-1 3.15603E-1 3.11012E-1 3.12644E-1 3.18249E-1 3.17101E-1 3.15315E-1 3.12903E-1 3.16451E-1 3.21563E-1 3.23965E-1 3.26366E-1 3.21092E-1 3.35249E-1 3.33223E-1 3.25118E-1 3.14479E-1 3.10337E-1 3.15476E-1 3.13069E-1 3.10873E-1
