maxent_outputs/hummingbirds/hummingbird_265.asc
ncols         426
nrows         180
xllcorner     -130.0
yllcorner     24.0
cellsize      0.16666666666666666
NODATA_value  -9999
[rows 0 to 26 of 180, columns 61 to 121 of 426]
2.1347E-1 2.17989E-1 2.54093E-1 2.55381E-1 2.46199E-1 2.42081E-1 2.37813E-1 2.28118E-1 2.22293E-1 2.14944E-1 2.06508E-1 1.94875E-1 1.89456E-1 1.87173E-1 1.78827E-1 1.73034E-1 1.79055E-1 1.74666E-1 1.6942E-1 1.609E-1 1.61149E-1 1.60911E-1 1.59807E-1 1.53802E-1 1.55964E-1 1.56248E-1 1.49489E-1 1.28735E-1 1.25151E-1 1.22248E-1 1.23307E-1 1.2983E-1 1.42902E-1 1.39715E-1 1.40759E-1 1.29794E-1 1.26749E-1 1.21898E-1 1.27844E-1 1.30633E-1 1.25412E-1 1.28175E-1 1.24348E-1 1.26261E-1 1.27233E-1 1.25156E-1 1.28437E-1 1.28857E-1 1.2777E-1 1.2359E-1 1.21355E-1 1.25051E-1 1.21986E-1 1.21546E-1 1.21181E-1 1.1705E-1 1.17387E-1 1.16857E-1 1.17415E-1 1.15128E-1 1.20103E-1
2.0908E-1 2.09112E-1 2.45855E-1 2.32536E-1 2.3191E-1 2.40709E-1 2.3612E-1 2.32441E-1 2.2085E-1 2.15376E-1 2.08299E-1 2.02434E-1 1.95856E-1 1.92437E-1 1.85745E-1 1.83068E-1 1.8042E-1 1.71062E-1 1.67274E-1 1.69401E-1 1.65473E-1 1.5068E-1 1.38929E-1 1.33038E-1 1.30024E-1 1.28281E-1 1.43247E-1 1.29548E-1 1.29837E-1 1.35373E-1 1.44785E-1 1.48241E-1 1.55673E-1 1.43342E-1 1.51925E-1 1.45651E-1 1.24208E-1 1.26946E-1 1.25472E-1 1.31198E-1 1.37014E-1 1.40313E-1 1.46732E-1 1.33008E-1 1.33812E-1 1.33262E-1 1.27506E-1 1.29532E-1 1.28523E-1 1.27401E-1 1.25502E-1 1.24517E-1 1.22282E-1 1.20118E-1 1.18547E-1 1.16278E-1 1.1339E-1 1.12604E-1 1.11996E-1 1.08813E-1 1.10619E-1
2.10516E-1 2.13173E-1 2.10766E-1 2.22859E-1 1.98158E-1 2.07501E-1 2.09698E-1 2.1701E-1 2.21284E-1 2.20899E-1 2.01833E-1 2.00602E-1 1.97585E-1 1.91226E-1 1.73934E-1 1.76677E-1 1.80791E-1 1.77801E-1 1.71916E-1 1.58596E-1 1.51642E-1 1.49852E-1 1.45985E-1 1.46908E-1 1.41322E-1 1.43515E-1 1.42511E-1 1.29015E-1 1.25183E-1 1.3116E-1 1.48471E-1 1.57915E-1 1.56705E-1 1.50622E-1 1.54522E-1 1.51753E-1 1.42889E-1 1.59281E-1 1.61926E-1 1.52928E-1 1.46184E-1 1.50185E-1 1.48401E-1 1.36321E-1 1.3028E-1 1.33846E-1 1.2985E-1 1.29799E-1 1.31779E-1 1.29156E-1 1.27045E-1 1.24292E-1 1.2559E-1 1.21339E-1 1.18457E-1 1.15923E-1 1.13182E-1 1.13026E-1 1.11146E-1 1.07597E-1 1.04246E-1
2.03618E-1 1.97592E-1 1.8525E-1 2.10612E-1 1.9657E-1 1.8535E-1 1.91842E-1 2.10109E-1 2.2106E-1 2.29961E-1 2.14907E-1 1.92002E-1 1.8649E-1 1.7789E-1 1.73945E-1 1.738E-1 1.77428E-1 1.75112E-1 1.70828E-1 1.60227E-1 1.66759E-1 1.64474E-1 1.57856E-1 1.55225E-1 1.55419E-1 1.52713E-1 1.55652E-1 1.46596E-1 1.43231E-1 1.35361E-1 1.31116E-1 1.42327E-1 1.61901E-1 1.46694E-1 1.45381E-1 1.35757E-1 1.4466E-1 1.4778E-1 1.47482E-1 1.43014E-1 1.54332E-1 1.54523E-1 1.55497E-1 1.54136E-1 1.33431E-1 1.30611E-1 1.31148E-1 1.28552E-1 1.30361E-1 1.29734E-1 1.28462E-1 1.27858E-1 1.2516E-1 1.21911E-1 1.19043E-1 1.16832E-1 1.14938E-1 1.17136E-1 1.14424E-1 1.11955E-1 1.08153E-1
2.24521E-1 2.15884E-1 1.96413E-1 1.94814E-1 1.81921E-1 1.75749E-1 1.95228E-1 2.0816E-1 2.14392E-1 2.19908E-1 2.20856E-1 2.01019E-1 1.9117E-1 1.80631E-1 1.75024E-1 1.81553E-1 1.79491E-1 1.76763E-1 1.74082E-1 1.61169E-1 1.64607E-1 1.63812E-1 1.61857E-1 1.58229E-1 1.51531E-1 1.49899E-1 1.44505E-1 1.43838E-1 1.35344E-1 1.38311E-1 1.40862E-1 1.47832E-1 1.56667E-1 1.57769E-1 1.55113E-1 1.51775E-1 1.49218E-1 1.47078E-1 1.4085E-1 1.33505E-1 1.37076E-1 1.47672E-1 1.5138E-1 1.50644E-1 1.44027E-1 1.40235E-1 1.38283E-1 1.30158E-1 1.31642E-1 1.35706E-1 1.31197E-1 1.34164E-1 1.27758E-1 1.2702E-1 1.25251E-1 1.22324E-1 1.20317E-1 1.20172E-1 1.18868E-1 1.18021E-1 1.13368E-1
2.419E-1 2.39644E-1 2.18247E-1 2.12775E-1 2.06211E-1 1.87432E-1 1.79693E-1 1.85959E-1 1.93948E-1 2.13781E-1 2.18658E-1 2.16191E-1 2.0941E-1 1.99956E-1 1.89834E-1 1.8064E-1 1.81472E-1 1.80208E-1 1.7427E-1 1.68884E-1 1.67387E-1 1.62264E-1 1.60235E-1 1.5923E-1 1.58321E-1 1.53901E-1 1.57883E-1 1.54409E-1 1.51781E-1 1.45419E-1 1.47531E-1 1.51204E-1 1.54782E-1 1.58957E-1 1.67494E-1 1.63794E-1 1.59696E-1 1.54028E-1 1.46195E-1 1.4204E-1 1.40199E-1 1.35226E-1 1.37499E-1 1.41615E-1 1.37571E-1 1.34634E-1 1.35754E-1 1.30091E-1 1.31237E-1 1.35877E-1 1.34505E-1 1.33042E-1 1.2399E-1 1.2268E-1 1.24917E-1 1.23171E-1 1.21634E-1 1.18342E-1 1.16995E-1 1.14728E-1 1.16139E-1
2.09941E-1 2.26317E-1 2.36246E-1 2.39119E-1 2.1727E-1 2.18663E-1 2.14954E-1 2.08125E-1 2.12277E-1 2.21525E-1 2.13975E-1 2.17927E-1 2.03406E-1 1.97739E-1 1.92098E-1 1.95434E-1 1.8408E-1 1.77176E-1 1.71265E-1 1.69764E-1 1.65004E-1 1.60472E-1 1.59768E-1 1.61075E-1 1.59437E-1 1.53392E-1 1.59893E-1 1.6225E-1 1.641E-1 1.42384E-1 1.50886E-1 1.47184E-1 1.50863E-1 1.5257E-1 1.59173E-1 1.54715E-1 1.52949E-1 1.57248E-1 1.53622E-1 1.47416E-1 1.4775E-1 1.4324E-1 1.45173E-1 1.3788E-1 1.30832E-1 1.29593E-1 1.32038E-1 1.28222E-1 1.25551E-1 1.34707E-1 1.35979E-1 1.33842E-1 1.26938E-1 1.2496E-1 1.24797E-1 1.20824E-1 1.23847E-1 1.16202E-1 1.12229E-1 1.14664E-1 1.14278E-1
1.95735E-1 2.10744E-1 2.33729E-1 2.44637E-1 2.45101E-1 2.20014E-1 2.11593E-1 2.29275E-1 2.2121E-1 1.9241E-1 2.06786E-1 2.09347E-1 1.86982E-1 1.77009E-1 1.88009E-1 1.94271E-1 1.94281E-1 1.87441E-1 1.73675E-1 1.66332E-1 1.61204E-1 1.61331E-1 1.60882E-1 1.62995E-1 1.59828E-1 1.62129E-1 1.63077E-1 1.61836E-1 1.63993E-1 1.59759E-1 1.57074E-1 1.46204E-1 1.43291E-1 1.39777E-1 1.5231E-1 1.5246E-1 1.47843E-1 1.53757E-1 1.5703E-1 1.57299E-1 1.56683E-1 1.51998E-1 1.53442E-1 1.55547E-1 1.46767E-1 1.4108E-1 1.38166E-1 1.33336E-1 1.32777E-1 1.28983E-1 1.30022E-1 1.32804E-1 1.27166E-1 1.24736E-1 1.23231E-1 1.26267E-1 1.23226E-1 1.16426E-1 1.1865E-1 1.14967E-1 1.20758E-1
2.09258E-1 2.1673E-1 2.25176E-1 2.41536E-1 2.44202E-1 2.35481E-1 2.28526E-1 2.08795E-1 1.84055E-1 1.72132E-1 2.06783E-1 1.8622E-1 1.90756E-1 1.7265E-1 1.51932E-1 1.51302E-1 1.7565E-1 1.84714E-1 1.87062E-1 1.82565E-1 1.70278E-1 1.64697E-1 1.58095E-1 1.57206E-1 1.59056E-1 1.56665E-1 1.62342E-1 1.63065E-1 1.61518E-1 1.56419E-1 1.50781E-1 1.44834E-1 1.31285E-1 1.43406E-1 1.53724E-1 1.58536E-1 1.50855E-1 1.56227E-1 1.58934E-1 1.57271E-1 1.57798E-1 1.5718E-1 1.53571E-1 1.55634E-1 1.50211E-1 1.50555E-1 1.45608E-1 1.40304E-1 1.36506E-1 1.39864E-1 1.4032E-1 1.40829E-1 1.37623E-1 1.31796E-1 1.28909E-1 1.28999E-1 1.28705E-1 1.25481E-1 1.31173E-1 1.29401E-1 1.27476E-1
2.38012E-1 2.19023E-1 2.34934E-1 2.42514E-1 2.42672E-1 2.08034E-1 2.43867E-1 2.39285E-1 2.2176E-1 1.78174E-1 1.71374E-1 1.64653E-1 1.7753E-1 1.78109E-1 1.61413E-1 1.51984E-1 1.60056E-1 1.84821E-1 1.73258E-1 1.91543E-1 1.78101E-1 1.65537E-1 1.61853E-1 1.59099E-1 1.59946E-1 1.5845E-1 1.60555E-1 1.63276E-1 1.64077E-1 1.47574E-1 1.26111E-1 1.32296E-1 1.36098E-1 1.48717E-1 1.51579E-1 1.52148E-1 1.50975E-1 1.56182E-1 1.56517E-1 1.58075E-1 1.54923E-1 1.64116E-1 1.58456E-1 1.55573E-1 1.48865E-1 1.52032E-1 1.59719E-1 1.52547E-1 1.45316E-1 1.36486E-1 1.37887E-1 1.36971E-1 1.35864E-1 1.32151E-1 1.25612E-1 1.28767E-1 1.22891E-1 1.22786E-1 1.22083E-1 1.21848E-1 1.27099E-1
2.43963E-1 2.39967E-1 2.28442E-1 2.40115E-1 2.42784E-1 2.05003E-1 2.08023E-1 2.47854E-1 2.31155E-1 1.8378E-1 1.89759E-1 1.53908E-1 1.56153E-1 1.64688E-1 1.58697E-1 1.54167E-1 1.53575E-1 1.4987E-1 1.67232E-1 1.92782E-1 1.85369E-1 1.80474E-1 1.72136E-1 1.67359E-1 1.6126E-1 1.61858E-1 1.61574E-1 1.60521E-1 1.5915E-1 1.53764E-1 1.44442E-1 1.40495E-1 1.35656E-1 1.21876E-1 1.41284E-1 1.44402E-1 1.54008E-1 1.59127E-1 1.57435E-1 1.58026E-1 1.57553E-1 1.5716E-1 1.57428E-1 1.56788E-1 1.52055E-1 1.46098E-1 1.47386E-1 1.51853E-1 1.5555E-1 1.45585E-1 1.27049E-1 1.31818E-1 1.36192E-1 1.3356E-1 1.32025E-1 1.30767E-1 1.28697E-1 1.26882E-1 1.27658E-1 1.25659E-1 1.30548E-1
2.47723E-1 2.4617E-1 2.43654E-1 2.40651E-1 2.46465E-1 2.09392E-1 2.11207E-1 2.42231E-1 2.46225E-1 2.3373E-1 2.19134E-1 1.75165E-1 1.69467E-1 1.61335E-1 1.67385E-1 1.56883E-1 1.64946E-1 1.70216E-1 1.70504E-1 1.90447E-1 1.93923E-1 1.897E-1 1.86514E-1 1.78177E-1 1.67689E-1 1.65828E-1 1.62136E-1 1.58807E-1 1.56076E-1 1.57119E-1 1.57002E-1 1.55699E-1 1.50509E-1 1.43801E-1 1.42165E-1 1.5021E-1 1.53132E-1 1.55309E-1 1.56468E-1 1.56399E-1 1.5802E-1 1.55622E-1 1.55621E-1 1.54555E-1 1.45955E-1 1.43889E-1 1.5231E-1 1.339E-1 1.27566E-1 1.29584E-1 1.27643E-1 1.18451E-1 1.22256E-1 1.23947E-1 1.1901E-1 1.23975E-1 1.25154E-1 1.27145E-1 1.27466E-1 1.2957E-1 1.31484E-1
2.55658E-1 2.47358E-1 2.48961E-1 2.49433E-1 2.50667E-1 2.28516E-1 2.34815E-1 2.5209E-1 2.3441E-1 2.10648E-1 2.22417E-1 2.35082E-1 1.9735E-1 1.67662E-1 1.67894E-1 1.75389E-1 1.53414E-1 1.67452E-1 1.84141E-1 1.81781E-1 1.78001E-1 1.63103E-1 1.8071E-1 1.89287E-1 1.79768E-1 1.75073E-1 1.71E-1 1.69077E-1 1.59381E-1 1.57131E-1 1.5651E-1 1.54097E-1 1.58079E-1 1.56671E-1 1.57793E-1 1.55834E-1 1.50324E-1 1.50924E-1 1.48869E-1 1.4751E-1 1.51115E-1 1.49793E-1 1.38099E-1 1.51549E-1 1.45525E-1 1.38201E-1 1.46756E-1 1.39524E-1 1.36802E-1 1.20286E-1 1.11353E-1 1.1116E-1 1.11999E-1 1.01325E-1 1.09268E-1 1.17005E-1 1.13072E-1 1.14671E-1 1.16779E-1 1.19992E-1 1.23569E-1
2.57858E-1 2.57388E-1 2.53642E-1 2.54047E-1 2.57901E-1 2.3503E-1 2.46836E-1 2.55513E-1 2.40161E-1 2.03062E-1 1.89256E-1 1.79164E-1 2.16779E-1 2.14011E-1 2.02581E-1 1.82218E-1 1.60446E-1 1.51263E-1 1.62425E-1 1.65095E-1 1.57497E-1 1.49956E-1 1.80448E-1 1.83592E-1 1.8636E-1 1.81397E-1 1.76781E-1 1.72605E-1 1.63132E-1 1.61218E-1 1.57516E-1 1.57231E-1 1.53801E-1 1.53237E-1 1.5437E-1 1.50033E-1 1.52436E-1 1.48846E-1 1.51353E-1 1.49227E-1 1.4322E-1 1.48017E-1 1.37729E-1 1.40737E-1 1.47727E-1 1.48115E-1 1.42738E-1 1.4105E-1 1.45973E-1 1.22688E-1 1.12149E-1 1.08859E-1 1.16319E-1 1.09227E-1 1.05655E-1 1.19029E-1 1.20449E-1 1.12843E-1 1.10728E-1 1.12184E-1 1.12017E-1
2.64579E-1 2.63255E-1 2.68277E-1 2.62274E-1 2.61681E-1 2.54904E-1 2.50521E-1 2.5539E-1 2.63542E-1 2.5467E-1 2.32453E-1 1.79577E-1 2.02959E-1 2.12253E-1 2.14116E-1 1.95983E-1 1.87053E-1 1.71218E-1 1.59519E-1 1.49381E-1 1.49852E-1 1.53393E-1 1.48724E-1 1.82901E-1 1.8514E-1 1.84307E-1 1.8385E-1 1.77492E-1 1.70583E-1 1.60936E-1 1.60686E-1 1.60309E-1 1.56909E-1 1.54729E-1 1.62372E-1 1.58018E-1 1.54718E-1 1.51593E-1 1.51741E-1 1.50941E-1 1.4936E-1 1.46665E-1 1.37781E-1 1.3368E-1 1.49277E-1 1.60635E-1 1.59812E-1 1.42569E-1 1.44804E-1 1.33988E-1 1.16121E-1 1.15214E-1 1.11443E-1 1.15686E-1 1.14836E-1 1.17001E-1 1.17818E-1 1.15097E-1 1.17909E-1 1.18086E-1 1.1349E-1
2.66039E-1 2.62631E-1 2.97437E-1 2.6379E-1 2.63548E-1 2.69142E-1 2.65024E-1 2.615E-1 2.72872E-1 2.60202E-1 2.31485E-1 1.96346E-1 1.99834E-1 2.09121E-1 2.22144E-1 2.08367E-1 2.11263E-1 2.03027E-1 1.69982E-1 1.72288E-1 1.63132E-1 1.67217E-1 1.6903E-1 1.50981E-1 1.72653E-1 1.80181E-1 1.87804E-1 1.83653E-1 1.77222E-1 1.68406E-1 1.65835E-1 1.63982E-1 1.60736E-1 1.61313E-1 1.64535E-1 1.67637E-1 1.5821E-1 1.52036E-1 1.48395E-1 1.49895E-1 1.49986E-1 1.50782E-1 1.51438E-1 1.4429E-1 1.38102E-1 1.50554E-1 1.56532E-1 1.52021E-1 1.41435E-1 1.35049E-1 1.14906E-1 1.17677E-1 1.21579E-1 1.2274E-1 1.14814E-1 1.17667E-1 1.19486E-1 1.16478E-1 1.15134E-1 1.20387E-1 1.20319E-1
2.71375E-1 2.91572E-1 2.93024E-1 2.79587E-1 2.73376E-1 3.17224E-1 2.74556E-1 2.58312E-1 2.43802E-1 2.71556E-1 2.4549E-1 2.12207E-1 2.23868E-1 2.10135E-1 1.9692E-1 1.95687E-1 2.04348E-1 2.15814E-1 2.11127E-1 1.93835E-1 1.67266E-1 1.55331E-1 1.66242E-1 1.83489E-1 1.7981E-1 1.82319E-1 1.89383E-1 1.89888E-1 1.8355E-1 1.8096E-1 1.78126E-1 1.73344E-1 1.64081E-1 1.6354E-1 1.64885E-1 1.67039E-1 1.70283E-1 1.64872E-1 1.58531E-1 1.55219E-1 1.50265E-1 1.53559E-1 1.53649E-1 1.57503E-1 1.59976E-1 1.53729E-1 1.48236E-1 1.39931E-1 1.24071E-1 1.12691E-1 1.06766E-1 1.10335E-1 1.2091E-1 1.31368E-1 1.16522E-1 1.1961E-1 1.20031E-1 1.10825E-1 1.16844E-1 1.2164E-1 1.22646E-1
3.04663E-1 3.05563E-1 2.6625E-1 2.72153E-1 3.00838E-1 3.45327E-1 2.8237E-1 2.76477E-1 2.74131E-1 2.77117E-1 2.50437E-1 2.53024E-1 2.23555E-1 2.07986E-1 1.85838E-1 1.95448E-1 1.98661E-1 2.10853E-1 2.10025E-1 2.08431E-1 1.87427E-1 1.72119E-1 1.63659E-1 1.67093E-1 1.73738E-1 1.91105E-1 1.93025E-1 1.86363E-1 1.94051E-1 1.95711E-1 1.84371E-1 1.76281E-1 1.65485E-1 1.75348E-1 1.86226E-1 1.74404E-1 1.63994E-1 1.60081E-1 1.61569E-1 1.62965E-1 1.54275E-1 1.49675E-1 1.45708E-1 1.5311E-1 1.57995E-1 1.56172E-1 1.45102E-1 1.24966E-1 1.14087E-1 1.12378E-1 1.02018E-1 1.00646E-1 9.99684E-2 1.07948E-1 1.16803E-1 1.20939E-1 1.29556E-1 1.17675E-1 1.11934E-1 1.15551E-1 1.23179E-1
2.82395E-1 3.32805E-1 3.59686E-1 3.56752E-1 3.66776E-1 3.2597E-1 2.97922E-1 2.87312E-1 2.87335E-1 2.84914E-1 2.90154E-1 2.6182E-1 2.2896E-1 2.40725E-1 2.07507E-1 2.02471E-1 1.96399E-1 1.98014E-1 1.95254E-1 2.04558E-1 2.04662E-1 2.06395E-1 1.88794E-1 1.78974E-1 1.67119E-1 1.52224E-1 1.76448E-1 1.85305E-1 1.88336E-1 1.88487E-1 1.83886E-1 1.78619E-1 1.77645E-1 1.66355E-1 1.72788E-1 1.65338E-1 1.53303E-1 1.54994E-1 1.621E-1 1.59608E-1 1.60092E-1 1.56072E-1 1.59195E-1 1.58903E-1 1.62008E-1 1.60585E-1 1.52193E-1 1.41444E-1 1.38602E-1 1.31321E-1 1.24852E-1 1.36894E-1 1.44782E-1 1.3812E-1 1.30382E-1 1.34417E-1 1.39425E-1 1.2731E-1 1.25364E-1 1.304E-1 1.2716E-1
2.94647E-1 2.87459E-1 3.08168E-1 3.66272E-1 3.60752E-1 3.05392E-1 3.08894E-1 3.19746E-1 2.83895E-1 2.68031E-1 2.81177E-1 3.127E-1 2.93035E-1 2.47351E-1 2.25496E-1 2.21135E-1 2.13245E-1 1.96504E-1 1.83572E-1 1.92616E-1 2.09693E-1 2.05651E-1 2.1791E-1 1.98956E-1 1.78587E-1 1.68262E-1 1.55738E-1 1.71968E-1 1.85104E-1 1.91458E-1 1.92712E-1 1.90275E-1 1.8069E-1 1.67313E-1 1.6647E-1 1.66495E-1 1.60856E-1 1.63164E-1 1.70481E-1 1.66943E-1 1.70635E-1 1.70528E-1 1.64796E-1 1.69049E-1 1.68001E-1 1.65924E-1 1.64307E-1 1.65018E-1 1.61709E-1 1.60832E-1 1.55239E-1 1.56401E-1 1.52381E-1 1.47487E-1 1.50071E-1 1.41309E-1 1.28059E-1 1.30148E-1 1.40515E-1 1.33399E-1 1.32541E-1
2.68618E-1 2.74408E-1 2.98389E-1 3.16514E-1 3.33407E-1 3.28089E-1 3.63774E-1 2.97426E-1 2.85787E-1 2.75439E-1 2.62422E-1 3.42128E-1 2.72969E-1 2.60108E-1 2.58978E-1 2.32558E-1 2.18296E-1 2.15309E-1 1.93361E-1 1.87992E-1 2.09724E-1 2.15991E-1 2.10901E-1 2.15812E-1 1.96223E-1 1.83542E-1 1.66146E-1 1.64181E-1 1.66944E-1 1.83558E-1 1.98814E-1 1.98001E-1 1.9425E-1 1.84434E-1 1.83331E-1 1.7609E-1 1.63259E-1 1.54685E-1 1.57279E-1 1.61959E-1 1.73229E-1 1.79772E-1 1.71244E-1 1.70703E-1 1.72109E-1 1.69487E-1 1.64458E-1 1.67453E-1 1.65144E-1 1.55609E-1 1.42342E-1 1.46798E-1 1.54949E-1 1.51732E-1 1.5008E-1 1.41846E-1 1.38043E-1 1.42221E-1 1.39142E-1 1.3561E-1 1.31449E-1
2.79558E-1 2.80472E-1 3.14389E-1 3.30685E-1 2.97512E-1 3.18116E-1 3.45327E-1 2.98516E-1 2.98359E-1 2.73174E-1 2.7806E-1 3.65715E-1 2.6884E-1 2.62407E-1 2.39711E-1 2.40563E-1 2.38035E-1 2.74855E-1 2.06528E-1 1.88827E-1 2.05102E-1 2.09558E-1 2.18974E-1 2.12622E-1 2.15556E-1 2.00341E-1 1.82752E-1 1.56704E-1 1.60617E-1 1.66046E-1 1.89123E-1 1.96077E-1 2.00497E-1 1.95837E-1 1.94296E-1 1.95411E-1 1.84574E-1 1.7098E-1 1.63827E-1 1.6538E-1 1.72866E-1 1.80233E-1 1.7505E-1 1.76245E-1 1.7816E-1 1.71054E-1 1.68546E-1 1.72584E-1 1.65632E-1 1.59383E-1 1.52284E-1 1.52892E-1 1.51134E-1 1.50415E-1 1.47868E-1 1.45245E-1 1.42788E-1 1.41403E-1 1.42075E-1 1.39622E-1 1.38112E-1
2.77502E-1 2.86741E-1 3.90166E-1 3.50922E-1 3.13156E-1 3.22245E-1 3.2001E-1 3.2508E-1 2.94734E-1 2.8262E-1 2.86344E-1 3.39999E-1 3.26084E-1 2.59108E-1 2.47826E-1 2.24853E-1 2.45087E-1 2.91102E-1 2.2806E-1 1.95371E-1 2.03701E-1 2.13168E-1 2.2115E-1 2.20822E-1 2.15567E-1 2.07775E-1 1.90714E-1 1.69246E-1 1.71957E-1 1.64781E-1 1.82919E-1 2.00853E-1 2.01927E-1 2.01874E-1 1.96317E-1 2.02462E-1 2.00651E-1 1.9053E-1 1.80199E-1 1.74318E-1 1.71133E-1 1.78359E-1 1.86195E-1 1.88548E-1 1.88129E-1 1.83525E-1 1.78645E-1 1.70824E-1 1.72934E-1 1.59908E-1 1.55646E-1 1.53753E-1 1.51944E-1 1.50883E-1 1.49622E-1 1.51576E-1 1.43085E-1 1.38695E-1 1.4007E-1 1.39032E-1 1.36031E-1
2.64214E-1 2.97243E-1 3.97046E-1 2.75509E-1 2.72148E-1 2.87562E-1 2.82225E-1 2.7766E-1 2.7879E-1 2.78794E-1 2.99146E-1 3.27593E-1 2.84089E-1 2.65075E-1 2.98927E-1 2.49927E-1 2.43799E-1 3.01098E-1 2.37148E-1 2.11122E-1 2.07536E-1 2.23845E-1 2.20838E-1 2.17849E-1 2.16917E-1 2.04749E-1 1.95796E-1 1.86674E-1 1.78563E-1 1.69572E-1 1.74341E-1 2.06023E-1 2.0607E-1 2.0686E-1 2.07497E-1 2.01559E-1 2.02102E-1 2.01425E-1 1.97103E-1 1.86792E-1 1.84426E-1 1.85518E-1 1.93338E-1 1.92227E-1 1.90605E-1 1.91643E-1 1.90103E-1 1.77914E-1 1.79197E-1 1.69688E-1 1.59722E-1 1.60528E-1 1.62062E-1 1.64219E-1 1.68554E-1 1.63363E-1 1.49873E-1 1.49414E-1 1.53869E-1 1.48237E-1 1.42298E-1
2.75621E-1 3.29565E-1 3.8653E-1 2.85696E-1 2.83207E-1 2.815E-1 2.79434E-1 2.74135E-1 2.81218E-1 3.0794E-1 3.76455E-1 3.20307E-1 2.71868E-1 2.55924E-1 3.22066E-1 2.66426E-1 2.53614E-1 3.18694E-1 2.4777E-1 2.06563E-1 2.07237E-1 2.09142E-1 2.25861E-1 2.24619E-1 2.17633E-1 2.21424E-1 1.9679E-1 1.89323E-1 1.92171E-1 1.87681E-1 1.80327E-1 2.0654E-1 2.08605E-1 2.12763E-1 2.05882E-1 2.05128E-1 2.06068E-1 2.05645E-1 2.0318E-1 2.00765E-1 1.99323E-1 2.00908E-1 2.0948E-1 2.08203E-1 2.00206E-1 1.97131E-1 1.99493E-1 1.85083E-1 1.85028E-1 1.74871E-1 1.78529E-1 1.74406E-1 1.71799E-1 1.75216E-1 1.78309E-1 1.68395E-1 1.64164E-1 1.65597E-1 1.62003E-1 1.5797E-1 1.57389E-1
3.69914E-1 3.37396E-1 2.89996E-1 2.67083E-1 2.6666E-1 2.78636E-1 2.66913E-1 2.78843E-1 2.88043E-1 2.99805E-1 3.60984E-1 2.78003E-1 2.7258E-1 2.88654E-1 3.05555E-1 2.54575E-1 2.47315E-1 3.30367E-1 2.74234E-1 2.35719E-1 2.36437E-1 2.27464E-1 2.30072E-1 2.16905E-1 2.2002E-1 2.31457E-1 2.09922E-1 2.0582E-1 1.98322E-1 2.04742E-1 1.95199E-1 2.08412E-1 2.15176E-1 2.15401E-1 1.98226E-1 2.0932E-1 2.0368E-1 2.19789E-1 2.19441E-1 2.15523E-1 2.12553E-1 2.19557E-1 2.18532E-1 2.18758E-1 2.16548E-1 2.15444E-1 2.14916E-1 1.99617E-1 1.94676E-1 1.89255E-1 1.82589E-1 1.7093E-1 1.66574E-1 1.70353E-1 1.68341E-1 1.63601E-1 1.6287E-1 1.62549E-1 1.63206E-1 1.62439E-1 1.62266E-1
3.15062E-1 3.80786E-1 2.82838E-1 2.5818E-1 2.59002E-1 2.58486E-1 2.71413E-1 2.84219E-1 2.88252E-1 3.00824E-1 3.60179E-1 2.78286E-1 2.98595E-1 3.20543E-1 2.86193E-1 2.97645E-1 3.04249E-1 3.27483E-1 3.28597E-1 2.39315E-1 2.3408E-1 2.3705E-1 2.33229E-1 2.19511E-1 2.2367E-1 2.27716E-1 2.12444E-1 2.09376E-1 2.01059E-1 2.08029E-1 2.09293E-1 2.11837E-1 2.2762E-1 2.37982E-1 2.25067E-1 2.18543E-1 2.20761E-1 2.14037E-1 2.19367E-1 2.22059E-1 2.13238E-1 2.17863E-1 2.15536E-1 2.12816E-1 2.11179E-1 2.10916E-1 2.10005E-1 2.02523E-1 1.92379E-1 1.91171E-1 1.84237E-1 1.76507E-1 1.68192E-1 1.59689E-1 1.52308E-1 1.40318E-1 1.41886E-1 1.45197E-1 1.51914E-1 1.55805E-1 1.56593E-1
