maxent_outputs/hummingbirds/hummingbird_24.asc
ncols         426
nrows         180
xllcorner     -130.0
yllcorner     24.0
cellsize      0.16666666666666666
NODATA_value  -9999
[rows 0 to 26 of 180, columns 61 to 121 of 426]
2.57391E-2 2.79662E-2 4.20263E-2 5.46628E-2 6.29389E-2 5.70083E-2 5.57364E-2 5.54912E-2 5.64131E-2 5.67013E-2 6.11845E-2 6.20279E-2 5.90129E-2 6.20357E-2 5.97895E-2 5.97358E-2 6.35274E-2 6.01662E-2 5.5958E-2 5.21223E-2 5.35047E-2 5.33512E-2 5.32948E-2 5.52042E-2 5.91251E-2 6.14957E-2 6.12771E-2 5.10219E-2 4.95315E-2 4.85394E-2 4.90474E-2 5.00046E-2 5.43208E-2 5.05499E-2 5.07628E-2 5.3984E-2 5.44507E-2 4.95284E-2 5.28417E-2 5.49323E-2 5.24767E-2 5.61862E-2 5.36402E-2 5.68623E-2 5.66446E-2 5.53906E-2 5.75052E-2 5.55081E-2 5.58195E-2 5.37054E-2 5.18669E-2 5.34136E-2 5.16399E-2 5.13941E-2 5.34064E-2 5.34238E-2 5.3958E-2 5.10587E-2 5.1118E-2 4.99429E-2 5.54077E-2
2.5882E-2 2.71934E-2 5.12964E-2 4.11015E-2 4.29576E-2 4.42552E-2 4.67E-2 4.2883E-2 4.90385E-2 5.61104E-2 5.97972E-2 6.22815E-2 6.27648E-2 6.25667E-2 5.98649E-2 6.32503E-2 6.29102E-2 5.4255E-2 5.9346E-2 6.10827E-2 6.31159E-2 5.62389E-2 5.01224E-2 4.78853E-2 4.89496E-2 4.83542E-2 5.57279E-2 4.87918E-2 4.9143E-2 5.49592E-2 5.71283E-2 5.88069E-2 5.9995E-2 5.13366E-2 5.81243E-2 6.00709E-2 5.07824E-2 5.21041E-2 5.37952E-2 5.72817E-2 6.0629E-2 6.1725E-2 6.53854E-2 5.95702E-2 5.94972E-2 5.89892E-2 5.63887E-2 5.55698E-2 5.56985E-2 5.49114E-2 5.55972E-2 5.50304E-2 5.42211E-2 5.24039E-2 5.34874E-2 5.51601E-2 5.16674E-2 5.12011E-2 4.84808E-2 4.84904E-2 4.90151E-2
2.46378E-2 2.78663E-2 2.99352E-2 3.66473E-2 2.30392E-2 2.52886E-2 2.4675E-2 2.6566E-2 3.0987E-2 4.13281E-2 5.28074E-2 6.2664E-2 6.20748E-2 5.81796E-2 5.3206E-2 6.00313E-2 6.26208E-2 6.49036E-2 6.56397E-2 6.21255E-2 6.1313E-2 5.74782E-2 5.54238E-2 5.63636E-2 5.45364E-2 5.63226E-2 5.34675E-2 4.67134E-2 4.73019E-2 5.06135E-2 5.95527E-2 6.13125E-2 6.01315E-2 5.91484E-2 6.35263E-2 6.27797E-2 6.10517E-2 7.01136E-2 7.13451E-2 6.90278E-2 6.4671E-2 6.67296E-2 6.56664E-2 5.85967E-2 5.69563E-2 6.12056E-2 5.93248E-2 5.52952E-2 5.64887E-2 5.43239E-2 5.60496E-2 5.62291E-2 5.71436E-2 5.51572E-2 5.32905E-2 5.41788E-2 5.32688E-2 5.08016E-2 5.04316E-2 4.83563E-2 4.63689E-2
2.55972E-2 2.03881E-2 1.75235E-2 3.32602E-2 2.17627E-2 2.01378E-2 2.16873E-2 2.75033E-2 4.02898E-2 4.16736E-2 4.31903E-2 5.42855E-2 6.02936E-2 5.7481E-2 5.48455E-2 5.61275E-2 6.02673E-2 6.05284E-2 6.48777E-2 6.20563E-2 6.46725E-2 6.33996E-2 6.04166E-2 5.93488E-2 5.74789E-2 5.69344E-2 5.66705E-2 5.30035E-2 5.40128E-2 5.03437E-2 4.84779E-2 5.39032E-2 6.34925E-2 5.76773E-2 5.92186E-2 5.43699E-2 5.90763E-2 6.36607E-2 6.285E-2 5.93691E-2 6.573E-2 6.59076E-2 6.68473E-2 6.87541E-2 5.87296E-2 5.88632E-2 5.94495E-2 5.58392E-2 5.48602E-2 5.69005E-2 5.84102E-2 5.85585E-2 5.70387E-2 5.29115E-2 5.35868E-2 5.46884E-2 5.30996E-2 5.46724E-2 5.35593E-2 5.02573E-2 4.80256E-2
2.62995E-2 2.9659E-2 2.39611E-2 2.12147E-2 1.85056E-2 1.88787E-2 2.19548E-2 2.44449E-2 2.42929E-2 3.81003E-2 4.61124E-2 5.96176E-2 5.39071E-2 4.78685E-2 5.00355E-2 5.53544E-2 5.56942E-2 6.00869E-2 6.16074E-2 6.15695E-2 6.23365E-2 6.16869E-2 6.1352E-2 6.06328E-2 5.58146E-2 5.56823E-2 5.13057E-2 5.15832E-2 4.77723E-2 5.22063E-2 5.35732E-2 5.68522E-2 5.79314E-2 6.04967E-2 6.16633E-2 5.98118E-2 6.12215E-2 6.01568E-2 5.86916E-2 5.39936E-2 5.33593E-2 5.86749E-2 6.06475E-2 6.32767E-2 6.43361E-2 6.45611E-2 6.32988E-2 5.84562E-2 5.71187E-2 5.99968E-2 5.96799E-2 6.14063E-2 5.78399E-2 5.4949E-2 5.45264E-2 5.44684E-2 5.54738E-2 5.54195E-2 5.54148E-2 5.09038E-2 4.66416E-2
4.74476E-2 4.35835E-2 2.65791E-2 3.31896E-2 2.22259E-2 2.22958E-2 1.74007E-2 1.92793E-2 2.06731E-2 2.49187E-2 5.40884E-2 4.75846E-2 3.9663E-2 3.43051E-2 4.08377E-2 4.78397E-2 4.95756E-2 5.24705E-2 5.5138E-2 5.9414E-2 5.86526E-2 5.65123E-2 5.62063E-2 5.69621E-2 5.87132E-2 5.76361E-2 5.71492E-2 5.6437E-2 5.55507E-2 5.48306E-2 5.31959E-2 5.50061E-2 5.6054E-2 5.95652E-2 6.38818E-2 6.46964E-2 6.32985E-2 6.00756E-2 5.84061E-2 5.59419E-2 5.49122E-2 5.01454E-2 5.12763E-2 5.77839E-2 6.0506E-2 6.11211E-2 6.16475E-2 5.83511E-2 5.8867E-2 6.16537E-2 6.13654E-2 6.07402E-2 5.57616E-2 5.47513E-2 5.39054E-2 5.51503E-2 5.62601E-2 5.4428E-2 5.19353E-2 4.88746E-2 4.62769E-2
2.03196E-2 2.94942E-2 6.02888E-2 4.00762E-2 2.45746E-2 2.79645E-2 2.87142E-2 2.61658E-2 2.9178E-2 2.9636E-2 5.22657E-2 2.82998E-2 3.06568E-2 2.88936E-2 2.67824E-2 3.20601E-2 3.80208E-2 4.3608E-2 4.77366E-2 5.38394E-2 5.53899E-2 5.49526E-2 5.58534E-2 6.09666E-2 5.87955E-2 5.68549E-2 5.80441E-2 6.26682E-2 6.06023E-2 5.00349E-2 5.59885E-2 5.35834E-2 5.4828E-2 5.51006E-2 6.10651E-2 5.94549E-2 5.89989E-2 6.12908E-2 5.95042E-2 5.88124E-2 5.88417E-2 5.4195E-2 5.52749E-2 5.63561E-2 5.4531E-2 5.57771E-2 5.94772E-2 5.71466E-2 5.75195E-2 6.06008E-2 6.20438E-2 5.85828E-2 5.47002E-2 5.32827E-2 5.12169E-2 5.10904E-2 5.29735E-2 4.93153E-2 4.7685E-2 4.71418E-2 4.45253E-2
1.48818E-2 2.04768E-2 2.97816E-2 4.87989E-2 3.98503E-2 2.24467E-2 2.01092E-2 2.83391E-2 1.96786E-2 1.60304E-2 2.68554E-2 3.53665E-2 1.99119E-2 1.73685E-2 1.84701E-2 1.79013E-2 2.10463E-2 3.43088E-2 4.22351E-2 4.23002E-2 4.8907E-2 5.69479E-2 5.85408E-2 5.81977E-2 5.77103E-2 5.70823E-2 5.61862E-2 5.85306E-2 5.95526E-2 5.94408E-2 5.73986E-2 5.23756E-2 5.07293E-2 5.08692E-2 5.68676E-2 6.00641E-2 5.75719E-2 5.83327E-2 5.79341E-2 6.07836E-2 6.2886E-2 5.80272E-2 5.87776E-2 6.28958E-2 6.31941E-2 6.23365E-2 6.30768E-2 6.01428E-2 5.91565E-2 5.75482E-2 5.64736E-2 5.56534E-2 5.21483E-2 4.83439E-2 4.80449E-2 5.15523E-2 5.04513E-2 4.71395E-2 4.65732E-2 4.49959E-2 4.59382E-2
2.15329E-2 2.29324E-2 2.35056E-2 2.65515E-2 3.08403E-2 2.98657E-2 2.58276E-2 1.76266E-2 1.49201E-2 1.23593E-2 2.20761E-2 2.19633E-2 2.3874E-2 1.82296E-2 1.09178E-2 1.05043E-2 1.51613E-2 2.56963E-2 2.57825E-2 3.17951E-2 4.18721E-2 4.75568E-2 4.58821E-2 4.72247E-2 4.9511E-2 5.10237E-2 5.51735E-2 5.90462E-2 5.83093E-2 5.63448E-2 5.32306E-2 5.36329E-2 4.67897E-2 5.23214E-2 5.67571E-2 5.82439E-2 5.46628E-2 5.79448E-2 5.75753E-2 5.95845E-2 6.28885E-2 6.27593E-2 6.10437E-2 6.24428E-2 6.45719E-2 6.7154E-2 6.43687E-2 5.91979E-2 5.73837E-2 5.91646E-2 5.69347E-2 5.69898E-2 5.1933E-2 4.88587E-2 5.02491E-2 5.25734E-2 5.30599E-2 4.93531E-2 5.0215E-2 4.94389E-2 4.83968E-2
2.35273E-2 1.99183E-2 2.35304E-2 2.84472E-2 2.45938E-2 1.46539E-2 2.93714E-2 2.62562E-2 1.92154E-2 1.34982E-2 1.21005E-2 1.46141E-2 1.7474E-2 2.00194E-2 1.61037E-2 1.02092E-2 1.217E-2 1.5125E-2 1.17897E-2 2.11921E-2 3.59022E-2 4.9417E-2 4.63281E-2 4.4097E-2 4.57699E-2 4.9828E-2 5.2671E-2 5.59177E-2 5.88465E-2 5.44326E-2 4.40987E-2 4.70512E-2 4.92715E-2 5.65736E-2 5.77912E-2 5.69784E-2 5.91509E-2 5.91865E-2 6.09698E-2 6.23721E-2 6.38663E-2 6.85077E-2 6.27685E-2 6.19172E-2 6.03981E-2 6.40742E-2 6.84062E-2 6.3032E-2 5.75136E-2 5.27928E-2 5.32789E-2 5.19529E-2 5.04818E-2 5.11374E-2 5.0187E-2 5.19156E-2 4.93087E-2 4.93324E-2 4.51602E-2 4.34204E-2 4.7439E-2
2.27873E-2 2.10576E-2 2.04582E-2 2.71507E-2 2.00582E-2 1.36161E-2 1.46791E-2 2.58307E-2 2.15853E-2 1.38731E-2 1.42848E-2 8.9666E-3 9.86633E-3 1.30108E-2 8.94287E-3 9.46043E-3 1.11373E-2 9.09136E-3 1.08861E-2 1.63053E-2 3.7193E-2 3.47315E-2 3.62194E-2 3.90797E-2 4.19378E-2 4.37141E-2 4.72964E-2 5.36313E-2 5.71649E-2 5.4278E-2 5.2302E-2 5.05394E-2 4.85142E-2 4.51865E-2 5.64077E-2 5.84867E-2 6.35496E-2 6.30802E-2 6.33112E-2 6.15618E-2 6.39366E-2 6.35096E-2 6.0566E-2 6.2988E-2 6.28769E-2 5.91242E-2 5.97664E-2 6.02782E-2 6.04859E-2 5.65309E-2 4.70459E-2 5.06678E-2 5.50358E-2 5.32169E-2 5.52001E-2 5.74078E-2 5.64622E-2 5.29866E-2 5.12022E-2 4.80653E-2 5.18634E-2
2.40871E-2 2.46327E-2 2.29042E-2 2.66792E-2 2.06225E-2 1.42254E-2 1.53816E-2 2.08058E-2 2.52358E-2 2.14764E-2 1.55349E-2 1.13552E-2 1.01095E-2 8.54768E-3 1.15541E-2 8.60949E-3 1.22255E-2 1.29765E-2 1.12809E-2 1.85125E-2 3.3954E-2 1.8004E-2 2.17046E-2 2.97407E-2 3.6955E-2 3.87061E-2 4.2341E-2 4.78835E-2 5.26963E-2 5.63417E-2 5.68116E-2 5.65406E-2 5.66341E-2 5.7257E-2 5.893E-2 6.36878E-2 6.1675E-2 6.02497E-2 6.1321E-2 5.90799E-2 6.28898E-2 6.64751E-2 6.64358E-2 6.27964E-2 5.83057E-2 5.66533E-2 6.42603E-2 5.43168E-2 4.89674E-2 4.82076E-2 4.74375E-2 4.49038E-2 4.84102E-2 5.19172E-2 5.16287E-2 5.48889E-2 5.59852E-2 5.64679E-2 5.65292E-2 5.70357E-2 5.83979E-2
1.97243E-2 2.24669E-2 1.9665E-2 2.03231E-2 1.88245E-2 1.40513E-2 1.45566E-2 1.81909E-2 1.27989E-2 9.81711E-3 1.48435E-2 2.34578E-2 1.25648E-2 8.18593E-3 1.19715E-2 1.0777E-2 7.2385E-3 1.02961E-2 1.7887E-2 1.20474E-2 1.34844E-2 8.97438E-3 1.31927E-2 1.98562E-2 2.81043E-2 3.29702E-2 3.91476E-2 4.64588E-2 5.1712E-2 5.43978E-2 5.71861E-2 5.67876E-2 5.85227E-2 6.25686E-2 6.27509E-2 6.1847E-2 5.93841E-2 5.74899E-2 5.4455E-2 5.43281E-2 5.83915E-2 6.55897E-2 5.84475E-2 6.27128E-2 5.96674E-2 5.3108E-2 5.97487E-2 5.6312E-2 5.73732E-2 4.66116E-2 4.23043E-2 4.2314E-2 4.45779E-2 4.10839E-2 4.74556E-2 5.27852E-2 5.06566E-2 5.07888E-2 5.41411E-2 5.72993E-2 5.7477E-2
2.68716E-2 2.79226E-2 2.53683E-2 2.11449E-2 1.75203E-2 1.1136E-2 1.49285E-2 1.82475E-2 1.02957E-2 7.98684E-3 7.07881E-3 5.7373E-3 1.66254E-2 2.66235E-2 2.02596E-2 1.20977E-2 8.74464E-3 6.61843E-3 1.07016E-2 8.9338E-3 8.6347E-3 7.85841E-3 1.10981E-2 1.25862E-2 1.80452E-2 2.62697E-2 3.43411E-2 4.36163E-2 5.07582E-2 5.66242E-2 5.90282E-2 5.91406E-2 5.75732E-2 5.69579E-2 6.0478E-2 5.85217E-2 5.95806E-2 5.80725E-2 5.97987E-2 5.62517E-2 5.64604E-2 6.42583E-2 5.79469E-2 5.89412E-2 5.98661E-2 5.74128E-2 5.73309E-2 5.8572E-2 6.42549E-2 5.36032E-2 4.55641E-2 4.39547E-2 4.59013E-2 4.45087E-2 4.46096E-2 5.43513E-2 5.59603E-2 5.17968E-2 5.02292E-2 5.28072E-2 5.04253E-2
3.81097E-2 3.49735E-2 2.62766E-2 2.55609E-2 1.55034E-2 1.17441E-2 1.09675E-2 1.8841E-2 1.27026E-2 1.069E-2 8.94562E-3 4.32683E-3 6.76437E-3 9.0796E-3 3.05143E-2 2.29778E-2 1.31299E-2 1.24609E-2 1.11745E-2 7.08089E-3 8.81194E-3 1.00262E-2 8.16124E-3 1.22647E-2 1.49999E-2 2.01E-2 3.20343E-2 4.1879E-2 4.89875E-2 5.37741E-2 6.00061E-2 6.1497E-2 6.29969E-2 6.16676E-2 6.59903E-2 6.43509E-2 6.24948E-2 6.12138E-2 6.11222E-2 6.11957E-2 6.153E-2 6.35222E-2 5.78759E-2 5.51367E-2 5.93427E-2 6.12381E-2 6.46235E-2 6.17354E-2 6.52933E-2 6.22957E-2 5.1369E-2 4.86608E-2 4.47504E-2 4.93603E-2 5.12647E-2 5.25597E-2 5.34921E-2 5.15135E-2 5.33843E-2 5.43424E-2 5.15583E-2
2.30855E-2 2.37391E-2 4.41126E-2 1.86649E-2 1.49245E-2 1.61322E-2 1.20246E-2 9.93953E-3 2.03024E-2 8.91051E-3 7.52429E-3 4.76117E-3 5.23443E-3 7.40027E-3 1.34839E-2 1.00691E-2 3.54458E-2 1.74733E-2 8.87793E-3 1.59319E-2 1.05756E-2 1.31372E-2 1.3645E-2 7.8237E-3 1.26316E-2 1.56109E-2 1.82167E-2 2.84389E-2 4.75931E-2 5.82791E-2 6.12718E-2 6.10669E-2 6.28246E-2 6.54651E-2 6.75862E-2 7.04079E-2 6.64223E-2 6.33268E-2 6.15181E-2 5.99803E-2 6.08461E-2 6.43841E-2 6.52622E-2 6.10458E-2 5.63731E-2 5.84923E-2 6.49012E-2 6.66133E-2 6.30471E-2 6.22807E-2 5.03605E-2 5.15011E-2 5.18201E-2 5.4703E-2 5.03014E-2 5.38618E-2 5.51995E-2 5.37835E-2 5.10891E-2 5.28722E-2 5.28897E-2
3.57711E-2 4.50956E-2 3.28412E-2 1.87633E-2 2.09801E-2 3.02387E-2 1.03618E-2 7.09471E-3 7.82536E-3 1.58168E-2 7.07789E-3 4.80507E-3 7.43022E-3 5.46837E-3 6.84487E-3 5.26166E-3 9.85913E-3 3.80327E-2 1.86576E-2 2.02301E-2 1.00217E-2 8.35307E-3 1.2859E-2 1.73959E-2 1.64617E-2 2.37477E-2 2.57334E-2 2.47449E-2 4.3718E-2 6.03465E-2 6.28921E-2 6.30891E-2 6.27224E-2 6.49816E-2 6.96807E-2 7.14915E-2 7.53764E-2 6.99638E-2 6.5785E-2 6.46066E-2 6.26497E-2 6.4542E-2 6.4244E-2 6.27454E-2 6.46176E-2 6.47572E-2 6.41844E-2 5.98964E-2 5.36854E-2 4.96761E-2 4.58515E-2 4.75428E-2 5.28228E-2 5.93909E-2 5.30881E-2 5.44659E-2 5.74256E-2 4.93277E-2 5.0742E-2 5.24566E-2 5.20817E-2
5.4388E-2 3.5967E-2 2.61519E-2 1.66756E-2 2.45969E-2 3.84933E-2 1.22931E-2 1.04955E-2 7.54875E-3 1.62288E-2 8.21964E-3 9.9567E-3 5.16257E-3 6.48714E-3 3.93675E-3 6.77921E-3 7.69119E-3 1.36363E-2 3.55308E-2 3.07019E-2 1.82194E-2 1.22194E-2 1.07895E-2 1.09115E-2 1.31332E-2 2.09567E-2 2.69194E-2 2.77621E-2 4.12327E-2 5.0814E-2 5.75512E-2 6.24781E-2 6.45242E-2 7.13144E-2 8.14717E-2 7.54144E-2 7.08112E-2 6.63032E-2 6.69239E-2 6.77058E-2 6.34354E-2 6.15616E-2 5.93861E-2 6.02564E-2 6.59764E-2 6.60149E-2 6.35292E-2 5.22073E-2 4.84173E-2 4.74738E-2 4.38643E-2 4.27906E-2 4.19041E-2 4.79157E-2 5.25995E-2 5.71719E-2 6.2508E-2 5.4063E-2 4.86055E-2 4.92131E-2 5.26436E-2
5.81448E-2 7.57639E-2 8.15151E-2 6.21542E-2 5.7249E-2 3.12298E-2 2.12528E-2 1.34824E-2 1.17967E-2 1.19649E-2 1.522E-2 8.10642E-3 5.96152E-3 1.23168E-2 5.15248E-3 7.79201E-3 6.56116E-3 1.03775E-2 1.00567E-2 2.73126E-2 4.51448E-2 1.95856E-2 2.28068E-2 1.67528E-2 1.05467E-2 8.85066E-3 1.87875E-2 1.75895E-2 2.65604E-2 2.82755E-2 4.23289E-2 5.3363E-2 6.20222E-2 6.40088E-2 7.12782E-2 6.57804E-2 5.96806E-2 6.31556E-2 6.69086E-2 6.58562E-2 6.60232E-2 6.43683E-2 6.37879E-2 6.40548E-2 6.94361E-2 6.90975E-2 6.75803E-2 6.158E-2 6.2675E-2 5.86985E-2 5.70491E-2 6.38949E-2 6.82921E-2 6.6985E-2 6.15446E-2 6.36168E-2 6.77944E-2 5.86022E-2 5.75357E-2 5.60827E-2 5.26686E-2
8.91006E-2 4.92253E-2 4.51539E-2 8.37547E-2 5.926E-2 1.84618E-2 1.77554E-2 2.25324E-2 9.85859E-3 7.07562E-3 1.3978E-2 1.73572E-2 1.78137E-2 9.52239E-3 8.3789E-3 1.00818E-2 1.18875E-2 7.44049E-3 8.17085E-3 9.27195E-3 1.85545E-2 4.78085E-2 2.55961E-2 2.49207E-2 1.64767E-2 1.32454E-2 1.15054E-2 1.39055E-2 1.90923E-2 2.26105E-2 3.1715E-2 4.75791E-2 5.38262E-2 5.47555E-2 5.93253E-2 6.38102E-2 6.06625E-2 6.11979E-2 6.79793E-2 6.6422E-2 6.86474E-2 6.97635E-2 6.69227E-2 6.90039E-2 6.90922E-2 7.16264E-2 7.07711E-2 7.4274E-2 7.29603E-2 7.61425E-2 7.53519E-2 7.16352E-2 7.20577E-2 6.79753E-2 6.94549E-2 6.81114E-2 5.83732E-2 5.92705E-2 6.32792E-2 5.68484E-2 5.43942E-2
5.99864E-2 3.64609E-2 4.31349E-2 6.44262E-2 6.74419E-2 3.53479E-2 5.46688E-2 1.39318E-2 1.53565E-2 8.82124E-3 8.12725E-3 4.13925E-2 1.19832E-2 1.18338E-2 1.5186E-2 1.11507E-2 1.35012E-2 1.2933E-2 1.18928E-2 8.8911E-3 1.45255E-2 2.68995E-2 5.58485E-2 2.20328E-2 2.90436E-2 2.15031E-2 1.51253E-2 1.21621E-2 1.62144E-2 1.68608E-2 2.54833E-2 3.68156E-2 4.55584E-2 5.00464E-2 5.69199E-2 6.2991E-2 5.96167E-2 5.73212E-2 5.81045E-2 5.92134E-2 6.27935E-2 6.86741E-2 6.58244E-2 6.56002E-2 7.04176E-2 6.94435E-2 7.02297E-2 7.18992E-2 7.40342E-2 7.13787E-2 6.3375E-2 6.55494E-2 6.96861E-2 7.05658E-2 6.97537E-2 6.63267E-2 6.39573E-2 6.34457E-2 6.20989E-2 5.78997E-2 5.61629E-2
5.90157E-2 4.77128E-2 6.83159E-2 9.88337E-2 3.23715E-2 3.97427E-2 5.00114E-2 2.08462E-2 1.82732E-2 1.08344E-2 1.44158E-2 5.03834E-2 1.27134E-2 1.0715E-2 1.05629E-2 1.4836E-2 1.90514E-2 2.72753E-2 9.9325E-3 9.28164E-3 1.11177E-2 1.5868E-2 2.51294E-2 4.98731E-2 1.97178E-2 3.61818E-2 1.49074E-2 1.25507E-2 1.16839E-2 1.73476E-2 2.34356E-2 2.95726E-2 3.70073E-2 4.8119E-2 5.61023E-2 6.53096E-2 6.6601E-2 6.2541E-2 5.8234E-2 5.89518E-2 6.36173E-2 6.81249E-2 6.51109E-2 6.94923E-2 7.39478E-2 7.06088E-2 6.89901E-2 7.43774E-2 7.07156E-2 7.02489E-2 6.87105E-2 6.81545E-2 6.71952E-2 6.69645E-2 6.95032E-2 6.56433E-2 6.32848E-2 5.96796E-2 6.06276E-2 5.98487E-2 5.93477E-2
3.53054E-2 4.61464E-2 1.4625E-1 1.11051E-1 5.22873E-2 7.19496E-2 3.67476E-2 3.48231E-2 1.95369E-2 1.22127E-2 1.84294E-2 3.3008E-2 2.7655E-2 1.54833E-2 1.34715E-2 1.05554E-2 1.68687E-2 3.30224E-2 1.31128E-2 9.38048E-3 1.28698E-2 1.41301E-2 2.00706E-2 3.79792E-2 3.37806E-2 2.34729E-2 2.06295E-2 1.93035E-2 1.39481E-2 1.88294E-2 1.66683E-2 2.28959E-2 2.95579E-2 3.95503E-2 4.67818E-2 5.80243E-2 7.01259E-2 6.92004E-2 6.70184E-2 6.38387E-2 6.26197E-2 6.8679E-2 7.35972E-2 7.60212E-2 7.98129E-2 7.72687E-2 7.48186E-2 6.99556E-2 7.49842E-2 7.02058E-2 6.71606E-2 6.84808E-2 6.7863E-2 6.79442E-2 6.803E-2 6.92383E-2 6.07188E-2 5.85291E-2 5.69218E-2 5.96E-2 5.82728E-2
3.69473E-2 5.72864E-2 1.54302E-1 3.17539E-2 2.30452E-2 1.90755E-2 1.71482E-2 1.93171E-2 1.69238E-2 1.6176E-2 2.42888E-2 2.86558E-2 2.21905E-2 1.80314E-2 2.89817E-2 1.62202E-2 1.70039E-2 3.36091E-2 1.69603E-2 1.40414E-2 1.31094E-2 1.65132E-2 2.17364E-2 2.52185E-2 5.53795E-2 2.83686E-2 1.88074E-2 1.26651E-2 1.37564E-2 1.96303E-2 1.55456E-2 2.07668E-2 2.41675E-2 3.58699E-2 4.4949E-2 5.7501E-2 7.05407E-2 7.41739E-2 7.23827E-2 7.03865E-2 6.8827E-2 7.12028E-2 7.68593E-2 7.74233E-2 7.69157E-2 8.12703E-2 8.03132E-2 7.3394E-2 7.47488E-2 7.26503E-2 6.64305E-2 6.94464E-2 7.03605E-2 7.21223E-2 7.62009E-2 7.36214E-2 6.2149E-2 6.17828E-2 6.53321E-2 6.23634E-2 5.93005E-2
5.76369E-2 9.12557E-2 1.65549E-1 4.12639E-2 2.86413E-2 1.85462E-2 1.93317E-2 1.86582E-2 1.67719E-2 2.91283E-2 4.90504E-2 2.70136E-2 1.66814E-2 1.38969E-2 3.46668E-2 1.93942E-2 1.74285E-2 3.93924E-2 1.77483E-2 1.2344E-2 1.26203E-2 1.45321E-2 1.86026E-2 2.44326E-2 6.78402E-2 2.0465E-2 1.41422E-2 1.23821E-2 1.50289E-2 2.15108E-2 1.46702E-2 1.97938E-2 2.59055E-2 3.55356E-2 4.2407E-2 5.32058E-2 6.90071E-2 7.35595E-2 7.23553E-2 7.40116E-2 7.55992E-2 7.92122E-2 8.49803E-2 8.57022E-2 8.18996E-2 8.07403E-2 8.22383E-2 7.43188E-2 7.47193E-2 7.1918E-2 7.40222E-2 7.07859E-2 6.94041E-2 7.55597E-2 7.80471E-2 6.82896E-2 6.54022E-2 6.33598E-2 6.53627E-2 6.06672E-2 5.82578E-2
1.43882E-1 9.64002E-2 4.90154E-2 3.78855E-2 3.004E-2 2.18635E-2 2.73048E-2 1.95924E-2 2.15605E-2 3.02621E-2 4.71284E-2 1.86391E-2 1.65781E-2 2.44251E-2 3.31333E-2 1.68657E-2 1.60181E-2 4.74231E-2 2.66528E-2 1.88717E-2 2.28315E-2 1.73102E-2 2.13345E-2 3.37736E-2 6.80761E-2 2.4949E-2 1.54806E-2 2.05765E-2 1.60921E-2 2.09274E-2 1.67584E-2 1.81131E-2 2.17064E-2 3.57119E-2 4.53612E-2 4.95851E-2 6.10199E-2 7.742E-2 7.72766E-2 7.84473E-2 7.96564E-2 9.08865E-2 9.45942E-2 9.16243E-2 9.10099E-2 8.72703E-2 8.72792E-2 7.83121E-2 7.57467E-2 7.31005E-2 7.23243E-2 6.5858E-2 6.7008E-2 6.54319E-2 6.03225E-2 5.45506E-2 5.36392E-2 5.0832E-2 4.95599E-2 5.00977E-2 5.18867E-2
1.07969E-1 1.3769E-1 3.55867E-2 4.17141E-2 4.14683E-2 3.41424E-2 2.88551E-2 2.41887E-2 3.11768E-2 3.58915E-2 5.52153E-2 2.31514E-2 3.28004E-2 4.34504E-2 2.95037E-2 3.36685E-2 3.45582E-2 4.37916E-2 4.71844E-2 1.87776E-2 2.01561E-2 2.37409E-2 2.77626E-2 4.53364E-2 6.05908E-2 5.6112E-2 2.21739E-2 2.4487E-2 1.88433E-2 2.09704E-2 2.03807E-2 1.71445E-2 2.30874E-2 3.73534E-2 5.88669E-2 6.66149E-2 7.18439E-2 6.82735E-2 7.01505E-2 7.85548E-2 7.98641E-2 9.0818E-2 8.90248E-2 8.77228E-2 8.34273E-2 8.33171E-2 8.30314E-2 7.911E-2 7.10302E-2 7.04405E-2 6.68155E-2 6.55575E-2 6.40557E-2 5.65473E-2 4.9401E-2 4.14474E-2 3.92676E-2 3.58813E-2 3.8264E-2 3.87897E-2 3.91259E-2
