maxent_outputs/hummingbirds/hummingbird_163.asc
ncols         426
nrows         180
xllcorner     -130.0
yllcorner     24.0
cellsize      0.16666666666666666
NODATA_value  -9999
[rows 81 to 107 of 180, columns 61 to 121 of 426]
4.71565E-1 5.80423E-1 5.11149E-1 5.62164E-1 4.9124E-1 5.20891E-1 5.07029E-1 5.26881E-1 4.92946E-1 5.3353E-1 5.07037E-1 4.81599E-1 5.39447E-1 5.22484E-1 4.95632E-1 4.62317E-1 4.51287E-1 5.57901E-1 5.5285E-1 4.46227E-1 4.45253E-1 4.96982E-1 4.58119E-1 5.15134E-1 4.33759E-1 5.2958E-1 5.55953E-1 4.63098E-1 4.81452E-1 4.93043E-1 4.77116E-1 4.66335E-1 4.245E-1 5.28527E-1 4.35924E-1 4.07047E-1 4.24926E-1 4.14469E-1 4.10614E-1 4.20524E-1 4.48429E-1 4.61209E-1 4.04599E-1 5.85078E-1 4.37795E-1 6.11477E-1 5.04941E-1 4.66352E-1 5.3279E-1 5.62852E-1 4.71848E-1 6.17318E-1 6.37378E-1 6.0257E-1 5.57013E-1 5.58609E-1 4.53264E-1 4.29288E-1 3.84778E-1 3.54108E-1 3.49579E-1
5.26983E-1 5.72453E-1 5.69176E-1 5.37629E-1 5.41766E-1 4.61712E-1 5.37088E-1 5.1881E-1 4.70379E-1 5.21435E-1 5.27648E-1 4.43784E-1 5.29431E-1 5.32832E-1 5.28352E-1 5.38564E-1 4.91312E-1 5.53316E-1 5.09769E-1 4.79947E-1 5.41168E-1 4.67988E-1 4.6072E-1 4.93408E-1 4.3092E-1 5.56962E-1 4.97622E-1 5.30339E-1 5.25269E-1 5.68919E-1 4.56266E-1 5.04649E-1 4.8086E-1 4.96914E-1 4.66008E-1 4.45251E-1 4.08928E-1 4.04221E-1 4.12949E-1 4.11236E-1 4.14316E-1 4.26542E-1 4.05176E-1 4.94571E-1 4.1855E-1 4.50787E-1 4.19633E-1 5.0379E-1 5.31214E-1 5.69301E-1 5.37038E-1 5.76943E-1 5.77935E-1 5.06281E-1 4.62805E-1 4.65973E-1 4.12196E-1 3.73069E-1 3.24624E-1 2.92217E-1 2.84553E-1
5.94603E-1 7.69577E-1 5.96649E-1 5.59965E-1 5.34348E-1 4.64983E-1 5.42287E-1 4.57463E-1 4.77198E-1 4.61634E-1 4.52571E-1 5.09349E-1 4.69228E-1 4.75456E-1 5.09974E-1 4.82812E-1 5.08759E-1 5.0441E-1 5.46284E-1 5.04363E-1 4.87784E-1 4.52549E-1 5.07167E-1 4.43854E-1 4.74496E-1 5.57827E-1 5.18414E-1 5.20082E-1 4.57258E-1 5.37846E-1 4.8471E-1 4.65936E-1 5.20281E-1 4.69145E-1 4.44405E-1 4.77581E-1 4.45473E-1 3.99571E-1 4.13153E-1 4.18545E-1 3.78967E-1 3.8634E-1 4.46286E-1 5.02643E-1 4.56288E-1 4.64936E-1 4.5168E-1 4.73228E-1 4.42153E-1 4.90041E-1 4.91186E-1 5.36072E-1 5.68942E-1 5.77684E-1 5.23206E-1 4.96212E-1 4.30776E-1 3.68645E-1 3.34164E-1 2.9271E-1 2.74333E-1
5.74248E-1 6.12313E-1 6.03971E-1 5.58409E-1 5.33701E-1 5.12424E-1 4.72968E-1 4.51406E-1 4.27684E-1 4.43086E-1 5.67438E-1 4.99746E-1 4.29141E-1 4.92026E-1 4.4407E-1 4.98642E-1 5.0092E-1 5.0671E-1 4.7674E-1 4.69452E-1 5.35122E-1 5.56387E-1 4.93725E-1 4.48036E-1 5.26378E-1 5.47034E-1 5.1312E-1 5.00124E-1 4.64308E-1 5.37163E-1 4.68869E-1 5.38674E-1 5.55561E-1 4.31372E-1 4.48584E-1 5.81207E-1 4.42257E-1 3.89675E-1 4.15776E-1 4.13996E-1 4.43088E-1 3.99008E-1 4.9402E-1 5.06117E-1 5.30717E-1 4.84519E-1 4.98409E-1 4.25289E-1 5.57896E-1 5.21297E-1 5.21621E-1 5.22747E-1 4.95916E-1 5.39833E-1 5.58472E-1 5.6729E-1 5.3854E-1 4.58398E-1 4.02015E-1 3.30431E-1 3.19034E-1
5.25923E-1 5.54532E-1 5.74696E-1 5.59691E-1 5.3663E-1 4.90948E-1 4.42881E-1 4.21459E-1 4.06786E-1 4.9956E-1 4.70228E-1 4.6655E-1 5.52827E-1 4.90305E-1 4.90535E-1 5.36988E-1 5.188E-1 5.76491E-1 4.93691E-1 5.30794E-1 4.95403E-1 5.05718E-1 4.74081E-1 4.579E-1 5.0011E-1 5.43044E-1 4.22985E-1 4.9886E-1 4.82961E-1 5.5762E-1 4.81559E-1 5.43938E-1 4.82729E-1 5.31902E-1 5.78913E-1 6.08892E-1 4.09431E-1 4.08315E-1 4.65047E-1 4.12081E-1 4.47831E-1 4.53106E-1 4.03251E-1 4.04393E-1 4.31007E-1 4.2864E-1 4.70506E-1 4.33531E-1 5.47692E-1 5.03454E-1 4.98581E-1 5.51492E-1 5.14608E-1 5.05841E-1 4.90096E-1 5.15201E-1 5.53323E-1 5.04043E-1 4.46259E-1 3.88173E-1 3.71216E-1
5.34142E-1 5.73962E-1 5.74528E-1 5.22312E-1 4.97672E-1 4.47946E-1 4.33249E-1 4.25328E-1 4.54262E-1 5.56263E-1 4.4742E-1 5.84139E-1 4.67676E-1 4.68262E-1 5.30766E-1 4.91947E-1 5.07235E-1 5.2366E-1 5.56291E-1 4.85414E-1 4.12996E-1 4.28636E-1 4.80563E-1 5.02804E-1 4.9619E-1 4.9218E-1 4.19548E-1 5.10909E-1 4.29214E-1 5.09429E-1 4.85501E-1 5.56981E-1 4.40028E-1 4.99395E-1 5.10429E-1 4.19184E-1 4.55187E-1 4.44738E-1 4.26018E-1 4.20175E-1 4.66271E-1 4.08907E-1 3.84046E-1 3.67381E-1 3.86348E-1 4.66084E-1 4.14794E-1 4.21801E-1 5.53759E-1 4.28333E-1 4.70538E-1 5.84314E-1 5.58152E-1 4.47943E-1 4.11144E-1 4.13793E-1 5.11442E-1 5.7101E-1 4.95292E-1 4.7835E-1 4.34231E-1
5.33339E-1 5.66307E-1 5.56659E-1 5.24815E-1 4.96867E-1 4.54539E-1 4.54136E-1 4.4584E-1 5.16976E-1 4.93686E-1 5.22632E-1 5.28387E-1 5.45803E-1 5.17597E-1 4.75236E-1 4.54434E-1 5.48158E-1 4.98731E-1 4.96594E-1 4.97695E-1 5.30865E-1 4.43156E-1 5.77307E-1 5.38861E-1 4.68948E-1 4.54047E-1 5.05121E-1 4.50012E-1 5.13936E-1 4.97341E-1 4.82243E-1 6.05057E-1 4.37234E-1 5.78638E-1 4.9242E-1 3.89663E-1 4.7688E-1 3.98231E-1 4.18262E-1 5.14369E-1 4.42156E-1 3.98704E-1 3.53616E-1 3.72233E-1 3.77753E-1 5.19907E-1 4.06776E-1 4.33582E-1 5.32945E-1 3.94848E-1 5.70916E-1 5.98998E-1 5.59775E-1 4.19362E-1 3.721E-1 4.03175E-1 4.08454E-1 5.35206E-1 5.04414E-1 5.19758E-1 4.72603E-1
5.32789E-1 5.315E-1 5.46792E-1 5.11818E-1 4.91284E-1 4.90221E-1 4.69571E-1 4.69171E-1 4.86689E-1 4.43738E-1 4.94049E-1 4.87832E-1 5.43698E-1 4.81722E-1 5.2876E-1 5.22253E-1 5.76749E-1 4.75522E-1 5.29755E-1 5.22943E-1 5.4674E-1 4.96239E-1 4.84211E-1 4.26628E-1 4.84132E-1 5.13238E-1 5.3684E-1 3.92992E-1 4.9143E-1 4.82255E-1 5.24836E-1 6.16448E-1 4.59103E-1 6.3941E-1 5.5728E-1 3.91962E-1 4.9191E-1 4.46388E-1 4.86918E-1 4.79684E-1 4.13837E-1 3.62384E-1 3.58894E-1 3.61619E-1 3.69846E-1 5.173E-1 4.75007E-1 4.46461E-1 4.53646E-1 5.16903E-1 5.90914E-1 5.18439E-1 4.61995E-1 3.60823E-1 4.14786E-1 4.48219E-1 3.75876E-1 4.40763E-1 4.3828E-1 5.2499E-1 5.27802E-1
5.00248E-1 5.41711E-1 5.69773E-1 5.02642E-1 4.62197E-1 4.75578E-1 4.85037E-1 4.70382E-1 5.29258E-1 5.09288E-1 4.99616E-1 4.94921E-1 4.68732E-1 5.38105E-1 5.22982E-1 5.99687E-1 4.69719E-1 5.42586E-1 5.63922E-1 4.807E-1 5.69711E-1 5.71193E-1 4.63283E-1 5.11569E-1 4.62043E-1 4.61304E-1 5.38626E-1 4.86576E-1 4.46531E-1 5.57228E-1 4.49874E-1 5.30889E-1 5.18461E-1 5.64595E-1 4.34E-1 4.24996E-1 4.73945E-1 5.18295E-1 4.92857E-1 4.5705E-1 4.44467E-1 4.16893E-1 3.65339E-1 3.56757E-1 3.44496E-1 4.37584E-1 5.57342E-1 4.39718E-1 4.20231E-1 5.84747E-1 5.65454E-1 5.17998E-1 3.90315E-1 3.59099E-1 4.20568E-1 4.36306E-1 4.02998E-1 3.88659E-1 3.79734E-1 4.69974E-1 5.08506E-1
4.83247E-1 5.29503E-1 5.32916E-1 5.06122E-1 4.90504E-1 5.48711E-1 4.51854E-1 4.78515E-1 4.85685E-1 4.37881E-1 4.72282E-1 4.77464E-1 5.10848E-1 5.23717E-1 5.49607E-1 5.46541E-1 4.50366E-1 5.67268E-1 4.9766E-1 5.42017E-1 5.01799E-1 5.59848E-1 4.88293E-1 4.81585E-1 4.49681E-1 4.33518E-1 5.92636E-1 4.90247E-1 4.44783E-1 5.38627E-1 5.05677E-1 5.3272E-1 4.64758E-1 6.74096E-1 4.70699E-1 4.75494E-1 4.51171E-1 5.03446E-1 4.73141E-1 4.37084E-1 4.87416E-1 4.89325E-1 3.77031E-1 3.59763E-1 3.85866E-1 5.77085E-1 5.79681E-1 4.24393E-1 4.89616E-1 5.2996E-1 5.17706E-1 4.4312E-1 3.99027E-1 4.15429E-1 4.30226E-1 4.3749E-1 3.77812E-1 3.11015E-1 3.18633E-1 3.39161E-1 3.46089E-1
5.16396E-1 5.35954E-1 5.2134E-1 5.0942E-1 5.11778E-1 5.54336E-1 6.08818E-1 5.55718E-1 5.11982E-1 5.03491E-1 4.74483E-1 4.99543E-1 4.90214E-1 5.55245E-1 5.78949E-1 5.84063E-1 5.06757E-1 6.17418E-1 4.82144E-1 6.006E-1 4.75368E-1 5.31444E-1 4.84238E-1 4.43603E-1 4.91245E-1 3.847E-1 4.66794E-1 4.82299E-1 4.4004E-1 5.47267E-1 5.54091E-1 4.84685E-1 4.46447E-1 5.7848E-1 4.64693E-1 4.63093E-1 4.79943E-1 4.87012E-1 4.21872E-1 3.96574E-1 4.33465E-1 4.15298E-1 4.25436E-1 4.25245E-1 5.01132E-1 5.63632E-1 4.59065E-1 4.72933E-1 5.26421E-1 5.62997E-1 5.14906E-1 4.3993E-1 4.10708E-1 4.483E-1 4.43282E-1 4.39796E-1 3.211E-1 3.16607E-1 3.31812E-1 3.40549E-1 3.44843E-1
5.5157E-1 5.30615E-1 5.30408E-1 5.61535E-1 5.70984E-1 5.45136E-1 6.05955E-1 5.04704E-1 5.36241E-1 5.23537E-1 5.41806E-1 4.96328E-1 4.868E-1 5.2261E-1 5.59768E-1 5.12345E-1 5.40012E-1 5.27712E-1 4.80383E-1 5.36806E-1 5.20972E-1 4.92944E-1 4.34156E-1 4.74144E-1 3.8808E-1 3.41965E-1 5.15027E-1 4.749E-1 4.35104E-1 5.59101E-1 5.31407E-1 4.45895E-1 5.13941E-1 4.62944E-1 4.5543E-1 5.32178E-1 3.99756E-1 4.98142E-1 4.14336E-1 5.01095E-1 4.11097E-1 3.98977E-1 4.69881E-1 5.13915E-1 5.40551E-1 5.03102E-1 5.57389E-1 5.39535E-1 5.76156E-1 5.60371E-1 5.10078E-1 4.24159E-1 4.29569E-1 4.3324E-1 4.04711E-1 3.45991E-1 3.35448E-1 3.30127E-1 3.65437E-1 3.91397E-1 4.06912E-1
5.78603E-1 5.75837E-1 5.294E-1 5.59121E-1 5.42733E-1 5.12202E-1 5.83621E-1 5.36554E-1 5.39382E-1 5.34049E-1 5.26556E-1 5.44669E-1 5.03471E-1 5.02504E-1 4.68581E-1 4.92679E-1 5.05468E-1 5.19683E-1 5.59668E-1 4.76022E-1 5.29356E-1 3.94937E-1 4.33469E-1 4.11111E-1 3.2075E-1 3.89852E-1 5.49153E-1 4.26745E-1 4.14073E-1 5.15263E-1 5.23167E-1 4.51085E-1 5.19942E-1 5.39327E-1 4.54953E-1 5.3757E-1 4.32882E-1 5.23815E-1 4.16827E-1 4.8862E-1 4.17668E-1 4.2339E-1 5.11431E-1 5.24043E-1 6.64425E-1 5.29848E-1 5.65075E-1 4.66045E-1 4.67896E-1 4.80108E-1 5.61794E-1 4.50203E-1 4.05701E-1 3.78623E-1 3.41025E-1 3.43701E-1 3.79348E-1 3.86641E-1 3.92659E-1 4.1356E-1 4.06586E-1
5.38922E-1 5.28173E-1 5.54149E-1 4.87657E-1 5.1226E-1 5.04485E-1 5.0388E-1 5.30815E-1 5.39253E-1 5.56211E-1 5.10646E-1 5.35622E-1 4.90233E-1 5.04975E-1 4.52973E-1 5.35384E-1 5.00162E-1 5.20275E-1 4.96037E-1 4.42127E-1 4.93816E-1 3.67349E-1 4.2725E-1 3.59613E-1 3.94146E-1 5.3746E-1 4.70051E-1 4.32123E-1 4.57222E-1 5.20295E-1 5.17251E-1 5.09615E-1 5.5493E-1 5.28422E-1 5.16364E-1 5.31704E-1 4.74903E-1 5.26846E-1 4.75705E-1 4.10502E-1 3.65996E-1 4.59121E-1 4.39125E-1 4.88618E-1 6.43485E-1 4.87949E-1 5.13535E-1 4.69788E-1 4.40663E-1 4.77354E-1 5.10724E-1 4.88745E-1 4.03696E-1 3.84954E-1 3.79281E-1 3.57242E-1 4.22782E-1 4.49663E-1 4.37446E-1 4.29681E-1 4.07344E-1
5.58227E-1 5.63899E-1 5.67932E-1 5.56509E-1 5.17734E-1 4.86069E-1 4.66764E-1 5.06524E-1 5.03306E-1 5.15399E-1 5.13672E-1 4.53055E-1 5.21653E-1 4.83434E-1 4.83504E-1 5.04937E-1 4.78296E-1 4.88184E-1 4.84598E-1 4.4936E-1 4.9553E-1 4.36281E-1 3.96664E-1 4.19838E-1 5.62028E-1 4.85023E-1 4.12565E-1 4.36217E-1 5.10004E-1 4.76751E-1 4.68037E-1 5.22697E-1 4.7281E-1 5.19162E-1 5.18231E-1 4.63913E-1 5.13926E-1 4.7445E-1 4.19669E-1 3.70654E-1 4.42101E-1 4.5871E-1 4.69303E-1 4.85421E-1 4.85459E-1 5.23707E-1 5.14096E-1 4.83375E-1 4.78798E-1 5.81882E-1 6.085E-1 5.17289E-1 4.36163E-1 4.59375E-1 5.49939E-1 4.027E-1 4.34277E-1 4.60183E-1 4.52597E-1 4.429E-1 4.67272E-1
6.07868E-1 6.1969E-1 5.86693E-1 5.82961E-1 5.37314E-1 5.11847E-1 4.68107E-1 4.5772E-1 5.41431E-1 5.57488E-1 4.72518E-1 4.8862E-1 4.73699E-1 5.13321E-1 5.14759E-1 4.77314E-1 4.43037E-1 4.25765E-1 4.16135E-1 4.88381E-1 5.40677E-1 4.41032E-1 4.29577E-1 4.48843E-1 4.35553E-1 4.63686E-1 4.52994E-1 4.17703E-1 5.2775E-1 4.84643E-1 4.19937E-1 5.61662E-1 4.65482E-1 4.703E-1 5.35058E-1 4.91416E-1 4.06406E-1 3.62485E-1 3.55443E-1 3.61938E-1 3.86332E-1 4.04493E-1 4.25342E-1 5.16776E-1 3.93548E-1 5.36879E-1 4.7649E-1 5.43987E-1 5.71252E-1 5.38769E-1 4.92645E-1 4.76882E-1 4.6265E-1 4.68455E-1 5.19171E-1 4.48643E-1 4.52543E-1 4.56545E-1 4.92915E-1 5.10394E-1 5.27556E-1
6.10729E-1 5.84521E-1 5.74218E-1 5.77592E-1 5.71676E-1 5.02116E-1 4.90101E-1 5.2572E-1 5.67957E-1 6.32386E-1 4.62348E-1 5.60853E-1 5.62422E-1 4.53504E-1 5.12129E-1 4.96751E-1 4.86708E-1 4.86355E-1 4.62608E-1 4.13916E-1 4.68004E-1 4.69838E-1 4.1386E-1 4.34771E-1 3.64046E-1 4.63614E-1 4.88763E-1 4.64707E-1 4.63369E-1 4.9191E-1 4.18903E-1 5.0306E-1 4.18653E-1 4.96417E-1 4.76152E-1 4.36169E-1 3.68921E-1 3.64851E-1 4.42351E-1 4.08647E-1 4.0727E-1 5.41798E-1 5.98763E-1 5.11549E-1 4.22428E-1 4.64886E-1 4.30405E-1 5.6981E-1 5.03305E-1 4.5919E-1 4.53226E-1 4.49663E-1 4.80413E-1 4.50849E-1 4.28692E-1 4.76984E-1 4.91407E-1 4.66877E-1 5.16969E-1 5.43289E-1 5.41519E-1
6.25976E-1 6.36258E-1 6.01741E-1 6.09931E-1 6.17072E-1 5.74627E-1 4.93078E-1 4.94052E-1 4.83272E-1 6.24884E-1 5.49231E-1 5.14615E-1 5.24473E-1 5.0168E-1 5.10181E-1 4.82129E-1 4.75829E-1 4.52402E-1 4.94052E-1 4.2994E-1 4.09211E-1 4.26667E-1 4.5722E-1 4.29255E-1 4.58038E-1 4.90066E-1 5.38432E-1 4.79099E-1 4.7537E-1 4.44463E-1 5.20443E-1 5.06515E-1 4.86206E-1 4.8747E-1 4.81188E-1 4.84432E-1 4.46803E-1 4.67274E-1 5.05598E-1 4.88637E-1 5.22691E-1 5.75232E-1 5.81549E-1 4.83121E-1 4.72194E-1 5.13592E-1 4.65224E-1 4.87271E-1 5.29248E-1 5.024E-1 4.47669E-1 4.33617E-1 4.71629E-1 5.03081E-1 4.28486E-1 4.69039E-1 4.76964E-1 4.95548E-1 4.89351E-1 5.11764E-1 5.23463E-1
5.77101E-1 6.22509E-1 5.88508E-1 5.80037E-1 6.13264E-1 6.07564E-1 6.03492E-1 5.06857E-1 4.66474E-1 5.65186E-1 5.82752E-1 5.19481E-1 5.37672E-1 5.67144E-1 4.99156E-1 4.74318E-1 4.94806E-1 4.79221E-1 4.55436E-1 4.10132E-1 4.30463E-1 4.3369E-1 5.04869E-1 4.35855E-1 5.3649E-1 4.54358E-1 4.82221E-1 4.87879E-1 5.09664E-1 4.5963E-1 5.50096E-1 5.41429E-1 5.51094E-1 5.20992E-1 5.2096E-1 5.32728E-1 5.11774E-1 5.23043E-1 5.82219E-1 5.07049E-1 5.45595E-1 5.06819E-1 5.47838E-1 5.08861E-1 5.25364E-1 5.33827E-1 4.79572E-1 4.6426E-1 4.52286E-1 4.88423E-1 5.11785E-1 4.92066E-1 4.41946E-1 4.83132E-1 4.91876E-1 4.42407E-1 4.75965E-1 4.82676E-1 4.79098E-1 4.87136E-1 4.54529E-1
5.56803E-1 5.68876E-1 6.05042E-1 6.24841E-1 6.24429E-1 6.00443E-1 5.69848E-1 5.7791E-1 5.19421E-1 5.29314E-1 5.40707E-1 5.32049E-1 5.40671E-1 5.39079E-1 5.53385E-1 5.25882E-1 4.4168E-1 4.79439E-1 5.01631E-1 4.73449E-1 4.78749E-1 4.95139E-1 4.83299E-1 4.02689E-1 4.13681E-1 4.72126E-1 4.49787E-1 5.05932E-1 4.78073E-1 5.07075E-1 5.4222E-1 5.22448E-1 5.28666E-1 5.13957E-1 4.94951E-1 5.16272E-1 5.03373E-1 5.08343E-1 5.31823E-1 5.01615E-1 5.15268E-1 5.35552E-1 4.87993E-1 4.92678E-1 4.72757E-1 4.80072E-1 4.70118E-1 4.72009E-1 4.70807E-1 4.69851E-1 4.71347E-1 4.87315E-1 5.06961E-1 4.84209E-1 4.94643E-1 4.95673E-1 4.66937E-1 4.73631E-1 4.93553E-1 4.60707E-1 4.17838E-1
5.62027E-1 5.80713E-1 5.71108E-1 6.10766E-1 6.19902E-1 5.96463E-1 5.8531E-1 6.20878E-1 5.50938E-1 5.10149E-1 5.54737E-1 5.4107E-1 5.06168E-1 5.46275E-1 5.55984E-1 5.35972E-1 5.06248E-1 4.26854E-1 4.65128E-1 4.94023E-1 5.10474E-1 4.78163E-1 4.28933E-1 4.41733E-1 4.47081E-1 5.19498E-1 4.78326E-1 4.36238E-1 5.21953E-1 5.23639E-1 5.19838E-1 5.22708E-1 5.16094E-1 5.04781E-1 4.97595E-1 5.35959E-1 5.05672E-1 4.35855E-1 4.45813E-1 4.81397E-1 4.97009E-1 5.32059E-1 4.94161E-1 4.88198E-1 4.64839E-1 4.55745E-1 4.55208E-1 4.37643E-1 4.27493E-1 4.53082E-1 4.86456E-1 5.78331E-1 5.3112E-1 5.44902E-1 4.88384E-1 5.02147E-1 4.8959E-1 4.46221E-1 4.58109E-1 4.00746E-1 4.08441E-1
5.8264E-1 5.52532E-1 5.65582E-1 5.84913E-1 6.00543E-1 6.23296E-1 6.30357E-1 6.11874E-1 6.0749E-1 5.13982E-1 6.03522E-1 5.68417E-1 5.62313E-1 5.72234E-1 5.66342E-1 6.00129E-1 5.99279E-1 5.16592E-1 5.23916E-1 5.14352E-1 5.30221E-1 5.28528E-1 4.52669E-1 4.42595E-1 5.11235E-1 5.04777E-1 4.86257E-1 4.57948E-1 5.36211E-1 4.94281E-1 5.31584E-1 5.38479E-1 5.74136E-1 5.16909E-1 4.85739E-1 4.9752E-1 5.38467E-1 4.80981E-1 4.77984E-1 4.55188E-1 4.47059E-1 4.57362E-1 4.91793E-1 4.26021E-1 4.27716E-1 4.75482E-1 4.93569E-1 4.41292E-1 4.57774E-1 4.61687E-1 4.48129E-1 4.67859E-1 4.95553E-1 5.00043E-1 4.83295E-1 5.11574E-1 5.31128E-1 4.65751E-1 4.8441E-1 4.19093E-1 4.10722E-1
6.13107E-1 5.6949E-1 5.81703E-1 5.63355E-1 5.76685E-1 5.8814E-1 5.97689E-1 6.15335E-1 6.44829E-1 5.60984E-1 5.28433E-1 6.0273E-1 5.10729E-1 5.51583E-1 5.84797E-1 5.38251E-1 5.72905E-1 5.71171E-1 4.97497E-1 4.83692E-1 4.86104E-1 4.96054E-1 4.7784E-1 4.50008E-1 4.8917E-1 4.81733E-1 4.98427E-1 5.43939E-1 5.58321E-1 5.09692E-1 5.15548E-1 4.76801E-1 4.99472E-1 5.07683E-1 4.99717E-1 5.63976E-1 5.54327E-1 4.97293E-1 4.74586E-1 4.69884E-1 4.1314E-1 4.34831E-1 3.93522E-1 4.40222E-1 4.84796E-1 5.50857E-1 5.00742E-1 4.51458E-1 4.68907E-1 4.65651E-1 4.3542E-1 4.39653E-1 4.40648E-1 4.6232E-1 5.21862E-1 5.09345E-1 5.45352E-1 4.73256E-1 4.35142E-1 4.01314E-1 3.90236E-1
5.72743E-1 5.72016E-1 5.89246E-1 5.83053E-1 5.68878E-1 6.0504E-1 6.06108E-1 6.00913E-1 6.12631E-1 6.52989E-1 5.23527E-1 5.93951E-1 6.05714E-1 5.90583E-1 5.96524E-1 5.34729E-1 5.25463E-1 5.25699E-1 5.78925E-1 4.68852E-1 4.58721E-1 4.89499E-1 5.11371E-1 5.04284E-1 4.78054E-1 4.71308E-1 5.03655E-1 6.03527E-1 5.59699E-1 5.22824E-1 4.85188E-1 4.98056E-1 4.93318E-1 5.29785E-1 5.95071E-1 5.36821E-1 5.28646E-1 4.89544E-1 4.67414E-1 4.89522E-1 4.57659E-1 4.35178E-1 4.59673E-1 4.86701E-1 5.06582E-1 5.46099E-1 5.00323E-1 4.28499E-1 4.62763E-1 4.49933E-1 4.15859E-1 4.17545E-1 4.20633E-1 4.56436E-1 4.44955E-1 4.58491E-1 5.07613E-1 5.14832E-1 4.43254E-1 4.19829E-1 3.94013E-1
6.00806E-1 6.03661E-1 5.92414E-1 5.95219E-1 5.92682E-1 5.943E-1 6.48351E-1 6.22624E-1 6.04576E-1 5.79444E-1 5.94977E-1 5.25216E-1 5.66111E-1 5.66839E-1 5.66935E-1 6.09936E-1 6.09727E-1 5.2989E-1 6.08666E-1 5.72012E-1 4.67178E-1 4.94936E-1 5.55919E-1 6.02773E-1 5.71169E-1 5.41456E-1 5.03656E-1 5.55188E-1 5.71173E-1 5.06459E-1 4.97418E-1 5.42334E-1 5.19251E-1 5.23898E-1 5.19207E-1 5.24371E-1 5.62087E-1 5.00603E-1 4.72592E-1 4.9863E-1 5.1389E-1 4.90976E-1 4.85866E-1 5.21347E-1 5.41088E-1 5.48521E-1 5.17068E-1 4.75958E-1 4.24506E-1 4.35976E-1 4.17497E-1 4.11136E-1 4.16537E-1 4.20536E-1 4.50835E-1 4.677E-1 4.39389E-1 4.66928E-1 4.83297E-1 4.9174E-1 4.29419E-1
5.89386E-1 6.01614E-1 6.15542E-1 6.15215E-1 5.97704E-1 5.9134E-1 6.49803E-1 6.24825E-1 5.70676E-1 5.74075E-1 5.88944E-1 5.47364E-1 5.84779E-1 5.67671E-1 5.79112E-1 5.88798E-1 6.61126E-1 5.77982E-1 6.18123E-1 5.65606E-1 4.9582E-1 5.48269E-1 4.95995E-1 5.41459E-1 6.36286E-1 6.3279E-1 5.85345E-1 5.56364E-1 5.29644E-1 5.21709E-1 5.54516E-1 5.40086E-1 5.64362E-1 5.64898E-1 5.61236E-1 5.13278E-1 5.59108E-1 4.69815E-1 5.23199E-1 5.29967E-1 5.25657E-1 5.35809E-1 5.11638E-1 5.30116E-1 5.4427E-1 5.69574E-1 5.51818E-1 5.41056E-1 4.47099E-1 4.3996E-1 4.27128E-1 4.13784E-1 4.07796E-1 4.20572E-1 4.37367E-1 4.358E-1 4.32465E-1 4.51238E-1 4.73184E-1 4.66291E-1 4.38202E-1
6.18001E-1 6.04735E-1 5.97557E-1 5.9816E-1 5.96867E-1 5.91146E-1 6.47631E-1 6.46715E-1 5.79692E-1 5.60869E-1 5.93863E-1 5.71191E-1 6.03569E-1 5.85417E-1 6.25489E-1 5.25999E-1 6.80768E-1 5.91466E-1 5.98682E-1 6.09818E-1 5.7155E-1 5.50205E-1 5.23159E-1 4.65371E-1 5.35549E-1 6.10128E-1 5.73976E-1 5.65513E-1 5.55386E-1 5.56379E-1 6.37704E-1 6.19206E-1 6.033E-1 5.76926E-1 5.51336E-1 5.45372E-1 5.34789E-1 5.1269E-1 5.25019E-1 5.60137E-1 5.33588E-1 4.75518E-1 4.36434E-1 4.53275E-1 4.60945E-1 5.13347E-1 5.29906E-1 5.25441E-1 4.98483E-1 4.42488E-1 4.11862E-1 4.09556E-1 4.17174E-1 4.12179E-1 4.15005E-1 4.18055E-1 4.04922E-1 4.10547E-1 4.1636E-1 4.26401E-1 4.02292E-1
