maxent_outputs/hummingbirds/hummingbird_273.asc
ncols         426
nrows         180
xllcorner     -130.0
yllcorner     24.0
cellsize      0.16666666666666666
NODATA_value  -9999
[rows 81 to 107 of 180, columns 244 to 304 of 426]
2.54351E-1 2.56994E-1 2.58011E-1 2.56186E-1 2.55706E-1 2.58926E-1 2.57642E-1 2.58031E-1 2.60366E-1 2.62174E-1 2.68574E-1 2.69004E-1 2.79415E-1 2.87602E-1 2.92744E-1 2.91222E-1 2.88268E-1 2.83262E-1 2.79494E-1 2.79894E-1 2.77921E-1 2.7652E-1 2.79924E-1 2.81864E-1 2.76387E-1 2.81667E-1 2.8698E-1 2.90105E-1 2.91631E-1 2.9535E-1 2.94026E-1 2.9106E-1 2.94498E-1 2.92815E-1 2.89665E-1 2.95124E-1 2.96572E-1 2.98186E-1 2.93255E-1 2.87662E-1 2.85392E-1 2.89063E-1 2.975E-1 3.10887E-1 3.13958E-1 3.07532E-1 3.10989E-1 3.21084E-1 3.22861E-1 3.13943E-1 3.06727E-1 3.14288E-1 3.30849E-1 3.18806E-1 3.19418E-1 3.41792E-1 3.50994E-1 3.26805E-1 3.08596E-1 3.07471E-1 3.02598E-1
2.61853E-1 2.61508E-1 2.62143E-1 2.67863E-1 2.64519E-1 2.67401E-1 2.65076E-1 2.62688E-1 2.64557E-1 2.73419E-1 2.75611E-1 2.82029E-1 2.86558E-1 2.78246E-1 2.80117E-1 2.81751E-1 2.81739E-1 2.7806E-1 2.7596E-1 2.80811E-1 2.80144E-1 2.82291E-1 2.83741E-1 2.85107E-1 2.81459E-1 2.7974E-1 2.81207E-1 2.82556E-1 2.8754E-1 2.96129E-1 3.01161E-1 2.91985E-1 2.94248E-1 2.91066E-1 2.93487E-1 3.02137E-1 3.04901E-1 3.10804E-1 3.14808E-1 2.93315E-1 2.90555E-1 2.95262E-1 3.02655E-1 3.11024E-1 3.23533E-1 3.21433E-1 3.23087E-1 3.23058E-1 3.29432E-1 3.19202E-1 3.12251E-1 3.23503E-1 3.33927E-1 3.21737E-1 3.24043E-1 3.31494E-1 3.43759E-1 3.29663E-1 3.16016E-1 3.04198E-1 2.98913E-1
2.6906E-1 2.6839E-1 2.72943E-1 2.73664E-1 2.72642E-1 2.7385E-1 2.76251E-1 2.73208E-1 2.74443E-1 2.82844E-1 2.86778E-1 2.90001E-1 2.88278E-1 2.82754E-1 2.83321E-1 2.82179E-1 2.83256E-1 2.7954E-1 2.82059E-1 2.92831E-1 2.92364E-1 2.90529E-1 2.90026E-1 2.84845E-1 2.83193E-1 2.77674E-1 2.77057E-1 2.83213E-1 2.89923E-1 2.98707E-1 3.08017E-1 3.01899E-1 3.0018E-1 3.01783E-1 2.97038E-1 3.01123E-1 3.10641E-1 3.27396E-1 3.28717E-1 3.06673E-1 3.05352E-1 3.12673E-1 3.18216E-1 3.22998E-1 3.24152E-1 3.26837E-1 3.33971E-1 3.31079E-1 3.28108E-1 3.21454E-1 3.1911E-1 3.37916E-1 3.25523E-1 3.21992E-1 3.25947E-1 3.31296E-1 3.41623E-1 3.31249E-1 3.13472E-1 2.87589E-1 2.74342E-1
2.74361E-1 2.74142E-1 2.79782E-1 2.78749E-1 2.76749E-1 2.79329E-1 2.79824E-1 2.79437E-1 2.7744E-1 2.78903E-1 2.84208E-1 2.98785E-1 2.97441E-1 2.93714E-1 2.87272E-1 2.85567E-1 2.83776E-1 2.87394E-1 3.02057E-1 3.09555E-1 2.99718E-1 2.92983E-1 2.86014E-1 2.86673E-1 2.80971E-1 2.85935E-1 2.87519E-1 2.88178E-1 2.904E-1 2.98169E-1 3.19893E-1 3.25067E-1 3.17199E-1 3.11313E-1 3.00311E-1 3.11665E-1 3.20498E-1 3.35364E-1 3.38092E-1 3.24247E-1 3.18189E-1 3.17747E-1 3.18256E-1 3.26913E-1 3.3202E-1 3.30231E-1 3.34444E-1 3.4323E-1 3.29797E-1 3.22041E-1 3.30775E-1 3.41047E-1 3.24478E-1 3.23758E-1 3.27509E-1 3.34141E-1 3.39369E-1 3.29825E-1 3.01703E-1 2.8795E-1 2.73286E-1
2.83959E-1 2.81351E-1 2.83036E-1 2.80465E-1 2.83182E-1 2.84962E-1 2.85002E-1 2.87112E-1 2.83023E-1 2.82877E-1 2.91226E-1 2.99289E-1 3.02915E-1 3.03315E-1 2.95344E-1 2.93655E-1 2.92851E-1 3.00635E-1 3.11318E-1 3.09217E-1 3.01165E-1 2.98885E-1 2.95605E-1 2.86354E-1 2.86178E-1 2.94675E-1 2.93854E-1 2.87875E-1 2.99437E-1 3.09682E-1 3.30963E-1 3.30926E-1 3.2472E-1 3.10639E-1 3.04042E-1 3.114E-1 3.24169E-1 3.34093E-1 3.36491E-1 3.2808E-1 3.27406E-1 3.22749E-1 3.2232E-1 3.27952E-1 3.3295E-1 3.33554E-1 3.36681E-1 3.3779E-1 3.35256E-1 3.32483E-1 3.41202E-1 3.35598E-1 3.25829E-1 3.24511E-1 3.28506E-1 3.38538E-1 3.48244E-1 3.13163E-1 2.86409E-1 2.86442E-1 2.72162E-1
2.91852E-1 2.88248E-1 2.85128E-1 2.92699E-1 2.9631E-1 2.91862E-1 2.88926E-1 2.96486E-1 2.90124E-1 2.93516E-1 2.97023E-1 3.10619E-1 3.08034E-1 3.07989E-1 3.08457E-1 3.03667E-1 3.02351E-1 3.15366E-1 3.15066E-1 3.05199E-1 3.06891E-1 3.06901E-1 3.01028E-1 2.94815E-1 2.9954E-1 3.04817E-1 2.99308E-1 3.03611E-1 3.1196E-1 3.24897E-1 3.30559E-1 3.32263E-1 3.2931E-1 3.15103E-1 3.13372E-1 3.19028E-1 3.26367E-1 3.3326E-1 3.34359E-1 3.25994E-1 3.37414E-1 3.34871E-1 3.34585E-1 3.36236E-1 3.321E-1 3.39521E-1 3.43688E-1 3.46578E-1 3.45311E-1 3.45534E-1 3.48111E-1 3.40542E-1 3.30888E-1 3.29029E-1 3.34303E-1 3.4042E-1 3.33714E-1 3.05553E-1 2.82682E-1 2.72076E-1 2.6399E-1
2.9819E-1 2.93935E-1 2.96215E-1 3.01203E-1 2.98892E-1 2.99024E-1 3.00203E-1 3.05322E-1 3.03155E-1 3.11618E-1 3.15114E-1 3.16154E-1 3.13087E-1 3.14766E-1 3.19564E-1 3.17244E-1 3.219E-1 3.299E-1 3.22623E-1 3.17132E-1 3.17815E-1 3.15422E-1 3.12382E-1 3.06957E-1 3.16373E-1 3.20477E-1 3.14825E-1 3.20066E-1 3.32953E-1 3.31875E-1 3.33608E-1 3.37872E-1 3.32838E-1 3.19356E-1 3.17882E-1 3.23438E-1 3.2698E-1 3.37088E-1 3.38077E-1 3.38629E-1 3.38583E-1 3.36175E-1 3.42613E-1 3.44076E-1 3.42164E-1 3.42106E-1 3.49161E-1 3.61432E-1 3.56598E-1 3.52677E-1 3.42397E-1 3.4119E-1 3.34859E-1 3.34288E-1 3.38323E-1 3.35383E-1 3.16215E-1 2.98709E-1 2.81391E-1 2.6528E-1 2.7415E-1
3.01579E-1 3.0575E-1 3.06276E-1 3.07036E-1 3.05913E-1 3.08346E-1 3.12376E-1 3.13145E-1 3.14439E-1 3.157E-1 3.21223E-1 3.16782E-1 3.19505E-1 3.20478E-1 3.23753E-1 3.26107E-1 3.27188E-1 3.38152E-1 3.37388E-1 3.35501E-1 3.30026E-1 3.25071E-1 3.24075E-1 3.24379E-1 3.25385E-1 3.2508E-1 3.33855E-1 3.4574E-1 3.46592E-1 3.46831E-1 3.42968E-1 3.3847E-1 3.31254E-1 3.25654E-1 3.24126E-1 3.31957E-1 3.3892E-1 3.39577E-1 3.44265E-1 3.43448E-1 3.40595E-1 3.40581E-1 3.44541E-1 3.44854E-1 3.47024E-1 3.52661E-1 3.61962E-1 3.5927E-1 3.56373E-1 3.48724E-1 3.4212E-1 3.40196E-1 3.36415E-1 3.36532E-1 3.35415E-1 3.30925E-1 3.18251E-1 2.98341E-1 2.83551E-1 2.60365E-1 2.69168E-1
3.11187E-1 3.15841E-1 3.16015E-1 3.12511E-1 3.17578E-1 3.16302E-1 3.18477E-1 3.20673E-1 3.19702E-1 3.20106E-1 3.28121E-1 3.23443E-1 3.33369E-1 3.26076E-1 3.30151E-1 3.30913E-1 3.31141E-1 3.55939E-1 3.48521E-1 3.44926E-1 3.41123E-1 3.41456E-1 3.42715E-1 3.41514E-1 3.36813E-1 3.40381E-1 3.54019E-1 3.55151E-1 3.61286E-1 3.6618E-1 3.51316E-1 3.4666E-1 3.35794E-1 3.30177E-1 3.31007E-1 3.33856E-1 3.40552E-1 3.40494E-1 3.44083E-1 3.4457E-1 3.43775E-1 3.48237E-1 3.51474E-1 3.56285E-1 3.53213E-1 3.61972E-1 3.56938E-1 3.57066E-1 3.53214E-1 3.50362E-1 3.47214E-1 3.4439E-1 3.39193E-1 3.34714E-1 3.2653E-1 3.14441E-1 3.03624E-1 2.96248E-1 2.79763E-1 2.44176E-1 2.92737E-1
3.2077E-1 3.23135E-1 3.21802E-1 3.20668E-1 3.2828E-1 3.25645E-1 3.24475E-1 3.23058E-1 3.25107E-1 3.28419E-1 3.29354E-1 3.26362E-1 3.34151E-1 3.30671E-1 3.34642E-1 3.393E-1 3.38038E-1 3.43473E-1 3.47094E-1 3.52431E-1 3.46623E-1 3.53022E-1 3.53343E-1 3.49366E-1 3.47692E-1 3.53982E-1 3.61939E-1 3.65024E-1 3.52884E-1 3.63152E-1 3.62969E-1 3.51243E-1 3.43935E-1 3.36406E-1 3.35817E-1 3.37673E-1 3.44536E-1 3.49742E-1 3.51649E-1 3.47421E-1 3.48197E-1 3.56302E-1 3.58786E-1 3.70507E-1 3.6611E-1 3.65115E-1 3.59588E-1 3.56689E-1 3.54002E-1 3.53843E-1 3.55779E-1 3.53304E-1 3.48442E-1 3.3845E-1 3.09986E-1 2.94557E-1 2.95698E-1 2.81258E-1 2.76424E-1 2.80538E-1 3.48648E-1
3.49639E-1 3.3185E-1 3.31762E-1 3.342E-1 3.3529E-1 3.36096E-1 3.33834E-1 3.34439E-1 3.32298E-1 3.37281E-1 3.37604E-1 3.34362E-1 3.37531E-1 3.37621E-1 3.3985E-1 3.4801E-1 3.45979E-1 3.43091E-1 3.52828E-1 3.63084E-1 3.66364E-1 3.61201E-1 3.60948E-1 3.6053E-1 3.70079E-1 3.70362E-1 3.72016E-1 3.70144E-1 3.61002E-1 3.66637E-1 3.66365E-1 3.63366E-1 3.57804E-1 3.5471E-1 3.50404E-1 3.56709E-1 3.53685E-1 3.6382E-1 3.67413E-1 3.59089E-1 3.61277E-1 3.61064E-1 3.73883E-1 3.77849E-1 3.71155E-1 3.67623E-1 3.64113E-1 3.57957E-1 3.56059E-1 3.57872E-1 3.58252E-1 3.55362E-1 3.47724E-1 3.21051E-1 2.85791E-1 2.71496E-1 2.80223E-1 2.58303E-1 2.55592E-1 3.08051E-1 3.42954E-1
3.42131E-1 3.38829E-1 3.38941E-1 3.40979E-1 3.41398E-1 3.41949E-1 3.45069E-1 3.41057E-1 3.39645E-1 3.4198E-1 3.42926E-1 3.41345E-1 3.49066E-1 3.52213E-1 3.49527E-1 3.52229E-1 3.51313E-1 3.47946E-1 3.48664E-1 3.55697E-1 3.68176E-1 3.74718E-1 3.67427E-1 3.74807E-1 3.68157E-1 3.72123E-1 3.68522E-1 3.67746E-1 3.68223E-1 3.70827E-1 3.6941E-1 3.64506E-1 3.55972E-1 3.53051E-1 3.55449E-1 3.6199E-1 3.64432E-1 3.61465E-1 3.6722E-1 3.74174E-1 3.69145E-1 3.66905E-1 3.79857E-1 3.79631E-1 3.8461E-1 3.7508E-1 3.76207E-1 3.71015E-1 3.66581E-1 3.62242E-1 3.61274E-1 3.48187E-1 3.26961E-1 3.06048E-1 2.66623E-1 2.62139E-1 2.48398E-1 2.58993E-1 2.72126E-1 3.09788E-1 3.31537E-1
3.3975E-1 3.42867E-1 3.43189E-1 3.42756E-1 3.43353E-1 3.4694E-1 3.52576E-1 3.48868E-1 3.48502E-1 3.60395E-1 3.54304E-1 3.55017E-1 3.60737E-1 3.57668E-1 3.5949E-1 3.60917E-1 3.69122E-1 3.63725E-1 3.66189E-1 3.67319E-1 3.77969E-1 3.84035E-1 3.82957E-1 3.73632E-1 3.63592E-1 3.65394E-1 3.79512E-1 3.7587E-1 3.74464E-1 3.70897E-1 3.66113E-1 3.67102E-1 3.65147E-1 3.51401E-1 3.58697E-1 3.57528E-1 3.59942E-1 3.60916E-1 3.69462E-1 3.71694E-1 3.84828E-1 3.86565E-1 3.86242E-1 3.83488E-1 3.92951E-1 4.00006E-1 3.93744E-1 3.83559E-1 3.72937E-1 3.64215E-1 3.46335E-1 3.13143E-1 2.92358E-1 2.79104E-1 2.5433E-1 2.51525E-1 2.60981E-1 2.63286E-1 2.79181E-1 3.09036E-1 3.20877E-1
3.4758E-1 3.48342E-1 3.56109E-1 3.47271E-1 3.47924E-1 3.53143E-1 3.55727E-1 3.58462E-1 3.66534E-1 3.57538E-1 3.5548E-1 3.61118E-1 3.70592E-1 3.68396E-1 3.63534E-1 3.70639E-1 3.74021E-1 3.77176E-1 3.86601E-1 3.80064E-1 3.95504E-1 4.17558E-1 3.97261E-1 3.78496E-1 3.66084E-1 3.67335E-1 3.81896E-1 3.76686E-1 3.71268E-1 3.66168E-1 3.6443E-1 3.63931E-1 3.63134E-1 3.62604E-1 3.62586E-1 3.62224E-1 3.58448E-1 3.67595E-1 3.75313E-1 3.80486E-1 3.87754E-1 3.903E-1 3.89646E-1 3.87434E-1 3.89244E-1 3.93247E-1 3.95344E-1 3.83115E-1 3.69417E-1 3.63909E-1 3.36307E-1 3.02248E-1 2.80989E-1 2.5704E-1 2.50552E-1 2.73176E-1 2.7865E-1 2.92659E-1 3.21643E-1 3.34071E-1 3.54215E-1
3.63923E-1 3.57069E-1 3.72995E-1 3.52634E-1 3.55049E-1 3.55957E-1 3.62385E-1 3.63754E-1 3.73694E-1 3.67475E-1 3.73263E-1 3.73355E-1 3.74052E-1 3.75767E-1 3.76549E-1 3.80204E-1 3.86645E-1 3.914E-1 3.97339E-1 3.92053E-1 4.10218E-1 4.13636E-1 3.96243E-1 3.89097E-1 3.84442E-1 3.82834E-1 3.83997E-1 3.78588E-1 3.75546E-1 3.72319E-1 3.68172E-1 3.68148E-1 3.62737E-1 3.68764E-1 3.78153E-1 3.79599E-1 3.63205E-1 3.71998E-1 3.80054E-1 3.92043E-1 3.96879E-1 3.95131E-1 3.90999E-1 3.93166E-1 3.84817E-1 3.8498E-1 3.76256E-1 3.68335E-1 3.68744E-1 3.47288E-1 3.16904E-1 2.87294E-1 2.62723E-1 2.72575E-1 2.90922E-1 2.89336E-1 3.12455E-1 3.28788E-1 3.5344E-1 3.63036E-1 3.61356E-1
3.7117E-1 3.71198E-1 3.68505E-1 3.62199E-1 3.63298E-1 3.64664E-1 3.69302E-1 3.83116E-1 3.83334E-1 3.85354E-1 3.937E-1 3.87405E-1 3.8096E-1 3.79245E-1 3.85542E-1 3.92099E-1 3.96469E-1 3.87415E-1 3.84572E-1 3.98469E-1 4.12597E-1 4.19132E-1 4.11732E-1 3.92771E-1 3.93413E-1 3.96044E-1 3.90415E-1 3.92277E-1 3.82301E-1 3.83341E-1 3.83189E-1 3.83724E-1 3.84966E-1 3.81219E-1 3.70047E-1 3.66646E-1 3.71122E-1 3.79819E-1 3.89339E-1 3.96287E-1 4.02086E-1 4.03332E-1 3.91331E-1 3.9698E-1 3.86489E-1 3.69832E-1 3.59365E-1 3.48447E-1 3.43067E-1 3.43162E-1 3.07725E-1 2.96754E-1 3.02872E-1 3.09477E-1 3.13524E-1 3.26593E-1 3.40486E-1 3.73325E-1 3.71512E-1 3.91641E-1 3.68725E-1
3.86141E-1 3.86885E-1 3.74169E-1 3.71844E-1 3.72135E-1 3.75549E-1 3.80657E-1 3.9545E-1 3.97863E-1 3.91003E-1 3.89082E-1 3.89447E-1 3.87706E-1 3.89391E-1 3.87915E-1 3.89849E-1 3.86645E-1 3.81783E-1 3.86576E-1 3.92095E-1 3.95364E-1 4.10368E-1 4.15685E-1 4.02113E-1 3.9693E-1 3.97282E-1 3.93031E-1 3.95848E-1 4.014E-1 3.98174E-1 3.86948E-1 3.96746E-1 3.99722E-1 3.88704E-1 3.80654E-1 3.77501E-1 3.83825E-1 3.91482E-1 4.02215E-1 4.0985E-1 4.0128E-1 4.0671E-1 4.06305E-1 3.89896E-1 3.85037E-1 3.6842E-1 3.52904E-1 3.45606E-1 3.36759E-1 3.25915E-1 3.37996E-1 3.31685E-1 3.3936E-1 3.23769E-1 3.32887E-1 3.67539E-1 3.81106E-1 4.02679E-1 3.98333E-1 4.16786E-1 3.92601E-1
3.85286E-1 3.85246E-1 3.84255E-1 3.83135E-1 3.88918E-1 3.95989E-1 4.01736E-1 4.08975E-1 4.00256E-1 4.02046E-1 4.0299E-1 4.01237E-1 3.96959E-1 3.95659E-1 3.98878E-1 3.95512E-1 3.9084E-1 3.90139E-1 3.88396E-1 3.942E-1 3.93656E-1 3.94254E-1 4.10723E-1 4.06033E-1 3.98645E-1 4.01573E-1 4.0202E-1 3.94712E-1 3.98699E-1 3.97645E-1 3.99318E-1 4.0244E-1 4.00443E-1 3.9365E-1 3.98274E-1 4.0188E-1 3.96368E-1 3.95733E-1 4.06485E-1 4.16199E-1 4.16434E-1 4.11204E-1 4.10282E-1 3.99314E-1 3.89253E-1 3.83273E-1 3.66607E-1 3.56908E-1 3.4266E-1 3.33296E-1 3.60002E-1 3.60227E-1 3.4687E-1 3.29423E-1 3.47036E-1 3.76793E-1 4.18098E-1 4.20679E-1 4.27233E-1 4.39002E-1 4.47472E-1
3.83906E-1 3.82026E-1 3.93514E-1 3.97171E-1 3.98421E-1 4.07882E-1 4.1045E-1 4.12408E-1 4.12066E-1 4.13209E-1 4.12124E-1 4.06946E-1 4.04975E-1 4.09322E-1 4.05934E-1 4.01758E-1 3.97086E-1 3.90402E-1 3.92566E-1 4.02408E-1 4.0538E-1 4.03114E-1 4.05608E-1 4.03612E-1 4.0711E-1 4.11157E-1 4.08346E-1 4.05222E-1 4.02878E-1 4.02488E-1 4.00663E-1 3.9448E-1 3.88262E-1 3.98574E-1 4.07907E-1 4.11272E-1 4.03221E-1 4.02761E-1 4.13806E-1 4.2096E-1 4.21396E-1 4.16823E-1 4.04606E-1 3.96296E-1 3.86467E-1 3.80874E-1 3.71533E-1 3.59183E-1 3.45478E-1 3.49336E-1 3.67142E-1 3.68247E-1 3.32813E-1 3.47737E-1 3.64059E-1 4.04469E-1 4.30761E-1 4.36578E-1 4.34975E-1 4.48851E-1 4.61462E-1
3.95082E-1 3.94516E-1 4.05962E-1 4.0384E-1 4.11226E-1 4.1782E-1 4.14146E-1 4.10417E-1 4.17538E-1 4.22513E-1 4.20192E-1 4.21888E-1 4.15154E-1 4.13195E-1 4.12875E-1 4.08183E-1 4.04511E-1 4.02676E-1 4.07142E-1 4.14355E-1 4.13979E-1 4.10361E-1 4.11533E-1 4.11071E-1 4.30143E-1 4.18931E-1 4.18842E-1 4.10688E-1 4.03241E-1 4.08832E-1 4.14561E-1 3.98853E-1 3.96215E-1 4.062E-1 4.07006E-1 4.11671E-1 4.0966E-1 4.1305E-1 4.13617E-1 4.10592E-1 4.07322E-1 4.05919E-1 3.98236E-1 3.89402E-1 3.74524E-1 3.66623E-1 3.69423E-1 3.52945E-1 3.52119E-1 3.61556E-1 3.64222E-1 3.74512E-1 3.78893E-1 3.75456E-1 4.0256E-1 4.33522E-1 4.52872E-1 4.55064E-1 4.52453E-1 4.52487E-1 4.55937E-1
4.10605E-1 4.16285E-1 4.0081E-1 4.16027E-1 4.30271E-1 4.3384E-1 4.37685E-1 4.416E-1 4.22938E-1 4.21896E-1 4.2006E-1 4.17977E-1 4.17142E-1 4.12826E-1 4.13119E-1 4.10329E-1 4.11454E-1 4.07167E-1 4.04906E-1 4.11914E-1 4.12739E-1 4.1224E-1 4.2077E-1 4.23564E-1 4.1977E-1 4.17644E-1 4.23623E-1 4.25303E-1 4.23887E-1 4.23348E-1 4.21752E-1 4.01043E-1 4.0034E-1 4.08197E-1 4.02068E-1 4.00933E-1 3.98554E-1 4.08812E-1 4.10911E-1 3.87005E-1 3.87739E-1 3.91825E-1 3.90693E-1 3.8162E-1 3.68524E-1 3.62025E-1 3.51688E-1 3.36335E-1 3.42668E-1 3.56212E-1 3.73514E-1 3.80008E-1 3.86044E-1 3.7155E-1 3.76032E-1 3.98378E-1 4.43222E-1 4.65917E-1 4.92777E-1 4.73346E-1 4.67086E-1
3.97582E-1 4.17108E-1 4.1038E-1 4.15141E-1 4.23838E-1 4.28615E-1 4.56415E-1 4.60531E-1 4.45838E-1 4.14356E-1 4.09033E-1 4.07512E-1 4.11017E-1 4.09221E-1 4.09019E-1 4.08755E-1 4.08916E-1 4.10716E-1 4.18289E-1 4.33049E-1 4.23645E-1 4.22558E-1 4.31478E-1 4.38208E-1 4.39912E-1 4.59096E-1 4.6324E-1 4.42472E-1 4.42537E-1 4.31189E-1 4.28705E-1 4.10494E-1 4.08508E-1 4.04786E-1 3.91603E-1 3.87364E-1 3.89383E-1 3.81654E-1 3.73022E-1 3.84992E-1 3.69712E-1 3.89953E-1 3.88068E-1 3.75276E-1 3.66341E-1 3.62288E-1 3.68091E-1 3.57351E-1 3.53829E-1 3.66581E-1 3.78472E-1 3.82982E-1 3.68129E-1 3.65455E-1 3.84485E-1 4.31898E-1 4.44185E-1 4.57803E-1 4.62281E-1 4.60302E-1 4.68307E-1
4.0629E-1 4.20044E-1 4.09993E-1 4.12371E-1 4.17834E-1 4.20397E-1 4.31851E-1 4.53182E-1 4.47321E-1 4.13976E-1 4.06458E-1 4.05177E-1 4.07558E-1 4.0942E-1 4.09691E-1 4.11948E-1 4.16287E-1 4.21763E-1 4.30412E-1 4.36375E-1 4.29323E-1 4.29072E-1 4.42198E-1 4.4872E-1 4.45137E-1 4.44337E-1 4.38898E-1 4.34571E-1 4.30221E-1 4.19041E-1 4.16379E-1 4.14195E-1 4.0776E-1 4.03166E-1 3.95441E-1 3.86291E-1 3.90859E-1 3.88971E-1 3.95675E-1 3.97671E-1 4.0579E-1 3.9283E-1 3.92914E-1 3.84649E-1 3.78312E-1 3.68681E-1 3.5375E-1 3.45582E-1 3.49515E-1 3.65085E-1 3.73285E-1 3.63123E-1 3.62859E-1 3.62817E-1 4.29594E-1 4.50528E-1 4.55359E-1 4.61347E-1 4.58154E-1 4.68952E-1 4.80652E-1
4.21479E-1 4.18279E-1 4.09421E-1 4.11455E-1 4.14837E-1 4.18285E-1 4.21095E-1 4.54604E-1 4.42948E-1 4.22262E-1 4.16194E-1 4.16722E-1 4.18189E-1 4.19055E-1 4.19671E-1 4.22409E-1 4.24723E-1 4.29967E-1 4.37837E-1 4.36237E-1 4.35598E-1 4.35932E-1 4.50145E-1 4.68047E-1 4.70832E-1 4.44481E-1 4.31917E-1 4.20282E-1 4.147E-1 4.07804E-1 4.07938E-1 4.08046E-1 3.92738E-1 3.93069E-1 3.94899E-1 3.95908E-1 3.9698E-1 4.05994E-1 4.11113E-1 4.17839E-1 4.29951E-1 4.20148E-1 4.06471E-1 4.01518E-1 3.74339E-1 3.59976E-1 3.28404E-1 3.44163E-1 3.52489E-1 3.6007E-1 3.75073E-1 4.02952E-1 4.21921E-1 4.27504E-1 4.43793E-1 4.52571E-1 4.6605E-1 4.73794E-1 4.81012E-1 4.94859E-1 4.96381E-1
4.25852E-1 4.18112E-1 4.19076E-1 4.22187E-1 4.23648E-1 4.20642E-1 4.2519E-1 4.61489E-1 4.36501E-1 4.29185E-1 4.27609E-1 4.26442E-1 4.28611E-1 4.25177E-1 4.28325E-1 4.3318E-1 4.3764E-1 4.41871E-1 4.42279E-1 4.48126E-1 4.49245E-1 4.55672E-1 4.57604E-1 4.48264E-1 4.44439E-1 4.40461E-1 4.12003E-1 4.07343E-1 4.06311E-1 3.99385E-1 3.95177E-1 4.10477E-1 4.25787E-1 4.16453E-1 4.12154E-1 4.18511E-1 4.2582E-1 4.28963E-1 4.29659E-1 4.31961E-1 4.16288E-1 4.34787E-1 4.22847E-1 3.91769E-1 3.68589E-1 3.4696E-1 3.40039E-1 3.46486E-1 3.62965E-1 3.95361E-1 4.20078E-1 4.34865E-1 4.44605E-1 4.51783E-1 4.68949E-1 4.7268E-1 4.84526E-1 4.94855E-1 4.96664E-1 5.0518E-1 5.11075E-1
4.2985E-1 4.28697E-1 4.25805E-1 4.29282E-1 4.28184E-1 4.27559E-1 4.28182E-1 4.4259E-1 4.48028E-1 4.23835E-1 4.26259E-1 4.28021E-1 4.35389E-1 4.3939E-1 4.44772E-1 4.65322E-1 4.73889E-1 4.50725E-1 4.45389E-1 4.48344E-1 4.57741E-1 4.59597E-1 4.45097E-1 4.38666E-1 4.31694E-1 4.10817E-1 4.02551E-1 4.0356E-1 4.02287E-1 3.89728E-1 4.00235E-1 4.49446E-1 4.50783E-1 4.32555E-1 4.26878E-1 4.5598E-1 4.59064E-1 4.35192E-1 4.35101E-1 4.22808E-1 4.15145E-1 4.19457E-1 4.0431E-1 3.77245E-1 3.57855E-1 3.43162E-1 3.49051E-1 3.86699E-1 4.26002E-1 4.32343E-1 4.42119E-1 4.5207E-1 4.63953E-1 4.7457E-1 4.86178E-1 5.01285E-1 4.94318E-1 5.04954E-1 5.04783E-1 5.08708E-1 5.08273E-1
4.46299E-1 4.41003E-1 4.39542E-1 4.39212E-1 4.36118E-1 4.33746E-1 4.29773E-1 4.34494E-1 4.52794E-1 4.26547E-1 4.27173E-1 4.26839E-1 4.31314E-1 4.36101E-1 4.59656E-1 4.84999E-1 4.856E-1 4.48323E-1 4.44461E-1 4.45467E-1 4.54506E-1 4.65885E-1 4.39598E-1 4.37733E-1 4.10481E-1 3.96109E-1 3.96398E-1 4.02841E-1 4.14276E-1 4.10756E-1 4.40838E-1 4.50048E-1 4.49674E-1 4.41957E-1 4.38932E-1 4.5076E-1 4.55099E-1 4.46689E-1 4.42867E-1 4.25229E-1 4.00411E-1 3.97078E-1 3.68392E-1 3.40697E-1 3.34655E-1 3.84527E-1 4.12619E-1 4.36848E-1 4.38768E-1 4.39738E-1 4.49516E-1 4.62423E-1 4.79575E-1 4.95038E-1 5.13851E-1 5.01319E-1 5.18611E-1 5.23169E-1 5.15695E-1 5.22104E-1 5.18931E-1
