maxent_outputs/hummingbirds/hummingbird_125.asc
ncols         426
nrows         180
xllcorner     -130.0
yllcorner     24.0
cellsize      0.16666666666666666
NODATA_value  -9999
[rows 54 to 80 of 180, columns 122 to 182 of 426]
4.22885E-1 4.26812E-1 4.07545E-1 3.67337E-1 3.7866E-1 3.40681E-1 3.19915E-1 3.23896E-1 3.49276E-1 3.80841E-1 4.02621E-1 4.25735E-1 4.45502E-1 4.19909E-1 3.64507E-1 3.48757E-1 3.33933E-1 3.54584E-1 3.61975E-1 3.54032E-1 3.41975E-1 3.4331E-1 3.40479E-1 3.45573E-1 3.52061E-1 3.58128E-1 3.5386E-1 3.42961E-1 3.47084E-1 3.51577E-1 3.72301E-1 3.81667E-1 3.92505E-1 3.86278E-1 3.81659E-1 3.80204E-1 3.91641E-1 3.88472E-1 3.79098E-1 3.55526E-1 3.39932E-1 3.25831E-1 3.2396E-1 3.33239E-1 3.33163E-1 3.32702E-1 3.30803E-1 3.30998E-1 3.33327E-1 3.40367E-1 3.4673E-1 3.47267E-1 3.45838E-1 3.5274E-1 3.51165E-1 3.74058E-1 3.34008E-1 3.31013E-1 3.26442E-1 3.2154E-1 3.18184E-1
4.34065E-1 4.27057E-1 4.16299E-1 4.13042E-1 3.93948E-1 3.67582E-1 3.33291E-1 3.31611E-1 3.45568E-1 3.56465E-1 3.84578E-1 4.02119E-1 4.1574E-1 4.32382E-1 4.31989E-1 3.62332E-1 3.46644E-1 3.48372E-1 3.56616E-1 3.5165E-1 3.41066E-1 3.42373E-1 3.45772E-1 3.40371E-1 3.39224E-1 3.48287E-1 3.47263E-1 3.41416E-1 3.47532E-1 3.62899E-1 3.62109E-1 3.86108E-1 3.98679E-1 3.9299E-1 3.89085E-1 3.97388E-1 3.93626E-1 4.02129E-1 3.76034E-1 3.60635E-1 3.47083E-1 3.55409E-1 3.49853E-1 3.42117E-1 3.37064E-1 3.37546E-1 3.43908E-1 3.42068E-1 3.36683E-1 3.42604E-1 3.45723E-1 3.56662E-1 3.72617E-1 3.98894E-1 4.21013E-1 3.53173E-1 3.3864E-1 3.34181E-1 3.29304E-1 3.21765E-1 3.19688E-1
4.46871E-1 4.36639E-1 4.16998E-1 4.08889E-1 3.85518E-1 3.71873E-1 3.39266E-1 3.22048E-1 3.08915E-1 3.19162E-1 3.32073E-1 3.66638E-1 3.8662E-1 4.02831E-1 4.40072E-1 4.28903E-1 4.22649E-1 3.57338E-1 3.44132E-1 3.43609E-1 3.51984E-1 3.49559E-1 3.45305E-1 3.45972E-1 3.43967E-1 3.54638E-1 3.44517E-1 3.40291E-1 3.33216E-1 3.36717E-1 3.61821E-1 4.0171E-1 3.84866E-1 3.8898E-1 3.92125E-1 3.93826E-1 4.10718E-1 4.15828E-1 4.00522E-1 3.79255E-1 3.66799E-1 3.57573E-1 3.63377E-1 3.70476E-1 3.68014E-1 3.66097E-1 3.64553E-1 3.6581E-1 3.58338E-1 3.55899E-1 3.59335E-1 3.56652E-1 3.57738E-1 3.65015E-1 4.24593E-1 3.63581E-1 3.41759E-1 3.37891E-1 3.32126E-1 3.29996E-1 3.30931E-1
4.37381E-1 4.13546E-1 4.22332E-1 4.04208E-1 3.8532E-1 3.6179E-1 3.49508E-1 3.32345E-1 3.11638E-1 3.00923E-1 3.05273E-1 3.48839E-1 3.73386E-1 3.89417E-1 4.11987E-1 4.38091E-1 4.33206E-1 3.60791E-1 3.54309E-1 3.47346E-1 3.4767E-1 3.51434E-1 3.48614E-1 3.41009E-1 3.46066E-1 3.42632E-1 3.5066E-1 3.31757E-1 3.2547E-1 3.32783E-1 3.49104E-1 3.46054E-1 3.44746E-1 4.05981E-1 4.16235E-1 4.1523E-1 4.21638E-1 4.05533E-1 4.02745E-1 3.98033E-1 3.91446E-1 3.70867E-1 3.67633E-1 3.73394E-1 3.77393E-1 3.79719E-1 3.69904E-1 3.62184E-1 3.57272E-1 3.57186E-1 3.56866E-1 3.48073E-1 3.49044E-1 3.55783E-1 3.82918E-1 3.84416E-1 3.48891E-1 3.41284E-1 3.35346E-1 3.32795E-1 3.34479E-1
4.50204E-1 4.38359E-1 4.30068E-1 3.51061E-1 3.39794E-1 3.45163E-1 3.45786E-1 3.36174E-1 3.25173E-1 3.08772E-1 2.98566E-1 3.13314E-1 3.50963E-1 3.72965E-1 3.94057E-1 4.1627E-1 4.16965E-1 3.73682E-1 3.51942E-1 3.4539E-1 3.51409E-1 3.46956E-1 3.41256E-1 3.40215E-1 3.42155E-1 3.40368E-1 3.44642E-1 3.34013E-1 3.32932E-1 3.23649E-1 3.22192E-1 3.22282E-1 3.48657E-1 3.64654E-1 3.81125E-1 3.91401E-1 3.97E-1 4.11923E-1 3.94839E-1 3.97621E-1 3.97137E-1 3.87623E-1 3.79304E-1 3.7065E-1 3.84188E-1 3.68505E-1 3.59341E-1 3.54859E-1 3.5531E-1 3.53618E-1 3.49353E-1 3.55917E-1 3.60882E-1 3.63317E-1 3.63798E-1 3.58987E-1 3.57831E-1 3.61512E-1 3.61636E-1 3.5095E-1 3.53315E-1
4.33395E-1 4.3178E-1 3.97044E-1 3.4439E-1 3.41402E-1 3.40558E-1 3.349E-1 3.25272E-1 3.02181E-1 3.0121E-1 2.98107E-1 3.0653E-1 3.17657E-1 3.39292E-1 3.75139E-1 3.89728E-1 4.04003E-1 3.65293E-1 3.43103E-1 3.41769E-1 3.46503E-1 3.51094E-1 3.44721E-1 3.42005E-1 3.37734E-1 3.39302E-1 3.45559E-1 3.40576E-1 3.36754E-1 3.36236E-1 3.28828E-1 3.41764E-1 3.49873E-1 3.50711E-1 3.64661E-1 3.85625E-1 3.96089E-1 4.12018E-1 3.97987E-1 3.91352E-1 3.9329E-1 3.88864E-1 3.82614E-1 3.78093E-1 3.69999E-1 3.5976E-1 3.6053E-1 3.55262E-1 3.53268E-1 3.51598E-1 3.56544E-1 3.61682E-1 3.64888E-1 3.64572E-1 3.59834E-1 3.52354E-1 3.56355E-1 3.51648E-1 3.63026E-1 3.6918E-1 3.85812E-1
4.28172E-1 4.17519E-1 4.31891E-1 4.0563E-1 3.59695E-1 3.39501E-1 3.3416E-1 3.32907E-1 3.26569E-1 3.04254E-1 2.94545E-1 3.06074E-1 3.28505E-1 3.08548E-1 3.44895E-1 3.61697E-1 3.96888E-1 3.66299E-1 3.48448E-1 3.38014E-1 3.41583E-1 3.57706E-1 3.55847E-1 3.46585E-1 3.39392E-1 3.42964E-1 3.43783E-1 3.49136E-1 3.3968E-1 3.40798E-1 3.35993E-1 3.39872E-1 3.70404E-1 3.72369E-1 3.43946E-1 3.67535E-1 3.97681E-1 4.2229E-1 3.97375E-1 3.84214E-1 3.80444E-1 3.70289E-1 3.71897E-1 3.77099E-1 3.85067E-1 3.61326E-1 3.53539E-1 3.54842E-1 3.61967E-1 3.65867E-1 3.66413E-1 3.65721E-1 3.63377E-1 3.64426E-1 3.65699E-1 3.66304E-1 3.67711E-1 3.63747E-1 3.58732E-1 3.58308E-1 3.53179E-1
4.22123E-1 4.13654E-1 4.16461E-1 4.26821E-1 3.55488E-1 3.27961E-1 3.27035E-1 3.22161E-1 3.0576E-1 3.03532E-1 3.0962E-1 3.12346E-1 3.28369E-1 3.18043E-1 3.39537E-1 3.65876E-1 3.77064E-1 3.56234E-1 3.40729E-1 3.41749E-1 3.53637E-1 3.54789E-1 3.51927E-1 3.52321E-1 3.43299E-1 3.46041E-1 3.50912E-1 3.45583E-1 3.3872E-1 3.35838E-1 3.34057E-1 3.34603E-1 3.40352E-1 3.61404E-1 3.51883E-1 3.76681E-1 3.89896E-1 4.08248E-1 3.86346E-1 3.74399E-1 3.67714E-1 3.6862E-1 3.78787E-1 3.74541E-1 3.66709E-1 3.6852E-1 3.80934E-1 3.70567E-1 3.6976E-1 3.70782E-1 3.71183E-1 3.66389E-1 3.6551E-1 3.71352E-1 3.76533E-1 3.70944E-1 3.67875E-1 3.6811E-1 3.69434E-1 3.75554E-1 3.75854E-1
3.74876E-1 3.57204E-1 3.92322E-1 3.69356E-1 3.4539E-1 3.48725E-1 3.40725E-1 3.35594E-1 3.31007E-1 3.39969E-1 3.38772E-1 3.40983E-1 3.39717E-1 3.47841E-1 3.55803E-1 3.71127E-1 3.58678E-1 3.43947E-1 3.45471E-1 3.50006E-1 3.54822E-1 3.58819E-1 3.47253E-1 3.42012E-1 3.44611E-1 3.44063E-1 3.5541E-1 3.62082E-1 3.43275E-1 3.32668E-1 3.35258E-1 3.43093E-1 3.37781E-1 3.49114E-1 3.59427E-1 3.69081E-1 3.89474E-1 3.96702E-1 3.77497E-1 3.69288E-1 3.69085E-1 3.75874E-1 3.68348E-1 3.61017E-1 3.75364E-1 3.82374E-1 3.87438E-1 3.89E-1 3.85507E-1 3.76921E-1 3.78227E-1 3.74391E-1 3.74153E-1 3.86182E-1 3.87252E-1 3.81256E-1 3.82526E-1 3.82499E-1 3.80842E-1 3.82971E-1 3.83287E-1
4.31788E-1 3.92699E-1 4.00399E-1 3.8763E-1 3.65767E-1 3.29324E-1 3.17355E-1 3.13909E-1 3.25079E-1 3.39605E-1 3.39616E-1 3.09867E-1 3.18549E-1 3.34677E-1 3.5986E-1 3.64797E-1 3.5162E-1 3.45855E-1 3.34045E-1 3.42105E-1 3.36287E-1 3.4399E-1 3.45928E-1 3.48193E-1 3.54551E-1 3.51169E-1 3.54955E-1 3.51298E-1 3.53E-1 3.55495E-1 3.51977E-1 3.42643E-1 3.38347E-1 3.40033E-1 3.50877E-1 3.65101E-1 3.7766E-1 3.83996E-1 3.69509E-1 3.62784E-1 3.57297E-1 3.47257E-1 3.46263E-1 3.66236E-1 3.72881E-1 3.7267E-1 3.7655E-1 3.72914E-1 3.71254E-1 3.70057E-1 3.7395E-1 3.76513E-1 3.81828E-1 3.91703E-1 3.82378E-1 3.87525E-1 3.87239E-1 3.91502E-1 3.89595E-1 3.85576E-1 3.85512E-1
4.46043E-1 4.22954E-1 3.68456E-1 3.60665E-1 3.37153E-1 3.17514E-1 3.12771E-1 2.93843E-1 2.91152E-1 2.96891E-1 3.02929E-1 3.10083E-1 3.12896E-1 3.18852E-1 3.31407E-1 3.48627E-1 3.45796E-1 3.41111E-1 3.31922E-1 3.35681E-1 3.39805E-1 3.41414E-1 3.51006E-1 3.56789E-1 3.63723E-1 3.61716E-1 3.51427E-1 3.50575E-1 3.54573E-1 3.53429E-1 3.48358E-1 3.42222E-1 3.43743E-1 3.51157E-1 3.45811E-1 3.49846E-1 3.53636E-1 3.59125E-1 3.5411E-1 3.5582E-1 3.48433E-1 3.51555E-1 3.68766E-1 3.66469E-1 3.54205E-1 3.53085E-1 3.54608E-1 3.66674E-1 3.58251E-1 3.50989E-1 3.62734E-1 3.78239E-1 3.90285E-1 3.77517E-1 3.71264E-1 3.71434E-1 3.80607E-1 3.81242E-1 3.82704E-1 3.84028E-1 3.83118E-1
4.53602E-1 4.16162E-1 4.26589E-1 3.454E-1 3.159E-1 3.04345E-1 2.9295E-1 2.88665E-1 2.91965E-1 2.97751E-1 3.04853E-1 3.1826E-1 3.30352E-1 3.31726E-1 3.32476E-1 3.34225E-1 3.29339E-1 3.2934E-1 3.23923E-1 3.30903E-1 3.34484E-1 3.34322E-1 3.47636E-1 3.52807E-1 3.62472E-1 3.70914E-1 3.67754E-1 3.60408E-1 3.50526E-1 3.53205E-1 3.47685E-1 3.50896E-1 3.52025E-1 3.52998E-1 3.51545E-1 3.45186E-1 3.37914E-1 3.48097E-1 3.50284E-1 3.56606E-1 3.52778E-1 3.57649E-1 3.53242E-1 3.50727E-1 3.46418E-1 3.49295E-1 3.49459E-1 3.58134E-1 3.64825E-1 3.63647E-1 3.62458E-1 3.6654E-1 3.63283E-1 3.64085E-1 3.65779E-1 3.72815E-1 3.76158E-1 3.80863E-1 3.83315E-1 3.85236E-1 3.82562E-1
3.7029E-1 4.06373E-1 4.19539E-1 4.14063E-1 3.30849E-1 2.92764E-1 2.89198E-1 2.89971E-1 2.98054E-1 3.13644E-1 3.21577E-1 3.31905E-1 3.40846E-1 3.46688E-1 3.44672E-1 3.37314E-1 3.36251E-1 3.3306E-1 3.39374E-1 3.51759E-1 3.60622E-1 3.4649E-1 3.45944E-1 3.54852E-1 3.50114E-1 3.54805E-1 3.58791E-1 3.62339E-1 3.54459E-1 3.49813E-1 3.51872E-1 3.53598E-1 3.54459E-1 3.53615E-1 3.51376E-1 3.40602E-1 3.46339E-1 3.52617E-1 3.52828E-1 3.49268E-1 3.46416E-1 3.58326E-1 3.57653E-1 3.52968E-1 3.50815E-1 3.49467E-1 3.54386E-1 3.54291E-1 3.59057E-1 3.62273E-1 3.62105E-1 3.66764E-1 3.67022E-1 3.66993E-1 3.68883E-1 3.76988E-1 3.82191E-1 3.89321E-1 3.91042E-1 3.92695E-1 3.93165E-1
2.82049E-1 3.6186E-1 3.94676E-1 4.15447E-1 4.1493E-1 3.32543E-1 2.99966E-1 3.04905E-1 3.17576E-1 3.15743E-1 3.15334E-1 3.24202E-1 3.13988E-1 3.16625E-1 3.3956E-1 3.42242E-1 3.39913E-1 3.40853E-1 3.42901E-1 3.59739E-1 3.84787E-1 3.66678E-1 3.7161E-1 3.68518E-1 3.66822E-1 3.60649E-1 3.42418E-1 3.40578E-1 3.3324E-1 3.32346E-1 3.5144E-1 3.42741E-1 3.30978E-1 3.28394E-1 3.41991E-1 3.5086E-1 3.60923E-1 3.70778E-1 3.71072E-1 3.72058E-1 3.74571E-1 3.55853E-1 3.45362E-1 3.45485E-1 3.47011E-1 3.47042E-1 3.46693E-1 3.52862E-1 3.60711E-1 3.65832E-1 3.65717E-1 3.63241E-1 3.69006E-1 3.72036E-1 3.70969E-1 3.78279E-1 3.85809E-1 3.94093E-1 4.07488E-1 4.07143E-1 4.05402E-1
2.58027E-1 2.71223E-1 3.3953E-1 3.71935E-1 4.0514E-1 3.76665E-1 3.31106E-1 3.23662E-1 3.07593E-1 2.9617E-1 3.11179E-1 3.12673E-1 3.12461E-1 3.18107E-1 3.3014E-1 3.29489E-1 3.1731E-1 3.47445E-1 3.41997E-1 3.4094E-1 3.51047E-1 3.68563E-1 3.95004E-1 3.7889E-1 3.81231E-1 3.7313E-1 3.53885E-1 3.50674E-1 3.42325E-1 3.37722E-1 3.57004E-1 3.54153E-1 3.33597E-1 3.24E-1 3.1859E-1 3.27678E-1 3.47322E-1 3.60091E-1 3.60564E-1 3.56526E-1 3.52169E-1 3.49843E-1 3.42887E-1 3.48445E-1 3.49131E-1 3.49894E-1 3.51387E-1 3.58063E-1 3.63209E-1 3.67495E-1 3.72089E-1 3.73031E-1 3.78568E-1 3.71696E-1 3.72227E-1 3.77298E-1 3.81406E-1 3.90148E-1 3.92084E-1 3.97262E-1 3.85098E-1
2.50008E-1 2.50297E-1 2.62019E-1 2.76063E-1 2.99741E-1 3.13538E-1 3.12413E-1 3.16257E-1 3.05665E-1 3.16593E-1 3.27612E-1 3.40333E-1 3.33785E-1 3.32935E-1 3.37928E-1 3.32763E-1 3.45809E-1 3.44702E-1 3.46022E-1 3.52753E-1 3.19591E-1 3.06393E-1 3.50992E-1 3.88894E-1 4.03244E-1 3.84722E-1 3.8188E-1 3.69501E-1 3.63966E-1 3.5345E-1 3.59243E-1 3.43513E-1 3.31767E-1 3.27819E-1 3.23963E-1 3.25054E-1 3.3042E-1 3.33804E-1 3.4075E-1 3.46351E-1 3.49111E-1 3.43377E-1 3.4671E-1 3.43853E-1 3.49533E-1 3.52642E-1 3.54891E-1 3.59949E-1 3.63482E-1 3.64527E-1 3.68323E-1 3.70651E-1 3.71967E-1 3.66209E-1 3.73621E-1 3.69961E-1 3.74694E-1 3.82431E-1 3.87534E-1 3.88844E-1 3.82102E-1
2.43859E-1 2.50566E-1 2.43575E-1 2.60988E-1 2.87088E-1 3.1446E-1 3.06844E-1 3.02046E-1 3.04748E-1 2.94503E-1 2.86223E-1 2.88745E-1 3.40735E-1 3.26879E-1 3.49893E-1 3.40802E-1 3.49261E-1 3.47613E-1 3.73002E-1 3.58118E-1 3.35572E-1 3.21283E-1 3.1309E-1 3.35685E-1 3.74512E-1 3.92088E-1 3.92386E-1 3.85773E-1 3.75014E-1 3.82697E-1 3.79059E-1 3.69356E-1 3.51623E-1 3.39646E-1 3.32699E-1 3.3476E-1 3.36798E-1 3.33021E-1 3.34129E-1 3.46147E-1 3.53983E-1 3.47327E-1 3.47506E-1 3.45094E-1 3.44954E-1 3.48089E-1 3.48839E-1 3.50855E-1 3.56513E-1 3.61564E-1 3.6323E-1 3.66697E-1 3.69585E-1 3.70095E-1 3.71302E-1 3.64085E-1 3.6409E-1 3.75106E-1 3.78021E-1 3.79685E-1 3.77622E-1
2.70696E-1 2.71337E-1 2.72877E-1 3.10041E-1 3.13401E-1 3.10891E-1 2.90479E-1 2.87544E-1 2.8667E-1 2.89161E-1 2.92778E-1 3.00462E-1 3.14569E-1 3.19011E-1 3.17134E-1 3.31972E-1 3.37205E-1 3.36407E-1 3.65178E-1 3.55105E-1 3.59929E-1 3.44896E-1 3.3037E-1 3.29212E-1 3.54195E-1 3.68615E-1 3.98952E-1 3.92953E-1 3.89387E-1 3.89844E-1 3.8974E-1 3.74685E-1 3.58051E-1 3.47923E-1 3.41281E-1 3.38866E-1 3.43022E-1 3.4473E-1 3.39636E-1 3.43276E-1 3.49494E-1 3.51977E-1 3.49823E-1 3.43165E-1 3.43345E-1 3.47942E-1 3.54169E-1 3.53542E-1 3.6574E-1 3.72965E-1 3.73558E-1 3.70093E-1 3.65865E-1 3.63894E-1 3.68659E-1 3.68554E-1 3.63693E-1 3.65184E-1 3.74294E-1 3.77558E-1 3.73447E-1
2.83873E-1 2.81829E-1 2.9864E-1 3.08284E-1 3.21184E-1 3.0849E-1 2.99343E-1 2.95499E-1 2.97016E-1 3.01178E-1 3.14458E-1 3.24565E-1 3.26551E-1 3.32945E-1 3.47009E-1 3.4801E-1 3.39787E-1 3.33078E-1 3.42678E-1 3.51391E-1 3.60626E-1 3.57618E-1 3.44138E-1 3.35345E-1 3.51286E-1 3.70702E-1 3.93454E-1 3.88056E-1 3.90735E-1 3.86019E-1 3.86927E-1 3.74905E-1 3.62977E-1 3.56946E-1 3.51455E-1 3.53924E-1 3.5092E-1 3.51489E-1 3.56923E-1 3.60334E-1 3.59447E-1 3.53143E-1 3.48029E-1 3.44127E-1 3.46609E-1 3.55038E-1 3.65938E-1 3.71256E-1 3.81761E-1 3.8373E-1 3.81671E-1 3.72624E-1 3.6656E-1 3.6584E-1 3.70816E-1 3.7641E-1 3.75048E-1 3.71901E-1 3.71481E-1 3.69218E-1 3.70319E-1
2.89372E-1 2.85554E-1 3.10293E-1 3.16759E-1 3.24862E-1 3.21748E-1 3.1959E-1 3.05639E-1 3.11023E-1 3.01179E-1 3.13544E-1 3.28196E-1 3.32403E-1 3.37129E-1 3.57889E-1 3.52014E-1 3.45472E-1 3.35687E-1 3.62168E-1 3.82454E-1 3.85134E-1 3.78223E-1 3.58602E-1 3.41633E-1 3.40904E-1 3.6363E-1 3.7663E-1 3.81603E-1 3.86115E-1 3.8017E-1 3.76681E-1 3.80692E-1 3.80534E-1 3.73307E-1 3.61287E-1 3.83055E-1 3.82325E-1 3.70161E-1 3.55088E-1 3.55343E-1 3.60206E-1 3.58011E-1 3.49294E-1 3.45083E-1 3.48858E-1 3.62465E-1 3.78828E-1 3.94319E-1 4.01465E-1 3.93107E-1 3.80246E-1 3.70592E-1 3.63807E-1 3.65641E-1 3.69655E-1 3.74557E-1 3.75911E-1 3.68849E-1 3.70062E-1 3.73885E-1 3.7441E-1
3.008E-1 3.06223E-1 3.18555E-1 3.16204E-1 3.17802E-1 3.28483E-1 3.22441E-1 3.14945E-1 3.19035E-1 3.15943E-1 3.06335E-1 3.23652E-1 3.3469E-1 3.65215E-1 3.60243E-1 3.55538E-1 3.48516E-1 3.25549E-1 3.87075E-1 3.94547E-1 4.30419E-1 4.01016E-1 3.64274E-1 3.40243E-1 3.34187E-1 3.5958E-1 3.82128E-1 3.84095E-1 3.81592E-1 3.75904E-1 3.75181E-1 3.75186E-1 3.70768E-1 3.65011E-1 3.69384E-1 3.68745E-1 3.70842E-1 3.73458E-1 3.72237E-1 3.60018E-1 3.48614E-1 3.52475E-1 3.5254E-1 3.5372E-1 3.57455E-1 3.69098E-1 3.89007E-1 4.10164E-1 4.11711E-1 3.94366E-1 3.77102E-1 3.63564E-1 3.53687E-1 3.59965E-1 3.66587E-1 3.66492E-1 3.69816E-1 3.69692E-1 3.67686E-1 3.75455E-1 3.7914E-1
3.0321E-1 3.12498E-1 3.19673E-1 3.37058E-1 3.27612E-1 3.21161E-1 3.30832E-1 3.11961E-1 3.14006E-1 3.1486E-1 3.14129E-1 3.24036E-1 3.26202E-1 3.57455E-1 3.65267E-1 3.64759E-1 3.47654E-1 3.40232E-1 3.85063E-1 4.40118E-1 4.48136E-1 4.31704E-1 3.7984E-1 3.47121E-1 3.31411E-1 3.53052E-1 3.76565E-1 3.74792E-1 3.73199E-1 3.6707E-1 3.64884E-1 3.75143E-1 3.72105E-1 3.64416E-1 3.58201E-1 3.55411E-1 3.59859E-1 3.65583E-1 3.62416E-1 3.62368E-1 3.59096E-1 3.58885E-1 3.57228E-1 3.57121E-1 3.6225E-1 3.69903E-1 3.827E-1 3.96643E-1 3.98142E-1 3.87502E-1 3.78034E-1 3.65895E-1 3.60085E-1 3.59963E-1 3.59059E-1 3.61618E-1 3.68174E-1 3.68378E-1 3.70891E-1 3.7082E-1 3.78615E-1
3.23503E-1 3.10736E-1 3.24476E-1 3.28113E-1 3.28811E-1 3.19994E-1 3.26357E-1 3.17655E-1 3.14274E-1 3.10709E-1 3.27279E-1 3.2425E-1 3.33677E-1 3.41058E-1 3.74605E-1 4.55461E-1 4.0031E-1 3.57638E-1 3.58734E-1 4.13973E-1 4.43279E-1 4.15707E-1 4.00244E-1 3.65358E-1 3.44591E-1 3.62333E-1 3.73413E-1 3.67703E-1 3.70621E-1 3.67017E-1 3.65716E-1 3.70375E-1 3.66925E-1 3.58785E-1 3.56797E-1 3.57103E-1 3.54864E-1 3.52223E-1 3.53252E-1 3.50614E-1 3.53109E-1 3.54523E-1 3.56754E-1 3.5663E-1 3.5969E-1 3.68431E-1 3.80487E-1 3.8862E-1 3.72136E-1 3.7257E-1 3.70525E-1 3.66189E-1 3.62656E-1 3.62759E-1 3.6009E-1 3.59795E-1 3.61875E-1 3.69771E-1 3.74317E-1 3.7514E-1 3.76545E-1
3.50261E-1 3.26016E-1 3.36041E-1 3.29097E-1 3.39436E-1 3.19073E-1 3.19299E-1 3.18446E-1 3.21403E-1 3.21359E-1 3.1332E-1 3.17977E-1 3.21841E-1 3.33251E-1 3.71568E-1 4.05619E-1 4.38906E-1 4.42388E-1 4.03191E-1 3.70006E-1 4.27555E-1 4.14796E-1 3.87314E-1 3.78848E-1 3.71457E-1 3.636E-1 3.71057E-1 3.79832E-1 3.84233E-1 3.78204E-1 3.7432E-1 3.67892E-1 3.65573E-1 3.54941E-1 3.56841E-1 3.5593E-1 3.56465E-1 3.57703E-1 3.58906E-1 3.54151E-1 3.55135E-1 3.62959E-1 3.64787E-1 3.6009E-1 3.56465E-1 3.58922E-1 3.58994E-1 3.57153E-1 3.58786E-1 3.6113E-1 3.60925E-1 3.68257E-1 3.65323E-1 3.75045E-1 3.77359E-1 3.68398E-1 3.66054E-1 3.66372E-1 3.70494E-1 3.7277E-1 3.76055E-1
3.82762E-1 3.61814E-1 3.51162E-1 3.49318E-1 3.47065E-1 3.31226E-1 3.2012E-1 3.15682E-1 3.1637E-1 3.1229E-1 3.20277E-1 3.22045E-1 3.22971E-1 3.82282E-1 3.7229E-1 3.88002E-1 4.20788E-1 4.3015E-1 4.32789E-1 3.63273E-1 3.72359E-1 4.24219E-1 3.85672E-1 4.24735E-1 4.3592E-1 4.12224E-1 3.98601E-1 4.06318E-1 3.86481E-1 3.83165E-1 3.77673E-1 3.61993E-1 3.48379E-1 3.51103E-1 3.5795E-1 3.63057E-1 3.62982E-1 3.54009E-1 3.61073E-1 3.59758E-1 3.63051E-1 3.63398E-1 3.64431E-1 3.63771E-1 3.59781E-1 3.58384E-1 3.59073E-1 3.57654E-1 3.58016E-1 3.6021E-1 3.60308E-1 3.65092E-1 3.64361E-1 3.66506E-1 3.85244E-1 3.89418E-1 3.79167E-1 3.71424E-1 3.70411E-1 3.74534E-1 3.76355E-1
3.91066E-1 3.41925E-1 3.24756E-1 3.5861E-1 3.50267E-1 3.37889E-1 3.2761E-1 2.93869E-1 3.03956E-1 3.12577E-1 3.20515E-1 3.27029E-1 3.22395E-1 4.00692E-1 4.17689E-1 4.13789E-1 3.89141E-1 3.92919E-1 4.07221E-1 3.34395E-1 3.15687E-1 3.48579E-1 4.39497E-1 4.36694E-1 4.36999E-1 4.26374E-1 4.14789E-1 3.92938E-1 3.74E-1 3.65422E-1 3.64919E-1 3.59023E-1 3.4326E-1 3.48192E-1 3.49912E-1 3.49175E-1 3.41225E-1 3.39839E-1 3.43543E-1 3.50089E-1 3.58768E-1 3.60428E-1 3.57204E-1 3.58154E-1 3.58991E-1 3.56909E-1 3.60137E-1 3.60979E-1 3.61599E-1 3.57071E-1 3.63976E-1 3.69183E-1 3.68629E-1 3.74336E-1 3.74976E-1 3.7475E-1 3.73338E-1 3.77327E-1 3.81472E-1 3.84912E-1 3.83539E-1
3.27112E-1 2.9349E-1 2.92227E-1 3.29127E-1 3.63976E-1 3.448E-1 3.35682E-1 3.1396E-1 2.99813E-1 2.98407E-1 3.03756E-1 3.06378E-1 3.06216E-1 3.06244E-1 3.27099E-1 3.67365E-1 3.2759E-1 3.98676E-1 3.98776E-1 3.39036E-1 3.23407E-1 3.52051E-1 4.13069E-1 4.30874E-1 4.42701E-1 4.61509E-1 4.32162E-1 3.82679E-1 3.6271E-1 3.63596E-1 3.60358E-1 3.47724E-1 3.47455E-1 3.42314E-1 3.39522E-1 3.37085E-1 3.3803E-1 3.36743E-1 3.38037E-1 3.46647E-1 3.5084E-1 3.53869E-1 3.5481E-1 3.61175E-1 3.63755E-1 3.63102E-1 3.60683E-1 3.60207E-1 3.63926E-1 3.62868E-1 3.63582E-1 3.72646E-1 3.72292E-1 3.78212E-1 3.78047E-1 3.68892E-1 3.66002E-1 3.69247E-1 3.80067E-1 3.85735E-1 3.85147E-1
