maxent_outputs/hummingbirds/hummingbird_270.asc
ncols         426
nrows         180
xllcorner     -130.0
yllcorner     24.0
cellsize      0.16666666666666666
NODATA_value  -9999
[rows 108 to 134 of 180, columns 244 to 304 of 426]
5.26517E-1 5.2332E-1 5.10751E-1 5.07046E-1 5.00807E-1 4.97352E-1 4.92441E-1 4.95415E-1 5.12208E-1 4.87991E-1 4.86274E-1 4.88609E-1 4.88912E-1 4.89888E-1 4.96714E-1 5.01624E-1 5.03337E-1 5.11758E-1 5.06671E-1 5.06513E-1 4.99879E-1 5.01491E-1 5.02954E-1 4.92279E-1 4.55789E-1 4.53338E-1 4.49867E-1 4.59602E-1 5.05319E-1 5.10174E-1 5.17847E-1 5.3301E-1 5.3002E-1 5.00398E-1 5.05737E-1 5.16335E-1 4.91519E-1 4.80481E-1 4.67143E-1 4.52888E-1 4.05264E-1 4.02905E-1 4.06939E-1 4.15609E-1 4.49735E-1 5.09286E-1 5.13755E-1 5.08764E-1 5.08525E-1 5.06579E-1 5.18506E-1 5.28737E-1 5.4229E-1 5.51728E-1 5.5694E-1 5.67326E-1 5.6893E-1 5.68809E-1 5.64999E-1 5.68892E-1 5.77908E-1
5.36186E-1 5.33579E-1 5.31622E-1 5.23429E-1 5.12377E-1 5.05185E-1 5.08187E-1 5.02079E-1 4.97005E-1 4.91352E-1 4.92722E-1 4.96547E-1 4.96963E-1 4.95022E-1 4.97208E-1 4.99962E-1 5.05502E-1 5.09936E-1 5.08595E-1 5.02592E-1 4.94633E-1 5.01198E-1 5.01434E-1 4.81841E-1 4.59975E-1 4.67267E-1 4.66437E-1 5.25517E-1 5.17592E-1 5.12492E-1 5.287E-1 5.16476E-1 5.15305E-1 4.94133E-1 4.83686E-1 4.61515E-1 4.09848E-1 4.18088E-1 3.9484E-1 4.46013E-1 4.49904E-1 4.07552E-1 3.95876E-1 4.93789E-1 5.25044E-1 5.32583E-1 5.32474E-1 5.40151E-1 5.43036E-1 5.36587E-1 5.45376E-1 5.42778E-1 5.54781E-1 5.72379E-1 5.79856E-1 5.75066E-1 5.86889E-1 5.82968E-1 5.71129E-1 5.78469E-1 5.9069E-1
5.49387E-1 5.42475E-1 5.45976E-1 5.40191E-1 5.2196E-1 5.17684E-1 5.21278E-1 5.1865E-1 5.09381E-1 4.9445E-1 4.93831E-1 4.98133E-1 5.03345E-1 5.0614E-1 5.06277E-1 5.09899E-1 5.1227E-1 5.10029E-1 5.0605E-1 4.98865E-1 4.99603E-1 5.03371E-1 4.7616E-1 4.58833E-1 4.80454E-1 4.69516E-1 5.03348E-1 5.19742E-1 4.99889E-1 5.02956E-1 5.31644E-1 5.17774E-1 4.69903E-1 4.17579E-1 3.79156E-1 3.64183E-1 3.68956E-1 3.76724E-1 4.00159E-1 4.3675E-1 4.78589E-1 4.50739E-1 4.77511E-1 5.19178E-1 5.2995E-1 5.29494E-1 5.41549E-1 5.44682E-1 5.51384E-1 5.54755E-1 5.81927E-1 5.59133E-1 5.7016E-1 5.8044E-1 5.992E-1 5.86717E-1 5.95052E-1 5.8721E-1 5.84867E-1 5.91169E-1 6.04757E-1
5.61193E-1 5.5976E-1 5.47213E-1 5.40628E-1 5.31692E-1 5.27956E-1 5.32919E-1 5.32144E-1 5.23188E-1 4.99984E-1 5.00116E-1 5.03498E-1 5.0535E-1 5.08162E-1 5.09001E-1 5.1068E-1 5.14395E-1 5.14029E-1 5.10827E-1 5.06983E-1 4.98003E-1 4.71795E-1 4.64161E-1 4.81978E-1 4.79735E-1 5.13208E-1 5.3067E-1 5.17991E-1 5.10256E-1 5.11965E-1 5.07202E-1 4.47371E-1 4.35354E-1 4.28498E-1 4.39516E-1 4.23722E-1 4.19129E-1 3.70044E-1 3.73916E-1 4.05305E-1 4.68387E-1 4.63964E-1 5.08926E-1 5.46669E-1 5.47469E-1 5.46097E-1 5.53193E-1 5.60872E-1 5.68746E-1 5.72599E-1 5.93998E-1 5.88411E-1 5.89508E-1 5.84133E-1 5.92077E-1 6.15679E-1 6.03185E-1 5.9442E-1 6.03633E-1 6.10596E-1 6.1487E-1
5.60458E-1 5.55612E-1 5.54968E-1 5.40668E-1 5.38276E-1 5.41108E-1 5.49658E-1 5.25689E-1 5.12273E-1 5.0448E-1 5.06305E-1 5.12832E-1 5.14546E-1 5.20921E-1 5.18219E-1 5.18209E-1 5.18896E-1 5.16582E-1 5.23104E-1 5.18183E-1 5.03085E-1 4.81271E-1 4.80965E-1 4.94748E-1 4.93918E-1 5.44772E-1 5.28331E-1 5.26606E-1 5.20627E-1 4.97273E-1 4.61436E-1 4.14626E-1 4.10121E-1 4.05325E-1 3.94938E-1 4.34404E-1 4.1003E-1 3.95558E-1 3.82691E-1 4.39352E-1 4.63462E-1 4.96492E-1 5.50678E-1 5.58046E-1 5.54887E-1 5.60898E-1 5.68709E-1 5.77865E-1 5.87867E-1 6.03004E-1 6.14918E-1 6.14561E-1 5.9839E-1 5.97224E-1 6.03157E-1 6.20594E-1 6.1633E-1 6.08414E-1 6.09524E-1 6.20928E-1 6.25777E-1
5.5507E-1 5.48098E-1 5.51378E-1 5.44707E-1 5.50446E-1 5.4586E-1 5.60127E-1 5.27893E-1 5.17576E-1 5.1594E-1 5.2066E-1 5.22825E-1 5.23509E-1 5.31361E-1 5.3304E-1 5.27213E-1 5.2575E-1 5.23105E-1 5.18618E-1 5.05442E-1 5.03105E-1 5.12635E-1 5.27353E-1 5.18447E-1 5.62938E-1 5.45844E-1 5.27717E-1 5.28456E-1 5.09297E-1 4.73349E-1 4.65384E-1 4.75833E-1 4.56444E-1 4.24473E-1 3.83183E-1 4.27188E-1 3.94141E-1 4.00658E-1 4.8431E-1 4.82324E-1 5.30877E-1 5.62264E-1 5.66368E-1 5.6923E-1 5.68944E-1 5.70775E-1 5.86064E-1 5.8728E-1 5.91138E-1 6.13648E-1 6.23236E-1 6.15705E-1 6.05625E-1 6.07235E-1 6.12007E-1 6.25372E-1 6.3157E-1 6.17254E-1 6.18994E-1 6.28297E-1 6.35148E-1
5.54456E-1 5.42244E-1 5.53006E-1 5.511E-1 5.60086E-1 5.52622E-1 5.58283E-1 5.56002E-1 5.43964E-1 5.38656E-1 5.49335E-1 5.44528E-1 5.42156E-1 5.44689E-1 5.39311E-1 5.33626E-1 5.35232E-1 5.32679E-1 5.20336E-1 5.12026E-1 5.28339E-1 5.33582E-1 5.12409E-1 5.20338E-1 5.42404E-1 5.34698E-1 5.32926E-1 5.29148E-1 4.55668E-1 4.63173E-1 4.67246E-1 4.6934E-1 4.57392E-1 4.5066E-1 4.35206E-1 4.5067E-1 4.75677E-1 5.22744E-1 5.90439E-1 5.77948E-1 5.70585E-1 5.84232E-1 5.8928E-1 5.88749E-1 5.94659E-1 5.91894E-1 5.96325E-1 6.02794E-1 6.02379E-1 6.1237E-1 6.19566E-1 6.14847E-1 6.11936E-1 6.19261E-1 6.25398E-1 6.29991E-1 6.38811E-1 6.34905E-1 6.30865E-1 6.37868E-1 6.41527E-1
5.59693E-1 5.58657E-1 5.59059E-1 5.57807E-1 5.63554E-1 5.53553E-1 5.52806E-1 5.54361E-1 5.58012E-1 5.70995E-1 5.66295E-1 5.67566E-1 5.80447E-1 5.71881E-1 5.57879E-1 5.56588E-1 5.6543E-1 5.5003E-1 5.35237E-1 5.37347E-1 5.4866E-1 5.06898E-1 5.06816E-1 5.1345E-1 5.34227E-1 5.3685E-1 5.53944E-1 5.41543E-1 4.89519E-1 4.78182E-1 4.46458E-1 4.33728E-1 4.4631E-1 4.67006E-1 4.93916E-1 5.18841E-1 5.53211E-1 5.75921E-1 6.10083E-1 5.94709E-1 5.88967E-1 5.96033E-1 5.96549E-1 5.97299E-1 6.00177E-1 6.04972E-1 6.05447E-1 6.14576E-1 6.13137E-1 6.15962E-1 6.25261E-1 6.2785E-1 6.23607E-1 6.31013E-1 6.39643E-1 6.42699E-1 6.49594E-1 6.48286E-1 6.52018E-1 6.54754E-1 6.55822E-1
5.73699E-1 5.69582E-1 5.62964E-1 5.61081E-1 5.73263E-1 5.72821E-1 5.68309E-1 5.5178E-1 5.48949E-1 5.51573E-1 5.61753E-1 5.64107E-1 5.6509E-1 5.74547E-1 5.80979E-1 5.69902E-1 5.67666E-1 5.60532E-1 5.49514E-1 5.63867E-1 5.18858E-1 5.06513E-1 5.05627E-1 5.2175E-1 5.43093E-1 5.46269E-1 5.58188E-1 5.56954E-1 5.34525E-1 4.96867E-1 4.69541E-1 4.92838E-1 5.13669E-1 5.23516E-1 5.31602E-1 5.55362E-1 5.97054E-1 6.03261E-1 6.10457E-1 6.13577E-1 5.99491E-1 6.02047E-1 6.04494E-1 6.04194E-1 6.08354E-1 6.13688E-1 6.18857E-1 6.23904E-1 6.20981E-1 6.26311E-1 6.39083E-1 6.32822E-1 6.35871E-1 6.44002E-1 6.48015E-1 6.55649E-1 6.63271E-1 6.69571E-1 6.66786E-1 6.703E-1 6.71381E-1
5.72621E-1 5.84997E-1 5.80795E-1 5.83667E-1 5.85735E-1 5.82708E-1 5.64573E-1 5.57614E-1 5.48548E-1 5.51268E-1 5.52131E-1 5.58976E-1 5.6205E-1 5.65589E-1 5.65417E-1 5.58149E-1 5.50957E-1 5.5852E-1 5.85694E-1 5.41026E-1 5.24462E-1 5.29957E-1 5.28964E-1 5.50839E-1 5.57237E-1 5.61639E-1 5.60053E-1 5.60831E-1 5.44631E-1 5.40425E-1 5.29259E-1 5.32818E-1 5.52919E-1 5.5477E-1 5.72411E-1 5.90641E-1 5.9701E-1 6.08225E-1 6.3027E-1 6.24503E-1 6.11932E-1 6.06305E-1 6.12659E-1 6.14796E-1 6.1309E-1 6.18478E-1 6.30899E-1 6.38044E-1 6.36411E-1 6.38968E-1 6.54669E-1 6.58162E-1 6.48927E-1 6.55051E-1 6.57921E-1 6.64884E-1 6.73667E-1 6.85507E-1 6.79567E-1 6.83824E-1 6.83606E-1
5.74566E-1 5.87194E-1 5.92663E-1 6.01489E-1 6.0009E-1 5.8758E-1 5.68959E-1 5.59823E-1 5.51889E-1 5.52511E-1 5.53945E-1 5.59225E-1 5.60135E-1 5.589E-1 5.56183E-1 5.54711E-1 5.52061E-1 5.59493E-1 5.55827E-1 5.44015E-1 5.49991E-1 5.58436E-1 5.88744E-1 5.71607E-1 5.73373E-1 5.68175E-1 5.67439E-1 5.73065E-1 5.6989E-1 5.62099E-1 5.58902E-1 5.76562E-1 5.99418E-1 5.85195E-1 5.92759E-1 6.02646E-1 6.05531E-1 6.07296E-1 6.1593E-1 6.30793E-1 6.23617E-1 6.18138E-1 6.18585E-1 6.2464E-1 6.27671E-1 6.25599E-1 6.32877E-1 6.4863E-1 6.59376E-1 6.53427E-1 6.54765E-1 6.61774E-1 6.66517E-1 6.6497E-1 6.70394E-1 6.77976E-1 6.86892E-1 6.94293E-1 6.97202E-1 6.94728E-1 6.97117E-1
5.89449E-1 5.98226E-1 5.945E-1 6.03598E-1 6.04127E-1 5.96035E-1 5.71753E-1 5.64679E-1 5.58375E-1 5.61623E-1 5.62348E-1 5.65532E-1 5.72347E-1 5.7716E-1 5.7172E-1 5.6955E-1 5.64996E-1 5.61208E-1 5.55449E-1 5.70347E-1 5.7814E-1 5.84574E-1 5.83721E-1 5.73926E-1 5.71516E-1 5.72454E-1 5.77932E-1 5.91741E-1 6.04558E-1 5.9866E-1 5.97886E-1 5.93777E-1 5.91542E-1 5.97332E-1 6.03539E-1 6.09665E-1 6.14534E-1 6.24797E-1 6.28498E-1 6.33245E-1 6.37605E-1 6.27291E-1 6.25684E-1 6.22406E-1 6.25591E-1 6.30447E-1 6.46942E-1 6.79183E-1 6.86707E-1 6.79237E-1 6.75503E-1 6.73246E-1 6.7938E-1 6.74771E-1 6.81397E-1 6.84741E-1 6.93191E-1 6.9582E-1 7.03677E-1 7.09739E-1 7.11618E-1
5.98979E-1 6.05107E-1 6.04352E-1 6.0729E-1 6.1202E-1 5.97319E-1 5.7887E-1 5.70428E-1 5.65233E-1 5.70345E-1 5.68744E-1 5.76723E-1 5.79088E-1 5.81999E-1 5.77505E-1 5.76847E-1 5.76461E-1 5.60452E-1 5.74206E-1 5.98906E-1 5.92803E-1 5.82538E-1 5.79172E-1 5.65829E-1 5.68598E-1 5.66522E-1 5.71364E-1 5.80008E-1 6.10704E-1 6.35527E-1 6.29787E-1 6.23563E-1 6.04908E-1 6.02677E-1 6.10186E-1 6.28647E-1 6.24248E-1 6.27636E-1 6.33064E-1 6.33483E-1 6.47065E-1 6.4978E-1 6.31918E-1 6.32043E-1 6.32524E-1 6.34219E-1 6.41597E-1 6.51598E-1 6.68851E-1 6.85051E-1 6.88259E-1 6.83565E-1 6.91416E-1 6.91E-1 6.89605E-1 6.92622E-1 7.0219E-1 7.07562E-1 7.11219E-1 7.23934E-1 7.25851E-1
6.08784E-1 6.05807E-1 6.10453E-1 6.16962E-1 6.15171E-1 6.13783E-1 5.91105E-1 5.81056E-1 5.74705E-1 5.76473E-1 5.72688E-1 5.81309E-1 5.88014E-1 5.88857E-1 5.87728E-1 5.8908E-1 5.71197E-1 5.80561E-1 5.9013E-1 6.00433E-1 5.99261E-1 5.90383E-1 5.74071E-1 5.64495E-1 5.65547E-1 5.66429E-1 5.7764E-1 5.90457E-1 6.20184E-1 6.49711E-1 6.44236E-1 6.30306E-1 6.16119E-1 6.16902E-1 6.18886E-1 6.28008E-1 6.35881E-1 6.32786E-1 6.35025E-1 6.35555E-1 6.37999E-1 6.49041E-1 6.73506E-1 6.43678E-1 6.38802E-1 6.40525E-1 6.49808E-1 6.59896E-1 6.69969E-1 6.81329E-1 6.95935E-1 7.0384E-1 7.093E-1 6.96739E-1 6.98863E-1 7.03907E-1 7.09706E-1 7.17977E-1 7.246E-1 7.31802E-1 7.45576E-1
6.03222E-1 6.06491E-1 6.18504E-1 6.26195E-1 6.29944E-1 6.41406E-1 6.04139E-1 5.91258E-1 5.84451E-1 5.85459E-1 5.87142E-1 5.85519E-1 6.003E-1 5.95017E-1 6.06892E-1 6.26021E-1 5.93881E-1 5.95999E-1 6.18609E-1 6.10607E-1 6.04781E-1 5.97571E-1 5.80989E-1 5.73588E-1 5.7108E-1 5.83666E-1 5.90148E-1 6.01363E-1 6.06752E-1 6.3471E-1 6.30851E-1 6.23822E-1 6.31153E-1 6.27183E-1 6.33399E-1 6.40688E-1 6.53168E-1 6.39834E-1 6.43344E-1 6.44891E-1 6.50312E-1 6.51119E-1 6.54717E-1 6.7008E-1 6.58691E-1 6.59522E-1 6.63955E-1 6.73565E-1 6.85266E-1 6.96073E-1 7.03066E-1 7.0572E-1 7.17515E-1 7.39786E-1 7.30073E-1 7.19764E-1 7.22289E-1 7.29907E-1 7.37006E-1 7.47931E-1 7.58228E-1
6.04764E-1 6.05126E-1 6.22107E-1 6.30841E-1 6.30175E-1 6.41039E-1 6.12661E-1 6.0346E-1 5.99085E-1 6.00409E-1 6.14933E-1 6.0241E-1 6.00693E-1 6.03728E-1 6.28506E-1 6.42663E-1 6.11308E-1 6.16505E-1 6.21463E-1 6.08808E-1 5.92304E-1 5.76507E-1 5.87326E-1 5.8205E-1 5.81151E-1 5.96884E-1 6.08375E-1 6.12016E-1 6.14727E-1 6.19597E-1 6.22682E-1 6.30951E-1 6.42607E-1 6.39821E-1 6.43839E-1 6.50042E-1 6.66073E-1 6.525E-1 6.49686E-1 6.48892E-1 6.51173E-1 6.53746E-1 6.59701E-1 6.84082E-1 6.8791E-1 6.72703E-1 6.78357E-1 6.86848E-1 7.0092E-1 7.09756E-1 7.1375E-1 7.15008E-1 7.18323E-1 7.3492E-1 7.83899E-1 7.6922E-1 7.46244E-1 7.47628E-1 7.52699E-1 7.67405E-1 7.89367E-1
6.00172E-1 6.11482E-1 6.24989E-1 6.33858E-1 6.38566E-1 6.4192E-1 6.37123E-1 6.18892E-1 6.14823E-1 6.26861E-1 6.60801E-1 6.37721E-1 6.09381E-1 6.12918E-1 6.16203E-1 6.24654E-1 6.2047E-1 6.2921E-1 6.25016E-1 6.00109E-1 5.83924E-1 5.86763E-1 6.07588E-1 5.93758E-1 6.0022E-1 6.16328E-1 6.1634E-1 6.13211E-1 6.17159E-1 6.20494E-1 6.28391E-1 6.34455E-1 6.45961E-1 6.54929E-1 6.56714E-1 6.64069E-1 6.7255E-1 6.61956E-1 6.61485E-1 6.64319E-1 6.66656E-1 6.71135E-1 6.73034E-1 6.77879E-1 6.89086E-1 6.95619E-1 6.9906E-1 7.04106E-1 7.11906E-1 7.20016E-1 7.2605E-1 7.26106E-1 7.30058E-1 7.34528E-1 7.3798E-1 8.03854E-1 7.66883E-1 7.72667E-1 7.83392E-1 7.9612E-1 8.17715E-1
6.06351E-1 6.15092E-1 6.21299E-1 6.33773E-1 6.43941E-1 6.51593E-1 6.51842E-1 6.39237E-1 6.3002E-1 6.43196E-1 6.60015E-1 6.39632E-1 6.28417E-1 6.27087E-1 6.24167E-1 6.24051E-1 6.34806E-1 6.341E-1 6.19608E-1 6.11554E-1 6.12361E-1 6.08023E-1 6.14709E-1 6.1459E-1 6.31753E-1 6.52806E-1 6.25677E-1 6.19265E-1 6.23765E-1 6.25412E-1 6.30529E-1 6.41029E-1 6.57686E-1 6.73549E-1 6.63947E-1 6.71509E-1 6.84523E-1 6.74309E-1 6.79562E-1 6.81075E-1 6.87345E-1 6.90838E-1 6.88538E-1 6.91556E-1 6.9519E-1 7.06772E-1 7.15681E-1 7.20097E-1 7.25911E-1 7.30355E-1 7.36273E-1 7.39348E-1 7.42948E-1 7.47089E-1 7.52914E-1 7.59813E-1 7.76659E-1 7.82336E-1 8.02416E-1 8.22731E-1 8.23407E-1
6.20397E-1 6.24183E-1 6.3071E-1 6.27744E-1 6.41081E-1 6.52278E-1 6.59262E-1 6.52714E-1 6.50725E-1 6.63876E-1 6.47169E-1 6.48727E-1 6.51892E-1 6.46543E-1 6.35393E-1 6.30614E-1 6.40544E-1 6.48365E-1 6.38876E-1 6.31118E-1 6.52264E-1 6.36398E-1 6.27427E-1 6.26445E-1 6.45256E-1 6.42215E-1 6.30111E-1 6.28234E-1 6.34279E-1 6.42719E-1 6.45593E-1 6.50194E-1 6.62957E-1 6.93577E-1 6.89561E-1 6.81077E-1 6.90678E-1 6.98479E-1 6.9499E-1 6.92954E-1 6.99011E-1 7.06838E-1 7.05431E-1 7.08873E-1 7.07738E-1 7.1775E-1 7.29032E-1 7.36733E-1 7.39146E-1 7.43385E-1 7.51387E-1 7.50854E-1 7.56095E-1 7.65833E-1 7.73161E-1 7.85339E-1 8.03357E-1 8.12986E-1 8.32799E-1 -9999 -9999
6.41155E-1 6.42956E-1 6.3312E-1 6.38316E-1 6.46771E-1 6.53975E-1 6.64449E-1 6.72871E-1 6.76066E-1 6.71914E-1 6.5836E-1 6.52101E-1 6.65794E-1 6.56076E-1 6.55812E-1 6.50432E-1 6.5019E-1 6.64219E-1 6.61381E-1 6.6175E-1 7.0244E-1 6.59645E-1 6.38222E-1 6.38087E-1 6.47266E-1 6.57551E-1 6.49839E-1 6.43616E-1 6.45599E-1 6.59402E-1 6.67187E-1 6.68659E-1 6.73653E-1 7.00662E-1 7.06242E-1 6.93989E-1 6.99565E-1 7.04888E-1 7.05945E-1 7.04906E-1 7.08779E-1 7.13078E-1 7.18499E-1 7.26224E-1 7.2762E-1 7.3142E-1 7.41689E-1 7.55382E-1 7.49087E-1 7.50241E-1 7.59558E-1 7.67612E-1 7.76466E-1 7.86199E-1 7.89259E-1 8.00025E-1 8.30242E-1 8.37521E-1 -9999 -9999 -9999
6.40251E-1 6.38911E-1 6.42481E-1 6.5327E-1 6.57714E-1 6.62635E-1 6.67032E-1 6.7336E-1 6.84556E-1 6.91407E-1 6.92802E-1 6.78128E-1 6.75982E-1 6.74398E-1 6.75023E-1 6.71916E-1 6.71003E-1 6.86334E-1 7.05941E-1 6.84483E-1 6.84053E-1 6.74581E-1 6.69054E-1 6.7029E-1 6.60876E-1 6.80655E-1 6.87473E-1 6.75357E-1 6.67818E-1 6.65803E-1 6.78222E-1 6.89818E-1 6.88876E-1 7.08493E-1 7.16385E-1 6.96095E-1 7.04338E-1 7.10076E-1 7.17602E-1 7.15954E-1 7.18857E-1 7.23602E-1 7.28605E-1 7.34253E-1 7.41901E-1 7.49975E-1 7.52611E-1 7.58663E-1 7.63967E-1 7.60593E-1 7.75964E-1 7.9417E-1 8.09668E-1 8.17261E-1 8.27935E-1 8.19777E-1 8.41008E-1 -9999 -9999 -9999 -9999
6.49834E-1 6.54152E-1 6.57229E-1 6.73488E-1 6.62962E-1 6.66545E-1 6.6895E-1 6.77815E-1 6.82926E-1 6.80754E-1 6.80855E-1 6.90939E-1 6.93001E-1 7.07469E-1 7.08967E-1 7.04369E-1 7.08307E-1 7.28787E-1 7.48846E-1 7.16179E-1 7.06749E-1 7.01946E-1 6.94835E-1 6.85388E-1 6.81493E-1 6.94868E-1 7.12869E-1 6.97157E-1 6.7882E-1 6.75393E-1 6.85266E-1 7.02927E-1 7.0613E-1 7.12756E-1 7.14402E-1 7.15176E-1 7.17375E-1 7.2009E-1 7.25347E-1 7.29131E-1 7.30902E-1 7.36638E-1 7.41306E-1 7.50119E-1 7.5678E-1 7.64649E-1 7.61964E-1 7.65042E-1 7.72757E-1 7.84276E-1 7.97207E-1 8.20313E-1 8.23564E-1 8.41473E-1 8.40422E-1 -9999 -9999 -9999 -9999 -9999 -9999
6.60656E-1 6.64388E-1 6.67336E-1 6.68121E-1 6.59366E-1 6.67528E-1 6.74629E-1 6.86216E-1 6.92658E-1 6.83528E-1 6.81759E-1 6.90515E-1 7.04006E-1 7.12281E-1 7.06851E-1 7.10783E-1 7.1179E-1 7.17806E-1 7.22166E-1 7.14882E-1 7.1032E-1 7.07929E-1 7.02708E-1 6.99446E-1 6.95951E-1 6.99767E-1 7.09094E-1 6.88165E-1 6.77755E-1 6.86614E-1 7.03052E-1 7.19099E-1 7.24438E-1 7.21845E-1 7.26711E-1 7.29708E-1 7.26641E-1 7.27499E-1 7.28857E-1 7.39437E-1 7.44491E-1 7.48945E-1 7.53891E-1 7.5913E-1 7.67352E-1 7.68362E-1 7.72718E-1 7.7725E-1 7.82481E-1 8.00239E-1 8.11897E-1 8.32223E-1 8.40982E-1 8.49406E-1 -9999 -9999 -9999 -9999 -9999 -9999 -9999
6.74448E-1 6.74085E-1 6.79701E-1 6.8195E-1 6.70934E-1 6.71416E-1 6.8647E-1 6.98959E-1 6.89389E-1 6.86266E-1 6.94458E-1 7.10927E-1 7.25319E-1 7.11737E-1 7.10881E-1 7.09389E-1 7.13282E-1 7.12228E-1 7.11862E-1 7.0956E-1 7.05876E-1 7.05104E-1 6.98969E-1 7.07714E-1 7.10535E-1 7.19489E-1 7.03092E-1 6.93628E-1 6.96111E-1 7.01043E-1 7.22849E-1 7.29586E-1 7.38835E-1 7.36241E-1 7.3254E-1 7.35894E-1 7.35283E-1 7.3742E-1 7.4265E-1 7.47791E-1 7.55386E-1 7.55121E-1 7.61321E-1 7.6658E-1 7.75775E-1 7.83579E-1 7.84546E-1 7.9378E-1 8.04258E-1 8.19922E-1 8.33161E-1 8.39468E-1 -9999 -9999 -9999 -9999 -9999 -9999 -9999 -9999 -9999
6.91604E-1 6.8891E-1 6.857E-1 6.91916E-1 6.88527E-1 6.8884E-1 6.93467E-1 7.04995E-1 6.9457E-1 6.94649E-1 7.078E-1 7.1956E-1 7.10514E-1 7.13765E-1 7.15639E-1 7.11189E-1 7.07805E-1 7.0563E-1 7.07002E-1 7.0935E-1 7.10401E-1 7.08524E-1 7.08613E-1 7.11525E-1 7.20421E-1 7.3321E-1 7.06763E-1 7.06233E-1 7.15943E-1 7.29683E-1 7.36889E-1 7.42625E-1 7.50428E-1 7.44436E-1 7.39778E-1 7.42746E-1 7.47908E-1 7.4657E-1 7.49053E-1 7.5871E-1 7.65683E-1 7.65361E-1 7.73752E-1 7.80512E-1 7.81567E-1 7.89867E-1 8.04997E-1 8.11512E-1 8.25644E-1 8.39968E-1 8.52632E-1 -9999 -9999 -9999 -9999 -9999 -9999 -9999 -9999 -9999 -9999
7.08923E-1 7.14227E-1 7.0068E-1 6.99352E-1 7.00656E-1 6.96094E-1 7.07763E-1 7.12855E-1 7.03059E-1 7.01984E-1 7.18084E-1 7.26338E-1 7.21413E-1 7.1459E-1 7.16923E-1 7.18859E-1 7.21963E-1 7.21506E-1 7.2185E-1 7.22928E-1 7.22716E-1 7.24562E-1 7.2157E-1 7.19971E-1 7.29205E-1 7.50587E-1 7.21916E-1 7.29806E-1 7.37647E-1 7.43169E-1 7.46754E-1 7.51367E-1 7.50572E-1 7.45405E-1 7.54831E-1 7.56428E-1 7.61666E-1 7.59885E-1 7.628E-1 7.62315E-1 7.64456E-1 7.70777E-1 7.68205E-1 7.77531E-1 8.00008E-1 7.97283E-1 8.05508E-1 8.27702E-1 8.44806E-1 8.49067E-1 -9999 -9999 -9999 -9999 -9999 -9999 -9999 -9999 -9999 -9999 -9999
7.25471E-1 7.2236E-1 7.13073E-1 7.10794E-1 7.15597E-1 7.11829E-1 7.18553E-1 7.30328E-1 7.26283E-1 7.17656E-1 7.36316E-1 7.29777E-1 7.23659E-1 7.19025E-1 7.2518E-1 7.30595E-1 7.31845E-1 7.31754E-1 7.33974E-1 7.36299E-1 7.36992E-1 7.34833E-1 7.33077E-1 7.32974E-1 7.31889E-1 7.47633E-1 7.39768E-1 7.47685E-1 7.52356E-1 7.53765E-1 7.59064E-1 7.62473E-1 7.55107E-1 7.55819E-1 7.65099E-1 7.67419E-1 7.69516E-1 7.64157E-1 7.65455E-1 7.68913E-1 7.73325E-1 7.80989E-1 7.83286E-1 7.8725E-1 7.96073E-1 8.14581E-1 8.15086E-1 8.36654E-1 8.60169E-1 8.60695E-1 -9999 -9999 -9999 -9999 -9999 -9999 -9999 -9999 -9999 -9999 -9999
