maxent_outputs/hummingbirds/hummingbird_37.asc
ncols         426
nrows         180
xllcorner     -130.0
yllcorner     24.0
cellsize      0.16666666666666666
NODATA_value  -9999
[rows 0 to 26 of 180, columns 183 to 243 of 426]
4.05945E-2 3.84449E-2 3.65466E-2 3.77006E-2 3.6151E-2 3.28911E-2 3.37438E-2 3.99844E-2 3.90717E-2 3.76656E-2 3.17355E-2 3.26831E-2 2.99691E-2 3.10402E-2 3.22171E-2 3.22218E-2 3.20157E-2 3.33534E-2 3.32568E-2 3.45482E-2 3.86775E-2 3.62177E-2 3.42593E-2 3.29636E-2 3.46014E-2 3.48712E-2 3.51475E-2 3.70938E-2 3.97063E-2 3.74457E-2 3.56632E-2 3.52278E-2 3.31898E-2 3.58278E-2 3.43948E-2 3.35793E-2 3.32593E-2 3.34337E-2 3.45031E-2 3.43499E-2 3.44061E-2 3.50748E-2 3.47878E-2 3.3772E-2 3.37177E-2 3.3334E-2 3.40386E-2 3.46908E-2 3.69485E-2 3.60748E-2 3.53263E-2 3.54324E-2 3.85086E-2 3.41274E-2 3.5463E-2 3.3944E-2 3.38722E-2 3.21558E-2 3.21734E-2 3.29974E-2 3.24243E-2
3.91979E-2 3.80195E-2 4.06195E-2 5.66945E-2 6.57369E-2 6.36529E-2 6.50433E-2 6.1814E-2 5.43438E-2 4.47939E-2 3.45777E-2 3.41642E-2 3.41362E-2 3.27735E-2 3.38333E-2 3.40058E-2 3.3196E-2 3.28011E-2 3.24433E-2 3.42903E-2 3.43063E-2 3.40148E-2 3.62014E-2 3.57373E-2 3.53565E-2 3.35688E-2 3.5709E-2 3.70637E-2 3.85274E-2 4.02162E-2 4.0481E-2 3.90709E-2 3.56837E-2 3.46208E-2 3.60212E-2 3.35098E-2 3.37952E-2 3.4255E-2 3.38041E-2 3.31207E-2 3.33119E-2 3.17746E-2 3.26136E-2 3.54092E-2 3.72407E-2 3.65816E-2 3.56995E-2 3.42037E-2 3.5108E-2 3.71592E-2 3.60275E-2 3.51135E-2 3.4505E-2 3.32127E-2 3.48183E-2 3.66999E-2 4.31944E-2 4.24537E-2 4.05237E-2 3.35075E-2 3.35991E-2
3.78098E-2 3.80814E-2 4.83259E-2 6.89078E-2 6.93799E-2 6.82542E-2 6.84332E-2 6.96872E-2 6.79292E-2 6.65766E-2 4.75762E-2 3.69709E-2 3.66724E-2 3.56618E-2 3.46898E-2 3.41071E-2 3.3357E-2 3.36394E-2 3.443E-2 3.6551E-2 3.47855E-2 3.29631E-2 3.31275E-2 3.43013E-2 3.57148E-2 3.40555E-2 3.32384E-2 3.53009E-2 3.54149E-2 3.46328E-2 3.51993E-2 3.48213E-2 3.31715E-2 3.47515E-2 3.37609E-2 3.43384E-2 3.5954E-2 3.4444E-2 3.46035E-2 3.37677E-2 3.39237E-2 3.33104E-2 3.20742E-2 3.13503E-2 3.23936E-2 3.10652E-2 3.17049E-2 3.20344E-2 3.36635E-2 3.37705E-2 3.63053E-2 3.47452E-2 3.13959E-2 3.23078E-2 3.2866E-2 3.1843E-2 3.16675E-2 3.26201E-2 3.19972E-2 3.21061E-2 3.17983E-2
3.97715E-2 4.60998E-2 6.06363E-2 7.57013E-2 7.04184E-2 6.96256E-2 6.67967E-2 6.77185E-2 7.07304E-2 6.99273E-2 6.67569E-2 4.31824E-2 4.21299E-2 3.72904E-2 3.6854E-2 3.66595E-2 3.51291E-2 3.53357E-2 3.51323E-2 3.47477E-2 3.70386E-2 3.42711E-2 3.34172E-2 3.36799E-2 3.37148E-2 3.53903E-2 3.5228E-2 3.3739E-2 3.40993E-2 3.20986E-2 3.27382E-2 3.42614E-2 3.32813E-2 3.29398E-2 3.27065E-2 3.32218E-2 3.39081E-2 3.32399E-2 3.29016E-2 3.36644E-2 3.20401E-2 3.07781E-2 3.21485E-2 2.97825E-2 2.95976E-2 2.99192E-2 3.41482E-2 3.35835E-2 3.35809E-2 3.47771E-2 3.51506E-2 3.7807E-2 3.29291E-2 3.13935E-2 3.18549E-2 3.12799E-2 3.14907E-2 3.15279E-2 3.29608E-2 3.14398E-2 3.22878E-2
5.28694E-2 5.66295E-2 7.25472E-2 7.4519E-2 7.48729E-2 7.15524E-2 7.24133E-2 6.98691E-2 7.11335E-2 7.32977E-2 7.28726E-2 5.94594E-2 4.48691E-2 3.92459E-2 3.60213E-2 3.77969E-2 3.71998E-2 3.6129E-2 3.66688E-2 3.44744E-2 3.42851E-2 3.46718E-2 3.55021E-2 3.43273E-2 3.33579E-2 3.21993E-2 3.38037E-2 3.31434E-2 3.37438E-2 3.32837E-2 3.34915E-2 3.36966E-2 3.31961E-2 3.35325E-2 3.47392E-2 3.58911E-2 3.37713E-2 3.08932E-2 3.17134E-2 3.24894E-2 3.14547E-2 3.16557E-2 3.17823E-2 3.17542E-2 3.19199E-2 3.247E-2 3.08868E-2 3.16903E-2 3.29426E-2 3.11917E-2 3.32792E-2 3.26749E-2 3.17085E-2 3.14571E-2 3.15286E-2 3.20442E-2 3.16734E-2 3.25665E-2 3.28838E-2 2.9912E-2 2.96671E-2
5.27366E-2 5.10416E-2 5.63389E-2 6.33724E-2 6.2821E-2 6.40654E-2 7.01423E-2 7.45827E-2 7.48137E-2 7.69818E-2 7.76446E-2 7.45554E-2 5.7132E-2 4.06853E-2 3.91059E-2 3.74961E-2 3.75731E-2 3.73107E-2 3.65297E-2 3.66197E-2 3.63564E-2 3.47317E-2 3.40219E-2 3.51654E-2 3.56452E-2 3.66786E-2 3.54366E-2 3.60171E-2 3.44037E-2 3.46941E-2 3.48504E-2 3.41643E-2 3.41203E-2 3.42891E-2 3.37945E-2 3.74085E-2 3.93221E-2 3.72507E-2 3.73328E-2 3.69821E-2 3.82014E-2 3.6637E-2 3.28601E-2 3.27938E-2 3.26758E-2 3.28481E-2 3.01468E-2 3.01667E-2 3.18568E-2 3.31838E-2 3.32766E-2 3.33243E-2 3.02766E-2 2.94117E-2 2.93514E-2 3.06955E-2 3.2022E-2 3.4622E-2 3.27583E-2 3.15341E-2 3.23385E-2
5.22831E-2 4.848E-2 4.7499E-2 5.21431E-2 6.25093E-2 7.02963E-2 7.69292E-2 7.47341E-2 7.54223E-2 7.75538E-2 7.85975E-2 7.6753E-2 6.21851E-2 4.74575E-2 4.56267E-2 4.19695E-2 4.02178E-2 3.81254E-2 3.87758E-2 3.83115E-2 3.70324E-2 3.67901E-2 3.50946E-2 3.58544E-2 3.64827E-2 3.56985E-2 3.50879E-2 3.58672E-2 3.49402E-2 3.44386E-2 3.45028E-2 3.29423E-2 3.55377E-2 3.74623E-2 3.54682E-2 3.53231E-2 3.65544E-2 3.4487E-2 3.52878E-2 3.5172E-2 3.59015E-2 3.45131E-2 3.28772E-2 3.16304E-2 3.3855E-2 3.51147E-2 3.48554E-2 3.29719E-2 3.56578E-2 3.42885E-2 3.44785E-2 3.5377E-2 3.29344E-2 2.98392E-2 2.93032E-2 2.94985E-2 3.00291E-2 3.29907E-2 3.33599E-2 3.36022E-2 3.49067E-2
5.24636E-2 4.95812E-2 4.96362E-2 5.40504E-2 6.65815E-2 7.58637E-2 7.59349E-2 7.78058E-2 7.92614E-2 7.99276E-2 8.03491E-2 8.14761E-2 7.55613E-2 5.39114E-2 4.78185E-2 4.66372E-2 4.48713E-2 4.85525E-2 4.31654E-2 4.21023E-2 4.0321E-2 3.77347E-2 3.70175E-2 3.65812E-2 3.43231E-2 3.69386E-2 3.53439E-2 3.55888E-2 3.603E-2 3.61712E-2 3.55052E-2 3.28645E-2 3.56558E-2 3.45104E-2 3.42883E-2 3.46363E-2 3.47698E-2 3.38729E-2 3.31664E-2 3.31116E-2 3.3948E-2 3.53889E-2 3.26285E-2 3.17071E-2 3.20824E-2 3.21791E-2 3.14869E-2 3.1548E-2 3.38566E-2 3.35705E-2 3.14703E-2 3.44593E-2 3.5014E-2 3.45031E-2 3.0453E-2 3.04418E-2 3.17805E-2 3.16302E-2 3.14408E-2 2.9876E-2 3.12669E-2
5.3279E-2 4.91093E-2 5.1117E-2 5.30672E-2 5.25038E-2 6.0758E-2 7.40586E-2 7.66473E-2 7.72122E-2 7.63997E-2 7.95696E-2 7.94134E-2 8.06249E-2 7.4602E-2 5.14578E-2 4.63237E-2 4.85739E-2 4.42668E-2 4.43684E-2 4.52954E-2 4.42117E-2 4.00033E-2 3.90774E-2 3.79292E-2 3.68484E-2 3.61681E-2 3.57953E-2 3.6522E-2 3.52439E-2 3.59194E-2 3.52581E-2 3.47154E-2 3.58041E-2 3.44493E-2 3.47285E-2 3.42159E-2 3.28877E-2 3.36797E-2 3.4078E-2 3.36824E-2 3.2329E-2 3.28573E-2 3.37806E-2 3.3462E-2 3.19879E-2 3.00211E-2 2.98175E-2 3.48788E-2 3.32037E-2 3.16912E-2 3.10909E-2 3.10711E-2 3.05618E-2 3.04152E-2 3.23828E-2 3.20546E-2 3.1855E-2 3.09924E-2 2.9954E-2 2.95186E-2 2.88534E-2
5.50251E-2 4.92411E-2 5.13044E-2 5.07179E-2 5.05639E-2 4.99879E-2 6.23749E-2 7.32399E-2 6.6683E-2 6.35432E-2 7.80433E-2 7.5642E-2 7.69881E-2 7.17024E-2 6.11965E-2 4.83866E-2 4.93955E-2 4.52738E-2 4.29282E-2 4.19486E-2 3.95325E-2 3.96682E-2 3.90718E-2 3.66481E-2 3.80228E-2 3.74688E-2 3.59156E-2 3.61088E-2 3.53861E-2 3.52343E-2 3.43809E-2 3.41794E-2 3.39559E-2 3.35418E-2 3.51948E-2 3.4406E-2 3.37797E-2 3.35705E-2 3.42108E-2 3.37873E-2 3.27858E-2 3.10759E-2 3.14956E-2 3.22893E-2 3.1156E-2 3.04339E-2 3.03216E-2 3.19425E-2 3.01145E-2 2.99612E-2 2.82224E-2 2.9672E-2 3.02393E-2 3.07678E-2 3.05028E-2 3.13245E-2 3.01363E-2 2.91615E-2 2.88591E-2 2.88004E-2 3.04578E-2
5.25411E-2 5.15055E-2 4.9927E-2 4.89919E-2 5.12644E-2 5.03364E-2 5.05353E-2 5.34784E-2 7.05401E-2 6.91727E-2 7.28756E-2 7.2825E-2 7.02042E-2 6.57219E-2 6.34242E-2 4.88618E-2 4.72358E-2 4.39221E-2 4.20041E-2 4.08881E-2 4.08847E-2 4.06663E-2 3.91781E-2 3.67119E-2 3.87525E-2 3.82031E-2 3.73253E-2 3.84029E-2 3.56477E-2 3.53416E-2 3.64658E-2 3.55762E-2 3.44257E-2 3.39361E-2 3.43502E-2 3.32239E-2 3.24271E-2 3.12293E-2 3.24842E-2 3.0927E-2 3.3636E-2 3.21846E-2 3.00238E-2 2.97539E-2 2.78354E-2 2.79744E-2 2.80246E-2 2.8329E-2 2.75088E-2 2.72802E-2 2.81908E-2 2.74419E-2 2.97515E-2 2.79244E-2 3.00738E-2 2.87277E-2 2.95509E-2 2.95967E-2 2.87946E-2 2.84449E-2 2.94658E-2
5.14275E-2 5.00508E-2 5.04572E-2 5.08743E-2 4.9984E-2 4.88582E-2 4.95517E-2 4.99546E-2 5.67658E-2 7.15348E-2 5.95122E-2 5.6488E-2 6.36525E-2 6.98822E-2 6.80948E-2 5.25445E-2 4.58912E-2 4.28839E-2 4.30638E-2 4.1881E-2 4.1249E-2 4.18263E-2 3.88176E-2 4.05155E-2 4.28275E-2 4.22528E-2 4.06561E-2 3.98083E-2 4.03489E-2 3.84618E-2 3.83094E-2 3.87769E-2 3.88998E-2 3.51303E-2 3.47493E-2 3.18778E-2 3.1195E-2 3.09103E-2 3.04296E-2 3.08261E-2 3.11303E-2 3.04096E-2 2.95444E-2 2.79249E-2 2.89496E-2 2.85362E-2 2.75078E-2 2.78414E-2 2.87635E-2 2.84003E-2 2.92145E-2 2.86655E-2 2.76832E-2 2.78899E-2 2.83758E-2 2.92038E-2 2.99503E-2 3.00228E-2 2.98415E-2 3.01487E-2 2.88323E-2
5.12416E-2 5.25487E-2 5.10289E-2 4.9948E-2 4.88748E-2 5.00305E-2 5.11176E-2 5.18888E-2 5.04609E-2 5.65991E-2 5.19736E-2 5.05467E-2 4.76569E-2 6.01259E-2 6.32465E-2 5.96478E-2 4.66331E-2 4.20861E-2 4.03953E-2 4.10816E-2 3.97052E-2 4.0456E-2 4.07958E-2 4.14759E-2 4.39982E-2 3.96377E-2 4.05656E-2 3.89588E-2 3.78245E-2 3.78084E-2 3.83638E-2 3.87848E-2 3.98561E-2 3.83643E-2 3.51714E-2 3.27316E-2 3.15759E-2 3.25213E-2 3.20183E-2 3.26359E-2 3.03282E-2 2.97875E-2 2.87606E-2 2.82366E-2 2.8835E-2 2.98346E-2 2.81281E-2 2.81566E-2 3.10434E-2 3.0235E-2 3.12759E-2 2.98489E-2 2.90968E-2 2.83894E-2 2.94828E-2 3.03161E-2 3.08856E-2 3.00503E-2 2.83866E-2 2.82916E-2 2.97214E-2
5.81498E-2 5.39027E-2 5.22393E-2 5.07709E-2 4.7965E-2 4.88162E-2 5.32338E-2 5.17878E-2 4.66661E-2 4.55198E-2 4.65884E-2 4.59561E-2 5.3405E-2 5.61114E-2 5.67438E-2 5.45064E-2 4.90985E-2 4.39116E-2 4.12492E-2 4.11974E-2 4.11855E-2 4.07497E-2 4.09541E-2 4.23164E-2 4.05892E-2 4.12253E-2 3.93642E-2 4.12216E-2 3.90187E-2 4.04309E-2 3.93914E-2 3.95622E-2 4.09265E-2 3.8092E-2 3.86179E-2 3.70353E-2 3.50665E-2 3.49416E-2 3.53985E-2 3.32395E-2 3.28134E-2 3.06713E-2 2.93858E-2 2.79362E-2 2.96488E-2 3.13425E-2 2.98358E-2 2.94096E-2 2.92994E-2 2.99826E-2 3.10476E-2 2.99715E-2 3.0965E-2 3.08992E-2 3.11359E-2 3.16743E-2 2.99952E-2 2.93264E-2 3.05444E-2 2.92658E-2 2.8928E-2
5.5842E-2 5.53559E-2 5.7345E-2 5.62882E-2 5.20248E-2 5.27275E-2 5.156E-2 4.53088E-2 4.48233E-2 4.7549E-2 4.79444E-2 4.62084E-2 4.58479E-2 5.41596E-2 4.96343E-2 4.20866E-2 5.01762E-2 4.88611E-2 4.22081E-2 4.16E-2 4.14259E-2 4.14883E-2 4.14603E-2 4.22511E-2 4.02121E-2 4.09736E-2 4.06327E-2 4.11552E-2 4.1964E-2 3.98494E-2 3.96404E-2 3.96514E-2 3.76791E-2 3.81424E-2 3.81469E-2 3.58215E-2 3.51112E-2 3.34023E-2 3.32498E-2 3.30494E-2 3.05768E-2 3.02516E-2 2.92326E-2 2.9521E-2 3.09039E-2 3.3517E-2 3.00925E-2 2.91182E-2 3.10754E-2 2.97444E-2 3.07519E-2 3.09555E-2 3.07334E-2 3.07771E-2 3.07133E-2 3.1931E-2 2.98238E-2 2.94865E-2 2.8948E-2 2.7634E-2 2.77803E-2
4.6523E-2 5.18691E-2 5.87272E-2 5.66409E-2 4.97318E-2 4.50836E-2 4.57539E-2 4.57285E-2 4.75895E-2 4.79392E-2 4.66431E-2 4.07473E-2 4.05572E-2 4.81537E-2 4.30256E-2 4.76651E-2 5.68238E-2 5.76468E-2 4.41673E-2 4.35624E-2 4.21716E-2 3.96615E-2 3.93366E-2 4.00484E-2 4.07346E-2 4.06803E-2 4.14664E-2 4.39325E-2 4.21241E-2 4.07141E-2 4.02728E-2 3.92068E-2 3.78343E-2 3.57815E-2 3.7172E-2 3.53518E-2 3.61538E-2 3.42526E-2 3.12437E-2 3.08974E-2 3.04426E-2 3.29609E-2 3.46778E-2 3.35578E-2 3.21498E-2 3.47492E-2 3.07281E-2 3.00158E-2 3.08317E-2 3.06488E-2 3.11677E-2 3.2157E-2 3.11644E-2 3.14319E-2 3.11499E-2 3.10118E-2 2.98211E-2 2.79419E-2 2.80528E-2 2.67945E-2 2.76452E-2
4.67566E-2 5.06989E-2 5.44781E-2 5.89522E-2 6.03544E-2 5.27441E-2 4.52462E-2 4.53754E-2 4.80421E-2 4.74696E-2 4.30487E-2 3.90208E-2 3.91308E-2 4.37468E-2 4.35451E-2 5.36345E-2 5.29948E-2 5.92484E-2 5.47053E-2 4.50548E-2 4.23851E-2 4.17386E-2 3.99136E-2 4.07421E-2 4.23251E-2 4.1472E-2 4.27744E-2 4.47016E-2 4.53454E-2 4.1464E-2 4.16664E-2 4.10781E-2 3.8687E-2 3.84664E-2 3.75469E-2 3.59838E-2 4.08373E-2 4.03451E-2 3.43562E-2 3.30044E-2 3.42333E-2 3.36005E-2 3.34872E-2 3.24476E-2 3.29031E-2 3.37978E-2 3.41738E-2 3.32113E-2 3.20749E-2 3.142E-2 3.05223E-2 3.08794E-2 3.16454E-2 3.07837E-2 3.02778E-2 3.0754E-2 2.99806E-2 2.80785E-2 2.83584E-2 2.89895E-2 2.68889E-2
4.96937E-2 4.93816E-2 5.05589E-2 5.47875E-2 5.75621E-2 5.55979E-2 5.08652E-2 4.55391E-2 5.12405E-2 4.92323E-2 4.35165E-2 4.09383E-2 3.94423E-2 4.34425E-2 4.4587E-2 5.33456E-2 5.76738E-2 6.58248E-2 5.65813E-2 4.54285E-2 4.22376E-2 4.31449E-2 4.10016E-2 4.0941E-2 4.1405E-2 4.19128E-2 4.44544E-2 4.41694E-2 4.42603E-2 4.18033E-2 4.17774E-2 4.24565E-2 4.09862E-2 4.33311E-2 3.93236E-2 3.74692E-2 3.83717E-2 3.78831E-2 3.51449E-2 3.21827E-2 3.41418E-2 3.29162E-2 3.24456E-2 3.23745E-2 3.3204E-2 3.22493E-2 3.26359E-2 3.31511E-2 3.29881E-2 3.09964E-2 2.8498E-2 2.96961E-2 3.29718E-2 3.3235E-2 3.19529E-2 3.09855E-2 2.96191E-2 2.93632E-2 2.81295E-2 2.78937E-2 2.77217E-2
5.15925E-2 5.0331E-2 4.71824E-2 5.04293E-2 5.85906E-2 5.88097E-2 5.30324E-2 4.76546E-2 4.77384E-2 4.57012E-2 4.59566E-2 4.81451E-2 4.7127E-2 4.71266E-2 4.9878E-2 6.75308E-2 7.42828E-2 7.31842E-2 6.42307E-2 4.64514E-2 4.82263E-2 4.63878E-2 4.2903E-2 4.39714E-2 4.32249E-2 4.31969E-2 4.36602E-2 4.38735E-2 4.34539E-2 4.18098E-2 3.9426E-2 4.0718E-2 4.16967E-2 4.14117E-2 4.10503E-2 3.87629E-2 3.59858E-2 3.53149E-2 3.31984E-2 3.25332E-2 3.16856E-2 3.20798E-2 3.16157E-2 3.19543E-2 3.16255E-2 3.12684E-2 3.11149E-2 3.02264E-2 3.07987E-2 3.04731E-2 2.93169E-2 3.0874E-2 2.95362E-2 2.86686E-2 2.96337E-2 3.05735E-2 2.88213E-2 2.84459E-2 2.76325E-2 2.7671E-2 2.78192E-2
4.73061E-2 4.54569E-2 4.53255E-2 4.64235E-2 5.57702E-2 6.58776E-2 6.57061E-2 5.57713E-2 5.08616E-2 4.78365E-2 4.97649E-2 4.85837E-2 4.97323E-2 5.10805E-2 5.38117E-2 7.30369E-2 7.45838E-2 7.20638E-2 6.81144E-2 5.28262E-2 5.24055E-2 4.85911E-2 4.52907E-2 4.35981E-2 4.38874E-2 4.56233E-2 4.36154E-2 4.46508E-2 4.34943E-2 4.32206E-2 4.4121E-2 4.29824E-2 4.30462E-2 3.88426E-2 3.87761E-2 4.07678E-2 3.9889E-2 3.60401E-2 3.54428E-2 3.31657E-2 3.39246E-2 3.11343E-2 2.92803E-2 3.13079E-2 3.2901E-2 3.32836E-2 3.23152E-2 3.31254E-2 3.06981E-2 3.18067E-2 3.13868E-2 2.96147E-2 2.87195E-2 2.89943E-2 2.85761E-2 2.81791E-2 2.76501E-2 2.73469E-2 2.70442E-2 2.72017E-2 2.71655E-2
4.81333E-2 4.53632E-2 4.53149E-2 4.7878E-2 5.09253E-2 6.13436E-2 6.55514E-2 6.45985E-2 5.55406E-2 5.04855E-2 5.24184E-2 4.9589E-2 5.37063E-2 4.90254E-2 5.19664E-2 7.13996E-2 7.54173E-2 6.72508E-2 5.94296E-2 5.3536E-2 5.21983E-2 5.03913E-2 4.9355E-2 4.62214E-2 4.5589E-2 4.46407E-2 4.75719E-2 4.55372E-2 4.37267E-2 4.59403E-2 4.63307E-2 4.34095E-2 4.16026E-2 4.14603E-2 4.03803E-2 4.26333E-2 3.87488E-2 3.66339E-2 3.87533E-2 3.56768E-2 3.48466E-2 3.31195E-2 3.38862E-2 3.29273E-2 3.46002E-2 3.55808E-2 3.19164E-2 3.10941E-2 2.94915E-2 3.03869E-2 3.04917E-2 2.83838E-2 2.78406E-2 2.76264E-2 2.83652E-2 2.65529E-2 2.66185E-2 2.71674E-2 2.76627E-2 2.62162E-2 2.67923E-2
4.6223E-2 4.61804E-2 4.59325E-2 4.79018E-2 4.94167E-2 5.4388E-2 6.34634E-2 6.61826E-2 6.4696E-2 5.28423E-2 5.08864E-2 5.45408E-2 5.23319E-2 5.26506E-2 5.50707E-2 7.09741E-2 7.29444E-2 6.25841E-2 5.19975E-2 4.93865E-2 5.12754E-2 5.47158E-2 4.84161E-2 4.75118E-2 4.97974E-2 4.85497E-2 4.76221E-2 4.99233E-2 4.93475E-2 5.0075E-2 4.87907E-2 4.67625E-2 4.59747E-2 4.7453E-2 4.5102E-2 4.27964E-2 4.26877E-2 4.14616E-2 4.10537E-2 4.27962E-2 4.13778E-2 3.86981E-2 3.69924E-2 3.73771E-2 3.91557E-2 3.68148E-2 3.28921E-2 3.17784E-2 3.13896E-2 2.91933E-2 2.83402E-2 2.82441E-2 2.6077E-2 2.61808E-2 2.73755E-2 2.57748E-2 2.60116E-2 2.64046E-2 2.65022E-2 2.67881E-2 2.55842E-2
4.36427E-2 4.53877E-2 4.64904E-2 4.74621E-2 4.87609E-2 5.52789E-2 6.4304E-2 6.42298E-2 5.78902E-2 5.0687E-2 4.96026E-2 5.07717E-2 4.98555E-2 5.39109E-2 5.55838E-2 5.98502E-2 5.53573E-2 5.45983E-2 4.80626E-2 5.07403E-2 4.89515E-2 5.06706E-2 5.15313E-2 5.08213E-2 5.20955E-2 5.49563E-2 5.42332E-2 5.53267E-2 5.44134E-2 5.04532E-2 5.2584E-2 5.11533E-2 5.11419E-2 4.78613E-2 4.63762E-2 4.30516E-2 4.23595E-2 4.17959E-2 4.23814E-2 4.12614E-2 4.27014E-2 4.38238E-2 4.20001E-2 4.13649E-2 4.03408E-2 3.60468E-2 3.34421E-2 3.10915E-2 3.09269E-2 2.82457E-2 2.74625E-2 2.63434E-2 2.502E-2 2.43493E-2 2.52698E-2 2.55267E-2 2.4987E-2 2.45897E-2 2.48752E-2 2.55775E-2 2.47927E-2
3.8328E-2 4.1098E-2 4.45827E-2 4.55345E-2 4.56551E-2 4.88591E-2 5.31912E-2 5.55408E-2 5.23812E-2 4.98098E-2 4.71778E-2 4.61613E-2 4.62777E-2 4.85055E-2 5.13839E-2 5.51206E-2 5.20087E-2 5.03345E-2 4.89607E-2 5.2246E-2 4.89986E-2 4.89653E-2 5.36402E-2 5.23638E-2 5.23086E-2 5.58346E-2 5.24913E-2 5.49444E-2 5.60777E-2 5.4005E-2 5.07028E-2 4.95121E-2 4.95061E-2 4.59559E-2 4.9795E-2 4.77716E-2 4.2537E-2 4.25098E-2 4.18564E-2 3.79675E-2 3.83428E-2 3.89402E-2 3.79835E-2 4.05712E-2 4.04279E-2 3.74172E-2 3.27356E-2 3.06079E-2 2.92743E-2 2.82945E-2 2.65643E-2 2.47087E-2 2.64916E-2 2.53431E-2 2.49904E-2 2.56604E-2 2.44057E-2 2.27721E-2 2.29218E-2 2.3821E-2 2.47412E-2
3.88055E-2 4.02945E-2 4.31183E-2 4.50112E-2 4.52143E-2 4.99966E-2 5.53671E-2 5.82151E-2 5.35909E-2 5.17136E-2 4.81506E-2 4.73459E-2 4.72537E-2 5.15225E-2 5.50934E-2 5.19388E-2 4.92013E-2 5.07645E-2 4.99562E-2 4.89313E-2 4.82208E-2 4.81087E-2 5.20728E-2 5.42811E-2 5.33359E-2 5.31351E-2 5.40354E-2 5.26187E-2 5.44042E-2 5.76476E-2 5.27029E-2 5.07E-2 4.81611E-2 4.73699E-2 4.86748E-2 4.68466E-2 4.50091E-2 4.27652E-2 4.25509E-2 4.23379E-2 3.91798E-2 4.16315E-2 3.92256E-2 3.77453E-2 3.78795E-2 3.70595E-2 3.24427E-2 2.83301E-2 2.70468E-2 2.71594E-2 2.8939E-2 2.65006E-2 2.48046E-2 2.39836E-2 2.40128E-2 2.36403E-2 2.21784E-2 2.2369E-2 2.19981E-2 2.36659E-2 2.66747E-2
4.06005E-2 4.32221E-2 4.40552E-2 4.43205E-2 4.71039E-2 4.86689E-2 4.96481E-2 5.1729E-2 5.2117E-2 5.20699E-2 4.87008E-2 4.68722E-2 4.79788E-2 4.99201E-2 5.38391E-2 5.06317E-2 4.77792E-2 4.73176E-2 4.74652E-2 4.84273E-2 4.77233E-2 4.66127E-2 4.86632E-2 5.22893E-2 5.20171E-2 5.36436E-2 5.36527E-2 5.4616E-2 5.54639E-2 5.73531E-2 5.67818E-2 5.27447E-2 5.01203E-2 4.87892E-2 4.99307E-2 4.77626E-2 4.90203E-2 5.04407E-2 4.75553E-2 4.35222E-2 4.55476E-2 4.12527E-2 3.77715E-2 3.35604E-2 3.30194E-2 3.14601E-2 2.82904E-2 2.66437E-2 2.67532E-2 2.47986E-2 2.40483E-2 2.40237E-2 2.34192E-2 2.39397E-2 2.43268E-2 2.29052E-2 2.26836E-2 2.24656E-2 2.21818E-2 2.39028E-2 2.55395E-2
4.14834E-2 4.29839E-2 4.39145E-2 4.53576E-2 4.29398E-2 4.40587E-2 4.75828E-2 4.82978E-2 4.74751E-2 4.51578E-2 4.53247E-2 4.56484E-2 4.66794E-2 4.97999E-2 5.15077E-2 5.24085E-2 5.11919E-2 4.71157E-2 4.4319E-2 4.34352E-2 4.30677E-2 4.5023E-2 4.82131E-2 4.93169E-2 5.0807E-2 5.155E-2 5.9211E-2 5.9387E-2 5.83404E-2 6.06675E-2 6.31712E-2 5.63867E-2 5.28738E-2 5.29452E-2 5.17669E-2 4.77089E-2 4.72674E-2 4.822E-2 4.65032E-2 4.44523E-2 4.23987E-2 4.40532E-2 3.71058E-2 3.18619E-2 2.91573E-2 2.82292E-2 2.80304E-2 2.65282E-2 2.55022E-2 2.72229E-2 2.28165E-2 2.23206E-2 2.23771E-2 2.26066E-2 2.28231E-2 2.2592E-2 2.16811E-2 2.2063E-2 2.34358E-2 2.27554E-2 2.32938E-2
