maxent_outputs/hummingbirds/hummingbird_88.asc
ncols         426
nrows         180
xllcorner     -130.0
yllcorner     24.0
cellsize      0.16666666666666666
NODATA_value  -9999
[rows 108 to 134 of 180, columns 183 to 243 of 426]
3.85713E-1 3.95536E-1 3.97921E-1 3.95893E-1 4.06234E-1 4.11408E-1 4.11735E-1 3.94979E-1 3.96519E-1 3.987E-1 4.04786E-1 4.12377E-1 4.17834E-1 4.27248E-1 4.38044E-1 4.40006E-1 4.40068E-1 4.32737E-1 4.31212E-1 4.2514E-1 4.11152E-1 3.93271E-1 3.82456E-1 3.85898E-1 3.92792E-1 3.98458E-1 3.79314E-1 3.76522E-1 3.85849E-1 3.66111E-1 3.53028E-1 3.41778E-1 3.28804E-1 3.22738E-1 3.20325E-1 3.172E-1 3.18313E-1 3.20557E-1 3.2971E-1 3.3387E-1 3.34566E-1 3.23847E-1 3.13858E-1 3.09073E-1 3.14224E-1 3.08416E-1 2.93655E-1 2.81039E-1 2.67142E-1 2.81873E-1 2.88849E-1 3.00087E-1 2.96746E-1 2.944E-1 2.94827E-1 2.94471E-1 3.08284E-1 3.0012E-1 3.07211E-1 3.04176E-1 2.98574E-1
3.87795E-1 3.94419E-1 3.97115E-1 3.98507E-1 3.99669E-1 4.11146E-1 4.12108E-1 4.11401E-1 4.02166E-1 4.00519E-1 4.04484E-1 4.18069E-1 4.31767E-1 4.3556E-1 4.46426E-1 4.49872E-1 4.48915E-1 4.44151E-1 4.36071E-1 4.30346E-1 4.18775E-1 4.02605E-1 3.88368E-1 3.92017E-1 3.96186E-1 3.97838E-1 3.91547E-1 4.04395E-1 4.08734E-1 3.85817E-1 3.59195E-1 3.46193E-1 3.37265E-1 3.26012E-1 3.30025E-1 3.25153E-1 3.24586E-1 3.33206E-1 3.28297E-1 3.26254E-1 3.27436E-1 3.32463E-1 3.20268E-1 3.08856E-1 3.01906E-1 3.05862E-1 3.11851E-1 2.99382E-1 2.83579E-1 2.87473E-1 3.01389E-1 3.15378E-1 3.25411E-1 3.16624E-1 3.05767E-1 3.11348E-1 3.17265E-1 3.26861E-1 3.2431E-1 3.03452E-1 3.05025E-1
3.99169E-1 4.109E-1 4.02594E-1 4.03025E-1 3.97799E-1 4.03944E-1 4.14967E-1 4.18562E-1 4.09685E-1 4.14301E-1 4.14925E-1 4.31799E-1 4.38333E-1 4.45388E-1 4.54889E-1 4.59198E-1 4.55832E-1 4.48151E-1 4.45085E-1 4.38036E-1 4.27823E-1 4.11238E-1 4.03685E-1 3.99648E-1 3.97971E-1 3.97901E-1 4.03806E-1 4.08578E-1 4.0576E-1 3.91743E-1 3.74442E-1 3.54491E-1 3.48482E-1 3.46387E-1 3.35083E-1 3.38672E-1 3.43658E-1 3.52637E-1 3.45971E-1 3.41584E-1 3.34669E-1 3.36765E-1 3.37086E-1 3.39644E-1 3.27123E-1 3.03379E-1 2.92316E-1 2.93109E-1 2.95143E-1 2.98353E-1 3.11354E-1 3.28507E-1 3.32258E-1 3.22475E-1 3.20734E-1 3.2372E-1 3.29769E-1 3.45558E-1 3.34735E-1 3.24338E-1 3.23882E-1
4.04314E-1 4.1092E-1 4.07788E-1 3.99625E-1 3.95584E-1 4.01598E-1 4.06267E-1 4.17835E-1 4.10181E-1 4.05044E-1 4.16408E-1 4.32024E-1 4.36848E-1 4.40882E-1 4.5313E-1 4.57675E-1 4.54959E-1 4.45909E-1 4.43979E-1 4.3667E-1 4.31523E-1 4.29384E-1 4.3355E-1 4.34825E-1 4.11854E-1 3.95618E-1 4.01255E-1 4.25957E-1 4.13893E-1 3.91955E-1 3.86403E-1 3.62897E-1 3.55054E-1 3.44979E-1 3.39703E-1 3.46529E-1 3.60957E-1 3.50849E-1 3.52581E-1 3.48321E-1 3.43366E-1 3.2993E-1 3.24011E-1 3.12693E-1 3.12038E-1 3.01605E-1 2.94685E-1 2.91833E-1 3.07797E-1 3.03475E-1 3.19665E-1 3.34912E-1 3.34568E-1 3.25176E-1 3.24364E-1 3.35068E-1 3.51122E-1 3.45818E-1 3.43795E-1 3.37541E-1 3.35667E-1
4.04931E-1 4.08356E-1 4.05471E-1 3.96958E-1 3.98049E-1 3.9954E-1 4.1569E-1 4.17802E-1 4.17959E-1 4.15619E-1 4.26979E-1 4.3214E-1 4.33712E-1 4.46407E-1 4.46269E-1 4.50255E-1 4.43681E-1 4.4481E-1 4.43935E-1 4.39417E-1 4.35483E-1 4.30555E-1 4.33683E-1 4.35762E-1 4.17396E-1 4.03147E-1 4.08078E-1 4.17096E-1 4.03028E-1 3.93678E-1 3.77018E-1 3.6095E-1 3.58297E-1 3.48953E-1 3.4133E-1 3.42364E-1 3.57038E-1 3.69997E-1 3.60248E-1 3.53096E-1 3.46637E-1 3.35349E-1 3.2769E-1 3.10751E-1 2.99976E-1 2.96234E-1 3.0402E-1 3.03442E-1 3.18793E-1 3.13717E-1 3.30483E-1 3.37507E-1 3.25505E-1 3.20536E-1 3.28557E-1 3.37077E-1 3.67941E-1 3.71871E-1 3.64146E-1 3.49954E-1 3.40656E-1
4.18109E-1 4.09971E-1 4.06987E-1 4.03765E-1 4.0247E-1 4.06536E-1 4.14976E-1 4.30246E-1 4.31767E-1 4.36338E-1 4.45434E-1 4.44738E-1 4.41001E-1 4.40459E-1 4.4242E-1 4.44881E-1 4.45732E-1 4.47899E-1 4.42682E-1 4.43884E-1 4.43066E-1 4.32106E-1 4.31894E-1 4.30131E-1 4.18718E-1 4.14763E-1 4.14952E-1 4.1798E-1 4.03015E-1 3.82542E-1 3.72098E-1 3.65749E-1 3.66142E-1 3.639E-1 3.59913E-1 3.63032E-1 3.6334E-1 3.60885E-1 3.51832E-1 3.42749E-1 3.43488E-1 3.35403E-1 3.32345E-1 3.14232E-1 3.06005E-1 3.04137E-1 3.17201E-1 3.26297E-1 3.33114E-1 3.27248E-1 3.34775E-1 3.2649E-1 3.15863E-1 3.2098E-1 3.37379E-1 3.52879E-1 3.80029E-1 3.85224E-1 3.67167E-1 3.47661E-1 3.34703E-1
4.18605E-1 4.25693E-1 4.15974E-1 4.14268E-1 4.14888E-1 4.10133E-1 4.14843E-1 4.28487E-1 4.36221E-1 4.41428E-1 4.49949E-1 4.45073E-1 4.42454E-1 4.4156E-1 4.40463E-1 4.40028E-1 4.36374E-1 4.43984E-1 4.45527E-1 4.39233E-1 4.33653E-1 4.23919E-1 4.25387E-1 4.32364E-1 4.27045E-1 4.28321E-1 4.29956E-1 4.24727E-1 4.12046E-1 3.87159E-1 3.75767E-1 3.74286E-1 3.76174E-1 3.69022E-1 3.7359E-1 3.68011E-1 3.61977E-1 3.57315E-1 3.47583E-1 3.35604E-1 3.34366E-1 3.41686E-1 3.48387E-1 3.28879E-1 3.32519E-1 3.28946E-1 3.3259E-1 3.41812E-1 3.50012E-1 3.48009E-1 3.47285E-1 3.3114E-1 3.22681E-1 3.28605E-1 3.44638E-1 3.64545E-1 3.67165E-1 3.63408E-1 3.55379E-1 3.40672E-1 3.26692E-1
4.17143E-1 4.24605E-1 4.30491E-1 4.20509E-1 4.16336E-1 4.24752E-1 4.27964E-1 4.32573E-1 4.44244E-1 4.44758E-1 4.48426E-1 4.46273E-1 4.39713E-1 4.35376E-1 4.43963E-1 4.34389E-1 4.32119E-1 4.33691E-1 4.37007E-1 4.32677E-1 4.22886E-1 4.16928E-1 4.18657E-1 4.28999E-1 4.39586E-1 4.3735E-1 4.27074E-1 4.13096E-1 3.95335E-1 3.78549E-1 3.57215E-1 3.58089E-1 3.68109E-1 3.67068E-1 3.65828E-1 3.51052E-1 3.47765E-1 3.41344E-1 3.34942E-1 3.36378E-1 3.33751E-1 3.277E-1 3.55737E-1 3.60661E-1 3.48842E-1 3.56644E-1 3.54175E-1 3.65372E-1 3.68121E-1 3.6901E-1 3.64197E-1 3.5307E-1 3.48319E-1 3.61938E-1 3.70278E-1 3.68012E-1 3.76342E-1 3.63194E-1 3.52005E-1 3.33785E-1 3.2786E-1
4.29096E-1 4.31502E-1 4.37779E-1 4.22515E-1 4.20622E-1 4.2404E-1 4.31199E-1 4.317E-1 4.46462E-1 4.57024E-1 4.52349E-1 4.44512E-1 4.43546E-1 4.43534E-1 4.50391E-1 4.43146E-1 4.27498E-1 4.40211E-1 4.42996E-1 4.33849E-1 4.23262E-1 4.15946E-1 4.1539E-1 4.23652E-1 4.40533E-1 4.38743E-1 4.17067E-1 3.92801E-1 3.7127E-1 3.56161E-1 3.50235E-1 3.54504E-1 3.4452E-1 3.51219E-1 3.56056E-1 3.55273E-1 3.65848E-1 3.58394E-1 3.35188E-1 3.37326E-1 3.40994E-1 3.39989E-1 3.43863E-1 3.44799E-1 3.56913E-1 3.5562E-1 3.76269E-1 3.80986E-1 3.88346E-1 3.81469E-1 3.82283E-1 3.72298E-1 3.59233E-1 3.74614E-1 3.78234E-1 3.74637E-1 3.57536E-1 3.57599E-1 3.47788E-1 3.41755E-1 3.38001E-1
4.46491E-1 4.4704E-1 4.42917E-1 4.38536E-1 4.26223E-1 4.18816E-1 4.23793E-1 4.33136E-1 4.44627E-1 4.52394E-1 4.56469E-1 4.50355E-1 4.42351E-1 4.38649E-1 4.56431E-1 4.56621E-1 4.49446E-1 4.47406E-1 4.48543E-1 4.28864E-1 4.19415E-1 4.1866E-1 4.19934E-1 4.30827E-1 4.38277E-1 4.32436E-1 4.14256E-1 3.88348E-1 3.72292E-1 3.60078E-1 3.55478E-1 3.57679E-1 3.36031E-1 3.28103E-1 3.35483E-1 3.34303E-1 3.36002E-1 3.28746E-1 3.43243E-1 3.36326E-1 3.41758E-1 3.47593E-1 3.43392E-1 3.40873E-1 3.59612E-1 3.56918E-1 3.82459E-1 3.9948E-1 4.05002E-1 4.00905E-1 4.03201E-1 3.94501E-1 3.88669E-1 3.92977E-1 3.91122E-1 3.89668E-1 3.6894E-1 3.6734E-1 3.76706E-1 3.61152E-1 3.41003E-1
4.5997E-1 4.62405E-1 4.55706E-1 4.43707E-1 4.38898E-1 4.28193E-1 4.29941E-1 4.3672E-1 4.51003E-1 4.52911E-1 4.51952E-1 4.54813E-1 4.44094E-1 4.409E-1 4.5893E-1 4.70066E-1 4.78007E-1 4.74355E-1 4.49892E-1 4.38128E-1 4.26123E-1 4.21139E-1 4.25627E-1 4.37936E-1 4.39944E-1 4.30224E-1 4.22497E-1 4.07002E-1 3.93807E-1 3.7096E-1 3.6178E-1 3.75696E-1 3.58775E-1 3.47963E-1 3.48253E-1 3.3952E-1 3.38298E-1 3.37626E-1 3.45819E-1 3.52313E-1 3.50785E-1 3.601E-1 3.56637E-1 3.46033E-1 3.56762E-1 3.71291E-1 3.83055E-1 4.03229E-1 4.15805E-1 4.12421E-1 4.16158E-1 4.07738E-1 4.03137E-1 4.05822E-1 4.0124E-1 4.03574E-1 3.97204E-1 3.86926E-1 3.6939E-1 3.58993E-1 3.58264E-1
4.7207E-1 4.70574E-1 4.58497E-1 4.50763E-1 4.51054E-1 4.50467E-1 4.48833E-1 4.56408E-1 4.63721E-1 4.61396E-1 4.58992E-1 4.60186E-1 4.50238E-1 4.59067E-1 4.69381E-1 4.85317E-1 4.82893E-1 4.88549E-1 4.58317E-1 4.41931E-1 4.29977E-1 4.27698E-1 4.28585E-1 4.28808E-1 4.48241E-1 4.34229E-1 4.32496E-1 4.11277E-1 3.89896E-1 3.7902E-1 4.01311E-1 3.95125E-1 3.80994E-1 3.75165E-1 3.63125E-1 3.47722E-1 3.48957E-1 3.47554E-1 3.6121E-1 3.61264E-1 3.59675E-1 3.60646E-1 3.69544E-1 3.56381E-1 3.46188E-1 3.51128E-1 3.72886E-1 3.99293E-1 4.23105E-1 4.24056E-1 4.27212E-1 4.22571E-1 4.2146E-1 4.17955E-1 4.13756E-1 4.22571E-1 4.02146E-1 3.85343E-1 3.80462E-1 3.69412E-1 3.81238E-1
4.7018E-1 4.79246E-1 4.74649E-1 4.73446E-1 4.74688E-1 4.85417E-1 4.70484E-1 4.64657E-1 4.69818E-1 4.75866E-1 4.74506E-1 4.73805E-1 4.64448E-1 4.79962E-1 4.89692E-1 5.06321E-1 5.02138E-1 4.91083E-1 4.63676E-1 4.58477E-1 4.49614E-1 4.36265E-1 4.34647E-1 4.377E-1 4.39499E-1 4.42416E-1 4.36259E-1 4.18058E-1 4.03093E-1 4.09483E-1 4.21395E-1 4.11924E-1 3.91418E-1 3.82549E-1 3.65564E-1 3.47001E-1 3.60698E-1 3.58593E-1 3.57652E-1 3.74148E-1 3.75203E-1 3.7359E-1 3.74806E-1 3.70667E-1 3.57005E-1 3.45926E-1 3.66878E-1 3.93569E-1 4.23255E-1 4.34918E-1 4.39063E-1 4.31371E-1 4.30162E-1 4.3202E-1 4.43242E-1 4.45855E-1 4.12752E-1 3.81613E-1 4.02672E-1 3.99157E-1 4.05089E-1
4.91671E-1 4.94497E-1 4.92521E-1 4.92821E-1 4.84792E-1 4.86795E-1 4.84513E-1 4.81989E-1 4.79012E-1 4.85632E-1 4.86939E-1 4.80866E-1 4.65423E-1 4.68375E-1 4.89572E-1 4.93691E-1 5.02301E-1 4.96764E-1 4.83188E-1 4.75435E-1 4.59571E-1 4.50989E-1 4.45707E-1 4.4793E-1 4.5218E-1 4.39945E-1 4.48329E-1 4.46884E-1 4.37759E-1 4.21382E-1 4.18417E-1 4.03265E-1 4.09402E-1 3.96701E-1 3.61472E-1 3.55331E-1 3.62809E-1 3.65434E-1 3.70599E-1 3.80437E-1 3.87961E-1 3.86979E-1 3.83515E-1 3.74814E-1 3.66723E-1 3.58469E-1 3.58423E-1 3.96918E-1 4.26751E-1 4.42923E-1 4.53416E-1 4.47904E-1 4.42578E-1 4.49867E-1 4.63049E-1 4.60967E-1 4.26701E-1 3.94917E-1 4.22276E-1 4.15093E-1 4.13007E-1
4.89771E-1 4.90398E-1 4.97645E-1 4.99864E-1 4.99799E-1 5.04287E-1 4.93042E-1 4.96863E-1 4.99731E-1 4.97983E-1 4.88209E-1 4.84798E-1 4.60698E-1 4.55203E-1 4.75106E-1 4.85498E-1 4.91086E-1 4.92651E-1 4.8275E-1 4.70464E-1 4.63031E-1 4.47637E-1 4.50785E-1 4.57186E-1 4.55812E-1 4.70592E-1 4.79968E-1 4.66586E-1 4.44754E-1 4.34513E-1 4.27493E-1 4.15869E-1 4.07325E-1 3.90995E-1 3.70527E-1 3.59939E-1 3.65823E-1 3.66302E-1 3.73507E-1 3.92629E-1 3.99639E-1 3.90443E-1 3.85577E-1 3.79348E-1 3.74814E-1 3.67709E-1 3.65665E-1 3.9015E-1 4.31991E-1 4.56456E-1 4.62642E-1 4.64147E-1 4.63451E-1 4.77631E-1 4.86129E-1 4.65815E-1 4.3281E-1 3.89816E-1 3.80275E-1 3.82537E-1 3.84489E-1
4.93343E-1 4.94717E-1 4.98353E-1 4.99047E-1 4.9577E-1 5.05246E-1 5.07704E-1 5.13334E-1 5.14401E-1 5.14213E-1 5.04871E-1 5.0187E-1 4.89586E-1 4.80673E-1 4.87602E-1 4.91047E-1 5.03137E-1 4.89221E-1 4.75847E-1 4.60438E-1 4.55074E-1 4.66262E-1 4.71451E-1 4.77112E-1 4.84473E-1 4.92942E-1 4.92036E-1 4.84291E-1 4.59116E-1 4.41524E-1 4.27155E-1 4.15162E-1 4.28976E-1 4.06939E-1 3.82398E-1 3.75192E-1 3.70595E-1 3.7593E-1 3.82714E-1 3.91248E-1 4.02749E-1 4.05466E-1 3.9256E-1 3.82187E-1 3.7753E-1 3.80712E-1 3.79834E-1 4.06552E-1 4.5579E-1 4.67851E-1 4.89001E-1 4.84997E-1 4.78315E-1 4.80714E-1 4.80953E-1 4.66469E-1 4.2795E-1 3.79254E-1 3.85694E-1 3.77637E-1 3.80374E-1
4.84883E-1 4.86867E-1 5.0005E-1 4.99288E-1 5.014E-1 5.0509E-1 5.06659E-1 5.16637E-1 5.18108E-1 5.20198E-1 5.10893E-1 5.04507E-1 5.01086E-1 4.99706E-1 5.07597E-1 5.01207E-1 5.08712E-1 4.99221E-1 4.84931E-1 4.74746E-1 4.71219E-1 4.79532E-1 4.94918E-1 4.92457E-1 4.99679E-1 5.05735E-1 5.02527E-1 4.92225E-1 4.80995E-1 4.61196E-1 4.42289E-1 4.46396E-1 4.12525E-1 3.88378E-1 3.92327E-1 3.8687E-1 3.95295E-1 3.93265E-1 3.96305E-1 4.0193E-1 4.05119E-1 4.04515E-1 3.95755E-1 3.98741E-1 3.97384E-1 3.90828E-1 4.04648E-1 4.31276E-1 4.73005E-1 4.76193E-1 4.87769E-1 4.94257E-1 4.90377E-1 4.84209E-1 4.68776E-1 4.64051E-1 4.07298E-1 3.7959E-1 3.81619E-1 3.69431E-1 3.69163E-1
5.00058E-1 5.097E-1 5.05803E-1 5.05543E-1 5.0799E-1 5.08959E-1 5.03751E-1 5.02988E-1 5.09157E-1 5.13977E-1 5.10041E-1 5.09652E-1 5.02543E-1 5.08777E-1 5.16831E-1 5.20808E-1 5.17428E-1 5.02239E-1 4.98064E-1 4.89108E-1 5.02341E-1 5.03317E-1 5.00854E-1 5.062E-1 5.05321E-1 5.15631E-1 5.20304E-1 5.15471E-1 4.97661E-1 4.70553E-1 4.47973E-1 4.40663E-1 4.30294E-1 4.09736E-1 4.04713E-1 4.03453E-1 4.12567E-1 4.20538E-1 4.1565E-1 4.15144E-1 4.06133E-1 3.98645E-1 3.94612E-1 4.03065E-1 4.19241E-1 3.98023E-1 4.20455E-1 4.56265E-1 4.78842E-1 4.79547E-1 4.84216E-1 4.90967E-1 4.87064E-1 4.85265E-1 4.84793E-1 4.76189E-1 4.23747E-1 4.01971E-1 3.91513E-1 3.78589E-1 3.66375E-1
5.05827E-1 5.16065E-1 5.12824E-1 5.03689E-1 5.00737E-1 5.0046E-1 5.01895E-1 5.06851E-1 5.06883E-1 5.06075E-1 5.02948E-1 5.15246E-1 5.09885E-1 5.1716E-1 5.34793E-1 5.47495E-1 5.42575E-1 5.16857E-1 5.01728E-1 5.10388E-1 5.31325E-1 5.41418E-1 5.35459E-1 5.34928E-1 5.20566E-1 5.15132E-1 5.19209E-1 5.26825E-1 5.24466E-1 4.97798E-1 4.72024E-1 4.60025E-1 4.47812E-1 4.36873E-1 4.15226E-1 4.08459E-1 4.3391E-1 4.36644E-1 4.38048E-1 4.321E-1 4.17899E-1 4.02786E-1 4.02342E-1 4.07246E-1 4.40992E-1 4.33049E-1 4.52059E-1 4.80023E-1 4.73449E-1 4.82136E-1 4.80952E-1 4.88715E-1 4.84263E-1 4.94987E-1 5.04623E-1 4.59847E-1 4.3455E-1 4.21799E-1 4.03627E-1 3.89778E-1 3.79788E-1
4.96003E-1 5.15119E-1 5.15626E-1 5.00635E-1 4.94529E-1 4.90292E-1 4.99433E-1 5.15192E-1 5.20176E-1 5.12179E-1 5.11031E-1 5.05521E-1 5.40227E-1 5.48206E-1 5.56793E-1 5.53592E-1 5.5538E-1 5.19753E-1 5.13986E-1 5.24816E-1 5.3906E-1 5.55969E-1 5.58872E-1 5.57343E-1 5.46884E-1 5.37814E-1 5.34706E-1 5.34164E-1 5.28099E-1 5.26049E-1 5.0012E-1 4.86655E-1 4.88398E-1 4.67388E-1 4.50514E-1 4.427E-1 4.54298E-1 4.558E-1 4.53349E-1 4.51007E-1 4.34008E-1 4.2733E-1 4.38734E-1 4.33033E-1 4.47443E-1 4.54032E-1 4.72127E-1 4.7863E-1 4.77415E-1 4.86199E-1 4.82918E-1 4.85771E-1 4.89471E-1 5.03681E-1 4.84486E-1 4.69342E-1 4.61283E-1 4.30131E-1 4.08726E-1 4.05444E-1 3.95472E-1
4.96468E-1 5.15099E-1 5.09122E-1 5.06074E-1 4.90753E-1 4.89306E-1 5.06998E-1 5.22878E-1 5.22825E-1 5.14842E-1 5.04791E-1 4.98888E-1 5.14727E-1 5.26395E-1 5.3267E-1 5.30703E-1 5.2099E-1 5.32218E-1 5.31932E-1 5.42921E-1 5.56129E-1 5.67786E-1 5.72514E-1 5.70744E-1 5.69427E-1 5.61598E-1 5.56575E-1 5.49623E-1 5.46105E-1 5.26224E-1 5.1276E-1 4.96176E-1 4.9702E-1 4.94117E-1 5.12781E-1 4.90896E-1 4.85203E-1 4.83983E-1 4.61667E-1 4.51089E-1 4.47685E-1 4.46915E-1 4.43541E-1 4.7213E-1 4.93067E-1 4.74517E-1 4.71372E-1 4.81126E-1 4.89584E-1 4.91715E-1 4.94331E-1 4.98683E-1 4.96619E-1 4.84431E-1 4.78162E-1 4.77132E-1 4.73765E-1 4.43529E-1 4.21807E-1 4.07867E-1 4.04846E-1
4.90025E-1 5.04606E-1 5.00961E-1 4.9697E-1 4.88838E-1 4.9619E-1 5.01929E-1 5.06559E-1 5.09332E-1 5.04054E-1 5.10215E-1 4.96297E-1 5.09956E-1 5.25323E-1 5.30832E-1 5.26847E-1 5.26352E-1 5.35629E-1 5.42823E-1 5.56478E-1 5.67752E-1 5.70448E-1 5.75317E-1 5.71478E-1 5.73057E-1 5.73627E-1 5.6731E-1 5.69319E-1 5.65453E-1 5.44621E-1 5.28528E-1 5.07208E-1 5.00783E-1 5.12679E-1 5.37865E-1 5.22745E-1 5.26361E-1 4.92903E-1 4.72639E-1 4.6086E-1 4.53347E-1 4.4506E-1 4.49579E-1 4.70245E-1 4.93119E-1 4.89967E-1 4.74545E-1 4.86054E-1 4.92716E-1 4.90536E-1 4.93725E-1 4.9775E-1 4.85149E-1 4.8996E-1 4.75273E-1 4.68619E-1 4.67787E-1 4.34002E-1 4.16228E-1 4.0855E-1 4.02E-1
4.89786E-1 4.96165E-1 4.91409E-1 4.94546E-1 4.95082E-1 4.99354E-1 4.85174E-1 4.84924E-1 5.01076E-1 5.02331E-1 5.18723E-1 5.1551E-1 5.14954E-1 5.22618E-1 5.36943E-1 5.29912E-1 5.40081E-1 5.43856E-1 5.48151E-1 5.56936E-1 5.71671E-1 5.77363E-1 5.73058E-1 5.73552E-1 5.79918E-1 5.78372E-1 5.76293E-1 5.7048E-1 5.54775E-1 5.51765E-1 5.31536E-1 5.17371E-1 5.02216E-1 5.07558E-1 5.22646E-1 5.36529E-1 5.23754E-1 4.99097E-1 4.77483E-1 4.64853E-1 4.62985E-1 4.52197E-1 4.52075E-1 4.59158E-1 4.89467E-1 4.91214E-1 4.74673E-1 4.91585E-1 4.98733E-1 4.98747E-1 5.02647E-1 4.85906E-1 4.86373E-1 4.92392E-1 4.76973E-1 4.69157E-1 4.60808E-1 4.33761E-1 4.14491E-1 4.00104E-1 4.00284E-1
4.96009E-1 5.08618E-1 5.0677E-1 4.96725E-1 5.07305E-1 5.12726E-1 4.97872E-1 4.94872E-1 5.00474E-1 5.04553E-1 5.13875E-1 5.25002E-1 5.26262E-1 5.30234E-1 5.36764E-1 5.42052E-1 5.48444E-1 5.47135E-1 5.58986E-1 5.68508E-1 5.70582E-1 5.68063E-1 5.66453E-1 5.63426E-1 5.74223E-1 5.75948E-1 5.84438E-1 5.73227E-1 5.54588E-1 5.42291E-1 5.31222E-1 5.1934E-1 5.09991E-1 5.08494E-1 5.26175E-1 5.36917E-1 5.28437E-1 4.99312E-1 4.7303E-1 4.70293E-1 4.57821E-1 4.42542E-1 4.51982E-1 4.64733E-1 4.77423E-1 4.93374E-1 4.87375E-1 4.98367E-1 5.06669E-1 5.04483E-1 4.96653E-1 4.79806E-1 4.77929E-1 4.72054E-1 4.57209E-1 4.5935E-1 4.4355E-1 4.44034E-1 4.28954E-1 4.22757E-1 4.23427E-1
5.10861E-1 5.17682E-1 5.12334E-1 5.02056E-1 5.00508E-1 5.12511E-1 5.11727E-1 5.09481E-1 5.1596E-1 5.22066E-1 5.25552E-1 5.25059E-1 5.31456E-1 5.43796E-1 5.42659E-1 5.51513E-1 5.58529E-1 5.56877E-1 5.7676E-1 5.8157E-1 5.75342E-1 5.6621E-1 5.53399E-1 5.50696E-1 5.62283E-1 5.70574E-1 5.87067E-1 5.84054E-1 5.58486E-1 5.39916E-1 5.28653E-1 5.16507E-1 5.15223E-1 5.28038E-1 5.25837E-1 5.25088E-1 5.17301E-1 5.03315E-1 4.84949E-1 4.70735E-1 4.56521E-1 4.59102E-1 4.64446E-1 4.71688E-1 4.65432E-1 4.81477E-1 4.9239E-1 5.01074E-1 5.03594E-1 5.01046E-1 4.68184E-1 4.65822E-1 4.60727E-1 4.56606E-1 4.40785E-1 4.47009E-1 4.56969E-1 4.57698E-1 4.48916E-1 4.55208E-1 4.53902E-1
5.12964E-1 5.18492E-1 5.14748E-1 5.22197E-1 5.09799E-1 5.1676E-1 5.18895E-1 5.22598E-1 5.30242E-1 5.30167E-1 5.31388E-1 5.30133E-1 5.26781E-1 5.528E-1 5.51624E-1 5.5319E-1 5.508E-1 5.55041E-1 5.74029E-1 5.805E-1 5.78721E-1 5.6814E-1 5.62011E-1 5.47939E-1 5.69459E-1 5.76632E-1 5.85857E-1 5.86784E-1 5.62648E-1 5.46516E-1 5.32397E-1 5.13613E-1 5.15709E-1 5.28956E-1 5.39883E-1 5.03587E-1 4.87565E-1 4.81276E-1 4.75959E-1 4.58111E-1 4.47068E-1 4.55294E-1 4.75955E-1 4.76883E-1 4.68766E-1 4.78497E-1 4.94219E-1 4.91806E-1 4.94596E-1 4.8196E-1 4.58118E-1 4.40755E-1 4.37848E-1 4.41469E-1 4.48389E-1 4.6083E-1 4.67427E-1 4.50804E-1 4.51666E-1 4.70148E-1 4.74275E-1
5.31443E-1 5.3017E-1 5.30604E-1 5.37911E-1 5.41625E-1 5.30657E-1 5.18464E-1 5.18966E-1 5.20529E-1 5.33396E-1 5.22076E-1 5.17939E-1 5.42237E-1 5.60341E-1 5.79321E-1 5.69401E-1 5.64519E-1 5.65915E-1 5.74548E-1 5.80308E-1 5.69703E-1 5.75166E-1 5.762E-1 5.70157E-1 5.77059E-1 5.95293E-1 6.0033E-1 5.82376E-1 5.67092E-1 5.51608E-1 5.27507E-1 5.13362E-1 5.03539E-1 5.16707E-1 5.38176E-1 4.90186E-1 4.6569E-1 4.62789E-1 4.59068E-1 4.58893E-1 4.5904E-1 4.48874E-1 4.55944E-1 4.73992E-1 4.90365E-1 4.91625E-1 4.86223E-1 4.81297E-1 4.75843E-1 4.43129E-1 4.36141E-1 4.47558E-1 4.57105E-1 4.64504E-1 4.70231E-1 4.66377E-1 4.69001E-1 4.66898E-1 4.64458E-1 4.77085E-1 4.81907E-1
