maxent_outputs/hummingbirds/hummingbird_32.asc
ncols         426
nrows         180
xllcorner     -130.0
yllcorner     24.0
cellsize      0.16666666666666666
NODATA_value  -9999
[rows 108 to 134 of 180, columns 61 to 121 of 426]
6.25117E-1 6.37348E-1 5.89701E-1 6.23187E-1 6.31025E-1 5.53229E-1 4.90515E-1 2.1965E-1 1.62189E-1 9.13608E-2 1.01424E-1 2.65369E-1 3.5212E-1 2.61473E-1 2.60961E-1 4.45069E-1 2.81954E-1 4.51311E-1 6.50521E-1 5.35314E-1 4.01756E-1 4.17076E-1 3.36801E-1 2.82611E-1 2.63247E-1 2.07925E-1 2.10156E-1 3.02413E-1 3.51464E-1 4.3257E-1 5.20872E-1 4.52184E-1 3.95952E-1 3.48171E-1 2.7296E-1 1.38796E-1 2.3373E-1 2.16843E-1 1.58016E-1 1.59507E-1 5.70278E-2 5.29183E-2 5.37067E-2 5.94441E-2 5.88659E-2 4.76714E-2 3.71922E-2 3.9421E-2 4.6773E-2 8.24519E-2 1.26205E-1 1.02295E-1 7.52598E-2 6.83062E-2 6.68258E-2 6.54992E-2 6.08424E-2 5.48434E-2 4.77039E-2 4.46045E-2 5.34572E-2
6.40214E-1 6.09847E-1 6.12861E-1 6.43773E-1 6.18748E-1 5.28958E-1 4.38982E-1 2.65757E-1 3.32607E-1 2.40654E-1 2.22656E-1 2.91209E-1 3.4738E-1 3.52146E-1 3.89058E-1 3.94912E-1 3.9521E-1 3.97009E-1 4.10322E-1 5.85735E-1 5.88384E-1 5.38164E-1 4.13433E-1 2.62549E-1 2.81323E-1 2.79317E-1 2.74072E-1 2.93236E-1 3.77599E-1 3.80499E-1 5.49936E-1 4.63803E-1 3.35209E-1 2.73975E-1 2.63517E-1 1.76041E-1 1.49609E-1 2.18209E-1 2.3629E-1 1.44068E-1 6.69396E-2 5.73554E-2 6.11687E-2 5.98347E-2 5.98141E-2 5.20092E-2 4.70897E-2 3.94808E-2 4.5574E-2 8.36256E-2 1.09853E-1 1.17006E-1 9.30992E-2 8.09071E-2 7.20571E-2 6.74408E-2 6.20835E-2 5.7248E-2 4.75677E-2 4.69428E-2 4.70648E-2
6.70496E-1 6.56924E-1 6.66551E-1 6.5852E-1 6.15662E-1 5.35958E-1 4.39197E-1 3.5613E-1 3.19876E-1 2.73184E-1 2.17312E-1 3.1235E-1 3.76366E-1 3.58016E-1 4.02063E-1 3.57869E-1 3.74171E-1 3.07779E-1 3.48077E-1 4.1824E-1 4.38947E-1 5.18822E-1 4.82312E-1 3.43475E-1 2.71105E-1 2.28157E-1 3.09517E-1 2.49387E-1 2.49624E-1 3.32966E-1 5.59877E-1 5.2019E-1 3.27652E-1 2.73674E-1 2.8064E-1 2.49438E-1 1.52624E-1 1.27472E-1 1.35846E-1 9.09983E-2 7.91994E-2 6.02113E-2 5.5554E-2 6.15806E-2 6.15119E-2 5.76043E-2 5.06043E-2 4.34849E-2 5.06141E-2 7.19291E-2 9.94187E-2 1.12441E-1 9.86945E-2 9.01454E-2 8.38763E-2 7.5719E-2 7.09534E-2 6.27277E-2 5.31467E-2 5.26458E-2 4.99694E-2
6.20551E-1 6.66268E-1 6.73854E-1 6.62954E-1 6.86198E-1 6.42883E-1 5.32987E-1 3.59287E-1 2.55606E-1 2.19022E-1 2.91898E-1 3.81375E-1 3.61236E-1 3.29623E-1 3.39554E-1 2.94942E-1 3.01072E-1 2.93172E-1 3.01346E-1 3.21353E-1 3.49532E-1 4.53717E-1 4.97284E-1 3.21615E-1 2.48398E-1 1.96602E-1 2.80001E-1 2.7994E-1 2.55216E-1 3.63229E-1 5.28401E-1 6.03422E-1 3.60776E-1 2.71585E-1 2.46973E-1 2.50185E-1 2.1347E-1 1.4876E-1 1.07348E-1 8.42809E-2 8.68812E-2 8.24896E-2 6.89682E-2 7.02367E-2 6.851E-2 6.04956E-2 4.85879E-2 3.75992E-2 3.20633E-2 4.29517E-2 6.85213E-2 1.03203E-1 1.04331E-1 8.97669E-2 8.36672E-2 7.92988E-2 7.42993E-2 6.33702E-2 6.7762E-2 6.00666E-2 5.47385E-2
4.6683E-1 5.76786E-1 6.61262E-1 6.76858E-1 6.9443E-1 6.88536E-1 6.16698E-1 4.27062E-1 3.47236E-1 2.81778E-1 3.94144E-1 4.00257E-1 3.28214E-1 3.14242E-1 3.14222E-1 2.88099E-1 2.72098E-1 2.69353E-1 3.28518E-1 4.09286E-1 4.48434E-1 4.55138E-1 5.02841E-1 4.21647E-1 2.75056E-1 2.16506E-1 2.27127E-1 2.2242E-1 2.72977E-1 4.25642E-1 4.22043E-1 6.4034E-1 4.4055E-1 3.3788E-1 2.90861E-1 2.31393E-1 2.03742E-1 1.75905E-1 1.12992E-1 9.51467E-2 8.73927E-2 9.22968E-2 9.54418E-2 9.02212E-2 8.13597E-2 6.11931E-2 5.05644E-2 3.90619E-2 3.5914E-2 4.57699E-2 6.08835E-2 8.60081E-2 1.01978E-1 9.58823E-2 8.46328E-2 8.32527E-2 7.71454E-2 8.03269E-2 7.49405E-2 6.99556E-2 6.2727E-2
4.75583E-1 4.64588E-1 6.30203E-1 6.98739E-1 7.00002E-1 6.9653E-1 5.57694E-1 2.91286E-1 2.58163E-1 3.34687E-1 3.84851E-1 3.57107E-1 3.45085E-1 3.33825E-1 3.39235E-1 3.32245E-1 3.05917E-1 3.18468E-1 4.08316E-1 3.97024E-1 4.46654E-1 4.98034E-1 4.82798E-1 4.47864E-1 3.62242E-1 3.49845E-1 2.39057E-1 2.90993E-1 3.22062E-1 4.48684E-1 5.35435E-1 6.70778E-1 5.19101E-1 4.05342E-1 3.87036E-1 1.92916E-1 2.33117E-1 2.33962E-1 1.60852E-1 1.14723E-1 9.12082E-2 8.79E-2 1.07754E-1 1.02201E-1 9.85117E-2 9.04221E-2 7.00127E-2 6.78223E-2 5.27003E-2 4.66219E-2 5.33243E-2 7.64386E-2 8.98211E-2 9.52314E-2 8.84203E-2 8.55258E-2 8.04855E-2 8.08899E-2 7.52438E-2 7.62947E-2 7.2094E-2
4.85148E-1 4.65908E-1 4.01431E-1 3.82683E-1 3.70308E-1 4.77422E-1 4.21058E-1 3.18842E-1 3.51394E-1 4.06514E-1 3.87215E-1 3.63061E-1 3.37031E-1 3.11644E-1 3.30529E-1 3.35735E-1 3.48972E-1 3.90503E-1 4.32654E-1 4.24736E-1 4.04475E-1 4.82638E-1 4.52973E-1 4.37121E-1 3.88331E-1 3.36475E-1 3.91659E-1 4.13212E-1 4.191E-1 4.8363E-1 6.34082E-1 6.48465E-1 6.00231E-1 4.77647E-1 4.21421E-1 2.29907E-1 2.80411E-1 3.08787E-1 1.73242E-1 1.26495E-1 9.68767E-2 9.92139E-2 1.09701E-1 1.22052E-1 1.31463E-1 1.51102E-1 1.70264E-1 1.63277E-1 1.3462E-1 6.0432E-2 4.19933E-2 5.66327E-2 7.65688E-2 8.51456E-2 8.98673E-2 8.88429E-2 8.58887E-2 8.59527E-2 7.92556E-2 7.57929E-2 6.96876E-2
4.41552E-1 3.71055E-1 3.67036E-1 2.51824E-1 1.66854E-1 2.61368E-1 4.31863E-1 4.03285E-1 4.21771E-1 4.17248E-1 3.67452E-1 3.35685E-1 3.01482E-1 2.90034E-1 3.13431E-1 3.31047E-1 3.27845E-1 3.01253E-1 3.14504E-1 3.83101E-1 4.31682E-1 4.64283E-1 4.88028E-1 4.59595E-1 3.95397E-1 4.06587E-1 4.99029E-1 4.9746E-1 4.45753E-1 4.79017E-1 5.48234E-1 6.62045E-1 6.65342E-1 5.57281E-1 4.5221E-1 3.17847E-1 3.12583E-1 3.87114E-1 2.36169E-1 2.19869E-1 1.32343E-1 1.28629E-1 1.18777E-1 1.19549E-1 1.23889E-1 1.24809E-1 1.70279E-1 2.21164E-1 2.03064E-1 1.01345E-1 5.17852E-2 4.81271E-2 5.9476E-2 7.08494E-2 7.68038E-2 7.54872E-2 7.27909E-2 7.34183E-2 7.62101E-2 7.23715E-2 6.86893E-2
7.25147E-1 6.24713E-1 4.09714E-1 3.68261E-1 3.20561E-1 4.01147E-1 6.25631E-1 6.461E-1 5.02467E-1 3.71347E-1 3.73993E-1 3.33664E-1 2.969E-1 2.90084E-1 3.06728E-1 3.16713E-1 2.97379E-1 3.06046E-1 3.03913E-1 3.42826E-1 3.88949E-1 4.00037E-1 5.55939E-1 6.69768E-1 6.4817E-1 6.15431E-1 5.94272E-1 4.7062E-1 4.35299E-1 5.31682E-1 5.30832E-1 5.7205E-1 6.87748E-1 5.41346E-1 4.51793E-1 3.86004E-1 3.71111E-1 4.67629E-1 3.85805E-1 3.19859E-1 2.82174E-1 2.3665E-1 1.49722E-1 1.25175E-1 1.23288E-1 1.41956E-1 1.52765E-1 2.18629E-1 2.2513E-1 1.18745E-1 6.33183E-2 5.04929E-2 5.56784E-2 5.62077E-2 6.05569E-2 6.60504E-2 6.20123E-2 6.73356E-2 7.2619E-2 7.14081E-2 7.26479E-2
9.61091E-1 8.9496E-1 8.81191E-1 8.8476E-1 7.92252E-1 8.39343E-1 7.95925E-1 7.74143E-1 6.68226E-1 4.12391E-1 3.00872E-1 2.48375E-1 2.15276E-1 2.33209E-1 2.81576E-1 3.10549E-1 2.78795E-1 2.94092E-1 3.22724E-1 3.49467E-1 4.0531E-1 4.23094E-1 4.7377E-1 5.96721E-1 6.63683E-1 6.35486E-1 6.21017E-1 5.45703E-1 5.59266E-1 5.57626E-1 5.76985E-1 5.95305E-1 6.54113E-1 6.70486E-1 5.73428E-1 5.24326E-1 4.73231E-1 5.01969E-1 4.08403E-1 4.21122E-1 3.98732E-1 2.48536E-1 1.97789E-1 1.57049E-1 1.18972E-1 1.73235E-1 2.11239E-1 1.87644E-1 2.34573E-1 1.51409E-1 9.54292E-2 8.1363E-2 5.7888E-2 4.86968E-2 4.96655E-2 5.37224E-2 5.80489E-2 6.65613E-2 7.0241E-2 6.55775E-2 6.19183E-2
-9999 -9999 9.70354E-1 9.76122E-1 9.64962E-1 9.47588E-1 8.66097E-1 8.7011E-1 8.98787E-1 7.44719E-1 5.26304E-1 5.22668E-1 4.08341E-1 2.68897E-1 4.71722E-1 4.07871E-1 2.41218E-1 1.42655E-1 1.40546E-1 2.58496E-1 3.29173E-1 3.92228E-1 4.67195E-1 5.32753E-1 5.28955E-1 5.41478E-1 5.91345E-1 6.1744E-1 6.35556E-1 6.02316E-1 5.89335E-1 6.23269E-1 6.02105E-1 6.84218E-1 6.48732E-1 6.01222E-1 5.77062E-1 5.50936E-1 4.87776E-1 4.39057E-1 3.64735E-1 2.95163E-1 2.20881E-1 2.18187E-1 1.74426E-1 2.38978E-1 2.85843E-1 2.2115E-1 3.00555E-1 2.29591E-1 1.77835E-1 1.47599E-1 1.35902E-1 8.08277E-2 6.35526E-2 6.06779E-2 6.47949E-2 6.28904E-2 6.2854E-2 5.52285E-2 4.70008E-2
9.77024E-1 9.75544E-1 9.99094E-1 9.89406E-1 9.82202E-1 9.50877E-1 9.46016E-1 9.36611E-1 9.80958E-1 9.64861E-1 9.40907E-1 9.24471E-1 8.49271E-1 8.17713E-1 7.83338E-1 7.3873E-1 5.39956E-1 2.00498E-1 1.80328E-1 3.88885E-1 3.56292E-1 3.27743E-1 3.7973E-1 4.81832E-1 5.25714E-1 5.32082E-1 5.48545E-1 5.92545E-1 6.28293E-1 6.21388E-1 6.29431E-1 6.62947E-1 6.5413E-1 6.38434E-1 5.55109E-1 5.13934E-1 5.07503E-1 4.5217E-1 4.35473E-1 4.38626E-1 3.71035E-1 3.47277E-1 3.67207E-1 3.3169E-1 3.29785E-1 3.67179E-1 4.08645E-1 2.56604E-1 3.77627E-1 2.82313E-1 2.19338E-1 2.37007E-1 1.40448E-1 1.12774E-1 1.04629E-1 9.32366E-2 9.56537E-2 8.91349E-2 7.46163E-2 5.91251E-2 3.89409E-2
9.85359E-1 9.69538E-1 -9999 -9999 -9999 -9999 -9999 -9999 9.93127E-1 9.79681E-1 9.68906E-1 9.54614E-1 9.09672E-1 8.86034E-1 8.26977E-1 6.67615E-1 5.97241E-1 4.89321E-1 4.77527E-1 6.39952E-1 6.25309E-1 4.75385E-1 3.3159E-1 4.71168E-1 5.22353E-1 5.7925E-1 6.38399E-1 6.66851E-1 6.53249E-1 6.57061E-1 6.3438E-1 6.88381E-1 6.57452E-1 5.98788E-1 5.79173E-1 5.36737E-1 4.94948E-1 4.58949E-1 4.3132E-1 4.13155E-1 3.99614E-1 3.82713E-1 4.40293E-1 4.42648E-1 4.76636E-1 5.57161E-1 4.88199E-1 3.6094E-1 3.76417E-1 3.73928E-1 2.62989E-1 3.0178E-1 1.49428E-1 1.37198E-1 1.42244E-1 1.35558E-1 1.18171E-1 1.04259E-1 8.50639E-2 7.6598E-2 4.19193E-2
-9999 -9999 -9999 -9999 -9999 -9999 -9999 -9999 9.86991E-1 9.88745E-1 9.83003E-1 9.76212E-1 9.50934E-1 7.40005E-1 6.94725E-1 6.05676E-1 5.75676E-1 5.52812E-1 2.93495E-1 4.50843E-1 7.19005E-1 7.76152E-1 6.38612E-1 4.38089E-1 4.43615E-1 5.28691E-1 6.85341E-1 6.95753E-1 7.22541E-1 7.30105E-1 6.99862E-1 7.05869E-1 6.74464E-1 6.27927E-1 6.04397E-1 5.54159E-1 5.45122E-1 4.92742E-1 5.04701E-1 4.95905E-1 4.6421E-1 4.79257E-1 5.00279E-1 4.94212E-1 5.47278E-1 5.88998E-1 5.49533E-1 4.77687E-1 4.71055E-1 4.74847E-1 2.96625E-1 3.76627E-1 3.55504E-1 2.45355E-1 2.98395E-1 1.81784E-1 1.36734E-1 1.19351E-1 9.20711E-2 7.35431E-2 5.33663E-2
-9999 -9999 -9999 -9999 -9999 -9999 -9999 -9999 -9999 -9999 9.93398E-1 9.91193E-1 9.65174E-1 9.23217E-1 7.26943E-1 7.07166E-1 6.58504E-1 5.04763E-1 3.42371E-1 2.94397E-1 3.4501E-1 7.00273E-1 7.85291E-1 7.81713E-1 6.49779E-1 5.83798E-1 5.1667E-1 6.46745E-1 7.18448E-1 7.18274E-1 7.02433E-1 6.78216E-1 7.00089E-1 6.32187E-1 5.83016E-1 5.73269E-1 5.53998E-1 5.31791E-1 5.02892E-1 5.06524E-1 5.57492E-1 5.61725E-1 5.4817E-1 5.39001E-1 5.78912E-1 6.22102E-1 6.27292E-1 6.08674E-1 5.69993E-1 5.43001E-1 5.10428E-1 4.03935E-1 3.63623E-1 3.57946E-1 2.2606E-1 2.05602E-1 1.65533E-1 1.23209E-1 9.32082E-2 7.97271E-2 6.56764E-2
-9999 -9999 -9999 -9999 9.99595E-1 -9999 -9999 9.92052E-1 9.7885E-1 9.99829E-1 -9999 -9999 9.7706E-1 9.61842E-1 8.95088E-1 8.98411E-1 7.88037E-1 5.19378E-1 3.75179E-1 3.54293E-1 5.16509E-1 5.55626E-1 8.0512E-1 9.237E-1 8.4677E-1 7.3585E-1 6.24951E-1 5.79421E-1 6.65672E-1 7.13571E-1 7.18833E-1 7.16742E-1 6.9289E-1 5.88541E-1 5.66204E-1 5.24059E-1 5.93778E-1 5.7059E-1 5.76917E-1 5.88836E-1 5.72271E-1 5.99334E-1 5.7237E-1 5.49236E-1 5.71792E-1 5.9874E-1 6.38419E-1 6.45985E-1 6.2348E-1 5.65481E-1 5.15662E-1 4.15231E-1 2.84295E-1 2.68133E-1 2.76518E-1 2.9532E-1 2.76098E-1 1.81741E-1 1.20721E-1 8.73827E-2 6.89015E-2
-9999 9.87771E-1 9.68126E-1 -9999 -9999 -9999 -9999 -9999 9.86206E-1 9.89344E-1 -9999 -9999 -9999 -9999 9.73285E-1 9.41596E-1 8.42237E-1 6.40349E-1 4.22077E-1 3.43145E-1 5.71702E-1 7.36629E-1 8.08421E-1 8.54185E-1 9.26851E-1 8.87346E-1 7.99183E-1 6.77005E-1 6.35418E-1 6.88191E-1 7.46248E-1 7.37378E-1 6.9067E-1 6.32315E-1 6.33352E-1 6.45469E-1 6.25686E-1 6.36878E-1 6.2566E-1 6.2643E-1 6.32985E-1 6.18258E-1 6.16493E-1 5.94127E-1 5.66861E-1 5.69254E-1 5.88038E-1 5.78112E-1 5.64458E-1 5.16217E-1 5.20418E-1 5.24305E-1 4.19623E-1 3.0683E-1 2.41022E-1 2.82855E-1 3.1392E-1 2.72259E-1 1.91755E-1 1.09834E-1 9.48599E-2
-9999 -9999 -9999 -9999 -9999 -9999 -9999 9.97524E-1 -9999 -9999 -9999 -9999 -9999 -9999 9.92247E-1 9.73911E-1 9.28285E-1 7.68957E-1 5.91176E-1 4.07634E-1 4.91447E-1 5.99329E-1 8.05448E-1 8.04865E-1 8.43559E-1 8.0241E-1 7.58433E-1 7.69065E-1 7.48756E-1 7.07911E-1 7.61491E-1 7.9566E-1 7.61348E-1 6.94057E-1 6.69386E-1 6.93851E-1 6.85516E-1 6.88649E-1 6.60001E-1 6.5356E-1 6.71014E-1 6.44508E-1 6.49797E-1 6.13262E-1 5.65219E-1 5.30587E-1 5.35566E-1 5.16938E-1 5.34517E-1 5.10852E-1 5.12385E-1 5.40245E-1 4.89543E-1 4.64445E-1 4.31777E-1 3.43051E-1 2.57742E-1 2.05457E-1 2.64548E-1 2.07403E-1 1.52738E-1
-9999 -9999 -9999 -9999 -9999 -9999 -9999 9.92031E-1 9.75636E-1 -9999 -9999 -9999 -9999 -9999 -9999 9.81396E-1 9.44835E-1 8.73156E-1 7.19819E-1 3.71759E-1 4.23271E-1 6.81643E-1 7.83262E-1 8.09856E-1 7.99325E-1 7.41452E-1 7.43758E-1 7.42514E-1 7.41495E-1 7.461E-1 7.39594E-1 7.90949E-1 7.86399E-1 7.32615E-1 7.18362E-1 7.22397E-1 6.82481E-1 6.62616E-1 6.41782E-1 6.49983E-1 6.42005E-1 5.92046E-1 6.23015E-1 6.21798E-1 5.72466E-1 5.21168E-1 5.26496E-1 4.93076E-1 5.09648E-1 4.81982E-1 4.79971E-1 4.76642E-1 3.9658E-1 3.4548E-1 4.15303E-1 3.32371E-1 2.56748E-1 1.83475E-1 2.28475E-1 2.35694E-1 2.46331E-1
-9999 -9999 -9999 -9999 -9999 -9999 -9999 -9999 9.92182E-1 -9999 -9999 -9999 -9999 -9999 -9999 9.92456E-1 9.74252E-1 9.14554E-1 7.57496E-1 5.18542E-1 3.70716E-1 4.58017E-1 7.02773E-1 8.38582E-1 8.13266E-1 7.71415E-1 7.36883E-1 7.26793E-1 7.32284E-1 7.61901E-1 7.70913E-1 7.44553E-1 7.76095E-1 7.96526E-1 7.27445E-1 6.67084E-1 6.84653E-1 6.66176E-1 6.61681E-1 6.38276E-1 6.12671E-1 5.99437E-1 6.28364E-1 5.80385E-1 5.05756E-1 4.75275E-1 5.23716E-1 4.91809E-1 4.73488E-1 4.56026E-1 4.95955E-1 4.41249E-1 4.00581E-1 3.20078E-1 3.51637E-1 3.45476E-1 2.13215E-1 1.99377E-1 1.5903E-1 1.21018E-1 2.10917E-1
-9999 -9999 -9999 -9999 -9999 -9999 -9999 -9999 -9999 -9999 -9999 -9999 -9999 -9999 -9999 -9999 9.82872E-1 9.38289E-1 8.1979E-1 6.39866E-1 4.31581E-1 3.55274E-1 4.19091E-1 7.83145E-1 8.60606E-1 8.36178E-1 8.041E-1 7.40048E-1 7.18505E-1 7.03563E-1 7.0096E-1 7.24757E-1 7.49536E-1 7.30747E-1 6.98334E-1 6.79454E-1 6.68183E-1 6.78974E-1 6.65996E-1 6.53978E-1 6.52966E-1 6.12878E-1 5.83481E-1 5.26533E-1 4.63351E-1 4.42842E-1 4.88853E-1 4.96021E-1 4.94307E-1 4.76418E-1 4.67453E-1 4.45306E-1 3.93279E-1 3.22559E-1 2.57162E-1 3.3475E-1 2.40691E-1 1.60776E-1 1.6425E-1 1.44698E-1 1.64092E-1
-9999 -9999 -9999 -9999 -9999 -9999 -9999 -9999 -9999 -9999 -9999 -9999 -9999 -9999 -9999 9.99621E-1 9.72842E-1 9.4547E-1 8.60226E-1 7.17576E-1 5.25022E-1 3.69615E-1 2.91277E-1 4.06572E-1 8.72249E-1 8.66557E-1 8.09231E-1 7.86726E-1 7.06188E-1 6.99475E-1 7.62411E-1 7.38839E-1 7.1947E-1 6.8853E-1 6.4254E-1 6.32694E-1 6.48004E-1 6.48753E-1 6.63426E-1 6.6336E-1 6.44663E-1 6.14547E-1 5.49387E-1 4.70085E-1 4.48589E-1 4.45627E-1 4.85012E-1 4.68807E-1 4.54681E-1 4.64063E-1 4.6395E-1 4.21033E-1 4.27857E-1 3.58541E-1 1.69946E-1 2.79775E-1 2.72527E-1 2.05919E-1 1.66192E-1 1.64989E-1 1.68783E-1
-9999 -9999 -9999 -9999 -9999 -9999 -9999 -9999 -9999 -9999 -9999 -9999 -9999 -9999 -9999 -9999 9.76742E-1 9.61497E-1 8.57058E-1 7.45178E-1 6.10111E-1 3.9804E-1 2.75308E-1 3.72148E-1 8.67886E-1 8.56659E-1 8.89738E-1 8.30301E-1 7.33074E-1 7.12532E-1 7.49086E-1 7.47447E-1 7.23671E-1 6.61294E-1 6.90573E-1 6.19202E-1 6.4836E-1 6.32535E-1 6.45364E-1 6.19166E-1 6.1038E-1 5.61202E-1 5.07109E-1 4.48345E-1 4.13284E-1 4.3691E-1 4.41561E-1 4.47411E-1 4.53385E-1 4.10476E-1 4.4046E-1 4.15368E-1 4.58285E-1 4.76395E-1 4.00394E-1 2.26637E-1 2.6844E-1 2.29048E-1 1.83832E-1 1.78025E-1 1.76189E-1
-9999 -9999 -9999 -9999 -9999 -9999 -9999 -9999 -9999 -9999 -9999 -9999 -9999 -9999 -9999 -9999 -9999 9.68495E-1 9.25247E-1 8.19932E-1 6.63683E-1 4.85945E-1 3.45253E-1 2.50989E-1 7.77188E-1 8.81324E-1 9.0469E-1 8.84367E-1 8.16831E-1 7.92207E-1 7.75322E-1 7.7192E-1 7.77597E-1 7.66781E-1 7.11107E-1 7.24838E-1 6.93505E-1 6.46634E-1 6.51297E-1 6.51532E-1 5.89821E-1 5.73122E-1 4.87582E-1 4.40286E-1 4.10339E-1 4.45381E-1 4.51636E-1 4.23472E-1 3.96924E-1 3.76775E-1 3.9676E-1 3.63846E-1 3.86768E-1 3.99201E-1 3.60166E-1 2.85742E-1 2.6862E-1 2.57406E-1 2.06578E-1 1.90516E-1 1.68286E-1
-9999 -9999 -9999 -9999 -9999 -9999 -9999 -9999 -9999 -9999 -9999 -9999 -9999 -9999 -9999 -9999 -9999 9.80699E-1 9.60332E-1 9.33707E-1 7.53322E-1 5.71515E-1 4.24998E-1 2.67085E-1 6.11657E-1 8.87465E-1 9.30977E-1 9.2056E-1 9.04064E-1 8.86202E-1 8.75205E-1 8.08592E-1 7.8795E-1 7.95292E-1 7.48306E-1 7.10066E-1 7.20363E-1 6.86312E-1 6.67502E-1 6.52683E-1 6.55654E-1 6.02976E-1 5.24935E-1 4.91048E-1 4.6919E-1 4.42592E-1 4.24347E-1 4.11212E-1 3.76116E-1 3.22231E-1 3.41117E-1 3.03149E-1 3.45649E-1 3.54145E-1 3.09303E-1 2.73259E-1 2.39009E-1 2.42299E-1 2.05185E-1 2.00476E-1 1.82861E-1
-9999 -9999 -9999 -9999 -9999 -9999 -9999 -9999 -9999 -9999 -9999 -9999 -9999 -9999 -9999 -9999 -9999 -9999 9.91514E-1 9.50615E-1 8.36541E-1 6.15678E-1 4.66422E-1 3.44605E-1 3.67866E-1 7.47425E-1 8.9115E-1 9.00118E-1 9.43948E-1 9.33541E-1 9.24508E-1 8.93404E-1 8.2271E-1 8.03946E-1 7.85034E-1 7.68253E-1 7.5773E-1 7.61446E-1 7.24439E-1 6.72974E-1 6.42727E-1 6.09217E-1 5.22095E-1 5.00829E-1 4.68003E-1 4.46497E-1 4.14304E-1 3.90419E-1 3.74136E-1 3.09924E-1 3.16775E-1 2.97172E-1 3.24254E-1 2.72023E-1 2.10497E-1 2.07376E-1 2.18843E-1 2.34371E-1 2.28278E-1 2.01844E-1 2.07627E-1
-9999 -9999 -9999 -9999 -9999 -9999 -9999 -9999 -9999 -9999 -9999 -9999 -9999 -9999 -9999 -9999 -9999 -9999 9.90714E-1 9.2884E-1 8.5787E-1 6.85378E-1 4.67484E-1 4.18086E-1 4.17591E-1 4.47339E-1 7.76187E-1 8.72368E-1 9.2973E-1 9.38348E-1 9.16672E-1 9.86599E-1 8.90067E-1 8.23067E-1 8.19657E-1 8.69973E-1 7.97356E-1 7.54362E-1 7.82096E-1 6.95234E-1 6.79813E-1 6.09281E-1 5.64432E-1 4.72456E-1 4.43383E-1 4.28321E-1 4.06473E-1 3.64001E-1 3.56476E-1 3.06501E-1 2.87284E-1 2.74139E-1 3.08053E-1 2.86719E-1 2.50622E-1 1.87151E-1 2.06351E-1 2.33559E-1 2.24541E-1 2.11874E-1 2.05559E-1
