maxent_outputs/hummingbirds/hummingbird_113.asc
ncols         426
nrows         180
xllcorner     -130.0
yllcorner     24.0
cellsize      0.16666666666666666
NODATA_value  -9999
[rows 27 to 53 of 180, columns 244 to 304 of 426]
1.42528E-1 1.41532E-1 1.54885E-1 1.71645E-1 1.92158E-1 2.10299E-1 1.98301E-1 1.63064E-1 1.5437E-1 1.52275E-1 1.50605E-1 1.61417E-1 1.66416E-1 1.61811E-1 1.93088E-1 1.64605E-1 1.63946E-1 1.62042E-1 1.6322E-1 1.63696E-1 1.56836E-1 1.57181E-1 1.63999E-1 1.52747E-1 1.50307E-1 1.68613E-1 1.5495E-1 1.52367E-1 1.52603E-1 1.46863E-1 1.48955E-1 1.4938E-1 1.51669E-1 1.53241E-1 1.57168E-1 1.52083E-1 1.49692E-1 1.53048E-1 1.52346E-1 1.52597E-1 1.53501E-1 1.54056E-1 1.58168E-1 1.58269E-1 1.49718E-1 1.4773E-1 1.51032E-1 1.55022E-1 1.57039E-1 1.56063E-1 1.53656E-1 1.58124E-1 1.60823E-1 1.58413E-1 1.57702E-1 1.55141E-1 1.4937E-1 1.46972E-1 1.46871E-1 1.44894E-1 1.44177E-1
1.43174E-1 1.48505E-1 1.57706E-1 1.49279E-1 1.49349E-1 1.64916E-1 1.59962E-1 1.55454E-1 1.56366E-1 1.50714E-1 1.46174E-1 1.64971E-1 1.59107E-1 1.69069E-1 1.59201E-1 1.57147E-1 1.63949E-1 1.77744E-1 1.69938E-1 1.65973E-1 1.65487E-1 1.55935E-1 1.57612E-1 1.63857E-1 1.64307E-1 1.63856E-1 1.51524E-1 1.51781E-1 1.52132E-1 1.4793E-1 1.4655E-1 1.51305E-1 1.48169E-1 1.5231E-1 1.53424E-1 1.5278E-1 1.52636E-1 1.52044E-1 1.45885E-1 1.47744E-1 1.5354E-1 1.52961E-1 1.54248E-1 1.55647E-1 1.56616E-1 1.57438E-1 1.5645E-1 1.55815E-1 1.6096E-1 1.58128E-1 1.54538E-1 1.56406E-1 1.57399E-1 1.5237E-1 1.54941E-1 1.55226E-1 1.5024E-1 1.48801E-1 1.52405E-1 1.46813E-1 1.49982E-1
1.44512E-1 1.48109E-1 1.57814E-1 1.59675E-1 1.559E-1 1.60652E-1 1.81981E-1 1.73827E-1 1.59312E-1 1.62694E-1 1.73133E-1 1.79499E-1 1.71741E-1 1.78877E-1 1.58912E-1 1.64719E-1 1.86251E-1 1.96796E-1 1.86189E-1 1.74188E-1 1.60129E-1 1.63222E-1 1.63192E-1 1.75544E-1 1.80207E-1 1.71176E-1 1.57065E-1 1.59742E-1 1.58493E-1 1.59973E-1 1.6088E-1 1.54129E-1 1.52771E-1 1.54202E-1 1.53171E-1 1.58779E-1 1.59741E-1 1.66624E-1 1.60345E-1 1.58599E-1 1.63814E-1 1.55608E-1 1.5306E-1 1.55282E-1 1.56699E-1 1.61048E-1 1.60255E-1 1.55166E-1 1.56215E-1 1.55303E-1 1.52907E-1 1.54208E-1 1.53999E-1 1.55402E-1 1.57092E-1 1.5721E-1 1.54183E-1 1.5647E-1 1.60265E-1 1.51103E-1 1.51119E-1
1.40799E-1 1.429E-1 1.5739E-1 1.6529E-1 1.67604E-1 1.7268E-1 2.05901E-1 2.37883E-1 2.24446E-1 2.52422E-1 2.39064E-1 2.14383E-1 2.03179E-1 2.05527E-1 2.13199E-1 1.93519E-1 1.92771E-1 2.03172E-1 1.9777E-1 1.89915E-1 1.74268E-1 1.77739E-1 1.75938E-1 1.70143E-1 1.67222E-1 1.60378E-1 1.68848E-1 1.68191E-1 1.62468E-1 1.90918E-1 1.65264E-1 1.60817E-1 1.57366E-1 1.56403E-1 1.59766E-1 1.69517E-1 1.60731E-1 1.56277E-1 1.61415E-1 1.63645E-1 1.62107E-1 1.62544E-1 1.57159E-1 1.53777E-1 1.54192E-1 1.59188E-1 1.5976E-1 1.56049E-1 1.55475E-1 1.57316E-1 1.54425E-1 1.56482E-1 1.52943E-1 1.56303E-1 1.58154E-1 1.90643E-1 1.92286E-1 1.65384E-1 1.62931E-1 1.52639E-1 1.51687E-1
1.51464E-1 1.47075E-1 1.56531E-1 1.67444E-1 1.90157E-1 2.35473E-1 1.993E-1 2.30452E-1 2.78617E-1 3.25412E-1 3.73647E-1 3.9704E-1 3.60545E-1 3.30841E-1 3.49719E-1 3.50861E-1 3.09812E-1 2.99312E-1 2.16984E-1 1.89943E-1 1.79128E-1 1.83105E-1 1.95209E-1 1.71575E-1 1.67761E-1 1.72591E-1 1.73421E-1 1.7704E-1 1.65525E-1 1.73806E-1 1.69888E-1 1.6824E-1 1.6609E-1 1.61514E-1 1.65963E-1 1.67486E-1 1.68823E-1 1.63301E-1 1.61062E-1 1.64764E-1 1.59231E-1 1.6253E-1 1.61583E-1 1.59807E-1 1.58065E-1 1.54768E-1 1.56888E-1 1.57071E-1 1.56787E-1 1.58746E-1 1.59857E-1 1.55301E-1 1.57312E-1 1.62483E-1 1.67042E-1 1.99351E-1 2.14685E-1 1.81064E-1 2.05081E-1 1.64277E-1 1.55699E-1
1.76032E-1 1.92986E-1 2.26985E-1 2.30357E-1 2.5381E-1 2.64987E-1 3.65032E-1 4.67039E-1 5.30039E-1 5.44609E-1 5.53649E-1 5.58617E-1 5.56605E-1 5.50097E-1 5.44726E-1 5.57932E-1 5.5486E-1 5.4438E-1 3.24232E-1 2.04956E-1 1.94591E-1 1.85233E-1 1.80236E-1 1.79285E-1 1.78112E-1 1.86249E-1 1.76129E-1 1.74408E-1 1.85223E-1 1.75297E-1 1.8264E-1 1.67463E-1 1.70937E-1 1.71401E-1 1.68462E-1 1.68823E-1 1.68838E-1 1.65844E-1 1.68432E-1 1.65806E-1 1.65492E-1 1.61585E-1 1.62934E-1 1.63651E-1 1.64556E-1 1.62438E-1 1.66371E-1 1.60366E-1 1.57619E-1 1.58921E-1 1.71586E-1 1.60432E-1 1.57124E-1 1.57938E-1 1.59387E-1 1.59586E-1 1.76409E-1 1.85897E-1 1.95721E-1 1.80616E-1 1.70074E-1
2.17235E-1 3.32709E-1 3.40754E-1 2.86242E-1 3.50929E-1 4.48291E-1 5.19006E-1 5.33923E-1 5.46854E-1 5.53883E-1 5.60818E-1 5.70748E-1 5.72629E-1 5.73526E-1 5.78889E-1 5.75764E-1 5.66658E-1 5.62833E-1 4.68446E-1 2.42148E-1 2.10019E-1 2.01597E-1 1.9396E-1 1.93379E-1 1.93336E-1 1.91439E-1 1.82278E-1 1.84339E-1 1.81245E-1 1.83527E-1 1.9759E-1 1.90218E-1 1.83721E-1 2.00936E-1 1.90744E-1 1.84165E-1 1.78971E-1 1.69078E-1 1.74863E-1 1.70545E-1 1.67812E-1 1.64655E-1 1.6676E-1 1.68235E-1 1.71037E-1 1.70741E-1 1.67722E-1 1.67417E-1 1.65585E-1 1.69477E-1 1.8033E-1 1.69417E-1 1.68463E-1 1.69149E-1 1.64478E-1 1.63322E-1 1.73755E-1 1.73238E-1 1.7788E-1 1.82166E-1 1.92022E-1
2.79157E-1 3.49004E-1 4.20551E-1 4.70553E-1 4.93026E-1 4.89295E-1 5.24915E-1 5.46005E-1 5.54137E-1 5.62899E-1 5.74727E-1 5.80679E-1 5.83085E-1 5.83832E-1 5.86443E-1 5.8556E-1 5.78023E-1 5.75755E-1 5.62697E-1 3.10403E-1 2.24146E-1 2.17592E-1 2.11171E-1 2.03797E-1 2.02867E-1 2.02512E-1 1.97591E-1 1.97151E-1 1.91596E-1 1.87221E-1 2.03448E-1 2.08294E-1 1.93901E-1 1.87306E-1 1.8421E-1 1.82609E-1 1.85754E-1 1.75098E-1 1.71024E-1 1.72733E-1 1.7756E-1 1.72541E-1 1.73249E-1 1.70832E-1 1.72146E-1 1.73329E-1 1.7197E-1 1.72553E-1 1.73348E-1 1.74473E-1 1.7315E-1 1.69615E-1 1.81186E-1 1.75716E-1 1.80768E-1 1.80804E-1 1.79522E-1 1.8068E-1 1.8783E-1 1.97803E-1 1.86832E-1
4.23378E-1 4.68581E-1 4.09402E-1 3.76865E-1 3.74201E-1 4.7925E-1 5.36646E-1 5.53354E-1 5.61069E-1 5.74593E-1 5.86396E-1 5.92984E-1 5.92709E-1 5.93324E-1 5.95854E-1 5.94024E-1 5.91874E-1 5.83417E-1 5.77162E-1 4.92821E-1 3.10659E-1 2.43063E-1 2.32149E-1 2.3227E-1 2.28012E-1 2.25257E-1 2.28634E-1 2.13526E-1 2.10609E-1 2.11508E-1 2.00605E-1 2.03249E-1 2.04902E-1 1.91799E-1 1.89669E-1 1.97394E-1 1.98028E-1 1.88026E-1 1.76264E-1 1.83763E-1 1.84326E-1 1.84609E-1 1.92065E-1 1.77921E-1 1.768E-1 1.72349E-1 1.73792E-1 1.78874E-1 1.75255E-1 1.78029E-1 1.80805E-1 1.86559E-1 1.90618E-1 1.80799E-1 1.81749E-1 1.88264E-1 1.86672E-1 1.90816E-1 1.96672E-1 1.92581E-1 1.90238E-1
4.38217E-1 3.38366E-1 3.77545E-1 4.57832E-1 5.12856E-1 5.39118E-1 5.49755E-1 5.57652E-1 5.68199E-1 5.83947E-1 5.92608E-1 5.9496E-1 5.93811E-1 5.99398E-1 6.13739E-1 6.1404E-1 6.14387E-1 6.0603E-1 5.9973E-1 5.90191E-1 5.57723E-1 4.52336E-1 4.16318E-1 4.09804E-1 4.41447E-1 4.75637E-1 3.77175E-1 2.49523E-1 2.29199E-1 2.13123E-1 2.07024E-1 1.94333E-1 2.11001E-1 2.07914E-1 2.02696E-1 2.00328E-1 2.04755E-1 1.85549E-1 1.8463E-1 1.87982E-1 1.85584E-1 1.87309E-1 1.80445E-1 1.77369E-1 1.80393E-1 1.79559E-1 1.88683E-1 1.90825E-1 1.90456E-1 1.90302E-1 1.89213E-1 1.9178E-1 1.89163E-1 1.8334E-1 1.86582E-1 1.84203E-1 1.80299E-1 1.9171E-1 1.93288E-1 1.92205E-1 1.91039E-1
4.92376E-1 4.71673E-1 5.17404E-1 5.25364E-1 5.32742E-1 5.49194E-1 5.57896E-1 5.65525E-1 5.78539E-1 5.82075E-1 5.86679E-1 5.8627E-1 5.99222E-1 6.06095E-1 6.1849E-1 6.16979E-1 6.15526E-1 6.12606E-1 6.07852E-1 6.02379E-1 4.70413E-1 3.9325E-1 4.64929E-1 5.80052E-1 5.76382E-1 5.72874E-1 3.22129E-1 2.51476E-1 2.30344E-1 2.22508E-1 2.23152E-1 2.12692E-1 2.03613E-1 1.97885E-1 2.10604E-1 1.96402E-1 1.93507E-1 1.82303E-1 1.89674E-1 1.9621E-1 1.92162E-1 1.83357E-1 1.95535E-1 1.99925E-1 1.89282E-1 1.84646E-1 1.90925E-1 1.97199E-1 1.8899E-1 1.95877E-1 1.93155E-1 1.89926E-1 1.91607E-1 1.91845E-1 1.9037E-1 1.89696E-1 1.83404E-1 1.80436E-1 1.86283E-1 1.82048E-1 1.88834E-1
5.09937E-1 5.18001E-1 5.2549E-1 5.31342E-1 5.48643E-1 5.4577E-1 5.57882E-1 5.32013E-1 5.22854E-1 5.471E-1 5.62204E-1 5.80172E-1 5.96237E-1 6.02762E-1 6.19313E-1 6.16766E-1 6.1915E-1 6.16041E-1 6.10454E-1 6.06203E-1 5.84231E-1 5.70873E-1 5.87183E-1 5.85309E-1 5.8608E-1 5.62891E-1 3.20903E-1 2.71686E-1 2.44064E-1 2.34073E-1 2.25314E-1 2.21708E-1 2.07092E-1 2.11024E-1 2.13404E-1 1.98604E-1 1.9737E-1 1.92429E-1 1.89968E-1 1.89298E-1 1.91984E-1 1.89592E-1 1.96042E-1 1.90576E-1 1.9198E-1 1.93399E-1 1.91147E-1 1.94059E-1 1.959E-1 1.90369E-1 1.9492E-1 2.00916E-1 1.92576E-1 1.97741E-1 2.01878E-1 1.98967E-1 1.96404E-1 1.90805E-1 2.00904E-1 1.94273E-1 2.02378E-1
5.20307E-1 5.24792E-1 5.12445E-1 5.21475E-1 5.21186E-1 4.62137E-1 3.71896E-1 3.5977E-1 3.85876E-1 4.20614E-1 4.9588E-1 5.47471E-1 5.87609E-1 6.00483E-1 6.13631E-1 6.17701E-1 6.20306E-1 6.21537E-1 6.1596E-1 6.13319E-1 5.89054E-1 5.62388E-1 5.98684E-1 5.97519E-1 5.96792E-1 5.89506E-1 5.30196E-1 4.19856E-1 2.89231E-1 2.41504E-1 2.29207E-1 2.32147E-1 2.2276E-1 2.24549E-1 2.20855E-1 2.19703E-1 2.12106E-1 2.16492E-1 2.08486E-1 2.11921E-1 2.09083E-1 2.00335E-1 1.9433E-1 1.9815E-1 1.90759E-1 1.93746E-1 1.94179E-1 1.91386E-1 1.84501E-1 1.88195E-1 1.92848E-1 2.06723E-1 2.0656E-1 2.11184E-1 2.16504E-1 2.18677E-1 2.12384E-1 2.07319E-1 2.36386E-1 2.02188E-1 1.97873E-1
5.20534E-1 5.16266E-1 4.91536E-1 4.58162E-1 3.76302E-1 3.17962E-1 3.23667E-1 3.96255E-1 4.8563E-1 5.34544E-1 5.35104E-1 5.33487E-1 5.49629E-1 5.74457E-1 6.05262E-1 6.1478E-1 6.15767E-1 6.19733E-1 6.18565E-1 6.13129E-1 5.94721E-1 5.93322E-1 6.03391E-1 6.02645E-1 6.05551E-1 6.00739E-1 5.83906E-1 5.1889E-1 3.37015E-1 2.54765E-1 2.46024E-1 2.30888E-1 2.28612E-1 2.26121E-1 2.36527E-1 2.35114E-1 2.30412E-1 2.22702E-1 2.14157E-1 2.12929E-1 2.20641E-1 2.18814E-1 2.28173E-1 2.13666E-1 1.99342E-1 1.93948E-1 2.02857E-1 1.94143E-1 1.96531E-1 2.08638E-1 2.03605E-1 2.11603E-1 2.14236E-1 2.10413E-1 2.30392E-1 2.2025E-1 2.16724E-1 2.13237E-1 2.19373E-1 2.29839E-1 2.05256E-1
4.86295E-1 4.49843E-1 3.91638E-1 3.29878E-1 3.03649E-1 3.19849E-1 4.19205E-1 5.01809E-1 5.2508E-1 5.33151E-1 5.32901E-1 5.32096E-1 5.38379E-1 5.56793E-1 6.00196E-1 6.11977E-1 6.12208E-1 6.1278E-1 6.16341E-1 6.12896E-1 5.96346E-1 6.00185E-1 6.03306E-1 6.04735E-1 6.05938E-1 6.00895E-1 5.81558E-1 4.28247E-1 2.85067E-1 2.63034E-1 2.5078E-1 2.40184E-1 2.44166E-1 2.48276E-1 2.48419E-1 2.41565E-1 2.39505E-1 2.30852E-1 2.17437E-1 2.10229E-1 2.25377E-1 2.22225E-1 2.11068E-1 2.13398E-1 2.07291E-1 2.00617E-1 2.12349E-1 2.18207E-1 2.18167E-1 2.15651E-1 2.02532E-1 2.07204E-1 2.17794E-1 2.17284E-1 2.30086E-1 2.45228E-1 2.24811E-1 2.24297E-1 2.23582E-1 2.41069E-1 2.23354E-1
3.38735E-1 3.14538E-1 3.008E-1 2.91573E-1 2.93828E-1 3.42903E-1 3.76261E-1 3.65997E-1 3.87157E-1 4.52193E-1 5.17946E-1 5.4017E-1 5.38664E-1 5.49756E-1 5.69176E-1 5.88295E-1 5.82674E-1 5.76448E-1 5.87077E-1 5.84841E-1 5.83614E-1 5.9301E-1 5.93105E-1 5.86238E-1 5.84314E-1 5.77517E-1 5.67815E-1 4.76914E-1 3.82289E-1 3.21435E-1 2.73151E-1 2.56195E-1 2.60395E-1 2.58747E-1 2.65391E-1 2.5644E-1 2.62861E-1 2.62404E-1 2.46365E-1 2.27562E-1 2.31101E-1 2.3449E-1 2.14691E-1 2.2181E-1 2.34696E-1 2.23785E-1 2.25598E-1 2.16786E-1 2.16468E-1 2.14867E-1 2.16073E-1 2.23468E-1 2.29103E-1 2.29595E-1 2.39114E-1 2.58148E-1 2.37962E-1 2.24044E-1 2.2272E-1 2.22979E-1 2.46617E-1
2.73962E-1 2.62339E-1 2.65922E-1 2.79295E-1 2.86072E-1 3.00142E-1 2.87238E-1 2.81876E-1 2.90721E-1 3.27773E-1 3.70187E-1 5.28002E-1 5.44395E-1 5.44917E-1 5.54157E-1 5.68155E-1 5.647E-1 5.65014E-1 5.53678E-1 5.2863E-1 4.81689E-1 4.80616E-1 5.18612E-1 4.47436E-1 3.98478E-1 3.69606E-1 4.78932E-1 5.20677E-1 4.38755E-1 3.28216E-1 2.76214E-1 2.69129E-1 2.74775E-1 2.71583E-1 2.69642E-1 2.6429E-1 2.60373E-1 2.65471E-1 2.57448E-1 2.62433E-1 2.47807E-1 2.39457E-1 2.49089E-1 2.4346E-1 2.44904E-1 2.43978E-1 2.33884E-1 2.24081E-1 2.23202E-1 2.21857E-1 2.27706E-1 3.10214E-1 2.54476E-1 2.45008E-1 2.32237E-1 2.33674E-1 2.4184E-1 2.3391E-1 2.2316E-1 2.17846E-1 2.26287E-1
2.42577E-1 2.54777E-1 2.51093E-1 2.59726E-1 2.4647E-1 2.4026E-1 2.39776E-1 2.43727E-1 2.51311E-1 2.78062E-1 3.09527E-1 3.75331E-1 5.12728E-1 4.99775E-1 5.23249E-1 5.26804E-1 5.12313E-1 4.59922E-1 3.72447E-1 3.3288E-1 3.33583E-1 3.27367E-1 3.1448E-1 3.08802E-1 3.10377E-1 3.22166E-1 4.66026E-1 5.03617E-1 4.27186E-1 2.98322E-1 2.83512E-1 2.92671E-1 2.93691E-1 2.80918E-1 2.79505E-1 2.87229E-1 2.80484E-1 2.84737E-1 2.76594E-1 2.83329E-1 2.67748E-1 2.7259E-1 2.66182E-1 2.66005E-1 2.65103E-1 2.62146E-1 2.51153E-1 2.52269E-1 2.3796E-1 2.27611E-1 2.20404E-1 2.31415E-1 2.46605E-1 2.45687E-1 2.44496E-1 2.43726E-1 2.38914E-1 2.35577E-1 2.30243E-1 2.26894E-1 2.23318E-1
2.43558E-1 2.44195E-1 2.44191E-1 2.34162E-1 2.25837E-1 2.21621E-1 2.32216E-1 2.33758E-1 2.3355E-1 2.52749E-1 2.71671E-1 2.81305E-1 3.15867E-1 3.32883E-1 3.53678E-1 3.65671E-1 3.55379E-1 3.39362E-1 3.17904E-1 2.96715E-1 2.94606E-1 3.13633E-1 3.04655E-1 3.02435E-1 3.11489E-1 3.13625E-1 3.34695E-1 3.36588E-1 3.24588E-1 2.86323E-1 2.92346E-1 2.99878E-1 2.94426E-1 2.86176E-1 2.79861E-1 2.89027E-1 2.88358E-1 2.89908E-1 2.98326E-1 2.85035E-1 2.90229E-1 2.95572E-1 2.7041E-1 2.69829E-1 2.66831E-1 2.63988E-1 2.60469E-1 2.63524E-1 2.56573E-1 2.49546E-1 2.429E-1 2.48008E-1 2.58181E-1 2.52098E-1 2.51181E-1 2.59847E-1 2.60633E-1 2.5178E-1 2.36346E-1 2.25284E-1 2.26692E-1
2.2884E-1 2.28091E-1 2.36429E-1 2.3252E-1 2.2308E-1 2.22167E-1 2.34571E-1 2.40627E-1 2.49097E-1 2.63386E-1 2.7192E-1 2.6552E-1 2.88872E-1 3.02333E-1 3.00387E-1 3.05465E-1 3.24934E-1 3.26909E-1 3.02263E-1 2.96109E-1 3.21327E-1 3.54947E-1 3.25432E-1 3.15637E-1 3.31249E-1 3.2384E-1 3.0613E-1 3.03383E-1 2.78206E-1 2.81915E-1 3.01284E-1 3.16779E-1 3.10869E-1 3.59941E-1 3.74327E-1 3.61607E-1 3.39686E-1 3.14693E-1 3.11251E-1 3.19138E-1 2.98856E-1 3.03423E-1 2.92161E-1 2.82419E-1 2.84371E-1 2.80984E-1 2.82497E-1 2.96538E-1 3.01182E-1 2.72927E-1 2.69453E-1 2.65697E-1 2.67802E-1 2.67964E-1 2.70786E-1 2.8676E-1 3.01092E-1 3.09132E-1 3.19995E-1 2.70433E-1 2.42075E-1
2.1273E-1 2.2452E-1 2.27065E-1 2.27972E-1 2.19021E-1 2.298E-1 2.34319E-1 2.42536E-1 2.56866E-1 2.64868E-1 2.69942E-1 2.67671E-1 2.82163E-1 2.96869E-1 3.03278E-1 3.13404E-1 3.21885E-1 3.25244E-1 3.20547E-1 3.21666E-1 3.34243E-1 3.54109E-1 3.58578E-1 3.87789E-1 3.74867E-1 3.56992E-1 3.43602E-1 3.42211E-1 3.40586E-1 3.14662E-1 3.04236E-1 3.17876E-1 3.50935E-1 3.63456E-1 3.78409E-1 4.52522E-1 4.65106E-1 4.51032E-1 4.40744E-1 4.44502E-1 4.34004E-1 4.115E-1 3.84724E-1 3.56889E-1 3.25332E-1 3.18522E-1 3.2071E-1 3.06832E-1 3.00619E-1 2.9338E-1 2.86402E-1 2.78874E-1 2.81356E-1 2.78241E-1 2.77377E-1 2.74763E-1 2.7149E-1 2.7036E-1 2.66038E-1 2.49583E-1 2.40077E-1
2.13E-1 2.21297E-1 2.3195E-1 2.356E-1 2.36379E-1 2.40972E-1 2.37935E-1 2.44701E-1 2.57755E-1 2.61683E-1 2.65831E-1 2.71417E-1 2.79197E-1 2.9541E-1 3.03369E-1 3.20056E-1 3.33391E-1 3.22193E-1 3.95496E-1 4.3386E-1 4.29081E-1 4.56416E-1 4.80994E-1 4.70699E-1 4.587E-1 4.49878E-1 3.99272E-1 3.72811E-1 4.06704E-1 4.41358E-1 4.54982E-1 4.67121E-1 4.6565E-1 4.31325E-1 4.07255E-1 3.90571E-1 3.97458E-1 3.95294E-1 3.66946E-1 3.95776E-1 3.71635E-1 3.53248E-1 3.51884E-1 3.77067E-1 3.2848E-1 3.9775E-1 4.35976E-1 4.7588E-1 4.33948E-1 3.92551E-1 3.70077E-1 3.03086E-1 2.93883E-1 2.93187E-1 2.90154E-1 2.8534E-1 2.79827E-1 2.72452E-1 2.61837E-1 2.54145E-1 2.53363E-1
2.09645E-1 2.15447E-1 2.28104E-1 2.2861E-1 2.31487E-1 2.32079E-1 2.3531E-1 2.4308E-1 2.52101E-1 2.59995E-1 2.60855E-1 2.73818E-1 2.87847E-1 3.33959E-1 3.59214E-1 3.78358E-1 3.67639E-1 4.3678E-1 5.11509E-1 5.4681E-1 5.43713E-1 5.0127E-1 4.11852E-1 4.19214E-1 4.77831E-1 4.45907E-1 3.87462E-1 3.66074E-1 3.6536E-1 3.8711E-1 5.01041E-1 5.39307E-1 5.54496E-1 5.61074E-1 5.63417E-1 5.51927E-1 5.47065E-1 5.18583E-1 4.93117E-1 4.9714E-1 4.591E-1 3.76013E-1 3.59498E-1 3.56724E-1 3.75061E-1 3.72109E-1 4.55919E-1 5.72607E-1 5.70618E-1 5.61644E-1 5.58126E-1 5.09742E-1 3.25723E-1 3.08052E-1 3.13861E-1 3.09547E-1 2.90332E-1 2.80942E-1 2.73766E-1 2.72803E-1 2.67908E-1
2.16949E-1 2.14468E-1 2.21463E-1 2.33043E-1 2.31215E-1 2.35249E-1 2.36412E-1 2.42878E-1 2.55365E-1 2.63367E-1 2.65997E-1 2.88924E-1 3.53455E-1 4.32531E-1 4.37943E-1 4.21179E-1 4.46042E-1 5.27872E-1 5.38859E-1 5.42078E-1 5.29723E-1 5.11386E-1 4.32209E-1 4.79283E-1 4.93824E-1 4.07795E-1 3.53729E-1 3.46009E-1 3.45414E-1 3.44462E-1 3.58486E-1 4.33171E-1 5.08155E-1 5.43459E-1 5.49656E-1 5.54213E-1 5.62161E-1 5.64721E-1 5.5292E-1 5.7412E-1 5.7934E-1 5.72245E-1 5.28602E-1 4.51886E-1 4.32136E-1 4.37643E-1 5.71812E-1 5.7117E-1 5.83162E-1 5.80393E-1 5.77853E-1 5.73345E-1 4.87626E-1 3.59617E-1 3.33131E-1 3.24044E-1 3.04232E-1 2.96117E-1 2.8836E-1 2.77776E-1 2.81457E-1
2.20937E-1 2.20563E-1 2.27136E-1 2.30165E-1 2.38349E-1 2.42912E-1 2.41745E-1 2.46296E-1 2.54831E-1 2.64717E-1 2.71996E-1 3.09888E-1 4.09873E-1 4.40506E-1 4.04126E-1 4.4391E-1 5.01834E-1 5.2812E-1 5.31365E-1 5.29341E-1 4.97439E-1 4.90986E-1 5.13225E-1 5.0682E-1 4.76591E-1 4.1257E-1 3.61438E-1 3.49852E-1 3.53423E-1 3.34628E-1 3.4298E-1 3.43111E-1 3.5619E-1 4.09952E-1 4.68395E-1 5.19575E-1 5.40803E-1 5.47746E-1 5.56662E-1 5.57368E-1 5.66229E-1 5.73713E-1 5.79124E-1 5.80557E-1 5.60181E-1 5.25368E-1 5.82097E-1 5.85889E-1 5.90087E-1 5.89045E-1 5.88306E-1 5.81461E-1 5.68511E-1 4.71434E-1 3.63257E-1 3.70992E-1 3.21614E-1 3.07628E-1 3.02315E-1 2.93868E-1 2.9626E-1
2.16381E-1 2.13516E-1 2.26828E-1 2.33245E-1 2.45112E-1 2.51002E-1 2.5559E-1 2.55308E-1 2.6264E-1 2.7967E-1 3.03423E-1 3.77752E-1 4.15992E-1 3.81206E-1 4.32082E-1 4.85983E-1 5.03214E-1 5.13933E-1 5.15E-1 5.01399E-1 5.02052E-1 5.01113E-1 4.62061E-1 4.51241E-1 3.81382E-1 3.69408E-1 3.45929E-1 3.38843E-1 3.22954E-1 3.27037E-1 3.19197E-1 3.24524E-1 3.27551E-1 3.34486E-1 3.59043E-1 4.03414E-1 5.00688E-1 5.30355E-1 5.3694E-1 5.41717E-1 5.48543E-1 5.59308E-1 5.64462E-1 5.69405E-1 5.7443E-1 5.4136E-1 4.99049E-1 5.04869E-1 5.51546E-1 5.79038E-1 5.76435E-1 5.7445E-1 5.72583E-1 5.59519E-1 4.56349E-1 4.04453E-1 3.41629E-1 3.40267E-1 3.369E-1 3.21388E-1 3.08325E-1
2.2256E-1 2.21359E-1 2.42758E-1 2.51331E-1 2.66799E-1 2.558E-1 2.56786E-1 2.60574E-1 2.69724E-1 2.99794E-1 3.66177E-1 4.22596E-1 3.57642E-1 3.93813E-1 4.78333E-1 4.88706E-1 4.92795E-1 4.99442E-1 4.99672E-1 4.44752E-1 4.59776E-1 4.52465E-1 4.01479E-1 4.29733E-1 3.69215E-1 3.45997E-1 3.22516E-1 3.09519E-1 3.10755E-1 3.14406E-1 3.18059E-1 3.24487E-1 3.25964E-1 3.39256E-1 3.57279E-1 3.83239E-1 4.42315E-1 5.10605E-1 5.23319E-1 5.25357E-1 5.31103E-1 5.41755E-1 5.49295E-1 5.5568E-1 5.61593E-1 5.62118E-1 5.28935E-1 4.49731E-1 4.94484E-1 5.62638E-1 5.67087E-1 5.72097E-1 5.71543E-1 5.67048E-1 5.62818E-1 4.70704E-1 3.75545E-1 3.59011E-1 3.74705E-1 3.46007E-1 3.15864E-1
