maxent_outputs/hummingbirds/hummingbird_148.asc
ncols         426
nrows         180
xllcorner     -130.0
yllcorner     24.0
cellsize      0.16666666666666666
NODATA_value  -9999
[rows 54 to 80 of 180, columns 61 to 121 of 426]
6.61677E-1 6.85907E-1 6.40021E-1 6.38836E-1 6.66145E-1 6.74287E-1 7.06745E-1 6.80291E-1 6.70034E-1 7.02511E-1 6.66882E-1 5.50726E-1 5.48178E-1 5.61385E-1 5.96197E-1 6.16565E-1 5.30309E-1 5.29034E-1 5.623E-1 5.34764E-1 5.60003E-1 5.51439E-1 5.70787E-1 6.45076E-1 6.25301E-1 6.4454E-1 6.45025E-1 6.67724E-1 6.51933E-1 6.5451E-1 5.80939E-1 6.364E-1 6.45745E-1 6.71461E-1 6.10217E-1 5.82177E-1 5.41848E-1 4.80505E-1 6.10988E-1 5.23393E-1 5.6726E-1 5.42079E-1 5.58238E-1 5.16316E-1 5.33018E-1 5.31544E-1 6.07959E-1 5.87335E-1 6.47269E-1 5.82587E-1 6.19737E-1 6.06861E-1 5.5854E-1 5.97564E-1 5.54214E-1 5.28477E-1 4.94498E-1 5.12691E-1 5.70209E-1 6.25938E-1 6.00635E-1
6.63574E-1 6.51743E-1 6.49825E-1 6.66643E-1 6.44844E-1 6.72719E-1 6.68847E-1 6.80086E-1 6.42815E-1 6.48671E-1 6.44074E-1 6.12208E-1 5.4533E-1 5.30814E-1 5.39388E-1 5.40696E-1 5.32857E-1 5.46717E-1 6.23617E-1 5.35691E-1 4.69466E-1 6.20037E-1 5.1993E-1 6.05846E-1 6.19174E-1 6.25505E-1 6.63495E-1 6.25819E-1 5.90769E-1 5.95766E-1 6.35659E-1 6.73204E-1 6.81386E-1 5.78017E-1 4.88256E-1 6.02751E-1 5.94314E-1 5.0077E-1 5.4029E-1 5.51734E-1 5.98455E-1 5.67904E-1 4.95087E-1 4.73889E-1 4.978E-1 5.48204E-1 5.34947E-1 5.10157E-1 5.15809E-1 5.01958E-1 5.48573E-1 5.35301E-1 4.50716E-1 5.19667E-1 5.37863E-1 5.68658E-1 5.64872E-1 5.91159E-1 5.63274E-1 6.2251E-1 6.39764E-1
6.60839E-1 6.58314E-1 7.01234E-1 6.75697E-1 6.99472E-1 6.97497E-1 6.87181E-1 6.44786E-1 6.14717E-1 5.81181E-1 5.65363E-1 5.96099E-1 5.76456E-1 5.47961E-1 5.2165E-1 5.7546E-1 5.59684E-1 5.8992E-1 4.40367E-1 4.02076E-1 4.26967E-1 5.90552E-1 5.7286E-1 6.02892E-1 6.19946E-1 6.20262E-1 6.20857E-1 6.17965E-1 6.42359E-1 6.50538E-1 6.44648E-1 6.7539E-1 6.62058E-1 5.1974E-1 5.13048E-1 4.6442E-1 5.62859E-1 6.6345E-1 5.52598E-1 4.74365E-1 6.02795E-1 4.97004E-1 5.12617E-1 5.32204E-1 4.62275E-1 4.48002E-1 4.92729E-1 5.24119E-1 5.10031E-1 5.21211E-1 5.20744E-1 5.01934E-1 5.13969E-1 5.13208E-1 5.18841E-1 5.5433E-1 5.73418E-1 5.71788E-1 6.17838E-1 6.27827E-1 6.57261E-1
6.90487E-1 6.60839E-1 6.77072E-1 6.60749E-1 6.52705E-1 6.49505E-1 6.16317E-1 6.37134E-1 6.89915E-1 5.71324E-1 5.12773E-1 5.31165E-1 4.92544E-1 5.36263E-1 4.9908E-1 5.33078E-1 5.04916E-1 4.87991E-1 4.51266E-1 4.16287E-1 4.3681E-1 5.58346E-1 5.77078E-1 5.80498E-1 6.23184E-1 6.06018E-1 5.71541E-1 6.08218E-1 6.00719E-1 6.46965E-1 6.46338E-1 6.66158E-1 6.71309E-1 5.53059E-1 5.40635E-1 5.90933E-1 4.75116E-1 5.7479E-1 6.25568E-1 5.62053E-1 5.02989E-1 6.19465E-1 5.6533E-1 5.0624E-1 5.24912E-1 5.17303E-1 5.13741E-1 4.55949E-1 4.29874E-1 4.39011E-1 4.70073E-1 4.88488E-1 5.28156E-1 5.5005E-1 5.59489E-1 5.52615E-1 5.87767E-1 5.89971E-1 6.37433E-1 6.38715E-1 6.25446E-1
6.15894E-1 6.36141E-1 6.6748E-1 6.90239E-1 6.3487E-1 6.62196E-1 6.78718E-1 6.58291E-1 6.58755E-1 6.10215E-1 5.64168E-1 4.86193E-1 4.94931E-1 5.04727E-1 5.02101E-1 4.82505E-1 4.92224E-1 4.98785E-1 4.98654E-1 4.6527E-1 4.72558E-1 4.82788E-1 5.88132E-1 5.84827E-1 6.1219E-1 6.01388E-1 6.09871E-1 6.05431E-1 5.91623E-1 5.49073E-1 6.34603E-1 6.26422E-1 5.89301E-1 5.20173E-1 5.39032E-1 5.96337E-1 5.7745E-1 5.29401E-1 4.70717E-1 5.51385E-1 5.336E-1 5.14713E-1 5.45895E-1 4.67271E-1 4.45481E-1 4.25671E-1 4.43624E-1 4.33798E-1 4.41286E-1 4.87925E-1 4.78585E-1 4.96083E-1 4.91939E-1 5.34001E-1 5.69412E-1 5.31832E-1 5.39697E-1 5.8221E-1 6.17817E-1 6.52019E-1 6.81978E-1
6.05849E-1 6.46532E-1 6.48203E-1 6.58414E-1 6.18382E-1 5.76086E-1 6.39654E-1 5.89404E-1 6.04048E-1 5.29478E-1 5.15112E-1 4.88153E-1 5.07558E-1 5.21676E-1 4.83537E-1 4.73459E-1 4.84925E-1 4.98188E-1 4.80549E-1 4.7306E-1 5.12335E-1 4.97552E-1 5.75716E-1 5.42092E-1 5.90033E-1 5.67288E-1 5.76452E-1 5.94618E-1 6.2626E-1 5.91456E-1 6.22651E-1 6.83493E-1 6.13957E-1 5.75122E-1 5.82862E-1 4.67431E-1 6.32168E-1 6.59905E-1 5.21388E-1 4.75682E-1 6.23981E-1 4.99124E-1 5.04218E-1 4.24776E-1 4.11757E-1 4.05329E-1 4.30942E-1 4.39279E-1 4.31252E-1 4.33816E-1 4.85776E-1 4.94309E-1 5.35777E-1 5.42397E-1 5.01325E-1 5.33426E-1 5.6659E-1 6.02378E-1 6.10287E-1 6.54497E-1 6.73707E-1
6.132E-1 6.48129E-1 6.47992E-1 6.12531E-1 6.25089E-1 5.96651E-1 6.04459E-1 4.98989E-1 5.23152E-1 4.99919E-1 5.26624E-1 5.30965E-1 5.13306E-1 4.92717E-1 4.73016E-1 4.72777E-1 5.039E-1 5.01794E-1 4.85036E-1 5.05502E-1 5.33306E-1 5.12571E-1 5.56697E-1 5.35329E-1 5.9443E-1 5.56106E-1 5.51262E-1 5.71078E-1 6.25936E-1 6.21951E-1 6.0147E-1 6.63192E-1 6.73943E-1 6.49699E-1 5.8862E-1 5.75622E-1 5.69714E-1 5.19014E-1 5.31328E-1 5.53878E-1 4.84912E-1 5.43726E-1 4.11502E-1 3.94558E-1 4.10154E-1 3.9857E-1 4.1146E-1 4.20777E-1 4.4882E-1 4.63953E-1 4.81576E-1 4.5365E-1 5.12861E-1 6.08591E-1 6.09737E-1 5.04438E-1 5.12287E-1 5.40072E-1 6.16604E-1 6.9395E-1 6.42884E-1
6.00663E-1 5.7049E-1 5.84575E-1 5.50395E-1 5.44084E-1 6.13271E-1 6.01537E-1 5.19269E-1 4.90589E-1 5.18068E-1 5.31983E-1 5.48876E-1 5.38116E-1 5.20546E-1 5.048E-1 5.1227E-1 5.25818E-1 5.1757E-1 5.09893E-1 5.02569E-1 5.13332E-1 5.44304E-1 5.79643E-1 5.02873E-1 5.69524E-1 5.29481E-1 5.67906E-1 5.84367E-1 5.98042E-1 6.01271E-1 6.31971E-1 6.27735E-1 5.80585E-1 6.22301E-1 6.84331E-1 6.4305E-1 6.03648E-1 5.03028E-1 4.61133E-1 5.31457E-1 5.05926E-1 3.99673E-1 3.83639E-1 3.92119E-1 4.14371E-1 4.12729E-1 4.35729E-1 4.64316E-1 4.83E-1 5.20719E-1 5.65976E-1 4.90857E-1 4.58674E-1 6.3483E-1 5.49727E-1 4.4761E-1 5.36407E-1 5.94163E-1 6.38765E-1 6.47315E-1 6.50992E-1
5.69786E-1 5.52947E-1 5.43071E-1 5.40021E-1 5.28876E-1 5.03966E-1 4.99222E-1 5.23483E-1 5.50901E-1 5.42928E-1 5.34913E-1 5.19183E-1 5.2379E-1 5.30927E-1 5.44383E-1 5.80027E-1 5.25583E-1 5.2876E-1 5.4305E-1 5.29182E-1 5.2365E-1 5.60214E-1 5.50658E-1 5.02982E-1 4.80623E-1 5.3045E-1 6.0757E-1 5.57541E-1 5.74021E-1 5.70675E-1 5.67873E-1 5.97753E-1 5.37639E-1 5.15276E-1 5.30342E-1 5.57338E-1 5.51737E-1 4.92438E-1 4.22536E-1 4.27977E-1 4.1778E-1 3.91523E-1 4.06332E-1 4.30062E-1 4.46233E-1 4.66013E-1 4.68511E-1 4.93394E-1 5.14416E-1 5.25015E-1 5.46705E-1 5.71686E-1 5.53818E-1 6.09531E-1 4.47049E-1 5.0623E-1 5.66641E-1 5.51984E-1 5.68283E-1 5.91766E-1 5.67525E-1
5.75291E-1 5.59105E-1 5.51698E-1 5.44614E-1 5.3434E-1 5.35116E-1 5.68651E-1 5.4339E-1 5.47515E-1 5.30308E-1 5.39291E-1 5.42529E-1 5.18832E-1 5.25634E-1 5.41646E-1 5.78998E-1 5.5166E-1 5.4591E-1 5.44398E-1 5.34589E-1 5.06796E-1 4.87726E-1 4.63549E-1 4.80518E-1 4.95369E-1 4.91366E-1 5.17739E-1 4.73036E-1 4.93656E-1 4.71257E-1 4.50772E-1 4.55478E-1 4.50881E-1 4.43412E-1 4.77733E-1 4.44417E-1 4.70048E-1 4.66129E-1 4.44593E-1 4.20194E-1 4.27801E-1 4.41859E-1 4.46957E-1 4.58973E-1 4.73067E-1 4.81287E-1 4.89882E-1 5.112E-1 4.97738E-1 5.28558E-1 5.18037E-1 5.41732E-1 5.99632E-1 5.50804E-1 5.00228E-1 6.05385E-1 6.08563E-1 6.12477E-1 5.6659E-1 5.61083E-1 6.99562E-1
5.82426E-1 5.83E-1 5.76715E-1 5.74637E-1 5.57731E-1 5.65495E-1 5.75348E-1 5.50637E-1 5.47681E-1 5.51744E-1 5.39389E-1 5.03841E-1 5.27805E-1 5.44361E-1 5.4661E-1 5.5695E-1 5.27736E-1 5.41927E-1 5.58321E-1 5.26871E-1 5.1071E-1 4.76741E-1 4.50902E-1 4.55383E-1 4.57392E-1 5.02817E-1 5.14761E-1 4.70018E-1 4.46257E-1 4.48317E-1 4.29837E-1 4.32094E-1 4.32454E-1 4.32144E-1 4.39007E-1 4.39055E-1 4.4508E-1 4.48241E-1 4.70564E-1 4.39029E-1 4.44284E-1 4.5697E-1 4.4832E-1 4.67744E-1 4.7567E-1 4.86009E-1 5.09199E-1 5.54295E-1 4.96093E-1 4.76374E-1 5.30687E-1 5.608E-1 5.47962E-1 5.75303E-1 5.37932E-1 5.67873E-1 4.90456E-1 5.68622E-1 5.48181E-1 5.83479E-1 7.11586E-1
5.88032E-1 5.9692E-1 5.90067E-1 5.83605E-1 5.79728E-1 5.7542E-1 5.62752E-1 5.67898E-1 5.88223E-1 5.6091E-1 5.28689E-1 5.1766E-1 5.06448E-1 5.11956E-1 5.11493E-1 5.09729E-1 5.10131E-1 5.42271E-1 5.91147E-1 5.69502E-1 5.05772E-1 4.88653E-1 4.76902E-1 4.56928E-1 4.65827E-1 4.70551E-1 4.77393E-1 4.98538E-1 5.04055E-1 5.0292E-1 5.03745E-1 4.9735E-1 4.79684E-1 4.48472E-1 4.30641E-1 4.28054E-1 4.36675E-1 4.52561E-1 4.69748E-1 4.49591E-1 4.64422E-1 4.51288E-1 4.61394E-1 4.80979E-1 4.8581E-1 4.92036E-1 5.23454E-1 4.76193E-1 4.69589E-1 4.36716E-1 4.56038E-1 5.45902E-1 4.93648E-1 5.49839E-1 5.40282E-1 5.84166E-1 5.08853E-1 4.83409E-1 4.54942E-1 5.24472E-1 6.44771E-1
6.09681E-1 6.01142E-1 5.9307E-1 5.74972E-1 5.72647E-1 5.81472E-1 5.82523E-1 6.03735E-1 5.91801E-1 5.57099E-1 5.68472E-1 5.29305E-1 4.94382E-1 4.94128E-1 5.12778E-1 5.06871E-1 5.15974E-1 5.23252E-1 5.78187E-1 5.65978E-1 5.41043E-1 4.99308E-1 5.03949E-1 5.20779E-1 5.0703E-1 4.81617E-1 4.74573E-1 4.82066E-1 4.58806E-1 4.82525E-1 4.94181E-1 4.82485E-1 4.81336E-1 4.50828E-1 4.27577E-1 4.39399E-1 4.44737E-1 4.51159E-1 4.60286E-1 4.89283E-1 4.74526E-1 4.83441E-1 5.28806E-1 5.18214E-1 5.1132E-1 5.32515E-1 5.53105E-1 4.67725E-1 4.57621E-1 4.41487E-1 4.62481E-1 5.08579E-1 4.98747E-1 4.8824E-1 5.61486E-1 5.91332E-1 5.45043E-1 4.3579E-1 4.0845E-1 4.02236E-1 4.83961E-1
5.99583E-1 5.87167E-1 5.79252E-1 5.61826E-1 5.54325E-1 5.83184E-1 6.20766E-1 6.83587E-1 5.59111E-1 5.70435E-1 5.4881E-1 5.18337E-1 4.73472E-1 4.74092E-1 5.19771E-1 5.17983E-1 5.24587E-1 5.76401E-1 5.80982E-1 5.35689E-1 5.44795E-1 5.56937E-1 5.19359E-1 4.86472E-1 4.70126E-1 4.6444E-1 4.47625E-1 4.49338E-1 4.40223E-1 4.8828E-1 5.03574E-1 4.99377E-1 4.92652E-1 4.52583E-1 4.54529E-1 4.74346E-1 4.73718E-1 4.83028E-1 4.84202E-1 4.93904E-1 4.7463E-1 5.0647E-1 5.20614E-1 4.9856E-1 5.40706E-1 4.91365E-1 5.61124E-1 4.39402E-1 4.59678E-1 4.3784E-1 4.5472E-1 5.30513E-1 4.90975E-1 4.68964E-1 5.84971E-1 6.10655E-1 5.28265E-1 4.44216E-1 3.95496E-1 3.82947E-1 3.65017E-1
6.16483E-1 6.21609E-1 5.99512E-1 5.73822E-1 5.50613E-1 5.86756E-1 6.00682E-1 6.19955E-1 5.28277E-1 5.36941E-1 5.07185E-1 4.9023E-1 5.03449E-1 4.97238E-1 5.30095E-1 5.1999E-1 5.15794E-1 5.31691E-1 5.34747E-1 5.14701E-1 5.10498E-1 5.14229E-1 5.47701E-1 5.38616E-1 4.96839E-1 4.9735E-1 4.70918E-1 4.71795E-1 4.79141E-1 5.15553E-1 5.34366E-1 5.25153E-1 5.13932E-1 5.09045E-1 4.99127E-1 5.01826E-1 5.18043E-1 5.18025E-1 4.94919E-1 4.78473E-1 5.06096E-1 5.0535E-1 5.72971E-1 5.01503E-1 5.14162E-1 4.65512E-1 4.93555E-1 5.29135E-1 4.65629E-1 5.14621E-1 5.04215E-1 5.47789E-1 5.10638E-1 5.31455E-1 5.77163E-1 6.14221E-1 5.32975E-1 4.2767E-1 3.66314E-1 3.56205E-1 3.49564E-1
6.52018E-1 6.15701E-1 6.13522E-1 6.13967E-1 5.82521E-1 5.68904E-1 6.00378E-1 5.34371E-1 5.30556E-1 5.20381E-1 5.30916E-1 5.45953E-1 5.48779E-1 5.51037E-1 5.4099E-1 5.33208E-1 5.29341E-1 5.68289E-1 5.17871E-1 5.08379E-1 5.10094E-1 5.00873E-1 5.24121E-1 5.41427E-1 5.38604E-1 5.27073E-1 5.10639E-1 5.16385E-1 4.97957E-1 5.03878E-1 5.0879E-1 5.18335E-1 5.33902E-1 5.41454E-1 5.30219E-1 5.15053E-1 5.30096E-1 5.45047E-1 5.18689E-1 4.88559E-1 5.49768E-1 5.35931E-1 5.39488E-1 4.99586E-1 4.8299E-1 4.9932E-1 4.67497E-1 5.39673E-1 4.59112E-1 5.78019E-1 4.485E-1 5.16042E-1 4.71271E-1 4.80631E-1 5.73424E-1 5.74782E-1 5.65764E-1 4.46684E-1 3.78668E-1 3.73776E-1 3.46729E-1
6.24758E-1 6.00867E-1 5.98509E-1 6.06434E-1 5.95519E-1 5.86581E-1 5.85437E-1 5.34724E-1 5.6236E-1 5.54969E-1 5.90109E-1 5.50634E-1 5.43718E-1 5.54696E-1 5.44466E-1 5.38608E-1 5.13521E-1 5.13686E-1 5.06239E-1 5.02813E-1 5.10627E-1 4.97781E-1 5.04397E-1 5.40337E-1 5.49215E-1 5.46291E-1 5.13574E-1 5.13312E-1 5.16455E-1 5.3396E-1 5.41966E-1 5.2142E-1 5.28641E-1 5.50462E-1 5.55725E-1 5.34216E-1 5.57287E-1 5.69309E-1 5.06158E-1 4.79278E-1 4.95826E-1 5.07757E-1 4.70232E-1 4.77874E-1 4.8202E-1 4.62092E-1 5.0202E-1 4.38926E-1 4.75481E-1 5.75452E-1 4.41838E-1 4.35274E-1 3.871E-1 4.7067E-1 5.54398E-1 5.55876E-1 5.06761E-1 4.29367E-1 4.17304E-1 3.97116E-1 3.63888E-1
6.16403E-1 6.02266E-1 6.03612E-1 5.99225E-1 6.08636E-1 5.84621E-1 5.92029E-1 5.49931E-1 5.77231E-1 6.20459E-1 5.66271E-1 5.64314E-1 5.13317E-1 5.48124E-1 5.44476E-1 5.35812E-1 5.21843E-1 5.2126E-1 5.13052E-1 5.0018E-1 5.08374E-1 5.11293E-1 5.43389E-1 5.57383E-1 5.49213E-1 5.51429E-1 5.36439E-1 5.12374E-1 5.30648E-1 5.61733E-1 5.53801E-1 5.19646E-1 4.80911E-1 5.37612E-1 5.14353E-1 5.27414E-1 5.44966E-1 5.04322E-1 4.99072E-1 4.9144E-1 5.3004E-1 4.32583E-1 4.48292E-1 4.488E-1 4.45175E-1 4.40564E-1 4.84028E-1 4.2694E-1 4.84467E-1 5.89464E-1 5.60775E-1 5.48444E-1 4.23746E-1 3.92256E-1 4.93198E-1 4.99138E-1 4.72916E-1 4.11805E-1 4.11028E-1 3.73716E-1 3.71188E-1
6.0631E-1 6.086E-1 6.17832E-1 6.06266E-1 5.98185E-1 5.63637E-1 5.44576E-1 5.4155E-1 5.98854E-1 5.54231E-1 5.51666E-1 5.36189E-1 4.99914E-1 5.33913E-1 5.65862E-1 5.54081E-1 5.27005E-1 5.21443E-1 5.17536E-1 5.05195E-1 5.03317E-1 5.04819E-1 5.44715E-1 5.62617E-1 5.58627E-1 5.69116E-1 5.95772E-1 5.88842E-1 5.70956E-1 5.2428E-1 5.34183E-1 4.9825E-1 5.13075E-1 4.9623E-1 4.7199E-1 5.26138E-1 5.2097E-1 5.47945E-1 5.95751E-1 5.34645E-1 4.10015E-1 3.93675E-1 4.30618E-1 4.51171E-1 4.49113E-1 4.48319E-1 4.51573E-1 4.20178E-1 5.30343E-1 5.69905E-1 5.98472E-1 5.42446E-1 4.17465E-1 4.038E-1 4.737E-1 4.62483E-1 4.47974E-1 3.94369E-1 3.70564E-1 3.64795E-1 3.65334E-1
5.79658E-1 5.96844E-1 5.87656E-1 6.06217E-1 6.08086E-1 5.83544E-1 5.84507E-1 5.55436E-1 5.60311E-1 5.01184E-1 5.46982E-1 4.98371E-1 5.03026E-1 5.87962E-1 5.63171E-1 5.50042E-1 5.24726E-1 5.13663E-1 5.13533E-1 5.02452E-1 4.92555E-1 5.13014E-1 5.78186E-1 5.24382E-1 5.24127E-1 5.51006E-1 6.2155E-1 5.89079E-1 5.0325E-1 5.25883E-1 5.29232E-1 5.24277E-1 4.99529E-1 4.97728E-1 5.15123E-1 4.93556E-1 5.4135E-1 4.91226E-1 4.52495E-1 4.37651E-1 4.23569E-1 4.32287E-1 4.78404E-1 4.57208E-1 4.38652E-1 4.53704E-1 4.58723E-1 4.24735E-1 5.38526E-1 5.32965E-1 5.27158E-1 4.52268E-1 4.13908E-1 4.37444E-1 4.49873E-1 4.46687E-1 4.32721E-1 3.92958E-1 3.86923E-1 3.77455E-1 3.77126E-1
5.62724E-1 5.81008E-1 5.82294E-1 5.82917E-1 5.776E-1 5.96894E-1 5.98839E-1 5.45621E-1 4.92238E-1 4.90246E-1 5.06871E-1 4.76223E-1 5.45391E-1 5.71349E-1 5.43574E-1 5.27497E-1 5.11459E-1 5.02491E-1 5.0125E-1 4.98153E-1 5.14123E-1 5.33091E-1 5.44556E-1 5.68124E-1 5.1293E-1 5.18423E-1 5.11921E-1 4.92697E-1 5.35433E-1 5.08835E-1 5.02133E-1 5.05036E-1 4.7396E-1 5.14414E-1 5.21856E-1 4.64729E-1 5.28367E-1 4.49907E-1 4.45347E-1 4.22293E-1 4.92709E-1 6.01694E-1 5.43213E-1 4.70355E-1 4.58492E-1 4.66584E-1 4.71923E-1 4.70195E-1 5.19294E-1 5.07386E-1 5.66181E-1 4.42355E-1 4.27248E-1 4.67889E-1 4.68248E-1 4.44068E-1 4.28642E-1 3.92106E-1 3.85669E-1 3.89307E-1 3.86756E-1
5.7837E-1 5.92265E-1 5.65852E-1 5.76972E-1 5.98331E-1 5.94375E-1 4.87028E-1 4.80405E-1 5.58746E-1 4.7752E-1 4.71734E-1 4.684E-1 5.4901E-1 5.08767E-1 4.95682E-1 4.87845E-1 5.14925E-1 5.37621E-1 5.21885E-1 5.35842E-1 5.54656E-1 5.45036E-1 5.248E-1 5.41743E-1 5.09096E-1 4.84103E-1 5.12509E-1 4.78791E-1 5.01825E-1 5.14138E-1 4.84953E-1 4.56315E-1 4.8762E-1 4.98458E-1 4.71052E-1 4.23731E-1 4.57515E-1 4.46788E-1 4.50479E-1 4.74937E-1 5.02926E-1 6.21542E-1 6.63919E-1 5.57015E-1 4.94899E-1 4.85297E-1 5.09549E-1 5.26664E-1 5.50815E-1 5.25948E-1 5.70219E-1 4.64493E-1 4.12361E-1 4.73248E-1 4.81362E-1 4.55109E-1 4.39468E-1 4.20275E-1 4.16023E-1 4.12158E-1 3.85383E-1
5.95056E-1 5.85379E-1 5.89223E-1 5.72365E-1 5.64466E-1 5.14552E-1 4.65474E-1 5.31736E-1 5.69085E-1 4.73195E-1 4.88074E-1 4.94814E-1 5.22158E-1 4.63458E-1 5.13796E-1 5.15564E-1 5.17221E-1 5.62179E-1 5.13151E-1 4.92954E-1 5.2592E-1 5.29894E-1 5.32095E-1 5.05524E-1 4.73606E-1 4.82067E-1 4.79387E-1 4.39532E-1 4.32836E-1 4.98334E-1 5.06454E-1 4.78489E-1 5.122E-1 4.56494E-1 4.51905E-1 4.4566E-1 4.09867E-1 4.66249E-1 4.97814E-1 4.7328E-1 4.98153E-1 5.65868E-1 6.56461E-1 6.53911E-1 5.55143E-1 5.37379E-1 4.5336E-1 5.27629E-1 4.67745E-1 5.29018E-1 5.3402E-1 4.72025E-1 4.34025E-1 4.51497E-1 4.85194E-1 4.82516E-1 4.82784E-1 4.55299E-1 4.25151E-1 4.31485E-1 4.03017E-1
5.99028E-1 5.96531E-1 6.08687E-1 6.09947E-1 4.93638E-1 4.93503E-1 4.62133E-1 5.38768E-1 4.89666E-1 4.61898E-1 4.79722E-1 4.78935E-1 4.94827E-1 4.589E-1 5.23513E-1 4.81025E-1 4.5386E-1 5.17372E-1 4.91197E-1 4.96272E-1 5.21544E-1 5.50767E-1 4.98829E-1 4.92901E-1 5.13604E-1 4.64674E-1 4.40015E-1 4.34001E-1 5.10714E-1 5.00368E-1 4.90248E-1 5.32472E-1 4.7462E-1 4.98898E-1 5.16541E-1 4.72917E-1 4.52584E-1 4.98353E-1 5.07242E-1 5.15332E-1 4.58786E-1 4.44233E-1 5.63783E-1 6.50332E-1 6.82725E-1 6.13367E-1 5.20879E-1 5.26919E-1 4.77451E-1 5.11494E-1 5.1347E-1 5.02623E-1 4.9035E-1 4.80518E-1 5.27705E-1 5.77924E-1 5.5629E-1 5.24922E-1 4.87329E-1 4.67076E-1 4.24662E-1
5.69708E-1 5.99862E-1 5.75349E-1 5.14402E-1 4.67414E-1 4.63796E-1 4.62061E-1 5.05915E-1 4.89104E-1 4.71407E-1 4.93308E-1 4.70048E-1 4.96641E-1 5.58105E-1 5.0818E-1 4.54761E-1 4.34741E-1 4.84048E-1 4.57461E-1 4.79786E-1 4.88448E-1 4.80965E-1 4.80335E-1 4.87873E-1 4.80249E-1 4.43988E-1 4.20389E-1 5.09399E-1 5.68964E-1 4.71768E-1 4.57885E-1 5.26801E-1 4.4754E-1 4.78627E-1 4.42829E-1 4.3318E-1 4.7749E-1 5.05928E-1 5.41969E-1 4.93255E-1 4.57399E-1 4.10185E-1 4.74088E-1 5.54099E-1 6.62866E-1 6.26487E-1 5.04055E-1 5.05562E-1 5.75958E-1 5.14613E-1 4.98238E-1 5.24084E-1 5.87155E-1 6.04971E-1 6.52209E-1 6.79297E-1 6.83321E-1 6.56287E-1 6.21781E-1 5.67969E-1 4.8113E-1
5.95717E-1 5.62578E-1 5.67531E-1 4.98062E-1 5.03874E-1 5.0163E-1 5.14165E-1 5.36725E-1 5.09383E-1 5.06089E-1 4.76885E-1 5.30219E-1 4.76224E-1 5.54433E-1 5.15738E-1 5.11829E-1 4.7552E-1 4.77427E-1 5.04382E-1 4.47541E-1 4.56124E-1 4.91798E-1 4.33912E-1 4.62192E-1 4.50402E-1 4.32662E-1 5.15496E-1 5.55457E-1 5.17337E-1 4.55739E-1 4.55406E-1 4.78878E-1 4.28882E-1 5.27349E-1 4.44489E-1 4.67517E-1 4.714E-1 4.71977E-1 4.92469E-1 4.62521E-1 4.11232E-1 4.61609E-1 4.53301E-1 5.10024E-1 5.54148E-1 6.4142E-1 4.86008E-1 4.88864E-1 5.50192E-1 5.6232E-1 4.95945E-1 5.80916E-1 6.74473E-1 6.83945E-1 6.78503E-1 6.75651E-1 6.58854E-1 6.91968E-1 6.86695E-1 6.81348E-1 6.41244E-1
5.06362E-1 5.13511E-1 4.97114E-1 5.4634E-1 5.36992E-1 5.45364E-1 5.51768E-1 5.21266E-1 5.0288E-1 5.14036E-1 5.0426E-1 5.43667E-1 4.99823E-1 5.08507E-1 5.38278E-1 5.11397E-1 5.52223E-1 4.40997E-1 4.95884E-1 4.92277E-1 4.47968E-1 4.88057E-1 5.03729E-1 4.80617E-1 4.42829E-1 4.95494E-1 6.36186E-1 4.77095E-1 4.82423E-1 5.10335E-1 5.49235E-1 5.09565E-1 4.19654E-1 5.45893E-1 4.25306E-1 4.63455E-1 4.54679E-1 4.44708E-1 4.28981E-1 4.2545E-1 4.21656E-1 4.87162E-1 4.39558E-1 5.52234E-1 4.45845E-1 5.169E-1 5.01864E-1 4.7857E-1 6.22077E-1 6.46291E-1 4.80309E-1 5.2755E-1 6.30499E-1 6.59923E-1 6.91913E-1 6.88722E-1 6.47987E-1 5.99005E-1 5.45401E-1 5.20697E-1 4.90632E-1
