maxent_outputs/hummingbirds/hummingbird_83.asc
ncols         426
nrows         180
xllcorner     -130.0
yllcorner     24.0
cellsize      0.16666666666666666
NODATA_value  -9999
[rows 81 to 107 of 180, columns 244 to 304 of 426]
1.59229E-1 1.60736E-1 1.575E-1 1.55717E-1 1.55279E-1 1.59495E-1 1.55624E-1 1.54338E-1 1.54198E-1 1.55164E-1 1.6005E-1 1.6124E-1 1.68035E-1 1.75151E-1 1.76861E-1 1.68004E-1 1.58561E-1 1.49459E-1 1.41736E-1 1.39998E-1 1.38704E-1 1.37414E-1 1.41605E-1 1.4414E-1 1.42208E-1 1.45041E-1 1.48379E-1 1.49097E-1 1.51086E-1 1.55746E-1 1.52505E-1 1.51467E-1 1.52295E-1 1.5007E-1 1.48206E-1 1.55328E-1 1.57757E-1 1.61021E-1 1.54067E-1 1.43452E-1 1.36085E-1 1.33509E-1 1.38492E-1 1.48797E-1 1.56308E-1 1.46069E-1 1.43318E-1 1.51687E-1 1.55544E-1 1.4949E-1 1.43347E-1 1.47183E-1 1.58475E-1 1.48132E-1 1.46341E-1 1.61992E-1 1.66639E-1 1.48871E-1 1.37017E-1 1.31061E-1 1.22065E-1
1.62904E-1 1.59852E-1 1.57706E-1 1.61262E-1 1.58602E-1 1.60438E-1 1.56481E-1 1.53182E-1 1.54928E-1 1.58114E-1 1.60027E-1 1.64349E-1 1.70105E-1 1.60068E-1 1.60537E-1 1.56636E-1 1.49088E-1 1.41341E-1 1.36655E-1 1.39167E-1 1.38489E-1 1.42386E-1 1.42868E-1 1.45047E-1 1.4639E-1 1.45434E-1 1.43784E-1 1.43704E-1 1.458E-1 1.51222E-1 1.54654E-1 1.4867E-1 1.49785E-1 1.50321E-1 1.51282E-1 1.56363E-1 1.6179E-1 1.64404E-1 1.66138E-1 1.45939E-1 1.37594E-1 1.35406E-1 1.37237E-1 1.45269E-1 1.55551E-1 1.53297E-1 1.51383E-1 1.49078E-1 1.57905E-1 1.4946E-1 1.44316E-1 1.52754E-1 1.59036E-1 1.49632E-1 1.50843E-1 1.55457E-1 1.624E-1 1.54137E-1 1.41105E-1 1.24965E-1 1.16389E-1
1.65871E-1 1.60554E-1 1.64497E-1 1.62317E-1 1.58223E-1 1.59638E-1 1.59242E-1 1.57592E-1 1.55521E-1 1.59085E-1 1.62455E-1 1.64485E-1 1.63387E-1 1.56601E-1 1.53865E-1 1.5006E-1 1.44798E-1 1.39071E-1 1.40151E-1 1.46643E-1 1.49292E-1 1.46493E-1 1.46532E-1 1.42411E-1 1.40359E-1 1.36299E-1 1.35365E-1 1.38661E-1 1.44703E-1 1.50392E-1 1.57207E-1 1.53182E-1 1.51604E-1 1.55381E-1 1.5093E-1 1.56517E-1 1.59105E-1 1.70156E-1 1.69514E-1 1.49104E-1 1.44769E-1 1.45237E-1 1.48119E-1 1.52786E-1 1.52906E-1 1.53641E-1 1.58632E-1 1.58521E-1 1.53522E-1 1.4789E-1 1.47541E-1 1.57933E-1 1.47369E-1 1.43793E-1 1.49086E-1 1.55143E-1 1.60983E-1 1.51646E-1 1.36378E-1 1.10638E-1 9.9688E-2
1.61337E-1 1.59881E-1 1.61556E-1 1.61537E-1 1.57528E-1 1.59565E-1 1.57752E-1 1.54802E-1 1.54234E-1 1.53124E-1 1.5475E-1 1.64749E-1 1.61712E-1 1.56278E-1 1.49188E-1 1.47395E-1 1.40468E-1 1.38959E-1 1.48137E-1 1.56186E-1 1.50695E-1 1.46089E-1 1.39645E-1 1.3683E-1 1.33363E-1 1.35515E-1 1.36997E-1 1.36245E-1 1.40329E-1 1.44564E-1 1.57946E-1 1.64703E-1 1.62394E-1 1.5835E-1 1.47324E-1 1.56403E-1 1.61818E-1 1.71604E-1 1.74186E-1 1.60349E-1 1.52985E-1 1.49142E-1 1.46836E-1 1.52793E-1 1.60082E-1 1.55871E-1 1.60168E-1 1.64877E-1 1.51359E-1 1.46845E-1 1.49544E-1 1.58561E-1 1.44078E-1 1.42588E-1 1.47426E-1 1.56539E-1 1.60288E-1 1.48993E-1 1.18188E-1 1.09195E-1 1.04238E-1
1.63389E-1 1.59866E-1 1.59438E-1 1.57996E-1 1.60066E-1 1.58269E-1 1.56217E-1 1.58279E-1 1.53868E-1 1.51411E-1 1.54764E-1 1.60777E-1 1.59328E-1 1.59968E-1 1.51989E-1 1.49617E-1 1.45635E-1 1.45926E-1 1.50361E-1 1.51086E-1 1.49821E-1 1.47067E-1 1.42439E-1 1.31857E-1 1.29E-1 1.35477E-1 1.33535E-1 1.29446E-1 1.39836E-1 1.45566E-1 1.60538E-1 1.63659E-1 1.62428E-1 1.50603E-1 1.42663E-1 1.4936E-1 1.5717E-1 1.66792E-1 1.7099E-1 1.59083E-1 1.57355E-1 1.5217E-1 1.44721E-1 1.49281E-1 1.56752E-1 1.57555E-1 1.60871E-1 1.57887E-1 1.54218E-1 1.48598E-1 1.53884E-1 1.47241E-1 1.37279E-1 1.35676E-1 1.42193E-1 1.54658E-1 1.63808E-1 1.26533E-1 1.07958E-1 1.07747E-1 9.80429E-2
1.64566E-1 1.60779E-1 1.56671E-1 1.64113E-1 1.66768E-1 1.6152E-1 1.58022E-1 1.60996E-1 1.54591E-1 1.54022E-1 1.55977E-1 1.65114E-1 1.61713E-1 1.60852E-1 1.59118E-1 1.52761E-1 1.5038E-1 1.56252E-1 1.522E-1 1.46011E-1 1.49567E-1 1.49374E-1 1.41662E-1 1.33292E-1 1.33067E-1 1.35766E-1 1.32217E-1 1.3544E-1 1.41388E-1 1.50173E-1 1.53827E-1 1.55336E-1 1.52227E-1 1.38229E-1 1.38856E-1 1.46776E-1 1.54033E-1 1.64367E-1 1.64734E-1 1.54467E-1 1.59716E-1 1.56472E-1 1.507E-1 1.52769E-1 1.49037E-1 1.55806E-1 1.59895E-1 1.58581E-1 1.56221E-1 1.55498E-1 1.52429E-1 1.45084E-1 1.33468E-1 1.31647E-1 1.39758E-1 1.49411E-1 1.41297E-1 1.14922E-1 9.94621E-2 9.50729E-2 9.27694E-2
1.65408E-1 1.60783E-1 1.62279E-1 1.64662E-1 1.66997E-1 1.65373E-1 1.61628E-1 1.63424E-1 1.6189E-1 1.64406E-1 1.66513E-1 1.66494E-1 1.62183E-1 1.62764E-1 1.64136E-1 1.5986E-1 1.60791E-1 1.64076E-1 1.53669E-1 1.49453E-1 1.5207E-1 1.50814E-1 1.49934E-1 1.39122E-1 1.39655E-1 1.39416E-1 1.36114E-1 1.42457E-1 1.5127E-1 1.50147E-1 1.51902E-1 1.50772E-1 1.49426E-1 1.48303E-1 1.39132E-1 1.43626E-1 1.50656E-1 1.59803E-1 1.60598E-1 1.58583E-1 1.56651E-1 1.55304E-1 1.55358E-1 1.52664E-1 1.50561E-1 1.51121E-1 1.546E-1 1.61484E-1 1.54666E-1 1.52156E-1 1.43122E-1 1.41772E-1 1.3363E-1 1.33483E-1 1.43763E-1 1.38894E-1 1.19952E-1 1.04352E-1 9.39397E-2 8.96332E-2 9.74572E-2
1.69712E-1 1.6975E-1 1.69425E-1 1.69718E-1 1.66481E-1 1.69343E-1 1.70764E-1 1.69316E-1 1.68017E-1 1.6656E-1 1.66875E-1 1.63905E-1 1.66308E-1 1.68315E-1 1.68181E-1 1.63843E-1 1.58794E-1 1.61062E-1 1.57403E-1 1.52372E-1 1.53748E-1 1.51385E-1 1.51391E-1 1.49496E-1 1.45181E-1 1.39755E-1 1.45803E-1 1.5648E-1 1.56733E-1 1.55264E-1 1.53822E-1 1.46923E-1 1.4394E-1 1.39783E-1 1.35815E-1 1.44195E-1 1.5287E-1 1.55547E-1 1.60926E-1 1.5833E-1 1.57964E-1 1.5783E-1 1.56407E-1 1.52412E-1 1.47442E-1 1.48521E-1 1.54069E-1 1.50136E-1 1.4484E-1 1.42288E-1 1.3565E-1 1.34283E-1 1.31314E-1 1.35574E-1 1.37189E-1 1.32424E-1 1.18765E-1 9.94146E-2 9.3483E-2 8.55111E-2 9.35574E-2
1.80047E-1 1.80738E-1 1.77314E-1 1.72317E-1 1.75063E-1 1.70574E-1 1.70274E-1 1.69462E-1 1.66455E-1 1.64512E-1 1.66569E-1 1.64461E-1 1.7117E-1 1.67493E-1 1.70947E-1 1.60696E-1 1.53362E-1 1.63492E-1 1.5909E-1 1.57033E-1 1.56972E-1 1.56415E-1 1.57665E-1 1.54507E-1 1.46788E-1 1.4831E-1 1.56606E-1 1.58253E-1 1.61962E-1 1.66801E-1 1.53179E-1 1.498E-1 1.39674E-1 1.38133E-1 1.40106E-1 1.43084E-1 1.48915E-1 1.53166E-1 1.54912E-1 1.53496E-1 1.56653E-1 1.59253E-1 1.60646E-1 1.55873E-1 1.47909E-1 1.46112E-1 1.41831E-1 1.42657E-1 1.38466E-1 1.35851E-1 1.34118E-1 1.34718E-1 1.31011E-1 1.31069E-1 1.25638E-1 1.16135E-1 1.07617E-1 9.94679E-2 9.24219E-2 7.56969E-2 1.12273E-1
1.90611E-1 1.89939E-1 1.83163E-1 1.80068E-1 1.82342E-1 1.75903E-1 1.69965E-1 1.66777E-1 1.65798E-1 1.65761E-1 1.64107E-1 1.63362E-1 1.688E-1 1.6486E-1 1.65254E-1 1.57669E-1 1.52014E-1 1.51514E-1 1.50802E-1 1.56691E-1 1.56043E-1 1.58263E-1 1.58928E-1 1.51853E-1 1.48199E-1 1.50592E-1 1.58246E-1 1.61732E-1 1.54628E-1 1.61501E-1 1.58941E-1 1.51878E-1 1.46975E-1 1.41773E-1 1.42624E-1 1.45267E-1 1.48643E-1 1.55956E-1 1.57295E-1 1.55424E-1 1.5343E-1 1.61262E-1 1.59035E-1 1.63023E-1 1.51849E-1 1.44097E-1 1.3738E-1 1.36001E-1 1.35412E-1 1.36777E-1 1.39797E-1 1.37585E-1 1.36259E-1 1.26786E-1 1.12776E-1 1.01408E-1 1.02192E-1 8.98482E-2 9.18681E-2 9.76491E-2 1.58919E-1
2.12848E-1 1.98691E-1 1.92624E-1 1.88502E-1 1.83526E-1 1.79413E-1 1.73312E-1 1.6626E-1 1.65055E-1 1.68337E-1 1.69016E-1 1.64295E-1 1.64964E-1 1.62968E-1 1.57087E-1 1.57302E-1 1.52943E-1 1.48426E-1 1.50287E-1 1.55565E-1 1.62858E-1 1.59884E-1 1.57983E-1 1.52064E-1 1.56839E-1 1.5618E-1 1.61013E-1 1.61669E-1 1.5627E-1 1.62413E-1 1.65678E-1 1.61042E-1 1.57552E-1 1.55269E-1 1.51427E-1 1.56811E-1 1.51265E-1 1.61716E-1 1.6951E-1 1.59575E-1 1.53524E-1 1.58879E-1 1.64149E-1 1.63535E-1 1.50961E-1 1.43926E-1 1.41571E-1 1.36062E-1 1.36295E-1 1.38934E-1 1.39202E-1 1.37275E-1 1.36122E-1 1.12257E-1 9.15153E-2 8.05409E-2 8.75719E-2 7.53594E-2 7.75605E-2 1.22376E-1 1.58574E-1
2.06616E-1 2.02973E-1 1.96542E-1 1.91403E-1 1.83827E-1 1.83306E-1 1.77641E-1 1.70093E-1 1.66612E-1 1.6489E-1 1.65809E-1 1.62627E-1 1.64422E-1 1.64209E-1 1.58253E-1 1.55171E-1 1.51557E-1 1.43999E-1 1.41889E-1 1.48151E-1 1.5335E-1 1.63386E-1 1.55151E-1 1.55299E-1 1.49776E-1 1.52889E-1 1.52271E-1 1.53478E-1 1.56451E-1 1.63591E-1 1.66124E-1 1.63565E-1 1.55614E-1 1.53E-1 1.54112E-1 1.56695E-1 1.56589E-1 1.5388E-1 1.59474E-1 1.64051E-1 1.5388E-1 1.55419E-1 1.61203E-1 1.58275E-1 1.65106E-1 1.56573E-1 1.56341E-1 1.48804E-1 1.44608E-1 1.42076E-1 1.45189E-1 1.32247E-1 1.16049E-1 9.93261E-2 7.50294E-2 7.13205E-2 6.49442E-2 7.6592E-2 8.99087E-2 1.22614E-1 1.45618E-1
2.00648E-1 1.94064E-1 1.87374E-1 1.81283E-1 1.77402E-1 1.81806E-1 1.80865E-1 1.72453E-1 1.67352E-1 1.7118E-1 1.65778E-1 1.66098E-1 1.66947E-1 1.63194E-1 1.61052E-1 1.53682E-1 1.52729E-1 1.50212E-1 1.57334E-1 1.60441E-1 1.65854E-1 1.7052E-1 1.63944E-1 1.54438E-1 1.47047E-1 1.51093E-1 1.64935E-1 1.62408E-1 1.64086E-1 1.65022E-1 1.6251E-1 1.63616E-1 1.6302E-1 1.51441E-1 1.53054E-1 1.48588E-1 1.5104E-1 1.50157E-1 1.56858E-1 1.58737E-1 1.63467E-1 1.64772E-1 1.64522E-1 1.63142E-1 1.75733E-1 1.84803E-1 1.8224E-1 1.64196E-1 1.50306E-1 1.45055E-1 1.3344E-1 1.08115E-1 9.55006E-2 8.25068E-2 6.45509E-2 6.49836E-2 7.55719E-2 7.96763E-2 9.43939E-2 1.22298E-1 1.25972E-1
1.9136E-1 1.85946E-1 1.84815E-1 1.73774E-1 1.69126E-1 1.73478E-1 1.75522E-1 1.72065E-1 1.71864E-1 1.61587E-1 1.61437E-1 1.65028E-1 1.68362E-1 1.64387E-1 1.58262E-1 1.56748E-1 1.59319E-1 1.66976E-1 1.78191E-1 1.78274E-1 1.83877E-1 1.94459E-1 1.77253E-1 1.62464E-1 1.56476E-1 1.57119E-1 1.73333E-1 1.73461E-1 1.70759E-1 1.67469E-1 1.66775E-1 1.64117E-1 1.61038E-1 1.57906E-1 1.5268E-1 1.5065E-1 1.47133E-1 1.55665E-1 1.5848E-1 1.61995E-1 1.66364E-1 1.66078E-1 1.67016E-1 1.66648E-1 1.71192E-1 1.77405E-1 1.78228E-1 1.6199E-1 1.48791E-1 1.45625E-1 1.2853E-1 1.0457E-1 8.92626E-2 6.90607E-2 6.43129E-2 8.36106E-2 8.9405E-2 9.74141E-2 1.25286E-1 1.34997E-1 1.53118E-1
1.90408E-1 1.78504E-1 1.85281E-1 1.63764E-1 1.60084E-1 1.60794E-1 1.67281E-1 1.66775E-1 1.67456E-1 1.5885E-1 1.62804E-1 1.6387E-1 1.63375E-1 1.64839E-1 1.62547E-1 1.67719E-1 1.71698E-1 1.80062E-1 1.93701E-1 1.96242E-1 2.09282E-1 1.98871E-1 1.83399E-1 1.76601E-1 1.73663E-1 1.73627E-1 1.78039E-1 1.81044E-1 1.82046E-1 1.76732E-1 1.71561E-1 1.68956E-1 1.63236E-1 1.6105E-1 1.57172E-1 1.56098E-1 1.49077E-1 1.54436E-1 1.5842E-1 1.67767E-1 1.74887E-1 1.68045E-1 1.64883E-1 1.67837E-1 1.60433E-1 1.60515E-1 1.55297E-1 1.45149E-1 1.43219E-1 1.36516E-1 1.15331E-1 9.149E-2 7.54447E-2 8.28055E-2 9.66431E-2 9.31011E-2 1.11879E-1 1.24552E-1 1.47479E-1 1.53652E-1 1.52936E-1
1.83447E-1 1.79E-1 1.73079E-1 1.63567E-1 1.59004E-1 1.59509E-1 1.62062E-1 1.7351E-1 1.74953E-1 1.67485E-1 1.7624E-1 1.71095E-1 1.63703E-1 1.6122E-1 1.64782E-1 1.75135E-1 1.80544E-1 1.80705E-1 1.85164E-1 2.06119E-1 2.20989E-1 2.11598E-1 1.98981E-1 1.85755E-1 1.84693E-1 1.85064E-1 1.83468E-1 1.89464E-1 1.86213E-1 1.86466E-1 1.83229E-1 1.84103E-1 1.82764E-1 1.68105E-1 1.55373E-1 1.51835E-1 1.57911E-1 1.61016E-1 1.66288E-1 1.71574E-1 1.79765E-1 1.77061E-1 1.62363E-1 1.63024E-1 1.52192E-1 1.4114E-1 1.33839E-1 1.26946E-1 1.2787E-1 1.32246E-1 1.05789E-1 9.94955E-2 1.05245E-1 1.14383E-1 1.1164E-1 1.21015E-1 1.29037E-1 1.55002E-1 1.50205E-1 1.71622E-1 1.50518E-1
1.84466E-1 1.80158E-1 1.68364E-1 1.61071E-1 1.58945E-1 1.63522E-1 1.75048E-1 1.90572E-1 1.86633E-1 1.79787E-1 1.76191E-1 1.74359E-1 1.65862E-1 1.62926E-1 1.68773E-1 1.7287E-1 1.73939E-1 1.71151E-1 1.80251E-1 1.94324E-1 1.98172E-1 2.03498E-1 2.091E-1 1.98886E-1 1.86443E-1 1.83148E-1 1.83261E-1 1.89301E-1 1.98994E-1 1.91743E-1 1.8363E-1 1.91936E-1 1.91242E-1 1.74833E-1 1.66587E-1 1.63704E-1 1.68588E-1 1.73516E-1 1.75911E-1 1.82085E-1 1.7532E-1 1.78783E-1 1.72379E-1 1.54015E-1 1.46386E-1 1.35114E-1 1.27621E-1 1.27146E-1 1.26288E-1 1.17408E-1 1.29896E-1 1.27888E-1 1.38539E-1 1.2543E-1 1.23238E-1 1.55712E-1 1.55133E-1 1.71309E-1 1.65859E-1 1.86406E-1 1.49524E-1
1.71319E-1 1.67165E-1 1.65621E-1 1.65485E-1 1.69733E-1 1.77332E-1 1.9025E-1 2.00841E-1 1.92092E-1 1.87329E-1 1.87745E-1 1.897E-1 1.87664E-1 1.79714E-1 1.80017E-1 1.77694E-1 1.75375E-1 1.72582E-1 1.75839E-1 1.8761E-1 1.92475E-1 1.84628E-1 1.96692E-1 1.92846E-1 1.8723E-1 1.8641E-1 1.85685E-1 1.84709E-1 1.95166E-1 1.8788E-1 1.84385E-1 1.87618E-1 1.87043E-1 1.82804E-1 1.82319E-1 1.80242E-1 1.75956E-1 1.70547E-1 1.78385E-1 1.86682E-1 1.87454E-1 1.78072E-1 1.70171E-1 1.5945E-1 1.48803E-1 1.44666E-1 1.3609E-1 1.34742E-1 1.26414E-1 1.23452E-1 1.49842E-1 1.59682E-1 1.50942E-1 1.30395E-1 1.38411E-1 1.58523E-1 1.93745E-1 1.8954E-1 1.82277E-1 1.81772E-1 1.92151E-1
1.64041E-1 1.59553E-1 1.72232E-1 1.7467E-1 1.76403E-1 1.89509E-1 1.94409E-1 1.9886E-1 1.98137E-1 1.95075E-1 1.91166E-1 1.94027E-1 2.00076E-1 2.01345E-1 1.95912E-1 1.9032E-1 1.85069E-1 1.75497E-1 1.78547E-1 1.93186E-1 1.9742E-1 1.90861E-1 1.87486E-1 1.86737E-1 1.90024E-1 1.89833E-1 1.86384E-1 1.88237E-1 1.87266E-1 1.85509E-1 1.82143E-1 1.81457E-1 1.77343E-1 1.87552E-1 1.8965E-1 1.87983E-1 1.73236E-1 1.70836E-1 1.7968E-1 1.8542E-1 1.85653E-1 1.80017E-1 1.66101E-1 1.55486E-1 1.46511E-1 1.44884E-1 1.41464E-1 1.38963E-1 1.32109E-1 1.4197E-1 1.5992E-1 1.66781E-1 1.31691E-1 1.44488E-1 1.53848E-1 1.79462E-1 2.01342E-1 1.96817E-1 1.86131E-1 1.94462E-1 1.99715E-1
1.7197E-1 1.71991E-1 1.79397E-1 1.79428E-1 1.85233E-1 1.90581E-1 1.94915E-1 1.92188E-1 2.00078E-1 1.98803E-1 1.9322E-1 2.0171E-1 2.05211E-1 2.08367E-1 2.08169E-1 2.00405E-1 1.95208E-1 1.91901E-1 1.94376E-1 2.02579E-1 2.07143E-1 2.02028E-1 1.93692E-1 1.90594E-1 2.04286E-1 1.97388E-1 1.96405E-1 1.87348E-1 1.82405E-1 1.89007E-1 2.0015E-1 1.90167E-1 1.86381E-1 1.91194E-1 1.84765E-1 1.84698E-1 1.73393E-1 1.74459E-1 1.79887E-1 1.75751E-1 1.70165E-1 1.68472E-1 1.61128E-1 1.52282E-1 1.40552E-1 1.34598E-1 1.39989E-1 1.34865E-1 1.37266E-1 1.49012E-1 1.55452E-1 1.71044E-1 1.75171E-1 1.7221E-1 1.83319E-1 1.96369E-1 2.11069E-1 2.06064E-1 2.00418E-1 1.94069E-1 1.8881E-1
1.89908E-1 1.87137E-1 1.76159E-1 1.87711E-1 1.95235E-1 1.9885E-1 2.01201E-1 2.06135E-1 1.99531E-1 1.92684E-1 1.88411E-1 1.91793E-1 2.03382E-1 2.01432E-1 2.04385E-1 2.02568E-1 2.00216E-1 1.94988E-1 1.95582E-1 2.02644E-1 2.09482E-1 2.02688E-1 2.05415E-1 2.00868E-1 1.98091E-1 1.96468E-1 1.98823E-1 2.00249E-1 1.96785E-1 2.01224E-1 2.07445E-1 1.96243E-1 1.88447E-1 1.85161E-1 1.75414E-1 1.67814E-1 1.6467E-1 1.71861E-1 1.78453E-1 1.58166E-1 1.59485E-1 1.6027E-1 1.56038E-1 1.47439E-1 1.37601E-1 1.32444E-1 1.27171E-1 1.21815E-1 1.29506E-1 1.45317E-1 1.67334E-1 1.79879E-1 1.81452E-1 1.69627E-1 1.60566E-1 1.65179E-1 1.89883E-1 1.99402E-1 2.10328E-1 1.99938E-1 1.90308E-1
1.81692E-1 1.84819E-1 1.77335E-1 1.75749E-1 1.80058E-1 1.86985E-1 2.05422E-1 2.10392E-1 2.01844E-1 1.81996E-1 1.74034E-1 1.77806E-1 1.91453E-1 1.97779E-1 1.94756E-1 1.94861E-1 1.97656E-1 1.93137E-1 2.02325E-1 2.19315E-1 2.15286E-1 2.15031E-1 2.14852E-1 2.16087E-1 2.16198E-1 2.23803E-1 2.32848E-1 2.16517E-1 2.11053E-1 2.0538E-1 2.07336E-1 1.96002E-1 1.89899E-1 1.78308E-1 1.61222E-1 1.56935E-1 1.59115E-1 1.54848E-1 1.50428E-1 1.61401E-1 1.45093E-1 1.61496E-1 1.60009E-1 1.44669E-1 1.3195E-1 1.29426E-1 1.4023E-1 1.33967E-1 1.39868E-1 1.60093E-1 1.76967E-1 1.77029E-1 1.61431E-1 1.56015E-1 1.63448E-1 1.81313E-1 1.83692E-1 1.90563E-1 1.92113E-1 1.90603E-1 1.95146E-1
1.7803E-1 1.81315E-1 1.68784E-1 1.6645E-1 1.68566E-1 1.73443E-1 1.85868E-1 1.98824E-1 1.96766E-1 1.74121E-1 1.66821E-1 1.72948E-1 1.87687E-1 2.00099E-1 1.9738E-1 2.01681E-1 2.07623E-1 2.05511E-1 2.10534E-1 2.14157E-1 2.10141E-1 2.09984E-1 2.1994E-1 2.23119E-1 2.17556E-1 2.15112E-1 2.14374E-1 2.07042E-1 1.99578E-1 1.90807E-1 1.93325E-1 1.91507E-1 1.78247E-1 1.70317E-1 1.66119E-1 1.59395E-1 1.68166E-1 1.72643E-1 1.78199E-1 1.78438E-1 1.8498E-1 1.71698E-1 1.67987E-1 1.52246E-1 1.44552E-1 1.37571E-1 1.27912E-1 1.24546E-1 1.32159E-1 1.54841E-1 1.69942E-1 1.58959E-1 1.53839E-1 1.44857E-1 1.78864E-1 1.86069E-1 1.87259E-1 1.88618E-1 1.89875E-1 1.98871E-1 2.04815E-1
1.83341E-1 1.7475E-1 1.62299E-1 1.65947E-1 1.72361E-1 1.74401E-1 1.78738E-1 1.99093E-1 1.92173E-1 1.78534E-1 1.7697E-1 1.79344E-1 1.92249E-1 2.01845E-1 2.05428E-1 2.10514E-1 2.10255E-1 2.06976E-1 2.09931E-1 2.03892E-1 2.04027E-1 2.07553E-1 2.24576E-1 2.37687E-1 2.38293E-1 2.17387E-1 1.98766E-1 1.84408E-1 1.71135E-1 1.68718E-1 1.71571E-1 1.79756E-1 1.62921E-1 1.637E-1 1.6922E-1 1.76689E-1 1.83213E-1 1.94823E-1 2.00487E-1 2.07119E-1 2.10532E-1 2.0097E-1 1.83247E-1 1.68697E-1 1.39277E-1 1.31817E-1 1.13122E-1 1.23868E-1 1.38107E-1 1.52402E-1 1.606E-1 1.66791E-1 1.73146E-1 1.70897E-1 1.80633E-1 1.86552E-1 1.94102E-1 2.08004E-1 2.1219E-1 2.25754E-1 2.25734E-1
1.82891E-1 1.77519E-1 1.70495E-1 1.83742E-1 1.88995E-1 1.86032E-1 1.89048E-1 2.09196E-1 1.92201E-1 1.87928E-1 1.89034E-1 1.94027E-1 2.02381E-1 2.05088E-1 2.13135E-1 2.20643E-1 2.21072E-1 2.1594E-1 2.09961E-1 2.10109E-1 2.10312E-1 2.22082E-1 2.29485E-1 2.22023E-1 2.18531E-1 2.10935E-1 1.82387E-1 1.7234E-1 1.62208E-1 1.56514E-1 1.61664E-1 1.8222E-1 1.92667E-1 1.90981E-1 1.94354E-1 2.06222E-1 2.17431E-1 2.25526E-1 2.29078E-1 2.23141E-1 2.05781E-1 2.16795E-1 1.99359E-1 1.50442E-1 1.38903E-1 1.26763E-1 1.20244E-1 1.2644E-1 1.38653E-1 1.58562E-1 1.71145E-1 1.79581E-1 1.82564E-1 1.82414E-1 1.93927E-1 2.05338E-1 2.18989E-1 2.28613E-1 2.29736E-1 2.36124E-1 2.36129E-1
1.9043E-1 1.84867E-1 1.82095E-1 2.00461E-1 1.99428E-1 1.95648E-1 1.96129E-1 2.06862E-1 2.08346E-1 1.93454E-1 1.93964E-1 1.97274E-1 2.08318E-1 2.19054E-1 2.27689E-1 2.46992E-1 2.5061E-1 2.24292E-1 2.12864E-1 2.07624E-1 2.15677E-1 2.18508E-1 2.12847E-1 2.11641E-1 2.00925E-1 1.7871E-1 1.71434E-1 1.69885E-1 1.61381E-1 1.53243E-1 1.67793E-1 2.17008E-1 2.21494E-1 2.1359E-1 2.19931E-1 2.45061E-1 2.57483E-1 2.43841E-1 2.39125E-1 2.22413E-1 2.09502E-1 1.99699E-1 1.74762E-1 1.41611E-1 1.34447E-1 1.25616E-1 1.26104E-1 1.42901E-1 1.66512E-1 1.71569E-1 1.8609E-1 1.96765E-1 2.08451E-1 2.18738E-1 2.29577E-1 2.40648E-1 2.33037E-1 2.37755E-1 2.38889E-1 2.3866E-1 2.34645E-1
2.12559E-1 2.04316E-1 2.05146E-1 2.10444E-1 2.05321E-1 1.94237E-1 1.97255E-1 2.05308E-1 2.23942E-1 2.06044E-1 2.02092E-1 1.97626E-1 2.03096E-1 2.09386E-1 2.35997E-1 2.58363E-1 2.52375E-1 2.14952E-1 2.02824E-1 1.97479E-1 2.07235E-1 2.18169E-1 2.03246E-1 2.00532E-1 1.74092E-1 1.62827E-1 1.63729E-1 1.67916E-1 1.79655E-1 1.77104E-1 2.14853E-1 2.32204E-1 2.34774E-1 2.37385E-1 2.42975E-1 2.61527E-1 2.78195E-1 2.65301E-1 2.45721E-1 2.17999E-1 1.80183E-1 1.70364E-1 1.36112E-1 1.15166E-1 1.19296E-1 1.4276E-1 1.56644E-1 1.70057E-1 1.70338E-1 1.6716E-1 1.86625E-1 2.09912E-1 2.28588E-1 2.41859E-1 2.62191E-1 2.48654E-1 2.55593E-1 2.57508E-1 2.51339E-1 2.55955E-1 2.52123E-1
