maxent_outputs/hummingbirds/hummingbird_143.asc
ncols         426
nrows         180
xllcorner     -130.0
yllcorner     24.0
cellsize      0.16666666666666666
NODATA_value  -9999
[rows 135 to 161 of 180, columns 183 to 243 of 426]
6.28356E-1 6.4254E-1 6.45905E-1 6.50556E-1 6.6523E-1 6.7408E-1 6.68E-1 6.61277E-1 6.71794E-1 6.72051E-1 6.83082E-1 6.85721E-1 6.88272E-1 6.97542E-1 6.95566E-1 7.00046E-1 7.01852E-1 7.09194E-1 7.2803E-1 7.30751E-1 7.38184E-1 7.49901E-1 7.51969E-1 7.61435E-1 7.60674E-1 7.67997E-1 7.65059E-1 7.60994E-1 7.6744E-1 7.65286E-1 7.69515E-1 7.62682E-1 7.52113E-1 7.64174E-1 8.02292E-1 7.93134E-1 7.80382E-1 7.83791E-1 7.87178E-1 7.87221E-1 8.00864E-1 8.0464E-1 8.15491E-1 8.07315E-1 8.11816E-1 8.08606E-1 8.11045E-1 8.21647E-1 8.22527E-1 8.03352E-1 7.92352E-1 7.89472E-1 7.85127E-1 7.84454E-1 7.84799E-1 7.82593E-1 7.84351E-1 7.83444E-1 7.87469E-1 7.88162E-1 7.89378E-1
6.39041E-1 6.44248E-1 6.45322E-1 6.49072E-1 6.52247E-1 6.59915E-1 6.67929E-1 6.60907E-1 6.65032E-1 6.73321E-1 6.85649E-1 7.04355E-1 7.02337E-1 7.00815E-1 7.04843E-1 7.13532E-1 7.15768E-1 7.31729E-1 7.35126E-1 7.40831E-1 7.52716E-1 7.54804E-1 7.56105E-1 7.63444E-1 7.64053E-1 7.67859E-1 7.66415E-1 7.70842E-1 7.71251E-1 7.6655E-1 7.87937E-1 8.01036E-1 7.79269E-1 7.76501E-1 7.97804E-1 8.09421E-1 7.92611E-1 7.88024E-1 7.89697E-1 7.95864E-1 8.12743E-1 8.2791E-1 8.25957E-1 8.14522E-1 8.0969E-1 8.18263E-1 8.26188E-1 8.32715E-1 8.3175E-1 8.09958E-1 8.01549E-1 7.88902E-1 7.88245E-1 7.94285E-1 7.98566E-1 7.95937E-1 7.93877E-1 7.98475E-1 8.00242E-1 8.01569E-1 8.03878E-1
6.35743E-1 6.33626E-1 6.44761E-1 6.58954E-1 6.64165E-1 6.60957E-1 6.67102E-1 6.63582E-1 6.61597E-1 6.73981E-1 6.79252E-1 7.07758E-1 7.04859E-1 7.05585E-1 7.14026E-1 7.19577E-1 7.29788E-1 7.44152E-1 7.4837E-1 7.52914E-1 7.5331E-1 7.5462E-1 7.57533E-1 7.63096E-1 7.65889E-1 7.67219E-1 7.70857E-1 7.69938E-1 7.74309E-1 7.73278E-1 7.70043E-1 7.89283E-1 8.09485E-1 7.90579E-1 7.90745E-1 7.90694E-1 7.92963E-1 7.97615E-1 8.098E-1 8.0675E-1 8.11195E-1 8.32698E-1 8.33095E-1 8.32728E-1 8.24077E-1 8.29222E-1 8.31495E-1 8.40444E-1 8.35407E-1 8.19247E-1 8.10562E-1 7.98924E-1 8.03733E-1 8.04986E-1 8.08115E-1 8.04987E-1 8.06388E-1 8.05585E-1 8.07949E-1 8.0938E-1 8.07576E-1
6.37231E-1 6.43836E-1 6.48923E-1 6.52688E-1 6.47342E-1 6.5818E-1 6.74599E-1 6.74612E-1 6.70705E-1 6.79935E-1 6.9638E-1 6.97819E-1 7.00934E-1 7.13756E-1 7.25112E-1 7.32155E-1 7.41615E-1 7.49351E-1 7.52992E-1 7.54615E-1 7.54241E-1 7.54677E-1 7.63668E-1 7.68205E-1 7.7564E-1 7.86147E-1 7.69684E-1 7.73266E-1 7.79386E-1 7.7739E-1 7.77066E-1 7.76188E-1 7.88559E-1 7.97201E-1 7.96462E-1 7.99332E-1 8.03151E-1 8.04819E-1 8.10037E-1 8.08797E-1 8.16543E-1 8.35322E-1 8.45355E-1 8.46983E-1 8.46888E-1 8.43864E-1 8.38333E-1 8.46958E-1 8.4396E-1 8.38064E-1 8.30212E-1 8.2521E-1 8.22597E-1 8.20161E-1 8.18224E-1 8.12746E-1 8.13768E-1 8.13759E-1 8.161E-1 8.17585E-1 8.14179E-1
6.38001E-1 6.37256E-1 6.33572E-1 6.34824E-1 6.38719E-1 6.49121E-1 6.78275E-1 6.82141E-1 6.83181E-1 6.89893E-1 7.08414E-1 7.05759E-1 7.17225E-1 7.23695E-1 7.30331E-1 7.45946E-1 7.49859E-1 7.46705E-1 7.57817E-1 7.56774E-1 7.61337E-1 7.64749E-1 7.66778E-1 7.74702E-1 7.80741E-1 7.96951E-1 8.22194E-1 7.82165E-1 7.8334E-1 7.82525E-1 7.84317E-1 7.8711E-1 7.99152E-1 8.10087E-1 8.11538E-1 8.1722E-1 8.21266E-1 8.1752E-1 8.24614E-1 8.25883E-1 8.33961E-1 8.47375E-1 8.63133E-1 8.65709E-1 8.6438E-1 8.59311E-1 8.57349E-1 8.57671E-1 8.57306E-1 8.48001E-1 8.42153E-1 8.43903E-1 8.34515E-1 8.33894E-1 8.30759E-1 8.23517E-1 8.20408E-1 8.17533E-1 8.20454E-1 8.22524E-1 8.19983E-1
6.56316E-1 6.64204E-1 6.6617E-1 6.72215E-1 6.73296E-1 6.80463E-1 6.76608E-1 6.81347E-1 7.05914E-1 7.08484E-1 7.14544E-1 7.10914E-1 7.16943E-1 7.21787E-1 7.36891E-1 7.43073E-1 7.46715E-1 7.46126E-1 7.56557E-1 7.62551E-1 7.67907E-1 7.65576E-1 7.80167E-1 7.89401E-1 7.85002E-1 7.92149E-1 8.05062E-1 7.9019E-1 7.96579E-1 7.96657E-1 8.00809E-1 8.08895E-1 8.21279E-1 8.29099E-1 8.35823E-1 8.35772E-1 8.35123E-1 8.36115E-1 8.39857E-1 8.4742E-1 8.58456E-1 8.69207E-1 8.80674E-1 8.76483E-1 8.67678E-1 8.70988E-1 8.75591E-1 8.67943E-1 8.63599E-1 8.63186E-1 8.53481E-1 8.41306E-1 8.2862E-1 8.26902E-1 8.29429E-1 8.24843E-1 8.23803E-1 8.23322E-1 8.23377E-1 8.24512E-1 8.27253E-1
6.70428E-1 6.83979E-1 6.92047E-1 7.01829E-1 7.03701E-1 6.98352E-1 6.90755E-1 6.86256E-1 7.05534E-1 7.28928E-1 7.31654E-1 7.14431E-1 7.18799E-1 7.33074E-1 7.35497E-1 7.34929E-1 7.3579E-1 7.46688E-1 7.49961E-1 7.60335E-1 7.59461E-1 7.74605E-1 7.86893E-1 8.19376E-1 7.98204E-1 8.04329E-1 8.10301E-1 8.15132E-1 8.22392E-1 8.18582E-1 8.23236E-1 8.28037E-1 8.3884E-1 8.37778E-1 8.52091E-1 8.51302E-1 8.5344E-1 8.57182E-1 8.61491E-1 8.70608E-1 8.7787E-1 8.83273E-1 8.88425E-1 8.82626E-1 8.7076E-1 8.74698E-1 8.79204E-1 8.72203E-1 8.61486E-1 8.65265E-1 8.6583E-1 8.46168E-1 8.2436E-1 8.24186E-1 8.37631E-1 8.38352E-1 8.40731E-1 8.26046E-1 8.31289E-1 8.33634E-1 8.41199E-1
6.70308E-1 6.8275E-1 6.92864E-1 6.98235E-1 7.02108E-1 7.04851E-1 6.97368E-1 6.97565E-1 7.07572E-1 7.17982E-1 7.31903E-1 7.23629E-1 7.23482E-1 7.35544E-1 7.3022E-1 7.29572E-1 7.38502E-1 7.58948E-1 7.48051E-1 7.54906E-1 7.6201E-1 7.83035E-1 8.01278E-1 8.09918E-1 8.19611E-1 8.21857E-1 8.3841E-1 8.39673E-1 8.39602E-1 8.37028E-1 8.4311E-1 8.47426E-1 8.53505E-1 8.49983E-1 8.61633E-1 8.63275E-1 8.66657E-1 8.82663E-1 8.74084E-1 8.761E-1 8.83148E-1 8.85896E-1 8.83162E-1 8.77009E-1 8.70066E-1 8.67989E-1 8.73156E-1 8.6996E-1 8.6745E-1 8.62576E-1 8.59101E-1 8.51073E-1 8.48163E-1 8.66529E-1 8.80525E-1 9.16812E-1 9.14116E-1 8.67183E-1 8.67053E-1 8.55091E-1 8.60967E-1
6.85072E-1 6.96425E-1 7.08934E-1 7.13432E-1 7.183E-1 7.25661E-1 7.10318E-1 7.09874E-1 7.17999E-1 7.11215E-1 7.07039E-1 7.18854E-1 7.18753E-1 7.25883E-1 7.23065E-1 7.33395E-1 7.43621E-1 7.43186E-1 7.48338E-1 7.5823E-1 7.68328E-1 7.78154E-1 8.02155E-1 8.24842E-1 8.37403E-1 8.45233E-1 8.44191E-1 8.41623E-1 8.43439E-1 8.47888E-1 8.54905E-1 8.62197E-1 8.79571E-1 8.7607E-1 8.76631E-1 8.79221E-1 8.90389E-1 8.84052E-1 8.74504E-1 8.86298E-1 8.88344E-1 8.81321E-1 8.73655E-1 8.63444E-1 8.54714E-1 8.52025E-1 8.58567E-1 8.74362E-1 8.70917E-1 8.69608E-1 8.62252E-1 8.60858E-1 8.62866E-1 8.65646E-1 8.79231E-1 9.04107E-1 9.11472E-1 8.82418E-1 8.82374E-1 8.91388E-1 9.06837E-1
6.96281E-1 7.10806E-1 7.08461E-1 7.17655E-1 7.10887E-1 7.14863E-1 7.25069E-1 7.3324E-1 7.27884E-1 7.13045E-1 7.04254E-1 7.08554E-1 7.21354E-1 7.22985E-1 7.29949E-1 7.49068E-1 7.59551E-1 7.52271E-1 7.64149E-1 7.70212E-1 7.79741E-1 7.84545E-1 8.02648E-1 8.34423E-1 8.44522E-1 8.46716E-1 8.5109E-1 8.45247E-1 8.56017E-1 8.49791E-1 8.55305E-1 8.66354E-1 8.69621E-1 8.90543E-1 8.95322E-1 8.90746E-1 8.91056E-1 9.00576E-1 8.9194E-1 8.90869E-1 9.04076E-1 8.80433E-1 8.67086E-1 8.55913E-1 8.48176E-1 8.48096E-1 8.47319E-1 8.68152E-1 8.70446E-1 8.7574E-1 8.65607E-1 8.60141E-1 8.62481E-1 8.78147E-1 8.65378E-1 8.69827E-1 8.7812E-1 8.75762E-1 8.84244E-1 8.95628E-1 9.07691E-1
7.21219E-1 7.10842E-1 7.04925E-1 7.3206E-1 7.34565E-1 7.30941E-1 7.42189E-1 7.44357E-1 7.2446E-1 7.11314E-1 7.04702E-1 7.0886E-1 7.21769E-1 7.33492E-1 7.4357E-1 7.46732E-1 7.54453E-1 7.61241E-1 7.65596E-1 7.75533E-1 7.91536E-1 7.97126E-1 8.15254E-1 8.43958E-1 8.55858E-1 8.57784E-1 8.75175E-1 8.64641E-1 8.68549E-1 8.49678E-1 8.59592E-1 8.63598E-1 8.7767E-1 8.84133E-1 8.7957E-1 8.81721E-1 8.86539E-1 8.82094E-1 8.73701E-1 8.80219E-1 8.78851E-1 8.84956E-1 8.74743E-1 8.484E-1 8.56496E-1 8.56875E-1 8.54011E-1 8.5467E-1 8.60719E-1 8.67407E-1 8.66493E-1 8.55506E-1 8.52536E-1 8.5512E-1 8.60261E-1 8.92081E-1 8.78969E-1 8.93358E-1 9.04703E-1 9.02377E-1 9.10323E-1
7.33062E-1 7.27667E-1 7.33533E-1 7.49267E-1 7.5123E-1 7.60759E-1 7.57808E-1 7.45753E-1 7.34562E-1 7.35516E-1 7.36042E-1 7.2835E-1 7.34716E-1 7.50723E-1 7.50978E-1 7.54707E-1 7.67239E-1 7.6822E-1 7.78647E-1 7.93112E-1 7.95608E-1 7.9485E-1 8.04797E-1 8.25842E-1 8.36997E-1 8.55878E-1 8.78117E-1 8.80732E-1 8.74557E-1 8.74144E-1 8.75854E-1 8.72729E-1 8.76144E-1 -9999 -9999 -9999 -9999 -9999 -9999 8.81632E-1 8.79819E-1 8.71537E-1 8.67665E-1 8.54272E-1 8.56227E-1 8.63591E-1 8.7192E-1 8.64934E-1 8.59457E-1 8.61321E-1 8.63368E-1 8.6447E-1 8.5137E-1 8.58279E-1 8.66304E-1 8.82275E-1 9.04697E-1 9.05496E-1 9.09988E-1 9.21495E-1 9.18297E-1
7.26471E-1 7.21422E-1 7.27205E-1 7.39642E-1 7.52445E-1 7.69209E-1 7.64062E-1 7.50653E-1 7.48336E-1 7.62511E-1 7.57037E-1 7.49337E-1 7.54464E-1 7.63917E-1 7.64471E-1 7.76912E-1 7.78736E-1 7.83522E-1 7.89807E-1 7.99801E-1 7.96249E-1 7.94503E-1 7.9424E-1 8.16194E-1 8.31176E-1 8.4253E-1 8.62433E-1 8.84199E-1 8.94612E-1 8.94456E-1 -9999 -9999 -9999 -9999 -9999 -9999 -9999 -9999 -9999 -9999 -9999 -9999 -9999 -9999 -9999 8.6582E-1 8.67228E-1 -9999 8.87963E-1 8.65225E-1 8.70775E-1 8.75575E-1 8.80091E-1 8.9643E-1 9.01335E-1 8.98589E-1 9.15291E-1 9.19118E-1 9.20231E-1 9.1619E-1 9.07974E-1
7.30748E-1 7.33661E-1 7.35713E-1 7.43024E-1 7.46195E-1 7.55813E-1 7.60164E-1 7.61027E-1 7.51308E-1 7.57921E-1 7.61072E-1 7.63829E-1 7.65812E-1 7.7147E-1 7.76887E-1 7.84617E-1 7.91471E-1 7.94049E-1 8.02983E-1 8.0185E-1 8.07685E-1 7.98788E-1 8.07575E-1 8.32224E-1 8.40024E-1 8.55915E-1 8.65541E-1 8.94662E-1 9.02567E-1 -9999 -9999 -9999 -9999 -9999 -9999 -9999 -9999 -9999 -9999 -9999 -9999 -9999 -9999 -9999 -9999 -9999 -9999 -9999 9.02653E-1 8.8867E-1 8.90554E-1 9.0018E-1 8.96828E-1 9.04604E-1 9.09777E-1 9.15671E-1 9.27857E-1 9.4016E-1 9.31195E-1 9.31195E-1 9.23299E-1
7.29569E-1 7.29564E-1 7.32484E-1 7.31346E-1 7.41271E-1 7.46372E-1 7.47261E-1 7.4714E-1 7.41911E-1 7.4833E-1 7.58075E-1 7.5882E-1 7.58659E-1 7.66112E-1 7.7751E-1 7.84061E-1 7.90383E-1 7.99279E-1 8.10315E-1 8.1928E-1 8.21176E-1 8.12777E-1 8.25255E-1 8.43172E-1 8.54264E-1 8.6903E-1 8.98848E-1 -9999 -9999 -9999 -9999 -9999 -9999 -9999 -9999 -9999 -9999 -9999 -9999 -9999 -9999 -9999 -9999 -9999 -9999 -9999 -9999 -9999 -9999 -9999 -9999 9.10598E-1 9.17993E-1 9.37369E-1 9.48731E-1 9.24731E-1 9.26988E-1 -9999 -9999 -9999 9.15266E-1
7.31508E-1 7.27047E-1 7.23066E-1 7.23249E-1 7.32375E-1 7.37949E-1 7.49168E-1 7.4864E-1 7.46184E-1 7.50069E-1 7.56005E-1 7.63485E-1 7.62374E-1 7.66099E-1 7.72351E-1 7.78411E-1 7.81644E-1 7.98342E-1 8.13348E-1 8.24724E-1 8.26353E-1 8.20396E-1 8.32995E-1 8.46634E-1 8.5645E-1 8.73851E-1 -9999 -9999 -9999 -9999 -9999 -9999 -9999 -9999 -9999 -9999 -9999 -9999 -9999 -9999 -9999 -9999 -9999 -9999 -9999 -9999 -9999 -9999 -9999 -9999 -9999 -9999 -9999 -9999 -9999 -9999 -9999 -9999 -9999 -9999 9.22033E-1
7.32522E-1 7.22201E-1 7.18514E-1 7.19805E-1 7.24258E-1 7.35841E-1 7.37319E-1 7.50974E-1 7.53649E-1 7.64136E-1 7.70511E-1 7.74585E-1 7.76303E-1 7.77253E-1 7.85672E-1 7.83672E-1 7.85332E-1 8.04473E-1 8.11056E-1 8.22973E-1 8.41212E-1 8.29814E-1 8.46325E-1 8.46066E-1 -9999 -9999 -9999 -9999 -9999 -9999 -9999 -9999 -9999 -9999 -9999 -9999 -9999 -9999 -9999 -9999 -9999 -9999 -9999 -9999 -9999 -9999 -9999 -9999 -9999 -9999 -9999 -9999 -9999 -9999 -9999 -9999 -9999 -9999 -9999 -9999 -9999
7.31919E-1 7.15359E-1 7.08987E-1 7.09688E-1 7.11009E-1 7.27566E-1 7.44704E-1 7.58353E-1 7.6432E-1 7.76027E-1 7.8774E-1 7.88997E-1 7.79503E-1 7.71992E-1 7.84004E-1 7.95439E-1 7.90882E-1 8.09031E-1 8.26694E-1 8.53433E-1 8.53195E-1 8.61162E-1 8.70492E-1 -9999 -9999 -9999 -9999 -9999 -9999 -9999 -9999 -9999 -9999 -9999 -9999 -9999 -9999 -9999 -9999 -9999 -9999 -9999 -9999 -9999 -9999 -9999 -9999 -9999 -9999 -9999 -9999 -9999 -9999 -9999 -9999 -9999 -9999 -9999 -9999 -9999 -9999
7.22965E-1 7.00308E-1 6.93566E-1 6.94273E-1 7.01101E-1 7.21943E-1 7.43225E-1 7.63218E-1 7.6875E-1 7.83288E-1 7.96209E-1 7.95925E-1 7.8204E-1 7.72307E-1 7.81941E-1 7.96108E-1 8.21955E-1 8.10787E-1 8.51602E-1 8.88476E-1 -9999 -9999 -9999 -9999 -9999 -9999 -9999 -9999 -9999 -9999 -9999 -9999 -9999 -9999 -9999 -9999 -9999 -9999 -9999 -9999 -9999 -9999 -9999 -9999 -9999 -9999 -9999 -9999 -9999 -9999 -9999 -9999 -9999 -9999 -9999 -9999 -9999 -9999 -9999 -9999 -9999
7.21018E-1 7.071E-1 7.00514E-1 6.99845E-1 7.00524E-1 7.203E-1 7.39435E-1 7.53854E-1 7.67967E-1 7.85457E-1 7.88043E-1 7.92743E-1 7.81447E-1 7.76385E-1 7.87825E-1 8.10326E-1 8.40445E-1 8.63455E-1 8.53736E-1 -9999 -9999 -9999 -9999 -9999 -9999 -9999 -9999 -9999 -9999 -9999 -9999 -9999 -9999 -9999 -9999 -9999 -9999 -9999 -9999 -9999 -9999 -9999 -9999 -9999 -9999 -9999 -9999 -9999 -9999 -9999 -9999 -9999 -9999 -9999 -9999 -9999 -9999 -9999 -9999 -9999 -9999
7.22533E-1 7.12068E-1 7.02264E-1 6.98754E-1 7.06316E-1 7.22037E-1 7.32472E-1 7.43215E-1 7.61867E-1 7.93755E-1 7.87328E-1 7.95172E-1 7.93071E-1 7.96214E-1 8.3253E-1 8.46126E-1 8.50078E-1 -9999 -9999 -9999 -9999 -9999 -9999 -9999 -9999 -9999 -9999 -9999 -9999 -9999 -9999 -9999 -9999 -9999 -9999 -9999 -9999 -9999 -9999 -9999 -9999 -9999 -9999 -9999 -9999 -9999 -9999 -9999 -9999 -9999 -9999 -9999 -9999 -9999 -9999 -9999 -9999 -9999 -9999 -9999 -9999
7.25601E-1 7.1653E-1 7.08808E-1 7.00673E-1 7.08392E-1 7.13869E-1 7.19883E-1 7.43267E-1 7.63269E-1 7.7795E-1 7.90467E-1 8.13921E-1 8.17121E-1 8.17652E-1 8.37371E-1 8.46996E-1 -9999 -9999 -9999 -9999 -9999 -9999 -9999 -9999 -9999 -9999 -9999 -9999 -9999 -9999 -9999 -9999 -9999 -9999 -9999 -9999 -9999 -9999 -9999 -9999 -9999 -9999 -9999 -9999 -9999 -9999 -9999 -9999 -9999 -9999 -9999 -9999 -9999 -9999 -9999 -9999 -9999 -9999 -9999 -9999 -9999
7.3152E-1 7.2358E-1 7.17694E-1 7.13468E-1 7.09718E-1 7.07134E-1 7.13756E-1 7.3872E-1 7.69214E-1 7.77234E-1 7.87543E-1 8.07094E-1 8.32554E-1 8.47511E-1 8.57826E-1 -9999 -9999 -9999 -9999 -9999 -9999 -9999 -9999 -9999 -9999 -9999 -9999 -9999 -9999 -9999 -9999 -9999 -9999 -9999 -9999 -9999 -9999 -9999 -9999 -9999 -9999 -9999 -9999 -9999 -9999 -9999 -9999 -9999 -9999 -9999 -9999 -9999 -9999 -9999 -9999 -9999 -9999 -9999 -9999 -9999 -9999
7.39599E-1 7.30725E-1 7.30025E-1 7.26575E-1 7.14627E-1 7.09803E-1 7.10152E-1 7.39248E-1 7.69223E-1 7.8434E-1 7.90352E-1 7.99352E-1 8.07674E-1 8.42107E-1 -9999 -9999 -9999 -9999 -9999 -9999 -9999 -9999 -9999 -9999 -9999 -9999 -9999 -9999 -9999 -9999 -9999 -9999 -9999 -9999 -9999 -9999 -9999 -9999 -9999 -9999 -9999 -9999 -9999 -9999 -9999 -9999 -9999 -9999 -9999 -9999 -9999 -9999 -9999 -9999 -9999 -9999 -9999 -9999 -9999 -9999 -9999
7.43429E-1 7.33043E-1 7.38009E-1 7.25254E-1 7.18162E-1 7.17347E-1 7.26087E-1 7.45852E-1 7.66599E-1 7.81889E-1 7.90888E-1 8.0294E-1 8.11744E-1 8.37579E-1 -9999 -9999 -9999 -9999 -9999 -9999 -9999 -9999 -9999 -9999 -9999 -9999 -9999 -9999 -9999 -9999 -9999 -9999 -9999 -9999 -9999 -9999 -9999 -9999 -9999 -9999 -9999 -9999 -9999 -9999 -9999 -9999 -9999 -9999 -9999 -9999 -9999 -9999 -9999 -9999 -9999 -9999 -9999 -9999 -9999 -9999 -9999
7.43486E-1 7.36428E-1 7.38605E-1 7.31536E-1 7.19677E-1 7.20032E-1 7.29677E-1 7.46345E-1 7.72239E-1 7.77159E-1 7.88018E-1 8.0499E-1 8.24249E-1 -9999 -9999 -9999 -9999 -9999 -9999 -9999 -9999 -9999 -9999 -9999 -9999 -9999 -9999 -9999 -9999 -9999 -9999 -9999 -9999 -9999 -9999 -9999 -9999 -9999 -9999 -9999 -9999 -9999 -9999 -9999 -9999 -9999 -9999 -9999 -9999 -9999 -9999 -9999 -9999 -9999 -9999 -9999 -9999 -9999 -9999 -9999 -9999
7.39533E-1 7.2493E-1 7.28651E-1 7.36517E-1 7.2196E-1 7.23048E-1 7.33544E-1 7.58877E-1 7.63694E-1 7.68688E-1 7.79175E-1 7.99533E-1 8.29972E-1 -9999 -9999 -9999 -9999 -9999 -9999 -9999 -9999 -9999 -9999 -9999 -9999 -9999 -9999 -9999 -9999 -9999 -9999 -9999 -9999 -9999 -9999 -9999 -9999 -9999 -9999 -9999 -9999 -9999 -9999 -9999 -9999 -9999 -9999 -9999 -9999 -9999 -9999 -9999 -9999 -9999 -9999 -9999 -9999 -9999 -9999 -9999 -9999
