maxent_outputs/hummingbirds/hummingbird_221.asc
ncols         426
nrows         180
xllcorner     -130.0
yllcorner     24.0
cellsize      0.16666666666666666
NODATA_value  -9999
[rows 0 to 26 of 180, columns 122 to 182 of 426]
3.38289E-1 3.34364E-1 3.35232E-1 3.12504E-1 3.07027E-1 3.24161E-1 3.39593E-1 3.41246E-1 3.31681E-1 3.24206E-1 3.15362E-1 3.12328E-1 3.13687E-1 3.14892E-1 3.11255E-1 3.06591E-1 3.14937E-1 3.1417E-1 3.18244E-1 3.21655E-1 3.25848E-1 3.18185E-1 3.10987E-1 3.10584E-1 2.99175E-1 2.99969E-1 2.98988E-1 2.95872E-1 2.95097E-1 2.93231E-1 2.93038E-1 2.93775E-1 2.93836E-1 2.91138E-1 2.9112E-1 2.91469E-1 2.91831E-1 2.96494E-1 2.99299E-1 2.99979E-1 3.03402E-1 3.04583E-1 3.02947E-1 3.04396E-1 3.03825E-1 3.02061E-1 2.98493E-1 2.99844E-1 3.02088E-1 3.00494E-1 2.95122E-1 2.97566E-1 2.96471E-1 2.90736E-1 2.96897E-1 3.08501E-1 3.16868E-1 3.03573E-1 3.09878E-1 3.1631E-1 2.95367E-1
3.22165E-1 3.18158E-1 3.14992E-1 3.08659E-1 3.10595E-1 3.1681E-1 3.1853E-1 3.20846E-1 3.38989E-1 3.41726E-1 3.24819E-1 3.14938E-1 3.07018E-1 3.1738E-1 3.2072E-1 3.08633E-1 3.03825E-1 3.03416E-1 3.11833E-1 3.14622E-1 3.2099E-1 3.15675E-1 3.13784E-1 3.05912E-1 3.02458E-1 3.06884E-1 3.07301E-1 2.983E-1 2.99094E-1 2.99875E-1 3.00246E-1 3.03901E-1 3.04188E-1 3.09453E-1 3.01263E-1 2.94134E-1 2.96212E-1 3.01075E-1 3.01807E-1 3.05915E-1 3.07205E-1 3.06723E-1 3.03992E-1 3.00171E-1 3.02286E-1 3.05867E-1 3.03222E-1 3.02662E-1 2.93199E-1 2.79566E-1 2.83468E-1 2.99731E-1 3.04179E-1 3.01268E-1 3.02192E-1 3.0252E-1 3.22947E-1 3.16851E-1 2.99514E-1 2.9814E-1 2.92366E-1
3.0504E-1 3.04068E-1 2.98833E-1 3.01248E-1 3.1393E-1 3.15448E-1 3.25024E-1 3.26434E-1 3.30439E-1 3.33571E-1 3.33698E-1 3.16258E-1 3.03783E-1 3.0742E-1 3.16593E-1 3.10103E-1 3.02981E-1 3.01337E-1 3.01933E-1 3.08315E-1 3.0958E-1 3.12089E-1 3.10443E-1 3.07084E-1 2.93993E-1 3.00484E-1 3.00708E-1 3.04266E-1 3.02622E-1 3.03813E-1 2.96726E-1 2.95592E-1 2.94874E-1 2.92792E-1 2.93954E-1 3.06325E-1 3.10648E-1 3.11993E-1 3.02501E-1 3.07289E-1 3.096E-1 3.13382E-1 3.05328E-1 3.08415E-1 3.15364E-1 3.193E-1 3.09496E-1 3.01544E-1 2.98273E-1 2.94449E-1 2.96723E-1 3.02565E-1 3.04227E-1 3.04769E-1 3.07308E-1 3.08118E-1 3.15205E-1 3.08678E-1 3.04046E-1 2.94067E-1 2.92548E-1
3.17256E-1 3.10402E-1 3.02442E-1 3.02656E-1 3.01544E-1 3.10906E-1 3.12797E-1 3.13568E-1 3.20027E-1 3.18152E-1 3.25004E-1 3.18682E-1 3.17761E-1 3.07744E-1 3.12374E-1 3.0718E-1 3.02003E-1 2.99483E-1 2.99135E-1 3.00012E-1 3.03611E-1 3.03295E-1 2.97948E-1 2.93712E-1 2.91818E-1 2.87495E-1 2.87157E-1 2.92894E-1 2.96306E-1 3.03737E-1 3.00885E-1 3.00564E-1 3.04861E-1 2.96102E-1 2.98302E-1 3.00048E-1 2.95631E-1 3.01739E-1 3.06031E-1 3.09723E-1 3.10701E-1 3.1275E-1 3.08265E-1 3.11407E-1 3.18493E-1 3.18179E-1 3.03121E-1 2.95358E-1 2.94011E-1 2.96669E-1 2.96961E-1 2.95124E-1 3.07809E-1 3.21384E-1 3.25931E-1 3.29957E-1 3.31727E-1 3.31698E-1 3.06949E-1 2.97975E-1 2.96903E-1
3.2446E-1 3.23564E-1 3.10526E-1 3.06637E-1 3.04036E-1 3.05034E-1 3.06462E-1 3.14862E-1 3.2293E-1 3.15761E-1 3.12243E-1 3.14946E-1 3.16449E-1 3.19022E-1 3.2046E-1 3.17687E-1 3.13541E-1 3.03403E-1 3.02535E-1 3.03459E-1 3.0657E-1 3.03955E-1 3.03335E-1 3.01477E-1 2.97084E-1 2.92839E-1 2.97033E-1 3.01301E-1 3.05645E-1 3.10581E-1 3.11008E-1 3.12015E-1 3.14096E-1 2.99193E-1 2.89697E-1 2.9342E-1 2.9985E-1 3.06439E-1 3.09985E-1 3.16217E-1 3.11786E-1 3.08777E-1 2.97789E-1 3.01769E-1 3.21471E-1 3.15163E-1 2.97446E-1 2.94717E-1 2.96584E-1 2.98814E-1 2.9917E-1 3.04585E-1 2.99528E-1 2.99837E-1 3.11979E-1 3.21857E-1 3.41113E-1 3.37599E-1 3.24113E-1 3.14328E-1 3.1335E-1
3.30632E-1 3.35689E-1 3.28892E-1 3.21849E-1 3.19105E-1 3.12713E-1 3.05584E-1 3.24003E-1 3.1698E-1 3.09189E-1 3.06462E-1 3.07887E-1 3.11083E-1 3.20017E-1 3.31635E-1 3.32258E-1 3.16825E-1 3.07092E-1 3.08622E-1 3.08643E-1 3.14704E-1 3.17236E-1 3.11096E-1 3.03741E-1 3.0239E-1 3.00172E-1 3.0162E-1 3.01298E-1 3.01135E-1 3.02418E-1 3.06864E-1 3.05298E-1 3.10161E-1 3.05151E-1 2.95759E-1 2.94255E-1 2.94804E-1 3.05351E-1 3.1702E-1 3.14615E-1 3.07649E-1 3.01021E-1 3.06084E-1 3.17248E-1 3.23306E-1 3.12657E-1 2.99596E-1 2.99781E-1 3.1101E-1 3.12652E-1 3.10297E-1 3.30207E-1 3.313E-1 3.2816E-1 3.32583E-1 3.29809E-1 3.29706E-1 3.25635E-1 3.20448E-1 3.03526E-1 3.06882E-1
3.49011E-1 3.43735E-1 3.44292E-1 3.40598E-1 3.2955E-1 3.19859E-1 3.13276E-1 3.0586E-1 2.97874E-1 3.01151E-1 2.98819E-1 2.98539E-1 3.03601E-1 3.10451E-1 3.18312E-1 3.27462E-1 3.15195E-1 3.11034E-1 3.14108E-1 3.1493E-1 3.21141E-1 3.23669E-1 3.1755E-1 3.12672E-1 3.10504E-1 3.1244E-1 3.14789E-1 3.112E-1 3.04687E-1 3.01173E-1 3.03166E-1 3.08085E-1 3.11731E-1 3.12327E-1 3.05066E-1 3.02011E-1 3.04066E-1 3.05478E-1 3.05711E-1 3.041E-1 3.03504E-1 3.0596E-1 3.1218E-1 3.10119E-1 3.13765E-1 3.03857E-1 3.07021E-1 3.14363E-1 3.27716E-1 3.37825E-1 3.33222E-1 3.25578E-1 3.50905E-1 3.53022E-1 3.25452E-1 3.40399E-1 3.43853E-1 3.47246E-1 3.32538E-1 3.20015E-1 3.06382E-1
3.40543E-1 3.45081E-1 3.44594E-1 3.34508E-1 3.35113E-1 3.32241E-1 3.32698E-1 3.19134E-1 3.13399E-1 3.08577E-1 3.03172E-1 3.01672E-1 2.99854E-1 3.01806E-1 3.10984E-1 3.11045E-1 3.11673E-1 3.12387E-1 3.15656E-1 3.17279E-1 3.17464E-1 3.18513E-1 3.1824E-1 3.16825E-1 3.16097E-1 3.14914E-1 3.16961E-1 3.17895E-1 3.14956E-1 3.11572E-1 3.10681E-1 3.1774E-1 3.21699E-1 3.19576E-1 3.17953E-1 3.11126E-1 3.08284E-1 3.09855E-1 3.01368E-1 2.95728E-1 2.96083E-1 3.07015E-1 3.11867E-1 3.07791E-1 3.07789E-1 3.19548E-1 3.22673E-1 3.23721E-1 3.27335E-1 3.28843E-1 3.3454E-1 3.23465E-1 3.32268E-1 3.39686E-1 3.19077E-1 3.32415E-1 3.25311E-1 3.33749E-1 3.42355E-1 3.31209E-1 3.15725E-1
3.52606E-1 3.34659E-1 3.28343E-1 3.28461E-1 3.33783E-1 3.27423E-1 3.27149E-1 3.35821E-1 3.42271E-1 3.42601E-1 3.25596E-1 3.19373E-1 3.07092E-1 3.00741E-1 3.00757E-1 3.09544E-1 3.11591E-1 3.15801E-1 3.18868E-1 3.22207E-1 3.21807E-1 3.21281E-1 3.21956E-1 3.21535E-1 3.19944E-1 3.16569E-1 3.22711E-1 3.22206E-1 3.21326E-1 3.20135E-1 3.23541E-1 3.23632E-1 3.25234E-1 3.26343E-1 3.21491E-1 3.18728E-1 3.13108E-1 3.16023E-1 3.07942E-1 3.13061E-1 3.15336E-1 3.15641E-1 3.1949E-1 3.20151E-1 3.20923E-1 3.22822E-1 3.17077E-1 3.12556E-1 3.16201E-1 3.18186E-1 3.27679E-1 3.25748E-1 3.18556E-1 3.4459E-1 3.21332E-1 3.24326E-1 3.18074E-1 3.17874E-1 3.38467E-1 3.38186E-1 3.15555E-1
3.57574E-1 3.49132E-1 3.39523E-1 3.22721E-1 3.24908E-1 3.27004E-1 3.24146E-1 3.27255E-1 3.29342E-1 3.32362E-1 3.43989E-1 3.39099E-1 3.21098E-1 3.09286E-1 3.05787E-1 3.11493E-1 3.13569E-1 3.15008E-1 3.1821E-1 3.19807E-1 3.21058E-1 3.24681E-1 3.24365E-1 3.23683E-1 3.21384E-1 3.16152E-1 3.19586E-1 3.22087E-1 3.25703E-1 3.21011E-1 3.20411E-1 3.19818E-1 3.26362E-1 3.22025E-1 3.22171E-1 3.18477E-1 3.1414E-1 3.10643E-1 3.1256E-1 3.20635E-1 3.23913E-1 3.26506E-1 3.26588E-1 3.23103E-1 3.20292E-1 3.12555E-1 3.07013E-1 3.04739E-1 3.1185E-1 3.22642E-1 3.31492E-1 3.18927E-1 3.09932E-1 3.39875E-1 3.37124E-1 3.313E-1 3.22769E-1 3.23179E-1 3.26424E-1 3.29104E-1 3.13375E-1
3.55755E-1 3.50491E-1 3.44702E-1 3.3049E-1 3.28338E-1 3.28992E-1 3.27771E-1 3.25438E-1 3.24495E-1 3.24917E-1 3.30179E-1 3.45737E-1 3.27848E-1 3.18428E-1 3.1573E-1 3.14138E-1 3.15054E-1 3.16632E-1 3.18344E-1 3.24343E-1 3.24856E-1 3.2691E-1 3.26005E-1 3.23576E-1 3.19282E-1 3.18017E-1 3.18988E-1 3.21775E-1 3.21382E-1 3.24082E-1 3.21383E-1 3.16616E-1 3.17851E-1 3.20793E-1 3.21915E-1 3.2171E-1 3.13361E-1 3.12512E-1 3.19266E-1 3.21325E-1 3.23584E-1 3.19762E-1 3.15668E-1 3.23494E-1 3.23294E-1 3.15094E-1 3.12892E-1 3.20443E-1 3.11573E-1 3.13491E-1 3.09076E-1 3.01631E-1 3.05784E-1 3.27069E-1 3.25414E-1 3.19331E-1 3.18661E-1 3.38579E-1 3.2993E-1 3.16673E-1 3.11646E-1
3.50466E-1 3.46266E-1 3.4029E-1 3.27936E-1 3.27361E-1 3.33053E-1 3.32348E-1 3.30131E-1 3.31905E-1 3.28585E-1 3.30763E-1 3.35442E-1 3.30257E-1 3.2307E-1 3.24164E-1 3.22731E-1 3.21935E-1 3.22968E-1 3.21264E-1 3.23284E-1 3.23932E-1 3.21452E-1 3.20389E-1 3.15932E-1 3.12503E-1 3.10124E-1 3.13159E-1 3.17454E-1 3.16447E-1 3.17472E-1 3.16823E-1 3.15826E-1 3.17001E-1 3.19248E-1 3.20874E-1 3.23124E-1 3.12835E-1 3.12057E-1 3.12008E-1 3.10487E-1 3.169E-1 3.08655E-1 3.05829E-1 3.05805E-1 3.11008E-1 3.12662E-1 3.14635E-1 3.11707E-1 2.97458E-1 2.87195E-1 2.90533E-1 3.03293E-1 3.26822E-1 3.39869E-1 3.2563E-1 3.17357E-1 3.19972E-1 3.34564E-1 3.29132E-1 3.12318E-1 3.16867E-1
3.33441E-1 3.351E-1 3.3076E-1 3.28608E-1 3.24518E-1 3.2897E-1 3.28345E-1 3.34255E-1 3.38972E-1 3.42549E-1 3.38694E-1 3.3288E-1 3.27411E-1 3.23809E-1 3.24873E-1 3.20538E-1 3.20466E-1 3.22225E-1 3.17673E-1 3.25997E-1 3.28015E-1 3.26059E-1 3.22453E-1 3.18587E-1 3.12723E-1 3.10798E-1 3.10019E-1 3.12595E-1 3.13836E-1 3.15053E-1 3.14636E-1 3.35982E-1 3.28739E-1 3.41671E-1 3.36262E-1 3.21659E-1 3.22866E-1 3.15628E-1 3.06777E-1 3.09276E-1 3.11427E-1 3.12096E-1 3.05369E-1 3.0698E-1 3.09323E-1 3.16669E-1 3.14037E-1 3.08198E-1 3.01379E-1 2.9561E-1 3.09362E-1 3.24156E-1 3.26769E-1 3.32435E-1 3.31973E-1 3.22907E-1 3.06563E-1 3.19186E-1 3.23211E-1 3.1137E-1 3.02013E-1
3.25715E-1 3.26405E-1 3.28353E-1 3.25012E-1 3.23375E-1 3.2685E-1 3.23687E-1 3.19282E-1 3.25044E-1 3.27728E-1 3.27014E-1 3.2587E-1 3.28313E-1 3.27063E-1 3.21454E-1 3.24112E-1 3.18493E-1 3.17618E-1 3.21626E-1 3.36258E-1 3.38498E-1 3.34535E-1 3.30291E-1 3.21134E-1 3.14086E-1 3.11843E-1 3.05207E-1 3.09889E-1 3.14431E-1 3.14889E-1 3.1596E-1 3.28507E-1 3.25957E-1 3.26555E-1 3.28579E-1 3.31592E-1 3.33882E-1 3.30576E-1 3.23703E-1 3.13819E-1 3.07431E-1 3.0129E-1 2.93421E-1 3.02101E-1 3.11754E-1 3.17346E-1 3.10118E-1 3.18536E-1 3.16722E-1 3.16668E-1 3.19863E-1 3.10952E-1 3.1311E-1 3.23549E-1 3.19216E-1 3.04488E-1 3.03756E-1 3.10946E-1 3.17042E-1 3.16651E-1 3.07872E-1
3.28424E-1 3.31925E-1 3.27771E-1 3.32089E-1 3.29439E-1 3.26806E-1 3.31353E-1 3.35503E-1 3.25015E-1 3.18074E-1 3.12339E-1 3.14692E-1 3.18435E-1 3.20312E-1 3.23494E-1 3.23911E-1 3.27072E-1 3.22448E-1 3.2552E-1 3.26913E-1 3.27377E-1 3.31346E-1 3.27144E-1 3.24079E-1 3.18035E-1 3.09406E-1 3.06804E-1 3.08433E-1 3.10718E-1 3.13438E-1 3.1309E-1 3.1487E-1 3.20218E-1 3.22436E-1 3.28892E-1 3.33521E-1 3.33346E-1 3.31394E-1 3.29007E-1 3.23396E-1 3.17983E-1 3.17161E-1 3.12373E-1 3.09076E-1 3.07328E-1 3.04011E-1 2.95429E-1 2.98291E-1 3.11539E-1 3.04954E-1 3.07828E-1 3.09476E-1 3.063E-1 3.16975E-1 3.19429E-1 2.95756E-1 3.06284E-1 2.96682E-1 2.98658E-1 3.13091E-1 3.13855E-1
3.39602E-1 3.40761E-1 3.36174E-1 3.33144E-1 3.43668E-1 3.40724E-1 3.32406E-1 3.28727E-1 3.29623E-1 3.23319E-1 3.1037E-1 3.07616E-1 3.11786E-1 3.21177E-1 3.25199E-1 3.29815E-1 3.33586E-1 3.29494E-1 3.3461E-1 3.2935E-1 3.28155E-1 3.28396E-1 3.21973E-1 3.17657E-1 3.22272E-1 3.15237E-1 3.10408E-1 3.07423E-1 3.10248E-1 3.0922E-1 3.08761E-1 3.0932E-1 3.16337E-1 3.21338E-1 3.25297E-1 3.30794E-1 3.31035E-1 3.30001E-1 3.27395E-1 3.24733E-1 3.2251E-1 3.12616E-1 3.1457E-1 3.1441E-1 3.07554E-1 3.14497E-1 3.017E-1 2.95107E-1 2.80613E-1 2.80151E-1 2.85843E-1 3.07991E-1 3.14425E-1 3.21212E-1 3.17322E-1 2.91627E-1 2.89579E-1 2.88497E-1 3.0938E-1 3.03678E-1 2.9295E-1
3.40136E-1 3.43785E-1 3.44585E-1 3.36663E-1 3.37237E-1 3.40903E-1 3.28334E-1 3.24052E-1 3.25191E-1 3.25891E-1 3.24537E-1 3.21243E-1 3.23652E-1 3.264E-1 3.26746E-1 3.33823E-1 3.40363E-1 3.37919E-1 3.35549E-1 3.34661E-1 3.26694E-1 3.33053E-1 3.29798E-1 3.18582E-1 3.18059E-1 3.1309E-1 3.24082E-1 3.14708E-1 3.14787E-1 3.11595E-1 3.08918E-1 3.07465E-1 3.19143E-1 3.20251E-1 3.20673E-1 3.25724E-1 3.28789E-1 3.27378E-1 3.26255E-1 3.2355E-1 3.218E-1 3.22315E-1 3.15393E-1 3.11376E-1 3.04152E-1 3.07252E-1 3.05021E-1 3.01671E-1 2.92939E-1 2.86555E-1 2.86058E-1 2.97514E-1 3.09114E-1 3.06663E-1 2.99063E-1 2.9069E-1 2.88638E-1 2.97628E-1 3.14957E-1 3.32554E-1 3.06837E-1
3.3739E-1 3.39226E-1 3.38752E-1 3.43504E-1 3.49309E-1 3.41629E-1 3.29477E-1 3.20206E-1 3.31167E-1 3.29957E-1 3.34398E-1 3.38474E-1 3.3143E-1 3.27724E-1 3.29368E-1 3.34717E-1 3.39375E-1 3.43769E-1 3.39991E-1 3.33484E-1 3.3182E-1 3.35162E-1 3.36759E-1 3.23157E-1 3.16338E-1 3.13166E-1 3.2314E-1 3.1934E-1 3.20624E-1 3.19826E-1 3.13739E-1 3.10371E-1 3.11859E-1 3.16811E-1 3.15107E-1 3.21507E-1 3.23848E-1 3.29226E-1 3.27015E-1 3.24774E-1 3.20126E-1 3.20647E-1 3.15804E-1 3.14748E-1 3.06313E-1 3.06108E-1 3.08669E-1 3.05594E-1 3.02629E-1 3.00087E-1 2.96018E-1 3.02854E-1 3.06607E-1 2.99956E-1 2.99205E-1 2.99696E-1 3.00791E-1 3.02226E-1 3.07609E-1 3.19541E-1 3.14519E-1
3.42225E-1 3.42527E-1 3.41957E-1 3.40918E-1 3.44389E-1 3.44994E-1 3.40556E-1 3.30002E-1 3.37092E-1 3.31552E-1 3.3404E-1 3.37692E-1 3.39039E-1 3.34356E-1 3.36781E-1 3.40089E-1 3.557E-1 3.45514E-1 3.41916E-1 3.44824E-1 3.37961E-1 3.33513E-1 3.29507E-1 3.27511E-1 3.23748E-1 3.21927E-1 3.24885E-1 3.24548E-1 3.22369E-1 3.20062E-1 3.18049E-1 3.16478E-1 3.10632E-1 3.09819E-1 3.13079E-1 3.16358E-1 3.19412E-1 3.27897E-1 3.25704E-1 3.19994E-1 3.2535E-1 3.24044E-1 3.21385E-1 3.17496E-1 3.1478E-1 3.12297E-1 3.10912E-1 3.06193E-1 3.00288E-1 2.95347E-1 2.93086E-1 3.00238E-1 3.12682E-1 3.12685E-1 3.18778E-1 3.21815E-1 3.20156E-1 3.19808E-1 3.29322E-1 3.23863E-1 3.09474E-1
3.53113E-1 3.43234E-1 3.37048E-1 3.41447E-1 3.41034E-1 3.44723E-1 3.45067E-1 3.44953E-1 3.3912E-1 3.40654E-1 3.32314E-1 3.26668E-1 3.35228E-1 3.46477E-1 3.54369E-1 3.58426E-1 3.59845E-1 3.55648E-1 3.51672E-1 3.47868E-1 3.40381E-1 3.39825E-1 3.38738E-1 3.34891E-1 3.33729E-1 3.29018E-1 3.27861E-1 3.30877E-1 3.27731E-1 3.22249E-1 3.20361E-1 3.26478E-1 3.22251E-1 3.17875E-1 3.20082E-1 3.21455E-1 3.22266E-1 3.20851E-1 3.23651E-1 3.28444E-1 3.30559E-1 3.28904E-1 3.23286E-1 3.24404E-1 3.20512E-1 3.21122E-1 3.19626E-1 3.08248E-1 3.03005E-1 3.02826E-1 2.94165E-1 2.94057E-1 2.94935E-1 2.89686E-1 3.05645E-1 3.06423E-1 3.05227E-1 3.15484E-1 3.21472E-1 3.20953E-1 3.2609E-1
3.35191E-1 3.34654E-1 3.20935E-1 3.2624E-1 3.29792E-1 3.3454E-1 3.42172E-1 3.45653E-1 3.49377E-1 3.47607E-1 3.46525E-1 3.42279E-1 3.46129E-1 3.42443E-1 3.36407E-1 3.43759E-1 3.47994E-1 3.54813E-1 3.52748E-1 3.48511E-1 3.42318E-1 3.36291E-1 3.3999E-1 3.37988E-1 3.30303E-1 3.36504E-1 3.33361E-1 3.29555E-1 3.24878E-1 3.21273E-1 3.13224E-1 3.14577E-1 3.1844E-1 3.18116E-1 3.16207E-1 3.20239E-1 3.2519E-1 3.29713E-1 3.32594E-1 3.33605E-1 3.33165E-1 3.34096E-1 3.29535E-1 3.29939E-1 3.26168E-1 3.30661E-1 3.30858E-1 3.23228E-1 3.08435E-1 3.07598E-1 3.01601E-1 3.01282E-1 3.00776E-1 2.98132E-1 2.93378E-1 2.907E-1 2.93559E-1 3.01004E-1 3.04895E-1 3.14007E-1 3.27945E-1
3.38048E-1 3.30892E-1 3.2395E-1 3.20124E-1 3.26024E-1 3.32046E-1 3.36837E-1 3.44057E-1 3.51425E-1 3.49738E-1 3.45584E-1 3.46642E-1 3.49407E-1 3.42553E-1 3.37227E-1 3.3955E-1 3.43261E-1 3.425E-1 3.42913E-1 3.41617E-1 3.39722E-1 3.36032E-1 3.44985E-1 3.5225E-1 3.3957E-1 3.29849E-1 3.27902E-1 3.19254E-1 3.14141E-1 3.09186E-1 3.09904E-1 3.1314E-1 3.11459E-1 3.1021E-1 3.14361E-1 3.18005E-1 3.28981E-1 3.37289E-1 3.39759E-1 3.3811E-1 3.36305E-1 3.34623E-1 3.29403E-1 3.29206E-1 3.27111E-1 3.28451E-1 3.27536E-1 3.28387E-1 3.21676E-1 3.10386E-1 3.13251E-1 3.10426E-1 3.14122E-1 3.0785E-1 2.96718E-1 2.88491E-1 2.93178E-1 2.968E-1 3.00611E-1 3.0028E-1 3.19966E-1
3.34245E-1 3.24017E-1 3.22541E-1 3.24783E-1 3.27768E-1 3.32422E-1 3.39821E-1 3.51251E-1 3.51302E-1 3.53259E-1 3.58012E-1 3.6148E-1 3.5909E-1 3.52304E-1 3.47964E-1 3.49253E-1 3.50339E-1 3.43042E-1 3.38812E-1 3.30069E-1 3.27797E-1 3.29609E-1 3.34822E-1 3.49984E-1 3.66655E-1 3.4914E-1 3.27358E-1 3.15993E-1 3.10849E-1 3.08387E-1 3.09177E-1 3.04542E-1 3.03812E-1 3.13775E-1 3.16009E-1 3.21486E-1 3.24949E-1 3.29896E-1 3.36077E-1 3.35493E-1 3.35943E-1 3.33563E-1 3.30843E-1 3.27368E-1 3.23623E-1 3.23126E-1 3.21943E-1 3.22432E-1 3.20413E-1 3.20917E-1 3.22802E-1 3.18676E-1 3.13685E-1 3.03778E-1 2.97228E-1 2.88131E-1 2.88127E-1 2.94068E-1 3.03926E-1 3.11346E-1 3.10789E-1
3.41902E-1 3.37218E-1 3.43617E-1 3.46496E-1 3.43518E-1 3.49526E-1 3.55984E-1 3.62478E-1 3.62374E-1 3.57777E-1 3.56123E-1 3.57296E-1 3.56604E-1 3.59991E-1 3.54843E-1 3.54631E-1 3.47467E-1 3.41246E-1 3.43352E-1 3.31352E-1 3.32501E-1 3.53681E-1 3.6693E-1 3.41769E-1 3.50479E-1 3.61195E-1 3.5376E-1 3.42228E-1 3.24827E-1 3.14327E-1 3.11307E-1 3.10512E-1 3.09913E-1 3.13003E-1 3.18534E-1 3.22747E-1 3.2478E-1 3.3034E-1 3.30997E-1 3.31957E-1 3.28814E-1 3.29691E-1 3.24198E-1 3.21627E-1 3.16771E-1 3.16051E-1 3.17685E-1 3.17164E-1 3.18983E-1 3.17951E-1 3.16966E-1 3.22148E-1 3.19344E-1 3.06099E-1 2.95519E-1 2.9055E-1 2.93797E-1 2.98221E-1 3.06105E-1 3.09147E-1 3.02608E-1
3.7458E-1 3.72953E-1 3.74925E-1 3.87129E-1 3.91006E-1 3.93907E-1 3.8357E-1 3.65201E-1 3.61849E-1 3.60938E-1 3.60817E-1 3.58213E-1 3.60566E-1 3.53329E-1 3.41131E-1 3.41628E-1 3.42496E-1 3.48872E-1 3.53711E-1 3.40424E-1 3.43846E-1 3.43511E-1 3.42127E-1 3.38852E-1 3.36571E-1 3.50846E-1 3.50872E-1 3.47123E-1 3.45121E-1 3.27344E-1 3.33575E-1 3.26202E-1 3.20455E-1 3.17044E-1 3.2215E-1 3.24258E-1 3.26944E-1 3.3046E-1 3.30572E-1 3.26341E-1 3.23455E-1 3.19534E-1 3.20376E-1 3.23049E-1 3.19964E-1 3.12972E-1 3.09309E-1 3.1136E-1 3.1483E-1 3.17894E-1 3.17097E-1 3.20568E-1 3.30944E-1 3.16373E-1 3.05333E-1 2.94771E-1 3.03094E-1 3.07631E-1 3.07523E-1 3.00063E-1 2.98231E-1
3.97604E-1 3.97637E-1 4.03352E-1 4.0363E-1 4.05234E-1 4.04942E-1 3.81168E-1 3.61581E-1 3.56499E-1 3.52933E-1 3.499E-1 3.51853E-1 3.53809E-1 3.55627E-1 3.53217E-1 3.39718E-1 3.32012E-1 3.34752E-1 3.46247E-1 3.51497E-1 3.51826E-1 3.50867E-1 3.48966E-1 3.48882E-1 3.44698E-1 3.41404E-1 3.39692E-1 3.32161E-1 3.40117E-1 3.60752E-1 3.64766E-1 3.4389E-1 3.34064E-1 3.35023E-1 3.26408E-1 3.29276E-1 3.28281E-1 3.30808E-1 3.29382E-1 3.25802E-1 3.17993E-1 3.11686E-1 3.15696E-1 3.26418E-1 3.24917E-1 3.17256E-1 3.09903E-1 3.07744E-1 3.10355E-1 3.1484E-1 3.20577E-1 3.26588E-1 3.30256E-1 3.37995E-1 3.24671E-1 3.1807E-1 3.11154E-1 3.08026E-1 3.11189E-1 3.08669E-1 3.03335E-1
3.85985E-1 3.77731E-1 3.70126E-1 3.77856E-1 3.8782E-1 3.90514E-1 3.67762E-1 3.64614E-1 3.58119E-1 3.52533E-1 3.45091E-1 3.43471E-1 3.57314E-1 3.61209E-1 3.5243E-1 3.3743E-1 3.2826E-1 3.24505E-1 3.36155E-1 3.455E-1 3.54036E-1 3.58315E-1 3.56999E-1 3.51405E-1 3.53358E-1 3.69724E-1 3.63068E-1 3.54766E-1 3.51965E-1 3.63524E-1 3.725E-1 3.75516E-1 3.60395E-1 3.51697E-1 3.40029E-1 3.32435E-1 3.32876E-1 3.35254E-1 3.3067E-1 3.25084E-1 3.18657E-1 3.12413E-1 3.07828E-1 3.09389E-1 3.14926E-1 3.12672E-1 3.09939E-1 3.0695E-1 3.11322E-1 3.17894E-1 3.21548E-1 3.25584E-1 3.22341E-1 3.36203E-1 3.34345E-1 3.25848E-1 3.14377E-1 3.0963E-1 3.14113E-1 3.1268E-1 3.11686E-1
