maxent_outputs/hummingbirds/hummingbird_314.asc
ncols         426
nrows         180
xllcorner     -130.0
yllcorner     24.0
cellsize      0.16666666666666666
NODATA_value  -9999
[rows 81 to 107 of 180, columns 244 to 304 of 426]
1.62943E-1 1.644E-1 1.6191E-1 1.60327E-1 1.59554E-1 1.64763E-1 1.61716E-1 1.59924E-1 1.59712E-1 1.61445E-1 1.65982E-1 1.66041E-1 1.73763E-1 1.82505E-1 1.86393E-1 1.76594E-1 1.66025E-1 1.57478E-1 1.5032E-1 1.4842E-1 1.47279E-1 1.46501E-1 1.5026E-1 1.53061E-1 1.517E-1 1.54851E-1 1.57807E-1 1.59242E-1 1.62557E-1 1.67048E-1 1.63633E-1 1.61748E-1 1.64239E-1 1.62517E-1 1.60903E-1 1.67738E-1 1.69517E-1 1.71304E-1 1.63387E-1 1.52174E-1 1.44005E-1 1.41915E-1 1.47184E-1 1.57447E-1 1.64424E-1 1.54741E-1 1.5447E-1 1.62974E-1 1.65768E-1 1.56761E-1 1.50108E-1 1.54832E-1 1.68073E-1 1.56962E-1 1.53722E-1 1.70015E-1 1.73459E-1 1.54383E-1 1.4237E-1 1.36349E-1 1.25379E-1
1.65802E-1 1.62765E-1 1.60153E-1 1.63816E-1 1.61398E-1 1.64034E-1 1.60091E-1 1.56111E-1 1.57782E-1 1.62144E-1 1.63725E-1 1.67943E-1 1.73651E-1 1.64551E-1 1.65498E-1 1.60895E-1 1.53291E-1 1.46175E-1 1.42781E-1 1.46149E-1 1.45858E-1 1.49413E-1 1.49464E-1 1.51697E-1 1.54117E-1 1.52854E-1 1.50857E-1 1.51457E-1 1.5458E-1 1.59639E-1 1.6305E-1 1.57495E-1 1.59213E-1 1.59345E-1 1.60736E-1 1.66509E-1 1.7165E-1 1.73916E-1 1.74678E-1 1.53156E-1 1.44812E-1 1.43529E-1 1.45811E-1 1.53135E-1 1.63051E-1 1.61087E-1 1.61344E-1 1.60147E-1 1.6876E-1 1.57048E-1 1.50526E-1 1.60432E-1 1.66973E-1 1.55557E-1 1.55775E-1 1.59821E-1 1.67794E-1 1.57531E-1 1.43567E-1 1.26632E-1 1.17956E-1
1.68373E-1 1.62608E-1 1.654E-1 1.62938E-1 1.60261E-1 1.61405E-1 1.60885E-1 1.58938E-1 1.57551E-1 1.61081E-1 1.64059E-1 1.66029E-1 1.64178E-1 1.57231E-1 1.54788E-1 1.51349E-1 1.47101E-1 1.42558E-1 1.44063E-1 1.53376E-1 1.55776E-1 1.51946E-1 1.50907E-1 1.46895E-1 1.45725E-1 1.4219E-1 1.4145E-1 1.44905E-1 1.51135E-1 1.56559E-1 1.62457E-1 1.58654E-1 1.58271E-1 1.62774E-1 1.58539E-1 1.63158E-1 1.67147E-1 1.79359E-1 1.78167E-1 1.55958E-1 1.50791E-1 1.51433E-1 1.54832E-1 1.6031E-1 1.6032E-1 1.60971E-1 1.67305E-1 1.69166E-1 1.63987E-1 1.5474E-1 1.53792E-1 1.65933E-1 1.5308E-1 1.48033E-1 1.52031E-1 1.57058E-1 1.63437E-1 1.53101E-1 1.37265E-1 1.09067E-1 9.75326E-2
1.63845E-1 1.61235E-1 1.6232E-1 1.61451E-1 1.57936E-1 1.59986E-1 1.58072E-1 1.55576E-1 1.54402E-1 1.5306E-1 1.5413E-1 1.64074E-1 1.60315E-1 1.55194E-1 1.4821E-1 1.46732E-1 1.4066E-1 1.40457E-1 1.51828E-1 1.61698E-1 1.55609E-1 1.48857E-1 1.41489E-1 1.39487E-1 1.36207E-1 1.3899E-1 1.41916E-1 1.418E-1 1.44834E-1 1.49262E-1 1.62757E-1 1.68749E-1 1.66797E-1 1.62944E-1 1.52669E-1 1.62043E-1 1.67981E-1 1.7827E-1 1.8105E-1 1.66393E-1 1.5799E-1 1.53441E-1 1.51471E-1 1.59338E-1 1.66947E-1 1.62279E-1 1.66843E-1 1.73939E-1 1.59432E-1 1.52128E-1 1.55432E-1 1.64494E-1 1.47571E-1 1.44778E-1 1.48538E-1 1.56754E-1 1.59762E-1 1.47397E-1 1.15231E-1 1.06624E-1 1.02188E-1
1.64647E-1 1.6042E-1 1.58694E-1 1.57047E-1 1.59238E-1 1.58352E-1 1.56321E-1 1.58055E-1 1.52874E-1 1.50401E-1 1.53612E-1 1.5915E-1 1.56679E-1 1.56863E-1 1.49165E-1 1.47471E-1 1.43879E-1 1.46078E-1 1.52582E-1 1.538E-1 1.51333E-1 1.47838E-1 1.43015E-1 1.33201E-1 1.31335E-1 1.38509E-1 1.37464E-1 1.33149E-1 1.4405E-1 1.49866E-1 1.6555E-1 1.67824E-1 1.66495E-1 1.5486E-1 1.48237E-1 1.54819E-1 1.62754E-1 1.72324E-1 1.76858E-1 1.65448E-1 1.63048E-1 1.55956E-1 1.48633E-1 1.54369E-1 1.61941E-1 1.61894E-1 1.65276E-1 1.62321E-1 1.57753E-1 1.5122E-1 1.56834E-1 1.49017E-1 1.37293E-1 1.343E-1 1.40262E-1 1.52042E-1 1.59947E-1 1.20202E-1 1.02603E-1 1.04194E-1 9.5563E-2
1.64251E-1 1.5933E-1 1.54463E-1 1.62074E-1 1.64737E-1 1.5961E-1 1.55705E-1 1.58435E-1 1.51982E-1 1.51614E-1 1.5443E-1 1.63764E-1 1.59855E-1 1.57303E-1 1.55254E-1 1.49113E-1 1.47714E-1 1.55018E-1 1.52284E-1 1.46143E-1 1.49605E-1 1.49749E-1 1.415E-1 1.33713E-1 1.34784E-1 1.37725E-1 1.33999E-1 1.38284E-1 1.45056E-1 1.55051E-1 1.58073E-1 1.58683E-1 1.56826E-1 1.43576E-1 1.44869E-1 1.52752E-1 1.59798E-1 1.69714E-1 1.70489E-1 1.59348E-1 1.63835E-1 1.60561E-1 1.55197E-1 1.55965E-1 1.51574E-1 1.58268E-1 1.62056E-1 1.60213E-1 1.56718E-1 1.54742E-1 1.51561E-1 1.42954E-1 1.29658E-1 1.26722E-1 1.34447E-1 1.43742E-1 1.32976E-1 1.06119E-1 9.27363E-2 9.01599E-2 9.01108E-2
1.62394E-1 1.57226E-1 1.58923E-1 1.62121E-1 1.62707E-1 1.60895E-1 1.57348E-1 1.58532E-1 1.57158E-1 1.60198E-1 1.62939E-1 1.64348E-1 1.60087E-1 1.5903E-1 1.59325E-1 1.54813E-1 1.57367E-1 1.61866E-1 1.51832E-1 1.48411E-1 1.51217E-1 1.49568E-1 1.47683E-1 1.37954E-1 1.39243E-1 1.39485E-1 1.35896E-1 1.4286E-1 1.52889E-1 1.5224E-1 1.53057E-1 1.52578E-1 1.51826E-1 1.50937E-1 1.42907E-1 1.48419E-1 1.55309E-1 1.64097E-1 1.64638E-1 1.61947E-1 1.59426E-1 1.58132E-1 1.59233E-1 1.55136E-1 1.51957E-1 1.51757E-1 1.55147E-1 1.61591E-1 1.53493E-1 1.49158E-1 1.39285E-1 1.36732E-1 1.27071E-1 1.26221E-1 1.36027E-1 1.29907E-1 1.09476E-1 9.38994E-2 8.58218E-2 8.4134E-2 9.4156E-2
1.63901E-1 1.64462E-1 1.6547E-1 1.6575E-1 1.62146E-1 1.63982E-1 1.64936E-1 1.63032E-1 1.61383E-1 1.59819E-1 1.61405E-1 1.59149E-1 1.61231E-1 1.62243E-1 1.61821E-1 1.58223E-1 1.53139E-1 1.56688E-1 1.53246E-1 1.49548E-1 1.51313E-1 1.48261E-1 1.47354E-1 1.45028E-1 1.41055E-1 1.36461E-1 1.43517E-1 1.55123E-1 1.55017E-1 1.53164E-1 1.51054E-1 1.45734E-1 1.43872E-1 1.40633E-1 1.37339E-1 1.46087E-1 1.54105E-1 1.5687E-1 1.62798E-1 1.5973E-1 1.57867E-1 1.57876E-1 1.57478E-1 1.52854E-1 1.47206E-1 1.48161E-1 1.52548E-1 1.47672E-1 1.40595E-1 1.37184E-1 1.30237E-1 1.27356E-1 1.23157E-1 1.26275E-1 1.27362E-1 1.21409E-1 1.06891E-1 8.84831E-2 8.45572E-2 7.94051E-2 8.9022E-2
1.72781E-1 1.73601E-1 1.71472E-1 1.66073E-1 1.69751E-1 1.63791E-1 1.63152E-1 1.62375E-1 1.59727E-1 1.57763E-1 1.6083E-1 1.58587E-1 1.64977E-1 1.60964E-1 1.63594E-1 1.53424E-1 1.45969E-1 1.57454E-1 1.52733E-1 1.50349E-1 1.50773E-1 1.50728E-1 1.5077E-1 1.47384E-1 1.39968E-1 1.41815E-1 1.52276E-1 1.54556E-1 1.57588E-1 1.60979E-1 1.47959E-1 1.45168E-1 1.37173E-1 1.36212E-1 1.38806E-1 1.42481E-1 1.47356E-1 1.52587E-1 1.54576E-1 1.52153E-1 1.54638E-1 1.57275E-1 1.59124E-1 1.54361E-1 1.45904E-1 1.4382E-1 1.38329E-1 1.37929E-1 1.33293E-1 1.29818E-1 1.26499E-1 1.2531E-1 1.20379E-1 1.19762E-1 1.13583E-1 1.04356E-1 9.602E-2 8.95422E-2 8.39654E-2 6.87846E-2 1.06921E-1
1.82211E-1 1.81373E-1 1.74591E-1 1.71205E-1 1.74216E-1 1.67611E-1 1.62393E-1 1.59384E-1 1.58392E-1 1.58271E-1 1.56938E-1 1.55627E-1 1.60602E-1 1.56376E-1 1.56175E-1 1.48629E-1 1.43109E-1 1.43438E-1 1.42222E-1 1.47782E-1 1.47028E-1 1.50103E-1 1.49357E-1 1.4212E-1 1.38752E-1 1.42021E-1 1.50847E-1 1.54517E-1 1.4728E-1 1.53446E-1 1.50975E-1 1.44596E-1 1.41025E-1 1.37052E-1 1.39134E-1 1.42297E-1 1.44698E-1 1.52343E-1 1.52972E-1 1.51107E-1 1.49828E-1 1.56876E-1 1.5558E-1 1.59589E-1 1.47783E-1 1.38637E-1 1.31289E-1 1.29461E-1 1.27856E-1 1.27584E-1 1.28582E-1 1.25523E-1 1.22956E-1 1.14451E-1 9.95696E-2 8.91617E-2 9.13522E-2 8.11851E-2 8.33745E-2 8.96332E-2 1.54215E-1
2.02445E-1 1.87007E-1 1.81063E-1 1.77595E-1 1.73514E-1 1.69475E-1 1.63547E-1 1.56711E-1 1.55423E-1 1.59003E-1 1.59823E-1 1.55829E-1 1.55468E-1 1.53148E-1 1.47336E-1 1.46971E-1 1.42748E-1 1.38414E-1 1.40763E-1 1.45825E-1 1.52201E-1 1.49168E-1 1.46059E-1 1.41365E-1 1.46371E-1 1.46071E-1 1.5135E-1 1.52045E-1 1.46416E-1 1.52248E-1 1.54489E-1 1.50718E-1 1.48263E-1 1.46655E-1 1.44112E-1 1.49324E-1 1.44096E-1 1.54568E-1 1.61601E-1 1.52459E-1 1.46821E-1 1.52076E-1 1.58263E-1 1.57403E-1 1.44683E-1 1.36491E-1 1.32835E-1 1.27799E-1 1.2664E-1 1.27166E-1 1.25172E-1 1.22031E-1 1.20974E-1 1.00371E-1 7.84666E-2 6.83848E-2 7.70947E-2 6.63088E-2 6.87373E-2 1.143E-1 1.52504E-1
1.93883E-1 1.89106E-1 1.83365E-1 1.79826E-1 1.7243E-1 1.70782E-1 1.65389E-1 1.58313E-1 1.55079E-1 1.54283E-1 1.55432E-1 1.52442E-1 1.54558E-1 1.53653E-1 1.47415E-1 1.43931E-1 1.40584E-1 1.33665E-1 1.31012E-1 1.36093E-1 1.42191E-1 1.50555E-1 1.42056E-1 1.4397E-1 1.37802E-1 1.42258E-1 1.41894E-1 1.43286E-1 1.45333E-1 1.51477E-1 1.53348E-1 1.50873E-1 1.44273E-1 1.4312E-1 1.44175E-1 1.46889E-1 1.47926E-1 1.45717E-1 1.51612E-1 1.55674E-1 1.46038E-1 1.47392E-1 1.53498E-1 1.50412E-1 1.55402E-1 1.45972E-1 1.44509E-1 1.37673E-1 1.33291E-1 1.28955E-1 1.28052E-1 1.16732E-1 1.0287E-1 8.78694E-2 6.2792E-2 5.99435E-2 5.51156E-2 6.68282E-2 8.03297E-2 1.13559E-1 1.37332E-1
1.8571E-1 1.80131E-1 1.75349E-1 1.70363E-1 1.66043E-1 1.68931E-1 1.67484E-1 1.60038E-1 1.55168E-1 1.59955E-1 1.54225E-1 1.54757E-1 1.55525E-1 1.50938E-1 1.49126E-1 1.42756E-1 1.4191E-1 1.38647E-1 1.43686E-1 1.45823E-1 1.51213E-1 1.54881E-1 1.49855E-1 1.40281E-1 1.32843E-1 1.38375E-1 1.52341E-1 1.49264E-1 1.50319E-1 1.50885E-1 1.48572E-1 1.4941E-1 1.48689E-1 1.39453E-1 1.40518E-1 1.37198E-1 1.40601E-1 1.40809E-1 1.47815E-1 1.48777E-1 1.53574E-1 1.5465E-1 1.54217E-1 1.5239E-1 1.62108E-1 1.6865E-1 1.65215E-1 1.50101E-1 1.37683E-1 1.30994E-1 1.18413E-1 9.39359E-2 8.14072E-2 7.08562E-2 5.43768E-2 5.4481E-2 6.46283E-2 6.87767E-2 8.39889E-2 1.10984E-1 1.14544E-1
1.7665E-1 1.72694E-1 1.72679E-1 1.62386E-1 1.5856E-1 1.62272E-1 1.63724E-1 1.60199E-1 1.6017E-1 1.50489E-1 1.49377E-1 1.52678E-1 1.55163E-1 1.51137E-1 1.46023E-1 1.44499E-1 1.45955E-1 1.52132E-1 1.61391E-1 1.59251E-1 1.65014E-1 1.75301E-1 1.59157E-1 1.44745E-1 1.38492E-1 1.41185E-1 1.58201E-1 1.56684E-1 1.53035E-1 1.50145E-1 1.49628E-1 1.47204E-1 1.44881E-1 1.43147E-1 1.38686E-1 1.37667E-1 1.35308E-1 1.44201E-1 1.48052E-1 1.50349E-1 1.54585E-1 1.53439E-1 1.52842E-1 1.51884E-1 1.55081E-1 1.59409E-1 1.60221E-1 1.4626E-1 1.34323E-1 1.3139E-1 1.14341E-1 9.12106E-2 7.66952E-2 5.81354E-2 5.34384E-2 7.13886E-2 7.76373E-2 8.58724E-2 1.12569E-1 1.21729E-1 1.38349E-1
1.73523E-1 1.64916E-1 1.71779E-1 1.5308E-1 1.50008E-1 1.51044E-1 1.57052E-1 1.55485E-1 1.56351E-1 1.48047E-1 1.50726E-1 1.51097E-1 1.49015E-1 1.4999E-1 1.47848E-1 1.51767E-1 1.54651E-1 1.61827E-1 1.71924E-1 1.73616E-1 1.83631E-1 1.75059E-1 1.61294E-1 1.55347E-1 1.52695E-1 1.53534E-1 1.58478E-1 1.59495E-1 1.59844E-1 1.55399E-1 1.51028E-1 1.48755E-1 1.44542E-1 1.43805E-1 1.42408E-1 1.42315E-1 1.35415E-1 1.41819E-1 1.45155E-1 1.53886E-1 1.58876E-1 1.53024E-1 1.48028E-1 1.49402E-1 1.42788E-1 1.42451E-1 1.37794E-1 1.31014E-1 1.30273E-1 1.23508E-1 1.03255E-1 8.02126E-2 6.42443E-2 7.07362E-2 8.40366E-2 8.13837E-2 9.91615E-2 1.10757E-1 1.32757E-1 1.37186E-1 1.33977E-1
1.64829E-1 1.62858E-1 1.59159E-1 1.51052E-1 1.47405E-1 1.48604E-1 1.5088E-1 1.61014E-1 1.61456E-1 1.54717E-1 1.61114E-1 1.55247E-1 1.47195E-1 1.44384E-1 1.47561E-1 1.55298E-1 1.59634E-1 1.59267E-1 1.61981E-1 1.79999E-1 1.90758E-1 1.81149E-1 1.69175E-1 1.59409E-1 1.59332E-1 1.60002E-1 1.58606E-1 1.64093E-1 1.60314E-1 1.60974E-1 1.58711E-1 1.59353E-1 1.5814E-1 1.4651E-1 1.36524E-1 1.35273E-1 1.4134E-1 1.44591E-1 1.48857E-1 1.52752E-1 1.58344E-1 1.56179E-1 1.42111E-1 1.43164E-1 1.3341E-1 1.23201E-1 1.17577E-1 1.13458E-1 1.15572E-1 1.21463E-1 9.5087E-2 8.75981E-2 9.2665E-2 1.01435E-1 9.89978E-2 1.079E-1 1.15953E-1 1.41014E-1 1.35151E-1 1.534E-1 1.30087E-1
1.62744E-1 1.6117E-1 1.52372E-1 1.46707E-1 1.45277E-1 1.49415E-1 1.59121E-1 1.72502E-1 1.68557E-1 1.6209E-1 1.5809E-1 1.55673E-1 1.48279E-1 1.44807E-1 1.48258E-1 1.51293E-1 1.52041E-1 1.48923E-1 1.55459E-1 1.65571E-1 1.67349E-1 1.70924E-1 1.74797E-1 1.66975E-1 1.58402E-1 1.55215E-1 1.54482E-1 1.60295E-1 1.68232E-1 1.63714E-1 1.5788E-1 1.63295E-1 1.6225E-1 1.49199E-1 1.43102E-1 1.41244E-1 1.45689E-1 1.51122E-1 1.54009E-1 1.58246E-1 1.5095E-1 1.53629E-1 1.48185E-1 1.32889E-1 1.26488E-1 1.16248E-1 1.10345E-1 1.11705E-1 1.13741E-1 1.08124E-1 1.19821E-1 1.16119E-1 1.25518E-1 1.13012E-1 1.11256E-1 1.40972E-1 1.41337E-1 1.56122E-1 1.48823E-1 1.65069E-1 1.28171E-1
1.49747E-1 1.47714E-1 1.47567E-1 1.47464E-1 1.50563E-1 1.56726E-1 1.67256E-1 1.76703E-1 1.69103E-1 1.6438E-1 1.64948E-1 1.6666E-1 1.64879E-1 1.56792E-1 1.5586E-1 1.54258E-1 1.51745E-1 1.48737E-1 1.49793E-1 1.57098E-1 1.59395E-1 1.52203E-1 1.60856E-1 1.5872E-1 1.54154E-1 1.52179E-1 1.50937E-1 1.52004E-1 1.61352E-1 1.57835E-1 1.55555E-1 1.56651E-1 1.56539E-1 1.54163E-1 1.53926E-1 1.52336E-1 1.48303E-1 1.44421E-1 1.51553E-1 1.59636E-1 1.59794E-1 1.51454E-1 1.45953E-1 1.35584E-1 1.2643E-1 1.23502E-1 1.1763E-1 1.1952E-1 1.14369E-1 1.12978E-1 1.39596E-1 1.46264E-1 1.37272E-1 1.17498E-1 1.24298E-1 1.42516E-1 1.74412E-1 1.68381E-1 1.61455E-1 1.61028E-1 1.70351E-1
1.42429E-1 1.39918E-1 1.49999E-1 1.52082E-1 1.52853E-1 1.63112E-1 1.67058E-1 1.69797E-1 1.69893E-1 1.6786E-1 1.64161E-1 1.67196E-1 1.71473E-1 1.71167E-1 1.66925E-1 1.61982E-1 1.57171E-1 1.48929E-1 1.49919E-1 1.59718E-1 1.60821E-1 1.54675E-1 1.50879E-1 1.497E-1 1.50695E-1 1.49044E-1 1.47025E-1 1.4972E-1 1.50411E-1 1.52127E-1 1.50177E-1 1.49118E-1 1.47066E-1 1.55664E-1 1.57469E-1 1.55848E-1 1.43526E-1 1.41661E-1 1.50566E-1 1.56853E-1 1.57232E-1 1.52735E-1 1.41212E-1 1.3219E-1 1.25328E-1 1.24555E-1 1.23776E-1 1.23938E-1 1.19126E-1 1.28841E-1 1.48074E-1 1.53354E-1 1.17478E-1 1.29762E-1 1.36674E-1 1.59577E-1 1.75533E-1 1.712E-1 1.60169E-1 1.70184E-1 1.75695E-1
1.48123E-1 1.48285E-1 1.54048E-1 1.5289E-1 1.56484E-1 1.59889E-1 1.63161E-1 1.60735E-1 1.66958E-1 1.66912E-1 1.6289E-1 1.69149E-1 1.7118E-1 1.73019E-1 1.72822E-1 1.67953E-1 1.63521E-1 1.60219E-1 1.5965E-1 1.6264E-1 1.65503E-1 1.61437E-1 1.54399E-1 1.51352E-1 1.59276E-1 1.52923E-1 1.52248E-1 1.47426E-1 1.46048E-1 1.52472E-1 1.61684E-1 1.56614E-1 1.5331E-1 1.56128E-1 1.50858E-1 1.49998E-1 1.41028E-1 1.42797E-1 1.48151E-1 1.46173E-1 1.42195E-1 1.42181E-1 1.36036E-1 1.29432E-1 1.19665E-1 1.15428E-1 1.22443E-1 1.18248E-1 1.22514E-1 1.35488E-1 1.41464E-1 1.5497E-1 1.58654E-1 1.5123E-1 1.60358E-1 1.70825E-1 1.81012E-1 1.77778E-1 1.71416E-1 1.67165E-1 1.64473E-1
1.61025E-1 1.59245E-1 1.48727E-1 1.56137E-1 1.6111E-1 1.62723E-1 1.64421E-1 1.68832E-1 1.64069E-1 1.60611E-1 1.57387E-1 1.59024E-1 1.66654E-1 1.64076E-1 1.67545E-1 1.66033E-1 1.63962E-1 1.59849E-1 1.5825E-1 1.61336E-1 1.64274E-1 1.58486E-1 1.59904E-1 1.55938E-1 1.53488E-1 1.51413E-1 1.53574E-1 1.56665E-1 1.5555E-1 1.59127E-1 1.64903E-1 1.59742E-1 1.52033E-1 1.49062E-1 1.40959E-1 1.35056E-1 1.32394E-1 1.39717E-1 1.45874E-1 1.28296E-1 1.30912E-1 1.32953E-1 1.30244E-1 1.23782E-1 1.15596E-1 1.12326E-1 1.08622E-1 1.04116E-1 1.13488E-1 1.29565E-1 1.50275E-1 1.60099E-1 1.59874E-1 1.44296E-1 1.35451E-1 1.39204E-1 1.60911E-1 1.71229E-1 1.87094E-1 1.73413E-1 1.65203E-1
1.52075E-1 1.54329E-1 1.46235E-1 1.43667E-1 1.45844E-1 1.49972E-1 1.66369E-1 1.70111E-1 1.65022E-1 1.52339E-1 1.44912E-1 1.46596E-1 1.55373E-1 1.5977E-1 1.57829E-1 1.57026E-1 1.59738E-1 1.56028E-1 1.62247E-1 1.71443E-1 1.66376E-1 1.65109E-1 1.63876E-1 1.64121E-1 1.64904E-1 1.75444E-1 1.82145E-1 1.66665E-1 1.63938E-1 1.60134E-1 1.6344E-1 1.53658E-1 1.48681E-1 1.39544E-1 1.2566E-1 1.22887E-1 1.24468E-1 1.20743E-1 1.17006E-1 1.28673E-1 1.16446E-1 1.33079E-1 1.32695E-1 1.20051E-1 1.09757E-1 1.0771E-1 1.18E-1 1.13625E-1 1.21115E-1 1.39511E-1 1.53615E-1 1.54229E-1 1.36479E-1 1.29145E-1 1.33354E-1 1.50372E-1 1.52876E-1 1.59643E-1 1.61898E-1 1.60939E-1 1.65718E-1
1.46895E-1 1.48546E-1 1.3701E-1 1.33936E-1 1.34301E-1 1.37184E-1 1.46607E-1 1.59013E-1 1.58181E-1 1.42667E-1 1.37411E-1 1.41302E-1 1.51555E-1 1.59786E-1 1.57485E-1 1.60623E-1 1.64984E-1 1.62825E-1 1.64632E-1 1.64368E-1 1.60668E-1 1.60029E-1 1.6642E-1 1.69603E-1 1.64105E-1 1.62947E-1 1.61592E-1 1.56634E-1 1.52084E-1 1.46209E-1 1.49733E-1 1.48598E-1 1.38599E-1 1.31096E-1 1.26881E-1 1.20926E-1 1.2881E-1 1.33578E-1 1.39695E-1 1.41273E-1 1.50976E-1 1.41349E-1 1.38826E-1 1.26146E-1 1.19664E-1 1.13397E-1 1.037E-1 1.01109E-1 1.09518E-1 1.30222E-1 1.41504E-1 1.297E-1 1.23712E-1 1.15526E-1 1.42413E-1 1.52464E-1 1.54701E-1 1.57027E-1 1.58005E-1 1.66046E-1 1.72232E-1
1.49451E-1 1.40867E-1 1.3044E-1 1.31469E-1 1.34943E-1 1.36321E-1 1.39745E-1 1.5765E-1 1.51231E-1 1.41671E-1 1.41422E-1 1.44422E-1 1.54646E-1 1.62456E-1 1.64666E-1 1.67783E-1 1.65626E-1 1.60458E-1 1.59307E-1 1.5353E-1 1.53645E-1 1.56095E-1 1.67668E-1 1.79646E-1 1.80593E-1 1.62846E-1 1.47615E-1 1.37576E-1 1.2887E-1 1.27223E-1 1.30977E-1 1.37574E-1 1.23175E-1 1.23197E-1 1.28274E-1 1.34414E-1 1.40894E-1 1.51313E-1 1.57644E-1 1.65274E-1 1.71859E-1 1.65577E-1 1.50156E-1 1.3882E-1 1.12364E-1 1.03827E-1 8.61945E-2 9.66096E-2 1.08548E-1 1.21158E-1 1.28604E-1 1.35428E-1 1.39769E-1 1.36864E-1 1.44466E-1 1.5156E-1 1.60145E-1 1.71987E-1 1.75492E-1 1.85825E-1 1.86375E-1
1.46076E-1 1.40644E-1 1.34679E-1 1.42974E-1 1.45968E-1 1.44258E-1 1.45991E-1 1.63978E-1 1.48381E-1 1.44736E-1 1.46503E-1 1.50466E-1 1.59207E-1 1.61768E-1 1.67517E-1 1.71444E-1 1.71908E-1 1.67138E-1 1.5986E-1 1.57657E-1 1.5498E-1 1.63469E-1 1.69078E-1 1.63031E-1 1.60374E-1 1.55252E-1 1.33792E-1 1.27699E-1 1.20952E-1 1.17185E-1 1.19878E-1 1.37233E-1 1.46986E-1 1.44729E-1 1.46766E-1 1.56224E-1 1.66652E-1 1.75491E-1 1.80925E-1 1.77974E-1 1.66438E-1 1.76145E-1 1.61484E-1 1.21847E-1 1.09375E-1 9.67613E-2 8.95386E-2 9.37413E-2 1.03749E-1 1.23379E-1 1.35853E-1 1.42043E-1 1.44834E-1 1.4668E-1 1.58364E-1 1.68597E-1 1.79839E-1 1.88105E-1 1.89036E-1 1.93701E-1 1.93576E-1
1.50553E-1 1.45851E-1 1.42333E-1 1.53401E-1 1.53011E-1 1.49628E-1 1.49944E-1 1.56447E-1 1.60013E-1 1.44305E-1 1.45118E-1 1.47755E-1 1.59082E-1 1.68435E-1 1.75471E-1 1.92402E-1 1.94816E-1 1.71451E-1 1.61893E-1 1.55489E-1 1.60064E-1 1.60334E-1 1.55128E-1 1.53764E-1 1.4418E-1 1.27468E-1 1.23876E-1 1.24338E-1 1.18921E-1 1.12394E-1 1.23295E-1 1.69066E-1 1.72404E-1 1.61569E-1 1.65968E-1 1.90812E-1 1.99766E-1 1.90703E-1 1.89528E-1 1.78485E-1 1.69388E-1 1.59318E-1 1.38417E-1 1.1022E-1 1.02277E-1 9.33408E-2 9.24806E-2 1.07302E-1 1.29267E-1 1.32268E-1 1.43161E-1 1.52728E-1 1.63664E-1 1.75059E-1 1.87961E-1 2.00071E-1 1.92179E-1 1.94888E-1 1.9518E-1 1.94124E-1 1.90713E-1
1.66125E-1 1.58624E-1 1.58127E-1 1.60424E-1 1.56328E-1 1.47774E-1 1.47811E-1 1.52416E-1 1.67701E-1 1.50479E-1 1.47402E-1 1.44546E-1 1.5149E-1 1.58543E-1 1.80695E-1 2.00501E-1 1.95501E-1 1.62394E-1 1.50518E-1 1.46597E-1 1.53376E-1 1.60955E-1 1.47857E-1 1.43513E-1 1.21709E-1 1.13891E-1 1.16033E-1 1.20331E-1 1.30448E-1 1.28802E-1 1.63297E-1 1.79126E-1 1.78615E-1 1.80779E-1 1.84332E-1 1.98455E-1 2.12813E-1 2.05629E-1 1.96383E-1 1.71743E-1 1.39431E-1 1.31412E-1 1.02893E-1 8.40805E-2 8.81145E-2 1.07932E-1 1.19614E-1 1.31879E-1 1.30934E-1 1.28929E-1 1.44408E-1 1.62502E-1 1.79375E-1 1.93771E-1 2.14262E-1 2.0323E-1 2.10408E-1 2.10749E-1 2.03693E-1 2.07894E-1 2.0236E-1
