maxent_outputs/hummingbirds/hummingbird_2.asc
ncols         426
nrows         180
xllcorner     -130.0
yllcorner     24.0
cellsize      0.16666666666666666
NODATA_value  -9999
[rows 135 to 161 of 180, columns 122 to 182 of 426]
2.27934E-1 2.47937E-1 2.43669E-1 2.27462E-1 1.66619E-1 1.82011E-1 2.09939E-1 2.11361E-1 2.25852E-1 2.2292E-1 2.29962E-1 2.38948E-1 2.47333E-1 2.31697E-1 2.27109E-1 2.1847E-1 2.05391E-1 1.9975E-1 1.97068E-1 1.8849E-1 2.09782E-1 2.20663E-1 2.00183E-1 1.96194E-1 1.81691E-1 1.80427E-1 1.87371E-1 1.85388E-1 2.09113E-1 2.3322E-1 2.20952E-1 2.23366E-1 2.40785E-1 2.5708E-1 2.66649E-1 2.81073E-1 2.84002E-1 2.84078E-1 2.89074E-1 2.90107E-1 2.9394E-1 3.07402E-1 3.28225E-1 3.52425E-1 3.51722E-1 3.37749E-1 3.28532E-1 3.25695E-1 3.22208E-1 3.25349E-1 3.29598E-1 3.41661E-1 3.51566E-1 3.54948E-1 3.68359E-1 3.75745E-1 3.68654E-1 3.62085E-1 3.6636E-1 3.64997E-1 3.73647E-1
2.51571E-1 2.68086E-1 2.85694E-1 2.62054E-1 2.0859E-1 1.81263E-1 2.12559E-1 2.11832E-1 2.20871E-1 2.30605E-1 2.26654E-1 2.21318E-1 2.58809E-1 2.61878E-1 2.57856E-1 2.38554E-1 2.14397E-1 2.05813E-1 1.93364E-1 1.77081E-1 1.9307E-1 2.12281E-1 2.31801E-1 2.1479E-1 2.09731E-1 1.93355E-1 1.91582E-1 1.83067E-1 2.07389E-1 2.49684E-1 2.36636E-1 2.33488E-1 2.56716E-1 2.66603E-1 2.81291E-1 2.91968E-1 2.9149E-1 2.87562E-1 2.88169E-1 2.94474E-1 2.98439E-1 3.22564E-1 3.40156E-1 3.65962E-1 3.65171E-1 3.55268E-1 3.5327E-1 3.41722E-1 3.3295E-1 3.31615E-1 3.29477E-1 3.33315E-1 3.43836E-1 3.61059E-1 3.73701E-1 3.72655E-1 3.62022E-1 3.62235E-1 3.47204E-1 3.48409E-1 3.64112E-1
2.73127E-1 3.09305E-1 3.12691E-1 2.40628E-1 1.73784E-1 2.07438E-1 2.16887E-1 2.21894E-1 2.32199E-1 2.34616E-1 2.29925E-1 2.23758E-1 2.58684E-1 2.74087E-1 2.66257E-1 2.57724E-1 2.26681E-1 2.186E-1 2.17507E-1 2.07665E-1 1.9835E-1 1.95967E-1 2.03656E-1 2.34075E-1 2.46811E-1 2.25433E-1 2.09056E-1 2.15628E-1 2.43177E-1 2.53653E-1 2.46959E-1 2.2567E-1 2.46713E-1 2.64216E-1 2.89605E-1 2.96343E-1 2.98198E-1 2.90787E-1 2.90285E-1 2.98887E-1 3.0838E-1 3.30845E-1 3.5888E-1 3.77625E-1 3.91366E-1 3.78906E-1 3.56087E-1 3.43841E-1 3.28018E-1 3.29761E-1 3.22134E-1 3.30116E-1 3.33875E-1 3.52449E-1 3.55107E-1 3.53303E-1 3.47719E-1 3.48585E-1 3.39433E-1 3.40694E-1 3.50379E-1
2.67638E-1 2.93453E-1 3.41203E-1 2.55138E-1 2.23516E-1 2.16922E-1 2.10448E-1 2.13212E-1 2.28177E-1 2.39026E-1 2.39428E-1 2.0646E-1 2.38454E-1 2.62594E-1 2.63278E-1 2.56695E-1 2.30811E-1 2.25101E-1 2.42855E-1 2.32317E-1 2.19011E-1 2.02376E-1 1.90364E-1 2.14476E-1 2.54149E-1 2.77828E-1 2.70046E-1 2.3961E-1 2.43922E-1 2.60048E-1 2.5005E-1 2.43459E-1 2.23292E-1 2.41295E-1 2.97814E-1 3.09576E-1 3.06193E-1 2.93169E-1 2.94488E-1 2.96203E-1 3.1612E-1 3.35371E-1 3.59248E-1 3.85516E-1 3.99454E-1 3.9098E-1 3.999E-1 3.63372E-1 3.49129E-1 3.47506E-1 3.2753E-1 3.25667E-1 3.32285E-1 3.35835E-1 3.51285E-1 3.54925E-1 3.55845E-1 3.57787E-1 3.5651E-1 3.54608E-1 3.54734E-1
2.62397E-1 3.41587E-1 3.40478E-1 3.34182E-1 2.48162E-1 2.23534E-1 2.20129E-1 2.21794E-1 2.18435E-1 2.22571E-1 2.20459E-1 2.02888E-1 2.24009E-1 2.39702E-1 2.49509E-1 2.60258E-1 2.13813E-1 2.38058E-1 2.28521E-1 2.2785E-1 2.29112E-1 2.11919E-1 2.01626E-1 2.017E-1 2.04267E-1 2.57311E-1 3.00483E-1 3.09636E-1 2.84317E-1 2.47337E-1 2.30946E-1 2.46975E-1 2.10864E-1 2.07174E-1 2.48094E-1 2.6779E-1 2.93167E-1 2.93157E-1 2.91837E-1 3.00762E-1 3.03022E-1 3.24727E-1 3.45852E-1 3.48916E-1 3.55494E-1 3.73807E-1 3.98676E-1 4.02841E-1 3.83135E-1 3.67778E-1 3.57404E-1 3.5435E-1 3.6575E-1 3.65918E-1 3.62439E-1 3.67812E-1 3.74601E-1 3.67902E-1 3.575E-1 3.59619E-1 3.69626E-1
2.75341E-1 3.89126E-1 2.99271E-1 2.77449E-1 3.16036E-1 2.33085E-1 1.69766E-1 1.90162E-1 2.00254E-1 2.07275E-1 2.17021E-1 1.99718E-1 2.15928E-1 2.52311E-1 2.47507E-1 2.51003E-1 2.55585E-1 2.41778E-1 2.34392E-1 2.48619E-1 2.39774E-1 2.33479E-1 2.2934E-1 2.32965E-1 2.1969E-1 2.3039E-1 2.76345E-1 2.84553E-1 3.15823E-1 2.81291E-1 2.11189E-1 2.17692E-1 2.24546E-1 2.04597E-1 2.27288E-1 2.56801E-1 2.77368E-1 2.99207E-1 2.95402E-1 2.97072E-1 2.99374E-1 3.18209E-1 3.33349E-1 3.55409E-1 3.75607E-1 3.93216E-1 4.00607E-1 4.17023E-1 4.00957E-1 3.84072E-1 3.75159E-1 3.89578E-1 3.97384E-1 3.95384E-1 3.92564E-1 3.76325E-1 3.80605E-1 3.79064E-1 3.75556E-1 3.80681E-1 3.9657E-1
3.13003E-1 4.23606E-1 3.64361E-1 2.6421E-1 3.38766E-1 2.6978E-1 1.73142E-1 1.40442E-1 1.67486E-1 2.02638E-1 2.17565E-1 2.14797E-1 2.36781E-1 2.59994E-1 2.54999E-1 2.48129E-1 2.51139E-1 2.36428E-1 2.4292E-1 2.43647E-1 2.36119E-1 2.25336E-1 2.21459E-1 2.34903E-1 2.45204E-1 2.45096E-1 2.70711E-1 2.67296E-1 3.11559E-1 3.19748E-1 2.22536E-1 2.04775E-1 2.29742E-1 2.12494E-1 2.27493E-1 2.61312E-1 2.74923E-1 2.86218E-1 2.74554E-1 2.61485E-1 2.8586E-1 3.15997E-1 3.33884E-1 3.61909E-1 3.84208E-1 4.03394E-1 4.23039E-1 4.36589E-1 4.24241E-1 4.10631E-1 4.09278E-1 4.10862E-1 4.31637E-1 4.20518E-1 4.11539E-1 4.03491E-1 3.97948E-1 3.90874E-1 3.85757E-1 3.82757E-1 3.7219E-1
3.25621E-1 4.23012E-1 4.13587E-1 3.00817E-1 3.22114E-1 2.4504E-1 1.43166E-1 1.15948E-1 1.43287E-1 1.88153E-1 2.04639E-1 2.27938E-1 2.45565E-1 2.60667E-1 2.54776E-1 2.46129E-1 2.51908E-1 2.4021E-1 2.27607E-1 2.23037E-1 2.12753E-1 2.15249E-1 2.30561E-1 2.51408E-1 2.53133E-1 2.55692E-1 2.8435E-1 2.68364E-1 2.87748E-1 3.30753E-1 2.91695E-1 2.19123E-1 2.19189E-1 2.27424E-1 2.32021E-1 2.41579E-1 2.53182E-1 2.73928E-1 2.79764E-1 2.83885E-1 2.9139E-1 3.17704E-1 3.55378E-1 3.87607E-1 4.16942E-1 4.36092E-1 4.41105E-1 4.45811E-1 4.46693E-1 4.37378E-1 4.49709E-1 4.55699E-1 4.59408E-1 4.50471E-1 4.25842E-1 4.13496E-1 4.06826E-1 3.98075E-1 3.8782E-1 3.748E-1 3.6701E-1
3.44356E-1 4.43783E-1 4.63358E-1 3.04939E-1 2.48375E-1 2.28983E-1 1.73303E-1 1.29008E-1 1.26064E-1 1.61508E-1 1.67774E-1 2.27214E-1 2.37794E-1 2.49851E-1 2.57383E-1 2.44025E-1 2.50395E-1 2.25993E-1 2.01348E-1 2.02554E-1 2.01478E-1 2.30849E-1 2.43438E-1 2.53142E-1 2.73654E-1 2.6395E-1 2.83094E-1 2.77557E-1 2.81204E-1 3.39761E-1 3.14806E-1 2.34408E-1 2.30296E-1 2.5578E-1 2.5157E-1 2.54373E-1 2.75068E-1 3.09321E-1 3.34031E-1 3.39399E-1 3.46979E-1 3.79652E-1 4.20232E-1 4.47841E-1 4.56421E-1 4.55868E-1 4.64641E-1 4.50251E-1 4.75631E-1 4.7932E-1 4.85709E-1 5.0026E-1 4.92957E-1 4.85737E-1 4.59206E-1 4.34581E-1 4.14514E-1 3.99536E-1 3.84338E-1 3.66199E-1 3.60472E-1
3.83079E-1 4.34137E-1 4.56479E-1 3.71673E-1 2.6936E-1 2.0219E-1 1.94384E-1 1.13009E-1 9.56173E-2 1.44861E-1 1.35851E-1 1.3805E-1 2.32485E-1 2.39146E-1 2.35066E-1 2.52289E-1 2.3959E-1 2.3916E-1 2.1249E-1 1.83635E-1 2.07221E-1 2.21688E-1 2.43814E-1 2.66352E-1 2.84541E-1 2.57563E-1 2.41755E-1 2.65403E-1 2.7006E-1 3.39672E-1 3.51217E-1 2.70548E-1 2.66622E-1 2.91207E-1 3.01818E-1 3.07332E-1 3.03657E-1 3.20517E-1 3.69542E-1 3.61995E-1 3.94895E-1 4.25674E-1 4.69061E-1 5.03582E-1 5.22962E-1 4.99272E-1 4.97363E-1 4.96616E-1 5.023E-1 5.32292E-1 5.32183E-1 5.51532E-1 5.49365E-1 5.20053E-1 4.79085E-1 4.59705E-1 4.28105E-1 4.31163E-1 4.15944E-1 3.91755E-1 3.62055E-1
4.46908E-1 4.24609E-1 4.99659E-1 4.20975E-1 3.75202E-1 2.01844E-1 1.81414E-1 1.22957E-1 9.45807E-2 1.20542E-1 1.23315E-1 1.09797E-1 1.50782E-1 2.17288E-1 1.78195E-1 2.24834E-1 2.04376E-1 2.2628E-1 2.11217E-1 1.85072E-1 2.1762E-1 2.32042E-1 2.61571E-1 2.80987E-1 2.88709E-1 2.55222E-1 2.24427E-1 2.78689E-1 3.0394E-1 3.30973E-1 3.97442E-1 3.76885E-1 3.38303E-1 3.37493E-1 3.18463E-1 3.18343E-1 3.20337E-1 3.41926E-1 3.85389E-1 4.31935E-1 4.44422E-1 4.75452E-1 5.25591E-1 5.34687E-1 5.31767E-1 5.41806E-1 5.40591E-1 5.4518E-1 5.44835E-1 5.6942E-1 5.67414E-1 5.71279E-1 5.80254E-1 5.43964E-1 5.13038E-1 4.83705E-1 4.54453E-1 4.71838E-1 4.41609E-1 4.36144E-1 4.20507E-1
4.75112E-1 4.38496E-1 4.86577E-1 4.56169E-1 4.31205E-1 3.64438E-1 2.12179E-1 1.16021E-1 1.23096E-1 9.45867E-2 9.32819E-2 1.01063E-1 1.09127E-1 1.89447E-1 1.49176E-1 1.99789E-1 1.58152E-1 1.65153E-1 2.02146E-1 2.15749E-1 2.33185E-1 2.625E-1 2.86886E-1 3.06963E-1 2.94921E-1 2.44741E-1 2.4773E-1 3.03364E-1 3.55966E-1 3.52486E-1 3.84025E-1 4.13137E-1 4.21888E-1 3.65988E-1 3.12513E-1 3.37179E-1 3.62282E-1 3.71273E-1 4.15637E-1 4.31765E-1 5.00791E-1 5.34771E-1 4.69259E-1 4.80557E-1 5.08082E-1 5.17792E-1 5.18608E-1 5.38894E-1 5.39155E-1 5.76593E-1 6.17295E-1 6.12483E-1 6.19663E-1 5.9164E-1 5.69696E-1 5.20097E-1 4.99886E-1 4.95054E-1 4.79268E-1 4.68592E-1 4.71088E-1
5.00163E-1 4.32002E-1 5.17543E-1 4.9773E-1 5.03021E-1 4.09197E-1 2.53909E-1 2.00042E-1 1.45939E-1 9.64503E-2 9.28288E-2 8.95556E-2 9.93198E-2 1.79061E-1 1.55458E-1 1.78074E-1 1.58981E-1 1.36345E-1 1.73904E-1 2.39306E-1 2.52563E-1 2.89372E-1 3.02027E-1 3.14232E-1 2.95876E-1 2.50399E-1 2.67815E-1 3.07926E-1 3.63473E-1 3.26059E-1 3.37238E-1 3.89844E-1 4.18266E-1 4.0449E-1 3.5354E-1 3.67403E-1 4.28951E-1 4.01955E-1 4.02526E-1 4.27239E-1 4.56894E-1 5.30934E-1 4.55665E-1 4.5925E-1 4.67378E-1 5.07917E-1 5.33789E-1 5.3506E-1 5.42544E-1 5.69248E-1 6.04094E-1 6.29185E-1 6.53072E-1 6.26298E-1 5.92735E-1 5.70386E-1 5.37657E-1 5.31544E-1 5.17444E-1 5.18496E-1 5.23615E-1
5.52467E-1 4.88222E-1 5.35378E-1 4.60384E-1 4.69195E-1 3.52894E-1 3.16763E-1 1.77157E-1 1.35492E-1 1.04551E-1 9.60978E-2 9.60459E-2 9.83866E-2 1.69274E-1 1.5734E-1 1.74199E-1 1.70813E-1 1.51118E-1 1.48449E-1 2.25971E-1 2.49344E-1 2.99495E-1 3.11885E-1 3.05439E-1 2.94451E-1 2.77815E-1 3.03817E-1 3.45063E-1 3.39379E-1 3.03999E-1 2.89167E-1 3.52168E-1 3.69645E-1 3.44967E-1 4.18857E-1 4.70363E-1 4.83746E-1 4.30106E-1 3.60494E-1 5.10623E-1 5.12457E-1 3.89793E-1 4.01337E-1 4.36616E-1 4.32782E-1 4.63905E-1 5.25158E-1 5.42673E-1 5.48558E-1 5.5967E-1 5.79232E-1 6.2314E-1 6.55667E-1 6.46042E-1 6.05423E-1 5.93604E-1 5.81471E-1 5.62089E-1 5.61238E-1 5.42236E-1 5.45955E-1
5.44877E-1 5.66392E-1 5.3809E-1 4.4405E-1 3.74162E-1 4.41867E-1 3.23252E-1 1.9791E-1 1.73427E-1 1.14322E-1 1.23202E-1 1.13149E-1 1.3135E-1 1.6901E-1 1.48192E-1 1.58935E-1 1.60433E-1 1.52763E-1 1.49771E-1 2.31019E-1 2.48201E-1 2.7592E-1 3.15194E-1 3.09698E-1 2.88608E-1 2.82857E-1 3.33653E-1 3.40865E-1 3.03092E-1 2.88933E-1 2.98506E-1 3.23141E-1 2.91894E-1 2.67736E-1 3.71984E-1 4.5324E-1 4.36335E-1 5.1003E-1 5.0672E-1 5.1326E-1 4.98735E-1 3.62176E-1 2.95221E-1 4.04998E-1 3.6859E-1 3.19603E-1 4.53644E-1 5.30404E-1 5.59275E-1 5.74691E-1 5.88482E-1 6.13288E-1 6.40233E-1 6.32391E-1 6.17224E-1 6.15066E-1 6.2477E-1 6.13774E-1 6.05697E-1 5.9251E-1 5.85347E-1
5.82478E-1 5.04201E-1 5.03981E-1 4.59344E-1 3.55215E-1 4.4518E-1 3.15575E-1 2.34865E-1 1.33991E-1 1.45155E-1 1.34251E-1 1.328E-1 1.45145E-1 1.66634E-1 1.45639E-1 1.50249E-1 1.44485E-1 1.31964E-1 1.30878E-1 2.07499E-1 2.63372E-1 2.86578E-1 3.40258E-1 3.18232E-1 3.24705E-1 3.34951E-1 3.47114E-1 3.08537E-1 3.0411E-1 2.94846E-1 3.04163E-1 3.05884E-1 2.5954E-1 2.60955E-1 3.3494E-1 3.74671E-1 4.24378E-1 4.80733E-1 5.15697E-1 4.38981E-1 4.35408E-1 4.16784E-1 2.86423E-1 3.39557E-1 3.44789E-1 3.34688E-1 4.23943E-1 4.52924E-1 5.19428E-1 5.59834E-1 5.86266E-1 6.01833E-1 6.20313E-1 6.35888E-1 6.37241E-1 6.39316E-1 6.45938E-1 6.59501E-1 6.50245E-1 6.43469E-1 6.24777E-1
6.86586E-1 4.9892E-1 4.53588E-1 4.29608E-1 2.99137E-1 3.5711E-1 2.58616E-1 2.11424E-1 1.11414E-1 1.63739E-1 1.56295E-1 1.33423E-1 1.36098E-1 1.32361E-1 1.59214E-1 1.6838E-1 1.72458E-1 1.46108E-1 1.42634E-1 1.80625E-1 2.57453E-1 3.27354E-1 3.49047E-1 3.44548E-1 3.56349E-1 3.43792E-1 2.98967E-1 2.83413E-1 3.14973E-1 3.18756E-1 3.18857E-1 3.1372E-1 2.96881E-1 2.67386E-1 2.83805E-1 2.95226E-1 3.49671E-1 4.38069E-1 4.58513E-1 4.40102E-1 4.08522E-1 3.72675E-1 3.37577E-1 3.5068E-1 3.99005E-1 3.77687E-1 4.47224E-1 4.70367E-1 4.90957E-1 5.52718E-1 5.82417E-1 5.96707E-1 6.15235E-1 6.27671E-1 6.47897E-1 6.49952E-1 6.68972E-1 6.83911E-1 6.91998E-1 6.80397E-1 6.5748E-1
7.59943E-1 5.97145E-1 4.29245E-1 4.18861E-1 2.83586E-1 3.1818E-1 2.097E-1 1.94462E-1 1.18217E-1 1.13796E-1 1.48991E-1 1.2694E-1 1.31595E-1 1.45207E-1 1.35104E-1 1.43747E-1 1.68592E-1 1.74434E-1 1.84189E-1 1.7082E-1 2.41199E-1 3.07999E-1 2.87058E-1 3.39676E-1 3.49443E-1 3.50454E-1 3.04453E-1 2.8324E-1 2.98415E-1 3.10371E-1 2.98591E-1 2.94417E-1 2.97142E-1 2.91909E-1 2.87232E-1 2.78643E-1 2.88266E-1 3.65577E-1 4.18276E-1 4.16681E-1 4.1431E-1 3.75634E-1 2.87263E-1 2.90961E-1 3.37936E-1 4.60336E-1 4.97682E-1 4.99806E-1 4.83599E-1 5.04358E-1 5.58514E-1 5.92087E-1 6.15943E-1 6.29347E-1 6.41561E-1 6.76057E-1 6.79353E-1 6.82356E-1 6.92292E-1 6.78485E-1 6.68584E-1
7.82336E-1 6.4242E-1 5.7868E-1 3.76745E-1 2.47101E-1 2.98793E-1 2.37068E-1 1.8565E-1 1.35269E-1 1.08546E-1 1.24831E-1 1.36918E-1 1.23084E-1 1.39816E-1 1.35731E-1 1.34347E-1 1.55326E-1 1.76851E-1 1.83608E-1 2.3339E-1 2.35667E-1 2.27102E-1 2.98976E-1 3.43876E-1 3.58764E-1 3.59694E-1 3.42646E-1 3.27463E-1 2.93055E-1 2.80042E-1 2.7951E-1 2.96353E-1 2.95158E-1 3.1064E-1 3.13613E-1 2.93457E-1 3.10154E-1 3.49575E-1 3.77407E-1 3.49301E-1 4.03125E-1 4.08176E-1 2.92951E-1 2.85052E-1 3.04981E-1 3.60115E-1 4.86854E-1 5.14558E-1 5.22942E-1 5.16276E-1 5.42251E-1 5.84157E-1 6.02483E-1 6.30611E-1 6.52568E-1 6.85674E-1 7.01538E-1 6.80495E-1 6.71295E-1 6.677E-1 6.4967E-1
7.78951E-1 7.34922E-1 6.62076E-1 3.53351E-1 3.10218E-1 2.67328E-1 3.57016E-1 2.69435E-1 1.33659E-1 1.07354E-1 1.09277E-1 1.05238E-1 1.04165E-1 1.34215E-1 1.23469E-1 1.33439E-1 1.45221E-1 1.9879E-1 2.30995E-1 2.37268E-1 2.67891E-1 2.56892E-1 3.11666E-1 3.37036E-1 3.85562E-1 3.81617E-1 3.8784E-1 3.39382E-1 3.54205E-1 3.02269E-1 2.97127E-1 3.01998E-1 3.06482E-1 3.16418E-1 3.18599E-1 2.9932E-1 3.01348E-1 3.25176E-1 3.62208E-1 2.73736E-1 3.65695E-1 3.69866E-1 3.50943E-1 2.9212E-1 3.27823E-1 3.59829E-1 4.77142E-1 5.27138E-1 5.44222E-1 5.64111E-1 5.74713E-1 5.88087E-1 6.03539E-1 6.37027E-1 6.71847E-1 7.11276E-1 7.14819E-1 6.89328E-1 6.74115E-1 6.58255E-1 6.31078E-1
7.99851E-1 7.30297E-1 6.55773E-1 4.26484E-1 3.78034E-1 4.72324E-1 4.64585E-1 4.46015E-1 2.06948E-1 1.28297E-1 1.08299E-1 9.60102E-2 9.62179E-2 1.09071E-1 1.15616E-1 1.32125E-1 1.42103E-1 1.97055E-1 2.21832E-1 2.49679E-1 2.88287E-1 2.916E-1 3.2613E-1 3.79827E-1 3.86806E-1 3.73668E-1 3.86987E-1 3.60217E-1 3.64688E-1 3.42993E-1 3.36842E-1 3.29058E-1 3.37352E-1 3.43547E-1 3.39786E-1 3.28251E-1 3.28331E-1 3.47848E-1 3.79925E-1 3.18606E-1 3.08139E-1 3.33993E-1 3.3785E-1 3.30365E-1 3.43752E-1 4.21476E-1 5.0747E-1 5.53026E-1 5.74918E-1 6.01619E-1 6.18299E-1 6.26987E-1 6.20028E-1 6.56865E-1 7.16847E-1 7.10954E-1 7.17779E-1 7.05232E-1 6.892E-1 6.62866E-1 6.29516E-1
7.91668E-1 7.0761E-1 6.62255E-1 5.53156E-1 5.06915E-1 6.59236E-1 4.90088E-1 4.59232E-1 2.72059E-1 2.1797E-1 1.46717E-1 1.02418E-1 9.64101E-2 9.56957E-2 1.21929E-1 1.53062E-1 1.58397E-1 2.33704E-1 2.33692E-1 2.66102E-1 2.95773E-1 3.26792E-1 3.6356E-1 3.5709E-1 3.52242E-1 3.61686E-1 3.8328E-1 3.7748E-1 3.63903E-1 3.52275E-1 3.40545E-1 3.38856E-1 2.98523E-1 3.47741E-1 3.40584E-1 3.36221E-1 3.42992E-1 3.8152E-1 4.13816E-1 3.96904E-1 3.81617E-1 3.23779E-1 3.5018E-1 3.34879E-1 3.37892E-1 3.95164E-1 3.91695E-1 5.24626E-1 6.21581E-1 6.65637E-1 6.77217E-1 6.67078E-1 6.73514E-1 6.66775E-1 7.32274E-1 7.23028E-1 7.11422E-1 7.05541E-1 7.00163E-1 6.71249E-1 6.51421E-1
7.79506E-1 7.30267E-1 7.21711E-1 6.79062E-1 6.64999E-1 6.57934E-1 3.65864E-1 3.93767E-1 3.36591E-1 2.969E-1 1.89673E-1 1.19015E-1 1.15993E-1 1.1746E-1 1.37572E-1 1.66111E-1 1.33531E-1 1.95933E-1 2.3143E-1 2.32796E-1 3.00314E-1 3.06415E-1 3.14197E-1 3.39082E-1 3.44589E-1 3.3445E-1 3.68549E-1 3.79167E-1 3.3845E-1 3.43204E-1 3.33802E-1 3.31676E-1 2.99044E-1 3.37368E-1 3.45944E-1 3.57188E-1 3.61347E-1 3.98741E-1 4.02956E-1 4.0279E-1 4.07527E-1 3.17529E-1 3.35855E-1 3.66794E-1 3.37172E-1 3.78094E-1 4.3655E-1 4.9678E-1 5.47492E-1 6.43443E-1 6.79274E-1 6.80134E-1 6.82644E-1 7.00245E-1 7.166E-1 7.12482E-1 7.21984E-1 7.11284E-1 7.05615E-1 6.98508E-1 6.85682E-1
8.26994E-1 7.83697E-1 7.7124E-1 7.25761E-1 7.92242E-1 6.38616E-1 5.53779E-1 6.37113E-1 3.63502E-1 2.2579E-1 2.18516E-1 2.23998E-1 1.51497E-1 1.43132E-1 1.64654E-1 1.70245E-1 1.82554E-1 2.28734E-1 2.49545E-1 2.48287E-1 2.85474E-1 2.89148E-1 3.6189E-1 3.7788E-1 3.96864E-1 3.91382E-1 3.42934E-1 3.49814E-1 3.48014E-1 3.50589E-1 3.03549E-1 3.12896E-1 3.48218E-1 3.57283E-1 3.56101E-1 3.92557E-1 3.85731E-1 3.92087E-1 4.02636E-1 4.03285E-1 4.13814E-1 2.99908E-1 2.96626E-1 3.71291E-1 3.54939E-1 3.80709E-1 4.5336E-1 5.54212E-1 5.98893E-1 6.53575E-1 6.74035E-1 6.84101E-1 6.79594E-1 6.87604E-1 6.92377E-1 7.05701E-1 7.04222E-1 6.99179E-1 6.81236E-1 6.95155E-1 7.23679E-1
8.6835E-1 8.36616E-1 8.33575E-1 8.30572E-1 8.53964E-1 7.63472E-1 6.65078E-1 6.74861E-1 5.07344E-1 3.55152E-1 2.47651E-1 3.1054E-1 2.28533E-1 1.87153E-1 1.52782E-1 1.3881E-1 1.70005E-1 2.38256E-1 2.12917E-1 2.89136E-1 3.40043E-1 3.53906E-1 3.64315E-1 3.49418E-1 3.55267E-1 3.59378E-1 3.29615E-1 3.30369E-1 3.48668E-1 3.28523E-1 3.1474E-1 3.09616E-1 3.62761E-1 3.59301E-1 4.15842E-1 4.16051E-1 4.22476E-1 4.32008E-1 4.31043E-1 4.1766E-1 4.1911E-1 3.46337E-1 2.71241E-1 3.92909E-1 4.26006E-1 4.19519E-1 3.97812E-1 5.58037E-1 6.48295E-1 6.64703E-1 6.76584E-1 6.81804E-1 6.79868E-1 6.98395E-1 7.2302E-1 7.26406E-1 7.08566E-1 7.01559E-1 6.79744E-1 6.86488E-1 7.11873E-1
8.82491E-1 8.89214E-1 9.00659E-1 9.12316E-1 8.92247E-1 7.3314E-1 5.42813E-1 6.67276E-1 4.81114E-1 3.26129E-1 4.9498E-1 3.51866E-1 2.24257E-1 1.74376E-1 1.70049E-1 1.51673E-1 1.61618E-1 2.00911E-1 1.71326E-1 2.89936E-1 3.1414E-1 3.05773E-1 3.30932E-1 2.82155E-1 2.84862E-1 3.05059E-1 3.32173E-1 3.22452E-1 3.24291E-1 3.32616E-1 2.99346E-1 3.25172E-1 3.47314E-1 3.04601E-1 4.16103E-1 3.97301E-1 4.51102E-1 4.54471E-1 4.35144E-1 4.52473E-1 4.46168E-1 3.79563E-1 3.10179E-1 4.09387E-1 4.64968E-1 3.9399E-1 4.10874E-1 5.85795E-1 6.62558E-1 6.87105E-1 7.03123E-1 6.76947E-1 6.65922E-1 6.96382E-1 7.389E-1 7.49592E-1 7.25409E-1 7.0616E-1 7.08064E-1 7.12749E-1 7.13253E-1
8.92745E-1 9.07202E-1 9.16746E-1 8.91916E-1 8.78592E-1 7.92991E-1 6.79763E-1 7.25009E-1 6.23838E-1 4.96361E-1 5.96622E-1 5.99159E-1 3.35959E-1 2.20025E-1 1.54884E-1 1.50309E-1 1.51521E-1 1.67111E-1 1.72096E-1 2.7689E-1 2.95538E-1 2.57693E-1 2.9464E-1 2.78275E-1 2.7975E-1 2.96058E-1 3.34421E-1 3.30766E-1 3.26033E-1 3.21152E-1 3.19043E-1 3.48825E-1 3.56697E-1 4.00583E-1 4.34644E-1 4.60071E-1 4.69361E-1 4.51052E-1 4.32724E-1 4.46529E-1 4.38511E-1 3.94101E-1 3.06432E-1 3.1157E-1 4.23759E-1 4.8135E-1 4.84744E-1 6.18521E-1 6.61795E-1 6.76729E-1 6.96286E-1 6.49083E-1 6.31736E-1 6.71419E-1 7.43028E-1 7.35254E-1 7.25048E-1 7.24893E-1 7.3022E-1 7.27899E-1 7.31113E-1
